token,exchange_timestamp,ltp,last_traded_quantity,avg_trade_price,volume,total_buy_qty,total_sell_qty,open,high,low,close,open_interest,upper_circuit,lower_circuit,52wk_high,52wk_low,buy_price_1,buy_qty_1,buy_orders_1,buy_price_2,buy_qty_2,buy_orders_2,buy_price_3,buy_qty_3,buy_orders_3,buy_price_4,buy_qty_4,buy_orders_4,buy_price_5,buy_qty_5,buy_orders_5,sell_price_1,sell_qty_1,sell_orders_1,sell_price_2,sell_qty_2,sell_orders_2,sell_price_3,sell_qty_3,sell_orders_3,sell_price_4,sell_qty_4,sell_orders_4,sell_price_5,sell_qty_5,sell_orders_5
317,2025-11-26 09:15:07+05:30,984.7,30,986.14,58723,79703.0,134387.0,986.2,988.9,984.7,986.2,117437250,1084.8,887.6,1102.5,649.1,984.8,36,1,984.7,1963,6,984.6,752,2,984.5,541,12,984.4,456,2,986.0,41,3,986.1,515,3,986.2,417,4,986.3,38,1,986.4,270,3
317,2025-11-26 09:15:08+05:30,985.7,10,986.07,62605,80132.0,136200.0,986.2,988.9,984.7,986.2,117437250,1084.8,887.6,1102.5,649.1,984.8,10,1,984.7,25,1,984.6,2,1,984.5,1945,14,984.4,283,2,985.7,16,2,985.8,555,2,985.9,284,3,986.0,552,6,986.1,42,3
317,2025-11-26 09:15:08+05:30,985.5,1,986.07,62605,80132.0,136200.0,986.2,988.9,984.7,986.2,117437250,1084.8,887.6,1102.5,649.1,984.8,10,1,984.7,25,1,984.6,2,1,984.5,1945,14,984.4,283,2,985.7,16,2,985.8,555,2,985.9,284,3,986.0,552,6,986.1,42,3
317,2025-11-26 09:15:09+05:30,984.8,1,986.0,65584,94104.0,153677.0,986.2,988.9,984.2,986.2,117437250,1084.8,887.6,1102.5,649.1,984.1,25,1,984.0,420,10,983.9,1577,6,983.7,228,1,983.6,29,1,984.8,56,1,984.9,54,1,985.0,96,3,985.1,1244,4,985.2,282,2
317,2025-11-26 09:15:09+05:30,984.1,44,986.0,65584,94104.0,153677.0,986.2,988.9,984.2,986.2,117437250,1084.8,887.6,1102.5,649.1,984.1,25,1,984.0,420,10,983.9,1577,6,983.7,228,1,983.6,29,1,984.8,56,1,984.9,54,1,985.0,96,3,985.1,1244,4,985.2,282,2
317,2025-11-26 09:15:10+05:30,983.3,2,985.83,70713,100179.0,160680.0,986.2,988.9,983.3,986.2,117437250,1084.8,887.6,1102.5,649.1,983.2,1501,3,983.1,1,1,983.0,39,5,982.9,55,1,982.8,2504,8,984.1,1862,3,984.2,591,3,984.3,56,2,984.4,603,2,984.5,104,2
317,2025-11-26 09:15:10+05:30,983.9,44,985.83,70713,100179.0,160680.0,986.2,988.9,983.3,986.2,117437250,1084.8,887.6,1102.5,649.1,983.2,1501,3,983.1,1,1,983.0,39,5,982.9,55,1,982.8,2504,8,984.1,1862,3,984.2,591,3,984.3,56,2,984.4,603,2,984.5,104,2
317,2025-11-26 09:15:11+05:30,984.0,551,985.63,77501,101430.0,162904.0,986.2,988.9,982.9,986.2,117437250,1084.8,887.6,1102.5,649.1,983.2,445,2,983.1,642,3,983.0,500,1,982.9,95,1,982.8,1824,6,983.9,63,1,984.0,1057,5,984.1,2053,5,984.2,107,2,984.3,39,1
317,2025-11-26 09:15:11+05:30,983.5,19,985.63,77501,101430.0,162904.0,986.2,988.9,982.9,986.2,117437250,1084.8,887.6,1102.5,649.1,983.2,445,2,983.1,642,3,983.0,500,1,982.9,95,1,982.8,1824,6,983.9,63,1,984.0,1057,5,984.1,2053,5,984.2,107,2,984.3,39,1
317,2025-11-26 09:15:12+05:30,982.8,97,985.42,84436,103879.0,167783.0,986.2,988.9,982.7,986.2,117437250,1084.8,887.6,1102.5,649.1,982.8,1517,3,982.7,3,1,982.6,244,3,982.5,70,2,982.4,115,4,983.5,200,3,983.6,779,5,983.7,1021,5,983.8,546,6,983.9,795,10
317,2025-11-26 09:15:12+05:30,983.1,48,985.42,84436,103879.0,167783.0,986.2,988.9,982.7,986.2,117437250,1084.8,887.6,1102.5,649.1,982.8,1517,3,982.7,3,1,982.6,244,3,982.5,70,2,982.4,115,4,983.5,200,3,983.6,779,5,983.7,1021,5,983.8,546,6,983.9,795,10
317,2025-11-26 09:15:13+05:30,982.8,5,985.19,92390,102340.0,170016.0,986.2,988.9,982.1,986.2,117437250,1084.8,887.6,1102.5,649.1,982.1,418,2,982.0,1130,23,981.9,243,1,981.7,332,3,981.6,595,4,982.8,32,1,982.9,113,2,983.0,481,2,983.1,720,3,983.2,745,5
317,2025-11-26 09:15:13+05:30,982.4,1,985.19,92390,102340.0,170016.0,986.2,988.9,982.1,986.2,117437250,1084.8,887.6,1102.5,649.1,982.1,418,2,982.0,1130,23,981.9,243,1,981.7,332,3,981.6,595,4,982.8,32,1,982.9,113,2,983.0,481,2,983.1,720,3,983.2,745,5
317,2025-11-26 09:15:14+05:30,982.7,17,984.96,99640,101728.0,169477.0,986.2,988.9,981.3,986.2,117437250,1084.8,887.6,1102.5,649.1,981.5,63,1,981.4,462,3,981.3,878,2,981.2,1074,6,981.1,632,7,982.7,1232,5,982.8,564,8,982.9,251,4,983.0,409,5,983.1,210,3
317,2025-11-26 09:15:14+05:30,982.7,2,984.96,99640,101728.0,169477.0,986.2,988.9,981.3,986.2,117437250,1084.8,887.6,1102.5,649.1,981.5,63,1,981.4,462,3,981.3,878,2,981.2,1074,6,981.1,632,7,982.7,1232,5,982.8,564,8,982.9,251,4,983.0,409,5,983.1,210,3
317,2025-11-26 09:15:14+05:30,982.0,437,984.72,110868,102790.0,166186.0,986.2,988.9,981.3,986.2,117437250,1084.8,887.6,1102.5,649.1,982.0,63,1,981.9,527,3,981.8,55,1,981.7,619,3,981.6,2056,6,983.0,740,3,983.1,822,5,983.2,80,2,983.3,267,2,983.4,72,1
317,2025-11-26 09:15:15+05:30,981.9,375,984.72,110868,102790.0,166186.0,986.2,988.9,981.3,986.2,117437250,1084.8,887.6,1102.5,649.1,982.0,63,1,981.9,527,3,981.8,55,1,981.7,619,3,981.6,2056,6,983.0,740,3,983.1,822,5,983.2,80,2,983.3,267,2,983.4,72,1
317,2025-11-26 09:15:15+05:30,982.5,649,984.52,122603,107559.0,174328.0,986.2,988.9,981.3,986.2,117437250,1084.8,887.6,1102.5,649.1,982.5,851,2,982.4,21,1,982.3,289,2,982.2,104,1,982.1,856,2,983.3,1090,4,983.4,915,5,983.5,610,7,983.6,611,6,983.7,738,3
317,2025-11-26 09:15:16+05:30,983.4,1,984.52,122603,107559.0,174328.0,986.2,988.9,981.3,986.2,117437250,1084.8,887.6,1102.5,649.1,982.5,851,2,982.4,21,1,982.3,289,2,982.2,104,1,982.1,856,2,983.3,1090,4,983.4,915,5,983.5,610,7,983.6,611,6,983.7,738,3
317,2025-11-26 09:15:17+05:30,984.4,5,984.33,142399,117066.0,167273.0,986.2,988.9,981.3,986.2,117437250,1084.8,887.6,1102.5,649.1,983.7,62,2,983.6,163,3,983.5,113,2,983.3,171,2,983.2,247,3,984.4,18,1,984.5,75,3,984.6,784,3,984.7,41,1,984.8,3,1
317,2025-11-26 09:15:17+05:30,984.9,216,984.33,142399,117066.0,167273.0,986.2,988.9,981.3,986.2,117437250,1084.8,887.6,1102.5,649.1,983.7,62,2,983.6,163,3,983.5,113,2,983.3,171,2,983.2,247,3,984.4,18,1,984.5,75,3,984.6,784,3,984.7,41,1,984.8,3,1
317,2025-11-26 09:15:18+05:30,984.8,8,984.35,148988,120288.0,162320.0,986.2,988.9,981.3,986.2,117437250,1084.8,887.6,1102.5,649.1,984.8,159,3,984.7,1975,5,984.6,630,5,984.5,186,2,984.4,1109,6,985.7,1154,4,985.8,293,3,985.9,456,4,986.0,478,4,986.1,96,2
317,2025-11-26 09:15:18+05:30,984.7,119,984.35,148988,120288.0,162320.0,986.2,988.9,981.3,986.2,117437250,1084.8,887.6,1102.5,649.1,984.8,159,3,984.7,1975,5,984.6,630,5,984.5,186,2,984.4,1109,6,985.7,1154,4,985.8,293,3,985.9,456,4,986.0,478,4,986.1,96,2
317,2025-11-26 09:15:19+05:30,984.7,21,984.39,159880,125076.0,169232.0,986.2,988.9,981.3,986.2,117437250,1084.8,887.6,1102.5,649.1,984.0,250,2,983.9,530,3,983.8,1819,9,983.7,975,7,983.6,629,6,984.9,112,2,985.0,310,3,985.1,750,3,985.2,622,5,985.4,378,4
317,2025-11-26 09:15:19+05:30,984.0,6,984.39,159880,125076.0,169232.0,986.2,988.9,981.3,986.2,117437250,1084.8,887.6,1102.5,649.1,984.0,250,2,983.9,530,3,983.8,1819,9,983.7,975,7,983.6,629,6,984.9,112,2,985.0,310,3,985.1,750,3,985.2,622,5,985.4,378,4
317,2025-11-26 09:15:20+05:30,984.8,36,984.39,159880,125076.0,169232.0,986.2,988.9,981.3,986.2,117437250,1084.8,887.6,1102.5,649.1,984.0,250,2,983.9,530,3,983.8,1819,9,983.7,975,7,983.6,629,6,984.9,112,2,985.0,310,3,985.1,750,3,985.2,622,5,985.4,378,4
317,2025-11-26 09:15:20+05:30,984.9,2,984.38,169336,139235.0,177530.0,986.2,988.9,981.3,986.2,117437250,1084.8,887.6,1102.5,649.1,984.7,750,1,984.5,750,1,984.4,430,2,984.3,534,2,984.2,2,1,984.9,730,5,985.0,47,2,985.1,66,2,985.2,112,3,985.3,189,5
317,2025-11-26 09:15:21+05:30,984.7,1139,984.39,178217,139641.0,180960.0,986.2,988.9,981.3,986.2,117437250,1084.8,887.6,1102.5,649.1,984.4,208,1,983.8,34,1,983.7,110,3,983.6,743,4,983.5,1932,6,984.8,1115,5,984.9,207,5,985.0,1333,11,985.1,646,6,985.2,449,5
317,2025-11-26 09:15:22+05:30,984.8,300,984.39,178217,139641.0,180960.0,986.2,988.9,981.3,986.2,117437250,1084.8,887.6,1102.5,649.1,984.4,208,1,983.8,34,1,983.7,110,3,983.6,743,4,983.5,1932,6,984.8,1115,5,984.9,207,5,985.0,1333,11,985.1,646,6,985.2,449,5
317,2025-11-26 09:15:22+05:30,985.3,2,984.4,180933,147988.0,170859.0,986.2,988.9,981.3,986.2,117437250,1084.8,887.6,1102.5,649.1,985.3,2,1,985.2,21,1,985.1,21,1,985.0,508,3,984.9,3039,6,985.4,14,2,985.7,63,1,985.8,204,2,985.9,860,3,986.0,712,4
317,2025-11-26 09:15:23+05:30,985.4,374,984.42,184330,143163.0,167213.0,986.2,988.9,981.3,986.2,117437250,1084.8,887.6,1102.5,649.1,985.4,421,2,985.1,110,1,985.0,66,2,984.9,611,2,984.8,649,4,986.0,692,4,986.1,820,4,986.2,396,7,986.3,255,4,986.4,740,8
317,2025-11-26 09:15:24+05:30,986.0,4,984.42,184330,143163.0,167213.0,986.2,988.9,981.3,986.2,117437250,1084.8,887.6,1102.5,649.1,985.4,421,2,985.1,110,1,985.0,66,2,984.9,611,2,984.8,649,4,986.0,692,4,986.1,820,4,986.2,396,7,986.3,255,4,986.4,740,8
317,2025-11-26 09:15:25+05:30,985.1,90,984.44,187499,146821.0,170894.0,986.2,988.9,981.3,986.2,117437250,1084.8,887.6,1102.5,649.1,985.0,444,3,984.9,2196,6,984.8,699,4,984.7,922,3,984.6,459,9,985.9,849,6,986.0,1727,10,986.1,128,4,986.2,483,7,986.3,395,5
317,2025-11-26 09:15:26+05:30,985.9,42,984.44,188680,149788.0,168403.0,986.2,988.9,981.3,986.2,117437250,1084.8,887.6,1102.5,649.1,985.4,1533,3,985.3,698,3,985.2,1268,4,985.1,316,3,985.0,1049,4,986.0,184,3,986.1,154,3,986.2,187,5,986.3,552,4,986.4,864,5
317,2025-11-26 09:15:26+05:30,985.4,5,984.44,188680,149788.0,168403.0,986.2,988.9,981.3,986.2,117437250,1084.8,887.6,1102.5,649.1,985.4,1533,3,985.3,698,3,985.2,1268,4,985.1,316,3,985.0,1049,4,986.0,184,3,986.1,154,3,986.2,187,5,986.3,552,4,986.4,864,5
317,2025-11-26 09:15:27+05:30,986.1,1,984.48,193994,155348.0,166905.0,986.2,988.9,981.3,986.2,117437250,1084.8,887.6,1102.5,649.1,985.6,1451,2,985.5,1342,5,985.4,1806,8,985.3,243,5,985.2,1434,7,986.0,39,1,986.1,14,2,986.2,134,5,986.3,323,3,986.4,145,3
317,2025-11-26 09:15:28+05:30,986.8,14,984.51,197001,161195.0,168062.0,986.2,988.9,981.3,986.2,117437250,1084.8,887.6,1102.5,649.1,986.8,178,1,986.5,952,2,986.4,1125,2,986.3,2,1,986.2,133,2,986.9,30,1,987.0,123,1,987.3,237,2,987.4,500,1,987.5,304,5
317,2025-11-26 09:15:28+05:30,986.7,4,984.51,197001,161195.0,168062.0,986.2,988.9,981.3,986.2,117437250,1084.8,887.6,1102.5,649.1,986.8,178,1,986.5,952,2,986.4,1125,2,986.3,2,1,986.2,133,2,986.9,30,1,987.0,123,1,987.3,237,2,987.4,500,1,987.5,304,5
317,2025-11-26 09:15:29+05:30,986.8,38,984.52,198106,167955.0,170489.0,986.2,988.9,981.3,986.2,117437250,1084.8,887.6,1102.5,649.1,986.6,2294,4,986.5,1235,3,986.4,1777,6,986.3,336,4,986.2,1230,8,986.9,1,1,987.0,121,3,987.1,12,1,987.2,12,1,987.4,116,1
317,2025-11-26 09:15:30+05:30,985.8,5,984.52,198106,167955.0,170489.0,986.2,988.9,981.3,986.2,117437250,1084.8,887.6,1102.5,649.1,986.6,2294,4,986.5,1235,3,986.4,1777,6,986.3,336,4,986.2,1230,8,986.9,1,1,987.0,121,3,987.1,12,1,987.2,12,1,987.4,116,1
317,2025-11-26 09:15:30+05:30,985.8,5,984.59,206008,157789.0,183673.0,986.2,988.9,981.3,986.2,117437250,1084.8,887.6,1102.5,649.1,985.6,1156,3,985.5,13,1,985.4,240,2,985.3,750,1,985.2,1007,4,985.8,99,1,986.0,124,3,986.1,365,3,986.2,673,5,986.3,749,5
317,2025-11-26 09:15:31+05:30,986.3,50,984.63,211818,155927.0,183351.0,986.2,988.9,981.3,986.2,117437250,1084.8,887.6,1102.5,649.1,985.5,840,3,985.4,847,7,985.3,430,3,985.2,487,3,985.1,449,6,986.2,171,4,986.3,1500,6,986.4,850,8,986.5,360,5,986.6,725,6
317,2025-11-26 09:15:32+05:30,986.2,116,984.63,211818,155927.0,183351.0,986.2,988.9,981.3,986.2,117437250,1084.8,887.6,1102.5,649.1,985.5,840,3,985.4,847,7,985.3,430,3,985.2,487,3,985.1,449,6,986.2,171,4,986.3,1500,6,986.4,850,8,986.5,360,5,986.6,725,6
317,2025-11-26 09:15:32+05:30,986.8,21,984.66,216247,165864.0,169990.0,986.2,988.9,981.3,986.2,117437250,1084.8,887.6,1102.5,649.1,986.8,177,2,986.5,265,2,986.4,797,2,986.3,444,6,986.2,1388,6,987.2,181,6,987.3,3,1,987.4,163,3,987.5,1180,5,987.6,511,5
317,2025-11-26 09:15:33+05:30,986.7,177,984.69,218963,167765.0,173164.0,986.2,988.9,981.3,986.2,117437250,1084.8,887.6,1102.5,649.1,986.7,614,7,986.6,706,7,986.5,1874,5,986.4,927,8,986.3,235,4,987.4,73,3,987.5,216,2,987.6,321,4,987.7,1365,6,987.8,650,7
317,2025-11-26 09:15:34+05:30,987.4,141,984.69,218963,167765.0,173164.0,986.2,988.9,981.3,986.2,117437250,1084.8,887.6,1102.5,649.1,986.7,614,7,986.6,706,7,986.5,1874,5,986.4,927,8,986.3,235,4,987.4,73,3,987.5,216,2,987.6,321,4,987.7,1365,6,987.8,650,7
317,2025-11-26 09:15:34+05:30,986.6,103,984.71,220640,168108.0,178244.0,986.2,988.9,981.3,986.2,117437250,1084.8,887.6,1102.5,649.1,986.5,537,4,986.4,1607,4,986.3,526,6,986.2,1460,7,986.1,687,8,987.2,63,1,987.3,740,8,987.4,2039,9,987.5,230,4,987.6,1278,14
317,2025-11-26 09:15:35+05:30,987.1,1,984.72,221824,168661.0,179512.0,986.2,988.9,981.3,986.2,117437250,1084.8,887.6,1102.5,649.1,986.3,870,4,986.2,1362,9,986.1,230,5,986.0,775,12,985.9,1108,5,987.1,147,4,987.2,859,5,987.3,1172,9,987.4,1637,13,987.5,186,5
317,2025-11-26 09:15:36+05:30,986.0,96,984.72,221824,168661.0,179512.0,986.2,988.9,981.3,986.2,117437250,1084.8,887.6,1102.5,649.1,986.3,870,4,986.2,1362,9,986.1,230,5,986.0,775,12,985.9,1108,5,987.1,147,4,987.2,859,5,987.3,1172,9,987.4,1637,13,987.5,186,5
317,2025-11-26 09:15:37+05:30,986.6,6,984.73,223886,173904.0,181453.0,986.2,988.9,981.3,986.2,117437250,1084.8,887.6,1102.5,649.1,986.3,1500,2,986.2,298,3,986.1,2037,7,986.0,370,3,985.9,1042,8,986.6,66,2,986.7,68,2,986.8,63,1,986.9,390,3,987.0,1279,6
317,2025-11-26 09:15:37+05:30,985.5,116,984.73,223886,173904.0,181453.0,986.2,988.9,981.3,986.2,117437250,1084.8,887.6,1102.5,649.1,986.3,1500,2,986.2,298,3,986.1,2037,7,986.0,370,3,985.9,1042,8,986.6,66,2,986.7,68,2,986.8,63,1,986.9,390,3,987.0,1279,6
317,2025-11-26 09:15:38+05:30,986.3,1,984.74,225841,171728.0,186251.0,986.2,988.9,981.3,986.2,117437250,1084.8,887.6,1102.5,649.1,985.8,1525,3,985.6,55,3,985.5,1401,9,985.4,1284,5,985.3,388,4,986.4,285,4,986.5,355,4,986.6,1706,10,986.7,609,7,986.8,957,10
317,2025-11-26 09:15:38+05:30,986.1,728,984.74,225841,171728.0,186251.0,986.2,988.9,981.3,986.2,117437250,1084.8,887.6,1102.5,649.1,985.8,1525,3,985.6,55,3,985.5,1401,9,985.4,1284,5,985.3,388,4,986.4,285,4,986.5,355,4,986.6,1706,10,986.7,609,7,986.8,957,10
317,2025-11-26 09:15:39+05:30,986.3,172,984.76,228004,175605.0,184919.0,986.2,988.9,981.3,986.2,117437250,1084.8,887.6,1102.5,649.1,986.3,578,1,986.0,55,1,985.9,1541,4,985.8,2481,7,985.7,381,2,986.6,527,3,986.7,380,4,986.8,579,5,986.9,1065,9,987.0,649,6
317,2025-11-26 09:15:39+05:30,986.6,14,984.76,228004,175605.0,184919.0,986.2,988.9,981.3,986.2,117437250,1084.8,887.6,1102.5,649.1,986.3,578,1,986.0,55,1,985.9,1541,4,985.8,2481,7,985.7,381,2,986.6,527,3,986.7,380,4,986.8,579,5,986.9,1065,9,987.0,649,6
317,2025-11-26 09:15:40+05:30,985.8,45,984.77,230611,168046.0,190519.0,986.2,988.9,981.3,986.2,117437250,1084.8,887.6,1102.5,649.1,985.8,45,1,985.5,332,2,985.4,270,1,985.3,171,1,985.2,1,1,986.1,352,4,986.2,527,5,986.3,662,3,986.4,881,6,986.5,1096,8
317,2025-11-26 09:15:40+05:30,985.8,96,984.77,230611,168046.0,190519.0,986.2,988.9,981.3,986.2,117437250,1084.8,887.6,1102.5,649.1,985.8,45,1,985.5,332,2,985.4,270,1,985.3,171,1,985.2,1,1,986.1,352,4,986.2,527,5,986.3,662,3,986.4,881,6,986.5,1096,8
317,2025-11-26 09:15:41+05:30,986.1,5,984.77,230611,168046.0,190519.0,986.2,988.9,981.3,986.2,117437250,1084.8,887.6,1102.5,649.1,985.8,45,1,985.5,332,2,985.4,270,1,985.3,171,1,985.2,1,1,986.1,352,4,986.2,527,5,986.3,662,3,986.4,881,6,986.5,1096,8
317,2025-11-26 09:15:41+05:30,986.1,5,984.78,232383,172792.0,191972.0,986.2,988.9,981.3,986.2,117437250,1084.8,887.6,1102.5,649.1,985.5,352,2,985.4,270,1,985.3,2,2,985.2,589,3,985.1,969,5,986.1,422,6,986.2,1130,8,986.3,934,6,986.4,1354,15,986.5,644,8
317,2025-11-26 09:15:42+05:30,986.0,655,984.78,232383,172792.0,191972.0,986.2,988.9,981.3,986.2,117437250,1084.8,887.6,1102.5,649.1,985.5,352,2,985.4,270,1,985.3,2,2,985.2,589,3,985.1,969,5,986.1,422,6,986.2,1130,8,986.3,934,6,986.4,1354,15,986.5,644,8
317,2025-11-26 09:15:42+05:30,986.0,655,984.8,235402,174781.0,187577.0,986.2,988.9,981.3,986.2,117437250,1084.8,887.6,1102.5,649.1,985.7,166,2,985.6,175,2,985.5,1881,4,985.4,374,3,985.3,1765,4,986.0,709,1,986.3,497,5,986.4,464,5,986.5,1252,9,986.6,1008,8
317,2025-11-26 09:15:43+05:30,987.2,1,984.8,235402,174781.0,187577.0,986.2,988.9,981.3,986.2,117437250,1084.8,887.6,1102.5,649.1,985.7,166,2,985.6,175,2,985.5,1881,4,985.4,374,3,985.3,1765,4,986.0,709,1,986.3,497,5,986.4,464,5,986.5,1252,9,986.6,1008,8
317,2025-11-26 09:15:43+05:30,987.2,1,984.83,240348,179062.0,179099.0,986.2,988.9,981.3,986.2,117437250,1084.8,887.6,1102.5,649.1,986.8,257,1,986.7,17,1,986.4,393,5,986.3,769,6,986.2,1920,5,987.2,161,2,987.3,551,5,987.4,1168,9,987.5,866,6,987.6,1104,11
317,2025-11-26 09:15:44+05:30,987.8,1,984.83,240348,179062.0,179099.0,986.2,988.9,981.3,986.2,117437250,1084.8,887.6,1102.5,649.1,986.8,257,1,986.7,17,1,986.4,393,5,986.3,769,6,986.2,1920,5,987.2,161,2,987.3,551,5,987.4,1168,9,987.5,866,6,987.6,1104,11
317,2025-11-26 09:15:44+05:30,987.8,1,984.88,245772,185650.0,174633.0,986.2,988.9,981.3,986.2,117437250,1084.8,887.6,1102.5,649.1,987.4,56,1,987.3,206,2,987.2,2146,5,987.1,1778,5,987.0,1434,8,987.8,1,1,987.9,33,2,988.0,1,1,988.1,349,3,988.2,662,3
317,2025-11-26 09:15:45+05:30,987.4,8,984.88,245772,185650.0,174633.0,986.2,988.9,981.3,986.2,117437250,1084.8,887.6,1102.5,649.1,987.4,56,1,987.3,206,2,987.2,2146,5,987.1,1778,5,987.0,1434,8,987.8,1,1,987.9,33,2,988.0,1,1,988.1,349,3,988.2,662,3
317,2025-11-26 09:15:45+05:30,987.0,202,984.93,251121,186572.0,177958.0,986.2,988.9,981.3,986.2,117437250,1084.8,887.6,1102.5,649.1,987.1,750,1,987.0,55,1,986.9,65,2,986.8,2770,7,986.7,1252,6,987.5,12,1,987.6,180,4,987.7,210,5,987.8,803,6,987.9,1196,8
317,2025-11-26 09:15:45+05:30,987.0,202,984.93,251121,186572.0,177958.0,986.2,988.9,981.3,986.2,117437250,1084.8,887.6,1102.5,649.1,987.1,750,1,987.0,55,1,986.9,65,2,986.8,2770,7,986.7,1252,6,987.5,12,1,987.6,180,4,987.7,210,5,987.8,803,6,987.9,1196,8
317,2025-11-26 09:15:46+05:30,987.0,202,984.93,251121,186572.0,177958.0,986.2,988.9,981.3,986.2,117437250,1084.8,887.6,1102.5,649.1,987.1,750,1,987.0,55,1,986.9,65,2,986.8,2770,7,986.7,1252,6,987.5,12,1,987.6,180,4,987.7,210,5,987.8,803,6,987.9,1196,8
317,2025-11-26 09:15:46+05:30,988.2,174,984.93,251121,186572.0,177958.0,986.2,988.9,981.3,986.2,117437250,1084.8,887.6,1102.5,649.1,987.1,750,1,987.0,55,1,986.9,65,2,986.8,2770,7,986.7,1252,6,987.5,12,1,987.6,180,4,987.7,210,5,987.8,803,6,987.9,1196,8
317,2025-11-26 09:15:46+05:30,988.2,174,984.93,251121,186572.0,177958.0,986.2,988.9,981.3,986.2,117437250,1084.8,887.6,1102.5,649.1,987.1,750,1,987.0,55,1,986.9,65,2,986.8,2770,7,986.7,1252,6,987.5,12,1,987.6,180,4,987.7,210,5,987.8,803,6,987.9,1196,8
317,2025-11-26 09:15:46+05:30,987.1,2,984.98,255348,190071.0,176397.0,986.2,988.9,981.3,986.2,117437250,1084.8,887.6,1102.5,649.1,987.1,202,3,987.0,1427,4,986.9,1961,8,986.8,507,10,986.7,1192,6,987.6,447,3,987.8,103,1,987.9,448,5,988.0,690,6,988.1,746,4
317,2025-11-26 09:15:46+05:30,987.1,2,984.98,255348,190071.0,176397.0,986.2,988.9,981.3,986.2,117437250,1084.8,887.6,1102.5,649.1,987.1,202,3,987.0,1427,4,986.9,1961,8,986.8,507,10,986.7,1192,6,987.6,447,3,987.8,103,1,987.9,448,5,988.0,690,6,988.1,746,4
317,2025-11-26 09:15:47+05:30,987.1,2,984.98,255348,190071.0,176397.0,986.2,988.9,981.3,986.2,117437250,1084.8,887.6,1102.5,649.1,987.1,202,3,987.0,1427,4,986.9,1961,8,986.8,507,10,986.7,1192,6,987.6,447,3,987.8,103,1,987.9,448,5,988.0,690,6,988.1,746,4
317,2025-11-26 09:15:47+05:30,987.0,499,984.98,255348,190071.0,176397.0,986.2,988.9,981.3,986.2,117437250,1084.8,887.6,1102.5,649.1,987.1,202,3,987.0,1427,4,986.9,1961,8,986.8,507,10,986.7,1192,6,987.6,447,3,987.8,103,1,987.9,448,5,988.0,690,6,988.1,746,4
317,2025-11-26 09:15:47+05:30,987.0,499,984.98,255348,190071.0,176397.0,986.2,988.9,981.3,986.2,117437250,1084.8,887.6,1102.5,649.1,987.1,202,3,987.0,1427,4,986.9,1961,8,986.8,507,10,986.7,1192,6,987.6,447,3,987.8,103,1,987.9,448,5,988.0,690,6,988.1,746,4
317,2025-11-26 09:15:47+05:30,987.5,21,985.0,258156,193331.0,178879.0,986.2,988.9,981.3,986.2,117437250,1084.8,887.6,1102.5,649.1,987.1,346,3,987.0,855,6,986.9,2469,7,986.8,227,3,986.7,514,5,987.6,13,1,987.7,103,1,987.8,103,1,987.9,204,2,988.0,547,5
317,2025-11-26 09:15:47+05:30,987.5,21,985.0,258156,193331.0,178879.0,986.2,988.9,981.3,986.2,117582750,1084.8,887.6,1102.5,649.1,987.1,346,3,987.0,855,6,986.9,2469,7,986.8,227,3,986.7,514,5,987.6,13,1,987.7,103,1,987.8,103,1,987.9,204,2,988.0,547,5
317,2025-11-26 09:15:48+05:30,987.5,21,985.0,258156,193331.0,178879.0,986.2,988.9,981.3,986.2,117582750,1084.8,887.6,1102.5,649.1,987.1,346,3,987.0,855,6,986.9,2469,7,986.8,227,3,986.7,514,5,987.6,13,1,987.7,103,1,987.8,103,1,987.9,204,2,988.0,547,5
317,2025-11-26 09:15:48+05:30,987.0,282,985.0,258156,193331.0,178879.0,986.2,988.9,981.3,986.2,117582750,1084.8,887.6,1102.5,649.1,987.1,346,3,987.0,855,6,986.9,2469,7,986.8,227,3,986.7,514,5,987.6,13,1,987.7,103,1,987.8,103,1,987.9,204,2,988.0,547,5
317,2025-11-26 09:15:48+05:30,987.0,282,985.0,258156,193331.0,178879.0,986.2,988.9,981.3,986.2,117582750,1084.8,887.6,1102.5,649.1,987.1,346,3,987.0,855,6,986.9,2469,7,986.8,227,3,986.7,514,5,987.6,13,1,987.7,103,1,987.8,103,1,987.9,204,2,988.0,547,5
317,2025-11-26 09:15:48+05:30,987.6,27,985.01,259311,207803.0,182221.0,986.2,988.9,981.3,986.2,117582750,1084.8,887.6,1102.5,649.1,987.0,63,1,986.9,1679,4,986.8,817,6,986.7,1314,5,986.6,368,8,987.6,566,4,987.7,494,5,987.8,449,4,987.9,822,6,988.0,893,8
317,2025-11-26 09:15:49+05:30,986.9,750,985.01,259311,207803.0,182221.0,986.2,988.9,981.3,986.2,117582750,1084.8,887.6,1102.5,649.1,987.0,63,1,986.9,1679,4,986.8,817,6,986.7,1314,5,986.6,368,8,987.6,566,4,987.7,494,5,987.8,449,4,987.9,822,6,988.0,893,8
317,2025-11-26 09:15:50+05:30,987.5,5,985.03,261438,208851.0,187848.0,986.2,988.9,981.3,986.2,117582750,1084.8,887.6,1102.5,649.1,986.9,1563,3,986.8,233,4,986.7,917,4,986.6,1200,8,986.5,1081,8,987.5,2,1,987.6,1551,11,987.7,475,7,987.8,712,7,987.9,1931,13
317,2025-11-26 09:15:50+05:30,986.8,47,985.03,261438,208851.0,187848.0,986.2,988.9,981.3,986.2,117582750,1084.8,887.6,1102.5,649.1,986.9,1563,3,986.8,233,4,986.7,917,4,986.6,1200,8,986.5,1081,8,987.5,2,1,987.6,1551,11,987.7,475,7,987.8,712,7,987.9,1931,13
317,2025-11-26 09:15:51+05:30,987.5,2,985.04,262979,208848.0,187113.0,986.2,988.9,981.3,986.2,117582750,1084.8,887.6,1102.5,649.1,987.2,750,1,986.8,1576,5,986.7,681,4,986.6,220,3,986.5,820,7,987.5,381,1,987.6,680,5,987.7,452,5,987.8,1001,5,987.9,2075,9
317,2025-11-26 09:15:51+05:30,987.5,2,985.04,262979,208848.0,187113.0,986.2,988.9,981.3,986.2,117582750,1084.8,887.6,1102.5,649.1,987.2,750,1,986.8,1576,5,986.7,681,4,986.6,220,3,986.5,820,7,987.5,381,1,987.6,680,5,987.7,452,5,987.8,1001,5,987.9,2075,9
317,2025-11-26 09:15:52+05:30,987.7,26,985.06,265326,218180.0,180835.0,986.2,988.9,981.3,986.2,117582750,1084.8,887.6,1102.5,649.1,987.7,461,1,987.5,57,2,987.4,2884,6,987.3,321,2,987.2,750,9,987.9,533,2,988.0,44,3,988.1,39,3,988.2,26,2,988.3,165,2
317,2025-11-26 09:15:52+05:30,987.7,246,985.06,265326,218180.0,180835.0,986.2,988.9,981.3,986.2,117582750,1084.8,887.6,1102.5,649.1,987.7,461,1,987.5,57,2,987.4,2884,6,987.3,321,2,987.2,750,9,987.9,533,2,988.0,44,3,988.1,39,3,988.2,26,2,988.3,165,2
317,2025-11-26 09:15:53+05:30,987.7,5,985.08,266714,218054.0,180159.0,986.2,988.9,981.3,986.2,117582750,1084.8,887.6,1102.5,649.1,987.7,325,4,987.6,342,2,987.5,2260,8,987.4,1396,8,987.3,548,4,988.4,83,5,988.5,659,5,988.6,336,4,988.7,1835,9,988.8,938,16
317,2025-11-26 09:15:53+05:30,987.7,5,985.08,266714,218054.0,180159.0,986.2,988.9,981.3,986.2,117582750,1084.8,887.6,1102.5,649.1,987.7,325,4,987.6,342,2,987.5,2260,8,987.4,1396,8,987.3,548,4,988.4,83,5,988.5,659,5,988.6,336,4,988.7,1835,9,988.8,938,16
317,2025-11-26 09:15:54+05:30,988.3,15,985.08,266730,215804.0,183421.0,986.2,988.9,981.3,986.2,117582750,1084.8,887.6,1102.5,649.1,987.7,142,2,987.6,153,1,987.5,356,3,987.4,1722,5,987.3,1171,5,988.2,292,4,988.3,1345,11,988.4,622,7,988.5,715,3,988.6,495,5
317,2025-11-26 09:15:54+05:30,988.3,15,985.08,266730,215804.0,183421.0,986.2,988.9,981.3,986.2,117582750,1084.8,887.6,1102.5,649.1,987.7,142,2,987.6,153,1,987.5,356,3,987.4,1722,5,987.3,1171,5,988.2,292,4,988.3,1345,11,988.4,622,7,988.5,715,3,988.6,495,5
317,2025-11-26 09:15:55+05:30,987.7,235,985.08,266730,215804.0,183421.0,986.2,988.9,981.3,986.2,117582750,1084.8,887.6,1102.5,649.1,987.7,142,2,987.6,153,1,987.5,356,3,987.4,1722,5,987.3,1171,5,988.2,292,4,988.3,1345,11,988.4,622,7,988.5,715,3,988.6,495,5
317,2025-11-26 09:15:55+05:30,987.7,235,985.09,268088,216707.0,186996.0,986.2,988.9,981.3,986.2,117582750,1084.8,887.6,1102.5,649.1,987.7,31,1,987.5,401,3,987.4,506,3,987.3,1523,4,987.2,372,6,988.1,1259,8,988.2,391,4,988.3,1533,9,988.4,1183,14,988.5,223,2
317,2025-11-26 09:15:56+05:30,988.0,100,985.09,268088,216707.0,186996.0,986.2,988.9,981.3,986.2,117582750,1084.8,887.6,1102.5,649.1,987.7,31,1,987.5,401,3,987.4,506,3,987.3,1523,4,987.2,372,6,988.1,1259,8,988.2,391,4,988.3,1533,9,988.4,1183,14,988.5,223,2
317,2025-11-26 09:15:56+05:30,988.1,1,985.1,268277,217156.0,186237.0,986.2,988.9,981.3,986.2,117582750,1084.8,887.6,1102.5,649.1,987.7,280,2,987.5,401,3,987.4,525,4,987.3,844,4,987.2,1907,9,988.1,509,2,988.2,497,3,988.3,557,5,988.4,1089,11,988.5,839,4
317,2025-11-26 09:15:57+05:30,988.1,287,985.1,268277,217156.0,186237.0,986.2,988.9,981.3,986.2,117582750,1084.8,887.6,1102.5,649.1,987.7,280,2,987.5,401,3,987.4,525,4,987.3,844,4,987.2,1907,9,988.1,509,2,988.2,497,3,988.3,557,5,988.4,1089,11,988.5,839,4
317,2025-11-26 09:15:57+05:30,988.3,142,985.12,270458,221871.0,183927.0,986.2,988.9,981.3,986.2,117582750,1084.8,887.6,1102.5,649.1,988.1,463,1,987.8,55,1,987.7,1100,7,987.6,2045,9,987.5,716,6,988.3,9,1,988.4,138,4,988.5,116,1,988.6,338,2,988.7,817,5
317,2025-11-26 09:15:58+05:30,988.1,208,985.12,270458,221871.0,183927.0,986.2,988.9,981.3,986.2,117582750,1084.8,887.6,1102.5,649.1,988.1,463,1,987.8,55,1,987.7,1100,7,987.6,2045,9,987.5,716,6,988.3,9,1,988.4,138,4,988.5,116,1,988.6,338,2,988.7,817,5
317,2025-11-26 09:15:58+05:30,988.1,208,985.12,270795,221494.0,185392.0,986.2,988.9,981.3,986.2,117582750,1084.8,887.6,1102.5,649.1,988.1,141,2,987.8,320,3,987.7,316,4,987.6,991,5,987.5,2259,11,988.4,138,4,988.5,689,5,988.6,374,3,988.7,1482,9,988.8,1145,13
317,2025-11-26 09:15:59+05:30,987.7,28,985.12,270795,221494.0,185392.0,986.2,988.9,981.3,986.2,117582750,1084.8,887.6,1102.5,649.1,988.1,141,2,987.8,320,3,987.7,316,4,987.6,991,5,987.5,2259,11,988.4,138,4,988.5,689,5,988.6,374,3,988.7,1482,9,988.8,1145,13
317,2025-11-26 09:15:59+05:30,988.1,1,985.13,271627,223467.0,182973.0,986.2,988.9,981.3,986.2,117582750,1084.8,887.6,1102.5,649.1,988.0,220,3,987.9,202,1,987.8,220,3,987.7,2180,8,987.6,438,4,988.3,46,1,988.4,161,5,988.5,277,1,988.6,220,2,988.7,414,7
317,2025-11-26 09:16:00+05:30,987.8,192,985.13,271627,223467.0,182973.0,986.2,988.9,981.3,986.2,117582750,1084.8,887.6,1102.5,649.1,988.0,220,3,987.9,202,1,987.8,220,3,987.7,2180,8,987.6,438,4,988.3,46,1,988.4,161,5,988.5,277,1,988.6,220,2,988.7,414,7
317,2025-11-26 09:16:00+05:30,987.6,26,985.15,272853,218263.0,187666.0,986.2,988.9,981.3,986.2,117582750,1084.8,887.6,1102.5,649.1,987.5,516,6,987.4,739,6,987.3,1850,5,987.2,1149,7,987.1,975,7,988.1,284,3,988.2,449,4,988.3,669,5,988.4,1900,17,988.5,440,6
317,2025-11-26 09:16:01+05:30,988.1,468,985.15,272853,218263.0,187666.0,986.2,988.9,981.3,986.2,117582750,1084.8,887.6,1102.5,649.1,987.5,516,6,987.4,739,6,987.3,1850,5,987.2,1149,7,987.1,975,7,988.1,284,3,988.2,449,4,988.3,669,5,988.4,1900,17,988.5,440,6
317,2025-11-26 09:16:01+05:30,988.2,5,985.15,273703,227853.0,185912.0,986.2,988.9,981.3,986.2,117582750,1084.8,887.6,1102.5,649.1,987.8,739,5,987.7,2253,8,987.6,533,4,987.5,2409,13,987.4,1009,11,988.2,131,1,988.3,43,1,988.4,138,4,988.6,374,2,988.7,1488,9
317,2025-11-26 09:16:02+05:30,988.2,10,985.15,273703,227853.0,185912.0,986.2,988.9,981.3,986.2,117582750,1084.8,887.6,1102.5,649.1,987.8,739,5,987.7,2253,8,987.6,533,4,987.5,2409,13,987.4,1009,11,988.2,131,1,988.3,43,1,988.4,138,4,988.6,374,2,988.7,1488,9
317,2025-11-26 09:16:03+05:30,988.1,69,985.16,274166,227553.0,187354.0,986.2,988.9,981.3,986.2,117582750,1084.8,887.6,1102.5,649.1,987.8,23,1,987.6,1303,4,987.5,1384,10,987.4,2272,9,987.3,994,10,988.1,8,2,988.2,116,3,988.3,571,3,988.4,933,10,988.5,401,3
317,2025-11-26 09:16:03+05:30,988.2,15,985.16,274166,227553.0,187354.0,986.2,988.9,981.3,986.2,117582750,1084.8,887.6,1102.5,649.1,987.8,23,1,987.6,1303,4,987.5,1384,10,987.4,2272,9,987.3,994,10,988.1,8,2,988.2,116,3,988.3,571,3,988.4,933,10,988.5,401,3
317,2025-11-26 09:16:04+05:30,988.1,95,985.17,274963,232152.0,185023.0,986.2,988.9,981.3,986.2,117582750,1084.8,887.6,1102.5,649.1,987.9,1295,2,987.8,1025,7,987.7,2310,7,987.6,1951,8,987.5,1835,14,988.2,13,1,988.4,216,5,988.5,125,1,988.6,426,3,988.7,958,5
317,2025-11-26 09:16:04+05:30,988.1,95,985.17,274963,232152.0,185023.0,986.2,988.9,981.3,986.2,117582750,1084.8,887.6,1102.5,649.1,987.9,1295,2,987.8,1025,7,987.7,2310,7,987.6,1951,8,987.5,1835,14,988.2,13,1,988.4,216,5,988.5,125,1,988.6,426,3,988.7,958,5
317,2025-11-26 09:16:05+05:30,988.0,10,985.18,275834,230907.0,186810.0,986.2,988.9,981.3,986.2,117582750,1084.8,887.6,1102.5,649.1,987.9,1295,2,987.8,41,3,987.7,547,5,987.6,3081,8,987.5,2221,11,988.3,384,4,988.4,303,6,988.5,465,3,988.6,510,4,988.7,888,4
317,2025-11-26 09:16:05+05:30,988.3,6,985.18,275834,230907.0,186810.0,986.2,988.9,981.3,986.2,117582750,1084.8,887.6,1102.5,649.1,987.9,1295,2,987.8,41,3,987.7,547,5,987.6,3081,8,987.5,2221,11,988.3,384,4,988.4,303,6,988.5,465,3,988.6,510,4,988.7,888,4
317,2025-11-26 09:16:06+05:30,988.2,156,985.2,277836,233553.0,187841.0,986.2,988.9,981.3,986.2,117582750,1084.8,887.6,1102.5,649.1,988.2,694,2,988.1,900,1,987.9,26,1,987.8,2249,6,987.7,1022,3,988.3,423,2,988.4,20,2,988.5,853,3,988.6,595,4,988.7,399,3
317,2025-11-26 09:16:06+05:30,988.2,156,985.2,277836,233553.0,187841.0,986.2,988.9,981.3,986.2,117582750,1084.8,887.6,1102.5,649.1,988.2,694,2,988.1,900,1,987.9,26,1,987.8,2249,6,987.7,1022,3,988.3,423,2,988.4,20,2,988.5,853,3,988.6,595,4,988.7,399,3
317,2025-11-26 09:16:07+05:30,988.2,351,985.2,277836,233553.0,187841.0,986.2,988.9,981.3,986.2,117582750,1084.8,887.6,1102.5,649.1,988.2,694,2,988.1,900,1,987.9,26,1,987.8,2249,6,987.7,1022,3,988.3,423,2,988.4,20,2,988.5,853,3,988.6,595,4,988.7,399,3
317,2025-11-26 09:16:07+05:30,988.2,351,985.2,278245,235157.0,187909.0,986.2,988.9,981.3,986.2,117582750,1084.8,887.6,1102.5,649.1,988.2,387,3,988.1,900,1,988.0,2250,3,987.9,1977,7,987.8,658,6,988.3,391,2,988.4,33,3,988.6,346,5,988.7,334,4,988.8,935,16
317,2025-11-26 09:16:08+05:30,989.1,9,985.2,278245,235157.0,187909.0,986.2,988.9,981.3,986.2,117582750,1084.8,887.6,1102.5,649.1,988.2,387,3,988.1,900,1,988.0,2250,3,987.9,1977,7,987.8,658,6,988.3,391,2,988.4,33,3,988.6,346,5,988.7,334,4,988.8,935,16
317,2025-11-26 09:16:08+05:30,989.1,9,985.23,280559,235964.0,183948.0,986.2,989.1,981.3,986.2,117582750,1084.8,887.6,1102.5,649.1,988.4,48,2,988.3,830,3,988.2,2542,7,988.1,1266,5,988.0,2022,7,989.0,326,3,989.1,479,3,989.2,695,4,989.3,863,5,989.4,1327,6
317,2025-11-26 09:16:09+05:30,988.6,118,985.23,280559,235964.0,183948.0,986.2,989.1,981.3,986.2,117582750,1084.8,887.6,1102.5,649.1,988.4,48,2,988.3,830,3,988.2,2542,7,988.1,1266,5,988.0,2022,7,989.0,326,3,989.1,479,3,989.2,695,4,989.3,863,5,989.4,1327,6
317,2025-11-26 09:16:09+05:30,988.6,118,985.24,281093,233867.0,185366.0,986.2,989.1,981.3,986.2,117582750,1084.8,887.6,1102.5,649.1,988.4,2478,6,988.3,1187,5,988.2,2262,9,988.1,2377,9,988.0,1741,12,988.9,545,1,989.1,372,4,989.2,710,6,989.3,809,7,989.4,735,7
317,2025-11-26 09:16:10+05:30,988.9,50,985.24,281093,233867.0,185366.0,986.2,989.1,981.3,986.2,117582750,1084.8,887.6,1102.5,649.1,988.4,2478,6,988.3,1187,5,988.2,2262,9,988.1,2377,9,988.0,1741,12,988.9,545,1,989.1,372,4,989.2,710,6,989.3,809,7,989.4,735,7
317,2025-11-26 09:16:10+05:30,988.9,50,985.29,285137,228756.0,187558.0,986.2,989.3,981.3,986.2,117582750,1084.8,887.6,1102.5,649.1,988.5,378,1,988.4,12,1,988.2,114,3,988.1,1082,4,988.0,1597,10,988.9,552,3,989.0,76,2,989.1,388,4,989.2,1380,10,989.3,717,7
317,2025-11-26 09:16:11+05:30,988.1,302,985.29,285137,228756.0,187558.0,986.2,989.3,981.3,986.2,117582750,1084.8,887.6,1102.5,649.1,988.5,378,1,988.4,12,1,988.2,114,3,988.1,1082,4,988.0,1597,10,988.9,552,3,989.0,76,2,989.1,388,4,989.2,1380,10,989.3,717,7
317,2025-11-26 09:16:11+05:30,988.7,10,985.3,286070,227873.0,190495.0,986.2,989.3,981.3,986.2,117582750,1084.8,887.6,1102.5,649.1,988.1,845,7,988.0,3013,7,987.9,99,1,987.8,1297,7,987.7,1175,5,988.7,197,2,988.8,746,7,988.9,754,5,989.0,210,4,989.1,434,7
317,2025-11-26 09:16:12+05:30,989.3,65,985.3,286070,227873.0,190495.0,986.2,989.3,981.3,986.2,117582750,1084.8,887.6,1102.5,649.1,988.1,845,7,988.0,3013,7,987.9,99,1,987.8,1297,7,987.7,1175,5,988.7,197,2,988.8,746,7,988.9,754,5,989.0,210,4,989.1,434,7
317,2025-11-26 09:16:12+05:30,989.3,20,985.35,289504,234569.0,184225.0,986.2,989.7,981.3,986.2,117582750,1084.8,887.6,1102.5,649.1,989.3,214,2,989.1,136,2,989.0,105,2,988.9,612,5,988.8,3631,11,989.7,295,2,989.8,1188,5,989.9,1102,8,990.0,2985,17,990.1,315,4
317,2025-11-26 09:16:13+05:30,989.6,110,985.35,289504,234569.0,184225.0,986.2,989.7,981.3,986.2,117582750,1084.8,887.6,1102.5,649.1,989.3,214,2,989.1,136,2,989.0,105,2,988.9,612,5,988.8,3631,11,989.7,295,2,989.8,1188,5,989.9,1102,8,990.0,2985,17,990.1,315,4
317,2025-11-26 09:16:14+05:30,989.0,52,985.36,290828,235478.0,186683.0,986.2,989.7,981.3,986.2,117582750,1084.8,887.6,1102.5,649.1,989.0,228,2,988.9,1881,6,988.8,125,3,988.7,849,2,988.6,577,8,989.6,930,5,989.7,200,2,989.8,1819,8,989.9,999,8,990.0,2328,17
317,2025-11-26 09:16:14+05:30,989.0,52,985.36,290828,235478.0,186683.0,986.2,989.7,981.3,986.2,117582750,1084.8,887.6,1102.5,649.1,989.0,228,2,988.9,1881,6,988.8,125,3,988.7,849,2,988.6,577,8,989.6,930,5,989.7,200,2,989.8,1819,8,989.9,999,8,990.0,2328,17
317,2025-11-26 09:16:15+05:30,989.0,19,985.36,290858,237452.0,187776.0,986.2,989.7,981.3,986.2,117582750,1084.8,887.6,1102.5,649.1,989.0,88,2,988.9,2495,7,988.8,217,1,988.7,1593,4,988.6,577,8,989.5,1149,5,989.6,1003,6,989.7,522,4,989.8,1090,6,989.9,1033,8
317,2025-11-26 09:16:15+05:30,989.0,19,985.36,290858,237452.0,187776.0,986.2,989.7,981.3,986.2,117582750,1084.8,887.6,1102.5,649.1,989.0,88,2,988.9,2495,7,988.8,217,1,988.7,1593,4,988.6,577,8,989.5,1149,5,989.6,1003,6,989.7,522,4,989.8,1090,6,989.9,1033,8
317,2025-11-26 09:16:16+05:30,989.4,30,985.37,291579,231018.0,189493.0,986.2,989.7,981.3,986.2,117582750,1084.8,887.6,1102.5,649.1,989.0,16,1,988.7,1500,2,988.6,237,2,988.5,1567,7,988.4,1074,4,989.5,2259,10,989.6,1825,12,989.7,709,6,989.8,687,6,989.9,995,11
317,2025-11-26 09:16:16+05:30,989.0,10,985.37,291579,231018.0,189493.0,986.2,989.7,981.3,986.2,117582750,1084.8,887.6,1102.5,649.1,989.0,16,1,988.7,1500,2,988.6,237,2,988.5,1567,7,988.4,1074,4,989.5,2259,10,989.6,1825,12,989.7,709,6,989.8,687,6,989.9,995,11
317,2025-11-26 09:16:17+05:30,989.0,2,985.4,293369,234569.0,189416.0,986.2,989.7,981.3,986.2,117582750,1084.8,887.6,1102.5,649.1,989.0,28,1,988.6,2150,7,988.5,1303,8,988.4,1010,9,988.3,1189,5,989.3,93,1,989.4,269,3,989.5,2053,11,989.6,1054,10,989.7,568,6
317,2025-11-26 09:16:17+05:30,989.0,2,985.4,293369,234569.0,189416.0,986.2,989.7,981.3,986.2,117582750,1084.8,887.6,1102.5,649.1,989.0,28,1,988.6,2150,7,988.5,1303,8,988.4,1010,9,988.3,1189,5,989.3,93,1,989.4,269,3,989.5,2053,11,989.6,1054,10,989.7,568,6
317,2025-11-26 09:16:18+05:30,988.8,300,985.41,294382,241230.0,189802.0,986.2,989.7,981.3,986.2,117582750,1084.8,887.6,1102.5,649.1,988.8,1942,4,988.7,1017,5,988.6,2283,10,988.5,1429,9,988.4,1642,6,989.2,320,2,989.3,186,3,989.4,320,3,989.5,857,9,989.6,1352,10
317,2025-11-26 09:16:18+05:30,988.8,300,985.41,294382,241230.0,189802.0,986.2,989.7,981.3,986.2,117582750,1084.8,887.6,1102.5,649.1,988.8,1942,4,988.7,1017,5,988.6,2283,10,988.5,1429,9,988.4,1642,6,989.2,320,2,989.3,186,3,989.4,320,3,989.5,857,9,989.6,1352,10
317,2025-11-26 09:16:19+05:30,989.0,25,985.41,294382,241230.0,189802.0,986.2,989.7,981.3,986.2,117582750,1084.8,887.6,1102.5,649.1,988.8,1942,4,988.7,1017,5,988.6,2283,10,988.5,1429,9,988.4,1642,6,989.2,320,2,989.3,186,3,989.4,320,3,989.5,857,9,989.6,1352,10
317,2025-11-26 09:16:19+05:30,989.1,10,985.42,294828,244000.0,191386.0,986.2,989.7,981.3,986.2,117582750,1084.8,887.6,1102.5,649.1,988.8,1519,3,988.7,2627,6,988.6,1056,7,988.5,3081,15,988.4,926,6,989.1,181,2,989.2,133,2,989.3,93,1,989.4,565,3,989.5,874,9
317,2025-11-26 09:16:20+05:30,989.2,245,985.42,294828,244000.0,191386.0,986.2,989.7,981.3,986.2,117582750,1084.8,887.6,1102.5,649.1,988.8,1519,3,988.7,2627,6,988.6,1056,7,988.5,3081,15,988.4,926,6,989.1,181,2,989.2,133,2,989.3,93,1,989.4,565,3,989.5,874,9
317,2025-11-26 09:16:20+05:30,989.2,245,985.45,297910,248306.0,185408.0,986.2,989.7,981.3,986.2,117582750,1084.8,887.6,1102.5,649.1,989.2,1185,2,989.1,3164,7,989.0,1045,5,988.9,1169,7,988.8,2340,13,989.5,320,3,989.6,475,3,989.7,105,1,989.8,339,2,989.9,870,9
317,2025-11-26 09:16:21+05:30,989.2,5,985.45,297910,248306.0,185408.0,986.2,989.7,981.3,986.2,117582750,1084.8,887.6,1102.5,649.1,989.2,1185,2,989.1,3164,7,989.0,1045,5,988.9,1169,7,988.8,2340,13,989.5,320,3,989.6,475,3,989.7,105,1,989.8,339,2,989.9,870,9
317,2025-11-26 09:16:21+05:30,989.4,158,985.46,298078,247592.0,186049.0,986.2,989.7,981.3,986.2,117582750,1084.8,887.6,1102.5,649.1,989.2,1194,3,989.1,4354,9,989.0,1694,9,988.9,1418,6,988.8,2321,12,989.4,32,2,989.5,320,3,989.6,477,3,989.7,373,2,989.8,339,2
317,2025-11-26 09:16:22+05:30,989.6,618,985.46,298078,247592.0,186049.0,986.2,989.7,981.3,986.2,117582750,1084.8,887.6,1102.5,649.1,989.2,1194,3,989.1,4354,9,989.0,1694,9,988.9,1418,6,988.8,2321,12,989.4,32,2,989.5,320,3,989.6,477,3,989.7,373,2,989.8,339,2
317,2025-11-26 09:16:22+05:30,989.3,2,985.51,301972,248381.0,186768.0,986.2,990.0,981.3,986.2,117582750,1084.8,887.6,1102.5,649.1,989.2,3164,8,989.1,1893,9,989.0,2212,8,988.9,1469,7,988.8,1681,10,989.4,185,1,989.8,531,3,989.9,817,7,990.0,1654,10,990.1,910,12
317,2025-11-26 09:16:23+05:30,989.8,5,985.51,301972,248381.0,186768.0,986.2,990.0,981.3,986.2,117582750,1084.8,887.6,1102.5,649.1,989.2,3164,8,989.1,1893,9,989.0,2212,8,988.9,1469,7,988.8,1681,10,989.4,185,1,989.8,531,3,989.9,817,7,990.0,1654,10,990.1,910,12
317,2025-11-26 09:16:23+05:30,989.7,15,985.52,302716,245293.0,186466.0,986.2,990.0,981.3,986.2,117582750,1084.8,887.6,1102.5,649.1,989.3,99,2,989.2,2127,5,989.1,2359,13,989.0,2097,12,988.9,1511,7,989.7,77,2,989.8,606,3,989.9,349,4,990.0,1379,9,990.1,796,12
317,2025-11-26 09:16:24+05:30,989.6,72,985.52,302716,245293.0,186466.0,986.2,990.0,981.3,986.2,117582750,1084.8,887.6,1102.5,649.1,989.3,99,2,989.2,2127,5,989.1,2359,13,989.0,2097,12,988.9,1511,7,989.7,77,2,989.8,606,3,989.9,349,4,990.0,1379,9,990.1,796,12
317,2025-11-26 09:16:24+05:30,989.7,15,985.55,304797,238218.0,191623.0,986.2,990.0,981.3,986.2,117582750,1084.8,887.6,1102.5,649.1,989.2,127,3,989.1,71,3,989.0,66,5,988.9,499,4,988.8,1226,4,989.7,1125,9,989.8,1174,6,989.9,1338,7,990.0,1642,14,990.1,644,11
317,2025-11-26 09:16:25+05:30,989.7,212,985.55,304797,238218.0,191623.0,986.2,990.0,981.3,986.2,117582750,1084.8,887.6,1102.5,649.1,989.2,127,3,989.1,71,3,989.0,66,5,988.9,499,4,988.8,1226,4,989.7,1125,9,989.8,1174,6,989.9,1338,7,990.0,1642,14,990.1,644,11
317,2025-11-26 09:16:26+05:30,989.2,3,985.55,305430,239293.0,191733.0,986.2,990.0,981.3,986.2,117582750,1084.8,887.6,1102.5,649.1,989.2,308,4,989.1,251,2,989.0,407,8,988.9,852,7,988.8,2461,7,989.5,195,1,989.6,315,2,989.7,645,5,989.8,805,5,989.9,1160,6
317,2025-11-26 09:16:26+05:30,989.5,81,985.55,305430,239293.0,191733.0,986.2,990.0,981.3,986.2,117582750,1084.8,887.6,1102.5,649.1,989.2,308,4,989.1,251,2,989.0,407,8,988.9,852,7,988.8,2461,7,989.5,195,1,989.6,315,2,989.7,645,5,989.8,805,5,989.9,1160,6
317,2025-11-26 09:16:27+05:30,989.8,1,985.56,306191,237315.0,191450.0,986.2,990.0,981.3,986.2,117582750,1084.8,887.6,1102.5,649.1,989.2,308,4,989.1,252,3,989.0,1577,9,988.9,949,9,988.8,613,3,989.8,1170,7,989.9,1299,7,990.0,1882,12,990.1,580,7,990.2,525,10
317,2025-11-26 09:16:27+05:30,989.8,1,985.56,306191,237315.0,191450.0,986.2,990.0,981.3,986.2,117582750,1084.8,887.6,1102.5,649.1,989.2,308,4,989.1,252,3,989.0,1577,9,988.9,949,9,988.8,613,3,989.8,1170,7,989.9,1299,7,990.0,1882,12,990.1,580,7,990.2,525,10
317,2025-11-26 09:16:28+05:30,989.4,44,985.57,306498,232464.0,193653.0,986.2,990.0,981.3,986.2,117582750,1084.8,887.6,1102.5,649.1,989.2,53,2,989.1,251,2,989.0,75,6,988.9,1679,9,988.8,369,2,989.6,1573,8,989.7,1205,7,989.8,1284,8,989.9,903,6,990.0,1660,13
317,2025-11-26 09:16:28+05:30,989.4,44,985.57,306498,232464.0,193653.0,986.2,990.0,981.3,986.2,117582750,1084.8,887.6,1102.5,649.1,989.2,53,2,989.1,251,2,989.0,75,6,988.9,1679,9,988.8,369,2,989.6,1573,8,989.7,1205,7,989.8,1284,8,989.9,903,6,990.0,1660,13
317,2025-11-26 09:16:29+05:30,989.6,4,985.59,307973,237464.0,192104.0,986.2,990.0,981.3,986.2,117582750,1084.8,887.6,1102.5,649.1,989.2,219,1,989.1,973,6,989.0,3715,18,988.9,866,12,988.8,980,6,989.6,194,4,989.7,455,2,989.8,404,4,989.9,1346,6,990.0,1446,13
317,2025-11-26 09:16:29+05:30,989.6,105,985.59,307973,237464.0,192104.0,986.2,990.0,981.3,986.2,117582750,1084.8,887.6,1102.5,649.1,989.2,219,1,989.1,973,6,989.0,3715,18,988.9,866,12,988.8,980,6,989.6,194,4,989.7,455,2,989.8,404,4,989.9,1346,6,990.0,1446,13
317,2025-11-26 09:16:30+05:30,989.6,499,985.59,307973,237464.0,192104.0,986.2,990.0,981.3,986.2,117582750,1084.8,887.6,1102.5,649.1,989.2,219,1,989.1,973,6,989.0,3715,18,988.9,866,12,988.8,980,6,989.6,194,4,989.7,455,2,989.8,404,4,989.9,1346,6,990.0,1446,13
317,2025-11-26 09:16:30+05:30,989.6,1,985.62,310317,243623.0,192223.0,986.2,990.0,981.3,986.2,117582750,1084.8,887.6,1102.5,649.1,989.6,224,1,989.5,199,1,989.4,99,1,989.3,298,2,989.2,3177,9,989.7,101,3,989.8,54,2,989.9,42,1,990.0,347,3,990.1,1020,3
317,2025-11-26 09:16:31+05:30,989.4,38,985.62,310317,243623.0,192223.0,986.2,990.0,981.3,986.2,117582750,1084.8,887.6,1102.5,649.1,989.6,224,1,989.5,199,1,989.4,99,1,989.3,298,2,989.2,3177,9,989.7,101,3,989.8,54,2,989.9,42,1,990.0,347,3,990.1,1020,3
317,2025-11-26 09:16:31+05:30,989.3,1,985.62,310581,239425.0,194977.0,986.2,990.0,981.3,986.2,117582750,1084.8,887.6,1102.5,649.1,989.3,43,1,989.2,214,2,989.1,447,3,989.0,3546,13,988.9,576,4,989.6,130,1,989.7,196,4,989.8,650,6,989.9,575,4,990.0,1274,9
317,2025-11-26 09:16:32+05:30,989.2,99,985.62,310581,239425.0,194977.0,986.2,990.0,981.3,986.2,117582750,1084.8,887.6,1102.5,649.1,989.3,43,1,989.2,214,2,989.1,447,3,989.0,3546,13,988.9,576,4,989.6,130,1,989.7,196,4,989.8,650,6,989.9,575,4,990.0,1274,9
317,2025-11-26 09:16:32+05:30,989.2,99,985.63,311475,236606.0,195674.0,986.2,990.0,981.3,986.2,117582750,1084.8,887.6,1102.5,649.1,989.2,299,2,989.1,132,4,989.0,2650,11,988.9,640,8,988.8,1330,7,989.7,1201,6,989.8,688,6,989.9,531,5,990.0,1383,8,990.1,879,7
317,2025-11-26 09:16:33+05:30,989.7,228,985.63,311475,236606.0,195674.0,986.2,990.0,981.3,986.2,117582750,1084.8,887.6,1102.5,649.1,989.2,299,2,989.1,132,4,989.0,2650,11,988.9,640,8,988.8,1330,7,989.7,1201,6,989.8,688,6,989.9,531,5,990.0,1383,8,990.1,879,7
317,2025-11-26 09:16:33+05:30,989.4,101,985.65,313445,239946.0,193606.0,986.2,990.0,981.3,986.2,117582750,1084.8,887.6,1102.5,649.1,989.4,649,1,989.2,221,3,989.1,3229,11,989.0,2175,13,988.9,1664,12,989.7,743,5,989.8,152,3,989.9,202,1,990.0,627,6,990.1,730,11
317,2025-11-26 09:16:34+05:30,989.4,154,985.65,313445,239946.0,193606.0,986.2,990.0,981.3,986.2,117582750,1084.8,887.6,1102.5,649.1,989.4,649,1,989.2,221,3,989.1,3229,11,989.0,2175,13,988.9,1664,12,989.7,743,5,989.8,152,3,989.9,202,1,990.0,627,6,990.1,730,11
317,2025-11-26 09:16:34+05:30,989.4,154,985.66,313699,220935.0,193545.0,986.2,990.0,981.3,986.2,117582750,1084.8,887.6,1102.5,649.1,989.4,514,2,989.3,298,2,989.2,579,5,989.1,3490,11,989.0,1571,11,989.7,743,5,989.8,175,4,989.9,401,2,990.0,449,6,990.1,665,10
317,2025-11-26 09:16:35+05:30,989.4,5,985.66,313699,220935.0,193545.0,986.2,990.0,981.3,986.2,117582750,1084.8,887.6,1102.5,649.1,989.4,514,2,989.3,298,2,989.2,579,5,989.1,3490,11,989.0,1571,11,989.7,743,5,989.8,175,4,989.9,401,2,990.0,449,6,990.1,665,10
317,2025-11-26 09:16:35+05:30,989.6,44,985.68,315470,218375.0,194630.0,986.2,990.0,981.3,986.2,117582750,1084.8,887.6,1102.5,649.1,989.1,2499,6,989.0,1051,8,988.9,1201,8,988.8,1152,6,988.7,1488,6,989.7,510,7,989.8,903,7,989.9,947,6,990.0,962,11,990.1,1044,11
317,2025-11-26 09:16:36+05:30,989.6,10,985.68,315470,218375.0,194630.0,986.2,990.0,981.3,986.2,117582750,1084.8,887.6,1102.5,649.1,989.1,2499,6,989.0,1051,8,988.9,1201,8,988.8,1152,6,988.7,1488,6,989.7,510,7,989.8,903,7,989.9,947,6,990.0,962,11,990.1,1044,11
317,2025-11-26 09:16:36+05:30,989.7,9,985.7,317346,220019.0,196723.0,986.2,990.0,981.3,986.2,117582750,1084.8,887.6,1102.5,649.1,989.5,20,1,989.1,2559,6,989.0,1652,11,988.9,1471,9,988.8,922,6,989.7,840,8,989.8,1140,7,989.9,1012,7,990.0,998,14,990.1,1065,8
317,2025-11-26 09:16:37+05:30,989.5,137,985.7,317346,220019.0,196723.0,986.2,990.0,981.3,986.2,117582750,1084.8,887.6,1102.5,649.1,989.5,20,1,989.1,2559,6,989.0,1652,11,988.9,1471,9,988.8,922,6,989.7,840,8,989.8,1140,7,989.9,1012,7,990.0,998,14,990.1,1065,8
317,2025-11-26 09:16:38+05:30,989.7,1,985.72,318738,223823.0,196646.0,986.2,990.0,981.3,986.2,117582750,1084.8,887.6,1102.5,649.1,989.5,626,2,989.2,2570,6,989.1,1766,4,989.0,2927,14,988.9,1405,9,989.7,717,8,989.8,57,3,989.9,987,8,990.0,1027,15,990.1,835,8
317,2025-11-26 09:16:38+05:30,989.3,186,985.72,318738,223823.0,196646.0,986.2,990.0,981.3,986.2,117582750,1084.8,887.6,1102.5,649.1,989.5,626,2,989.2,2570,6,989.1,1766,4,989.0,2927,14,988.9,1405,9,989.7,717,8,989.8,57,3,989.9,987,8,990.0,1027,15,990.1,835,8
317,2025-11-26 09:16:39+05:30,989.4,172,985.76,322092,236293.0,195032.0,986.2,990.0,981.3,986.2,117582750,1084.8,887.6,1102.5,649.1,989.4,29,2,989.3,2250,3,989.2,1133,5,989.1,2635,9,989.0,2485,18,989.8,120,4,989.9,378,5,990.0,694,8,990.1,685,9,990.2,1232,8
317,2025-11-26 09:16:39+05:30,989.4,172,985.76,322092,236293.0,195032.0,986.2,990.0,981.3,986.2,117582750,1084.8,887.6,1102.5,649.1,989.4,29,2,989.3,2250,3,989.2,1133,5,989.1,2635,9,989.0,2485,18,989.8,120,4,989.9,378,5,990.0,694,8,990.1,685,9,990.2,1232,8
317,2025-11-26 09:16:40+05:30,989.9,62,985.78,324195,245939.0,192929.0,986.2,990.0,981.3,986.2,117582750,1084.8,887.6,1102.5,649.1,989.9,499,1,989.6,134,2,989.5,3106,6,989.4,1603,8,989.3,1786,4,990.0,50,1,990.1,85,1,990.2,383,5,990.3,850,4,990.4,661,6
317,2025-11-26 09:16:40+05:30,989.9,5,985.78,324195,245939.0,192929.0,986.2,990.0,981.3,986.2,117582750,1084.8,887.6,1102.5,649.1,989.9,499,1,989.6,134,2,989.5,3106,6,989.4,1603,8,989.3,1786,4,990.0,50,1,990.1,85,1,990.2,383,5,990.3,850,4,990.4,661,6
317,2025-11-26 09:16:41+05:30,989.9,384,985.8,325466,245045.0,193118.0,986.2,990.0,981.3,986.2,117582750,1084.8,887.6,1102.5,649.1,989.9,49,1,989.6,2921,7,989.5,2050,9,989.4,2576,10,989.3,1665,11,990.0,48,1,990.1,85,1,990.2,466,5,990.3,828,6,990.4,595,5
317,2025-11-26 09:16:41+05:30,989.9,384,985.8,325466,245045.0,193118.0,986.2,990.0,981.3,986.2,117582750,1084.8,887.6,1102.5,649.1,989.9,49,1,989.6,2921,7,989.5,2050,9,989.4,2576,10,989.3,1665,11,990.0,48,1,990.1,85,1,990.2,466,5,990.3,828,6,990.4,595,5
317,2025-11-26 09:16:42+05:30,990.1,21,985.8,325466,245045.0,193118.0,986.2,990.0,981.3,986.2,117582750,1084.8,887.6,1102.5,649.1,989.9,49,1,989.6,2921,7,989.5,2050,9,989.4,2576,10,989.3,1665,11,990.0,48,1,990.1,85,1,990.2,466,5,990.3,828,6,990.4,595,5
317,2025-11-26 09:16:42+05:30,990.1,21,985.8,325725,240317.0,193001.0,986.2,990.1,981.3,986.2,117582750,1084.8,887.6,1102.5,649.1,989.9,21,1,989.8,187,1,989.7,3257,10,989.6,1517,9,989.5,3193,10,990.2,34,2,990.3,396,3,990.4,430,3,990.5,527,6,990.6,710,10
317,2025-11-26 09:16:43+05:30,990.1,60,985.8,325725,240317.0,193001.0,986.2,990.1,981.3,986.2,117582750,1084.8,887.6,1102.5,649.1,989.9,21,1,989.8,187,1,989.7,3257,10,989.6,1517,9,989.5,3193,10,990.2,34,2,990.3,396,3,990.4,430,3,990.5,527,6,990.6,710,10
317,2025-11-26 09:16:43+05:30,990.1,60,985.82,326994,242134.0,184421.0,986.2,990.5,981.3,986.2,117582750,1084.8,887.6,1102.5,649.1,990.3,637,1,990.2,3,2,990.1,2446,5,990.0,743,4,989.9,650,7,990.7,186,1,990.8,270,1,990.9,187,3,991.0,1223,6,991.1,806,8
317,2025-11-26 09:16:44+05:30,990.3,121,985.82,326994,242134.0,184421.0,986.2,990.5,981.3,986.2,117582750,1084.8,887.6,1102.5,649.1,990.3,637,1,990.2,3,2,990.1,2446,5,990.0,743,4,989.9,650,7,990.7,186,1,990.8,270,1,990.9,187,3,991.0,1223,6,991.1,806,8
317,2025-11-26 09:16:44+05:30,990.6,1,985.84,328504,238147.0,193677.0,986.2,990.9,981.3,986.2,117582750,1084.8,887.6,1102.5,649.1,989.9,1934,6,989.8,60,3,989.7,291,2,989.6,1052,5,989.5,2549,10,990.5,102,2,990.6,836,4,990.7,1119,6,990.8,1688,14,990.9,1272,8
317,2025-11-26 09:16:45+05:30,990.5,41,985.84,328504,238147.0,193677.0,986.2,990.9,981.3,986.2,117582750,1084.8,887.6,1102.5,649.1,989.9,1934,6,989.8,60,3,989.7,291,2,989.6,1052,5,989.5,2549,10,990.5,102,2,990.6,836,4,990.7,1119,6,990.8,1688,14,990.9,1272,8
317,2025-11-26 09:16:45+05:30,990.5,41,985.85,329473,239223.0,194816.0,986.2,990.9,981.3,986.2,117582750,1084.8,887.6,1102.5,649.1,990.0,564,7,989.9,1830,5,989.8,959,7,989.7,533,4,989.6,706,9,990.6,741,5,990.7,1218,6,990.8,1045,10,990.9,1261,8,991.0,1610,9
317,2025-11-26 09:16:46+05:30,990.5,10,985.85,329473,239223.0,194816.0,986.2,990.9,981.3,986.2,117582750,1084.8,887.6,1102.5,649.1,990.0,564,7,989.9,1830,5,989.8,959,7,989.7,533,4,989.6,706,9,990.6,741,5,990.7,1218,6,990.8,1045,10,990.9,1261,8,991.0,1610,9
317,2025-11-26 09:16:46+05:30,990.1,10,985.89,331950,244610.0,195598.0,986.2,990.9,981.3,986.2,117582750,1084.8,887.6,1102.5,649.1,990.1,840,6,990.0,3221,11,989.9,914,8,989.8,2284,8,989.7,1244,6,990.5,90,1,990.6,278,3,990.7,131,2,990.8,788,7,990.9,1138,7
317,2025-11-26 09:16:47+05:30,990.0,46,985.89,331950,244610.0,195598.0,986.2,990.9,981.3,986.2,117582750,1084.8,887.6,1102.5,649.1,990.1,840,6,990.0,3221,11,989.9,914,8,989.8,2284,8,989.7,1244,6,990.5,90,1,990.6,278,3,990.7,131,2,990.8,788,7,990.9,1138,7
317,2025-11-26 09:16:48+05:30,990.7,750,985.94,335667,242648.0,192271.0,986.2,990.9,981.3,986.2,117582750,1084.8,887.6,1102.5,649.1,990.4,750,1,990.2,10,1,990.1,102,2,990.0,4457,11,989.9,2025,7,990.6,15,2,990.8,329,5,990.9,994,4,991.0,1810,11,991.1,629,6
317,2025-11-26 09:16:48+05:30,990.2,15,985.94,335667,242648.0,192271.0,986.2,990.9,981.3,986.2,117582750,1084.8,887.6,1102.5,649.1,990.4,750,1,990.2,10,1,990.1,102,2,990.0,4457,11,989.9,2025,7,990.6,15,2,990.8,329,5,990.9,994,4,991.0,1810,11,991.1,629,6
317,2025-11-26 09:16:49+05:30,990.6,25,985.98,338750,242408.0,197020.0,986.2,990.9,981.3,986.2,117582750,1084.8,887.6,1102.5,649.1,990.1,304,1,990.0,850,2,989.9,2807,8,989.8,804,5,989.7,1287,7,990.5,231,1,990.6,684,3,990.7,515,5,990.8,1111,9,990.9,757,6
317,2025-11-26 09:16:49+05:30,990.5,9,985.98,338750,242408.0,197020.0,986.2,990.9,981.3,986.2,117582750,1084.8,887.6,1102.5,649.1,990.1,304,1,990.0,850,2,989.9,2807,8,989.8,804,5,989.7,1287,7,990.5,231,1,990.6,684,3,990.7,515,5,990.8,1111,9,990.9,757,6
317,2025-11-26 09:16:50+05:30,990.3,83,985.99,339430,244730.0,197896.0,986.2,990.9,981.3,986.2,117582750,1084.8,887.6,1102.5,649.1,989.9,2214,8,989.8,1656,7,989.7,2959,9,989.6,1100,12,989.5,1441,7,990.3,27,2,990.4,91,1,990.5,347,4,990.6,948,6,990.7,562,5
317,2025-11-26 09:16:50+05:30,990.3,313,985.99,339430,244730.0,197896.0,986.2,990.9,981.3,986.2,117582750,1084.8,887.6,1102.5,649.1,989.9,2214,8,989.8,1656,7,989.7,2959,9,989.6,1100,12,989.5,1441,7,990.3,27,2,990.4,91,1,990.5,347,4,990.6,948,6,990.7,562,5
317,2025-11-26 09:16:51+05:30,990.0,5,986.0,340038,246401.0,198126.0,986.2,990.9,981.3,986.2,117582750,1084.8,887.6,1102.5,649.1,990.0,195,1,989.9,3445,6,989.8,2301,8,989.7,3146,10,989.6,863,7,990.3,224,4,990.4,140,2,990.5,411,3,990.6,712,4,990.7,511,6
317,2025-11-26 09:16:51+05:30,990.3,25,986.0,340038,246401.0,198126.0,986.2,990.9,981.3,986.2,117582750,1084.8,887.6,1102.5,649.1,990.0,195,1,989.9,3445,6,989.8,2301,8,989.7,3146,10,989.6,863,7,990.3,224,4,990.4,140,2,990.5,411,3,990.6,712,4,990.7,511,6
317,2025-11-26 09:16:52+05:30,990.3,2,986.01,340700,248505.0,198976.0,986.2,990.9,981.3,986.2,117582750,1084.8,887.6,1102.5,649.1,990.2,652,1,990.0,979,6,989.9,3195,7,989.8,3143,10,989.7,3067,13,990.3,178,3,990.4,60,2,990.5,47,1,990.6,592,3,990.7,832,2
317,2025-11-26 09:16:52+05:30,990.3,2,986.01,340700,248505.0,198976.0,986.2,990.9,981.3,986.2,117582750,1084.8,887.6,1102.5,649.1,990.2,652,1,990.0,979,6,989.9,3195,7,989.8,3143,10,989.7,3067,13,990.3,178,3,990.4,60,2,990.5,47,1,990.6,592,3,990.7,832,2
317,2025-11-26 09:16:53+05:30,990.4,12,986.01,341278,243815.0,199197.0,986.2,990.9,981.3,986.2,117582750,1084.8,887.6,1102.5,649.1,990.4,285,2,990.3,23,1,990.1,235,3,990.0,2353,9,989.9,2230,7,990.6,320,1,990.7,560,4,990.8,902,5,990.9,1073,8,991.0,1484,13
317,2025-11-26 09:16:53+05:30,990.4,12,986.01,341278,243815.0,199197.0,986.2,990.9,981.3,986.2,117582750,1084.8,887.6,1102.5,649.1,990.4,285,2,990.3,23,1,990.1,235,3,990.0,2353,9,989.9,2230,7,990.6,320,1,990.7,560,4,990.8,902,5,990.9,1073,8,991.0,1484,13
317,2025-11-26 09:16:54+05:30,990.5,17,986.01,341278,243815.0,199197.0,986.2,990.9,981.3,986.2,117582750,1084.8,887.6,1102.5,649.1,990.4,285,2,990.3,23,1,990.1,235,3,990.0,2353,9,989.9,2230,7,990.6,320,1,990.7,560,4,990.8,902,5,990.9,1073,8,991.0,1484,13
317,2025-11-26 09:16:54+05:30,990.5,17,986.03,342496,246742.0,197063.0,986.2,990.9,981.3,986.2,117582750,1084.8,887.6,1102.5,649.1,990.4,189,3,990.3,406,7,990.2,97,2,990.1,6257,6,990.0,2381,10,990.9,635,4,991.0,1676,12,991.1,890,6,991.2,942,5,991.3,1641,14
317,2025-11-26 09:16:55+05:30,991.0,23,986.03,342496,246742.0,197063.0,986.2,990.9,981.3,986.2,117582750,1084.8,887.6,1102.5,649.1,990.4,189,3,990.3,406,7,990.2,97,2,990.1,6257,6,990.0,2381,10,990.9,635,4,991.0,1676,12,991.1,890,6,991.2,942,5,991.3,1641,14
317,2025-11-26 09:16:55+05:30,991.0,23,986.07,345436,247835.0,195837.0,986.2,991.0,981.3,986.2,117582750,1084.8,887.6,1102.5,649.1,990.5,750,1,990.4,173,1,990.3,627,7,990.2,922,3,990.1,5957,9,990.8,26,2,990.9,346,1,991.0,883,8,991.1,887,5,991.2,953,11
317,2025-11-26 09:16:56+05:30,990.3,25,986.07,345436,247835.0,195837.0,986.2,991.0,981.3,986.2,117582750,1084.8,887.6,1102.5,649.1,990.5,750,1,990.4,173,1,990.3,627,7,990.2,922,3,990.1,5957,9,990.8,26,2,990.9,346,1,991.0,883,8,991.1,887,5,991.2,953,11
317,2025-11-26 09:16:56+05:30,990.3,5,986.08,346323,248043.0,199439.0,986.2,991.0,981.3,986.2,117582750,1084.8,887.6,1102.5,649.1,990.3,237,6,990.2,173,1,990.1,7044,9,990.0,2793,13,989.9,1635,6,990.7,169,2,990.8,325,5,990.9,961,6,991.0,1241,10,991.1,1399,11
317,2025-11-26 09:16:57+05:30,990.3,28,986.08,346323,248043.0,199439.0,986.2,991.0,981.3,986.2,117582750,1084.8,887.6,1102.5,649.1,990.3,237,6,990.2,173,1,990.1,7044,9,990.0,2793,13,989.9,1635,6,990.7,169,2,990.8,325,5,990.9,961,6,991.0,1241,10,991.1,1399,11
317,2025-11-26 09:16:57+05:30,990.3,28,986.1,347662,249241.0,201338.0,986.2,991.0,981.3,986.2,117582750,1084.8,887.6,1102.5,649.1,990.3,32,2,990.2,173,1,990.1,6676,9,990.0,2406,10,989.9,3135,8,990.6,10,1,990.7,243,3,990.8,1650,10,990.9,663,6,991.0,607,8
317,2025-11-26 09:16:58+05:30,990.8,15,986.1,347662,249241.0,201338.0,986.2,991.0,981.3,986.2,117582750,1084.8,887.6,1102.5,649.1,990.3,32,2,990.2,173,1,990.1,6676,9,990.0,2406,10,989.9,3135,8,990.6,10,1,990.7,243,3,990.8,1650,10,990.9,663,6,991.0,607,8
317,2025-11-26 09:16:58+05:30,990.4,77,986.13,350494,252997.0,201781.0,986.2,991.0,981.3,986.2,117582750,1084.8,887.6,1102.5,649.1,990.4,96,1,990.3,2584,6,990.2,2228,9,990.1,6252,11,990.0,3482,13,990.6,105,1,990.8,577,7,990.9,347,3,991.0,988,7,991.1,987,10
317,2025-11-26 09:16:59+05:30,990.6,338,986.13,350494,252997.0,201781.0,986.2,991.0,981.3,986.2,117582750,1084.8,887.6,1102.5,649.1,990.4,96,1,990.3,2584,6,990.2,2228,9,990.1,6252,11,990.0,3482,13,990.6,105,1,990.8,577,7,990.9,347,3,991.0,988,7,991.1,987,10
317,2025-11-26 09:16:59+05:30,990.6,10,986.15,352250,253247.0,202568.0,986.2,991.0,981.3,986.2,117582750,1084.8,887.6,1102.5,649.1,990.5,98,1,990.4,100,1,990.3,3480,6,990.2,2142,7,990.1,6864,13,990.6,415,1,990.8,715,8,990.9,362,4,991.0,2180,11,991.1,831,11
317,2025-11-26 09:17:00+05:30,990.6,122,986.15,352250,253247.0,202568.0,986.2,991.0,981.3,986.2,117582750,1084.8,887.6,1102.5,649.1,990.5,98,1,990.4,100,1,990.3,3480,6,990.2,2142,7,990.1,6864,13,990.6,415,1,990.8,715,8,990.9,362,4,991.0,2180,11,991.1,831,11
317,2025-11-26 09:17:00+05:30,990.6,2,986.18,354716,253767.0,203848.0,986.2,991.0,981.3,986.2,117582750,1084.8,887.6,1102.5,649.1,990.3,3910,7,990.2,2020,7,990.1,6756,11,990.0,1887,12,989.9,1683,8,990.6,270,2,990.8,715,8,990.9,1176,6,991.0,1662,11,991.1,1191,15
317,2025-11-26 09:17:01+05:30,990.6,188,986.18,354716,253767.0,203848.0,986.2,991.0,981.3,986.2,117582750,1084.8,887.6,1102.5,649.1,990.3,3910,7,990.2,2020,7,990.1,6756,11,990.0,1887,12,989.9,1683,8,990.6,270,2,990.8,715,8,990.9,1176,6,991.0,1662,11,991.1,1191,15
317,2025-11-26 09:17:02+05:30,990.5,189,986.2,355806,253126.0,205401.0,986.2,991.0,981.3,986.2,117582750,1084.8,887.6,1102.5,649.1,990.3,2975,5,990.2,1767,5,990.1,6773,11,990.0,3014,15,989.9,1683,8,990.6,267,1,990.7,32,2,990.8,1042,11,990.9,1861,9,991.0,1732,13
317,2025-11-26 09:17:03+05:30,990.6,117,986.21,356430,254700.0,202221.0,986.2,991.0,981.3,986.2,117582750,1084.8,887.6,1102.5,649.1,990.5,750,1,990.4,241,1,990.3,4117,9,990.2,2210,9,990.1,7169,15,990.6,214,1,990.7,1,1,990.8,676,8,990.9,580,3,991.0,1389,8
317,2025-11-26 09:17:03+05:30,990.6,117,986.21,356430,254700.0,202221.0,986.2,991.0,981.3,986.2,117582750,1084.8,887.6,1102.5,649.1,990.5,750,1,990.4,241,1,990.3,4117,9,990.2,2210,9,990.1,7169,15,990.6,214,1,990.7,1,1,990.8,676,8,990.9,580,3,991.0,1389,8
317,2025-11-26 09:17:04+05:30,990.9,1,986.26,360861,252913.0,195705.0,986.2,991.5,981.3,986.2,117582750,1084.8,887.6,1102.5,649.1,991.0,750,1,990.9,86,1,990.8,2490,6,990.7,2125,7,990.6,1086,5,991.4,11,1,991.5,511,2,991.6,713,4,991.7,1152,9,991.8,1183,11
317,2025-11-26 09:17:04+05:30,991.0,316,986.26,360861,252913.0,195705.0,986.2,991.5,981.3,986.2,117582750,1084.8,887.6,1102.5,649.1,991.0,750,1,990.9,86,1,990.8,2490,6,990.7,2125,7,990.6,1086,5,991.4,11,1,991.5,511,2,991.6,713,4,991.7,1152,9,991.8,1183,11
317,2025-11-26 09:17:05+05:30,991.4,423,986.28,361661,254902.0,197544.0,986.2,991.5,981.3,986.2,117582750,1084.8,887.6,1102.5,649.1,991.0,545,3,990.9,2882,9,990.8,3323,10,990.7,3129,10,990.6,612,6,991.4,31,2,991.6,99,1,991.7,1063,5,991.8,829,12,991.9,1679,10
317,2025-11-26 09:17:05+05:30,991.4,423,986.28,361661,254902.0,197544.0,986.2,991.5,981.3,986.2,117582750,1084.8,887.6,1102.5,649.1,991.0,545,3,990.9,2882,9,990.8,3323,10,990.7,3129,10,990.6,612,6,991.4,31,2,991.6,99,1,991.7,1063,5,991.8,829,12,991.9,1679,10
317,2025-11-26 09:17:06+05:30,991.3,500,986.32,364665,245682.0,203351.0,986.2,991.5,981.3,986.2,117582750,1084.8,887.6,1102.5,649.1,991.2,596,1,991.0,16,1,990.8,133,2,990.7,202,1,990.6,567,3,991.3,130,1,991.4,560,5,991.5,742,5,991.6,708,5,991.7,1002,6
317,2025-11-26 09:17:06+05:30,991.3,500,986.32,364665,245682.0,203351.0,986.2,991.5,981.3,986.2,117582750,1084.8,887.6,1102.5,649.1,991.2,596,1,991.0,16,1,990.8,133,2,990.7,202,1,990.6,567,3,991.3,130,1,991.4,560,5,991.5,742,5,991.6,708,5,991.7,1002,6
317,2025-11-26 09:17:07+05:30,990.8,37,986.32,364665,245682.0,203351.0,986.2,991.5,981.3,986.2,117582750,1084.8,887.6,1102.5,649.1,991.2,596,1,991.0,16,1,990.8,133,2,990.7,202,1,990.6,567,3,991.3,130,1,991.4,560,5,991.5,742,5,991.6,708,5,991.7,1002,6
317,2025-11-26 09:17:07+05:30,990.8,37,986.34,366211,245217.0,206648.0,986.2,991.5,981.3,986.2,117582750,1084.8,887.6,1102.5,649.1,990.7,87,1,990.6,1220,5,990.5,2129,9,990.4,1493,10,990.3,1554,12,991.3,846,6,991.4,1343,10,991.5,1484,8,991.6,1266,10,991.7,940,8
317,2025-11-26 09:17:08+05:30,991.1,15,986.34,366211,245217.0,206648.0,986.2,991.5,981.3,986.2,117582750,1084.8,887.6,1102.5,649.1,990.7,87,1,990.6,1220,5,990.5,2129,9,990.4,1493,10,990.3,1554,12,991.3,846,6,991.4,1343,10,991.5,1484,8,991.6,1266,10,991.7,940,8
317,2025-11-26 09:17:08+05:30,991.1,216,986.35,367692,251415.0,202796.0,986.2,991.5,981.3,986.2,117582750,1084.8,887.6,1102.5,649.1,990.8,634,4,990.7,3273,13,990.6,1692,9,990.5,2585,10,990.4,1441,13,991.1,25,1,991.3,562,3,991.4,328,4,991.5,405,5,991.6,1403,6
317,2025-11-26 09:17:09+05:30,990.7,212,986.35,367692,251415.0,202796.0,986.2,991.5,981.3,986.2,117582750,1084.8,887.6,1102.5,649.1,990.8,634,4,990.7,3273,13,990.6,1692,9,990.5,2585,10,990.4,1441,13,991.1,25,1,991.3,562,3,991.4,328,4,991.5,405,5,991.6,1403,6
317,2025-11-26 09:17:09+05:30,991.1,165,986.37,369308,251117.0,203850.0,986.2,991.5,981.3,986.2,117582750,1084.8,887.6,1102.5,649.1,990.7,3024,5,990.6,1819,8,990.5,1551,6,990.4,1220,6,990.3,2296,11,991.1,398,2,991.2,161,2,991.3,1124,7,991.4,857,8,991.5,293,4
317,2025-11-26 09:17:10+05:30,991.1,10,986.37,369308,251117.0,203850.0,986.2,991.5,981.3,986.2,117582750,1084.8,887.6,1102.5,649.1,990.7,3024,5,990.6,1819,8,990.5,1551,6,990.4,1220,6,990.3,2296,11,991.1,398,2,991.2,161,2,991.3,1124,7,991.4,857,8,991.5,293,4
317,2025-11-26 09:17:10+05:30,991.0,192,986.39,370915,247928.0,207788.0,986.2,991.5,981.3,986.2,117582750,1084.8,887.6,1102.5,649.1,990.7,750,1,990.6,1520,3,990.5,6,2,990.4,2737,7,990.3,1276,9,991.0,11,1,991.1,855,5,991.2,1282,12,991.3,1255,8,991.4,1091,8
317,2025-11-26 09:17:11+05:30,991.0,108,986.39,370915,247928.0,207788.0,986.2,991.5,981.3,986.2,117582750,1084.8,887.6,1102.5,649.1,990.7,750,1,990.6,1520,3,990.5,6,2,990.4,2737,7,990.3,1276,9,991.0,11,1,991.1,855,5,991.2,1282,12,991.3,1255,8,991.4,1091,8
317,2025-11-26 09:17:11+05:30,991.0,284,986.43,373769,244118.0,211642.0,986.2,991.5,981.3,986.2,117582750,1084.8,887.6,1102.5,649.1,990.6,30,2,990.5,4,1,990.4,2251,4,990.3,1805,12,990.2,1726,12,991.0,1145,7,991.1,357,4,991.2,1225,12,991.3,1063,7,991.4,1245,8
317,2025-11-26 09:17:12+05:30,991.0,50,986.43,373769,244118.0,211642.0,986.2,991.5,981.3,986.2,117582750,1084.8,887.6,1102.5,649.1,990.6,30,2,990.5,4,1,990.4,2251,4,990.3,1805,12,990.2,1726,12,991.0,1145,7,991.1,357,4,991.2,1225,12,991.3,1063,7,991.4,1245,8
317,2025-11-26 09:17:13+05:30,990.6,28,986.45,375571,247032.0,211666.0,986.2,991.5,981.3,986.2,117582750,1084.8,887.6,1102.5,649.1,990.6,55,3,990.5,274,2,990.4,4478,11,990.3,1716,15,990.2,1741,12,991.0,355,1,991.1,370,3,991.2,546,9,991.3,988,9,991.4,1652,11
317,2025-11-26 09:17:13+05:30,990.5,15,986.45,375571,247032.0,211666.0,986.2,991.5,981.3,986.2,117582750,1084.8,887.6,1102.5,649.1,990.6,55,3,990.5,274,2,990.4,4478,11,990.3,1716,15,990.2,1741,12,991.0,355,1,991.1,370,3,991.2,546,9,991.3,988,9,991.4,1652,11
317,2025-11-26 09:17:14+05:30,990.8,222,986.45,375936,248390.0,214261.0,986.2,991.5,981.3,986.2,117582750,1084.8,887.6,1102.5,649.1,990.5,149,3,990.4,2521,5,990.3,3455,17,990.2,2925,10,990.1,4590,6,990.8,159,1,990.9,222,1,991.0,879,2,991.1,871,6,991.2,1485,18
317,2025-11-26 09:17:14+05:30,991.0,1,986.45,375936,248390.0,214261.0,986.2,991.5,981.3,986.2,117582750,1084.8,887.6,1102.5,649.1,990.5,149,3,990.4,2521,5,990.3,3455,17,990.2,2925,10,990.1,4590,6,990.8,159,1,990.9,222,1,991.0,879,2,991.1,871,6,991.2,1485,18
317,2025-11-26 09:17:15+05:30,990.4,69,986.46,376714,248496.0,215636.0,986.2,991.5,981.3,986.2,117582750,1084.8,887.6,1102.5,649.1,990.6,300,1,990.4,2451,4,990.3,1950,13,990.2,3255,12,990.1,4745,8,990.9,385,4,991.0,1043,6,991.1,1155,9,991.2,1832,17,991.3,1258,13
317,2025-11-26 09:17:15+05:30,990.4,12,986.46,376714,248496.0,215636.0,986.2,991.5,981.3,986.2,117582750,1084.8,887.6,1102.5,649.1,990.6,300,1,990.4,2451,4,990.3,1950,13,990.2,3255,12,990.1,4745,8,990.9,385,4,991.0,1043,6,991.1,1155,9,991.2,1832,17,991.3,1258,13
317,2025-11-26 09:17:16+05:30,990.4,19,986.47,377079,249846.0,215141.0,986.2,991.5,981.3,986.2,117582750,1084.8,887.6,1102.5,649.1,990.4,3305,6,990.3,2903,16,990.2,3221,11,990.1,4848,8,990.0,4081,23,990.9,514,2,991.0,1091,5,991.1,941,8,991.2,1509,16,991.3,707,10
317,2025-11-26 09:17:16+05:30,990.4,15,986.47,377079,249846.0,215141.0,986.2,991.5,981.3,986.2,117582750,1084.8,887.6,1102.5,649.1,990.4,3305,6,990.3,2903,16,990.2,3221,11,990.1,4848,8,990.0,4081,23,990.9,514,2,991.0,1091,5,991.1,941,8,991.2,1509,16,991.3,707,10
317,2025-11-26 09:17:17+05:30,990.4,134,986.48,378206,248229.0,215002.0,986.2,991.5,981.3,986.2,117582750,1084.8,887.6,1102.5,649.1,990.4,2378,5,990.3,1994,14,990.2,3222,12,990.1,4848,8,990.0,4081,23,990.9,114,1,991.0,677,4,991.1,1175,8,991.2,1858,19,991.3,724,11
317,2025-11-26 09:17:17+05:30,990.4,5,986.48,378206,248229.0,215002.0,986.2,991.5,981.3,986.2,117582750,1084.8,887.6,1102.5,649.1,990.4,2378,5,990.3,1994,14,990.2,3222,12,990.1,4848,8,990.0,4081,23,990.9,114,1,991.0,677,4,991.1,1175,8,991.2,1858,19,991.3,724,11
317,2025-11-26 09:17:18+05:30,990.8,1,986.5,379598,252336.0,212300.0,986.2,991.5,981.3,986.2,117582750,1084.8,887.6,1102.5,649.1,990.8,992,3,990.7,1894,4,990.6,1095,4,990.5,2242,9,990.4,1802,7,991.0,598,3,991.1,581,6,991.2,126,3,991.3,249,3,991.4,628,6
317,2025-11-26 09:17:18+05:30,990.8,1,986.5,379598,252336.0,212300.0,986.2,991.5,981.3,986.2,117582750,1084.8,887.6,1102.5,649.1,990.8,992,3,990.7,1894,4,990.6,1095,4,990.5,2242,9,990.4,1802,7,991.0,598,3,991.1,581,6,991.2,126,3,991.3,249,3,991.4,628,6
317,2025-11-26 09:17:19+05:30,990.5,7,986.51,380490,247970.0,215017.0,986.2,991.5,981.3,986.2,117582750,1084.8,887.6,1102.5,649.1,990.5,830,2,990.4,3235,5,990.3,2130,11,990.2,2921,9,990.1,4561,7,990.9,1,1,991.0,900,7,991.1,732,5,991.2,657,6,991.3,828,9
317,2025-11-26 09:17:19+05:30,991.0,29,986.51,380490,247970.0,215017.0,986.2,991.5,981.3,986.2,117582750,1084.8,887.6,1102.5,649.1,990.5,830,2,990.4,3235,5,990.3,2130,11,990.2,2921,9,990.1,4561,7,990.9,1,1,991.0,900,7,991.1,732,5,991.2,657,6,991.3,828,9
317,2025-11-26 09:17:20+05:30,990.9,3,986.51,380490,247970.0,215017.0,986.2,991.5,981.3,986.2,117582750,1084.8,887.6,1102.5,649.1,990.5,830,2,990.4,3235,5,990.3,2130,11,990.2,2921,9,990.1,4561,7,990.9,1,1,991.0,900,7,991.1,732,5,991.2,657,6,991.3,828,9
317,2025-11-26 09:17:20+05:30,990.5,53,986.51,380656,247399.0,217207.0,986.2,991.5,981.3,986.2,117582750,1084.8,887.6,1102.5,649.1,990.5,17,1,990.4,2250,3,990.3,1421,10,990.2,3064,11,990.1,4695,8,990.8,87,1,990.9,766,5,991.0,3178,11,991.1,1000,7,991.2,971,10
317,2025-11-26 09:17:21+05:30,990.8,11,986.51,380656,247399.0,217207.0,986.2,991.5,981.3,986.2,117582750,1084.8,887.6,1102.5,649.1,990.5,17,1,990.4,2250,3,990.3,1421,10,990.2,3064,11,990.1,4695,8,990.8,87,1,990.9,766,5,991.0,3178,11,991.1,1000,7,991.2,971,10
317,2025-11-26 09:17:21+05:30,990.5,8,986.51,380774,249956.0,217724.0,986.2,991.5,981.3,986.2,117582750,1084.8,887.6,1102.5,649.1,990.5,9,1,990.4,3328,6,990.3,3193,18,990.2,3036,12,990.1,5039,10,990.7,32,1,990.8,189,1,990.9,477,3,991.0,3041,11,991.1,1289,9
317,2025-11-26 09:17:22+05:30,990.9,357,986.51,380774,249956.0,217724.0,986.2,991.5,981.3,986.2,117582750,1084.8,887.6,1102.5,649.1,990.5,9,1,990.4,3328,6,990.3,3193,18,990.2,3036,12,990.1,5039,10,990.7,32,1,990.8,189,1,990.9,477,3,991.0,3041,11,991.1,1289,9
317,2025-11-26 09:17:22+05:30,990.9,357,986.53,382288,247033.0,215954.0,986.2,991.5,981.3,986.2,117582750,1084.8,887.6,1102.5,649.1,990.5,2032,10,990.4,2907,8,990.3,3034,17,990.2,1488,10,990.1,5364,9,990.9,17,2,991.0,2540,7,991.1,436,3,991.2,841,11,991.3,1080,11
317,2025-11-26 09:17:23+05:30,990.5,66,986.53,382491,251097.0,215686.0,986.2,991.5,981.3,986.2,117582750,1084.8,887.6,1102.5,649.1,990.5,2533,6,990.4,3656,11,990.3,3074,15,990.2,1482,9,990.1,5566,10,990.7,33,1,990.9,12,2,991.0,2549,8,991.1,166,2,991.2,1277,12
317,2025-11-26 09:17:24+05:30,990.7,2,986.53,382491,251097.0,215686.0,986.2,991.5,981.3,986.2,117582750,1084.8,887.6,1102.5,649.1,990.5,2533,6,990.4,3656,11,990.3,3074,15,990.2,1482,9,990.1,5566,10,990.7,33,1,990.9,12,2,991.0,2549,8,991.1,166,2,991.2,1277,12
317,2025-11-26 09:17:25+05:30,990.7,326,986.54,383788,255657.0,214109.0,986.2,991.5,981.3,986.2,117582750,1084.8,887.6,1102.5,649.1,990.7,4580,8,990.6,3369,6,990.5,2433,11,990.4,1578,9,990.3,3002,15,990.8,153,1,990.9,21,3,991.0,2550,8,991.1,166,2,991.2,201,3
317,2025-11-26 09:17:25+05:30,990.3,178,986.54,383788,255657.0,214109.0,986.2,991.5,981.3,986.2,117582750,1084.8,887.6,1102.5,649.1,990.7,4580,8,990.6,3369,6,990.5,2433,11,990.4,1578,9,990.3,3002,15,990.8,153,1,990.9,21,3,991.0,2550,8,991.1,166,2,991.2,201,3
317,2025-11-26 09:17:26+05:30,989.7,729,986.7,400983,223846.0,224215.0,986.2,991.5,981.3,986.2,117582750,1084.8,887.6,1102.5,649.1,989.7,750,1,989.6,750,1,989.5,1600,3,989.4,2103,3,989.3,1414,9,990.0,482,4,990.1,571,5,990.2,601,5,990.3,1119,7,990.4,1733,15
317,2025-11-26 09:17:26+05:30,990.0,2,986.7,400983,223846.0,224215.0,986.2,991.5,981.3,986.2,117582750,1084.8,887.6,1102.5,649.1,989.7,750,1,989.6,750,1,989.5,1600,3,989.4,2103,3,989.3,1414,9,990.0,482,4,990.1,571,5,990.2,601,5,990.3,1119,7,990.4,1733,15
317,2025-11-26 09:17:27+05:30,990.0,150,986.71,402032,226909.0,224186.0,986.2,991.5,981.3,986.2,117582750,1084.8,887.6,1102.5,649.1,989.7,1367,3,989.6,1500,2,989.5,358,7,989.4,4011,10,989.3,1315,8,990.0,231,3,990.1,753,6,990.2,601,5,990.3,1230,10,990.4,1232,13
317,2025-11-26 09:17:27+05:30,990.0,150,986.71,402032,226909.0,224186.0,986.2,991.5,981.3,986.2,117582750,1084.8,887.6,1102.5,649.1,989.7,1367,3,989.6,1500,2,989.5,358,7,989.4,4011,10,989.3,1315,8,990.0,231,3,990.1,753,6,990.2,601,5,990.3,1230,10,990.4,1232,13
317,2025-11-26 09:17:28+05:30,989.9,5,986.71,402162,226150.0,227796.0,986.2,991.5,981.3,986.2,117582750,1084.8,887.6,1102.5,649.1,989.7,766,2,989.5,100,1,989.4,2103,3,989.3,627,4,989.2,2071,5,989.9,1527,8,990.0,438,4,990.1,911,9,990.2,1494,10,990.3,1439,12
317,2025-11-26 09:17:28+05:30,989.6,159,986.71,402162,226150.0,227796.0,986.2,991.5,981.3,986.2,117582750,1084.8,887.6,1102.5,649.1,989.7,766,2,989.5,100,1,989.4,2103,3,989.3,627,4,989.2,2071,5,989.9,1527,8,990.0,438,4,990.1,911,9,990.2,1494,10,990.3,1439,12
317,2025-11-26 09:17:29+05:30,989.7,1402,986.77,410842,232588.0,226227.0,986.2,991.5,981.3,986.2,117582750,1084.8,887.6,1102.5,649.1,989.6,511,1,989.5,1737,3,989.4,512,4,989.3,2477,7,989.2,2582,12,989.8,11,1,989.9,323,2,990.0,394,1,990.1,182,1,990.2,911,6
317,2025-11-26 09:17:29+05:30,989.7,1402,986.77,410842,232588.0,226227.0,986.2,991.5,981.3,986.2,117582750,1084.8,887.6,1102.5,649.1,989.6,511,1,989.5,1737,3,989.4,512,4,989.3,2477,7,989.2,2582,12,989.8,11,1,989.9,323,2,990.0,394,1,990.1,182,1,990.2,911,6
317,2025-11-26 09:17:30+05:30,989.9,8,986.77,410842,232588.0,226227.0,986.2,991.5,981.3,986.2,117582750,1084.8,887.6,1102.5,649.1,989.6,511,1,989.5,1737,3,989.4,512,4,989.3,2477,7,989.2,2582,12,989.8,11,1,989.9,323,2,990.0,394,1,990.1,182,1,990.2,911,6
317,2025-11-26 09:17:30+05:30,989.9,8,986.79,413216,230760.0,226610.0,986.2,991.5,981.3,986.2,117582750,1084.8,887.6,1102.5,649.1,989.6,3,1,989.5,1770,3,989.4,1168,7,989.3,2717,8,989.2,2694,10,989.9,5,1,990.0,395,2,990.1,182,1,990.2,942,5,990.3,1960,17
317,2025-11-26 09:17:31+05:30,989.7,520,986.79,413216,230760.0,226610.0,986.2,991.5,981.3,986.2,117582750,1084.8,887.6,1102.5,649.1,989.6,3,1,989.5,1770,3,989.4,1168,7,989.3,2717,8,989.2,2694,10,989.9,5,1,990.0,395,2,990.1,182,1,990.2,942,5,990.3,1960,17
317,2025-11-26 09:17:31+05:30,989.8,10,986.8,414759,226993.0,228483.0,986.2,991.5,981.3,986.2,117582750,1084.8,887.6,1102.5,649.1,989.7,87,1,989.6,3,1,989.3,56,1,989.2,1370,4,989.1,2484,11,989.8,333,3,989.9,606,3,990.0,639,7,990.1,1426,7,990.2,1654,10
317,2025-11-26 09:17:32+05:30,989.6,21,986.8,414759,226993.0,228483.0,986.2,991.5,981.3,986.2,117582750,1084.8,887.6,1102.5,649.1,989.7,87,1,989.6,3,1,989.3,56,1,989.2,1370,4,989.1,2484,11,989.8,333,3,989.9,606,3,990.0,639,7,990.1,1426,7,990.2,1654,10
317,2025-11-26 09:17:32+05:30,989.8,77,986.8,415485,232054.0,228427.0,986.2,991.5,981.3,986.2,117582750,1084.8,887.6,1102.5,649.1,989.8,394,1,989.6,750,1,989.5,232,1,989.4,2625,9,989.3,602,5,989.9,402,3,990.0,162,3,990.1,326,3,990.2,1352,7,990.3,1592,11
317,2025-11-26 09:17:33+05:30,989.3,166,986.8,415485,232054.0,228427.0,986.2,991.5,981.3,986.2,117582750,1084.8,887.6,1102.5,649.1,989.8,394,1,989.6,750,1,989.5,232,1,989.4,2625,9,989.3,602,5,989.9,402,3,990.0,162,3,990.1,326,3,990.2,1352,7,990.3,1592,11
317,2025-11-26 09:17:33+05:30,989.3,166,986.81,416767,232023.0,228650.0,986.2,991.5,981.3,986.2,117582750,1084.8,887.6,1102.5,649.1,989.3,551,3,989.2,3160,8,989.1,1507,9,989.0,1409,15,988.9,2542,10,989.6,70,1,989.8,202,1,989.9,415,6,990.0,1263,11,990.1,1115,9
317,2025-11-26 09:17:34+05:30,989.6,1,986.81,416767,232023.0,228650.0,986.2,991.5,981.3,986.2,117582750,1084.8,887.6,1102.5,649.1,989.3,551,3,989.2,3160,8,989.1,1507,9,989.0,1409,15,988.9,2542,10,989.6,70,1,989.8,202,1,989.9,415,6,990.0,1263,11,990.1,1115,9
317,2025-11-26 09:17:34+05:30,989.6,1,986.81,417004,228622.0,230725.0,986.2,991.5,981.3,986.2,117582750,1084.8,887.6,1102.5,649.1,989.3,155,2,989.2,1045,3,989.1,544,4,989.0,2294,14,988.9,2404,14,989.6,69,1,989.7,11,1,989.8,529,2,989.9,874,9,990.0,2046,19
317,2025-11-26 09:17:35+05:30,989.3,25,986.81,417004,228622.0,230725.0,986.2,991.5,981.3,986.2,117582750,1084.8,887.6,1102.5,649.1,989.3,155,2,989.2,1045,3,989.1,544,4,989.0,2294,14,988.9,2404,14,989.6,69,1,989.7,11,1,989.8,529,2,989.9,874,9,990.0,2046,19
317,2025-11-26 09:17:36+05:30,989.5,58,986.82,417489,226323.0,231671.0,986.2,991.5,981.3,986.2,117582750,1084.8,887.6,1102.5,649.1,989.2,536,2,989.1,351,3,989.0,2003,11,988.9,1553,8,988.8,1673,12,989.7,110,2,989.8,1389,7,989.9,989,12,990.0,2204,18,990.1,990,7
317,2025-11-26 09:17:36+05:30,989.7,9,986.82,417489,226323.0,231671.0,986.2,991.5,981.3,986.2,117582750,1084.8,887.6,1102.5,649.1,989.2,536,2,989.1,351,3,989.0,2003,11,988.9,1553,8,988.8,1673,12,989.7,110,2,989.8,1389,7,989.9,989,12,990.0,2204,18,990.1,990,7
317,2025-11-26 09:17:37+05:30,989.7,378,986.82,418421,228409.0,230716.0,986.2,991.5,981.3,986.2,117582750,1084.8,887.6,1102.5,649.1,989.6,13,2,989.3,167,3,989.2,903,4,989.1,645,6,989.0,2549,15,989.8,697,3,989.9,836,9,990.0,741,7,990.1,1463,8,990.2,1062,10
317,2025-11-26 09:17:37+05:30,989.3,63,986.82,418421,228409.0,230716.0,986.2,991.5,981.3,986.2,117582750,1084.8,887.6,1102.5,649.1,989.6,13,2,989.3,167,3,989.2,903,4,989.1,645,6,989.0,2549,15,989.8,697,3,989.9,836,9,990.0,741,7,990.1,1463,8,990.2,1062,10
317,2025-11-26 09:17:38+05:30,989.3,87,986.83,419325,232234.0,228507.0,986.2,991.5,981.3,986.2,117582750,1084.8,887.6,1102.5,649.1,989.4,2539,6,989.3,1250,8,989.2,2965,15,989.1,830,7,989.0,2096,12,989.8,341,2,989.9,346,6,990.0,301,7,990.1,942,6,990.2,1238,10
317,2025-11-26 09:17:38+05:30,989.3,87,986.83,419325,232234.0,228507.0,986.2,991.5,981.3,986.2,117582750,1084.8,887.6,1102.5,649.1,989.4,2539,6,989.3,1250,8,989.2,2965,15,989.1,830,7,989.0,2096,12,989.8,341,2,989.9,346,6,990.0,301,7,990.1,942,6,990.2,1238,10
317,2025-11-26 09:17:39+05:30,989.3,87,986.83,419325,234430.0,228525.0,986.2,991.5,981.3,986.2,117582750,1084.8,887.6,1102.5,649.1,989.4,3439,9,989.3,2510,13,989.2,2949,14,989.1,993,8,989.0,2096,12,989.8,338,2,989.9,346,6,990.0,300,6,990.1,754,5,990.2,1161,10
317,2025-11-26 09:17:39+05:30,989.8,5,986.83,419325,234430.0,228525.0,986.2,991.5,981.3,986.2,117582750,1084.8,887.6,1102.5,649.1,989.4,3439,9,989.3,2510,13,989.2,2949,14,989.1,993,8,989.0,2096,12,989.8,338,2,989.9,346,6,990.0,300,6,990.1,754,5,990.2,1161,10
317,2025-11-26 09:17:40+05:30,989.8,4,986.83,419540,230361.0,229601.0,986.2,991.5,981.3,986.2,117582750,1084.8,887.6,1102.5,649.1,989.3,80,1,989.2,899,4,989.1,2967,11,989.0,3399,16,988.9,948,11,989.7,96,2,989.8,779,5,989.9,563,9,990.0,1182,11,990.1,1210,5
317,2025-11-26 09:17:40+05:30,989.8,4,986.83,419540,230361.0,229601.0,986.2,991.5,981.3,986.2,117582750,1084.8,887.6,1102.5,649.1,989.3,80,1,989.2,899,4,989.1,2967,11,989.0,3399,16,988.9,948,11,989.7,96,2,989.8,779,5,989.9,563,9,990.0,1182,11,990.1,1210,5
317,2025-11-26 09:17:41+05:30,989.5,200,986.83,419742,234382.0,231314.0,986.2,991.5,981.3,986.2,117582750,1084.8,887.6,1102.5,649.1,989.2,1508,8,989.1,2565,9,989.0,2991,16,988.9,2537,12,988.8,1504,9,989.5,48,1,989.7,606,4,989.8,466,5,989.9,1110,14,990.0,1618,18
317,2025-11-26 09:17:41+05:30,989.5,200,986.83,419742,234382.0,231314.0,986.2,991.5,981.3,986.2,117582750,1084.8,887.6,1102.5,649.1,989.2,1508,8,989.1,2565,9,989.0,2991,16,988.9,2537,12,988.8,1504,9,989.5,48,1,989.7,606,4,989.8,466,5,989.9,1110,14,990.0,1618,18
317,2025-11-26 09:17:42+05:30,989.3,5,986.83,419751,230415.0,232880.0,986.2,991.5,981.3,986.2,117582750,1084.8,887.6,1102.5,649.1,989.3,265,1,989.2,595,4,989.1,1062,4,989.0,1608,13,988.9,943,6,989.5,410,2,989.6,602,2,989.7,1022,6,989.8,1001,7,989.9,1518,13
317,2025-11-26 09:17:42+05:30,989.3,5,986.83,419751,230415.0,232880.0,986.2,991.5,981.3,986.2,117582750,1084.8,887.6,1102.5,649.1,989.3,265,1,989.2,595,4,989.1,1062,4,989.0,1608,13,988.9,943,6,989.5,410,2,989.6,602,2,989.7,1022,6,989.8,1001,7,989.9,1518,13
317,2025-11-26 09:17:43+05:30,989.3,112,986.83,419751,230415.0,232880.0,986.2,991.5,981.3,986.2,117582750,1084.8,887.6,1102.5,649.1,989.3,265,1,989.2,595,4,989.1,1062,4,989.0,1608,13,988.9,943,6,989.5,410,2,989.6,602,2,989.7,1022,6,989.8,1001,7,989.9,1518,13
317,2025-11-26 09:17:43+05:30,989.3,112,986.83,420150,229175.0,234125.0,986.2,991.5,981.3,986.2,117582750,1084.8,887.6,1102.5,649.1,989.3,129,1,989.2,551,3,989.1,1,1,989.0,487,9,988.9,3254,10,989.5,798,5,989.6,1036,5,989.7,868,6,989.8,1029,8,989.9,1545,16
317,2025-11-26 09:17:44+05:30,989.3,15,986.83,420150,229175.0,234125.0,986.2,991.5,981.3,986.2,117582750,1084.8,887.6,1102.5,649.1,989.3,129,1,989.2,551,3,989.1,1,1,989.0,487,9,988.9,3254,10,989.5,798,5,989.6,1036,5,989.7,868,6,989.8,1029,8,989.9,1545,16
317,2025-11-26 09:17:44+05:30,989.3,15,986.84,420472,235525.0,232875.0,986.2,991.5,981.3,986.2,117582750,1084.8,887.6,1102.5,649.1,989.4,11,1,989.3,273,4,989.2,1248,5,989.1,3551,11,989.0,2882,18,989.5,100,1,989.6,341,1,989.7,221,2,989.8,1002,7,989.9,1018,12
317,2025-11-26 09:17:45+05:30,989.5,25,986.84,420472,235525.0,232875.0,986.2,991.5,981.3,986.2,117582750,1084.8,887.6,1102.5,649.1,989.4,11,1,989.3,273,4,989.2,1248,5,989.1,3551,11,989.0,2882,18,989.5,100,1,989.6,341,1,989.7,221,2,989.8,1002,7,989.9,1018,12
317,2025-11-26 09:17:45+05:30,989.5,25,986.84,420497,234612.0,233532.0,986.2,991.5,981.3,986.2,117582750,1084.8,887.6,1102.5,649.1,989.4,11,1,989.3,273,4,989.2,806,3,989.1,3456,10,989.0,2810,21,989.5,206,1,989.6,341,1,989.7,221,2,989.8,1184,9,989.9,816,11
317,2025-11-26 09:17:46+05:30,989.7,134,986.84,420497,234612.0,233532.0,986.2,991.5,981.3,986.2,117582750,1084.8,887.6,1102.5,649.1,989.4,11,1,989.3,273,4,989.2,806,3,989.1,3456,10,989.0,2810,21,989.5,206,1,989.6,341,1,989.7,221,2,989.8,1184,9,989.9,816,11
317,2025-11-26 09:17:46+05:30,989.5,81,986.85,421835,237366.0,228094.0,986.2,991.5,981.3,986.2,117582750,1084.8,887.6,1102.5,649.1,989.5,1507,6,989.4,264,3,989.3,3101,9,989.2,2720,16,989.1,911,8,989.7,134,1,989.8,343,4,989.9,83,5,990.0,646,4,990.1,491,8
317,2025-11-26 09:17:47+05:30,989.5,169,986.85,421835,237366.0,228094.0,986.2,991.5,981.3,986.2,117582750,1084.8,887.6,1102.5,649.1,989.5,1507,6,989.4,264,3,989.3,3101,9,989.2,2720,16,989.1,911,8,989.7,134,1,989.8,343,4,989.9,83,5,990.0,646,4,990.1,491,8
317,2025-11-26 09:17:47+05:30,989.8,1,986.86,423254,239353.0,224527.0,986.2,991.5,981.3,986.2,117582750,1084.8,887.6,1102.5,649.1,989.7,329,4,989.6,637,4,989.5,2827,10,989.4,636,8,989.3,3199,14,989.8,128,4,989.9,52,4,990.0,2,2,990.1,191,2,990.2,74,2
317,2025-11-26 09:17:48+05:30,989.8,50,986.86,423254,239353.0,224527.0,986.2,991.5,981.3,986.2,117582750,1084.8,887.6,1102.5,649.1,989.7,329,4,989.6,637,4,989.5,2827,10,989.4,636,8,989.3,3199,14,989.8,128,4,989.9,52,4,990.0,2,2,990.1,191,2,990.2,74,2
317,2025-11-26 09:17:48+05:30,989.8,50,986.86,423630,239738.0,225358.0,986.2,991.5,981.3,986.2,117582750,1084.8,887.6,1102.5,649.1,989.5,3878,13,989.4,2310,12,989.3,2562,13,989.2,2273,16,989.1,1690,9,989.8,77,3,989.9,52,4,990.0,2,2,990.1,191,2,990.2,445,5
317,2025-11-26 09:17:49+05:30,989.6,5,986.86,423630,239738.0,225358.0,986.2,991.5,981.3,986.2,117582750,1084.8,887.6,1102.5,649.1,989.5,3878,13,989.4,2310,12,989.3,2562,13,989.2,2273,16,989.1,1690,9,989.8,77,3,989.9,52,4,990.0,2,2,990.1,191,2,990.2,445,5
317,2025-11-26 09:17:49+05:30,989.8,100,986.86,424184,240407.0,225446.0,986.2,991.5,981.3,986.2,117582750,1084.8,887.6,1102.5,649.1,989.6,2405,7,989.5,2726,12,989.4,4512,13,989.3,908,9,989.2,2290,17,989.8,85,1,989.9,52,4,990.0,2,2,990.1,191,2,990.2,344,3
317,2025-11-26 09:17:50+05:30,989.6,20,986.86,424184,240407.0,225446.0,986.2,991.5,981.3,986.2,117582750,1084.8,887.6,1102.5,649.1,989.6,2405,7,989.5,2726,12,989.4,4512,13,989.3,908,9,989.2,2290,17,989.8,85,1,989.9,52,4,990.0,2,2,990.1,191,2,990.2,344,3
317,2025-11-26 09:17:51+05:30,989.6,122,986.86,424442,240370.0,225870.0,986.2,991.5,981.3,986.2,117582750,1084.8,887.6,1102.5,649.1,989.6,2924,9,989.5,3510,12,989.4,3012,11,989.3,956,10,989.2,2290,17,989.8,79,1,989.9,52,4,990.0,2,2,990.1,191,2,990.2,418,6
317,2025-11-26 09:17:51+05:30,989.6,122,986.86,424442,240370.0,225870.0,986.2,991.5,981.3,986.2,117582750,1084.8,887.6,1102.5,649.1,989.6,2924,9,989.5,3510,12,989.4,3012,11,989.3,956,10,989.2,2290,17,989.8,79,1,989.9,52,4,990.0,2,2,990.1,191,2,990.2,418,6
317,2025-11-26 09:17:52+05:30,989.6,3,986.86,424445,240657.0,225922.0,986.2,991.5,981.3,986.2,117582750,1084.8,887.6,1102.5,649.1,989.6,2990,11,989.5,3485,11,989.4,2937,10,989.3,956,10,989.2,1988,16,989.8,79,1,989.9,52,4,990.0,102,3,990.1,191,2,990.2,370,5
317,2025-11-26 09:17:52+05:30,990.1,568,986.86,424445,240657.0,225922.0,986.2,991.5,981.3,986.2,117582750,1084.8,887.6,1102.5,649.1,989.6,2990,11,989.5,3485,11,989.4,2937,10,989.3,956,10,989.2,1988,16,989.8,79,1,989.9,52,4,990.0,102,3,990.1,191,2,990.2,370,5
317,2025-11-26 09:17:53+05:30,990.0,25,986.88,426513,242379.0,223608.0,986.2,991.5,981.3,986.2,117582750,1084.8,887.6,1102.5,649.1,989.7,1462,6,989.6,2274,10,989.5,3125,15,989.4,3314,16,989.3,1043,11,990.0,1276,1,990.2,74,2,990.3,47,1,990.4,896,6,990.5,826,9
317,2025-11-26 09:17:53+05:30,990.0,25,986.88,426513,242379.0,223608.0,986.2,991.5,981.3,986.2,117582750,1084.8,887.6,1102.5,649.1,989.7,1462,6,989.6,2274,10,989.5,3125,15,989.4,3314,16,989.3,1043,11,990.0,1276,1,990.2,74,2,990.3,47,1,990.4,896,6,990.5,826,9
317,2025-11-26 09:17:54+05:30,989.7,22,986.88,426536,243835.0,225544.0,986.2,991.5,981.3,986.2,117582750,1084.8,887.6,1102.5,649.1,989.7,835,3,989.6,1783,5,989.5,3124,14,989.4,3106,14,989.3,1313,12,989.9,486,1,990.0,1634,4,990.1,48,1,990.2,280,6,990.3,602,7
317,2025-11-26 09:17:54+05:30,989.7,22,986.88,426536,243835.0,225544.0,986.2,991.5,981.3,986.2,117582750,1084.8,887.6,1102.5,649.1,989.7,835,3,989.6,1783,5,989.5,3124,14,989.4,3106,14,989.3,1313,12,989.9,486,1,990.0,1634,4,990.1,48,1,990.2,280,6,990.3,602,7
317,2025-11-26 09:17:55+05:30,989.7,143,986.88,426680,244088.0,227215.0,986.2,991.5,981.3,986.2,117582750,1084.8,887.6,1102.5,649.1,989.7,695,4,989.6,1414,2,989.5,3106,10,989.4,3155,13,989.3,1474,13,989.8,234,2,989.9,481,2,990.0,1839,5,990.1,365,3,990.2,778,10
317,2025-11-26 09:17:55+05:30,989.7,143,986.88,426680,244088.0,227215.0,986.2,991.5,981.3,986.2,117582750,1084.8,887.6,1102.5,649.1,989.7,695,4,989.6,1414,2,989.5,3106,10,989.4,3155,13,989.3,1474,13,989.8,234,2,989.9,481,2,990.0,1839,5,990.1,365,3,990.2,778,10
317,2025-11-26 09:17:56+05:30,989.8,4,986.88,426812,243590.0,225724.0,986.2,991.5,981.3,986.2,117582750,1084.8,887.6,1102.5,649.1,989.7,872,5,989.6,1890,5,989.5,2356,9,989.4,3111,14,989.3,1109,11,989.9,481,2,990.0,1645,5,990.1,158,1,990.2,581,8,990.3,626,10
317,2025-11-26 09:17:56+05:30,989.9,16,986.88,426812,243590.0,225724.0,986.2,991.5,981.3,986.2,117582750,1084.8,887.6,1102.5,649.1,989.7,872,5,989.6,1890,5,989.5,2356,9,989.4,3111,14,989.3,1109,11,989.9,481,2,990.0,1645,5,990.1,158,1,990.2,581,8,990.3,626,10
317,2025-11-26 09:17:57+05:30,990.0,31,986.92,431704,244441.0,221771.0,986.2,991.5,981.3,986.2,117582750,1084.8,887.6,1102.5,649.1,990.0,13,1,989.9,1,1,989.8,255,3,989.7,3539,10,989.6,2265,10,990.2,49,2,990.3,76,2,990.4,258,5,990.5,962,9,990.6,795,8
317,2025-11-26 09:17:57+05:30,990.0,65,986.92,431704,244441.0,221771.0,986.2,991.5,981.3,986.2,117582750,1084.8,887.6,1102.5,649.1,990.0,13,1,989.9,1,1,989.8,255,3,989.7,3539,10,989.6,2265,10,990.2,49,2,990.3,76,2,990.4,258,5,990.5,962,9,990.6,795,8
317,2025-11-26 09:17:58+05:30,990.2,31,986.92,431704,244441.0,221771.0,986.2,991.5,981.3,986.2,117582750,1084.8,887.6,1102.5,649.1,990.0,13,1,989.9,1,1,989.8,255,3,989.7,3539,10,989.6,2265,10,990.2,49,2,990.3,76,2,990.4,258,5,990.5,962,9,990.6,795,8
317,2025-11-26 09:17:58+05:30,990.2,31,986.92,432783,247434.0,217982.0,986.2,991.5,981.3,986.2,117582750,1084.8,887.6,1102.5,649.1,990.0,499,5,989.9,3208,8,989.8,2337,11,989.7,2920,13,989.6,1640,13,990.2,70,3,990.3,96,3,990.4,9,1,990.5,230,2,990.6,99,1
317,2025-11-26 09:17:59+05:30,990.5,750,986.92,432783,247434.0,217982.0,986.2,991.5,981.3,986.2,117582750,1084.8,887.6,1102.5,649.1,990.0,499,5,989.9,3208,8,989.8,2337,11,989.7,2920,13,989.6,1640,13,990.2,70,3,990.3,96,3,990.4,9,1,990.5,230,2,990.6,99,1
317,2025-11-26 09:17:59+05:30,990.2,52,986.96,437578,246649.0,211332.0,986.2,991.5,981.3,986.2,117582750,1084.8,887.6,1102.5,649.1,990.5,205,1,990.4,1863,6,990.3,1960,9,990.2,3672,13,990.1,685,6,990.9,7,2,991.0,163,4,991.1,490,4,991.2,1162,9,991.3,500,5
317,2025-11-26 09:18:00+05:30,990.5,99,986.96,437578,246649.0,211332.0,986.2,991.5,981.3,986.2,117582750,1084.8,887.6,1102.5,649.1,990.5,205,1,990.4,1863,6,990.3,1960,9,990.2,3672,13,990.1,685,6,990.9,7,2,991.0,163,4,991.1,490,4,991.2,1162,9,991.3,500,5
317,2025-11-26 09:18:00+05:30,990.4,333,986.98,439914,242596.0,216029.0,986.2,991.5,981.3,986.2,117582750,1084.8,887.6,1102.5,649.1,990.4,250,1,990.2,80,1,990.1,2009,6,990.0,1998,13,989.9,1768,11,990.8,78,2,990.9,703,4,991.0,690,6,991.1,1878,9,991.2,1999,19
317,2025-11-26 09:18:01+05:30,990.3,30,986.98,439914,242596.0,216029.0,986.2,991.5,981.3,986.2,117582750,1084.8,887.6,1102.5,649.1,990.4,250,1,990.2,80,1,990.1,2009,6,990.0,1998,13,989.9,1768,11,990.8,78,2,990.9,703,4,991.0,690,6,991.1,1878,9,991.2,1999,19
317,2025-11-26 09:18:01+05:30,990.8,50,986.99,440523,242436.0,218345.0,986.2,991.5,981.3,986.2,117582750,1084.8,887.6,1102.5,649.1,990.3,107,2,990.2,217,2,990.1,2345,5,990.0,684,8,989.9,2658,11,990.7,1161,3,990.8,359,4,990.9,959,9,991.0,1394,10,991.1,1629,9
317,2025-11-26 09:18:02+05:30,990.3,8,986.99,440523,242436.0,218345.0,986.2,991.5,981.3,986.2,117582750,1084.8,887.6,1102.5,649.1,990.3,107,2,990.2,217,2,990.1,2345,5,990.0,684,8,989.9,2658,11,990.7,1161,3,990.8,359,4,990.9,959,9,991.0,1394,10,991.1,1629,9
317,2025-11-26 09:18:03+05:30,990.3,8,986.99,440618,242063.0,220306.0,986.2,991.5,981.3,986.2,117582750,1084.8,887.6,1102.5,649.1,990.3,5,1,990.1,2309,5,990.0,625,8,989.9,2108,8,989.8,1221,13,990.7,1245,3,990.8,1239,12,990.9,2575,15,991.0,894,9,991.1,657,6
317,2025-11-26 09:18:03+05:30,990.3,3,986.99,440618,242063.0,220306.0,986.2,991.5,981.3,986.2,117582750,1084.8,887.6,1102.5,649.1,990.3,5,1,990.1,2309,5,990.0,625,8,989.9,2108,8,989.8,1221,13,990.7,1245,3,990.8,1239,12,990.9,2575,15,991.0,894,9,991.1,657,6
317,2025-11-26 09:18:04+05:30,990.1,35,986.99,441508,242956.0,221356.0,986.2,991.5,981.3,986.2,117582750,1084.8,887.6,1102.5,649.1,990.1,50,1,990.0,1230,5,989.9,1461,3,989.8,1599,7,989.7,1668,9,990.5,189,1,990.6,709,5,990.7,1845,8,990.8,1701,12,990.9,2153,17
317,2025-11-26 09:18:04+05:30,990.5,10,986.99,441508,242956.0,221356.0,986.2,991.5,981.3,986.2,117582750,1084.8,887.6,1102.5,649.1,990.1,50,1,990.0,1230,5,989.9,1461,3,989.8,1599,7,989.7,1668,9,990.5,189,1,990.6,709,5,990.7,1845,8,990.8,1701,12,990.9,2153,17
317,2025-11-26 09:18:05+05:30,990.0,1,987.0,442444,244788.0,223514.0,986.2,991.5,981.3,986.2,117582750,1084.8,887.6,1102.5,649.1,990.0,1585,5,989.9,1465,2,989.8,770,2,989.7,1517,6,989.6,2254,9,990.4,547,4,990.5,722,7,990.6,1278,11,990.7,1986,8,990.8,2103,16
317,2025-11-26 09:18:05+05:30,990.4,42,987.0,442444,244788.0,223514.0,986.2,991.5,981.3,986.2,117582750,1084.8,887.6,1102.5,649.1,990.0,1585,5,989.9,1465,2,989.8,770,2,989.7,1517,6,989.6,2254,9,990.4,547,4,990.5,722,7,990.6,1278,11,990.7,1986,8,990.8,2103,16
317,2025-11-26 09:18:06+05:30,990.2,1,987.04,446931,243423.0,217390.0,986.2,991.5,981.3,986.2,117582750,1084.8,887.6,1102.5,649.1,990.0,1459,5,989.9,2501,8,989.8,723,11,989.7,1960,13,989.6,799,9,990.6,470,4,990.7,282,4,990.8,976,7,990.9,1038,7,991.0,1387,7
317,2025-11-26 09:18:06+05:30,990.6,2,987.04,446931,243423.0,217390.0,986.2,991.5,981.3,986.2,117582750,1084.8,887.6,1102.5,649.1,990.0,1459,5,989.9,2501,8,989.8,723,11,989.7,1960,13,989.6,799,9,990.6,470,4,990.7,282,4,990.8,976,7,990.9,1038,7,991.0,1387,7
317,2025-11-26 09:18:07+05:30,990.4,20,987.04,447540,249508.0,217554.0,986.2,991.5,981.3,986.2,117582750,1084.8,887.6,1102.5,649.1,990.0,3927,13,989.9,722,4,989.8,2345,12,989.7,2672,15,989.6,1446,9,990.4,125,2,990.5,120,1,990.6,69,1,990.7,53,1,990.8,801,8
317,2025-11-26 09:18:07+05:30,990.0,83,987.04,447540,249508.0,217554.0,986.2,991.5,981.3,986.2,117582750,1084.8,887.6,1102.5,649.1,990.0,3927,13,989.9,722,4,989.8,2345,12,989.7,2672,15,989.6,1446,9,990.4,125,2,990.5,120,1,990.6,69,1,990.7,53,1,990.8,801,8
317,2025-11-26 09:18:08+05:30,990.0,8,987.04,447631,250163.0,218983.0,986.2,991.5,981.3,986.2,117582750,1084.8,887.6,1102.5,649.1,990.0,4963,14,989.9,1472,5,989.8,2328,11,989.7,2611,13,989.6,1524,12,990.4,156,2,990.5,167,2,990.6,339,2,990.7,394,4,990.8,1219,14
317,2025-11-26 09:18:08+05:30,990.0,8,987.04,447631,250163.0,218983.0,986.2,991.5,981.3,986.2,117582750,1084.8,887.6,1102.5,649.1,990.0,4963,14,989.9,1472,5,989.8,2328,11,989.7,2611,13,989.6,1524,12,990.4,156,2,990.5,167,2,990.6,339,2,990.7,394,4,990.8,1219,14
317,2025-11-26 09:18:09+05:30,990.0,1,987.05,448640,244898.0,219023.0,986.2,991.5,981.3,986.2,117582750,1084.8,887.6,1102.5,649.1,990.0,3531,9,989.9,716,4,989.8,792,9,989.7,2172,12,989.6,1747,12,990.6,450,6,990.7,1350,8,990.8,1603,16,990.9,2219,12,991.0,512,10
317,2025-11-26 09:18:09+05:30,990.0,112,987.05,448640,244898.0,219023.0,986.2,991.5,981.3,986.2,117582750,1084.8,887.6,1102.5,649.1,990.0,3531,9,989.9,716,4,989.8,792,9,989.7,2172,12,989.6,1747,12,990.6,450,6,990.7,1350,8,990.8,1603,16,990.9,2219,12,991.0,512,10
317,2025-11-26 09:18:10+05:30,990.6,5,987.05,448640,244898.0,219023.0,986.2,991.5,981.3,986.2,117582750,1084.8,887.6,1102.5,649.1,990.0,3531,9,989.9,716,4,989.8,792,9,989.7,2172,12,989.6,1747,12,990.6,450,6,990.7,1350,8,990.8,1603,16,990.9,2219,12,991.0,512,10
317,2025-11-26 09:18:10+05:30,990.6,5,987.05,448779,247382.0,220102.0,986.2,991.5,981.3,986.2,117582750,1084.8,887.6,1102.5,649.1,990.4,5,1,990.1,1452,2,990.0,1778,7,989.9,2962,9,989.8,990,9,990.6,907,5,990.7,1702,10,990.8,877,10,990.9,1566,10,991.0,1135,12
317,2025-11-26 09:18:11+05:30,990.6,313,987.05,448779,247382.0,220102.0,986.2,991.5,981.3,986.2,117582750,1084.8,887.6,1102.5,649.1,990.4,5,1,990.1,1452,2,990.0,1778,7,989.9,2962,9,989.8,990,9,990.6,907,5,990.7,1702,10,990.8,877,10,990.9,1566,10,991.0,1135,12
317,2025-11-26 09:18:11+05:30,990.6,313,987.06,449568,249653.0,216147.0,986.2,991.5,981.3,986.2,117582750,1084.8,887.6,1102.5,649.1,990.5,750,1,990.4,699,6,990.3,1869,6,990.2,1217,7,990.1,2417,11,990.7,38,1,990.8,33,1,990.9,382,2,991.0,352,4,991.1,764,6
317,2025-11-26 09:18:12+05:30,990.5,103,987.06,449568,249653.0,216147.0,986.2,991.5,981.3,986.2,117582750,1084.8,887.6,1102.5,649.1,990.5,750,1,990.4,699,6,990.3,1869,6,990.2,1217,7,990.1,2417,11,990.7,38,1,990.8,33,1,990.9,382,2,991.0,352,4,991.1,764,6
317,2025-11-26 09:18:12+05:30,990.8,10,987.06,450129,245236.0,219047.0,986.2,991.5,981.3,986.2,117582750,1084.8,887.6,1102.5,649.1,990.5,222,2,990.4,3,1,990.3,258,3,990.2,2761,8,990.1,806,9,990.8,77,1,990.9,852,5,991.0,652,4,991.1,1478,13,991.2,1542,14
317,2025-11-26 09:18:13+05:30,990.5,7,987.06,450129,245236.0,219047.0,986.2,991.5,981.3,986.2,117582750,1084.8,887.6,1102.5,649.1,990.5,222,2,990.4,3,1,990.3,258,3,990.2,2761,8,990.1,806,9,990.8,77,1,990.9,852,5,991.0,652,4,991.1,1478,13,991.2,1542,14
317,2025-11-26 09:18:13+05:30,990.5,94,987.06,450230,244957.0,220488.0,986.2,991.5,981.3,986.2,117582750,1084.8,887.6,1102.5,649.1,990.7,108,1,990.6,3,1,990.5,28,2,990.4,3,1,990.3,194,2,990.8,394,2,990.9,1577,8,991.0,635,4,991.1,1478,13,991.2,1677,18
317,2025-11-26 09:18:14+05:30,991.0,1,987.06,450230,244957.0,220488.0,986.2,991.5,981.3,986.2,117582750,1084.8,887.6,1102.5,649.1,990.7,108,1,990.6,3,1,990.5,28,2,990.4,3,1,990.3,194,2,990.8,394,2,990.9,1577,8,991.0,635,4,991.1,1478,13,991.2,1677,18
317,2025-11-26 09:18:15+05:30,991.0,1,987.07,451724,247711.0,215825.0,986.2,991.5,981.3,986.2,117582750,1084.8,887.6,1102.5,649.1,990.6,110,2,990.5,316,5,990.4,639,8,990.3,1165,6,990.2,2591,10,991.1,806,8,991.2,724,6,991.3,2197,13,991.4,633,11,991.5,855,11
317,2025-11-26 09:18:15+05:30,991.0,20,987.07,451724,247711.0,215825.0,986.2,991.5,981.3,986.2,117582750,1084.8,887.6,1102.5,649.1,990.6,110,2,990.5,316,5,990.4,639,8,990.3,1165,6,990.2,2591,10,991.1,806,8,991.2,724,6,991.3,2197,13,991.4,633,11,991.5,855,11
317,2025-11-26 09:18:16+05:30,991.0,1,987.09,453397,250367.0,213777.0,986.2,991.5,981.3,986.2,117582750,1084.8,887.6,1102.5,649.1,990.9,218,1,990.8,81,2,990.7,319,3,990.6,674,7,990.5,2706,8,991.0,315,1,991.1,20,1,991.2,39,2,991.3,292,3,991.4,1052,5
317,2025-11-26 09:18:16+05:30,990.9,21,987.09,453397,250367.0,213777.0,986.2,991.5,981.3,986.2,117582750,1084.8,887.6,1102.5,649.1,990.9,218,1,990.8,81,2,990.7,319,3,990.6,674,7,990.5,2706,8,991.0,315,1,991.1,20,1,991.2,39,2,991.3,292,3,991.4,1052,5
317,2025-11-26 09:18:17+05:30,991.0,66,987.09,454097,253048.0,211789.0,986.2,991.5,981.3,986.2,117582750,1084.8,887.6,1102.5,649.1,991.0,39,1,990.9,632,4,990.8,1396,7,990.7,3338,14,990.6,1108,9,991.2,39,2,991.3,22,2,991.4,19,1,991.5,186,4,991.6,1081,4
317,2025-11-26 09:18:17+05:30,991.0,9,987.09,454097,253048.0,211789.0,986.2,991.5,981.3,986.2,117582750,1084.8,887.6,1102.5,649.1,991.0,39,1,990.9,632,4,990.8,1396,7,990.7,3338,14,990.6,1108,9,991.2,39,2,991.3,22,2,991.4,19,1,991.5,186,4,991.6,1081,4
317,2025-11-26 09:18:18+05:30,990.9,21,987.09,454186,248779.0,214597.0,986.2,991.5,981.3,986.2,117582750,1084.8,887.6,1102.5,649.1,990.9,218,1,990.8,401,5,990.7,2450,13,990.6,464,4,990.5,2815,7,991.2,920,5,991.3,49,3,991.4,601,4,991.5,1147,11,991.6,2218,10
317,2025-11-26 09:18:18+05:30,990.9,21,987.09,454186,248779.0,214597.0,986.2,991.5,981.3,986.2,117582750,1084.8,887.6,1102.5,649.1,990.9,218,1,990.8,401,5,990.7,2450,13,990.6,464,4,990.5,2815,7,991.2,920,5,991.3,49,3,991.4,601,4,991.5,1147,11,991.6,2218,10
317,2025-11-26 09:18:19+05:30,990.9,42,987.09,454230,248975.0,215609.0,986.2,991.5,981.3,986.2,117582750,1084.8,887.6,1102.5,649.1,990.8,458,4,990.7,2542,13,990.6,524,3,990.5,3018,10,990.4,1424,15,991.0,1,1,991.2,920,5,991.3,22,2,991.4,334,3,991.5,1205,12
317,2025-11-26 09:18:19+05:30,991.0,293,987.09,454230,248975.0,215609.0,986.2,991.5,981.3,986.2,117582750,1084.8,887.6,1102.5,649.1,990.8,458,4,990.7,2542,13,990.6,524,3,990.5,3018,10,990.4,1424,15,991.0,1,1,991.2,920,5,991.3,22,2,991.4,334,3,991.5,1205,12
317,2025-11-26 09:18:20+05:30,991.1,50,987.1,455220,251574.0,214834.0,986.2,991.5,981.3,986.2,117582750,1084.8,887.6,1102.5,649.1,991.1,520,1,990.9,218,1,990.8,2562,6,990.7,1712,9,990.6,2653,14,991.2,920,5,991.3,22,2,991.4,173,2,991.5,1015,12,991.6,921,7
317,2025-11-26 09:18:20+05:30,991.1,50,987.1,455220,251574.0,214834.0,986.2,991.5,981.3,986.2,117582750,1084.8,887.6,1102.5,649.1,991.1,520,1,990.9,218,1,990.8,2562,6,990.7,1712,9,990.6,2653,14,991.2,920,5,991.3,22,2,991.4,173,2,991.5,1015,12,991.6,921,7
317,2025-11-26 09:18:21+05:30,991.1,13,987.1,455220,251574.0,214834.0,986.2,991.5,981.3,986.2,117582750,1084.8,887.6,1102.5,649.1,991.1,520,1,990.9,218,1,990.8,2562,6,990.7,1712,9,990.6,2653,14,991.2,920,5,991.3,22,2,991.4,173,2,991.5,1015,12,991.6,921,7
317,2025-11-26 09:18:21+05:30,991.1,13,987.11,455785,253364.0,215984.0,986.2,991.5,981.3,986.2,117582750,1084.8,887.6,1102.5,649.1,990.8,2741,7,990.7,2711,12,990.6,2478,11,990.5,1528,9,990.4,2169,16,991.0,32,1,991.2,888,4,991.3,292,3,991.4,289,2,991.5,1009,11
317,2025-11-26 09:18:22+05:30,991.5,108,987.12,456995,234301.0,191121.0,986.2,991.5,981.3,986.2,117582750,1084.8,887.6,1102.5,649.1,991.3,750,1,991.2,841,2,991.0,238,3,990.9,2693,7,990.8,2777,17,991.5,170,3,991.6,149,1,991.7,179,2,991.8,937,6,991.9,1038,6
317,2025-11-26 09:18:22+05:30,991.5,108,987.12,456995,234301.0,191121.0,986.2,991.5,981.3,986.2,117582750,1084.8,887.6,1102.5,649.1,991.3,750,1,991.2,841,2,991.0,238,3,990.9,2693,7,990.8,2777,17,991.5,170,3,991.6,149,1,991.7,179,2,991.8,937,6,991.9,1038,6
317,2025-11-26 09:18:23+05:30,991.5,19,987.12,456995,234301.0,191121.0,986.2,991.5,981.3,986.2,117582750,1084.8,887.6,1102.5,649.1,991.3,750,1,991.2,841,2,991.0,238,3,990.9,2693,7,990.8,2777,17,991.5,170,3,991.6,149,1,991.7,179,2,991.8,937,6,991.9,1038,6
317,2025-11-26 09:18:23+05:30,991.5,19,987.12,457130,229881.0,192937.0,986.2,991.5,981.3,986.2,117582750,1084.8,887.6,1102.5,649.1,991.3,734,1,991.2,750,1,991.0,314,3,990.9,2134,6,990.8,1771,14,991.5,35,2,991.6,296,2,991.7,787,6,991.8,1010,6,991.9,1931,13
317,2025-11-26 09:18:24+05:30,991.4,741,987.12,457130,229881.0,192937.0,986.2,991.5,981.3,986.2,117582750,1084.8,887.6,1102.5,649.1,991.3,734,1,991.2,750,1,991.0,314,3,990.9,2134,6,990.8,1771,14,991.5,35,2,991.6,296,2,991.7,787,6,991.8,1010,6,991.9,1931,13
317,2025-11-26 09:18:24+05:30,991.4,741,987.13,458614,227043.0,194605.0,986.2,991.8,981.3,986.2,117582750,1084.8,887.6,1102.5,649.1,991.1,87,1,990.9,2532,12,990.8,1996,12,990.7,1891,11,990.6,824,11,991.5,595,2,991.6,401,3,991.7,1091,9,991.8,1425,9,991.9,1315,9
317,2025-11-26 09:18:25+05:30,991.1,19,987.13,458614,227043.0,194605.0,986.2,991.8,981.3,986.2,117582750,1084.8,887.6,1102.5,649.1,991.1,87,1,990.9,2532,12,990.8,1996,12,990.7,1891,11,990.6,824,11,991.5,595,2,991.6,401,3,991.7,1091,9,991.8,1425,9,991.9,1315,9
317,2025-11-26 09:18:25+05:30,991.1,19,987.13,458633,232685.0,194773.0,986.2,991.8,981.3,986.2,117582750,1084.8,887.6,1102.5,649.1,991.1,408,3,991.0,2495,9,990.9,1687,10,990.8,2746,13,990.7,1790,9,991.5,667,3,991.6,140,1,991.7,378,4,991.8,979,10,991.9,1512,10
317,2025-11-26 09:18:26+05:30,991.5,1,987.13,458633,232685.0,194773.0,986.2,991.8,981.3,986.2,117582750,1084.8,887.6,1102.5,649.1,991.1,408,3,991.0,2495,9,990.9,1687,10,990.8,2746,13,990.7,1790,9,991.5,667,3,991.6,140,1,991.7,378,4,991.8,979,10,991.9,1512,10
317,2025-11-26 09:18:26+05:30,991.5,1,987.13,458634,237226.0,195531.0,986.2,991.8,981.3,986.2,117582750,1084.8,887.6,1102.5,649.1,991.1,481,3,991.0,2747,12,990.9,1692,11,990.8,2746,13,990.7,1520,8,991.5,704,4,991.6,328,1,991.7,471,3,991.8,973,9,991.9,995,8
317,2025-11-26 09:18:28+05:30,991.5,1,987.13,458634,237163.0,195636.0,986.2,991.8,981.3,986.2,117582750,1084.8,887.6,1102.5,649.1,991.1,678,4,991.0,2524,9,990.9,1718,13,990.8,2746,13,990.7,1520,8,991.5,692,4,991.6,328,1,991.7,619,4,991.8,1006,10,991.9,1645,10
317,2025-11-26 09:18:28+05:30,991.5,10,987.13,458634,237163.0,195636.0,986.2,991.8,981.3,986.2,117582750,1084.8,887.6,1102.5,649.1,991.1,678,4,991.0,2524,9,990.9,1718,13,990.8,2746,13,990.7,1520,8,991.5,692,4,991.6,328,1,991.7,619,4,991.8,1006,10,991.9,1645,10
317,2025-11-26 09:18:29+05:30,991.5,10,987.13,458650,237913.0,196147.0,986.2,991.8,981.3,986.2,117582750,1084.8,887.6,1102.5,649.1,991.1,278,2,991.0,3828,15,990.9,1718,13,990.8,2746,13,990.7,1520,8,991.5,1138,7,991.6,328,1,991.7,718,5,991.8,1006,10,991.9,1054,9
317,2025-11-26 09:18:30+05:30,991.5,1,987.13,458652,256587.0,215155.0,986.2,991.8,981.3,986.2,117582750,1084.8,887.6,1102.5,649.1,991.1,56,2,991.0,3447,12,990.9,1923,14,990.8,2758,13,990.7,1790,9,991.5,1231,9,991.6,598,2,991.7,1256,7,991.8,964,9,991.9,1654,11
317,2025-11-26 09:18:30+05:30,991.5,250,987.13,458652,256587.0,215155.0,986.2,991.8,981.3,986.2,117582750,1084.8,887.6,1102.5,649.1,991.1,56,2,991.0,3447,12,990.9,1923,14,990.8,2758,13,990.7,1790,9,991.5,1231,9,991.6,598,2,991.7,1256,7,991.8,964,9,991.9,1654,11
317,2025-11-26 09:18:31+05:30,991.5,2,987.14,458905,254789.0,215932.0,986.2,991.8,981.3,986.2,117582750,1084.8,887.6,1102.5,649.1,991.1,21,2,991.0,3461,12,990.9,1423,13,990.8,2189,10,990.7,1461,6,991.5,1491,12,991.6,705,4,991.7,1623,8,991.8,1684,12,991.9,1356,11
317,2025-11-26 09:18:31+05:30,991.1,14,987.14,458905,254789.0,215932.0,986.2,991.8,981.3,986.2,117582750,1084.8,887.6,1102.5,649.1,991.1,21,2,991.0,3461,12,990.9,1423,13,990.8,2189,10,990.7,1461,6,991.5,1491,12,991.6,705,4,991.7,1623,8,991.8,1684,12,991.9,1356,11
317,2025-11-26 09:18:32+05:30,991.5,1,987.14,458980,257132.0,216722.0,986.2,991.8,981.3,986.2,117582750,1084.8,887.6,1102.5,649.1,991.1,1452,2,991.0,3465,15,990.9,3306,15,990.8,565,7,990.7,1618,7,991.4,748,2,991.5,1313,13,991.6,598,2,991.7,956,7,991.8,1674,12
317,2025-11-26 09:18:32+05:30,991.5,1,987.14,458980,257132.0,216722.0,986.2,991.8,981.3,986.2,117582750,1084.8,887.6,1102.5,649.1,991.1,1452,2,991.0,3465,15,990.9,3306,15,990.8,565,7,990.7,1618,7,991.4,748,2,991.5,1313,13,991.6,598,2,991.7,956,7,991.8,1674,12
317,2025-11-26 09:18:33+05:30,991.1,1,987.14,458991,257259.0,216700.0,986.2,991.8,981.3,986.2,117582750,1084.8,887.6,1102.5,649.1,991.1,1451,2,991.0,3735,16,990.9,3306,15,990.8,565,7,990.7,1618,7,991.4,738,1,991.5,1313,13,991.6,598,2,991.7,956,7,991.8,1639,12
317,2025-11-26 09:18:33+05:30,991.1,1,987.14,458991,257259.0,216700.0,986.2,991.8,981.3,986.2,117582750,1084.8,887.6,1102.5,649.1,991.1,1451,2,991.0,3735,16,990.9,3306,15,990.8,565,7,990.7,1618,7,991.4,738,1,991.5,1313,13,991.6,598,2,991.7,956,7,991.8,1639,12
317,2025-11-26 09:18:34+05:30,991.4,200,987.14,459229,258730.0,214654.0,986.2,991.8,981.3,986.2,117582750,1084.8,887.6,1102.5,649.1,991.1,3812,10,991.0,3782,20,990.9,3183,14,990.8,660,8,990.7,1618,7,991.4,525,1,991.5,1292,12,991.6,328,1,991.7,613,5,991.8,795,9
317,2025-11-26 09:18:34+05:30,991.4,100,987.14,459229,258730.0,214654.0,986.2,991.8,981.3,986.2,117582750,1084.8,887.6,1102.5,649.1,991.1,3812,10,991.0,3782,20,990.9,3183,14,990.8,660,8,990.7,1618,7,991.4,525,1,991.5,1292,12,991.6,328,1,991.7,613,5,991.8,795,9
317,2025-11-26 09:18:35+05:30,991.1,3,987.14,459342,258740.0,214873.0,986.2,991.8,981.3,986.2,117582750,1084.8,887.6,1102.5,649.1,991.1,3072,10,991.0,4532,21,990.9,3144,13,990.8,660,8,990.7,1657,8,991.4,415,1,991.5,1292,12,991.6,367,2,991.7,514,4,991.8,657,7
317,2025-11-26 09:18:35+05:30,991.1,3,987.14,459342,258740.0,214873.0,986.2,991.8,981.3,986.2,117582750,1084.8,887.6,1102.5,649.1,991.1,3072,10,991.0,4532,21,990.9,3144,13,990.8,660,8,990.7,1657,8,991.4,415,1,991.5,1292,12,991.6,367,2,991.7,514,4,991.8,657,7
317,2025-11-26 09:18:36+05:30,992.7,4,987.14,459342,258740.0,214873.0,986.2,991.8,981.3,986.2,117582750,1084.8,887.6,1102.5,649.1,991.1,3072,10,991.0,4532,21,990.9,3144,13,990.8,660,8,990.7,1657,8,991.4,415,1,991.5,1292,12,991.6,367,2,991.7,514,4,991.8,657,7
317,2025-11-26 09:18:36+05:30,992.7,4,987.22,467006,255784.0,199096.0,986.2,992.7,981.3,986.2,117582750,1084.8,887.6,1102.5,649.1,992.1,141,2,992.0,279,5,991.9,2532,11,991.8,1512,7,991.7,1318,5,992.6,258,2,992.7,439,3,992.8,1254,6,992.9,1476,11,993.0,3359,18
317,2025-11-26 09:18:37+05:30,992.2,441,987.25,469584,253413.0,207668.0,986.2,992.7,981.3,986.2,117582750,1084.8,887.6,1102.5,649.1,992.2,309,1,992.1,13,1,992.0,370,3,991.9,2409,5,991.8,1129,8,992.5,1512,6,992.6,1238,7,992.7,833,6,992.8,1785,10,992.9,1285,17
317,2025-11-26 09:18:37+05:30,992.2,441,987.25,469584,253413.0,207668.0,986.2,992.7,981.3,986.2,117582750,1084.8,887.6,1102.5,649.1,992.2,309,1,992.1,13,1,992.0,370,3,991.9,2409,5,991.8,1129,8,992.5,1512,6,992.6,1238,7,992.7,833,6,992.8,1785,10,992.9,1285,17
317,2025-11-26 09:18:38+05:30,992.4,5,987.25,469584,253413.0,207668.0,986.2,992.7,981.3,986.2,117582750,1084.8,887.6,1102.5,649.1,992.2,309,1,992.1,13,1,992.0,370,3,991.9,2409,5,991.8,1129,8,992.5,1512,6,992.6,1238,7,992.7,833,6,992.8,1785,10,992.9,1285,17
317,2025-11-26 09:18:38+05:30,992.2,87,987.25,469710,256564.0,208369.0,986.2,992.7,981.3,986.2,117582750,1084.8,887.6,1102.5,649.1,992.2,188,1,992.1,13,1,992.0,470,3,991.9,2692,7,991.8,1776,9,992.4,251,1,992.5,1255,6,992.6,756,6,992.7,1059,8,992.8,1285,9
317,2025-11-26 09:18:39+05:30,992.4,2,987.25,469710,256564.0,208369.0,986.2,992.7,981.3,986.2,117582750,1084.8,887.6,1102.5,649.1,992.2,188,1,992.1,13,1,992.0,470,3,991.9,2692,7,991.8,1776,9,992.4,251,1,992.5,1255,6,992.6,756,6,992.7,1059,8,992.8,1285,9
317,2025-11-26 09:18:39+05:30,992.2,8,987.25,470125,256123.0,208601.0,986.2,992.7,981.3,986.2,117582750,1084.8,887.6,1102.5,649.1,992.2,104,2,992.1,181,1,992.0,568,4,991.9,2511,6,991.8,1815,10,992.4,167,1,992.5,1680,7,992.6,555,5,992.7,677,6,992.8,1246,8
317,2025-11-26 09:18:40+05:30,992.2,6,987.25,470125,256123.0,208601.0,986.2,992.7,981.3,986.2,117582750,1084.8,887.6,1102.5,649.1,992.2,104,2,992.1,181,1,992.0,568,4,991.9,2511,6,991.8,1815,10,992.4,167,1,992.5,1680,7,992.6,555,5,992.7,677,6,992.8,1246,8
317,2025-11-26 09:18:40+05:30,992.2,13,987.25,470229,256935.0,209636.0,986.2,992.7,981.3,986.2,117582750,1084.8,887.6,1102.5,649.1,992.0,87,1,991.9,2416,6,991.8,1951,10,991.7,1913,6,991.6,1999,14,992.3,731,4,992.4,628,4,992.5,951,7,992.6,626,5,992.7,706,7
317,2025-11-26 09:18:41+05:30,992.0,20,987.25,470229,256935.0,209636.0,986.2,992.7,981.3,986.2,117582750,1084.8,887.6,1102.5,649.1,992.0,87,1,991.9,2416,6,991.8,1951,10,991.7,1913,6,991.6,1999,14,992.3,731,4,992.4,628,4,992.5,951,7,992.6,626,5,992.7,706,7
317,2025-11-26 09:18:41+05:30,992.0,20,987.25,470249,259930.0,210518.0,986.2,992.7,981.3,986.2,117582750,1084.8,887.6,1102.5,649.1,991.9,3116,10,991.8,3698,14,991.7,2263,8,991.6,1972,13,991.5,1093,6,992.2,25,1,992.3,610,4,992.4,479,3,992.5,912,6,992.6,1200,6
317,2025-11-26 09:18:42+05:30,991.9,2,987.25,470249,259930.0,210518.0,986.2,992.7,981.3,986.2,117582750,1084.8,887.6,1102.5,649.1,991.9,3116,10,991.8,3698,14,991.7,2263,8,991.6,1972,13,991.5,1093,6,992.2,25,1,992.3,610,4,992.4,479,3,992.5,912,6,992.6,1200,6
317,2025-11-26 09:18:43+05:30,992.1,20,987.25,470291,261513.0,211940.0,986.2,992.7,981.3,986.2,117582750,1084.8,887.6,1102.5,649.1,991.9,2388,4,991.8,4457,17,991.7,2263,8,991.6,2086,13,991.5,1564,8,992.1,131,1,992.2,888,3,992.3,162,3,992.4,801,3,992.5,912,6
317,2025-11-26 09:18:43+05:30,992.1,6,987.25,470291,261513.0,211940.0,986.2,992.7,981.3,986.2,117582750,1084.8,887.6,1102.5,649.1,991.9,2388,4,991.8,4457,17,991.7,2263,8,991.6,2086,13,991.5,1564,8,992.1,131,1,992.2,888,3,992.3,162,3,992.4,801,3,992.5,912,6
317,2025-11-26 09:18:44+05:30,992.1,1,987.25,470340,261134.0,211844.0,986.2,992.7,981.3,986.2,117582750,1084.8,887.6,1102.5,649.1,992.0,78,2,991.9,3292,10,991.8,3532,15,991.7,2263,8,991.6,2086,13,992.2,883,2,992.3,87,1,992.4,801,3,992.5,912,6,992.6,667,5
317,2025-11-26 09:18:44+05:30,992.1,1,987.25,470340,261134.0,211844.0,986.2,992.7,981.3,986.2,117582750,1084.8,887.6,1102.5,649.1,992.0,78,2,991.9,3292,10,991.8,3532,15,991.7,2263,8,991.6,2086,13,992.2,883,2,992.3,87,1,992.4,801,3,992.5,912,6,992.6,667,5
317,2025-11-26 09:18:45+05:30,992.1,10,987.26,471154,262414.0,211697.0,986.2,992.7,981.3,986.2,117582750,1084.8,887.6,1102.5,649.1,992.0,1499,3,991.9,3929,16,991.8,3296,7,991.7,763,6,991.6,2836,14,992.1,337,1,992.2,244,2,992.3,87,1,992.4,791,3,992.5,912,6
317,2025-11-26 09:18:45+05:30,992.1,1,987.26,471154,262414.0,211697.0,986.2,992.7,981.3,986.2,117582750,1084.8,887.6,1102.5,649.1,992.0,1499,3,991.9,3929,16,991.8,3296,7,991.7,763,6,991.6,2836,14,992.1,337,1,992.2,244,2,992.3,87,1,992.4,791,3,992.5,912,6
317,2025-11-26 09:18:46+05:30,992.0,133,987.27,472242,263598.0,213692.0,986.2,992.7,981.3,986.2,117582750,1084.8,887.6,1102.5,649.1,992.0,2478,7,991.9,3950,16,991.8,3568,9,991.7,763,6,991.6,2934,15,992.1,18,1,992.2,244,2,992.3,87,1,992.4,794,3,992.5,772,5
317,2025-11-26 09:18:46+05:30,992.0,133,987.27,472242,263598.0,213692.0,986.2,992.7,981.3,986.2,117582750,1084.8,887.6,1102.5,649.1,992.0,2478,7,991.9,3950,16,991.8,3568,9,991.7,763,6,991.6,2934,15,992.1,18,1,992.2,244,2,992.3,87,1,992.4,794,3,992.5,772,5
317,2025-11-26 09:18:46+05:30,992.0,133,987.27,472242,263598.0,213692.0,986.2,992.7,981.3,986.2,117582750,1084.8,887.6,1102.5,649.1,992.0,2478,7,991.9,3950,16,991.8,3568,9,991.7,763,6,991.6,2934,15,992.1,18,1,992.2,244,2,992.3,87,1,992.4,794,3,992.5,772,5
317,2025-11-26 09:18:47+05:30,992.0,133,987.27,472242,263598.0,213692.0,986.2,992.7,981.3,986.2,117582750,1084.8,887.6,1102.5,649.1,992.0,2478,7,991.9,3950,16,991.8,3568,9,991.7,763,6,991.6,2934,15,992.1,18,1,992.2,244,2,992.3,87,1,992.4,794,3,992.5,772,5
317,2025-11-26 09:18:47+05:30,992.3,15,987.29,473778,259648.0,215561.0,986.2,992.7,981.3,986.2,117582750,1084.8,887.6,1102.5,649.1,992.0,40,3,991.9,2604,5,991.8,2087,7,991.7,1532,8,991.6,3618,16,992.2,36,1,992.3,92,2,992.4,461,4,992.5,1045,7,992.6,828,5
317,2025-11-26 09:18:47+05:30,992.3,15,987.29,473778,259648.0,215561.0,986.2,992.7,981.3,986.2,117582750,1084.8,887.6,1102.5,649.1,992.0,40,3,991.9,2604,5,991.8,2087,7,991.7,1532,8,991.6,3618,16,992.2,36,1,992.3,92,2,992.4,461,4,992.5,1045,7,992.6,828,5
317,2025-11-26 09:18:47+05:30,992.2,30,987.29,473778,259648.0,215561.0,986.2,992.7,981.3,986.2,117582750,1084.8,887.6,1102.5,649.1,992.0,40,3,991.9,2604,5,991.8,2087,7,991.7,1532,8,991.6,3618,16,992.2,36,1,992.3,92,2,992.4,461,4,992.5,1045,7,992.6,828,5
317,2025-11-26 09:18:47+05:30,992.2,30,987.29,473778,259648.0,215561.0,986.2,992.7,981.3,986.2,117582750,1084.8,887.6,1102.5,649.1,992.0,40,3,991.9,2604,5,991.8,2087,7,991.7,1532,8,991.6,3618,16,992.2,36,1,992.3,92,2,992.4,461,4,992.5,1045,7,992.6,828,5
317,2025-11-26 09:18:48+05:30,992.2,30,987.29,473778,259648.0,215561.0,986.2,992.7,981.3,986.2,117582750,1084.8,887.6,1102.5,649.1,992.0,40,3,991.9,2604,5,991.8,2087,7,991.7,1532,8,991.6,3618,16,992.2,36,1,992.3,92,2,992.4,461,4,992.5,1045,7,992.6,828,5
317,2025-11-26 09:18:48+05:30,991.7,152,987.3,474355,258313.0,217991.0,986.2,992.7,981.3,986.2,117582750,1084.8,887.6,1102.5,649.1,991.7,3598,5,991.6,1686,7,991.5,2499,13,991.4,1775,10,991.3,5524,9,992.1,249,2,992.2,258,4,992.3,932,7,992.4,2021,18,992.5,835,6
317,2025-11-26 09:18:48+05:30,991.7,152,987.3,474355,258313.0,217991.0,986.2,992.7,981.3,986.2,117582750,1084.8,887.6,1102.5,649.1,991.7,3598,5,991.6,1686,7,991.5,2499,13,991.4,1775,10,991.3,5524,9,992.1,249,2,992.2,258,4,992.3,932,7,992.4,2021,18,992.5,835,6
317,2025-11-26 09:18:48+05:30,991.7,152,987.3,474355,258313.0,217991.0,986.2,992.7,981.3,986.2,117582750,1084.8,887.6,1102.5,649.1,991.7,3598,5,991.6,1686,7,991.5,2499,13,991.4,1775,10,991.3,5524,9,992.1,249,2,992.2,258,4,992.3,932,7,992.4,2021,18,992.5,835,6
317,2025-11-26 09:18:48+05:30,991.7,152,987.3,474355,258313.0,217991.0,986.2,992.7,981.3,986.2,117582750,1084.8,887.6,1102.5,649.1,991.7,3598,5,991.6,1686,7,991.5,2499,13,991.4,1775,10,991.3,5524,9,992.1,249,2,992.2,258,4,992.3,932,7,992.4,2021,18,992.5,835,6
317,2025-11-26 09:18:48+05:30,991.7,152,987.3,474355,258313.0,217991.0,986.2,992.7,981.3,986.2,117755250,1084.8,887.6,1102.5,649.1,991.7,3598,5,991.6,1686,7,991.5,2499,13,991.4,1775,10,991.3,5524,9,992.1,249,2,992.2,258,4,992.3,932,7,992.4,2021,18,992.5,835,6
317,2025-11-26 09:18:49+05:30,991.7,152,987.3,474355,258313.0,217991.0,986.2,992.7,981.3,986.2,117755250,1084.8,887.6,1102.5,649.1,991.7,3598,5,991.6,1686,7,991.5,2499,13,991.4,1775,10,991.3,5524,9,992.1,249,2,992.2,258,4,992.3,932,7,992.4,2021,18,992.5,835,6
317,2025-11-26 09:18:49+05:30,992.0,20,987.3,474355,258313.0,217991.0,986.2,992.7,981.3,986.2,117755250,1084.8,887.6,1102.5,649.1,991.5,10,1,991.4,648,4,991.3,3000,8,991.2,3291,18,991.1,1585,13,992.0,963,11,992.1,816,8,992.2,1517,17,992.3,1298,7,992.4,2209,19
317,2025-11-26 09:18:49+05:30,992.0,20,987.3,474412,253399.0,221409.0,986.2,992.7,981.3,986.2,117755250,1084.8,887.6,1102.5,649.1,991.5,10,1,991.4,648,4,991.3,3000,8,991.2,3291,18,991.1,1585,13,992.0,963,11,992.1,816,8,992.2,1517,17,992.3,1298,7,992.4,2209,19
317,2025-11-26 09:18:50+05:30,992.6,25,987.3,474412,253399.0,221409.0,986.2,992.7,981.3,986.2,117755250,1084.8,887.6,1102.5,649.1,991.5,10,1,991.4,648,4,991.3,3000,8,991.2,3291,18,991.1,1585,13,992.0,963,11,992.1,816,8,992.2,1517,17,992.3,1298,7,992.4,2209,19
317,2025-11-26 09:18:50+05:30,992.6,25,987.32,477252,257201.0,213829.0,986.2,992.7,981.3,986.2,117755250,1084.8,887.6,1102.5,649.1,992.1,750,1,991.9,316,4,991.8,1242,6,991.7,569,4,991.6,1159,9,992.4,17,1,992.5,303,2,992.6,305,4,992.7,837,3,992.8,1239,8
317,2025-11-26 09:18:51+05:30,992.1,128,987.32,477252,257201.0,213829.0,986.2,992.7,981.3,986.2,117755250,1084.8,887.6,1102.5,649.1,992.1,750,1,991.9,316,4,991.8,1242,6,991.7,569,4,991.6,1159,9,992.4,17,1,992.5,303,2,992.6,305,4,992.7,837,3,992.8,1239,8
317,2025-11-26 09:18:51+05:30,992.5,553,987.34,478534,261324.0,215549.0,986.2,992.7,981.3,986.2,117755250,1084.8,887.6,1102.5,649.1,992.1,523,4,992.0,765,8,991.9,2511,10,991.8,5051,13,991.7,2070,8,992.4,1,1,992.5,167,1,992.8,1390,8,992.9,1725,14,993.0,3700,19
317,2025-11-26 09:18:52+05:30,992.5,17,987.34,478534,261324.0,215549.0,986.2,992.7,981.3,986.2,117755250,1084.8,887.6,1102.5,649.1,992.1,523,4,992.0,765,8,991.9,2511,10,991.8,5051,13,991.7,2070,8,992.4,1,1,992.5,167,1,992.8,1390,8,992.9,1725,14,993.0,3700,19
317,2025-11-26 09:18:52+05:30,992.4,87,987.35,479574,253661.0,218579.0,986.2,992.7,981.3,986.2,117755250,1084.8,887.6,1102.5,649.1,992.2,741,1,992.1,192,2,992.0,497,5,991.9,2239,3,991.8,2258,5,992.6,815,7,992.7,1238,9,992.8,1231,13,992.9,1373,11,993.0,3235,19
317,2025-11-26 09:18:53+05:30,991.8,209,987.35,479574,253661.0,218579.0,986.2,992.7,981.3,986.2,117755250,1084.8,887.6,1102.5,649.1,992.2,741,1,992.1,192,2,992.0,497,5,991.9,2239,3,991.8,2258,5,992.6,815,7,992.7,1238,9,992.8,1231,13,992.9,1373,11,993.0,3235,19
317,2025-11-26 09:18:53+05:30,992.1,1,987.36,480628,255245.0,225865.0,986.2,992.7,981.3,986.2,117755250,1084.8,887.6,1102.5,649.1,991.8,38,1,991.7,2289,4,991.6,3301,13,991.5,2561,12,991.4,794,7,992.1,314,5,992.2,151,2,992.3,583,4,992.4,1855,15,992.5,1035,18
317,2025-11-26 09:18:54+05:30,992.1,2,987.36,480628,255245.0,225865.0,986.2,992.7,981.3,986.2,117755250,1084.8,887.6,1102.5,649.1,991.8,38,1,991.7,2289,4,991.6,3301,13,991.5,2561,12,991.4,794,7,992.1,314,5,992.2,151,2,992.3,583,4,992.4,1855,15,992.5,1035,18
317,2025-11-26 09:18:54+05:30,992.1,2,987.36,480648,255601.0,225924.0,986.2,992.7,981.3,986.2,117755250,1084.8,887.6,1102.5,649.1,992.0,130,2,991.8,411,4,991.7,3025,9,991.6,3338,15,991.5,3109,12,992.1,290,4,992.3,164,1,992.4,1017,11,992.5,995,12,992.6,1047,10
317,2025-11-26 09:18:55+05:30,991.8,1,987.36,480648,255601.0,225924.0,986.2,992.7,981.3,986.2,117755250,1084.8,887.6,1102.5,649.1,992.0,130,2,991.8,411,4,991.7,3025,9,991.6,3338,15,991.5,3109,12,992.1,290,4,992.3,164,1,992.4,1017,11,992.5,995,12,992.6,1047,10
317,2025-11-26 09:18:55+05:30,991.8,1,987.37,481334,258423.0,225410.0,986.2,992.7,981.3,986.2,117755250,1084.8,887.6,1102.5,649.1,991.8,3085,10,991.7,2653,11,991.6,3035,11,991.5,1609,10,991.4,1579,9,992.1,46,1,992.4,678,7,992.5,863,10,992.6,1062,10,992.7,1863,16
317,2025-11-26 09:18:56+05:30,991.9,48,987.37,481334,258423.0,225410.0,986.2,992.7,981.3,986.2,117755250,1084.8,887.6,1102.5,649.1,991.8,3085,10,991.7,2653,11,991.6,3035,11,991.5,1609,10,991.4,1579,9,992.1,46,1,992.4,678,7,992.5,863,10,992.6,1062,10,992.7,1863,16
317,2025-11-26 09:18:57+05:30,991.8,21,987.37,481952,258602.0,224257.0,986.2,992.7,981.3,986.2,117755250,1084.8,887.6,1102.5,649.1,991.8,1814,5,991.7,3541,11,991.6,3096,14,991.5,1615,11,991.4,1268,6,992.0,21,1,992.1,46,1,992.3,202,1,992.4,538,4,992.5,816,9
317,2025-11-26 09:18:57+05:30,992.0,1,987.37,481952,258602.0,224257.0,986.2,992.7,981.3,986.2,117755250,1084.8,887.6,1102.5,649.1,991.8,1814,5,991.7,3541,11,991.6,3096,14,991.5,1615,11,991.4,1268,6,992.0,21,1,992.1,46,1,992.3,202,1,992.4,538,4,992.5,816,9
317,2025-11-26 09:18:58+05:30,992.3,3,987.37,482073,255689.0,223351.0,986.2,992.7,981.3,986.2,117755250,1084.8,887.6,1102.5,649.1,991.9,87,1,991.8,2280,8,991.7,3131,10,991.6,2262,7,991.5,1672,15,992.3,87,1,992.4,233,4,992.5,738,7,992.6,941,9,992.7,1212,8
317,2025-11-26 09:18:58+05:30,992.3,3,987.37,482073,255689.0,223351.0,986.2,992.7,981.3,986.2,117755250,1084.8,887.6,1102.5,649.1,991.9,87,1,991.8,2280,8,991.7,3131,10,991.6,2262,7,991.5,1672,15,992.3,87,1,992.4,233,4,992.5,738,7,992.6,941,9,992.7,1212,8
317,2025-11-26 09:18:59+05:30,992.1,7,987.37,482081,258474.0,222475.0,986.2,992.7,981.3,986.2,117755250,1084.8,887.6,1102.5,649.1,992.1,976,6,992.0,2583,9,991.9,3027,10,991.8,2477,15,991.7,1152,6,992.4,33,1,992.6,127,3,992.7,421,4,992.8,1124,10,992.9,1536,12
317,2025-11-26 09:18:59+05:30,992.1,7,987.37,482081,258474.0,222475.0,986.2,992.7,981.3,986.2,117755250,1084.8,887.6,1102.5,649.1,992.1,976,6,992.0,2583,9,991.9,3027,10,991.8,2477,15,991.7,1152,6,992.4,33,1,992.6,127,3,992.7,421,4,992.8,1124,10,992.9,1536,12
317,2025-11-26 09:19:00+05:30,992.7,15,987.38,482864,256743.0,218937.0,986.2,992.7,981.3,986.2,117755250,1084.8,887.6,1102.5,649.1,992.2,675,5,992.1,3008,11,992.0,2472,11,991.9,1601,10,991.8,766,11,992.7,30,1,992.8,363,4,992.9,863,6,993.0,2797,16,993.1,1503,14
317,2025-11-26 09:19:00+05:30,992.2,37,987.38,482864,256743.0,218937.0,986.2,992.7,981.3,986.2,117755250,1084.8,887.6,1102.5,649.1,992.2,675,5,992.1,3008,11,992.0,2472,11,991.9,1601,10,991.8,766,11,992.7,30,1,992.8,363,4,992.9,863,6,993.0,2797,16,993.1,1503,14
317,2025-11-26 09:19:01+05:30,992.9,62,987.38,483059,260148.0,218721.0,986.2,992.9,981.3,986.2,117755250,1084.8,887.6,1102.5,649.1,992.4,87,1,992.3,2177,7,992.2,3980,11,992.1,2762,12,992.0,522,12,992.8,87,1,992.9,612,3,993.0,2498,13,993.1,595,10,993.2,2425,16
317,2025-11-26 09:19:01+05:30,992.9,62,987.38,483059,260148.0,218721.0,986.2,992.9,981.3,986.2,117755250,1084.8,887.6,1102.5,649.1,992.4,87,1,992.3,2177,7,992.2,3980,11,992.1,2762,12,992.0,522,12,992.8,87,1,992.9,612,3,993.0,2498,13,993.1,595,10,993.2,2425,16
317,2025-11-26 09:19:02+05:30,992.3,3,987.38,483062,260084.0,220327.0,986.2,992.9,981.3,986.2,117755250,1084.8,887.6,1102.5,649.1,992.4,14,1,992.3,3007,8,992.2,3024,9,992.1,2744,13,992.0,570,8,992.7,378,1,992.8,87,1,992.9,460,2,993.0,2689,15,993.1,1476,14
317,2025-11-26 09:19:02+05:30,992.3,3,987.38,483062,260084.0,220327.0,986.2,992.9,981.3,986.2,117755250,1084.8,887.6,1102.5,649.1,992.4,14,1,992.3,3007,8,992.2,3024,9,992.1,2744,13,992.0,570,8,992.7,378,1,992.8,87,1,992.9,460,2,993.0,2689,15,993.1,1476,14
317,2025-11-26 09:19:03+05:30,992.7,22,987.38,483062,260084.0,220327.0,986.2,992.9,981.3,986.2,117755250,1084.8,887.6,1102.5,649.1,992.4,14,1,992.3,3007,8,992.2,3024,9,992.1,2744,13,992.0,570,8,992.7,378,1,992.8,87,1,992.9,460,2,993.0,2689,15,993.1,1476,14
317,2025-11-26 09:19:03+05:30,992.7,22,987.39,483109,260158.0,221394.0,986.2,992.9,981.3,986.2,117755250,1084.8,887.6,1102.5,649.1,992.4,9,1,992.3,2496,6,992.2,3172,10,992.1,2522,11,992.0,766,9,992.7,734,4,992.8,401,2,992.9,460,2,993.0,2707,17,993.1,1324,13
317,2025-11-26 09:19:04+05:30,992.7,24,987.39,483109,260158.0,221394.0,986.2,992.9,981.3,986.2,117755250,1084.8,887.6,1102.5,649.1,992.4,9,1,992.3,2496,6,992.2,3172,10,992.1,2522,11,992.0,766,9,992.7,734,4,992.8,401,2,992.9,460,2,993.0,2707,17,993.1,1324,13
317,2025-11-26 09:19:04+05:30,992.7,24,987.41,485711,258931.0,223493.0,986.2,992.9,981.3,986.2,117755250,1084.8,887.6,1102.5,649.1,992.4,4,1,992.3,10,1,992.2,2070,4,992.1,2788,11,992.0,2497,17,992.7,857,11,992.8,1411,14,992.9,1572,10,993.0,3440,21,993.1,505,5
317,2025-11-26 09:19:05+05:30,992.2,19,987.41,485711,258931.0,223493.0,986.2,992.9,981.3,986.2,117755250,1084.8,887.6,1102.5,649.1,992.4,4,1,992.3,10,1,992.2,2070,4,992.1,2788,11,992.0,2497,17,992.7,857,11,992.8,1411,14,992.9,1572,10,993.0,3440,21,993.1,505,5
317,2025-11-26 09:19:05+05:30,992.7,40,987.41,485814,258883.0,223215.0,986.2,992.9,981.3,986.2,117755250,1084.8,887.6,1102.5,649.1,992.3,87,1,992.2,2503,6,992.1,3081,13,992.0,2655,18,991.9,1398,6,992.7,359,7,992.8,888,13,992.9,1499,9,993.0,3100,21,993.1,1107,7
317,2025-11-26 09:19:06+05:30,992.3,1,987.41,485814,258883.0,223215.0,986.2,992.9,981.3,986.2,117755250,1084.8,887.6,1102.5,649.1,992.3,87,1,992.2,2503,6,992.1,3081,13,992.0,2655,18,991.9,1398,6,992.7,359,7,992.8,888,13,992.9,1499,9,993.0,3100,21,993.1,1107,7
317,2025-11-26 09:19:06+05:30,992.3,1,987.42,486123,261684.0,221639.0,986.2,992.9,981.3,986.2,117755250,1084.8,887.6,1102.5,649.1,992.3,2764,7,992.2,2967,8,992.1,2572,13,992.0,1141,15,991.9,1940,7,992.7,67,3,992.8,436,3,992.9,782,5,993.0,3145,19,993.1,621,5
317,2025-11-26 09:19:07+05:30,991.8,5,987.42,486123,261684.0,221639.0,986.2,992.9,981.3,986.2,117755250,1084.8,887.6,1102.5,649.1,992.3,2764,7,992.2,2967,8,992.1,2572,13,992.0,1141,15,991.9,1940,7,992.7,67,3,992.8,436,3,992.9,782,5,993.0,3145,19,993.1,621,5
317,2025-11-26 09:19:07+05:30,991.6,5,987.49,493920,246629.0,235692.0,986.2,992.9,981.3,986.2,117755250,1084.8,887.6,1102.5,649.1,991.4,30,1,991.3,33,1,991.2,219,1,991.1,985,6,991.0,1981,12,991.6,333,5,991.7,251,2,991.8,534,8,991.9,815,6,992.0,1263,12
317,2025-11-26 09:19:08+05:30,991.3,21,987.49,493920,246629.0,235692.0,986.2,992.9,981.3,986.2,117755250,1084.8,887.6,1102.5,649.1,991.4,30,1,991.3,33,1,991.2,219,1,991.1,985,6,991.0,1981,12,991.6,333,5,991.7,251,2,991.8,534,8,991.9,815,6,992.0,1263,12
317,2025-11-26 09:19:08+05:30,991.8,60,987.51,496852,249700.0,235966.0,986.2,992.9,981.3,986.2,117755250,1084.8,887.6,1102.5,649.1,991.1,2310,12,991.0,2792,18,990.9,495,9,990.8,1614,10,990.7,2023,7,991.6,130,1,991.7,87,1,991.8,325,2,991.9,677,7,992.0,1611,14
317,2025-11-26 09:19:09+05:30,991.1,51,987.51,496852,249700.0,235966.0,986.2,992.9,981.3,986.2,117755250,1084.8,887.6,1102.5,649.1,991.1,2310,12,991.0,2792,18,990.9,495,9,990.8,1614,10,990.7,2023,7,991.6,130,1,991.7,87,1,991.8,325,2,991.9,677,7,992.0,1611,14
317,2025-11-26 09:19:10+05:30,991.1,38,987.52,497939,251956.0,237279.0,986.2,992.9,981.3,986.2,117755250,1084.8,887.6,1102.5,649.1,991.1,189,3,991.0,2742,13,990.9,1118,8,990.8,3456,17,990.7,782,6,991.5,162,2,991.6,424,6,991.7,303,4,991.8,803,10,991.9,1079,8
317,2025-11-26 09:19:10+05:30,991.0,14,987.52,497939,251956.0,237279.0,986.2,992.9,981.3,986.2,117755250,1084.8,887.6,1102.5,649.1,991.1,189,3,991.0,2742,13,990.9,1118,8,990.8,3456,17,990.7,782,6,991.5,162,2,991.6,424,6,991.7,303,4,991.8,803,10,991.9,1079,8
317,2025-11-26 09:19:11+05:30,991.5,5,987.52,498092,247468.0,239360.0,986.2,992.9,981.3,986.2,117755250,1084.8,887.6,1102.5,649.1,991.0,1220,9,990.9,55,2,990.8,192,2,990.7,1334,5,990.6,2091,14,991.5,849,8,991.6,1268,17,991.7,902,8,991.8,1228,11,991.9,896,9
317,2025-11-26 09:19:11+05:30,991.5,15,987.52,498092,247468.0,239360.0,986.2,992.9,981.3,986.2,117755250,1084.8,887.6,1102.5,649.1,991.0,1220,9,990.9,55,2,990.8,192,2,990.7,1334,5,990.6,2091,14,991.5,849,8,991.6,1268,17,991.7,902,8,991.8,1228,11,991.9,896,9
317,2025-11-26 09:19:12+05:30,991.0,2,987.52,498197,250399.0,237560.0,986.2,992.9,981.3,986.2,117755250,1084.8,887.6,1102.5,649.1,991.1,387,2,991.0,2285,15,990.9,1058,6,990.8,1042,7,990.7,728,5,991.6,189,4,991.7,269,3,991.8,810,5,991.9,857,8,992.0,1575,14
317,2025-11-26 09:19:12+05:30,991.0,2,987.52,498197,250399.0,237560.0,986.2,992.9,981.3,986.2,117755250,1084.8,887.6,1102.5,649.1,991.1,387,2,991.0,2285,15,990.9,1058,6,990.8,1042,7,990.7,728,5,991.6,189,4,991.7,269,3,991.8,810,5,991.9,857,8,992.0,1575,14
317,2025-11-26 09:19:13+05:30,991.2,2,987.52,498379,250575.0,236808.0,986.2,992.9,981.3,986.2,117755250,1084.8,887.6,1102.5,649.1,991.1,264,2,991.0,1800,14,990.9,3411,12,990.8,1213,8,990.7,883,13,991.6,287,5,991.7,546,6,991.8,591,4,991.9,920,7,992.0,2336,16
317,2025-11-26 09:19:13+05:30,991.6,1,987.52,498379,250575.0,236808.0,986.2,992.9,981.3,986.2,117755250,1084.8,887.6,1102.5,649.1,991.1,264,2,991.0,1800,14,990.9,3411,12,990.8,1213,8,990.7,883,13,991.6,287,5,991.7,546,6,991.8,591,4,991.9,920,7,992.0,2336,16
317,2025-11-26 09:19:14+05:30,991.8,7,987.54,500013,255612.0,232468.0,986.2,992.9,981.3,986.2,117755250,1084.8,887.6,1102.5,649.1,991.3,2538,8,991.2,2025,9,991.1,2536,10,991.0,2384,14,990.9,1619,10,991.8,80,1,991.9,404,2,992.0,776,7,992.1,964,5,992.2,1027,7
317,2025-11-26 09:19:14+05:30,991.8,7,987.54,500013,255612.0,232468.0,986.2,992.9,981.3,986.2,117755250,1084.8,887.6,1102.5,649.1,991.3,2538,8,991.2,2025,9,991.1,2536,10,991.0,2384,14,990.9,1619,10,991.8,80,1,991.9,404,2,992.0,776,7,992.1,964,5,992.2,1027,7
317,2025-11-26 09:19:15+05:30,991.3,25,987.54,500038,256023.0,232476.0,986.2,992.9,981.3,986.2,117755250,1084.8,887.6,1102.5,649.1,991.3,3263,9,991.2,1537,9,991.1,2562,12,991.0,2463,19,990.9,2369,11,991.8,80,1,991.9,404,2,992.0,776,7,992.1,964,5,992.2,1080,10
317,2025-11-26 09:19:15+05:30,991.3,25,987.54,500038,256023.0,232476.0,986.2,992.9,981.3,986.2,117755250,1084.8,887.6,1102.5,649.1,991.3,3263,9,991.2,1537,9,991.1,2562,12,991.0,2463,19,990.9,2369,11,991.8,80,1,991.9,404,2,992.0,776,7,992.1,964,5,992.2,1080,10
317,2025-11-26 09:19:16+05:30,991.4,1,987.54,500038,256023.0,232476.0,986.2,992.9,981.3,986.2,117755250,1084.8,887.6,1102.5,649.1,991.3,3263,9,991.2,1537,9,991.1,2562,12,991.0,2463,19,990.9,2369,11,991.8,80,1,991.9,404,2,992.0,776,7,992.1,964,5,992.2,1080,10
317,2025-11-26 09:19:16+05:30,991.4,1,987.54,500049,255683.0,232306.0,986.2,992.9,981.3,986.2,117755250,1084.8,887.6,1102.5,649.1,991.4,431,5,991.3,2945,8,991.2,1549,10,991.1,2550,11,991.0,3463,20,991.8,70,1,991.9,142,1,992.0,852,8,992.1,1000,8,992.2,1054,8
317,2025-11-26 09:19:17+05:30,991.4,1,987.54,500049,255957.0,232645.0,986.2,992.9,981.3,986.2,117755250,1084.8,887.6,1102.5,649.1,991.4,279,5,991.3,3372,10,991.2,1549,10,991.1,2550,11,991.0,3463,20,991.8,70,1,991.9,142,1,992.0,852,8,992.1,1000,8,992.2,1054,8
317,2025-11-26 09:19:18+05:30,991.8,2,987.54,500049,255957.0,232645.0,986.2,992.9,981.3,986.2,117755250,1084.8,887.6,1102.5,649.1,991.4,279,5,991.3,3372,10,991.2,1549,10,991.1,2550,11,991.0,3463,20,991.8,70,1,991.9,142,1,992.0,852,8,992.1,1000,8,992.2,1054,8
317,2025-11-26 09:19:18+05:30,991.8,2,987.54,500052,254937.0,232640.0,986.2,992.9,981.3,986.2,117755250,1084.8,887.6,1102.5,649.1,991.4,569,8,991.3,2811,9,991.2,1549,10,991.1,2650,12,991.0,3046,20,991.8,67,1,991.9,404,2,992.0,852,8,992.1,1000,8,992.2,1054,8
317,2025-11-26 09:19:19+05:30,991.4,15,987.54,500052,254937.0,232640.0,986.2,992.9,981.3,986.2,117755250,1084.8,887.6,1102.5,649.1,991.4,569,8,991.3,2811,9,991.2,1549,10,991.1,2650,12,991.0,3046,20,991.8,67,1,991.9,404,2,992.0,852,8,992.1,1000,8,992.2,1054,8
317,2025-11-26 09:19:19+05:30,991.4,15,987.54,500093,252750.0,232970.0,986.2,992.9,981.3,986.2,117755250,1084.8,887.6,1102.5,649.1,991.5,30,1,991.4,25,2,991.3,1739,4,991.2,1537,9,991.1,1315,11,991.9,538,3,992.0,1318,11,992.1,1000,8,992.2,1908,9,992.3,969,14
317,2025-11-26 09:19:20+05:30,992.0,194,987.54,500093,252750.0,232970.0,986.2,992.9,981.3,986.2,117755250,1084.8,887.6,1102.5,649.1,991.5,30,1,991.4,25,2,991.3,1739,4,991.2,1537,9,991.1,1315,11,991.9,538,3,992.0,1318,11,992.1,1000,8,992.2,1908,9,992.3,969,14
317,2025-11-26 09:19:20+05:30,992.0,194,987.55,501330,259567.0,224314.0,986.2,992.9,981.3,986.2,117755250,1084.8,887.6,1102.5,649.1,992.1,290,5,992.0,531,7,991.9,2116,6,991.8,3359,16,991.7,2168,7,992.4,1,1,992.7,507,3,992.8,1009,7,992.9,1753,9,993.0,4344,27
317,2025-11-26 09:19:22+05:30,992.1,3,987.55,501346,261295.0,225168.0,986.2,992.9,981.3,986.2,117755250,1084.8,887.6,1102.5,649.1,992.1,219,4,992.0,529,5,991.9,2378,7,991.8,3495,17,991.7,2382,9,992.3,49,1,992.4,1,1,992.5,23,1,992.6,293,2,992.7,507,3
317,2025-11-26 09:19:22+05:30,992.1,3,987.55,501346,261295.0,225168.0,986.2,992.9,981.3,986.2,117755250,1084.8,887.6,1102.5,649.1,992.1,219,4,992.0,529,5,991.9,2378,7,991.8,3495,17,991.7,2382,9,992.3,49,1,992.4,1,1,992.5,23,1,992.6,293,2,992.7,507,3
317,2025-11-26 09:19:23+05:30,992.3,6,987.55,501553,263667.0,224585.0,986.2,992.9,981.3,986.2,117755250,1084.8,887.6,1102.5,649.1,992.1,198,3,992.0,1865,6,991.9,2190,7,991.8,4458,18,991.7,932,8,992.3,43,1,992.4,1,1,992.6,464,2,992.7,646,5,992.8,1370,8
317,2025-11-26 09:19:23+05:30,992.6,56,987.55,501553,263667.0,224585.0,986.2,992.9,981.3,986.2,117755250,1084.8,887.6,1102.5,649.1,992.1,198,3,992.0,1865,6,991.9,2190,7,991.8,4458,18,991.7,932,8,992.3,43,1,992.4,1,1,992.6,464,2,992.7,646,5,992.8,1370,8
317,2025-11-26 09:19:24+05:30,992.1,2,987.55,501656,258368.0,223868.0,986.2,992.9,981.3,986.2,117755250,1084.8,887.6,1102.5,649.1,992.1,255,4,992.0,2006,7,991.9,2221,8,991.8,1797,16,991.7,906,6,992.6,115,2,992.7,626,4,992.8,1573,9,992.9,1973,12,993.0,3755,24
317,2025-11-26 09:19:24+05:30,992.1,2,987.55,501656,258368.0,223868.0,986.2,992.9,981.3,986.2,117755250,1084.8,887.6,1102.5,649.1,992.1,255,4,992.0,2006,7,991.9,2221,8,991.8,1797,16,991.7,906,6,992.6,115,2,992.7,626,4,992.8,1573,9,992.9,1973,12,993.0,3755,24
317,2025-11-26 09:19:25+05:30,992.1,2,987.55,501659,263912.0,225957.0,986.2,992.9,981.3,986.2,117755250,1084.8,887.6,1102.5,649.1,992.1,1683,7,992.0,2806,10,991.9,2890,9,991.8,1795,15,991.7,1400,7,992.5,348,1,992.6,128,2,992.7,575,3,992.8,809,6,992.9,1532,11
317,2025-11-26 09:19:25+05:30,992.1,2,987.55,501659,263912.0,225957.0,986.2,992.9,981.3,986.2,117755250,1084.8,887.6,1102.5,649.1,992.1,1683,7,992.0,2806,10,991.9,2890,9,991.8,1795,15,991.7,1400,7,992.5,348,1,992.6,128,2,992.7,575,3,992.8,809,6,992.9,1532,11
317,2025-11-26 09:19:26+05:30,992.1,9,987.55,501668,256696.0,229896.0,986.2,992.9,981.3,986.2,117755250,1084.8,887.6,1102.5,649.1,992.1,14,2,991.8,1591,4,991.7,1549,3,991.6,2226,9,991.5,1179,10,992.4,806,7,992.5,1229,9,992.6,2053,10,992.7,1449,10,992.8,1495,16
317,2025-11-26 09:19:26+05:30,992.1,9,987.55,501668,256696.0,229896.0,986.2,992.9,981.3,986.2,117755250,1084.8,887.6,1102.5,649.1,992.1,14,2,991.8,1591,4,991.7,1549,3,991.6,2226,9,991.5,1179,10,992.4,806,7,992.5,1229,9,992.6,2053,10,992.7,1449,10,992.8,1495,16
317,2025-11-26 09:19:27+05:30,992.1,9,987.55,501668,256102.0,230144.0,986.2,992.9,981.3,986.2,117755250,1084.8,887.6,1102.5,649.1,992.1,15,3,991.8,1591,4,991.7,1549,3,991.6,1407,7,991.5,1179,10,992.4,832,9,992.5,1229,9,992.6,2095,11,992.7,1481,11,992.8,1469,14
317,2025-11-26 09:19:28+05:30,992.4,8,987.57,503261,254007.0,232214.0,986.2,992.9,981.3,986.2,117755250,1084.8,887.6,1102.5,649.1,991.6,1705,5,991.5,776,7,991.4,2351,15,991.3,2498,11,991.2,1123,11,992.3,408,4,992.4,1307,11,992.5,1880,16,992.6,1793,13,992.7,1564,12
317,2025-11-26 09:19:28+05:30,992.4,8,987.57,503261,254007.0,232214.0,986.2,992.9,981.3,986.2,117755250,1084.8,887.6,1102.5,649.1,991.6,1705,5,991.5,776,7,991.4,2351,15,991.3,2498,11,991.2,1123,11,992.3,408,4,992.4,1307,11,992.5,1880,16,992.6,1793,13,992.7,1564,12
317,2025-11-26 09:19:29+05:30,992.2,25,987.57,503261,254007.0,232214.0,986.2,992.9,981.3,986.2,117755250,1084.8,887.6,1102.5,649.1,991.6,1705,5,991.5,776,7,991.4,2351,15,991.3,2498,11,991.2,1123,11,992.3,408,4,992.4,1307,11,992.5,1880,16,992.6,1793,13,992.7,1564,12
317,2025-11-26 09:19:29+05:30,992.2,25,987.57,503373,261030.0,231983.0,986.2,992.9,981.3,986.2,117755250,1084.8,887.6,1102.5,649.1,991.7,510,4,991.6,3984,11,991.5,1269,11,991.4,4032,16,991.3,2418,9,992.2,405,1,992.3,859,4,992.4,1239,11,992.5,1163,14,992.6,1759,13
317,2025-11-26 09:19:30+05:30,991.5,1,987.57,503373,261030.0,231983.0,986.2,992.9,981.3,986.2,117755250,1084.8,887.6,1102.5,649.1,991.7,510,4,991.6,3984,11,991.5,1269,11,991.4,4032,16,991.3,2418,9,992.2,405,1,992.3,859,4,992.4,1239,11,992.5,1163,14,992.6,1759,13
317,2025-11-26 09:19:30+05:30,991.5,1,987.57,504145,251749.0,236803.0,986.2,992.9,981.3,986.2,117755250,1084.8,887.6,1102.5,649.1,991.5,29,1,991.4,1007,4,991.2,187,1,991.1,1808,9,991.0,2276,17,991.9,1444,9,992.0,1513,9,992.1,622,11,992.2,1994,11,992.3,935,9
317,2025-11-26 09:19:31+05:30,991.5,1,987.57,504145,251749.0,236803.0,986.2,992.9,981.3,986.2,117755250,1084.8,887.6,1102.5,649.1,991.5,29,1,991.4,1007,4,991.2,187,1,991.1,1808,9,991.0,2276,17,991.9,1444,9,992.0,1513,9,992.1,622,11,992.2,1994,11,992.3,935,9
317,2025-11-26 09:19:31+05:30,991.5,1,987.58,504366,253092.0,237046.0,986.2,992.9,981.3,986.2,117755250,1084.8,887.6,1102.5,649.1,991.5,8,1,991.4,1027,5,991.2,454,2,991.1,2247,13,991.0,2362,17,991.9,1506,9,992.0,736,7,992.1,770,13,992.2,1994,11,992.3,718,7
317,2025-11-26 09:19:32+05:30,991.9,1,987.58,504366,253092.0,237046.0,986.2,992.9,981.3,986.2,117755250,1084.8,887.6,1102.5,649.1,991.5,8,1,991.4,1027,5,991.2,454,2,991.1,2247,13,991.0,2362,17,991.9,1506,9,992.0,736,7,992.1,770,13,992.2,1994,11,992.3,718,7
317,2025-11-26 09:19:32+05:30,991.9,1,987.58,504475,256341.0,236726.0,986.2,992.9,981.3,986.2,117755250,1084.8,887.6,1102.5,649.1,991.4,1372,6,991.3,1947,5,991.2,1961,7,991.1,1255,15,991.0,2563,18,991.9,676,3,992.0,396,6,992.1,961,8,992.2,1563,10,992.3,1346,9
317,2025-11-26 09:19:33+05:30,991.5,1,987.58,504475,256341.0,236726.0,986.2,992.9,981.3,986.2,117755250,1084.8,887.6,1102.5,649.1,991.4,1372,6,991.3,1947,5,991.2,1961,7,991.1,1255,15,991.0,2563,18,991.9,676,3,992.0,396,6,992.1,961,8,992.2,1563,10,992.3,1346,9
317,2025-11-26 09:19:34+05:30,991.5,1,987.58,504476,260290.0,240741.0,986.2,992.9,981.3,986.2,117755250,1084.8,887.6,1102.5,649.1,991.5,172,1,991.4,4543,15,991.3,1265,8,991.2,2908,8,991.1,1737,14,991.9,676,3,992.0,415,2,992.1,340,3,992.2,1346,8,992.3,1805,14
317,2025-11-26 09:19:34+05:30,991.5,120,987.58,504476,260290.0,240741.0,986.2,992.9,981.3,986.2,117755250,1084.8,887.6,1102.5,649.1,991.5,172,1,991.4,4543,15,991.3,1265,8,991.2,2908,8,991.1,1737,14,991.9,676,3,992.0,415,2,992.1,340,3,992.2,1346,8,992.3,1805,14
317,2025-11-26 09:19:35+05:30,991.5,120,987.58,504596,256837.0,241631.0,986.2,992.9,981.3,986.2,117755250,1084.8,887.6,1102.5,649.1,991.5,15,1,991.4,1686,6,991.3,1798,6,991.2,2287,9,991.1,1999,15,991.9,1023,6,992.0,968,6,992.1,499,5,992.2,1993,10,992.3,1133,12
317,2025-11-26 09:19:36+05:30,991.9,5,987.58,504603,259878.0,243285.0,986.2,992.9,981.3,986.2,117755250,1084.8,887.6,1102.5,649.1,991.5,1013,2,991.4,1058,7,991.3,2597,8,991.2,1961,7,991.1,3499,17,991.8,601,1,991.9,719,4,992.0,818,6,992.1,1065,8,992.2,2207,12
317,2025-11-26 09:19:36+05:30,991.8,7,987.58,504603,259878.0,243285.0,986.2,992.9,981.3,986.2,117755250,1084.8,887.6,1102.5,649.1,991.5,1013,2,991.4,1058,7,991.3,2597,8,991.2,1961,7,991.1,3499,17,991.8,601,1,991.9,719,4,992.0,818,6,992.1,1065,8,992.2,2207,12
317,2025-11-26 09:19:37+05:30,991.8,150,987.58,504891,260166.0,242489.0,986.2,992.9,981.3,986.2,117755250,1084.8,887.6,1102.5,649.1,991.5,1275,3,991.4,1014,7,991.3,2824,10,991.2,2146,9,991.1,3237,16,991.8,313,1,991.9,719,4,992.0,587,3,992.1,505,4,992.2,1888,12
317,2025-11-26 09:19:37+05:30,991.8,25,987.58,504891,260166.0,242489.0,986.2,992.9,981.3,986.2,117755250,1084.8,887.6,1102.5,649.1,991.5,1275,3,991.4,1014,7,991.3,2824,10,991.2,2146,9,991.1,3237,16,991.8,313,1,991.9,719,4,992.0,587,3,992.1,505,4,992.2,1888,12
317,2025-11-26 09:19:38+05:30,991.5,4,987.58,504925,257264.0,243488.0,986.2,992.9,981.3,986.2,117755250,1084.8,887.6,1102.5,649.1,991.5,1009,2,991.4,424,4,991.3,807,5,991.2,2044,6,991.1,2455,10,991.8,283,1,991.9,1148,6,992.0,1278,6,992.1,921,7,992.2,1954,11
317,2025-11-26 09:19:38+05:30,991.5,4,987.58,504925,257264.0,243488.0,986.2,992.9,981.3,986.2,117755250,1084.8,887.6,1102.5,649.1,991.5,1009,2,991.4,424,4,991.3,807,5,991.2,2044,6,991.1,2455,10,991.8,283,1,991.9,1148,6,992.0,1278,6,992.1,921,7,992.2,1954,11
317,2025-11-26 09:19:39+05:30,991.6,71,987.61,508347,253985.0,244583.0,986.2,992.9,981.3,986.2,117755250,1084.8,887.6,1102.5,649.1,991.4,424,4,991.3,461,2,991.1,851,4,991.0,4268,22,990.9,1564,13,991.6,270,3,991.7,153,2,991.8,1431,9,991.9,1768,11,992.0,2651,20
317,2025-11-26 09:19:39+05:30,991.6,71,987.61,508347,253985.0,244583.0,986.2,992.9,981.3,986.2,117755250,1084.8,887.6,1102.5,649.1,991.4,424,4,991.3,461,2,991.1,851,4,991.0,4268,22,990.9,1564,13,991.6,270,3,991.7,153,2,991.8,1431,9,991.9,1768,11,992.0,2651,20
317,2025-11-26 09:19:40+05:30,991.1,663,987.61,508347,253985.0,244583.0,986.2,992.9,981.3,986.2,117755250,1084.8,887.6,1102.5,649.1,991.4,424,4,991.3,461,2,991.1,851,4,991.0,4268,22,990.9,1564,13,991.6,270,3,991.7,153,2,991.8,1431,9,991.9,1768,11,992.0,2651,20
317,2025-11-26 09:19:40+05:30,991.1,663,987.67,516501,248803.0,246150.0,986.2,992.9,981.3,986.2,117755250,1084.8,887.6,1102.5,649.1,991.1,100,1,991.0,1526,10,990.9,692,5,990.8,595,5,990.7,1816,7,991.5,790,8,991.6,1901,12,991.7,958,7,991.8,1507,11,991.9,1448,9
317,2025-11-26 09:19:41+05:30,991.0,60,987.67,516501,248803.0,246150.0,986.2,992.9,981.3,986.2,117755250,1084.8,887.6,1102.5,649.1,991.1,100,1,991.0,1526,10,990.9,692,5,990.8,595,5,990.7,1816,7,991.5,790,8,991.6,1901,12,991.7,958,7,991.8,1507,11,991.9,1448,9
317,2025-11-26 09:19:41+05:30,991.0,60,987.67,517361,254409.0,249749.0,986.2,992.9,981.3,986.2,117755250,1084.8,887.6,1102.5,649.1,991.0,958,5,990.9,55,2,990.8,5,1,990.7,793,4,990.6,1845,9,991.1,126,2,991.2,382,4,991.3,1216,7,991.4,1426,8,991.5,1967,11
317,2025-11-26 09:19:42+05:30,990.8,6,987.67,517361,254409.0,249749.0,986.2,992.9,981.3,986.2,117755250,1084.8,887.6,1102.5,649.1,991.0,958,5,990.9,55,2,990.8,5,1,990.7,793,4,990.6,1845,9,991.1,126,2,991.2,382,4,991.3,1216,7,991.4,1426,8,991.5,1967,11
317,2025-11-26 09:19:42+05:30,990.7,95,987.68,518533,256751.0,249648.0,986.2,992.9,981.3,986.2,117755250,1084.8,887.6,1102.5,649.1,990.7,1405,2,990.6,2859,9,990.5,1170,4,990.4,2148,8,990.3,2739,9,990.9,11,1,991.1,369,2,991.2,529,7,991.3,1163,9,991.4,1713,11
317,2025-11-26 09:19:43+05:30,990.7,15,987.68,518533,256751.0,249648.0,986.2,992.9,981.3,986.2,117755250,1084.8,887.6,1102.5,649.1,990.7,1405,2,990.6,2859,9,990.5,1170,4,990.4,2148,8,990.3,2739,9,990.9,11,1,991.1,369,2,991.2,529,7,991.3,1163,9,991.4,1713,11
317,2025-11-26 09:19:43+05:30,990.7,15,987.68,518575,259036.0,260431.0,986.2,992.9,981.3,986.2,117755250,1084.8,887.6,1102.5,649.1,990.7,2133,3,990.6,2885,11,990.5,1286,6,990.4,1008,8,990.3,2739,9,990.8,205,2,990.9,885,2,991.1,264,2,991.2,922,9,991.3,1508,12
317,2025-11-26 09:19:44+05:30,991.7,750,987.68,518575,259036.0,260431.0,986.2,992.9,981.3,986.2,117755250,1084.8,887.6,1102.5,649.1,990.7,2133,3,990.6,2885,11,990.5,1286,6,990.4,1008,8,990.3,2739,9,990.8,205,2,990.9,885,2,991.1,264,2,991.2,922,9,991.3,1508,12
317,2025-11-26 09:19:45+05:30,991.2,89,987.72,524177,257155.0,251251.0,986.2,992.9,981.3,986.2,117755250,1084.8,887.6,1102.5,649.1,991.1,867,4,991.0,2136,7,990.9,3567,12,990.8,835,6,990.7,861,10,991.7,86,1,991.8,525,4,991.9,1214,7,992.0,1732,13,992.1,765,8
317,2025-11-26 09:19:45+05:30,991.2,115,987.72,524177,257155.0,251251.0,986.2,992.9,981.3,986.2,117755250,1084.8,887.6,1102.5,649.1,991.1,867,4,991.0,2136,7,990.9,3567,12,990.8,835,6,990.7,861,10,991.7,86,1,991.8,525,4,991.9,1214,7,992.0,1732,13,992.1,765,8
317,2025-11-26 09:19:46+05:30,991.6,10,987.72,524372,256656.0,255951.0,986.2,992.9,981.3,986.2,117755250,1084.8,887.6,1102.5,649.1,991.2,750,1,991.1,2,1,991.0,1863,5,990.9,2728,9,990.8,1680,10,991.6,1963,8,991.7,858,5,991.8,1314,7,991.9,1515,11,992.0,1532,13
317,2025-11-26 09:19:46+05:30,991.6,10,987.72,524372,256656.0,255951.0,986.2,992.9,981.3,986.2,117755250,1084.8,887.6,1102.5,649.1,991.2,750,1,991.1,2,1,991.0,1863,5,990.9,2728,9,990.8,1680,10,991.6,1963,8,991.7,858,5,991.8,1314,7,991.9,1515,11,992.0,1532,13
317,2025-11-26 09:19:47+05:30,991.2,3,987.72,524386,262976.0,257136.0,986.2,992.9,981.3,986.2,117755250,1084.8,887.6,1102.5,649.1,991.2,760,2,991.1,101,2,991.0,2823,9,990.9,2709,9,990.8,3321,13,991.5,227,2,991.6,1565,6,991.7,657,4,991.8,965,7,991.9,1853,12
317,2025-11-26 09:19:47+05:30,990.7,151,987.72,524386,262976.0,257136.0,986.2,992.9,981.3,986.2,117755250,1084.8,887.6,1102.5,649.1,991.2,760,2,991.1,101,2,991.0,2823,9,990.9,2709,9,990.8,3321,13,991.5,227,2,991.6,1565,6,991.7,657,4,991.8,965,7,991.9,1853,12
317,2025-11-26 09:19:48+05:30,990.7,151,987.74,527029,259297.0,260203.0,986.2,992.9,981.3,986.2,117755250,1084.8,887.6,1102.5,649.1,990.7,1500,2,990.6,3382,8,990.5,1172,15,990.4,686,7,990.3,4515,14,991.2,388,3,991.3,438,6,991.4,1455,11,991.5,2265,17,991.6,1975,17
317,2025-11-26 09:19:49+05:30,990.8,127,987.74,527191,261848.0,261635.0,986.2,992.9,981.3,986.2,117755250,1084.8,887.6,1102.5,649.1,990.7,2602,6,990.6,3212,10,990.5,977,13,990.4,2510,12,990.3,3015,12,991.0,260,1,991.1,232,2,991.2,412,3,991.3,471,5,991.4,1116,9
317,2025-11-26 09:19:49+05:30,991.0,5,987.74,527191,261848.0,261635.0,986.2,992.9,981.3,986.2,117755250,1084.8,887.6,1102.5,649.1,990.7,2602,6,990.6,3212,10,990.5,977,13,990.4,2510,12,990.3,3015,12,991.0,260,1,991.1,232,2,991.2,412,3,991.3,471,5,991.4,1116,9
317,2025-11-26 09:19:50+05:30,991.0,5,987.74,527201,262922.0,261195.0,986.2,992.9,981.3,986.2,117755250,1084.8,887.6,1102.5,649.1,990.7,3183,6,990.6,3283,7,990.5,1124,14,990.4,1126,10,990.3,4515,14,991.0,787,3,991.1,470,3,991.2,609,6,991.3,1141,12,991.4,949,8
317,2025-11-26 09:19:50+05:30,991.0,5,987.74,527201,262922.0,261195.0,986.2,992.9,981.3,986.2,117755250,1084.8,887.6,1102.5,649.1,990.7,3183,6,990.6,3283,7,990.5,1124,14,990.4,1126,10,990.3,4515,14,991.0,787,3,991.1,470,3,991.2,609,6,991.3,1141,12,991.4,949,8
317,2025-11-26 09:19:51+05:30,990.7,44,987.74,527201,262922.0,261195.0,986.2,992.9,981.3,986.2,117755250,1084.8,887.6,1102.5,649.1,990.7,3183,6,990.6,3283,7,990.5,1124,14,990.4,1126,10,990.3,4515,14,991.0,787,3,991.1,470,3,991.2,609,6,991.3,1141,12,991.4,949,8
317,2025-11-26 09:19:51+05:30,990.7,44,987.74,527245,265068.0,261724.0,986.2,992.9,981.3,986.2,117755250,1084.8,887.6,1102.5,649.1,990.7,3140,7,990.6,4033,8,990.5,1143,11,990.4,780,7,990.3,4515,14,990.9,12,1,991.0,1350,5,991.1,470,3,991.2,455,6,991.3,1286,12
317,2025-11-26 09:19:52+05:30,990.9,160,987.74,527245,265068.0,261724.0,986.2,992.9,981.3,986.2,117755250,1084.8,887.6,1102.5,649.1,990.7,3140,7,990.6,4033,8,990.5,1143,11,990.4,780,7,990.3,4515,14,990.9,12,1,991.0,1350,5,991.1,470,3,991.2,455,6,991.3,1286,12
317,2025-11-26 09:19:52+05:30,990.9,160,987.74,527445,264633.0,261438.0,986.2,992.9,981.3,986.2,117755250,1084.8,887.6,1102.5,649.1,990.7,3390,8,990.6,3547,6,990.5,1143,11,990.4,635,6,990.3,3044,13,990.9,395,2,991.0,937,4,991.1,621,4,991.2,755,8,991.3,1429,14
317,2025-11-26 09:19:53+05:30,990.9,125,987.74,527445,264633.0,261438.0,986.2,992.9,981.3,986.2,117755250,1084.8,887.6,1102.5,649.1,990.7,3390,8,990.6,3547,6,990.5,1143,11,990.4,635,6,990.3,3044,13,990.9,395,2,991.0,937,4,991.1,621,4,991.2,755,8,991.3,1429,14
317,2025-11-26 09:19:53+05:30,990.9,125,987.74,527570,266200.0,259869.0,986.2,992.9,981.3,986.2,117755250,1084.8,887.6,1102.5,649.1,990.7,3387,8,990.6,3698,7,990.5,1464,14,990.4,635,6,990.3,4544,15,990.9,268,1,991.0,624,2,991.1,261,2,991.2,554,7,991.3,1580,15
317,2025-11-26 09:19:54+05:30,990.9,3,987.74,527570,266200.0,259869.0,986.2,992.9,981.3,986.2,117755250,1084.8,887.6,1102.5,649.1,990.7,3387,8,990.6,3698,7,990.5,1464,14,990.4,635,6,990.3,4544,15,990.9,268,1,991.0,624,2,991.1,261,2,991.2,554,7,991.3,1580,15
317,2025-11-26 09:19:54+05:30,990.9,3,987.74,527663,266521.0,259968.0,986.2,992.9,981.3,986.2,117755250,1084.8,887.6,1102.5,649.1,990.7,3398,9,990.6,3849,8,990.5,1424,13,990.4,836,7,990.3,4544,15,990.9,175,1,991.0,624,2,991.1,261,2,991.2,669,8,991.3,1423,13
317,2025-11-26 09:19:55+05:30,990.9,1,987.74,527663,266521.0,259968.0,986.2,992.9,981.3,986.2,117755250,1084.8,887.6,1102.5,649.1,990.7,3398,9,990.6,3849,8,990.5,1424,13,990.4,836,7,990.3,4544,15,990.9,175,1,991.0,624,2,991.1,261,2,991.2,669,8,991.3,1423,13
317,2025-11-26 09:19:55+05:30,990.9,1,987.74,527723,265687.0,260130.0,986.2,992.9,981.3,986.2,117755250,1084.8,887.6,1102.5,649.1,990.8,1,1,990.7,3358,9,990.6,3849,8,990.5,1549,13,990.4,836,7,990.9,454,2,991.0,624,2,991.1,249,2,991.2,615,10,991.3,1210,8
317,2025-11-26 09:19:56+05:30,990.7,12,987.74,527723,265687.0,260130.0,986.2,992.9,981.3,986.2,117755250,1084.8,887.6,1102.5,649.1,990.8,1,1,990.7,3358,9,990.6,3849,8,990.5,1549,13,990.4,836,7,990.9,454,2,991.0,624,2,991.1,249,2,991.2,615,10,991.3,1210,8
317,2025-11-26 09:19:56+05:30,990.9,125,987.75,529142,265275.0,259597.0,986.2,992.9,981.3,986.2,117755250,1084.8,887.6,1102.5,649.1,990.7,3100,11,990.6,4437,8,990.5,1364,7,990.4,566,5,990.3,4253,13,990.9,334,3,991.0,624,2,991.1,278,3,991.2,615,10,991.3,1210,8
317,2025-11-26 09:19:57+05:30,990.7,18,987.75,529142,265275.0,259597.0,986.2,992.9,981.3,986.2,117755250,1084.8,887.6,1102.5,649.1,990.7,3100,11,990.6,4437,8,990.5,1364,7,990.4,566,5,990.3,4253,13,990.9,334,3,991.0,624,2,991.1,278,3,991.2,615,10,991.3,1210,8
317,2025-11-26 09:19:57+05:30,990.7,18,987.76,530274,266410.0,260517.0,986.2,992.9,981.3,986.2,117755250,1084.8,887.6,1102.5,649.1,990.7,3069,8,990.6,4750,10,990.5,1312,12,990.4,829,7,990.3,4515,14,990.9,666,5,991.0,886,3,991.1,278,3,991.2,714,11,991.3,1412,9
317,2025-11-26 09:19:58+05:30,990.7,15,987.76,530274,266410.0,260517.0,986.2,992.9,981.3,986.2,117755250,1084.8,887.6,1102.5,649.1,990.7,3069,8,990.6,4750,10,990.5,1312,12,990.4,829,7,990.3,4515,14,990.9,666,5,991.0,886,3,991.1,278,3,991.2,714,11,991.3,1412,9
317,2025-11-26 09:19:59+05:30,990.7,236,987.76,531322,265339.0,259579.0,986.2,992.9,981.3,986.2,117755250,1084.8,887.6,1102.5,649.1,990.7,2357,6,990.6,4750,10,990.5,1141,11,990.4,565,6,990.3,4515,14,990.9,452,5,991.0,224,2,991.1,278,3,991.2,615,10,991.3,916,8
317,2025-11-26 09:19:59+05:30,990.8,13,987.76,531322,265339.0,259579.0,986.2,992.9,981.3,986.2,117755250,1084.8,887.6,1102.5,649.1,990.7,2357,6,990.6,4750,10,990.5,1141,11,990.4,565,6,990.3,4515,14,990.9,452,5,991.0,224,2,991.1,278,3,991.2,615,10,991.3,916,8
317,2025-11-26 09:20:00+05:30,990.8,104,987.77,532779,266632.0,260595.0,986.2,992.9,981.3,986.2,117755250,1084.8,887.6,1102.5,649.1,990.8,568,2,990.7,2928,7,990.6,4710,9,990.5,1725,14,990.4,2377,10,990.9,33,4,991.0,7,1,991.1,17,1,991.2,605,7,991.3,717,9
317,2025-11-26 09:20:00+05:30,990.8,1,987.77,532779,266632.0,260595.0,986.2,992.9,981.3,986.2,117755250,1084.8,887.6,1102.5,649.1,990.8,568,2,990.7,2928,7,990.6,4710,9,990.5,1725,14,990.4,2377,10,990.9,33,4,991.0,7,1,991.1,17,1,991.2,605,7,991.3,717,9
317,2025-11-26 09:20:01+05:30,990.8,60,987.77,533077,266028.0,261459.0,986.2,992.9,981.3,986.2,117755250,1084.8,887.6,1102.5,649.1,990.8,285,2,990.7,2777,6,990.6,4448,8,990.5,1646,13,990.4,2377,10,990.9,295,5,991.0,335,4,991.1,915,4,991.2,1008,10,991.3,717,9
317,2025-11-26 09:20:01+05:30,990.8,60,987.77,533077,266028.0,261459.0,986.2,992.9,981.3,986.2,117755250,1084.8,887.6,1102.5,649.1,990.8,285,2,990.7,2777,6,990.6,4448,8,990.5,1646,13,990.4,2377,10,990.9,295,5,991.0,335,4,991.1,915,4,991.2,1008,10,991.3,717,9
317,2025-11-26 09:20:02+05:30,990.8,15,987.77,533362,252574.0,265939.0,986.2,992.9,981.3,986.2,117755250,1084.8,887.6,1102.5,649.1,990.7,763,3,990.6,760,2,990.5,1,1,990.4,3,1,990.3,497,4,990.9,1205,12,991.0,494,6,991.1,1106,8,991.2,2245,15,991.3,1597,15
317,2025-11-26 09:20:02+05:30,990.2,1,987.77,533362,252574.0,265939.0,986.2,992.9,981.3,986.2,117755250,1084.8,887.6,1102.5,649.1,990.7,763,3,990.6,760,2,990.5,1,1,990.4,3,1,990.3,497,4,990.9,1205,12,991.0,494,6,991.1,1106,8,991.2,2245,15,991.3,1597,15
317,2025-11-26 09:20:03+05:30,990.2,1,987.77,533416,257081.0,266151.0,986.2,992.9,981.3,986.2,117755250,1084.8,887.6,1102.5,649.1,990.4,171,1,990.3,2038,6,990.2,2502,9,990.1,3666,12,990.0,3584,43,990.8,1407,9,990.9,370,8,991.0,895,11,991.1,942,9,991.2,2450,20
317,2025-11-26 09:20:03+05:30,990.3,1,987.77,533416,257081.0,266151.0,986.2,992.9,981.3,986.2,117755250,1084.8,887.6,1102.5,649.1,990.4,171,1,990.3,2038,6,990.2,2502,9,990.1,3666,12,990.0,3584,43,990.8,1407,9,990.9,370,8,991.0,895,11,991.1,942,9,991.2,2450,20
317,2025-11-26 09:20:04+05:30,990.8,5,987.77,533488,258102.0,266791.0,986.2,992.9,981.3,986.2,117755250,1084.8,887.6,1102.5,649.1,990.3,1495,2,990.2,2535,7,990.1,3696,12,990.0,3639,46,989.9,2597,11,990.8,1731,13,990.9,1109,13,991.0,966,11,991.1,1085,11,991.2,2779,20
317,2025-11-26 09:20:04+05:30,990.2,2,987.77,533488,258102.0,266791.0,986.2,992.9,981.3,986.2,117755250,1084.8,887.6,1102.5,649.1,990.3,1495,2,990.2,2535,7,990.1,3696,12,990.0,3639,46,989.9,2597,11,990.8,1731,13,990.9,1109,13,991.0,966,11,991.1,1085,11,991.2,2779,20
317,2025-11-26 09:20:05+05:30,990.3,1,987.78,533987,258296.0,266509.0,986.2,992.9,981.3,986.2,117755250,1084.8,887.6,1102.5,649.1,990.3,2244,3,990.2,3418,11,990.1,3656,12,990.0,3561,44,989.9,2601,11,990.8,1006,7,990.9,944,11,991.0,1332,13,991.1,907,10,991.2,2543,20
317,2025-11-26 09:20:05+05:30,990.3,1,987.78,533987,258296.0,266509.0,986.2,992.9,981.3,986.2,117755250,1084.8,887.6,1102.5,649.1,990.3,2244,3,990.2,3418,11,990.1,3656,12,990.0,3561,44,989.9,2601,11,990.8,1006,7,990.9,944,11,991.0,1332,13,991.1,907,10,991.2,2543,20
317,2025-11-26 09:20:06+05:30,990.3,104,987.78,534842,257970.0,266003.0,986.2,992.9,981.3,986.2,117755250,1084.8,887.6,1102.5,649.1,990.3,826,3,990.2,2065,4,990.1,3297,9,990.0,3407,44,989.9,2704,11,990.8,796,4,990.9,963,13,991.0,1313,12,991.1,883,9,991.2,2913,19
317,2025-11-26 09:20:06+05:30,990.3,1,987.78,534842,257970.0,266003.0,986.2,992.9,981.3,986.2,117755250,1084.8,887.6,1102.5,649.1,990.3,826,3,990.2,2065,4,990.1,3297,9,990.0,3407,44,989.9,2704,11,990.8,796,4,990.9,963,13,991.0,1313,12,991.1,883,9,991.2,2913,19
317,2025-11-26 09:20:07+05:30,990.3,1,987.78,534866,258683.0,265946.0,986.2,992.9,981.3,986.2,117755250,1084.8,887.6,1102.5,649.1,990.3,1381,3,990.2,2238,6,990.1,3310,10,990.0,3405,43,989.9,2704,11,990.8,796,4,990.9,900,12,991.0,1313,12,991.1,877,8,991.2,2881,18
317,2025-11-26 09:20:07+05:30,990.3,1,987.78,534866,258683.0,265946.0,986.2,992.9,981.3,986.2,117755250,1084.8,887.6,1102.5,649.1,990.3,1381,3,990.2,2238,6,990.1,3310,10,990.0,3405,43,989.9,2704,11,990.8,796,4,990.9,900,12,991.0,1313,12,991.1,877,8,991.2,2881,18
317,2025-11-26 09:20:08+05:30,990.7,1,987.78,535485,257809.0,267500.0,986.2,992.9,981.3,986.2,117755250,1084.8,887.6,1102.5,649.1,990.3,13,1,990.2,2278,4,990.1,2250,7,990.0,5852,49,989.9,916,9,990.7,343,3,990.8,708,6,990.9,1393,16,991.0,1178,13,991.1,916,10
317,2025-11-26 09:20:08+05:30,990.3,1,987.78,535485,257809.0,267500.0,986.2,992.9,981.3,986.2,117755250,1084.8,887.6,1102.5,649.1,990.3,13,1,990.2,2278,4,990.1,2250,7,990.0,5852,49,989.9,916,9,990.7,343,3,990.8,708,6,990.9,1393,16,991.0,1178,13,991.1,916,10
317,2025-11-26 09:20:09+05:30,990.3,1,987.79,535611,258725.0,266772.0,986.2,992.9,981.3,986.2,117755250,1084.8,887.6,1102.5,649.1,990.3,274,3,990.2,3227,10,990.1,2799,10,990.0,5977,50,989.9,839,9,990.7,58,1,990.8,992,4,990.9,891,13,991.0,1148,13,991.1,916,10
317,2025-11-26 09:20:09+05:30,990.3,1,987.79,535611,258725.0,266772.0,986.2,992.9,981.3,986.2,117755250,1084.8,887.6,1102.5,649.1,990.3,274,3,990.2,3227,10,990.1,2799,10,990.0,5977,50,989.9,839,9,990.7,58,1,990.8,992,4,990.9,891,13,991.0,1148,13,991.1,916,10
317,2025-11-26 09:20:10+05:30,990.4,1,987.79,536139,261151.0,267248.0,986.2,992.9,981.3,986.2,117755250,1084.8,887.6,1102.5,649.1,990.4,86,1,990.3,1072,3,990.2,3851,11,990.1,2647,10,990.0,5806,49,990.7,19,1,990.8,461,2,990.9,975,12,991.0,1049,13,991.1,1695,12
317,2025-11-26 09:20:10+05:30,990.7,15,987.79,536139,261151.0,267248.0,986.2,992.9,981.3,986.2,117755250,1084.8,887.6,1102.5,649.1,990.4,86,1,990.3,1072,3,990.2,3851,11,990.1,2647,10,990.0,5806,49,990.7,19,1,990.8,461,2,990.9,975,12,991.0,1049,13,991.1,1695,12
317,2025-11-26 09:20:11+05:30,990.3,1,987.79,536278,263859.0,268853.0,986.2,992.9,981.3,986.2,117755250,1084.8,887.6,1102.5,649.1,990.3,2390,4,990.2,3373,9,990.1,3665,13,990.0,3408,45,989.9,2561,12,990.7,527,3,990.8,1123,5,990.9,1842,15,991.0,3299,14,991.1,1241,12
317,2025-11-26 09:20:11+05:30,990.3,1,987.79,536278,263859.0,268853.0,986.2,992.9,981.3,986.2,117755250,1084.8,887.6,1102.5,649.1,990.3,2390,4,990.2,3373,9,990.1,3665,13,990.0,3408,45,989.9,2561,12,990.7,527,3,990.8,1123,5,990.9,1842,15,991.0,3299,14,991.1,1241,12
317,2025-11-26 09:20:12+05:30,990.3,1,987.79,536278,263859.0,268853.0,986.2,992.9,981.3,986.2,117755250,1084.8,887.6,1102.5,649.1,990.3,2390,4,990.2,3373,9,990.1,3665,13,990.0,3408,45,989.9,2561,12,990.7,527,3,990.8,1123,5,990.9,1842,15,991.0,3299,14,991.1,1241,12
317,2025-11-26 09:20:12+05:30,990.3,1,987.79,537065,265173.0,270691.0,986.2,992.9,981.3,986.2,117755250,1084.8,887.6,1102.5,649.1,990.2,2762,4,990.1,4169,11,990.0,4563,51,989.9,899,9,989.8,3836,13,990.4,230,1,990.7,1299,7,990.8,1264,11,990.9,2121,16,991.0,3528,18
317,2025-11-26 09:20:13+05:30,990.3,1,987.79,537065,265173.0,270691.0,986.2,992.9,981.3,986.2,117755250,1084.8,887.6,1102.5,649.1,990.2,2762,4,990.1,4169,11,990.0,4563,51,989.9,899,9,989.8,3836,13,990.4,230,1,990.7,1299,7,990.8,1264,11,990.9,2121,16,991.0,3528,18
317,2025-11-26 09:20:13+05:30,990.2,1,987.8,537695,262474.0,270094.0,986.2,992.9,981.3,986.2,117755250,1084.8,887.6,1102.5,649.1,990.2,2401,4,990.1,2841,7,990.0,5748,52,989.9,969,9,989.8,3509,15,990.7,808,4,990.8,1301,12,990.9,2013,15,991.0,3528,18,991.1,1093,10
317,2025-11-26 09:20:14+05:30,990.2,143,987.8,537695,262474.0,270094.0,986.2,992.9,981.3,986.2,117755250,1084.8,887.6,1102.5,649.1,990.2,2401,4,990.1,2841,7,990.0,5748,52,989.9,969,9,989.8,3509,15,990.7,808,4,990.8,1301,12,990.9,2013,15,991.0,3528,18,991.1,1093,10
317,2025-11-26 09:20:14+05:30,990.2,1,987.8,539346,261082.0,269327.0,986.2,992.9,981.3,986.2,117755250,1084.8,887.6,1102.5,649.1,990.2,1347,2,990.1,2572,8,990.0,4466,52,989.9,2337,8,989.8,2754,13,990.7,676,4,990.8,1356,14,990.9,1835,16,991.0,3502,17,991.1,1158,9
317,2025-11-26 09:20:15+05:30,990.2,1,987.8,539346,261082.0,269327.0,986.2,992.9,981.3,986.2,117755250,1084.8,887.6,1102.5,649.1,990.2,1347,2,990.1,2572,8,990.0,4466,52,989.9,2337,8,989.8,2754,13,990.7,676,4,990.8,1356,14,990.9,1835,16,991.0,3502,17,991.1,1158,9
317,2025-11-26 09:20:15+05:30,990.6,114,987.81,540146,261750.0,269215.0,986.2,992.9,981.3,986.2,117755250,1084.8,887.6,1102.5,649.1,990.2,1644,3,990.1,2686,9,990.0,5976,54,989.9,633,5,989.8,3350,13,990.6,40,1,990.7,522,3,990.8,1205,13,990.9,1767,15,991.0,3598,17
317,2025-11-26 09:20:16+05:30,990.6,24,987.81,540146,261750.0,269215.0,986.2,992.9,981.3,986.2,117755250,1084.8,887.6,1102.5,649.1,990.2,1644,3,990.1,2686,9,990.0,5976,54,989.9,633,5,989.8,3350,13,990.6,40,1,990.7,522,3,990.8,1205,13,990.9,1767,15,991.0,3598,17
317,2025-11-26 09:20:16+05:30,990.2,1,987.81,540985,262732.0,269513.0,986.2,992.9,981.3,986.2,117755250,1084.8,887.6,1102.5,649.1,990.2,1653,4,990.1,3372,9,990.0,5661,52,989.9,832,6,989.8,2626,13,990.6,344,1,990.7,412,3,990.8,1095,11,990.9,2060,18,991.0,3591,16
317,2025-11-26 09:20:17+05:30,990.2,9,987.81,540985,262732.0,269513.0,986.2,992.9,981.3,986.2,117755250,1084.8,887.6,1102.5,649.1,990.2,1653,4,990.1,3372,9,990.0,5661,52,989.9,832,6,989.8,2626,13,990.6,344,1,990.7,412,3,990.8,1095,11,990.9,2060,18,991.0,3591,16
317,2025-11-26 09:20:17+05:30,990.7,200,987.82,542280,263683.0,269231.0,986.2,992.9,981.3,986.2,117755250,1084.8,887.6,1102.5,649.1,990.2,2257,5,990.1,3486,11,990.0,4523,46,989.9,2331,8,989.8,2600,12,990.6,1,1,990.7,465,5,990.8,1434,10,990.9,2072,17,991.0,3639,17
317,2025-11-26 09:20:18+05:30,990.2,247,987.82,542280,263683.0,269231.0,986.2,992.9,981.3,986.2,117755250,1084.8,887.6,1102.5,649.1,990.2,2257,5,990.1,3486,11,990.0,4523,46,989.9,2331,8,989.8,2600,12,990.6,1,1,990.7,465,5,990.8,1434,10,990.9,2072,17,991.0,3639,17
317,2025-11-26 09:20:19+05:30,990.2,1,987.82,543125,262082.0,269152.0,986.2,992.9,981.3,986.2,117755250,1084.8,887.6,1102.5,649.1,990.2,2476,4,990.1,3372,9,990.0,4107,53,989.9,2510,10,989.8,2346,12,990.7,222,5,990.8,1256,12,990.9,1631,15,991.0,3771,17,991.1,902,9
317,2025-11-26 09:20:19+05:30,990.2,1,987.82,543125,262082.0,269152.0,986.2,992.9,981.3,986.2,117755250,1084.8,887.6,1102.5,649.1,990.2,2476,4,990.1,3372,9,990.0,4107,53,989.9,2510,10,989.8,2346,12,990.7,222,5,990.8,1256,12,990.9,1631,15,991.0,3771,17,991.1,902,9
317,2025-11-26 09:20:20+05:30,990.2,69,987.83,543994,261357.0,270037.0,986.2,992.9,981.3,986.2,117755250,1084.8,887.6,1102.5,649.1,990.2,1431,2,990.1,2577,8,990.0,3991,51,989.9,2613,10,989.8,1850,11,990.6,170,1,990.7,258,2,990.8,914,6,990.9,1657,18,991.0,3805,13
317,2025-11-26 09:20:20+05:30,990.2,10,987.83,543994,261357.0,270037.0,986.2,992.9,981.3,986.2,117755250,1084.8,887.6,1102.5,649.1,990.2,1431,2,990.1,2577,8,990.0,3991,51,989.9,2613,10,989.8,1850,11,990.6,170,1,990.7,258,2,990.8,914,6,990.9,1657,18,991.0,3805,13
317,2025-11-26 09:20:21+05:30,990.6,162,987.83,544675,262248.0,270357.0,986.2,992.9,981.3,986.2,117755250,1084.8,887.6,1102.5,649.1,990.2,2250,3,990.1,3233,9,990.0,3886,44,989.9,2443,9,989.8,1850,11,990.6,87,1,990.7,372,2,990.8,903,7,990.9,1548,17,991.0,3804,13
317,2025-11-26 09:20:21+05:30,990.3,1,987.83,544675,262248.0,270357.0,986.2,992.9,981.3,986.2,117755250,1084.8,887.6,1102.5,649.1,990.2,2250,3,990.1,3233,9,990.0,3886,44,989.9,2443,9,989.8,1850,11,990.6,87,1,990.7,372,2,990.8,903,7,990.9,1548,17,991.0,3804,13
317,2025-11-26 09:20:22+05:30,990.2,101,987.83,545070,260706.0,270934.0,986.2,992.9,981.3,986.2,117755250,1084.8,887.6,1102.5,649.1,990.2,2675,6,990.1,3319,10,990.0,4083,48,989.9,2443,9,989.8,1665,15,990.7,453,2,990.8,664,6,990.9,1800,17,991.0,3806,13,991.1,1537,18
317,2025-11-26 09:20:22+05:30,990.2,101,987.83,545070,260706.0,270934.0,986.2,992.9,981.3,986.2,117755250,1084.8,887.6,1102.5,649.1,990.2,2675,6,990.1,3319,10,990.0,4083,48,989.9,2443,9,989.8,1665,15,990.7,453,2,990.8,664,6,990.9,1800,17,991.0,3806,13,991.1,1537,18
317,2025-11-26 09:20:23+05:30,990.6,5,987.83,545080,260134.0,270705.0,986.2,992.9,981.3,986.2,117755250,1084.8,887.6,1102.5,649.1,990.6,11,1,990.3,521,3,990.2,2303,9,990.1,3634,14,990.0,5307,52,990.7,366,1,990.8,253,3,990.9,1719,16,991.0,3621,12,991.1,879,15
317,2025-11-26 09:20:23+05:30,990.3,54,987.83,545080,260134.0,270705.0,986.2,992.9,981.3,986.2,117755250,1084.8,887.6,1102.5,649.1,990.6,11,1,990.3,521,3,990.2,2303,9,990.1,3634,14,990.0,5307,52,990.7,366,1,990.8,253,3,990.9,1719,16,991.0,3621,12,991.1,879,15
317,2025-11-26 09:20:24+05:30,990.7,50,987.84,547188,272218.0,268467.0,986.2,992.9,981.3,986.2,117755250,1084.8,887.6,1102.5,649.1,990.7,3275,6,990.6,3856,7,990.5,1125,4,990.4,671,4,990.3,2961,13,990.8,252,3,990.9,766,9,991.0,2408,4,991.1,139,3,991.2,1245,9
317,2025-11-26 09:20:24+05:30,990.7,50,987.84,547188,272218.0,268467.0,986.2,992.9,981.3,986.2,117755250,1084.8,887.6,1102.5,649.1,990.7,3275,6,990.6,3856,7,990.5,1125,4,990.4,671,4,990.3,2961,13,990.8,252,3,990.9,766,9,991.0,2408,4,991.1,139,3,991.2,1245,9
317,2025-11-26 09:20:25+05:30,990.7,13,987.85,549347,255758.0,271550.0,986.2,992.9,981.3,986.2,117755250,1084.8,887.6,1102.5,649.1,990.3,317,1,990.2,40,1,990.1,2857,6,990.0,4050,44,989.9,1887,14,990.7,1137,7,990.8,1112,12,990.9,1522,15,991.0,4194,14,991.1,2183,14
317,2025-11-26 09:20:25+05:30,990.7,13,987.85,549347,255758.0,271550.0,986.2,992.9,981.3,986.2,117755250,1084.8,887.6,1102.5,649.1,990.3,317,1,990.2,40,1,990.1,2857,6,990.0,4050,44,989.9,1887,14,990.7,1137,7,990.8,1112,12,990.9,1522,15,991.0,4194,14,991.1,2183,14
317,2025-11-26 09:20:26+05:30,990.2,86,987.85,549347,255758.0,271550.0,986.2,992.9,981.3,986.2,117755250,1084.8,887.6,1102.5,649.1,990.3,317,1,990.2,40,1,990.1,2857,6,990.0,4050,44,989.9,1887,14,990.7,1137,7,990.8,1112,12,990.9,1522,15,991.0,4194,14,991.1,2183,14
317,2025-11-26 09:20:26+05:30,990.2,86,987.86,550004,258742.0,271823.0,986.2,992.9,981.3,986.2,117755250,1084.8,887.6,1102.5,649.1,990.3,14,1,990.2,2056,3,990.1,2303,7,990.0,3777,44,989.9,906,6,990.6,170,1,990.7,170,1,990.8,1295,9,990.9,1489,17,991.0,4980,13
317,2025-11-26 09:20:27+05:30,990.2,7,987.86,550004,258742.0,271823.0,986.2,992.9,981.3,986.2,117755250,1084.8,887.6,1102.5,649.1,990.3,14,1,990.2,2056,3,990.1,2303,7,990.0,3777,44,989.9,906,6,990.6,170,1,990.7,170,1,990.8,1295,9,990.9,1489,17,991.0,4980,13
317,2025-11-26 09:20:27+05:30,990.7,10,987.86,550269,258930.0,271583.0,986.2,992.9,981.3,986.2,117755250,1084.8,887.6,1102.5,649.1,990.2,3537,9,990.1,2950,16,990.0,4291,49,989.9,2175,7,989.8,2326,12,990.7,6,1,990.8,509,7,990.9,1527,18,991.0,4876,12,991.1,2895,21
317,2025-11-26 09:20:28+05:30,990.8,107,987.86,550269,258930.0,271583.0,986.2,992.9,981.3,986.2,117755250,1084.8,887.6,1102.5,649.1,990.2,3537,9,990.1,2950,16,990.0,4291,49,989.9,2175,7,989.8,2326,12,990.7,6,1,990.8,509,7,990.9,1527,18,991.0,4876,12,991.1,2895,21
317,2025-11-26 09:20:28+05:30,990.8,107,987.86,551028,257481.0,270652.0,986.2,992.9,981.3,986.2,117755250,1084.8,887.6,1102.5,649.1,990.2,1656,3,990.1,2567,8,990.0,4541,49,989.9,2193,8,989.8,2332,13,990.7,257,2,990.8,1229,12,990.9,1091,16,991.0,4979,13,991.1,2691,18
317,2025-11-26 09:20:29+05:30,990.2,8,987.86,551028,257481.0,270652.0,986.2,992.9,981.3,986.2,117755250,1084.8,887.6,1102.5,649.1,990.2,1656,3,990.1,2567,8,990.0,4541,49,989.9,2193,8,989.8,2332,13,990.7,257,2,990.8,1229,12,990.9,1091,16,991.0,4979,13,991.1,2691,18
317,2025-11-26 09:20:29+05:30,990.6,5,987.86,551437,259131.0,271209.0,986.2,992.9,981.3,986.2,117755250,1084.8,887.6,1102.5,649.1,990.2,2305,5,990.1,2548,12,990.0,4262,50,989.9,618,4,989.8,3715,13,990.6,165,1,990.7,387,4,990.8,1284,13,990.9,1327,15,991.0,5477,14
317,2025-11-26 09:20:30+05:30,990.2,4,987.86,551437,259131.0,271209.0,986.2,992.9,981.3,986.2,117755250,1084.8,887.6,1102.5,649.1,990.2,2305,5,990.1,2548,12,990.0,4262,50,989.9,618,4,989.8,3715,13,990.6,165,1,990.7,387,4,990.8,1284,13,990.9,1327,15,991.0,5477,14
317,2025-11-26 09:20:30+05:30,990.2,5,987.86,551563,259269.0,271137.0,986.2,992.9,981.3,986.2,117755250,1084.8,887.6,1102.5,649.1,990.2,3078,7,990.1,2848,14,990.0,4438,50,989.9,2222,7,989.8,2319,12,990.7,286,3,990.8,1452,13,990.9,1432,22,991.0,4977,13,991.1,2716,19
317,2025-11-26 09:20:31+05:30,990.3,1,987.86,551563,259269.0,271137.0,986.2,992.9,981.3,986.2,117755250,1084.8,887.6,1102.5,649.1,990.2,3078,7,990.1,2848,14,990.0,4438,50,989.9,2222,7,989.8,2319,12,990.7,286,3,990.8,1452,13,990.9,1432,22,991.0,4977,13,991.1,2716,19
317,2025-11-26 09:20:32+05:30,990.8,36,987.87,552850,263461.0,265822.0,986.2,992.9,981.3,986.2,117755250,1084.8,887.6,1102.5,649.1,990.4,711,6,990.3,3693,13,990.2,3030,12,990.1,3862,16,990.0,4610,56,990.8,53,3,990.9,575,8,991.0,3694,5,991.1,141,2,991.2,1294,10
317,2025-11-26 09:20:32+05:30,990.4,14,987.87,552850,263461.0,265822.0,986.2,992.9,981.3,986.2,117755250,1084.8,887.6,1102.5,649.1,990.4,711,6,990.3,3693,13,990.2,3030,12,990.1,3862,16,990.0,4610,56,990.8,53,3,990.9,575,8,991.0,3694,5,991.1,141,2,991.2,1294,10
317,2025-11-26 09:20:33+05:30,990.4,87,987.87,553111,264885.0,268390.0,986.2,992.9,981.3,986.2,117755250,1084.8,887.6,1102.5,649.1,990.4,253,3,990.3,3317,9,990.2,3407,9,990.1,3609,14,990.0,4239,54,990.7,400,1,990.8,53,3,990.9,1690,12,991.0,4825,13,991.1,1893,15
317,2025-11-26 09:20:33+05:30,990.3,29,987.87,553111,264885.0,268390.0,986.2,992.9,981.3,986.2,117755250,1084.8,887.6,1102.5,649.1,990.4,253,3,990.3,3317,9,990.2,3407,9,990.1,3609,14,990.0,4239,54,990.7,400,1,990.8,53,3,990.9,1690,12,991.0,4825,13,991.1,1893,15
317,2025-11-26 09:20:34+05:30,990.9,67,987.88,553780,260576.0,268065.0,986.2,992.9,981.3,986.2,117755250,1084.8,887.6,1102.5,649.1,990.7,20,1,990.4,13,1,990.3,1857,5,990.2,3334,13,990.1,2412,11,990.9,596,7,991.0,4557,13,991.1,1640,12,991.2,1929,13,991.3,2576,19
317,2025-11-26 09:20:34+05:30,990.7,13,987.88,553780,260576.0,268065.0,986.2,992.9,981.3,986.2,117755250,1084.8,887.6,1102.5,649.1,990.7,20,1,990.4,13,1,990.3,1857,5,990.2,3334,13,990.1,2412,11,990.9,596,7,991.0,4557,13,991.1,1640,12,991.2,1929,13,991.3,2576,19
317,2025-11-26 09:20:35+05:30,990.4,118,987.88,553941,262596.0,268971.0,986.2,992.9,981.3,986.2,117755250,1084.8,887.6,1102.5,649.1,990.4,33,1,990.3,1649,3,990.2,2707,8,990.1,3832,13,990.0,4539,58,990.8,293,1,990.9,1596,11,991.0,4358,10,991.1,1850,15,991.2,2673,20
317,2025-11-26 09:20:35+05:30,990.4,15,987.88,553941,262596.0,268971.0,986.2,992.9,981.3,986.2,117755250,1084.8,887.6,1102.5,649.1,990.4,33,1,990.3,1649,3,990.2,2707,8,990.1,3832,13,990.0,4539,58,990.8,293,1,990.9,1596,11,991.0,4358,10,991.1,1850,15,991.2,2673,20
317,2025-11-26 09:20:36+05:30,990.9,172,987.88,554875,259820.0,267860.0,986.2,992.9,981.3,986.2,117755250,1084.8,887.6,1102.5,649.1,990.4,312,4,990.3,899,2,990.2,2880,9,990.1,2334,9,990.0,4288,53,990.9,884,8,991.0,4532,11,991.1,1850,15,991.2,2411,16,991.3,1787,16
317,2025-11-26 09:20:36+05:30,990.4,26,987.88,554875,259820.0,267860.0,986.2,992.9,981.3,986.2,117755250,1084.8,887.6,1102.5,649.1,990.4,312,4,990.3,899,2,990.2,2880,9,990.1,2334,9,990.0,4288,53,990.9,884,8,991.0,4532,11,991.1,1850,15,991.2,2411,16,991.3,1787,16
317,2025-11-26 09:20:37+05:30,990.5,34,987.89,557252,263794.0,265809.0,986.2,992.9,981.3,986.2,117755250,1084.8,887.6,1102.5,649.1,990.5,291,2,990.4,3091,10,990.3,2053,7,990.2,3050,12,990.1,1711,14,990.9,87,2,991.0,2139,5,991.1,606,7,991.2,2027,12,991.3,2365,22
317,2025-11-26 09:20:37+05:30,990.5,34,987.89,557252,263794.0,265809.0,986.2,992.9,981.3,986.2,117755250,1084.8,887.6,1102.5,649.1,990.5,291,2,990.4,3091,10,990.3,2053,7,990.2,3050,12,990.1,1711,14,990.9,87,2,991.0,2139,5,991.1,606,7,991.2,2027,12,991.3,2365,22
317,2025-11-26 09:20:38+05:30,990.5,91,987.9,558445,263737.0,265845.0,986.2,992.9,981.3,986.2,117755250,1084.8,887.6,1102.5,649.1,990.4,3217,9,990.3,2160,7,990.2,3296,19,990.1,1435,8,990.0,6277,55,990.9,87,1,991.0,2139,5,991.1,909,9,991.2,1460,11,991.3,2191,21
317,2025-11-26 09:20:38+05:30,990.5,91,987.9,558445,263737.0,265845.0,986.2,992.9,981.3,986.2,117755250,1084.8,887.6,1102.5,649.1,990.4,3217,9,990.3,2160,7,990.2,3296,19,990.1,1435,8,990.0,6277,55,990.9,87,1,991.0,2139,5,991.1,909,9,991.2,1460,11,991.3,2191,21
317,2025-11-26 09:20:39+05:30,990.4,136,987.9,558445,263737.0,265845.0,986.2,992.9,981.3,986.2,117755250,1084.8,887.6,1102.5,649.1,990.4,3217,9,990.3,2160,7,990.2,3296,19,990.1,1435,8,990.0,6277,55,990.9,87,1,991.0,2139,5,991.1,909,9,991.2,1460,11,991.3,2191,21
317,2025-11-26 09:20:39+05:30,990.4,136,987.9,559629,262400.0,265769.0,986.2,992.9,981.3,986.2,117755250,1084.8,887.6,1102.5,649.1,990.6,100,1,990.3,3094,9,990.2,2402,11,990.1,3607,14,990.0,4241,52,990.8,135,2,990.9,379,3,991.0,2577,7,991.1,765,9,991.2,1974,14
317,2025-11-26 09:20:40+05:30,990.3,63,987.9,559629,262400.0,265769.0,986.2,992.9,981.3,986.2,117755250,1084.8,887.6,1102.5,649.1,990.6,100,1,990.3,3094,9,990.2,2402,11,990.1,3607,14,990.0,4241,52,990.8,135,2,990.9,379,3,991.0,2577,7,991.1,765,9,991.2,1974,14
317,2025-11-26 09:20:40+05:30,990.9,13,987.91,560173,264538.0,264787.0,986.2,992.9,981.3,986.2,117755250,1084.8,887.6,1102.5,649.1,990.5,239,1,990.4,2392,10,990.3,2939,9,990.2,3368,15,990.1,1488,12,990.9,8,1,991.0,2139,5,991.1,438,5,991.2,1969,17,991.3,2412,23
317,2025-11-26 09:20:41+05:30,991.0,92,987.91,560173,264538.0,264787.0,986.2,992.9,981.3,986.2,117755250,1084.8,887.6,1102.5,649.1,990.5,239,1,990.4,2392,10,990.3,2939,9,990.2,3368,15,990.1,1488,12,990.9,8,1,991.0,2139,5,991.1,438,5,991.2,1969,17,991.3,2412,23
317,2025-11-26 09:20:41+05:30,991.0,92,987.91,560410,264792.0,264834.0,986.2,992.9,981.3,986.2,117755250,1084.8,887.6,1102.5,649.1,990.5,3461,11,990.4,2348,11,990.3,3178,11,990.2,989,10,990.1,3657,17,991.0,2047,5,991.1,34,1,991.2,1628,12,991.3,2224,25,991.4,1528,14
317,2025-11-26 09:20:42+05:30,990.5,13,987.91,560410,264792.0,264834.0,986.2,992.9,981.3,986.2,117755250,1084.8,887.6,1102.5,649.1,990.5,3461,11,990.4,2348,11,990.3,3178,11,990.2,989,10,990.1,3657,17,991.0,2047,5,991.1,34,1,991.2,1628,12,991.3,2224,25,991.4,1528,14
317,2025-11-26 09:20:42+05:30,990.5,5,987.92,562869,263591.0,265511.0,986.2,992.9,981.3,986.2,117755250,1084.8,887.6,1102.5,649.1,990.5,1495,2,990.4,2575,8,990.3,1527,8,990.2,2489,12,990.1,2609,17,990.9,278,3,991.0,2488,11,991.1,270,2,991.2,2113,19,991.3,2674,23
317,2025-11-26 09:20:43+05:30,990.5,32,987.92,562869,263591.0,265511.0,986.2,992.9,981.3,986.2,117755250,1084.8,887.6,1102.5,649.1,990.5,1495,2,990.4,2575,8,990.3,1527,8,990.2,2489,12,990.1,2609,17,990.9,278,3,991.0,2488,11,991.1,270,2,991.2,2113,19,991.3,2674,23
317,2025-11-26 09:20:43+05:30,991.0,74,987.93,564960,259443.0,264266.0,986.2,992.9,981.3,986.2,117755250,1084.8,887.6,1102.5,649.1,990.5,537,3,990.4,999,7,990.3,2411,10,990.2,2976,11,990.1,2600,18,991.0,1978,6,991.1,395,3,991.2,2104,17,991.3,2748,26,991.4,1527,14
317,2025-11-26 09:20:44+05:30,990.3,27,987.93,564960,259443.0,264266.0,986.2,992.9,981.3,986.2,117755250,1084.8,887.6,1102.5,649.1,990.5,537,3,990.4,999,7,990.3,2411,10,990.2,2976,11,990.1,2600,18,991.0,1978,6,991.1,395,3,991.2,2104,17,991.3,2748,26,991.4,1527,14
317,2025-11-26 09:20:45+05:30,990.9,30,987.93,565553,260471.0,264212.0,986.2,992.9,981.3,986.2,117755250,1084.8,887.6,1102.5,649.1,990.8,50,1,990.4,428,3,990.3,2118,6,990.2,2225,10,990.1,2042,16,991.0,2228,7,991.1,1494,7,991.2,1527,13,991.3,2595,21,991.4,1353,20
317,2025-11-26 09:20:45+05:30,990.4,8,987.93,565553,260471.0,264212.0,986.2,992.9,981.3,986.2,117755250,1084.8,887.6,1102.5,649.1,990.8,50,1,990.4,428,3,990.3,2118,6,990.2,2225,10,990.1,2042,16,991.0,2228,7,991.1,1494,7,991.2,1527,13,991.3,2595,21,991.4,1353,20
317,2025-11-26 09:20:46+05:30,990.4,4,987.93,565673,261010.0,265079.0,986.2,992.9,981.3,986.2,117755250,1084.8,887.6,1102.5,649.1,990.4,465,3,990.3,3446,12,990.2,2380,11,990.1,2143,14,990.0,4351,54,990.9,571,2,991.0,2263,8,991.1,930,7,991.2,1985,17,991.3,2603,19
317,2025-11-26 09:20:46+05:30,990.5,1,987.93,565673,261010.0,265079.0,986.2,992.9,981.3,986.2,117755250,1084.8,887.6,1102.5,649.1,990.4,465,3,990.3,3446,12,990.2,2380,11,990.1,2143,14,990.0,4351,54,990.9,571,2,991.0,2263,8,991.1,930,7,991.2,1985,17,991.3,2603,19
317,2025-11-26 09:20:47+05:30,990.9,2,987.93,565707,269198.0,264026.0,986.2,992.9,981.3,986.2,117755250,1084.8,887.6,1102.5,649.1,990.5,4227,12,990.4,2333,10,990.3,3272,13,990.2,1694,10,990.1,2857,15,990.9,62,1,991.0,1828,5,991.1,298,3,991.2,1506,12,991.3,2408,21
317,2025-11-26 09:20:47+05:30,990.5,1,987.93,565707,269198.0,264026.0,986.2,992.9,981.3,986.2,117755250,1084.8,887.6,1102.5,649.1,990.5,4227,12,990.4,2333,10,990.3,3272,13,990.2,1694,10,990.1,2857,15,990.9,62,1,991.0,1828,5,991.1,298,3,991.2,1506,12,991.3,2408,21
317,2025-11-26 09:20:48+05:30,990.5,1,987.93,565730,270580.0,264704.0,986.2,992.9,981.3,986.2,117755250,1084.8,887.6,1102.5,649.1,990.5,3626,7,990.4,3014,10,990.3,1745,10,990.2,2439,11,990.1,2309,15,990.9,91,2,991.0,1828,5,991.1,563,6,991.2,2104,17,991.3,2143,18
317,2025-11-26 09:20:48+05:30,990.5,13,987.93,565730,270580.0,264704.0,986.2,992.9,981.3,986.2,117755250,1084.8,887.6,1102.5,649.1,990.5,3626,7,990.4,3014,10,990.3,1745,10,990.2,2439,11,990.1,2309,15,990.9,91,2,991.0,1828,5,991.1,563,6,991.2,2104,17,991.3,2143,18
317,2025-11-26 09:20:49+05:30,990.9,10,987.93,565768,271537.0,264766.0,986.2,992.9,981.3,986.2,117755250,1084.8,887.6,1102.5,649.1,990.5,4369,7,990.4,3357,12,990.3,1769,11,990.2,939,9,990.1,3829,18,990.9,71,2,991.0,1828,5,991.1,324,5,991.2,2344,18,991.3,2143,18
317,2025-11-26 09:20:49+05:30,990.9,58,987.93,565768,271537.0,264766.0,986.2,992.9,981.3,986.2,117755250,1084.8,887.6,1102.5,649.1,990.5,4369,7,990.4,3357,12,990.3,1769,11,990.2,939,9,990.1,3829,18,990.9,71,2,991.0,1828,5,991.1,324,5,991.2,2344,18,991.3,2143,18
317,2025-11-26 09:20:50+05:30,990.5,13,987.93,565976,270933.0,264532.0,986.2,992.9,981.3,986.2,117755250,1084.8,887.6,1102.5,649.1,990.5,3997,6,990.4,3239,11,990.3,1640,9,990.2,939,9,990.1,4073,18,990.9,78,2,991.0,1818,5,991.1,426,6,991.2,2314,17,991.3,2143,18
317,2025-11-26 09:20:50+05:30,990.5,13,987.93,565976,270933.0,264532.0,986.2,992.9,981.3,986.2,117755250,1084.8,887.6,1102.5,649.1,990.5,3997,6,990.4,3239,11,990.3,1640,9,990.2,939,9,990.1,4073,18,990.9,78,2,991.0,1818,5,991.1,426,6,991.2,2314,17,991.3,2143,18
317,2025-11-26 09:20:51+05:30,991.0,177,987.94,566740,264749.0,264356.0,986.2,992.9,981.3,986.2,117755250,1084.8,887.6,1102.5,649.1,990.5,1910,4,990.4,1271,5,990.3,2075,8,990.2,2320,11,990.1,2513,13,990.9,12,1,991.0,1842,5,991.1,999,10,991.2,2083,16,991.3,2389,19
317,2025-11-26 09:20:51+05:30,991.0,177,987.94,566740,264749.0,264356.0,986.2,992.9,981.3,986.2,117755250,1084.8,887.6,1102.5,649.1,990.5,1910,4,990.4,1271,5,990.3,2075,8,990.2,2320,11,990.1,2513,13,990.9,12,1,991.0,1842,5,991.1,999,10,991.2,2083,16,991.3,2389,19
317,2025-11-26 09:20:52+05:30,990.4,87,987.94,566740,264749.0,264356.0,986.2,992.9,981.3,986.2,117755250,1084.8,887.6,1102.5,649.1,990.5,1910,4,990.4,1271,5,990.3,2075,8,990.2,2320,11,990.1,2513,13,990.9,12,1,991.0,1842,5,991.1,999,10,991.2,2083,16,991.3,2389,19
317,2025-11-26 09:20:52+05:30,990.4,87,987.94,568035,266531.0,267469.0,986.2,992.9,981.3,986.2,117755250,1084.8,887.6,1102.5,649.1,990.3,2234,4,990.2,1752,7,990.1,3556,11,990.0,4225,57,989.9,2759,11,990.7,225,1,990.8,663,4,990.9,1158,7,991.0,2159,10,991.1,1263,10
317,2025-11-26 09:20:53+05:30,990.8,14,987.94,568035,266531.0,267469.0,986.2,992.9,981.3,986.2,117755250,1084.8,887.6,1102.5,649.1,990.3,2234,4,990.2,1752,7,990.1,3556,11,990.0,4225,57,989.9,2759,11,990.7,225,1,990.8,663,4,990.9,1158,7,991.0,2159,10,991.1,1263,10
317,2025-11-26 09:20:53+05:30,990.8,14,987.95,568774,265885.0,266572.0,986.2,992.9,981.3,986.2,117755250,1084.8,887.6,1102.5,649.1,990.4,87,1,990.3,2397,4,990.2,3421,15,990.1,3659,12,990.0,4177,55,990.8,87,1,990.9,1249,8,991.0,2057,9,991.1,2435,20,991.2,1835,15
317,2025-11-26 09:20:54+05:30,990.9,2,987.95,568774,265885.0,266572.0,986.2,992.9,981.3,986.2,117755250,1084.8,887.6,1102.5,649.1,990.4,87,1,990.3,2397,4,990.2,3421,15,990.1,3659,12,990.0,4177,55,990.8,87,1,990.9,1249,8,991.0,2057,9,991.1,2435,20,991.2,1835,15
317,2025-11-26 09:20:54+05:30,990.4,123,987.95,569126,264122.0,265020.0,986.2,992.9,981.3,986.2,117755250,1084.8,887.6,1102.5,649.1,990.4,1019,7,990.3,3012,8,990.2,2370,12,990.1,2468,12,990.0,4326,57,990.9,166,2,991.0,1793,5,991.1,916,7,991.2,1779,13,991.3,3000,28
317,2025-11-26 09:20:55+05:30,990.4,52,987.95,569126,264122.0,265020.0,986.2,992.9,981.3,986.2,117755250,1084.8,887.6,1102.5,649.1,990.4,1019,7,990.3,3012,8,990.2,2370,12,990.1,2468,12,990.0,4326,57,990.9,166,2,991.0,1793,5,991.1,916,7,991.2,1779,13,991.3,3000,28
317,2025-11-26 09:20:55+05:30,990.4,52,987.95,569332,266233.0,266655.0,986.2,992.9,981.3,986.2,117755250,1084.8,887.6,1102.5,649.1,990.3,3311,9,990.2,2218,11,990.1,3859,13,990.0,4524,58,989.9,2818,9,990.8,87,1,990.9,719,4,991.0,1795,6,991.1,892,6,991.2,1805,15
317,2025-11-26 09:20:56+05:30,990.9,13,987.95,569332,266233.0,266655.0,986.2,992.9,981.3,986.2,117755250,1084.8,887.6,1102.5,649.1,990.3,3311,9,990.2,2218,11,990.1,3859,13,990.0,4524,58,989.9,2818,9,990.8,87,1,990.9,719,4,991.0,1795,6,991.1,892,6,991.2,1805,15
317,2025-11-26 09:20:57+05:30,990.9,15,987.95,569519,265647.0,266102.0,986.2,992.9,981.3,986.2,117755250,1084.8,887.6,1102.5,649.1,990.5,10,1,990.4,1389,9,990.3,2939,8,990.2,2393,13,990.1,2468,12,990.9,108,1,991.0,1795,6,991.1,892,6,991.2,1801,13,991.3,2889,26
317,2025-11-26 09:20:57+05:30,990.9,30,987.95,569519,265647.0,266102.0,986.2,992.9,981.3,986.2,117755250,1084.8,887.6,1102.5,649.1,990.5,10,1,990.4,1389,9,990.3,2939,8,990.2,2393,13,990.1,2468,12,990.9,108,1,991.0,1795,6,991.1,892,6,991.2,1801,13,991.3,2889,26
317,2025-11-26 09:20:58+05:30,990.9,30,987.95,569580,271553.0,265546.0,986.2,992.9,981.3,986.2,117755250,1084.8,887.6,1102.5,649.1,990.7,2178,3,990.6,1961,6,990.5,1413,5,990.4,1046,8,990.3,3213,9,990.9,78,1,991.0,1529,4,991.1,107,2,991.2,761,8,991.3,2225,24
317,2025-11-26 09:20:58+05:30,990.7,39,987.95,569580,271553.0,265546.0,986.2,992.9,981.3,986.2,117755250,1084.8,887.6,1102.5,649.1,990.7,2178,3,990.6,1961,6,990.5,1413,5,990.4,1046,8,990.3,3213,9,990.9,78,1,991.0,1529,4,991.1,107,2,991.2,761,8,991.3,2225,24
317,2025-11-26 09:20:59+05:30,990.7,39,987.95,569619,273434.0,265429.0,986.2,992.9,981.3,986.2,117755250,1084.8,887.6,1102.5,649.1,990.9,20,1,990.7,3134,6,990.6,2950,8,990.5,3053,16,990.4,1189,8,991.0,1529,4,991.1,107,2,991.2,144,3,991.3,2126,22,991.4,1200,10
317,2025-11-26 09:20:59+05:30,990.9,13,987.95,569619,273434.0,265429.0,986.2,992.9,981.3,986.2,117755250,1084.8,887.6,1102.5,649.1,990.9,20,1,990.7,3134,6,990.6,2950,8,990.5,3053,16,990.4,1189,8,991.0,1529,4,991.1,107,2,991.2,144,3,991.3,2126,22,991.4,1200,10
317,2025-11-26 09:21:00+05:30,990.7,3,987.95,569642,274300.0,266040.0,986.2,992.9,981.3,986.2,117755250,1084.8,887.6,1102.5,649.1,990.7,3391,7,990.6,2826,9,990.5,1806,16,990.4,2464,9,990.3,3107,12,991.0,1529,4,991.1,107,2,991.2,225,4,991.3,1678,21,991.4,1634,14
317,2025-11-26 09:21:00+05:30,990.7,3,987.95,569642,274300.0,266040.0,986.2,992.9,981.3,986.2,117755250,1084.8,887.6,1102.5,649.1,990.7,3391,7,990.6,2826,9,990.5,1806,16,990.4,2464,9,990.3,3107,12,991.0,1529,4,991.1,107,2,991.2,225,4,991.3,1678,21,991.4,1634,14
317,2025-11-26 09:21:01+05:30,990.7,19,987.95,569666,273965.0,266043.0,986.2,992.9,981.3,986.2,117755250,1084.8,887.6,1102.5,649.1,990.7,2862,4,990.6,3234,11,990.5,3284,18,990.4,962,6,990.3,3857,13,991.0,1569,5,991.1,107,2,991.2,757,5,991.3,1678,21,991.4,1430,13
317,2025-11-26 09:21:01+05:30,990.7,19,987.95,569666,273965.0,266043.0,986.2,992.9,981.3,986.2,117755250,1084.8,887.6,1102.5,649.1,990.7,2862,4,990.6,3234,11,990.5,3284,18,990.4,962,6,990.3,3857,13,991.0,1569,5,991.1,107,2,991.2,757,5,991.3,1678,21,991.4,1430,13
317,2025-11-26 09:21:02+05:30,990.7,19,987.95,569666,273765.0,266099.0,986.2,992.9,981.3,986.2,117755250,1084.8,887.6,1102.5,649.1,990.7,2862,4,990.6,3234,11,990.5,3306,19,990.4,962,6,990.3,3857,13,991.0,1569,5,991.1,107,2,991.2,813,5,991.3,1678,21,991.4,1430,13
317,2025-11-26 09:21:02+05:30,990.8,5,987.95,569666,273765.0,266099.0,986.2,992.9,981.3,986.2,117755250,1084.8,887.6,1102.5,649.1,990.7,2862,4,990.6,3234,11,990.5,3306,19,990.4,962,6,990.3,3857,13,991.0,1569,5,991.1,107,2,991.2,813,5,991.3,1678,21,991.4,1430,13
317,2025-11-26 09:21:03+05:30,990.7,151,987.96,572019,270404.0,267004.0,986.2,992.9,981.3,986.2,117755250,1084.8,887.6,1102.5,649.1,990.9,5,1,990.7,2042,4,990.6,2037,3,990.5,2598,12,990.4,693,7,991.0,2066,5,991.1,878,6,991.2,1508,8,991.3,2095,25,991.4,1412,13
317,2025-11-26 09:21:03+05:30,990.1,61,987.96,572019,270404.0,267004.0,986.2,992.9,981.3,986.2,117755250,1084.8,887.6,1102.5,649.1,990.9,5,1,990.7,2042,4,990.6,2037,3,990.5,2598,12,990.4,693,7,991.0,2066,5,991.1,878,6,991.2,1508,8,991.3,2095,25,991.4,1412,13
317,2025-11-26 09:21:04+05:30,990.1,10,987.99,577952,258288.0,274938.0,986.2,992.9,981.3,986.2,117755250,1084.8,887.6,1102.5,649.1,990.0,3061,43,989.8,1961,7,989.7,2174,7,989.6,2946,14,989.5,1063,13,990.3,205,1,990.4,261,6,990.5,1248,6,990.6,1278,11,990.7,1025,11
317,2025-11-26 09:21:04+05:30,990.0,42,987.99,577952,258288.0,274938.0,986.2,992.9,981.3,986.2,117755250,1084.8,887.6,1102.5,649.1,990.0,3061,43,989.8,1961,7,989.7,2174,7,989.6,2946,14,989.5,1063,13,990.3,205,1,990.4,261,6,990.5,1248,6,990.6,1278,11,990.7,1025,11
317,2025-11-26 09:21:05+05:30,990.0,15,988.0,580938,256454.0,275730.0,986.2,992.9,981.3,986.2,117755250,1084.8,887.6,1102.5,649.1,990.0,86,2,989.8,1575,4,989.7,2025,6,989.6,2768,12,989.5,1055,13,990.2,10,1,990.3,205,1,990.4,656,8,990.5,1555,10,990.6,1493,13
317,2025-11-26 09:21:05+05:30,990.0,15,988.0,580938,256454.0,275730.0,986.2,992.9,981.3,986.2,117755250,1084.8,887.6,1102.5,649.1,990.0,86,2,989.8,1575,4,989.7,2025,6,989.6,2768,12,989.5,1055,13,990.2,10,1,990.3,205,1,990.4,656,8,990.5,1555,10,990.6,1493,13
317,2025-11-26 09:21:06+05:30,990.1,315,988.0,581939,257062.0,276195.0,986.2,992.9,981.3,986.2,117755250,1084.8,887.6,1102.5,649.1,989.7,2333,8,989.6,1935,6,989.5,2761,13,989.4,800,9,989.3,3204,11,990.1,103,2,990.3,910,8,990.4,824,12,990.5,2416,19,990.6,2193,16
317,2025-11-26 09:21:06+05:30,990.1,315,988.0,581939,257062.0,276195.0,986.2,992.9,981.3,986.2,117755250,1084.8,887.6,1102.5,649.1,989.7,2333,8,989.6,1935,6,989.5,2761,13,989.4,800,9,989.3,3204,11,990.1,103,2,990.3,910,8,990.4,824,12,990.5,2416,19,990.6,2193,16
317,2025-11-26 09:21:07+05:30,990.1,72,988.01,582690,257570.0,276443.0,986.2,992.9,981.3,986.2,117755250,1084.8,887.6,1102.5,649.1,989.7,2660,5,989.6,1905,5,989.5,2843,9,989.4,1036,9,989.3,3209,12,990.1,444,3,990.2,509,1,990.3,559,9,990.4,1263,11,990.5,2233,18
317,2025-11-26 09:21:07+05:30,990.1,72,988.01,582690,257570.0,276443.0,986.2,992.9,981.3,986.2,117755250,1084.8,887.6,1102.5,649.1,989.7,2660,5,989.6,1905,5,989.5,2843,9,989.4,1036,9,989.3,3209,12,990.1,444,3,990.2,509,1,990.3,559,9,990.4,1263,11,990.5,2233,18
317,2025-11-26 09:21:08+05:30,990.1,50,988.01,582690,257570.0,276443.0,986.2,992.9,981.3,986.2,117755250,1084.8,887.6,1102.5,649.1,989.7,2660,5,989.6,1905,5,989.5,2843,9,989.4,1036,9,989.3,3209,12,990.1,444,3,990.2,509,1,990.3,559,9,990.4,1263,11,990.5,2233,18
317,2025-11-26 09:21:08+05:30,990.1,50,988.01,582883,256772.0,277512.0,986.2,992.9,981.3,986.2,117755250,1084.8,887.6,1102.5,649.1,990.0,2,1,989.7,2107,3,989.6,1501,3,989.5,3043,16,989.4,1036,9,990.1,660,5,990.2,1544,7,990.3,881,11,990.4,1487,13,990.5,2416,17
317,2025-11-26 09:21:09+05:30,989.7,1,988.01,582883,256772.0,277512.0,986.2,992.9,981.3,986.2,117755250,1084.8,887.6,1102.5,649.1,990.0,2,1,989.7,2107,3,989.6,1501,3,989.5,3043,16,989.4,1036,9,990.1,660,5,990.2,1544,7,990.3,881,11,990.4,1487,13,990.5,2416,17
317,2025-11-26 09:21:09+05:30,989.7,1,988.01,583049,258071.0,277743.0,986.2,992.9,981.3,986.2,117755250,1084.8,887.6,1102.5,649.1,989.7,1944,3,989.6,1501,3,989.5,2724,14,989.4,980,7,989.3,3614,13,990.1,680,6,990.2,1596,9,990.3,1045,13,990.4,1467,12,990.5,2468,18
317,2025-11-26 09:21:10+05:30,989.7,39,988.01,583049,258071.0,277743.0,986.2,992.9,981.3,986.2,117755250,1084.8,887.6,1102.5,649.1,989.7,1944,3,989.6,1501,3,989.5,2724,14,989.4,980,7,989.3,3614,13,990.1,680,6,990.2,1596,9,990.3,1045,13,990.4,1467,12,990.5,2468,18
317,2025-11-26 09:21:10+05:30,989.7,39,988.01,583088,257791.0,277799.0,986.2,992.9,981.3,986.2,117755250,1084.8,887.6,1102.5,649.1,989.7,1917,4,989.6,1706,4,989.5,2724,14,989.4,980,7,989.3,3409,12,990.1,438,5,990.2,1186,7,990.3,1455,15,990.4,1507,14,990.5,2726,19
317,2025-11-26 09:21:11+05:30,989.7,1,988.01,583088,257791.0,277799.0,986.2,992.9,981.3,986.2,117755250,1084.8,887.6,1102.5,649.1,989.7,1917,4,989.6,1706,4,989.5,2724,14,989.4,980,7,989.3,3409,12,990.1,438,5,990.2,1186,7,990.3,1455,15,990.4,1507,14,990.5,2726,19
317,2025-11-26 09:21:11+05:30,989.7,1,988.01,583095,257907.0,277751.0,986.2,992.9,981.3,986.2,117755250,1084.8,887.6,1102.5,649.1,989.7,1911,4,989.6,1921,5,989.5,2747,15,989.4,866,6,989.3,3204,11,990.1,369,4,990.2,1017,5,990.3,1286,14,990.4,1530,15,990.5,2898,20
317,2025-11-26 09:21:12+05:30,990.1,2,988.01,583095,257907.0,277751.0,986.2,992.9,981.3,986.2,117755250,1084.8,887.6,1102.5,649.1,989.7,1911,4,989.6,1921,5,989.5,2747,15,989.4,866,6,989.3,3204,11,990.1,369,4,990.2,1017,5,990.3,1286,14,990.4,1530,15,990.5,2898,20
317,2025-11-26 09:21:12+05:30,990.1,1,988.01,583098,257642.0,278759.0,986.2,992.9,981.3,986.2,117755250,1084.8,887.6,1102.5,649.1,989.7,1911,4,989.6,2179,6,989.5,2747,15,989.4,866,6,989.3,3204,11,990.1,366,4,990.2,759,4,990.3,1076,13,990.4,1740,16,990.5,2898,20
317,2025-11-26 09:21:13+05:30,990.1,1,988.01,583098,257642.0,278759.0,986.2,992.9,981.3,986.2,117755250,1084.8,887.6,1102.5,649.1,989.7,1911,4,989.6,2179,6,989.5,2747,15,989.4,866,6,989.3,3204,11,990.1,366,4,990.2,759,4,990.3,1076,13,990.4,1740,16,990.5,2898,20
317,2025-11-26 09:21:14+05:30,990.1,1,988.01,583109,257638.0,278753.0,986.2,992.9,981.3,986.2,117755250,1084.8,887.6,1102.5,649.1,989.7,2116,5,989.6,1969,5,989.5,2747,15,989.4,866,6,989.3,3204,11,990.1,360,4,990.2,759,4,990.3,866,12,990.4,1950,17,990.5,2398,19
317,2025-11-26 09:21:14+05:30,989.7,13,988.01,583109,257638.0,278753.0,986.2,992.9,981.3,986.2,117755250,1084.8,887.6,1102.5,649.1,989.7,2116,5,989.6,1969,5,989.5,2747,15,989.4,866,6,989.3,3204,11,990.1,360,4,990.2,759,4,990.3,866,12,990.4,1950,17,990.5,2398,19
317,2025-11-26 09:21:15+05:30,990.1,5,988.01,583128,258005.0,278576.0,986.2,992.9,981.3,986.2,117755250,1084.8,887.6,1102.5,649.1,989.7,2117,6,989.6,1969,5,989.5,2837,15,989.4,985,8,989.3,3204,11,990.1,354,4,990.2,676,4,990.3,906,13,990.4,1705,14,990.5,2608,20
317,2025-11-26 09:21:15+05:30,990.1,5,988.01,583128,258005.0,278576.0,986.2,992.9,981.3,986.2,117755250,1084.8,887.6,1102.5,649.1,989.7,2117,6,989.6,1969,5,989.5,2837,15,989.4,985,8,989.3,3204,11,990.1,354,4,990.2,676,4,990.3,906,13,990.4,1705,14,990.5,2608,20
317,2025-11-26 09:21:16+05:30,989.7,1,988.01,583129,259774.0,277127.0,986.2,992.9,981.3,986.2,117755250,1084.8,887.6,1102.5,649.1,989.7,3826,9,989.6,1870,5,989.5,2860,16,989.4,985,8,989.3,3204,11,990.1,354,4,990.2,541,2,990.3,827,8,990.4,997,10,990.5,2398,19
317,2025-11-26 09:21:16+05:30,990.1,10,988.01,583129,259774.0,277127.0,986.2,992.9,981.3,986.2,117755250,1084.8,887.6,1102.5,649.1,989.7,3826,9,989.6,1870,5,989.5,2860,16,989.4,985,8,989.3,3204,11,990.1,354,4,990.2,541,2,990.3,827,8,990.4,997,10,990.5,2398,19
317,2025-11-26 09:21:17+05:30,989.7,76,988.01,583425,259664.0,277510.0,986.2,992.9,981.3,986.2,117755250,1084.8,887.6,1102.5,649.1,989.7,3330,7,989.6,2123,6,989.5,2821,8,989.4,975,7,989.3,3204,11,990.1,164,5,990.2,257,3,990.3,1130,7,990.4,1451,10,990.5,2404,20
317,2025-11-26 09:21:17+05:30,989.7,7,988.01,583425,259664.0,277510.0,986.2,992.9,981.3,986.2,117755250,1084.8,887.6,1102.5,649.1,989.7,3330,7,989.6,2123,6,989.5,2821,8,989.4,975,7,989.3,3204,11,990.1,164,5,990.2,257,3,990.3,1130,7,990.4,1451,10,990.5,2404,20
317,2025-11-26 09:21:18+05:30,989.7,52,988.01,583484,260768.0,278389.0,986.2,992.9,981.3,986.2,117755250,1084.8,887.6,1102.5,649.1,989.7,3291,8,989.6,2171,6,989.5,3136,16,989.4,975,7,989.3,3227,12,990.1,337,7,990.2,1146,6,990.3,841,10,990.4,1492,11,990.5,2404,20
317,2025-11-26 09:21:18+05:30,989.7,52,988.01,583484,260768.0,278389.0,986.2,992.9,981.3,986.2,117755250,1084.8,887.6,1102.5,649.1,989.7,3291,8,989.6,2171,6,989.5,3136,16,989.4,975,7,989.3,3227,12,990.1,337,7,990.2,1146,6,990.3,841,10,990.4,1492,11,990.5,2404,20
317,2025-11-26 09:21:19+05:30,989.7,5,988.01,583589,260918.0,278042.0,986.2,992.9,981.3,986.2,117755250,1084.8,887.6,1102.5,649.1,989.7,3691,12,989.6,2400,9,989.5,3034,16,989.4,975,7,989.3,3204,11,990.1,47,4,990.2,602,2,990.3,732,9,990.4,1605,12,990.5,2398,20
317,2025-11-26 09:21:19+05:30,990.1,1,988.01,583589,260918.0,278042.0,986.2,992.9,981.3,986.2,117755250,1084.8,887.6,1102.5,649.1,989.7,3691,12,989.6,2400,9,989.5,3034,16,989.4,975,7,989.3,3204,11,990.1,47,4,990.2,602,2,990.3,732,9,990.4,1605,12,990.5,2398,20
317,2025-11-26 09:21:20+05:30,990.1,14,988.01,583663,261171.0,278533.0,986.2,992.9,981.3,986.2,117755250,1084.8,887.6,1102.5,649.1,989.7,3468,11,989.6,2381,7,989.5,3034,16,989.4,1490,11,989.3,3204,11,990.1,524,7,990.2,827,4,990.3,732,9,990.4,1689,12,990.5,2398,20
317,2025-11-26 09:21:20+05:30,989.7,13,988.01,583663,261171.0,278533.0,986.2,992.9,981.3,986.2,117755250,1084.8,887.6,1102.5,649.1,989.7,3468,11,989.6,2381,7,989.5,3034,16,989.4,1490,11,989.3,3204,11,990.1,524,7,990.2,827,4,990.3,732,9,990.4,1689,12,990.5,2398,20
317,2025-11-26 09:21:21+05:30,989.7,40,988.01,583731,261576.0,278575.0,986.2,992.9,981.3,986.2,117755250,1084.8,887.6,1102.5,649.1,989.7,3410,11,989.6,2277,7,989.5,3250,18,989.4,1467,10,989.3,3204,11,990.1,371,6,990.2,1062,4,990.3,1110,11,990.4,1479,11,990.5,2398,20
317,2025-11-26 09:21:21+05:30,989.7,13,988.01,583731,261576.0,278575.0,986.2,992.9,981.3,986.2,117755250,1084.8,887.6,1102.5,649.1,989.7,3410,11,989.6,2277,7,989.5,3250,18,989.4,1467,10,989.3,3204,11,990.1,371,6,990.2,1062,4,990.3,1110,11,990.4,1479,11,990.5,2398,20
317,2025-11-26 09:21:22+05:30,989.7,13,988.01,583867,260838.0,278588.0,986.2,992.9,981.3,986.2,117755250,1084.8,887.6,1102.5,649.1,989.7,3384,11,989.6,2252,7,989.5,2832,15,989.4,1467,10,989.3,3204,11,990.1,261,5,990.2,804,3,990.3,1213,12,990.4,1479,11,990.5,2398,20
317,2025-11-26 09:21:22+05:30,989.7,13,988.01,583867,260838.0,278588.0,986.2,992.9,981.3,986.2,117755250,1084.8,887.6,1102.5,649.1,989.7,3384,11,989.6,2252,7,989.5,2832,15,989.4,1467,10,989.3,3204,11,990.1,261,5,990.2,804,3,990.3,1213,12,990.4,1479,11,990.5,2398,20
317,2025-11-26 09:21:23+05:30,989.5,12,988.02,585604,249052.0,285286.0,986.2,992.9,981.3,986.2,117755250,1084.8,887.6,1102.5,649.1,989.4,191,1,989.3,16,2,989.2,2239,4,989.1,1322,6,989.0,2606,29,989.6,119,2,989.7,693,4,989.8,588,6,989.9,1172,6,990.0,2305,14
317,2025-11-26 09:21:23+05:30,989.8,188,988.02,585604,249052.0,285286.0,986.2,992.9,981.3,986.2,117755250,1084.8,887.6,1102.5,649.1,989.4,191,1,989.3,16,2,989.2,2239,4,989.1,1322,6,989.0,2606,29,989.6,119,2,989.7,693,4,989.8,588,6,989.9,1172,6,990.0,2305,14
317,2025-11-26 09:21:24+05:30,989.1,1,988.02,585604,249052.0,285286.0,986.2,992.9,981.3,986.2,117755250,1084.8,887.6,1102.5,649.1,989.4,191,1,989.3,16,2,989.2,2239,4,989.1,1322,6,989.0,2606,29,989.6,119,2,989.7,693,4,989.8,588,6,989.9,1172,6,990.0,2305,14
317,2025-11-26 09:21:24+05:30,989.1,1,988.02,587721,240853.0,287604.0,986.2,992.9,981.3,986.2,117755250,1084.8,887.6,1102.5,649.1,989.0,1590,22,988.9,157,1,988.8,536,3,988.7,1769,8,988.6,1809,14,989.5,1712,11,989.6,1143,12,989.7,827,8,989.8,1924,11,989.9,2448,18
317,2025-11-26 09:21:25+05:30,989.6,10,988.02,587721,240853.0,287604.0,986.2,992.9,981.3,986.2,117755250,1084.8,887.6,1102.5,649.1,989.0,1590,22,988.9,157,1,988.8,536,3,988.7,1769,8,988.6,1809,14,989.5,1712,11,989.6,1143,12,989.7,827,8,989.8,1924,11,989.9,2448,18
317,2025-11-26 09:21:25+05:30,989.6,10,988.02,589082,247382.0,283004.0,986.2,992.9,981.3,986.2,117755250,1084.8,887.6,1102.5,649.1,989.1,621,4,989.0,1923,19,988.9,3093,11,988.8,1956,14,988.7,1582,8,989.6,19,1,989.7,978,7,989.8,1533,10,989.9,2017,14,990.0,1996,12
317,2025-11-26 09:21:26+05:30,989.1,56,988.02,589082,247382.0,283004.0,986.2,992.9,981.3,986.2,117755250,1084.8,887.6,1102.5,649.1,989.1,621,4,989.0,1923,19,988.9,3093,11,988.8,1956,14,988.7,1582,8,989.6,19,1,989.7,978,7,989.8,1533,10,989.9,2017,14,990.0,1996,12
317,2025-11-26 09:21:26+05:30,989.7,5,988.02,589339,247496.0,283203.0,986.2,992.9,981.3,986.2,117755250,1084.8,887.6,1102.5,649.1,989.2,196,1,989.1,149,4,989.0,4240,21,988.9,1574,9,988.8,2181,16,989.7,426,4,989.8,1489,7,989.9,2106,14,990.0,2424,15,990.1,1965,18
317,2025-11-26 09:21:27+05:30,989.1,29,988.02,589339,247496.0,283203.0,986.2,992.9,981.3,986.2,117755250,1084.8,887.6,1102.5,649.1,989.2,196,1,989.1,149,4,989.0,4240,21,988.9,1574,9,988.8,2181,16,989.7,426,4,989.8,1489,7,989.9,2106,14,990.0,2424,15,990.1,1965,18
317,2025-11-26 09:21:27+05:30,989.6,10,988.02,589496,248676.0,284686.0,986.2,992.9,981.3,986.2,117755250,1084.8,887.6,1102.5,649.1,989.1,64,1,989.0,1381,14,988.9,3158,9,988.8,2241,17,988.7,1805,10,989.6,1298,6,989.7,1246,10,989.8,882,7,989.9,2906,17,990.0,1564,12
317,2025-11-26 09:21:28+05:30,989.1,19,988.02,589496,248676.0,284686.0,986.2,992.9,981.3,986.2,117755250,1084.8,887.6,1102.5,649.1,989.1,64,1,989.0,1381,14,988.9,3158,9,988.8,2241,17,988.7,1805,10,989.6,1298,6,989.7,1246,10,989.8,882,7,989.9,2906,17,990.0,1564,12
317,2025-11-26 09:21:29+05:30,989.1,19,988.02,589543,248823.0,284754.0,986.2,992.9,981.3,986.2,117755250,1084.8,887.6,1102.5,649.1,989.1,193,2,989.0,1381,14,988.9,3158,9,988.8,2241,17,988.7,1805,10,989.6,1339,8,989.7,1273,11,989.8,882,7,989.9,2932,19,990.0,1538,10
317,2025-11-26 09:21:29+05:30,989.1,14,988.02,589543,248823.0,284754.0,986.2,992.9,981.3,986.2,117755250,1084.8,887.6,1102.5,649.1,989.1,193,2,989.0,1381,14,988.9,3158,9,988.8,2241,17,988.7,1805,10,989.6,1339,8,989.7,1273,11,989.8,882,7,989.9,2932,19,990.0,1538,10
317,2025-11-26 09:21:30+05:30,989.1,14,988.02,589683,249215.0,283644.0,986.2,992.9,981.3,986.2,117755250,1084.8,887.6,1102.5,649.1,989.1,331,3,989.0,1676,16,988.9,3960,12,988.8,2241,17,988.7,1784,9,989.5,10,1,989.6,956,4,989.7,1077,10,989.8,991,8,989.9,3117,20
317,2025-11-26 09:21:31+05:30,989.1,5,988.02,589688,250122.0,284317.0,986.2,992.9,981.3,986.2,117755250,1084.8,887.6,1102.5,649.1,989.2,185,1,989.1,979,10,989.0,4806,23,988.9,1831,10,988.8,2215,15,989.7,975,6,989.8,968,7,989.9,2399,18,990.0,1927,13,990.1,2442,18
317,2025-11-26 09:21:31+05:30,989.1,9,988.02,589688,250122.0,284317.0,986.2,992.9,981.3,986.2,117755250,1084.8,887.6,1102.5,649.1,989.2,185,1,989.1,979,10,989.0,4806,23,988.9,1831,10,988.8,2215,15,989.7,975,6,989.8,968,7,989.9,2399,18,990.0,1927,13,990.1,2442,18
317,2025-11-26 09:21:32+05:30,989.1,9,988.02,589702,251389.0,284787.0,986.2,992.9,981.3,986.2,117755250,1084.8,887.6,1102.5,649.1,989.2,288,3,989.1,768,6,989.0,5543,24,988.9,1727,10,988.8,2215,15,989.6,10,1,989.7,1160,7,989.8,1167,7,989.9,2399,18,990.0,2498,15
317,2025-11-26 09:21:33+05:30,989.6,5,988.02,589707,250922.0,285520.0,986.2,992.9,981.3,986.2,117755250,1084.8,887.6,1102.5,649.1,989.2,14,1,989.1,225,3,989.0,5526,24,988.9,2060,13,988.8,2215,15,989.6,745,3,989.7,1320,10,989.8,1266,8,989.9,2206,17,990.0,2558,17
317,2025-11-26 09:21:33+05:30,989.2,14,988.02,589707,250922.0,285520.0,986.2,992.9,981.3,986.2,117755250,1084.8,887.6,1102.5,649.1,989.2,14,1,989.1,225,3,989.0,5526,24,988.9,2060,13,988.8,2215,15,989.6,745,3,989.7,1320,10,989.8,1266,8,989.9,2206,17,990.0,2558,17
317,2025-11-26 09:21:34+05:30,989.7,1,988.02,589732,252771.0,284624.0,986.2,992.9,981.3,986.2,117755250,1084.8,887.6,1102.5,649.1,989.3,118,2,989.2,891,6,989.1,3074,11,989.0,4126,25,988.9,1828,9,989.7,135,3,989.8,1159,6,989.9,1935,11,990.0,2066,15,990.1,2541,20
317,2025-11-26 09:21:34+05:30,989.7,1,988.02,589732,252771.0,284624.0,986.2,992.9,981.3,986.2,117755250,1084.8,887.6,1102.5,649.1,989.3,118,2,989.2,891,6,989.1,3074,11,989.0,4126,25,988.9,1828,9,989.7,135,3,989.8,1159,6,989.9,1935,11,990.0,2066,15,990.1,2541,20
317,2025-11-26 09:21:35+05:30,989.3,1,988.02,589733,255318.0,283942.0,986.2,992.9,981.3,986.2,117755250,1084.8,887.6,1102.5,649.1,989.3,580,6,989.2,3761,9,989.1,1983,17,989.0,4792,26,988.9,1128,9,989.7,69,2,989.8,795,4,989.9,1535,9,990.0,1429,11,990.1,2639,19
317,2025-11-26 09:21:35+05:30,989.3,1,988.02,589733,255318.0,283942.0,986.2,992.9,981.3,986.2,117755250,1084.8,887.6,1102.5,649.1,989.3,580,6,989.2,3761,9,989.1,1983,17,989.0,4792,26,988.9,1128,9,989.7,69,2,989.8,795,4,989.9,1535,9,990.0,1429,11,990.1,2639,19
317,2025-11-26 09:21:36+05:30,989.7,12,988.02,589745,258753.0,283590.0,986.2,992.9,981.3,986.2,117755250,1084.8,887.6,1102.5,649.1,989.3,3684,11,989.2,3141,11,989.1,3255,16,989.0,2542,23,988.9,3378,12,989.7,468,3,989.8,593,3,989.9,771,7,990.0,1518,12,990.1,1954,17
317,2025-11-26 09:21:36+05:30,989.7,12,988.02,589745,258753.0,283590.0,986.2,992.9,981.3,986.2,117755250,1084.8,887.6,1102.5,649.1,989.3,3684,11,989.2,3141,11,989.1,3255,16,989.0,2542,23,988.9,3378,12,989.7,468,3,989.8,593,3,989.9,771,7,990.0,1518,12,990.1,1954,17
317,2025-11-26 09:21:37+05:30,989.7,1,988.03,589756,258874.0,283658.0,986.2,992.9,981.3,986.2,117755250,1084.8,887.6,1102.5,649.1,989.3,3679,11,989.2,3141,11,989.1,3255,16,989.0,2542,23,988.9,3378,12,989.7,462,3,989.8,554,2,989.9,771,7,990.0,1470,12,990.1,1954,17
317,2025-11-26 09:21:37+05:30,989.7,1,988.03,589756,258874.0,283658.0,986.2,992.9,981.3,986.2,117755250,1084.8,887.6,1102.5,649.1,989.3,3679,11,989.2,3141,11,989.1,3255,16,989.0,2542,23,988.9,3378,12,989.7,462,3,989.8,554,2,989.9,771,7,990.0,1470,12,990.1,1954,17
317,2025-11-26 09:21:38+05:30,989.3,7,988.03,589756,258874.0,283658.0,986.2,992.9,981.3,986.2,117755250,1084.8,887.6,1102.5,649.1,989.3,3679,11,989.2,3141,11,989.1,3255,16,989.0,2542,23,988.9,3378,12,989.7,462,3,989.8,554,2,989.9,771,7,990.0,1470,12,990.1,1954,17
317,2025-11-26 09:21:38+05:30,989.3,7,988.03,589772,258860.0,283496.0,986.2,992.9,981.3,986.2,117755250,1084.8,887.6,1102.5,649.1,989.3,3663,10,989.2,3141,11,989.1,3255,16,989.0,2642,24,988.9,3378,12,989.7,462,3,989.8,554,2,989.9,771,7,990.0,1504,12,990.1,1954,17
317,2025-11-26 09:21:39+05:30,989.7,5,988.03,589772,258860.0,283496.0,986.2,992.9,981.3,986.2,117755250,1084.8,887.6,1102.5,649.1,989.3,3663,10,989.2,3141,11,989.1,3255,16,989.0,2642,24,988.9,3378,12,989.7,462,3,989.8,554,2,989.9,771,7,990.0,1504,12,990.1,1954,17
317,2025-11-26 09:21:39+05:30,989.7,5,988.03,589816,258909.0,283710.0,986.2,992.9,981.3,986.2,117755250,1084.8,887.6,1102.5,649.1,989.3,3624,10,989.2,2837,7,989.1,3260,17,989.0,2642,24,988.9,3378,12,989.7,486,4,989.8,575,3,989.9,1029,8,990.0,947,10,990.1,1954,17
317,2025-11-26 09:21:40+05:30,989.3,44,988.03,589816,258909.0,283710.0,986.2,992.9,981.3,986.2,117755250,1084.8,887.6,1102.5,649.1,989.3,3624,10,989.2,2837,7,989.1,3260,17,989.0,2642,24,988.9,3378,12,989.7,486,4,989.8,575,3,989.9,1029,8,990.0,947,10,990.1,1954,17
317,2025-11-26 09:21:40+05:30,989.7,2,988.03,589862,259596.0,283370.0,986.2,992.9,981.3,986.2,117755250,1084.8,887.6,1102.5,649.1,989.3,3559,10,989.2,2837,7,989.1,3779,19,989.0,2729,25,988.9,3378,12,989.7,455,3,989.8,554,2,989.9,790,8,990.0,1455,11,990.1,1954,17
317,2025-11-26 09:21:41+05:30,989.3,1,988.03,589862,259596.0,283370.0,986.2,992.9,981.3,986.2,117755250,1084.8,887.6,1102.5,649.1,989.3,3559,10,989.2,2837,7,989.1,3779,19,989.0,2729,25,988.9,3378,12,989.7,455,3,989.8,554,2,989.9,790,8,990.0,1455,11,990.1,1954,17
317,2025-11-26 09:21:41+05:30,989.3,20,988.03,589896,259535.0,283555.0,986.2,992.9,981.3,986.2,117755250,1084.8,887.6,1102.5,649.1,989.3,3539,10,989.2,2837,7,989.1,3785,19,989.0,2729,25,988.9,3378,12,989.7,455,3,989.8,554,2,989.9,790,8,990.0,1382,10,990.1,1954,17
317,2025-11-26 09:21:42+05:30,989.7,1,988.03,589896,259535.0,283555.0,986.2,992.9,981.3,986.2,117755250,1084.8,887.6,1102.5,649.1,989.3,3539,10,989.2,2837,7,989.1,3785,19,989.0,2729,25,988.9,3378,12,989.7,455,3,989.8,554,2,989.9,790,8,990.0,1382,10,990.1,1954,17
317,2025-11-26 09:21:42+05:30,989.7,1,988.03,589901,259529.0,283236.0,986.2,992.9,981.3,986.2,117755250,1084.8,887.6,1102.5,649.1,989.3,3539,10,989.2,2837,7,989.1,3804,20,989.0,2729,25,988.9,3378,12,989.7,703,4,989.8,316,2,989.9,790,8,990.0,848,9,990.1,1954,17
317,2025-11-26 09:21:43+05:30,989.3,63,988.03,589901,259529.0,283236.0,986.2,992.9,981.3,986.2,117755250,1084.8,887.6,1102.5,649.1,989.3,3539,10,989.2,2837,7,989.1,3804,20,989.0,2729,25,988.9,3378,12,989.7,703,4,989.8,316,2,989.9,790,8,990.0,848,9,990.1,1954,17
317,2025-11-26 09:21:43+05:30,989.3,63,988.03,591399,245046.0,287417.0,986.2,992.9,981.3,986.2,117755250,1084.8,887.6,1102.5,649.1,989.3,14,1,989.1,718,5,989.0,2078,18,988.9,1411,7,988.8,1369,6,989.6,892,8,989.7,2350,10,989.8,1991,12,989.9,2045,16,990.0,2042,15
317,2025-11-26 09:21:44+05:30,989.1,15,988.03,591399,245046.0,287417.0,986.2,992.9,981.3,986.2,117755250,1084.8,887.6,1102.5,649.1,989.3,14,1,989.1,718,5,989.0,2078,18,988.9,1411,7,988.8,1369,6,989.6,892,8,989.7,2350,10,989.8,1991,12,989.9,2045,16,990.0,2042,15
317,2025-11-26 09:21:44+05:30,989.6,1,988.03,591774,247599.0,288645.0,986.2,992.9,981.3,986.2,117755250,1084.8,887.6,1102.5,649.1,989.1,358,2,989.0,2078,18,988.9,2092,6,988.8,1369,6,988.7,2425,16,989.6,1904,15,989.7,2268,13,989.8,2033,13,989.9,2238,17,990.0,2042,15
317,2025-11-26 09:21:45+05:30,989.3,70,988.03,591774,247599.0,288645.0,986.2,992.9,981.3,986.2,117755250,1084.8,887.6,1102.5,649.1,989.1,358,2,989.0,2078,18,988.9,2092,6,988.8,1369,6,988.7,2425,16,989.6,1904,15,989.7,2268,13,989.8,2033,13,989.9,2238,17,990.0,2042,15
317,2025-11-26 09:21:46+05:30,989.3,70,988.03,591844,248101.0,288918.0,986.2,992.9,981.3,986.2,117755250,1084.8,887.6,1102.5,649.1,989.3,230,1,989.1,358,2,989.0,2336,19,988.9,2731,6,988.8,1448,11,989.5,381,1,989.6,1851,14,989.7,2294,14,989.8,2107,12,989.9,2238,17
317,2025-11-26 09:21:46+05:30,989.5,405,988.03,591844,248101.0,288918.0,986.2,992.9,981.3,986.2,117755250,1084.8,887.6,1102.5,649.1,989.3,230,1,989.1,358,2,989.0,2336,19,988.9,2731,6,988.8,1448,11,989.5,381,1,989.6,1851,14,989.7,2294,14,989.8,2107,12,989.9,2238,17
317,2025-11-26 09:21:47+05:30,989.3,101,988.03,592365,249078.0,288185.0,986.2,992.9,981.3,986.2,117755250,1084.8,887.6,1102.5,649.1,989.3,128,2,989.1,358,2,989.0,2336,19,988.9,3133,10,988.8,1934,13,989.5,356,1,989.6,955,9,989.7,2467,15,989.8,1606,11,989.9,2738,18
317,2025-11-26 09:21:47+05:30,989.3,101,988.03,592365,249078.0,288185.0,986.2,992.9,981.3,986.2,117755250,1084.8,887.6,1102.5,649.1,989.3,128,2,989.1,358,2,989.0,2336,19,988.9,3133,10,988.8,1934,13,989.5,356,1,989.6,955,9,989.7,2467,15,989.8,1606,11,989.9,2738,18
317,2025-11-26 09:21:47+05:30,989.3,44,988.03,592365,249078.0,288185.0,986.2,992.9,981.3,986.2,117755250,1084.8,887.6,1102.5,649.1,989.3,128,2,989.1,358,2,989.0,2336,19,988.9,3133,10,988.8,1934,13,989.5,356,1,989.6,955,9,989.7,2467,15,989.8,1606,11,989.9,2738,18
317,2025-11-26 09:21:47+05:30,989.3,44,988.03,592365,249078.0,288185.0,986.2,992.9,981.3,986.2,117755250,1084.8,887.6,1102.5,649.1,989.3,128,2,989.1,358,2,989.0,2336,19,988.9,3133,10,988.8,1934,13,989.5,356,1,989.6,955,9,989.7,2467,15,989.8,1606,11,989.9,2738,18
317,2025-11-26 09:21:48+05:30,989.3,44,988.03,592365,249078.0,288185.0,986.2,992.9,981.3,986.2,117755250,1084.8,887.6,1102.5,649.1,989.3,128,2,989.1,358,2,989.0,2336,19,988.9,3133,10,988.8,1934,13,989.5,356,1,989.6,955,9,989.7,2467,15,989.8,1606,11,989.9,2738,18
317,2025-11-26 09:21:48+05:30,989.2,14,988.03,592507,249517.0,288636.0,986.2,992.9,981.3,986.2,117755250,1084.8,887.6,1102.5,649.1,989.2,6,1,989.1,358,2,989.0,2336,19,988.9,2832,8,988.8,1934,13,989.5,1453,6,989.6,1158,12,989.7,2383,14,989.8,1670,10,989.9,2288,18
317,2025-11-26 09:21:48+05:30,989.2,14,988.03,592507,249517.0,288636.0,986.2,992.9,981.3,986.2,117755250,1084.8,887.6,1102.5,649.1,989.2,6,1,989.1,358,2,989.0,2336,19,988.9,2832,8,988.8,1934,13,989.5,1453,6,989.6,1158,12,989.7,2383,14,989.8,1670,10,989.9,2288,18
317,2025-11-26 09:21:48+05:30,989.2,14,988.03,592507,249517.0,288636.0,986.2,992.9,981.3,986.2,117755250,1084.8,887.6,1102.5,649.1,989.2,6,1,989.1,358,2,989.0,2336,19,988.9,2832,8,988.8,1934,13,989.5,1453,6,989.6,1158,12,989.7,2383,14,989.8,1670,10,989.9,2288,18
317,2025-11-26 09:21:48+05:30,989.2,14,988.03,592507,249517.0,288636.0,986.2,992.9,981.3,986.2,117755250,1084.8,887.6,1102.5,649.1,989.2,6,1,989.1,358,2,989.0,2336,19,988.9,2832,8,988.8,1934,13,989.5,1453,6,989.6,1158,12,989.7,2383,14,989.8,1670,10,989.9,2288,18
317,2025-11-26 09:21:49+05:30,989.2,14,988.03,592507,249517.0,288636.0,986.2,992.9,981.3,986.2,117755250,1084.8,887.6,1102.5,649.1,989.2,6,1,989.1,358,2,989.0,2336,19,988.9,2832,8,988.8,1934,13,989.5,1453,6,989.6,1158,12,989.7,2383,14,989.8,1670,10,989.9,2288,18
317,2025-11-26 09:21:49+05:30,989.3,5,988.03,592649,248979.0,288141.0,986.2,992.9,981.3,986.2,117755250,1084.8,887.6,1102.5,649.1,989.3,142,1,989.2,6,1,989.1,616,3,989.0,2336,19,988.9,2854,9,989.5,556,5,989.6,1156,12,989.7,2385,14,989.8,1670,10,989.9,2288,18
317,2025-11-26 09:21:49+05:30,989.3,5,988.03,592649,248979.0,288141.0,986.2,992.9,981.3,986.2,117755250,1084.8,887.6,1102.5,649.1,989.3,142,1,989.2,6,1,989.1,616,3,989.0,2336,19,988.9,2854,9,989.5,556,5,989.6,1156,12,989.7,2385,14,989.8,1670,10,989.9,2288,18
317,2025-11-26 09:21:49+05:30,989.5,3,988.03,592649,248979.0,288141.0,986.2,992.9,981.3,986.2,117755250,1084.8,887.6,1102.5,649.1,989.3,142,1,989.2,6,1,989.1,616,3,989.0,2336,19,988.9,2854,9,989.5,556,5,989.6,1156,12,989.7,2385,14,989.8,1670,10,989.9,2288,18
317,2025-11-26 09:21:49+05:30,989.5,3,988.03,592649,248979.0,288141.0,986.2,992.9,981.3,986.2,117755250,1084.8,887.6,1102.5,649.1,989.3,142,1,989.2,6,1,989.1,616,3,989.0,2336,19,988.9,2854,9,989.5,556,5,989.6,1156,12,989.7,2385,14,989.8,1670,10,989.9,2288,18
317,2025-11-26 09:21:49+05:30,989.5,3,988.03,592649,248979.0,288141.0,986.2,992.9,981.3,986.2,117915750,1084.8,887.6,1102.5,649.1,989.3,142,1,989.2,6,1,989.1,616,3,989.0,2336,19,988.9,2854,9,989.5,556,5,989.6,1156,12,989.7,2385,14,989.8,1670,10,989.9,2288,18
317,2025-11-26 09:21:50+05:30,989.5,3,988.03,592649,248979.0,288141.0,986.2,992.9,981.3,986.2,117915750,1084.8,887.6,1102.5,649.1,989.3,142,1,989.2,6,1,989.1,616,3,989.0,2336,19,988.9,2854,9,989.5,556,5,989.6,1156,12,989.7,2385,14,989.8,1670,10,989.9,2288,18
317,2025-11-26 09:21:50+05:30,989.5,3,988.03,592666,249618.0,288088.0,986.2,992.9,981.3,986.2,117915750,1084.8,887.6,1102.5,649.1,989.3,228,2,989.2,6,1,989.1,616,3,989.0,2366,21,988.9,2832,8,989.5,556,6,989.6,1156,12,989.7,2385,14,989.8,1170,9,989.9,2788,19
317,2025-11-26 09:21:50+05:30,989.5,3,988.03,592666,249618.0,288088.0,986.2,992.9,981.3,986.2,117915750,1084.8,887.6,1102.5,649.1,989.3,228,2,989.2,6,1,989.1,616,3,989.0,2366,21,988.9,2832,8,989.5,556,6,989.6,1156,12,989.7,2385,14,989.8,1170,9,989.9,2788,19
317,2025-11-26 09:21:50+05:30,989.3,28,988.03,592666,249618.0,288088.0,986.2,992.9,981.3,986.2,117915750,1084.8,887.6,1102.5,649.1,989.3,228,2,989.2,6,1,989.1,616,3,989.0,2366,21,988.9,2832,8,989.5,556,6,989.6,1156,12,989.7,2385,14,989.8,1170,9,989.9,2788,19
317,2025-11-26 09:21:51+05:30,989.5,10,988.03,592725,249705.0,288117.0,986.2,992.9,981.3,986.2,117915750,1084.8,887.6,1102.5,649.1,989.3,213,3,989.2,6,1,989.1,616,3,989.0,2337,20,988.9,2832,8,989.5,258,4,989.6,1531,10,989.7,2284,14,989.8,1170,9,989.9,2788,19
317,2025-11-26 09:21:51+05:30,989.3,14,988.03,592725,249705.0,288117.0,986.2,992.9,981.3,986.2,117915750,1084.8,887.6,1102.5,649.1,989.3,213,3,989.2,6,1,989.1,616,3,989.0,2337,20,988.9,2832,8,989.5,258,4,989.6,1531,10,989.7,2284,14,989.8,1170,9,989.9,2788,19
317,2025-11-26 09:21:52+05:30,989.3,14,988.03,592739,249694.0,288519.0,986.2,992.9,981.3,986.2,117915750,1084.8,887.6,1102.5,649.1,989.3,113,2,989.2,6,1,989.1,616,3,989.0,2537,22,988.9,2832,8,989.5,595,5,989.6,876,8,989.7,2284,14,989.8,1116,9,989.9,2788,19
317,2025-11-26 09:21:53+05:30,989.9,1,988.05,598288,257919.0,276619.0,986.2,992.9,981.3,986.2,117915750,1084.8,887.6,1102.5,649.1,989.9,20,1,989.8,402,3,989.7,534,5,989.6,685,5,989.5,1149,9,990.1,1,1,990.3,580,1,990.4,553,6,990.5,884,6,990.6,1737,11
317,2025-11-26 09:21:53+05:30,989.9,1,988.05,598288,257919.0,276619.0,986.2,992.9,981.3,986.2,117915750,1084.8,887.6,1102.5,649.1,989.9,20,1,989.8,402,3,989.7,534,5,989.6,685,5,989.5,1149,9,990.1,1,1,990.3,580,1,990.4,553,6,990.5,884,6,990.6,1737,11
317,2025-11-26 09:21:54+05:30,989.6,4,988.05,598288,257919.0,276619.0,986.2,992.9,981.3,986.2,117915750,1084.8,887.6,1102.5,649.1,989.6,9,1,989.5,133,1,989.4,802,4,989.3,844,9,989.2,2849,18,990.0,583,6,990.1,1746,10,990.2,1109,7,990.3,1709,9,990.4,2148,18
317,2025-11-26 09:21:54+05:30,989.6,4,988.05,599354,254057.0,281007.0,986.2,992.9,981.3,986.2,117915750,1084.8,887.6,1102.5,649.1,989.6,9,1,989.5,133,1,989.4,802,4,989.3,844,9,989.2,2849,18,990.0,583,6,990.1,1746,10,990.2,1109,7,990.3,1709,9,990.4,2148,18
317,2025-11-26 09:21:55+05:30,989.5,186,988.05,599354,254057.0,281007.0,986.2,992.9,981.3,986.2,117915750,1084.8,887.6,1102.5,649.1,989.6,9,1,989.5,133,1,989.4,802,4,989.3,844,9,989.2,2849,18,990.0,583,6,990.1,1746,10,990.2,1109,7,990.3,1709,9,990.4,2148,18
317,2025-11-26 09:21:55+05:30,989.5,186,988.05,599556,254308.0,280925.0,986.2,992.9,981.3,986.2,117915750,1084.8,887.6,1102.5,649.1,989.4,759,4,989.3,831,8,989.2,2622,16,989.1,2699,15,989.0,3845,30,990.0,1577,9,990.1,847,7,990.2,1233,10,990.3,1751,12,990.4,1963,20
317,2025-11-26 09:21:56+05:30,989.5,42,988.05,599556,254308.0,280925.0,986.2,992.9,981.3,986.2,117915750,1084.8,887.6,1102.5,649.1,989.4,759,4,989.3,831,8,989.2,2622,16,989.1,2699,15,989.0,3845,30,990.0,1577,9,990.1,847,7,990.2,1233,10,990.3,1751,12,990.4,1963,20
317,2025-11-26 09:21:56+05:30,989.5,42,988.05,599608,258042.0,280342.0,986.2,992.9,981.3,986.2,117915750,1084.8,887.6,1102.5,649.1,989.5,614,4,989.4,1320,8,989.3,2689,14,989.2,2919,18,989.1,2514,13,990.0,435,3,990.1,653,4,990.2,643,6,990.3,1251,11,990.4,2852,21
317,2025-11-26 09:21:57+05:30,989.6,5,988.05,599608,258042.0,280342.0,986.2,992.9,981.3,986.2,117915750,1084.8,887.6,1102.5,649.1,989.5,614,4,989.4,1320,8,989.3,2689,14,989.2,2919,18,989.1,2514,13,990.0,435,3,990.1,653,4,990.2,643,6,990.3,1251,11,990.4,2852,21
317,2025-11-26 09:21:57+05:30,989.6,5,988.05,599627,260498.0,280947.0,986.2,992.9,981.3,986.2,117915750,1084.8,887.6,1102.5,649.1,989.6,514,3,989.5,1173,7,989.4,3490,11,989.3,1979,14,989.2,2655,16,990.0,428,4,990.1,1,1,990.2,812,5,990.3,767,7,990.4,1854,17
317,2025-11-26 09:21:58+05:30,989.7,1,988.05,599628,259252.0,281442.0,986.2,992.9,981.3,986.2,117915750,1084.8,887.6,1102.5,649.1,989.7,77,1,989.6,265,2,989.5,697,7,989.4,3569,11,989.3,1979,14,990.0,462,4,990.1,109,2,990.2,967,5,990.3,767,7,990.4,2211,18
317,2025-11-26 09:21:59+05:30,989.7,1,988.05,599628,259252.0,281442.0,986.2,992.9,981.3,986.2,117915750,1084.8,887.6,1102.5,649.1,989.7,77,1,989.6,265,2,989.5,697,7,989.4,3569,11,989.3,1979,14,990.0,462,4,990.1,109,2,990.2,967,5,990.3,767,7,990.4,2211,18
317,2025-11-26 09:21:59+05:30,989.7,1,988.05,599628,258250.0,280767.0,986.2,992.9,981.3,986.2,117915750,1084.8,887.6,1102.5,649.1,989.7,91,2,989.6,536,4,989.5,477,4,989.4,2698,5,989.3,1644,10,990.0,354,3,990.1,203,2,990.2,1383,8,990.3,883,9,990.4,2348,20
317,2025-11-26 09:22:00+05:30,990.0,77,988.05,599628,258250.0,280767.0,986.2,992.9,981.3,986.2,117915750,1084.8,887.6,1102.5,649.1,989.7,91,2,989.6,536,4,989.5,477,4,989.4,2698,5,989.3,1644,10,990.0,354,3,990.1,203,2,990.2,1383,8,990.3,883,9,990.4,2348,20
317,2025-11-26 09:22:00+05:30,990.0,77,988.05,599706,260299.0,280845.0,986.2,992.9,981.3,986.2,117915750,1084.8,887.6,1102.5,649.1,989.7,146,3,989.6,1039,6,989.5,584,5,989.4,2923,8,989.3,1690,13,990.0,234,2,990.1,203,2,990.2,856,5,990.3,883,9,990.4,2333,20
317,2025-11-26 09:22:01+05:30,989.7,5,988.05,599706,260299.0,280845.0,986.2,992.9,981.3,986.2,117915750,1084.8,887.6,1102.5,649.1,989.7,146,3,989.6,1039,6,989.5,584,5,989.4,2923,8,989.3,1690,13,990.0,234,2,990.1,203,2,990.2,856,5,990.3,883,9,990.4,2333,20
317,2025-11-26 09:22:01+05:30,989.7,5,988.05,599775,257768.0,281002.0,986.2,992.9,981.3,986.2,117915750,1084.8,887.6,1102.5,649.1,989.7,2,1,989.5,139,3,989.4,559,3,989.3,1521,11,989.2,3710,14,990.0,463,5,990.1,568,6,990.2,1214,7,990.3,1360,8,990.4,2201,20
317,2025-11-26 09:22:02+05:30,989.5,12,988.05,599775,257768.0,281002.0,986.2,992.9,981.3,986.2,117915750,1084.8,887.6,1102.5,649.1,989.7,2,1,989.5,139,3,989.4,559,3,989.3,1521,11,989.2,3710,14,990.0,463,5,990.1,568,6,990.2,1214,7,990.3,1360,8,990.4,2201,20
317,2025-11-26 09:22:02+05:30,989.5,12,988.05,599789,257230.0,280301.0,986.2,992.9,981.3,986.2,117915750,1084.8,887.6,1102.5,649.1,989.5,3,1,989.4,602,3,989.3,1313,9,989.2,3570,14,989.1,2767,15,989.9,87,1,990.0,302,4,990.1,757,4,990.2,521,6,990.3,2373,15
317,2025-11-26 09:22:03+05:30,989.8,100,988.05,599789,257230.0,280301.0,986.2,992.9,981.3,986.2,117915750,1084.8,887.6,1102.5,649.1,989.5,3,1,989.4,602,3,989.3,1313,9,989.2,3570,14,989.1,2767,15,989.9,87,1,990.0,302,4,990.1,757,4,990.2,521,6,990.3,2373,15
317,2025-11-26 09:22:03+05:30,989.8,100,988.05,599933,258377.0,281627.0,986.2,992.9,981.3,986.2,117915750,1084.8,887.6,1102.5,649.1,989.4,684,5,989.3,1510,9,989.2,4012,13,989.1,2565,20,989.0,3752,30,989.8,177,1,989.9,87,1,990.0,369,7,990.1,1297,8,990.2,636,6
317,2025-11-26 09:22:04+05:30,989.8,1,988.05,599933,258377.0,281627.0,986.2,992.9,981.3,986.2,117915750,1084.8,887.6,1102.5,649.1,989.4,684,5,989.3,1510,9,989.2,4012,13,989.1,2565,20,989.0,3752,30,989.8,177,1,989.9,87,1,990.0,369,7,990.1,1297,8,990.2,636,6
317,2025-11-26 09:22:04+05:30,989.8,1,988.05,599962,259227.0,281566.0,986.2,992.9,981.3,986.2,117915750,1084.8,887.6,1102.5,649.1,989.4,478,5,989.3,1652,10,989.2,4196,13,989.1,2565,20,989.0,3752,30,989.8,179,2,989.9,105,2,990.0,252,5,990.1,1297,8,990.2,636,6
317,2025-11-26 09:22:05+05:30,989.8,16,988.05,599962,259227.0,281566.0,986.2,992.9,981.3,986.2,117915750,1084.8,887.6,1102.5,649.1,989.4,478,5,989.3,1652,10,989.2,4196,13,989.1,2565,20,989.0,3752,30,989.8,179,2,989.9,105,2,990.0,252,5,990.1,1297,8,990.2,636,6
317,2025-11-26 09:22:05+05:30,989.8,16,988.05,599978,269314.0,281969.0,986.2,992.9,981.3,986.2,117915750,1084.8,887.6,1102.5,649.1,989.7,500,1,989.5,438,7,989.4,759,7,989.3,3010,11,989.2,2822,13,989.8,163,2,989.9,87,1,990.0,88,3,990.1,857,6,990.2,535,4
317,2025-11-26 09:22:06+05:30,989.7,50,988.05,599978,269314.0,281969.0,986.2,992.9,981.3,986.2,117915750,1084.8,887.6,1102.5,649.1,989.7,500,1,989.5,438,7,989.4,759,7,989.3,3010,11,989.2,2822,13,989.8,163,2,989.9,87,1,990.0,88,3,990.1,857,6,990.2,535,4
317,2025-11-26 09:22:06+05:30,989.7,50,988.05,600028,269451.0,281406.0,986.2,992.9,981.3,986.2,117915750,1084.8,887.6,1102.5,649.1,989.7,461,2,989.6,582,4,989.5,433,6,989.4,748,6,989.3,3010,11,989.8,164,3,989.9,87,1,990.0,26,3,990.1,857,6,990.2,535,4
317,2025-11-26 09:22:07+05:30,989.7,14,988.05,600028,269451.0,281406.0,986.2,992.9,981.3,986.2,117915750,1084.8,887.6,1102.5,649.1,989.7,461,2,989.6,582,4,989.5,433,6,989.4,748,6,989.3,3010,11,989.8,164,3,989.9,87,1,990.0,26,3,990.1,857,6,990.2,535,4
317,2025-11-26 09:22:07+05:30,989.7,14,988.05,600047,268876.0,281883.0,986.2,992.9,981.3,986.2,117915750,1084.8,887.6,1102.5,649.1,989.7,442,2,989.6,337,2,989.5,188,4,989.4,1368,8,989.3,3010,11,989.8,164,3,989.9,87,1,990.0,234,6,990.1,354,7,990.2,1126,5
317,2025-11-26 09:22:08+05:30,989.7,14,988.05,600047,268929.0,282013.0,986.2,992.9,981.3,986.2,117915750,1084.8,887.6,1102.5,649.1,989.7,442,2,989.6,337,2,989.5,188,4,989.4,1368,8,989.3,3028,12,989.8,164,3,989.9,87,1,990.0,234,6,990.1,354,7,990.2,1228,6
317,2025-11-26 09:22:09+05:30,989.8,100,988.05,600047,268929.0,282013.0,986.2,992.9,981.3,986.2,117915750,1084.8,887.6,1102.5,649.1,989.7,442,2,989.6,337,2,989.5,188,4,989.4,1368,8,989.3,3028,12,989.8,164,3,989.9,87,1,990.0,234,6,990.1,354,7,990.2,1228,6
317,2025-11-26 09:22:09+05:30,989.8,100,988.05,600147,268810.0,281807.0,986.2,992.9,981.3,986.2,117915750,1084.8,887.6,1102.5,649.1,989.7,455,3,989.6,337,2,989.5,574,7,989.4,546,5,989.3,3028,12,989.8,64,3,990.0,230,6,990.1,923,6,990.2,637,5,990.3,2120,16
317,2025-11-26 09:22:10+05:30,989.7,24,988.05,600147,268810.0,281807.0,986.2,992.9,981.3,986.2,117915750,1084.8,887.6,1102.5,649.1,989.7,455,3,989.6,337,2,989.5,574,7,989.4,546,5,989.3,3028,12,989.8,64,3,990.0,230,6,990.1,923,6,990.2,637,5,990.3,2120,16
317,2025-11-26 09:22:10+05:30,989.7,95,988.05,600266,268428.0,282308.0,986.2,992.9,981.3,986.2,117915750,1084.8,887.6,1102.5,649.1,989.7,336,3,989.5,89,3,989.4,447,4,989.3,3282,14,989.2,2854,13,989.8,64,3,990.0,337,6,990.1,1250,14,990.2,777,9,990.3,2716,19
317,2025-11-26 09:22:11+05:30,989.7,24,988.05,600266,268428.0,282308.0,986.2,992.9,981.3,986.2,117915750,1084.8,887.6,1102.5,649.1,989.7,336,3,989.5,89,3,989.4,447,4,989.3,3282,14,989.2,2854,13,989.8,64,3,990.0,337,6,990.1,1250,14,990.2,777,9,990.3,2716,19
317,2025-11-26 09:22:11+05:30,989.7,15,988.05,600330,267355.0,282240.0,986.2,992.9,981.3,986.2,117915750,1084.8,887.6,1102.5,649.1,989.7,297,3,989.5,89,3,989.4,445,3,989.3,2824,11,989.2,2652,12,989.8,39,3,989.9,657,2,990.0,920,10,990.1,811,14,990.2,777,9
317,2025-11-26 09:22:12+05:30,989.5,11,988.05,600330,267355.0,282240.0,986.2,992.9,981.3,986.2,117915750,1084.8,887.6,1102.5,649.1,989.7,297,3,989.5,89,3,989.4,445,3,989.3,2824,11,989.2,2652,12,989.8,39,3,989.9,657,2,990.0,920,10,990.1,811,14,990.2,777,9
317,2025-11-26 09:22:12+05:30,989.5,5,988.05,600644,269078.0,282228.0,986.2,992.9,981.3,986.2,117915750,1084.8,887.6,1102.5,649.1,989.5,34,1,989.4,252,1,989.3,3454,10,989.2,2544,11,989.1,4475,25,989.8,50,4,989.9,893,7,990.0,1101,11,990.1,1046,14,990.2,1334,11
317,2025-11-26 09:22:13+05:30,989.4,60,988.05,600644,269078.0,282228.0,986.2,992.9,981.3,986.2,117915750,1084.8,887.6,1102.5,649.1,989.5,34,1,989.4,252,1,989.3,3454,10,989.2,2544,11,989.1,4475,25,989.8,50,4,989.9,893,7,990.0,1101,11,990.1,1046,14,990.2,1334,11
317,2025-11-26 09:22:14+05:30,989.8,10,988.05,600762,273357.0,281401.0,986.2,992.9,981.3,986.2,117915750,1084.8,887.6,1102.5,649.1,989.4,3948,11,989.3,2550,13,989.2,4222,16,989.1,2071,19,989.0,5166,31,989.8,127,8,989.9,269,2,990.0,819,8,990.1,966,15,990.2,1348,11
317,2025-11-26 09:22:14+05:30,989.7,5,988.05,600762,273357.0,281401.0,986.2,992.9,981.3,986.2,117915750,1084.8,887.6,1102.5,649.1,989.4,3948,11,989.3,2550,13,989.2,4222,16,989.1,2071,19,989.0,5166,31,989.8,127,8,989.9,269,2,990.0,819,8,990.1,966,15,990.2,1348,11
317,2025-11-26 09:22:15+05:30,989.7,5,988.05,600789,275190.0,280369.0,986.2,992.9,981.3,986.2,117915750,1084.8,887.6,1102.5,649.1,989.5,878,2,989.4,3683,10,989.3,1683,11,989.2,2833,17,989.1,3492,16,989.8,88,8,990.0,578,9,990.1,852,9,990.2,1313,8,990.3,2193,21
317,2025-11-26 09:22:15+05:30,989.8,2,988.05,600789,275190.0,280369.0,986.2,992.9,981.3,986.2,117915750,1084.8,887.6,1102.5,649.1,989.5,878,2,989.4,3683,10,989.3,1683,11,989.2,2833,17,989.1,3492,16,989.8,88,8,990.0,578,9,990.1,852,9,990.2,1313,8,990.3,2193,21
317,2025-11-26 09:22:16+05:30,989.8,4,988.05,600826,274734.0,283208.0,986.2,992.9,981.3,986.2,117915750,1084.8,887.6,1102.5,649.1,989.5,752,2,989.4,3582,10,989.3,1531,10,989.2,4582,23,989.1,1992,14,989.8,307,9,989.9,33,2,990.0,1021,10,990.1,852,9,990.2,751,7
317,2025-11-26 09:22:16+05:30,989.5,12,988.05,600826,274734.0,283208.0,986.2,992.9,981.3,986.2,117915750,1084.8,887.6,1102.5,649.1,989.5,752,2,989.4,3582,10,989.3,1531,10,989.2,4582,23,989.1,1992,14,989.8,307,9,989.9,33,2,990.0,1021,10,990.1,852,9,990.2,751,7
317,2025-11-26 09:22:17+05:30,989.5,12,988.05,600838,275800.0,283921.0,986.2,992.9,981.3,986.2,117915750,1084.8,887.6,1102.5,649.1,989.5,740,2,989.4,3452,8,989.3,1643,10,989.2,4582,23,989.1,2008,15,989.7,2,1,989.8,307,9,989.9,49,3,990.0,1285,12,990.1,881,10
317,2025-11-26 09:22:17+05:30,989.8,8,988.05,600838,275800.0,283921.0,986.2,992.9,981.3,986.2,117915750,1084.8,887.6,1102.5,649.1,989.5,740,2,989.4,3452,8,989.3,1643,10,989.2,4582,23,989.1,2008,15,989.7,2,1,989.8,307,9,989.9,49,3,990.0,1285,12,990.1,881,10
317,2025-11-26 09:22:18+05:30,989.8,5,988.05,600858,274949.0,283866.0,986.2,992.9,981.3,986.2,117915750,1084.8,887.6,1102.5,649.1,989.5,835,3,989.4,3748,10,989.3,1515,9,989.2,4582,23,989.1,2008,15,989.8,305,8,989.9,3,1,990.0,760,11,990.1,800,10,990.2,735,6
317,2025-11-26 09:22:18+05:30,989.5,20,988.05,600858,274949.0,283866.0,986.2,992.9,981.3,986.2,117915750,1084.8,887.6,1102.5,649.1,989.5,835,3,989.4,3748,10,989.3,1515,9,989.2,4582,23,989.1,2008,15,989.8,305,8,989.9,3,1,990.0,760,11,990.1,800,10,990.2,735,6
317,2025-11-26 09:22:19+05:30,989.5,110,988.06,601765,276389.0,282062.0,986.2,992.9,981.3,986.2,117915750,1084.8,887.6,1102.5,649.1,989.5,2059,8,989.4,3835,13,989.3,1682,12,989.2,4439,20,989.1,1904,15,989.8,8,2,989.9,128,2,990.0,517,11,990.1,184,4,990.2,424,3
317,2025-11-26 09:22:19+05:30,989.5,101,988.06,601765,276389.0,282062.0,986.2,992.9,981.3,986.2,117915750,1084.8,887.6,1102.5,649.1,989.5,2059,8,989.4,3835,13,989.3,1682,12,989.2,4439,20,989.1,1904,15,989.8,8,2,989.9,128,2,990.0,517,11,990.1,184,4,990.2,424,3
317,2025-11-26 09:22:20+05:30,989.2,4,988.06,601765,276389.0,282062.0,986.2,992.9,981.3,986.2,117915750,1084.8,887.6,1102.5,649.1,989.5,2059,8,989.4,3835,13,989.3,1682,12,989.2,4439,20,989.1,1904,15,989.8,8,2,989.9,128,2,990.0,517,11,990.1,184,4,990.2,424,3
317,2025-11-26 09:22:20+05:30,989.2,4,988.07,609171,258844.0,286738.0,986.2,992.9,981.3,986.2,117915750,1084.8,887.6,1102.5,649.1,989.0,1635,21,988.9,157,1,988.8,914,4,988.7,1118,4,988.6,2675,17,989.2,102,2,989.3,21,1,989.4,270,5,989.5,158,3,989.6,1276,11
317,2025-11-26 09:22:21+05:30,988.8,100,988.07,609171,258844.0,286738.0,986.2,992.9,981.3,986.2,117915750,1084.8,887.6,1102.5,649.1,989.0,1635,21,988.9,157,1,988.8,914,4,988.7,1118,4,988.6,2675,17,989.2,102,2,989.3,21,1,989.4,270,5,989.5,158,3,989.6,1276,11
317,2025-11-26 09:22:22+05:30,988.8,100,988.08,611155,259518.0,287735.0,986.2,992.9,981.3,986.2,117915750,1084.8,887.6,1102.5,649.1,988.8,614,1,988.7,991,3,988.6,3327,17,988.5,991,8,988.4,3499,9,989.0,21,1,989.2,244,5,989.3,146,2,989.4,269,5,989.5,1233,8
317,2025-11-26 09:22:22+05:30,988.8,1,988.08,611155,259518.0,287735.0,986.2,992.9,981.3,986.2,117915750,1084.8,887.6,1102.5,649.1,988.8,614,1,988.7,991,3,988.6,3327,17,988.5,991,8,988.4,3499,9,989.0,21,1,989.2,244,5,989.3,146,2,989.4,269,5,989.5,1233,8
317,2025-11-26 09:22:23+05:30,988.8,1,988.08,611156,260377.0,287325.0,986.2,992.9,981.3,986.2,117915750,1084.8,887.6,1102.5,649.1,988.8,856,3,988.7,1486,6,988.6,3342,18,988.5,991,8,988.4,4025,10,989.2,209,3,989.3,21,1,989.4,365,5,989.5,546,6,989.6,1860,16
317,2025-11-26 09:22:23+05:30,989.2,4,988.08,611156,260377.0,287325.0,986.2,992.9,981.3,986.2,117915750,1084.8,887.6,1102.5,649.1,988.8,856,3,988.7,1486,6,988.6,3342,18,988.5,991,8,988.4,4025,10,989.2,209,3,989.3,21,1,989.4,365,5,989.5,546,6,989.6,1860,16
317,2025-11-26 09:22:24+05:30,989.2,4,988.08,611833,261076.0,287324.0,986.2,992.9,981.3,986.2,117915750,1084.8,887.6,1102.5,649.1,988.8,1118,5,988.7,1887,9,988.6,3398,13,988.5,1065,13,988.4,2261,9,989.2,157,3,989.4,223,2,989.5,686,8,989.6,1662,17,989.7,1892,20
317,2025-11-26 09:22:24+05:30,989.2,4,988.08,611833,261076.0,287324.0,986.2,992.9,981.3,986.2,117915750,1084.8,887.6,1102.5,649.1,988.8,1118,5,988.7,1887,9,988.6,3398,13,988.5,1065,13,988.4,2261,9,989.2,157,3,989.4,223,2,989.5,686,8,989.6,1662,17,989.7,1892,20
317,2025-11-26 09:22:25+05:30,989.0,5,988.08,612013,260248.0,287336.0,986.2,992.9,981.3,986.2,117915750,1084.8,887.6,1102.5,649.1,989.0,25,1,988.8,879,4,988.7,1368,5,988.6,3443,15,988.5,1184,13,989.2,75,2,989.4,488,5,989.5,876,6,989.6,1760,17,989.7,2457,22
317,2025-11-26 09:22:25+05:30,989.0,5,988.08,612013,260248.0,287336.0,986.2,992.9,981.3,986.2,117915750,1084.8,887.6,1102.5,649.1,989.0,25,1,988.8,879,4,988.7,1368,5,988.6,3443,15,988.5,1184,13,989.2,75,2,989.4,488,5,989.5,876,6,989.6,1760,17,989.7,2457,22
317,2025-11-26 09:22:26+05:30,989.0,25,988.08,613038,258747.0,286593.0,986.2,992.9,981.3,986.2,117915750,1084.8,887.6,1102.5,649.1,988.8,1620,7,988.7,1418,5,988.6,1666,11,988.5,1601,15,988.4,3607,12,989.4,146,2,989.5,1052,8,989.6,1658,16,989.7,2466,22,989.8,1371,12
317,2025-11-26 09:22:26+05:30,988.8,26,988.08,613038,258747.0,286593.0,986.2,992.9,981.3,986.2,117915750,1084.8,887.6,1102.5,649.1,988.8,1620,7,988.7,1418,5,988.6,1666,11,988.5,1601,15,988.4,3607,12,989.4,146,2,989.5,1052,8,989.6,1658,16,989.7,2466,22,989.8,1371,12
317,2025-11-26 09:22:27+05:30,988.8,26,988.08,613215,260371.0,288418.0,986.2,992.9,981.3,986.2,117915750,1084.8,887.6,1102.5,649.1,988.8,1105,4,988.7,1541,6,988.6,3354,13,988.5,1602,15,988.4,2329,10,989.3,401,1,989.4,337,3,989.5,1187,8,989.6,1763,17,989.7,2481,22
317,2025-11-26 09:22:27+05:30,988.8,72,988.08,613215,260371.0,288418.0,986.2,992.9,981.3,986.2,117915750,1084.8,887.6,1102.5,649.1,988.8,1105,4,988.7,1541,6,988.6,3354,13,988.5,1602,15,988.4,2329,10,989.3,401,1,989.4,337,3,989.5,1187,8,989.6,1763,17,989.7,2481,22
317,2025-11-26 09:22:28+05:30,989.0,42,988.08,613502,262092.0,288210.0,986.2,992.9,981.3,986.2,117915750,1084.8,887.6,1102.5,649.1,989.0,406,1,988.8,2134,7,988.7,2939,9,988.6,1219,11,988.5,3037,15,989.3,390,1,989.4,87,1,989.5,1370,10,989.6,1658,16,989.7,1981,21
317,2025-11-26 09:22:28+05:30,989.0,42,988.08,613502,262092.0,288210.0,986.2,992.9,981.3,986.2,117915750,1084.8,887.6,1102.5,649.1,989.0,406,1,988.8,2134,7,988.7,2939,9,988.6,1219,11,988.5,3037,15,989.3,390,1,989.4,87,1,989.5,1370,10,989.6,1658,16,989.7,1981,21
317,2025-11-26 09:22:29+05:30,989.0,2,988.08,613562,262111.0,288229.0,986.2,992.9,981.3,986.2,117915750,1084.8,887.6,1102.5,649.1,989.0,361,2,988.8,2134,7,988.7,2939,9,988.6,1223,11,988.5,3037,15,989.3,388,1,989.4,87,1,989.5,1370,10,989.6,1658,16,989.7,1981,21
317,2025-11-26 09:22:29+05:30,989.0,2,988.08,613562,262111.0,288229.0,986.2,992.9,981.3,986.2,117915750,1084.8,887.6,1102.5,649.1,989.0,361,2,988.8,2134,7,988.7,2939,9,988.6,1223,11,988.5,3037,15,989.3,388,1,989.4,87,1,989.5,1370,10,989.6,1658,16,989.7,1981,21
317,2025-11-26 09:22:30+05:30,989.0,2,988.08,613562,262634.0,289562.0,986.2,992.9,981.3,986.2,117915750,1084.8,887.6,1102.5,649.1,989.0,361,2,988.9,735,2,988.8,2134,7,988.7,2939,9,988.6,1223,11,989.3,388,1,989.4,437,2,989.5,804,8,989.6,1658,16,989.7,1981,21
317,2025-11-26 09:22:30+05:30,989.0,28,988.08,613562,262634.0,289562.0,986.2,992.9,981.3,986.2,117915750,1084.8,887.6,1102.5,649.1,989.0,361,2,988.9,735,2,988.8,2134,7,988.7,2939,9,988.6,1223,11,989.3,388,1,989.4,437,2,989.5,804,8,989.6,1658,16,989.7,1981,21
317,2025-11-26 09:22:31+05:30,989.0,2,988.08,613607,262696.0,289423.0,986.2,992.9,981.3,986.2,117915750,1084.8,887.6,1102.5,649.1,989.0,327,3,988.9,735,2,988.8,2255,8,988.7,2939,9,988.6,1098,10,989.3,643,2,989.4,558,3,989.5,328,6,989.6,1251,16,989.7,1981,21
317,2025-11-26 09:22:31+05:30,989.3,10,988.08,613607,262696.0,289423.0,986.2,992.9,981.3,986.2,117915750,1084.8,887.6,1102.5,649.1,989.0,327,3,988.9,735,2,988.8,2255,8,988.7,2939,9,988.6,1098,10,989.3,643,2,989.4,558,3,989.5,328,6,989.6,1251,16,989.7,1981,21
317,2025-11-26 09:22:32+05:30,989.0,29,988.08,613646,261235.0,290022.0,986.2,992.9,981.3,986.2,117915750,1084.8,887.6,1102.5,649.1,989.0,308,4,988.8,1671,3,988.7,2924,7,988.6,1072,9,988.5,3023,12,989.3,777,3,989.4,880,6,989.5,1002,10,989.6,1636,14,989.7,2507,24
317,2025-11-26 09:22:32+05:30,989.0,29,988.08,613646,261235.0,290022.0,986.2,992.9,981.3,986.2,117915750,1084.8,887.6,1102.5,649.1,989.0,308,4,988.8,1671,3,988.7,2924,7,988.6,1072,9,988.5,3023,12,989.3,777,3,989.4,880,6,989.5,1002,10,989.6,1636,14,989.7,2507,24
317,2025-11-26 09:22:33+05:30,989.3,140,988.08,614704,263334.0,290704.0,986.2,992.9,981.3,986.2,117915750,1084.8,887.6,1102.5,649.1,988.9,750,1,988.8,1792,4,988.7,2809,6,988.6,1076,9,988.5,3023,12,989.3,526,2,989.4,650,4,989.5,760,9,989.6,2302,15,989.7,2507,24
317,2025-11-26 09:22:33+05:30,989.3,140,988.08,614704,263334.0,290704.0,986.2,992.9,981.3,986.2,117915750,1084.8,887.6,1102.5,649.1,988.9,750,1,988.8,1792,4,988.7,2809,6,988.6,1076,9,988.5,3023,12,989.3,526,2,989.4,650,4,989.5,760,9,989.6,2302,15,989.7,2507,24
317,2025-11-26 09:22:34+05:30,989.0,49,988.09,615893,261674.0,289262.0,986.2,992.9,981.3,986.2,117915750,1084.8,887.6,1102.5,649.1,988.8,1754,5,988.7,1532,6,988.6,3026,10,988.5,1708,15,988.4,2927,12,989.3,26,4,989.4,771,5,989.5,786,6,989.6,1644,13,989.7,2008,23
317,2025-11-26 09:22:34+05:30,989.3,11,988.09,615893,261674.0,289262.0,986.2,992.9,981.3,986.2,117915750,1084.8,887.6,1102.5,649.1,988.8,1754,5,988.7,1532,6,988.6,3026,10,988.5,1708,15,988.4,2927,12,989.3,26,4,989.4,771,5,989.5,786,6,989.6,1644,13,989.7,2008,23
317,2025-11-26 09:22:35+05:30,988.9,55,988.09,616321,262503.0,289355.0,986.2,992.9,981.3,986.2,117915750,1084.8,887.6,1102.5,649.1,988.9,190,2,988.8,3276,12,988.7,1563,6,988.6,3149,12,988.5,1615,16,989.3,21,2,989.4,650,4,989.5,566,6,989.6,1784,15,989.7,2103,22
317,2025-11-26 09:22:35+05:30,988.9,55,988.09,616321,262503.0,289355.0,986.2,992.9,981.3,986.2,117915750,1084.8,887.6,1102.5,649.1,988.9,190,2,988.8,3276,12,988.7,1563,6,988.6,3149,12,988.5,1615,16,989.3,21,2,989.4,650,4,989.5,566,6,989.6,1784,15,989.7,2103,22
317,2025-11-26 09:22:36+05:30,988.9,77,988.09,616470,264320.0,289723.0,986.2,992.9,981.3,986.2,117915750,1084.8,887.6,1102.5,649.1,988.9,231,2,988.8,2888,9,988.7,1375,6,988.6,3385,12,988.5,1497,17,989.3,206,5,989.4,909,6,989.5,924,7,989.6,1536,14,989.7,2413,18
317,2025-11-26 09:22:36+05:30,988.9,77,988.09,616470,264320.0,289723.0,986.2,992.9,981.3,986.2,117915750,1084.8,887.6,1102.5,649.1,988.9,231,2,988.8,2888,9,988.7,1375,6,988.6,3385,12,988.5,1497,17,989.3,206,5,989.4,909,6,989.5,924,7,989.6,1536,14,989.7,2413,18
317,2025-11-26 09:22:37+05:30,988.9,5,988.09,616475,264134.0,289658.0,986.2,992.9,981.3,986.2,117915750,1084.8,887.6,1102.5,649.1,988.9,240,3,988.8,2481,6,988.7,1375,6,988.6,3385,12,988.5,1699,18,989.3,232,5,989.4,909,6,989.5,1176,8,989.6,1536,14,989.7,2413,18
317,2025-11-26 09:22:37+05:30,988.9,5,988.09,616475,264134.0,289658.0,986.2,992.9,981.3,986.2,117915750,1084.8,887.6,1102.5,649.1,988.9,240,3,988.8,2481,6,988.7,1375,6,988.6,3385,12,988.5,1699,18,989.3,232,5,989.4,909,6,989.5,1176,8,989.6,1536,14,989.7,2413,18
317,2025-11-26 09:22:38+05:30,989.0,18,988.09,616493,261643.0,285022.0,986.2,992.9,981.3,986.2,117915750,1084.8,887.6,1102.5,649.1,989.0,82,1,988.9,50,2,988.8,1088,4,988.7,2125,7,988.6,1766,10,989.3,262,5,989.4,817,5,989.5,1388,10,989.6,1605,15,989.7,2439,20
317,2025-11-26 09:22:38+05:30,989.0,18,988.09,616493,261643.0,285022.0,986.2,992.9,981.3,986.2,117915750,1084.8,887.6,1102.5,649.1,989.0,82,1,988.9,50,2,988.8,1088,4,988.7,2125,7,988.6,1766,10,989.3,262,5,989.4,817,5,989.5,1388,10,989.6,1605,15,989.7,2439,20
317,2025-11-26 09:22:39+05:30,989.3,6,988.09,616499,261629.0,285657.0,986.2,992.9,981.3,986.2,117915750,1084.8,887.6,1102.5,649.1,989.0,596,3,988.8,827,2,988.7,1957,5,988.6,1766,10,988.5,2554,17,989.3,462,5,989.4,1059,7,989.5,1388,10,989.6,1546,15,989.7,2439,20
317,2025-11-26 09:22:39+05:30,989.3,6,988.09,616499,261629.0,285657.0,986.2,992.9,981.3,986.2,117915750,1084.8,887.6,1102.5,649.1,989.0,596,3,988.8,827,2,988.7,1957,5,988.6,1766,10,988.5,2554,17,989.3,462,5,989.4,1059,7,989.5,1388,10,989.6,1546,15,989.7,2439,20
317,2025-11-26 09:22:40+05:30,989.3,1,988.09,616514,264113.0,285759.0,986.2,992.9,981.3,986.2,117915750,1084.8,887.6,1102.5,649.1,989.0,582,3,988.9,252,1,988.8,1256,6,988.7,2956,8,988.6,1937,12,989.2,72,3,989.3,366,7,989.4,737,5,989.5,993,9,989.6,2041,14
317,2025-11-26 09:22:40+05:30,989.3,1,988.09,616514,264113.0,285759.0,986.2,992.9,981.3,986.2,117915750,1084.8,887.6,1102.5,649.1,989.0,582,3,988.9,252,1,988.8,1256,6,988.7,2956,8,988.6,1937,12,989.2,72,3,989.3,366,7,989.4,737,5,989.5,993,9,989.6,2041,14
317,2025-11-26 09:22:41+05:30,989.3,1,988.09,616514,263249.0,285769.0,986.2,992.9,981.3,986.2,117915750,1084.8,887.6,1102.5,649.1,989.0,582,3,988.8,1084,2,988.7,2105,6,988.6,1763,10,988.5,4171,20,989.2,42,1,989.3,446,5,989.4,983,7,989.5,872,8,989.6,2146,21
317,2025-11-26 09:22:42+05:30,989.3,1,988.09,616514,263249.0,285769.0,986.2,992.9,981.3,986.2,117915750,1084.8,887.6,1102.5,649.1,989.0,582,3,988.8,1084,2,988.7,2105,6,988.6,1763,10,988.5,4171,20,989.2,42,1,989.3,446,5,989.4,983,7,989.5,872,8,989.6,2146,21
317,2025-11-26 09:22:42+05:30,989.3,1,988.09,617937,264054.0,283205.0,986.2,992.9,981.3,986.2,117915750,1084.8,887.6,1102.5,649.1,989.3,48,1,989.1,202,1,989.0,584,4,988.9,2149,4,988.8,2013,10,989.4,164,2,989.5,271,3,989.6,831,7,989.7,904,8,989.8,1699,12
317,2025-11-26 09:22:43+05:30,989.1,124,988.09,617937,264054.0,283205.0,986.2,992.9,981.3,986.2,117915750,1084.8,887.6,1102.5,649.1,989.3,48,1,989.1,202,1,989.0,584,4,988.9,2149,4,988.8,2013,10,989.4,164,2,989.5,271,3,989.6,831,7,989.7,904,8,989.8,1699,12
317,2025-11-26 09:22:43+05:30,989.1,124,988.09,618236,262835.0,284520.0,986.2,992.9,981.3,986.2,117915750,1084.8,887.6,1102.5,649.1,989.0,820,3,988.9,892,3,988.8,2761,10,988.7,1519,8,988.6,1605,12,989.4,350,4,989.5,488,5,989.6,1075,10,989.7,908,10,989.8,2306,16
317,2025-11-26 09:22:44+05:30,989.0,28,988.09,618236,262835.0,284520.0,986.2,992.9,981.3,986.2,117915750,1084.8,887.6,1102.5,649.1,989.0,820,3,988.9,892,3,988.8,2761,10,988.7,1519,8,988.6,1605,12,989.4,350,4,989.5,488,5,989.6,1075,10,989.7,908,10,989.8,2306,16
317,2025-11-26 09:22:44+05:30,989.0,28,988.09,618383,263349.0,283942.0,986.2,992.9,981.3,986.2,117915750,1084.8,887.6,1102.5,649.1,989.1,63,1,989.0,673,2,988.9,937,3,988.8,2769,10,988.7,1504,7,989.4,204,3,989.5,572,4,989.6,933,10,989.7,1450,12,989.8,2295,18
317,2025-11-26 09:22:45+05:30,989.1,28,988.09,618383,263349.0,283942.0,986.2,992.9,981.3,986.2,117915750,1084.8,887.6,1102.5,649.1,989.1,63,1,989.0,673,2,988.9,937,3,988.8,2769,10,988.7,1504,7,989.4,204,3,989.5,572,4,989.6,933,10,989.7,1450,12,989.8,2295,18
317,2025-11-26 09:22:45+05:30,989.1,28,988.09,618411,267704.0,283947.0,986.2,992.9,981.3,986.2,117915750,1084.8,887.6,1102.5,649.1,989.1,85,1,989.0,792,4,988.9,2067,6,988.8,2019,8,988.7,3030,11,989.3,45,2,989.4,160,2,989.5,572,4,989.6,407,5,989.7,1129,11
317,2025-11-26 09:22:46+05:30,989.3,1,988.09,618411,267704.0,283947.0,986.2,992.9,981.3,986.2,117915750,1084.8,887.6,1102.5,649.1,989.1,85,1,989.0,792,4,988.9,2067,6,988.8,2019,8,988.7,3030,11,989.3,45,2,989.4,160,2,989.5,572,4,989.6,407,5,989.7,1129,11
317,2025-11-26 09:22:47+05:30,989.3,1,988.09,618433,266487.0,284496.0,986.2,992.9,981.3,986.2,117915750,1084.8,887.6,1102.5,649.1,989.1,85,1,989.0,693,3,988.9,597,4,988.8,3096,12,988.7,2254,8,989.4,160,2,989.5,318,3,989.6,699,7,989.7,1384,10,989.8,2225,17
317,2025-11-26 09:22:48+05:30,989.3,1,988.09,618433,271664.0,283799.0,986.2,992.9,981.3,986.2,117915750,1084.8,887.6,1102.5,649.1,989.1,270,3,989.0,3933,11,988.9,2312,9,988.8,3220,10,988.7,528,7,989.4,160,2,989.5,116,2,989.6,53,1,989.7,611,8,989.8,1389,14
317,2025-11-26 09:22:49+05:30,989.4,1,988.09,618439,272457.0,283715.0,986.2,992.9,981.3,986.2,117915750,1084.8,887.6,1102.5,649.1,989.3,195,1,989.1,370,4,989.0,3806,11,988.9,2312,9,988.8,3618,14,989.4,159,2,989.5,116,2,989.6,26,1,989.7,541,7,989.8,1182,12
317,2025-11-26 09:22:49+05:30,989.4,1,988.09,618439,272457.0,283715.0,986.2,992.9,981.3,986.2,117915750,1084.8,887.6,1102.5,649.1,989.3,195,1,989.1,370,4,989.0,3806,11,988.9,2312,9,988.8,3618,14,989.4,159,2,989.5,116,2,989.6,26,1,989.7,541,7,989.8,1182,12
317,2025-11-26 09:22:50+05:30,989.4,1,988.09,618439,269301.0,283883.0,986.2,992.9,981.3,986.2,117915750,1084.8,887.6,1102.5,649.1,989.3,234,3,989.1,172,3,989.0,1469,7,988.9,2300,10,988.8,3592,12,989.4,183,3,989.5,116,2,989.7,637,8,989.8,1251,13,989.9,2989,19
317,2025-11-26 09:22:51+05:30,989.4,1,988.09,618440,273096.0,284262.0,986.2,992.9,981.3,986.2,117915750,1084.8,887.6,1102.5,649.1,989.3,234,3,989.2,1252,2,989.1,172,3,989.0,1469,7,988.9,2300,10,989.4,182,3,989.5,116,2,989.7,714,8,989.8,1251,13,989.9,2989,19
317,2025-11-26 09:22:51+05:30,989.4,1,988.09,618440,273096.0,284262.0,986.2,992.9,981.3,986.2,117915750,1084.8,887.6,1102.5,649.1,989.3,234,3,989.2,1252,2,989.1,172,3,989.0,1469,7,988.9,2300,10,989.4,182,3,989.5,116,2,989.7,714,8,989.8,1251,13,989.9,2989,19
317,2025-11-26 09:22:52+05:30,989.4,1,988.09,618440,276568.0,284312.0,986.2,992.9,981.3,986.2,117915750,1084.8,887.6,1102.5,649.1,989.3,234,3,989.2,1252,2,989.1,315,4,989.0,3979,12,988.9,2342,10,989.4,182,3,989.5,116,2,989.7,714,8,989.8,1251,13,989.9,2534,20
317,2025-11-26 09:22:52+05:30,989.4,28,988.09,618440,276568.0,284312.0,986.2,992.9,981.3,986.2,117915750,1084.8,887.6,1102.5,649.1,989.3,234,3,989.2,1252,2,989.1,315,4,989.0,3979,12,988.9,2342,10,989.4,182,3,989.5,116,2,989.7,714,8,989.8,1251,13,989.9,2534,20
317,2025-11-26 09:22:53+05:30,989.4,28,988.09,618650,275279.0,283009.0,986.2,992.9,981.3,986.2,117915750,1084.8,887.6,1102.5,649.1,989.3,234,3,989.2,1252,2,989.1,172,3,989.0,3578,9,988.9,2433,12,989.4,132,2,989.5,116,2,989.6,98,1,989.7,504,6,989.8,1776,14
317,2025-11-26 09:22:54+05:30,989.2,44,988.09,619176,270026.0,287900.0,986.2,992.9,981.3,986.2,117915750,1084.8,887.6,1102.5,649.1,989.2,708,1,989.1,1,1,989.0,793,4,988.9,598,6,988.8,3057,11,989.4,140,3,989.5,573,6,989.6,982,12,989.7,1284,8,989.8,1688,15
317,2025-11-26 09:22:54+05:30,989.4,1,988.09,619176,270026.0,287900.0,986.2,992.9,981.3,986.2,117915750,1084.8,887.6,1102.5,649.1,989.2,708,1,989.1,1,1,989.0,793,4,988.9,598,6,988.8,3057,11,989.4,140,3,989.5,573,6,989.6,982,12,989.7,1284,8,989.8,1688,15
317,2025-11-26 09:22:55+05:30,989.2,98,988.09,619380,273625.0,287087.0,986.2,992.9,981.3,986.2,117915750,1084.8,887.6,1102.5,649.1,989.2,605,1,989.1,265,3,989.0,1568,8,988.9,2172,9,988.8,2574,11,989.4,35,4,989.5,259,3,989.6,616,7,989.7,988,6,989.8,1278,13
317,2025-11-26 09:22:55+05:30,989.2,98,988.09,619380,273625.0,287087.0,986.2,992.9,981.3,986.2,117915750,1084.8,887.6,1102.5,649.1,989.2,605,1,989.1,265,3,989.0,1568,8,988.9,2172,9,988.8,2574,11,989.4,35,4,989.5,259,3,989.6,616,7,989.7,988,6,989.8,1278,13
317,2025-11-26 09:22:56+05:30,989.4,1,988.09,619427,273611.0,286781.0,986.2,992.9,981.3,986.2,117915750,1084.8,887.6,1102.5,649.1,989.2,563,1,989.1,265,3,989.0,795,5,988.9,2326,10,988.8,3149,12,989.4,33,4,989.5,116,2,989.6,531,4,989.7,1016,7,989.8,1162,12
317,2025-11-26 09:22:56+05:30,989.2,1,988.09,619427,273611.0,286781.0,986.2,992.9,981.3,986.2,117915750,1084.8,887.6,1102.5,649.1,989.2,563,1,989.1,265,3,989.0,795,5,988.9,2326,10,988.8,3149,12,989.4,33,4,989.5,116,2,989.6,531,4,989.7,1016,7,989.8,1162,12
317,2025-11-26 09:22:57+05:30,989.4,1,988.09,619427,273611.0,286781.0,986.2,992.9,981.3,986.2,117915750,1084.8,887.6,1102.5,649.1,989.2,563,1,989.1,265,3,989.0,795,5,988.9,2326,10,988.8,3149,12,989.4,33,4,989.5,116,2,989.6,531,4,989.7,1016,7,989.8,1162,12
317,2025-11-26 09:22:57+05:30,989.4,1,988.09,619429,273593.0,286876.0,986.2,992.9,981.3,986.2,117915750,1084.8,887.6,1102.5,649.1,989.2,575,2,989.1,265,3,989.0,911,6,988.9,2210,9,988.8,3149,12,989.4,71,5,989.5,116,2,989.6,443,4,989.7,986,6,989.8,1192,13
317,2025-11-26 09:22:58+05:30,989.4,1,988.09,619429,278180.0,285827.0,986.2,992.9,981.3,986.2,117915750,1084.8,887.6,1102.5,649.1,989.2,3842,9,989.1,1257,6,989.0,2917,18,988.9,2055,7,988.8,2322,10,989.4,71,5,989.5,116,2,989.6,108,2,989.8,1600,12,989.9,2487,19
317,2025-11-26 09:22:59+05:30,989.4,10,988.09,619429,278180.0,285827.0,986.2,992.9,981.3,986.2,117915750,1084.8,887.6,1102.5,649.1,989.2,3842,9,989.1,1257,6,989.0,2917,18,988.9,2055,7,988.8,2322,10,989.4,71,5,989.5,116,2,989.6,108,2,989.8,1600,12,989.9,2487,19
317,2025-11-26 09:22:59+05:30,989.4,10,988.09,619439,278546.0,285881.0,986.2,992.9,981.3,986.2,117915750,1084.8,887.6,1102.5,649.1,989.2,3843,10,989.1,1452,8,989.0,2262,18,988.9,1305,6,988.8,3822,12,989.4,61,5,989.5,116,2,989.6,108,2,989.8,1650,13,989.9,2501,20
317,2025-11-26 09:23:00+05:30,989.4,10,988.09,619439,277922.0,286192.0,986.2,992.9,981.3,986.2,117915750,1084.8,887.6,1102.5,649.1,989.3,11,1,989.2,3582,9,989.1,1095,4,989.0,1843,15,988.9,1558,8,989.4,61,5,989.5,116,2,989.6,121,3,989.7,346,2,989.8,1636,12
317,2025-11-26 09:23:01+05:30,989.3,5,988.09,619439,277922.0,286192.0,986.2,992.9,981.3,986.2,117915750,1084.8,887.6,1102.5,649.1,989.3,11,1,989.2,3582,9,989.1,1095,4,989.0,1843,15,988.9,1558,8,989.4,61,5,989.5,116,2,989.6,121,3,989.7,346,2,989.8,1636,12
317,2025-11-26 09:23:01+05:30,989.4,4,988.09,619544,278092.0,286155.0,986.2,992.9,981.3,986.2,117915750,1084.8,887.6,1102.5,649.1,989.3,6,1,989.2,3359,7,989.1,1330,6,989.0,1886,12,988.9,1657,13,989.4,24,1,989.5,116,2,989.6,108,2,989.7,346,2,989.8,1625,13
317,2025-11-26 09:23:02+05:30,989.6,280,988.09,619544,278092.0,286155.0,986.2,992.9,981.3,986.2,117915750,1084.8,887.6,1102.5,649.1,989.3,6,1,989.2,3359,7,989.1,1330,6,989.0,1886,12,988.9,1657,13,989.4,24,1,989.5,116,2,989.6,108,2,989.7,346,2,989.8,1625,13
317,2025-11-26 09:23:02+05:30,989.6,280,988.09,620322,279394.0,283663.0,986.2,992.9,981.3,986.2,117915750,1084.8,887.6,1102.5,649.1,989.3,51,2,989.2,4199,14,989.1,2037,11,989.0,2092,14,988.9,1864,15,989.5,5,1,989.6,163,2,989.7,86,1,989.8,247,6,989.9,1012,11
317,2025-11-26 09:23:03+05:30,989.6,5,988.09,620322,279394.0,283663.0,986.2,992.9,981.3,986.2,117915750,1084.8,887.6,1102.5,649.1,989.3,51,2,989.2,4199,14,989.1,2037,11,989.0,2092,14,988.9,1864,15,989.5,5,1,989.6,163,2,989.7,86,1,989.8,247,6,989.9,1012,11
317,2025-11-26 09:23:04+05:30,989.2,31,988.09,620505,278831.0,285544.0,986.2,992.9,981.3,986.2,117915750,1084.8,887.6,1102.5,649.1,989.3,927,3,989.2,3614,9,989.1,1906,10,989.0,2244,15,988.9,1925,17,989.6,158,2,989.7,86,1,989.8,528,7,989.9,1109,13,990.0,2059,26
317,2025-11-26 09:23:04+05:30,989.2,31,988.09,620505,278831.0,285544.0,986.2,992.9,981.3,986.2,117915750,1084.8,887.6,1102.5,649.1,989.3,927,3,989.2,3614,9,989.1,1906,10,989.0,2244,15,988.9,1925,17,989.6,158,2,989.7,86,1,989.8,528,7,989.9,1109,13,990.0,2059,26
317,2025-11-26 09:23:05+05:30,989.6,8,988.09,620513,278834.0,285823.0,986.2,992.9,981.3,986.2,117915750,1084.8,887.6,1102.5,649.1,989.5,1,1,989.4,100,1,989.3,813,3,989.2,3616,10,989.1,1894,9,989.6,109,2,989.7,257,3,989.8,750,9,989.9,1002,12,990.0,2059,26
317,2025-11-26 09:23:05+05:30,989.4,12,988.09,620513,278834.0,285823.0,986.2,992.9,981.3,986.2,117915750,1084.8,887.6,1102.5,649.1,989.5,1,1,989.4,100,1,989.3,813,3,989.2,3616,10,989.1,1894,9,989.6,109,2,989.7,257,3,989.8,750,9,989.9,1002,12,990.0,2059,26
317,2025-11-26 09:23:06+05:30,989.4,12,988.09,620526,279394.0,285939.0,986.2,992.9,981.3,986.2,117915750,1084.8,887.6,1102.5,649.1,989.4,88,1,989.3,813,3,989.2,3616,10,989.1,1894,9,989.0,2244,15,989.6,199,3,989.7,257,3,989.8,560,8,989.9,1144,14,990.0,2176,28
317,2025-11-26 09:23:06+05:30,989.4,50,988.09,620526,279394.0,285939.0,986.2,992.9,981.3,986.2,117915750,1084.8,887.6,1102.5,649.1,989.4,88,1,989.3,813,3,989.2,3616,10,989.1,1894,9,989.0,2244,15,989.6,199,3,989.7,257,3,989.8,560,8,989.9,1144,14,990.0,2176,28
317,2025-11-26 09:23:07+05:30,989.3,13,988.09,620681,277882.0,285660.0,986.2,992.9,981.3,986.2,117915750,1084.8,887.6,1102.5,649.1,989.3,1373,6,989.2,3616,10,989.1,2240,8,989.0,4390,17,988.9,923,15,989.7,257,3,989.8,533,7,989.9,1029,13,990.0,1498,24,990.1,2112,22
317,2025-11-26 09:23:07+05:30,989.3,13,988.09,620681,277882.0,285660.0,986.2,992.9,981.3,986.2,117915750,1084.8,887.6,1102.5,649.1,989.3,1373,6,989.2,3616,10,989.1,2240,8,989.0,4390,17,988.9,923,15,989.7,257,3,989.8,533,7,989.9,1029,13,990.0,1498,24,990.1,2112,22
317,2025-11-26 09:23:08+05:30,989.3,16,988.09,620757,277298.0,286069.0,986.2,992.9,981.3,986.2,117915750,1084.8,887.6,1102.5,649.1,989.3,770,2,989.2,2866,9,989.1,1692,8,989.0,2894,16,988.9,2761,18,989.7,432,6,989.8,532,7,989.9,1035,14,990.0,2067,27,990.1,2434,21
317,2025-11-26 09:23:08+05:30,989.3,16,988.09,620757,277298.0,286069.0,986.2,992.9,981.3,986.2,117915750,1084.8,887.6,1102.5,649.1,989.3,770,2,989.2,2866,9,989.1,1692,8,989.0,2894,16,988.9,2761,18,989.7,432,6,989.8,532,7,989.9,1035,14,990.0,2067,27,990.1,2434,21
317,2025-11-26 09:23:09+05:30,989.3,13,988.09,620770,277294.0,286099.0,986.2,992.9,981.3,986.2,117915750,1084.8,887.6,1102.5,649.1,989.3,928,3,989.2,2973,10,989.1,2240,8,989.0,3644,17,988.9,2011,17,989.7,217,3,989.8,639,8,989.9,1679,16,990.0,2041,25,990.1,2460,23
317,2025-11-26 09:23:09+05:30,989.3,1,988.09,620770,277294.0,286099.0,986.2,992.9,981.3,986.2,117915750,1084.8,887.6,1102.5,649.1,989.3,928,3,989.2,2973,10,989.1,2240,8,989.0,3644,17,988.9,2011,17,989.7,217,3,989.8,639,8,989.9,1679,16,990.0,2041,25,990.1,2460,23
317,2025-11-26 09:23:10+05:30,989.3,1,988.09,620771,277228.0,285960.0,986.2,992.9,981.3,986.2,117915750,1084.8,887.6,1102.5,649.1,989.3,927,3,989.2,2864,8,989.1,1597,8,989.0,2896,17,988.9,3476,18,989.7,74,2,989.8,651,8,989.9,1035,14,990.0,2041,25,990.1,2460,23
317,2025-11-26 09:23:11+05:30,989.3,44,988.09,620818,277445.0,285461.0,986.2,992.9,981.3,986.2,117915750,1084.8,887.6,1102.5,649.1,989.3,896,4,989.2,2966,9,989.1,1592,8,989.0,2896,17,988.9,3381,18,989.7,213,3,989.8,549,7,989.9,1025,13,990.0,1546,24,990.1,2450,22
317,2025-11-26 09:23:11+05:30,989.3,44,988.09,620818,277445.0,285461.0,986.2,992.9,981.3,986.2,117915750,1084.8,887.6,1102.5,649.1,989.3,896,4,989.2,2966,9,989.1,1592,8,989.0,2896,17,988.9,3381,18,989.7,213,3,989.8,549,7,989.9,1025,13,990.0,1546,24,990.1,2450,22
317,2025-11-26 09:23:12+05:30,989.3,13,988.09,620866,277414.0,285476.0,986.2,992.9,981.3,986.2,117915750,1084.8,887.6,1102.5,649.1,989.3,849,4,989.2,2864,8,989.1,1694,9,989.0,2896,17,988.9,3397,18,989.7,212,3,989.8,549,7,989.9,1025,13,990.0,1546,24,990.1,2450,22
317,2025-11-26 09:23:12+05:30,989.3,13,988.09,620866,277414.0,285476.0,986.2,992.9,981.3,986.2,117915750,1084.8,887.6,1102.5,649.1,989.3,849,4,989.2,2864,8,989.1,1694,9,989.0,2896,17,988.9,3397,18,989.7,212,3,989.8,549,7,989.9,1025,13,990.0,1546,24,990.1,2450,22
317,2025-11-26 09:23:13+05:30,989.4,13,988.09,620884,276431.0,285085.0,986.2,992.9,981.3,986.2,117915750,1084.8,887.6,1102.5,649.1,989.6,200,1,989.3,920,5,989.2,2865,8,989.1,2760,13,989.0,2838,15,989.7,28,1,989.8,177,4,989.9,686,10,990.0,1396,21,990.1,1892,20
317,2025-11-26 09:23:13+05:30,989.4,13,988.09,620884,276431.0,285085.0,986.2,992.9,981.3,986.2,117915750,1084.8,887.6,1102.5,649.1,989.6,200,1,989.3,920,5,989.2,2865,8,989.1,2760,13,989.0,2838,15,989.7,28,1,989.8,177,4,989.9,686,10,990.0,1396,21,990.1,1892,20
317,2025-11-26 09:23:14+05:30,989.7,5,988.09,620884,276431.0,285085.0,986.2,992.9,981.3,986.2,117915750,1084.8,887.6,1102.5,649.1,989.6,200,1,989.3,920,5,989.2,2865,8,989.1,2760,13,989.0,2838,15,989.7,28,1,989.8,177,4,989.9,686,10,990.0,1396,21,990.1,1892,20
317,2025-11-26 09:23:14+05:30,989.7,5,988.09,620960,276256.0,286408.0,986.2,992.9,981.3,986.2,117915750,1084.8,887.6,1102.5,649.1,989.6,142,2,989.3,996,5,989.2,2865,8,989.1,2658,12,989.0,2181,15,989.7,23,1,989.8,177,4,989.9,1116,13,990.0,1451,24,990.1,2366,19
317,2025-11-26 09:23:15+05:30,989.6,13,988.09,620960,276256.0,286408.0,986.2,992.9,981.3,986.2,117915750,1084.8,887.6,1102.5,649.1,989.6,142,2,989.3,996,5,989.2,2865,8,989.1,2658,12,989.0,2181,15,989.7,23,1,989.8,177,4,989.9,1116,13,990.0,1451,24,990.1,2366,19
317,2025-11-26 09:23:15+05:30,989.6,13,988.1,621113,275247.0,285148.0,986.2,992.9,981.3,986.2,117915750,1084.8,887.6,1102.5,649.1,989.6,114,2,989.4,511,6,989.3,1839,8,989.2,2948,8,989.1,2594,11,989.8,134,4,989.9,293,7,990.0,990,14,990.1,1748,20,990.2,1288,12
317,2025-11-26 09:23:16+05:30,989.7,26,988.1,621113,275247.0,285148.0,986.2,992.9,981.3,986.2,117915750,1084.8,887.6,1102.5,649.1,989.6,114,2,989.4,511,6,989.3,1839,8,989.2,2948,8,989.1,2594,11,989.8,134,4,989.9,293,7,990.0,990,14,990.1,1748,20,990.2,1288,12
317,2025-11-26 09:23:16+05:30,989.7,26,988.1,621139,274604.0,285652.0,986.2,992.9,981.3,986.2,117915750,1084.8,887.6,1102.5,649.1,989.7,78,1,989.6,114,2,989.5,750,1,989.4,1146,6,989.3,1623,7,989.8,78,3,989.9,461,7,990.0,926,13,990.1,1654,22,990.2,1281,10
317,2025-11-26 09:23:17+05:30,989.7,13,988.1,621139,274604.0,285652.0,986.2,992.9,981.3,986.2,117915750,1084.8,887.6,1102.5,649.1,989.7,78,1,989.6,114,2,989.5,750,1,989.4,1146,6,989.3,1623,7,989.8,78,3,989.9,461,7,990.0,926,13,990.1,1654,22,990.2,1281,10
317,2025-11-26 09:23:17+05:30,989.7,13,988.1,621152,275276.0,286306.0,986.2,992.9,981.3,986.2,117915750,1084.8,887.6,1102.5,649.1,989.7,78,2,989.6,101,1,989.5,750,1,989.4,521,4,989.3,1433,7,989.8,89,4,989.9,702,9,990.0,1128,14,990.1,1725,23,990.2,1380,11
317,2025-11-26 09:23:18+05:30,989.7,13,988.1,621152,281760.0,285918.0,986.2,992.9,981.3,986.2,117915750,1084.8,887.6,1102.5,649.1,989.7,78,2,989.6,101,1,989.4,1145,6,989.3,2891,9,989.2,2775,10,989.8,90,5,989.9,601,8,990.0,992,14,990.1,1641,22,990.2,796,9
317,2025-11-26 09:23:19+05:30,989.8,1,988.1,621152,281760.0,285918.0,986.2,992.9,981.3,986.2,117915750,1084.8,887.6,1102.5,649.1,989.7,78,2,989.6,101,1,989.4,1145,6,989.3,2891,9,989.2,2775,10,989.8,90,5,989.9,601,8,990.0,992,14,990.1,1641,22,990.2,796,9
317,2025-11-26 09:23:19+05:30,989.8,1,988.1,621287,281553.0,286203.0,986.2,992.9,981.3,986.2,117915750,1084.8,887.6,1102.5,649.1,989.7,33,2,989.6,101,1,989.4,1062,5,989.3,2893,10,989.2,2796,10,989.8,88,4,989.9,601,8,990.0,1091,15,990.1,1740,23,990.2,879,10
317,2025-11-26 09:23:20+05:30,989.7,1,988.1,621287,281553.0,286203.0,986.2,992.9,981.3,986.2,117915750,1084.8,887.6,1102.5,649.1,989.7,33,2,989.6,101,1,989.4,1062,5,989.3,2893,10,989.2,2796,10,989.8,88,4,989.9,601,8,990.0,1091,15,990.1,1740,23,990.2,879,10
317,2025-11-26 09:23:21+05:30,989.7,10,988.1,621347,286424.0,285518.0,986.2,992.9,981.3,986.2,117915750,1084.8,887.6,1102.5,649.1,989.6,851,2,989.4,619,5,989.3,2178,11,989.2,4337,15,989.1,2087,14,989.7,91,1,989.8,88,4,989.9,601,8,990.0,789,13,990.1,1890,23
317,2025-11-26 09:23:21+05:30,989.7,10,988.1,621347,286424.0,285518.0,986.2,992.9,981.3,986.2,117915750,1084.8,887.6,1102.5,649.1,989.6,851,2,989.4,619,5,989.3,2178,11,989.2,4337,15,989.1,2087,14,989.7,91,1,989.8,88,4,989.9,601,8,990.0,789,13,990.1,1890,23
317,2025-11-26 09:23:22+05:30,989.7,10,988.1,621517,287957.0,285099.0,986.2,992.9,981.3,986.2,117915750,1084.8,887.6,1102.5,649.1,989.6,1191,2,989.4,860,7,989.3,3130,13,989.2,4337,15,989.1,2087,14,989.7,81,1,989.8,88,4,989.9,444,7,990.0,545,11,990.1,1744,22
317,2025-11-26 09:23:22+05:30,989.8,4,988.1,621517,287957.0,285099.0,986.2,992.9,981.3,986.2,117915750,1084.8,887.6,1102.5,649.1,989.6,1191,2,989.4,860,7,989.3,3130,13,989.2,4337,15,989.1,2087,14,989.7,81,1,989.8,88,4,989.9,444,7,990.0,545,11,990.1,1744,22
317,2025-11-26 09:23:23+05:30,989.8,4,988.1,622220,286229.0,285668.0,986.2,992.9,981.3,986.2,117915750,1084.8,887.6,1102.5,649.1,989.7,1,1,989.6,500,1,989.4,520,4,989.3,2177,10,989.2,4337,15,989.8,114,4,989.9,612,8,990.0,1441,15,990.1,1581,17,990.2,1437,14
317,2025-11-26 09:23:23+05:30,989.6,10,988.1,622220,286229.0,285668.0,986.2,992.9,981.3,986.2,117915750,1084.8,887.6,1102.5,649.1,989.7,1,1,989.6,500,1,989.4,520,4,989.3,2177,10,989.2,4337,15,989.8,114,4,989.9,612,8,990.0,1441,15,990.1,1581,17,990.2,1437,14
317,2025-11-26 09:23:24+05:30,989.6,130,988.1,622438,286858.0,285885.0,986.2,992.9,981.3,986.2,117915750,1084.8,887.6,1102.5,649.1,989.6,283,1,989.4,520,4,989.3,2116,8,989.2,4337,15,989.1,2330,15,989.8,19,3,989.9,514,7,990.0,1116,17,990.1,1586,18,990.2,977,15
317,2025-11-26 09:23:24+05:30,989.3,5,988.1,622438,286858.0,285885.0,986.2,992.9,981.3,986.2,117915750,1084.8,887.6,1102.5,649.1,989.6,283,1,989.4,520,4,989.3,2116,8,989.2,4337,15,989.1,2330,15,989.8,19,3,989.9,514,7,990.0,1116,17,990.1,1586,18,990.2,977,15
317,2025-11-26 09:23:25+05:30,989.6,13,988.1,623734,272366.0,289753.0,986.2,992.9,981.3,986.2,117915750,1084.8,887.6,1102.5,649.1,989.3,183,3,989.2,485,1,989.1,449,4,989.0,2279,10,988.9,2742,19,989.6,459,8,989.7,652,6,989.8,933,10,989.9,1296,16,990.0,2429,22
317,2025-11-26 09:23:25+05:30,990.0,21,988.1,623734,272366.0,289753.0,986.2,992.9,981.3,986.2,117915750,1084.8,887.6,1102.5,649.1,989.3,183,3,989.2,485,1,989.1,449,4,989.0,2279,10,988.9,2742,19,989.6,459,8,989.7,652,6,989.8,933,10,989.9,1296,16,990.0,2429,22
317,2025-11-26 09:23:26+05:30,990.0,61,988.12,630580,279086.0,274111.0,986.2,992.9,981.3,986.2,117915750,1084.8,887.6,1102.5,649.1,990.0,87,1,989.9,715,6,989.8,667,6,989.7,3821,10,989.6,2194,8,990.4,93,2,990.5,449,4,990.6,303,3,990.7,843,8,990.8,2190,17
317,2025-11-26 09:23:26+05:30,989.8,28,988.12,630580,279086.0,274111.0,986.2,992.9,981.3,986.2,117915750,1084.8,887.6,1102.5,649.1,990.0,87,1,989.9,715,6,989.8,667,6,989.7,3821,10,989.6,2194,8,990.4,93,2,990.5,449,4,990.6,303,3,990.7,843,8,990.8,2190,17
317,2025-11-26 09:23:27+05:30,989.7,11,988.13,633305,276537.0,278362.0,986.2,992.9,981.3,986.2,117915750,1084.8,887.6,1102.5,649.1,989.7,295,3,989.6,630,6,989.5,2330,10,989.4,2360,8,989.3,1174,10,990.2,74,1,990.3,846,4,990.4,856,12,990.5,2103,17,990.6,1598,12
317,2025-11-26 09:23:27+05:30,989.7,99,988.13,633305,276537.0,278362.0,986.2,992.9,981.3,986.2,117915750,1084.8,887.6,1102.5,649.1,989.7,295,3,989.6,630,6,989.5,2330,10,989.4,2360,8,989.3,1174,10,990.2,74,1,990.3,846,4,990.4,856,12,990.5,2103,17,990.6,1598,12
317,2025-11-26 09:23:28+05:30,990.0,5,988.13,634174,276630.0,281637.0,986.2,992.9,981.3,986.2,117915750,1084.8,887.6,1102.5,649.1,989.4,983,8,989.3,2578,11,989.2,2809,12,989.1,2630,15,989.0,2104,16,990.0,165,3,990.1,440,7,990.2,730,6,990.3,1527,12,990.4,2318,21
317,2025-11-26 09:23:28+05:30,990.0,5,988.13,634174,276630.0,281637.0,986.2,992.9,981.3,986.2,117915750,1084.8,887.6,1102.5,649.1,989.4,983,8,989.3,2578,11,989.2,2809,12,989.1,2630,15,989.0,2104,16,990.0,165,3,990.1,440,7,990.2,730,6,990.3,1527,12,990.4,2318,21
317,2025-11-26 09:23:29+05:30,989.5,15,988.13,634174,276630.0,281637.0,986.2,992.9,981.3,986.2,117915750,1084.8,887.6,1102.5,649.1,989.4,983,8,989.3,2578,11,989.2,2809,12,989.1,2630,15,989.0,2104,16,990.0,165,3,990.1,440,7,990.2,730,6,990.3,1527,12,990.4,2318,21
317,2025-11-26 09:23:29+05:30,989.5,15,988.13,634573,280388.0,284092.0,986.2,992.9,981.3,986.2,117915750,1084.8,887.6,1102.5,649.1,989.4,389,3,989.3,2745,9,989.2,1901,9,989.1,3467,16,989.0,2833,16,989.8,98,1,989.9,336,4,990.0,1306,8,990.1,828,12,990.2,670,9
317,2025-11-26 09:23:30+05:30,989.9,5,988.13,634573,280388.0,284092.0,986.2,992.9,981.3,986.2,117915750,1084.8,887.6,1102.5,649.1,989.4,389,3,989.3,2745,9,989.2,1901,9,989.1,3467,16,989.0,2833,16,989.8,98,1,989.9,336,4,990.0,1306,8,990.1,828,12,990.2,670,9
317,2025-11-26 09:23:30+05:30,989.9,5,988.13,634767,282557.0,283119.0,986.2,992.9,981.3,986.2,117915750,1084.8,887.6,1102.5,649.1,989.8,10,1,989.6,242,2,989.5,2238,8,989.4,3400,9,989.3,3234,13,990.0,135,2,990.1,217,4,990.2,697,8,990.3,1981,15,990.4,1650,13
317,2025-11-26 09:23:31+05:30,990.0,5,988.13,634767,282557.0,283119.0,986.2,992.9,981.3,986.2,117915750,1084.8,887.6,1102.5,649.1,989.8,10,1,989.6,242,2,989.5,2238,8,989.4,3400,9,989.3,3234,13,990.0,135,2,990.1,217,4,990.2,697,8,990.3,1981,15,990.4,1650,13
317,2025-11-26 09:23:31+05:30,990.0,5,988.13,635258,279609.0,285687.0,986.2,992.9,981.3,986.2,117915750,1084.8,887.6,1102.5,649.1,989.5,81,2,989.4,2553,8,989.3,2507,11,989.2,2051,11,989.1,2395,14,990.0,2586,11,990.1,742,9,990.2,1074,7,990.3,2674,19,990.4,2131,16
317,2025-11-26 09:23:32+05:30,989.4,94,988.13,635258,279609.0,285687.0,986.2,992.9,981.3,986.2,117915750,1084.8,887.6,1102.5,649.1,989.5,81,2,989.4,2553,8,989.3,2507,11,989.2,2051,11,989.1,2395,14,990.0,2586,11,990.1,742,9,990.2,1074,7,990.3,2674,19,990.4,2131,16
317,2025-11-26 09:23:32+05:30,989.4,94,988.14,636429,281957.0,286342.0,986.2,992.9,981.3,986.2,117915750,1084.8,887.6,1102.5,649.1,989.5,100,1,989.4,2615,9,989.3,2539,12,989.2,4258,12,989.1,1551,13,989.9,78,1,990.0,2669,7,990.1,220,4,990.2,797,12,990.3,2409,20
317,2025-11-26 09:23:33+05:30,989.4,33,988.14,636429,281957.0,286342.0,986.2,992.9,981.3,986.2,117915750,1084.8,887.6,1102.5,649.1,989.5,100,1,989.4,2615,9,989.3,2539,12,989.2,4258,12,989.1,1551,13,989.9,78,1,990.0,2669,7,990.1,220,4,990.2,797,12,990.3,2409,20
317,2025-11-26 09:23:34+05:30,989.4,33,988.14,637839,278405.0,286576.0,986.2,992.9,981.3,986.2,117915750,1084.8,887.6,1102.5,649.1,989.4,650,3,989.3,1054,9,989.2,3498,10,989.1,2078,11,989.0,3186,19,990.0,2843,9,990.1,167,2,990.2,937,14,990.3,2985,24,990.4,1857,18
317,2025-11-26 09:23:34+05:30,989.5,35,988.14,637839,278405.0,286576.0,986.2,992.9,981.3,986.2,117915750,1084.8,887.6,1102.5,649.1,989.4,650,3,989.3,1054,9,989.2,3498,10,989.1,2078,11,989.0,3186,19,990.0,2843,9,990.1,167,2,990.2,937,14,990.3,2985,24,990.4,1857,18
317,2025-11-26 09:23:35+05:30,989.5,35,988.14,637944,278579.0,286337.0,986.2,992.9,981.3,986.2,117915750,1084.8,887.6,1102.5,649.1,989.5,200,1,989.4,90,2,989.3,1166,7,989.2,2966,11,989.1,2626,11,989.9,55,1,990.0,3358,13,990.1,351,4,990.2,1236,13,990.3,2374,21
317,2025-11-26 09:23:35+05:30,989.8,1,988.14,637944,278579.0,286337.0,986.2,992.9,981.3,986.2,117915750,1084.8,887.6,1102.5,649.1,989.5,200,1,989.4,90,2,989.3,1166,7,989.2,2966,11,989.1,2626,11,989.9,55,1,990.0,3358,13,990.1,351,4,990.2,1236,13,990.3,2374,21
317,2025-11-26 09:23:36+05:30,989.8,5,988.14,638223,278247.0,287269.0,986.2,992.9,981.3,986.2,117915750,1084.8,887.6,1102.5,649.1,989.3,153,3,989.2,1341,4,989.1,2580,11,989.0,3223,19,988.9,1840,14,989.8,194,2,989.9,1103,8,990.0,3338,13,990.1,724,9,990.2,1131,17
317,2025-11-26 09:23:36+05:30,989.8,5,988.14,638223,278247.0,287269.0,986.2,992.9,981.3,986.2,117915750,1084.8,887.6,1102.5,649.1,989.3,153,3,989.2,1341,4,989.1,2580,11,989.0,3223,19,988.9,1840,14,989.8,194,2,989.9,1103,8,990.0,3338,13,990.1,724,9,990.2,1131,17
317,2025-11-26 09:23:37+05:30,989.3,52,988.14,638280,278553.0,288978.0,986.2,992.9,981.3,986.2,117915750,1084.8,887.6,1102.5,649.1,989.3,96,3,989.2,584,2,989.1,3316,11,989.0,3223,19,988.9,1840,14,989.7,100,1,989.8,612,5,989.9,1211,10,990.0,3839,15,990.1,1340,11
317,2025-11-26 09:23:37+05:30,989.3,3,988.14,638280,278553.0,288978.0,986.2,992.9,981.3,986.2,117915750,1084.8,887.6,1102.5,649.1,989.3,96,3,989.2,584,2,989.1,3316,11,989.0,3223,19,988.9,1840,14,989.7,100,1,989.8,612,5,989.9,1211,10,990.0,3839,15,990.1,1340,11
317,2025-11-26 09:23:38+05:30,989.4,5,988.14,638396,277201.0,288164.0,986.2,992.9,981.3,986.2,117915750,1084.8,887.6,1102.5,649.1,989.2,1107,3,989.1,3130,11,989.0,3121,17,988.9,1465,9,988.8,2008,12,989.7,87,1,989.8,593,5,989.9,921,10,990.0,3866,13,990.1,1548,12
317,2025-11-26 09:23:38+05:30,989.4,5,988.14,638396,277201.0,288164.0,986.2,992.9,981.3,986.2,117915750,1084.8,887.6,1102.5,649.1,989.2,1107,3,989.1,3130,11,989.0,3121,17,988.9,1465,9,988.8,2008,12,989.7,87,1,989.8,593,5,989.9,921,10,990.0,3866,13,990.1,1548,12
317,2025-11-26 09:23:39+05:30,989.2,13,988.14,638409,276096.0,287896.0,986.2,992.9,981.3,986.2,117915750,1084.8,887.6,1102.5,649.1,989.2,707,3,989.1,603,4,989.0,3218,19,988.9,2315,11,988.8,2793,15,989.7,427,4,989.8,491,5,989.9,1281,15,990.0,4085,16,990.1,2026,17
317,2025-11-26 09:23:39+05:30,989.2,13,988.14,638409,276096.0,287896.0,986.2,992.9,981.3,986.2,117915750,1084.8,887.6,1102.5,649.1,989.2,707,3,989.1,603,4,989.0,3218,19,988.9,2315,11,988.8,2793,15,989.7,427,4,989.8,491,5,989.9,1281,15,990.0,4085,16,990.1,2026,17
317,2025-11-26 09:23:40+05:30,989.7,10,988.14,638462,275940.0,287734.0,986.2,992.9,981.3,986.2,117915750,1084.8,887.6,1102.5,649.1,989.2,686,3,989.1,557,4,989.0,3103,19,988.9,2456,12,988.8,2793,15,989.7,295,3,989.8,609,8,989.9,1273,14,990.0,4029,16,990.1,2031,18
317,2025-11-26 09:23:40+05:30,989.7,10,988.14,638462,275940.0,287734.0,986.2,992.9,981.3,986.2,117915750,1084.8,887.6,1102.5,649.1,989.2,686,3,989.1,557,4,989.0,3103,19,988.9,2456,12,988.8,2793,15,989.7,295,3,989.8,609,8,989.9,1273,14,990.0,4029,16,990.1,2031,18
317,2025-11-26 09:23:41+05:30,989.7,30,988.14,638462,275940.0,287734.0,986.2,992.9,981.3,986.2,117915750,1084.8,887.6,1102.5,649.1,989.2,686,3,989.1,557,4,989.0,3103,19,988.9,2456,12,988.8,2793,15,989.7,295,3,989.8,609,8,989.9,1273,14,990.0,4029,16,990.1,2031,18
317,2025-11-26 09:23:41+05:30,989.7,30,988.14,638492,277607.0,287811.0,986.2,992.9,981.3,986.2,117915750,1084.8,887.6,1102.5,649.1,989.3,235,3,989.2,1079,8,989.1,3348,11,989.0,3019,18,988.9,2382,13,989.7,349,4,989.8,391,4,989.9,1147,10,990.0,4226,17,990.1,2013,17
317,2025-11-26 09:23:42+05:30,989.3,13,988.14,638492,277607.0,287811.0,986.2,992.9,981.3,986.2,117915750,1084.8,887.6,1102.5,649.1,989.3,235,3,989.2,1079,8,989.1,3348,11,989.0,3019,18,988.9,2382,13,989.7,349,4,989.8,391,4,989.9,1147,10,990.0,4226,17,990.1,2013,17
317,2025-11-26 09:23:42+05:30,989.3,13,988.14,638505,277864.0,288450.0,986.2,992.9,981.3,986.2,117915750,1084.8,887.6,1102.5,649.1,989.3,172,3,989.2,883,6,989.1,3544,11,989.0,3006,17,988.9,1619,11,989.7,349,4,989.8,391,4,989.9,1414,17,990.0,4220,17,990.1,2038,19
317,2025-11-26 09:23:43+05:30,989.3,300,988.14,638505,277864.0,288450.0,986.2,992.9,981.3,986.2,117915750,1084.8,887.6,1102.5,649.1,989.3,172,3,989.2,883,6,989.1,3544,11,989.0,3006,17,988.9,1619,11,989.7,349,4,989.8,391,4,989.9,1414,17,990.0,4220,17,990.1,2038,19
317,2025-11-26 09:23:43+05:30,989.3,300,988.14,639111,276959.0,288607.0,986.2,992.9,981.3,986.2,117915750,1084.8,887.6,1102.5,649.1,989.4,1,1,989.3,50,1,989.2,1217,5,989.1,2791,8,989.0,3009,16,989.7,689,7,989.8,689,7,989.9,1405,16,990.0,4220,17,990.1,2028,18
317,2025-11-26 09:23:44+05:30,989.2,16,988.14,639111,276959.0,288607.0,986.2,992.9,981.3,986.2,117915750,1084.8,887.6,1102.5,649.1,989.4,1,1,989.3,50,1,989.2,1217,5,989.1,2791,8,989.0,3009,16,989.7,689,7,989.8,689,7,989.9,1405,16,990.0,4220,17,990.1,2028,18
317,2025-11-26 09:23:44+05:30,989.2,16,988.14,639278,276772.0,288785.0,986.2,992.9,981.3,986.2,117915750,1084.8,887.6,1102.5,649.1,989.2,620,2,989.1,633,4,989.0,3774,18,988.9,2356,11,988.8,2035,13,989.6,568,6,989.7,280,2,989.8,592,7,989.9,1516,17,990.0,4538,17
317,2025-11-26 09:23:45+05:30,989.2,26,988.14,639278,276772.0,288785.0,986.2,992.9,981.3,986.2,117915750,1084.8,887.6,1102.5,649.1,989.2,620,2,989.1,633,4,989.0,3774,18,988.9,2356,11,988.8,2035,13,989.6,568,6,989.7,280,2,989.8,592,7,989.9,1516,17,990.0,4538,17
317,2025-11-26 09:23:45+05:30,989.2,26,988.14,639354,279600.0,288621.0,986.2,992.9,981.3,986.2,117915750,1084.8,887.6,1102.5,649.1,989.2,714,4,989.1,2617,10,989.0,3977,20,988.9,3132,14,988.8,2009,11,989.6,160,2,989.7,280,2,989.8,598,7,989.9,1017,16,990.0,4195,18
317,2025-11-26 09:23:46+05:30,989.3,44,988.14,639354,279600.0,288621.0,986.2,992.9,981.3,986.2,117915750,1084.8,887.6,1102.5,649.1,989.2,714,4,989.1,2617,10,989.0,3977,20,988.9,3132,14,988.8,2009,11,989.6,160,2,989.7,280,2,989.8,598,7,989.9,1017,16,990.0,4195,18
317,2025-11-26 09:23:46+05:30,989.3,44,988.14,639494,277121.0,288802.0,986.2,992.9,981.3,986.2,117915750,1084.8,887.6,1102.5,649.1,989.3,265,1,989.2,1154,4,989.1,648,6,989.0,3774,18,988.9,2470,12,989.6,287,4,989.7,245,3,989.8,499,6,989.9,1307,11,990.0,4805,23
317,2025-11-26 09:23:47+05:30,989.3,26,988.14,639494,277121.0,288802.0,986.2,992.9,981.3,986.2,117915750,1084.8,887.6,1102.5,649.1,989.3,265,1,989.2,1154,4,989.1,648,6,989.0,3774,18,988.9,2470,12,989.6,287,4,989.7,245,3,989.8,499,6,989.9,1307,11,990.0,4805,23
317,2025-11-26 09:23:47+05:30,989.3,26,988.14,639670,276550.0,289310.0,986.2,992.9,981.3,986.2,117915750,1084.8,887.6,1102.5,649.1,989.3,308,4,989.2,594,2,989.1,101,2,989.0,3677,18,988.9,2269,10,989.6,787,8,989.7,639,6,989.8,1183,9,989.9,1049,12,990.0,4561,22
317,2025-11-26 09:23:48+05:30,989.8,20,988.14,639670,276550.0,289310.0,986.2,992.9,981.3,986.2,117915750,1084.8,887.6,1102.5,649.1,989.3,308,4,989.2,594,2,989.1,101,2,989.0,3677,18,988.9,2269,10,989.6,787,8,989.7,639,6,989.8,1183,9,989.9,1049,12,990.0,4561,22
317,2025-11-26 09:23:48+05:30,989.8,20,988.14,639854,284465.0,286632.0,986.2,992.9,981.3,986.2,117915750,1084.8,887.6,1102.5,649.1,989.7,10,1,989.4,367,5,989.3,2737,13,989.2,3070,13,989.1,2955,12,989.8,6,2,989.9,224,5,990.0,3231,15,990.1,1706,15,990.2,1601,13
317,2025-11-26 09:23:49+05:30,989.9,1,988.14,639854,284465.0,286632.0,986.2,992.9,981.3,986.2,117915750,1084.8,887.6,1102.5,649.1,989.7,10,1,989.4,367,5,989.3,2737,13,989.2,3070,13,989.1,2955,12,989.8,6,2,989.9,224,5,990.0,3231,15,990.1,1706,15,990.2,1601,13
317,2025-11-26 09:23:49+05:30,989.9,1,988.14,639886,283829.0,285776.0,986.2,992.9,981.3,986.2,117915750,1084.8,887.6,1102.5,649.1,989.7,50,1,989.4,445,6,989.3,3238,13,989.2,2976,12,989.1,1605,12,989.9,273,7,990.0,3050,10,990.1,1856,20,990.2,1424,13,990.3,2081,19
317,2025-11-26 09:23:50+05:30,989.7,13,988.14,639886,283829.0,285776.0,986.2,992.9,981.3,986.2,117915750,1084.8,887.6,1102.5,649.1,989.7,50,1,989.4,445,6,989.3,3238,13,989.2,2976,12,989.1,1605,12,989.9,273,7,990.0,3050,10,990.1,1856,20,990.2,1424,13,990.3,2081,19
317,2025-11-26 09:23:51+05:30,989.7,13,988.14,639899,285697.0,285775.0,986.2,992.9,981.3,986.2,117915750,1084.8,887.6,1102.5,649.1,989.7,63,2,989.4,977,6,989.3,3110,11,989.2,3065,12,989.1,1631,14,989.9,273,7,990.0,3067,10,990.1,1974,22,990.2,1322,12,990.3,2081,19
317,2025-11-26 09:23:51+05:30,989.9,39,988.14,639899,285697.0,285775.0,986.2,992.9,981.3,986.2,117915750,1084.8,887.6,1102.5,649.1,989.7,63,2,989.4,977,6,989.3,3110,11,989.2,3065,12,989.1,1631,14,989.9,273,7,990.0,3067,10,990.1,1974,22,990.2,1322,12,990.3,2081,19
317,2025-11-26 09:23:51+05:30,989.9,7,988.14,639991,286249.0,286414.0,986.2,992.9,981.3,986.2,117915750,1084.8,887.6,1102.5,649.1,989.7,152,3,989.6,89,1,989.5,89,1,989.4,1191,8,989.3,3354,12,989.9,166,5,990.0,3138,11,990.1,1672,19,990.2,1342,12,990.3,1979,17
317,2025-11-26 09:23:52+05:30,989.7,13,988.14,639991,286249.0,286414.0,986.2,992.9,981.3,986.2,117915750,1084.8,887.6,1102.5,649.1,989.7,152,3,989.6,89,1,989.5,89,1,989.4,1191,8,989.3,3354,12,989.9,166,5,990.0,3138,11,990.1,1672,19,990.2,1342,12,990.3,1979,17
317,2025-11-26 09:23:53+05:30,989.9,1,988.14,640005,285729.0,286637.0,986.2,992.9,981.3,986.2,117915750,1084.8,887.6,1102.5,649.1,989.7,63,3,989.5,89,1,989.4,1084,7,989.3,3366,13,989.2,3065,12,989.9,165,5,990.0,3036,10,990.1,1723,16,990.2,1389,15,990.3,2312,19
317,2025-11-26 09:23:53+05:30,989.9,1,988.14,640005,285729.0,286637.0,986.2,992.9,981.3,986.2,117915750,1084.8,887.6,1102.5,649.1,989.7,63,3,989.5,89,1,989.4,1084,7,989.3,3366,13,989.2,3065,12,989.9,165,5,990.0,3036,10,990.1,1723,16,990.2,1389,15,990.3,2312,19
317,2025-11-26 09:23:54+05:30,989.9,8,988.14,640105,285994.0,286705.0,986.2,992.9,981.3,986.2,117915750,1084.8,887.6,1102.5,649.1,989.7,63,3,989.5,89,1,989.4,1352,9,989.3,3366,13,989.2,3065,12,989.9,65,4,990.0,3036,10,990.1,1706,15,990.2,1406,16,990.3,2312,19
317,2025-11-26 09:23:54+05:30,989.9,8,988.14,640105,285994.0,286705.0,986.2,992.9,981.3,986.2,117915750,1084.8,887.6,1102.5,649.1,989.7,63,3,989.5,89,1,989.4,1352,9,989.3,3366,13,989.2,3065,12,989.9,65,4,990.0,3036,10,990.1,1706,15,990.2,1406,16,990.3,2312,19
317,2025-11-26 09:23:55+05:30,989.7,7,988.14,640136,286225.0,286764.0,986.2,992.9,981.3,986.2,117915750,1084.8,887.6,1102.5,649.1,989.7,32,2,989.6,88,1,989.5,89,1,989.4,1348,8,989.3,3354,12,989.9,65,4,990.0,3036,10,990.1,1818,16,990.2,1294,15,990.3,2312,19
317,2025-11-26 09:23:55+05:30,989.9,20,988.14,640136,286225.0,286764.0,986.2,992.9,981.3,986.2,117915750,1084.8,887.6,1102.5,649.1,989.7,32,2,989.6,88,1,989.5,89,1,989.4,1348,8,989.3,3354,12,989.9,65,4,990.0,3036,10,990.1,1818,16,990.2,1294,15,990.3,2312,19
317,2025-11-26 09:23:56+05:30,989.9,4,988.14,640165,285959.0,286977.0,986.2,992.9,981.3,986.2,117915750,1084.8,887.6,1102.5,649.1,989.7,32,2,989.5,546,1,989.4,864,8,989.3,3354,12,989.2,3077,13,989.9,36,3,990.0,3309,10,990.1,1816,15,990.2,1230,11,990.3,2303,21
317,2025-11-26 09:23:56+05:30,989.9,4,988.14,640165,285959.0,286977.0,986.2,992.9,981.3,986.2,117915750,1084.8,887.6,1102.5,649.1,989.7,32,2,989.5,546,1,989.4,864,8,989.3,3354,12,989.2,3077,13,989.9,36,3,990.0,3309,10,990.1,1816,15,990.2,1230,11,990.3,2303,21
317,2025-11-26 09:23:57+05:30,990.2,128,988.16,644154,287124.0,271488.0,986.2,992.9,981.3,986.2,117915750,1084.8,887.6,1102.5,649.1,990.2,459,1,990.1,186,3,990.0,177,4,989.9,601,6,989.8,2322,11,990.6,199,2,990.7,400,2,990.8,1139,6,990.9,1876,16,991.0,4481,17
317,2025-11-26 09:23:57+05:30,990.6,21,988.16,644154,287124.0,271488.0,986.2,992.9,981.3,986.2,117915750,1084.8,887.6,1102.5,649.1,990.2,459,1,990.1,186,3,990.0,177,4,989.9,601,6,989.8,2322,11,990.6,199,2,990.7,400,2,990.8,1139,6,990.9,1876,16,991.0,4481,17
317,2025-11-26 09:23:58+05:30,990.1,396,988.16,645375,290202.0,273175.0,986.2,992.9,981.3,986.2,117915750,1084.8,887.6,1102.5,649.1,990.2,303,4,990.1,3124,10,990.0,2088,9,989.9,2884,11,989.8,3226,11,990.6,423,3,990.7,122,2,990.8,827,11,990.9,1456,13,991.0,3978,18
317,2025-11-26 09:23:58+05:30,990.3,29,988.16,645375,290202.0,273175.0,986.2,992.9,981.3,986.2,117915750,1084.8,887.6,1102.5,649.1,990.2,303,4,990.1,3124,10,990.0,2088,9,989.9,2884,11,989.8,3226,11,990.6,423,3,990.7,122,2,990.8,827,11,990.9,1456,13,991.0,3978,18
317,2025-11-26 09:23:59+05:30,990.7,17,988.16,646927,288423.0,272538.0,986.2,992.9,981.3,986.2,117915750,1084.8,887.6,1102.5,649.1,990.2,87,1,990.1,1601,4,990.0,1314,6,989.9,2844,8,989.8,3338,12,990.6,96,2,990.7,412,5,990.8,261,6,990.9,1482,15,991.0,4446,16
317,2025-11-26 09:23:59+05:30,990.6,5,988.16,646927,288423.0,272538.0,986.2,992.9,981.3,986.2,117915750,1084.8,887.6,1102.5,649.1,990.2,87,1,990.1,1601,4,990.0,1314,6,989.9,2844,8,989.8,3338,12,990.6,96,2,990.7,412,5,990.8,261,6,990.9,1482,15,991.0,4446,16
317,2025-11-26 09:24:00+05:30,990.7,82,988.17,647882,289166.0,273053.0,986.2,992.9,981.3,986.2,117915750,1084.8,887.6,1102.5,649.1,990.2,27,1,990.1,2180,7,990.0,1294,4,989.9,3142,13,989.8,3228,11,990.6,155,2,990.7,306,4,990.8,613,8,990.9,1730,18,991.0,4533,19
317,2025-11-26 09:24:00+05:30,990.7,82,988.17,647882,289166.0,273053.0,986.2,992.9,981.3,986.2,117915750,1084.8,887.6,1102.5,649.1,990.2,27,1,990.1,2180,7,990.0,1294,4,989.9,3142,13,989.8,3228,11,990.6,155,2,990.7,306,4,990.8,613,8,990.9,1730,18,991.0,4533,19
317,2025-11-26 09:24:01+05:30,990.1,147,988.17,647882,289166.0,273053.0,986.2,992.9,981.3,986.2,117915750,1084.8,887.6,1102.5,649.1,990.2,27,1,990.1,2180,7,990.0,1294,4,989.9,3142,13,989.8,3228,11,990.6,155,2,990.7,306,4,990.8,613,8,990.9,1730,18,991.0,4533,19
317,2025-11-26 09:24:01+05:30,990.1,147,988.17,648056,290265.0,273439.0,986.2,992.9,981.3,986.2,117915750,1084.8,887.6,1102.5,649.1,990.1,2440,6,990.0,1843,4,989.9,3907,15,989.8,1728,9,989.7,1252,13,990.6,469,5,990.7,451,5,990.8,726,9,990.9,1730,18,991.0,4529,18
317,2025-11-26 09:24:02+05:30,990.1,39,988.17,648056,290265.0,273439.0,986.2,992.9,981.3,986.2,117915750,1084.8,887.6,1102.5,649.1,990.1,2440,6,990.0,1843,4,989.9,3907,15,989.8,1728,9,989.7,1252,13,990.6,469,5,990.7,451,5,990.8,726,9,990.9,1730,18,991.0,4529,18
317,2025-11-26 09:24:02+05:30,990.2,1,988.17,649616,292486.0,273534.0,986.2,992.9,981.3,986.2,117915750,1084.8,887.6,1102.5,649.1,990.2,1769,5,990.1,2968,9,990.0,2702,7,989.9,2301,13,989.8,983,8,990.6,187,2,990.7,2,1,990.8,576,8,990.9,1679,14,991.0,3992,17
317,2025-11-26 09:24:03+05:30,990.8,46,988.17,649616,292486.0,273534.0,986.2,992.9,981.3,986.2,117915750,1084.8,887.6,1102.5,649.1,990.2,1769,5,990.1,2968,9,990.0,2702,7,989.9,2301,13,989.8,983,8,990.6,187,2,990.7,2,1,990.8,576,8,990.9,1679,14,991.0,3992,17
317,2025-11-26 09:24:04+05:30,990.3,84,988.18,651031,292551.0,271827.0,986.2,992.9,981.3,986.2,117915750,1084.8,887.6,1102.5,649.1,990.3,99,3,990.2,3746,9,990.1,2240,7,990.0,2960,9,989.9,1731,12,990.7,107,1,990.8,66,5,990.9,580,8,991.0,3686,13,991.1,1964,19
317,2025-11-26 09:24:04+05:30,990.6,1,988.18,651031,292551.0,271827.0,986.2,992.9,981.3,986.2,117915750,1084.8,887.6,1102.5,649.1,990.3,99,3,990.2,3746,9,990.1,2240,7,990.0,2960,9,989.9,1731,12,990.7,107,1,990.8,66,5,990.9,580,8,991.0,3686,13,991.1,1964,19
317,2025-11-26 09:24:05+05:30,990.5,1,988.18,652137,290631.0,273556.0,986.2,992.9,981.3,986.2,117915750,1084.8,887.6,1102.5,649.1,990.1,2312,11,990.0,3063,9,989.9,3166,11,989.8,2521,12,989.7,1220,11,990.6,72,1,990.8,551,10,990.9,858,10,991.0,4204,20,991.1,2262,19
317,2025-11-26 09:24:05+05:30,990.2,47,988.18,652137,290631.0,273556.0,986.2,992.9,981.3,986.2,117915750,1084.8,887.6,1102.5,649.1,990.1,2312,11,990.0,3063,9,989.9,3166,11,989.8,2521,12,989.7,1220,11,990.6,72,1,990.8,551,10,990.9,858,10,991.0,4204,20,991.1,2262,19
317,2025-11-26 09:24:06+05:30,990.1,82,988.18,652515,288543.0,273748.0,986.2,992.9,981.3,986.2,117915750,1084.8,887.6,1102.5,649.1,990.1,668,1,990.0,2263,7,989.9,2416,11,989.8,1760,10,989.7,3027,16,990.6,185,2,990.7,535,7,990.8,626,12,990.9,2011,13,991.0,4027,20
317,2025-11-26 09:24:06+05:30,990.1,82,988.18,652515,288543.0,273748.0,986.2,992.9,981.3,986.2,117915750,1084.8,887.6,1102.5,649.1,990.1,668,1,990.0,2263,7,989.9,2416,11,989.8,1760,10,989.7,3027,16,990.6,185,2,990.7,535,7,990.8,626,12,990.9,2011,13,991.0,4027,20
317,2025-11-26 09:24:07+05:30,990.0,5,988.18,652520,286770.0,274786.0,986.2,992.9,981.3,986.2,117915750,1084.8,887.6,1102.5,649.1,990.0,675,5,989.9,2105,8,989.8,2552,10,989.7,2260,13,989.6,2661,17,990.6,603,5,990.7,953,9,990.8,1496,18,990.9,1486,14,991.0,4220,19
317,2025-11-26 09:24:07+05:30,990.6,1,988.18,652520,286770.0,274786.0,986.2,992.9,981.3,986.2,117915750,1084.8,887.6,1102.5,649.1,990.0,675,5,989.9,2105,8,989.8,2552,10,989.7,2260,13,989.6,2661,17,990.6,603,5,990.7,953,9,990.8,1496,18,990.9,1486,14,991.0,4220,19
317,2025-11-26 09:24:08+05:30,990.5,1,988.18,652600,288849.0,276894.0,986.2,992.9,981.3,986.2,117915750,1084.8,887.6,1102.5,649.1,990.0,782,5,989.9,2631,8,989.8,2447,10,989.7,2367,14,989.6,2633,15,990.5,676,5,990.6,572,4,990.7,1160,11,990.8,1411,17,990.9,1250,13
317,2025-11-26 09:24:08+05:30,990.5,1,988.18,652600,288849.0,276894.0,986.2,992.9,981.3,986.2,117915750,1084.8,887.6,1102.5,649.1,990.0,782,5,989.9,2631,8,989.8,2447,10,989.7,2367,14,989.6,2633,15,990.5,676,5,990.6,572,4,990.7,1160,11,990.8,1411,17,990.9,1250,13
317,2025-11-26 09:24:09+05:30,990.0,13,988.18,652620,288748.0,275967.0,986.2,992.9,981.3,986.2,117915750,1084.8,887.6,1102.5,649.1,990.0,835,4,989.9,2529,7,989.8,2335,9,989.7,2264,13,989.6,2620,14,990.5,811,6,990.6,576,5,990.7,678,10,990.8,1411,17,990.9,1738,14
317,2025-11-26 09:24:09+05:30,990.0,13,988.18,652620,288748.0,275967.0,986.2,992.9,981.3,986.2,117915750,1084.8,887.6,1102.5,649.1,990.0,835,4,989.9,2529,7,989.8,2335,9,989.7,2264,13,989.6,2620,14,990.5,811,6,990.6,576,5,990.7,678,10,990.8,1411,17,990.9,1738,14
317,2025-11-26 09:24:10+05:30,990.0,13,988.18,652620,291652.0,276269.0,986.2,992.9,981.3,986.2,117915750,1084.8,887.6,1102.5,649.1,990.0,2502,8,989.9,2675,8,989.8,3935,12,989.7,2283,15,989.6,1107,11,990.5,566,4,990.6,469,4,990.7,892,12,990.8,1411,17,990.9,1425,14
317,2025-11-26 09:24:11+05:30,990.5,2,988.18,652622,293688.0,275644.0,986.2,992.9,981.3,986.2,117915750,1084.8,887.6,1102.5,649.1,990.0,3714,11,989.9,2681,9,989.8,3935,12,989.7,2283,15,989.6,1680,11,990.5,423,3,990.6,264,2,990.7,808,10,990.8,1229,19,990.9,920,12
317,2025-11-26 09:24:11+05:30,990.5,2,988.18,652622,293688.0,275644.0,986.2,992.9,981.3,986.2,117915750,1084.8,887.6,1102.5,649.1,990.0,3714,11,989.9,2681,9,989.8,3935,12,989.7,2283,15,989.6,1680,11,990.5,423,3,990.6,264,2,990.7,808,10,990.8,1229,19,990.9,920,12
317,2025-11-26 09:24:12+05:30,990.5,27,988.18,652772,294794.0,274919.0,986.2,992.9,981.3,986.2,117915750,1084.8,887.6,1102.5,649.1,990.2,112,2,990.1,2822,6,990.0,3276,13,989.9,3614,10,989.8,1683,8,990.5,500,1,990.7,448,5,990.8,839,13,990.9,1129,11,991.0,4537,21
317,2025-11-26 09:24:12+05:30,990.5,27,988.18,652772,294794.0,274919.0,986.2,992.9,981.3,986.2,117915750,1084.8,887.6,1102.5,649.1,990.2,112,2,990.1,2822,6,990.0,3276,13,989.9,3614,10,989.8,1683,8,990.5,500,1,990.7,448,5,990.8,839,13,990.9,1129,11,991.0,4537,21
317,2025-11-26 09:24:13+05:30,990.1,26,988.18,652772,294794.0,274919.0,986.2,992.9,981.3,986.2,117915750,1084.8,887.6,1102.5,649.1,990.2,112,2,990.1,2822,6,990.0,3276,13,989.9,3614,10,989.8,1683,8,990.5,500,1,990.7,448,5,990.8,839,13,990.9,1129,11,991.0,4537,21
317,2025-11-26 09:24:13+05:30,990.5,10,988.18,652920,295621.0,275507.0,986.2,992.9,981.3,986.2,117915750,1084.8,887.6,1102.5,649.1,990.3,3,1,990.2,599,1,990.1,2952,5,990.0,2387,10,989.9,3134,12,990.5,490,1,990.6,336,2,990.7,735,8,990.8,933,14,990.9,1079,13
317,2025-11-26 09:24:14+05:30,990.2,36,988.18,652920,295621.0,275507.0,986.2,992.9,981.3,986.2,117915750,1084.8,887.6,1102.5,649.1,990.3,3,1,990.2,599,1,990.1,2952,5,990.0,2387,10,989.9,3134,12,990.5,490,1,990.6,336,2,990.7,735,8,990.8,933,14,990.9,1079,13
317,2025-11-26 09:24:14+05:30,990.2,36,988.18,652960,295897.0,275211.0,986.2,992.9,981.3,986.2,117915750,1084.8,887.6,1102.5,649.1,990.3,300,1,990.2,99,1,990.1,3049,6,990.0,3510,16,989.9,3722,11,990.5,489,1,990.7,601,7,990.8,844,14,990.9,984,13,991.0,4437,18
317,2025-11-26 09:24:15+05:30,990.5,2,988.18,652960,295897.0,275211.0,986.2,992.9,981.3,986.2,117915750,1084.8,887.6,1102.5,649.1,990.3,300,1,990.2,99,1,990.1,3049,6,990.0,3510,16,989.9,3722,11,990.5,489,1,990.7,601,7,990.8,844,14,990.9,984,13,991.0,4437,18
317,2025-11-26 09:24:16+05:30,990.5,2,988.18,652972,295967.0,275262.0,986.2,992.9,981.3,986.2,117915750,1084.8,887.6,1102.5,649.1,990.3,313,2,990.2,195,2,990.1,3444,9,990.0,3390,15,989.9,3722,11,990.5,477,1,990.7,318,5,990.8,737,13,990.9,1267,15,991.0,4537,20
317,2025-11-26 09:24:17+05:30,990.5,2,988.18,652972,296111.0,275260.0,986.2,992.9,981.3,986.2,117915750,1084.8,887.6,1102.5,649.1,990.3,313,2,990.2,239,2,990.1,3784,10,990.0,3390,15,989.9,3722,11,990.5,477,1,990.7,318,5,990.8,737,13,990.9,1267,15,991.0,4037,19
317,2025-11-26 09:24:17+05:30,990.5,100,988.18,652972,296111.0,275260.0,986.2,992.9,981.3,986.2,117915750,1084.8,887.6,1102.5,649.1,990.3,313,2,990.2,239,2,990.1,3784,10,990.0,3390,15,989.9,3722,11,990.5,477,1,990.7,318,5,990.8,737,13,990.9,1267,15,991.0,4037,19
317,2025-11-26 09:24:18+05:30,990.5,5,988.18,653077,296376.0,275078.0,986.2,992.9,981.3,986.2,117915750,1084.8,887.6,1102.5,649.1,990.3,313,2,990.2,195,2,990.1,3880,11,990.0,3598,17,989.9,2222,9,990.5,372,1,990.7,368,5,990.8,526,11,990.9,1689,15,991.0,4146,20
317,2025-11-26 09:24:18+05:30,990.7,5,988.18,653077,296376.0,275078.0,986.2,992.9,981.3,986.2,117915750,1084.8,887.6,1102.5,649.1,990.3,313,2,990.2,195,2,990.1,3880,11,990.0,3598,17,989.9,2222,9,990.5,372,1,990.7,368,5,990.8,526,11,990.9,1689,15,991.0,4146,20
317,2025-11-26 09:24:19+05:30,990.5,26,988.19,653565,291277.0,273541.0,986.2,992.9,981.3,986.2,117915750,1084.8,887.6,1102.5,649.1,990.5,268,1,990.3,29,3,990.2,763,3,990.1,3127,10,990.0,4101,20,990.7,39,2,990.8,491,5,990.9,1365,16,991.0,4226,18,991.1,2015,22
317,2025-11-26 09:24:19+05:30,990.7,1,988.19,653565,291277.0,273541.0,986.2,992.9,981.3,986.2,117915750,1084.8,887.6,1102.5,649.1,990.5,268,1,990.3,29,3,990.2,763,3,990.1,3127,10,990.0,4101,20,990.7,39,2,990.8,491,5,990.9,1365,16,991.0,4226,18,991.1,2015,22
317,2025-11-26 09:24:20+05:30,990.5,1,988.19,653565,291277.0,273541.0,986.2,992.9,981.3,986.2,117915750,1084.8,887.6,1102.5,649.1,990.5,268,1,990.3,29,3,990.2,763,3,990.1,3127,10,990.0,4101,20,990.7,39,2,990.8,491,5,990.9,1365,16,991.0,4226,18,991.1,2015,22
317,2025-11-26 09:24:20+05:30,990.5,1,988.19,653660,294188.0,274272.0,986.2,992.9,981.3,986.2,117915750,1084.8,887.6,1102.5,649.1,990.5,213,4,990.3,648,5,990.2,1892,5,990.1,3166,10,990.0,4742,20,990.7,38,2,990.8,277,3,990.9,1042,12,991.0,4238,21,991.1,2515,23
317,2025-11-26 09:24:21+05:30,990.7,34,988.19,653660,294188.0,274272.0,986.2,992.9,981.3,986.2,117915750,1084.8,887.6,1102.5,649.1,990.5,213,4,990.3,648,5,990.2,1892,5,990.1,3166,10,990.0,4742,20,990.7,38,2,990.8,277,3,990.9,1042,12,991.0,4238,21,991.1,2515,23
317,2025-11-26 09:24:21+05:30,990.7,34,988.19,653794,293582.0,274165.0,986.2,992.9,981.3,986.2,117915750,1084.8,887.6,1102.5,649.1,990.5,213,6,990.3,404,5,990.2,1994,6,990.1,3178,11,990.0,4744,21,990.7,11,2,990.8,277,3,990.9,1809,15,991.0,3938,18,991.1,2515,23
317,2025-11-26 09:24:22+05:30,990.7,50,988.19,653794,293582.0,274165.0,986.2,992.9,981.3,986.2,117915750,1084.8,887.6,1102.5,649.1,990.5,213,6,990.3,404,5,990.2,1994,6,990.1,3178,11,990.0,4744,21,990.7,11,2,990.8,277,3,990.9,1809,15,991.0,3938,18,991.1,2515,23
317,2025-11-26 09:24:22+05:30,990.7,50,988.19,653875,294823.0,273335.0,986.2,992.9,981.3,986.2,117915750,1084.8,887.6,1102.5,649.1,990.5,192,7,990.3,890,6,990.2,1994,6,990.1,3244,12,990.0,4720,22,990.7,10,1,990.8,277,3,990.9,1042,12,991.0,4096,19,991.1,2469,22
317,2025-11-26 09:24:23+05:30,990.5,13,988.19,653875,294823.0,273335.0,986.2,992.9,981.3,986.2,117915750,1084.8,887.6,1102.5,649.1,990.5,192,7,990.3,890,6,990.2,1994,6,990.1,3244,12,990.0,4720,22,990.7,10,1,990.8,277,3,990.9,1042,12,991.0,4096,19,991.1,2469,22
317,2025-11-26 09:24:23+05:30,990.7,380,988.19,654425,292109.0,273468.0,986.2,992.9,981.3,986.2,117915750,1084.8,887.6,1102.5,649.1,990.5,49,7,990.3,10,1,990.2,1664,4,990.1,3102,10,990.0,3225,21,990.8,567,7,990.9,866,12,991.0,3973,18,991.1,2490,22,991.2,2210,17
317,2025-11-26 09:24:24+05:30,990.3,26,988.19,654425,292109.0,273468.0,986.2,992.9,981.3,986.2,117915750,1084.8,887.6,1102.5,649.1,990.5,49,7,990.3,10,1,990.2,1664,4,990.1,3102,10,990.0,3225,21,990.8,567,7,990.9,866,12,991.0,3973,18,991.1,2490,22,991.2,2210,17
317,2025-11-26 09:24:25+05:30,990.8,10,988.19,654554,292126.0,274626.0,986.2,992.9,981.3,986.2,117915750,1084.8,887.6,1102.5,649.1,990.2,1759,5,990.1,2945,8,990.0,3219,20,989.9,2438,12,989.8,989,9,990.8,547,7,990.9,1241,16,991.0,4726,22,991.1,1938,19,991.2,2215,18
317,2025-11-26 09:24:25+05:30,990.3,18,988.19,654554,292126.0,274626.0,986.2,992.9,981.3,986.2,117915750,1084.8,887.6,1102.5,649.1,990.2,1759,5,990.1,2945,8,990.0,3219,20,989.9,2438,12,989.8,989,9,990.8,547,7,990.9,1241,16,991.0,4726,22,991.1,1938,19,991.2,2215,18
317,2025-11-26 09:24:26+05:30,990.3,18,988.19,654619,292808.0,274335.0,986.2,992.9,981.3,986.2,117915750,1084.8,887.6,1102.5,649.1,990.3,622,2,990.2,1657,4,990.1,2959,10,990.0,3274,22,989.9,2409,10,990.8,560,6,990.9,1518,17,991.0,4251,23,991.1,2412,18,991.2,2215,18
317,2025-11-26 09:24:26+05:30,990.8,10,988.19,654619,292808.0,274335.0,986.2,992.9,981.3,986.2,117915750,1084.8,887.6,1102.5,649.1,990.3,622,2,990.2,1657,4,990.1,2959,10,990.0,3274,22,989.9,2409,10,990.8,560,6,990.9,1518,17,991.0,4251,23,991.1,2412,18,991.2,2215,18
317,2025-11-26 09:24:27+05:30,990.3,46,988.19,654688,292888.0,274455.0,986.2,992.9,981.3,986.2,117915750,1084.8,887.6,1102.5,649.1,990.3,139,3,990.2,1669,5,990.1,3058,9,990.0,3176,21,989.9,2409,10,990.8,635,7,990.9,989,14,991.0,4024,19,991.1,2390,20,991.2,2210,17
317,2025-11-26 09:24:27+05:30,990.3,13,988.19,654688,292888.0,274455.0,986.2,992.9,981.3,986.2,117915750,1084.8,887.6,1102.5,649.1,990.3,139,3,990.2,1669,5,990.1,3058,9,990.0,3176,21,989.9,2409,10,990.8,635,7,990.9,989,14,991.0,4024,19,991.1,2390,20,991.2,2210,17
317,2025-11-26 09:24:28+05:30,990.3,13,988.19,654701,294760.0,274560.0,986.2,992.9,981.3,986.2,117915750,1084.8,887.6,1102.5,649.1,990.3,2,1,990.2,1657,4,990.1,2861,8,990.0,4863,25,989.9,2409,10,990.7,177,2,990.8,835,9,990.9,894,15,991.0,4120,20,991.1,2390,20
317,2025-11-26 09:24:28+05:30,990.7,5,988.19,654701,294760.0,274560.0,986.2,992.9,981.3,986.2,117915750,1084.8,887.6,1102.5,649.1,990.3,2,1,990.2,1657,4,990.1,2861,8,990.0,4863,25,989.9,2409,10,990.7,177,2,990.8,835,9,990.9,894,15,991.0,4120,20,991.1,2390,20
317,2025-11-26 09:24:29+05:30,990.2,43,988.19,654776,295226.0,274287.0,986.2,992.9,981.3,986.2,117915750,1084.8,887.6,1102.5,649.1,990.3,102,1,990.2,1900,5,990.1,2851,8,990.0,4673,23,989.9,2409,10,990.7,382,3,990.8,755,9,990.9,992,16,991.0,4018,19,991.1,2229,20
317,2025-11-26 09:24:29+05:30,990.6,1,988.19,654776,295226.0,274287.0,986.2,992.9,981.3,986.2,117915750,1084.8,887.6,1102.5,649.1,990.3,102,1,990.2,1900,5,990.1,2851,8,990.0,4673,23,989.9,2409,10,990.7,382,3,990.8,755,9,990.9,992,16,991.0,4018,19,991.1,2229,20
317,2025-11-26 09:24:30+05:30,990.5,13,988.19,655097,297421.0,274515.0,986.2,992.9,981.3,986.2,117915750,1084.8,887.6,1102.5,649.1,990.5,17,1,990.2,2548,5,990.1,2724,8,990.0,4874,25,989.9,1659,9,990.6,248,1,990.7,282,2,990.8,753,10,990.9,1665,17,991.0,4203,23
317,2025-11-26 09:24:30+05:30,990.6,1,988.19,655097,297421.0,274515.0,986.2,992.9,981.3,986.2,117915750,1084.8,887.6,1102.5,649.1,990.5,17,1,990.2,2548,5,990.1,2724,8,990.0,4874,25,989.9,1659,9,990.6,248,1,990.7,282,2,990.8,753,10,990.9,1665,17,991.0,4203,23
317,2025-11-26 09:24:31+05:30,990.6,52,988.19,655546,293054.0,274312.0,986.2,992.9,981.3,986.2,117915750,1084.8,887.6,1102.5,649.1,990.6,306,1,990.5,17,1,990.2,3298,7,990.1,2178,9,990.0,3218,21,990.8,51,3,990.9,889,12,991.0,4015,18,991.1,2593,22,991.2,2400,17
317,2025-11-26 09:24:31+05:30,990.8,15,988.19,655546,293054.0,274312.0,986.2,992.9,981.3,986.2,117915750,1084.8,887.6,1102.5,649.1,990.6,306,1,990.5,17,1,990.2,3298,7,990.1,2178,9,990.0,3218,21,990.8,51,3,990.9,889,12,991.0,4015,18,991.1,2593,22,991.2,2400,17
317,2025-11-26 09:24:32+05:30,990.6,39,988.2,656206,296783.0,268661.0,986.2,992.9,981.3,986.2,117915750,1084.8,887.6,1102.5,649.1,990.6,413,5,990.5,647,7,990.4,2579,8,990.3,2798,10,990.2,2551,12,991.0,3280,13,991.2,670,7,991.3,1589,10,991.4,1669,10,991.5,1877,21
317,2025-11-26 09:24:32+05:30,990.6,39,988.2,656206,296783.0,268661.0,986.2,992.9,981.3,986.2,117915750,1084.8,887.6,1102.5,649.1,990.6,413,5,990.5,647,7,990.4,2579,8,990.3,2798,10,990.2,2551,12,991.0,3280,13,991.2,670,7,991.3,1589,10,991.4,1669,10,991.5,1877,21
317,2025-11-26 09:24:33+05:30,990.6,56,988.2,656323,301268.0,269229.0,986.2,992.9,981.3,986.2,117915750,1084.8,887.6,1102.5,649.1,990.6,3187,9,990.5,2362,10,990.4,2709,9,990.3,2743,11,990.2,1025,8,991.0,3280,13,991.2,681,6,991.3,1589,10,991.4,1175,12,991.5,2628,23
317,2025-11-26 09:24:33+05:30,990.6,56,988.2,656323,301268.0,269229.0,986.2,992.9,981.3,986.2,117915750,1084.8,887.6,1102.5,649.1,990.6,3187,9,990.5,2362,10,990.4,2709,9,990.3,2743,11,990.2,1025,8,991.0,3280,13,991.2,681,6,991.3,1589,10,991.4,1175,12,991.5,2628,23
317,2025-11-26 09:24:34+05:30,990.6,25,988.2,656374,301633.0,268780.0,986.2,992.9,981.3,986.2,117915750,1084.8,887.6,1102.5,649.1,990.6,3046,8,990.5,2362,10,990.4,2828,11,990.3,2730,10,990.2,725,7,991.0,3280,13,991.2,437,4,991.3,1684,12,991.4,1047,12,991.5,2625,23
317,2025-11-26 09:24:34+05:30,990.6,25,988.2,656374,301633.0,268780.0,986.2,992.9,981.3,986.2,117915750,1084.8,887.6,1102.5,649.1,990.6,3046,8,990.5,2362,10,990.4,2828,11,990.3,2730,10,990.2,725,7,991.0,3280,13,991.2,437,4,991.3,1684,12,991.4,1047,12,991.5,2625,23
317,2025-11-26 09:24:35+05:30,991.0,297,988.2,657234,299113.0,268463.0,986.2,992.9,981.3,986.2,117915750,1084.8,887.6,1102.5,649.1,990.6,1856,7,990.5,1574,9,990.4,2160,7,990.3,4491,12,990.2,1475,8,991.0,2983,13,991.2,378,3,991.3,2108,16,991.4,1545,12,991.5,2125,22
317,2025-11-26 09:24:35+05:30,991.0,297,988.2,657234,299113.0,268463.0,986.2,992.9,981.3,986.2,117915750,1084.8,887.6,1102.5,649.1,990.6,1856,7,990.5,1574,9,990.4,2160,7,990.3,4491,12,990.2,1475,8,991.0,2983,13,991.2,378,3,991.3,2108,16,991.4,1545,12,991.5,2125,22
317,2025-11-26 09:24:36+05:30,990.6,104,988.2,657234,299113.0,268463.0,986.2,992.9,981.3,986.2,117915750,1084.8,887.6,1102.5,649.1,990.6,1856,7,990.5,1574,9,990.4,2160,7,990.3,4491,12,990.2,1475,8,991.0,2983,13,991.2,378,3,991.3,2108,16,991.4,1545,12,991.5,2125,22
317,2025-11-26 09:24:36+05:30,991.0,1,988.2,657393,301425.0,269278.0,986.2,992.9,981.3,986.2,117915750,1084.8,887.6,1102.5,649.1,990.6,750,4,990.5,4288,12,990.4,2160,7,990.3,4532,15,990.2,1475,8,991.0,2980,13,991.2,236,1,991.3,1907,15,991.4,1187,13,991.5,2625,23
317,2025-11-26 09:24:37+05:30,990.6,26,988.2,657393,301425.0,269278.0,986.2,992.9,981.3,986.2,117915750,1084.8,887.6,1102.5,649.1,990.6,750,4,990.5,4288,12,990.4,2160,7,990.3,4532,15,990.2,1475,8,991.0,2980,13,991.2,236,1,991.3,1907,15,991.4,1187,13,991.5,2625,23
317,2025-11-26 09:24:37+05:30,991.0,2,988.2,657539,301658.0,270055.0,986.2,992.9,981.3,986.2,117915750,1084.8,887.6,1102.5,649.1,990.6,373,4,990.5,4005,10,990.4,2079,6,990.3,4543,16,990.2,1676,9,991.0,2978,13,991.1,486,3,991.2,315,2,991.3,1917,16,991.4,1687,14
317,2025-11-26 09:24:38+05:30,990.6,26,988.2,657539,301658.0,270055.0,986.2,992.9,981.3,986.2,117915750,1084.8,887.6,1102.5,649.1,990.6,373,4,990.5,4005,10,990.4,2079,6,990.3,4543,16,990.2,1676,9,991.0,2978,13,991.1,486,3,991.2,315,2,991.3,1917,16,991.4,1687,14
317,2025-11-26 09:24:39+05:30,990.6,26,988.2,657615,302737.0,270132.0,986.2,992.9,981.3,986.2,117915750,1084.8,887.6,1102.5,649.1,990.6,546,6,990.5,4107,10,990.4,2169,8,990.3,4611,16,990.2,1676,9,991.0,3164,14,991.1,236,1,991.2,314,2,991.3,1981,20,991.4,951,12
317,2025-11-26 09:24:39+05:30,991.0,276,988.2,657615,302737.0,270132.0,986.2,992.9,981.3,986.2,117915750,1084.8,887.6,1102.5,649.1,990.6,546,6,990.5,4107,10,990.4,2169,8,990.3,4611,16,990.2,1676,9,991.0,3164,14,991.1,236,1,991.2,314,2,991.3,1981,20,991.4,951,12
317,2025-11-26 09:24:40+05:30,991.0,276,988.2,657931,303390.0,270515.0,986.2,992.9,981.3,986.2,117915750,1084.8,887.6,1102.5,649.1,990.6,1299,9,990.5,4107,10,990.4,2919,9,990.3,3861,15,990.2,1686,10,991.0,2698,14,991.1,274,2,991.2,314,2,991.3,1907,15,991.4,2177,19
317,2025-11-26 09:24:40+05:30,990.6,10,988.2,657931,303390.0,270515.0,986.2,992.9,981.3,986.2,117915750,1084.8,887.6,1102.5,649.1,990.6,1299,9,990.5,4107,10,990.4,2919,9,990.3,3861,15,990.2,1686,10,991.0,2698,14,991.1,274,2,991.2,314,2,991.3,1907,15,991.4,2177,19
317,2025-11-26 09:24:41+05:30,991.0,738,988.21,659124,302358.0,269703.0,986.2,992.9,981.3,986.2,117915750,1084.8,887.6,1102.5,649.1,990.6,135,1,990.5,5007,12,990.4,2158,7,990.3,3846,14,990.2,2441,11,991.0,1859,14,991.1,235,2,991.2,570,5,991.3,1837,15,991.4,1684,19
317,2025-11-26 09:24:41+05:30,990.5,13,988.21,659124,302358.0,269703.0,986.2,992.9,981.3,986.2,117915750,1084.8,887.6,1102.5,649.1,990.6,135,1,990.5,5007,12,990.4,2158,7,990.3,3846,14,990.2,2441,11,991.0,1859,14,991.1,235,2,991.2,570,5,991.3,1837,15,991.4,1684,19
317,2025-11-26 09:24:42+05:30,990.5,108,988.21,659475,302869.0,271706.0,986.2,992.9,981.3,986.2,117915750,1084.8,887.6,1102.5,649.1,990.6,95,1,990.5,4340,7,990.4,2140,6,990.3,3846,14,990.2,2441,11,990.9,151,1,991.0,2776,17,991.1,527,3,991.2,1067,10,991.3,2106,18
317,2025-11-26 09:24:42+05:30,990.9,2,988.21,659475,302869.0,271706.0,986.2,992.9,981.3,986.2,117915750,1084.8,887.6,1102.5,649.1,990.6,95,1,990.5,4340,7,990.4,2140,6,990.3,3846,14,990.2,2441,11,990.9,151,1,991.0,2776,17,991.1,527,3,991.2,1067,10,991.3,2106,18
317,2025-11-26 09:24:43+05:30,990.5,65,988.21,659672,302545.0,270346.0,986.2,992.9,981.3,986.2,117915750,1084.8,887.6,1102.5,649.1,990.6,95,1,990.5,5202,10,990.4,1983,6,990.3,3846,14,990.2,2441,11,991.0,2354,15,991.2,896,9,991.3,2153,19,991.4,2041,19,991.5,1869,17
317,2025-11-26 09:24:43+05:30,991.2,140,988.21,659672,302545.0,270346.0,986.2,992.9,981.3,986.2,117915750,1084.8,887.6,1102.5,649.1,990.6,95,1,990.5,5202,10,990.4,1983,6,990.3,3846,14,990.2,2441,11,991.0,2354,15,991.2,896,9,991.3,2153,19,991.4,2041,19,991.5,1869,17
317,2025-11-26 09:24:44+05:30,991.0,187,988.23,664462,303696.0,265978.0,986.2,992.9,981.3,986.2,117915750,1084.8,887.6,1102.5,649.1,990.8,750,1,990.7,95,1,990.6,1946,9,990.5,4049,9,990.4,2383,10,991.0,1237,1,991.2,341,6,991.3,281,4,991.4,648,5,991.5,2275,15
317,2025-11-26 09:24:44+05:30,990.9,5,988.23,664462,303696.0,265978.0,986.2,992.9,981.3,986.2,117915750,1084.8,887.6,1102.5,649.1,990.8,750,1,990.7,95,1,990.6,1946,9,990.5,4049,9,990.4,2383,10,991.0,1237,1,991.2,341,6,991.3,281,4,991.4,648,5,991.5,2275,15
317,2025-11-26 09:24:45+05:30,990.9,50,988.24,666456,298156.0,274180.0,986.2,992.9,981.3,986.2,117915750,1084.8,887.6,1102.5,649.1,990.5,943,1,990.3,2419,7,990.2,2147,9,990.1,1631,8,990.0,4206,25,990.9,204,2,991.0,2002,8,991.1,781,6,991.2,2436,20,991.3,2103,16
317,2025-11-26 09:24:45+05:30,990.5,180,988.24,666456,298156.0,274180.0,986.2,992.9,981.3,986.2,117915750,1084.8,887.6,1102.5,649.1,990.5,943,1,990.3,2419,7,990.2,2147,9,990.1,1631,8,990.0,4206,25,990.9,204,2,991.0,2002,8,991.1,781,6,991.2,2436,20,991.3,2103,16
317,2025-11-26 09:24:46+05:30,990.5,377,988.24,667013,297816.0,275145.0,986.2,992.9,981.3,986.2,117915750,1084.8,887.6,1102.5,649.1,990.5,401,3,990.3,2123,5,990.2,1850,6,990.1,1739,11,990.0,4227,26,990.9,853,7,991.0,2100,9,991.1,791,7,991.2,2968,24,991.3,1644,17
317,2025-11-26 09:24:46+05:30,990.5,377,988.24,667013,297816.0,275145.0,986.2,992.9,981.3,986.2,117915750,1084.8,887.6,1102.5,649.1,990.5,401,3,990.3,2123,5,990.2,1850,6,990.1,1739,11,990.0,4227,26,990.9,853,7,991.0,2100,9,991.1,791,7,991.2,2968,24,991.3,1644,17
317,2025-11-26 09:24:47+05:30,990.5,65,988.24,667206,300907.0,275695.0,986.2,992.9,981.3,986.2,117915750,1084.8,887.6,1102.5,649.1,990.5,208,3,990.3,542,5,990.2,1985,6,990.1,2619,11,990.0,4991,25,990.6,1,1,990.8,151,1,990.9,789,6,991.0,1911,7,991.1,747,8
317,2025-11-26 09:24:47+05:30,990.5,39,988.24,667206,300907.0,275695.0,986.2,992.9,981.3,986.2,117915750,1084.8,887.6,1102.5,649.1,990.5,208,3,990.3,542,5,990.2,1985,6,990.1,2619,11,990.0,4991,25,990.6,1,1,990.8,151,1,990.9,789,6,991.0,1911,7,991.1,747,8
317,2025-11-26 09:24:48+05:30,990.5,39,988.24,667206,300907.0,275695.0,986.2,992.9,981.3,986.2,117915750,1084.8,887.6,1102.5,649.1,990.5,208,3,990.3,542,5,990.2,1985,6,990.1,2619,11,990.0,4991,25,990.6,1,1,990.8,151,1,990.9,789,6,991.0,1911,7,991.1,747,8
317,2025-11-26 09:24:48+05:30,990.5,26,988.24,667206,300907.0,275695.0,986.2,992.9,981.3,986.2,117915750,1084.8,887.6,1102.5,649.1,990.5,208,3,990.3,542,5,990.2,1985,6,990.1,2619,11,990.0,4991,25,990.6,1,1,990.8,151,1,990.9,789,6,991.0,1911,7,991.1,747,8
317,2025-11-26 09:24:48+05:30,990.5,26,988.24,667438,297093.0,276135.0,986.2,992.9,981.3,986.2,117915750,1084.8,887.6,1102.5,649.1,990.5,143,3,990.3,599,2,990.2,2630,5,990.1,2619,11,990.0,3521,24,990.8,610,5,990.9,1077,9,991.0,2015,9,991.1,870,10,991.2,2368,23
317,2025-11-26 09:24:48+05:30,990.5,26,988.24,667438,297093.0,276135.0,986.2,992.9,981.3,986.2,117915750,1084.8,887.6,1102.5,649.1,990.5,143,3,990.3,599,2,990.2,2630,5,990.1,2619,11,990.0,3521,24,990.8,610,5,990.9,1077,9,991.0,2015,9,991.1,870,10,991.2,2368,23
317,2025-11-26 09:24:49+05:30,990.5,26,988.24,667438,297093.0,276135.0,986.2,992.9,981.3,986.2,117915750,1084.8,887.6,1102.5,649.1,990.5,143,3,990.3,599,2,990.2,2630,5,990.1,2619,11,990.0,3521,24,990.8,610,5,990.9,1077,9,991.0,2015,9,991.1,870,10,991.2,2368,23
317,2025-11-26 09:24:49+05:30,990.5,52,988.24,667438,297093.0,276135.0,986.2,992.9,981.3,986.2,117915750,1084.8,887.6,1102.5,649.1,990.5,143,3,990.3,599,2,990.2,2630,5,990.1,2619,11,990.0,3521,24,990.8,610,5,990.9,1077,9,991.0,2015,9,991.1,870,10,991.2,2368,23
317,2025-11-26 09:24:49+05:30,990.5,52,988.24,667490,296986.0,275881.0,986.2,992.9,981.3,986.2,117915750,1084.8,887.6,1102.5,649.1,990.5,91,3,990.3,797,2,990.2,1880,4,990.1,2619,11,990.0,3501,24,990.8,779,8,990.9,982,8,991.0,2015,9,991.1,870,10,991.2,2368,23
317,2025-11-26 09:24:49+05:30,990.5,52,988.24,667490,296986.0,275881.0,986.2,992.9,981.3,986.2,117915750,1084.8,887.6,1102.5,649.1,990.5,91,3,990.3,797,2,990.2,1880,4,990.1,2619,11,990.0,3501,24,990.8,779,8,990.9,982,8,991.0,2015,9,991.1,870,10,991.2,2368,23
317,2025-11-26 09:24:50+05:30,990.5,52,988.24,667490,296986.0,275881.0,986.2,992.9,981.3,986.2,117915750,1084.8,887.6,1102.5,649.1,990.5,91,3,990.3,797,2,990.2,1880,4,990.1,2619,11,990.0,3501,24,990.8,779,8,990.9,982,8,991.0,2015,9,991.1,870,10,991.2,2368,23
317,2025-11-26 09:24:50+05:30,990.5,52,988.24,667490,296986.0,275881.0,986.2,992.9,981.3,986.2,118062000,1084.8,887.6,1102.5,649.1,990.5,91,3,990.3,797,2,990.2,1880,4,990.1,2619,11,990.0,3501,24,990.8,779,8,990.9,982,8,991.0,2015,9,991.1,870,10,991.2,2368,23
317,2025-11-26 09:24:50+05:30,990.5,15,988.24,667490,296986.0,275881.0,986.2,992.9,981.3,986.2,118062000,1084.8,887.6,1102.5,649.1,990.5,91,3,990.3,797,2,990.2,1880,4,990.1,2619,11,990.0,3501,24,990.8,779,8,990.9,982,8,991.0,2015,9,991.1,870,10,991.2,2368,23
317,2025-11-26 09:24:50+05:30,990.5,15,988.24,667490,296986.0,275881.0,986.2,992.9,981.3,986.2,118062000,1084.8,887.6,1102.5,649.1,990.5,91,3,990.3,797,2,990.2,1880,4,990.1,2619,11,990.0,3501,24,990.8,779,8,990.9,982,8,991.0,2015,9,991.1,870,10,991.2,2368,23
317,2025-11-26 09:24:50+05:30,990.5,15,988.24,667596,301537.0,277663.0,986.2,992.9,981.3,986.2,118062000,1084.8,887.6,1102.5,649.1,990.2,3043,9,990.1,2334,8,990.0,4856,25,989.9,2411,11,989.8,966,14,990.5,85,1,990.7,399,4,990.8,708,11,990.9,769,7,991.0,1990,9
317,2025-11-26 09:24:50+05:30,990.5,15,988.24,667596,301537.0,277663.0,986.2,992.9,981.3,986.2,118062000,1084.8,887.6,1102.5,649.1,990.2,3043,9,990.1,2334,8,990.0,4856,25,989.9,2411,11,989.8,966,14,990.5,85,1,990.7,399,4,990.8,708,11,990.9,769,7,991.0,1990,9
317,2025-11-26 09:24:51+05:30,990.5,15,988.24,667596,301537.0,277663.0,986.2,992.9,981.3,986.2,118062000,1084.8,887.6,1102.5,649.1,990.2,3043,9,990.1,2334,8,990.0,4856,25,989.9,2411,11,989.8,966,14,990.5,85,1,990.7,399,4,990.8,708,11,990.9,769,7,991.0,1990,9
317,2025-11-26 09:24:51+05:30,990.7,42,988.24,667596,301537.0,277663.0,986.2,992.9,981.3,986.2,118062000,1084.8,887.6,1102.5,649.1,990.2,3043,9,990.1,2334,8,990.0,4856,25,989.9,2411,11,989.8,966,14,990.5,85,1,990.7,399,4,990.8,708,11,990.9,769,7,991.0,1990,9
317,2025-11-26 09:24:52+05:30,990.8,5,988.24,668276,297237.0,276056.0,986.2,992.9,981.3,986.2,118062000,1084.8,887.6,1102.5,649.1,990.3,87,1,990.2,2915,6,990.1,2512,10,990.0,3479,24,989.9,2442,14,990.8,930,12,990.9,1781,16,991.0,2054,9,991.1,1871,16,991.2,2678,19
317,2025-11-26 09:24:52+05:30,990.3,87,988.24,668276,297237.0,276056.0,986.2,992.9,981.3,986.2,118062000,1084.8,887.6,1102.5,649.1,990.3,87,1,990.2,2915,6,990.1,2512,10,990.0,3479,24,989.9,2442,14,990.8,930,12,990.9,1781,16,991.0,2054,9,991.1,1871,16,991.2,2678,19
317,2025-11-26 09:24:53+05:30,990.4,30,988.24,668543,298902.0,274616.0,986.2,992.9,981.3,986.2,118062000,1084.8,887.6,1102.5,649.1,990.3,938,4,990.2,729,3,990.1,3268,10,990.0,4199,24,989.9,2411,11,990.7,225,1,990.8,470,6,990.9,620,5,991.0,2117,10,991.1,1958,23
317,2025-11-26 09:24:53+05:30,990.3,1,988.24,668543,298902.0,274616.0,986.2,992.9,981.3,986.2,118062000,1084.8,887.6,1102.5,649.1,990.3,938,4,990.2,729,3,990.1,3268,10,990.0,4199,24,989.9,2411,11,990.7,225,1,990.8,470,6,990.9,620,5,991.0,2117,10,991.1,1958,23
317,2025-11-26 09:24:54+05:30,990.4,39,988.25,669513,299575.0,273877.0,986.2,992.9,981.3,986.2,118062000,1084.8,887.6,1102.5,649.1,990.3,622,5,990.2,1895,6,990.1,3184,9,990.0,5724,27,989.9,1699,13,990.7,161,2,990.8,481,7,990.9,929,6,991.0,2608,18,991.1,650,9
317,2025-11-26 09:24:54+05:30,990.4,39,988.25,669513,299575.0,273877.0,986.2,992.9,981.3,986.2,118062000,1084.8,887.6,1102.5,649.1,990.3,622,5,990.2,1895,6,990.1,3184,9,990.0,5724,27,989.9,1699,13,990.7,161,2,990.8,481,7,990.9,929,6,991.0,2608,18,991.1,650,9
317,2025-11-26 09:24:55+05:30,990.3,68,988.25,669695,299313.0,274330.0,986.2,992.9,981.3,986.2,118062000,1084.8,887.6,1102.5,649.1,990.3,560,3,990.2,1560,3,990.1,3139,9,990.0,4979,27,989.9,2449,14,990.7,161,2,990.8,584,8,990.9,1052,7,991.0,2334,16,991.1,660,10
317,2025-11-26 09:24:55+05:30,990.8,3,988.25,669695,299313.0,274330.0,986.2,992.9,981.3,986.2,118062000,1084.8,887.6,1102.5,649.1,990.3,560,3,990.2,1560,3,990.1,3139,9,990.0,4979,27,989.9,2449,14,990.7,161,2,990.8,584,8,990.9,1052,7,991.0,2334,16,991.1,660,10
317,2025-11-26 09:24:56+05:30,990.7,7,988.25,670218,297629.0,273924.0,986.2,992.9,981.3,986.2,118062000,1084.8,887.6,1102.5,649.1,990.3,774,4,990.2,2411,8,990.1,3319,11,990.0,4229,26,989.9,1687,12,990.8,439,6,990.9,912,6,991.0,2284,15,991.1,802,12,991.2,2646,19
317,2025-11-26 09:24:56+05:30,990.7,7,988.25,670218,297629.0,273924.0,986.2,992.9,981.3,986.2,118062000,1084.8,887.6,1102.5,649.1,990.3,774,4,990.2,2411,8,990.1,3319,11,990.0,4229,26,989.9,1687,12,990.8,439,6,990.9,912,6,991.0,2284,15,991.1,802,12,991.2,2646,19
317,2025-11-26 09:24:57+05:30,990.3,91,988.25,670409,297428.0,274011.0,986.2,992.9,981.3,986.2,118062000,1084.8,887.6,1102.5,649.1,990.3,561,5,990.2,2052,6,990.1,3307,10,990.0,4352,27,989.9,1687,12,990.8,577,8,990.9,789,5,991.0,2195,14,991.1,802,12,991.2,2646,19
317,2025-11-26 09:24:57+05:30,990.8,2,988.25,670409,297428.0,274011.0,986.2,992.9,981.3,986.2,118062000,1084.8,887.6,1102.5,649.1,990.3,561,5,990.2,2052,6,990.1,3307,10,990.0,4352,27,989.9,1687,12,990.8,577,8,990.9,789,5,991.0,2195,14,991.1,802,12,991.2,2646,19
317,2025-11-26 09:24:58+05:30,990.8,1,988.25,670573,299417.0,273952.0,986.2,992.9,981.3,986.2,118062000,1084.8,887.6,1102.5,649.1,990.3,2487,7,990.2,2448,8,990.1,3184,9,990.0,4378,29,989.9,923,10,990.8,568,8,990.9,666,4,991.0,2196,14,991.1,792,11,991.2,2687,20
317,2025-11-26 09:24:58+05:30,990.3,39,988.25,670573,299417.0,273952.0,986.2,992.9,981.3,986.2,118062000,1084.8,887.6,1102.5,649.1,990.3,2487,7,990.2,2448,8,990.1,3184,9,990.0,4378,29,989.9,923,10,990.8,568,8,990.9,666,4,991.0,2196,14,991.1,792,11,991.2,2687,20
317,2025-11-26 09:24:59+05:30,990.3,14,988.25,670777,297086.0,274435.0,986.2,992.9,981.3,986.2,118062000,1084.8,887.6,1102.5,649.1,990.3,1121,3,990.2,1761,4,990.1,2317,8,990.0,4378,29,989.9,1661,10,990.8,697,10,990.9,676,5,991.0,2201,15,991.1,892,13,991.2,2777,21
317,2025-11-26 09:24:59+05:30,990.3,14,988.25,670777,297086.0,274435.0,986.2,992.9,981.3,986.2,118062000,1084.8,887.6,1102.5,649.1,990.3,1121,3,990.2,1761,4,990.1,2317,8,990.0,4378,29,989.9,1661,10,990.8,697,10,990.9,676,5,991.0,2201,15,991.1,892,13,991.2,2777,21
317,2025-11-26 09:25:00+05:30,990.7,729,988.26,673818,296028.0,272695.0,986.2,992.9,981.3,986.2,118062000,1084.8,887.6,1102.5,649.1,990.3,735,4,990.2,388,1,990.1,2151,7,990.0,3854,23,989.9,3906,13,990.7,271,4,990.8,351,6,990.9,613,6,991.0,2315,11,991.1,1240,11
317,2025-11-26 09:25:00+05:30,990.3,196,988.26,673818,296028.0,272695.0,986.2,992.9,981.3,986.2,118062000,1084.8,887.6,1102.5,649.1,990.3,735,4,990.2,388,1,990.1,2151,7,990.0,3854,23,989.9,3906,13,990.7,271,4,990.8,351,6,990.9,613,6,991.0,2315,11,991.1,1240,11
317,2025-11-26 09:25:01+05:30,990.6,6,988.26,673818,296028.0,272695.0,986.2,992.9,981.3,986.2,118062000,1084.8,887.6,1102.5,649.1,990.3,735,4,990.2,388,1,990.1,2151,7,990.0,3854,23,989.9,3906,13,990.7,271,4,990.8,351,6,990.9,613,6,991.0,2315,11,991.1,1240,11
317,2025-11-26 09:25:01+05:30,990.6,6,988.27,675278,296468.0,275496.0,986.2,992.9,981.3,986.2,118062000,1084.8,887.6,1102.5,649.1,990.2,750,1,990.1,1879,5,990.0,4730,26,989.9,2172,10,989.8,843,11,990.7,392,3,990.8,971,11,990.9,1465,11,991.0,2102,11,991.1,2238,17
317,2025-11-26 09:25:02+05:30,990.2,273,988.27,675278,296468.0,275496.0,986.2,992.9,981.3,986.2,118062000,1084.8,887.6,1102.5,649.1,990.2,750,1,990.1,1879,5,990.0,4730,26,989.9,2172,10,989.8,843,11,990.7,392,3,990.8,971,11,990.9,1465,11,991.0,2102,11,991.1,2238,17
317,2025-11-26 09:25:02+05:30,990.2,273,988.27,675698,299112.0,277136.0,986.2,992.9,981.3,986.2,118062000,1084.8,887.6,1102.5,649.1,990.2,2169,7,990.1,1427,7,990.0,4511,26,989.9,2430,13,989.8,1066,12,990.6,283,2,990.7,642,5,990.8,796,13,990.9,1293,13,991.0,1799,12
317,2025-11-26 09:25:03+05:30,990.2,26,988.27,675698,299112.0,277136.0,986.2,992.9,981.3,986.2,118062000,1084.8,887.6,1102.5,649.1,990.2,2169,7,990.1,1427,7,990.0,4511,26,989.9,2430,13,989.8,1066,12,990.6,283,2,990.7,642,5,990.8,796,13,990.9,1293,13,991.0,1799,12
317,2025-11-26 09:25:03+05:30,990.2,26,988.27,676684,298349.0,278017.0,986.2,992.9,981.3,986.2,118062000,1084.8,887.6,1102.5,649.1,990.2,1474,2,990.1,750,1,990.0,3667,24,989.9,3177,13,989.8,1961,15,990.6,425,3,990.7,916,7,990.8,1050,15,990.9,1458,11,991.0,2473,15
317,2025-11-26 09:25:04+05:30,990.2,177,988.27,676684,298349.0,278017.0,986.2,992.9,981.3,986.2,118062000,1084.8,887.6,1102.5,649.1,990.2,1474,2,990.1,750,1,990.0,3667,24,989.9,3177,13,989.8,1961,15,990.6,425,3,990.7,916,7,990.8,1050,15,990.9,1458,11,991.0,2473,15
317,2025-11-26 09:25:04+05:30,990.2,128,988.27,676994,298872.0,277877.0,986.2,992.9,981.3,986.2,118062000,1084.8,887.6,1102.5,649.1,990.2,1929,4,990.1,943,3,990.0,4165,29,989.9,3177,13,989.8,1821,14,990.6,524,3,990.7,1018,12,990.8,599,8,990.9,1546,14,991.0,2465,15
317,2025-11-26 09:25:05+05:30,990.2,52,988.27,676994,298872.0,277877.0,986.2,992.9,981.3,986.2,118062000,1084.8,887.6,1102.5,649.1,990.2,1929,4,990.1,943,3,990.0,4165,29,989.9,3177,13,989.8,1821,14,990.6,524,3,990.7,1018,12,990.8,599,8,990.9,1546,14,991.0,2465,15
317,2025-11-26 09:25:06+05:30,990.6,85,988.27,677413,294785.0,278559.0,986.2,992.9,981.3,986.2,118062000,1084.8,887.6,1102.5,649.1,990.2,10,1,990.1,313,1,990.0,3700,23,989.9,2230,10,989.8,1954,14,990.6,529,4,990.7,1188,14,990.8,941,11,990.9,1559,14,991.0,2881,16
317,2025-11-26 09:25:06+05:30,989.9,15,988.27,677413,294785.0,278559.0,986.2,992.9,981.3,986.2,118062000,1084.8,887.6,1102.5,649.1,990.2,10,1,990.1,313,1,990.0,3700,23,989.9,2230,10,989.8,1954,14,990.6,529,4,990.7,1188,14,990.8,941,11,990.9,1559,14,991.0,2881,16
317,2025-11-26 09:25:07+05:30,989.6,87,988.28,680921,285727.0,286255.0,986.2,992.9,981.3,986.2,118062000,1084.8,887.6,1102.5,649.1,989.6,34,1,989.5,1257,3,989.4,963,3,989.3,2729,14,989.2,4129,15,990.0,441,4,990.1,566,5,990.2,1148,6,990.3,955,12,990.4,2843,19
317,2025-11-26 09:25:07+05:30,989.6,32,988.28,680921,285727.0,286255.0,986.2,992.9,981.3,986.2,118062000,1084.8,887.6,1102.5,649.1,989.6,34,1,989.5,1257,3,989.4,963,3,989.3,2729,14,989.2,4129,15,990.0,441,4,990.1,566,5,990.2,1148,6,990.3,955,12,990.4,2843,19
317,2025-11-26 09:25:08+05:30,989.9,50,988.28,681907,281601.0,286333.0,986.2,992.9,981.3,986.2,118062000,1084.8,887.6,1102.5,649.1,989.4,100,1,989.3,1043,6,989.2,2673,10,989.1,2081,13,989.0,5067,28,989.9,762,3,990.0,551,5,990.1,1301,13,990.2,1305,12,990.3,2175,20
317,2025-11-26 09:25:08+05:30,989.4,114,988.28,681907,281601.0,286333.0,986.2,992.9,981.3,986.2,118062000,1084.8,887.6,1102.5,649.1,989.4,100,1,989.3,1043,6,989.2,2673,10,989.1,2081,13,989.0,5067,28,989.9,762,3,990.0,551,5,990.1,1301,13,990.2,1305,12,990.3,2175,20
317,2025-11-26 09:25:09+05:30,989.4,181,988.29,682439,283649.0,286676.0,986.2,992.9,981.3,986.2,118062000,1084.8,887.6,1102.5,649.1,989.4,590,2,989.3,555,5,989.2,2875,12,989.1,2799,12,989.0,4417,27,989.9,948,6,990.0,360,4,990.1,828,12,990.2,1673,12,990.3,2205,20
317,2025-11-26 09:25:09+05:30,989.4,77,988.29,682439,283649.0,286676.0,986.2,992.9,981.3,986.2,118062000,1084.8,887.6,1102.5,649.1,989.4,590,2,989.3,555,5,989.2,2875,12,989.1,2799,12,989.0,4417,27,989.9,948,6,990.0,360,4,990.1,828,12,990.2,1673,12,990.3,2205,20
317,2025-11-26 09:25:10+05:30,989.3,104,988.29,682670,286293.0,288188.0,986.2,992.9,981.3,986.2,118062000,1084.8,887.6,1102.5,649.1,989.3,912,5,989.2,2794,11,989.1,3406,13,989.0,4399,26,988.9,2565,15,989.8,872,5,989.9,863,5,990.0,1092,10,990.1,1211,13,990.2,1339,8
317,2025-11-26 09:25:10+05:30,989.3,104,988.29,682670,286293.0,288188.0,986.2,992.9,981.3,986.2,118062000,1084.8,887.6,1102.5,649.1,989.3,912,5,989.2,2794,11,989.1,3406,13,989.0,4399,26,988.9,2565,15,989.8,872,5,989.9,863,5,990.0,1092,10,990.1,1211,13,990.2,1339,8
317,2025-11-26 09:25:11+05:30,989.3,38,988.29,682909,285627.0,288586.0,986.2,992.9,981.3,986.2,118062000,1084.8,887.6,1102.5,649.1,989.3,286,4,989.2,1121,5,989.1,3535,14,989.0,5138,27,988.9,2565,15,989.8,1003,6,989.9,1071,7,990.0,1092,10,990.1,1773,13,990.2,1752,11
317,2025-11-26 09:25:11+05:30,989.3,38,988.29,682909,285627.0,288586.0,986.2,992.9,981.3,986.2,118062000,1084.8,887.6,1102.5,649.1,989.3,286,4,989.2,1121,5,989.1,3535,14,989.0,5138,27,988.9,2565,15,989.8,1003,6,989.9,1071,7,990.0,1092,10,990.1,1773,13,990.2,1752,11
317,2025-11-26 09:25:12+05:30,989.3,39,988.29,682948,284696.0,287849.0,986.2,992.9,981.3,986.2,118062000,1084.8,887.6,1102.5,649.1,989.3,260,5,989.2,1228,6,989.1,3406,13,989.0,5300,30,988.9,2578,16,989.8,874,5,989.9,1233,9,990.0,1523,10,990.1,1572,12,990.2,1563,11
317,2025-11-26 09:25:12+05:30,989.3,39,988.29,682948,284696.0,287849.0,986.2,992.9,981.3,986.2,118062000,1084.8,887.6,1102.5,649.1,989.3,260,5,989.2,1228,6,989.1,3406,13,989.0,5300,30,988.9,2578,16,989.8,874,5,989.9,1233,9,990.0,1523,10,990.1,1572,12,990.2,1563,11
317,2025-11-26 09:25:13+05:30,989.8,5,988.29,682986,286395.0,287125.0,986.2,992.9,981.3,986.2,118062000,1084.8,887.6,1102.5,649.1,989.3,227,3,989.2,3453,12,989.1,3392,12,989.0,4434,29,988.9,1828,15,989.8,966,5,989.9,1066,7,990.0,929,9,990.1,1669,15,990.2,1569,12
317,2025-11-26 09:25:13+05:30,989.8,5,988.29,682986,286395.0,287125.0,986.2,992.9,981.3,986.2,118062000,1084.8,887.6,1102.5,649.1,989.3,227,3,989.2,3453,12,989.1,3392,12,989.0,4434,29,988.9,1828,15,989.8,966,5,989.9,1066,7,990.0,929,9,990.1,1669,15,990.2,1569,12
317,2025-11-26 09:25:14+05:30,989.8,1,988.29,682986,286395.0,287125.0,986.2,992.9,981.3,986.2,118062000,1084.8,887.6,1102.5,649.1,989.3,227,3,989.2,3453,12,989.1,3392,12,989.0,4434,29,988.9,1828,15,989.8,966,5,989.9,1066,7,990.0,929,9,990.1,1669,15,990.2,1569,12
317,2025-11-26 09:25:14+05:30,989.8,1,988.29,683187,286345.0,287842.0,986.2,992.9,981.3,986.2,118062000,1084.8,887.6,1102.5,649.1,989.3,356,4,989.2,3424,13,989.1,3392,12,989.0,4432,28,988.9,2578,16,989.8,1120,4,989.9,968,6,990.0,1131,10,990.1,1148,14,990.2,1799,13
317,2025-11-26 09:25:15+05:30,989.8,89,988.29,683187,286345.0,287842.0,986.2,992.9,981.3,986.2,118062000,1084.8,887.6,1102.5,649.1,989.3,356,4,989.2,3424,13,989.1,3392,12,989.0,4432,28,988.9,2578,16,989.8,1120,4,989.9,968,6,990.0,1131,10,990.1,1148,14,990.2,1799,13
317,2025-11-26 09:25:15+05:30,989.8,89,988.29,683315,287225.0,287154.0,986.2,992.9,981.3,986.2,118062000,1084.8,887.6,1102.5,649.1,989.3,1272,10,989.2,3294,12,989.1,3392,12,989.0,4432,28,988.9,2578,16,989.8,470,3,989.9,667,4,990.0,700,7,990.1,1551,13,990.2,1198,12
317,2025-11-26 09:25:16+05:30,989.8,100,988.29,683315,287225.0,287154.0,986.2,992.9,981.3,986.2,118062000,1084.8,887.6,1102.5,649.1,989.3,1272,10,989.2,3294,12,989.1,3392,12,989.0,4432,28,988.9,2578,16,989.8,470,3,989.9,667,4,990.0,700,7,990.1,1551,13,990.2,1198,12
317,2025-11-26 09:25:17+05:30,989.8,100,988.29,683441,289734.0,287293.0,986.2,992.9,981.3,986.2,118062000,1084.8,887.6,1102.5,649.1,989.4,1089,6,989.3,2223,11,989.2,3279,11,989.1,4138,13,989.0,4432,28,989.8,140,2,989.9,667,4,990.0,491,4,990.1,789,9,990.2,1418,12
317,2025-11-26 09:25:17+05:30,989.4,19,988.29,683441,289734.0,287293.0,986.2,992.9,981.3,986.2,118062000,1084.8,887.6,1102.5,649.1,989.4,1089,6,989.3,2223,11,989.2,3279,11,989.1,4138,13,989.0,4432,28,989.8,140,2,989.9,667,4,990.0,491,4,990.1,789,9,990.2,1418,12
317,2025-11-26 09:25:18+05:30,989.8,21,988.29,683572,284168.0,288217.0,986.2,992.9,981.3,986.2,118062000,1084.8,887.6,1102.5,649.1,989.4,13,1,989.3,541,5,989.2,947,8,989.1,3646,14,989.0,5169,28,989.8,832,5,989.9,1059,7,990.0,824,9,990.1,1479,11,990.2,1789,12
317,2025-11-26 09:25:18+05:30,989.3,34,988.29,683572,284168.0,288217.0,986.2,992.9,981.3,986.2,118062000,1084.8,887.6,1102.5,649.1,989.4,13,1,989.3,541,5,989.2,947,8,989.1,3646,14,989.0,5169,28,989.8,832,5,989.9,1059,7,990.0,824,9,990.1,1479,11,990.2,1789,12
317,2025-11-26 09:25:19+05:30,989.3,3,988.29,683635,287947.0,289344.0,986.2,992.9,981.3,986.2,118062000,1084.8,887.6,1102.5,649.1,989.3,154,3,989.2,3441,12,989.1,2638,11,989.0,6796,33,988.9,2565,15,989.7,87,1,989.8,1073,6,989.9,1231,8,990.0,1058,11,990.1,970,11
317,2025-11-26 09:25:19+05:30,989.7,10,988.29,683635,287947.0,289344.0,986.2,992.9,981.3,986.2,118062000,1084.8,887.6,1102.5,649.1,989.3,154,3,989.2,3441,12,989.1,2638,11,989.0,6796,33,988.9,2565,15,989.7,87,1,989.8,1073,6,989.9,1231,8,990.0,1058,11,990.1,970,11
317,2025-11-26 09:25:20+05:30,989.3,1,988.29,683683,285482.0,288615.0,986.2,992.9,981.3,986.2,118062000,1084.8,887.6,1102.5,649.1,989.3,139,2,989.2,3183,10,989.1,2755,12,989.0,5282,30,988.9,2578,16,989.8,1077,7,989.9,1139,8,990.0,893,9,990.1,981,11,990.2,2108,10
317,2025-11-26 09:25:20+05:30,989.3,1,988.29,683683,285482.0,288615.0,986.2,992.9,981.3,986.2,118062000,1084.8,887.6,1102.5,649.1,989.3,139,2,989.2,3183,10,989.1,2755,12,989.0,5282,30,988.9,2578,16,989.8,1077,7,989.9,1139,8,990.0,893,9,990.1,981,11,990.2,2108,10
317,2025-11-26 09:25:21+05:30,989.3,2,988.29,683686,290842.0,289817.0,986.2,992.9,981.3,986.2,118062000,1084.8,887.6,1102.5,649.1,989.3,2924,11,989.2,3491,13,989.1,4151,14,989.0,5282,30,988.9,1065,13,989.7,129,2,989.8,703,4,989.9,1038,7,990.0,1724,11,990.1,1274,17
317,2025-11-26 09:25:21+05:30,989.3,2,988.29,683686,290842.0,289817.0,986.2,992.9,981.3,986.2,118062000,1084.8,887.6,1102.5,649.1,989.3,2924,11,989.2,3491,13,989.1,4151,14,989.0,5282,30,988.9,1065,13,989.7,129,2,989.8,703,4,989.9,1038,7,990.0,1724,11,990.1,1274,17
317,2025-11-26 09:25:22+05:30,989.7,2,988.29,683793,290932.0,289453.0,986.2,992.9,981.3,986.2,118062000,1084.8,887.6,1102.5,649.1,989.3,2863,11,989.2,3478,12,989.1,4151,14,989.0,5295,31,988.9,1075,14,989.7,122,2,989.8,501,3,989.9,1038,7,990.0,1724,11,990.1,1274,17
317,2025-11-26 09:25:22+05:30,989.7,2,988.29,683793,290932.0,289453.0,986.2,992.9,981.3,986.2,118062000,1084.8,887.6,1102.5,649.1,989.3,2863,11,989.2,3478,12,989.1,4151,14,989.0,5295,31,988.9,1075,14,989.7,122,2,989.8,501,3,989.9,1038,7,990.0,1724,11,990.1,1274,17
317,2025-11-26 09:25:23+05:30,989.3,21,988.29,683837,288788.0,286214.0,986.2,992.9,981.3,986.2,118062000,1084.8,887.6,1102.5,649.1,989.3,427,7,989.2,3595,13,989.1,3401,13,989.0,6032,31,988.9,2578,16,989.7,102,2,989.8,616,3,989.9,888,6,990.0,1591,11,990.1,1144,15
317,2025-11-26 09:25:23+05:30,989.3,21,988.29,683837,288788.0,286214.0,986.2,992.9,981.3,986.2,118062000,1084.8,887.6,1102.5,649.1,989.3,427,7,989.2,3595,13,989.1,3401,13,989.0,6032,31,988.9,2578,16,989.7,102,2,989.8,616,3,989.9,888,6,990.0,1591,11,990.1,1144,15
317,2025-11-26 09:25:24+05:30,989.3,19,988.29,683837,288788.0,286214.0,986.2,992.9,981.3,986.2,118062000,1084.8,887.6,1102.5,649.1,989.3,427,7,989.2,3595,13,989.1,3401,13,989.0,6032,31,988.9,2578,16,989.7,102,2,989.8,616,3,989.9,888,6,990.0,1591,11,990.1,1144,15
317,2025-11-26 09:25:24+05:30,989.3,19,988.29,686769,283186.0,286155.0,986.2,992.9,981.3,986.2,118062000,1084.8,887.6,1102.5,649.1,989.2,1245,4,989.1,2292,7,989.0,4393,20,988.9,2469,12,988.8,2044,12,989.6,166,2,989.7,449,3,989.8,767,5,989.9,1610,10,990.0,1663,12
317,2025-11-26 09:25:25+05:30,989.6,36,988.29,686769,283186.0,286155.0,986.2,992.9,981.3,986.2,118062000,1084.8,887.6,1102.5,649.1,989.2,1245,4,989.1,2292,7,989.0,4393,20,988.9,2469,12,988.8,2044,12,989.6,166,2,989.7,449,3,989.8,767,5,989.9,1610,10,990.0,1663,12
317,2025-11-26 09:25:25+05:30,989.6,36,988.29,687444,286281.0,286443.0,986.2,992.9,981.3,986.2,118062000,1084.8,887.6,1102.5,649.1,989.2,3052,5,989.1,2082,8,989.0,4955,27,988.9,3215,12,988.8,2169,13,989.6,252,3,989.7,636,9,989.8,931,7,989.9,865,8,990.0,1663,12
317,2025-11-26 09:25:26+05:30,989.6,1,988.29,687444,286281.0,286443.0,986.2,992.9,981.3,986.2,118062000,1084.8,887.6,1102.5,649.1,989.2,3052,5,989.1,2082,8,989.0,4955,27,988.9,3215,12,988.8,2169,13,989.6,252,3,989.7,636,9,989.8,931,7,989.9,865,8,990.0,1663,12
317,2025-11-26 09:25:27+05:30,989.6,1,988.29,688149,283240.0,288751.0,986.2,992.9,981.3,986.2,118062000,1084.8,887.6,1102.5,649.1,989.1,704,3,989.0,5808,28,988.9,2465,11,988.8,4329,16,988.7,6392,15,989.5,87,1,989.6,662,7,989.7,1035,9,989.8,1326,9,989.9,2098,17
317,2025-11-26 09:25:27+05:30,989.1,85,988.29,688149,283240.0,288751.0,986.2,992.9,981.3,986.2,118062000,1084.8,887.6,1102.5,649.1,989.1,704,3,989.0,5808,28,988.9,2465,11,988.8,4329,16,988.7,6392,15,989.5,87,1,989.6,662,7,989.7,1035,9,989.8,1326,9,989.9,2098,17
317,2025-11-26 09:25:28+05:30,989.6,31,988.29,688366,281019.0,289006.0,986.2,992.9,981.3,986.2,118062000,1084.8,887.6,1102.5,649.1,989.1,618,2,989.0,5481,23,988.9,2478,12,988.8,2198,15,988.7,7150,16,989.6,875,9,989.7,1388,12,989.8,1560,11,989.9,2007,15,990.0,2523,16
317,2025-11-26 09:25:28+05:30,989.6,1,988.29,688366,281019.0,289006.0,986.2,992.9,981.3,986.2,118062000,1084.8,887.6,1102.5,649.1,989.1,618,2,989.0,5481,23,988.9,2478,12,988.8,2198,15,988.7,7150,16,989.6,875,9,989.7,1388,12,989.8,1560,11,989.9,2007,15,990.0,2523,16
317,2025-11-26 09:25:29+05:30,989.6,15,988.29,688627,281558.0,288126.0,986.2,992.9,981.3,986.2,118062000,1084.8,887.6,1102.5,649.1,989.1,1073,3,989.0,5600,25,988.9,2476,12,988.8,2064,12,988.7,7119,14,989.6,672,3,989.7,977,7,989.8,1185,8,989.9,1986,19,990.0,2299,19
317,2025-11-26 09:25:29+05:30,989.1,36,988.29,688627,281558.0,288126.0,986.2,992.9,981.3,986.2,118062000,1084.8,887.6,1102.5,649.1,989.1,1073,3,989.0,5600,25,988.9,2476,12,988.8,2064,12,988.7,7119,14,989.6,672,3,989.7,977,7,989.8,1185,8,989.9,1986,19,990.0,2299,19
317,2025-11-26 09:25:30+05:30,989.1,48,988.3,689011,281768.0,287583.0,986.2,992.9,981.3,986.2,118062000,1084.8,887.6,1102.5,649.1,989.1,1400,6,989.0,4746,24,988.9,2463,11,988.8,2191,14,988.7,6993,15,989.7,1065,6,989.8,1321,9,989.9,1821,17,990.0,2263,19,990.1,2098,18
317,2025-11-26 09:25:30+05:30,989.3,5,988.3,689011,281768.0,287583.0,986.2,992.9,981.3,986.2,118062000,1084.8,887.6,1102.5,649.1,989.1,1400,6,989.0,4746,24,988.9,2463,11,988.8,2191,14,988.7,6993,15,989.7,1065,6,989.8,1321,9,989.9,1821,17,990.0,2263,19,990.1,2098,18
317,2025-11-26 09:25:31+05:30,989.7,11,988.3,689027,282039.0,286530.0,986.2,992.9,981.3,986.2,118062000,1084.8,887.6,1102.5,649.1,989.1,1481,7,989.0,4938,26,988.9,2463,11,988.8,2217,15,988.7,7057,17,989.7,1026,3,989.8,1091,7,989.9,1709,16,990.0,2100,13,990.1,2323,21
317,2025-11-26 09:25:31+05:30,989.1,116,988.3,689027,282039.0,286530.0,986.2,992.9,981.3,986.2,118062000,1084.8,887.6,1102.5,649.1,989.1,1481,7,989.0,4938,26,988.9,2463,11,988.8,2217,15,988.7,7057,17,989.7,1026,3,989.8,1091,7,989.9,1709,16,990.0,2100,13,990.1,2323,21
317,2025-11-26 09:25:32+05:30,989.1,116,988.3,690115,281175.0,286483.0,986.2,992.9,981.3,986.2,118062000,1084.8,887.6,1102.5,649.1,989.2,87,1,989.1,755,5,989.0,5479,24,988.9,2337,11,988.8,1989,10,989.6,180,3,989.7,931,7,989.8,1525,9,989.9,1704,14,990.0,2741,18
317,2025-11-26 09:25:33+05:30,989.1,16,988.3,690319,280366.0,287365.0,986.2,992.9,981.3,986.2,118062000,1084.8,887.6,1102.5,649.1,989.1,11,1,989.0,3977,21,988.9,2212,9,988.8,2726,10,988.7,3494,16,989.5,311,3,989.6,554,6,989.7,800,6,989.8,1559,10,989.9,1714,15
317,2025-11-26 09:25:33+05:30,989.1,16,988.3,690319,280366.0,287365.0,986.2,992.9,981.3,986.2,118062000,1084.8,887.6,1102.5,649.1,989.1,11,1,989.0,3977,21,988.9,2212,9,988.8,2726,10,988.7,3494,16,989.5,311,3,989.6,554,6,989.7,800,6,989.8,1559,10,989.9,1714,15
317,2025-11-26 09:25:34+05:30,989.1,36,988.3,690400,283860.0,287147.0,986.2,992.9,981.3,986.2,118062000,1084.8,887.6,1102.5,649.1,989.1,588,3,989.0,5893,27,988.9,2307,11,988.8,3350,10,988.7,2430,13,989.5,132,2,989.6,410,4,989.7,592,4,989.8,1349,11,989.9,1825,16
317,2025-11-26 09:25:34+05:30,989.1,36,988.3,690400,283860.0,287147.0,986.2,992.9,981.3,986.2,118062000,1084.8,887.6,1102.5,649.1,989.1,588,3,989.0,5893,27,988.9,2307,11,988.8,3350,10,988.7,2430,13,989.5,132,2,989.6,410,4,989.7,592,4,989.8,1349,11,989.9,1825,16
317,2025-11-26 09:25:35+05:30,989.1,24,988.3,690424,284090.0,287505.0,986.2,992.9,981.3,986.2,118062000,1084.8,887.6,1102.5,649.1,989.1,593,3,989.0,5471,24,988.9,2214,10,988.8,3443,11,988.7,2632,14,989.5,132,2,989.6,410,4,989.7,592,4,989.8,1442,12,989.9,1825,16
317,2025-11-26 09:25:35+05:30,989.1,24,988.3,690424,284090.0,287505.0,986.2,992.9,981.3,986.2,118062000,1084.8,887.6,1102.5,649.1,989.1,593,3,989.0,5471,24,988.9,2214,10,988.8,3443,11,988.7,2632,14,989.5,132,2,989.6,410,4,989.7,592,4,989.8,1442,12,989.9,1825,16
317,2025-11-26 09:25:36+05:30,989.1,24,988.3,690424,284195.0,288162.0,986.2,992.9,981.3,986.2,118062000,1084.8,887.6,1102.5,649.1,989.1,593,3,989.0,5800,26,988.9,2306,11,988.8,3443,11,988.7,2645,15,989.5,132,2,989.6,760,5,989.7,592,4,989.8,1442,12,989.9,1825,16
317,2025-11-26 09:25:37+05:30,989.1,24,988.3,690424,284529.0,288572.0,986.2,992.9,981.3,986.2,118062000,1084.8,887.6,1102.5,649.1,989.1,705,4,989.0,5688,25,988.9,2306,11,988.8,4180,11,988.7,1895,14,989.5,132,2,989.6,922,5,989.7,1021,8,989.8,1330,11,989.9,2104,18
317,2025-11-26 09:25:37+05:30,989.5,50,988.3,690424,284529.0,288572.0,986.2,992.9,981.3,986.2,118062000,1084.8,887.6,1102.5,649.1,989.1,705,4,989.0,5688,25,988.9,2306,11,988.8,4180,11,988.7,1895,14,989.5,132,2,989.6,922,5,989.7,1021,8,989.8,1330,11,989.9,2104,18
317,2025-11-26 09:25:38+05:30,989.5,50,988.3,690474,284683.0,288447.0,986.2,992.9,981.3,986.2,118062000,1084.8,887.6,1102.5,649.1,989.1,734,5,989.0,5780,26,988.9,2306,11,988.8,4195,13,988.7,1895,14,989.5,82,2,989.6,996,6,989.7,929,7,989.8,1330,11,989.9,2104,18
317,2025-11-26 09:25:38+05:30,989.5,1,988.3,690474,284683.0,288447.0,986.2,992.9,981.3,986.2,118062000,1084.8,887.6,1102.5,649.1,989.1,734,5,989.0,5780,26,988.9,2306,11,988.8,4195,13,988.7,1895,14,989.5,82,2,989.6,996,6,989.7,929,7,989.8,1330,11,989.9,2104,18
317,2025-11-26 09:25:39+05:30,989.1,10,988.3,690487,284428.0,287957.0,986.2,992.9,981.3,986.2,118062000,1084.8,887.6,1102.5,649.1,989.1,789,6,989.0,5668,25,988.9,2306,11,988.8,4195,13,988.7,1895,14,989.5,81,2,989.6,722,5,989.7,625,4,989.8,1746,11,989.9,2104,18
317,2025-11-26 09:25:39+05:30,989.5,25,988.3,690487,284428.0,287957.0,986.2,992.9,981.3,986.2,118062000,1084.8,887.6,1102.5,649.1,989.1,789,6,989.0,5668,25,988.9,2306,11,988.8,4195,13,988.7,1895,14,989.5,81,2,989.6,722,5,989.7,625,4,989.8,1746,11,989.9,2104,18
317,2025-11-26 09:25:40+05:30,989.1,2,988.3,690514,284123.0,288510.0,986.2,992.9,981.3,986.2,118062000,1084.8,887.6,1102.5,649.1,989.0,5667,25,988.9,2306,11,988.8,4297,14,988.7,1882,13,988.6,871,13,989.5,679,5,989.6,1191,8,989.7,724,5,989.8,1746,11,989.9,1992,17
317,2025-11-26 09:25:40+05:30,989.1,2,988.3,690514,284123.0,288510.0,986.2,992.9,981.3,986.2,118062000,1084.8,887.6,1102.5,649.1,989.0,5667,25,988.9,2306,11,988.8,4297,14,988.7,1882,13,988.6,871,13,989.5,679,5,989.6,1191,8,989.7,724,5,989.8,1746,11,989.9,1992,17
317,2025-11-26 09:25:41+05:30,989.5,10,988.3,690514,284123.0,288510.0,986.2,992.9,981.3,986.2,118062000,1084.8,887.6,1102.5,649.1,989.0,5667,25,988.9,2306,11,988.8,4297,14,988.7,1882,13,988.6,871,13,989.5,679,5,989.6,1191,8,989.7,724,5,989.8,1746,11,989.9,1992,17
317,2025-11-26 09:25:41+05:30,989.5,10,988.3,690524,284323.0,288628.0,986.2,992.9,981.3,986.2,118062000,1084.8,887.6,1102.5,649.1,989.1,80,1,989.0,5967,26,988.9,2420,13,988.8,4182,12,988.7,1680,12,989.5,427,3,989.6,1026,7,989.7,1193,8,989.8,1746,11,989.9,1839,17
317,2025-11-26 09:25:42+05:30,989.1,12,988.3,690524,284323.0,288628.0,986.2,992.9,981.3,986.2,118062000,1084.8,887.6,1102.5,649.1,989.1,80,1,989.0,5967,26,988.9,2420,13,988.8,4182,12,988.7,1680,12,989.5,427,3,989.6,1026,7,989.7,1193,8,989.8,1746,11,989.9,1839,17
317,2025-11-26 09:25:42+05:30,989.1,12,988.3,690629,284259.0,288411.0,986.2,992.9,981.3,986.2,118062000,1084.8,887.6,1102.5,649.1,989.1,90,2,989.0,5967,26,988.9,2306,11,988.8,3432,11,988.7,2748,15,989.5,414,2,989.6,926,7,989.7,889,6,989.8,1746,11,989.9,1839,17
317,2025-11-26 09:25:43+05:30,989.5,717,988.3,690629,284259.0,288411.0,986.2,992.9,981.3,986.2,118062000,1084.8,887.6,1102.5,649.1,989.1,90,2,989.0,5967,26,988.9,2306,11,988.8,3432,11,988.7,2748,15,989.5,414,2,989.6,926,7,989.7,889,6,989.8,1746,11,989.9,1839,17
317,2025-11-26 09:25:44+05:30,989.5,717,988.3,691391,293645.0,286218.0,986.2,992.9,981.3,986.2,118062000,1084.8,887.6,1102.5,649.1,989.2,491,4,989.1,5864,18,989.0,6323,29,988.9,3956,13,988.8,2662,14,989.5,44,1,989.6,385,2,989.7,332,2,989.8,850,5,989.9,735,9
317,2025-11-26 09:25:44+05:30,989.2,1,988.3,691391,293645.0,286218.0,986.2,992.9,981.3,986.2,118062000,1084.8,887.6,1102.5,649.1,989.2,491,4,989.1,5864,18,989.0,6323,29,988.9,3956,13,988.8,2662,14,989.5,44,1,989.6,385,2,989.7,332,2,989.8,850,5,989.9,735,9
317,2025-11-26 09:25:45+05:30,989.1,54,988.3,691548,290171.0,287509.0,986.2,992.9,981.3,986.2,118062000,1084.8,887.6,1102.5,649.1,989.1,4384,8,989.0,5547,23,988.9,2962,10,988.8,2862,14,988.7,1148,12,989.5,304,5,989.6,717,4,989.7,652,4,989.8,1054,9,989.9,1496,14
317,2025-11-26 09:25:45+05:30,989.1,12,988.3,691548,290171.0,287509.0,986.2,992.9,981.3,986.2,118062000,1084.8,887.6,1102.5,649.1,989.1,4384,8,989.0,5547,23,988.9,2962,10,988.8,2862,14,988.7,1148,12,989.5,304,5,989.6,717,4,989.7,652,4,989.8,1054,9,989.9,1496,14
317,2025-11-26 09:25:46+05:30,989.1,12,988.3,691573,290204.0,287492.0,986.2,992.9,981.3,986.2,118062000,1084.8,887.6,1102.5,649.1,989.1,4372,8,989.0,5991,27,988.9,3050,11,988.8,2862,14,988.7,1148,12,989.5,189,4,989.6,717,4,989.7,664,4,989.8,1054,9,989.9,1496,14
317,2025-11-26 09:25:46+05:30,989.5,1,988.3,691573,290204.0,287492.0,986.2,992.9,981.3,986.2,118062000,1084.8,887.6,1102.5,649.1,989.1,4372,8,989.0,5991,27,988.9,3050,11,988.8,2862,14,988.7,1148,12,989.5,189,4,989.6,717,4,989.7,664,4,989.8,1054,9,989.9,1496,14
317,2025-11-26 09:25:47+05:30,989.5,1,988.31,695441,295089.0,281418.0,986.2,992.9,981.3,986.2,118062000,1084.8,887.6,1102.5,649.1,989.5,1046,2,989.4,239,2,989.3,3157,10,989.2,1281,5,989.1,4537,15,989.6,19,1,989.7,19,2,989.8,96,2,989.9,195,6,990.0,1060,7
317,2025-11-26 09:25:47+05:30,989.5,12,988.31,695441,295089.0,281418.0,986.2,992.9,981.3,986.2,118062000,1084.8,887.6,1102.5,649.1,989.5,1046,2,989.4,239,2,989.3,3157,10,989.2,1281,5,989.1,4537,15,989.6,19,1,989.7,19,2,989.8,96,2,989.9,195,6,990.0,1060,7
317,2025-11-26 09:25:48+05:30,989.5,708,988.31,696162,289231.0,282884.0,986.2,992.9,981.3,986.2,118062000,1084.8,887.6,1102.5,649.1,989.5,436,4,989.4,140,1,989.3,1687,9,989.2,1281,5,989.1,4543,15,989.7,3,1,989.8,189,2,989.9,106,6,990.0,800,7,990.1,1677,15
317,2025-11-26 09:25:48+05:30,989.5,104,988.31,696162,289231.0,282884.0,986.2,992.9,981.3,986.2,118062000,1084.8,887.6,1102.5,649.1,989.5,436,4,989.4,140,1,989.3,1687,9,989.2,1281,5,989.1,4543,15,989.7,3,1,989.8,189,2,989.9,106,6,990.0,800,7,990.1,1677,15
317,2025-11-26 09:25:49+05:30,989.5,132,988.31,696524,290857.0,282364.0,986.2,992.9,981.3,986.2,118062000,1084.8,887.6,1102.5,649.1,989.5,174,3,989.4,140,1,989.3,2957,10,989.2,2031,6,989.1,5281,15,989.8,116,2,989.9,336,7,990.0,800,7,990.1,1622,15,990.2,1373,11
317,2025-11-26 09:25:49+05:30,989.5,1,988.31,696524,290857.0,282364.0,986.2,992.9,981.3,986.2,118062000,1084.8,887.6,1102.5,649.1,989.5,174,3,989.4,140,1,989.3,2957,10,989.2,2031,6,989.1,5281,15,989.8,116,2,989.9,336,7,990.0,800,7,990.1,1622,15,990.2,1373,11
317,2025-11-26 09:25:50+05:30,989.8,2,988.31,696619,287247.0,284729.0,986.2,992.9,981.3,986.2,118062000,1084.8,887.6,1102.5,649.1,989.5,81,2,989.3,948,3,989.2,1547,5,989.1,4840,17,989.0,4878,29,989.8,338,4,989.9,1005,12,990.0,1735,12,990.1,1632,16,990.2,1578,12
317,2025-11-26 09:25:50+05:30,989.8,2,988.31,696619,287247.0,284729.0,986.2,992.9,981.3,986.2,118062000,1084.8,887.6,1102.5,649.1,989.5,81,2,989.3,948,3,989.2,1547,5,989.1,4840,17,989.0,4878,29,989.8,338,4,989.9,1005,12,990.0,1735,12,990.1,1632,16,990.2,1578,12
317,2025-11-26 09:25:51+05:30,989.5,12,988.31,696633,289879.0,284997.0,986.2,992.9,981.3,986.2,118062000,1084.8,887.6,1102.5,649.1,989.5,83,3,989.3,1698,4,989.2,2035,6,989.1,5492,18,989.0,5724,31,989.8,241,3,989.9,959,9,990.0,1227,14,990.1,1652,18,990.2,2330,14
317,2025-11-26 09:25:51+05:30,989.8,3,988.31,696633,289879.0,284997.0,986.2,992.9,981.3,986.2,118062000,1084.8,887.6,1102.5,649.1,989.5,83,3,989.3,1698,4,989.2,2035,6,989.1,5492,18,989.0,5724,31,989.8,241,3,989.9,959,9,990.0,1227,14,990.1,1652,18,990.2,2330,14
317,2025-11-26 09:25:52+05:30,989.8,3,988.31,696636,290296.0,284953.0,986.2,992.9,981.3,986.2,118062000,1084.8,887.6,1102.5,649.1,989.5,83,3,989.4,140,1,989.3,1902,6,989.2,2035,6,989.1,5490,17,989.8,238,3,989.9,863,8,990.0,1666,15,990.1,1652,18,990.2,1308,12
317,2025-11-26 09:25:52+05:30,989.8,2,988.31,696636,290296.0,284953.0,986.2,992.9,981.3,986.2,118062000,1084.8,887.6,1102.5,649.1,989.5,83,3,989.4,140,1,989.3,1902,6,989.2,2035,6,989.1,5490,17,989.8,238,3,989.9,863,8,990.0,1666,15,990.1,1652,18,990.2,1308,12
317,2025-11-26 09:25:53+05:30,989.5,15,988.31,696653,290605.0,285172.0,986.2,992.9,981.3,986.2,118062000,1084.8,887.6,1102.5,649.1,989.5,69,4,989.4,140,1,989.3,2001,7,989.2,2035,6,989.1,5490,17,989.8,230,3,989.9,863,8,990.0,1669,16,990.1,1652,18,990.2,1308,12
317,2025-11-26 09:25:53+05:30,989.9,2,988.31,696653,290605.0,285172.0,986.2,992.9,981.3,986.2,118062000,1084.8,887.6,1102.5,649.1,989.5,69,4,989.4,140,1,989.3,2001,7,989.2,2035,6,989.1,5490,17,989.8,230,3,989.9,863,8,990.0,1669,16,990.1,1652,18,990.2,1308,12
317,2025-11-26 09:25:54+05:30,989.5,8,988.31,696837,288451.0,283923.0,986.2,992.9,981.3,986.2,118062000,1084.8,887.6,1102.5,649.1,989.5,7,2,989.3,2126,8,989.2,2329,8,989.1,4009,17,989.0,5125,33,989.9,846,8,990.0,1532,16,990.1,1652,18,990.2,1803,12,990.3,1571,18
317,2025-11-26 09:25:54+05:30,989.9,2,988.31,696837,288451.0,283923.0,986.2,992.9,981.3,986.2,118062000,1084.8,887.6,1102.5,649.1,989.5,7,2,989.3,2126,8,989.2,2329,8,989.1,4009,17,989.0,5125,33,989.9,846,8,990.0,1532,16,990.1,1652,18,990.2,1803,12,990.3,1571,18
317,2025-11-26 09:25:55+05:30,989.3,30,988.31,697076,290273.0,285288.0,986.2,992.9,981.3,986.2,118062000,1084.8,887.6,1102.5,649.1,989.4,30,1,989.3,1658,5,989.2,2127,7,989.1,6515,22,989.0,5124,33,989.8,213,2,989.9,1007,8,990.0,2084,19,990.1,1556,17,990.2,1207,10
317,2025-11-26 09:25:55+05:30,989.3,30,988.31,697076,290273.0,285288.0,986.2,992.9,981.3,986.2,118062000,1084.8,887.6,1102.5,649.1,989.4,30,1,989.3,1658,5,989.2,2127,7,989.1,6515,22,989.0,5124,33,989.8,213,2,989.9,1007,8,990.0,2084,19,990.1,1556,17,990.2,1207,10
317,2025-11-26 09:25:56+05:30,989.5,99,988.31,697211,290677.0,283578.0,986.2,992.9,981.3,986.2,118062000,1084.8,887.6,1102.5,649.1,989.5,57,1,989.4,359,3,989.3,3135,12,989.2,2379,9,989.1,5729,23,989.9,126,2,990.0,584,7,990.1,898,9,990.2,1336,11,990.3,1960,22
317,2025-11-26 09:25:56+05:30,989.5,99,988.31,697211,290677.0,283578.0,986.2,992.9,981.3,986.2,118062000,1084.8,887.6,1102.5,649.1,989.5,57,1,989.4,359,3,989.3,3135,12,989.2,2379,9,989.1,5729,23,989.9,126,2,990.0,584,7,990.1,898,9,990.2,1336,11,990.3,1960,22
317,2025-11-26 09:25:57+05:30,989.5,24,988.31,697211,290677.0,283578.0,986.2,992.9,981.3,986.2,118062000,1084.8,887.6,1102.5,649.1,989.5,57,1,989.4,359,3,989.3,3135,12,989.2,2379,9,989.1,5729,23,989.9,126,2,990.0,584,7,990.1,898,9,990.2,1336,11,990.3,1960,22
317,2025-11-26 09:25:57+05:30,989.5,24,988.31,697236,290149.0,284429.0,986.2,992.9,981.3,986.2,118062000,1084.8,887.6,1102.5,649.1,989.8,1,1,989.5,33,1,989.4,724,3,989.3,3039,11,989.2,2385,10,989.9,540,3,990.0,731,8,990.1,804,9,990.2,1330,11,990.3,1970,23
317,2025-11-26 09:25:58+05:30,989.5,8,988.31,697236,290149.0,284429.0,986.2,992.9,981.3,986.2,118062000,1084.8,887.6,1102.5,649.1,989.8,1,1,989.5,33,1,989.4,724,3,989.3,3039,11,989.2,2385,10,989.9,540,3,990.0,731,8,990.1,804,9,990.2,1330,11,990.3,1970,23
317,2025-11-26 09:25:58+05:30,989.5,8,988.31,697248,289838.0,284445.0,986.2,992.9,981.3,986.2,118062000,1084.8,887.6,1102.5,649.1,989.5,213,4,989.4,743,6,989.3,3039,11,989.2,2379,9,989.1,5714,24,989.9,415,1,990.0,167,4,990.1,811,9,990.2,1507,10,990.3,1973,23
317,2025-11-26 09:26:00+05:30,989.9,750,988.31,697998,295645.0,282901.0,986.2,992.9,981.3,986.2,118062000,1084.8,887.6,1102.5,649.1,989.6,834,8,989.5,2778,10,989.4,2430,8,989.3,3039,11,989.2,2780,11,989.9,79,1,990.0,167,4,990.1,2,1,990.2,616,3,990.3,812,8
317,2025-11-26 09:26:00+05:30,989.6,68,988.31,697998,295645.0,282901.0,986.2,992.9,981.3,986.2,118062000,1084.8,887.6,1102.5,649.1,989.6,834,8,989.5,2778,10,989.4,2430,8,989.3,3039,11,989.2,2780,11,989.9,79,1,990.0,167,4,990.1,2,1,990.2,616,3,990.3,812,8
317,2025-11-26 09:26:01+05:30,989.6,68,988.31,698224,294795.0,283680.0,986.2,992.9,981.3,986.2,118062000,1084.8,887.6,1102.5,649.1,989.6,13,1,989.5,2206,11,989.4,3192,10,989.3,2479,10,989.2,3858,13,989.9,99,2,990.0,167,4,990.1,204,2,990.2,909,4,990.3,1271,14
317,2025-11-26 09:26:02+05:30,989.5,32,988.31,698272,293769.0,283898.0,986.2,992.9,981.3,986.2,118062000,1084.8,887.6,1102.5,649.1,989.5,1983,8,989.4,2618,10,989.3,2490,11,989.2,3858,13,989.1,4746,21,989.9,99,2,990.0,167,4,990.1,298,3,990.2,909,4,990.3,1177,13
317,2025-11-26 09:26:02+05:30,989.5,32,988.31,698272,293769.0,283898.0,986.2,992.9,981.3,986.2,118062000,1084.8,887.6,1102.5,649.1,989.5,1983,8,989.4,2618,10,989.3,2490,11,989.2,3858,13,989.1,4746,21,989.9,99,2,990.0,167,4,990.1,298,3,990.2,909,4,990.3,1177,13
317,2025-11-26 09:26:03+05:30,989.6,12,988.31,699034,297965.0,280102.0,986.2,992.9,981.3,986.2,118062000,1084.8,887.6,1102.5,649.1,989.6,629,6,989.5,4564,15,989.4,2792,10,989.3,3226,12,989.2,2247,12,990.0,6,1,990.1,2,1,990.2,359,3,990.3,899,7,990.4,1641,10
317,2025-11-26 09:26:03+05:30,989.6,12,988.31,699034,297965.0,280102.0,986.2,992.9,981.3,986.2,118062000,1084.8,887.6,1102.5,649.1,989.6,629,6,989.5,4564,15,989.4,2792,10,989.3,3226,12,989.2,2247,12,990.0,6,1,990.1,2,1,990.2,359,3,990.3,899,7,990.4,1641,10
317,2025-11-26 09:26:04+05:30,989.6,33,988.31,699166,298070.0,280728.0,986.2,992.9,981.3,986.2,118062000,1084.8,887.6,1102.5,649.1,989.6,632,7,989.5,3627,12,989.4,3542,11,989.3,3226,12,989.2,2258,13,990.0,6,1,990.1,2,1,990.2,265,2,990.3,1130,8,990.4,1829,12
317,2025-11-26 09:26:04+05:30,989.6,33,988.31,699166,298070.0,280728.0,986.2,992.9,981.3,986.2,118062000,1084.8,887.6,1102.5,649.1,989.6,632,7,989.5,3627,12,989.4,3542,11,989.3,3226,12,989.2,2258,13,990.0,6,1,990.1,2,1,990.2,265,2,990.3,1130,8,990.4,1829,12
317,2025-11-26 09:26:05+05:30,989.7,26,988.31,699232,296846.0,280141.0,986.2,992.9,981.3,986.2,118062000,1084.8,887.6,1102.5,649.1,989.7,77,2,989.6,1036,7,989.5,2986,12,989.4,3693,14,989.3,2429,13,990.1,87,1,990.2,348,3,990.3,1039,7,990.4,995,10,990.5,2637,24
317,2025-11-26 09:26:05+05:30,989.7,26,988.31,699232,296846.0,280141.0,986.2,992.9,981.3,986.2,118062000,1084.8,887.6,1102.5,649.1,989.7,77,2,989.6,1036,7,989.5,2986,12,989.4,3693,14,989.3,2429,13,990.1,87,1,990.2,348,3,990.3,1039,7,990.4,995,10,990.5,2637,24
317,2025-11-26 09:26:06+05:30,990.0,25,988.32,699299,295465.0,280657.0,986.2,992.9,981.3,986.2,118062000,1084.8,887.6,1102.5,649.1,989.7,11,1,989.6,1009,5,989.5,2657,9,989.4,3588,12,989.3,2749,15,990.1,176,3,990.2,994,8,990.3,831,10,990.4,632,10,990.5,3105,25
317,2025-11-26 09:26:06+05:30,990.0,25,988.32,699299,295465.0,280657.0,986.2,992.9,981.3,986.2,118062000,1084.8,887.6,1102.5,649.1,989.7,11,1,989.6,1009,5,989.5,2657,9,989.4,3588,12,989.3,2749,15,990.1,176,3,990.2,994,8,990.3,831,10,990.4,632,10,990.5,3105,25
317,2025-11-26 09:26:07+05:30,990.0,40,988.32,701089,295075.0,282433.0,986.2,992.9,981.3,986.2,118062000,1084.8,887.6,1102.5,649.1,989.7,7,1,989.6,204,4,989.5,3185,10,989.4,2524,9,989.3,3928,11,990.0,97,2,990.1,378,4,990.2,893,6,990.3,860,11,990.4,2159,19
317,2025-11-26 09:26:07+05:30,989.6,6,988.32,701089,295075.0,282433.0,986.2,992.9,981.3,986.2,118062000,1084.8,887.6,1102.5,649.1,989.7,7,1,989.6,204,4,989.5,3185,10,989.4,2524,9,989.3,3928,11,990.0,97,2,990.1,378,4,990.2,893,6,990.3,860,11,990.4,2159,19
317,2025-11-26 09:26:08+05:30,990.3,16,988.32,701852,295062.0,279041.0,986.2,992.9,981.3,986.2,118062000,1084.8,887.6,1102.5,649.1,989.7,791,5,989.6,2828,12,989.5,2772,9,989.4,2487,10,989.3,1561,12,990.2,64,1,990.3,205,5,990.4,1375,10,990.5,2077,22,990.6,2431,14
317,2025-11-26 09:26:08+05:30,990.3,16,988.32,701852,295062.0,279041.0,986.2,992.9,981.3,986.2,118062000,1084.8,887.6,1102.5,649.1,989.7,791,5,989.6,2828,12,989.5,2772,9,989.4,2487,10,989.3,1561,12,990.2,64,1,990.3,205,5,990.4,1375,10,990.5,2077,22,990.6,2431,14
317,2025-11-26 09:26:09+05:30,990.1,1,988.32,702111,298097.0,282098.0,986.2,992.9,981.3,986.2,118062000,1084.8,887.6,1102.5,649.1,989.9,1,1,989.7,269,1,989.6,3046,9,989.5,2632,8,989.4,3589,14,990.1,115,2,990.2,814,5,990.3,789,9,990.4,1068,9,990.5,2025,24
317,2025-11-26 09:26:09+05:30,990.1,1,988.32,702111,298097.0,282098.0,986.2,992.9,981.3,986.2,118062000,1084.8,887.6,1102.5,649.1,989.9,1,1,989.7,269,1,989.6,3046,9,989.5,2632,8,989.4,3589,14,990.1,115,2,990.2,814,5,990.3,789,9,990.4,1068,9,990.5,2025,24
317,2025-11-26 09:26:10+05:30,989.7,111,988.32,702276,297701.0,281823.0,986.2,992.9,981.3,986.2,118062000,1084.8,887.6,1102.5,649.1,989.7,228,2,989.6,2244,8,989.5,1794,5,989.4,4245,14,989.3,2487,12,990.1,122,2,990.2,925,6,990.3,828,11,990.4,1413,11,990.5,2622,27
317,2025-11-26 09:26:10+05:30,989.7,111,988.32,702276,297701.0,281823.0,986.2,992.9,981.3,986.2,118062000,1084.8,887.6,1102.5,649.1,989.7,228,2,989.6,2244,8,989.5,1794,5,989.4,4245,14,989.3,2487,12,990.1,122,2,990.2,925,6,990.3,828,11,990.4,1413,11,990.5,2622,27
317,2025-11-26 09:26:11+05:30,989.7,111,988.32,702276,295035.0,281366.0,986.2,992.9,981.3,986.2,118062000,1084.8,887.6,1102.5,649.1,990.0,40,1,989.7,625,6,989.6,2528,9,989.5,2732,9,989.4,1245,10,990.2,366,2,990.3,575,9,990.4,1351,10,990.5,2025,24,990.6,2443,15
317,2025-11-26 09:26:11+05:30,990.0,26,988.32,702276,295035.0,281366.0,986.2,992.9,981.3,986.2,118062000,1084.8,887.6,1102.5,649.1,990.0,40,1,989.7,625,6,989.6,2528,9,989.5,2732,9,989.4,1245,10,990.2,366,2,990.3,575,9,990.4,1351,10,990.5,2025,24,990.6,2443,15
317,2025-11-26 09:26:12+05:30,990.0,26,988.32,702302,297029.0,283264.0,986.2,992.9,981.3,986.2,118062000,1084.8,887.6,1102.5,649.1,990.0,14,1,989.7,153,2,989.6,2351,7,989.5,1897,8,989.4,2082,12,990.2,543,4,990.3,813,10,990.4,786,10,990.5,2535,26,990.6,1943,14
317,2025-11-26 09:26:13+05:30,990.2,5,988.32,702341,298476.0,283886.0,986.2,992.9,981.3,986.2,118062000,1084.8,887.6,1102.5,649.1,990.0,10,2,989.7,787,6,989.6,2362,8,989.5,2636,8,989.4,1382,12,990.2,428,3,990.3,1022,9,990.4,786,10,990.5,1874,22,990.6,2482,15
317,2025-11-26 09:26:13+05:30,990.2,5,988.32,702341,298476.0,283886.0,986.2,992.9,981.3,986.2,118062000,1084.8,887.6,1102.5,649.1,990.0,10,2,989.7,787,6,989.6,2362,8,989.5,2636,8,989.4,1382,12,990.2,428,3,990.3,1022,9,990.4,786,10,990.5,1874,22,990.6,2482,15
317,2025-11-26 09:26:14+05:30,990.2,5,988.32,702341,298264.0,283883.0,986.2,992.9,981.3,986.2,118062000,1084.8,887.6,1102.5,649.1,990.0,15,3,989.7,675,5,989.6,2362,8,989.5,2634,7,989.4,1382,12,990.2,428,3,990.3,1022,9,990.4,776,9,990.5,1874,22,990.6,2482,15
317,2025-11-26 09:26:15+05:30,990.2,5,988.32,702341,298042.0,284122.0,986.2,992.9,981.3,986.2,118062000,1084.8,887.6,1102.5,649.1,990.0,15,3,989.7,536,4,989.6,2160,7,989.5,2873,9,989.4,1382,12,990.2,567,4,990.3,1022,9,990.4,776,9,990.5,2374,23,990.6,1982,14
317,2025-11-26 09:26:16+05:30,990.2,10,988.32,702341,298042.0,284122.0,986.2,992.9,981.3,986.2,118062000,1084.8,887.6,1102.5,649.1,990.0,15,3,989.7,536,4,989.6,2160,7,989.5,2873,9,989.4,1382,12,990.2,567,4,990.3,1022,9,990.4,776,9,990.5,2374,23,990.6,1982,14
317,2025-11-26 09:26:16+05:30,990.2,10,988.32,702352,301070.0,283886.0,986.2,992.9,981.3,986.2,118062000,1084.8,887.6,1102.5,649.1,990.0,15,3,989.7,2988,8,989.6,2160,7,989.5,2934,13,989.4,2106,11,990.2,292,1,990.3,400,7,990.4,1274,9,990.5,1874,22,990.6,2482,15
317,2025-11-26 09:26:17+05:30,990.2,10,988.32,702352,300898.0,283539.0,986.2,992.9,981.3,986.2,118062000,1084.8,887.6,1102.5,649.1,990.0,58,5,989.7,2988,8,989.6,2247,8,989.5,2934,13,989.4,2106,11,990.2,292,1,990.3,77,3,990.4,1346,10,990.5,1788,21,990.6,1972,13
317,2025-11-26 09:26:18+05:30,990.1,1,988.32,702352,300898.0,283539.0,986.2,992.9,981.3,986.2,118062000,1084.8,887.6,1102.5,649.1,990.0,58,5,989.7,2988,8,989.6,2247,8,989.5,2934,13,989.4,2106,11,990.2,292,1,990.3,77,3,990.4,1346,10,990.5,1788,21,990.6,1972,13
317,2025-11-26 09:26:18+05:30,990.1,1,988.32,702650,305380.0,281287.0,986.2,992.9,981.3,986.2,118062000,1084.8,887.6,1102.5,649.1,990.1,749,1,990.0,157,6,989.9,1486,8,989.8,3304,8,989.7,4077,14,990.2,296,1,990.3,32,2,990.5,864,8,990.6,1049,6,990.7,2170,21
317,2025-11-26 09:26:19+05:30,990.1,65,988.32,702650,305380.0,281287.0,986.2,992.9,981.3,986.2,118062000,1084.8,887.6,1102.5,649.1,990.1,749,1,990.0,157,6,989.9,1486,8,989.8,3304,8,989.7,4077,14,990.2,296,1,990.3,32,2,990.5,864,8,990.6,1049,6,990.7,2170,21
317,2025-11-26 09:26:20+05:30,990.2,100,988.32,702816,307119.0,281020.0,986.2,992.9,981.3,986.2,118062000,1084.8,887.6,1102.5,649.1,990.1,813,4,990.0,485,7,989.9,2267,8,989.8,3317,10,989.7,4943,19,990.2,203,2,990.3,32,2,990.5,864,8,990.6,600,7,990.7,2228,23
317,2025-11-26 09:26:20+05:30,990.2,100,988.32,702816,307119.0,281020.0,986.2,992.9,981.3,986.2,118062000,1084.8,887.6,1102.5,649.1,990.1,813,4,990.0,485,7,989.9,2267,8,989.8,3317,10,989.7,4943,19,990.2,203,2,990.3,32,2,990.5,864,8,990.6,600,7,990.7,2228,23
317,2025-11-26 09:26:21+05:30,990.1,26,988.32,702869,311256.0,281366.0,986.2,992.9,981.3,986.2,118062000,1084.8,887.6,1102.5,649.1,990.1,787,4,990.0,485,7,989.9,3017,9,989.8,2673,10,989.7,4943,19,990.2,176,2,990.3,32,2,990.5,864,8,990.6,775,6,990.7,2145,23
317,2025-11-26 09:26:21+05:30,990.2,10,988.32,702869,311256.0,281366.0,986.2,992.9,981.3,986.2,118062000,1084.8,887.6,1102.5,649.1,990.1,787,4,990.0,485,7,989.9,3017,9,989.8,2673,10,989.7,4943,19,990.2,176,2,990.3,32,2,990.5,864,8,990.6,775,6,990.7,2145,23
317,2025-11-26 09:26:22+05:30,990.1,13,988.32,702912,311216.0,282836.0,986.2,992.9,981.3,986.2,118062000,1084.8,887.6,1102.5,649.1,990.1,774,4,990.0,398,6,989.9,3102,10,989.8,2638,8,989.7,4943,19,990.2,146,2,990.3,32,2,990.5,864,8,990.6,1001,7,990.7,2145,23
317,2025-11-26 09:26:22+05:30,990.1,13,988.32,702912,311216.0,282836.0,986.2,992.9,981.3,986.2,118062000,1084.8,887.6,1102.5,649.1,990.1,774,4,990.0,398,6,989.9,3102,10,989.8,2638,8,989.7,4943,19,990.2,146,2,990.3,32,2,990.5,864,8,990.6,1001,7,990.7,2145,23
317,2025-11-26 09:26:23+05:30,990.2,4,988.32,703566,316515.0,279118.0,986.2,992.9,981.3,986.2,118062000,1084.8,887.6,1102.5,649.1,990.1,384,6,990.0,991,10,989.9,3778,11,989.8,1641,9,989.7,5311,22,990.2,4,1,990.5,522,3,990.6,52,3,990.7,1739,16,990.8,1567,10
317,2025-11-26 09:26:23+05:30,990.2,4,988.32,703566,316515.0,279118.0,986.2,992.9,981.3,986.2,118062000,1084.8,887.6,1102.5,649.1,990.1,384,6,990.0,991,10,989.9,3778,11,989.8,1641,9,989.7,5311,22,990.2,4,1,990.5,522,3,990.6,52,3,990.7,1739,16,990.8,1567,10
317,2025-11-26 09:26:24+05:30,990.2,3,988.32,703699,317100.0,280764.0,986.2,992.9,981.3,986.2,118062000,1084.8,887.6,1102.5,649.1,990.1,14,1,990.0,906,9,989.9,3948,13,989.8,1631,8,989.7,4599,22,990.2,1,1,990.5,661,4,990.6,788,5,990.7,1446,17,990.8,2185,14
317,2025-11-26 09:26:24+05:30,990.2,2,988.32,703699,317100.0,280764.0,986.2,992.9,981.3,986.2,118062000,1084.8,887.6,1102.5,649.1,990.1,14,1,990.0,906,9,989.9,3948,13,989.8,1631,8,989.7,4599,22,990.2,1,1,990.5,661,4,990.6,788,5,990.7,1446,17,990.8,2185,14
317,2025-11-26 09:26:25+05:30,990.2,13,988.32,703717,311237.0,280299.0,986.2,992.9,981.3,986.2,118062000,1084.8,887.6,1102.5,649.1,990.2,34,1,990.1,14,1,990.0,736,7,989.9,3048,10,989.8,1524,7,990.5,522,3,990.6,788,5,990.7,1622,18,990.8,2526,17,990.9,1760,19
317,2025-11-26 09:26:25+05:30,990.2,13,988.32,703717,311237.0,280299.0,986.2,992.9,981.3,986.2,118062000,1084.8,887.6,1102.5,649.1,990.2,34,1,990.1,14,1,990.0,736,7,989.9,3048,10,989.8,1524,7,990.5,522,3,990.6,788,5,990.7,1622,18,990.8,2526,17,990.9,1760,19
317,2025-11-26 09:26:26+05:30,990.2,13,988.32,703717,311237.0,280299.0,986.2,992.9,981.3,986.2,118062000,1084.8,887.6,1102.5,649.1,990.2,34,1,990.1,14,1,990.0,736,7,989.9,3048,10,989.8,1524,7,990.5,522,3,990.6,788,5,990.7,1622,18,990.8,2526,17,990.9,1760,19
317,2025-11-26 09:26:26+05:30,990.2,13,988.32,703730,310444.0,280845.0,986.2,992.9,981.3,986.2,118062000,1084.8,887.6,1102.5,649.1,990.2,35,2,990.0,554,6,989.9,2683,8,989.8,1323,6,989.7,2235,17,990.5,831,6,990.6,1432,9,990.7,1622,18,990.8,2557,18,990.9,1922,20
317,2025-11-26 09:26:27+05:30,990.5,50,988.32,703730,310444.0,280845.0,986.2,992.9,981.3,986.2,118062000,1084.8,887.6,1102.5,649.1,990.2,35,2,990.0,554,6,989.9,2683,8,989.8,1323,6,989.7,2235,17,990.5,831,6,990.6,1432,9,990.7,1622,18,990.8,2557,18,990.9,1922,20
317,2025-11-26 09:26:27+05:30,990.5,50,988.33,703780,310433.0,280711.0,986.2,992.9,981.3,986.2,118062000,1084.8,887.6,1102.5,649.1,990.2,35,2,990.0,554,6,989.9,2788,9,989.8,1323,6,989.7,2985,18,990.5,696,5,990.6,1407,7,990.7,1648,20,990.8,2557,18,990.9,1922,20
317,2025-11-26 09:26:28+05:30,990.1,15,988.33,703780,310433.0,280711.0,986.2,992.9,981.3,986.2,118062000,1084.8,887.6,1102.5,649.1,990.2,35,2,990.0,554,6,989.9,2788,9,989.8,1323,6,989.7,2985,18,990.5,696,5,990.6,1407,7,990.7,1648,20,990.8,2557,18,990.9,1922,20
317,2025-11-26 09:26:29+05:30,990.1,15,988.33,704088,315525.0,282726.0,986.2,992.9,981.3,986.2,118062000,1084.8,887.6,1102.5,649.1,990.0,740,7,989.9,3408,7,989.8,1248,5,989.7,5316,22,989.6,1351,10,990.1,85,1,990.3,121,2,990.4,320,3,990.5,557,4,990.6,1233,8
317,2025-11-26 09:26:30+05:30,990.0,21,988.33,704140,315690.0,282415.0,986.2,992.9,981.3,986.2,118062000,1084.8,887.6,1102.5,649.1,990.0,2188,6,989.9,2658,6,989.8,2684,8,989.7,3457,15,989.6,1543,10,990.1,85,1,990.3,100,1,990.4,320,3,990.5,472,3,990.6,843,9
317,2025-11-26 09:26:30+05:30,990.0,21,988.33,704140,315690.0,282415.0,986.2,992.9,981.3,986.2,118062000,1084.8,887.6,1102.5,649.1,990.0,2188,6,989.9,2658,6,989.8,2684,8,989.7,3457,15,989.6,1543,10,990.1,85,1,990.3,100,1,990.4,320,3,990.5,472,3,990.6,843,9
317,2025-11-26 09:26:31+05:30,990.0,13,988.33,704238,315592.0,281194.0,986.2,992.9,981.3,986.2,118062000,1084.8,887.6,1102.5,649.1,990.0,3008,8,989.9,2131,8,989.8,3743,11,989.7,2707,14,989.6,793,9,990.3,100,1,990.4,118,2,990.5,472,3,990.6,433,4,990.7,1713,19
317,2025-11-26 09:26:31+05:30,990.0,13,988.33,704238,315592.0,281194.0,986.2,992.9,981.3,986.2,118062000,1084.8,887.6,1102.5,649.1,990.0,3008,8,989.9,2131,8,989.8,3743,11,989.7,2707,14,989.6,793,9,990.3,100,1,990.4,118,2,990.5,472,3,990.6,433,4,990.7,1713,19
317,2025-11-26 09:26:32+05:30,990.1,13,988.33,704251,316394.0,280496.0,986.2,992.9,981.3,986.2,118062000,1084.8,887.6,1102.5,649.1,990.1,2,1,990.0,2939,8,989.9,2881,9,989.8,3826,12,989.7,2753,15,990.3,144,2,990.4,118,2,990.5,555,4,990.6,433,4,990.7,1713,19
317,2025-11-26 09:26:32+05:30,990.0,33,988.33,704251,316394.0,280496.0,986.2,992.9,981.3,986.2,118062000,1084.8,887.6,1102.5,649.1,990.1,2,1,990.0,2939,8,989.9,2881,9,989.8,3826,12,989.7,2753,15,990.3,144,2,990.4,118,2,990.5,555,4,990.6,433,4,990.7,1713,19
317,2025-11-26 09:26:33+05:30,990.3,60,988.33,704346,316169.0,280013.0,986.2,992.9,981.3,986.2,118062000,1084.8,887.6,1102.5,649.1,990.1,1,1,990.0,2989,10,989.9,2891,10,989.8,3743,11,989.7,2753,15,990.3,84,2,990.4,118,2,990.5,472,3,990.6,433,4,990.7,1713,19
317,2025-11-26 09:26:33+05:30,990.3,60,988.33,704346,316169.0,280013.0,986.2,992.9,981.3,986.2,118062000,1084.8,887.6,1102.5,649.1,990.1,1,1,990.0,2989,10,989.9,2891,10,989.8,3743,11,989.7,2753,15,990.3,84,2,990.4,118,2,990.5,472,3,990.6,433,4,990.7,1713,19
317,2025-11-26 09:26:34+05:30,990.0,27,988.33,704447,316113.0,280085.0,986.2,992.9,981.3,986.2,118062000,1084.8,887.6,1102.5,649.1,990.0,3019,9,989.9,2881,9,989.8,3743,11,989.7,2763,16,989.6,793,9,990.3,54,2,990.4,118,2,990.5,472,3,990.6,693,4,990.7,1713,19
317,2025-11-26 09:26:34+05:30,990.0,27,988.33,704447,316113.0,280085.0,986.2,992.9,981.3,986.2,118062000,1084.8,887.6,1102.5,649.1,990.0,3019,9,989.9,2881,9,989.8,3743,11,989.7,2763,16,989.6,793,9,990.3,54,2,990.4,118,2,990.5,472,3,990.6,693,4,990.7,1713,19
317,2025-11-26 09:26:35+05:30,990.0,12,988.33,704460,316113.0,280160.0,986.2,992.9,981.3,986.2,118062000,1084.8,887.6,1102.5,649.1,990.0,2936,9,989.9,2882,9,989.8,3741,11,989.7,2013,15,989.6,1543,10,990.3,54,2,990.4,118,2,990.5,552,4,990.6,1138,9,990.7,1982,22
317,2025-11-26 09:26:35+05:30,990.3,3,988.33,704460,316113.0,280160.0,986.2,992.9,981.3,986.2,118062000,1084.8,887.6,1102.5,649.1,990.0,2936,9,989.9,2882,9,989.8,3741,11,989.7,2013,15,989.6,1543,10,990.3,54,2,990.4,118,2,990.5,552,4,990.6,1138,9,990.7,1982,22
317,2025-11-26 09:26:36+05:30,990.0,1,988.33,704514,316003.0,280567.0,986.2,992.9,981.3,986.2,118062000,1084.8,887.6,1102.5,649.1,990.0,2683,8,989.9,2799,8,989.8,3741,11,989.7,2763,16,989.6,1019,10,990.3,51,2,990.4,118,2,990.5,472,3,990.6,1138,9,990.7,1982,22
317,2025-11-26 09:26:36+05:30,990.3,59,988.33,704514,316003.0,280567.0,986.2,992.9,981.3,986.2,118062000,1084.8,887.6,1102.5,649.1,990.0,2683,8,989.9,2799,8,989.8,3741,11,989.7,2763,16,989.6,1019,10,990.3,51,2,990.4,118,2,990.5,472,3,990.6,1138,9,990.7,1982,22
317,2025-11-26 09:26:37+05:30,990.0,13,988.33,704851,316229.0,275877.0,986.2,992.9,981.3,986.2,118062000,1084.8,887.6,1102.5,649.1,990.1,3462,8,990.0,2024,11,989.9,3699,11,989.8,1263,6,989.7,1890,11,990.5,62,1,990.6,34,2,990.7,1027,6,990.8,930,10,990.9,1874,17
317,2025-11-26 09:26:37+05:30,990.0,13,988.33,704851,316229.0,275877.0,986.2,992.9,981.3,986.2,118062000,1084.8,887.6,1102.5,649.1,990.1,3462,8,990.0,2024,11,989.9,3699,11,989.8,1263,6,989.7,1890,11,990.5,62,1,990.6,34,2,990.7,1027,6,990.8,930,10,990.9,1874,17
317,2025-11-26 09:26:38+05:30,990.6,30,988.33,704851,316229.0,275877.0,986.2,992.9,981.3,986.2,118062000,1084.8,887.6,1102.5,649.1,990.1,3462,8,990.0,2024,11,989.9,3699,11,989.8,1263,6,989.7,1890,11,990.5,62,1,990.6,34,2,990.7,1027,6,990.8,930,10,990.9,1874,17
317,2025-11-26 09:26:38+05:30,990.6,30,988.33,704950,321374.0,276511.0,986.2,992.9,981.3,986.2,118062000,1084.8,887.6,1102.5,649.1,990.3,3262,8,990.2,2663,7,990.1,2988,11,990.0,2961,15,989.9,971,10,990.6,34,2,990.7,20,1,990.9,564,5,991.0,3184,13,991.1,1985,17
317,2025-11-26 09:26:39+05:30,991.0,665,988.33,704950,321374.0,276511.0,986.2,992.9,981.3,986.2,118062000,1084.8,887.6,1102.5,649.1,990.3,3262,8,990.2,2663,7,990.1,2988,11,990.0,2961,15,989.9,971,10,990.6,34,2,990.7,20,1,990.9,564,5,991.0,3184,13,991.1,1985,17
317,2025-11-26 09:26:39+05:30,991.0,1,988.33,705771,321828.0,275005.0,986.2,992.9,981.3,986.2,118062000,1084.8,887.6,1102.5,649.1,990.7,1599,3,990.6,2430,6,990.5,3753,14,990.4,1716,12,990.3,1406,13,991.0,2359,10,991.1,1558,11,991.2,442,3,991.3,1424,16,991.4,966,7
317,2025-11-26 09:26:40+05:30,991.0,25,988.33,705771,321828.0,275005.0,986.2,992.9,981.3,986.2,118062000,1084.8,887.6,1102.5,649.1,990.7,1599,3,990.6,2430,6,990.5,3753,14,990.4,1716,12,990.3,1406,13,991.0,2359,10,991.1,1558,11,991.2,442,3,991.3,1424,16,991.4,966,7
317,2025-11-26 09:26:40+05:30,991.0,25,988.33,705952,317807.0,275902.0,986.2,992.9,981.3,986.2,118062000,1084.8,887.6,1102.5,649.1,990.7,3022,7,990.6,2795,8,990.5,3939,16,990.4,1452,9,990.3,1306,10,991.0,2347,11,991.1,1419,10,991.2,158,1,991.3,2050,19,991.4,1117,10
317,2025-11-26 09:26:41+05:30,990.7,26,988.33,705952,317807.0,275902.0,986.2,992.9,981.3,986.2,118062000,1084.8,887.6,1102.5,649.1,990.7,3022,7,990.6,2795,8,990.5,3939,16,990.4,1452,9,990.3,1306,10,991.0,2347,11,991.1,1419,10,991.2,158,1,991.3,2050,19,991.4,1117,10
317,2025-11-26 09:26:41+05:30,990.7,26,988.33,705978,317317.0,276265.0,986.2,992.9,981.3,986.2,118062000,1084.8,887.6,1102.5,649.1,990.7,2830,6,990.6,2795,8,990.5,3929,15,990.4,1452,9,990.3,1316,11,991.0,2397,12,991.1,1558,11,991.2,686,5,991.3,1564,19,991.4,1117,10
317,2025-11-26 09:26:42+05:30,990.7,1,988.33,705978,317317.0,276265.0,986.2,992.9,981.3,986.2,118062000,1084.8,887.6,1102.5,649.1,990.7,2830,6,990.6,2795,8,990.5,3929,15,990.4,1452,9,990.3,1316,11,991.0,2397,12,991.1,1558,11,991.2,686,5,991.3,1564,19,991.4,1117,10
317,2025-11-26 09:26:43+05:30,991.0,5,988.33,705997,317035.0,276254.0,986.2,992.9,981.3,986.2,118062000,1084.8,887.6,1102.5,649.1,990.7,2816,6,990.6,2793,8,990.5,3936,16,990.4,1452,9,990.3,1306,10,991.0,2392,12,991.1,1419,10,991.2,259,3,991.3,1703,20,991.4,1117,10
317,2025-11-26 09:26:43+05:30,991.0,50,988.33,705997,317035.0,276254.0,986.2,992.9,981.3,986.2,118062000,1084.8,887.6,1102.5,649.1,990.7,2816,6,990.6,2793,8,990.5,3936,16,990.4,1452,9,990.3,1306,10,991.0,2392,12,991.1,1419,10,991.2,259,3,991.3,1703,20,991.4,1117,10
317,2025-11-26 09:26:44+05:30,991.0,25,988.33,706072,315944.0,275635.0,986.2,992.9,981.3,986.2,118062000,1084.8,887.6,1102.5,649.1,990.7,2893,7,990.6,2814,9,990.5,3567,13,990.4,1452,9,990.3,1306,10,991.0,2317,12,991.1,1558,11,991.2,493,5,991.3,1620,19,991.4,1197,11
317,2025-11-26 09:26:44+05:30,991.0,25,988.33,706072,315944.0,275635.0,986.2,992.9,981.3,986.2,118062000,1084.8,887.6,1102.5,649.1,990.7,2893,7,990.6,2814,9,990.5,3567,13,990.4,1452,9,990.3,1306,10,991.0,2317,12,991.1,1558,11,991.2,493,5,991.3,1620,19,991.4,1197,11
317,2025-11-26 09:26:45+05:30,990.7,13,988.33,706085,316057.0,274695.0,986.2,992.9,981.3,986.2,118062000,1084.8,887.6,1102.5,649.1,990.7,2992,9,990.6,2814,9,990.5,3571,13,990.4,1452,9,990.3,1306,10,991.0,2317,12,991.1,1288,9,991.2,292,4,991.3,1620,19,991.4,1197,11
317,2025-11-26 09:26:45+05:30,990.7,13,988.33,706085,316057.0,274695.0,986.2,992.9,981.3,986.2,118062000,1084.8,887.6,1102.5,649.1,990.7,2992,9,990.6,2814,9,990.5,3571,13,990.4,1452,9,990.3,1306,10,991.0,2317,12,991.1,1288,9,991.2,292,4,991.3,1620,19,991.4,1197,11
317,2025-11-26 09:26:46+05:30,991.0,50,988.33,706147,316017.0,274153.0,986.2,992.9,981.3,986.2,118062000,1084.8,887.6,1102.5,649.1,990.7,3206,10,990.6,2814,9,990.5,3580,14,990.4,1452,9,990.3,1080,9,991.0,2267,12,991.1,1419,10,991.2,292,4,991.3,1620,19,991.4,1197,11
317,2025-11-26 09:26:46+05:30,991.0,300,988.33,706147,316017.0,274153.0,986.2,992.9,981.3,986.2,118062000,1084.8,887.6,1102.5,649.1,990.7,3206,10,990.6,2814,9,990.5,3580,14,990.4,1452,9,990.3,1080,9,991.0,2267,12,991.1,1419,10,991.2,292,4,991.3,1620,19,991.4,1197,11
317,2025-11-26 09:26:47+05:30,991.0,293,988.34,706979,314089.0,278524.0,986.2,992.9,981.3,986.2,118062000,1084.8,887.6,1102.5,649.1,990.7,2276,7,990.6,2412,6,990.5,3466,10,990.4,1461,10,990.3,1306,10,991.0,2977,12,991.1,1419,10,991.2,320,5,991.3,2253,21,991.4,1773,13
317,2025-11-26 09:26:47+05:30,990.7,103,988.34,706979,314089.0,278524.0,986.2,992.9,981.3,986.2,118062000,1084.8,887.6,1102.5,649.1,990.7,2276,7,990.6,2412,6,990.5,3466,10,990.4,1461,10,990.3,1306,10,991.0,2977,12,991.1,1419,10,991.2,320,5,991.3,2253,21,991.4,1773,13
317,2025-11-26 09:26:48+05:30,991.0,40,988.34,707174,316793.0,278555.0,986.2,992.9,981.3,986.2,118062000,1084.8,887.6,1102.5,649.1,990.8,1448,2,990.7,3997,11,990.6,3877,12,990.5,1318,11,990.4,702,8,991.0,2986,13,991.1,1740,11,991.2,26,1,991.3,1796,21,991.4,1193,11
317,2025-11-26 09:26:48+05:30,990.8,104,988.34,707174,316793.0,278555.0,986.2,992.9,981.3,986.2,118062000,1084.8,887.6,1102.5,649.1,990.8,1448,2,990.7,3997,11,990.6,3877,12,990.5,1318,11,990.4,702,8,991.0,2986,13,991.1,1740,11,991.2,26,1,991.3,1796,21,991.4,1193,11
317,2025-11-26 09:26:49+05:30,990.8,39,988.34,707318,320330.0,278760.0,986.2,992.9,981.3,986.2,118062000,1084.8,887.6,1102.5,649.1,990.8,2080,4,990.7,3302,8,990.6,3810,12,990.5,1296,9,990.4,702,8,991.0,3000,14,991.1,1740,11,991.2,339,3,991.3,1719,20,991.4,1193,11
317,2025-11-26 09:26:49+05:30,990.8,39,988.34,707318,320330.0,278760.0,986.2,992.9,981.3,986.2,118062000,1084.8,887.6,1102.5,649.1,990.8,2080,4,990.7,3302,8,990.6,3810,12,990.5,1296,9,990.4,702,8,991.0,3000,14,991.1,1740,11,991.2,339,3,991.3,1719,20,991.4,1193,11
317,2025-11-26 09:26:50+05:30,990.8,28,988.34,707346,320374.0,278737.0,986.2,992.9,981.3,986.2,118062000,1084.8,887.6,1102.5,649.1,990.8,2052,4,990.7,3302,8,990.6,3810,12,990.5,1296,9,990.4,702,8,991.0,3000,14,991.1,1740,11,991.2,339,3,991.3,1719,20,991.4,1216,12
317,2025-11-26 09:26:50+05:30,991.0,4,988.34,707346,320374.0,278737.0,986.2,992.9,981.3,986.2,118062000,1084.8,887.6,1102.5,649.1,990.8,2052,4,990.7,3302,8,990.6,3810,12,990.5,1296,9,990.4,702,8,991.0,3000,14,991.1,1740,11,991.2,339,3,991.3,1719,20,991.4,1216,12
317,2025-11-26 09:26:51+05:30,991.0,21,988.34,707371,320291.0,278962.0,986.2,992.9,981.3,986.2,118062000,1084.8,887.6,1102.5,649.1,990.8,2065,5,990.7,3123,6,990.6,3828,13,990.5,1296,9,990.4,702,8,991.0,3075,15,991.1,1879,12,991.2,540,4,991.3,1709,19,991.4,1206,11
317,2025-11-26 09:26:51+05:30,991.0,21,988.34,707371,320291.0,278962.0,986.2,992.9,981.3,986.2,118062000,1084.8,887.6,1102.5,649.1,990.8,2065,5,990.7,3123,6,990.6,3828,13,990.5,1296,9,990.4,702,8,991.0,3075,15,991.1,1879,12,991.2,540,4,991.3,1709,19,991.4,1206,11
317,2025-11-26 09:26:52+05:30,991.0,101,988.34,707474,320221.0,278917.0,986.2,992.9,981.3,986.2,118062000,1084.8,887.6,1102.5,649.1,990.8,2045,4,990.7,3123,6,990.6,3828,13,990.5,1296,9,990.4,702,8,991.0,2972,15,991.1,1740,11,991.2,314,3,991.3,1709,19,991.4,1206,11
317,2025-11-26 09:26:52+05:30,991.0,101,988.34,707474,320221.0,278917.0,986.2,992.9,981.3,986.2,118062000,1084.8,887.6,1102.5,649.1,990.8,2045,4,990.7,3123,6,990.6,3828,13,990.5,1296,9,990.4,702,8,991.0,2972,15,991.1,1740,11,991.2,314,3,991.3,1709,19,991.4,1206,11
317,2025-11-26 09:26:53+05:30,991.0,7,988.34,707474,320221.0,278917.0,986.2,992.9,981.3,986.2,118062000,1084.8,887.6,1102.5,649.1,990.8,2045,4,990.7,3123,6,990.6,3828,13,990.5,1296,9,990.4,702,8,991.0,2972,15,991.1,1740,11,991.2,314,3,991.3,1709,19,991.4,1206,11
317,2025-11-26 09:26:53+05:30,991.0,7,988.35,710858,318100.0,275654.0,986.2,992.9,981.3,986.2,118062000,1084.8,887.6,1102.5,649.1,990.8,1594,4,990.7,3609,11,990.6,4093,12,990.5,1334,12,990.4,672,6,991.0,272,6,991.1,1642,10,991.2,113,2,991.3,1245,16,991.4,1031,9
317,2025-11-26 09:26:54+05:30,990.7,1,988.35,710858,318100.0,275654.0,986.2,992.9,981.3,986.2,118062000,1084.8,887.6,1102.5,649.1,990.8,1594,4,990.7,3609,11,990.6,4093,12,990.5,1334,12,990.4,672,6,991.0,272,6,991.1,1642,10,991.2,113,2,991.3,1245,16,991.4,1031,9
317,2025-11-26 09:26:55+05:30,990.7,1,988.36,713128,322200.0,277745.0,986.2,992.9,981.3,986.2,118062000,1084.8,887.6,1102.5,649.1,990.7,2382,6,990.6,2376,8,990.5,2975,12,990.4,2986,14,990.3,1883,12,991.0,1643,8,991.1,1386,10,991.2,781,11,991.3,1745,17,991.4,1263,12
317,2025-11-26 09:26:55+05:30,991.0,3,988.36,713128,322200.0,277745.0,986.2,992.9,981.3,986.2,118062000,1084.8,887.6,1102.5,649.1,990.7,2382,6,990.6,2376,8,990.5,2975,12,990.4,2986,14,990.3,1883,12,991.0,1643,8,991.1,1386,10,991.2,781,11,991.3,1745,17,991.4,1263,12
317,2025-11-26 09:26:56+05:30,991.0,3,988.36,714075,321849.0,279310.0,986.2,992.9,981.3,986.2,118062000,1084.8,887.6,1102.5,649.1,990.7,2188,3,990.6,2352,7,990.5,4491,15,990.4,1478,11,990.3,1876,12,991.0,1437,8,991.1,1505,11,991.2,483,8,991.3,1554,17,991.4,1282,14
317,2025-11-26 09:26:56+05:30,990.7,129,988.36,714075,321849.0,279310.0,986.2,992.9,981.3,986.2,118062000,1084.8,887.6,1102.5,649.1,990.7,2188,3,990.6,2352,7,990.5,4491,15,990.4,1478,11,990.3,1876,12,991.0,1437,8,991.1,1505,11,991.2,483,8,991.3,1554,17,991.4,1282,14
317,2025-11-26 09:26:57+05:30,990.7,129,988.36,714204,321922.0,279287.0,986.2,992.9,981.3,986.2,118062000,1084.8,887.6,1102.5,649.1,990.7,2158,4,990.6,3102,8,990.5,3741,14,990.4,2228,12,990.3,1117,10,991.0,1437,8,991.1,1419,10,991.2,569,9,991.3,1554,17,991.4,1282,14
317,2025-11-26 09:26:57+05:30,991.0,335,988.36,714204,321922.0,279287.0,986.2,992.9,981.3,986.2,118062000,1084.8,887.6,1102.5,649.1,990.7,2158,4,990.6,3102,8,990.5,3741,14,990.4,2228,12,990.3,1117,10,991.0,1437,8,991.1,1419,10,991.2,569,9,991.3,1554,17,991.4,1282,14
317,2025-11-26 09:26:58+05:30,991.0,335,988.36,714763,322561.0,279120.0,986.2,992.9,981.3,986.2,118062000,1084.8,887.6,1102.5,649.1,990.7,2576,6,990.6,2500,8,990.5,3655,13,990.4,2215,11,990.3,1870,11,991.0,1080,7,991.1,1288,9,991.2,569,9,991.3,1640,18,991.4,1282,14
317,2025-11-26 09:26:58+05:30,991.0,10,988.36,714763,322561.0,279120.0,986.2,992.9,981.3,986.2,118062000,1084.8,887.6,1102.5,649.1,990.7,2576,6,990.6,2500,8,990.5,3655,13,990.4,2215,11,990.3,1870,11,991.0,1080,7,991.1,1288,9,991.2,569,9,991.3,1640,18,991.4,1282,14
317,2025-11-26 09:26:59+05:30,990.7,70,988.36,714940,320482.0,278606.0,986.2,992.9,981.3,986.2,118062000,1084.8,887.6,1102.5,649.1,990.7,2367,6,990.6,2414,7,990.5,3017,15,990.4,2952,11,990.3,1861,10,991.0,997,8,991.1,1374,10,991.2,481,7,991.3,1541,17,991.4,1199,13
317,2025-11-26 09:26:59+05:30,990.7,42,988.36,714940,320482.0,278606.0,986.2,992.9,981.3,986.2,118062000,1084.8,887.6,1102.5,649.1,990.7,2367,6,990.6,2414,7,990.5,3017,15,990.4,2952,11,990.3,1861,10,991.0,997,8,991.1,1374,10,991.2,481,7,991.3,1541,17,991.4,1199,13
317,2025-11-26 09:27:00+05:30,990.7,28,988.36,715013,322322.0,279375.0,986.2,992.9,981.3,986.2,118062000,1084.8,887.6,1102.5,649.1,990.7,2297,6,990.6,2213,6,990.5,2816,14,990.4,2952,11,990.3,1861,10,991.0,994,8,991.1,1961,13,991.2,682,8,991.3,1541,17,991.4,1285,14
317,2025-11-26 09:27:00+05:30,991.0,2,988.36,715013,322322.0,279375.0,986.2,992.9,981.3,986.2,118062000,1084.8,887.6,1102.5,649.1,990.7,2297,6,990.6,2213,6,990.5,2816,14,990.4,2952,11,990.3,1861,10,991.0,994,8,991.1,1961,13,991.2,682,8,991.3,1541,17,991.4,1285,14
317,2025-11-26 09:27:01+05:30,991.0,2,988.36,715020,322402.0,279495.0,986.2,992.9,981.3,986.2,118062000,1084.8,887.6,1102.5,649.1,990.7,2333,7,990.6,3104,8,990.5,4230,15,990.4,1462,10,990.3,1111,9,991.0,987,8,991.1,1875,12,991.2,826,9,991.3,1541,17,991.4,1285,14
317,2025-11-26 09:27:01+05:30,990.7,14,988.36,715020,322402.0,279495.0,986.2,992.9,981.3,986.2,118062000,1084.8,887.6,1102.5,649.1,990.7,2333,7,990.6,3104,8,990.5,4230,15,990.4,1462,10,990.3,1111,9,991.0,987,8,991.1,1875,12,991.2,826,9,991.3,1541,17,991.4,1285,14
317,2025-11-26 09:27:02+05:30,991.0,1,988.36,715035,322223.0,279561.0,986.2,992.9,981.3,986.2,118062000,1084.8,887.6,1102.5,649.1,990.7,2235,6,990.6,2875,6,990.5,4374,16,990.4,1462,10,990.3,1111,9,991.0,1336,10,991.1,1703,13,991.2,682,8,991.3,1640,18,991.4,1285,14
317,2025-11-26 09:27:02+05:30,991.0,1,988.36,715035,322223.0,279561.0,986.2,992.9,981.3,986.2,118062000,1084.8,887.6,1102.5,649.1,990.7,2235,6,990.6,2875,6,990.5,4374,16,990.4,1462,10,990.3,1111,9,991.0,1336,10,991.1,1703,13,991.2,682,8,991.3,1640,18,991.4,1285,14
317,2025-11-26 09:27:03+05:30,991.0,1,988.36,715035,318175.0,279659.0,986.2,992.9,981.3,986.2,118062000,1084.8,887.6,1102.5,649.1,990.7,2235,6,990.6,2875,6,990.5,4374,16,990.4,1462,10,990.3,1111,9,991.0,1385,11,991.1,1703,13,991.2,682,8,991.3,1640,18,991.4,1285,14
317,2025-11-26 09:27:04+05:30,991.0,22,988.36,715035,318175.0,279659.0,986.2,992.9,981.3,986.2,118062000,1084.8,887.6,1102.5,649.1,990.7,2235,6,990.6,2875,6,990.5,4374,16,990.4,1462,10,990.3,1111,9,991.0,1385,11,991.1,1703,13,991.2,682,8,991.3,1640,18,991.4,1285,14
317,2025-11-26 09:27:04+05:30,991.0,22,988.36,715057,320080.0,279849.0,986.2,992.9,981.3,986.2,118062000,1084.8,887.6,1102.5,649.1,990.7,2136,5,990.6,2125,5,990.5,3624,15,990.4,2962,12,990.3,1111,9,991.0,1363,11,991.1,1564,12,991.2,682,8,991.3,2034,21,991.4,1285,14
317,2025-11-26 09:27:05+05:30,990.7,14,988.36,715057,320080.0,279849.0,986.2,992.9,981.3,986.2,118062000,1084.8,887.6,1102.5,649.1,990.7,2136,5,990.6,2125,5,990.5,3624,15,990.4,2962,12,990.3,1111,9,991.0,1363,11,991.1,1564,12,991.2,682,8,991.3,2034,21,991.4,1285,14
317,2025-11-26 09:27:06+05:30,990.7,14,988.36,715071,318609.0,279441.0,986.2,992.9,981.3,986.2,118062000,1084.8,887.6,1102.5,649.1,990.8,100,1,990.7,2122,5,990.6,2869,6,990.5,4368,16,990.4,1452,9,991.0,1463,12,991.1,1564,12,991.2,469,3,991.3,1988,18,991.4,1252,12
317,2025-11-26 09:27:06+05:30,991.0,79,988.36,715071,318609.0,279441.0,986.2,992.9,981.3,986.2,118062000,1084.8,887.6,1102.5,649.1,990.8,100,1,990.7,2122,5,990.6,2869,6,990.5,4368,16,990.4,1452,9,991.0,1463,12,991.1,1564,12,991.2,469,3,991.3,1988,18,991.4,1252,12
317,2025-11-26 09:27:07+05:30,991.0,20,988.37,715363,321679.0,279951.0,986.2,992.9,981.3,986.2,118062000,1084.8,887.6,1102.5,649.1,990.7,2892,7,990.6,3233,9,990.5,4425,16,990.4,1462,10,990.3,1354,10,991.0,1375,13,991.1,1589,13,991.2,734,7,991.3,2046,18,991.4,1252,12
317,2025-11-26 09:27:07+05:30,991.0,20,988.37,715363,321679.0,279951.0,986.2,992.9,981.3,986.2,118062000,1084.8,887.6,1102.5,649.1,990.7,2892,7,990.6,3233,9,990.5,4425,16,990.4,1462,10,990.3,1354,10,991.0,1375,13,991.1,1589,13,991.2,734,7,991.3,2046,18,991.4,1252,12
317,2025-11-26 09:27:08+05:30,991.0,20,988.37,715363,322594.0,279355.0,986.2,992.9,981.3,986.2,118062000,1084.8,887.6,1102.5,649.1,990.9,15,1,990.8,2088,4,990.7,3874,13,990.6,3125,11,990.5,3006,13,991.0,1378,14,991.1,239,5,991.2,523,4,991.3,1640,16,991.4,897,12
317,2025-11-26 09:27:08+05:30,990.8,41,988.37,715363,322594.0,279355.0,986.2,992.9,981.3,986.2,118062000,1084.8,887.6,1102.5,649.1,990.9,15,1,990.8,2088,4,990.7,3874,13,990.6,3125,11,990.5,3006,13,991.0,1378,14,991.1,239,5,991.2,523,4,991.3,1640,16,991.4,897,12
317,2025-11-26 09:27:09+05:30,991.0,50,988.37,715469,320418.0,279732.0,986.2,992.9,981.3,986.2,118062000,1084.8,887.6,1102.5,649.1,990.8,1948,3,990.7,3893,13,990.6,3115,10,990.5,3014,13,990.4,752,9,991.0,1304,14,991.1,108,4,991.2,326,3,991.3,1720,17,991.4,1054,14
317,2025-11-26 09:27:09+05:30,991.0,50,988.37,715469,320418.0,279732.0,986.2,992.9,981.3,986.2,118062000,1084.8,887.6,1102.5,649.1,990.8,1948,3,990.7,3893,13,990.6,3115,10,990.5,3014,13,990.4,752,9,991.0,1304,14,991.1,108,4,991.2,326,3,991.3,1720,17,991.4,1054,14
317,2025-11-26 09:27:10+05:30,990.8,14,988.37,715483,324591.0,279554.0,986.2,992.9,981.3,986.2,118062000,1084.8,887.6,1102.5,649.1,990.8,1948,4,990.7,3735,11,990.6,3423,12,990.5,3004,12,990.4,752,9,991.0,1306,15,991.1,108,4,991.2,326,3,991.3,1720,17,991.4,1064,15
317,2025-11-26 09:27:10+05:30,990.8,14,988.37,715483,324591.0,279554.0,986.2,992.9,981.3,986.2,118062000,1084.8,887.6,1102.5,649.1,990.8,1948,4,990.7,3735,11,990.6,3423,12,990.5,3004,12,990.4,752,9,991.0,1306,15,991.1,108,4,991.2,326,3,991.3,1720,17,991.4,1064,15
317,2025-11-26 09:27:11+05:30,991.0,50,988.37,715533,324600.0,279638.0,986.2,992.9,981.3,986.2,118062000,1084.8,887.6,1102.5,649.1,990.8,1948,4,990.7,3735,11,990.6,3423,12,990.5,3004,12,990.4,752,9,991.0,1261,16,991.1,108,4,991.2,326,3,991.3,1720,17,991.4,1164,16
317,2025-11-26 09:27:11+05:30,991.0,100,988.37,715533,324600.0,279638.0,986.2,992.9,981.3,986.2,118062000,1084.8,887.6,1102.5,649.1,990.8,1948,4,990.7,3735,11,990.6,3423,12,990.5,3004,12,990.4,752,9,991.0,1261,16,991.1,108,4,991.2,326,3,991.3,1720,17,991.4,1164,16
317,2025-11-26 09:27:12+05:30,991.0,1,988.37,716405,320788.0,279406.0,986.2,992.9,981.3,986.2,118062000,1084.8,887.6,1102.5,649.1,990.8,2166,6,990.7,3878,13,990.6,3264,9,990.5,3030,14,990.4,752,9,991.0,1730,14,991.1,108,4,991.2,125,2,991.3,1439,15,991.4,1014,14
317,2025-11-26 09:27:12+05:30,991.0,1,988.37,716405,320788.0,279406.0,986.2,992.9,981.3,986.2,118062000,1084.8,887.6,1102.5,649.1,990.8,2166,6,990.7,3878,13,990.6,3264,9,990.5,3030,14,990.4,752,9,991.0,1730,14,991.1,108,4,991.2,125,2,991.3,1439,15,991.4,1014,14
317,2025-11-26 09:27:13+05:30,991.0,124,988.37,717086,318403.0,280458.0,986.2,992.9,981.3,986.2,118062000,1084.8,887.6,1102.5,649.1,990.8,503,2,990.7,1706,5,990.6,2385,8,990.5,5425,15,990.4,706,6,991.0,1591,12,991.1,342,6,991.2,580,5,991.3,1538,16,991.4,1600,16
317,2025-11-26 09:27:13+05:30,990.8,84,988.37,717086,318403.0,280458.0,986.2,992.9,981.3,986.2,118062000,1084.8,887.6,1102.5,649.1,990.8,503,2,990.7,1706,5,990.6,2385,8,990.5,5425,15,990.4,706,6,991.0,1591,12,991.1,342,6,991.2,580,5,991.3,1538,16,991.4,1600,16
317,2025-11-26 09:27:14+05:30,991.0,10,988.37,717306,323898.0,281504.0,986.2,992.9,981.3,986.2,118062000,1084.8,887.6,1102.5,649.1,990.7,2749,7,990.6,2996,8,990.5,3742,13,990.4,2293,14,990.3,2107,12,991.0,2272,14,991.1,204,5,991.2,480,6,991.3,1757,18,991.4,1743,16
317,2025-11-26 09:27:14+05:30,991.0,10,988.37,717306,323898.0,281504.0,986.2,992.9,981.3,986.2,118062000,1084.8,887.6,1102.5,649.1,990.7,2749,7,990.6,2996,8,990.5,3742,13,990.4,2293,14,990.3,2107,12,991.0,2272,14,991.1,204,5,991.2,480,6,991.3,1757,18,991.4,1743,16
317,2025-11-26 09:27:15+05:30,990.5,7,988.39,722666,302635.0,289608.0,986.2,992.9,981.3,986.2,118062000,1084.8,887.6,1102.5,649.1,990.1,179,2,990.0,2980,18,989.9,2774,7,989.8,2619,12,989.7,1269,14,990.5,241,2,990.6,338,4,990.7,1519,10,990.8,2168,18,990.9,2150,17
317,2025-11-26 09:27:15+05:30,990.5,7,988.39,722666,302635.0,289608.0,986.2,992.9,981.3,986.2,118062000,1084.8,887.6,1102.5,649.1,990.1,179,2,990.0,2980,18,989.9,2774,7,989.8,2619,12,989.7,1269,14,990.5,241,2,990.6,338,4,990.7,1519,10,990.8,2168,18,990.9,2150,17
317,2025-11-26 09:27:16+05:30,990.0,126,988.39,722666,302635.0,289608.0,986.2,992.9,981.3,986.2,118062000,1084.8,887.6,1102.5,649.1,990.1,179,2,990.0,2980,18,989.9,2774,7,989.8,2619,12,989.7,1269,14,990.5,241,2,990.6,338,4,990.7,1519,10,990.8,2168,18,990.9,2150,17
317,2025-11-26 09:27:16+05:30,990.0,126,988.39,724236,299824.0,293032.0,986.2,992.9,981.3,986.2,118062000,1084.8,887.6,1102.5,649.1,990.0,298,1,989.8,2250,3,989.7,2523,6,989.6,2187,8,989.5,1144,12,990.3,708,7,990.4,737,8,990.5,1073,9,990.6,918,11,990.7,3384,24
317,2025-11-26 09:27:17+05:30,990.4,2,988.39,724236,299824.0,293032.0,986.2,992.9,981.3,986.2,118062000,1084.8,887.6,1102.5,649.1,990.0,298,1,989.8,2250,3,989.7,2523,6,989.6,2187,8,989.5,1144,12,990.3,708,7,990.4,737,8,990.5,1073,9,990.6,918,11,990.7,3384,24
317,2025-11-26 09:27:18+05:30,990.4,2,988.4,725908,303486.0,290493.0,986.2,992.9,981.3,986.2,118062000,1084.8,887.6,1102.5,649.1,990.2,51,1,990.0,307,2,989.9,2527,6,989.8,3847,11,989.7,3365,12,990.4,609,2,990.5,1834,14,990.6,692,10,990.7,2216,19,990.8,1757,13
317,2025-11-26 09:27:18+05:30,990.1,116,988.4,725908,303486.0,290493.0,986.2,992.9,981.3,986.2,118062000,1084.8,887.6,1102.5,649.1,990.2,51,1,990.0,307,2,989.9,2527,6,989.8,3847,11,989.7,3365,12,990.4,609,2,990.5,1834,14,990.6,692,10,990.7,2216,19,990.8,1757,13
317,2025-11-26 09:27:19+05:30,990.1,116,988.4,727489,306036.0,284843.0,986.2,992.9,981.3,986.2,118062000,1084.8,887.6,1102.5,649.1,990.4,750,1,990.2,220,2,990.1,1795,6,990.0,2889,8,989.9,2971,10,990.6,11,1,990.7,765,3,990.8,615,7,990.9,1079,9,991.0,3156,23
317,2025-11-26 09:27:20+05:30,990.4,294,988.4,727784,311047.0,287218.0,986.2,992.9,981.3,986.2,118062000,1084.8,887.6,1102.5,649.1,990.4,589,2,990.3,2329,5,990.2,3645,9,990.1,3384,11,990.0,2563,15,990.6,10,1,990.7,36,1,990.8,892,5,990.9,829,6,991.0,3070,24
317,2025-11-26 09:27:20+05:30,990.6,111,988.4,727784,311047.0,287218.0,986.2,992.9,981.3,986.2,118062000,1084.8,887.6,1102.5,649.1,990.4,589,2,990.3,2329,5,990.2,3645,9,990.1,3384,11,990.0,2563,15,990.6,10,1,990.7,36,1,990.8,892,5,990.9,829,6,991.0,3070,24
317,2025-11-26 09:27:21+05:30,990.6,42,988.4,728036,307060.0,287851.0,986.2,992.9,981.3,986.2,118062000,1084.8,887.6,1102.5,649.1,990.6,204,1,990.5,10,1,990.4,750,1,990.3,1359,2,990.2,2031,6,990.8,643,7,990.9,960,8,991.0,2946,20,991.1,1870,15,991.2,2554,21
317,2025-11-26 09:27:21+05:30,990.6,42,988.4,728036,307060.0,287851.0,986.2,992.9,981.3,986.2,118062000,1084.8,887.6,1102.5,649.1,990.6,204,1,990.5,10,1,990.4,750,1,990.3,1359,2,990.2,2031,6,990.8,643,7,990.9,960,8,991.0,2946,20,991.1,1870,15,991.2,2554,21
317,2025-11-26 09:27:22+05:30,990.8,71,988.4,728248,308238.0,288607.0,986.2,992.9,981.3,986.2,118062000,1084.8,887.6,1102.5,649.1,990.5,10,1,990.4,750,1,990.3,1361,3,990.2,2031,6,990.1,3258,11,990.7,304,1,990.8,735,6,990.9,1188,10,991.0,2864,19,991.1,2291,16
317,2025-11-26 09:27:22+05:30,990.8,71,988.4,728248,308238.0,288607.0,986.2,992.9,981.3,986.2,118062000,1084.8,887.6,1102.5,649.1,990.5,10,1,990.4,750,1,990.3,1361,3,990.2,2031,6,990.1,3258,11,990.7,304,1,990.8,735,6,990.9,1188,10,991.0,2864,19,991.1,2291,16
317,2025-11-26 09:27:23+05:30,990.4,29,988.4,728357,309425.0,288918.0,986.2,992.9,981.3,986.2,118062000,1084.8,887.6,1102.5,649.1,990.5,200,1,990.4,1471,2,990.3,2770,9,990.2,2233,7,990.1,3348,11,990.7,239,1,990.8,697,5,990.9,822,8,991.0,3109,21,991.1,1943,18
317,2025-11-26 09:27:23+05:30,990.4,29,988.4,728357,309425.0,288918.0,986.2,992.9,981.3,986.2,118062000,1084.8,887.6,1102.5,649.1,990.5,200,1,990.4,1471,2,990.3,2770,9,990.2,2233,7,990.1,3348,11,990.7,239,1,990.8,697,5,990.9,822,8,991.0,3109,21,991.1,1943,18
317,2025-11-26 09:27:24+05:30,990.7,50,988.4,728421,311378.0,288600.0,986.2,992.9,981.3,986.2,118062000,1084.8,887.6,1102.5,649.1,990.6,10,1,990.5,199,2,990.4,3921,8,990.3,2571,6,990.2,2983,8,990.7,189,1,990.8,113,3,990.9,1053,8,991.0,2867,19,991.1,1943,18
317,2025-11-26 09:27:24+05:30,990.7,50,988.4,728421,311378.0,288600.0,986.2,992.9,981.3,986.2,118062000,1084.8,887.6,1102.5,649.1,990.6,10,1,990.5,199,2,990.4,3921,8,990.3,2571,6,990.2,2983,8,990.7,189,1,990.8,113,3,990.9,1053,8,991.0,2867,19,991.1,1943,18
317,2025-11-26 09:27:25+05:30,990.6,4,988.4,728421,311378.0,288600.0,986.2,992.9,981.3,986.2,118062000,1084.8,887.6,1102.5,649.1,990.6,10,1,990.5,199,2,990.4,3921,8,990.3,2571,6,990.2,2983,8,990.7,189,1,990.8,113,3,990.9,1053,8,991.0,2867,19,991.1,1943,18
317,2025-11-26 09:27:25+05:30,990.6,4,988.4,728435,311160.0,288164.0,986.2,992.9,981.3,986.2,118062000,1084.8,887.6,1102.5,649.1,990.6,6,1,990.5,199,2,990.4,3800,7,990.3,1601,4,990.2,2278,9,990.7,193,2,990.8,52,1,990.9,817,7,991.0,2667,19,991.1,1943,18
317,2025-11-26 09:27:26+05:30,990.7,1,988.4,728435,311160.0,288164.0,986.2,992.9,981.3,986.2,118062000,1084.8,887.6,1102.5,649.1,990.6,6,1,990.5,199,2,990.4,3800,7,990.3,1601,4,990.2,2278,9,990.7,193,2,990.8,52,1,990.9,817,7,991.0,2667,19,991.1,1943,18
317,2025-11-26 09:27:26+05:30,990.7,1,988.41,729071,320087.0,285012.0,986.2,992.9,981.3,986.2,118062000,1084.8,887.6,1102.5,649.1,990.7,2944,4,990.6,2578,8,990.5,4677,12,990.4,1443,9,990.3,1598,12,990.8,2,1,990.9,90,3,991.0,2251,16,991.1,1167,9,991.2,676,10
317,2025-11-26 09:27:27+05:30,990.9,5,988.41,729071,320087.0,285012.0,986.2,992.9,981.3,986.2,118062000,1084.8,887.6,1102.5,649.1,990.7,2944,4,990.6,2578,8,990.5,4677,12,990.4,1443,9,990.3,1598,12,990.8,2,1,990.9,90,3,991.0,2251,16,991.1,1167,9,991.2,676,10
317,2025-11-26 09:27:28+05:30,990.9,5,988.41,729799,319060.0,284376.0,986.2,992.9,981.3,986.2,118062000,1084.8,887.6,1102.5,649.1,990.7,2981,5,990.6,1989,8,990.5,3056,9,990.4,3022,13,990.3,1617,12,990.9,1,1,991.0,1809,16,991.1,308,4,991.2,1327,10,991.3,1917,17
317,2025-11-26 09:27:28+05:30,990.9,1,988.41,729799,319060.0,284376.0,986.2,992.9,981.3,986.2,118062000,1084.8,887.6,1102.5,649.1,990.7,2981,5,990.6,1989,8,990.5,3056,9,990.4,3022,13,990.3,1617,12,990.9,1,1,991.0,1809,16,991.1,308,4,991.2,1327,10,991.3,1917,17
317,2025-11-26 09:27:29+05:30,990.9,1,988.41,729800,323368.0,285772.0,986.2,992.9,981.3,986.2,118062000,1084.8,887.6,1102.5,649.1,990.7,2985,6,990.6,2330,9,990.5,3056,9,990.4,3072,14,990.3,1617,12,991.0,1809,16,991.1,127,2,991.2,1356,11,991.3,2166,19,991.4,1116,15
317,2025-11-26 09:27:29+05:30,990.7,1,988.41,729800,323368.0,285772.0,986.2,992.9,981.3,986.2,118062000,1084.8,887.6,1102.5,649.1,990.7,2985,6,990.6,2330,9,990.5,3056,9,990.4,3072,14,990.3,1617,12,991.0,1809,16,991.1,127,2,991.2,1356,11,991.3,2166,19,991.4,1116,15
317,2025-11-26 09:27:30+05:30,990.7,1,988.41,729941,322799.0,287123.0,986.2,992.9,981.3,986.2,118062000,1084.8,887.6,1102.5,649.1,990.7,2844,6,990.6,1605,4,990.5,2878,8,990.4,3199,14,990.3,1738,13,991.0,1821,17,991.1,352,4,991.2,1489,14,991.3,2045,18,991.4,1116,15
317,2025-11-26 09:27:30+05:30,991.0,9,988.41,729941,322799.0,287123.0,986.2,992.9,981.3,986.2,118062000,1084.8,887.6,1102.5,649.1,990.7,2844,6,990.6,1605,4,990.5,2878,8,990.4,3199,14,990.3,1738,13,991.0,1821,17,991.1,352,4,991.2,1489,14,991.3,2045,18,991.4,1116,15
317,2025-11-26 09:27:31+05:30,991.0,9,988.41,729950,318063.0,287797.0,986.2,992.9,981.3,986.2,118062000,1084.8,887.6,1102.5,649.1,990.7,2844,6,990.6,1506,3,990.5,1257,5,990.4,3199,14,990.3,2478,14,991.0,1950,18,991.1,884,9,991.2,1437,17,991.3,2050,19,991.4,1919,14
317,2025-11-26 09:27:31+05:30,990.7,28,988.41,729950,318063.0,287797.0,986.2,992.9,981.3,986.2,118062000,1084.8,887.6,1102.5,649.1,990.7,2844,6,990.6,1506,3,990.5,1257,5,990.4,3199,14,990.3,2478,14,991.0,1950,18,991.1,884,9,991.2,1437,17,991.3,2050,19,991.4,1919,14
317,2025-11-26 09:27:32+05:30,991.0,10,988.41,729989,316823.0,288198.0,986.2,992.9,981.3,986.2,118062000,1084.8,887.6,1102.5,649.1,990.8,10,1,990.7,2816,6,990.6,1506,3,990.5,1156,3,990.4,2886,13,991.0,2245,21,991.1,993,9,991.2,1437,17,991.3,2050,19,991.4,1934,15
317,2025-11-26 09:27:32+05:30,991.0,30,988.41,729989,316823.0,288198.0,986.2,992.9,981.3,986.2,118062000,1084.8,887.6,1102.5,649.1,990.8,10,1,990.7,2816,6,990.6,1506,3,990.5,1156,3,990.4,2886,13,991.0,2245,21,991.1,993,9,991.2,1437,17,991.3,2050,19,991.4,1934,15
317,2025-11-26 09:27:33+05:30,991.0,30,988.41,730068,304687.0,288243.0,986.2,992.9,981.3,986.2,118062000,1084.8,887.6,1102.5,649.1,990.8,13,1,990.7,13,2,990.6,6,1,990.5,388,2,990.4,2922,6,991.0,1990,22,991.1,993,9,991.2,1503,18,991.3,2550,20,991.4,1214,13
317,2025-11-26 09:27:33+05:30,991.0,30,988.41,730068,304687.0,288243.0,986.2,992.9,981.3,986.2,118062000,1084.8,887.6,1102.5,649.1,990.8,13,1,990.7,13,2,990.6,6,1,990.5,388,2,990.4,2922,6,991.0,1990,22,991.1,993,9,991.2,1503,18,991.3,2550,20,991.4,1214,13
317,2025-11-26 09:27:34+05:30,990.8,9,988.41,730094,303031.0,289279.0,986.2,992.9,981.3,986.2,118062000,1084.8,887.6,1102.5,649.1,990.6,6,1,990.5,186,1,990.4,750,1,990.3,2301,6,990.2,2531,12,990.9,1151,6,991.0,2210,24,991.1,877,8,991.2,2395,22,991.3,2050,19
317,2025-11-26 09:27:34+05:30,990.8,9,988.41,730094,303031.0,289279.0,986.2,992.9,981.3,986.2,118062000,1084.8,887.6,1102.5,649.1,990.6,6,1,990.5,186,1,990.4,750,1,990.3,2301,6,990.2,2531,12,990.9,1151,6,991.0,2210,24,991.1,877,8,991.2,2395,22,991.3,2050,19
317,2025-11-26 09:27:35+05:30,990.8,9,988.41,730094,303236.0,289568.0,986.2,992.9,981.3,986.2,118062000,1084.8,887.6,1102.5,649.1,990.6,10,2,990.5,186,1,990.4,750,1,990.3,2301,6,990.2,2531,12,990.9,1187,7,991.0,2260,25,991.1,877,8,991.2,2425,23,991.3,2050,19
317,2025-11-26 09:27:35+05:30,990.5,14,988.41,730094,303236.0,289568.0,986.2,992.9,981.3,986.2,118062000,1084.8,887.6,1102.5,649.1,990.6,10,2,990.5,186,1,990.4,750,1,990.3,2301,6,990.2,2531,12,990.9,1187,7,991.0,2260,25,991.1,877,8,991.2,2425,23,991.3,2050,19
317,2025-11-26 09:27:36+05:30,990.9,81,988.41,730329,300893.0,290594.0,986.2,992.9,981.3,986.2,118062000,1084.8,887.6,1102.5,649.1,990.5,43,1,990.4,750,1,990.2,2072,8,990.1,2493,10,990.0,2613,19,990.9,1657,13,991.0,2351,26,991.1,1512,11,991.2,2381,23,991.3,1880,19
317,2025-11-26 09:27:36+05:30,990.5,4,988.41,730329,300893.0,290594.0,986.2,992.9,981.3,986.2,118062000,1084.8,887.6,1102.5,649.1,990.5,43,1,990.4,750,1,990.2,2072,8,990.1,2493,10,990.0,2613,19,990.9,1657,13,991.0,2351,26,991.1,1512,11,991.2,2381,23,991.3,1880,19
317,2025-11-26 09:27:37+05:30,990.4,3,988.41,730530,301724.0,291140.0,986.2,992.9,981.3,986.2,118062000,1084.8,887.6,1102.5,649.1,990.4,747,1,990.2,2072,8,990.1,2337,10,990.0,2512,18,989.9,2496,13,990.9,1676,15,991.0,2351,26,991.1,1512,11,991.2,2508,24,991.3,1880,19
317,2025-11-26 09:27:37+05:30,990.4,3,988.41,730530,301724.0,291140.0,986.2,992.9,981.3,986.2,118062000,1084.8,887.6,1102.5,649.1,990.4,747,1,990.2,2072,8,990.1,2337,10,990.0,2512,18,989.9,2496,13,990.9,1676,15,991.0,2351,26,991.1,1512,11,991.2,2508,24,991.3,1880,19
317,2025-11-26 09:27:38+05:30,990.7,60,988.41,730743,302167.0,292580.0,986.2,992.9,981.3,986.2,118062000,1084.8,887.6,1102.5,649.1,990.4,705,1,990.2,2313,6,990.1,2287,9,990.0,2514,19,989.9,2485,12,990.8,1617,13,990.9,1126,12,991.0,2615,29,991.1,1538,13,991.2,2674,23
317,2025-11-26 09:27:38+05:30,990.4,100,988.41,730743,302167.0,292580.0,986.2,992.9,981.3,986.2,118062000,1084.8,887.6,1102.5,649.1,990.4,705,1,990.2,2313,6,990.1,2287,9,990.0,2514,19,989.9,2485,12,990.8,1617,13,990.9,1126,12,991.0,2615,29,991.1,1538,13,991.2,2674,23
317,2025-11-26 09:27:39+05:30,990.7,5,988.41,730987,304681.0,292679.0,986.2,992.9,981.3,986.2,118062000,1084.8,887.6,1102.5,649.1,990.4,577,1,990.2,2313,6,990.1,2389,9,990.0,4215,22,989.9,2485,12,990.7,786,4,990.8,826,10,990.9,1071,11,991.0,2691,33,991.1,1430,13
317,2025-11-26 09:27:39+05:30,990.7,5,988.41,730987,304681.0,292679.0,986.2,992.9,981.3,986.2,118062000,1084.8,887.6,1102.5,649.1,990.4,577,1,990.2,2313,6,990.1,2389,9,990.0,4215,22,989.9,2485,12,990.7,786,4,990.8,826,10,990.9,1071,11,991.0,2691,33,991.1,1430,13
317,2025-11-26 09:27:40+05:30,990.4,122,988.41,730987,304681.0,292679.0,986.2,992.9,981.3,986.2,118062000,1084.8,887.6,1102.5,649.1,990.4,577,1,990.2,2313,6,990.1,2389,9,990.0,4215,22,989.9,2485,12,990.7,786,4,990.8,826,10,990.9,1071,11,991.0,2691,33,991.1,1430,13
317,2025-11-26 09:27:40+05:30,990.4,122,988.41,731165,304199.0,292415.0,986.2,992.9,981.3,986.2,118062000,1084.8,887.6,1102.5,649.1,990.4,399,1,990.2,2274,5,990.1,2030,6,990.0,3867,19,989.9,1735,11,990.7,1014,6,990.8,1066,12,990.9,914,10,991.0,2645,30,991.1,1610,16
317,2025-11-26 09:27:41+05:30,990.4,150,988.41,731165,304199.0,292415.0,986.2,992.9,981.3,986.2,118062000,1084.8,887.6,1102.5,649.1,990.4,399,1,990.2,2274,5,990.1,2030,6,990.0,3867,19,989.9,1735,11,990.7,1014,6,990.8,1066,12,990.9,914,10,991.0,2645,30,991.1,1610,16
317,2025-11-26 09:27:41+05:30,990.4,150,988.41,731343,304101.0,292418.0,986.2,992.9,981.3,986.2,118062000,1084.8,887.6,1102.5,649.1,990.4,221,1,990.2,2054,4,990.1,1828,5,990.0,3872,20,989.9,2485,12,990.7,1014,6,990.8,1066,12,990.9,914,10,991.0,2645,30,991.1,1610,16
317,2025-11-26 09:27:42+05:30,990.7,75,988.41,731343,304101.0,292418.0,986.2,992.9,981.3,986.2,118062000,1084.8,887.6,1102.5,649.1,990.4,221,1,990.2,2054,4,990.1,1828,5,990.0,3872,20,989.9,2485,12,990.7,1014,6,990.8,1066,12,990.9,914,10,991.0,2645,30,991.1,1610,16
317,2025-11-26 09:27:42+05:30,990.8,20,988.41,731466,305156.0,291512.0,986.2,992.9,981.3,986.2,118062000,1084.8,887.6,1102.5,649.1,990.4,206,2,990.3,2711,6,990.2,2788,10,990.1,3701,12,990.0,2430,18,990.8,347,5,990.9,1387,9,991.0,2853,32,991.1,943,13,991.2,2861,23
317,2025-11-26 09:27:43+05:30,990.5,28,988.41,731466,305156.0,291512.0,986.2,992.9,981.3,986.2,118062000,1084.8,887.6,1102.5,649.1,990.4,206,2,990.3,2711,6,990.2,2788,10,990.1,3701,12,990.0,2430,18,990.8,347,5,990.9,1387,9,991.0,2853,32,991.1,943,13,991.2,2861,23
317,2025-11-26 09:27:44+05:30,990.5,28,988.41,731494,305369.0,290913.0,986.2,992.9,981.3,986.2,118062000,1084.8,887.6,1102.5,649.1,990.4,978,4,990.3,1824,4,990.2,2135,8,990.1,3931,15,990.0,1765,18,990.8,572,2,990.9,802,8,991.0,2489,28,991.1,933,12,991.2,2925,22
317,2025-11-26 09:27:45+05:30,990.5,28,988.41,731494,305175.0,291259.0,986.2,992.9,981.3,986.2,118062000,1084.8,887.6,1102.5,649.1,990.4,978,4,990.3,1720,3,990.2,2239,9,990.1,3921,14,990.0,1765,18,990.8,835,5,990.9,807,9,991.0,2499,29,991.1,943,13,991.2,2963,23
317,2025-11-26 09:27:46+05:30,990.4,1,988.41,731495,304894.0,291047.0,986.2,992.9,981.3,986.2,118062000,1084.8,887.6,1102.5,649.1,990.4,977,4,990.3,1720,3,990.2,2321,10,990.1,3921,14,990.0,1765,18,990.8,709,3,990.9,721,8,991.0,2499,29,991.1,943,13,991.2,2963,23
317,2025-11-26 09:27:46+05:30,990.4,1,988.41,731495,304894.0,291047.0,986.2,992.9,981.3,986.2,118062000,1084.8,887.6,1102.5,649.1,990.4,977,4,990.3,1720,3,990.2,2321,10,990.1,3921,14,990.0,1765,18,990.8,709,3,990.9,721,8,991.0,2499,29,991.1,943,13,991.2,2963,23
317,2025-11-26 09:27:47+05:30,990.7,5,988.41,731500,305031.0,291158.0,986.2,992.9,981.3,986.2,118062000,1084.8,887.6,1102.5,649.1,990.4,977,4,990.3,1720,3,990.2,2036,7,990.1,3921,14,990.0,1765,18,990.8,1114,9,990.9,617,7,991.0,2390,28,991.1,943,13,991.2,2963,23
317,2025-11-26 09:27:47+05:30,990.8,72,988.41,731500,305031.0,291158.0,986.2,992.9,981.3,986.2,118062000,1084.8,887.6,1102.5,649.1,990.4,977,4,990.3,1720,3,990.2,2036,7,990.1,3921,14,990.0,1765,18,990.8,1114,9,990.9,617,7,991.0,2390,28,991.1,943,13,991.2,2963,23
317,2025-11-26 09:27:48+05:30,990.8,72,988.41,731600,304569.0,291060.0,986.2,992.9,981.3,986.2,118062000,1084.8,887.6,1102.5,649.1,990.5,20,1,990.4,977,4,990.3,1720,3,990.2,2216,9,990.1,3921,14,990.8,839,7,990.9,486,6,991.0,2390,28,991.1,1097,14,991.2,2963,23
317,2025-11-26 09:27:48+05:30,990.8,89,988.41,731600,304569.0,291060.0,986.2,992.9,981.3,986.2,118062000,1084.8,887.6,1102.5,649.1,990.5,20,1,990.4,977,4,990.3,1720,3,990.2,2216,9,990.1,3921,14,990.8,839,7,990.9,486,6,991.0,2390,28,991.1,1097,14,991.2,2963,23
317,2025-11-26 09:27:49+05:30,990.8,89,988.41,731600,304569.0,291060.0,986.2,992.9,981.3,986.2,118062000,1084.8,887.6,1102.5,649.1,990.5,20,1,990.4,977,4,990.3,1720,3,990.2,2216,9,990.1,3921,14,990.8,839,7,990.9,486,6,991.0,2390,28,991.1,1097,14,991.2,2963,23
317,2025-11-26 09:27:49+05:30,990.4,8,988.42,732628,306914.0,289580.0,986.2,992.9,981.3,986.2,118062000,1084.8,887.6,1102.5,649.1,990.4,1147,5,990.3,1720,3,990.2,2216,9,990.1,3971,15,990.0,1763,17,990.8,212,3,990.9,675,7,991.0,2147,26,991.1,1100,14,991.2,2486,21
317,2025-11-26 09:27:49+05:30,990.4,8,988.42,732628,306914.0,289580.0,986.2,992.9,981.3,986.2,118062000,1084.8,887.6,1102.5,649.1,990.4,1147,5,990.3,1720,3,990.2,2216,9,990.1,3971,15,990.0,1763,17,990.8,212,3,990.9,675,7,991.0,2147,26,991.1,1100,14,991.2,2486,21
317,2025-11-26 09:27:49+05:30,990.8,2,988.42,732628,306914.0,289580.0,986.2,992.9,981.3,986.2,118062000,1084.8,887.6,1102.5,649.1,990.4,1147,5,990.3,1720,3,990.2,2216,9,990.1,3971,15,990.0,1763,17,990.8,212,3,990.9,675,7,991.0,2147,26,991.1,1100,14,991.2,2486,21
317,2025-11-26 09:27:50+05:30,990.8,2,988.42,732628,306914.0,289580.0,986.2,992.9,981.3,986.2,118062000,1084.8,887.6,1102.5,649.1,990.4,1147,5,990.3,1720,3,990.2,2216,9,990.1,3971,15,990.0,1763,17,990.8,212,3,990.9,675,7,991.0,2147,26,991.1,1100,14,991.2,2486,21
317,2025-11-26 09:27:50+05:30,990.8,48,988.42,733315,307538.0,289694.0,986.2,992.9,981.3,986.2,118062000,1084.8,887.6,1102.5,649.1,990.4,963,4,990.3,2745,7,990.2,2226,10,990.1,3221,14,990.0,1659,16,990.8,309,3,990.9,831,5,991.0,2149,25,991.1,1008,13,991.2,2323,19
317,2025-11-26 09:27:50+05:30,990.8,48,988.42,733315,307538.0,289694.0,986.2,992.9,981.3,986.2,118062000,1084.8,887.6,1102.5,649.1,990.4,963,4,990.3,2745,7,990.2,2226,10,990.1,3221,14,990.0,1659,16,990.8,309,3,990.9,831,5,991.0,2149,25,991.1,1008,13,991.2,2323,19
317,2025-11-26 09:27:50+05:30,990.8,48,988.42,733315,307538.0,289694.0,986.2,992.9,981.3,986.2,118062000,1084.8,887.6,1102.5,649.1,990.4,963,4,990.3,2745,7,990.2,2226,10,990.1,3221,14,990.0,1659,16,990.8,309,3,990.9,831,5,991.0,2149,25,991.1,1008,13,991.2,2323,19
317,2025-11-26 09:27:50+05:30,990.8,48,988.42,733315,307538.0,289694.0,986.2,992.9,981.3,986.2,118062000,1084.8,887.6,1102.5,649.1,990.4,963,4,990.3,2745,7,990.2,2226,10,990.1,3221,14,990.0,1659,16,990.8,309,3,990.9,831,5,991.0,2149,25,991.1,1008,13,991.2,2323,19
317,2025-11-26 09:27:51+05:30,990.8,48,988.42,733315,307538.0,289694.0,986.2,992.9,981.3,986.2,118062000,1084.8,887.6,1102.5,649.1,990.4,963,4,990.3,2745,7,990.2,2226,10,990.1,3221,14,990.0,1659,16,990.8,309,3,990.9,831,5,991.0,2149,25,991.1,1008,13,991.2,2323,19
317,2025-11-26 09:27:51+05:30,990.8,48,988.42,733315,307538.0,289694.0,986.2,992.9,981.3,986.2,118141500,1084.8,887.6,1102.5,649.1,990.4,963,4,990.3,2745,7,990.2,2226,10,990.1,3221,14,990.0,1659,16,990.8,309,3,990.9,831,5,991.0,2149,25,991.1,1008,13,991.2,2323,19
317,2025-11-26 09:27:51+05:30,990.4,113,988.42,733441,307554.0,290492.0,986.2,992.9,981.3,986.2,118141500,1084.8,887.6,1102.5,649.1,990.4,673,3,990.3,1913,5,990.2,2885,9,990.1,3230,15,990.0,1659,16,990.8,446,4,990.9,1024,7,991.0,2383,27,991.1,1091,14,991.2,2433,21
317,2025-11-26 09:27:51+05:30,990.4,113,988.42,733441,307554.0,290492.0,986.2,992.9,981.3,986.2,118141500,1084.8,887.6,1102.5,649.1,990.4,673,3,990.3,1913,5,990.2,2885,9,990.1,3230,15,990.0,1659,16,990.8,446,4,990.9,1024,7,991.0,2383,27,991.1,1091,14,991.2,2433,21
317,2025-11-26 09:27:51+05:30,990.3,3,988.42,733441,307554.0,290492.0,986.2,992.9,981.3,986.2,118141500,1084.8,887.6,1102.5,649.1,990.4,673,3,990.3,1913,5,990.2,2885,9,990.1,3230,15,990.0,1659,16,990.8,446,4,990.9,1024,7,991.0,2383,27,991.1,1091,14,991.2,2433,21
317,2025-11-26 09:27:52+05:30,990.3,3,988.42,733441,307554.0,290492.0,986.2,992.9,981.3,986.2,118141500,1084.8,887.6,1102.5,649.1,990.4,673,3,990.3,1913,5,990.2,2885,9,990.1,3230,15,990.0,1659,16,990.8,446,4,990.9,1024,7,991.0,2383,27,991.1,1091,14,991.2,2433,21
317,2025-11-26 09:27:52+05:30,990.3,28,988.42,734894,307743.0,291382.0,986.2,992.9,981.3,986.2,118141500,1084.8,887.6,1102.5,649.1,990.4,46,1,990.3,2536,5,990.2,2676,9,990.1,3392,17,990.0,2042,19,990.8,970,5,990.9,684,8,991.0,2479,28,991.1,2177,24,991.2,2864,23
317,2025-11-26 09:27:52+05:30,990.3,28,988.42,734894,307743.0,291382.0,986.2,992.9,981.3,986.2,118141500,1084.8,887.6,1102.5,649.1,990.4,46,1,990.3,2536,5,990.2,2676,9,990.1,3392,17,990.0,2042,19,990.8,970,5,990.9,684,8,991.0,2479,28,991.1,2177,24,991.2,2864,23
317,2025-11-26 09:27:53+05:30,990.3,1,988.43,735952,308377.0,291243.0,986.2,992.9,981.3,986.2,118141500,1084.8,887.6,1102.5,649.1,990.3,1397,2,990.2,1722,4,990.1,2622,15,990.0,2718,20,989.9,1002,9,990.7,151,1,990.8,1081,6,990.9,766,8,991.0,2305,30,991.1,2575,24
317,2025-11-26 09:27:53+05:30,990.3,1,988.43,735952,308377.0,291243.0,986.2,992.9,981.3,986.2,118141500,1084.8,887.6,1102.5,649.1,990.3,1397,2,990.2,1722,4,990.1,2622,15,990.0,2718,20,989.9,1002,9,990.7,151,1,990.8,1081,6,990.9,766,8,991.0,2305,30,991.1,2575,24
317,2025-11-26 09:27:54+05:30,990.8,10,988.43,735952,308377.0,291243.0,986.2,992.9,981.3,986.2,118141500,1084.8,887.6,1102.5,649.1,990.3,1397,2,990.2,1722,4,990.1,2622,15,990.0,2718,20,989.9,1002,9,990.7,151,1,990.8,1081,6,990.9,766,8,991.0,2305,30,991.1,2575,24
317,2025-11-26 09:27:54+05:30,990.8,10,988.43,736171,308059.0,291593.0,986.2,992.9,981.3,986.2,118141500,1084.8,887.6,1102.5,649.1,990.4,4,2,990.3,3058,6,990.2,2133,8,990.1,3457,17,990.0,2054,21,990.8,827,4,990.9,1070,10,991.0,2676,32,991.1,2070,22,991.2,2725,18
317,2025-11-26 09:27:55+05:30,990.3,42,988.43,736171,308059.0,291593.0,986.2,992.9,981.3,986.2,118141500,1084.8,887.6,1102.5,649.1,990.4,4,2,990.3,3058,6,990.2,2133,8,990.1,3457,17,990.0,2054,21,990.8,827,4,990.9,1070,10,991.0,2676,32,991.1,2070,22,991.2,2725,18
317,2025-11-26 09:27:55+05:30,990.3,42,988.43,736241,308274.0,291362.0,986.2,992.9,981.3,986.2,118141500,1084.8,887.6,1102.5,649.1,990.3,2137,5,990.2,2404,11,990.1,3363,16,990.0,2034,22,989.9,1011,10,990.8,667,2,990.9,798,7,991.0,2864,34,991.1,2070,22,991.2,2663,18
317,2025-11-26 09:27:56+05:30,990.4,14,988.43,736241,308274.0,291362.0,986.2,992.9,981.3,986.2,118141500,1084.8,887.6,1102.5,649.1,990.3,2137,5,990.2,2404,11,990.1,3363,16,990.0,2034,22,989.9,1011,10,990.8,667,2,990.9,798,7,991.0,2864,34,991.1,2070,22,991.2,2663,18
317,2025-11-26 09:27:56+05:30,990.4,14,988.43,736657,308364.0,290300.0,986.2,992.9,981.3,986.2,118141500,1084.8,887.6,1102.5,649.1,990.4,73,1,990.3,2470,4,990.2,2120,9,990.1,3337,14,990.0,2067,26,990.8,237,2,990.9,633,8,991.0,2770,33,991.1,2060,21,991.2,2626,15
317,2025-11-26 09:27:57+05:30,990.4,70,988.43,736657,308364.0,290300.0,986.2,992.9,981.3,986.2,118141500,1084.8,887.6,1102.5,649.1,990.4,73,1,990.3,2470,4,990.2,2120,9,990.1,3337,14,990.0,2067,26,990.8,237,2,990.9,633,8,991.0,2770,33,991.1,2060,21,991.2,2626,15
317,2025-11-26 09:27:58+05:30,990.4,70,988.43,736727,308740.0,291346.0,986.2,992.9,981.3,986.2,118141500,1084.8,887.6,1102.5,649.1,990.4,3,1,990.3,2595,5,990.2,1833,6,990.1,2707,16,990.0,2791,25,990.8,1285,9,990.9,621,8,991.0,3676,33,991.1,2570,23,991.2,2190,15
317,2025-11-26 09:27:58+05:30,990.3,1,988.43,736727,308740.0,291346.0,986.2,992.9,981.3,986.2,118141500,1084.8,887.6,1102.5,649.1,990.4,3,1,990.3,2595,5,990.2,1833,6,990.1,2707,16,990.0,2791,25,990.8,1285,9,990.9,621,8,991.0,3676,33,991.1,2570,23,991.2,2190,15
317,2025-11-26 09:27:59+05:30,990.3,1,988.43,736751,308065.0,292057.0,986.2,992.9,981.3,986.2,118141500,1084.8,887.6,1102.5,649.1,990.3,2249,3,990.2,1917,7,990.1,2613,15,990.0,2791,25,989.9,1105,11,990.8,969,6,990.9,808,10,991.0,3676,33,991.1,2570,23,991.2,2205,17
317,2025-11-26 09:27:59+05:30,990.9,5,988.43,736751,308065.0,292057.0,986.2,992.9,981.3,986.2,118141500,1084.8,887.6,1102.5,649.1,990.3,2249,3,990.2,1917,7,990.1,2613,15,990.0,2791,25,989.9,1105,11,990.8,969,6,990.9,808,10,991.0,3676,33,991.1,2570,23,991.2,2205,17
317,2025-11-26 09:28:00+05:30,990.8,1,988.43,737569,314244.0,288629.0,986.2,992.9,981.3,986.2,118141500,1084.8,887.6,1102.5,649.1,990.8,735,1,990.7,94,1,990.6,321,3,990.5,4608,11,990.4,2366,8,990.9,1,1,991.0,2786,21,991.1,399,6,991.2,514,7,991.3,2370,20
317,2025-11-26 09:28:00+05:30,991.0,2,988.43,737569,314244.0,288629.0,986.2,992.9,981.3,986.2,118141500,1084.8,887.6,1102.5,649.1,990.8,735,1,990.7,94,1,990.6,321,3,990.5,4608,11,990.4,2366,8,990.9,1,1,991.0,2786,21,991.1,399,6,991.2,514,7,991.3,2370,20
317,2025-11-26 09:28:01+05:30,990.8,140,988.43,737730,309440.0,289402.0,986.2,992.9,981.3,986.2,118141500,1084.8,887.6,1102.5,649.1,990.8,595,3,990.6,394,4,990.5,3586,8,990.4,2164,7,990.3,2594,11,991.0,2780,21,991.1,137,3,991.2,977,7,991.3,1842,13,991.4,1125,14
317,2025-11-26 09:28:01+05:30,991.0,581,988.43,737730,309440.0,289402.0,986.2,992.9,981.3,986.2,118141500,1084.8,887.6,1102.5,649.1,990.8,595,3,990.6,394,4,990.5,3586,8,990.4,2164,7,990.3,2594,11,991.0,2780,21,991.1,137,3,991.2,977,7,991.3,1842,13,991.4,1125,14
317,2025-11-26 09:28:02+05:30,990.6,28,988.44,740645,310432.0,287214.0,986.2,992.9,981.3,986.2,118141500,1084.8,887.6,1102.5,649.1,990.6,915,3,990.5,2308,7,990.4,2335,9,990.3,3344,12,990.2,3080,16,991.0,1947,15,991.1,236,3,991.2,690,6,991.3,786,7,991.4,1912,14
317,2025-11-26 09:28:02+05:30,991.0,25,988.44,740645,310432.0,287214.0,986.2,992.9,981.3,986.2,118141500,1084.8,887.6,1102.5,649.1,990.6,915,3,990.5,2308,7,990.4,2335,9,990.3,3344,12,990.2,3080,16,991.0,1947,15,991.1,236,3,991.2,690,6,991.3,786,7,991.4,1912,14
317,2025-11-26 09:28:03+05:30,991.0,156,988.45,741471,307413.0,285611.0,986.2,992.9,981.3,986.2,118141500,1084.8,887.6,1102.5,649.1,990.5,2365,9,990.4,655,6,990.3,3147,10,990.2,2253,9,990.1,2090,14,991.0,1686,14,991.1,227,2,991.2,593,5,991.3,1192,12,991.4,2094,14
317,2025-11-26 09:28:03+05:30,991.0,156,988.45,741471,307413.0,285611.0,986.2,992.9,981.3,986.2,118141500,1084.8,887.6,1102.5,649.1,990.5,2365,9,990.4,655,6,990.3,3147,10,990.2,2253,9,990.1,2090,14,991.0,1686,14,991.1,227,2,991.2,593,5,991.3,1192,12,991.4,2094,14
317,2025-11-26 09:28:04+05:30,990.6,67,988.45,741728,308605.0,284898.0,986.2,992.9,981.3,986.2,118141500,1084.8,887.6,1102.5,649.1,990.6,118,2,990.5,2834,7,990.4,633,6,990.3,2397,9,990.2,3062,14,991.0,1691,16,991.1,313,3,991.2,313,2,991.3,1233,15,991.4,1603,15
317,2025-11-26 09:28:04+05:30,991.0,2,988.45,741728,308605.0,284898.0,986.2,992.9,981.3,986.2,118141500,1084.8,887.6,1102.5,649.1,990.6,118,2,990.5,2834,7,990.4,633,6,990.3,2397,9,990.2,3062,14,991.0,1691,16,991.1,313,3,991.2,313,2,991.3,1233,15,991.4,1603,15
317,2025-11-26 09:28:05+05:30,990.5,42,988.45,741772,310869.0,285804.0,986.2,992.9,981.3,986.2,118141500,1084.8,887.6,1102.5,649.1,990.5,3930,11,990.4,1471,8,990.3,3147,10,990.2,2312,13,990.1,1172,15,991.0,1689,16,991.1,227,2,991.2,224,2,991.3,1279,18,991.4,2144,15
317,2025-11-26 09:28:05+05:30,990.5,42,988.45,741772,310869.0,285804.0,986.2,992.9,981.3,986.2,118141500,1084.8,887.6,1102.5,649.1,990.5,3930,11,990.4,1471,8,990.3,3147,10,990.2,2312,13,990.1,1172,15,991.0,1689,16,991.1,227,2,991.2,224,2,991.3,1279,18,991.4,2144,15
317,2025-11-26 09:28:06+05:30,990.7,14,988.45,741786,315484.0,285854.0,986.2,992.9,981.3,986.2,118141500,1084.8,887.6,1102.5,649.1,990.7,2469,5,990.6,2074,8,990.5,3758,9,990.4,2257,12,990.3,1647,8,991.0,1689,16,991.1,13,1,991.2,214,1,991.3,1188,16,991.4,1176,14
317,2025-11-26 09:28:06+05:30,990.7,14,988.45,741786,315484.0,285854.0,986.2,992.9,981.3,986.2,118141500,1084.8,887.6,1102.5,649.1,990.7,2469,5,990.6,2074,8,990.5,3758,9,990.4,2257,12,990.3,1647,8,991.0,1689,16,991.1,13,1,991.2,214,1,991.3,1188,16,991.4,1176,14
317,2025-11-26 09:28:07+05:30,990.7,14,988.45,741786,318762.0,285335.0,986.2,992.9,981.3,986.2,118141500,1084.8,887.6,1102.5,649.1,990.8,4,1,990.7,2635,6,990.6,1988,7,990.5,3869,10,990.4,2272,13,991.0,1689,16,991.1,13,1,991.2,46,3,991.3,926,11,991.4,1534,14
317,2025-11-26 09:28:07+05:30,991.0,1,988.45,741786,318762.0,285335.0,986.2,992.9,981.3,986.2,118141500,1084.8,887.6,1102.5,649.1,990.8,4,1,990.7,2635,6,990.6,1988,7,990.5,3869,10,990.4,2272,13,991.0,1689,16,991.1,13,1,991.2,46,3,991.3,926,11,991.4,1534,14
317,2025-11-26 09:28:08+05:30,991.0,1,988.45,741787,319604.0,285679.0,986.2,992.9,981.3,986.2,118141500,1084.8,887.6,1102.5,649.1,990.8,4,1,990.7,3085,5,990.6,2074,8,990.5,3869,10,990.4,2272,13,991.0,1688,16,991.1,13,1,991.2,46,3,991.3,1140,12,991.4,1534,14
317,2025-11-26 09:28:08+05:30,991.0,124,988.45,741787,319604.0,285679.0,986.2,992.9,981.3,986.2,118141500,1084.8,887.6,1102.5,649.1,990.8,4,1,990.7,3085,5,990.6,2074,8,990.5,3869,10,990.4,2272,13,991.0,1688,16,991.1,13,1,991.2,46,3,991.3,1140,12,991.4,1534,14
317,2025-11-26 09:28:09+05:30,991.0,124,988.45,742537,316592.0,285265.0,986.2,992.9,981.3,986.2,118141500,1084.8,887.6,1102.5,649.1,990.8,6,2,990.7,370,3,990.6,3761,11,990.5,3869,10,990.4,2256,12,991.0,1450,15,991.2,46,3,991.3,687,8,991.4,1029,15,991.5,3398,19
317,2025-11-26 09:28:10+05:30,990.7,134,988.45,742677,313906.0,285907.0,986.2,992.9,981.3,986.2,118141500,1084.8,887.6,1102.5,649.1,990.8,4,1,990.7,539,1,990.6,2932,10,990.5,3866,10,990.4,2254,11,991.0,1494,16,991.2,385,5,991.3,872,10,991.4,943,14,991.5,3675,23
317,2025-11-26 09:28:10+05:30,990.7,134,988.45,742677,313906.0,285907.0,986.2,992.9,981.3,986.2,118141500,1084.8,887.6,1102.5,649.1,990.8,4,1,990.7,539,1,990.6,2932,10,990.5,3866,10,990.4,2254,11,991.0,1494,16,991.2,385,5,991.3,872,10,991.4,943,14,991.5,3675,23
317,2025-11-26 09:28:11+05:30,991.0,1,988.45,742706,311731.0,285700.0,986.2,992.9,981.3,986.2,118141500,1084.8,887.6,1102.5,649.1,990.8,2,1,990.6,1941,6,990.5,3859,11,990.4,2322,11,990.3,2739,13,991.0,1493,16,991.2,457,4,991.3,1023,11,991.4,976,16,991.5,3519,21
317,2025-11-26 09:28:11+05:30,990.8,2,988.45,742706,311731.0,285700.0,986.2,992.9,981.3,986.2,118141500,1084.8,887.6,1102.5,649.1,990.8,2,1,990.6,1941,6,990.5,3859,11,990.4,2322,11,990.3,2739,13,991.0,1493,16,991.2,457,4,991.3,1023,11,991.4,976,16,991.5,3519,21
317,2025-11-26 09:28:12+05:30,991.0,14,988.45,743623,314056.0,284732.0,986.2,992.9,981.3,986.2,118141500,1084.8,887.6,1102.5,649.1,990.8,1,1,990.7,137,1,990.6,3682,11,990.5,3113,9,990.4,3004,12,991.0,709,16,991.2,371,3,991.3,933,13,991.4,1232,11,991.5,3438,21
317,2025-11-26 09:28:12+05:30,991.0,14,988.45,743623,314056.0,284732.0,986.2,992.9,981.3,986.2,118141500,1084.8,887.6,1102.5,649.1,990.8,1,1,990.7,137,1,990.6,3682,11,990.5,3113,9,990.4,3004,12,991.0,709,16,991.2,371,3,991.3,933,13,991.4,1232,11,991.5,3438,21
317,2025-11-26 09:28:13+05:30,991.0,4,988.45,743795,314479.0,285142.0,986.2,992.9,981.3,986.2,118141500,1084.8,887.6,1102.5,649.1,990.8,1,1,990.6,3071,7,990.5,2577,7,990.4,3004,12,990.3,2687,14,991.0,1079,17,991.1,306,2,991.2,526,4,991.3,1144,15,991.4,1259,14
317,2025-11-26 09:28:13+05:30,991.0,4,988.45,743795,314479.0,285142.0,986.2,992.9,981.3,986.2,118141500,1084.8,887.6,1102.5,649.1,990.8,1,1,990.6,3071,7,990.5,2577,7,990.4,3004,12,990.3,2687,14,991.0,1079,17,991.1,306,2,991.2,526,4,991.3,1144,15,991.4,1259,14
317,2025-11-26 09:28:14+05:30,991.0,2,988.45,743795,314479.0,285142.0,986.2,992.9,981.3,986.2,118141500,1084.8,887.6,1102.5,649.1,990.8,1,1,990.6,3071,7,990.5,2577,7,990.4,3004,12,990.3,2687,14,991.0,1079,17,991.1,306,2,991.2,526,4,991.3,1144,15,991.4,1259,14
317,2025-11-26 09:28:14+05:30,991.0,2,988.45,743828,314373.0,285223.0,986.2,992.9,981.3,986.2,118141500,1084.8,887.6,1102.5,649.1,990.6,3443,11,990.5,3664,9,990.4,2284,12,990.3,2687,14,990.2,786,9,991.0,1087,18,991.1,306,2,991.2,448,3,991.3,1251,16,991.4,1377,16
317,2025-11-26 09:28:15+05:30,990.6,14,988.45,743828,314373.0,285223.0,986.2,992.9,981.3,986.2,118141500,1084.8,887.6,1102.5,649.1,990.6,3443,11,990.5,3664,9,990.4,2284,12,990.3,2687,14,990.2,786,9,991.0,1087,18,991.1,306,2,991.2,448,3,991.3,1251,16,991.4,1377,16
317,2025-11-26 09:28:16+05:30,990.6,14,988.45,743847,314366.0,285559.0,986.2,992.9,981.3,986.2,118141500,1084.8,887.6,1102.5,649.1,990.6,3354,11,990.5,3742,10,990.4,2244,10,990.3,2687,14,990.2,786,9,991.0,1107,19,991.1,306,2,991.2,603,5,991.3,1251,16,991.4,1342,16
317,2025-11-26 09:28:16+05:30,991.0,1,988.45,743847,314366.0,285559.0,986.2,992.9,981.3,986.2,118141500,1084.8,887.6,1102.5,649.1,990.6,3354,11,990.5,3742,10,990.4,2244,10,990.3,2687,14,990.2,786,9,991.0,1107,19,991.1,306,2,991.2,603,5,991.3,1251,16,991.4,1342,16
317,2025-11-26 09:28:17+05:30,990.6,1,988.45,743850,314309.0,285678.0,986.2,992.9,981.3,986.2,118141500,1084.8,887.6,1102.5,649.1,990.6,4135,13,990.5,2960,8,990.4,3004,12,990.3,1936,12,990.2,786,9,991.0,1105,19,991.1,306,2,991.2,603,5,991.3,1251,16,991.4,820,15
317,2025-11-26 09:28:17+05:30,990.6,80,988.45,743850,314309.0,285678.0,986.2,992.9,981.3,986.2,118141500,1084.8,887.6,1102.5,649.1,990.6,4135,13,990.5,2960,8,990.4,3004,12,990.3,1936,12,990.2,786,9,991.0,1105,19,991.1,306,2,991.2,603,5,991.3,1251,16,991.4,820,15
317,2025-11-26 09:28:18+05:30,990.9,25,988.45,743993,315446.0,285993.0,986.2,992.9,981.3,986.2,118141500,1084.8,887.6,1102.5,649.1,990.6,3752,10,990.5,3676,9,990.4,2994,11,990.3,1936,12,990.2,796,10,990.9,423,1,991.0,1072,19,991.1,306,2,991.2,776,7,991.3,1251,16
317,2025-11-26 09:28:18+05:30,990.9,25,988.45,743993,315446.0,285993.0,986.2,992.9,981.3,986.2,118141500,1084.8,887.6,1102.5,649.1,990.6,3752,10,990.5,3676,9,990.4,2994,11,990.3,1936,12,990.2,796,10,990.9,423,1,991.0,1072,19,991.1,306,2,991.2,776,7,991.3,1251,16
317,2025-11-26 09:28:19+05:30,990.6,28,988.45,744021,315342.0,285506.0,986.2,992.9,981.3,986.2,118141500,1084.8,887.6,1102.5,649.1,990.6,3820,12,990.5,3676,9,990.4,2994,11,990.3,1936,12,990.2,786,9,990.9,423,1,991.0,1072,19,991.1,306,2,991.2,776,7,991.3,1251,16
317,2025-11-26 09:28:19+05:30,990.6,28,988.45,744021,315342.0,285506.0,986.2,992.9,981.3,986.2,118141500,1084.8,887.6,1102.5,649.1,990.6,3820,12,990.5,3676,9,990.4,2994,11,990.3,1936,12,990.2,786,9,990.9,423,1,991.0,1072,19,991.1,306,2,991.2,776,7,991.3,1251,16
317,2025-11-26 09:28:20+05:30,990.6,28,988.45,744021,315427.0,284556.0,986.2,992.9,981.3,986.2,118141500,1084.8,887.6,1102.5,649.1,990.6,3820,12,990.5,3676,9,990.4,2994,11,990.3,1936,12,990.2,796,10,990.9,423,1,991.0,1072,19,991.1,306,2,991.2,776,7,991.3,1251,16
317,2025-11-26 09:28:21+05:30,990.9,10,988.45,744033,315525.0,284073.0,986.2,992.9,981.3,986.2,118141500,1084.8,887.6,1102.5,649.1,990.6,4032,13,990.5,3676,9,990.4,2994,11,990.3,1936,12,990.2,582,9,990.9,413,1,991.0,1072,19,991.1,92,1,991.2,562,6,991.3,1251,16
317,2025-11-26 09:28:21+05:30,990.9,10,988.45,744033,315525.0,284073.0,986.2,992.9,981.3,986.2,118141500,1084.8,887.6,1102.5,649.1,990.6,4032,13,990.5,3676,9,990.4,2994,11,990.3,1936,12,990.2,582,9,990.9,413,1,991.0,1072,19,991.1,92,1,991.2,562,6,991.3,1251,16
317,2025-11-26 09:28:22+05:30,990.6,14,988.45,744068,315519.0,284461.0,986.2,992.9,981.3,986.2,118141500,1084.8,887.6,1102.5,649.1,990.6,3804,12,990.5,3676,9,990.4,2994,11,990.3,1946,13,990.2,786,9,990.9,392,1,991.0,1072,19,991.1,92,1,991.2,776,7,991.3,1251,16
317,2025-11-26 09:28:22+05:30,990.6,14,988.45,744068,315519.0,284461.0,986.2,992.9,981.3,986.2,118141500,1084.8,887.6,1102.5,649.1,990.6,3804,12,990.5,3676,9,990.4,2994,11,990.3,1946,13,990.2,786,9,990.9,392,1,991.0,1072,19,991.1,92,1,991.2,776,7,991.3,1251,16
317,2025-11-26 09:28:23+05:30,991.0,10,988.46,744818,316695.0,285170.0,986.2,992.9,981.3,986.2,118141500,1084.8,887.6,1102.5,649.1,990.7,2236,3,990.6,3813,13,990.5,2900,8,990.4,2078,12,990.3,1170,10,991.0,1944,13,991.1,168,4,991.2,691,8,991.3,1643,15,991.4,1099,12
317,2025-11-26 09:28:23+05:30,991.0,10,988.46,744818,316695.0,285170.0,986.2,992.9,981.3,986.2,118141500,1084.8,887.6,1102.5,649.1,990.7,2236,3,990.6,3813,13,990.5,2900,8,990.4,2078,12,990.3,1170,10,991.0,1944,13,991.1,168,4,991.2,691,8,991.3,1643,15,991.4,1099,12
317,2025-11-26 09:28:24+05:30,991.0,18,988.46,744818,316695.0,285170.0,986.2,992.9,981.3,986.2,118141500,1084.8,887.6,1102.5,649.1,990.7,2236,3,990.6,3813,13,990.5,2900,8,990.4,2078,12,990.3,1170,10,991.0,1944,13,991.1,168,4,991.2,691,8,991.3,1643,15,991.4,1099,12
317,2025-11-26 09:28:24+05:30,991.0,2,988.46,745166,319642.0,284713.0,986.2,992.9,981.3,986.2,118141500,1084.8,887.6,1102.5,649.1,990.9,750,1,990.7,2112,4,990.6,2892,8,990.5,2104,6,990.4,2228,10,991.0,1793,16,991.1,84,2,991.2,719,6,991.3,1065,11,991.4,1262,12
317,2025-11-26 09:28:25+05:30,990.9,694,988.46,745166,319642.0,284713.0,986.2,992.9,981.3,986.2,118141500,1084.8,887.6,1102.5,649.1,990.9,750,1,990.7,2112,4,990.6,2892,8,990.5,2104,6,990.4,2228,10,991.0,1793,16,991.1,84,2,991.2,719,6,991.3,1065,11,991.4,1262,12
317,2025-11-26 09:28:25+05:30,991.0,100,988.46,746016,307425.0,285329.0,986.2,992.9,981.3,986.2,118141500,1084.8,887.6,1102.5,649.1,990.8,50,1,990.7,16,1,990.6,711,4,990.4,2408,11,990.3,3474,14,991.0,1858,19,991.1,568,6,991.2,841,10,991.3,2343,20,991.4,1512,13
317,2025-11-26 09:28:26+05:30,991.0,5,988.46,746016,307425.0,285329.0,986.2,992.9,981.3,986.2,118141500,1084.8,887.6,1102.5,649.1,990.8,50,1,990.7,16,1,990.6,711,4,990.4,2408,11,990.3,3474,14,991.0,1858,19,991.1,568,6,991.2,841,10,991.3,2343,20,991.4,1512,13
317,2025-11-26 09:28:27+05:30,991.0,5,988.46,746322,314016.0,285132.0,986.2,992.9,981.3,986.2,118141500,1084.8,887.6,1102.5,649.1,990.7,2776,5,990.6,2620,11,990.5,3527,11,990.4,2119,14,990.3,1152,10,991.0,2221,19,991.1,2,1,991.2,591,6,991.3,1298,17,991.4,1456,15
317,2025-11-26 09:28:27+05:30,991.0,5,988.46,746322,314016.0,285132.0,986.2,992.9,981.3,986.2,118141500,1084.8,887.6,1102.5,649.1,990.7,2776,5,990.6,2620,11,990.5,3527,11,990.4,2119,14,990.3,1152,10,991.0,2221,19,991.1,2,1,991.2,591,6,991.3,1298,17,991.4,1456,15
317,2025-11-26 09:28:28+05:30,990.7,56,988.46,746383,313753.0,285221.0,986.2,992.9,981.3,986.2,118141500,1084.8,887.6,1102.5,649.1,990.7,2634,5,990.6,2260,9,990.5,4015,14,990.4,2337,15,990.3,1152,10,991.0,2216,19,991.1,124,2,991.2,663,7,991.3,1321,17,991.4,1682,17
317,2025-11-26 09:28:28+05:30,990.7,56,988.46,746383,313753.0,285221.0,986.2,992.9,981.3,986.2,118141500,1084.8,887.6,1102.5,649.1,990.7,2634,5,990.6,2260,9,990.5,4015,14,990.4,2337,15,990.3,1152,10,991.0,2216,19,991.1,124,2,991.2,663,7,991.3,1321,17,991.4,1682,17
317,2025-11-26 09:28:29+05:30,991.0,1,988.46,746384,313760.0,286049.0,986.2,992.9,981.3,986.2,118141500,1084.8,887.6,1102.5,649.1,990.7,2634,5,990.6,2006,6,990.5,4015,14,990.4,2409,16,990.3,1152,10,991.0,2260,20,991.1,558,5,991.2,1535,10,991.3,1331,18,991.4,1682,17
317,2025-11-26 09:28:29+05:30,991.0,1,988.46,746384,313760.0,286049.0,986.2,992.9,981.3,986.2,118141500,1084.8,887.6,1102.5,649.1,990.7,2634,5,990.6,2006,6,990.5,4015,14,990.4,2409,16,990.3,1152,10,991.0,2260,20,991.1,558,5,991.2,1535,10,991.3,1331,18,991.4,1682,17
317,2025-11-26 09:28:30+05:30,991.0,1,988.46,746410,313509.0,286638.0,986.2,992.9,981.3,986.2,118141500,1084.8,887.6,1102.5,649.1,990.7,2620,5,990.6,2006,6,990.5,2765,10,990.4,2337,15,990.3,1902,11,991.0,2644,23,991.1,729,7,991.2,1546,12,991.3,1331,18,991.4,1396,15
317,2025-11-26 09:28:30+05:30,991.0,1,988.46,746410,313509.0,286638.0,986.2,992.9,981.3,986.2,118141500,1084.8,887.6,1102.5,649.1,990.7,2620,5,990.6,2006,6,990.5,2765,10,990.4,2337,15,990.3,1902,11,991.0,2644,23,991.1,729,7,991.2,1546,12,991.3,1331,18,991.4,1396,15
317,2025-11-26 09:28:31+05:30,991.0,1,988.46,746410,313539.0,286556.0,986.2,992.9,981.3,986.2,118141500,1084.8,887.6,1102.5,649.1,990.7,2620,5,990.6,2006,6,990.5,2765,10,990.4,2337,15,990.3,1902,11,991.0,2562,22,991.1,729,7,991.2,1546,12,991.3,1331,18,991.4,1396,15
317,2025-11-26 09:28:32+05:30,991.0,1,988.46,746410,313615.0,286601.0,986.2,992.9,981.3,986.2,118141500,1084.8,887.6,1102.5,649.1,990.7,2620,5,990.6,2006,6,990.5,2765,10,990.4,2337,15,990.3,1902,11,991.0,2565,23,991.1,739,8,991.2,1546,12,991.3,1331,18,991.4,1396,15
317,2025-11-26 09:28:33+05:30,991.0,1,988.46,746410,313515.0,286502.0,986.2,992.9,981.3,986.2,118141500,1084.8,887.6,1102.5,649.1,990.7,2620,5,990.6,2006,6,990.5,2765,10,990.4,2337,15,990.3,1902,11,991.0,2565,23,991.1,640,7,991.2,1546,12,991.3,1331,18,991.4,1396,15
317,2025-11-26 09:28:34+05:30,990.2,135,988.47,749944,305848.0,290701.0,986.2,992.9,981.3,986.2,118141500,1084.8,887.6,1102.5,649.1,990.3,750,1,990.2,1464,3,990.1,2301,10,990.0,3856,44,989.9,1738,12,990.7,67,1,990.8,669,10,990.9,1745,14,991.0,3319,32,991.1,2563,20
317,2025-11-26 09:28:34+05:30,990.7,21,988.47,749944,305848.0,290701.0,986.2,992.9,981.3,986.2,118141500,1084.8,887.6,1102.5,649.1,990.3,750,1,990.2,1464,3,990.1,2301,10,990.0,3856,44,989.9,1738,12,990.7,67,1,990.8,669,10,990.9,1745,14,991.0,3319,32,991.1,2563,20
317,2025-11-26 09:28:35+05:30,990.2,593,988.48,751348,304901.0,288427.0,986.2,992.9,981.3,986.2,118141500,1084.8,887.6,1102.5,649.1,990.3,750,1,990.2,2698,9,990.1,2139,10,990.0,3683,39,989.9,1731,12,990.8,2,1,990.9,1465,12,991.0,2865,30,991.1,2153,21,991.2,2852,23
317,2025-11-26 09:28:35+05:30,990.9,58,988.48,751348,304901.0,288427.0,986.2,992.9,981.3,986.2,118141500,1084.8,887.6,1102.5,649.1,990.3,750,1,990.2,2698,9,990.1,2139,10,990.0,3683,39,989.9,1731,12,990.8,2,1,990.9,1465,12,991.0,2865,30,991.1,2153,21,991.2,2852,23
317,2025-11-26 09:28:36+05:30,990.7,1,988.48,751348,304901.0,288427.0,986.2,992.9,981.3,986.2,118141500,1084.8,887.6,1102.5,649.1,990.3,750,1,990.2,2698,9,990.1,2139,10,990.0,3683,39,989.9,1731,12,990.8,2,1,990.9,1465,12,991.0,2865,30,991.1,2153,21,991.2,2852,23
317,2025-11-26 09:28:36+05:30,990.7,1,988.48,752011,304753.0,290308.0,986.2,992.9,981.3,986.2,118141500,1084.8,887.6,1102.5,649.1,990.2,1212,3,990.1,2146,10,990.0,3739,38,989.9,3299,15,989.8,1081,11,990.7,368,3,990.8,557,5,990.9,1462,10,991.0,3333,33,991.1,2343,20
317,2025-11-26 09:28:37+05:30,990.7,28,988.48,752489,305068.0,289627.0,986.2,992.9,981.3,986.2,118141500,1084.8,887.6,1102.5,649.1,990.3,87,1,990.2,1609,3,990.1,2190,9,990.0,3743,38,989.9,3070,11,990.7,136,2,990.8,1180,7,990.9,955,12,991.0,2981,31,991.1,2535,20
317,2025-11-26 09:28:37+05:30,990.7,28,988.48,752489,305068.0,289627.0,986.2,992.9,981.3,986.2,118141500,1084.8,887.6,1102.5,649.1,990.3,87,1,990.2,1609,3,990.1,2190,9,990.0,3743,38,989.9,3070,11,990.7,136,2,990.8,1180,7,990.9,955,12,991.0,2981,31,991.1,2535,20
317,2025-11-26 09:28:38+05:30,990.2,84,988.48,752489,305068.0,289627.0,986.2,992.9,981.3,986.2,118141500,1084.8,887.6,1102.5,649.1,990.3,87,1,990.2,1609,3,990.1,2190,9,990.0,3743,38,989.9,3070,11,990.7,136,2,990.8,1180,7,990.9,955,12,991.0,2981,31,991.1,2535,20
317,2025-11-26 09:28:38+05:30,990.2,84,988.48,752660,304463.0,290419.0,986.2,992.9,981.3,986.2,118141500,1084.8,887.6,1102.5,649.1,990.2,1262,6,990.1,2565,11,990.0,3768,40,989.9,2419,11,989.8,2408,15,990.7,87,1,990.8,594,8,990.9,1693,14,991.0,3445,34,991.1,2590,21
317,2025-11-26 09:28:39+05:30,990.6,100,988.48,752660,304463.0,290419.0,986.2,992.9,981.3,986.2,118141500,1084.8,887.6,1102.5,649.1,990.2,1262,6,990.1,2565,11,990.0,3768,40,989.9,2419,11,989.8,2408,15,990.7,87,1,990.8,594,8,990.9,1693,14,991.0,3445,34,991.1,2590,21
317,2025-11-26 09:28:40+05:30,990.6,100,988.48,753238,302578.0,291514.0,986.2,992.9,981.3,986.2,118141500,1084.8,887.6,1102.5,649.1,990.2,316,3,990.1,1990,8,990.0,2792,36,989.9,2310,10,989.8,1658,14,990.6,35,1,990.7,411,4,990.8,843,10,990.9,1290,15,991.0,4146,36
317,2025-11-26 09:28:40+05:30,990.2,1,988.48,753238,302578.0,291514.0,986.2,992.9,981.3,986.2,118141500,1084.8,887.6,1102.5,649.1,990.2,316,3,990.1,1990,8,990.0,2792,36,989.9,2310,10,989.8,1658,14,990.6,35,1,990.7,411,4,990.8,843,10,990.9,1290,15,991.0,4146,36
317,2025-11-26 09:28:41+05:30,990.1,53,988.48,753470,305879.0,292736.0,986.2,992.9,981.3,986.2,118141500,1084.8,887.6,1102.5,649.1,990.1,1760,4,990.0,3542,37,989.9,1539,7,989.8,2519,12,989.7,2538,13,990.4,15,1,990.5,63,1,990.6,204,2,990.7,950,8,990.8,930,11
317,2025-11-26 09:28:41+05:30,990.1,15,988.48,753470,305879.0,292736.0,986.2,992.9,981.3,986.2,118141500,1084.8,887.6,1102.5,649.1,990.1,1760,4,990.0,3542,37,989.9,1539,7,989.8,2519,12,989.7,2538,13,990.4,15,1,990.5,63,1,990.6,204,2,990.7,950,8,990.8,930,11
317,2025-11-26 09:28:42+05:30,990.2,42,988.48,753534,304352.0,290859.0,986.2,992.9,981.3,986.2,118141500,1084.8,887.6,1102.5,649.1,990.2,1458,2,990.1,2955,9,990.0,3056,38,989.9,1565,9,989.8,2493,10,990.7,679,6,990.8,708,9,990.9,1716,15,991.0,3646,35,991.1,2297,20
317,2025-11-26 09:28:42+05:30,990.7,2,988.48,753534,304352.0,290859.0,986.2,992.9,981.3,986.2,118141500,1084.8,887.6,1102.5,649.1,990.2,1458,2,990.1,2955,9,990.0,3056,38,989.9,1565,9,989.8,2493,10,990.7,679,6,990.8,708,9,990.9,1716,15,991.0,3646,35,991.1,2297,20
317,2025-11-26 09:28:43+05:30,990.2,14,988.48,753551,306285.0,291312.0,986.2,992.9,981.3,986.2,118141500,1084.8,887.6,1102.5,649.1,990.2,1444,2,990.1,2953,9,990.0,3803,39,989.9,1539,7,989.8,2519,12,990.7,954,7,990.8,708,9,990.9,1130,14,991.0,3656,36,991.1,2332,21
317,2025-11-26 09:28:43+05:30,990.2,2,988.48,753551,306285.0,291312.0,986.2,992.9,981.3,986.2,118141500,1084.8,887.6,1102.5,649.1,990.2,1444,2,990.1,2953,9,990.0,3803,39,989.9,1539,7,989.8,2519,12,990.7,954,7,990.8,708,9,990.9,1130,14,991.0,3656,36,991.1,2332,21
317,2025-11-26 09:28:44+05:30,990.2,2,988.48,753553,305919.0,291320.0,986.2,992.9,981.3,986.2,118141500,1084.8,887.6,1102.5,649.1,990.2,1656,3,990.1,2203,8,990.0,3828,40,989.9,1562,9,989.8,2292,10,990.7,758,7,990.8,708,9,990.9,1700,15,991.0,4156,37,991.1,2046,21
317,2025-11-26 09:28:45+05:30,990.3,2,988.48,753555,306265.0,291587.0,986.2,992.9,981.3,986.2,118141500,1084.8,887.6,1102.5,649.1,990.3,8,1,990.2,1455,3,990.1,2953,9,990.0,3853,40,989.9,1512,9,990.7,860,8,990.8,909,10,990.9,1103,13,991.0,3646,35,991.1,2546,22
317,2025-11-26 09:28:45+05:30,990.3,4,988.48,753555,306265.0,291587.0,986.2,992.9,981.3,986.2,118141500,1084.8,887.6,1102.5,649.1,990.3,8,1,990.2,1455,3,990.1,2953,9,990.0,3853,40,989.9,1512,9,990.7,860,8,990.8,909,10,990.9,1103,13,991.0,3646,35,991.1,2546,22
317,2025-11-26 09:28:46+05:30,990.3,4,988.48,753567,311054.0,289905.0,986.2,992.9,981.3,986.2,118141500,1084.8,887.6,1102.5,649.1,990.4,692,1,990.3,3557,8,990.2,3246,13,990.1,2490,13,990.0,3836,40,990.7,516,4,990.8,101,2,990.9,689,9,991.0,3704,35,991.1,2197,21
317,2025-11-26 09:28:47+05:30,990.3,4,988.48,753567,311437.0,289793.0,986.2,992.9,981.3,986.2,118141500,1084.8,887.6,1102.5,649.1,990.4,705,2,990.3,3771,9,990.2,3233,12,990.1,2490,13,990.0,3836,40,990.7,516,4,990.8,101,2,990.9,689,9,991.0,3704,35,991.1,2197,21
317,2025-11-26 09:28:48+05:30,990.3,4,988.48,753567,311407.0,289869.0,986.2,992.9,981.3,986.2,118141500,1084.8,887.6,1102.5,649.1,990.4,705,2,990.3,3425,8,990.2,3035,12,990.1,2490,13,990.0,3836,40,990.7,516,4,990.8,186,3,990.9,1265,11,991.0,3759,37,991.1,2134,20
317,2025-11-26 09:28:49+05:30,990.7,4,988.48,753567,311407.0,289869.0,986.2,992.9,981.3,986.2,118141500,1084.8,887.6,1102.5,649.1,990.4,705,2,990.3,3425,8,990.2,3035,12,990.1,2490,13,990.0,3836,40,990.7,516,4,990.8,186,3,990.9,1265,11,991.0,3759,37,991.1,2134,20
317,2025-11-26 09:28:49+05:30,990.7,4,988.48,753571,311316.0,289653.0,986.2,992.9,981.3,986.2,118141500,1084.8,887.6,1102.5,649.1,990.4,804,3,990.3,3765,11,990.2,2909,10,990.1,2508,14,990.0,3932,44,990.7,438,3,990.8,186,3,990.9,995,7,991.0,3345,37,991.1,2210,22
317,2025-11-26 09:28:51+05:30,990.7,4,988.48,753571,311341.0,289703.0,986.2,992.9,981.3,986.2,118141500,1084.8,887.6,1102.5,649.1,990.4,907,4,990.3,3890,12,990.2,2909,10,990.1,2508,14,990.0,3932,44,990.7,438,3,990.8,186,3,990.9,671,7,991.0,3282,36,991.1,2281,24
317,2025-11-26 09:28:52+05:30,990.7,4,988.48,753571,310852.0,289680.0,986.2,992.9,981.3,986.2,118141500,1084.8,887.6,1102.5,649.1,990.4,804,3,990.3,3551,10,990.2,2909,10,990.1,2508,14,990.0,3932,44,990.7,438,3,990.8,186,3,990.9,671,7,991.0,3282,36,991.1,2281,24
317,2025-11-26 09:28:52+05:30,990.7,3,988.48,753571,310852.0,289680.0,986.2,992.9,981.3,986.2,118141500,1084.8,887.6,1102.5,649.1,990.4,804,3,990.3,3551,10,990.2,2909,10,990.1,2508,14,990.0,3932,44,990.7,438,3,990.8,186,3,990.9,671,7,991.0,3282,36,991.1,2281,24
317,2025-11-26 09:28:53+05:30,990.7,10,988.48,753585,311659.0,289206.0,986.2,992.9,981.3,986.2,118141500,1084.8,887.6,1102.5,649.1,990.4,944,5,990.3,3807,12,990.2,2906,9,990.1,2508,14,990.0,4132,45,990.7,424,3,990.8,186,3,990.9,364,4,991.0,3276,36,991.1,2281,24
317,2025-11-26 09:28:53+05:30,990.7,10,988.48,753585,311659.0,289206.0,986.2,992.9,981.3,986.2,118141500,1084.8,887.6,1102.5,649.1,990.4,944,5,990.3,3807,12,990.2,2906,9,990.1,2508,14,990.0,4132,45,990.7,424,3,990.8,186,3,990.9,364,4,991.0,3276,36,991.1,2281,24
317,2025-11-26 09:28:54+05:30,990.7,10,988.48,753585,311752.0,289328.0,986.2,992.9,981.3,986.2,118141500,1084.8,887.6,1102.5,649.1,990.5,150,1,990.4,804,3,990.3,3945,15,990.2,2906,9,990.1,2508,14,990.7,424,3,990.8,124,2,990.9,364,4,991.0,3158,34,991.1,2281,24
317,2025-11-26 09:28:55+05:30,990.7,10,988.48,753585,312120.0,289647.0,986.2,992.9,981.3,986.2,118141500,1084.8,887.6,1102.5,649.1,990.5,176,2,990.4,1444,7,990.3,3887,14,990.2,3006,10,990.1,2508,14,990.7,424,3,990.8,39,1,990.9,263,3,991.0,3158,34,991.1,2281,24
317,2025-11-26 09:28:56+05:30,990.7,10,988.48,753585,312240.0,289613.0,986.2,992.9,981.3,986.2,118141500,1084.8,887.6,1102.5,649.1,990.5,400,4,990.4,1502,8,990.3,3824,13,990.2,3006,10,990.1,2508,14,990.7,424,3,990.8,39,1,990.9,263,3,991.0,3129,33,991.1,2160,22
317,2025-11-26 09:28:57+05:30,990.7,10,988.48,753585,315950.0,288885.0,986.2,992.9,981.3,986.2,118141500,1084.8,887.6,1102.5,649.1,990.6,692,1,990.5,3473,10,990.4,3080,10,990.3,2677,16,990.2,2256,9,990.7,424,3,990.8,39,1,990.9,62,2,991.0,3164,29,991.1,1952,19
317,2025-11-26 09:28:58+05:30,990.7,10,988.48,753585,315772.0,288910.0,986.2,992.9,981.3,986.2,118141500,1084.8,887.6,1102.5,649.1,990.6,719,2,990.5,3365,8,990.4,3080,10,990.3,2677,16,990.2,2256,9,990.7,410,3,990.8,39,1,990.9,33,1,991.0,3193,30,991.1,1952,19
317,2025-11-26 09:28:59+05:30,990.7,198,988.48,753885,316149.0,287812.0,986.2,992.9,981.3,986.2,118141500,1084.8,887.6,1102.5,649.1,990.6,819,3,990.5,3763,12,990.4,3080,10,990.3,2677,16,990.2,2306,10,990.7,154,2,990.8,39,1,990.9,33,1,991.0,2979,29,991.1,1630,17
317,2025-11-26 09:28:59+05:30,990.7,1,988.48,753885,316149.0,287812.0,986.2,992.9,981.3,986.2,118141500,1084.8,887.6,1102.5,649.1,990.6,819,3,990.5,3763,12,990.4,3080,10,990.3,2677,16,990.2,2306,10,990.7,154,2,990.8,39,1,990.9,33,1,991.0,2979,29,991.1,1630,17
317,2025-11-26 09:29:00+05:30,990.6,78,988.48,754046,315645.0,288476.0,986.2,992.9,981.3,986.2,118141500,1084.8,887.6,1102.5,649.1,990.6,685,3,990.5,3615,10,990.4,2083,8,990.3,3427,17,990.2,2335,11,990.7,127,2,990.8,39,1,990.9,33,1,991.0,2979,29,991.1,1918,19
317,2025-11-26 09:29:00+05:30,990.6,78,988.48,754046,315645.0,288476.0,986.2,992.9,981.3,986.2,118141500,1084.8,887.6,1102.5,649.1,990.6,685,3,990.5,3615,10,990.4,2083,8,990.3,3427,17,990.2,2335,11,990.7,127,2,990.8,39,1,990.9,33,1,991.0,2979,29,991.1,1918,19
317,2025-11-26 09:29:01+05:30,990.6,28,988.48,754224,314867.0,288679.0,986.2,992.9,981.3,986.2,118141500,1084.8,887.6,1102.5,649.1,990.6,607,3,990.5,3252,7,990.4,2053,8,990.3,2594,15,990.2,3085,12,990.7,290,2,990.8,39,1,990.9,123,2,991.0,3185,30,991.1,2009,21
317,2025-11-26 09:29:01+05:30,990.6,28,988.48,754224,314867.0,288679.0,986.2,992.9,981.3,986.2,118141500,1084.8,887.6,1102.5,649.1,990.6,607,3,990.5,3252,7,990.4,2053,8,990.3,2594,15,990.2,3085,12,990.7,290,2,990.8,39,1,990.9,123,2,991.0,3185,30,991.1,2009,21
317,2025-11-26 09:29:02+05:30,990.6,42,988.48,754224,314867.0,288679.0,986.2,992.9,981.3,986.2,118141500,1084.8,887.6,1102.5,649.1,990.6,607,3,990.5,3252,7,990.4,2053,8,990.3,2594,15,990.2,3085,12,990.7,290,2,990.8,39,1,990.9,123,2,991.0,3185,30,991.1,2009,21
317,2025-11-26 09:29:02+05:30,990.6,42,988.48,754266,314771.0,289429.0,986.2,992.9,981.3,986.2,118141500,1084.8,887.6,1102.5,649.1,990.6,565,3,990.5,3252,7,990.4,1768,5,990.3,2646,16,990.2,3294,14,990.7,290,2,990.8,39,1,990.9,795,4,991.0,3558,33,991.1,2029,23
317,2025-11-26 09:29:03+05:30,990.7,25,988.48,754266,314771.0,289429.0,986.2,992.9,981.3,986.2,118141500,1084.8,887.6,1102.5,649.1,990.6,565,3,990.5,3252,7,990.4,1768,5,990.3,2646,16,990.2,3294,14,990.7,290,2,990.8,39,1,990.9,795,4,991.0,3558,33,991.1,2029,23
317,2025-11-26 09:29:04+05:30,990.7,25,988.48,754291,314809.0,289509.0,986.2,992.9,981.3,986.2,118141500,1084.8,887.6,1102.5,649.1,990.6,565,3,990.5,3252,7,990.4,1820,6,990.3,2594,15,990.2,3332,15,990.7,265,2,990.8,39,1,990.9,875,5,991.0,3558,33,991.1,2029,23
317,2025-11-26 09:29:04+05:30,990.7,18,988.48,754291,314809.0,289509.0,986.2,992.9,981.3,986.2,118141500,1084.8,887.6,1102.5,649.1,990.6,565,3,990.5,3252,7,990.4,1820,6,990.3,2594,15,990.2,3332,15,990.7,265,2,990.8,39,1,990.9,875,5,991.0,3558,33,991.1,2029,23
317,2025-11-26 09:29:05+05:30,990.7,18,988.48,754312,315080.0,289559.0,986.2,992.9,981.3,986.2,118141500,1084.8,887.6,1102.5,649.1,990.6,757,5,990.5,3304,8,990.4,1768,5,990.3,2673,16,990.2,3332,15,990.7,245,1,990.8,39,1,990.9,795,4,991.0,3558,33,991.1,2029,23
317,2025-11-26 09:29:05+05:30,990.9,90,988.48,754312,315080.0,289559.0,986.2,992.9,981.3,986.2,118141500,1084.8,887.6,1102.5,649.1,990.6,757,5,990.5,3304,8,990.4,1768,5,990.3,2673,16,990.2,3332,15,990.7,245,1,990.8,39,1,990.9,795,4,991.0,3558,33,991.1,2029,23
317,2025-11-26 09:29:06+05:30,990.9,90,988.48,754857,314529.0,285011.0,986.2,992.9,981.3,986.2,118141500,1084.8,887.6,1102.5,649.1,990.9,618,1,990.8,750,1,990.7,1255,3,990.6,1994,11,990.5,3176,12,991.0,2958,27,991.1,300,3,991.2,1035,6,991.3,2058,18,991.4,1761,15
317,2025-11-26 09:29:06+05:30,990.9,40,988.48,754857,314529.0,285011.0,986.2,992.9,981.3,986.2,118141500,1084.8,887.6,1102.5,649.1,990.9,618,1,990.8,750,1,990.7,1255,3,990.6,1994,11,990.5,3176,12,991.0,2958,27,991.1,300,3,991.2,1035,6,991.3,2058,18,991.4,1761,15
317,2025-11-26 09:29:07+05:30,990.8,104,988.49,755619,323095.0,286261.0,986.2,992.9,981.3,986.2,118141500,1084.8,887.6,1102.5,649.1,990.8,1083,2,990.7,4264,8,990.6,2911,9,990.5,3425,14,990.4,2453,10,991.0,3138,27,991.1,248,2,991.2,509,8,991.3,2202,20,991.4,1255,13
317,2025-11-26 09:29:07+05:30,990.8,104,988.49,755619,323095.0,286261.0,986.2,992.9,981.3,986.2,118141500,1084.8,887.6,1102.5,649.1,990.8,1083,2,990.7,4264,8,990.6,2911,9,990.5,3425,14,990.4,2453,10,991.0,3138,27,991.1,248,2,991.2,509,8,991.3,2202,20,991.4,1255,13
317,2025-11-26 09:29:08+05:30,990.8,143,988.49,755762,323011.0,285992.0,986.2,992.9,981.3,986.2,118141500,1084.8,887.6,1102.5,649.1,990.8,940,2,990.7,4455,11,990.6,3713,11,990.5,3273,14,990.4,1720,10,991.0,3127,29,991.1,579,3,991.2,342,3,991.3,2175,20,991.4,1024,14
317,2025-11-26 09:29:08+05:30,990.8,143,988.49,755762,323011.0,285992.0,986.2,992.9,981.3,986.2,118141500,1084.8,887.6,1102.5,649.1,990.8,940,2,990.7,4455,11,990.6,3713,11,990.5,3273,14,990.4,1720,10,991.0,3127,29,991.1,579,3,991.2,342,3,991.3,2175,20,991.4,1024,14
317,2025-11-26 09:29:09+05:30,990.8,26,988.49,755788,323554.0,286604.0,986.2,992.9,981.3,986.2,118141500,1084.8,887.6,1102.5,649.1,990.8,914,2,990.7,4277,9,990.6,2213,9,990.5,4229,16,990.4,2478,12,991.0,3176,30,991.1,579,3,991.2,342,3,991.3,2175,20,991.4,1037,15
317,2025-11-26 09:29:09+05:30,991.0,4,988.49,755788,323554.0,286604.0,986.2,992.9,981.3,986.2,118141500,1084.8,887.6,1102.5,649.1,990.8,914,2,990.7,4277,9,990.6,2213,9,990.5,4229,16,990.4,2478,12,991.0,3176,30,991.1,579,3,991.2,342,3,991.3,2175,20,991.4,1037,15
317,2025-11-26 09:29:10+05:30,991.0,4,988.49,755792,323283.0,286664.0,986.2,992.9,981.3,986.2,118141500,1084.8,887.6,1102.5,649.1,990.8,914,2,990.7,4277,9,990.6,3765,12,990.5,3427,14,990.4,1728,11,991.0,3217,31,991.1,578,2,991.2,342,3,991.3,2738,21,991.4,1050,16
317,2025-11-26 09:29:10+05:30,991.0,500,988.49,755792,323283.0,286664.0,986.2,992.9,981.3,986.2,118141500,1084.8,887.6,1102.5,649.1,990.8,914,2,990.7,4277,9,990.6,3765,12,990.5,3427,14,990.4,1728,11,991.0,3217,31,991.1,578,2,991.2,342,3,991.3,2738,21,991.4,1050,16
317,2025-11-26 09:29:11+05:30,991.0,500,988.49,756292,323129.0,286305.0,986.2,992.9,981.3,986.2,118141500,1084.8,887.6,1102.5,649.1,990.8,914,2,990.7,4277,9,990.6,3767,13,990.5,3427,14,990.4,1728,11,991.0,3254,32,991.2,881,5,991.3,2175,20,991.4,1050,16,991.5,3152,18
317,2025-11-26 09:29:11+05:30,990.8,83,988.49,756292,323129.0,286305.0,986.2,992.9,981.3,986.2,118141500,1084.8,887.6,1102.5,649.1,990.8,914,2,990.7,4277,9,990.6,3767,13,990.5,3427,14,990.4,1728,11,991.0,3254,32,991.2,881,5,991.3,2175,20,991.4,1050,16,991.5,3152,18
317,2025-11-26 09:29:12+05:30,991.0,267,988.5,759550,322506.0,281863.0,986.2,992.9,981.3,986.2,118141500,1084.8,887.6,1102.5,649.1,990.9,750,1,990.8,336,5,990.7,3176,10,990.6,3222,14,990.5,2677,13,991.0,968,22,991.3,379,5,991.4,1108,7,991.5,2820,17,991.6,1495,10
317,2025-11-26 09:29:12+05:30,990.7,430,988.5,759550,322506.0,281863.0,986.2,992.9,981.3,986.2,118141500,1084.8,887.6,1102.5,649.1,990.9,750,1,990.8,336,5,990.7,3176,10,990.6,3222,14,990.5,2677,13,991.0,968,22,991.3,379,5,991.4,1108,7,991.5,2820,17,991.6,1495,10
317,2025-11-26 09:29:13+05:30,990.7,34,988.51,761826,315119.0,285110.0,986.2,992.9,981.3,986.2,118141500,1084.8,887.6,1102.5,649.1,990.7,1488,4,990.6,1133,5,990.5,2241,12,990.4,3001,12,990.3,2731,15,990.8,25,1,991.0,2101,26,991.1,186,3,991.2,979,11,991.3,1212,13
317,2025-11-26 09:29:13+05:30,990.8,2,988.51,761826,315119.0,285110.0,986.2,992.9,981.3,986.2,118141500,1084.8,887.6,1102.5,649.1,990.7,1488,4,990.6,1133,5,990.5,2241,12,990.4,3001,12,990.3,2731,15,990.8,25,1,991.0,2101,26,991.1,186,3,991.2,979,11,991.3,1212,13
317,2025-11-26 09:29:14+05:30,990.5,12,988.51,761826,315119.0,285110.0,986.2,992.9,981.3,986.2,118141500,1084.8,887.6,1102.5,649.1,990.7,1488,4,990.6,1133,5,990.5,2241,12,990.4,3001,12,990.3,2731,15,990.8,25,1,991.0,2101,26,991.1,186,3,991.2,979,11,991.3,1212,13
317,2025-11-26 09:29:14+05:30,990.5,12,988.52,764828,306584.0,290757.0,986.2,992.9,981.3,986.2,118141500,1084.8,887.6,1102.5,649.1,990.2,804,8,990.1,1644,11,990.0,4964,44,989.9,2305,11,989.8,2554,15,990.6,13,1,990.7,225,4,990.8,647,7,990.9,988,9,991.0,3180,35
317,2025-11-26 09:29:15+05:30,990.6,1,988.52,764828,306584.0,290757.0,986.2,992.9,981.3,986.2,118141500,1084.8,887.6,1102.5,649.1,990.2,804,8,990.1,1644,11,990.0,4964,44,989.9,2305,11,989.8,2554,15,990.6,13,1,990.7,225,4,990.8,647,7,990.9,988,9,991.0,3180,35
317,2025-11-26 09:29:15+05:30,990.6,1,988.52,766695,306661.0,292701.0,986.2,992.9,981.3,986.2,118141500,1084.8,887.6,1102.5,649.1,990.1,1773,6,990.0,5365,44,989.9,2178,11,989.8,2544,14,989.7,977,9,990.6,174,2,990.7,426,5,990.8,1268,13,990.9,919,10,991.0,3514,37
317,2025-11-26 09:29:16+05:30,990.6,126,988.52,766695,306661.0,292701.0,986.2,992.9,981.3,986.2,118141500,1084.8,887.6,1102.5,649.1,990.1,1773,6,990.0,5365,44,989.9,2178,11,989.8,2544,14,989.7,977,9,990.6,174,2,990.7,426,5,990.8,1268,13,990.9,919,10,991.0,3514,37
317,2025-11-26 09:29:17+05:30,990.6,126,988.52,767446,309713.0,290818.0,986.2,992.9,981.3,986.2,118141500,1084.8,887.6,1102.5,649.1,990.3,3199,7,990.2,3111,10,990.1,2471,12,990.0,4187,48,989.9,927,8,990.8,380,4,990.9,1310,10,991.0,3095,35,991.1,2076,20,991.2,2890,19
317,2025-11-26 09:29:17+05:30,990.3,261,988.52,767446,309713.0,290818.0,986.2,992.9,981.3,986.2,118141500,1084.8,887.6,1102.5,649.1,990.3,3199,7,990.2,3111,10,990.1,2471,12,990.0,4187,48,989.9,927,8,990.8,380,4,990.9,1310,10,991.0,3095,35,991.1,2076,20,991.2,2890,19
317,2025-11-26 09:29:17+05:30,990.3,261,988.52,767707,313344.0,288583.0,986.2,992.9,981.3,986.2,118141500,1084.8,887.6,1102.5,649.1,990.4,2645,8,990.3,3366,11,990.2,2456,9,990.1,2469,11,990.0,3713,49,990.8,139,2,990.9,161,2,991.0,2495,29,991.1,864,14,991.2,2340,17
317,2025-11-26 09:29:18+05:30,990.5,93,988.52,767707,313344.0,288583.0,986.2,992.9,981.3,986.2,118141500,1084.8,887.6,1102.5,649.1,990.4,2645,8,990.3,3366,11,990.2,2456,9,990.1,2469,11,990.0,3713,49,990.8,139,2,990.9,161,2,991.0,2495,29,991.1,864,14,991.2,2340,17
317,2025-11-26 09:29:19+05:30,990.5,93,988.52,768008,312766.0,290304.0,986.2,992.9,981.3,986.2,118141500,1084.8,887.6,1102.5,649.1,990.6,5,1,990.4,2522,6,990.3,2307,7,990.2,2369,8,990.1,2676,13,990.8,213,2,990.9,352,3,991.0,2237,26,991.1,821,18,991.2,2389,20
317,2025-11-26 09:29:19+05:30,990.8,1,988.52,768008,312766.0,290304.0,986.2,992.9,981.3,986.2,118141500,1084.8,887.6,1102.5,649.1,990.6,5,1,990.4,2522,6,990.3,2307,7,990.2,2369,8,990.1,2676,13,990.8,213,2,990.9,352,3,991.0,2237,26,991.1,821,18,991.2,2389,20
317,2025-11-26 09:29:20+05:30,990.5,37,988.52,768061,311003.0,290620.0,986.2,992.9,981.3,986.2,118141500,1084.8,887.6,1102.5,649.1,990.4,859,3,990.3,3149,10,990.2,2377,9,990.1,2626,12,990.0,4482,51,990.8,113,1,990.9,352,3,991.0,2381,29,991.1,965,19,991.2,3082,21
317,2025-11-26 09:29:20+05:30,990.5,37,988.52,768061,311003.0,290620.0,986.2,992.9,981.3,986.2,118141500,1084.8,887.6,1102.5,649.1,990.4,859,3,990.3,3149,10,990.2,2377,9,990.1,2626,12,990.0,4482,51,990.8,113,1,990.9,352,3,991.0,2381,29,991.1,965,19,991.2,3082,21
317,2025-11-26 09:29:21+05:30,990.9,11,988.52,768072,311986.0,288413.0,986.2,992.9,981.3,986.2,118141500,1084.8,887.6,1102.5,649.1,990.5,232,3,990.4,3207,12,990.3,2990,11,990.2,3132,10,990.1,2052,13,990.9,16,1,991.0,2144,25,991.1,661,14,991.2,1904,20,991.3,2389,17
317,2025-11-26 09:29:21+05:30,990.5,13,988.52,768072,311986.0,288413.0,986.2,992.9,981.3,986.2,118141500,1084.8,887.6,1102.5,649.1,990.5,232,3,990.4,3207,12,990.3,2990,11,990.2,3132,10,990.1,2052,13,990.9,16,1,991.0,2144,25,991.1,661,14,991.2,1904,20,991.3,2389,17
317,2025-11-26 09:29:22+05:30,990.8,14,988.52,768099,311380.0,287082.0,986.2,992.9,981.3,986.2,118141500,1084.8,887.6,1102.5,649.1,990.8,736,1,990.6,101,2,990.5,936,4,990.4,2729,13,990.3,2863,9,990.9,60,2,991.0,1938,24,991.1,263,2,991.2,896,10,991.3,1102,14
317,2025-11-26 09:29:22+05:30,990.8,14,988.52,768099,311380.0,287082.0,986.2,992.9,981.3,986.2,118141500,1084.8,887.6,1102.5,649.1,990.8,736,1,990.6,101,2,990.5,936,4,990.4,2729,13,990.3,2863,9,990.9,60,2,991.0,1938,24,991.1,263,2,991.2,896,10,991.3,1102,14
317,2025-11-26 09:29:23+05:30,990.8,13,988.52,768112,311957.0,288061.0,986.2,992.9,981.3,986.2,118141500,1084.8,887.6,1102.5,649.1,990.8,736,2,990.6,201,3,990.5,1512,5,990.4,2558,11,990.3,2470,10,990.9,60,2,991.0,1938,24,991.1,263,2,991.2,730,7,991.3,1103,14
317,2025-11-26 09:29:23+05:30,990.8,13,988.52,768112,311957.0,288061.0,986.2,992.9,981.3,986.2,118141500,1084.8,887.6,1102.5,649.1,990.8,736,2,990.6,201,3,990.5,1512,5,990.4,2558,11,990.3,2470,10,990.9,60,2,991.0,1938,24,991.1,263,2,991.2,730,7,991.3,1103,14
317,2025-11-26 09:29:24+05:30,990.8,13,988.52,768112,311613.0,288236.0,986.2,992.9,981.3,986.2,118141500,1084.8,887.6,1102.5,649.1,990.8,736,2,990.6,201,3,990.5,1517,6,990.4,2558,11,990.3,2470,10,990.9,60,2,991.0,1938,24,991.1,263,2,991.2,834,9,991.3,1103,14
317,2025-11-26 09:29:25+05:30,990.9,3,988.52,768115,311047.0,288270.0,986.2,992.9,981.3,986.2,118141500,1084.8,887.6,1102.5,649.1,990.8,736,2,990.6,201,3,990.5,973,6,990.4,2558,11,990.3,2495,11,990.9,57,2,991.0,1939,25,991.1,263,2,991.2,834,9,991.3,1103,14
317,2025-11-26 09:29:25+05:30,990.9,3,988.52,768115,311047.0,288270.0,986.2,992.9,981.3,986.2,118141500,1084.8,887.6,1102.5,649.1,990.8,736,2,990.6,201,3,990.5,973,6,990.4,2558,11,990.3,2495,11,990.9,57,2,991.0,1939,25,991.1,263,2,991.2,834,9,991.3,1103,14
317,2025-11-26 09:29:26+05:30,991.0,286,988.53,768840,315270.0,286886.0,986.2,992.9,981.3,986.2,118141500,1084.8,887.6,1102.5,649.1,990.8,13,1,990.7,46,1,990.6,3482,10,990.5,2672,11,990.4,3290,13,991.0,1907,20,991.1,57,1,991.2,383,5,991.3,758,8,991.4,1499,11
317,2025-11-26 09:29:26+05:30,991.0,286,988.53,768840,315270.0,286886.0,986.2,992.9,981.3,986.2,118141500,1084.8,887.6,1102.5,649.1,990.8,13,1,990.7,46,1,990.6,3482,10,990.5,2672,11,990.4,3290,13,991.0,1907,20,991.1,57,1,991.2,383,5,991.3,758,8,991.4,1499,11
317,2025-11-26 09:29:27+05:30,991.0,7,988.53,768899,324194.0,288367.0,986.2,992.9,981.3,986.2,118141500,1084.8,887.6,1102.5,649.1,990.7,750,1,990.6,2451,6,990.5,3126,14,990.4,2530,11,990.3,2716,13,991.0,1915,22,991.1,602,3,991.2,568,8,991.3,1341,10,991.4,986,12
317,2025-11-26 09:29:27+05:30,990.7,78,988.53,768899,324194.0,288367.0,986.2,992.9,981.3,986.2,118141500,1084.8,887.6,1102.5,649.1,990.7,750,1,990.6,2451,6,990.5,3126,14,990.4,2530,11,990.3,2716,13,991.0,1915,22,991.1,602,3,991.2,568,8,991.3,1341,10,991.4,986,12
317,2025-11-26 09:29:28+05:30,990.7,13,988.53,768991,323922.0,288756.0,986.2,992.9,981.3,986.2,118141500,1084.8,887.6,1102.5,649.1,990.7,658,1,990.6,2451,6,990.5,2724,12,990.4,2530,11,990.3,2706,12,991.0,2091,23,991.1,736,4,991.2,757,9,991.3,895,10,991.4,1294,12
317,2025-11-26 09:29:28+05:30,990.7,13,988.53,768991,323922.0,288756.0,986.2,992.9,981.3,986.2,118141500,1084.8,887.6,1102.5,649.1,990.7,658,1,990.6,2451,6,990.5,2724,12,990.4,2530,11,990.3,2706,12,991.0,2091,23,991.1,736,4,991.2,757,9,991.3,895,10,991.4,1294,12
317,2025-11-26 09:29:29+05:30,991.0,10,988.53,768991,323922.0,288756.0,986.2,992.9,981.3,986.2,118141500,1084.8,887.6,1102.5,649.1,990.7,658,1,990.6,2451,6,990.5,2724,12,990.4,2530,11,990.3,2706,12,991.0,2091,23,991.1,736,4,991.2,757,9,991.3,895,10,991.4,1294,12
317,2025-11-26 09:29:29+05:30,991.0,10,988.53,769014,327280.0,288356.0,986.2,992.9,981.3,986.2,118141500,1084.8,887.6,1102.5,649.1,990.9,737,1,990.8,196,2,990.7,2995,8,990.6,2051,8,990.5,3110,14,991.0,1905,22,991.1,396,2,991.2,206,1,991.3,694,8,991.4,946,11
317,2025-11-26 09:29:30+05:30,990.9,13,988.53,769014,327280.0,288356.0,986.2,992.9,981.3,986.2,118141500,1084.8,887.6,1102.5,649.1,990.9,737,1,990.8,196,2,990.7,2995,8,990.6,2051,8,990.5,3110,14,991.0,1905,22,991.1,396,2,991.2,206,1,991.3,694,8,991.4,946,11
317,2025-11-26 09:29:30+05:30,990.9,13,988.53,769029,327114.0,288485.0,986.2,992.9,981.3,986.2,118141500,1084.8,887.6,1102.5,649.1,990.9,724,1,990.8,196,2,990.7,3699,10,990.6,2005,7,990.5,3202,14,991.0,1904,23,991.1,396,2,991.2,206,1,991.3,694,8,991.4,946,11
317,2025-11-26 09:29:31+05:30,990.9,13,988.53,769029,327473.0,289613.0,986.2,992.9,981.3,986.2,118141500,1084.8,887.6,1102.5,649.1,990.9,737,2,990.8,196,2,990.7,3686,9,990.6,2005,7,990.5,3202,14,991.0,1904,23,991.1,396,2,991.2,308,2,991.3,694,8,991.4,1543,12
317,2025-11-26 09:29:31+05:30,991.0,50,988.53,769029,327473.0,289613.0,986.2,992.9,981.3,986.2,118141500,1084.8,887.6,1102.5,649.1,990.9,737,2,990.8,196,2,990.7,3686,9,990.6,2005,7,990.5,3202,14,991.0,1904,23,991.1,396,2,991.2,308,2,991.3,694,8,991.4,1543,12
317,2025-11-26 09:29:32+05:30,990.9,10,988.53,769029,327473.0,289613.0,986.2,992.9,981.3,986.2,118141500,1084.8,887.6,1102.5,649.1,990.9,737,2,990.8,196,2,990.7,3686,9,990.6,2005,7,990.5,3202,14,991.0,1904,23,991.1,396,2,991.2,308,2,991.3,694,8,991.4,1543,12
317,2025-11-26 09:29:32+05:30,991.0,7,988.53,769300,327115.0,289379.0,986.2,992.9,981.3,986.2,118141500,1084.8,887.6,1102.5,649.1,990.9,921,4,990.8,196,2,990.7,3636,8,990.6,2047,8,990.5,3202,14,991.0,1694,20,991.1,396,2,991.2,308,2,991.3,681,7,991.4,946,11
317,2025-11-26 09:29:33+05:30,991.0,1,988.53,769353,326895.0,289442.0,986.2,992.9,981.3,986.2,118141500,1084.8,887.6,1102.5,649.1,990.9,675,2,990.8,196,2,990.7,3594,7,990.6,2047,8,990.5,3244,15,991.0,1700,22,991.1,396,2,991.2,308,2,991.3,681,7,991.4,946,11
317,2025-11-26 09:29:33+05:30,991.0,1,988.53,769353,326895.0,289442.0,986.2,992.9,981.3,986.2,118141500,1084.8,887.6,1102.5,649.1,990.9,675,2,990.8,196,2,990.7,3594,7,990.6,2047,8,990.5,3244,15,991.0,1700,22,991.1,396,2,991.2,308,2,991.3,681,7,991.4,946,11
317,2025-11-26 09:29:34+05:30,991.0,50,988.53,770078,326207.0,289272.0,986.2,992.9,981.3,986.2,118141500,1084.8,887.6,1102.5,649.1,990.8,658,1,990.7,2936,6,990.6,2301,10,990.5,3362,15,990.4,1911,14,991.0,1789,21,991.1,57,1,991.2,350,3,991.3,918,11,991.4,1516,13
317,2025-11-26 09:29:34+05:30,991.0,50,988.53,770078,326207.0,289272.0,986.2,992.9,981.3,986.2,118141500,1084.8,887.6,1102.5,649.1,990.8,658,1,990.7,2936,6,990.6,2301,10,990.5,3362,15,990.4,1911,14,991.0,1789,21,991.1,57,1,991.2,350,3,991.3,918,11,991.4,1516,13
317,2025-11-26 09:29:35+05:30,990.8,98,988.53,770078,326207.0,289272.0,986.2,992.9,981.3,986.2,118141500,1084.8,887.6,1102.5,649.1,990.8,658,1,990.7,2936,6,990.6,2301,10,990.5,3362,15,990.4,1911,14,991.0,1789,21,991.1,57,1,991.2,350,3,991.3,918,11,991.4,1516,13
317,2025-11-26 09:29:35+05:30,990.8,98,988.53,770306,325531.0,289508.0,986.2,992.9,981.3,986.2,118141500,1084.8,887.6,1102.5,649.1,990.8,430,1,990.7,2838,5,990.6,1915,8,990.5,3362,15,990.4,1911,14,991.0,1833,24,991.1,305,3,991.2,427,3,991.3,1064,12,991.4,978,13
317,2025-11-26 09:29:36+05:30,991.0,20,988.53,770306,325531.0,289508.0,986.2,992.9,981.3,986.2,118141500,1084.8,887.6,1102.5,649.1,990.8,430,1,990.7,2838,5,990.6,1915,8,990.5,3362,15,990.4,1911,14,991.0,1833,24,991.1,305,3,991.2,427,3,991.3,1064,12,991.4,978,13
317,2025-11-26 09:29:36+05:30,991.0,20,988.53,771303,325516.0,288348.0,986.2,992.9,981.3,986.2,118141500,1084.8,887.6,1102.5,649.1,990.8,391,1,990.7,2924,6,990.6,2089,9,990.5,3362,15,990.4,1901,13,991.0,1889,21,991.1,57,1,991.2,207,3,991.3,566,7,991.4,1548,11
317,2025-11-26 09:29:37+05:30,990.7,9,988.53,771303,325516.0,288348.0,986.2,992.9,981.3,986.2,118141500,1084.8,887.6,1102.5,649.1,990.8,391,1,990.7,2924,6,990.6,2089,9,990.5,3362,15,990.4,1901,13,991.0,1889,21,991.1,57,1,991.2,207,3,991.3,566,7,991.4,1548,11
317,2025-11-26 09:29:37+05:30,990.7,9,988.53,771585,324878.0,289786.0,986.2,992.9,981.3,986.2,118141500,1084.8,887.6,1102.5,649.1,990.7,2730,4,990.6,1994,8,990.5,3369,16,990.4,1848,12,990.3,1639,14,991.0,2369,23,991.1,493,4,991.2,826,7,991.3,1068,14,991.4,1635,14
317,2025-11-26 09:29:38+05:30,991.0,442,988.53,771585,324878.0,289786.0,986.2,992.9,981.3,986.2,118141500,1084.8,887.6,1102.5,649.1,990.7,2730,4,990.6,1994,8,990.5,3369,16,990.4,1848,12,990.3,1639,14,991.0,2369,23,991.1,493,4,991.2,826,7,991.3,1068,14,991.4,1635,14
317,2025-11-26 09:29:39+05:30,991.0,442,988.54,772326,324789.0,289019.0,986.2,992.9,981.3,986.2,118141500,1084.8,887.6,1102.5,649.1,990.8,209,1,990.7,2002,4,990.6,2087,9,990.5,3364,15,990.4,1855,13,991.0,1846,17,991.1,191,2,991.2,733,6,991.3,1068,14,991.4,1611,14
317,2025-11-26 09:29:40+05:30,991.0,442,988.54,772326,325013.0,290289.0,986.2,992.9,981.3,986.2,118141500,1084.8,887.6,1102.5,649.1,990.8,13,1,990.7,2948,5,990.6,1949,7,990.5,3406,16,990.4,1870,14,991.0,1858,18,991.1,604,4,991.2,826,7,991.3,1073,15,991.4,1666,14
317,2025-11-26 09:29:40+05:30,990.7,52,988.54,772326,325013.0,290289.0,986.2,992.9,981.3,986.2,118141500,1084.8,887.6,1102.5,649.1,990.8,13,1,990.7,2948,5,990.6,1949,7,990.5,3406,16,990.4,1870,14,991.0,1858,18,991.1,604,4,991.2,826,7,991.3,1073,15,991.4,1666,14
317,2025-11-26 09:29:41+05:30,991.0,2,988.54,772471,324782.0,291114.0,986.2,992.9,981.3,986.2,118141500,1084.8,887.6,1102.5,649.1,990.7,2609,4,990.6,1811,5,990.5,3553,18,990.4,1869,14,990.3,1622,13,991.0,1856,18,991.1,810,5,991.2,918,8,991.3,1765,18,991.4,1107,13
317,2025-11-26 09:29:41+05:30,991.0,20,988.54,772471,324782.0,291114.0,986.2,992.9,981.3,986.2,118141500,1084.8,887.6,1102.5,649.1,990.7,2609,4,990.6,1811,5,990.5,3553,18,990.4,1869,14,990.3,1622,13,991.0,1856,18,991.1,810,5,991.2,918,8,991.3,1765,18,991.4,1107,13
317,2025-11-26 09:29:42+05:30,991.0,20,988.54,772517,324960.0,290824.0,986.2,992.9,981.3,986.2,118141500,1084.8,887.6,1102.5,649.1,990.8,5,1,990.7,2792,5,990.6,1850,7,990.5,3499,17,990.4,1860,13,991.0,1836,18,991.1,713,4,991.2,972,9,991.3,1127,16,991.4,1687,14
317,2025-11-26 09:29:43+05:30,991.0,20,988.54,772517,325248.0,291065.0,986.2,992.9,981.3,986.2,118141500,1084.8,887.6,1102.5,649.1,990.9,40,1,990.8,5,1,990.7,2792,5,990.6,1850,7,990.5,3505,18,991.0,1837,19,991.1,713,4,991.2,1026,10,991.3,1614,16,991.4,1107,13
317,2025-11-26 09:29:44+05:30,991.0,20,988.54,772517,325271.0,290983.0,986.2,992.9,981.3,986.2,118141500,1084.8,887.6,1102.5,649.1,990.9,40,1,990.8,5,1,990.7,2792,5,990.6,1850,7,990.5,3505,18,991.0,1837,19,991.1,713,4,991.2,1026,10,991.3,1073,15,991.4,1107,13
317,2025-11-26 09:29:45+05:30,991.0,20,988.54,772517,325271.0,291084.0,986.2,992.9,981.3,986.2,118141500,1084.8,887.6,1102.5,649.1,990.9,40,1,990.8,5,1,990.7,2792,5,990.6,1796,6,990.5,3505,18,991.0,1882,20,991.1,713,4,991.2,1049,11,991.3,1073,15,991.4,1599,14
317,2025-11-26 09:29:45+05:30,991.0,2,988.54,772517,325271.0,291084.0,986.2,992.9,981.3,986.2,118141500,1084.8,887.6,1102.5,649.1,990.9,40,1,990.8,5,1,990.7,2792,5,990.6,1796,6,990.5,3505,18,991.0,1882,20,991.1,713,4,991.2,1049,11,991.3,1073,15,991.4,1599,14
317,2025-11-26 09:29:46+05:30,991.0,17,988.54,774326,325605.0,290089.0,986.2,992.9,981.3,986.2,118141500,1084.8,887.6,1102.5,649.1,990.9,40,1,990.8,5,1,990.7,2584,5,990.6,1961,7,990.5,3299,17,991.0,1348,17,991.1,373,2,991.2,662,10,991.3,1606,13,991.4,1106,13
317,2025-11-26 09:29:46+05:30,990.8,5,988.54,774326,325605.0,290089.0,986.2,992.9,981.3,986.2,118141500,1084.8,887.6,1102.5,649.1,990.9,40,1,990.8,5,1,990.7,2584,5,990.6,1961,7,990.5,3299,17,991.0,1348,17,991.1,373,2,991.2,662,10,991.3,1606,13,991.4,1106,13
317,2025-11-26 09:29:47+05:30,991.0,151,988.55,775468,325208.0,289479.0,986.2,992.9,981.3,986.2,118141500,1084.8,887.6,1102.5,649.1,990.7,2251,4,990.6,1708,5,990.5,2973,13,990.4,1804,10,990.3,1593,11,991.0,2022,14,991.1,623,5,991.2,898,12,991.3,1058,11,991.4,1150,13
317,2025-11-26 09:29:47+05:30,991.0,3,988.55,775468,325208.0,289479.0,986.2,992.9,981.3,986.2,118141500,1084.8,887.6,1102.5,649.1,990.7,2251,4,990.6,1708,5,990.5,2973,13,990.4,1804,10,990.3,1593,11,991.0,2022,14,991.1,623,5,991.2,898,12,991.3,1058,11,991.4,1150,13
317,2025-11-26 09:29:48+05:30,990.7,114,988.55,775612,326117.0,290157.0,986.2,992.9,981.3,986.2,118141500,1084.8,887.6,1102.5,649.1,990.7,2871,6,990.6,2108,9,990.5,3272,15,990.4,1850,13,990.3,1652,15,991.0,2033,16,991.1,579,3,991.2,806,11,991.3,1058,11,991.4,1689,14
317,2025-11-26 09:29:48+05:30,991.0,162,988.55,775612,326117.0,290157.0,986.2,992.9,981.3,986.2,118141500,1084.8,887.6,1102.5,649.1,990.7,2871,6,990.6,2108,9,990.5,3272,15,990.4,1850,13,990.3,1652,15,991.0,2033,16,991.1,579,3,991.2,806,11,991.3,1058,11,991.4,1689,14
317,2025-11-26 09:29:49+05:30,990.7,26,988.55,776746,325633.0,289776.0,986.2,992.9,981.3,986.2,118141500,1084.8,887.6,1102.5,649.1,990.7,2832,8,990.6,2312,10,990.5,3428,15,990.4,1848,12,990.3,1652,15,991.0,1284,15,991.1,373,2,991.2,714,10,991.3,1058,11,991.4,1160,14
317,2025-11-26 09:29:49+05:30,991.0,244,988.55,776746,325633.0,289776.0,986.2,992.9,981.3,986.2,118141500,1084.8,887.6,1102.5,649.1,990.7,2832,8,990.6,2312,10,990.5,3428,15,990.4,1848,12,990.3,1652,15,991.0,1284,15,991.1,373,2,991.2,714,10,991.3,1058,11,991.4,1160,14
317,2025-11-26 09:29:50+05:30,991.0,244,988.56,778623,324490.0,287758.0,986.2,992.9,981.3,986.2,118141500,1084.8,887.6,1102.5,649.1,990.7,1643,5,990.6,2310,10,990.5,3428,15,990.4,1812,10,990.3,1593,11,991.0,1155,13,991.1,373,2,991.2,358,5,991.3,575,7,991.4,1001,7
317,2025-11-26 09:29:50+05:30,991.0,1,988.56,778623,324490.0,287758.0,986.2,992.9,981.3,986.2,118141500,1084.8,887.6,1102.5,649.1,990.7,1643,5,990.6,2310,10,990.5,3428,15,990.4,1812,10,990.3,1593,11,991.0,1155,13,991.1,373,2,991.2,358,5,991.3,575,7,991.4,1001,7
317,2025-11-26 09:29:51+05:30,991.0,273,988.56,779375,325122.0,289842.0,986.2,992.9,981.3,986.2,118141500,1084.8,887.6,1102.5,649.1,990.7,3162,7,990.6,1936,7,990.5,3298,14,990.4,1610,9,990.3,1593,11,991.0,2206,15,991.1,506,3,991.2,995,12,991.3,917,12,991.4,1265,9
317,2025-11-26 09:29:51+05:30,990.7,1,988.56,779375,325122.0,289842.0,986.2,992.9,981.3,986.2,118141500,1084.8,887.6,1102.5,649.1,990.7,3162,7,990.6,1936,7,990.5,3298,14,990.4,1610,9,990.3,1593,11,991.0,2206,15,991.1,506,3,991.2,995,12,991.3,917,12,991.4,1265,9
317,2025-11-26 09:29:52+05:30,990.7,15,988.56,779483,324904.0,290754.0,986.2,992.9,981.3,986.2,118141500,1084.8,887.6,1102.5,649.1,990.7,2901,5,990.6,1600,3,990.5,3000,13,990.4,1749,12,990.3,1652,15,991.0,2538,18,991.1,1028,7,991.2,1549,14,991.3,1118,13,991.4,851,9
317,2025-11-26 09:29:52+05:30,990.1,84,988.56,779483,324904.0,290754.0,986.2,992.9,981.3,986.2,118141500,1084.8,887.6,1102.5,649.1,990.7,2901,5,990.6,1600,3,990.5,3000,13,990.4,1749,12,990.3,1652,15,991.0,2538,18,991.1,1028,7,991.2,1549,14,991.3,1118,13,991.4,851,9
317,2025-11-26 09:29:53+05:30,990.0,20,988.57,783333,312876.0,298414.0,986.2,992.9,981.3,986.2,118141500,1084.8,887.6,1102.5,649.1,990.0,2490,35,989.9,793,5,989.8,2420,8,989.7,2868,15,989.6,3459,15,990.4,151,3,990.5,454,5,990.6,721,8,990.7,1573,13,990.8,2214,15
317,2025-11-26 09:29:53+05:30,990.4,34,988.57,783333,312876.0,298414.0,986.2,992.9,981.3,986.2,118141500,1084.8,887.6,1102.5,649.1,990.0,2490,35,989.9,793,5,989.8,2420,8,989.7,2868,15,989.6,3459,15,990.4,151,3,990.5,454,5,990.6,721,8,990.7,1573,13,990.8,2214,15
317,2025-11-26 09:29:54+05:30,990.4,241,988.57,785132,319700.0,291727.0,986.2,992.9,981.3,986.2,118141500,1084.8,887.6,1102.5,649.1,990.2,1398,7,990.1,1811,10,990.0,4737,46,989.9,2610,10,989.8,2521,13,990.4,25,1,990.7,297,6,990.8,840,5,990.9,2004,17,991.0,3191,22
317,2025-11-26 09:29:54+05:30,990.4,25,988.57,785132,319700.0,291727.0,986.2,992.9,981.3,986.2,118141500,1084.8,887.6,1102.5,649.1,990.2,1398,7,990.1,1811,10,990.0,4737,46,989.9,2610,10,989.8,2521,13,990.4,25,1,990.7,297,6,990.8,840,5,990.9,2004,17,991.0,3191,22
317,2025-11-26 09:29:55+05:30,990.1,50,988.57,785801,317956.0,293291.0,986.2,992.9,981.3,986.2,118141500,1084.8,887.6,1102.5,649.1,990.1,101,2,990.0,5016,47,989.9,2600,9,989.8,2480,10,989.7,2875,15,990.4,25,1,990.6,302,5,990.7,685,10,990.8,1434,9,990.9,2021,16
317,2025-11-26 09:29:55+05:30,990.1,50,988.57,785801,317956.0,293291.0,986.2,992.9,981.3,986.2,118141500,1084.8,887.6,1102.5,649.1,990.1,101,2,990.0,5016,47,989.9,2600,9,989.8,2480,10,989.7,2875,15,990.4,25,1,990.6,302,5,990.7,685,10,990.8,1434,9,990.9,2021,16
317,2025-11-26 09:29:56+05:30,990.0,4,988.57,785801,317956.0,293291.0,986.2,992.9,981.3,986.2,118141500,1084.8,887.6,1102.5,649.1,990.1,101,2,990.0,5016,47,989.9,2600,9,989.8,2480,10,989.7,2875,15,990.4,25,1,990.6,302,5,990.7,685,10,990.8,1434,9,990.9,2021,16
317,2025-11-26 09:29:56+05:30,990.0,4,988.57,786055,317514.0,294152.0,986.2,992.9,981.3,986.2,118141500,1084.8,887.6,1102.5,649.1,990.1,13,1,990.0,4120,38,989.9,2079,8,989.8,2278,9,989.7,2875,15,990.4,25,1,990.5,753,2,990.6,723,9,990.7,1082,13,990.8,1012,10
317,2025-11-26 09:29:57+05:30,990.4,10,988.57,786055,317514.0,294152.0,986.2,992.9,981.3,986.2,118141500,1084.8,887.6,1102.5,649.1,990.1,13,1,990.0,4120,38,989.9,2079,8,989.8,2278,9,989.7,2875,15,990.4,25,1,990.5,753,2,990.6,723,9,990.7,1082,13,990.8,1012,10
317,2025-11-26 09:29:58+05:30,990.4,10,988.57,786113,318111.0,293958.0,986.2,992.9,981.3,986.2,118141500,1084.8,887.6,1102.5,649.1,990.1,250,1,990.0,4479,39,989.9,2079,8,989.8,2268,8,989.7,2885,16,990.4,15,1,990.6,631,8,990.7,880,12,990.8,1570,11,990.9,2026,16
317,2025-11-26 09:29:58+05:30,990.4,10,988.57,786113,318111.0,293958.0,986.2,992.9,981.3,986.2,118141500,1084.8,887.6,1102.5,649.1,990.1,250,1,990.0,4479,39,989.9,2079,8,989.8,2268,8,989.7,2885,16,990.4,15,1,990.6,631,8,990.7,880,12,990.8,1570,11,990.9,2026,16
317,2025-11-26 09:29:59+05:30,990.4,10,988.57,786135,319290.0,294559.0,986.2,992.9,981.3,986.2,118141500,1084.8,887.6,1102.5,649.1,990.1,703,5,990.0,4598,41,989.9,2027,7,989.8,2268,8,989.7,2679,15,990.4,5,1,990.6,373,6,990.7,828,11,990.8,1674,13,990.9,2067,17
317,2025-11-26 09:30:00+05:30,990.4,10,988.57,786135,319232.0,294681.0,986.2,992.9,981.3,986.2,118141500,1084.8,887.6,1102.5,649.1,990.1,687,5,990.0,4598,41,989.9,2229,8,989.8,2470,9,989.7,2679,15,990.4,49,2,990.6,373,6,990.7,828,11,990.8,1622,12,990.9,2119,18
317,2025-11-26 09:30:00+05:30,990.4,1,988.57,786135,319232.0,294681.0,986.2,992.9,981.3,986.2,118141500,1084.8,887.6,1102.5,649.1,990.1,687,5,990.0,4598,41,989.9,2229,8,989.8,2470,9,989.7,2679,15,990.4,49,2,990.6,373,6,990.7,828,11,990.8,1622,12,990.9,2119,18
317,2025-11-26 09:30:01+05:30,990.1,21,988.57,786165,319990.0,293979.0,986.2,992.9,981.3,986.2,118141500,1084.8,887.6,1102.5,649.1,990.1,1464,7,990.0,5355,43,989.9,2229,8,989.8,2483,10,989.7,1169,12,990.4,41,1,990.6,179,4,990.7,642,8,990.8,1234,10,990.9,2121,19
317,2025-11-26 09:30:01+05:30,990.1,21,988.57,786165,319990.0,293979.0,986.2,992.9,981.3,986.2,118141500,1084.8,887.6,1102.5,649.1,990.1,1464,7,990.0,5355,43,989.9,2229,8,989.8,2483,10,989.7,1169,12,990.4,41,1,990.6,179,4,990.7,642,8,990.8,1234,10,990.9,2121,19
317,2025-11-26 09:30:02+05:30,990.1,12,988.57,786177,319881.0,294152.0,986.2,992.9,981.3,986.2,118141500,1084.8,887.6,1102.5,649.1,990.1,2152,8,990.0,4744,42,989.9,2229,8,989.8,2483,10,989.7,1169,12,990.4,41,1,990.6,179,4,990.7,642,8,990.8,794,10,990.9,2121,19
317,2025-11-26 09:30:02+05:30,990.1,12,988.57,786177,319881.0,294152.0,986.2,992.9,981.3,986.2,118141500,1084.8,887.6,1102.5,649.1,990.1,2152,8,990.0,4744,42,989.9,2229,8,989.8,2483,10,989.7,1169,12,990.4,41,1,990.6,179,4,990.7,642,8,990.8,794,10,990.9,2121,19
317,2025-11-26 09:30:03+05:30,990.4,5,988.57,786182,320444.0,294105.0,986.2,992.9,981.3,986.2,118141500,1084.8,887.6,1102.5,649.1,990.1,2165,9,990.0,5304,43,989.9,2240,9,989.8,2483,10,989.7,1169,12,990.4,36,1,990.6,46,3,990.7,441,7,990.8,1462,12,990.9,2121,19
317,2025-11-26 09:30:03+05:30,990.4,5,988.57,786182,320444.0,294105.0,986.2,992.9,981.3,986.2,118141500,1084.8,887.6,1102.5,649.1,990.1,2165,9,990.0,5304,43,989.9,2240,9,989.8,2483,10,989.7,1169,12,990.4,36,1,990.6,46,3,990.7,441,7,990.8,1462,12,990.9,2121,19
317,2025-11-26 09:30:04+05:30,990.4,1,988.57,786197,320389.0,294139.0,986.2,992.9,981.3,986.2,118141500,1084.8,887.6,1102.5,649.1,990.1,2112,8,990.0,5304,43,989.9,2240,9,989.8,2483,10,989.7,1169,12,990.4,21,1,990.6,46,3,990.7,490,8,990.8,1462,12,990.9,2121,19
317,2025-11-26 09:30:04+05:30,990.4,3,988.57,786197,320389.0,294139.0,986.2,992.9,981.3,986.2,118141500,1084.8,887.6,1102.5,649.1,990.1,2112,8,990.0,5304,43,989.9,2240,9,989.8,2483,10,989.7,1169,12,990.4,21,1,990.6,46,3,990.7,490,8,990.8,1462,12,990.9,2121,19
317,2025-11-26 09:30:05+05:30,990.4,4,988.57,786243,321201.0,295598.0,986.2,992.9,981.3,986.2,118141500,1084.8,887.6,1102.5,649.1,990.2,10,1,990.1,1902,7,990.0,6278,48,989.9,1527,8,989.8,3251,12,990.4,14,1,990.6,406,2,990.7,1044,11,990.8,2136,16,990.9,2125,19
317,2025-11-26 09:30:05+05:30,990.6,39,988.57,786243,321201.0,295598.0,986.2,992.9,981.3,986.2,118141500,1084.8,887.6,1102.5,649.1,990.2,10,1,990.1,1902,7,990.0,6278,48,989.9,1527,8,989.8,3251,12,990.4,14,1,990.6,406,2,990.7,1044,11,990.8,2136,16,990.9,2125,19
317,2025-11-26 09:30:06+05:30,990.1,2,988.57,786308,321680.0,292913.0,986.2,992.9,981.3,986.2,118141500,1084.8,887.6,1102.5,649.1,990.2,3575,7,990.1,3627,14,990.0,4925,44,989.9,1660,8,989.8,970,7,990.5,44,1,990.7,594,5,990.8,680,7,990.9,1959,19,991.0,2926,24
317,2025-11-26 09:30:06+05:30,990.1,2,988.57,786308,321680.0,292913.0,986.2,992.9,981.3,986.2,118141500,1084.8,887.6,1102.5,649.1,990.2,3575,7,990.1,3627,14,990.0,4925,44,989.9,1660,8,989.8,970,7,990.5,44,1,990.7,594,5,990.8,680,7,990.9,1959,19,991.0,2926,24
317,2025-11-26 09:30:07+05:30,990.3,12,988.57,786321,322802.0,291849.0,986.2,992.9,981.3,986.2,118141500,1084.8,887.6,1102.5,649.1,990.4,750,1,990.3,2987,5,990.2,3189,10,990.1,2517,12,990.0,4423,47,990.5,43,1,990.7,246,3,990.8,615,6,990.9,1805,15,991.0,3185,26
317,2025-11-26 09:30:07+05:30,990.3,12,988.57,786321,322802.0,291849.0,986.2,992.9,981.3,986.2,118141500,1084.8,887.6,1102.5,649.1,990.4,750,1,990.3,2987,5,990.2,3189,10,990.1,2517,12,990.0,4423,47,990.5,43,1,990.7,246,3,990.8,615,6,990.9,1805,15,991.0,3185,26
317,2025-11-26 09:30:08+05:30,990.5,1,988.57,786322,322967.0,292705.0,986.2,992.9,981.3,986.2,118141500,1084.8,887.6,1102.5,649.1,990.4,10,1,990.3,2286,5,990.2,3189,10,990.1,3075,11,990.0,4823,48,990.5,42,1,990.7,246,3,990.8,525,5,990.9,1805,15,991.0,3235,27
317,2025-11-26 09:30:08+05:30,990.5,1,988.57,786322,322967.0,292705.0,986.2,992.9,981.3,986.2,118141500,1084.8,887.6,1102.5,649.1,990.4,10,1,990.3,2286,5,990.2,3189,10,990.1,3075,11,990.0,4823,48,990.5,42,1,990.7,246,3,990.8,525,5,990.9,1805,15,991.0,3235,27
317,2025-11-26 09:30:09+05:30,990.5,1,988.57,786322,322967.0,292705.0,986.2,992.9,981.3,986.2,118141500,1084.8,887.6,1102.5,649.1,990.4,10,1,990.3,2286,5,990.2,3189,10,990.1,3075,11,990.0,4823,48,990.5,42,1,990.7,246,3,990.8,525,5,990.9,1805,15,991.0,3235,27
317,2025-11-26 09:30:09+05:30,990.5,1,988.57,786355,323024.0,292738.0,986.2,992.9,981.3,986.2,118141500,1084.8,887.6,1102.5,649.1,990.4,10,1,990.3,2286,5,990.2,3189,10,990.1,3097,12,990.0,4823,48,990.5,9,1,990.7,45,2,990.8,248,3,990.9,1805,15,991.0,3182,26
317,2025-11-26 09:30:10+05:30,990.5,8,988.57,786355,323024.0,292738.0,986.2,992.9,981.3,986.2,118141500,1084.8,887.6,1102.5,649.1,990.4,10,1,990.3,2286,5,990.2,3189,10,990.1,3097,12,990.0,4823,48,990.5,9,1,990.7,45,2,990.8,248,3,990.9,1805,15,991.0,3182,26
317,2025-11-26 09:30:11+05:30,990.5,8,988.57,786375,323057.0,292865.0,986.2,992.9,981.3,986.2,118141500,1084.8,887.6,1102.5,649.1,990.4,167,3,990.3,2580,8,990.2,3079,7,990.1,3005,11,990.0,4823,48,990.5,1,1,990.7,45,2,990.8,210,2,990.9,1810,16,991.0,3182,26
317,2025-11-26 09:30:12+05:30,990.5,8,988.57,786375,324896.0,292885.0,986.2,992.9,981.3,986.2,118141500,1084.8,887.6,1102.5,649.1,990.4,2927,8,990.3,2393,6,990.2,1803,5,990.1,3005,11,990.0,5123,49,990.5,1,1,990.7,45,2,990.8,210,2,990.9,1810,16,991.0,3182,26
317,2025-11-26 09:30:12+05:30,990.7,2,988.57,786375,324896.0,292885.0,986.2,992.9,981.3,986.2,118141500,1084.8,887.6,1102.5,649.1,990.4,2927,8,990.3,2393,6,990.2,1803,5,990.1,3005,11,990.0,5123,49,990.5,1,1,990.7,45,2,990.8,210,2,990.9,1810,16,991.0,3182,26
317,2025-11-26 09:30:13+05:30,990.4,10,988.58,787033,323941.0,292319.0,986.2,992.9,981.3,986.2,118141500,1084.8,887.6,1102.5,649.1,990.4,2233,5,990.3,3221,9,990.2,2900,10,990.1,2398,10,990.0,5412,47,990.7,19,1,990.8,6,1,990.9,1602,14,991.0,2873,23,991.1,2093,18
317,2025-11-26 09:30:13+05:30,990.4,5,988.58,787033,323941.0,292319.0,986.2,992.9,981.3,986.2,118141500,1084.8,887.6,1102.5,649.1,990.4,2233,5,990.3,3221,9,990.2,2900,10,990.1,2398,10,990.0,5412,47,990.7,19,1,990.8,6,1,990.9,1602,14,991.0,2873,23,991.1,2093,18
317,2025-11-26 09:30:14+05:30,990.4,110,988.58,787158,323974.0,292875.0,986.2,992.9,981.3,986.2,118141500,1084.8,887.6,1102.5,649.1,990.4,750,1,990.3,2439,8,990.2,3685,11,990.1,2408,11,990.0,6208,51,990.7,19,1,990.8,6,1,990.9,1793,16,991.0,3017,25,991.1,2093,18
317,2025-11-26 09:30:14+05:30,990.4,110,988.58,787158,323974.0,292875.0,986.2,992.9,981.3,986.2,118141500,1084.8,887.6,1102.5,649.1,990.4,750,1,990.3,2439,8,990.2,3685,11,990.1,2408,11,990.0,6208,51,990.7,19,1,990.8,6,1,990.9,1793,16,991.0,3017,25,991.1,2093,18
317,2025-11-26 09:30:15+05:30,990.4,24,988.58,787223,324335.0,293236.0,986.2,992.9,981.3,986.2,118141500,1084.8,887.6,1102.5,649.1,990.4,787,3,990.3,2884,10,990.2,3640,10,990.1,2408,11,990.0,5458,50,990.7,4,1,990.9,1930,19,991.0,3017,25,991.1,2093,18,991.2,2944,19
317,2025-11-26 09:30:15+05:30,990.4,24,988.58,787223,324335.0,293236.0,986.2,992.9,981.3,986.2,118141500,1084.8,887.6,1102.5,649.1,990.4,787,3,990.3,2884,10,990.2,3640,10,990.1,2408,11,990.0,5458,50,990.7,4,1,990.9,1930,19,991.0,3017,25,991.1,2093,18,991.2,2944,19
317,2025-11-26 09:30:16+05:30,990.4,5,988.58,787235,324334.0,294740.0,986.2,992.9,981.3,986.2,118141500,1084.8,887.6,1102.5,649.1,990.4,745,3,990.3,2465,5,990.2,2750,7,990.1,3193,12,990.0,5558,50,990.7,24,2,990.8,1656,9,990.9,1930,19,991.0,3107,26,991.1,2093,18
317,2025-11-26 09:30:16+05:30,990.8,126,988.58,787235,324334.0,294740.0,986.2,992.9,981.3,986.2,118141500,1084.8,887.6,1102.5,649.1,990.4,745,3,990.3,2465,5,990.2,2750,7,990.1,3193,12,990.0,5558,50,990.7,24,2,990.8,1656,9,990.9,1930,19,991.0,3107,26,991.1,2093,18
317,2025-11-26 09:30:17+05:30,990.7,60,988.58,787445,327499.0,295146.0,986.2,992.9,981.3,986.2,118141500,1084.8,887.6,1102.5,649.1,990.4,745,3,990.3,2620,7,990.2,3500,8,990.1,2398,10,990.0,7039,53,990.7,165,3,990.8,498,4,990.9,1883,18,991.0,3064,25,991.1,1850,16
317,2025-11-26 09:30:17+05:30,990.7,40,988.58,787445,327499.0,295146.0,986.2,992.9,981.3,986.2,118141500,1084.8,887.6,1102.5,649.1,990.4,745,3,990.3,2620,7,990.2,3500,8,990.1,2398,10,990.0,7039,53,990.7,165,3,990.8,498,4,990.9,1883,18,991.0,3064,25,991.1,1850,16
317,2025-11-26 09:30:18+05:30,990.4,36,988.58,787581,327246.0,295101.0,986.2,992.9,981.3,986.2,118141500,1084.8,887.6,1102.5,649.1,990.4,722,4,990.3,2620,7,990.2,3594,10,990.1,2398,10,990.0,6994,52,990.7,20,1,990.8,543,5,990.9,1797,17,991.0,3061,25,991.1,2067,18
317,2025-11-26 09:30:18+05:30,990.4,36,988.58,787581,327246.0,295101.0,986.2,992.9,981.3,986.2,118141500,1084.8,887.6,1102.5,649.1,990.4,722,4,990.3,2620,7,990.2,3594,10,990.1,2398,10,990.0,6994,52,990.7,20,1,990.8,543,5,990.9,1797,17,991.0,3061,25,991.1,2067,18
317,2025-11-26 09:30:19+05:30,990.3,4,988.58,788312,326086.0,297095.0,986.2,992.9,981.3,986.2,118141500,1084.8,887.6,1102.5,649.1,990.3,2455,4,990.2,1547,3,990.1,2011,8,990.0,6200,46,989.9,966,8,990.4,835,4,990.6,58,2,990.7,731,5,990.8,842,11,990.9,1966,19
317,2025-11-26 09:30:19+05:30,990.4,56,988.58,788312,326086.0,297095.0,986.2,992.9,981.3,986.2,118141500,1084.8,887.6,1102.5,649.1,990.3,2455,4,990.2,1547,3,990.1,2011,8,990.0,6200,46,989.9,966,8,990.4,835,4,990.6,58,2,990.7,731,5,990.8,842,11,990.9,1966,19
317,2025-11-26 09:30:20+05:30,990.4,10,988.58,788312,326086.0,297095.0,986.2,992.9,981.3,986.2,118141500,1084.8,887.6,1102.5,649.1,990.3,2455,4,990.2,1547,3,990.1,2011,8,990.0,6200,46,989.9,966,8,990.4,835,4,990.6,58,2,990.7,731,5,990.8,842,11,990.9,1966,19
317,2025-11-26 09:30:20+05:30,990.4,10,988.58,789215,324682.0,296878.0,986.2,992.9,981.3,986.2,118141500,1084.8,887.6,1102.5,649.1,990.3,400,1,990.1,1922,4,990.0,5998,42,989.9,3048,11,989.8,1743,10,990.4,83,2,990.5,105,2,990.6,849,8,990.7,808,6,990.8,894,13
317,2025-11-26 09:30:21+05:30,990.3,168,988.58,789215,324682.0,296878.0,986.2,992.9,981.3,986.2,118141500,1084.8,887.6,1102.5,649.1,990.3,400,1,990.1,1922,4,990.0,5998,42,989.9,3048,11,989.8,1743,10,990.4,83,2,990.5,105,2,990.6,849,8,990.7,808,6,990.8,894,13
317,2025-11-26 09:30:22+05:30,990.3,168,988.58,789577,321706.0,297009.0,986.2,992.9,981.3,986.2,118141500,1084.8,887.6,1102.5,649.1,990.3,88,1,990.1,449,2,990.0,5767,41,989.9,2868,8,989.8,2279,9,990.4,124,2,990.5,337,5,990.6,840,7,990.7,816,8,990.8,1669,15
317,2025-11-26 09:30:22+05:30,990.3,86,988.58,789577,321706.0,297009.0,986.2,992.9,981.3,986.2,118141500,1084.8,887.6,1102.5,649.1,990.3,88,1,990.1,449,2,990.0,5767,41,989.9,2868,8,989.8,2279,9,990.4,124,2,990.5,337,5,990.6,840,7,990.7,816,8,990.8,1669,15
317,2025-11-26 09:30:23+05:30,990.0,48,988.58,789723,322246.0,297117.0,986.2,992.9,981.3,986.2,118141500,1084.8,887.6,1102.5,649.1,990.1,50,1,990.0,5601,43,989.9,3411,8,989.8,2864,8,989.7,2144,14,990.4,135,2,990.5,609,3,990.6,590,6,990.7,731,8,990.8,2228,18
317,2025-11-26 09:30:23+05:30,990.0,48,988.58,789723,322246.0,297117.0,986.2,992.9,981.3,986.2,118141500,1084.8,887.6,1102.5,649.1,990.1,50,1,990.0,5601,43,989.9,3411,8,989.8,2864,8,989.7,2144,14,990.4,135,2,990.5,609,3,990.6,590,6,990.7,731,8,990.8,2228,18
317,2025-11-26 09:30:24+05:30,990.4,17,988.58,789773,324060.0,296553.0,986.2,992.9,981.3,986.2,118141500,1084.8,887.6,1102.5,649.1,990.0,6421,46,989.9,3463,10,989.8,2874,9,989.7,2137,14,989.6,3257,14,990.4,85,1,990.5,551,2,990.6,453,6,990.7,1273,10,990.8,1473,17
317,2025-11-26 09:30:24+05:30,990.4,10,988.58,789773,324060.0,296553.0,986.2,992.9,981.3,986.2,118141500,1084.8,887.6,1102.5,649.1,990.0,6421,46,989.9,3463,10,989.8,2874,9,989.7,2137,14,989.6,3257,14,990.4,85,1,990.5,551,2,990.6,453,6,990.7,1273,10,990.8,1473,17
317,2025-11-26 09:30:25+05:30,990.5,121,988.58,790107,323602.0,296057.0,986.2,992.9,981.3,986.2,118141500,1084.8,887.6,1102.5,649.1,990.2,750,1,990.1,2287,9,990.0,7126,49,989.9,2316,9,989.8,2163,8,990.5,418,1,990.6,46,3,990.7,560,7,990.8,1224,14,990.9,1883,15
317,2025-11-26 09:30:25+05:30,990.2,77,988.58,790107,323602.0,296057.0,986.2,992.9,981.3,986.2,118141500,1084.8,887.6,1102.5,649.1,990.2,750,1,990.1,2287,9,990.0,7126,49,989.9,2316,9,989.8,2163,8,990.5,418,1,990.6,46,3,990.7,560,7,990.8,1224,14,990.9,1883,15
317,2025-11-26 09:30:26+05:30,990.0,46,988.58,790256,321855.0,296329.0,986.2,992.9,981.3,986.2,118141500,1084.8,887.6,1102.5,649.1,990.1,87,1,990.0,6391,46,989.9,3624,11,989.8,2314,10,989.7,2944,20,990.5,418,1,990.6,649,10,990.7,810,9,990.8,1627,17,990.9,1976,18
317,2025-11-26 09:30:26+05:30,990.1,44,988.58,790256,321855.0,296329.0,986.2,992.9,981.3,986.2,118141500,1084.8,887.6,1102.5,649.1,990.1,87,1,990.0,6391,46,989.9,3624,11,989.8,2314,10,989.7,2944,20,990.5,418,1,990.6,649,10,990.7,810,9,990.8,1627,17,990.9,1976,18
317,2025-11-26 09:30:27+05:30,990.1,36,988.58,790342,322860.0,295862.0,986.2,992.9,981.3,986.2,118141500,1084.8,887.6,1102.5,649.1,990.1,7,1,990.0,6391,46,989.9,2913,9,989.8,2975,11,989.7,2984,20,990.5,412,1,990.6,599,9,990.7,860,10,990.8,1516,16,990.9,1975,18
317,2025-11-26 09:30:27+05:30,990.1,36,988.58,790342,322860.0,295862.0,986.2,992.9,981.3,986.2,118141500,1084.8,887.6,1102.5,649.1,990.1,7,1,990.0,6391,46,989.9,2913,9,989.8,2975,11,989.7,2984,20,990.5,412,1,990.6,599,9,990.7,860,10,990.8,1516,16,990.9,1975,18
317,2025-11-26 09:30:28+05:30,990.0,5,988.58,790354,322960.0,296294.0,986.2,992.9,981.3,986.2,118141500,1084.8,887.6,1102.5,649.1,990.0,6319,46,989.9,3574,10,989.8,2264,9,989.7,2944,20,989.6,3109,11,990.5,595,3,990.6,599,9,990.7,810,9,990.8,1964,18,990.9,1975,18
317,2025-11-26 09:30:28+05:30,990.5,8,988.58,790354,322960.0,296294.0,986.2,992.9,981.3,986.2,118141500,1084.8,887.6,1102.5,649.1,990.0,6319,46,989.9,3574,10,989.8,2264,9,989.7,2944,20,989.6,3109,11,990.5,595,3,990.6,599,9,990.7,810,9,990.8,1964,18,990.9,1975,18
317,2025-11-26 09:30:29+05:30,990.5,10,988.58,790372,322960.0,296333.0,986.2,992.9,981.3,986.2,118141500,1084.8,887.6,1102.5,649.1,990.0,6319,46,989.9,3574,10,989.8,2264,9,989.7,2944,20,989.6,3109,11,990.5,1128,4,990.6,599,9,990.7,810,9,990.8,1397,17,990.9,1975,18
317,2025-11-26 09:30:29+05:30,990.5,10,988.58,790372,322960.0,296333.0,986.2,992.9,981.3,986.2,118141500,1084.8,887.6,1102.5,649.1,990.0,6319,46,989.9,3574,10,989.8,2264,9,989.7,2944,20,989.6,3109,11,990.5,1128,4,990.6,599,9,990.7,810,9,990.8,1397,17,990.9,1975,18
317,2025-11-26 09:30:30+05:30,990.5,4,988.58,790376,325857.0,296504.0,986.2,992.9,981.3,986.2,118141500,1084.8,887.6,1102.5,649.1,990.1,661,1,990.0,6247,46,989.9,2862,8,989.8,3014,10,989.7,2199,20,990.4,338,1,990.5,651,5,990.6,1101,10,990.7,873,11,990.8,1407,18
317,2025-11-26 09:30:30+05:30,990.5,4,988.58,790376,325857.0,296504.0,986.2,992.9,981.3,986.2,118141500,1084.8,887.6,1102.5,649.1,990.1,661,1,990.0,6247,46,989.9,2862,8,989.8,3014,10,989.7,2199,20,990.4,338,1,990.5,651,5,990.6,1101,10,990.7,873,11,990.8,1407,18
317,2025-11-26 09:30:31+05:30,990.4,30,988.58,790376,325857.0,296504.0,986.2,992.9,981.3,986.2,118141500,1084.8,887.6,1102.5,649.1,990.1,661,1,990.0,6247,46,989.9,2862,8,989.8,3014,10,989.7,2199,20,990.4,338,1,990.5,651,5,990.6,1101,10,990.7,873,11,990.8,1407,18
317,2025-11-26 09:30:31+05:30,990.4,30,988.58,790604,325471.0,297648.0,986.2,992.9,981.3,986.2,118141500,1084.8,887.6,1102.5,649.1,990.1,661,1,990.0,6291,47,989.9,2954,11,989.8,3014,10,989.7,2199,20,990.4,110,1,990.5,605,4,990.6,595,9,990.7,819,10,990.8,1407,18
317,2025-11-26 09:30:32+05:30,990.4,1,988.58,790604,325471.0,297648.0,986.2,992.9,981.3,986.2,118141500,1084.8,887.6,1102.5,649.1,990.1,661,1,990.0,6291,47,989.9,2954,11,989.8,3014,10,989.7,2199,20,990.4,110,1,990.5,605,4,990.6,595,9,990.7,819,10,990.8,1407,18
317,2025-11-26 09:30:33+05:30,990.4,1,988.58,790653,327475.0,297698.0,986.2,992.9,981.3,986.2,118141500,1084.8,887.6,1102.5,649.1,990.1,613,1,990.0,6345,49,989.9,2908,10,989.8,3060,11,989.7,2199,20,990.4,109,1,990.5,556,3,990.6,595,9,990.7,819,10,990.8,1407,18
317,2025-11-26 09:30:33+05:30,990.1,12,988.58,790653,327475.0,297698.0,986.2,992.9,981.3,986.2,118141500,1084.8,887.6,1102.5,649.1,990.1,613,1,990.0,6345,49,989.9,2908,10,989.8,3060,11,989.7,2199,20,990.4,109,1,990.5,556,3,990.6,595,9,990.7,819,10,990.8,1407,18
317,2025-11-26 09:30:34+05:30,990.1,12,988.58,790665,327415.0,297698.0,986.2,992.9,981.3,986.2,118141500,1084.8,887.6,1102.5,649.1,990.1,658,3,990.0,6303,50,989.9,2908,10,989.8,3014,10,989.7,2190,19,990.4,109,1,990.5,556,3,990.6,595,9,990.7,819,10,990.8,1407,18
317,2025-11-26 09:30:34+05:30,990.4,5,988.58,790665,327415.0,297698.0,986.2,992.9,981.3,986.2,118141500,1084.8,887.6,1102.5,649.1,990.1,658,3,990.0,6303,50,989.9,2908,10,989.8,3014,10,989.7,2190,19,990.4,109,1,990.5,556,3,990.6,595,9,990.7,819,10,990.8,1407,18
317,2025-11-26 09:30:35+05:30,990.4,5,988.58,790670,327521.0,297693.0,986.2,992.9,981.3,986.2,118141500,1084.8,887.6,1102.5,649.1,990.1,658,3,990.0,6304,50,989.9,2908,10,989.8,3014,10,989.7,2190,19,990.4,104,1,990.5,556,3,990.6,695,10,990.7,819,10,990.8,1407,18
317,2025-11-26 09:30:36+05:30,990.4,5,988.58,790670,327789.0,298284.0,986.2,992.9,981.3,986.2,118141500,1084.8,887.6,1102.5,649.1,990.1,658,3,990.0,6304,50,989.9,2908,10,989.8,3014,10,989.7,2184,18,990.4,104,1,990.5,556,3,990.6,695,10,990.7,1416,11,990.8,1407,18
317,2025-11-26 09:30:36+05:30,990.4,40,988.58,790670,327789.0,298284.0,986.2,992.9,981.3,986.2,118141500,1084.8,887.6,1102.5,649.1,990.1,658,3,990.0,6304,50,989.9,2908,10,989.8,3014,10,989.7,2184,18,990.4,104,1,990.5,556,3,990.6,695,10,990.7,1416,11,990.8,1407,18
317,2025-11-26 09:30:37+05:30,990.4,40,988.58,790710,327693.0,298031.0,986.2,992.9,981.3,986.2,118141500,1084.8,887.6,1102.5,649.1,990.1,664,3,990.0,6481,50,989.9,2908,10,989.8,3005,10,989.7,2110,13,990.4,64,1,990.5,467,3,990.6,695,10,990.7,862,11,990.8,1981,19
317,2025-11-26 09:30:37+05:30,990.1,36,988.58,790710,327693.0,298031.0,986.2,992.9,981.3,986.2,118141500,1084.8,887.6,1102.5,649.1,990.1,664,3,990.0,6481,50,989.9,2908,10,989.8,3005,10,989.7,2110,13,990.4,64,1,990.5,467,3,990.6,695,10,990.7,862,11,990.8,1981,19
317,2025-11-26 09:30:38+05:30,990.1,36,988.58,790760,328903.0,297336.0,986.2,992.9,981.3,986.2,118141500,1084.8,887.6,1102.5,649.1,990.2,601,1,990.1,2229,8,990.0,7004,51,989.9,2112,8,989.8,2273,10,990.4,64,1,990.5,219,1,990.6,467,7,990.7,816,10,990.8,1373,17
317,2025-11-26 09:30:38+05:30,990.4,10,988.58,790760,328903.0,297336.0,986.2,992.9,981.3,986.2,118141500,1084.8,887.6,1102.5,649.1,990.2,601,1,990.1,2229,8,990.0,7004,51,989.9,2112,8,989.8,2273,10,990.4,64,1,990.5,219,1,990.6,467,7,990.7,816,10,990.8,1373,17
317,2025-11-26 09:30:39+05:30,990.4,5,988.58,790776,329137.0,297578.0,986.2,992.9,981.3,986.2,118141500,1084.8,887.6,1102.5,649.1,990.2,600,1,990.1,825,4,990.0,7069,53,989.9,2112,8,989.8,3023,11,990.4,56,2,990.5,219,1,990.6,467,7,990.7,773,9,990.8,1399,17
317,2025-11-26 09:30:39+05:30,990.4,2,988.58,790776,329137.0,297578.0,986.2,992.9,981.3,986.2,118141500,1084.8,887.6,1102.5,649.1,990.2,600,1,990.1,825,4,990.0,7069,53,989.9,2112,8,989.8,3023,11,990.4,56,2,990.5,219,1,990.6,467,7,990.7,773,9,990.8,1399,17
317,2025-11-26 09:30:40+05:30,990.4,2,988.58,790798,325194.0,297927.0,986.2,992.9,981.3,986.2,118141500,1084.8,887.6,1102.5,649.1,990.2,600,1,990.1,43,1,990.0,6610,52,989.9,2993,10,989.8,3023,11,990.4,34,2,990.5,219,1,990.6,516,8,990.7,1351,11,990.8,1442,18
317,2025-11-26 09:30:41+05:30,990.4,2,988.58,790798,324894.0,297947.0,986.2,992.9,981.3,986.2,118141500,1084.8,887.6,1102.5,649.1,990.2,13,1,990.1,1039,2,990.0,6670,50,989.9,2243,9,989.8,3066,12,990.4,34,2,990.5,423,2,990.6,559,9,990.7,1351,11,990.8,1399,17
317,2025-11-26 09:30:42+05:30,990.4,1,988.58,790827,325039.0,298129.0,986.2,992.9,981.3,986.2,118141500,1084.8,887.6,1102.5,649.1,990.2,12,1,990.1,601,2,990.0,6498,49,989.9,3036,11,989.8,3066,12,990.4,343,2,990.5,260,2,990.6,600,10,990.7,1339,11,990.8,1399,17
317,2025-11-26 09:30:42+05:30,990.4,1,988.58,790827,325039.0,298129.0,986.2,992.9,981.3,986.2,118141500,1084.8,887.6,1102.5,649.1,990.2,12,1,990.1,601,2,990.0,6498,49,989.9,3036,11,989.8,3066,12,990.4,343,2,990.5,260,2,990.6,600,10,990.7,1339,11,990.8,1399,17
317,2025-11-26 09:30:43+05:30,990.4,10,988.58,790827,325039.0,298129.0,986.2,992.9,981.3,986.2,118141500,1084.8,887.6,1102.5,649.1,990.2,12,1,990.1,601,2,990.0,6498,49,989.9,3036,11,989.8,3066,12,990.4,343,2,990.5,260,2,990.6,600,10,990.7,1339,11,990.8,1399,17
317,2025-11-26 09:30:43+05:30,990.4,10,988.59,792320,321120.0,294779.0,986.2,992.9,981.3,986.2,118141500,1084.8,887.6,1102.5,649.1,990.4,740,1,990.3,600,1,990.2,124,4,990.1,3036,9,990.0,6383,52,990.5,1,1,990.7,243,5,990.8,1360,16,990.9,1682,13,991.0,4927,21
317,2025-11-26 09:30:44+05:30,990.4,138,988.59,792320,321120.0,294779.0,986.2,992.9,981.3,986.2,118141500,1084.8,887.6,1102.5,649.1,990.4,740,1,990.3,600,1,990.2,124,4,990.1,3036,9,990.0,6383,52,990.5,1,1,990.7,243,5,990.8,1360,16,990.9,1682,13,991.0,4927,21
317,2025-11-26 09:30:45+05:30,990.4,138,988.59,792760,317351.0,296477.0,986.2,992.9,981.3,986.2,118141500,1084.8,887.6,1102.5,649.1,990.4,362,3,990.3,106,1,990.2,207,3,990.1,1668,5,990.0,6863,52,990.7,1086,10,990.8,794,12,990.9,1952,18,991.0,5595,25,991.1,1799,16
317,2025-11-26 09:30:45+05:30,990.7,2,988.59,792760,317351.0,296477.0,986.2,992.9,981.3,986.2,118141500,1084.8,887.6,1102.5,649.1,990.4,362,3,990.3,106,1,990.2,207,3,990.1,1668,5,990.0,6863,52,990.7,1086,10,990.8,794,12,990.9,1952,18,991.0,5595,25,991.1,1799,16
317,2025-11-26 09:30:46+05:30,990.7,2,988.59,792862,317334.0,296575.0,986.2,992.9,981.3,986.2,118141500,1084.8,887.6,1102.5,649.1,990.4,262,3,990.3,106,1,990.2,427,4,990.1,2448,7,990.0,6865,53,990.7,556,9,990.8,796,12,990.9,1750,17,991.0,5095,24,991.1,2299,17
317,2025-11-26 09:30:46+05:30,990.4,136,988.59,792862,317334.0,296575.0,986.2,992.9,981.3,986.2,118141500,1084.8,887.6,1102.5,649.1,990.4,262,3,990.3,106,1,990.2,427,4,990.1,2448,7,990.0,6865,53,990.7,556,9,990.8,796,12,990.9,1750,17,991.0,5095,24,991.1,2299,17
317,2025-11-26 09:30:47+05:30,990.4,136,988.59,792998,316253.0,296631.0,986.2,992.9,981.3,986.2,118141500,1084.8,887.6,1102.5,649.1,990.4,128,4,990.2,341,3,990.1,1698,6,990.0,6115,52,989.9,2339,12,990.7,556,9,990.8,796,12,990.9,1750,17,991.0,5595,25,991.1,1799,16
317,2025-11-26 09:30:48+05:30,990.4,136,988.59,792998,315257.0,297079.0,986.2,992.9,981.3,986.2,118141500,1084.8,887.6,1102.5,649.1,990.4,128,4,990.2,341,3,990.1,1494,5,990.0,5953,52,989.9,1541,8,990.7,556,9,990.8,788,12,990.9,1920,16,991.0,5643,28,991.1,1799,16
317,2025-11-26 09:30:48+05:30,990.7,5,988.59,792998,315257.0,297079.0,986.2,992.9,981.3,986.2,118141500,1084.8,887.6,1102.5,649.1,990.4,128,4,990.2,341,3,990.1,1494,5,990.0,5953,52,989.9,1541,8,990.7,556,9,990.8,788,12,990.9,1920,16,991.0,5643,28,991.1,1799,16
317,2025-11-26 09:30:49+05:30,990.7,12,988.59,793103,316238.0,295660.0,986.2,992.9,981.3,986.2,118141500,1084.8,887.6,1102.5,649.1,990.4,142,5,990.2,317,3,990.1,1494,5,990.0,6157,53,989.9,2354,13,990.7,320,4,990.8,774,13,990.9,1718,15,991.0,5643,28,991.1,1799,16
317,2025-11-26 09:30:49+05:30,990.7,12,988.59,793103,316238.0,295660.0,986.2,992.9,981.3,986.2,118141500,1084.8,887.6,1102.5,649.1,990.4,142,5,990.2,317,3,990.1,1494,5,990.0,6157,53,989.9,2354,13,990.7,320,4,990.8,774,13,990.9,1718,15,991.0,5643,28,991.1,1799,16
317,2025-11-26 09:30:50+05:30,990.7,12,988.59,793103,316238.0,295660.0,986.2,992.9,981.3,986.2,118141500,1084.8,887.6,1102.5,649.1,990.4,142,5,990.2,317,3,990.1,1494,5,990.0,6157,53,989.9,2354,13,990.7,320,4,990.8,774,13,990.9,1718,15,991.0,5643,28,991.1,1799,16
317,2025-11-26 09:30:50+05:30,990.2,9,988.59,793254,316032.0,297260.0,986.2,992.9,981.3,986.2,118141500,1084.8,887.6,1102.5,649.1,990.1,862,5,990.0,6514,53,989.9,2087,8,989.8,1615,13,989.7,3620,15,990.6,126,2,990.7,555,6,990.8,1276,15,990.9,2262,22,991.0,5961,28
317,2025-11-26 09:30:50+05:30,990.2,9,988.59,793254,316032.0,297260.0,986.2,992.9,981.3,986.2,118141500,1084.8,887.6,1102.5,649.1,990.1,862,5,990.0,6514,53,989.9,2087,8,989.8,1615,13,989.7,3620,15,990.6,126,2,990.7,555,6,990.8,1276,15,990.9,2262,22,991.0,5961,28
317,2025-11-26 09:30:50+05:30,990.2,9,988.59,793254,316032.0,297260.0,986.2,992.9,981.3,986.2,118141500,1084.8,887.6,1102.5,649.1,990.1,862,5,990.0,6514,53,989.9,2087,8,989.8,1615,13,989.7,3620,15,990.6,126,2,990.7,555,6,990.8,1276,15,990.9,2262,22,991.0,5961,28
317,2025-11-26 09:30:51+05:30,990.2,9,988.59,793254,316032.0,297260.0,986.2,992.9,981.3,986.2,118141500,1084.8,887.6,1102.5,649.1,990.1,862,5,990.0,6514,53,989.9,2087,8,989.8,1615,13,989.7,3620,15,990.6,126,2,990.7,555,6,990.8,1276,15,990.9,2262,22,991.0,5961,28
317,2025-11-26 09:30:51+05:30,990.6,2,988.59,793256,316366.0,296874.0,986.2,992.9,981.3,986.2,118141500,1084.8,887.6,1102.5,649.1,990.1,911,6,990.0,6718,54,989.9,2306,10,989.8,2378,15,989.7,2666,13,990.6,85,1,990.7,594,7,990.8,1032,13,990.9,2060,21,991.0,5971,29
317,2025-11-26 09:30:51+05:30,990.6,2,988.59,793256,316366.0,296874.0,986.2,992.9,981.3,986.2,118141500,1084.8,887.6,1102.5,649.1,990.1,911,6,990.0,6718,54,989.9,2306,10,989.8,2378,15,989.7,2666,13,990.6,85,1,990.7,594,7,990.8,1032,13,990.9,2060,21,991.0,5971,29
317,2025-11-26 09:30:51+05:30,990.6,2,988.59,793256,316366.0,296874.0,986.2,992.9,981.3,986.2,118141500,1084.8,887.6,1102.5,649.1,990.1,911,6,990.0,6718,54,989.9,2306,10,989.8,2378,15,989.7,2666,13,990.6,85,1,990.7,594,7,990.8,1032,13,990.9,2060,21,991.0,5971,29
317,2025-11-26 09:30:52+05:30,990.6,2,988.59,793256,316366.0,296874.0,986.2,992.9,981.3,986.2,118141500,1084.8,887.6,1102.5,649.1,990.1,911,6,990.0,6718,54,989.9,2306,10,989.8,2378,15,989.7,2666,13,990.6,85,1,990.7,594,7,990.8,1032,13,990.9,2060,21,991.0,5971,29
317,2025-11-26 09:30:52+05:30,990.6,2,988.59,793256,316366.0,296874.0,986.2,992.9,981.3,986.2,118218000,1084.8,887.6,1102.5,649.1,990.1,911,6,990.0,6718,54,989.9,2306,10,989.8,2378,15,989.7,2666,13,990.6,85,1,990.7,594,7,990.8,1032,13,990.9,2060,21,991.0,5971,29
317,2025-11-26 09:30:52+05:30,990.6,2,988.59,793256,315587.0,296945.0,986.2,992.9,981.3,986.2,118218000,1084.8,887.6,1102.5,649.1,990.1,1182,6,990.0,6957,55,989.9,2241,8,989.8,1587,10,989.7,3400,13,990.6,235,2,990.7,522,7,990.8,959,13,990.9,1886,18,991.0,5988,30
317,2025-11-26 09:30:52+05:30,990.6,2,988.59,793256,315587.0,296945.0,986.2,992.9,981.3,986.2,118218000,1084.8,887.6,1102.5,649.1,990.1,1182,6,990.0,6957,55,989.9,2241,8,989.8,1587,10,989.7,3400,13,990.6,235,2,990.7,522,7,990.8,959,13,990.9,1886,18,991.0,5988,30
317,2025-11-26 09:30:53+05:30,990.6,2,988.59,793256,315587.0,296945.0,986.2,992.9,981.3,986.2,118218000,1084.8,887.6,1102.5,649.1,990.1,1182,6,990.0,6957,55,989.9,2241,8,989.8,1587,10,989.7,3400,13,990.6,235,2,990.7,522,7,990.8,959,13,990.9,1886,18,991.0,5988,30
317,2025-11-26 09:30:53+05:30,990.6,2,988.59,793256,317917.0,296024.0,986.2,992.9,981.3,986.2,118218000,1084.8,887.6,1102.5,649.1,990.3,600,1,990.2,39,1,990.1,2413,10,990.0,7287,56,989.9,2247,9,990.7,153,3,990.8,1197,10,990.9,1777,17,991.0,5273,28,991.1,2362,19
317,2025-11-26 09:30:54+05:30,990.6,2,988.59,793256,317172.0,296024.0,986.2,992.9,981.3,986.2,118218000,1084.8,887.6,1102.5,649.1,990.3,600,1,990.2,39,1,990.1,2413,10,990.0,6522,55,989.9,2260,10,990.7,153,3,990.8,1197,10,990.9,1777,17,991.0,5273,28,991.1,2362,19
317,2025-11-26 09:30:56+05:30,990.6,2,988.59,793256,317585.0,297748.0,986.2,992.9,981.3,986.2,118218000,1084.8,887.6,1102.5,649.1,990.2,63,1,990.1,3123,12,990.0,6585,59,989.9,2883,12,989.8,1502,8,990.7,404,5,990.8,1296,12,990.9,1777,17,991.0,5438,28,991.1,2362,19
317,2025-11-26 09:30:56+05:30,990.6,10,988.59,793256,317585.0,297748.0,986.2,992.9,981.3,986.2,118218000,1084.8,887.6,1102.5,649.1,990.2,63,1,990.1,3123,12,990.0,6585,59,989.9,2883,12,989.8,1502,8,990.7,404,5,990.8,1296,12,990.9,1777,17,991.0,5438,28,991.1,2362,19
317,2025-11-26 09:30:57+05:30,990.6,10,988.59,793266,317498.0,298874.0,986.2,992.9,981.3,986.2,118218000,1084.8,887.6,1102.5,649.1,990.2,13,1,990.1,1968,7,990.0,6522,55,989.9,2446,12,989.8,2320,12,990.6,459,4,990.7,714,8,990.8,972,12,990.9,1345,9,991.0,5844,30
317,2025-11-26 09:30:58+05:30,990.6,10,988.59,793266,317347.0,298874.0,986.2,992.9,981.3,986.2,118218000,1084.8,887.6,1102.5,649.1,990.2,28,2,990.1,1529,6,990.0,6747,53,989.9,2398,9,989.8,2291,10,990.6,702,6,990.7,714,8,990.8,933,11,990.9,1345,9,991.0,5666,31
317,2025-11-26 09:30:58+05:30,990.6,27,988.59,793266,317347.0,298874.0,986.2,992.9,981.3,986.2,118218000,1084.8,887.6,1102.5,649.1,990.2,28,2,990.1,1529,6,990.0,6747,53,989.9,2398,9,989.8,2291,10,990.6,702,6,990.7,714,8,990.8,933,11,990.9,1345,9,991.0,5666,31
317,2025-11-26 09:30:59+05:30,990.6,27,988.59,793370,317398.0,298568.0,986.2,992.9,981.3,986.2,118218000,1084.8,887.6,1102.5,649.1,990.2,28,2,990.1,1529,6,990.0,6941,55,989.9,1719,13,989.8,2294,12,990.6,355,3,990.7,714,8,990.8,770,11,990.9,1345,9,991.0,5870,32
317,2025-11-26 09:31:00+05:30,990.6,27,988.59,793370,317387.0,298262.0,986.2,992.9,981.3,986.2,118218000,1084.8,887.6,1102.5,649.1,990.2,28,2,990.1,1529,6,990.0,6980,55,989.9,1648,8,989.8,2258,10,990.6,253,2,990.7,714,8,990.8,770,11,990.9,1329,8,991.0,5592,26
317,2025-11-26 09:31:00+05:30,990.2,15,988.59,793370,317387.0,298262.0,986.2,992.9,981.3,986.2,118218000,1084.8,887.6,1102.5,649.1,990.2,28,2,990.1,1529,6,990.0,6980,55,989.9,1648,8,989.8,2258,10,990.6,253,2,990.7,714,8,990.8,770,11,990.9,1329,8,991.0,5592,26
317,2025-11-26 09:31:01+05:30,990.2,15,988.59,793403,315635.0,297800.0,986.2,992.9,981.3,986.2,118218000,1084.8,887.6,1102.5,649.1,990.2,687,2,990.1,178,4,990.0,5033,53,989.9,1955,9,989.8,2062,10,990.6,366,4,990.7,552,8,990.8,1065,11,990.9,2317,17,991.0,5758,33
317,2025-11-26 09:31:01+05:30,990.6,10,988.59,793403,315635.0,297800.0,986.2,992.9,981.3,986.2,118218000,1084.8,887.6,1102.5,649.1,990.2,687,2,990.1,178,4,990.0,5033,53,989.9,1955,9,989.8,2062,10,990.6,366,4,990.7,552,8,990.8,1065,11,990.9,2317,17,991.0,5758,33
317,2025-11-26 09:31:02+05:30,990.6,10,988.59,793413,316986.0,297331.0,986.2,992.9,981.3,986.2,118218000,1084.8,887.6,1102.5,649.1,990.2,687,2,990.1,141,3,990.0,5033,53,989.9,3455,11,989.8,2062,10,990.6,356,4,990.7,552,8,990.8,1342,11,990.9,1668,17,991.0,5732,31
317,2025-11-26 09:31:02+05:30,990.2,1,988.59,793413,316986.0,297331.0,986.2,992.9,981.3,986.2,118218000,1084.8,887.6,1102.5,649.1,990.2,687,2,990.1,141,3,990.0,5033,53,989.9,3455,11,989.8,2062,10,990.6,356,4,990.7,552,8,990.8,1342,11,990.9,1668,17,991.0,5732,31
317,2025-11-26 09:31:03+05:30,990.6,7,988.59,793426,316736.0,298141.0,986.2,992.9,981.3,986.2,118218000,1084.8,887.6,1102.5,649.1,990.2,686,2,990.1,141,3,990.0,5033,53,989.9,3455,11,989.8,2062,10,990.6,344,4,990.7,552,8,990.8,1342,11,990.9,1668,17,991.0,5732,31
317,2025-11-26 09:31:03+05:30,990.6,7,988.59,793426,316736.0,298141.0,986.2,992.9,981.3,986.2,118218000,1084.8,887.6,1102.5,649.1,990.2,686,2,990.1,141,3,990.0,5033,53,989.9,3455,11,989.8,2062,10,990.6,344,4,990.7,552,8,990.8,1342,11,990.9,1668,17,991.0,5732,31
317,2025-11-26 09:31:04+05:30,990.6,7,988.59,793426,316906.0,298125.0,986.2,992.9,981.3,986.2,118218000,1084.8,887.6,1102.5,649.1,990.2,759,3,990.1,266,4,990.0,5033,53,989.9,3455,11,989.8,2062,10,990.6,305,4,990.7,511,7,990.8,1342,11,990.9,1668,17,991.0,5732,31
317,2025-11-26 09:31:05+05:30,990.6,1,988.59,793427,318836.0,298110.0,986.2,992.9,981.3,986.2,118218000,1084.8,887.6,1102.5,649.1,990.2,981,7,990.1,1563,11,990.0,6972,56,989.9,2385,9,989.8,2090,9,990.6,9,1,990.7,266,4,990.8,835,6,990.9,676,6,991.0,5366,28
317,2025-11-26 09:31:05+05:30,990.6,1,988.59,793427,318836.0,298110.0,986.2,992.9,981.3,986.2,118218000,1084.8,887.6,1102.5,649.1,990.2,981,7,990.1,1563,11,990.0,6972,56,989.9,2385,9,989.8,2090,9,990.6,9,1,990.7,266,4,990.8,835,6,990.9,676,6,991.0,5366,28
317,2025-11-26 09:31:06+05:30,990.6,1,988.59,793427,318997.0,298285.0,986.2,992.9,981.3,986.2,118218000,1084.8,887.6,1102.5,649.1,990.2,1068,9,990.1,1525,10,990.0,6979,57,989.9,2385,9,989.8,2179,15,990.6,9,1,990.7,266,4,990.8,391,6,990.9,1202,6,991.0,5371,28
317,2025-11-26 09:31:07+05:30,990.6,1,988.59,793427,320231.0,298332.0,986.2,992.9,981.3,986.2,118218000,1084.8,887.6,1102.5,649.1,990.3,165,4,990.2,1217,10,990.1,3227,13,990.0,6977,56,989.9,3161,12,990.6,9,1,990.7,53,2,990.8,328,5,990.9,1269,7,991.0,5471,29
317,2025-11-26 09:31:07+05:30,990.6,3,988.59,793427,320231.0,298332.0,986.2,992.9,981.3,986.2,118218000,1084.8,887.6,1102.5,649.1,990.3,165,4,990.2,1217,10,990.1,3227,13,990.0,6977,56,989.9,3161,12,990.6,9,1,990.7,53,2,990.8,328,5,990.9,1269,7,991.0,5471,29
317,2025-11-26 09:31:08+05:30,990.6,3,988.59,793430,321064.0,298245.0,986.2,992.9,981.3,986.2,118218000,1084.8,887.6,1102.5,649.1,990.3,265,5,990.2,1213,9,990.1,3541,13,990.0,7288,56,989.9,3161,12,990.6,6,1,990.7,53,2,990.8,292,4,990.9,1288,7,991.0,5471,29
317,2025-11-26 09:31:09+05:30,990.6,3,988.59,793430,321095.0,298245.0,986.2,992.9,981.3,986.2,118218000,1084.8,887.6,1102.5,649.1,990.3,265,5,990.2,1213,9,990.1,3541,13,990.0,7288,56,989.9,3161,12,990.6,6,1,990.7,53,2,990.8,292,4,990.9,1288,7,991.0,5471,29
317,2025-11-26 09:31:09+05:30,990.3,2,988.59,793430,321095.0,298245.0,986.2,992.9,981.3,986.2,118218000,1084.8,887.6,1102.5,649.1,990.3,265,5,990.2,1213,9,990.1,3541,13,990.0,7288,56,989.9,3161,12,990.6,6,1,990.7,53,2,990.8,292,4,990.9,1288,7,991.0,5471,29
317,2025-11-26 09:31:10+05:30,990.3,2,988.59,793432,321098.0,298107.0,986.2,992.9,981.3,986.2,118218000,1084.8,887.6,1102.5,649.1,990.3,185,3,990.2,1247,10,990.1,3541,13,990.0,7288,56,989.9,3161,12,990.6,206,2,990.7,53,2,990.8,891,5,990.9,768,6,991.0,5471,29
317,2025-11-26 09:31:11+05:30,990.6,14,988.59,793452,323088.0,298809.0,986.2,992.9,981.3,986.2,118218000,1084.8,887.6,1102.5,649.1,990.3,900,6,990.2,2113,10,990.1,3541,13,990.0,7314,58,989.9,2435,10,990.6,186,1,990.7,53,2,990.8,292,4,990.9,768,6,991.0,5471,29
317,2025-11-26 09:31:11+05:30,990.6,14,988.59,793452,323088.0,298809.0,986.2,992.9,981.3,986.2,118218000,1084.8,887.6,1102.5,649.1,990.3,900,6,990.2,2113,10,990.1,3541,13,990.0,7314,58,989.9,2435,10,990.6,186,1,990.7,53,2,990.8,292,4,990.9,768,6,991.0,5471,29
317,2025-11-26 09:31:12+05:30,990.6,14,988.59,793452,322920.0,298571.0,986.2,992.9,981.3,986.2,118218000,1084.8,887.6,1102.5,649.1,990.3,738,3,990.2,1822,11,990.1,4064,15,990.0,6554,56,989.9,3046,14,990.6,186,1,990.7,53,2,990.8,323,6,990.9,768,6,991.0,5471,29
317,2025-11-26 09:31:13+05:30,990.6,2,988.59,793475,323717.0,298667.0,986.2,992.9,981.3,986.2,118218000,1084.8,887.6,1102.5,649.1,990.4,112,1,990.3,1081,10,990.2,1899,11,990.1,4063,14,990.0,6554,56,990.6,184,1,990.7,53,2,990.8,80,4,990.9,768,6,991.0,5471,29
317,2025-11-26 09:31:13+05:30,990.6,2,988.59,793475,323717.0,298667.0,986.2,992.9,981.3,986.2,118218000,1084.8,887.6,1102.5,649.1,990.4,112,1,990.3,1081,10,990.2,1899,11,990.1,4063,14,990.0,6554,56,990.6,184,1,990.7,53,2,990.8,80,4,990.9,768,6,991.0,5471,29
317,2025-11-26 09:31:14+05:30,990.3,171,988.59,793475,323717.0,298667.0,986.2,992.9,981.3,986.2,118218000,1084.8,887.6,1102.5,649.1,990.3,623,5,990.2,1850,13,990.1,3861,13,990.0,6623,57,989.9,3248,15,990.6,176,1,990.7,53,2,990.8,78,3,990.9,1254,8,991.0,5461,28
317,2025-11-26 09:31:14+05:30,990.3,171,988.59,793883,323031.0,298555.0,986.2,992.9,981.3,986.2,118218000,1084.8,887.6,1102.5,649.1,990.3,623,5,990.2,1850,13,990.1,3861,13,990.0,6623,57,989.9,3248,15,990.6,176,1,990.7,53,2,990.8,78,3,990.9,1254,8,991.0,5461,28
317,2025-11-26 09:31:16+05:30,990.3,171,988.59,793883,323311.0,298666.0,986.2,992.9,981.3,986.2,118218000,1084.8,887.6,1102.5,649.1,990.3,492,4,990.2,2044,14,990.1,4063,14,990.0,6623,57,989.9,3046,14,990.6,181,2,990.7,53,2,990.8,616,4,990.9,803,8,991.0,5461,28
317,2025-11-26 09:31:17+05:30,990.3,171,988.59,793883,324328.0,298686.0,986.2,992.9,981.3,986.2,118218000,1084.8,887.6,1102.5,649.1,990.3,2071,9,990.2,2760,14,990.1,3111,12,990.0,7373,58,989.9,1748,13,990.6,181,2,990.7,53,2,990.8,87,3,990.9,1319,8,991.0,5461,28
317,2025-11-26 09:31:18+05:30,990.3,171,988.59,793883,324401.0,298710.0,986.2,992.9,981.3,986.2,118218000,1084.8,887.6,1102.5,649.1,990.3,1867,6,990.2,2755,14,990.1,3313,13,990.0,7373,58,989.9,1546,12,990.6,181,2,990.7,53,2,990.8,281,4,990.9,1322,9,991.0,5487,30
317,2025-11-26 09:31:18+05:30,990.6,60,988.59,793883,324401.0,298710.0,986.2,992.9,981.3,986.2,118218000,1084.8,887.6,1102.5,649.1,990.3,1867,6,990.2,2755,14,990.1,3313,13,990.0,7373,58,989.9,1546,12,990.6,181,2,990.7,53,2,990.8,281,4,990.9,1322,9,991.0,5487,30
317,2025-11-26 09:31:19+05:30,990.6,11,988.59,793959,324424.0,298743.0,986.2,992.9,981.3,986.2,118218000,1084.8,887.6,1102.5,649.1,990.3,1901,7,990.2,2644,12,990.1,3313,13,990.0,7436,62,989.9,1499,9,990.6,105,2,990.7,53,2,990.8,283,4,990.9,1389,9,991.0,5461,28
317,2025-11-26 09:31:23+05:30,991.0,1,988.59,793959,324424.0,298743.0,986.2,992.9,981.3,986.2,118218000,1084.8,887.6,1102.5,649.1,990.3,1901,7,990.2,2644,12,990.1,3313,13,990.0,7436,62,989.9,1499,9,990.6,105,2,990.7,53,2,990.8,283,4,990.9,1389,9,991.0,5461,28
317,2025-11-26 09:31:25+05:30,991.0,1,988.59,794940,331577.0,294702.0,986.2,992.9,981.3,986.2,118218000,1084.8,887.6,1102.5,649.1,990.5,1949,7,990.4,2803,15,990.3,2630,12,990.2,2088,14,990.1,1842,13,991.0,4688,23,991.1,327,2,991.2,1200,9,991.3,2981,26,991.4,1327,11
317,2025-11-26 09:31:28+05:30,990.5,103,988.59,794940,331577.0,294702.0,986.2,992.9,981.3,986.2,118218000,1084.8,887.6,1102.5,649.1,990.5,1949,7,990.4,2803,15,990.3,2630,12,990.2,2088,14,990.1,1842,13,991.0,4688,23,991.1,327,2,991.2,1200,9,991.3,2981,26,991.4,1327,11
317,2025-11-26 09:31:31+05:30,990.4,6,988.6,797639,326550.0,296685.0,986.2,992.9,981.3,986.2,118218000,1084.8,887.6,1102.5,649.1,990.3,2228,8,990.2,1190,7,990.1,2811,20,990.0,5824,58,989.9,2983,10,990.9,1144,9,991.0,4755,26,991.1,680,9,991.2,2912,21,991.3,2233,25
317,2025-11-26 09:31:33+05:30,990.4,112,988.6,797639,326550.0,296685.0,986.2,992.9,981.3,986.2,118218000,1084.8,887.6,1102.5,649.1,990.3,2228,8,990.2,1190,7,990.1,2811,20,990.0,5824,58,989.9,2983,10,990.9,1144,9,991.0,4755,26,991.1,680,9,991.2,2912,21,991.3,2233,25
317,2025-11-26 09:31:38+05:30,991.0,94,988.62,802697,324349.0,292339.0,986.2,992.9,981.3,986.2,118218000,1084.8,887.6,1102.5,649.1,990.4,713,7,990.3,1361,7,990.2,1392,8,990.1,2570,14,990.0,5890,62,990.9,240,3,991.0,3755,19,991.1,414,6,991.2,2571,17,991.3,2367,23
317,2025-11-26 09:31:38+05:30,991.0,94,988.62,802697,324349.0,292339.0,986.2,992.9,981.3,986.2,118218000,1084.8,887.6,1102.5,649.1,990.4,713,7,990.3,1361,7,990.2,1392,8,990.1,2570,14,990.0,5890,62,990.9,240,3,991.0,3755,19,991.1,414,6,991.2,2571,17,991.3,2367,23
317,2025-11-26 09:31:43+05:30,990.6,5,988.62,802697,324349.0,292339.0,986.2,992.9,981.3,986.2,118218000,1084.8,887.6,1102.5,649.1,990.4,713,7,990.3,1361,7,990.2,1392,8,990.1,2570,14,990.0,5890,62,990.9,240,3,991.0,3755,19,991.1,414,6,991.2,2571,17,991.3,2367,23
317,2025-11-26 09:31:45+05:30,990.3,5,988.62,805110,326707.0,294959.0,986.2,992.9,981.3,986.2,118218000,1084.8,887.6,1102.5,649.1,990.4,12,1,990.3,177,2,990.2,3102,11,990.1,3485,15,990.0,6505,58,990.6,11,1,990.8,714,3,990.9,1018,8,991.0,5239,20,991.1,1657,21
317,2025-11-26 09:31:48+05:30,990.4,20,988.62,805110,326707.0,294959.0,986.2,992.9,981.3,986.2,118218000,1084.8,887.6,1102.5,649.1,990.4,12,1,990.3,177,2,990.2,3102,11,990.1,3485,15,990.0,6505,58,990.6,11,1,990.8,714,3,990.9,1018,8,991.0,5239,20,991.1,1657,21
317,2025-11-26 09:31:51+05:30,990.9,9,988.62,805405,326611.0,295639.0,986.2,992.9,981.3,986.2,118218000,1084.8,887.6,1102.5,649.1,990.5,2924,4,990.4,1696,7,990.3,1433,7,990.2,2075,9,990.1,1902,16,990.8,87,1,990.9,762,6,991.0,4758,16,991.1,1402,12,991.2,1847,15
317,2025-11-26 09:31:53+05:30,990.8,10,988.62,805405,326611.0,295639.0,986.2,992.9,981.3,986.2,118218000,1084.8,887.6,1102.5,649.1,990.5,2924,4,990.4,1696,7,990.3,1433,7,990.2,2075,9,990.1,1902,16,990.8,87,1,990.9,762,6,991.0,4758,16,991.1,1402,12,991.2,1847,15
317,2025-11-26 09:31:57+05:30,990.4,106,988.63,807230,320545.0,295380.0,986.2,992.9,981.3,986.2,118218000,1084.8,887.6,1102.5,649.1,990.4,87,1,990.3,777,3,990.2,4330,11,990.1,3062,12,990.0,6654,62,990.8,465,7,990.9,854,10,991.0,5009,21,991.1,632,7,991.2,2151,15
317,2025-11-26 09:31:58+05:30,990.2,1,988.63,807230,320545.0,295380.0,986.2,992.9,981.3,986.2,118218000,1084.8,887.6,1102.5,649.1,990.4,87,1,990.3,777,3,990.2,4330,11,990.1,3062,12,990.0,6654,62,990.8,465,7,990.9,854,10,991.0,5009,21,991.1,632,7,991.2,2151,15
317,2025-11-26 09:32:03+05:30,990.8,5,988.63,807230,320545.0,295380.0,986.2,992.9,981.3,986.2,118218000,1084.8,887.6,1102.5,649.1,990.4,87,1,990.3,777,3,990.2,4330,11,990.1,3062,12,990.0,6654,62,990.8,465,7,990.9,854,10,991.0,5009,21,991.1,632,7,991.2,2151,15
317,2025-11-26 09:32:04+05:30,990.8,5,988.63,807801,330653.0,295903.0,986.2,992.9,981.3,986.2,118218000,1084.8,887.6,1102.5,649.1,990.4,5215,16,990.3,3672,12,990.2,2112,9,990.1,2523,12,990.0,5753,61,990.8,2,1,990.9,247,5,991.0,4695,15,991.1,1568,12,991.2,1861,15
317,2025-11-26 09:32:08+05:30,990.9,1,988.63,807801,330653.0,295903.0,986.2,992.9,981.3,986.2,118218000,1084.8,887.6,1102.5,649.1,990.4,5215,16,990.3,3672,12,990.2,2112,9,990.1,2523,12,990.0,5753,61,990.8,2,1,990.9,247,5,991.0,4695,15,991.1,1568,12,991.2,1861,15
317,2025-11-26 09:32:11+05:30,990.4,24,988.63,808171,329335.0,294190.0,986.2,992.9,981.3,986.2,118218000,1084.8,887.6,1102.5,649.1,990.6,500,1,990.5,359,5,990.4,5166,17,990.3,3627,11,990.2,2362,15,990.9,154,4,991.0,4623,15,991.1,1490,12,991.2,827,11,991.3,3015,27
317,2025-11-26 09:32:13+05:30,990.6,1,988.63,808171,329335.0,294190.0,986.2,992.9,981.3,986.2,118218000,1084.8,887.6,1102.5,649.1,990.6,500,1,990.5,359,5,990.4,5166,17,990.3,3627,11,990.2,2362,15,990.9,154,4,991.0,4623,15,991.1,1490,12,991.2,827,11,991.3,3015,27
317,2025-11-26 09:32:17+05:30,990.9,31,988.63,808391,333394.0,292832.0,986.2,992.9,981.3,986.2,118218000,1084.8,887.6,1102.5,649.1,990.8,2831,4,990.7,3810,6,990.6,3320,9,990.5,1321,10,990.4,1461,9,990.9,73,3,991.0,4428,13,991.1,161,2,991.2,410,4,991.3,2167,21
317,2025-11-26 09:32:18+05:30,990.9,3,988.63,808391,333394.0,292832.0,986.2,992.9,981.3,986.2,118218000,1084.8,887.6,1102.5,649.1,990.8,2831,4,990.7,3810,6,990.6,3320,9,990.5,1321,10,990.4,1461,9,990.9,73,3,991.0,4428,13,991.1,161,2,991.2,410,4,991.3,2167,21
317,2025-11-26 09:32:20+05:30,990.9,20,988.63,808414,329586.0,292455.0,986.2,992.9,981.3,986.2,118218000,1084.8,887.6,1102.5,649.1,990.8,2845,5,990.7,3901,8,990.6,3362,10,990.5,1321,10,990.4,2235,11,990.9,53,4,991.0,4428,13,991.1,32,1,991.2,410,4,991.3,2121,20
317,2025-11-26 09:32:20+05:30,990.9,20,988.63,808414,329586.0,292455.0,986.2,992.9,981.3,986.2,118218000,1084.8,887.6,1102.5,649.1,990.8,2845,5,990.7,3901,8,990.6,3362,10,990.5,1321,10,990.4,2235,11,990.9,53,4,991.0,4428,13,991.1,32,1,991.2,410,4,991.3,2121,20
317,2025-11-26 09:32:21+05:30,990.9,1,988.63,808415,329621.0,292517.0,986.2,992.9,981.3,986.2,118218000,1084.8,887.6,1102.5,649.1,990.8,2858,6,990.7,4071,8,990.6,3192,8,990.5,1321,10,990.4,2235,11,990.9,52,4,991.0,4428,13,991.1,32,1,991.2,220,3,991.3,2121,20
317,2025-11-26 09:32:21+05:30,990.9,1,988.63,808415,329621.0,292517.0,986.2,992.9,981.3,986.2,118218000,1084.8,887.6,1102.5,649.1,990.8,2858,6,990.7,4071,8,990.6,3192,8,990.5,1321,10,990.4,2235,11,990.9,52,4,991.0,4428,13,991.1,32,1,991.2,220,3,991.3,2121,20
317,2025-11-26 09:32:22+05:30,990.9,1,988.63,808423,330074.0,292624.0,986.2,992.9,981.3,986.2,118218000,1084.8,887.6,1102.5,649.1,990.8,2858,6,990.7,4022,7,990.6,3233,9,990.5,1381,11,990.4,2235,11,990.9,44,4,991.0,4428,13,991.1,32,1,991.2,319,4,991.3,2121,20
317,2025-11-26 09:32:23+05:30,990.9,1,988.63,808423,330052.0,292638.0,986.2,992.9,981.3,986.2,118218000,1084.8,887.6,1102.5,649.1,990.8,2858,6,990.7,4022,7,990.6,3233,9,990.5,1359,10,990.4,2235,11,990.9,44,4,991.0,4428,13,991.1,32,1,991.2,319,4,991.3,2126,21
317,2025-11-26 09:32:23+05:30,991.0,45,988.63,808423,330052.0,292638.0,986.2,992.9,981.3,986.2,118218000,1084.8,887.6,1102.5,649.1,990.8,2858,6,990.7,4022,7,990.6,3233,9,990.5,1359,10,990.4,2235,11,990.9,44,4,991.0,4428,13,991.1,32,1,991.2,319,4,991.3,2126,21
317,2025-11-26 09:32:24+05:30,991.0,5,988.63,809183,328807.0,292145.0,986.2,992.9,981.3,986.2,118218000,1084.8,887.6,1102.5,649.1,990.8,2858,6,990.7,3724,5,990.6,2507,9,990.5,1497,13,990.4,1512,11,991.0,4375,13,991.1,32,1,991.2,444,8,991.3,2126,21,991.4,1045,10
317,2025-11-26 09:32:24+05:30,991.0,5,988.63,809183,328807.0,292145.0,986.2,992.9,981.3,986.2,118218000,1084.8,887.6,1102.5,649.1,990.8,2858,6,990.7,3724,5,990.6,2507,9,990.5,1497,13,990.4,1512,11,991.0,4375,13,991.1,32,1,991.2,444,8,991.3,2126,21,991.4,1045,10
317,2025-11-26 09:32:25+05:30,990.7,104,988.63,809319,328424.0,292587.0,986.2,992.9,981.3,986.2,118218000,1084.8,887.6,1102.5,649.1,990.7,4201,6,990.6,2095,4,990.5,2218,7,990.4,2363,13,990.3,1595,9,990.9,108,1,991.0,4401,14,991.1,457,5,991.2,814,15,991.3,2141,20
317,2025-11-26 09:32:25+05:30,990.7,104,988.63,809319,328424.0,292587.0,986.2,992.9,981.3,986.2,118218000,1084.8,887.6,1102.5,649.1,990.7,4201,6,990.6,2095,4,990.5,2218,7,990.4,2363,13,990.3,1595,9,990.9,108,1,991.0,4401,14,991.1,457,5,991.2,814,15,991.3,2141,20
317,2025-11-26 09:32:26+05:30,990.7,104,988.63,809319,328729.0,292735.0,986.2,992.9,981.3,986.2,118218000,1084.8,887.6,1102.5,649.1,990.9,1,1,990.7,4307,7,990.6,3017,6,990.5,3158,9,990.4,1505,11,991.0,4550,16,991.1,360,5,991.2,811,14,991.3,2141,20,991.4,1408,11
317,2025-11-26 09:32:27+05:30,991.0,85,988.63,809889,328509.0,292375.0,986.2,992.9,981.3,986.2,118218000,1084.8,887.6,1102.5,649.1,990.9,2,2,990.7,4307,7,990.6,2362,4,990.5,3158,9,990.4,1505,11,991.0,3831,14,991.1,360,5,991.2,919,15,991.3,2114,20,991.4,918,11
317,2025-11-26 09:32:27+05:30,991.0,85,988.63,809889,328509.0,292375.0,986.2,992.9,981.3,986.2,118218000,1084.8,887.6,1102.5,649.1,990.9,2,2,990.7,4307,7,990.6,2362,4,990.5,3158,9,990.4,1505,11,991.0,3831,14,991.1,360,5,991.2,919,15,991.3,2114,20,991.4,918,11
317,2025-11-26 09:32:28+05:30,990.7,131,988.63,810125,327895.0,292543.0,986.2,992.9,981.3,986.2,118218000,1084.8,887.6,1102.5,649.1,990.9,1,1,990.7,4073,7,990.6,2362,4,990.5,2408,8,990.4,2211,11,991.0,4029,17,991.1,665,7,991.2,1368,15,991.3,2114,20,991.4,1418,12
317,2025-11-26 09:32:28+05:30,990.7,131,988.63,810125,327895.0,292543.0,986.2,992.9,981.3,986.2,118218000,1084.8,887.6,1102.5,649.1,990.9,1,1,990.7,4073,7,990.6,2362,4,990.5,2408,8,990.4,2211,11,991.0,4029,17,991.1,665,7,991.2,1368,15,991.3,2114,20,991.4,1418,12
317,2025-11-26 09:32:29+05:30,990.9,1,988.63,810258,327513.0,291696.0,986.2,992.9,981.3,986.2,118218000,1084.8,887.6,1102.5,649.1,990.7,3836,6,990.6,2362,4,990.5,2275,6,990.4,2164,11,990.3,845,8,990.9,99,1,991.0,4241,18,991.1,665,7,991.2,924,15,991.3,2222,21
317,2025-11-26 09:32:29+05:30,990.9,1,988.63,810258,327513.0,291696.0,986.2,992.9,981.3,986.2,118218000,1084.8,887.6,1102.5,649.1,990.7,3836,6,990.6,2362,4,990.5,2275,6,990.4,2164,11,990.3,845,8,990.9,99,1,991.0,4241,18,991.1,665,7,991.2,924,15,991.3,2222,21
317,2025-11-26 09:32:30+05:30,990.9,1,988.63,810258,327303.0,291720.0,986.2,992.9,981.3,986.2,118218000,1084.8,887.6,1102.5,649.1,990.7,3846,7,990.6,2470,5,990.5,3294,9,990.4,1431,10,990.3,1595,9,990.9,99,1,991.0,3831,14,991.1,366,5,991.2,998,14,991.3,2248,23
317,2025-11-26 09:32:31+05:30,990.9,1,988.63,810259,332429.0,292165.0,986.2,992.9,981.3,986.2,118218000,1084.8,887.6,1102.5,649.1,990.7,4596,8,990.6,2570,6,990.5,3409,12,990.4,1471,11,990.3,1595,9,990.9,98,1,991.0,3831,14,991.1,401,4,991.2,846,11,991.3,2235,22
317,2025-11-26 09:32:31+05:30,990.9,50,988.63,810259,332429.0,292165.0,986.2,992.9,981.3,986.2,118218000,1084.8,887.6,1102.5,649.1,990.7,4596,8,990.6,2570,6,990.5,3409,12,990.4,1471,11,990.3,1595,9,990.9,98,1,991.0,3831,14,991.1,401,4,991.2,846,11,991.3,2235,22
317,2025-11-26 09:32:32+05:30,991.0,163,988.64,810868,335767.0,291276.0,986.2,992.9,981.3,986.2,118218000,1084.8,887.6,1102.5,649.1,990.7,5091,8,990.6,2661,9,990.5,3178,9,990.4,1445,9,990.3,1595,9,991.0,3423,15,991.1,130,1,991.2,715,10,991.3,2268,24,991.4,1283,11
317,2025-11-26 09:32:32+05:30,991.0,163,988.64,810868,335767.0,291276.0,986.2,992.9,981.3,986.2,118218000,1084.8,887.6,1102.5,649.1,990.7,5091,8,990.6,2661,9,990.5,3178,9,990.4,1445,9,990.3,1595,9,991.0,3423,15,991.1,130,1,991.2,715,10,991.3,2268,24,991.4,1283,11
317,2025-11-26 09:32:33+05:30,991.0,39,988.64,811038,335819.0,291718.0,986.2,992.9,981.3,986.2,118218000,1084.8,887.6,1102.5,649.1,990.8,112,1,990.7,4970,9,990.6,2811,9,990.5,3437,15,990.4,1487,12,991.0,3384,15,991.1,130,1,991.2,692,9,991.3,2328,24,991.4,1171,10
317,2025-11-26 09:32:33+05:30,991.0,39,988.64,811038,335819.0,291718.0,986.2,992.9,981.3,986.2,118218000,1084.8,887.6,1102.5,649.1,990.8,112,1,990.7,4970,9,990.6,2811,9,990.5,3437,15,990.4,1487,12,991.0,3384,15,991.1,130,1,991.2,692,9,991.3,2328,24,991.4,1171,10
317,2025-11-26 09:32:34+05:30,991.0,50,988.64,811088,337893.0,292189.0,986.2,992.9,981.3,986.2,118218000,1084.8,887.6,1102.5,649.1,990.8,112,1,990.7,4971,10,990.6,2751,9,990.5,3537,16,990.4,1487,12,991.0,3334,15,991.1,627,2,991.2,792,10,991.3,2228,23,991.4,1171,10
317,2025-11-26 09:32:34+05:30,991.0,50,988.64,811088,337893.0,292189.0,986.2,992.9,981.3,986.2,118218000,1084.8,887.6,1102.5,649.1,990.8,112,1,990.7,4971,10,990.6,2751,9,990.5,3537,16,990.4,1487,12,991.0,3334,15,991.1,627,2,991.2,792,10,991.3,2228,23,991.4,1171,10
317,2025-11-26 09:32:35+05:30,991.0,750,988.64,811838,338336.0,290479.0,986.2,992.9,981.3,986.2,118218000,1084.8,887.6,1102.5,649.1,990.9,1,1,990.8,122,2,990.7,5251,11,990.6,3414,10,990.5,2787,15,991.0,2584,15,991.1,497,1,991.2,390,4,991.3,2008,15,991.4,1071,9
317,2025-11-26 09:32:35+05:30,991.0,72,988.64,811838,338336.0,290479.0,986.2,992.9,981.3,986.2,118218000,1084.8,887.6,1102.5,649.1,990.9,1,1,990.8,122,2,990.7,5251,11,990.6,3414,10,990.5,2787,15,991.0,2584,15,991.1,497,1,991.2,390,4,991.3,2008,15,991.4,1071,9
317,2025-11-26 09:32:37+05:30,990.7,131,988.64,811838,338336.0,290479.0,986.2,992.9,981.3,986.2,118218000,1084.8,887.6,1102.5,649.1,990.9,1,1,990.8,122,2,990.7,5251,11,990.6,3414,10,990.5,2787,15,991.0,2584,15,991.1,497,1,991.2,390,4,991.3,2008,15,991.4,1071,9
317,2025-11-26 09:32:37+05:30,990.7,131,988.64,813201,337118.0,291568.0,986.2,992.9,981.3,986.2,118218000,1084.8,887.6,1102.5,649.1,990.7,4499,10,990.6,2464,6,990.5,2681,13,990.4,2235,12,990.3,1601,10,991.0,2473,14,991.1,736,3,991.2,895,10,991.3,2268,25,991.4,1389,13
317,2025-11-26 09:32:37+05:30,991.0,1,988.64,813201,337118.0,291568.0,986.2,992.9,981.3,986.2,118218000,1084.8,887.6,1102.5,649.1,990.7,4499,10,990.6,2464,6,990.5,2681,13,990.4,2235,12,990.3,1601,10,991.0,2473,14,991.1,736,3,991.2,895,10,991.3,2268,25,991.4,1389,13
317,2025-11-26 09:32:38+05:30,991.0,1,988.64,813379,337483.0,291561.0,986.2,992.9,981.3,986.2,118218000,1084.8,887.6,1102.5,649.1,990.9,20,1,990.7,4322,9,990.6,2364,5,990.5,2682,13,990.4,2235,12,991.0,2572,15,991.1,877,5,991.2,581,8,991.3,2220,22,991.4,1250,15
317,2025-11-26 09:32:38+05:30,991.0,6,988.64,813379,337483.0,291561.0,986.2,992.9,981.3,986.2,118218000,1084.8,887.6,1102.5,649.1,990.9,20,1,990.7,4322,9,990.6,2364,5,990.5,2682,13,990.4,2235,12,991.0,2572,15,991.1,877,5,991.2,581,8,991.3,2220,22,991.4,1250,15
317,2025-11-26 09:32:39+05:30,991.0,6,988.65,814834,336299.0,289620.0,986.2,992.9,981.3,986.2,118218000,1084.8,887.6,1102.5,649.1,990.9,500,1,990.7,4571,10,990.6,2785,10,990.5,3633,15,990.4,1491,12,991.0,1355,12,991.1,497,1,991.2,320,6,991.3,2165,21,991.4,1301,15
317,2025-11-26 09:32:39+05:30,991.0,931,988.65,814834,336299.0,289620.0,986.2,992.9,981.3,986.2,118218000,1084.8,887.6,1102.5,649.1,990.9,500,1,990.7,4571,10,990.6,2785,10,990.5,3633,15,990.4,1491,12,991.0,1355,12,991.1,497,1,991.2,320,6,991.3,2165,21,991.4,1301,15
317,2025-11-26 09:32:40+05:30,991.0,254,988.66,818833,336811.0,288614.0,986.2,992.9,981.3,986.2,118218000,1084.8,887.6,1102.5,649.1,990.9,337,1,990.8,100,1,990.7,5538,14,990.6,2975,10,990.5,2693,14,991.0,2506,11,991.2,5,1,991.3,1757,15,991.4,1205,14,991.5,2904,19
317,2025-11-26 09:32:40+05:30,990.9,1,988.66,818833,336811.0,288614.0,986.2,992.9,981.3,986.2,118218000,1084.8,887.6,1102.5,649.1,990.9,337,1,990.8,100,1,990.7,5538,14,990.6,2975,10,990.5,2693,14,991.0,2506,11,991.2,5,1,991.3,1757,15,991.4,1205,14,991.5,2904,19
317,2025-11-26 09:32:41+05:30,991.0,38,988.66,819942,336986.0,289585.0,986.2,992.9,981.3,986.2,118218000,1084.8,887.6,1102.5,649.1,990.8,125,1,990.7,3942,11,990.6,2636,8,990.5,2764,13,990.4,2272,12,991.0,2546,12,991.2,284,6,991.3,2109,18,991.4,1032,16,991.5,3900,23
317,2025-11-26 09:32:41+05:30,990.7,197,988.66,819942,336986.0,289585.0,986.2,992.9,981.3,986.2,118218000,1084.8,887.6,1102.5,649.1,990.8,125,1,990.7,3942,11,990.6,2636,8,990.5,2764,13,990.4,2272,12,991.0,2546,12,991.2,284,6,991.3,2109,18,991.4,1032,16,991.5,3900,23
317,2025-11-26 09:32:42+05:30,991.0,50,988.66,820465,338216.0,290363.0,986.2,992.9,981.3,986.2,118218000,1084.8,887.6,1102.5,649.1,990.7,5180,12,990.6,1977,7,990.5,3522,14,990.4,2279,13,990.3,1405,8,991.0,2632,14,991.2,474,7,991.3,2109,18,991.4,1129,17,991.5,3944,24
317,2025-11-26 09:32:42+05:30,991.0,339,988.66,820465,338216.0,290363.0,986.2,992.9,981.3,986.2,118218000,1084.8,887.6,1102.5,649.1,990.7,5180,12,990.6,1977,7,990.5,3522,14,990.4,2279,13,990.3,1405,8,991.0,2632,14,991.2,474,7,991.3,2109,18,991.4,1129,17,991.5,3944,24
317,2025-11-26 09:32:43+05:30,990.7,131,988.66,820935,334815.0,288452.0,986.2,992.9,981.3,986.2,118218000,1084.8,887.6,1102.5,649.1,990.7,5935,17,990.6,2882,10,990.5,3570,15,990.4,1542,13,990.3,1405,8,991.0,2304,15,991.2,7,2,991.3,1757,15,991.4,1086,16,991.5,2958,21
317,2025-11-26 09:32:43+05:30,990.7,131,988.66,820935,334815.0,288452.0,986.2,992.9,981.3,986.2,118218000,1084.8,887.6,1102.5,649.1,990.7,5935,17,990.6,2882,10,990.5,3570,15,990.4,1542,13,990.3,1405,8,991.0,2304,15,991.2,7,2,991.3,1757,15,991.4,1086,16,991.5,2958,21
317,2025-11-26 09:32:44+05:30,990.7,131,988.66,820935,334801.0,288613.0,986.2,992.9,981.3,986.2,118218000,1084.8,887.6,1102.5,649.1,990.7,5705,17,990.6,2132,9,990.5,3570,15,990.4,2292,14,990.3,1405,8,991.0,2304,15,991.2,5,1,991.3,1757,15,991.4,1088,17,991.5,2958,21
317,2025-11-26 09:32:44+05:30,990.7,138,988.66,820935,334801.0,288613.0,986.2,992.9,981.3,986.2,118218000,1084.8,887.6,1102.5,649.1,990.7,5705,17,990.6,2132,9,990.5,3570,15,990.4,2292,14,990.3,1405,8,991.0,2304,15,991.2,5,1,991.3,1757,15,991.4,1088,17,991.5,2958,21
317,2025-11-26 09:32:45+05:30,990.7,100,988.66,821174,336877.0,288587.0,986.2,992.9,981.3,986.2,118218000,1084.8,887.6,1102.5,649.1,990.8,1881,3,990.7,5208,17,990.6,2882,10,990.5,2757,10,990.4,839,15,991.0,2303,15,991.2,5,1,991.3,1757,15,991.4,1011,17,991.5,3083,22
317,2025-11-26 09:32:45+05:30,991.0,4,988.66,821174,336877.0,288587.0,986.2,992.9,981.3,986.2,118218000,1084.8,887.6,1102.5,649.1,990.8,1881,3,990.7,5208,17,990.6,2882,10,990.5,2757,10,990.4,839,15,991.0,2303,15,991.2,5,1,991.3,1757,15,991.4,1011,17,991.5,3083,22
317,2025-11-26 09:32:46+05:30,991.0,750,988.68,824999,337361.0,285639.0,986.2,992.9,981.3,986.2,118218000,1084.8,887.6,1102.5,649.1,990.8,2818,7,990.7,6473,17,990.6,2132,9,990.5,1540,11,990.4,1609,14,991.0,314,7,991.2,5,1,991.3,1550,15,991.4,834,6,991.5,1719,15
317,2025-11-26 09:32:46+05:30,991.0,750,988.68,824999,337361.0,285639.0,986.2,992.9,981.3,986.2,118218000,1084.8,887.6,1102.5,649.1,990.8,2818,7,990.7,6473,17,990.6,2132,9,990.5,1540,11,990.4,1609,14,991.0,314,7,991.2,5,1,991.3,1550,15,991.4,834,6,991.5,1719,15
317,2025-11-26 09:32:47+05:30,991.0,5,988.68,826135,339121.0,288947.0,986.2,992.9,981.3,986.2,118218000,1084.8,887.6,1102.5,649.1,990.8,3013,5,990.7,5161,12,990.6,2207,9,990.5,2296,12,990.4,1075,14,991.0,2125,8,991.2,375,4,991.3,2099,17,991.4,759,15,991.5,2108,19
317,2025-11-26 09:32:47+05:30,991.0,5,988.68,826135,339121.0,288947.0,986.2,992.9,981.3,986.2,118218000,1084.8,887.6,1102.5,649.1,990.8,3013,5,990.7,5161,12,990.6,2207,9,990.5,2296,12,990.4,1075,14,991.0,2125,8,991.2,375,4,991.3,2099,17,991.4,759,15,991.5,2108,19
317,2025-11-26 09:32:48+05:30,991.0,5,988.68,826135,336355.0,288923.0,986.2,992.9,981.3,986.2,118218000,1084.8,887.6,1102.5,649.1,990.8,2263,4,990.7,5214,13,990.6,2957,10,990.5,1546,11,990.4,1825,15,991.0,2125,8,991.2,375,4,991.3,2125,19,991.4,733,13,991.5,2108,19
317,2025-11-26 09:32:49+05:30,991.5,10,988.69,831685,339632.0,280425.0,986.2,992.9,981.3,986.2,118218000,1084.8,887.6,1102.5,649.1,991.2,54,1,991.1,722,8,991.0,4644,11,990.9,5521,16,990.8,2777,19,991.6,317,9,991.7,392,3,991.8,348,4,991.9,1895,14,992.0,3483,22
317,2025-11-26 09:32:49+05:30,991.0,299,988.69,831685,339632.0,280425.0,986.2,992.9,981.3,986.2,118218000,1084.8,887.6,1102.5,649.1,991.2,54,1,991.1,722,8,991.0,4644,11,990.9,5521,16,990.8,2777,19,991.6,317,9,991.7,392,3,991.8,348,4,991.9,1895,14,992.0,3483,22
317,2025-11-26 09:32:50+05:30,991.0,4,988.71,835844,332683.0,283757.0,986.2,992.9,981.3,986.2,118218000,1084.8,887.6,1102.5,649.1,991.0,2391,6,990.9,4317,12,990.8,2244,9,990.7,2785,19,990.6,1997,11,991.6,686,14,991.7,825,11,991.8,1459,13,991.9,2510,18,992.0,3291,28
317,2025-11-26 09:32:50+05:30,991.0,1,988.71,835844,332683.0,283757.0,986.2,992.9,981.3,986.2,118218000,1084.8,887.6,1102.5,649.1,991.0,2391,6,990.9,4317,12,990.8,2244,9,990.7,2785,19,990.6,1997,11,991.6,686,14,991.7,825,11,991.8,1459,13,991.9,2510,18,992.0,3291,28
317,2025-11-26 09:32:51+05:30,991.5,18,988.71,835844,332683.0,283757.0,986.2,992.9,981.3,986.2,118218000,1084.8,887.6,1102.5,649.1,991.0,2391,6,990.9,4317,12,990.8,2244,9,990.7,2785,19,990.6,1997,11,991.6,686,14,991.7,825,11,991.8,1459,13,991.9,2510,18,992.0,3291,28
317,2025-11-26 09:32:52+05:30,991.5,18,988.71,837265,331567.0,279449.0,986.2,992.9,981.3,986.2,118218000,1084.8,887.6,1102.5,649.1,991.4,564,6,991.3,5114,12,991.2,3697,14,991.1,2228,10,991.0,4000,11,991.8,58,2,991.9,281,3,992.0,1766,16,992.1,1091,7,992.2,1174,16
317,2025-11-26 09:32:52+05:30,992.0,1,988.71,837265,331567.0,279449.0,986.2,992.9,981.3,986.2,118218000,1084.8,887.6,1102.5,649.1,991.4,564,6,991.3,5114,12,991.2,3697,14,991.1,2228,10,991.0,4000,11,991.8,58,2,991.9,281,3,992.0,1766,16,992.1,1091,7,992.2,1174,16
317,2025-11-26 09:32:53+05:30,992.0,1,988.71,837766,328808.0,280889.0,986.2,992.9,981.3,986.2,118218000,1084.8,887.6,1102.5,649.1,991.5,87,1,991.4,916,4,991.3,3543,10,991.2,2991,14,991.1,1478,9,991.9,501,5,992.0,2130,21,992.1,1193,10,992.2,1847,18,992.3,973,11
317,2025-11-26 09:32:53+05:30,991.8,87,988.71,837766,328808.0,280889.0,986.2,992.9,981.3,986.2,118218000,1084.8,887.6,1102.5,649.1,991.5,87,1,991.4,916,4,991.3,3543,10,991.2,2991,14,991.1,1478,9,991.9,501,5,992.0,2130,21,992.1,1193,10,992.2,1847,18,992.3,973,11
317,2025-11-26 09:32:54+05:30,991.9,45,988.72,839403,334311.0,279946.0,986.2,992.9,981.3,986.2,118218000,1084.8,887.6,1102.5,649.1,991.5,4068,9,991.4,4591,14,991.3,2276,9,991.2,1644,15,991.1,1465,8,991.9,481,2,992.0,1296,7,992.1,986,6,992.2,958,16,992.3,1062,11
317,2025-11-26 09:32:54+05:30,992.4,40,988.72,839403,334311.0,279946.0,986.2,992.9,981.3,986.2,118218000,1084.8,887.6,1102.5,649.1,991.5,4068,9,991.4,4591,14,991.3,2276,9,991.2,1644,15,991.1,1465,8,991.9,481,2,992.0,1296,7,992.1,986,6,992.2,958,16,992.3,1062,11
317,2025-11-26 09:32:55+05:30,992.1,58,988.73,842619,336464.0,270704.0,986.2,992.9,981.3,986.2,118218000,1084.8,887.6,1102.5,649.1,992.1,313,3,992.0,1094,5,991.9,2791,9,991.8,4968,12,991.7,2404,11,992.4,501,1,992.5,1159,4,992.6,532,3,992.7,599,5,992.8,1677,10
317,2025-11-26 09:32:55+05:30,992.0,8,988.73,842619,336464.0,270704.0,986.2,992.9,981.3,986.2,118218000,1084.8,887.6,1102.5,649.1,992.1,313,3,992.0,1094,5,991.9,2791,9,991.8,4968,12,991.7,2404,11,992.4,501,1,992.5,1159,4,992.6,532,3,992.7,599,5,992.8,1677,10
317,2025-11-26 09:32:56+05:30,991.8,57,988.73,843577,333087.0,274182.0,986.2,992.9,981.3,986.2,118218000,1084.8,887.6,1102.5,649.1,991.9,322,4,991.8,4118,10,991.7,2369,10,991.6,3764,10,991.5,2041,18,992.3,527,2,992.4,775,4,992.5,1606,9,992.6,842,10,992.7,1795,11
317,2025-11-26 09:32:56+05:30,991.8,57,988.73,843577,333087.0,274182.0,986.2,992.9,981.3,986.2,118218000,1084.8,887.6,1102.5,649.1,991.9,322,4,991.8,4118,10,991.7,2369,10,991.6,3764,10,991.5,2041,18,992.3,527,2,992.4,775,4,992.5,1606,9,992.6,842,10,992.7,1795,11
317,2025-11-26 09:32:57+05:30,991.9,83,988.74,843847,333475.0,274644.0,986.2,992.9,981.3,986.2,118218000,1084.8,887.6,1102.5,649.1,991.9,13,1,991.8,3312,8,991.7,3618,9,991.6,4031,15,991.5,2002,15,992.3,527,2,992.4,1088,7,992.5,1606,9,992.6,719,8,992.7,1892,14
317,2025-11-26 09:32:57+05:30,991.9,13,988.74,843847,333475.0,274644.0,986.2,992.9,981.3,986.2,118218000,1084.8,887.6,1102.5,649.1,991.9,13,1,991.8,3312,8,991.7,3618,9,991.6,4031,15,991.5,2002,15,992.3,527,2,992.4,1088,7,992.5,1606,9,992.6,719,8,992.7,1892,14
317,2025-11-26 09:32:58+05:30,991.8,43,988.74,844004,328827.0,277038.0,986.2,992.9,981.3,986.2,118218000,1084.8,887.6,1102.5,649.1,991.7,1624,5,991.6,4248,11,991.5,2329,9,991.4,2262,16,991.3,1528,8,992.2,151,3,992.3,1545,8,992.4,1881,15,992.5,2144,14,992.6,1553,13
317,2025-11-26 09:32:58+05:30,991.8,43,988.74,844004,328827.0,277038.0,986.2,992.9,981.3,986.2,118218000,1084.8,887.6,1102.5,649.1,991.7,1624,5,991.6,4248,11,991.5,2329,9,991.4,2262,16,991.3,1528,8,992.2,151,3,992.3,1545,8,992.4,1881,15,992.5,2144,14,992.6,1553,13
317,2025-11-26 09:32:59+05:30,991.8,43,988.74,844004,328103.0,277138.0,986.2,992.9,981.3,986.2,118218000,1084.8,887.6,1102.5,649.1,991.7,874,4,991.6,4248,11,991.5,2329,9,991.4,2262,16,991.3,1528,8,992.2,85,4,992.3,1468,7,992.4,1881,15,992.5,2144,14,992.6,1769,16
317,2025-11-26 09:33:00+05:30,991.8,1,988.74,844005,333036.0,276693.0,986.2,992.9,981.3,986.2,118218000,1084.8,887.6,1102.5,649.1,991.8,3876,7,991.7,2847,10,991.6,2846,10,991.5,1519,8,991.4,681,11,992.2,287,3,992.3,833,4,992.4,1521,9,992.5,2102,14,992.6,1053,12
317,2025-11-26 09:33:00+05:30,991.8,1,988.74,844005,333036.0,276693.0,986.2,992.9,981.3,986.2,118218000,1084.8,887.6,1102.5,649.1,991.8,3876,7,991.7,2847,10,991.6,2846,10,991.5,1519,8,991.4,681,11,992.2,287,3,992.3,833,4,992.4,1521,9,992.5,2102,14,992.6,1053,12
317,2025-11-26 09:33:01+05:30,992.0,199,988.74,844205,333715.0,277082.0,986.2,992.9,981.3,986.2,118218000,1084.8,887.6,1102.5,649.1,991.8,3729,7,991.7,2783,7,991.6,2070,7,991.5,3017,9,991.4,1364,9,992.2,139,3,992.3,835,4,992.4,1750,13,992.5,2049,14,992.6,1271,15
317,2025-11-26 09:33:01+05:30,992.0,199,988.74,844205,333715.0,277082.0,986.2,992.9,981.3,986.2,118218000,1084.8,887.6,1102.5,649.1,991.8,3729,7,991.7,2783,7,991.6,2070,7,991.5,3017,9,991.4,1364,9,992.2,139,3,992.3,835,4,992.4,1750,13,992.5,2049,14,992.6,1271,15
317,2025-11-26 09:33:02+05:30,992.4,154,988.74,844205,333715.0,277082.0,986.2,992.9,981.3,986.2,118218000,1084.8,887.6,1102.5,649.1,991.8,3729,7,991.7,2783,7,991.6,2070,7,991.5,3017,9,991.4,1364,9,992.2,139,3,992.3,835,4,992.4,1750,13,992.5,2049,14,992.6,1271,15
317,2025-11-26 09:33:03+05:30,992.4,154,988.74,845505,334628.0,274715.0,986.2,992.9,981.3,986.2,118218000,1084.8,887.6,1102.5,649.1,991.9,2920,6,991.8,4162,11,991.7,3732,14,991.6,1399,11,991.5,1768,10,992.3,24,1,992.4,1098,6,992.5,1802,10,992.6,956,11,992.7,1404,13
317,2025-11-26 09:33:03+05:30,991.9,270,988.74,845505,334628.0,274715.0,986.2,992.9,981.3,986.2,118218000,1084.8,887.6,1102.5,649.1,991.9,2920,6,991.8,4162,11,991.7,3732,14,991.6,1399,11,991.5,1768,10,992.3,24,1,992.4,1098,6,992.5,1802,10,992.6,956,11,992.7,1404,13
317,2025-11-26 09:33:04+05:30,991.9,270,988.74,845876,334971.0,274846.0,986.2,992.9,981.3,986.2,118218000,1084.8,887.6,1102.5,649.1,991.9,2592,8,991.8,3716,12,991.7,4015,15,991.6,2149,12,991.5,1970,11,992.3,24,1,992.4,1159,6,992.5,1650,10,992.6,968,12,992.7,1426,13
317,2025-11-26 09:33:04+05:30,992.3,25,988.74,845876,334971.0,274846.0,986.2,992.9,981.3,986.2,118218000,1084.8,887.6,1102.5,649.1,991.9,2592,8,991.8,3716,12,991.7,4015,15,991.6,2149,12,991.5,1970,11,992.3,24,1,992.4,1159,6,992.5,1650,10,992.6,968,12,992.7,1426,13
317,2025-11-26 09:33:05+05:30,992.4,78,988.74,846001,335231.0,275465.0,986.2,992.9,981.3,986.2,118218000,1084.8,887.6,1102.5,649.1,991.9,2563,7,991.8,4466,13,991.7,4015,15,991.6,1399,11,991.5,1970,11,992.3,1,1,992.4,1514,6,992.5,1527,8,992.6,942,11,992.7,1549,15
317,2025-11-26 09:33:05+05:30,991.9,99,988.74,846001,335231.0,275465.0,986.2,992.9,981.3,986.2,118218000,1084.8,887.6,1102.5,649.1,991.9,2563,7,991.8,4466,13,991.7,4015,15,991.6,1399,11,991.5,1970,11,992.3,1,1,992.4,1514,6,992.5,1527,8,992.6,942,11,992.7,1549,15
317,2025-11-26 09:33:06+05:30,992.4,1,988.74,846105,329634.0,275553.0,986.2,992.9,981.3,986.2,118218000,1084.8,887.6,1102.5,649.1,991.9,1792,4,991.8,4213,11,991.7,3054,12,991.6,2413,15,991.5,1970,11,992.4,1810,10,992.5,1747,12,992.6,845,12,992.7,2014,12,992.8,2296,20
317,2025-11-26 09:33:06+05:30,992.0,5,988.74,846105,329634.0,275553.0,986.2,992.9,981.3,986.2,118218000,1084.8,887.6,1102.5,649.1,991.9,1792,4,991.8,4213,11,991.7,3054,12,991.6,2413,15,991.5,1970,11,992.4,1810,10,992.5,1747,12,992.6,845,12,992.7,2014,12,992.8,2296,20
317,2025-11-26 09:33:07+05:30,992.0,5,988.74,846110,332794.0,275815.0,986.2,992.9,981.3,986.2,118218000,1084.8,887.6,1102.5,649.1,991.9,1792,4,991.8,4213,11,991.7,3921,14,991.6,1542,13,991.5,1972,11,992.4,1758,7,992.5,1851,11,992.6,889,11,992.7,2070,18,992.8,2301,16
317,2025-11-26 09:33:08+05:30,991.9,202,988.75,846712,332422.0,275721.0,986.2,992.9,981.3,986.2,118218000,1084.8,887.6,1102.5,649.1,991.9,2699,9,991.8,3353,10,991.7,3799,13,991.6,1530,12,991.5,1972,11,992.4,1499,6,992.5,1726,7,992.6,930,10,992.7,1478,12,992.8,2706,18
317,2025-11-26 09:33:08+05:30,992.0,8,988.75,846712,332422.0,275721.0,986.2,992.9,981.3,986.2,118218000,1084.8,887.6,1102.5,649.1,991.9,2699,9,991.8,3353,10,991.7,3799,13,991.6,1530,12,991.5,1972,11,992.4,1499,6,992.5,1726,7,992.6,930,10,992.7,1478,12,992.8,2706,18
317,2025-11-26 09:33:09+05:30,992.0,270,988.75,848412,333960.0,275072.0,986.2,992.9,981.3,986.2,118218000,1084.8,887.6,1102.5,649.1,992.0,2607,4,991.9,4331,13,991.8,2104,15,991.7,2271,8,991.6,1465,8,992.4,284,3,992.5,1679,6,992.6,715,9,992.7,1630,20,992.8,2970,19
317,2025-11-26 09:33:09+05:30,992.4,2,988.75,848412,333960.0,275072.0,986.2,992.9,981.3,986.2,118218000,1084.8,887.6,1102.5,649.1,992.0,2607,4,991.9,4331,13,991.8,2104,15,991.7,2271,8,991.6,1465,8,992.4,284,3,992.5,1679,6,992.6,715,9,992.7,1630,20,992.8,2970,19
317,2025-11-26 09:33:10+05:30,992.0,270,988.75,848684,331853.0,275383.0,986.2,992.9,981.3,986.2,118218000,1084.8,887.6,1102.5,649.1,992.0,100,2,991.9,3178,6,991.8,3442,10,991.7,2273,9,991.6,2203,8,992.4,528,7,992.5,1902,9,992.6,946,11,992.7,1521,20,992.8,2859,19
317,2025-11-26 09:33:10+05:30,992.0,6,988.75,848684,331853.0,275383.0,986.2,992.9,981.3,986.2,118218000,1084.8,887.6,1102.5,649.1,992.0,100,2,991.9,3178,6,991.8,3442,10,991.7,2273,9,991.6,2203,8,992.4,528,7,992.5,1902,9,992.6,946,11,992.7,1521,20,992.8,2859,19
317,2025-11-26 09:33:11+05:30,992.0,6,988.76,848777,333174.0,275311.0,986.2,992.9,981.3,986.2,118218000,1084.8,887.6,1102.5,649.1,992.0,21,2,991.9,3977,9,991.8,3430,9,991.7,3128,17,991.6,1453,7,992.4,528,7,992.5,1738,8,992.6,1110,12,992.7,1404,12,992.8,2859,19
317,2025-11-26 09:33:11+05:30,992.4,1,988.76,848777,333174.0,275311.0,986.2,992.9,981.3,986.2,118218000,1084.8,887.6,1102.5,649.1,992.0,21,2,991.9,3977,9,991.8,3430,9,991.7,3128,17,991.6,1453,7,992.4,528,7,992.5,1738,8,992.6,1110,12,992.7,1404,12,992.8,2859,19
317,2025-11-26 09:33:12+05:30,992.4,1,988.76,848778,332614.0,275482.0,986.2,992.9,981.3,986.2,118218000,1084.8,887.6,1102.5,649.1,992.0,21,2,991.9,4169,10,991.8,3430,9,991.7,2378,16,991.6,2203,8,992.4,442,6,992.5,1738,8,992.6,1110,12,992.7,1521,20,992.8,2859,19
317,2025-11-26 09:33:12+05:30,992.4,1,988.76,848778,332614.0,275482.0,986.2,992.9,981.3,986.2,118218000,1084.8,887.6,1102.5,649.1,992.0,21,2,991.9,4169,10,991.8,3430,9,991.7,2378,16,991.6,2203,8,992.4,442,6,992.5,1738,8,992.6,1110,12,992.7,1521,20,992.8,2859,19
317,2025-11-26 09:33:13+05:30,992.4,1,988.76,848779,332823.0,275536.0,986.2,992.9,981.3,986.2,118218000,1084.8,887.6,1102.5,649.1,992.0,31,3,991.9,3993,8,991.8,3584,9,991.7,3138,17,991.6,1453,7,992.4,719,8,992.5,1902,9,992.6,808,12,992.7,1495,18,992.8,2859,19
317,2025-11-26 09:33:14+05:30,992.4,1,988.76,848779,333812.0,275460.0,986.2,992.9,981.3,986.2,118218000,1084.8,887.6,1102.5,649.1,992.1,112,1,992.0,32,4,991.9,4225,10,991.8,3584,9,991.7,3138,17,992.4,441,6,992.5,2017,9,992.6,808,12,992.7,1495,18,992.8,2858,19
317,2025-11-26 09:33:15+05:30,992.4,15,988.76,848795,334148.0,275424.0,986.2,992.9,981.3,986.2,118218000,1084.8,887.6,1102.5,649.1,992.1,112,1,992.0,32,4,991.9,4225,10,991.8,3652,10,991.7,3138,17,992.4,293,5,992.5,1689,7,992.6,1110,12,992.7,1521,20,992.8,2858,19
317,2025-11-26 09:33:15+05:30,992.4,15,988.76,848795,334148.0,275424.0,986.2,992.9,981.3,986.2,118218000,1084.8,887.6,1102.5,649.1,992.1,112,1,992.0,32,4,991.9,4225,10,991.8,3652,10,991.7,3138,17,992.4,293,5,992.5,1689,7,992.6,1110,12,992.7,1521,20,992.8,2858,19
317,2025-11-26 09:33:16+05:30,992.4,15,988.76,848795,331187.0,275638.0,986.2,992.9,981.3,986.2,118218000,1084.8,887.6,1102.5,649.1,992.1,133,2,992.0,11,2,991.9,1734,5,991.8,2914,10,991.7,2291,9,992.4,293,5,992.5,2066,10,992.6,782,10,992.7,2021,21,992.8,2370,19
317,2025-11-26 09:33:17+05:30,992.1,106,988.76,848795,331187.0,275638.0,986.2,992.9,981.3,986.2,118218000,1084.8,887.6,1102.5,649.1,992.1,133,2,992.0,11,2,991.9,1734,5,991.8,2914,10,991.7,2291,9,992.4,293,5,992.5,2066,10,992.6,782,10,992.7,2021,21,992.8,2370,19
317,2025-11-26 09:33:17+05:30,992.1,106,988.76,848916,330354.0,275381.0,986.2,992.9,981.3,986.2,118218000,1084.8,887.6,1102.5,649.1,992.1,40,3,992.0,13,3,991.9,984,4,991.8,3636,11,991.7,2341,10,992.4,473,6,992.5,1864,8,992.6,703,8,992.7,1941,19,992.8,2138,17
317,2025-11-26 09:33:18+05:30,992.4,5,988.76,848916,330354.0,275381.0,986.2,992.9,981.3,986.2,118218000,1084.8,887.6,1102.5,649.1,992.1,40,3,992.0,13,3,991.9,984,4,991.8,3636,11,991.7,2341,10,992.4,473,6,992.5,1864,8,992.6,703,8,992.7,1941,19,992.8,2138,17
317,2025-11-26 09:33:18+05:30,992.4,5,988.76,848921,331286.0,276621.0,986.2,992.9,981.3,986.2,118218000,1084.8,887.6,1102.5,649.1,992.1,40,3,992.0,13,3,991.9,1243,6,991.8,3664,11,991.7,2505,11,992.4,481,7,992.5,2056,9,992.6,739,11,992.7,1927,18,992.8,2357,19
317,2025-11-26 09:33:19+05:30,992.4,5,988.76,848921,331491.0,276993.0,986.2,992.9,981.3,986.2,118218000,1084.8,887.6,1102.5,649.1,992.1,40,3,992.0,13,3,991.9,1243,6,991.8,3664,11,991.7,3255,12,992.4,1175,9,992.5,2056,9,992.6,713,9,992.7,2020,21,992.8,2357,19
317,2025-11-26 09:33:20+05:30,992.4,55,988.76,848921,331491.0,276993.0,986.2,992.9,981.3,986.2,118218000,1084.8,887.6,1102.5,649.1,992.1,40,3,992.0,13,3,991.9,1243,6,991.8,3664,11,991.7,3255,12,992.4,1175,9,992.5,2056,9,992.6,713,9,992.7,2020,21,992.8,2357,19
317,2025-11-26 09:33:20+05:30,992.4,55,988.76,848976,341225.0,274645.0,986.2,992.9,981.3,986.2,118218000,1084.8,887.6,1102.5,649.1,992.3,6,1,992.2,3000,4,992.1,1684,6,992.0,921,6,991.9,1958,8,992.4,918,8,992.5,1286,4,992.6,122,5,992.7,1165,7,992.8,1122,14
317,2025-11-26 09:33:21+05:30,992.4,226,988.76,848976,341225.0,274645.0,986.2,992.9,981.3,986.2,118218000,1084.8,887.6,1102.5,649.1,992.3,6,1,992.2,3000,4,992.1,1684,6,992.0,921,6,991.9,1958,8,992.4,918,8,992.5,1286,4,992.6,122,5,992.7,1165,7,992.8,1122,14
317,2025-11-26 09:33:21+05:30,992.4,226,988.76,849726,343412.0,273762.0,986.2,992.9,981.3,986.2,118218000,1084.8,887.6,1102.5,649.1,992.3,6,1,992.1,320,5,992.0,1638,8,991.9,2646,11,991.8,3498,10,992.4,253,5,992.5,1196,3,992.6,387,6,992.7,610,6,992.8,1208,20
317,2025-11-26 09:33:22+05:30,992.4,6,988.76,849726,343412.0,273762.0,986.2,992.9,981.3,986.2,118218000,1084.8,887.6,1102.5,649.1,992.3,6,1,992.1,320,5,992.0,1638,8,991.9,2646,11,991.8,3498,10,992.4,253,5,992.5,1196,3,992.6,387,6,992.7,610,6,992.8,1208,20
317,2025-11-26 09:33:22+05:30,992.1,182,988.76,850012,343417.0,276174.0,986.2,992.9,981.3,986.2,118218000,1084.8,887.6,1102.5,649.1,992.3,34,1,992.1,98,2,992.0,1920,10,991.9,2728,12,991.8,3698,11,992.4,237,5,992.5,1196,3,992.6,727,8,992.7,668,8,992.8,2307,21
317,2025-11-26 09:33:23+05:30,992.4,1,988.76,850012,343417.0,276174.0,986.2,992.9,981.3,986.2,118218000,1084.8,887.6,1102.5,649.1,992.3,34,1,992.1,98,2,992.0,1920,10,991.9,2728,12,991.8,3698,11,992.4,237,5,992.5,1196,3,992.6,727,8,992.7,668,8,992.8,2307,21
317,2025-11-26 09:33:23+05:30,992.3,34,988.76,850147,343717.0,276041.0,986.2,992.9,981.3,986.2,118218000,1084.8,887.6,1102.5,649.1,992.1,147,3,992.0,2717,14,991.9,2469,10,991.8,3737,11,991.7,2966,12,992.4,136,5,992.5,1205,4,992.6,400,5,992.7,891,7,992.8,2452,20
317,2025-11-26 09:33:24+05:30,992.3,34,988.76,850147,343717.0,276041.0,986.2,992.9,981.3,986.2,118218000,1084.8,887.6,1102.5,649.1,992.1,147,3,992.0,2717,14,991.9,2469,10,991.8,3737,11,991.7,2966,12,992.4,136,5,992.5,1205,4,992.6,400,5,992.7,891,7,992.8,2452,20
317,2025-11-26 09:33:24+05:30,992.4,5,988.76,850251,342315.0,275950.0,986.2,992.9,981.3,986.2,118218000,1084.8,887.6,1102.5,649.1,992.0,2419,12,991.9,2671,12,991.8,3737,11,991.7,2957,12,991.6,5080,14,992.4,40,5,992.5,1196,3,992.6,449,6,992.7,752,7,992.8,2623,23
317,2025-11-26 09:33:25+05:30,992.4,5,988.76,850251,342315.0,275950.0,986.2,992.9,981.3,986.2,118218000,1084.8,887.6,1102.5,649.1,992.0,2419,12,991.9,2671,12,991.8,3737,11,991.7,2957,12,991.6,5080,14,992.4,40,5,992.5,1196,3,992.6,449,6,992.7,752,7,992.8,2623,23
317,2025-11-26 09:33:25+05:30,992.4,5,988.76,850251,342542.0,275891.0,986.2,992.9,981.3,986.2,118218000,1084.8,887.6,1102.5,649.1,992.0,2384,12,991.9,2671,12,991.8,3737,11,991.7,2957,12,991.6,5080,14,992.4,40,5,992.5,1196,3,992.6,445,5,992.7,1266,10,992.8,2623,23
317,2025-11-26 09:33:26+05:30,992.0,1,988.76,850281,342643.0,275704.0,986.2,992.9,981.3,986.2,118218000,1084.8,887.6,1102.5,649.1,992.0,2306,8,991.9,2321,10,991.8,3885,12,991.7,2957,12,991.6,5080,14,992.4,78,6,992.5,1345,5,992.6,510,6,992.7,850,12,992.8,2597,21
317,2025-11-26 09:33:27+05:30,992.0,1,988.76,850281,342643.0,275704.0,986.2,992.9,981.3,986.2,118218000,1084.8,887.6,1102.5,649.1,992.0,2306,8,991.9,2321,10,991.8,3885,12,991.7,2957,12,991.6,5080,14,992.4,78,6,992.5,1345,5,992.6,510,6,992.7,850,12,992.8,2597,21
317,2025-11-26 09:33:27+05:30,992.0,1,988.76,850281,342649.0,275737.0,986.2,992.9,981.3,986.2,118218000,1084.8,887.6,1102.5,649.1,992.1,202,1,992.0,2366,9,991.9,2119,9,991.8,3835,11,991.7,2977,13,992.4,78,6,992.5,1358,6,992.6,732,6,992.7,850,12,992.8,2301,19
317,2025-11-26 09:33:28+05:30,992.4,2,988.76,850283,342546.0,275682.0,986.2,992.9,981.3,986.2,118218000,1084.8,887.6,1102.5,649.1,992.1,216,2,992.0,2503,11,991.9,2267,10,991.8,3687,10,991.7,2977,13,992.4,76,6,992.5,1201,4,992.6,889,8,992.7,850,12,992.8,2301,19
317,2025-11-26 09:33:29+05:30,992.4,2,988.76,850283,342546.0,275682.0,986.2,992.9,981.3,986.2,118218000,1084.8,887.6,1102.5,649.1,992.1,216,2,992.0,2503,11,991.9,2267,10,991.8,3687,10,991.7,2977,13,992.4,76,6,992.5,1201,4,992.6,889,8,992.7,850,12,992.8,2301,19
317,2025-11-26 09:33:30+05:30,992.4,2,988.76,850283,342492.0,275951.0,986.2,992.9,981.3,986.2,118218000,1084.8,887.6,1102.5,649.1,992.1,216,2,992.0,2370,9,991.9,2004,7,991.8,3835,11,991.7,2953,11,992.4,76,6,992.5,1541,6,992.6,593,6,992.7,1194,12,992.8,2317,21
317,2025-11-26 09:33:31+05:30,992.4,2,988.76,850283,342568.0,275953.0,986.2,992.9,981.3,986.2,118218000,1084.8,887.6,1102.5,649.1,992.1,216,2,992.0,2370,9,991.9,2117,9,991.8,3835,11,991.7,2966,12,992.4,76,6,992.5,1541,6,992.6,593,6,992.7,1769,13,992.8,2317,21
317,2025-11-26 09:33:32+05:30,992.4,2,988.76,850283,344599.0,275641.0,986.2,992.9,981.3,986.2,118218000,1084.8,887.6,1102.5,649.1,992.3,10,1,992.1,216,2,992.0,3335,12,991.9,2077,9,991.8,3687,10,992.4,44,5,992.5,1687,8,992.6,593,6,992.7,733,9,992.8,2315,21
317,2025-11-26 09:33:33+05:30,992.4,5,988.76,850283,344599.0,275641.0,986.2,992.9,981.3,986.2,118218000,1084.8,887.6,1102.5,649.1,992.3,10,1,992.1,216,2,992.0,3335,12,991.9,2077,9,991.8,3687,10,992.4,44,5,992.5,1687,8,992.6,593,6,992.7,733,9,992.8,2315,21
317,2025-11-26 09:33:33+05:30,992.4,5,988.76,850288,342207.0,275867.0,986.2,992.9,981.3,986.2,118218000,1084.8,887.6,1102.5,649.1,992.3,10,1,992.1,216,2,992.0,3271,11,991.9,2077,9,991.8,3687,10,992.4,39,5,992.5,1883,10,992.6,657,7,992.7,733,9,992.8,2315,21
317,2025-11-26 09:33:34+05:30,992.4,18,988.76,850288,342207.0,275867.0,986.2,992.9,981.3,986.2,118218000,1084.8,887.6,1102.5,649.1,992.3,10,1,992.1,216,2,992.0,3271,11,991.9,2077,9,991.8,3687,10,992.4,39,5,992.5,1883,10,992.6,657,7,992.7,733,9,992.8,2315,21
317,2025-11-26 09:33:34+05:30,992.4,18,988.76,850589,339188.0,273494.0,986.2,992.9,981.3,986.2,118218000,1084.8,887.6,1102.5,649.1,992.4,11,1,992.3,16,2,992.1,598,4,992.0,3686,15,991.9,1371,9,992.5,1353,6,992.6,615,4,992.7,633,5,992.8,1096,21,992.9,2146,21
317,2025-11-26 09:33:35+05:30,992.3,4,988.76,850589,339188.0,273494.0,986.2,992.9,981.3,986.2,118218000,1084.8,887.6,1102.5,649.1,992.4,11,1,992.3,16,2,992.1,598,4,992.0,3686,15,991.9,1371,9,992.5,1353,6,992.6,615,4,992.7,633,5,992.8,1096,21,992.9,2146,21
317,2025-11-26 09:33:35+05:30,992.3,4,988.76,850614,341543.0,273868.0,986.2,992.9,981.3,986.2,118218000,1084.8,887.6,1102.5,649.1,992.4,4,1,992.3,2,1,992.1,202,1,992.0,5186,17,991.9,3637,14,992.5,1221,5,992.6,807,5,992.7,633,5,992.8,862,18,992.9,1646,20
317,2025-11-26 09:33:36+05:30,992.3,4,988.76,850614,339224.0,274595.0,986.2,992.9,981.3,986.2,118218000,1084.8,887.6,1102.5,649.1,992.4,4,1,992.3,2,1,992.1,202,1,992.0,3740,18,991.9,2881,12,992.5,1353,6,992.6,807,5,992.7,696,6,992.8,999,20,992.9,2204,22
317,2025-11-26 09:33:37+05:30,992.5,100,988.76,850614,339224.0,274595.0,986.2,992.9,981.3,986.2,118218000,1084.8,887.6,1102.5,649.1,992.4,4,1,992.3,2,1,992.1,202,1,992.0,3740,18,991.9,2881,12,992.5,1353,6,992.6,807,5,992.7,696,6,992.8,999,20,992.9,2204,22
317,2025-11-26 09:33:37+05:30,992.5,100,988.76,850729,341832.0,274101.0,986.2,992.9,981.3,986.2,118218000,1084.8,887.6,1102.5,649.1,992.4,226,3,992.1,458,4,992.0,5990,21,991.9,3681,14,991.8,1513,10,992.5,1106,5,992.6,478,3,992.7,721,5,992.8,895,18,992.9,1696,21
317,2025-11-26 09:33:38+05:30,992.5,100,988.76,850729,341754.0,274445.0,986.2,992.9,981.3,986.2,118218000,1084.8,887.6,1102.5,649.1,992.4,232,4,992.1,458,4,992.0,6009,22,991.9,3679,13,991.8,1513,10,992.5,1401,6,992.6,615,4,992.7,633,5,992.8,895,18,992.9,1696,21
317,2025-11-26 09:33:39+05:30,992.5,40,988.76,850729,341754.0,274445.0,986.2,992.9,981.3,986.2,118218000,1084.8,887.6,1102.5,649.1,992.4,232,4,992.1,458,4,992.0,6009,22,991.9,3679,13,991.8,1513,10,992.5,1401,6,992.6,615,4,992.7,633,5,992.8,895,18,992.9,1696,21
317,2025-11-26 09:33:39+05:30,992.5,100,988.76,850970,343633.0,274254.0,986.2,992.9,981.3,986.2,118218000,1084.8,887.6,1102.5,649.1,992.4,231,4,992.1,458,4,992.0,5509,21,991.9,3679,13,991.8,1513,10,992.5,1161,5,992.6,487,4,992.7,770,6,992.8,880,17,992.9,1711,22
317,2025-11-26 09:33:40+05:30,992.5,100,988.76,850970,343633.0,274254.0,986.2,992.9,981.3,986.2,118218000,1084.8,887.6,1102.5,649.1,992.4,231,4,992.1,458,4,992.0,5509,21,991.9,3679,13,991.8,1513,10,992.5,1161,5,992.6,487,4,992.7,770,6,992.8,880,17,992.9,1711,22
317,2025-11-26 09:33:40+05:30,992.5,100,988.76,850970,344545.0,274262.0,986.2,992.9,981.3,986.2,118218000,1084.8,887.6,1102.5,649.1,992.4,231,4,992.3,61,1,992.2,61,1,992.1,777,6,992.0,5516,23,992.5,1161,5,992.6,347,3,992.7,721,5,992.8,808,15,992.9,1701,21
317,2025-11-26 09:33:41+05:30,992.4,132,988.76,850970,344545.0,274262.0,986.2,992.9,981.3,986.2,118218000,1084.8,887.6,1102.5,649.1,992.4,231,4,992.3,61,1,992.2,61,1,992.1,777,6,992.0,5516,23,992.5,1161,5,992.6,347,3,992.7,721,5,992.8,808,15,992.9,1701,21
317,2025-11-26 09:33:41+05:30,992.4,132,988.77,851105,344816.0,274103.0,986.2,992.9,981.3,986.2,118218000,1084.8,887.6,1102.5,649.1,992.4,121,4,992.2,447,2,992.1,635,5,992.0,6260,23,991.9,3881,14,992.5,1161,5,992.6,65,2,992.7,848,6,992.8,808,15,992.9,1798,22
317,2025-11-26 09:33:42+05:30,992.5,20,988.77,851105,344816.0,274103.0,986.2,992.9,981.3,986.2,118218000,1084.8,887.6,1102.5,649.1,992.4,121,4,992.2,447,2,992.1,635,5,992.0,6260,23,991.9,3881,14,992.5,1161,5,992.6,65,2,992.7,848,6,992.8,808,15,992.9,1798,22
317,2025-11-26 09:33:42+05:30,992.5,100,988.77,851366,344983.0,274622.0,986.2,992.9,981.3,986.2,118218000,1084.8,887.6,1102.5,649.1,992.1,406,4,992.0,6567,25,991.9,3987,14,991.8,2263,11,991.7,1446,9,992.5,1021,5,992.6,196,3,992.7,767,7,992.8,1165,18,992.9,1798,22
317,2025-11-26 09:33:43+05:30,992.5,100,988.77,851366,344983.0,274622.0,986.2,992.9,981.3,986.2,118218000,1084.8,887.6,1102.5,649.1,992.1,406,4,992.0,6567,25,991.9,3987,14,991.8,2263,11,991.7,1446,9,992.5,1021,5,992.6,196,3,992.7,767,7,992.8,1165,18,992.9,1798,22
317,2025-11-26 09:33:43+05:30,992.5,1,988.77,851367,347053.0,273708.0,986.2,992.9,981.3,986.2,118218000,1084.8,887.6,1102.5,649.1,992.2,392,4,992.1,3740,12,992.0,5795,27,991.9,3112,14,991.8,1487,8,992.5,1020,5,992.6,65,2,992.7,383,3,992.8,984,12,992.9,1906,24
317,2025-11-26 09:33:44+05:30,992.5,1,988.77,851367,347053.0,273708.0,986.2,992.9,981.3,986.2,118218000,1084.8,887.6,1102.5,649.1,992.2,392,4,992.1,3740,12,992.0,5795,27,991.9,3112,14,991.8,1487,8,992.5,1020,5,992.6,65,2,992.7,383,3,992.8,984,12,992.9,1906,24
317,2025-11-26 09:33:44+05:30,992.5,1,988.77,851368,347356.0,273705.0,986.2,992.9,981.3,986.2,118218000,1084.8,887.6,1102.5,649.1,992.2,392,4,992.1,3740,12,992.0,5795,27,991.9,3112,14,991.8,1487,8,992.5,1019,5,992.6,65,2,992.7,383,3,992.8,984,12,992.9,1906,24
317,2025-11-26 09:33:45+05:30,992.5,8,988.77,853153,345617.0,269764.0,986.2,992.9,981.3,986.2,118218000,1084.8,887.6,1102.5,649.1,992.3,661,7,992.2,4414,11,992.1,3121,12,992.0,3683,24,991.9,1734,10,992.8,206,5,992.9,1100,9,993.0,5599,22,993.1,1120,14,993.2,1490,11
317,2025-11-26 09:33:46+05:30,992.5,8,988.77,853153,345617.0,269764.0,986.2,992.9,981.3,986.2,118218000,1084.8,887.6,1102.5,649.1,992.3,661,7,992.2,4414,11,992.1,3121,12,992.0,3683,24,991.9,1734,10,992.8,206,5,992.9,1100,9,993.0,5599,22,993.1,1120,14,993.2,1490,11
317,2025-11-26 09:33:46+05:30,992.3,72,988.78,853693,343908.0,272337.0,986.2,992.9,981.3,986.2,118218000,1084.8,887.6,1102.5,649.1,992.2,1872,6,992.1,2817,9,992.0,4369,27,991.9,1760,12,991.8,1542,9,992.7,41,2,992.8,257,7,992.9,1812,15,993.0,6746,27,993.1,879,16
317,2025-11-26 09:33:47+05:30,992.3,72,988.78,853693,343908.0,272337.0,986.2,992.9,981.3,986.2,118218000,1084.8,887.6,1102.5,649.1,992.2,1872,6,992.1,2817,9,992.0,4369,27,991.9,1760,12,991.8,1542,9,992.7,41,2,992.8,257,7,992.9,1812,15,993.0,6746,27,993.1,879,16
317,2025-11-26 09:33:47+05:30,992.7,1,988.78,853697,343934.0,272292.0,986.2,992.9,981.3,986.2,118218000,1084.8,887.6,1102.5,649.1,992.4,27,1,992.3,2,1,992.2,1740,5,992.1,2956,10,992.0,4369,27,992.7,40,2,992.8,530,7,992.9,1680,14,993.0,6303,28,993.1,1380,17
317,2025-11-26 09:33:48+05:30,992.7,1,988.78,853697,343934.0,272292.0,986.2,992.9,981.3,986.2,118218000,1084.8,887.6,1102.5,649.1,992.4,27,1,992.3,2,1,992.2,1740,5,992.1,2956,10,992.0,4369,27,992.7,40,2,992.8,530,7,992.9,1680,14,993.0,6303,28,993.1,1380,17
317,2025-11-26 09:33:48+05:30,992.2,11,988.78,853748,344060.0,273181.0,986.2,992.9,981.3,986.2,118218000,1084.8,887.6,1102.5,649.1,992.4,13,1,992.3,125,1,992.2,2120,9,992.1,3442,9,992.0,3550,25,992.7,80,3,992.8,447,7,992.9,1680,14,993.0,6303,28,993.1,1320,17
317,2025-11-26 09:33:49+05:30,992.2,11,988.78,853748,344060.0,273181.0,986.2,992.9,981.3,986.2,118218000,1084.8,887.6,1102.5,649.1,992.4,13,1,992.3,125,1,992.2,2120,9,992.1,3442,9,992.0,3550,25,992.7,80,3,992.8,447,7,992.9,1680,14,993.0,6303,28,993.1,1320,17
317,2025-11-26 09:33:49+05:30,992.7,2,988.78,853751,343955.0,273098.0,986.2,992.9,981.3,986.2,118218000,1084.8,887.6,1102.5,649.1,992.4,13,1,992.2,1551,4,992.1,2824,9,992.0,4452,28,991.9,1730,11,992.7,77,3,992.8,424,8,992.9,1680,14,993.0,5972,27,993.1,1296,16
317,2025-11-26 09:33:50+05:30,992.7,2,988.78,853751,343955.0,273098.0,986.2,992.9,981.3,986.2,118218000,1084.8,887.6,1102.5,649.1,992.4,13,1,992.2,1551,4,992.1,2824,9,992.0,4452,28,991.9,1730,11,992.7,77,3,992.8,424,8,992.9,1680,14,993.0,5972,27,993.1,1296,16
317,2025-11-26 09:33:50+05:30,992.7,2,988.78,853751,343955.0,273098.0,986.2,992.9,981.3,986.2,118218000,1084.8,887.6,1102.5,649.1,992.4,13,1,992.2,1551,4,992.1,2824,9,992.0,4452,28,991.9,1730,11,992.7,77,3,992.8,424,8,992.9,1680,14,993.0,5972,27,993.1,1296,16
317,2025-11-26 09:33:51+05:30,992.4,1,988.78,853751,343955.0,273098.0,986.2,992.9,981.3,986.2,118218000,1084.8,887.6,1102.5,649.1,992.4,13,1,992.2,1551,4,992.1,2824,9,992.0,4452,28,991.9,1730,11,992.7,77,3,992.8,424,8,992.9,1680,14,993.0,5972,27,993.1,1296,16
317,2025-11-26 09:33:51+05:30,992.4,1,988.78,853761,344078.0,273451.0,986.2,992.9,981.3,986.2,118218000,1084.8,887.6,1102.5,649.1,992.4,12,1,992.2,1551,4,992.1,3382,9,992.0,3727,29,991.9,1730,11,992.7,68,3,992.8,626,9,992.9,1680,14,993.0,6472,28,993.1,796,15
317,2025-11-26 09:33:51+05:30,992.4,1,988.78,853761,344078.0,273451.0,986.2,992.9,981.3,986.2,118218000,1084.8,887.6,1102.5,649.1,992.4,12,1,992.2,1551,4,992.1,3382,9,992.0,3727,29,991.9,1730,11,992.7,68,3,992.8,626,9,992.9,1680,14,993.0,6472,28,993.1,796,15
317,2025-11-26 09:33:52+05:30,992.7,1,988.78,853761,344078.0,273451.0,986.2,992.9,981.3,986.2,118218000,1084.8,887.6,1102.5,649.1,992.4,12,1,992.2,1551,4,992.1,3382,9,992.0,3727,29,991.9,1730,11,992.7,68,3,992.8,626,9,992.9,1680,14,993.0,6472,28,993.1,796,15
317,2025-11-26 09:33:52+05:30,992.7,1,988.78,853763,344100.0,273469.0,986.2,992.9,981.3,986.2,118218000,1084.8,887.6,1102.5,649.1,992.4,12,1,992.2,1551,4,992.1,2632,8,992.0,4477,30,991.9,1730,11,992.7,66,3,992.8,626,9,992.9,1740,15,993.0,6432,26,993.1,796,15
317,2025-11-26 09:33:52+05:30,992.7,1,988.78,853763,344100.0,273469.0,986.2,992.9,981.3,986.2,118218000,1084.8,887.6,1102.5,649.1,992.4,12,1,992.2,1551,4,992.1,2632,8,992.0,4477,30,991.9,1730,11,992.7,66,3,992.8,626,9,992.9,1740,15,993.0,6432,26,993.1,796,15
317,2025-11-26 09:33:53+05:30,992.7,4,988.78,853763,344100.0,273469.0,986.2,992.9,981.3,986.2,118218000,1084.8,887.6,1102.5,649.1,992.4,12,1,992.2,1551,4,992.1,2632,8,992.0,4477,30,991.9,1730,11,992.7,66,3,992.8,626,9,992.9,1740,15,993.0,6432,26,993.1,796,15
317,2025-11-26 09:33:53+05:30,992.7,4,988.78,853763,344100.0,273469.0,986.2,992.9,981.3,986.2,118218000,1084.8,887.6,1102.5,649.1,992.4,12,1,992.2,1551,4,992.1,2632,8,992.0,4477,30,991.9,1730,11,992.7,66,3,992.8,626,9,992.9,1740,15,993.0,6432,26,993.1,796,15
317,2025-11-26 09:33:53+05:30,992.7,2,988.78,853834,343491.0,272583.0,986.2,992.9,981.3,986.2,118218000,1084.8,887.6,1102.5,649.1,992.6,112,1,992.5,75,1,992.4,12,1,992.3,216,3,992.2,1792,6,992.7,1,1,992.8,164,4,992.9,1390,11,993.0,5801,22,993.1,708,9
317,2025-11-26 09:33:53+05:30,992.7,2,988.78,853834,343491.0,272583.0,986.2,992.9,981.3,986.2,118239000,1084.8,887.6,1102.5,649.1,992.6,112,1,992.5,75,1,992.4,12,1,992.3,216,3,992.2,1792,6,992.7,1,1,992.8,164,4,992.9,1390,11,993.0,5801,22,993.1,708,9
317,2025-11-26 09:33:54+05:30,992.7,2,988.78,853834,343491.0,272583.0,986.2,992.9,981.3,986.2,118239000,1084.8,887.6,1102.5,649.1,992.6,112,1,992.5,75,1,992.4,12,1,992.3,216,3,992.2,1792,6,992.7,1,1,992.8,164,4,992.9,1390,11,993.0,5801,22,993.1,708,9
317,2025-11-26 09:33:54+05:30,992.6,40,988.78,853878,343542.0,272759.0,986.2,992.9,981.3,986.2,118239000,1084.8,887.6,1102.5,649.1,992.6,72,1,992.5,75,1,992.4,14,2,992.3,292,3,992.2,1792,6,992.7,3,1,992.8,384,6,992.9,1390,11,993.0,5850,23,993.1,1275,10
317,2025-11-26 09:33:55+05:30,992.8,2,988.78,853878,343542.0,272759.0,986.2,992.9,981.3,986.2,118239000,1084.8,887.6,1102.5,649.1,992.6,72,1,992.5,75,1,992.4,14,2,992.3,292,3,992.2,1792,6,992.7,3,1,992.8,384,6,992.9,1390,11,993.0,5850,23,993.1,1275,10
317,2025-11-26 09:33:55+05:30,992.8,2,988.78,854012,343346.0,274363.0,986.2,992.9,981.3,986.2,118239000,1084.8,887.6,1102.5,649.1,992.6,84,2,992.5,75,1,992.4,2,1,992.3,167,2,992.2,1918,8,992.7,20,1,992.8,28,1,992.9,1640,13,993.0,5676,21,993.1,1380,17
317,2025-11-26 09:33:56+05:30,992.8,2,988.78,854012,343344.0,275017.0,986.2,992.9,981.3,986.2,118239000,1084.8,887.6,1102.5,649.1,992.6,84,2,992.5,75,1,992.4,2,1,992.3,167,2,992.2,2592,9,992.7,40,2,992.8,153,2,992.9,1515,12,993.0,5677,22,993.1,1380,17
317,2025-11-26 09:33:57+05:30,992.6,2,988.78,854012,343344.0,275017.0,986.2,992.9,981.3,986.2,118239000,1084.8,887.6,1102.5,649.1,992.6,84,2,992.5,75,1,992.4,2,1,992.3,167,2,992.2,2592,9,992.7,40,2,992.8,153,2,992.9,1515,12,993.0,5677,22,993.1,1380,17
317,2025-11-26 09:33:57+05:30,992.5,16,988.78,854126,343512.0,275668.0,986.2,992.9,981.3,986.2,118239000,1084.8,887.6,1102.5,649.1,992.5,59,1,992.4,2,1,992.3,165,2,992.2,2600,9,992.1,2928,10,992.7,20,1,992.8,28,1,992.9,1515,12,993.0,6351,25,993.1,1380,17
317,2025-11-26 09:33:58+05:30,992.5,16,988.78,854126,343512.0,275668.0,986.2,992.9,981.3,986.2,118239000,1084.8,887.6,1102.5,649.1,992.5,59,1,992.4,2,1,992.3,165,2,992.2,2600,9,992.1,2928,10,992.7,20,1,992.8,28,1,992.9,1515,12,993.0,6351,25,993.1,1380,17
317,2025-11-26 09:33:58+05:30,992.9,1,988.78,854447,344755.0,275865.0,986.2,992.9,981.3,986.2,118239000,1084.8,887.6,1102.5,649.1,992.5,59,1,992.4,184,3,992.3,165,2,992.2,4962,12,992.1,2248,12,992.8,29,1,992.9,1270,13,993.0,6239,24,993.1,812,14,993.2,2122,12
317,2025-11-26 09:33:59+05:30,992.9,1,988.78,854447,344755.0,275865.0,986.2,992.9,981.3,986.2,118239000,1084.8,887.6,1102.5,649.1,992.5,59,1,992.4,184,3,992.3,165,2,992.2,4962,12,992.1,2248,12,992.8,29,1,992.9,1270,13,993.0,6239,24,993.1,812,14,993.2,2122,12
317,2025-11-26 09:33:59+05:30,992.9,1,988.78,854447,344718.0,275727.0,986.2,992.9,981.3,986.2,118239000,1084.8,887.6,1102.5,649.1,992.5,59,1,992.4,127,2,992.3,366,3,992.2,5062,13,992.1,2470,15,992.8,29,1,992.9,1270,13,993.0,6239,24,993.1,924,15,993.2,2122,12
317,2025-11-26 09:34:00+05:30,992.9,1,988.78,854447,344556.0,276206.0,986.2,992.9,981.3,986.2,118239000,1084.8,887.6,1102.5,649.1,992.5,59,1,992.4,2,1,992.3,214,3,992.2,5062,13,992.1,2345,14,992.9,1509,16,993.0,6171,24,993.1,1455,16,993.2,1635,11,993.3,1247,10
317,2025-11-26 09:34:01+05:30,992.8,4,988.78,854451,343220.0,276362.0,986.2,992.9,981.3,986.2,118239000,1084.8,887.6,1102.5,649.1,992.7,200,1,992.5,59,1,992.4,132,3,992.3,214,3,992.2,5062,13,992.8,28,1,992.9,1274,13,993.0,6268,25,993.1,1376,11,993.2,1714,16
317,2025-11-26 09:34:02+05:30,992.8,4,988.78,854451,343220.0,276362.0,986.2,992.9,981.3,986.2,118239000,1084.8,887.6,1102.5,649.1,992.7,200,1,992.5,59,1,992.4,132,3,992.3,214,3,992.2,5062,13,992.8,28,1,992.9,1274,13,993.0,6268,25,993.1,1376,11,993.2,1714,16
317,2025-11-26 09:34:03+05:30,992.8,4,988.78,854451,344747.0,275253.0,986.2,992.9,981.3,986.2,118239000,1084.8,887.6,1102.5,649.1,992.7,200,1,992.5,61,2,992.4,880,3,992.3,3116,9,992.2,3588,13,992.9,724,9,993.0,5889,22,993.1,965,10,993.2,1496,14,993.3,1247,10
317,2025-11-26 09:34:04+05:30,992.9,1,988.78,854451,344747.0,275253.0,986.2,992.9,981.3,986.2,118239000,1084.8,887.6,1102.5,649.1,992.7,200,1,992.5,61,2,992.4,880,3,992.3,3116,9,992.2,3588,13,992.9,724,9,993.0,5889,22,993.1,965,10,993.2,1496,14,993.3,1247,10
317,2025-11-26 09:34:04+05:30,992.9,1,988.78,855015,351540.0,273099.0,986.2,992.9,981.3,986.2,118239000,1084.8,887.6,1102.5,649.1,992.7,249,2,992.6,532,5,992.5,4072,16,992.4,4523,19,992.3,3225,12,992.9,11,1,993.0,5112,18,993.1,131,1,993.2,654,6,993.3,378,9
317,2025-11-26 09:34:05+05:30,993.0,1,988.78,855015,351540.0,273099.0,986.2,992.9,981.3,986.2,118239000,1084.8,887.6,1102.5,649.1,992.7,249,2,992.6,532,5,992.5,4072,16,992.4,4523,19,992.3,3225,12,992.9,11,1,993.0,5112,18,993.1,131,1,993.2,654,6,993.3,378,9
317,2025-11-26 09:34:05+05:30,993.0,1,988.78,855227,344025.0,272543.0,986.2,993.0,981.3,986.2,118239000,1084.8,887.6,1102.5,649.1,992.7,1166,7,992.6,4464,11,992.5,4046,17,992.4,3185,17,992.3,1630,10,992.9,25,1,993.0,4900,17,993.2,196,2,993.3,624,5,993.4,1062,9
317,2025-11-26 09:34:06+05:30,992.6,32,988.78,855227,344025.0,272543.0,986.2,993.0,981.3,986.2,118239000,1084.8,887.6,1102.5,649.1,992.7,1166,7,992.6,4464,11,992.5,4046,17,992.4,3185,17,992.3,1630,10,992.9,25,1,993.0,4900,17,993.2,196,2,993.3,624,5,993.4,1062,9
317,2025-11-26 09:34:06+05:30,992.9,4,988.78,855501,341501.0,273256.0,986.2,993.0,981.3,986.2,118239000,1084.8,887.6,1102.5,649.1,992.6,2032,7,992.5,3579,11,992.4,3678,19,992.3,2352,9,992.2,1553,10,992.9,21,1,993.0,4900,17,993.2,224,3,993.3,1161,9,993.4,1568,11
317,2025-11-26 09:34:07+05:30,992.9,40,988.78,855501,341501.0,273256.0,986.2,993.0,981.3,986.2,118239000,1084.8,887.6,1102.5,649.1,992.6,2032,7,992.5,3579,11,992.4,3678,19,992.3,2352,9,992.2,1553,10,992.9,21,1,993.0,4900,17,993.2,224,3,993.3,1161,9,993.4,1568,11
317,2025-11-26 09:34:07+05:30,992.8,2,988.79,855625,342472.0,273584.0,986.2,993.0,981.3,986.2,118239000,1084.8,887.6,1102.5,649.1,992.8,231,3,992.7,2703,8,992.6,5660,14,992.5,2285,11,992.4,1540,15,992.9,5,1,993.0,4900,17,993.2,196,2,993.3,1110,7,993.4,994,9
317,2025-11-26 09:34:08+05:30,993.0,2,988.79,855625,342472.0,273584.0,986.2,993.0,981.3,986.2,118239000,1084.8,887.6,1102.5,649.1,992.8,231,3,992.7,2703,8,992.6,5660,14,992.5,2285,11,992.4,1540,15,992.9,5,1,993.0,4900,17,993.2,196,2,993.3,1110,7,993.4,994,9
317,2025-11-26 09:34:08+05:30,993.0,100,988.79,855734,343484.0,272703.0,986.2,993.0,981.3,986.2,118239000,1084.8,887.6,1102.5,649.1,992.8,750,1,992.7,3059,10,992.6,5663,13,992.5,1532,11,992.4,2340,17,993.0,4796,17,993.2,14,1,993.3,972,6,993.4,1043,10,993.5,2523,15
317,2025-11-26 09:34:09+05:30,992.8,128,988.79,855734,343484.0,272703.0,986.2,993.0,981.3,986.2,118239000,1084.8,887.6,1102.5,649.1,992.8,750,1,992.7,3059,10,992.6,5663,13,992.5,1532,11,992.4,2340,17,993.0,4796,17,993.2,14,1,993.3,972,6,993.4,1043,10,993.5,2523,15
317,2025-11-26 09:34:09+05:30,992.7,130,988.79,856885,342624.0,273686.0,986.2,993.0,981.3,986.2,118239000,1084.8,887.6,1102.5,649.1,992.7,2678,8,992.6,5032,12,992.5,3909,14,992.4,1484,14,992.3,1631,10,993.0,4519,17,993.2,351,5,993.3,776,4,993.4,932,11,993.5,2243,15
317,2025-11-26 09:34:10+05:30,992.7,130,988.79,856885,342624.0,273686.0,986.2,993.0,981.3,986.2,118239000,1084.8,887.6,1102.5,649.1,992.7,2678,8,992.6,5032,12,992.5,3909,14,992.4,1484,14,992.3,1631,10,993.0,4519,17,993.2,351,5,993.3,776,4,993.4,932,11,993.5,2243,15
317,2025-11-26 09:34:10+05:30,992.7,405,988.79,857294,341999.0,273739.0,986.2,993.0,981.3,986.2,118239000,1084.8,887.6,1102.5,649.1,992.7,2037,5,992.6,4947,10,992.5,3128,13,992.4,2334,16,992.3,1909,12,993.0,4515,17,993.1,113,1,993.2,351,5,993.3,967,7,993.4,932,11
317,2025-11-26 09:34:11+05:30,992.7,405,988.79,857294,341999.0,273739.0,986.2,993.0,981.3,986.2,118239000,1084.8,887.6,1102.5,649.1,992.7,2037,5,992.6,4947,10,992.5,3128,13,992.4,2334,16,992.3,1909,12,993.0,4515,17,993.1,113,1,993.2,351,5,993.3,967,7,993.4,932,11
317,2025-11-26 09:34:11+05:30,993.0,15,988.79,857309,342531.0,274172.0,986.2,993.0,981.3,986.2,118239000,1084.8,887.6,1102.5,649.1,992.7,2273,8,992.6,5149,13,992.5,3128,13,992.4,2334,16,992.3,1788,11,993.0,4500,17,993.2,351,5,993.3,859,6,993.4,987,12,993.5,2269,16
317,2025-11-26 09:34:12+05:30,993.0,5,988.79,857309,342531.0,274172.0,986.2,993.0,981.3,986.2,118239000,1084.8,887.6,1102.5,649.1,992.7,2273,8,992.6,5149,13,992.5,3128,13,992.4,2334,16,992.3,1788,11,993.0,4500,17,993.2,351,5,993.3,859,6,993.4,987,12,993.5,2269,16
317,2025-11-26 09:34:12+05:30,993.0,100,988.8,858366,342644.0,272577.0,986.2,993.0,981.3,986.2,118239000,1084.8,887.6,1102.5,649.1,992.8,906,5,992.7,2406,10,992.6,4908,12,992.5,3140,13,992.4,1613,16,993.0,3645,9,993.2,138,3,993.3,322,2,993.4,1002,13,993.5,1741,13
317,2025-11-26 09:34:13+05:30,992.7,13,988.8,858366,342644.0,272577.0,986.2,993.0,981.3,986.2,118239000,1084.8,887.6,1102.5,649.1,992.8,906,5,992.7,2406,10,992.6,4908,12,992.5,3140,13,992.4,1613,16,993.0,3645,9,993.2,138,3,993.3,322,2,993.4,1002,13,993.5,1741,13
317,2025-11-26 09:34:13+05:30,993.0,127,988.81,860986,341633.0,270467.0,986.2,993.0,981.3,986.2,118239000,1084.8,887.6,1102.5,649.1,992.8,112,1,992.7,2072,8,992.6,5445,14,992.5,3089,11,992.4,1505,10,992.9,400,1,993.0,2093,8,993.2,215,4,993.3,189,2,993.4,923,8
317,2025-11-26 09:34:14+05:30,993.0,350,988.81,860986,341633.0,270467.0,986.2,993.0,981.3,986.2,118239000,1084.8,887.6,1102.5,649.1,992.8,112,1,992.7,2072,8,992.6,5445,14,992.5,3089,11,992.4,1505,10,992.9,400,1,993.0,2093,8,993.2,215,4,993.3,189,2,993.4,923,8
317,2025-11-26 09:34:14+05:30,993.0,200,988.82,862340,342950.0,270515.0,986.2,993.0,981.3,986.2,118239000,1084.8,887.6,1102.5,649.1,992.8,750,1,992.7,2658,9,992.6,5178,13,992.5,3315,19,992.4,1505,10,993.0,1538,8,993.2,428,6,993.3,371,3,993.4,1028,15,993.5,1183,11
317,2025-11-26 09:34:15+05:30,993.0,200,988.82,862340,342950.0,270515.0,986.2,993.0,981.3,986.2,118239000,1084.8,887.6,1102.5,649.1,992.8,750,1,992.7,2658,9,992.6,5178,13,992.5,3315,19,992.4,1505,10,993.0,1538,8,993.2,428,6,993.3,371,3,993.4,1028,15,993.5,1183,11
317,2025-11-26 09:34:15+05:30,993.0,190,988.83,864702,343441.0,269185.0,986.2,993.0,981.3,986.2,118239000,1084.8,887.6,1102.5,649.1,992.8,304,4,992.7,2880,10,992.6,5150,13,992.5,3398,19,992.4,1599,12,993.0,149,3,993.2,14,1,993.3,592,1,993.4,922,14,993.5,805,10
317,2025-11-26 09:34:16+05:30,993.0,190,988.83,864702,343441.0,269185.0,986.2,993.0,981.3,986.2,118239000,1084.8,887.6,1102.5,649.1,992.8,304,4,992.7,2880,10,992.6,5150,13,992.5,3398,19,992.4,1599,12,993.0,149,3,993.2,14,1,993.3,592,1,993.4,922,14,993.5,805,10
317,2025-11-26 09:34:17+05:30,993.0,1,988.83,864702,343441.0,269185.0,986.2,993.0,981.3,986.2,118239000,1084.8,887.6,1102.5,649.1,992.8,304,4,992.7,2880,10,992.6,5150,13,992.5,3398,19,992.4,1599,12,993.0,149,3,993.2,14,1,993.3,592,1,993.4,922,14,993.5,805,10
317,2025-11-26 09:34:17+05:30,993.0,1,988.83,865166,343000.0,270173.0,986.2,993.0,981.3,986.2,118239000,1084.8,887.6,1102.5,649.1,992.7,3270,10,992.6,5030,13,992.5,3247,18,992.4,1559,11,992.3,1597,9,993.0,557,4,993.2,52,2,993.3,371,3,993.4,719,14,993.5,1532,13
317,2025-11-26 09:34:18+05:30,992.7,2,988.83,865166,343000.0,270173.0,986.2,993.0,981.3,986.2,118239000,1084.8,887.6,1102.5,649.1,992.7,3270,10,992.6,5030,13,992.5,3247,18,992.4,1559,11,992.3,1597,9,993.0,557,4,993.2,52,2,993.3,371,3,993.4,719,14,993.5,1532,13
317,2025-11-26 09:34:18+05:30,992.7,50,988.83,865361,343218.0,270145.0,986.2,993.0,981.3,986.2,118239000,1084.8,887.6,1102.5,649.1,992.7,3035,9,992.6,5022,12,992.5,3247,18,992.4,1567,12,992.3,1597,9,993.0,537,4,993.2,38,1,993.3,374,4,993.4,719,14,993.5,1540,13
317,2025-11-26 09:34:19+05:30,993.0,17,988.83,865361,343218.0,270145.0,986.2,993.0,981.3,986.2,118239000,1084.8,887.6,1102.5,649.1,992.7,3035,9,992.6,5022,12,992.5,3247,18,992.4,1567,12,992.3,1597,9,993.0,537,4,993.2,38,1,993.3,374,4,993.4,719,14,993.5,1540,13
317,2025-11-26 09:34:19+05:30,993.4,80,988.84,866831,346223.0,266682.0,986.2,993.5,981.3,986.2,118239000,1084.8,887.6,1102.5,649.1,993.1,487,2,993.0,979,4,992.9,3932,9,992.8,1472,8,992.7,2118,9,993.5,270,3,993.6,212,4,993.7,1107,7,993.8,523,6,993.9,1945,14
317,2025-11-26 09:34:20+05:30,993.0,50,988.84,866831,346223.0,266682.0,986.2,993.5,981.3,986.2,118239000,1084.8,887.6,1102.5,649.1,993.1,487,2,993.0,979,4,992.9,3932,9,992.8,1472,8,992.7,2118,9,993.5,270,3,993.6,212,4,993.7,1107,7,993.8,523,6,993.9,1945,14
317,2025-11-26 09:34:20+05:30,993.0,50,988.84,867795,343871.0,268572.0,986.2,993.5,981.3,986.2,118239000,1084.8,887.6,1102.5,649.1,993.0,467,4,992.9,2733,10,992.8,2883,10,992.7,2526,12,992.6,1622,14,993.5,350,3,993.6,751,8,993.7,1169,8,993.8,646,8,993.9,2241,24
317,2025-11-26 09:34:21+05:30,993.4,16,988.84,867795,343871.0,268572.0,986.2,993.5,981.3,986.2,118239000,1084.8,887.6,1102.5,649.1,993.0,467,4,992.9,2733,10,992.8,2883,10,992.7,2526,12,992.6,1622,14,993.5,350,3,993.6,751,8,993.7,1169,8,993.8,646,8,993.9,2241,24
317,2025-11-26 09:34:21+05:30,993.0,106,988.85,868496,347376.0,268709.0,986.2,993.5,981.3,986.2,118239000,1084.8,887.6,1102.5,649.1,992.9,2927,11,992.8,3612,11,992.7,2385,12,992.6,1491,14,992.5,1785,12,993.5,435,4,993.6,606,9,993.7,916,7,993.8,1869,12,993.9,1596,22
317,2025-11-26 09:34:22+05:30,993.5,5,988.85,868496,347376.0,268709.0,986.2,993.5,981.3,986.2,118239000,1084.8,887.6,1102.5,649.1,992.9,2927,11,992.8,3612,11,992.7,2385,12,992.6,1491,14,992.5,1785,12,993.5,435,4,993.6,606,9,993.7,916,7,993.8,1869,12,993.9,1596,22
317,2025-11-26 09:34:22+05:30,993.5,16,988.85,868534,347119.0,268282.0,986.2,993.5,981.3,986.2,118239000,1084.8,887.6,1102.5,649.1,993.1,111,1,993.0,1302,6,992.9,2973,12,992.8,3755,11,992.7,2385,12,993.5,111,2,993.6,376,5,993.7,765,6,993.8,1281,9,993.9,2083,23
317,2025-11-26 09:34:23+05:30,993.1,5,988.85,868534,347119.0,268282.0,986.2,993.5,981.3,986.2,118239000,1084.8,887.6,1102.5,649.1,993.1,111,1,993.0,1302,6,992.9,2973,12,992.8,3755,11,992.7,2385,12,993.5,111,2,993.6,376,5,993.7,765,6,993.8,1281,9,993.9,2083,23
317,2025-11-26 09:34:23+05:30,993.0,3,988.85,868592,348068.0,268181.0,986.2,993.5,981.3,986.2,118239000,1084.8,887.6,1102.5,649.1,993.0,747,1,992.9,3138,13,992.8,2854,9,992.7,2385,12,992.6,1491,14,993.5,243,3,993.6,264,4,993.7,707,6,993.8,1637,9,993.9,1589,21
317,2025-11-26 09:34:24+05:30,993.0,1,988.85,868592,348068.0,268181.0,986.2,993.5,981.3,986.2,118239000,1084.8,887.6,1102.5,649.1,993.0,747,1,992.9,3138,13,992.8,2854,9,992.7,2385,12,992.6,1491,14,993.5,243,3,993.6,264,4,993.7,707,6,993.8,1637,9,993.9,1589,21
317,2025-11-26 09:34:24+05:30,993.5,10,988.85,868616,352195.0,268605.0,986.2,993.5,981.3,986.2,118239000,1084.8,887.6,1102.5,649.1,993.1,1008,3,993.0,3295,10,992.9,3965,13,992.8,2885,10,992.7,1792,12,993.5,16,1,993.6,235,3,993.7,705,5,993.8,994,7,993.9,2265,22
317,2025-11-26 09:34:25+05:30,993.6,2,988.85,868616,352195.0,268605.0,986.2,993.5,981.3,986.2,118239000,1084.8,887.6,1102.5,649.1,993.1,1008,3,993.0,3295,10,992.9,3965,13,992.8,2885,10,992.7,1792,12,993.5,16,1,993.6,235,3,993.7,705,5,993.8,994,7,993.9,2265,22
317,2025-11-26 09:34:25+05:30,993.6,2,988.85,869619,350534.0,268850.0,986.2,993.7,981.3,986.2,118239000,1084.8,887.6,1102.5,649.1,993.2,746,1,993.1,1711,5,993.0,2561,10,992.9,4074,13,992.8,1576,11,993.6,196,3,993.7,697,10,993.8,1050,8,993.9,2197,21,994.0,7250,23
317,2025-11-26 09:34:26+05:30,993.3,198,988.85,869619,350534.0,268850.0,986.2,993.7,981.3,986.2,118239000,1084.8,887.6,1102.5,649.1,993.2,746,1,993.1,1711,5,993.0,2561,10,992.9,4074,13,992.8,1576,11,993.6,196,3,993.7,697,10,993.8,1050,8,993.9,2197,21,994.0,7250,23
317,2025-11-26 09:34:26+05:30,993.7,10,988.86,870190,350774.0,268227.0,986.2,993.7,981.3,986.2,118239000,1084.8,887.6,1102.5,649.1,993.3,282,1,993.2,2211,4,993.1,3599,9,993.0,3115,15,992.9,2548,13,993.7,272,6,993.8,1210,10,993.9,1187,11,994.0,6186,23,994.1,1315,14
317,2025-11-26 09:34:27+05:30,993.2,107,988.86,870190,350774.0,268227.0,986.2,993.7,981.3,986.2,118239000,1084.8,887.6,1102.5,649.1,993.3,282,1,993.2,2211,4,993.1,3599,9,993.0,3115,15,992.9,2548,13,993.7,272,6,993.8,1210,10,993.9,1187,11,994.0,6186,23,994.1,1315,14
317,2025-11-26 09:34:27+05:30,993.6,1,988.86,870402,352005.0,269574.0,986.2,993.7,981.3,986.2,118239000,1084.8,887.6,1102.5,649.1,993.2,2382,5,993.1,3578,9,993.0,3838,18,992.9,1752,9,992.8,1624,12,993.6,207,4,993.7,586,8,993.8,1210,10,993.9,1436,13,994.0,7571,27
317,2025-11-26 09:34:28+05:30,993.6,13,988.86,870402,352005.0,269574.0,986.2,993.7,981.3,986.2,118239000,1084.8,887.6,1102.5,649.1,993.2,2382,5,993.1,3578,9,993.0,3838,18,992.9,1752,9,992.8,1624,12,993.6,207,4,993.7,586,8,993.8,1210,10,993.9,1436,13,994.0,7571,27
317,2025-11-26 09:34:28+05:30,993.6,13,988.86,870415,346344.0,271090.0,986.2,993.7,981.3,986.2,118239000,1084.8,887.6,1102.5,649.1,993.2,2100,4,993.1,3567,8,993.0,4021,20,992.9,1702,8,992.8,1549,10,993.5,1057,3,993.6,305,5,993.7,645,10,993.8,1060,9,993.9,1459,15
317,2025-11-26 09:34:29+05:30,993.5,2,988.86,870415,346344.0,271090.0,986.2,993.7,981.3,986.2,118239000,1084.8,887.6,1102.5,649.1,993.2,2100,4,993.1,3567,8,993.0,4021,20,992.9,1702,8,992.8,1549,10,993.5,1057,3,993.6,305,5,993.7,645,10,993.8,1060,9,993.9,1459,15
317,2025-11-26 09:34:29+05:30,993.5,2,988.86,871254,348523.0,270156.0,986.2,993.7,981.3,986.2,118239000,1084.8,887.6,1102.5,649.1,993.2,2309,5,993.1,4277,11,993.0,4475,12,992.9,1735,13,992.8,1559,11,993.5,249,1,993.6,621,3,993.7,454,8,993.8,1054,8,993.9,1748,19
317,2025-11-26 09:34:30+05:30,993.5,5,988.86,871254,348523.0,270156.0,986.2,993.7,981.3,986.2,118239000,1084.8,887.6,1102.5,649.1,993.2,2309,5,993.1,4277,11,993.0,4475,12,992.9,1735,13,992.8,1559,11,993.5,249,1,993.6,621,3,993.7,454,8,993.8,1054,8,993.9,1748,19
317,2025-11-26 09:34:30+05:30,993.5,100,988.86,871370,347541.0,270992.0,986.2,993.7,981.3,986.2,118239000,1084.8,887.6,1102.5,649.1,993.2,2497,8,993.1,5230,15,993.0,4013,14,992.9,1805,15,992.8,1559,11,993.5,133,1,993.6,621,3,993.7,446,6,993.8,1011,7,993.9,1700,19
317,2025-11-26 09:34:31+05:30,993.5,45,988.86,871370,347541.0,270992.0,986.2,993.7,981.3,986.2,118239000,1084.8,887.6,1102.5,649.1,993.2,2497,8,993.1,5230,15,993.0,4013,14,992.9,1805,15,992.8,1559,11,993.5,133,1,993.6,621,3,993.7,446,6,993.8,1011,7,993.9,1700,19
317,2025-11-26 09:34:31+05:30,993.2,98,988.86,871802,348614.0,270924.0,986.2,993.7,981.3,986.2,118239000,1084.8,887.6,1102.5,649.1,993.2,1965,6,993.1,5288,14,993.0,4013,14,992.9,1815,16,992.8,1549,10,993.5,170,3,993.6,621,3,993.7,446,6,993.8,987,8,993.9,1505,18
317,2025-11-26 09:34:32+05:30,993.5,7,988.86,871802,348614.0,270924.0,986.2,993.7,981.3,986.2,118239000,1084.8,887.6,1102.5,649.1,993.2,1965,6,993.1,5288,14,993.0,4013,14,992.9,1815,16,992.8,1549,10,993.5,170,3,993.6,621,3,993.7,446,6,993.8,987,8,993.9,1505,18
317,2025-11-26 09:34:32+05:30,993.5,1,988.87,871875,348633.0,273960.0,986.2,993.7,981.3,986.2,118239000,1084.8,887.6,1102.5,649.1,993.2,1965,6,993.1,5344,15,993.0,4013,14,992.9,1815,16,992.8,1549,10,993.5,31,1,993.6,621,3,993.7,446,6,993.8,987,8,993.9,1645,19
317,2025-11-26 09:34:33+05:30,993.7,88,988.87,871875,348633.0,273960.0,986.2,993.7,981.3,986.2,118239000,1084.8,887.6,1102.5,649.1,993.2,1965,6,993.1,5344,15,993.0,4013,14,992.9,1815,16,992.8,1549,10,993.5,31,1,993.6,621,3,993.7,446,6,993.8,987,8,993.9,1645,19
317,2025-11-26 09:34:33+05:30,993.7,88,988.87,873533,345562.0,272891.0,986.2,993.7,981.3,986.2,118239000,1084.8,887.6,1102.5,649.1,993.3,112,1,993.2,1816,5,993.1,4519,12,993.0,4012,14,992.9,1825,16,993.6,87,1,993.7,309,4,993.8,1090,9,993.9,1572,14,994.0,7022,30
317,2025-11-26 09:34:34+05:30,993.6,15,988.87,873533,345562.0,272891.0,986.2,993.7,981.3,986.2,118239000,1084.8,887.6,1102.5,649.1,993.3,112,1,993.2,1816,5,993.1,4519,12,993.0,4012,14,992.9,1825,16,993.6,87,1,993.7,309,4,993.8,1090,9,993.9,1572,14,994.0,7022,30
317,2025-11-26 09:34:34+05:30,993.6,15,988.87,873548,346295.0,274011.0,986.2,993.7,981.3,986.2,118239000,1084.8,887.6,1102.5,649.1,993.3,112,1,993.2,2566,6,993.1,4293,11,993.0,4294,16,992.9,1825,16,993.6,1072,2,993.7,499,6,993.8,1092,10,993.9,1460,12,994.0,7569,32
317,2025-11-26 09:34:35+05:30,993.6,19,988.87,873548,346295.0,274011.0,986.2,993.7,981.3,986.2,118239000,1084.8,887.6,1102.5,649.1,993.3,112,1,993.2,2566,6,993.1,4293,11,993.0,4294,16,992.9,1825,16,993.6,1072,2,993.7,499,6,993.8,1092,10,993.9,1460,12,994.0,7569,32
317,2025-11-26 09:34:35+05:30,993.2,143,988.88,874667,347195.0,273350.0,986.2,993.7,981.3,986.2,118239000,1084.8,887.6,1102.5,649.1,993.2,2206,4,993.1,3173,7,993.0,3988,12,992.9,2498,15,992.8,1810,12,993.6,850,4,993.7,811,9,993.8,1088,9,993.9,1377,11,994.0,7569,32
317,2025-11-26 09:34:36+05:30,993.2,10,988.88,874667,347195.0,273350.0,986.2,993.7,981.3,986.2,118239000,1084.8,887.6,1102.5,649.1,993.2,2206,4,993.1,3173,7,993.0,3988,12,992.9,2498,15,992.8,1810,12,993.6,850,4,993.7,811,9,993.8,1088,9,993.9,1377,11,994.0,7569,32
317,2025-11-26 09:34:36+05:30,993.2,266,988.88,874943,347210.0,273421.0,986.2,993.7,981.3,986.2,118239000,1084.8,887.6,1102.5,649.1,993.2,1943,5,993.1,3171,6,993.0,3988,12,992.9,2500,16,992.8,1816,13,993.6,1037,6,993.7,811,9,993.8,1088,9,993.9,1432,12,994.0,7387,31
317,2025-11-26 09:34:37+05:30,993.2,266,988.88,874943,347210.0,273421.0,986.2,993.7,981.3,986.2,118239000,1084.8,887.6,1102.5,649.1,993.2,1943,5,993.1,3171,6,993.0,3988,12,992.9,2500,16,992.8,1816,13,993.6,1037,6,993.7,811,9,993.8,1088,9,993.9,1432,12,994.0,7387,31
317,2025-11-26 09:34:37+05:30,993.2,266,988.88,874943,347535.0,273852.0,986.2,993.7,981.3,986.2,118239000,1084.8,887.6,1102.5,649.1,993.2,1943,5,993.1,4160,10,993.0,4194,15,992.9,1805,16,992.8,1669,11,993.6,660,2,993.7,1016,7,993.8,548,8,993.9,1437,13,994.0,8512,29
317,2025-11-26 09:34:38+05:30,993.5,708,988.88,874943,347535.0,273852.0,986.2,993.7,981.3,986.2,118239000,1084.8,887.6,1102.5,649.1,993.2,1943,5,993.1,4160,10,993.0,4194,15,992.9,1805,16,992.8,1669,11,993.6,660,2,993.7,1016,7,993.8,548,8,993.9,1437,13,994.0,8512,29
317,2025-11-26 09:34:38+05:30,993.2,71,988.9,878395,343597.0,280851.0,986.2,993.7,981.3,986.2,118239000,1084.8,887.6,1102.5,649.1,993.1,770,2,993.0,1013,5,992.9,1500,2,992.8,2109,6,992.7,2985,9,993.2,74,3,993.3,141,1,993.4,478,4,993.5,971,9,993.6,2340,19
317,2025-11-26 09:34:39+05:30,993.2,20,988.9,878395,343597.0,280851.0,986.2,993.7,981.3,986.2,118239000,1084.8,887.6,1102.5,649.1,993.1,770,2,993.0,1013,5,992.9,1500,2,992.8,2109,6,992.7,2985,9,993.2,74,3,993.3,141,1,993.4,478,4,993.5,971,9,993.6,2340,19
317,2025-11-26 09:34:39+05:30,993.2,4,988.91,880900,339979.0,283279.0,986.2,993.7,981.3,986.2,118239000,1084.8,887.6,1102.5,649.1,992.8,1030,2,992.7,2260,4,992.6,1872,5,992.5,1727,12,992.4,1751,19,993.2,1215,8,993.3,1270,8,993.4,1195,16,993.5,2021,16,993.6,2502,17
317,2025-11-26 09:34:40+05:30,992.8,14,988.91,880900,339979.0,283279.0,986.2,993.7,981.3,986.2,118239000,1084.8,887.6,1102.5,649.1,992.8,1030,2,992.7,2260,4,992.6,1872,5,992.5,1727,12,992.4,1751,19,993.2,1215,8,993.3,1270,8,993.4,1195,16,993.5,2021,16,993.6,2502,17
317,2025-11-26 09:34:40+05:30,992.7,147,988.92,883684,337749.0,283572.0,986.2,993.7,981.3,986.2,118239000,1084.8,887.6,1102.5,649.1,992.7,87,1,992.6,3603,5,992.5,2825,8,992.4,2342,11,992.3,1815,11,993.1,462,4,993.2,1529,13,993.3,2246,15,993.4,787,12,993.5,2230,17
317,2025-11-26 09:34:41+05:30,993.1,10,988.92,883684,337749.0,283572.0,986.2,993.7,981.3,986.2,118239000,1084.8,887.6,1102.5,649.1,992.7,87,1,992.6,3603,5,992.5,2825,8,992.4,2342,11,992.3,1815,11,993.1,462,4,993.2,1529,13,993.3,2246,15,993.4,787,12,993.5,2230,17
317,2025-11-26 09:34:41+05:30,993.1,25,988.93,884251,336043.0,283337.0,986.2,993.7,981.3,986.2,118239000,1084.8,887.6,1102.5,649.1,992.6,2690,5,992.5,4107,11,992.4,2342,11,992.3,1920,18,992.2,1459,9,993.1,931,4,993.2,959,11,993.3,2212,16,993.4,875,12,993.5,2048,16
317,2025-11-26 09:34:42+05:30,993.1,10,988.93,884251,336043.0,283337.0,986.2,993.7,981.3,986.2,118239000,1084.8,887.6,1102.5,649.1,992.6,2690,5,992.5,4107,11,992.4,2342,11,992.3,1920,18,992.2,1459,9,993.1,931,4,993.2,959,11,993.3,2212,16,993.4,875,12,993.5,2048,16
317,2025-11-26 09:34:42+05:30,992.9,18,988.93,884590,341425.0,284802.0,986.2,993.7,981.3,986.2,118239000,1084.8,887.6,1102.5,649.1,992.6,2853,4,992.5,3461,8,992.4,2049,8,992.3,1401,7,992.2,1479,10,993.0,632,2,993.1,458,6,993.2,1551,12,993.3,2300,18,993.4,1209,13
317,2025-11-26 09:34:43+05:30,992.9,1,988.93,884590,341425.0,284802.0,986.2,993.7,981.3,986.2,118239000,1084.8,887.6,1102.5,649.1,992.6,2853,4,992.5,3461,8,992.4,2049,8,992.3,1401,7,992.2,1479,10,993.0,632,2,993.1,458,6,993.2,1551,12,993.3,2300,18,993.4,1209,13
317,2025-11-26 09:34:43+05:30,993.2,1,988.93,884945,337561.0,282558.0,986.2,993.7,981.3,986.2,118239000,1084.8,887.6,1102.5,649.1,993.0,34,1,992.7,282,1,992.6,2212,4,992.5,3535,11,992.4,740,10,993.2,1213,9,993.3,2096,14,993.4,793,13,993.5,2073,15,993.6,2203,13
317,2025-11-26 09:34:44+05:30,993.2,50,988.93,884945,337561.0,282558.0,986.2,993.7,981.3,986.2,118239000,1084.8,887.6,1102.5,649.1,993.0,34,1,992.7,282,1,992.6,2212,4,992.5,3535,11,992.4,740,10,993.2,1213,9,993.3,2096,14,993.4,793,13,993.5,2073,15,993.6,2203,13
317,2025-11-26 09:34:44+05:30,993.2,271,988.93,885780,344445.0,279944.0,986.2,993.7,981.3,986.2,118239000,1084.8,887.6,1102.5,649.1,993.1,282,1,993.0,49,2,992.9,133,2,992.8,2112,8,992.7,3553,10,993.2,201,2,993.3,78,1,993.4,512,2,993.5,1175,8,993.6,853,7
317,2025-11-26 09:34:45+05:30,993.1,99,988.93,885780,344445.0,279944.0,986.2,993.7,981.3,986.2,118239000,1084.8,887.6,1102.5,649.1,993.1,282,1,993.0,49,2,992.9,133,2,992.8,2112,8,992.7,3553,10,993.2,201,2,993.3,78,1,993.4,512,2,993.5,1175,8,993.6,853,7
317,2025-11-26 09:34:45+05:30,994.0,5,988.95,889818,350439.0,271788.0,986.2,994.0,981.3,986.2,118239000,1084.8,887.6,1102.5,649.1,993.6,750,1,993.5,311,4,993.4,806,3,993.3,662,5,993.2,4511,12,994.0,5542,9,994.1,319,3,994.2,322,5,994.3,961,9,994.4,2258,17
317,2025-11-26 09:34:46+05:30,994.0,5,988.95,889818,350439.0,271788.0,986.2,994.0,981.3,986.2,118239000,1084.8,887.6,1102.5,649.1,993.6,750,1,993.5,311,4,993.4,806,3,993.3,662,5,993.2,4511,12,994.0,5542,9,994.1,319,3,994.2,322,5,994.3,961,9,994.4,2258,17
317,2025-11-26 09:34:46+05:30,993.4,42,988.96,890749,344874.0,277133.0,986.2,994.0,981.3,986.2,118239000,1084.8,887.6,1102.5,649.1,993.6,13,1,993.5,750,1,993.4,534,1,993.3,196,3,993.2,2838,8,993.8,28,1,993.9,1182,8,994.0,7171,18,994.1,850,8,994.2,1744,13
317,2025-11-26 09:34:47+05:30,993.6,13,988.96,890749,344874.0,277133.0,986.2,994.0,981.3,986.2,118239000,1084.8,887.6,1102.5,649.1,993.6,13,1,993.5,750,1,993.4,534,1,993.3,196,3,993.2,2838,8,993.8,28,1,993.9,1182,8,994.0,7171,18,994.1,850,8,994.2,1744,13
317,2025-11-26 09:34:47+05:30,993.6,13,988.96,891512,349237.0,279084.0,986.2,994.0,981.3,986.2,118239000,1084.8,887.6,1102.5,649.1,993.4,534,1,993.2,1135,4,993.1,3635,11,993.0,3842,14,992.9,2511,17,993.6,32,2,993.7,738,3,993.8,91,4,993.9,1308,9,994.0,6218,19
317,2025-11-26 09:34:48+05:30,993.4,314,988.96,891512,349237.0,279084.0,986.2,994.0,981.3,986.2,118239000,1084.8,887.6,1102.5,649.1,993.4,534,1,993.2,1135,4,993.1,3635,11,993.0,3842,14,992.9,2511,17,993.6,32,2,993.7,738,3,993.8,91,4,993.9,1308,9,994.0,6218,19
317,2025-11-26 09:34:48+05:30,993.2,166,988.97,892212,349141.0,281830.0,986.2,994.0,981.3,986.2,118239000,1084.8,887.6,1102.5,649.1,993.2,903,5,993.1,3617,9,993.0,3397,12,992.9,2456,16,992.8,1222,6,993.5,2,1,993.6,671,4,993.7,354,4,993.8,462,5,993.9,1856,12
317,2025-11-26 09:34:49+05:30,993.5,24,988.97,892212,349141.0,281830.0,986.2,994.0,981.3,986.2,118239000,1084.8,887.6,1102.5,649.1,993.2,903,5,993.1,3617,9,993.0,3397,12,992.9,2456,16,992.8,1222,6,993.5,2,1,993.6,671,4,993.7,354,4,993.8,462,5,993.9,1856,12
317,2025-11-26 09:34:49+05:30,993.5,24,988.97,892238,350074.0,283510.0,986.2,994.0,981.3,986.2,118239000,1084.8,887.6,1102.5,649.1,993.2,836,4,993.1,4169,8,993.0,3562,14,992.9,2851,17,992.8,1222,6,993.5,561,1,993.6,172,5,993.7,223,3,993.8,1060,8,993.9,1206,10
317,2025-11-26 09:34:50+05:30,993.5,22,988.97,892443,350238.0,284318.0,986.2,994.0,981.3,986.2,118239000,1084.8,887.6,1102.5,649.1,993.2,836,4,993.1,4670,9,993.0,3537,11,992.9,2456,16,992.8,1222,6,993.5,465,1,993.6,134,4,993.7,336,4,993.8,989,6,993.9,1395,12
317,2025-11-26 09:34:51+05:30,993.5,200,988.97,892443,350238.0,284318.0,986.2,994.0,981.3,986.2,118239000,1084.8,887.6,1102.5,649.1,993.2,836,4,993.1,4670,9,993.0,3537,11,992.9,2456,16,992.8,1222,6,993.5,465,1,993.6,134,4,993.7,336,4,993.8,989,6,993.9,1395,12
317,2025-11-26 09:34:51+05:30,993.2,133,988.97,892776,345689.0,284456.0,986.2,994.0,981.3,986.2,118239000,1084.8,887.6,1102.5,649.1,993.2,703,4,993.1,4535,7,993.0,3237,12,992.9,2578,17,992.8,1617,7,993.5,265,1,993.6,134,4,993.7,349,5,993.8,989,6,993.9,1395,12
317,2025-11-26 09:34:52+05:30,993.2,110,988.97,892776,345689.0,284456.0,986.2,994.0,981.3,986.2,118239000,1084.8,887.6,1102.5,649.1,993.2,703,4,993.1,4535,7,993.0,3237,12,992.9,2578,17,992.8,1617,7,993.5,265,1,993.6,134,4,993.7,349,5,993.8,989,6,993.9,1395,12
317,2025-11-26 09:34:52+05:30,993.5,18,988.97,893030,350322.0,284890.0,986.2,994.0,981.3,986.2,118239000,1084.8,887.6,1102.5,649.1,993.2,299,4,993.1,4779,9,993.0,3020,9,992.9,2803,17,992.8,1404,7,993.5,247,1,993.6,132,4,993.7,945,6,993.8,541,7,993.9,1395,12
317,2025-11-26 09:34:53+05:30,993.5,10,988.97,893030,350322.0,284890.0,986.2,994.0,981.3,986.2,118239000,1084.8,887.6,1102.5,649.1,993.2,299,4,993.1,4779,9,993.0,3020,9,992.9,2803,17,992.8,1404,7,993.5,247,1,993.6,132,4,993.7,945,6,993.8,541,7,993.9,1395,12
317,2025-11-26 09:34:53+05:30,993.5,10,988.97,893040,349962.0,284596.0,986.2,994.0,981.3,986.2,118239000,1084.8,887.6,1102.5,649.1,993.3,112,1,993.2,299,4,993.1,4779,9,993.0,3020,9,992.9,2868,18,993.5,237,1,993.6,132,4,993.7,945,6,993.8,541,7,993.9,1404,13
317,2025-11-26 09:34:54+05:30,993.6,12,988.97,893040,349962.0,284596.0,986.2,994.0,981.3,986.2,118239000,1084.8,887.6,1102.5,649.1,993.3,112,1,993.2,299,4,993.1,4779,9,993.0,3020,9,992.9,2868,18,993.5,237,1,993.6,132,4,993.7,945,6,993.8,541,7,993.9,1404,13
317,2025-11-26 09:34:54+05:30,993.5,1,988.97,893942,344980.0,282434.0,986.2,994.0,981.3,986.2,118239000,1084.8,887.6,1102.5,649.1,993.5,144,1,993.3,862,2,993.2,548,7,993.1,3899,8,993.0,3588,12,993.6,85,2,993.8,821,5,993.9,1085,9,994.0,6775,22,994.1,1420,15
317,2025-11-26 09:34:55+05:30,993.6,111,988.97,893942,344980.0,282434.0,986.2,994.0,981.3,986.2,118239000,1084.8,887.6,1102.5,649.1,993.5,144,1,993.3,862,2,993.2,548,7,993.1,3899,8,993.0,3588,12,993.6,85,2,993.8,821,5,993.9,1085,9,994.0,6775,22,994.1,1420,15
317,2025-11-26 09:34:55+05:30,993.5,266,988.98,894409,351816.0,282440.0,986.2,994.0,981.3,986.2,118239000,1084.8,887.6,1102.5,649.1,993.5,214,2,993.2,3743,13,993.1,4605,12,993.0,2561,15,992.9,2068,16,993.6,55,2,993.8,730,4,993.9,1098,10,994.0,6737,18,994.1,1393,16
317,2025-11-26 09:34:56+05:30,993.5,10,988.98,894409,351816.0,282440.0,986.2,994.0,981.3,986.2,118239000,1084.8,887.6,1102.5,649.1,993.5,214,2,993.2,3743,13,993.1,4605,12,993.0,2561,15,992.9,2068,16,993.6,55,2,993.8,730,4,993.9,1098,10,994.0,6737,18,994.1,1393,16
317,2025-11-26 09:34:56+05:30,993.6,3,988.98,894474,353239.0,281935.0,986.2,994.0,981.3,986.2,118239000,1084.8,887.6,1102.5,649.1,993.5,204,2,993.4,379,3,993.3,671,5,993.2,5965,19,993.1,3550,12,993.6,2,1,993.9,1278,8,994.0,6535,17,994.1,845,14,994.2,1696,12
317,2025-11-26 09:34:57+05:30,993.6,3,988.98,894474,353239.0,281935.0,986.2,994.0,981.3,986.2,118239000,1084.8,887.6,1102.5,649.1,993.5,204,2,993.4,379,3,993.3,671,5,993.2,5965,19,993.1,3550,12,993.6,2,1,993.9,1278,8,994.0,6535,17,994.1,845,14,994.2,1696,12
317,2025-11-26 09:34:57+05:30,993.5,19,988.98,894497,344482.0,281815.0,986.2,994.0,981.3,986.2,118239000,1084.8,887.6,1102.5,649.1,993.5,185,2,993.3,344,1,993.2,5188,15,993.1,2418,11,993.0,2002,20,993.8,322,4,993.9,849,7,994.0,6679,17,994.1,1365,16,994.2,1186,10
317,2025-11-26 09:34:58+05:30,993.5,19,988.98,894497,344482.0,281815.0,986.2,994.0,981.3,986.2,118239000,1084.8,887.6,1102.5,649.1,993.5,185,2,993.3,344,1,993.2,5188,15,993.1,2418,11,993.0,2002,20,993.8,322,4,993.9,849,7,994.0,6679,17,994.1,1365,16,994.2,1186,10
317,2025-11-26 09:34:58+05:30,993.5,19,988.98,894497,348130.0,282453.0,986.2,994.0,981.3,986.2,118239000,1084.8,887.6,1102.5,649.1,993.5,185,2,993.2,5188,15,993.1,2418,11,993.0,1996,19,992.9,2303,11,993.8,455,5,993.9,1233,9,994.0,6707,18,994.1,1365,16,994.2,1186,10
317,2025-11-26 09:34:59+05:30,993.8,14,988.98,894512,348197.0,281784.0,986.2,994.0,981.3,986.2,118239000,1084.8,887.6,1102.5,649.1,993.5,184,2,993.3,750,1,993.2,4438,14,993.1,2418,11,993.0,2096,20,993.8,319,4,993.9,649,8,994.0,6707,18,994.1,852,14,994.2,1199,11
317,2025-11-26 09:35:00+05:30,993.8,5,988.98,894512,348197.0,281784.0,986.2,994.0,981.3,986.2,118239000,1084.8,887.6,1102.5,649.1,993.5,184,2,993.3,750,1,993.2,4438,14,993.1,2418,11,993.0,2096,20,993.8,319,4,993.9,649,8,994.0,6707,18,994.1,852,14,994.2,1199,11
317,2025-11-26 09:35:00+05:30,993.5,563,988.98,895277,350833.0,285746.0,986.2,994.0,981.3,986.2,118239000,1084.8,887.6,1102.5,649.1,993.2,4192,11,993.1,3435,8,993.0,2431,20,992.9,2094,11,992.8,1222,6,993.5,240,1,993.6,38,1,993.8,726,6,993.9,2107,13,994.0,7116,22
317,2025-11-26 09:35:01+05:30,993.5,200,988.98,895277,350833.0,285746.0,986.2,994.0,981.3,986.2,118239000,1084.8,887.6,1102.5,649.1,993.2,4192,11,993.1,3435,8,993.0,2431,20,992.9,2094,11,992.8,1222,6,993.5,240,1,993.6,38,1,993.8,726,6,993.9,2107,13,994.0,7116,22
317,2025-11-26 09:35:01+05:30,993.3,213,988.98,895800,349598.0,284963.0,986.2,994.0,981.3,986.2,118239000,1084.8,887.6,1102.5,649.1,993.3,537,1,993.2,4582,14,993.1,4536,13,993.0,2549,22,992.9,1498,9,993.5,17,1,993.8,710,5,993.9,1274,11,994.0,6904,21,994.1,1666,19
317,2025-11-26 09:35:02+05:30,993.3,213,988.98,895800,349598.0,284963.0,986.2,994.0,981.3,986.2,118239000,1084.8,887.6,1102.5,649.1,993.3,537,1,993.2,4582,14,993.1,4536,13,993.0,2549,22,992.9,1498,9,993.5,17,1,993.8,710,5,993.9,1274,11,994.0,6904,21,994.1,1666,19
317,2025-11-26 09:35:02+05:30,993.8,99,988.99,896316,349344.0,284335.0,986.2,994.0,981.3,986.2,118239000,1084.8,887.6,1102.5,649.1,993.3,117,1,993.2,4319,13,993.1,3559,10,993.0,3201,22,992.9,1498,9,993.7,116,2,993.8,529,3,993.9,1175,11,994.0,6902,20,994.1,1672,20
317,2025-11-26 09:35:03+05:30,993.3,2,988.99,896316,349344.0,284335.0,986.2,994.0,981.3,986.2,118239000,1084.8,887.6,1102.5,649.1,993.3,117,1,993.2,4319,13,993.1,3559,10,993.0,3201,22,992.9,1498,9,993.7,116,2,993.8,529,3,993.9,1175,11,994.0,6902,20,994.1,1672,20
317,2025-11-26 09:35:03+05:30,993.2,150,988.99,896468,347327.0,282904.0,986.2,994.0,981.3,986.2,118239000,1084.8,887.6,1102.5,649.1,993.3,3056,10,993.2,3719,14,993.1,2887,13,993.0,1701,18,992.9,1876,12,993.9,784,6,994.0,6627,15,994.1,951,10,994.2,1691,12,994.3,1771,16
317,2025-11-26 09:35:04+05:30,993.2,150,988.99,896468,347327.0,282904.0,986.2,994.0,981.3,986.2,118239000,1084.8,887.6,1102.5,649.1,993.3,3056,10,993.2,3719,14,993.1,2887,13,993.0,1701,18,992.9,1876,12,993.9,784,6,994.0,6627,15,994.1,951,10,994.2,1691,12,994.3,1771,16
317,2025-11-26 09:35:04+05:30,993.9,13,988.99,896481,346045.0,282384.0,986.2,994.0,981.3,986.2,118239000,1084.8,887.6,1102.5,649.1,993.6,50,1,993.5,189,2,993.4,265,4,993.3,2540,7,993.2,4690,16,993.9,644,5,994.0,6839,18,994.1,946,9,994.2,1186,10,994.3,2366,23
317,2025-11-26 09:35:05+05:30,993.6,50,988.99,896481,346045.0,282384.0,986.2,994.0,981.3,986.2,118239000,1084.8,887.6,1102.5,649.1,993.6,50,1,993.5,189,2,993.4,265,4,993.3,2540,7,993.2,4690,16,993.9,644,5,994.0,6839,18,994.1,946,9,994.2,1186,10,994.3,2366,23
317,2025-11-26 09:35:05+05:30,993.6,50,988.99,896531,352215.0,283630.0,986.2,994.0,981.3,986.2,118239000,1084.8,887.6,1102.5,649.1,993.5,2237,5,993.4,4921,12,993.3,2066,9,993.2,1994,12,993.1,1229,9,993.9,644,5,994.0,6618,15,994.1,956,9,994.2,1149,10,994.3,2366,23
317,2025-11-26 09:35:06+05:30,993.9,75,988.99,896631,352253.0,284527.0,986.2,994.0,981.3,986.2,118239000,1084.8,887.6,1102.5,649.1,993.5,2298,6,993.4,4054,10,993.3,2183,10,993.2,2323,12,993.1,2400,11,993.9,573,4,994.0,6467,15,994.1,956,9,994.2,1083,9,994.3,2371,24
317,2025-11-26 09:35:07+05:30,993.9,75,988.99,896631,352253.0,284527.0,986.2,994.0,981.3,986.2,118239000,1084.8,887.6,1102.5,649.1,993.5,2298,6,993.4,4054,10,993.3,2183,10,993.2,2323,12,993.1,2400,11,993.9,573,4,994.0,6467,15,994.1,956,9,994.2,1083,9,994.3,2371,24
317,2025-11-26 09:35:07+05:30,993.9,75,988.99,896631,353178.0,284840.0,986.2,994.0,981.3,986.2,118239000,1084.8,887.6,1102.5,649.1,993.5,2380,7,993.4,5122,13,993.3,2098,11,993.2,2041,15,993.1,1966,9,993.9,515,3,994.0,6545,17,994.1,839,8,994.2,1261,11,994.3,2371,24
317,2025-11-26 09:35:08+05:30,993.7,200,988.99,896931,355610.0,283671.0,986.2,994.0,981.3,986.2,118239000,1084.8,887.6,1102.5,649.1,993.7,1937,4,993.6,5516,12,993.5,2134,10,993.4,1466,8,993.3,1920,15,993.9,29,1,994.0,6467,15,994.1,145,2,994.2,829,8,994.3,1755,21
317,2025-11-26 09:35:09+05:30,994.0,750,988.99,896931,355610.0,283671.0,986.2,994.0,981.3,986.2,118239000,1084.8,887.6,1102.5,649.1,993.7,1937,4,993.6,5516,12,993.5,2134,10,993.4,1466,8,993.3,1920,15,993.9,29,1,994.0,6467,15,994.1,145,2,994.2,829,8,994.3,1755,21
317,2025-11-26 09:35:09+05:30,994.0,1,989.0,898443,355799.0,280700.0,986.2,994.0,981.3,986.2,118239000,1084.8,887.6,1102.5,649.1,993.7,1135,4,993.6,6181,17,993.5,2251,11,993.4,2087,16,993.3,1658,8,994.0,5063,9,994.1,3,1,994.2,497,4,994.3,1479,11,994.4,2083,15
317,2025-11-26 09:35:10+05:30,994.0,1,989.0,898443,355799.0,280700.0,986.2,994.0,981.3,986.2,118239000,1084.8,887.6,1102.5,649.1,993.7,1135,4,993.6,6181,17,993.5,2251,11,993.4,2087,16,993.3,1658,8,994.0,5063,9,994.1,3,1,994.2,497,4,994.3,1479,11,994.4,2083,15
317,2025-11-26 09:35:10+05:30,993.9,750,989.0,899444,351070.0,281733.0,986.2,994.0,981.3,986.2,118239000,1084.8,887.6,1102.5,649.1,993.7,2099,5,993.6,4703,12,993.5,2122,9,993.4,1882,14,993.3,1109,8,993.9,217,1,994.0,5483,11,994.1,3,1,994.2,546,5,994.3,1687,13
317,2025-11-26 09:35:11+05:30,993.9,10,989.0,899444,351070.0,281733.0,986.2,994.0,981.3,986.2,118239000,1084.8,887.6,1102.5,649.1,993.7,2099,5,993.6,4703,12,993.5,2122,9,993.4,1882,14,993.3,1109,8,993.9,217,1,994.0,5483,11,994.1,3,1,994.2,546,5,994.3,1687,13
317,2025-11-26 09:35:11+05:30,993.9,1,989.01,899852,355104.0,283795.0,986.2,994.0,981.3,986.2,118239000,1084.8,887.6,1102.5,649.1,993.7,1614,5,993.6,4703,12,993.5,2143,10,993.4,1474,14,993.3,2468,11,993.9,225,2,994.0,5483,11,994.1,3,1,994.2,826,8,994.3,1736,15
317,2025-11-26 09:35:12+05:30,994.0,48,989.01,899852,355104.0,283795.0,986.2,994.0,981.3,986.2,118239000,1084.8,887.6,1102.5,649.1,993.7,1614,5,993.6,4703,12,993.5,2143,10,993.4,1474,14,993.3,2468,11,993.9,225,2,994.0,5483,11,994.1,3,1,994.2,826,8,994.3,1736,15
317,2025-11-26 09:35:12+05:30,993.7,13,989.01,900921,352612.0,283632.0,986.2,994.0,981.3,986.2,118239000,1084.8,887.6,1102.5,649.1,993.7,1298,2,993.6,4172,6,993.5,2061,8,993.4,1464,14,993.3,2188,11,993.9,115,1,994.0,5241,13,994.1,216,3,994.2,1115,12,994.3,2221,15
317,2025-11-26 09:35:13+05:30,993.9,11,989.01,900921,352612.0,283632.0,986.2,994.0,981.3,986.2,118239000,1084.8,887.6,1102.5,649.1,993.7,1298,2,993.6,4172,6,993.5,2061,8,993.4,1464,14,993.3,2188,11,993.9,115,1,994.0,5241,13,994.1,216,3,994.2,1115,12,994.3,2221,15
317,2025-11-26 09:35:13+05:30,993.9,10,989.01,901209,353859.0,282854.0,986.2,994.0,981.3,986.2,118239000,1084.8,887.6,1102.5,649.1,993.7,1031,2,993.6,4172,6,993.5,2012,7,993.4,1464,14,993.3,2188,11,993.9,94,1,994.0,5126,12,994.1,522,5,994.2,1263,14,994.3,2187,14
317,2025-11-26 09:35:14+05:30,993.7,13,989.01,901209,353859.0,282854.0,986.2,994.0,981.3,986.2,118239000,1084.8,887.6,1102.5,649.1,993.7,1031,2,993.6,4172,6,993.5,2012,7,993.4,1464,14,993.3,2188,11,993.9,94,1,994.0,5126,12,994.1,522,5,994.2,1263,14,994.3,2187,14
317,2025-11-26 09:35:14+05:30,994.0,1,989.01,901335,355630.0,282916.0,986.2,994.0,981.3,986.2,118239000,1084.8,887.6,1102.5,649.1,993.8,470,1,993.7,1483,4,993.6,5482,13,993.5,1513,11,993.4,1109,12,994.0,5096,11,994.1,3,1,994.2,985,9,994.3,1708,14,994.4,2193,17
317,2025-11-26 09:35:15+05:30,994.0,350,989.01,901335,355630.0,282916.0,986.2,994.0,981.3,986.2,118239000,1084.8,887.6,1102.5,649.1,993.8,470,1,993.7,1483,4,993.6,5482,13,993.5,1513,11,993.4,1109,12,994.0,5096,11,994.1,3,1,994.2,985,9,994.3,1708,14,994.4,2193,17
317,2025-11-26 09:35:15+05:30,994.0,179,989.05,907737,348277.0,274529.0,986.2,994.2,981.3,986.2,118239000,1084.8,887.6,1102.5,649.1,994.0,1013,6,993.9,772,7,993.8,5532,17,993.7,4382,15,993.6,1454,10,994.4,87,1,994.5,106,4,994.6,172,3,994.7,664,4,994.8,1078,15
317,2025-11-26 09:35:16+05:30,994.0,1,989.05,907737,348277.0,274529.0,986.2,994.2,981.3,986.2,118239000,1084.8,887.6,1102.5,649.1,994.0,1013,6,993.9,772,7,993.8,5532,17,993.7,4382,15,993.6,1454,10,994.4,87,1,994.5,106,4,994.6,172,3,994.7,664,4,994.8,1078,15
317,2025-11-26 09:35:16+05:30,994.0,392,989.06,909169,351982.0,276110.0,986.2,994.4,981.3,986.2,118239000,1084.8,887.6,1102.5,649.1,994.3,178,1,994.2,163,2,994.1,584,6,994.0,5773,14,993.9,3017,10,994.5,106,4,994.6,15,1,994.7,863,5,994.8,1062,11,994.9,1604,20
317,2025-11-26 09:35:17+05:30,994.5,19,989.06,909169,351982.0,276110.0,986.2,994.4,981.3,986.2,118239000,1084.8,887.6,1102.5,649.1,994.3,178,1,994.2,163,2,994.1,584,6,994.0,5773,14,993.9,3017,10,994.5,106,4,994.6,15,1,994.7,863,5,994.8,1062,11,994.9,1604,20
317,2025-11-26 09:35:17+05:30,994.3,5,989.06,909195,348859.0,277904.0,986.2,994.5,981.3,986.2,118239000,1084.8,887.6,1102.5,649.1,994.3,172,1,994.1,165,2,994.0,3049,8,993.9,3265,9,993.8,3010,12,994.5,557,4,994.6,728,5,994.7,615,8,994.8,2005,16,994.9,1632,20
317,2025-11-26 09:35:18+05:30,994.1,49,989.06,909195,348859.0,277904.0,986.2,994.5,981.3,986.2,118239000,1084.8,887.6,1102.5,649.1,994.3,172,1,994.1,165,2,994.0,3049,8,993.9,3265,9,993.8,3010,12,994.5,557,4,994.6,728,5,994.7,615,8,994.8,2005,16,994.9,1632,20
317,2025-11-26 09:35:18+05:30,994.5,19,989.06,909489,348890.0,277357.0,986.2,994.5,981.3,986.2,118239000,1084.8,887.6,1102.5,649.1,994.1,89,1,994.0,5906,14,993.9,2908,9,993.8,1763,10,993.7,2073,15,994.5,538,4,994.6,534,3,994.7,771,9,994.8,1405,15,994.9,1276,23
317,2025-11-26 09:35:19+05:30,994.1,89,989.06,909489,348890.0,277357.0,986.2,994.5,981.3,986.2,118239000,1084.8,887.6,1102.5,649.1,994.1,89,1,994.0,5906,14,993.9,2908,9,993.8,1763,10,993.7,2073,15,994.5,538,4,994.6,534,3,994.7,771,9,994.8,1405,15,994.9,1276,23
317,2025-11-26 09:35:19+05:30,994.1,1,989.06,909580,350385.0,277886.0,986.2,994.5,981.3,986.2,118239000,1084.8,887.6,1102.5,649.1,994.1,468,1,994.0,5387,12,993.9,2998,6,993.8,1780,11,993.7,912,14,994.5,538,4,994.6,953,7,994.7,783,10,994.8,1405,15,994.9,1818,25
317,2025-11-26 09:35:20+05:30,994.1,1,989.06,909580,350385.0,277886.0,986.2,994.5,981.3,986.2,118239000,1084.8,887.6,1102.5,649.1,994.1,468,1,994.0,5387,12,993.9,2998,6,993.8,1780,11,993.7,912,14,994.5,538,4,994.6,953,7,994.7,783,10,994.8,1405,15,994.9,1818,25
317,2025-11-26 09:35:20+05:30,994.5,4,989.06,909596,349832.0,278120.0,986.2,994.5,981.3,986.2,118239000,1084.8,887.6,1102.5,649.1,994.1,468,1,994.0,6230,16,993.9,2894,8,993.8,2201,12,993.7,1650,14,994.5,522,3,994.6,238,3,994.7,1042,9,994.8,1528,15,994.9,1743,24
317,2025-11-26 09:35:21+05:30,994.5,4,989.06,909596,349832.0,278120.0,986.2,994.5,981.3,986.2,118239000,1084.8,887.6,1102.5,649.1,994.1,468,1,994.0,6230,16,993.9,2894,8,993.8,2201,12,993.7,1650,14,994.5,522,3,994.6,238,3,994.7,1042,9,994.8,1528,15,994.9,1743,24
317,2025-11-26 09:35:21+05:30,994.5,4,989.06,909596,350062.0,278068.0,986.2,994.5,981.3,986.2,118239000,1084.8,887.6,1102.5,649.1,994.1,468,1,994.0,6435,19,993.9,3315,9,993.8,1780,11,993.7,1650,14,994.5,522,3,994.6,238,3,994.7,973,8,994.8,1528,15,994.9,1693,23
317,2025-11-26 09:35:22+05:30,994.1,4,989.06,909596,350062.0,278068.0,986.2,994.5,981.3,986.2,118239000,1084.8,887.6,1102.5,649.1,994.1,468,1,994.0,6435,19,993.9,3315,9,993.8,1780,11,993.7,1650,14,994.5,522,3,994.6,238,3,994.7,973,8,994.8,1528,15,994.9,1693,23
317,2025-11-26 09:35:22+05:30,994.6,709,989.07,912104,350728.0,275683.0,986.2,994.8,981.3,986.2,118239000,1084.8,887.6,1102.5,649.1,994.5,782,3,994.2,1139,6,994.1,3587,15,994.0,5191,20,993.9,2107,11,994.8,517,7,994.9,900,14,995.0,8260,44,995.1,1257,12,995.2,2548,10
317,2025-11-26 09:35:23+05:30,994.6,709,989.07,912104,350728.0,275683.0,986.2,994.8,981.3,986.2,118239000,1084.8,887.6,1102.5,649.1,994.5,782,3,994.2,1139,6,994.1,3587,15,994.0,5191,20,993.9,2107,11,994.8,517,7,994.9,900,14,995.0,8260,44,995.1,1257,12,995.2,2548,10
317,2025-11-26 09:35:23+05:30,994.7,5,989.08,912626,351187.0,276942.0,986.2,994.8,981.3,986.2,118239000,1084.8,887.6,1102.5,649.1,994.5,282,3,994.2,692,6,994.1,4573,14,994.0,4768,18,993.9,2153,14,994.8,662,6,994.9,854,15,995.0,8196,40,995.1,1333,16,995.2,2548,10
317,2025-11-26 09:35:24+05:30,994.7,5,989.08,912626,351187.0,276942.0,986.2,994.8,981.3,986.2,118239000,1084.8,887.6,1102.5,649.1,994.5,282,3,994.2,692,6,994.1,4573,14,994.0,4768,18,993.9,2153,14,994.8,662,6,994.9,854,15,995.0,8196,40,995.1,1333,16,995.2,2548,10
317,2025-11-26 09:35:24+05:30,994.5,129,989.08,912755,350386.0,276797.0,986.2,994.8,981.3,986.2,118239000,1084.8,887.6,1102.5,649.1,994.5,166,4,994.2,1290,8,994.1,4308,14,994.0,4364,17,993.9,2167,15,994.8,337,5,994.9,828,15,995.0,8179,42,995.1,1353,18,995.2,2746,12
317,2025-11-26 09:35:25+05:30,994.5,129,989.08,912755,350386.0,276797.0,986.2,994.8,981.3,986.2,118239000,1084.8,887.6,1102.5,649.1,994.5,166,4,994.2,1290,8,994.1,4308,14,994.0,4364,17,993.9,2167,15,994.8,337,5,994.9,828,15,995.0,8179,42,995.1,1353,18,995.2,2746,12
317,2025-11-26 09:35:25+05:30,994.8,1,989.08,912805,349721.0,276469.0,986.2,994.8,981.3,986.2,118239000,1084.8,887.6,1102.5,649.1,994.5,166,4,994.4,555,5,994.3,746,5,994.2,6089,15,994.1,3629,13,994.8,74,3,994.9,544,8,995.0,7440,40,995.1,794,14,995.2,3234,12
317,2025-11-26 09:35:26+05:30,994.8,1,989.08,912805,349721.0,276469.0,986.2,994.8,981.3,986.2,118239000,1084.8,887.6,1102.5,649.1,994.5,166,4,994.4,555,5,994.3,746,5,994.2,6089,15,994.1,3629,13,994.8,74,3,994.9,544,8,995.0,7440,40,995.1,794,14,995.2,3234,12
317,2025-11-26 09:35:26+05:30,994.8,1,989.08,912805,356200.0,276772.0,986.2,994.8,981.3,986.2,118239000,1084.8,887.6,1102.5,649.1,994.5,215,5,994.4,863,7,994.3,4531,11,994.2,5028,14,994.1,2283,17,994.8,43,2,994.9,550,8,995.0,7098,38,995.1,834,13,995.2,3388,13
317,2025-11-26 09:35:27+05:30,995.0,12,989.09,914488,355362.0,271417.0,986.2,995.0,981.3,986.2,118239000,1084.8,887.6,1102.5,649.1,994.7,339,3,994.6,5149,15,994.5,3062,15,994.4,1962,8,994.3,3462,11,995.0,5689,32,995.1,31,2,995.2,1012,2,995.3,109,1,995.4,1327,13
317,2025-11-26 09:35:28+05:30,995.0,12,989.09,914488,355362.0,271417.0,986.2,995.0,981.3,986.2,118239000,1084.8,887.6,1102.5,649.1,994.7,339,3,994.6,5149,15,994.5,3062,15,994.4,1962,8,994.3,3462,11,995.0,5689,32,995.1,31,2,995.2,1012,2,995.3,109,1,995.4,1327,13
317,2025-11-26 09:35:28+05:30,995.1,1,989.15,924413,358442.0,263521.0,986.2,995.2,981.3,986.2,118239000,1084.8,887.6,1102.5,649.1,994.9,673,7,994.8,7744,26,994.7,2794,10,994.6,2099,16,994.5,1550,13,995.1,27,1,995.2,294,2,995.4,147,3,995.5,269,4,995.6,798,9
317,2025-11-26 09:35:29+05:30,994.8,224,989.15,924413,358442.0,263521.0,986.2,995.2,981.3,986.2,118239000,1084.8,887.6,1102.5,649.1,994.9,673,7,994.8,7744,26,994.7,2794,10,994.6,2099,16,994.5,1550,13,995.1,27,1,995.2,294,2,995.4,147,3,995.5,269,4,995.6,798,9
317,2025-11-26 09:35:29+05:30,994.7,1,989.18,929229,355365.0,270392.0,986.2,995.2,981.3,986.2,118239000,1084.8,887.6,1102.5,649.1,994.7,1561,4,994.6,5522,17,994.5,3414,12,994.4,1671,16,994.3,1416,7,995.0,1697,2,995.1,27,1,995.2,482,3,995.3,221,4,995.4,1212,14
317,2025-11-26 09:35:30+05:30,994.7,13,989.18,929229,355365.0,270392.0,986.2,995.2,981.3,986.2,118239000,1084.8,887.6,1102.5,649.1,994.7,1561,4,994.6,5522,17,994.5,3414,12,994.4,1671,16,994.3,1416,7,995.0,1697,2,995.1,27,1,995.2,482,3,995.3,221,4,995.4,1212,14
317,2025-11-26 09:35:30+05:30,994.6,1,989.2,931714,343696.0,277397.0,986.2,995.2,981.3,986.2,118239000,1084.8,887.6,1102.5,649.1,994.6,38,1,994.5,82,4,994.4,390,2,994.3,4608,11,994.2,1940,11,995.0,3015,7,995.1,1281,11,995.2,1093,14,995.3,1720,12,995.4,1837,21
317,2025-11-26 09:35:31+05:30,994.6,1,989.2,931714,343696.0,277397.0,986.2,995.2,981.3,986.2,118239000,1084.8,887.6,1102.5,649.1,994.6,38,1,994.5,82,4,994.4,390,2,994.3,4608,11,994.2,1940,11,995.0,3015,7,995.1,1281,11,995.2,1093,14,995.3,1720,12,995.4,1837,21
317,2025-11-26 09:35:31+05:30,994.8,415,989.21,934558,347688.0,278317.0,986.2,995.2,981.3,986.2,118239000,1084.8,887.6,1102.5,649.1,994.6,1414,2,994.4,405,4,994.3,4202,9,994.2,2980,10,994.1,2043,13,994.8,723,3,994.9,191,1,995.0,2953,9,995.1,940,8,995.2,1705,14
317,2025-11-26 09:35:32+05:30,994.3,48,989.21,934558,347688.0,278317.0,986.2,995.2,981.3,986.2,118239000,1084.8,887.6,1102.5,649.1,994.6,1414,2,994.4,405,4,994.3,4202,9,994.2,2980,10,994.1,2043,13,994.8,723,3,994.9,191,1,995.0,2953,9,995.1,940,8,995.2,1705,14
317,2025-11-26 09:35:32+05:30,994.8,10,989.22,936257,349127.0,279617.0,986.2,995.2,981.3,986.2,118239000,1084.8,887.6,1102.5,649.1,994.4,87,1,994.3,5904,11,994.2,4226,14,994.1,864,9,994.0,927,17,994.6,1,1,994.8,1088,4,994.9,188,1,995.0,3026,10,995.1,1360,19
317,2025-11-26 09:35:33+05:30,994.8,35,989.22,936257,349127.0,279617.0,986.2,995.2,981.3,986.2,118239000,1084.8,887.6,1102.5,649.1,994.4,87,1,994.3,5904,11,994.2,4226,14,994.1,864,9,994.0,927,17,994.6,1,1,994.8,1088,4,994.9,188,1,995.0,3026,10,995.1,1360,19
317,2025-11-26 09:35:33+05:30,994.4,51,989.22,936543,347543.0,280695.0,986.2,995.2,981.3,986.2,118239000,1084.8,887.6,1102.5,649.1,994.3,3713,6,994.2,3274,9,994.1,4362,13,994.0,979,22,993.9,2415,11,994.8,1663,8,994.9,831,5,995.0,3058,11,995.1,1315,17,995.2,2402,16
317,2025-11-26 09:35:34+05:30,994.7,50,989.22,936543,347543.0,280695.0,986.2,995.2,981.3,986.2,118239000,1084.8,887.6,1102.5,649.1,994.3,3713,6,994.2,3274,9,994.1,4362,13,994.0,979,22,993.9,2415,11,994.8,1663,8,994.9,831,5,995.0,3058,11,995.1,1315,17,995.2,2402,16
317,2025-11-26 09:35:34+05:30,994.7,1,989.23,937028,347014.0,281458.0,986.2,995.2,981.3,986.2,118239000,1084.8,887.6,1102.5,649.1,994.3,1896,4,994.2,4307,10,994.1,4592,13,994.0,997,23,993.9,1966,12,994.7,67,2,994.8,1472,7,994.9,939,7,995.0,3315,16,995.1,1354,16
317,2025-11-26 09:35:35+05:30,994.7,1,989.23,937028,347014.0,281458.0,986.2,995.2,981.3,986.2,118239000,1084.8,887.6,1102.5,649.1,994.3,1896,4,994.2,4307,10,994.1,4592,13,994.0,997,23,993.9,1966,12,994.7,67,2,994.8,1472,7,994.9,939,7,995.0,3315,16,995.1,1354,16
317,2025-11-26 09:35:35+05:30,994.8,65,989.23,937093,353062.0,278609.0,986.2,995.2,981.3,986.2,118239000,1084.8,887.6,1102.5,649.1,994.5,470,4,994.4,5555,14,994.3,5237,12,994.2,859,7,994.1,1280,15,994.8,502,2,994.9,188,1,995.0,3068,11,995.1,1137,8,995.2,1580,18
317,2025-11-26 09:35:36+05:30,994.8,5,989.23,937093,353062.0,278609.0,986.2,995.2,981.3,986.2,118239000,1084.8,887.6,1102.5,649.1,994.5,470,4,994.4,5555,14,994.3,5237,12,994.2,859,7,994.1,1280,15,994.8,502,2,994.9,188,1,995.0,3068,11,995.1,1137,8,995.2,1580,18
317,2025-11-26 09:35:36+05:30,994.8,100,989.23,937198,353485.0,278363.0,986.2,995.2,981.3,986.2,118239000,1084.8,887.6,1102.5,649.1,994.5,470,4,994.4,5879,16,994.3,5833,14,994.2,490,8,994.1,2004,14,994.8,397,2,995.0,3219,12,995.1,1137,8,995.2,1580,18,995.3,693,11
317,2025-11-26 09:35:37+05:30,994.8,38,989.23,937198,353485.0,278363.0,986.2,995.2,981.3,986.2,118239000,1084.8,887.6,1102.5,649.1,994.5,470,4,994.4,5879,16,994.3,5833,14,994.2,490,8,994.1,2004,14,994.8,397,2,995.0,3219,12,995.1,1137,8,995.2,1580,18,995.3,693,11
317,2025-11-26 09:35:37+05:30,994.4,16,989.23,937421,349566.0,279682.0,986.2,995.2,981.3,986.2,118239000,1084.8,887.6,1102.5,649.1,994.5,750,1,994.4,4440,10,994.3,5074,10,994.2,897,9,994.1,2004,14,994.8,324,2,994.9,660,3,995.0,3124,12,995.1,1085,9,995.2,2479,22
317,2025-11-26 09:35:38+05:30,994.8,1,989.23,937421,349566.0,279682.0,986.2,995.2,981.3,986.2,118239000,1084.8,887.6,1102.5,649.1,994.5,750,1,994.4,4440,10,994.3,5074,10,994.2,897,9,994.1,2004,14,994.8,324,2,994.9,660,3,995.0,3124,12,995.1,1085,9,995.2,2479,22
317,2025-11-26 09:35:38+05:30,994.8,1,989.23,937422,349325.0,278471.0,986.2,995.2,981.3,986.2,118239000,1084.8,887.6,1102.5,649.1,994.7,750,1,994.6,3508,6,994.5,3505,8,994.4,2926,12,994.3,711,4,994.8,323,2,995.0,2887,10,995.1,1080,8,995.2,1394,19,995.3,806,10
317,2025-11-26 09:35:39+05:30,994.8,1,989.23,937422,352452.0,278648.0,986.2,995.2,981.3,986.2,118239000,1084.8,887.6,1102.5,649.1,994.7,750,1,994.6,4731,7,994.5,2958,8,994.4,1665,11,994.3,3117,7,994.8,323,2,995.0,3084,12,995.1,1080,8,995.2,1394,19,995.3,1234,11
317,2025-11-26 09:35:40+05:30,994.7,155,989.23,937422,352452.0,278648.0,986.2,995.2,981.3,986.2,118239000,1084.8,887.6,1102.5,649.1,994.7,750,1,994.6,4731,7,994.5,2958,8,994.4,1665,11,994.3,3117,7,994.8,323,2,995.0,3084,12,995.1,1080,8,995.2,1394,19,995.3,1234,11
317,2025-11-26 09:35:40+05:30,994.9,50,989.24,938377,357036.0,278315.0,986.2,995.2,981.3,986.2,118239000,1084.8,887.6,1102.5,649.1,994.7,595,1,994.6,4734,9,994.5,2783,9,994.4,1955,12,994.3,3482,10,994.8,174,1,994.9,1450,1,995.0,2390,10,995.1,1067,7,995.2,933,15
317,2025-11-26 09:35:41+05:30,994.9,50,989.24,938377,357036.0,278315.0,986.2,995.2,981.3,986.2,118239000,1084.8,887.6,1102.5,649.1,994.7,595,1,994.6,4734,9,994.5,2783,9,994.4,1955,12,994.3,3482,10,994.8,174,1,994.9,1450,1,995.0,2390,10,995.1,1067,7,995.2,933,15
317,2025-11-26 09:35:41+05:30,994.8,10,989.24,938503,356729.0,278317.0,986.2,995.2,981.3,986.2,118239000,1084.8,887.6,1102.5,649.1,994.7,479,1,994.6,4732,8,994.5,3556,8,994.4,978,12,994.3,3500,11,994.8,164,1,994.9,1476,2,995.0,2390,10,995.1,1172,10,995.2,645,12
317,2025-11-26 09:35:42+05:30,994.7,125,989.24,938503,356729.0,278317.0,986.2,995.2,981.3,986.2,118239000,1084.8,887.6,1102.5,649.1,994.7,479,1,994.6,4732,8,994.5,3556,8,994.4,978,12,994.3,3500,11,994.8,164,1,994.9,1476,2,995.0,2390,10,995.1,1172,10,995.2,645,12
317,2025-11-26 09:35:42+05:30,994.7,10,989.24,938638,355827.0,278249.0,986.2,995.2,981.3,986.2,118239000,1084.8,887.6,1102.5,649.1,994.7,344,1,994.6,4732,8,994.5,3135,7,994.4,2491,15,994.3,2370,10,994.8,164,1,994.9,1476,2,995.0,2341,9,995.1,1146,8,995.2,699,15
317,2025-11-26 09:35:43+05:30,994.8,586,989.24,938638,355827.0,278249.0,986.2,995.2,981.3,986.2,118239000,1084.8,887.6,1102.5,649.1,994.7,344,1,994.6,4732,8,994.5,3135,7,994.4,2491,15,994.3,2370,10,994.8,164,1,994.9,1476,2,995.0,2341,9,995.1,1146,8,995.2,699,15
317,2025-11-26 09:35:43+05:30,994.8,586,989.24,939388,356161.0,278461.0,986.2,995.2,981.3,986.2,118239000,1084.8,887.6,1102.5,649.1,994.7,344,1,994.6,4732,8,994.5,3210,8,994.4,2736,16,994.3,2370,10,994.8,414,1,994.9,1476,2,995.0,2341,9,995.1,1156,9,995.2,699,15
317,2025-11-26 09:35:44+05:30,994.7,220,989.24,939388,356161.0,278461.0,986.2,995.2,981.3,986.2,118239000,1084.8,887.6,1102.5,649.1,994.7,344,1,994.6,4732,8,994.5,3210,8,994.4,2736,16,994.3,2370,10,994.8,414,1,994.9,1476,2,995.0,2341,9,995.1,1156,9,995.2,699,15
317,2025-11-26 09:35:44+05:30,994.8,50,989.25,940063,355890.0,278955.0,986.2,995.2,981.3,986.2,118239000,1084.8,887.6,1102.5,649.1,994.7,530,1,994.6,4731,7,994.5,3135,7,994.4,2149,14,994.3,2651,10,994.8,364,1,994.9,1476,2,995.0,2529,10,995.1,1172,10,995.2,771,14
317,2025-11-26 09:35:45+05:30,994.7,125,989.25,940063,355890.0,278955.0,986.2,995.2,981.3,986.2,118239000,1084.8,887.6,1102.5,649.1,994.7,530,1,994.6,4731,7,994.5,3135,7,994.4,2149,14,994.3,2651,10,994.8,364,1,994.9,1476,2,995.0,2529,10,995.1,1172,10,995.2,771,14
317,2025-11-26 09:35:45+05:30,994.8,22,989.25,940474,353520.0,279507.0,986.2,995.2,981.3,986.2,118239000,1084.8,887.6,1102.5,649.1,994.7,141,1,994.6,4731,7,994.5,2943,6,994.4,2021,12,994.3,2266,10,994.8,343,2,994.9,1555,3,995.0,2848,12,995.1,1182,11,995.2,779,15
317,2025-11-26 09:35:46+05:30,994.8,22,989.25,940474,353520.0,279507.0,986.2,995.2,981.3,986.2,118239000,1084.8,887.6,1102.5,649.1,994.7,141,1,994.6,4731,7,994.5,2943,6,994.4,2021,12,994.3,2266,10,994.8,343,2,994.9,1555,3,995.0,2848,12,995.1,1182,11,995.2,779,15
317,2025-11-26 09:35:46+05:30,994.7,1,989.25,940641,353497.0,279317.0,986.2,995.2,981.3,986.2,118239000,1084.8,887.6,1102.5,649.1,994.7,90,1,994.6,4731,7,994.5,2943,6,994.4,2049,13,994.3,2661,11,994.8,227,2,994.9,1476,2,995.0,2661,12,995.1,1374,12,995.2,779,15
317,2025-11-26 09:35:47+05:30,994.8,30,989.25,940641,353497.0,279317.0,986.2,995.2,981.3,986.2,118239000,1084.8,887.6,1102.5,649.1,994.7,90,1,994.6,4731,7,994.5,2943,6,994.4,2049,13,994.3,2661,11,994.8,227,2,994.9,1476,2,995.0,2661,12,995.1,1374,12,995.2,779,15
317,2025-11-26 09:35:47+05:30,994.8,1,989.25,940762,355306.0,279299.0,986.2,995.2,981.3,986.2,118239000,1084.8,887.6,1102.5,649.1,994.6,4731,7,994.5,2943,6,994.4,1921,16,994.3,2440,10,994.2,2562,11,994.8,196,2,994.9,1476,2,995.0,2853,13,995.1,1182,11,995.2,779,15
317,2025-11-26 09:35:48+05:30,994.6,125,989.25,940762,355306.0,279299.0,986.2,995.2,981.3,986.2,118239000,1084.8,887.6,1102.5,649.1,994.6,4731,7,994.5,2943,6,994.4,1921,16,994.3,2440,10,994.2,2562,11,994.8,196,2,994.9,1476,2,995.0,2853,13,995.1,1182,11,995.2,779,15
317,2025-11-26 09:35:48+05:30,994.6,125,989.25,940887,356187.0,279475.0,986.2,995.2,981.3,986.2,118239000,1084.8,887.6,1102.5,649.1,994.7,750,1,994.6,4698,8,994.5,3135,7,994.4,1921,16,994.3,2661,11,994.8,196,2,994.9,1614,3,995.0,3054,14,995.1,1156,9,995.2,805,17
317,2025-11-26 09:35:49+05:30,994.8,1,989.25,940887,356187.0,279475.0,986.2,995.2,981.3,986.2,118239000,1084.8,887.6,1102.5,649.1,994.7,750,1,994.6,4698,8,994.5,3135,7,994.4,1921,16,994.3,2661,11,994.8,196,2,994.9,1614,3,995.0,3054,14,995.1,1156,9,995.2,805,17
317,2025-11-26 09:35:49+05:30,994.8,1,989.25,941083,356183.0,279198.0,986.2,995.2,981.3,986.2,118239000,1084.8,887.6,1102.5,649.1,994.8,104,1,994.6,5448,9,994.5,2943,6,994.4,1906,15,994.3,2962,13,994.9,1931,6,995.0,3054,14,995.1,1182,11,995.2,779,15,995.3,823,10
317,2025-11-26 09:35:50+05:30,994.8,104,989.25,941083,356183.0,279198.0,986.2,995.2,981.3,986.2,118239000,1084.8,887.6,1102.5,649.1,994.8,104,1,994.6,5448,9,994.5,2943,6,994.4,1906,15,994.3,2962,13,994.9,1931,6,995.0,3054,14,995.1,1182,11,995.2,779,15,995.3,823,10
317,2025-11-26 09:35:50+05:30,994.8,104,989.25,941187,350079.0,279274.0,986.2,995.2,981.3,986.2,118239000,1084.8,887.6,1102.5,649.1,994.6,92,1,994.5,5,2,994.4,5390,12,994.3,5698,16,994.2,965,14,994.9,1614,3,995.0,3159,14,995.1,1156,9,995.2,869,11,995.3,969,11
317,2025-11-26 09:35:51+05:30,994.9,50,989.25,941187,350079.0,279274.0,986.2,995.2,981.3,986.2,118239000,1084.8,887.6,1102.5,649.1,994.6,92,1,994.5,5,2,994.4,5390,12,994.3,5698,16,994.2,965,14,994.9,1614,3,995.0,3159,14,995.1,1156,9,995.2,869,11,995.3,969,11
317,2025-11-26 09:35:51+05:30,994.8,68,989.25,941755,350478.0,279328.0,986.2,995.2,981.3,986.2,118239000,1084.8,887.6,1102.5,649.1,994.4,3408,8,994.3,4265,10,994.2,3437,9,994.1,1416,11,994.0,3787,22,994.8,41,1,994.9,1743,6,995.0,2939,16,995.1,1208,16,995.2,1854,13
317,2025-11-26 09:35:52+05:30,994.9,160,989.25,941755,350478.0,279328.0,986.2,995.2,981.3,986.2,118239000,1084.8,887.6,1102.5,649.1,994.4,3408,8,994.3,4265,10,994.2,3437,9,994.1,1416,11,994.0,3787,22,994.8,41,1,994.9,1743,6,995.0,2939,16,995.1,1208,16,995.2,1854,13
317,2025-11-26 09:35:52+05:30,994.9,160,989.26,941956,349504.0,279736.0,986.2,995.2,981.3,986.2,118239000,1084.8,887.6,1102.5,649.1,994.8,1,1,994.5,252,2,994.4,2715,6,994.3,5498,12,994.2,3259,12,994.9,1878,8,995.0,3017,17,995.1,1199,16,995.2,1820,13,995.3,1275,10
317,2025-11-26 09:35:53+05:30,994.5,46,989.26,941956,349504.0,279736.0,986.2,995.2,981.3,986.2,118239000,1084.8,887.6,1102.5,649.1,994.8,1,1,994.5,252,2,994.4,2715,6,994.3,5498,12,994.2,3259,12,994.9,1878,8,995.0,3017,17,995.1,1199,16,995.2,1820,13,995.3,1275,10
317,2025-11-26 09:35:53+05:30,994.5,46,989.26,942206,353818.0,279945.0,986.2,995.2,981.3,986.2,118239000,1084.8,887.6,1102.5,649.1,994.4,2331,7,994.3,5547,13,994.2,3831,10,994.1,1756,17,994.0,3795,22,994.6,1,1,994.8,573,2,994.9,1542,4,995.0,2761,16,995.1,1394,18
317,2025-11-26 09:35:54+05:30,994.5,109,989.26,942206,353818.0,279945.0,986.2,995.2,981.3,986.2,118239000,1084.8,887.6,1102.5,649.1,994.4,2331,7,994.3,5547,13,994.2,3831,10,994.1,1756,17,994.0,3795,22,994.6,1,1,994.8,573,2,994.9,1542,4,995.0,2761,16,995.1,1394,18
317,2025-11-26 09:35:54+05:30,994.5,109,989.26,942350,349292.0,280820.0,986.2,995.2,981.3,986.2,118239000,1084.8,887.6,1102.5,649.1,994.7,102,2,994.5,3,1,994.4,1827,4,994.3,5421,10,994.2,3676,9,994.8,542,5,994.9,1996,9,995.0,3037,18,995.1,1513,19,995.2,1782,14
317,2025-11-26 09:35:55+05:30,994.8,3,989.26,942350,349292.0,280820.0,986.2,995.2,981.3,986.2,118239000,1084.8,887.6,1102.5,649.1,994.7,102,2,994.5,3,1,994.4,1827,4,994.3,5421,10,994.2,3676,9,994.8,542,5,994.9,1996,9,995.0,3037,18,995.1,1513,19,995.2,1782,14
317,2025-11-26 09:35:55+05:30,994.8,3,989.26,942453,350421.0,280795.0,986.2,995.2,981.3,986.2,118239000,1084.8,887.6,1102.5,649.1,994.7,102,2,994.4,10,1,994.3,2546,6,994.2,5973,13,994.1,3030,15,994.8,380,5,994.9,1986,8,995.0,3037,18,995.1,1513,19,995.2,1752,13
317,2025-11-26 09:35:56+05:30,994.8,1,989.26,942453,350421.0,280795.0,986.2,995.2,981.3,986.2,118239000,1084.8,887.6,1102.5,649.1,994.7,102,2,994.4,10,1,994.3,2546,6,994.2,5973,13,994.1,3030,15,994.8,380,5,994.9,1986,8,995.0,3037,18,995.1,1513,19,995.2,1752,13
317,2025-11-26 09:35:56+05:30,994.8,1,989.26,942454,350410.0,280846.0,986.2,995.2,981.3,986.2,118239000,1084.8,887.6,1102.5,649.1,994.7,115,3,994.4,10,1,994.3,1882,5,994.2,6356,15,994.1,2452,13,994.8,311,4,994.9,1912,7,995.0,2962,17,995.1,1513,19,995.2,1752,13
317,2025-11-26 09:35:57+05:30,994.8,1,989.26,942454,350410.0,280846.0,986.2,995.2,981.3,986.2,118239000,1084.8,887.6,1102.5,649.1,994.7,115,3,994.4,10,1,994.3,1882,5,994.2,6356,15,994.1,2452,13,994.8,311,4,994.9,1912,7,995.0,2962,17,995.1,1513,19,995.2,1752,13
317,2025-11-26 09:35:57+05:30,994.8,1,989.26,942455,350583.0,281193.0,986.2,995.2,981.3,986.2,118239000,1084.8,887.6,1102.5,649.1,994.7,115,3,994.6,750,1,994.4,10,1,994.3,4195,9,994.2,5669,14,994.8,10,1,994.9,2047,8,995.0,2962,17,995.1,1513,19,995.2,1752,13
317,2025-11-26 09:35:58+05:30,994.8,1,989.26,942455,349677.0,279351.0,986.2,995.2,981.3,986.2,118239000,1084.8,887.6,1102.5,649.1,994.7,115,3,994.6,754,2,994.5,275,6,994.4,1093,7,994.3,8909,20,994.8,10,1,994.9,1633,5,995.0,2402,12,995.1,1379,10,995.2,1204,19
317,2025-11-26 09:35:59+05:30,994.8,1,989.26,942455,348771.0,279513.0,986.2,995.2,981.3,986.2,118239000,1084.8,887.6,1102.5,649.1,994.7,115,3,994.6,754,2,994.5,211,2,994.4,519,5,994.3,8738,20,994.8,10,1,994.9,1633,5,995.0,2590,13,995.1,1306,9,995.2,1129,18
317,2025-11-26 09:36:00+05:30,994.9,515,989.26,942455,348771.0,279513.0,986.2,995.2,981.3,986.2,118239000,1084.8,887.6,1102.5,649.1,994.7,115,3,994.6,754,2,994.5,211,2,994.4,519,5,994.3,8738,20,994.8,10,1,994.9,1633,5,995.0,2590,13,995.1,1306,9,995.2,1129,18
317,2025-11-26 09:36:00+05:30,994.9,515,989.26,942980,347495.0,280501.0,986.2,995.2,981.3,986.2,118239000,1084.8,887.6,1102.5,649.1,994.7,115,3,994.6,754,2,994.5,211,2,994.4,519,5,994.3,8176,20,994.9,752,3,995.0,2956,15,995.1,1332,11,995.2,1025,16,995.3,919,10
317,2025-11-26 09:36:01+05:30,994.9,100,989.26,942980,347495.0,280501.0,986.2,995.2,981.3,986.2,118239000,1084.8,887.6,1102.5,649.1,994.7,115,3,994.6,754,2,994.5,211,2,994.4,519,5,994.3,8176,20,994.9,752,3,995.0,2956,15,995.1,1332,11,995.2,1025,16,995.3,919,10
317,2025-11-26 09:36:01+05:30,994.9,50,989.27,943785,346363.0,280902.0,986.2,995.2,981.3,986.2,118239000,1084.8,887.6,1102.5,649.1,994.6,314,2,994.5,74,1,994.4,713,6,994.3,7764,18,994.2,3362,17,994.9,819,5,995.0,3263,14,995.1,1188,12,995.2,1338,20,995.3,1469,12
317,2025-11-26 09:36:02+05:30,994.6,91,989.27,943785,346363.0,280902.0,986.2,995.2,981.3,986.2,118239000,1084.8,887.6,1102.5,649.1,994.6,314,2,994.5,74,1,994.4,713,6,994.3,7764,18,994.2,3362,17,994.9,819,5,995.0,3263,14,995.1,1188,12,995.2,1338,20,995.3,1469,12
317,2025-11-26 09:36:02+05:30,994.6,5,989.27,943881,345929.0,280913.0,986.2,995.2,981.3,986.2,118239000,1084.8,887.6,1102.5,649.1,994.6,218,2,994.4,470,4,994.3,7576,17,994.2,2951,15,994.1,1433,14,994.9,1188,7,995.0,3104,14,995.1,1188,12,995.2,1400,21,995.3,1311,12
317,2025-11-26 09:36:03+05:30,994.9,66,989.27,943881,345929.0,280913.0,986.2,995.2,981.3,986.2,118239000,1084.8,887.6,1102.5,649.1,994.6,218,2,994.4,470,4,994.3,7576,17,994.2,2951,15,994.1,1433,14,994.9,1188,7,995.0,3104,14,995.1,1188,12,995.2,1400,21,995.3,1311,12
317,2025-11-26 09:36:03+05:30,994.9,4,989.27,944114,349722.0,280989.0,986.2,995.2,981.3,986.2,118239000,1084.8,887.6,1102.5,649.1,994.4,827,3,994.3,7128,15,994.2,3395,15,994.1,1038,13,994.0,4666,25,994.9,851,6,995.0,3604,17,995.1,1260,13,995.2,1332,21,995.3,1311,12
317,2025-11-26 09:36:04+05:30,994.9,25,989.27,944114,349722.0,280989.0,986.2,995.2,981.3,986.2,118239000,1084.8,887.6,1102.5,649.1,994.4,827,3,994.3,7128,15,994.2,3395,15,994.1,1038,13,994.0,4666,25,994.9,851,6,995.0,3604,17,995.1,1260,13,995.2,1332,21,995.3,1311,12
317,2025-11-26 09:36:04+05:30,994.4,3,989.27,944219,350076.0,282744.0,986.2,995.2,981.3,986.2,118239000,1084.8,887.6,1102.5,649.1,994.4,418,2,994.3,8209,17,994.2,3411,16,994.1,1032,12,994.0,4666,25,994.8,278,3,994.9,1164,9,995.0,3797,19,995.1,1547,16,995.2,2127,20
317,2025-11-26 09:36:05+05:30,994.5,1,989.27,944219,350076.0,282744.0,986.2,995.2,981.3,986.2,118239000,1084.8,887.6,1102.5,649.1,994.4,418,2,994.3,8209,17,994.2,3411,16,994.1,1032,12,994.0,4666,25,994.8,278,3,994.9,1164,9,995.0,3797,19,995.1,1547,16,995.2,2127,20
317,2025-11-26 09:36:05+05:30,994.5,4,989.28,945849,337646.0,290166.0,986.2,995.2,981.3,986.2,118239000,1084.8,887.6,1102.5,649.1,994.2,50,1,994.1,120,2,994.0,1462,14,993.9,596,4,993.8,6352,18,994.5,555,5,994.6,1131,9,994.7,970,10,994.8,2370,15,994.9,2027,18
317,2025-11-26 09:36:06+05:30,994.2,69,989.28,945849,337646.0,290166.0,986.2,995.2,981.3,986.2,118239000,1084.8,887.6,1102.5,649.1,994.2,50,1,994.1,120,2,994.0,1462,14,993.9,596,4,993.8,6352,18,994.5,555,5,994.6,1131,9,994.7,970,10,994.8,2370,15,994.9,2027,18
317,2025-11-26 09:36:06+05:30,994.2,69,989.28,945980,340765.0,287581.0,986.2,995.2,981.3,986.2,118239000,1084.8,887.6,1102.5,649.1,994.1,120,2,994.0,1654,15,993.9,1216,8,993.8,5210,16,993.7,3858,20,994.5,315,4,994.6,694,5,994.7,838,10,994.8,1582,16,994.9,1825,17
317,2025-11-26 09:36:07+05:30,994.0,10,989.28,945980,340765.0,287581.0,986.2,995.2,981.3,986.2,118239000,1084.8,887.6,1102.5,649.1,994.1,120,2,994.0,1654,15,993.9,1216,8,993.8,5210,16,993.7,3858,20,994.5,315,4,994.6,694,5,994.7,838,10,994.8,1582,16,994.9,1825,17
317,2025-11-26 09:36:07+05:30,994.0,10,989.28,946434,339325.0,290035.0,986.2,995.2,981.3,986.2,118239000,1084.8,887.6,1102.5,649.1,994.0,1056,5,993.9,1161,5,993.8,5571,14,993.7,4049,15,993.6,1153,14,994.4,305,4,994.5,952,9,994.6,730,6,994.7,851,10,994.8,2496,19
317,2025-11-26 09:36:08+05:30,994.4,21,989.28,946434,339325.0,290035.0,986.2,995.2,981.3,986.2,118239000,1084.8,887.6,1102.5,649.1,994.0,1056,5,993.9,1161,5,993.8,5571,14,993.7,4049,15,993.6,1153,14,994.4,305,4,994.5,952,9,994.6,730,6,994.7,851,10,994.8,2496,19
317,2025-11-26 09:36:08+05:30,994.4,21,989.28,946565,338847.0,290064.0,986.2,995.2,981.3,986.2,118239000,1084.8,887.6,1102.5,649.1,994.0,975,5,993.9,1112,4,993.8,5555,13,993.7,3654,14,993.6,1548,15,994.4,458,5,994.5,777,8,994.6,730,6,994.7,956,17,994.8,2496,19
317,2025-11-26 09:36:09+05:30,994.4,5,989.28,946565,338847.0,290064.0,986.2,995.2,981.3,986.2,118239000,1084.8,887.6,1102.5,649.1,994.0,975,5,993.9,1112,4,993.8,5555,13,993.7,3654,14,993.6,1548,15,994.4,458,5,994.5,777,8,994.6,730,6,994.7,956,17,994.8,2496,19
317,2025-11-26 09:36:09+05:30,994.4,10,989.28,946594,341778.0,291493.0,986.2,995.2,981.3,986.2,118239000,1084.8,887.6,1102.5,649.1,994.0,1108,8,993.9,4687,14,993.8,6464,15,993.7,716,10,993.6,1728,14,994.4,169,2,994.5,537,5,994.6,996,7,994.7,1147,19,994.8,2496,19
317,2025-11-26 09:36:10+05:30,994.0,1,989.28,946594,341778.0,291493.0,986.2,995.2,981.3,986.2,118239000,1084.8,887.6,1102.5,649.1,994.0,1108,8,993.9,4687,14,993.8,6464,15,993.7,716,10,993.6,1728,14,994.4,169,2,994.5,537,5,994.6,996,7,994.7,1147,19,994.8,2496,19
317,2025-11-26 09:36:10+05:30,994.4,16,989.28,946611,340969.0,291098.0,986.2,995.2,981.3,986.2,118239000,1084.8,887.6,1102.5,649.1,994.0,1831,8,993.9,910,6,993.8,6247,15,993.7,3830,15,993.6,978,13,994.4,202,2,994.5,577,6,994.6,620,5,994.7,1087,17,994.8,2477,18
317,2025-11-26 09:36:11+05:30,994.4,16,989.28,946611,340969.0,291098.0,986.2,995.2,981.3,986.2,118239000,1084.8,887.6,1102.5,649.1,994.0,1831,8,993.9,910,6,993.8,6247,15,993.7,3830,15,993.6,978,13,994.4,202,2,994.5,577,6,994.6,620,5,994.7,1087,17,994.8,2477,18
317,2025-11-26 09:36:11+05:30,994.3,50,989.28,946661,339586.0,292248.0,986.2,995.2,981.3,986.2,118239000,1084.8,887.6,1102.5,649.1,994.0,1015,6,993.9,636,3,993.8,2416,7,993.7,5063,14,993.6,4015,14,994.3,144,2,994.4,377,4,994.5,464,7,994.6,573,6,994.7,1734,20
317,2025-11-26 09:36:12+05:30,994.3,1,989.28,946661,339586.0,292248.0,986.2,995.2,981.3,986.2,118239000,1084.8,887.6,1102.5,649.1,994.0,1015,6,993.9,636,3,993.8,2416,7,993.7,5063,14,993.6,4015,14,994.3,144,2,994.4,377,4,994.5,464,7,994.6,573,6,994.7,1734,20
317,2025-11-26 09:36:12+05:30,994.3,1,989.28,946662,335638.0,292647.0,986.2,995.2,981.3,986.2,118239000,1084.8,887.6,1102.5,649.1,994.0,1015,6,993.9,100,1,993.8,961,4,993.7,460,6,993.6,5817,18,994.3,367,4,994.4,691,7,994.5,658,9,994.6,573,6,994.7,1699,20
317,2025-11-26 09:36:13+05:30,994.3,10,989.28,946662,335638.0,292647.0,986.2,995.2,981.3,986.2,118239000,1084.8,887.6,1102.5,649.1,994.0,1015,6,993.9,100,1,993.8,961,4,993.7,460,6,993.6,5817,18,994.3,367,4,994.4,691,7,994.5,658,9,994.6,573,6,994.7,1699,20
317,2025-11-26 09:36:13+05:30,994.3,10,989.28,946672,332066.0,292965.0,986.2,995.2,981.3,986.2,118239000,1084.8,887.6,1102.5,649.1,994.0,1030,7,993.9,100,1,993.8,961,4,993.7,460,6,993.6,5817,18,994.3,308,3,994.4,691,7,994.5,658,9,994.6,573,6,994.7,1748,20
317,2025-11-26 09:36:14+05:30,994.4,20,989.28,946793,331713.0,292406.0,986.2,995.2,981.3,986.2,118239000,1084.8,887.6,1102.5,649.1,994.1,11,1,994.0,1031,8,993.9,868,4,993.8,1429,6,993.7,4183,13,994.4,170,2,994.5,771,7,994.6,1013,10,994.7,1624,12,994.8,2924,23
317,2025-11-26 09:36:15+05:30,994.4,8,989.28,946793,331713.0,292406.0,986.2,995.2,981.3,986.2,118239000,1084.8,887.6,1102.5,649.1,994.1,11,1,994.0,1031,8,993.9,868,4,993.8,1429,6,993.7,4183,13,994.4,170,2,994.5,771,7,994.6,1013,10,994.7,1624,12,994.8,2924,23
317,2025-11-26 09:36:15+05:30,994.0,89,989.28,946901,335506.0,292969.0,986.2,995.2,981.3,986.2,118239000,1084.8,887.6,1102.5,649.1,994.0,942,8,993.9,854,3,993.8,1272,5,993.7,4132,11,993.6,3291,15,994.4,428,5,994.5,927,9,994.6,1012,10,994.7,1851,16,994.8,2731,22
317,2025-11-26 09:36:16+05:30,994.4,20,989.28,946901,335506.0,292969.0,986.2,995.2,981.3,986.2,118239000,1084.8,887.6,1102.5,649.1,994.0,942,8,993.9,854,3,993.8,1272,5,993.7,4132,11,993.6,3291,15,994.4,428,5,994.5,927,9,994.6,1012,10,994.7,1851,16,994.8,2731,22
317,2025-11-26 09:36:16+05:30,994.0,50,989.28,946971,334220.0,292729.0,986.2,995.2,981.3,986.2,118239000,1084.8,887.6,1102.5,649.1,994.0,892,8,993.9,100,1,993.8,1784,7,993.7,4181,12,993.6,4038,16,994.4,555,5,994.5,861,8,994.6,1444,10,994.7,1018,13,994.8,2731,22
317,2025-11-26 09:36:17+05:30,994.4,10,989.28,946971,334220.0,292729.0,986.2,995.2,981.3,986.2,118239000,1084.8,887.6,1102.5,649.1,994.0,892,8,993.9,100,1,993.8,1784,7,993.7,4181,12,993.6,4038,16,994.4,555,5,994.5,861,8,994.6,1444,10,994.7,1018,13,994.8,2731,22
317,2025-11-26 09:36:17+05:30,994.0,92,989.28,947221,333485.0,294199.0,986.2,995.2,981.3,986.2,118239000,1084.8,887.6,1102.5,649.1,994.0,665,9,993.9,405,2,993.8,2015,5,993.7,3038,11,993.6,4425,16,994.4,545,5,994.5,879,10,994.6,773,7,994.7,1681,14,994.8,2806,23
317,2025-11-26 09:36:18+05:30,994.0,92,989.28,947221,333485.0,294199.0,986.2,995.2,981.3,986.2,118239000,1084.8,887.6,1102.5,649.1,994.0,665,9,993.9,405,2,993.8,2015,5,993.7,3038,11,993.6,4425,16,994.4,545,5,994.5,879,10,994.6,773,7,994.7,1681,14,994.8,2806,23
317,2025-11-26 09:36:18+05:30,994.0,92,989.28,947221,333501.0,294238.0,986.2,995.2,981.3,986.2,118239000,1084.8,887.6,1102.5,649.1,994.0,665,9,993.9,405,2,993.8,948,3,993.7,4183,13,993.6,4360,17,994.4,594,6,994.5,879,10,994.6,773,7,994.7,1108,13,994.8,2806,23
317,2025-11-26 09:36:19+05:30,994.4,151,989.28,947221,333501.0,294238.0,986.2,995.2,981.3,986.2,118239000,1084.8,887.6,1102.5,649.1,994.0,665,9,993.9,405,2,993.8,948,3,993.7,4183,13,993.6,4360,17,994.4,594,6,994.5,879,10,994.6,773,7,994.7,1108,13,994.8,2806,23
317,2025-11-26 09:36:19+05:30,994.0,277,989.29,948098,331534.0,293776.0,986.2,995.2,981.3,986.2,118239000,1084.8,887.6,1102.5,649.1,994.0,288,9,993.9,100,1,993.8,1210,3,993.7,2683,11,993.6,5971,20,994.4,665,8,994.5,804,10,994.6,853,9,994.7,1561,12,994.8,2838,26
317,2025-11-26 09:36:20+05:30,994.0,10,989.29,948098,331534.0,293776.0,986.2,995.2,981.3,986.2,118239000,1084.8,887.6,1102.5,649.1,994.0,288,9,993.9,100,1,993.8,1210,3,993.7,2683,11,993.6,5971,20,994.4,665,8,994.5,804,10,994.6,853,9,994.7,1561,12,994.8,2838,26
317,2025-11-26 09:36:20+05:30,993.9,18,989.29,948404,335537.0,294707.0,986.2,995.2,981.3,986.2,118239000,1084.8,887.6,1102.5,649.1,993.9,1387,6,993.8,2559,8,993.7,2529,10,993.6,4338,17,993.5,736,13,994.4,492,5,994.5,1077,11,994.6,853,9,994.7,1082,11,994.8,2838,26
317,2025-11-26 09:36:21+05:30,993.9,18,989.29,948404,335537.0,294707.0,986.2,995.2,981.3,986.2,118239000,1084.8,887.6,1102.5,649.1,993.9,1387,6,993.8,2559,8,993.7,2529,10,993.6,4338,17,993.5,736,13,994.4,492,5,994.5,1077,11,994.6,853,9,994.7,1082,11,994.8,2838,26
317,2025-11-26 09:36:21+05:30,994.4,3,989.29,948488,332923.0,295587.0,986.2,995.2,981.3,986.2,118239000,1084.8,887.6,1102.5,649.1,993.9,861,4,993.8,315,3,993.7,816,6,993.6,6073,20,993.5,2965,19,994.3,46,1,994.4,927,8,994.5,754,10,994.6,838,8,994.7,2064,13
317,2025-11-26 09:36:22+05:30,994.4,3,989.29,948488,332923.0,295587.0,986.2,995.2,981.3,986.2,118239000,1084.8,887.6,1102.5,649.1,993.9,861,4,993.8,315,3,993.7,816,6,993.6,6073,20,993.5,2965,19,994.3,46,1,994.4,927,8,994.5,754,10,994.6,838,8,994.7,2064,13
317,2025-11-26 09:36:22+05:30,994.4,3,989.29,948488,335058.0,295885.0,986.2,995.2,981.3,986.2,118239000,1084.8,887.6,1102.5,649.1,993.9,1,1,993.8,1013,3,993.7,819,7,993.6,5903,19,993.5,2965,19,994.3,594,5,994.4,638,7,994.5,819,11,994.6,838,8,994.7,1896,14
317,2025-11-26 09:36:23+05:30,994.3,1,989.29,948488,335058.0,295885.0,986.2,995.2,981.3,986.2,118239000,1084.8,887.6,1102.5,649.1,993.9,1,1,993.8,1013,3,993.7,819,7,993.6,5903,19,993.5,2965,19,994.3,594,5,994.4,638,7,994.5,819,11,994.6,838,8,994.7,1896,14
317,2025-11-26 09:36:23+05:30,994.3,1,989.29,948489,337810.0,295976.0,986.2,995.2,981.3,986.2,118239000,1084.8,887.6,1102.5,649.1,993.9,351,2,993.8,948,2,993.7,5193,13,993.6,5180,18,993.5,920,15,994.3,278,3,994.4,1084,11,994.5,779,10,994.6,686,7,994.7,1468,11
317,2025-11-26 09:36:24+05:30,994.3,1,989.29,948489,333682.0,297082.0,986.2,995.2,981.3,986.2,118239000,1084.8,887.6,1102.5,649.1,993.9,1,1,993.7,1658,5,993.6,5773,16,993.5,4098,22,993.4,984,9,994.2,197,2,994.3,875,9,994.4,845,9,994.5,765,9,994.6,794,8
317,2025-11-26 09:36:25+05:30,994.2,72,989.29,948489,333682.0,297082.0,986.2,995.2,981.3,986.2,118239000,1084.8,887.6,1102.5,649.1,993.9,1,1,993.7,1658,5,993.6,5773,16,993.5,4098,22,993.4,984,9,994.2,197,2,994.3,875,9,994.4,845,9,994.5,765,9,994.6,794,8
317,2025-11-26 09:36:25+05:30,994.2,1,989.29,948801,334333.0,298669.0,986.2,995.2,981.3,986.2,118239000,1084.8,887.6,1102.5,649.1,993.7,255,2,993.6,6833,17,993.5,4190,16,993.4,987,13,993.3,1848,10,994.2,283,3,994.3,645,7,994.4,943,11,994.5,1400,14,994.6,928,12
317,2025-11-26 09:36:26+05:30,993.7,32,989.29,948801,334333.0,298669.0,986.2,995.2,981.3,986.2,118239000,1084.8,887.6,1102.5,649.1,993.7,255,2,993.6,6833,17,993.5,4190,16,993.4,987,13,993.3,1848,10,994.2,283,3,994.3,645,7,994.4,943,11,994.5,1400,14,994.6,928,12
317,2025-11-26 09:36:26+05:30,993.7,32,989.29,948897,333626.0,299036.0,986.2,995.2,981.3,986.2,118239000,1084.8,887.6,1102.5,649.1,994.0,50,1,993.7,242,2,993.6,4006,11,993.5,3877,12,993.4,2400,10,994.1,40,1,994.2,535,5,994.3,569,8,994.4,909,10,994.5,1271,14
317,2025-11-26 09:36:27+05:30,993.5,1,989.29,948897,333626.0,299036.0,986.2,995.2,981.3,986.2,118239000,1084.8,887.6,1102.5,649.1,994.0,50,1,993.7,242,2,993.6,4006,11,993.5,3877,12,993.4,2400,10,994.1,40,1,994.2,535,5,994.3,569,8,994.4,909,10,994.5,1271,14
317,2025-11-26 09:36:27+05:30,994.0,7,989.3,949967,331860.0,302728.0,986.2,995.2,981.3,986.2,118239000,1084.8,887.6,1102.5,649.1,993.5,707,2,993.4,1791,5,993.3,3830,12,993.2,4196,15,993.1,895,8,994.0,337,4,994.1,1353,9,994.2,1358,13,994.3,1141,12,994.4,2571,25
317,2025-11-26 09:36:28+05:30,994.0,7,989.3,949967,331860.0,302728.0,986.2,995.2,981.3,986.2,118239000,1084.8,887.6,1102.5,649.1,993.5,707,2,993.4,1791,5,993.3,3830,12,993.2,4196,15,993.1,895,8,994.0,337,4,994.1,1353,9,994.2,1358,13,994.3,1141,12,994.4,2571,25
317,2025-11-26 09:36:28+05:30,993.6,10,989.3,950401,329978.0,303499.0,986.2,995.2,981.3,986.2,118239000,1084.8,887.6,1102.5,649.1,993.6,1387,2,993.5,747,1,993.4,1720,5,993.3,3653,11,993.2,2550,14,994.0,864,9,994.1,666,7,994.2,1395,15,994.3,1534,13,994.4,2478,22
317,2025-11-26 09:36:29+05:30,993.6,10,989.3,950401,329978.0,303499.0,986.2,995.2,981.3,986.2,118239000,1084.8,887.6,1102.5,649.1,993.6,1387,2,993.5,747,1,993.4,1720,5,993.3,3653,11,993.2,2550,14,994.0,864,9,994.1,666,7,994.2,1395,15,994.3,1534,13,994.4,2478,22
317,2025-11-26 09:36:29+05:30,994.0,1,989.3,950436,335189.0,299735.0,986.2,995.2,981.3,986.2,118239000,1084.8,887.6,1102.5,649.1,993.8,747,1,993.7,3878,11,993.6,3637,11,993.5,1770,14,993.4,3715,10,994.0,15,1,994.2,618,5,994.3,1037,7,994.4,1214,17,994.5,1260,13
317,2025-11-26 09:36:30+05:30,994.2,6,989.3,950436,335189.0,299735.0,986.2,995.2,981.3,986.2,118239000,1084.8,887.6,1102.5,649.1,993.8,747,1,993.7,3878,11,993.6,3637,11,993.5,1770,14,993.4,3715,10,994.0,15,1,994.2,618,5,994.3,1037,7,994.4,1214,17,994.5,1260,13
317,2025-11-26 09:36:31+05:30,994.2,20,989.3,950477,332876.0,298419.0,986.2,995.2,981.3,986.2,118239000,1084.8,887.6,1102.5,649.1,993.8,996,4,993.7,6064,15,993.6,3841,10,993.5,732,13,993.4,2422,10,994.2,106,3,994.3,286,3,994.4,1362,10,994.5,1392,12,994.6,1067,14
317,2025-11-26 09:36:31+05:30,994.2,20,989.3,950477,332876.0,298419.0,986.2,995.2,981.3,986.2,118239000,1084.8,887.6,1102.5,649.1,993.8,996,4,993.7,6064,15,993.6,3841,10,993.5,732,13,993.4,2422,10,994.2,106,3,994.3,286,3,994.4,1362,10,994.5,1392,12,994.6,1067,14
317,2025-11-26 09:36:32+05:30,994.2,20,989.3,950477,336485.0,297896.0,986.2,995.2,981.3,986.2,118239000,1084.8,887.6,1102.5,649.1,994.0,82,1,993.9,3403,6,993.8,3994,10,993.7,2605,10,993.6,1766,8,994.2,46,2,994.3,5,1,994.4,731,7,994.5,1060,9,994.6,1089,15
317,2025-11-26 09:36:33+05:30,994.2,82,989.3,950691,338421.0,297452.0,986.2,995.2,981.3,986.2,118239000,1084.8,887.6,1102.5,649.1,994.0,750,1,993.9,4898,10,993.8,4159,10,993.7,1612,8,993.6,1576,8,994.2,6,1,994.3,5,1,994.4,530,6,994.5,857,7,994.6,1401,15
317,2025-11-26 09:36:33+05:30,994.2,82,989.3,950691,338421.0,297452.0,986.2,995.2,981.3,986.2,118239000,1084.8,887.6,1102.5,649.1,994.0,750,1,993.9,4898,10,993.8,4159,10,993.7,1612,8,993.6,1576,8,994.2,6,1,994.3,5,1,994.4,530,6,994.5,857,7,994.6,1401,15
317,2025-11-26 09:36:34+05:30,994.1,1,989.3,950692,336868.0,296919.0,986.2,995.2,981.3,986.2,118239000,1084.8,887.6,1102.5,649.1,994.1,111,1,993.9,5508,9,993.8,4166,10,993.7,1907,11,993.6,1626,9,994.2,10,1,994.3,5,1,994.4,631,6,994.5,1089,10,994.6,1285,14
317,2025-11-26 09:36:34+05:30,994.1,1,989.3,950692,336868.0,296919.0,986.2,995.2,981.3,986.2,118239000,1084.8,887.6,1102.5,649.1,994.1,111,1,993.9,5508,9,993.8,4166,10,993.7,1907,11,993.6,1626,9,994.2,10,1,994.3,5,1,994.4,631,6,994.5,1089,10,994.6,1285,14
317,2025-11-26 09:36:35+05:30,994.1,111,989.3,950803,333115.0,297263.0,986.2,995.2,981.3,986.2,118239000,1084.8,887.6,1102.5,649.1,993.8,750,1,993.7,5567,10,993.6,4418,13,993.5,1183,15,993.4,3172,11,994.2,240,5,994.3,522,6,994.4,922,10,994.5,1102,13,994.6,1212,15
317,2025-11-26 09:36:35+05:30,994.1,111,989.3,950803,333115.0,297263.0,986.2,995.2,981.3,986.2,118239000,1084.8,887.6,1102.5,649.1,993.8,750,1,993.7,5567,10,993.6,4418,13,993.5,1183,15,993.4,3172,11,994.2,240,5,994.3,522,6,994.4,922,10,994.5,1102,13,994.6,1212,15
317,2025-11-26 09:36:36+05:30,994.2,13,989.3,950826,337168.0,298105.0,986.2,995.2,981.3,986.2,118239000,1084.8,887.6,1102.5,649.1,993.8,750,1,993.7,6314,11,993.6,4066,13,993.5,801,15,993.4,3172,11,994.2,96,2,994.3,692,7,994.4,922,10,994.5,1113,14,994.6,1212,15
317,2025-11-26 09:36:36+05:30,994.2,13,989.3,950826,337168.0,298105.0,986.2,995.2,981.3,986.2,118239000,1084.8,887.6,1102.5,649.1,993.8,750,1,993.7,6314,11,993.6,4066,13,993.5,801,15,993.4,3172,11,994.2,96,2,994.3,692,7,994.4,922,10,994.5,1113,14,994.6,1212,15
317,2025-11-26 09:36:37+05:30,994.2,6,989.3,950826,337168.0,298105.0,986.2,995.2,981.3,986.2,118239000,1084.8,887.6,1102.5,649.1,993.8,750,1,993.7,6314,11,993.6,4066,13,993.5,801,15,993.4,3172,11,994.2,96,2,994.3,692,7,994.4,922,10,994.5,1113,14,994.6,1212,15
317,2025-11-26 09:36:37+05:30,994.2,6,989.3,950833,335774.0,297961.0,986.2,995.2,981.3,986.2,118239000,1084.8,887.6,1102.5,649.1,994.0,150,1,993.8,596,1,993.7,7258,13,993.6,4010,13,993.5,971,16,994.2,9,1,994.3,862,8,994.4,752,9,994.5,1007,13,994.6,1212,15
317,2025-11-26 09:36:38+05:30,994.0,10,989.3,950833,335774.0,297961.0,986.2,995.2,981.3,986.2,118239000,1084.8,887.6,1102.5,649.1,994.0,150,1,993.8,596,1,993.7,7258,13,993.6,4010,13,993.5,971,16,994.2,9,1,994.3,862,8,994.4,752,9,994.5,1007,13,994.6,1212,15
317,2025-11-26 09:36:38+05:30,994.3,1,989.3,950844,337840.0,298335.0,986.2,995.2,981.3,986.2,118239000,1084.8,887.6,1102.5,649.1,994.0,153,2,993.8,5605,8,993.7,5419,13,993.6,1098,11,993.5,2262,14,994.3,323,3,994.4,980,11,994.5,1378,15,994.6,1406,16,994.7,1361,12
317,2025-11-26 09:36:39+05:30,994.3,3,989.3,950844,337840.0,298335.0,986.2,995.2,981.3,986.2,118239000,1084.8,887.6,1102.5,649.1,994.0,153,2,993.8,5605,8,993.7,5419,13,993.6,1098,11,993.5,2262,14,994.3,323,3,994.4,980,11,994.5,1378,15,994.6,1406,16,994.7,1361,12
317,2025-11-26 09:36:39+05:30,994.2,750,989.31,951700,336022.0,297139.0,986.2,995.2,981.3,986.2,118239000,1084.8,887.6,1102.5,649.1,994.0,152,2,993.9,202,1,993.8,5543,11,993.7,5544,13,993.6,879,12,994.3,96,2,994.4,989,6,994.5,1435,13,994.6,690,9,994.7,1505,12
317,2025-11-26 09:36:40+05:30,994.0,1,989.31,951700,336022.0,297139.0,986.2,995.2,981.3,986.2,118239000,1084.8,887.6,1102.5,649.1,994.0,152,2,993.9,202,1,993.8,5543,11,993.7,5544,13,993.6,879,12,994.3,96,2,994.4,989,6,994.5,1435,13,994.6,690,9,994.7,1505,12
317,2025-11-26 09:36:40+05:30,993.9,89,989.31,951971,334345.0,296270.0,986.2,995.2,981.3,986.2,118239000,1084.8,887.6,1102.5,649.1,994.2,750,1,993.9,2125,3,993.8,5933,13,993.7,2247,7,993.6,1025,11,994.3,16,1,994.4,405,6,994.5,1566,13,994.6,690,9,994.7,1462,19
317,2025-11-26 09:36:41+05:30,994.1,5,989.31,951971,334345.0,296270.0,986.2,995.2,981.3,986.2,118239000,1084.8,887.6,1102.5,649.1,994.2,750,1,993.9,2125,3,993.8,5933,13,993.7,2247,7,993.6,1025,11,994.3,16,1,994.4,405,6,994.5,1566,13,994.6,690,9,994.7,1462,19
317,2025-11-26 09:36:41+05:30,994.1,10,989.31,951986,335405.0,297126.0,986.2,995.2,981.3,986.2,118239000,1084.8,887.6,1102.5,649.1,994.1,735,1,994.0,3233,5,993.9,3097,6,993.8,3594,11,993.7,2642,9,994.3,5,1,994.4,348,5,994.5,940,7,994.6,908,8,994.7,1970,22
317,2025-11-26 09:36:42+05:30,994.1,10,989.31,951986,335405.0,297126.0,986.2,995.2,981.3,986.2,118239000,1084.8,887.6,1102.5,649.1,994.1,735,1,994.0,3233,5,993.9,3097,6,993.8,3594,11,993.7,2642,9,994.3,5,1,994.4,348,5,994.5,940,7,994.6,908,8,994.7,1970,22
317,2025-11-26 09:36:42+05:30,994.1,25,989.31,952012,339984.0,296994.0,986.2,995.2,981.3,986.2,118239000,1084.8,887.6,1102.5,649.1,994.1,710,1,994.0,4758,8,993.9,3492,8,993.8,2615,11,993.7,2297,9,994.3,4,1,994.4,160,4,994.5,940,7,994.6,965,9,994.7,1813,21
317,2025-11-26 09:36:43+05:30,994.4,10,989.31,952012,339984.0,296994.0,986.2,995.2,981.3,986.2,118239000,1084.8,887.6,1102.5,649.1,994.1,710,1,994.0,4758,8,993.9,3492,8,993.8,2615,11,993.7,2297,9,994.3,4,1,994.4,160,4,994.5,940,7,994.6,965,9,994.7,1813,21
317,2025-11-26 09:36:43+05:30,994.1,4,989.31,952115,333870.0,299266.0,986.2,995.2,981.3,986.2,118239000,1084.8,887.6,1102.5,649.1,993.8,227,1,993.7,4918,7,993.6,5141,11,993.5,1492,14,993.4,1751,14,994.2,306,3,994.3,1668,7,994.4,1206,11,994.5,1490,14,994.6,698,12
317,2025-11-26 09:36:44+05:30,994.1,4,989.31,952115,333870.0,299266.0,986.2,995.2,981.3,986.2,118239000,1084.8,887.6,1102.5,649.1,993.8,227,1,993.7,4918,7,993.6,5141,11,993.5,1492,14,993.4,1751,14,994.2,306,3,994.3,1668,7,994.4,1206,11,994.5,1490,14,994.6,698,12
317,2025-11-26 09:36:44+05:30,994.2,2,989.31,952623,336255.0,298580.0,986.2,995.2,981.3,986.2,118239000,1084.8,887.6,1102.5,649.1,993.8,481,1,993.7,4214,6,993.6,5638,12,993.5,953,13,993.4,1751,14,994.2,341,4,994.3,1875,11,994.4,887,12,994.5,1490,14,994.6,1004,12
317,2025-11-26 09:36:45+05:30,994.2,20,989.31,952623,336255.0,298580.0,986.2,995.2,981.3,986.2,118239000,1084.8,887.6,1102.5,649.1,993.8,481,1,993.7,4214,6,993.6,5638,12,993.5,953,13,993.4,1751,14,994.2,341,4,994.3,1875,11,994.4,887,12,994.5,1490,14,994.6,1004,12
317,2025-11-26 09:36:45+05:30,993.8,135,989.31,952778,336247.0,298987.0,986.2,995.2,981.3,986.2,118239000,1084.8,887.6,1102.5,649.1,993.8,1721,3,993.7,4274,6,993.6,3564,7,993.5,898,12,993.4,2896,16,994.2,399,5,994.3,2086,14,994.4,730,11,994.5,1478,13,994.6,1562,13
317,2025-11-26 09:36:46+05:30,993.8,135,989.31,952778,336247.0,298987.0,986.2,995.2,981.3,986.2,118239000,1084.8,887.6,1102.5,649.1,993.8,1721,3,993.7,4274,6,993.6,3564,7,993.5,898,12,993.4,2896,16,994.2,399,5,994.3,2086,14,994.4,730,11,994.5,1478,13,994.6,1562,13
317,2025-11-26 09:36:46+05:30,994.2,1,989.31,952779,337368.0,298913.0,986.2,995.2,981.3,986.2,118239000,1084.8,887.6,1102.5,649.1,994.0,50,1,993.8,568,1,993.7,5307,8,993.6,4846,11,993.5,1055,13,994.2,437,5,994.3,1784,11,994.4,584,10,994.5,1490,14,994.6,1067,12
317,2025-11-26 09:36:47+05:30,994.2,1,989.31,952779,337368.0,298913.0,986.2,995.2,981.3,986.2,118239000,1084.8,887.6,1102.5,649.1,994.0,50,1,993.8,568,1,993.7,5307,8,993.6,4846,11,993.5,1055,13,994.2,437,5,994.3,1784,11,994.4,584,10,994.5,1490,14,994.6,1067,12
317,2025-11-26 09:36:47+05:30,994.2,1,989.31,952779,337011.0,298822.0,986.2,995.2,981.3,986.2,118239000,1084.8,887.6,1102.5,649.1,994.0,50,1,993.7,5307,8,993.6,4846,11,993.5,1055,13,993.4,2501,15,994.2,280,4,994.3,1835,11,994.4,584,10,994.5,1490,14,994.6,1030,12
317,2025-11-26 09:36:48+05:30,994.2,10,989.31,952779,337011.0,298822.0,986.2,995.2,981.3,986.2,118239000,1084.8,887.6,1102.5,649.1,994.0,50,1,993.7,5307,8,993.6,4846,11,993.5,1055,13,993.4,2501,15,994.2,280,4,994.3,1835,11,994.4,584,10,994.5,1490,14,994.6,1030,12
317,2025-11-26 09:36:48+05:30,994.0,28,989.31,952817,337425.0,298927.0,986.2,995.2,981.3,986.2,118239000,1084.8,887.6,1102.5,649.1,994.0,35,2,993.7,5307,8,993.6,4310,10,993.5,1334,13,993.4,1920,16,994.2,475,6,994.3,1677,10,994.4,1120,11,994.5,1490,14,994.6,504,11
317,2025-11-26 09:36:49+05:30,994.2,2,989.31,952819,336049.0,299052.0,986.2,995.2,981.3,986.2,118239000,1084.8,887.6,1102.5,649.1,994.0,38,3,993.7,2836,4,993.6,3863,11,993.5,4246,15,993.4,1196,17,994.2,530,7,994.3,1815,11,994.4,608,11,994.5,1490,14,994.6,1768,14
317,2025-11-26 09:36:50+05:30,993.7,10,989.31,952819,336049.0,299052.0,986.2,995.2,981.3,986.2,118239000,1084.8,887.6,1102.5,649.1,994.0,38,3,993.7,2836,4,993.6,3863,11,993.5,4246,15,993.4,1196,17,994.2,530,7,994.3,1815,11,994.4,608,11,994.5,1490,14,994.6,1768,14
317,2025-11-26 09:36:50+05:30,994.1,161,989.31,953076,336261.0,299214.0,986.2,995.2,981.3,986.2,118239000,1084.8,887.6,1102.5,649.1,993.7,1592,4,993.6,5595,14,993.5,3960,13,993.4,816,15,993.3,2561,11,994.1,33,1,994.2,271,4,994.3,1479,9,994.4,1022,14,994.5,1310,14
317,2025-11-26 09:36:51+05:30,993.7,38,989.31,953076,336261.0,299214.0,986.2,995.2,981.3,986.2,118239000,1084.8,887.6,1102.5,649.1,993.7,1592,4,993.6,5595,14,993.5,3960,13,993.4,816,15,993.3,2561,11,994.1,33,1,994.2,271,4,994.3,1479,9,994.4,1022,14,994.5,1310,14
317,2025-11-26 09:36:51+05:30,993.7,38,989.31,953076,336261.0,299214.0,986.2,995.2,981.3,986.2,118239000,1084.8,887.6,1102.5,649.1,993.7,1592,4,993.6,5595,14,993.5,3960,13,993.4,816,15,993.3,2561,11,994.1,33,1,994.2,271,4,994.3,1479,9,994.4,1022,14,994.5,1310,14
317,2025-11-26 09:36:51+05:30,993.7,200,989.32,953407,335540.0,299697.0,986.2,995.2,981.3,986.2,118239000,1084.8,887.6,1102.5,649.1,993.7,2219,6,993.6,4950,10,993.5,3218,10,993.4,802,8,993.3,1809,9,994.1,597,6,994.2,609,7,994.3,1669,11,994.4,668,12,994.5,1310,14
317,2025-11-26 09:36:51+05:30,993.7,200,989.32,953407,335540.0,299697.0,986.2,995.2,981.3,986.2,118239000,1084.8,887.6,1102.5,649.1,993.7,2219,6,993.6,4950,10,993.5,3218,10,993.4,802,8,993.3,1809,9,994.1,597,6,994.2,609,7,994.3,1669,11,994.4,668,12,994.5,1310,14
317,2025-11-26 09:36:52+05:30,993.7,200,989.32,953407,335540.0,299697.0,986.2,995.2,981.3,986.2,118239000,1084.8,887.6,1102.5,649.1,993.7,2219,6,993.6,4950,10,993.5,3218,10,993.4,802,8,993.3,1809,9,994.1,597,6,994.2,609,7,994.3,1669,11,994.4,668,12,994.5,1310,14
317,2025-11-26 09:36:52+05:30,993.7,200,989.32,953407,335540.0,299697.0,986.2,995.2,981.3,986.2,118239000,1084.8,887.6,1102.5,649.1,993.7,2219,6,993.6,4950,10,993.5,3218,10,993.4,802,8,993.3,1809,9,994.1,597,6,994.2,609,7,994.3,1669,11,994.4,668,12,994.5,1310,14
317,2025-11-26 09:36:52+05:30,994.1,133,989.32,953762,331485.0,299135.0,986.2,995.2,981.3,986.2,118239000,1084.8,887.6,1102.5,649.1,993.8,23,1,993.7,3361,7,993.6,5207,14,993.5,2712,9,993.4,1460,9,994.2,182,2,994.3,1728,8,994.4,555,8,994.5,1505,15,994.6,646,9
317,2025-11-26 09:36:52+05:30,994.1,133,989.32,953762,331485.0,299135.0,986.2,995.2,981.3,986.2,118239000,1084.8,887.6,1102.5,649.1,993.8,23,1,993.7,3361,7,993.6,5207,14,993.5,2712,9,993.4,1460,9,994.2,182,2,994.3,1728,8,994.4,555,8,994.5,1505,15,994.6,646,9
317,2025-11-26 09:36:53+05:30,994.1,133,989.32,953762,331485.0,299135.0,986.2,995.2,981.3,986.2,118239000,1084.8,887.6,1102.5,649.1,993.8,23,1,993.7,3361,7,993.6,5207,14,993.5,2712,9,993.4,1460,9,994.2,182,2,994.3,1728,8,994.4,555,8,994.5,1505,15,994.6,646,9
317,2025-11-26 09:36:53+05:30,994.2,1,989.32,953762,331485.0,299135.0,986.2,995.2,981.3,986.2,118239000,1084.8,887.6,1102.5,649.1,993.8,23,1,993.7,3361,7,993.6,5207,14,993.5,2712,9,993.4,1460,9,994.2,182,2,994.3,1728,8,994.4,555,8,994.5,1505,15,994.6,646,9
317,2025-11-26 09:36:53+05:30,994.2,1,989.32,953762,331485.0,299135.0,986.2,995.2,981.3,986.2,118239000,1084.8,887.6,1102.5,649.1,993.8,23,1,993.7,3361,7,993.6,5207,14,993.5,2712,9,993.4,1460,9,994.2,182,2,994.3,1728,8,994.4,555,8,994.5,1505,15,994.6,646,9
317,2025-11-26 09:36:53+05:30,994.2,26,989.32,954669,329804.0,299721.0,986.2,995.2,981.3,986.2,118239000,1084.8,887.6,1102.5,649.1,993.6,2208,8,993.5,5748,15,993.4,3648,12,993.3,1085,10,993.2,1884,18,994.1,90,2,994.2,638,5,994.3,1880,10,994.4,732,11,994.5,1494,14
317,2025-11-26 09:36:53+05:30,994.2,26,989.32,954669,329804.0,299721.0,986.2,995.2,981.3,986.2,118239000,1084.8,887.6,1102.5,649.1,993.6,2208,8,993.5,5748,15,993.4,3648,12,993.3,1085,10,993.2,1884,18,994.1,90,2,994.2,638,5,994.3,1880,10,994.4,732,11,994.5,1494,14
317,2025-11-26 09:36:54+05:30,994.2,26,989.32,954669,329804.0,299721.0,986.2,995.2,981.3,986.2,118239000,1084.8,887.6,1102.5,649.1,993.6,2208,8,993.5,5748,15,993.4,3648,12,993.3,1085,10,993.2,1884,18,994.1,90,2,994.2,638,5,994.3,1880,10,994.4,732,11,994.5,1494,14
317,2025-11-26 09:36:54+05:30,994.2,26,989.32,954669,329804.0,299721.0,986.2,995.2,981.3,986.2,118239000,1084.8,887.6,1102.5,649.1,993.6,2208,8,993.5,5748,15,993.4,3648,12,993.3,1085,10,993.2,1884,18,994.1,90,2,994.2,638,5,994.3,1880,10,994.4,732,11,994.5,1494,14
317,2025-11-26 09:36:54+05:30,994.2,26,989.32,954669,329804.0,299721.0,986.2,995.2,981.3,986.2,118442250,1084.8,887.6,1102.5,649.1,993.6,2208,8,993.5,5748,15,993.4,3648,12,993.3,1085,10,993.2,1884,18,994.1,90,2,994.2,638,5,994.3,1880,10,994.4,732,11,994.5,1494,14
317,2025-11-26 09:36:54+05:30,993.6,124,989.32,955069,331419.0,301021.0,986.2,995.2,981.3,986.2,118442250,1084.8,887.6,1102.5,649.1,993.6,3404,7,993.5,3797,8,993.4,2952,8,993.3,1486,12,993.2,1884,18,994.0,29,1,994.1,669,8,994.2,817,7,994.3,1782,10,994.4,1456,12
317,2025-11-26 09:36:55+05:30,993.6,124,989.32,955069,331419.0,301021.0,986.2,995.2,981.3,986.2,118442250,1084.8,887.6,1102.5,649.1,993.6,3404,7,993.5,3797,8,993.4,2952,8,993.3,1486,12,993.2,1884,18,994.0,29,1,994.1,669,8,994.2,817,7,994.3,1782,10,994.4,1456,12
317,2025-11-26 09:36:56+05:30,994.1,10,989.32,955069,331419.0,301021.0,986.2,995.2,981.3,986.2,118442250,1084.8,887.6,1102.5,649.1,993.6,3404,7,993.5,3797,8,993.4,2952,8,993.3,1486,12,993.2,1884,18,994.0,29,1,994.1,669,8,994.2,817,7,994.3,1782,10,994.4,1456,12
317,2025-11-26 09:36:56+05:30,994.1,10,989.32,955169,329135.0,299994.0,986.2,995.2,981.3,986.2,118442250,1084.8,887.6,1102.5,649.1,993.8,508,1,993.7,187,3,993.6,4853,14,993.5,5492,15,993.4,730,8,994.2,593,4,994.3,1820,8,994.4,480,8,994.5,1558,13,994.6,623,10
317,2025-11-26 09:36:57+05:30,993.9,15,989.32,955169,329135.0,299994.0,986.2,995.2,981.3,986.2,118442250,1084.8,887.6,1102.5,649.1,993.8,508,1,993.7,187,3,993.6,4853,14,993.5,5492,15,993.4,730,8,994.2,593,4,994.3,1820,8,994.4,480,8,994.5,1558,13,994.6,623,10
317,2025-11-26 09:36:57+05:30,993.9,15,989.32,955194,336716.0,300272.0,986.2,995.2,981.3,986.2,118442250,1084.8,887.6,1102.5,649.1,993.9,1821,3,993.8,4363,7,993.7,3121,10,993.6,1900,12,993.5,1566,10,994.2,439,3,994.3,1527,5,994.4,622,9,994.5,1694,22,994.6,1296,9
317,2025-11-26 09:36:58+05:30,993.8,133,989.32,955194,336716.0,300272.0,986.2,995.2,981.3,986.2,118442250,1084.8,887.6,1102.5,649.1,993.9,1821,3,993.8,4363,7,993.7,3121,10,993.6,1900,12,993.5,1566,10,994.2,439,3,994.3,1527,5,994.4,622,9,994.5,1694,22,994.6,1296,9
317,2025-11-26 09:36:58+05:30,993.8,133,989.32,955393,341946.0,300362.0,986.2,995.2,981.3,986.2,118442250,1084.8,887.6,1102.5,649.1,993.9,1766,3,993.8,3463,9,993.7,2589,9,993.6,3223,11,993.5,1430,15,994.2,925,5,994.3,1377,4,994.4,510,8,994.5,1609,16,994.6,654,13
317,2025-11-26 09:36:59+05:30,993.9,32,989.32,955393,341946.0,300362.0,986.2,995.2,981.3,986.2,118442250,1084.8,887.6,1102.5,649.1,993.9,1766,3,993.8,3463,9,993.7,2589,9,993.6,3223,11,993.5,1430,15,994.2,925,5,994.3,1377,4,994.4,510,8,994.5,1609,16,994.6,654,13
317,2025-11-26 09:36:59+05:30,993.9,32,989.32,955425,339583.0,300243.0,986.2,995.2,981.3,986.2,118442250,1084.8,887.6,1102.5,649.1,993.9,1734,3,993.8,4591,11,993.7,2933,11,993.6,1982,10,993.5,2180,16,994.2,925,5,994.3,1377,4,994.4,510,8,994.5,1803,17,994.6,854,15
317,2025-11-26 09:37:00+05:30,994.2,9,989.32,955425,339583.0,300243.0,986.2,995.2,981.3,986.2,118442250,1084.8,887.6,1102.5,649.1,993.9,1734,3,993.8,4591,11,993.7,2933,11,993.6,1982,10,993.5,2180,16,994.2,925,5,994.3,1377,4,994.4,510,8,994.5,1803,17,994.6,854,15
317,2025-11-26 09:37:00+05:30,994.2,9,989.33,955570,339206.0,300316.0,986.2,995.2,981.3,986.2,118442250,1084.8,887.6,1102.5,649.1,993.9,13,1,993.8,5428,11,993.7,3522,10,993.6,1993,11,993.5,2169,15,994.2,915,4,994.3,1377,4,994.4,604,12,994.5,1653,16,994.6,1004,16
317,2025-11-26 09:37:01+05:30,994.2,50,989.33,955570,339206.0,300316.0,986.2,995.2,981.3,986.2,118442250,1084.8,887.6,1102.5,649.1,993.9,13,1,993.8,5428,11,993.7,3522,10,993.6,1993,11,993.5,2169,15,994.2,915,4,994.3,1377,4,994.4,604,12,994.5,1653,16,994.6,1004,16
317,2025-11-26 09:37:01+05:30,993.9,10,989.33,955630,341247.0,300291.0,986.2,995.2,981.3,986.2,118442250,1084.8,887.6,1102.5,649.1,993.9,1602,4,993.8,4519,9,993.7,2883,10,993.6,1993,11,993.5,2169,15,994.2,865,4,994.3,1377,4,994.4,604,12,994.5,1653,16,994.6,1004,16
317,2025-11-26 09:37:02+05:30,994.2,110,989.33,955630,341247.0,300291.0,986.2,995.2,981.3,986.2,118442250,1084.8,887.6,1102.5,649.1,993.9,1602,4,993.8,4519,9,993.7,2883,10,993.6,1993,11,993.5,2169,15,994.2,865,4,994.3,1377,4,994.4,604,12,994.5,1653,16,994.6,1004,16
317,2025-11-26 09:37:02+05:30,994.2,110,989.33,955740,341281.0,300702.0,986.2,995.2,981.3,986.2,118442250,1084.8,887.6,1102.5,649.1,993.9,753,2,993.8,5705,16,993.7,3470,11,993.6,1302,12,993.5,2168,14,994.2,755,4,994.3,1377,4,994.4,543,10,994.5,1598,15,994.6,1540,18
317,2025-11-26 09:37:03+05:30,994.0,48,989.33,955740,341281.0,300702.0,986.2,995.2,981.3,986.2,118442250,1084.8,887.6,1102.5,649.1,993.9,753,2,993.8,5705,16,993.7,3470,11,993.6,1302,12,993.5,2168,14,994.2,755,4,994.3,1377,4,994.4,543,10,994.5,1598,15,994.6,1540,18
317,2025-11-26 09:37:03+05:30,994.0,48,989.33,955790,336117.0,298189.0,986.2,995.2,981.3,986.2,118442250,1084.8,887.6,1102.5,649.1,994.1,1548,3,994.0,4999,12,993.9,3227,8,993.8,1159,9,993.7,2516,14,994.2,269,2,994.3,1042,2,994.4,241,4,994.5,1297,10,994.6,767,11
317,2025-11-26 09:37:04+05:30,994.3,654,989.33,956810,345670.0,294067.0,986.2,995.2,981.3,986.2,118442250,1084.8,887.6,1102.5,649.1,994.2,152,1,994.1,4795,14,994.0,5710,13,993.9,744,9,993.8,2190,10,994.3,388,2,994.4,127,2,994.5,315,5,994.6,6,1,994.7,939,5
317,2025-11-26 09:37:05+05:30,994.2,10,989.33,956810,345670.0,294067.0,986.2,995.2,981.3,986.2,118442250,1084.8,887.6,1102.5,649.1,994.2,152,1,994.1,4795,14,994.0,5710,13,993.9,744,9,993.8,2190,10,994.3,388,2,994.4,127,2,994.5,315,5,994.6,6,1,994.7,939,5
317,2025-11-26 09:37:05+05:30,994.2,3,989.33,956958,345081.0,295845.0,986.2,995.2,981.3,986.2,118442250,1084.8,887.6,1102.5,649.1,994.1,1366,3,994.0,4732,11,993.9,3719,12,993.8,955,16,993.7,3596,13,994.2,497,1,994.3,388,2,994.4,127,2,994.5,503,6,994.6,254,5
317,2025-11-26 09:37:06+05:30,994.2,3,989.33,956958,345081.0,295845.0,986.2,995.2,981.3,986.2,118442250,1084.8,887.6,1102.5,649.1,994.1,1366,3,994.0,4732,11,993.9,3719,12,993.8,955,16,993.7,3596,13,994.2,497,1,994.3,388,2,994.4,127,2,994.5,503,6,994.6,254,5
317,2025-11-26 09:37:06+05:30,994.1,135,989.33,957093,344095.0,296390.0,986.2,995.2,981.3,986.2,118442250,1084.8,887.6,1102.5,649.1,994.1,1231,3,994.0,4633,8,993.9,4177,12,993.8,934,15,993.7,3088,12,994.2,497,1,994.3,703,3,994.4,127,2,994.5,503,6,994.6,313,7
317,2025-11-26 09:37:07+05:30,994.1,135,989.33,957093,344095.0,296390.0,986.2,995.2,981.3,986.2,118442250,1084.8,887.6,1102.5,649.1,994.1,1231,3,994.0,4633,8,993.9,4177,12,993.8,934,15,993.7,3088,12,994.2,497,1,994.3,703,3,994.4,127,2,994.5,503,6,994.6,313,7
317,2025-11-26 09:37:07+05:30,994.2,7,989.33,957200,342316.0,296283.0,986.2,995.2,981.3,986.2,118442250,1084.8,887.6,1102.5,649.1,994.1,1231,3,994.0,4645,9,993.9,4329,13,993.8,810,15,993.7,3099,13,994.2,390,1,994.3,703,3,994.4,127,2,994.5,503,6,994.6,313,7
317,2025-11-26 09:37:08+05:30,994.3,14,989.33,957200,342316.0,296283.0,986.2,995.2,981.3,986.2,118442250,1084.8,887.6,1102.5,649.1,994.1,1231,3,994.0,4645,9,993.9,4329,13,993.8,810,15,993.7,3099,13,994.2,390,1,994.3,703,3,994.4,127,2,994.5,503,6,994.6,313,7
317,2025-11-26 09:37:08+05:30,994.2,323,989.34,959175,342804.0,293451.0,986.2,995.2,981.3,986.2,118442250,1084.8,887.6,1102.5,649.1,994.2,266,1,994.1,4134,12,994.0,6042,19,993.9,1024,8,993.8,2379,16,994.3,57,2,994.4,127,2,994.5,315,5,994.6,194,2,994.7,1147,13
317,2025-11-26 09:37:09+05:30,994.2,100,989.34,959175,342804.0,293451.0,986.2,995.2,981.3,986.2,118442250,1084.8,887.6,1102.5,649.1,994.2,266,1,994.1,4134,12,994.0,6042,19,993.9,1024,8,993.8,2379,16,994.3,57,2,994.4,127,2,994.5,315,5,994.6,194,2,994.7,1147,13
317,2025-11-26 09:37:09+05:30,994.3,30,989.35,959762,342074.0,293493.0,986.2,995.2,981.3,986.2,118442250,1084.8,887.6,1102.5,649.1,994.1,4554,10,994.0,4729,15,993.9,1147,9,993.8,3414,17,993.7,2338,11,994.3,27,2,994.4,155,3,994.5,315,5,994.6,250,3,994.7,1054,14
317,2025-11-26 09:37:10+05:30,994.1,77,989.35,959762,342074.0,293493.0,986.2,995.2,981.3,986.2,118442250,1084.8,887.6,1102.5,649.1,994.1,4554,10,994.0,4729,15,993.9,1147,9,993.8,3414,17,993.7,2338,11,994.3,27,2,994.4,155,3,994.5,315,5,994.6,250,3,994.7,1054,14
317,2025-11-26 09:37:10+05:30,994.1,77,989.35,959839,342085.0,293677.0,986.2,995.2,981.3,986.2,118442250,1084.8,887.6,1102.5,649.1,994.2,750,1,994.1,4968,15,994.0,5134,15,993.9,1058,10,993.8,3019,16,994.3,40,2,994.4,131,3,994.5,315,5,994.6,188,1,994.7,1061,10
317,2025-11-26 09:37:11+05:30,994.2,135,989.35,959974,346104.0,293665.0,986.2,995.2,981.3,986.2,118442250,1084.8,887.6,1102.5,649.1,994.2,615,1,994.1,4635,13,994.0,5178,14,993.9,591,7,993.8,3163,17,994.3,40,2,994.4,131,3,994.5,315,5,994.6,250,3,994.7,1163,17
317,2025-11-26 09:37:12+05:30,994.4,46,989.35,959974,346104.0,293665.0,986.2,995.2,981.3,986.2,118442250,1084.8,887.6,1102.5,649.1,994.2,615,1,994.1,4635,13,994.0,5178,14,993.9,591,7,993.8,3163,17,994.3,40,2,994.4,131,3,994.5,315,5,994.6,250,3,994.7,1163,17
317,2025-11-26 09:37:12+05:30,994.4,46,989.35,960074,347078.0,293803.0,986.2,995.2,981.3,986.2,118442250,1084.8,887.6,1102.5,649.1,994.2,658,3,994.1,6187,16,994.0,4626,14,993.9,1064,10,993.8,3132,17,994.3,1,1,994.4,85,3,994.5,426,6,994.6,237,2,994.7,1069,10
317,2025-11-26 09:37:13+05:30,994.5,45,989.35,960074,347078.0,293803.0,986.2,995.2,981.3,986.2,118442250,1084.8,887.6,1102.5,649.1,994.2,658,3,994.1,6187,16,994.0,4626,14,993.9,1064,10,993.8,3132,17,994.3,1,1,994.4,85,3,994.5,426,6,994.6,237,2,994.7,1069,10
317,2025-11-26 09:37:13+05:30,994.5,112,989.35,960623,343583.0,292421.0,986.2,995.2,981.3,986.2,118442250,1084.8,887.6,1102.5,649.1,994.4,522,1,994.3,1,1,994.2,43,2,994.1,5530,13,994.0,5178,14,994.5,120,3,994.6,17,2,994.7,1343,18,994.8,1343,13,994.9,2912,23
317,2025-11-26 09:37:14+05:30,994.5,112,989.35,960623,343583.0,292421.0,986.2,995.2,981.3,986.2,118442250,1084.8,887.6,1102.5,649.1,994.4,522,1,994.3,1,1,994.2,43,2,994.1,5530,13,994.0,5178,14,994.5,120,3,994.6,17,2,994.7,1343,18,994.8,1343,13,994.9,2912,23
317,2025-11-26 09:37:14+05:30,994.4,135,989.35,960758,341269.0,293321.0,986.2,995.2,981.3,986.2,118442250,1084.8,887.6,1102.5,649.1,994.4,400,2,994.3,1,1,994.2,30,1,994.1,5203,11,994.0,4833,12,994.5,197,5,994.6,543,7,994.7,1256,17,994.8,1343,13,994.9,2912,23
317,2025-11-26 09:37:15+05:30,994.4,135,989.35,960758,341269.0,293321.0,986.2,995.2,981.3,986.2,118442250,1084.8,887.6,1102.5,649.1,994.4,400,2,994.3,1,1,994.2,30,1,994.1,5203,11,994.0,4833,12,994.5,197,5,994.6,543,7,994.7,1256,17,994.8,1343,13,994.9,2912,23
317,2025-11-26 09:37:15+05:30,994.4,135,989.35,960758,345346.0,293351.0,986.2,995.2,981.3,986.2,118442250,1084.8,887.6,1102.5,649.1,994.4,400,2,994.3,1,1,994.2,31,2,994.1,5203,11,994.0,4833,12,994.5,197,5,994.6,543,7,994.7,1177,12,994.8,1452,19,994.9,2912,23
317,2025-11-26 09:37:16+05:30,994.4,13,989.35,960758,345346.0,293351.0,986.2,995.2,981.3,986.2,118442250,1084.8,887.6,1102.5,649.1,994.4,400,2,994.3,1,1,994.2,31,2,994.1,5203,11,994.0,4833,12,994.5,197,5,994.6,543,7,994.7,1177,12,994.8,1452,19,994.9,2912,23
317,2025-11-26 09:37:16+05:30,994.4,13,989.35,961158,344174.0,293255.0,986.2,995.2,981.3,986.2,118442250,1084.8,887.6,1102.5,649.1,994.3,1,1,994.2,1501,3,994.1,4357,9,994.0,3799,10,993.9,1056,13,994.5,341,6,994.6,578,8,994.7,1177,12,994.8,1484,20,994.9,2912,23
317,2025-11-26 09:37:17+05:30,994.3,3,989.35,961158,344174.0,293255.0,986.2,995.2,981.3,986.2,118442250,1084.8,887.6,1102.5,649.1,994.3,1,1,994.2,1501,3,994.1,4357,9,994.0,3799,10,993.9,1056,13,994.5,341,6,994.6,578,8,994.7,1177,12,994.8,1484,20,994.9,2912,23
317,2025-11-26 09:37:17+05:30,994.5,1,989.35,961178,345669.0,293281.0,986.2,995.2,981.3,986.2,118442250,1084.8,887.6,1102.5,649.1,994.2,2001,4,994.1,4502,11,994.0,4015,13,993.9,1259,15,993.8,2346,11,994.5,132,4,994.6,523,6,994.7,1167,11,994.8,1721,19,994.9,2911,23
317,2025-11-26 09:37:18+05:30,994.5,1,989.35,961178,345669.0,293281.0,986.2,995.2,981.3,986.2,118442250,1084.8,887.6,1102.5,649.1,994.2,2001,4,994.1,4502,11,994.0,4015,13,993.9,1259,15,993.8,2346,11,994.5,132,4,994.6,523,6,994.7,1167,11,994.8,1721,19,994.9,2911,23
317,2025-11-26 09:37:18+05:30,994.5,1,989.35,961178,345351.0,293190.0,986.2,995.2,981.3,986.2,118442250,1084.8,887.6,1102.5,649.1,994.4,5,1,994.2,2001,4,994.1,4460,12,994.0,4015,13,993.9,1403,16,994.5,325,6,994.6,398,5,994.7,1167,11,994.8,1333,16,994.9,2911,23
317,2025-11-26 09:37:19+05:30,994.5,16,989.35,961178,345351.0,293190.0,986.2,995.2,981.3,986.2,118442250,1084.8,887.6,1102.5,649.1,994.4,5,1,994.2,2001,4,994.1,4460,12,994.0,4015,13,993.9,1403,16,994.5,325,6,994.6,398,5,994.7,1167,11,994.8,1333,16,994.9,2911,23
317,2025-11-26 09:37:19+05:30,994.5,4,989.35,961286,341791.0,293292.0,986.2,995.2,981.3,986.2,118442250,1084.8,887.6,1102.5,649.1,994.4,5,1,994.2,2017,5,994.1,4460,12,994.0,3508,12,993.9,1910,17,994.5,327,7,994.6,447,6,994.7,1154,10,994.8,1333,16,994.9,2924,24
317,2025-11-26 09:37:20+05:30,994.5,4,989.35,961286,341791.0,293292.0,986.2,995.2,981.3,986.2,118442250,1084.8,887.6,1102.5,649.1,994.4,5,1,994.2,2017,5,994.1,4460,12,994.0,3508,12,993.9,1910,17,994.5,327,7,994.6,447,6,994.7,1154,10,994.8,1333,16,994.9,2924,24
317,2025-11-26 09:37:21+05:30,994.2,1,989.36,961415,345680.0,292707.0,986.2,995.2,981.3,986.2,118442250,1084.8,887.6,1102.5,649.1,994.2,1973,6,994.1,4980,15,994.0,3910,14,993.9,1610,14,993.8,2296,10,994.5,185,6,994.6,895,6,994.7,1100,9,994.8,1524,18,994.9,2298,21
317,2025-11-26 09:37:21+05:30,994.2,1,989.36,961415,345680.0,292707.0,986.2,995.2,981.3,986.2,118442250,1084.8,887.6,1102.5,649.1,994.2,1973,6,994.1,4980,15,994.0,3910,14,993.9,1610,14,993.8,2296,10,994.5,185,6,994.6,895,6,994.7,1100,9,994.8,1524,18,994.9,2298,21
317,2025-11-26 09:37:22+05:30,994.2,1,989.36,961415,345400.0,292673.0,986.2,995.2,981.3,986.2,118442250,1084.8,887.6,1102.5,649.1,994.2,1973,6,994.1,4980,15,994.0,4417,15,993.9,1103,13,993.8,2296,10,994.5,185,6,994.6,895,6,994.7,1109,10,994.8,1490,17,994.9,2298,21
317,2025-11-26 09:37:23+05:30,994.2,13,989.36,961415,345400.0,292673.0,986.2,995.2,981.3,986.2,118442250,1084.8,887.6,1102.5,649.1,994.2,1973,6,994.1,4980,15,994.0,4417,15,993.9,1103,13,993.8,2296,10,994.5,185,6,994.6,895,6,994.7,1109,10,994.8,1490,17,994.9,2298,21
317,2025-11-26 09:37:23+05:30,994.2,13,989.36,961563,345551.0,293018.0,986.2,995.2,981.3,986.2,118442250,1084.8,887.6,1102.5,649.1,994.2,1808,6,994.1,4741,13,994.0,3698,12,993.9,1621,15,993.8,2296,10,994.5,185,6,994.6,900,7,994.7,1157,11,994.8,1500,18,994.9,2408,23
317,2025-11-26 09:37:24+05:30,994.5,2,989.36,961671,343646.0,293002.0,986.2,995.2,981.3,986.2,118442250,1084.8,887.6,1102.5,649.1,994.2,1808,6,994.1,4980,15,994.0,4406,14,993.9,1115,15,993.8,2346,11,994.5,197,4,994.6,703,7,994.7,1677,12,994.8,1500,18,994.9,2308,22
317,2025-11-26 09:37:24+05:30,994.5,2,989.36,961671,343646.0,293002.0,986.2,995.2,981.3,986.2,118442250,1084.8,887.6,1102.5,649.1,994.2,1808,6,994.1,4980,15,994.0,4406,14,993.9,1115,15,993.8,2346,11,994.5,197,4,994.6,703,7,994.7,1677,12,994.8,1500,18,994.9,2308,22
317,2025-11-26 09:37:25+05:30,994.5,3,989.36,961671,343646.0,293002.0,986.2,995.2,981.3,986.2,118442250,1084.8,887.6,1102.5,649.1,994.2,1808,6,994.1,4980,15,994.0,4406,14,993.9,1115,15,993.8,2346,11,994.5,197,4,994.6,703,7,994.7,1677,12,994.8,1500,18,994.9,2308,22
317,2025-11-26 09:37:25+05:30,994.5,3,989.36,961722,341765.0,292919.0,986.2,995.2,981.3,986.2,118442250,1084.8,887.6,1102.5,649.1,994.2,1808,6,994.1,4980,15,994.0,4043,14,993.9,1622,16,993.8,2346,11,994.5,146,3,994.6,554,5,994.7,1119,11,994.8,1500,18,994.9,2452,23
317,2025-11-26 09:37:26+05:30,994.2,20,989.36,961722,341765.0,292919.0,986.2,995.2,981.3,986.2,118442250,1084.8,887.6,1102.5,649.1,994.2,1808,6,994.1,4980,15,994.0,4043,14,993.9,1622,16,993.8,2346,11,994.5,146,3,994.6,554,5,994.7,1119,11,994.8,1500,18,994.9,2452,23
317,2025-11-26 09:37:26+05:30,994.2,20,989.36,961755,343168.0,294573.0,986.2,995.2,981.3,986.2,118442250,1084.8,887.6,1102.5,649.1,994.2,1302,5,994.1,4597,12,994.0,4349,14,993.9,864,15,993.8,2741,12,994.4,296,2,994.5,682,5,994.6,1254,9,994.7,1166,12,994.8,2404,21
317,2025-11-26 09:37:27+05:30,994.4,8,989.36,961755,343168.0,294573.0,986.2,995.2,981.3,986.2,118442250,1084.8,887.6,1102.5,649.1,994.2,1302,5,994.1,4597,12,994.0,4349,14,993.9,864,15,993.8,2741,12,994.4,296,2,994.5,682,5,994.6,1254,9,994.7,1166,12,994.8,2404,21
317,2025-11-26 09:37:27+05:30,994.4,8,989.36,961793,342830.0,294553.0,986.2,995.2,981.3,986.2,118442250,1084.8,887.6,1102.5,649.1,994.2,1272,5,994.1,4458,11,994.0,4118,13,993.9,853,14,993.8,2741,12,994.4,288,2,994.5,682,5,994.6,1281,10,994.7,1166,12,994.8,2434,22
317,2025-11-26 09:37:28+05:30,994.1,20,989.36,961793,342830.0,294553.0,986.2,995.2,981.3,986.2,118442250,1084.8,887.6,1102.5,649.1,994.2,1272,5,994.1,4458,11,994.0,4118,13,993.9,853,14,993.8,2741,12,994.4,288,2,994.5,682,5,994.6,1281,10,994.7,1166,12,994.8,2434,22
317,2025-11-26 09:37:28+05:30,994.1,20,989.38,966210,337897.0,298989.0,986.2,995.2,981.3,986.2,118442250,1084.8,887.6,1102.5,649.1,993.9,87,1,993.8,895,2,993.7,2686,8,993.6,3784,16,993.5,1295,11,994.1,1,1,994.3,1021,6,994.4,654,7,994.5,1560,15,994.6,1435,20
317,2025-11-26 09:37:29+05:30,994.1,4,989.38,966210,337897.0,298989.0,986.2,995.2,981.3,986.2,118442250,1084.8,887.6,1102.5,649.1,993.9,87,1,993.8,895,2,993.7,2686,8,993.6,3784,16,993.5,1295,11,994.1,1,1,994.3,1021,6,994.4,654,7,994.5,1560,15,994.6,1435,20
317,2025-11-26 09:37:29+05:30,994.0,25,989.39,968138,340197.0,299248.0,986.2,995.2,981.3,986.2,118442250,1084.8,887.6,1102.5,649.1,993.8,750,1,993.7,2041,4,993.6,3344,12,993.5,3457,12,993.4,1890,12,994.1,92,1,994.2,328,3,994.3,1552,12,994.4,863,11,994.5,2393,22
317,2025-11-26 09:37:30+05:30,993.8,577,989.39,968138,340197.0,299248.0,986.2,995.2,981.3,986.2,118442250,1084.8,887.6,1102.5,649.1,993.8,750,1,993.7,2041,4,993.6,3344,12,993.5,3457,12,993.4,1890,12,994.1,92,1,994.2,328,3,994.3,1552,12,994.4,863,11,994.5,2393,22
317,2025-11-26 09:37:30+05:30,993.7,117,989.39,969005,338385.0,300681.0,986.2,995.2,981.3,986.2,118442250,1084.8,887.6,1102.5,649.1,993.7,53,1,993.6,2370,9,993.5,4488,12,993.4,3235,12,993.3,1104,11,994.0,159,2,994.1,409,4,994.2,513,6,994.3,1496,12,994.4,1880,14
317,2025-11-26 09:37:31+05:30,993.7,53,989.39,969005,338385.0,300681.0,986.2,995.2,981.3,986.2,118442250,1084.8,887.6,1102.5,649.1,993.7,53,1,993.6,2370,9,993.5,4488,12,993.4,3235,12,993.3,1104,11,994.0,159,2,994.1,409,4,994.2,513,6,994.3,1496,12,994.4,1880,14
317,2025-11-26 09:37:31+05:30,993.5,265,989.4,970203,332183.0,302862.0,986.2,995.2,981.3,986.2,118442250,1084.8,887.6,1102.5,649.1,993.5,218,2,993.4,2151,6,993.3,2183,6,993.2,4320,18,993.1,965,10,993.9,376,1,994.0,311,4,994.1,1741,14,994.2,1332,11,994.3,2099,20
317,2025-11-26 09:37:32+05:30,993.6,18,989.4,970203,332183.0,302862.0,986.2,995.2,981.3,986.2,118442250,1084.8,887.6,1102.5,649.1,993.5,218,2,993.4,2151,6,993.3,2183,6,993.2,4320,18,993.1,965,10,993.9,376,1,994.0,311,4,994.1,1741,14,994.2,1332,11,994.3,2099,20
317,2025-11-26 09:37:32+05:30,993.5,10,989.4,971534,336736.0,301352.0,986.2,995.2,981.3,986.2,118442250,1084.8,887.6,1102.5,649.1,993.5,741,5,993.4,5797,15,993.3,3063,11,993.2,3174,14,993.1,777,9,993.9,1,1,994.0,29,1,994.1,756,5,994.2,976,8,994.3,1857,16
317,2025-11-26 09:37:33+05:30,994.0,19,989.4,971534,336736.0,301352.0,986.2,995.2,981.3,986.2,118442250,1084.8,887.6,1102.5,649.1,993.5,741,5,993.4,5797,15,993.3,3063,11,993.2,3174,14,993.1,777,9,993.9,1,1,994.0,29,1,994.1,756,5,994.2,976,8,994.3,1857,16
317,2025-11-26 09:37:33+05:30,993.6,33,989.4,971699,332896.0,301707.0,986.2,995.2,981.3,986.2,118442250,1084.8,887.6,1102.5,649.1,993.5,741,5,993.4,5797,15,993.3,2921,9,993.2,3305,15,993.1,788,10,993.9,20,1,994.0,10,1,994.1,934,5,994.2,1010,9,994.3,1947,17
317,2025-11-26 09:37:34+05:30,993.5,132,989.4,971699,332896.0,301707.0,986.2,995.2,981.3,986.2,118442250,1084.8,887.6,1102.5,649.1,993.5,741,5,993.4,5797,15,993.3,2921,9,993.2,3305,15,993.1,788,10,993.9,20,1,994.0,10,1,994.1,934,5,994.2,1010,9,994.3,1947,17
317,2025-11-26 09:37:34+05:30,993.5,132,989.4,971831,336501.0,302438.0,986.2,995.2,981.3,986.2,118442250,1084.8,887.6,1102.5,649.1,993.5,13,1,993.4,3471,6,993.3,3227,8,993.2,3700,16,993.1,976,11,993.9,254,4,994.0,900,9,994.1,1131,8,994.2,1051,10,994.3,1970,19
317,2025-11-26 09:37:35+05:30,993.9,10,989.4,971831,336501.0,302438.0,986.2,995.2,981.3,986.2,118442250,1084.8,887.6,1102.5,649.1,993.5,13,1,993.4,3471,6,993.3,3227,8,993.2,3700,16,993.1,976,11,993.9,254,4,994.0,900,9,994.1,1131,8,994.2,1051,10,994.3,1970,19
317,2025-11-26 09:37:35+05:30,994.0,34,989.41,973496,335039.0,301971.0,986.2,995.2,981.3,986.2,118442250,1084.8,887.6,1102.5,649.1,993.6,750,1,993.5,3273,5,993.4,3131,8,993.3,2059,10,993.2,2881,11,993.9,6,2,994.0,478,6,994.1,1096,9,994.2,1426,14,994.3,1945,16
317,2025-11-26 09:37:36+05:30,994.0,34,989.41,973496,335039.0,301971.0,986.2,995.2,981.3,986.2,118442250,1084.8,887.6,1102.5,649.1,993.6,750,1,993.5,3273,5,993.4,3131,8,993.3,2059,10,993.2,2881,11,993.9,6,2,994.0,478,6,994.1,1096,9,994.2,1426,14,994.3,1945,16
317,2025-11-26 09:37:36+05:30,994.0,34,989.41,973496,337346.0,302680.0,986.2,995.2,981.3,986.2,118442250,1084.8,887.6,1102.5,649.1,993.6,750,1,993.5,3274,6,993.4,3131,8,993.3,2059,10,993.2,2881,11,993.9,1,1,994.0,665,8,994.1,1294,11,994.2,1526,15,994.3,1945,16
317,2025-11-26 09:37:37+05:30,993.6,290,989.41,973496,337346.0,302680.0,986.2,995.2,981.3,986.2,118442250,1084.8,887.6,1102.5,649.1,993.6,750,1,993.5,3274,6,993.4,3131,8,993.3,2059,10,993.2,2881,11,993.9,1,1,994.0,665,8,994.1,1294,11,994.2,1526,15,994.3,1945,16
317,2025-11-26 09:37:37+05:30,993.6,290,989.41,973786,332196.0,304648.0,986.2,995.2,981.3,986.2,118442250,1084.8,887.6,1102.5,649.1,993.5,1,1,993.4,1288,2,993.3,2452,7,993.2,4807,15,993.1,1541,16,993.8,42,1,993.9,621,7,994.0,900,13,994.1,1434,12,994.2,1859,18
317,2025-11-26 09:37:38+05:30,993.8,1,989.41,973786,332196.0,304648.0,986.2,995.2,981.3,986.2,118442250,1084.8,887.6,1102.5,649.1,993.5,1,1,993.4,1288,2,993.3,2452,7,993.2,4807,15,993.1,1541,16,993.8,42,1,993.9,621,7,994.0,900,13,994.1,1434,12,994.2,1859,18
317,2025-11-26 09:37:38+05:30,993.8,1,989.41,973787,337104.0,303755.0,986.2,995.2,981.3,986.2,118442250,1084.8,887.6,1102.5,649.1,993.5,1,1,993.4,1344,3,993.3,3063,8,993.2,5218,18,993.1,1146,15,993.8,41,1,993.9,490,6,994.0,915,9,994.1,1434,12,994.2,1670,18
317,2025-11-26 09:37:39+05:30,993.9,1,989.41,973787,337104.0,303755.0,986.2,995.2,981.3,986.2,118442250,1084.8,887.6,1102.5,649.1,993.5,1,1,993.4,1344,3,993.3,3063,8,993.2,5218,18,993.1,1146,15,993.8,41,1,993.9,490,6,994.0,915,9,994.1,1434,12,994.2,1670,18
317,2025-11-26 09:37:39+05:30,993.4,117,989.41,973977,334022.0,303588.0,986.2,995.2,981.3,986.2,118442250,1084.8,887.6,1102.5,649.1,993.4,1171,2,993.3,2849,5,993.2,4006,14,993.1,2285,16,993.0,3214,23,993.8,233,2,993.9,680,7,994.0,794,9,994.1,1294,11,994.2,1509,16
317,2025-11-26 09:37:40+05:30,993.4,194,989.41,973977,334022.0,303588.0,986.2,995.2,981.3,986.2,118442250,1084.8,887.6,1102.5,649.1,993.4,1171,2,993.3,2849,5,993.2,4006,14,993.1,2285,16,993.0,3214,23,993.8,233,2,993.9,680,7,994.0,794,9,994.1,1294,11,994.2,1509,16
317,2025-11-26 09:37:40+05:30,993.4,4,989.41,974178,335868.0,303136.0,986.2,995.2,981.3,986.2,118442250,1084.8,887.6,1102.5,649.1,993.4,973,2,993.3,3599,6,993.2,4455,16,993.1,1157,16,993.0,3214,23,993.9,612,7,994.0,542,7,994.1,1294,11,994.2,1509,16,994.3,2324,19
317,2025-11-26 09:37:41+05:30,993.4,4,989.41,974178,335868.0,303136.0,986.2,995.2,981.3,986.2,118442250,1084.8,887.6,1102.5,649.1,993.4,973,2,993.3,3599,6,993.2,4455,16,993.1,1157,16,993.0,3214,23,993.9,612,7,994.0,542,7,994.1,1294,11,994.2,1509,16,994.3,2324,19
317,2025-11-26 09:37:41+05:30,993.4,86,989.42,974323,333322.0,303445.0,986.2,995.2,981.3,986.2,118442250,1084.8,887.6,1102.5,649.1,993.4,941,3,993.3,3209,9,993.2,4200,14,993.1,947,11,993.0,3177,24,993.9,350,5,994.0,702,8,994.1,898,10,994.2,1521,18,994.3,2512,21
317,2025-11-26 09:37:42+05:30,993.4,86,989.42,974323,333322.0,303445.0,986.2,995.2,981.3,986.2,118442250,1084.8,887.6,1102.5,649.1,993.4,941,3,993.3,3209,9,993.2,4200,14,993.1,947,11,993.0,3177,24,993.9,350,5,994.0,702,8,994.1,898,10,994.2,1521,18,994.3,2512,21
317,2025-11-26 09:37:42+05:30,993.4,86,989.42,974323,330925.0,303920.0,986.2,995.2,981.3,986.2,118442250,1084.8,887.6,1102.5,649.1,993.4,887,2,993.3,2890,6,993.2,4562,17,993.1,1012,13,993.0,3177,24,993.9,779,8,994.0,712,10,994.1,890,10,994.2,1511,17,994.3,2512,21
317,2025-11-26 09:37:43+05:30,993.9,27,989.42,974350,332863.0,303867.0,986.2,995.2,981.3,986.2,118442250,1084.8,887.6,1102.5,649.1,993.4,1144,5,993.3,3104,9,993.2,4256,16,993.1,1001,12,993.0,3220,24,993.9,207,4,994.0,734,10,994.1,1198,12,994.2,1522,18,994.3,2700,22
317,2025-11-26 09:37:44+05:30,993.9,27,989.42,974350,332863.0,303867.0,986.2,995.2,981.3,986.2,118442250,1084.8,887.6,1102.5,649.1,993.4,1144,5,993.3,3104,9,993.2,4256,16,993.1,1001,12,993.0,3220,24,993.9,207,4,994.0,734,10,994.1,1198,12,994.2,1522,18,994.3,2700,22
317,2025-11-26 09:37:44+05:30,993.9,27,989.42,974350,332877.0,303850.0,986.2,995.2,981.3,986.2,118442250,1084.8,887.6,1102.5,649.1,993.4,941,3,993.3,3209,9,993.2,4256,16,993.1,1001,12,993.0,3220,24,993.9,207,4,994.0,739,11,994.1,1198,12,994.2,1522,18,994.3,2700,22
317,2025-11-26 09:37:45+05:30,993.4,1,989.42,974350,332877.0,303850.0,986.2,995.2,981.3,986.2,118442250,1084.8,887.6,1102.5,649.1,993.4,941,3,993.3,3209,9,993.2,4256,16,993.1,1001,12,993.0,3220,24,993.9,207,4,994.0,739,11,994.1,1198,12,994.2,1522,18,994.3,2700,22
317,2025-11-26 09:37:45+05:30,993.4,30,989.42,974517,331763.0,303698.0,986.2,995.2,981.3,986.2,118442250,1084.8,887.6,1102.5,649.1,993.4,13,1,993.3,1983,4,993.2,1966,13,993.1,2878,16,993.0,1855,22,993.9,642,8,994.0,1671,16,994.1,1830,17,994.2,2069,22,994.3,1965,17
317,2025-11-26 09:37:46+05:30,993.9,1,989.42,974517,331763.0,303698.0,986.2,995.2,981.3,986.2,118442250,1084.8,887.6,1102.5,649.1,993.4,13,1,993.3,1983,4,993.2,1966,13,993.1,2878,16,993.0,1855,22,993.9,642,8,994.0,1671,16,994.1,1830,17,994.2,2069,22,994.3,1965,17
317,2025-11-26 09:37:46+05:30,993.9,1,989.42,974518,336460.0,303668.0,986.2,995.2,981.3,986.2,118442250,1084.8,887.6,1102.5,649.1,993.5,3483,6,993.4,3656,12,993.3,1897,6,993.2,1722,11,993.1,1733,14,993.9,295,3,994.0,1427,12,994.1,1824,16,994.2,1563,20,994.3,2257,18
317,2025-11-26 09:37:47+05:30,993.9,10,989.42,974518,336460.0,303668.0,986.2,995.2,981.3,986.2,118442250,1084.8,887.6,1102.5,649.1,993.5,3483,6,993.4,3656,12,993.3,1897,6,993.2,1722,11,993.1,1733,14,993.9,295,3,994.0,1427,12,994.1,1824,16,994.2,1563,20,994.3,2257,18
317,2025-11-26 09:37:47+05:30,993.5,25,989.42,974553,338138.0,303286.0,986.2,995.2,981.3,986.2,118442250,1084.8,887.6,1102.5,649.1,993.8,10,1,993.6,750,1,993.5,2668,5,993.4,3231,6,993.3,1808,5,993.9,383,5,994.0,1373,12,994.1,1573,15,994.2,1457,20,994.3,2103,17
317,2025-11-26 09:37:48+05:30,993.5,25,989.42,974553,338138.0,303286.0,986.2,995.2,981.3,986.2,118442250,1084.8,887.6,1102.5,649.1,993.8,10,1,993.6,750,1,993.5,2668,5,993.4,3231,6,993.3,1808,5,993.9,383,5,994.0,1373,12,994.1,1573,15,994.2,1457,20,994.3,2103,17
317,2025-11-26 09:37:48+05:30,993.5,25,989.42,974553,334375.0,305329.0,986.2,995.2,981.3,986.2,118442250,1084.8,887.6,1102.5,649.1,993.8,10,1,993.6,750,1,993.5,2668,5,993.4,3340,7,993.3,1808,5,993.9,177,3,994.0,1527,13,994.1,1573,15,994.2,1457,20,994.3,2603,18
317,2025-11-26 09:37:50+05:30,993.8,2,989.42,974555,338431.0,305381.0,986.2,995.2,981.3,986.2,118442250,1084.8,887.6,1102.5,649.1,993.8,8,1,993.6,750,1,993.5,2668,5,993.4,3340,7,993.3,1808,5,993.9,383,5,994.0,1373,12,994.1,1573,15,994.2,1457,20,994.3,2603,18
317,2025-11-26 09:37:50+05:30,993.8,2,989.42,974555,338431.0,305381.0,986.2,995.2,981.3,986.2,118442250,1084.8,887.6,1102.5,649.1,993.8,8,1,993.6,750,1,993.5,2668,5,993.4,3340,7,993.3,1808,5,993.9,383,5,994.0,1373,12,994.1,1573,15,994.2,1457,20,994.3,2603,18
317,2025-11-26 09:37:51+05:30,993.8,2,989.42,974555,338423.0,305366.0,986.2,995.2,981.3,986.2,118442250,1084.8,887.6,1102.5,649.1,993.8,13,2,993.6,750,1,993.5,2655,4,993.4,3389,9,993.3,1808,5,993.9,229,4,994.0,1512,13,994.1,1573,15,994.2,1457,20,994.3,2603,18
317,2025-11-26 09:37:52+05:30,993.8,2,989.42,974555,334389.0,305366.0,986.2,995.2,981.3,986.2,118442250,1084.8,887.6,1102.5,649.1,993.8,13,2,993.6,750,1,993.5,2655,4,993.4,3389,9,993.3,1808,5,993.9,229,4,994.0,1512,13,994.1,1573,15,994.2,1457,20,994.3,2603,18
317,2025-11-26 09:37:53+05:30,993.8,2,989.42,974555,334146.0,305337.0,986.2,995.2,981.3,986.2,118442250,1084.8,887.6,1102.5,649.1,993.8,13,2,993.6,750,1,993.5,2655,4,993.4,3469,10,993.3,1808,5,993.9,229,4,994.0,1512,13,994.1,1573,15,994.2,1457,20,994.3,2603,18
317,2025-11-26 09:37:54+05:30,993.9,100,989.42,974555,334146.0,305337.0,986.2,995.2,981.3,986.2,118442250,1084.8,887.6,1102.5,649.1,993.8,13,2,993.6,750,1,993.5,2655,4,993.4,3469,10,993.3,1808,5,993.9,229,4,994.0,1512,13,994.1,1573,15,994.2,1457,20,994.3,2603,18
317,2025-11-26 09:37:54+05:30,993.9,100,989.42,974667,338204.0,305147.0,986.2,995.2,981.3,986.2,118442250,1084.8,887.6,1102.5,649.1,993.8,13,2,993.6,750,1,993.5,2655,4,993.4,3659,12,993.3,1808,5,993.9,139,4,994.0,1373,12,994.1,1712,16,994.2,1357,19,994.3,2603,18
317,2025-11-26 09:37:55+05:30,993.9,100,989.42,974667,338756.0,305095.0,986.2,995.2,981.3,986.2,118442250,1084.8,887.6,1102.5,649.1,993.8,13,2,993.6,750,1,993.5,2657,5,993.4,3659,12,993.3,1808,5,993.9,87,3,994.0,1373,12,994.1,1712,16,994.2,1357,19,994.3,2603,18
317,2025-11-26 09:37:56+05:30,993.9,100,989.42,974667,338703.0,305454.0,986.2,995.2,981.3,986.2,118442250,1084.8,887.6,1102.5,649.1,993.8,13,2,993.6,750,1,993.5,2657,5,993.4,3659,12,993.3,1808,5,993.9,87,3,994.0,1185,11,994.1,1712,16,994.2,1689,14,994.3,2682,23
317,2025-11-26 09:37:57+05:30,993.9,5,989.42,974667,338703.0,305454.0,986.2,995.2,981.3,986.2,118442250,1084.8,887.6,1102.5,649.1,993.8,13,2,993.6,750,1,993.5,2657,5,993.4,3659,12,993.3,1808,5,993.9,87,3,994.0,1185,11,994.1,1712,16,994.2,1689,14,994.3,2682,23
317,2025-11-26 09:37:57+05:30,993.9,5,989.42,974682,335107.0,305652.0,986.2,995.2,981.3,986.2,118442250,1084.8,887.6,1102.5,649.1,993.8,24,2,993.6,750,1,993.5,2,1,993.4,1926,8,993.3,2950,6,993.9,131,4,994.0,1413,13,994.1,1712,16,994.2,1602,14,994.3,2592,22
317,2025-11-26 09:37:58+05:30,993.9,6,989.42,974682,335107.0,305652.0,986.2,995.2,981.3,986.2,118442250,1084.8,887.6,1102.5,649.1,993.8,24,2,993.6,750,1,993.5,2,1,993.4,1926,8,993.3,2950,6,993.9,131,4,994.0,1413,13,994.1,1712,16,994.2,1602,14,994.3,2592,22
317,2025-11-26 09:37:58+05:30,993.9,6,989.42,974688,333690.0,305746.0,986.2,995.2,981.3,986.2,118442250,1084.8,887.6,1102.5,649.1,993.8,74,3,993.6,750,1,993.5,2,1,993.4,426,6,993.3,2950,6,993.9,76,3,994.0,1552,14,994.1,1573,15,994.2,1602,14,994.3,2592,22
317,2025-11-26 09:37:59+05:30,993.9,10,989.42,974688,333690.0,305746.0,986.2,995.2,981.3,986.2,118442250,1084.8,887.6,1102.5,649.1,993.8,74,3,993.6,750,1,993.5,2,1,993.4,426,6,993.3,2950,6,993.9,76,3,994.0,1552,14,994.1,1573,15,994.2,1602,14,994.3,2592,22
317,2025-11-26 09:37:59+05:30,993.9,10,989.42,974700,331401.0,305507.0,986.2,995.2,981.3,986.2,118442250,1084.8,887.6,1102.5,649.1,993.8,74,3,993.6,750,1,993.5,2,1,993.4,426,6,993.3,3001,7,993.9,64,3,994.0,1299,12,994.1,1573,15,994.2,1602,14,994.3,2592,22
317,2025-11-26 09:38:00+05:30,993.6,426,989.42,975200,333913.0,306073.0,986.2,995.2,981.3,986.2,118442250,1084.8,887.6,1102.5,649.1,993.6,324,1,993.5,2,1,993.4,315,4,993.3,3001,7,993.2,1870,14,993.9,323,4,994.0,1056,10,994.1,1689,16,994.2,2342,17,994.3,2142,22
317,2025-11-26 09:38:01+05:30,993.6,426,989.42,975200,333913.0,306073.0,986.2,995.2,981.3,986.2,118442250,1084.8,887.6,1102.5,649.1,993.6,324,1,993.5,2,1,993.4,315,4,993.3,3001,7,993.2,1870,14,993.9,323,4,994.0,1056,10,994.1,1689,16,994.2,2342,17,994.3,2142,22
317,2025-11-26 09:38:01+05:30,993.6,86,989.42,975432,331500.0,306551.0,986.2,995.2,981.3,986.2,118442250,1084.8,887.6,1102.5,649.1,993.6,93,1,993.5,2,1,993.4,116,2,993.3,3001,7,993.2,2071,15,993.9,1052,7,994.0,927,13,994.1,1689,16,994.2,2363,17,994.3,2142,22
317,2025-11-26 09:38:02+05:30,993.9,10,989.42,975432,331500.0,306551.0,986.2,995.2,981.3,986.2,118442250,1084.8,887.6,1102.5,649.1,993.6,93,1,993.5,2,1,993.4,116,2,993.3,3001,7,993.2,2071,15,993.9,1052,7,994.0,927,13,994.1,1689,16,994.2,2363,17,994.3,2142,22
317,2025-11-26 09:38:02+05:30,993.9,3,989.43,976834,337361.0,303894.0,986.2,995.2,981.3,986.2,118442250,1084.8,887.6,1102.5,649.1,993.9,608,1,993.8,50,1,993.7,93,1,993.5,390,3,993.4,2667,10,994.0,283,5,994.1,1088,10,994.2,1201,12,994.3,2015,18,994.4,2151,20
317,2025-11-26 09:38:03+05:30,993.9,3,989.43,976834,337361.0,303894.0,986.2,995.2,981.3,986.2,118442250,1084.8,887.6,1102.5,649.1,993.9,608,1,993.8,50,1,993.7,93,1,993.5,390,3,993.4,2667,10,994.0,283,5,994.1,1088,10,994.2,1201,12,994.3,2015,18,994.4,2151,20
317,2025-11-26 09:38:03+05:30,993.9,5,989.43,977272,335999.0,303794.0,986.2,995.2,981.3,986.2,118442250,1084.8,887.6,1102.5,649.1,993.9,171,2,993.8,50,1,993.6,93,1,993.5,188,2,993.4,1062,8,994.0,416,9,994.1,1467,13,994.2,1085,12,994.3,2500,18,994.4,1084,19
317,2025-11-26 09:38:04+05:30,993.9,5,989.43,977272,335999.0,303794.0,986.2,995.2,981.3,986.2,118442250,1084.8,887.6,1102.5,649.1,993.9,171,2,993.8,50,1,993.6,93,1,993.5,188,2,993.4,1062,8,994.0,416,9,994.1,1467,13,994.2,1085,12,994.3,2500,18,994.4,1084,19
317,2025-11-26 09:38:05+05:30,993.9,145,989.43,977417,333953.0,304734.0,986.2,995.2,981.3,986.2,118442250,1084.8,887.6,1102.5,649.1,993.9,26,2,993.8,50,1,993.6,93,1,993.5,390,3,993.4,2670,10,994.0,716,10,994.1,1467,13,994.2,1085,12,994.3,2500,18,994.4,1922,21
317,2025-11-26 09:38:05+05:30,993.9,145,989.43,977417,333953.0,304734.0,986.2,995.2,981.3,986.2,118442250,1084.8,887.6,1102.5,649.1,993.9,26,2,993.8,50,1,993.6,93,1,993.5,390,3,993.4,2670,10,994.0,716,10,994.1,1467,13,994.2,1085,12,994.3,2500,18,994.4,1922,21
317,2025-11-26 09:38:06+05:30,993.9,25,989.43,977417,333953.0,304734.0,986.2,995.2,981.3,986.2,118442250,1084.8,887.6,1102.5,649.1,993.9,26,2,993.8,50,1,993.6,93,1,993.5,390,3,993.4,2670,10,994.0,716,10,994.1,1467,13,994.2,1085,12,994.3,2500,18,994.4,1922,21
317,2025-11-26 09:38:06+05:30,993.9,25,989.43,977519,335964.0,304746.0,986.2,995.2,981.3,986.2,118442250,1084.8,887.6,1102.5,649.1,993.6,93,1,993.5,771,6,993.4,2970,12,993.3,2051,9,993.2,4009,16,993.9,101,1,994.0,589,9,994.1,1423,14,994.2,1051,10,994.3,2500,18
317,2025-11-26 09:38:07+05:30,993.9,25,989.43,977519,335027.0,304782.0,986.2,995.2,981.3,986.2,118442250,1084.8,887.6,1102.5,649.1,993.6,93,1,993.5,720,5,993.4,2970,12,993.3,2316,9,993.2,3259,15,994.0,673,9,994.1,1472,14,994.2,1051,10,994.3,2502,19,994.4,2023,23
317,2025-11-26 09:38:08+05:30,994.0,1,989.43,977519,335027.0,304782.0,986.2,995.2,981.3,986.2,118442250,1084.8,887.6,1102.5,649.1,993.6,93,1,993.5,720,5,993.4,2970,12,993.3,2316,9,993.2,3259,15,994.0,673,9,994.1,1472,14,994.2,1051,10,994.3,2502,19,994.4,2023,23
317,2025-11-26 09:38:08+05:30,993.9,1,989.43,977521,334120.0,305386.0,986.2,995.2,981.3,986.2,118442250,1084.8,887.6,1102.5,649.1,993.6,106,2,993.5,528,4,993.4,3080,13,993.3,1780,9,993.2,3259,15,994.0,891,12,994.1,1346,13,994.2,1550,11,994.3,2508,19,994.4,2030,22
317,2025-11-26 09:38:09+05:30,993.9,3,989.43,977521,334120.0,305386.0,986.2,995.2,981.3,986.2,118442250,1084.8,887.6,1102.5,649.1,993.6,106,2,993.5,528,4,993.4,3080,13,993.3,1780,9,993.2,3259,15,994.0,891,12,994.1,1346,13,994.2,1550,11,994.3,2508,19,994.4,2030,22
317,2025-11-26 09:38:09+05:30,993.9,3,989.43,977824,335004.0,304832.0,986.2,995.2,981.3,986.2,118442250,1084.8,887.6,1102.5,649.1,993.9,50,1,993.6,750,1,993.5,236,2,993.4,3125,13,993.3,2107,12,994.0,852,11,994.1,1471,14,994.2,1051,10,994.3,2396,18,994.4,2030,22
317,2025-11-26 09:38:10+05:30,994.0,2,989.43,977824,335004.0,304832.0,986.2,995.2,981.3,986.2,118442250,1084.8,887.6,1102.5,649.1,993.9,50,1,993.6,750,1,993.5,236,2,993.4,3125,13,993.3,2107,12,994.0,852,11,994.1,1471,14,994.2,1051,10,994.3,2396,18,994.4,2030,22
317,2025-11-26 09:38:10+05:30,994.0,2,989.43,977826,336857.0,304745.0,986.2,995.2,981.3,986.2,118442250,1084.8,887.6,1102.5,649.1,993.9,50,1,993.6,750,1,993.5,236,2,993.4,930,10,993.3,3536,13,994.0,673,9,994.1,1592,14,994.2,1051,10,994.3,2396,18,994.4,1964,22
317,2025-11-26 09:38:11+05:30,994.0,2,989.43,977826,332825.0,304745.0,986.2,995.2,981.3,986.2,118442250,1084.8,887.6,1102.5,649.1,993.9,50,1,993.6,750,1,993.5,236,2,993.4,930,10,993.3,3538,14,994.0,673,9,994.1,1592,14,994.2,1051,10,994.3,2396,18,994.4,1964,22
317,2025-11-26 09:38:12+05:30,994.0,2,989.43,977826,332844.0,304709.0,986.2,995.2,981.3,986.2,118442250,1084.8,887.6,1102.5,649.1,993.9,60,2,993.8,26,1,993.6,750,1,993.5,236,2,993.4,930,10,994.0,537,8,994.1,1592,14,994.2,1051,10,994.3,2396,18,994.4,1964,22
317,2025-11-26 09:38:13+05:30,994.0,2,989.43,977826,336905.0,302683.0,986.2,995.2,981.3,986.2,118442250,1084.8,887.6,1102.5,649.1,993.9,60,2,993.8,26,1,993.6,750,1,993.5,236,2,993.4,931,11,994.0,537,8,994.1,1592,14,994.2,1051,10,994.3,2396,18,994.4,1964,22
317,2025-11-26 09:38:14+05:30,993.9,10,989.43,977826,336905.0,302683.0,986.2,995.2,981.3,986.2,118442250,1084.8,887.6,1102.5,649.1,993.9,60,2,993.8,26,1,993.6,750,1,993.5,236,2,993.4,931,11,994.0,537,8,994.1,1592,14,994.2,1051,10,994.3,2396,18,994.4,1964,22
317,2025-11-26 09:38:14+05:30,993.6,74,989.43,978098,335685.0,302296.0,986.2,995.2,981.3,986.2,118442250,1084.8,887.6,1102.5,649.1,993.6,676,1,993.5,216,2,993.4,3076,13,993.3,2035,12,993.2,3385,16,994.0,657,9,994.1,1300,12,994.2,996,9,994.3,2503,19,994.4,1966,22
317,2025-11-26 09:38:15+05:30,993.6,74,989.43,978098,335685.0,302296.0,986.2,995.2,981.3,986.2,118442250,1084.8,887.6,1102.5,649.1,993.6,676,1,993.5,216,2,993.4,3076,13,993.3,2035,12,993.2,3385,16,994.0,657,9,994.1,1300,12,994.2,996,9,994.3,2503,19,994.4,1966,22
317,2025-11-26 09:38:15+05:30,993.6,631,989.44,978854,337898.0,301739.0,986.2,995.2,981.3,986.2,118442250,1084.8,887.6,1102.5,649.1,993.6,760,2,993.5,2996,9,993.4,2929,16,993.3,2373,9,993.2,1561,12,994.0,478,7,994.1,1531,13,994.2,1354,11,994.3,2001,17,994.4,2280,22
317,2025-11-26 09:38:16+05:30,993.6,80,989.44,978854,337898.0,301739.0,986.2,995.2,981.3,986.2,118442250,1084.8,887.6,1102.5,649.1,993.6,760,2,993.5,2996,9,993.4,2929,16,993.3,2373,9,993.2,1561,12,994.0,478,7,994.1,1531,13,994.2,1354,11,994.3,2001,17,994.4,2280,22
317,2025-11-26 09:38:16+05:30,993.6,80,989.44,978934,340650.0,302220.0,986.2,995.2,981.3,986.2,118442250,1084.8,887.6,1102.5,649.1,993.6,912,5,993.5,3115,9,993.4,3121,17,993.3,2912,9,993.2,1035,13,994.0,578,8,994.1,1580,14,994.2,1354,11,994.3,2001,17,994.4,1967,23
317,2025-11-26 09:38:17+05:30,994.0,2,989.44,978934,340650.0,302220.0,986.2,995.2,981.3,986.2,118442250,1084.8,887.6,1102.5,649.1,993.6,912,5,993.5,3115,9,993.4,3121,17,993.3,2912,9,993.2,1035,13,994.0,578,8,994.1,1580,14,994.2,1354,11,994.3,2001,17,994.4,1967,23
317,2025-11-26 09:38:17+05:30,993.8,10,989.44,979071,340268.0,301708.0,986.2,995.2,981.3,986.2,118442250,1084.8,887.6,1102.5,649.1,993.8,490,1,993.6,787,5,993.5,3001,9,993.4,3279,19,993.3,2680,10,993.9,4,1,994.0,542,9,994.1,1227,11,994.2,1290,12,994.3,1894,16
317,2025-11-26 09:38:18+05:30,993.8,10,989.44,979071,340268.0,301708.0,986.2,995.2,981.3,986.2,118442250,1084.8,887.6,1102.5,649.1,993.8,490,1,993.6,787,5,993.5,3001,9,993.4,3279,19,993.3,2680,10,993.9,4,1,994.0,542,9,994.1,1227,11,994.2,1290,12,994.3,1894,16
317,2025-11-26 09:38:18+05:30,993.8,1,989.44,979072,338986.0,302188.0,986.2,995.2,981.3,986.2,118442250,1084.8,887.6,1102.5,649.1,993.8,489,1,993.6,798,6,993.5,2999,8,993.4,4031,21,993.3,3380,10,993.9,4,1,994.0,1014,9,994.1,1172,10,994.2,1290,12,994.3,1894,16
317,2025-11-26 09:38:19+05:30,993.8,69,989.44,979072,338986.0,302188.0,986.2,995.2,981.3,986.2,118442250,1084.8,887.6,1102.5,649.1,993.8,489,1,993.6,798,6,993.5,2999,8,993.4,4031,21,993.3,3380,10,993.9,4,1,994.0,1014,9,994.1,1172,10,994.2,1290,12,994.3,1894,16
317,2025-11-26 09:38:19+05:30,993.8,69,989.44,979141,343015.0,302408.0,986.2,995.2,981.3,986.2,118442250,1084.8,887.6,1102.5,649.1,993.8,433,2,993.6,798,6,993.5,2990,7,993.4,4031,21,993.3,3439,12,993.9,4,1,994.0,1029,11,994.1,1344,12,994.2,1290,12,994.3,1894,16
317,2025-11-26 09:38:20+05:30,993.8,13,989.44,979574,339675.0,302717.0,986.2,995.2,981.3,986.2,118442250,1084.8,887.6,1102.5,649.1,993.6,582,4,993.5,2668,5,993.4,3436,16,993.3,2063,6,993.2,882,12,993.9,284,6,994.0,1144,13,994.1,1284,11,994.2,1394,12,994.3,2507,18
317,2025-11-26 09:38:21+05:30,993.8,13,989.44,979574,339675.0,302717.0,986.2,995.2,981.3,986.2,118442250,1084.8,887.6,1102.5,649.1,993.6,582,4,993.5,2668,5,993.4,3436,16,993.3,2063,6,993.2,882,12,993.9,284,6,994.0,1144,13,994.1,1284,11,994.2,1394,12,994.3,2507,18
317,2025-11-26 09:38:21+05:30,993.9,6,989.44,979865,338525.0,301945.0,986.2,995.2,981.3,986.2,118442250,1084.8,887.6,1102.5,649.1,993.6,331,5,993.5,2668,5,993.4,3622,17,993.3,2177,7,993.2,1561,12,993.9,202,5,994.0,1551,15,994.1,462,6,994.2,1388,12,994.3,1998,17
317,2025-11-26 09:38:22+05:30,993.9,5,989.44,979865,338525.0,301945.0,986.2,995.2,981.3,986.2,118442250,1084.8,887.6,1102.5,649.1,993.6,331,5,993.5,2668,5,993.4,3622,17,993.3,2177,7,993.2,1561,12,993.9,202,5,994.0,1551,15,994.1,462,6,994.2,1388,12,994.3,1998,17
317,2025-11-26 09:38:23+05:30,993.9,5,989.44,979870,340954.0,301940.0,986.2,995.2,981.3,986.2,118442250,1084.8,887.6,1102.5,649.1,993.6,331,5,993.5,2668,5,993.4,3586,16,993.3,2572,8,993.2,1561,12,993.9,197,5,994.0,1551,15,994.1,462,6,994.2,1388,12,994.3,1998,17
317,2025-11-26 09:38:24+05:30,993.6,1,989.44,979870,340954.0,301940.0,986.2,995.2,981.3,986.2,118442250,1084.8,887.6,1102.5,649.1,993.6,331,5,993.5,2668,5,993.4,3586,16,993.3,2572,8,993.2,1561,12,993.9,197,5,994.0,1551,15,994.1,462,6,994.2,1388,12,994.3,1998,17
317,2025-11-26 09:38:24+05:30,993.6,1,989.44,979871,341348.0,301190.0,986.2,995.2,981.3,986.2,118442250,1084.8,887.6,1102.5,649.1,993.6,330,5,993.5,2668,5,993.4,3586,16,993.3,2572,8,993.2,811,11,993.9,197,5,994.0,1323,13,994.1,690,8,994.2,1388,12,994.3,1985,16
317,2025-11-26 09:38:25+05:30,993.9,2,989.44,979871,341348.0,301190.0,986.2,995.2,981.3,986.2,118442250,1084.8,887.6,1102.5,649.1,993.6,330,5,993.5,2668,5,993.4,3586,16,993.3,2572,8,993.2,811,11,993.9,197,5,994.0,1323,13,994.1,690,8,994.2,1388,12,994.3,1985,16
317,2025-11-26 09:38:25+05:30,993.9,2,989.44,979873,340862.0,301188.0,986.2,995.2,981.3,986.2,118442250,1084.8,887.6,1102.5,649.1,993.6,330,5,993.5,2668,5,993.4,3586,16,993.3,2572,8,993.2,811,11,993.9,195,5,994.0,1323,13,994.1,690,8,994.2,1388,12,994.3,1998,17
317,2025-11-26 09:38:26+05:30,993.9,2,989.44,979873,340207.0,300265.0,986.2,995.2,981.3,986.2,118442250,1084.8,887.6,1102.5,649.1,993.7,3448,7,993.6,3783,13,993.5,1847,5,993.4,1830,11,993.3,1441,8,993.9,27,1,994.0,891,8,994.1,325,4,994.2,1271,9,994.3,1991,17
317,2025-11-26 09:38:27+05:30,993.9,3,989.44,979873,340207.0,300265.0,986.2,995.2,981.3,986.2,118442250,1084.8,887.6,1102.5,649.1,993.7,3448,7,993.6,3783,13,993.5,1847,5,993.4,1830,11,993.3,1441,8,993.9,27,1,994.0,891,8,994.1,325,4,994.2,1271,9,994.3,1991,17
317,2025-11-26 09:38:27+05:30,993.9,3,989.44,979876,336839.0,302417.0,986.2,995.2,981.3,986.2,118442250,1084.8,887.6,1102.5,649.1,993.6,1820,6,993.5,30,1,993.4,605,7,993.3,3219,12,993.2,1986,19,993.9,52,2,994.0,1726,13,994.1,611,8,994.2,1213,12,994.3,2491,18
317,2025-11-26 09:38:28+05:30,993.9,11,989.44,979876,336839.0,302417.0,986.2,995.2,981.3,986.2,118442250,1084.8,887.6,1102.5,649.1,993.6,1820,6,993.5,30,1,993.4,605,7,993.3,3219,12,993.2,1986,19,993.9,52,2,994.0,1726,13,994.1,611,8,994.2,1213,12,994.3,2491,18
317,2025-11-26 09:38:28+05:30,993.9,11,989.44,979911,335966.0,302289.0,986.2,995.2,981.3,986.2,118442250,1084.8,887.6,1102.5,649.1,993.6,290,3,993.5,77,2,993.4,605,7,993.3,3004,11,993.2,2100,20,993.9,17,1,994.0,1731,14,994.1,563,7,994.2,1150,10,994.3,2504,19
317,2025-11-26 09:38:29+05:30,993.9,11,989.44,979911,331903.0,302539.0,986.2,995.2,981.3,986.2,118442250,1084.8,887.6,1102.5,649.1,993.6,290,3,993.5,77,2,993.4,605,7,993.3,3004,11,993.2,2100,20,993.9,17,1,994.0,1731,14,994.1,563,7,994.2,1150,10,994.3,2504,19
317,2025-11-26 09:38:30+05:30,993.9,11,989.44,979911,336873.0,304155.0,986.2,995.2,981.3,986.2,118442250,1084.8,887.6,1102.5,649.1,993.6,790,4,993.5,261,3,993.4,1395,10,993.3,3004,11,993.2,2899,21,994.0,1530,11,994.1,553,6,994.2,1150,10,994.3,1998,17,994.4,2307,21
317,2025-11-26 09:38:31+05:30,993.6,50,989.44,979961,334820.0,304656.0,986.2,995.2,981.3,986.2,118442250,1084.8,887.6,1102.5,649.1,993.6,753,5,993.5,30,1,993.4,732,5,993.3,2963,11,993.2,2100,20,993.9,104,1,994.0,2228,16,994.1,903,9,994.2,1087,12,994.3,2498,18
317,2025-11-26 09:38:32+05:30,993.8,2,989.44,979961,334820.0,304656.0,986.2,995.2,981.3,986.2,118442250,1084.8,887.6,1102.5,649.1,993.6,753,5,993.5,30,1,993.4,732,5,993.3,2963,11,993.2,2100,20,993.9,104,1,994.0,2228,16,994.1,903,9,994.2,1087,12,994.3,2498,18
317,2025-11-26 09:38:32+05:30,993.8,2,989.44,979964,336749.0,304255.0,986.2,995.2,981.3,986.2,118442250,1084.8,887.6,1102.5,649.1,993.6,752,5,993.5,182,1,993.4,732,5,993.3,2956,11,993.2,1591,18,993.9,104,1,994.0,2006,14,994.1,628,8,994.2,1178,12,994.3,2498,18
317,2025-11-26 09:38:33+05:30,993.9,20,989.44,979964,336749.0,304255.0,986.2,995.2,981.3,986.2,118442250,1084.8,887.6,1102.5,649.1,993.6,752,5,993.5,182,1,993.4,732,5,993.3,2956,11,993.2,1591,18,993.9,104,1,994.0,2006,14,994.1,628,8,994.2,1178,12,994.3,2498,18
317,2025-11-26 09:38:33+05:30,993.7,5,989.44,979994,333872.0,305159.0,986.2,995.2,981.3,986.2,118442250,1084.8,887.6,1102.5,649.1,993.7,107,1,993.6,752,5,993.4,732,5,993.3,2956,11,993.2,1986,19,993.9,79,1,994.0,2142,15,994.1,628,8,994.2,976,11,994.3,2498,18
317,2025-11-26 09:38:34+05:30,993.7,5,989.44,979994,333872.0,305159.0,986.2,995.2,981.3,986.2,118442250,1084.8,887.6,1102.5,649.1,993.7,107,1,993.6,752,5,993.4,732,5,993.3,2956,11,993.2,1986,19,993.9,79,1,994.0,2142,15,994.1,628,8,994.2,976,11,994.3,2498,18
317,2025-11-26 09:38:34+05:30,993.6,18,989.44,980119,334713.0,305373.0,986.2,995.2,981.3,986.2,118442250,1084.8,887.6,1102.5,649.1,993.6,1034,6,993.4,732,5,993.3,2894,9,993.2,1450,11,993.1,3150,14,993.9,79,1,994.0,1925,16,994.1,736,10,994.2,1091,12,994.3,2498,18
317,2025-11-26 09:38:35+05:30,993.6,18,989.44,980119,334713.0,305373.0,986.2,995.2,981.3,986.2,118442250,1084.8,887.6,1102.5,649.1,993.6,1034,6,993.4,732,5,993.3,2894,9,993.2,1450,11,993.1,3150,14,993.9,79,1,994.0,1925,16,994.1,736,10,994.2,1091,12,994.3,2498,18
317,2025-11-26 09:38:35+05:30,993.6,18,989.44,980119,337276.0,307298.0,986.2,995.2,981.3,986.2,118442250,1084.8,887.6,1102.5,649.1,993.6,1034,6,993.5,2530,6,993.4,4174,13,993.3,2632,10,993.2,1668,18,993.9,414,1,994.0,1203,12,994.1,639,10,994.2,1574,13,994.3,1998,17
317,2025-11-26 09:38:36+05:30,993.6,18,989.44,980119,337454.0,306707.0,986.2,995.2,981.3,986.2,118442250,1084.8,887.6,1102.5,649.1,993.6,1034,6,993.5,2530,6,993.4,4174,13,993.3,2632,10,993.2,1668,18,993.9,414,1,994.0,1195,12,994.1,639,10,994.2,1091,12,994.3,1998,17
317,2025-11-26 09:38:37+05:30,993.9,5,989.44,980124,337764.0,306786.0,986.2,995.2,981.3,986.2,118442250,1084.8,887.6,1102.5,649.1,993.6,1034,6,993.5,2530,6,993.4,4174,13,993.3,2632,10,993.2,918,17,993.9,409,1,994.0,1195,12,994.1,639,10,994.2,1091,12,994.3,1998,17
317,2025-11-26 09:38:38+05:30,993.9,25,989.44,980124,337764.0,306786.0,986.2,995.2,981.3,986.2,118442250,1084.8,887.6,1102.5,649.1,993.6,1034,6,993.5,2530,6,993.4,4174,13,993.3,2632,10,993.2,918,17,993.9,409,1,994.0,1195,12,994.1,639,10,994.2,1091,12,994.3,1998,17
317,2025-11-26 09:38:38+05:30,993.9,25,989.44,980149,337629.0,306899.0,986.2,995.2,981.3,986.2,118442250,1084.8,887.6,1102.5,649.1,993.6,1034,6,993.5,2209,5,993.4,4174,13,993.3,2632,10,993.2,918,17,993.9,384,1,994.0,1379,13,994.1,639,10,994.2,1091,12,994.3,1998,17
317,2025-11-26 09:38:39+05:30,993.9,1,989.44,980149,337629.0,306899.0,986.2,995.2,981.3,986.2,118442250,1084.8,887.6,1102.5,649.1,993.6,1034,6,993.5,2209,5,993.4,4174,13,993.3,2632,10,993.2,918,17,993.9,384,1,994.0,1379,13,994.1,639,10,994.2,1091,12,994.3,1998,17
317,2025-11-26 09:38:39+05:30,993.9,1,989.44,980516,339373.0,306726.0,986.2,995.2,981.3,986.2,118442250,1084.8,887.6,1102.5,649.1,993.6,1034,6,993.5,2239,6,993.4,4323,15,993.3,2632,10,993.2,1668,18,993.9,194,1,994.0,1230,12,994.1,630,9,994.2,1080,12,994.3,1998,17
317,2025-11-26 09:38:40+05:30,993.9,41,989.44,980516,339373.0,306726.0,986.2,995.2,981.3,986.2,118442250,1084.8,887.6,1102.5,649.1,993.6,1034,6,993.5,2239,6,993.4,4323,15,993.3,2632,10,993.2,1668,18,993.9,194,1,994.0,1230,12,994.1,630,9,994.2,1080,12,994.3,1998,17
317,2025-11-26 09:38:40+05:30,993.9,33,989.44,980744,342015.0,305903.0,986.2,995.2,981.3,986.2,118442250,1084.8,887.6,1102.5,649.1,993.6,870,6,993.5,3078,8,993.4,4270,14,993.3,2681,11,993.2,890,16,993.9,119,1,994.0,1326,11,994.1,821,11,994.2,966,10,994.3,1988,16
317,2025-11-26 09:38:41+05:30,993.9,33,989.44,980744,342015.0,305903.0,986.2,995.2,981.3,986.2,118442250,1084.8,887.6,1102.5,649.1,993.6,870,6,993.5,3078,8,993.4,4270,14,993.3,2681,11,993.2,890,16,993.9,119,1,994.0,1326,11,994.1,821,11,994.2,966,10,994.3,1988,16
317,2025-11-26 09:38:41+05:30,993.6,98,989.44,980869,341029.0,310346.0,986.2,995.2,981.3,986.2,118442250,1084.8,887.6,1102.5,649.1,993.6,731,4,993.5,2959,6,993.4,4061,12,993.3,2102,8,993.2,986,17,993.9,119,1,994.0,1509,14,994.1,725,10,994.2,971,11,994.3,1998,17
317,2025-11-26 09:38:42+05:30,993.9,10,989.44,980869,341029.0,310346.0,986.2,995.2,981.3,986.2,118442250,1084.8,887.6,1102.5,649.1,993.6,731,4,993.5,2959,6,993.4,4061,12,993.3,2102,8,993.2,986,17,993.9,119,1,994.0,1509,14,994.1,725,10,994.2,971,11,994.3,1998,17
317,2025-11-26 09:38:42+05:30,993.9,4,989.44,980883,341083.0,310365.0,986.2,995.2,981.3,986.2,118442250,1084.8,887.6,1102.5,649.1,993.6,731,4,993.5,3174,8,993.4,4154,14,993.3,2541,10,993.2,1736,18,993.9,105,1,994.0,1140,10,994.1,821,11,994.2,971,11,994.3,1998,17
317,2025-11-26 09:38:43+05:30,993.6,50,989.44,980883,341083.0,310365.0,986.2,995.2,981.3,986.2,118442250,1084.8,887.6,1102.5,649.1,993.6,731,4,993.5,3174,8,993.4,4154,14,993.3,2541,10,993.2,1736,18,993.9,105,1,994.0,1140,10,994.1,821,11,994.2,971,11,994.3,1998,17
317,2025-11-26 09:38:43+05:30,993.9,50,989.44,980983,339396.0,310451.0,986.2,995.2,981.3,986.2,118442250,1084.8,887.6,1102.5,649.1,993.6,694,5,993.5,3449,11,993.4,4363,16,993.3,2541,10,993.2,1640,17,993.9,55,1,994.0,1140,10,994.1,725,10,994.2,1067,12,994.3,1998,17
317,2025-11-26 09:38:44+05:30,993.9,50,989.44,980983,339396.0,310451.0,986.2,995.2,981.3,986.2,118442250,1084.8,887.6,1102.5,649.1,993.6,694,5,993.5,3449,11,993.4,4363,16,993.3,2541,10,993.2,1640,17,993.9,55,1,994.0,1140,10,994.1,725,10,994.2,1067,12,994.3,1998,17
317,2025-11-26 09:38:44+05:30,993.9,100,989.44,981083,337534.0,310337.0,986.2,995.2,981.3,986.2,118442250,1084.8,887.6,1102.5,649.1,993.6,694,5,993.5,3407,11,993.4,4267,15,993.3,2635,10,993.2,1640,17,993.9,149,1,994.0,1037,10,994.1,474,6,994.2,1160,13,994.3,1998,17
317,2025-11-26 09:38:45+05:30,993.9,100,989.44,981083,337534.0,310337.0,986.2,995.2,981.3,986.2,118442250,1084.8,887.6,1102.5,649.1,993.6,694,5,993.5,3407,11,993.4,4267,15,993.3,2635,10,993.2,1640,17,993.9,149,1,994.0,1037,10,994.1,474,6,994.2,1160,13,994.3,1998,17
317,2025-11-26 09:38:45+05:30,993.9,25,989.45,981108,339555.0,310993.0,986.2,995.2,981.3,986.2,118442250,1084.8,887.6,1102.5,649.1,993.6,880,6,993.5,3282,9,993.4,4459,17,993.3,2539,9,993.2,704,15,993.9,124,1,994.0,1110,12,994.1,896,7,994.2,1239,18,994.3,1998,17
317,2025-11-26 09:38:46+05:30,993.9,25,989.45,981108,339555.0,310993.0,986.2,995.2,981.3,986.2,118442250,1084.8,887.6,1102.5,649.1,993.6,880,6,993.5,3282,9,993.4,4459,17,993.3,2539,9,993.2,704,15,993.9,124,1,994.0,1110,12,994.1,896,7,994.2,1239,18,994.3,1998,17
317,2025-11-26 09:38:46+05:30,993.9,1,989.45,981209,341739.0,310205.0,986.2,995.2,981.3,986.2,118442250,1084.8,887.6,1102.5,649.1,993.8,5,1,993.6,594,5,993.5,3332,10,993.4,4267,15,993.3,2635,10,993.9,123,1,994.0,1135,12,994.1,694,9,994.2,948,16,994.3,1998,17
317,2025-11-26 09:38:47+05:30,993.6,14,989.45,981209,341739.0,310205.0,986.2,995.2,981.3,986.2,118442250,1084.8,887.6,1102.5,649.1,993.8,5,1,993.6,594,5,993.5,3332,10,993.4,4267,15,993.3,2635,10,993.9,123,1,994.0,1135,12,994.1,694,9,994.2,948,16,994.3,1998,17
317,2025-11-26 09:38:47+05:30,993.6,14,989.45,981324,336931.0,309847.0,986.2,995.2,981.3,986.2,118442250,1084.8,887.6,1102.5,649.1,993.6,485,5,993.5,3293,10,993.4,3973,12,993.3,2674,10,993.2,890,16,993.9,130,2,994.0,747,11,994.1,608,9,994.2,1044,17,994.3,2298,18
317,2025-11-26 09:38:48+05:30,993.9,6,989.45,981355,341508.0,309676.0,986.2,995.2,981.3,986.2,118442250,1084.8,887.6,1102.5,649.1,993.6,500,7,993.5,3450,12,993.4,4357,15,993.3,2674,10,993.2,890,16,993.9,99,2,994.0,530,7,994.1,564,8,994.2,1140,18,994.3,2298,18
317,2025-11-26 09:38:49+05:30,993.6,5,989.45,981355,341508.0,309676.0,986.2,995.2,981.3,986.2,118442250,1084.8,887.6,1102.5,649.1,993.6,500,7,993.5,3450,12,993.4,4357,15,993.3,2674,10,993.2,890,16,993.9,99,2,994.0,530,7,994.1,564,8,994.2,1140,18,994.3,2298,18
317,2025-11-26 09:38:49+05:30,993.6,5,989.45,981360,342316.0,309354.0,986.2,995.2,981.3,986.2,118442250,1084.8,887.6,1102.5,649.1,993.7,4329,9,993.6,2635,16,993.5,2178,11,993.4,3526,13,993.3,2329,10,993.9,99,2,994.0,530,7,994.1,239,4,994.2,1392,8,994.3,2275,16
317,2025-11-26 09:38:50+05:30,993.9,2,989.45,981375,343400.0,308367.0,986.2,995.2,981.3,986.2,118442250,1084.8,887.6,1102.5,649.1,993.7,3496,7,993.6,4936,17,993.5,2191,12,993.4,1276,10,993.3,3079,11,993.9,95,2,994.0,530,7,994.1,38,3,994.2,1038,6,994.3,2277,17
317,2025-11-26 09:38:51+05:30,993.9,2,989.45,981375,343400.0,308367.0,986.2,995.2,981.3,986.2,118442250,1084.8,887.6,1102.5,649.1,993.7,3496,7,993.6,4936,17,993.5,2191,12,993.4,1276,10,993.3,3079,11,993.9,95,2,994.0,530,7,994.1,38,3,994.2,1038,6,994.3,2277,17
317,2025-11-26 09:38:51+05:30,993.9,2,989.45,981385,343594.0,308406.0,986.2,995.2,981.3,986.2,118442250,1084.8,887.6,1102.5,649.1,993.7,3431,6,993.6,4983,17,993.5,2178,11,993.4,1276,10,993.3,3079,11,993.9,90,2,994.0,525,6,994.1,38,3,994.2,1087,7,994.3,2277,17
317,2025-11-26 09:38:52+05:30,993.7,125,989.45,981385,343594.0,308406.0,986.2,995.2,981.3,986.2,118442250,1084.8,887.6,1102.5,649.1,993.7,3431,6,993.6,4983,17,993.5,2178,11,993.4,1276,10,993.3,3079,11,993.9,90,2,994.0,525,6,994.1,38,3,994.2,1087,7,994.3,2277,17
317,2025-11-26 09:38:52+05:30,993.9,2,989.45,981523,339773.0,308433.0,986.2,995.2,981.3,986.2,118442250,1084.8,887.6,1102.5,649.1,993.7,3306,6,993.6,4791,15,993.5,2289,17,993.4,880,9,993.3,2724,11,993.9,77,2,994.0,525,6,994.1,38,3,994.2,1087,7,994.3,2277,17
317,2025-11-26 09:38:53+05:30,993.7,90,989.45,981523,339773.0,308433.0,986.2,995.2,981.3,986.2,118442250,1084.8,887.6,1102.5,649.1,993.7,3306,6,993.6,4791,15,993.5,2289,17,993.4,880,9,993.3,2724,11,993.9,77,2,994.0,525,6,994.1,38,3,994.2,1087,7,994.3,2277,17
317,2025-11-26 09:38:53+05:30,993.7,90,989.45,981613,335883.0,308248.0,986.2,995.2,981.3,986.2,118442250,1084.8,887.6,1102.5,649.1,993.8,2730,4,993.7,2884,8,993.6,4669,14,993.5,1110,13,993.4,3129,12,993.9,77,2,994.0,525,6,994.1,143,3,994.2,1342,9,994.3,2282,17
317,2025-11-26 09:38:54+05:30,993.9,1,989.45,981613,335883.0,308248.0,986.2,995.2,981.3,986.2,118442250,1084.8,887.6,1102.5,649.1,993.8,2730,4,993.7,2884,8,993.6,4669,14,993.5,1110,13,993.4,3129,12,993.9,77,2,994.0,525,6,994.1,143,3,994.2,1342,9,994.3,2282,17
317,2025-11-26 09:38:54+05:30,993.9,1,989.45,981697,338203.0,306787.0,986.2,995.2,981.3,986.2,118442250,1084.8,887.6,1102.5,649.1,993.9,128,2,993.8,2083,5,993.7,3704,8,993.6,4068,20,993.5,1206,11,994.0,525,6,994.1,49,3,994.2,647,7,994.3,2165,18,994.4,1141,17
317,2025-11-26 09:38:55+05:30,993.9,10,989.45,981708,340205.0,307079.0,986.2,995.2,981.3,986.2,118442250,1084.8,887.6,1102.5,649.1,993.9,158,4,993.8,1980,3,993.7,3794,9,993.6,4072,19,993.5,1206,11,994.0,525,6,994.1,48,3,994.2,1035,5,994.3,2165,18,994.4,1147,18
317,2025-11-26 09:38:56+05:30,993.9,10,989.45,981708,340205.0,307079.0,986.2,995.2,981.3,986.2,118442250,1084.8,887.6,1102.5,649.1,993.9,158,4,993.8,1980,3,993.7,3794,9,993.6,4072,19,993.5,1206,11,994.0,525,6,994.1,48,3,994.2,1035,5,994.3,2165,18,994.4,1147,18
317,2025-11-26 09:38:56+05:30,993.9,10,989.45,981708,340238.0,307125.0,986.2,995.2,981.3,986.2,118442250,1084.8,887.6,1102.5,649.1,993.9,191,6,993.8,1980,3,993.7,3794,9,993.6,4072,19,993.5,1206,11,994.0,597,7,994.1,8,2,994.2,1035,5,994.3,2165,18,994.4,1141,17
317,2025-11-26 09:38:57+05:30,993.9,8,989.45,981708,340238.0,307125.0,986.2,995.2,981.3,986.2,118442250,1084.8,887.6,1102.5,649.1,993.9,191,6,993.8,1980,3,993.7,3794,9,993.6,4072,19,993.5,1206,11,994.0,597,7,994.1,8,2,994.2,1035,5,994.3,2165,18,994.4,1141,17
317,2025-11-26 09:38:57+05:30,993.9,15,989.45,981748,338465.0,306710.0,986.2,995.2,981.3,986.2,118442250,1084.8,887.6,1102.5,649.1,993.9,151,5,993.8,1980,3,993.7,3937,10,993.6,4288,21,993.5,1206,11,994.0,597,7,994.1,8,2,994.2,514,4,994.3,2165,18,994.4,1147,18
317,2025-11-26 09:38:58+05:30,993.9,15,989.45,981748,338465.0,306710.0,986.2,995.2,981.3,986.2,118442250,1084.8,887.6,1102.5,649.1,993.9,151,5,993.8,1980,3,993.7,3937,10,993.6,4288,21,993.5,1206,11,994.0,597,7,994.1,8,2,994.2,514,4,994.3,2165,18,994.4,1147,18
317,2025-11-26 09:38:58+05:30,994.0,6,989.45,981757,338953.0,307164.0,986.2,995.2,981.3,986.2,118442250,1084.8,887.6,1102.5,649.1,993.9,151,5,993.8,31,2,993.7,5109,10,993.6,5129,24,993.5,1206,11,994.0,590,7,994.1,8,2,994.2,473,3,994.3,2165,18,994.4,1073,17
317,2025-11-26 09:38:59+05:30,994.0,6,989.45,981757,338953.0,307164.0,986.2,995.2,981.3,986.2,118442250,1084.8,887.6,1102.5,649.1,993.9,151,5,993.8,31,2,993.7,5109,10,993.6,5129,24,993.5,1206,11,994.0,590,7,994.1,8,2,994.2,473,3,994.3,2165,18,994.4,1073,17
317,2025-11-26 09:38:59+05:30,994.0,6,989.45,981757,339531.0,307213.0,986.2,995.2,981.3,986.2,118442250,1084.8,887.6,1102.5,649.1,993.9,151,5,993.8,31,2,993.7,4782,9,993.6,5075,21,993.5,1199,10,994.0,590,7,994.1,8,2,994.2,1209,5,994.3,2165,18,994.4,1114,18
317,2025-11-26 09:39:00+05:30,994.0,1,989.45,981757,339531.0,307213.0,986.2,995.2,981.3,986.2,118442250,1084.8,887.6,1102.5,649.1,993.9,151,5,993.8,31,2,993.7,4782,9,993.6,5075,21,993.5,1199,10,994.0,590,7,994.1,8,2,994.2,1209,5,994.3,2165,18,994.4,1114,18
317,2025-11-26 09:39:00+05:30,994.0,1,989.45,981759,337392.0,306582.0,986.2,995.2,981.3,986.2,118442250,1084.8,887.6,1102.5,649.1,993.9,1361,7,993.8,5466,12,993.7,3518,12,993.6,1640,17,993.5,2397,13,994.0,588,7,994.1,8,2,994.2,272,2,994.3,1850,15,994.4,1464,14
317,2025-11-26 09:39:01+05:30,994.0,1,989.45,981759,339402.0,306602.0,986.2,995.2,981.3,986.2,118442250,1084.8,887.6,1102.5,649.1,993.9,1361,7,993.8,4633,10,993.7,4351,14,993.6,1640,17,993.5,3147,14,994.0,588,7,994.1,8,2,994.2,825,3,994.3,1850,15,994.4,902,13
317,2025-11-26 09:39:02+05:30,994.0,1,989.45,981759,337423.0,306089.0,986.2,995.2,981.3,986.2,118442250,1084.8,887.6,1102.5,649.1,993.9,1361,7,993.8,5466,12,993.7,3518,12,993.6,1690,18,993.5,3147,14,994.0,588,7,994.1,8,2,994.2,272,2,994.3,1850,15,994.4,932,14
317,2025-11-26 09:39:03+05:30,994.0,1,989.45,981759,337423.0,306089.0,986.2,995.2,981.3,986.2,118442250,1084.8,887.6,1102.5,649.1,993.9,1361,7,993.8,5466,12,993.7,3518,12,993.6,1690,18,993.5,3147,14,994.0,588,7,994.1,8,2,994.2,272,2,994.3,1850,15,994.4,932,14
317,2025-11-26 09:39:03+05:30,994.0,1,989.45,981760,341675.0,306189.0,986.2,995.2,981.3,986.2,118442250,1084.8,887.6,1102.5,649.1,993.9,1361,7,993.8,5432,12,993.7,3562,12,993.6,1690,18,993.5,3147,14,994.0,587,7,994.1,8,2,994.2,272,2,994.3,1767,13,994.4,1438,13
317,2025-11-26 09:39:04+05:30,994.6,69,989.46,984752,341214.0,295341.0,986.2,995.2,981.3,986.2,118442250,1084.8,887.6,1102.5,649.1,994.4,21,1,994.2,1,1,994.1,405,4,994.0,3955,14,993.9,4435,22,994.7,1209,9,994.8,1093,6,994.9,2010,17,995.0,6820,31,995.1,1750,15
317,2025-11-26 09:39:05+05:30,994.1,94,989.46,984752,341214.0,295341.0,986.2,995.2,981.3,986.2,118442250,1084.8,887.6,1102.5,649.1,994.4,21,1,994.2,1,1,994.1,405,4,994.0,3955,14,993.9,4435,22,994.7,1209,9,994.8,1093,6,994.9,2010,17,995.0,6820,31,995.1,1750,15
317,2025-11-26 09:39:05+05:30,994.6,21,989.47,986047,342766.0,297003.0,986.2,995.2,981.3,986.2,118442250,1084.8,887.6,1102.5,649.1,994.4,43,2,994.2,58,3,994.1,1343,4,994.0,6438,17,993.9,4674,17,994.6,67,2,994.7,1624,18,994.8,877,6,994.9,2011,18,995.0,6569,33
317,2025-11-26 09:39:06+05:30,994.5,482,989.47,986047,342766.0,297003.0,986.2,995.2,981.3,986.2,118442250,1084.8,887.6,1102.5,649.1,994.4,43,2,994.2,58,3,994.1,1343,4,994.0,6438,17,993.9,4674,17,994.6,67,2,994.7,1624,18,994.8,877,6,994.9,2011,18,995.0,6569,33
317,2025-11-26 09:39:06+05:30,994.4,31,989.48,988344,342646.0,303142.0,986.2,995.2,981.3,986.2,118442250,1084.8,887.6,1102.5,649.1,994.1,1010,2,994.0,4717,15,993.9,4050,10,993.8,1140,11,993.7,2307,13,994.4,146,2,994.5,267,4,994.6,1125,12,994.7,1730,17,994.8,2078,20
317,2025-11-26 09:39:07+05:30,994.4,31,989.48,988344,342646.0,303142.0,986.2,995.2,981.3,986.2,118442250,1084.8,887.6,1102.5,649.1,994.1,1010,2,994.0,4717,15,993.9,4050,10,993.8,1140,11,993.7,2307,13,994.4,146,2,994.5,267,4,994.6,1125,12,994.7,1730,17,994.8,2078,20
317,2025-11-26 09:39:07+05:30,994.1,75,989.48,988969,341059.0,302954.0,986.2,995.2,981.3,986.2,118442250,1084.8,887.6,1102.5,649.1,994.1,1270,3,994.0,5751,18,993.9,3825,8,993.8,567,9,993.7,2301,12,994.5,295,4,994.6,1007,11,994.7,1813,18,994.8,2102,21,994.9,2425,21
317,2025-11-26 09:39:08+05:30,994.1,75,989.48,988969,341059.0,302954.0,986.2,995.2,981.3,986.2,118442250,1084.8,887.6,1102.5,649.1,994.1,1270,3,994.0,5751,18,993.9,3825,8,993.8,567,9,993.7,2301,12,994.5,295,4,994.6,1007,11,994.7,1813,18,994.8,2102,21,994.9,2425,21
317,2025-11-26 09:39:08+05:30,994.1,75,989.48,988969,343615.0,302550.0,986.2,995.2,981.3,986.2,118442250,1084.8,887.6,1102.5,649.1,994.1,1270,3,994.0,5238,18,993.9,4801,11,993.8,1063,11,993.7,2301,12,994.5,246,3,994.6,924,10,994.7,1905,20,994.8,1293,19,994.9,2603,22
317,2025-11-26 09:39:09+05:30,994.1,82,989.48,989051,341838.0,300938.0,986.2,995.2,981.3,986.2,118442250,1084.8,887.6,1102.5,649.1,994.1,1489,7,994.0,5933,20,993.9,4106,12,993.8,1057,10,993.7,2123,11,994.5,246,3,994.6,813,8,994.7,1618,16,994.8,1307,16,994.9,2097,20
317,2025-11-26 09:39:10+05:30,994.1,82,989.48,989051,341838.0,300938.0,986.2,995.2,981.3,986.2,118442250,1084.8,887.6,1102.5,649.1,994.1,1489,7,994.0,5933,20,993.9,4106,12,993.8,1057,10,993.7,2123,11,994.5,246,3,994.6,813,8,994.7,1618,16,994.8,1307,16,994.9,2097,20
317,2025-11-26 09:39:10+05:30,994.6,495,989.49,989551,345415.0,300590.0,986.2,995.2,981.3,986.2,118442250,1084.8,887.6,1102.5,649.1,994.2,1164,6,994.1,3666,14,994.0,7383,23,993.9,1670,9,993.8,1984,10,994.6,4,1,994.7,1043,10,994.8,1284,21,994.9,2130,20,995.0,6396,33
317,2025-11-26 09:39:11+05:30,994.6,495,989.49,989551,345415.0,300590.0,986.2,995.2,981.3,986.2,118442250,1084.8,887.6,1102.5,649.1,994.2,1164,6,994.1,3666,14,994.0,7383,23,993.9,1670,9,993.8,1984,10,994.6,4,1,994.7,1043,10,994.8,1284,21,994.9,2130,20,995.0,6396,33
317,2025-11-26 09:39:12+05:30,994.3,18,989.49,989928,343499.0,299382.0,986.2,995.2,981.3,986.2,118442250,1084.8,887.6,1102.5,649.1,994.4,1203,4,994.3,3538,7,994.2,2510,8,994.1,2906,11,994.0,3179,19,994.6,4,1,994.7,46,3,994.8,494,5,994.9,1533,12,995.0,6605,34
317,2025-11-26 09:39:12+05:30,994.3,18,989.49,989928,343499.0,299382.0,986.2,995.2,981.3,986.2,118442250,1084.8,887.6,1102.5,649.1,994.4,1203,4,994.3,3538,7,994.2,2510,8,994.1,2906,11,994.0,3179,19,994.6,4,1,994.7,46,3,994.8,494,5,994.9,1533,12,995.0,6605,34
317,2025-11-26 09:39:13+05:30,994.7,5,989.49,990986,345490.0,299301.0,986.2,995.2,981.3,986.2,118442250,1084.8,887.6,1102.5,649.1,994.4,1426,5,994.3,3219,8,994.2,2467,7,994.1,2907,11,994.0,3195,19,994.7,31,1,994.8,353,3,994.9,1179,9,995.0,6600,33,995.1,1973,21
317,2025-11-26 09:39:13+05:30,994.7,5,989.49,990986,345490.0,299301.0,986.2,995.2,981.3,986.2,118442250,1084.8,887.6,1102.5,649.1,994.4,1426,5,994.3,3219,8,994.2,2467,7,994.1,2907,11,994.0,3195,19,994.7,31,1,994.8,353,3,994.9,1179,9,995.0,6600,33,995.1,1973,21
317,2025-11-26 09:39:14+05:30,994.7,5,989.49,990986,342938.0,299538.0,986.2,995.2,981.3,986.2,118442250,1084.8,887.6,1102.5,649.1,994.5,142,2,994.4,1396,4,994.3,4700,10,994.2,3230,9,994.1,766,9,994.7,31,1,994.8,353,3,994.9,1416,9,995.0,6600,33,995.1,1920,20
317,2025-11-26 09:39:15+05:30,994.4,284,989.49,990986,342938.0,299538.0,986.2,995.2,981.3,986.2,118442250,1084.8,887.6,1102.5,649.1,994.5,142,2,994.4,1396,4,994.3,4700,10,994.2,3230,9,994.1,766,9,994.7,31,1,994.8,353,3,994.9,1416,9,995.0,6600,33,995.1,1920,20
317,2025-11-26 09:39:15+05:30,994.4,284,989.5,991412,342924.0,299995.0,986.2,995.2,981.3,986.2,118442250,1084.8,887.6,1102.5,649.1,994.4,992,3,994.3,4765,9,994.2,2454,6,994.1,1420,10,994.0,3296,19,994.8,548,6,994.9,1277,10,995.0,6824,35,995.1,2325,19,995.2,1962,14
317,2025-11-26 09:39:16+05:30,994.4,5,989.5,991412,342924.0,299995.0,986.2,995.2,981.3,986.2,118442250,1084.8,887.6,1102.5,649.1,994.4,992,3,994.3,4765,9,994.2,2454,6,994.1,1420,10,994.0,3296,19,994.8,548,6,994.9,1277,10,995.0,6824,35,995.1,2325,19,995.2,1962,14
317,2025-11-26 09:39:16+05:30,994.4,5,989.5,991417,344143.0,300048.0,986.2,995.2,981.3,986.2,118442250,1084.8,887.6,1102.5,649.1,994.6,50,1,994.4,987,3,994.3,4514,8,994.2,2604,10,994.1,1519,10,994.8,429,5,994.9,1146,9,995.0,6641,34,995.1,2330,20,995.2,2041,17
317,2025-11-26 09:39:17+05:30,994.8,100,989.5,991417,344143.0,300048.0,986.2,995.2,981.3,986.2,118442250,1084.8,887.6,1102.5,649.1,994.6,50,1,994.4,987,3,994.3,4514,8,994.2,2604,10,994.1,1519,10,994.8,429,5,994.9,1146,9,995.0,6641,34,995.1,2330,20,995.2,2041,17
317,2025-11-26 09:39:17+05:30,994.8,100,989.5,991517,343977.0,299439.0,986.2,995.2,981.3,986.2,118442250,1084.8,887.6,1102.5,649.1,994.6,50,1,994.4,987,3,994.3,4692,9,994.2,2604,10,994.1,1914,11,994.8,254,3,994.9,968,8,995.0,6716,35,995.1,1830,19,995.2,2541,18
317,2025-11-26 09:39:18+05:30,994.8,100,989.5,991517,343977.0,299439.0,986.2,995.2,981.3,986.2,118442250,1084.8,887.6,1102.5,649.1,994.6,50,1,994.4,987,3,994.3,4692,9,994.2,2604,10,994.1,1914,11,994.8,254,3,994.9,968,8,995.0,6716,35,995.1,1830,19,995.2,2541,18
317,2025-11-26 09:39:18+05:30,994.8,100,989.5,991617,343996.0,299517.0,986.2,995.2,981.3,986.2,118442250,1084.8,887.6,1102.5,649.1,994.6,63,2,994.4,1165,4,994.3,4692,9,994.2,2604,10,994.1,1914,11,994.8,154,3,994.9,893,7,995.0,6791,36,995.1,1830,19,995.2,2541,18
317,2025-11-26 09:39:19+05:30,994.8,2,989.5,991617,343996.0,299517.0,986.2,995.2,981.3,986.2,118442250,1084.8,887.6,1102.5,649.1,994.6,63,2,994.4,1165,4,994.3,4692,9,994.2,2604,10,994.1,1914,11,994.8,154,3,994.9,893,7,995.0,6791,36,995.1,1830,19,995.2,2541,18
317,2025-11-26 09:39:19+05:30,994.6,13,989.5,991682,343925.0,300386.0,986.2,995.2,981.3,986.2,118442250,1084.8,887.6,1102.5,649.1,994.4,491,2,994.3,5386,13,994.2,2529,9,994.1,1455,9,994.0,3961,20,994.7,1,1,994.8,314,6,994.9,1368,10,995.0,6756,36,995.1,2312,21
317,2025-11-26 09:39:20+05:30,994.6,13,989.5,991682,343925.0,300386.0,986.2,995.2,981.3,986.2,118442250,1084.8,887.6,1102.5,649.1,994.4,491,2,994.3,5386,13,994.2,2529,9,994.1,1455,9,994.0,3961,20,994.7,1,1,994.8,314,6,994.9,1368,10,995.0,6756,36,995.1,2312,21
317,2025-11-26 09:39:20+05:30,994.6,13,989.5,991682,344247.0,301874.0,986.2,995.2,981.3,986.2,118442250,1084.8,887.6,1102.5,649.1,994.4,1037,5,994.3,4886,12,994.2,2529,9,994.1,1455,9,994.0,3963,21,994.7,1,1,994.8,360,7,994.9,1245,9,995.0,6636,35,995.1,2390,19
317,2025-11-26 09:39:22+05:30,994.5,43,989.5,991760,346144.0,301107.0,986.2,995.2,981.3,986.2,118442250,1084.8,887.6,1102.5,649.1,994.5,27,1,994.4,4908,14,994.3,4714,16,994.2,477,4,994.1,2706,12,994.8,171,5,994.9,572,3,995.0,6365,33,995.1,1746,16,995.2,2682,23
317,2025-11-26 09:39:22+05:30,994.5,43,989.5,991760,346144.0,301107.0,986.2,995.2,981.3,986.2,118442250,1084.8,887.6,1102.5,649.1,994.5,27,1,994.4,4908,14,994.3,4714,16,994.2,477,4,994.1,2706,12,994.8,171,5,994.9,572,3,995.0,6365,33,995.1,1746,16,995.2,2682,23
317,2025-11-26 09:39:23+05:30,994.8,2,989.5,991762,345574.0,300969.0,986.2,995.2,981.3,986.2,118442250,1084.8,887.6,1102.5,649.1,994.6,27,1,994.5,453,1,994.4,4455,13,994.3,4714,16,994.2,483,5,994.8,169,5,994.9,572,3,995.0,6249,31,995.1,1746,16,995.2,2182,22
317,2025-11-26 09:39:23+05:30,994.8,2,989.5,991762,345574.0,300969.0,986.2,995.2,981.3,986.2,118442250,1084.8,887.6,1102.5,649.1,994.6,27,1,994.5,453,1,994.4,4455,13,994.3,4714,16,994.2,483,5,994.8,169,5,994.9,572,3,995.0,6249,31,995.1,1746,16,995.2,2182,22
317,2025-11-26 09:39:24+05:30,994.8,1,989.5,991770,345326.0,300562.0,986.2,995.2,981.3,986.2,118442250,1084.8,887.6,1102.5,649.1,994.5,480,2,994.4,4465,14,994.3,4714,16,994.2,483,5,994.1,2706,12,994.8,161,5,994.9,849,4,995.0,6249,31,995.1,1741,15,995.2,2677,22
317,2025-11-26 09:39:24+05:30,994.8,1,989.5,991770,345326.0,300562.0,986.2,995.2,981.3,986.2,118442250,1084.8,887.6,1102.5,649.1,994.5,480,2,994.4,4465,14,994.3,4714,16,994.2,483,5,994.1,2706,12,994.8,161,5,994.9,849,4,995.0,6249,31,995.1,1741,15,995.2,2677,22
317,2025-11-26 09:39:25+05:30,994.8,1,989.5,991770,347991.0,297245.0,986.2,995.2,981.3,986.2,118442250,1084.8,887.6,1102.5,649.1,994.7,7,1,994.5,482,3,994.4,4323,12,994.3,4785,17,994.2,654,6,994.8,34,4,994.9,572,3,995.0,6249,32,995.1,1741,15,995.2,2677,22
317,2025-11-26 09:39:26+05:30,994.8,1,989.5,991770,346285.0,301529.0,986.2,995.2,981.3,986.2,118442250,1084.8,887.6,1102.5,649.1,994.7,7,1,994.5,486,4,994.4,4332,13,994.3,4785,17,994.2,654,6,994.8,34,4,994.9,572,3,995.0,6045,30,995.1,1812,16,995.2,2677,22
317,2025-11-26 09:39:27+05:30,994.8,1,989.5,991770,344607.0,301914.0,986.2,995.2,981.3,986.2,118442250,1084.8,887.6,1102.5,649.1,994.7,7,1,994.6,27,1,994.5,470,4,994.4,4332,13,994.3,4785,17,994.8,34,4,994.9,706,4,995.0,6317,32,995.1,1741,15,995.2,2677,22
317,2025-11-26 09:39:28+05:30,994.8,1,989.5,991770,344595.0,301803.0,986.2,995.2,981.3,986.2,118442250,1084.8,887.6,1102.5,649.1,994.7,7,1,994.6,27,1,994.5,470,4,994.4,4332,13,994.3,4824,18,994.8,34,4,994.9,758,5,995.0,6397,34,995.1,1741,15,995.2,2675,22
317,2025-11-26 09:39:29+05:30,994.7,5,989.5,991770,344595.0,301803.0,986.2,995.2,981.3,986.2,118442250,1084.8,887.6,1102.5,649.1,994.7,2,1,994.6,480,2,994.5,64,4,994.4,4332,13,994.3,4753,17,994.8,43,5,994.9,829,6,995.0,6326,33,995.1,1741,15,995.2,2675,22
317,2025-11-26 09:39:29+05:30,994.7,5,989.5,991775,348203.0,301834.0,986.2,995.2,981.3,986.2,118442250,1084.8,887.6,1102.5,649.1,994.7,2,1,994.6,480,2,994.5,64,4,994.4,4332,13,994.3,4753,17,994.8,43,5,994.9,829,6,995.0,6326,33,995.1,1741,15,995.2,2675,22
317,2025-11-26 09:39:30+05:30,994.3,177,989.5,991775,348203.0,301834.0,986.2,995.2,981.3,986.2,118442250,1084.8,887.6,1102.5,649.1,994.7,2,1,994.6,480,2,994.5,64,4,994.4,4332,13,994.3,4753,17,994.8,43,5,994.9,829,6,995.0,6326,33,995.1,1741,15,995.2,2675,22
317,2025-11-26 09:39:30+05:30,994.3,177,989.53,998946,335661.0,307616.0,986.2,995.2,981.3,986.2,118442250,1084.8,887.6,1102.5,649.1,994.2,48,2,994.1,10,1,994.0,1873,6,993.9,847,3,993.8,2836,7,994.3,150,3,994.4,177,5,994.5,753,7,994.6,801,9,994.7,1546,19
317,2025-11-26 09:39:31+05:30,993.9,670,989.53,998946,335661.0,307616.0,986.2,995.2,981.3,986.2,118442250,1084.8,887.6,1102.5,649.1,994.2,48,2,994.1,10,1,994.0,1873,6,993.9,847,3,993.8,2836,7,994.3,150,3,994.4,177,5,994.5,753,7,994.6,801,9,994.7,1546,19
317,2025-11-26 09:39:31+05:30,993.9,670,989.55,1001867,337901.0,310074.0,986.2,995.2,981.3,986.2,118442250,1084.8,887.6,1102.5,649.1,993.9,1487,3,993.8,3424,6,993.7,2648,15,993.6,2531,15,993.5,2400,14,994.2,29,1,994.3,307,5,994.4,913,9,994.5,861,10,994.6,816,11
317,2025-11-26 09:39:32+05:30,993.9,116,989.55,1001867,337901.0,310074.0,986.2,995.2,981.3,986.2,118442250,1084.8,887.6,1102.5,649.1,993.9,1487,3,993.8,3424,6,993.7,2648,15,993.6,2531,15,993.5,2400,14,994.2,29,1,994.3,307,5,994.4,913,9,994.5,861,10,994.6,816,11
317,2025-11-26 09:39:32+05:30,994.2,37,989.55,1002659,339986.0,312232.0,986.2,995.2,981.3,986.2,118442250,1084.8,887.6,1102.5,649.1,993.9,750,1,993.8,2681,5,993.7,2870,5,993.6,1753,10,993.5,2007,12,994.1,41,2,994.2,599,4,994.3,622,10,994.4,939,12,994.5,1860,18
317,2025-11-26 09:39:33+05:30,994.1,68,989.55,1002659,339986.0,312232.0,986.2,995.2,981.3,986.2,118442250,1084.8,887.6,1102.5,649.1,993.9,750,1,993.8,2681,5,993.7,2870,5,993.6,1753,10,993.5,2007,12,994.1,41,2,994.2,599,4,994.3,622,10,994.4,939,12,994.5,1860,18
317,2025-11-26 09:39:33+05:30,994.1,68,989.56,1005030,331862.0,317296.0,986.2,995.2,981.3,986.2,118442250,1084.8,887.6,1102.5,649.1,993.7,112,1,993.6,566,6,993.5,228,2,993.4,854,4,993.3,3600,9,993.9,106,3,994.0,348,7,994.1,1011,15,994.2,1317,10,994.3,1867,17
317,2025-11-26 09:39:34+05:30,993.6,9,989.56,1005030,331862.0,317296.0,986.2,995.2,981.3,986.2,118442250,1084.8,887.6,1102.5,649.1,993.7,112,1,993.6,566,6,993.5,228,2,993.4,854,4,993.3,3600,9,993.9,106,3,994.0,348,7,994.1,1011,15,994.2,1317,10,994.3,1867,17
317,2025-11-26 09:39:34+05:30,993.6,50,989.56,1005852,332044.0,317924.0,986.2,995.2,981.3,986.2,118442250,1084.8,887.6,1102.5,649.1,993.5,50,1,993.4,831,3,993.3,2965,7,993.2,2761,18,993.1,1621,8,993.8,93,2,993.9,754,8,994.0,764,11,994.1,1134,16,994.2,1260,13
317,2025-11-26 09:39:35+05:30,993.4,168,989.56,1005852,332044.0,317924.0,986.2,995.2,981.3,986.2,118442250,1084.8,887.6,1102.5,649.1,993.5,50,1,993.4,831,3,993.3,2965,7,993.2,2761,18,993.1,1621,8,993.8,93,2,993.9,754,8,994.0,764,11,994.1,1134,16,994.2,1260,13
317,2025-11-26 09:39:35+05:30,993.4,168,989.57,1006151,333196.0,319612.0,986.2,995.2,981.3,986.2,118442250,1084.8,887.6,1102.5,649.1,993.4,1332,2,993.3,3622,7,993.2,3151,22,993.1,1621,8,993.0,3590,27,993.8,93,2,993.9,971,10,994.0,851,13,994.1,2414,25,994.2,1121,13
317,2025-11-26 09:39:36+05:30,993.8,15,989.57,1006256,332769.0,319299.0,986.2,995.2,981.3,986.2,118442250,1084.8,887.6,1102.5,649.1,993.4,1242,2,993.3,3860,9,993.2,3046,15,993.1,1630,9,993.0,3403,25,993.8,14,1,993.9,1035,11,994.0,851,13,994.1,2414,25,994.2,1121,13
317,2025-11-26 09:39:37+05:30,993.8,15,989.57,1006256,332769.0,319299.0,986.2,995.2,981.3,986.2,118442250,1084.8,887.6,1102.5,649.1,993.4,1242,2,993.3,3860,9,993.2,3046,15,993.1,1630,9,993.0,3403,25,993.8,14,1,993.9,1035,11,994.0,851,13,994.1,2414,25,994.2,1121,13
317,2025-11-26 09:39:37+05:30,993.8,15,989.57,1006256,330168.0,317887.0,986.2,995.2,981.3,986.2,118442250,1084.8,887.6,1102.5,649.1,993.5,2144,6,993.4,3250,12,993.3,3813,13,993.2,668,15,993.1,2371,9,993.9,170,3,994.0,607,6,994.1,2181,22,994.2,959,13,994.3,1854,17
317,2025-11-26 09:39:38+05:30,993.8,15,989.57,1006256,338062.0,318365.0,986.2,995.2,981.3,986.2,118442250,1084.8,887.6,1102.5,649.1,993.5,2958,8,993.4,3186,11,993.3,3838,14,993.2,668,15,993.1,2371,9,993.9,40,2,994.0,544,5,994.1,2181,22,994.2,937,13,994.3,1908,18
317,2025-11-26 09:39:40+05:30,993.5,97,989.57,1006462,333863.0,317893.0,986.2,995.2,981.3,986.2,118442250,1084.8,887.6,1102.5,649.1,993.5,3056,9,993.4,3447,13,993.3,4014,14,993.2,668,15,993.1,2193,8,993.9,34,2,994.0,722,6,994.1,2181,22,994.2,942,14,994.3,1908,18
317,2025-11-26 09:39:40+05:30,993.5,97,989.57,1006462,333863.0,317893.0,986.2,995.2,981.3,986.2,118442250,1084.8,887.6,1102.5,649.1,993.5,3056,9,993.4,3447,13,993.3,4014,14,993.2,668,15,993.1,2193,8,993.9,34,2,994.0,722,6,994.1,2181,22,994.2,942,14,994.3,1908,18
317,2025-11-26 09:39:41+05:30,993.9,22,989.57,1006462,333863.0,317893.0,986.2,995.2,981.3,986.2,118442250,1084.8,887.6,1102.5,649.1,993.5,3056,9,993.4,3447,13,993.3,4014,14,993.2,668,15,993.1,2193,8,993.9,34,2,994.0,722,6,994.1,2181,22,994.2,942,14,994.3,1908,18
317,2025-11-26 09:39:41+05:30,994.1,27,989.57,1007145,334803.0,316078.0,986.2,995.2,981.3,986.2,118442250,1084.8,887.6,1102.5,649.1,993.6,171,2,993.5,984,5,993.4,4326,13,993.3,3949,13,993.2,911,16,994.0,284,4,994.1,1715,13,994.2,469,5,994.3,1908,18,994.4,1581,17
317,2025-11-26 09:39:42+05:30,994.1,27,989.57,1007145,334803.0,316078.0,986.2,995.2,981.3,986.2,118442250,1084.8,887.6,1102.5,649.1,993.6,171,2,993.5,984,5,993.4,4326,13,993.3,3949,13,993.2,911,16,994.0,284,4,994.1,1715,13,994.2,469,5,994.3,1908,18,994.4,1581,17
317,2025-11-26 09:39:42+05:30,994.1,27,989.57,1007145,331851.0,318356.0,986.2,995.2,981.3,986.2,118442250,1084.8,887.6,1102.5,649.1,993.6,87,1,993.5,1045,4,993.4,3467,10,993.3,3554,12,993.2,1312,18,994.0,1455,11,994.1,2215,24,994.2,551,8,994.3,2408,19,994.4,1881,17
317,2025-11-26 09:39:43+05:30,993.5,1,989.57,1007145,331851.0,318356.0,986.2,995.2,981.3,986.2,118442250,1084.8,887.6,1102.5,649.1,993.6,87,1,993.5,1045,4,993.4,3467,10,993.3,3554,12,993.2,1312,18,994.0,1455,11,994.1,2215,24,994.2,551,8,994.3,2408,19,994.4,1881,17
317,2025-11-26 09:39:43+05:30,993.5,1,989.57,1007277,337403.0,318414.0,986.2,995.2,981.3,986.2,118442250,1084.8,887.6,1102.5,649.1,993.5,3081,9,993.4,3722,12,993.3,3348,12,993.2,913,17,993.1,2232,9,994.0,1124,7,994.1,2144,19,994.2,588,7,994.3,1908,18,994.4,2559,19
317,2025-11-26 09:39:44+05:30,993.5,1,989.57,1007277,337405.0,318743.0,986.2,995.2,981.3,986.2,118442250,1084.8,887.6,1102.5,649.1,993.5,3081,9,993.4,3655,10,993.3,3348,12,993.2,981,19,993.1,2232,9,994.0,1338,12,994.1,2141,22,994.2,619,10,994.3,1921,19,994.4,2628,20
317,2025-11-26 09:39:45+05:30,994.0,340,989.57,1007677,339563.0,318001.0,986.2,995.2,981.3,986.2,118442250,1084.8,887.6,1102.5,649.1,993.6,429,4,993.5,4978,15,993.4,4553,14,993.3,1073,9,993.2,1485,17,994.0,123,2,994.1,1894,18,994.2,691,10,994.3,1908,18,994.4,2128,20
317,2025-11-26 09:39:46+05:30,994.0,1,989.57,1007677,339563.0,318001.0,986.2,995.2,981.3,986.2,118442250,1084.8,887.6,1102.5,649.1,993.6,429,4,993.5,4978,15,993.4,4553,14,993.3,1073,9,993.2,1485,17,994.0,123,2,994.1,1894,18,994.2,691,10,994.3,1908,18,994.4,2128,20
317,2025-11-26 09:39:46+05:30,994.0,1,989.57,1007678,339648.0,318938.0,986.2,995.2,981.3,986.2,118442250,1084.8,887.6,1102.5,649.1,993.6,312,2,993.5,4997,16,993.4,4566,15,993.3,1060,8,993.2,2235,18,994.0,162,4,994.1,1952,19,994.2,946,11,994.3,1908,18,994.4,2622,20
317,2025-11-26 09:39:47+05:30,994.0,2,989.57,1007680,339742.0,318844.0,986.2,995.2,981.3,986.2,118442250,1084.8,887.6,1102.5,649.1,993.6,170,1,993.5,4997,16,993.4,4676,16,993.3,1060,8,993.2,2413,19,994.0,310,6,994.1,2179,21,994.2,638,11,994.3,1908,18,994.4,2622,20
317,2025-11-26 09:39:48+05:30,994.0,2,989.57,1007680,339742.0,318844.0,986.2,995.2,981.3,986.2,118442250,1084.8,887.6,1102.5,649.1,993.6,170,1,993.5,4997,16,993.4,4676,16,993.3,1060,8,993.2,2413,19,994.0,310,6,994.1,2179,21,994.2,638,11,994.3,1908,18,994.4,2622,20
317,2025-11-26 09:39:48+05:30,994.0,2,989.57,1007680,335700.0,318621.0,986.2,995.2,981.3,986.2,118442250,1084.8,887.6,1102.5,649.1,993.8,20,1,993.6,170,1,993.5,4882,15,993.4,4676,16,993.3,1176,10,994.0,298,6,994.1,2026,20,994.2,638,11,994.3,1908,18,994.4,2564,19
317,2025-11-26 09:39:49+05:30,994.0,25,989.57,1007680,335700.0,318621.0,986.2,995.2,981.3,986.2,118442250,1084.8,887.6,1102.5,649.1,993.8,20,1,993.6,170,1,993.5,4882,15,993.4,4676,16,993.3,1176,10,994.0,298,6,994.1,2026,20,994.2,638,11,994.3,1908,18,994.4,2564,19
317,2025-11-26 09:39:49+05:30,993.6,80,989.57,1007805,339343.0,318915.0,986.2,995.2,981.3,986.2,118442250,1084.8,887.6,1102.5,649.1,993.6,2156,5,993.5,3634,13,993.4,3816,14,993.3,1118,9,993.2,2413,19,994.0,343,6,994.1,2167,21,994.2,905,14,994.3,1908,18,994.4,2564,19
317,2025-11-26 09:39:50+05:30,994.0,50,989.57,1007805,339343.0,318915.0,986.2,995.2,981.3,986.2,118442250,1084.8,887.6,1102.5,649.1,993.6,2156,5,993.5,3634,13,993.4,3816,14,993.3,1118,9,993.2,2413,19,994.0,343,6,994.1,2167,21,994.2,905,14,994.3,1908,18,994.4,2564,19
317,2025-11-26 09:39:50+05:30,993.5,31,989.57,1008085,333804.0,319618.0,986.2,995.2,981.3,986.2,118442250,1084.8,887.6,1102.5,649.1,993.6,1992,3,993.5,3200,9,993.4,3714,12,993.3,1172,10,993.2,2411,18,994.0,848,8,994.1,2231,23,994.2,762,11,994.3,1931,19,994.4,2468,17
317,2025-11-26 09:39:51+05:30,994.0,1,989.57,1008085,333804.0,319618.0,986.2,995.2,981.3,986.2,118442250,1084.8,887.6,1102.5,649.1,993.6,1992,3,993.5,3200,9,993.4,3714,12,993.3,1172,10,993.2,2411,18,994.0,848,8,994.1,2231,23,994.2,762,11,994.3,1931,19,994.4,2468,17
317,2025-11-26 09:39:51+05:30,994.0,1,989.57,1008086,338432.0,320033.0,986.2,995.2,981.3,986.2,118442250,1084.8,887.6,1102.5,649.1,993.6,492,1,993.5,4068,12,993.4,4459,14,993.3,1261,9,993.2,2411,18,994.0,713,7,994.1,2175,22,994.2,818,12,994.3,1928,18,994.4,2478,18
317,2025-11-26 09:39:52+05:30,994.0,1,989.57,1008086,338432.0,320033.0,986.2,995.2,981.3,986.2,118442250,1084.8,887.6,1102.5,649.1,993.6,492,1,993.5,4068,12,993.4,4459,14,993.3,1261,9,993.2,2411,18,994.0,713,7,994.1,2175,22,994.2,818,12,994.3,1928,18,994.4,2478,18
317,2025-11-26 09:39:52+05:30,994.0,1,989.57,1008086,338432.0,320033.0,986.2,995.2,981.3,986.2,118442250,1084.8,887.6,1102.5,649.1,993.6,492,1,993.5,4068,12,993.4,4459,14,993.3,1261,9,993.2,2411,18,994.0,713,7,994.1,2175,22,994.2,818,12,994.3,1928,18,994.4,2478,18
317,2025-11-26 09:39:52+05:30,993.6,3,989.57,1008094,339623.0,319932.0,986.2,995.2,981.3,986.2,118442250,1084.8,887.6,1102.5,649.1,993.6,2042,4,993.5,3950,11,993.4,3649,13,993.3,1261,9,993.2,2432,19,994.0,841,7,994.1,2165,21,994.2,752,10,994.3,1974,18,994.4,2290,16
317,2025-11-26 09:39:52+05:30,993.6,3,989.57,1008094,339623.0,319932.0,986.2,995.2,981.3,986.2,118442250,1084.8,887.6,1102.5,649.1,993.6,2042,4,993.5,3950,11,993.4,3649,13,993.3,1261,9,993.2,2432,19,994.0,841,7,994.1,2165,21,994.2,752,10,994.3,1974,18,994.4,2290,16
317,2025-11-26 09:39:53+05:30,993.6,3,989.57,1008094,339623.0,319932.0,986.2,995.2,981.3,986.2,118442250,1084.8,887.6,1102.5,649.1,993.6,2042,4,993.5,3950,11,993.4,3649,13,993.3,1261,9,993.2,2432,19,994.0,841,7,994.1,2165,21,994.2,752,10,994.3,1974,18,994.4,2290,16
317,2025-11-26 09:39:53+05:30,994.0,1,989.57,1008094,339623.0,319932.0,986.2,995.2,981.3,986.2,118442250,1084.8,887.6,1102.5,649.1,993.6,2042,4,993.5,3950,11,993.4,3649,13,993.3,1261,9,993.2,2432,19,994.0,841,7,994.1,2165,21,994.2,752,10,994.3,1974,18,994.4,2290,16
317,2025-11-26 09:39:53+05:30,994.0,1,989.57,1008094,339623.0,319932.0,986.2,995.2,981.3,986.2,118442250,1084.8,887.6,1102.5,649.1,993.6,2042,4,993.5,3950,11,993.4,3649,13,993.3,1261,9,993.2,2432,19,994.0,841,7,994.1,2165,21,994.2,752,10,994.3,1974,18,994.4,2290,16
317,2025-11-26 09:39:53+05:30,994.0,1,989.57,1008146,338075.0,319330.0,986.2,995.2,981.3,986.2,118442250,1084.8,887.6,1102.5,649.1,993.7,112,1,993.6,63,2,993.5,4734,14,993.4,5812,18,993.3,872,9,994.0,531,6,994.1,2221,22,994.2,646,9,994.3,1817,16,994.4,1899,15
317,2025-11-26 09:39:53+05:30,994.0,1,989.57,1008146,338075.0,319330.0,986.2,995.2,981.3,986.2,118442250,1084.8,887.6,1102.5,649.1,993.7,112,1,993.6,63,2,993.5,4734,14,993.4,5812,18,993.3,872,9,994.0,531,6,994.1,2221,22,994.2,646,9,994.3,1817,16,994.4,1899,15
317,2025-11-26 09:39:54+05:30,994.0,1,989.57,1008146,338075.0,319330.0,986.2,995.2,981.3,986.2,118442250,1084.8,887.6,1102.5,649.1,993.7,112,1,993.6,63,2,993.5,4734,14,993.4,5812,18,993.3,872,9,994.0,531,6,994.1,2221,22,994.2,646,9,994.3,1817,16,994.4,1899,15
317,2025-11-26 09:39:54+05:30,994.0,1,989.57,1008146,338075.0,319330.0,986.2,995.2,981.3,986.2,118442250,1084.8,887.6,1102.5,649.1,993.7,112,1,993.6,63,2,993.5,4734,14,993.4,5812,18,993.3,872,9,994.0,531,6,994.1,2221,22,994.2,646,9,994.3,1817,16,994.4,1899,15
317,2025-11-26 09:39:54+05:30,994.0,1,989.57,1008146,338075.0,319330.0,986.2,995.2,981.3,986.2,118442250,1084.8,887.6,1102.5,649.1,993.7,112,1,993.6,63,2,993.5,4734,14,993.4,5812,18,993.3,872,9,994.0,531,6,994.1,2221,22,994.2,646,9,994.3,1817,16,994.4,1899,15
317,2025-11-26 09:39:54+05:30,993.7,1,989.57,1008147,337561.0,319315.0,986.2,995.2,981.3,986.2,118442250,1084.8,887.6,1102.5,649.1,993.7,124,2,993.6,542,2,993.5,4012,11,993.4,5877,20,993.3,872,9,994.0,564,8,994.1,2221,22,994.2,646,9,994.3,1817,16,994.4,2399,16
317,2025-11-26 09:39:55+05:30,993.7,1,989.57,1008147,337561.0,319315.0,986.2,995.2,981.3,986.2,118546500,1084.8,887.6,1102.5,649.1,993.7,124,2,993.6,542,2,993.5,4012,11,993.4,5877,20,993.3,872,9,994.0,564,8,994.1,2221,22,994.2,646,9,994.3,1817,16,994.4,2399,16
317,2025-11-26 09:39:55+05:30,993.7,1,989.57,1008147,337561.0,319315.0,986.2,995.2,981.3,986.2,118546500,1084.8,887.6,1102.5,649.1,993.7,124,2,993.6,542,2,993.5,4012,11,993.4,5877,20,993.3,872,9,994.0,564,8,994.1,2221,22,994.2,646,9,994.3,1817,16,994.4,2399,16
317,2025-11-26 09:39:55+05:30,993.7,1,989.57,1008147,337561.0,319315.0,986.2,995.2,981.3,986.2,118546500,1084.8,887.6,1102.5,649.1,993.7,124,2,993.6,542,2,993.5,4012,11,993.4,5877,20,993.3,872,9,994.0,564,8,994.1,2221,22,994.2,646,9,994.3,1817,16,994.4,2399,16
317,2025-11-26 09:39:56+05:30,994.0,5,989.57,1008287,339172.0,319770.0,986.2,995.2,981.3,986.2,118546500,1084.8,887.6,1102.5,649.1,993.6,488,1,993.5,4706,11,993.4,4563,16,993.3,1261,9,993.2,2432,19,994.0,549,7,994.1,2221,22,994.2,790,10,994.3,2073,18,994.4,2498,17
317,2025-11-26 09:39:56+05:30,993.6,50,989.57,1008287,339172.0,319770.0,986.2,995.2,981.3,986.2,118546500,1084.8,887.6,1102.5,649.1,993.6,488,1,993.5,4706,11,993.4,4563,16,993.3,1261,9,993.2,2432,19,994.0,549,7,994.1,2221,22,994.2,790,10,994.3,2073,18,994.4,2498,17
317,2025-11-26 09:39:57+05:30,994.0,35,989.57,1008287,339172.0,319770.0,986.2,995.2,981.3,986.2,118546500,1084.8,887.6,1102.5,649.1,993.6,488,1,993.5,4706,11,993.4,4563,16,993.3,1261,9,993.2,2432,19,994.0,549,7,994.1,2221,22,994.2,790,10,994.3,2073,18,994.4,2498,17
317,2025-11-26 09:39:57+05:30,994.0,35,989.58,1008373,338057.0,320783.0,986.2,995.2,981.3,986.2,118546500,1084.8,887.6,1102.5,649.1,993.6,173,2,993.5,5518,18,993.4,4653,17,993.3,1267,10,993.2,2368,15,994.0,513,7,994.1,2109,20,994.2,902,12,994.3,2073,18,994.4,2551,18
317,2025-11-26 09:39:58+05:30,994.0,250,989.58,1008373,338057.0,320783.0,986.2,995.2,981.3,986.2,118546500,1084.8,887.6,1102.5,649.1,993.6,173,2,993.5,5518,18,993.4,4653,17,993.3,1267,10,993.2,2368,15,994.0,513,7,994.1,2109,20,994.2,902,12,994.3,2073,18,994.4,2551,18
317,2025-11-26 09:39:58+05:30,994.0,250,989.58,1008624,338358.0,320691.0,986.2,995.2,981.3,986.2,118546500,1084.8,887.6,1102.5,649.1,993.6,173,2,993.5,4768,17,993.4,5811,20,993.3,872,9,993.2,2368,15,994.0,262,7,994.1,2109,20,994.2,902,12,994.3,2073,18,994.4,2085,18
317,2025-11-26 09:39:59+05:30,993.6,13,989.58,1008624,338358.0,320691.0,986.2,995.2,981.3,986.2,118546500,1084.8,887.6,1102.5,649.1,993.6,173,2,993.5,4768,17,993.4,5811,20,993.3,872,9,993.2,2368,15,994.0,262,7,994.1,2109,20,994.2,902,12,994.3,2073,18,994.4,2085,18
317,2025-11-26 09:39:59+05:30,993.6,13,989.58,1008637,337065.0,320288.0,986.2,995.2,981.3,986.2,118546500,1084.8,887.6,1102.5,649.1,993.6,2315,8,993.5,4462,17,993.4,4683,20,993.3,872,9,993.2,2368,15,994.0,153,5,994.1,1908,19,994.2,645,10,994.3,2129,19,994.4,2085,18
317,2025-11-26 09:40:00+05:30,993.6,54,989.58,1008637,337065.0,320288.0,986.2,995.2,981.3,986.2,118546500,1084.8,887.6,1102.5,649.1,993.6,2315,8,993.5,4462,17,993.4,4683,20,993.3,872,9,993.2,2368,15,994.0,153,5,994.1,1908,19,994.2,645,10,994.3,2129,19,994.4,2085,18
317,2025-11-26 09:40:00+05:30,993.6,54,989.58,1008770,339978.0,321912.0,986.2,995.2,981.3,986.2,118546500,1084.8,887.6,1102.5,649.1,993.6,1970,4,993.5,4205,15,993.4,4300,17,993.3,872,9,993.2,2368,15,994.0,318,7,994.1,2017,21,994.2,984,12,994.3,1927,18,994.4,2537,19
317,2025-11-26 09:40:01+05:30,993.6,93,989.58,1008770,339978.0,321912.0,986.2,995.2,981.3,986.2,118546500,1084.8,887.6,1102.5,649.1,993.6,1970,4,993.5,4205,15,993.4,4300,17,993.3,872,9,993.2,2368,15,994.0,318,7,994.1,2017,21,994.2,984,12,994.3,1927,18,994.4,2537,19
317,2025-11-26 09:40:01+05:30,993.6,93,989.58,1008895,339719.0,322484.0,986.2,995.2,981.3,986.2,118546500,1084.8,887.6,1102.5,649.1,993.6,1845,3,993.5,3096,11,993.4,4597,15,993.3,1314,10,993.2,2368,15,994.0,970,13,994.1,2218,22,994.2,594,10,994.3,2222,19,994.4,2537,19
317,2025-11-26 09:40:02+05:30,994.0,100,989.58,1008895,339719.0,322484.0,986.2,995.2,981.3,986.2,118546500,1084.8,887.6,1102.5,649.1,993.6,1845,3,993.5,3096,11,993.4,4597,15,993.3,1314,10,993.2,2368,15,994.0,970,13,994.1,2218,22,994.2,594,10,994.3,2222,19,994.4,2537,19
317,2025-11-26 09:40:02+05:30,994.0,100,989.58,1008995,336310.0,322297.0,986.2,995.2,981.3,986.2,118546500,1084.8,887.6,1102.5,649.1,993.6,438,1,993.5,4618,14,993.4,4597,17,993.3,1267,10,993.2,2368,15,994.0,715,10,994.1,2162,21,994.2,696,12,994.3,1922,18,994.4,2537,19
317,2025-11-26 09:40:03+05:30,993.6,25,989.58,1009020,338040.0,322221.0,986.2,995.2,981.3,986.2,118546500,1084.8,887.6,1102.5,649.1,993.6,509,2,993.5,4730,15,993.4,4646,18,993.3,1267,10,993.2,2368,15,994.0,581,9,994.1,2116,21,994.2,897,13,994.3,1922,18,994.4,2359,18
317,2025-11-26 09:40:04+05:30,993.6,25,989.58,1009020,338040.0,322221.0,986.2,995.2,981.3,986.2,118546500,1084.8,887.6,1102.5,649.1,993.6,509,2,993.5,4730,15,993.4,4646,18,993.3,1267,10,993.2,2368,15,994.0,581,9,994.1,2116,21,994.2,897,13,994.3,1922,18,994.4,2359,18
317,2025-11-26 09:40:04+05:30,994.0,5,989.58,1010525,339229.0,321000.0,986.2,995.2,981.3,986.2,118546500,1084.8,887.6,1102.5,649.1,993.6,1011,5,993.5,4787,18,993.4,5041,19,993.3,866,8,993.2,2368,15,994.0,88,3,994.1,1225,15,994.2,644,8,994.3,1867,17,994.4,1230,16
317,2025-11-26 09:40:05+05:30,994.0,3,989.58,1010525,339229.0,321000.0,986.2,995.2,981.3,986.2,118546500,1084.8,887.6,1102.5,649.1,993.6,1011,5,993.5,4787,18,993.4,5041,19,993.3,866,8,993.2,2368,15,994.0,88,3,994.1,1225,15,994.2,644,8,994.3,1867,17,994.4,1230,16
317,2025-11-26 09:40:05+05:30,994.1,8,989.59,1011102,337389.0,320660.0,986.2,995.2,981.3,986.2,118546500,1084.8,887.6,1102.5,649.1,993.7,125,1,993.6,1096,5,993.5,4109,15,993.4,4470,11,993.3,975,11,994.1,504,9,994.2,536,5,994.3,1505,12,994.4,1073,14,994.5,1986,15
317,2025-11-26 09:40:06+05:30,993.7,387,989.59,1011102,337389.0,320660.0,986.2,995.2,981.3,986.2,118546500,1084.8,887.6,1102.5,649.1,993.7,125,1,993.6,1096,5,993.5,4109,15,993.4,4470,11,993.3,975,11,994.1,504,9,994.2,536,5,994.3,1505,12,994.4,1073,14,994.5,1986,15
317,2025-11-26 09:40:06+05:30,993.7,1,989.59,1011846,339555.0,319100.0,986.2,995.2,981.3,986.2,118546500,1084.8,887.6,1102.5,649.1,993.8,363,1,993.7,156,3,993.6,2262,9,993.5,2310,13,993.4,3984,11,994.1,439,5,994.2,5,1,994.3,747,7,994.4,1078,14,994.5,1765,15
317,2025-11-26 09:40:07+05:30,994.1,1,989.59,1011846,339555.0,319100.0,986.2,995.2,981.3,986.2,118546500,1084.8,887.6,1102.5,649.1,993.8,363,1,993.7,156,3,993.6,2262,9,993.5,2310,13,993.4,3984,11,994.1,439,5,994.2,5,1,994.3,747,7,994.4,1078,14,994.5,1765,15
317,2025-11-26 09:40:07+05:30,994.1,1,989.6,1013489,339598.0,316767.0,986.2,995.2,981.3,986.2,118546500,1084.8,887.6,1102.5,649.1,994.1,70,1,993.9,485,4,993.8,800,6,993.7,2920,10,993.6,4107,17,994.4,107,2,994.5,297,4,994.6,1049,10,994.7,1496,15,994.8,2975,16
317,2025-11-26 09:40:08+05:30,994.1,1,989.6,1013489,338914.0,318460.0,986.2,995.2,981.3,986.2,118546500,1084.8,887.6,1102.5,649.1,994.1,83,2,993.9,326,2,993.8,353,3,993.7,1028,4,993.6,3425,20,994.4,1354,8,994.5,632,8,994.6,1368,11,994.7,1509,16,994.8,2596,19
317,2025-11-26 09:40:09+05:30,993.2,19,989.6,1013489,338914.0,318460.0,986.2,995.2,981.3,986.2,118546500,1084.8,887.6,1102.5,649.1,994.1,83,2,993.9,326,2,993.8,353,3,993.7,1028,4,993.6,3425,20,994.4,1354,8,994.5,632,8,994.6,1368,11,994.7,1509,16,994.8,2596,19
317,2025-11-26 09:40:09+05:30,993.3,50,989.6,1015099,331097.0,325618.0,986.2,995.2,981.3,986.2,118546500,1084.8,887.6,1102.5,649.1,993.2,1906,13,993.1,2933,9,993.0,2784,25,992.9,2356,17,992.8,1528,8,993.7,54,2,993.8,272,3,993.9,689,6,994.0,1413,15,994.1,1851,16
317,2025-11-26 09:40:10+05:30,993.8,100,989.6,1015099,331097.0,325618.0,986.2,995.2,981.3,986.2,118546500,1084.8,887.6,1102.5,649.1,993.2,1906,13,993.1,2933,9,993.0,2784,25,992.9,2356,17,992.8,1528,8,993.7,54,2,993.8,272,3,993.9,689,6,994.0,1413,15,994.1,1851,16
317,2025-11-26 09:40:10+05:30,993.7,5,989.61,1015606,329375.0,324634.0,986.2,995.2,981.3,986.2,118546500,1084.8,887.6,1102.5,649.1,993.2,1355,12,993.1,2990,11,993.0,3154,26,992.9,2534,18,992.8,833,8,993.7,16,1,993.8,701,4,993.9,1035,9,994.0,1153,13,994.1,1846,17
317,2025-11-26 09:40:11+05:30,993.7,10,989.61,1015606,329375.0,324634.0,986.2,995.2,981.3,986.2,118546500,1084.8,887.6,1102.5,649.1,993.2,1355,12,993.1,2990,11,993.0,3154,26,992.9,2534,18,992.8,833,8,993.7,16,1,993.8,701,4,993.9,1035,9,994.0,1153,13,994.1,1846,17
317,2025-11-26 09:40:11+05:30,993.7,10,989.61,1015616,330288.0,323927.0,986.2,995.2,981.3,986.2,118546500,1084.8,887.6,1102.5,649.1,993.3,329,3,993.2,3197,15,993.1,2033,10,993.0,3992,29,992.9,1008,14,993.8,38,2,993.9,646,5,994.0,1427,12,994.1,1752,17,994.2,1673,21
317,2025-11-26 09:40:12+05:30,993.8,50,989.61,1015616,330288.0,323927.0,986.2,995.2,981.3,986.2,118546500,1084.8,887.6,1102.5,649.1,993.3,329,3,993.2,3197,15,993.1,2033,10,993.0,3992,29,992.9,1008,14,993.8,38,2,993.9,646,5,994.0,1427,12,994.1,1752,17,994.2,1673,21
317,2025-11-26 09:40:12+05:30,994.1,9,989.62,1017925,339770.0,316799.0,986.2,995.2,981.3,986.2,118546500,1084.8,887.6,1102.5,649.1,993.9,750,1,993.7,214,3,993.6,2428,7,993.5,2612,13,993.4,4533,16,994.1,46,2,994.3,156,2,994.4,452,5,994.5,404,5,994.6,536,7
317,2025-11-26 09:40:13+05:30,994.1,9,989.62,1017925,339770.0,316799.0,986.2,995.2,981.3,986.2,118546500,1084.8,887.6,1102.5,649.1,993.9,750,1,993.7,214,3,993.6,2428,7,993.5,2612,13,993.4,4533,16,994.1,46,2,994.3,156,2,994.4,452,5,994.5,404,5,994.6,536,7
317,2025-11-26 09:40:13+05:30,993.9,2,989.62,1018439,338490.0,320105.0,986.2,995.2,981.3,986.2,118546500,1084.8,887.6,1102.5,649.1,993.9,236,1,993.6,863,2,993.5,3021,10,993.4,2204,11,993.3,2128,16,994.1,759,6,994.2,761,8,994.3,756,9,994.4,501,7,994.5,1093,9
317,2025-11-26 09:40:14+05:30,994.1,13,989.62,1018439,338490.0,320105.0,986.2,995.2,981.3,986.2,118546500,1084.8,887.6,1102.5,649.1,993.9,236,1,993.6,863,2,993.5,3021,10,993.4,2204,11,993.3,2128,16,994.1,759,6,994.2,761,8,994.3,756,9,994.4,501,7,994.5,1093,9
317,2025-11-26 09:40:14+05:30,994.0,1,989.62,1018453,338057.0,320759.0,986.2,995.2,981.3,986.2,118546500,1084.8,887.6,1102.5,649.1,994.0,111,1,993.9,236,1,993.6,1791,4,993.5,476,6,993.4,3706,14,994.1,544,5,994.2,377,3,994.3,847,9,994.4,671,7,994.5,1083,8
317,2025-11-26 09:40:15+05:30,994.0,1,989.62,1018453,338057.0,320759.0,986.2,995.2,981.3,986.2,118546500,1084.8,887.6,1102.5,649.1,994.0,111,1,993.9,236,1,993.6,1791,4,993.5,476,6,993.4,3706,14,994.1,544,5,994.2,377,3,994.3,847,9,994.4,671,7,994.5,1083,8
317,2025-11-26 09:40:15+05:30,994.1,11,989.62,1018664,338301.0,320941.0,986.2,995.2,981.3,986.2,118546500,1084.8,887.6,1102.5,649.1,994.0,11,1,993.9,236,1,993.7,72,1,993.6,1791,4,993.5,526,8,994.1,480,4,994.2,466,4,994.3,745,8,994.4,731,7,994.5,613,7
317,2025-11-26 09:40:16+05:30,994.0,1,989.62,1018664,338301.0,320941.0,986.2,995.2,981.3,986.2,118546500,1084.8,887.6,1102.5,649.1,994.0,11,1,993.9,236,1,993.7,72,1,993.6,1791,4,993.5,526,8,994.1,480,4,994.2,466,4,994.3,745,8,994.4,731,7,994.5,613,7
317,2025-11-26 09:40:16+05:30,994.0,1,989.62,1018665,337950.0,321022.0,986.2,995.2,981.3,986.2,118546500,1084.8,887.6,1102.5,649.1,994.0,17,2,993.9,236,1,993.7,74,2,993.6,1791,4,993.5,2760,12,994.1,403,2,994.2,409,3,994.3,847,9,994.4,629,6,994.5,613,7
317,2025-11-26 09:40:17+05:30,994.1,3,989.62,1018665,337950.0,321022.0,986.2,995.2,981.3,986.2,118546500,1084.8,887.6,1102.5,649.1,994.0,17,2,993.9,236,1,993.7,74,2,993.6,1791,4,993.5,2760,12,994.1,403,2,994.2,409,3,994.3,847,9,994.4,629,6,994.5,613,7
317,2025-11-26 09:40:17+05:30,994.1,10,989.62,1018805,340581.0,320506.0,986.2,995.2,981.3,986.2,118546500,1084.8,887.6,1102.5,649.1,994.0,17,2,993.9,236,1,993.8,82,1,993.7,1423,7,993.6,1512,6,994.1,615,3,994.2,155,1,994.3,315,3,994.4,632,5,994.5,613,7
317,2025-11-26 09:40:18+05:30,994.1,5,989.62,1018805,340581.0,320506.0,986.2,995.2,981.3,986.2,118546500,1084.8,887.6,1102.5,649.1,994.0,17,2,993.9,236,1,993.8,82,1,993.7,1423,7,993.6,1512,6,994.1,615,3,994.2,155,1,994.3,315,3,994.4,632,5,994.5,613,7
317,2025-11-26 09:40:18+05:30,994.1,5,989.62,1018810,340592.0,320501.0,986.2,995.2,981.3,986.2,118546500,1084.8,887.6,1102.5,649.1,994.0,17,2,993.9,236,1,993.8,82,1,993.7,1423,7,993.6,1512,6,994.1,610,3,994.2,155,1,994.3,315,3,994.4,632,5,994.5,613,7
317,2025-11-26 09:40:19+05:30,994.1,140,989.62,1018810,340592.0,320501.0,986.2,995.2,981.3,986.2,118546500,1084.8,887.6,1102.5,649.1,994.0,17,2,993.9,236,1,993.8,82,1,993.7,1423,7,993.6,1512,6,994.1,610,3,994.2,155,1,994.3,315,3,994.4,632,5,994.5,613,7
317,2025-11-26 09:40:19+05:30,994.0,2,989.62,1019570,342892.0,319949.0,986.2,995.2,981.3,986.2,118546500,1084.8,887.6,1102.5,649.1,994.0,15,2,993.9,236,1,993.8,450,5,993.7,1453,9,993.6,4348,13,994.1,684,3,994.2,155,1,994.3,54,1,994.4,604,4,994.5,559,6
317,2025-11-26 09:40:20+05:30,994.0,2,989.62,1019570,342892.0,319949.0,986.2,995.2,981.3,986.2,118546500,1084.8,887.6,1102.5,649.1,994.0,15,2,993.9,236,1,993.8,450,5,993.7,1453,9,993.6,4348,13,994.1,684,3,994.2,155,1,994.3,54,1,994.4,604,4,994.5,559,6
317,2025-11-26 09:40:20+05:30,993.9,113,989.62,1019698,342545.0,320200.0,986.2,995.2,981.3,986.2,118546500,1084.8,887.6,1102.5,649.1,994.0,6,1,993.9,217,2,993.8,350,3,993.7,3148,10,993.6,2846,10,994.1,684,3,994.2,155,1,994.3,156,2,994.4,770,6,994.5,559,6
317,2025-11-26 09:40:21+05:30,994.1,7,989.62,1019698,342545.0,320200.0,986.2,995.2,981.3,986.2,118546500,1084.8,887.6,1102.5,649.1,994.0,6,1,993.9,217,2,993.8,350,3,993.7,3148,10,993.6,2846,10,994.1,684,3,994.2,155,1,994.3,156,2,994.4,770,6,994.5,559,6
317,2025-11-26 09:40:21+05:30,994.1,1,989.62,1019706,338713.0,320187.0,986.2,995.2,981.3,986.2,118546500,1084.8,887.6,1102.5,649.1,994.0,6,1,993.9,123,1,993.8,444,4,993.7,1353,7,993.6,4348,13,994.1,676,3,994.2,155,1,994.3,156,2,994.4,594,5,994.5,750,7
317,2025-11-26 09:40:22+05:30,994.1,1,989.62,1019706,338713.0,320187.0,986.2,995.2,981.3,986.2,118546500,1084.8,887.6,1102.5,649.1,994.0,6,1,993.9,123,1,993.8,444,4,993.7,1353,7,993.6,4348,13,994.1,676,3,994.2,155,1,994.3,156,2,994.4,594,5,994.5,750,7
317,2025-11-26 09:40:23+05:30,994.1,6,989.63,1020462,342628.0,318994.0,986.2,995.2,981.3,986.2,118546500,1084.8,887.6,1102.5,649.1,994.0,6,1,993.9,123,1,993.8,707,5,993.7,1353,7,993.6,4348,13,994.1,19,3,994.2,155,1,994.3,54,1,994.4,77,2,994.5,607,6
317,2025-11-26 09:40:23+05:30,994.1,6,989.63,1020462,342628.0,318994.0,986.2,995.2,981.3,986.2,118546500,1084.8,887.6,1102.5,649.1,994.0,6,1,993.9,123,1,993.8,707,5,993.7,1353,7,993.6,4348,13,994.1,19,3,994.2,155,1,994.3,54,1,994.4,77,2,994.5,607,6
317,2025-11-26 09:40:24+05:30,994.1,6,989.63,1020487,337948.0,319426.0,986.2,995.2,981.3,986.2,118546500,1084.8,887.6,1102.5,649.1,994.0,6,1,993.9,123,1,993.8,519,3,993.7,1404,8,993.6,4393,13,994.1,12,2,994.2,155,1,994.3,54,1,994.4,265,4,994.5,808,7
317,2025-11-26 09:40:24+05:30,994.1,6,989.63,1020487,337948.0,319426.0,986.2,995.2,981.3,986.2,118546500,1084.8,887.6,1102.5,649.1,994.0,6,1,993.9,123,1,993.8,519,3,993.7,1404,8,993.6,4393,13,994.1,12,2,994.2,155,1,994.3,54,1,994.4,265,4,994.5,808,7
317,2025-11-26 09:40:25+05:30,993.8,173,989.63,1020487,337948.0,319426.0,986.2,995.2,981.3,986.2,118546500,1084.8,887.6,1102.5,649.1,994.0,6,1,993.9,123,1,993.8,519,3,993.7,1404,8,993.6,4393,13,994.1,12,2,994.2,155,1,994.3,54,1,994.4,265,4,994.5,808,7
317,2025-11-26 09:40:25+05:30,993.8,173,989.63,1020795,342558.0,319919.0,986.2,995.2,981.3,986.2,118546500,1084.8,887.6,1102.5,649.1,993.8,394,4,993.7,3174,11,993.6,3241,11,993.5,3370,17,993.4,689,7,994.1,6,1,994.2,155,1,994.3,54,1,994.4,485,6,994.5,682,9
317,2025-11-26 09:40:26+05:30,994.1,6,989.63,1020801,342038.0,319729.0,986.2,995.2,981.3,986.2,118546500,1084.8,887.6,1102.5,649.1,993.8,625,7,993.7,1389,9,993.6,4348,13,993.5,4048,17,993.4,689,7,994.1,1,1,994.2,155,1,994.3,54,1,994.4,478,5,994.5,685,10
317,2025-11-26 09:40:27+05:30,994.1,6,989.63,1020801,342038.0,319729.0,986.2,995.2,981.3,986.2,118546500,1084.8,887.6,1102.5,649.1,993.8,625,7,993.7,1389,9,993.6,4348,13,993.5,4048,17,993.4,689,7,994.1,1,1,994.2,155,1,994.3,54,1,994.4,478,5,994.5,685,10
317,2025-11-26 09:40:27+05:30,994.1,1,989.63,1020802,336421.0,319800.0,986.2,995.2,981.3,986.2,118546500,1084.8,887.6,1102.5,649.1,994.1,14,1,993.8,398,5,993.7,1398,7,993.6,4047,13,993.5,3703,18,994.2,155,1,994.3,54,1,994.4,694,7,994.5,731,10,994.6,1482,18
317,2025-11-26 09:40:28+05:30,994.2,4,989.63,1020802,336421.0,319800.0,986.2,995.2,981.3,986.2,118546500,1084.8,887.6,1102.5,649.1,994.1,14,1,993.8,398,5,993.7,1398,7,993.6,4047,13,993.5,3703,18,994.2,155,1,994.3,54,1,994.4,694,7,994.5,731,10,994.6,1482,18
317,2025-11-26 09:40:28+05:30,994.2,10,989.63,1020816,339492.0,319979.0,986.2,995.2,981.3,986.2,118546500,1084.8,887.6,1102.5,649.1,994.1,23,2,993.8,513,6,993.7,1335,8,993.6,4536,15,993.5,3308,17,994.2,141,1,994.3,54,1,994.4,688,6,994.5,833,12,994.6,842,13
317,2025-11-26 09:40:29+05:30,994.2,10,989.63,1020816,339492.0,319979.0,986.2,995.2,981.3,986.2,118546500,1084.8,887.6,1102.5,649.1,994.1,23,2,993.8,513,6,993.7,1335,8,993.6,4536,15,993.5,3308,17,994.2,141,1,994.3,54,1,994.4,688,6,994.5,833,12,994.6,842,13
317,2025-11-26 09:40:29+05:30,994.2,10,989.63,1020816,339710.0,319896.0,986.2,995.2,981.3,986.2,118546500,1084.8,887.6,1102.5,649.1,994.1,27,3,993.8,513,6,993.7,1422,8,993.6,4563,16,993.5,3308,17,994.2,141,1,994.3,54,1,994.4,688,6,994.5,722,11,994.6,870,15
317,2025-11-26 09:40:30+05:30,994.1,1,989.63,1020816,339710.0,319896.0,986.2,995.2,981.3,986.2,118546500,1084.8,887.6,1102.5,649.1,994.1,27,3,993.8,513,6,993.7,1422,8,993.6,4563,16,993.5,3308,17,994.2,141,1,994.3,54,1,994.4,688,6,994.5,722,11,994.6,870,15
317,2025-11-26 09:40:30+05:30,994.2,2,989.63,1020827,340053.0,319906.0,986.2,995.2,981.3,986.2,118546500,1084.8,887.6,1102.5,649.1,994.1,29,4,993.9,97,2,993.8,513,6,993.7,1420,7,993.6,4536,15,994.2,131,1,994.3,54,1,994.4,708,6,994.5,628,10,994.6,964,16
317,2025-11-26 09:40:31+05:30,994.0,44,989.63,1020827,340053.0,319906.0,986.2,995.2,981.3,986.2,118546500,1084.8,887.6,1102.5,649.1,994.1,29,4,993.9,97,2,993.8,513,6,993.7,1420,7,993.6,4536,15,994.2,131,1,994.3,54,1,994.4,708,6,994.5,628,10,994.6,964,16
317,2025-11-26 09:40:31+05:30,994.0,44,989.63,1021008,336932.0,322005.0,986.2,995.2,981.3,986.2,118546500,1084.8,887.6,1102.5,649.1,994.0,156,1,993.8,10,1,993.7,310,2,993.6,4445,12,993.5,3916,18,994.2,397,4,994.3,887,9,994.4,790,10,994.5,2155,23,994.6,1494,16
317,2025-11-26 09:40:32+05:30,994.0,20,989.63,1021008,336932.0,322005.0,986.2,995.2,981.3,986.2,118546500,1084.8,887.6,1102.5,649.1,994.0,156,1,993.8,10,1,993.7,310,2,993.6,4445,12,993.5,3916,18,994.2,397,4,994.3,887,9,994.4,790,10,994.5,2155,23,994.6,1494,16
317,2025-11-26 09:40:32+05:30,994.0,10,989.63,1021041,341006.0,322276.0,986.2,995.2,981.3,986.2,118546500,1084.8,887.6,1102.5,649.1,994.0,126,1,993.8,10,1,993.7,310,2,993.6,4445,12,993.5,4320,20,994.2,395,5,994.3,899,9,994.4,1079,12,994.5,2163,23,994.6,1471,14
317,2025-11-26 09:40:33+05:30,994.0,44,989.63,1021041,341006.0,322276.0,986.2,995.2,981.3,986.2,118546500,1084.8,887.6,1102.5,649.1,994.0,126,1,993.8,10,1,993.7,310,2,993.6,4445,12,993.5,4320,20,994.2,395,5,994.3,899,9,994.4,1079,12,994.5,2163,23,994.6,1471,14
317,2025-11-26 09:40:33+05:30,994.2,1,989.63,1021230,341080.0,320564.0,986.2,995.2,981.3,986.2,118546500,1084.8,887.6,1102.5,649.1,994.0,38,1,993.8,188,2,993.7,951,5,993.6,4789,16,993.5,4290,22,994.2,28,2,994.3,182,4,994.4,1156,13,994.5,2082,18,994.6,1489,16
317,2025-11-26 09:40:34+05:30,994.1,92,989.63,1021230,341080.0,320564.0,986.2,995.2,981.3,986.2,118546500,1084.8,887.6,1102.5,649.1,994.0,38,1,993.8,188,2,993.7,951,5,993.6,4789,16,993.5,4290,22,994.2,28,2,994.3,182,4,994.4,1156,13,994.5,2082,18,994.6,1489,16
317,2025-11-26 09:40:34+05:30,994.1,92,989.63,1021325,338290.0,320764.0,986.2,995.2,981.3,986.2,118546500,1084.8,887.6,1102.5,649.1,994.1,20,1,994.0,38,1,993.8,10,1,993.7,1116,6,993.6,4039,15,994.2,25,2,994.3,103,2,994.4,634,8,994.5,2141,18,994.6,1495,17
317,2025-11-26 09:40:35+05:30,994.2,73,989.63,1021325,338290.0,320764.0,986.2,995.2,981.3,986.2,118546500,1084.8,887.6,1102.5,649.1,994.1,20,1,994.0,38,1,993.8,10,1,993.7,1116,6,993.6,4039,15,994.2,25,2,994.3,103,2,994.4,634,8,994.5,2141,18,994.6,1495,17
317,2025-11-26 09:40:35+05:30,994.0,14,989.63,1021488,343292.0,320660.0,986.2,995.2,981.3,986.2,118546500,1084.8,887.6,1102.5,649.1,993.8,278,4,993.7,500,7,993.6,4581,13,993.5,5250,25,993.4,552,6,994.0,36,1,994.2,80,3,994.3,305,3,994.4,873,10,994.5,1813,16
317,2025-11-26 09:40:36+05:30,993.8,20,989.63,1021488,343292.0,320660.0,986.2,995.2,981.3,986.2,118546500,1084.8,887.6,1102.5,649.1,993.8,278,4,993.7,500,7,993.6,4581,13,993.5,5250,25,993.4,552,6,994.0,36,1,994.2,80,3,994.3,305,3,994.4,873,10,994.5,1813,16
317,2025-11-26 09:40:36+05:30,993.8,20,989.63,1021518,343697.0,320836.0,986.2,995.2,981.3,986.2,118546500,1084.8,887.6,1102.5,649.1,993.8,248,3,993.7,2295,10,993.6,2724,10,993.5,5312,25,993.4,552,6,994.0,36,1,994.2,80,3,994.3,305,3,994.4,1076,13,994.5,1813,16
317,2025-11-26 09:40:37+05:30,994.2,45,989.63,1021518,343697.0,320836.0,986.2,995.2,981.3,986.2,118546500,1084.8,887.6,1102.5,649.1,993.8,248,3,993.7,2295,10,993.6,2724,10,993.5,5312,25,993.4,552,6,994.0,36,1,994.2,80,3,994.3,305,3,994.4,1076,13,994.5,1813,16
317,2025-11-26 09:40:37+05:30,994.2,45,989.64,1022561,335888.0,320335.0,986.2,995.2,981.3,986.2,118546500,1084.8,887.6,1102.5,649.1,994.1,25,1,993.9,4,1,993.8,825,3,993.7,560,6,993.6,4688,14,994.2,78,2,994.3,402,4,994.4,904,11,994.5,1682,14,994.6,1473,19
317,2025-11-26 09:40:38+05:30,994.1,1,989.64,1022561,335888.0,320335.0,986.2,995.2,981.3,986.2,118546500,1084.8,887.6,1102.5,649.1,994.1,25,1,993.9,4,1,993.8,825,3,993.7,560,6,993.6,4688,14,994.2,78,2,994.3,402,4,994.4,904,11,994.5,1682,14,994.6,1473,19
317,2025-11-26 09:40:38+05:30,993.7,67,989.64,1023083,337767.0,320598.0,986.2,995.2,981.3,986.2,118546500,1084.8,887.6,1102.5,649.1,993.8,135,2,993.7,2720,9,993.6,1844,9,993.5,3634,19,993.4,859,8,994.2,404,2,994.3,526,5,994.4,1105,13,994.5,1793,16,994.6,1651,22
317,2025-11-26 09:40:39+05:30,993.8,4,989.64,1023083,337767.0,320598.0,986.2,995.2,981.3,986.2,118546500,1084.8,887.6,1102.5,649.1,993.8,135,2,993.7,2720,9,993.6,1844,9,993.5,3634,19,993.4,859,8,994.2,404,2,994.3,526,5,994.4,1105,13,994.5,1793,16,994.6,1651,22
317,2025-11-26 09:40:39+05:30,993.8,4,989.64,1023087,341656.0,320662.0,986.2,995.2,981.3,986.2,118546500,1084.8,887.6,1102.5,649.1,993.8,2765,7,993.7,1021,7,993.6,4245,12,993.5,1279,9,993.4,1615,10,994.2,367,1,994.3,296,3,994.4,1061,13,994.5,1758,17,994.6,1072,16
317,2025-11-26 09:40:40+05:30,994.2,5,989.64,1023087,341656.0,320662.0,986.2,995.2,981.3,986.2,118546500,1084.8,887.6,1102.5,649.1,993.8,2765,7,993.7,1021,7,993.6,4245,12,993.5,1279,9,993.4,1615,10,994.2,367,1,994.3,296,3,994.4,1061,13,994.5,1758,17,994.6,1072,16
317,2025-11-26 09:40:40+05:30,994.2,100,989.64,1023192,340290.0,320624.0,986.2,995.2,981.3,986.2,118546500,1084.8,887.6,1102.5,649.1,993.8,1017,4,993.7,2901,11,993.6,4399,16,993.5,1343,13,993.4,2365,11,994.2,262,1,994.3,402,5,994.4,1095,13,994.5,1748,16,994.6,1061,14
317,2025-11-26 09:40:41+05:30,994.2,33,989.64,1023192,340290.0,320624.0,986.2,995.2,981.3,986.2,118546500,1084.8,887.6,1102.5,649.1,993.8,1017,4,993.7,2901,11,993.6,4399,16,993.5,1343,13,993.4,2365,11,994.2,262,1,994.3,402,5,994.4,1095,13,994.5,1748,16,994.6,1061,14
317,2025-11-26 09:40:41+05:30,994.2,5,989.64,1023242,342240.0,320571.0,986.2,995.2,981.3,986.2,118546500,1084.8,887.6,1102.5,649.1,993.8,1193,5,993.7,3102,12,993.6,4794,17,993.5,948,12,993.4,2365,11,994.2,222,1,994.3,276,4,994.4,1008,12,994.5,1748,16,994.6,1011,13
317,2025-11-26 09:40:42+05:30,994.2,20,989.64,1023242,342240.0,320571.0,986.2,995.2,981.3,986.2,118546500,1084.8,887.6,1102.5,649.1,993.8,1193,5,993.7,3102,12,993.6,4794,17,993.5,948,12,993.4,2365,11,994.2,222,1,994.3,276,4,994.4,1008,12,994.5,1748,16,994.6,1011,13
317,2025-11-26 09:40:42+05:30,994.2,50,989.64,1023312,342424.0,320166.0,986.2,995.2,981.3,986.2,118546500,1084.8,887.6,1102.5,649.1,993.8,1193,5,993.7,3102,12,993.6,4794,17,993.5,948,12,993.4,2365,11,994.2,152,1,994.3,276,4,994.4,876,11,994.5,1496,14,994.6,1011,13
317,2025-11-26 09:40:43+05:30,994.2,2,989.64,1023312,342424.0,320166.0,986.2,995.2,981.3,986.2,118546500,1084.8,887.6,1102.5,649.1,993.8,1193,5,993.7,3102,12,993.6,4794,17,993.5,948,12,993.4,2365,11,994.2,152,1,994.3,276,4,994.4,876,11,994.5,1496,14,994.6,1011,13
317,2025-11-26 09:40:43+05:30,994.2,4,989.64,1023318,340396.0,320178.0,986.2,995.2,981.3,986.2,118546500,1084.8,887.6,1102.5,649.1,993.8,1193,5,993.7,3102,12,993.6,4794,17,993.5,948,12,993.4,2365,11,994.2,146,1,994.3,276,4,994.4,886,10,994.5,1496,14,994.6,1011,13
317,2025-11-26 09:40:44+05:30,994.2,1,989.64,1023318,340396.0,320178.0,986.2,995.2,981.3,986.2,118546500,1084.8,887.6,1102.5,649.1,993.8,1193,5,993.7,3102,12,993.6,4794,17,993.5,948,12,993.4,2365,11,994.2,146,1,994.3,276,4,994.4,886,10,994.5,1496,14,994.6,1011,13
317,2025-11-26 09:40:44+05:30,994.2,1,989.64,1023319,342419.0,320063.0,986.2,995.2,981.3,986.2,118546500,1084.8,887.6,1102.5,649.1,993.8,1327,7,993.7,3017,11,993.6,4794,17,993.5,948,12,993.4,2365,11,994.2,145,1,994.3,276,4,994.4,774,9,994.5,1496,14,994.6,1017,14
317,2025-11-26 09:40:45+05:30,994.4,9,989.64,1023319,342419.0,320063.0,986.2,995.2,981.3,986.2,118546500,1084.8,887.6,1102.5,649.1,993.8,1327,7,993.7,3017,11,993.6,4794,17,993.5,948,12,993.4,2365,11,994.2,145,1,994.3,276,4,994.4,774,9,994.5,1496,14,994.6,1017,14
317,2025-11-26 09:40:45+05:30,993.9,76,989.64,1024395,338839.0,320041.0,986.2,995.2,981.3,986.2,118546500,1084.8,887.6,1102.5,649.1,993.9,11,1,993.8,2863,6,993.7,525,7,993.6,5616,18,993.5,1698,13,994.2,85,1,994.3,207,2,994.4,787,9,994.5,1668,14,994.6,930,13
317,2025-11-26 09:40:46+05:30,994.2,5,989.64,1024395,338839.0,320041.0,986.2,995.2,981.3,986.2,118546500,1084.8,887.6,1102.5,649.1,993.9,11,1,993.8,2863,6,993.7,525,7,993.6,5616,18,993.5,1698,13,994.2,85,1,994.3,207,2,994.4,787,9,994.5,1668,14,994.6,930,13
317,2025-11-26 09:40:46+05:30,993.9,5,989.64,1024551,341646.0,317914.0,986.2,995.2,981.3,986.2,118546500,1084.8,887.6,1102.5,649.1,993.9,218,4,993.8,4056,13,993.7,574,8,993.6,4897,17,993.5,1838,13,994.2,45,1,994.3,5,1,994.4,58,3,994.5,391,5,994.6,716,6
317,2025-11-26 09:40:47+05:30,993.9,5,989.64,1024551,341646.0,317914.0,986.2,995.2,981.3,986.2,118546500,1084.8,887.6,1102.5,649.1,993.9,218,4,993.8,4056,13,993.7,574,8,993.6,4897,17,993.5,1838,13,994.2,45,1,994.3,5,1,994.4,58,3,994.5,391,5,994.6,716,6
317,2025-11-26 09:40:47+05:30,993.9,10,989.64,1024632,343444.0,316807.0,986.2,995.2,981.3,986.2,118546500,1084.8,887.6,1102.5,649.1,993.9,2053,7,993.8,2723,10,993.7,4350,15,993.6,2087,12,993.5,2992,16,994.2,45,1,994.3,5,1,994.4,27,2,994.5,43,2,994.6,927,7
317,2025-11-26 09:40:48+05:30,994.2,4,989.64,1024632,343444.0,316807.0,986.2,995.2,981.3,986.2,118546500,1084.8,887.6,1102.5,649.1,993.9,2053,7,993.8,2723,10,993.7,4350,15,993.6,2087,12,993.5,2992,16,994.2,45,1,994.3,5,1,994.4,27,2,994.5,43,2,994.6,927,7
317,2025-11-26 09:40:48+05:30,994.2,5,989.64,1024641,344283.0,316778.0,986.2,995.2,981.3,986.2,118546500,1084.8,887.6,1102.5,649.1,993.9,609,8,993.8,4643,15,993.7,3707,15,993.6,3232,14,993.5,2597,15,994.2,36,1,994.3,5,1,994.4,27,2,994.5,40,1,994.6,920,8
317,2025-11-26 09:40:49+05:30,994.2,5,989.64,1024641,344283.0,316778.0,986.2,995.2,981.3,986.2,118546500,1084.8,887.6,1102.5,649.1,993.9,609,8,993.8,4643,15,993.7,3707,15,993.6,3232,14,993.5,2597,15,994.2,36,1,994.3,5,1,994.4,27,2,994.5,40,1,994.6,920,8
317,2025-11-26 09:40:49+05:30,994.2,5,989.64,1024641,344344.0,318536.0,986.2,995.2,981.3,986.2,118546500,1084.8,887.6,1102.5,649.1,994.0,110,2,993.9,690,8,993.8,4616,14,993.7,4102,16,993.6,2881,14,994.2,36,1,994.3,5,1,994.4,27,2,994.5,40,1,994.6,970,10
317,2025-11-26 09:40:50+05:30,994.2,3,989.64,1024644,344419.0,318381.0,986.2,995.2,981.3,986.2,118546500,1084.8,887.6,1102.5,649.1,994.0,2016,9,993.9,2400,10,993.8,4780,17,993.7,2207,13,993.6,2003,13,994.2,33,1,994.3,5,1,994.4,27,2,994.5,40,1,994.6,769,9
317,2025-11-26 09:40:51+05:30,994.2,3,989.64,1024644,344419.0,318381.0,986.2,995.2,981.3,986.2,118546500,1084.8,887.6,1102.5,649.1,994.0,2016,9,993.9,2400,10,993.8,4780,17,993.7,2207,13,993.6,2003,13,994.2,33,1,994.3,5,1,994.4,27,2,994.5,40,1,994.6,769,9
317,2025-11-26 09:40:51+05:30,994.0,44,989.65,1024713,344491.0,318723.0,986.2,995.2,981.3,986.2,118546500,1084.8,887.6,1102.5,649.1,994.0,1714,6,993.9,699,7,993.8,3930,16,993.7,4102,16,993.6,2003,13,994.2,33,1,994.3,5,1,994.4,27,2,994.5,40,1,994.6,769,9
317,2025-11-26 09:40:52+05:30,994.0,44,989.65,1024713,344491.0,318723.0,986.2,995.2,981.3,986.2,118546500,1084.8,887.6,1102.5,649.1,994.0,1714,6,993.9,699,7,993.8,3930,16,993.7,4102,16,993.6,2003,13,994.2,33,1,994.3,5,1,994.4,27,2,994.5,40,1,994.6,769,9
317,2025-11-26 09:40:52+05:30,994.0,44,989.65,1024713,344939.0,318403.0,986.2,995.2,981.3,986.2,118546500,1084.8,887.6,1102.5,649.1,994.0,1031,5,993.9,1449,8,993.8,3935,16,993.7,4852,17,993.6,1253,12,994.2,33,1,994.3,5,1,994.4,27,2,994.5,40,1,994.6,769,9
317,2025-11-26 09:40:53+05:30,994.4,9,989.65,1024819,344853.0,316691.0,986.2,995.2,981.3,986.2,118546500,1084.8,887.6,1102.5,649.1,994.1,974,3,994.0,1138,6,993.9,2488,11,993.8,4112,16,993.7,2973,14,994.4,18,2,994.5,127,2,994.6,433,6,994.7,847,9,994.8,2359,15
317,2025-11-26 09:40:54+05:30,994.4,1,989.65,1024819,344853.0,316691.0,986.2,995.2,981.3,986.2,118546500,1084.8,887.6,1102.5,649.1,994.1,974,3,994.0,1138,6,993.9,2488,11,993.8,4112,16,993.7,2973,14,994.4,18,2,994.5,127,2,994.6,433,6,994.7,847,9,994.8,2359,15
317,2025-11-26 09:40:54+05:30,994.4,5,989.65,1024825,344396.0,319482.0,986.2,995.2,981.3,986.2,118546500,1084.8,887.6,1102.5,649.1,994.1,346,4,994.0,1835,7,993.9,2488,11,993.8,4138,18,993.7,2197,11,994.4,12,2,994.5,127,2,994.6,429,4,994.7,1061,10,994.8,3157,18
317,2025-11-26 09:40:55+05:30,994.4,5,989.65,1024825,344396.0,319482.0,986.2,995.2,981.3,986.2,118546500,1084.8,887.6,1102.5,649.1,994.1,346,4,994.0,1835,7,993.9,2488,11,993.8,4138,18,993.7,2197,11,994.4,12,2,994.5,127,2,994.6,429,4,994.7,1061,10,994.8,3157,18
317,2025-11-26 09:40:55+05:30,994.1,100,989.65,1024926,346323.0,319611.0,986.2,995.2,981.3,986.2,118546500,1084.8,887.6,1102.5,649.1,994.1,293,5,994.0,1835,7,993.9,2488,11,993.8,4138,18,993.7,2197,11,994.4,1,1,994.5,127,2,994.6,429,4,994.7,1029,10,994.8,3329,20
317,2025-11-26 09:40:56+05:30,994.1,100,989.65,1024926,346323.0,319611.0,986.2,995.2,981.3,986.2,118546500,1084.8,887.6,1102.5,649.1,994.1,293,5,994.0,1835,7,993.9,2488,11,993.8,4138,18,993.7,2197,11,994.4,1,1,994.5,127,2,994.6,429,4,994.7,1029,10,994.8,3329,20
317,2025-11-26 09:40:56+05:30,994.4,3,989.65,1024929,344235.0,319435.0,986.2,995.2,981.3,986.2,118546500,1084.8,887.6,1102.5,649.1,994.1,1340,9,994.0,1171,7,993.9,2488,11,993.8,4129,17,993.7,2197,11,994.4,1,1,994.5,127,2,994.6,344,3,994.7,977,9,994.8,3330,21
317,2025-11-26 09:40:57+05:30,994.4,3,989.65,1024929,344235.0,319435.0,986.2,995.2,981.3,986.2,118546500,1084.8,887.6,1102.5,649.1,994.1,1340,9,994.0,1171,7,993.9,2488,11,993.8,4129,17,993.7,2197,11,994.4,1,1,994.5,127,2,994.6,344,3,994.7,977,9,994.8,3330,21
317,2025-11-26 09:40:57+05:30,994.5,5,989.65,1024938,344472.0,318561.0,986.2,995.2,981.3,986.2,118546500,1084.8,887.6,1102.5,649.1,994.2,108,1,994.1,1234,9,994.0,3491,10,993.9,3800,12,993.8,2105,15,994.5,122,2,994.6,344,3,994.7,609,6,994.8,2384,18,994.9,1654,23
317,2025-11-26 09:40:58+05:30,994.5,5,989.65,1024938,344472.0,318561.0,986.2,995.2,981.3,986.2,118546500,1084.8,887.6,1102.5,649.1,994.2,108,1,994.1,1234,9,994.0,3491,10,993.9,3800,12,993.8,2105,15,994.5,122,2,994.6,344,3,994.7,609,6,994.8,2384,18,994.9,1654,23
317,2025-11-26 09:40:58+05:30,994.1,38,989.65,1025114,345856.0,318087.0,986.2,995.2,981.3,986.2,118546500,1084.8,887.6,1102.5,649.1,994.2,12,1,994.1,330,5,994.0,4054,10,993.9,3800,12,993.8,1710,14,994.5,122,2,994.6,344,3,994.7,804,10,994.8,2277,17,994.9,2108,23
317,2025-11-26 09:40:59+05:30,994.1,38,989.65,1025114,345856.0,318087.0,986.2,995.2,981.3,986.2,118546500,1084.8,887.6,1102.5,649.1,994.2,12,1,994.1,330,5,994.0,4054,10,993.9,3800,12,993.8,1710,14,994.5,122,2,994.6,344,3,994.7,804,10,994.8,2277,17,994.9,2108,23
317,2025-11-26 09:41:00+05:30,994.1,38,989.65,1025114,341704.0,318325.0,986.2,995.2,981.3,986.2,118546500,1084.8,887.6,1102.5,649.1,994.2,12,1,994.1,284,4,994.0,4008,9,993.9,3800,12,993.8,2105,15,994.5,122,2,994.6,344,3,994.7,882,11,994.8,2355,19,994.9,2189,26
317,2025-11-26 09:41:00+05:30,994.1,38,989.65,1025114,341736.0,318325.0,986.2,995.2,981.3,986.2,118546500,1084.8,887.6,1102.5,649.1,994.2,12,1,994.1,284,4,994.0,4008,9,993.9,3800,12,993.8,2135,16,994.5,122,2,994.6,344,3,994.7,882,11,994.8,2355,19,994.9,2189,26
317,2025-11-26 09:41:01+05:30,994.2,6,989.65,1025120,343764.0,318289.0,986.2,995.2,981.3,986.2,118546500,1084.8,887.6,1102.5,649.1,994.2,6,1,994.1,2,1,994.0,4163,10,993.9,3800,12,993.8,2105,15,994.5,122,2,994.6,698,5,994.7,670,10,994.8,2355,19,994.9,2189,26
317,2025-11-26 09:41:02+05:30,994.2,6,989.65,1025120,343764.0,318289.0,986.2,995.2,981.3,986.2,118546500,1084.8,887.6,1102.5,649.1,994.2,6,1,994.1,2,1,994.0,4163,10,993.9,3800,12,993.8,2105,15,994.5,122,2,994.6,698,5,994.7,670,10,994.8,2355,19,994.9,2189,26
317,2025-11-26 09:41:03+05:30,994.4,10,989.65,1025130,344781.0,317906.0,986.2,995.2,981.3,986.2,118546500,1084.8,887.6,1102.5,649.1,994.4,91,1,994.2,6,1,994.1,752,2,994.0,3414,10,993.9,4652,14,994.5,35,1,994.6,446,4,994.7,901,11,994.8,1986,14,994.9,2116,23
317,2025-11-26 09:41:03+05:30,994.4,10,989.65,1025130,344781.0,317906.0,986.2,995.2,981.3,986.2,118546500,1084.8,887.6,1102.5,649.1,994.4,91,1,994.2,6,1,994.1,752,2,994.0,3414,10,993.9,4652,14,994.5,35,1,994.6,446,4,994.7,901,11,994.8,1986,14,994.9,2116,23
317,2025-11-26 09:41:04+05:30,994.4,3,989.65,1025130,344781.0,317906.0,986.2,995.2,981.3,986.2,118546500,1084.8,887.6,1102.5,649.1,994.4,91,1,994.2,6,1,994.1,752,2,994.0,3414,10,993.9,4652,14,994.5,35,1,994.6,446,4,994.7,901,11,994.8,1986,14,994.9,2116,23
317,2025-11-26 09:41:04+05:30,994.4,3,989.65,1025633,341619.0,317035.0,986.2,995.2,981.3,986.2,118546500,1084.8,887.6,1102.5,649.1,994.4,94,2,994.2,1500,2,994.1,2216,8,994.0,3869,10,993.9,2123,14,994.7,263,4,994.8,2097,14,994.9,1611,17,995.0,7695,42,995.1,2038,21
317,2025-11-26 09:41:05+05:30,994.7,4,989.65,1025633,341619.0,317035.0,986.2,995.2,981.3,986.2,118546500,1084.8,887.6,1102.5,649.1,994.4,94,2,994.2,1500,2,994.1,2216,8,994.0,3869,10,993.9,2123,14,994.7,263,4,994.8,2097,14,994.9,1611,17,995.0,7695,42,995.1,2038,21
317,2025-11-26 09:41:05+05:30,994.7,4,989.65,1025697,343601.0,318992.0,986.2,995.2,981.3,986.2,118546500,1084.8,887.6,1102.5,649.1,994.4,94,2,994.2,1500,2,994.1,2316,9,994.0,3119,9,993.9,2021,13,994.7,660,8,994.8,2199,15,994.9,1498,15,995.0,7226,41,995.1,2702,22
317,2025-11-26 09:41:06+05:30,994.7,4,989.65,1025697,342306.0,318962.0,986.2,995.2,981.3,986.2,118546500,1084.8,887.6,1102.5,649.1,994.4,94,2,994.2,1701,3,994.1,2517,10,994.0,2369,8,993.9,2021,13,994.7,363,4,994.8,2097,14,994.9,1600,16,995.0,7726,42,995.1,2149,20
317,2025-11-26 09:41:07+05:30,994.7,100,989.65,1025697,342306.0,318962.0,986.2,995.2,981.3,986.2,118546500,1084.8,887.6,1102.5,649.1,994.4,94,2,994.2,1701,3,994.1,2517,10,994.0,2369,8,993.9,2021,13,994.7,363,4,994.8,2097,14,994.9,1600,16,995.0,7726,42,995.1,2149,20
317,2025-11-26 09:41:07+05:30,994.7,100,989.65,1025809,344407.0,318035.0,986.2,995.2,981.3,986.2,118546500,1084.8,887.6,1102.5,649.1,994.4,82,2,994.2,1915,5,994.1,2517,10,994.0,2369,8,993.9,2021,13,994.7,263,4,994.8,2048,13,994.9,822,10,995.0,7726,42,995.1,2149,20
317,2025-11-26 09:41:08+05:30,994.7,25,989.65,1025809,344407.0,318035.0,986.2,995.2,981.3,986.2,118546500,1084.8,887.6,1102.5,649.1,994.4,82,2,994.2,1915,5,994.1,2517,10,994.0,2369,8,993.9,2021,13,994.7,263,4,994.8,2048,13,994.9,822,10,995.0,7726,42,995.1,2149,20
317,2025-11-26 09:41:08+05:30,994.3,1,989.65,1025955,339881.0,318990.0,986.2,995.2,981.3,986.2,118546500,1084.8,887.6,1102.5,649.1,994.2,1296,5,994.1,3428,13,994.0,2369,8,993.9,1670,13,993.8,2731,15,994.7,238,4,994.8,2358,17,994.9,665,8,995.0,7736,42,995.1,2149,20
317,2025-11-26 09:41:09+05:30,994.7,1,989.65,1025955,339881.0,318990.0,986.2,995.2,981.3,986.2,118546500,1084.8,887.6,1102.5,649.1,994.2,1296,5,994.1,3428,13,994.0,2369,8,993.9,1670,13,993.8,2731,15,994.7,238,4,994.8,2358,17,994.9,665,8,995.0,7736,42,995.1,2149,20
317,2025-11-26 09:41:09+05:30,994.7,1,989.65,1025956,344020.0,318999.0,986.2,995.2,981.3,986.2,118546500,1084.8,887.6,1102.5,649.1,994.2,1296,5,994.1,3428,13,994.0,2369,8,993.9,2065,14,993.8,2336,14,994.7,237,4,994.8,2266,17,994.9,767,9,995.0,7736,42,995.1,2149,20
317,2025-11-26 09:41:10+05:30,994.7,2,989.65,1025986,344584.0,319800.0,986.2,995.2,981.3,986.2,118546500,1084.8,887.6,1102.5,649.1,994.2,2326,10,994.1,2576,11,994.0,2369,8,993.9,2065,14,993.8,2306,13,994.7,190,2,994.8,2164,16,994.9,675,9,995.0,7968,45,995.1,2159,21
317,2025-11-26 09:41:11+05:30,994.2,2,989.65,1025986,344584.0,319800.0,986.2,995.2,981.3,986.2,118546500,1084.8,887.6,1102.5,649.1,994.2,2326,10,994.1,2576,11,994.0,2369,8,993.9,2065,14,993.8,2306,13,994.7,190,2,994.8,2164,16,994.9,675,9,995.0,7968,45,995.1,2159,21
317,2025-11-26 09:41:11+05:30,994.2,2,989.65,1026028,342617.0,319691.0,986.2,995.2,981.3,986.2,118546500,1084.8,887.6,1102.5,649.1,994.2,2128,7,994.1,2687,12,994.0,2369,8,993.9,2065,14,993.8,2306,13,994.7,174,2,994.8,2164,16,994.9,630,8,995.0,7965,45,995.1,2159,21
317,2025-11-26 09:41:12+05:30,994.3,5,989.65,1026033,343162.0,319555.0,986.2,995.2,981.3,986.2,118546500,1084.8,887.6,1102.5,649.1,994.3,106,1,994.2,1922,8,994.1,3326,12,994.0,2369,8,993.9,2065,14,994.7,174,2,994.8,1855,13,994.9,674,9,995.0,7729,43,995.1,2270,22
317,2025-11-26 09:41:13+05:30,994.3,5,989.65,1026033,343162.0,319555.0,986.2,995.2,981.3,986.2,118546500,1084.8,887.6,1102.5,649.1,994.3,106,1,994.2,1922,8,994.1,3326,12,994.0,2369,8,993.9,2065,14,994.7,174,2,994.8,1855,13,994.9,674,9,995.0,7729,43,995.1,2270,22
317,2025-11-26 09:41:13+05:30,994.3,5,989.65,1026033,343295.0,318636.0,986.2,995.2,981.3,986.2,118546500,1084.8,887.6,1102.5,649.1,994.3,156,3,994.2,2069,9,994.1,3326,12,994.0,2369,8,993.9,2065,14,994.7,3,1,994.8,1855,13,994.9,676,10,995.0,7729,43,995.1,2270,22
317,2025-11-26 09:41:14+05:30,994.8,2,989.65,1026056,344943.0,317715.0,986.2,995.2,981.3,986.2,118546500,1084.8,887.6,1102.5,649.1,994.3,1000,4,994.2,1967,10,994.1,2792,12,994.0,1631,7,993.9,2073,14,994.7,49,1,994.8,1592,9,994.9,781,9,995.0,7348,39,995.1,2121,21
317,2025-11-26 09:41:15+05:30,994.8,2,989.65,1026056,344943.0,317715.0,986.2,995.2,981.3,986.2,118546500,1084.8,887.6,1102.5,649.1,994.3,1000,4,994.2,1967,10,994.1,2792,12,994.0,1631,7,993.9,2073,14,994.7,49,1,994.8,1592,9,994.9,781,9,995.0,7348,39,995.1,2121,21
317,2025-11-26 09:41:16+05:30,994.8,2,989.65,1026056,340315.0,317916.0,986.2,995.2,981.3,986.2,118546500,1084.8,887.6,1102.5,649.1,994.3,250,3,994.2,2724,10,994.1,2817,13,994.0,1749,9,993.9,2073,14,994.8,1817,12,994.9,769,9,995.0,7348,39,995.1,2115,20,995.2,1897,13
317,2025-11-26 09:41:17+05:30,994.8,30,989.65,1026056,340315.0,317916.0,986.2,995.2,981.3,986.2,118546500,1084.8,887.6,1102.5,649.1,994.3,250,3,994.2,2724,10,994.1,2817,13,994.0,1749,9,993.9,2073,14,994.8,1817,12,994.9,769,9,995.0,7348,39,995.1,2115,20,995.2,1897,13
317,2025-11-26 09:41:17+05:30,994.8,30,989.65,1026086,343689.0,318122.0,986.2,995.2,981.3,986.2,118546500,1084.8,887.6,1102.5,649.1,994.3,1000,4,994.2,2631,8,994.1,2743,11,994.0,1585,6,993.9,2184,15,994.7,111,1,994.8,2065,14,994.9,602,8,995.0,7549,40,995.1,2135,21
317,2025-11-26 09:41:18+05:30,994.3,1,989.65,1026086,343689.0,318122.0,986.2,995.2,981.3,986.2,118546500,1084.8,887.6,1102.5,649.1,994.3,1000,4,994.2,2631,8,994.1,2743,11,994.0,1585,6,993.9,2184,15,994.7,111,1,994.8,2065,14,994.9,602,8,995.0,7549,40,995.1,2135,21
317,2025-11-26 09:41:18+05:30,994.3,1,989.65,1026087,343477.0,317952.0,986.2,995.2,981.3,986.2,118546500,1084.8,887.6,1102.5,649.1,994.3,999,4,994.2,2504,6,994.1,2743,11,994.0,1616,8,993.9,2184,15,994.7,111,1,994.8,1730,9,994.9,842,11,995.0,7549,40,995.1,2160,21
317,2025-11-26 09:41:19+05:30,994.7,5,989.65,1026092,342938.0,317919.0,986.2,995.2,981.3,986.2,118546500,1084.8,887.6,1102.5,649.1,994.3,999,4,994.2,2504,6,994.1,2792,12,994.0,1616,8,993.9,2184,15,994.7,106,1,994.8,1866,11,994.9,688,9,995.0,7549,40,995.1,2160,21
317,2025-11-26 09:41:19+05:30,994.7,5,989.65,1026092,342938.0,317919.0,986.2,995.2,981.3,986.2,118546500,1084.8,887.6,1102.5,649.1,994.3,999,4,994.2,2504,6,994.1,2792,12,994.0,1616,8,993.9,2184,15,994.7,106,1,994.8,1866,11,994.9,688,9,995.0,7549,40,995.1,2160,21
317,2025-11-26 09:41:20+05:30,994.7,100,989.65,1026092,342938.0,317919.0,986.2,995.2,981.3,986.2,118546500,1084.8,887.6,1102.5,649.1,994.3,999,4,994.2,2504,6,994.1,2792,12,994.0,1616,8,993.9,2184,15,994.7,106,1,994.8,1866,11,994.9,688,9,995.0,7549,40,995.1,2160,21
317,2025-11-26 09:41:20+05:30,994.7,100,989.65,1026192,345637.0,318090.0,986.2,995.2,981.3,986.2,118546500,1084.8,887.6,1102.5,649.1,994.3,1749,5,994.2,1754,5,994.1,2807,13,994.0,2477,10,993.9,2073,14,994.7,87,1,994.8,1909,12,994.9,831,10,995.0,7552,41,995.1,2160,21
317,2025-11-26 09:41:22+05:30,994.7,5,989.65,1026192,345637.0,318090.0,986.2,995.2,981.3,986.2,118546500,1084.8,887.6,1102.5,649.1,994.3,1749,5,994.2,1754,5,994.1,2807,13,994.0,2477,10,993.9,2073,14,994.7,87,1,994.8,1909,12,994.9,831,10,995.0,7552,41,995.1,2160,21
317,2025-11-26 09:41:25+05:30,994.4,50,989.66,1027217,339731.0,318532.0,986.2,995.2,981.3,986.2,118546500,1084.8,887.6,1102.5,649.1,994.4,25,1,994.3,5,1,994.2,2098,4,994.1,2506,12,994.0,2003,12,994.8,1866,16,994.9,866,9,995.0,7592,43,995.1,2115,21,995.2,1772,14
317,2025-11-26 09:41:26+05:30,994.2,360,989.66,1027217,339731.0,318532.0,986.2,995.2,981.3,986.2,118546500,1084.8,887.6,1102.5,649.1,994.4,25,1,994.3,5,1,994.2,2098,4,994.1,2506,12,994.0,2003,12,994.8,1866,16,994.9,866,9,995.0,7592,43,995.1,2115,21,995.2,1772,14
317,2025-11-26 09:41:30+05:30,994.7,3,989.66,1027217,339731.0,318532.0,986.2,995.2,981.3,986.2,118546500,1084.8,887.6,1102.5,649.1,994.4,25,1,994.3,5,1,994.2,2098,4,994.1,2506,12,994.0,2003,12,994.8,1866,16,994.9,866,9,995.0,7592,43,995.1,2115,21,995.2,1772,14
317,2025-11-26 09:41:31+05:30,994.7,20,989.66,1028463,340347.0,318870.0,986.2,995.2,981.3,986.2,118546500,1084.8,887.6,1102.5,649.1,994.2,906,3,994.1,2947,9,994.0,2520,15,993.9,2176,17,993.8,2320,13,994.7,550,7,994.8,1946,19,994.9,891,11,995.0,7619,46,995.1,1915,18
317,2025-11-26 09:41:34+05:30,994.7,2,989.66,1028463,340347.0,318870.0,986.2,995.2,981.3,986.2,118546500,1084.8,887.6,1102.5,649.1,994.2,906,3,994.1,2947,9,994.0,2520,15,993.9,2176,17,993.8,2320,13,994.7,550,7,994.8,1946,19,994.9,891,11,995.0,7619,46,995.1,1915,18
317,2025-11-26 09:41:38+05:30,994.7,5,989.66,1028463,340347.0,318870.0,986.2,995.2,981.3,986.2,118546500,1084.8,887.6,1102.5,649.1,994.2,906,3,994.1,2947,9,994.0,2520,15,993.9,2176,17,993.8,2320,13,994.7,550,7,994.8,1946,19,994.9,891,11,995.0,7619,46,995.1,1915,18
317,2025-11-26 09:41:38+05:30,994.7,5,989.66,1028697,340922.0,317512.0,986.2,995.2,981.3,986.2,118546500,1084.8,887.6,1102.5,649.1,994.7,5,1,994.3,982,4,994.2,3108,10,994.1,3039,12,994.0,1983,17,994.8,1145,9,994.9,957,11,995.0,7180,43,995.1,2437,21,995.2,1801,12
317,2025-11-26 09:41:42+05:30,994.7,2,989.66,1028697,340922.0,317512.0,986.2,995.2,981.3,986.2,118546500,1084.8,887.6,1102.5,649.1,994.7,5,1,994.3,982,4,994.2,3108,10,994.1,3039,12,994.0,1983,17,994.8,1145,9,994.9,957,11,995.0,7180,43,995.1,2437,21,995.2,1801,12
317,2025-11-26 09:41:44+05:30,994.7,25,989.67,1029108,344700.0,320948.0,986.2,995.2,981.3,986.2,118546500,1084.8,887.6,1102.5,649.1,994.3,151,2,994.2,4053,13,994.1,3906,19,994.0,1753,14,993.9,2440,12,994.7,26,2,994.8,1342,12,994.9,838,9,995.0,7278,43,995.1,1980,19
317,2025-11-26 09:41:46+05:30,994.3,1,989.67,1029108,344700.0,320948.0,986.2,995.2,981.3,986.2,118546500,1084.8,887.6,1102.5,649.1,994.3,151,2,994.2,4053,13,994.1,3906,19,994.0,1753,14,993.9,2440,12,994.7,26,2,994.8,1342,12,994.9,838,9,995.0,7278,43,995.1,1980,19
317,2025-11-26 09:41:50+05:30,994.7,4,989.67,1029108,344700.0,320948.0,986.2,995.2,981.3,986.2,118546500,1084.8,887.6,1102.5,649.1,994.3,151,2,994.2,4053,13,994.1,3906,19,994.0,1753,14,993.9,2440,12,994.7,26,2,994.8,1342,12,994.9,838,9,995.0,7278,43,995.1,1980,19
317,2025-11-26 09:41:50+05:30,994.3,11,989.67,1029248,343926.0,323520.0,986.2,995.2,981.3,986.2,118546500,1084.8,887.6,1102.5,649.1,994.3,161,1,994.2,2834,8,994.1,4576,19,994.0,1840,16,993.9,2440,12,994.7,1189,7,994.8,1560,16,994.9,755,10,995.0,6189,42,995.1,2611,22
317,2025-11-26 09:41:54+05:30,994.7,2,989.67,1029248,343926.0,323520.0,986.2,995.2,981.3,986.2,118546500,1084.8,887.6,1102.5,649.1,994.3,161,1,994.2,2834,8,994.1,4576,19,994.0,1840,16,993.9,2440,12,994.7,1189,7,994.8,1560,16,994.9,755,10,995.0,6189,42,995.1,2611,22
317,2025-11-26 09:41:57+05:30,994.4,112,989.67,1030124,342639.0,323690.0,986.2,995.2,981.3,986.2,118546500,1084.8,887.6,1102.5,649.1,994.3,13,1,994.2,2832,7,994.1,3624,12,994.0,1844,18,993.9,2521,13,994.7,743,9,994.8,1549,14,994.9,722,11,995.0,6617,41,995.1,2111,21
317,2025-11-26 09:41:58+05:30,994.2,94,989.67,1030124,342639.0,323690.0,986.2,995.2,981.3,986.2,118546500,1084.8,887.6,1102.5,649.1,994.3,13,1,994.2,2832,7,994.1,3624,12,994.0,1844,18,993.9,2521,13,994.7,743,9,994.8,1549,14,994.9,722,11,995.0,6617,41,995.1,2111,21
317,2025-11-26 09:42:02+05:30,994.4,2,989.67,1030124,342639.0,323690.0,986.2,995.2,981.3,986.2,118546500,1084.8,887.6,1102.5,649.1,994.3,13,1,994.2,2832,7,994.1,3624,12,994.0,1844,18,993.9,2521,13,994.7,743,9,994.8,1549,14,994.9,722,11,995.0,6617,41,995.1,2111,21
317,2025-11-26 09:42:03+05:30,994.4,18,989.67,1030318,345767.0,325614.0,986.2,995.2,981.3,986.2,118546500,1084.8,887.6,1102.5,649.1,994.2,750,3,994.1,3066,13,994.0,2848,14,993.9,2593,12,993.8,2829,10,994.4,35,2,994.7,534,7,994.8,2120,18,994.9,1808,19,995.0,6070,38
317,2025-11-26 09:42:06+05:30,994.4,2,989.67,1030318,345767.0,325614.0,986.2,995.2,981.3,986.2,118546500,1084.8,887.6,1102.5,649.1,994.2,750,3,994.1,3066,13,994.0,2848,14,993.9,2593,12,993.8,2829,10,994.4,35,2,994.7,534,7,994.8,2120,18,994.9,1808,19,995.0,6070,38
317,2025-11-26 09:42:10+05:30,994.4,10,989.67,1030318,345767.0,325614.0,986.2,995.2,981.3,986.2,118546500,1084.8,887.6,1102.5,649.1,994.2,750,3,994.1,3066,13,994.0,2848,14,993.9,2593,12,993.8,2829,10,994.4,35,2,994.7,534,7,994.8,2120,18,994.9,1808,19,995.0,6070,38
317,2025-11-26 09:42:10+05:30,994.4,10,989.68,1032195,342286.0,329113.0,986.2,995.2,981.3,986.2,118546500,1084.8,887.6,1102.5,649.1,994.0,821,4,993.9,547,5,993.8,3116,11,993.7,3094,14,993.6,969,17,994.4,97,2,994.5,355,5,994.6,700,7,994.7,727,11,994.8,3500,26
317,2025-11-26 09:42:14+05:30,994.3,10,989.68,1032195,342286.0,329113.0,986.2,995.2,981.3,986.2,118546500,1084.8,887.6,1102.5,649.1,994.0,821,4,993.9,547,5,993.8,3116,11,993.7,3094,14,993.6,969,17,994.4,97,2,994.5,355,5,994.6,700,7,994.7,727,11,994.8,3500,26
317,2025-11-26 09:42:16+05:30,994.5,112,989.69,1033748,347468.0,327490.0,986.2,995.2,981.3,986.2,118546500,1084.8,887.6,1102.5,649.1,994.4,30,1,994.0,451,7,993.9,4061,12,993.8,3923,12,993.7,1563,12,994.5,2,1,994.6,251,3,994.7,1572,15,994.8,1815,22,994.9,1970,24
317,2025-11-26 09:42:18+05:30,994.5,8,989.69,1033748,347468.0,327490.0,986.2,995.2,981.3,986.2,118546500,1084.8,887.6,1102.5,649.1,994.4,30,1,994.0,451,7,993.9,4061,12,993.8,3923,12,993.7,1563,12,994.5,2,1,994.6,251,3,994.7,1572,15,994.8,1815,22,994.9,1970,24
317,2025-11-26 09:42:22+05:30,994.4,1,989.69,1033748,347468.0,327490.0,986.2,995.2,981.3,986.2,118546500,1084.8,887.6,1102.5,649.1,994.4,30,1,994.0,451,7,993.9,4061,12,993.8,3923,12,993.7,1563,12,994.5,2,1,994.6,251,3,994.7,1572,15,994.8,1815,22,994.9,1970,24
317,2025-11-26 09:42:22+05:30,994.7,20,989.69,1034154,342398.0,326666.0,986.2,995.2,981.3,986.2,118546500,1084.8,887.6,1102.5,649.1,994.4,499,1,994.1,929,6,994.0,3031,9,993.9,2115,9,993.8,2600,13,994.7,1197,9,994.8,2122,21,994.9,1672,18,995.0,6396,32,995.1,2046,16
317,2025-11-26 09:42:26+05:30,994.7,1,989.69,1034154,342398.0,326666.0,986.2,995.2,981.3,986.2,118546500,1084.8,887.6,1102.5,649.1,994.4,499,1,994.1,929,6,994.0,3031,9,993.9,2115,9,993.8,2600,13,994.7,1197,9,994.8,2122,21,994.9,1672,18,995.0,6396,32,995.1,2046,16
317,2025-11-26 09:42:29+05:30,994.7,5,989.69,1035270,349613.0,320514.0,986.2,995.2,981.3,986.2,118546500,1084.8,887.6,1102.5,649.1,994.5,99,1,994.4,864,6,994.3,1280,8,994.2,442,5,994.1,5882,18,994.7,15,2,994.8,842,7,994.9,222,5,995.0,5543,33,995.1,1614,16
317,2025-11-26 09:42:30+05:30,994.5,286,989.69,1035270,349613.0,320514.0,986.2,995.2,981.3,986.2,118546500,1084.8,887.6,1102.5,649.1,994.5,99,1,994.4,864,6,994.3,1280,8,994.2,442,5,994.1,5882,18,994.7,15,2,994.8,842,7,994.9,222,5,995.0,5543,33,995.1,1614,16
317,2025-11-26 09:42:34+05:30,994.7,3,989.69,1035270,349613.0,320514.0,986.2,995.2,981.3,986.2,118546500,1084.8,887.6,1102.5,649.1,994.5,99,1,994.4,864,6,994.3,1280,8,994.2,442,5,994.1,5882,18,994.7,15,2,994.8,842,7,994.9,222,5,995.0,5543,33,995.1,1614,16
317,2025-11-26 09:42:35+05:30,994.7,5,989.7,1035898,350389.0,322195.0,986.2,995.2,981.3,986.2,118546500,1084.8,887.6,1102.5,649.1,994.6,112,1,994.5,213,3,994.4,517,3,994.3,815,4,994.2,1112,5,994.7,57,1,994.8,987,8,994.9,741,10,995.0,5896,36,995.1,1507,15
317,2025-11-26 09:42:38+05:30,994.3,39,989.7,1035898,350389.0,322195.0,986.2,995.2,981.3,986.2,118546500,1084.8,887.6,1102.5,649.1,994.6,112,1,994.5,213,3,994.4,517,3,994.3,815,4,994.2,1112,5,994.7,57,1,994.8,987,8,994.9,741,10,995.0,5896,36,995.1,1507,15
317,2025-11-26 09:42:42+05:30,994.7,1,989.7,1036863,350065.0,323190.0,986.2,995.2,981.3,986.2,118546500,1084.8,887.6,1102.5,649.1,994.3,572,1,994.2,750,1,994.1,4908,16,994.0,3889,21,993.9,1399,9,994.7,205,3,994.8,1376,13,994.9,840,13,995.0,6014,38,995.1,2018,18
317,2025-11-26 09:42:42+05:30,994.3,300,989.7,1036863,350065.0,323190.0,986.2,995.2,981.3,986.2,118546500,1084.8,887.6,1102.5,649.1,994.3,572,1,994.2,750,1,994.1,4908,16,994.0,3889,21,993.9,1399,9,994.7,205,3,994.8,1376,13,994.9,840,13,995.0,6014,38,995.1,2018,18
317,2025-11-26 09:42:46+05:30,994.5,4,989.7,1036863,350065.0,323190.0,986.2,995.2,981.3,986.2,118546500,1084.8,887.6,1102.5,649.1,994.3,572,1,994.2,750,1,994.1,4908,16,994.0,3889,21,993.9,1399,9,994.7,205,3,994.8,1376,13,994.9,840,13,995.0,6014,38,995.1,2018,18
317,2025-11-26 09:42:48+05:30,994.3,70,989.71,1038454,348566.0,322027.0,986.2,995.2,981.3,986.2,118546500,1084.8,887.6,1102.5,649.1,994.3,997,6,994.2,3102,9,994.1,3841,12,994.0,3033,13,993.9,1570,9,994.8,307,4,994.9,865,14,995.0,6353,42,995.1,2410,20,995.2,2103,20
317,2025-11-26 09:42:50+05:30,994.3,105,989.71,1038454,348566.0,322027.0,986.2,995.2,981.3,986.2,118546500,1084.8,887.6,1102.5,649.1,994.3,997,6,994.2,3102,9,994.1,3841,12,994.0,3033,13,993.9,1570,9,994.8,307,4,994.9,865,14,995.0,6353,42,995.1,2410,20,995.2,2103,20
317,2025-11-26 09:42:53+05:30,994.3,105,989.71,1038454,348566.0,322027.0,986.2,995.2,981.3,986.2,118546500,1084.8,887.6,1102.5,649.1,994.3,997,6,994.2,3102,9,994.1,3841,12,994.0,3033,13,993.9,1570,9,994.8,307,4,994.9,865,14,995.0,6353,42,995.1,2410,20,995.2,2103,20
317,2025-11-26 09:42:54+05:30,994.3,105,989.71,1038454,348566.0,322027.0,986.2,995.2,981.3,986.2,118546500,1084.8,887.6,1102.5,649.1,994.3,997,6,994.2,3102,9,994.1,3841,12,994.0,3033,13,993.9,1570,9,994.8,307,4,994.9,865,14,995.0,6353,42,995.1,2410,20,995.2,2103,20
317,2025-11-26 09:42:54+05:30,994.9,295,989.71,1038454,348566.0,322027.0,986.2,995.2,981.3,986.2,118546500,1084.8,887.6,1102.5,649.1,994.3,997,6,994.2,3102,9,994.1,3841,12,994.0,3033,13,993.9,1570,9,994.8,307,4,994.9,865,14,995.0,6353,42,995.1,2410,20,995.2,2103,20
317,2025-11-26 09:42:54+05:30,994.9,295,989.71,1038454,348566.0,322027.0,986.2,995.2,981.3,986.2,118546500,1084.8,887.6,1102.5,649.1,994.3,997,6,994.2,3102,9,994.1,3841,12,994.0,3033,13,993.9,1570,9,994.8,307,4,994.9,865,14,995.0,6353,42,995.1,2410,20,995.2,2103,20
317,2025-11-26 09:42:54+05:30,994.9,295,989.71,1039728,355340.0,318188.0,986.2,995.2,981.3,986.2,118546500,1084.8,887.6,1102.5,649.1,994.8,54,1,994.7,1000,1,994.6,7,2,994.5,968,3,994.4,1030,5,994.9,242,2,995.0,5394,32,995.1,1257,16,995.2,578,5,995.3,1880,14
317,2025-11-26 09:42:54+05:30,994.9,295,989.71,1039728,355340.0,318188.0,986.2,995.2,981.3,986.2,118546500,1084.8,887.6,1102.5,649.1,994.8,54,1,994.7,1000,1,994.6,7,2,994.5,968,3,994.4,1030,5,994.9,242,2,995.0,5394,32,995.1,1257,16,995.2,578,5,995.3,1880,14
317,2025-11-26 09:42:55+05:30,994.9,295,989.71,1039728,355340.0,318188.0,986.2,995.2,981.3,986.2,118546500,1084.8,887.6,1102.5,649.1,994.8,54,1,994.7,1000,1,994.6,7,2,994.5,968,3,994.4,1030,5,994.9,242,2,995.0,5394,32,995.1,1257,16,995.2,578,5,995.3,1880,14
317,2025-11-26 09:42:56+05:30,994.9,295,989.71,1039728,355340.0,318188.0,986.2,995.2,981.3,986.2,118548000,1084.8,887.6,1102.5,649.1,994.8,54,1,994.7,1000,1,994.6,7,2,994.5,968,3,994.4,1030,5,994.9,242,2,995.0,5394,32,995.1,1257,16,995.2,578,5,995.3,1880,14
317,2025-11-26 09:42:58+05:30,994.9,26,989.71,1039728,355340.0,318188.0,986.2,995.2,981.3,986.2,118548000,1084.8,887.6,1102.5,649.1,994.8,54,1,994.7,1000,1,994.6,7,2,994.5,968,3,994.4,1030,5,994.9,242,2,995.0,5394,32,995.1,1257,16,995.2,578,5,995.3,1880,14
317,2025-11-26 09:43:00+05:30,994.9,6,989.72,1040310,358107.0,318241.0,986.2,995.2,981.3,986.2,118548000,1084.8,887.6,1102.5,649.1,994.7,595,1,994.6,128,3,994.5,1205,6,994.4,3670,10,994.3,4465,22,994.9,133,2,995.0,5376,30,995.1,311,4,995.2,602,8,995.3,2051,22
317,2025-11-26 09:43:02+05:30,994.9,10,989.72,1040310,358107.0,318241.0,986.2,995.2,981.3,986.2,118548000,1084.8,887.6,1102.5,649.1,994.7,595,1,994.6,128,3,994.5,1205,6,994.4,3670,10,994.3,4465,22,994.9,133,2,995.0,5376,30,995.1,311,4,995.2,602,8,995.3,2051,22
317,2025-11-26 09:43:06+05:30,995.1,9,989.72,1040310,358107.0,318241.0,986.2,995.2,981.3,986.2,118548000,1084.8,887.6,1102.5,649.1,994.7,595,1,994.6,128,3,994.5,1205,6,994.4,3670,10,994.3,4465,22,994.9,133,2,995.0,5376,30,995.1,311,4,995.2,602,8,995.3,2051,22
317,2025-11-26 09:43:07+05:30,995.0,20,989.79,1054436,355774.0,312437.0,986.2,995.7,981.3,986.2,118548000,1084.8,887.6,1102.5,649.1,995.0,873,4,994.9,581,8,994.8,3726,14,994.7,2867,16,994.6,1360,9,995.5,162,3,995.6,534,6,995.7,1259,16,995.8,966,11,995.9,2923,13
317,2025-11-26 09:43:10+05:30,994.9,29,989.79,1054436,355774.0,312437.0,986.2,995.7,981.3,986.2,118548000,1084.8,887.6,1102.5,649.1,995.0,873,4,994.9,581,8,994.8,3726,14,994.7,2867,16,994.6,1360,9,995.5,162,3,995.6,534,6,995.7,1259,16,995.8,966,11,995.9,2923,13
317,2025-11-26 09:43:14+05:30,995.0,4,989.79,1054436,355774.0,312437.0,986.2,995.7,981.3,986.2,118548000,1084.8,887.6,1102.5,649.1,995.0,873,4,994.9,581,8,994.8,3726,14,994.7,2867,16,994.6,1360,9,995.5,162,3,995.6,534,6,995.7,1259,16,995.8,966,11,995.9,2923,13
317,2025-11-26 09:43:14+05:30,995.0,4,989.83,1062710,359516.0,314093.0,986.2,995.7,981.3,986.2,118548000,1084.8,887.6,1102.5,649.1,994.9,931,6,994.8,3855,10,994.7,3278,17,994.6,1375,8,994.5,3938,14,995.4,174,3,995.5,642,7,995.6,687,10,995.7,981,21,995.8,788,10
317,2025-11-26 09:43:18+05:30,994.8,26,989.83,1062710,359516.0,314093.0,986.2,995.7,981.3,986.2,118548000,1084.8,887.6,1102.5,649.1,994.9,931,6,994.8,3855,10,994.7,3278,17,994.6,1375,8,994.5,3938,14,995.4,174,3,995.5,642,7,995.6,687,10,995.7,981,21,995.8,788,10
317,2025-11-26 09:43:20+05:30,994.9,109,989.83,1062710,359516.0,314093.0,986.2,995.7,981.3,986.2,118548000,1084.8,887.6,1102.5,649.1,994.9,931,6,994.8,3855,10,994.7,3278,17,994.6,1375,8,994.5,3938,14,995.4,174,3,995.5,642,7,995.6,687,10,995.7,981,21,995.8,788,10
317,2025-11-26 09:43:20+05:30,994.9,109,989.87,1071975,361673.0,318948.0,986.2,995.7,981.3,986.2,118548000,1084.8,887.6,1102.5,649.1,994.9,641,1,994.8,2224,3,994.7,5015,11,994.6,1476,14,994.5,4991,16,995.0,1155,3,995.2,166,2,995.3,286,7,995.4,1084,12,995.5,1368,14
317,2025-11-26 09:43:21+05:30,995.0,28,989.87,1071975,361673.0,318948.0,986.2,995.7,981.3,986.2,118548000,1084.8,887.6,1102.5,649.1,994.9,641,1,994.8,2224,3,994.7,5015,11,994.6,1476,14,994.5,4991,16,995.0,1155,3,995.2,166,2,995.3,286,7,995.4,1084,12,995.5,1368,14
317,2025-11-26 09:43:21+05:30,995.0,28,989.89,1076420,358355.0,320380.0,986.2,995.7,981.3,986.2,118548000,1084.8,887.6,1102.5,649.1,994.8,750,1,994.7,3310,6,994.6,2544,7,994.5,3322,13,994.4,1942,7,995.0,1584,2,995.2,329,5,995.3,435,11,995.4,1135,13,995.5,812,11
317,2025-11-26 09:43:22+05:30,995.0,374,989.89,1076420,358355.0,320380.0,986.2,995.7,981.3,986.2,118548000,1084.8,887.6,1102.5,649.1,994.8,750,1,994.7,3310,6,994.6,2544,7,994.5,3322,13,994.4,1942,7,995.0,1584,2,995.2,329,5,995.3,435,11,995.4,1135,13,995.5,812,11
317,2025-11-26 09:43:22+05:30,995.0,374,989.91,1078828,359261.0,320726.0,986.2,995.7,981.3,986.2,118548000,1084.8,887.6,1102.5,649.1,994.7,2484,4,994.6,3750,5,994.5,3307,10,994.4,1067,6,994.3,4208,19,995.0,1656,6,995.1,314,3,995.2,613,7,995.3,559,8,995.4,1371,18
317,2025-11-26 09:43:23+05:30,994.7,98,989.91,1078828,359261.0,320726.0,986.2,995.7,981.3,986.2,118548000,1084.8,887.6,1102.5,649.1,994.7,2484,4,994.6,3750,5,994.5,3307,10,994.4,1067,6,994.3,4208,19,995.0,1656,6,995.1,314,3,995.2,613,7,995.3,559,8,995.4,1371,18
317,2025-11-26 09:43:23+05:30,994.7,98,989.91,1079150,359829.0,321469.0,986.2,995.7,981.3,986.2,118548000,1084.8,887.6,1102.5,649.1,994.7,886,2,994.6,2398,6,994.5,5524,14,994.4,1258,13,994.3,4284,20,995.0,1698,8,995.1,649,3,995.2,550,7,995.3,474,6,995.4,1397,20
317,2025-11-26 09:43:24+05:30,995.0,44,989.91,1079150,359829.0,321469.0,986.2,995.7,981.3,986.2,118548000,1084.8,887.6,1102.5,649.1,994.7,886,2,994.6,2398,6,994.5,5524,14,994.4,1258,13,994.3,4284,20,995.0,1698,8,995.1,649,3,995.2,550,7,995.3,474,6,995.4,1397,20
317,2025-11-26 09:43:24+05:30,995.0,1,989.91,1079195,360653.0,321305.0,986.2,995.7,981.3,986.2,118548000,1084.8,887.6,1102.5,649.1,994.7,886,2,994.6,2398,6,994.5,6092,17,994.4,1258,13,994.3,4284,20,995.0,1577,7,995.1,725,4,995.2,539,6,995.3,485,7,995.4,1397,20
317,2025-11-26 09:43:25+05:30,995.0,1,989.91,1079195,360653.0,321305.0,986.2,995.7,981.3,986.2,118548000,1084.8,887.6,1102.5,649.1,994.7,886,2,994.6,2398,6,994.5,6092,17,994.4,1258,13,994.3,4284,20,995.0,1577,7,995.1,725,4,995.2,539,6,995.3,485,7,995.4,1397,20
317,2025-11-26 09:43:25+05:30,995.0,44,989.91,1079239,358342.0,320260.0,986.2,995.7,981.3,986.2,118548000,1084.8,887.6,1102.5,649.1,994.7,1009,4,994.6,4007,12,994.5,5898,17,994.4,1258,13,994.3,4208,19,995.0,1533,7,995.1,411,1,995.2,166,2,995.3,376,6,995.4,762,10
317,2025-11-26 09:43:26+05:30,995.0,129,989.91,1079239,358342.0,320260.0,986.2,995.7,981.3,986.2,118548000,1084.8,887.6,1102.5,649.1,994.7,1009,4,994.6,4007,12,994.5,5898,17,994.4,1258,13,994.3,4208,19,995.0,1533,7,995.1,411,1,995.2,166,2,995.3,376,6,995.4,762,10
317,2025-11-26 09:43:26+05:30,994.8,77,989.91,1079759,361682.0,320178.0,986.2,995.7,981.3,986.2,118548000,1084.8,887.6,1102.5,649.1,994.8,403,1,994.7,2435,5,994.6,5198,13,994.5,3308,15,994.4,2058,13,995.0,1621,8,995.2,166,2,995.3,222,3,995.4,879,16,995.5,750,12
317,2025-11-26 09:43:27+05:30,994.8,139,989.91,1079759,361682.0,320178.0,986.2,995.7,981.3,986.2,118548000,1084.8,887.6,1102.5,649.1,994.8,403,1,994.7,2435,5,994.6,5198,13,994.5,3308,15,994.4,2058,13,995.0,1621,8,995.2,166,2,995.3,222,3,995.4,879,16,995.5,750,12
317,2025-11-26 09:43:27+05:30,994.8,139,989.91,1079899,359554.0,320169.0,986.2,995.7,981.3,986.2,118548000,1084.8,887.6,1102.5,649.1,994.8,325,3,994.7,2508,6,994.6,5198,13,994.5,3384,16,994.4,1993,13,995.0,1639,11,995.2,166,2,995.3,222,3,995.4,803,15,995.5,1313,14
317,2025-11-26 09:43:28+05:30,995.0,25,989.91,1079899,359554.0,320169.0,986.2,995.7,981.3,986.2,118548000,1084.8,887.6,1102.5,649.1,994.8,325,3,994.7,2508,6,994.6,5198,13,994.5,3384,16,994.4,1993,13,995.0,1639,11,995.2,166,2,995.3,222,3,995.4,803,15,995.5,1313,14
317,2025-11-26 09:43:28+05:30,995.0,25,989.91,1079925,357339.0,320234.0,986.2,995.7,981.3,986.2,118548000,1084.8,887.6,1102.5,649.1,994.8,276,2,994.7,2508,6,994.6,5669,15,994.5,2908,13,994.4,1993,13,995.0,1614,12,995.2,166,2,995.3,222,3,995.4,852,16,995.5,1345,15
317,2025-11-26 09:43:29+05:30,995.0,5,989.91,1079925,357339.0,320234.0,986.2,995.7,981.3,986.2,118548000,1084.8,887.6,1102.5,649.1,994.8,276,2,994.7,2508,6,994.6,5669,15,994.5,2908,13,994.4,1993,13,995.0,1614,12,995.2,166,2,995.3,222,3,995.4,852,16,995.5,1345,15
317,2025-11-26 09:43:29+05:30,995.0,5,989.91,1079930,357339.0,320239.0,986.2,995.7,981.3,986.2,118548000,1084.8,887.6,1102.5,649.1,994.8,276,2,994.7,2508,6,994.6,5593,14,994.5,2984,14,994.4,1993,13,995.0,1609,12,995.2,166,2,995.3,222,3,995.4,852,16,995.5,1345,15
317,2025-11-26 09:43:30+05:30,994.8,25,989.91,1079930,357339.0,320239.0,986.2,995.7,981.3,986.2,118548000,1084.8,887.6,1102.5,649.1,994.8,276,2,994.7,2508,6,994.6,5593,14,994.5,2984,14,994.4,1993,13,995.0,1609,12,995.2,166,2,995.3,222,3,995.4,852,16,995.5,1345,15
317,2025-11-26 09:43:30+05:30,994.8,25,989.91,1079955,356977.0,320242.0,986.2,995.7,981.3,986.2,118548000,1084.8,887.6,1102.5,649.1,994.8,256,3,994.7,2508,6,994.6,5779,16,994.5,2908,13,994.4,1943,12,995.0,1609,12,995.2,166,2,995.3,222,3,995.4,896,17,995.5,1345,15
317,2025-11-26 09:43:31+05:30,994.8,25,989.91,1079955,359686.0,320290.0,986.2,995.7,981.3,986.2,118548000,1084.8,887.6,1102.5,649.1,994.8,1006,4,994.7,2998,7,994.6,5516,14,994.5,3109,14,994.4,1943,12,995.0,1609,12,995.2,166,2,995.3,271,4,995.4,896,17,995.5,1345,15
317,2025-11-26 09:43:32+05:30,994.8,120,989.91,1079955,359686.0,320290.0,986.2,995.7,981.3,986.2,118548000,1084.8,887.6,1102.5,649.1,994.8,1006,4,994.7,2998,7,994.6,5516,14,994.5,3109,14,994.4,1943,12,995.0,1609,12,995.2,166,2,995.3,271,4,995.4,896,17,995.5,1345,15
317,2025-11-26 09:43:32+05:30,994.8,120,989.91,1080079,359404.0,320195.0,986.2,995.7,981.3,986.2,118548000,1084.8,887.6,1102.5,649.1,994.8,886,4,994.7,2926,6,994.6,5426,14,994.5,3109,14,994.4,1943,12,995.0,1605,12,995.2,166,2,995.3,271,4,995.4,785,16,995.5,1345,15
317,2025-11-26 09:43:33+05:30,995.0,750,989.91,1080079,359404.0,320195.0,986.2,995.7,981.3,986.2,118548000,1084.8,887.6,1102.5,649.1,994.8,886,4,994.7,2926,6,994.6,5426,14,994.5,3109,14,994.4,1943,12,995.0,1605,12,995.2,166,2,995.3,271,4,995.4,785,16,995.5,1345,15
317,2025-11-26 09:43:33+05:30,995.0,112,989.92,1082546,361098.0,318137.0,986.2,995.7,981.3,986.2,118548000,1084.8,887.6,1102.5,649.1,994.9,1500,2,994.8,767,3,994.7,2893,9,994.6,4157,10,994.5,3160,17,995.0,849,11,995.2,166,2,995.3,810,5,995.4,799,16,995.5,755,10
317,2025-11-26 09:43:34+05:30,995.0,55,989.92,1082546,361098.0,318137.0,986.2,995.7,981.3,986.2,118548000,1084.8,887.6,1102.5,649.1,994.9,1500,2,994.8,767,3,994.7,2893,9,994.6,4157,10,994.5,3160,17,995.0,849,11,995.2,166,2,995.3,810,5,995.4,799,16,995.5,755,10
317,2025-11-26 09:43:34+05:30,995.0,207,989.93,1084175,358702.0,318650.0,986.2,995.7,981.3,986.2,118548000,1084.8,887.6,1102.5,649.1,994.9,12,1,994.8,756,3,994.7,2295,6,994.6,4531,11,994.5,3270,21,995.0,1401,15,995.1,72,1,995.2,287,4,995.3,308,6,995.4,699,13
317,2025-11-26 09:43:35+05:30,994.8,122,989.93,1084175,358702.0,318650.0,986.2,995.7,981.3,986.2,118548000,1084.8,887.6,1102.5,649.1,994.9,12,1,994.8,756,3,994.7,2295,6,994.6,4531,11,994.5,3270,21,995.0,1401,15,995.1,72,1,995.2,287,4,995.3,308,6,995.4,699,13
317,2025-11-26 09:43:35+05:30,994.8,122,989.93,1084315,359519.0,319797.0,986.2,995.7,981.3,986.2,118548000,1084.8,887.6,1102.5,649.1,994.8,631,3,994.7,2295,6,994.6,4013,8,994.5,3192,19,994.4,2926,10,995.0,1665,16,995.2,605,9,995.3,583,8,995.4,974,16,995.5,1246,12
317,2025-11-26 09:43:36+05:30,995.0,27,989.93,1084315,359519.0,319797.0,986.2,995.7,981.3,986.2,118548000,1084.8,887.6,1102.5,649.1,994.8,631,3,994.7,2295,6,994.6,4013,8,994.5,3192,19,994.4,2926,10,995.0,1665,16,995.2,605,9,995.3,583,8,995.4,974,16,995.5,1246,12
317,2025-11-26 09:43:36+05:30,994.8,92,989.93,1084434,358944.0,321320.0,986.2,995.7,981.3,986.2,118548000,1084.8,887.6,1102.5,649.1,994.8,539,3,994.7,2295,6,994.6,3860,6,994.5,3063,19,994.4,2854,9,995.0,1677,18,995.1,1661,5,995.2,619,10,995.3,571,7,995.4,1549,17
317,2025-11-26 09:43:37+05:30,995.0,5,989.93,1084434,358944.0,321320.0,986.2,995.7,981.3,986.2,118548000,1084.8,887.6,1102.5,649.1,994.8,539,3,994.7,2295,6,994.6,3860,6,994.5,3063,19,994.4,2854,9,995.0,1677,18,995.1,1661,5,995.2,619,10,995.3,571,7,995.4,1549,17
317,2025-11-26 09:43:37+05:30,995.0,5,989.93,1084439,359634.0,321641.0,986.2,995.7,981.3,986.2,118548000,1084.8,887.6,1102.5,649.1,994.8,1289,4,994.7,2295,6,994.6,3960,8,994.5,3458,20,994.4,2104,8,995.0,1672,18,995.1,1589,4,995.2,691,11,995.3,571,7,995.4,983,16
317,2025-11-26 09:43:38+05:30,994.8,134,989.93,1084585,357629.0,321488.0,986.2,995.7,981.3,986.2,118548000,1084.8,887.6,1102.5,649.1,994.8,1168,5,994.7,2295,6,994.6,4032,9,994.5,2991,18,994.4,2511,10,995.0,1660,18,995.1,1589,4,995.2,551,10,995.3,643,8,995.4,983,16
317,2025-11-26 09:43:39+05:30,995.0,1,989.93,1084585,357629.0,321488.0,986.2,995.7,981.3,986.2,118548000,1084.8,887.6,1102.5,649.1,994.8,1168,5,994.7,2295,6,994.6,4032,9,994.5,2991,18,994.4,2511,10,995.0,1660,18,995.1,1589,4,995.2,551,10,995.3,643,8,995.4,983,16
317,2025-11-26 09:43:39+05:30,995.0,1,989.93,1084597,359608.0,321845.0,986.2,995.7,981.3,986.2,118548000,1084.8,887.6,1102.5,649.1,994.8,1167,5,994.7,2295,6,994.6,3959,8,994.5,3409,19,994.4,2104,8,995.0,1651,18,995.1,1718,5,995.2,623,11,995.3,571,7,995.4,1484,17
317,2025-11-26 09:43:40+05:30,995.0,1,989.93,1084597,359608.0,321845.0,986.2,995.7,981.3,986.2,118548000,1084.8,887.6,1102.5,649.1,994.8,1167,5,994.7,2295,6,994.6,3959,8,994.5,3409,19,994.4,2104,8,995.0,1651,18,995.1,1718,5,995.2,623,11,995.3,571,7,995.4,1484,17
317,2025-11-26 09:43:40+05:30,995.0,1,989.93,1084597,357571.0,321923.0,986.2,995.7,981.3,986.2,118548000,1084.8,887.6,1102.5,649.1,994.8,1167,5,994.7,2295,6,994.6,3959,8,994.5,3409,19,994.4,2104,8,995.0,1651,18,995.1,1718,5,995.2,623,11,995.3,571,7,995.4,1562,17
317,2025-11-26 09:43:41+05:30,994.7,133,989.93,1084597,357571.0,321923.0,986.2,995.7,981.3,986.2,118548000,1084.8,887.6,1102.5,649.1,994.8,1167,5,994.7,2295,6,994.6,3959,8,994.5,3409,19,994.4,2104,8,995.0,1651,18,995.1,1718,5,995.2,623,11,995.3,571,7,995.4,1562,17
317,2025-11-26 09:43:41+05:30,994.7,133,989.94,1087147,358710.0,322190.0,986.2,995.7,981.3,986.2,118548000,1084.8,887.6,1102.5,649.1,994.8,119,1,994.7,2043,5,994.6,4521,7,994.5,2887,10,994.4,2153,14,995.0,1275,17,995.1,1790,6,995.2,764,13,995.3,579,8,995.4,1434,18
317,2025-11-26 09:43:42+05:30,995.0,177,989.94,1087147,358710.0,322190.0,986.2,995.7,981.3,986.2,118548000,1084.8,887.6,1102.5,649.1,994.8,119,1,994.7,2043,5,994.6,4521,7,994.5,2887,10,994.4,2153,14,995.0,1275,17,995.1,1790,6,995.2,764,13,995.3,579,8,995.4,1434,18
317,2025-11-26 09:43:42+05:30,995.0,177,989.95,1088390,357057.0,322494.0,986.2,995.7,981.3,986.2,118548000,1084.8,887.6,1102.5,649.1,994.7,2040,4,994.6,752,2,994.5,5862,12,994.4,1403,13,994.3,3348,17,995.0,1201,17,995.1,1813,6,995.2,621,11,995.3,518,7,995.4,1552,17
317,2025-11-26 09:43:43+05:30,995.0,177,989.95,1088390,358724.0,322304.0,986.2,995.7,981.3,986.2,118548000,1084.8,887.6,1102.5,649.1,994.7,2040,4,994.6,2353,6,994.5,5862,12,994.4,1459,14,994.3,3348,17,995.0,1227,18,995.1,1684,5,995.2,452,9,995.3,518,7,995.4,1552,17
317,2025-11-26 09:43:44+05:30,994.7,98,989.95,1088390,358724.0,322304.0,986.2,995.7,981.3,986.2,118548000,1084.8,887.6,1102.5,649.1,994.7,2040,4,994.6,2353,6,994.5,5862,12,994.4,1459,14,994.3,3348,17,995.0,1227,18,995.1,1684,5,995.2,452,9,995.3,518,7,995.4,1552,17
317,2025-11-26 09:43:44+05:30,995.0,44,989.95,1088572,358923.0,322464.0,986.2,995.7,981.3,986.2,118548000,1084.8,887.6,1102.5,649.1,994.7,1919,4,994.6,2349,6,994.5,6036,14,994.4,1531,15,994.3,3348,17,995.0,1183,18,995.1,1697,6,995.2,439,8,995.3,592,8,995.4,1583,17
317,2025-11-26 09:43:45+05:30,995.0,44,989.95,1088572,358923.0,322464.0,986.2,995.7,981.3,986.2,118548000,1084.8,887.6,1102.5,649.1,994.7,1919,4,994.6,2349,6,994.5,6036,14,994.4,1531,15,994.3,3348,17,995.0,1183,18,995.1,1697,6,995.2,439,8,995.3,592,8,995.4,1583,17
317,2025-11-26 09:43:45+05:30,994.7,76,989.95,1088722,356792.0,322562.0,986.2,995.7,981.3,986.2,118548000,1084.8,887.6,1102.5,649.1,994.7,1843,4,994.6,2252,4,994.5,6024,13,994.4,1531,15,994.3,3348,17,995.0,1109,18,995.1,1625,5,995.2,523,10,995.3,592,8,995.4,2078,18
317,2025-11-26 09:43:46+05:30,995.0,44,989.95,1088722,356792.0,322562.0,986.2,995.7,981.3,986.2,118548000,1084.8,887.6,1102.5,649.1,994.7,1843,4,994.6,2252,4,994.5,6024,13,994.4,1531,15,994.3,3348,17,995.0,1109,18,995.1,1625,5,995.2,523,10,995.3,592,8,995.4,2078,18
317,2025-11-26 09:43:46+05:30,995.0,12,989.95,1088961,358162.0,323740.0,986.2,995.7,981.3,986.2,118548000,1084.8,887.6,1102.5,649.1,994.8,5,1,994.7,954,3,994.6,750,1,994.5,4918,11,994.4,3093,10,995.0,1081,19,995.1,1816,8,995.2,636,11,995.3,636,11,995.4,1500,13
317,2025-11-26 09:43:47+05:30,995.0,12,989.95,1088961,358162.0,323740.0,986.2,995.7,981.3,986.2,118548000,1084.8,887.6,1102.5,649.1,994.8,5,1,994.7,954,3,994.6,750,1,994.5,4918,11,994.4,3093,10,995.0,1081,19,995.1,1816,8,995.2,636,11,995.3,636,11,995.4,1500,13
317,2025-11-26 09:43:47+05:30,994.8,5,989.95,1088966,356607.0,322975.0,986.2,995.7,981.3,986.2,118548000,1084.8,887.6,1102.5,649.1,994.7,954,3,994.6,821,2,994.5,5362,13,994.4,2831,10,994.3,3532,25,994.8,5,1,995.0,1015,19,995.1,1687,7,995.2,477,10,995.3,636,11
317,2025-11-26 09:43:48+05:30,994.8,5,989.95,1088966,356607.0,322975.0,986.2,995.7,981.3,986.2,118548000,1084.8,887.6,1102.5,649.1,994.7,954,3,994.6,821,2,994.5,5362,13,994.4,2831,10,994.3,3532,25,994.8,5,1,995.0,1015,19,995.1,1687,7,995.2,477,10,995.3,636,11
317,2025-11-26 09:43:48+05:30,995.0,980,989.96,1090966,357135.0,322987.0,986.2,995.7,981.3,986.2,118548000,1084.8,887.6,1102.5,649.1,994.7,1017,5,994.6,750,1,994.5,5281,11,994.4,3430,9,994.3,3408,24,994.9,49,1,995.0,1141,11,995.1,1862,7,995.2,646,10,995.3,587,10
317,2025-11-26 09:43:49+05:30,994.7,230,989.96,1090966,357135.0,322987.0,986.2,995.7,981.3,986.2,118548000,1084.8,887.6,1102.5,649.1,994.7,1017,5,994.6,750,1,994.5,5281,11,994.4,3430,9,994.3,3408,24,994.9,49,1,995.0,1141,11,995.1,1862,7,995.2,646,10,995.3,587,10
317,2025-11-26 09:43:49+05:30,994.9,15,989.96,1091429,357256.0,324404.0,986.2,995.7,981.3,986.2,118548000,1084.8,887.6,1102.5,649.1,994.7,600,4,994.6,750,1,994.5,4886,10,994.4,3100,9,994.3,2574,21,994.9,34,1,995.0,2465,14,995.1,1936,8,995.2,807,12,995.3,620,11
317,2025-11-26 09:43:50+05:30,995.0,85,989.96,1091429,357256.0,324404.0,986.2,995.7,981.3,986.2,118548000,1084.8,887.6,1102.5,649.1,994.7,600,4,994.6,750,1,994.5,4886,10,994.4,3100,9,994.3,2574,21,994.9,34,1,995.0,2465,14,995.1,1936,8,995.2,807,12,995.3,620,11
317,2025-11-26 09:43:50+05:30,994.7,204,989.96,1091724,358190.0,324588.0,986.2,995.7,981.3,986.2,118548000,1084.8,887.6,1102.5,649.1,994.7,392,4,994.6,752,2,994.5,4951,11,994.4,4178,9,994.3,3196,24,995.0,2295,15,995.1,1796,7,995.2,889,12,995.3,1157,10,995.4,970,18
317,2025-11-26 09:43:51+05:30,995.0,143,989.96,1091724,358190.0,324588.0,986.2,995.7,981.3,986.2,118548000,1084.8,887.6,1102.5,649.1,994.7,392,4,994.6,752,2,994.5,4951,11,994.4,4178,9,994.3,3196,24,995.0,2295,15,995.1,1796,7,995.2,889,12,995.3,1157,10,995.4,970,18
317,2025-11-26 09:43:51+05:30,995.0,2,989.97,1092071,358318.0,324745.0,986.2,995.7,981.3,986.2,118548000,1084.8,887.6,1102.5,649.1,994.7,82,4,994.6,1637,4,994.5,5034,12,994.4,3301,14,994.3,2672,18,994.8,2,1,995.0,2169,18,995.1,1718,5,995.2,832,11,995.3,1272,9
317,2025-11-26 09:43:52+05:30,994.9,2,989.97,1092071,358318.0,324745.0,986.2,995.7,981.3,986.2,118548000,1084.8,887.6,1102.5,649.1,994.7,82,4,994.6,1637,4,994.5,5034,12,994.4,3301,14,994.3,2672,18,994.8,2,1,995.0,2169,18,995.1,1718,5,995.2,832,11,995.3,1272,9
317,2025-11-26 09:43:52+05:30,994.8,1,989.97,1092209,359428.0,324230.0,986.2,995.7,981.3,986.2,118548000,1084.8,887.6,1102.5,649.1,994.8,618,1,994.7,3082,8,994.6,3843,8,994.5,3353,11,994.4,2551,13,995.0,2005,17,995.1,1669,4,995.2,559,8,995.3,612,7,995.4,1671,21
317,2025-11-26 09:43:53+05:30,994.8,1,989.97,1092209,359428.0,324230.0,986.2,995.7,981.3,986.2,118548000,1084.8,887.6,1102.5,649.1,994.8,618,1,994.7,3082,8,994.6,3843,8,994.5,3353,11,994.4,2551,13,995.0,2005,17,995.1,1669,4,995.2,559,8,995.3,612,7,995.4,1671,21
317,2025-11-26 09:43:53+05:30,994.8,13,989.97,1092250,359712.0,323975.0,986.2,995.7,981.3,986.2,118548000,1084.8,887.6,1102.5,649.1,994.9,112,1,994.8,648,3,994.7,3069,7,994.6,5040,14,994.5,3095,11,995.0,1983,18,995.1,1540,3,995.2,546,7,995.3,538,6,995.4,1670,20
317,2025-11-26 09:43:54+05:30,995.0,5,989.97,1092250,359712.0,323975.0,986.2,995.7,981.3,986.2,118548000,1084.8,887.6,1102.5,649.1,994.9,112,1,994.8,648,3,994.7,3069,7,994.6,5040,14,994.5,3095,11,995.0,1983,18,995.1,1540,3,995.2,546,7,995.3,538,6,995.4,1670,20
317,2025-11-26 09:43:54+05:30,995.0,5,989.97,1093005,360021.0,323473.0,986.2,995.7,981.3,986.2,118548000,1084.8,887.6,1102.5,649.1,994.9,112,1,994.8,648,3,994.7,3312,10,994.6,4611,14,994.5,3845,12,995.0,1750,18,995.1,1378,2,995.2,303,5,995.3,602,10,995.4,1593,15
317,2025-11-26 09:43:55+05:30,994.8,27,989.97,1093005,360021.0,323473.0,986.2,995.7,981.3,986.2,118548000,1084.8,887.6,1102.5,649.1,994.9,112,1,994.8,648,3,994.7,3312,10,994.6,4611,14,994.5,3845,12,995.0,1750,18,995.1,1378,2,995.2,303,5,995.3,602,10,995.4,1593,15
317,2025-11-26 09:43:55+05:30,994.8,1,989.97,1093165,359636.0,323286.0,986.2,995.7,981.3,986.2,118548000,1084.8,887.6,1102.5,649.1,994.8,590,2,994.7,3139,8,994.6,4533,12,994.5,3716,13,994.4,1456,12,995.0,1730,18,995.1,1378,2,995.2,480,8,995.3,724,11,995.4,1606,16
317,2025-11-26 09:43:56+05:30,994.8,25,989.97,1093165,359636.0,323286.0,986.2,995.7,981.3,986.2,118548000,1084.8,887.6,1102.5,649.1,994.8,590,2,994.7,3139,8,994.6,4533,12,994.5,3716,13,994.4,1456,12,995.0,1730,18,995.1,1378,2,995.2,480,8,995.3,724,11,995.4,1606,16
317,2025-11-26 09:43:56+05:30,994.8,25,989.97,1093190,359612.0,324370.0,986.2,995.7,981.3,986.2,118548000,1084.8,887.6,1102.5,649.1,994.8,565,2,994.7,3139,8,994.6,4626,14,994.5,4047,14,994.4,1456,12,995.0,1743,19,995.1,1378,2,995.2,529,9,995.3,747,12,995.4,1606,16
317,2025-11-26 09:43:57+05:30,994.8,139,989.97,1093190,359612.0,324370.0,986.2,995.7,981.3,986.2,118548000,1084.8,887.6,1102.5,649.1,994.8,565,2,994.7,3139,8,994.6,4626,14,994.5,4047,14,994.4,1456,12,995.0,1743,19,995.1,1378,2,995.2,529,9,995.3,747,12,995.4,1606,16
317,2025-11-26 09:43:57+05:30,994.8,105,989.97,1093435,359315.0,324402.0,986.2,995.7,981.3,986.2,118548000,1084.8,887.6,1102.5,649.1,994.8,321,2,994.7,3069,7,994.6,4067,8,994.5,3846,14,994.4,1670,13,995.0,1742,19,995.1,1747,6,995.2,586,11,995.3,793,12,995.4,1407,16
317,2025-11-26 09:43:58+05:30,994.8,105,989.97,1093435,359315.0,324402.0,986.2,995.7,981.3,986.2,118548000,1084.8,887.6,1102.5,649.1,994.8,321,2,994.7,3069,7,994.6,4067,8,994.5,3846,14,994.4,1670,13,995.0,1742,19,995.1,1747,6,995.2,586,11,995.3,793,12,995.4,1407,16
317,2025-11-26 09:43:58+05:30,994.8,105,989.97,1093435,358714.0,324048.0,986.2,995.7,981.3,986.2,118548000,1084.8,887.6,1102.5,649.1,994.8,334,3,994.7,3069,7,994.6,3931,8,994.5,3580,12,994.4,2065,14,995.0,1742,19,995.1,1614,4,995.2,558,10,995.3,793,12,995.4,1950,18
317,2025-11-26 09:43:59+05:30,994.8,10,989.97,1093435,358714.0,324048.0,986.2,995.7,981.3,986.2,118548000,1084.8,887.6,1102.5,649.1,994.8,334,3,994.7,3069,7,994.6,3931,8,994.5,3580,12,994.4,2065,14,995.0,1742,19,995.1,1614,4,995.2,558,10,995.3,793,12,995.4,1950,18
317,2025-11-26 09:44:00+05:30,994.8,10,989.97,1093445,359079.0,324550.0,986.2,995.7,981.3,986.2,118548000,1084.8,887.6,1102.5,649.1,994.8,324,3,994.7,3069,7,994.6,3954,9,994.5,4043,14,994.4,1670,13,995.0,1742,19,995.1,1614,4,995.2,558,10,995.3,793,12,995.4,1412,17
317,2025-11-26 09:44:01+05:30,995.0,1,989.97,1093446,358832.0,324990.0,986.2,995.7,981.3,986.2,118548000,1084.8,887.6,1102.5,649.1,994.8,344,4,994.7,3069,7,994.6,3986,9,994.5,4043,14,994.4,1670,13,995.0,1741,19,995.1,1681,5,995.2,625,11,995.3,803,13,995.4,1412,17
317,2025-11-26 09:44:01+05:30,995.0,1,989.97,1093446,358832.0,324990.0,986.2,995.7,981.3,986.2,118548000,1084.8,887.6,1102.5,649.1,994.8,344,4,994.7,3069,7,994.6,3986,9,994.5,4043,14,994.4,1670,13,995.0,1741,19,995.1,1681,5,995.2,625,11,995.3,803,13,995.4,1412,17
317,2025-11-26 09:44:02+05:30,995.0,929,989.98,1094446,355970.0,324021.0,986.2,995.7,981.3,986.2,118548000,1084.8,887.6,1102.5,649.1,994.8,346,5,994.7,3069,7,994.6,3896,8,994.5,4035,14,994.4,1730,14,995.0,743,15,995.1,1669,4,995.2,682,12,995.3,803,13,995.4,1347,16
317,2025-11-26 09:44:02+05:30,995.0,929,989.98,1094446,355970.0,324021.0,986.2,995.7,981.3,986.2,118548000,1084.8,887.6,1102.5,649.1,994.8,346,5,994.7,3069,7,994.6,3896,8,994.5,4035,14,994.4,1730,14,995.0,743,15,995.1,1669,4,995.2,682,12,995.3,803,13,995.4,1347,16
317,2025-11-26 09:44:03+05:30,995.0,2,989.98,1094774,355705.0,325734.0,986.2,995.7,981.3,986.2,118548000,1084.8,887.6,1102.5,649.1,994.8,48,4,994.7,819,4,994.6,2250,3,994.5,4714,10,994.4,2465,9,995.0,2493,20,995.1,1921,8,995.2,549,9,995.3,805,13,995.4,1341,14
317,2025-11-26 09:44:03+05:30,995.0,2,989.98,1094774,355705.0,325734.0,986.2,995.7,981.3,986.2,118548000,1084.8,887.6,1102.5,649.1,994.8,48,4,994.7,819,4,994.6,2250,3,994.5,4714,10,994.4,2465,9,995.0,2493,20,995.1,1921,8,995.2,549,9,995.3,805,13,995.4,1341,14
317,2025-11-26 09:44:04+05:30,994.7,32,989.98,1094923,353807.0,325963.0,986.2,995.7,981.3,986.2,118548000,1084.8,887.6,1102.5,649.1,994.7,735,2,994.6,750,1,994.5,4642,9,994.4,1912,7,994.3,3171,16,995.0,2727,22,995.1,1873,8,995.2,554,10,995.3,804,14,995.4,1179,13
317,2025-11-26 09:44:04+05:30,995.0,283,989.98,1094923,353807.0,325963.0,986.2,995.7,981.3,986.2,118548000,1084.8,887.6,1102.5,649.1,994.7,735,2,994.6,750,1,994.5,4642,9,994.4,1912,7,994.3,3171,16,995.0,2727,22,995.1,1873,8,995.2,554,10,995.3,804,14,995.4,1179,13
317,2025-11-26 09:44:05+05:30,995.0,1,989.99,1096584,353753.0,325871.0,986.2,995.7,981.3,986.2,118548000,1084.8,887.6,1102.5,649.1,994.7,575,2,994.6,750,1,994.5,4642,9,994.4,1711,6,994.3,3539,17,995.0,3138,27,995.1,1933,9,995.2,1066,11,995.3,804,14,995.4,699,13
317,2025-11-26 09:44:05+05:30,995.0,1,989.99,1096584,353753.0,325871.0,986.2,995.7,981.3,986.2,118548000,1084.8,887.6,1102.5,649.1,994.7,575,2,994.6,750,1,994.5,4642,9,994.4,1711,6,994.3,3539,17,995.0,3138,27,995.1,1933,9,995.2,1066,11,995.3,804,14,995.4,699,13
317,2025-11-26 09:44:06+05:30,994.7,178,989.99,1096864,353447.0,325810.0,986.2,995.7,981.3,986.2,118548000,1084.8,887.6,1102.5,649.1,994.7,397,2,994.6,750,1,994.5,4642,9,994.4,2461,7,994.3,2220,14,995.0,3136,27,995.1,1933,9,995.2,554,10,995.3,804,14,995.4,1284,14
317,2025-11-26 09:44:06+05:30,994.7,178,989.99,1096864,353447.0,325810.0,986.2,995.7,981.3,986.2,118548000,1084.8,887.6,1102.5,649.1,994.7,397,2,994.6,750,1,994.5,4642,9,994.4,2461,7,994.3,2220,14,995.0,3136,27,995.1,1933,9,995.2,554,10,995.3,804,14,995.4,1284,14
317,2025-11-26 09:44:07+05:30,994.8,1,989.99,1096955,352848.0,325967.0,986.2,995.7,981.3,986.2,118548000,1084.8,887.6,1102.5,649.1,994.7,307,2,994.6,750,1,994.5,4641,8,994.4,2412,6,994.3,2239,14,995.0,3141,28,995.1,1933,9,995.2,713,12,995.3,804,14,995.4,699,13
317,2025-11-26 09:44:07+05:30,994.8,1,989.99,1096955,352848.0,325967.0,986.2,995.7,981.3,986.2,118548000,1084.8,887.6,1102.5,649.1,994.7,307,2,994.6,750,1,994.5,4641,8,994.4,2412,6,994.3,2239,14,995.0,3141,28,995.1,1933,9,995.2,713,12,995.3,804,14,995.4,699,13
317,2025-11-26 09:44:08+05:30,994.7,82,989.99,1096955,352848.0,325967.0,986.2,995.7,981.3,986.2,118548000,1084.8,887.6,1102.5,649.1,994.7,307,2,994.6,750,1,994.5,4641,8,994.4,2412,6,994.3,2239,14,995.0,3141,28,995.1,1933,9,995.2,713,12,995.3,804,14,995.4,699,13
317,2025-11-26 09:44:08+05:30,994.7,82,989.99,1097359,352868.0,327901.0,986.2,995.7,981.3,986.2,118548000,1084.8,887.6,1102.5,649.1,994.6,760,2,994.5,4530,7,994.4,1606,3,994.3,2697,10,994.2,1837,10,994.9,449,8,995.0,3379,31,995.1,2030,11,995.2,1711,16,995.3,850,16
317,2025-11-26 09:44:09+05:30,995.0,428,989.99,1097359,352868.0,327901.0,986.2,995.7,981.3,986.2,118548000,1084.8,887.6,1102.5,649.1,994.6,760,2,994.5,4530,7,994.4,1606,3,994.3,2697,10,994.2,1837,10,994.9,449,8,995.0,3379,31,995.1,2030,11,995.2,1711,16,995.3,850,16
317,2025-11-26 09:44:09+05:30,995.0,428,989.99,1098109,358092.0,325133.0,986.2,995.7,981.3,986.2,118548000,1084.8,887.6,1102.5,649.1,994.8,750,1,994.7,2250,3,994.6,3093,8,994.5,4650,14,994.4,1294,7,995.0,2237,23,995.1,1862,8,995.2,671,11,995.3,1357,17,995.4,758,12
317,2025-11-26 09:44:10+05:30,994.8,123,989.99,1098109,358092.0,325133.0,986.2,995.7,981.3,986.2,118548000,1084.8,887.6,1102.5,649.1,994.8,750,1,994.7,2250,3,994.6,3093,8,994.5,4650,14,994.4,1294,7,995.0,2237,23,995.1,1862,8,995.2,671,11,995.3,1357,17,995.4,758,12
317,2025-11-26 09:44:10+05:30,994.8,123,989.99,1098363,353604.0,325241.0,986.2,995.7,981.3,986.2,118548000,1084.8,887.6,1102.5,649.1,994.8,596,2,994.7,2250,3,994.6,3762,7,994.5,3505,12,994.4,2044,8,995.0,2534,28,995.1,1946,9,995.2,696,12,995.3,1286,16,995.4,584,11
317,2025-11-26 09:44:11+05:30,994.8,123,989.99,1098363,353604.0,325241.0,986.2,995.7,981.3,986.2,118548000,1084.8,887.6,1102.5,649.1,994.8,596,2,994.7,2250,3,994.6,3762,7,994.5,3505,12,994.4,2044,8,995.0,2534,28,995.1,1946,9,995.2,696,12,995.3,1286,16,995.4,584,11
317,2025-11-26 09:44:11+05:30,994.8,123,990.0,1099266,355388.0,324580.0,986.2,995.7,981.3,986.2,118548000,1084.8,887.6,1102.5,649.1,994.8,472,3,994.7,2250,3,994.6,4788,10,994.5,3666,16,994.4,2112,9,995.0,1486,21,995.1,1379,3,995.2,779,11,995.3,814,15,995.4,758,12
317,2025-11-26 09:44:12+05:30,994.8,123,990.0,1099266,355388.0,324580.0,986.2,995.7,981.3,986.2,118548000,1084.8,887.6,1102.5,649.1,994.8,472,3,994.7,2250,3,994.6,4788,10,994.5,3666,16,994.4,2112,9,995.0,1486,21,995.1,1379,3,995.2,779,11,995.3,814,15,995.4,758,12
317,2025-11-26 09:44:12+05:30,994.8,123,990.0,1099389,353560.0,325222.0,986.2,995.7,981.3,986.2,118548000,1084.8,887.6,1102.5,649.1,994.8,349,3,994.7,2250,3,994.6,4596,9,994.5,3187,14,994.4,2793,11,995.0,2031,22,995.1,1827,8,995.2,830,13,995.3,1311,16,995.4,758,12
317,2025-11-26 09:44:13+05:30,995.0,5,990.0,1099389,353560.0,325222.0,986.2,995.7,981.3,986.2,118548000,1084.8,887.6,1102.5,649.1,994.8,349,3,994.7,2250,3,994.6,4596,9,994.5,3187,14,994.4,2793,11,995.0,2031,22,995.1,1827,8,995.2,830,13,995.3,1311,16,995.4,758,12
317,2025-11-26 09:44:13+05:30,995.0,5,990.0,1099479,353456.0,325372.0,986.2,995.7,981.3,986.2,118548000,1084.8,887.6,1102.5,649.1,994.9,112,1,994.8,264,3,994.7,2250,3,994.6,4512,8,994.5,3617,15,995.0,2026,22,995.1,1873,8,995.2,901,14,995.3,735,15,995.4,758,12
317,2025-11-26 09:44:14+05:30,995.0,5,990.0,1099479,353577.0,325027.0,986.2,995.7,981.3,986.2,118548000,1084.8,887.6,1102.5,649.1,994.9,112,1,994.8,264,3,994.7,2250,3,994.6,4799,10,994.5,3617,15,995.0,2035,23,995.1,1520,5,995.2,891,13,995.3,735,15,995.4,758,12
317,2025-11-26 09:44:15+05:30,995.0,5,990.0,1099479,353844.0,324916.0,986.2,995.7,981.3,986.2,118548000,1084.8,887.6,1102.5,649.1,994.9,126,2,994.8,260,3,994.7,2250,3,994.6,4039,8,994.5,4416,17,995.0,2035,23,995.1,1379,3,995.2,649,8,995.3,657,14,995.4,738,11
317,2025-11-26 09:44:16+05:30,995.0,5,990.0,1099479,353876.0,324965.0,986.2,995.7,981.3,986.2,118548000,1084.8,887.6,1102.5,649.1,994.9,126,2,994.8,265,4,994.7,2250,3,994.6,4039,8,994.5,4416,17,995.0,2035,23,995.1,1379,3,995.2,698,9,995.3,710,17,995.4,1237,12
317,2025-11-26 09:44:17+05:30,995.0,37,990.0,1099479,353876.0,324965.0,986.2,995.7,981.3,986.2,118548000,1084.8,887.6,1102.5,649.1,994.9,126,2,994.8,265,4,994.7,2250,3,994.6,4039,8,994.5,4416,17,995.0,2035,23,995.1,1379,3,995.2,698,9,995.3,710,17,995.4,1237,12
317,2025-11-26 09:44:17+05:30,995.0,37,990.01,1100979,359701.0,323755.0,986.2,995.7,981.3,986.2,118548000,1084.8,887.6,1102.5,649.1,994.9,126,2,994.8,2048,9,994.7,5887,12,994.6,2833,14,994.5,4743,17,995.0,1367,16,995.1,1379,3,995.2,5,2,995.3,182,6,995.4,801,15
317,2025-11-26 09:44:18+05:30,994.8,93,990.01,1100979,359701.0,323755.0,986.2,995.7,981.3,986.2,118548000,1084.8,887.6,1102.5,649.1,994.9,126,2,994.8,2048,9,994.7,5887,12,994.6,2833,14,994.5,4743,17,995.0,1367,16,995.1,1379,3,995.2,5,2,995.3,182,6,995.4,801,15
317,2025-11-26 09:44:18+05:30,994.8,93,990.01,1101348,357761.0,326062.0,986.2,995.7,981.3,986.2,118548000,1084.8,887.6,1102.5,649.1,994.8,222,4,994.6,2481,6,994.5,4808,17,994.4,4289,14,994.3,2709,19,995.0,2061,18,995.1,1683,5,995.2,807,13,995.3,446,10,995.4,814,17
317,2025-11-26 09:44:20+05:30,994.8,66,990.01,1101481,352890.0,325625.0,986.2,995.7,981.3,986.2,118548000,1084.8,887.6,1102.5,649.1,994.8,134,1,994.7,3000,4,994.6,3422,9,994.5,3253,15,994.4,1644,10,995.0,2027,20,995.1,1463,4,995.2,555,8,995.3,731,12,995.4,1384,20
317,2025-11-26 09:44:20+05:30,994.8,66,990.01,1101481,352890.0,325625.0,986.2,995.7,981.3,986.2,118548000,1084.8,887.6,1102.5,649.1,994.8,134,1,994.7,3000,4,994.6,3422,9,994.5,3253,15,994.4,1644,10,995.0,2027,20,995.1,1463,4,995.2,555,8,995.3,731,12,995.4,1384,20
317,2025-11-26 09:44:21+05:30,995.0,100,990.01,1101581,355688.0,325928.0,986.2,995.7,981.3,986.2,118548000,1084.8,887.6,1102.5,649.1,994.8,159,2,994.6,3309,9,994.5,4711,15,994.4,2859,12,994.3,3354,13,995.0,1927,20,995.1,1452,4,995.2,707,11,995.3,731,12,995.4,840,19
317,2025-11-26 09:44:21+05:30,995.0,100,990.01,1101581,355688.0,325928.0,986.2,995.7,981.3,986.2,118548000,1084.8,887.6,1102.5,649.1,994.8,159,2,994.6,3309,9,994.5,4711,15,994.4,2859,12,994.3,3354,13,995.0,1927,20,995.1,1452,4,995.2,707,11,995.3,731,12,995.4,840,19
317,2025-11-26 09:44:22+05:30,995.0,100,990.01,1101581,353135.0,325682.0,986.2,995.7,981.3,986.2,118548000,1084.8,887.6,1102.5,649.1,994.8,922,4,994.7,98,2,994.6,3245,10,994.5,4356,15,994.4,3328,16,995.0,1927,20,995.1,1379,3,995.2,703,10,995.3,578,10,995.4,840,19
317,2025-11-26 09:44:23+05:30,995.0,250,990.01,1101581,353135.0,325682.0,986.2,995.7,981.3,986.2,118548000,1084.8,887.6,1102.5,649.1,994.8,922,4,994.7,98,2,994.6,3245,10,994.5,4356,15,994.4,3328,16,995.0,1927,20,995.1,1379,3,995.2,703,10,995.3,578,10,995.4,840,19
317,2025-11-26 09:44:23+05:30,995.0,250,990.01,1101961,353502.0,325895.0,986.2,995.7,981.3,986.2,118548000,1084.8,887.6,1102.5,649.1,994.8,792,4,994.7,30,1,994.6,2415,6,994.5,5219,14,994.4,3615,14,995.0,1753,21,995.1,1629,5,995.2,641,11,995.3,646,11,995.4,840,19
317,2025-11-26 09:44:24+05:30,994.8,123,990.01,1101961,353502.0,325895.0,986.2,995.7,981.3,986.2,118548000,1084.8,887.6,1102.5,649.1,994.8,792,4,994.7,30,1,994.6,2415,6,994.5,5219,14,994.4,3615,14,995.0,1753,21,995.1,1629,5,995.2,641,11,995.3,646,11,995.4,840,19
317,2025-11-26 09:44:24+05:30,994.8,123,990.01,1102184,353551.0,326572.0,986.2,995.7,981.3,986.2,118548000,1084.8,887.6,1102.5,649.1,994.8,569,2,994.6,2415,6,994.5,5393,15,994.4,3246,15,994.3,3078,18,995.0,1753,21,995.1,1819,8,995.2,666,12,995.3,1197,12,995.4,1326,21
317,2025-11-26 09:44:25+05:30,995.0,2,990.01,1102184,353551.0,326572.0,986.2,995.7,981.3,986.2,118548000,1084.8,887.6,1102.5,649.1,994.8,569,2,994.6,2415,6,994.5,5393,15,994.4,3246,15,994.3,3078,18,995.0,1753,21,995.1,1819,8,995.2,666,12,995.3,1197,12,995.4,1326,21
317,2025-11-26 09:44:25+05:30,995.0,2,990.01,1102186,355707.0,326102.0,986.2,995.7,981.3,986.2,118548000,1084.8,887.6,1102.5,649.1,994.8,569,2,994.6,2656,8,994.5,6606,18,994.4,2490,13,994.3,3445,19,995.0,1675,20,995.1,1528,5,995.2,716,12,995.3,646,11,995.4,1824,22
317,2025-11-26 09:44:26+05:30,994.8,40,990.01,1102186,355707.0,326102.0,986.2,995.7,981.3,986.2,118548000,1084.8,887.6,1102.5,649.1,994.8,569,2,994.6,2656,8,994.5,6606,18,994.4,2490,13,994.3,3445,19,995.0,1675,20,995.1,1528,5,995.2,716,12,995.3,646,11,995.4,1824,22
317,2025-11-26 09:44:26+05:30,994.6,1,990.02,1103112,356927.0,326394.0,986.2,995.7,981.3,986.2,118548000,1084.8,887.6,1102.5,649.1,994.6,2240,6,994.5,6632,18,994.4,2390,12,994.3,3445,19,994.2,2442,12,995.0,1665,20,995.1,1675,6,995.2,639,11,995.3,1339,14,995.4,1326,21
317,2025-11-26 09:44:27+05:30,994.6,246,990.02,1103112,356927.0,326394.0,986.2,995.7,981.3,986.2,118548000,1084.8,887.6,1102.5,649.1,994.6,2240,6,994.5,6632,18,994.4,2390,12,994.3,3445,19,994.2,2442,12,995.0,1665,20,995.1,1675,6,995.2,639,11,995.3,1339,14,995.4,1326,21
317,2025-11-26 09:44:27+05:30,994.6,246,990.02,1104038,354395.0,326495.0,986.2,995.7,981.3,986.2,118548000,1084.8,887.6,1102.5,649.1,994.6,1822,3,994.5,6237,17,994.4,2390,12,994.3,3828,19,994.2,2518,13,995.0,1598,19,995.1,1753,8,995.2,573,10,995.3,1344,16,995.4,1300,19
317,2025-11-26 09:44:28+05:30,994.6,123,990.02,1104038,354395.0,326495.0,986.2,995.7,981.3,986.2,118548000,1084.8,887.6,1102.5,649.1,994.6,1822,3,994.5,6237,17,994.4,2390,12,994.3,3828,19,994.2,2518,13,995.0,1598,19,995.1,1753,8,995.2,573,10,995.3,1344,16,995.4,1300,19
317,2025-11-26 09:44:28+05:30,994.6,123,990.02,1104161,353672.0,327550.0,986.2,995.7,981.3,986.2,118548000,1084.8,887.6,1102.5,649.1,994.6,1699,3,994.5,5343,14,994.4,2416,12,994.3,3828,19,994.2,2530,14,995.0,2247,22,995.1,2107,12,995.2,640,11,995.3,1324,15,995.4,1300,19
317,2025-11-26 09:44:29+05:30,995.0,66,990.02,1104161,353672.0,327550.0,986.2,995.7,981.3,986.2,118548000,1084.8,887.6,1102.5,649.1,994.6,1699,3,994.5,5343,14,994.4,2416,12,994.3,3828,19,994.2,2530,14,995.0,2247,22,995.1,2107,12,995.2,640,11,995.3,1324,15,995.4,1300,19
317,2025-11-26 09:44:29+05:30,995.0,66,990.02,1104360,355794.0,327116.0,986.2,995.7,981.3,986.2,118548000,1084.8,887.6,1102.5,649.1,994.7,750,1,994.6,1516,3,994.5,4790,10,994.4,2502,15,994.3,3354,13,995.0,2054,21,995.1,1888,9,995.2,792,13,995.3,1324,15,995.4,1126,18
317,2025-11-26 09:44:30+05:30,995.0,5,990.02,1104360,355794.0,327116.0,986.2,995.7,981.3,986.2,118548000,1084.8,887.6,1102.5,649.1,994.7,750,1,994.6,1516,3,994.5,4790,10,994.4,2502,15,994.3,3354,13,995.0,2054,21,995.1,1888,9,995.2,792,13,995.3,1324,15,995.4,1126,18
317,2025-11-26 09:44:30+05:30,995.0,5,990.02,1104488,354228.0,327482.0,986.2,995.7,981.3,986.2,118548000,1084.8,887.6,1102.5,649.1,994.7,627,1,994.6,1646,4,994.5,5040,12,994.4,2294,16,994.3,3749,14,995.0,2093,25,995.1,2167,14,995.2,640,11,995.3,1350,15,995.4,1300,19
317,2025-11-26 09:44:31+05:30,995.0,2,990.02,1104488,354228.0,327482.0,986.2,995.7,981.3,986.2,118548000,1084.8,887.6,1102.5,649.1,994.7,627,1,994.6,1646,4,994.5,5040,12,994.4,2294,16,994.3,3749,14,995.0,2093,25,995.1,2167,14,995.2,640,11,995.3,1350,15,995.4,1300,19
317,2025-11-26 09:44:32+05:30,995.0,11,990.02,1104513,356687.0,327331.0,986.2,995.7,981.3,986.2,118548000,1084.8,887.6,1102.5,649.1,994.7,625,1,994.6,1516,3,994.5,5335,14,994.4,2935,18,994.3,3555,15,995.0,2070,25,995.1,2014,11,995.2,719,12,995.3,1296,15,995.4,1300,19
317,2025-11-26 09:44:32+05:30,995.0,579,990.02,1104513,356687.0,327331.0,986.2,995.7,981.3,986.2,118548000,1084.8,887.6,1102.5,649.1,994.7,625,1,994.6,1516,3,994.5,5335,14,994.4,2935,18,994.3,3555,15,995.0,2070,25,995.1,2014,11,995.2,719,12,995.3,1296,15,995.4,1300,19
317,2025-11-26 09:44:33+05:30,995.0,201,990.03,1106778,353575.0,324404.0,986.2,995.7,981.3,986.2,118548000,1084.8,887.6,1102.5,649.1,994.8,379,4,994.7,3652,12,994.6,4995,15,994.5,2504,13,994.4,2404,14,995.0,1095,13,995.1,1408,4,995.2,5,2,995.3,272,6,995.4,726,12
317,2025-11-26 09:44:33+05:30,995.0,201,990.03,1106778,353575.0,324404.0,986.2,995.7,981.3,986.2,118548000,1084.8,887.6,1102.5,649.1,994.8,379,4,994.7,3652,12,994.6,4995,15,994.5,2504,13,994.4,2404,14,995.0,1095,13,995.1,1408,4,995.2,5,2,995.3,272,6,995.4,726,12
317,2025-11-26 09:44:34+05:30,995.0,393,990.04,1107910,355454.0,326560.0,986.2,995.7,981.3,986.2,118548000,1084.8,887.6,1102.5,649.1,994.7,871,2,994.6,2958,6,994.5,3886,13,994.4,2039,10,994.3,3354,13,995.0,1859,19,995.1,1457,5,995.2,619,10,995.3,601,10,995.4,1327,22
317,2025-11-26 09:44:34+05:30,995.0,393,990.04,1107910,355454.0,326560.0,986.2,995.7,981.3,986.2,118548000,1084.8,887.6,1102.5,649.1,994.7,871,2,994.6,2958,6,994.5,3886,13,994.4,2039,10,994.3,3354,13,995.0,1859,19,995.1,1457,5,995.2,619,10,995.3,601,10,995.4,1327,22
317,2025-11-26 09:44:35+05:30,994.7,123,990.04,1108148,356303.0,325954.0,986.2,995.7,981.3,986.2,118548000,1084.8,887.6,1102.5,649.1,994.7,805,3,994.6,3009,8,994.5,4730,14,994.4,1747,15,994.3,3749,14,995.0,1849,20,995.1,1662,6,995.2,392,7,995.3,615,11,995.4,1312,21
317,2025-11-26 09:44:35+05:30,994.7,123,990.04,1108148,356303.0,325954.0,986.2,995.7,981.3,986.2,118548000,1084.8,887.6,1102.5,649.1,994.7,805,3,994.6,3009,8,994.5,4730,14,994.4,1747,15,994.3,3749,14,995.0,1849,20,995.1,1662,6,995.2,392,7,995.3,615,11,995.4,1312,21
317,2025-11-26 09:44:36+05:30,995.0,625,990.04,1108148,356303.0,325954.0,986.2,995.7,981.3,986.2,118548000,1084.8,887.6,1102.5,649.1,994.7,805,3,994.6,3009,8,994.5,4730,14,994.4,1747,15,994.3,3749,14,995.0,1849,20,995.1,1662,6,995.2,392,7,995.3,615,11,995.4,1312,21
317,2025-11-26 09:44:36+05:30,995.0,625,990.04,1109523,357441.0,323888.0,986.2,995.7,981.3,986.2,118548000,1084.8,887.6,1102.5,649.1,994.9,2306,5,994.8,3432,10,994.7,2200,11,994.6,3455,12,994.5,3230,12,995.0,456,15,995.1,1408,4,995.2,5,2,995.3,49,4,995.4,1104,20
317,2025-11-26 09:44:37+05:30,994.9,135,990.04,1109523,357441.0,323888.0,986.2,995.7,981.3,986.2,118548000,1084.8,887.6,1102.5,649.1,994.9,2306,5,994.8,3432,10,994.7,2200,11,994.6,3455,12,994.5,3230,12,995.0,456,15,995.1,1408,4,995.2,5,2,995.3,49,4,995.4,1104,20
317,2025-11-26 09:44:37+05:30,994.9,135,990.05,1111033,356452.0,325137.0,986.2,995.7,981.3,986.2,118548000,1084.8,887.6,1102.5,649.1,994.9,2000,4,994.8,3068,5,994.7,1971,7,994.6,3231,19,994.5,3247,14,995.0,1531,13,995.1,1408,4,995.2,181,4,995.3,239,5,995.4,1230,20
317,2025-11-26 09:44:38+05:30,995.0,369,990.05,1111033,356452.0,325137.0,986.2,995.7,981.3,986.2,118548000,1084.8,887.6,1102.5,649.1,994.9,2000,4,994.8,3068,5,994.7,1971,7,994.6,3231,19,994.5,3247,14,995.0,1531,13,995.1,1408,4,995.2,181,4,995.3,239,5,995.4,1230,20
317,2025-11-26 09:44:38+05:30,995.0,369,990.05,1111714,356172.0,325364.0,986.2,995.7,981.3,986.2,118548000,1084.8,887.6,1102.5,649.1,994.9,1385,3,994.8,3000,4,994.7,1710,4,994.6,3108,15,994.5,3239,13,995.0,1538,15,995.1,1412,5,995.2,322,6,995.3,444,9,995.4,1344,20
317,2025-11-26 09:44:39+05:30,994.9,123,990.05,1111714,356172.0,325364.0,986.2,995.7,981.3,986.2,118548000,1084.8,887.6,1102.5,649.1,994.9,1385,3,994.8,3000,4,994.7,1710,4,994.6,3108,15,994.5,3239,13,995.0,1538,15,995.1,1412,5,995.2,322,6,995.3,444,9,995.4,1344,20
317,2025-11-26 09:44:39+05:30,995.0,24,990.06,1112746,356537.0,324933.0,986.2,995.7,981.3,986.2,118548000,1084.8,887.6,1102.5,649.1,994.9,1877,4,994.8,3010,5,994.7,2065,7,994.6,3627,20,994.5,3319,14,995.0,1372,12,995.1,1411,4,995.2,4,1,995.3,361,9,995.4,1288,15
317,2025-11-26 09:44:40+05:30,994.9,68,990.06,1112746,356537.0,324933.0,986.2,995.7,981.3,986.2,118548000,1084.8,887.6,1102.5,649.1,994.9,1877,4,994.8,3010,5,994.7,2065,7,994.6,3627,20,994.5,3319,14,995.0,1372,12,995.1,1411,4,995.2,4,1,995.3,361,9,995.4,1288,15
317,2025-11-26 09:44:40+05:30,994.9,68,990.06,1113941,351294.0,325540.0,986.2,995.7,981.3,986.2,118548000,1084.8,887.6,1102.5,649.1,994.9,2200,4,994.8,3010,5,994.7,1577,3,994.6,3084,15,994.5,3634,14,995.0,1503,8,995.1,1411,4,995.2,322,5,995.3,496,11,995.4,1298,16
317,2025-11-26 09:44:41+05:30,995.0,246,990.06,1113941,351294.0,325540.0,986.2,995.7,981.3,986.2,118548000,1084.8,887.6,1102.5,649.1,994.9,2200,4,994.8,3010,5,994.7,1577,3,994.6,3084,15,994.5,3634,14,995.0,1503,8,995.1,1411,4,995.2,322,5,995.3,496,11,995.4,1298,16
317,2025-11-26 09:44:41+05:30,995.2,20,990.11,1125003,351407.0,314633.0,986.2,995.8,981.3,986.2,118548000,1084.8,887.6,1102.5,649.1,995.3,730,1,995.2,2250,3,995.1,3335,9,995.0,3653,12,994.9,3109,14,995.7,1072,15,995.8,707,9,995.9,2678,15,996.0,3943,36,996.1,876,11
317,2025-11-26 09:44:42+05:30,995.0,131,990.11,1125003,351407.0,314633.0,986.2,995.8,981.3,986.2,118548000,1084.8,887.6,1102.5,649.1,995.3,730,1,995.2,2250,3,995.1,3335,9,995.0,3653,12,994.9,3109,14,995.7,1072,15,995.8,707,9,995.9,2678,15,996.0,3943,36,996.1,876,11
317,2025-11-26 09:44:42+05:30,995.7,55,990.2,1145115,349916.0,313596.0,986.2,995.8,981.3,986.2,118548000,1084.8,887.6,1102.5,649.1,995.3,750,1,995.2,2369,7,995.1,3892,10,995.0,2253,15,994.9,3156,13,995.7,443,5,995.8,1006,8,995.9,2710,18,996.0,5004,43,996.1,1296,11
317,2025-11-26 09:44:43+05:30,995.6,10,990.2,1145115,349916.0,313596.0,986.2,995.8,981.3,986.2,118548000,1084.8,887.6,1102.5,649.1,995.3,750,1,995.2,2369,7,995.1,3892,10,995.0,2253,15,994.9,3156,13,995.7,443,5,995.8,1006,8,995.9,2710,18,996.0,5004,43,996.1,1296,11
317,2025-11-26 09:44:43+05:30,995.6,28,990.24,1153223,355748.0,314027.0,986.2,995.8,981.3,986.2,118548000,1084.8,887.6,1102.5,649.1,995.5,750,1,995.4,1500,2,995.3,2792,6,995.2,1073,5,995.1,2872,11,995.7,495,3,995.8,242,4,995.9,2227,13,996.0,3897,38,996.1,844,10
317,2025-11-26 09:44:44+05:30,995.5,750,990.24,1153223,355748.0,314027.0,986.2,995.8,981.3,986.2,118548000,1084.8,887.6,1102.5,649.1,995.5,750,1,995.4,1500,2,995.3,2792,6,995.2,1073,5,995.1,2872,11,995.7,495,3,995.8,242,4,995.9,2227,13,996.0,3897,38,996.1,844,10
317,2025-11-26 09:44:45+05:30,996.1,408,990.3,1166655,362901.0,304249.0,986.2,996.2,981.3,986.2,118548000,1084.8,887.6,1102.5,649.1,996.2,15,1,996.1,1857,5,996.0,2150,7,995.9,3189,8,995.8,2558,8,996.3,44,2,996.4,53,2,996.5,142,5,996.6,10,1,996.7,651,5
317,2025-11-26 09:44:45+05:30,996.3,77,990.3,1166655,362901.0,304249.0,986.2,996.2,981.3,986.2,118548000,1084.8,887.6,1102.5,649.1,996.2,15,1,996.1,1857,5,996.0,2150,7,995.9,3189,8,995.8,2558,8,996.3,44,2,996.4,53,2,996.5,142,5,996.6,10,1,996.7,651,5
317,2025-11-26 09:44:46+05:30,996.8,100,990.36,1178302,361723.0,301182.0,986.2,997.3,981.3,986.2,118548000,1084.8,887.6,1102.5,649.1,996.8,21,1,996.7,48,2,996.6,1804,8,996.5,1402,6,996.4,3025,17,997.2,336,4,997.3,989,4,997.4,540,6,997.5,1840,12,997.6,1610,11
317,2025-11-26 09:44:46+05:30,996.8,100,990.36,1178302,361723.0,301182.0,986.2,997.3,981.3,986.2,118548000,1084.8,887.6,1102.5,649.1,996.8,21,1,996.7,48,2,996.6,1804,8,996.5,1402,6,996.4,3025,17,997.2,336,4,997.3,989,4,997.4,540,6,997.5,1840,12,997.6,1610,11
317,2025-11-26 09:44:47+05:30,997.1,508,990.39,1183333,360229.0,302699.0,986.2,997.4,981.3,986.2,118548000,1084.8,887.6,1102.5,649.1,996.8,837,2,996.7,2484,4,996.6,1030,3,996.5,1960,6,996.4,2121,10,997.1,507,1,997.2,809,4,997.3,530,7,997.4,716,10,997.5,1616,17
317,2025-11-26 09:44:47+05:30,997.1,508,990.39,1183333,360229.0,302699.0,986.2,997.4,981.3,986.2,118548000,1084.8,887.6,1102.5,649.1,996.8,837,2,996.7,2484,4,996.6,1030,3,996.5,1960,6,996.4,2121,10,997.1,507,1,997.2,809,4,997.3,530,7,997.4,716,10,997.5,1616,17
317,2025-11-26 09:44:48+05:30,996.7,203,990.43,1190006,356063.0,302047.0,986.2,997.4,981.3,986.2,118548000,1084.8,887.6,1102.5,649.1,996.8,1500,2,996.7,1569,3,996.6,1700,3,996.5,1991,6,996.4,3200,13,997.3,808,11,997.4,1548,12,997.5,2123,15,997.6,1769,13,997.7,942,12
317,2025-11-26 09:44:48+05:30,996.7,203,990.43,1190006,356063.0,302047.0,986.2,997.4,981.3,986.2,118548000,1084.8,887.6,1102.5,649.1,996.8,1500,2,996.7,1569,3,996.6,1700,3,996.5,1991,6,996.4,3200,13,997.3,808,11,997.4,1548,12,997.5,2123,15,997.6,1769,13,997.7,942,12
317,2025-11-26 09:44:49+05:30,997.6,5,990.43,1190180,366343.0,298570.0,986.2,997.6,981.3,986.2,118548000,1084.8,887.6,1102.5,649.1,997.5,848,1,997.4,77,1,997.3,3799,6,997.2,2528,8,997.1,1340,8,997.6,25,1,997.7,29,2,997.8,1148,6,997.9,721,10,998.0,9319,29
317,2025-11-26 09:44:49+05:30,997.6,90,990.43,1190180,366343.0,298570.0,986.2,997.6,981.3,986.2,118548000,1084.8,887.6,1102.5,649.1,997.5,848,1,997.4,77,1,997.3,3799,6,997.2,2528,8,997.1,1340,8,997.6,25,1,997.7,29,2,997.8,1148,6,997.9,721,10,998.0,9319,29
317,2025-11-26 09:44:50+05:30,997.6,1,990.46,1195013,358804.0,299336.0,986.2,997.6,981.3,986.2,118548000,1084.8,887.6,1102.5,649.1,997.6,516,1,997.4,750,1,997.3,1967,3,997.2,2563,7,997.1,603,5,997.7,276,4,997.8,822,7,997.9,1289,11,998.0,9555,32,998.1,1692,12
317,2025-11-26 09:44:50+05:30,997.6,1,990.46,1195013,358804.0,299336.0,986.2,997.6,981.3,986.2,118548000,1084.8,887.6,1102.5,649.1,997.6,516,1,997.4,750,1,997.3,1967,3,997.2,2563,7,997.1,603,5,997.7,276,4,997.8,822,7,997.9,1289,11,998.0,9555,32,998.1,1692,12
317,2025-11-26 09:44:51+05:30,998.0,1,990.46,1195013,358804.0,299336.0,986.2,997.6,981.3,986.2,118548000,1084.8,887.6,1102.5,649.1,997.6,516,1,997.4,750,1,997.3,1967,3,997.2,2563,7,997.1,603,5,997.7,276,4,997.8,822,7,997.9,1289,11,998.0,9555,32,998.1,1692,12
317,2025-11-26 09:44:51+05:30,997.7,1,990.47,1197636,352135.0,298289.0,986.2,998.0,981.3,986.2,118548000,1084.8,887.6,1102.5,649.1,997.7,101,2,997.6,597,3,997.5,2656,8,997.4,2368,9,997.3,1835,8,998.0,8885,25,998.1,704,5,998.2,399,4,998.3,546,7,998.4,2508,12
317,2025-11-26 09:44:52+05:30,998.0,466,990.47,1197636,352135.0,298289.0,986.2,998.0,981.3,986.2,118548000,1084.8,887.6,1102.5,649.1,997.7,101,2,997.6,597,3,997.5,2656,8,997.4,2368,9,997.3,1835,8,998.0,8885,25,998.1,704,5,998.2,399,4,998.3,546,7,998.4,2508,12
317,2025-11-26 09:44:52+05:30,998.0,5,990.49,1200406,350721.0,299885.0,986.2,998.0,981.3,986.2,118548000,1084.8,887.6,1102.5,649.1,997.7,750,1,997.5,1181,4,997.4,3470,8,997.3,2102,6,997.2,3147,13,998.0,7713,21,998.1,1314,10,998.2,1177,9,998.3,879,12,998.4,2354,14
317,2025-11-26 09:44:53+05:30,998.0,650,990.49,1200406,350721.0,299885.0,986.2,998.0,981.3,986.2,118548000,1084.8,887.6,1102.5,649.1,997.7,750,1,997.5,1181,4,997.4,3470,8,997.3,2102,6,997.2,3147,13,998.0,7713,21,998.1,1314,10,998.2,1177,9,998.3,879,12,998.4,2354,14
317,2025-11-26 09:44:53+05:30,998.0,64,990.53,1206781,352385.0,294028.0,986.2,998.0,981.3,986.2,118548000,1084.8,887.6,1102.5,649.1,997.8,750,1,997.7,178,2,997.6,2330,7,997.5,3701,11,997.4,2008,7,998.0,4334,13,998.1,44,2,998.2,113,2,998.3,666,9,998.4,1666,12
317,2025-11-26 09:44:54+05:30,997.6,94,990.53,1206781,352385.0,294028.0,986.2,998.0,981.3,986.2,118548000,1084.8,887.6,1102.5,649.1,997.8,750,1,997.7,178,2,997.6,2330,7,997.5,3701,11,997.4,2008,7,998.0,4334,13,998.1,44,2,998.2,113,2,998.3,666,9,998.4,1666,12
317,2025-11-26 09:44:54+05:30,997.9,5,990.54,1208307,352087.0,298687.0,986.2,998.0,981.3,986.2,118548000,1084.8,887.6,1102.5,649.1,997.6,2206,4,997.5,2490,6,997.4,3097,11,997.3,2187,10,997.2,3936,15,997.9,112,2,998.0,4423,17,998.1,1059,11,998.2,712,7,998.3,1323,13
317,2025-11-26 09:44:55+05:30,998.0,10,990.54,1208307,352087.0,298687.0,986.2,998.0,981.3,986.2,118548000,1084.8,887.6,1102.5,649.1,997.6,2206,4,997.5,2490,6,997.4,3097,11,997.3,2187,10,997.2,3936,15,997.9,112,2,998.0,4423,17,998.1,1059,11,998.2,712,7,998.3,1323,13
317,2025-11-26 09:44:55+05:30,998.0,10,990.55,1209947,351346.0,299980.0,986.2,998.0,981.3,986.2,118548000,1084.8,887.6,1102.5,649.1,997.7,750,1,997.6,1620,5,997.5,2590,7,997.4,2116,10,997.3,2639,9,998.0,4518,13,998.1,1168,15,998.2,936,11,998.3,1449,17,998.4,2706,19
317,2025-11-26 09:44:56+05:30,997.6,142,990.55,1209947,351346.0,299980.0,986.2,998.0,981.3,986.2,118548000,1084.8,887.6,1102.5,649.1,997.7,750,1,997.6,1620,5,997.5,2590,7,997.4,2116,10,997.3,2639,9,998.0,4518,13,998.1,1168,15,998.2,936,11,998.3,1449,17,998.4,2706,19
317,2025-11-26 09:44:56+05:30,998.0,124,990.55,1210215,350948.0,298706.0,986.2,998.0,981.3,986.2,118548000,1084.8,887.6,1102.5,649.1,997.7,750,1,997.6,1478,5,997.5,2977,11,997.4,1829,9,997.3,2801,11,998.0,4332,12,998.1,1080,13,998.2,686,8,998.3,1074,15,998.4,2530,17
317,2025-11-26 09:44:57+05:30,998.0,124,990.55,1210215,350948.0,298706.0,986.2,998.0,981.3,986.2,118548000,1084.8,887.6,1102.5,649.1,997.7,750,1,997.6,1478,5,997.5,2977,11,997.4,1829,9,997.3,2801,11,998.0,4332,12,998.1,1080,13,998.2,686,8,998.3,1074,15,998.4,2530,17
317,2025-11-26 09:44:57+05:30,998.0,124,990.55,1210215,353547.0,297857.0,986.2,998.0,981.3,986.2,118548000,1084.8,887.6,1102.5,649.1,997.8,166,1,997.7,2287,5,997.6,2426,6,997.5,2470,7,997.4,2065,10,998.0,4215,9,998.1,859,7,998.2,659,7,998.3,913,15,998.4,1696,17
317,2025-11-26 09:44:58+05:30,998.0,1,990.55,1210215,353547.0,297857.0,986.2,998.0,981.3,986.2,118548000,1084.8,887.6,1102.5,649.1,997.8,166,1,997.7,2287,5,997.6,2426,6,997.5,2470,7,997.4,2065,10,998.0,4215,9,998.1,859,7,998.2,659,7,998.3,913,15,998.4,1696,17
317,2025-11-26 09:44:58+05:30,998.0,1,990.55,1210501,353685.0,297621.0,986.2,998.0,981.3,986.2,118548000,1084.8,887.6,1102.5,649.1,997.8,571,1,997.7,1371,3,997.6,3740,11,997.5,2196,10,997.4,2802,10,998.0,4114,9,998.1,661,5,998.2,635,7,998.3,819,13,998.4,1655,20
317,2025-11-26 09:44:59+05:30,997.8,274,990.55,1210501,353685.0,297621.0,986.2,998.0,981.3,986.2,118548000,1084.8,887.6,1102.5,649.1,997.8,571,1,997.7,1371,3,997.6,3740,11,997.5,2196,10,997.4,2802,10,998.0,4114,9,998.1,661,5,998.2,635,7,998.3,819,13,998.4,1655,20
317,2025-11-26 09:44:59+05:30,997.8,22,990.59,1216974,352176.0,293013.0,986.2,998.4,981.3,986.2,118548000,1084.8,887.6,1102.5,649.1,997.8,549,1,997.7,1358,2,997.6,3549,11,997.5,1328,8,997.4,3052,12,998.2,357,4,998.3,1480,11,998.4,1542,16,998.5,846,11,998.6,1094,8
317,2025-11-26 09:45:00+05:30,998.1,1,990.59,1216974,352176.0,293013.0,986.2,998.4,981.3,986.2,118548000,1084.8,887.6,1102.5,649.1,997.8,549,1,997.7,1358,2,997.6,3549,11,997.5,1328,8,997.4,3052,12,998.2,357,4,998.3,1480,11,998.4,1542,16,998.5,846,11,998.6,1094,8
317,2025-11-26 09:45:00+05:30,998.1,1,990.6,1218408,351187.0,292719.0,986.2,998.4,981.3,986.2,118548000,1084.8,887.6,1102.5,649.1,997.8,750,1,997.7,1473,2,997.6,1861,7,997.5,1533,11,997.4,3031,11,998.3,1268,8,998.4,1445,14,998.5,1104,13,998.6,1511,12,998.7,1367,12
317,2025-11-26 09:45:01+05:30,998.0,286,990.6,1218408,351187.0,292719.0,986.2,998.4,981.3,986.2,118548000,1084.8,887.6,1102.5,649.1,997.8,750,1,997.7,1473,2,997.6,1861,7,997.5,1533,11,997.4,3031,11,998.3,1268,8,998.4,1445,14,998.5,1104,13,998.6,1511,12,998.7,1367,12
317,2025-11-26 09:45:01+05:30,998.0,5,990.6,1219056,353115.0,292579.0,986.2,998.4,981.3,986.2,118548000,1084.8,887.6,1102.5,649.1,998.0,332,1,997.9,2325,5,997.8,1878,8,997.7,1951,7,997.6,2997,14,998.4,704,7,998.5,1138,13,998.6,1541,15,998.7,2058,13,998.8,2329,23
317,2025-11-26 09:45:02+05:30,997.9,1,990.6,1219056,353115.0,292579.0,986.2,998.4,981.3,986.2,118548000,1084.8,887.6,1102.5,649.1,998.0,332,1,997.9,2325,5,997.8,1878,8,997.7,1951,7,997.6,2997,14,998.4,704,7,998.5,1138,13,998.6,1541,15,998.7,2058,13,998.8,2329,23
317,2025-11-26 09:45:02+05:30,998.0,89,990.62,1221287,352066.0,290734.0,986.2,998.4,981.3,986.2,118548000,1084.8,887.6,1102.5,649.1,998.0,212,2,997.9,2640,9,997.8,1811,8,997.7,2120,9,997.6,3305,17,998.4,312,3,998.5,806,14,998.6,1015,9,998.7,1906,11,998.8,1808,16
317,2025-11-26 09:45:03+05:30,998.2,10,990.62,1221287,352066.0,290734.0,986.2,998.4,981.3,986.2,118548000,1084.8,887.6,1102.5,649.1,998.0,212,2,997.9,2640,9,997.8,1811,8,997.7,2120,9,997.6,3305,17,998.4,312,3,998.5,806,14,998.6,1015,9,998.7,1906,11,998.8,1808,16
317,2025-11-26 09:45:03+05:30,997.9,323,990.63,1222672,353251.0,294170.0,986.2,998.4,981.3,986.2,118548000,1084.8,887.6,1102.5,649.1,997.9,1175,2,997.8,2227,8,997.7,1988,9,997.6,3012,10,997.5,1549,8,998.3,330,3,998.4,877,7,998.5,1133,19,998.6,1626,9,998.7,2983,15
317,2025-11-26 09:45:04+05:30,997.9,283,990.63,1222672,353251.0,294170.0,986.2,998.4,981.3,986.2,118548000,1084.8,887.6,1102.5,649.1,997.9,1175,2,997.8,2227,8,997.7,1988,9,997.6,3012,10,997.5,1549,8,998.3,330,3,998.4,877,7,998.5,1133,19,998.6,1626,9,998.7,2983,15
317,2025-11-26 09:45:04+05:30,998.4,142,990.63,1223125,355213.0,291682.0,986.2,998.4,981.3,986.2,118548000,1084.8,887.6,1102.5,649.1,998.3,464,1,997.9,3002,5,997.8,3092,11,997.7,2084,9,997.6,4295,16,998.4,34,1,998.5,382,7,998.6,847,6,998.7,1611,12,998.8,1009,12
317,2025-11-26 09:45:05+05:30,997.9,143,990.63,1223125,355213.0,291682.0,986.2,998.4,981.3,986.2,118548000,1084.8,887.6,1102.5,649.1,998.3,464,1,997.9,3002,5,997.8,3092,11,997.7,2084,9,997.6,4295,16,998.4,34,1,998.5,382,7,998.6,847,6,998.7,1611,12,998.8,1009,12
317,2025-11-26 09:45:05+05:30,997.9,143,990.64,1224606,353330.0,296235.0,986.2,998.4,981.3,986.2,118548000,1084.8,887.6,1102.5,649.1,997.9,2087,3,997.8,2633,11,997.7,2267,11,997.6,3784,11,997.5,1774,10,998.0,562,1,998.4,1065,5,998.5,935,14,998.6,1998,11,998.7,2138,14
317,2025-11-26 09:45:06+05:30,998.0,464,990.64,1224606,353330.0,296235.0,986.2,998.4,981.3,986.2,118548000,1084.8,887.6,1102.5,649.1,997.9,2087,3,997.8,2633,11,997.7,2267,11,997.6,3784,11,997.5,1774,10,998.0,562,1,998.4,1065,5,998.5,935,14,998.6,1998,11,998.7,2138,14
317,2025-11-26 09:45:06+05:30,998.0,464,990.65,1226060,352784.0,296351.0,986.2,998.4,981.3,986.2,118548000,1084.8,887.6,1102.5,649.1,997.9,796,4,997.8,3172,8,997.7,2401,9,997.6,3784,11,997.5,1599,9,998.0,35,1,998.3,252,2,998.4,1303,12,998.5,739,13,998.6,2492,12
317,2025-11-26 09:45:07+05:30,997.8,750,990.65,1226060,352784.0,296351.0,986.2,998.4,981.3,986.2,118548000,1084.8,887.6,1102.5,649.1,997.9,796,4,997.8,3172,8,997.7,2401,9,997.6,3784,11,997.5,1599,9,998.0,35,1,998.3,252,2,998.4,1303,12,998.5,739,13,998.6,2492,12
317,2025-11-26 09:45:07+05:30,997.8,750,990.66,1228661,349396.0,297232.0,986.2,998.4,981.3,986.2,118548000,1084.8,887.6,1102.5,649.1,997.7,750,1,997.6,2310,5,997.5,1238,2,997.4,1500,2,997.3,1498,8,998.0,2385,7,998.1,875,7,998.2,922,8,998.3,751,10,998.4,2746,22
317,2025-11-26 09:45:08+05:30,997.4,572,990.66,1228661,349396.0,297232.0,986.2,998.4,981.3,986.2,118548000,1084.8,887.6,1102.5,649.1,997.7,750,1,997.6,2310,5,997.5,1238,2,997.4,1500,2,997.3,1498,8,998.0,2385,7,998.1,875,7,998.2,922,8,998.3,751,10,998.4,2746,22
317,2025-11-26 09:45:08+05:30,997.8,2,990.68,1232297,348795.0,299951.0,986.2,998.4,981.3,986.2,118548000,1084.8,887.6,1102.5,649.1,997.6,178,1,997.5,1500,2,997.4,1240,3,997.3,1858,7,997.2,2955,7,997.8,241,1,997.9,551,5,998.0,2865,14,998.1,1244,15,998.2,1004,14
317,2025-11-26 09:45:09+05:30,997.8,156,990.68,1232297,348795.0,299951.0,986.2,998.4,981.3,986.2,118548000,1084.8,887.6,1102.5,649.1,997.6,178,1,997.5,1500,2,997.4,1240,3,997.3,1858,7,997.2,2955,7,997.8,241,1,997.9,551,5,998.0,2865,14,998.1,1244,15,998.2,1004,14
317,2025-11-26 09:45:09+05:30,997.3,12,990.69,1234552,345754.0,299696.0,986.2,998.4,981.3,986.2,118548000,1084.8,887.6,1102.5,649.1,997.4,750,1,997.3,750,1,997.2,3198,6,997.1,3029,7,997.0,1512,9,997.8,526,3,997.9,1346,8,998.0,2655,19,998.1,966,10,998.2,1274,11
317,2025-11-26 09:45:10+05:30,997.9,10,990.69,1234552,345754.0,299696.0,986.2,998.4,981.3,986.2,118548000,1084.8,887.6,1102.5,649.1,997.4,750,1,997.3,750,1,997.2,3198,6,997.1,3029,7,997.0,1512,9,997.8,526,3,997.9,1346,8,998.0,2655,19,998.1,966,10,998.2,1274,11
317,2025-11-26 09:45:10+05:30,997.8,3,990.7,1236095,346169.0,298578.0,986.2,998.4,981.3,986.2,118548000,1084.8,887.6,1102.5,649.1,997.4,188,1,997.3,1548,6,997.2,3477,9,997.1,2567,13,997.0,2077,8,997.8,170,2,997.9,504,4,998.0,2402,12,998.1,1101,12,998.2,1767,19
317,2025-11-26 09:45:11+05:30,998.0,277,990.7,1236095,346169.0,298578.0,986.2,998.4,981.3,986.2,118548000,1084.8,887.6,1102.5,649.1,997.4,188,1,997.3,1548,6,997.2,3477,9,997.1,2567,13,997.0,2077,8,997.8,170,2,997.9,504,4,998.0,2402,12,998.1,1101,12,998.2,1767,19
317,2025-11-26 09:45:11+05:30,998.0,1,990.71,1237059,348369.0,296523.0,986.2,998.4,981.3,986.2,118548000,1084.8,887.6,1102.5,649.1,997.6,750,1,997.5,884,3,997.4,3446,10,997.3,1357,11,997.2,3182,9,998.0,1551,7,998.1,1362,7,998.2,894,10,998.3,1018,16,998.4,2813,17
317,2025-11-26 09:45:12+05:30,997.7,10,990.71,1237059,348369.0,296523.0,986.2,998.4,981.3,986.2,118548000,1084.8,887.6,1102.5,649.1,997.6,750,1,997.5,884,3,997.4,3446,10,997.3,1357,11,997.2,3182,9,998.0,1551,7,998.1,1362,7,998.2,894,10,998.3,1018,16,998.4,2813,17
317,2025-11-26 09:45:12+05:30,997.8,20,990.71,1238163,351899.0,295652.0,986.2,998.4,981.3,986.2,118548000,1084.8,887.6,1102.5,649.1,997.7,750,1,997.6,1846,6,997.5,2314,7,997.4,2441,9,997.3,2349,15,997.8,20,1,998.0,2059,9,998.1,245,3,998.2,758,7,998.3,1288,7
317,2025-11-26 09:45:13+05:30,997.7,172,990.71,1238163,351899.0,295652.0,986.2,998.4,981.3,986.2,118548000,1084.8,887.6,1102.5,649.1,997.7,750,1,997.6,1846,6,997.5,2314,7,997.4,2441,9,997.3,2349,15,997.8,20,1,998.0,2059,9,998.1,245,3,998.2,758,7,998.3,1288,7
317,2025-11-26 09:45:13+05:30,997.7,172,990.72,1238949,352151.0,295315.0,986.2,998.4,981.3,986.2,118548000,1084.8,887.6,1102.5,649.1,997.8,750,1,997.7,2078,3,997.6,1988,3,997.5,2262,9,997.4,2298,10,998.0,2002,11,998.1,114,2,998.2,714,6,998.3,980,14,998.4,2183,17
317,2025-11-26 09:45:14+05:30,998.0,50,990.72,1238949,352151.0,295315.0,986.2,998.4,981.3,986.2,118548000,1084.8,887.6,1102.5,649.1,997.8,750,1,997.7,2078,3,997.6,1988,3,997.5,2262,9,997.4,2298,10,998.0,2002,11,998.1,114,2,998.2,714,6,998.3,980,14,998.4,2183,17
317,2025-11-26 09:45:14+05:30,998.0,30,990.78,1249561,347453.0,289587.0,986.2,998.8,981.3,986.2,118548000,1084.8,887.6,1102.5,649.1,998.0,750,1,997.9,1528,3,997.8,1928,5,997.7,1975,6,997.6,2182,7,998.4,212,3,998.5,1154,12,998.6,967,10,998.7,1264,10,998.8,1757,12
317,2025-11-26 09:45:15+05:30,997.9,105,990.78,1249561,347453.0,289587.0,986.2,998.8,981.3,986.2,118548000,1084.8,887.6,1102.5,649.1,998.0,750,1,997.9,1528,3,997.8,1928,5,997.7,1975,6,997.6,2182,7,998.4,212,3,998.5,1154,12,998.6,967,10,998.7,1264,10,998.8,1757,12
317,2025-11-26 09:45:15+05:30,998.3,104,990.84,1260623,348680.0,290239.0,986.2,998.8,981.3,986.2,118548000,1084.8,887.6,1102.5,649.1,997.9,750,1,997.8,1762,6,997.7,1503,13,997.6,2968,8,997.5,1676,9,998.4,259,3,998.5,781,8,998.6,1088,16,998.7,1010,8,998.8,2408,16
317,2025-11-26 09:45:16+05:30,997.9,750,990.84,1260623,348680.0,290239.0,986.2,998.8,981.3,986.2,118548000,1084.8,887.6,1102.5,649.1,997.9,750,1,997.8,1762,6,997.7,1503,13,997.6,2968,8,997.5,1676,9,998.4,259,3,998.5,781,8,998.6,1088,16,998.7,1010,8,998.8,2408,16
317,2025-11-26 09:45:16+05:30,997.3,21,990.87,1264879,342265.0,299515.0,986.2,998.8,981.3,986.2,118548000,1084.8,887.6,1102.5,649.1,997.3,750,1,997.2,2393,7,997.1,2789,9,997.0,2098,11,996.9,2293,10,997.8,135,3,997.9,1175,5,998.0,2665,12,998.1,680,7,998.2,1444,12
317,2025-11-26 09:45:17+05:30,997.4,1,990.87,1264879,342265.0,299515.0,986.2,998.8,981.3,986.2,118548000,1084.8,887.6,1102.5,649.1,997.3,750,1,997.2,2393,7,997.1,2789,9,997.0,2098,11,996.9,2293,10,997.8,135,3,997.9,1175,5,998.0,2665,12,998.1,680,7,998.2,1444,12
317,2025-11-26 09:45:17+05:30,997.5,5,990.88,1267528,344005.0,303430.0,986.2,998.8,981.3,986.2,118548000,1084.8,887.6,1102.5,649.1,997.1,1025,3,997.0,1611,8,996.9,1473,12,996.8,3121,11,996.7,2814,12,997.6,376,2,997.7,422,4,997.8,742,7,997.9,1558,11,998.0,2951,18
317,2025-11-26 09:45:18+05:30,997.2,269,990.88,1267528,344005.0,303430.0,986.2,998.8,981.3,986.2,118548000,1084.8,887.6,1102.5,649.1,997.1,1025,3,997.0,1611,8,996.9,1473,12,996.8,3121,11,996.7,2814,12,997.6,376,2,997.7,422,4,997.8,742,7,997.9,1558,11,998.0,2951,18
317,2025-11-26 09:45:18+05:30,997.6,10,990.89,1268864,352105.0,301802.0,986.2,998.8,981.3,986.2,118548000,1084.8,887.6,1102.5,649.1,997.2,1191,2,997.1,1098,5,997.0,2048,9,996.9,1521,13,996.8,3320,11,997.6,338,1,997.7,505,3,997.8,889,9,997.9,1509,10,998.0,4332,23
317,2025-11-26 09:45:19+05:30,997.4,150,990.89,1268864,352105.0,301802.0,986.2,998.8,981.3,986.2,118548000,1084.8,887.6,1102.5,649.1,997.2,1191,2,997.1,1098,5,997.0,2048,9,996.9,1521,13,996.8,3320,11,997.6,338,1,997.7,505,3,997.8,889,9,997.9,1509,10,998.0,4332,23
317,2025-11-26 09:45:19+05:30,997.4,150,990.9,1271902,348181.0,304390.0,986.2,998.8,981.3,986.2,118548000,1084.8,887.6,1102.5,649.1,997.0,1579,3,996.9,1587,8,996.8,2089,10,996.7,2693,15,996.6,1723,10,997.3,200,1,997.5,198,2,997.6,304,5,997.7,1286,12,997.8,891,11
317,2025-11-26 09:45:20+05:30,997.5,122,990.9,1271902,348181.0,304390.0,986.2,998.8,981.3,986.2,118548000,1084.8,887.6,1102.5,649.1,997.0,1579,3,996.9,1587,8,996.8,2089,10,996.7,2693,15,996.6,1723,10,997.3,200,1,997.5,198,2,997.6,304,5,997.7,1286,12,997.8,891,11
317,2025-11-26 09:45:21+05:30,997.7,100,990.91,1273370,347962.0,301251.0,986.2,998.8,981.3,986.2,118548000,1084.8,887.6,1102.5,649.1,997.2,750,1,997.1,1911,6,997.0,1312,7,996.9,1448,10,996.8,3093,14,997.7,443,3,997.8,1235,10,997.9,1026,11,998.0,2795,18,998.1,1398,10
317,2025-11-26 09:45:21+05:30,997.7,100,990.91,1273370,347962.0,301251.0,986.2,998.8,981.3,986.2,118548000,1084.8,887.6,1102.5,649.1,997.2,750,1,997.1,1911,6,997.0,1312,7,996.9,1448,10,996.8,3093,14,997.7,443,3,997.8,1235,10,997.9,1026,11,998.0,2795,18,998.1,1398,10
317,2025-11-26 09:45:22+05:30,997.5,1,990.91,1274209,350316.0,304312.0,986.2,998.8,981.3,986.2,118548000,1084.8,887.6,1102.5,649.1,997.1,1499,2,997.0,1082,5,996.9,1448,10,996.8,2929,12,996.7,2766,13,997.5,364,2,997.6,1081,8,997.7,1015,5,997.8,1013,11,997.9,1474,11
317,2025-11-26 09:45:22+05:30,997.2,5,990.91,1274209,350316.0,304312.0,986.2,998.8,981.3,986.2,118548000,1084.8,887.6,1102.5,649.1,997.1,1499,2,997.0,1082,5,996.9,1448,10,996.8,2929,12,996.7,2766,13,997.5,364,2,997.6,1081,8,997.7,1015,5,997.8,1013,11,997.9,1474,11
317,2025-11-26 09:45:23+05:30,997.5,456,990.91,1274209,350316.0,304312.0,986.2,998.8,981.3,986.2,118548000,1084.8,887.6,1102.5,649.1,997.1,1499,2,997.0,1082,5,996.9,1448,10,996.8,2929,12,996.7,2766,13,997.5,364,2,997.6,1081,8,997.7,1015,5,997.8,1013,11,997.9,1474,11
317,2025-11-26 09:45:23+05:30,997.5,456,990.92,1274963,350136.0,303881.0,986.2,998.8,981.3,986.2,118548000,1084.8,887.6,1102.5,649.1,997.1,750,1,997.0,1630,5,996.9,1162,5,996.8,3104,8,996.7,2723,11,997.5,397,4,997.6,1072,14,997.7,1216,7,997.8,1092,12,997.9,1328,11
317,2025-11-26 09:45:24+05:30,997.3,1,990.92,1274963,350136.0,303881.0,986.2,998.8,981.3,986.2,118548000,1084.8,887.6,1102.5,649.1,997.1,750,1,997.0,1630,5,996.9,1162,5,996.8,3104,8,996.7,2723,11,997.5,397,4,997.6,1072,14,997.7,1216,7,997.8,1092,12,997.9,1328,11
317,2025-11-26 09:45:24+05:30,997.3,1,990.92,1275266,350328.0,302975.0,986.2,998.8,981.3,986.2,118548000,1084.8,887.6,1102.5,649.1,997.3,71,1,997.2,2306,4,997.1,1274,5,997.0,2330,11,996.9,1492,13,997.5,49,1,997.7,221,2,997.8,778,9,997.9,1495,13,998.0,3846,21
317,2025-11-26 09:45:25+05:30,997.3,1,990.92,1275266,354518.0,303118.0,986.2,998.8,981.3,986.2,118548000,1084.8,887.6,1102.5,649.1,997.4,591,1,997.3,1715,3,997.2,215,1,997.1,2774,7,997.0,3093,13,997.5,61,2,997.7,221,2,997.8,778,9,997.9,1000,12,998.0,3804,20
317,2025-11-26 09:45:26+05:30,997.7,5,990.92,1275266,354518.0,303118.0,986.2,998.8,981.3,986.2,118548000,1084.8,887.6,1102.5,649.1,997.4,591,1,997.3,1715,3,997.2,215,1,997.1,2774,7,997.0,3093,13,997.5,61,2,997.7,221,2,997.8,778,9,997.9,1000,12,998.0,3804,20
317,2025-11-26 09:45:26+05:30,997.7,5,990.92,1276004,350151.0,302965.0,986.2,998.8,981.3,986.2,118548000,1084.8,887.6,1102.5,649.1,997.3,1358,2,997.2,1590,4,997.1,1379,8,997.0,3282,12,996.9,2405,16,997.7,498,4,997.8,1505,14,997.9,894,8,998.0,2901,21,998.1,1449,10
317,2025-11-26 09:45:27+05:30,997.7,91,990.92,1276004,350151.0,302965.0,986.2,998.8,981.3,986.2,118548000,1084.8,887.6,1102.5,649.1,997.3,1358,2,997.2,1590,4,997.1,1379,8,997.0,3282,12,996.9,2405,16,997.7,498,4,997.8,1505,14,997.9,894,8,998.0,2901,21,998.1,1449,10
317,2025-11-26 09:45:27+05:30,997.7,91,990.93,1276612,349461.0,303536.0,986.2,998.8,981.3,986.2,118548000,1084.8,887.6,1102.5,649.1,997.3,1500,2,997.2,1590,4,997.1,1332,11,997.0,2777,8,996.9,2318,11,997.6,42,1,997.7,233,3,997.8,1131,13,997.9,1633,10,998.0,3706,22
317,2025-11-26 09:45:28+05:30,997.5,5,990.93,1277720,351257.0,299444.0,986.2,998.8,981.3,986.2,118548000,1084.8,887.6,1102.5,649.1,997.5,592,1,997.4,2213,6,997.3,1105,7,997.2,1471,10,997.1,2460,15,997.9,43,1,998.0,2396,10,998.1,960,7,998.2,1498,15,998.3,909,12
317,2025-11-26 09:45:29+05:30,997.5,143,990.93,1277720,351257.0,299444.0,986.2,998.8,981.3,986.2,118548000,1084.8,887.6,1102.5,649.1,997.5,592,1,997.4,2213,6,997.3,1105,7,997.2,1471,10,997.1,2460,15,997.9,43,1,998.0,2396,10,998.1,960,7,998.2,1498,15,998.3,909,12
317,2025-11-26 09:45:29+05:30,998.0,5,990.93,1277990,351025.0,300184.0,986.2,998.8,981.3,986.2,118548000,1084.8,887.6,1102.5,649.1,997.5,438,2,997.4,1587,3,997.3,1283,6,997.2,1443,9,997.1,2675,16,998.0,3061,16,998.1,932,7,998.2,1353,12,998.3,868,11,998.4,2257,21
317,2025-11-26 09:45:30+05:30,997.7,25,990.93,1277990,351025.0,300184.0,986.2,998.8,981.3,986.2,118548000,1084.8,887.6,1102.5,649.1,997.5,438,2,997.4,1587,3,997.3,1283,6,997.2,1443,9,997.1,2675,16,998.0,3061,16,998.1,932,7,998.2,1353,12,998.3,868,11,998.4,2257,21
317,2025-11-26 09:45:30+05:30,997.7,25,990.94,1278775,353523.0,295919.0,986.2,998.8,981.3,986.2,118548000,1084.8,887.6,1102.5,649.1,997.7,1442,4,997.6,2459,8,997.5,3972,13,997.4,1485,10,997.3,1944,9,998.0,1414,6,998.2,595,5,998.3,692,7,998.4,1202,12,998.5,1158,17
317,2025-11-26 09:45:31+05:30,997.2,132,990.94,1278775,353523.0,295919.0,986.2,998.8,981.3,986.2,118548000,1084.8,887.6,1102.5,649.1,997.7,1442,4,997.6,2459,8,997.5,3972,13,997.4,1485,10,997.3,1944,9,998.0,1414,6,998.2,595,5,998.3,692,7,998.4,1202,12,998.5,1158,17
317,2025-11-26 09:45:31+05:30,997.3,14,990.97,1284340,342710.0,306867.0,986.2,998.8,981.3,986.2,118548000,1084.8,887.6,1102.5,649.1,996.9,1,1,996.7,1206,4,996.6,1776,7,996.5,2543,12,996.4,2245,10,997.3,187,1,997.4,483,6,997.5,473,5,997.6,2195,12,997.7,1111,8
317,2025-11-26 09:45:32+05:30,996.7,113,990.97,1284340,342710.0,306867.0,986.2,998.8,981.3,986.2,118548000,1084.8,887.6,1102.5,649.1,996.9,1,1,996.7,1206,4,996.6,1776,7,996.5,2543,12,996.4,2245,10,997.3,187,1,997.4,483,6,997.5,473,5,997.6,2195,12,997.7,1111,8
317,2025-11-26 09:45:33+05:30,996.9,5,990.98,1287645,343811.0,309451.0,986.2,998.8,981.3,986.2,118548000,1084.8,887.6,1102.5,649.1,996.9,14,1,996.7,750,1,996.6,880,4,996.5,2124,10,996.4,1561,8,997.2,1040,11,997.3,1062,14,997.4,1106,9,997.5,1472,10,997.6,1727,16
317,2025-11-26 09:45:33+05:30,997.2,5,990.98,1287645,343811.0,309451.0,986.2,998.8,981.3,986.2,118548000,1084.8,887.6,1102.5,649.1,996.9,14,1,996.7,750,1,996.6,880,4,996.5,2124,10,996.4,1561,8,997.2,1040,11,997.3,1062,14,997.4,1106,9,997.5,1472,10,997.6,1727,16
317,2025-11-26 09:45:34+05:30,997.2,188,990.99,1289448,338326.0,309095.0,986.2,998.8,981.3,986.2,118548000,1084.8,887.6,1102.5,649.1,996.7,87,1,996.6,758,2,996.5,2538,5,996.4,1122,5,996.3,3095,10,997.2,605,9,997.3,1150,11,997.4,985,10,997.5,1585,11,997.6,1617,14
317,2025-11-26 09:45:34+05:30,997.2,188,990.99,1289448,338326.0,309095.0,986.2,998.8,981.3,986.2,118548000,1084.8,887.6,1102.5,649.1,996.7,87,1,996.6,758,2,996.5,2538,5,996.4,1122,5,996.3,3095,10,997.2,605,9,997.3,1150,11,997.4,985,10,997.5,1585,11,997.6,1617,14
317,2025-11-26 09:45:35+05:30,996.6,240,990.99,1289775,346595.0,310274.0,986.2,998.8,981.3,986.2,118548000,1084.8,887.6,1102.5,649.1,996.6,1260,2,996.5,591,6,996.4,1233,10,996.3,3296,11,996.2,1462,8,997.1,1034,6,997.2,538,10,997.3,790,12,997.4,1095,11,997.5,1449,12
317,2025-11-26 09:45:35+05:30,996.6,240,990.99,1289775,346595.0,310274.0,986.2,998.8,981.3,986.2,118548000,1084.8,887.6,1102.5,649.1,996.6,1260,2,996.5,591,6,996.4,1233,10,996.3,3296,11,996.2,1462,8,997.1,1034,6,997.2,538,10,997.3,790,12,997.4,1095,11,997.5,1449,12
317,2025-11-26 09:45:36+05:30,996.7,25,990.99,1289775,346595.0,310274.0,986.2,998.8,981.3,986.2,118548000,1084.8,887.6,1102.5,649.1,996.6,1260,2,996.5,591,6,996.4,1233,10,996.3,3296,11,996.2,1462,8,997.1,1034,6,997.2,538,10,997.3,790,12,997.4,1095,11,997.5,1449,12
317,2025-11-26 09:45:36+05:30,996.7,25,990.99,1289952,351020.0,309415.0,986.2,998.8,981.3,986.2,118548000,1084.8,887.6,1102.5,649.1,996.7,725,1,996.6,2417,8,996.5,1460,10,996.4,2517,12,996.3,2345,9,997.1,397,2,997.2,120,3,997.3,408,5,997.4,1331,19,997.5,987,10
317,2025-11-26 09:45:37+05:30,996.8,130,990.99,1289952,351020.0,309415.0,986.2,998.8,981.3,986.2,118548000,1084.8,887.6,1102.5,649.1,996.7,725,1,996.6,2417,8,996.5,1460,10,996.4,2517,12,996.3,2345,9,997.1,397,2,997.2,120,3,997.3,408,5,997.4,1331,19,997.5,987,10
317,2025-11-26 09:45:37+05:30,996.8,130,990.99,1290135,351968.0,308587.0,986.2,998.8,981.3,986.2,118548000,1084.8,887.6,1102.5,649.1,996.7,872,3,996.6,3540,11,996.5,1619,10,996.4,1583,11,996.3,4399,11,997.1,352,1,997.3,398,5,997.4,1116,11,997.5,996,10,997.6,2097,12
317,2025-11-26 09:45:38+05:30,996.8,1,990.99,1290135,351968.0,308587.0,986.2,998.8,981.3,986.2,118548000,1084.8,887.6,1102.5,649.1,996.7,872,3,996.6,3540,11,996.5,1619,10,996.4,1583,11,996.3,4399,11,997.1,352,1,997.3,398,5,997.4,1116,11,997.5,996,10,997.6,2097,12
317,2025-11-26 09:45:38+05:30,997.1,150,990.99,1290286,351123.0,308720.0,986.2,998.8,981.3,986.2,118548000,1084.8,887.6,1102.5,649.1,996.8,10,1,996.7,1255,6,996.6,2590,8,996.5,1469,9,996.4,2366,14,997.1,202,1,997.3,408,5,997.4,1127,11,997.5,1094,17,997.6,2168,14
317,2025-11-26 09:45:39+05:30,997.1,150,990.99,1290286,351123.0,308720.0,986.2,998.8,981.3,986.2,118548000,1084.8,887.6,1102.5,649.1,996.8,10,1,996.7,1255,6,996.6,2590,8,996.5,1469,9,996.4,2366,14,997.1,202,1,997.3,408,5,997.4,1127,11,997.5,1094,17,997.6,2168,14
317,2025-11-26 09:45:39+05:30,997.1,156,991.0,1290648,350898.0,310918.0,986.2,998.8,981.3,986.2,118548000,1084.8,887.6,1102.5,649.1,996.9,201,1,996.8,1022,5,996.7,2394,8,996.6,1941,8,996.5,2996,12,997.1,199,2,997.3,140,3,997.4,1342,9,997.5,1018,17,997.6,1553,11
317,2025-11-26 09:45:40+05:30,997.1,1,991.0,1290648,350898.0,310918.0,986.2,998.8,981.3,986.2,118548000,1084.8,887.6,1102.5,649.1,996.9,201,1,996.8,1022,5,996.7,2394,8,996.6,1941,8,996.5,2996,12,997.1,199,2,997.3,140,3,997.4,1342,9,997.5,1018,17,997.6,1553,11
317,2025-11-26 09:45:40+05:30,997.1,1,991.0,1290649,350736.0,311729.0,986.2,998.8,981.3,986.2,118548000,1084.8,887.6,1102.5,649.1,996.9,6,1,996.8,735,2,996.7,2642,7,996.6,1892,7,996.5,2996,12,997.1,208,3,997.2,104,2,997.3,237,4,997.4,1342,9,997.5,1181,20
317,2025-11-26 09:45:41+05:30,997.2,21,991.0,1290649,350736.0,311729.0,986.2,998.8,981.3,986.2,118548000,1084.8,887.6,1102.5,649.1,996.9,6,1,996.8,735,2,996.7,2642,7,996.6,1892,7,996.5,2996,12,997.1,208,3,997.2,104,2,997.3,237,4,997.4,1342,9,997.5,1181,20
317,2025-11-26 09:45:41+05:30,996.8,80,991.0,1291478,349665.0,312023.0,986.2,998.8,981.3,986.2,118548000,1084.8,887.6,1102.5,649.1,996.8,430,1,996.7,1598,3,996.6,2140,12,996.5,2904,8,996.4,1567,8,997.1,6,2,997.2,82,1,997.3,503,7,997.4,1613,11,997.5,1142,19
317,2025-11-26 09:45:42+05:30,997.2,8,991.0,1291478,349665.0,312023.0,986.2,998.8,981.3,986.2,118548000,1084.8,887.6,1102.5,649.1,996.8,430,1,996.7,1598,3,996.6,2140,12,996.5,2904,8,996.4,1567,8,997.1,6,2,997.2,82,1,997.3,503,7,997.4,1613,11,997.5,1142,19
317,2025-11-26 09:45:42+05:30,996.8,15,991.0,1291671,350294.0,310596.0,986.2,998.8,981.3,986.2,118548000,1084.8,887.6,1102.5,649.1,996.8,735,1,996.7,2009,6,996.6,2525,9,996.5,2510,10,996.4,2239,10,997.3,584,5,997.4,502,7,997.5,862,16,997.6,1253,10,997.7,1314,12
317,2025-11-26 09:45:43+05:30,997.4,39,991.0,1291671,350294.0,310596.0,986.2,998.8,981.3,986.2,118548000,1084.8,887.6,1102.5,649.1,996.8,735,1,996.7,2009,6,996.6,2525,9,996.5,2510,10,996.4,2239,10,997.3,584,5,997.4,502,7,997.5,862,16,997.6,1253,10,997.7,1314,12
317,2025-11-26 09:45:43+05:30,997.3,1,991.01,1292677,352081.0,310252.0,986.2,998.8,981.3,986.2,118548000,1084.8,887.6,1102.5,649.1,996.9,738,2,996.8,1643,7,996.7,2418,8,996.6,1501,8,996.5,3377,17,997.3,236,2,997.4,726,8,997.5,1123,19,997.6,661,8,997.7,1458,15
317,2025-11-26 09:45:44+05:30,996.9,1,991.01,1292677,352081.0,310252.0,986.2,998.8,981.3,986.2,118548000,1084.8,887.6,1102.5,649.1,996.9,738,2,996.8,1643,7,996.7,2418,8,996.6,1501,8,996.5,3377,17,997.3,236,2,997.4,726,8,997.5,1123,19,997.6,661,8,997.7,1458,15
317,2025-11-26 09:45:44+05:30,996.9,20,991.01,1293086,351239.0,309516.0,986.2,998.8,981.3,986.2,118548000,1084.8,887.6,1102.5,649.1,997.0,20,1,996.9,730,1,996.8,2397,9,996.7,2139,13,996.6,2470,11,997.3,87,1,997.4,341,6,997.5,950,16,997.6,1263,10,997.7,1392,12
317,2025-11-26 09:45:45+05:30,996.9,119,991.01,1293086,351239.0,309516.0,986.2,998.8,981.3,986.2,118548000,1084.8,887.6,1102.5,649.1,997.0,20,1,996.9,730,1,996.8,2397,9,996.7,2139,13,996.6,2470,11,997.3,87,1,997.4,341,6,997.5,950,16,997.6,1263,10,997.7,1392,12
317,2025-11-26 09:45:45+05:30,997.1,124,991.01,1293349,351353.0,310950.0,986.2,998.8,981.3,986.2,118548000,1084.8,887.6,1102.5,649.1,997.1,26,1,996.9,742,2,996.8,3066,8,996.7,2188,14,996.6,2472,12,997.4,798,8,997.5,2742,16,997.6,868,11,997.7,1559,14,997.8,902,11
317,2025-11-26 09:45:46+05:30,997.1,124,991.01,1293349,351353.0,310950.0,986.2,998.8,981.3,986.2,118548000,1084.8,887.6,1102.5,649.1,997.1,26,1,996.9,742,2,996.8,3066,8,996.7,2188,14,996.6,2472,12,997.4,798,8,997.5,2742,16,997.6,868,11,997.7,1559,14,997.8,902,11
317,2025-11-26 09:45:47+05:30,997.1,4,991.01,1293353,350585.0,310962.0,986.2,998.8,981.3,986.2,118548000,1084.8,887.6,1102.5,649.1,997.1,22,1,996.9,742,2,996.8,2218,6,996.7,2141,14,996.6,2472,12,997.4,890,10,997.5,2729,15,997.6,868,11,997.7,1559,14,997.8,912,12
317,2025-11-26 09:45:47+05:30,997.1,4,991.01,1293353,350585.0,310962.0,986.2,998.8,981.3,986.2,118548000,1084.8,887.6,1102.5,649.1,997.1,22,1,996.9,742,2,996.8,2218,6,996.7,2141,14,996.6,2472,12,997.4,890,10,997.5,2729,15,997.6,868,11,997.7,1559,14,997.8,912,12
317,2025-11-26 09:45:48+05:30,997.1,4,991.01,1293353,350595.0,310487.0,986.2,998.8,981.3,986.2,118548000,1084.8,887.6,1102.5,649.1,997.1,22,1,996.9,742,2,996.8,2218,6,996.7,2151,15,996.6,2472,12,997.4,890,10,997.5,2729,15,997.6,875,12,997.7,1559,14,997.8,912,12
317,2025-11-26 09:45:49+05:30,997.4,12,991.01,1293365,350292.0,318099.0,986.2,998.8,981.3,986.2,118548000,1084.8,887.6,1102.5,649.1,997.1,35,2,996.9,611,1,996.8,2087,5,996.7,2082,12,996.6,2459,11,997.4,1080,11,997.5,2746,16,997.6,875,12,997.7,1542,13,997.8,912,12
317,2025-11-26 09:45:49+05:30,997.1,1,991.01,1293365,350292.0,318099.0,986.2,998.8,981.3,986.2,118548000,1084.8,887.6,1102.5,649.1,997.1,35,2,996.9,611,1,996.8,2087,5,996.7,2082,12,996.6,2459,11,997.4,1080,11,997.5,2746,16,997.6,875,12,997.7,1542,13,997.8,912,12
317,2025-11-26 09:45:50+05:30,997.1,13,991.01,1293365,350292.0,318099.0,986.2,998.8,981.3,986.2,118548000,1084.8,887.6,1102.5,649.1,997.1,35,2,996.9,611,1,996.8,2087,5,996.7,2082,12,996.6,2459,11,997.4,1080,11,997.5,2746,16,997.6,875,12,997.7,1542,13,997.8,912,12
317,2025-11-26 09:45:50+05:30,997.1,13,991.01,1293410,351433.0,318787.0,986.2,998.8,981.3,986.2,118548000,1084.8,887.6,1102.5,649.1,996.9,611,1,996.8,2087,5,996.7,2115,15,996.6,2472,12,996.5,2972,10,997.3,377,4,997.4,1516,12,997.5,2879,16,997.6,843,13,997.7,1397,13
317,2025-11-26 09:45:51+05:30,996.9,13,991.01,1293410,351433.0,318787.0,986.2,998.8,981.3,986.2,118548000,1084.8,887.6,1102.5,649.1,996.9,611,1,996.8,2087,5,996.7,2115,15,996.6,2472,12,996.5,2972,10,997.3,377,4,997.4,1516,12,997.5,2879,16,997.6,843,13,997.7,1397,13
317,2025-11-26 09:45:51+05:30,996.9,13,991.01,1293423,353150.0,318776.0,986.2,998.8,981.3,986.2,118548000,1084.8,887.6,1102.5,649.1,996.9,1348,2,996.8,3053,8,996.7,2115,15,996.6,2266,11,996.5,2972,10,997.3,505,3,997.4,976,12,997.5,3084,17,997.6,843,13,997.7,1397,13
317,2025-11-26 09:45:52+05:30,997.3,45,991.01,1293423,353150.0,318776.0,986.2,998.8,981.3,986.2,118548000,1084.8,887.6,1102.5,649.1,996.9,1348,2,996.8,3053,8,996.7,2115,15,996.6,2266,11,996.5,2972,10,997.3,505,3,997.4,976,12,997.5,3084,17,997.6,843,13,997.7,1397,13
317,2025-11-26 09:45:52+05:30,997.2,5,991.01,1293473,352383.0,315898.0,986.2,998.8,981.3,986.2,118548000,1084.8,887.6,1102.5,649.1,997.2,95,1,997.1,775,2,997.0,2247,6,996.9,2173,9,996.8,3593,14,997.3,306,1,997.4,49,3,997.5,2115,4,997.6,525,7,997.7,901,12
317,2025-11-26 09:45:53+05:30,997.3,15,991.01,1293473,352383.0,315898.0,986.2,998.8,981.3,986.2,118548000,1084.8,887.6,1102.5,649.1,997.2,95,1,997.1,775,2,997.0,2247,6,996.9,2173,9,996.8,3593,14,997.3,306,1,997.4,49,3,997.5,2115,4,997.6,525,7,997.7,901,12
317,2025-11-26 09:45:53+05:30,997.3,15,991.01,1293488,354378.0,318497.0,986.2,998.8,981.3,986.2,118548000,1084.8,887.6,1102.5,649.1,997.2,95,1,997.1,775,2,997.0,2792,6,996.9,2252,14,996.8,3048,14,997.3,2330,3,997.4,97,4,997.5,2187,5,997.6,527,8,997.7,901,12
317,2025-11-26 09:45:54+05:30,997.3,15,991.01,1293488,354378.0,318497.0,986.2,998.8,981.3,986.2,118548000,1084.8,887.6,1102.5,649.1,997.2,95,1,997.1,775,2,997.0,2792,6,996.9,2252,14,996.8,3048,14,997.3,2330,3,997.4,97,4,997.5,2187,5,997.6,527,8,997.7,901,12
317,2025-11-26 09:45:54+05:30,997.3,25,991.01,1293488,354378.0,318497.0,986.2,998.8,981.3,986.2,118548000,1084.8,887.6,1102.5,649.1,997.2,95,1,997.1,775,2,997.0,2792,6,996.9,2252,14,996.8,3048,14,997.3,2330,3,997.4,97,4,997.5,2187,5,997.6,527,8,997.7,901,12
317,2025-11-26 09:45:54+05:30,997.3,25,991.01,1293488,354378.0,318497.0,986.2,998.8,981.3,986.2,118548000,1084.8,887.6,1102.5,649.1,997.2,95,1,997.1,775,2,997.0,2792,6,996.9,2252,14,996.8,3048,14,997.3,2330,3,997.4,97,4,997.5,2187,5,997.6,527,8,997.7,901,12
317,2025-11-26 09:45:54+05:30,997.3,50,991.01,1293563,352952.0,318647.0,986.2,998.8,981.3,986.2,118548000,1084.8,887.6,1102.5,649.1,997.2,95,1,997.1,854,3,997.0,3171,8,996.9,2301,15,996.8,3048,14,997.3,2307,4,997.4,49,3,997.5,2187,5,997.6,527,8,997.7,822,11
317,2025-11-26 09:45:54+05:30,997.3,50,991.01,1293563,352952.0,318647.0,986.2,998.8,981.3,986.2,118548000,1084.8,887.6,1102.5,649.1,997.2,95,1,997.1,854,3,997.0,3171,8,996.9,2301,15,996.8,3048,14,997.3,2307,4,997.4,49,3,997.5,2187,5,997.6,527,8,997.7,822,11
317,2025-11-26 09:45:55+05:30,997.3,50,991.01,1293563,352952.0,318647.0,986.2,998.8,981.3,986.2,118548000,1084.8,887.6,1102.5,649.1,997.2,95,1,997.1,854,3,997.0,3171,8,996.9,2301,15,996.8,3048,14,997.3,2307,4,997.4,49,3,997.5,2187,5,997.6,527,8,997.7,822,11
317,2025-11-26 09:45:55+05:30,997.3,50,991.01,1293563,352952.0,318647.0,986.2,998.8,981.3,986.2,118548000,1084.8,887.6,1102.5,649.1,997.2,95,1,997.1,854,3,997.0,3171,8,996.9,2301,15,996.8,3048,14,997.3,2307,4,997.4,49,3,997.5,2187,5,997.6,527,8,997.7,822,11
317,2025-11-26 09:45:55+05:30,997.3,50,991.01,1293563,352952.0,318647.0,986.2,998.8,981.3,986.2,118548000,1084.8,887.6,1102.5,649.1,997.2,95,1,997.1,854,3,997.0,3171,8,996.9,2301,15,996.8,3048,14,997.3,2307,4,997.4,49,3,997.5,2187,5,997.6,527,8,997.7,822,11
317,2025-11-26 09:45:55+05:30,997.3,50,991.02,1296382,357655.0,314113.0,986.2,998.8,981.3,986.2,118548000,1084.8,887.6,1102.5,649.1,997.3,1424,2,997.2,379,3,997.1,3560,13,997.0,2826,12,996.9,3247,17,997.4,49,3,997.5,2033,3,997.6,7,1,997.7,291,4,997.8,351,10
317,2025-11-26 09:45:55+05:30,997.3,50,991.02,1296382,357655.0,314113.0,986.2,998.8,981.3,986.2,118548000,1084.8,887.6,1102.5,649.1,997.3,1424,2,997.2,379,3,997.1,3560,13,997.0,2826,12,996.9,3247,17,997.4,49,3,997.5,2033,3,997.6,7,1,997.7,291,4,997.8,351,10
317,2025-11-26 09:45:56+05:30,997.3,50,991.02,1296382,357655.0,314113.0,986.2,998.8,981.3,986.2,118548000,1084.8,887.6,1102.5,649.1,997.3,1424,2,997.2,379,3,997.1,3560,13,997.0,2826,12,996.9,3247,17,997.4,49,3,997.5,2033,3,997.6,7,1,997.7,291,4,997.8,351,10
317,2025-11-26 09:45:56+05:30,997.2,55,991.02,1296382,357655.0,314113.0,986.2,998.8,981.3,986.2,118548000,1084.8,887.6,1102.5,649.1,997.3,1424,2,997.2,379,3,997.1,3560,13,997.0,2826,12,996.9,3247,17,997.4,49,3,997.5,2033,3,997.6,7,1,997.7,291,4,997.8,351,10
317,2025-11-26 09:45:56+05:30,997.2,55,991.02,1296382,357655.0,314113.0,986.2,998.8,981.3,986.2,118548000,1084.8,887.6,1102.5,649.1,997.3,1424,2,997.2,379,3,997.1,3560,13,997.0,2826,12,996.9,3247,17,997.4,49,3,997.5,2033,3,997.6,7,1,997.7,291,4,997.8,351,10
317,2025-11-26 09:45:56+05:30,997.2,111,991.03,1298012,352684.0,315164.0,986.2,998.8,981.3,986.2,118548000,1084.8,887.6,1102.5,649.1,997.2,639,1,997.1,3398,8,997.0,1777,10,996.9,3913,17,996.8,1504,10,997.4,49,3,997.5,2061,4,997.6,369,6,997.7,636,7,997.8,441,13
317,2025-11-26 09:45:57+05:30,997.2,111,991.03,1298012,352684.0,315164.0,986.2,998.8,981.3,986.2,119113500,1084.8,887.6,1102.5,649.1,997.2,639,1,997.1,3398,8,997.0,1777,10,996.9,3913,17,996.8,1504,10,997.4,49,3,997.5,2061,4,997.6,369,6,997.7,636,7,997.8,441,13
317,2025-11-26 09:45:57+05:30,997.5,118,991.03,1298012,352684.0,315164.0,986.2,998.8,981.3,986.2,119113500,1084.8,887.6,1102.5,649.1,997.2,639,1,997.1,3398,8,997.0,1777,10,996.9,3913,17,996.8,1504,10,997.4,49,3,997.5,2061,4,997.6,369,6,997.7,636,7,997.8,441,13
317,2025-11-26 09:45:57+05:30,997.5,118,991.03,1298012,352684.0,315164.0,986.2,998.8,981.3,986.2,119113500,1084.8,887.6,1102.5,649.1,997.2,639,1,997.1,3398,8,997.0,1777,10,996.9,3913,17,996.8,1504,10,997.4,49,3,997.5,2061,4,997.6,369,6,997.7,636,7,997.8,441,13
317,2025-11-26 09:45:57+05:30,997.5,118,991.04,1300166,351600.0,313237.0,986.2,998.8,981.3,986.2,119113500,1084.8,887.6,1102.5,649.1,997.2,25,1,997.1,3098,7,997.0,1341,8,996.9,3253,17,996.8,1554,10,997.5,1143,2,997.6,253,4,997.7,350,6,997.8,755,13,997.9,2434,19
317,2025-11-26 09:45:58+05:30,997.1,160,991.04,1300166,351600.0,313237.0,986.2,998.8,981.3,986.2,119113500,1084.8,887.6,1102.5,649.1,997.2,25,1,997.1,3098,7,997.0,1341,8,996.9,3253,17,996.8,1554,10,997.5,1143,2,997.6,253,4,997.7,350,6,997.8,755,13,997.9,2434,19
317,2025-11-26 09:45:58+05:30,997.5,10,991.04,1300643,352805.0,313095.0,986.2,998.8,981.3,986.2,119113500,1084.8,887.6,1102.5,649.1,997.4,5,1,997.2,2235,3,997.1,2819,7,997.0,662,12,996.9,2424,11,997.5,1083,2,997.6,7,1,997.7,471,5,997.8,608,10,997.9,1963,22
317,2025-11-26 09:45:59+05:30,997.3,139,991.04,1300643,352805.0,313095.0,986.2,998.8,981.3,986.2,119113500,1084.8,887.6,1102.5,649.1,997.4,5,1,997.2,2235,3,997.1,2819,7,997.0,662,12,996.9,2424,11,997.5,1083,2,997.6,7,1,997.7,471,5,997.8,608,10,997.9,1963,22
317,2025-11-26 09:45:59+05:30,997.2,25,991.05,1300960,351525.0,312974.0,986.2,998.8,981.3,986.2,119113500,1084.8,887.6,1102.5,649.1,997.4,3,1,997.2,1475,2,997.1,2565,8,997.0,1363,12,996.9,3041,11,997.5,1148,4,997.6,245,3,997.7,266,4,997.8,512,9,997.9,2051,25
317,2025-11-26 09:46:00+05:30,997.3,1,991.05,1300960,351525.0,312974.0,986.2,998.8,981.3,986.2,119113500,1084.8,887.6,1102.5,649.1,997.4,3,1,997.2,1475,2,997.1,2565,8,997.0,1363,12,996.9,3041,11,997.5,1148,4,997.6,245,3,997.7,266,4,997.8,512,9,997.9,2051,25
317,2025-11-26 09:46:00+05:30,997.1,750,991.05,1302667,345653.0,320763.0,986.2,998.8,981.3,986.2,119113500,1084.8,887.6,1102.5,649.1,997.0,355,3,996.8,16,2,996.7,798,5,996.6,1767,6,996.5,2620,9,997.1,21,1,997.2,251,5,997.3,321,4,997.4,635,6,997.5,1690,11
317,2025-11-26 09:46:01+05:30,997.0,278,991.05,1302667,345653.0,320763.0,986.2,998.8,981.3,986.2,119113500,1084.8,887.6,1102.5,649.1,997.0,355,3,996.8,16,2,996.7,798,5,996.6,1767,6,996.5,2620,9,997.1,21,1,997.2,251,5,997.3,321,4,997.4,635,6,997.5,1690,11
317,2025-11-26 09:46:02+05:30,996.7,88,991.06,1303182,351186.0,322390.0,986.2,998.8,981.3,986.2,119113500,1084.8,887.6,1102.5,649.1,996.7,696,2,996.6,3142,8,996.5,1690,7,996.4,3027,16,996.3,1792,10,997.1,288,3,997.2,1174,13,997.3,859,9,997.4,900,10,997.5,2812,23
317,2025-11-26 09:46:02+05:30,996.7,139,991.06,1303182,351186.0,322390.0,986.2,998.8,981.3,986.2,119113500,1084.8,887.6,1102.5,649.1,996.7,696,2,996.6,3142,8,996.5,1690,7,996.4,3027,16,996.3,1792,10,997.1,288,3,997.2,1174,13,997.3,859,9,997.4,900,10,997.5,2812,23
317,2025-11-26 09:46:03+05:30,997.1,5,991.06,1303331,351055.0,322719.0,986.2,998.8,981.3,986.2,119113500,1084.8,887.6,1102.5,649.1,996.9,1,1,996.7,557,2,996.6,2746,6,996.5,1638,7,996.4,3072,17,997.1,540,2,997.2,788,11,997.3,709,10,997.4,1614,12,997.5,2949,23
317,2025-11-26 09:46:03+05:30,997.1,5,991.06,1303331,351055.0,322719.0,986.2,998.8,981.3,986.2,119113500,1084.8,887.6,1102.5,649.1,996.9,1,1,996.7,557,2,996.6,2746,6,996.5,1638,7,996.4,3072,17,997.1,540,2,997.2,788,11,997.3,709,10,997.4,1614,12,997.5,2949,23
317,2025-11-26 09:46:04+05:30,997.1,94,991.06,1303441,349157.0,321373.0,986.2,998.8,981.3,986.2,119113500,1084.8,887.6,1102.5,649.1,996.9,1,1,996.7,2987,8,996.6,1710,7,996.5,1236,6,996.4,3072,17,997.1,430,2,997.2,168,3,997.3,721,8,997.4,848,10,997.5,2333,22
317,2025-11-26 09:46:04+05:30,997.1,94,991.06,1303441,349157.0,321373.0,986.2,998.8,981.3,986.2,119113500,1084.8,887.6,1102.5,649.1,996.9,1,1,996.7,2987,8,996.6,1710,7,996.5,1236,6,996.4,3072,17,997.1,430,2,997.2,168,3,997.3,721,8,997.4,848,10,997.5,2333,22
317,2025-11-26 09:46:05+05:30,997.1,498,991.06,1303941,351470.0,321806.0,986.2,998.8,981.3,986.2,119113500,1084.8,887.6,1102.5,649.1,996.9,1,1,996.7,2976,7,996.6,1897,7,996.5,1249,7,996.4,3072,17,997.1,358,1,997.2,134,2,997.3,896,10,997.4,803,9,997.5,2374,23
317,2025-11-26 09:46:05+05:30,997.1,498,991.06,1303941,351470.0,321806.0,986.2,998.8,981.3,986.2,119113500,1084.8,887.6,1102.5,649.1,996.9,1,1,996.7,2976,7,996.6,1897,7,996.5,1249,7,996.4,3072,17,997.1,358,1,997.2,134,2,997.3,896,10,997.4,803,9,997.5,2374,23
317,2025-11-26 09:46:06+05:30,996.9,137,991.06,1304081,356317.0,320934.0,986.2,998.8,981.3,986.2,119113500,1084.8,887.6,1102.5,649.1,996.9,386,1,996.8,1850,3,996.7,3184,9,996.6,2697,9,996.5,2108,9,997.1,358,1,997.2,30,1,997.3,235,3,997.4,986,9,997.5,2300,22
317,2025-11-26 09:46:06+05:30,996.9,137,991.06,1304081,356317.0,320934.0,986.2,998.8,981.3,986.2,119113500,1084.8,887.6,1102.5,649.1,996.9,386,1,996.8,1850,3,996.7,3184,9,996.6,2697,9,996.5,2108,9,997.1,358,1,997.2,30,1,997.3,235,3,997.4,986,9,997.5,2300,22
317,2025-11-26 09:46:07+05:30,997.4,25,991.06,1304081,356317.0,320934.0,986.2,998.8,981.3,986.2,119113500,1084.8,887.6,1102.5,649.1,996.9,386,1,996.8,1850,3,996.7,3184,9,996.6,2697,9,996.5,2108,9,997.1,358,1,997.2,30,1,997.3,235,3,997.4,986,9,997.5,2300,22
317,2025-11-26 09:46:07+05:30,997.4,25,991.06,1304831,355813.0,320169.0,986.2,998.8,981.3,986.2,119113500,1084.8,887.6,1102.5,649.1,996.9,1508,7,996.8,5485,14,996.7,707,8,996.6,3751,19,996.5,1595,8,997.1,23,1,997.4,42,1,997.5,1845,14,997.6,1442,11,997.7,961,14
317,2025-11-26 09:46:08+05:30,997.0,139,991.06,1304831,355813.0,320169.0,986.2,998.8,981.3,986.2,119113500,1084.8,887.6,1102.5,649.1,996.9,1508,7,996.8,5485,14,996.7,707,8,996.6,3751,19,996.5,1595,8,997.1,23,1,997.4,42,1,997.5,1845,14,997.6,1442,11,997.7,961,14
317,2025-11-26 09:46:08+05:30,997.0,139,991.06,1305013,356014.0,319506.0,986.2,998.8,981.3,986.2,119113500,1084.8,887.6,1102.5,649.1,997.0,37,1,996.9,1127,4,996.8,4663,12,996.7,2090,8,996.6,3001,18,997.1,22,1,997.4,244,2,997.5,1651,10,997.6,496,8,997.7,1007,16
317,2025-11-26 09:46:09+05:30,997.0,139,991.06,1305013,350693.0,321286.0,986.2,998.8,981.3,986.2,119113500,1084.8,887.6,1102.5,649.1,996.7,523,3,996.6,3944,11,996.5,1420,7,996.4,2886,11,996.3,2448,15,997.1,23,2,997.2,80,2,997.3,485,5,997.4,736,8,997.5,2074,16
317,2025-11-26 09:46:10+05:30,997.1,1,991.06,1305013,350693.0,321286.0,986.2,998.8,981.3,986.2,119113500,1084.8,887.6,1102.5,649.1,996.7,523,3,996.6,3944,11,996.5,1420,7,996.4,2886,11,996.3,2448,15,997.1,23,2,997.2,80,2,997.3,485,5,997.4,736,8,997.5,2074,16
317,2025-11-26 09:46:10+05:30,997.4,6,991.07,1305339,355315.0,317828.0,986.2,998.8,981.3,986.2,119113500,1084.8,887.6,1102.5,649.1,997.2,9,1,997.0,1137,3,996.9,3790,7,996.8,1876,7,996.7,2207,15,997.4,36,1,997.5,2177,14,997.6,566,13,997.7,853,11,997.8,1295,9
317,2025-11-26 09:46:11+05:30,997.0,123,991.07,1305339,355315.0,317828.0,986.2,998.8,981.3,986.2,119113500,1084.8,887.6,1102.5,649.1,997.2,9,1,997.0,1137,3,996.9,3790,7,996.8,1876,7,996.7,2207,15,997.4,36,1,997.5,2177,14,997.6,566,13,997.7,853,11,997.8,1295,9
317,2025-11-26 09:46:11+05:30,997.0,123,991.07,1305478,356088.0,319455.0,986.2,998.8,981.3,986.2,119113500,1084.8,887.6,1102.5,649.1,997.0,1013,2,996.9,3293,7,996.8,2769,8,996.7,2053,13,996.6,2866,12,997.1,1040,1,997.4,192,3,997.5,932,12,997.6,930,17,997.7,1205,16
317,2025-11-26 09:46:12+05:30,997.0,123,991.07,1305478,357160.0,319518.0,986.2,998.8,981.3,986.2,119113500,1084.8,887.6,1102.5,649.1,997.0,1020,3,996.9,4043,8,996.8,2818,9,996.7,2053,13,996.6,2866,12,997.1,1040,1,997.4,192,3,997.5,945,13,997.6,917,16,997.7,1205,16
317,2025-11-26 09:46:13+05:30,997.0,10,991.07,1305478,357160.0,319518.0,986.2,998.8,981.3,986.2,119113500,1084.8,887.6,1102.5,649.1,997.0,1020,3,996.9,4043,8,996.8,2818,9,996.7,2053,13,996.6,2866,12,997.1,1040,1,997.4,192,3,997.5,945,13,997.6,917,16,997.7,1205,16
317,2025-11-26 09:46:13+05:30,997.1,100,991.07,1305688,353856.0,318975.0,986.2,998.8,981.3,986.2,119113500,1084.8,887.6,1102.5,649.1,997.0,1089,4,996.9,4381,11,996.8,2950,10,996.7,2281,15,996.6,3113,13,997.1,840,1,997.4,113,4,997.5,932,12,997.6,838,15,997.7,1126,15
317,2025-11-26 09:46:14+05:30,997.1,10,991.07,1305688,353856.0,318975.0,986.2,998.8,981.3,986.2,119113500,1084.8,887.6,1102.5,649.1,997.0,1089,4,996.9,4381,11,996.8,2950,10,996.7,2281,15,996.6,3113,13,997.1,840,1,997.4,113,4,997.5,932,12,997.6,838,15,997.7,1126,15
317,2025-11-26 09:46:14+05:30,997.1,4,991.07,1305702,359071.0,319650.0,986.2,998.8,981.3,986.2,119113500,1084.8,887.6,1102.5,649.1,997.0,1310,4,996.9,4205,10,996.8,3126,11,996.7,2253,14,996.6,3150,14,997.1,826,1,997.2,500,1,997.4,113,4,997.5,932,12,997.6,838,15
317,2025-11-26 09:46:15+05:30,997.1,4,991.07,1305702,359071.0,319650.0,986.2,998.8,981.3,986.2,119113500,1084.8,887.6,1102.5,649.1,997.0,1310,4,996.9,4205,10,996.8,3126,11,996.7,2253,14,996.6,3150,14,997.1,826,1,997.2,500,1,997.4,113,4,997.5,932,12,997.6,838,15
317,2025-11-26 09:46:15+05:30,996.8,39,991.11,1315563,343811.0,325954.0,986.2,998.8,981.3,986.2,119113500,1084.8,887.6,1102.5,649.1,996.5,42,1,996.4,1500,2,996.2,628,6,996.1,1325,9,996.0,7420,24,996.8,34,1,996.9,732,7,997.0,965,9,997.1,1713,14,997.2,2646,15
317,2025-11-26 09:46:16+05:30,996.5,179,991.11,1315563,343811.0,325954.0,986.2,998.8,981.3,986.2,119113500,1084.8,887.6,1102.5,649.1,996.5,42,1,996.4,1500,2,996.2,628,6,996.1,1325,9,996.0,7420,24,996.8,34,1,996.9,732,7,997.0,965,9,997.1,1713,14,997.2,2646,15
317,2025-11-26 09:46:17+05:30,996.2,2,991.13,1319288,343087.0,332376.0,986.2,998.8,981.3,986.2,119113500,1084.8,887.6,1102.5,649.1,996.0,2930,6,995.9,1500,2,995.8,562,2,995.7,1446,9,995.6,2352,10,996.2,19,1,996.4,507,5,996.5,416,6,996.6,772,8,996.7,1336,14
317,2025-11-26 09:46:17+05:30,996.2,2,991.13,1319288,343087.0,332376.0,986.2,998.8,981.3,986.2,119113500,1084.8,887.6,1102.5,649.1,996.0,2930,6,995.9,1500,2,995.8,562,2,995.7,1446,9,995.6,2352,10,996.2,19,1,996.4,507,5,996.5,416,6,996.6,772,8,996.7,1336,14
317,2025-11-26 09:46:18+05:30,996.4,30,991.13,1319465,347447.0,326925.0,986.2,998.8,981.3,986.2,119113500,1084.8,887.6,1102.5,649.1,996.1,1788,4,996.0,4709,11,995.9,2095,9,995.8,1521,8,995.7,3638,19,996.6,264,2,996.7,239,2,996.8,677,11,996.9,1127,10,997.0,2500,13
317,2025-11-26 09:46:18+05:30,996.1,407,991.13,1319465,347447.0,326925.0,986.2,998.8,981.3,986.2,119113500,1084.8,887.6,1102.5,649.1,996.1,1788,4,996.0,4709,11,995.9,2095,9,995.8,1521,8,995.7,3638,19,996.6,264,2,996.7,239,2,996.8,677,11,996.9,1127,10,997.0,2500,13
317,2025-11-26 09:46:19+05:30,996.1,97,991.13,1320600,345659.0,329041.0,986.2,998.8,981.3,986.2,119113500,1084.8,887.6,1102.5,649.1,996.0,3050,8,995.9,1669,6,995.8,3546,10,995.7,2251,13,995.6,3246,17,996.5,284,3,996.6,1020,10,996.7,550,7,996.8,731,9,996.9,1803,17
317,2025-11-26 09:46:19+05:30,996.5,1,991.13,1320600,345659.0,329041.0,986.2,998.8,981.3,986.2,119113500,1084.8,887.6,1102.5,649.1,996.0,3050,8,995.9,1669,6,995.8,3546,10,995.7,2251,13,995.6,3246,17,996.5,284,3,996.6,1020,10,996.7,550,7,996.8,731,9,996.9,1803,17
317,2025-11-26 09:46:20+05:30,996.0,10,991.14,1322036,343974.0,331942.0,986.2,998.8,981.3,986.2,119113500,1084.8,887.6,1102.5,649.1,996.0,1650,9,995.9,1403,2,995.8,109,1,995.7,4047,11,995.6,2522,15,996.4,855,8,996.5,1218,10,996.6,1179,14,996.7,1030,9,996.8,2193,14
317,2025-11-26 09:46:20+05:30,996.0,10,991.14,1322036,343974.0,331942.0,986.2,998.8,981.3,986.2,119113500,1084.8,887.6,1102.5,649.1,996.0,1650,9,995.9,1403,2,995.8,109,1,995.7,4047,11,995.6,2522,15,996.4,855,8,996.5,1218,10,996.6,1179,14,996.7,1030,9,996.8,2193,14
317,2025-11-26 09:46:21+05:30,996.4,278,991.15,1324843,353516.0,322676.0,986.2,998.8,981.3,986.2,119113500,1084.8,887.6,1102.5,649.1,996.4,1115,3,996.3,1575,3,996.2,4185,9,996.1,2035,8,996.0,4772,19,996.5,25,1,996.6,10,2,996.7,12,1,996.8,183,3,996.9,811,4
317,2025-11-26 09:46:21+05:30,996.4,278,991.15,1324843,353516.0,322676.0,986.2,998.8,981.3,986.2,119113500,1084.8,887.6,1102.5,649.1,996.4,1115,3,996.3,1575,3,996.2,4185,9,996.1,2035,8,996.0,4772,19,996.5,25,1,996.6,10,2,996.7,12,1,996.8,183,3,996.9,811,4
317,2025-11-26 09:46:22+05:30,996.4,359,991.15,1324843,353516.0,322676.0,986.2,998.8,981.3,986.2,119113500,1084.8,887.6,1102.5,649.1,996.4,1115,3,996.3,1575,3,996.2,4185,9,996.1,2035,8,996.0,4772,19,996.5,25,1,996.6,10,2,996.7,12,1,996.8,183,3,996.9,811,4
317,2025-11-26 09:46:22+05:30,996.4,359,991.15,1325461,351733.0,323252.0,986.2,998.8,981.3,986.2,119113500,1084.8,887.6,1102.5,649.1,996.4,563,2,996.3,1575,3,996.2,527,3,996.1,4991,11,996.0,4373,19,996.6,1,1,996.7,12,1,996.8,109,3,996.9,861,6,997.0,2150,10
317,2025-11-26 09:46:23+05:30,996.4,143,991.15,1325461,351733.0,323252.0,986.2,998.8,981.3,986.2,119113500,1084.8,887.6,1102.5,649.1,996.4,563,2,996.3,1575,3,996.2,527,3,996.1,4991,11,996.0,4373,19,996.6,1,1,996.7,12,1,996.8,109,3,996.9,861,6,997.0,2150,10
317,2025-11-26 09:46:23+05:30,996.4,143,991.15,1325604,350610.0,323967.0,986.2,998.8,981.3,986.2,119113500,1084.8,887.6,1102.5,649.1,996.4,281,3,996.3,1747,4,996.2,107,1,996.1,4271,10,996.0,4360,18,996.6,1,1,996.7,144,2,996.8,416,5,996.9,940,7,997.0,2229,11
317,2025-11-26 09:46:24+05:30,996.4,100,991.15,1325604,350610.0,323967.0,986.2,998.8,981.3,986.2,119113500,1084.8,887.6,1102.5,649.1,996.4,281,3,996.3,1747,4,996.2,107,1,996.1,4271,10,996.0,4360,18,996.6,1,1,996.7,144,2,996.8,416,5,996.9,940,7,997.0,2229,11
317,2025-11-26 09:46:24+05:30,996.4,100,991.15,1325704,350656.0,324536.0,986.2,998.8,981.3,986.2,119113500,1084.8,887.6,1102.5,649.1,996.4,201,5,996.3,1747,4,996.2,450,2,996.1,4271,10,996.0,4409,19,996.6,1,1,996.7,12,1,996.8,409,4,996.9,1140,8,997.0,2435,13
317,2025-11-26 09:46:25+05:30,996.4,1,991.15,1325704,350656.0,324536.0,986.2,998.8,981.3,986.2,119113500,1084.8,887.6,1102.5,649.1,996.4,201,5,996.3,1747,4,996.2,450,2,996.1,4271,10,996.0,4409,19,996.6,1,1,996.7,12,1,996.8,409,4,996.9,1140,8,997.0,2435,13
317,2025-11-26 09:46:25+05:30,996.8,38,991.15,1325955,348829.0,325390.0,986.2,998.8,981.3,986.2,119113500,1084.8,887.6,1102.5,649.1,996.4,200,5,996.3,1403,2,996.2,279,2,996.1,3627,10,996.0,4632,22,996.8,619,7,996.9,1455,10,997.0,2618,15,997.1,2144,13,997.2,1984,15
317,2025-11-26 09:46:26+05:30,996.4,143,991.15,1325955,348829.0,325390.0,986.2,998.8,981.3,986.2,119113500,1084.8,887.6,1102.5,649.1,996.4,200,5,996.3,1403,2,996.2,279,2,996.1,3627,10,996.0,4632,22,996.8,619,7,996.9,1455,10,997.0,2618,15,997.1,2144,13,997.2,1984,15
317,2025-11-26 09:46:26+05:30,996.4,143,991.15,1326098,349423.0,325399.0,986.2,998.8,981.3,986.2,119113500,1084.8,887.6,1102.5,649.1,996.4,57,5,996.3,1403,2,996.2,792,3,996.1,3627,10,996.0,4460,21,996.7,24,1,996.8,419,6,996.9,1554,9,997.0,2790,16,997.1,2199,14
317,2025-11-26 09:46:27+05:30,996.4,143,991.15,1326098,348643.0,326062.0,986.2,998.8,981.3,986.2,119113500,1084.8,887.6,1102.5,649.1,996.4,157,6,996.3,1403,2,996.2,513,2,996.1,3799,11,996.0,4460,21,996.8,670,9,996.9,1728,11,997.0,2618,15,997.1,2199,14,997.2,1984,15
317,2025-11-26 09:46:28+05:30,996.4,143,991.15,1326098,349901.0,327285.0,986.2,998.8,981.3,986.2,119113500,1084.8,887.6,1102.5,649.1,996.4,157,6,996.3,1575,3,996.2,601,3,996.1,2771,8,996.0,5210,22,996.5,1,1,996.7,252,2,996.8,575,7,996.9,1588,11,997.0,2730,17
317,2025-11-26 09:46:29+05:30,996.5,1,991.15,1326098,349901.0,327285.0,986.2,998.8,981.3,986.2,119113500,1084.8,887.6,1102.5,649.1,996.4,157,6,996.3,1575,3,996.2,601,3,996.1,2771,8,996.0,5210,22,996.5,1,1,996.7,252,2,996.8,575,7,996.9,1588,11,997.0,2730,17
317,2025-11-26 09:46:29+05:30,996.5,1,991.15,1326109,350142.0,325938.0,986.2,998.8,981.3,986.2,119113500,1084.8,887.6,1102.5,649.1,996.4,127,4,996.3,1435,3,996.2,451,3,996.1,3521,9,996.0,5140,21,996.7,191,3,996.8,1151,9,996.9,730,10,997.0,2698,16,997.1,1825,12
317,2025-11-26 09:46:30+05:30,996.5,1,991.15,1326109,350138.0,325893.0,986.2,998.8,981.3,986.2,119113500,1084.8,887.6,1102.5,649.1,996.4,402,7,996.3,2001,6,996.2,349,2,996.1,2771,8,996.0,5155,22,996.7,120,2,996.8,1181,8,996.9,717,9,997.0,2674,15,997.1,2306,13
317,2025-11-26 09:46:32+05:30,996.3,242,991.16,1326932,343040.0,330594.0,986.2,998.8,981.3,986.2,119113500,1084.8,887.6,1102.5,649.1,996.2,242,1,996.1,250,1,996.0,1642,10,995.9,1510,3,995.8,111,2,996.5,663,7,996.6,752,10,996.7,1100,9,996.8,1885,19,996.9,1525,14
317,2025-11-26 09:46:32+05:30,996.2,143,991.16,1326932,343040.0,330594.0,986.2,998.8,981.3,986.2,119113500,1084.8,887.6,1102.5,649.1,996.2,242,1,996.1,250,1,996.0,1642,10,995.9,1510,3,995.8,111,2,996.5,663,7,996.6,752,10,996.7,1100,9,996.8,1885,19,996.9,1525,14
317,2025-11-26 09:46:33+05:30,996.4,38,991.16,1327244,341980.0,330895.0,986.2,998.8,981.3,986.2,119113500,1084.8,887.6,1102.5,649.1,996.1,250,1,996.0,1642,10,995.8,109,1,995.7,2401,8,995.6,4348,11,996.4,474,6,996.5,1439,11,996.6,890,11,996.7,790,10,996.8,2492,23
317,2025-11-26 09:46:33+05:30,996.4,38,991.16,1327244,341980.0,330895.0,986.2,998.8,981.3,986.2,119113500,1084.8,887.6,1102.5,649.1,996.1,250,1,996.0,1642,10,995.8,109,1,995.7,2401,8,995.6,4348,11,996.4,474,6,996.5,1439,11,996.6,890,11,996.7,790,10,996.8,2492,23
317,2025-11-26 09:46:34+05:30,996.4,19,991.16,1327274,342540.0,330793.0,986.2,998.8,981.3,986.2,119113500,1084.8,887.6,1102.5,649.1,996.1,250,1,996.0,1642,10,995.8,216,2,995.7,3151,9,995.6,3626,11,996.4,223,3,996.5,1018,11,996.6,778,11,996.7,790,10,996.8,2479,22
317,2025-11-26 09:46:34+05:30,996.4,19,991.16,1327274,342540.0,330793.0,986.2,998.8,981.3,986.2,119113500,1084.8,887.6,1102.5,649.1,996.1,250,1,996.0,1642,10,995.8,216,2,995.7,3151,9,995.6,3626,11,996.4,223,3,996.5,1018,11,996.6,778,11,996.7,790,10,996.8,2479,22
317,2025-11-26 09:46:35+05:30,996.1,4,991.16,1327281,340027.0,330742.0,986.2,998.8,981.3,986.2,119113500,1084.8,887.6,1102.5,649.1,996.1,246,1,996.0,1642,10,995.9,216,3,995.8,1531,6,995.7,4730,12,996.4,82,2,996.5,745,8,996.6,881,10,996.7,1086,9,996.8,1769,19
317,2025-11-26 09:46:35+05:30,996.1,4,991.16,1327281,340027.0,330742.0,986.2,998.8,981.3,986.2,119113500,1084.8,887.6,1102.5,649.1,996.1,246,1,996.0,1642,10,995.9,216,3,995.8,1531,6,995.7,4730,12,996.4,82,2,996.5,745,8,996.6,881,10,996.7,1086,9,996.8,1769,19
317,2025-11-26 09:46:36+05:30,996.1,8,991.16,1327289,344122.0,330750.0,986.2,998.8,981.3,986.2,119113500,1084.8,887.6,1102.5,649.1,996.1,238,1,996.0,1642,10,995.9,728,3,995.8,1047,5,995.7,4760,13,996.4,36,1,996.5,745,8,996.6,881,10,996.7,1086,9,996.8,1774,20
317,2025-11-26 09:46:36+05:30,996.1,8,991.16,1327289,344122.0,330750.0,986.2,998.8,981.3,986.2,119113500,1084.8,887.6,1102.5,649.1,996.1,238,1,996.0,1642,10,995.9,728,3,995.8,1047,5,995.7,4760,13,996.4,36,1,996.5,745,8,996.6,881,10,996.7,1086,9,996.8,1774,20
317,2025-11-26 09:46:37+05:30,996.4,2,991.16,1327289,344122.0,330750.0,986.2,998.8,981.3,986.2,119113500,1084.8,887.6,1102.5,649.1,996.1,238,1,996.0,1642,10,995.9,728,3,995.8,1047,5,995.7,4760,13,996.4,36,1,996.5,745,8,996.6,881,10,996.7,1086,9,996.8,1774,20
317,2025-11-26 09:46:37+05:30,996.4,2,991.16,1327321,347441.0,327055.0,986.2,998.8,981.3,986.2,119113500,1084.8,887.6,1102.5,649.1,996.2,2564,6,996.1,4275,13,996.0,2885,19,995.9,2894,9,995.8,1350,8,996.5,31,1,996.6,138,1,996.7,766,4,996.8,776,11,996.9,728,9
317,2025-11-26 09:46:38+05:30,996.8,7,991.16,1327321,347441.0,327055.0,986.2,998.8,981.3,986.2,119113500,1084.8,887.6,1102.5,649.1,996.2,2564,6,996.1,4275,13,996.0,2885,19,995.9,2894,9,995.8,1350,8,996.5,31,1,996.6,138,1,996.7,766,4,996.8,776,11,996.9,728,9
317,2025-11-26 09:46:38+05:30,996.3,22,991.16,1327843,339068.0,326664.0,986.2,998.8,981.3,986.2,119113500,1084.8,887.6,1102.5,649.1,996.3,728,1,996.2,3928,9,996.1,2347,14,996.0,2950,19,995.9,3181,11,996.8,920,7,996.9,794,14,997.0,2448,11,997.1,1800,14,997.2,2168,15
317,2025-11-26 09:46:39+05:30,996.3,2,991.16,1327843,339068.0,326664.0,986.2,998.8,981.3,986.2,119113500,1084.8,887.6,1102.5,649.1,996.3,728,1,996.2,3928,9,996.1,2347,14,996.0,2950,19,995.9,3181,11,996.8,920,7,996.9,794,14,997.0,2448,11,997.1,1800,14,997.2,2168,15
317,2025-11-26 09:46:39+05:30,996.8,10,991.16,1327998,339627.0,327749.0,986.2,998.8,981.3,986.2,119113500,1084.8,887.6,1102.5,649.1,996.3,583,1,996.2,4599,9,996.1,1610,14,996.0,3525,18,995.9,2431,10,996.8,1326,7,996.9,886,16,997.0,2542,13,997.1,1816,14,997.2,2235,17
317,2025-11-26 09:46:40+05:30,996.8,1,991.16,1327998,339627.0,327749.0,986.2,998.8,981.3,986.2,119113500,1084.8,887.6,1102.5,649.1,996.3,583,1,996.2,4599,9,996.1,1610,14,996.0,3525,18,995.9,2431,10,996.8,1326,7,996.9,886,16,997.0,2542,13,997.1,1816,14,997.2,2235,17
317,2025-11-26 09:46:40+05:30,996.8,1,991.16,1327999,340191.0,328811.0,986.2,998.8,981.3,986.2,119113500,1084.8,887.6,1102.5,649.1,996.3,583,1,996.2,4254,10,996.1,1593,13,996.0,4567,21,995.9,2431,10,996.4,35,1,996.7,579,1,996.8,982,9,996.9,724,15,997.0,2816,15
317,2025-11-26 09:46:41+05:30,996.4,5,991.16,1327999,340191.0,328811.0,986.2,998.8,981.3,986.2,119113500,1084.8,887.6,1102.5,649.1,996.3,583,1,996.2,4254,10,996.1,1593,13,996.0,4567,21,995.9,2431,10,996.4,35,1,996.7,579,1,996.8,982,9,996.9,724,15,997.0,2816,15
317,2025-11-26 09:46:41+05:30,996.4,5,991.16,1328029,341684.0,328258.0,986.2,998.8,981.3,986.2,119113500,1084.8,887.6,1102.5,649.1,996.3,962,4,996.2,5821,13,996.1,1481,9,996.0,4661,26,995.9,2257,10,996.4,5,1,996.7,252,2,996.8,1014,9,996.9,724,15,997.0,2600,14
317,2025-11-26 09:46:42+05:30,996.4,5,991.16,1328029,341800.0,328202.0,986.2,998.8,981.3,986.2,119113500,1084.8,887.6,1102.5,649.1,996.3,1140,6,996.2,5657,12,996.1,1530,10,996.0,4661,26,995.9,2257,10,996.4,5,1,996.7,202,1,996.8,1014,9,996.9,724,15,997.0,2600,14
317,2025-11-26 09:46:43+05:30,996.4,5,991.16,1328034,341032.0,327661.0,986.2,998.8,981.3,986.2,119113500,1084.8,887.6,1102.5,649.1,996.4,6,1,996.3,680,3,996.2,5374,10,996.1,1560,14,996.0,4120,22,996.7,889,5,996.8,891,11,996.9,734,16,997.0,2545,14,997.1,2290,15
317,2025-11-26 09:46:44+05:30,996.7,10,991.16,1328034,341032.0,327661.0,986.2,998.8,981.3,986.2,119113500,1084.8,887.6,1102.5,649.1,996.4,6,1,996.3,680,3,996.2,5374,10,996.1,1560,14,996.0,4120,22,996.7,889,5,996.8,891,11,996.9,734,16,997.0,2545,14,997.1,2290,15
317,2025-11-26 09:46:44+05:30,996.7,10,991.16,1328044,340200.0,328563.0,986.2,998.8,981.3,986.2,119113500,1084.8,887.6,1102.5,649.1,996.4,10,2,996.3,666,2,996.2,4622,8,996.1,1560,14,996.0,4130,23,996.7,1281,6,996.8,1031,13,996.9,734,16,997.0,2851,16,997.1,2354,16
317,2025-11-26 09:46:46+05:30,996.7,11,991.16,1328055,340341.0,329973.0,986.2,998.8,981.3,986.2,119113500,1084.8,887.6,1102.5,649.1,996.4,10,2,996.3,666,2,996.2,4624,9,996.1,1560,14,996.0,4124,22,996.7,1270,6,996.8,1031,13,996.9,734,16,997.0,2851,16,997.1,2354,16
317,2025-11-26 09:46:46+05:30,996.7,11,991.16,1328055,340341.0,329973.0,986.2,998.8,981.3,986.2,119113500,1084.8,887.6,1102.5,649.1,996.4,10,2,996.3,666,2,996.2,4624,9,996.1,1560,14,996.0,4124,22,996.7,1270,6,996.8,1031,13,996.9,734,16,997.0,2851,16,997.1,2354,16
317,2025-11-26 09:46:47+05:30,996.5,100,991.16,1328305,338849.0,329771.0,986.2,998.8,981.3,986.2,119113500,1084.8,887.6,1102.5,649.1,996.4,10,2,996.3,666,2,996.2,4624,9,996.1,1453,13,996.0,4173,23,996.7,1178,5,996.8,1059,14,996.9,734,16,997.0,2812,14,997.1,2255,16
317,2025-11-26 09:46:47+05:30,996.4,4,991.16,1328305,338849.0,329771.0,986.2,998.8,981.3,986.2,119113500,1084.8,887.6,1102.5,649.1,996.4,10,2,996.3,666,2,996.2,4624,9,996.1,1453,13,996.0,4173,23,996.7,1178,5,996.8,1059,14,996.9,734,16,997.0,2812,14,997.1,2255,16
317,2025-11-26 09:46:48+05:30,996.4,4,991.16,1328315,338762.0,330015.0,986.2,998.8,981.3,986.2,119113500,1084.8,887.6,1102.5,649.1,996.4,7,1,996.3,666,2,996.2,4624,9,996.1,1560,14,996.0,4173,23,996.7,1256,6,996.8,1059,14,996.9,734,16,997.0,2925,15,997.1,2255,16
317,2025-11-26 09:46:48+05:30,996.3,136,991.16,1328315,338762.0,330015.0,986.2,998.8,981.3,986.2,119113500,1084.8,887.6,1102.5,649.1,996.4,7,1,996.3,666,2,996.2,4624,9,996.1,1560,14,996.0,4173,23,996.7,1256,6,996.8,1059,14,996.9,734,16,997.0,2925,15,997.1,2255,16
317,2025-11-26 09:46:49+05:30,996.4,1,991.16,1328459,340289.0,329510.0,986.2,998.8,981.3,986.2,119113500,1084.8,887.6,1102.5,649.1,996.4,2052,5,996.3,3277,7,996.2,2061,9,996.1,2138,13,996.0,3805,20,996.7,389,2,996.8,1354,11,996.9,734,16,997.0,3142,18,997.1,1862,16
317,2025-11-26 09:46:49+05:30,996.4,1,991.16,1328459,340289.0,329510.0,986.2,998.8,981.3,986.2,119113500,1084.8,887.6,1102.5,649.1,996.4,2052,5,996.3,3277,7,996.2,2061,9,996.1,2138,13,996.0,3805,20,996.7,389,2,996.8,1354,11,996.9,734,16,997.0,3142,18,997.1,1862,16
317,2025-11-26 09:46:50+05:30,996.7,28,991.16,1328487,339930.0,329478.0,986.2,998.8,981.3,986.2,119113500,1084.8,887.6,1102.5,649.1,996.4,2052,5,996.3,3326,7,996.2,1950,7,996.1,2458,11,996.0,4019,21,996.7,432,3,996.8,1247,10,996.9,645,14,997.0,3142,18,997.1,1862,16
317,2025-11-26 09:46:50+05:30,996.7,28,991.16,1328487,339930.0,329478.0,986.2,998.8,981.3,986.2,119113500,1084.8,887.6,1102.5,649.1,996.4,2052,5,996.3,3326,7,996.2,1950,7,996.1,2458,11,996.0,4019,21,996.7,432,3,996.8,1247,10,996.9,645,14,997.0,3142,18,997.1,1862,16
317,2025-11-26 09:46:51+05:30,996.7,100,991.16,1328487,339930.0,329478.0,986.2,998.8,981.3,986.2,119113500,1084.8,887.6,1102.5,649.1,996.4,2052,5,996.3,3326,7,996.2,1950,7,996.1,2458,11,996.0,4019,21,996.7,432,3,996.8,1247,10,996.9,645,14,997.0,3142,18,997.1,1862,16
317,2025-11-26 09:46:51+05:30,996.7,100,991.16,1328587,339433.0,329496.0,986.2,998.8,981.3,986.2,119113500,1084.8,887.6,1102.5,649.1,996.4,1656,5,996.3,757,4,996.2,3450,9,996.1,2414,17,996.0,4168,22,996.7,332,3,996.8,1247,10,996.9,650,15,997.0,3127,18,997.1,2362,17
317,2025-11-26 09:46:52+05:30,996.7,1,991.16,1328587,339433.0,329496.0,986.2,998.8,981.3,986.2,119113500,1084.8,887.6,1102.5,649.1,996.4,1656,5,996.3,757,4,996.2,3450,9,996.1,2414,17,996.0,4168,22,996.7,332,3,996.8,1247,10,996.9,650,15,997.0,3127,18,997.1,2362,17
317,2025-11-26 09:46:52+05:30,996.7,1,991.16,1328677,339464.0,329495.0,986.2,998.8,981.3,986.2,119113500,1084.8,887.6,1102.5,649.1,996.4,1567,5,996.3,529,2,996.2,3599,10,996.1,2414,17,996.0,4168,22,996.7,331,3,996.8,1326,11,996.9,729,16,997.0,3127,18,997.1,2362,17
317,2025-11-26 09:46:53+05:30,996.7,25,991.16,1328677,339464.0,329495.0,986.2,998.8,981.3,986.2,119113500,1084.8,887.6,1102.5,649.1,996.4,1567,5,996.3,529,2,996.2,3599,10,996.1,2414,17,996.0,4168,22,996.7,331,3,996.8,1326,11,996.9,729,16,997.0,3127,18,997.1,2362,17
317,2025-11-26 09:46:53+05:30,996.7,25,991.16,1328708,339440.0,329475.0,986.2,998.8,981.3,986.2,119113500,1084.8,887.6,1102.5,649.1,996.4,1567,5,996.3,636,3,996.2,3599,10,996.1,2414,17,996.0,4168,22,996.7,300,3,996.8,1247,10,996.9,650,15,997.0,3127,18,997.1,2362,17
317,2025-11-26 09:46:54+05:30,996.7,3,991.16,1328708,339440.0,329475.0,986.2,998.8,981.3,986.2,119113500,1084.8,887.6,1102.5,649.1,996.4,1567,5,996.3,636,3,996.2,3599,10,996.1,2414,17,996.0,4168,22,996.7,300,3,996.8,1247,10,996.9,650,15,997.0,3127,18,997.1,2362,17
317,2025-11-26 09:46:54+05:30,996.4,100,991.16,1328826,339928.0,329670.0,986.2,998.8,981.3,986.2,119113500,1084.8,887.6,1102.5,649.1,996.4,1748,7,996.3,1006,6,996.2,3524,11,996.1,2539,18,996.0,4019,21,996.7,211,2,996.8,332,6,996.9,1073,6,997.0,2887,16,997.1,1898,21
317,2025-11-26 09:46:55+05:30,996.7,9,991.16,1328826,339928.0,329670.0,986.2,998.8,981.3,986.2,119113500,1084.8,887.6,1102.5,649.1,996.4,1748,7,996.3,1006,6,996.2,3524,11,996.1,2539,18,996.0,4019,21,996.7,211,2,996.8,332,6,996.9,1073,6,997.0,2887,16,997.1,1898,21
317,2025-11-26 09:46:55+05:30,996.7,9,991.16,1328835,340083.0,329850.0,986.2,998.8,981.3,986.2,119113500,1084.8,887.6,1102.5,649.1,996.4,1467,5,996.3,1106,6,996.2,3524,11,996.1,2539,18,996.0,4019,21,996.7,202,2,996.8,332,6,996.9,1122,7,997.0,2976,18,997.1,1898,21
317,2025-11-26 09:46:56+05:30,996.7,9,991.16,1328835,340170.0,329742.0,986.2,998.8,981.3,986.2,119113500,1084.8,887.6,1102.5,649.1,996.4,1765,7,996.3,995,7,996.2,3524,11,996.1,2539,18,996.0,4019,21,996.7,202,2,996.8,252,4,996.9,1132,8,997.0,2863,17,997.1,1898,21
317,2025-11-26 09:46:57+05:30,996.7,9,991.16,1328835,340450.0,329742.0,986.2,998.8,981.3,986.2,119113500,1084.8,887.6,1102.5,649.1,996.4,1469,6,996.3,1186,8,996.2,3524,11,996.1,2799,20,996.0,4024,22,996.7,202,2,996.8,252,4,996.9,1132,8,997.0,2863,17,997.1,1898,21
317,2025-11-26 09:46:58+05:30,996.7,44,991.16,1328835,340450.0,329742.0,986.2,998.8,981.3,986.2,119113500,1084.8,887.6,1102.5,649.1,996.4,1469,6,996.3,1186,8,996.2,3524,11,996.1,2799,20,996.0,4024,22,996.7,202,2,996.8,252,4,996.9,1132,8,997.0,2863,17,997.1,1898,21
317,2025-11-26 09:46:58+05:30,996.7,44,991.16,1328928,340677.0,329055.0,986.2,998.8,981.3,986.2,119113500,1084.8,887.6,1102.5,649.1,996.4,1746,9,996.3,1334,9,996.2,3725,12,996.1,2909,21,996.0,4024,22,996.7,109,2,996.8,252,4,996.9,489,5,997.0,2784,16,997.1,1898,21
317,2025-11-26 09:46:59+05:30,996.7,2,991.16,1328928,340677.0,329055.0,986.2,998.8,981.3,986.2,119113500,1084.8,887.6,1102.5,649.1,996.4,1746,9,996.3,1334,9,996.2,3725,12,996.1,2909,21,996.0,4024,22,996.7,109,2,996.8,252,4,996.9,489,5,997.0,2784,16,997.1,1898,21
317,2025-11-26 09:47:00+05:30,996.7,2,991.16,1328930,341213.0,328778.0,986.2,998.8,981.3,986.2,119113500,1084.8,887.6,1102.5,649.1,996.4,1746,9,996.3,1334,9,996.2,3725,12,996.1,2909,21,996.0,4024,22,996.7,107,2,996.8,252,4,996.9,489,5,997.0,2784,16,997.1,1873,20
317,2025-11-26 09:47:01+05:30,996.7,2,991.16,1328930,341213.0,329003.0,986.2,998.8,981.3,986.2,119113500,1084.8,887.6,1102.5,649.1,996.4,1746,9,996.3,1334,9,996.2,3725,12,996.1,2909,21,996.0,4024,22,996.7,107,2,996.8,252,4,996.9,489,5,997.0,2784,16,997.1,1873,20
317,2025-11-26 09:47:02+05:30,996.4,12,991.16,1328952,343167.0,328525.0,986.2,998.8,981.3,986.2,119113500,1084.8,887.6,1102.5,649.1,996.4,2435,12,996.3,5053,13,996.2,1501,11,996.1,3633,20,996.0,4053,23,996.7,97,2,996.8,136,2,996.9,182,3,997.0,2499,11,997.1,1692,11
317,2025-11-26 09:47:02+05:30,996.4,12,991.16,1328952,343167.0,328525.0,986.2,998.8,981.3,986.2,119113500,1084.8,887.6,1102.5,649.1,996.4,2435,12,996.3,5053,13,996.2,1501,11,996.1,3633,20,996.0,4053,23,996.7,97,2,996.8,136,2,996.9,182,3,997.0,2499,11,997.1,1692,11
317,2025-11-26 09:47:03+05:30,996.7,43,991.16,1328995,344807.0,328368.0,986.2,998.8,981.3,986.2,119113500,1084.8,887.6,1102.5,649.1,996.5,846,5,996.4,3496,14,996.3,3770,15,996.2,2225,10,996.1,3633,20,996.7,54,2,996.8,136,2,996.9,87,2,997.0,2404,10,997.1,1692,11
317,2025-11-26 09:47:03+05:30,996.7,43,991.16,1328995,344807.0,328368.0,986.2,998.8,981.3,986.2,119113500,1084.8,887.6,1102.5,649.1,996.5,846,5,996.4,3496,14,996.3,3770,15,996.2,2225,10,996.1,3633,20,996.7,54,2,996.8,136,2,996.9,87,2,997.0,2404,10,997.1,1692,11
317,2025-11-26 09:47:04+05:30,996.5,143,991.16,1328995,344807.0,328368.0,986.2,998.8,981.3,986.2,119113500,1084.8,887.6,1102.5,649.1,996.5,846,5,996.4,3496,14,996.3,3770,15,996.2,2225,10,996.1,3633,20,996.7,54,2,996.8,136,2,996.9,87,2,997.0,2404,10,997.1,1692,11
317,2025-11-26 09:47:04+05:30,996.5,143,991.16,1329183,344680.0,328706.0,986.2,998.8,981.3,986.2,119113500,1084.8,887.6,1102.5,649.1,996.5,626,5,996.4,5595,15,996.3,1318,10,996.2,2975,11,996.1,2883,19,996.7,378,3,996.8,136,2,996.9,182,3,997.0,2479,10,997.1,1662,13
317,2025-11-26 09:47:05+05:30,996.7,25,991.16,1329183,344680.0,328706.0,986.2,998.8,981.3,986.2,119113500,1084.8,887.6,1102.5,649.1,996.5,626,5,996.4,5595,15,996.3,1318,10,996.2,2975,11,996.1,2883,19,996.7,378,3,996.8,136,2,996.9,182,3,997.0,2479,10,997.1,1662,13
317,2025-11-26 09:47:05+05:30,996.7,25,991.16,1329227,341611.0,328132.0,986.2,998.8,981.3,986.2,119113500,1084.8,887.6,1102.5,649.1,996.5,28,2,996.4,4138,10,996.3,3572,11,996.2,846,9,996.1,3554,15,996.7,372,3,996.8,136,2,996.9,184,4,997.0,2479,10,997.1,1692,13
317,2025-11-26 09:47:06+05:30,996.7,30,991.16,1329227,341611.0,328132.0,986.2,998.8,981.3,986.2,119113500,1084.8,887.6,1102.5,649.1,996.5,28,2,996.4,4138,10,996.3,3572,11,996.2,846,9,996.1,3554,15,996.7,372,3,996.8,136,2,996.9,184,4,997.0,2479,10,997.1,1692,13
317,2025-11-26 09:47:06+05:30,996.7,30,991.16,1329257,345356.0,328144.0,986.2,998.8,981.3,986.2,119113500,1084.8,887.6,1102.5,649.1,996.6,1504,3,996.5,3164,7,996.4,3005,12,996.3,1305,9,996.2,2333,16,996.7,342,3,996.8,136,2,996.9,182,3,997.0,2479,10,997.1,1584,13
317,2025-11-26 09:47:07+05:30,996.7,30,991.16,1329257,345374.0,328887.0,986.2,998.8,981.3,986.2,119113500,1084.8,887.6,1102.5,649.1,996.6,1532,4,996.5,3136,5,996.4,3005,12,996.3,1318,10,996.2,2333,16,996.7,642,5,996.8,136,2,996.9,312,3,997.0,2688,13,997.1,1590,14
317,2025-11-26 09:47:08+05:30,996.7,87,991.16,1329257,345374.0,328887.0,986.2,998.8,981.3,986.2,119113500,1084.8,887.6,1102.5,649.1,996.6,1532,4,996.5,3136,5,996.4,3005,12,996.3,1318,10,996.2,2333,16,996.7,642,5,996.8,136,2,996.9,312,3,997.0,2688,13,997.1,1590,14
317,2025-11-26 09:47:08+05:30,996.7,87,991.16,1329344,345132.0,328835.0,986.2,998.8,981.3,986.2,119113500,1084.8,887.6,1102.5,649.1,996.6,1532,4,996.5,3829,6,996.4,2539,13,996.3,3016,13,996.2,2333,16,996.7,567,6,996.8,136,2,996.9,217,2,997.0,2570,12,997.1,1590,14
317,2025-11-26 09:47:09+05:30,996.7,3,991.16,1329344,345132.0,328835.0,986.2,998.8,981.3,986.2,119113500,1084.8,887.6,1102.5,649.1,996.6,1532,4,996.5,3829,6,996.4,2539,13,996.3,3016,13,996.2,2333,16,996.7,567,6,996.8,136,2,996.9,217,2,997.0,2570,12,997.1,1590,14
317,2025-11-26 09:47:09+05:30,996.4,85,991.17,1330964,342075.0,329540.0,986.2,998.8,981.3,986.2,119113500,1084.8,887.6,1102.5,649.1,996.4,2418,7,996.3,4246,9,996.2,1437,12,996.1,3645,19,996.0,4022,21,996.7,560,6,996.8,418,6,996.9,511,6,997.0,2882,17,997.1,1671,13
317,2025-11-26 09:47:10+05:30,996.7,175,991.17,1330964,342075.0,329540.0,986.2,998.8,981.3,986.2,119113500,1084.8,887.6,1102.5,649.1,996.4,2418,7,996.3,4246,9,996.2,1437,12,996.1,3645,19,996.0,4022,21,996.7,560,6,996.8,418,6,996.9,511,6,997.0,2882,17,997.1,1671,13
317,2025-11-26 09:47:10+05:30,996.4,11,991.17,1331420,342191.0,328768.0,986.2,998.8,981.3,986.2,119113500,1084.8,887.6,1102.5,649.1,996.4,2137,4,996.3,4081,8,996.2,1236,11,996.1,3645,19,996.0,4043,22,996.7,377,6,996.8,373,5,996.9,511,6,997.0,2912,19,997.1,1671,13
317,2025-11-26 09:47:11+05:30,996.4,135,991.17,1331420,342191.0,328768.0,986.2,998.8,981.3,986.2,119113500,1084.8,887.6,1102.5,649.1,996.4,2137,4,996.3,4081,8,996.2,1236,11,996.1,3645,19,996.0,4043,22,996.7,377,6,996.8,373,5,996.9,511,6,997.0,2912,19,997.1,1671,13
317,2025-11-26 09:47:11+05:30,996.4,106,991.17,1331661,342125.0,329325.0,986.2,998.8,981.3,986.2,119113500,1084.8,887.6,1102.5,649.1,996.4,1896,4,996.3,4108,8,996.2,1236,11,996.1,3645,19,996.0,4022,21,996.7,377,6,996.8,394,6,996.9,511,6,997.0,2891,18,997.1,1671,13
317,2025-11-26 09:47:12+05:30,996.7,1,991.17,1331661,342125.0,329325.0,986.2,998.8,981.3,986.2,119113500,1084.8,887.6,1102.5,649.1,996.4,1896,4,996.3,4108,8,996.2,1236,11,996.1,3645,19,996.0,4022,21,996.7,377,6,996.8,394,6,996.9,511,6,997.0,2891,18,997.1,1671,13
317,2025-11-26 09:47:12+05:30,996.7,5,991.18,1332422,343310.0,327888.0,986.2,998.8,981.3,986.2,119113500,1084.8,887.6,1102.5,649.1,996.4,3106,9,996.3,4584,13,996.2,1437,12,996.1,3666,20,996.0,4022,21,996.7,85,8,996.8,166,3,996.9,132,1,997.0,2559,12,997.1,1631,15
317,2025-11-26 09:47:13+05:30,996.8,81,991.18,1332422,343310.0,327888.0,986.2,998.8,981.3,986.2,119113500,1084.8,887.6,1102.5,649.1,996.4,3106,9,996.3,4584,13,996.2,1437,12,996.1,3666,20,996.0,4022,21,996.7,85,8,996.8,166,3,996.9,132,1,997.0,2559,12,997.1,1631,15
317,2025-11-26 09:47:13+05:30,996.8,100,991.18,1332918,343874.0,327750.0,986.2,998.8,981.3,986.2,119113500,1084.8,887.6,1102.5,649.1,996.5,250,2,996.4,2731,10,996.3,5327,15,996.2,1545,13,996.1,3643,18,996.8,88,1,996.9,329,3,997.0,2652,12,997.1,1455,9,997.2,1854,20
317,2025-11-26 09:47:14+05:30,996.4,68,991.18,1332918,343874.0,327750.0,986.2,998.8,981.3,986.2,119113500,1084.8,887.6,1102.5,649.1,996.5,250,2,996.4,2731,10,996.3,5327,15,996.2,1545,13,996.1,3643,18,996.8,88,1,996.9,329,3,997.0,2652,12,997.1,1455,9,997.2,1854,20
317,2025-11-26 09:47:14+05:30,996.4,68,991.18,1333068,342304.0,328076.0,986.2,998.8,981.3,986.2,119113500,1084.8,887.6,1102.5,649.1,996.4,2255,4,996.3,4697,14,996.2,1545,13,996.1,3643,18,996.0,4107,23,996.8,93,2,996.9,331,4,997.0,2875,15,997.1,1480,10,997.2,1883,21
317,2025-11-26 09:47:15+05:30,996.4,1,991.18,1333148,342271.0,327544.0,986.2,998.8,981.3,986.2,119113500,1084.8,887.6,1102.5,649.1,996.4,2533,7,996.3,4359,12,996.2,1545,13,996.1,3643,18,996.0,4107,23,996.8,93,2,996.9,273,4,997.0,2701,13,997.1,1633,11,997.2,1883,21
317,2025-11-26 09:47:16+05:30,996.4,30,991.18,1333148,342271.0,327544.0,986.2,998.8,981.3,986.2,119113500,1084.8,887.6,1102.5,649.1,996.4,2533,7,996.3,4359,12,996.2,1545,13,996.1,3643,18,996.0,4107,23,996.8,93,2,996.9,273,4,997.0,2701,13,997.1,1633,11,997.2,1883,21
317,2025-11-26 09:47:16+05:30,996.4,30,991.18,1333178,343715.0,327092.0,986.2,998.8,981.3,986.2,119113500,1084.8,887.6,1102.5,649.1,996.6,2072,3,996.5,4838,8,996.4,1040,7,996.3,2885,12,996.2,2316,15,996.8,93,2,996.9,250,2,997.0,2514,11,997.1,1402,8,997.2,790,16
317,2025-11-26 09:47:17+05:30,996.6,100,991.18,1333286,343716.0,326643.0,986.2,998.8,981.3,986.2,119113500,1084.8,887.6,1102.5,649.1,996.6,1972,3,996.5,4993,10,996.4,1040,7,996.3,3635,13,996.2,1566,14,996.8,85,2,997.0,1794,7,997.1,1402,8,997.2,933,18,997.3,2378,21
317,2025-11-26 09:47:18+05:30,996.6,100,991.18,1333286,343716.0,326643.0,986.2,998.8,981.3,986.2,119113500,1084.8,887.6,1102.5,649.1,996.6,1972,3,996.5,4993,10,996.4,1040,7,996.3,3635,13,996.2,1566,14,996.8,85,2,997.0,1794,7,997.1,1402,8,997.2,933,18,997.3,2378,21
317,2025-11-26 09:47:18+05:30,996.6,100,991.18,1333286,344286.0,326623.0,986.2,998.8,981.3,986.2,119113500,1084.8,887.6,1102.5,649.1,996.6,1985,4,996.5,4944,9,996.4,1313,9,996.3,3086,13,996.2,3066,16,996.8,85,2,997.0,1794,7,997.1,1451,9,997.2,859,17,997.3,2419,22
317,2025-11-26 09:47:19+05:30,996.8,25,991.18,1333286,344286.0,326623.0,986.2,998.8,981.3,986.2,119113500,1084.8,887.6,1102.5,649.1,996.6,1985,4,996.5,4944,9,996.4,1313,9,996.3,3086,13,996.2,3066,16,996.8,85,2,997.0,1794,7,997.1,1451,9,997.2,859,17,997.3,2419,22
317,2025-11-26 09:47:19+05:30,996.7,25,991.18,1333336,343663.0,326603.0,986.2,998.8,981.3,986.2,119113500,1084.8,887.6,1102.5,649.1,996.7,25,1,996.6,1985,4,996.5,4777,9,996.4,1484,11,996.3,3265,18,996.8,60,2,997.0,1794,7,997.1,1469,10,997.2,767,15,997.3,2419,22
317,2025-11-26 09:47:20+05:30,996.7,25,991.18,1333336,343663.0,326603.0,986.2,998.8,981.3,986.2,119113500,1084.8,887.6,1102.5,649.1,996.7,25,1,996.6,1985,4,996.5,4777,9,996.4,1484,11,996.3,3265,18,996.8,60,2,997.0,1794,7,997.1,1469,10,997.2,767,15,997.3,2419,22
317,2025-11-26 09:47:22+05:30,997.0,4,991.18,1333336,343663.0,326603.0,986.2,998.8,981.3,986.2,119113500,1084.8,887.6,1102.5,649.1,996.7,25,1,996.6,1985,4,996.5,4777,9,996.4,1484,11,996.3,3265,18,996.8,60,2,997.0,1794,7,997.1,1469,10,997.2,767,15,997.3,2419,22
317,2025-11-26 09:47:24+05:30,997.3,16,991.23,1344238,339651.0,319435.0,986.2,998.8,981.3,986.2,119113500,1084.8,887.6,1102.5,649.1,996.8,205,3,996.7,1871,6,996.6,3756,12,996.5,2435,9,996.4,2740,25,997.3,329,5,997.4,1275,10,997.5,903,13,997.6,648,11,997.7,1321,12
317,2025-11-26 09:47:25+05:30,996.6,55,991.23,1344238,339651.0,319435.0,986.2,998.8,981.3,986.2,119113500,1084.8,887.6,1102.5,649.1,996.8,205,3,996.7,1871,6,996.6,3756,12,996.5,2435,9,996.4,2740,25,997.3,329,5,997.4,1275,10,997.5,903,13,997.6,648,11,997.7,1321,12
317,2025-11-26 09:47:28+05:30,997.0,1,991.23,1344238,339651.0,319435.0,986.2,998.8,981.3,986.2,119113500,1084.8,887.6,1102.5,649.1,996.8,205,3,996.7,1871,6,996.6,3756,12,996.5,2435,9,996.4,2740,25,997.3,329,5,997.4,1275,10,997.5,903,13,997.6,648,11,997.7,1321,12
317,2025-11-26 09:47:30+05:30,997.0,10,991.24,1346973,342051.0,324403.0,986.2,998.8,981.3,986.2,119113500,1084.8,887.6,1102.5,649.1,996.7,1787,3,996.6,3750,5,996.5,1137,5,996.4,2206,14,996.3,3494,14,997.0,1622,4,997.1,382,4,997.2,691,10,997.3,651,8,997.4,863,19
317,2025-11-26 09:47:31+05:30,997.0,1,991.24,1346973,342051.0,324403.0,986.2,998.8,981.3,986.2,119113500,1084.8,887.6,1102.5,649.1,996.7,1787,3,996.6,3750,5,996.5,1137,5,996.4,2206,14,996.3,3494,14,997.0,1622,4,997.1,382,4,997.2,691,10,997.3,651,8,997.4,863,19
317,2025-11-26 09:47:34+05:30,997.0,10,991.24,1346973,342051.0,324403.0,986.2,998.8,981.3,986.2,119113500,1084.8,887.6,1102.5,649.1,996.7,1787,3,996.6,3750,5,996.5,1137,5,996.4,2206,14,996.3,3494,14,997.0,1622,4,997.1,382,4,997.2,691,10,997.3,651,8,997.4,863,19
317,2025-11-26 09:47:35+05:30,996.8,1,991.28,1356969,345482.0,328905.0,986.2,998.8,981.3,986.2,119113500,1084.8,887.6,1102.5,649.1,996.8,9,1,996.6,2152,3,996.5,2046,5,996.4,2186,13,996.3,2615,18,997.0,1771,4,997.1,703,6,997.2,891,13,997.3,796,14,997.4,1084,10
317,2025-11-26 09:47:37+05:30,997.0,5,991.28,1356969,345482.0,328905.0,986.2,998.8,981.3,986.2,119113500,1084.8,887.6,1102.5,649.1,996.8,9,1,996.6,2152,3,996.5,2046,5,996.4,2186,13,996.3,2615,18,997.0,1771,4,997.1,703,6,997.2,891,13,997.3,796,14,997.4,1084,10
317,2025-11-26 09:47:40+05:30,997.0,76,991.28,1356969,345482.0,328905.0,986.2,998.8,981.3,986.2,119113500,1084.8,887.6,1102.5,649.1,996.8,9,1,996.6,2152,3,996.5,2046,5,996.4,2186,13,996.3,2615,18,997.0,1771,4,997.1,703,6,997.2,891,13,997.3,796,14,997.4,1084,10
317,2025-11-26 09:47:41+05:30,997.0,49,991.29,1359359,348162.0,328359.0,986.2,998.8,981.3,986.2,119113500,1084.8,887.6,1102.5,649.1,996.6,2287,5,996.5,3382,9,996.4,2091,16,996.3,2422,13,996.2,2308,13,997.0,1436,4,997.1,334,4,997.2,843,12,997.3,703,16,997.4,1249,10
317,2025-11-26 09:47:43+05:30,996.8,101,991.29,1359359,348162.0,328359.0,986.2,998.8,981.3,986.2,119113500,1084.8,887.6,1102.5,649.1,996.6,2287,5,996.5,3382,9,996.4,2091,16,996.3,2422,13,996.2,2308,13,997.0,1436,4,997.1,334,4,997.2,843,12,997.3,703,16,997.4,1249,10
317,2025-11-26 09:47:46+05:30,997.0,1,991.29,1359359,348162.0,328359.0,986.2,998.8,981.3,986.2,119113500,1084.8,887.6,1102.5,649.1,996.6,2287,5,996.5,3382,9,996.4,2091,16,996.3,2422,13,996.2,2308,13,997.0,1436,4,997.1,334,4,997.2,843,12,997.3,703,16,997.4,1249,10
317,2025-11-26 09:47:47+05:30,997.0,90,991.3,1360235,348212.0,328466.0,986.2,998.8,981.3,986.2,119113500,1084.8,887.6,1102.5,649.1,996.6,1871,7,996.5,3317,9,996.4,2218,18,996.3,2444,14,996.2,3026,12,997.0,1327,6,997.1,344,5,997.2,779,13,997.3,814,19,997.4,1238,10
317,2025-11-26 09:47:49+05:30,996.6,51,991.3,1360235,348212.0,328466.0,986.2,998.8,981.3,986.2,119113500,1084.8,887.6,1102.5,649.1,996.6,1871,7,996.5,3317,9,996.4,2218,18,996.3,2444,14,996.2,3026,12,997.0,1327,6,997.1,344,5,997.2,779,13,997.3,814,19,997.4,1238,10
317,2025-11-26 09:47:53+05:30,996.9,37,991.33,1367785,344017.0,333681.0,986.2,998.8,981.3,986.2,119113500,1084.8,887.6,1102.5,649.1,996.4,910,9,996.3,2518,6,996.2,2588,7,996.1,2329,20,996.0,4796,26,996.8,164,2,996.9,804,10,997.0,2653,19,997.1,661,8,997.2,1439,13
317,2025-11-26 09:47:53+05:30,996.9,37,991.33,1367785,344017.0,333681.0,986.2,998.8,981.3,986.2,119113500,1084.8,887.6,1102.5,649.1,996.4,910,9,996.3,2518,6,996.2,2588,7,996.1,2329,20,996.0,4796,26,996.8,164,2,996.9,804,10,997.0,2653,19,997.1,661,8,997.2,1439,13
317,2025-11-26 09:47:57+05:30,996.8,90,991.33,1367785,344017.0,333681.0,986.2,998.8,981.3,986.2,119113500,1084.8,887.6,1102.5,649.1,996.4,910,9,996.3,2518,6,996.2,2588,7,996.1,2329,20,996.0,4796,26,996.8,164,2,996.9,804,10,997.0,2653,19,997.1,661,8,997.2,1439,13
317,2025-11-26 09:47:59+05:30,996.4,4,991.34,1370640,339317.0,337143.0,986.2,998.8,981.3,986.2,119113500,1084.8,887.6,1102.5,649.1,996.4,9,1,996.3,2131,3,996.2,3233,8,996.1,2071,18,996.0,4487,23,996.8,1240,9,996.9,1384,14,997.0,2748,21,997.1,724,10,997.2,2036,17
317,2025-11-26 09:48:00+05:30,996.3,560,991.34,1370640,339317.0,337143.0,986.2,998.8,981.3,986.2,119113500,1084.8,887.6,1102.5,649.1,996.4,9,1,996.3,2131,3,996.2,3233,8,996.1,2071,18,996.0,4487,23,996.8,1240,9,996.9,1384,14,997.0,2748,21,997.1,724,10,997.2,2036,17
317,2025-11-26 09:48:03+05:30,996.3,23,991.34,1370640,339317.0,337143.0,986.2,998.8,981.3,986.2,119113500,1084.8,887.6,1102.5,649.1,996.4,9,1,996.3,2131,3,996.2,3233,8,996.1,2071,18,996.0,4487,23,996.8,1240,9,996.9,1384,14,997.0,2748,21,997.1,724,10,997.2,2036,17
317,2025-11-26 09:48:05+05:30,996.4,1,991.34,1371406,340610.0,337587.0,986.2,998.8,981.3,986.2,119113500,1084.8,887.6,1102.5,649.1,996.3,2130,3,996.2,4727,10,996.1,1869,17,996.0,4773,25,995.9,3168,14,996.4,12,1,996.7,881,3,996.8,1125,7,996.9,1210,16,997.0,2919,19
317,2025-11-26 09:48:06+05:30,996.7,200,991.34,1371406,340610.0,337587.0,986.2,998.8,981.3,986.2,119113500,1084.8,887.6,1102.5,649.1,996.3,2130,3,996.2,4727,10,996.1,1869,17,996.0,4773,25,995.9,3168,14,996.4,12,1,996.7,881,3,996.8,1125,7,996.9,1210,16,997.0,2919,19
317,2025-11-26 09:48:09+05:30,996.3,30,991.34,1371406,340610.0,337587.0,986.2,998.8,981.3,986.2,119113500,1084.8,887.6,1102.5,649.1,996.3,2130,3,996.2,4727,10,996.1,1869,17,996.0,4773,25,995.9,3168,14,996.4,12,1,996.7,881,3,996.8,1125,7,996.9,1210,16,997.0,2919,19
317,2025-11-26 09:48:12+05:30,996.3,110,991.35,1374003,338859.0,334564.0,986.2,998.8,981.3,986.2,119113500,1084.8,887.6,1102.5,649.1,996.3,1854,4,996.2,4044,10,996.1,1983,18,996.0,4617,27,995.9,2391,11,996.8,195,3,996.9,1311,10,997.0,3022,14,997.1,869,12,997.2,1809,19
317,2025-11-26 09:48:12+05:30,996.3,85,991.35,1374003,338859.0,334564.0,986.2,998.8,981.3,986.2,119113500,1084.8,887.6,1102.5,649.1,996.3,1854,4,996.2,4044,10,996.1,1983,18,996.0,4617,27,995.9,2391,11,996.8,195,3,996.9,1311,10,997.0,3022,14,997.1,869,12,997.2,1809,19
317,2025-11-26 09:48:15+05:30,996.4,133,991.35,1374003,338859.0,334564.0,986.2,998.8,981.3,986.2,119113500,1084.8,887.6,1102.5,649.1,996.3,1854,4,996.2,4044,10,996.1,1983,18,996.0,4617,27,995.9,2391,11,996.8,195,3,996.9,1311,10,997.0,3022,14,997.1,869,12,997.2,1809,19
317,2025-11-26 09:48:18+05:30,996.4,70,991.35,1375027,340098.0,334792.0,986.2,998.8,981.3,986.2,119113500,1084.8,887.6,1102.5,649.1,996.4,1266,6,996.3,5022,15,996.2,1973,13,996.1,2654,14,996.0,5298,26,996.8,577,2,996.9,11,2,997.0,2694,11,997.1,869,12,997.2,2084,19
317,2025-11-26 09:48:18+05:30,996.4,70,991.35,1375027,340098.0,334792.0,986.2,998.8,981.3,986.2,119113500,1084.8,887.6,1102.5,649.1,996.4,1266,6,996.3,5022,15,996.2,1973,13,996.1,2654,14,996.0,5298,26,996.8,577,2,996.9,11,2,997.0,2694,11,997.1,869,12,997.2,2084,19
317,2025-11-26 09:48:19+05:30,996.8,640,991.36,1376086,341438.0,331365.0,986.2,998.8,981.3,986.2,119113500,1084.8,887.6,1102.5,649.1,996.6,265,1,996.5,2682,8,996.4,2212,12,996.3,2894,13,996.2,2324,15,996.8,248,1,996.9,8,1,997.0,2445,8,997.1,215,4,997.2,496,9
317,2025-11-26 09:48:20+05:30,996.5,142,991.36,1376086,341438.0,331365.0,986.2,998.8,981.3,986.2,119113500,1084.8,887.6,1102.5,649.1,996.6,265,1,996.5,2682,8,996.4,2212,12,996.3,2894,13,996.2,2324,15,996.8,248,1,996.9,8,1,997.0,2445,8,997.1,215,4,997.2,496,9
317,2025-11-26 09:48:20+05:30,996.5,142,991.36,1376228,342366.0,332009.0,986.2,998.8,981.3,986.2,119113500,1084.8,887.6,1102.5,649.1,996.6,29,2,996.5,1645,6,996.4,4157,11,996.3,2265,10,996.2,3100,18,996.8,266,3,996.9,8,1,997.0,2445,8,997.1,358,8,997.2,684,16
317,2025-11-26 09:48:21+05:30,996.8,100,991.36,1376228,342366.0,332009.0,986.2,998.8,981.3,986.2,119113500,1084.8,887.6,1102.5,649.1,996.6,29,2,996.5,1645,6,996.4,4157,11,996.3,2265,10,996.2,3100,18,996.8,266,3,996.9,8,1,997.0,2445,8,997.1,358,8,997.2,684,16
317,2025-11-26 09:48:22+05:30,996.8,100,991.36,1376408,343757.0,330792.0,986.2,998.8,981.3,986.2,119113500,1084.8,887.6,1102.5,649.1,996.7,1251,3,996.6,4212,11,996.5,1882,6,996.4,1175,9,996.3,3015,11,996.8,86,3,996.9,8,1,997.0,2445,8,997.1,272,5,997.2,499,14
317,2025-11-26 09:48:23+05:30,996.8,100,991.36,1376408,344118.0,331116.0,986.2,998.8,981.3,986.2,119113500,1084.8,887.6,1102.5,649.1,996.7,1264,4,996.6,5080,12,996.5,1332,6,996.4,2675,11,996.3,3045,12,996.8,91,4,996.9,414,2,997.0,2445,8,997.1,140,4,997.2,362,12
317,2025-11-26 09:48:23+05:30,996.9,56,991.36,1376408,344118.0,331116.0,986.2,998.8,981.3,986.2,119113500,1084.8,887.6,1102.5,649.1,996.7,1264,4,996.6,5080,12,996.5,1332,6,996.4,2675,11,996.3,3045,12,996.8,91,4,996.9,414,2,997.0,2445,8,997.1,140,4,997.2,362,12
317,2025-11-26 09:48:24+05:30,996.9,6,991.36,1376596,343797.0,330661.0,986.2,998.8,981.3,986.2,119113500,1084.8,887.6,1102.5,649.1,996.7,1276,5,996.6,4525,10,996.5,1604,7,996.4,3024,12,996.3,3095,13,996.9,352,2,997.0,2452,9,997.1,305,4,997.2,286,10,997.3,386,5
317,2025-11-26 09:48:25+05:30,996.7,10,991.36,1376606,343901.0,330715.0,986.2,998.8,981.3,986.2,119113500,1084.8,887.6,1102.5,649.1,996.7,1266,5,996.6,4525,10,996.5,1604,7,996.4,3024,12,996.3,3095,13,996.9,354,3,997.0,2480,10,997.1,303,3,997.2,335,11,997.3,387,6
317,2025-11-26 09:48:25+05:30,996.7,2,991.36,1376606,343901.0,330715.0,986.2,998.8,981.3,986.2,119113500,1084.8,887.6,1102.5,649.1,996.7,1266,5,996.6,4525,10,996.5,1604,7,996.4,3024,12,996.3,3095,13,996.9,354,3,997.0,2480,10,997.1,303,3,997.2,335,11,997.3,387,6
317,2025-11-26 09:48:26+05:30,997.0,618,991.37,1378248,344213.0,329705.0,986.2,998.8,981.3,986.2,119113500,1084.8,887.6,1102.5,649.1,996.7,1874,5,996.6,4368,8,996.5,1612,7,996.4,3128,18,996.3,3076,12,996.9,21,2,997.0,1870,10,997.1,49,1,997.2,570,10,997.3,677,8
317,2025-11-26 09:48:26+05:30,997.0,618,991.37,1378248,344213.0,329705.0,986.2,998.8,981.3,986.2,119113500,1084.8,887.6,1102.5,649.1,996.7,1874,5,996.6,4368,8,996.5,1612,7,996.4,3128,18,996.3,3076,12,996.9,21,2,997.0,1870,10,997.1,49,1,997.2,570,10,997.3,677,8
317,2025-11-26 09:48:27+05:30,997.0,618,991.37,1378248,344627.0,329808.0,986.2,998.8,981.3,986.2,119113500,1084.8,887.6,1102.5,649.1,996.7,1953,6,996.6,4887,11,996.5,1612,7,996.4,2848,17,996.3,3076,12,996.9,21,2,997.0,1870,10,997.1,6,1,997.2,339,7,997.3,707,10
317,2025-11-26 09:48:27+05:30,996.7,284,991.37,1378248,344627.0,329808.0,986.2,998.8,981.3,986.2,119113500,1084.8,887.6,1102.5,649.1,996.7,1953,6,996.6,4887,11,996.5,1612,7,996.4,2848,17,996.3,3076,12,996.9,21,2,997.0,1870,10,997.1,6,1,997.2,339,7,997.3,707,10
317,2025-11-26 09:48:28+05:30,996.7,78,991.37,1378674,344684.0,331916.0,986.2,998.8,981.3,986.2,119113500,1084.8,887.6,1102.5,649.1,996.7,2198,5,996.6,5171,12,996.5,1332,6,996.4,2817,15,996.3,3076,12,996.9,21,2,997.0,1870,10,997.1,6,1,997.2,339,7,997.3,707,10
317,2025-11-26 09:48:28+05:30,996.7,78,991.37,1378674,344684.0,331916.0,986.2,998.8,981.3,986.2,119113500,1084.8,887.6,1102.5,649.1,996.7,2198,5,996.6,5171,12,996.5,1332,6,996.4,2817,15,996.3,3076,12,996.9,21,2,997.0,1870,10,997.1,6,1,997.2,339,7,997.3,707,10
317,2025-11-26 09:48:29+05:30,996.7,78,991.37,1378674,344604.0,332006.0,986.2,998.8,981.3,986.2,119113500,1084.8,887.6,1102.5,649.1,996.7,2198,5,996.6,5171,12,996.5,1332,6,996.4,2817,15,996.3,3076,12,996.9,21,2,997.0,1870,10,997.1,6,1,997.2,339,7,997.3,707,10
317,2025-11-26 09:48:29+05:30,996.7,76,991.37,1378674,344604.0,332006.0,986.2,998.8,981.3,986.2,119113500,1084.8,887.6,1102.5,649.1,996.7,2198,5,996.6,5171,12,996.5,1332,6,996.4,2817,15,996.3,3076,12,996.9,21,2,997.0,1870,10,997.1,6,1,997.2,339,7,997.3,707,10
317,2025-11-26 09:48:30+05:30,996.7,76,991.37,1378750,344571.0,331957.0,986.2,998.8,981.3,986.2,119113500,1084.8,887.6,1102.5,649.1,996.7,2124,6,996.6,4887,11,996.5,1644,8,996.4,2830,16,996.3,3076,12,996.9,21,2,997.0,1870,10,997.1,6,1,997.2,290,6,997.3,707,10
317,2025-11-26 09:48:31+05:30,996.9,2,991.37,1378750,344571.0,331957.0,986.2,998.8,981.3,986.2,119113500,1084.8,887.6,1102.5,649.1,996.9,8,1,996.8,183,2,996.7,2296,7,996.6,4650,11,996.5,1536,7,997.0,1875,11,997.1,216,3,997.2,784,8,997.3,330,7,997.4,1075,18
317,2025-11-26 09:48:31+05:30,996.9,2,991.37,1378792,344425.0,332876.0,986.2,998.8,981.3,986.2,119113500,1084.8,887.6,1102.5,649.1,996.9,8,1,996.8,183,2,996.7,2296,7,996.6,4650,11,996.5,1536,7,997.0,1875,11,997.1,216,3,997.2,784,8,997.3,330,7,997.4,1075,18
317,2025-11-26 09:48:32+05:30,996.9,2,991.37,1378792,344315.0,333359.0,986.2,998.8,981.3,986.2,119113500,1084.8,887.6,1102.5,649.1,996.9,226,4,996.8,183,2,996.7,2270,5,996.6,4479,10,996.5,1242,6,997.0,1892,12,997.1,656,3,997.2,1117,10,997.3,330,7,997.4,795,17
317,2025-11-26 09:48:33+05:30,996.9,2,991.37,1378792,344318.0,333256.0,986.2,998.8,981.3,986.2,119113500,1084.8,887.6,1102.5,649.1,996.9,226,4,996.8,183,2,996.7,2370,6,996.6,4479,10,996.5,1242,6,997.0,1892,12,997.1,525,2,997.2,1146,11,997.3,329,6,997.4,795,17
317,2025-11-26 09:48:34+05:30,996.9,7,991.37,1378792,344318.0,333256.0,986.2,998.8,981.3,986.2,119113500,1084.8,887.6,1102.5,649.1,996.9,226,4,996.8,183,2,996.7,2370,6,996.6,4479,10,996.5,1242,6,997.0,1892,12,997.1,525,2,997.2,1146,11,997.3,329,6,997.4,795,17
317,2025-11-26 09:48:34+05:30,997.0,2,991.37,1378809,344317.0,333396.0,986.2,998.8,981.3,986.2,119113500,1084.8,887.6,1102.5,649.1,996.9,224,4,996.8,183,2,996.7,2370,6,996.6,4479,10,996.5,1242,6,997.0,1890,12,997.1,525,2,997.2,803,9,997.3,621,7,997.4,778,16
317,2025-11-26 09:48:35+05:30,997.0,750,991.37,1378809,344317.0,333396.0,986.2,998.8,981.3,986.2,119113500,1084.8,887.6,1102.5,649.1,996.9,224,4,996.8,183,2,996.7,2370,6,996.6,4479,10,996.5,1242,6,997.0,1890,12,997.1,525,2,997.2,803,9,997.3,621,7,997.4,778,16
317,2025-11-26 09:48:35+05:30,997.0,750,991.37,1379559,344454.0,332180.0,986.2,998.8,981.3,986.2,119113500,1084.8,887.6,1102.5,649.1,996.9,224,4,996.8,183,2,996.7,2567,9,996.6,4479,10,996.5,1242,6,997.0,1140,12,997.1,525,2,997.2,316,6,997.3,255,7,997.4,1017,14
317,2025-11-26 09:48:36+05:30,996.8,131,991.37,1379559,344454.0,332180.0,986.2,998.8,981.3,986.2,119113500,1084.8,887.6,1102.5,649.1,996.9,224,4,996.8,183,2,996.7,2567,9,996.6,4479,10,996.5,1242,6,997.0,1140,12,997.1,525,2,997.2,316,6,997.3,255,7,997.4,1017,14
317,2025-11-26 09:48:36+05:30,997.0,1,991.37,1380270,343588.0,333471.0,986.2,998.8,981.3,986.2,119113500,1084.8,887.6,1102.5,649.1,996.8,41,1,996.7,2380,7,996.6,4384,9,996.5,1397,5,996.4,2880,17,997.0,1785,13,997.1,115,3,997.2,1274,14,997.3,442,9,997.4,772,15
317,2025-11-26 09:48:37+05:30,996.7,101,991.37,1380270,343588.0,333471.0,986.2,998.8,981.3,986.2,119113500,1084.8,887.6,1102.5,649.1,996.8,41,1,996.7,2380,7,996.6,4384,9,996.5,1397,5,996.4,2880,17,997.0,1785,13,997.1,115,3,997.2,1274,14,997.3,442,9,997.4,772,15
317,2025-11-26 09:48:37+05:30,997.0,48,991.38,1380517,343671.0,334307.0,986.2,998.8,981.3,986.2,119113500,1084.8,887.6,1102.5,649.1,996.7,2279,7,996.6,4837,10,996.5,1100,5,996.4,2878,16,996.3,2326,11,997.0,2408,11,997.1,257,4,997.2,1227,12,997.3,1097,11,997.4,855,14
317,2025-11-26 09:48:38+05:30,996.7,134,991.38,1380517,343671.0,334307.0,986.2,998.8,981.3,986.2,119113500,1084.8,887.6,1102.5,649.1,996.7,2279,7,996.6,4837,10,996.5,1100,5,996.4,2878,16,996.3,2326,11,997.0,2408,11,997.1,257,4,997.2,1227,12,997.3,1097,11,997.4,855,14
317,2025-11-26 09:48:38+05:30,996.7,50,991.38,1381452,343972.0,331982.0,986.2,998.8,981.3,986.2,119113500,1084.8,887.6,1102.5,649.1,996.7,3595,9,996.6,4110,9,996.5,1612,7,996.4,2147,17,996.3,2326,11,997.0,1574,5,997.1,6,1,997.2,166,5,997.3,1009,11,997.4,1008,12
317,2025-11-26 09:48:39+05:30,997.0,154,991.38,1381452,343972.0,331982.0,986.2,998.8,981.3,986.2,119113500,1084.8,887.6,1102.5,649.1,996.7,3595,9,996.6,4110,9,996.5,1612,7,996.4,2147,17,996.3,2326,11,997.0,1574,5,997.1,6,1,997.2,166,5,997.3,1009,11,997.4,1008,12
317,2025-11-26 09:48:39+05:30,996.7,115,991.38,1381878,344335.0,332519.0,986.2,998.8,981.3,986.2,119113500,1084.8,887.6,1102.5,649.1,996.7,4005,10,996.6,4104,9,996.5,1614,7,996.4,2134,16,996.3,2326,11,997.0,1437,4,997.1,113,2,997.2,637,10,997.3,1033,11,997.4,1023,14
317,2025-11-26 09:48:40+05:30,996.7,115,991.38,1381878,344335.0,332519.0,986.2,998.8,981.3,986.2,119113500,1084.8,887.6,1102.5,649.1,996.7,4005,10,996.6,4104,9,996.5,1614,7,996.4,2134,16,996.3,2326,11,997.0,1437,4,997.1,113,2,997.2,637,10,997.3,1033,11,997.4,1023,14
317,2025-11-26 09:48:41+05:30,997.0,30,991.38,1381908,344373.0,332632.0,986.2,998.8,981.3,986.2,119113500,1084.8,887.6,1102.5,649.1,996.7,4005,10,996.6,4212,10,996.5,1614,7,996.4,2147,17,996.3,2296,10,997.0,1407,4,997.1,100,2,997.2,753,11,997.3,1033,11,997.4,1033,15
317,2025-11-26 09:48:41+05:30,997.0,30,991.38,1381908,344373.0,332632.0,986.2,998.8,981.3,986.2,119113500,1084.8,887.6,1102.5,649.1,996.7,4005,10,996.6,4212,10,996.5,1614,7,996.4,2147,17,996.3,2296,10,997.0,1407,4,997.1,100,2,997.2,753,11,997.3,1033,11,997.4,1033,15
317,2025-11-26 09:48:42+05:30,997.0,500,991.38,1382411,344352.0,332201.0,986.2,998.8,981.3,986.2,119113500,1084.8,887.6,1102.5,649.1,996.7,4005,10,996.6,4190,9,996.5,1332,6,996.4,2430,18,996.3,2296,10,997.0,914,5,997.1,649,3,997.2,753,11,997.3,477,10,997.4,1033,15
317,2025-11-26 09:48:42+05:30,997.0,500,991.38,1382411,344352.0,332201.0,986.2,998.8,981.3,986.2,119113500,1084.8,887.6,1102.5,649.1,996.7,4005,10,996.6,4190,9,996.5,1332,6,996.4,2430,18,996.3,2296,10,997.0,914,5,997.1,649,3,997.2,753,11,997.3,477,10,997.4,1033,15
317,2025-11-26 09:48:43+05:30,997.0,708,991.39,1383245,345548.0,332245.0,986.2,998.8,981.3,986.2,119113500,1084.8,887.6,1102.5,649.1,996.7,5393,14,996.6,3912,9,996.5,1615,7,996.4,2128,15,996.3,2188,9,997.0,1329,6,997.1,6,1,997.2,716,7,997.3,799,7,997.4,947,11
317,2025-11-26 09:48:43+05:30,996.7,135,991.39,1383245,345548.0,332245.0,986.2,998.8,981.3,986.2,119113500,1084.8,887.6,1102.5,649.1,996.7,5393,14,996.6,3912,9,996.5,1615,7,996.4,2128,15,996.3,2188,9,997.0,1329,6,997.1,6,1,997.2,716,7,997.3,799,7,997.4,947,11
317,2025-11-26 09:48:44+05:30,997.0,8,991.39,1383796,345162.0,333554.0,986.2,998.8,981.3,986.2,119113500,1084.8,887.6,1102.5,649.1,996.7,5120,11,996.6,3918,8,996.5,1272,5,996.4,2224,9,996.3,2296,10,997.0,1992,7,997.1,217,3,997.2,1240,13,997.3,879,12,997.4,973,13
317,2025-11-26 09:48:44+05:30,997.0,8,991.39,1383796,345162.0,333554.0,986.2,998.8,981.3,986.2,119113500,1084.8,887.6,1102.5,649.1,996.7,5120,11,996.6,3918,8,996.5,1272,5,996.4,2224,9,996.3,2296,10,997.0,1992,7,997.1,217,3,997.2,1240,13,997.3,879,12,997.4,973,13
317,2025-11-26 09:48:45+05:30,996.8,135,991.39,1383796,345162.0,333554.0,986.2,998.8,981.3,986.2,119113500,1084.8,887.6,1102.5,649.1,996.7,5120,11,996.6,3918,8,996.5,1272,5,996.4,2224,9,996.3,2296,10,997.0,1992,7,997.1,217,3,997.2,1240,13,997.3,879,12,997.4,973,13
317,2025-11-26 09:48:45+05:30,996.8,135,991.39,1383962,344711.0,333541.0,986.2,998.8,981.3,986.2,119113500,1084.8,887.6,1102.5,649.1,996.8,275,2,996.7,5042,11,996.6,3889,8,996.5,986,4,996.4,2329,16,997.0,1976,7,997.1,402,3,997.2,1240,13,997.3,603,12,997.4,978,14
317,2025-11-26 09:48:46+05:30,996.8,135,991.39,1383962,345895.0,334169.0,986.2,998.8,981.3,986.2,119113500,1084.8,887.6,1102.5,649.1,996.8,1038,4,996.7,6315,13,996.6,1818,5,996.5,2512,8,996.4,3053,15,997.0,2438,13,997.1,312,5,997.2,967,12,997.3,890,13,997.4,698,13
317,2025-11-26 09:48:47+05:30,997.0,10,991.39,1383962,345895.0,334169.0,986.2,998.8,981.3,986.2,119113500,1084.8,887.6,1102.5,649.1,996.8,1038,4,996.7,6315,13,996.6,1818,5,996.5,2512,8,996.4,3053,15,997.0,2438,13,997.1,312,5,997.2,967,12,997.3,890,13,997.4,698,13
317,2025-11-26 09:48:47+05:30,997.0,4,991.39,1384918,345602.0,334364.0,986.2,998.8,981.3,986.2,119113500,1084.8,887.6,1102.5,649.1,996.9,80,1,996.8,866,3,996.7,6223,13,996.6,1500,2,996.5,2123,10,997.0,2518,15,997.1,732,7,997.2,970,12,997.3,603,12,997.4,1184,14
317,2025-11-26 09:48:48+05:30,996.8,76,991.39,1384918,345602.0,334364.0,986.2,998.8,981.3,986.2,119113500,1084.8,887.6,1102.5,649.1,996.9,80,1,996.8,866,3,996.7,6223,13,996.6,1500,2,996.5,2123,10,997.0,2518,15,997.1,732,7,997.2,970,12,997.3,603,12,997.4,1184,14
317,2025-11-26 09:48:48+05:30,996.8,76,991.39,1385190,345144.0,334783.0,986.2,998.8,981.3,986.2,119113500,1084.8,887.6,1102.5,649.1,996.8,674,1,996.7,6223,13,996.6,1500,2,996.5,2759,9,996.4,3544,14,997.0,3214,21,997.1,444,6,997.2,1041,14,997.3,603,12,997.4,1161,14
317,2025-11-26 09:48:49+05:30,997.0,478,991.39,1385190,345144.0,334783.0,986.2,998.8,981.3,986.2,119113500,1084.8,887.6,1102.5,649.1,996.8,674,1,996.7,6223,13,996.6,1500,2,996.5,2759,9,996.4,3544,14,997.0,3214,21,997.1,444,6,997.2,1041,14,997.3,603,12,997.4,1161,14
317,2025-11-26 09:48:49+05:30,997.0,50,991.4,1386041,346413.0,333625.0,986.2,998.8,981.3,986.2,119113500,1084.8,887.6,1102.5,649.1,996.8,674,1,996.7,6355,14,996.6,2291,7,996.5,3119,12,996.4,3668,16,997.0,1963,19,997.1,6,1,997.2,624,10,997.3,1178,14,997.4,1269,15
317,2025-11-26 09:48:50+05:30,996.8,136,991.4,1386041,346413.0,333625.0,986.2,998.8,981.3,986.2,119113500,1084.8,887.6,1102.5,649.1,996.8,674,1,996.7,6355,14,996.6,2291,7,996.5,3119,12,996.4,3668,16,997.0,1963,19,997.1,6,1,997.2,624,10,997.3,1178,14,997.4,1269,15
317,2025-11-26 09:48:50+05:30,997.0,60,991.4,1386715,345245.0,333912.0,986.2,998.8,981.3,986.2,119113500,1084.8,887.6,1102.5,649.1,996.8,750,1,996.7,6512,14,996.6,1700,3,996.5,2567,6,996.4,3494,9,997.0,2392,21,997.1,312,5,997.2,1045,15,997.3,603,12,997.4,1558,16
317,2025-11-26 09:48:51+05:30,997.0,30,991.4,1386715,345245.0,333912.0,986.2,998.8,981.3,986.2,119113500,1084.8,887.6,1102.5,649.1,996.8,750,1,996.7,6512,14,996.6,1700,3,996.5,2567,6,996.4,3494,9,997.0,2392,21,997.1,312,5,997.2,1045,15,997.3,603,12,997.4,1558,16
317,2025-11-26 09:48:51+05:30,997.0,30,991.4,1387634,345718.0,333752.0,986.2,998.8,981.3,986.2,119113500,1084.8,887.6,1102.5,649.1,996.8,611,1,996.7,6300,14,996.6,1990,4,996.5,2829,15,996.4,3796,12,997.0,2063,19,997.1,395,5,997.2,1007,14,997.3,1255,14,997.4,698,13
317,2025-11-26 09:48:52+05:30,996.8,135,991.4,1387634,345718.0,333752.0,986.2,998.8,981.3,986.2,119113500,1084.8,887.6,1102.5,649.1,996.8,611,1,996.7,6300,14,996.6,1990,4,996.5,2829,15,996.4,3796,12,997.0,2063,19,997.1,395,5,997.2,1007,14,997.3,1255,14,997.4,698,13
317,2025-11-26 09:48:53+05:30,996.8,135,991.41,1388519,346054.0,333663.0,986.2,998.8,981.3,986.2,119113500,1084.8,887.6,1102.5,649.1,996.8,476,1,996.7,6300,14,996.6,1700,3,996.5,3198,17,996.4,3824,12,997.0,2477,21,997.1,76,2,997.2,986,11,997.3,1003,13,997.4,703,13
317,2025-11-26 09:48:53+05:30,997.0,5,991.41,1388519,346054.0,333663.0,986.2,998.8,981.3,986.2,119113500,1084.8,887.6,1102.5,649.1,996.8,476,1,996.7,6300,14,996.6,1700,3,996.5,3198,17,996.4,3824,12,997.0,2477,21,997.1,76,2,997.2,986,11,997.3,1003,13,997.4,703,13
317,2025-11-26 09:48:54+05:30,996.8,123,991.41,1388902,344964.0,334137.0,986.2,998.8,981.3,986.2,119113500,1084.8,887.6,1102.5,649.1,996.8,119,1,996.7,6233,14,996.6,1700,3,996.5,2780,14,996.4,4114,13,997.0,2888,24,997.1,460,7,997.2,934,12,997.3,987,12,997.4,703,13
317,2025-11-26 09:48:54+05:30,996.7,14,991.41,1388902,344964.0,334137.0,986.2,998.8,981.3,986.2,119113500,1084.8,887.6,1102.5,649.1,996.8,119,1,996.7,6233,14,996.6,1700,3,996.5,2780,14,996.4,4114,13,997.0,2888,24,997.1,460,7,997.2,934,12,997.3,987,12,997.4,703,13
317,2025-11-26 09:48:55+05:30,997.0,1,991.41,1389038,345227.0,334229.0,986.2,998.8,981.3,986.2,119113500,1084.8,887.6,1102.5,649.1,996.8,760,2,996.7,6217,13,996.6,1925,5,996.5,2574,12,996.4,3625,12,997.0,2471,21,997.1,493,5,997.2,454,11,997.3,1424,15,997.4,785,14
317,2025-11-26 09:48:55+05:30,997.0,1,991.41,1389038,345227.0,334229.0,986.2,998.8,981.3,986.2,119113500,1084.8,887.6,1102.5,649.1,996.8,760,2,996.7,6217,13,996.6,1925,5,996.5,2574,12,996.4,3625,12,997.0,2471,21,997.1,493,5,997.2,454,11,997.3,1424,15,997.4,785,14
317,2025-11-26 09:48:55+05:30,996.8,132,991.41,1389038,345227.0,334229.0,986.2,998.8,981.3,986.2,119113500,1084.8,887.6,1102.5,649.1,996.8,760,2,996.7,6217,13,996.6,1925,5,996.5,2574,12,996.4,3625,12,997.0,2471,21,997.1,493,5,997.2,454,11,997.3,1424,15,997.4,785,14
317,2025-11-26 09:48:55+05:30,996.8,132,991.41,1389038,345227.0,334229.0,986.2,998.8,981.3,986.2,119113500,1084.8,887.6,1102.5,649.1,996.8,760,2,996.7,6217,13,996.6,1925,5,996.5,2574,12,996.4,3625,12,997.0,2471,21,997.1,493,5,997.2,454,11,997.3,1424,15,997.4,785,14
317,2025-11-26 09:48:56+05:30,996.8,132,991.41,1389038,345227.0,334229.0,986.2,998.8,981.3,986.2,119113500,1084.8,887.6,1102.5,649.1,996.8,760,2,996.7,6217,13,996.6,1925,5,996.5,2574,12,996.4,3625,12,997.0,2471,21,997.1,493,5,997.2,454,11,997.3,1424,15,997.4,785,14
317,2025-11-26 09:48:56+05:30,996.9,10,991.41,1389180,345555.0,334234.0,986.2,998.8,981.3,986.2,119113500,1084.8,887.6,1102.5,649.1,996.9,1490,2,996.8,2128,4,996.7,4099,11,996.6,1060,4,996.5,2993,15,997.0,2571,22,997.1,365,3,997.2,705,11,997.3,619,13,997.4,785,14
317,2025-11-26 09:48:56+05:30,996.9,10,991.41,1389180,345555.0,334234.0,986.2,998.8,981.3,986.2,119113500,1084.8,887.6,1102.5,649.1,996.9,1490,2,996.8,2128,4,996.7,4099,11,996.6,1060,4,996.5,2993,15,997.0,2571,22,997.1,365,3,997.2,705,11,997.3,619,13,997.4,785,14
317,2025-11-26 09:48:56+05:30,996.9,10,991.41,1389180,345555.0,334234.0,986.2,998.8,981.3,986.2,119113500,1084.8,887.6,1102.5,649.1,996.9,1490,2,996.8,2128,4,996.7,4099,11,996.6,1060,4,996.5,2993,15,997.0,2571,22,997.1,365,3,997.2,705,11,997.3,619,13,997.4,785,14
317,2025-11-26 09:48:56+05:30,996.9,10,991.41,1389180,345555.0,334234.0,986.2,998.8,981.3,986.2,119113500,1084.8,887.6,1102.5,649.1,996.9,1490,2,996.8,2128,4,996.7,4099,11,996.6,1060,4,996.5,2993,15,997.0,2571,22,997.1,365,3,997.2,705,11,997.3,619,13,997.4,785,14
317,2025-11-26 09:48:57+05:30,996.9,10,991.41,1389180,345555.0,334234.0,986.2,998.8,981.3,986.2,119113500,1084.8,887.6,1102.5,649.1,996.9,1490,2,996.8,2128,4,996.7,4099,11,996.6,1060,4,996.5,2993,15,997.0,2571,22,997.1,365,3,997.2,705,11,997.3,619,13,997.4,785,14
317,2025-11-26 09:48:57+05:30,996.9,10,991.41,1389180,345542.0,334223.0,986.2,998.8,981.3,986.2,119113500,1084.8,887.6,1102.5,649.1,996.9,1490,2,996.8,2128,4,996.7,4099,11,996.6,1060,4,996.5,3006,16,997.0,3593,26,997.1,365,3,997.2,705,11,997.3,619,13,997.4,1280,15
317,2025-11-26 09:48:57+05:30,996.9,10,991.41,1389180,345542.0,334223.0,986.2,998.8,981.3,986.2,119113500,1084.8,887.6,1102.5,649.1,996.9,1490,2,996.8,2128,4,996.7,4099,11,996.6,1060,4,996.5,3006,16,997.0,3593,26,997.1,365,3,997.2,705,11,997.3,619,13,997.4,1280,15
317,2025-11-26 09:48:57+05:30,996.9,10,991.41,1389180,345542.0,334223.0,986.2,998.8,981.3,986.2,119209500,1084.8,887.6,1102.5,649.1,996.9,1490,2,996.8,2128,4,996.7,4099,11,996.6,1060,4,996.5,3006,16,997.0,3593,26,997.1,365,3,997.2,705,11,997.3,619,13,997.4,1280,15
317,2025-11-26 09:48:58+05:30,996.9,10,991.41,1389180,345542.0,334223.0,986.2,998.8,981.3,986.2,119209500,1084.8,887.6,1102.5,649.1,996.9,1490,2,996.8,2128,4,996.7,4099,11,996.6,1060,4,996.5,3006,16,997.0,3593,26,997.1,365,3,997.2,705,11,997.3,619,13,997.4,1280,15
317,2025-11-26 09:48:58+05:30,996.9,10,991.41,1389940,344311.0,333612.0,986.2,998.8,981.3,986.2,119209500,1084.8,887.6,1102.5,649.1,996.9,1583,4,996.8,2128,4,996.7,4299,11,996.6,1642,8,996.5,2932,16,997.0,2895,25,997.2,406,9,997.3,617,14,997.4,1837,16,997.5,1299,17
317,2025-11-26 09:48:58+05:30,996.9,10,991.41,1389940,344311.0,333612.0,986.2,998.8,981.3,986.2,119209500,1084.8,887.6,1102.5,649.1,996.9,1583,4,996.8,2128,4,996.7,4299,11,996.6,1642,8,996.5,2932,16,997.0,2895,25,997.2,406,9,997.3,617,14,997.4,1837,16,997.5,1299,17
317,2025-11-26 09:48:58+05:30,996.9,10,991.41,1389940,344311.0,333612.0,986.2,998.8,981.3,986.2,119209500,1084.8,887.6,1102.5,649.1,996.9,1583,4,996.8,2128,4,996.7,4299,11,996.6,1642,8,996.5,2932,16,997.0,2895,25,997.2,406,9,997.3,617,14,997.4,1837,16,997.5,1299,17
317,2025-11-26 09:48:59+05:30,996.9,135,991.41,1389940,344311.0,333612.0,986.2,998.8,981.3,986.2,119209500,1084.8,887.6,1102.5,649.1,996.9,1583,4,996.8,2128,4,996.7,4299,11,996.6,1642,8,996.5,2932,16,997.0,2895,25,997.2,406,9,997.3,617,14,997.4,1837,16,997.5,1299,17
317,2025-11-26 09:48:59+05:30,996.9,135,991.41,1390475,343872.0,333363.0,986.2,998.8,981.3,986.2,119209500,1084.8,887.6,1102.5,649.1,996.9,1448,4,996.8,2128,4,996.7,4167,10,996.6,939,4,996.5,2834,15,997.0,2951,19,997.1,47,1,997.2,688,10,997.3,632,15,997.4,1566,16
317,2025-11-26 09:49:00+05:30,996.9,135,991.41,1390475,343872.0,333363.0,986.2,998.8,981.3,986.2,119209500,1084.8,887.6,1102.5,649.1,996.9,1448,4,996.8,2128,4,996.7,4167,10,996.6,939,4,996.5,2834,15,997.0,2951,19,997.1,47,1,997.2,688,10,997.3,632,15,997.4,1566,16
317,2025-11-26 09:49:00+05:30,997.0,1,991.42,1391611,343887.0,332578.0,986.2,998.8,981.3,986.2,119209500,1084.8,887.6,1102.5,649.1,996.9,1313,4,996.8,2128,4,996.7,4167,10,996.6,939,4,996.5,2834,15,997.0,1969,18,997.1,405,3,997.2,298,8,997.3,632,15,997.4,1566,16
317,2025-11-26 09:49:01+05:30,997.0,228,991.42,1391611,343887.0,332578.0,986.2,998.8,981.3,986.2,119209500,1084.8,887.6,1102.5,649.1,996.9,1313,4,996.8,2128,4,996.7,4167,10,996.6,939,4,996.5,2834,15,997.0,1969,18,997.1,405,3,997.2,298,8,997.3,632,15,997.4,1566,16
317,2025-11-26 09:49:01+05:30,997.0,228,991.44,1397446,344247.0,325922.0,986.2,998.8,981.3,986.2,119209500,1084.8,887.6,1102.5,649.1,997.0,522,1,996.9,325,4,996.8,1000,6,996.7,6548,19,996.6,2545,11,997.3,278,1,997.4,1055,6,997.5,720,9,997.6,561,10,997.7,692,9
317,2025-11-26 09:49:02+05:30,997.0,1,991.44,1397446,344247.0,325922.0,986.2,998.8,981.3,986.2,119209500,1084.8,887.6,1102.5,649.1,997.0,522,1,996.9,325,4,996.8,1000,6,996.7,6548,19,996.6,2545,11,997.3,278,1,997.4,1055,6,997.5,720,9,997.6,561,10,997.7,692,9
317,2025-11-26 09:49:02+05:30,996.7,83,991.45,1399447,340063.0,329686.0,986.2,998.8,981.3,986.2,119209500,1084.8,887.6,1102.5,649.1,996.7,3935,10,996.6,2328,5,996.5,2307,10,996.4,1609,18,996.3,3344,14,997.1,261,1,997.2,1010,8,997.3,678,9,997.4,692,9,997.5,1346,17
317,2025-11-26 09:49:03+05:30,996.7,392,991.45,1399447,340063.0,329686.0,986.2,998.8,981.3,986.2,119209500,1084.8,887.6,1102.5,649.1,996.7,3935,10,996.6,2328,5,996.5,2307,10,996.4,1609,18,996.3,3344,14,997.1,261,1,997.2,1010,8,997.3,678,9,997.4,692,9,997.5,1346,17
317,2025-11-26 09:49:03+05:30,996.7,392,991.45,1399852,340991.0,334393.0,986.2,998.8,981.3,986.2,119209500,1084.8,887.6,1102.5,649.1,996.7,3330,7,996.6,2299,4,996.5,1742,5,996.4,2211,16,996.3,3344,14,996.9,5,1,997.0,2285,4,997.1,481,5,997.2,1289,12,997.3,801,12
317,2025-11-26 09:49:04+05:30,996.7,135,991.45,1399852,340991.0,334393.0,986.2,998.8,981.3,986.2,119209500,1084.8,887.6,1102.5,649.1,996.7,3330,7,996.6,2299,4,996.5,1742,5,996.4,2211,16,996.3,3344,14,996.9,5,1,997.0,2285,4,997.1,481,5,997.2,1289,12,997.3,801,12
317,2025-11-26 09:49:04+05:30,997.0,126,991.45,1400238,340596.0,334344.0,986.2,998.8,981.3,986.2,119209500,1084.8,887.6,1102.5,649.1,996.7,3097,8,996.6,2773,4,996.5,1742,5,996.4,1297,12,996.3,3546,14,997.0,2477,6,997.1,481,5,997.2,1087,12,997.3,648,14,997.4,1385,11
317,2025-11-26 09:49:05+05:30,997.0,126,991.45,1400238,340596.0,334344.0,986.2,998.8,981.3,986.2,119209500,1084.8,887.6,1102.5,649.1,996.7,3097,8,996.6,2773,4,996.5,1742,5,996.4,1297,12,996.3,3546,14,997.0,2477,6,997.1,481,5,997.2,1087,12,997.3,648,14,997.4,1385,11
317,2025-11-26 09:49:05+05:30,997.0,1,991.45,1400371,341588.0,335039.0,986.2,998.8,981.3,986.2,119209500,1084.8,887.6,1102.5,649.1,996.7,3097,8,996.6,2905,6,996.5,2152,8,996.4,1425,14,996.3,3344,14,997.0,1987,5,997.1,297,3,997.2,1369,13,997.3,648,14,997.4,866,10
317,2025-11-26 09:49:06+05:30,997.0,11,991.45,1400371,341588.0,335039.0,986.2,998.8,981.3,986.2,119209500,1084.8,887.6,1102.5,649.1,996.7,3097,8,996.6,2905,6,996.5,2152,8,996.4,1425,14,996.3,3344,14,997.0,1987,5,997.1,297,3,997.2,1369,13,997.3,648,14,997.4,866,10
317,2025-11-26 09:49:07+05:30,997.0,43,991.45,1400471,342174.0,335080.0,986.2,998.8,981.3,986.2,119209500,1084.8,887.6,1102.5,649.1,996.7,3096,8,996.6,2956,7,996.5,2152,8,996.4,1425,14,996.3,3344,14,997.0,1826,5,997.1,297,3,997.2,1369,13,997.3,638,13,997.4,866,10
317,2025-11-26 09:49:07+05:30,997.0,43,991.45,1400471,342174.0,335080.0,986.2,998.8,981.3,986.2,119209500,1084.8,887.6,1102.5,649.1,996.7,3096,8,996.6,2956,7,996.5,2152,8,996.4,1425,14,996.3,3344,14,997.0,1826,5,997.1,297,3,997.2,1369,13,997.3,638,13,997.4,866,10
317,2025-11-26 09:49:08+05:30,997.0,43,991.45,1400471,342420.0,335046.0,986.2,998.8,981.3,986.2,119209500,1084.8,887.6,1102.5,649.1,996.7,3096,8,996.6,2956,7,996.5,2152,8,996.4,1425,14,996.3,3344,14,997.0,1826,5,997.1,297,3,997.2,1369,13,997.3,638,13,997.4,866,10
317,2025-11-26 09:49:09+05:30,997.0,10,991.45,1400481,342670.0,335357.0,986.2,998.8,981.3,986.2,119209500,1084.8,887.6,1102.5,649.1,996.7,3096,8,996.6,3571,9,996.5,1870,7,996.4,1425,14,996.3,3344,14,997.0,1816,5,997.1,297,3,997.2,1369,13,997.3,632,12,997.4,866,10
317,2025-11-26 09:49:09+05:30,996.7,1,991.45,1400481,342670.0,335357.0,986.2,998.8,981.3,986.2,119209500,1084.8,887.6,1102.5,649.1,996.7,3096,8,996.6,3571,9,996.5,1870,7,996.4,1425,14,996.3,3344,14,997.0,1816,5,997.1,297,3,997.2,1369,13,997.3,632,12,997.4,866,10
317,2025-11-26 09:49:10+05:30,997.0,44,991.45,1400526,342647.0,335407.0,986.2,998.8,981.3,986.2,119209500,1084.8,887.6,1102.5,649.1,996.7,3095,8,996.6,3319,9,996.5,2153,8,996.4,1425,14,996.3,3344,14,997.0,1772,5,997.1,203,2,997.2,1088,12,997.3,915,13,997.4,866,10
317,2025-11-26 09:49:10+05:30,996.7,1,991.45,1400526,342647.0,335407.0,986.2,998.8,981.3,986.2,119209500,1084.8,887.6,1102.5,649.1,996.7,3095,8,996.6,3319,9,996.5,2153,8,996.4,1425,14,996.3,3344,14,997.0,1772,5,997.1,203,2,997.2,1088,12,997.3,915,13,997.4,866,10
317,2025-11-26 09:49:11+05:30,996.7,1,991.46,1400662,342465.0,335432.0,986.2,998.8,981.3,986.2,119209500,1084.8,887.6,1102.5,649.1,996.7,2962,9,996.6,3288,8,996.5,2153,8,996.4,1425,14,996.3,3344,14,997.0,1772,5,997.1,203,2,997.2,1088,12,997.3,915,13,997.4,866,10
317,2025-11-26 09:49:11+05:30,997.0,25,991.46,1400662,342465.0,335432.0,986.2,998.8,981.3,986.2,119209500,1084.8,887.6,1102.5,649.1,996.7,2962,9,996.6,3288,8,996.5,2153,8,996.4,1425,14,996.3,3344,14,997.0,1772,5,997.1,203,2,997.2,1088,12,997.3,915,13,997.4,866,10
317,2025-11-26 09:49:12+05:30,997.0,750,991.46,1401437,342334.0,333490.0,986.2,998.8,981.3,986.2,119209500,1084.8,887.6,1102.5,649.1,996.9,33,1,996.7,3342,13,996.6,3022,8,996.5,1983,8,996.4,1685,15,997.0,997,5,997.1,71,1,997.2,547,4,997.3,577,9,997.4,1411,10
317,2025-11-26 09:49:12+05:30,997.0,750,991.46,1401437,342334.0,333490.0,986.2,998.8,981.3,986.2,119209500,1084.8,887.6,1102.5,649.1,996.9,33,1,996.7,3342,13,996.6,3022,8,996.5,1983,8,996.4,1685,15,997.0,997,5,997.1,71,1,997.2,547,4,997.3,577,9,997.4,1411,10
317,2025-11-26 09:49:13+05:30,997.0,750,991.46,1401437,342648.0,334706.0,986.2,998.8,981.3,986.2,119209500,1084.8,887.6,1102.5,649.1,996.9,33,1,996.7,2972,10,996.6,3022,8,996.5,2243,9,996.4,1685,15,997.0,1589,8,997.1,331,2,997.2,441,5,997.3,768,12,997.4,949,14
317,2025-11-26 09:49:13+05:30,996.7,81,991.46,1401437,342648.0,334706.0,986.2,998.8,981.3,986.2,119209500,1084.8,887.6,1102.5,649.1,996.9,33,1,996.7,2972,10,996.6,3022,8,996.5,2243,9,996.4,1685,15,997.0,1589,8,997.1,331,2,997.2,441,5,997.3,768,12,997.4,949,14
317,2025-11-26 09:49:14+05:30,997.0,131,991.46,1401784,342357.0,335685.0,986.2,998.8,981.3,986.2,119209500,1084.8,887.6,1102.5,649.1,996.9,13,1,996.7,2796,10,996.6,2878,5,996.5,2503,10,996.4,1425,14,997.0,1458,8,997.1,165,2,997.2,732,7,997.3,705,12,997.4,1703,16
317,2025-11-26 09:49:14+05:30,997.0,88,991.46,1401784,342357.0,335685.0,986.2,998.8,981.3,986.2,119209500,1084.8,887.6,1102.5,649.1,996.9,13,1,996.7,2796,10,996.6,2878,5,996.5,2503,10,996.4,1425,14,997.0,1458,8,997.1,165,2,997.2,732,7,997.3,705,12,997.4,1703,16
317,2025-11-26 09:49:15+05:30,997.0,194,991.46,1402885,341996.0,337070.0,986.2,998.8,981.3,986.2,119209500,1084.8,887.6,1102.5,649.1,996.7,2796,10,996.6,2773,4,996.5,2007,6,996.4,1346,13,996.3,3604,15,997.0,2465,10,997.1,990,8,997.2,764,10,997.3,1181,13,997.4,1178,16
317,2025-11-26 09:49:15+05:30,997.0,50,991.46,1402885,341996.0,337070.0,986.2,998.8,981.3,986.2,119209500,1084.8,887.6,1102.5,649.1,996.7,2796,10,996.6,2773,4,996.5,2007,6,996.4,1346,13,996.3,3604,15,997.0,2465,10,997.1,990,8,997.2,764,10,997.3,1181,13,997.4,1178,16
317,2025-11-26 09:49:16+05:30,997.0,50,991.47,1403205,340982.0,337159.0,986.2,998.8,981.3,986.2,119209500,1084.8,887.6,1102.5,649.1,996.7,2526,7,996.6,2773,4,996.5,1500,2,996.4,1477,14,996.3,3100,13,997.0,2433,12,997.1,1020,9,997.2,764,10,997.3,1181,13,997.4,1073,15
317,2025-11-26 09:49:17+05:30,997.0,50,991.47,1403205,341010.0,337162.0,986.2,998.8,981.3,986.2,119209500,1084.8,887.6,1102.5,649.1,996.7,2526,7,996.6,2773,4,996.5,1500,2,996.4,1477,14,996.3,3100,13,997.0,2433,12,997.1,1020,9,997.2,764,10,997.3,1181,13,997.4,1076,16
317,2025-11-26 09:49:18+05:30,997.0,131,991.47,1403431,340932.0,336899.0,986.2,998.8,981.3,986.2,119209500,1084.8,887.6,1102.5,649.1,996.7,2431,7,996.6,3033,5,996.5,1605,3,996.4,1217,13,996.3,3100,13,997.0,2223,11,997.1,756,9,997.2,945,10,997.3,1181,13,997.4,1076,16
317,2025-11-26 09:49:18+05:30,997.0,131,991.47,1403431,340932.0,336899.0,986.2,998.8,981.3,986.2,119209500,1084.8,887.6,1102.5,649.1,996.7,2431,7,996.6,3033,5,996.5,1605,3,996.4,1217,13,996.3,3100,13,997.0,2223,11,997.1,756,9,997.2,945,10,997.3,1181,13,997.4,1076,16
317,2025-11-26 09:49:19+05:30,997.0,15,991.47,1403578,340795.0,337394.0,986.2,998.8,981.3,986.2,119209500,1084.8,887.6,1102.5,649.1,996.7,2299,7,996.6,2773,4,996.5,1605,3,996.4,1477,14,996.3,3100,13,997.0,2708,13,997.1,1095,11,997.2,764,10,997.3,1181,13,997.4,1076,16
317,2025-11-26 09:49:19+05:30,997.0,15,991.47,1403578,340795.0,337394.0,986.2,998.8,981.3,986.2,119209500,1084.8,887.6,1102.5,649.1,996.7,2299,7,996.6,2773,4,996.5,1605,3,996.4,1477,14,996.3,3100,13,997.0,2708,13,997.1,1095,11,997.2,764,10,997.3,1181,13,997.4,1076,16
317,2025-11-26 09:49:21+05:30,997.0,2,991.47,1403578,340795.0,337394.0,986.2,998.8,981.3,986.2,119209500,1084.8,887.6,1102.5,649.1,996.7,2299,7,996.6,2773,4,996.5,1605,3,996.4,1477,14,996.3,3100,13,997.0,2708,13,997.1,1095,11,997.2,764,10,997.3,1181,13,997.4,1076,16
317,2025-11-26 09:49:23+05:30,996.7,171,991.47,1404584,333069.0,338621.0,986.2,998.8,981.3,986.2,119209500,1084.8,887.6,1102.5,649.1,996.5,2023,3,996.4,2350,4,996.3,3354,8,996.2,2173,7,996.1,1749,12,996.9,807,3,997.0,3604,24,997.1,794,10,997.2,1854,13,997.3,1387,14
317,2025-11-26 09:49:24+05:30,996.8,50,991.47,1404584,333069.0,338621.0,986.2,998.8,981.3,986.2,119209500,1084.8,887.6,1102.5,649.1,996.5,2023,3,996.4,2350,4,996.3,3354,8,996.2,2173,7,996.1,1749,12,996.9,807,3,997.0,3604,24,997.1,794,10,997.2,1854,13,997.3,1387,14
317,2025-11-26 09:49:27+05:30,996.8,330,991.47,1404584,333069.0,338621.0,986.2,998.8,981.3,986.2,119209500,1084.8,887.6,1102.5,649.1,996.5,2023,3,996.4,2350,4,996.3,3354,8,996.2,2173,7,996.1,1749,12,996.9,807,3,997.0,3604,24,997.1,794,10,997.2,1854,13,997.3,1387,14
317,2025-11-26 09:49:29+05:30,996.4,6,991.48,1405981,336973.0,340454.0,986.2,998.8,981.3,986.2,119209500,1084.8,887.6,1102.5,649.1,996.4,1281,2,996.3,1190,5,996.2,4060,10,996.1,1859,17,996.0,4276,33,996.8,1042,7,996.9,896,9,997.0,3469,21,997.1,911,12,997.2,2616,23
317,2025-11-26 09:49:30+05:30,996.7,7,991.48,1405981,336973.0,340454.0,986.2,998.8,981.3,986.2,119209500,1084.8,887.6,1102.5,649.1,996.4,1281,2,996.3,1190,5,996.2,4060,10,996.1,1859,17,996.0,4276,33,996.8,1042,7,996.9,896,9,997.0,3469,21,997.1,911,12,997.2,2616,23
317,2025-11-26 09:49:34+05:30,996.4,1,991.48,1405981,336973.0,340454.0,986.2,998.8,981.3,986.2,119209500,1084.8,887.6,1102.5,649.1,996.4,1281,2,996.3,1190,5,996.2,4060,10,996.1,1859,17,996.0,4276,33,996.8,1042,7,996.9,896,9,997.0,3469,21,997.1,911,12,997.2,2616,23
317,2025-11-26 09:49:36+05:30,996.5,523,991.48,1408490,338549.0,342076.0,986.2,998.8,981.3,986.2,119209500,1084.8,887.6,1102.5,649.1,996.4,92,1,996.3,175,3,996.2,2749,8,996.1,2005,11,996.0,5456,33,996.5,262,1,996.7,1023,3,996.8,1026,9,996.9,669,8,997.0,3697,20
317,2025-11-26 09:49:39+05:30,996.5,1,991.48,1408490,338549.0,342076.0,986.2,998.8,981.3,986.2,119209500,1084.8,887.6,1102.5,649.1,996.4,92,1,996.3,175,3,996.2,2749,8,996.1,2005,11,996.0,5456,33,996.5,262,1,996.7,1023,3,996.8,1026,9,996.9,669,8,997.0,3697,20
317,2025-11-26 09:49:42+05:30,996.5,262,991.52,1417980,338673.0,337515.0,986.2,998.8,981.3,986.2,119209500,1084.8,887.6,1102.5,649.1,996.4,1200,3,996.3,726,4,996.2,1007,8,996.1,3419,16,996.0,4829,37,996.5,262,1,996.9,697,3,997.0,3080,14,997.1,1268,5,997.2,1160,8
317,2025-11-26 09:49:43+05:30,996.5,10,991.52,1417980,338673.0,337515.0,986.2,998.8,981.3,986.2,119209500,1084.8,887.6,1102.5,649.1,996.4,1200,3,996.3,726,4,996.2,1007,8,996.1,3419,16,996.0,4829,37,996.5,262,1,996.9,697,3,997.0,3080,14,997.1,1268,5,997.2,1160,8
317,2025-11-26 09:49:47+05:30,996.4,92,991.52,1417980,338673.0,337515.0,986.2,998.8,981.3,986.2,119209500,1084.8,887.6,1102.5,649.1,996.4,1200,3,996.3,726,4,996.2,1007,8,996.1,3419,16,996.0,4829,37,996.5,262,1,996.9,697,3,997.0,3080,14,997.1,1268,5,997.2,1160,8
317,2025-11-26 09:49:48+05:30,996.4,92,991.53,1422673,332519.0,342003.0,986.2,998.8,981.3,986.2,119209500,1084.8,887.6,1102.5,649.1,996.0,2313,15,995.9,2105,7,995.8,2245,9,995.7,2542,11,995.6,1505,9,996.4,144,3,996.5,343,5,996.6,441,6,996.7,1503,12,996.8,2029,21
317,2025-11-26 09:49:51+05:30,996.0,2,991.53,1422673,332519.0,342003.0,986.2,998.8,981.3,986.2,119209500,1084.8,887.6,1102.5,649.1,996.0,2313,15,995.9,2105,7,995.8,2245,9,995.7,2542,11,995.6,1505,9,996.4,144,3,996.5,343,5,996.6,441,6,996.7,1503,12,996.8,2029,21
317,2025-11-26 09:49:54+05:30,995.8,25,991.56,1431951,338992.0,346297.0,986.2,998.8,981.3,986.2,119209500,1084.8,887.6,1102.5,649.1,995.8,2141,3,995.7,855,2,995.6,3541,8,995.5,3235,20,995.4,3064,11,996.0,84,2,996.2,204,4,996.3,1279,11,996.4,1630,18,996.5,977,12
317,2025-11-26 09:49:55+05:30,996.3,4,991.56,1431951,338992.0,346297.0,986.2,998.8,981.3,986.2,119209500,1084.8,887.6,1102.5,649.1,995.8,2141,3,995.7,855,2,995.6,3541,8,995.5,3235,20,995.4,3064,11,996.0,84,2,996.2,204,4,996.3,1279,11,996.4,1630,18,996.5,977,12
317,2025-11-26 09:49:58+05:30,996.0,50,991.56,1431951,338992.0,346297.0,986.2,998.8,981.3,986.2,119209500,1084.8,887.6,1102.5,649.1,995.8,2141,3,995.7,855,2,995.6,3541,8,995.5,3235,20,995.4,3064,11,996.0,84,2,996.2,204,4,996.3,1279,11,996.4,1630,18,996.5,977,12
317,2025-11-26 09:50:00+05:30,996.0,24,991.58,1438043,332441.0,347527.0,986.2,998.8,981.3,986.2,119209500,1084.8,887.6,1102.5,649.1,995.6,1516,4,995.5,2371,10,995.4,2455,11,995.3,2298,9,995.2,2565,14,996.0,212,2,996.1,384,3,996.2,650,8,996.3,972,16,996.4,1773,15
317,2025-11-26 09:50:01+05:30,996.0,537,991.58,1438043,332441.0,347527.0,986.2,998.8,981.3,986.2,119209500,1084.8,887.6,1102.5,649.1,995.6,1516,4,995.5,2371,10,995.4,2455,11,995.3,2298,9,995.2,2565,14,996.0,212,2,996.1,384,3,996.2,650,8,996.3,972,16,996.4,1773,15
317,2025-11-26 09:50:04+05:30,996.0,300,991.58,1438043,332441.0,347527.0,986.2,998.8,981.3,986.2,119209500,1084.8,887.6,1102.5,649.1,995.6,1516,4,995.5,2371,10,995.4,2455,11,995.3,2298,9,995.2,2565,14,996.0,212,2,996.1,384,3,996.2,650,8,996.3,972,16,996.4,1773,15
317,2025-11-26 09:50:06+05:30,996.0,1,991.59,1442325,339677.0,340523.0,986.2,998.8,981.3,986.2,119209500,1084.8,887.6,1102.5,649.1,995.8,1420,4,995.7,1502,9,995.6,1623,12,995.5,2730,13,995.4,2254,11,996.0,221,2,996.2,13,1,996.3,125,2,996.4,292,6,996.5,1103,15
317,2025-11-26 09:50:07+05:30,995.8,60,991.59,1442325,339677.0,340523.0,986.2,998.8,981.3,986.2,119209500,1084.8,887.6,1102.5,649.1,995.8,1420,4,995.7,1502,9,995.6,1623,12,995.5,2730,13,995.4,2254,11,996.0,221,2,996.2,13,1,996.3,125,2,996.4,292,6,996.5,1103,15
317,2025-11-26 09:50:10+05:30,996.0,750,991.59,1442325,339677.0,340523.0,986.2,998.8,981.3,986.2,119209500,1084.8,887.6,1102.5,649.1,995.8,1420,4,995.7,1502,9,995.6,1623,12,995.5,2730,13,995.4,2254,11,996.0,221,2,996.2,13,1,996.3,125,2,996.4,292,6,996.5,1103,15
317,2025-11-26 09:50:12+05:30,996.0,44,991.62,1449571,342155.0,342653.0,986.2,998.8,981.3,986.2,119209500,1084.8,887.6,1102.5,649.1,995.8,3469,9,995.7,1790,6,995.6,1520,9,995.5,4271,18,995.4,2473,10,996.0,203,1,996.1,432,1,996.2,13,1,996.3,110,3,996.4,829,9
317,2025-11-26 09:50:13+05:30,995.8,1,991.62,1449571,342155.0,342653.0,986.2,998.8,981.3,986.2,119209500,1084.8,887.6,1102.5,649.1,995.8,3469,9,995.7,1790,6,995.6,1520,9,995.5,4271,18,995.4,2473,10,996.0,203,1,996.1,432,1,996.2,13,1,996.3,110,3,996.4,829,9
317,2025-11-26 09:50:16+05:30,996.0,25,991.62,1449571,342155.0,342653.0,986.2,998.8,981.3,986.2,119209500,1084.8,887.6,1102.5,649.1,995.8,3469,9,995.7,1790,6,995.6,1520,9,995.5,4271,18,995.4,2473,10,996.0,203,1,996.1,432,1,996.2,13,1,996.3,110,3,996.4,829,9
317,2025-11-26 09:50:19+05:30,996.0,12,991.62,1449571,342155.0,342653.0,986.2,998.8,981.3,986.2,119209500,1084.8,887.6,1102.5,649.1,995.8,3469,9,995.7,1790,6,995.6,1520,9,995.5,4271,18,995.4,2473,10,996.0,203,1,996.1,432,1,996.2,13,1,996.3,110,3,996.4,829,9
317,2025-11-26 09:50:19+05:30,996.0,50,991.62,1451608,340234.0,344548.0,986.2,998.8,981.3,986.2,119209500,1084.8,887.6,1102.5,649.1,995.8,1407,5,995.7,2512,4,995.6,1777,9,995.5,1990,13,995.4,3328,18,996.0,431,3,996.1,432,1,996.2,127,3,996.3,931,8,996.4,1704,11
317,2025-11-26 09:50:20+05:30,995.8,268,991.62,1451608,340234.0,344548.0,986.2,998.8,981.3,986.2,119209500,1084.8,887.6,1102.5,649.1,995.8,1407,5,995.7,2512,4,995.6,1777,9,995.5,1990,13,995.4,3328,18,996.0,431,3,996.1,432,1,996.2,127,3,996.3,931,8,996.4,1704,11
317,2025-11-26 09:50:21+05:30,995.8,268,991.62,1451882,339502.0,344511.0,986.2,998.8,981.3,986.2,119209500,1084.8,887.6,1102.5,649.1,995.8,1639,6,995.7,2512,4,995.6,1783,9,995.5,1990,13,995.4,2578,17,996.0,425,3,996.1,432,1,996.2,127,3,996.3,900,7,996.4,1722,12
317,2025-11-26 09:50:21+05:30,995.8,1,991.62,1451882,339502.0,344511.0,986.2,998.8,981.3,986.2,119209500,1084.8,887.6,1102.5,649.1,995.8,1639,6,995.7,2512,4,995.6,1783,9,995.5,1990,13,995.4,2578,17,996.0,425,3,996.1,432,1,996.2,127,3,996.3,900,7,996.4,1722,12
317,2025-11-26 09:50:22+05:30,996.0,5,991.62,1452040,339621.0,344874.0,986.2,998.8,981.3,986.2,119209500,1084.8,887.6,1102.5,649.1,995.8,1486,6,995.7,2250,3,995.6,1976,9,995.5,1990,13,995.4,2578,17,996.0,420,3,996.1,205,1,996.2,176,4,996.3,356,6,996.4,1686,10
317,2025-11-26 09:50:22+05:30,996.0,5,991.62,1452040,339621.0,344874.0,986.2,998.8,981.3,986.2,119209500,1084.8,887.6,1102.5,649.1,995.8,1486,6,995.7,2250,3,995.6,1976,9,995.5,1990,13,995.4,2578,17,996.0,420,3,996.1,205,1,996.2,176,4,996.3,356,6,996.4,1686,10
317,2025-11-26 09:50:23+05:30,996.0,3,991.63,1452958,339353.0,344789.0,986.2,998.8,981.3,986.2,119209500,1084.8,887.6,1102.5,649.1,995.8,1315,5,995.7,2522,4,995.6,1590,8,995.5,1990,13,995.4,2578,17,996.0,288,1,996.1,337,2,996.2,376,5,996.3,1012,12,996.4,1704,11
317,2025-11-26 09:50:23+05:30,996.0,3,991.63,1452958,339353.0,344789.0,986.2,998.8,981.3,986.2,119209500,1084.8,887.6,1102.5,649.1,995.8,1315,5,995.7,2522,4,995.6,1590,8,995.5,1990,13,995.4,2578,17,996.0,288,1,996.1,337,2,996.2,376,5,996.3,1012,12,996.4,1704,11
317,2025-11-26 09:50:24+05:30,996.0,5,991.63,1452964,340299.0,344566.0,986.2,998.8,981.3,986.2,119209500,1084.8,887.6,1102.5,649.1,995.8,1315,5,995.7,2522,4,995.6,1590,8,995.5,2740,14,995.4,2578,17,996.0,282,1,996.1,337,2,996.2,376,5,996.3,435,11,996.4,1686,10
317,2025-11-26 09:50:24+05:30,996.0,5,991.63,1452964,340299.0,344566.0,986.2,998.8,981.3,986.2,119209500,1084.8,887.6,1102.5,649.1,995.8,1315,5,995.7,2522,4,995.6,1590,8,995.5,2740,14,995.4,2578,17,996.0,282,1,996.1,337,2,996.2,376,5,996.3,435,11,996.4,1686,10
317,2025-11-26 09:50:25+05:30,995.8,134,991.63,1452964,340299.0,344566.0,986.2,998.8,981.3,986.2,119209500,1084.8,887.6,1102.5,649.1,995.8,1315,5,995.7,2522,4,995.6,1590,8,995.5,2740,14,995.4,2578,17,996.0,282,1,996.1,337,2,996.2,376,5,996.3,435,11,996.4,1686,10
317,2025-11-26 09:50:25+05:30,995.8,134,991.63,1453209,337418.0,344441.0,986.2,998.8,981.3,986.2,119209500,1084.8,887.6,1102.5,649.1,995.8,1181,5,995.7,2250,3,995.6,1787,8,995.5,2740,14,995.4,2578,17,996.0,171,1,996.1,205,1,996.2,127,3,996.3,1009,10,996.4,1734,13
317,2025-11-26 09:50:26+05:30,996.0,1,991.63,1453209,337418.0,344441.0,986.2,998.8,981.3,986.2,119209500,1084.8,887.6,1102.5,649.1,995.8,1181,5,995.7,2250,3,995.6,1787,8,995.5,2740,14,995.4,2578,17,996.0,171,1,996.1,205,1,996.2,127,3,996.3,1009,10,996.4,1734,13
317,2025-11-26 09:50:26+05:30,996.0,1,991.63,1453217,339855.0,344574.0,986.2,998.8,981.3,986.2,119209500,1084.8,887.6,1102.5,649.1,995.8,1181,5,995.7,2250,3,995.6,1787,8,995.5,2740,14,995.4,2578,17,996.0,163,1,996.1,205,1,996.2,176,4,996.3,1019,10,996.4,1767,14
317,2025-11-26 09:50:27+05:30,996.0,6,991.63,1453217,339855.0,344574.0,986.2,998.8,981.3,986.2,119209500,1084.8,887.6,1102.5,649.1,995.8,1181,5,995.7,2250,3,995.6,1787,8,995.5,2740,14,995.4,2578,17,996.0,163,1,996.1,205,1,996.2,176,4,996.3,1019,10,996.4,1767,14
317,2025-11-26 09:50:27+05:30,996.0,6,991.63,1455183,341590.0,344467.0,986.2,998.8,981.3,986.2,119209500,1084.8,887.6,1102.5,649.1,995.9,2523,4,995.8,2199,9,995.7,2050,9,995.6,3098,14,995.5,2722,13,996.0,291,1,996.1,205,1,996.2,20,2,996.3,1,1,996.4,441,7
317,2025-11-26 09:50:28+05:30,996.0,33,991.63,1455183,341590.0,344467.0,986.2,998.8,981.3,986.2,119209500,1084.8,887.6,1102.5,649.1,995.9,2523,4,995.8,2199,9,995.7,2050,9,995.6,3098,14,995.5,2722,13,996.0,291,1,996.1,205,1,996.2,20,2,996.3,1,1,996.4,441,7
317,2025-11-26 09:50:28+05:30,995.9,122,991.67,1467111,343190.0,343076.0,986.2,998.8,981.3,986.2,119209500,1084.8,887.6,1102.5,649.1,995.9,2220,5,995.8,2600,10,995.7,2989,9,995.6,3270,18,995.5,4377,15,996.0,291,1,996.1,325,1,996.2,2,1,996.3,7,1,996.4,239,3
317,2025-11-26 09:50:29+05:30,996.0,750,991.67,1467111,343190.0,343076.0,986.2,998.8,981.3,986.2,119209500,1084.8,887.6,1102.5,649.1,995.9,2220,5,995.8,2600,10,995.7,2989,9,995.6,3270,18,995.5,4377,15,996.0,291,1,996.1,325,1,996.2,2,1,996.3,7,1,996.4,239,3
317,2025-11-26 09:50:29+05:30,995.9,214,991.68,1471366,341803.0,344563.0,986.2,998.8,981.3,986.2,119209500,1084.8,887.6,1102.5,649.1,995.9,1286,2,995.8,1674,7,995.7,2082,8,995.6,2376,12,995.5,3732,21,996.0,41,1,996.1,325,1,996.2,2,1,996.3,295,4,996.4,437,9
317,2025-11-26 09:50:30+05:30,996.0,293,991.68,1471366,341803.0,344563.0,986.2,998.8,981.3,986.2,119209500,1084.8,887.6,1102.5,649.1,995.9,1286,2,995.8,1674,7,995.7,2082,8,995.6,2376,12,995.5,3732,21,996.0,41,1,996.1,325,1,996.2,2,1,996.3,295,4,996.4,437,9
317,2025-11-26 09:50:30+05:30,996.0,58,991.7,1476455,342521.0,344502.0,986.2,998.8,981.3,986.2,119209500,1084.8,887.6,1102.5,649.1,995.9,1879,5,995.8,2044,8,995.7,2725,8,995.6,3259,20,995.5,2877,13,996.0,233,1,996.1,325,1,996.2,2,1,996.3,31,2,996.4,182,4
317,2025-11-26 09:50:31+05:30,996.0,279,991.7,1476455,342521.0,344502.0,986.2,998.8,981.3,986.2,119209500,1084.8,887.6,1102.5,649.1,995.9,1879,5,995.8,2044,8,995.7,2725,8,995.6,3259,20,995.5,2877,13,996.0,233,1,996.1,325,1,996.2,2,1,996.3,31,2,996.4,182,4
317,2025-11-26 09:50:31+05:30,996.0,291,991.71,1481897,341907.0,357753.0,986.2,998.8,981.3,986.2,119209500,1084.8,887.6,1102.5,649.1,995.9,1210,4,995.8,2072,6,995.7,2983,10,995.6,3506,18,995.5,2877,13,996.0,291,1,996.1,325,1,996.2,2,1,996.3,49,1,996.4,184,5
317,2025-11-26 09:50:32+05:30,995.9,2,991.71,1481897,341907.0,357753.0,986.2,998.8,981.3,986.2,119209500,1084.8,887.6,1102.5,649.1,995.9,1210,4,995.8,2072,6,995.7,2983,10,995.6,3506,18,995.5,2877,13,996.0,291,1,996.1,325,1,996.2,2,1,996.3,49,1,996.4,184,5
317,2025-11-26 09:50:33+05:30,995.9,261,991.76,1497286,339274.0,356035.0,986.2,998.8,981.3,986.2,119209500,1084.8,887.6,1102.5,649.1,995.9,1239,2,995.8,1106,5,995.7,2279,6,995.6,2610,15,995.5,3642,15,996.2,375,2,996.3,325,3,996.4,1308,8,996.5,812,7,996.6,855,14
317,2025-11-26 09:50:33+05:30,995.9,83,991.76,1497286,339274.0,356035.0,986.2,998.8,981.3,986.2,119209500,1084.8,887.6,1102.5,649.1,995.9,1239,2,995.8,1106,5,995.7,2279,6,995.6,2610,15,995.5,3642,15,996.2,375,2,996.3,325,3,996.4,1308,8,996.5,812,7,996.6,855,14
317,2025-11-26 09:50:34+05:30,995.9,83,991.76,1497369,341442.0,358861.0,986.2,998.8,981.3,986.2,119209500,1084.8,887.6,1102.5,649.1,995.9,1186,3,995.8,1113,5,995.7,2500,7,995.6,2615,19,995.5,3689,18,996.0,291,1,996.2,641,2,996.3,464,6,996.4,1015,11,996.5,1343,12
317,2025-11-26 09:50:34+05:30,996.0,107,991.76,1497369,341442.0,358861.0,986.2,998.8,981.3,986.2,119209500,1084.8,887.6,1102.5,649.1,995.9,1186,3,995.8,1113,5,995.7,2500,7,995.6,2615,19,995.5,3689,18,996.0,291,1,996.2,641,2,996.3,464,6,996.4,1015,11,996.5,1343,12
317,2025-11-26 09:50:35+05:30,995.8,21,991.77,1500625,335917.0,360847.0,986.2,998.8,981.3,986.2,119209500,1084.8,887.6,1102.5,649.1,995.8,729,1,995.7,1037,2,995.6,3288,13,995.5,2924,16,995.4,3100,17,996.0,284,2,996.1,85,1,996.2,948,5,996.3,493,6,996.4,1018,12
317,2025-11-26 09:50:35+05:30,995.8,21,991.77,1500625,335917.0,360847.0,986.2,998.8,981.3,986.2,119209500,1084.8,887.6,1102.5,649.1,995.8,729,1,995.7,1037,2,995.6,3288,13,995.5,2924,16,995.4,3100,17,996.0,284,2,996.1,85,1,996.2,948,5,996.3,493,6,996.4,1018,12
317,2025-11-26 09:50:36+05:30,995.8,94,991.77,1501483,336877.0,362725.0,986.2,998.8,981.3,986.2,119209500,1084.8,887.6,1102.5,649.1,995.8,1406,2,995.7,1579,3,995.6,2684,10,995.5,3643,15,995.4,2292,12,996.0,249,2,996.1,446,2,996.2,725,7,996.3,633,9,996.4,1720,20
317,2025-11-26 09:50:36+05:30,995.8,94,991.77,1501483,336877.0,362725.0,986.2,998.8,981.3,986.2,119209500,1084.8,887.6,1102.5,649.1,995.8,1406,2,995.7,1579,3,995.6,2684,10,995.5,3643,15,995.4,2292,12,996.0,249,2,996.1,446,2,996.2,725,7,996.3,633,9,996.4,1720,20
317,2025-11-26 09:50:37+05:30,996.0,291,991.78,1506536,340152.0,359529.0,986.2,998.8,981.3,986.2,119209500,1084.8,887.6,1102.5,649.1,995.9,284,1,995.8,1580,7,995.7,1333,6,995.6,3433,14,995.5,2982,20,996.0,762,2,996.1,361,1,996.2,341,2,996.3,137,3,996.4,215,6
317,2025-11-26 09:50:37+05:30,995.9,134,991.78,1506536,340152.0,359529.0,986.2,998.8,981.3,986.2,119209500,1084.8,887.6,1102.5,649.1,995.9,284,1,995.8,1580,7,995.7,1333,6,995.6,3433,14,995.5,2982,20,996.0,762,2,996.1,361,1,996.2,341,2,996.3,137,3,996.4,215,6
317,2025-11-26 09:50:38+05:30,995.8,471,991.79,1507853,335880.0,360260.0,986.2,998.8,981.3,986.2,119209500,1084.8,887.6,1102.5,649.1,995.8,1127,5,995.7,1828,5,995.6,3622,14,995.5,2877,13,995.4,771,9,996.0,672,2,996.1,361,1,996.2,341,2,996.3,234,7,996.4,334,6
317,2025-11-26 09:50:38+05:30,996.0,471,991.79,1507853,335880.0,360260.0,986.2,998.8,981.3,986.2,119209500,1084.8,887.6,1102.5,649.1,995.8,1127,5,995.7,1828,5,995.6,3622,14,995.5,2877,13,995.4,771,9,996.0,672,2,996.1,361,1,996.2,341,2,996.3,234,7,996.4,334,6
317,2025-11-26 09:50:39+05:30,996.1,112,991.79,1509275,340998.0,358887.0,986.2,998.8,981.3,986.2,119209500,1084.8,887.6,1102.5,649.1,995.9,286,1,995.8,1339,8,995.7,1509,6,995.6,3247,16,995.5,3732,21,996.0,316,2,996.1,249,1,996.2,341,2,996.3,29,1,996.4,371,12
317,2025-11-26 09:50:39+05:30,996.0,44,991.79,1509275,340998.0,358887.0,986.2,998.8,981.3,986.2,119209500,1084.8,887.6,1102.5,649.1,995.9,286,1,995.8,1339,8,995.7,1509,6,995.6,3247,16,995.5,3732,21,996.0,316,2,996.1,249,1,996.2,341,2,996.3,29,1,996.4,371,12
317,2025-11-26 09:50:40+05:30,995.8,249,991.79,1510318,338534.0,358941.0,986.2,998.8,981.3,986.2,119209500,1084.8,887.6,1102.5,649.1,995.8,1481,5,995.7,1787,7,995.6,3214,15,995.5,3732,21,995.4,2271,11,996.0,49,2,996.1,249,1,996.2,341,2,996.3,78,2,996.4,400,13
317,2025-11-26 09:50:40+05:30,995.8,249,991.79,1510318,338534.0,358941.0,986.2,998.8,981.3,986.2,119209500,1084.8,887.6,1102.5,649.1,995.8,1481,5,995.7,1787,7,995.6,3214,15,995.5,3732,21,995.4,2271,11,996.0,49,2,996.1,249,1,996.2,341,2,996.3,78,2,996.4,400,13
317,2025-11-26 09:50:41+05:30,996.0,12,991.79,1510318,338534.0,358941.0,986.2,998.8,981.3,986.2,119209500,1084.8,887.6,1102.5,649.1,995.8,1481,5,995.7,1787,7,995.6,3214,15,995.5,3732,21,995.4,2271,11,996.0,49,2,996.1,249,1,996.2,341,2,996.3,78,2,996.4,400,13
317,2025-11-26 09:50:41+05:30,996.0,12,991.79,1510488,340114.0,359422.0,986.2,998.8,981.3,986.2,119209500,1084.8,887.6,1102.5,649.1,995.8,1149,4,995.7,1734,6,995.6,3010,12,995.5,3627,14,995.4,2271,11,996.0,304,2,996.1,249,1,996.2,341,2,996.3,157,3,996.4,371,12
317,2025-11-26 09:50:42+05:30,996.0,471,991.79,1510488,340114.0,359422.0,986.2,998.8,981.3,986.2,119209500,1084.8,887.6,1102.5,649.1,995.8,1149,4,995.7,1734,6,995.6,3010,12,995.5,3627,14,995.4,2271,11,996.0,304,2,996.1,249,1,996.2,341,2,996.3,157,3,996.4,371,12
317,2025-11-26 09:50:42+05:30,996.0,471,991.8,1511389,340246.0,359546.0,986.2,998.8,981.3,986.2,119209500,1084.8,887.6,1102.5,649.1,995.8,1456,7,995.7,1303,5,995.6,3146,14,995.5,3732,21,995.4,2271,11,996.0,292,2,996.1,249,1,996.2,341,2,996.3,193,3,996.4,577,12
317,2025-11-26 09:50:43+05:30,995.8,1,991.8,1511389,340246.0,359546.0,986.2,998.8,981.3,986.2,119209500,1084.8,887.6,1102.5,649.1,995.8,1456,7,995.7,1303,5,995.6,3146,14,995.5,3732,21,995.4,2271,11,996.0,292,2,996.1,249,1,996.2,341,2,996.3,193,3,996.4,577,12
317,2025-11-26 09:50:43+05:30,995.8,70,991.8,1511759,337561.0,360479.0,986.2,998.8,981.3,986.2,119209500,1084.8,887.6,1102.5,649.1,995.8,1471,5,995.7,829,2,995.6,3566,14,995.5,3733,20,995.4,2271,11,996.0,260,2,996.1,356,2,996.2,341,2,996.3,193,3,996.4,650,16
317,2025-11-26 09:50:44+05:30,996.0,198,991.8,1511759,337561.0,360479.0,986.2,998.8,981.3,986.2,119209500,1084.8,887.6,1102.5,649.1,995.8,1471,5,995.7,829,2,995.6,3566,14,995.5,3733,20,995.4,2271,11,996.0,260,2,996.1,356,2,996.2,341,2,996.3,193,3,996.4,650,16
317,2025-11-26 09:50:44+05:30,995.8,88,991.8,1512597,338716.0,360403.0,986.2,998.8,981.3,986.2,119209500,1084.8,887.6,1102.5,649.1,995.8,1661,6,995.7,1289,5,995.6,3117,13,995.5,3761,22,995.4,2271,11,996.0,93,1,996.1,249,1,996.2,341,2,996.3,185,3,996.4,527,8
317,2025-11-26 09:50:45+05:30,996.0,145,991.8,1512597,338716.0,360403.0,986.2,998.8,981.3,986.2,119209500,1084.8,887.6,1102.5,649.1,995.8,1661,6,995.7,1289,5,995.6,3117,13,995.5,3761,22,995.4,2271,11,996.0,93,1,996.1,249,1,996.2,341,2,996.3,185,3,996.4,527,8
317,2025-11-26 09:50:45+05:30,996.0,145,991.8,1512773,340535.0,360721.0,986.2,998.8,981.3,986.2,119209500,1084.8,887.6,1102.5,649.1,995.8,1660,6,995.7,1011,4,995.6,3395,14,995.5,3761,22,995.4,2271,11,996.0,291,1,996.1,249,1,996.2,341,2,996.3,264,4,996.4,540,9
317,2025-11-26 09:50:46+05:30,996.0,1,991.8,1512773,340535.0,360721.0,986.2,998.8,981.3,986.2,119209500,1084.8,887.6,1102.5,649.1,995.8,1660,6,995.7,1011,4,995.6,3395,14,995.5,3761,22,995.4,2271,11,996.0,291,1,996.1,249,1,996.2,341,2,996.3,264,4,996.4,540,9
317,2025-11-26 09:50:46+05:30,996.0,1,991.8,1512908,335491.0,362085.0,986.2,998.8,981.3,986.2,119209500,1084.8,887.6,1102.5,649.1,995.8,1248,5,995.7,1028,2,995.6,3711,10,995.5,3748,21,995.4,2271,11,995.9,2,1,996.0,300,2,996.1,356,2,996.2,390,3,996.3,413,7
317,2025-11-26 09:50:47+05:30,996.0,456,991.8,1512908,335491.0,362085.0,986.2,998.8,981.3,986.2,119209500,1084.8,887.6,1102.5,649.1,995.8,1248,5,995.7,1028,2,995.6,3711,10,995.5,3748,21,995.4,2271,11,995.9,2,1,996.0,300,2,996.1,356,2,996.2,390,3,996.3,413,7
317,2025-11-26 09:50:47+05:30,996.0,456,991.81,1515289,341855.0,359905.0,986.2,998.8,981.3,986.2,119209500,1084.8,887.6,1102.5,649.1,995.9,616,1,995.8,2371,7,995.7,1716,7,995.6,3187,15,995.5,3657,16,996.0,291,1,996.1,249,1,996.2,234,1,996.3,136,2,996.4,544,9
317,2025-11-26 09:50:48+05:30,996.0,38,991.81,1515729,341733.0,359106.0,986.2,998.8,981.3,986.2,119209500,1084.8,887.6,1102.5,649.1,995.9,214,1,995.8,2358,6,995.7,1719,7,995.6,3147,14,995.5,3657,16,996.0,253,1,996.1,249,1,996.2,341,2,996.3,137,3,996.4,634,10
317,2025-11-26 09:50:49+05:30,996.0,253,991.81,1515729,341733.0,359106.0,986.2,998.8,981.3,986.2,119209500,1084.8,887.6,1102.5,649.1,995.9,214,1,995.8,2358,6,995.7,1719,7,995.6,3147,14,995.5,3657,16,996.0,253,1,996.1,249,1,996.2,341,2,996.3,137,3,996.4,634,10
317,2025-11-26 09:50:50+05:30,996.0,291,991.83,1523346,341706.0,357613.0,986.2,998.8,981.3,986.2,119209500,1084.8,887.6,1102.5,649.1,995.9,1604,4,995.8,1327,8,995.7,2820,8,995.6,3365,18,995.5,2981,19,996.0,292,2,996.2,93,1,996.3,112,3,996.4,320,5,996.5,451,5
317,2025-11-26 09:50:50+05:30,995.9,18,991.83,1523346,341706.0,357613.0,986.2,998.8,981.3,986.2,119209500,1084.8,887.6,1102.5,649.1,995.9,1604,4,995.8,1327,8,995.7,2820,8,995.6,3365,18,995.5,2981,19,996.0,292,2,996.2,93,1,996.3,112,3,996.4,320,5,996.5,451,5
317,2025-11-26 09:50:51+05:30,996.0,291,991.84,1526221,340017.0,357903.0,986.2,998.8,981.3,986.2,119209500,1084.8,887.6,1102.5,649.1,995.8,1498,7,995.7,3690,9,995.6,1839,15,995.5,2877,13,995.4,3098,17,996.0,291,1,996.2,93,1,996.3,29,1,996.4,187,4,996.5,469,6
317,2025-11-26 09:50:51+05:30,996.0,291,991.84,1526221,340017.0,357903.0,986.2,998.8,981.3,986.2,119209500,1084.8,887.6,1102.5,649.1,995.8,1498,7,995.7,3690,9,995.6,1839,15,995.5,2877,13,995.4,3098,17,996.0,291,1,996.2,93,1,996.3,29,1,996.4,187,4,996.5,469,6
317,2025-11-26 09:50:52+05:30,996.0,177,991.84,1528446,338419.0,358801.0,986.2,998.8,981.3,986.2,119209500,1084.8,887.6,1102.5,649.1,995.8,1978,6,995.7,2656,7,995.6,1770,13,995.5,3627,14,995.4,3050,13,996.0,291,1,996.2,200,2,996.3,185,3,996.4,307,8,996.5,609,10
317,2025-11-26 09:50:52+05:30,996.0,177,991.84,1528446,338419.0,358801.0,986.2,998.8,981.3,986.2,119209500,1084.8,887.6,1102.5,649.1,995.8,1978,6,995.7,2656,7,995.6,1770,13,995.5,3627,14,995.4,3050,13,996.0,291,1,996.2,200,2,996.3,185,3,996.4,307,8,996.5,609,10
317,2025-11-26 09:50:53+05:30,996.0,239,991.84,1528737,340493.0,358941.0,986.2,998.8,981.3,986.2,119209500,1084.8,887.6,1102.5,649.1,995.8,1792,6,995.7,1156,5,995.6,3553,16,995.5,3656,15,995.4,3126,19,996.0,291,1,996.2,200,2,996.3,111,2,996.4,229,7,996.5,663,11
317,2025-11-26 09:50:53+05:30,996.0,239,991.84,1528737,340493.0,358941.0,986.2,998.8,981.3,986.2,119209500,1084.8,887.6,1102.5,649.1,995.8,1792,6,995.7,1156,5,995.6,3553,16,995.5,3656,15,995.4,3126,19,996.0,291,1,996.2,200,2,996.3,111,2,996.4,229,7,996.5,663,11
317,2025-11-26 09:50:54+05:30,995.9,121,991.84,1528737,340493.0,358941.0,986.2,998.8,981.3,986.2,119209500,1084.8,887.6,1102.5,649.1,995.8,1792,6,995.7,1156,5,995.6,3553,16,995.5,3656,15,995.4,3126,19,996.0,291,1,996.2,200,2,996.3,111,2,996.4,229,7,996.5,663,11
317,2025-11-26 09:50:54+05:30,995.9,121,991.87,1538850,337978.0,356778.0,986.2,998.8,981.3,986.2,119209500,1084.8,887.6,1102.5,649.1,995.9,605,1,995.8,268,6,995.7,3473,11,995.6,2672,15,995.5,3732,21,996.0,291,1,996.3,156,3,996.4,326,4,996.5,431,5,996.6,1159,11
317,2025-11-26 09:50:55+05:30,995.7,63,991.87,1538850,337978.0,356778.0,986.2,998.8,981.3,986.2,119209500,1084.8,887.6,1102.5,649.1,995.9,605,1,995.8,268,6,995.7,3473,11,995.6,2672,15,995.5,3732,21,996.0,291,1,996.3,156,3,996.4,326,4,996.5,431,5,996.6,1159,11
317,2025-11-26 09:50:55+05:30,995.9,10,991.88,1543590,339514.0,360875.0,986.2,998.8,981.3,986.2,119209500,1084.8,887.6,1102.5,649.1,995.9,6,1,995.8,750,1,995.7,1496,6,995.6,3960,15,995.5,3155,15,996.0,255,2,996.2,399,3,996.3,540,5,996.4,639,7,996.5,798,10
317,2025-11-26 09:50:56+05:30,995.7,74,991.88,1543590,339514.0,360875.0,986.2,998.8,981.3,986.2,119209500,1084.8,887.6,1102.5,649.1,995.9,6,1,995.8,750,1,995.7,1496,6,995.6,3960,15,995.5,3155,15,996.0,255,2,996.2,399,3,996.3,540,5,996.4,639,7,996.5,798,10
317,2025-11-26 09:50:56+05:30,995.8,85,991.89,1544747,334882.0,360529.0,986.2,998.8,981.3,986.2,119209500,1084.8,887.6,1102.5,649.1,995.8,665,1,995.7,1351,5,995.6,4175,15,995.5,2906,14,995.4,3091,16,996.0,205,2,996.2,518,4,996.3,213,3,996.4,669,9,996.5,827,11
317,2025-11-26 09:50:57+05:30,995.8,85,991.89,1544747,334882.0,360529.0,986.2,998.8,981.3,986.2,119209500,1084.8,887.6,1102.5,649.1,995.8,665,1,995.7,1351,5,995.6,4175,15,995.5,2906,14,995.4,3091,16,996.0,205,2,996.2,518,4,996.3,213,3,996.4,669,9,996.5,827,11
317,2025-11-26 09:50:57+05:30,995.8,250,991.89,1544997,336587.0,360809.0,986.2,998.8,981.3,986.2,119209500,1084.8,887.6,1102.5,649.1,995.8,432,2,995.7,1223,3,995.6,3994,13,995.5,2906,14,995.4,3120,18,996.0,405,3,996.2,405,5,996.3,262,4,996.4,748,10,996.5,827,11
317,2025-11-26 09:50:58+05:30,995.8,117,991.89,1544997,336587.0,360809.0,986.2,998.8,981.3,986.2,119209500,1084.8,887.6,1102.5,649.1,995.8,432,2,995.7,1223,3,995.6,3994,13,995.5,2906,14,995.4,3120,18,996.0,405,3,996.2,405,5,996.3,262,4,996.4,748,10,996.5,827,11
317,2025-11-26 09:50:58+05:30,995.8,2,991.89,1545116,335952.0,361661.0,986.2,998.8,981.3,986.2,119209500,1084.8,887.6,1102.5,649.1,995.8,313,2,995.7,1090,2,995.6,3354,8,995.5,3153,14,995.4,3149,19,996.0,405,3,996.2,931,10,996.3,456,6,996.4,748,10,996.5,798,10
317,2025-11-26 09:50:59+05:30,995.8,120,991.89,1545116,335952.0,361661.0,986.2,998.8,981.3,986.2,119209500,1084.8,887.6,1102.5,649.1,995.8,313,2,995.7,1090,2,995.6,3354,8,995.5,3153,14,995.4,3149,19,996.0,405,3,996.2,931,10,996.3,456,6,996.4,748,10,996.5,798,10
317,2025-11-26 09:50:59+05:30,995.8,13,991.89,1545250,335877.0,362050.0,986.2,998.8,981.3,986.2,119209500,1084.8,887.6,1102.5,649.1,995.8,180,2,995.7,1090,2,995.6,3335,8,995.5,3153,14,995.4,3120,18,996.0,404,3,996.2,931,10,996.3,457,7,996.4,748,10,996.5,797,9
317,2025-11-26 09:51:00+05:30,996.0,6,991.89,1545250,335877.0,362050.0,986.2,998.8,981.3,986.2,119209500,1084.8,887.6,1102.5,649.1,995.8,180,2,995.7,1090,2,995.6,3335,8,995.5,3153,14,995.4,3120,18,996.0,404,3,996.2,931,10,996.3,457,7,996.4,748,10,996.5,797,9
317,2025-11-26 09:51:00+05:30,996.0,356,991.89,1546010,337763.0,361495.0,986.2,998.8,981.3,986.2,119209500,1084.8,887.6,1102.5,649.1,995.8,259,3,995.7,1574,5,995.6,3585,11,995.5,2676,12,995.4,3126,19,996.0,291,1,996.1,151,1,996.2,610,5,996.3,547,7,996.4,718,8
317,2025-11-26 09:51:01+05:30,995.8,108,991.89,1546010,337763.0,361495.0,986.2,998.8,981.3,986.2,119209500,1084.8,887.6,1102.5,649.1,995.8,259,3,995.7,1574,5,995.6,3585,11,995.5,2676,12,995.4,3126,19,996.0,291,1,996.1,151,1,996.2,610,5,996.3,547,7,996.4,718,8
317,2025-11-26 09:51:01+05:30,996.0,750,991.89,1547048,336740.0,360961.0,986.2,998.8,981.3,986.2,119209500,1084.8,887.6,1102.5,649.1,995.8,660,3,995.7,1689,7,995.6,3835,14,995.5,2890,13,995.4,3126,19,996.0,291,1,996.2,92,2,996.3,394,5,996.4,797,9,996.5,588,7
317,2025-11-26 09:51:02+05:30,996.3,71,991.89,1547048,336740.0,360961.0,986.2,998.8,981.3,986.2,119209500,1084.8,887.6,1102.5,649.1,995.8,660,3,995.7,1689,7,995.6,3835,14,995.5,2890,13,995.4,3126,19,996.0,291,1,996.2,92,2,996.3,394,5,996.4,797,9,996.5,588,7
317,2025-11-26 09:51:03+05:30,996.0,750,991.9,1550073,338242.0,358530.0,986.2,998.8,981.3,986.2,119209500,1084.8,887.6,1102.5,649.1,995.9,617,1,995.8,20,3,995.7,4027,10,995.6,2488,13,995.5,3745,20,996.0,291,1,996.3,201,3,996.4,506,5,996.5,895,7,996.6,1087,11
317,2025-11-26 09:51:03+05:30,996.0,750,991.9,1550073,338242.0,358530.0,986.2,998.8,981.3,986.2,119209500,1084.8,887.6,1102.5,649.1,995.9,617,1,995.8,20,3,995.7,4027,10,995.6,2488,13,995.5,3745,20,996.0,291,1,996.3,201,3,996.4,506,5,996.5,895,7,996.6,1087,11
317,2025-11-26 09:51:04+05:30,996.0,52,991.9,1550073,338242.0,358530.0,986.2,998.8,981.3,986.2,119209500,1084.8,887.6,1102.5,649.1,995.9,617,1,995.8,20,3,995.7,4027,10,995.6,2488,13,995.5,3745,20,996.0,291,1,996.3,201,3,996.4,506,5,996.5,895,7,996.6,1087,11
317,2025-11-26 09:51:05+05:30,996.0,10,991.9,1551502,335951.0,358889.0,986.2,998.8,981.3,986.2,119209500,1084.8,887.6,1102.5,649.1,995.9,750,1,995.8,20,3,995.7,3744,8,995.6,2296,10,995.5,3626,18,996.0,281,1,996.2,200,3,996.3,250,4,996.4,440,9,996.5,1062,11
317,2025-11-26 09:51:05+05:30,995.9,125,991.9,1551502,335951.0,358889.0,986.2,998.8,981.3,986.2,119209500,1084.8,887.6,1102.5,649.1,995.9,750,1,995.8,20,3,995.7,3744,8,995.6,2296,10,995.5,3626,18,996.0,281,1,996.2,200,3,996.3,250,4,996.4,440,9,996.5,1062,11
317,2025-11-26 09:51:06+05:30,995.9,125,991.9,1551627,336673.0,360584.0,986.2,998.8,981.3,986.2,119209500,1084.8,887.6,1102.5,649.1,995.9,13,1,995.8,643,3,995.7,2601,5,995.6,1191,5,995.5,2799,13,996.0,281,1,996.2,602,7,996.3,749,9,996.4,1444,12,996.5,1025,13
317,2025-11-26 09:51:06+05:30,995.8,94,991.9,1551627,336673.0,360584.0,986.2,998.8,981.3,986.2,119209500,1084.8,887.6,1102.5,649.1,995.9,13,1,995.8,643,3,995.7,2601,5,995.6,1191,5,995.5,2799,13,996.0,281,1,996.2,602,7,996.3,749,9,996.4,1444,12,996.5,1025,13
317,2025-11-26 09:51:07+05:30,996.0,2,991.9,1551754,338204.0,362759.0,986.2,998.8,981.3,986.2,119209500,1084.8,887.6,1102.5,649.1,995.8,548,2,995.7,1101,3,995.6,2252,4,995.5,3453,14,995.4,2910,16,996.0,279,1,996.1,642,5,996.2,602,7,996.3,1080,13,996.4,1550,13
317,2025-11-26 09:51:07+05:30,995.8,125,991.9,1551754,338204.0,362759.0,986.2,998.8,981.3,986.2,119209500,1084.8,887.6,1102.5,649.1,995.8,548,2,995.7,1101,3,995.6,2252,4,995.5,3453,14,995.4,2910,16,996.0,279,1,996.1,642,5,996.2,602,7,996.3,1080,13,996.4,1550,13
317,2025-11-26 09:51:08+05:30,995.8,125,991.9,1551879,337190.0,363676.0,986.2,998.8,981.3,986.2,119209500,1084.8,887.6,1102.5,649.1,995.8,423,2,995.7,1101,3,995.6,3000,4,995.5,3193,13,995.4,3132,15,996.0,1425,7,996.1,981,7,996.2,602,7,996.3,825,13,996.4,1497,13
317,2025-11-26 09:51:09+05:30,996.0,37,991.91,1552630,338018.0,361282.0,986.2,998.8,981.3,986.2,119209500,1084.8,887.6,1102.5,649.1,995.9,8,1,995.8,423,2,995.7,1101,3,995.6,3313,7,995.5,3941,15,996.0,716,3,996.1,49,1,996.2,989,8,996.3,539,7,996.4,727,7
317,2025-11-26 09:51:09+05:30,996.0,37,991.91,1552630,338018.0,361282.0,986.2,998.8,981.3,986.2,119209500,1084.8,887.6,1102.5,649.1,995.9,8,1,995.8,423,2,995.7,1101,3,995.6,3313,7,995.5,3941,15,996.0,716,3,996.1,49,1,996.2,989,8,996.3,539,7,996.4,727,7
317,2025-11-26 09:51:10+05:30,995.8,125,991.91,1553629,337372.0,361321.0,986.2,998.8,981.3,986.2,119209500,1084.8,887.6,1102.5,649.1,995.8,199,2,995.7,1234,4,995.6,3563,10,995.5,3702,18,995.4,3088,15,996.0,314,3,996.1,235,1,996.2,321,4,996.3,859,10,996.4,791,11
317,2025-11-26 09:51:10+05:30,995.8,125,991.91,1553629,337372.0,361321.0,986.2,998.8,981.3,986.2,119209500,1084.8,887.6,1102.5,649.1,995.8,199,2,995.7,1234,4,995.6,3563,10,995.5,3702,18,995.4,3088,15,996.0,314,3,996.1,235,1,996.2,321,4,996.3,859,10,996.4,791,11
317,2025-11-26 09:51:11+05:30,995.8,250,991.91,1553629,337372.0,361321.0,986.2,998.8,981.3,986.2,119209500,1084.8,887.6,1102.5,649.1,995.8,199,2,995.7,1234,4,995.6,3563,10,995.5,3702,18,995.4,3088,15,996.0,314,3,996.1,235,1,996.2,321,4,996.3,859,10,996.4,791,11
317,2025-11-26 09:51:11+05:30,996.0,1,991.91,1554195,337348.0,361478.0,986.2,998.8,981.3,986.2,119209500,1084.8,887.6,1102.5,649.1,995.8,401,2,995.7,1101,3,995.6,3308,7,995.5,4083,20,995.4,3056,14,996.0,251,3,996.1,475,2,996.2,425,6,996.3,987,12,996.4,816,13
317,2025-11-26 09:51:12+05:30,996.0,1,991.91,1554195,337192.0,366524.0,986.2,998.8,981.3,986.2,119209500,1084.8,887.6,1102.5,649.1,995.8,401,2,995.7,1101,3,995.6,3259,6,995.5,3784,15,995.4,3250,12,996.0,251,3,996.1,623,4,996.2,518,7,996.3,992,13,996.4,816,13
317,2025-11-26 09:51:12+05:30,996.0,1,991.91,1554195,337192.0,366524.0,986.2,998.8,981.3,986.2,119209500,1084.8,887.6,1102.5,649.1,995.8,401,2,995.7,1101,3,995.6,3259,6,995.5,3784,15,995.4,3250,12,996.0,251,3,996.1,623,4,996.2,518,7,996.3,992,13,996.4,816,13
317,2025-11-26 09:51:13+05:30,996.0,1,991.91,1554195,337746.0,366560.0,986.2,998.8,981.3,986.2,119209500,1084.8,887.6,1102.5,649.1,995.9,384,1,995.8,66,2,995.7,4101,7,995.6,1785,5,995.5,3878,21,996.0,251,3,996.1,240,1,996.2,988,9,996.3,778,13,996.4,816,13
317,2025-11-26 09:51:14+05:30,996.0,1,991.91,1554195,340693.0,366531.0,986.2,998.8,981.3,986.2,119209500,1084.8,887.6,1102.5,649.1,995.9,384,1,995.8,66,2,995.7,4101,7,995.6,1893,6,995.5,3878,21,996.0,251,3,996.1,240,1,996.2,988,9,996.3,778,13,996.4,816,13
317,2025-11-26 09:51:15+05:30,996.0,1,991.91,1554206,340359.0,366498.0,986.2,998.8,981.3,986.2,119209500,1084.8,887.6,1102.5,649.1,995.9,374,1,995.8,406,3,995.7,3763,7,995.6,2643,7,995.5,3128,20,996.0,250,3,996.1,240,1,996.2,753,8,996.3,981,13,996.4,816,13
317,2025-11-26 09:51:15+05:30,996.0,1,991.91,1554206,340359.0,366498.0,986.2,998.8,981.3,986.2,119209500,1084.8,887.6,1102.5,649.1,995.9,374,1,995.8,406,3,995.7,3763,7,995.6,2643,7,995.5,3128,20,996.0,250,3,996.1,240,1,996.2,753,8,996.3,981,13,996.4,816,13
317,2025-11-26 09:51:16+05:30,996.2,65,991.91,1554206,340359.0,366498.0,986.2,998.8,981.3,986.2,119209500,1084.8,887.6,1102.5,649.1,995.9,374,1,995.8,406,3,995.7,3763,7,995.6,2643,7,995.5,3128,20,996.0,250,3,996.1,240,1,996.2,753,8,996.3,981,13,996.4,816,13
317,2025-11-26 09:51:16+05:30,996.2,65,991.91,1554976,341085.0,365160.0,986.2,998.8,981.3,986.2,119209500,1084.8,887.6,1102.5,649.1,995.9,354,1,995.8,406,3,995.7,3998,8,995.6,3137,12,995.5,3228,22,996.0,292,2,996.2,1,1,996.3,81,2,996.4,911,5,996.5,1063,9
317,2025-11-26 09:51:17+05:30,995.9,250,991.91,1555323,336319.0,366300.0,986.2,998.8,981.3,986.2,119209500,1084.8,887.6,1102.5,649.1,995.9,104,1,995.8,406,3,995.7,3763,7,995.6,3141,11,995.5,3228,22,996.0,195,2,996.1,526,1,996.2,443,4,996.3,663,6,996.4,942,6
317,2025-11-26 09:51:17+05:30,995.9,250,991.91,1555323,336319.0,366300.0,986.2,998.8,981.3,986.2,119209500,1084.8,887.6,1102.5,649.1,995.9,104,1,995.8,406,3,995.7,3763,7,995.6,3141,11,995.5,3228,22,996.0,195,2,996.1,526,1,996.2,443,4,996.3,663,6,996.4,942,6
317,2025-11-26 09:51:18+05:30,996.0,5,991.91,1555329,336232.0,366342.0,986.2,998.8,981.3,986.2,119209500,1084.8,887.6,1102.5,649.1,995.9,104,1,995.8,406,3,995.7,3761,6,995.6,3167,13,995.5,3253,22,996.0,189,2,996.1,526,1,996.2,374,3,996.3,663,6,996.4,1083,9
317,2025-11-26 09:51:18+05:30,996.0,5,991.91,1555329,336232.0,366342.0,986.2,998.8,981.3,986.2,119209500,1084.8,887.6,1102.5,649.1,995.9,104,1,995.8,406,3,995.7,3761,6,995.6,3167,13,995.5,3253,22,996.0,189,2,996.1,526,1,996.2,374,3,996.3,663,6,996.4,1083,9
317,2025-11-26 09:51:19+05:30,995.9,20,991.91,1555329,336232.0,366342.0,986.2,998.8,981.3,986.2,119209500,1084.8,887.6,1102.5,649.1,995.9,104,1,995.8,406,3,995.7,3761,6,995.6,3167,13,995.5,3253,22,996.0,189,2,996.1,526,1,996.2,374,3,996.3,663,6,996.4,1083,9
317,2025-11-26 09:51:19+05:30,995.9,20,991.91,1555350,338224.0,366329.0,986.2,998.8,981.3,986.2,119209500,1084.8,887.6,1102.5,649.1,995.9,84,1,995.8,406,3,995.7,3761,6,995.6,3167,13,995.5,3253,22,996.0,188,2,996.1,526,1,996.2,374,3,996.3,663,6,996.4,541,8
317,2025-11-26 09:51:20+05:30,996.0,562,991.91,1555350,338224.0,366329.0,986.2,998.8,981.3,986.2,119209500,1084.8,887.6,1102.5,649.1,995.9,84,1,995.8,406,3,995.7,3761,6,995.6,3167,13,995.5,3253,22,996.0,188,2,996.1,526,1,996.2,374,3,996.3,663,6,996.4,541,8
317,2025-11-26 09:51:20+05:30,996.0,562,991.92,1556100,334086.0,365777.0,986.2,998.8,981.3,986.2,119209500,1084.8,887.6,1102.5,649.1,995.9,97,2,995.8,408,4,995.7,4129,9,995.6,3165,12,995.5,3253,22,996.0,291,1,996.1,526,1,996.2,1,1,996.3,463,5,996.4,630,7
317,2025-11-26 09:51:21+05:30,995.8,11,991.92,1556100,334086.0,365777.0,986.2,998.8,981.3,986.2,119209500,1084.8,887.6,1102.5,649.1,995.9,97,2,995.8,408,4,995.7,4129,9,995.6,3165,12,995.5,3253,22,996.0,291,1,996.1,526,1,996.2,1,1,996.3,463,5,996.4,630,7
317,2025-11-26 09:51:21+05:30,996.0,7,991.92,1556232,335151.0,363508.0,986.2,998.8,981.3,986.2,119209500,1084.8,887.6,1102.5,649.1,995.9,750,1,995.8,395,3,995.7,3761,6,995.6,2748,12,995.5,3173,17,996.0,284,1,996.1,526,1,996.2,453,4,996.3,1146,11,996.4,1575,9
317,2025-11-26 09:51:22+05:30,996.0,750,991.92,1556232,335151.0,363508.0,986.2,998.8,981.3,986.2,119209500,1084.8,887.6,1102.5,649.1,995.9,750,1,995.8,395,3,995.7,3761,6,995.6,2748,12,995.5,3173,17,996.0,284,1,996.1,526,1,996.2,453,4,996.3,1146,11,996.4,1575,9
317,2025-11-26 09:51:22+05:30,996.0,750,991.92,1557732,339057.0,361915.0,986.2,998.8,981.3,986.2,119209500,1084.8,887.6,1102.5,649.1,995.9,750,1,995.8,395,3,995.7,4408,11,995.6,3539,19,995.5,3186,18,996.0,291,1,996.1,526,1,996.2,1,1,996.3,463,5,996.4,723,7
317,2025-11-26 09:51:23+05:30,995.9,109,991.92,1557732,339057.0,361915.0,986.2,998.8,981.3,986.2,119209500,1084.8,887.6,1102.5,649.1,995.9,750,1,995.8,395,3,995.7,4408,11,995.6,3539,19,995.5,3186,18,996.0,291,1,996.1,526,1,996.2,1,1,996.3,463,5,996.4,723,7
317,2025-11-26 09:51:23+05:30,995.9,1,991.92,1558217,338734.0,362446.0,986.2,998.8,981.3,986.2,119209500,1084.8,887.6,1102.5,649.1,995.9,265,1,995.8,395,3,995.7,3894,7,995.6,3515,18,995.5,3158,17,996.0,291,1,996.1,526,1,996.2,320,3,996.3,491,6,996.4,828,14
317,2025-11-26 09:51:24+05:30,995.9,1,991.92,1558217,338734.0,362446.0,986.2,998.8,981.3,986.2,119209500,1084.8,887.6,1102.5,649.1,995.9,265,1,995.8,395,3,995.7,3894,7,995.6,3515,18,995.5,3158,17,996.0,291,1,996.1,526,1,996.2,320,3,996.3,491,6,996.4,828,14
317,2025-11-26 09:51:25+05:30,995.9,1,991.92,1558217,337725.0,362500.0,986.2,998.8,981.3,986.2,119209500,1084.8,887.6,1102.5,649.1,995.9,265,1,995.8,395,3,995.7,3011,5,995.6,3515,18,995.5,3158,17,996.0,291,1,996.1,526,1,996.2,369,4,996.3,491,6,996.4,833,15
317,2025-11-26 09:51:26+05:30,995.9,1,991.92,1558217,337583.0,362444.0,986.2,998.8,981.3,986.2,119209500,1084.8,887.6,1102.5,649.1,995.9,289,3,995.8,395,3,995.7,3227,6,995.6,3299,17,995.5,3158,17,996.0,291,1,996.1,526,1,996.2,369,4,996.3,491,6,996.4,833,15
317,2025-11-26 09:51:27+05:30,996.0,750,991.92,1559017,337714.0,361785.0,986.2,998.8,981.3,986.2,119209500,1084.8,887.6,1102.5,649.1,995.9,289,3,995.8,397,4,995.7,3546,8,995.6,3324,17,995.5,3158,17,996.0,291,1,996.1,526,1,996.2,1,1,996.3,335,3,996.4,649,7
317,2025-11-26 09:51:27+05:30,996.0,750,991.92,1559017,337714.0,361785.0,986.2,998.8,981.3,986.2,119209500,1084.8,887.6,1102.5,649.1,995.9,289,3,995.8,397,4,995.7,3546,8,995.6,3324,17,995.5,3158,17,996.0,291,1,996.1,526,1,996.2,1,1,996.3,335,3,996.4,649,7
317,2025-11-26 09:51:28+05:30,996.0,16,991.92,1559092,336177.0,362130.0,986.2,998.8,981.3,986.2,119209500,1084.8,887.6,1102.5,649.1,995.9,489,4,995.8,397,4,995.7,3595,9,995.6,3324,17,995.5,3158,17,996.0,216,1,996.1,526,1,996.2,241,2,996.3,463,5,996.4,828,14
317,2025-11-26 09:51:28+05:30,995.9,125,991.92,1559092,336177.0,362130.0,986.2,998.8,981.3,986.2,119209500,1084.8,887.6,1102.5,649.1,995.9,489,4,995.8,397,4,995.7,3595,9,995.6,3324,17,995.5,3158,17,996.0,216,1,996.1,526,1,996.2,241,2,996.3,463,5,996.4,828,14
317,2025-11-26 09:51:29+05:30,995.9,125,991.92,1559530,334242.0,362251.0,986.2,998.8,981.3,986.2,119209500,1084.8,887.6,1102.5,649.1,995.9,366,5,995.8,397,4,995.7,3506,8,995.6,3324,17,995.5,3158,17,996.0,278,1,996.1,526,1,996.2,290,3,996.3,463,5,996.4,856,15
317,2025-11-26 09:51:30+05:30,996.0,5,991.93,1560285,335534.0,361981.0,986.2,998.8,981.3,986.2,119209500,1084.8,887.6,1102.5,649.1,995.9,366,5,995.8,136,4,995.7,3923,11,995.6,2255,10,995.5,3882,16,996.0,286,1,996.1,526,1,996.2,241,2,996.3,463,5,996.4,815,13
317,2025-11-26 09:51:30+05:30,996.0,750,991.93,1560285,335534.0,361981.0,986.2,998.8,981.3,986.2,119209500,1084.8,887.6,1102.5,649.1,995.9,366,5,995.8,136,4,995.7,3923,11,995.6,2255,10,995.5,3882,16,996.0,286,1,996.1,526,1,996.2,241,2,996.3,463,5,996.4,815,13
317,2025-11-26 09:51:31+05:30,996.0,750,991.93,1563642,339284.0,361413.0,986.2,998.8,981.3,986.2,119209500,1084.8,887.6,1102.5,649.1,995.9,226,4,995.8,886,5,995.7,1429,6,995.6,3508,14,995.5,3989,22,996.0,291,1,996.1,526,1,996.2,1,1,996.4,1007,7,996.5,774,7
317,2025-11-26 09:51:31+05:30,995.9,101,991.93,1563642,339284.0,361413.0,986.2,998.8,981.3,986.2,119209500,1084.8,887.6,1102.5,649.1,995.9,226,4,995.8,886,5,995.7,1429,6,995.6,3508,14,995.5,3989,22,996.0,291,1,996.1,526,1,996.2,1,1,996.4,1007,7,996.5,774,7
317,2025-11-26 09:51:32+05:30,995.8,1,991.94,1564413,335071.0,363360.0,986.2,998.8,981.3,986.2,119209500,1084.8,887.6,1102.5,649.1,995.8,475,2,995.7,1180,4,995.6,2585,7,995.5,4182,23,995.4,2846,13,996.0,271,1,996.1,526,1,996.2,390,6,996.3,1236,9,996.4,2005,13
317,2025-11-26 09:51:32+05:30,995.8,1,991.94,1564413,335071.0,363360.0,986.2,998.8,981.3,986.2,119209500,1084.8,887.6,1102.5,649.1,995.8,475,2,995.7,1180,4,995.6,2585,7,995.5,4182,23,995.4,2846,13,996.0,271,1,996.1,526,1,996.2,390,6,996.3,1236,9,996.4,2005,13
317,2025-11-26 09:51:33+05:30,995.8,125,991.94,1565380,333528.0,362347.0,986.2,998.8,981.3,986.2,119209500,1084.8,887.6,1102.5,649.1,995.8,258,2,995.7,1234,4,995.6,3079,10,995.5,3804,20,995.4,2846,13,996.0,266,2,996.2,351,5,996.3,1436,10,996.4,1262,17,996.5,856,10
317,2025-11-26 09:51:33+05:30,995.8,125,991.94,1565380,333528.0,362347.0,986.2,998.8,981.3,986.2,119209500,1084.8,887.6,1102.5,649.1,995.8,258,2,995.7,1234,4,995.6,3079,10,995.5,3804,20,995.4,2846,13,996.0,266,2,996.2,351,5,996.3,1436,10,996.4,1262,17,996.5,856,10
317,2025-11-26 09:51:34+05:30,995.8,233,991.94,1565380,333528.0,362347.0,986.2,998.8,981.3,986.2,119209500,1084.8,887.6,1102.5,649.1,995.8,258,2,995.7,1234,4,995.6,3079,10,995.5,3804,20,995.4,2846,13,996.0,266,2,996.2,351,5,996.3,1436,10,996.4,1262,17,996.5,856,10
317,2025-11-26 09:51:34+05:30,995.8,233,991.94,1565871,337347.0,363462.0,986.2,998.8,981.3,986.2,119209500,1084.8,887.6,1102.5,649.1,995.8,543,3,995.7,1101,3,995.6,2480,6,995.5,3804,20,995.4,3060,14,996.0,316,2,996.1,419,4,996.2,617,8,996.3,877,10,996.4,2143,19
317,2025-11-26 09:51:35+05:30,995.8,233,991.94,1565871,337347.0,363463.0,986.2,998.8,981.3,986.2,119209500,1084.8,887.6,1102.5,649.1,995.8,543,3,995.7,1101,3,995.6,2480,6,995.5,3804,20,995.4,3060,14,996.0,317,3,996.1,419,4,996.2,617,8,996.3,877,10,996.4,2143,19
317,2025-11-26 09:51:36+05:30,995.8,233,991.94,1565871,337050.0,363330.0,986.2,998.8,981.3,986.2,119209500,1084.8,887.6,1102.5,649.1,995.8,543,3,995.7,1101,3,995.6,2529,7,995.5,3804,20,995.4,3060,14,996.0,317,3,996.1,419,4,996.2,617,8,996.3,877,10,996.4,2010,10
317,2025-11-26 09:51:37+05:30,996.0,433,991.94,1565871,337050.0,363330.0,986.2,998.8,981.3,986.2,119209500,1084.8,887.6,1102.5,649.1,995.8,543,3,995.7,1101,3,995.6,2529,7,995.5,3804,20,995.4,3060,14,996.0,317,3,996.1,419,4,996.2,617,8,996.3,877,10,996.4,2010,10
317,2025-11-26 09:51:37+05:30,996.0,750,991.94,1567371,334266.0,361239.0,986.2,998.8,981.3,986.2,119209500,1084.8,887.6,1102.5,649.1,995.8,543,3,995.7,1904,9,995.6,3143,13,995.5,3804,20,995.4,3060,14,996.0,291,1,996.2,22,2,996.3,605,5,996.4,1040,7,996.5,996,10
317,2025-11-26 09:51:38+05:30,996.0,10,991.94,1567371,334266.0,361239.0,986.2,998.8,981.3,986.2,119209500,1084.8,887.6,1102.5,649.1,995.8,543,3,995.7,1904,9,995.6,3143,13,995.5,3804,20,995.4,3060,14,996.0,291,1,996.2,22,2,996.3,605,5,996.4,1040,7,996.5,996,10
317,2025-11-26 09:51:38+05:30,996.0,30,991.95,1568110,337390.0,362192.0,986.2,998.8,981.3,986.2,119209500,1084.8,887.6,1102.5,649.1,995.8,269,3,995.7,1234,4,995.6,2970,9,995.5,3998,21,995.4,3087,15,996.0,226,1,996.2,390,5,996.3,894,7,996.4,1088,11,996.5,1058,14
317,2025-11-26 09:51:39+05:30,996.0,5,991.95,1568110,337390.0,362192.0,986.2,998.8,981.3,986.2,119209500,1084.8,887.6,1102.5,649.1,995.8,269,3,995.7,1234,4,995.6,2970,9,995.5,3998,21,995.4,3087,15,996.0,226,1,996.2,390,5,996.3,894,7,996.4,1088,11,996.5,1058,14
317,2025-11-26 09:51:39+05:30,996.0,10,991.95,1568363,336642.0,363934.0,986.2,998.8,981.3,986.2,119209500,1084.8,887.6,1102.5,649.1,995.8,776,3,995.7,1101,3,995.6,2803,9,995.5,3816,20,995.4,3075,15,996.0,211,1,996.1,340,3,996.2,736,8,996.3,850,10,996.4,1957,13
317,2025-11-26 09:51:40+05:30,995.8,111,991.95,1568363,336642.0,363934.0,986.2,998.8,981.3,986.2,119209500,1084.8,887.6,1102.5,649.1,995.8,776,3,995.7,1101,3,995.6,2803,9,995.5,3816,20,995.4,3075,15,996.0,211,1,996.1,340,3,996.2,736,8,996.3,850,10,996.4,1957,13
317,2025-11-26 09:51:40+05:30,995.8,4,991.95,1568504,335504.0,364350.0,986.2,998.8,981.3,986.2,119209500,1084.8,887.6,1102.5,649.1,995.8,635,1,995.7,1101,3,995.6,2774,8,995.5,3816,20,995.4,3076,16,996.0,211,1,996.1,340,3,996.2,736,8,996.3,876,11,996.4,1957,13
317,2025-11-26 09:51:41+05:30,995.8,4,991.95,1568504,335504.0,364350.0,986.2,998.8,981.3,986.2,119209500,1084.8,887.6,1102.5,649.1,995.8,635,1,995.7,1101,3,995.6,2774,8,995.5,3816,20,995.4,3076,16,996.0,211,1,996.1,340,3,996.2,736,8,996.3,876,11,996.4,1957,13
317,2025-11-26 09:51:42+05:30,996.0,3,991.95,1568507,336520.0,364601.0,986.2,998.8,981.3,986.2,119209500,1084.8,887.6,1102.5,649.1,995.8,650,2,995.7,1101,3,995.6,2446,5,995.5,3616,19,995.4,3076,16,996.0,598,2,996.1,394,3,996.2,736,8,996.3,921,12,996.4,1767,13
317,2025-11-26 09:51:42+05:30,996.0,3,991.95,1568507,336520.0,364601.0,986.2,998.8,981.3,986.2,119209500,1084.8,887.6,1102.5,649.1,995.8,650,2,995.7,1101,3,995.6,2446,5,995.5,3616,19,995.4,3076,16,996.0,598,2,996.1,394,3,996.2,736,8,996.3,921,12,996.4,1767,13
317,2025-11-26 09:51:43+05:30,996.0,3,991.95,1569260,337532.0,362510.0,986.2,998.8,981.3,986.2,119209500,1084.8,887.6,1102.5,649.1,995.8,650,2,995.7,1380,5,995.6,3037,10,995.5,3793,20,995.4,3076,16,996.0,136,1,996.2,262,3,996.3,840,9,996.4,942,13,996.5,751,8
317,2025-11-26 09:51:43+05:30,996.0,3,991.95,1569260,337532.0,362510.0,986.2,998.8,981.3,986.2,119209500,1084.8,887.6,1102.5,649.1,995.8,650,2,995.7,1380,5,995.6,3037,10,995.5,3793,20,995.4,3076,16,996.0,136,1,996.2,262,3,996.3,840,9,996.4,942,13,996.5,751,8
317,2025-11-26 09:51:44+05:30,996.0,3,991.95,1569260,337555.0,363459.0,986.2,998.8,981.3,986.2,119209500,1084.8,887.6,1102.5,649.1,995.8,668,3,995.7,1380,5,995.6,3165,10,995.5,3616,19,995.4,3076,16,996.0,336,2,996.2,390,5,996.3,840,9,996.4,955,14,996.5,991,9
317,2025-11-26 09:51:44+05:30,995.8,137,991.95,1569260,337555.0,363459.0,986.2,998.8,981.3,986.2,119209500,1084.8,887.6,1102.5,649.1,995.8,668,3,995.7,1380,5,995.6,3165,10,995.5,3616,19,995.4,3076,16,996.0,336,2,996.2,390,5,996.3,840,9,996.4,955,14,996.5,991,9
317,2025-11-26 09:51:45+05:30,995.8,137,991.95,1569397,334997.0,365713.0,986.2,998.8,981.3,986.2,119209500,1084.8,887.6,1102.5,649.1,995.8,531,3,995.7,1234,4,995.6,3063,8,995.5,3537,18,995.4,3076,16,996.0,336,2,996.2,936,6,996.3,850,10,996.4,1794,16,996.5,1055,11
317,2025-11-26 09:51:46+05:30,995.8,4,991.95,1569397,334997.0,365713.0,986.2,998.8,981.3,986.2,119209500,1084.8,887.6,1102.5,649.1,995.8,531,3,995.7,1234,4,995.6,3063,8,995.5,3537,18,995.4,3076,16,996.0,336,2,996.2,936,6,996.3,850,10,996.4,1794,16,996.5,1055,11
317,2025-11-26 09:51:46+05:30,995.8,4,991.95,1569401,335087.0,365813.0,986.2,998.8,981.3,986.2,119209500,1084.8,887.6,1102.5,649.1,995.8,527,3,995.7,1101,3,995.6,3063,8,995.5,3737,19,995.4,3076,16,996.0,336,2,996.2,936,6,996.3,850,10,996.4,1794,16,996.5,1055,11
317,2025-11-26 09:51:47+05:30,996.0,25,991.95,1569401,335087.0,365813.0,986.2,998.8,981.3,986.2,119209500,1084.8,887.6,1102.5,649.1,995.8,527,3,995.7,1101,3,995.6,3063,8,995.5,3737,19,995.4,3076,16,996.0,336,2,996.2,936,6,996.3,850,10,996.4,1794,16,996.5,1055,11
317,2025-11-26 09:51:47+05:30,996.0,25,991.95,1570302,332379.0,365331.0,986.2,998.8,981.3,986.2,119209500,1084.8,887.6,1102.5,649.1,995.8,402,3,995.7,1101,3,995.6,3063,8,995.5,3789,19,995.4,3076,16,996.0,24,2,996.1,107,1,996.2,1060,8,996.3,876,11,996.4,1315,17
317,2025-11-26 09:51:48+05:30,996.0,25,991.95,1570302,336416.0,365331.0,986.2,998.8,981.3,986.2,119209500,1084.8,887.6,1102.5,649.1,995.8,415,4,995.7,1101,3,995.6,3063,8,995.5,3789,19,995.4,3076,16,996.0,24,2,996.1,107,1,996.2,1060,8,996.3,876,11,996.4,1315,17
317,2025-11-26 09:51:49+05:30,995.8,137,991.95,1570302,336416.0,365331.0,986.2,998.8,981.3,986.2,119209500,1084.8,887.6,1102.5,649.1,995.8,415,4,995.7,1101,3,995.6,3063,8,995.5,3789,19,995.4,3076,16,996.0,24,2,996.1,107,1,996.2,1060,8,996.3,876,11,996.4,1315,17
317,2025-11-26 09:51:49+05:30,996.0,26,991.95,1570509,334944.0,365683.0,986.2,998.8,981.3,986.2,119209500,1084.8,887.6,1102.5,649.1,995.8,258,4,995.7,1234,4,995.6,2886,7,995.5,3966,20,995.4,3102,17,996.0,265,1,996.1,181,2,996.2,509,7,996.3,842,10,996.4,1290,12
317,2025-11-26 09:51:50+05:30,996.0,26,991.95,1570509,334944.0,365683.0,986.2,998.8,981.3,986.2,119209500,1084.8,887.6,1102.5,649.1,995.8,258,4,995.7,1234,4,995.6,2886,7,995.5,3966,20,995.4,3102,17,996.0,265,1,996.1,181,2,996.2,509,7,996.3,842,10,996.4,1290,12
317,2025-11-26 09:51:50+05:30,996.0,26,991.95,1570509,335156.0,365619.0,986.2,998.8,981.3,986.2,119209500,1084.8,887.6,1102.5,649.1,995.8,258,4,995.7,1101,3,995.6,2914,8,995.5,3966,20,995.4,3102,17,996.0,265,1,996.1,102,1,996.2,686,8,996.3,842,10,996.4,1128,12
317,2025-11-26 09:51:51+05:30,995.8,1,991.95,1570509,335156.0,365619.0,986.2,998.8,981.3,986.2,119209500,1084.8,887.6,1102.5,649.1,995.8,258,4,995.7,1101,3,995.6,2914,8,995.5,3966,20,995.4,3102,17,996.0,265,1,996.1,102,1,996.2,686,8,996.3,842,10,996.4,1128,12
317,2025-11-26 09:51:51+05:30,996.0,750,991.95,1571260,338969.0,364940.0,986.2,998.8,981.3,986.2,119209500,1084.8,887.6,1102.5,649.1,995.8,257,4,995.7,1758,8,995.6,3042,10,995.5,3789,19,995.4,3089,16,996.0,291,1,996.2,269,4,996.3,594,7,996.4,855,10,996.5,1046,15
317,2025-11-26 09:51:52+05:30,996.0,74,991.95,1571260,338969.0,364940.0,986.2,998.8,981.3,986.2,119209500,1084.8,887.6,1102.5,649.1,995.8,257,4,995.7,1758,8,995.6,3042,10,995.5,3789,19,995.4,3089,16,996.0,291,1,996.2,269,4,996.3,594,7,996.4,855,10,996.5,1046,15
317,2025-11-26 09:51:52+05:30,996.0,74,991.95,1571471,339315.0,365208.0,986.2,998.8,981.3,986.2,119209500,1084.8,887.6,1102.5,649.1,995.8,929,5,995.7,1505,6,995.6,3036,10,995.5,3813,20,995.4,3063,15,996.0,317,2,996.2,397,6,996.3,604,8,996.4,983,12,996.5,1070,16
317,2025-11-26 09:51:53+05:30,995.8,13,991.95,1571471,339315.0,365208.0,986.2,998.8,981.3,986.2,119209500,1084.8,887.6,1102.5,649.1,995.8,929,5,995.7,1505,6,995.6,3036,10,995.5,3813,20,995.4,3063,15,996.0,317,2,996.2,397,6,996.3,604,8,996.4,983,12,996.5,1070,16
317,2025-11-26 09:51:54+05:30,995.8,13,991.96,1571621,337177.0,364981.0,986.2,998.8,981.3,986.2,119209500,1084.8,887.6,1102.5,649.1,995.9,646,1,995.8,18,1,995.7,3755,9,995.6,2401,10,995.5,3826,21,996.0,317,2,996.2,348,5,996.3,604,8,996.4,976,12,996.5,1046,15
317,2025-11-26 09:51:54+05:30,996.0,79,991.96,1571621,337177.0,364981.0,986.2,998.8,981.3,986.2,119209500,1084.8,887.6,1102.5,649.1,995.9,646,1,995.8,18,1,995.7,3755,9,995.6,2401,10,995.5,3826,21,996.0,317,2,996.2,348,5,996.3,604,8,996.4,976,12,996.5,1046,15
317,2025-11-26 09:51:55+05:30,996.0,79,991.97,1577414,337565.0,363083.0,986.2,998.8,981.3,986.2,119209500,1084.8,887.6,1102.5,649.1,995.9,9,1,995.8,915,7,995.7,3740,11,995.6,3633,19,995.5,3065,20,996.0,293,2,996.2,8,2,996.3,14,2,996.4,636,9,996.5,1146,6
317,2025-11-26 09:51:55+05:30,996.0,37,991.97,1577414,337565.0,363083.0,986.2,998.8,981.3,986.2,119209500,1084.8,887.6,1102.5,649.1,995.9,9,1,995.8,915,7,995.7,3740,11,995.6,3633,19,995.5,3065,20,996.0,293,2,996.2,8,2,996.3,14,2,996.4,636,9,996.5,1146,6
317,2025-11-26 09:51:55+05:30,996.0,37,991.97,1577414,337565.0,363083.0,986.2,998.8,981.3,986.2,119209500,1084.8,887.6,1102.5,649.1,995.9,9,1,995.8,915,7,995.7,3740,11,995.6,3633,19,995.5,3065,20,996.0,293,2,996.2,8,2,996.3,14,2,996.4,636,9,996.5,1146,6
317,2025-11-26 09:51:56+05:30,996.0,37,991.97,1577414,337565.0,363083.0,986.2,998.8,981.3,986.2,119209500,1084.8,887.6,1102.5,649.1,995.9,9,1,995.8,915,7,995.7,3740,11,995.6,3633,19,995.5,3065,20,996.0,293,2,996.2,8,2,996.3,14,2,996.4,636,9,996.5,1146,6
317,2025-11-26 09:51:56+05:30,995.8,99,991.97,1578940,333130.0,366099.0,986.2,998.8,981.3,986.2,119209500,1084.8,887.6,1102.5,649.1,995.8,240,1,995.7,2250,3,995.6,1242,7,995.5,3800,15,995.4,3037,14,996.0,249,1,996.1,176,2,996.2,953,12,996.3,953,10,996.4,1561,15
317,2025-11-26 09:51:56+05:30,996.0,240,991.97,1578940,333130.0,366099.0,986.2,998.8,981.3,986.2,119209500,1084.8,887.6,1102.5,649.1,995.8,240,1,995.7,2250,3,995.6,1242,7,995.5,3800,15,995.4,3037,14,996.0,249,1,996.1,176,2,996.2,953,12,996.3,953,10,996.4,1561,15
317,2025-11-26 09:51:56+05:30,996.0,240,991.97,1578940,333130.0,366099.0,986.2,998.8,981.3,986.2,119209500,1084.8,887.6,1102.5,649.1,995.8,240,1,995.7,2250,3,995.6,1242,7,995.5,3800,15,995.4,3037,14,996.0,249,1,996.1,176,2,996.2,953,12,996.3,953,10,996.4,1561,15
317,2025-11-26 09:51:57+05:30,996.0,240,991.97,1578940,333130.0,366099.0,986.2,998.8,981.3,986.2,119209500,1084.8,887.6,1102.5,649.1,995.8,240,1,995.7,2250,3,995.6,1242,7,995.5,3800,15,995.4,3037,14,996.0,249,1,996.1,176,2,996.2,953,12,996.3,953,10,996.4,1561,15
317,2025-11-26 09:51:57+05:30,995.8,274,991.97,1579454,332832.0,365680.0,986.2,998.8,981.3,986.2,119209500,1084.8,887.6,1102.5,649.1,995.8,476,1,995.7,896,2,995.6,2877,10,995.5,3864,19,995.4,3072,16,996.0,29,2,996.1,413,4,996.2,532,8,996.3,913,10,996.4,1732,17
317,2025-11-26 09:51:57+05:30,995.8,274,991.97,1579454,332832.0,365680.0,986.2,998.8,981.3,986.2,119209500,1084.8,887.6,1102.5,649.1,995.8,476,1,995.7,896,2,995.6,2877,10,995.5,3864,19,995.4,3072,16,996.0,29,2,996.1,413,4,996.2,532,8,996.3,913,10,996.4,1732,17
317,2025-11-26 09:51:57+05:30,995.8,274,991.97,1579454,332832.0,365680.0,986.2,998.8,981.3,986.2,119209500,1084.8,887.6,1102.5,649.1,995.8,476,1,995.7,896,2,995.6,2877,10,995.5,3864,19,995.4,3072,16,996.0,29,2,996.1,413,4,996.2,532,8,996.3,913,10,996.4,1732,17
317,2025-11-26 09:51:58+05:30,995.8,274,991.97,1579454,332832.0,365680.0,986.2,998.8,981.3,986.2,119209500,1084.8,887.6,1102.5,649.1,995.8,476,1,995.7,896,2,995.6,2877,10,995.5,3864,19,995.4,3072,16,996.0,29,2,996.1,413,4,996.2,532,8,996.3,913,10,996.4,1732,17
317,2025-11-26 09:51:58+05:30,995.8,137,991.98,1579591,335530.0,365681.0,986.2,998.8,981.3,986.2,119209500,1084.8,887.6,1102.5,649.1,995.8,358,3,995.7,1287,2,995.6,3173,11,995.5,3739,18,995.4,3096,17,996.0,29,2,996.1,253,3,996.2,692,9,996.3,915,11,996.4,1731,16
317,2025-11-26 09:51:58+05:30,995.8,137,991.98,1579591,335530.0,365681.0,986.2,998.8,981.3,986.2,119209500,1084.8,887.6,1102.5,649.1,995.8,358,3,995.7,1287,2,995.6,3173,11,995.5,3739,18,995.4,3096,17,996.0,29,2,996.1,253,3,996.2,692,9,996.3,915,11,996.4,1731,16
317,2025-11-26 09:51:58+05:30,995.8,137,991.98,1579591,335530.0,365681.0,986.2,998.8,981.3,986.2,119209500,1084.8,887.6,1102.5,649.1,995.8,358,3,995.7,1287,2,995.6,3173,11,995.5,3739,18,995.4,3096,17,996.0,29,2,996.1,253,3,996.2,692,9,996.3,915,11,996.4,1731,16
317,2025-11-26 09:51:58+05:30,995.8,137,991.98,1579591,335530.0,365681.0,986.2,998.8,981.3,986.2,119359500,1084.8,887.6,1102.5,649.1,995.8,358,3,995.7,1287,2,995.6,3173,11,995.5,3739,18,995.4,3096,17,996.0,29,2,996.1,253,3,996.2,692,9,996.3,915,11,996.4,1731,16
317,2025-11-26 09:51:59+05:30,995.8,137,991.98,1579591,335530.0,365681.0,986.2,998.8,981.3,986.2,119359500,1084.8,887.6,1102.5,649.1,995.8,358,3,995.7,1287,2,995.6,3173,11,995.5,3739,18,995.4,3096,17,996.0,29,2,996.1,253,3,996.2,692,9,996.3,915,11,996.4,1731,16
317,2025-11-26 09:51:59+05:30,996.0,1,991.98,1579592,335796.0,364873.0,986.2,998.8,981.3,986.2,119359500,1084.8,887.6,1102.5,649.1,995.8,358,3,995.7,1287,2,995.6,3074,11,995.5,3864,19,995.4,3096,17,996.0,28,2,996.1,117,2,996.2,508,7,996.3,729,8,996.4,1884,11
317,2025-11-26 09:51:59+05:30,996.0,1,991.98,1579592,335796.0,364873.0,986.2,998.8,981.3,986.2,119359500,1084.8,887.6,1102.5,649.1,995.8,358,3,995.7,1287,2,995.6,3074,11,995.5,3864,19,995.4,3096,17,996.0,28,2,996.1,117,2,996.2,508,7,996.3,729,8,996.4,1884,11
317,2025-11-26 09:51:59+05:30,996.0,1,991.98,1579592,335796.0,364873.0,986.2,998.8,981.3,986.2,119359500,1084.8,887.6,1102.5,649.1,995.8,358,3,995.7,1287,2,995.6,3074,11,995.5,3864,19,995.4,3096,17,996.0,28,2,996.1,117,2,996.2,508,7,996.3,729,8,996.4,1884,11
317,2025-11-26 09:52:00+05:30,996.0,1,991.98,1579592,338533.0,366014.0,986.2,998.8,981.3,986.2,119359500,1084.8,887.6,1102.5,649.1,995.8,358,3,995.7,2037,3,995.6,3048,10,995.5,3864,19,995.4,3096,17,996.0,28,2,996.1,117,2,996.2,508,7,996.3,729,8,996.4,1884,11
317,2025-11-26 09:52:01+05:30,995.8,10,991.98,1579602,338633.0,366039.0,986.2,998.8,981.3,986.2,119359500,1084.8,887.6,1102.5,649.1,995.8,348,3,995.7,2086,4,995.6,3069,11,995.5,3864,19,995.4,3096,17,996.0,28,2,996.1,117,2,996.2,508,7,996.3,729,8,996.4,1884,11
317,2025-11-26 09:52:01+05:30,995.8,10,991.98,1579602,338633.0,366039.0,986.2,998.8,981.3,986.2,119359500,1084.8,887.6,1102.5,649.1,995.8,348,3,995.7,2086,4,995.6,3069,11,995.5,3864,19,995.4,3096,17,996.0,28,2,996.1,117,2,996.2,508,7,996.3,729,8,996.4,1884,11
317,2025-11-26 09:52:02+05:30,996.0,5,991.98,1579607,336520.0,366034.0,986.2,998.8,981.3,986.2,119359500,1084.8,887.6,1102.5,649.1,995.8,361,4,995.7,2086,4,995.6,3081,12,995.5,3739,18,995.4,3096,17,996.0,23,2,996.1,117,2,996.2,508,7,996.3,729,8,996.4,1884,11
317,2025-11-26 09:52:02+05:30,996.0,5,991.98,1579607,336520.0,366034.0,986.2,998.8,981.3,986.2,119359500,1084.8,887.6,1102.5,649.1,995.8,361,4,995.7,2086,4,995.6,3081,12,995.5,3739,18,995.4,3096,17,996.0,23,2,996.1,117,2,996.2,508,7,996.3,729,8,996.4,1884,11
317,2025-11-26 09:52:03+05:30,996.0,5,991.98,1579607,338680.0,366061.0,986.2,998.8,981.3,986.2,119359500,1084.8,887.6,1102.5,649.1,995.8,847,5,995.7,1549,3,995.6,3081,12,995.5,3739,18,995.4,3096,17,996.0,23,2,996.1,117,2,996.2,508,7,996.3,729,8,996.4,1884,11
317,2025-11-26 09:52:04+05:30,996.0,30,991.98,1579951,339311.0,365057.0,986.2,998.8,981.3,986.2,119359500,1084.8,887.6,1102.5,649.1,995.8,799,5,995.7,1864,5,995.6,3110,13,995.5,3739,18,995.4,3096,17,996.0,102,1,996.1,20,1,996.2,396,5,996.3,636,7,996.4,746,7
317,2025-11-26 09:52:04+05:30,995.8,35,991.98,1579951,339311.0,365057.0,986.2,998.8,981.3,986.2,119359500,1084.8,887.6,1102.5,649.1,995.8,799,5,995.7,1864,5,995.6,3110,13,995.5,3739,18,995.4,3096,17,996.0,102,1,996.1,20,1,996.2,396,5,996.3,636,7,996.4,746,7
317,2025-11-26 09:52:05+05:30,996.0,10,991.98,1581598,340204.0,363065.0,986.2,998.8,981.3,986.2,119359500,1084.8,887.6,1102.5,649.1,995.8,32,3,995.7,3879,11,995.6,1736,11,995.5,3828,21,995.4,3191,14,996.0,276,1,996.2,8,2,996.3,311,4,996.4,385,4,996.5,498,6
317,2025-11-26 09:52:05+05:30,996.0,10,991.98,1581598,340204.0,363065.0,986.2,998.8,981.3,986.2,119359500,1084.8,887.6,1102.5,649.1,995.8,32,3,995.7,3879,11,995.6,1736,11,995.5,3828,21,995.4,3191,14,996.0,276,1,996.2,8,2,996.3,311,4,996.4,385,4,996.5,498,6
317,2025-11-26 09:52:06+05:30,995.8,85,991.98,1582666,338637.0,363755.0,986.2,998.8,981.3,986.2,119359500,1084.8,887.6,1102.5,649.1,995.8,23,2,995.7,4383,10,995.6,2448,11,995.5,3830,22,995.4,1658,10,996.0,209,1,996.2,101,3,996.3,463,6,996.4,630,11,996.5,721,9
317,2025-11-26 09:52:06+05:30,996.0,87,991.98,1582666,338637.0,363755.0,986.2,998.8,981.3,986.2,119359500,1084.8,887.6,1102.5,649.1,995.8,23,2,995.7,4383,10,995.6,2448,11,995.5,3830,22,995.4,1658,10,996.0,209,1,996.2,101,3,996.3,463,6,996.4,630,11,996.5,721,9
317,2025-11-26 09:52:07+05:30,996.0,200,991.98,1582953,340318.0,364559.0,986.2,998.8,981.3,986.2,119359500,1084.8,887.6,1102.5,649.1,995.8,23,2,995.7,4177,9,995.6,2402,9,995.5,3842,23,995.4,1658,10,996.0,253,1,996.2,514,6,996.3,568,9,996.4,719,10,996.5,836,10
317,2025-11-26 09:52:07+05:30,996.0,200,991.98,1582953,340318.0,364559.0,986.2,998.8,981.3,986.2,119359500,1084.8,887.6,1102.5,649.1,995.8,23,2,995.7,4177,9,995.6,2402,9,995.5,3842,23,995.4,1658,10,996.0,253,1,996.2,514,6,996.3,568,9,996.4,719,10,996.5,836,10
317,2025-11-26 09:52:08+05:30,995.7,115,991.98,1583227,338493.0,366224.0,986.2,998.8,981.3,986.2,119359500,1084.8,887.6,1102.5,649.1,995.8,750,1,995.7,2887,5,995.6,2108,7,995.5,3630,21,995.4,1682,11,996.0,253,1,996.1,133,1,996.2,716,8,996.3,613,10,996.4,1689,13
317,2025-11-26 09:52:08+05:30,995.7,115,991.98,1583227,338493.0,366224.0,986.2,998.8,981.3,986.2,119359500,1084.8,887.6,1102.5,649.1,995.8,750,1,995.7,2887,5,995.6,2108,7,995.5,3630,21,995.4,1682,11,996.0,253,1,996.1,133,1,996.2,716,8,996.3,613,10,996.4,1689,13
317,2025-11-26 09:52:09+05:30,995.7,115,991.98,1583227,336197.0,366486.0,986.2,998.8,981.3,986.2,119359500,1084.8,887.6,1102.5,649.1,995.8,5,1,995.7,3637,6,995.6,1807,4,995.5,3642,22,995.4,1682,11,996.0,253,1,996.1,369,2,996.2,795,9,996.3,614,11,996.4,1694,14
317,2025-11-26 09:52:10+05:30,995.9,200,991.99,1585682,337017.0,364279.0,986.2,998.8,981.3,986.2,119359500,1084.8,887.6,1102.5,649.1,995.9,550,1,995.8,5,1,995.7,3301,9,995.6,3143,10,995.5,3104,22,996.0,253,1,996.2,103,4,996.3,551,10,996.4,544,8,996.5,571,6
317,2025-11-26 09:52:10+05:30,995.9,200,991.99,1585682,337017.0,364279.0,986.2,998.8,981.3,986.2,119359500,1084.8,887.6,1102.5,649.1,995.9,550,1,995.8,5,1,995.7,3301,9,995.6,3143,10,995.5,3104,22,996.0,253,1,996.2,103,4,996.3,551,10,996.4,544,8,996.5,571,6
317,2025-11-26 09:52:11+05:30,996.0,207,991.99,1586437,335436.0,366974.0,986.2,998.8,981.3,986.2,119359500,1084.8,887.6,1102.5,649.1,995.8,550,1,995.7,967,3,995.6,2086,6,995.5,3696,16,995.4,3401,13,996.0,46,1,996.1,236,1,996.2,624,8,996.3,854,13,996.4,1624,15
317,2025-11-26 09:52:11+05:30,996.0,207,991.99,1586437,335436.0,366974.0,986.2,998.8,981.3,986.2,119359500,1084.8,887.6,1102.5,649.1,995.8,550,1,995.7,967,3,995.6,2086,6,995.5,3696,16,995.4,3401,13,996.0,46,1,996.1,236,1,996.2,624,8,996.3,854,13,996.4,1624,15
317,2025-11-26 09:52:12+05:30,995.8,99,991.99,1586536,335993.0,366898.0,986.2,998.8,981.3,986.2,119359500,1084.8,887.6,1102.5,649.1,995.8,451,1,995.7,768,2,995.6,2836,7,995.5,3696,16,995.4,3506,20,996.0,46,1,996.1,466,3,996.2,718,9,996.3,822,14,996.4,1552,15
317,2025-11-26 09:52:12+05:30,995.8,99,991.99,1586536,335993.0,366898.0,986.2,998.8,981.3,986.2,119359500,1084.8,887.6,1102.5,649.1,995.8,451,1,995.7,768,2,995.6,2836,7,995.5,3696,16,995.4,3506,20,996.0,46,1,996.1,466,3,996.2,718,9,996.3,822,14,996.4,1552,15
317,2025-11-26 09:52:13+05:30,995.8,137,991.99,1586673,336361.0,367344.0,986.2,998.8,981.3,986.2,119359500,1084.8,887.6,1102.5,649.1,995.8,314,1,995.7,1246,3,995.6,3072,8,995.5,3696,16,995.4,3506,20,996.0,46,1,996.1,466,3,996.2,718,9,996.3,822,14,996.4,1552,15
317,2025-11-26 09:52:13+05:30,995.8,137,991.99,1586673,336361.0,367344.0,986.2,998.8,981.3,986.2,119359500,1084.8,887.6,1102.5,649.1,995.8,314,1,995.7,1246,3,995.6,3072,8,995.5,3696,16,995.4,3506,20,996.0,46,1,996.1,466,3,996.2,718,9,996.3,822,14,996.4,1552,15
317,2025-11-26 09:52:14+05:30,995.8,137,991.99,1586673,336636.0,367753.0,986.2,998.8,981.3,986.2,119359500,1084.8,887.6,1102.5,649.1,995.8,314,1,995.7,1518,3,995.6,2836,7,995.5,3718,17,995.4,3506,20,996.0,46,1,996.1,328,3,996.2,1006,12,996.3,975,12,996.4,1494,11
317,2025-11-26 09:52:15+05:30,995.8,137,991.99,1586673,336637.0,367753.0,986.2,998.8,981.3,986.2,119359500,1084.8,887.6,1102.5,649.1,995.8,314,1,995.7,1518,3,995.6,2885,8,995.5,3718,17,995.4,3506,20,996.0,46,1,996.1,328,3,996.2,1006,12,996.3,975,12,996.4,1494,11
317,2025-11-26 09:52:16+05:30,996.0,48,991.99,1586673,336637.0,367753.0,986.2,998.8,981.3,986.2,119359500,1084.8,887.6,1102.5,649.1,995.8,314,1,995.7,1518,3,995.6,2885,8,995.5,3718,17,995.4,3506,20,996.0,46,1,996.1,328,3,996.2,1006,12,996.3,975,12,996.4,1494,11
317,2025-11-26 09:52:16+05:30,996.0,48,991.99,1586721,336333.0,366873.0,986.2,998.8,981.3,986.2,119359500,1084.8,887.6,1102.5,649.1,995.9,750,1,995.8,13,1,995.7,3201,6,995.6,2371,8,995.5,3715,16,996.0,253,1,996.1,7,1,996.2,794,10,996.3,975,12,996.4,754,10
317,2025-11-26 09:52:17+05:30,996.0,48,991.99,1586721,338417.0,366873.0,986.2,998.8,981.3,986.2,119359500,1084.8,887.6,1102.5,649.1,995.9,750,1,995.8,327,2,995.7,2887,5,995.6,3121,9,995.5,2991,17,996.0,253,1,996.1,7,1,996.2,794,10,996.3,975,12,996.4,754,10
317,2025-11-26 09:52:18+05:30,996.0,48,991.99,1586721,338449.0,366873.0,986.2,998.8,981.3,986.2,119359500,1084.8,887.6,1102.5,649.1,995.9,750,1,995.8,327,2,995.7,2887,5,995.6,3121,9,995.5,2991,17,996.0,253,1,996.1,7,1,996.2,745,9,996.3,975,12,996.4,754,10
317,2025-11-26 09:52:19+05:30,996.0,750,991.99,1586721,338449.0,366873.0,986.2,998.8,981.3,986.2,119359500,1084.8,887.6,1102.5,649.1,995.9,750,1,995.8,327,2,995.7,2887,5,995.6,3121,9,995.5,2991,17,996.0,253,1,996.1,7,1,996.2,745,9,996.3,975,12,996.4,754,10
317,2025-11-26 09:52:19+05:30,995.9,1,992.0,1587477,339309.0,366565.0,986.2,998.8,981.3,986.2,119359500,1084.8,887.6,1102.5,649.1,995.9,749,1,995.8,110,2,995.7,3783,9,995.6,2371,8,995.5,3791,19,996.0,248,1,996.2,260,4,996.3,807,9,996.4,1106,17,996.5,1159,14
317,2025-11-26 09:52:21+05:30,995.9,137,992.0,1587477,339309.0,366565.0,986.2,998.8,981.3,986.2,119359500,1084.8,887.6,1102.5,649.1,995.9,749,1,995.8,110,2,995.7,3783,9,995.6,2371,8,995.5,3791,19,996.0,248,1,996.2,260,4,996.3,807,9,996.4,1106,17,996.5,1159,14
317,2025-11-26 09:52:21+05:30,995.9,137,992.0,1587625,339304.0,366736.0,986.2,998.8,981.3,986.2,119359500,1084.8,887.6,1102.5,649.1,995.9,30,2,995.7,1909,6,995.6,3121,9,995.5,3747,16,995.4,3298,20,996.0,267,2,996.1,79,1,996.2,388,6,996.3,1337,11,996.4,961,16
317,2025-11-26 09:52:24+05:30,996.0,5,992.0,1587625,339304.0,366736.0,986.2,998.8,981.3,986.2,119359500,1084.8,887.6,1102.5,649.1,995.9,30,2,995.7,1909,6,995.6,3121,9,995.5,3747,16,995.4,3298,20,996.0,267,2,996.1,79,1,996.2,388,6,996.3,1337,11,996.4,961,16
317,2025-11-26 09:52:27+05:30,996.0,15,992.0,1589583,338551.0,366396.0,986.2,998.8,981.3,986.2,119359500,1084.8,887.6,1102.5,649.1,995.9,17,1,995.7,3342,8,995.6,1671,8,995.5,3747,16,995.4,3298,20,996.0,238,1,996.2,369,5,996.3,582,6,996.4,1369,16,996.5,880,9
317,2025-11-26 09:52:27+05:30,996.0,15,992.0,1589583,338551.0,366396.0,986.2,998.8,981.3,986.2,119359500,1084.8,887.6,1102.5,649.1,995.9,17,1,995.7,3342,8,995.6,1671,8,995.5,3747,16,995.4,3298,20,996.0,238,1,996.2,369,5,996.3,582,6,996.4,1369,16,996.5,880,9
317,2025-11-26 09:52:30+05:30,995.9,1,992.0,1589583,338551.0,366396.0,986.2,998.8,981.3,986.2,119359500,1084.8,887.6,1102.5,649.1,995.9,17,1,995.7,3342,8,995.6,1671,8,995.5,3747,16,995.4,3298,20,996.0,238,1,996.2,369,5,996.3,582,6,996.4,1369,16,996.5,880,9
317,2025-11-26 09:52:32+05:30,996.2,20,992.01,1594277,337764.0,359117.0,986.2,998.8,981.3,986.2,119359500,1084.8,887.6,1102.5,649.1,996.2,432,7,996.1,2374,11,996.0,2693,16,995.9,2257,14,995.8,2044,11,996.7,323,3,996.8,665,7,996.9,1663,15,997.0,5766,20,997.1,1282,16
317,2025-11-26 09:52:33+05:30,996.1,80,992.01,1594277,337764.0,359117.0,986.2,998.8,981.3,986.2,119359500,1084.8,887.6,1102.5,649.1,996.2,432,7,996.1,2374,11,996.0,2693,16,995.9,2257,14,995.8,2044,11,996.7,323,3,996.8,665,7,996.9,1663,15,997.0,5766,20,997.1,1282,16
317,2025-11-26 09:52:36+05:30,996.4,81,992.01,1594277,337764.0,359117.0,986.2,998.8,981.3,986.2,119359500,1084.8,887.6,1102.5,649.1,996.2,432,7,996.1,2374,11,996.0,2693,16,995.9,2257,14,995.8,2044,11,996.7,323,3,996.8,665,7,996.9,1663,15,997.0,5766,20,997.1,1282,16
317,2025-11-26 09:52:38+05:30,996.4,125,992.02,1596656,343232.0,359262.0,986.2,998.8,981.3,986.2,119359500,1084.8,887.6,1102.5,649.1,996.4,625,1,996.3,750,1,996.2,3839,12,996.1,2891,12,996.0,2624,13,996.7,145,2,996.8,1059,11,996.9,1212,14,997.0,5735,21,997.1,1536,19
317,2025-11-26 09:52:39+05:30,996.7,18,992.02,1596656,343232.0,359262.0,986.2,998.8,981.3,986.2,119359500,1084.8,887.6,1102.5,649.1,996.4,625,1,996.3,750,1,996.2,3839,12,996.1,2891,12,996.0,2624,13,996.7,145,2,996.8,1059,11,996.9,1212,14,997.0,5735,21,997.1,1536,19
317,2025-11-26 09:52:42+05:30,996.7,10,992.02,1596656,343232.0,359262.0,986.2,998.8,981.3,986.2,119359500,1084.8,887.6,1102.5,649.1,996.4,625,1,996.3,750,1,996.2,3839,12,996.1,2891,12,996.0,2624,13,996.7,145,2,996.8,1059,11,996.9,1212,14,997.0,5735,21,997.1,1536,19
317,2025-11-26 09:52:44+05:30,996.5,1,992.02,1598042,342707.0,359697.0,986.2,998.8,981.3,986.2,119359500,1084.8,887.6,1102.5,649.1,996.5,1242,2,996.4,498,2,996.2,2486,6,996.1,3427,18,996.0,2503,12,996.7,943,7,996.8,971,13,996.9,806,11,997.0,5715,22,997.1,1272,16
317,2025-11-26 09:52:45+05:30,996.1,252,992.02,1598042,342707.0,359697.0,986.2,998.8,981.3,986.2,119359500,1084.8,887.6,1102.5,649.1,996.5,1242,2,996.4,498,2,996.2,2486,6,996.1,3427,18,996.0,2503,12,996.7,943,7,996.8,971,13,996.9,806,11,997.0,5715,22,997.1,1272,16
317,2025-11-26 09:52:48+05:30,996.1,96,992.02,1598042,342707.0,359697.0,986.2,998.8,981.3,986.2,119359500,1084.8,887.6,1102.5,649.1,996.5,1242,2,996.4,498,2,996.2,2486,6,996.1,3427,18,996.0,2503,12,996.7,943,7,996.8,971,13,996.9,806,11,997.0,5715,22,997.1,1272,16
317,2025-11-26 09:52:49+05:30,996.4,1,992.03,1600053,339036.0,365001.0,986.2,998.8,981.3,986.2,119359500,1084.8,887.6,1102.5,649.1,996.1,898,3,996.0,1796,5,995.9,3706,10,995.8,2527,18,995.7,3396,12,996.4,439,6,996.5,556,6,996.6,1133,13,996.7,1269,18,996.8,2148,21
317,2025-11-26 09:52:51+05:30,996.1,232,992.03,1600053,339036.0,365001.0,986.2,998.8,981.3,986.2,119359500,1084.8,887.6,1102.5,649.1,996.1,898,3,996.0,1796,5,995.9,3706,10,995.8,2527,18,995.7,3396,12,996.4,439,6,996.5,556,6,996.6,1133,13,996.7,1269,18,996.8,2148,21
317,2025-11-26 09:52:54+05:30,996.4,10,992.03,1600053,339036.0,365001.0,986.2,998.8,981.3,986.2,119359500,1084.8,887.6,1102.5,649.1,996.1,898,3,996.0,1796,5,995.9,3706,10,995.8,2527,18,995.7,3396,12,996.4,439,6,996.5,556,6,996.6,1133,13,996.7,1269,18,996.8,2148,21
317,2025-11-26 09:52:55+05:30,996.4,10,992.03,1600775,344033.0,365188.0,986.2,998.8,981.3,986.2,119359500,1084.8,887.6,1102.5,649.1,996.1,1061,4,996.0,2228,5,995.9,3715,9,995.8,2441,16,995.7,3396,12,996.4,266,3,996.5,1256,8,996.6,785,15,996.7,1170,12,996.8,2061,25
317,2025-11-26 09:52:57+05:30,996.1,191,992.03,1600775,344033.0,365188.0,986.2,998.8,981.3,986.2,119359500,1084.8,887.6,1102.5,649.1,996.1,1061,4,996.0,2228,5,995.9,3715,9,995.8,2441,16,995.7,3396,12,996.4,266,3,996.5,1256,8,996.6,785,15,996.7,1170,12,996.8,2061,25
317,2025-11-26 09:53:00+05:30,996.2,750,992.03,1600775,344033.0,365188.0,986.2,998.8,981.3,986.2,119359500,1084.8,887.6,1102.5,649.1,996.1,1061,4,996.0,2228,5,995.9,3715,9,995.8,2441,16,995.7,3396,12,996.4,266,3,996.5,1256,8,996.6,785,15,996.7,1170,12,996.8,2061,25
317,2025-11-26 09:53:01+05:30,996.1,120,992.03,1602267,343718.0,367378.0,986.2,998.8,981.3,986.2,119359500,1084.8,887.6,1102.5,649.1,996.1,1061,3,996.0,1352,4,995.9,4372,9,995.8,1722,15,995.7,4153,13,996.4,345,4,996.5,1208,9,996.6,647,11,996.7,1352,15,996.8,1895,23
317,2025-11-26 09:53:03+05:30,996.4,31,992.03,1602267,343718.0,367378.0,986.2,998.8,981.3,986.2,119359500,1084.8,887.6,1102.5,649.1,996.1,1061,3,996.0,1352,4,995.9,4372,9,995.8,1722,15,995.7,4153,13,996.4,345,4,996.5,1208,9,996.6,647,11,996.7,1352,15,996.8,1895,23
317,2025-11-26 09:53:06+05:30,996.1,125,992.03,1602267,343718.0,367378.0,986.2,998.8,981.3,986.2,119359500,1084.8,887.6,1102.5,649.1,996.1,1061,3,996.0,1352,4,995.9,4372,9,995.8,1722,15,995.7,4153,13,996.4,345,4,996.5,1208,9,996.6,647,11,996.7,1352,15,996.8,1895,23
317,2025-11-26 09:53:07+05:30,996.1,1,992.04,1603058,345105.0,367964.0,986.2,998.8,981.3,986.2,119359500,1084.8,887.6,1102.5,649.1,996.1,1374,2,996.0,1363,6,995.9,5111,10,995.8,1768,17,995.7,4170,14,996.4,184,5,996.5,1107,11,996.6,762,12,996.7,1256,14,996.8,2206,26
317,2025-11-26 09:53:09+05:30,996.1,134,992.04,1603058,345105.0,367964.0,986.2,998.8,981.3,986.2,119359500,1084.8,887.6,1102.5,649.1,996.1,1374,2,996.0,1363,6,995.9,5111,10,995.8,1768,17,995.7,4170,14,996.4,184,5,996.5,1107,11,996.6,762,12,996.7,1256,14,996.8,2206,26
317,2025-11-26 09:53:12+05:30,995.8,301,992.04,1603058,345105.0,367964.0,986.2,998.8,981.3,986.2,119359500,1084.8,887.6,1102.5,649.1,996.1,1374,2,996.0,1363,6,995.9,5111,10,995.8,1768,17,995.7,4170,14,996.4,184,5,996.5,1107,11,996.6,762,12,996.7,1256,14,996.8,2206,26
317,2025-11-26 09:53:13+05:30,995.8,301,992.05,1607378,337546.0,371583.0,986.2,998.8,981.3,986.2,119359500,1084.8,887.6,1102.5,649.1,995.8,189,1,995.7,784,2,995.6,2645,6,995.5,3787,23,995.4,2190,10,996.0,204,4,996.1,276,2,996.2,668,10,996.3,1276,10,996.4,1985,20
317,2025-11-26 09:53:15+05:30,995.7,54,992.05,1607378,337546.0,371583.0,986.2,998.8,981.3,986.2,119359500,1084.8,887.6,1102.5,649.1,995.8,189,1,995.7,784,2,995.6,2645,6,995.5,3787,23,995.4,2190,10,996.0,204,4,996.1,276,2,996.2,668,10,996.3,1276,10,996.4,1985,20
317,2025-11-26 09:53:18+05:30,995.5,199,992.05,1607378,337546.0,371583.0,986.2,998.8,981.3,986.2,119359500,1084.8,887.6,1102.5,649.1,995.8,189,1,995.7,784,2,995.6,2645,6,995.5,3787,23,995.4,2190,10,996.0,204,4,996.1,276,2,996.2,668,10,996.3,1276,10,996.4,1985,20
317,2025-11-26 09:53:19+05:30,996.0,5,992.05,1608916,336091.0,370435.0,986.2,998.8,981.3,986.2,119359500,1084.8,887.6,1102.5,649.1,995.6,200,1,995.5,1370,9,995.4,2770,9,995.3,2517,16,995.2,2492,12,996.0,490,5,996.1,687,7,996.2,506,9,996.3,1332,11,996.4,2018,22
317,2025-11-26 09:53:20+05:30,995.5,68,992.05,1609184,336164.0,370998.0,986.2,998.8,981.3,986.2,119359500,1084.8,887.6,1102.5,649.1,995.5,959,8,995.4,2770,9,995.3,2262,14,995.2,2476,11,995.1,3197,16,996.0,839,8,996.1,632,7,996.2,506,9,996.3,754,10,996.4,1788,21
317,2025-11-26 09:53:20+05:30,995.5,68,992.05,1609184,336164.0,370998.0,986.2,998.8,981.3,986.2,119359500,1084.8,887.6,1102.5,649.1,995.5,959,8,995.4,2770,9,995.3,2262,14,995.2,2476,11,995.1,3197,16,996.0,839,8,996.1,632,7,996.2,506,9,996.3,754,10,996.4,1788,21
317,2025-11-26 09:53:21+05:30,995.5,27,992.05,1609439,336232.0,372062.0,986.2,998.8,981.3,986.2,119359500,1084.8,887.6,1102.5,649.1,995.5,43,2,995.4,2127,5,995.3,2190,13,995.2,2232,10,995.1,3181,15,995.9,479,5,996.0,928,10,996.1,678,6,996.2,508,8,996.3,1307,12
317,2025-11-26 09:53:21+05:30,995.5,27,992.05,1609439,336232.0,372062.0,986.2,998.8,981.3,986.2,119359500,1084.8,887.6,1102.5,649.1,995.5,43,2,995.4,2127,5,995.3,2190,13,995.2,2232,10,995.1,3181,15,995.9,479,5,996.0,928,10,996.1,678,6,996.2,508,8,996.3,1307,12
317,2025-11-26 09:53:22+05:30,995.8,10,992.05,1609454,318869.0,375414.0,986.2,998.8,981.3,986.2,119359500,1084.8,887.6,1102.5,649.1,995.5,38,2,995.4,1,1,995.2,361,3,995.1,896,7,995.0,3576,35,995.8,891,9,995.9,1047,12,996.0,1906,21,996.1,1216,10,996.2,682,7
317,2025-11-26 09:53:22+05:30,995.8,10,992.05,1609454,318869.0,375414.0,986.2,998.8,981.3,986.2,119359500,1084.8,887.6,1102.5,649.1,995.5,38,2,995.4,1,1,995.2,361,3,995.1,896,7,995.0,3576,35,995.8,891,9,995.9,1047,12,996.0,1906,21,996.1,1216,10,996.2,682,7
317,2025-11-26 09:53:23+05:30,995.8,10,992.05,1609454,322646.0,376914.0,986.2,998.8,981.3,986.2,119359500,1084.8,887.6,1102.5,649.1,995.5,38,2,995.4,1,1,995.2,112,1,995.1,666,6,995.0,1399,31,995.8,1882,14,995.9,1113,16,996.0,2712,21,996.1,1426,11,996.2,1030,10
317,2025-11-26 09:53:24+05:30,995.7,11,992.05,1609454,322646.0,376914.0,986.2,998.8,981.3,986.2,119359500,1084.8,887.6,1102.5,649.1,995.5,38,2,995.4,1,1,995.2,112,1,995.1,666,6,995.0,1399,31,995.8,1882,14,995.9,1113,16,996.0,2712,21,996.1,1426,11,996.2,1030,10
317,2025-11-26 09:53:24+05:30,995.7,11,992.05,1609468,329214.0,376787.0,986.2,998.8,981.3,986.2,119359500,1084.8,887.6,1102.5,649.1,995.5,35,2,995.4,1,1,995.2,112,1,995.1,666,6,995.0,1399,31,995.7,412,8,995.8,1108,12,995.9,1001,13,996.0,2738,22,996.1,1385,12
317,2025-11-26 09:53:25+05:30,995.5,20,992.05,1609468,329214.0,376787.0,986.2,998.8,981.3,986.2,119359500,1084.8,887.6,1102.5,649.1,995.5,35,2,995.4,1,1,995.2,112,1,995.1,666,6,995.0,1399,31,995.7,412,8,995.8,1108,12,995.9,1001,13,996.0,2738,22,996.1,1385,12
317,2025-11-26 09:53:25+05:30,995.5,20,992.05,1609503,327334.0,377199.0,986.2,998.8,981.3,986.2,119359500,1084.8,887.6,1102.5,649.1,995.4,1,1,995.1,343,4,995.0,862,29,994.9,1400,7,994.8,2985,19,995.7,1173,13,995.8,1124,13,995.9,971,12,996.0,3385,25,996.1,935,12
317,2025-11-26 09:53:26+05:30,995.7,5,992.05,1609503,327334.0,377199.0,986.2,998.8,981.3,986.2,119359500,1084.8,887.6,1102.5,649.1,995.4,1,1,995.1,343,4,995.0,862,29,994.9,1400,7,994.8,2985,19,995.7,1173,13,995.8,1124,13,995.9,971,12,996.0,3385,25,996.1,935,12
317,2025-11-26 09:53:26+05:30,995.7,51,992.05,1609574,327278.0,376917.0,986.2,998.8,981.3,986.2,119359500,1084.8,887.6,1102.5,649.1,995.4,2,2,995.1,143,3,995.0,1092,30,994.9,1400,7,994.8,3013,22,995.7,1158,13,995.8,1121,13,995.9,971,12,996.0,3401,26,996.1,855,10
317,2025-11-26 09:53:27+05:30,995.7,3,992.05,1609574,327278.0,376917.0,986.2,998.8,981.3,986.2,119359500,1084.8,887.6,1102.5,649.1,995.4,2,2,995.1,143,3,995.0,1092,30,994.9,1400,7,994.8,3013,22,995.7,1158,13,995.8,1121,13,995.9,971,12,996.0,3401,26,996.1,855,10
317,2025-11-26 09:53:27+05:30,995.7,3,992.05,1609577,327439.0,376959.0,986.2,998.8,981.3,986.2,119359500,1084.8,887.6,1102.5,649.1,995.4,2,2,995.1,143,3,995.0,1092,30,994.9,930,7,994.8,3049,22,995.7,1086,12,995.8,1121,13,995.9,971,12,996.0,3401,26,996.1,855,10
317,2025-11-26 09:53:28+05:30,995.7,1,992.05,1609578,327439.0,376958.0,986.2,998.8,981.3,986.2,119359500,1084.8,887.6,1102.5,649.1,995.4,2,2,995.1,143,3,995.0,1092,30,994.9,930,7,994.8,3049,22,995.7,1085,12,995.8,1121,13,995.9,971,12,996.0,3401,26,996.1,855,10
317,2025-11-26 09:53:29+05:30,995.7,1,992.05,1609578,327439.0,376958.0,986.2,998.8,981.3,986.2,119359500,1084.8,887.6,1102.5,649.1,995.4,2,2,995.1,143,3,995.0,1092,30,994.9,930,7,994.8,3049,22,995.7,1085,12,995.8,1121,13,995.9,971,12,996.0,3401,26,996.1,855,10
317,2025-11-26 09:53:30+05:30,995.7,1,992.05,1609578,331332.0,373251.0,986.2,998.8,981.3,986.2,119359500,1084.8,887.6,1102.5,649.1,995.4,2,2,995.2,709,3,995.1,749,7,995.0,3363,37,994.9,1729,9,995.7,122,2,995.8,582,5,995.9,848,10,996.0,1882,15,996.1,905,11
317,2025-11-26 09:53:30+05:30,995.4,1,992.05,1609579,331981.0,374296.0,986.2,998.8,981.3,986.2,119359500,1084.8,887.6,1102.5,649.1,995.4,1,1,995.3,133,1,995.2,1141,6,995.1,547,6,995.0,3366,37,995.7,43,1,995.8,513,4,995.9,848,10,996.0,1885,15,996.1,1193,16
317,2025-11-26 09:53:31+05:30,995.4,1,992.05,1609579,331981.0,374296.0,986.2,998.8,981.3,986.2,119359500,1084.8,887.6,1102.5,649.1,995.4,1,1,995.3,133,1,995.2,1141,6,995.1,547,6,995.0,3366,37,995.7,43,1,995.8,513,4,995.9,848,10,996.0,1885,15,996.1,1193,16
317,2025-11-26 09:53:32+05:30,995.4,1,992.05,1609579,323597.0,374281.0,986.2,998.8,981.3,986.2,119359500,1084.8,887.6,1102.5,649.1,995.5,25,1,995.4,251,2,995.3,133,1,995.2,1342,7,995.1,1590,10,995.8,412,3,995.9,965,12,996.0,1885,15,996.1,1225,17,996.2,742,12
317,2025-11-26 09:53:32+05:30,995.9,20,992.05,1609579,323597.0,374281.0,986.2,998.8,981.3,986.2,119359500,1084.8,887.6,1102.5,649.1,995.5,25,1,995.4,251,2,995.3,133,1,995.2,1342,7,995.1,1590,10,995.8,412,3,995.9,965,12,996.0,1885,15,996.1,1225,17,996.2,742,12
317,2025-11-26 09:53:33+05:30,995.7,1,992.05,1609603,327708.0,373705.0,986.2,998.8,981.3,986.2,119359500,1084.8,887.6,1102.5,649.1,995.7,49,1,995.5,222,2,995.4,700,6,995.3,753,5,995.2,2275,15,995.9,121,2,996.0,1467,9,996.1,985,11,996.2,991,16,996.3,1469,15
317,2025-11-26 09:53:33+05:30,995.7,1,992.05,1609603,327708.0,373705.0,986.2,998.8,981.3,986.2,119359500,1084.8,887.6,1102.5,649.1,995.7,49,1,995.5,222,2,995.4,700,6,995.3,753,5,995.2,2275,15,995.9,121,2,996.0,1467,9,996.1,985,11,996.2,991,16,996.3,1469,15
317,2025-11-26 09:53:34+05:30,995.7,1,992.05,1609603,327724.0,373672.0,986.2,998.8,981.3,986.2,119359500,1084.8,887.6,1102.5,649.1,995.7,50,2,995.5,222,2,995.4,699,5,995.3,551,4,995.2,1461,10,995.9,212,3,996.0,1504,10,996.1,1169,13,996.2,1106,17,996.3,1469,15
317,2025-11-26 09:53:35+05:30,995.7,1,992.05,1609603,326728.0,374559.0,986.2,998.8,981.3,986.2,119359500,1084.8,887.6,1102.5,649.1,995.7,50,2,995.5,222,2,995.4,699,5,995.3,551,4,995.2,2211,11,995.9,517,6,996.0,1704,11,996.1,1086,13,996.2,1007,15,996.3,1409,16
317,2025-11-26 09:53:36+05:30,995.7,1,992.05,1609603,326725.0,375154.0,986.2,998.8,981.3,986.2,119359500,1084.8,887.6,1102.5,649.1,995.7,50,2,995.5,222,2,995.4,699,5,995.3,551,4,995.2,1461,10,995.9,596,7,996.0,1704,11,996.1,1086,13,996.2,1507,16,996.3,880,14
317,2025-11-26 09:53:37+05:30,995.9,2,992.05,1609605,326746.0,375073.0,986.2,998.8,981.3,986.2,119359500,1084.8,887.6,1102.5,649.1,995.7,50,2,995.5,222,2,995.4,699,5,995.3,551,4,995.2,1461,10,995.9,515,6,996.0,1704,11,996.1,1086,13,996.2,1507,16,996.3,880,14
317,2025-11-26 09:53:37+05:30,995.9,2,992.05,1609605,326746.0,375073.0,986.2,998.8,981.3,986.2,119359500,1084.8,887.6,1102.5,649.1,995.7,50,2,995.5,222,2,995.4,699,5,995.3,551,4,995.2,1461,10,995.9,515,6,996.0,1704,11,996.1,1086,13,996.2,1507,16,996.3,880,14
317,2025-11-26 09:53:38+05:30,995.7,1,992.05,1609605,326746.0,375073.0,986.2,998.8,981.3,986.2,119359500,1084.8,887.6,1102.5,649.1,995.7,50,2,995.5,222,2,995.4,699,5,995.3,551,4,995.2,1461,10,995.9,515,6,996.0,1704,11,996.1,1086,13,996.2,1507,16,996.3,880,14
317,2025-11-26 09:53:38+05:30,995.7,1,992.05,1609655,329572.0,376051.0,986.2,998.8,981.3,986.2,119359500,1084.8,887.6,1102.5,649.1,995.5,25,1,995.4,451,2,995.3,967,4,995.2,915,9,995.1,3722,18,995.8,481,6,995.9,808,9,996.0,1854,16,996.1,1197,14,996.2,1491,15
317,2025-11-26 09:53:39+05:30,995.8,10,992.05,1609655,329572.0,376051.0,986.2,998.8,981.3,986.2,119359500,1084.8,887.6,1102.5,649.1,995.5,25,1,995.4,451,2,995.3,967,4,995.2,915,9,995.1,3722,18,995.8,481,6,995.9,808,9,996.0,1854,16,996.1,1197,14,996.2,1491,15
317,2025-11-26 09:53:39+05:30,995.8,10,992.05,1609675,331905.0,375194.0,986.2,998.8,981.3,986.2,119359500,1084.8,887.6,1102.5,649.1,995.5,51,2,995.4,681,3,995.3,656,4,995.2,1426,10,995.1,3722,18,995.8,89,2,995.9,806,8,996.0,1795,17,996.1,1197,14,996.2,1491,15
317,2025-11-26 09:53:40+05:30,995.5,25,992.05,1609675,331905.0,375194.0,986.2,998.8,981.3,986.2,119359500,1084.8,887.6,1102.5,649.1,995.5,51,2,995.4,681,3,995.3,656,4,995.2,1426,10,995.1,3722,18,995.8,89,2,995.9,806,8,996.0,1795,17,996.1,1197,14,996.2,1491,15
317,2025-11-26 09:53:40+05:30,995.5,25,992.05,1609736,332271.0,373759.0,986.2,998.8,981.3,986.2,119359500,1084.8,887.6,1102.5,649.1,995.5,577,3,995.4,683,4,995.3,829,7,995.2,3805,13,995.1,1581,14,995.9,191,3,996.0,1630,16,996.1,1266,14,996.2,950,12,996.3,816,10
317,2025-11-26 09:53:41+05:30,995.9,10,992.05,1609736,332271.0,373759.0,986.2,998.8,981.3,986.2,119359500,1084.8,887.6,1102.5,649.1,995.5,577,3,995.4,683,4,995.3,829,7,995.2,3805,13,995.1,1581,14,995.9,191,3,996.0,1630,16,996.1,1266,14,996.2,950,12,996.3,816,10
317,2025-11-26 09:53:41+05:30,995.9,10,992.05,1609746,332347.0,373788.0,986.2,998.8,981.3,986.2,119359500,1084.8,887.6,1102.5,649.1,995.5,577,3,995.4,683,4,995.3,1579,8,995.2,3055,12,995.1,2331,15,995.9,141,2,996.0,1709,17,996.1,1266,14,996.2,950,12,996.3,829,11
317,2025-11-26 09:53:42+05:30,995.9,10,992.05,1609746,333005.0,373757.0,986.2,998.8,981.3,986.2,119359500,1084.8,887.6,1102.5,649.1,995.5,1017,6,995.4,1011,7,995.3,1579,8,995.2,3055,12,995.1,2101,14,995.9,141,2,996.0,1538,14,996.1,1066,11,996.2,953,12,996.3,829,11
317,2025-11-26 09:53:43+05:30,995.9,10,992.05,1609746,337086.0,373827.0,986.2,998.8,981.3,986.2,119359500,1084.8,887.6,1102.5,649.1,995.5,1054,8,995.4,5489,15,995.3,1566,7,995.2,2414,10,995.1,2101,14,995.9,141,2,996.0,1291,11,996.1,953,10,996.2,827,10,996.3,851,10
317,2025-11-26 09:53:44+05:30,995.9,10,992.05,1609746,336989.0,372472.0,986.2,998.8,981.3,986.2,119359500,1084.8,887.6,1102.5,649.1,995.6,750,1,995.5,1167,13,995.4,4847,15,995.3,2316,8,995.2,2464,11,995.9,141,2,996.0,1227,10,996.1,871,9,996.2,909,11,996.3,714,7
317,2025-11-26 09:53:45+05:30,995.6,10,992.05,1609746,336989.0,372472.0,986.2,998.8,981.3,986.2,119359500,1084.8,887.6,1102.5,649.1,995.6,750,1,995.5,1167,13,995.4,4847,15,995.3,2316,8,995.2,2464,11,995.9,141,2,996.0,1227,10,996.1,871,9,996.2,909,11,996.3,714,7
317,2025-11-26 09:53:46+05:30,995.9,7,992.05,1609781,337019.0,373271.0,986.2,998.8,981.3,986.2,119359500,1084.8,887.6,1102.5,649.1,995.6,1243,5,995.5,1166,12,995.4,4847,15,995.3,2316,8,995.2,2234,10,995.9,146,2,996.0,1227,10,996.1,839,8,996.2,909,11,996.3,740,8
317,2025-11-26 09:53:46+05:30,995.9,7,992.05,1609781,337019.0,373271.0,986.2,998.8,981.3,986.2,119359500,1084.8,887.6,1102.5,649.1,995.6,1243,5,995.5,1166,12,995.4,4847,15,995.3,2316,8,995.2,2234,10,995.9,146,2,996.0,1227,10,996.1,839,8,996.2,909,11,996.3,740,8
317,2025-11-26 09:53:47+05:30,995.6,50,992.05,1609831,336999.0,373271.0,986.2,998.8,981.3,986.2,119359500,1084.8,887.6,1102.5,649.1,995.6,1065,3,995.5,1038,10,995.4,4847,15,995.3,2316,8,995.2,2184,9,995.9,146,2,996.0,1227,10,996.1,839,8,996.2,827,10,996.3,822,9
317,2025-11-26 09:53:47+05:30,995.9,53,992.05,1609831,336999.0,373271.0,986.2,998.8,981.3,986.2,119359500,1084.8,887.6,1102.5,649.1,995.6,1065,3,995.5,1038,10,995.4,4847,15,995.3,2316,8,995.2,2184,9,995.9,146,2,996.0,1227,10,996.1,839,8,996.2,827,10,996.3,822,9
317,2025-11-26 09:53:48+05:30,995.9,53,992.05,1609884,335478.0,372709.0,986.2,998.8,981.3,986.2,119359500,1084.8,887.6,1102.5,649.1,995.6,1275,5,995.5,1166,12,995.4,4847,15,995.3,2316,8,995.2,2234,10,995.9,93,2,996.0,1142,10,996.1,685,6,996.2,649,7,996.3,835,10
317,2025-11-26 09:53:48+05:30,995.6,134,992.05,1609884,335478.0,372709.0,986.2,998.8,981.3,986.2,119359500,1084.8,887.6,1102.5,649.1,995.6,1275,5,995.5,1166,12,995.4,4847,15,995.3,2316,8,995.2,2234,10,995.9,93,2,996.0,1142,10,996.1,685,6,996.2,649,7,996.3,835,10
317,2025-11-26 09:53:49+05:30,995.6,134,992.05,1610018,335209.0,373114.0,986.2,998.8,981.3,986.2,119359500,1084.8,887.6,1102.5,649.1,995.6,832,3,995.5,1107,11,995.4,4857,16,995.3,2329,9,995.2,2450,10,995.9,95,3,996.0,1142,10,996.1,685,6,996.2,698,8,996.3,835,10
317,2025-11-26 09:53:50+05:30,995.9,72,992.05,1610185,335176.0,369807.0,986.2,998.8,981.3,986.2,119359500,1084.8,887.6,1102.5,649.1,995.9,583,1,995.7,147,2,995.6,1111,5,995.5,1294,13,995.4,4643,18,996.0,978,7,996.1,113,3,996.2,80,2,996.3,1057,8,996.4,1076,13
317,2025-11-26 09:53:50+05:30,995.9,72,992.05,1610185,335176.0,369807.0,986.2,998.8,981.3,986.2,119359500,1084.8,887.6,1102.5,649.1,995.9,583,1,995.7,147,2,995.6,1111,5,995.5,1294,13,995.4,4643,18,996.0,978,7,996.1,113,3,996.2,80,2,996.3,1057,8,996.4,1076,13
317,2025-11-26 09:53:51+05:30,995.9,568,992.06,1610768,333286.0,372048.0,986.2,998.8,981.3,986.2,119359500,1084.8,887.6,1102.5,649.1,995.6,556,1,995.5,99,7,995.4,4311,14,995.3,2287,8,995.2,2450,10,996.0,1462,9,996.1,564,10,996.2,369,5,996.3,1131,11,996.4,2464,17
317,2025-11-26 09:53:51+05:30,995.9,568,992.06,1610768,333286.0,372048.0,986.2,998.8,981.3,986.2,119359500,1084.8,887.6,1102.5,649.1,995.6,556,1,995.5,99,7,995.4,4311,14,995.3,2287,8,995.2,2450,10,996.0,1462,9,996.1,564,10,996.2,369,5,996.3,1131,11,996.4,2464,17
317,2025-11-26 09:53:52+05:30,995.6,134,992.06,1610768,333286.0,372048.0,986.2,998.8,981.3,986.2,119359500,1084.8,887.6,1102.5,649.1,995.6,556,1,995.5,99,7,995.4,4311,14,995.3,2287,8,995.2,2450,10,996.0,1462,9,996.1,564,10,996.2,369,5,996.3,1131,11,996.4,2464,17
317,2025-11-26 09:53:52+05:30,995.9,10,992.06,1610916,336581.0,372962.0,986.2,998.8,981.3,986.2,119359500,1084.8,887.6,1102.5,649.1,995.6,632,3,995.5,97,6,995.4,4261,13,995.3,2289,9,995.2,2456,11,995.9,166,2,996.0,1885,13,996.1,926,13,996.2,828,9,996.3,1129,9
317,2025-11-26 09:53:53+05:30,995.9,10,992.06,1610916,336723.0,372520.0,986.2,998.8,981.3,986.2,119359500,1084.8,887.6,1102.5,649.1,995.6,653,4,995.5,533,4,995.4,5075,18,995.3,2366,9,995.2,2450,10,996.0,1777,12,996.1,807,12,996.2,829,10,996.3,629,9,996.4,2261,17
317,2025-11-26 09:53:53+05:30,995.9,10,992.06,1610916,336723.0,372520.0,986.2,998.8,981.3,986.2,119359500,1084.8,887.6,1102.5,649.1,995.6,653,4,995.5,533,4,995.4,5075,18,995.3,2366,9,995.2,2450,10,996.0,1777,12,996.1,807,12,996.2,829,10,996.3,629,9,996.4,2261,17
317,2025-11-26 09:53:54+05:30,995.6,1,992.06,1610916,336723.0,372520.0,986.2,998.8,981.3,986.2,119359500,1084.8,887.6,1102.5,649.1,995.6,653,4,995.5,533,4,995.4,5075,18,995.3,2366,9,995.2,2450,10,996.0,1777,12,996.1,807,12,996.2,829,10,996.3,629,9,996.4,2261,17
317,2025-11-26 09:53:54+05:30,996.0,11,992.06,1610928,336021.0,372895.0,986.2,998.8,981.3,986.2,119359500,1084.8,887.6,1102.5,649.1,995.6,652,4,995.5,761,4,995.4,4374,18,995.3,2368,10,995.2,2450,10,996.0,1766,12,996.1,1163,13,996.2,829,10,996.3,603,8,996.4,2317,18
317,2025-11-26 09:53:55+05:30,996.0,26,992.06,1610928,336021.0,372895.0,986.2,998.8,981.3,986.2,119359500,1084.8,887.6,1102.5,649.1,995.6,652,4,995.5,761,4,995.4,4374,18,995.3,2368,10,995.2,2450,10,996.0,1766,12,996.1,1163,13,996.2,829,10,996.3,603,8,996.4,2317,18
317,2025-11-26 09:53:55+05:30,996.0,26,992.06,1610954,335337.0,372869.0,986.2,998.8,981.3,986.2,119359500,1084.8,887.6,1102.5,649.1,995.6,652,4,995.5,33,2,995.4,4453,19,995.3,2368,10,995.2,2450,10,996.0,1818,13,996.1,1085,12,996.2,829,10,996.3,603,8,996.4,2317,18
317,2025-11-26 09:53:56+05:30,996.0,26,992.06,1610954,335999.0,372621.0,986.2,998.8,981.3,986.2,119359500,1084.8,887.6,1102.5,649.1,995.6,862,6,995.5,662,7,995.4,4465,20,995.3,2368,10,995.2,2450,10,996.0,1346,8,996.1,647,5,996.2,670,9,996.3,849,11,996.4,1963,15
317,2025-11-26 09:53:57+05:30,996.0,10,992.06,1610954,335999.0,372621.0,986.2,998.8,981.3,986.2,119359500,1084.8,887.6,1102.5,649.1,995.6,862,6,995.5,662,7,995.4,4465,20,995.3,2368,10,995.2,2450,10,996.0,1346,8,996.1,647,5,996.2,670,9,996.3,849,11,996.4,1963,15
317,2025-11-26 09:53:57+05:30,996.0,10,992.06,1610964,336008.0,372614.0,986.2,998.8,981.3,986.2,119359500,1084.8,887.6,1102.5,649.1,995.6,862,6,995.5,1213,9,995.4,4465,20,995.3,2368,10,995.2,2450,10,996.0,1346,9,996.1,696,6,996.2,601,9,996.3,849,11,996.4,1963,15
317,2025-11-26 09:53:58+05:30,996.0,10,992.06,1610964,335897.0,372902.0,986.2,998.8,981.3,986.2,119359500,1084.8,887.6,1102.5,649.1,995.6,783,5,995.5,662,7,995.4,4453,19,995.3,2368,10,995.2,2450,10,996.0,1395,10,996.1,786,8,996.2,525,9,996.3,837,10,996.4,2463,16
317,2025-11-26 09:53:59+05:30,995.9,500,992.06,1611464,333918.0,374009.0,986.2,998.8,981.3,986.2,119359500,1084.8,887.6,1102.5,649.1,995.6,652,4,995.5,35,3,995.4,3918,16,995.3,2368,10,995.2,2450,10,996.0,2160,18,996.1,825,8,996.2,521,10,996.3,1347,10,996.4,2261,16
317,2025-11-26 09:54:00+05:30,995.9,98,992.06,1611464,333918.0,374009.0,986.2,998.8,981.3,986.2,119359500,1084.8,887.6,1102.5,649.1,995.6,652,4,995.5,35,3,995.4,3918,16,995.3,2368,10,995.2,2450,10,996.0,2160,18,996.1,825,8,996.2,521,10,996.3,1347,10,996.4,2261,16
317,2025-11-26 09:54:00+05:30,995.9,98,992.06,1611881,334070.0,374757.0,986.2,998.8,981.3,986.2,119359500,1084.8,887.6,1102.5,649.1,995.6,235,3,995.5,33,2,995.4,3918,16,995.3,2318,9,995.2,2450,10,995.9,150,3,996.0,2210,20,996.1,844,8,996.2,637,12,996.3,1273,11
317,2025-11-26 09:54:02+05:30,995.9,18,992.06,1611899,335137.0,372981.0,986.2,998.8,981.3,986.2,119359500,1084.8,887.6,1102.5,649.1,995.6,545,6,995.5,1495,10,995.4,4728,19,995.3,2316,8,995.2,2450,10,996.0,1663,14,996.1,579,4,996.2,555,9,996.3,837,10,996.4,1679,13
317,2025-11-26 09:54:02+05:30,995.9,18,992.06,1611899,335137.0,372981.0,986.2,998.8,981.3,986.2,119359500,1084.8,887.6,1102.5,649.1,995.6,545,6,995.5,1495,10,995.4,4728,19,995.3,2316,8,995.2,2450,10,996.0,1663,14,996.1,579,4,996.2,555,9,996.3,837,10,996.4,1679,13
317,2025-11-26 09:54:03+05:30,996.0,7,992.06,1612062,335204.0,373880.0,986.2,998.8,981.3,986.2,119359500,1084.8,887.6,1102.5,649.1,995.6,581,7,995.5,2245,11,995.4,3978,18,995.3,2316,8,995.2,2450,10,996.0,1513,13,996.1,579,4,996.2,443,8,996.3,768,9,996.4,1891,13
317,2025-11-26 09:54:03+05:30,996.0,7,992.06,1612062,335204.0,373880.0,986.2,998.8,981.3,986.2,119359500,1084.8,887.6,1102.5,649.1,995.6,581,7,995.5,2245,11,995.4,3978,18,995.3,2316,8,995.2,2450,10,996.0,1513,13,996.1,579,4,996.2,443,8,996.3,768,9,996.4,1891,13
317,2025-11-26 09:54:04+05:30,996.0,1,992.06,1612064,335447.0,373823.0,986.2,998.8,981.3,986.2,119359500,1084.8,887.6,1102.5,649.1,995.6,581,7,995.5,2245,11,995.4,3978,18,995.3,2316,8,995.2,2450,10,996.0,1457,12,996.1,579,4,996.2,443,8,996.3,730,8,996.4,1928,14
317,2025-11-26 09:54:04+05:30,996.0,1,992.06,1612064,335447.0,373823.0,986.2,998.8,981.3,986.2,119359500,1084.8,887.6,1102.5,649.1,995.6,581,7,995.5,2245,11,995.4,3978,18,995.3,2316,8,995.2,2450,10,996.0,1457,12,996.1,579,4,996.2,443,8,996.3,730,8,996.4,1928,14
317,2025-11-26 09:54:05+05:30,996.0,1,992.06,1612064,335330.0,373295.0,986.2,998.8,981.3,986.2,119359500,1084.8,887.6,1102.5,649.1,995.9,1,1,995.7,2,1,995.6,532,6,995.5,2304,10,995.4,3978,18,996.0,1457,12,996.1,721,6,996.2,241,3,996.3,499,7,996.4,1915,13
317,2025-11-26 09:54:06+05:30,995.9,1,992.06,1612065,336142.0,373378.0,986.2,998.8,981.3,986.2,119359500,1084.8,887.6,1102.5,649.1,995.7,2,1,995.6,760,9,995.5,2392,12,995.4,4010,19,995.3,2366,9,996.0,1457,12,996.1,435,3,996.2,391,5,996.3,732,10,996.4,1915,13
317,2025-11-26 09:54:06+05:30,995.9,1,992.06,1612065,336142.0,373378.0,986.2,998.8,981.3,986.2,119359500,1084.8,887.6,1102.5,649.1,995.7,2,1,995.6,760,9,995.5,2392,12,995.4,4010,19,995.3,2366,9,996.0,1457,12,996.1,435,3,996.2,391,5,996.3,732,10,996.4,1915,13
317,2025-11-26 09:54:07+05:30,995.9,1,992.06,1612065,336278.0,374168.0,986.2,998.8,981.3,986.2,119359500,1084.8,887.6,1102.5,649.1,995.7,749,5,995.6,738,7,995.5,1885,11,995.4,4010,19,995.3,2523,10,996.0,1900,13,996.1,435,3,996.2,390,5,996.3,661,9,996.4,1986,14
317,2025-11-26 09:54:08+05:30,995.9,1,992.06,1612065,335818.0,374291.0,986.2,998.8,981.3,986.2,119359500,1084.8,887.6,1102.5,649.1,995.7,16,3,995.6,1126,6,995.5,1683,10,995.4,4010,19,995.3,2523,10,996.0,1926,14,996.1,484,4,996.2,469,6,996.3,661,9,996.4,2496,16
317,2025-11-26 09:54:09+05:30,996.0,3,992.06,1612065,335818.0,374291.0,986.2,998.8,981.3,986.2,119359500,1084.8,887.6,1102.5,649.1,995.7,16,3,995.6,1126,6,995.5,1683,10,995.4,4010,19,995.3,2523,10,996.0,1926,14,996.1,484,4,996.2,469,6,996.3,661,9,996.4,2496,16
317,2025-11-26 09:54:09+05:30,996.0,3,992.06,1612069,335609.0,374821.0,986.2,998.8,981.3,986.2,119359500,1084.8,887.6,1102.5,649.1,995.7,14,2,995.6,221,2,995.5,1447,8,995.4,3950,17,995.3,2523,10,995.9,175,3,996.0,2302,18,996.1,785,6,996.2,474,7,996.3,1206,13
317,2025-11-26 09:54:10+05:30,995.9,1,992.06,1612069,335609.0,374821.0,986.2,998.8,981.3,986.2,119359500,1084.8,887.6,1102.5,649.1,995.7,14,2,995.6,221,2,995.5,1447,8,995.4,3950,17,995.3,2523,10,995.9,175,3,996.0,2302,18,996.1,785,6,996.2,474,7,996.3,1206,13
317,2025-11-26 09:54:10+05:30,995.9,1,992.06,1612075,336596.0,374618.0,986.2,998.8,981.3,986.2,119359500,1084.8,887.6,1102.5,649.1,995.7,14,2,995.6,221,2,995.5,1186,6,995.4,4668,17,995.3,2523,10,995.9,68,2,996.0,2352,18,996.1,968,10,996.2,695,9,996.3,1195,12
317,2025-11-26 09:54:11+05:30,995.9,25,992.06,1612075,336596.0,374618.0,986.2,998.8,981.3,986.2,119359500,1084.8,887.6,1102.5,649.1,995.7,14,2,995.6,221,2,995.5,1186,6,995.4,4668,17,995.3,2523,10,995.9,68,2,996.0,2352,18,996.1,968,10,996.2,695,9,996.3,1195,12
317,2025-11-26 09:54:11+05:30,995.9,6,992.06,1612256,336454.0,374890.0,986.2,998.8,981.3,986.2,119359500,1084.8,887.6,1102.5,649.1,995.7,14,2,995.6,795,3,995.5,1408,7,995.4,4668,17,995.3,2534,11,995.9,19,1,996.0,1940,13,996.1,923,9,996.2,696,10,996.3,1314,13
317,2025-11-26 09:54:12+05:30,995.6,133,992.06,1612256,336454.0,374890.0,986.2,998.8,981.3,986.2,119359500,1084.8,887.6,1102.5,649.1,995.7,14,2,995.6,795,3,995.5,1408,7,995.4,4668,17,995.3,2534,11,995.9,19,1,996.0,1940,13,996.1,923,9,996.2,696,10,996.3,1314,13
317,2025-11-26 09:54:13+05:30,995.6,133,992.06,1612403,335406.0,374405.0,986.2,998.8,981.3,986.2,119359500,1084.8,887.6,1102.5,649.1,995.6,88,2,995.5,1408,7,995.4,4668,17,995.3,2523,10,995.2,2442,10,995.9,49,2,996.0,3542,18,996.1,859,8,996.2,696,10,996.3,1277,12
317,2025-11-26 09:54:14+05:30,995.6,133,992.06,1612403,335250.0,375041.0,986.2,998.8,981.3,986.2,119359500,1084.8,887.6,1102.5,649.1,995.6,88,2,995.5,1408,7,995.4,4668,17,995.3,2523,10,995.2,2442,10,995.9,170,3,996.0,3715,20,996.1,1005,9,996.2,696,10,996.3,1277,12
317,2025-11-26 09:54:15+05:30,995.6,1,992.06,1612754,336107.0,374518.0,986.2,998.8,981.3,986.2,119359500,1084.8,887.6,1102.5,649.1,995.6,897,4,995.5,1536,9,995.4,4609,17,995.3,2523,10,995.2,2220,9,995.9,25,1,996.0,3412,15,996.1,677,4,996.2,789,12,996.3,919,13
317,2025-11-26 09:54:15+05:30,995.6,1,992.06,1612754,336107.0,374518.0,986.2,998.8,981.3,986.2,119359500,1084.8,887.6,1102.5,649.1,995.6,897,4,995.5,1536,9,995.4,4609,17,995.3,2523,10,995.2,2220,9,995.9,25,1,996.0,3412,15,996.1,677,4,996.2,789,12,996.3,919,13
317,2025-11-26 09:54:16+05:30,995.9,20,992.06,1612774,336129.0,375230.0,986.2,998.8,981.3,986.2,119359500,1084.8,887.6,1102.5,649.1,995.6,87,2,995.5,1408,7,995.4,4596,16,995.3,2536,11,995.2,2442,10,995.9,515,2,996.0,3555,16,996.1,766,6,996.2,789,12,996.3,1419,14
317,2025-11-26 09:54:16+05:30,995.9,20,992.06,1612774,336129.0,375230.0,986.2,998.8,981.3,986.2,119359500,1084.8,887.6,1102.5,649.1,995.6,87,2,995.5,1408,7,995.4,4596,16,995.3,2536,11,995.2,2442,10,995.9,515,2,996.0,3555,16,996.1,766,6,996.2,789,12,996.3,1419,14
317,2025-11-26 09:54:17+05:30,995.9,20,992.06,1612774,336659.0,375253.0,986.2,998.8,981.3,986.2,119359500,1084.8,887.6,1102.5,649.1,995.6,87,2,995.5,1408,7,995.4,4596,16,995.3,2536,11,995.2,2442,10,995.9,515,2,996.0,3606,18,996.1,817,8,996.2,789,12,996.3,1397,13
317,2025-11-26 09:54:18+05:30,995.9,5,992.06,1612774,336659.0,375253.0,986.2,998.8,981.3,986.2,119359500,1084.8,887.6,1102.5,649.1,995.6,87,2,995.5,1408,7,995.4,4596,16,995.3,2536,11,995.2,2442,10,995.9,515,2,996.0,3606,18,996.1,817,8,996.2,789,12,996.3,1397,13
317,2025-11-26 09:54:18+05:30,995.9,5,992.06,1612785,336601.0,376457.0,986.2,998.8,981.3,986.2,119359500,1084.8,887.6,1102.5,649.1,995.6,86,2,995.5,1173,5,995.4,4560,16,995.3,2486,10,995.2,2442,10,995.9,1025,4,996.0,4057,23,996.1,906,8,996.2,1031,13,996.3,1346,13
317,2025-11-26 09:54:19+05:30,995.9,1,992.06,1612785,336601.0,376457.0,986.2,998.8,981.3,986.2,119359500,1084.8,887.6,1102.5,649.1,995.6,86,2,995.5,1173,5,995.4,4560,16,995.3,2486,10,995.2,2442,10,995.9,1025,4,996.0,4057,23,996.1,906,8,996.2,1031,13,996.3,1346,13
317,2025-11-26 09:54:19+05:30,995.9,1,992.06,1612786,336600.0,376663.0,986.2,998.8,981.3,986.2,119359500,1084.8,887.6,1102.5,649.1,995.6,86,2,995.5,1173,5,995.4,4560,16,995.3,2486,10,995.2,2442,10,995.9,1073,5,996.0,4034,22,996.1,906,8,996.2,1031,13,996.3,1346,13
317,2025-11-26 09:54:21+05:30,995.9,25,992.06,1612786,336600.0,376663.0,986.2,998.8,981.3,986.2,119359500,1084.8,887.6,1102.5,649.1,995.6,86,2,995.5,1173,5,995.4,4560,16,995.3,2486,10,995.2,2442,10,995.9,1073,5,996.0,4034,22,996.1,906,8,996.2,1031,13,996.3,1346,13
317,2025-11-26 09:54:22+05:30,995.9,25,992.06,1612811,336620.0,378309.0,986.2,998.8,981.3,986.2,119359500,1084.8,887.6,1102.5,649.1,995.6,99,3,995.5,1194,5,995.4,4558,16,995.3,2486,10,995.2,2442,10,995.9,999,4,996.0,3874,21,996.1,1076,10,996.2,1031,13,996.3,1406,16
317,2025-11-26 09:54:24+05:30,995.9,44,992.06,1612811,336620.0,378309.0,986.2,998.8,981.3,986.2,119359500,1084.8,887.6,1102.5,649.1,995.6,99,3,995.5,1194,5,995.4,4558,16,995.3,2486,10,995.2,2442,10,995.9,999,4,996.0,3874,21,996.1,1076,10,996.2,1031,13,996.3,1406,16
317,2025-11-26 09:54:27+05:30,995.9,10,992.06,1612811,336620.0,378309.0,986.2,998.8,981.3,986.2,119359500,1084.8,887.6,1102.5,649.1,995.6,99,3,995.5,1194,5,995.4,4558,16,995.3,2486,10,995.2,2442,10,995.9,999,4,996.0,3874,21,996.1,1076,10,996.2,1031,13,996.3,1406,16
317,2025-11-26 09:54:28+05:30,995.9,10,992.06,1613337,337408.0,376814.0,986.2,998.8,981.3,986.2,119359500,1084.8,887.6,1102.5,649.1,995.6,279,3,995.5,1540,9,995.4,4552,14,995.3,2550,14,995.2,2442,10,995.9,568,4,996.0,3452,15,996.1,670,5,996.2,587,9,996.3,725,12
317,2025-11-26 09:54:30+05:30,995.9,2,992.06,1613337,337408.0,376814.0,986.2,998.8,981.3,986.2,119359500,1084.8,887.6,1102.5,649.1,995.6,279,3,995.5,1540,9,995.4,4552,14,995.3,2550,14,995.2,2442,10,995.9,568,4,996.0,3452,15,996.1,670,5,996.2,587,9,996.3,725,12
317,2025-11-26 09:54:33+05:30,995.9,2,992.06,1613337,337408.0,376814.0,986.2,998.8,981.3,986.2,119359500,1084.8,887.6,1102.5,649.1,995.6,279,3,995.5,1540,9,995.4,4552,14,995.3,2550,14,995.2,2442,10,995.9,568,4,996.0,3452,15,996.1,670,5,996.2,587,9,996.3,725,12
317,2025-11-26 09:54:34+05:30,995.9,2,992.06,1613490,336817.0,377703.0,986.2,998.8,981.3,986.2,119359500,1084.8,887.6,1102.5,649.1,995.6,13,1,995.5,2105,10,995.4,4538,13,995.3,2559,15,995.2,2442,10,995.9,564,4,996.0,3668,16,996.1,796,8,996.2,635,10,996.3,1294,16
317,2025-11-26 09:54:39+05:30,995.5,27,992.06,1613490,336817.0,377703.0,986.2,998.8,981.3,986.2,119359500,1084.8,887.6,1102.5,649.1,995.6,13,1,995.5,2105,10,995.4,4538,13,995.3,2559,15,995.2,2442,10,995.9,564,4,996.0,3668,16,996.1,796,8,996.2,635,10,996.3,1294,16
317,2025-11-26 09:54:39+05:30,995.5,27,992.06,1614740,336007.0,376764.0,986.2,998.8,981.3,986.2,119359500,1084.8,887.6,1102.5,649.1,995.6,750,1,995.5,1015,6,995.4,4596,15,995.3,2543,14,995.2,2170,8,995.9,319,2,996.0,3446,15,996.1,661,4,996.2,586,10,996.3,793,15
317,2025-11-26 09:54:42+05:30,995.9,20,992.06,1614740,336007.0,376764.0,986.2,998.8,981.3,986.2,119359500,1084.8,887.6,1102.5,649.1,995.6,750,1,995.5,1015,6,995.4,4596,15,995.3,2543,14,995.2,2170,8,995.9,319,2,996.0,3446,15,996.1,661,4,996.2,586,10,996.3,793,15
317,2025-11-26 09:54:45+05:30,995.9,1,992.06,1614740,336007.0,376764.0,986.2,998.8,981.3,986.2,119359500,1084.8,887.6,1102.5,649.1,995.6,750,1,995.5,1015,6,995.4,4596,15,995.3,2543,14,995.2,2170,8,995.9,319,2,996.0,3446,15,996.1,661,4,996.2,586,10,996.3,793,15
317,2025-11-26 09:54:45+05:30,995.9,1,992.07,1615652,336699.0,377862.0,986.2,998.8,981.3,986.2,119359500,1084.8,887.6,1102.5,649.1,995.6,886,5,995.5,1054,8,995.4,4650,15,995.3,2543,14,995.2,2179,9,995.9,508,3,996.0,3446,15,996.1,743,6,996.2,652,10,996.3,1463,14
317,2025-11-26 09:54:48+05:30,995.6,100,992.07,1615652,336699.0,377862.0,986.2,998.8,981.3,986.2,119359500,1084.8,887.6,1102.5,649.1,995.6,886,5,995.5,1054,8,995.4,4650,15,995.3,2543,14,995.2,2179,9,995.9,508,3,996.0,3446,15,996.1,743,6,996.2,652,10,996.3,1463,14
317,2025-11-26 09:54:51+05:30,995.9,1,992.07,1617276,335807.0,377573.0,986.2,998.8,981.3,986.2,119359500,1084.8,887.6,1102.5,649.1,995.6,744,3,995.5,1197,6,995.4,4658,16,995.3,2543,14,995.2,2442,10,995.9,223,2,996.0,3455,16,996.1,663,4,996.2,539,8,996.3,943,16
317,2025-11-26 09:54:51+05:30,995.9,9,992.07,1617276,335807.0,377573.0,986.2,998.8,981.3,986.2,119359500,1084.8,887.6,1102.5,649.1,995.6,744,3,995.5,1197,6,995.4,4658,16,995.3,2543,14,995.2,2442,10,995.9,223,2,996.0,3455,16,996.1,663,4,996.2,539,8,996.3,943,16
317,2025-11-26 09:54:54+05:30,995.7,10,992.07,1617276,335807.0,377573.0,986.2,998.8,981.3,986.2,119359500,1084.8,887.6,1102.5,649.1,995.6,744,3,995.5,1197,6,995.4,4658,16,995.3,2543,14,995.2,2442,10,995.9,223,2,996.0,3455,16,996.1,663,4,996.2,539,8,996.3,943,16
317,2025-11-26 09:54:56+05:30,995.7,10,992.07,1617276,335807.0,377573.0,986.2,998.8,981.3,986.2,119359500,1084.8,887.6,1102.5,649.1,995.6,744,3,995.5,1197,6,995.4,4658,16,995.3,2543,14,995.2,2442,10,995.9,223,2,996.0,3455,16,996.1,663,4,996.2,539,8,996.3,943,16
317,2025-11-26 09:54:56+05:30,995.7,85,992.07,1618001,328067.0,377514.0,986.2,998.8,981.3,986.2,119359500,1084.8,887.6,1102.5,649.1,995.7,744,3,995.6,823,6,995.5,4376,13,995.4,3280,14,995.3,2530,13,995.9,119,3,996.0,3484,17,996.1,628,3,996.2,553,9,996.3,955,17
317,2025-11-26 09:54:57+05:30,995.7,85,992.07,1618001,328067.0,377514.0,986.2,998.8,981.3,986.2,119359500,1084.8,887.6,1102.5,649.1,995.7,744,3,995.6,823,6,995.5,4376,13,995.4,3280,14,995.3,2530,13,995.9,119,3,996.0,3484,17,996.1,628,3,996.2,553,9,996.3,955,17
317,2025-11-26 09:54:57+05:30,995.7,136,992.07,1618001,328067.0,377514.0,986.2,998.8,981.3,986.2,119359500,1084.8,887.6,1102.5,649.1,995.7,744,3,995.6,823,6,995.5,4376,13,995.4,3280,14,995.3,2530,13,995.9,119,3,996.0,3484,17,996.1,628,3,996.2,553,9,996.3,955,17
317,2025-11-26 09:54:57+05:30,995.7,136,992.07,1618001,328067.0,377514.0,986.2,998.8,981.3,986.2,119359500,1084.8,887.6,1102.5,649.1,995.7,744,3,995.6,823,6,995.5,4376,13,995.4,3280,14,995.3,2530,13,995.9,119,3,996.0,3484,17,996.1,628,3,996.2,553,9,996.3,955,17
317,2025-11-26 09:54:58+05:30,995.7,136,992.07,1618001,328067.0,377514.0,986.2,998.8,981.3,986.2,119359500,1084.8,887.6,1102.5,649.1,995.7,744,3,995.6,823,6,995.5,4376,13,995.4,3280,14,995.3,2530,13,995.9,119,3,996.0,3484,17,996.1,628,3,996.2,553,9,996.3,955,17
317,2025-11-26 09:54:59+05:30,995.7,136,992.07,1618001,328067.0,377514.0,986.2,998.8,981.3,986.2,119359500,1084.8,887.6,1102.5,649.1,995.7,744,3,995.6,823,6,995.5,4376,13,995.4,3280,14,995.3,2530,13,995.9,119,3,996.0,3484,17,996.1,628,3,996.2,553,9,996.3,955,17
317,2025-11-26 09:54:59+05:30,995.7,136,992.07,1618001,328067.0,377514.0,986.2,998.8,981.3,986.2,119356500,1084.8,887.6,1102.5,649.1,995.7,744,3,995.6,823,6,995.5,4376,13,995.4,3280,14,995.3,2530,13,995.9,119,3,996.0,3484,17,996.1,628,3,996.2,553,9,996.3,955,17
317,2025-11-26 09:55:00+05:30,995.7,136,992.07,1618001,328067.0,377514.0,986.2,998.8,981.3,986.2,119356500,1084.8,887.6,1102.5,649.1,995.7,744,3,995.6,823,6,995.5,4376,13,995.4,3280,14,995.3,2530,13,995.9,119,3,996.0,3484,17,996.1,628,3,996.2,553,9,996.3,955,17
317,2025-11-26 09:55:00+05:30,996.0,25,992.07,1618001,328067.0,377514.0,986.2,998.8,981.3,986.2,119356500,1084.8,887.6,1102.5,649.1,995.7,744,3,995.6,823,6,995.5,4376,13,995.4,3280,14,995.3,2530,13,995.9,119,3,996.0,3484,17,996.1,628,3,996.2,553,9,996.3,955,17
317,2025-11-26 09:55:02+05:30,996.0,44,992.07,1619273,328052.0,377344.0,986.2,998.8,981.3,986.2,119356500,1084.8,887.6,1102.5,649.1,995.9,25,1,995.7,610,5,995.6,952,5,995.5,4591,15,995.4,3322,14,996.0,3293,18,996.1,423,5,996.2,397,7,996.3,680,7,996.4,1980,19
317,2025-11-26 09:55:03+05:30,995.7,6,992.07,1619273,328052.0,377344.0,986.2,998.8,981.3,986.2,119356500,1084.8,887.6,1102.5,649.1,995.9,25,1,995.7,610,5,995.6,952,5,995.5,4591,15,995.4,3322,14,996.0,3293,18,996.1,423,5,996.2,397,7,996.3,680,7,996.4,1980,19
317,2025-11-26 09:55:06+05:30,995.9,110,992.07,1619273,328052.0,377344.0,986.2,998.8,981.3,986.2,119356500,1084.8,887.6,1102.5,649.1,995.9,25,1,995.7,610,5,995.6,952,5,995.5,4591,15,995.4,3322,14,996.0,3293,18,996.1,423,5,996.2,397,7,996.3,680,7,996.4,1980,19
317,2025-11-26 09:55:08+05:30,995.9,110,992.08,1621295,330653.0,375488.0,986.2,998.8,981.3,986.2,119356500,1084.8,887.6,1102.5,649.1,995.9,639,1,995.8,161,2,995.7,1861,10,995.6,4931,12,995.5,2470,15,996.0,2117,10,996.1,423,5,996.2,323,4,996.3,381,4,996.4,1501,18
317,2025-11-26 09:55:12+05:30,996.0,44,992.08,1621295,330653.0,375488.0,986.2,998.8,981.3,986.2,119356500,1084.8,887.6,1102.5,649.1,995.9,639,1,995.8,161,2,995.7,1861,10,995.6,4931,12,995.5,2470,15,996.0,2117,10,996.1,423,5,996.2,323,4,996.3,381,4,996.4,1501,18
317,2025-11-26 09:55:13+05:30,996.0,17,992.09,1625315,331186.0,372157.0,986.2,998.8,981.3,986.2,119356500,1084.8,887.6,1102.5,649.1,995.8,740,1,995.7,1525,8,995.6,4930,13,995.5,2494,17,995.4,2414,11,996.0,6,1,996.1,423,5,996.2,111,3,996.3,429,5,996.4,871,14
317,2025-11-26 09:55:15+05:30,995.8,9,992.09,1625315,331186.0,372157.0,986.2,998.8,981.3,986.2,119356500,1084.8,887.6,1102.5,649.1,995.8,740,1,995.7,1525,8,995.6,4930,13,995.5,2494,17,995.4,2414,11,996.0,6,1,996.1,423,5,996.2,111,3,996.3,429,5,996.4,871,14
317,2025-11-26 09:55:18+05:30,996.1,2,992.09,1625315,331186.0,372157.0,986.2,998.8,981.3,986.2,119356500,1084.8,887.6,1102.5,649.1,995.8,740,1,995.7,1525,8,995.6,4930,13,995.5,2494,17,995.4,2414,11,996.0,6,1,996.1,423,5,996.2,111,3,996.3,429,5,996.4,871,14
317,2025-11-26 09:55:19+05:30,996.4,10,992.09,1627394,340154.0,365486.0,986.2,998.8,981.3,986.2,119356500,1084.8,887.6,1102.5,649.1,996.3,21,1,996.2,327,4,996.1,3063,7,996.0,4879,15,995.9,3104,14,996.5,47,2,996.7,548,1,996.8,597,8,996.9,715,14,997.0,4773,26
317,2025-11-26 09:55:21+05:30,996.1,257,992.09,1627394,340154.0,365486.0,986.2,998.8,981.3,986.2,119356500,1084.8,887.6,1102.5,649.1,996.3,21,1,996.2,327,4,996.1,3063,7,996.0,4879,15,995.9,3104,14,996.5,47,2,996.7,548,1,996.8,597,8,996.9,715,14,997.0,4773,26
317,2025-11-26 09:55:24+05:30,996.3,54,992.09,1627394,340154.0,365486.0,986.2,998.8,981.3,986.2,119356500,1084.8,887.6,1102.5,649.1,996.3,21,1,996.2,327,4,996.1,3063,7,996.0,4879,15,995.9,3104,14,996.5,47,2,996.7,548,1,996.8,597,8,996.9,715,14,997.0,4773,26
317,2025-11-26 09:55:24+05:30,996.3,54,992.1,1627861,339878.0,367780.0,986.2,998.8,981.3,986.2,119356500,1084.8,887.6,1102.5,649.1,996.3,696,1,996.1,1745,4,996.0,4862,12,995.9,3011,13,995.8,2322,13,996.4,531,1,996.5,538,4,996.6,710,4,996.7,925,8,996.8,752,12
317,2025-11-26 09:55:27+05:30,996.4,44,992.1,1627861,339878.0,367780.0,986.2,998.8,981.3,986.2,119356500,1084.8,887.6,1102.5,649.1,996.3,696,1,996.1,1745,4,996.0,4862,12,995.9,3011,13,995.8,2322,13,996.4,531,1,996.5,538,4,996.6,710,4,996.7,925,8,996.8,752,12
317,2025-11-26 09:55:30+05:30,996.4,44,992.1,1627861,339878.0,367780.0,986.2,998.8,981.3,986.2,119356500,1084.8,887.6,1102.5,649.1,996.3,696,1,996.1,1745,4,996.0,4862,12,995.9,3011,13,995.8,2322,13,996.4,531,1,996.5,538,4,996.6,710,4,996.7,925,8,996.8,752,12
317,2025-11-26 09:55:30+05:30,996.4,44,992.1,1629859,337450.0,369026.0,986.2,998.8,981.3,986.2,119356500,1084.8,887.6,1102.5,649.1,996.3,1,1,996.1,554,4,996.0,2490,12,995.9,5392,15,995.8,2555,13,996.4,295,2,996.5,470,3,996.6,719,5,996.7,326,3,996.8,1160,11
317,2025-11-26 09:55:33+05:30,996.4,3,992.1,1629859,337450.0,369026.0,986.2,998.8,981.3,986.2,119356500,1084.8,887.6,1102.5,649.1,996.3,1,1,996.1,554,4,996.0,2490,12,995.9,5392,15,995.8,2555,13,996.4,295,2,996.5,470,3,996.6,719,5,996.7,326,3,996.8,1160,11
317,2025-11-26 09:55:36+05:30,996.4,3,992.1,1631166,337555.0,368680.0,986.2,998.8,981.3,986.2,119356500,1084.8,887.6,1102.5,649.1,996.4,391,1,996.3,177,2,996.2,566,4,996.1,2032,8,996.0,5326,17,996.5,470,3,996.6,456,2,996.7,735,4,996.8,763,14,996.9,1043,19
317,2025-11-26 09:55:39+05:30,996.5,30,992.1,1631166,337555.0,368680.0,986.2,998.8,981.3,986.2,119356500,1084.8,887.6,1102.5,649.1,996.4,391,1,996.3,177,2,996.2,566,4,996.1,2032,8,996.0,5326,17,996.5,470,3,996.6,456,2,996.7,735,4,996.8,763,14,996.9,1043,19
317,2025-11-26 09:55:42+05:30,996.7,8,992.11,1633577,342194.0,361487.0,986.2,998.8,981.3,986.2,119356500,1084.8,887.6,1102.5,649.1,996.6,750,1,996.5,2393,8,996.4,2556,13,996.3,2375,15,996.2,2921,12,996.8,22,3,996.9,529,3,997.0,3678,17,997.1,498,4,997.2,1354,14
317,2025-11-26 09:55:42+05:30,996.8,1,992.11,1633577,342194.0,361487.0,986.2,998.8,981.3,986.2,119356500,1084.8,887.6,1102.5,649.1,996.6,750,1,996.5,2393,8,996.4,2556,13,996.3,2375,15,996.2,2921,12,996.8,22,3,996.9,529,3,997.0,3678,17,997.1,498,4,997.2,1354,14
317,2025-11-26 09:55:45+05:30,996.8,2,992.11,1633577,342194.0,361487.0,986.2,998.8,981.3,986.2,119356500,1084.8,887.6,1102.5,649.1,996.6,750,1,996.5,2393,8,996.4,2556,13,996.3,2375,15,996.2,2921,12,996.8,22,3,996.9,529,3,997.0,3678,17,997.1,498,4,997.2,1354,14
317,2025-11-26 09:55:47+05:30,996.8,15,992.11,1634120,346015.0,362837.0,986.2,998.8,981.3,986.2,119356500,1084.8,887.6,1102.5,649.1,996.7,308,1,996.6,1020,5,996.5,2782,13,996.4,4140,13,996.3,2544,17,996.8,290,5,997.0,3930,21,997.1,589,6,997.2,1430,20,997.3,1928,16
317,2025-11-26 09:55:48+05:30,996.7,118,992.11,1634120,346015.0,362837.0,986.2,998.8,981.3,986.2,119356500,1084.8,887.6,1102.5,649.1,996.7,308,1,996.6,1020,5,996.5,2782,13,996.4,4140,13,996.3,2544,17,996.8,290,5,997.0,3930,21,997.1,589,6,997.2,1430,20,997.3,1928,16
317,2025-11-26 09:55:51+05:30,996.8,1,992.11,1634120,346015.0,362837.0,986.2,998.8,981.3,986.2,119356500,1084.8,887.6,1102.5,649.1,996.7,308,1,996.6,1020,5,996.5,2782,13,996.4,4140,13,996.3,2544,17,996.8,290,5,997.0,3930,21,997.1,589,6,997.2,1430,20,997.3,1928,16
317,2025-11-26 09:55:52+05:30,996.7,1,992.11,1634240,345307.0,363766.0,986.2,998.8,981.3,986.2,119356500,1084.8,887.6,1102.5,649.1,996.7,202,2,996.6,780,2,996.5,2387,8,996.4,3767,10,996.3,2340,17,996.8,292,7,996.9,1206,6,997.0,4045,23,997.1,547,5,997.2,1439,22
317,2025-11-26 09:55:54+05:30,996.8,7,992.11,1634240,345307.0,363766.0,986.2,998.8,981.3,986.2,119356500,1084.8,887.6,1102.5,649.1,996.7,202,2,996.6,780,2,996.5,2387,8,996.4,3767,10,996.3,2340,17,996.8,292,7,996.9,1206,6,997.0,4045,23,997.1,547,5,997.2,1439,22
317,2025-11-26 09:55:57+05:30,996.7,4,992.11,1634240,345307.0,363766.0,986.2,998.8,981.3,986.2,119356500,1084.8,887.6,1102.5,649.1,996.7,202,2,996.6,780,2,996.5,2387,8,996.4,3767,10,996.3,2340,17,996.8,292,7,996.9,1206,6,997.0,4045,23,997.1,547,5,997.2,1439,22
317,2025-11-26 09:55:57+05:30,996.8,198,992.11,1634743,345759.0,363750.0,986.2,998.8,981.3,986.2,119356500,1084.8,887.6,1102.5,649.1,996.7,24,3,996.6,780,2,996.5,3252,10,996.4,3845,10,996.3,2340,17,996.8,168,7,996.9,980,4,997.0,4041,23,997.1,594,6,997.2,1385,21
317,2025-11-26 09:56:00+05:30,996.7,2,992.11,1634743,345759.0,363750.0,986.2,998.8,981.3,986.2,119356500,1084.8,887.6,1102.5,649.1,996.7,24,3,996.6,780,2,996.5,3252,10,996.4,3845,10,996.3,2340,17,996.8,168,7,996.9,980,4,997.0,4041,23,997.1,594,6,997.2,1385,21
317,2025-11-26 09:56:03+05:30,996.7,7,992.11,1634743,345759.0,363750.0,986.2,998.8,981.3,986.2,119356500,1084.8,887.6,1102.5,649.1,996.7,24,3,996.6,780,2,996.5,3252,10,996.4,3845,10,996.3,2340,17,996.8,168,7,996.9,980,4,997.0,4041,23,997.1,594,6,997.2,1385,21
317,2025-11-26 09:56:03+05:30,996.8,6,992.12,1635756,346711.0,363969.0,986.2,998.8,981.3,986.2,119356500,1084.8,887.6,1102.5,649.1,996.7,6,1,996.6,1436,2,996.5,3582,12,996.4,4306,13,996.3,2375,17,996.8,516,8,996.9,551,5,997.0,3976,21,997.1,665,12,997.2,1419,17
317,2025-11-26 09:56:06+05:30,996.6,63,992.12,1635756,346711.0,363969.0,986.2,998.8,981.3,986.2,119356500,1084.8,887.6,1102.5,649.1,996.7,6,1,996.6,1436,2,996.5,3582,12,996.4,4306,13,996.3,2375,17,996.8,516,8,996.9,551,5,997.0,3976,21,997.1,665,12,997.2,1419,17
317,2025-11-26 09:56:09+05:30,996.8,2,992.12,1637743,343820.0,364750.0,986.2,998.8,981.3,986.2,119356500,1084.8,887.6,1102.5,649.1,996.6,210,2,996.5,3739,12,996.4,4181,13,996.3,2292,14,996.2,2719,11,996.8,497,7,996.9,687,4,997.0,3975,21,997.1,726,9,997.2,2307,22
317,2025-11-26 09:56:09+05:30,996.8,2,992.12,1637743,343820.0,364750.0,986.2,998.8,981.3,986.2,119356500,1084.8,887.6,1102.5,649.1,996.6,210,2,996.5,3739,12,996.4,4181,13,996.3,2292,14,996.2,2719,11,996.8,497,7,996.9,687,4,997.0,3975,21,997.1,726,9,997.2,2307,22
317,2025-11-26 09:56:12+05:30,996.8,4,992.12,1637743,343820.0,364750.0,986.2,998.8,981.3,986.2,119356500,1084.8,887.6,1102.5,649.1,996.6,210,2,996.5,3739,12,996.4,4181,13,996.3,2292,14,996.2,2719,11,996.8,497,7,996.9,687,4,997.0,3975,21,997.1,726,9,997.2,2307,22
317,2025-11-26 09:56:15+05:30,996.9,14,992.13,1638921,345790.0,362391.0,986.2,998.8,981.3,986.2,119356500,1084.8,887.6,1102.5,649.1,996.7,2304,5,996.6,1343,5,996.5,5098,16,996.4,2840,14,996.3,1994,9,996.8,14,2,996.9,407,2,997.0,3909,20,997.1,353,5,997.2,1295,20
317,2025-11-26 09:56:15+05:30,996.8,1,992.13,1638921,345790.0,362391.0,986.2,998.8,981.3,986.2,119356500,1084.8,887.6,1102.5,649.1,996.7,2304,5,996.6,1343,5,996.5,5098,16,996.4,2840,14,996.3,1994,9,996.8,14,2,996.9,407,2,997.0,3909,20,997.1,353,5,997.2,1295,20
317,2025-11-26 09:56:18+05:30,996.9,349,992.13,1638921,345790.0,362391.0,986.2,998.8,981.3,986.2,119356500,1084.8,887.6,1102.5,649.1,996.7,2304,5,996.6,1343,5,996.5,5098,16,996.4,2840,14,996.3,1994,9,996.8,14,2,996.9,407,2,997.0,3909,20,997.1,353,5,997.2,1295,20
317,2025-11-26 09:56:20+05:30,997.0,35,992.13,1640731,347259.0,360351.0,986.2,998.8,981.3,986.2,119356500,1084.8,887.6,1102.5,649.1,996.8,71,2,996.7,2078,4,996.6,1584,3,996.5,4483,16,996.4,3162,19,996.9,20,1,997.0,3567,20,997.1,276,4,997.2,722,9,997.3,868,15
317,2025-11-26 09:56:21+05:30,996.7,169,992.13,1640731,347259.0,360351.0,986.2,998.8,981.3,986.2,119356500,1084.8,887.6,1102.5,649.1,996.8,71,2,996.7,2078,4,996.6,1584,3,996.5,4483,16,996.4,3162,19,996.9,20,1,997.0,3567,20,997.1,276,4,997.2,722,9,997.3,868,15
317,2025-11-26 09:56:24+05:30,996.9,5,992.13,1640731,347259.0,360351.0,986.2,998.8,981.3,986.2,119356500,1084.8,887.6,1102.5,649.1,996.8,71,2,996.7,2078,4,996.6,1584,3,996.5,4483,16,996.4,3162,19,996.9,20,1,997.0,3567,20,997.1,276,4,997.2,722,9,997.3,868,15
317,2025-11-26 09:56:26+05:30,997.0,8,992.13,1642011,346756.0,360220.0,986.2,998.8,981.3,986.2,119356500,1084.8,887.6,1102.5,649.1,996.7,1159,3,996.6,1040,2,996.5,4364,14,996.4,3604,18,996.3,2429,11,997.0,2617,21,997.1,1044,11,997.2,655,8,997.3,902,17,997.4,1120,10
317,2025-11-26 09:56:27+05:30,996.8,70,992.13,1642011,346756.0,360220.0,986.2,998.8,981.3,986.2,119356500,1084.8,887.6,1102.5,649.1,996.7,1159,3,996.6,1040,2,996.5,4364,14,996.4,3604,18,996.3,2429,11,997.0,2617,21,997.1,1044,11,997.2,655,8,997.3,902,17,997.4,1120,10
317,2025-11-26 09:56:30+05:30,996.6,63,992.13,1642011,346756.0,360220.0,986.2,998.8,981.3,986.2,119356500,1084.8,887.6,1102.5,649.1,996.7,1159,3,996.6,1040,2,996.5,4364,14,996.4,3604,18,996.3,2429,11,997.0,2617,21,997.1,1044,11,997.2,655,8,997.3,902,17,997.4,1120,10
317,2025-11-26 09:56:31+05:30,996.7,31,992.15,1648548,339294.0,365087.0,986.2,998.8,981.3,986.2,119356500,1084.8,887.6,1102.5,649.1,996.5,343,5,996.4,1,1,996.3,47,1,996.2,2145,5,996.1,739,8,996.7,68,3,996.8,665,13,996.9,1005,13,997.0,3189,32,997.1,1286,15
317,2025-11-26 09:56:33+05:30,996.5,25,992.15,1648548,339294.0,365087.0,986.2,998.8,981.3,986.2,119356500,1084.8,887.6,1102.5,649.1,996.5,343,5,996.4,1,1,996.3,47,1,996.2,2145,5,996.1,739,8,996.7,68,3,996.8,665,13,996.9,1005,13,997.0,3189,32,997.1,1286,15
317,2025-11-26 09:56:36+05:30,996.0,10,992.16,1650708,336136.0,369838.0,986.2,998.8,981.3,986.2,119356500,1084.8,887.6,1102.5,649.1,996.0,108,1,995.9,313,2,995.8,5130,15,995.7,1648,17,995.6,3061,10,996.4,389,6,996.5,1241,10,996.6,1057,11,996.7,733,11,996.8,2350,18
317,2025-11-26 09:56:36+05:30,996.0,10,992.16,1650708,336136.0,369838.0,986.2,998.8,981.3,986.2,119356500,1084.8,887.6,1102.5,649.1,996.0,108,1,995.9,313,2,995.8,5130,15,995.7,1648,17,995.6,3061,10,996.4,389,6,996.5,1241,10,996.6,1057,11,996.7,733,11,996.8,2350,18
317,2025-11-26 09:56:39+05:30,995.8,80,992.16,1650708,336136.0,369838.0,986.2,998.8,981.3,986.2,119356500,1084.8,887.6,1102.5,649.1,996.0,108,1,995.9,313,2,995.8,5130,15,995.7,1648,17,995.6,3061,10,996.4,389,6,996.5,1241,10,996.6,1057,11,996.7,733,11,996.8,2350,18
317,2025-11-26 09:56:42+05:30,995.9,11,992.16,1651420,335887.0,372272.0,986.2,998.8,981.3,986.2,119356500,1084.8,887.6,1102.5,649.1,995.9,382,1,995.8,4806,15,995.7,2782,11,995.6,2296,11,995.5,1213,15,996.0,25,1,996.3,724,6,996.4,765,10,996.5,1189,9,996.6,1235,13
317,2025-11-26 09:56:42+05:30,995.9,11,992.16,1651420,335887.0,372272.0,986.2,998.8,981.3,986.2,119356500,1084.8,887.6,1102.5,649.1,995.9,382,1,995.8,4806,15,995.7,2782,11,995.6,2296,11,995.5,1213,15,996.0,25,1,996.3,724,6,996.4,765,10,996.5,1189,9,996.6,1235,13
317,2025-11-26 09:56:45+05:30,996.0,2,992.16,1651420,335887.0,372272.0,986.2,998.8,981.3,986.2,119356500,1084.8,887.6,1102.5,649.1,995.9,382,1,995.8,4806,15,995.7,2782,11,995.6,2296,11,995.5,1213,15,996.0,25,1,996.3,724,6,996.4,765,10,996.5,1189,9,996.6,1235,13
317,2025-11-26 09:56:47+05:30,996.0,2,992.16,1651564,337432.0,373744.0,986.2,998.8,981.3,986.2,119356500,1084.8,887.6,1102.5,649.1,995.9,13,1,995.8,116,3,995.7,518,6,995.6,6628,19,995.5,1693,10,996.0,1,1,996.2,442,4,996.3,852,9,996.4,2071,17,996.5,933,14
317,2025-11-26 09:56:48+05:30,995.8,92,992.16,1651564,337432.0,373744.0,986.2,998.8,981.3,986.2,119356500,1084.8,887.6,1102.5,649.1,995.9,13,1,995.8,116,3,995.7,518,6,995.6,6628,19,995.5,1693,10,996.0,1,1,996.2,442,4,996.3,852,9,996.4,2071,17,996.5,933,14
317,2025-11-26 09:56:51+05:30,996.2,97,992.16,1651564,337432.0,373744.0,986.2,998.8,981.3,986.2,119356500,1084.8,887.6,1102.5,649.1,995.9,13,1,995.8,116,3,995.7,518,6,995.6,6628,19,995.5,1693,10,996.0,1,1,996.2,442,4,996.3,852,9,996.4,2071,17,996.5,933,14
317,2025-11-26 09:56:53+05:30,996.3,98,992.16,1652534,332956.0,370243.0,986.2,998.8,981.3,986.2,119356500,1084.8,887.6,1102.5,649.1,996.0,41,2,995.9,544,1,995.8,2322,10,995.7,954,8,995.6,3380,15,996.3,37,1,996.4,1415,7,996.5,984,13,996.6,772,8,996.7,567,8
317,2025-11-26 09:56:54+05:30,996.0,12,992.16,1652534,332956.0,370243.0,986.2,998.8,981.3,986.2,119356500,1084.8,887.6,1102.5,649.1,996.0,41,2,995.9,544,1,995.8,2322,10,995.7,954,8,995.6,3380,15,996.3,37,1,996.4,1415,7,996.5,984,13,996.6,772,8,996.7,567,8
317,2025-11-26 09:56:57+05:30,996.0,23,992.16,1652534,332956.0,370243.0,986.2,998.8,981.3,986.2,119356500,1084.8,887.6,1102.5,649.1,996.0,41,2,995.9,544,1,995.8,2322,10,995.7,954,8,995.6,3380,15,996.3,37,1,996.4,1415,7,996.5,984,13,996.6,772,8,996.7,567,8
317,2025-11-26 09:56:59+05:30,996.0,5,992.16,1652706,330520.0,369924.0,986.2,998.8,981.3,986.2,119356500,1084.8,887.6,1102.5,649.1,996.0,1497,3,995.9,873,4,995.8,3384,15,995.7,1743,15,995.6,3159,13,996.4,1247,4,996.5,396,7,996.6,999,9,996.7,701,9,996.8,2461,23
317,2025-11-26 09:57:00+05:30,996.4,69,992.16,1652706,330520.0,369924.0,986.2,998.8,981.3,986.2,119356500,1084.8,887.6,1102.5,649.1,996.0,1497,3,995.9,873,4,995.8,3384,15,995.7,1743,15,995.6,3159,13,996.4,1247,4,996.5,396,7,996.6,999,9,996.7,701,9,996.8,2461,23
317,2025-11-26 09:57:03+05:30,996.1,1,992.16,1652706,330520.0,369924.0,986.2,998.8,981.3,986.2,119356500,1084.8,887.6,1102.5,649.1,996.0,1497,3,995.9,873,4,995.8,3384,15,995.7,1743,15,995.6,3159,13,996.4,1247,4,996.5,396,7,996.6,999,9,996.7,701,9,996.8,2461,23
317,2025-11-26 09:57:04+05:30,996.1,1,992.16,1652819,335905.0,367158.0,986.2,998.8,981.3,986.2,119356500,1084.8,887.6,1102.5,649.1,996.1,647,3,996.0,2478,9,995.9,3761,13,995.8,2888,19,995.7,2401,10,996.5,201,2,996.6,348,5,996.7,1099,8,996.8,1055,13,996.9,916,18
317,2025-11-26 09:57:06+05:30,996.5,9,992.16,1652819,335905.0,367158.0,986.2,998.8,981.3,986.2,119356500,1084.8,887.6,1102.5,649.1,996.1,647,3,996.0,2478,9,995.9,3761,13,995.8,2888,19,995.7,2401,10,996.5,201,2,996.6,348,5,996.7,1099,8,996.8,1055,13,996.9,916,18
317,2025-11-26 09:57:09+05:30,996.7,60,992.16,1652819,335905.0,367158.0,986.2,998.8,981.3,986.2,119356500,1084.8,887.6,1102.5,649.1,996.1,647,3,996.0,2478,9,995.9,3761,13,995.8,2888,19,995.7,2401,10,996.5,201,2,996.6,348,5,996.7,1099,8,996.8,1055,13,996.9,916,18
317,2025-11-26 09:57:10+05:30,996.7,60,992.16,1653416,339721.0,365059.0,986.2,998.8,981.3,986.2,119356500,1084.8,887.6,1102.5,649.1,996.3,296,4,996.2,2863,10,996.1,1216,12,996.0,2706,14,995.9,2437,13,996.7,3,2,996.8,346,4,996.9,670,5,997.0,3131,36,997.1,2410,18
317,2025-11-26 09:57:12+05:30,996.7,4,992.16,1653416,339721.0,365059.0,986.2,998.8,981.3,986.2,119356500,1084.8,887.6,1102.5,649.1,996.3,296,4,996.2,2863,10,996.1,1216,12,996.0,2706,14,995.9,2437,13,996.7,3,2,996.8,346,4,996.9,670,5,997.0,3131,36,997.1,2410,18
317,2025-11-26 09:57:15+05:30,996.6,45,992.16,1653416,339721.0,365059.0,986.2,998.8,981.3,986.2,119356500,1084.8,887.6,1102.5,649.1,996.3,296,4,996.2,2863,10,996.1,1216,12,996.0,2706,14,995.9,2437,13,996.7,3,2,996.8,346,4,996.9,670,5,997.0,3131,36,997.1,2410,18
317,2025-11-26 09:57:16+05:30,996.7,1,992.17,1654497,339463.0,367300.0,986.2,998.8,981.3,986.2,119356500,1084.8,887.6,1102.5,649.1,996.3,13,1,996.2,1767,4,996.1,858,8,996.0,2399,12,995.9,2423,13,996.7,658,8,996.8,1329,13,996.9,1418,14,997.0,4651,39,997.1,1803,17
317,2025-11-26 09:57:18+05:30,996.7,1,992.17,1654497,339463.0,367300.0,986.2,998.8,981.3,986.2,119356500,1084.8,887.6,1102.5,649.1,996.3,13,1,996.2,1767,4,996.1,858,8,996.0,2399,12,995.9,2423,13,996.7,658,8,996.8,1329,13,996.9,1418,14,997.0,4651,39,997.1,1803,17
317,2025-11-26 09:57:20+05:30,996.7,1,992.17,1654803,338878.0,367328.0,986.2,998.8,981.3,986.2,119356500,1084.8,887.6,1102.5,649.1,996.3,287,1,996.2,1164,2,996.1,1353,8,996.0,2419,13,995.9,2373,12,996.7,341,8,996.8,1270,14,996.9,1092,12,997.0,4656,40,997.1,1803,17
317,2025-11-26 09:57:21+05:30,996.7,100,992.17,1654803,338878.0,367328.0,986.2,998.8,981.3,986.2,119356500,1084.8,887.6,1102.5,649.1,996.3,287,1,996.2,1164,2,996.1,1353,8,996.0,2419,13,995.9,2373,12,996.7,341,8,996.8,1270,14,996.9,1092,12,997.0,4656,40,997.1,1803,17
317,2025-11-26 09:57:21+05:30,996.7,100,992.17,1654903,342170.0,367739.0,986.2,998.8,981.3,986.2,119356500,1084.8,887.6,1102.5,649.1,996.3,18,1,996.2,4676,10,996.1,2872,12,996.0,2279,11,995.9,860,9,996.7,248,6,996.8,1384,15,996.9,1217,13,997.0,4156,39,997.1,2453,18
317,2025-11-26 09:57:22+05:30,996.7,10,992.17,1654903,342170.0,367739.0,986.2,998.8,981.3,986.2,119356500,1084.8,887.6,1102.5,649.1,996.3,18,1,996.2,4676,10,996.1,2872,12,996.0,2279,11,995.9,860,9,996.7,248,6,996.8,1384,15,996.9,1217,13,997.0,4156,39,997.1,2453,18
317,2025-11-26 09:57:22+05:30,996.7,10,992.17,1654914,342170.0,367829.0,986.2,998.8,981.3,986.2,119356500,1084.8,887.6,1102.5,649.1,996.3,18,1,996.2,4676,10,996.1,2872,12,996.0,2279,11,995.9,860,9,996.7,238,6,996.8,1384,15,996.9,1217,13,997.0,4156,39,997.1,2453,18
317,2025-11-26 09:57:23+05:30,996.7,10,992.17,1654914,342170.0,367829.0,986.2,998.8,981.3,986.2,119356500,1084.8,887.6,1102.5,649.1,996.3,18,1,996.2,4676,10,996.1,2872,12,996.0,2279,11,995.9,860,9,996.7,238,6,996.8,1384,15,996.9,1217,13,997.0,4156,39,997.1,2453,18
317,2025-11-26 09:57:24+05:30,996.7,10,992.17,1654984,340204.0,367448.0,986.2,998.8,981.3,986.2,119356500,1084.8,887.6,1102.5,649.1,996.3,7,1,996.2,4733,11,996.1,2921,13,996.0,2319,11,995.9,1610,10,996.7,173,5,996.8,1463,15,996.9,1260,14,997.0,4154,39,997.1,2453,18
317,2025-11-26 09:57:24+05:30,996.7,10,992.17,1654984,340204.0,367448.0,986.2,998.8,981.3,986.2,119356500,1084.8,887.6,1102.5,649.1,996.3,7,1,996.2,4733,11,996.1,2921,13,996.0,2319,11,995.9,1610,10,996.7,173,5,996.8,1463,15,996.9,1260,14,997.0,4154,39,997.1,2453,18
317,2025-11-26 09:57:25+05:30,996.6,48,992.17,1655032,336775.0,368462.0,986.2,998.8,981.3,986.2,119356500,1084.8,887.6,1102.5,649.1,996.2,1220,3,996.1,1526,7,996.0,3037,14,995.9,1610,10,995.8,3173,19,996.6,196,4,996.7,863,9,996.8,1584,18,996.9,1050,12,997.0,4654,40
317,2025-11-26 09:57:25+05:30,996.6,48,992.17,1655032,336775.0,368462.0,986.2,998.8,981.3,986.2,119356500,1084.8,887.6,1102.5,649.1,996.2,1220,3,996.1,1526,7,996.0,3037,14,995.9,1610,10,995.8,3173,19,996.6,196,4,996.7,863,9,996.8,1584,18,996.9,1050,12,997.0,4654,40
317,2025-11-26 09:57:26+05:30,996.6,48,992.17,1655032,338133.0,368874.0,986.2,998.8,981.3,986.2,119356500,1084.8,887.6,1102.5,649.1,996.2,1164,2,996.1,1526,7,996.0,3050,15,995.9,1610,10,995.8,3173,19,996.6,196,4,996.7,1302,10,996.8,1584,18,996.9,1544,12,997.0,4154,39
317,2025-11-26 09:57:27+05:30,996.2,1,992.17,1655033,336442.0,368858.0,986.2,998.8,981.3,986.2,119356500,1084.8,887.6,1102.5,649.1,996.2,1163,2,996.1,1526,7,996.0,3099,16,995.9,2360,11,995.8,2423,18,996.6,147,3,996.7,1334,11,996.8,1584,18,996.9,1544,12,997.0,4154,39
317,2025-11-26 09:57:27+05:30,996.2,1,992.17,1655033,336442.0,368858.0,986.2,998.8,981.3,986.2,119356500,1084.8,887.6,1102.5,649.1,996.2,1163,2,996.1,1526,7,996.0,3099,16,995.9,2360,11,995.8,2423,18,996.6,147,3,996.7,1334,11,996.8,1584,18,996.9,1544,12,997.0,4154,39
317,2025-11-26 09:57:28+05:30,996.0,50,992.17,1657567,333265.0,374192.0,986.2,998.8,981.3,986.2,119356500,1084.8,887.6,1102.5,649.1,995.9,3,1,995.8,30,3,995.7,1518,5,995.6,1998,6,995.5,2663,17,996.3,654,8,996.4,1036,14,996.5,1151,16,996.6,1820,14,996.7,1267,17
317,2025-11-26 09:57:28+05:30,995.7,93,992.17,1657567,333265.0,374192.0,986.2,998.8,981.3,986.2,119356500,1084.8,887.6,1102.5,649.1,995.9,3,1,995.8,30,3,995.7,1518,5,995.6,1998,6,995.5,2663,17,996.3,654,8,996.4,1036,14,996.5,1151,16,996.6,1820,14,996.7,1267,17
317,2025-11-26 09:57:29+05:30,995.7,93,992.18,1657772,336081.0,375660.0,986.2,998.8,981.3,986.2,119356500,1084.8,887.6,1102.5,649.1,995.7,1094,2,995.6,328,2,995.5,3796,12,995.4,1713,12,995.3,3341,16,995.9,3,1,996.0,31,1,996.1,312,4,996.2,889,8,996.3,1026,11
317,2025-11-26 09:57:29+05:30,995.7,196,992.18,1657772,336081.0,375660.0,986.2,998.8,981.3,986.2,119356500,1084.8,887.6,1102.5,649.1,995.7,1094,2,995.6,328,2,995.5,3796,12,995.4,1713,12,995.3,3341,16,995.9,3,1,996.0,31,1,996.1,312,4,996.2,889,8,996.3,1026,11
317,2025-11-26 09:57:30+05:30,995.7,196,992.18,1658312,336342.0,376915.0,986.2,998.8,981.3,986.2,119356500,1084.8,887.6,1102.5,649.1,995.5,2235,8,995.4,3071,14,995.3,2591,16,995.2,2458,11,995.1,2230,13,995.9,69,1,996.0,519,6,996.1,1128,7,996.2,1106,12,996.3,849,14
317,2025-11-26 09:57:30+05:30,995.9,135,992.18,1658312,336342.0,376915.0,986.2,998.8,981.3,986.2,119356500,1084.8,887.6,1102.5,649.1,995.5,2235,8,995.4,3071,14,995.3,2591,16,995.2,2458,11,995.1,2230,13,995.9,69,1,996.0,519,6,996.1,1128,7,996.2,1106,12,996.3,849,14
317,2025-11-26 09:57:31+05:30,995.9,86,992.18,1658533,334810.0,373983.0,986.2,998.8,981.3,986.2,119356500,1084.8,887.6,1102.5,649.1,995.9,555,2,995.8,26,1,995.7,149,3,995.6,199,3,995.5,4345,16,996.2,504,6,996.3,1335,10,996.4,1119,20,996.5,703,9,996.6,1804,15
317,2025-11-26 09:57:31+05:30,995.9,86,992.18,1658533,334810.0,373983.0,986.2,998.8,981.3,986.2,119356500,1084.8,887.6,1102.5,649.1,995.9,555,2,995.8,26,1,995.7,149,3,995.6,199,3,995.5,4345,16,996.2,504,6,996.3,1335,10,996.4,1119,20,996.5,703,9,996.6,1804,15
317,2025-11-26 09:57:32+05:30,995.9,86,992.18,1658533,338142.0,374015.0,986.2,998.8,981.3,986.2,119356500,1084.8,887.6,1102.5,649.1,995.9,555,2,995.8,26,1,995.7,149,3,995.6,399,4,995.5,3595,15,996.2,553,7,996.3,1335,10,996.4,1150,21,996.5,704,10,996.6,1804,15
317,2025-11-26 09:57:33+05:30,995.9,86,992.18,1658533,334083.0,374058.0,986.2,998.8,981.3,986.2,119356500,1084.8,887.6,1102.5,649.1,995.9,568,3,995.8,26,1,995.7,149,3,995.6,399,4,995.5,4332,15,996.2,553,7,996.3,1335,10,996.4,1150,21,996.5,747,11,996.6,1804,15
317,2025-11-26 09:57:34+05:30,996.2,10,992.18,1658543,336935.0,374225.0,986.2,998.8,981.3,986.2,119356500,1084.8,887.6,1102.5,649.1,996.0,138,2,995.9,568,3,995.8,26,1,995.7,323,3,995.6,1062,4,996.2,275,5,996.3,1460,11,996.4,1150,21,996.5,747,11,996.6,1469,14
317,2025-11-26 09:57:34+05:30,996.2,10,992.18,1658543,336935.0,374225.0,986.2,998.8,981.3,986.2,119356500,1084.8,887.6,1102.5,649.1,996.0,138,2,995.9,568,3,995.8,26,1,995.7,323,3,995.6,1062,4,996.2,275,5,996.3,1460,11,996.4,1150,21,996.5,747,11,996.6,1469,14
317,2025-11-26 09:57:35+05:30,996.2,10,992.18,1658543,336935.0,374486.0,986.2,998.8,981.3,986.2,119356500,1084.8,887.6,1102.5,649.1,996.0,151,3,995.9,555,2,995.8,26,1,995.7,323,3,995.6,1120,5,996.2,111,2,996.3,1578,13,996.4,1150,21,996.5,747,11,996.6,1669,15
317,2025-11-26 09:57:36+05:30,996.2,10,992.18,1658543,338959.0,374504.0,986.2,998.8,981.3,986.2,119356500,1084.8,887.6,1102.5,649.1,996.0,151,3,995.9,555,2,995.8,26,1,995.7,323,3,995.6,1120,5,996.2,111,2,996.3,1578,13,996.4,1150,21,996.5,747,11,996.6,1669,15
317,2025-11-26 09:57:37+05:30,996.2,50,992.18,1658643,334938.0,373905.0,986.2,998.8,981.3,986.2,119356500,1084.8,887.6,1102.5,649.1,996.0,151,3,995.9,555,2,995.8,26,1,995.7,1073,4,995.6,370,4,996.2,71,2,996.3,1002,12,996.4,1150,21,996.5,865,12,996.6,1568,14
317,2025-11-26 09:57:37+05:30,996.0,2,992.18,1658643,334938.0,373905.0,986.2,998.8,981.3,986.2,119356500,1084.8,887.6,1102.5,649.1,996.0,151,3,995.9,555,2,995.8,26,1,995.7,1073,4,995.6,370,4,996.2,71,2,996.3,1002,12,996.4,1150,21,996.5,865,12,996.6,1568,14
317,2025-11-26 09:57:38+05:30,996.0,2,992.18,1658783,334598.0,373907.0,986.2,998.8,981.3,986.2,119356500,1084.8,887.6,1102.5,649.1,996.0,37,2,995.9,555,2,995.7,123,2,995.6,1120,5,995.5,3582,14,996.2,126,3,996.3,828,10,996.4,1150,21,996.5,865,12,996.6,1368,13
317,2025-11-26 09:57:39+05:30,996.2,10,992.18,1658793,335985.0,373995.0,986.2,998.8,981.3,986.2,119356500,1084.8,887.6,1102.5,649.1,996.0,37,2,995.9,555,2,995.7,1626,5,995.6,3444,11,995.5,2201,12,996.2,61,2,996.3,643,8,996.4,963,12,996.5,865,12,996.6,1174,20
317,2025-11-26 09:57:39+05:30,996.2,10,992.18,1658793,335985.0,373995.0,986.2,998.8,981.3,986.2,119356500,1084.8,887.6,1102.5,649.1,996.0,37,2,995.9,555,2,995.7,1626,5,995.6,3444,11,995.5,2201,12,996.2,61,2,996.3,643,8,996.4,963,12,996.5,865,12,996.6,1174,20
317,2025-11-26 09:57:40+05:30,996.2,10,992.18,1658793,340207.0,373930.0,986.2,998.8,981.3,986.2,119356500,1084.8,887.6,1102.5,649.1,996.0,37,2,995.9,555,2,995.8,752,2,995.7,1626,5,995.6,2694,10,996.2,61,2,996.3,643,8,996.4,937,11,996.5,865,12,996.6,1135,19
317,2025-11-26 09:57:41+05:30,996.5,74,992.18,1659543,338601.0,368001.0,986.2,998.8,981.3,986.2,119356500,1084.8,887.6,1102.5,649.1,996.1,323,5,996.0,1147,9,995.9,2357,9,995.8,3820,12,995.7,2583,17,996.5,44,2,996.6,73,2,996.7,783,7,996.8,1215,15,996.9,2252,18
317,2025-11-26 09:57:41+05:30,996.5,74,992.18,1659543,338601.0,368001.0,986.2,998.8,981.3,986.2,119356500,1084.8,887.6,1102.5,649.1,996.1,323,5,996.0,1147,9,995.9,2357,9,995.8,3820,12,995.7,2583,17,996.5,44,2,996.6,73,2,996.7,783,7,996.8,1215,15,996.9,2252,18
317,2025-11-26 09:57:42+05:30,996.5,74,992.18,1659543,336959.0,368826.0,986.2,998.8,981.3,986.2,119356500,1084.8,887.6,1102.5,649.1,996.1,185,5,996.0,386,7,995.9,2680,10,995.8,2534,12,995.7,2583,17,996.5,534,4,996.6,308,4,996.7,985,9,996.8,1730,17,996.9,1959,18
317,2025-11-26 09:57:42+05:30,996.1,14,992.18,1659543,336959.0,368826.0,986.2,998.8,981.3,986.2,119356500,1084.8,887.6,1102.5,649.1,996.1,185,5,996.0,386,7,995.9,2680,10,995.8,2534,12,995.7,2583,17,996.5,534,4,996.6,308,4,996.7,985,9,996.8,1730,17,996.9,1959,18
317,2025-11-26 09:57:43+05:30,996.7,12,992.18,1660777,341947.0,364349.0,986.2,998.8,981.3,986.2,119356500,1084.8,887.6,1102.5,649.1,996.3,180,4,996.2,1225,10,996.1,1952,10,996.0,2184,9,995.9,1102,9,996.5,23,1,996.7,25,2,996.8,318,3,996.9,1486,13,997.0,4428,35
317,2025-11-26 09:57:43+05:30,996.7,12,992.18,1660777,341947.0,364349.0,986.2,998.8,981.3,986.2,119356500,1084.8,887.6,1102.5,649.1,996.3,180,4,996.2,1225,10,996.1,1952,10,996.0,2184,9,995.9,1102,9,996.5,23,1,996.7,25,2,996.8,318,3,996.9,1486,13,997.0,4428,35
317,2025-11-26 09:57:44+05:30,996.2,33,992.18,1661059,339210.0,367373.0,986.2,998.8,981.3,986.2,119356500,1084.8,887.6,1102.5,649.1,996.2,96,2,996.1,1852,8,996.0,3842,12,995.9,2353,10,995.8,2200,10,996.5,38,2,996.6,58,1,996.7,358,5,996.8,938,5,996.9,1738,17
317,2025-11-26 09:57:44+05:30,996.2,33,992.18,1661059,339210.0,367373.0,986.2,998.8,981.3,986.2,119356500,1084.8,887.6,1102.5,649.1,996.2,96,2,996.1,1852,8,996.0,3842,12,995.9,2353,10,995.8,2200,10,996.5,38,2,996.6,58,1,996.7,358,5,996.8,938,5,996.9,1738,17
317,2025-11-26 09:57:45+05:30,996.2,33,992.18,1661059,341670.0,367614.0,986.2,998.8,981.3,986.2,119356500,1084.8,887.6,1102.5,649.1,996.2,96,2,996.1,1852,8,996.0,3842,12,995.9,2353,10,995.8,2200,10,996.5,38,2,996.6,3,1,996.7,415,5,996.8,1089,5,996.9,1981,18
317,2025-11-26 09:57:46+05:30,996.2,30,992.18,1661089,341669.0,367785.0,986.2,998.8,981.3,986.2,119356500,1084.8,887.6,1102.5,649.1,996.2,66,2,996.1,1794,7,996.0,3784,11,995.9,2353,10,995.8,2210,11,996.5,38,2,996.6,3,1,996.7,400,4,996.8,1176,7,996.9,2549,21
317,2025-11-26 09:57:46+05:30,996.2,30,992.18,1661089,341669.0,367785.0,986.2,998.8,981.3,986.2,119356500,1084.8,887.6,1102.5,649.1,996.2,66,2,996.1,1794,7,996.0,3784,11,995.9,2353,10,995.8,2210,11,996.5,38,2,996.6,3,1,996.7,400,4,996.8,1176,7,996.9,2549,21
317,2025-11-26 09:57:47+05:30,996.6,41,992.18,1661089,341669.0,367785.0,986.2,998.8,981.3,986.2,119356500,1084.8,887.6,1102.5,649.1,996.2,66,2,996.1,1794,7,996.0,3784,11,995.9,2353,10,995.8,2210,11,996.5,38,2,996.6,3,1,996.7,400,4,996.8,1176,7,996.9,2549,21
317,2025-11-26 09:57:47+05:30,996.6,41,992.18,1661279,338417.0,367919.0,986.2,998.8,981.3,986.2,119356500,1084.8,887.6,1102.5,649.1,996.2,136,4,996.1,1909,8,996.0,3735,10,995.9,2359,11,995.8,2204,10,996.5,1,1,996.6,3,1,996.7,797,6,996.8,916,11,996.9,2001,19
317,2025-11-26 09:57:48+05:30,996.2,4,992.18,1661279,338417.0,367919.0,986.2,998.8,981.3,986.2,119356500,1084.8,887.6,1102.5,649.1,996.2,136,4,996.1,1909,8,996.0,3735,10,995.9,2359,11,995.8,2204,10,996.5,1,1,996.6,3,1,996.7,797,6,996.8,916,11,996.9,2001,19
317,2025-11-26 09:57:48+05:30,996.2,4,992.18,1661417,340182.0,368379.0,986.2,998.8,981.3,986.2,119356500,1084.8,887.6,1102.5,649.1,996.2,92,2,996.1,1482,5,996.0,3439,10,995.9,2353,10,995.8,2204,10,996.5,1,1,996.6,452,4,996.7,741,6,996.8,1007,13,996.9,2633,23
317,2025-11-26 09:57:49+05:30,996.1,4,992.18,1661417,340182.0,368379.0,986.2,998.8,981.3,986.2,119356500,1084.8,887.6,1102.5,649.1,996.2,92,2,996.1,1482,5,996.0,3439,10,995.9,2353,10,995.8,2204,10,996.5,1,1,996.6,452,4,996.7,741,6,996.8,1007,13,996.9,2633,23
317,2025-11-26 09:57:49+05:30,996.1,4,992.18,1661430,341102.0,369302.0,986.2,998.8,981.3,986.2,119356500,1084.8,887.6,1102.5,649.1,996.1,1422,4,996.0,3336,9,995.9,2304,9,995.8,2404,11,995.7,1736,15,996.5,158,3,996.6,645,7,996.7,1039,9,996.8,1190,15,996.9,2633,23
317,2025-11-26 09:57:50+05:30,996.5,4,992.18,1661436,341128.0,369417.0,986.2,998.8,981.3,986.2,119356500,1084.8,887.6,1102.5,649.1,996.1,1421,4,996.0,3336,9,995.9,2304,9,995.8,2404,11,995.7,1736,15,996.5,209,4,996.6,743,9,996.7,1039,9,996.8,1190,15,996.9,2599,22
317,2025-11-26 09:57:51+05:30,996.1,15,992.18,1661436,341128.0,369417.0,986.2,998.8,981.3,986.2,119356500,1084.8,887.6,1102.5,649.1,996.1,1421,4,996.0,3336,9,995.9,2304,9,995.8,2404,11,995.7,1736,15,996.5,209,4,996.6,743,9,996.7,1039,9,996.8,1190,15,996.9,2599,22
317,2025-11-26 09:57:51+05:30,996.1,15,992.18,1661451,339298.0,367803.0,986.2,998.8,981.3,986.2,119356500,1084.8,887.6,1102.5,649.1,996.1,1406,4,996.0,3342,10,995.9,2304,9,995.8,2404,11,995.7,1887,15,996.5,56,2,996.6,545,6,996.7,1050,10,996.8,1190,15,996.9,1685,18
317,2025-11-26 09:57:52+05:30,996.1,15,992.18,1661451,341670.0,368829.0,986.2,998.8,981.3,986.2,119356500,1084.8,887.6,1102.5,649.1,996.2,300,1,996.1,1406,4,996.0,3336,9,995.9,2304,9,995.8,2410,12,996.5,56,2,996.6,545,6,996.7,1056,11,996.8,1190,15,996.9,1701,19
317,2025-11-26 09:57:54+05:30,996.1,15,992.18,1661451,338888.0,368979.0,986.2,998.8,981.3,986.2,119356500,1084.8,887.6,1102.5,649.1,996.3,112,1,996.2,300,1,996.1,1435,5,996.0,3356,10,995.9,2353,10,996.5,1,1,996.6,545,6,996.7,1003,10,996.8,1223,16,996.9,1201,18
317,2025-11-26 09:57:55+05:30,996.2,2,992.18,1661665,342243.0,368829.0,986.2,998.8,981.3,986.2,119356500,1084.8,887.6,1102.5,649.1,996.2,300,2,996.1,1434,4,996.0,3354,9,995.9,2353,10,995.8,2404,11,996.6,563,9,996.7,748,7,996.8,1153,15,996.9,1156,17,997.0,4518,35
317,2025-11-26 09:57:55+05:30,996.2,2,992.18,1661665,342243.0,368829.0,986.2,998.8,981.3,986.2,119356500,1084.8,887.6,1102.5,649.1,996.2,300,2,996.1,1434,4,996.0,3354,9,995.9,2353,10,995.8,2404,11,996.6,563,9,996.7,748,7,996.8,1153,15,996.9,1156,17,997.0,4518,35
317,2025-11-26 09:57:56+05:30,996.2,2,992.18,1661665,340714.0,368992.0,986.2,998.8,981.3,986.2,119356500,1084.8,887.6,1102.5,649.1,996.2,300,2,996.1,1634,5,996.0,2604,8,995.9,2353,10,995.8,2404,11,996.6,654,11,996.7,1475,11,996.8,1153,15,996.9,1654,17,997.0,4018,34
317,2025-11-26 09:57:57+05:30,996.6,14,992.18,1661679,336690.0,369414.0,986.2,998.8,981.3,986.2,119356500,1084.8,887.6,1102.5,649.1,996.2,301,3,996.1,1634,5,996.0,2604,8,995.9,2353,10,995.8,2404,11,996.6,733,12,996.7,1594,11,996.8,1159,16,996.9,1697,18,997.0,4043,35
317,2025-11-26 09:57:57+05:30,996.6,14,992.18,1661679,336690.0,369414.0,986.2,998.8,981.3,986.2,119356500,1084.8,887.6,1102.5,649.1,996.2,301,3,996.1,1634,5,996.0,2604,8,995.9,2353,10,995.8,2404,11,996.6,733,12,996.7,1594,11,996.8,1159,16,996.9,1697,18,997.0,4043,35
317,2025-11-26 09:57:57+05:30,996.6,14,992.18,1661679,336690.0,369414.0,986.2,998.8,981.3,986.2,119356500,1084.8,887.6,1102.5,649.1,996.2,301,3,996.1,1634,5,996.0,2604,8,995.9,2353,10,995.8,2404,11,996.6,733,12,996.7,1594,11,996.8,1159,16,996.9,1697,18,997.0,4043,35
317,2025-11-26 09:57:57+05:30,996.6,14,992.18,1661679,336690.0,369414.0,986.2,998.8,981.3,986.2,119356500,1084.8,887.6,1102.5,649.1,996.2,301,3,996.1,1634,5,996.0,2604,8,995.9,2353,10,995.8,2404,11,996.6,733,12,996.7,1594,11,996.8,1159,16,996.9,1697,18,997.0,4043,35
317,2025-11-26 09:57:58+05:30,996.6,14,992.18,1661679,336690.0,369414.0,986.2,998.8,981.3,986.2,119356500,1084.8,887.6,1102.5,649.1,996.2,301,3,996.1,1634,5,996.0,2604,8,995.9,2353,10,995.8,2404,11,996.6,733,12,996.7,1594,11,996.8,1159,16,996.9,1697,18,997.0,4043,35
317,2025-11-26 09:57:58+05:30,996.2,1,992.18,1661680,336634.0,369111.0,986.2,998.8,981.3,986.2,119356500,1084.8,887.6,1102.5,649.1,996.2,298,2,996.1,1434,4,996.0,2606,9,995.9,2304,9,995.8,2410,12,996.6,857,13,996.7,1469,10,996.8,1187,17,996.9,1710,19,997.0,3997,36
317,2025-11-26 09:57:58+05:30,996.2,1,992.18,1661680,336634.0,369111.0,986.2,998.8,981.3,986.2,119356500,1084.8,887.6,1102.5,649.1,996.2,298,2,996.1,1434,4,996.0,2606,9,995.9,2304,9,995.8,2410,12,996.6,857,13,996.7,1469,10,996.8,1187,17,996.9,1710,19,997.0,3997,36
317,2025-11-26 09:57:58+05:30,996.2,1,992.18,1661680,336634.0,369111.0,986.2,998.8,981.3,986.2,119356500,1084.8,887.6,1102.5,649.1,996.2,298,2,996.1,1434,4,996.0,2606,9,995.9,2304,9,995.8,2410,12,996.6,857,13,996.7,1469,10,996.8,1187,17,996.9,1710,19,997.0,3997,36
317,2025-11-26 09:57:58+05:30,996.2,1,992.18,1661680,336634.0,369111.0,986.2,998.8,981.3,986.2,119356500,1084.8,887.6,1102.5,649.1,996.2,298,2,996.1,1434,4,996.0,2606,9,995.9,2304,9,995.8,2410,12,996.6,857,13,996.7,1469,10,996.8,1187,17,996.9,1710,19,997.0,3997,36
317,2025-11-26 09:57:59+05:30,996.2,1,992.18,1661680,336634.0,369111.0,986.2,998.8,981.3,986.2,119356500,1084.8,887.6,1102.5,649.1,996.2,298,2,996.1,1434,4,996.0,2606,9,995.9,2304,9,995.8,2410,12,996.6,857,13,996.7,1469,10,996.8,1187,17,996.9,1710,19,997.0,3997,36
317,2025-11-26 09:57:59+05:30,996.2,1,992.18,1661680,336633.0,369111.0,986.2,998.8,981.3,986.2,119356500,1084.8,887.6,1102.5,649.1,996.2,298,2,996.1,1434,4,996.0,2606,9,995.9,2304,9,995.8,2410,12,996.6,857,13,996.7,1469,10,996.8,1187,17,996.9,1710,19,997.0,3997,36
317,2025-11-26 09:57:59+05:30,996.6,5,992.18,1661680,336633.0,369111.0,986.2,998.8,981.3,986.2,119356500,1084.8,887.6,1102.5,649.1,996.2,298,2,996.1,1434,4,996.0,2606,9,995.9,2304,9,995.8,2410,12,996.6,857,13,996.7,1469,10,996.8,1187,17,996.9,1710,19,997.0,3997,36
317,2025-11-26 09:57:59+05:30,996.6,5,992.18,1661680,336633.0,369111.0,986.2,998.8,981.3,986.2,119356500,1084.8,887.6,1102.5,649.1,996.2,298,2,996.1,1434,4,996.0,2606,9,995.9,2304,9,995.8,2410,12,996.6,857,13,996.7,1469,10,996.8,1187,17,996.9,1710,19,997.0,3997,36
317,2025-11-26 09:58:00+05:30,996.6,5,992.18,1661680,336633.0,369111.0,986.2,998.8,981.3,986.2,119356500,1084.8,887.6,1102.5,649.1,996.2,298,2,996.1,1434,4,996.0,2606,9,995.9,2304,9,995.8,2410,12,996.6,857,13,996.7,1469,10,996.8,1187,17,996.9,1710,19,997.0,3997,36
317,2025-11-26 09:58:00+05:30,996.6,5,992.18,1661680,336633.0,369111.0,986.2,998.8,981.3,986.2,119419500,1084.8,887.6,1102.5,649.1,996.2,298,2,996.1,1434,4,996.0,2606,9,995.9,2304,9,995.8,2410,12,996.6,857,13,996.7,1469,10,996.8,1187,17,996.9,1710,19,997.0,3997,36
317,2025-11-26 09:58:00+05:30,996.6,50,992.19,1661735,340639.0,368921.0,986.2,998.8,981.3,986.2,119419500,1084.8,887.6,1102.5,649.1,996.2,298,2,996.1,1434,4,996.0,2606,9,995.9,2304,9,995.8,2410,12,996.6,531,10,996.7,1413,9,996.8,1187,17,996.9,1710,19,997.0,4189,37
317,2025-11-26 09:58:00+05:30,996.6,50,992.19,1661735,340639.0,368921.0,986.2,998.8,981.3,986.2,119419500,1084.8,887.6,1102.5,649.1,996.2,298,2,996.1,1434,4,996.0,2606,9,995.9,2304,9,995.8,2410,12,996.6,531,10,996.7,1413,9,996.8,1187,17,996.9,1710,19,997.0,4189,37
317,2025-11-26 09:58:00+05:30,996.6,50,992.19,1661735,340639.0,368921.0,986.2,998.8,981.3,986.2,119419500,1084.8,887.6,1102.5,649.1,996.2,298,2,996.1,1434,4,996.0,2606,9,995.9,2304,9,995.8,2410,12,996.6,531,10,996.7,1413,9,996.8,1187,17,996.9,1710,19,997.0,4189,37
317,2025-11-26 09:58:01+05:30,996.6,50,992.19,1661735,340639.0,368921.0,986.2,998.8,981.3,986.2,119419500,1084.8,887.6,1102.5,649.1,996.2,298,2,996.1,1434,4,996.0,2606,9,995.9,2304,9,995.8,2410,12,996.6,531,10,996.7,1413,9,996.8,1187,17,996.9,1710,19,997.0,4189,37
317,2025-11-26 09:58:01+05:30,996.2,14,992.19,1661735,340639.0,368921.0,986.2,998.8,981.3,986.2,119419500,1084.8,887.6,1102.5,649.1,996.2,298,2,996.1,1434,4,996.0,2606,9,995.9,2304,9,995.8,2410,12,996.6,531,10,996.7,1413,9,996.8,1187,17,996.9,1710,19,997.0,4189,37
317,2025-11-26 09:58:01+05:30,996.2,14,992.19,1661750,336492.0,369376.0,986.2,998.8,981.3,986.2,119419500,1084.8,887.6,1102.5,649.1,996.2,284,2,996.1,1626,5,996.0,2606,9,995.9,2304,9,995.8,2410,12,996.6,933,12,996.7,1466,10,996.8,1187,17,996.9,1710,19,997.0,4189,37
317,2025-11-26 09:58:02+05:30,996.2,20,992.19,1661770,338426.0,369380.0,986.2,998.8,981.3,986.2,119419500,1084.8,887.6,1102.5,649.1,996.2,266,3,996.1,1322,3,996.0,2606,9,995.9,2304,9,995.8,2410,12,996.6,937,13,996.7,1466,10,996.8,1187,17,996.9,1710,19,997.0,4189,37
317,2025-11-26 09:58:02+05:30,996.2,20,992.19,1661770,338426.0,369380.0,986.2,998.8,981.3,986.2,119419500,1084.8,887.6,1102.5,649.1,996.2,266,3,996.1,1322,3,996.0,2606,9,995.9,2304,9,995.8,2410,12,996.6,937,13,996.7,1466,10,996.8,1187,17,996.9,1710,19,997.0,4189,37
317,2025-11-26 09:58:03+05:30,996.2,20,992.19,1661770,338429.0,369259.0,986.2,998.8,981.3,986.2,119419500,1084.8,887.6,1102.5,649.1,996.2,279,4,996.1,1322,3,996.0,2606,9,995.9,2304,9,995.8,2410,12,996.6,937,13,996.7,1466,10,996.8,1066,15,996.9,1710,19,997.0,4189,37
317,2025-11-26 09:58:04+05:30,996.2,20,992.19,1661770,338710.0,369310.0,986.2,998.8,981.3,986.2,119419500,1084.8,887.6,1102.5,649.1,996.2,320,6,996.1,1322,3,996.0,2606,9,995.9,2353,10,995.8,2410,12,996.6,884,12,996.7,1514,11,996.8,1003,14,996.9,1710,19,997.0,4189,37
317,2025-11-26 09:58:05+05:30,996.6,1,992.19,1661770,338710.0,369310.0,986.2,998.8,981.3,986.2,119419500,1084.8,887.6,1102.5,649.1,996.2,320,6,996.1,1322,3,996.0,2606,9,995.9,2353,10,995.8,2410,12,996.6,884,12,996.7,1514,11,996.8,1003,14,996.9,1710,19,997.0,4189,37
317,2025-11-26 09:58:05+05:30,996.6,150,992.19,1661921,339077.0,368900.0,986.2,998.8,981.3,986.2,119419500,1084.8,887.6,1102.5,649.1,996.2,416,6,996.1,1720,6,996.0,2707,11,995.9,2353,10,995.8,2404,11,996.6,480,7,996.7,1411,8,996.8,1008,13,996.9,1129,14,997.0,4716,36
317,2025-11-26 09:58:06+05:30,996.2,134,992.19,1661921,339077.0,368900.0,986.2,998.8,981.3,986.2,119419500,1084.8,887.6,1102.5,649.1,996.2,416,6,996.1,1720,6,996.0,2707,11,995.9,2353,10,995.8,2404,11,996.6,480,7,996.7,1411,8,996.8,1008,13,996.9,1129,14,997.0,4716,36
317,2025-11-26 09:58:06+05:30,996.2,134,992.19,1662055,341053.0,369200.0,986.2,998.8,981.3,986.2,119419500,1084.8,887.6,1102.5,649.1,996.2,155,5,996.1,1522,4,996.0,2899,12,995.9,2353,10,995.8,2404,11,996.6,815,12,996.7,1471,11,996.8,964,12,996.9,1719,20,997.0,4024,34
317,2025-11-26 09:58:07+05:30,996.6,137,992.19,1662055,341053.0,369200.0,986.2,998.8,981.3,986.2,119419500,1084.8,887.6,1102.5,649.1,996.2,155,5,996.1,1522,4,996.0,2899,12,995.9,2353,10,995.8,2404,11,996.6,815,12,996.7,1471,11,996.8,964,12,996.9,1719,20,997.0,4024,34
317,2025-11-26 09:58:07+05:30,996.6,137,992.19,1662318,339924.0,369096.0,986.2,998.8,981.3,986.2,119419500,1084.8,887.6,1102.5,649.1,996.2,209,7,996.1,2128,10,996.0,3098,12,995.9,2373,11,995.8,2404,11,996.6,658,7,996.7,616,4,996.8,1335,10,996.9,1123,18,997.0,4778,38
317,2025-11-26 09:58:08+05:30,996.2,6,992.19,1662318,339924.0,369096.0,986.2,998.8,981.3,986.2,119419500,1084.8,887.6,1102.5,649.1,996.2,209,7,996.1,2128,10,996.0,3098,12,995.9,2373,11,995.8,2404,11,996.6,658,7,996.7,616,4,996.8,1335,10,996.9,1123,18,997.0,4778,38
317,2025-11-26 09:58:08+05:30,996.2,6,992.19,1662324,337965.0,369314.0,986.2,998.8,981.3,986.2,119419500,1084.8,887.6,1102.5,649.1,996.2,233,8,996.1,2122,9,996.0,3104,13,995.9,2373,11,995.8,2404,11,996.6,658,7,996.7,616,4,996.8,1335,10,996.9,1123,18,997.0,4778,38
317,2025-11-26 09:58:09+05:30,996.6,4,992.19,1662324,337965.0,369314.0,986.2,998.8,981.3,986.2,119419500,1084.8,887.6,1102.5,649.1,996.2,233,8,996.1,2122,9,996.0,3104,13,995.9,2373,11,995.8,2404,11,996.6,658,7,996.7,616,4,996.8,1335,10,996.9,1123,18,997.0,4778,38
317,2025-11-26 09:58:09+05:30,996.6,4,992.19,1662348,341919.0,369307.0,986.2,998.8,981.3,986.2,119419500,1084.8,887.6,1102.5,649.1,996.2,151,6,996.1,2122,9,996.0,3104,13,995.9,2373,11,995.8,2404,11,996.6,1206,9,996.7,753,5,996.8,867,11,996.9,1608,18,997.0,4287,37
317,2025-11-26 09:58:10+05:30,996.1,1,992.19,1662348,341919.0,369307.0,986.2,998.8,981.3,986.2,119419500,1084.8,887.6,1102.5,649.1,996.2,151,6,996.1,2122,9,996.0,3104,13,995.9,2373,11,995.8,2404,11,996.6,1206,9,996.7,753,5,996.8,867,11,996.9,1608,18,997.0,4287,37
317,2025-11-26 09:58:10+05:30,996.1,1,992.19,1663349,338907.0,369758.0,986.2,998.8,981.3,986.2,119419500,1084.8,887.6,1102.5,649.1,996.1,1797,7,996.0,2976,10,995.9,2358,16,995.8,2354,10,995.7,2020,12,996.5,574,2,996.6,725,10,996.7,893,5,996.8,1078,12,996.9,1666,20
317,2025-11-26 09:58:11+05:30,996.1,268,992.19,1663349,338907.0,369758.0,986.2,998.8,981.3,986.2,119419500,1084.8,887.6,1102.5,649.1,996.1,1797,7,996.0,2976,10,995.9,2358,16,995.8,2354,10,995.7,2020,12,996.5,574,2,996.6,725,10,996.7,893,5,996.8,1078,12,996.9,1666,20
317,2025-11-26 09:58:11+05:30,996.1,130,992.19,1663772,340721.0,369842.0,986.2,998.8,981.3,986.2,119419500,1084.8,887.6,1102.5,649.1,996.1,898,3,996.0,3032,6,995.9,2211,8,995.8,2354,10,995.7,2020,12,996.5,1010,7,996.6,1181,15,996.7,764,7,996.8,1114,14,996.9,1768,22
317,2025-11-26 09:58:12+05:30,996.1,130,992.19,1663772,340721.0,369842.0,986.2,998.8,981.3,986.2,119419500,1084.8,887.6,1102.5,649.1,996.1,898,3,996.0,3032,6,995.9,2211,8,995.8,2354,10,995.7,2020,12,996.5,1010,7,996.6,1181,15,996.7,764,7,996.8,1114,14,996.9,1768,22
317,2025-11-26 09:58:12+05:30,996.5,1,992.19,1663773,337024.0,370668.0,986.2,998.8,981.3,986.2,119419500,1084.8,887.6,1102.5,649.1,996.1,898,3,996.0,3337,9,995.9,2308,15,995.8,2354,10,995.7,2020,12,996.5,790,3,996.6,931,12,996.7,764,7,996.8,1163,16,996.9,1768,22
317,2025-11-26 09:58:13+05:30,996.5,1,992.19,1663773,337024.0,370668.0,986.2,998.8,981.3,986.2,119419500,1084.8,887.6,1102.5,649.1,996.1,898,3,996.0,3337,9,995.9,2308,15,995.8,2354,10,995.7,2020,12,996.5,790,3,996.6,931,12,996.7,764,7,996.8,1163,16,996.9,1768,22
317,2025-11-26 09:58:13+05:30,996.5,40,992.19,1663813,341319.0,370520.0,986.2,998.8,981.3,986.2,119419500,1084.8,887.6,1102.5,649.1,996.2,112,1,996.1,900,4,996.0,3496,11,995.9,2357,16,995.8,2354,10,996.5,750,3,996.6,879,11,996.7,764,7,996.8,1089,15,996.9,1718,21
317,2025-11-26 09:58:14+05:30,996.2,1,992.19,1663813,341319.0,370520.0,986.2,998.8,981.3,986.2,119419500,1084.8,887.6,1102.5,649.1,996.2,112,1,996.1,900,4,996.0,3496,11,995.9,2357,16,995.8,2354,10,996.5,750,3,996.6,879,11,996.7,764,7,996.8,1089,15,996.9,1718,21
317,2025-11-26 09:58:14+05:30,996.5,5,992.19,1663841,341382.0,370114.0,986.2,998.8,981.3,986.2,119419500,1084.8,887.6,1102.5,649.1,996.2,89,1,996.1,900,4,996.0,3496,11,995.9,2337,15,995.8,2354,10,996.5,745,3,996.6,930,12,996.7,791,8,996.8,1089,15,996.9,1718,21
317,2025-11-26 09:58:15+05:30,996.5,5,992.19,1663841,341382.0,370114.0,986.2,998.8,981.3,986.2,119419500,1084.8,887.6,1102.5,649.1,996.2,89,1,996.1,900,4,996.0,3496,11,995.9,2337,15,995.8,2354,10,996.5,745,3,996.6,930,12,996.7,791,8,996.8,1089,15,996.9,1718,21
317,2025-11-26 09:58:16+05:30,996.5,5,992.19,1663841,337283.0,370124.0,986.2,998.8,981.3,986.2,119419500,1084.8,887.6,1102.5,649.1,996.2,89,1,996.1,900,4,996.0,3496,11,995.9,2337,15,995.8,2354,10,996.5,745,3,996.6,940,13,996.7,791,8,996.8,1089,15,996.9,1718,21
317,2025-11-26 09:58:17+05:30,996.5,5,992.19,1663841,337322.0,370690.0,986.2,998.8,981.3,986.2,119419500,1084.8,887.6,1102.5,649.1,996.2,89,1,996.1,900,4,996.0,3496,11,995.9,2337,15,995.8,2354,10,996.5,745,3,996.6,940,13,996.7,1357,9,996.8,1089,15,996.9,1718,21
317,2025-11-26 09:58:17+05:30,996.5,30,992.19,1663841,337322.0,370690.0,986.2,998.8,981.3,986.2,119419500,1084.8,887.6,1102.5,649.1,996.2,89,1,996.1,900,4,996.0,3496,11,995.9,2337,15,995.8,2354,10,996.5,745,3,996.6,940,13,996.7,1357,9,996.8,1089,15,996.9,1718,21
317,2025-11-26 09:58:18+05:30,996.2,50,992.19,1663921,339237.0,370660.0,986.2,998.8,981.3,986.2,119419500,1084.8,887.6,1102.5,649.1,996.2,52,2,996.1,900,4,996.0,3496,11,995.9,2337,15,995.8,2354,10,996.5,715,3,996.6,940,13,996.7,1357,9,996.8,1089,15,996.9,1718,21
317,2025-11-26 09:58:18+05:30,996.2,50,992.19,1663921,339237.0,370660.0,986.2,998.8,981.3,986.2,119419500,1084.8,887.6,1102.5,649.1,996.2,52,2,996.1,900,4,996.0,3496,11,995.9,2337,15,995.8,2354,10,996.5,715,3,996.6,940,13,996.7,1357,9,996.8,1089,15,996.9,1718,21
317,2025-11-26 09:58:19+05:30,996.2,50,992.19,1663921,341702.0,370710.0,986.2,998.8,981.3,986.2,119419500,1084.8,887.6,1102.5,649.1,996.2,52,2,996.1,950,5,996.0,3496,11,995.9,2337,15,995.8,2354,10,996.5,814,5,996.6,1028,15,996.7,1357,9,996.8,1045,14,996.9,1718,21
317,2025-11-26 09:58:20+05:30,996.2,50,992.19,1663921,341703.0,370697.0,986.2,998.8,981.3,986.2,119419500,1084.8,887.6,1102.5,649.1,996.2,52,2,996.1,950,5,996.0,3496,11,995.9,2337,15,995.8,2354,10,996.5,715,3,996.6,843,14,996.7,1357,9,996.8,1045,14,996.9,1718,21
317,2025-11-26 09:58:20+05:30,996.5,119,992.19,1663921,341703.0,370697.0,986.2,998.8,981.3,986.2,119419500,1084.8,887.6,1102.5,649.1,996.2,52,2,996.1,950,5,996.0,3496,11,995.9,2337,15,995.8,2354,10,996.5,715,3,996.6,843,14,996.7,1357,9,996.8,1045,14,996.9,1718,21
317,2025-11-26 09:58:21+05:30,996.5,119,992.19,1664051,344207.0,370041.0,986.2,998.8,981.3,986.2,119419500,1084.8,887.6,1102.5,649.1,996.2,102,3,996.1,2278,12,996.0,3946,14,995.9,2332,14,995.8,2404,11,996.5,585,2,996.6,644,8,996.7,493,4,996.8,1349,11,996.9,1156,19
317,2025-11-26 09:58:21+05:30,996.5,1,992.19,1664051,344207.0,370041.0,986.2,998.8,981.3,986.2,119419500,1084.8,887.6,1102.5,649.1,996.2,102,3,996.1,2278,12,996.0,3946,14,995.9,2332,14,995.8,2404,11,996.5,585,2,996.6,644,8,996.7,493,4,996.8,1349,11,996.9,1156,19
317,2025-11-26 09:58:22+05:30,996.5,1,992.19,1664066,343981.0,370385.0,986.2,998.8,981.3,986.2,119419500,1084.8,887.6,1102.5,649.1,996.2,38,2,996.1,1960,7,996.0,3946,14,995.9,2337,15,995.8,2404,11,996.5,623,3,996.6,924,11,996.7,629,7,996.8,1356,11,996.9,1128,19
317,2025-11-26 09:58:22+05:30,996.1,96,992.19,1664066,343981.0,370385.0,986.2,998.8,981.3,986.2,119419500,1084.8,887.6,1102.5,649.1,996.2,38,2,996.1,1960,7,996.0,3946,14,995.9,2337,15,995.8,2404,11,996.5,623,3,996.6,924,11,996.7,629,7,996.8,1356,11,996.9,1128,19
317,2025-11-26 09:58:23+05:30,996.5,11,992.19,1664483,339876.0,371221.0,986.2,998.8,981.3,986.2,119419500,1084.8,887.6,1102.5,649.1,996.1,1259,4,996.0,3445,10,995.9,2084,13,995.8,2409,12,995.7,2020,12,996.5,1072,4,996.6,1235,14,996.7,869,10,996.8,911,13,996.9,1714,21
317,2025-11-26 09:58:23+05:30,996.5,11,992.19,1664483,339876.0,371221.0,986.2,998.8,981.3,986.2,119419500,1084.8,887.6,1102.5,649.1,996.1,1259,4,996.0,3445,10,995.9,2084,13,995.8,2409,12,995.7,2020,12,996.5,1072,4,996.6,1235,14,996.7,869,10,996.8,911,13,996.9,1714,21
317,2025-11-26 09:58:24+05:30,996.1,4,992.19,1664531,339231.0,369863.0,986.2,998.8,981.3,986.2,119419500,1084.8,887.6,1102.5,649.1,996.1,1255,4,996.0,3445,10,995.9,2084,13,995.8,2404,11,995.7,2020,12,996.5,915,8,996.6,1149,12,996.7,1419,11,996.8,911,13,996.9,1714,21
317,2025-11-26 09:58:24+05:30,996.1,4,992.19,1664531,339231.0,369863.0,986.2,998.8,981.3,986.2,119419500,1084.8,887.6,1102.5,649.1,996.1,1255,4,996.0,3445,10,995.9,2084,13,995.8,2404,11,995.7,2020,12,996.5,915,8,996.6,1149,12,996.7,1419,11,996.8,911,13,996.9,1714,21
317,2025-11-26 09:58:25+05:30,996.1,4,992.19,1664531,341126.0,370929.0,986.2,998.8,981.3,986.2,119419500,1084.8,887.6,1102.5,649.1,996.1,1276,5,996.0,3445,10,995.9,2089,14,995.8,2404,11,995.7,2020,12,996.5,830,7,996.6,1189,12,996.7,869,10,996.8,1443,14,996.9,1714,21
317,2025-11-26 09:58:26+05:30,996.1,4,992.19,1664531,342647.0,370769.0,986.2,998.8,981.3,986.2,119419500,1084.8,887.6,1102.5,649.1,996.1,1276,5,996.0,3445,10,995.9,2089,14,995.8,2404,11,995.7,2020,12,996.5,830,7,996.6,1189,12,996.7,869,10,996.8,911,13,996.9,1714,21
317,2025-11-26 09:58:27+05:30,996.1,4,992.19,1664531,338604.0,369212.0,986.2,998.8,981.3,986.2,119419500,1084.8,887.6,1102.5,649.1,996.1,1276,5,996.0,3455,11,995.9,2089,14,995.8,2404,11,995.7,2020,12,996.5,738,5,996.6,1183,12,996.7,821,10,996.8,858,11,996.9,1736,22
317,2025-11-26 09:58:27+05:30,996.1,5,992.19,1664531,338604.0,369212.0,986.2,998.8,981.3,986.2,119419500,1084.8,887.6,1102.5,649.1,996.1,1276,5,996.0,3455,11,995.9,2089,14,995.8,2404,11,995.7,2020,12,996.5,738,5,996.6,1183,12,996.7,821,10,996.8,858,11,996.9,1736,22
317,2025-11-26 09:58:28+05:30,995.8,63,992.21,1672257,331009.0,377365.0,986.2,998.8,981.3,986.2,119419500,1084.8,887.6,1102.5,649.1,995.8,10,1,995.6,860,2,995.5,2284,6,995.4,612,6,995.3,2441,9,996.0,352,7,996.1,431,5,996.2,1118,9,996.3,1595,11,996.4,1451,15
317,2025-11-26 09:58:28+05:30,995.8,63,992.21,1672257,331009.0,377365.0,986.2,998.8,981.3,986.2,119419500,1084.8,887.6,1102.5,649.1,995.8,10,1,995.6,860,2,995.5,2284,6,995.4,612,6,995.3,2441,9,996.0,352,7,996.1,431,5,996.2,1118,9,996.3,1595,11,996.4,1451,15
317,2025-11-26 09:58:29+05:30,995.5,494,992.22,1675737,325914.0,377430.0,986.2,998.8,981.3,986.2,119419500,1084.8,887.6,1102.5,649.1,995.5,1006,2,995.4,161,3,995.3,861,2,995.2,2025,8,995.1,2903,13,995.8,240,3,995.9,498,8,996.0,1258,12,996.1,723,10,996.2,684,8
317,2025-11-26 09:58:29+05:30,995.5,494,992.22,1675737,325914.0,377430.0,986.2,998.8,981.3,986.2,119419500,1084.8,887.6,1102.5,649.1,995.5,1006,2,995.4,161,3,995.3,861,2,995.2,2025,8,995.1,2903,13,995.8,240,3,995.9,498,8,996.0,1258,12,996.1,723,10,996.2,684,8
317,2025-11-26 09:58:30+05:30,995.5,494,992.22,1675737,322307.0,380311.0,986.2,998.8,981.3,986.2,119419500,1084.8,887.6,1102.5,649.1,995.4,816,3,995.3,167,2,995.2,1178,5,995.1,1021,7,995.0,1671,40,995.7,432,7,995.8,707,9,995.9,1106,11,996.0,1681,15,996.1,1359,13
317,2025-11-26 09:58:30+05:30,995.4,63,992.22,1675737,322307.0,380311.0,986.2,998.8,981.3,986.2,119419500,1084.8,887.6,1102.5,649.1,995.4,816,3,995.3,167,2,995.2,1178,5,995.1,1021,7,995.0,1671,40,995.7,432,7,995.8,707,9,995.9,1106,11,996.0,1681,15,996.1,1359,13
317,2025-11-26 09:58:31+05:30,995.4,56,992.22,1676928,321390.0,376554.0,986.2,998.8,981.3,986.2,119419500,1084.8,887.6,1102.5,649.1,995.4,143,2,995.3,105,1,995.2,1580,8,995.1,1837,10,995.0,3069,40,995.8,65,3,995.9,1165,10,996.0,801,12,996.1,763,13,996.2,1349,14
317,2025-11-26 09:58:31+05:30,995.4,11,992.22,1676928,321390.0,376554.0,986.2,998.8,981.3,986.2,119419500,1084.8,887.6,1102.5,649.1,995.4,143,2,995.3,105,1,995.2,1580,8,995.1,1837,10,995.0,3069,40,995.8,65,3,995.9,1165,10,996.0,801,12,996.1,763,13,996.2,1349,14
317,2025-11-26 09:58:32+05:30,995.4,11,992.22,1677038,327123.0,376683.0,986.2,998.8,981.3,986.2,119419500,1084.8,887.6,1102.5,649.1,995.4,34,1,995.3,105,1,995.2,3026,10,995.1,2587,11,995.0,3014,42,995.8,1,1,995.9,1089,9,996.0,521,10,996.1,922,15,996.2,1349,14
317,2025-11-26 09:58:32+05:30,995.2,8,992.22,1677038,327123.0,376683.0,986.2,998.8,981.3,986.2,119419500,1084.8,887.6,1102.5,649.1,995.4,34,1,995.3,105,1,995.2,3026,10,995.1,2587,11,995.0,3014,42,995.8,1,1,995.9,1089,9,996.0,521,10,996.1,922,15,996.2,1349,14
317,2025-11-26 09:58:33+05:30,996.1,26,992.22,1677362,333791.0,373159.0,986.2,998.8,981.3,986.2,119419500,1084.8,887.6,1102.5,649.1,995.7,738,2,995.6,3258,6,995.5,1076,4,995.4,1949,9,995.3,1102,5,996.1,546,3,996.2,471,6,996.3,740,11,996.4,737,12,996.5,1696,17
317,2025-11-26 09:58:33+05:30,996.1,11,992.22,1677362,333791.0,373159.0,986.2,998.8,981.3,986.2,119419500,1084.8,887.6,1102.5,649.1,995.7,738,2,995.6,3258,6,995.5,1076,4,995.4,1949,9,995.3,1102,5,996.1,546,3,996.2,471,6,996.3,740,11,996.4,737,12,996.5,1696,17
317,2025-11-26 09:58:34+05:30,996.1,11,992.22,1677637,337476.0,373969.0,986.2,998.8,981.3,986.2,119419500,1084.8,887.6,1102.5,649.1,995.8,1006,2,995.7,1448,5,995.6,2436,6,995.5,1993,11,995.4,653,8,996.1,510,2,996.2,657,8,996.3,740,11,996.4,1478,14,996.5,2349,18
317,2025-11-26 09:58:35+05:30,996.1,11,992.22,1677637,340204.0,373847.0,986.2,998.8,981.3,986.2,119419500,1084.8,887.6,1102.5,649.1,995.8,1006,2,995.7,4532,11,995.6,1302,6,995.5,2199,12,995.4,1484,12,996.1,510,2,996.2,642,4,996.3,442,7,996.4,1031,14,996.5,1857,18
317,2025-11-26 09:58:36+05:30,996.1,4,992.22,1677674,341458.0,373500.0,986.2,998.8,981.3,986.2,119419500,1084.8,887.6,1102.5,649.1,995.9,662,1,995.8,4006,6,995.7,1620,7,995.6,2056,10,995.5,741,7,996.1,506,2,996.2,66,2,996.3,1038,8,996.4,848,12,996.5,1946,20
317,2025-11-26 09:58:36+05:30,996.1,4,992.22,1677674,341458.0,373500.0,986.2,998.8,981.3,986.2,119419500,1084.8,887.6,1102.5,649.1,995.9,662,1,995.8,4006,6,995.7,1620,7,995.6,2056,10,995.5,741,7,996.1,506,2,996.2,66,2,996.3,1038,8,996.4,848,12,996.5,1946,20
317,2025-11-26 09:58:37+05:30,996.1,4,992.22,1677674,341601.0,373532.0,986.2,998.8,981.3,986.2,119419500,1084.8,887.6,1102.5,649.1,995.9,13,1,995.8,4668,7,995.7,1644,6,995.6,2132,11,995.5,741,7,996.1,538,5,996.2,66,2,996.3,1038,8,996.4,848,12,996.5,1946,20
317,2025-11-26 09:58:37+05:30,995.8,24,992.22,1677674,341601.0,373532.0,986.2,998.8,981.3,986.2,119419500,1084.8,887.6,1102.5,649.1,995.9,13,1,995.8,4668,7,995.7,1644,6,995.6,2132,11,995.5,741,7,996.1,538,5,996.2,66,2,996.3,1038,8,996.4,848,12,996.5,1946,20
317,2025-11-26 09:58:38+05:30,996.1,1,992.22,1677713,341795.0,373395.0,986.2,998.8,981.3,986.2,119419500,1084.8,887.6,1102.5,649.1,995.9,661,1,995.8,4108,7,995.7,2962,11,995.6,2622,11,995.5,749,8,996.1,537,5,996.2,66,2,996.3,979,7,996.4,759,10,996.5,1946,20
317,2025-11-26 09:58:38+05:30,996.1,1,992.22,1677713,341795.0,373395.0,986.2,998.8,981.3,986.2,119419500,1084.8,887.6,1102.5,649.1,995.9,661,1,995.8,4108,7,995.7,2962,11,995.6,2622,11,995.5,749,8,996.1,537,5,996.2,66,2,996.3,979,7,996.4,759,10,996.5,1946,20
317,2025-11-26 09:58:39+05:30,996.1,1,992.22,1677713,339923.0,373027.0,986.2,998.8,981.3,986.2,119419500,1084.8,887.6,1102.5,649.1,995.9,661,1,995.8,4215,9,995.7,3140,11,995.6,2810,11,995.5,1588,12,996.1,537,5,996.2,420,3,996.3,225,4,996.4,707,9,996.5,1910,20
317,2025-11-26 09:58:40+05:30,996.1,10,992.22,1677723,338333.0,373059.0,986.2,998.8,981.3,986.2,119419500,1084.8,887.6,1102.5,649.1,995.9,661,1,995.8,4089,8,995.7,3064,10,995.6,3086,13,995.5,838,11,996.1,527,5,996.2,420,3,996.3,225,4,996.4,1267,11,996.5,1910,20
317,2025-11-26 09:58:40+05:30,996.1,10,992.22,1677723,338333.0,373059.0,986.2,998.8,981.3,986.2,119419500,1084.8,887.6,1102.5,649.1,995.9,661,1,995.8,4089,8,995.7,3064,10,995.6,3086,13,995.5,838,11,996.1,527,5,996.2,420,3,996.3,225,4,996.4,1267,11,996.5,1910,20
317,2025-11-26 09:58:41+05:30,996.1,10,992.22,1677723,338185.0,372999.0,986.2,998.8,981.3,986.2,119419500,1084.8,887.6,1102.5,649.1,995.9,661,1,995.8,4040,7,995.7,3064,10,995.6,3086,13,995.5,838,11,996.1,527,5,996.2,420,3,996.3,225,4,996.4,1267,11,996.5,1910,20
317,2025-11-26 09:58:41+05:30,996.1,85,992.22,1677723,338185.0,372999.0,986.2,998.8,981.3,986.2,119419500,1084.8,887.6,1102.5,649.1,995.9,661,1,995.8,4040,7,995.7,3064,10,995.6,3086,13,995.5,838,11,996.1,527,5,996.2,420,3,996.3,225,4,996.4,1267,11,996.5,1910,20
317,2025-11-26 09:58:42+05:30,996.1,85,992.22,1677808,337687.0,372967.0,986.2,998.8,981.3,986.2,119419500,1084.8,887.6,1102.5,649.1,995.9,661,1,995.8,4040,7,995.7,3064,10,995.6,3099,14,995.5,849,12,996.1,442,5,996.2,420,3,996.3,786,6,996.4,689,9,996.5,1980,21
317,2025-11-26 09:58:43+05:30,995.9,100,992.22,1678053,341050.0,373973.0,986.2,998.8,981.3,986.2,119419500,1084.8,887.6,1102.5,649.1,995.9,416,1,995.8,3982,6,995.7,3005,9,995.6,2430,13,995.5,799,11,996.1,442,5,996.2,420,3,996.3,844,7,996.4,689,9,996.5,3008,23
317,2025-11-26 09:58:43+05:30,995.9,147,992.22,1678053,341050.0,373973.0,986.2,998.8,981.3,986.2,119419500,1084.8,887.6,1102.5,649.1,995.9,416,1,995.8,3982,6,995.7,3005,9,995.6,2430,13,995.5,799,11,996.1,442,5,996.2,420,3,996.3,844,7,996.4,689,9,996.5,3008,23
317,2025-11-26 09:58:44+05:30,995.9,147,992.22,1678200,340891.0,374419.0,986.2,998.8,981.3,986.2,119419500,1084.8,887.6,1102.5,649.1,995.9,269,1,995.8,3982,6,995.7,2755,6,995.6,2153,11,995.5,799,11,996.1,442,5,996.2,613,6,996.3,980,9,996.4,699,10,996.5,3031,24
317,2025-11-26 09:58:45+05:30,995.9,15,992.22,1678215,337145.0,374315.0,986.2,998.8,981.3,986.2,119419500,1084.8,887.6,1102.5,649.1,995.9,254,1,995.8,3982,6,995.7,2755,6,995.6,2153,11,995.5,821,12,996.1,442,5,996.2,485,4,996.3,992,9,996.4,699,10,996.5,3031,24
317,2025-11-26 09:58:45+05:30,995.9,15,992.22,1678215,337145.0,374315.0,986.2,998.8,981.3,986.2,119419500,1084.8,887.6,1102.5,649.1,995.9,254,1,995.8,3982,6,995.7,2755,6,995.6,2153,11,995.5,821,12,996.1,442,5,996.2,485,4,996.3,992,9,996.4,699,10,996.5,3031,24
317,2025-11-26 09:58:46+05:30,995.9,15,992.22,1678215,340444.0,374359.0,986.2,998.8,981.3,986.2,119419500,1084.8,887.6,1102.5,649.1,995.9,254,1,995.8,3982,6,995.7,2804,7,995.6,1403,10,995.5,799,11,996.1,442,5,996.2,485,4,996.3,992,9,996.4,699,10,996.5,3065,25
317,2025-11-26 09:58:47+05:30,996.1,44,992.22,1678259,341675.0,374209.0,986.2,998.8,981.3,986.2,119419500,1084.8,887.6,1102.5,649.1,995.9,265,2,995.8,4802,8,995.7,2834,8,995.6,1403,10,995.5,799,11,996.1,398,5,996.2,420,3,996.3,925,8,996.4,759,10,996.5,2958,22
317,2025-11-26 09:58:48+05:30,996.1,44,992.22,1678259,341675.0,374209.0,986.2,998.8,981.3,986.2,119419500,1084.8,887.6,1102.5,649.1,995.9,265,2,995.8,4802,8,995.7,2834,8,995.6,1403,10,995.5,799,11,996.1,398,5,996.2,420,3,996.3,925,8,996.4,759,10,996.5,2958,22
317,2025-11-26 09:58:48+05:30,996.1,44,992.22,1678259,341675.0,374197.0,986.2,998.8,981.3,986.2,119419500,1084.8,887.6,1102.5,649.1,995.9,265,2,995.8,4802,8,995.7,2834,8,995.6,1403,10,995.5,799,11,996.1,398,5,996.2,420,3,996.3,925,8,996.4,759,10,996.5,2958,22
317,2025-11-26 09:58:49+05:30,995.9,10,992.22,1678259,341675.0,374197.0,986.2,998.8,981.3,986.2,119419500,1084.8,887.6,1102.5,649.1,995.9,265,2,995.8,4802,8,995.7,2834,8,995.6,1403,10,995.5,799,11,996.1,398,5,996.2,420,3,996.3,925,8,996.4,759,10,996.5,2958,22
317,2025-11-26 09:58:49+05:30,995.9,10,992.22,1678269,341413.0,374301.0,986.2,998.8,981.3,986.2,119419500,1084.8,887.6,1102.5,649.1,995.9,255,2,995.8,4732,7,995.7,2755,6,995.6,1473,11,995.5,799,11,996.1,779,6,996.2,420,3,996.3,995,9,996.4,689,9,996.5,2958,22
317,2025-11-26 09:58:50+05:30,995.9,10,992.22,1678269,338909.0,374573.0,986.2,998.8,981.3,986.2,119419500,1084.8,887.6,1102.5,649.1,995.9,268,3,995.8,4732,7,995.7,2904,9,995.6,1403,10,995.5,799,11,996.1,779,6,996.2,420,3,996.3,925,8,996.4,759,10,996.5,2958,22
317,2025-11-26 09:58:51+05:30,996.1,44,992.22,1678269,338909.0,374573.0,986.2,998.8,981.3,986.2,119419500,1084.8,887.6,1102.5,649.1,995.9,268,3,995.8,4732,7,995.7,2904,9,995.6,1403,10,995.5,799,11,996.1,779,6,996.2,420,3,996.3,925,8,996.4,759,10,996.5,2958,22
317,2025-11-26 09:58:52+05:30,995.9,8,992.22,1678421,341534.0,374365.0,986.2,998.8,981.3,986.2,119419500,1084.8,887.6,1102.5,649.1,995.9,260,3,995.8,4788,8,995.7,2904,9,995.6,1403,10,995.5,799,11,996.1,668,7,996.2,420,3,996.3,928,7,996.4,714,10,996.5,2965,23
317,2025-11-26 09:58:52+05:30,996.1,150,992.22,1678421,341534.0,374365.0,986.2,998.8,981.3,986.2,119419500,1084.8,887.6,1102.5,649.1,995.9,260,3,995.8,4788,8,995.7,2904,9,995.6,1403,10,995.5,799,11,996.1,668,7,996.2,420,3,996.3,928,7,996.4,714,10,996.5,2965,23
317,2025-11-26 09:58:53+05:30,996.1,150,992.22,1678571,341654.0,373976.0,986.2,998.8,981.3,986.2,119419500,1084.8,887.6,1102.5,649.1,995.9,260,3,995.8,4788,8,995.7,3096,10,995.6,1604,11,995.5,799,11,996.1,518,7,996.2,420,3,996.3,841,6,996.4,712,9,996.5,2977,25
317,2025-11-26 09:58:53+05:30,996.0,112,992.22,1678571,341654.0,373976.0,986.2,998.8,981.3,986.2,119419500,1084.8,887.6,1102.5,649.1,995.9,260,3,995.8,4788,8,995.7,3096,10,995.6,1604,11,995.5,799,11,996.1,518,7,996.2,420,3,996.3,841,6,996.4,712,9,996.5,2977,25
317,2025-11-26 09:58:54+05:30,996.1,1,992.22,1678684,340901.0,374394.0,986.2,998.8,981.3,986.2,119419500,1084.8,887.6,1102.5,649.1,995.9,249,2,995.8,4734,8,995.7,2947,7,995.6,1604,11,995.5,848,12,996.1,517,7,996.2,469,4,996.3,962,9,996.4,782,11,996.5,2981,25
317,2025-11-26 09:58:54+05:30,996.1,48,992.22,1678684,340901.0,374394.0,986.2,998.8,981.3,986.2,119419500,1084.8,887.6,1102.5,649.1,995.9,249,2,995.8,4734,8,995.7,2947,7,995.6,1604,11,995.5,848,12,996.1,517,7,996.2,469,4,996.3,962,9,996.4,782,11,996.5,2981,25
317,2025-11-26 09:58:55+05:30,996.1,44,992.22,1679300,335258.0,376052.0,986.2,998.8,981.3,986.2,119419500,1084.8,887.6,1102.5,649.1,995.6,98,2,995.5,2139,7,995.4,3330,13,995.3,2477,11,995.2,1785,16,996.1,1246,11,996.2,938,8,996.3,1285,9,996.4,1052,17,996.5,2757,20
317,2025-11-26 09:58:55+05:30,995.6,49,992.22,1679300,335258.0,376052.0,986.2,998.8,981.3,986.2,119419500,1084.8,887.6,1102.5,649.1,995.6,98,2,995.5,2139,7,995.4,3330,13,995.3,2477,11,995.2,1785,16,996.1,1246,11,996.2,938,8,996.3,1285,9,996.4,1052,17,996.5,2757,20
317,2025-11-26 09:58:56+05:30,995.6,4,992.22,1679680,335306.0,378575.0,986.2,998.8,981.3,986.2,119419500,1084.8,887.6,1102.5,649.1,995.6,468,1,995.5,1811,5,995.4,2249,7,995.3,2295,9,995.2,2373,14,995.9,279,3,996.0,1133,11,996.1,1448,14,996.2,897,9,996.3,1510,17
317,2025-11-26 09:58:56+05:30,995.6,4,992.22,1679680,335306.0,378575.0,986.2,998.8,981.3,986.2,119419500,1084.8,887.6,1102.5,649.1,995.6,468,1,995.5,1811,5,995.4,2249,7,995.3,2295,9,995.2,2373,14,995.9,279,3,996.0,1133,11,996.1,1448,14,996.2,897,9,996.3,1510,17
317,2025-11-26 09:58:57+05:30,995.6,20,992.23,1679848,337265.0,377984.0,986.2,998.8,981.3,986.2,119419500,1084.8,887.6,1102.5,649.1,995.6,301,1,995.5,1619,4,995.4,2799,7,995.3,2088,7,995.2,2373,14,995.9,278,3,996.0,1457,15,996.1,1344,13,996.2,916,9,996.3,889,14
317,2025-11-26 09:58:57+05:30,995.6,20,992.23,1679848,337265.0,377984.0,986.2,998.8,981.3,986.2,119419500,1084.8,887.6,1102.5,649.1,995.6,301,1,995.5,1619,4,995.4,2799,7,995.3,2088,7,995.2,2373,14,995.9,278,3,996.0,1457,15,996.1,1344,13,996.2,916,9,996.3,889,14
317,2025-11-26 09:58:58+05:30,995.6,2,992.23,1679848,337265.0,377984.0,986.2,998.8,981.3,986.2,119419500,1084.8,887.6,1102.5,649.1,995.6,301,1,995.5,1619,4,995.4,2799,7,995.3,2088,7,995.2,2373,14,995.9,278,3,996.0,1457,15,996.1,1344,13,996.2,916,9,996.3,889,14
317,2025-11-26 09:58:58+05:30,995.6,2,992.23,1679852,338890.0,376975.0,986.2,998.8,981.3,986.2,119419500,1084.8,887.6,1102.5,649.1,995.7,750,1,995.6,3535,6,995.5,2570,8,995.4,1138,7,995.3,1391,7,996.0,658,6,996.1,1485,14,996.2,931,10,996.3,869,13,996.4,1558,10
317,2025-11-26 09:58:59+05:30,995.6,2,992.23,1679852,331681.0,377430.0,986.2,998.8,981.3,986.2,119419500,1084.8,887.6,1102.5,649.1,995.6,299,1,995.5,1619,4,995.4,2098,7,995.3,2148,9,995.2,2360,13,996.0,770,8,996.1,1448,15,996.2,946,11,996.3,882,14,996.4,2290,13
317,2025-11-26 09:59:00+05:30,995.6,2,992.23,1679852,335721.0,378000.0,986.2,998.8,981.3,986.2,119419500,1084.8,887.6,1102.5,649.1,995.6,299,1,995.5,1619,4,995.4,2098,7,995.3,2148,9,995.2,2373,14,996.0,1302,9,996.1,1383,14,996.2,946,11,996.3,911,16,996.4,2325,14
317,2025-11-26 09:59:01+05:30,995.6,1,992.23,1679852,335721.0,378000.0,986.2,998.8,981.3,986.2,119419500,1084.8,887.6,1102.5,649.1,995.6,299,1,995.5,1619,4,995.4,2098,7,995.3,2148,9,995.2,2373,14,996.0,1302,9,996.1,1383,14,996.2,946,11,996.3,911,16,996.4,2325,14
317,2025-11-26 09:59:01+05:30,995.6,1,992.23,1679884,335682.0,378011.0,986.2,998.8,981.3,986.2,119419500,1084.8,887.6,1102.5,649.1,995.6,267,1,995.5,1621,5,995.4,2901,9,995.3,2146,8,995.2,1623,13,996.0,1297,9,996.1,1452,15,996.2,946,11,996.3,911,16,996.4,2325,14
317,2025-11-26 09:59:02+05:30,996.0,88,992.23,1679884,335682.0,378011.0,986.2,998.8,981.3,986.2,119419500,1084.8,887.6,1102.5,649.1,995.6,267,1,995.5,1621,5,995.4,2901,9,995.3,2146,8,995.2,1623,13,996.0,1297,9,996.1,1452,15,996.2,946,11,996.3,911,16,996.4,2325,14
317,2025-11-26 09:59:02+05:30,996.0,88,992.23,1680069,335889.0,377947.0,986.2,998.8,981.3,986.2,119419500,1084.8,887.6,1102.5,649.1,995.6,257,1,995.5,2001,8,995.4,3298,11,995.3,2146,8,995.2,1643,14,996.0,1131,6,996.1,1206,12,996.2,732,9,996.3,911,16,996.4,2325,14
317,2025-11-26 09:59:03+05:30,996.0,23,992.23,1680069,335889.0,377947.0,986.2,998.8,981.3,986.2,119419500,1084.8,887.6,1102.5,649.1,995.6,257,1,995.5,2001,8,995.4,3298,11,995.3,2146,8,995.2,1643,14,996.0,1131,6,996.1,1206,12,996.2,732,9,996.3,911,16,996.4,2325,14
317,2025-11-26 09:59:04+05:30,996.0,360,992.23,1680869,336800.0,375671.0,986.2,998.8,981.3,986.2,119419500,1084.8,887.6,1102.5,649.1,995.9,3,1,995.7,78,3,995.6,1101,6,995.5,2235,9,995.4,3298,11,996.0,155,3,996.1,879,8,996.2,654,5,996.3,645,9,996.4,882,9
317,2025-11-26 09:59:04+05:30,995.9,1,992.23,1680869,336800.0,375671.0,986.2,998.8,981.3,986.2,119419500,1084.8,887.6,1102.5,649.1,995.9,3,1,995.7,78,3,995.6,1101,6,995.5,2235,9,995.4,3298,11,996.0,155,3,996.1,879,8,996.2,654,5,996.3,645,9,996.4,882,9
317,2025-11-26 09:59:05+05:30,995.9,1,992.23,1680871,337006.0,376891.0,986.2,998.8,981.3,986.2,119419500,1084.8,887.6,1102.5,649.1,995.9,1,1,995.7,750,1,995.6,3207,8,995.5,2894,10,995.4,1657,11,996.0,229,5,996.1,1257,12,996.2,888,9,996.3,688,12,996.4,1638,9
317,2025-11-26 09:59:05+05:30,995.9,1,992.23,1680871,337006.0,376891.0,986.2,998.8,981.3,986.2,119419500,1084.8,887.6,1102.5,649.1,995.9,1,1,995.7,750,1,995.6,3207,8,995.5,2894,10,995.4,1657,11,996.0,229,5,996.1,1257,12,996.2,888,9,996.3,688,12,996.4,1638,9
317,2025-11-26 09:59:06+05:30,995.7,146,992.23,1681018,338110.0,377757.0,986.2,998.8,981.3,986.2,119419500,1084.8,887.6,1102.5,649.1,995.7,604,1,995.6,3005,7,995.5,2760,8,995.4,1388,9,995.3,1566,8,996.0,276,5,996.1,1442,15,996.2,1012,11,996.3,698,13,996.4,2174,12
317,2025-11-26 09:59:06+05:30,995.7,146,992.23,1681018,338110.0,377757.0,986.2,998.8,981.3,986.2,119419500,1084.8,887.6,1102.5,649.1,995.7,604,1,995.6,3005,7,995.5,2760,8,995.4,1388,9,995.3,1566,8,996.0,276,5,996.1,1442,15,996.2,1012,11,996.3,698,13,996.4,2174,12
317,2025-11-26 09:59:07+05:30,996.0,1,992.23,1681019,336744.0,376822.0,986.2,998.8,981.3,986.2,119419500,1084.8,887.6,1102.5,649.1,995.7,617,2,995.6,3293,10,995.5,2906,11,995.4,1388,9,995.3,1566,8,996.0,176,4,996.1,1020,10,996.2,764,7,996.3,757,13,996.4,1733,11
317,2025-11-26 09:59:07+05:30,996.0,15,992.23,1681019,336744.0,376822.0,986.2,998.8,981.3,986.2,119419500,1084.8,887.6,1102.5,649.1,995.7,617,2,995.6,3293,10,995.5,2906,11,995.4,1388,9,995.3,1566,8,996.0,176,4,996.1,1020,10,996.2,764,7,996.3,757,13,996.4,1733,11
317,2025-11-26 09:59:08+05:30,996.0,15,992.23,1681282,339336.0,376849.0,986.2,998.8,981.3,986.2,119419500,1084.8,887.6,1102.5,649.1,995.7,686,3,995.6,3275,10,995.5,2955,12,995.4,1388,9,995.3,1562,8,996.0,81,5,996.1,844,8,996.2,449,5,996.3,1226,13,996.4,1633,9
317,2025-11-26 09:59:08+05:30,995.7,146,992.23,1681282,339336.0,376849.0,986.2,998.8,981.3,986.2,119419500,1084.8,887.6,1102.5,649.1,995.7,686,3,995.6,3275,10,995.5,2955,12,995.4,1388,9,995.3,1562,8,996.0,81,5,996.1,844,8,996.2,449,5,996.3,1226,13,996.4,1633,9
317,2025-11-26 09:59:09+05:30,995.7,146,992.23,1681428,335195.0,377119.0,986.2,998.8,981.3,986.2,119419500,1084.8,887.6,1102.5,649.1,995.7,471,2,995.6,3232,10,995.5,3217,13,995.4,1388,9,995.3,1569,9,996.0,81,5,996.1,844,8,996.2,644,7,996.3,1226,13,996.4,1633,9
317,2025-11-26 09:59:10+05:30,995.7,146,992.23,1681428,335155.0,376752.0,986.2,998.8,981.3,986.2,119419500,1084.8,887.6,1102.5,649.1,995.7,471,2,995.6,3232,10,995.5,3217,13,995.4,1388,9,995.3,1569,9,996.0,81,5,996.1,893,9,996.2,644,7,996.3,688,12,996.4,1633,9
317,2025-11-26 09:59:11+05:30,995.7,146,992.23,1681428,339183.0,376762.0,986.2,998.8,981.3,986.2,119419500,1084.8,887.6,1102.5,649.1,995.7,471,2,995.6,3232,10,995.5,3217,13,995.4,1388,9,995.3,1569,9,996.0,81,5,996.1,893,9,996.2,644,7,996.3,688,12,996.4,1643,10
317,2025-11-26 09:59:12+05:30,995.7,8,992.23,1681436,339075.0,377337.0,986.2,998.8,981.3,986.2,119419500,1084.8,887.6,1102.5,649.1,995.7,463,2,995.6,2962,7,995.5,3108,12,995.4,1458,11,995.3,1562,8,996.0,176,6,996.1,1135,12,996.2,1016,13,996.3,698,13,996.4,1672,11
317,2025-11-26 09:59:12+05:30,995.7,8,992.23,1681436,339075.0,377337.0,986.2,998.8,981.3,986.2,119419500,1084.8,887.6,1102.5,649.1,995.7,463,2,995.6,2962,7,995.5,3108,12,995.4,1458,11,995.3,1562,8,996.0,176,6,996.1,1135,12,996.2,1016,13,996.3,698,13,996.4,1672,11
317,2025-11-26 09:59:13+05:30,995.7,81,992.23,1681517,338059.0,377946.0,986.2,998.8,981.3,986.2,119419500,1084.8,887.6,1102.5,649.1,995.7,382,2,995.6,3023,7,995.5,2570,8,995.4,1314,9,995.3,1626,9,996.0,683,9,996.1,831,12,996.2,1152,13,996.3,698,13,996.4,2246,13
317,2025-11-26 09:59:13+05:30,995.7,81,992.23,1681517,338059.0,377946.0,986.2,998.8,981.3,986.2,119419500,1084.8,887.6,1102.5,649.1,995.7,382,2,995.6,3023,7,995.5,2570,8,995.4,1314,9,995.3,1626,9,996.0,683,9,996.1,831,12,996.2,1152,13,996.3,698,13,996.4,2246,13
317,2025-11-26 09:59:14+05:30,996.0,50,992.23,1681517,338059.0,377946.0,986.2,998.8,981.3,986.2,119419500,1084.8,887.6,1102.5,649.1,995.7,382,2,995.6,3023,7,995.5,2570,8,995.4,1314,9,995.3,1626,9,996.0,683,9,996.1,831,12,996.2,1152,13,996.3,698,13,996.4,2246,13
317,2025-11-26 09:59:14+05:30,996.0,50,992.23,1681667,335348.0,377680.0,986.2,998.8,981.3,986.2,119419500,1084.8,887.6,1102.5,649.1,995.8,112,1,995.7,187,2,995.6,1099,3,995.5,1489,8,995.4,3024,10,996.0,380,4,996.1,701,9,996.2,1170,11,996.3,1222,11,996.4,2200,13
317,2025-11-26 09:59:15+05:30,996.0,50,992.23,1681667,334513.0,377508.0,986.2,998.8,981.3,986.2,119419500,1084.8,887.6,1102.5,649.1,995.8,112,1,995.7,187,2,995.6,349,2,995.5,1489,8,995.4,3024,10,996.0,495,7,996.1,1144,12,996.2,1152,13,996.3,698,13,996.4,2200,13
317,2025-11-26 09:59:16+05:30,996.0,50,992.23,1681667,336541.0,377518.0,986.2,998.8,981.3,986.2,119419500,1084.8,887.6,1102.5,649.1,995.8,125,2,995.7,174,1,995.6,349,2,995.5,1489,8,995.4,3024,10,996.0,495,7,996.1,1154,13,996.2,1152,13,996.3,698,13,996.4,2200,13
317,2025-11-26 09:59:17+05:30,996.0,1,992.23,1681667,336541.0,377518.0,986.2,998.8,981.3,986.2,119419500,1084.8,887.6,1102.5,649.1,995.8,125,2,995.7,174,1,995.6,349,2,995.5,1489,8,995.4,3024,10,996.0,495,7,996.1,1154,13,996.2,1152,13,996.3,698,13,996.4,2200,13
317,2025-11-26 09:59:18+05:30,996.0,1,992.23,1681668,334542.0,377563.0,986.2,998.8,981.3,986.2,119419500,1084.8,887.6,1102.5,649.1,995.8,125,2,995.7,174,1,995.6,349,2,995.5,1489,8,995.4,3024,10,996.0,430,6,996.1,1268,15,996.2,1176,14,996.3,698,13,996.4,2172,12
317,2025-11-26 09:59:19+05:30,996.0,1,992.23,1681668,332548.0,377464.0,986.2,998.8,981.3,986.2,119419500,1084.8,887.6,1102.5,649.1,995.8,125,2,995.7,174,1,995.6,349,2,995.5,1489,8,995.4,3024,10,996.0,381,5,996.1,1218,14,996.2,1176,14,996.3,698,13,996.4,2172,12
317,2025-11-26 09:59:19+05:30,996.0,1,992.23,1681668,332548.0,377464.0,986.2,998.8,981.3,986.2,119419500,1084.8,887.6,1102.5,649.1,995.8,125,2,995.7,174,1,995.6,349,2,995.5,1489,8,995.4,3024,10,996.0,381,5,996.1,1218,14,996.2,1176,14,996.3,698,13,996.4,2172,12
317,2025-11-26 09:59:20+05:30,996.0,1,992.23,1681700,332446.0,377932.0,986.2,998.8,981.3,986.2,119419500,1084.8,887.6,1102.5,649.1,995.8,125,2,995.6,349,2,995.5,1489,8,995.4,3024,10,995.3,2344,12,996.0,849,6,996.1,1218,14,996.2,1176,14,996.3,698,13,996.4,2172,12
317,2025-11-26 09:59:20+05:30,996.0,44,992.23,1681700,332446.0,377932.0,986.2,998.8,981.3,986.2,119419500,1084.8,887.6,1102.5,649.1,995.8,125,2,995.6,349,2,995.5,1489,8,995.4,3024,10,995.3,2344,12,996.0,849,6,996.1,1218,14,996.2,1176,14,996.3,698,13,996.4,2172,12
317,2025-11-26 09:59:20+05:30,996.0,44,992.23,1681744,332612.0,378131.0,986.2,998.8,981.3,986.2,119419500,1084.8,887.6,1102.5,649.1,995.8,125,2,995.7,50,1,995.6,785,6,995.5,1739,10,995.4,3024,10,996.0,835,7,996.1,830,9,996.2,1195,12,996.3,1220,13,996.4,1668,11
317,2025-11-26 09:59:22+05:30,996.0,44,992.23,1681744,332239.0,378368.0,986.2,998.8,981.3,986.2,119419500,1084.8,887.6,1102.5,649.1,995.8,125,2,995.7,50,1,995.6,785,6,995.5,1739,10,995.4,3024,10,996.0,835,7,996.1,939,11,996.2,1135,11,996.3,1220,13,996.4,2168,12
317,2025-11-26 09:59:23+05:30,996.0,44,992.23,1681744,332257.0,378368.0,986.2,998.8,981.3,986.2,119419500,1084.8,887.6,1102.5,649.1,995.8,138,3,995.7,50,1,995.6,785,6,995.5,1739,10,995.4,3024,10,996.0,835,7,996.1,939,11,996.2,1135,11,996.3,1220,13,996.4,2168,12
317,2025-11-26 09:59:24+05:30,996.0,111,992.23,1681856,334212.0,377911.0,986.2,998.8,981.3,986.2,119419500,1084.8,887.6,1102.5,649.1,995.8,76,3,995.7,100,2,995.6,442,4,995.5,1035,10,995.4,4235,14,996.0,724,7,996.1,641,8,996.2,1004,11,996.3,1273,12,996.4,2218,13
317,2025-11-26 09:59:24+05:30,996.0,3,992.23,1681856,334212.0,377911.0,986.2,998.8,981.3,986.2,119419500,1084.8,887.6,1102.5,649.1,995.8,76,3,995.7,100,2,995.6,442,4,995.5,1035,10,995.4,4235,14,996.0,724,7,996.1,641,8,996.2,1004,11,996.3,1273,12,996.4,2218,13
317,2025-11-26 09:59:25+05:30,996.0,3,992.23,1681859,339712.0,377670.0,986.2,998.8,981.3,986.2,119419500,1084.8,887.6,1102.5,649.1,995.9,750,1,995.8,206,3,995.7,419,5,995.6,1297,10,995.5,3679,14,996.0,1221,8,996.1,519,5,996.2,419,3,996.3,669,10,996.4,1425,12
317,2025-11-26 09:59:25+05:30,995.9,146,992.23,1681859,339712.0,377670.0,986.2,998.8,981.3,986.2,119419500,1084.8,887.6,1102.5,649.1,995.9,750,1,995.8,206,3,995.7,419,5,995.6,1297,10,995.5,3679,14,996.0,1221,8,996.1,519,5,996.2,419,3,996.3,669,10,996.4,1425,12
317,2025-11-26 09:59:26+05:30,995.9,50,992.23,1682091,340991.0,378201.0,986.2,998.8,981.3,986.2,119419500,1084.8,887.6,1102.5,649.1,995.9,544,2,995.8,425,2,995.7,4272,13,995.6,3066,12,995.5,1574,10,996.0,1226,9,996.1,839,6,996.2,419,3,996.3,669,10,996.4,940,14
317,2025-11-26 09:59:26+05:30,995.9,50,992.23,1682091,340991.0,378201.0,986.2,998.8,981.3,986.2,119419500,1084.8,887.6,1102.5,649.1,995.9,544,2,995.8,425,2,995.7,4272,13,995.6,3066,12,995.5,1574,10,996.0,1226,9,996.1,839,6,996.2,419,3,996.3,669,10,996.4,940,14
317,2025-11-26 09:59:27+05:30,996.0,5,992.23,1682185,341057.0,377624.0,986.2,998.8,981.3,986.2,119419500,1084.8,887.6,1102.5,649.1,995.9,544,2,995.8,473,3,995.7,4272,13,995.6,3066,12,995.5,1574,10,996.0,1132,9,996.1,839,6,996.2,372,3,996.3,620,9,996.4,931,13
317,2025-11-26 09:59:27+05:30,996.0,5,992.23,1682185,341057.0,377624.0,986.2,998.8,981.3,986.2,119419500,1084.8,887.6,1102.5,649.1,995.9,544,2,995.8,473,3,995.7,4272,13,995.6,3066,12,995.5,1574,10,996.0,1132,9,996.1,839,6,996.2,372,3,996.3,620,9,996.4,931,13
317,2025-11-26 09:59:28+05:30,996.0,7,992.23,1682193,341020.0,377663.0,986.2,998.8,981.3,986.2,119419500,1084.8,887.6,1102.5,649.1,995.9,544,2,995.8,425,2,995.7,4271,13,995.6,3066,12,995.5,1574,10,996.0,1124,9,996.1,839,6,996.2,372,3,996.3,620,9,996.4,1461,15
317,2025-11-26 09:59:28+05:30,996.0,7,992.23,1682193,341020.0,377663.0,986.2,998.8,981.3,986.2,119419500,1084.8,887.6,1102.5,649.1,995.9,544,2,995.8,425,2,995.7,4271,13,995.6,3066,12,995.5,1574,10,996.0,1124,9,996.1,839,6,996.2,372,3,996.3,620,9,996.4,1461,15
317,2025-11-26 09:59:29+05:30,996.0,411,992.23,1682693,340779.0,377339.0,986.2,998.8,981.3,986.2,119419500,1084.8,887.6,1102.5,649.1,995.9,544,2,995.8,293,2,995.7,4271,13,995.6,3066,12,995.5,1614,11,996.0,1042,7,996.1,839,6,996.2,560,4,996.3,668,10,996.4,1415,15
317,2025-11-26 09:59:29+05:30,996.0,411,992.23,1682693,340779.0,377339.0,986.2,998.8,981.3,986.2,119419500,1084.8,887.6,1102.5,649.1,995.9,544,2,995.8,293,2,995.7,4271,13,995.6,3066,12,995.5,1614,11,996.0,1042,7,996.1,839,6,996.2,560,4,996.3,668,10,996.4,1415,15
317,2025-11-26 09:59:30+05:30,995.9,146,992.23,1682839,340523.0,376556.0,986.2,998.8,981.3,986.2,119419500,1084.8,887.6,1102.5,649.1,995.9,398,2,995.8,293,2,995.7,4211,12,995.6,3066,12,995.5,1608,10,996.0,2120,9,996.1,839,6,996.2,560,4,996.3,668,10,996.4,1499,16
317,2025-11-26 09:59:30+05:30,996.0,26,992.23,1682839,340523.0,376556.0,986.2,998.8,981.3,986.2,119419500,1084.8,887.6,1102.5,649.1,995.9,398,2,995.8,293,2,995.7,4211,12,995.6,3066,12,995.5,1608,10,996.0,2120,9,996.1,839,6,996.2,560,4,996.3,668,10,996.4,1499,16
317,2025-11-26 09:59:31+05:30,996.0,1,992.24,1686561,343281.0,371038.0,986.2,998.8,981.3,986.2,119419500,1084.8,887.6,1102.5,649.1,996.0,309,3,995.9,3394,11,995.8,2866,10,995.7,2250,12,995.6,1235,15,996.1,57,4,996.2,354,1,996.3,27,1,996.4,593,4,996.5,1463,7
317,2025-11-26 09:59:31+05:30,996.1,42,992.24,1686561,343281.0,371038.0,986.2,998.8,981.3,986.2,119419500,1084.8,887.6,1102.5,649.1,996.0,309,3,995.9,3394,11,995.8,2866,10,995.7,2250,12,995.6,1235,15,996.1,57,4,996.2,354,1,996.3,27,1,996.4,593,4,996.5,1463,7
317,2025-11-26 09:59:32+05:30,995.9,328,992.24,1687319,342496.0,371272.0,986.2,998.8,981.3,986.2,119419500,1084.8,887.6,1102.5,649.1,996.0,26,1,995.9,1448,6,995.8,3568,10,995.7,2218,9,995.6,2584,15,996.1,2,2,996.2,354,1,996.3,27,1,996.4,51,4,996.5,1651,12
317,2025-11-26 09:59:32+05:30,995.9,328,992.24,1687319,342496.0,371272.0,986.2,998.8,981.3,986.2,119419500,1084.8,887.6,1102.5,649.1,996.0,26,1,995.9,1448,6,995.8,3568,10,995.7,2218,9,995.6,2584,15,996.1,2,2,996.2,354,1,996.3,27,1,996.4,51,4,996.5,1651,12
317,2025-11-26 09:59:33+05:30,996.0,115,992.24,1687319,342496.0,371272.0,986.2,998.8,981.3,986.2,119419500,1084.8,887.6,1102.5,649.1,996.0,26,1,995.9,1448,6,995.8,3568,10,995.7,2218,9,995.6,2584,15,996.1,2,2,996.2,354,1,996.3,27,1,996.4,51,4,996.5,1651,12
317,2025-11-26 09:59:33+05:30,996.0,115,992.24,1687582,342015.0,371576.0,986.2,998.8,981.3,986.2,119419500,1084.8,887.6,1102.5,649.1,996.0,18,1,995.9,1260,5,995.8,4333,12,995.7,2218,9,995.6,1804,15,996.2,354,1,996.3,86,3,996.4,208,4,996.5,1628,12,996.6,901,13
317,2025-11-26 09:59:34+05:30,996.0,128,992.24,1687582,342015.0,371576.0,986.2,998.8,981.3,986.2,119419500,1084.8,887.6,1102.5,649.1,996.0,18,1,995.9,1260,5,995.8,4333,12,995.7,2218,9,995.6,1804,15,996.2,354,1,996.3,86,3,996.4,208,4,996.5,1628,12,996.6,901,13
317,2025-11-26 09:59:34+05:30,996.0,128,992.24,1687861,340635.0,371827.0,986.2,998.8,981.3,986.2,119419500,1084.8,887.6,1102.5,649.1,996.0,80,2,995.9,1600,6,995.8,4742,15,995.7,2218,9,995.6,1836,16,996.2,221,1,996.3,356,3,996.4,262,5,996.5,1622,11,996.6,907,14
317,2025-11-26 09:59:35+05:30,996.0,10,992.24,1687861,340635.0,371827.0,986.2,998.8,981.3,986.2,119419500,1084.8,887.6,1102.5,649.1,996.0,80,2,995.9,1600,6,995.8,4742,15,995.7,2218,9,995.6,1836,16,996.2,221,1,996.3,356,3,996.4,262,5,996.5,1622,11,996.6,907,14
317,2025-11-26 09:59:35+05:30,996.0,10,992.24,1687871,342751.0,371974.0,986.2,998.8,981.3,986.2,119419500,1084.8,887.6,1102.5,649.1,996.0,8,1,995.9,1653,7,995.8,4742,15,995.7,2218,9,995.6,1842,17,996.2,221,1,996.3,356,3,996.4,260,4,996.5,1624,12,996.6,957,16
317,2025-11-26 09:59:36+05:30,996.2,3,992.24,1687871,342751.0,371974.0,986.2,998.8,981.3,986.2,119419500,1084.8,887.6,1102.5,649.1,996.0,8,1,995.9,1653,7,995.8,4742,15,995.7,2218,9,995.6,1842,17,996.2,221,1,996.3,356,3,996.4,260,4,996.5,1624,12,996.6,957,16
317,2025-11-26 09:59:36+05:30,996.2,3,992.24,1687875,340695.0,372081.0,986.2,998.8,981.3,986.2,119419500,1084.8,887.6,1102.5,649.1,996.0,8,1,995.9,1653,7,995.8,4742,15,995.7,2218,9,995.6,1842,17,996.2,217,1,996.3,356,3,996.4,204,2,996.5,1680,14,996.6,957,16
317,2025-11-26 09:59:38+05:30,996.2,44,992.24,1687919,338708.0,372122.0,986.2,998.8,981.3,986.2,119419500,1084.8,887.6,1102.5,649.1,996.0,13,2,995.9,1421,5,995.8,4742,15,995.7,2218,9,995.6,1842,17,996.2,173,1,996.3,356,3,996.4,817,4,996.5,1601,13,996.6,1031,18
317,2025-11-26 09:59:38+05:30,996.0,5,992.24,1687919,338708.0,372122.0,986.2,998.8,981.3,986.2,119419500,1084.8,887.6,1102.5,649.1,996.0,13,2,995.9,1421,5,995.8,4742,15,995.7,2218,9,995.6,1842,17,996.2,173,1,996.3,356,3,996.4,817,4,996.5,1601,13,996.6,1031,18
317,2025-11-26 09:59:39+05:30,996.0,5,992.24,1687924,339227.0,372127.0,986.2,998.8,981.3,986.2,119419500,1084.8,887.6,1102.5,649.1,996.0,17,3,995.9,1421,5,995.8,4742,15,995.7,2218,9,995.6,1842,17,996.2,173,1,996.3,356,3,996.4,817,4,996.5,1601,13,996.6,1031,18
317,2025-11-26 09:59:39+05:30,996.0,3,992.24,1687924,339227.0,372127.0,986.2,998.8,981.3,986.2,119419500,1084.8,887.6,1102.5,649.1,996.0,17,3,995.9,1421,5,995.8,4742,15,995.7,2218,9,995.6,1842,17,996.2,173,1,996.3,356,3,996.4,817,4,996.5,1601,13,996.6,1031,18
317,2025-11-26 09:59:40+05:30,996.2,70,992.24,1688014,339116.0,372349.0,986.2,998.8,981.3,986.2,119419500,1084.8,887.6,1102.5,649.1,996.0,264,4,995.9,1219,4,995.8,4551,14,995.7,2218,9,995.6,1790,15,996.2,103,1,996.3,356,3,996.4,817,4,996.5,1499,11,996.6,1274,19
317,2025-11-26 09:59:40+05:30,996.2,70,992.24,1688014,339116.0,372349.0,986.2,998.8,981.3,986.2,119419500,1084.8,887.6,1102.5,649.1,996.0,264,4,995.9,1219,4,995.8,4551,14,995.7,2218,9,995.6,1790,15,996.2,103,1,996.3,356,3,996.4,817,4,996.5,1499,11,996.6,1274,19
317,2025-11-26 09:59:41+05:30,996.2,70,992.24,1688014,339873.0,372362.0,986.2,998.8,981.3,986.2,119419500,1084.8,887.6,1102.5,649.1,996.0,313,5,995.9,3225,9,995.8,3756,13,995.7,2237,11,995.6,1098,12,996.2,103,1,996.3,356,3,996.4,250,3,996.5,1499,11,996.6,1274,19
317,2025-11-26 09:59:42+05:30,996.2,70,992.24,1688014,331764.0,363635.0,986.2,998.8,981.3,986.2,119419500,1084.8,887.6,1102.5,649.1,996.0,213,3,995.9,3975,10,995.8,3006,12,995.7,2237,11,995.6,1098,12,996.2,103,1,996.3,356,3,996.4,250,3,996.5,1548,12,996.6,1224,18
317,2025-11-26 09:59:43+05:30,996.2,70,992.24,1688014,334811.0,363652.0,986.2,998.8,981.3,986.2,119419500,1084.8,887.6,1102.5,649.1,996.0,314,5,995.9,4163,11,995.8,3006,12,995.7,2200,11,995.6,1098,12,996.2,103,1,996.3,356,3,996.4,802,4,996.5,1548,12,996.6,1224,18
317,2025-11-26 09:59:43+05:30,996.2,15,992.24,1688014,334811.0,363652.0,986.2,998.8,981.3,986.2,119419500,1084.8,887.6,1102.5,649.1,996.0,314,5,995.9,4163,11,995.8,3006,12,995.7,2200,11,995.6,1098,12,996.2,103,1,996.3,356,3,996.4,802,4,996.5,1548,12,996.6,1224,18
317,2025-11-26 09:59:44+05:30,996.3,7,992.24,1688515,335054.0,361688.0,986.2,998.8,981.3,986.2,119419500,1084.8,887.6,1102.5,649.1,996.2,271,1,996.0,365,7,995.9,5019,13,995.8,2980,11,995.7,1500,11,996.3,349,3,996.4,62,2,996.5,1437,9,996.6,601,10,996.7,1341,11
317,2025-11-26 09:59:44+05:30,996.2,57,992.24,1688515,335054.0,361688.0,986.2,998.8,981.3,986.2,119419500,1084.8,887.6,1102.5,649.1,996.2,271,1,996.0,365,7,995.9,5019,13,995.8,2980,11,995.7,1500,11,996.3,349,3,996.4,62,2,996.5,1437,9,996.6,601,10,996.7,1341,11
317,2025-11-26 09:59:45+05:30,996.2,100,992.25,1689422,324365.0,350707.0,986.2,998.8,981.3,986.2,119419500,1084.8,887.6,1102.5,649.1,996.2,118,2,996.1,51,1,996.0,696,9,995.9,5019,13,995.8,2980,11,996.3,37,3,996.4,547,2,996.5,1218,6,996.6,223,5,996.7,1166,6
317,2025-11-26 09:59:45+05:30,996.2,28,992.25,1689422,324365.0,350707.0,986.2,998.8,981.3,986.2,119419500,1084.8,887.6,1102.5,649.1,996.2,118,2,996.1,51,1,996.0,696,9,995.9,5019,13,995.8,2980,11,996.3,37,3,996.4,547,2,996.5,1218,6,996.6,223,5,996.7,1166,6
317,2025-11-26 09:59:46+05:30,996.1,115,992.25,1689727,317648.0,350222.0,986.2,998.8,981.3,986.2,119419500,1084.8,887.6,1102.5,649.1,996.2,750,1,996.1,1104,4,996.0,4831,17,995.9,2186,9,995.8,1504,10,996.3,20,2,996.4,547,2,996.5,1214,4,996.6,327,4,996.7,681,9
317,2025-11-26 09:59:46+05:30,996.2,4,992.25,1689727,317648.0,350222.0,986.2,998.8,981.3,986.2,119419500,1084.8,887.6,1102.5,649.1,996.2,750,1,996.1,1104,4,996.0,4831,17,995.9,2186,9,995.8,1504,10,996.3,20,2,996.4,547,2,996.5,1214,4,996.6,327,4,996.7,681,9
317,2025-11-26 09:59:47+05:30,996.2,4,992.25,1691642,318115.0,345949.0,986.2,998.8,981.3,986.2,119419500,1084.8,887.6,1102.5,649.1,996.2,700,3,996.1,1515,7,996.0,5203,23,995.9,2231,10,995.8,1554,11,996.4,1,1,996.5,683,4,996.6,13,2,996.7,276,7,996.8,609,8
317,2025-11-26 09:59:48+05:30,996.5,19,992.25,1691663,326973.0,347132.0,986.2,998.8,981.3,986.2,119419500,1084.8,887.6,1102.5,649.1,996.2,649,2,996.1,1515,7,996.0,5180,22,995.9,2231,10,995.8,1554,11,996.5,970,4,996.6,30,4,996.7,278,8,996.8,1211,11,996.9,1467,17
317,2025-11-26 09:59:48+05:30,996.2,90,992.25,1691663,326973.0,347132.0,986.2,998.8,981.3,986.2,119419500,1084.8,887.6,1102.5,649.1,996.2,649,2,996.1,1515,7,996.0,5180,22,995.9,2231,10,995.8,1554,11,996.5,970,4,996.6,30,4,996.7,278,8,996.8,1211,11,996.9,1467,17
317,2025-11-26 09:59:49+05:30,996.2,1,992.25,1692192,325785.0,356427.0,986.2,998.8,981.3,986.2,119419500,1084.8,887.6,1102.5,649.1,996.2,71,1,996.1,1227,4,996.0,5000,18,995.9,2231,10,995.8,1554,11,996.5,994,5,996.6,257,6,996.7,396,9,996.8,1354,13,996.9,2027,20
317,2025-11-26 09:59:49+05:30,996.2,1,992.25,1692192,325785.0,356427.0,986.2,998.8,981.3,986.2,119419500,1084.8,887.6,1102.5,649.1,996.2,71,1,996.1,1227,4,996.0,5000,18,995.9,2231,10,995.8,1554,11,996.5,994,5,996.6,257,6,996.7,396,9,996.8,1354,13,996.9,2027,20
317,2025-11-26 09:59:50+05:30,996.2,1,992.25,1692192,327511.0,356765.0,986.2,998.8,981.3,986.2,119419500,1084.8,887.6,1102.5,649.1,996.2,71,1,996.1,1100,3,996.0,4873,17,995.9,2231,10,995.8,1554,11,996.5,1046,6,996.6,409,9,996.7,448,10,996.8,1364,14,996.9,2027,20
317,2025-11-26 09:59:50+05:30,996.5,102,992.25,1692192,327511.0,356765.0,986.2,998.8,981.3,986.2,119419500,1084.8,887.6,1102.5,649.1,996.2,71,1,996.1,1100,3,996.0,4873,17,995.9,2231,10,995.8,1554,11,996.5,1046,6,996.6,409,9,996.7,448,10,996.8,1364,14,996.9,2027,20
317,2025-11-26 09:59:51+05:30,996.5,102,992.26,1692942,328846.0,354434.0,986.2,998.8,981.3,986.2,119419500,1084.8,887.6,1102.5,649.1,996.2,174,4,996.1,4023,12,996.0,3436,18,995.9,2287,14,995.8,778,8,996.5,270,3,996.6,14,3,996.7,257,5,996.8,750,11,996.9,874,15
317,2025-11-26 09:59:51+05:30,996.5,10,992.26,1692942,328846.0,354434.0,986.2,998.8,981.3,986.2,119419500,1084.8,887.6,1102.5,649.1,996.2,174,4,996.1,4023,12,996.0,3436,18,995.9,2287,14,995.8,778,8,996.5,270,3,996.6,14,3,996.7,257,5,996.8,750,11,996.9,874,15
317,2025-11-26 09:59:52+05:30,996.5,10,992.26,1692952,329521.0,355256.0,986.2,998.8,981.3,986.2,119419500,1084.8,887.6,1102.5,649.1,996.3,1057,3,996.2,4475,12,996.1,2146,9,996.0,1962,18,995.9,1511,11,996.5,260,3,996.6,14,3,996.7,204,2,996.8,753,13,996.9,824,14
317,2025-11-26 09:59:52+05:30,996.5,108,992.26,1692952,329521.0,355256.0,986.2,998.8,981.3,986.2,119419500,1084.8,887.6,1102.5,649.1,996.3,1057,3,996.2,4475,12,996.1,2146,9,996.0,1962,18,995.9,1511,11,996.5,260,3,996.6,14,3,996.7,204,2,996.8,753,13,996.9,824,14
317,2025-11-26 09:59:53+05:30,996.5,108,992.26,1693206,329372.0,355048.0,986.2,998.8,981.3,986.2,119419500,1084.8,887.6,1102.5,649.1,996.3,1565,4,996.2,4476,13,996.1,2146,9,996.0,1960,15,995.9,1464,8,996.5,155,4,996.6,417,4,996.7,16,1,996.8,396,11,996.9,1344,15
317,2025-11-26 09:59:54+05:30,996.5,1,992.26,1693776,330848.0,353517.0,986.2,998.8,981.3,986.2,119419500,1084.8,887.6,1102.5,649.1,996.5,397,1,996.4,40,1,996.3,4850,10,996.2,2857,12,996.1,1401,9,996.6,417,4,996.7,16,1,996.8,91,7,996.9,835,8,997.0,2935,33
317,2025-11-26 09:59:54+05:30,996.5,143,992.26,1693776,330848.0,353517.0,986.2,998.8,981.3,986.2,119419500,1084.8,887.6,1102.5,649.1,996.5,397,1,996.4,40,1,996.3,4850,10,996.2,2857,12,996.1,1401,9,996.6,417,4,996.7,16,1,996.8,91,7,996.9,835,8,997.0,2935,33
317,2025-11-26 09:59:55+05:30,996.5,48,992.26,1693967,330828.0,354698.0,986.2,998.8,981.3,986.2,119419500,1084.8,887.6,1102.5,649.1,996.5,1719,4,996.4,4153,8,996.3,2002,7,996.2,1405,13,996.1,1551,9,996.6,388,4,996.8,76,6,996.9,516,10,997.0,3065,35,997.1,854,10
317,2025-11-26 09:59:55+05:30,996.5,48,992.26,1693967,330828.0,354698.0,986.2,998.8,981.3,986.2,119419500,1084.8,887.6,1102.5,649.1,996.5,1719,4,996.4,4153,8,996.3,2002,7,996.2,1405,13,996.1,1551,9,996.6,388,4,996.8,76,6,996.9,516,10,997.0,3065,35,997.1,854,10
317,2025-11-26 09:59:56+05:30,996.5,143,992.26,1694110,331052.0,354296.0,986.2,998.8,981.3,986.2,119419500,1084.8,887.6,1102.5,649.1,996.5,2326,5,996.4,4026,7,996.3,1762,5,996.2,1331,11,996.1,1551,9,996.6,388,4,996.8,73,4,996.9,842,7,997.0,2950,35,997.1,861,10
317,2025-11-26 09:59:56+05:30,996.6,1,992.26,1694110,331052.0,354296.0,986.2,998.8,981.3,986.2,119419500,1084.8,887.6,1102.5,649.1,996.5,2326,5,996.4,4026,7,996.3,1762,5,996.2,1331,11,996.1,1551,9,996.6,388,4,996.8,73,4,996.9,842,7,997.0,2950,35,997.1,861,10
317,2025-11-26 09:59:57+05:30,996.5,14,992.26,1695111,332602.0,353584.0,986.2,998.8,981.3,986.2,119419500,1084.8,887.6,1102.5,649.1,996.5,3814,8,996.4,3271,9,996.3,2286,11,996.2,845,10,996.1,2351,11,996.6,20,1,996.8,64,4,996.9,635,6,997.0,2732,33,997.1,848,11
317,2025-11-26 09:59:57+05:30,996.5,14,992.26,1695111,332602.0,353584.0,986.2,998.8,981.3,986.2,119419500,1084.8,887.6,1102.5,649.1,996.5,3814,8,996.4,3271,9,996.3,2286,11,996.2,845,10,996.1,2351,11,996.6,20,1,996.8,64,4,996.9,635,6,997.0,2732,33,997.1,848,11
317,2025-11-26 09:59:58+05:30,996.5,143,992.26,1695111,332602.0,353584.0,986.2,998.8,981.3,986.2,119419500,1084.8,887.6,1102.5,649.1,996.5,3814,8,996.4,3271,9,996.3,2286,11,996.2,845,10,996.1,2351,11,996.6,20,1,996.8,64,4,996.9,635,6,997.0,2732,33,997.1,848,11
317,2025-11-26 09:59:58+05:30,996.5,143,992.26,1695354,332110.0,353852.0,986.2,998.8,981.3,986.2,119419500,1084.8,887.6,1102.5,649.1,996.5,4321,8,996.4,2481,7,996.3,2290,11,996.2,882,12,996.1,1669,13,996.6,20,1,996.8,66,5,996.9,279,5,997.0,2784,34,997.1,852,11
317,2025-11-26 09:59:59+05:30,996.6,20,992.26,1695354,332110.0,353852.0,986.2,998.8,981.3,986.2,119419500,1084.8,887.6,1102.5,649.1,996.5,4321,8,996.4,2481,7,996.3,2290,11,996.2,882,12,996.1,1669,13,996.6,20,1,996.8,66,5,996.9,279,5,997.0,2784,34,997.1,852,11
317,2025-11-26 09:59:59+05:30,996.6,20,992.26,1695374,333318.0,353851.0,986.2,998.8,981.3,986.2,119419500,1084.8,887.6,1102.5,649.1,996.5,5071,9,996.4,2481,7,996.3,2303,12,996.2,882,12,996.1,1669,13,996.6,19,1,996.8,66,5,996.9,279,5,997.0,2784,34,997.1,852,11
317,2025-11-26 10:00:00+05:30,996.6,20,992.26,1695374,333693.0,353973.0,986.2,998.8,981.3,986.2,119419500,1084.8,887.6,1102.5,649.1,996.5,5120,10,996.4,2481,7,996.3,2303,12,996.2,882,12,996.1,2419,14,996.6,19,1,996.8,66,5,996.9,279,5,997.0,2784,34,997.1,852,11
317,2025-11-26 10:00:01+05:30,996.8,1,992.26,1695374,333693.0,353973.0,986.2,998.8,981.3,986.2,119419500,1084.8,887.6,1102.5,649.1,996.5,5120,10,996.4,2481,7,996.3,2303,12,996.2,882,12,996.1,2419,14,996.6,19,1,996.8,66,5,996.9,279,5,997.0,2784,34,997.1,852,11
317,2025-11-26 10:00:01+05:30,996.8,1,992.26,1695486,333154.0,351957.0,986.2,998.8,981.3,986.2,119419500,1084.8,887.6,1102.5,649.1,996.7,748,1,996.6,849,3,996.5,5254,12,996.4,2799,10,996.3,1547,11,996.8,54,4,996.9,76,3,997.0,2697,33,997.1,653,9,997.2,1127,13
317,2025-11-26 10:00:02+05:30,996.7,143,992.26,1695486,333154.0,351957.0,986.2,998.8,981.3,986.2,119419500,1084.8,887.6,1102.5,649.1,996.7,748,1,996.6,849,3,996.5,5254,12,996.4,2799,10,996.3,1547,11,996.8,54,4,996.9,76,3,997.0,2697,33,997.1,653,9,997.2,1127,13
317,2025-11-26 10:00:03+05:30,997.0,4,992.27,1697136,335513.0,347590.0,986.2,998.8,981.3,986.2,119419500,1084.8,887.6,1102.5,649.1,996.7,2082,8,996.6,4902,12,996.5,3092,11,996.4,2549,17,996.3,842,9,997.0,1461,13,997.1,42,2,997.2,97,5,997.3,391,5,997.4,780,10
317,2025-11-26 10:00:03+05:30,997.0,145,992.27,1697136,335513.0,347590.0,986.2,998.8,981.3,986.2,119419500,1084.8,887.6,1102.5,649.1,996.7,2082,8,996.6,4902,12,996.5,3092,11,996.4,2549,17,996.3,842,9,997.0,1461,13,997.1,42,2,997.2,97,5,997.3,391,5,997.4,780,10
317,2025-11-26 10:00:04+05:30,997.0,1,992.27,1697282,336790.0,347491.0,986.2,998.8,981.3,986.2,119419500,1084.8,887.6,1102.5,649.1,996.9,605,1,996.8,927,4,996.7,5960,13,996.6,2799,11,996.5,1618,11,997.0,1317,14,997.1,42,2,997.2,97,5,997.3,394,5,997.4,736,9
317,2025-11-26 10:00:04+05:30,996.9,286,992.27,1697282,336790.0,347491.0,986.2,998.8,981.3,986.2,119419500,1084.8,887.6,1102.5,649.1,996.9,605,1,996.8,927,4,996.7,5960,13,996.6,2799,11,996.5,1618,11,997.0,1317,14,997.1,42,2,997.2,97,5,997.3,394,5,997.4,736,9
317,2025-11-26 10:00:05+05:30,996.9,16,992.27,1697282,336790.0,347491.0,986.2,998.8,981.3,986.2,119419500,1084.8,887.6,1102.5,649.1,996.9,605,1,996.8,927,4,996.7,5960,13,996.6,2799,11,996.5,1618,11,997.0,1317,14,997.1,42,2,997.2,97,5,997.3,394,5,997.4,736,9
317,2025-11-26 10:00:06+05:30,996.9,16,992.27,1697585,336162.0,347765.0,986.2,998.8,981.3,986.2,119419500,1084.8,887.6,1102.5,649.1,996.9,316,2,996.8,750,1,996.7,6081,12,996.6,2778,10,996.5,1618,11,997.0,1320,15,997.1,16,1,997.2,282,7,997.3,467,7,997.4,623,8
317,2025-11-26 10:00:07+05:30,996.9,16,992.27,1697585,335683.0,348460.0,986.2,998.8,981.3,986.2,119419500,1084.8,887.6,1102.5,649.1,996.9,316,2,996.8,750,1,996.7,6043,11,996.6,2778,10,996.5,1618,11,997.0,1674,17,997.1,16,1,997.2,333,8,997.3,467,7,997.4,623,8
317,2025-11-26 10:00:07+05:30,997.0,180,992.27,1697585,335683.0,348460.0,986.2,998.8,981.3,986.2,119419500,1084.8,887.6,1102.5,649.1,996.9,316,2,996.8,750,1,996.7,6043,11,996.6,2778,10,996.5,1618,11,997.0,1674,17,997.1,16,1,997.2,333,8,997.3,467,7,997.4,623,8
317,2025-11-26 10:00:08+05:30,997.0,138,992.27,1699397,335620.0,349737.0,986.2,998.8,981.3,986.2,119419500,1084.8,887.6,1102.5,649.1,996.9,2069,4,996.8,4669,9,996.7,1807,6,996.6,2054,11,996.5,955,11,997.0,2319,11,997.1,16,1,997.2,282,7,997.3,619,7,997.4,624,8
317,2025-11-26 10:00:08+05:30,997.0,138,992.27,1699397,335620.0,349737.0,986.2,998.8,981.3,986.2,119419500,1084.8,887.6,1102.5,649.1,996.9,2069,4,996.8,4669,9,996.7,1807,6,996.6,2054,11,996.5,955,11,997.0,2319,11,997.1,16,1,997.2,282,7,997.3,619,7,997.4,624,8
317,2025-11-26 10:00:09+05:30,997.0,100,992.27,1699578,335099.0,350469.0,986.2,998.8,981.3,986.2,119419500,1084.8,887.6,1102.5,649.1,996.9,1988,3,996.8,4483,6,996.7,1754,5,996.6,2054,11,996.5,955,11,997.0,2391,12,997.1,16,1,997.2,347,8,997.3,670,9,997.4,625,9
317,2025-11-26 10:00:09+05:30,996.9,429,992.27,1699578,335099.0,350469.0,986.2,998.8,981.3,986.2,119419500,1084.8,887.6,1102.5,649.1,996.9,1988,3,996.8,4483,6,996.7,1754,5,996.6,2054,11,996.5,955,11,997.0,2391,12,997.1,16,1,997.2,347,8,997.3,670,9,997.4,625,9
317,2025-11-26 10:00:10+05:30,997.0,1,992.27,1700008,334779.0,350827.0,986.2,998.8,981.3,986.2,119419500,1084.8,887.6,1102.5,649.1,996.9,1572,4,996.8,5286,8,996.7,1623,5,996.6,1331,11,996.5,955,11,997.0,2390,12,997.1,16,1,997.2,347,8,997.3,670,9,997.4,625,9
317,2025-11-26 10:00:10+05:30,997.0,5,992.27,1700008,334779.0,350827.0,986.2,998.8,981.3,986.2,119419500,1084.8,887.6,1102.5,649.1,996.9,1572,4,996.8,5286,8,996.7,1623,5,996.6,1331,11,996.5,955,11,997.0,2390,12,997.1,16,1,997.2,347,8,997.3,670,9,997.4,625,9
317,2025-11-26 10:00:11+05:30,997.0,5,992.28,1703266,336811.0,348066.0,986.2,998.8,981.3,986.2,119419500,1084.8,887.6,1102.5,649.1,996.9,1572,4,996.8,5633,12,996.7,2152,8,996.6,1576,13,996.5,1705,12,997.0,1940,6,997.1,16,1,997.2,98,6,997.3,103,2,997.4,500,8
317,2025-11-26 10:00:11+05:30,997.0,628,992.28,1703266,336811.0,348066.0,986.2,998.8,981.3,986.2,119419500,1084.8,887.6,1102.5,649.1,996.9,1572,4,996.8,5633,12,996.7,2152,8,996.6,1576,13,996.5,1705,12,997.0,1940,6,997.1,16,1,997.2,98,6,997.3,103,2,997.4,500,8
317,2025-11-26 10:00:12+05:30,997.0,750,992.29,1705338,337044.0,347095.0,986.2,998.8,981.3,986.2,119419500,1084.8,887.6,1102.5,649.1,996.9,1750,4,996.8,5538,11,996.7,2013,7,996.6,1568,13,996.5,1732,14,997.0,916,7,997.1,16,1,997.2,98,6,997.3,161,3,997.4,558,9
317,2025-11-26 10:00:12+05:30,996.9,1,992.29,1705338,337044.0,347095.0,986.2,998.8,981.3,986.2,119419500,1084.8,887.6,1102.5,649.1,996.9,1750,4,996.8,5538,11,996.7,2013,7,996.6,1568,13,996.5,1732,14,997.0,916,7,997.1,16,1,997.2,98,6,997.3,161,3,997.4,558,9
317,2025-11-26 10:00:13+05:30,997.0,389,992.29,1707429,336614.0,347862.0,986.2,998.8,981.3,986.2,119419500,1084.8,887.6,1102.5,649.1,996.9,2070,4,996.8,5233,7,996.7,1630,5,996.6,1229,9,996.5,1545,10,997.0,1843,6,997.2,52,3,997.3,319,3,997.4,1124,8,997.5,1061,13
317,2025-11-26 10:00:13+05:30,997.0,389,992.29,1707429,336614.0,347862.0,986.2,998.8,981.3,986.2,119419500,1084.8,887.6,1102.5,649.1,996.9,2070,4,996.8,5233,7,996.7,1630,5,996.6,1229,9,996.5,1545,10,997.0,1843,6,997.2,52,3,997.3,319,3,997.4,1124,8,997.5,1061,13
317,2025-11-26 10:00:14+05:30,996.9,100,992.29,1707529,336512.0,349223.0,986.2,998.8,981.3,986.2,119419500,1084.8,887.6,1102.5,649.1,996.9,1970,4,996.8,5233,7,996.7,1521,3,996.6,1198,10,996.5,1589,13,997.0,2862,8,997.1,187,3,997.2,426,10,997.3,423,6,997.4,591,11
317,2025-11-26 10:00:14+05:30,996.9,100,992.29,1707529,336512.0,349223.0,986.2,998.8,981.3,986.2,119419500,1084.8,887.6,1102.5,649.1,996.9,1970,4,996.8,5233,7,996.7,1521,3,996.6,1198,10,996.5,1589,13,997.0,2862,8,997.1,187,3,997.2,426,10,997.3,423,6,997.4,591,11
317,2025-11-26 10:00:15+05:30,997.0,28,992.29,1707529,336512.0,349223.0,986.2,998.8,981.3,986.2,119419500,1084.8,887.6,1102.5,649.1,996.9,1970,4,996.8,5233,7,996.7,1521,3,996.6,1198,10,996.5,1589,13,997.0,2862,8,997.1,187,3,997.2,426,10,997.3,423,6,997.4,591,11
317,2025-11-26 10:00:15+05:30,997.0,28,992.3,1707996,335741.0,349439.0,986.2,998.8,981.3,986.2,119419500,1084.8,887.6,1102.5,649.1,996.9,1513,3,996.8,5233,7,996.7,1570,4,996.6,1032,7,996.5,1545,10,997.0,2824,8,997.1,371,4,997.2,610,11,997.3,423,6,997.4,619,10
317,2025-11-26 10:00:16+05:30,996.9,143,992.3,1707996,335741.0,349439.0,986.2,998.8,981.3,986.2,119419500,1084.8,887.6,1102.5,649.1,996.9,1513,3,996.8,5233,7,996.7,1570,4,996.6,1032,7,996.5,1545,10,997.0,2824,8,997.1,371,4,997.2,610,11,997.3,423,6,997.4,619,10
317,2025-11-26 10:00:16+05:30,996.9,98,992.3,1708250,335684.0,350253.0,986.2,998.8,981.3,986.2,119419500,1084.8,887.6,1102.5,649.1,996.9,1259,2,996.8,5233,7,996.7,1521,3,996.6,1068,9,996.5,1589,13,997.0,2824,8,997.1,243,3,997.2,687,13,997.3,631,8,997.4,558,9
317,2025-11-26 10:00:17+05:30,997.0,2,992.3,1708250,335684.0,350253.0,986.2,998.8,981.3,986.2,119419500,1084.8,887.6,1102.5,649.1,996.9,1259,2,996.8,5233,7,996.7,1521,3,996.6,1068,9,996.5,1589,13,997.0,2824,8,997.1,243,3,997.2,687,13,997.3,631,8,997.4,558,9
317,2025-11-26 10:00:17+05:30,997.0,2,992.31,1711252,336663.0,349008.0,986.2,998.8,981.3,986.2,119419500,1084.8,887.6,1102.5,649.1,996.9,1259,2,996.8,5263,9,996.7,2015,7,996.6,1639,11,996.5,1809,14,997.0,2197,6,997.1,16,1,997.2,126,7,997.3,302,5,997.4,915,8
317,2025-11-26 10:00:18+05:30,997.0,1,992.31,1711252,336663.0,349008.0,986.2,998.8,981.3,986.2,119419500,1084.8,887.6,1102.5,649.1,996.9,1259,2,996.8,5263,9,996.7,2015,7,996.6,1639,11,996.5,1809,14,997.0,2197,6,997.1,16,1,997.2,126,7,997.3,302,5,997.4,915,8
317,2025-11-26 10:00:18+05:30,997.0,750,992.31,1713390,336671.0,347793.0,986.2,998.8,981.3,986.2,119419500,1084.8,887.6,1102.5,649.1,996.9,1455,4,996.8,5455,11,996.7,2015,7,996.6,1631,10,996.5,1757,10,997.0,734,6,997.1,16,1,997.2,126,7,997.3,178,5,997.4,837,6
317,2025-11-26 10:00:19+05:30,997.0,2,992.31,1713390,336671.0,347793.0,986.2,998.8,981.3,986.2,119419500,1084.8,887.6,1102.5,649.1,996.9,1455,4,996.8,5455,11,996.7,2015,7,996.6,1631,10,996.5,1757,10,997.0,734,6,997.1,16,1,997.2,126,7,997.3,178,5,997.4,837,6
317,2025-11-26 10:00:20+05:30,997.0,416,992.32,1715271,336416.0,349753.0,986.2,998.8,981.3,986.2,119419500,1084.8,887.6,1102.5,649.1,996.9,1017,3,996.8,5235,8,996.7,1721,4,996.6,1348,8,996.5,1530,11,997.0,2203,7,997.1,16,1,997.2,409,9,997.3,417,7,997.4,1107,8
317,2025-11-26 10:00:20+05:30,997.0,750,992.32,1715271,336416.0,349753.0,986.2,998.8,981.3,986.2,119419500,1084.8,887.6,1102.5,649.1,996.9,1017,3,996.8,5235,8,996.7,1721,4,996.6,1348,8,996.5,1530,11,997.0,2203,7,997.1,16,1,997.2,409,9,997.3,417,7,997.4,1107,8
317,2025-11-26 10:00:21+05:30,997.0,750,992.32,1716021,336298.0,348849.0,986.2,998.8,981.3,986.2,119419500,1084.8,887.6,1102.5,649.1,996.9,1017,3,996.8,5235,8,996.7,1721,4,996.6,1348,8,996.5,1596,12,997.0,1453,7,997.1,59,2,997.2,306,10,997.3,430,8,997.4,1107,8
317,2025-11-26 10:00:21+05:30,996.9,63,992.32,1716021,336298.0,348849.0,986.2,998.8,981.3,986.2,119419500,1084.8,887.6,1102.5,649.1,996.9,1017,3,996.8,5235,8,996.7,1721,4,996.6,1348,8,996.5,1596,12,997.0,1453,7,997.1,59,2,997.2,306,10,997.3,430,8,997.4,1107,8
317,2025-11-26 10:00:22+05:30,996.9,63,992.32,1717656,335684.0,350728.0,986.2,998.8,981.3,986.2,119419500,1084.8,887.6,1102.5,649.1,996.9,132,2,996.8,5985,9,996.7,1705,4,996.6,1271,6,996.5,1074,13,997.0,1664,6,997.1,59,2,997.2,465,10,997.3,724,11,997.4,503,7
317,2025-11-26 10:00:23+05:30,997.0,1,992.32,1717783,336418.0,350817.0,986.2,998.8,981.3,986.2,119419500,1084.8,887.6,1102.5,649.1,996.9,756,2,996.8,5985,9,996.7,1705,4,996.6,1116,7,996.5,1074,13,997.0,1663,6,997.1,108,3,997.2,745,13,997.3,678,10,997.4,674,11
317,2025-11-26 10:00:23+05:30,996.9,280,992.32,1717783,336418.0,350817.0,986.2,998.8,981.3,986.2,119419500,1084.8,887.6,1102.5,649.1,996.9,756,2,996.8,5985,9,996.7,1705,4,996.6,1116,7,996.5,1074,13,997.0,1663,6,997.1,108,3,997.2,745,13,997.3,678,10,997.4,674,11
317,2025-11-26 10:00:24+05:30,996.9,280,992.32,1718069,336101.0,350917.0,986.2,998.8,981.3,986.2,119419500,1084.8,887.6,1102.5,649.1,996.9,500,3,996.8,5985,9,996.7,1705,4,996.6,1116,7,996.5,1074,13,997.0,1663,6,997.1,127,3,997.2,791,14,997.3,632,9,997.4,685,12
317,2025-11-26 10:00:25+05:30,996.9,280,992.32,1718069,336678.0,350997.0,986.2,998.8,981.3,986.2,119419500,1084.8,887.6,1102.5,649.1,996.9,1250,4,996.8,1500,2,996.7,3754,6,996.6,1795,5,996.5,2543,13,997.0,1663,6,997.1,176,4,997.2,837,15,997.3,632,9,997.4,628,10
317,2025-11-26 10:00:26+05:30,996.9,280,992.32,1718069,336754.0,350990.0,986.2,998.8,981.3,986.2,119419500,1084.8,887.6,1102.5,649.1,996.9,113,4,996.8,1500,2,996.7,540,3,996.6,4849,11,996.5,2530,12,997.0,1773,7,997.1,59,2,997.2,837,15,997.3,632,9,997.4,628,10
317,2025-11-26 10:00:27+05:30,997.0,99,992.33,1718821,335145.0,351604.0,986.2,998.8,981.3,986.2,119419500,1084.8,887.6,1102.5,649.1,996.9,112,4,996.8,1500,2,996.7,491,2,996.6,3844,7,996.5,2464,11,997.0,2068,7,997.1,59,2,997.2,763,13,997.3,663,11,997.4,674,11
317,2025-11-26 10:00:27+05:30,997.0,20,992.33,1718821,335145.0,351604.0,986.2,998.8,981.3,986.2,119419500,1084.8,887.6,1102.5,649.1,996.9,112,4,996.8,1500,2,996.7,491,2,996.6,3844,7,996.5,2464,11,997.0,2068,7,997.1,59,2,997.2,763,13,997.3,663,11,997.4,674,11
317,2025-11-26 10:00:28+05:30,997.0,1,992.33,1718844,336771.0,351367.0,986.2,998.8,981.3,986.2,119419500,1084.8,887.6,1102.5,649.1,996.9,112,4,996.8,1500,2,996.7,491,2,996.6,4738,11,996.5,2531,12,997.0,2075,8,997.1,59,2,997.2,741,13,997.3,663,11,997.4,1152,11
317,2025-11-26 10:00:28+05:30,996.9,31,992.33,1718844,336771.0,351367.0,986.2,998.8,981.3,986.2,119419500,1084.8,887.6,1102.5,649.1,996.9,112,4,996.8,1500,2,996.7,491,2,996.6,4738,11,996.5,2531,12,997.0,2075,8,997.1,59,2,997.2,741,13,997.3,663,11,997.4,1152,11
317,2025-11-26 10:00:29+05:30,996.9,31,992.33,1718987,336831.0,351952.0,986.2,998.8,981.3,986.2,119419500,1084.8,887.6,1102.5,649.1,996.9,17,1,996.8,1500,2,996.7,491,2,996.6,4643,9,996.5,2523,11,997.0,2210,11,997.1,605,7,997.2,716,12,997.3,663,11,997.4,1339,13
317,2025-11-26 10:00:29+05:30,997.0,637,992.33,1718987,336831.0,351952.0,986.2,998.8,981.3,986.2,119419500,1084.8,887.6,1102.5,649.1,996.9,17,1,996.8,1500,2,996.7,491,2,996.6,4643,9,996.5,2523,11,997.0,2210,11,997.1,605,7,997.2,716,12,997.3,663,11,997.4,1339,13
317,2025-11-26 10:00:30+05:30,996.9,1,992.33,1719739,337554.0,351308.0,986.2,998.8,981.3,986.2,119419500,1084.8,887.6,1102.5,649.1,996.9,765,2,996.8,750,1,996.7,4224,7,996.6,2686,9,996.5,2549,13,997.0,2136,9,997.1,101,3,997.2,666,13,997.3,538,6,997.4,763,12
317,2025-11-26 10:00:30+05:30,996.9,1,992.33,1719739,337554.0,351308.0,986.2,998.8,981.3,986.2,119419500,1084.8,887.6,1102.5,649.1,996.9,765,2,996.8,750,1,996.7,4224,7,996.6,2686,9,996.5,2549,13,997.0,2136,9,997.1,101,3,997.2,666,13,997.3,538,6,997.4,763,12
317,2025-11-26 10:00:31+05:30,997.0,502,992.33,1719739,337554.0,351308.0,986.2,998.8,981.3,986.2,119419500,1084.8,887.6,1102.5,649.1,996.9,765,2,996.8,750,1,996.7,4224,7,996.6,2686,9,996.5,2549,13,997.0,2136,9,997.1,101,3,997.2,666,13,997.3,538,6,997.4,763,12
317,2025-11-26 10:00:31+05:30,997.0,502,992.33,1720658,338017.0,350745.0,986.2,998.8,981.3,986.2,119419500,1084.8,887.6,1102.5,649.1,996.9,754,3,996.8,890,2,996.7,5364,11,996.6,2686,9,996.5,1799,12,997.0,2161,8,997.2,411,9,997.3,587,6,997.4,661,9,997.5,1464,15
317,2025-11-26 10:00:32+05:30,996.9,286,992.33,1720658,338017.0,350745.0,986.2,998.8,981.3,986.2,119419500,1084.8,887.6,1102.5,649.1,996.9,754,3,996.8,890,2,996.7,5364,11,996.6,2686,9,996.5,1799,12,997.0,2161,8,997.2,411,9,997.3,587,6,997.4,661,9,997.5,1464,15
317,2025-11-26 10:00:32+05:30,996.9,286,992.33,1720944,337325.0,351422.0,986.2,998.8,981.3,986.2,119419500,1084.8,887.6,1102.5,649.1,996.9,568,4,996.8,890,2,996.7,4364,8,996.6,2410,6,996.5,2456,10,997.0,2255,10,997.1,217,5,997.2,651,12,997.3,619,8,997.4,1265,14
317,2025-11-26 10:00:33+05:30,997.0,112,992.33,1721056,337610.0,351087.0,986.2,998.8,981.3,986.2,119419500,1084.8,887.6,1102.5,649.1,996.9,568,4,996.8,890,2,996.7,4433,10,996.6,2682,8,996.5,2547,13,997.0,2143,10,997.1,16,1,997.2,538,10,997.3,637,9,997.4,759,13
317,2025-11-26 10:00:34+05:30,997.0,112,992.33,1721056,337610.0,351087.0,986.2,998.8,981.3,986.2,119419500,1084.8,887.6,1102.5,649.1,996.9,568,4,996.8,890,2,996.7,4433,10,996.6,2682,8,996.5,2547,13,997.0,2143,10,997.1,16,1,997.2,538,10,997.3,637,9,997.4,759,13
317,2025-11-26 10:00:35+05:30,997.0,112,992.33,1721056,337686.0,351195.0,986.2,998.8,981.3,986.2,119419500,1084.8,887.6,1102.5,649.1,996.9,588,5,996.8,957,3,996.7,4433,10,996.6,2682,8,996.5,2560,14,997.0,2143,10,997.1,16,1,997.2,538,10,997.3,704,10,997.4,759,13
317,2025-11-26 10:00:35+05:30,997.0,5,992.33,1721056,337686.0,351195.0,986.2,998.8,981.3,986.2,119419500,1084.8,887.6,1102.5,649.1,996.9,588,5,996.8,957,3,996.7,4433,10,996.6,2682,8,996.5,2560,14,997.0,2143,10,997.1,16,1,997.2,538,10,997.3,704,10,997.4,759,13
317,2025-11-26 10:00:36+05:30,997.0,16,992.33,1721078,337417.0,351739.0,986.2,998.8,981.3,986.2,119419500,1084.8,887.6,1102.5,649.1,996.9,588,5,996.8,890,2,996.7,4366,9,996.6,2682,8,996.5,2560,14,997.0,2631,12,997.1,59,2,997.2,688,13,997.3,620,8,997.4,1306,14
317,2025-11-26 10:00:36+05:30,997.0,71,992.33,1721078,337417.0,351739.0,986.2,998.8,981.3,986.2,119419500,1084.8,887.6,1102.5,649.1,996.9,588,5,996.8,890,2,996.7,4366,9,996.6,2682,8,996.5,2560,14,997.0,2631,12,997.1,59,2,997.2,688,13,997.3,620,8,997.4,1306,14
317,2025-11-26 10:00:37+05:30,997.0,11,992.33,1721161,337542.0,351282.0,986.2,998.8,981.3,986.2,119419500,1084.8,887.6,1102.5,649.1,996.9,597,6,996.8,890,2,996.7,4364,8,996.6,2682,8,996.5,2577,15,997.0,2549,12,997.1,108,3,997.2,580,11,997.3,662,9,997.4,754,12
317,2025-11-26 10:00:37+05:30,997.0,11,992.33,1721161,337542.0,351282.0,986.2,998.8,981.3,986.2,119419500,1084.8,887.6,1102.5,649.1,996.9,597,6,996.8,890,2,996.7,4364,8,996.6,2682,8,996.5,2577,15,997.0,2549,12,997.1,108,3,997.2,580,11,997.3,662,9,997.4,754,12
317,2025-11-26 10:00:38+05:30,997.0,11,992.33,1721161,335159.0,351102.0,986.2,998.8,981.3,986.2,119419500,1084.8,887.6,1102.5,649.1,996.9,610,7,996.8,890,2,996.7,5931,12,996.6,2682,8,996.5,1827,14,997.0,2549,12,997.1,16,1,997.2,538,10,997.3,662,9,997.4,796,13
317,2025-11-26 10:00:38+05:30,996.9,34,992.33,1721161,335159.0,351102.0,986.2,998.8,981.3,986.2,119419500,1084.8,887.6,1102.5,649.1,996.9,610,7,996.8,890,2,996.7,5931,12,996.6,2682,8,996.5,1827,14,997.0,2549,12,997.1,16,1,997.2,538,10,997.3,662,9,997.4,796,13
317,2025-11-26 10:00:39+05:30,997.0,192,992.33,1721961,335820.0,348424.0,986.2,998.8,981.3,986.2,119419500,1084.8,887.6,1102.5,649.1,996.9,577,7,996.8,955,3,996.7,6292,15,996.6,2882,9,996.5,1827,14,997.0,1961,12,997.2,123,5,997.3,51,2,997.4,661,9,997.5,1813,17
317,2025-11-26 10:00:39+05:30,997.0,192,992.33,1721961,335820.0,348424.0,986.2,998.8,981.3,986.2,119419500,1084.8,887.6,1102.5,649.1,996.9,577,7,996.8,955,3,996.7,6292,15,996.6,2882,9,996.5,1827,14,997.0,1961,12,997.2,123,5,997.3,51,2,997.4,661,9,997.5,1813,17
317,2025-11-26 10:00:40+05:30,997.0,1,992.33,1721962,335755.0,349182.0,986.2,998.8,981.3,986.2,119419500,1084.8,887.6,1102.5,649.1,996.9,577,7,996.8,890,2,996.7,6292,15,996.6,2882,9,996.5,1827,14,997.0,1960,12,997.1,16,1,997.2,94,5,997.3,327,7,997.4,739,11
317,2025-11-26 10:00:40+05:30,997.0,10,992.33,1721962,335755.0,349182.0,986.2,998.8,981.3,986.2,119419500,1084.8,887.6,1102.5,649.1,996.9,577,7,996.8,890,2,996.7,6292,15,996.6,2882,9,996.5,1827,14,997.0,1960,12,997.1,16,1,997.2,94,5,997.3,327,7,997.4,739,11
317,2025-11-26 10:00:41+05:30,996.9,67,992.33,1722275,338613.0,349390.0,986.2,998.8,981.3,986.2,119419500,1084.8,887.6,1102.5,649.1,996.9,444,6,996.8,1705,4,996.7,5402,13,996.6,2900,11,996.5,1822,14,997.0,1920,12,997.1,16,1,997.2,170,6,997.3,413,8,997.4,752,12
317,2025-11-26 10:00:41+05:30,996.9,67,992.33,1722275,338613.0,349390.0,986.2,998.8,981.3,986.2,119419500,1084.8,887.6,1102.5,649.1,996.9,444,6,996.8,1705,4,996.7,5402,13,996.6,2900,11,996.5,1822,14,997.0,1920,12,997.1,16,1,997.2,170,6,997.3,413,8,997.4,752,12
317,2025-11-26 10:00:42+05:30,996.9,67,992.33,1722275,338528.0,349918.0,986.2,998.8,981.3,986.2,119419500,1084.8,887.6,1102.5,649.1,996.9,444,6,996.8,1640,3,996.7,5402,13,996.6,2900,11,996.5,1822,14,997.0,2233,13,997.1,59,2,997.2,275,8,997.3,435,8,997.4,752,12
317,2025-11-26 10:00:42+05:30,996.9,144,992.33,1722275,338528.0,349918.0,986.2,998.8,981.3,986.2,119419500,1084.8,887.6,1102.5,649.1,996.9,444,6,996.8,1640,3,996.7,5402,13,996.6,2900,11,996.5,1822,14,997.0,2233,13,997.1,59,2,997.2,275,8,997.3,435,8,997.4,752,12
317,2025-11-26 10:00:43+05:30,997.0,5,992.34,1722524,337692.0,350324.0,986.2,998.8,981.3,986.2,119419500,1084.8,887.6,1102.5,649.1,996.9,734,7,996.8,6187,10,996.7,1771,6,996.6,1958,10,996.5,1056,12,997.0,2128,13,997.1,59,2,997.2,306,7,997.3,611,9,997.4,798,14
317,2025-11-26 10:00:43+05:30,997.0,5,992.34,1722524,337692.0,350324.0,986.2,998.8,981.3,986.2,119419500,1084.8,887.6,1102.5,649.1,996.9,734,7,996.8,6187,10,996.7,1771,6,996.6,1958,10,996.5,1056,12,997.0,2128,13,997.1,59,2,997.2,306,7,997.3,611,9,997.4,798,14
317,2025-11-26 10:00:44+05:30,997.0,1,992.34,1723275,337728.0,350038.0,986.2,998.8,981.3,986.2,119419500,1084.8,887.6,1102.5,649.1,996.9,670,6,996.8,6123,9,996.7,1899,7,996.6,2141,10,996.5,1047,11,997.0,1988,13,997.1,59,2,997.2,178,6,997.3,675,10,997.4,757,13
317,2025-11-26 10:00:44+05:30,997.0,123,992.34,1723275,337728.0,350038.0,986.2,998.8,981.3,986.2,119419500,1084.8,887.6,1102.5,649.1,996.9,670,6,996.8,6123,9,996.7,1899,7,996.6,2141,10,996.5,1047,11,997.0,1988,13,997.1,59,2,997.2,178,6,997.3,675,10,997.4,757,13
317,2025-11-26 10:00:45+05:30,997.0,50,992.34,1724907,338447.0,349528.0,986.2,998.8,981.3,986.2,119419500,1084.8,887.6,1102.5,649.1,996.9,1359,5,996.8,4623,7,996.7,3399,9,996.6,2322,10,996.5,1056,12,997.0,2252,10,997.1,59,2,997.2,261,8,997.3,658,9,997.4,723,11
317,2025-11-26 10:00:45+05:30,997.0,212,992.34,1724907,338447.0,349528.0,986.2,998.8,981.3,986.2,119419500,1084.8,887.6,1102.5,649.1,996.9,1359,5,996.8,4623,7,996.7,3399,9,996.6,2322,10,996.5,1056,12,997.0,2252,10,997.1,59,2,997.2,261,8,997.3,658,9,997.4,723,11
317,2025-11-26 10:00:46+05:30,997.0,212,992.34,1725802,336033.0,348402.0,986.2,998.8,981.3,986.2,119419500,1084.8,887.6,1102.5,649.1,996.9,531,5,996.8,1704,4,996.7,4132,10,996.6,2327,9,996.5,1806,13,997.0,1934,11,997.1,16,1,997.2,147,6,997.3,593,8,997.4,658,10
317,2025-11-26 10:00:46+05:30,997.0,14,992.34,1725802,336033.0,348402.0,986.2,998.8,981.3,986.2,119419500,1084.8,887.6,1102.5,649.1,996.9,531,5,996.8,1704,4,996.7,4132,10,996.6,2327,9,996.5,1806,13,997.0,1934,11,997.1,16,1,997.2,147,6,997.3,593,8,997.4,658,10
317,2025-11-26 10:00:47+05:30,996.9,144,992.35,1726520,336828.0,348939.0,986.2,998.8,981.3,986.2,119419500,1084.8,887.6,1102.5,649.1,996.9,730,3,996.8,1500,2,996.7,4883,11,996.6,2106,7,996.5,1584,12,997.0,2185,13,997.1,59,2,997.2,278,9,997.3,618,8,997.4,772,13
317,2025-11-26 10:00:47+05:30,997.0,10,992.35,1726520,336828.0,348939.0,986.2,998.8,981.3,986.2,119419500,1084.8,887.6,1102.5,649.1,996.9,730,3,996.8,1500,2,996.7,4883,11,996.6,2106,7,996.5,1584,12,997.0,2185,13,997.1,59,2,997.2,278,9,997.3,618,8,997.4,772,13
317,2025-11-26 10:00:48+05:30,996.9,100,992.35,1726774,336485.0,349134.0,986.2,998.8,981.3,986.2,119419500,1084.8,887.6,1102.5,649.1,996.9,486,3,996.8,1500,2,996.7,4755,10,996.6,1906,6,996.5,1584,12,997.0,2175,13,997.1,59,2,997.2,342,10,997.3,661,9,997.4,733,12
317,2025-11-26 10:00:48+05:30,996.9,100,992.35,1726774,336485.0,349134.0,986.2,998.8,981.3,986.2,119419500,1084.8,887.6,1102.5,649.1,996.9,486,3,996.8,1500,2,996.7,4755,10,996.6,1906,6,996.5,1584,12,997.0,2175,13,997.1,59,2,997.2,342,10,997.3,661,9,997.4,733,12
317,2025-11-26 10:00:49+05:30,996.9,33,992.35,1726840,336439.0,349225.0,986.2,998.8,981.3,986.2,119419500,1084.8,887.6,1102.5,649.1,996.9,426,3,996.8,1500,2,996.7,4753,9,996.6,1906,6,996.5,1584,12,997.0,2402,15,997.1,59,2,997.2,342,10,997.3,661,9,997.4,733,12
317,2025-11-26 10:00:49+05:30,996.9,33,992.35,1726840,336439.0,349225.0,986.2,998.8,981.3,986.2,119419500,1084.8,887.6,1102.5,649.1,996.9,426,3,996.8,1500,2,996.7,4753,9,996.6,1906,6,996.5,1584,12,997.0,2402,15,997.1,59,2,997.2,342,10,997.3,661,9,997.4,733,12
317,2025-11-26 10:00:50+05:30,997.0,2,992.35,1726842,336131.0,349311.0,986.2,998.8,981.3,986.2,119419500,1084.8,887.6,1102.5,649.1,996.9,426,3,996.8,1500,2,996.7,4753,9,996.6,1906,6,996.5,1584,12,997.0,2420,16,997.1,100,3,997.2,301,9,997.3,666,10,997.4,733,12
317,2025-11-26 10:00:50+05:30,997.0,2,992.35,1726842,336131.0,349311.0,986.2,998.8,981.3,986.2,119419500,1084.8,887.6,1102.5,649.1,996.9,426,3,996.8,1500,2,996.7,4753,9,996.6,1906,6,996.5,1584,12,997.0,2420,16,997.1,100,3,997.2,301,9,997.3,666,10,997.4,733,12
317,2025-11-26 10:00:51+05:30,997.0,1,992.35,1726843,336096.0,349147.0,986.2,998.8,981.3,986.2,119419500,1084.8,887.6,1102.5,649.1,996.9,426,3,996.8,1500,2,996.7,4753,9,996.6,1936,7,996.5,1584,12,997.0,2419,16,997.1,59,2,997.2,278,9,997.3,663,10,997.4,758,13
317,2025-11-26 10:00:51+05:30,997.0,1,992.35,1726843,336096.0,349147.0,986.2,998.8,981.3,986.2,119419500,1084.8,887.6,1102.5,649.1,996.9,426,3,996.8,1500,2,996.7,4753,9,996.6,1936,7,996.5,1584,12,997.0,2419,16,997.1,59,2,997.2,278,9,997.3,663,10,997.4,758,13
317,2025-11-26 10:00:52+05:30,997.0,148,992.35,1727019,336012.0,349084.0,986.2,998.8,981.3,986.2,119419500,1084.8,887.6,1102.5,649.1,996.9,455,5,996.8,1562,3,996.7,4755,10,996.6,1936,7,996.5,1584,12,997.0,2270,14,997.1,184,3,997.2,462,10,997.3,601,9,997.4,758,13
317,2025-11-26 10:00:52+05:30,997.0,148,992.35,1727019,336012.0,349084.0,986.2,998.8,981.3,986.2,119419500,1084.8,887.6,1102.5,649.1,996.9,455,5,996.8,1562,3,996.7,4755,10,996.6,1936,7,996.5,1584,12,997.0,2270,14,997.1,184,3,997.2,462,10,997.3,601,9,997.4,758,13
317,2025-11-26 10:00:53+05:30,996.9,144,992.35,1727275,335628.0,348959.0,986.2,998.8,981.3,986.2,119419500,1084.8,887.6,1102.5,649.1,996.9,311,5,996.8,1500,2,996.7,4504,7,996.6,1793,4,996.5,1556,9,997.0,2158,14,997.1,149,4,997.2,380,8,997.3,703,11,997.4,758,13
317,2025-11-26 10:00:53+05:30,997.0,10,992.35,1727275,335628.0,348959.0,986.2,998.8,981.3,986.2,119419500,1084.8,887.6,1102.5,649.1,996.9,311,5,996.8,1500,2,996.7,4504,7,996.6,1793,4,996.5,1556,9,997.0,2158,14,997.1,149,4,997.2,380,8,997.3,703,11,997.4,758,13
317,2025-11-26 10:00:54+05:30,996.9,2,992.35,1727535,336130.0,348803.0,986.2,998.8,981.3,986.2,119419500,1084.8,887.6,1102.5,649.1,996.9,77,4,996.8,1500,2,996.7,5627,11,996.6,2084,8,996.5,1592,12,997.0,2026,14,997.1,59,2,997.2,421,9,997.3,702,11,997.4,758,13
317,2025-11-26 10:00:54+05:30,996.9,2,992.35,1727535,336130.0,348803.0,986.2,998.8,981.3,986.2,119419500,1084.8,887.6,1102.5,649.1,996.9,77,4,996.8,1500,2,996.7,5627,11,996.6,2084,8,996.5,1592,12,997.0,2026,14,997.1,59,2,997.2,421,9,997.3,702,11,997.4,758,13
317,2025-11-26 10:00:55+05:30,997.0,2,992.35,1727537,337119.0,348800.0,986.2,998.8,981.3,986.2,119419500,1084.8,887.6,1102.5,649.1,996.9,827,5,996.8,1560,3,996.7,5627,11,996.6,2133,9,996.5,1592,12,997.0,2024,14,997.1,59,2,997.2,421,9,997.3,661,10,997.4,799,14
317,2025-11-26 10:00:55+05:30,997.0,44,992.35,1727537,337119.0,348800.0,986.2,998.8,981.3,986.2,119419500,1084.8,887.6,1102.5,649.1,996.9,827,5,996.8,1560,3,996.7,5627,11,996.6,2133,9,996.5,1592,12,997.0,2024,14,997.1,59,2,997.2,421,9,997.3,661,10,997.4,799,14
317,2025-11-26 10:00:56+05:30,997.0,44,992.35,1727670,337314.0,348467.0,986.2,998.8,981.3,986.2,119419500,1084.8,887.6,1102.5,649.1,996.9,886,6,996.8,1560,3,996.7,5821,13,996.6,2327,10,996.5,1592,12,997.0,1891,14,997.1,16,1,997.2,83,5,997.3,697,10,997.4,789,13
317,2025-11-26 10:00:56+05:30,997.0,44,992.35,1727670,337314.0,348467.0,986.2,998.8,981.3,986.2,119419500,1084.8,887.6,1102.5,649.1,996.9,886,6,996.8,1560,3,996.7,5821,13,996.6,2327,10,996.5,1592,12,997.0,1891,14,997.1,16,1,997.2,83,5,997.3,697,10,997.4,789,13
317,2025-11-26 10:00:57+05:30,997.0,5,992.35,1727686,337438.0,347827.0,986.2,998.8,981.3,986.2,119419500,1084.8,887.6,1102.5,649.1,996.9,876,6,996.8,1921,6,996.7,5821,13,996.6,2327,10,996.5,1592,12,997.0,1885,14,997.1,16,1,997.2,65,4,997.3,440,8,997.4,586,10
317,2025-11-26 10:00:57+05:30,997.0,5,992.35,1727686,337438.0,347827.0,986.2,998.8,981.3,986.2,119419500,1084.8,887.6,1102.5,649.1,996.9,876,6,996.8,1921,6,996.7,5821,13,996.6,2327,10,996.5,1592,12,997.0,1885,14,997.1,16,1,997.2,65,4,997.3,440,8,997.4,586,10
317,2025-11-26 10:00:58+05:30,997.0,5,992.35,1727686,337438.0,347827.0,986.2,998.8,981.3,986.2,119419500,1084.8,887.6,1102.5,649.1,996.9,876,6,996.8,1921,6,996.7,5821,13,996.6,2327,10,996.5,1592,12,997.0,1885,14,997.1,16,1,997.2,65,4,997.3,440,8,997.4,586,10
317,2025-11-26 10:00:58+05:30,997.0,44,992.35,1727774,337636.0,347698.0,986.2,998.8,981.3,986.2,119419500,1084.8,887.6,1102.5,649.1,996.9,875,6,996.8,1737,5,996.7,5821,13,996.6,2327,10,996.5,1566,10,997.0,1797,14,997.1,16,1,997.2,106,5,997.3,455,9,997.4,616,11
317,2025-11-26 10:00:58+05:30,997.0,44,992.35,1727774,337636.0,347698.0,986.2,998.8,981.3,986.2,119419500,1084.8,887.6,1102.5,649.1,996.9,875,6,996.8,1737,5,996.7,5821,13,996.6,2327,10,996.5,1566,10,997.0,1797,14,997.1,16,1,997.2,106,5,997.3,455,9,997.4,616,11
317,2025-11-26 10:00:58+05:30,997.0,44,992.35,1727774,337636.0,347698.0,986.2,998.8,981.3,986.2,119419500,1084.8,887.6,1102.5,649.1,996.9,875,6,996.8,1737,5,996.7,5821,13,996.6,2327,10,996.5,1566,10,997.0,1797,14,997.1,16,1,997.2,106,5,997.3,455,9,997.4,616,11
317,2025-11-26 10:00:59+05:30,997.0,44,992.35,1727774,337636.0,347698.0,986.2,998.8,981.3,986.2,119419500,1084.8,887.6,1102.5,649.1,996.9,875,6,996.8,1737,5,996.7,5821,13,996.6,2327,10,996.5,1566,10,997.0,1797,14,997.1,16,1,997.2,106,5,997.3,455,9,997.4,616,11
317,2025-11-26 10:00:59+05:30,997.0,44,992.35,1727774,337636.0,347698.0,986.2,998.8,981.3,986.2,119419500,1084.8,887.6,1102.5,649.1,996.9,875,6,996.8,1737,5,996.7,5821,13,996.6,2327,10,996.5,1566,10,997.0,1797,14,997.1,16,1,997.2,106,5,997.3,455,9,997.4,616,11
317,2025-11-26 10:00:59+05:30,997.0,44,992.35,1727774,337636.0,347698.0,986.2,998.8,981.3,986.2,119419500,1084.8,887.6,1102.5,649.1,996.9,875,6,996.8,1737,5,996.7,5821,13,996.6,2327,10,996.5,1566,10,997.0,1797,14,997.1,16,1,997.2,106,5,997.3,455,9,997.4,616,11
317,2025-11-26 10:00:59+05:30,997.0,44,992.35,1728051,337848.0,348643.0,986.2,998.8,981.3,986.2,119419500,1084.8,887.6,1102.5,649.1,996.9,751,3,996.8,1921,6,996.7,5676,12,996.6,2150,10,996.5,1793,13,997.0,1664,14,997.1,16,1,997.2,65,4,997.3,496,10,997.4,616,11
317,2025-11-26 10:00:59+05:30,997.0,44,992.35,1728051,337848.0,348643.0,986.2,998.8,981.3,986.2,119419500,1084.8,887.6,1102.5,649.1,996.9,751,3,996.8,1921,6,996.7,5676,12,996.6,2150,10,996.5,1793,13,997.0,1664,14,997.1,16,1,997.2,65,4,997.3,496,10,997.4,616,11
317,2025-11-26 10:01:00+05:30,997.0,44,992.35,1728051,337848.0,348643.0,986.2,998.8,981.3,986.2,119419500,1084.8,887.6,1102.5,649.1,996.9,751,3,996.8,1921,6,996.7,5676,12,996.6,2150,10,996.5,1793,13,997.0,1664,14,997.1,16,1,997.2,65,4,997.3,496,10,997.4,616,11
317,2025-11-26 10:01:00+05:30,997.0,5,992.35,1728051,337848.0,348643.0,986.2,998.8,981.3,986.2,119419500,1084.8,887.6,1102.5,649.1,996.9,751,3,996.8,1921,6,996.7,5676,12,996.6,2150,10,996.5,1793,13,997.0,1664,14,997.1,16,1,997.2,65,4,997.3,496,10,997.4,616,11
317,2025-11-26 10:01:00+05:30,997.0,32,992.35,1728288,337146.0,349148.0,986.2,998.8,981.3,986.2,119419500,1084.8,887.6,1102.5,649.1,996.9,693,2,996.8,1500,2,996.7,5487,10,996.6,2321,10,996.5,1767,11,997.0,2848,15,997.2,138,5,997.3,364,5,997.4,590,9,997.5,1222,15
317,2025-11-26 10:01:00+05:30,997.0,32,992.35,1728288,337146.0,349148.0,986.2,998.8,981.3,986.2,119419500,1084.8,887.6,1102.5,649.1,996.9,693,2,996.8,1500,2,996.7,5487,10,996.6,2321,10,996.5,1767,11,997.0,2848,15,997.2,138,5,997.3,364,5,997.4,590,9,997.5,1222,15
317,2025-11-26 10:01:01+05:30,997.0,32,992.35,1728288,337146.0,349148.0,986.2,998.8,981.3,986.2,119419500,1084.8,887.6,1102.5,649.1,996.9,693,2,996.8,1500,2,996.7,5487,10,996.6,2321,10,996.5,1767,11,997.0,2848,15,997.2,138,5,997.3,364,5,997.4,590,9,997.5,1222,15
317,2025-11-26 10:01:01+05:30,997.0,32,992.35,1728288,337146.0,349148.0,986.2,998.8,981.3,986.2,119455500,1084.8,887.6,1102.5,649.1,996.9,693,2,996.8,1500,2,996.7,5487,10,996.6,2321,10,996.5,1767,11,997.0,2848,15,997.2,138,5,997.3,364,5,997.4,590,9,997.5,1222,15
317,2025-11-26 10:01:01+05:30,997.0,5,992.35,1728288,337146.0,349148.0,986.2,998.8,981.3,986.2,119455500,1084.8,887.6,1102.5,649.1,996.9,693,2,996.8,1500,2,996.7,5487,10,996.6,2321,10,996.5,1767,11,997.0,2848,15,997.2,138,5,997.3,364,5,997.4,590,9,997.5,1222,15
317,2025-11-26 10:01:01+05:30,997.0,5,992.35,1728288,337146.0,349148.0,986.2,998.8,981.3,986.2,119455500,1084.8,887.6,1102.5,649.1,996.9,693,2,996.8,1500,2,996.7,5487,10,996.6,2321,10,996.5,1767,11,997.0,2848,15,997.2,138,5,997.3,364,5,997.4,590,9,997.5,1222,15
317,2025-11-26 10:01:01+05:30,997.0,5,992.35,1728293,337499.0,349327.0,986.2,998.8,981.3,986.2,119455500,1084.8,887.6,1102.5,649.1,996.9,693,2,996.8,1500,2,996.7,5541,11,996.6,2338,11,996.5,1793,13,997.0,2894,16,997.1,59,2,997.2,108,5,997.3,425,8,997.4,626,12
317,2025-11-26 10:01:01+05:30,997.0,5,992.35,1728293,337499.0,349327.0,986.2,998.8,981.3,986.2,119455500,1084.8,887.6,1102.5,649.1,996.9,693,2,996.8,1500,2,996.7,5541,11,996.6,2338,11,996.5,1793,13,997.0,2894,16,997.1,59,2,997.2,108,5,997.3,425,8,997.4,626,12
317,2025-11-26 10:01:02+05:30,997.0,5,992.35,1728293,337499.0,349327.0,986.2,998.8,981.3,986.2,119455500,1084.8,887.6,1102.5,649.1,996.9,693,2,996.8,1500,2,996.7,5541,11,996.6,2338,11,996.5,1793,13,997.0,2894,16,997.1,59,2,997.2,108,5,997.3,425,8,997.4,626,12
317,2025-11-26 10:01:02+05:30,997.0,5,992.35,1728298,338303.0,349270.0,986.2,998.8,981.3,986.2,119455500,1084.8,887.6,1102.5,649.1,996.9,693,2,996.8,1554,3,996.7,6291,12,996.6,2338,11,996.5,1793,13,997.0,2890,17,997.1,16,1,997.2,337,7,997.3,425,8,997.4,626,12
317,2025-11-26 10:01:04+05:30,997.0,5,992.35,1728298,338321.0,349301.0,986.2,998.8,981.3,986.2,119455500,1084.8,887.6,1102.5,649.1,996.9,693,2,996.8,1554,3,996.7,6291,12,996.6,2338,11,996.5,1793,13,997.0,2890,17,997.1,16,1,997.2,386,8,997.3,425,8,997.4,626,12
317,2025-11-26 10:01:05+05:30,997.0,5,992.35,1728298,338326.0,349447.0,986.2,998.8,981.3,986.2,119455500,1084.8,887.6,1102.5,649.1,996.9,693,2,996.8,1554,3,996.7,6291,12,996.6,2338,11,996.5,1793,13,997.0,2890,17,997.1,16,1,997.2,386,8,997.3,425,8,997.4,626,12
317,2025-11-26 10:01:05+05:30,996.9,101,992.35,1728298,338326.0,349447.0,986.2,998.8,981.3,986.2,119455500,1084.8,887.6,1102.5,649.1,996.9,693,2,996.8,1554,3,996.7,6291,12,996.6,2338,11,996.5,1793,13,997.0,2890,17,997.1,16,1,997.2,386,8,997.3,425,8,997.4,626,12
317,2025-11-26 10:01:06+05:30,997.0,13,992.35,1728434,338282.0,349652.0,986.2,998.8,981.3,986.2,119455500,1084.8,887.6,1102.5,649.1,996.9,618,4,996.8,1554,3,996.7,6107,11,996.6,2338,11,996.5,1793,13,997.0,2915,17,997.1,16,1,997.2,300,6,997.3,511,10,997.4,626,12
317,2025-11-26 10:01:06+05:30,997.0,28,992.35,1728434,338282.0,349652.0,986.2,998.8,981.3,986.2,119455500,1084.8,887.6,1102.5,649.1,996.9,618,4,996.8,1554,3,996.7,6107,11,996.6,2338,11,996.5,1793,13,997.0,2915,17,997.1,16,1,997.2,300,6,997.3,511,10,997.4,626,12
317,2025-11-26 10:01:07+05:30,997.0,45,992.35,1728574,338725.0,349424.0,986.2,998.8,981.3,986.2,119455500,1084.8,887.6,1102.5,649.1,996.9,684,6,996.8,1731,5,996.7,6493,13,996.6,2338,11,996.5,1793,13,997.0,2808,17,997.1,16,1,997.2,294,6,997.3,395,8,997.4,659,12
317,2025-11-26 10:01:07+05:30,997.0,44,992.35,1728574,338725.0,349424.0,986.2,998.8,981.3,986.2,119455500,1084.8,887.6,1102.5,649.1,996.9,684,6,996.8,1731,5,996.7,6493,13,996.6,2338,11,996.5,1793,13,997.0,2808,17,997.1,16,1,997.2,294,6,997.3,395,8,997.4,659,12
317,2025-11-26 10:01:08+05:30,997.0,2,992.35,1728664,338725.0,348411.0,986.2,998.8,981.3,986.2,119455500,1084.8,887.6,1102.5,649.1,996.9,684,6,996.8,1731,5,996.7,6493,13,996.6,2338,11,996.5,1793,13,997.0,2158,17,997.1,16,1,997.2,65,4,997.3,328,7,997.4,940,11
317,2025-11-26 10:01:08+05:30,996.9,144,992.35,1728664,338725.0,348411.0,986.2,998.8,981.3,986.2,119455500,1084.8,887.6,1102.5,649.1,996.9,684,6,996.8,1731,5,996.7,6493,13,996.6,2338,11,996.5,1793,13,997.0,2158,17,997.1,16,1,997.2,65,4,997.3,328,7,997.4,940,11
317,2025-11-26 10:01:09+05:30,996.9,80,992.35,1728888,338271.0,348467.0,986.2,998.8,981.3,986.2,119455500,1084.8,887.6,1102.5,649.1,996.9,407,5,996.8,1549,3,996.7,6493,13,996.6,2338,11,996.5,1783,12,997.0,2159,18,997.1,16,1,997.2,337,7,997.3,347,8,997.4,897,10
317,2025-11-26 10:01:09+05:30,996.9,80,992.35,1728888,338271.0,348467.0,986.2,998.8,981.3,986.2,119455500,1084.8,887.6,1102.5,649.1,996.9,407,5,996.8,1549,3,996.7,6493,13,996.6,2338,11,996.5,1783,12,997.0,2159,18,997.1,16,1,997.2,337,7,997.3,347,8,997.4,897,10
317,2025-11-26 10:01:10+05:30,997.2,8,992.36,1732816,338158.0,341514.0,986.2,998.8,981.3,986.2,119455500,1084.8,887.6,1102.5,649.1,997.2,186,1,997.0,1018,6,996.9,945,11,996.8,6951,19,996.7,3142,12,997.4,34,3,997.5,428,9,997.6,604,5,997.7,1807,9,997.8,1137,13
317,2025-11-26 10:01:10+05:30,997.1,1,992.36,1732816,338158.0,341514.0,986.2,998.8,981.3,986.2,119455500,1084.8,887.6,1102.5,649.1,997.2,186,1,997.0,1018,6,996.9,945,11,996.8,6951,19,996.7,3142,12,997.4,34,3,997.5,428,9,997.6,604,5,997.7,1807,9,997.8,1137,13
317,2025-11-26 10:01:11+05:30,997.1,42,992.42,1754262,329048.0,346480.0,986.2,998.8,981.3,986.2,119455500,1084.8,887.6,1102.5,649.1,996.8,87,1,996.7,1282,5,996.6,1373,6,996.5,2443,11,996.4,1351,9,997.2,413,7,997.3,792,10,997.4,1273,13,997.5,1726,17,997.6,2440,18
317,2025-11-26 10:01:11+05:30,997.1,42,992.42,1754262,329048.0,346480.0,986.2,998.8,981.3,986.2,119455500,1084.8,887.6,1102.5,649.1,996.8,87,1,996.7,1282,5,996.6,1373,6,996.5,2443,11,996.4,1351,9,997.2,413,7,997.3,792,10,997.4,1273,13,997.5,1726,17,997.6,2440,18
317,2025-11-26 10:01:12+05:30,996.9,63,992.42,1754262,329048.0,346480.0,986.2,998.8,981.3,986.2,119455500,1084.8,887.6,1102.5,649.1,996.8,87,1,996.7,1282,5,996.6,1373,6,996.5,2443,11,996.4,1351,9,997.2,413,7,997.3,792,10,997.4,1273,13,997.5,1726,17,997.6,2440,18
317,2025-11-26 10:01:12+05:30,996.9,63,992.43,1759099,334698.0,343727.0,986.2,998.8,981.3,986.2,119455500,1084.8,887.6,1102.5,649.1,997.0,1600,4,996.9,130,3,996.8,4165,11,996.7,2847,12,996.6,1647,11,997.3,64,1,997.4,345,8,997.5,723,11,997.6,1114,17,997.7,1816,14
317,2025-11-26 10:01:13+05:30,997.0,112,992.43,1759099,334698.0,343727.0,986.2,998.8,981.3,986.2,119455500,1084.8,887.6,1102.5,649.1,997.0,1600,4,996.9,130,3,996.8,4165,11,996.7,2847,12,996.6,1647,11,997.3,64,1,997.4,345,8,997.5,723,11,997.6,1114,17,997.7,1816,14
317,2025-11-26 10:01:13+05:30,997.0,112,992.45,1766793,334474.0,345945.0,986.2,998.8,981.3,986.2,119455500,1084.8,887.6,1102.5,649.1,996.9,2073,3,996.8,229,3,996.7,1222,6,996.6,2123,7,996.5,1990,17,997.2,44,1,997.3,596,7,997.4,769,12,997.5,1253,16,997.6,1358,15
317,2025-11-26 10:01:14+05:30,997.2,44,992.45,1766793,334474.0,345945.0,986.2,998.8,981.3,986.2,119455500,1084.8,887.6,1102.5,649.1,996.9,2073,3,996.8,229,3,996.7,1222,6,996.6,2123,7,996.5,1990,17,997.2,44,1,997.3,596,7,997.4,769,12,997.5,1253,16,997.6,1358,15
317,2025-11-26 10:01:14+05:30,997.2,44,992.46,1770263,333777.0,345802.0,986.2,998.8,981.3,986.2,119455500,1084.8,887.6,1102.5,649.1,996.8,1857,7,996.7,2173,9,996.6,425,5,996.5,2950,16,996.4,1665,10,997.3,522,6,997.4,751,8,997.5,1377,18,997.6,1953,17,997.7,2041,16
317,2025-11-26 10:01:15+05:30,997.0,1453,992.46,1770263,333777.0,345802.0,986.2,998.8,981.3,986.2,119455500,1084.8,887.6,1102.5,649.1,996.8,1857,7,996.7,2173,9,996.6,425,5,996.5,2950,16,996.4,1665,10,997.3,522,6,997.4,751,8,997.5,1377,18,997.6,1953,17,997.7,2041,16
317,2025-11-26 10:01:15+05:30,996.8,32,992.48,1776919,324378.0,338511.0,986.2,998.8,981.3,986.2,119455500,1084.8,887.6,1102.5,649.1,996.8,32,1,996.7,1500,2,996.6,1609,3,996.5,1120,4,996.4,1036,4,997.0,1833,7,997.1,506,5,997.2,665,7,997.3,1100,7,997.4,742,12
317,2025-11-26 10:01:16+05:30,996.7,63,992.48,1776919,324378.0,338511.0,986.2,998.8,981.3,986.2,119455500,1084.8,887.6,1102.5,649.1,996.8,32,1,996.7,1500,2,996.6,1609,3,996.5,1120,4,996.4,1036,4,997.0,1833,7,997.1,506,5,997.2,665,7,997.3,1100,7,997.4,742,12
317,2025-11-26 10:01:16+05:30,996.7,63,992.48,1778278,320990.0,340272.0,986.2,998.8,981.3,986.2,119455500,1084.8,887.6,1102.5,649.1,996.8,28,1,996.7,51,1,996.6,107,1,996.5,1385,5,996.4,3345,11,997.0,1930,7,997.1,545,7,997.2,783,11,997.3,765,9,997.4,1793,17
317,2025-11-26 10:01:17+05:30,996.8,144,992.48,1778278,320990.0,340272.0,986.2,998.8,981.3,986.2,119455500,1084.8,887.6,1102.5,649.1,996.8,28,1,996.7,51,1,996.6,107,1,996.5,1385,5,996.4,3345,11,997.0,1930,7,997.1,545,7,997.2,783,11,997.3,765,9,997.4,1793,17
317,2025-11-26 10:01:17+05:30,996.8,63,992.48,1779838,323189.0,338561.0,986.2,998.8,981.3,986.2,119455500,1084.8,887.6,1102.5,649.1,996.8,390,2,996.7,1214,3,996.6,2384,5,996.5,1950,7,996.4,1373,11,997.0,615,5,997.1,550,6,997.2,824,12,997.3,1122,10,997.4,1505,19
317,2025-11-26 10:01:18+05:30,996.8,54,992.48,1779838,323189.0,338561.0,986.2,998.8,981.3,986.2,119455500,1084.8,887.6,1102.5,649.1,996.8,390,2,996.7,1214,3,996.6,2384,5,996.5,1950,7,996.4,1373,11,997.0,615,5,997.1,550,6,997.2,824,12,997.3,1122,10,997.4,1505,19
317,2025-11-26 10:01:18+05:30,996.8,54,992.49,1780254,321031.0,339622.0,986.2,998.8,981.3,986.2,119455500,1084.8,887.6,1102.5,649.1,996.8,28,1,996.7,51,1,996.6,107,1,996.5,1376,4,996.4,3610,13,997.0,1146,11,997.1,506,5,997.2,930,12,997.3,1474,12,997.4,2026,19
317,2025-11-26 10:01:19+05:30,996.6,45,992.49,1780254,321031.0,339622.0,986.2,998.8,981.3,986.2,119455500,1084.8,887.6,1102.5,649.1,996.8,28,1,996.7,51,1,996.6,107,1,996.5,1376,4,996.4,3610,13,997.0,1146,11,997.1,506,5,997.2,930,12,997.3,1474,12,997.4,2026,19
317,2025-11-26 10:01:20+05:30,996.6,45,992.49,1780403,320967.0,339969.0,986.2,998.8,981.3,986.2,119455500,1084.8,887.6,1102.5,649.1,996.6,825,3,996.5,1376,4,996.4,3586,12,996.3,2851,16,996.2,1555,11,997.0,850,7,997.1,744,8,997.2,930,12,997.3,1583,13,997.4,1926,19
317,2025-11-26 10:01:20+05:30,996.6,45,992.49,1780403,331591.0,340000.0,986.2,998.8,981.3,986.2,119455500,1084.8,887.6,1102.5,649.1,996.6,838,4,996.5,1376,4,996.4,3586,12,996.3,2851,16,996.2,1555,11,997.0,877,8,997.1,744,8,997.2,930,12,997.3,1587,14,997.4,1926,19
317,2025-11-26 10:01:21+05:30,996.6,45,992.49,1780403,340544.0,340047.0,986.2,998.8,981.3,986.2,119455500,1084.8,887.6,1102.5,649.1,996.6,839,5,996.5,1376,4,996.4,3586,12,996.3,2851,16,996.2,1555,11,997.0,877,8,997.1,771,9,997.2,930,12,997.3,1587,14,997.4,1926,19
317,2025-11-26 10:01:22+05:30,996.6,45,992.49,1780403,340519.0,359825.0,986.2,998.8,981.3,986.2,119455500,1084.8,887.6,1102.5,649.1,996.6,814,4,996.5,1376,4,996.4,3586,12,996.3,2851,16,996.2,1555,11,997.0,1423,9,997.1,771,9,997.2,930,12,997.3,1037,13,997.4,1926,19
317,2025-11-26 10:01:23+05:30,996.6,1,992.49,1780403,340519.0,359825.0,986.2,998.8,981.3,986.2,119455500,1084.8,887.6,1102.5,649.1,996.6,814,4,996.5,1376,4,996.4,3586,12,996.3,2851,16,996.2,1555,11,997.0,1423,9,997.1,771,9,997.2,930,12,997.3,1037,13,997.4,1926,19
317,2025-11-26 10:01:24+05:30,996.6,1,992.49,1780548,340878.0,359052.0,986.2,998.8,981.3,986.2,119455500,1084.8,887.6,1102.5,649.1,996.6,741,5,996.5,1408,6,996.4,3586,12,996.3,2843,15,996.2,1555,11,997.0,1373,9,997.1,771,9,997.2,925,11,997.3,821,10,997.4,1235,17
317,2025-11-26 10:01:25+05:30,996.6,1,992.49,1780548,340850.0,359086.0,986.2,998.8,981.3,986.2,119455500,1084.8,887.6,1102.5,649.1,996.6,713,4,996.5,1408,6,996.4,3586,12,996.3,2843,15,996.2,1555,11,997.0,1574,11,997.1,770,9,997.2,925,11,997.3,765,9,997.4,1704,17
317,2025-11-26 10:01:25+05:30,996.6,1,992.49,1780548,340850.0,359086.0,986.2,998.8,981.3,986.2,119455500,1084.8,887.6,1102.5,649.1,996.6,713,4,996.5,1408,6,996.4,3586,12,996.3,2843,15,996.2,1555,11,997.0,1574,11,997.1,770,9,997.2,925,11,997.3,765,9,997.4,1704,17
317,2025-11-26 10:01:26+05:30,997.0,44,992.49,1780681,340800.0,358582.0,986.2,998.8,981.3,986.2,119455500,1084.8,887.6,1102.5,649.1,996.6,742,5,996.5,1613,7,996.4,3629,13,996.3,2843,15,996.2,1555,11,997.0,546,6,997.1,726,8,997.2,925,11,997.3,1309,11,997.4,1363,15
317,2025-11-26 10:01:26+05:30,997.0,44,992.49,1780681,340800.0,358582.0,986.2,998.8,981.3,986.2,119455500,1084.8,887.6,1102.5,649.1,996.6,742,5,996.5,1613,7,996.4,3629,13,996.3,2843,15,996.2,1555,11,997.0,546,6,997.1,726,8,997.2,925,11,997.3,1309,11,997.4,1363,15
317,2025-11-26 10:01:27+05:30,997.0,44,992.49,1780725,340888.0,358261.0,986.2,998.8,981.3,986.2,119455500,1084.8,887.6,1102.5,649.1,996.6,985,7,996.5,1656,8,996.4,3586,12,996.3,2843,15,996.2,1555,11,997.0,684,7,997.1,726,8,997.2,925,11,997.3,1359,11,997.4,1070,13
317,2025-11-26 10:01:27+05:30,996.6,139,992.49,1780725,340888.0,358261.0,986.2,998.8,981.3,986.2,119455500,1084.8,887.6,1102.5,649.1,996.6,985,7,996.5,1656,8,996.4,3586,12,996.3,2843,15,996.2,1555,11,997.0,684,7,997.1,726,8,997.2,925,11,997.3,1359,11,997.4,1070,13
317,2025-11-26 10:01:28+05:30,996.6,139,992.49,1780864,340471.0,358530.0,986.2,998.8,981.3,986.2,119455500,1084.8,887.6,1102.5,649.1,996.6,794,6,996.5,1605,6,996.4,3600,13,996.3,2843,15,996.2,1555,11,997.0,791,8,997.1,769,9,997.2,946,12,997.3,1176,10,997.4,1598,16
317,2025-11-26 10:01:29+05:30,996.6,139,992.49,1780864,340471.0,358551.0,986.2,998.8,981.3,986.2,119455500,1084.8,887.6,1102.5,649.1,996.6,794,6,996.5,1605,6,996.4,3600,13,996.3,2843,15,996.2,1555,11,997.0,862,8,997.1,726,8,997.2,989,13,997.3,1176,10,997.4,1598,16
317,2025-11-26 10:01:29+05:30,996.6,145,992.49,1780864,340471.0,358551.0,986.2,998.8,981.3,986.2,119455500,1084.8,887.6,1102.5,649.1,996.6,794,6,996.5,1605,6,996.4,3600,13,996.3,2843,15,996.2,1555,11,997.0,862,8,997.1,726,8,997.2,989,13,997.3,1176,10,997.4,1598,16
317,2025-11-26 10:01:30+05:30,997.0,50,992.49,1781061,340533.0,358364.0,986.2,998.8,981.3,986.2,119455500,1084.8,887.6,1102.5,649.1,996.6,647,6,996.5,1455,5,996.4,3643,14,996.3,2843,15,996.2,1555,11,997.0,897,9,997.1,726,8,997.2,973,13,997.3,1208,11,997.4,1565,14
317,2025-11-26 10:01:30+05:30,997.0,50,992.49,1781061,340533.0,358364.0,986.2,998.8,981.3,986.2,119455500,1084.8,887.6,1102.5,649.1,996.6,647,6,996.5,1455,5,996.4,3643,14,996.3,2843,15,996.2,1555,11,997.0,897,9,997.1,726,8,997.2,973,13,997.3,1208,11,997.4,1565,14
317,2025-11-26 10:01:31+05:30,996.6,5,992.49,1781096,340834.0,358602.0,986.2,998.8,981.3,986.2,119455500,1084.8,887.6,1102.5,649.1,996.6,848,9,996.5,1601,7,996.4,3703,14,996.3,2843,15,996.2,1555,11,997.0,867,9,997.1,647,7,997.2,973,13,997.3,1241,13,997.4,1611,17
317,2025-11-26 10:01:31+05:30,996.6,5,992.49,1781096,340834.0,358602.0,986.2,998.8,981.3,986.2,119455500,1084.8,887.6,1102.5,649.1,996.6,848,9,996.5,1601,7,996.4,3703,14,996.3,2843,15,996.2,1555,11,997.0,867,9,997.1,647,7,997.2,973,13,997.3,1241,13,997.4,1611,17
317,2025-11-26 10:01:32+05:30,996.6,25,992.49,1781209,340870.0,357913.0,986.2,998.8,981.3,986.2,119455500,1084.8,887.6,1102.5,649.1,996.6,693,6,996.5,1757,8,996.4,3703,14,996.3,2843,15,996.2,1555,11,997.0,597,8,997.1,1289,9,997.2,925,11,997.3,722,12,997.4,1292,16
317,2025-11-26 10:01:32+05:30,996.6,25,992.49,1781209,340870.0,357913.0,986.2,998.8,981.3,986.2,119455500,1084.8,887.6,1102.5,649.1,996.6,693,6,996.5,1757,8,996.4,3703,14,996.3,2843,15,996.2,1555,11,997.0,597,8,997.1,1289,9,997.2,925,11,997.3,722,12,997.4,1292,16
317,2025-11-26 10:01:33+05:30,997.0,1,992.49,1781778,341600.0,355842.0,986.2,998.8,981.3,986.2,119455500,1084.8,887.6,1102.5,649.1,996.7,637,7,996.6,1479,13,996.5,1793,8,996.4,3577,11,996.3,2871,16,997.1,27,1,997.2,337,4,997.3,868,9,997.4,1258,15,997.5,1208,17
317,2025-11-26 10:01:33+05:30,997.2,108,992.49,1781778,341600.0,355842.0,986.2,998.8,981.3,986.2,119455500,1084.8,887.6,1102.5,649.1,996.7,637,7,996.6,1479,13,996.5,1793,8,996.4,3577,11,996.3,2871,16,997.1,27,1,997.2,337,4,997.3,868,9,997.4,1258,15,997.5,1208,17
317,2025-11-26 10:01:34+05:30,997.0,13,992.49,1782809,344900.0,353610.0,986.2,998.8,981.3,986.2,119455500,1084.8,887.6,1102.5,649.1,997.1,94,2,997.0,221,3,996.9,827,7,996.8,529,6,996.7,5799,20,997.5,543,6,997.6,1312,8,997.7,2552,15,997.8,1805,16,997.9,1130,13
317,2025-11-26 10:01:34+05:30,997.0,51,992.49,1782809,344900.0,353610.0,986.2,998.8,981.3,986.2,119455500,1084.8,887.6,1102.5,649.1,997.1,94,2,997.0,221,3,996.9,827,7,996.8,529,6,996.7,5799,20,997.5,543,6,997.6,1312,8,997.7,2552,15,997.8,1805,16,997.9,1130,13
317,2025-11-26 10:01:35+05:30,997.0,51,992.49,1782954,344089.0,353867.0,986.2,998.8,981.3,986.2,119455500,1084.8,887.6,1102.5,649.1,997.1,116,2,997.0,24,1,996.9,589,5,996.8,878,9,996.7,5023,17,997.4,46,1,997.5,714,9,997.6,1323,10,997.7,3037,18,997.8,1315,16
317,2025-11-26 10:01:35+05:30,996.9,3,992.49,1782954,344089.0,353867.0,986.2,998.8,981.3,986.2,119455500,1084.8,887.6,1102.5,649.1,997.1,116,2,997.0,24,1,996.9,589,5,996.8,878,9,996.7,5023,17,997.4,46,1,997.5,714,9,997.6,1323,10,997.7,3037,18,997.8,1315,16
317,2025-11-26 10:01:36+05:30,997.4,12,992.49,1783504,346012.0,349742.0,986.2,998.8,981.3,986.2,119455500,1084.8,887.6,1102.5,649.1,997.4,21,1,997.2,19,2,997.1,496,6,997.0,861,7,996.9,2149,8,997.5,10,1,997.6,43,2,997.7,1860,6,997.8,463,7,997.9,717,11
317,2025-11-26 10:01:36+05:30,997.5,44,992.49,1783504,346012.0,349742.0,986.2,998.8,981.3,986.2,119455500,1084.8,887.6,1102.5,649.1,997.4,21,1,997.2,19,2,997.1,496,6,997.0,861,7,996.9,2149,8,997.5,10,1,997.6,43,2,997.7,1860,6,997.8,463,7,997.9,717,11
317,2025-11-26 10:01:37+05:30,997.5,44,992.49,1783548,346188.0,350862.0,986.2,998.8,981.3,986.2,119455500,1084.8,887.6,1102.5,649.1,997.2,400,7,997.1,475,6,997.0,1484,10,996.9,2189,11,996.8,3692,11,997.5,10,1,997.6,217,3,997.7,1757,5,997.8,434,7,997.9,1041,18
317,2025-11-26 10:01:37+05:30,997.2,4,992.49,1783548,346188.0,350862.0,986.2,998.8,981.3,986.2,119455500,1084.8,887.6,1102.5,649.1,997.2,400,7,997.1,475,6,997.0,1484,10,996.9,2189,11,996.8,3692,11,997.5,10,1,997.6,217,3,997.7,1757,5,997.8,434,7,997.9,1041,18
317,2025-11-26 10:01:38+05:30,997.6,16,992.49,1783737,346563.0,352398.0,986.2,998.8,981.3,986.2,119455500,1084.8,887.6,1102.5,649.1,997.2,347,6,997.1,853,5,997.0,880,6,996.9,2189,11,996.8,3954,13,997.6,351,4,997.7,1907,6,997.8,584,8,997.9,1660,20,998.0,4407,39
317,2025-11-26 10:01:38+05:30,997.6,1,992.49,1783737,346563.0,352398.0,986.2,998.8,981.3,986.2,119455500,1084.8,887.6,1102.5,649.1,997.2,347,6,997.1,853,5,997.0,880,6,996.9,2189,11,996.8,3954,13,997.6,351,4,997.7,1907,6,997.8,584,8,997.9,1660,20,998.0,4407,39
317,2025-11-26 10:01:39+05:30,997.6,1,992.49,1783738,343447.0,352410.0,986.2,998.8,981.3,986.2,119455500,1084.8,887.6,1102.5,649.1,997.2,304,5,997.1,896,6,997.0,880,6,996.9,2189,11,996.8,3954,13,997.6,350,4,997.7,1942,6,997.8,586,9,997.9,2117,20,998.0,4407,39
317,2025-11-26 10:01:39+05:30,997.2,18,992.49,1783738,343447.0,352410.0,986.2,998.8,981.3,986.2,119455500,1084.8,887.6,1102.5,649.1,997.2,304,5,997.1,896,6,997.0,880,6,996.9,2189,11,996.8,3954,13,997.6,350,4,997.7,1942,6,997.8,586,9,997.9,2117,20,998.0,4407,39
317,2025-11-26 10:01:40+05:30,997.2,10,992.5,1783837,340018.0,353650.0,986.2,998.8,981.3,986.2,119455500,1084.8,887.6,1102.5,649.1,997.2,179,3,997.1,125,1,997.0,1023,7,996.9,2208,12,996.8,4017,14,997.6,1134,8,997.7,2687,11,997.8,1322,15,997.9,1070,18,998.0,4477,41
317,2025-11-26 10:01:40+05:30,997.2,10,992.5,1783837,340018.0,353650.0,986.2,998.8,981.3,986.2,119455500,1084.8,887.6,1102.5,649.1,997.2,179,3,997.1,125,1,997.0,1023,7,996.9,2208,12,996.8,4017,14,997.6,1134,8,997.7,2687,11,997.8,1322,15,997.9,1070,18,998.0,4477,41
317,2025-11-26 10:01:41+05:30,997.2,1,992.5,1783838,340262.0,353858.0,986.2,998.8,981.3,986.2,119455500,1084.8,887.6,1102.5,649.1,997.2,178,3,997.1,125,1,997.0,617,5,996.9,2208,12,996.8,4017,14,997.6,1260,10,997.7,2061,8,997.8,1316,14,997.9,1570,19,998.0,4477,41
317,2025-11-26 10:01:41+05:30,997.2,1,992.5,1783838,340262.0,353858.0,986.2,998.8,981.3,986.2,119455500,1084.8,887.6,1102.5,649.1,997.2,178,3,997.1,125,1,997.0,617,5,996.9,2208,12,996.8,4017,14,997.6,1260,10,997.7,2061,8,997.8,1316,14,997.9,1570,19,998.0,4477,41
317,2025-11-26 10:01:42+05:30,997.2,1,992.5,1783838,339953.0,353844.0,986.2,998.8,981.3,986.2,119455500,1084.8,887.6,1102.5,649.1,997.2,127,2,997.1,125,1,997.0,617,5,996.9,1965,11,996.8,3960,13,997.6,1260,10,997.7,2088,9,997.8,1316,14,997.9,1570,19,998.0,4436,40
317,2025-11-26 10:01:43+05:30,997.1,4,992.5,1783852,346212.0,354553.0,986.2,998.8,981.3,986.2,119455500,1084.8,887.6,1102.5,649.1,997.1,379,2,997.0,415,8,996.9,5358,12,996.8,2192,9,996.7,1736,11,997.5,472,5,997.6,1118,10,997.7,2204,11,997.8,1420,15,997.9,1385,19
317,2025-11-26 10:01:43+05:30,997.1,4,992.5,1783852,346212.0,354553.0,986.2,998.8,981.3,986.2,119455500,1084.8,887.6,1102.5,649.1,997.1,379,2,997.0,415,8,996.9,5358,12,996.8,2192,9,996.7,1736,11,997.5,472,5,997.6,1118,10,997.7,2204,11,997.8,1420,15,997.9,1385,19
317,2025-11-26 10:01:44+05:30,997.1,4,992.5,1783852,346114.0,354453.0,986.2,998.8,981.3,986.2,119455500,1084.8,887.6,1102.5,649.1,997.1,379,2,997.0,317,7,996.9,5358,12,996.8,2192,9,996.7,1736,11,997.5,853,7,997.6,1179,10,997.7,1870,10,997.8,1438,16,997.9,1385,19
317,2025-11-26 10:01:45+05:30,997.1,4,992.5,1783852,346522.0,354439.0,986.2,998.8,981.3,986.2,119455500,1084.8,887.6,1102.5,649.1,997.1,379,2,997.0,723,9,996.9,5358,12,996.8,2192,9,996.7,1736,11,997.5,646,5,997.6,1100,9,997.7,1870,10,997.8,938,15,997.9,1885,20
317,2025-11-26 10:01:45+05:30,997.5,10,992.5,1783852,346522.0,354439.0,986.2,998.8,981.3,986.2,119455500,1084.8,887.6,1102.5,649.1,997.1,379,2,997.0,723,9,996.9,5358,12,996.8,2192,9,996.7,1736,11,997.5,646,5,997.6,1100,9,997.7,1870,10,997.8,938,15,997.9,1885,20
317,2025-11-26 10:01:46+05:30,997.5,48,992.5,1783987,347077.0,353830.0,986.2,998.8,981.3,986.2,119455500,1084.8,887.6,1102.5,649.1,997.1,698,6,997.0,758,11,996.9,5358,12,996.8,2192,9,996.7,1736,11,997.5,359,2,997.6,915,5,997.7,1591,8,997.8,916,14,997.9,1967,17
317,2025-11-26 10:01:46+05:30,997.5,44,992.5,1783987,347077.0,353830.0,986.2,998.8,981.3,986.2,119455500,1084.8,887.6,1102.5,649.1,997.1,698,6,997.0,758,11,996.9,5358,12,996.8,2192,9,996.7,1736,11,997.5,359,2,997.6,915,5,997.7,1591,8,997.8,916,14,997.9,1967,17
317,2025-11-26 10:01:47+05:30,997.1,145,992.5,1784177,346405.0,353154.0,986.2,998.8,981.3,986.2,119455500,1084.8,887.6,1102.5,649.1,997.1,1611,8,997.0,3653,12,996.9,2799,7,996.8,1643,9,996.7,1130,12,997.5,257,1,997.6,180,3,997.7,1397,7,997.8,851,12,997.9,2139,21
317,2025-11-26 10:01:47+05:30,997.1,145,992.5,1784177,346405.0,353154.0,986.2,998.8,981.3,986.2,119455500,1084.8,887.6,1102.5,649.1,997.1,1611,8,997.0,3653,12,996.9,2799,7,996.8,1643,9,996.7,1130,12,997.5,257,1,997.6,180,3,997.7,1397,7,997.8,851,12,997.9,2139,21
317,2025-11-26 10:01:48+05:30,997.5,44,992.5,1784221,347550.0,353123.0,986.2,998.8,981.3,986.2,119455500,1084.8,887.6,1102.5,649.1,997.2,245,2,997.1,1317,5,997.0,5306,16,996.9,2878,8,996.8,1643,9,997.5,213,1,997.6,772,4,997.7,1379,6,997.8,841,11,997.9,1566,19
317,2025-11-26 10:01:48+05:30,997.5,44,992.5,1784221,347550.0,353123.0,986.2,998.8,981.3,986.2,119455500,1084.8,887.6,1102.5,649.1,997.2,245,2,997.1,1317,5,997.0,5306,16,996.9,2878,8,996.8,1643,9,997.5,213,1,997.6,772,4,997.7,1379,6,997.8,841,11,997.9,1566,19
317,2025-11-26 10:01:49+05:30,997.5,30,992.5,1784465,346880.0,353167.0,986.2,998.8,981.3,986.2,119455500,1084.8,887.6,1102.5,649.1,997.2,258,3,997.1,1344,6,997.0,4556,15,996.9,2878,8,996.8,1643,9,997.5,227,2,997.6,175,2,997.7,1379,6,997.8,1344,12,997.9,1566,19
317,2025-11-26 10:01:49+05:30,997.5,30,992.5,1784465,346880.0,353167.0,986.2,998.8,981.3,986.2,119455500,1084.8,887.6,1102.5,649.1,997.2,258,3,997.1,1344,6,997.0,4556,15,996.9,2878,8,996.8,1643,9,997.5,227,2,997.6,175,2,997.7,1379,6,997.8,1344,12,997.9,1566,19
317,2025-11-26 10:01:50+05:30,997.5,30,992.5,1784465,345817.0,354571.0,986.2,998.8,981.3,986.2,119455500,1084.8,887.6,1102.5,649.1,997.2,195,2,997.1,1213,3,997.0,1286,10,996.9,4586,13,996.8,2393,10,997.5,355,4,997.6,642,8,997.7,1597,8,997.8,841,11,997.9,2003,19
317,2025-11-26 10:01:50+05:30,997.5,24,992.5,1784465,345817.0,354571.0,986.2,998.8,981.3,986.2,119455500,1084.8,887.6,1102.5,649.1,997.2,195,2,997.1,1213,3,997.0,1286,10,996.9,4586,13,996.8,2393,10,997.5,355,4,997.6,642,8,997.7,1597,8,997.8,841,11,997.9,2003,19
317,2025-11-26 10:01:51+05:30,997.5,44,992.5,1784533,345190.0,356008.0,986.2,998.8,981.3,986.2,119455500,1084.8,887.6,1102.5,649.1,997.2,13,1,997.1,1395,4,997.0,433,9,996.9,4523,12,996.8,2462,11,997.5,337,3,997.6,951,6,997.7,1740,10,997.8,841,11,997.9,1292,16
317,2025-11-26 10:01:51+05:30,997.5,44,992.5,1784533,345190.0,356008.0,986.2,998.8,981.3,986.2,119455500,1084.8,887.6,1102.5,649.1,997.2,13,1,997.1,1395,4,997.0,433,9,996.9,4523,12,996.8,2462,11,997.5,337,3,997.6,951,6,997.7,1740,10,997.8,841,11,997.9,1292,16
317,2025-11-26 10:01:52+05:30,997.5,44,992.5,1784533,345189.0,356005.0,986.2,998.8,981.3,986.2,119455500,1084.8,887.6,1102.5,649.1,997.2,13,1,997.1,1395,4,997.0,954,9,996.9,4523,12,996.8,2462,11,997.5,337,3,997.6,437,5,997.7,1740,10,997.8,841,11,997.9,1803,17
317,2025-11-26 10:01:53+05:30,997.3,4,992.5,1784537,345411.0,356086.0,986.2,998.8,981.3,986.2,119455500,1084.8,887.6,1102.5,649.1,997.3,108,1,997.2,13,1,997.1,1395,4,997.0,875,9,996.9,4523,12,997.5,337,3,997.6,437,5,997.7,1740,10,997.8,1433,12,997.9,1292,16
317,2025-11-26 10:01:53+05:30,997.3,4,992.5,1784537,345411.0,356086.0,986.2,998.8,981.3,986.2,119455500,1084.8,887.6,1102.5,649.1,997.3,108,1,997.2,13,1,997.1,1395,4,997.0,875,9,996.9,4523,12,997.5,337,3,997.6,437,5,997.7,1740,10,997.8,1433,12,997.9,1292,16
317,2025-11-26 10:01:54+05:30,997.3,15,992.5,1784552,345501.0,356149.0,986.2,998.8,981.3,986.2,119455500,1084.8,887.6,1102.5,649.1,997.3,106,2,997.1,1474,5,997.0,801,8,996.9,4586,13,996.8,2462,11,997.5,746,5,997.6,388,4,997.7,1740,10,997.8,841,11,997.9,1792,17
317,2025-11-26 10:01:54+05:30,997.3,1,992.5,1784552,345501.0,356149.0,986.2,998.8,981.3,986.2,119455500,1084.8,887.6,1102.5,649.1,997.3,106,2,997.1,1474,5,997.0,801,8,996.9,4586,13,996.8,2462,11,997.5,746,5,997.6,388,4,997.7,1740,10,997.8,841,11,997.9,1792,17
317,2025-11-26 10:01:55+05:30,997.3,1,992.5,1784553,345542.0,356058.0,986.2,998.8,981.3,986.2,119455500,1084.8,887.6,1102.5,649.1,997.3,105,2,997.1,1500,7,997.0,987,10,996.9,4586,13,996.8,2462,11,997.5,568,4,997.6,388,4,997.7,1740,10,997.8,841,11,997.9,1792,17
317,2025-11-26 10:01:56+05:30,997.3,10,992.5,1784563,345667.0,356230.0,986.2,998.8,981.3,986.2,119455500,1084.8,887.6,1102.5,649.1,997.3,95,2,997.1,1604,7,997.0,477,9,996.9,4586,13,996.8,2462,11,997.5,568,4,997.6,388,4,997.7,1740,10,997.8,1332,12,997.9,1978,18
317,2025-11-26 10:01:56+05:30,997.3,10,992.5,1784563,345667.0,356230.0,986.2,998.8,981.3,986.2,119455500,1084.8,887.6,1102.5,649.1,997.3,95,2,997.1,1604,7,997.0,477,9,996.9,4586,13,996.8,2462,11,997.5,568,4,997.6,388,4,997.7,1740,10,997.8,1332,12,997.9,1978,18
317,2025-11-26 10:01:57+05:30,997.5,5,992.5,1784568,345795.0,355891.0,986.2,998.8,981.3,986.2,119455500,1084.8,887.6,1102.5,649.1,997.3,95,2,997.2,79,1,997.1,1716,9,997.0,477,9,996.9,4523,12,997.5,563,4,997.6,388,4,997.7,1596,7,997.8,1442,13,997.9,1919,16
317,2025-11-26 10:01:57+05:30,997.5,5,992.5,1784568,345795.0,355891.0,986.2,998.8,981.3,986.2,119455500,1084.8,887.6,1102.5,649.1,997.3,95,2,997.2,79,1,997.1,1716,9,997.0,477,9,996.9,4523,12,997.5,563,4,997.6,388,4,997.7,1596,7,997.8,1442,13,997.9,1919,16
317,2025-11-26 10:01:58+05:30,997.5,5,992.5,1784573,345662.0,356001.0,986.2,998.8,981.3,986.2,119455500,1084.8,887.6,1102.5,649.1,997.3,95,2,997.1,1662,7,997.0,477,9,996.9,4523,12,996.8,2462,11,997.5,558,4,997.6,437,5,997.7,1677,9,997.8,1455,13,997.9,1934,17
317,2025-11-26 10:01:58+05:30,997.5,5,992.5,1784573,345662.0,356001.0,986.2,998.8,981.3,986.2,119455500,1084.8,887.6,1102.5,649.1,997.3,95,2,997.1,1662,7,997.0,477,9,996.9,4523,12,996.8,2462,11,997.5,558,4,997.6,437,5,997.7,1677,9,997.8,1455,13,997.9,1934,17
317,2025-11-26 10:01:59+05:30,997.5,5,992.5,1784573,346040.0,355247.0,986.2,998.8,981.3,986.2,119455500,1084.8,887.6,1102.5,649.1,997.3,95,2,997.1,1783,7,997.0,897,11,996.9,4602,15,996.8,2604,13,997.5,558,4,997.6,637,3,997.7,1615,8,997.8,578,10,997.9,1936,17
317,2025-11-26 10:02:00+05:30,997.5,5,992.5,1784573,345542.0,355763.0,986.2,998.8,981.3,986.2,119455500,1084.8,887.6,1102.5,649.1,997.3,95,2,997.1,1595,5,997.0,899,12,996.9,4659,16,996.8,2604,13,997.5,729,7,997.6,587,8,997.7,1615,8,997.8,1057,10,997.9,1936,17
317,2025-11-26 10:02:01+05:30,997.5,5,992.5,1784573,345505.0,355753.0,986.2,998.8,981.3,986.2,119455500,1084.8,887.6,1102.5,649.1,997.3,95,2,997.1,1595,5,997.0,850,11,996.9,4659,16,996.8,2604,13,997.5,729,7,997.6,1119,9,997.7,1615,8,997.8,515,9,997.9,1936,17
317,2025-11-26 10:02:02+05:30,997.3,5,992.5,1784578,345534.0,355684.0,986.2,998.8,981.3,986.2,119455500,1084.8,887.6,1102.5,649.1,997.3,90,2,997.1,1595,5,997.0,664,10,996.9,4659,16,996.8,2604,13,997.5,650,6,997.6,473,6,997.7,1729,10,997.8,1047,10,997.9,1936,17
317,2025-11-26 10:02:02+05:30,997.3,5,992.5,1784578,345534.0,355684.0,986.2,998.8,981.3,986.2,119455500,1084.8,887.6,1102.5,649.1,997.3,90,2,997.1,1595,5,997.0,664,10,996.9,4659,16,996.8,2604,13,997.5,650,6,997.6,473,6,997.7,1729,10,997.8,1047,10,997.9,1936,17
317,2025-11-26 10:02:03+05:30,997.7,272,992.5,1785425,347890.0,353091.0,986.2,998.8,981.3,986.2,119455500,1084.8,887.6,1102.5,649.1,997.3,134,3,997.2,813,7,997.1,1874,10,997.0,5430,16,996.9,2515,14,997.5,3,2,997.7,763,2,997.8,267,5,997.9,1686,13,998.0,6439,37
317,2025-11-26 10:02:03+05:30,997.7,272,992.5,1785425,347890.0,353091.0,986.2,998.8,981.3,986.2,119455500,1084.8,887.6,1102.5,649.1,997.3,134,3,997.2,813,7,997.1,1874,10,997.0,5430,16,996.9,2515,14,997.5,3,2,997.7,763,2,997.8,267,5,997.9,1686,13,998.0,6439,37
317,2025-11-26 10:02:04+05:30,997.2,10,992.5,1785425,347890.0,353091.0,986.2,998.8,981.3,986.2,119455500,1084.8,887.6,1102.5,649.1,997.3,134,3,997.2,813,7,997.1,1874,10,997.0,5430,16,996.9,2515,14,997.5,3,2,997.7,763,2,997.8,267,5,997.9,1686,13,998.0,6439,37
317,2025-11-26 10:02:04+05:30,997.2,10,992.5,1785586,347325.0,354120.0,986.2,998.8,981.3,986.2,119455500,1084.8,887.6,1102.5,649.1,997.2,417,4,997.1,1739,7,997.0,5456,18,996.9,2515,14,996.8,1543,10,997.5,1,1,997.7,945,4,997.8,622,8,997.9,1686,13,998.0,6510,38
317,2025-11-26 10:02:05+05:30,997.6,35,992.5,1785586,347325.0,354120.0,986.2,998.8,981.3,986.2,119455500,1084.8,887.6,1102.5,649.1,997.2,417,4,997.1,1739,7,997.0,5456,18,996.9,2515,14,996.8,1543,10,997.5,1,1,997.7,945,4,997.8,622,8,997.9,1686,13,998.0,6510,38
317,2025-11-26 10:02:05+05:30,997.6,35,992.5,1785768,345802.0,355753.0,986.2,998.8,981.3,986.2,119455500,1084.8,887.6,1102.5,649.1,997.5,6,1,997.2,750,1,997.1,1323,4,997.0,4313,12,996.9,2431,11,997.6,326,3,997.7,1469,11,997.8,1151,12,997.9,1840,16,998.0,6274,45
317,2025-11-26 10:02:06+05:30,997.6,39,992.5,1785768,345802.0,355753.0,986.2,998.8,981.3,986.2,119455500,1084.8,887.6,1102.5,649.1,997.5,6,1,997.2,750,1,997.1,1323,4,997.0,4313,12,996.9,2431,11,997.6,326,3,997.7,1469,11,997.8,1151,12,997.9,1840,16,998.0,6274,45
317,2025-11-26 10:02:06+05:30,997.6,41,992.5,1786056,345199.0,353384.0,986.2,998.8,981.3,986.2,119455500,1084.8,887.6,1102.5,649.1,997.5,6,1,997.3,66,1,997.2,902,3,997.1,1602,7,997.0,3778,15,997.7,1175,7,997.8,758,10,997.9,1766,14,998.0,5431,40,998.1,1993,15
317,2025-11-26 10:02:07+05:30,997.7,1,992.5,1786056,345199.0,353384.0,986.2,998.8,981.3,986.2,119455500,1084.8,887.6,1102.5,649.1,997.5,6,1,997.3,66,1,997.2,902,3,997.1,1602,7,997.0,3778,15,997.7,1175,7,997.8,758,10,997.9,1766,14,998.0,5431,40,998.1,1993,15
317,2025-11-26 10:02:07+05:30,997.7,1,992.5,1786057,345132.0,353516.0,986.2,998.8,981.3,986.2,119455500,1084.8,887.6,1102.5,649.1,997.5,6,1,997.3,66,1,997.2,902,3,997.1,1602,7,997.0,3778,15,997.7,1174,7,997.8,758,10,997.9,1701,14,998.0,5629,41,998.1,1993,15
317,2025-11-26 10:02:08+05:30,997.7,15,992.5,1786057,345132.0,353516.0,986.2,998.8,981.3,986.2,119455500,1084.8,887.6,1102.5,649.1,997.5,6,1,997.3,66,1,997.2,902,3,997.1,1602,7,997.0,3778,15,997.7,1174,7,997.8,758,10,997.9,1701,14,998.0,5629,41,998.1,1993,15
317,2025-11-26 10:02:08+05:30,997.7,15,992.5,1786072,345214.0,353771.0,986.2,998.8,981.3,986.2,119455500,1084.8,887.6,1102.5,649.1,997.5,113,3,997.3,66,1,997.2,902,3,997.1,1628,9,997.0,3752,13,997.7,1299,7,997.8,815,11,997.9,1115,12,998.0,5629,41,998.1,1993,15
317,2025-11-26 10:02:09+05:30,997.7,15,992.5,1786072,345175.0,353701.0,986.2,998.8,981.3,986.2,119455500,1084.8,887.6,1102.5,649.1,997.5,113,3,997.3,83,3,997.2,902,3,997.1,1626,8,997.0,3752,13,997.7,1299,7,997.8,758,10,997.9,1172,13,998.0,5538,37,998.1,1991,15
317,2025-11-26 10:02:10+05:30,997.6,1,992.5,1786073,345632.0,353150.0,986.2,998.8,981.3,986.2,119455500,1084.8,887.6,1102.5,649.1,997.6,4,1,997.5,113,3,997.3,285,4,997.2,908,4,997.1,1626,8,997.7,1214,6,997.8,745,10,997.9,1620,13,998.0,5555,39,998.1,2004,16
317,2025-11-26 10:02:11+05:30,997.7,57,992.5,1786073,345632.0,353150.0,986.2,998.8,981.3,986.2,119455500,1084.8,887.6,1102.5,649.1,997.6,4,1,997.5,113,3,997.3,285,4,997.2,908,4,997.1,1626,8,997.7,1214,6,997.8,745,10,997.9,1620,13,998.0,5555,39,998.1,2004,16
317,2025-11-26 10:02:11+05:30,997.7,57,992.5,1786882,345250.0,353803.0,986.2,998.8,981.3,986.2,119455500,1084.8,887.6,1102.5,649.1,997.5,413,4,997.3,66,1,997.2,918,5,997.1,1613,7,997.0,3043,14,997.7,1798,11,997.8,1203,9,997.9,1139,14,998.0,5545,42,998.1,1983,15
317,2025-11-26 10:02:12+05:30,997.5,35,992.5,1786882,345250.0,353803.0,986.2,998.8,981.3,986.2,119455500,1084.8,887.6,1102.5,649.1,997.5,413,4,997.3,66,1,997.2,918,5,997.1,1613,7,997.0,3043,14,997.7,1798,11,997.8,1203,9,997.9,1139,14,998.0,5545,42,998.1,1983,15
317,2025-11-26 10:02:12+05:30,997.5,35,992.5,1787030,345141.0,354035.0,986.2,998.8,981.3,986.2,119455500,1084.8,887.6,1102.5,649.1,997.5,265,1,997.2,902,3,997.1,1626,8,997.0,3030,13,996.9,2582,17,997.7,1782,12,997.8,1255,10,997.9,1139,14,998.0,5545,42,998.1,1983,15
317,2025-11-26 10:02:13+05:30,997.7,100,992.5,1787030,345141.0,354035.0,986.2,998.8,981.3,986.2,119455500,1084.8,887.6,1102.5,649.1,997.5,265,1,997.2,902,3,997.1,1626,8,997.0,3030,13,996.9,2582,17,997.7,1782,12,997.8,1255,10,997.9,1139,14,998.0,5545,42,998.1,1983,15
317,2025-11-26 10:02:13+05:30,997.7,10,992.51,1787380,343787.0,353840.0,986.2,998.8,981.3,986.2,119455500,1084.8,887.6,1102.5,649.1,997.5,137,1,997.2,152,2,997.1,2271,6,997.0,820,13,996.9,4068,18,997.7,1672,12,997.8,1255,10,997.9,1139,14,998.0,5644,44,998.1,1983,15
317,2025-11-26 10:02:14+05:30,997.7,32,992.51,1787380,343787.0,353840.0,986.2,998.8,981.3,986.2,119455500,1084.8,887.6,1102.5,649.1,997.5,137,1,997.2,152,2,997.1,2271,6,997.0,820,13,996.9,4068,18,997.7,1672,12,997.8,1255,10,997.9,1139,14,998.0,5644,44,998.1,1983,15
317,2025-11-26 10:02:14+05:30,997.7,32,992.51,1787412,344460.0,353883.0,986.2,998.8,981.3,986.2,119455500,1084.8,887.6,1102.5,649.1,997.5,637,2,997.2,152,2,997.1,2075,6,997.0,820,13,996.9,4048,17,997.7,1693,14,997.8,1203,9,997.9,1139,14,998.0,5718,45,998.1,1983,15
317,2025-11-26 10:02:15+05:30,997.7,2,992.51,1787412,344460.0,353883.0,986.2,998.8,981.3,986.2,119455500,1084.8,887.6,1102.5,649.1,997.5,637,2,997.2,152,2,997.1,2075,6,997.0,820,13,996.9,4048,17,997.7,1693,14,997.8,1203,9,997.9,1139,14,998.0,5718,45,998.1,1983,15
317,2025-11-26 10:02:15+05:30,997.7,2,992.51,1787414,344732.0,353881.0,986.2,998.8,981.3,986.2,119455500,1084.8,887.6,1102.5,649.1,997.5,637,2,997.2,152,2,997.1,2075,6,997.0,820,13,996.9,4048,17,997.7,1691,14,997.8,1203,9,997.9,1139,14,998.0,5718,45,998.1,1983,15
317,2025-11-26 10:02:16+05:30,997.5,5,992.51,1787414,344732.0,353881.0,986.2,998.8,981.3,986.2,119455500,1084.8,887.6,1102.5,649.1,997.5,637,2,997.2,152,2,997.1,2075,6,997.0,820,13,996.9,4048,17,997.7,1691,14,997.8,1203,9,997.9,1139,14,998.0,5718,45,998.1,1983,15
317,2025-11-26 10:02:16+05:30,997.5,5,992.51,1787419,344983.0,354038.0,986.2,998.8,981.3,986.2,119455500,1084.8,887.6,1102.5,649.1,997.5,632,2,997.2,152,2,997.1,2352,8,997.0,997,14,996.9,4048,17,997.7,1691,14,997.8,1203,9,997.9,1139,14,998.0,5718,45,998.1,1983,15
317,2025-11-26 10:02:17+05:30,997.5,5,992.51,1787419,345011.0,354038.0,986.2,998.8,981.3,986.2,119455500,1084.8,887.6,1102.5,649.1,997.5,632,2,997.2,152,2,997.1,2352,8,997.0,997,14,996.9,4048,17,997.7,1691,14,997.8,1203,9,997.9,1139,14,998.0,5718,45,998.1,1983,15
317,2025-11-26 10:02:18+05:30,997.5,5,992.51,1787419,345014.0,354240.0,986.2,998.8,981.3,986.2,119455500,1084.8,887.6,1102.5,649.1,997.5,632,2,997.2,152,2,997.1,2352,8,997.0,997,14,996.9,4048,17,997.7,1691,14,997.8,1203,9,997.9,1139,14,998.0,5718,45,998.1,1983,15
317,2025-11-26 10:02:19+05:30,997.7,13,992.51,1787419,345014.0,354240.0,986.2,998.8,981.3,986.2,119455500,1084.8,887.6,1102.5,649.1,997.5,632,2,997.2,152,2,997.1,2352,8,997.0,997,14,996.9,4048,17,997.7,1691,14,997.8,1203,9,997.9,1139,14,998.0,5718,45,998.1,1983,15
317,2025-11-26 10:02:19+05:30,997.7,13,992.51,1787450,343854.0,354428.0,986.2,998.8,981.3,986.2,119455500,1084.8,887.6,1102.5,649.1,997.5,632,2,997.2,152,2,997.1,2352,8,997.0,997,14,996.9,4048,17,997.7,1827,13,997.8,1255,10,997.9,1139,14,998.0,5718,45,998.1,1983,15
317,2025-11-26 10:02:20+05:30,997.7,1,992.51,1787451,343569.0,354521.0,986.2,998.8,981.3,986.2,119455500,1084.8,887.6,1102.5,649.1,997.5,645,3,997.2,152,2,997.1,2352,8,997.0,997,14,996.9,4048,17,997.7,1826,13,997.8,1255,10,997.9,1139,14,998.0,5718,45,998.1,1983,15
317,2025-11-26 10:02:20+05:30,997.7,1,992.51,1787451,343569.0,354521.0,986.2,998.8,981.3,986.2,119455500,1084.8,887.6,1102.5,649.1,997.5,645,3,997.2,152,2,997.1,2352,8,997.0,997,14,996.9,4048,17,997.7,1826,13,997.8,1255,10,997.9,1139,14,998.0,5718,45,998.1,1983,15
317,2025-11-26 10:02:21+05:30,997.7,1,992.51,1787451,343771.0,354759.0,986.2,998.8,981.3,986.2,119455500,1084.8,887.6,1102.5,649.1,997.5,645,3,997.2,902,3,997.1,1628,9,997.0,3971,16,996.9,2548,15,997.7,1940,14,997.8,1380,11,997.9,1125,13,998.0,5718,45,998.1,1983,15
317,2025-11-26 10:02:22+05:30,997.7,1,992.51,1787453,343880.0,354364.0,986.2,998.8,981.3,986.2,119455500,1084.8,887.6,1102.5,649.1,997.5,645,3,997.2,902,3,997.1,1628,9,997.0,3971,16,996.9,2548,15,997.7,1922,14,997.8,1203,9,997.9,1158,15,998.0,5731,46,998.1,1939,13
317,2025-11-26 10:02:22+05:30,997.7,1,992.51,1787453,343880.0,354364.0,986.2,998.8,981.3,986.2,119455500,1084.8,887.6,1102.5,649.1,997.5,645,3,997.2,902,3,997.1,1628,9,997.0,3971,16,996.9,2548,15,997.7,1922,14,997.8,1203,9,997.9,1158,15,998.0,5731,46,998.1,1939,13
317,2025-11-26 10:02:23+05:30,997.3,13,992.51,1788111,349355.0,354100.0,986.2,998.8,981.3,986.2,119455500,1084.8,887.6,1102.5,649.1,997.5,50,1,997.3,1196,5,997.2,4556,8,997.1,1135,7,997.0,1679,11,997.7,1495,10,997.8,1175,11,997.9,1301,18,998.0,5773,44,998.1,2150,15
317,2025-11-26 10:02:23+05:30,997.3,13,992.51,1788111,349355.0,354100.0,986.2,998.8,981.3,986.2,119455500,1084.8,887.6,1102.5,649.1,997.5,50,1,997.3,1196,5,997.2,4556,8,997.1,1135,7,997.0,1679,11,997.7,1495,10,997.8,1175,11,997.9,1301,18,998.0,5773,44,998.1,2150,15
317,2025-11-26 10:02:24+05:30,997.4,70,992.51,1788239,350987.0,353907.0,986.2,998.8,981.3,986.2,119455500,1084.8,887.6,1102.5,649.1,997.4,680,1,997.3,1218,6,997.2,4877,11,997.1,1988,8,997.0,1679,11,997.7,1420,9,997.8,1165,10,997.9,1376,19,998.0,5273,43,998.1,2663,17
317,2025-11-26 10:02:24+05:30,997.4,70,992.51,1788239,350987.0,353907.0,986.2,998.8,981.3,986.2,119455500,1084.8,887.6,1102.5,649.1,997.4,680,1,997.3,1218,6,997.2,4877,11,997.1,1988,8,997.0,1679,11,997.7,1420,9,997.8,1165,10,997.9,1376,19,998.0,5273,43,998.1,2663,17
317,2025-11-26 10:02:25+05:30,997.4,5,992.51,1788244,355447.0,353758.0,986.2,998.8,981.3,986.2,119455500,1084.8,887.6,1102.5,649.1,997.4,705,3,997.3,1204,4,997.2,4191,10,997.1,2099,9,997.0,1715,14,997.7,1376,9,997.8,1165,10,997.9,710,14,998.0,5436,44,998.1,2587,14
317,2025-11-26 10:02:25+05:30,997.4,5,992.51,1788244,355447.0,353758.0,986.2,998.8,981.3,986.2,119455500,1084.8,887.6,1102.5,649.1,997.4,705,3,997.3,1204,4,997.2,4191,10,997.1,2099,9,997.0,1715,14,997.7,1376,9,997.8,1165,10,997.9,710,14,998.0,5436,44,998.1,2587,14
317,2025-11-26 10:02:26+05:30,997.4,5,992.51,1788244,355419.0,353979.0,986.2,998.8,981.3,986.2,119455500,1084.8,887.6,1102.5,649.1,997.4,705,3,997.3,1176,3,997.2,4116,9,997.1,2174,10,997.0,1715,14,997.7,1376,9,997.8,1165,10,997.9,1303,15,998.0,5468,46,998.1,2605,15
317,2025-11-26 10:02:27+05:30,997.7,750,992.51,1788244,355419.0,353979.0,986.2,998.8,981.3,986.2,119455500,1084.8,887.6,1102.5,649.1,997.4,705,3,997.3,1176,3,997.2,4116,9,997.1,2174,10,997.0,1715,14,997.7,1376,9,997.8,1165,10,997.9,1303,15,998.0,5468,46,998.1,2605,15
317,2025-11-26 10:02:27+05:30,997.7,3,992.51,1788998,354901.0,352708.0,986.2,998.8,981.3,986.2,119455500,1084.8,887.6,1102.5,649.1,997.4,17,1,997.3,677,2,997.2,587,6,997.1,5778,15,997.0,2752,17,997.7,1163,11,997.8,1258,12,997.9,798,11,998.0,5342,39,998.1,2097,13
317,2025-11-26 10:02:28+05:30,997.4,128,992.51,1788998,354901.0,352708.0,986.2,998.8,981.3,986.2,119455500,1084.8,887.6,1102.5,649.1,997.4,17,1,997.3,677,2,997.2,587,6,997.1,5778,15,997.0,2752,17,997.7,1163,11,997.8,1258,12,997.9,798,11,998.0,5342,39,998.1,2097,13
317,2025-11-26 10:02:28+05:30,997.4,31,992.51,1789158,353784.0,353192.0,986.2,998.8,981.3,986.2,119455500,1084.8,887.6,1102.5,649.1,997.3,675,1,997.2,39,1,997.1,3949,11,997.0,3359,15,996.9,2580,15,997.7,1300,12,997.8,1154,13,997.9,875,13,998.0,5695,42,998.1,1889,13
317,2025-11-26 10:02:29+05:30,997.2,89,992.51,1789158,353784.0,353192.0,986.2,998.8,981.3,986.2,119455500,1084.8,887.6,1102.5,649.1,997.3,675,1,997.2,39,1,997.1,3949,11,997.0,3359,15,996.9,2580,15,997.7,1300,12,997.8,1154,13,997.9,875,13,998.0,5695,42,998.1,1889,13
317,2025-11-26 10:02:29+05:30,997.1,12,992.51,1790191,352535.0,354967.0,986.2,998.8,981.3,986.2,119455500,1084.8,887.6,1102.5,649.1,997.1,1729,3,997.0,3446,9,996.9,2133,7,996.8,1440,7,996.7,1721,10,997.5,720,4,997.6,669,7,997.7,1063,14,997.8,1400,14,997.9,1504,15
317,2025-11-26 10:02:30+05:30,997.4,33,992.51,1790191,352535.0,354967.0,986.2,998.8,981.3,986.2,119455500,1084.8,887.6,1102.5,649.1,997.1,1729,3,997.0,3446,9,996.9,2133,7,996.8,1440,7,996.7,1721,10,997.5,720,4,997.6,669,7,997.7,1063,14,997.8,1400,14,997.9,1504,15
317,2025-11-26 10:02:31+05:30,997.0,126,992.51,1790569,353470.0,357299.0,986.2,998.8,981.3,986.2,119455500,1084.8,887.6,1102.5,649.1,997.0,1786,6,996.9,891,3,996.8,2014,6,996.7,3997,15,996.6,2461,13,997.4,560,6,997.5,1087,7,997.6,595,7,997.7,889,12,997.8,2276,17
317,2025-11-26 10:02:31+05:30,997.0,32,992.51,1790569,353470.0,357299.0,986.2,998.8,981.3,986.2,119455500,1084.8,887.6,1102.5,649.1,997.0,1786,6,996.9,891,3,996.8,2014,6,996.7,3997,15,996.6,2461,13,997.4,560,6,997.5,1087,7,997.6,595,7,997.7,889,12,997.8,2276,17
317,2025-11-26 10:02:32+05:30,997.0,32,992.51,1790737,353613.0,357793.0,986.2,998.8,981.3,986.2,119455500,1084.8,887.6,1102.5,649.1,997.0,173,3,996.9,891,3,996.8,3392,8,996.7,4747,16,996.6,2461,13,997.3,68,1,997.4,1134,7,997.5,635,6,997.6,700,12,997.7,1090,12
317,2025-11-26 10:02:33+05:30,997.1,112,992.51,1790869,352410.0,358923.0,986.2,998.8,981.3,986.2,119455500,1084.8,887.6,1102.5,649.1,997.1,2,1,997.0,173,3,996.9,763,2,996.8,1690,4,996.7,3997,15,997.3,328,6,997.4,529,6,997.5,746,9,997.6,1421,18,997.7,2500,13
317,2025-11-26 10:02:33+05:30,997.1,112,992.51,1790869,352410.0,358923.0,986.2,998.8,981.3,986.2,119455500,1084.8,887.6,1102.5,649.1,997.1,2,1,997.0,173,3,996.9,763,2,996.8,1690,4,996.7,3997,15,997.3,328,6,997.4,529,6,997.5,746,9,997.6,1421,18,997.7,2500,13
317,2025-11-26 10:02:34+05:30,997.1,112,992.51,1790869,352415.0,359057.0,986.2,998.8,981.3,986.2,119455500,1084.8,887.6,1102.5,649.1,997.1,2,1,997.0,173,3,996.9,763,2,996.8,1690,4,996.7,4009,16,997.3,328,6,997.4,576,7,997.5,746,9,997.6,1463,20,997.7,2542,14
317,2025-11-26 10:02:34+05:30,997.1,1,992.51,1790869,352415.0,359057.0,986.2,998.8,981.3,986.2,119455500,1084.8,887.6,1102.5,649.1,997.1,2,1,997.0,173,3,996.9,763,2,996.8,1690,4,996.7,4009,16,997.3,328,6,997.4,576,7,997.5,746,9,997.6,1463,20,997.7,2542,14
317,2025-11-26 10:02:35+05:30,997.3,15,992.51,1790885,349210.0,360383.0,986.2,998.8,981.3,986.2,119455500,1084.8,887.6,1102.5,649.1,997.1,1,1,997.0,173,3,996.9,763,2,996.8,114,1,996.7,1335,9,997.3,313,6,997.4,626,10,997.5,1321,12,997.6,1463,20,997.7,2542,14
317,2025-11-26 10:02:35+05:30,997.3,15,992.51,1790885,349210.0,360383.0,986.2,998.8,981.3,986.2,119455500,1084.8,887.6,1102.5,649.1,997.1,1,1,997.0,173,3,996.9,763,2,996.8,114,1,996.7,1335,9,997.3,313,6,997.4,626,10,997.5,1321,12,997.6,1463,20,997.7,2542,14
317,2025-11-26 10:02:36+05:30,997.3,15,992.51,1790885,349577.0,360396.0,986.2,998.8,981.3,986.2,119455500,1084.8,887.6,1102.5,649.1,997.1,1,1,997.0,173,3,996.9,13,1,996.8,114,1,996.7,2085,10,997.3,313,6,997.4,576,7,997.5,1294,11,997.6,1513,23,997.7,2567,15
317,2025-11-26 10:02:37+05:30,997.3,15,992.51,1790885,349608.0,360304.0,986.2,998.8,981.3,986.2,119455500,1084.8,887.6,1102.5,649.1,997.1,2,2,997.0,173,3,996.9,13,1,996.8,114,1,996.7,2085,10,997.3,256,5,997.4,576,7,997.5,1259,11,997.6,1513,23,997.7,2567,15
317,2025-11-26 10:02:38+05:30,997.3,15,992.51,1790885,349782.0,360216.0,986.2,998.8,981.3,986.2,119455500,1084.8,887.6,1102.5,649.1,997.1,2,2,997.0,173,3,996.9,13,1,996.8,114,1,996.7,2089,10,997.3,166,3,997.4,1084,8,997.5,753,10,997.6,1513,23,997.7,2567,15
317,2025-11-26 10:02:39+05:30,997.4,1,992.51,1790885,349782.0,360216.0,986.2,998.8,981.3,986.2,119455500,1084.8,887.6,1102.5,649.1,997.1,2,2,997.0,173,3,996.9,13,1,996.8,114,1,996.7,2089,10,997.3,166,3,997.4,1084,8,997.5,753,10,997.6,1513,23,997.7,2567,15
317,2025-11-26 10:02:39+05:30,997.4,1,992.51,1790906,353022.0,359318.0,986.2,998.8,981.3,986.2,119455500,1084.8,887.6,1102.5,649.1,997.1,2,2,997.0,173,3,996.9,399,4,996.8,386,3,996.7,1586,11,997.4,1029,7,997.5,665,8,997.6,1066,18,997.7,1883,14,997.8,2346,17
317,2025-11-26 10:02:40+05:30,997.4,10,992.51,1790906,353022.0,359318.0,986.2,998.8,981.3,986.2,119455500,1084.8,887.6,1102.5,649.1,997.1,2,2,997.0,173,3,996.9,399,4,996.8,386,3,996.7,1586,11,997.4,1029,7,997.5,665,8,997.6,1066,18,997.7,1883,14,997.8,2346,17
317,2025-11-26 10:02:40+05:30,997.4,10,992.52,1791056,349046.0,359796.0,986.2,998.8,981.3,986.2,119455500,1084.8,887.6,1102.5,649.1,997.1,2,2,997.0,223,4,996.9,287,4,996.8,1685,5,996.7,830,9,997.4,349,6,997.5,1396,10,997.6,1162,18,997.7,2356,15,997.8,2086,18
317,2025-11-26 10:02:41+05:30,997.4,1,992.52,1791056,349046.0,359796.0,986.2,998.8,981.3,986.2,119455500,1084.8,887.6,1102.5,649.1,997.1,2,2,997.0,223,4,996.9,287,4,996.8,1685,5,996.7,830,9,997.4,349,6,997.5,1396,10,997.6,1162,18,997.7,2356,15,997.8,2086,18
317,2025-11-26 10:02:41+05:30,997.3,7,992.52,1791073,348006.0,359294.0,986.2,998.8,981.3,986.2,119455500,1084.8,887.6,1102.5,649.1,997.1,2,2,997.0,223,4,996.8,188,2,996.7,1574,10,996.6,2458,13,997.4,778,9,997.5,704,8,997.6,876,14,997.7,2581,18,997.8,1388,16
317,2025-11-26 10:02:42+05:30,997.3,7,992.52,1791073,348006.0,359294.0,986.2,998.8,981.3,986.2,119455500,1084.8,887.6,1102.5,649.1,997.1,2,2,997.0,223,4,996.8,188,2,996.7,1574,10,996.6,2458,13,997.4,778,9,997.5,704,8,997.6,876,14,997.7,2581,18,997.8,1388,16
317,2025-11-26 10:02:43+05:30,997.3,7,992.52,1791073,348147.0,359922.0,986.2,998.8,981.3,986.2,119455500,1084.8,887.6,1102.5,649.1,997.1,2,2,997.0,223,4,996.8,386,3,996.7,1574,10,996.6,2458,13,997.4,1351,11,997.5,644,7,997.6,984,15,997.7,2630,19,997.8,1346,15
317,2025-11-26 10:02:44+05:30,997.3,7,992.52,1791073,349147.0,359922.0,986.2,998.8,981.3,986.2,119455500,1084.8,887.6,1102.5,649.1,997.1,2,2,997.0,223,4,996.8,386,3,996.7,1574,10,996.6,2458,13,997.4,1351,11,997.5,644,7,997.6,984,15,997.7,2630,19,997.8,1346,15
317,2025-11-26 10:02:44+05:30,997.3,13,992.52,1791136,353112.0,359923.0,986.2,998.8,981.3,986.2,119455500,1084.8,887.6,1102.5,649.1,997.1,2,2,997.0,210,3,996.8,188,2,996.7,1574,10,996.6,2458,13,997.4,1312,11,997.5,1665,10,997.6,984,15,997.7,2619,18,997.8,1346,15
317,2025-11-26 10:02:45+05:30,997.3,13,992.52,1791136,353112.0,359923.0,986.2,998.8,981.3,986.2,119455500,1084.8,887.6,1102.5,649.1,997.1,2,2,997.0,210,3,996.8,188,2,996.7,1574,10,996.6,2458,13,997.4,1312,11,997.5,1665,10,997.6,984,15,997.7,2619,18,997.8,1346,15
317,2025-11-26 10:02:45+05:30,997.4,1,992.52,1791137,349099.0,362076.0,986.2,998.8,981.3,986.2,119455500,1084.8,887.6,1102.5,649.1,997.1,2,2,997.0,210,3,996.8,188,2,996.7,1574,10,996.6,2458,13,997.4,1311,11,997.5,1665,10,997.6,1568,17,997.7,4119,17,997.8,1346,15
317,2025-11-26 10:02:46+05:30,997.4,1,992.52,1791137,349099.0,362076.0,986.2,998.8,981.3,986.2,119455500,1084.8,887.6,1102.5,649.1,997.1,2,2,997.0,210,3,996.8,188,2,996.7,1574,10,996.6,2458,13,997.4,1311,11,997.5,1665,10,997.6,1568,17,997.7,4119,17,997.8,1346,15
317,2025-11-26 10:02:46+05:30,997.4,1,992.52,1791138,349125.0,362379.0,986.2,998.8,981.3,986.2,119455500,1084.8,887.6,1102.5,649.1,997.1,2,2,997.0,210,3,996.8,188,2,996.7,1568,9,996.6,2458,13,997.4,1310,11,997.5,1969,11,997.6,1568,17,997.7,4119,17,997.8,1346,15
317,2025-11-26 10:02:47+05:30,997.4,5,992.52,1791138,349125.0,362379.0,986.2,998.8,981.3,986.2,119455500,1084.8,887.6,1102.5,649.1,997.1,2,2,997.0,210,3,996.8,188,2,996.7,1568,9,996.6,2458,13,997.4,1310,11,997.5,1969,11,997.6,1568,17,997.7,4119,17,997.8,1346,15
317,2025-11-26 10:02:47+05:30,997.4,5,992.52,1791143,348726.0,362417.0,986.2,998.8,981.3,986.2,119455500,1084.8,887.6,1102.5,649.1,997.1,2,2,997.0,210,3,996.8,188,2,996.7,1568,9,996.6,2458,13,997.4,1305,11,997.5,2000,11,997.6,1579,18,997.7,4070,16,997.8,1346,15
317,2025-11-26 10:02:48+05:30,997.4,5,992.52,1791143,348902.0,362641.0,986.2,998.8,981.3,986.2,119455500,1084.8,887.6,1102.5,649.1,997.1,2,2,997.0,210,3,996.8,386,3,996.7,1568,9,996.6,2458,13,997.4,1405,12,997.5,2000,11,997.6,1579,18,997.7,4070,16,997.8,1346,15
317,2025-11-26 10:02:49+05:30,997.1,1,992.52,1791143,348902.0,362641.0,986.2,998.8,981.3,986.2,119455500,1084.8,887.6,1102.5,649.1,997.1,2,2,997.0,210,3,996.8,386,3,996.7,1568,9,996.6,2458,13,997.4,1405,12,997.5,2000,11,997.6,1579,18,997.7,4070,16,997.8,1346,15
317,2025-11-26 10:02:50+05:30,997.0,50,992.52,1791405,349618.0,365542.0,986.2,998.8,981.3,986.2,119455500,1084.8,887.6,1102.5,649.1,996.9,98,2,996.7,1077,3,996.6,2090,10,996.5,4061,14,996.4,2572,13,997.2,252,5,997.3,1583,13,997.4,1150,14,997.5,2848,15,997.6,2427,20
317,2025-11-26 10:02:50+05:30,996.7,18,992.52,1791405,349618.0,365542.0,986.2,998.8,981.3,986.2,119455500,1084.8,887.6,1102.5,649.1,996.9,98,2,996.7,1077,3,996.6,2090,10,996.5,4061,14,996.4,2572,13,997.2,252,5,997.3,1583,13,997.4,1150,14,997.5,2848,15,997.6,2427,20
317,2025-11-26 10:02:51+05:30,996.7,18,992.52,1791533,349787.0,367833.0,986.2,998.8,981.3,986.2,119455500,1084.8,887.6,1102.5,649.1,996.8,87,1,996.7,1130,4,996.6,2119,11,996.5,4061,14,996.4,2390,11,997.2,202,3,997.3,1724,16,997.4,1218,13,997.5,2615,15,997.6,2427,20
317,2025-11-26 10:02:52+05:30,997.2,1,992.52,1791534,349863.0,367213.0,986.2,998.8,981.3,986.2,119455500,1084.8,887.6,1102.5,649.1,996.8,87,1,996.7,1130,4,996.6,2168,12,996.5,4061,14,996.4,2390,11,997.2,201,3,997.3,1586,13,997.4,1009,13,997.5,2615,15,997.6,2427,20
317,2025-11-26 10:02:52+05:30,997.2,1,992.52,1791534,349863.0,367213.0,986.2,998.8,981.3,986.2,119455500,1084.8,887.6,1102.5,649.1,996.8,87,1,996.7,1130,4,996.6,2168,12,996.5,4061,14,996.4,2390,11,997.2,201,3,997.3,1586,13,997.4,1009,13,997.5,2615,15,997.6,2427,20
317,2025-11-26 10:02:53+05:30,997.2,1,992.52,1791534,349828.0,367294.0,986.2,998.8,981.3,986.2,119455500,1084.8,887.6,1102.5,649.1,996.8,87,1,996.7,1130,4,996.6,2168,12,996.5,4061,14,996.4,2390,11,997.2,201,3,997.3,1586,13,997.4,1080,14,997.5,2615,15,997.6,2427,20
317,2025-11-26 10:02:53+05:30,996.9,112,992.52,1791534,349828.0,367294.0,986.2,998.8,981.3,986.2,119455500,1084.8,887.6,1102.5,649.1,996.8,87,1,996.7,1130,4,996.6,2168,12,996.5,4061,14,996.4,2390,11,997.2,201,3,997.3,1586,13,997.4,1080,14,997.5,2615,15,997.6,2427,20
317,2025-11-26 10:02:54+05:30,997.0,3,992.52,1791534,349828.0,367294.0,986.2,998.8,981.3,986.2,119455500,1084.8,887.6,1102.5,649.1,996.8,87,1,996.7,1130,4,996.6,2168,12,996.5,4061,14,996.4,2390,11,997.2,201,3,997.3,1586,13,997.4,1080,14,997.5,2615,15,997.6,2427,20
317,2025-11-26 10:02:55+05:30,996.8,13,992.52,1791749,351109.0,367734.0,986.2,998.8,981.3,986.2,119455500,1084.8,887.6,1102.5,649.1,996.7,750,1,996.6,1754,8,996.5,4397,12,996.4,2266,9,996.3,1638,10,996.8,21,1,997.0,127,3,997.1,274,3,997.2,1036,8,997.3,973,11
317,2025-11-26 10:02:55+05:30,996.8,3,992.52,1791749,351109.0,367734.0,986.2,998.8,981.3,986.2,119455500,1084.8,887.6,1102.5,649.1,996.7,750,1,996.6,1754,8,996.5,4397,12,996.4,2266,9,996.3,1638,10,996.8,21,1,997.0,127,3,997.1,274,3,997.2,1036,8,997.3,973,11
317,2025-11-26 10:02:56+05:30,996.8,3,992.52,1791752,330930.0,348442.0,986.2,998.8,981.3,986.2,119455500,1084.8,887.6,1102.5,649.1,996.7,750,1,996.6,1879,9,996.5,5897,14,996.4,2343,11,996.3,1836,11,996.8,18,1,997.0,1,1,997.1,331,4,997.2,1006,8,997.3,828,11
317,2025-11-26 10:02:56+05:30,996.8,1,992.52,1791752,330930.0,348442.0,986.2,998.8,981.3,986.2,119455500,1084.8,887.6,1102.5,649.1,996.7,750,1,996.6,1879,9,996.5,5897,14,996.4,2343,11,996.3,1836,11,996.8,18,1,997.0,1,1,997.1,331,4,997.2,1006,8,997.3,828,11
317,2025-11-26 10:02:57+05:30,996.8,1,992.52,1791753,330878.0,348165.0,986.2,998.8,981.3,986.2,119455500,1084.8,887.6,1102.5,649.1,996.7,750,1,996.6,1879,9,996.5,5897,14,996.4,2343,11,996.3,1836,11,996.8,17,1,997.0,1,1,997.1,274,3,997.2,1063,9,997.3,771,10
317,2025-11-26 10:02:58+05:30,996.7,1,992.52,1791754,330654.0,347744.0,986.2,998.8,981.3,986.2,119455500,1084.8,887.6,1102.5,649.1,996.7,749,1,996.6,1879,9,996.5,5946,15,996.4,2343,11,996.3,1876,12,996.8,17,1,997.0,1,1,997.1,272,2,997.2,1006,8,997.3,743,9
317,2025-11-26 10:02:58+05:30,996.7,1,992.52,1791754,330654.0,347744.0,986.2,998.8,981.3,986.2,119455500,1084.8,887.6,1102.5,649.1,996.7,749,1,996.6,1879,9,996.5,5946,15,996.4,2343,11,996.3,1876,12,996.8,17,1,997.0,1,1,997.1,272,2,997.2,1006,8,997.3,743,9
317,2025-11-26 10:02:59+05:30,996.7,1,992.52,1791754,331657.0,347923.0,986.2,998.8,981.3,986.2,119455500,1084.8,887.6,1102.5,649.1,996.7,749,1,996.6,1879,9,996.5,5946,15,996.4,2343,11,996.3,1876,12,996.8,17,1,997.0,1,1,997.1,272,2,997.2,960,8,997.3,743,9
317,2025-11-26 10:02:59+05:30,996.8,5,992.52,1791754,331657.0,347923.0,986.2,998.8,981.3,986.2,119455500,1084.8,887.6,1102.5,649.1,996.7,749,1,996.6,1879,9,996.5,5946,15,996.4,2343,11,996.3,1876,12,996.8,17,1,997.0,1,1,997.1,272,2,997.2,960,8,997.3,743,9
317,2025-11-26 10:03:00+05:30,996.8,5,992.52,1791759,331657.0,348197.0,986.2,998.8,981.3,986.2,119455500,1084.8,887.6,1102.5,649.1,996.7,749,1,996.6,1879,9,996.5,5946,15,996.4,2343,11,996.3,1876,12,996.8,12,1,997.0,1,1,997.1,272,2,997.2,960,8,997.3,900,10
317,2025-11-26 10:03:01+05:30,996.8,10,992.52,1791769,350778.0,350232.0,986.2,998.8,981.3,986.2,119455500,1084.8,887.6,1102.5,649.1,996.7,749,1,996.6,1514,4,996.5,5892,14,996.4,2221,10,996.3,1774,10,996.8,2,1,997.0,240,4,997.1,513,5,997.2,1009,9,997.3,900,10
317,2025-11-26 10:03:01+05:30,996.8,10,992.52,1791769,350778.0,350232.0,986.2,998.8,981.3,986.2,119455500,1084.8,887.6,1102.5,649.1,996.7,749,1,996.6,1514,4,996.5,5892,14,996.4,2221,10,996.3,1774,10,996.8,2,1,997.0,240,4,997.1,513,5,997.2,1009,9,997.3,900,10
317,2025-11-26 10:03:02+05:30,996.8,10,992.52,1791769,355028.0,368436.0,986.2,998.8,981.3,986.2,119455500,1084.8,887.6,1102.5,649.1,996.7,749,1,996.6,1514,4,996.5,5892,14,996.4,2242,11,996.3,1842,11,996.8,2,1,997.0,191,3,997.1,596,7,997.2,983,8,997.3,843,9
317,2025-11-26 10:03:03+05:30,996.6,62,992.52,1791769,355028.0,368436.0,986.2,998.8,981.3,986.2,119455500,1084.8,887.6,1102.5,649.1,996.7,749,1,996.6,1514,4,996.5,5892,14,996.4,2242,11,996.3,1842,11,996.8,2,1,997.0,191,3,997.1,596,7,997.2,983,8,997.3,843,9
317,2025-11-26 10:03:03+05:30,996.6,62,992.52,1792681,347142.0,373262.0,986.2,998.8,981.3,986.2,119455500,1084.8,887.6,1102.5,649.1,996.5,100,1,996.3,358,4,996.2,784,6,996.1,2245,11,996.0,5056,31,996.8,323,7,996.9,1311,11,997.0,684,8,997.1,1306,12,997.2,2441,20
317,2025-11-26 10:03:04+05:30,996.3,2,992.52,1792681,347142.0,373262.0,986.2,998.8,981.3,986.2,119455500,1084.8,887.6,1102.5,649.1,996.5,100,1,996.3,358,4,996.2,784,6,996.1,2245,11,996.0,5056,31,996.8,323,7,996.9,1311,11,997.0,684,8,997.1,1306,12,997.2,2441,20
317,2025-11-26 10:03:04+05:30,996.3,2,992.52,1792897,347284.0,374366.0,986.2,998.8,981.3,986.2,119455500,1084.8,887.6,1102.5,649.1,996.2,1060,3,996.1,1704,6,996.0,4682,26,995.9,1768,12,995.8,2314,9,996.6,175,3,996.7,717,6,996.8,1083,12,996.9,906,12,997.0,1318,14
317,2025-11-26 10:03:05+05:30,996.2,143,992.52,1792897,347284.0,374366.0,986.2,998.8,981.3,986.2,119455500,1084.8,887.6,1102.5,649.1,996.2,1060,3,996.1,1704,6,996.0,4682,26,995.9,1768,12,995.8,2314,9,996.6,175,3,996.7,717,6,996.8,1083,12,996.9,906,12,997.0,1318,14
317,2025-11-26 10:03:05+05:30,996.2,143,992.52,1793050,345131.0,374643.0,986.2,998.8,981.3,986.2,119455500,1084.8,887.6,1102.5,649.1,996.2,157,1,996.1,2428,5,996.0,665,21,995.9,4018,15,995.8,2314,9,996.6,948,9,996.7,685,7,996.8,1083,12,996.9,906,12,997.0,1648,14
317,2025-11-26 10:03:06+05:30,996.2,143,992.52,1793050,345762.0,374439.0,986.2,998.8,981.3,986.2,119455500,1084.8,887.6,1102.5,649.1,996.2,157,1,996.1,2428,5,996.0,665,21,995.9,4018,15,995.8,2314,9,996.6,823,8,996.7,685,7,996.8,1283,13,996.9,906,12,997.0,1648,14
317,2025-11-26 10:03:07+05:30,996.2,143,992.52,1793050,345592.0,374375.0,986.2,998.8,981.3,986.2,119455500,1084.8,887.6,1102.5,649.1,996.2,157,1,996.1,2428,5,996.0,665,21,995.9,4018,15,995.8,2314,9,996.6,748,7,996.7,696,8,996.8,1283,13,996.9,906,12,997.0,1648,14
317,2025-11-26 10:03:09+05:30,996.2,143,992.52,1793050,345592.0,374408.0,986.2,998.8,981.3,986.2,119455500,1084.8,887.6,1102.5,649.1,996.2,157,1,996.1,2428,5,996.0,665,21,995.9,4018,15,995.8,2314,9,996.6,801,8,996.7,696,8,996.8,1287,14,996.9,872,11,997.0,1648,14
317,2025-11-26 10:03:10+05:30,996.2,150,992.52,1793200,342867.0,374347.0,986.2,998.8,981.3,986.2,119455500,1084.8,887.6,1102.5,649.1,996.2,7,1,996.1,2428,5,996.0,665,21,995.9,4018,15,995.8,2314,9,996.6,817,9,996.7,696,8,996.8,1259,13,996.9,872,11,997.0,1648,14
317,2025-11-26 10:03:10+05:30,996.2,150,992.52,1793200,342867.0,374347.0,986.2,998.8,981.3,986.2,119455500,1084.8,887.6,1102.5,649.1,996.2,7,1,996.1,2428,5,996.0,665,21,995.9,4018,15,995.8,2314,9,996.6,817,9,996.7,696,8,996.8,1259,13,996.9,872,11,997.0,1648,14
317,2025-11-26 10:03:11+05:30,996.2,150,992.52,1793200,342524.0,374631.0,986.2,998.8,981.3,986.2,119455500,1084.8,887.6,1102.5,649.1,996.2,11,2,996.1,2315,4,996.0,665,21,995.9,4018,15,995.8,2314,9,996.6,801,8,996.7,696,8,996.8,1259,13,996.9,872,11,997.0,1648,14
317,2025-11-26 10:03:12+05:30,996.6,25,992.52,1793225,324902.0,374609.0,986.2,998.8,981.3,986.2,119455500,1084.8,887.6,1102.5,649.1,996.2,11,2,996.1,2505,5,996.0,665,21,995.9,4018,15,995.8,2314,9,996.6,776,8,996.7,696,8,996.8,1259,13,996.9,872,11,997.0,1648,14
317,2025-11-26 10:03:12+05:30,996.6,1,992.52,1793225,324902.0,374609.0,986.2,998.8,981.3,986.2,119455500,1084.8,887.6,1102.5,649.1,996.2,11,2,996.1,2505,5,996.0,665,21,995.9,4018,15,995.8,2314,9,996.6,776,8,996.7,696,8,996.8,1259,13,996.9,872,11,997.0,1648,14
317,2025-11-26 10:03:13+05:30,996.6,1,992.52,1793227,330663.0,374556.0,986.2,998.8,981.3,986.2,119455500,1084.8,887.6,1102.5,649.1,996.2,11,2,996.1,2505,5,996.0,674,22,995.9,4768,16,995.8,2314,9,996.6,674,6,996.7,745,9,996.8,1259,13,996.9,872,11,997.0,1648,14
317,2025-11-26 10:03:13+05:30,996.6,10,992.52,1793227,330663.0,374556.0,986.2,998.8,981.3,986.2,119455500,1084.8,887.6,1102.5,649.1,996.2,11,2,996.1,2505,5,996.0,674,22,995.9,4768,16,995.8,2314,9,996.6,674,6,996.7,745,9,996.8,1259,13,996.9,872,11,997.0,1648,14
317,2025-11-26 10:03:14+05:30,996.6,10,992.52,1793237,331774.0,374530.0,986.2,998.8,981.3,986.2,119455500,1084.8,887.6,1102.5,649.1,996.3,112,1,996.2,213,3,996.1,2679,7,996.0,796,25,995.9,4768,16,996.6,296,2,996.7,497,7,996.8,1249,12,996.9,893,11,997.0,1460,15
317,2025-11-26 10:03:15+05:30,996.6,10,992.52,1793237,339246.0,373323.0,986.2,998.8,981.3,986.2,119455500,1084.8,887.6,1102.5,649.1,996.3,142,3,996.2,1988,11,996.1,2179,8,996.0,4806,28,995.9,3249,13,996.6,335,3,996.7,160,3,996.8,567,7,996.9,775,9,997.0,1020,13
317,2025-11-26 10:03:15+05:30,996.6,1,992.52,1793237,339246.0,373323.0,986.2,998.8,981.3,986.2,119455500,1084.8,887.6,1102.5,649.1,996.3,142,3,996.2,1988,11,996.1,2179,8,996.0,4806,28,995.9,3249,13,996.6,335,3,996.7,160,3,996.8,567,7,996.9,775,9,997.0,1020,13
317,2025-11-26 10:03:16+05:30,996.6,1,992.52,1793239,342045.0,373464.0,986.2,998.8,981.3,986.2,119455500,1084.8,887.6,1102.5,649.1,996.3,1100,8,996.2,1389,12,996.1,7570,17,996.0,3271,23,995.9,1749,11,996.6,333,3,996.7,53,2,996.8,338,4,996.9,775,9,997.0,1029,14
317,2025-11-26 10:03:16+05:30,996.6,1,992.52,1793239,342045.0,373464.0,986.2,998.8,981.3,986.2,119455500,1084.8,887.6,1102.5,649.1,996.3,1100,8,996.2,1389,12,996.1,7570,17,996.0,3271,23,995.9,1749,11,996.6,333,3,996.7,53,2,996.8,338,4,996.9,775,9,997.0,1029,14
317,2025-11-26 10:03:17+05:30,996.3,27,992.52,1793266,348078.0,373908.0,986.2,998.8,981.3,986.2,119455500,1084.8,887.6,1102.5,649.1,996.3,119,4,996.2,2001,10,996.1,2254,11,996.0,5530,27,995.9,2499,12,996.6,333,3,996.7,53,2,996.8,528,5,996.9,775,9,997.0,1035,15
317,2025-11-26 10:03:17+05:30,996.3,27,992.52,1793266,348078.0,373908.0,986.2,998.8,981.3,986.2,119455500,1084.8,887.6,1102.5,649.1,996.3,119,4,996.2,2001,10,996.1,2254,11,996.0,5530,27,995.9,2499,12,996.6,333,3,996.7,53,2,996.8,528,5,996.9,775,9,997.0,1035,15
317,2025-11-26 10:03:18+05:30,996.6,188,992.52,1794216,346723.0,370045.0,986.2,998.8,981.3,986.2,119455500,1084.8,887.6,1102.5,649.1,996.3,718,6,996.2,3078,12,996.1,3067,12,996.0,4071,25,995.9,2309,11,996.6,13,1,996.7,53,2,996.8,178,3,996.9,373,6,997.0,1077,7
317,2025-11-26 10:03:18+05:30,996.6,25,992.52,1794216,346723.0,370045.0,986.2,998.8,981.3,986.2,119455500,1084.8,887.6,1102.5,649.1,996.3,718,6,996.2,3078,12,996.1,3067,12,996.0,4071,25,995.9,2309,11,996.6,13,1,996.7,53,2,996.8,178,3,996.9,373,6,997.0,1077,7
317,2025-11-26 10:03:19+05:30,996.6,25,992.52,1794241,349407.0,371212.0,986.2,998.8,981.3,986.2,119455500,1084.8,887.6,1102.5,649.1,996.3,1622,9,996.2,2400,13,996.1,5317,15,996.0,4080,26,995.9,1559,10,996.6,1,1,996.7,53,2,996.8,129,2,996.9,629,9,997.0,1998,13
317,2025-11-26 10:03:19+05:30,996.3,4,992.52,1794241,349407.0,371212.0,986.2,998.8,981.3,986.2,119455500,1084.8,887.6,1102.5,649.1,996.3,1622,9,996.2,2400,13,996.1,5317,15,996.0,4080,26,995.9,1559,10,996.6,1,1,996.7,53,2,996.8,129,2,996.9,629,9,997.0,1998,13
317,2025-11-26 10:03:20+05:30,996.7,24,992.52,1794417,350165.0,370678.0,986.2,998.8,981.3,986.2,119455500,1084.8,887.6,1102.5,649.1,996.5,750,1,996.4,4724,12,996.3,2875,9,996.2,1525,9,996.1,3054,11,996.6,1,1,996.7,29,2,996.8,129,2,996.9,317,5,997.0,1723,8
317,2025-11-26 10:03:20+05:30,996.6,1,992.52,1794417,350165.0,370678.0,986.2,998.8,981.3,986.2,119455500,1084.8,887.6,1102.5,649.1,996.5,750,1,996.4,4724,12,996.3,2875,9,996.2,1525,9,996.1,3054,11,996.6,1,1,996.7,29,2,996.8,129,2,996.9,317,5,997.0,1723,8
317,2025-11-26 10:03:21+05:30,996.6,1,992.52,1794418,352022.0,372005.0,986.2,998.8,981.3,986.2,119455500,1084.8,887.6,1102.5,649.1,996.5,49,1,996.4,3352,10,996.3,1451,9,996.2,5358,17,996.1,2129,9,996.7,29,2,996.8,4,1,996.9,193,4,997.0,1457,6,997.1,749,9
317,2025-11-26 10:03:21+05:30,996.4,1,992.52,1794418,352022.0,372005.0,986.2,998.8,981.3,986.2,119455500,1084.8,887.6,1102.5,649.1,996.5,49,1,996.4,3352,10,996.3,1451,9,996.2,5358,17,996.1,2129,9,996.7,29,2,996.8,4,1,996.9,193,4,997.0,1457,6,997.1,749,9
317,2025-11-26 10:03:22+05:30,996.4,1,992.52,1794419,349892.0,372444.0,986.2,998.8,981.3,986.2,119455500,1084.8,887.6,1102.5,649.1,996.4,873,6,996.3,2099,9,996.2,2270,11,996.1,4595,15,996.0,2400,23,996.7,30,3,996.9,193,4,997.0,1461,7,997.1,764,10,997.2,2643,18
317,2025-11-26 10:03:23+05:30,996.5,34,992.52,1795232,351351.0,371935.0,986.2,998.8,981.3,986.2,119455500,1084.8,887.6,1102.5,649.1,996.4,1267,7,996.3,1578,8,996.2,6840,19,996.1,2319,10,996.0,2471,24,996.7,2,2,996.8,114,2,996.9,220,6,997.0,2089,10,997.1,776,11
317,2025-11-26 10:03:23+05:30,996.4,63,992.52,1795232,351351.0,371935.0,986.2,998.8,981.3,986.2,119455500,1084.8,887.6,1102.5,649.1,996.4,1267,7,996.3,1578,8,996.2,6840,19,996.1,2319,10,996.0,2471,24,996.7,2,2,996.8,114,2,996.9,220,6,997.0,2089,10,997.1,776,11
317,2025-11-26 10:03:24+05:30,996.4,91,992.53,1796136,350790.0,375313.0,986.2,998.8,981.3,986.2,119455500,1084.8,887.6,1102.5,649.1,996.4,658,1,996.3,1448,4,996.2,5092,16,996.1,2319,10,996.0,2661,25,996.8,188,3,996.9,499,10,997.0,7541,20,997.1,1353,10,997.2,2347,18
317,2025-11-26 10:03:24+05:30,996.4,151,992.53,1796136,350790.0,375313.0,986.2,998.8,981.3,986.2,119455500,1084.8,887.6,1102.5,649.1,996.4,658,1,996.3,1448,4,996.2,5092,16,996.1,2319,10,996.0,2661,25,996.8,188,3,996.9,499,10,997.0,7541,20,997.1,1353,10,997.2,2347,18
317,2025-11-26 10:03:25+05:30,996.4,151,992.53,1796287,350495.0,375928.0,986.2,998.8,981.3,986.2,119455500,1084.8,887.6,1102.5,649.1,996.4,507,1,996.3,860,2,996.2,4990,14,996.1,2319,10,996.0,2643,25,996.8,534,7,996.9,1528,16,997.0,7488,19,997.1,1225,9,997.2,2206,18
317,2025-11-26 10:03:25+05:30,996.4,151,992.53,1796287,350495.0,375928.0,986.2,998.8,981.3,986.2,119455500,1084.8,887.6,1102.5,649.1,996.4,507,1,996.3,860,2,996.2,4990,14,996.1,2319,10,996.0,2643,25,996.8,534,7,996.9,1528,16,997.0,7488,19,997.1,1225,9,997.2,2206,18
317,2025-11-26 10:03:26+05:30,996.4,151,992.53,1796438,350372.0,375856.0,986.2,998.8,981.3,986.2,119455500,1084.8,887.6,1102.5,649.1,996.4,356,1,996.3,1416,3,996.2,4924,13,996.1,2319,10,996.0,2590,24,996.8,460,6,996.9,1530,17,997.0,7488,19,997.1,1225,9,997.2,2206,18
317,2025-11-26 10:03:26+05:30,996.9,8,992.53,1796438,350372.0,375856.0,986.2,998.8,981.3,986.2,119455500,1084.8,887.6,1102.5,649.1,996.4,356,1,996.3,1416,3,996.2,4924,13,996.1,2319,10,996.0,2590,24,996.8,460,6,996.9,1530,17,997.0,7488,19,997.1,1225,9,997.2,2206,18
317,2025-11-26 10:03:27+05:30,996.6,750,992.53,1797358,347718.0,376255.0,986.2,998.8,981.3,986.2,119455500,1084.8,887.6,1102.5,649.1,996.3,608,2,996.2,1998,8,996.1,740,6,996.0,4918,31,995.9,2528,13,996.7,83,1,996.8,575,7,996.9,1110,12,997.0,7931,22,997.1,1212,8
317,2025-11-26 10:03:27+05:30,996.7,90,992.53,1797358,347718.0,376255.0,986.2,998.8,981.3,986.2,119455500,1084.8,887.6,1102.5,649.1,996.3,608,2,996.2,1998,8,996.1,740,6,996.0,4918,31,995.9,2528,13,996.7,83,1,996.8,575,7,996.9,1110,12,997.0,7931,22,997.1,1212,8
317,2025-11-26 10:03:28+05:30,996.7,90,992.53,1797448,353225.0,376191.0,986.2,998.8,981.3,986.2,119455500,1084.8,887.6,1102.5,649.1,996.6,210,2,996.4,409,3,996.3,791,6,996.2,6520,16,996.1,2990,9,996.7,291,1,996.8,324,3,996.9,665,10,997.0,7723,20,997.1,724,9
317,2025-11-26 10:03:28+05:30,996.6,141,992.53,1797448,353225.0,376191.0,986.2,998.8,981.3,986.2,119455500,1084.8,887.6,1102.5,649.1,996.6,210,2,996.4,409,3,996.3,791,6,996.2,6520,16,996.1,2990,9,996.7,291,1,996.8,324,3,996.9,665,10,997.0,7723,20,997.1,724,9
317,2025-11-26 10:03:29+05:30,996.7,118,992.53,1797863,350978.0,377015.0,986.2,998.8,981.3,986.2,119455500,1084.8,887.6,1102.5,649.1,996.3,13,1,996.2,3119,7,996.1,739,6,996.0,4905,30,995.9,2520,12,996.6,53,1,996.7,683,5,996.8,380,8,996.9,1302,13,997.0,8268,21
317,2025-11-26 10:03:29+05:30,996.7,118,992.53,1797863,350978.0,377015.0,986.2,998.8,981.3,986.2,119455500,1084.8,887.6,1102.5,649.1,996.3,13,1,996.2,3119,7,996.1,739,6,996.0,4905,30,995.9,2520,12,996.6,53,1,996.7,683,5,996.8,380,8,996.9,1302,13,997.0,8268,21
317,2025-11-26 10:03:30+05:30,996.7,118,992.53,1797863,350596.0,377182.0,986.2,998.8,981.3,986.2,119455500,1084.8,887.6,1102.5,649.1,996.4,100,1,996.3,13,1,996.2,2260,5,996.1,739,6,996.0,5668,32,996.6,274,1,996.7,499,5,996.8,433,9,996.9,1334,14,997.0,8333,22
317,2025-11-26 10:03:30+05:30,996.6,7,992.53,1797863,350596.0,377182.0,986.2,998.8,981.3,986.2,119455500,1084.8,887.6,1102.5,649.1,996.4,100,1,996.3,13,1,996.2,2260,5,996.1,739,6,996.0,5668,32,996.6,274,1,996.7,499,5,996.8,433,9,996.9,1334,14,997.0,8333,22
317,2025-11-26 10:03:31+05:30,996.6,209,992.53,1798771,350381.0,375895.0,986.2,998.8,981.3,986.2,119455500,1084.8,887.6,1102.5,649.1,996.4,1,1,996.3,522,1,996.2,2381,7,996.1,1489,7,996.0,4924,31,996.6,15,1,996.7,256,3,996.8,278,7,996.9,705,16,997.0,7422,15
317,2025-11-26 10:03:31+05:30,996.6,209,992.53,1798771,350381.0,375895.0,986.2,998.8,981.3,986.2,119455500,1084.8,887.6,1102.5,649.1,996.4,1,1,996.3,522,1,996.2,2381,7,996.1,1489,7,996.0,4924,31,996.6,15,1,996.7,256,3,996.8,278,7,996.9,705,16,997.0,7422,15
317,2025-11-26 10:03:32+05:30,996.6,209,992.53,1798771,350463.0,376599.0,986.2,998.8,981.3,986.2,119455500,1084.8,887.6,1102.5,649.1,996.4,18,2,996.3,522,1,996.2,2381,7,996.1,1489,7,996.0,4924,31,996.6,15,1,996.7,256,3,996.8,592,9,996.9,905,17,997.0,7422,15
317,2025-11-26 10:03:32+05:30,996.4,150,992.53,1798771,350463.0,376599.0,986.2,998.8,981.3,986.2,119455500,1084.8,887.6,1102.5,649.1,996.4,18,2,996.3,522,1,996.2,2381,7,996.1,1489,7,996.0,4924,31,996.6,15,1,996.7,256,3,996.8,592,9,996.9,905,17,997.0,7422,15
317,2025-11-26 10:03:33+05:30,996.7,21,992.53,1798972,349399.0,376856.0,986.2,998.8,981.3,986.2,119455500,1084.8,887.6,1102.5,649.1,996.3,112,1,996.2,2513,8,996.1,1488,7,996.0,4913,30,995.9,2542,13,996.6,1,1,996.7,235,3,996.8,1276,12,996.9,905,13,997.0,8093,21
317,2025-11-26 10:03:33+05:30,996.3,112,992.53,1798972,349399.0,376856.0,986.2,998.8,981.3,986.2,119455500,1084.8,887.6,1102.5,649.1,996.3,112,1,996.2,2513,8,996.1,1488,7,996.0,4913,30,995.9,2542,13,996.6,1,1,996.7,235,3,996.8,1276,12,996.9,905,13,997.0,8093,21
317,2025-11-26 10:03:34+05:30,996.3,112,992.53,1799084,350174.0,376965.0,986.2,998.8,981.3,986.2,119455500,1084.8,887.6,1102.5,649.1,996.2,2349,5,996.1,1488,7,996.0,4913,30,995.9,2534,12,995.8,1464,11,996.6,1,1,996.7,286,4,996.8,1391,16,996.9,924,13,997.0,8038,19
317,2025-11-26 10:03:35+05:30,996.3,112,992.53,1799084,350166.0,376949.0,986.2,998.8,981.3,986.2,119455500,1084.8,887.6,1102.5,649.1,996.2,2349,5,996.1,1488,7,996.0,4913,30,995.9,2534,12,995.8,1464,11,996.6,1,1,996.7,286,4,996.8,1395,17,996.9,924,13,997.0,8038,19
317,2025-11-26 10:03:36+05:30,996.7,4,992.53,1799089,352664.0,376683.0,986.2,998.8,981.3,986.2,119455500,1084.8,887.6,1102.5,649.1,996.3,1702,6,996.2,1999,10,996.1,6903,18,996.0,2637,25,995.9,1845,15,996.7,231,3,996.8,394,8,996.9,768,11,997.0,7596,20,997.1,721,10
317,2025-11-26 10:03:36+05:30,996.7,4,992.53,1799089,352664.0,376683.0,986.2,998.8,981.3,986.2,119455500,1084.8,887.6,1102.5,649.1,996.3,1702,6,996.2,1999,10,996.1,6903,18,996.0,2637,25,995.9,1845,15,996.7,231,3,996.8,394,8,996.9,768,11,997.0,7596,20,997.1,721,10
317,2025-11-26 10:03:37+05:30,996.5,63,992.54,1799902,350231.0,376939.0,986.2,998.8,981.3,986.2,119455500,1084.8,887.6,1102.5,649.1,996.6,3,1,996.4,512,1,996.3,1120,4,996.2,1558,8,996.1,4538,13,996.7,245,5,996.8,508,9,996.9,766,11,997.0,7628,18,997.1,1282,11
317,2025-11-26 10:03:37+05:30,996.5,63,992.54,1799902,350231.0,376939.0,986.2,998.8,981.3,986.2,119455500,1084.8,887.6,1102.5,649.1,996.6,3,1,996.4,512,1,996.3,1120,4,996.2,1558,8,996.1,4538,13,996.7,245,5,996.8,508,9,996.9,766,11,997.0,7628,18,997.1,1282,11
317,2025-11-26 10:03:38+05:30,996.3,145,992.54,1800167,349714.0,377462.0,986.2,998.8,981.3,986.2,119455500,1084.8,887.6,1102.5,649.1,996.3,800,3,996.2,1614,8,996.1,4551,14,996.0,2688,26,995.9,1784,11,996.7,349,6,996.8,379,7,996.9,1318,12,997.0,7847,22,997.1,1084,9
317,2025-11-26 10:03:38+05:30,996.3,145,992.54,1800167,349714.0,377462.0,986.2,998.8,981.3,986.2,119455500,1084.8,887.6,1102.5,649.1,996.3,800,3,996.2,1614,8,996.1,4551,14,996.0,2688,26,995.9,1784,11,996.7,349,6,996.8,379,7,996.9,1318,12,997.0,7847,22,997.1,1084,9
317,2025-11-26 10:03:39+05:30,996.3,96,992.54,1800402,349078.0,377749.0,986.2,998.8,981.3,986.2,119455500,1084.8,887.6,1102.5,649.1,996.3,1172,6,996.2,1613,8,996.1,4551,14,996.0,2645,26,995.9,1784,11,996.7,346,6,996.8,343,5,996.9,1360,12,997.0,7844,23,997.1,1143,11
317,2025-11-26 10:03:39+05:30,996.3,96,992.54,1800402,349078.0,377749.0,986.2,998.8,981.3,986.2,119455500,1084.8,887.6,1102.5,649.1,996.3,1172,6,996.2,1613,8,996.1,4551,14,996.0,2645,26,995.9,1784,11,996.7,346,6,996.8,343,5,996.9,1360,12,997.0,7844,23,997.1,1143,11
317,2025-11-26 10:03:40+05:30,996.7,1,992.54,1800402,349078.0,377749.0,986.2,998.8,981.3,986.2,119455500,1084.8,887.6,1102.5,649.1,996.3,1172,6,996.2,1613,8,996.1,4551,14,996.0,2645,26,995.9,1784,11,996.7,346,6,996.8,343,5,996.9,1360,12,997.0,7844,23,997.1,1143,11
317,2025-11-26 10:03:40+05:30,996.7,1,992.54,1801299,352692.0,373870.0,986.2,998.8,981.3,986.2,119455500,1084.8,887.6,1102.5,649.1,996.7,603,1,996.5,171,2,996.4,735,4,996.3,1415,9,996.2,6645,18,996.9,36,2,997.0,7054,13,997.1,563,8,997.2,1683,11,997.3,646,12
317,2025-11-26 10:03:41+05:30,996.7,30,992.54,1801299,352692.0,373870.0,986.2,998.8,981.3,986.2,119455500,1084.8,887.6,1102.5,649.1,996.7,603,1,996.5,171,2,996.4,735,4,996.3,1415,9,996.2,6645,18,996.9,36,2,997.0,7054,13,997.1,563,8,997.2,1683,11,997.3,646,12
317,2025-11-26 10:03:41+05:30,996.7,30,992.54,1801474,351202.0,373906.0,986.2,998.8,981.3,986.2,119455500,1084.8,887.6,1102.5,649.1,996.7,428,1,996.6,1,1,996.5,87,1,996.4,952,4,996.3,929,8,996.9,2,1,997.0,6990,12,997.1,563,8,997.2,1683,11,997.3,828,12
317,2025-11-26 10:03:42+05:30,996.7,30,992.54,1801474,351168.0,374349.0,986.2,998.8,981.3,986.2,119455500,1084.8,887.6,1102.5,649.1,996.7,428,1,996.6,11,2,996.5,87,1,996.4,954,5,996.3,929,8,996.9,2,1,997.0,7367,12,997.1,573,9,997.2,1699,14,997.3,838,13
317,2025-11-26 10:03:43+05:30,996.7,5,992.54,1801474,351168.0,374349.0,986.2,998.8,981.3,986.2,119455500,1084.8,887.6,1102.5,649.1,996.7,428,1,996.6,11,2,996.5,87,1,996.4,954,5,996.3,929,8,996.9,2,1,997.0,7367,12,997.1,573,9,997.2,1699,14,997.3,838,13
317,2025-11-26 10:03:43+05:30,996.7,5,992.54,1801479,350709.0,373974.0,986.2,998.8,981.3,986.2,119455500,1084.8,887.6,1102.5,649.1,996.7,423,1,996.6,11,2,996.5,87,1,996.4,458,2,996.3,1292,9,996.9,52,2,997.0,7416,13,997.1,573,9,997.2,1699,14,997.3,622,10
317,2025-11-26 10:03:44+05:30,996.7,5,992.54,1801479,350747.0,374453.0,986.2,998.8,981.3,986.2,119455500,1084.8,887.6,1102.5,649.1,996.7,423,1,996.6,11,2,996.5,87,1,996.4,458,2,996.3,1292,9,996.9,164,4,997.0,7366,12,997.1,573,9,997.2,1699,14,997.3,622,10
317,2025-11-26 10:03:45+05:30,996.7,1,992.54,1801479,350747.0,374453.0,986.2,998.8,981.3,986.2,119455500,1084.8,887.6,1102.5,649.1,996.7,423,1,996.6,11,2,996.5,87,1,996.4,458,2,996.3,1292,9,996.9,164,4,997.0,7366,12,997.1,573,9,997.2,1699,14,997.3,622,10
317,2025-11-26 10:03:45+05:30,996.7,1,992.54,1801512,351074.0,373944.0,986.2,998.8,981.3,986.2,119455500,1084.8,887.6,1102.5,649.1,996.7,435,2,996.6,11,2,996.5,87,1,996.4,458,2,996.3,1292,9,996.9,71,3,997.0,7416,13,997.1,581,10,997.2,1699,14,997.3,622,10
317,2025-11-26 10:03:46+05:30,996.1,61,992.54,1801512,351074.0,373944.0,986.2,998.8,981.3,986.2,119455500,1084.8,887.6,1102.5,649.1,996.7,435,2,996.6,11,2,996.5,87,1,996.4,458,2,996.3,1292,9,996.9,71,3,997.0,7416,13,997.1,581,10,997.2,1699,14,997.3,622,10
317,2025-11-26 10:03:47+05:30,996.1,61,992.55,1806512,349273.0,376948.0,986.2,998.8,981.3,986.2,119455500,1084.8,887.6,1102.5,649.1,996.3,750,1,996.2,2445,5,996.1,4459,14,996.0,2449,26,995.9,1787,14,996.7,304,3,996.8,680,7,996.9,1131,11,997.0,7556,14,997.1,2110,16
317,2025-11-26 10:03:47+05:30,996.3,63,992.55,1806512,349273.0,376948.0,986.2,998.8,981.3,986.2,119455500,1084.8,887.6,1102.5,649.1,996.3,750,1,996.2,2445,5,996.1,4459,14,996.0,2449,26,995.9,1787,14,996.7,304,3,996.8,680,7,996.9,1131,11,997.0,7556,14,997.1,2110,16
317,2025-11-26 10:03:48+05:30,996.3,125,992.55,1807038,350368.0,378608.0,986.2,998.8,981.3,986.2,119455500,1084.8,887.6,1102.5,649.1,996.3,224,1,996.2,2250,3,996.1,4522,14,996.0,2391,24,995.9,1787,14,996.5,4,1,996.7,1177,8,996.8,680,7,996.9,1401,15,997.0,8131,15
317,2025-11-26 10:03:48+05:30,996.3,200,992.55,1807038,350368.0,378608.0,986.2,998.8,981.3,986.2,119455500,1084.8,887.6,1102.5,649.1,996.3,224,1,996.2,2250,3,996.1,4522,14,996.0,2391,24,995.9,1787,14,996.5,4,1,996.7,1177,8,996.8,680,7,996.9,1401,15,997.0,8131,15
317,2025-11-26 10:03:49+05:30,996.6,1,992.55,1808217,346932.0,378743.0,986.2,998.8,981.3,986.2,119455500,1084.8,887.6,1102.5,649.1,996.3,550,1,996.2,1500,2,996.1,5621,12,996.0,2347,23,995.9,1755,13,996.6,224,5,996.7,1359,14,996.8,884,14,996.9,1190,12,997.0,8327,15
317,2025-11-26 10:03:49+05:30,996.3,145,992.55,1808217,346932.0,378743.0,986.2,998.8,981.3,986.2,119455500,1084.8,887.6,1102.5,649.1,996.3,550,1,996.2,1500,2,996.1,5621,12,996.0,2347,23,995.9,1755,13,996.6,224,5,996.7,1359,14,996.8,884,14,996.9,1190,12,997.0,8327,15
317,2025-11-26 10:03:50+05:30,996.3,145,992.55,1808362,346882.0,378031.0,986.2,998.8,981.3,986.2,119455500,1084.8,887.6,1102.5,649.1,996.3,405,1,996.2,1500,2,996.1,5586,12,996.0,2347,23,995.9,1805,14,996.6,547,5,996.7,1326,10,996.8,827,10,996.9,1190,12,997.0,8217,15
317,2025-11-26 10:03:50+05:30,996.3,112,992.55,1808362,346882.0,378031.0,986.2,998.8,981.3,986.2,119455500,1084.8,887.6,1102.5,649.1,996.3,405,1,996.2,1500,2,996.1,5586,12,996.0,2347,23,995.9,1805,14,996.6,547,5,996.7,1326,10,996.8,827,10,996.9,1190,12,997.0,8217,15
317,2025-11-26 10:03:51+05:30,996.6,20,992.55,1808767,347263.0,378620.0,986.2,998.8,981.3,986.2,119455500,1084.8,887.6,1102.5,649.1,996.3,18,1,996.2,1500,2,996.1,6334,12,996.0,2395,24,995.9,1798,13,996.6,531,6,996.7,1440,14,996.8,827,10,996.9,739,13,997.0,8202,15
317,2025-11-26 10:03:51+05:30,996.3,145,992.55,1808767,347263.0,378620.0,986.2,998.8,981.3,986.2,119455500,1084.8,887.6,1102.5,649.1,996.3,18,1,996.2,1500,2,996.1,6334,12,996.0,2395,24,995.9,1798,13,996.6,531,6,996.7,1440,14,996.8,827,10,996.9,739,13,997.0,8202,15
317,2025-11-26 10:03:52+05:30,996.3,145,992.55,1808912,347771.0,378120.0,986.2,998.8,981.3,986.2,119455500,1084.8,887.6,1102.5,649.1,996.3,768,2,996.2,1500,2,996.1,6500,12,996.0,2395,24,995.9,1737,9,996.6,585,5,996.7,1408,11,996.8,875,13,996.9,1204,13,997.0,8405,17
317,2025-11-26 10:03:53+05:30,996.3,145,992.55,1808912,347925.0,378867.0,986.2,998.8,981.3,986.2,119455500,1084.8,887.6,1102.5,649.1,996.3,768,2,996.2,1500,2,996.1,6526,14,996.0,2395,24,995.9,1798,13,996.6,464,3,996.7,1461,12,996.8,890,14,996.9,1241,13,997.0,8418,18
317,2025-11-26 10:03:54+05:30,996.4,104,992.55,1809016,348371.0,378573.0,986.2,998.8,981.3,986.2,119455500,1084.8,887.6,1102.5,649.1,996.4,8,1,996.3,768,2,996.2,2005,3,996.1,4808,8,996.0,3192,30,996.6,394,2,996.7,1231,8,996.8,714,10,996.9,776,15,997.0,7918,17
317,2025-11-26 10:03:54+05:30,996.4,104,992.55,1809016,348371.0,378573.0,986.2,998.8,981.3,986.2,119455500,1084.8,887.6,1102.5,649.1,996.4,8,1,996.3,768,2,996.2,2005,3,996.1,4808,8,996.0,3192,30,996.6,394,2,996.7,1231,8,996.8,714,10,996.9,776,15,997.0,7918,17
317,2025-11-26 10:03:55+05:30,996.4,104,992.55,1809016,348401.0,376918.0,986.2,998.8,981.3,986.2,119455500,1084.8,887.6,1102.5,649.1,996.4,8,1,996.3,768,2,996.2,2005,3,996.1,4821,9,996.0,3311,30,996.6,395,3,996.7,1231,8,996.8,714,10,996.9,876,16,997.0,7918,17
317,2025-11-26 10:03:55+05:30,996.6,5,992.55,1809016,348401.0,376918.0,986.2,998.8,981.3,986.2,119455500,1084.8,887.6,1102.5,649.1,996.4,8,1,996.3,768,2,996.2,2005,3,996.1,4821,9,996.0,3311,30,996.6,395,3,996.7,1231,8,996.8,714,10,996.9,876,16,997.0,7918,17
317,2025-11-26 10:03:56+05:30,996.6,5,992.55,1809021,348826.0,376359.0,986.2,998.8,981.3,986.2,119455500,1084.8,887.6,1102.5,649.1,996.4,8,1,996.3,789,3,996.2,2007,4,996.1,5024,11,996.0,3342,29,996.6,390,3,996.7,1178,7,996.8,671,8,996.9,1395,16,997.0,7455,13
317,2025-11-26 10:03:57+05:30,996.6,5,992.55,1809021,348902.0,375743.0,986.2,998.8,981.3,986.2,119455500,1084.8,887.6,1102.5,649.1,996.4,8,1,996.3,789,3,996.2,2080,6,996.1,5140,13,996.0,3342,29,996.6,390,3,996.7,884,5,996.8,502,7,996.9,1393,15,997.0,7452,13
317,2025-11-26 10:03:58+05:30,996.6,20,992.55,1809041,348923.0,375736.0,986.2,998.8,981.3,986.2,119455500,1084.8,887.6,1102.5,649.1,996.4,8,1,996.3,809,4,996.2,2032,5,996.1,5140,13,996.0,3342,29,996.6,370,3,996.7,884,5,996.8,551,8,996.9,864,14,997.0,7452,13
317,2025-11-26 10:03:58+05:30,996.6,20,992.55,1809041,348923.0,375736.0,986.2,998.8,981.3,986.2,119455500,1084.8,887.6,1102.5,649.1,996.4,8,1,996.3,809,4,996.2,2032,5,996.1,5140,13,996.0,3342,29,996.6,370,3,996.7,884,5,996.8,551,8,996.9,864,14,997.0,7452,13
317,2025-11-26 10:03:59+05:30,996.6,20,992.55,1809041,348923.0,375736.0,986.2,998.8,981.3,986.2,119455500,1084.8,887.6,1102.5,649.1,996.4,8,1,996.3,809,4,996.2,2032,5,996.1,5140,13,996.0,3342,29,996.6,370,3,996.7,884,5,996.8,551,8,996.9,864,14,997.0,7452,13
317,2025-11-26 10:03:59+05:30,996.3,98,992.56,1809939,345954.0,375452.0,986.2,998.8,981.3,986.2,119455500,1084.8,887.6,1102.5,649.1,996.3,28,2,996.2,2446,7,996.1,614,5,996.0,5612,33,995.9,2330,9,996.6,50,2,996.7,788,5,996.8,449,6,996.9,781,15,997.0,7927,14
317,2025-11-26 10:03:59+05:30,996.3,98,992.56,1809939,345954.0,375452.0,986.2,998.8,981.3,986.2,119455500,1084.8,887.6,1102.5,649.1,996.3,28,2,996.2,2446,7,996.1,614,5,996.0,5612,33,995.9,2330,9,996.6,50,2,996.7,788,5,996.8,449,6,996.9,781,15,997.0,7927,14
317,2025-11-26 10:03:59+05:30,996.3,98,992.56,1809939,345954.0,375452.0,986.2,998.8,981.3,986.2,119455500,1084.8,887.6,1102.5,649.1,996.3,28,2,996.2,2446,7,996.1,614,5,996.0,5612,33,995.9,2330,9,996.6,50,2,996.7,788,5,996.8,449,6,996.9,781,15,997.0,7927,14
317,2025-11-26 10:04:00+05:30,996.3,98,992.56,1809939,345954.0,375452.0,986.2,998.8,981.3,986.2,119455500,1084.8,887.6,1102.5,649.1,996.3,28,2,996.2,2446,7,996.1,614,5,996.0,5612,33,995.9,2330,9,996.6,50,2,996.7,788,5,996.8,449,6,996.9,781,15,997.0,7927,14
317,2025-11-26 10:04:00+05:30,996.2,125,992.56,1809939,345954.0,375452.0,986.2,998.8,981.3,986.2,119455500,1084.8,887.6,1102.5,649.1,996.3,28,2,996.2,2446,7,996.1,614,5,996.0,5612,33,995.9,2330,9,996.6,50,2,996.7,788,5,996.8,449,6,996.9,781,15,997.0,7927,14
317,2025-11-26 10:04:00+05:30,996.2,125,992.56,1810084,347638.0,376136.0,986.2,998.8,981.3,986.2,119455500,1084.8,887.6,1102.5,649.1,996.2,2029,4,996.1,994,4,996.0,6303,32,995.9,2330,9,995.8,1581,8,996.5,14,1,996.6,50,2,996.7,1035,8,996.8,498,8,996.9,1369,17
317,2025-11-26 10:04:00+05:30,996.2,125,992.56,1810084,347638.0,376136.0,986.2,998.8,981.3,986.2,119455500,1084.8,887.6,1102.5,649.1,996.2,2029,4,996.1,994,4,996.0,6303,32,995.9,2330,9,995.8,1581,8,996.5,14,1,996.6,50,2,996.7,1035,8,996.8,498,8,996.9,1369,17
317,2025-11-26 10:04:01+05:30,996.2,125,992.56,1810084,347638.0,376136.0,986.2,998.8,981.3,986.2,119455500,1084.8,887.6,1102.5,649.1,996.2,2029,4,996.1,994,4,996.0,6303,32,995.9,2330,9,995.8,1581,8,996.5,14,1,996.6,50,2,996.7,1035,8,996.8,498,8,996.9,1369,17
317,2025-11-26 10:04:01+05:30,996.6,5,992.56,1810084,347638.0,376136.0,986.2,998.8,981.3,986.2,119455500,1084.8,887.6,1102.5,649.1,996.2,2029,4,996.1,994,4,996.0,6303,32,995.9,2330,9,995.8,1581,8,996.5,14,1,996.6,50,2,996.7,1035,8,996.8,498,8,996.9,1369,17
317,2025-11-26 10:04:01+05:30,996.6,5,992.56,1810084,347638.0,376136.0,986.2,998.8,981.3,986.2,119455500,1084.8,887.6,1102.5,649.1,996.2,2029,4,996.1,994,4,996.0,6303,32,995.9,2330,9,995.8,1581,8,996.5,14,1,996.6,50,2,996.7,1035,8,996.8,498,8,996.9,1369,17
317,2025-11-26 10:04:01+05:30,996.6,10,992.56,1810144,347430.0,375328.0,986.2,998.8,981.3,986.2,119455500,1084.8,887.6,1102.5,649.1,996.2,2126,6,996.1,554,5,996.0,6312,33,995.9,2330,9,995.8,2331,9,996.6,248,3,996.7,910,5,996.8,430,7,996.9,1426,19,997.0,8020,17
317,2025-11-26 10:04:02+05:30,996.6,10,992.56,1810144,347430.0,375328.0,986.2,998.8,981.3,986.2,119455500,1084.8,887.6,1102.5,649.1,996.2,2126,6,996.1,554,5,996.0,6312,33,995.9,2330,9,995.8,2331,9,996.6,248,3,996.7,910,5,996.8,430,7,996.9,1426,19,997.0,8020,17
317,2025-11-26 10:04:02+05:30,996.6,10,992.56,1810144,347430.0,375328.0,986.2,998.8,981.3,986.2,119511000,1084.8,887.6,1102.5,649.1,996.2,2126,6,996.1,554,5,996.0,6312,33,995.9,2330,9,995.8,2331,9,996.6,248,3,996.7,910,5,996.8,430,7,996.9,1426,19,997.0,8020,17
317,2025-11-26 10:04:02+05:30,996.6,10,992.56,1810144,347430.0,375328.0,986.2,998.8,981.3,986.2,119511000,1084.8,887.6,1102.5,649.1,996.2,2126,6,996.1,554,5,996.0,6312,33,995.9,2330,9,995.8,2331,9,996.6,248,3,996.7,910,5,996.8,430,7,996.9,1426,19,997.0,8020,17
317,2025-11-26 10:04:02+05:30,996.6,10,992.56,1810144,347430.0,375328.0,986.2,998.8,981.3,986.2,119511000,1084.8,887.6,1102.5,649.1,996.2,2126,6,996.1,554,5,996.0,6312,33,995.9,2330,9,995.8,2331,9,996.6,248,3,996.7,910,5,996.8,430,7,996.9,1426,19,997.0,8020,17
317,2025-11-26 10:04:03+05:30,996.6,10,992.56,1810144,347430.0,375328.0,986.2,998.8,981.3,986.2,119511000,1084.8,887.6,1102.5,649.1,996.2,2126,6,996.1,554,5,996.0,6312,33,995.9,2330,9,995.8,2331,9,996.6,248,3,996.7,910,5,996.8,430,7,996.9,1426,19,997.0,8020,17
317,2025-11-26 10:04:03+05:30,996.6,10,992.56,1810144,345879.0,374868.0,986.2,998.8,981.3,986.2,119511000,1084.8,887.6,1102.5,649.1,996.3,553,3,996.2,888,10,996.1,5760,14,996.0,2603,28,995.9,2330,9,996.6,248,3,996.7,626,3,996.8,8,2,996.9,656,9,997.0,7488,13
317,2025-11-26 10:04:03+05:30,996.6,1,992.56,1810144,345879.0,374868.0,986.2,998.8,981.3,986.2,119511000,1084.8,887.6,1102.5,649.1,996.3,553,3,996.2,888,10,996.1,5760,14,996.0,2603,28,995.9,2330,9,996.6,248,3,996.7,626,3,996.8,8,2,996.9,656,9,997.0,7488,13
317,2025-11-26 10:04:04+05:30,996.6,1,992.56,1810485,350402.0,374618.0,986.2,998.8,981.3,986.2,119511000,1084.8,887.6,1102.5,649.1,996.6,311,1,996.4,6702,13,996.3,1201,8,996.2,2135,9,996.1,619,6,996.7,539,2,996.8,22,2,996.9,818,12,997.0,7192,10,997.1,738,11
317,2025-11-26 10:04:05+05:30,996.7,7,992.56,1811546,353362.0,371863.0,986.2,998.8,981.3,986.2,119511000,1084.8,887.6,1102.5,649.1,996.6,1388,3,996.5,1638,4,996.4,4019,9,996.3,1568,8,996.2,2185,10,996.7,18,1,996.8,6,1,996.9,119,3,997.0,6927,12,997.1,660,7
317,2025-11-26 10:04:05+05:30,996.7,3,992.56,1811546,353362.0,371863.0,986.2,998.8,981.3,986.2,119511000,1084.8,887.6,1102.5,649.1,996.6,1388,3,996.5,1638,4,996.4,4019,9,996.3,1568,8,996.2,2185,10,996.7,18,1,996.8,6,1,996.9,119,3,997.0,6927,12,997.1,660,7
317,2025-11-26 10:04:06+05:30,996.7,3,992.56,1811569,352698.0,372850.0,986.2,998.8,981.3,986.2,119511000,1084.8,887.6,1102.5,649.1,996.6,2138,4,996.5,840,2,996.4,5083,14,996.3,2349,10,996.2,1435,9,996.7,20,1,996.8,6,1,996.9,119,3,997.0,6950,13,997.1,669,8
317,2025-11-26 10:04:06+05:30,996.6,290,992.56,1811569,352698.0,372850.0,986.2,998.8,981.3,986.2,119511000,1084.8,887.6,1102.5,649.1,996.6,2138,4,996.5,840,2,996.4,5083,14,996.3,2349,10,996.2,1435,9,996.7,20,1,996.8,6,1,996.9,119,3,997.0,6950,13,997.1,669,8
317,2025-11-26 10:04:07+05:30,996.6,290,992.56,1811859,354011.0,372895.0,986.2,998.8,981.3,986.2,119511000,1084.8,887.6,1102.5,649.1,996.6,1858,5,996.5,750,1,996.4,4889,12,996.3,1616,9,996.2,2185,10,996.7,20,1,996.8,6,1,996.9,119,3,997.0,7017,14,997.1,669,8
317,2025-11-26 10:04:07+05:30,996.7,2,992.56,1811859,354011.0,372895.0,986.2,998.8,981.3,986.2,119511000,1084.8,887.6,1102.5,649.1,996.6,1858,5,996.5,750,1,996.4,4889,12,996.3,1616,9,996.2,2185,10,996.7,20,1,996.8,6,1,996.9,119,3,997.0,7017,14,997.1,669,8
317,2025-11-26 10:04:08+05:30,996.7,2,992.56,1811881,349875.0,372013.0,986.2,998.8,981.3,986.2,119511000,1084.8,887.6,1102.5,649.1,996.7,78,1,996.6,1858,5,996.5,750,1,996.4,4889,12,996.3,2318,9,996.8,6,1,996.9,163,3,997.0,7094,17,997.1,669,8,997.2,986,10
317,2025-11-26 10:04:09+05:30,996.8,1,992.56,1811887,353895.0,372071.0,986.2,998.8,981.3,986.2,119511000,1084.8,887.6,1102.5,649.1,996.7,90,2,996.6,1845,4,996.5,750,1,996.4,4955,13,996.3,2318,9,996.8,1,1,996.9,163,3,997.0,7046,16,997.1,679,9,997.2,1534,12
317,2025-11-26 10:04:09+05:30,996.8,1,992.56,1811887,353895.0,372071.0,986.2,998.8,981.3,986.2,119511000,1084.8,887.6,1102.5,649.1,996.7,90,2,996.6,1845,4,996.5,750,1,996.4,4955,13,996.3,2318,9,996.8,1,1,996.9,163,3,997.0,7046,16,997.1,679,9,997.2,1534,12
317,2025-11-26 10:04:10+05:30,996.8,1,992.56,1811887,349943.0,372163.0,986.2,998.8,981.3,986.2,119511000,1084.8,887.6,1102.5,649.1,996.7,90,2,996.6,1845,4,996.5,815,2,996.4,4955,13,996.3,2318,9,996.8,1,1,996.9,116,2,997.0,6998,14,997.1,679,9,997.2,1489,12
317,2025-11-26 10:04:11+05:30,996.9,55,992.56,1812367,340229.0,372780.0,986.2,998.8,981.3,986.2,119511000,1084.8,887.6,1102.5,649.1,996.6,760,2,996.5,85,1,996.4,1565,3,996.3,1946,9,996.2,3838,13,996.9,411,5,997.0,7448,18,997.1,1213,8,997.2,2289,17,997.3,1503,15
317,2025-11-26 10:04:11+05:30,996.9,55,992.56,1812367,340229.0,372780.0,986.2,998.8,981.3,986.2,119511000,1084.8,887.6,1102.5,649.1,996.6,760,2,996.5,85,1,996.4,1565,3,996.3,1946,9,996.2,3838,13,996.9,411,5,997.0,7448,18,997.1,1213,8,997.2,2289,17,997.3,1503,15
317,2025-11-26 10:04:12+05:30,996.4,50,992.56,1812512,339354.0,374207.0,986.2,998.8,981.3,986.2,119511000,1084.8,887.6,1102.5,649.1,996.4,750,1,996.3,1643,6,996.2,577,8,996.1,4674,16,996.0,2927,30,996.8,226,3,996.9,414,6,997.0,8023,22,997.1,1234,11,997.2,2453,21
317,2025-11-26 10:04:12+05:30,996.4,50,992.56,1812512,339354.0,374207.0,986.2,998.8,981.3,986.2,119511000,1084.8,887.6,1102.5,649.1,996.4,750,1,996.3,1643,6,996.2,577,8,996.1,4674,16,996.0,2927,30,996.8,226,3,996.9,414,6,997.0,8023,22,997.1,1234,11,997.2,2453,21
317,2025-11-26 10:04:13+05:30,996.4,50,992.56,1812512,339113.0,373762.0,986.2,998.8,981.3,986.2,119511000,1084.8,887.6,1102.5,649.1,996.3,2391,6,996.2,512,8,996.1,4657,17,996.0,2947,31,995.9,2431,14,996.8,341,5,996.9,1070,9,997.0,8011,22,997.1,1234,11,997.2,2100,20
317,2025-11-26 10:04:14+05:30,996.8,10,992.56,1812522,341545.0,372991.0,986.2,998.8,981.3,986.2,119511000,1084.8,887.6,1102.5,649.1,996.4,1043,6,996.3,1643,6,996.2,4355,14,996.1,2379,11,996.0,2947,31,996.8,331,5,996.9,453,7,997.0,7607,20,997.1,1277,12,997.2,2067,20
317,2025-11-26 10:04:14+05:30,996.8,10,992.56,1812522,341545.0,372991.0,986.2,998.8,981.3,986.2,119511000,1084.8,887.6,1102.5,649.1,996.4,1043,6,996.3,1643,6,996.2,4355,14,996.1,2379,11,996.0,2947,31,996.8,331,5,996.9,453,7,997.0,7607,20,997.1,1277,12,997.2,2067,20
317,2025-11-26 10:04:15+05:30,996.8,2,992.56,1812524,342724.0,371291.0,986.2,998.8,981.3,986.2,119511000,1084.8,887.6,1102.5,649.1,996.4,1742,6,996.3,2082,10,996.2,5273,15,996.1,2370,10,996.0,2205,31,996.8,81,3,996.9,580,4,997.0,7166,16,997.1,777,11,997.2,1870,18
317,2025-11-26 10:04:16+05:30,996.8,2,992.56,1812524,342724.0,371291.0,986.2,998.8,981.3,986.2,119511000,1084.8,887.6,1102.5,649.1,996.4,1742,6,996.3,2082,10,996.2,5273,15,996.1,2370,10,996.0,2205,31,996.8,81,3,996.9,580,4,997.0,7166,16,997.1,777,11,997.2,1870,18
317,2025-11-26 10:04:17+05:30,996.8,2,992.56,1812524,343250.0,371300.0,986.2,998.8,981.3,986.2,119511000,1084.8,887.6,1102.5,649.1,996.4,1785,7,996.3,1853,8,996.2,5273,15,996.1,2370,10,996.0,2205,31,996.8,81,3,996.9,580,4,997.0,7166,16,997.1,777,11,997.2,1870,18
317,2025-11-26 10:04:18+05:30,996.8,2,992.56,1812524,340507.0,373604.0,986.2,998.8,981.3,986.2,119511000,1084.8,887.6,1102.5,649.1,996.4,176,2,996.3,2603,9,996.2,790,8,996.1,4646,15,996.0,2955,32,996.8,201,4,996.9,705,5,997.0,7171,17,997.1,1277,12,997.2,2177,18
317,2025-11-26 10:04:19+05:30,996.8,2,992.56,1812529,340921.0,372677.0,986.2,998.8,981.3,986.2,119511000,1084.8,887.6,1102.5,649.1,996.4,718,3,996.3,2591,8,996.2,790,8,996.1,4629,14,996.0,2939,31,996.8,179,4,996.9,693,5,997.0,7351,20,997.1,1277,12,997.2,1400,18
317,2025-11-26 10:04:19+05:30,996.8,20,992.56,1812529,340921.0,372677.0,986.2,998.8,981.3,986.2,119511000,1084.8,887.6,1102.5,649.1,996.4,718,3,996.3,2591,8,996.2,790,8,996.1,4629,14,996.0,2939,31,996.8,179,4,996.9,693,5,997.0,7351,20,997.1,1277,12,997.2,1400,18
317,2025-11-26 10:04:20+05:30,996.4,1,992.56,1812550,341065.0,372350.0,986.2,998.8,981.3,986.2,119511000,1084.8,887.6,1102.5,649.1,996.4,779,5,996.3,2829,11,996.2,747,7,996.1,4646,15,996.0,2955,32,996.8,159,4,996.9,693,5,997.0,7244,18,997.1,1320,13,997.2,1391,17
317,2025-11-26 10:04:20+05:30,996.4,1,992.56,1812550,341065.0,372350.0,986.2,998.8,981.3,986.2,119511000,1084.8,887.6,1102.5,649.1,996.4,779,5,996.3,2829,11,996.2,747,7,996.1,4646,15,996.0,2955,32,996.8,159,4,996.9,693,5,997.0,7244,18,997.1,1320,13,997.2,1391,17
317,2025-11-26 10:04:21+05:30,996.4,1,992.56,1812550,343170.0,371834.0,986.2,998.8,981.3,986.2,119511000,1084.8,887.6,1102.5,649.1,996.4,1688,8,996.3,2279,11,996.2,5273,15,996.1,2370,10,996.0,2205,31,996.8,159,4,996.9,693,5,997.0,7244,18,997.1,820,12,997.2,1891,18
317,2025-11-26 10:04:22+05:30,996.4,1,992.56,1812550,342617.0,372651.0,986.2,998.8,981.3,986.2,119511000,1084.8,887.6,1102.5,649.1,996.4,124,2,996.3,2590,8,996.2,747,7,996.1,5398,17,996.0,2955,32,996.7,5000,1,996.8,431,7,996.9,690,4,997.0,2305,17,997.1,2076,15
317,2025-11-26 10:04:23+05:30,996.7,1,992.56,1812551,342298.0,372839.0,986.2,998.8,981.3,986.2,119511000,1084.8,887.6,1102.5,649.1,996.4,124,2,996.3,2390,7,996.2,617,6,996.1,4604,15,996.0,2935,32,996.7,5180,2,996.8,660,9,996.9,1052,7,997.0,2129,14,997.1,2076,15
317,2025-11-26 10:04:23+05:30,996.7,1,992.56,1812551,342298.0,372839.0,986.2,998.8,981.3,986.2,119511000,1084.8,887.6,1102.5,649.1,996.4,124,2,996.3,2390,7,996.2,617,6,996.1,4604,15,996.0,2935,32,996.7,5180,2,996.8,660,9,996.9,1052,7,997.0,2129,14,997.1,2076,15
317,2025-11-26 10:04:24+05:30,996.7,111,992.56,1812662,342079.0,372701.0,986.2,998.8,981.3,986.2,119511000,1084.8,887.6,1102.5,649.1,996.4,13,1,996.3,2277,5,996.2,617,6,996.1,4604,15,996.0,2935,32,996.7,5069,2,996.8,660,9,996.9,1052,7,997.0,2129,14,997.1,2076,15
317,2025-11-26 10:04:24+05:30,996.7,111,992.56,1812662,342079.0,372701.0,986.2,998.8,981.3,986.2,119511000,1084.8,887.6,1102.5,649.1,996.4,13,1,996.3,2277,5,996.2,617,6,996.1,4604,15,996.0,2935,32,996.7,5069,2,996.8,660,9,996.9,1052,7,997.0,2129,14,997.1,2076,15
317,2025-11-26 10:04:25+05:30,996.7,1,992.56,1812663,341895.0,372979.0,986.2,998.8,981.3,986.2,119511000,1084.8,887.6,1102.5,649.1,996.4,13,1,996.3,2389,7,996.2,617,6,996.1,5354,16,996.0,2935,32,996.7,5068,2,996.8,616,8,996.9,1106,9,997.0,2066,10,997.1,2034,12
317,2025-11-26 10:04:25+05:30,996.4,1,992.56,1812663,341895.0,372979.0,986.2,998.8,981.3,986.2,119511000,1084.8,887.6,1102.5,649.1,996.4,13,1,996.3,2389,7,996.2,617,6,996.1,5354,16,996.0,2935,32,996.7,5068,2,996.8,616,8,996.9,1106,9,997.0,2066,10,997.1,2034,12
317,2025-11-26 10:04:26+05:30,996.4,1,992.56,1812664,342491.0,373145.0,986.2,998.8,981.3,986.2,119511000,1084.8,887.6,1102.5,649.1,996.4,642,3,996.3,2419,8,996.2,617,6,996.1,4604,15,996.0,2935,32,996.7,5068,2,996.8,387,6,996.9,1169,13,997.0,2404,13,997.1,2060,14
317,2025-11-26 10:04:26+05:30,996.7,8,992.56,1812664,342491.0,373145.0,986.2,998.8,981.3,986.2,119511000,1084.8,887.6,1102.5,649.1,996.4,642,3,996.3,2419,8,996.2,617,6,996.1,4604,15,996.0,2935,32,996.7,5068,2,996.8,387,6,996.9,1169,13,997.0,2404,13,997.1,2060,14
317,2025-11-26 10:04:27+05:30,996.4,10,992.56,1812682,342803.0,372446.0,986.2,998.8,981.3,986.2,119511000,1084.8,887.6,1102.5,649.1,996.4,618,3,996.3,2557,10,996.2,861,8,996.1,5346,15,996.0,2891,31,996.7,5060,2,996.8,199,4,996.9,1047,10,997.0,2408,14,997.1,1542,11
317,2025-11-26 10:04:27+05:30,996.4,10,992.56,1812682,342803.0,372446.0,986.2,998.8,981.3,986.2,119511000,1084.8,887.6,1102.5,649.1,996.4,618,3,996.3,2557,10,996.2,861,8,996.1,5346,15,996.0,2891,31,996.7,5060,2,996.8,199,4,996.9,1047,10,997.0,2408,14,997.1,1542,11
317,2025-11-26 10:04:28+05:30,996.4,10,992.56,1812682,342989.0,373585.0,986.2,998.8,981.3,986.2,119511000,1084.8,887.6,1102.5,649.1,996.4,569,2,996.3,2549,9,996.2,817,7,996.1,5398,17,996.0,2891,31,996.7,5060,2,996.8,243,5,996.9,1029,10,997.0,2408,14,997.1,2042,12
317,2025-11-26 10:04:29+05:30,996.7,4,992.56,1812686,342329.0,373313.0,986.2,998.8,981.3,986.2,119511000,1084.8,887.6,1102.5,649.1,996.4,2,1,996.3,2456,7,996.2,817,7,996.1,5398,17,996.0,2891,31,996.7,5056,2,996.8,431,7,996.9,1147,13,997.0,2408,14,997.1,2042,12
317,2025-11-26 10:04:29+05:30,996.7,4,992.56,1812686,342329.0,373313.0,986.2,998.8,981.3,986.2,119511000,1084.8,887.6,1102.5,649.1,996.4,2,1,996.3,2456,7,996.2,817,7,996.1,5398,17,996.0,2891,31,996.7,5056,2,996.8,431,7,996.9,1147,13,997.0,2408,14,997.1,2042,12
317,2025-11-26 10:04:30+05:30,996.7,4,992.56,1812686,342089.0,373630.0,986.2,998.8,981.3,986.2,119511000,1084.8,887.6,1102.5,649.1,996.4,2,1,996.3,2387,7,996.2,661,7,996.1,5354,16,996.0,2891,31,996.7,5056,2,996.8,748,7,996.9,1071,8,997.0,2453,16,997.1,2058,13
317,2025-11-26 10:04:30+05:30,996.7,9,992.56,1812686,342089.0,373630.0,986.2,998.8,981.3,986.2,119511000,1084.8,887.6,1102.5,649.1,996.4,2,1,996.3,2387,7,996.2,661,7,996.1,5354,16,996.0,2891,31,996.7,5056,2,996.8,748,7,996.9,1071,8,997.0,2453,16,997.1,2058,13
317,2025-11-26 10:04:31+05:30,996.7,9,992.56,1812695,342655.0,368886.0,986.2,998.8,981.3,986.2,119511000,1084.8,887.6,1102.5,649.1,996.4,27,2,996.3,2441,9,996.2,686,8,996.1,5354,16,996.0,2891,31,996.7,181,1,996.8,704,6,996.9,1115,9,997.0,2492,17,997.1,750,11
317,2025-11-26 10:04:31+05:30,996.7,1,992.56,1812695,342655.0,368886.0,986.2,998.8,981.3,986.2,119511000,1084.8,887.6,1102.5,649.1,996.4,27,2,996.3,2441,9,996.2,686,8,996.1,5354,16,996.0,2891,31,996.7,181,1,996.8,704,6,996.9,1115,9,997.0,2492,17,997.1,750,11
317,2025-11-26 10:04:32+05:30,996.7,10,992.56,1812706,342193.0,368531.0,986.2,998.8,981.3,986.2,119511000,1084.8,887.6,1102.5,649.1,996.4,27,2,996.3,2441,9,996.2,686,8,996.1,5354,16,996.0,2891,31,996.7,170,1,996.8,704,6,996.9,788,9,997.0,2476,16,997.1,750,11
317,2025-11-26 10:04:32+05:30,996.4,1,992.56,1812706,342193.0,368531.0,986.2,998.8,981.3,986.2,119511000,1084.8,887.6,1102.5,649.1,996.4,27,2,996.3,2441,9,996.2,686,8,996.1,5354,16,996.0,2891,31,996.7,170,1,996.8,704,6,996.9,788,9,997.0,2476,16,997.1,750,11
317,2025-11-26 10:04:33+05:30,996.4,1,992.56,1812707,341080.0,368519.0,986.2,998.8,981.3,986.2,119511000,1084.8,887.6,1102.5,649.1,996.4,26,2,996.3,2351,7,996.2,649,8,996.1,4596,14,996.0,2831,30,996.8,695,8,996.9,1352,12,997.0,2451,14,997.1,784,13,997.2,2769,18
317,2025-11-26 10:04:34+05:30,996.4,1,992.56,1812707,343116.0,367239.0,986.2,998.8,981.3,986.2,119511000,1084.8,887.6,1102.5,649.1,996.5,137,2,996.4,1648,6,996.3,1960,9,996.2,4387,13,996.1,2356,11,996.8,453,4,996.9,449,5,997.0,2278,13,997.1,787,13,997.2,2040,13
317,2025-11-26 10:04:35+05:30,996.4,1,992.56,1812707,343545.0,367576.0,986.2,998.8,981.3,986.2,119511000,1084.8,887.6,1102.5,649.1,996.5,137,2,996.4,1777,6,996.3,2160,10,996.2,3637,12,996.1,3869,14,996.8,453,4,996.9,449,5,997.0,2278,13,997.1,787,13,997.2,2040,13
317,2025-11-26 10:04:36+05:30,996.4,1,992.56,1812707,343616.0,367071.0,986.2,998.8,981.3,986.2,119511000,1084.8,887.6,1102.5,649.1,996.5,137,2,996.4,1886,8,996.3,2160,10,996.2,4400,14,996.1,3156,13,996.8,453,4,996.9,66,2,997.0,1956,11,997.1,780,12,997.2,2072,14
317,2025-11-26 10:04:36+05:30,996.8,10,992.56,1812707,343616.0,367071.0,986.2,998.8,981.3,986.2,119511000,1084.8,887.6,1102.5,649.1,996.5,137,2,996.4,1886,8,996.3,2160,10,996.2,4400,14,996.1,3156,13,996.8,453,4,996.9,66,2,997.0,1956,11,997.1,780,12,997.2,2072,14
317,2025-11-26 10:04:37+05:30,996.8,10,992.56,1812717,343617.0,367119.0,986.2,998.8,981.3,986.2,119511000,1084.8,887.6,1102.5,649.1,996.5,151,3,996.4,1651,6,996.3,2199,11,996.2,3637,12,996.1,3156,13,996.8,424,4,996.9,66,2,997.0,1885,10,997.1,858,14,997.2,2072,14
317,2025-11-26 10:04:38+05:30,996.8,10,992.56,1812717,343653.0,366546.0,986.2,998.8,981.3,986.2,119511000,1084.8,887.6,1102.5,649.1,996.5,200,4,996.4,2116,11,996.3,2361,11,996.2,4400,14,996.1,3156,13,996.8,424,4,996.9,40,1,997.0,1878,9,997.1,780,12,997.2,1344,15
317,2025-11-26 10:04:39+05:30,996.7,3,992.56,1812720,345541.0,368323.0,986.2,998.8,981.3,986.2,119511000,1084.8,887.6,1102.5,649.1,996.5,151,3,996.4,1757,8,996.3,2431,13,996.2,5350,16,996.1,3156,13,996.7,1497,1,996.8,424,4,996.9,40,1,997.0,1878,9,997.1,780,12
317,2025-11-26 10:04:39+05:30,996.7,3,992.56,1812720,345541.0,368323.0,986.2,998.8,981.3,986.2,119511000,1084.8,887.6,1102.5,649.1,996.5,151,3,996.4,1757,8,996.3,2431,13,996.2,5350,16,996.1,3156,13,996.7,1497,1,996.8,424,4,996.9,40,1,997.0,1878,9,997.1,780,12
317,2025-11-26 10:04:40+05:30,996.7,3,992.56,1812720,346291.0,368331.0,986.2,998.8,981.3,986.2,119511000,1084.8,887.6,1102.5,649.1,996.5,151,3,996.4,1757,8,996.3,2431,13,996.2,6100,17,996.1,3156,13,996.7,1577,2,996.8,384,3,996.9,40,1,997.0,1878,9,997.1,780,12
317,2025-11-26 10:04:42+05:30,996.7,3,992.56,1812720,346242.0,369331.0,986.2,998.8,981.3,986.2,119511000,1084.8,887.6,1102.5,649.1,996.5,151,3,996.4,1708,7,996.3,2431,13,996.2,6100,17,996.1,3156,13,996.7,1577,2,996.8,384,3,996.9,40,1,997.0,1878,9,997.1,780,12
317,2025-11-26 10:04:42+05:30,996.7,3,992.56,1812720,346242.0,369331.0,986.2,998.8,981.3,986.2,119511000,1084.8,887.6,1102.5,649.1,996.5,151,3,996.4,1708,7,996.3,2431,13,996.2,6100,17,996.1,3156,13,996.7,1577,2,996.8,384,3,996.9,40,1,997.0,1878,9,997.1,780,12
317,2025-11-26 10:04:43+05:30,996.7,112,992.56,1813341,346229.0,368531.0,986.2,998.8,981.3,986.2,119511000,1084.8,887.6,1102.5,649.1,996.5,90,3,996.4,1793,9,996.3,2392,12,996.2,6100,17,996.1,3156,13,996.7,956,2,996.8,384,3,996.9,40,1,997.0,1850,9,997.1,715,11
317,2025-11-26 10:04:43+05:30,996.7,112,992.56,1813341,346229.0,368531.0,986.2,998.8,981.3,986.2,119511000,1084.8,887.6,1102.5,649.1,996.5,90,3,996.4,1793,9,996.3,2392,12,996.2,6100,17,996.1,3156,13,996.7,956,2,996.8,384,3,996.9,40,1,997.0,1850,9,997.1,715,11
317,2025-11-26 10:04:44+05:30,996.7,112,992.56,1813341,346238.0,368531.0,986.2,998.8,981.3,986.2,119511000,1084.8,887.6,1102.5,649.1,996.5,90,3,996.4,1793,9,996.3,2392,12,996.2,6100,17,996.1,3156,13,996.7,956,2,996.8,384,3,996.9,40,1,997.0,1850,9,997.1,715,11
317,2025-11-26 10:04:44+05:30,996.4,7,992.56,1813341,346238.0,368531.0,986.2,998.8,981.3,986.2,119511000,1084.8,887.6,1102.5,649.1,996.5,90,3,996.4,1793,9,996.3,2392,12,996.2,6100,17,996.1,3156,13,996.7,956,2,996.8,384,3,996.9,40,1,997.0,1850,9,997.1,715,11
317,2025-11-26 10:04:45+05:30,996.4,77,992.56,1813540,345081.0,369030.0,986.2,998.8,981.3,986.2,119511000,1084.8,887.6,1102.5,649.1,996.4,759,4,996.3,2181,10,996.2,6117,17,996.1,3156,13,996.0,2126,32,996.7,956,2,996.8,382,2,996.9,238,5,997.0,1886,10,997.1,775,12
317,2025-11-26 10:04:45+05:30,996.4,77,992.56,1813540,345081.0,369030.0,986.2,998.8,981.3,986.2,119511000,1084.8,887.6,1102.5,649.1,996.4,759,4,996.3,2181,10,996.2,6117,17,996.1,3156,13,996.0,2126,32,996.7,956,2,996.8,382,2,996.9,238,5,997.0,1886,10,997.1,775,12
317,2025-11-26 10:04:46+05:30,996.7,5,992.56,1813545,345579.0,370259.0,986.2,998.8,981.3,986.2,119511000,1084.8,887.6,1102.5,649.1,996.4,699,3,996.3,2254,10,996.2,6130,18,996.1,3156,13,996.0,2126,32,996.7,1302,3,996.8,1159,5,996.9,251,6,997.0,1946,11,997.1,779,13
317,2025-11-26 10:04:46+05:30,996.7,5,992.56,1813545,345579.0,370259.0,986.2,998.8,981.3,986.2,119511000,1084.8,887.6,1102.5,649.1,996.4,699,3,996.3,2254,10,996.2,6130,18,996.1,3156,13,996.0,2126,32,996.7,1302,3,996.8,1159,5,996.9,251,6,997.0,1946,11,997.1,779,13
317,2025-11-26 10:04:47+05:30,996.7,23,992.56,1813568,345634.0,370791.0,986.2,998.8,981.3,986.2,119511000,1084.8,887.6,1102.5,649.1,996.4,699,3,996.3,2223,9,996.2,6094,17,996.1,3136,12,996.0,2162,33,996.7,1279,3,996.8,1330,7,996.9,546,9,997.0,2017,11,997.1,784,14
317,2025-11-26 10:04:47+05:30,996.7,23,992.56,1813568,345634.0,370791.0,986.2,998.8,981.3,986.2,119511000,1084.8,887.6,1102.5,649.1,996.4,699,3,996.3,2223,9,996.2,6094,17,996.1,3136,12,996.0,2162,33,996.7,1279,3,996.8,1330,7,996.9,546,9,997.0,2017,11,997.1,784,14
317,2025-11-26 10:04:48+05:30,996.4,50,992.56,1813618,343547.0,371492.0,986.2,998.8,981.3,986.2,119511000,1084.8,887.6,1102.5,649.1,996.4,764,4,996.3,1786,6,996.2,5367,16,996.1,3070,10,996.0,2838,31,996.5,50,1,996.7,1279,3,996.8,1247,7,996.9,510,8,997.0,2253,13
317,2025-11-26 10:04:48+05:30,996.4,50,992.56,1813618,343547.0,371492.0,986.2,998.8,981.3,986.2,119511000,1084.8,887.6,1102.5,649.1,996.4,764,4,996.3,1786,6,996.2,5367,16,996.1,3070,10,996.0,2838,31,996.5,50,1,996.7,1279,3,996.8,1247,7,996.9,510,8,997.0,2253,13
317,2025-11-26 10:04:49+05:30,996.4,122,992.57,1813745,343439.0,371366.0,986.2,998.8,981.3,986.2,119511000,1084.8,887.6,1102.5,649.1,996.4,642,4,996.3,1635,6,996.2,5344,16,996.1,3096,11,996.0,2867,31,996.5,45,1,996.7,1279,3,996.8,1234,7,996.9,510,8,997.0,2253,13
317,2025-11-26 10:04:49+05:30,996.4,122,992.57,1813745,343439.0,371366.0,986.2,998.8,981.3,986.2,119511000,1084.8,887.6,1102.5,649.1,996.4,642,4,996.3,1635,6,996.2,5344,16,996.1,3096,11,996.0,2867,31,996.5,45,1,996.7,1279,3,996.8,1234,7,996.9,510,8,997.0,2253,13
317,2025-11-26 10:04:50+05:30,996.4,122,992.57,1813745,344014.0,371347.0,986.2,998.8,981.3,986.2,119511000,1084.8,887.6,1102.5,649.1,996.4,642,4,996.3,1576,5,996.2,5344,16,996.1,3096,11,996.0,2867,31,996.5,45,1,996.7,1279,3,996.8,1234,7,996.9,510,8,997.0,2253,13
317,2025-11-26 10:04:51+05:30,996.4,122,992.57,1813745,343436.0,371392.0,986.2,998.8,981.3,986.2,119511000,1084.8,887.6,1102.5,649.1,996.4,642,4,996.3,1576,5,996.2,5344,16,996.1,3096,11,996.0,2867,31,996.5,45,1,996.7,1279,3,996.8,1234,7,996.9,510,8,997.0,2253,13
317,2025-11-26 10:04:52+05:30,996.7,55,992.57,1813745,343436.0,371392.0,986.2,998.8,981.3,986.2,119511000,1084.8,887.6,1102.5,649.1,996.4,642,4,996.3,1576,5,996.2,5344,16,996.1,3096,11,996.0,2867,31,996.5,45,1,996.7,1279,3,996.8,1234,7,996.9,510,8,997.0,2253,13
317,2025-11-26 10:04:52+05:30,996.7,55,992.57,1813845,345171.0,371310.0,986.2,998.8,981.3,986.2,119511000,1084.8,887.6,1102.5,649.1,996.4,642,4,996.3,1527,4,996.2,5344,16,996.1,3070,10,996.0,2867,31,996.7,1299,4,996.8,1414,10,996.9,510,8,997.0,2242,13,997.1,783,15
317,2025-11-26 10:04:53+05:30,996.7,55,992.57,1813845,345547.0,371437.0,986.2,998.8,981.3,986.2,119511000,1084.8,887.6,1102.5,649.1,996.5,113,2,996.4,655,5,996.3,1527,4,996.2,5343,15,996.1,3076,11,996.7,1282,4,996.8,1379,9,996.9,670,10,997.0,2372,15,997.1,783,15
317,2025-11-26 10:04:54+05:30,996.7,18,992.57,1813845,345547.0,371437.0,986.2,998.8,981.3,986.2,119511000,1084.8,887.6,1102.5,649.1,996.5,113,2,996.4,655,5,996.3,1527,4,996.2,5343,15,996.1,3076,11,996.7,1282,4,996.8,1379,9,996.9,670,10,997.0,2372,15,997.1,783,15
317,2025-11-26 10:04:55+05:30,996.5,100,992.57,1814713,344879.0,370950.0,986.2,998.8,981.3,986.2,119511000,1084.8,887.6,1102.5,649.1,996.5,13,2,996.4,655,5,996.3,1527,4,996.2,5090,13,996.1,3076,11,996.7,491,4,996.8,1287,7,996.9,721,12,997.0,2393,16,997.1,740,12
317,2025-11-26 10:04:55+05:30,996.5,100,992.57,1814713,344879.0,370950.0,986.2,998.8,981.3,986.2,119511000,1084.8,887.6,1102.5,649.1,996.5,13,2,996.4,655,5,996.3,1527,4,996.2,5090,13,996.1,3076,11,996.7,491,4,996.8,1287,7,996.9,721,12,997.0,2393,16,997.1,740,12
317,2025-11-26 10:04:56+05:30,996.5,100,992.57,1814713,344165.0,371534.0,986.2,998.8,981.3,986.2,119511000,1084.8,887.6,1102.5,649.1,996.5,22,3,996.4,1226,6,996.3,1527,4,996.2,3000,9,996.1,3826,12,996.7,456,3,996.8,1508,9,996.9,721,12,997.0,2393,16,997.1,740,12
317,2025-11-26 10:04:56+05:30,996.4,75,992.57,1814713,344165.0,371534.0,986.2,998.8,981.3,986.2,119511000,1084.8,887.6,1102.5,649.1,996.5,22,3,996.4,1226,6,996.3,1527,4,996.2,3000,9,996.1,3826,12,996.7,456,3,996.8,1508,9,996.9,721,12,997.0,2393,16,997.1,740,12
317,2025-11-26 10:04:57+05:30,996.7,1,992.57,1814837,345154.0,371582.0,986.2,998.8,981.3,986.2,119511000,1084.8,887.6,1102.5,649.1,996.5,4,1,996.4,544,3,996.3,1527,4,996.2,5883,15,996.1,2340,10,996.7,455,3,996.8,1501,10,996.9,770,15,997.0,2374,16,997.1,738,12
317,2025-11-26 10:04:57+05:30,996.7,1,992.57,1814837,345154.0,371582.0,986.2,998.8,981.3,986.2,119511000,1084.8,887.6,1102.5,649.1,996.5,4,1,996.4,544,3,996.3,1527,4,996.2,5883,15,996.1,2340,10,996.7,455,3,996.8,1501,10,996.9,770,15,997.0,2374,16,997.1,738,12
317,2025-11-26 10:04:58+05:30,996.7,1,992.57,1814837,345096.0,371784.0,986.2,998.8,981.3,986.2,119511000,1084.8,887.6,1102.5,649.1,996.5,4,1,996.4,544,3,996.3,1527,4,996.2,5883,15,996.1,2340,10,996.7,455,3,996.8,1501,10,996.9,770,15,997.0,2374,16,997.1,738,12
317,2025-11-26 10:04:59+05:30,996.7,3,992.57,1814840,345124.0,371661.0,986.2,998.8,981.3,986.2,119511000,1084.8,887.6,1102.5,649.1,996.5,4,1,996.4,544,3,996.3,1552,5,996.2,5883,15,996.1,2340,10,996.7,452,3,996.8,1452,9,996.9,770,15,997.0,2374,16,997.1,738,12
317,2025-11-26 10:04:59+05:30,996.7,3,992.57,1814840,345124.0,371661.0,986.2,998.8,981.3,986.2,119511000,1084.8,887.6,1102.5,649.1,996.5,4,1,996.4,544,3,996.3,1552,5,996.2,5883,15,996.1,2340,10,996.7,452,3,996.8,1452,9,996.9,770,15,997.0,2374,16,997.1,738,12
317,2025-11-26 10:05:00+05:30,996.7,3,992.57,1814843,345185.0,371640.0,986.2,998.8,981.3,986.2,119511000,1084.8,887.6,1102.5,649.1,996.5,4,1,996.4,1124,4,996.3,1552,5,996.2,5883,15,996.1,2340,10,996.7,449,3,996.8,1452,9,996.9,770,15,997.0,2374,16,997.1,738,12
317,2025-11-26 10:05:01+05:30,996.7,21,992.57,1815993,348184.0,367971.0,986.2,998.8,981.3,986.2,119511000,1084.8,887.6,1102.5,649.1,996.6,2285,4,996.5,3799,6,996.4,1344,6,996.3,1947,10,996.2,2183,11,996.7,78,3,996.8,1130,4,996.9,39,3,997.0,1678,11,997.1,710,9
317,2025-11-26 10:05:01+05:30,996.7,21,992.57,1815993,348184.0,367971.0,986.2,998.8,981.3,986.2,119511000,1084.8,887.6,1102.5,649.1,996.6,2285,4,996.5,3799,6,996.4,1344,6,996.3,1947,10,996.2,2183,11,996.7,78,3,996.8,1130,4,996.9,39,3,997.0,1678,11,997.1,710,9
317,2025-11-26 10:05:02+05:30,996.7,244,992.57,1816287,345881.0,370066.0,986.2,998.8,981.3,986.2,119511000,1084.8,887.6,1102.5,649.1,996.7,15,1,996.6,739,1,996.5,1500,2,996.4,109,1,996.3,1719,7,996.8,1271,5,996.9,246,5,997.0,2247,16,997.1,646,11,997.2,2084,15
317,2025-11-26 10:05:02+05:30,996.7,244,992.57,1816287,345881.0,370066.0,986.2,998.8,981.3,986.2,119511000,1084.8,887.6,1102.5,649.1,996.7,15,1,996.6,739,1,996.5,1500,2,996.4,109,1,996.3,1719,7,996.8,1271,5,996.9,246,5,997.0,2247,16,997.1,646,11,997.2,2084,15
317,2025-11-26 10:05:03+05:30,996.5,3,992.57,1816287,345881.0,370066.0,986.2,998.8,981.3,986.2,119511000,1084.8,887.6,1102.5,649.1,996.7,15,1,996.6,739,1,996.5,1500,2,996.4,109,1,996.3,1719,7,996.8,1271,5,996.9,246,5,997.0,2247,16,997.1,646,11,997.2,2084,15
317,2025-11-26 10:05:03+05:30,996.5,3,992.57,1817166,344417.0,371858.0,986.2,998.8,981.3,986.2,119511000,1084.8,887.6,1102.5,649.1,996.4,628,1,996.3,1583,4,996.2,4327,14,996.1,2383,11,996.0,2824,31,996.5,1258,1,996.8,1568,8,996.9,1037,12,997.0,2160,17,997.1,788,14
317,2025-11-26 10:05:04+05:30,996.4,122,992.57,1817166,344417.0,371858.0,986.2,998.8,981.3,986.2,119511000,1084.8,887.6,1102.5,649.1,996.4,628,1,996.3,1583,4,996.2,4327,14,996.1,2383,11,996.0,2824,31,996.5,1258,1,996.8,1568,8,996.9,1037,12,997.0,2160,17,997.1,788,14
317,2025-11-26 10:05:04+05:30,996.4,122,992.57,1817388,345059.0,372689.0,986.2,998.8,981.3,986.2,119511000,1084.8,887.6,1102.5,649.1,996.4,406,1,996.3,1525,3,996.2,5520,13,996.1,2406,12,996.0,2080,31,996.5,1258,1,996.8,1775,11,996.9,1037,12,997.0,2179,18,997.1,777,14
317,2025-11-26 10:05:05+05:30,996.4,132,992.57,1817388,345059.0,372689.0,986.2,998.8,981.3,986.2,119511000,1084.8,887.6,1102.5,649.1,996.4,406,1,996.3,1525,3,996.2,5520,13,996.1,2406,12,996.0,2080,31,996.5,1258,1,996.8,1775,11,996.9,1037,12,997.0,2179,18,997.1,777,14
317,2025-11-26 10:05:05+05:30,996.4,132,992.57,1817520,345489.0,372522.0,986.2,998.8,981.3,986.2,119511000,1084.8,887.6,1102.5,649.1,996.4,274,1,996.3,1525,3,996.2,5334,12,996.1,2147,9,996.0,1907,32,996.5,1330,2,996.6,107,2,996.7,133,2,996.8,1759,11,996.9,694,12
317,2025-11-26 10:05:06+05:30,996.5,20,992.57,1817520,345489.0,372522.0,986.2,998.8,981.3,986.2,119511000,1084.8,887.6,1102.5,649.1,996.4,274,1,996.3,1525,3,996.2,5334,12,996.1,2147,9,996.0,1907,32,996.5,1330,2,996.6,107,2,996.7,133,2,996.8,1759,11,996.9,694,12
317,2025-11-26 10:05:06+05:30,996.5,20,992.57,1817541,345312.0,372372.0,986.2,998.8,981.3,986.2,119511000,1084.8,887.6,1102.5,649.1,996.4,623,3,996.3,1525,3,996.2,5418,14,996.1,2174,10,996.0,1872,31,996.5,1310,2,996.6,50,1,996.7,133,2,996.8,1784,12,996.9,694,12
317,2025-11-26 10:05:07+05:30,996.5,100,992.57,1817541,345312.0,372372.0,986.2,998.8,981.3,986.2,119511000,1084.8,887.6,1102.5,649.1,996.4,623,3,996.3,1525,3,996.2,5418,14,996.1,2174,10,996.0,1872,31,996.5,1310,2,996.6,50,1,996.7,133,2,996.8,1784,12,996.9,694,12
317,2025-11-26 10:05:07+05:30,996.5,100,992.57,1817641,345312.0,372096.0,986.2,998.8,981.3,986.2,119511000,1084.8,887.6,1102.5,649.1,996.4,623,3,996.3,1525,3,996.2,5596,15,996.1,2174,10,996.0,1856,30,996.5,1210,2,996.7,76,1,996.8,1784,12,996.9,694,12,997.0,2122,17
317,2025-11-26 10:05:08+05:30,996.2,72,992.57,1817641,345312.0,372096.0,986.2,998.8,981.3,986.2,119511000,1084.8,887.6,1102.5,649.1,996.4,623,3,996.3,1525,3,996.2,5596,15,996.1,2174,10,996.0,1856,30,996.5,1210,2,996.7,76,1,996.8,1784,12,996.9,694,12,997.0,2122,17
317,2025-11-26 10:05:08+05:30,996.5,9,992.58,1819272,342957.0,373436.0,986.2,998.8,981.3,986.2,119511000,1084.8,887.6,1102.5,649.1,996.2,1437,5,996.1,1148,8,996.0,5491,35,995.9,3260,12,995.8,2341,11,996.5,1201,2,996.6,2,1,996.7,363,4,996.8,2071,17,996.9,779,14
317,2025-11-26 10:05:09+05:30,996.4,131,992.58,1819272,342957.0,373436.0,986.2,998.8,981.3,986.2,119511000,1084.8,887.6,1102.5,649.1,996.2,1437,5,996.1,1148,8,996.0,5491,35,995.9,3260,12,995.8,2341,11,996.5,1201,2,996.6,2,1,996.7,363,4,996.8,2071,17,996.9,779,14
317,2025-11-26 10:05:09+05:30,996.4,40,992.58,1819447,343170.0,373815.0,986.2,998.8,981.3,986.2,119511000,1084.8,887.6,1102.5,649.1,996.2,1333,3,996.1,856,5,996.0,5232,33,995.9,3133,11,995.8,2335,10,996.5,1197,2,996.6,496,8,996.7,613,6,996.8,1928,15,996.9,770,15
317,2025-11-26 10:05:10+05:30,996.5,1,992.58,1819447,343170.0,373815.0,986.2,998.8,981.3,986.2,119511000,1084.8,887.6,1102.5,649.1,996.2,1333,3,996.1,856,5,996.0,5232,33,995.9,3133,11,995.8,2335,10,996.5,1197,2,996.6,496,8,996.7,613,6,996.8,1928,15,996.9,770,15
317,2025-11-26 10:05:11+05:30,996.5,1,992.58,1819481,342568.0,373781.0,986.2,998.8,981.3,986.2,119511000,1084.8,887.6,1102.5,649.1,996.2,781,3,996.1,838,5,996.0,5289,34,995.9,3133,11,995.8,2341,11,996.5,1196,2,996.6,397,5,996.7,674,8,996.8,1973,19,996.9,759,15
317,2025-11-26 10:05:11+05:30,996.5,1,992.58,1819481,342568.0,373781.0,986.2,998.8,981.3,986.2,119511000,1084.8,887.6,1102.5,649.1,996.2,781,3,996.1,838,5,996.0,5289,34,995.9,3133,11,995.8,2341,11,996.5,1196,2,996.6,397,5,996.7,674,8,996.8,1973,19,996.9,759,15
317,2025-11-26 10:05:12+05:30,996.5,1,992.58,1819494,343106.0,373768.0,986.2,998.8,981.3,986.2,119511000,1084.8,887.6,1102.5,649.1,996.2,781,3,996.1,1376,6,996.0,5289,34,995.9,3133,11,995.8,2341,11,996.5,1183,2,996.6,397,5,996.7,674,8,996.8,1973,19,996.9,759,15
317,2025-11-26 10:05:13+05:30,996.5,1,992.58,1819494,343606.0,373359.0,986.2,998.8,981.3,986.2,119511000,1084.8,887.6,1102.5,649.1,996.2,830,4,996.1,1596,9,996.0,5489,35,995.9,3133,11,995.8,2341,11,996.5,1183,2,996.7,471,7,996.8,1900,15,996.9,667,11,997.0,2405,15
317,2025-11-26 10:05:13+05:30,996.5,750,992.58,1819494,343606.0,373359.0,986.2,998.8,981.3,986.2,119511000,1084.8,887.6,1102.5,649.1,996.2,830,4,996.1,1596,9,996.0,5489,35,995.9,3133,11,995.8,2341,11,996.5,1183,2,996.7,471,7,996.8,1900,15,996.9,667,11,997.0,2405,15
317,2025-11-26 10:05:14+05:30,996.3,112,992.58,1820356,343012.0,373068.0,986.2,998.8,981.3,986.2,119511000,1084.8,887.6,1102.5,649.1,996.2,630,5,996.1,2143,10,996.0,4281,35,995.9,4587,15,995.8,1585,9,996.5,433,2,996.7,271,4,996.8,1925,17,996.9,710,12,997.0,2601,20
317,2025-11-26 10:05:14+05:30,996.3,112,992.58,1820356,343012.0,373068.0,986.2,998.8,981.3,986.2,119511000,1084.8,887.6,1102.5,649.1,996.2,630,5,996.1,2143,10,996.0,4281,35,995.9,4587,15,995.8,1585,9,996.5,433,2,996.7,271,4,996.8,1925,17,996.9,710,12,997.0,2601,20
317,2025-11-26 10:05:15+05:30,996.2,211,992.58,1820598,343222.0,373265.0,986.2,998.8,981.3,986.2,119511000,1084.8,887.6,1102.5,649.1,996.2,850,3,996.1,1393,9,996.0,5735,39,995.9,3133,11,995.8,2335,10,996.5,433,2,996.7,239,3,996.8,1957,18,996.9,710,12,997.0,2601,20
317,2025-11-26 10:05:15+05:30,996.2,211,992.58,1820598,343222.0,373265.0,986.2,998.8,981.3,986.2,119511000,1084.8,887.6,1102.5,649.1,996.2,850,3,996.1,1393,9,996.0,5735,39,995.9,3133,11,995.8,2335,10,996.5,433,2,996.7,239,3,996.8,1957,18,996.9,710,12,997.0,2601,20
317,2025-11-26 10:05:16+05:30,996.8,5,992.58,1822648,347761.0,365272.0,986.2,998.8,981.3,986.2,119511000,1084.8,887.6,1102.5,649.1,996.6,11,1,996.5,1472,7,996.4,1260,7,996.3,4716,15,996.2,3048,12,996.8,4,1,996.9,9,1,997.0,1618,7,997.1,487,5,997.2,962,9
317,2025-11-26 10:05:16+05:30,996.8,5,992.58,1822648,347761.0,365272.0,986.2,998.8,981.3,986.2,119511000,1084.8,887.6,1102.5,649.1,996.6,11,1,996.5,1472,7,996.4,1260,7,996.3,4716,15,996.2,3048,12,996.8,4,1,996.9,9,1,997.0,1618,7,997.1,487,5,997.2,962,9
317,2025-11-26 10:05:17+05:30,996.6,484,992.59,1823213,347550.0,366514.0,986.2,998.8,981.3,986.2,119511000,1084.8,887.6,1102.5,649.1,996.6,196,1,996.5,1236,2,996.4,2421,8,996.3,4693,13,996.2,2485,11,996.8,626,3,996.9,262,3,997.0,1896,9,997.1,680,12,997.2,758,10
317,2025-11-26 10:05:17+05:30,996.6,484,992.59,1823213,347550.0,366514.0,986.2,998.8,981.3,986.2,119511000,1084.8,887.6,1102.5,649.1,996.6,196,1,996.5,1236,2,996.4,2421,8,996.3,4693,13,996.2,2485,11,996.8,626,3,996.9,262,3,997.0,1896,9,997.1,680,12,997.2,758,10
317,2025-11-26 10:05:18+05:30,996.6,484,992.59,1823213,347080.0,366862.0,986.2,998.8,981.3,986.2,119511000,1084.8,887.6,1102.5,649.1,996.5,1432,3,996.4,993,6,996.3,6325,18,996.2,2485,11,996.1,2279,12,996.8,626,3,996.9,539,4,997.0,2005,11,997.1,710,14,997.2,720,9
317,2025-11-26 10:05:21+05:30,996.6,1,992.59,1823213,347080.0,366862.0,986.2,998.8,981.3,986.2,119511000,1084.8,887.6,1102.5,649.1,996.5,1432,3,996.4,993,6,996.3,6325,18,996.2,2485,11,996.1,2279,12,996.8,626,3,996.9,539,4,997.0,2005,11,997.1,710,14,997.2,720,9
317,2025-11-26 10:05:22+05:30,996.6,10,992.59,1823228,346595.0,367088.0,986.2,998.8,981.3,986.2,119511000,1084.8,887.6,1102.5,649.1,996.6,4,1,996.5,1044,3,996.4,984,6,996.3,6177,18,996.2,2434,10,996.8,622,2,996.9,581,6,997.0,2005,11,997.1,710,14,997.2,730,10
317,2025-11-26 10:05:24+05:30,996.8,100,992.59,1823228,346595.0,367088.0,986.2,998.8,981.3,986.2,119511000,1084.8,887.6,1102.5,649.1,996.6,4,1,996.5,1044,3,996.4,984,6,996.3,6177,18,996.2,2434,10,996.8,622,2,996.9,581,6,997.0,2005,11,997.1,710,14,997.2,730,10
317,2025-11-26 10:05:27+05:30,996.4,11,992.59,1823228,346595.0,367088.0,986.2,998.8,981.3,986.2,119511000,1084.8,887.6,1102.5,649.1,996.6,4,1,996.5,1044,3,996.4,984,6,996.3,6177,18,996.2,2434,10,996.8,622,2,996.9,581,6,997.0,2005,11,997.1,710,14,997.2,730,10
317,2025-11-26 10:05:27+05:30,996.4,11,992.59,1826028,339352.0,373373.0,986.2,998.8,981.3,986.2,119511000,1084.8,887.6,1102.5,649.1,996.2,811,2,996.1,5244,13,996.0,2353,30,995.9,1264,6,995.8,1527,9,996.6,523,6,996.7,658,11,996.8,1339,14,996.9,956,12,997.0,3314,18
317,2025-11-26 10:05:30+05:30,996.8,5,992.59,1826028,339352.0,373373.0,986.2,998.8,981.3,986.2,119511000,1084.8,887.6,1102.5,649.1,996.2,811,2,996.1,5244,13,996.0,2353,30,995.9,1264,6,995.8,1527,9,996.6,523,6,996.7,658,11,996.8,1339,14,996.9,956,12,997.0,3314,18
317,2025-11-26 10:05:33+05:30,996.3,10,992.59,1827231,343980.0,370608.0,986.2,998.8,981.3,986.2,119511000,1084.8,887.6,1102.5,649.1,996.3,707,1,996.2,1065,8,996.1,6014,18,996.0,3047,34,995.9,1765,11,996.6,46,2,996.7,1,1,996.8,849,7,996.9,878,10,997.0,2546,17
317,2025-11-26 10:05:33+05:30,996.3,10,992.59,1827231,343980.0,370608.0,986.2,998.8,981.3,986.2,119511000,1084.8,887.6,1102.5,649.1,996.3,707,1,996.2,1065,8,996.1,6014,18,996.0,3047,34,995.9,1765,11,996.6,46,2,996.7,1,1,996.8,849,7,996.9,878,10,997.0,2546,17
317,2025-11-26 10:05:36+05:30,996.6,5,992.59,1827231,343980.0,370608.0,986.2,998.8,981.3,986.2,119511000,1084.8,887.6,1102.5,649.1,996.3,707,1,996.2,1065,8,996.1,6014,18,996.0,3047,34,995.9,1765,11,996.6,46,2,996.7,1,1,996.8,849,7,996.9,878,10,997.0,2546,17
317,2025-11-26 10:05:39+05:30,996.9,1,992.6,1831031,346629.0,365976.0,986.2,998.8,981.3,986.2,119511000,1084.8,887.6,1102.5,649.1,996.7,107,1,996.6,1496,3,996.5,1107,6,996.4,2425,13,996.3,6315,19,997.0,858,9,997.1,396,5,997.2,654,9,997.3,485,10,997.4,1160,13
317,2025-11-26 10:05:39+05:30,996.9,1,992.6,1831031,346629.0,365976.0,986.2,998.8,981.3,986.2,119511000,1084.8,887.6,1102.5,649.1,996.7,107,1,996.6,1496,3,996.5,1107,6,996.4,2425,13,996.3,6315,19,997.0,858,9,997.1,396,5,997.2,654,9,997.3,485,10,997.4,1160,13
317,2025-11-26 10:05:42+05:30,996.6,85,992.6,1831031,346629.0,365976.0,986.2,998.8,981.3,986.2,119511000,1084.8,887.6,1102.5,649.1,996.7,107,1,996.6,1496,3,996.5,1107,6,996.4,2425,13,996.3,6315,19,997.0,858,9,997.1,396,5,997.2,654,9,997.3,485,10,997.4,1160,13
317,2025-11-26 10:05:44+05:30,996.4,120,992.61,1832951,346669.0,371051.0,986.2,998.8,981.3,986.2,119511000,1084.8,887.6,1102.5,649.1,996.4,1294,2,996.3,783,3,996.2,6097,21,996.1,2517,13,996.0,3827,49,996.6,236,1,996.8,348,5,996.9,613,7,997.0,1611,17,997.1,1757,13
317,2025-11-26 10:05:45+05:30,996.8,1,992.61,1832951,346669.0,371051.0,986.2,998.8,981.3,986.2,119511000,1084.8,887.6,1102.5,649.1,996.4,1294,2,996.3,783,3,996.2,6097,21,996.1,2517,13,996.0,3827,49,996.6,236,1,996.8,348,5,996.9,613,7,997.0,1611,17,997.1,1757,13
317,2025-11-26 10:05:48+05:30,996.8,2,992.61,1832951,346669.0,371051.0,986.2,998.8,981.3,986.2,119511000,1084.8,887.6,1102.5,649.1,996.4,1294,2,996.3,783,3,996.2,6097,21,996.1,2517,13,996.0,3827,49,996.6,236,1,996.8,348,5,996.9,613,7,997.0,1611,17,997.1,1757,13
317,2025-11-26 10:05:49+05:30,996.9,4,992.61,1833562,343113.0,368723.0,986.2,998.8,981.3,986.2,119511000,1084.8,887.6,1102.5,649.1,996.4,860,5,996.3,1097,7,996.2,5063,14,996.1,2596,18,996.0,3593,48,996.9,617,6,997.0,1510,16,997.1,678,7,997.2,1437,13,997.3,1335,19
317,2025-11-26 10:05:51+05:30,996.7,4,992.61,1833562,343113.0,368723.0,986.2,998.8,981.3,986.2,119511000,1084.8,887.6,1102.5,649.1,996.4,860,5,996.3,1097,7,996.2,5063,14,996.1,2596,18,996.0,3593,48,996.9,617,6,997.0,1510,16,997.1,678,7,997.2,1437,13,997.3,1335,19
317,2025-11-26 10:05:54+05:30,997.0,345,992.61,1833562,343113.0,368723.0,986.2,998.8,981.3,986.2,119511000,1084.8,887.6,1102.5,649.1,996.4,860,5,996.3,1097,7,996.2,5063,14,996.1,2596,18,996.0,3593,48,996.9,617,6,997.0,1510,16,997.1,678,7,997.2,1437,13,997.3,1335,19
317,2025-11-26 10:05:55+05:30,996.8,1,992.61,1835822,353778.0,366156.0,986.2,998.8,981.3,986.2,119511000,1084.8,887.6,1102.5,649.1,996.8,111,1,996.7,838,2,996.6,580,8,996.5,2920,13,996.4,6453,24,997.0,122,3,997.1,178,1,997.2,246,4,997.3,714,9,997.4,620,8
317,2025-11-26 10:05:57+05:30,996.7,250,992.61,1835822,353778.0,366156.0,986.2,998.8,981.3,986.2,119511000,1084.8,887.6,1102.5,649.1,996.8,111,1,996.7,838,2,996.6,580,8,996.5,2920,13,996.4,6453,24,997.0,122,3,997.1,178,1,997.2,246,4,997.3,714,9,997.4,620,8
317,2025-11-26 10:06:00+05:30,997.0,1,992.62,1836828,352351.0,368453.0,986.2,998.8,981.3,986.2,119511000,1084.8,887.6,1102.5,649.1,996.9,2,1,996.7,5,1,996.6,533,3,996.5,1479,9,996.4,6163,18,997.0,1104,6,997.1,448,5,997.2,640,8,997.3,700,10,997.4,1775,14
317,2025-11-26 10:06:00+05:30,997.0,1,992.62,1836828,352351.0,368453.0,986.2,998.8,981.3,986.2,119511000,1084.8,887.6,1102.5,649.1,996.9,2,1,996.7,5,1,996.6,533,3,996.5,1479,9,996.4,6163,18,997.0,1104,6,997.1,448,5,997.2,640,8,997.3,700,10,997.4,1775,14
317,2025-11-26 10:06:03+05:30,996.6,14,992.62,1836828,352351.0,368453.0,986.2,998.8,981.3,986.2,119511000,1084.8,887.6,1102.5,649.1,996.9,2,1,996.7,5,1,996.6,533,3,996.5,1479,9,996.4,6163,18,997.0,1104,6,997.1,448,5,997.2,640,8,997.3,700,10,997.4,1775,14
317,2025-11-26 10:06:05+05:30,997.0,5,992.62,1837674,352740.0,369556.0,986.2,998.8,981.3,986.2,119511000,1084.8,887.6,1102.5,649.1,996.9,1,1,996.6,444,2,996.5,1660,6,996.4,5306,15,996.3,2489,15,997.0,1420,8,997.1,547,7,997.2,596,9,997.3,799,11,997.4,1841,16
317,2025-11-26 10:06:06+05:30,996.6,23,992.62,1837674,352740.0,369556.0,986.2,998.8,981.3,986.2,119511000,1084.8,887.6,1102.5,649.1,996.9,1,1,996.6,444,2,996.5,1660,6,996.4,5306,15,996.3,2489,15,997.0,1420,8,997.1,547,7,997.2,596,9,997.3,799,11,997.4,1841,16
317,2025-11-26 10:06:09+05:30,997.0,5,992.62,1837674,352740.0,369556.0,986.2,998.8,981.3,986.2,119511000,1084.8,887.6,1102.5,649.1,996.9,1,1,996.6,444,2,996.5,1660,6,996.4,5306,15,996.3,2489,15,997.0,1420,8,997.1,547,7,997.2,596,9,997.3,799,11,997.4,1841,16
317,2025-11-26 10:06:11+05:30,997.0,5,992.62,1837985,355083.0,368655.0,986.2,998.8,981.3,986.2,119511000,1084.8,887.6,1102.5,649.1,996.8,750,1,996.6,839,3,996.5,1895,7,996.4,3863,15,996.3,3322,17,997.0,1579,10,997.1,373,5,997.2,588,8,997.3,764,10,997.4,2020,23
317,2025-11-26 10:06:15+05:30,997.0,475,992.62,1837985,355083.0,368655.0,986.2,998.8,981.3,986.2,119511000,1084.8,887.6,1102.5,649.1,996.8,750,1,996.6,839,3,996.5,1895,7,996.4,3863,15,996.3,3322,17,997.0,1579,10,997.1,373,5,997.2,588,8,997.3,764,10,997.4,2020,23
317,2025-11-26 10:06:16+05:30,996.9,102,992.62,1838867,353985.0,368464.0,986.2,998.8,981.3,986.2,119511000,1084.8,887.6,1102.5,649.1,996.9,10,1,996.8,760,2,996.6,1323,5,996.5,1897,8,996.4,3897,16,997.0,782,7,997.1,150,3,997.2,578,8,997.3,764,10,997.4,1628,20
317,2025-11-26 10:06:18+05:30,997.0,5,992.62,1838867,353985.0,368464.0,986.2,998.8,981.3,986.2,119511000,1084.8,887.6,1102.5,649.1,996.9,10,1,996.8,760,2,996.6,1323,5,996.5,1897,8,996.4,3897,16,997.0,782,7,997.1,150,3,997.2,578,8,997.3,764,10,997.4,1628,20
317,2025-11-26 10:06:20+05:30,997.0,4,992.62,1840476,357142.0,363147.0,986.2,998.8,981.3,986.2,119511000,1084.8,887.6,1102.5,649.1,997.0,750,1,996.9,816,6,996.8,5613,16,996.7,2315,14,996.6,1600,10,997.2,27,3,997.3,30,2,997.4,385,6,997.5,980,11,997.6,899,9
317,2025-11-26 10:06:20+05:30,997.0,4,992.62,1840476,357142.0,363147.0,986.2,998.8,981.3,986.2,119511000,1084.8,887.6,1102.5,649.1,997.0,750,1,996.9,816,6,996.8,5613,16,996.7,2315,14,996.6,1600,10,997.2,27,3,997.3,30,2,997.4,385,6,997.5,980,11,997.6,899,9
317,2025-11-26 10:06:21+05:30,997.0,440,992.63,1840926,355887.0,363812.0,986.2,998.8,981.3,986.2,119511000,1084.8,887.6,1102.5,649.1,997.0,327,2,996.9,761,3,996.8,5411,14,996.7,2358,14,996.6,1600,10,997.2,27,3,997.3,103,3,997.4,1124,12,997.5,854,10,997.6,835,9
317,2025-11-26 10:06:21+05:30,997.4,65,992.63,1840926,355887.0,363812.0,986.2,998.8,981.3,986.2,119511000,1084.8,887.6,1102.5,649.1,997.0,327,2,996.9,761,3,996.8,5411,14,996.7,2358,14,996.6,1600,10,997.2,27,3,997.3,103,3,997.4,1124,12,997.5,854,10,997.6,835,9
317,2025-11-26 10:06:22+05:30,997.4,65,992.63,1841685,355822.0,361903.0,986.2,998.8,981.3,986.2,119511000,1084.8,887.6,1102.5,649.1,997.0,333,3,996.9,824,4,996.8,5007,17,996.7,2394,15,996.6,1628,11,997.4,252,5,997.5,890,10,997.6,1083,7,997.7,1170,9,997.8,1778,17
317,2025-11-26 10:06:23+05:30,997.4,65,992.63,1841685,356368.0,362343.0,986.2,998.8,981.3,986.2,119511000,1084.8,887.6,1102.5,649.1,997.0,333,3,996.9,937,4,996.8,4951,15,996.7,2358,14,996.6,1628,11,997.3,36,1,997.4,949,8,997.5,825,9,997.6,614,9,997.7,1755,12
317,2025-11-26 10:06:23+05:30,997.3,10,992.63,1841685,356368.0,362343.0,986.2,998.8,981.3,986.2,119511000,1084.8,887.6,1102.5,649.1,997.0,333,3,996.9,937,4,996.8,4951,15,996.7,2358,14,996.6,1628,11,997.3,36,1,997.4,949,8,997.5,825,9,997.6,614,9,997.7,1755,12
317,2025-11-26 10:06:24+05:30,997.4,5,992.63,1842000,355285.0,362779.0,986.2,998.8,981.3,986.2,119511000,1084.8,887.6,1102.5,649.1,997.2,100,1,997.0,226,4,996.9,1041,5,996.8,5737,15,996.7,2360,15,997.4,55,3,997.5,1013,11,997.6,846,11,997.7,1370,13,997.8,1858,20
317,2025-11-26 10:06:24+05:30,997.4,5,992.63,1842000,355285.0,362779.0,986.2,998.8,981.3,986.2,119511000,1084.8,887.6,1102.5,649.1,997.2,100,1,997.0,226,4,996.9,1041,5,996.8,5737,15,996.7,2360,15,997.4,55,3,997.5,1013,11,997.6,846,11,997.7,1370,13,997.8,1858,20
317,2025-11-26 10:06:25+05:30,997.4,10,992.63,1842010,357066.0,362789.0,986.2,998.8,981.3,986.2,119511000,1084.8,887.6,1102.5,649.1,997.2,100,1,997.0,976,5,996.9,1041,5,996.8,4987,14,996.7,2360,15,997.4,55,3,997.5,1013,11,997.6,846,11,997.7,1370,13,997.8,1858,20
317,2025-11-26 10:06:25+05:30,997.4,10,992.63,1842010,357066.0,362789.0,986.2,998.8,981.3,986.2,119511000,1084.8,887.6,1102.5,649.1,997.2,100,1,997.0,976,5,996.9,1041,5,996.8,4987,14,996.7,2360,15,997.4,55,3,997.5,1013,11,997.6,846,11,997.7,1370,13,997.8,1858,20
317,2025-11-26 10:06:26+05:30,997.4,10,992.63,1842010,357188.0,363196.0,986.2,998.8,981.3,986.2,119511000,1084.8,887.6,1102.5,649.1,997.2,100,1,997.0,976,5,996.9,1141,6,996.8,4987,14,996.7,2360,15,997.4,15,2,997.5,1340,13,997.6,846,11,997.7,1370,13,997.8,1858,20
317,2025-11-26 10:06:27+05:30,997.4,10,992.63,1842010,357174.0,363049.0,986.2,998.8,981.3,986.2,119511000,1084.8,887.6,1102.5,649.1,997.2,123,2,997.0,953,3,996.9,1141,6,996.8,4987,14,996.7,2360,15,997.4,64,3,997.5,1337,13,997.6,846,11,997.7,1370,13,997.8,1858,20
317,2025-11-26 10:06:28+05:30,997.5,57,992.63,1842763,357086.0,361364.0,986.2,998.8,981.3,986.2,119511000,1084.8,887.6,1102.5,649.1,997.2,120,2,997.1,751,2,997.0,960,4,996.9,1204,7,996.8,4445,18,997.5,445,5,997.6,1160,12,997.7,1024,8,997.8,1550,11,997.9,856,13
317,2025-11-26 10:06:28+05:30,997.5,57,992.63,1842763,357086.0,361364.0,986.2,998.8,981.3,986.2,119511000,1084.8,887.6,1102.5,649.1,997.2,120,2,997.1,751,2,997.0,960,4,996.9,1204,7,996.8,4445,18,997.5,445,5,997.6,1160,12,997.7,1024,8,997.8,1550,11,997.9,856,13
317,2025-11-26 10:06:29+05:30,997.5,150,992.63,1842917,357427.0,361257.0,986.2,998.8,981.3,986.2,119511000,1084.8,887.6,1102.5,649.1,997.2,120,2,997.1,751,2,997.0,1209,6,996.9,1204,7,996.8,4409,17,997.5,228,4,997.6,921,10,997.7,1024,8,997.8,1636,17,997.9,1058,16
317,2025-11-26 10:06:29+05:30,997.6,14,992.63,1842917,357427.0,361257.0,986.2,998.8,981.3,986.2,119511000,1084.8,887.6,1102.5,649.1,997.2,120,2,997.1,751,2,997.0,1209,6,996.9,1204,7,996.8,4409,17,997.5,228,4,997.6,921,10,997.7,1024,8,997.8,1636,17,997.9,1058,16
317,2025-11-26 10:06:30+05:30,997.6,14,992.63,1843667,354163.0,358773.0,986.2,998.8,981.3,986.2,119511000,1084.8,887.6,1102.5,649.1,997.2,1001,7,997.1,179,3,997.0,1466,10,996.9,1305,9,996.8,4640,24,997.5,16,1,997.6,605,4,997.7,724,6,997.8,604,8,997.9,1354,13
317,2025-11-26 10:06:31+05:30,997.2,1,992.63,1843669,355747.0,359222.0,986.2,998.8,981.3,986.2,119511000,1084.8,887.6,1102.5,649.1,997.2,1016,8,997.1,3,2,997.0,1156,8,996.9,1305,9,996.8,4628,23,997.5,116,2,997.6,830,6,997.7,832,7,997.8,604,8,997.9,1482,19
317,2025-11-26 10:06:31+05:30,997.2,51,992.63,1843669,355747.0,359222.0,986.2,998.8,981.3,986.2,119511000,1084.8,887.6,1102.5,649.1,997.2,1016,8,997.1,3,2,997.0,1156,8,996.9,1305,9,996.8,4628,23,997.5,116,2,997.6,830,6,997.7,832,7,997.8,604,8,997.9,1482,19
317,2025-11-26 10:06:32+05:30,997.2,51,992.63,1843969,356319.0,360340.0,986.2,998.8,981.3,986.2,119511000,1084.8,887.6,1102.5,649.1,997.2,17,1,997.1,699,1,997.0,999,3,996.9,1301,10,996.8,4565,18,997.5,226,3,997.6,1053,9,997.7,1211,12,997.8,1315,16,997.9,955,15
317,2025-11-26 10:06:33+05:30,997.2,51,992.63,1843969,358805.0,360322.0,986.2,998.8,981.3,986.2,119511000,1084.8,887.6,1102.5,649.1,997.3,112,1,997.2,17,1,997.1,699,1,997.0,999,3,996.9,1263,9,997.5,430,5,997.6,639,11,997.7,1199,12,997.8,1251,12,997.9,1221,20
317,2025-11-26 10:06:34+05:30,997.2,51,992.63,1843969,356763.0,360468.0,986.2,998.8,981.3,986.2,119511000,1084.8,887.6,1102.5,649.1,997.3,112,1,997.2,716,2,997.0,823,2,996.9,1214,8,996.8,4612,21,997.5,555,8,997.6,563,9,997.7,1197,11,997.8,1385,15,997.9,1221,20
317,2025-11-26 10:06:35+05:30,997.2,51,992.63,1843969,356763.0,360565.0,986.2,998.8,981.3,986.2,119511000,1084.8,887.6,1102.5,649.1,997.3,112,1,997.2,17,1,997.1,699,1,997.0,823,2,996.9,1214,8,997.5,430,5,997.6,639,11,997.7,1197,11,997.8,1385,15,997.9,1247,21
317,2025-11-26 10:06:35+05:30,997.5,5,992.63,1843969,356763.0,360565.0,986.2,998.8,981.3,986.2,119511000,1084.8,887.6,1102.5,649.1,997.3,112,1,997.2,17,1,997.1,699,1,997.0,823,2,996.9,1214,8,997.5,430,5,997.6,639,11,997.7,1197,11,997.8,1385,15,997.9,1247,21
317,2025-11-26 10:06:36+05:30,997.5,5,992.63,1843974,354716.0,360164.0,986.2,998.8,981.3,986.2,119511000,1084.8,887.6,1102.5,649.1,997.3,218,3,997.2,716,2,997.0,1114,5,996.9,1207,7,996.8,4619,22,997.5,160,3,997.6,769,12,997.7,1194,11,997.8,877,13,997.9,1337,15
317,2025-11-26 10:06:37+05:30,997.3,93,992.63,1844192,354173.0,361010.0,986.2,998.8,981.3,986.2,119511000,1084.8,887.6,1102.5,649.1,997.2,17,1,997.0,824,3,996.9,1142,5,996.8,585,7,996.7,5094,15,997.5,852,9,997.6,761,13,997.7,1194,11,997.8,1829,17,997.9,1223,21
317,2025-11-26 10:06:37+05:30,997.3,93,992.63,1844192,354173.0,361010.0,986.2,998.8,981.3,986.2,119511000,1084.8,887.6,1102.5,649.1,997.2,17,1,997.0,824,3,996.9,1142,5,996.8,585,7,996.7,5094,15,997.5,852,9,997.6,761,13,997.7,1194,11,997.8,1829,17,997.9,1223,21
317,2025-11-26 10:06:38+05:30,997.3,93,992.63,1844192,353542.0,362464.0,986.2,998.8,981.3,986.2,119511000,1084.8,887.6,1102.5,649.1,997.2,17,1,997.0,125,2,996.9,1848,7,996.8,416,4,996.7,5043,19,997.5,1028,12,997.6,937,13,997.7,2418,14,997.8,1366,17,997.9,1249,23
317,2025-11-26 10:06:39+05:30,997.5,3,992.63,1844200,353716.0,361346.0,986.2,998.8,981.3,986.2,119511000,1084.8,887.6,1102.5,649.1,997.2,17,1,997.1,699,1,997.0,125,2,996.9,1149,6,996.8,479,5,997.5,890,11,997.6,1324,13,997.7,1194,11,997.8,1664,17,997.9,1047,22
317,2025-11-26 10:06:39+05:30,997.5,3,992.63,1844200,353716.0,361346.0,986.2,998.8,981.3,986.2,119511000,1084.8,887.6,1102.5,649.1,997.2,17,1,997.1,699,1,997.0,125,2,996.9,1149,6,996.8,479,5,997.5,890,11,997.6,1324,13,997.7,1194,11,997.8,1664,17,997.9,1047,22
317,2025-11-26 10:06:40+05:30,997.5,3,992.63,1844200,353716.0,361376.0,986.2,998.8,981.3,986.2,119511000,1084.8,887.6,1102.5,649.1,997.2,17,1,997.1,699,1,997.0,125,2,996.9,1149,6,996.8,479,5,997.5,890,11,997.6,1324,13,997.7,1194,11,997.8,1664,17,997.9,1047,22
317,2025-11-26 10:06:41+05:30,997.2,13,992.63,1844213,350572.0,361437.0,986.2,998.8,981.3,986.2,119511000,1084.8,887.6,1102.5,649.1,997.3,2,1,997.2,703,2,997.0,623,3,996.9,1270,6,996.8,2235,10,997.5,728,9,997.6,380,7,997.7,1258,10,997.8,2110,16,997.9,1087,18
317,2025-11-26 10:06:41+05:30,997.2,13,992.63,1844213,350572.0,361437.0,986.2,998.8,981.3,986.2,119511000,1084.8,887.6,1102.5,649.1,997.3,2,1,997.2,703,2,997.0,623,3,996.9,1270,6,996.8,2235,10,997.5,728,9,997.6,380,7,997.7,1258,10,997.8,2110,16,997.9,1087,18
317,2025-11-26 10:06:42+05:30,997.2,13,992.63,1844213,353942.0,361363.0,986.2,998.8,981.3,986.2,119511000,1084.8,887.6,1102.5,649.1,997.3,102,2,997.2,4,1,997.1,699,1,997.0,623,3,996.9,1270,6,997.5,1028,10,997.6,354,6,997.7,1258,10,997.8,1487,14,997.9,1621,21
317,2025-11-26 10:06:43+05:30,997.3,100,992.63,1844213,353942.0,361363.0,986.2,998.8,981.3,986.2,119511000,1084.8,887.6,1102.5,649.1,997.3,102,2,997.2,4,1,997.1,699,1,997.0,623,3,996.9,1270,6,997.5,1028,10,997.6,354,6,997.7,1258,10,997.8,1487,14,997.9,1621,21
317,2025-11-26 10:06:43+05:30,997.3,100,992.63,1844357,353561.0,361996.0,986.2,998.8,981.3,986.2,119511000,1084.8,887.6,1102.5,649.1,997.2,4,1,997.1,699,1,997.0,126,3,996.9,1142,5,996.8,2030,9,997.5,1377,13,997.6,1230,11,997.7,1263,11,997.8,1485,14,997.9,1238,23
317,2025-11-26 10:06:44+05:30,997.5,3,992.63,1844357,353561.0,361996.0,986.2,998.8,981.3,986.2,119511000,1084.8,887.6,1102.5,649.1,997.2,4,1,997.1,699,1,997.0,126,3,996.9,1142,5,996.8,2030,9,997.5,1377,13,997.6,1230,11,997.7,1263,11,997.8,1485,14,997.9,1238,23
317,2025-11-26 10:06:44+05:30,997.5,3,992.63,1844490,353231.0,362007.0,986.2,998.8,981.3,986.2,119511000,1084.8,887.6,1102.5,649.1,997.2,64,3,997.1,699,1,997.0,126,3,996.9,1651,6,996.8,1891,7,997.5,1380,15,997.6,636,9,997.7,1629,11,997.8,1928,17,997.9,1010,20
317,2025-11-26 10:06:45+05:30,997.5,3,992.63,1844490,353365.0,362027.0,986.2,998.8,981.3,986.2,119511000,1084.8,887.6,1102.5,649.1,997.2,64,3,997.1,699,1,997.0,126,3,996.9,1709,6,996.8,1898,8,997.5,1380,15,997.6,666,10,997.7,1634,11,997.8,1968,18,997.9,950,18
317,2025-11-26 10:06:46+05:30,997.5,5,992.63,1844490,353365.0,362027.0,986.2,998.8,981.3,986.2,119511000,1084.8,887.6,1102.5,649.1,997.2,64,3,997.1,699,1,997.0,126,3,996.9,1709,6,996.8,1898,8,997.5,1380,15,997.6,666,10,997.7,1634,11,997.8,1968,18,997.9,950,18
317,2025-11-26 10:06:46+05:30,997.5,5,992.63,1844495,356889.0,361476.0,986.2,998.8,981.3,986.2,119511000,1084.8,887.6,1102.5,649.1,997.2,64,3,997.1,699,1,997.0,790,6,996.9,1484,8,996.8,4659,15,997.5,820,8,997.6,661,12,997.7,1060,10,997.8,1964,17,997.9,819,12
317,2025-11-26 10:06:47+05:30,997.5,4,992.63,1844495,356889.0,361476.0,986.2,998.8,981.3,986.2,119511000,1084.8,887.6,1102.5,649.1,997.2,64,3,997.1,699,1,997.0,790,6,996.9,1484,8,996.8,4659,15,997.5,820,8,997.6,661,12,997.7,1060,10,997.8,1964,17,997.9,819,12
317,2025-11-26 10:06:47+05:30,997.5,4,992.63,1844499,356967.0,361814.0,986.2,998.8,981.3,986.2,119511000,1084.8,887.6,1102.5,649.1,997.2,763,4,997.0,1547,8,996.9,796,9,996.8,5318,14,996.7,2227,13,997.5,877,9,997.6,661,12,997.7,1060,10,997.8,1964,17,997.9,1036,16
317,2025-11-26 10:06:48+05:30,997.5,4,992.63,1844499,356967.0,361748.0,986.2,998.8,981.3,986.2,119511000,1084.8,887.6,1102.5,649.1,997.2,763,4,997.0,1547,8,996.9,796,9,996.8,4568,13,996.7,2227,13,997.5,816,8,997.6,661,12,997.7,1060,10,997.8,1924,16,997.9,1076,17
317,2025-11-26 10:06:49+05:30,997.5,4,992.63,1844499,356967.0,361748.0,986.2,998.8,981.3,986.2,119511000,1084.8,887.6,1102.5,649.1,997.2,763,4,997.0,1547,8,996.9,796,9,996.8,4568,13,996.7,2227,13,997.5,816,8,997.6,661,12,997.7,1060,10,997.8,1924,16,997.9,1076,17
317,2025-11-26 10:06:49+05:30,997.5,4,992.63,1844503,357139.0,361610.0,986.2,998.8,981.3,986.2,119511000,1084.8,887.6,1102.5,649.1,997.2,763,4,997.1,49,1,997.0,1659,11,996.9,857,10,996.8,5318,14,997.5,812,8,997.6,517,9,997.7,1045,10,997.8,1424,15,997.9,1561,17
317,2025-11-26 10:06:50+05:30,997.3,2,992.63,1844503,357139.0,361610.0,986.2,998.8,981.3,986.2,119511000,1084.8,887.6,1102.5,649.1,997.2,763,4,997.1,49,1,997.0,1659,11,996.9,857,10,996.8,5318,14,997.5,812,8,997.6,517,9,997.7,1045,10,997.8,1424,15,997.9,1561,17
317,2025-11-26 10:06:50+05:30,997.3,2,992.64,1844591,359119.0,359992.0,986.2,998.8,981.3,986.2,119511000,1084.8,887.6,1102.5,649.1,997.4,758,2,997.3,736,2,997.2,6585,25,997.1,2156,8,997.0,1285,11,997.5,758,7,997.6,101,2,997.7,401,4,997.8,855,10,997.9,908,12
317,2025-11-26 10:06:52+05:30,997.3,2,992.64,1844591,355395.0,360630.0,986.2,998.8,981.3,986.2,119511000,1084.8,887.6,1102.5,649.1,997.4,763,2,997.2,2497,9,997.1,663,6,997.0,1471,11,996.9,4631,14,997.5,758,7,997.6,101,2,997.7,474,7,997.8,960,12,997.9,908,12
317,2025-11-26 10:06:52+05:30,997.5,10,992.64,1844591,355395.0,360630.0,986.2,998.8,981.3,986.2,119511000,1084.8,887.6,1102.5,649.1,997.4,763,2,997.2,2497,9,997.1,663,6,997.0,1471,11,996.9,4631,14,997.5,758,7,997.6,101,2,997.7,474,7,997.8,960,12,997.9,908,12
317,2025-11-26 10:06:53+05:30,997.5,112,992.64,1845463,354847.0,358115.0,986.2,998.8,981.3,986.2,119511000,1084.8,887.6,1102.5,649.1,997.4,13,1,997.3,699,1,997.2,583,7,997.1,1364,6,997.0,1578,14,997.5,24,1,997.6,101,2,997.7,401,4,997.8,874,10,997.9,828,13
317,2025-11-26 10:06:53+05:30,997.6,25,992.64,1845463,354847.0,358115.0,986.2,998.8,981.3,986.2,119511000,1084.8,887.6,1102.5,649.1,997.4,13,1,997.3,699,1,997.2,583,7,997.1,1364,6,997.0,1578,14,997.5,24,1,997.6,101,2,997.7,401,4,997.8,874,10,997.9,828,13
317,2025-11-26 10:06:54+05:30,997.2,177,992.64,1845769,348440.0,360281.0,986.2,998.8,981.3,986.2,119511000,1084.8,887.6,1102.5,649.1,997.2,523,2,997.1,1117,4,997.0,1397,11,996.9,4704,22,996.8,2384,9,997.6,1009,7,997.7,933,11,997.8,855,14,997.9,1395,15,998.0,6650,47
317,2025-11-26 10:06:54+05:30,997.2,1,992.64,1845769,348440.0,360281.0,986.2,998.8,981.3,986.2,119511000,1084.8,887.6,1102.5,649.1,997.2,523,2,997.1,1117,4,997.0,1397,11,996.9,4704,22,996.8,2384,9,997.6,1009,7,997.7,933,11,997.8,855,14,997.9,1395,15,998.0,6650,47
317,2025-11-26 10:06:55+05:30,997.2,1,992.64,1845770,357831.0,359615.0,986.2,998.8,981.3,986.2,119511000,1084.8,887.6,1102.5,649.1,997.3,1442,1,997.2,700,4,997.1,1117,4,997.0,1513,12,996.9,5454,23,997.5,4,1,997.6,352,3,997.7,686,8,997.8,1120,12,997.9,934,16
317,2025-11-26 10:06:56+05:30,997.5,4,992.64,1845774,356348.0,359511.0,986.2,998.8,981.3,986.2,119511000,1084.8,887.6,1102.5,649.1,997.5,1,1,997.3,1443,2,997.2,523,2,997.1,1009,3,997.0,1563,14,997.6,489,6,997.7,880,11,997.8,741,11,997.9,895,14,998.0,7150,48
317,2025-11-26 10:06:56+05:30,997.6,1,992.64,1845774,356348.0,359511.0,986.2,998.8,981.3,986.2,119511000,1084.8,887.6,1102.5,649.1,997.5,1,1,997.3,1443,2,997.2,523,2,997.1,1009,3,997.0,1563,14,997.6,489,6,997.7,880,11,997.8,741,11,997.9,895,14,998.0,7150,48
317,2025-11-26 10:06:57+05:30,997.6,1,992.64,1845775,356503.0,359531.0,986.2,998.8,981.3,986.2,119511000,1084.8,887.6,1102.5,649.1,997.5,1,1,997.3,1443,2,997.2,521,1,997.1,1011,4,997.0,1563,14,997.6,462,6,997.7,880,11,997.8,741,11,997.9,895,14,998.0,7150,48
317,2025-11-26 10:06:58+05:30,997.6,1,992.64,1845775,356216.0,359537.0,986.2,998.8,981.3,986.2,119511000,1084.8,887.6,1102.5,649.1,997.5,1,1,997.3,1443,2,997.2,521,1,997.1,1187,5,997.0,1589,16,997.6,854,5,997.7,765,8,997.8,807,13,997.9,895,14,998.0,6989,42
317,2025-11-26 10:06:58+05:30,997.6,2,992.64,1845775,356216.0,359537.0,986.2,998.8,981.3,986.2,119511000,1084.8,887.6,1102.5,649.1,997.5,1,1,997.3,1443,2,997.2,521,1,997.1,1187,5,997.0,1589,16,997.6,854,5,997.7,765,8,997.8,807,13,997.9,895,14,998.0,6989,42
317,2025-11-26 10:06:59+05:30,997.6,3,992.64,1845786,356884.0,359987.0,986.2,998.8,981.3,986.2,119511000,1084.8,887.6,1102.5,649.1,997.3,1443,2,997.2,579,2,997.1,1187,5,997.0,1589,16,996.9,4684,21,997.6,843,5,997.7,1207,8,997.8,807,13,997.9,901,15,998.0,7038,43
317,2025-11-26 10:06:59+05:30,997.6,3,992.64,1845786,356884.0,359987.0,986.2,998.8,981.3,986.2,119511000,1084.8,887.6,1102.5,649.1,997.3,1443,2,997.2,579,2,997.1,1187,5,997.0,1589,16,996.9,4684,21,997.6,843,5,997.7,1207,8,997.8,807,13,997.9,901,15,998.0,7038,43
317,2025-11-26 10:07:00+05:30,997.6,3,992.64,1845786,356884.0,359987.0,986.2,998.8,981.3,986.2,119511000,1084.8,887.6,1102.5,649.1,997.3,1443,2,997.2,579,2,997.1,1187,5,997.0,1589,16,996.9,4684,21,997.6,843,5,997.7,1207,8,997.8,807,13,997.9,901,15,998.0,7038,43
317,2025-11-26 10:07:00+05:30,997.6,3,992.64,1845786,356873.0,359997.0,986.2,998.8,981.3,986.2,119511000,1084.8,887.6,1102.5,649.1,997.3,1443,2,997.2,521,1,997.1,1187,5,997.0,1589,16,996.9,4684,21,997.6,892,6,997.7,692,9,997.8,1229,12,997.9,901,15,998.0,7038,43
317,2025-11-26 10:07:00+05:30,997.6,3,992.64,1845786,356873.0,359997.0,986.2,998.8,981.3,986.2,119511000,1084.8,887.6,1102.5,649.1,997.3,1443,2,997.2,521,1,997.1,1187,5,997.0,1589,16,996.9,4684,21,997.6,892,6,997.7,692,9,997.8,1229,12,997.9,901,15,998.0,7038,43
317,2025-11-26 10:07:01+05:30,997.6,3,992.64,1845786,356834.0,359735.0,986.2,998.8,981.3,986.2,119511000,1084.8,887.6,1102.5,649.1,997.3,1443,2,997.2,521,1,997.1,1187,5,997.0,1589,16,996.9,4684,21,997.6,843,5,997.7,577,6,997.8,1295,14,997.9,901,15,998.0,7038,43
317,2025-11-26 10:07:01+05:30,997.6,3,992.64,1845786,356834.0,359735.0,986.2,998.8,981.3,986.2,119511000,1084.8,887.6,1102.5,649.1,997.3,1443,2,997.2,521,1,997.1,1187,5,997.0,1589,16,996.9,4684,21,997.6,843,5,997.7,577,6,997.8,1295,14,997.9,901,15,998.0,7038,43
317,2025-11-26 10:07:01+05:30,997.6,10,992.64,1845786,356834.0,359735.0,986.2,998.8,981.3,986.2,119511000,1084.8,887.6,1102.5,649.1,997.3,1443,2,997.2,521,1,997.1,1187,5,997.0,1589,16,996.9,4684,21,997.6,843,5,997.7,577,6,997.8,1295,14,997.9,901,15,998.0,7038,43
317,2025-11-26 10:07:01+05:30,997.6,10,992.64,1845786,356834.0,359735.0,986.2,998.8,981.3,986.2,119511000,1084.8,887.6,1102.5,649.1,997.3,1443,2,997.2,521,1,997.1,1187,5,997.0,1589,16,996.9,4684,21,997.6,843,5,997.7,577,6,997.8,1295,14,997.9,901,15,998.0,7038,43
317,2025-11-26 10:07:02+05:30,997.6,10,992.64,1845786,356834.0,359735.0,986.2,998.8,981.3,986.2,119511000,1084.8,887.6,1102.5,649.1,997.3,1443,2,997.2,521,1,997.1,1187,5,997.0,1589,16,996.9,4684,21,997.6,843,5,997.7,577,6,997.8,1295,14,997.9,901,15,998.0,7038,43
317,2025-11-26 10:07:02+05:30,997.6,10,992.64,1845796,356834.0,359935.0,986.2,998.8,981.3,986.2,119511000,1084.8,887.6,1102.5,649.1,997.3,1443,2,997.2,521,1,997.1,1187,5,997.0,1589,16,996.9,4684,21,997.6,882,6,997.7,694,9,997.8,1253,13,997.9,858,14,998.0,7141,49
317,2025-11-26 10:07:02+05:30,997.6,10,992.64,1845796,356834.0,359935.0,986.2,998.8,981.3,986.2,119511000,1084.8,887.6,1102.5,649.1,997.3,1443,2,997.2,521,1,997.1,1187,5,997.0,1589,16,996.9,4684,21,997.6,882,6,997.7,694,9,997.8,1253,13,997.9,858,14,998.0,7141,49
317,2025-11-26 10:07:03+05:30,997.6,10,992.64,1845796,356856.0,359447.0,986.2,998.8,981.3,986.2,119511000,1084.8,887.6,1102.5,649.1,997.3,1443,2,997.2,521,1,997.1,1187,5,997.0,1589,16,996.9,4684,21,997.6,882,6,997.7,694,9,997.8,765,12,997.9,858,14,998.0,7141,49
317,2025-11-26 10:07:03+05:30,997.6,10,992.64,1845796,356856.0,359447.0,986.2,998.8,981.3,986.2,119553000,1084.8,887.6,1102.5,649.1,997.3,1443,2,997.2,521,1,997.1,1187,5,997.0,1589,16,996.9,4684,21,997.6,882,6,997.7,694,9,997.8,765,12,997.9,858,14,998.0,7141,49
317,2025-11-26 10:07:04+05:30,997.6,10,992.64,1845796,356995.0,359948.0,986.2,998.8,981.3,986.2,119553000,1084.8,887.6,1102.5,649.1,997.3,1443,2,997.2,521,1,997.1,1187,5,997.0,1589,16,996.9,4684,21,997.6,869,6,997.7,1205,10,997.8,765,12,997.9,885,15,998.0,7117,48
317,2025-11-26 10:07:04+05:30,997.6,5,992.64,1845796,356995.0,359948.0,986.2,998.8,981.3,986.2,119553000,1084.8,887.6,1102.5,649.1,997.3,1443,2,997.2,521,1,997.1,1187,5,997.0,1589,16,996.9,4684,21,997.6,869,6,997.7,1205,10,997.8,765,12,997.9,885,15,998.0,7117,48
317,2025-11-26 10:07:05+05:30,997.6,5,992.64,1845801,357015.0,359942.0,986.2,998.8,981.3,986.2,119553000,1084.8,887.6,1102.5,649.1,997.3,1443,2,997.2,521,1,997.1,1187,5,997.0,1588,15,996.9,4684,21,997.6,864,6,997.7,1205,10,997.8,761,10,997.9,888,17,998.0,7117,48
317,2025-11-26 10:07:06+05:30,997.6,5,992.64,1845801,356960.0,360000.0,986.2,998.8,981.3,986.2,119553000,1084.8,887.6,1102.5,649.1,997.3,1443,2,997.2,521,1,997.1,1187,5,997.0,1539,14,996.9,4684,21,997.6,898,7,997.7,1229,10,997.8,761,10,997.9,888,17,998.0,7117,48
317,2025-11-26 10:07:07+05:30,997.6,5,992.64,1845801,356966.0,359918.0,986.2,998.8,981.3,986.2,119553000,1084.8,887.6,1102.5,649.1,997.3,1443,2,997.2,521,1,997.1,1187,5,997.0,1671,15,996.9,4684,21,997.6,898,7,997.7,1229,10,997.8,761,10,997.9,888,17,998.0,7117,48
317,2025-11-26 10:07:07+05:30,997.6,13,992.64,1845801,356966.0,359918.0,986.2,998.8,981.3,986.2,119553000,1084.8,887.6,1102.5,649.1,997.3,1443,2,997.2,521,1,997.1,1187,5,997.0,1671,15,996.9,4684,21,997.6,898,7,997.7,1229,10,997.8,761,10,997.9,888,17,998.0,7117,48
317,2025-11-26 10:07:08+05:30,997.6,13,992.64,1845814,356983.0,359856.0,986.2,998.8,981.3,986.2,119553000,1084.8,887.6,1102.5,649.1,997.3,1456,3,997.2,579,2,997.1,1187,5,997.0,1671,15,996.9,4684,21,997.6,802,5,997.7,1263,11,997.8,761,10,997.9,888,17,998.0,7117,48
317,2025-11-26 10:07:08+05:30,997.6,65,992.64,1845814,356983.0,359856.0,986.2,998.8,981.3,986.2,119553000,1084.8,887.6,1102.5,649.1,997.3,1456,3,997.2,579,2,997.1,1187,5,997.0,1671,15,996.9,4684,21,997.6,802,5,997.7,1263,11,997.8,761,10,997.9,888,17,998.0,7117,48
317,2025-11-26 10:07:09+05:30,997.6,65,992.64,1845914,356747.0,359778.0,986.2,998.8,981.3,986.2,119553000,1084.8,887.6,1102.5,649.1,997.3,1513,4,997.2,579,2,997.1,1187,5,997.0,1720,16,996.9,4684,21,997.6,702,4,997.7,1171,9,997.8,795,11,997.9,888,17,998.0,7117,48
317,2025-11-26 10:07:09+05:30,997.5,250,992.64,1845914,356747.0,359778.0,986.2,998.8,981.3,986.2,119553000,1084.8,887.6,1102.5,649.1,997.3,1513,4,997.2,579,2,997.1,1187,5,997.0,1720,16,996.9,4684,21,997.6,702,4,997.7,1171,9,997.8,795,11,997.9,888,17,998.0,7117,48
317,2025-11-26 10:07:10+05:30,997.3,20,992.64,1847278,355160.0,360233.0,986.2,998.8,981.3,986.2,119553000,1084.8,887.6,1102.5,649.1,997.3,426,3,997.2,521,1,997.1,750,1,997.0,1461,14,996.9,4696,23,997.6,840,9,997.7,1430,11,997.8,767,11,997.9,1578,17,998.0,6685,48
317,2025-11-26 10:07:10+05:30,997.3,256,992.64,1847278,355160.0,360233.0,986.2,998.8,981.3,986.2,119553000,1084.8,887.6,1102.5,649.1,997.3,426,3,997.2,521,1,997.1,750,1,997.0,1461,14,996.9,4696,23,997.6,840,9,997.7,1430,11,997.8,767,11,997.9,1578,17,998.0,6685,48
317,2025-11-26 10:07:10+05:30,997.3,256,992.64,1847534,354752.0,359920.0,986.2,998.8,981.3,986.2,119553000,1084.8,887.6,1102.5,649.1,997.3,170,3,997.2,521,1,997.1,750,1,997.0,1461,14,996.9,4690,22,997.6,874,10,997.7,811,9,997.8,767,11,997.9,882,16,998.0,7185,49
317,2025-11-26 10:07:11+05:30,997.3,128,992.64,1847534,354752.0,359920.0,986.2,998.8,981.3,986.2,119553000,1084.8,887.6,1102.5,649.1,997.3,170,3,997.2,521,1,997.1,750,1,997.0,1461,14,996.9,4690,22,997.6,874,10,997.7,811,9,997.8,767,11,997.9,882,16,998.0,7185,49
317,2025-11-26 10:07:12+05:30,997.3,128,992.64,1847662,354512.0,360417.0,986.2,998.8,981.3,986.2,119553000,1084.8,887.6,1102.5,649.1,997.3,42,3,997.2,521,1,997.1,750,1,997.0,1404,13,996.9,4690,22,997.6,1583,12,997.7,811,9,997.8,767,11,997.9,1382,17,998.0,6436,42
317,2025-11-26 10:07:12+05:30,997.3,13,992.64,1847662,354512.0,360417.0,986.2,998.8,981.3,986.2,119553000,1084.8,887.6,1102.5,649.1,997.3,42,3,997.2,521,1,997.1,750,1,997.0,1404,13,996.9,4690,22,997.6,1583,12,997.7,811,9,997.8,767,11,997.9,1382,17,998.0,6436,42
317,2025-11-26 10:07:13+05:30,997.5,1,992.64,1847705,354139.0,359734.0,986.2,998.8,981.3,986.2,119553000,1084.8,887.6,1102.5,649.1,997.2,521,1,997.1,750,1,997.0,1241,11,996.9,5385,21,996.8,2390,10,997.5,107,2,997.6,1232,15,997.7,924,10,997.8,766,10,997.9,1416,18
317,2025-11-26 10:07:13+05:30,997.1,20,992.64,1847705,354139.0,359734.0,986.2,998.8,981.3,986.2,119553000,1084.8,887.6,1102.5,649.1,997.2,521,1,997.1,750,1,997.0,1241,11,996.9,5385,21,996.8,2390,10,997.5,107,2,997.6,1232,15,997.7,924,10,997.8,766,10,997.9,1416,18
317,2025-11-26 10:07:14+05:30,997.1,90,992.64,1848448,353225.0,361556.0,986.2,998.8,981.3,986.2,119553000,1084.8,887.6,1102.5,649.1,997.1,640,1,997.0,1051,10,996.9,5099,20,996.8,2089,7,996.7,2553,11,997.5,1482,12,997.6,1487,14,997.7,1071,12,997.8,1055,12,997.9,1397,19
317,2025-11-26 10:07:14+05:30,997.5,6,992.64,1848448,353225.0,361556.0,986.2,998.8,981.3,986.2,119553000,1084.8,887.6,1102.5,649.1,997.1,640,1,997.0,1051,10,996.9,5099,20,996.8,2089,7,996.7,2553,11,997.5,1482,12,997.6,1487,14,997.7,1071,12,997.8,1055,12,997.9,1397,19
317,2025-11-26 10:07:15+05:30,997.5,6,992.64,1848456,355852.0,360411.0,986.2,998.8,981.3,986.2,119553000,1084.8,887.6,1102.5,649.1,997.1,1419,3,997.0,1052,11,996.9,5059,19,996.8,2145,8,996.7,2553,11,997.5,619,8,997.6,1345,15,997.7,921,11,997.8,1055,12,997.9,1397,19
317,2025-11-26 10:07:15+05:30,997.5,10,992.64,1848456,355852.0,360411.0,986.2,998.8,981.3,986.2,119553000,1084.8,887.6,1102.5,649.1,997.1,1419,3,997.0,1052,11,996.9,5059,19,996.8,2145,8,996.7,2553,11,997.5,619,8,997.6,1345,15,997.7,921,11,997.8,1055,12,997.9,1397,19
317,2025-11-26 10:07:16+05:30,997.5,10,992.65,1848594,357819.0,360903.0,986.2,998.8,981.3,986.2,119553000,1084.8,887.6,1102.5,649.1,997.1,1285,3,997.0,1222,12,996.9,5059,19,996.8,2145,8,996.7,2553,11,997.5,1049,11,997.6,1307,13,997.7,921,11,997.8,1055,12,997.9,1567,20
317,2025-11-26 10:07:17+05:30,997.5,10,992.65,1848594,357888.0,362778.0,986.2,998.8,981.3,986.2,119553000,1084.8,887.6,1102.5,649.1,997.1,1262,2,997.0,1222,12,996.9,5059,19,996.8,2145,8,996.7,2553,11,997.5,1086,12,997.6,3070,13,997.7,921,11,997.8,1130,13,997.9,1567,20
317,2025-11-26 10:07:18+05:30,997.5,10,992.65,1848594,353953.0,362785.0,986.2,998.8,981.3,986.2,119553000,1084.8,887.6,1102.5,649.1,997.1,1284,3,997.0,1222,12,996.9,5102,21,996.8,2145,8,996.7,2553,11,997.5,1014,10,997.6,3169,15,997.7,958,12,997.8,1130,13,997.9,1510,18
317,2025-11-26 10:07:18+05:30,997.1,1,992.65,1848594,353953.0,362785.0,986.2,998.8,981.3,986.2,119553000,1084.8,887.6,1102.5,649.1,997.1,1284,3,997.0,1222,12,996.9,5102,21,996.8,2145,8,996.7,2553,11,997.5,1014,10,997.6,3169,15,997.7,958,12,997.8,1130,13,997.9,1510,18
317,2025-11-26 10:07:19+05:30,997.5,3,992.65,1848598,354026.0,362235.0,986.2,998.8,981.3,986.2,119553000,1084.8,887.6,1102.5,649.1,997.1,1283,3,997.0,1222,12,996.9,5065,20,996.8,2182,9,996.7,2553,11,997.5,464,9,997.6,3206,16,997.7,921,11,997.8,1130,13,997.9,1510,18
317,2025-11-26 10:07:19+05:30,997.5,3,992.65,1848598,354026.0,362235.0,986.2,998.8,981.3,986.2,119553000,1084.8,887.6,1102.5,649.1,997.1,1283,3,997.0,1222,12,996.9,5065,20,996.8,2182,9,996.7,2553,11,997.5,464,9,997.6,3206,16,997.7,921,11,997.8,1130,13,997.9,1510,18
317,2025-11-26 10:07:20+05:30,997.5,3,992.65,1848598,354808.0,362131.0,986.2,998.8,981.3,986.2,119553000,1084.8,887.6,1102.5,649.1,997.1,1453,4,997.0,1260,14,996.9,5065,20,996.8,2154,9,996.7,2383,10,997.5,405,7,997.6,2651,8,997.7,830,11,997.8,1167,14,997.9,1490,17
317,2025-11-26 10:07:21+05:30,997.5,3,992.65,1848598,354587.0,362487.0,986.2,998.8,981.3,986.2,119553000,1084.8,887.6,1102.5,649.1,997.1,1455,5,997.0,1223,13,996.9,5202,23,996.8,2154,9,996.7,2383,10,997.5,877,7,997.6,2633,8,997.7,830,11,997.8,1167,14,997.9,1574,22
317,2025-11-26 10:07:22+05:30,997.5,110,992.65,1848598,354587.0,362487.0,986.2,998.8,981.3,986.2,119553000,1084.8,887.6,1102.5,649.1,997.1,1455,5,997.0,1223,13,996.9,5202,23,996.8,2154,9,996.7,2383,10,997.5,877,7,997.6,2633,8,997.7,830,11,997.8,1167,14,997.9,1574,22
317,2025-11-26 10:07:22+05:30,997.5,110,992.65,1848708,355381.0,362473.0,986.2,998.8,981.3,986.2,119553000,1084.8,887.6,1102.5,649.1,997.1,1455,5,997.0,1223,13,996.9,5196,22,996.8,2154,9,996.7,2383,10,997.5,861,8,997.6,2633,8,997.7,830,11,997.8,1167,14,997.9,1574,22
317,2025-11-26 10:07:23+05:30,997.5,110,992.65,1848708,355404.0,362498.0,986.2,998.8,981.3,986.2,119553000,1084.8,887.6,1102.5,649.1,997.1,1468,6,997.0,1316,16,996.9,5163,21,996.8,2154,9,996.7,2383,10,997.5,861,8,997.6,2633,8,997.7,830,11,997.8,1167,14,997.9,1599,23
317,2025-11-26 10:07:24+05:30,997.5,5,992.65,1848708,355404.0,362498.0,986.2,998.8,981.3,986.2,119553000,1084.8,887.6,1102.5,649.1,997.1,1468,6,997.0,1316,16,996.9,5163,21,996.8,2154,9,996.7,2383,10,997.5,861,8,997.6,2633,8,997.7,830,11,997.8,1167,14,997.9,1599,23
317,2025-11-26 10:07:24+05:30,997.5,5,992.65,1848714,355669.0,361991.0,986.2,998.8,981.3,986.2,119553000,1084.8,887.6,1102.5,649.1,997.1,1468,6,997.0,1371,17,996.9,5163,21,996.8,2154,9,996.7,2383,10,997.5,299,7,997.6,2633,8,997.7,830,11,997.8,1167,14,997.9,1599,23
317,2025-11-26 10:07:25+05:30,997.5,10,992.65,1848714,355669.0,361991.0,986.2,998.8,981.3,986.2,119553000,1084.8,887.6,1102.5,649.1,997.1,1468,6,997.0,1371,17,996.9,5163,21,996.8,2154,9,996.7,2383,10,997.5,299,7,997.6,2633,8,997.7,830,11,997.8,1167,14,997.9,1599,23
317,2025-11-26 10:07:25+05:30,997.5,10,992.65,1848724,355669.0,361981.0,986.2,998.8,981.3,986.2,119553000,1084.8,887.6,1102.5,649.1,997.1,1468,6,997.0,1371,17,996.9,5163,21,996.8,2154,9,996.7,2383,10,997.5,289,7,997.6,2633,8,997.7,830,11,997.8,1167,14,997.9,1599,23
317,2025-11-26 10:07:26+05:30,997.5,10,992.65,1848724,355382.0,362474.0,986.2,998.8,981.3,986.2,119553000,1084.8,887.6,1102.5,649.1,997.1,1276,4,997.0,1338,16,996.9,5114,20,996.8,2178,9,996.7,2553,11,997.5,937,10,997.6,2908,13,997.7,825,11,997.8,1098,12,997.9,1574,22
317,2025-11-26 10:07:27+05:30,997.5,10,992.65,1848724,356641.0,362474.0,986.2,998.8,981.3,986.2,119553000,1084.8,887.6,1102.5,649.1,997.1,1276,4,997.0,1338,16,996.9,5114,20,996.8,2178,9,996.7,2553,11,997.5,937,10,997.6,2908,13,997.7,825,11,997.8,1098,12,997.9,1574,22
317,2025-11-26 10:07:28+05:30,997.5,10,992.65,1848724,356903.0,361629.0,986.2,998.8,981.3,986.2,119553000,1084.8,887.6,1102.5,649.1,997.1,1386,7,997.0,1338,16,996.9,5119,21,996.8,2156,9,996.7,1803,10,997.5,336,8,997.6,2785,10,997.7,824,11,997.8,1131,13,997.9,1569,22
317,2025-11-26 10:07:29+05:30,997.5,5,992.65,1848724,356903.0,361629.0,986.2,998.8,981.3,986.2,119553000,1084.8,887.6,1102.5,649.1,997.1,1386,7,997.0,1338,16,996.9,5119,21,996.8,2156,9,996.7,1803,10,997.5,336,8,997.6,2785,10,997.7,824,11,997.8,1131,13,997.9,1569,22
317,2025-11-26 10:07:29+05:30,997.5,5,992.65,1848729,354061.0,361976.0,986.2,998.8,981.3,986.2,119553000,1084.8,887.6,1102.5,649.1,997.3,4,1,997.1,1278,5,997.0,1452,17,996.9,5162,21,996.8,2178,9,997.5,435,10,997.6,3022,13,997.7,894,10,997.8,1098,12,997.9,1596,23
317,2025-11-26 10:07:30+05:30,997.5,1,992.65,1848729,354061.0,361976.0,986.2,998.8,981.3,986.2,119553000,1084.8,887.6,1102.5,649.1,997.3,4,1,997.1,1278,5,997.0,1452,17,996.9,5162,21,996.8,2178,9,997.5,435,10,997.6,3022,13,997.7,894,10,997.8,1098,12,997.9,1596,23
317,2025-11-26 10:07:30+05:30,997.5,1,992.65,1848736,353808.0,362019.0,986.2,998.8,981.3,986.2,119553000,1084.8,887.6,1102.5,649.1,997.3,4,1,997.1,1278,5,997.0,1452,17,996.9,5162,21,996.8,2198,10,997.5,428,10,997.6,2989,12,997.7,924,11,997.8,1098,12,997.9,1596,23
317,2025-11-26 10:07:31+05:30,997.5,1,992.65,1848736,353846.0,362088.0,986.2,998.8,981.3,986.2,119553000,1084.8,887.6,1102.5,649.1,997.3,6,2,997.1,1265,4,997.0,1452,17,996.9,5192,22,996.8,2165,9,997.5,428,10,997.6,2989,12,997.7,924,11,997.8,1098,12,997.9,1616,24
317,2025-11-26 10:07:32+05:30,997.5,1,992.65,1848736,353838.0,362098.0,986.2,998.8,981.3,986.2,119553000,1084.8,887.6,1102.5,649.1,997.3,6,2,997.1,1265,4,997.0,1452,17,996.9,5193,23,996.8,2165,9,997.5,428,10,997.6,2999,13,997.7,924,11,997.8,1098,12,997.9,1616,24
317,2025-11-26 10:07:33+05:30,997.4,112,992.65,1848736,353838.0,362098.0,986.2,998.8,981.3,986.2,119553000,1084.8,887.6,1102.5,649.1,997.3,6,2,997.1,1265,4,997.0,1452,17,996.9,5193,23,996.8,2165,9,997.5,428,10,997.6,2999,13,997.7,924,11,997.8,1098,12,997.9,1616,24
317,2025-11-26 10:07:34+05:30,997.4,112,992.65,1848848,355270.0,362142.0,986.2,998.8,981.3,986.2,119553000,1084.8,887.6,1102.5,649.1,997.3,6,2,997.1,1265,4,997.0,1452,17,996.9,5158,21,996.8,2306,11,997.5,410,11,997.6,3038,15,997.7,862,9,997.8,1098,12,997.9,1616,24
317,2025-11-26 10:07:34+05:30,997.5,1,992.65,1848848,355270.0,362142.0,986.2,998.8,981.3,986.2,119553000,1084.8,887.6,1102.5,649.1,997.3,6,2,997.1,1265,4,997.0,1452,17,996.9,5158,21,996.8,2306,11,997.5,410,11,997.6,3038,15,997.7,862,9,997.8,1098,12,997.9,1616,24
317,2025-11-26 10:07:35+05:30,997.5,1,992.65,1848851,356266.0,362063.0,986.2,998.8,981.3,986.2,119553000,1084.8,887.6,1102.5,649.1,997.4,1,1,997.3,1006,3,997.1,1265,4,997.0,1452,17,996.9,5158,21,997.5,359,10,997.6,2912,14,997.7,862,9,997.8,1098,12,997.9,1596,23
317,2025-11-26 10:07:36+05:30,997.5,1,992.65,1848851,356173.0,362572.0,986.2,998.8,981.3,986.2,119553000,1084.8,887.6,1102.5,649.1,997.4,1,1,997.3,1006,3,997.1,1265,4,997.0,1452,17,996.9,5158,21,997.5,256,8,997.6,2746,10,997.7,884,9,997.8,1048,11,997.9,1596,23
317,2025-11-26 10:07:36+05:30,997.5,6,992.65,1848851,356173.0,362572.0,986.2,998.8,981.3,986.2,119553000,1084.8,887.6,1102.5,649.1,997.4,1,1,997.3,1006,3,997.1,1265,4,997.0,1452,17,996.9,5158,21,997.5,256,8,997.6,2746,10,997.7,884,9,997.8,1048,11,997.9,1596,23
317,2025-11-26 10:07:37+05:30,997.5,6,992.65,1848857,356223.0,362600.0,986.2,998.8,981.3,986.2,119553000,1084.8,887.6,1102.5,649.1,997.4,1,1,997.3,1004,2,997.1,1435,5,997.0,1452,17,996.9,5158,21,997.5,250,8,997.6,2696,10,997.7,914,10,997.8,1048,11,997.9,1596,23
317,2025-11-26 10:07:37+05:30,997.5,19,992.65,1848857,356223.0,362600.0,986.2,998.8,981.3,986.2,119553000,1084.8,887.6,1102.5,649.1,997.4,1,1,997.3,1004,2,997.1,1435,5,997.0,1452,17,996.9,5158,21,997.5,250,8,997.6,2696,10,997.7,914,10,997.8,1048,11,997.9,1596,23
317,2025-11-26 10:07:38+05:30,997.5,4,992.65,1848880,356205.0,362487.0,986.2,998.8,981.3,986.2,119553000,1084.8,887.6,1102.5,649.1,997.4,1,1,997.3,1004,2,997.1,1621,6,997.0,1714,19,996.9,5248,22,997.5,232,9,997.6,2565,7,997.7,511,5,997.8,1078,12,997.9,1126,23
317,2025-11-26 10:07:38+05:30,997.5,4,992.65,1848880,356205.0,362487.0,986.2,998.8,981.3,986.2,119553000,1084.8,887.6,1102.5,649.1,997.4,1,1,997.3,1004,2,997.1,1621,6,997.0,1714,19,996.9,5248,22,997.5,232,9,997.6,2565,7,997.7,511,5,997.8,1078,12,997.9,1126,23
317,2025-11-26 10:07:39+05:30,997.5,3,992.65,1848883,356262.0,362534.0,986.2,998.8,981.3,986.2,119553000,1084.8,887.6,1102.5,649.1,997.4,1,1,997.3,1004,2,997.1,1621,6,997.0,1715,20,996.9,5248,22,997.5,229,9,997.6,2565,7,997.7,564,6,997.8,1078,12,997.9,1127,24
317,2025-11-26 10:07:39+05:30,997.5,1,992.65,1848883,356262.0,362534.0,986.2,998.8,981.3,986.2,119553000,1084.8,887.6,1102.5,649.1,997.4,1,1,997.3,1004,2,997.1,1621,6,997.0,1715,20,996.9,5248,22,997.5,229,9,997.6,2565,7,997.7,564,6,997.8,1078,12,997.9,1127,24
317,2025-11-26 10:07:40+05:30,997.5,1,992.65,1848889,362594.0,362658.0,986.2,998.8,981.3,986.2,119553000,1084.8,887.6,1102.5,649.1,997.3,1004,2,997.2,803,2,997.1,999,8,997.0,1745,21,996.9,5998,23,997.5,228,9,997.6,2565,7,997.7,615,8,997.8,1081,12,997.9,1146,24
317,2025-11-26 10:07:41+05:30,997.5,1,992.65,1848889,357788.0,362624.0,986.2,998.8,981.3,986.2,119553000,1084.8,887.6,1102.5,649.1,997.3,1029,3,997.1,1753,9,997.0,1715,20,996.9,5248,22,996.8,2316,12,997.5,228,9,997.6,2565,7,997.7,615,8,997.8,1081,12,997.9,1643,23
317,2025-11-26 10:07:41+05:30,997.5,8,992.65,1848889,357788.0,362624.0,986.2,998.8,981.3,986.2,119553000,1084.8,887.6,1102.5,649.1,997.3,1029,3,997.1,1753,9,997.0,1715,20,996.9,5248,22,996.8,2316,12,997.5,228,9,997.6,2565,7,997.7,615,8,997.8,1081,12,997.9,1643,23
317,2025-11-26 10:07:42+05:30,997.3,1,992.65,1848990,358476.0,362774.0,986.2,998.8,981.3,986.2,119553000,1084.8,887.6,1102.5,649.1,997.3,1778,4,997.2,52,1,997.1,1753,9,997.0,1715,20,996.9,5248,22,997.5,143,6,997.6,2565,7,997.7,562,7,997.8,1082,13,997.9,1167,23
317,2025-11-26 10:07:42+05:30,997.5,1,992.65,1848990,358476.0,362774.0,986.2,998.8,981.3,986.2,119553000,1084.8,887.6,1102.5,649.1,997.3,1778,4,997.2,52,1,997.1,1753,9,997.0,1715,20,996.9,5248,22,997.5,143,6,997.6,2565,7,997.7,562,7,997.8,1082,13,997.9,1167,23
317,2025-11-26 10:07:43+05:30,997.3,131,992.65,1849125,360186.0,362668.0,986.2,998.8,981.3,986.2,119553000,1084.8,887.6,1102.5,649.1,997.3,894,2,997.2,750,1,997.1,738,5,997.0,2252,20,996.9,5476,24,997.5,142,6,997.6,2565,7,997.7,562,7,997.8,1082,13,997.9,1687,25
317,2025-11-26 10:07:43+05:30,997.5,1,992.65,1849125,360186.0,362668.0,986.2,998.8,981.3,986.2,119553000,1084.8,887.6,1102.5,649.1,997.3,894,2,997.2,750,1,997.1,738,5,997.0,2252,20,996.9,5476,24,997.5,142,6,997.6,2565,7,997.7,562,7,997.8,1082,13,997.9,1687,25
317,2025-11-26 10:07:44+05:30,997.5,3,992.65,1849129,360386.0,362600.0,986.2,998.8,981.3,986.2,119553000,1084.8,887.6,1102.5,649.1,997.3,894,2,997.2,750,1,997.1,738,5,997.0,2253,21,996.9,5481,25,997.5,138,6,997.6,2636,8,997.7,707,9,997.8,1082,13,997.9,1687,25
317,2025-11-26 10:07:44+05:30,997.5,5,992.65,1849129,360386.0,362600.0,986.2,998.8,981.3,986.2,119553000,1084.8,887.6,1102.5,649.1,997.3,894,2,997.2,750,1,997.1,738,5,997.0,2253,21,996.9,5481,25,997.5,138,6,997.6,2636,8,997.7,707,9,997.8,1082,13,997.9,1687,25
317,2025-11-26 10:07:45+05:30,997.5,4,992.65,1849138,360477.0,362686.0,986.2,998.8,981.3,986.2,119553000,1084.8,887.6,1102.5,649.1,997.3,894,2,997.2,750,1,997.1,738,5,997.0,2253,21,996.9,5481,25,997.5,129,6,997.6,2636,8,997.7,707,9,997.8,1082,13,997.9,1687,25
317,2025-11-26 10:07:45+05:30,997.5,4,992.65,1849138,360477.0,362686.0,986.2,998.8,981.3,986.2,119553000,1084.8,887.6,1102.5,649.1,997.3,894,2,997.2,750,1,997.1,738,5,997.0,2253,21,996.9,5481,25,997.5,129,6,997.6,2636,8,997.7,707,9,997.8,1082,13,997.9,1687,25
317,2025-11-26 10:07:46+05:30,997.5,4,992.65,1849138,360448.0,362706.0,986.2,998.8,981.3,986.2,119553000,1084.8,887.6,1102.5,649.1,997.3,894,2,997.2,750,1,997.1,765,6,997.0,2253,21,996.9,5454,24,997.5,129,6,997.6,2685,9,997.7,707,9,997.8,1082,13,997.9,1687,25
317,2025-11-26 10:07:46+05:30,997.5,1,992.65,1849138,360448.0,362706.0,986.2,998.8,981.3,986.2,119553000,1084.8,887.6,1102.5,649.1,997.3,894,2,997.2,750,1,997.1,765,6,997.0,2253,21,996.9,5454,24,997.5,129,6,997.6,2685,9,997.7,707,9,997.8,1082,13,997.9,1687,25
317,2025-11-26 10:07:47+05:30,997.5,1,992.65,1849140,360409.0,362642.0,986.2,998.8,981.3,986.2,119553000,1084.8,887.6,1102.5,649.1,997.3,894,2,997.2,750,1,997.1,712,5,997.0,2204,20,996.9,5414,20,997.5,127,6,997.6,2736,10,997.7,734,10,997.8,1082,13,997.9,1657,24
317,2025-11-26 10:07:47+05:30,997.5,1,992.65,1849140,360409.0,362642.0,986.2,998.8,981.3,986.2,119553000,1084.8,887.6,1102.5,649.1,997.3,894,2,997.2,750,1,997.1,712,5,997.0,2204,20,996.9,5414,20,997.5,127,6,997.6,2736,10,997.7,734,10,997.8,1082,13,997.9,1657,24
317,2025-11-26 10:07:48+05:30,997.5,1,992.65,1849140,360654.0,362547.0,986.2,998.8,981.3,986.2,119553000,1084.8,887.6,1102.5,649.1,997.3,894,2,997.2,750,1,997.1,685,4,997.0,2204,20,996.9,5427,21,997.5,128,7,997.6,2685,9,997.7,761,11,997.8,1055,12,997.9,1657,24
317,2025-11-26 10:07:49+05:30,997.5,4,992.65,1849144,363164.0,362371.0,986.2,998.8,981.3,986.2,119553000,1084.8,887.6,1102.5,649.1,997.3,1694,4,997.2,50,1,997.1,1561,8,997.0,1524,21,996.9,6155,22,997.4,28,1,997.5,94,6,997.6,2565,7,997.7,656,8,997.8,1055,12
317,2025-11-26 10:07:49+05:30,997.5,4,992.65,1849144,363164.0,362371.0,986.2,998.8,981.3,986.2,119553000,1084.8,887.6,1102.5,649.1,997.3,1694,4,997.2,50,1,997.1,1561,8,997.0,1524,21,996.9,6155,22,997.4,28,1,997.5,94,6,997.6,2565,7,997.7,656,8,997.8,1055,12
317,2025-11-26 10:07:50+05:30,997.4,1,992.65,1849145,363217.0,362399.0,986.2,998.8,981.3,986.2,119553000,1084.8,887.6,1102.5,649.1,997.3,1644,3,997.2,50,1,997.1,1561,8,997.0,1524,21,996.9,6155,22,997.4,27,1,997.5,95,7,997.6,2565,7,997.7,656,8,997.8,1055,12
317,2025-11-26 10:07:50+05:30,997.4,1,992.65,1849145,363217.0,362399.0,986.2,998.8,981.3,986.2,119553000,1084.8,887.6,1102.5,649.1,997.3,1644,3,997.2,50,1,997.1,1561,8,997.0,1524,21,996.9,6155,22,997.4,27,1,997.5,95,7,997.6,2565,7,997.7,656,8,997.8,1055,12
317,2025-11-26 10:07:51+05:30,997.5,1,992.65,1849173,361916.0,362312.0,986.2,998.8,981.3,986.2,119553000,1084.8,887.6,1102.5,649.1,997.3,1644,3,997.1,2408,10,997.0,2404,21,996.9,3848,17,996.8,3360,17,997.5,88,6,997.6,2571,8,997.7,644,6,997.8,1056,12,997.9,1103,21
317,2025-11-26 10:07:51+05:30,997.5,1,992.65,1849173,361916.0,362312.0,986.2,998.8,981.3,986.2,119553000,1084.8,887.6,1102.5,649.1,997.3,1644,3,997.1,2408,10,997.0,2404,21,996.9,3848,17,996.8,3360,17,997.5,88,6,997.6,2571,8,997.7,644,6,997.8,1056,12,997.9,1103,21
317,2025-11-26 10:07:52+05:30,997.5,12,992.65,1850845,360155.0,361589.0,986.2,998.8,981.3,986.2,119553000,1084.8,887.6,1102.5,649.1,997.5,331,1,997.3,894,2,997.1,2516,10,997.0,2453,22,996.9,3098,16,997.6,2645,11,997.7,646,7,997.8,700,10,997.9,1113,21,998.0,7050,44
317,2025-11-26 10:07:52+05:30,997.5,12,992.65,1850845,360155.0,361589.0,986.2,998.8,981.3,986.2,119553000,1084.8,887.6,1102.5,649.1,997.5,331,1,997.3,894,2,997.1,2516,10,997.0,2453,22,996.9,3098,16,997.6,2645,11,997.7,646,7,997.8,700,10,997.9,1113,21,998.0,7050,44
317,2025-11-26 10:07:53+05:30,997.5,268,992.65,1851113,359958.0,362413.0,986.2,998.8,981.3,986.2,119553000,1084.8,887.6,1102.5,649.1,997.5,88,2,997.3,869,1,997.1,2415,7,997.0,2485,26,996.9,3067,13,997.6,3295,16,997.7,771,8,997.8,700,10,997.9,1613,22,998.0,6550,43
317,2025-11-26 10:07:53+05:30,997.6,86,992.65,1851113,359958.0,362413.0,986.2,998.8,981.3,986.2,119553000,1084.8,887.6,1102.5,649.1,997.5,88,2,997.3,869,1,997.1,2415,7,997.0,2485,26,996.9,3067,13,997.6,3295,16,997.7,771,8,997.8,700,10,997.9,1613,22,998.0,6550,43
317,2025-11-26 10:07:54+05:30,997.6,1,992.65,1851113,359958.0,362413.0,986.2,998.8,981.3,986.2,119553000,1084.8,887.6,1102.5,649.1,997.5,88,2,997.3,869,1,997.1,2415,7,997.0,2485,26,996.9,3067,13,997.6,3295,16,997.7,771,8,997.8,700,10,997.9,1613,22,998.0,6550,43
317,2025-11-26 10:07:54+05:30,997.6,1,992.65,1851640,359707.0,361722.0,986.2,998.8,981.3,986.2,119553000,1084.8,887.6,1102.5,649.1,997.5,88,2,997.3,869,1,997.1,2466,8,997.0,2485,26,996.9,3067,13,997.6,2486,12,997.7,746,7,997.8,727,11,997.9,1049,17,998.0,7114,48
317,2025-11-26 10:07:55+05:30,997.5,20,992.65,1851640,359707.0,361722.0,986.2,998.8,981.3,986.2,119553000,1084.8,887.6,1102.5,649.1,997.5,88,2,997.3,869,1,997.1,2466,8,997.0,2485,26,996.9,3067,13,997.6,2486,12,997.7,746,7,997.8,727,11,997.9,1049,17,998.0,7114,48
317,2025-11-26 10:07:55+05:30,997.3,92,992.65,1851890,359058.0,361511.0,986.2,998.8,981.3,986.2,119553000,1084.8,887.6,1102.5,649.1,997.3,1477,2,997.1,2183,5,997.0,1581,24,996.9,4567,15,996.8,2600,17,997.6,2478,11,997.7,694,6,997.8,836,12,997.9,1548,18,998.0,6614,47
317,2025-11-26 10:07:56+05:30,997.3,118,992.65,1851890,359058.0,361511.0,986.2,998.8,981.3,986.2,119553000,1084.8,887.6,1102.5,649.1,997.3,1477,2,997.1,2183,5,997.0,1581,24,996.9,4567,15,996.8,2600,17,997.6,2478,11,997.7,694,6,997.8,836,12,997.9,1548,18,998.0,6614,47
317,2025-11-26 10:07:57+05:30,997.3,118,992.66,1852735,361161.0,360930.0,986.2,998.8,981.3,986.2,119553000,1084.8,887.6,1102.5,649.1,997.3,1156,3,997.2,1140,9,997.1,5626,13,997.0,2330,23,996.9,1666,11,997.6,2220,10,997.7,339,2,997.8,560,9,997.9,1102,19,998.0,6525,41
317,2025-11-26 10:07:57+05:30,997.3,100,992.66,1852735,361161.0,360930.0,986.2,998.8,981.3,986.2,119553000,1084.8,887.6,1102.5,649.1,997.3,1156,3,997.2,1140,9,997.1,5626,13,997.0,2330,23,996.9,1666,11,997.6,2220,10,997.7,339,2,997.8,560,9,997.9,1102,19,998.0,6525,41
317,2025-11-26 10:07:58+05:30,997.3,134,992.66,1853092,360562.0,361255.0,986.2,998.8,981.3,986.2,119553000,1084.8,887.6,1102.5,649.1,997.3,799,3,997.2,974,6,997.1,6372,13,997.0,2528,23,996.9,1693,12,997.6,2225,11,997.7,339,2,997.8,826,11,997.9,1048,17,998.0,7139,49
317,2025-11-26 10:07:58+05:30,997.6,50,992.66,1853092,360562.0,361255.0,986.2,998.8,981.3,986.2,119553000,1084.8,887.6,1102.5,649.1,997.3,799,3,997.2,974,6,997.1,6372,13,997.0,2528,23,996.9,1693,12,997.6,2225,11,997.7,339,2,997.8,826,11,997.9,1048,17,998.0,7139,49
317,2025-11-26 10:07:59+05:30,997.5,14,992.66,1853159,358313.0,359534.0,986.2,998.8,981.3,986.2,119553000,1084.8,887.6,1102.5,649.1,997.5,1,1,997.3,799,3,997.2,974,6,997.1,6485,14,997.0,2528,23,997.6,372,10,997.7,339,2,997.8,741,11,997.9,921,16,998.0,7566,46
317,2025-11-26 10:07:59+05:30,997.5,14,992.66,1853159,358313.0,359534.0,986.2,998.8,981.3,986.2,119553000,1084.8,887.6,1102.5,649.1,997.5,1,1,997.3,799,3,997.2,974,6,997.1,6485,14,997.0,2528,23,997.6,372,10,997.7,339,2,997.8,741,11,997.9,921,16,998.0,7566,46
317,2025-11-26 10:08:00+05:30,997.3,198,992.66,1853359,357725.0,360609.0,986.2,998.8,981.3,986.2,119553000,1084.8,887.6,1102.5,649.1,997.3,313,1,997.2,923,5,997.1,6386,12,997.0,2528,23,996.9,1666,11,997.6,187,7,997.7,339,2,997.8,714,10,997.9,948,17,998.0,8952,49
317,2025-11-26 10:08:00+05:30,997.3,134,992.66,1853359,357725.0,360609.0,986.2,998.8,981.3,986.2,119553000,1084.8,887.6,1102.5,649.1,997.3,313,1,997.2,923,5,997.1,6386,12,997.0,2528,23,996.9,1666,11,997.6,187,7,997.7,339,2,997.8,714,10,997.9,948,17,998.0,8952,49
317,2025-11-26 10:08:01+05:30,997.3,134,992.66,1853493,358086.0,361147.0,986.2,998.8,981.3,986.2,119553000,1084.8,887.6,1102.5,649.1,997.3,466,3,997.2,1022,7,997.1,6485,14,997.0,2556,25,996.9,1666,11,997.6,187,7,997.7,339,2,997.8,1279,10,997.9,948,17,998.0,8979,50
317,2025-11-26 10:08:01+05:30,997.5,50,992.66,1853493,358086.0,361147.0,986.2,998.8,981.3,986.2,119553000,1084.8,887.6,1102.5,649.1,997.3,466,3,997.2,1022,7,997.1,6485,14,997.0,2556,25,996.9,1666,11,997.6,187,7,997.7,339,2,997.8,1279,10,997.9,948,17,998.0,8979,50
317,2025-11-26 10:08:02+05:30,997.5,20,992.66,1853563,358286.0,361361.0,986.2,998.8,981.3,986.2,119553000,1084.8,887.6,1102.5,649.1,997.3,466,3,997.2,1562,9,997.1,6395,14,997.0,2529,24,996.9,1666,11,997.5,30,1,997.6,87,6,997.7,339,2,997.8,793,10,997.9,1664,19
317,2025-11-26 10:08:02+05:30,997.6,28,992.66,1853563,358286.0,361361.0,986.2,998.8,981.3,986.2,119553000,1084.8,887.6,1102.5,649.1,997.3,466,3,997.2,1562,9,997.1,6395,14,997.0,2529,24,996.9,1666,11,997.5,30,1,997.6,87,6,997.7,339,2,997.8,793,10,997.9,1664,19
317,2025-11-26 10:08:03+05:30,997.6,28,992.66,1853742,357840.0,361005.0,986.2,998.8,981.3,986.2,119553000,1084.8,887.6,1102.5,649.1,997.3,1038,4,997.2,946,4,997.1,6424,16,997.0,2608,29,996.9,1671,12,997.6,59,6,997.7,388,3,997.8,593,9,997.9,1664,19,998.0,8861,48
317,2025-11-26 10:08:03+05:30,997.6,4,992.66,1853742,357840.0,361005.0,986.2,998.8,981.3,986.2,119553000,1084.8,887.6,1102.5,649.1,997.3,1038,4,997.2,946,4,997.1,6424,16,997.0,2608,29,996.9,1671,12,997.6,59,6,997.7,388,3,997.8,593,9,997.9,1664,19,998.0,8861,48
317,2025-11-26 10:08:04+05:30,997.6,4,992.66,1853748,358314.0,360691.0,986.2,998.8,981.3,986.2,119553000,1084.8,887.6,1102.5,649.1,997.5,5,1,997.3,1038,4,997.2,897,3,997.1,6502,16,997.0,2608,29,997.6,81,5,997.7,464,5,997.8,1016,10,997.9,916,15,998.0,8324,45
317,2025-11-26 10:08:04+05:30,997.6,5,992.66,1853748,358314.0,360691.0,986.2,998.8,981.3,986.2,119553000,1084.8,887.6,1102.5,649.1,997.5,5,1,997.3,1038,4,997.2,897,3,997.1,6502,16,997.0,2608,29,997.6,81,5,997.7,464,5,997.8,1016,10,997.9,916,15,998.0,8324,45
317,2025-11-26 10:08:05+05:30,997.6,10,992.66,1853763,357998.0,360986.0,986.2,998.8,981.3,986.2,119553000,1084.8,887.6,1102.5,649.1,997.5,5,1,997.3,763,3,997.2,727,2,997.1,6470,16,997.0,2578,27,997.6,115,6,997.7,655,7,997.8,1016,10,997.9,916,15,998.0,8885,47
317,2025-11-26 10:08:05+05:30,997.5,1,992.66,1853763,357998.0,360986.0,986.2,998.8,981.3,986.2,119553000,1084.8,887.6,1102.5,649.1,997.5,5,1,997.3,763,3,997.2,727,2,997.1,6470,16,997.0,2578,27,997.6,115,6,997.7,655,7,997.8,1016,10,997.9,916,15,998.0,8885,47
317,2025-11-26 10:08:06+05:30,997.3,65,992.66,1853834,357456.0,361579.0,986.2,998.8,981.3,986.2,119553000,1084.8,887.6,1102.5,649.1,997.5,3,1,997.3,685,1,997.2,889,2,997.1,6532,18,997.0,2580,28,997.6,114,6,997.7,752,7,997.8,1243,12,997.9,916,15,998.0,8885,47
317,2025-11-26 10:08:06+05:30,997.6,2,992.66,1853834,357456.0,361579.0,986.2,998.8,981.3,986.2,119553000,1084.8,887.6,1102.5,649.1,997.5,3,1,997.3,685,1,997.2,889,2,997.1,6532,18,997.0,2580,28,997.6,114,6,997.7,752,7,997.8,1243,12,997.9,916,15,998.0,8885,47
317,2025-11-26 10:08:07+05:30,997.5,2,992.66,1853839,358120.0,361641.0,986.2,998.8,981.3,986.2,119553000,1084.8,887.6,1102.5,649.1,997.3,685,1,997.2,889,2,997.1,6356,16,997.0,2580,28,996.9,1703,13,997.5,48,1,997.6,64,5,997.7,677,5,997.8,1355,14,997.9,943,16
317,2025-11-26 10:08:07+05:30,997.5,2,992.66,1853839,358120.0,361641.0,986.2,998.8,981.3,986.2,119553000,1084.8,887.6,1102.5,649.1,997.3,685,1,997.2,889,2,997.1,6356,16,997.0,2580,28,996.9,1703,13,997.5,48,1,997.6,64,5,997.7,677,5,997.8,1355,14,997.9,943,16
317,2025-11-26 10:08:08+05:30,997.5,2,992.66,1853839,358563.0,361147.0,986.2,998.8,981.3,986.2,119553000,1084.8,887.6,1102.5,649.1,997.3,996,4,997.2,900,3,997.1,6448,18,997.0,2580,28,996.9,1703,13,997.5,48,1,997.6,64,5,997.7,294,2,997.8,626,11,997.9,1434,16
317,2025-11-26 10:08:08+05:30,997.3,1,992.66,1853839,358563.0,361147.0,986.2,998.8,981.3,986.2,119553000,1084.8,887.6,1102.5,649.1,997.3,996,4,997.2,900,3,997.1,6448,18,997.0,2580,28,996.9,1703,13,997.5,48,1,997.6,64,5,997.7,294,2,997.8,626,11,997.9,1434,16
317,2025-11-26 10:08:09+05:30,997.5,4,992.66,1853844,358682.0,361159.0,986.2,998.8,981.3,986.2,119553000,1084.8,887.6,1102.5,649.1,997.3,968,3,997.2,927,4,997.1,6448,18,997.0,2680,29,996.9,1703,13,997.5,44,1,997.6,104,6,997.7,341,3,997.8,626,11,997.9,1434,16
317,2025-11-26 10:08:09+05:30,997.5,4,992.66,1853844,358682.0,361159.0,986.2,998.8,981.3,986.2,119553000,1084.8,887.6,1102.5,649.1,997.3,968,3,997.2,927,4,997.1,6448,18,997.0,2680,29,996.9,1703,13,997.5,44,1,997.6,104,6,997.7,341,3,997.8,626,11,997.9,1434,16
317,2025-11-26 10:08:10+05:30,997.5,24,992.66,1853868,358925.0,361336.0,986.2,998.8,981.3,986.2,119553000,1084.8,887.6,1102.5,649.1,997.3,968,3,997.2,927,4,997.1,6448,18,997.0,2680,29,996.9,1703,13,997.5,21,2,997.6,104,6,997.7,341,3,997.8,626,11,997.9,1434,16
317,2025-11-26 10:08:10+05:30,997.5,24,992.66,1853868,358925.0,361336.0,986.2,998.8,981.3,986.2,119553000,1084.8,887.6,1102.5,649.1,997.3,968,3,997.2,927,4,997.1,6448,18,997.0,2680,29,996.9,1703,13,997.5,21,2,997.6,104,6,997.7,341,3,997.8,626,11,997.9,1434,16
317,2025-11-26 10:08:11+05:30,997.5,24,992.66,1853868,360942.0,361339.0,986.2,998.8,981.3,986.2,119553000,1084.8,887.6,1102.5,649.1,997.3,968,3,997.2,927,4,997.1,6448,18,997.0,2680,29,996.9,1671,12,997.5,21,2,997.6,104,6,997.7,341,3,997.8,599,10,997.9,1434,16
317,2025-11-26 10:08:11+05:30,997.5,1,992.66,1853868,360942.0,361339.0,986.2,998.8,981.3,986.2,119553000,1084.8,887.6,1102.5,649.1,997.3,968,3,997.2,927,4,997.1,6448,18,997.0,2680,29,996.9,1671,12,997.5,21,2,997.6,104,6,997.7,341,3,997.8,599,10,997.9,1434,16
317,2025-11-26 10:08:12+05:30,997.5,1,992.66,1853894,361003.0,361530.0,986.2,998.8,981.3,986.2,119553000,1084.8,887.6,1102.5,649.1,997.3,956,4,997.2,962,3,997.1,6509,17,997.0,2637,30,996.9,1666,11,997.5,20,2,997.6,154,7,997.7,346,4,997.8,522,10,997.9,1430,15
317,2025-11-26 10:08:12+05:30,997.6,5,992.66,1853894,361003.0,361530.0,986.2,998.8,981.3,986.2,119553000,1084.8,887.6,1102.5,649.1,997.3,956,4,997.2,962,3,997.1,6509,17,997.0,2637,30,996.9,1666,11,997.5,20,2,997.6,154,7,997.7,346,4,997.8,522,10,997.9,1430,15
317,2025-11-26 10:08:13+05:30,997.6,4,992.66,1853953,358562.0,361680.0,986.2,998.8,981.3,986.2,119553000,1084.8,887.6,1102.5,649.1,997.3,956,4,997.2,964,4,997.1,6482,16,997.0,2635,29,996.9,1666,11,997.6,213,8,997.7,370,4,997.8,1012,9,997.9,917,15,998.0,9010,50
317,2025-11-26 10:08:13+05:30,997.6,4,992.66,1853953,358562.0,361680.0,986.2,998.8,981.3,986.2,119553000,1084.8,887.6,1102.5,649.1,997.3,956,4,997.2,964,4,997.1,6482,16,997.0,2635,29,996.9,1666,11,997.6,213,8,997.7,370,4,997.8,1012,9,997.9,917,15,998.0,9010,50
317,2025-11-26 10:08:14+05:30,997.6,6,992.66,1853962,358746.0,361678.0,986.2,998.8,981.3,986.2,119553000,1084.8,887.6,1102.5,649.1,997.4,112,1,997.3,956,4,997.2,964,4,997.1,6453,15,997.0,2635,29,997.6,205,9,997.7,439,5,997.8,1037,9,997.9,920,16,998.0,8983,49
317,2025-11-26 10:08:14+05:30,997.6,6,992.66,1853962,358746.0,361678.0,986.2,998.8,981.3,986.2,119553000,1084.8,887.6,1102.5,649.1,997.4,112,1,997.3,956,4,997.2,964,4,997.1,6453,15,997.0,2635,29,997.6,205,9,997.7,439,5,997.8,1037,9,997.9,920,16,998.0,8983,49
317,2025-11-26 10:08:15+05:30,997.6,6,992.66,1853962,358991.0,361592.0,986.2,998.8,981.3,986.2,119553000,1084.8,887.6,1102.5,649.1,997.4,112,1,997.3,1008,5,997.2,985,5,997.1,6502,16,997.0,2583,28,997.6,159,8,997.7,314,2,997.8,1037,9,997.9,949,17,998.0,8983,49
317,2025-11-26 10:08:16+05:30,997.6,6,992.66,1853962,358997.0,361712.0,986.2,998.8,981.3,986.2,119553000,1084.8,887.6,1102.5,649.1,997.4,134,2,997.3,987,4,997.2,964,4,997.1,6502,16,997.0,2582,27,997.6,159,8,997.7,438,5,997.8,1032,9,997.9,949,17,998.0,8983,49
317,2025-11-26 10:08:17+05:30,997.6,3,992.66,1853965,359166.0,361709.0,986.2,998.8,981.3,986.2,119553000,1084.8,887.6,1102.5,649.1,997.4,134,2,997.3,987,4,997.2,964,4,997.1,6502,16,997.0,2582,27,997.6,156,8,997.7,409,4,997.8,1061,10,997.9,949,17,998.0,8983,49
317,2025-11-26 10:08:17+05:30,997.6,3,992.66,1853965,359166.0,361709.0,986.2,998.8,981.3,986.2,119553000,1084.8,887.6,1102.5,649.1,997.4,134,2,997.3,987,4,997.2,964,4,997.1,6502,16,997.0,2582,27,997.6,156,8,997.7,409,4,997.8,1061,10,997.9,949,17,998.0,8983,49
317,2025-11-26 10:08:18+05:30,997.6,3,992.66,1853965,359154.0,361438.0,986.2,998.8,981.3,986.2,119553000,1084.8,887.6,1102.5,649.1,997.4,409,3,997.3,712,3,997.2,1741,6,997.1,5752,15,997.0,2582,27,997.6,159,9,997.7,314,2,997.8,1061,10,997.9,949,17,998.0,8904,44
317,2025-11-26 10:08:18+05:30,997.4,10,992.66,1853965,359154.0,361438.0,986.2,998.8,981.3,986.2,119553000,1084.8,887.6,1102.5,649.1,997.4,409,3,997.3,712,3,997.2,1741,6,997.1,5752,15,997.0,2582,27,997.6,159,9,997.7,314,2,997.8,1061,10,997.9,949,17,998.0,8904,44
317,2025-11-26 10:08:19+05:30,997.6,1,992.66,1854294,360141.0,358665.0,986.2,998.8,981.3,986.2,119553000,1084.8,887.6,1102.5,649.1,997.6,184,1,997.4,126,3,997.3,712,3,997.2,1896,8,997.1,5727,14,997.7,463,4,997.8,458,9,997.9,779,19,998.0,7149,40,998.1,1315,12
317,2025-11-26 10:08:19+05:30,997.7,102,992.66,1854294,360141.0,358665.0,986.2,998.8,981.3,986.2,119553000,1084.8,887.6,1102.5,649.1,997.6,184,1,997.4,126,3,997.3,712,3,997.2,1896,8,997.1,5727,14,997.7,463,4,997.8,458,9,997.9,779,19,998.0,7149,40,998.1,1315,12
317,2025-11-26 10:08:20+05:30,997.6,122,992.66,1854518,359296.0,358655.0,986.2,998.8,981.3,986.2,119553000,1084.8,887.6,1102.5,649.1,997.6,84,2,997.3,712,3,997.2,1849,8,997.1,4977,13,997.0,2581,26,997.7,239,4,997.8,587,9,997.9,729,17,998.0,7235,46,998.1,1320,13
317,2025-11-26 10:08:21+05:30,997.6,122,992.66,1854518,359296.0,358655.0,986.2,998.8,981.3,986.2,119553000,1084.8,887.6,1102.5,649.1,997.6,84,2,997.3,712,3,997.2,1849,8,997.1,4977,13,997.0,2581,26,997.7,239,4,997.8,587,9,997.9,729,17,998.0,7235,46,998.1,1320,13
317,2025-11-26 10:08:24+05:30,997.7,1,992.66,1854518,359296.0,358655.0,986.2,998.8,981.3,986.2,119553000,1084.8,887.6,1102.5,649.1,997.6,84,2,997.3,712,3,997.2,1849,8,997.1,4977,13,997.0,2581,26,997.7,239,4,997.8,587,9,997.9,729,17,998.0,7235,46,998.1,1320,13
317,2025-11-26 10:08:26+05:30,997.7,5,992.66,1854524,359567.0,359683.0,986.2,998.8,981.3,986.2,119553000,1084.8,887.6,1102.5,649.1,997.6,86,3,997.5,1,1,997.4,2,1,997.3,711,2,997.2,2044,11,997.7,137,1,997.8,947,8,997.9,742,16,998.0,7269,47,998.1,1329,16
317,2025-11-26 10:08:27+05:30,997.5,5,992.66,1854524,359567.0,359683.0,986.2,998.8,981.3,986.2,119553000,1084.8,887.6,1102.5,649.1,997.6,86,3,997.5,1,1,997.4,2,1,997.3,711,2,997.2,2044,11,997.7,137,1,997.8,947,8,997.9,742,16,998.0,7269,47,998.1,1329,16
317,2025-11-26 10:08:30+05:30,997.3,10,992.66,1854524,359567.0,359683.0,986.2,998.8,981.3,986.2,119553000,1084.8,887.6,1102.5,649.1,997.6,86,3,997.5,1,1,997.4,2,1,997.3,711,2,997.2,2044,11,997.7,137,1,997.8,947,8,997.9,742,16,998.0,7269,47,998.1,1329,16
317,2025-11-26 10:08:32+05:30,997.6,5,992.66,1856226,358214.0,361055.0,986.2,998.8,981.3,986.2,119553000,1084.8,887.6,1102.5,649.1,997.3,871,2,997.2,950,5,997.1,6315,19,997.0,2297,19,996.9,1409,9,997.6,106,4,997.7,1515,15,997.8,571,10,997.9,875,17,998.0,8592,50
317,2025-11-26 10:08:33+05:30,997.3,77,992.66,1856226,358214.0,361055.0,986.2,998.8,981.3,986.2,119553000,1084.8,887.6,1102.5,649.1,997.3,871,2,997.2,950,5,997.1,6315,19,997.0,2297,19,996.9,1409,9,997.6,106,4,997.7,1515,15,997.8,571,10,997.9,875,17,998.0,8592,50
317,2025-11-26 10:08:36+05:30,997.6,4,992.66,1856226,358214.0,361055.0,986.2,998.8,981.3,986.2,119553000,1084.8,887.6,1102.5,649.1,997.3,871,2,997.2,950,5,997.1,6315,19,997.0,2297,19,996.9,1409,9,997.6,106,4,997.7,1515,15,997.8,571,10,997.9,875,17,998.0,8592,50
317,2025-11-26 10:08:37+05:30,997.6,4,992.67,1856910,358636.0,362007.0,986.2,998.8,981.3,986.2,119553000,1084.8,887.6,1102.5,649.1,997.4,112,1,997.3,965,3,997.2,1141,8,997.1,5707,17,997.0,3239,22,997.6,2,1,997.7,940,10,997.8,529,7,997.9,996,18,998.0,8421,49
317,2025-11-26 10:08:39+05:30,997.3,100,992.67,1856910,358636.0,362007.0,986.2,998.8,981.3,986.2,119553000,1084.8,887.6,1102.5,649.1,997.4,112,1,997.3,965,3,997.2,1141,8,997.1,5707,17,997.0,3239,22,997.6,2,1,997.7,940,10,997.8,529,7,997.9,996,18,998.0,8421,49
317,2025-11-26 10:08:42+05:30,997.7,29,992.67,1856910,358636.0,362007.0,986.2,998.8,981.3,986.2,119553000,1084.8,887.6,1102.5,649.1,997.4,112,1,997.3,965,3,997.2,1141,8,997.1,5707,17,997.0,3239,22,997.6,2,1,997.7,940,10,997.8,529,7,997.9,996,18,998.0,8421,49
317,2025-11-26 10:08:43+05:30,997.7,4,992.67,1857901,361839.0,359664.0,986.2,998.8,981.3,986.2,119553000,1084.8,887.6,1102.5,649.1,997.6,1,1,997.3,241,2,997.2,2119,9,997.1,5278,21,997.0,3242,22,997.7,250,7,997.8,362,6,997.9,1338,14,998.0,7264,47,998.1,1529,12
317,2025-11-26 10:08:45+05:30,997.3,25,992.67,1857901,361839.0,359664.0,986.2,998.8,981.3,986.2,119553000,1084.8,887.6,1102.5,649.1,997.6,1,1,997.3,241,2,997.2,2119,9,997.1,5278,21,997.0,3242,22,997.7,250,7,997.8,362,6,997.9,1338,14,998.0,7264,47,998.1,1529,12
317,2025-11-26 10:08:48+05:30,997.4,222,992.67,1857901,361839.0,359664.0,986.2,998.8,981.3,986.2,119553000,1084.8,887.6,1102.5,649.1,997.6,1,1,997.3,241,2,997.2,2119,9,997.1,5278,21,997.0,3242,22,997.7,250,7,997.8,362,6,997.9,1338,14,998.0,7264,47,998.1,1529,12
317,2025-11-26 10:08:49+05:30,997.7,1,992.67,1858744,362686.0,360076.0,986.2,998.8,981.3,986.2,119553000,1084.8,887.6,1102.5,649.1,997.4,528,1,997.3,1477,3,997.2,1243,6,997.1,5202,17,997.0,3517,27,997.7,866,2,997.8,313,6,997.9,776,13,998.0,7175,42,998.1,1103,15
317,2025-11-26 10:08:51+05:30,997.4,122,992.67,1858744,362686.0,360076.0,986.2,998.8,981.3,986.2,119553000,1084.8,887.6,1102.5,649.1,997.4,528,1,997.3,1477,3,997.2,1243,6,997.1,5202,17,997.0,3517,27,997.7,866,2,997.8,313,6,997.9,776,13,998.0,7175,42,998.1,1103,15
317,2025-11-26 10:08:54+05:30,997.7,7,992.67,1858971,363995.0,360599.0,986.2,998.8,981.3,986.2,119553000,1084.8,887.6,1102.5,649.1,997.5,853,3,997.4,1535,4,997.3,1343,8,997.2,4960,17,997.1,3057,14,997.7,851,2,997.8,27,2,997.9,639,12,998.0,7239,46,998.1,1531,12
317,2025-11-26 10:08:54+05:30,997.7,7,992.67,1858971,363995.0,360599.0,986.2,998.8,981.3,986.2,119553000,1084.8,887.6,1102.5,649.1,997.5,853,3,997.4,1535,4,997.3,1343,8,997.2,4960,17,997.1,3057,14,997.7,851,2,997.8,27,2,997.9,639,12,998.0,7239,46,998.1,1531,12
317,2025-11-26 10:08:57+05:30,998.0,112,992.67,1858971,363995.0,360599.0,986.2,998.8,981.3,986.2,119553000,1084.8,887.6,1102.5,649.1,997.5,853,3,997.4,1535,4,997.3,1343,8,997.2,4960,17,997.1,3057,14,997.7,851,2,997.8,27,2,997.9,639,12,998.0,7239,46,998.1,1531,12
317,2025-11-26 10:09:00+05:30,999.2,95,992.73,1878557,361931.0,329037.0,986.2,999.2,981.3,986.2,119553000,1084.8,887.6,1102.5,649.1,999.1,794,3,999.0,484,5,998.9,1811,7,998.8,1376,12,998.7,6187,18,999.2,575,2,999.3,22,2,999.4,50,1,999.5,440,5,999.6,911,5
317,2025-11-26 10:09:00+05:30,999.0,254,992.73,1878557,361931.0,329037.0,986.2,999.2,981.3,986.2,119553000,1084.8,887.6,1102.5,649.1,999.1,794,3,999.0,484,5,998.9,1811,7,998.8,1376,12,998.7,6187,18,999.2,575,2,999.3,22,2,999.4,50,1,999.5,440,5,999.6,911,5
317,2025-11-26 10:09:03+05:30,999.4,1,992.73,1878557,361931.0,329037.0,986.2,999.2,981.3,986.2,119553000,1084.8,887.6,1102.5,649.1,999.1,794,3,999.0,484,5,998.9,1811,7,998.8,1376,12,998.7,6187,18,999.2,575,2,999.3,22,2,999.4,50,1,999.5,440,5,999.6,911,5
317,2025-11-26 10:09:05+05:30,999.7,6,992.77,1889107,355528.0,333592.0,986.2,999.7,981.3,986.2,119553000,1084.8,887.6,1102.5,649.1,999.4,1,1,999.3,140,1,999.2,328,4,999.1,2017,11,999.0,1782,14,999.7,54,2,999.8,1469,12,999.9,4969,36,1000.0,12125,113,1000.1,728,7
317,2025-11-26 10:09:06+05:30,999.3,50,992.77,1889107,355528.0,333592.0,986.2,999.7,981.3,986.2,119553000,1084.8,887.6,1102.5,649.1,999.4,1,1,999.3,140,1,999.2,328,4,999.1,2017,11,999.0,1782,14,999.7,54,2,999.8,1469,12,999.9,4969,36,1000.0,12125,113,1000.1,728,7
317,2025-11-26 10:09:09+05:30,999.6,33,992.77,1889107,355528.0,333592.0,986.2,999.7,981.3,986.2,119553000,1084.8,887.6,1102.5,649.1,999.4,1,1,999.3,140,1,999.2,328,4,999.1,2017,11,999.0,1782,14,999.7,54,2,999.8,1469,12,999.9,4969,36,1000.0,12125,113,1000.1,728,7
317,2025-11-26 10:09:11+05:30,999.6,33,992.78,1894313,364645.0,338047.0,986.2,999.7,981.3,986.2,119553000,1084.8,887.6,1102.5,649.1,999.3,790,2,999.2,888,8,999.1,5101,12,999.0,2416,10,998.9,1503,10,999.6,211,2,999.7,143,3,999.8,1015,11,999.9,4985,35,1000.0,13543,118
317,2025-11-26 10:09:12+05:30,999.2,200,992.78,1894313,364645.0,338047.0,986.2,999.7,981.3,986.2,119553000,1084.8,887.6,1102.5,649.1,999.3,790,2,999.2,888,8,999.1,5101,12,999.0,2416,10,998.9,1503,10,999.6,211,2,999.7,143,3,999.8,1015,11,999.9,4985,35,1000.0,13543,118
317,2025-11-26 10:09:15+05:30,999.2,125,992.78,1894313,364645.0,338047.0,986.2,999.7,981.3,986.2,119553000,1084.8,887.6,1102.5,649.1,999.3,790,2,999.2,888,8,999.1,5101,12,999.0,2416,10,998.9,1503,10,999.6,211,2,999.7,143,3,999.8,1015,11,999.9,4985,35,1000.0,13543,118
317,2025-11-26 10:09:16+05:30,999.1,1,992.8,1897734,350848.0,341850.0,986.2,999.7,981.3,986.2,119553000,1084.8,887.6,1102.5,649.1,999.1,9,1,999.0,952,4,998.9,1483,8,998.8,4001,13,998.7,2431,14,999.5,87,1,999.6,1057,7,999.7,1514,15,999.8,1361,16,999.9,5108,38
317,2025-11-26 10:09:18+05:30,999.5,3,992.8,1897734,350848.0,341850.0,986.2,999.7,981.3,986.2,119553000,1084.8,887.6,1102.5,649.1,999.1,9,1,999.0,952,4,998.9,1483,8,998.8,4001,13,998.7,2431,14,999.5,87,1,999.6,1057,7,999.7,1514,15,999.8,1361,16,999.9,5108,38
317,2025-11-26 10:09:20+05:30,999.0,78,992.8,1898554,351352.0,341987.0,986.2,999.7,981.3,986.2,119553000,1084.8,887.6,1102.5,649.1,999.0,695,4,998.9,1200,4,998.8,4013,14,998.7,2448,15,998.6,1456,8,999.5,861,6,999.6,1153,9,999.7,836,12,999.8,1229,13,999.9,5203,44
317,2025-11-26 10:09:20+05:30,999.4,5,992.8,1898554,351352.0,341987.0,986.2,999.7,981.3,986.2,119553000,1084.8,887.6,1102.5,649.1,999.0,695,4,998.9,1200,4,998.8,4013,14,998.7,2448,15,998.6,1456,8,999.5,861,6,999.6,1153,9,999.7,836,12,999.8,1229,13,999.9,5203,44
317,2025-11-26 10:09:21+05:30,999.0,1,992.8,1899357,352600.0,342371.0,986.2,999.7,981.3,986.2,119553000,1084.8,887.6,1102.5,649.1,999.0,1114,3,998.9,578,3,998.8,3570,13,998.7,2156,10,998.6,1624,9,999.5,1250,9,999.6,1425,12,999.7,824,11,999.8,1293,16,999.9,5011,41
317,2025-11-26 10:09:21+05:30,999.0,1,992.8,1899357,352600.0,342371.0,986.2,999.7,981.3,986.2,119553000,1084.8,887.6,1102.5,649.1,999.0,1114,3,998.9,578,3,998.8,3570,13,998.7,2156,10,998.6,1624,9,999.5,1250,9,999.6,1425,12,999.7,824,11,999.8,1293,16,999.9,5011,41
317,2025-11-26 10:09:22+05:30,999.5,1,992.8,1899458,352632.0,342154.0,986.2,999.7,981.3,986.2,119553000,1084.8,887.6,1102.5,649.1,999.0,1353,5,998.9,578,3,998.8,3570,13,998.7,2156,10,998.6,1458,8,999.5,967,7,999.6,1305,10,999.7,824,11,999.8,1293,16,999.9,5177,42
317,2025-11-26 10:09:22+05:30,999.0,262,992.8,1899458,352632.0,342154.0,986.2,999.7,981.3,986.2,119553000,1084.8,887.6,1102.5,649.1,999.0,1353,5,998.9,578,3,998.8,3570,13,998.7,2156,10,998.6,1458,8,999.5,967,7,999.6,1305,10,999.7,824,11,999.8,1293,16,999.9,5177,42
317,2025-11-26 10:09:23+05:30,999.0,262,992.8,1899724,353697.0,342719.0,986.2,999.7,981.3,986.2,119553000,1084.8,887.6,1102.5,649.1,999.0,921,3,998.9,333,1,998.8,4241,13,998.7,2156,10,998.6,1624,9,999.4,290,4,999.5,1329,11,999.6,1433,12,999.7,834,12,999.8,1303,17
317,2025-11-26 10:09:23+05:30,999.4,100,992.8,1899724,353697.0,342719.0,986.2,999.7,981.3,986.2,119553000,1084.8,887.6,1102.5,649.1,999.0,921,3,998.9,333,1,998.8,4241,13,998.7,2156,10,998.6,1624,9,999.4,290,4,999.5,1329,11,999.6,1433,12,999.7,834,12,999.8,1303,17
317,2025-11-26 10:09:24+05:30,999.4,1,992.8,1899825,353586.0,341321.0,986.2,999.7,981.3,986.2,119553000,1084.8,887.6,1102.5,649.1,999.4,1,1,999.0,922,4,998.9,1118,4,998.8,3637,14,998.7,2156,10,999.5,421,7,999.6,683,7,999.7,1169,10,999.8,1295,17,999.9,5141,42
317,2025-11-26 10:09:24+05:30,999.4,1,992.8,1899825,353586.0,341321.0,986.2,999.7,981.3,986.2,119553000,1084.8,887.6,1102.5,649.1,999.4,1,1,999.0,922,4,998.9,1118,4,998.8,3637,14,998.7,2156,10,999.5,421,7,999.6,683,7,999.7,1169,10,999.8,1295,17,999.9,5141,42
317,2025-11-26 10:09:25+05:30,999.0,30,992.8,1899859,352071.0,341997.0,986.2,999.7,981.3,986.2,119553000,1084.8,887.6,1102.5,649.1,999.0,1058,5,998.9,499,2,998.8,3442,11,998.7,2155,10,998.6,1457,8,999.5,202,4,999.6,1691,12,999.7,679,10,999.8,1329,17,999.9,5141,42
317,2025-11-26 10:09:25+05:30,999.5,1,992.8,1899859,352071.0,341997.0,986.2,999.7,981.3,986.2,119553000,1084.8,887.6,1102.5,649.1,999.0,1058,5,998.9,499,2,998.8,3442,11,998.7,2155,10,998.6,1457,8,999.5,202,4,999.6,1691,12,999.7,679,10,999.8,1329,17,999.9,5141,42
317,2025-11-26 10:09:26+05:30,999.4,25518,993.59,2157785,353533.0,580446.0,986.2,999.7,981.3,986.2,119553000,1084.8,887.6,1102.5,649.1,999.0,952,5,998.9,447,2,998.8,4963,13,998.7,1648,6,998.6,1869,5,999.4,243539,6,999.5,565,8,999.6,553,7,999.7,631,9,999.8,1059,14
317,2025-11-26 10:09:26+05:30,1000.3,40,993.59,2157785,353533.0,580446.0,986.2,999.7,981.3,986.2,119553000,1084.8,887.6,1102.5,649.1,999.0,952,5,998.9,447,2,998.8,4963,13,998.7,1648,6,998.6,1869,5,999.4,243539,6,999.5,565,8,999.6,553,7,999.7,631,9,999.8,1059,14
317,2025-11-26 10:09:27+05:30,999.4,1088,994.25,2430865,375347.0,328583.0,986.2,1000.7,981.3,986.2,119553000,1084.8,887.6,1102.5,649.1,999.6,60,1,999.5,215,6,999.4,24964,9,999.3,3530,13,999.2,1787,8,1000.1,329,4,1000.2,1112,9,1000.3,1532,11,1000.4,1111,9,1000.5,527,7
317,2025-11-26 10:09:27+05:30,999.4,1088,994.25,2430865,375347.0,328583.0,986.2,1000.7,981.3,986.2,119553000,1084.8,887.6,1102.5,649.1,999.6,60,1,999.5,215,6,999.4,24964,9,999.3,3530,13,999.2,1787,8,1000.1,329,4,1000.2,1112,9,1000.3,1532,11,1000.4,1111,9,1000.5,527,7
317,2025-11-26 10:09:28+05:30,999.4,1088,994.25,2430865,373377.0,328987.0,986.2,1000.7,981.3,986.2,119553000,1084.8,887.6,1102.5,649.1,999.6,139,3,999.5,1092,5,999.4,25117,9,999.3,4497,11,999.2,2349,15,1000.0,143,2,1000.1,520,5,1000.2,895,6,1000.3,802,10,1000.4,1299,12
317,2025-11-26 10:09:29+05:30,1000.5,73,994.27,2438941,383462.0,319373.0,986.2,1000.7,981.3,986.2,119553000,1084.8,887.6,1102.5,649.1,1000.2,60,1,1000.1,32,2,1000.0,217,4,999.9,1472,9,999.8,913,14,1000.6,366,3,1000.7,331,5,1000.8,1904,12,1000.9,1167,14,1001.0,5821,24
317,2025-11-26 10:09:29+05:30,1000.5,73,994.27,2438941,383462.0,319373.0,986.2,1000.7,981.3,986.2,119553000,1084.8,887.6,1102.5,649.1,1000.2,60,1,1000.1,32,2,1000.0,217,4,999.9,1472,9,999.8,913,14,1000.6,366,3,1000.7,331,5,1000.8,1904,12,1000.9,1167,14,1001.0,5821,24
317,2025-11-26 10:09:30+05:30,1000.6,2,994.27,2440673,380301.0,317725.0,986.2,1000.7,981.3,986.2,119553000,1084.8,887.6,1102.5,649.1,1000.4,62,1,1000.3,555,4,1000.2,650,11,1000.1,3983,10,1000.0,2327,10,1000.8,1499,3,1000.9,564,7,1001.0,5613,22,1001.1,1061,13,1001.2,1168,11
317,2025-11-26 10:09:30+05:30,1000.6,2,994.27,2440673,380301.0,317725.0,986.2,1000.7,981.3,986.2,119553000,1084.8,887.6,1102.5,649.1,1000.4,62,1,1000.3,555,4,1000.2,650,11,1000.1,3983,10,1000.0,2327,10,1000.8,1499,3,1000.9,564,7,1001.0,5613,22,1001.1,1061,13,1001.2,1168,11
317,2025-11-26 10:09:31+05:30,1000.5,41,994.27,2440673,380301.0,317725.0,986.2,1000.7,981.3,986.2,119553000,1084.8,887.6,1102.5,649.1,1000.4,62,1,1000.3,555,4,1000.2,650,11,1000.1,3983,10,1000.0,2327,10,1000.8,1499,3,1000.9,564,7,1001.0,5613,22,1001.1,1061,13,1001.2,1168,11
317,2025-11-26 10:09:31+05:30,1000.5,41,994.3,2450577,381145.0,317254.0,986.2,1001.0,981.3,986.2,119553000,1084.8,887.6,1102.5,649.1,1000.5,1646,6,1000.4,304,3,1000.3,2181,8,1000.2,2215,8,1000.1,1680,8,1000.8,33,1,1000.9,60,1,1001.0,4008,17,1001.1,267,4,1001.2,1304,7
317,2025-11-26 10:09:32+05:30,1000.3,63,994.3,2450577,381145.0,317254.0,986.2,1001.0,981.3,986.2,119553000,1084.8,887.6,1102.5,649.1,1000.5,1646,6,1000.4,304,3,1000.3,2181,8,1000.2,2215,8,1000.1,1680,8,1000.8,33,1,1000.9,60,1,1001.0,4008,17,1001.1,267,4,1001.2,1304,7
317,2025-11-26 10:09:33+05:30,1000.3,118,994.3,2452678,375923.0,322186.0,986.2,1001.0,981.3,986.2,119553000,1084.8,887.6,1102.5,649.1,1000.3,137,2,1000.2,507,7,1000.1,1177,9,1000.0,2134,7,999.9,1716,13,1000.8,301,4,1000.9,1051,6,1001.0,4899,24,1001.1,695,10,1001.2,2574,21
317,2025-11-26 10:09:33+05:30,1000.5,50,994.3,2452678,375923.0,322186.0,986.2,1001.0,981.3,986.2,119553000,1084.8,887.6,1102.5,649.1,1000.3,137,2,1000.2,507,7,1000.1,1177,9,1000.0,2134,7,999.9,1716,13,1000.8,301,4,1000.9,1051,6,1001.0,4899,24,1001.1,695,10,1001.2,2574,21
317,2025-11-26 10:09:34+05:30,1000.5,63,994.31,2453211,381727.0,320606.0,986.2,1001.0,981.3,986.2,119553000,1084.8,887.6,1102.5,649.1,1000.5,360,1,1000.4,1288,5,1000.3,2789,8,1000.2,1819,11,1000.1,1493,8,1000.8,100,2,1000.9,416,5,1001.0,4535,21,1001.1,552,7,1001.2,1084,18
317,2025-11-26 10:09:34+05:30,1000.8,1,994.31,2453211,381727.0,320606.0,986.2,1001.0,981.3,986.2,119553000,1084.8,887.6,1102.5,649.1,1000.5,360,1,1000.4,1288,5,1000.3,2789,8,1000.2,1819,11,1000.1,1493,8,1000.8,100,2,1000.9,416,5,1001.0,4535,21,1001.1,552,7,1001.2,1084,18
317,2025-11-26 10:09:35+05:30,1000.5,1,994.31,2453218,381772.0,320808.0,986.2,1001.0,981.3,986.2,119553000,1084.8,887.6,1102.5,649.1,1000.5,1150,5,1000.4,421,4,1000.3,2392,10,1000.2,2945,9,1000.1,1593,9,1000.8,99,2,1000.9,188,3,1001.0,4373,19,1001.1,663,9,1001.2,1225,20
317,2025-11-26 10:09:35+05:30,1000.5,300,994.31,2453218,381772.0,320808.0,986.2,1001.0,981.3,986.2,119553000,1084.8,887.6,1102.5,649.1,1000.5,1150,5,1000.4,421,4,1000.3,2392,10,1000.2,2945,9,1000.1,1593,9,1000.8,99,2,1000.9,188,3,1001.0,4373,19,1001.1,663,9,1001.2,1225,20
317,2025-11-26 10:09:36+05:30,1000.5,300,994.31,2453568,383985.0,320177.0,986.2,1001.0,981.3,986.2,119553000,1084.8,887.6,1102.5,649.1,1000.6,750,1,1000.5,50,4,1000.4,3798,9,1000.3,3101,13,1000.2,1462,8,1000.8,99,2,1000.9,65,3,1001.0,4175,19,1001.1,680,9,1001.2,1287,21
317,2025-11-26 10:09:36+05:30,1000.8,6,994.31,2453568,383985.0,320177.0,986.2,1001.0,981.3,986.2,119553000,1084.8,887.6,1102.5,649.1,1000.6,750,1,1000.5,50,4,1000.4,3798,9,1000.3,3101,13,1000.2,1462,8,1000.8,99,2,1000.9,65,3,1001.0,4175,19,1001.1,680,9,1001.2,1287,21
317,2025-11-26 10:09:37+05:30,1000.8,6,994.31,2453574,387451.0,319435.0,986.2,1001.0,981.3,986.2,119553000,1084.8,887.6,1102.5,649.1,1000.6,763,2,1000.5,367,5,1000.4,3612,11,1000.3,4177,15,1000.2,1462,8,1000.8,93,2,1000.9,61,2,1001.0,3991,16,1001.1,433,6,1001.2,942,12
317,2025-11-26 10:09:37+05:30,1001.0,85,994.31,2453574,387451.0,319435.0,986.2,1001.0,981.3,986.2,119553000,1084.8,887.6,1102.5,649.1,1000.6,763,2,1000.5,367,5,1000.4,3612,11,1000.3,4177,15,1000.2,1462,8,1000.8,93,2,1000.9,61,2,1001.0,3991,16,1001.1,433,6,1001.2,942,12
317,2025-11-26 10:09:38+05:30,1001.8,187,994.32,2458828,383064.0,307351.0,986.2,1001.8,981.3,986.2,119553000,1084.8,887.6,1102.5,649.1,1001.5,21,1,1001.2,107,3,1001.1,101,3,1001.0,2785,8,1000.9,3012,14,1001.7,200,4,1001.8,267,4,1001.9,674,11,1002.0,3355,25,1002.1,785,8
317,2025-11-26 10:09:38+05:30,1001.5,2,994.32,2458828,383064.0,307351.0,986.2,1001.8,981.3,986.2,119553000,1084.8,887.6,1102.5,649.1,1001.5,21,1,1001.2,107,3,1001.1,101,3,1001.0,2785,8,1000.9,3012,14,1001.7,200,4,1001.8,267,4,1001.9,674,11,1002.0,3355,25,1002.1,785,8
317,2025-11-26 10:09:39+05:30,1001.2,87,994.33,2461105,384802.0,314570.0,986.2,1001.8,981.3,986.2,119553000,1084.8,887.6,1102.5,649.1,1001.1,448,2,1001.0,829,2,1000.9,3079,5,1000.8,2013,10,1000.7,2235,13,1001.5,205,3,1001.6,332,6,1001.7,729,8,1001.8,919,10,1001.9,1539,19
317,2025-11-26 10:09:39+05:30,1001.2,87,994.33,2461105,384802.0,314570.0,986.2,1001.8,981.3,986.2,119553000,1084.8,887.6,1102.5,649.1,1001.1,448,2,1001.0,829,2,1000.9,3079,5,1000.8,2013,10,1000.7,2235,13,1001.5,205,3,1001.6,332,6,1001.7,729,8,1001.8,919,10,1001.9,1539,19
317,2025-11-26 10:09:40+05:30,1001.1,1,994.33,2461306,382363.0,315238.0,986.2,1001.8,981.3,986.2,119553000,1084.8,887.6,1102.5,649.1,1001.1,762,2,1001.0,2,1,1000.9,311,1,1000.8,3092,8,1000.7,2488,15,1001.5,592,6,1001.6,852,9,1001.7,699,8,1001.8,1535,12,1001.9,1033,19
317,2025-11-26 10:09:40+05:30,1001.1,11,994.33,2461306,382363.0,315238.0,986.2,1001.8,981.3,986.2,119553000,1084.8,887.6,1102.5,649.1,1001.1,762,2,1001.0,2,1,1000.9,311,1,1000.8,3092,8,1000.7,2488,15,1001.5,592,6,1001.6,852,9,1001.7,699,8,1001.8,1535,12,1001.9,1033,19
317,2025-11-26 10:09:41+05:30,1001.5,15,994.33,2461332,382487.0,316034.0,986.2,1001.8,981.3,986.2,119553000,1084.8,887.6,1102.5,649.1,1001.1,2,1,1001.0,828,2,1000.9,181,3,1000.8,3385,8,1000.7,2310,11,1001.5,665,6,1001.6,828,8,1001.7,699,8,1001.8,998,12,1001.9,1169,18
317,2025-11-26 10:09:41+05:30,1001.5,15,994.33,2461332,382487.0,316034.0,986.2,1001.8,981.3,986.2,119553000,1084.8,887.6,1102.5,649.1,1001.1,2,1,1001.0,828,2,1000.9,181,3,1000.8,3385,8,1000.7,2310,11,1001.5,665,6,1001.6,828,8,1001.7,699,8,1001.8,998,12,1001.9,1169,18
317,2025-11-26 10:09:42+05:30,1001.0,28,994.33,2461362,384226.0,315523.0,986.2,1001.8,981.3,986.2,119553000,1084.8,887.6,1102.5,649.1,1001.1,392,2,1001.0,990,5,1000.9,217,4,1000.8,3030,7,1000.7,2336,13,1001.5,492,4,1001.6,328,4,1001.7,538,7,1001.8,779,9,1001.9,1565,18
317,2025-11-26 10:09:42+05:30,1001.0,28,994.33,2461362,384226.0,315523.0,986.2,1001.8,981.3,986.2,119553000,1084.8,887.6,1102.5,649.1,1001.1,392,2,1001.0,990,5,1000.9,217,4,1000.8,3030,7,1000.7,2336,13,1001.5,492,4,1001.6,328,4,1001.7,538,7,1001.8,779,9,1001.9,1565,18
317,2025-11-26 10:09:43+05:30,1001.1,29,994.33,2461393,387585.0,318280.0,986.2,1001.8,981.3,986.2,119553000,1084.8,887.6,1102.5,649.1,1001.1,145,1,1001.0,1474,3,1000.9,456,3,1000.8,3230,8,1000.7,3157,14,1001.2,298,1,1001.5,583,5,1001.6,643,7,1001.7,824,11,1001.8,823,12
317,2025-11-26 10:09:43+05:30,1001.1,1,994.33,2461393,387585.0,318280.0,986.2,1001.8,981.3,986.2,119553000,1084.8,887.6,1102.5,649.1,1001.1,145,1,1001.0,1474,3,1000.9,456,3,1000.8,3230,8,1000.7,3157,14,1001.2,298,1,1001.5,583,5,1001.6,643,7,1001.7,824,11,1001.8,823,12
317,2025-11-26 10:09:44+05:30,1001.1,5,994.33,2461868,387755.0,322596.0,986.2,1001.8,981.3,986.2,119553000,1084.8,887.6,1102.5,649.1,1001.0,1474,3,1000.9,168,3,1000.8,4067,10,1000.7,2463,13,1000.6,1462,8,1001.1,3873,1,1001.5,556,5,1001.6,883,9,1001.7,1248,16,1001.8,904,12
317,2025-11-26 10:09:44+05:30,1001.1,1,994.33,2461868,387755.0,322596.0,986.2,1001.8,981.3,986.2,119553000,1084.8,887.6,1102.5,649.1,1001.0,1474,3,1000.9,168,3,1000.8,4067,10,1000.7,2463,13,1000.6,1462,8,1001.1,3873,1,1001.5,556,5,1001.6,883,9,1001.7,1248,16,1001.8,904,12
317,2025-11-26 10:09:45+05:30,1001.0,100,994.33,2462076,387668.0,324032.0,986.2,1001.8,981.3,986.2,119553000,1084.8,887.6,1102.5,649.1,1001.0,1274,3,1000.9,2,1,1000.8,3652,6,1000.7,2109,10,1000.6,1979,7,1001.1,3865,1,1001.3,377,5,1001.4,524,5,1001.5,680,9,1001.6,1843,15
317,2025-11-26 10:09:45+05:30,1001.0,122,994.33,2462076,387668.0,324032.0,986.2,1001.8,981.3,986.2,119553000,1084.8,887.6,1102.5,649.1,1001.0,1274,3,1000.9,2,1,1000.8,3652,6,1000.7,2109,10,1000.6,1979,7,1001.1,3865,1,1001.3,377,5,1001.4,524,5,1001.5,680,9,1001.6,1843,15
317,2025-11-26 10:09:46+05:30,1001.1,7,994.33,2462206,387459.0,323559.0,986.2,1001.8,981.3,986.2,119553000,1084.8,887.6,1102.5,649.1,1001.0,1152,3,1000.8,3654,7,1000.7,2064,10,1000.6,1938,9,1000.5,906,12,1001.1,3907,3,1001.3,361,4,1001.4,609,6,1001.5,788,8,1001.6,1640,14
317,2025-11-26 10:09:46+05:30,1001.1,7,994.33,2462206,387459.0,323559.0,986.2,1001.8,981.3,986.2,119553000,1084.8,887.6,1102.5,649.1,1001.0,1152,3,1000.8,3654,7,1000.7,2064,10,1000.6,1938,9,1000.5,906,12,1001.1,3907,3,1001.3,361,4,1001.4,609,6,1001.5,788,8,1001.6,1640,14
317,2025-11-26 10:09:47+05:30,1001.0,10,994.33,2462236,386558.0,323971.0,986.2,1001.8,981.3,986.2,119553000,1084.8,887.6,1102.5,649.1,1001.0,3,1,1000.9,369,1,1000.8,1404,4,1000.7,3000,4,1000.6,2214,8,1001.1,3907,3,1001.3,535,6,1001.4,601,6,1001.5,901,9,1001.6,1953,17
317,2025-11-26 10:09:47+05:30,1001.1,1,994.33,2462236,386558.0,323971.0,986.2,1001.8,981.3,986.2,119553000,1084.8,887.6,1102.5,649.1,1001.0,3,1,1000.9,369,1,1000.8,1404,4,1000.7,3000,4,1000.6,2214,8,1001.1,3907,3,1001.3,535,6,1001.4,601,6,1001.5,901,9,1001.6,1953,17
317,2025-11-26 10:09:48+05:30,1000.9,40,994.33,2462550,385682.0,323788.0,986.2,1001.8,981.3,986.2,119553000,1084.8,887.6,1102.5,649.1,1000.9,159,1,1000.8,1404,4,1000.7,3028,5,1000.6,2291,10,1000.5,2307,15,1001.1,3806,3,1001.3,237,3,1001.4,876,10,1001.5,1004,9,1001.6,1963,18
317,2025-11-26 10:09:48+05:30,1000.9,40,994.33,2462550,385682.0,323788.0,986.2,1001.8,981.3,986.2,119553000,1084.8,887.6,1102.5,649.1,1000.9,159,1,1000.8,1404,4,1000.7,3028,5,1000.6,2291,10,1000.5,2307,15,1001.1,3806,3,1001.3,237,3,1001.4,876,10,1001.5,1004,9,1001.6,1963,18
317,2025-11-26 10:09:49+05:30,1000.9,122,994.33,2462677,384205.0,324861.0,986.2,1001.8,981.3,986.2,119553000,1084.8,887.6,1102.5,649.1,1000.9,37,1,1000.8,652,2,1000.7,1112,2,1000.6,4088,9,1000.5,2589,13,1001.1,3811,4,1001.2,446,4,1001.3,564,6,1001.4,799,10,1001.5,1129,11
317,2025-11-26 10:09:49+05:30,1000.9,122,994.33,2462677,384205.0,324861.0,986.2,1001.8,981.3,986.2,119553000,1084.8,887.6,1102.5,649.1,1000.9,37,1,1000.8,652,2,1000.7,1112,2,1000.6,4088,9,1000.5,2589,13,1001.1,3811,4,1001.2,446,4,1001.3,564,6,1001.4,799,10,1001.5,1129,11
317,2025-11-26 10:09:50+05:30,1001.1,37,994.33,2462714,384452.0,324852.0,986.2,1001.8,981.3,986.2,119553000,1084.8,887.6,1102.5,649.1,1001.0,360,1,1000.8,652,2,1000.7,443,3,1000.6,3251,7,1000.5,3473,19,1001.1,3774,4,1001.2,319,3,1001.3,370,5,1001.4,633,8,1001.5,1134,12
317,2025-11-26 10:09:50+05:30,1001.1,651,994.33,2462714,384452.0,324852.0,986.2,1001.8,981.3,986.2,119553000,1084.8,887.6,1102.5,649.1,1001.0,360,1,1000.8,652,2,1000.7,443,3,1000.6,3251,7,1000.5,3473,19,1001.1,3774,4,1001.2,319,3,1001.3,370,5,1001.4,633,8,1001.5,1134,12
317,2025-11-26 10:09:51+05:30,1001.0,5,994.33,2463470,384415.0,324268.0,986.2,1001.8,981.3,986.2,119553000,1084.8,887.6,1102.5,649.1,1001.0,268,2,1000.8,751,2,1000.7,472,4,1000.6,3251,7,1000.5,3473,19,1001.1,3123,4,1001.3,520,5,1001.4,707,8,1001.5,1023,10,1001.6,1745,17
317,2025-11-26 10:09:51+05:30,1001.1,78,994.33,2463470,384415.0,324268.0,986.2,1001.8,981.3,986.2,119553000,1084.8,887.6,1102.5,649.1,1001.0,268,2,1000.8,751,2,1000.7,472,4,1000.6,3251,7,1000.5,3473,19,1001.1,3123,4,1001.3,520,5,1001.4,707,8,1001.5,1023,10,1001.6,1745,17
317,2025-11-26 10:09:52+05:30,1001.1,20,994.34,2465264,384304.0,323759.0,986.2,1001.8,981.3,986.2,119553000,1084.8,887.6,1102.5,649.1,1001.0,360,1,1000.8,830,3,1000.7,472,4,1000.6,3381,9,1000.5,3392,18,1001.1,2829,4,1001.3,436,4,1001.4,791,9,1001.5,944,9,1001.6,1947,16
317,2025-11-26 10:09:52+05:30,1001.1,20,994.34,2465264,384304.0,323759.0,986.2,1001.8,981.3,986.2,119553000,1084.8,887.6,1102.5,649.1,1001.0,360,1,1000.8,830,3,1000.7,472,4,1000.6,3381,9,1000.5,3392,18,1001.1,2829,4,1001.3,436,4,1001.4,791,9,1001.5,944,9,1001.6,1947,16
317,2025-11-26 10:09:53+05:30,1001.1,112,994.34,2465931,382892.0,325214.0,986.2,1001.8,981.3,986.2,119553000,1084.8,887.6,1102.5,649.1,1001.0,297,1,1000.8,751,2,1000.7,459,2,1000.6,1001,4,1000.5,3587,12,1001.1,2819,6,1001.2,514,8,1001.3,511,7,1001.4,623,7,1001.5,1144,11
317,2025-11-26 10:09:53+05:30,1001.1,112,994.34,2465931,382892.0,325214.0,986.2,1001.8,981.3,986.2,119553000,1084.8,887.6,1102.5,649.1,1001.0,297,1,1000.8,751,2,1000.7,459,2,1000.6,1001,4,1000.5,3587,12,1001.1,2819,6,1001.2,514,8,1001.3,511,7,1001.4,623,7,1001.5,1144,11
317,2025-11-26 10:09:54+05:30,1001.1,2,994.34,2465939,382222.0,325192.0,986.2,1001.8,981.3,986.2,119553000,1084.8,887.6,1102.5,649.1,1001.0,297,1,1000.8,1,1,1000.7,1209,3,1000.6,1001,4,1000.5,2837,11,1001.1,2793,5,1001.2,469,5,1001.3,511,7,1001.4,641,8,1001.5,1429,15
317,2025-11-26 10:09:54+05:30,1001.1,2,994.34,2465939,382222.0,325192.0,986.2,1001.8,981.3,986.2,119553000,1084.8,887.6,1102.5,649.1,1001.0,297,1,1000.8,1,1,1000.7,1209,3,1000.6,1001,4,1000.5,2837,11,1001.1,2793,5,1001.2,469,5,1001.3,511,7,1001.4,641,8,1001.5,1429,15
317,2025-11-26 10:09:55+05:30,1001.1,2,994.34,2465939,382125.0,325192.0,986.2,1001.8,981.3,986.2,119553000,1084.8,887.6,1102.5,649.1,1001.0,297,1,1000.8,1,1,1000.7,1209,3,1000.6,1001,4,1000.5,2688,9,1001.1,2793,5,1001.2,469,5,1001.3,511,7,1001.4,720,9,1001.5,1429,15
317,2025-11-26 10:09:56+05:30,1001.1,2,994.34,2465939,381163.0,326017.0,986.2,1001.8,981.3,986.2,119553000,1084.8,887.6,1102.5,649.1,1001.0,297,1,1000.8,1,1,1000.7,79,1,1000.6,1001,4,1000.5,818,7,1001.1,2793,5,1001.2,469,5,1001.3,511,7,1001.4,730,10,1001.5,1429,15
317,2025-11-26 10:09:56+05:30,1001.0,500,994.34,2465939,381163.0,326017.0,986.2,1001.8,981.3,986.2,119553000,1084.8,887.6,1102.5,649.1,1001.0,297,1,1000.8,1,1,1000.7,79,1,1000.6,1001,4,1000.5,818,7,1001.1,2793,5,1001.2,469,5,1001.3,511,7,1001.4,730,10,1001.5,1429,15
317,2025-11-26 10:09:57+05:30,1001.0,1,994.35,2468088,380076.0,328348.0,986.2,1001.8,981.3,986.2,119553000,1084.8,887.6,1102.5,649.1,1000.6,761,2,1000.5,468,3,1000.4,3312,7,1000.3,2464,13,1000.2,1591,10,1001.0,343,4,1001.1,3422,10,1001.2,560,7,1001.3,577,10,1001.4,1318,14
317,2025-11-26 10:09:57+05:30,1001.0,1,994.35,2468088,380076.0,328348.0,986.2,1001.8,981.3,986.2,119553000,1084.8,887.6,1102.5,649.1,1000.6,761,2,1000.5,468,3,1000.4,3312,7,1000.3,2464,13,1000.2,1591,10,1001.0,343,4,1001.1,3422,10,1001.2,560,7,1001.3,577,10,1001.4,1318,14
317,2025-11-26 10:09:58+05:30,1001.0,66,994.35,2469026,380960.0,328378.0,986.2,1001.8,981.3,986.2,119553000,1084.8,887.6,1102.5,649.1,1000.6,116,3,1000.5,652,5,1000.4,3292,8,1000.3,3252,15,1000.2,1590,10,1000.9,14,1,1001.0,512,4,1001.1,3238,8,1001.2,619,8,1001.3,844,12
317,2025-11-26 10:09:58+05:30,1001.0,66,994.35,2469026,380960.0,328378.0,986.2,1001.8,981.3,986.2,119553000,1084.8,887.6,1102.5,649.1,1000.6,116,3,1000.5,652,5,1000.4,3292,8,1000.3,3252,15,1000.2,1590,10,1000.9,14,1,1001.0,512,4,1001.1,3238,8,1001.2,619,8,1001.3,844,12
317,2025-11-26 10:09:59+05:30,1001.0,5,994.35,2469050,380988.0,328261.0,986.2,1001.8,981.3,986.2,119553000,1084.8,887.6,1102.5,649.1,1000.6,803,3,1000.5,489,4,1000.4,3506,11,1000.3,3252,15,1000.2,1590,10,1001.0,608,7,1001.1,3459,11,1001.2,435,6,1001.3,760,11,1001.4,1116,13
317,2025-11-26 10:09:59+05:30,1001.0,5,994.35,2469050,380988.0,328261.0,986.2,1001.8,981.3,986.2,119553000,1084.8,887.6,1102.5,649.1,1000.6,803,3,1000.5,489,4,1000.4,3506,11,1000.3,3252,15,1000.2,1590,10,1001.0,608,7,1001.1,3459,11,1001.2,435,6,1001.3,760,11,1001.4,1116,13
317,2025-11-26 10:10:00+05:30,1000.2,1,994.36,2473369,367745.0,339142.0,986.2,1001.8,981.3,986.2,119553000,1084.8,887.6,1102.5,649.1,1000.0,200,2,999.8,203,2,999.7,1336,7,999.6,655,7,999.5,6699,10,1000.3,357,5,1000.4,348,6,1000.5,590,5,1000.6,1242,6,1000.7,1349,7
317,2025-11-26 10:10:00+05:30,1000.2,1,994.36,2473369,367745.0,339142.0,986.2,1001.8,981.3,986.2,119553000,1084.8,887.6,1102.5,649.1,1000.0,200,2,999.8,203,2,999.7,1336,7,999.6,655,7,999.5,6699,10,1000.3,357,5,1000.4,348,6,1000.5,590,5,1000.6,1242,6,1000.7,1349,7
317,2025-11-26 10:10:00+05:30,1000.2,1,994.36,2473369,367745.0,339142.0,986.2,1001.8,981.3,986.2,119553000,1084.8,887.6,1102.5,649.1,1000.0,200,2,999.8,203,2,999.7,1336,7,999.6,655,7,999.5,6699,10,1000.3,357,5,1000.4,348,6,1000.5,590,5,1000.6,1242,6,1000.7,1349,7
317,2025-11-26 10:10:01+05:30,1000.2,1,994.36,2473369,367745.0,339142.0,986.2,1001.8,981.3,986.2,119553000,1084.8,887.6,1102.5,649.1,1000.0,200,2,999.8,203,2,999.7,1336,7,999.6,655,7,999.5,6699,10,1000.3,357,5,1000.4,348,6,1000.5,590,5,1000.6,1242,6,1000.7,1349,7
317,2025-11-26 10:10:01+05:30,1000.2,1,994.36,2473369,369950.0,340516.0,986.2,1001.8,981.3,986.2,119553000,1084.8,887.6,1102.5,649.1,1000.0,200,2,999.7,469,3,999.6,1225,9,999.5,6149,10,999.4,27424,14,1000.3,695,7,1000.4,752,9,1000.5,1061,11,1000.6,1168,10,1000.7,1596,13
317,2025-11-26 10:10:01+05:30,1000.2,1,994.36,2473369,369950.0,340516.0,986.2,1001.8,981.3,986.2,119553000,1084.8,887.6,1102.5,649.1,1000.0,200,2,999.7,469,3,999.6,1225,9,999.5,6149,10,999.4,27424,14,1000.3,695,7,1000.4,752,9,1000.5,1061,11,1000.6,1168,10,1000.7,1596,13
317,2025-11-26 10:10:02+05:30,1000.2,1,994.36,2473369,369950.0,340516.0,986.2,1001.8,981.3,986.2,119553000,1084.8,887.6,1102.5,649.1,1000.0,200,2,999.7,469,3,999.6,1225,9,999.5,6149,10,999.4,27424,14,1000.3,695,7,1000.4,752,9,1000.5,1061,11,1000.6,1168,10,1000.7,1596,13
317,2025-11-26 10:10:02+05:30,1000.8,79313,994.73,2623569,373164.0,336491.0,986.2,1001.8,981.3,986.2,119553000,1084.8,887.6,1102.5,649.1,999.9,1647,12,999.8,1082,10,999.7,3152,10,999.6,2093,10,999.5,1927,6,1000.6,87,1,1000.7,698,2,1000.8,10486,5,1000.9,297,4,1001.0,580,9
317,2025-11-26 10:10:02+05:30,1000.8,79313,994.73,2623569,373164.0,336491.0,986.2,1001.8,981.3,986.2,119553000,1084.8,887.6,1102.5,649.1,999.9,1647,12,999.8,1082,10,999.7,3152,10,999.6,2093,10,999.5,1927,6,1000.6,87,1,1000.7,698,2,1000.8,10486,5,1000.9,297,4,1001.0,580,9
317,2025-11-26 10:10:02+05:30,1000.8,79313,994.73,2623569,373164.0,336491.0,986.2,1001.8,981.3,986.2,119553000,1084.8,887.6,1102.5,649.1,999.9,1647,12,999.8,1082,10,999.7,3152,10,999.6,2093,10,999.5,1927,6,1000.6,87,1,1000.7,698,2,1000.8,10486,5,1000.9,297,4,1001.0,580,9
317,2025-11-26 10:10:02+05:30,1000.8,79313,994.73,2623569,373164.0,336491.0,986.2,1001.8,981.3,986.2,119553000,1084.8,887.6,1102.5,649.1,999.9,1647,12,999.8,1082,10,999.7,3152,10,999.6,2093,10,999.5,1927,6,1000.6,87,1,1000.7,698,2,1000.8,10486,5,1000.9,297,4,1001.0,580,9
317,2025-11-26 10:10:03+05:30,1000.8,79313,994.73,2623569,373164.0,336491.0,986.2,1001.8,981.3,986.2,119553000,1084.8,887.6,1102.5,649.1,999.9,1647,12,999.8,1082,10,999.7,3152,10,999.6,2093,10,999.5,1927,6,1000.6,87,1,1000.7,698,2,1000.8,10486,5,1000.9,297,4,1001.0,580,9
317,2025-11-26 10:10:03+05:30,1000.5,5,994.73,2625319,375094.0,343213.0,986.2,1001.8,981.3,986.2,119553000,1084.8,887.6,1102.5,649.1,999.9,1479,6,999.8,831,7,999.7,3089,15,999.6,2464,16,999.5,2433,9,1000.5,332,2,1000.6,435,6,1000.7,1135,5,1000.8,10999,11,1000.9,914,9
317,2025-11-26 10:10:03+05:30,999.9,1,994.73,2625319,375094.0,343213.0,986.2,1001.8,981.3,986.2,119553000,1084.8,887.6,1102.5,649.1,999.9,1479,6,999.8,831,7,999.7,3089,15,999.6,2464,16,999.5,2433,9,1000.5,332,2,1000.6,435,6,1000.7,1135,5,1000.8,10999,11,1000.9,914,9
317,2025-11-26 10:10:03+05:30,999.9,1,994.73,2625319,375094.0,343213.0,986.2,1001.8,981.3,986.2,119691750,1084.8,887.6,1102.5,649.1,999.9,1479,6,999.8,831,7,999.7,3089,15,999.6,2464,16,999.5,2433,9,1000.5,332,2,1000.6,435,6,1000.7,1135,5,1000.8,10999,11,1000.9,914,9
317,2025-11-26 10:10:04+05:30,999.9,1,994.73,2625319,375094.0,343213.0,986.2,1001.8,981.3,986.2,119691750,1084.8,887.6,1102.5,649.1,999.9,1479,6,999.8,831,7,999.7,3089,15,999.6,2464,16,999.5,2433,9,1000.5,332,2,1000.6,435,6,1000.7,1135,5,1000.8,10999,11,1000.9,914,9
317,2025-11-26 10:10:04+05:30,999.9,300,994.73,2625319,375094.0,343213.0,986.2,1001.8,981.3,986.2,119691750,1084.8,887.6,1102.5,649.1,999.9,1479,6,999.8,831,7,999.7,3089,15,999.6,2464,16,999.5,2433,9,1000.5,332,2,1000.6,435,6,1000.7,1135,5,1000.8,10999,11,1000.9,914,9
317,2025-11-26 10:10:04+05:30,999.9,300,994.74,2631288,379453.0,346550.0,986.2,1001.8,981.3,986.2,119691750,1084.8,887.6,1102.5,649.1,999.9,904,6,999.8,1155,7,999.7,4622,12,999.6,2381,10,999.5,1791,9,1000.1,1,1,1000.2,15,1,1000.4,115,1,1000.5,657,5,1000.6,470,7
317,2025-11-26 10:10:05+05:30,1000.4,4,994.75,2632676,376896.0,344274.0,986.2,1001.8,981.3,986.2,119691750,1084.8,887.6,1102.5,649.1,1000.0,750,1,999.9,1010,7,999.8,745,7,999.7,3933,12,999.6,2422,11,1000.4,83,1,1000.5,571,6,1000.6,761,8,1000.7,712,5,1000.8,11371,18
317,2025-11-26 10:10:05+05:30,1000.4,4,994.75,2632676,376896.0,344274.0,986.2,1001.8,981.3,986.2,119691750,1084.8,887.6,1102.5,649.1,1000.0,750,1,999.9,1010,7,999.8,745,7,999.7,3933,12,999.6,2422,11,1000.4,83,1,1000.5,571,6,1000.6,761,8,1000.7,712,5,1000.8,11371,18
317,2025-11-26 10:10:06+05:30,1000.4,22,994.75,2633071,378911.0,344583.0,986.2,1001.8,981.3,986.2,119691750,1084.8,887.6,1102.5,649.1,1000.0,460,1,999.9,1193,6,999.8,1162,7,999.7,2570,11,999.6,2422,11,1000.4,115,1,1000.5,665,6,1000.6,637,7,1000.7,662,5,1000.8,11271,17
317,2025-11-26 10:10:06+05:30,1000.6,74,994.75,2633071,378911.0,344583.0,986.2,1001.8,981.3,986.2,119691750,1084.8,887.6,1102.5,649.1,1000.0,460,1,999.9,1193,6,999.8,1162,7,999.7,2570,11,999.6,2422,11,1000.4,115,1,1000.5,665,6,1000.6,637,7,1000.7,662,5,1000.8,11271,17
317,2025-11-26 10:10:07+05:30,1000.5,124,994.77,2642396,375950.0,344354.0,986.2,1001.8,981.3,986.2,119691750,1084.8,887.6,1102.5,649.1,1000.0,1653,5,999.9,772,8,999.8,977,8,999.7,1207,10,999.6,2496,15,1000.5,603,5,1000.6,752,8,1000.7,919,14,1000.8,11313,13,1000.9,851,6
317,2025-11-26 10:10:07+05:30,1000.0,30,994.77,2642396,375950.0,344354.0,986.2,1001.8,981.3,986.2,119691750,1084.8,887.6,1102.5,649.1,1000.0,1653,5,999.9,772,8,999.8,977,8,999.7,1207,10,999.6,2496,15,1000.5,603,5,1000.6,752,8,1000.7,919,14,1000.8,11313,13,1000.9,851,6
317,2025-11-26 10:10:08+05:30,1000.0,750,994.77,2642396,375950.0,344354.0,986.2,1001.8,981.3,986.2,119691750,1084.8,887.6,1102.5,649.1,1000.0,1653,5,999.9,772,8,999.8,977,8,999.7,1207,10,999.6,2496,15,1000.5,603,5,1000.6,752,8,1000.7,919,14,1000.8,11313,13,1000.9,851,6
317,2025-11-26 10:10:08+05:30,1000.0,750,994.77,2644049,375120.0,348949.0,986.2,1001.8,981.3,986.2,119691750,1084.8,887.6,1102.5,649.1,1000.0,14,2,999.9,192,2,999.8,105,2,999.7,783,5,999.6,1759,13,1000.3,483,5,1000.4,887,8,1000.5,884,9,1000.6,890,8,1000.7,1621,18
317,2025-11-26 10:10:09+05:30,1000.2,1,994.77,2644049,375120.0,348949.0,986.2,1001.8,981.3,986.2,119691750,1084.8,887.6,1102.5,649.1,1000.0,14,2,999.9,192,2,999.8,105,2,999.7,783,5,999.6,1759,13,1000.3,483,5,1000.4,887,8,1000.5,884,9,1000.6,890,8,1000.7,1621,18
317,2025-11-26 10:10:09+05:30,999.9,96,994.77,2644160,374596.0,349676.0,986.2,1001.8,981.3,986.2,119691750,1084.8,887.6,1102.5,649.1,999.9,17,1,999.7,278,2,999.6,733,8,999.5,1239,9,999.4,25512,13,1000.2,619,6,1000.3,534,7,1000.4,830,8,1000.5,872,9,1000.6,1045,10
317,2025-11-26 10:10:10+05:30,1000.2,10,994.77,2644160,374596.0,349676.0,986.2,1001.8,981.3,986.2,119691750,1084.8,887.6,1102.5,649.1,999.9,17,1,999.7,278,2,999.6,733,8,999.5,1239,9,999.4,25512,13,1000.2,619,6,1000.3,534,7,1000.4,830,8,1000.5,872,9,1000.6,1045,10
317,2025-11-26 10:10:11+05:30,1000.2,10,994.77,2644180,374856.0,350197.0,986.2,1001.8,981.3,986.2,119691750,1084.8,887.6,1102.5,649.1,999.9,17,1,999.6,474,5,999.5,1189,8,999.4,25475,12,999.3,5692,22,1000.2,846,8,1000.3,534,7,1000.4,883,9,1000.5,1092,12,1000.6,1180,12
317,2025-11-26 10:10:12+05:30,1000.1,5,994.77,2644185,375060.0,350205.0,986.2,1001.8,981.3,986.2,119691750,1084.8,887.6,1102.5,649.1,999.9,17,1,999.6,224,4,999.5,1439,9,999.4,25488,13,999.3,4942,21,1000.1,532,2,1000.2,718,8,1000.3,460,6,1000.4,885,10,1000.5,890,11
317,2025-11-26 10:10:12+05:30,1000.1,38,994.77,2644185,375060.0,350205.0,986.2,1001.8,981.3,986.2,119691750,1084.8,887.6,1102.5,649.1,999.9,17,1,999.6,224,4,999.5,1439,9,999.4,25488,13,999.3,4942,21,1000.1,532,2,1000.2,718,8,1000.3,460,6,1000.4,885,10,1000.5,890,11
317,2025-11-26 10:10:13+05:30,1000.1,38,994.77,2644935,352608.0,350614.0,986.2,1001.8,981.3,986.2,119691750,1084.8,887.6,1102.5,649.1,999.9,287,3,999.7,179,2,999.6,601,6,999.5,1142,9,999.4,3432,15,1000.1,360,1,1000.2,402,3,1000.3,387,3,1000.4,1130,11,1000.5,1140,12
317,2025-11-26 10:10:14+05:30,1000.0,112,994.77,2645047,354096.0,350099.0,986.2,1001.8,981.3,986.2,119691750,1084.8,887.6,1102.5,649.1,999.9,1037,4,999.7,227,3,999.6,1062,5,999.5,1319,10,999.4,3439,15,1000.1,122,1,1000.2,2,1,1000.3,741,5,1000.4,824,8,1000.5,1111,12
317,2025-11-26 10:10:14+05:30,1000.1,30,994.77,2645047,354096.0,350099.0,986.2,1001.8,981.3,986.2,119691750,1084.8,887.6,1102.5,649.1,999.9,1037,4,999.7,227,3,999.6,1062,5,999.5,1319,10,999.4,3439,15,1000.1,122,1,1000.2,2,1,1000.3,741,5,1000.4,824,8,1000.5,1111,12
317,2025-11-26 10:10:15+05:30,1000.0,1,994.77,2645094,357315.0,349251.0,986.2,1001.8,981.3,986.2,119691750,1084.8,887.6,1102.5,649.1,999.9,279,3,999.8,829,2,999.7,882,8,999.6,1740,10,999.5,4892,14,1000.0,359,1,1000.1,90,1,1000.4,215,3,1000.5,861,10,1000.6,872,9
317,2025-11-26 10:10:15+05:30,999.9,21,994.77,2645094,357315.0,349251.0,986.2,1001.8,981.3,986.2,119691750,1084.8,887.6,1102.5,649.1,999.9,279,3,999.8,829,2,999.7,882,8,999.6,1740,10,999.5,4892,14,1000.0,359,1,1000.1,90,1,1000.4,215,3,1000.5,861,10,1000.6,872,9
317,2025-11-26 10:10:16+05:30,1000.0,1000,994.77,2646411,356195.0,349806.0,986.2,1001.8,981.3,986.2,119691750,1084.8,887.6,1102.5,649.1,999.9,95,1,999.8,750,1,999.7,25,2,999.6,1198,6,999.5,3569,13,1000.0,360,1,1000.2,622,4,1000.3,640,5,1000.4,669,8,1000.5,870,11
317,2025-11-26 10:10:16+05:30,1000.0,750,994.77,2646411,356195.0,349806.0,986.2,1001.8,981.3,986.2,119691750,1084.8,887.6,1102.5,649.1,999.9,95,1,999.8,750,1,999.7,25,2,999.6,1198,6,999.5,3569,13,1000.0,360,1,1000.2,622,4,1000.3,640,5,1000.4,669,8,1000.5,870,11
317,2025-11-26 10:10:17+05:30,1000.0,750,994.78,2649741,355734.0,346904.0,986.2,1001.8,981.3,986.2,119691750,1084.8,887.6,1102.5,649.1,999.9,95,1,999.7,1401,6,999.6,907,9,999.5,5821,16,999.4,969,10,1000.0,360,1,1000.3,178,2,1000.4,391,6,1000.5,1022,9,1000.6,1759,11
317,2025-11-26 10:10:17+05:30,1000.0,1,994.78,2649741,355734.0,346904.0,986.2,1001.8,981.3,986.2,119691750,1084.8,887.6,1102.5,649.1,999.9,95,1,999.7,1401,6,999.6,907,9,999.5,5821,16,999.4,969,10,1000.0,360,1,1000.3,178,2,1000.4,391,6,1000.5,1022,9,1000.6,1759,11
317,2025-11-26 10:10:18+05:30,1000.0,100,994.78,2650422,355354.0,348725.0,986.2,1001.8,981.3,986.2,119691750,1084.8,887.6,1102.5,649.1,999.9,113,1,999.7,940,3,999.6,107,4,999.5,5642,15,999.4,1919,12,1000.0,367,3,1000.1,180,2,1000.2,451,4,1000.3,1060,8,1000.4,781,10
317,2025-11-26 10:10:18+05:30,1000.0,100,994.78,2650422,355354.0,348725.0,986.2,1001.8,981.3,986.2,119691750,1084.8,887.6,1102.5,649.1,999.9,113,1,999.7,940,3,999.6,107,4,999.5,5642,15,999.4,1919,12,1000.0,367,3,1000.1,180,2,1000.2,451,4,1000.3,1060,8,1000.4,781,10
317,2025-11-26 10:10:19+05:30,1000.0,47,994.79,2653329,352476.0,343433.0,986.2,1001.8,981.3,986.2,119691750,1084.8,887.6,1102.5,649.1,999.9,135,2,999.8,525,4,999.7,1558,10,999.6,4109,15,999.5,4154,21,1000.4,476,4,1000.5,530,6,1000.6,567,5,1000.7,1104,7,1000.8,11281,11
317,2025-11-26 10:10:19+05:30,1000.0,47,994.79,2653329,352476.0,343433.0,986.2,1001.8,981.3,986.2,119691750,1084.8,887.6,1102.5,649.1,999.9,135,2,999.8,525,4,999.7,1558,10,999.6,4109,15,999.5,4154,21,1000.4,476,4,1000.5,530,6,1000.6,567,5,1000.7,1104,7,1000.8,11281,11
317,2025-11-26 10:10:20+05:30,1000.0,580,994.79,2655149,353136.0,348790.0,986.2,1001.8,981.3,986.2,119691750,1084.8,887.6,1102.5,649.1,999.7,597,3,999.6,1067,6,999.5,5173,20,999.4,1774,11,999.3,2194,12,1000.0,2429,2,1000.2,291,2,1000.3,465,5,1000.4,842,10,1000.5,1168,12
317,2025-11-26 10:10:20+05:30,1000.0,2,994.79,2655149,353136.0,348790.0,986.2,1001.8,981.3,986.2,119691750,1084.8,887.6,1102.5,649.1,999.7,597,3,999.6,1067,6,999.5,5173,20,999.4,1774,11,999.3,2194,12,1000.0,2429,2,1000.2,291,2,1000.3,465,5,1000.4,842,10,1000.5,1168,12
317,2025-11-26 10:10:21+05:30,1000.0,25,994.79,2655677,354772.0,349834.0,986.2,1001.8,981.3,986.2,119691750,1084.8,887.6,1102.5,649.1,999.7,17,1,999.6,988,5,999.5,5033,13,999.4,1953,17,999.3,2094,11,1000.0,2336,2,1000.1,200,3,1000.2,340,3,1000.3,544,6,1000.4,963,13
317,2025-11-26 10:10:21+05:30,1000.0,25,994.79,2655677,354772.0,349834.0,986.2,1001.8,981.3,986.2,119691750,1084.8,887.6,1102.5,649.1,999.7,17,1,999.6,988,5,999.5,5033,13,999.4,1953,17,999.3,2094,11,1000.0,2336,2,1000.1,200,3,1000.2,340,3,1000.3,544,6,1000.4,963,13
317,2025-11-26 10:10:22+05:30,1000.0,25,994.79,2655677,355714.0,349773.0,986.2,1001.8,981.3,986.2,119691750,1084.8,887.6,1102.5,649.1,999.7,767,2,999.6,1116,8,999.5,5095,15,999.4,2203,18,999.3,1844,10,1000.0,2336,2,1000.1,170,2,1000.2,340,3,1000.3,544,6,1000.4,963,13
317,2025-11-26 10:10:23+05:30,1000.0,25,994.79,2655677,356344.0,349845.0,986.2,1001.8,981.3,986.2,119691750,1084.8,887.6,1102.5,649.1,999.7,767,2,999.6,1092,7,999.5,5045,14,999.4,1953,17,999.3,2094,11,999.9,100,1,1000.0,2336,2,1000.1,170,2,1000.2,340,3,1000.3,544,6
317,2025-11-26 10:10:23+05:30,999.9,11,994.79,2655677,356344.0,349845.0,986.2,1001.8,981.3,986.2,119691750,1084.8,887.6,1102.5,649.1,999.7,767,2,999.6,1092,7,999.5,5045,14,999.4,1953,17,999.3,2094,11,999.9,100,1,1000.0,2336,2,1000.1,170,2,1000.2,340,3,1000.3,544,6
317,2025-11-26 10:10:24+05:30,999.9,5,994.79,2655693,357608.0,349673.0,986.2,1001.8,981.3,986.2,119691750,1084.8,887.6,1102.5,649.1,999.7,846,3,999.6,1275,9,999.5,5823,16,999.4,2203,18,999.3,1844,10,999.9,84,1,1000.0,2336,2,1000.1,170,2,1000.2,291,2,1000.3,465,5
317,2025-11-26 10:10:24+05:30,999.9,5,994.79,2655693,357608.0,349673.0,986.2,1001.8,981.3,986.2,119691750,1084.8,887.6,1102.5,649.1,999.7,846,3,999.6,1275,9,999.5,5823,16,999.4,2203,18,999.3,1844,10,999.9,84,1,1000.0,2336,2,1000.1,170,2,1000.2,291,2,1000.3,465,5
317,2025-11-26 10:10:25+05:30,999.9,15,994.79,2655708,357621.0,350359.0,986.2,1001.8,981.3,986.2,119691750,1084.8,887.6,1102.5,649.1,999.7,859,4,999.6,1275,9,999.5,5823,16,999.4,2203,18,999.3,1844,10,999.9,69,1,1000.0,2336,2,1000.1,170,2,1000.2,291,2,1000.3,465,5
317,2025-11-26 10:10:25+05:30,1000.0,750,994.79,2655708,357621.0,350359.0,986.2,1001.8,981.3,986.2,119691750,1084.8,887.6,1102.5,649.1,999.7,859,4,999.6,1275,9,999.5,5823,16,999.4,2203,18,999.3,1844,10,999.9,69,1,1000.0,2336,2,1000.1,170,2,1000.2,291,2,1000.3,465,5
317,2025-11-26 10:10:26+05:30,1000.0,5,994.8,2658663,359423.0,336796.0,986.2,1001.8,981.3,986.2,119691750,1084.8,887.6,1102.5,649.1,999.9,834,3,999.8,1231,4,999.7,1188,10,999.6,6311,20,999.5,2015,12,1000.0,356,2,1000.3,2,1,1000.4,412,3,1000.5,1000,13,1000.6,806,10
317,2025-11-26 10:10:26+05:30,1000.0,5,994.8,2658663,359423.0,336796.0,986.2,1001.8,981.3,986.2,119691750,1084.8,887.6,1102.5,649.1,999.9,834,3,999.8,1231,4,999.7,1188,10,999.6,6311,20,999.5,2015,12,1000.0,356,2,1000.3,2,1,1000.4,412,3,1000.5,1000,13,1000.6,806,10
317,2025-11-26 10:10:27+05:30,999.9,1,994.8,2659255,357891.0,337023.0,986.2,1001.8,981.3,986.2,119691750,1084.8,887.6,1102.5,649.1,999.9,231,3,999.8,1031,3,999.7,903,7,999.6,6322,18,999.5,2015,12,1000.0,301,2,1000.3,2,1,1000.4,414,4,1000.5,1013,14,1000.6,793,9
317,2025-11-26 10:10:27+05:30,999.9,1,994.8,2659255,357891.0,337023.0,986.2,1001.8,981.3,986.2,119691750,1084.8,887.6,1102.5,649.1,999.9,231,3,999.8,1031,3,999.7,903,7,999.6,6322,18,999.5,2015,12,1000.0,301,2,1000.3,2,1,1000.4,414,4,1000.5,1013,14,1000.6,793,9
317,2025-11-26 10:10:28+05:30,1000.0,3,994.8,2659258,358115.0,338188.0,986.2,1001.8,981.3,986.2,119691750,1084.8,887.6,1102.5,649.1,999.9,231,3,999.8,1029,3,999.7,1105,8,999.6,6346,19,999.5,2015,12,1000.0,298,2,1000.4,492,6,1000.5,1013,14,1000.6,793,9,1000.7,1397,10
317,2025-11-26 10:10:28+05:30,1000.0,5,994.8,2659258,358115.0,338188.0,986.2,1001.8,981.3,986.2,119691750,1084.8,887.6,1102.5,649.1,999.9,231,3,999.8,1029,3,999.7,1105,8,999.6,6346,19,999.5,2015,12,1000.0,298,2,1000.4,492,6,1000.5,1013,14,1000.6,793,9,1000.7,1397,10
317,2025-11-26 10:10:29+05:30,1000.0,5,994.8,2659263,359291.0,338713.0,986.2,1001.8,981.3,986.2,119691750,1084.8,887.6,1102.5,649.1,999.9,307,4,999.8,1231,4,999.7,903,7,999.6,6346,19,999.5,2015,12,1000.0,293,2,1000.4,492,6,1000.5,934,13,1000.6,793,9,1000.7,1397,10
317,2025-11-26 10:10:30+05:30,1000.0,5,994.8,2659263,359289.0,338914.0,986.2,1001.8,981.3,986.2,119691750,1084.8,887.6,1102.5,649.1,999.9,307,4,999.8,1231,4,999.7,903,7,999.6,6346,19,999.5,2015,12,1000.0,293,2,1000.4,492,6,1000.5,934,13,1000.6,793,9,1000.7,1397,10
317,2025-11-26 10:10:31+05:30,1000.0,50,994.8,2659313,360077.0,338866.0,986.2,1001.8,981.3,986.2,119691750,1084.8,887.6,1102.5,649.1,999.9,526,5,999.8,1431,5,999.7,1369,9,999.6,6096,18,999.5,2015,12,1000.0,243,2,1000.4,492,6,1000.5,934,13,1000.6,793,9,1000.7,1397,10
317,2025-11-26 10:10:31+05:30,1000.0,50,994.8,2659313,360077.0,338866.0,986.2,1001.8,981.3,986.2,119691750,1084.8,887.6,1102.5,649.1,999.9,526,5,999.8,1431,5,999.7,1369,9,999.6,6096,18,999.5,2015,12,1000.0,243,2,1000.4,492,6,1000.5,934,13,1000.6,793,9,1000.7,1397,10
317,2025-11-26 10:10:32+05:30,1000.0,1343,994.8,2661531,358490.0,335711.0,986.2,1001.8,981.3,986.2,119691750,1084.8,887.6,1102.5,649.1,1000.0,966,2,999.9,644,7,999.8,2403,10,999.7,1320,11,999.6,5604,18,1000.3,87,1,1000.4,522,4,1000.5,601,6,1000.6,638,5,1000.7,768,7
317,2025-11-26 10:10:32+05:30,1000.0,216,994.8,2661531,358490.0,335711.0,986.2,1001.8,981.3,986.2,119691750,1084.8,887.6,1102.5,649.1,1000.0,966,2,999.9,644,7,999.8,2403,10,999.7,1320,11,999.6,5604,18,1000.3,87,1,1000.4,522,4,1000.5,601,6,1000.6,638,5,1000.7,768,7
317,2025-11-26 10:10:33+05:30,1000.0,1,994.81,2663311,357462.0,340826.0,986.2,1001.8,981.3,986.2,119691750,1084.8,887.6,1102.5,649.1,999.9,114,2,999.8,216,1,999.7,768,2,999.6,1124,6,999.5,5604,16,1000.0,282,3,1000.1,366,3,1000.2,654,4,1000.3,757,7,1000.4,894,13
317,2025-11-26 10:10:33+05:30,1000.0,1,994.81,2663311,357462.0,340826.0,986.2,1001.8,981.3,986.2,119691750,1084.8,887.6,1102.5,649.1,999.9,114,2,999.8,216,1,999.7,768,2,999.6,1124,6,999.5,5604,16,1000.0,282,3,1000.1,366,3,1000.2,654,4,1000.3,757,7,1000.4,894,13
317,2025-11-26 10:10:34+05:30,999.7,48,994.81,2663719,356240.0,341285.0,986.2,1001.8,981.3,986.2,119691750,1084.8,887.6,1102.5,649.1,999.7,696,1,999.6,878,5,999.5,4803,15,999.4,1859,16,999.3,2207,13,1000.0,253,2,1000.1,998,8,1000.2,618,4,1000.3,758,8,1000.4,638,9
317,2025-11-26 10:10:34+05:30,999.7,48,994.81,2663719,356240.0,341285.0,986.2,1001.8,981.3,986.2,119691750,1084.8,887.6,1102.5,649.1,999.7,696,1,999.6,878,5,999.5,4803,15,999.4,1859,16,999.3,2207,13,1000.0,253,2,1000.1,998,8,1000.2,618,4,1000.3,758,8,1000.4,638,9
317,2025-11-26 10:10:35+05:30,999.7,9,994.81,2663728,356279.0,341512.0,986.2,1001.8,981.3,986.2,119691750,1084.8,887.6,1102.5,649.1,999.7,687,1,999.6,795,3,999.5,5053,16,999.4,1859,16,999.3,2307,14,1000.0,253,2,1000.1,392,4,1000.2,990,6,1000.3,937,10,1000.4,638,9
317,2025-11-26 10:10:35+05:30,999.7,9,994.81,2663728,356279.0,341512.0,986.2,1001.8,981.3,986.2,119691750,1084.8,887.6,1102.5,649.1,999.7,687,1,999.6,795,3,999.5,5053,16,999.4,1859,16,999.3,2307,14,1000.0,253,2,1000.1,392,4,1000.2,990,6,1000.3,937,10,1000.4,638,9
317,2025-11-26 10:10:36+05:30,1000.0,4,994.81,2663732,356392.0,341911.0,986.2,1001.8,981.3,986.2,119691750,1084.8,887.6,1102.5,649.1,999.7,687,1,999.6,795,3,999.5,4574,14,999.4,1880,16,999.3,2307,14,1000.0,449,3,1000.1,392,4,1000.2,990,6,1000.3,937,10,1000.4,638,9
317,2025-11-26 10:10:36+05:30,1000.0,4,994.81,2663732,356392.0,341911.0,986.2,1001.8,981.3,986.2,119691750,1084.8,887.6,1102.5,649.1,999.7,687,1,999.6,795,3,999.5,4574,14,999.4,1880,16,999.3,2307,14,1000.0,449,3,1000.1,392,4,1000.2,990,6,1000.3,937,10,1000.4,638,9
317,2025-11-26 10:10:37+05:30,1000.0,4,994.81,2663732,356413.0,341875.0,986.2,1001.8,981.3,986.2,119691750,1084.8,887.6,1102.5,649.1,999.7,687,1,999.6,795,3,999.5,4525,13,999.4,1880,16,999.3,2307,14,1000.0,517,4,1000.1,764,6,1000.2,667,5,1000.3,937,10,1000.4,638,9
317,2025-11-26 10:10:37+05:30,1000.0,5,994.81,2663732,356413.0,341875.0,986.2,1001.8,981.3,986.2,119691750,1084.8,887.6,1102.5,649.1,999.7,687,1,999.6,795,3,999.5,4525,13,999.4,1880,16,999.3,2307,14,1000.0,517,4,1000.1,764,6,1000.2,667,5,1000.3,937,10,1000.4,638,9
317,2025-11-26 10:10:38+05:30,1000.0,5,994.81,2663737,356682.0,341370.0,986.2,1001.8,981.3,986.2,119691750,1084.8,887.6,1102.5,649.1,999.7,687,1,999.6,795,3,999.5,4525,13,999.4,1880,16,999.3,2331,15,1000.0,512,4,1000.1,764,6,1000.2,667,5,1000.3,937,10,1000.4,638,9
317,2025-11-26 10:10:39+05:30,1000.0,1,994.81,2663738,354934.0,341085.0,986.2,1001.8,981.3,986.2,119691750,1084.8,887.6,1102.5,649.1,999.9,30,1,999.7,687,1,999.6,795,3,999.5,4553,14,999.4,1880,16,1000.0,511,4,1000.1,620,5,1000.2,517,4,1000.3,937,10,1000.4,638,9
317,2025-11-26 10:10:39+05:30,1000.0,1,994.81,2663738,354934.0,341085.0,986.2,1001.8,981.3,986.2,119691750,1084.8,887.6,1102.5,649.1,999.9,30,1,999.7,687,1,999.6,795,3,999.5,4553,14,999.4,1880,16,1000.0,511,4,1000.1,620,5,1000.2,517,4,1000.3,937,10,1000.4,638,9
317,2025-11-26 10:10:40+05:30,999.9,10,994.81,2663768,356638.0,341302.0,986.2,1001.8,981.3,986.2,119691750,1084.8,887.6,1102.5,649.1,999.7,687,1,999.6,775,2,999.5,4835,14,999.4,1630,15,999.3,2307,14,999.9,90,1,1000.0,241,3,1000.1,248,3,1000.2,932,7,1000.3,850,9
317,2025-11-26 10:10:40+05:30,999.9,10,994.81,2663768,356638.0,341302.0,986.2,1001.8,981.3,986.2,119691750,1084.8,887.6,1102.5,649.1,999.7,687,1,999.6,775,2,999.5,4835,14,999.4,1630,15,999.3,2307,14,999.9,90,1,1000.0,241,3,1000.1,248,3,1000.2,932,7,1000.3,850,9
317,2025-11-26 10:10:41+05:30,999.6,25,994.81,2664480,348632.0,346974.0,986.2,1001.8,981.3,986.2,119691750,1084.8,887.6,1102.5,649.1,999.5,1823,4,999.4,101,2,999.3,117,1,999.2,300,3,999.1,965,8,999.8,823,10,999.9,419,5,1000.0,1392,16,1000.1,1440,11,1000.2,1834,16
317,2025-11-26 10:10:41+05:30,999.6,25,994.81,2664480,348632.0,346974.0,986.2,1001.8,981.3,986.2,119691750,1084.8,887.6,1102.5,649.1,999.5,1823,4,999.4,101,2,999.3,117,1,999.2,300,3,999.1,965,8,999.8,823,10,999.9,419,5,1000.0,1392,16,1000.1,1440,11,1000.2,1834,16
317,2025-11-26 10:10:42+05:30,999.5,3,994.81,2664483,347966.0,346485.0,986.2,1001.8,981.3,986.2,119691750,1084.8,887.6,1102.5,649.1,999.5,333,3,999.4,101,2,999.3,117,1,999.2,250,2,999.1,840,9,999.8,1004,12,999.9,716,8,1000.0,1474,18,1000.1,955,10,1000.2,1456,12
317,2025-11-26 10:10:42+05:30,999.5,3,994.81,2664483,347966.0,346485.0,986.2,1001.8,981.3,986.2,119691750,1084.8,887.6,1102.5,649.1,999.5,333,3,999.4,101,2,999.3,117,1,999.2,250,2,999.1,840,9,999.8,1004,12,999.9,716,8,1000.0,1474,18,1000.1,955,10,1000.2,1456,12
317,2025-11-26 10:10:43+05:30,999.8,2,994.81,2664515,347962.0,347369.0,986.2,1001.8,981.3,986.2,119691750,1084.8,887.6,1102.5,649.1,999.5,303,3,999.4,101,2,999.3,117,1,999.2,250,2,999.1,661,7,999.8,1002,12,999.9,729,9,1000.0,1625,20,1000.1,942,9,1000.2,1456,12
317,2025-11-26 10:10:43+05:30,999.8,2,994.81,2664515,347962.0,347369.0,986.2,1001.8,981.3,986.2,119691750,1084.8,887.6,1102.5,649.1,999.5,303,3,999.4,101,2,999.3,117,1,999.2,250,2,999.1,661,7,999.8,1002,12,999.9,729,9,1000.0,1625,20,1000.1,942,9,1000.2,1456,12
317,2025-11-26 10:10:44+05:30,999.8,3,994.81,2664523,349930.0,346622.0,986.2,1001.8,981.3,986.2,119691750,1084.8,887.6,1102.5,649.1,999.5,303,3,999.4,101,2,999.3,217,2,999.2,250,2,999.1,911,8,999.8,979,11,999.9,716,8,1000.0,1495,18,1000.1,789,11,1000.2,1254,11
317,2025-11-26 10:10:44+05:30,999.8,3,994.81,2664523,349930.0,346622.0,986.2,1001.8,981.3,986.2,119691750,1084.8,887.6,1102.5,649.1,999.5,303,3,999.4,101,2,999.3,217,2,999.2,250,2,999.1,911,8,999.8,979,11,999.9,716,8,1000.0,1495,18,1000.1,789,11,1000.2,1254,11
317,2025-11-26 10:10:45+05:30,999.5,134,994.81,2664657,350343.0,346851.0,986.2,1001.8,981.3,986.2,119691750,1084.8,887.6,1102.5,649.1,999.5,169,3,999.4,101,2,999.3,117,1,999.2,350,3,999.1,1211,7,999.8,979,11,999.9,729,9,1000.0,1565,17,1000.1,789,11,1000.2,1034,12
317,2025-11-26 10:10:45+05:30,999.5,134,994.81,2664657,350343.0,346851.0,986.2,1001.8,981.3,986.2,119691750,1084.8,887.6,1102.5,649.1,999.5,169,3,999.4,101,2,999.3,117,1,999.2,350,3,999.1,1211,7,999.8,979,11,999.9,729,9,1000.0,1565,17,1000.1,789,11,1000.2,1034,12
317,2025-11-26 10:10:46+05:30,999.5,8,994.81,2664665,350478.0,346536.0,986.2,1001.8,981.3,986.2,119691750,1084.8,887.6,1102.5,649.1,999.5,161,3,999.4,101,2,999.3,117,1,999.2,354,4,999.1,1207,6,999.8,979,11,999.9,729,9,1000.0,1565,17,1000.1,789,11,1000.2,1236,13
317,2025-11-26 10:10:46+05:30,999.5,8,994.81,2664665,350478.0,346536.0,986.2,1001.8,981.3,986.2,119691750,1084.8,887.6,1102.5,649.1,999.5,161,3,999.4,101,2,999.3,117,1,999.2,354,4,999.1,1207,6,999.8,979,11,999.9,729,9,1000.0,1565,17,1000.1,789,11,1000.2,1236,13
317,2025-11-26 10:10:47+05:30,999.8,1,994.81,2664665,350478.0,346536.0,986.2,1001.8,981.3,986.2,119691750,1084.8,887.6,1102.5,649.1,999.5,161,3,999.4,101,2,999.3,117,1,999.2,354,4,999.1,1207,6,999.8,979,11,999.9,729,9,1000.0,1565,17,1000.1,789,11,1000.2,1236,13
317,2025-11-26 10:10:47+05:30,999.8,1,994.81,2664771,350522.0,345475.0,986.2,1001.8,981.3,986.2,119691750,1084.8,887.6,1102.5,649.1,999.5,156,3,999.4,101,2,999.3,117,1,999.2,354,4,999.1,1736,9,999.8,743,8,999.9,729,9,1000.0,1614,18,1000.1,789,11,1000.2,1034,12
317,2025-11-26 10:10:48+05:30,999.8,25,994.81,2664771,350522.0,345475.0,986.2,1001.8,981.3,986.2,119691750,1084.8,887.6,1102.5,649.1,999.5,156,3,999.4,101,2,999.3,117,1,999.2,354,4,999.1,1736,9,999.8,743,8,999.9,729,9,1000.0,1614,18,1000.1,789,11,1000.2,1034,12
317,2025-11-26 10:10:48+05:30,999.8,25,994.81,2664796,350405.0,345789.0,986.2,1001.8,981.3,986.2,119691750,1084.8,887.6,1102.5,649.1,999.5,156,3,999.4,101,2,999.3,1037,4,999.2,801,7,999.1,1798,11,999.8,153,2,999.9,667,7,1000.0,1967,18,1000.1,753,9,1000.2,1296,17
317,2025-11-26 10:10:49+05:30,999.8,25,994.81,2664796,350532.0,345631.0,986.2,1001.8,981.3,986.2,119691750,1084.8,887.6,1102.5,649.1,999.5,156,3,999.4,101,2,999.3,867,2,999.2,633,6,999.1,1798,11,999.8,538,5,999.9,716,8,1000.0,2438,20,1000.1,753,9,1000.2,1533,17
317,2025-11-26 10:10:50+05:30,999.8,2,994.81,2664796,350532.0,345631.0,986.2,1001.8,981.3,986.2,119691750,1084.8,887.6,1102.5,649.1,999.5,156,3,999.4,101,2,999.3,867,2,999.2,633,6,999.1,1798,11,999.8,538,5,999.9,716,8,1000.0,2438,20,1000.1,753,9,1000.2,1533,17
317,2025-11-26 10:10:50+05:30,999.8,2,994.81,2664798,352541.0,345550.0,986.2,1001.8,981.3,986.2,119691750,1084.8,887.6,1102.5,649.1,999.5,156,3,999.4,101,2,999.3,117,1,999.2,1383,7,999.1,1798,11,999.8,749,7,999.9,650,8,1000.0,2425,19,1000.1,740,8,1000.2,1333,16
317,2025-11-26 10:10:51+05:30,999.5,1,994.81,2664798,352541.0,345550.0,986.2,1001.8,981.3,986.2,119691750,1084.8,887.6,1102.5,649.1,999.5,156,3,999.4,101,2,999.3,117,1,999.2,1383,7,999.1,1798,11,999.8,749,7,999.9,650,8,1000.0,2425,19,1000.1,740,8,1000.2,1333,16
317,2025-11-26 10:10:51+05:30,999.5,1,994.81,2664799,352500.0,346699.0,986.2,1001.8,981.3,986.2,119691750,1084.8,887.6,1102.5,649.1,999.5,155,3,999.4,101,2,999.3,117,1,999.2,1183,6,999.1,1548,10,999.8,749,7,999.9,729,9,1000.0,2486,20,1000.1,740,8,1000.2,1333,16
317,2025-11-26 10:10:52+05:30,999.5,1,994.81,2664799,352551.0,346817.0,986.2,1001.8,981.3,986.2,119691750,1084.8,887.6,1102.5,649.1,999.5,205,4,999.4,102,3,999.3,117,1,999.2,1183,6,999.1,1548,10,999.8,828,8,999.9,1268,10,1000.0,2486,20,1000.1,740,8,1000.2,1333,16
317,2025-11-26 10:10:53+05:30,999.5,1,994.81,2664799,352666.0,346878.0,986.2,1001.8,981.3,986.2,119691750,1084.8,887.6,1102.5,649.1,999.6,112,1,999.5,205,4,999.4,102,3,999.3,117,1,999.2,1179,5,999.8,828,8,999.9,1131,9,1000.0,2486,20,1000.1,740,8,1000.2,1333,16
317,2025-11-26 10:10:54+05:30,999.8,82,994.81,2664899,348645.0,345340.0,986.2,1001.8,981.3,986.2,119691750,1084.8,887.6,1102.5,649.1,999.6,112,1,999.5,206,5,999.4,102,3,999.3,117,1,999.2,1381,7,999.8,773,8,999.9,592,8,1000.0,2486,20,1000.1,740,8,1000.2,1283,15
317,2025-11-26 10:10:55+05:30,999.5,56,994.81,2664899,348645.0,345340.0,986.2,1001.8,981.3,986.2,119691750,1084.8,887.6,1102.5,649.1,999.6,112,1,999.5,206,5,999.4,102,3,999.3,117,1,999.2,1381,7,999.8,773,8,999.9,592,8,1000.0,2486,20,1000.1,740,8,1000.2,1283,15
317,2025-11-26 10:10:55+05:30,999.5,56,994.81,2665149,348472.0,346151.0,986.2,1001.8,981.3,986.2,119691750,1084.8,887.6,1102.5,649.1,999.5,68,3,999.4,102,3,999.3,117,1,999.2,1181,6,999.1,1548,10,999.8,1060,9,999.9,794,9,1000.0,2186,19,1000.1,740,8,1000.2,1283,15
317,2025-11-26 10:10:56+05:30,999.8,6,994.81,2665149,348472.0,346151.0,986.2,1001.8,981.3,986.2,119691750,1084.8,887.6,1102.5,649.1,999.5,68,3,999.4,102,3,999.3,117,1,999.2,1181,6,999.1,1548,10,999.8,1060,9,999.9,794,9,1000.0,2186,19,1000.1,740,8,1000.2,1283,15
317,2025-11-26 10:10:56+05:30,999.8,6,994.81,2665156,348179.0,345846.0,986.2,1001.8,981.3,986.2,119691750,1084.8,887.6,1102.5,649.1,999.5,67,2,999.4,102,3,999.3,117,1,999.2,1181,6,999.1,1548,10,999.8,1203,10,999.9,833,9,1000.0,2349,21,1000.1,740,8,1000.2,1283,15
317,2025-11-26 10:10:57+05:30,999.5,50,994.81,2665156,348179.0,345846.0,986.2,1001.8,981.3,986.2,119691750,1084.8,887.6,1102.5,649.1,999.5,67,2,999.4,102,3,999.3,117,1,999.2,1181,6,999.1,1548,10,999.8,1203,10,999.9,833,9,1000.0,2349,21,1000.1,740,8,1000.2,1283,15
317,2025-11-26 10:10:57+05:30,999.5,50,994.81,2665223,348060.0,347669.0,986.2,1001.8,981.3,986.2,119691750,1084.8,887.6,1102.5,649.1,999.4,102,3,999.2,140,1,999.1,461,6,999.0,1838,16,998.9,1432,12,999.7,883,11,999.8,1093,9,999.9,998,12,1000.0,2307,20,1000.1,813,10
317,2025-11-26 10:10:58+05:30,999.7,13,994.81,2665223,348060.0,347669.0,986.2,1001.8,981.3,986.2,119691750,1084.8,887.6,1102.5,649.1,999.4,102,3,999.2,140,1,999.1,461,6,999.0,1838,16,998.9,1432,12,999.7,883,11,999.8,1093,9,999.9,998,12,1000.0,2307,20,1000.1,813,10
317,2025-11-26 10:10:58+05:30,999.7,13,994.81,2665628,347291.0,349367.0,986.2,1001.8,981.3,986.2,119691750,1084.8,887.6,1102.5,649.1,999.2,87,1,999.1,294,3,999.0,1506,12,998.9,944,9,998.8,2750,13,999.5,378,3,999.6,578,7,999.7,1266,10,999.8,940,9,999.9,889,10
317,2025-11-26 10:10:59+05:30,999.5,25,994.81,2665628,347291.0,349367.0,986.2,1001.8,981.3,986.2,119691750,1084.8,887.6,1102.5,649.1,999.2,87,1,999.1,294,3,999.0,1506,12,998.9,944,9,998.8,2750,13,999.5,378,3,999.6,578,7,999.7,1266,10,999.8,940,9,999.9,889,10
317,2025-11-26 10:10:59+05:30,999.5,25,994.81,2665927,344304.0,349501.0,986.2,1001.8,981.3,986.2,119691750,1084.8,887.6,1102.5,649.1,999.0,525,10,998.9,1258,5,998.8,2602,11,998.7,4203,19,998.6,1851,11,999.5,684,5,999.6,847,9,999.7,1303,11,999.8,1127,11,999.9,810,10
317,2025-11-26 10:11:00+05:30,999.0,100,994.81,2666277,340675.0,352045.0,986.2,1001.8,981.3,986.2,119691750,1084.8,887.6,1102.5,649.1,999.0,359,10,998.9,979,3,998.8,2279,8,998.7,3374,13,998.6,2080,16,999.4,874,6,999.5,884,6,999.6,939,11,999.7,1254,12,999.8,972,15
317,2025-11-26 10:11:00+05:30,999.0,100,994.81,2666277,340675.0,352045.0,986.2,1001.8,981.3,986.2,119691750,1084.8,887.6,1102.5,649.1,999.0,359,10,998.9,979,3,998.8,2279,8,998.7,3374,13,998.6,2080,16,999.4,874,6,999.5,884,6,999.6,939,11,999.7,1254,12,999.8,972,15
317,2025-11-26 10:11:01+05:30,999.4,1,994.81,2666279,343203.0,352752.0,986.2,1001.8,981.3,986.2,119691750,1084.8,887.6,1102.5,649.1,999.0,359,10,998.9,229,2,998.8,1290,5,998.7,967,9,998.6,5843,22,999.4,872,6,999.5,976,8,999.6,862,12,999.7,1741,12,999.8,1594,14
317,2025-11-26 10:11:01+05:30,999.4,1,994.81,2666279,343203.0,352752.0,986.2,1001.8,981.3,986.2,119691750,1084.8,887.6,1102.5,649.1,999.0,359,10,998.9,229,2,998.8,1290,5,998.7,967,9,998.6,5843,22,999.4,872,6,999.5,976,8,999.6,862,12,999.7,1741,12,999.8,1594,14
317,2025-11-26 10:11:02+05:30,999.0,2,994.81,2666304,341954.0,352999.0,986.2,1001.8,981.3,986.2,119691750,1084.8,887.6,1102.5,649.1,999.0,356,10,998.9,30,1,998.8,1091,4,998.7,948,7,998.6,2840,19,999.4,980,8,999.5,1068,10,999.6,1120,13,999.7,1771,13,999.8,1594,14
317,2025-11-26 10:11:02+05:30,999.0,2,994.81,2666304,341954.0,352999.0,986.2,1001.8,981.3,986.2,119691750,1084.8,887.6,1102.5,649.1,999.0,356,10,998.9,30,1,998.8,1091,4,998.7,948,7,998.6,2840,19,999.4,980,8,999.5,1068,10,999.6,1120,13,999.7,1771,13,999.8,1594,14
317,2025-11-26 10:11:03+05:30,999.0,55,994.81,2666859,344676.0,351461.0,986.2,1001.8,981.3,986.2,119691750,1084.8,887.6,1102.5,649.1,999.0,326,11,998.9,109,2,998.8,1183,6,998.7,1211,9,998.6,5584,21,999.4,677,5,999.5,940,8,999.6,841,12,999.7,1569,12,999.8,1594,14
317,2025-11-26 10:11:03+05:30,999.0,55,994.81,2666859,344676.0,351461.0,986.2,1001.8,981.3,986.2,119691750,1084.8,887.6,1102.5,649.1,999.0,326,11,998.9,109,2,998.8,1183,6,998.7,1211,9,998.6,5584,21,999.4,677,5,999.5,940,8,999.6,841,12,999.7,1569,12,999.8,1594,14
317,2025-11-26 10:11:04+05:30,999.0,84,994.81,2667127,346239.0,348619.0,986.2,1001.8,981.3,986.2,119691750,1084.8,887.6,1102.5,649.1,999.0,58,5,998.9,30,1,998.8,262,2,998.7,1452,8,998.6,2325,16,999.4,1325,10,999.5,1068,10,999.6,1122,14,999.7,1450,13,999.8,1546,14
317,2025-11-26 10:11:04+05:30,999.0,84,994.81,2667127,346239.0,348619.0,986.2,1001.8,981.3,986.2,119691750,1084.8,887.6,1102.5,649.1,999.0,58,5,998.9,30,1,998.8,262,2,998.7,1452,8,998.6,2325,16,999.4,1325,10,999.5,1068,10,999.6,1122,14,999.7,1450,13,999.8,1546,14
317,2025-11-26 10:11:05+05:30,999.0,84,994.81,2667127,346239.0,346659.0,986.2,1001.8,981.3,986.2,119691750,1084.8,887.6,1102.5,649.1,999.0,58,5,998.9,30,1,998.8,262,2,998.7,1452,8,998.6,2575,17,999.4,1325,10,999.5,1068,10,999.6,1122,14,999.7,1450,13,999.8,1546,14
317,2025-11-26 10:11:06+05:30,999.4,2,994.81,2667134,345899.0,348589.0,986.2,1001.8,981.3,986.2,119691750,1084.8,887.6,1102.5,649.1,999.0,158,6,998.9,30,1,998.7,1274,5,998.6,2252,16,998.5,4229,16,999.3,624,6,999.4,1196,10,999.5,802,12,999.6,1122,14,999.7,1469,13
317,2025-11-26 10:11:06+05:30,999.4,2,994.81,2667134,345899.0,348589.0,986.2,1001.8,981.3,986.2,119691750,1084.8,887.6,1102.5,649.1,999.0,158,6,998.9,30,1,998.7,1274,5,998.6,2252,16,998.5,4229,16,999.3,624,6,999.4,1196,10,999.5,802,12,999.6,1122,14,999.7,1469,13
317,2025-11-26 10:11:07+05:30,999.4,2,994.81,2667134,344165.0,348036.0,986.2,1001.8,981.3,986.2,119691750,1084.8,887.6,1102.5,649.1,999.0,158,6,998.9,30,1,998.8,915,4,998.7,785,10,998.6,5503,17,999.3,247,3,999.4,1098,7,999.5,875,8,999.6,958,11,999.7,1502,10
317,2025-11-26 10:11:08+05:30,998.9,12,994.81,2667843,342524.0,347582.0,986.2,1001.8,981.3,986.2,119691750,1084.8,887.6,1102.5,649.1,998.9,87,1,998.8,902,3,998.7,713,11,998.6,4755,15,998.5,1576,10,999.4,1164,9,999.5,1466,9,999.6,1024,13,999.7,1467,12,999.8,950,12
317,2025-11-26 10:11:08+05:30,998.9,12,994.81,2667843,342524.0,347582.0,986.2,1001.8,981.3,986.2,119691750,1084.8,887.6,1102.5,649.1,998.9,87,1,998.8,902,3,998.7,713,11,998.6,4755,15,998.5,1576,10,999.4,1164,9,999.5,1466,9,999.6,1024,13,999.7,1467,12,999.8,950,12
317,2025-11-26 10:11:09+05:30,999.4,112,994.81,2668093,342760.0,347805.0,986.2,1001.8,981.3,986.2,119691750,1084.8,887.6,1102.5,649.1,998.9,87,1,998.8,752,2,998.7,779,10,998.6,2255,11,998.5,3986,13,999.3,596,5,999.4,1250,10,999.5,725,7,999.6,1521,13,999.7,1241,11
317,2025-11-26 10:11:09+05:30,999.4,112,994.81,2668093,342760.0,347805.0,986.2,1001.8,981.3,986.2,119691750,1084.8,887.6,1102.5,649.1,998.9,87,1,998.8,752,2,998.7,779,10,998.6,2255,11,998.5,3986,13,999.3,596,5,999.4,1250,10,999.5,725,7,999.6,1521,13,999.7,1241,11
317,2025-11-26 10:11:10+05:30,999.4,112,994.81,2668093,342875.0,348315.0,986.2,1001.8,981.3,986.2,119691750,1084.8,887.6,1102.5,649.1,998.8,92,2,998.7,1529,11,998.6,2211,11,998.5,3986,13,998.4,2042,14,999.3,367,3,999.4,1340,10,999.5,725,7,999.6,1630,14,999.7,1241,11
317,2025-11-26 10:11:11+05:30,999.3,9,994.81,2668103,342113.0,348378.0,986.2,1001.8,981.3,986.2,119691750,1084.8,887.6,1102.5,649.1,999.0,1,1,998.8,87,1,998.7,1364,9,998.6,2226,12,998.5,3405,13,999.3,890,8,999.4,951,7,999.5,853,9,999.6,1559,14,999.7,1241,11
317,2025-11-26 10:11:11+05:30,999.3,9,994.81,2668103,342113.0,348378.0,986.2,1001.8,981.3,986.2,119691750,1084.8,887.6,1102.5,649.1,999.0,1,1,998.8,87,1,998.7,1364,9,998.6,2226,12,998.5,3405,13,999.3,890,8,999.4,951,7,999.5,853,9,999.6,1559,14,999.7,1241,11
317,2025-11-26 10:11:12+05:30,999.3,9,994.81,2668103,344324.0,349117.0,986.2,1001.8,981.3,986.2,119691750,1084.8,887.6,1102.5,649.1,999.0,3,2,998.9,750,1,998.8,89,2,998.7,1364,9,998.6,2476,13,999.3,721,7,999.4,1126,9,999.5,853,9,999.6,1559,14,999.7,1241,11
317,2025-11-26 10:11:13+05:30,999.2,1,994.81,2668104,343969.0,349192.0,986.2,1001.8,981.3,986.2,119691750,1084.8,887.6,1102.5,649.1,999.1,112,1,999.0,3,2,998.9,202,1,998.8,952,9,998.7,3629,9,999.2,339,1,999.3,67,1,999.4,1218,5,999.5,981,8,999.6,947,12
317,2025-11-26 10:11:13+05:30,999.2,1,994.81,2668104,343969.0,349192.0,986.2,1001.8,981.3,986.2,119691750,1084.8,887.6,1102.5,649.1,999.1,112,1,999.0,3,2,998.9,202,1,998.8,952,9,998.7,3629,9,999.2,339,1,999.3,67,1,999.4,1218,5,999.5,981,8,999.6,947,12
317,2025-11-26 10:11:14+05:30,999.1,1,994.82,2669113,341107.0,347090.0,986.2,1001.8,981.3,986.2,119691750,1084.8,887.6,1102.5,649.1,999.1,106,1,999.0,3,2,998.9,999,4,998.8,434,5,998.7,2463,9,999.4,1134,7,999.5,771,8,999.6,909,10,999.7,1189,15,999.8,1397,14
317,2025-11-26 10:11:14+05:30,999.1,1,994.82,2669113,341107.0,347090.0,986.2,1001.8,981.3,986.2,119691750,1084.8,887.6,1102.5,649.1,999.1,106,1,999.0,3,2,998.9,999,4,998.8,434,5,998.7,2463,9,999.4,1134,7,999.5,771,8,999.6,909,10,999.7,1189,15,999.8,1397,14
317,2025-11-26 10:11:15+05:30,998.9,145,994.82,2669377,342391.0,348012.0,986.2,1001.8,981.3,986.2,119691750,1084.8,887.6,1102.5,649.1,998.9,10,1,998.8,921,3,998.7,1289,8,998.6,2989,19,998.5,3221,12,999.4,1492,9,999.5,727,9,999.6,1219,11,999.7,1547,17,999.8,1337,13
317,2025-11-26 10:11:15+05:30,998.9,145,994.82,2669377,342391.0,348012.0,986.2,1001.8,981.3,986.2,119691750,1084.8,887.6,1102.5,649.1,998.9,10,1,998.8,921,3,998.7,1289,8,998.6,2989,19,998.5,3221,12,999.4,1492,9,999.5,727,9,999.6,1219,11,999.7,1547,17,999.8,1337,13
317,2025-11-26 10:11:16+05:30,999.4,1,994.82,2669388,341420.0,348717.0,986.2,1001.8,981.3,986.2,119691750,1084.8,887.6,1102.5,649.1,998.9,87,1,998.7,1572,8,998.6,2822,19,998.5,3221,12,998.4,1940,12,999.4,1805,11,999.5,929,10,999.6,1361,13,999.7,1547,17,999.8,1337,13
317,2025-11-26 10:11:16+05:30,999.4,1,994.82,2669388,341420.0,348717.0,986.2,1001.8,981.3,986.2,119691750,1084.8,887.6,1102.5,649.1,998.9,87,1,998.7,1572,8,998.6,2822,19,998.5,3221,12,998.4,1940,12,999.4,1805,11,999.5,929,10,999.6,1361,13,999.7,1547,17,999.8,1337,13
317,2025-11-26 10:11:17+05:30,999.4,1,994.82,2669388,342139.0,347974.0,986.2,1001.8,981.3,986.2,119691750,1084.8,887.6,1102.5,649.1,998.9,100,2,998.7,1324,6,998.6,2912,19,998.5,3221,12,998.4,1940,12,999.3,110,2,999.4,1805,11,999.5,929,10,999.6,827,12,999.7,1321,16
317,2025-11-26 10:11:19+05:30,999.3,1,994.82,2669389,341897.0,348083.0,986.2,1001.8,981.3,986.2,119691750,1084.8,887.6,1102.5,649.1,998.9,100,2,998.7,1155,5,998.6,2662,18,998.5,3640,14,998.4,1940,12,999.3,606,6,999.4,1467,9,999.5,929,10,999.6,827,12,999.7,1321,16
317,2025-11-26 10:11:19+05:30,999.3,1,994.82,2669389,341897.0,348083.0,986.2,1001.8,981.3,986.2,119691750,1084.8,887.6,1102.5,649.1,998.9,100,2,998.7,1155,5,998.6,2662,18,998.5,3640,14,998.4,1940,12,999.3,606,6,999.4,1467,9,999.5,929,10,999.6,827,12,999.7,1321,16
317,2025-11-26 10:11:20+05:30,999.3,1,994.82,2669389,341897.0,348054.0,986.2,1001.8,981.3,986.2,119691750,1084.8,887.6,1102.5,649.1,998.9,100,2,998.7,1155,5,998.6,2580,17,998.5,3640,14,998.4,1940,12,999.3,557,5,999.4,1467,9,999.5,929,10,999.6,840,13,999.7,1321,16
317,2025-11-26 10:11:21+05:30,999.3,1,994.82,2669389,342204.0,348054.0,986.2,1001.8,981.3,986.2,119691750,1084.8,887.6,1102.5,649.1,999.0,25,1,998.9,100,2,998.7,1155,5,998.6,2411,16,998.5,3823,15,999.3,557,5,999.4,1467,9,999.5,929,10,999.6,840,13,999.7,1321,16
317,2025-11-26 10:11:22+05:30,999.3,1,994.82,2669389,342725.0,347768.0,986.2,1001.8,981.3,986.2,119691750,1084.8,887.6,1102.5,649.1,999.0,25,1,998.9,100,2,998.7,1229,6,998.6,2661,17,998.5,3573,14,999.3,219,3,999.4,1680,10,999.5,727,9,999.6,840,13,999.7,1321,16
317,2025-11-26 10:11:23+05:30,999.0,5,994.82,2669394,341682.0,347663.0,986.2,1001.8,981.3,986.2,119691750,1084.8,887.6,1102.5,649.1,999.0,33,2,998.9,87,1,998.7,1229,6,998.6,2740,18,998.5,3404,13,999.3,559,6,999.4,1235,7,999.5,727,9,999.6,840,13,999.7,1321,16
317,2025-11-26 10:11:23+05:30,999.0,5,994.82,2669394,341682.0,347663.0,986.2,1001.8,981.3,986.2,119691750,1084.8,887.6,1102.5,649.1,999.0,33,2,998.9,87,1,998.7,1229,6,998.6,2740,18,998.5,3404,13,999.3,559,6,999.4,1235,7,999.5,727,9,999.6,840,13,999.7,1321,16
317,2025-11-26 10:11:24+05:30,999.0,5,994.82,2669394,341899.0,347731.0,986.2,1001.8,981.3,986.2,119691750,1084.8,887.6,1102.5,649.1,999.0,33,2,998.9,87,1,998.8,217,3,998.7,1234,7,998.6,4975,19,999.3,41,2,999.4,1163,7,999.5,710,9,999.6,1334,13,999.7,1205,10
317,2025-11-26 10:11:25+05:30,999.0,5,994.82,2669394,342027.0,349061.0,986.2,1001.8,981.3,986.2,119691750,1084.8,887.6,1102.5,649.1,999.0,33,2,998.9,87,1,998.8,822,4,998.7,757,8,998.6,4975,19,999.3,41,2,999.4,1084,6,999.5,631,8,999.6,1306,12,999.7,1205,10
317,2025-11-26 10:11:26+05:30,999.3,10,994.82,2669404,342415.0,349069.0,986.2,1001.8,981.3,986.2,119691750,1084.8,887.6,1102.5,649.1,999.0,33,2,998.9,390,4,998.8,1359,8,998.7,757,8,998.6,4975,19,999.3,31,2,999.4,901,5,999.5,804,8,999.6,1306,12,999.7,1218,11
317,2025-11-26 10:11:26+05:30,999.3,10,994.82,2669404,342415.0,349069.0,986.2,1001.8,981.3,986.2,119691750,1084.8,887.6,1102.5,649.1,999.0,33,2,998.9,390,4,998.8,1359,8,998.7,757,8,998.6,4975,19,999.3,31,2,999.4,901,5,999.5,804,8,999.6,1306,12,999.7,1218,11
317,2025-11-26 10:11:27+05:30,999.0,1,994.82,2669405,342188.0,349079.0,986.2,1001.8,981.3,986.2,119691750,1084.8,887.6,1102.5,649.1,999.0,32,2,998.9,390,4,998.8,1133,7,998.7,757,8,998.6,4975,19,999.3,31,2,999.4,901,5,999.5,805,9,999.6,1306,12,999.7,1218,11
317,2025-11-26 10:11:27+05:30,999.3,10,994.82,2669405,342188.0,349079.0,986.2,1001.8,981.3,986.2,119691750,1084.8,887.6,1102.5,649.1,999.0,32,2,998.9,390,4,998.8,1133,7,998.7,757,8,998.6,4975,19,999.3,31,2,999.4,901,5,999.5,805,9,999.6,1306,12,999.7,1218,11
317,2025-11-26 10:11:28+05:30,999.0,15,994.82,2669430,341780.0,349069.0,986.2,1001.8,981.3,986.2,119691750,1084.8,887.6,1102.5,649.1,999.0,67,3,998.9,166,2,998.8,950,6,998.7,683,7,998.6,5158,20,999.3,171,3,999.4,1313,8,999.5,393,6,999.6,1306,12,999.7,1218,11
317,2025-11-26 10:11:28+05:30,999.0,15,994.82,2669430,341780.0,349069.0,986.2,1001.8,981.3,986.2,119691750,1084.8,887.6,1102.5,649.1,999.0,67,3,998.9,166,2,998.8,950,6,998.7,683,7,998.6,5158,20,999.3,171,3,999.4,1313,8,999.5,393,6,999.6,1306,12,999.7,1218,11
317,2025-11-26 10:11:29+05:30,999.0,15,994.82,2669430,341829.0,349069.0,986.2,1001.8,981.3,986.2,119691750,1084.8,887.6,1102.5,649.1,999.0,67,3,998.9,166,2,998.8,950,6,998.7,683,7,998.6,5232,21,999.3,171,3,999.4,1313,8,999.5,393,6,999.6,1306,12,999.7,1218,11
317,2025-11-26 10:11:30+05:30,998.8,44,994.82,2669630,340372.0,348866.0,986.2,1001.8,981.3,986.2,119691750,1084.8,887.6,1102.5,649.1,998.9,248,4,998.8,2038,10,998.7,1145,9,998.6,4799,19,998.5,1721,10,999.3,171,3,999.4,879,5,999.5,476,6,999.6,1445,14,999.7,1218,11
317,2025-11-26 10:11:30+05:30,999.3,2,994.82,2669630,340372.0,348866.0,986.2,1001.8,981.3,986.2,119691750,1084.8,887.6,1102.5,649.1,998.9,248,4,998.8,2038,10,998.7,1145,9,998.6,4799,19,998.5,1721,10,999.3,171,3,999.4,879,5,999.5,476,6,999.6,1445,14,999.7,1218,11
317,2025-11-26 10:11:31+05:30,998.9,1,994.82,2669634,340732.0,348553.0,986.2,1001.8,981.3,986.2,119691750,1084.8,887.6,1102.5,649.1,998.9,520,7,998.8,2264,11,998.7,1145,9,998.6,4799,19,998.5,1721,10,999.3,169,3,999.4,653,4,999.5,474,5,999.6,1411,12,999.7,1218,11
317,2025-11-26 10:11:31+05:30,998.9,1,994.82,2669634,340732.0,348553.0,986.2,1001.8,981.3,986.2,119691750,1084.8,887.6,1102.5,649.1,998.9,520,7,998.8,2264,11,998.7,1145,9,998.6,4799,19,998.5,1721,10,999.3,169,3,999.4,653,4,999.5,474,5,999.6,1411,12,999.7,1218,11
317,2025-11-26 10:11:32+05:30,998.9,1,994.82,2669635,340551.0,349785.0,986.2,1001.8,981.3,986.2,119691750,1084.8,887.6,1102.5,649.1,998.9,207,4,998.8,2264,11,998.7,1145,9,998.6,4799,19,998.5,1721,10,999.3,349,4,999.4,607,3,999.5,474,5,999.6,1459,13,999.7,1218,11
317,2025-11-26 10:11:33+05:30,998.9,1,994.82,2669635,340556.0,348950.0,986.2,1001.8,981.3,986.2,119691750,1084.8,887.6,1102.5,649.1,999.0,129,2,998.9,17,1,998.8,2215,10,998.7,1244,8,998.6,4799,19,999.3,349,4,999.4,998,5,999.5,455,6,999.6,1354,13,999.7,1218,11
317,2025-11-26 10:11:33+05:30,999.3,11,994.82,2669635,340556.0,348950.0,986.2,1001.8,981.3,986.2,119691750,1084.8,887.6,1102.5,649.1,999.0,129,2,998.9,17,1,998.8,2215,10,998.7,1244,8,998.6,4799,19,999.3,349,4,999.4,998,5,999.5,455,6,999.6,1354,13,999.7,1218,11
317,2025-11-26 10:11:34+05:30,998.9,4,994.82,2669815,340494.0,348940.0,986.2,1001.8,981.3,986.2,119691750,1084.8,887.6,1102.5,649.1,998.9,92,2,998.8,1959,7,998.7,1293,9,998.6,4812,20,998.5,1721,10,999.3,359,3,999.4,835,5,999.5,620,7,999.6,1352,12,999.7,1218,11
317,2025-11-26 10:11:34+05:30,998.9,4,994.82,2669815,340494.0,348940.0,986.2,1001.8,981.3,986.2,119691750,1084.8,887.6,1102.5,649.1,998.9,92,2,998.8,1959,7,998.7,1293,9,998.6,4812,20,998.5,1721,10,999.3,359,3,999.4,835,5,999.5,620,7,999.6,1352,12,999.7,1218,11
317,2025-11-26 10:11:35+05:30,999.3,3,994.82,2669815,340494.0,348940.0,986.2,1001.8,981.3,986.2,119691750,1084.8,887.6,1102.5,649.1,998.9,92,2,998.8,1959,7,998.7,1293,9,998.6,4812,20,998.5,1721,10,999.3,359,3,999.4,835,5,999.5,620,7,999.6,1352,12,999.7,1218,11
317,2025-11-26 10:11:36+05:30,999.3,3,994.82,2669960,338881.0,349325.0,986.2,1001.8,981.3,986.2,119691750,1084.8,887.6,1102.5,649.1,998.8,839,3,998.7,1048,9,998.6,4814,21,998.5,1721,10,998.4,1940,12,999.3,488,4,999.4,1035,6,999.5,542,7,999.6,1661,15,999.7,1468,12
317,2025-11-26 10:11:36+05:30,999.3,25,994.82,2669960,338881.0,349325.0,986.2,1001.8,981.3,986.2,119691750,1084.8,887.6,1102.5,649.1,998.8,839,3,998.7,1048,9,998.6,4814,21,998.5,1721,10,998.4,1940,12,999.3,488,4,999.4,1035,6,999.5,542,7,999.6,1661,15,999.7,1468,12
317,2025-11-26 10:11:37+05:30,999.3,25,994.82,2670194,340388.0,350829.0,986.2,1001.8,981.3,986.2,119691750,1084.8,887.6,1102.5,649.1,998.8,89,2,998.7,1840,6,998.6,2837,19,998.5,3484,14,998.4,1914,11,999.2,190,2,999.3,894,7,999.4,1628,11,999.5,488,7,999.6,1002,14
317,2025-11-26 10:11:37+05:30,999.2,1,994.82,2670194,340388.0,350829.0,986.2,1001.8,981.3,986.2,119691750,1084.8,887.6,1102.5,649.1,998.8,89,2,998.7,1840,6,998.6,2837,19,998.5,3484,14,998.4,1914,11,999.2,190,2,999.3,894,7,999.4,1628,11,999.5,488,7,999.6,1002,14
317,2025-11-26 10:11:38+05:30,999.2,1,994.82,2670195,342698.0,350276.0,986.2,1001.8,981.3,986.2,119691750,1084.8,887.6,1102.5,649.1,998.8,1053,7,998.7,1883,9,998.6,5798,23,998.5,1721,10,998.4,1914,11,999.2,95,2,999.3,331,3,999.4,1098,8,999.5,632,8,999.6,1167,15
317,2025-11-26 10:11:38+05:30,999.2,2,994.82,2670195,342698.0,350276.0,986.2,1001.8,981.3,986.2,119691750,1084.8,887.6,1102.5,649.1,998.8,1053,7,998.7,1883,9,998.6,5798,23,998.5,1721,10,998.4,1914,11,999.2,95,2,999.3,331,3,999.4,1098,8,999.5,632,8,999.6,1167,15
317,2025-11-26 10:11:39+05:30,999.2,2,994.82,2670198,342625.0,351231.0,986.2,1001.8,981.3,986.2,119691750,1084.8,887.6,1102.5,649.1,999.0,20,1,998.8,808,5,998.7,1077,8,998.6,5652,18,998.5,1788,11,999.2,9,1,999.3,716,7,999.4,1609,12,999.5,721,14,999.6,1167,15
317,2025-11-26 10:11:39+05:30,999.0,20,994.82,2670198,342625.0,351231.0,986.2,1001.8,981.3,986.2,119691750,1084.8,887.6,1102.5,649.1,999.0,20,1,998.8,808,5,998.7,1077,8,998.6,5652,18,998.5,1788,11,999.2,9,1,999.3,716,7,999.4,1609,12,999.5,721,14,999.6,1167,15
317,2025-11-26 10:11:40+05:30,999.0,20,994.82,2670218,344306.0,351023.0,986.2,1001.8,981.3,986.2,119691750,1084.8,887.6,1102.5,649.1,998.8,468,2,998.7,1527,8,998.6,6509,23,998.5,1788,11,998.4,1914,11,999.0,182,2,999.1,42,1,999.2,346,5,999.3,722,6,999.4,1444,11
317,2025-11-26 10:11:41+05:30,999.0,20,994.82,2670218,344846.0,352089.0,986.2,1001.8,981.3,986.2,119691750,1084.8,887.6,1102.5,649.1,998.8,386,1,998.7,1004,5,998.6,7107,22,998.5,1971,11,998.4,1981,12,999.0,182,2,999.1,42,1,999.2,574,7,999.3,722,6,999.4,1444,11
317,2025-11-26 10:11:42+05:30,999.0,80,994.82,2670604,344851.0,350939.0,986.2,1001.8,981.3,986.2,119691750,1084.8,887.6,1102.5,649.1,998.7,1204,5,998.6,7041,23,998.5,1843,9,998.4,1954,11,998.3,1270,11,999.0,73,2,999.1,42,1,999.2,370,7,999.3,653,6,999.4,1444,11
317,2025-11-26 10:11:42+05:30,999.0,80,994.82,2670604,344851.0,350939.0,986.2,1001.8,981.3,986.2,119691750,1084.8,887.6,1102.5,649.1,998.7,1204,5,998.6,7041,23,998.5,1843,9,998.4,1954,11,998.3,1270,11,999.0,73,2,999.1,42,1,999.2,370,7,999.3,653,6,999.4,1444,11
317,2025-11-26 10:11:43+05:30,998.8,132,994.82,2670736,345057.0,350117.0,986.2,1001.8,981.3,986.2,119691750,1084.8,887.6,1102.5,649.1,998.8,618,1,998.7,1511,6,998.6,7044,25,998.5,1892,10,998.4,1894,10,999.0,73,2,999.1,42,1,999.2,94,3,999.3,716,6,999.4,1371,9
317,2025-11-26 10:11:43+05:30,998.8,132,994.82,2670736,345057.0,350117.0,986.2,1001.8,981.3,986.2,119691750,1084.8,887.6,1102.5,649.1,998.8,618,1,998.7,1511,6,998.6,7044,25,998.5,1892,10,998.4,1894,10,999.0,73,2,999.1,42,1,999.2,94,3,999.3,716,6,999.4,1371,9
317,2025-11-26 10:11:44+05:30,999.0,2,994.82,2670738,345875.0,350842.0,986.2,1001.8,981.3,986.2,119691750,1084.8,887.6,1102.5,649.1,998.8,778,2,998.7,1351,5,998.6,7044,25,998.5,1892,10,998.4,1954,11,999.0,71,2,999.1,50,2,999.2,94,3,999.3,1202,7,999.4,1371,9
317,2025-11-26 10:11:44+05:30,999.3,24,994.82,2670738,345875.0,350842.0,986.2,1001.8,981.3,986.2,119691750,1084.8,887.6,1102.5,649.1,998.8,778,2,998.7,1351,5,998.6,7044,25,998.5,1892,10,998.4,1954,11,999.0,71,2,999.1,50,2,999.2,94,3,999.3,1202,7,999.4,1371,9
317,2025-11-26 10:11:45+05:30,999.3,24,994.82,2671438,341300.0,348186.0,986.2,1001.8,981.3,986.2,119691750,1084.8,887.6,1102.5,649.1,998.9,96,2,998.8,1626,5,998.7,803,9,998.6,4983,20,998.5,1721,10,999.3,504,7,999.4,1429,9,999.5,998,7,999.6,915,13,999.7,1523,13
317,2025-11-26 10:11:46+05:30,999.0,1,994.82,2671438,341300.0,348186.0,986.2,1001.8,981.3,986.2,119691750,1084.8,887.6,1102.5,649.1,998.9,96,2,998.8,1626,5,998.7,803,9,998.6,4983,20,998.5,1721,10,999.3,504,7,999.4,1429,9,999.5,998,7,999.6,915,13,999.7,1523,13
317,2025-11-26 10:11:46+05:30,999.0,1,994.82,2671572,340845.0,348131.0,986.2,1001.8,981.3,986.2,119691750,1084.8,887.6,1102.5,649.1,998.9,4,1,998.8,1370,3,998.7,447,6,998.6,5151,21,998.5,1781,11,999.3,697,7,999.4,1269,8,999.5,1008,8,999.6,920,14,999.7,1307,13
317,2025-11-26 10:11:47+05:30,998.7,566,994.82,2671572,340845.0,348131.0,986.2,1001.8,981.3,986.2,119691750,1084.8,887.6,1102.5,649.1,998.9,4,1,998.8,1370,3,998.7,447,6,998.6,5151,21,998.5,1781,11,999.3,697,7,999.4,1269,8,999.5,1008,8,999.6,920,14,999.7,1307,13
317,2025-11-26 10:11:48+05:30,998.7,566,994.82,2673526,329815.0,357070.0,986.2,1001.8,981.3,986.2,119691750,1084.8,887.6,1102.5,649.1,998.6,10,1,998.5,26,2,998.2,116,2,998.1,458,3,998.0,685,10,998.7,175,3,998.8,396,5,998.9,362,6,999.0,775,8,999.1,1583,9
317,2025-11-26 10:11:48+05:30,998.7,5,994.82,2673526,329815.0,357070.0,986.2,1001.8,981.3,986.2,119691750,1084.8,887.6,1102.5,649.1,998.6,10,1,998.5,26,2,998.2,116,2,998.1,458,3,998.0,685,10,998.7,175,3,998.8,396,5,998.9,362,6,999.0,775,8,999.1,1583,9
317,2025-11-26 10:11:49+05:30,998.7,1,994.82,2673532,330799.0,356552.0,986.2,1001.8,981.3,986.2,119691750,1084.8,887.6,1102.5,649.1,998.6,10,1,998.5,26,2,998.2,318,3,998.1,458,3,998.0,2435,13,998.7,264,2,998.8,236,4,998.9,588,7,999.0,1014,10,999.1,1834,12
317,2025-11-26 10:11:49+05:30,998.1,42,994.82,2673532,330799.0,356552.0,986.2,1001.8,981.3,986.2,119691750,1084.8,887.6,1102.5,649.1,998.6,10,1,998.5,26,2,998.2,318,3,998.1,458,3,998.0,2435,13,998.7,264,2,998.8,236,4,998.9,588,7,999.0,1014,10,999.1,1834,12
317,2025-11-26 10:11:50+05:30,998.1,42,994.82,2673928,330929.0,356189.0,986.2,1001.8,981.3,986.2,119691750,1084.8,887.6,1102.5,649.1,998.2,85,1,998.1,322,4,998.0,2168,11,997.9,3414,15,997.8,1439,11,998.6,87,1,998.7,327,2,998.8,972,10,998.9,806,11,999.0,1312,17
317,2025-11-26 10:11:50+05:30,998.6,1,994.82,2673928,330929.0,356189.0,986.2,1001.8,981.3,986.2,119691750,1084.8,887.6,1102.5,649.1,998.2,85,1,998.1,322,4,998.0,2168,11,997.9,3414,15,997.8,1439,11,998.6,87,1,998.7,327,2,998.8,972,10,998.9,806,11,999.0,1312,17
317,2025-11-26 10:11:51+05:30,999.4,153,994.84,2683874,343275.0,342265.0,986.2,1001.8,981.3,986.2,119691750,1084.8,887.6,1102.5,649.1,999.0,2429,11,998.9,731,6,998.8,4238,9,998.7,1106,5,998.6,3888,7,999.4,440,1,999.5,1,1,999.7,644,4,999.8,578,5,999.9,3111,10
317,2025-11-26 10:11:51+05:30,999.4,153,994.84,2683874,343275.0,342265.0,986.2,1001.8,981.3,986.2,119691750,1084.8,887.6,1102.5,649.1,999.0,2429,11,998.9,731,6,998.8,4238,9,998.7,1106,5,998.6,3888,7,999.4,440,1,999.5,1,1,999.7,644,4,999.8,578,5,999.9,3111,10
317,2025-11-26 10:11:52+05:30,999.0,560,994.84,2685722,340469.0,346118.0,986.2,1001.8,981.3,986.2,119691750,1084.8,887.6,1102.5,649.1,999.0,3026,2,998.9,1019,7,998.8,637,7,998.7,1261,11,998.6,2044,9,999.4,440,1,999.5,91,2,999.6,392,4,999.7,1314,10,999.8,1385,12
317,2025-11-26 10:11:52+05:30,999.0,1,994.84,2685722,340469.0,346118.0,986.2,1001.8,981.3,986.2,119691750,1084.8,887.6,1102.5,649.1,999.0,3026,2,998.9,1019,7,998.8,637,7,998.7,1261,11,998.6,2044,9,999.4,440,1,999.5,91,2,999.6,392,4,999.7,1314,10,999.8,1385,12
317,2025-11-26 10:11:53+05:30,999.0,357,994.84,2686080,340476.0,345979.0,986.2,1001.8,981.3,986.2,119691750,1084.8,887.6,1102.5,649.1,999.0,3037,4,998.9,989,7,998.8,582,6,998.7,991,11,998.6,2294,10,999.4,440,1,999.5,91,2,999.6,912,5,999.7,1314,10,999.8,1385,12
317,2025-11-26 10:11:53+05:30,999.0,357,994.84,2686080,340476.0,345979.0,986.2,1001.8,981.3,986.2,119691750,1084.8,887.6,1102.5,649.1,999.0,3037,4,998.9,989,7,998.8,582,6,998.7,991,11,998.6,2294,10,999.4,440,1,999.5,91,2,999.6,912,5,999.7,1314,10,999.8,1385,12
317,2025-11-26 10:11:54+05:30,999.0,7,994.84,2686199,340496.0,346516.0,986.2,1001.8,981.3,986.2,119691750,1084.8,887.6,1102.5,649.1,999.0,3030,4,998.9,716,6,998.8,838,8,998.7,936,10,998.6,2044,9,999.4,480,3,999.5,298,4,999.6,873,5,999.7,1338,10,999.8,1385,12
317,2025-11-26 10:11:54+05:30,999.0,7,994.84,2686199,340496.0,346516.0,986.2,1001.8,981.3,986.2,119691750,1084.8,887.6,1102.5,649.1,999.0,3030,4,998.9,716,6,998.8,838,8,998.7,936,10,998.6,2044,9,999.4,480,3,999.5,298,4,999.6,873,5,999.7,1338,10,999.8,1385,12
317,2025-11-26 10:11:55+05:30,999.0,4,994.84,2686203,340545.0,346566.0,986.2,1001.8,981.3,986.2,119691750,1084.8,887.6,1102.5,649.1,999.0,3026,4,998.9,685,5,998.8,838,8,998.7,936,10,998.6,2099,10,999.4,480,3,999.5,298,4,999.6,873,5,999.7,1338,10,999.8,1385,12
317,2025-11-26 10:11:55+05:30,999.0,4,994.84,2686203,340545.0,346566.0,986.2,1001.8,981.3,986.2,119691750,1084.8,887.6,1102.5,649.1,999.0,3026,4,998.9,685,5,998.8,838,8,998.7,936,10,998.6,2099,10,999.4,480,3,999.5,298,4,999.6,873,5,999.7,1338,10,999.8,1385,12
317,2025-11-26 10:11:56+05:30,999.0,5,994.84,2686208,340653.0,346771.0,986.2,1001.8,981.3,986.2,119691750,1084.8,887.6,1102.5,649.1,999.0,3051,5,998.9,685,5,998.8,838,8,998.7,1186,11,998.6,2099,10,999.4,480,3,999.5,298,4,999.6,875,6,999.7,1391,11,999.8,1385,12
317,2025-11-26 10:11:56+05:30,999.0,5,994.84,2686208,340653.0,346771.0,986.2,1001.8,981.3,986.2,119691750,1084.8,887.6,1102.5,649.1,999.0,3051,5,998.9,685,5,998.8,838,8,998.7,1186,11,998.6,2099,10,999.4,480,3,999.5,298,4,999.6,875,6,999.7,1391,11,999.8,1385,12
317,2025-11-26 10:11:57+05:30,999.0,50,994.84,2686308,340602.0,346347.0,986.2,1001.8,981.3,986.2,119691750,1084.8,887.6,1102.5,649.1,999.0,3079,6,998.9,685,5,998.8,838,8,998.7,1265,12,998.6,2099,10,999.4,430,3,999.5,172,4,999.6,1120,8,999.7,896,11,999.8,1365,11
317,2025-11-26 10:11:57+05:30,999.0,50,994.84,2686308,340602.0,346347.0,986.2,1001.8,981.3,986.2,119691750,1084.8,887.6,1102.5,649.1,999.0,3079,6,998.9,685,5,998.8,838,8,998.7,1265,12,998.6,2099,10,999.4,430,3,999.5,172,4,999.6,1120,8,999.7,896,11,999.8,1365,11
317,2025-11-26 10:11:58+05:30,999.0,50,994.84,2686308,341140.0,348500.0,986.2,1001.8,981.3,986.2,119691750,1084.8,887.6,1102.5,649.1,999.0,3003,6,998.9,439,3,998.8,442,5,998.7,1009,10,998.6,4599,14,999.3,2000,1,999.4,430,3,999.5,172,4,999.6,916,8,999.7,898,12
317,2025-11-26 10:11:59+05:30,999.0,50,994.84,2686308,341169.0,348502.0,986.2,1001.8,981.3,986.2,119691750,1084.8,887.6,1102.5,649.1,999.0,3003,6,998.9,488,4,998.8,611,7,998.7,1259,11,998.6,4457,15,999.3,2000,1,999.4,430,3,999.5,93,3,999.6,916,8,999.7,900,13
317,2025-11-26 10:12:00+05:30,999.0,30,994.84,2686308,341169.0,348502.0,986.2,1001.8,981.3,986.2,119691750,1084.8,887.6,1102.5,649.1,999.0,3003,6,998.9,488,4,998.8,611,7,998.7,1259,11,998.6,4457,15,999.3,2000,1,999.4,430,3,999.5,93,3,999.6,916,8,999.7,900,13
317,2025-11-26 10:12:00+05:30,999.0,30,994.84,2686338,341270.0,348500.0,986.2,1001.8,981.3,986.2,119691750,1084.8,887.6,1102.5,649.1,999.0,2973,6,998.9,488,4,998.8,611,7,998.7,1259,11,998.6,4457,15,999.3,2000,1,999.4,430,3,999.5,93,3,999.6,918,9,999.7,896,11
317,2025-11-26 10:12:01+05:30,999.3,310,994.84,2686338,341270.0,348500.0,986.2,1001.8,981.3,986.2,119691750,1084.8,887.6,1102.5,649.1,999.0,2973,6,998.9,488,4,998.8,611,7,998.7,1259,11,998.6,4457,15,999.3,2000,1,999.4,430,3,999.5,93,3,999.6,918,9,999.7,896,11
317,2025-11-26 10:12:01+05:30,999.3,310,994.84,2686662,341438.0,347983.0,986.2,1001.8,981.3,986.2,119691750,1084.8,887.6,1102.5,649.1,999.0,3019,7,998.9,625,5,998.8,596,7,998.7,1259,11,998.6,4457,15,999.3,1690,1,999.4,430,3,999.5,93,3,999.6,490,7,999.7,896,11
317,2025-11-26 10:12:02+05:30,999.0,1,994.84,2686662,341438.0,347983.0,986.2,1001.8,981.3,986.2,119691750,1084.8,887.6,1102.5,649.1,999.0,3019,7,998.9,625,5,998.8,596,7,998.7,1259,11,998.6,4457,15,999.3,1690,1,999.4,430,3,999.5,93,3,999.6,490,7,999.7,896,11
317,2025-11-26 10:12:03+05:30,999.0,1,994.84,2686664,341669.0,347975.0,986.2,1001.8,981.3,986.2,119691750,1084.8,887.6,1102.5,649.1,999.0,3066,8,998.9,887,7,998.8,702,8,998.7,1069,10,998.6,5902,16,999.3,1690,1,999.4,430,3,999.5,93,3,999.6,490,7,999.7,896,11
317,2025-11-26 10:12:03+05:30,999.0,5,994.84,2686664,341669.0,347975.0,986.2,1001.8,981.3,986.2,119691750,1084.8,887.6,1102.5,649.1,999.0,3066,8,998.9,887,7,998.8,702,8,998.7,1069,10,998.6,5902,16,999.3,1690,1,999.4,430,3,999.5,93,3,999.6,490,7,999.7,896,11
317,2025-11-26 10:12:04+05:30,999.3,750,994.84,2687665,343140.0,346598.0,986.2,1001.8,981.3,986.2,119691750,1084.8,887.6,1102.5,649.1,999.0,3028,10,998.9,491,4,998.8,710,7,998.7,1413,10,998.6,1588,10,999.3,937,1,999.4,40,2,999.5,145,4,999.6,480,6,999.7,631,7
317,2025-11-26 10:12:04+05:30,999.3,750,994.84,2687665,343140.0,346598.0,986.2,1001.8,981.3,986.2,119691750,1084.8,887.6,1102.5,649.1,999.0,3028,10,998.9,491,4,998.8,710,7,998.7,1413,10,998.6,1588,10,999.3,937,1,999.4,40,2,999.5,145,4,999.6,480,6,999.7,631,7
317,2025-11-26 10:12:05+05:30,999.3,750,994.84,2687665,344346.0,346399.0,986.2,1001.8,981.3,986.2,119691750,1084.8,887.6,1102.5,649.1,999.0,4055,13,998.9,927,8,998.8,1350,10,998.7,973,8,998.6,4588,14,999.3,937,1,999.4,40,2,999.5,55,3,999.6,431,5,999.7,694,7
317,2025-11-26 10:12:05+05:30,999.3,30,994.84,2687665,344346.0,346399.0,986.2,1001.8,981.3,986.2,119691750,1084.8,887.6,1102.5,649.1,999.0,4055,13,998.9,927,8,998.8,1350,10,998.7,973,8,998.6,4588,14,999.3,937,1,999.4,40,2,999.5,55,3,999.6,431,5,999.7,694,7
317,2025-11-26 10:12:06+05:30,999.3,30,994.85,2687933,343183.0,346755.0,986.2,1001.8,981.3,986.2,119691750,1084.8,887.6,1102.5,649.1,999.0,2811,9,998.9,1192,10,998.8,1010,8,998.7,973,8,998.6,4088,14,999.3,946,2,999.4,1,1,999.5,55,3,999.6,431,5,999.7,694,7
317,2025-11-26 10:12:07+05:30,999.3,30,994.85,2687933,344015.0,346795.0,986.2,1001.8,981.3,986.2,119691750,1084.8,887.6,1102.5,649.1,999.1,75,1,999.0,3914,13,998.9,918,8,998.8,1260,9,998.7,979,9,999.3,946,2,999.4,1,1,999.5,95,4,999.6,431,5,999.7,694,7
317,2025-11-26 10:12:08+05:30,999.3,1,994.85,2687934,343994.0,346975.0,986.2,1001.8,981.3,986.2,119691750,1084.8,887.6,1102.5,649.1,999.1,75,1,999.0,3698,11,998.9,1029,8,998.8,1260,9,998.7,979,9,999.3,945,2,999.4,1,1,999.5,95,4,999.6,431,5,999.7,707,8
317,2025-11-26 10:12:08+05:30,999.3,1,994.85,2687934,343994.0,346975.0,986.2,1001.8,981.3,986.2,119691750,1084.8,887.6,1102.5,649.1,999.1,75,1,999.0,3698,11,998.9,1029,8,998.8,1260,9,998.7,979,9,999.3,945,2,999.4,1,1,999.5,95,4,999.6,431,5,999.7,707,8
317,2025-11-26 10:12:09+05:30,999.1,20,994.85,2687954,343223.0,346890.0,986.2,1001.8,981.3,986.2,119691750,1084.8,887.6,1102.5,649.1,999.1,81,2,999.0,2718,8,998.9,1153,8,998.8,1070,8,998.7,1182,11,999.3,945,2,999.4,1,1,999.5,95,4,999.6,326,4,999.7,717,9
317,2025-11-26 10:12:09+05:30,999.1,20,994.85,2687954,343223.0,346890.0,986.2,1001.8,981.3,986.2,119691750,1084.8,887.6,1102.5,649.1,999.1,81,2,999.0,2718,8,998.9,1153,8,998.8,1070,8,998.7,1182,11,999.3,945,2,999.4,1,1,999.5,95,4,999.6,326,4,999.7,717,9
317,2025-11-26 10:12:10+05:30,999.1,20,994.85,2687954,343253.0,347096.0,986.2,1001.8,981.3,986.2,119691750,1084.8,887.6,1102.5,649.1,999.1,81,2,999.0,2718,8,998.9,1155,9,998.8,820,7,998.7,1426,11,999.3,945,2,999.4,1,1,999.5,95,4,999.6,326,4,999.7,1295,10
317,2025-11-26 10:12:11+05:30,999.1,20,994.85,2687954,343753.0,347033.0,986.2,1001.8,981.3,986.2,119691750,1084.8,887.6,1102.5,649.1,999.1,130,3,999.0,3218,9,998.9,1182,10,998.8,1070,8,998.7,1176,10,999.3,945,2,999.4,1,1,999.5,95,4,999.6,326,4,999.7,1295,10
317,2025-11-26 10:12:12+05:30,999.3,1,994.85,2687990,343685.0,347300.0,986.2,1001.8,981.3,986.2,119691750,1084.8,887.6,1102.5,649.1,999.1,218,4,999.0,3350,10,998.9,1058,10,998.8,1260,9,998.7,747,7,999.3,909,2,999.4,46,2,999.5,53,2,999.6,214,3,999.7,605,8
317,2025-11-26 10:12:12+05:30,999.3,1,994.85,2687990,343685.0,347300.0,986.2,1001.8,981.3,986.2,119691750,1084.8,887.6,1102.5,649.1,999.1,218,4,999.0,3350,10,998.9,1058,10,998.8,1260,9,998.7,747,7,999.3,909,2,999.4,46,2,999.5,53,2,999.6,214,3,999.7,605,8
317,2025-11-26 10:12:13+05:30,999.3,1,994.85,2687990,349635.0,347264.0,986.2,1001.8,981.3,986.2,119691750,1084.8,887.6,1102.5,649.1,999.2,112,1,999.1,218,4,999.0,7815,14,998.9,1361,11,998.8,929,8,999.3,916,3,999.4,46,2,999.5,53,2,999.6,135,2,999.7,595,7
317,2025-11-26 10:12:13+05:30,999.3,2,994.85,2687990,349635.0,347264.0,986.2,1001.8,981.3,986.2,119691750,1084.8,887.6,1102.5,649.1,999.2,112,1,999.1,218,4,999.0,7815,14,998.9,1361,11,998.8,929,8,999.3,916,3,999.4,46,2,999.5,53,2,999.6,135,2,999.7,595,7
317,2025-11-26 10:12:14+05:30,999.3,3,994.85,2688065,348895.0,347172.0,986.2,1001.8,981.3,986.2,119691750,1084.8,887.6,1102.5,649.1,999.2,112,1,999.1,433,6,999.0,6942,13,998.9,1361,11,998.8,916,7,999.3,841,3,999.4,46,2,999.5,53,2,999.6,133,1,999.7,370,7
317,2025-11-26 10:12:14+05:30,999.3,3,994.85,2688065,348895.0,347172.0,986.2,1001.8,981.3,986.2,119691750,1084.8,887.6,1102.5,649.1,999.2,112,1,999.1,433,6,999.0,6942,13,998.9,1361,11,998.8,916,7,999.3,841,3,999.4,46,2,999.5,53,2,999.6,133,1,999.7,370,7
317,2025-11-26 10:12:15+05:30,999.2,7,994.85,2688184,347522.0,347379.0,986.2,1001.8,981.3,986.2,119691750,1084.8,887.6,1102.5,649.1,999.2,19,1,999.1,324,4,999.0,7050,12,998.9,946,7,998.8,1115,10,999.3,841,3,999.4,46,2,999.5,53,2,999.6,133,1,999.7,792,9
317,2025-11-26 10:12:15+05:30,999.2,7,994.85,2688184,347522.0,347379.0,986.2,1001.8,981.3,986.2,119691750,1084.8,887.6,1102.5,649.1,999.2,19,1,999.1,324,4,999.0,7050,12,998.9,946,7,998.8,1115,10,999.3,841,3,999.4,46,2,999.5,53,2,999.6,133,1,999.7,792,9
317,2025-11-26 10:12:16+05:30,999.1,26,994.85,2688184,347522.0,347379.0,986.2,1001.8,981.3,986.2,119691750,1084.8,887.6,1102.5,649.1,999.2,19,1,999.1,324,4,999.0,7050,12,998.9,946,7,998.8,1115,10,999.3,841,3,999.4,46,2,999.5,53,2,999.6,133,1,999.7,792,9
317,2025-11-26 10:12:16+05:30,999.1,26,994.85,2688284,347269.0,347598.0,986.2,1001.8,981.3,986.2,119691750,1084.8,887.6,1102.5,649.1,999.1,173,3,999.0,6975,12,998.9,1142,8,998.8,1169,10,998.7,803,9,999.3,889,4,999.4,46,2,999.5,1,1,999.6,335,2,999.7,792,9
317,2025-11-26 10:12:17+05:30,999.1,5,994.85,2688284,347269.0,347598.0,986.2,1001.8,981.3,986.2,119691750,1084.8,887.6,1102.5,649.1,999.1,173,3,999.0,6975,12,998.9,1142,8,998.8,1169,10,998.7,803,9,999.3,889,4,999.4,46,2,999.5,1,1,999.6,335,2,999.7,792,9
317,2025-11-26 10:12:18+05:30,999.1,5,994.85,2688289,347289.0,349408.0,986.2,1001.8,981.3,986.2,119691750,1084.8,887.6,1102.5,649.1,999.1,168,3,999.0,7025,13,998.9,1180,10,998.8,1169,10,998.7,790,8,999.3,889,4,999.4,46,2,999.5,1,1,999.6,335,2,999.7,792,9
317,2025-11-26 10:12:19+05:30,999.3,3,994.85,2688289,347289.0,349408.0,986.2,1001.8,981.3,986.2,119691750,1084.8,887.6,1102.5,649.1,999.1,168,3,999.0,7025,13,998.9,1180,10,998.8,1169,10,998.7,790,8,999.3,889,4,999.4,46,2,999.5,1,1,999.6,335,2,999.7,792,9
317,2025-11-26 10:12:19+05:30,999.3,3,994.85,2688292,347489.0,348700.0,986.2,1001.8,981.3,986.2,119691750,1084.8,887.6,1102.5,649.1,999.1,350,5,999.0,7590,17,998.9,1044,9,998.8,1169,10,998.7,790,8,999.3,886,4,999.4,46,2,999.5,1,1,999.6,133,1,999.7,589,7
317,2025-11-26 10:12:20+05:30,999.1,1,994.85,2688293,348917.0,348002.0,986.2,1001.8,981.3,986.2,119691750,1084.8,887.6,1102.5,649.1,999.1,474,6,999.0,7454,16,998.9,1044,9,998.8,1169,10,998.7,3790,12,999.3,886,4,999.4,46,2,999.5,1,1,999.6,134,2,999.7,589,7
317,2025-11-26 10:12:20+05:30,999.1,1,994.85,2688293,348917.0,348002.0,986.2,1001.8,981.3,986.2,119691750,1084.8,887.6,1102.5,649.1,999.1,474,6,999.0,7454,16,998.9,1044,9,998.8,1169,10,998.7,3790,12,999.3,886,4,999.4,46,2,999.5,1,1,999.6,134,2,999.7,589,7
317,2025-11-26 10:12:21+05:30,999.4,45,994.85,2689413,353438.0,344094.0,986.2,1001.8,981.3,986.2,119691750,1084.8,887.6,1102.5,649.1,999.2,1104,8,999.1,768,8,999.0,7981,17,998.9,978,10,998.8,6091,19,999.4,46,2,999.5,1,1,999.7,44,3,999.8,611,3,999.9,2737,6
317,2025-11-26 10:12:21+05:30,999.4,45,994.85,2689413,353438.0,344094.0,986.2,1001.8,981.3,986.2,119691750,1084.8,887.6,1102.5,649.1,999.2,1104,8,999.1,768,8,999.0,7981,17,998.9,978,10,998.8,6091,19,999.4,46,2,999.5,1,1,999.7,44,3,999.8,611,3,999.9,2737,6
317,2025-11-26 10:12:22+05:30,999.2,27,994.85,2689651,350360.0,345533.0,986.2,1001.8,981.3,986.2,119691750,1084.8,887.6,1102.5,649.1,999.2,1111,6,999.1,478,6,999.0,8006,16,998.9,948,10,998.8,3802,15,999.4,46,2,999.5,1,1,999.7,246,4,999.8,833,5,999.9,2816,7
317,2025-11-26 10:12:22+05:30,999.1,10,994.85,2689651,350360.0,345533.0,986.2,1001.8,981.3,986.2,119691750,1084.8,887.6,1102.5,649.1,999.2,1111,6,999.1,478,6,999.0,8006,16,998.9,948,10,998.8,3802,15,999.4,46,2,999.5,1,1,999.7,246,4,999.8,833,5,999.9,2816,7
317,2025-11-26 10:12:23+05:30,999.1,1,994.85,2689779,351158.0,347267.0,986.2,1001.8,981.3,986.2,119691750,1084.8,887.6,1102.5,649.1,999.1,253,3,999.0,6804,12,998.9,837,6,998.8,2244,13,998.7,863,11,999.5,275,2,999.6,547,5,999.7,1069,10,999.8,1002,9,999.9,2914,10
317,2025-11-26 10:12:23+05:30,999.6,11,994.85,2689779,351158.0,347267.0,986.2,1001.8,981.3,986.2,119691750,1084.8,887.6,1102.5,649.1,999.1,253,3,999.0,6804,12,998.9,837,6,998.8,2244,13,998.7,863,11,999.5,275,2,999.6,547,5,999.7,1069,10,999.8,1002,9,999.9,2914,10
317,2025-11-26 10:12:24+05:30,999.6,20,994.85,2689820,351953.0,346169.0,986.2,1001.8,981.3,986.2,119691750,1084.8,887.6,1102.5,649.1,999.1,351,5,999.0,8022,18,998.9,1055,9,998.8,1839,11,998.7,867,11,999.7,518,5,999.8,998,7,999.9,2969,12,1000.0,3420,32,1000.1,1111,10
317,2025-11-26 10:12:24+05:30,999.6,20,994.85,2689820,351953.0,346169.0,986.2,1001.8,981.3,986.2,119691750,1084.8,887.6,1102.5,649.1,999.1,351,5,999.0,8022,18,998.9,1055,9,998.8,1839,11,998.7,867,11,999.7,518,5,999.8,998,7,999.9,2969,12,1000.0,3420,32,1000.1,1111,10
317,2025-11-26 10:12:25+05:30,999.1,5,994.85,2689825,351874.0,346218.0,986.2,1001.8,981.3,986.2,119691750,1084.8,887.6,1102.5,649.1,999.1,261,4,999.0,7854,16,998.9,1055,9,998.8,1882,12,998.7,992,12,999.6,441,5,999.7,436,5,999.8,1534,9,999.9,3005,12,1000.0,3420,32
317,2025-11-26 10:12:25+05:30,999.1,1,994.85,2689825,351874.0,346218.0,986.2,1001.8,981.3,986.2,119691750,1084.8,887.6,1102.5,649.1,999.1,261,4,999.0,7854,16,998.9,1055,9,998.8,1882,12,998.7,992,12,999.6,441,5,999.7,436,5,999.8,1534,9,999.9,3005,12,1000.0,3420,32
317,2025-11-26 10:12:26+05:30,999.1,1,994.85,2689826,351237.0,347293.0,986.2,1001.8,981.3,986.2,119691750,1084.8,887.6,1102.5,649.1,999.1,179,3,999.0,6726,12,998.9,1130,8,998.8,1931,12,998.7,901,13,999.5,470,3,999.6,332,6,999.7,1050,10,999.8,1640,9,999.9,3018,13
317,2025-11-26 10:12:27+05:30,999.1,1,994.85,2689826,348799.0,346819.0,986.2,1001.8,981.3,986.2,119691750,1084.8,887.6,1102.5,649.1,999.1,491,7,999.0,7979,17,998.9,1686,10,998.8,1056,10,998.7,4686,20,999.6,5,2,999.7,558,6,999.8,1193,8,999.9,3173,14,1000.0,3501,33
317,2025-11-26 10:12:28+05:30,999.0,29,994.85,2690626,348979.0,347037.0,986.2,1001.8,981.3,986.2,119691750,1084.8,887.6,1102.5,649.1,999.1,563,7,999.0,8221,20,998.9,1582,8,998.8,1020,10,998.7,4601,18,999.6,3,1,999.7,751,8,999.8,1345,10,999.9,3048,13,1000.0,3610,33
317,2025-11-26 10:12:28+05:30,999.0,29,994.85,2690626,348979.0,347037.0,986.2,1001.8,981.3,986.2,119691750,1084.8,887.6,1102.5,649.1,999.1,563,7,999.0,8221,20,998.9,1582,8,998.8,1020,10,998.7,4601,18,999.6,3,1,999.7,751,8,999.8,1345,10,999.9,3048,13,1000.0,3610,33
317,2025-11-26 10:12:29+05:30,999.1,43,994.85,2690864,348532.0,347666.0,986.2,1001.8,981.3,986.2,119691750,1084.8,887.6,1102.5,649.1,999.1,49,2,999.0,7183,17,998.9,1924,11,998.8,1165,10,998.7,2775,18,999.6,494,5,999.7,1121,11,999.8,1328,11,999.9,3088,15,1000.0,3806,34
317,2025-11-26 10:12:29+05:30,999.1,43,994.85,2690864,348532.0,347666.0,986.2,1001.8,981.3,986.2,119691750,1084.8,887.6,1102.5,649.1,999.1,49,2,999.0,7183,17,998.9,1924,11,998.8,1165,10,998.7,2775,18,999.6,494,5,999.7,1121,11,999.8,1328,11,999.9,3088,15,1000.0,3806,34
317,2025-11-26 10:12:30+05:30,999.3,99,994.85,2690963,348235.0,349238.0,986.2,1001.8,981.3,986.2,119691750,1084.8,887.6,1102.5,649.1,999.3,36,2,999.2,35,1,999.1,84,3,999.0,7104,16,998.9,1093,8,999.5,224,2,999.6,610,6,999.7,953,9,999.8,1535,12,999.9,3281,17
317,2025-11-26 10:12:30+05:30,999.3,99,994.85,2690963,348235.0,349238.0,986.2,1001.8,981.3,986.2,119691750,1084.8,887.6,1102.5,649.1,999.3,36,2,999.2,35,1,999.1,84,3,999.0,7104,16,998.9,1093,8,999.5,224,2,999.6,610,6,999.7,953,9,999.8,1535,12,999.9,3281,17
317,2025-11-26 10:12:31+05:30,999.3,99,994.85,2690963,348268.0,349288.0,986.2,1001.8,981.3,986.2,119691750,1084.8,887.6,1102.5,649.1,999.3,64,3,999.2,35,1,999.1,84,3,999.0,7078,15,998.9,1093,8,999.5,224,2,999.6,610,6,999.7,1032,10,999.8,1535,12,999.9,3281,17
317,2025-11-26 10:12:32+05:30,999.3,99,994.85,2690963,349675.0,348104.0,986.2,1001.8,981.3,986.2,119691750,1084.8,887.6,1102.5,649.1,999.3,64,3,999.2,265,4,999.1,569,7,999.0,7453,19,998.9,974,10,999.6,3,1,999.7,595,8,999.8,1515,11,999.9,3144,12,1000.0,3130,28
317,2025-11-26 10:12:33+05:30,999.3,99,994.85,2690963,349759.0,348481.0,986.2,1001.8,981.3,986.2,119691750,1084.8,887.6,1102.5,649.1,999.4,147,2,999.3,64,3,999.2,239,3,999.1,397,5,999.0,7591,21,999.5,300,1,999.6,3,1,999.7,588,8,999.8,1078,9,999.9,3144,12
317,2025-11-26 10:12:34+05:30,999.3,99,994.85,2690963,350051.0,349581.0,986.2,1001.8,981.3,986.2,119691750,1084.8,887.6,1102.5,649.1,999.4,147,2,999.3,64,3,999.2,239,3,999.1,397,5,999.0,7591,21,999.5,300,1,999.6,3,1,999.7,588,8,999.8,1078,9,999.9,3144,12
317,2025-11-26 10:12:35+05:30,999.7,6,994.85,2691326,352586.0,345816.0,986.2,1001.8,981.3,986.2,119691750,1084.8,887.6,1102.5,649.1,999.4,259,5,999.3,1586,11,999.2,1322,13,999.1,1782,14,999.0,7412,22,999.7,103,4,999.9,2564,6,1000.0,4076,24,1000.1,870,8,1000.2,906,9
317,2025-11-26 10:12:35+05:30,999.7,6,994.85,2691326,352586.0,345816.0,986.2,1001.8,981.3,986.2,119691750,1084.8,887.6,1102.5,649.1,999.4,259,5,999.3,1586,11,999.2,1322,13,999.1,1782,14,999.0,7412,22,999.7,103,4,999.9,2564,6,1000.0,4076,24,1000.1,870,8,1000.2,906,9
317,2025-11-26 10:12:36+05:30,999.7,5,994.85,2691326,352586.0,345816.0,986.2,1001.8,981.3,986.2,119691750,1084.8,887.6,1102.5,649.1,999.4,259,5,999.3,1586,11,999.2,1322,13,999.1,1782,14,999.0,7412,22,999.7,103,4,999.9,2564,6,1000.0,4076,24,1000.1,870,8,1000.2,906,9
317,2025-11-26 10:12:37+05:30,999.7,5,994.85,2691450,350446.0,347190.0,986.2,1001.8,981.3,986.2,119691750,1084.8,887.6,1102.5,649.1,999.4,35,2,999.3,588,7,999.2,730,9,999.1,1867,12,999.0,7291,21,999.7,98,4,999.9,2784,7,1000.0,4076,24,1000.1,1038,11,1000.2,1197,13
317,2025-11-26 10:12:37+05:30,999.7,1,994.85,2691450,350446.0,347190.0,986.2,1001.8,981.3,986.2,119691750,1084.8,887.6,1102.5,649.1,999.4,35,2,999.3,588,7,999.2,730,9,999.1,1867,12,999.0,7291,21,999.7,98,4,999.9,2784,7,1000.0,4076,24,1000.1,1038,11,1000.2,1197,13
317,2025-11-26 10:12:38+05:30,999.7,1,994.85,2691454,350712.0,347584.0,986.2,1001.8,981.3,986.2,119691750,1084.8,887.6,1102.5,649.1,999.4,28,1,999.3,146,4,999.2,758,9,999.1,867,10,999.0,8527,24,999.7,94,2,999.8,581,6,999.9,2963,9,1000.0,4305,27,1000.1,1061,13
317,2025-11-26 10:12:38+05:30,999.7,5,994.85,2691454,350712.0,347584.0,986.2,1001.8,981.3,986.2,119691750,1084.8,887.6,1102.5,649.1,999.4,28,1,999.3,146,4,999.2,758,9,999.1,867,10,999.0,8527,24,999.7,94,2,999.8,581,6,999.9,2963,9,1000.0,4305,27,1000.1,1061,13
317,2025-11-26 10:12:39+05:30,999.7,5,994.85,2691498,350774.0,347541.0,986.2,1001.8,981.3,986.2,119691750,1084.8,887.6,1102.5,649.1,999.4,28,1,999.3,193,6,999.2,764,9,999.1,1617,11,999.0,7737,22,999.7,50,1,999.8,413,5,999.9,2963,9,1000.0,4384,28,1000.1,1057,12
317,2025-11-26 10:12:39+05:30,999.3,8,994.85,2691498,350774.0,347541.0,986.2,1001.8,981.3,986.2,119691750,1084.8,887.6,1102.5,649.1,999.4,28,1,999.3,193,6,999.2,764,9,999.1,1617,11,999.0,7737,22,999.7,50,1,999.8,413,5,999.9,2963,9,1000.0,4384,28,1000.1,1057,12
317,2025-11-26 10:12:40+05:30,999.3,8,994.85,2692098,349630.0,347768.0,986.2,1001.8,981.3,986.2,119691750,1084.8,887.6,1102.5,649.1,999.5,6,2,999.3,144,4,999.2,313,3,999.1,1648,11,999.0,7874,23,999.8,851,9,999.9,3112,12,1000.0,4285,27,1000.1,848,10,1000.2,1102,10
317,2025-11-26 10:12:40+05:30,999.7,44,994.85,2692098,349630.0,347768.0,986.2,1001.8,981.3,986.2,119691750,1084.8,887.6,1102.5,649.1,999.5,6,2,999.3,144,4,999.2,313,3,999.1,1648,11,999.0,7874,23,999.8,851,9,999.9,3112,12,1000.0,4285,27,1000.1,848,10,1000.2,1102,10
317,2025-11-26 10:12:41+05:30,999.7,44,994.85,2692297,351157.0,348950.0,986.2,1001.8,981.3,986.2,119691750,1084.8,887.6,1102.5,649.1,999.3,23,1,999.2,568,8,999.1,1455,11,999.0,7413,20,998.9,5429,15,999.4,100,1,999.7,362,4,999.8,627,8,999.9,3063,12,1000.0,4430,29
317,2025-11-26 10:12:41+05:30,999.8,8,994.85,2692297,351157.0,348950.0,986.2,1001.8,981.3,986.2,119691750,1084.8,887.6,1102.5,649.1,999.3,23,1,999.2,568,8,999.1,1455,11,999.0,7413,20,998.9,5429,15,999.4,100,1,999.7,362,4,999.8,627,8,999.9,3063,12,1000.0,4430,29
317,2025-11-26 10:12:42+05:30,999.7,10,994.85,2693065,348631.0,345324.0,986.2,1001.8,981.3,986.2,119691750,1084.8,887.6,1102.5,649.1,999.4,87,1,999.3,456,7,999.2,384,5,999.1,2197,11,999.0,7654,21,999.8,254,2,999.9,2397,6,1000.0,4031,25,1000.1,780,11,1000.2,1053,10
317,2025-11-26 10:12:42+05:30,999.4,1,994.85,2693110,350174.0,344674.0,986.2,1001.8,981.3,986.2,119691750,1084.8,887.6,1102.5,649.1,999.4,193,4,999.3,840,11,999.2,525,6,999.1,2246,12,999.0,8277,21,999.8,127,1,999.9,2352,5,1000.0,3882,22,1000.1,810,11,1000.2,839,10
317,2025-11-26 10:12:42+05:30,999.4,1,994.85,2693110,350174.0,344674.0,986.2,1001.8,981.3,986.2,119691750,1084.8,887.6,1102.5,649.1,999.4,193,4,999.3,840,11,999.2,525,6,999.1,2246,12,999.0,8277,21,999.8,127,1,999.9,2352,5,1000.0,3882,22,1000.1,810,11,1000.2,839,10
317,2025-11-26 10:12:43+05:30,999.3,35,994.85,2693110,350174.0,344674.0,986.2,1001.8,981.3,986.2,119691750,1084.8,887.6,1102.5,649.1,999.4,193,4,999.3,840,11,999.2,525,6,999.1,2246,12,999.0,8277,21,999.8,127,1,999.9,2352,5,1000.0,3882,22,1000.1,810,11,1000.2,839,10
317,2025-11-26 10:12:44+05:30,999.3,35,994.85,2693453,349493.0,345627.0,986.2,1001.8,981.3,986.2,119691750,1084.8,887.6,1102.5,649.1,999.4,85,1,999.3,350,8,999.2,597,7,999.1,2137,10,999.0,8277,21,999.8,114,3,999.9,2844,10,1000.0,4116,24,1000.1,837,9,1000.2,1041,10
317,2025-11-26 10:12:44+05:30,999.8,2,994.85,2693453,349493.0,345627.0,986.2,1001.8,981.3,986.2,119691750,1084.8,887.6,1102.5,649.1,999.4,85,1,999.3,350,8,999.2,597,7,999.1,2137,10,999.0,8277,21,999.8,114,3,999.9,2844,10,1000.0,4116,24,1000.1,837,9,1000.2,1041,10
317,2025-11-26 10:12:45+05:30,999.8,2,994.85,2693455,349774.0,345878.0,986.2,1001.8,981.3,986.2,119691750,1084.8,887.6,1102.5,649.1,999.4,241,3,999.3,350,8,999.2,1356,8,999.1,1393,10,999.0,8297,22,999.8,112,3,999.9,2590,8,1000.0,4370,26,1000.1,837,9,1000.2,1124,14
317,2025-11-26 10:12:45+05:30,999.8,1,994.85,2693455,349774.0,345878.0,986.2,1001.8,981.3,986.2,119691750,1084.8,887.6,1102.5,649.1,999.4,241,3,999.3,350,8,999.2,1356,8,999.1,1393,10,999.0,8297,22,999.8,112,3,999.9,2590,8,1000.0,4370,26,1000.1,837,9,1000.2,1124,14
317,2025-11-26 10:12:46+05:30,999.8,1,994.85,2693456,350116.0,345877.0,986.2,1001.8,981.3,986.2,119691750,1084.8,887.6,1102.5,649.1,999.4,275,4,999.3,729,11,999.2,1089,5,999.1,1411,12,999.0,8297,22,999.8,111,3,999.9,2590,8,1000.0,4370,26,1000.1,837,9,1000.2,1124,14
317,2025-11-26 10:12:47+05:30,999.8,1,994.85,2693456,352463.0,344341.0,986.2,1001.8,981.3,986.2,119691750,1084.8,887.6,1102.5,649.1,999.4,670,8,999.3,1771,14,999.2,1714,14,999.1,4344,14,999.0,8297,22,999.8,2,2,999.9,2220,5,1000.0,3555,20,1000.1,665,5,1000.2,912,9
317,2025-11-26 10:12:47+05:30,999.4,1,994.85,2693456,352463.0,344341.0,986.2,1001.8,981.3,986.2,119691750,1084.8,887.6,1102.5,649.1,999.4,670,8,999.3,1771,14,999.2,1714,14,999.1,4344,14,999.0,8297,22,999.8,2,2,999.9,2220,5,1000.0,3555,20,1000.1,665,5,1000.2,912,9
317,2025-11-26 10:12:48+05:30,999.4,1,994.85,2693459,355762.0,343422.0,986.2,1001.8,981.3,986.2,119691750,1084.8,887.6,1102.5,649.1,999.6,201,4,999.5,531,6,999.4,5211,13,999.3,1939,12,999.2,2480,13,999.8,151,2,999.9,2220,5,1000.0,3374,20,1000.1,665,5,1000.2,731,6
317,2025-11-26 10:12:49+05:30,999.6,1,994.85,2693460,355722.0,343433.0,986.2,1001.8,981.3,986.2,119691750,1084.8,887.6,1102.5,649.1,999.6,974,6,999.5,531,6,999.4,5211,13,999.3,1161,10,999.2,2480,13,999.8,151,2,999.9,2220,5,1000.0,3374,20,1000.1,665,5,1000.2,731,6
317,2025-11-26 10:12:49+05:30,999.8,1,994.85,2693460,355722.0,343433.0,986.2,1001.8,981.3,986.2,119691750,1084.8,887.6,1102.5,649.1,999.6,974,6,999.5,531,6,999.4,5211,13,999.3,1161,10,999.2,2480,13,999.8,151,2,999.9,2220,5,1000.0,3374,20,1000.1,665,5,1000.2,731,6
317,2025-11-26 10:12:50+05:30,999.9,144,994.86,2693855,355194.0,342401.0,986.2,1001.8,981.3,986.2,119691750,1084.8,887.6,1102.5,649.1,999.6,1287,9,999.5,650,11,999.4,5891,13,999.3,2025,12,999.2,1657,12,999.9,1981,4,1000.0,3374,20,1000.1,336,3,1000.2,652,5,1000.3,717,6
317,2025-11-26 10:12:50+05:30,999.9,144,994.86,2693855,355194.0,342401.0,986.2,1001.8,981.3,986.2,119691750,1084.8,887.6,1102.5,649.1,999.6,1287,9,999.5,650,11,999.4,5891,13,999.3,2025,12,999.2,1657,12,999.9,1981,4,1000.0,3374,20,1000.1,336,3,1000.2,652,5,1000.3,717,6
317,2025-11-26 10:12:51+05:30,999.9,44,994.86,2693899,354461.0,342341.0,986.2,1001.8,981.3,986.2,119691750,1084.8,887.6,1102.5,649.1,999.6,1067,8,999.5,683,12,999.4,5141,12,999.3,1989,11,999.2,1877,13,999.9,2366,5,1000.0,3374,20,1000.1,336,3,1000.2,652,5,1000.3,750,7
317,2025-11-26 10:12:51+05:30,999.9,44,994.86,2693899,354461.0,342341.0,986.2,1001.8,981.3,986.2,119691750,1084.8,887.6,1102.5,649.1,999.6,1067,8,999.5,683,12,999.4,5141,12,999.3,1989,11,999.2,1877,13,999.9,2366,5,1000.0,3374,20,1000.1,336,3,1000.2,652,5,1000.3,750,7
317,2025-11-26 10:12:52+05:30,999.9,750,994.86,2694649,355742.0,340075.0,986.2,1001.8,981.3,986.2,119691750,1084.8,887.6,1102.5,649.1,999.6,1287,9,999.5,1433,13,999.4,5391,13,999.3,1739,10,999.2,1668,13,999.9,1616,5,1000.0,3375,21,1000.1,46,1,1000.2,232,3,1000.3,418,4
317,2025-11-26 10:12:52+05:30,999.6,3,994.86,2694649,355742.0,340075.0,986.2,1001.8,981.3,986.2,119691750,1084.8,887.6,1102.5,649.1,999.6,1287,9,999.5,1433,13,999.4,5391,13,999.3,1739,10,999.2,1668,13,999.9,1616,5,1000.0,3375,21,1000.1,46,1,1000.2,232,3,1000.3,418,4
317,2025-11-26 10:12:53+05:30,999.6,215,994.86,2694974,353190.0,343215.0,986.2,1001.8,981.3,986.2,119691750,1084.8,887.6,1102.5,649.1,999.6,559,2,999.5,215,6,999.4,5129,14,999.3,1861,12,999.2,1762,12,999.9,1685,6,1000.0,5253,26,1000.1,512,4,1000.2,518,5,1000.3,766,7
317,2025-11-26 10:12:53+05:30,999.9,100,994.86,2694974,353190.0,343215.0,986.2,1001.8,981.3,986.2,119691750,1084.8,887.6,1102.5,649.1,999.6,559,2,999.5,215,6,999.4,5129,14,999.3,1861,12,999.2,1762,12,999.9,1685,6,1000.0,5253,26,1000.1,512,4,1000.2,518,5,1000.3,766,7
317,2025-11-26 10:12:54+05:30,999.9,100,994.86,2695074,353510.0,343267.0,986.2,1001.8,981.3,986.2,119691750,1084.8,887.6,1102.5,649.1,999.7,112,1,999.6,608,3,999.5,775,11,999.4,5092,14,999.3,1995,12,999.9,1516,5,1000.0,4813,22,1000.1,380,3,1000.2,799,8,1000.3,771,8
317,2025-11-26 10:12:55+05:30,999.9,100,994.86,2695074,353510.0,343267.0,986.2,1001.8,981.3,986.2,119691750,1084.8,887.6,1102.5,649.1,999.7,112,1,999.6,608,3,999.5,775,11,999.4,5092,14,999.3,1995,12,999.9,1516,5,1000.0,4813,22,1000.1,380,3,1000.2,799,8,1000.3,771,8
317,2025-11-26 10:12:55+05:30,999.9,69,994.86,2695074,353510.0,343267.0,986.2,1001.8,981.3,986.2,119691750,1084.8,887.6,1102.5,649.1,999.7,112,1,999.6,608,3,999.5,775,11,999.4,5092,14,999.3,1995,12,999.9,1516,5,1000.0,4813,22,1000.1,380,3,1000.2,799,8,1000.3,771,8
317,2025-11-26 10:12:56+05:30,999.9,69,994.86,2695143,353510.0,342978.0,986.2,1001.8,981.3,986.2,119691750,1084.8,887.6,1102.5,649.1,999.7,112,1,999.6,608,3,999.5,775,11,999.4,5092,14,999.3,1995,12,999.9,1447,5,1000.0,4813,22,1000.1,160,2,1000.2,799,8,1000.3,771,8
317,2025-11-26 10:12:57+05:30,999.9,44,994.86,2695187,354895.0,342692.0,986.2,1001.8,981.3,986.2,119691750,1084.8,887.6,1102.5,649.1,999.7,112,1,999.6,1148,7,999.5,692,11,999.4,5092,14,999.3,1995,12,999.9,1403,5,1000.0,5013,23,1000.1,46,1,1000.2,571,5,1000.3,915,9
317,2025-11-26 10:12:57+05:30,999.7,1,994.86,2695187,354895.0,342692.0,986.2,1001.8,981.3,986.2,119691750,1084.8,887.6,1102.5,649.1,999.7,112,1,999.6,1148,7,999.5,692,11,999.4,5092,14,999.3,1995,12,999.9,1403,5,1000.0,5013,23,1000.1,46,1,1000.2,571,5,1000.3,915,9
317,2025-11-26 10:12:58+05:30,999.7,1,994.86,2695206,355026.0,342571.0,986.2,1001.8,981.3,986.2,119691750,1084.8,887.6,1102.5,649.1,999.7,223,4,999.6,1264,8,999.5,576,10,999.4,5092,14,999.3,1995,12,999.9,1445,6,1000.0,5013,23,1000.1,46,1,1000.2,351,4,1000.3,799,8
317,2025-11-26 10:12:59+05:30,999.7,1,994.86,2695206,355026.0,342924.0,986.2,1001.8,981.3,986.2,119691750,1084.8,887.6,1102.5,649.1,999.7,223,4,999.6,1264,8,999.5,576,10,999.4,5092,14,999.3,1995,12,999.9,1445,6,1000.0,5345,24,1000.1,46,1,1000.2,351,4,1000.3,799,8
317,2025-11-26 10:12:59+05:30,999.9,44,994.86,2695206,355026.0,342924.0,986.2,1001.8,981.3,986.2,119691750,1084.8,887.6,1102.5,649.1,999.7,223,4,999.6,1264,8,999.5,576,10,999.4,5092,14,999.3,1995,12,999.9,1445,6,1000.0,5345,24,1000.1,46,1,1000.2,351,4,1000.3,799,8
317,2025-11-26 10:13:00+05:30,999.9,1,994.86,2695281,354738.0,343298.0,986.2,1001.8,981.3,986.2,119691750,1084.8,887.6,1102.5,649.1,999.7,1653,5,999.6,1015,6,999.5,763,11,999.4,4057,15,999.3,1745,11,999.9,1390,6,1000.0,5345,24,1000.1,46,1,1000.2,358,3,1000.3,526,4
317,2025-11-26 10:13:00+05:30,999.9,1,994.86,2695281,354738.0,343298.0,986.2,1001.8,981.3,986.2,119691750,1084.8,887.6,1102.5,649.1,999.7,1653,5,999.6,1015,6,999.5,763,11,999.4,4057,15,999.3,1745,11,999.9,1390,6,1000.0,5345,24,1000.1,46,1,1000.2,358,3,1000.3,526,4
317,2025-11-26 10:13:01+05:30,999.9,1,994.86,2695281,354738.0,343298.0,986.2,1001.8,981.3,986.2,119691750,1084.8,887.6,1102.5,649.1,999.7,1653,5,999.6,1015,6,999.5,763,11,999.4,4057,15,999.3,1745,11,999.9,1390,6,1000.0,5345,24,1000.1,46,1,1000.2,358,3,1000.3,526,4
317,2025-11-26 10:13:01+05:30,999.9,44,994.86,2695325,355931.0,343382.0,986.2,1001.8,981.3,986.2,119691750,1084.8,887.6,1102.5,649.1,999.8,750,1,999.7,1941,7,999.6,1011,6,999.5,763,11,999.4,4057,15,999.9,1509,7,1000.0,5404,25,1000.2,138,2,1000.3,518,4,1000.4,759,8
317,2025-11-26 10:13:01+05:30,999.9,44,994.86,2695325,355931.0,343382.0,986.2,1001.8,981.3,986.2,119691750,1084.8,887.6,1102.5,649.1,999.8,750,1,999.7,1941,7,999.6,1011,6,999.5,763,11,999.4,4057,15,999.9,1509,7,1000.0,5404,25,1000.2,138,2,1000.3,518,4,1000.4,759,8
317,2025-11-26 10:13:01+05:30,999.9,91,994.86,2695325,355931.0,343382.0,986.2,1001.8,981.3,986.2,119691750,1084.8,887.6,1102.5,649.1,999.8,750,1,999.7,1941,7,999.6,1011,6,999.5,763,11,999.4,4057,15,999.9,1509,7,1000.0,5404,25,1000.2,138,2,1000.3,518,4,1000.4,759,8
317,2025-11-26 10:13:02+05:30,999.9,91,994.86,2695325,355931.0,343382.0,986.2,1001.8,981.3,986.2,119691750,1084.8,887.6,1102.5,649.1,999.8,750,1,999.7,1941,7,999.6,1011,6,999.5,763,11,999.4,4057,15,999.9,1509,7,1000.0,5404,25,1000.2,138,2,1000.3,518,4,1000.4,759,8
317,2025-11-26 10:13:02+05:30,999.9,488,994.86,2695914,355998.0,342634.0,986.2,1001.8,981.3,986.2,119691750,1084.8,887.6,1102.5,649.1,999.8,829,3,999.7,2049,7,999.6,1293,8,999.5,851,11,999.4,4057,15,999.9,927,7,1000.0,5404,25,1000.2,138,2,1000.3,306,3,1000.4,759,8
317,2025-11-26 10:13:02+05:30,999.9,44,994.86,2695914,355998.0,342634.0,986.2,1001.8,981.3,986.2,119691750,1084.8,887.6,1102.5,649.1,999.8,829,3,999.7,2049,7,999.6,1293,8,999.5,851,11,999.4,4057,15,999.9,927,7,1000.0,5404,25,1000.2,138,2,1000.3,306,3,1000.4,759,8
317,2025-11-26 10:13:02+05:30,999.9,44,994.86,2695914,355998.0,342634.0,986.2,1001.8,981.3,986.2,119691750,1084.8,887.6,1102.5,649.1,999.8,829,3,999.7,2049,7,999.6,1293,8,999.5,851,11,999.4,4057,15,999.9,927,7,1000.0,5404,25,1000.2,138,2,1000.3,306,3,1000.4,759,8
317,2025-11-26 10:13:03+05:30,999.9,44,994.86,2695914,355998.0,342634.0,986.2,1001.8,981.3,986.2,119691750,1084.8,887.6,1102.5,649.1,999.8,829,3,999.7,2049,7,999.6,1293,8,999.5,851,11,999.4,4057,15,999.9,927,7,1000.0,5404,25,1000.2,138,2,1000.3,306,3,1000.4,759,8
317,2025-11-26 10:13:03+05:30,999.9,20,994.86,2695988,355999.0,342746.0,986.2,1001.8,981.3,986.2,119691750,1084.8,887.6,1102.5,649.1,999.8,878,4,999.7,2049,7,999.6,1293,8,999.5,851,11,999.4,4057,15,999.9,853,7,1000.0,5404,25,1000.2,138,2,1000.3,306,3,1000.4,759,8
317,2025-11-26 10:13:03+05:30,999.9,20,994.86,2695988,355999.0,342746.0,986.2,1001.8,981.3,986.2,119691750,1084.8,887.6,1102.5,649.1,999.8,878,4,999.7,2049,7,999.6,1293,8,999.5,851,11,999.4,4057,15,999.9,853,7,1000.0,5404,25,1000.2,138,2,1000.3,306,3,1000.4,759,8
317,2025-11-26 10:13:03+05:30,999.8,100,994.86,2695988,355999.0,342746.0,986.2,1001.8,981.3,986.2,119691750,1084.8,887.6,1102.5,649.1,999.8,878,4,999.7,2049,7,999.6,1293,8,999.5,851,11,999.4,4057,15,999.9,853,7,1000.0,5404,25,1000.2,138,2,1000.3,306,3,1000.4,759,8
317,2025-11-26 10:13:03+05:30,999.8,100,994.86,2695988,355999.0,342746.0,986.2,1001.8,981.3,986.2,119691750,1084.8,887.6,1102.5,649.1,999.8,878,4,999.7,2049,7,999.6,1293,8,999.5,851,11,999.4,4057,15,999.9,853,7,1000.0,5404,25,1000.2,138,2,1000.3,306,3,1000.4,759,8
317,2025-11-26 10:13:04+05:30,999.8,100,994.86,2695988,355999.0,342746.0,986.2,1001.8,981.3,986.2,119691750,1084.8,887.6,1102.5,649.1,999.8,878,4,999.7,2049,7,999.6,1293,8,999.5,851,11,999.4,4057,15,999.9,853,7,1000.0,5404,25,1000.2,138,2,1000.3,306,3,1000.4,759,8
317,2025-11-26 10:13:04+05:30,999.9,5,994.86,2696973,355448.0,341177.0,986.2,1001.8,981.3,986.2,119691750,1084.8,887.6,1102.5,649.1,999.8,523,2,999.7,1873,5,999.6,1234,8,999.5,851,11,999.4,4107,16,999.9,524,2,1000.0,4904,24,1000.2,138,2,1000.3,549,6,1000.4,806,11
317,2025-11-26 10:13:04+05:30,999.9,5,994.86,2696973,355448.0,341177.0,986.2,1001.8,981.3,986.2,119756250,1084.8,887.6,1102.5,649.1,999.8,523,2,999.7,1873,5,999.6,1234,8,999.5,851,11,999.4,4107,16,999.9,524,2,1000.0,4904,24,1000.2,138,2,1000.3,549,6,1000.4,806,11
317,2025-11-26 10:13:04+05:30,999.9,9,994.86,2696973,355448.0,341177.0,986.2,1001.8,981.3,986.2,119756250,1084.8,887.6,1102.5,649.1,999.8,523,2,999.7,1873,5,999.6,1234,8,999.5,851,11,999.4,4107,16,999.9,524,2,1000.0,4904,24,1000.2,138,2,1000.3,549,6,1000.4,806,11
317,2025-11-26 10:13:04+05:30,999.9,9,994.86,2696973,355448.0,341177.0,986.2,1001.8,981.3,986.2,119756250,1084.8,887.6,1102.5,649.1,999.8,523,2,999.7,1873,5,999.6,1234,8,999.5,851,11,999.4,4107,16,999.9,524,2,1000.0,4904,24,1000.2,138,2,1000.3,549,6,1000.4,806,11
317,2025-11-26 10:13:05+05:30,999.9,9,994.86,2696973,355448.0,341177.0,986.2,1001.8,981.3,986.2,119756250,1084.8,887.6,1102.5,649.1,999.8,523,2,999.7,1873,5,999.6,1234,8,999.5,851,11,999.4,4107,16,999.9,524,2,1000.0,4904,24,1000.2,138,2,1000.3,549,6,1000.4,806,11
317,2025-11-26 10:13:05+05:30,999.9,50,994.86,2697162,351885.0,341227.0,986.2,1001.8,981.3,986.2,119756250,1084.8,887.6,1102.5,649.1,999.8,393,2,999.7,1500,2,999.6,1346,9,999.5,789,9,999.4,3857,15,999.9,465,2,1000.0,4904,24,1000.2,138,2,1000.3,677,8,1000.4,853,13
317,2025-11-26 10:13:05+05:30,999.9,50,994.86,2697162,351885.0,341227.0,986.2,1001.8,981.3,986.2,119756250,1084.8,887.6,1102.5,649.1,999.8,393,2,999.7,1500,2,999.6,1346,9,999.5,789,9,999.4,3857,15,999.9,465,2,1000.0,4904,24,1000.2,138,2,1000.3,677,8,1000.4,853,13
317,2025-11-26 10:13:06+05:30,999.9,1,994.86,2697660,351791.0,340440.0,986.2,1001.8,981.3,986.2,119756250,1084.8,887.6,1102.5,649.1,999.9,352,1,999.8,393,2,999.7,1712,3,999.6,1313,9,999.5,900,10,1000.0,4904,24,1000.2,207,3,1000.3,768,8,1000.4,863,14,1000.5,1180,13
317,2025-11-26 10:13:06+05:30,999.9,130,994.86,2697660,351791.0,340440.0,986.2,1001.8,981.3,986.2,119756250,1084.8,887.6,1102.5,649.1,999.9,352,1,999.8,393,2,999.7,1712,3,999.6,1313,9,999.5,900,10,1000.0,4904,24,1000.2,207,3,1000.3,768,8,1000.4,863,14,1000.5,1180,13
317,2025-11-26 10:13:07+05:30,999.9,130,994.86,2697790,351581.0,341289.0,986.2,1001.8,981.3,986.2,119756250,1084.8,887.6,1102.5,649.1,999.9,255,3,999.8,406,2,999.7,1612,3,999.6,1060,6,999.5,821,9,1000.0,4904,24,1000.1,350,1,1000.2,499,6,1000.3,656,7,1000.4,1047,16
317,2025-11-26 10:13:08+05:30,999.8,78,994.86,2698124,350735.0,342148.0,986.2,1001.8,981.3,986.2,119756250,1084.8,887.6,1102.5,649.1,999.8,328,2,999.7,1500,2,999.6,816,4,999.5,812,10,999.4,4404,17,1000.0,4903,24,1000.1,594,3,1000.2,420,5,1000.3,686,7,1000.4,935,15
317,2025-11-26 10:13:08+05:30,999.8,78,994.86,2698124,350735.0,342148.0,986.2,1001.8,981.3,986.2,119756250,1084.8,887.6,1102.5,649.1,999.8,328,2,999.7,1500,2,999.6,816,4,999.5,812,10,999.4,4404,17,1000.0,4903,24,1000.1,594,3,1000.2,420,5,1000.3,686,7,1000.4,935,15
317,2025-11-26 10:13:09+05:30,1000.0,39,994.86,2698213,351924.0,341684.0,986.2,1001.8,981.3,986.2,119756250,1084.8,887.6,1102.5,649.1,999.9,1,1,999.8,398,3,999.7,2196,8,999.6,1120,7,999.5,730,10,1000.0,4850,22,1000.1,350,1,1000.2,139,3,1000.3,528,4,1000.4,925,14
317,2025-11-26 10:13:09+05:30,1000.0,39,994.86,2698213,351924.0,341684.0,986.2,1001.8,981.3,986.2,119756250,1084.8,887.6,1102.5,649.1,999.9,1,1,999.8,398,3,999.7,2196,8,999.6,1120,7,999.5,730,10,1000.0,4850,22,1000.1,350,1,1000.2,139,3,1000.3,528,4,1000.4,925,14
317,2025-11-26 10:13:10+05:30,999.9,4,994.86,2698218,357710.0,341381.0,986.2,1001.8,981.3,986.2,119756250,1084.8,887.6,1102.5,649.1,999.9,5546,2,999.8,377,3,999.7,2058,8,999.6,1117,7,999.5,1227,13,1000.0,4850,22,1000.1,350,1,1000.2,133,2,1000.3,528,4,1000.4,811,9
317,2025-11-26 10:13:10+05:30,999.9,10,994.86,2698218,357710.0,341381.0,986.2,1001.8,981.3,986.2,119756250,1084.8,887.6,1102.5,649.1,999.9,5546,2,999.8,377,3,999.7,2058,8,999.6,1117,7,999.5,1227,13,1000.0,4850,22,1000.1,350,1,1000.2,133,2,1000.3,528,4,1000.4,811,9
317,2025-11-26 10:13:11+05:30,999.9,10,994.86,2698248,357705.0,341524.0,986.2,1001.8,981.3,986.2,119756250,1084.8,887.6,1102.5,649.1,999.9,5526,2,999.8,377,3,999.7,2058,8,999.6,1117,7,999.5,1227,13,1000.0,4840,22,1000.1,350,1,1000.2,132,1,1000.3,529,5,1000.4,811,9
317,2025-11-26 10:13:11+05:30,999.9,10,994.86,2698248,357705.0,341524.0,986.2,1001.8,981.3,986.2,119756250,1084.8,887.6,1102.5,649.1,999.9,5526,2,999.8,377,3,999.7,2058,8,999.6,1117,7,999.5,1227,13,1000.0,4840,22,1000.1,350,1,1000.2,132,1,1000.3,529,5,1000.4,811,9
317,2025-11-26 10:13:12+05:30,999.9,10,994.86,2698248,357686.0,341524.0,986.2,1001.8,981.3,986.2,119756250,1084.8,887.6,1102.5,649.1,999.9,5526,2,999.8,328,2,999.7,1930,6,999.6,1117,7,999.5,1197,12,1000.0,4840,22,1000.1,350,1,1000.2,132,1,1000.3,529,5,1000.4,811,9
317,2025-11-26 10:13:12+05:30,999.9,1,994.86,2698248,357686.0,341524.0,986.2,1001.8,981.3,986.2,119756250,1084.8,887.6,1102.5,649.1,999.9,5526,2,999.8,328,2,999.7,1930,6,999.6,1117,7,999.5,1197,12,1000.0,4840,22,1000.1,350,1,1000.2,132,1,1000.3,529,5,1000.4,811,9
317,2025-11-26 10:13:13+05:30,1000.0,11,994.86,2698361,357720.0,341512.0,986.2,1001.8,981.3,986.2,119756250,1084.8,887.6,1102.5,649.1,999.9,5538,3,999.8,538,4,999.7,1792,5,999.6,1117,7,999.5,1197,12,1000.0,4728,21,1000.1,350,1,1000.2,132,1,1000.3,529,5,1000.4,811,9
317,2025-11-26 10:13:13+05:30,999.9,25,994.86,2698361,357720.0,341512.0,986.2,1001.8,981.3,986.2,119756250,1084.8,887.6,1102.5,649.1,999.9,5538,3,999.8,538,4,999.7,1792,5,999.6,1117,7,999.5,1197,12,1000.0,4728,21,1000.1,350,1,1000.2,132,1,1000.3,529,5,1000.4,811,9
317,2025-11-26 10:13:14+05:30,1000.0,3,994.86,2698433,358002.0,341145.0,986.2,1001.8,981.3,986.2,119756250,1084.8,887.6,1102.5,649.1,999.9,5613,4,999.8,617,5,999.7,1841,6,999.6,1117,7,999.5,1197,12,1000.0,4681,21,1000.1,350,1,1000.3,304,3,1000.4,709,7,1000.5,993,15
317,2025-11-26 10:13:14+05:30,1000.0,3,994.86,2698433,358002.0,341145.0,986.2,1001.8,981.3,986.2,119756250,1084.8,887.6,1102.5,649.1,999.9,5613,4,999.8,617,5,999.7,1841,6,999.6,1117,7,999.5,1197,12,1000.0,4681,21,1000.1,350,1,1000.3,304,3,1000.4,709,7,1000.5,993,15
317,2025-11-26 10:13:15+05:30,1000.0,44,994.86,2698477,358403.0,341077.0,986.2,1001.8,981.3,986.2,119756250,1084.8,887.6,1102.5,649.1,999.9,5613,4,999.8,666,6,999.7,2474,8,999.6,1313,8,999.5,1197,12,1000.0,4637,21,1000.1,350,1,1000.3,303,2,1000.4,711,9,1000.5,965,14
317,2025-11-26 10:13:15+05:30,1000.0,1,994.86,2698477,358403.0,341077.0,986.2,1001.8,981.3,986.2,119756250,1084.8,887.6,1102.5,649.1,999.9,5613,4,999.8,666,6,999.7,2474,8,999.6,1313,8,999.5,1197,12,1000.0,4637,21,1000.1,350,1,1000.3,303,2,1000.4,711,9,1000.5,965,14
317,2025-11-26 10:13:16+05:30,1000.0,30,994.86,2698508,358452.0,341432.0,986.2,1001.8,981.3,986.2,119756250,1084.8,887.6,1102.5,649.1,999.9,5613,4,999.8,456,4,999.7,2684,10,999.6,1313,8,999.5,1197,12,1000.0,4992,22,1000.1,350,1,1000.3,303,2,1000.4,711,9,1000.5,965,14
317,2025-11-26 10:13:16+05:30,999.9,130,994.86,2698508,358452.0,341432.0,986.2,1001.8,981.3,986.2,119756250,1084.8,887.6,1102.5,649.1,999.9,5613,4,999.8,456,4,999.7,2684,10,999.6,1313,8,999.5,1197,12,1000.0,4992,22,1000.1,350,1,1000.3,303,2,1000.4,711,9,1000.5,965,14
317,2025-11-26 10:13:17+05:30,1000.0,15,994.86,2698653,357921.0,341643.0,986.2,1001.8,981.3,986.2,119756250,1084.8,887.6,1102.5,649.1,999.9,5483,4,999.8,328,2,999.7,2304,6,999.6,1396,8,999.5,1197,12,1000.0,4977,22,1000.1,350,1,1000.3,331,3,1000.4,711,9,1000.5,965,14
317,2025-11-26 10:13:17+05:30,1000.0,15,994.86,2698653,357921.0,341643.0,986.2,1001.8,981.3,986.2,119756250,1084.8,887.6,1102.5,649.1,999.9,5483,4,999.8,328,2,999.7,2304,6,999.6,1396,8,999.5,1197,12,1000.0,4977,22,1000.1,350,1,1000.3,331,3,1000.4,711,9,1000.5,965,14
317,2025-11-26 10:13:18+05:30,1000.0,756,994.87,2699411,358194.0,341069.0,986.2,1001.8,981.3,986.2,119756250,1084.8,887.6,1102.5,649.1,999.9,5483,4,999.8,328,2,999.7,2537,9,999.6,1319,8,999.5,1197,12,1000.0,4669,22,1000.1,350,1,1000.3,331,3,1000.4,711,9,1000.5,965,14
317,2025-11-26 10:13:18+05:30,1000.0,756,994.87,2699411,358194.0,341069.0,986.2,1001.8,981.3,986.2,119756250,1084.8,887.6,1102.5,649.1,999.9,5483,4,999.8,328,2,999.7,2537,9,999.6,1319,8,999.5,1197,12,1000.0,4669,22,1000.1,350,1,1000.3,331,3,1000.4,711,9,1000.5,965,14
317,2025-11-26 10:13:19+05:30,1000.0,449,994.87,2700588,359175.0,338538.0,986.2,1001.8,981.3,986.2,119756250,1084.8,887.6,1102.5,649.1,999.9,5532,5,999.8,773,6,999.7,1469,8,999.6,1167,12,999.5,3171,12,1000.0,3492,10,1000.1,350,1,1000.4,334,5,1000.5,764,13,1000.6,1099,12
317,2025-11-26 10:13:19+05:30,999.9,130,994.87,2700588,359175.0,338538.0,986.2,1001.8,981.3,986.2,119756250,1084.8,887.6,1102.5,649.1,999.9,5532,5,999.8,773,6,999.7,1469,8,999.6,1167,12,999.5,3171,12,1000.0,3492,10,1000.1,350,1,1000.4,334,5,1000.5,764,13,1000.6,1099,12
317,2025-11-26 10:13:20+05:30,999.9,130,994.87,2700949,358399.0,339245.0,986.2,1001.8,981.3,986.2,119756250,1084.8,887.6,1102.5,649.1,999.9,5222,4,999.8,456,4,999.7,1364,7,999.6,961,10,999.5,3268,13,1000.0,3393,11,1000.1,350,1,1000.3,1,1,1000.4,546,6,1000.5,792,15
317,2025-11-26 10:13:20+05:30,999.9,439,994.87,2700949,358399.0,339245.0,986.2,1001.8,981.3,986.2,119756250,1084.8,887.6,1102.5,649.1,999.9,5222,4,999.8,456,4,999.7,1364,7,999.6,961,10,999.5,3268,13,1000.0,3393,11,1000.1,350,1,1000.3,1,1,1000.4,546,6,1000.5,792,15
317,2025-11-26 10:13:21+05:30,999.9,439,994.87,2701698,357553.0,339385.0,986.2,1001.8,981.3,986.2,119756250,1084.8,887.6,1102.5,649.1,999.9,4523,4,999.8,378,4,999.7,1558,9,999.6,864,9,999.5,3171,12,1000.0,3392,11,1000.1,350,1,1000.3,212,1,1000.4,734,10,1000.5,709,11
317,2025-11-26 10:13:21+05:30,999.9,130,994.87,2701698,357553.0,339385.0,986.2,1001.8,981.3,986.2,119756250,1084.8,887.6,1102.5,649.1,999.9,4523,4,999.8,378,4,999.7,1558,9,999.6,864,9,999.5,3171,12,1000.0,3392,11,1000.1,350,1,1000.3,212,1,1000.4,734,10,1000.5,709,11
317,2025-11-26 10:13:22+05:30,999.9,256,994.87,2702085,357006.0,339494.0,986.2,1001.8,981.3,986.2,119756250,1084.8,887.6,1102.5,649.1,999.9,4087,3,999.8,329,3,999.7,1285,6,999.6,683,8,999.5,3268,13,1000.0,3392,11,1000.1,350,1,1000.2,29,1,1000.3,309,2,1000.4,637,9
317,2025-11-26 10:13:22+05:30,999.9,130,994.87,2702085,357006.0,339494.0,986.2,1001.8,981.3,986.2,119756250,1084.8,887.6,1102.5,649.1,999.9,4087,3,999.8,329,3,999.7,1285,6,999.6,683,8,999.5,3268,13,1000.0,3392,11,1000.1,350,1,1000.2,29,1,1000.3,309,2,1000.4,637,9
317,2025-11-26 10:13:23+05:30,999.9,137,994.87,2702354,356677.0,339435.0,986.2,1001.8,981.3,986.2,119756250,1084.8,887.6,1102.5,649.1,999.9,3820,3,999.8,329,3,999.7,1285,6,999.6,683,8,999.5,3268,13,1000.0,3389,10,1000.1,350,1,1000.2,102,4,1000.3,481,4,1000.4,637,9
317,2025-11-26 10:13:23+05:30,999.9,137,994.87,2702354,356677.0,339435.0,986.2,1001.8,981.3,986.2,119756250,1084.8,887.6,1102.5,649.1,999.9,3820,3,999.8,329,3,999.7,1285,6,999.6,683,8,999.5,3268,13,1000.0,3389,10,1000.1,350,1,1000.2,102,4,1000.3,481,4,1000.4,637,9
317,2025-11-26 10:13:24+05:30,999.9,137,994.87,2702354,356658.0,339291.0,986.2,1001.8,981.3,986.2,119756250,1084.8,887.6,1102.5,649.1,999.9,3823,4,999.8,329,3,999.7,1236,5,999.6,683,8,999.5,3268,13,1000.0,3389,10,1000.1,350,1,1000.2,105,5,1000.3,530,5,1000.4,637,9
317,2025-11-26 10:13:24+05:30,1000.0,10,994.87,2702354,356658.0,339291.0,986.2,1001.8,981.3,986.2,119756250,1084.8,887.6,1102.5,649.1,999.9,3823,4,999.8,329,3,999.7,1236,5,999.6,683,8,999.5,3268,13,1000.0,3389,10,1000.1,350,1,1000.2,105,5,1000.3,530,5,1000.4,637,9
317,2025-11-26 10:13:25+05:30,1000.0,10,994.87,2702364,356684.0,339280.0,986.2,1001.8,981.3,986.2,119756250,1084.8,887.6,1102.5,649.1,999.9,3823,4,999.8,329,3,999.7,1236,5,999.6,683,8,999.5,3268,13,1000.0,3379,10,1000.1,350,1,1000.2,105,5,1000.3,530,5,1000.4,636,8
317,2025-11-26 10:13:26+05:30,1000.0,10,994.87,2702364,356660.0,339376.0,986.2,1001.8,981.3,986.2,119756250,1084.8,887.6,1102.5,649.1,999.9,3823,4,999.8,329,3,999.7,1236,5,999.6,683,8,999.5,3294,14,1000.0,3379,10,1000.1,350,1,1000.2,184,6,1000.3,531,6,1000.4,636,8
317,2025-11-26 10:13:26+05:30,1000.0,1,994.87,2702364,356660.0,339376.0,986.2,1001.8,981.3,986.2,119756250,1084.8,887.6,1102.5,649.1,999.9,3823,4,999.8,329,3,999.7,1236,5,999.6,683,8,999.5,3294,14,1000.0,3379,10,1000.1,350,1,1000.2,184,6,1000.3,531,6,1000.4,636,8
317,2025-11-26 10:13:27+05:30,999.8,26,994.88,2707108,346650.0,341904.0,986.2,1001.8,981.3,986.2,119756250,1084.8,887.6,1102.5,649.1,999.8,26,1,999.7,487,2,999.6,20,1,999.4,1322,6,999.3,739,11,1000.0,3824,16,1000.1,812,5,1000.2,576,9,1000.3,1031,11,1000.4,1404,17
317,2025-11-26 10:13:27+05:30,999.8,26,994.88,2707108,346650.0,341904.0,986.2,1001.8,981.3,986.2,119756250,1084.8,887.6,1102.5,649.1,999.8,26,1,999.7,487,2,999.6,20,1,999.4,1322,6,999.3,739,11,1000.0,3824,16,1000.1,812,5,1000.2,576,9,1000.3,1031,11,1000.4,1404,17
317,2025-11-26 10:13:28+05:30,999.5,23,994.88,2708111,347207.0,342578.0,986.2,1001.8,981.3,986.2,119756250,1084.8,887.6,1102.5,649.1,999.8,13,1,999.5,125,1,999.4,1087,7,999.3,1404,11,999.2,947,11,1000.0,3923,19,1000.1,812,5,1000.2,624,10,1000.3,899,10,1000.4,1306,19
317,2025-11-26 10:13:28+05:30,999.5,23,994.88,2708111,347207.0,342578.0,986.2,1001.8,981.3,986.2,119756250,1084.8,887.6,1102.5,649.1,999.8,13,1,999.5,125,1,999.4,1087,7,999.3,1404,11,999.2,947,11,1000.0,3923,19,1000.1,812,5,1000.2,624,10,1000.3,899,10,1000.4,1306,19
317,2025-11-26 10:13:29+05:30,999.5,124,994.88,2708258,346775.0,343364.0,986.2,1001.8,981.3,986.2,119756250,1084.8,887.6,1102.5,649.1,999.5,1,1,999.4,825,3,999.3,1143,9,999.2,697,10,999.1,5199,21,999.9,786,6,1000.0,4033,20,1000.1,1072,9,1000.2,831,14,1000.3,921,10
317,2025-11-26 10:13:29+05:30,999.4,2,994.88,2708258,346775.0,343364.0,986.2,1001.8,981.3,986.2,119756250,1084.8,887.6,1102.5,649.1,999.5,1,1,999.4,825,3,999.3,1143,9,999.2,697,10,999.1,5199,21,999.9,786,6,1000.0,4033,20,1000.1,1072,9,1000.2,831,14,1000.3,921,10
317,2025-11-26 10:13:30+05:30,999.4,2,994.88,2708271,347110.0,343438.0,986.2,1001.8,981.3,986.2,119756250,1084.8,887.6,1102.5,649.1,999.5,84,1,999.4,498,1,999.3,1038,7,999.2,828,11,999.1,5191,22,999.9,1036,6,1000.0,3784,22,1000.1,1282,11,1000.2,831,14,1000.3,1027,12
317,2025-11-26 10:13:31+05:30,999.4,2,994.88,2708271,347110.0,343439.0,986.2,1001.8,981.3,986.2,119756250,1084.8,887.6,1102.5,649.1,999.5,84,1,999.4,498,1,999.3,1038,7,999.2,828,11,999.1,5191,22,999.9,1036,6,1000.0,3784,22,1000.1,1282,11,1000.2,831,14,1000.3,1027,12
317,2025-11-26 10:13:32+05:30,999.4,2,994.88,2708271,347655.0,344092.0,986.2,1001.8,981.3,986.2,119756250,1084.8,887.6,1102.5,649.1,999.5,150,2,999.4,701,4,999.3,1106,9,999.2,828,11,999.1,5185,21,999.9,1036,6,1000.0,3687,21,1000.1,1394,13,1000.2,831,14,1000.3,1053,14
317,2025-11-26 10:13:33+05:30,999.5,1,994.88,2708272,347930.0,344092.0,986.2,1001.8,981.3,986.2,119756250,1084.8,887.6,1102.5,649.1,999.5,149,2,999.4,802,4,999.3,856,7,999.2,916,12,999.1,4996,20,999.9,1036,6,1000.0,3687,21,1000.1,1394,13,1000.2,831,14,1000.3,1053,14
317,2025-11-26 10:13:33+05:30,999.5,1,994.88,2708272,347930.0,344092.0,986.2,1001.8,981.3,986.2,119756250,1084.8,887.6,1102.5,649.1,999.5,149,2,999.4,802,4,999.3,856,7,999.2,916,12,999.1,4996,20,999.9,1036,6,1000.0,3687,21,1000.1,1394,13,1000.2,831,14,1000.3,1053,14
317,2025-11-26 10:13:34+05:30,999.5,1,994.88,2708272,347816.0,343798.0,986.2,1001.8,981.3,986.2,119756250,1084.8,887.6,1102.5,649.1,999.6,178,2,999.5,149,2,999.4,802,4,999.3,896,7,999.2,1166,13,999.9,1057,7,1000.0,3580,19,1000.1,1196,11,1000.2,831,14,1000.3,1053,14
317,2025-11-26 10:13:34+05:30,999.6,1,994.88,2708272,347816.0,343798.0,986.2,1001.8,981.3,986.2,119756250,1084.8,887.6,1102.5,649.1,999.6,178,2,999.5,149,2,999.4,802,4,999.3,896,7,999.2,1166,13,999.9,1057,7,1000.0,3580,19,1000.1,1196,11,1000.2,831,14,1000.3,1053,14
317,2025-11-26 10:13:35+05:30,999.6,1,994.88,2708273,348080.0,343856.0,986.2,1001.8,981.3,986.2,119756250,1084.8,887.6,1102.5,649.1,999.6,177,2,999.5,149,2,999.4,802,4,999.3,896,7,999.2,1166,13,999.9,1042,7,1000.0,3659,20,1000.1,1196,11,1000.2,831,14,1000.3,1053,14
317,2025-11-26 10:13:35+05:30,999.9,25,994.88,2708273,348080.0,343856.0,986.2,1001.8,981.3,986.2,119756250,1084.8,887.6,1102.5,649.1,999.6,177,2,999.5,149,2,999.4,802,4,999.3,896,7,999.2,1166,13,999.9,1042,7,1000.0,3659,20,1000.1,1196,11,1000.2,831,14,1000.3,1053,14
317,2025-11-26 10:13:36+05:30,999.6,1,994.88,2708302,348293.0,343073.0,986.2,1001.8,981.3,986.2,119756250,1084.8,887.6,1102.5,649.1,999.6,176,2,999.5,149,2,999.4,881,5,999.3,1108,8,999.2,1166,13,999.9,635,5,1000.0,3598,19,1000.1,1196,11,1000.2,831,14,1000.3,1209,14
317,2025-11-26 10:13:36+05:30,999.6,1,994.88,2708302,348293.0,343073.0,986.2,1001.8,981.3,986.2,119756250,1084.8,887.6,1102.5,649.1,999.6,176,2,999.5,149,2,999.4,881,5,999.3,1108,8,999.2,1166,13,999.9,635,5,1000.0,3598,19,1000.1,1196,11,1000.2,831,14,1000.3,1209,14
317,2025-11-26 10:13:37+05:30,999.6,1,994.88,2708302,348318.0,343073.0,986.2,1001.8,981.3,986.2,119756250,1084.8,887.6,1102.5,649.1,999.6,176,2,999.5,149,2,999.4,881,5,999.3,1108,8,999.2,1166,13,999.9,668,6,1000.0,3598,19,1000.1,1196,11,1000.2,831,14,1000.3,1209,14
317,2025-11-26 10:13:37+05:30,999.9,4,994.88,2708302,348318.0,343073.0,986.2,1001.8,981.3,986.2,119756250,1084.8,887.6,1102.5,649.1,999.6,176,2,999.5,149,2,999.4,881,5,999.3,1108,8,999.2,1166,13,999.9,668,6,1000.0,3598,19,1000.1,1196,11,1000.2,831,14,1000.3,1209,14
317,2025-11-26 10:13:38+05:30,999.9,4,994.88,2708306,348468.0,342019.0,986.2,1001.8,981.3,986.2,119756250,1084.8,887.6,1102.5,649.1,999.6,176,2,999.5,149,2,999.4,1294,9,999.3,1118,9,999.2,1078,12,999.9,555,4,1000.0,3133,12,1000.1,1085,10,1000.2,919,15,1000.3,883,10
317,2025-11-26 10:13:39+05:30,999.5,16,994.88,2708947,348621.0,342519.0,986.2,1001.8,981.3,986.2,119756250,1084.8,887.6,1102.5,649.1,999.5,133,2,999.4,953,4,999.3,1102,9,999.2,1028,12,999.1,5010,20,999.8,218,3,999.9,603,7,1000.0,3250,14,1000.1,1015,8,1000.2,825,13
317,2025-11-26 10:13:39+05:30,999.5,16,994.88,2708947,348621.0,342519.0,986.2,1001.8,981.3,986.2,119756250,1084.8,887.6,1102.5,649.1,999.5,133,2,999.4,953,4,999.3,1102,9,999.2,1028,12,999.1,5010,20,999.8,218,3,999.9,603,7,1000.0,3250,14,1000.1,1015,8,1000.2,825,13
317,2025-11-26 10:13:40+05:30,999.4,4,994.88,2709084,347981.0,343762.0,986.2,1001.8,981.3,986.2,119756250,1084.8,887.6,1102.5,649.1,999.4,749,3,999.3,597,5,999.2,790,11,999.1,4740,18,999.0,5060,26,999.8,604,4,999.9,704,7,1000.0,3299,15,1000.1,1139,10,1000.2,825,13
317,2025-11-26 10:13:40+05:30,999.4,4,994.88,2709084,347981.0,343762.0,986.2,1001.8,981.3,986.2,119756250,1084.8,887.6,1102.5,649.1,999.4,749,3,999.3,597,5,999.2,790,11,999.1,4740,18,999.0,5060,26,999.8,604,4,999.9,704,7,1000.0,3299,15,1000.1,1139,10,1000.2,825,13
317,2025-11-26 10:13:41+05:30,999.8,14,994.88,2709228,350505.0,343507.0,986.2,1001.8,981.3,986.2,119756250,1084.8,887.6,1102.5,649.1,999.4,1159,8,999.3,2103,12,999.2,1282,14,999.1,4740,18,999.0,5035,25,999.8,368,1,999.9,505,5,1000.0,3191,15,1000.1,1152,10,1000.2,815,12
317,2025-11-26 10:13:41+05:30,999.8,14,994.88,2709228,350505.0,343507.0,986.2,1001.8,981.3,986.2,119756250,1084.8,887.6,1102.5,649.1,999.4,1159,8,999.3,2103,12,999.2,1282,14,999.1,4740,18,999.0,5035,25,999.8,368,1,999.9,505,5,1000.0,3191,15,1000.1,1152,10,1000.2,815,12
317,2025-11-26 10:13:42+05:30,999.8,1,994.88,2709254,350732.0,343635.0,986.2,1001.8,981.3,986.2,119756250,1084.8,887.6,1102.5,649.1,999.4,1164,9,999.3,2080,11,999.2,1305,15,999.1,4740,18,999.0,5035,25,999.8,367,1,999.9,505,5,1000.0,3262,15,1000.1,1152,10,1000.2,815,12
317,2025-11-26 10:13:42+05:30,999.8,1,994.88,2709254,350732.0,343635.0,986.2,1001.8,981.3,986.2,119756250,1084.8,887.6,1102.5,649.1,999.4,1164,9,999.3,2080,11,999.2,1305,15,999.1,4740,18,999.0,5035,25,999.8,367,1,999.9,505,5,1000.0,3262,15,1000.1,1152,10,1000.2,815,12
317,2025-11-26 10:13:43+05:30,999.8,1,994.88,2709254,350745.0,344039.0,986.2,1001.8,981.3,986.2,119756250,1084.8,887.6,1102.5,649.1,999.4,1177,10,999.3,2080,11,999.2,1305,15,999.1,4740,18,999.0,5035,25,999.8,367,1,999.9,505,5,1000.0,3262,15,1000.1,1152,10,1000.2,815,12
317,2025-11-26 10:13:43+05:30,999.8,44,994.88,2709254,350745.0,344039.0,986.2,1001.8,981.3,986.2,119756250,1084.8,887.6,1102.5,649.1,999.4,1177,10,999.3,2080,11,999.2,1305,15,999.1,4740,18,999.0,5035,25,999.8,367,1,999.9,505,5,1000.0,3262,15,1000.1,1152,10,1000.2,815,12
317,2025-11-26 10:13:44+05:30,999.4,20,994.88,2709322,350523.0,344067.0,986.2,1001.8,981.3,986.2,119756250,1084.8,887.6,1102.5,649.1,999.4,1249,11,999.3,1988,10,999.2,1305,15,999.1,4740,18,999.0,5035,25,999.8,319,1,999.9,503,4,1000.0,3270,16,1000.1,1129,9,1000.2,821,13
317,2025-11-26 10:13:44+05:30,999.4,20,994.88,2709322,350523.0,344067.0,986.2,1001.8,981.3,986.2,119756250,1084.8,887.6,1102.5,649.1,999.4,1249,11,999.3,1988,10,999.2,1305,15,999.1,4740,18,999.0,5035,25,999.8,319,1,999.9,503,4,1000.0,3270,16,1000.1,1129,9,1000.2,821,13
317,2025-11-26 10:13:45+05:30,999.8,3,994.88,2709325,350529.0,344614.0,986.2,1001.8,981.3,986.2,119756250,1084.8,887.6,1102.5,649.1,999.4,1157,10,999.3,2080,11,999.2,1305,15,999.1,4740,18,999.0,5049,27,999.8,316,1,999.9,503,4,1000.0,3293,17,1000.1,1129,9,1000.2,821,13
317,2025-11-26 10:13:45+05:30,999.8,3,994.88,2709325,350529.0,344614.0,986.2,1001.8,981.3,986.2,119756250,1084.8,887.6,1102.5,649.1,999.4,1157,10,999.3,2080,11,999.2,1305,15,999.1,4740,18,999.0,5049,27,999.8,316,1,999.9,503,4,1000.0,3293,17,1000.1,1129,9,1000.2,821,13
317,2025-11-26 10:13:46+05:30,999.8,44,994.88,2709369,350494.0,344040.0,986.2,1001.8,981.3,986.2,119756250,1084.8,887.6,1102.5,649.1,999.4,1247,11,999.3,2080,11,999.2,1213,14,999.1,4740,18,999.0,5049,27,999.8,272,1,999.9,503,4,1000.0,3304,17,1000.1,1029,8,1000.2,770,13
317,2025-11-26 10:13:46+05:30,999.8,44,994.88,2709369,350494.0,344040.0,986.2,1001.8,981.3,986.2,119756250,1084.8,887.6,1102.5,649.1,999.4,1247,11,999.3,2080,11,999.2,1213,14,999.1,4740,18,999.0,5049,27,999.8,272,1,999.9,503,4,1000.0,3304,17,1000.1,1029,8,1000.2,770,13
317,2025-11-26 10:13:47+05:30,999.8,97,994.89,2710948,349505.0,335024.0,986.2,1001.8,981.3,986.2,119756250,1084.8,887.6,1102.5,649.1,999.4,483,8,999.3,2485,12,999.2,1215,14,999.1,4740,18,999.0,5049,27,999.8,1,1,999.9,379,2,1000.0,1629,12,1000.1,924,7,1000.2,712,12
317,2025-11-26 10:13:47+05:30,999.8,97,994.89,2710948,349505.0,335024.0,986.2,1001.8,981.3,986.2,119756250,1084.8,887.6,1102.5,649.1,999.4,483,8,999.3,2485,12,999.2,1215,14,999.1,4740,18,999.0,5049,27,999.8,1,1,999.9,379,2,1000.0,1629,12,1000.1,924,7,1000.2,712,12
317,2025-11-26 10:13:48+05:30,999.9,7,994.89,2710992,348869.0,334764.0,986.2,1001.8,981.3,986.2,119756250,1084.8,887.6,1102.5,649.1,999.5,176,4,999.4,692,8,999.3,1753,11,999.2,1192,13,999.1,4740,18,999.9,339,1,1000.0,1468,10,1000.1,787,5,1000.2,804,13,1000.3,840,12
317,2025-11-26 10:13:48+05:30,999.4,93,994.89,2710992,348869.0,334764.0,986.2,1001.8,981.3,986.2,119756250,1084.8,887.6,1102.5,649.1,999.5,176,4,999.4,692,8,999.3,1753,11,999.2,1192,13,999.1,4740,18,999.9,339,1,1000.0,1468,10,1000.1,787,5,1000.2,804,13,1000.3,840,12
317,2025-11-26 10:13:49+05:30,999.8,1,994.89,2711404,347866.0,336212.0,986.2,1001.8,981.3,986.2,119756250,1084.8,887.6,1102.5,649.1,999.5,25,1,999.4,383,6,999.3,1086,7,999.2,1190,12,999.1,4760,19,999.8,116,2,999.9,593,5,1000.0,1855,14,1000.1,1198,10,1000.2,796,14
317,2025-11-26 10:13:49+05:30,999.8,1,994.89,2711404,347866.0,336212.0,986.2,1001.8,981.3,986.2,119756250,1084.8,887.6,1102.5,649.1,999.5,25,1,999.4,383,6,999.3,1086,7,999.2,1190,12,999.1,4760,19,999.8,116,2,999.9,593,5,1000.0,1855,14,1000.1,1198,10,1000.2,796,14
317,2025-11-26 10:13:50+05:30,999.8,1,994.89,2711404,347866.0,336227.0,986.2,1001.8,981.3,986.2,119756250,1084.8,887.6,1102.5,649.1,999.5,25,1,999.4,383,6,999.3,1086,7,999.2,1190,12,999.1,4760,19,999.8,116,2,999.9,593,5,1000.0,1870,15,1000.1,1198,10,1000.2,796,14
317,2025-11-26 10:13:50+05:30,999.5,4,994.89,2711404,347866.0,336227.0,986.2,1001.8,981.3,986.2,119756250,1084.8,887.6,1102.5,649.1,999.5,25,1,999.4,383,6,999.3,1086,7,999.2,1190,12,999.1,4760,19,999.8,116,2,999.9,593,5,1000.0,1870,15,1000.1,1198,10,1000.2,796,14
317,2025-11-26 10:13:51+05:30,999.5,4,994.89,2711408,347860.0,336228.0,986.2,1001.8,981.3,986.2,119756250,1084.8,887.6,1102.5,649.1,999.5,21,1,999.4,359,5,999.3,1086,7,999.2,1190,12,999.1,4760,19,999.8,117,3,999.9,593,5,1000.0,1870,15,1000.1,1198,10,1000.2,796,14
317,2025-11-26 10:13:52+05:30,999.5,4,994.89,2711408,347860.0,336281.0,986.2,1001.8,981.3,986.2,119756250,1084.8,887.6,1102.5,649.1,999.5,21,1,999.4,359,5,999.3,1086,7,999.2,1190,12,999.1,4760,19,999.8,117,3,999.9,593,5,1000.0,1970,16,1000.1,1198,10,1000.2,796,14
317,2025-11-26 10:13:52+05:30,999.8,25,994.89,2711408,347860.0,336281.0,986.2,1001.8,981.3,986.2,119756250,1084.8,887.6,1102.5,649.1,999.5,21,1,999.4,359,5,999.3,1086,7,999.2,1190,12,999.1,4760,19,999.8,117,3,999.9,593,5,1000.0,1970,16,1000.1,1198,10,1000.2,796,14
317,2025-11-26 10:13:53+05:30,999.8,25,994.89,2711433,352977.0,334415.0,986.2,1001.8,981.3,986.2,119756250,1084.8,887.6,1102.5,649.1,999.6,832,5,999.5,600,9,999.4,4859,11,999.3,933,9,999.2,2464,12,999.8,48,2,999.9,349,2,1000.0,1513,13,1000.1,787,5,1000.2,693,10
317,2025-11-26 10:13:54+05:30,999.6,1,994.89,2711439,353003.0,334408.0,986.2,1001.8,981.3,986.2,119756250,1084.8,887.6,1102.5,649.1,999.6,831,5,999.5,600,9,999.4,4886,12,999.3,933,9,999.2,2464,12,999.8,44,2,999.9,350,3,1000.0,1513,13,1000.1,787,5,1000.2,689,8
317,2025-11-26 10:13:54+05:30,999.6,1,994.89,2711439,353003.0,334408.0,986.2,1001.8,981.3,986.2,119756250,1084.8,887.6,1102.5,649.1,999.6,831,5,999.5,600,9,999.4,4886,12,999.3,933,9,999.2,2464,12,999.8,44,2,999.9,350,3,1000.0,1513,13,1000.1,787,5,1000.2,689,8
317,2025-11-26 10:13:55+05:30,999.6,1,994.89,2711439,352853.0,334439.0,986.2,1001.8,981.3,986.2,119756250,1084.8,887.6,1102.5,649.1,999.6,831,5,999.5,745,10,999.4,5079,13,999.3,933,9,999.2,2464,12,999.8,44,2,999.9,381,5,1000.0,1513,13,1000.1,787,5,1000.2,689,8
317,2025-11-26 10:13:55+05:30,999.6,8,994.89,2711439,352853.0,334439.0,986.2,1001.8,981.3,986.2,119756250,1084.8,887.6,1102.5,649.1,999.6,831,5,999.5,745,10,999.4,5079,13,999.3,933,9,999.2,2464,12,999.8,44,2,999.9,381,5,1000.0,1513,13,1000.1,787,5,1000.2,689,8
317,2025-11-26 10:13:56+05:30,999.6,8,994.89,2711447,353072.0,334444.0,986.2,1001.8,981.3,986.2,119756250,1084.8,887.6,1102.5,649.1,999.6,772,4,999.5,944,11,999.4,5079,13,999.3,933,9,999.2,2464,12,999.8,44,2,999.9,381,5,1000.0,1513,13,1000.1,787,5,1000.2,689,8
317,2025-11-26 10:13:56+05:30,999.8,1,994.89,2711447,353072.0,334444.0,986.2,1001.8,981.3,986.2,119756250,1084.8,887.6,1102.5,649.1,999.6,772,4,999.5,944,11,999.4,5079,13,999.3,933,9,999.2,2464,12,999.8,44,2,999.9,381,5,1000.0,1513,13,1000.1,787,5,1000.2,689,8
317,2025-11-26 10:13:57+05:30,999.8,41,994.89,2711580,353598.0,334253.0,986.2,1001.8,981.3,986.2,119756250,1084.8,887.6,1102.5,649.1,999.6,921,6,999.5,1010,12,999.4,5329,14,999.3,862,8,999.2,2464,12,999.8,1,1,999.9,381,5,1000.0,1513,13,1000.1,577,4,1000.2,540,6
317,2025-11-26 10:13:57+05:30,999.9,43,994.89,2711580,353598.0,334253.0,986.2,1001.8,981.3,986.2,119756250,1084.8,887.6,1102.5,649.1,999.6,921,6,999.5,1010,12,999.4,5329,14,999.3,862,8,999.2,2464,12,999.8,1,1,999.9,381,5,1000.0,1513,13,1000.1,577,4,1000.2,540,6
317,2025-11-26 10:13:58+05:30,999.9,43,994.89,2711624,353811.0,333081.0,986.2,1001.8,981.3,986.2,119756250,1084.8,887.6,1102.5,649.1,999.6,1061,7,999.5,1874,16,999.4,6166,15,999.3,1662,10,999.2,1571,11,999.9,338,5,1000.0,1513,13,1000.1,446,3,1000.2,360,4,1000.3,567,6
317,2025-11-26 10:13:58+05:30,999.9,50,994.89,2711624,353811.0,333081.0,986.2,1001.8,981.3,986.2,119756250,1084.8,887.6,1102.5,649.1,999.6,1061,7,999.5,1874,16,999.4,6166,15,999.3,1662,10,999.2,1571,11,999.9,338,5,1000.0,1513,13,1000.1,446,3,1000.2,360,4,1000.3,567,6
317,2025-11-26 10:13:59+05:30,999.6,14,994.89,2711738,352806.0,333279.0,986.2,1001.8,981.3,986.2,119756250,1084.8,887.6,1102.5,649.1,999.6,933,6,999.5,1853,15,999.4,5166,13,999.3,1912,11,999.2,1571,11,999.9,289,6,1000.0,1513,13,1000.1,467,4,1000.2,439,5,1000.3,567,6
317,2025-11-26 10:13:59+05:30,999.6,14,994.89,2711738,352806.0,333279.0,986.2,1001.8,981.3,986.2,119756250,1084.8,887.6,1102.5,649.1,999.6,933,6,999.5,1853,15,999.4,5166,13,999.3,1912,11,999.2,1571,11,999.9,289,6,1000.0,1513,13,1000.1,467,4,1000.2,439,5,1000.3,567,6
317,2025-11-26 10:14:00+05:30,999.6,1,994.89,2711739,352809.0,333707.0,986.2,1001.8,981.3,986.2,119756250,1084.8,887.6,1102.5,649.1,999.6,586,3,999.5,1620,10,999.4,5277,16,999.3,1912,11,999.2,1783,12,999.9,692,7,1000.0,1523,14,1000.1,679,5,1000.2,439,5,1000.3,567,6
317,2025-11-26 10:14:00+05:30,999.6,1,994.89,2711739,352809.0,333707.0,986.2,1001.8,981.3,986.2,119756250,1084.8,887.6,1102.5,649.1,999.6,586,3,999.5,1620,10,999.4,5277,16,999.3,1912,11,999.2,1783,12,999.9,692,7,1000.0,1523,14,1000.1,679,5,1000.2,439,5,1000.3,567,6
317,2025-11-26 10:14:01+05:30,999.6,109,994.89,2711886,352066.0,334136.0,986.2,1001.8,981.3,986.2,119756250,1084.8,887.6,1102.5,649.1,999.6,459,3,999.5,1491,10,999.4,5463,17,999.3,1662,10,999.2,1783,12,999.9,692,7,1000.0,1523,14,1000.1,788,5,1000.2,688,7,1000.3,567,6
317,2025-11-26 10:14:01+05:30,999.9,7,994.89,2711886,352066.0,334136.0,986.2,1001.8,981.3,986.2,119756250,1084.8,887.6,1102.5,649.1,999.6,459,3,999.5,1491,10,999.4,5463,17,999.3,1662,10,999.2,1783,12,999.9,692,7,1000.0,1523,14,1000.1,788,5,1000.2,688,7,1000.3,567,6
317,2025-11-26 10:14:02+05:30,999.6,137,994.89,2712030,351816.0,334147.0,986.2,1001.8,981.3,986.2,119756250,1084.8,887.6,1102.5,649.1,999.6,322,3,999.5,1333,8,999.4,5271,16,999.3,1741,11,999.2,2033,13,999.9,685,7,1000.0,1523,14,1000.1,924,7,1000.2,805,8,1000.3,567,6
317,2025-11-26 10:14:02+05:30,999.6,137,994.89,2712030,351816.0,334147.0,986.2,1001.8,981.3,986.2,119756250,1084.8,887.6,1102.5,649.1,999.6,322,3,999.5,1333,8,999.4,5271,16,999.3,1741,11,999.2,2033,13,999.9,685,7,1000.0,1523,14,1000.1,924,7,1000.2,805,8,1000.3,567,6
317,2025-11-26 10:14:03+05:30,999.6,137,994.89,2712030,351731.0,334278.0,986.2,1001.8,981.3,986.2,119756250,1084.8,887.6,1102.5,649.1,999.6,322,3,999.5,1282,8,999.4,5350,17,999.3,1662,10,999.2,2052,14,999.9,846,8,1000.0,1481,13,1000.1,924,7,1000.2,805,8,1000.3,567,6
317,2025-11-26 10:14:04+05:30,999.6,20,994.89,2712050,351643.0,334283.0,986.2,1001.8,981.3,986.2,119756250,1084.8,887.6,1102.5,649.1,999.6,302,3,999.5,1234,7,999.4,5600,18,999.3,1656,9,999.2,1802,13,999.9,846,8,1000.0,1481,13,1000.1,924,7,1000.2,805,8,1000.3,567,6
317,2025-11-26 10:14:04+05:30,999.6,20,994.89,2712050,351643.0,334283.0,986.2,1001.8,981.3,986.2,119756250,1084.8,887.6,1102.5,649.1,999.6,302,3,999.5,1234,7,999.4,5600,18,999.3,1656,9,999.2,1802,13,999.9,846,8,1000.0,1481,13,1000.1,924,7,1000.2,805,8,1000.3,567,6
317,2025-11-26 10:14:05+05:30,999.9,18,994.89,2712068,351618.0,334295.0,986.2,1001.8,981.3,986.2,119756250,1084.8,887.6,1102.5,649.1,999.6,302,3,999.5,1234,7,999.4,5350,17,999.3,1906,10,999.2,1802,13,999.9,828,8,1000.0,1481,13,1000.1,1003,8,1000.2,805,8,1000.3,567,6
317,2025-11-26 10:14:05+05:30,999.9,44,994.89,2712068,351618.0,334295.0,986.2,1001.8,981.3,986.2,119756250,1084.8,887.6,1102.5,649.1,999.6,302,3,999.5,1234,7,999.4,5350,17,999.3,1906,10,999.2,1802,13,999.9,828,8,1000.0,1481,13,1000.1,1003,8,1000.2,805,8,1000.3,567,6
317,2025-11-26 10:14:06+05:30,999.9,44,994.89,2712112,351848.0,334992.0,986.2,1001.8,981.3,986.2,119756250,1084.8,887.6,1102.5,649.1,999.6,305,5,999.5,1423,10,999.4,5192,15,999.3,1906,10,999.2,1802,13,999.9,784,8,1000.0,1481,13,1000.1,984,7,1000.2,805,8,1000.3,567,6
317,2025-11-26 10:14:06+05:30,999.9,44,994.89,2712112,351848.0,334992.0,986.2,1001.8,981.3,986.2,119756250,1084.8,887.6,1102.5,649.1,999.6,305,5,999.5,1423,10,999.4,5192,15,999.3,1906,10,999.2,1802,13,999.9,784,8,1000.0,1481,13,1000.1,984,7,1000.2,805,8,1000.3,567,6
317,2025-11-26 10:14:07+05:30,999.9,100,994.89,2712256,352230.0,334735.0,986.2,1001.8,981.3,986.2,119756250,1084.8,887.6,1102.5,649.1,999.6,495,8,999.5,1602,12,999.4,5457,17,999.3,1656,9,999.2,1783,12,999.9,640,8,1000.0,1481,13,1000.1,905,6,1000.2,805,8,1000.3,567,6
317,2025-11-26 10:14:07+05:30,999.9,21,994.89,2712256,352230.0,334735.0,986.2,1001.8,981.3,986.2,119756250,1084.8,887.6,1102.5,649.1,999.6,495,8,999.5,1602,12,999.4,5457,17,999.3,1656,9,999.2,1783,12,999.9,640,8,1000.0,1481,13,1000.1,905,6,1000.2,805,8,1000.3,567,6
317,2025-11-26 10:14:08+05:30,999.9,231,994.89,2713127,352212.0,334332.0,986.2,1001.8,981.3,986.2,119756250,1084.8,887.6,1102.5,649.1,999.6,1373,10,999.5,848,11,999.4,5457,17,999.3,1656,9,999.2,1625,12,999.9,1206,8,1000.0,1481,13,1000.1,693,5,1000.2,465,5,1000.3,488,5
317,2025-11-26 10:14:08+05:30,999.9,231,994.89,2713127,352212.0,334332.0,986.2,1001.8,981.3,986.2,119756250,1084.8,887.6,1102.5,649.1,999.6,1373,10,999.5,848,11,999.4,5457,17,999.3,1656,9,999.2,1625,12,999.9,1206,8,1000.0,1481,13,1000.1,693,5,1000.2,465,5,1000.3,488,5
317,2025-11-26 10:14:09+05:30,999.9,1,994.89,2713412,351244.0,336220.0,986.2,1001.8,981.3,986.2,119756250,1084.8,887.6,1102.5,649.1,999.6,125,5,999.5,1260,7,999.4,5046,16,999.3,1787,14,999.2,1745,11,999.9,1275,9,1000.0,1663,16,1000.1,978,7,1000.2,810,10,1000.3,680,9
317,2025-11-26 10:14:09+05:30,999.9,1,994.89,2713412,351244.0,336220.0,986.2,1001.8,981.3,986.2,119756250,1084.8,887.6,1102.5,649.1,999.6,125,5,999.5,1260,7,999.4,5046,16,999.3,1787,14,999.2,1745,11,999.9,1275,9,1000.0,1663,16,1000.1,978,7,1000.2,810,10,1000.3,680,9
317,2025-11-26 10:14:10+05:30,999.9,1,994.89,2713414,352113.0,336368.0,986.2,1001.8,981.3,986.2,119756250,1084.8,887.6,1102.5,649.1,999.6,875,6,999.5,1133,7,999.4,5046,16,999.3,1787,14,999.2,1745,11,999.9,1273,9,1000.0,1653,15,1000.1,978,7,1000.2,810,10,1000.3,680,9
317,2025-11-26 10:14:10+05:30,999.9,1,994.89,2713414,352113.0,336368.0,986.2,1001.8,981.3,986.2,119756250,1084.8,887.6,1102.5,649.1,999.6,875,6,999.5,1133,7,999.4,5046,16,999.3,1787,14,999.2,1745,11,999.9,1273,9,1000.0,1653,15,1000.1,978,7,1000.2,810,10,1000.3,680,9
317,2025-11-26 10:14:11+05:30,999.9,1,994.89,2713462,352668.0,335862.0,986.2,1001.8,981.3,986.2,119756250,1084.8,887.6,1102.5,649.1,999.6,984,8,999.5,1465,11,999.4,5046,16,999.3,1768,13,999.2,1745,11,999.9,1155,8,1000.0,1531,13,1000.1,978,7,1000.2,805,9,1000.3,567,6
317,2025-11-26 10:14:11+05:30,999.9,3,994.89,2713462,352668.0,335862.0,986.2,1001.8,981.3,986.2,119756250,1084.8,887.6,1102.5,649.1,999.6,984,8,999.5,1465,11,999.4,5046,16,999.3,1768,13,999.2,1745,11,999.9,1155,8,1000.0,1531,13,1000.1,978,7,1000.2,805,9,1000.3,567,6
317,2025-11-26 10:14:12+05:30,999.9,56,994.89,2713521,352677.0,334999.0,986.2,1001.8,981.3,986.2,119756250,1084.8,887.6,1102.5,649.1,999.6,1734,9,999.5,715,10,999.4,5296,17,999.3,1518,12,999.2,1745,11,999.9,1096,8,1000.0,1531,13,1000.1,899,6,1000.2,726,8,1000.3,488,5
317,2025-11-26 10:14:12+05:30,999.6,5,994.89,2713521,352677.0,334999.0,986.2,1001.8,981.3,986.2,119756250,1084.8,887.6,1102.5,649.1,999.6,1734,9,999.5,715,10,999.4,5296,17,999.3,1518,12,999.2,1745,11,999.9,1096,8,1000.0,1531,13,1000.1,899,6,1000.2,726,8,1000.3,488,5
317,2025-11-26 10:14:13+05:30,999.6,5,994.89,2713526,352948.0,335636.0,986.2,1001.8,981.3,986.2,119756250,1084.8,887.6,1102.5,649.1,999.6,840,6,999.5,2164,10,999.4,4358,15,999.3,1937,15,999.2,1745,11,999.9,1397,9,1000.0,1481,13,1000.1,899,6,1000.2,643,7,1000.3,567,6
317,2025-11-26 10:14:13+05:30,999.9,56,994.89,2713526,352948.0,335636.0,986.2,1001.8,981.3,986.2,119756250,1084.8,887.6,1102.5,649.1,999.6,840,6,999.5,2164,10,999.4,4358,15,999.3,1937,15,999.2,1745,11,999.9,1397,9,1000.0,1481,13,1000.1,899,6,1000.2,643,7,1000.3,567,6
317,2025-11-26 10:14:14+05:30,999.9,44,994.89,2714366,353582.0,333560.0,986.2,1001.8,981.3,986.2,119756250,1084.8,887.6,1102.5,649.1,999.7,235,3,999.6,2075,10,999.5,1836,12,999.4,4746,17,999.3,1702,15,999.9,571,6,1000.0,1481,13,1000.1,446,3,1000.2,231,4,1000.3,690,7
317,2025-11-26 10:14:14+05:30,999.9,44,994.89,2714366,353582.0,333560.0,986.2,1001.8,981.3,986.2,119756250,1084.8,887.6,1102.5,649.1,999.7,235,3,999.6,2075,10,999.5,1836,12,999.4,4746,17,999.3,1702,15,999.9,571,6,1000.0,1481,13,1000.1,446,3,1000.2,231,4,1000.3,690,7
317,2025-11-26 10:14:15+05:30,1000.0,364,994.9,2715508,353140.0,333070.0,986.2,1001.8,981.3,986.2,119756250,1084.8,887.6,1102.5,649.1,999.7,95,4,999.6,1200,9,999.5,1755,12,999.4,4729,16,999.3,1915,16,999.9,8,2,1000.0,1109,12,1000.1,446,3,1000.2,153,4,1000.3,641,6
317,2025-11-26 10:14:15+05:30,1000.0,364,994.9,2715508,353140.0,333070.0,986.2,1001.8,981.3,986.2,119756250,1084.8,887.6,1102.5,649.1,999.7,95,4,999.6,1200,9,999.5,1755,12,999.4,4729,16,999.3,1915,16,999.9,8,2,1000.0,1109,12,1000.1,446,3,1000.2,153,4,1000.3,641,6
317,2025-11-26 10:14:16+05:30,999.6,41,994.9,2715792,352529.0,334406.0,986.2,1001.8,981.3,986.2,119756250,1084.8,887.6,1102.5,649.1,999.6,1043,4,999.5,2364,11,999.4,4479,15,999.3,1972,16,999.2,1485,9,999.9,48,3,1000.0,1545,16,1000.1,655,6,1000.2,359,5,1000.3,690,7
317,2025-11-26 10:14:16+05:30,999.6,41,994.9,2715792,352529.0,334406.0,986.2,1001.8,981.3,986.2,119756250,1084.8,887.6,1102.5,649.1,999.6,1043,4,999.5,2364,11,999.4,4479,15,999.3,1972,16,999.2,1485,9,999.9,48,3,1000.0,1545,16,1000.1,655,6,1000.2,359,5,1000.3,690,7
317,2025-11-26 10:14:17+05:30,999.9,2,994.9,2715802,352547.0,333862.0,986.2,1001.8,981.3,986.2,119756250,1084.8,887.6,1102.5,649.1,999.6,1043,4,999.5,2289,10,999.4,4884,19,999.3,1910,15,999.2,1485,9,999.9,5,2,1000.0,1554,17,1000.1,562,4,1000.2,509,7,1000.3,708,8
317,2025-11-26 10:14:17+05:30,999.9,3,994.9,2715802,352547.0,333862.0,986.2,1001.8,981.3,986.2,119756250,1084.8,887.6,1102.5,649.1,999.6,1043,4,999.5,2289,10,999.4,4884,19,999.3,1910,15,999.2,1485,9,999.9,5,2,1000.0,1554,17,1000.1,562,4,1000.2,509,7,1000.3,708,8
317,2025-11-26 10:14:18+05:30,999.9,3,994.9,2715805,352575.0,333943.0,986.2,1001.8,981.3,986.2,119756250,1084.8,887.6,1102.5,649.1,999.6,1043,4,999.5,2289,10,999.4,4884,19,999.3,1910,15,999.2,1485,9,999.9,2,2,1000.0,1554,17,1000.1,562,4,1000.2,509,7,1000.3,734,10
317,2025-11-26 10:14:19+05:30,999.9,3,994.9,2715805,352575.0,333943.0,986.2,1001.8,981.3,986.2,119756250,1084.8,887.6,1102.5,649.1,999.6,1043,4,999.5,2289,10,999.4,4884,19,999.3,1910,15,999.2,1485,9,999.9,2,2,1000.0,1554,17,1000.1,562,4,1000.2,509,7,1000.3,734,10
317,2025-11-26 10:14:21+05:30,999.6,1,994.9,2715846,354911.0,335301.0,986.2,1001.8,981.3,986.2,119756250,1084.8,887.6,1102.5,649.1,999.6,2062,6,999.5,2293,11,999.4,4963,20,999.3,1892,14,999.2,1485,9,999.8,20,1,999.9,2,2,1000.0,1610,19,1000.1,562,4,1000.2,438,6
317,2025-11-26 10:14:22+05:30,999.6,1,994.9,2715846,354911.0,335301.0,986.2,1001.8,981.3,986.2,119756250,1084.8,887.6,1102.5,649.1,999.6,2062,6,999.5,2293,11,999.4,4963,20,999.3,1892,14,999.2,1485,9,999.8,20,1,999.9,2,2,1000.0,1610,19,1000.1,562,4,1000.2,438,6
317,2025-11-26 10:14:25+05:30,1000.0,44,994.9,2715846,354911.0,335301.0,986.2,1001.8,981.3,986.2,119756250,1084.8,887.6,1102.5,649.1,999.6,2062,6,999.5,2293,11,999.4,4963,20,999.3,1892,14,999.2,1485,9,999.8,20,1,999.9,2,2,1000.0,1610,19,1000.1,562,4,1000.2,438,6
317,2025-11-26 10:14:27+05:30,1000.0,44,994.9,2716226,357248.0,333707.0,986.2,1001.8,981.3,986.2,119756250,1084.8,887.6,1102.5,649.1,999.9,58,1,999.8,786,2,999.7,130,3,999.6,6657,15,999.5,1917,12,1000.0,1427,17,1000.1,446,3,1000.2,136,4,1000.3,325,4,1000.4,995,13
317,2025-11-26 10:14:28+05:30,1000.0,16,994.9,2716226,357248.0,333707.0,986.2,1001.8,981.3,986.2,119756250,1084.8,887.6,1102.5,649.1,999.9,58,1,999.8,786,2,999.7,130,3,999.6,6657,15,999.5,1917,12,1000.0,1427,17,1000.1,446,3,1000.2,136,4,1000.3,325,4,1000.4,995,13
317,2025-11-26 10:14:31+05:30,1000.0,65,994.9,2716226,357248.0,333707.0,986.2,1001.8,981.3,986.2,119756250,1084.8,887.6,1102.5,649.1,999.9,58,1,999.8,786,2,999.7,130,3,999.6,6657,15,999.5,1917,12,1000.0,1427,17,1000.1,446,3,1000.2,136,4,1000.3,325,4,1000.4,995,13
317,2025-11-26 10:14:32+05:30,1000.0,65,994.9,2716567,359127.0,334154.0,986.2,1001.8,981.3,986.2,119756250,1084.8,887.6,1102.5,649.1,999.8,654,1,999.7,555,6,999.6,7148,18,999.5,2117,13,999.4,1528,12,1000.0,1793,19,1000.1,446,3,1000.2,97,6,1000.3,366,5,1000.4,1059,12
317,2025-11-26 10:14:34+05:30,1000.0,44,994.9,2716567,359127.0,334154.0,986.2,1001.8,981.3,986.2,119756250,1084.8,887.6,1102.5,649.1,999.8,654,1,999.7,555,6,999.6,7148,18,999.5,2117,13,999.4,1528,12,1000.0,1793,19,1000.1,446,3,1000.2,97,6,1000.3,366,5,1000.4,1059,12
317,2025-11-26 10:14:37+05:30,1000.0,44,994.9,2716974,359547.0,333901.0,986.2,1001.8,981.3,986.2,119756250,1084.8,887.6,1102.5,649.1,999.9,205,4,999.8,874,6,999.7,1376,7,999.6,6412,17,999.5,2229,18,1000.0,1566,21,1000.1,446,3,1000.2,29,1,1000.3,15,1,1000.4,566,7
317,2025-11-26 10:14:37+05:30,1000.0,7,994.9,2716974,359547.0,333901.0,986.2,1001.8,981.3,986.2,119756250,1084.8,887.6,1102.5,649.1,999.9,205,4,999.8,874,6,999.7,1376,7,999.6,6412,17,999.5,2229,18,1000.0,1566,21,1000.1,446,3,1000.2,29,1,1000.3,15,1,1000.4,566,7
317,2025-11-26 10:14:40+05:30,1000.0,1,994.9,2716974,359547.0,333901.0,986.2,1001.8,981.3,986.2,119756250,1084.8,887.6,1102.5,649.1,999.9,205,4,999.8,874,6,999.7,1376,7,999.6,6412,17,999.5,2229,18,1000.0,1566,21,1000.1,446,3,1000.2,29,1,1000.3,15,1,1000.4,566,7
317,2025-11-26 10:14:43+05:30,1000.0,50,994.9,2717629,362140.0,333947.0,986.2,1001.8,981.3,986.2,119756250,1084.8,887.6,1102.5,649.1,999.9,711,4,999.8,1394,7,999.7,3039,12,999.6,4900,15,999.5,2979,19,1000.0,1358,18,1000.1,466,3,1000.2,29,1,1000.4,475,7,1000.5,785,13
317,2025-11-26 10:14:43+05:30,1000.0,50,994.9,2717629,362140.0,333947.0,986.2,1001.8,981.3,986.2,119756250,1084.8,887.6,1102.5,649.1,999.9,711,4,999.8,1394,7,999.7,3039,12,999.6,4900,15,999.5,2979,19,1000.0,1358,18,1000.1,466,3,1000.2,29,1,1000.4,475,7,1000.5,785,13
317,2025-11-26 10:14:46+05:30,999.9,42,994.9,2717629,362140.0,333947.0,986.2,1001.8,981.3,986.2,119756250,1084.8,887.6,1102.5,649.1,999.9,711,4,999.8,1394,7,999.7,3039,12,999.6,4900,15,999.5,2979,19,1000.0,1358,18,1000.1,466,3,1000.2,29,1,1000.4,475,7,1000.5,785,13
317,2025-11-26 10:14:48+05:30,1000.0,2,994.9,2717842,363157.0,334612.0,986.2,1001.8,981.3,986.2,119756250,1084.8,887.6,1102.5,649.1,999.9,460,1,999.8,328,3,999.7,3875,14,999.6,4900,15,999.5,2192,16,1000.0,1351,18,1000.1,422,2,1000.2,29,1,1000.4,476,8,1000.5,908,15
317,2025-11-26 10:14:49+05:30,1000.0,10,994.9,2717842,363157.0,334612.0,986.2,1001.8,981.3,986.2,119756250,1084.8,887.6,1102.5,649.1,999.9,460,1,999.8,328,3,999.7,3875,14,999.6,4900,15,999.5,2192,16,1000.0,1351,18,1000.1,422,2,1000.2,29,1,1000.4,476,8,1000.5,908,15
317,2025-11-26 10:14:52+05:30,1000.0,18,994.9,2717842,363157.0,334612.0,986.2,1001.8,981.3,986.2,119756250,1084.8,887.6,1102.5,649.1,999.9,460,1,999.8,328,3,999.7,3875,14,999.6,4900,15,999.5,2192,16,1000.0,1351,18,1000.1,422,2,1000.2,29,1,1000.4,476,8,1000.5,908,15
317,2025-11-26 10:14:53+05:30,1000.0,18,994.9,2719938,356917.0,333937.0,986.2,1001.8,981.3,986.2,119756250,1084.8,887.6,1102.5,649.1,999.9,13,1,999.8,14,1,999.7,3884,10,999.6,2127,9,999.5,2280,14,1000.0,1323,16,1000.1,458,3,1000.2,719,9,1000.3,722,6,1000.4,1062,15
317,2025-11-26 10:14:55+05:30,1000.0,1,994.9,2719938,356917.0,333937.0,986.2,1001.8,981.3,986.2,119756250,1084.8,887.6,1102.5,649.1,999.9,13,1,999.8,14,1,999.7,3884,10,999.6,2127,9,999.5,2280,14,1000.0,1323,16,1000.1,458,3,1000.2,719,9,1000.3,722,6,1000.4,1062,15
317,2025-11-26 10:14:57+05:30,1000.0,1,994.9,2719938,356917.0,333937.0,986.2,1001.8,981.3,986.2,119756250,1084.8,887.6,1102.5,649.1,999.9,13,1,999.8,14,1,999.7,3884,10,999.6,2127,9,999.5,2280,14,1000.0,1323,16,1000.1,458,3,1000.2,719,9,1000.3,722,6,1000.4,1062,15
317,2025-11-26 10:14:58+05:30,1000.0,15,994.91,2721990,359225.0,337394.0,986.2,1001.8,981.3,986.2,119756250,1084.8,887.6,1102.5,649.1,999.8,14,1,999.7,750,1,999.6,1149,5,999.5,4306,14,999.4,792,9,1000.0,888,17,1000.1,778,5,1000.2,639,9,1000.3,822,11,1000.4,1034,16
317,2025-11-26 10:14:59+05:30,999.7,454,994.91,2721990,359225.0,337394.0,986.2,1001.8,981.3,986.2,119756250,1084.8,887.6,1102.5,649.1,999.8,14,1,999.7,750,1,999.6,1149,5,999.5,4306,14,999.4,792,9,1000.0,888,17,1000.1,778,5,1000.2,639,9,1000.3,822,11,1000.4,1034,16
317,2025-11-26 10:15:02+05:30,1000.0,1,994.91,2721990,359225.0,337394.0,986.2,1001.8,981.3,986.2,119756250,1084.8,887.6,1102.5,649.1,999.8,14,1,999.7,750,1,999.6,1149,5,999.5,4306,14,999.4,792,9,1000.0,888,17,1000.1,778,5,1000.2,639,9,1000.3,822,11,1000.4,1034,16
317,2025-11-26 10:15:04+05:30,1000.0,1,994.91,2724246,357884.0,337409.0,986.2,1001.8,981.3,986.2,119756250,1084.8,887.6,1102.5,649.1,999.7,50,1,999.6,1969,5,999.5,3357,8,999.4,2497,11,999.3,2668,12,1000.0,779,18,1000.1,706,4,1000.2,644,10,1000.3,927,9,1000.4,1047,17
317,2025-11-26 10:15:05+05:30,1000.0,2,994.91,2724246,357884.0,337409.0,986.2,1001.8,981.3,986.2,119756250,1084.8,887.6,1102.5,649.1,999.7,50,1,999.6,1969,5,999.5,3357,8,999.4,2497,11,999.3,2668,12,1000.0,779,18,1000.1,706,4,1000.2,644,10,1000.3,927,9,1000.4,1047,17
317,2025-11-26 10:15:08+05:30,999.9,44,994.91,2724246,357884.0,337409.0,986.2,1001.8,981.3,986.2,119756250,1084.8,887.6,1102.5,649.1,999.7,50,1,999.6,1969,5,999.5,3357,8,999.4,2497,11,999.3,2668,12,1000.0,779,18,1000.1,706,4,1000.2,644,10,1000.3,927,9,1000.4,1047,17
317,2025-11-26 10:15:09+05:30,999.7,1,994.91,2725667,360840.0,337552.0,986.2,1001.8,981.3,986.2,119756250,1084.8,887.6,1102.5,649.1,999.7,864,7,999.6,1995,11,999.5,5004,18,999.4,2290,12,999.3,1932,13,999.9,242,1,1000.0,848,18,1000.1,525,3,1000.2,36,4,1000.3,472,5
317,2025-11-26 10:15:11+05:30,1000.0,15,994.91,2725667,360840.0,337552.0,986.2,1001.8,981.3,986.2,119756250,1084.8,887.6,1102.5,649.1,999.7,864,7,999.6,1995,11,999.5,5004,18,999.4,2290,12,999.3,1932,13,999.9,242,1,1000.0,848,18,1000.1,525,3,1000.2,36,4,1000.3,472,5
317,2025-11-26 10:15:14+05:30,1000.0,18,994.91,2725667,360840.0,337552.0,986.2,1001.8,981.3,986.2,119756250,1084.8,887.6,1102.5,649.1,999.7,864,7,999.6,1995,11,999.5,5004,18,999.4,2290,12,999.3,1932,13,999.9,242,1,1000.0,848,18,1000.1,525,3,1000.2,36,4,1000.3,472,5
317,2025-11-26 10:15:15+05:30,1000.0,18,994.92,2728022,360065.0,336907.0,986.2,1001.8,981.3,986.2,119756250,1084.8,887.6,1102.5,649.1,999.8,112,1,999.7,519,6,999.6,1702,9,999.5,4752,16,999.4,2527,12,1000.0,421,12,1000.1,999,3,1000.2,381,8,1000.3,540,6,1000.4,1127,16
317,2025-11-26 10:15:17+05:30,1000.0,6,994.92,2728022,360065.0,336907.0,986.2,1001.8,981.3,986.2,119756250,1084.8,887.6,1102.5,649.1,999.8,112,1,999.7,519,6,999.6,1702,9,999.5,4752,16,999.4,2527,12,1000.0,421,12,1000.1,999,3,1000.2,381,8,1000.3,540,6,1000.4,1127,16
317,2025-11-26 10:15:20+05:30,1000.0,24,994.92,2728995,360042.0,339580.0,986.2,1001.8,981.3,986.2,119756250,1084.8,887.6,1102.5,649.1,999.8,13,1,999.7,674,3,999.6,2294,9,999.5,3803,14,999.4,1848,11,1000.0,923,14,1000.1,906,3,1000.2,552,7,1000.3,567,6,1000.4,1032,16
317,2025-11-26 10:15:20+05:30,1000.0,27,994.92,2728995,360042.0,339580.0,986.2,1001.8,981.3,986.2,119756250,1084.8,887.6,1102.5,649.1,999.8,13,1,999.7,674,3,999.6,2294,9,999.5,3803,14,999.4,1848,11,1000.0,923,14,1000.1,906,3,1000.2,552,7,1000.3,567,6,1000.4,1032,16
317,2025-11-26 10:15:23+05:30,999.9,3,994.92,2728995,360042.0,339580.0,986.2,1001.8,981.3,986.2,119756250,1084.8,887.6,1102.5,649.1,999.8,13,1,999.7,674,3,999.6,2294,9,999.5,3803,14,999.4,1848,11,1000.0,923,14,1000.1,906,3,1000.2,552,7,1000.3,567,6,1000.4,1032,16
317,2025-11-26 10:15:26+05:30,1000.0,30,994.92,2729276,356663.0,341485.0,986.2,1001.8,981.3,986.2,119756250,1084.8,887.6,1102.5,649.1,999.8,11,1,999.6,993,2,999.5,214,3,999.4,1044,6,999.3,2392,11,1000.0,1449,21,1000.1,1544,11,1000.2,647,7,1000.3,605,9,1000.4,823,15
317,2025-11-26 10:15:26+05:30,999.8,1,994.92,2729276,356663.0,341485.0,986.2,1001.8,981.3,986.2,119756250,1084.8,887.6,1102.5,649.1,999.8,11,1,999.6,993,2,999.5,214,3,999.4,1044,6,999.3,2392,11,1000.0,1449,21,1000.1,1544,11,1000.2,647,7,1000.3,605,9,1000.4,823,15
317,2025-11-26 10:15:29+05:30,999.8,10,994.92,2729276,356663.0,341485.0,986.2,1001.8,981.3,986.2,119756250,1084.8,887.6,1102.5,649.1,999.8,11,1,999.6,993,2,999.5,214,3,999.4,1044,6,999.3,2392,11,1000.0,1449,21,1000.1,1544,11,1000.2,647,7,1000.3,605,9,1000.4,823,15
317,2025-11-26 10:15:31+05:30,999.9,108,994.92,2729805,358892.0,344155.0,986.2,1001.8,981.3,986.2,119756250,1084.8,887.6,1102.5,649.1,999.6,993,2,999.5,695,3,999.4,503,5,999.3,4011,15,999.2,3210,14,999.9,49,1,1000.0,1589,26,1000.1,1976,13,1000.2,781,12,1000.3,755,10
317,2025-11-26 10:15:32+05:30,999.8,5,994.92,2729805,358892.0,344155.0,986.2,1001.8,981.3,986.2,119756250,1084.8,887.6,1102.5,649.1,999.6,993,2,999.5,695,3,999.4,503,5,999.3,4011,15,999.2,3210,14,999.9,49,1,1000.0,1589,26,1000.1,1976,13,1000.2,781,12,1000.3,755,10
317,2025-11-26 10:15:36+05:30,999.9,86,994.92,2730761,359965.0,344422.0,986.2,1001.8,981.3,986.2,119756250,1084.8,887.6,1102.5,649.1,999.6,1392,7,999.5,713,12,999.4,4325,12,999.3,3352,12,999.2,1295,9,999.9,549,2,1000.0,1056,18,1000.1,1757,8,1000.2,783,14,1000.3,902,14
317,2025-11-26 10:15:36+05:30,999.9,86,994.92,2730761,359965.0,344422.0,986.2,1001.8,981.3,986.2,119756250,1084.8,887.6,1102.5,649.1,999.6,1392,7,999.5,713,12,999.4,4325,12,999.3,3352,12,999.2,1295,9,999.9,549,2,1000.0,1056,18,1000.1,1757,8,1000.2,783,14,1000.3,902,14
317,2025-11-26 10:15:40+05:30,999.9,44,994.92,2730761,359965.0,344422.0,986.2,1001.8,981.3,986.2,119756250,1084.8,887.6,1102.5,649.1,999.6,1392,7,999.5,713,12,999.4,4325,12,999.3,3352,12,999.2,1295,9,999.9,549,2,1000.0,1056,18,1000.1,1757,8,1000.2,783,14,1000.3,902,14
317,2025-11-26 10:15:42+05:30,999.9,12,994.93,2732757,362150.0,342576.0,986.2,1001.8,981.3,986.2,119756250,1084.8,887.6,1102.5,649.1,999.8,495,5,999.7,750,9,999.6,4588,19,999.5,3296,13,999.4,1641,9,999.9,620,2,1000.0,985,17,1000.1,1434,5,1000.2,29,1,1000.3,745,11
317,2025-11-26 10:15:43+05:30,999.7,38,994.93,2732757,362150.0,342576.0,986.2,1001.8,981.3,986.2,119756250,1084.8,887.6,1102.5,649.1,999.8,495,5,999.7,750,9,999.6,4588,19,999.5,3296,13,999.4,1641,9,999.9,620,2,1000.0,985,17,1000.1,1434,5,1000.2,29,1,1000.3,745,11
317,2025-11-26 10:15:46+05:30,999.9,5,994.93,2732757,362150.0,342576.0,986.2,1001.8,981.3,986.2,119756250,1084.8,887.6,1102.5,649.1,999.8,495,5,999.7,750,9,999.6,4588,19,999.5,3296,13,999.4,1641,9,999.9,620,2,1000.0,985,17,1000.1,1434,5,1000.2,29,1,1000.3,745,11
317,2025-11-26 10:15:47+05:30,999.9,5,994.93,2733440,362566.0,342682.0,986.2,1001.8,981.3,986.2,119756250,1084.8,887.6,1102.5,649.1,999.8,823,2,999.7,637,5,999.6,4473,15,999.5,3375,18,999.4,1630,8,999.9,516,4,1000.0,973,17,1000.1,1434,5,1000.2,227,2,1000.3,748,15
317,2025-11-26 10:15:49+05:30,999.9,5,994.93,2733440,362566.0,342682.0,986.2,1001.8,981.3,986.2,119756250,1084.8,887.6,1102.5,649.1,999.8,823,2,999.7,637,5,999.6,4473,15,999.5,3375,18,999.4,1630,8,999.9,516,4,1000.0,973,17,1000.1,1434,5,1000.2,227,2,1000.3,748,15
317,2025-11-26 10:15:52+05:30,999.9,40,994.93,2735314,363371.0,339256.0,986.2,1001.8,981.3,986.2,119756250,1084.8,887.6,1102.5,649.1,999.9,193,2,999.8,3344,9,999.7,2788,9,999.6,2845,13,999.5,824,9,1000.0,870,14,1000.1,1434,5,1000.2,29,1,1000.3,200,3,1000.4,397,8
317,2025-11-26 10:15:53+05:30,999.9,40,994.93,2735314,363371.0,339256.0,986.2,1001.8,981.3,986.2,119756250,1084.8,887.6,1102.5,649.1,999.9,193,2,999.8,3344,9,999.7,2788,9,999.6,2845,13,999.5,824,9,1000.0,870,14,1000.1,1434,5,1000.2,29,1,1000.3,200,3,1000.4,397,8
317,2025-11-26 10:15:56+05:30,999.9,13,994.93,2735314,363371.0,339256.0,986.2,1001.8,981.3,986.2,119756250,1084.8,887.6,1102.5,649.1,999.9,193,2,999.8,3344,9,999.7,2788,9,999.6,2845,13,999.5,824,9,1000.0,870,14,1000.1,1434,5,1000.2,29,1,1000.3,200,3,1000.4,397,8
317,2025-11-26 10:15:57+05:30,999.9,5,994.93,2737022,363404.0,340713.0,986.2,1001.8,981.3,986.2,119756250,1084.8,887.6,1102.5,649.1,999.8,1061,3,999.7,1549,3,999.6,3619,13,999.5,1934,12,999.4,1636,9,999.9,125,2,1000.0,529,15,1000.1,1514,5,1000.2,298,6,1000.3,337,4
317,2025-11-26 10:15:59+05:30,999.5,1,994.93,2737022,363404.0,340713.0,986.2,1001.8,981.3,986.2,119756250,1084.8,887.6,1102.5,649.1,999.8,1061,3,999.7,1549,3,999.6,3619,13,999.5,1934,12,999.4,1636,9,999.9,125,2,1000.0,529,15,1000.1,1514,5,1000.2,298,6,1000.3,337,4
317,2025-11-26 10:16:02+05:30,999.5,131,994.93,2737022,363404.0,340713.0,986.2,1001.8,981.3,986.2,119756250,1084.8,887.6,1102.5,649.1,999.8,1061,3,999.7,1549,3,999.6,3619,13,999.5,1934,12,999.4,1636,9,999.9,125,2,1000.0,529,15,1000.1,1514,5,1000.2,298,6,1000.3,337,4
317,2025-11-26 10:16:02+05:30,999.5,131,994.93,2737022,363404.0,340713.0,986.2,1001.8,981.3,986.2,119756250,1084.8,887.6,1102.5,649.1,999.8,1061,3,999.7,1549,3,999.6,3619,13,999.5,1934,12,999.4,1636,9,999.9,125,2,1000.0,529,15,1000.1,1514,5,1000.2,298,6,1000.3,337,4
317,2025-11-26 10:16:02+05:30,999.9,44,994.94,2741041,358906.0,342877.0,986.2,1001.8,981.3,986.2,119756250,1084.8,887.6,1102.5,649.1,999.5,736,3,999.4,412,6,999.3,3973,14,999.2,3977,14,999.1,1680,11,999.9,613,4,1000.0,1206,26,1000.1,1945,10,1000.2,772,10,1000.3,931,15
317,2025-11-26 10:16:02+05:30,999.9,44,994.94,2741041,358906.0,342877.0,986.2,1001.8,981.3,986.2,119756250,1084.8,887.6,1102.5,649.1,999.5,736,3,999.4,412,6,999.3,3973,14,999.2,3977,14,999.1,1680,11,999.9,613,4,1000.0,1206,26,1000.1,1945,10,1000.2,772,10,1000.3,931,15
317,2025-11-26 10:16:03+05:30,999.9,44,994.94,2741041,358906.0,342877.0,986.2,1001.8,981.3,986.2,119756250,1084.8,887.6,1102.5,649.1,999.5,736,3,999.4,412,6,999.3,3973,14,999.2,3977,14,999.1,1680,11,999.9,613,4,1000.0,1206,26,1000.1,1945,10,1000.2,772,10,1000.3,931,15
317,2025-11-26 10:16:04+05:30,999.9,44,994.94,2741041,358906.0,342877.0,986.2,1001.8,981.3,986.2,119756250,1084.8,887.6,1102.5,649.1,999.5,736,3,999.4,412,6,999.3,3973,14,999.2,3977,14,999.1,1680,11,999.9,613,4,1000.0,1206,26,1000.1,1945,10,1000.2,772,10,1000.3,931,15
317,2025-11-26 10:16:05+05:30,999.9,30,994.94,2741041,358906.0,342877.0,986.2,1001.8,981.3,986.2,119756250,1084.8,887.6,1102.5,649.1,999.5,736,3,999.4,412,6,999.3,3973,14,999.2,3977,14,999.1,1680,11,999.9,613,4,1000.0,1206,26,1000.1,1945,10,1000.2,772,10,1000.3,931,15
317,2025-11-26 10:16:05+05:30,999.9,30,994.94,2741041,358906.0,342877.0,986.2,1001.8,981.3,986.2,119756250,1084.8,887.6,1102.5,649.1,999.5,736,3,999.4,412,6,999.3,3973,14,999.2,3977,14,999.1,1680,11,999.9,613,4,1000.0,1206,26,1000.1,1945,10,1000.2,772,10,1000.3,931,15
317,2025-11-26 10:16:05+05:30,999.9,30,994.94,2741041,358906.0,342877.0,986.2,1001.8,981.3,986.2,119766000,1084.8,887.6,1102.5,649.1,999.5,736,3,999.4,412,6,999.3,3973,14,999.2,3977,14,999.1,1680,11,999.9,613,4,1000.0,1206,26,1000.1,1945,10,1000.2,772,10,1000.3,931,15
317,2025-11-26 10:16:06+05:30,999.9,30,994.94,2741041,358906.0,342877.0,986.2,1001.8,981.3,986.2,119766000,1084.8,887.6,1102.5,649.1,999.5,736,3,999.4,412,6,999.3,3973,14,999.2,3977,14,999.1,1680,11,999.9,613,4,1000.0,1206,26,1000.1,1945,10,1000.2,772,10,1000.3,931,15
317,2025-11-26 10:16:07+05:30,999.9,14,994.95,2744683,362032.0,339711.0,986.2,1001.8,981.3,986.2,119766000,1084.8,887.6,1102.5,649.1,999.9,627,3,999.8,750,1,999.7,770,2,999.6,251,4,999.5,3321,15,1000.0,881,17,1000.1,1625,6,1000.2,463,7,1000.3,629,6,1000.4,832,13
317,2025-11-26 10:16:08+05:30,999.9,14,994.95,2744683,362032.0,339711.0,986.2,1001.8,981.3,986.2,119766000,1084.8,887.6,1102.5,649.1,999.9,627,3,999.8,750,1,999.7,770,2,999.6,251,4,999.5,3321,15,1000.0,881,17,1000.1,1625,6,1000.2,463,7,1000.3,629,6,1000.4,832,13
317,2025-11-26 10:16:11+05:30,999.9,1,994.95,2744683,362032.0,339711.0,986.2,1001.8,981.3,986.2,119766000,1084.8,887.6,1102.5,649.1,999.9,627,3,999.8,750,1,999.7,770,2,999.6,251,4,999.5,3321,15,1000.0,881,17,1000.1,1625,6,1000.2,463,7,1000.3,629,6,1000.4,832,13
317,2025-11-26 10:16:12+05:30,1000.0,1,994.95,2746142,360520.0,341207.0,986.2,1001.8,981.3,986.2,119766000,1084.8,887.6,1102.5,649.1,999.9,10,1,999.8,737,1,999.7,20,1,999.6,799,2,999.5,411,5,1000.0,1542,22,1000.1,1512,11,1000.2,632,9,1000.3,639,7,1000.4,999,19
317,2025-11-26 10:16:14+05:30,1000.0,31,994.95,2746142,360520.0,341207.0,986.2,1001.8,981.3,986.2,119766000,1084.8,887.6,1102.5,649.1,999.9,10,1,999.8,737,1,999.7,20,1,999.6,799,2,999.5,411,5,1000.0,1542,22,1000.1,1512,11,1000.2,632,9,1000.3,639,7,1000.4,999,19
317,2025-11-26 10:16:17+05:30,999.8,491,994.95,2746142,360520.0,341207.0,986.2,1001.8,981.3,986.2,119766000,1084.8,887.6,1102.5,649.1,999.9,10,1,999.8,737,1,999.7,20,1,999.6,799,2,999.5,411,5,1000.0,1542,22,1000.1,1512,11,1000.2,632,9,1000.3,639,7,1000.4,999,19
317,2025-11-26 10:16:17+05:30,1000.0,7,994.95,2747056,359658.0,341356.0,986.2,1001.8,981.3,986.2,119766000,1084.8,887.6,1102.5,649.1,999.9,150,1,999.7,20,1,999.6,761,2,999.5,245,4,999.4,5607,15,1000.0,1909,21,1000.1,989,10,1000.2,622,8,1000.3,771,8,1000.4,1313,18
317,2025-11-26 10:16:20+05:30,999.9,14,994.95,2747056,359658.0,341356.0,986.2,1001.8,981.3,986.2,119766000,1084.8,887.6,1102.5,649.1,999.9,150,1,999.7,20,1,999.6,761,2,999.5,245,4,999.4,5607,15,1000.0,1909,21,1000.1,989,10,1000.2,622,8,1000.3,771,8,1000.4,1313,18
317,2025-11-26 10:16:20+05:30,999.9,14,994.95,2747241,356439.0,344067.0,986.2,1001.8,981.3,986.2,119766000,1084.8,887.6,1102.5,649.1,999.7,20,1,999.5,83,2,999.4,900,3,999.3,295,3,999.2,5069,17,999.9,574,8,1000.0,2210,23,1000.1,933,11,1000.2,739,10,1000.3,922,11
317,2025-11-26 10:16:21+05:30,999.7,1,994.95,2747241,356439.0,344067.0,986.2,1001.8,981.3,986.2,119766000,1084.8,887.6,1102.5,649.1,999.7,20,1,999.5,83,2,999.4,900,3,999.3,295,3,999.2,5069,17,999.9,574,8,1000.0,2210,23,1000.1,933,11,1000.2,739,10,1000.3,922,11
317,2025-11-26 10:16:21+05:30,999.9,118,994.95,2747514,356357.0,342795.0,986.2,1001.8,981.3,986.2,119766000,1084.8,887.6,1102.5,649.1,999.7,19,1,999.5,83,2,999.4,900,3,999.3,489,4,999.2,4579,18,999.9,370,7,1000.0,2200,22,1000.1,912,9,1000.2,734,9,1000.3,692,15
317,2025-11-26 10:16:22+05:30,999.9,118,994.95,2747514,356357.0,342795.0,986.2,1001.8,981.3,986.2,119766000,1084.8,887.6,1102.5,649.1,999.7,19,1,999.5,83,2,999.4,900,3,999.3,489,4,999.2,4579,18,999.9,370,7,1000.0,2200,22,1000.1,912,9,1000.2,734,9,1000.3,692,15
317,2025-11-26 10:16:22+05:30,999.9,6,994.95,2747521,356378.0,343976.0,986.2,1001.8,981.3,986.2,119766000,1084.8,887.6,1102.5,649.1,999.7,18,1,999.5,44,1,999.4,860,2,999.3,295,3,999.2,4579,18,999.9,610,10,1000.0,3171,22,1000.1,912,9,1000.2,734,9,1000.3,692,15
317,2025-11-26 10:16:23+05:30,999.9,48,994.95,2747521,356378.0,343976.0,986.2,1001.8,981.3,986.2,119766000,1084.8,887.6,1102.5,649.1,999.7,18,1,999.5,44,1,999.4,860,2,999.3,295,3,999.2,4579,18,999.9,610,10,1000.0,3171,22,1000.1,912,9,1000.2,734,9,1000.3,692,15
317,2025-11-26 10:16:23+05:30,999.9,4,994.95,2747576,356362.0,344524.0,986.2,1001.8,981.3,986.2,119766000,1084.8,887.6,1102.5,649.1,999.7,18,1,999.5,44,1,999.4,860,2,999.3,295,3,999.2,4579,18,999.9,730,10,1000.0,3171,22,1000.1,912,9,1000.2,734,9,1000.3,692,15
317,2025-11-26 10:16:24+05:30,999.9,4,994.95,2747576,356362.0,344524.0,986.2,1001.8,981.3,986.2,119766000,1084.8,887.6,1102.5,649.1,999.7,18,1,999.5,44,1,999.4,860,2,999.3,295,3,999.2,4579,18,999.9,730,10,1000.0,3171,22,1000.1,912,9,1000.2,734,9,1000.3,692,15
317,2025-11-26 10:16:24+05:30,999.9,5,994.95,2747581,356384.0,344523.0,986.2,1001.8,981.3,986.2,119766000,1084.8,887.6,1102.5,649.1,999.7,18,1,999.5,44,1,999.4,860,2,999.3,295,3,999.2,4579,18,999.9,725,10,1000.0,3171,22,1000.1,912,9,1000.2,734,9,1000.3,692,15
317,2025-11-26 10:16:25+05:30,999.9,5,994.95,2747581,356384.0,344523.0,986.2,1001.8,981.3,986.2,119766000,1084.8,887.6,1102.5,649.1,999.7,18,1,999.5,44,1,999.4,860,2,999.3,295,3,999.2,4579,18,999.9,725,10,1000.0,3171,22,1000.1,912,9,1000.2,734,9,1000.3,692,15
317,2025-11-26 10:16:25+05:30,999.9,10,994.95,2747594,356362.0,345012.0,986.2,1001.8,981.3,986.2,119766000,1084.8,887.6,1102.5,649.1,999.7,18,1,999.5,44,1,999.4,860,2,999.3,295,3,999.2,4579,18,999.9,712,10,1000.0,3685,24,1000.1,912,9,1000.2,722,7,1000.3,692,15
317,2025-11-26 10:16:26+05:30,999.9,10,994.95,2747594,356362.0,345012.0,986.2,1001.8,981.3,986.2,119766000,1084.8,887.6,1102.5,649.1,999.7,18,1,999.5,44,1,999.4,860,2,999.3,295,3,999.2,4579,18,999.9,712,10,1000.0,3685,24,1000.1,912,9,1000.2,722,7,1000.3,692,15
317,2025-11-26 10:16:26+05:30,999.9,1,994.95,2747599,356362.0,345239.0,986.2,1001.8,981.3,986.2,119766000,1084.8,887.6,1102.5,649.1,999.7,18,1,999.5,54,2,999.4,860,2,999.3,295,3,999.2,4579,18,999.9,703,10,1000.0,3685,24,1000.1,912,9,1000.2,732,8,1000.3,682,14
317,2025-11-26 10:16:27+05:30,999.9,1,994.95,2747599,356362.0,345239.0,986.2,1001.8,981.3,986.2,119766000,1084.8,887.6,1102.5,649.1,999.7,18,1,999.5,54,2,999.4,860,2,999.3,295,3,999.2,4579,18,999.9,703,10,1000.0,3685,24,1000.1,912,9,1000.2,732,8,1000.3,682,14
317,2025-11-26 10:16:27+05:30,999.9,1,994.95,2747599,356390.0,345175.0,986.2,1001.8,981.3,986.2,119766000,1084.8,887.6,1102.5,649.1,999.7,18,1,999.5,44,1,999.4,860,2,999.3,295,3,999.2,4589,19,999.9,640,10,1000.0,3684,23,1000.1,912,9,1000.2,732,8,1000.3,682,14
317,2025-11-26 10:16:28+05:30,999.7,18,994.95,2747599,356390.0,345175.0,986.2,1001.8,981.3,986.2,119766000,1084.8,887.6,1102.5,649.1,999.7,18,1,999.5,44,1,999.4,860,2,999.3,295,3,999.2,4589,19,999.9,640,10,1000.0,3684,23,1000.1,912,9,1000.2,732,8,1000.3,682,14
317,2025-11-26 10:16:28+05:30,999.5,20,994.95,2747688,357337.0,345449.0,986.2,1001.8,981.3,986.2,119766000,1084.8,887.6,1102.5,649.1,999.5,24,1,999.4,779,2,999.3,359,4,999.2,5429,20,999.1,977,13,999.8,85,3,999.9,768,11,1000.0,3833,26,1000.1,1026,10,1000.2,722,7
317,2025-11-26 10:16:29+05:30,999.5,20,994.95,2747688,357337.0,345449.0,986.2,1001.8,981.3,986.2,119766000,1084.8,887.6,1102.5,649.1,999.5,24,1,999.4,779,2,999.3,359,4,999.2,5429,20,999.1,977,13,999.8,85,3,999.9,768,11,1000.0,3833,26,1000.1,1026,10,1000.2,722,7
317,2025-11-26 10:16:29+05:30,999.4,16,994.95,2747753,357158.0,346029.0,986.2,1001.8,981.3,986.2,119766000,1084.8,887.6,1102.5,649.1,999.4,734,1,999.3,50,1,999.2,5334,19,999.1,1062,13,999.0,7334,35,999.8,231,4,999.9,1353,12,1000.0,3748,26,1000.1,1031,11,1000.2,572,9
317,2025-11-26 10:16:30+05:30,999.4,16,994.95,2747753,357158.0,346029.0,986.2,1001.8,981.3,986.2,119766000,1084.8,887.6,1102.5,649.1,999.4,734,1,999.3,50,1,999.2,5334,19,999.1,1062,13,999.0,7334,35,999.8,231,4,999.9,1353,12,1000.0,3748,26,1000.1,1031,11,1000.2,572,9
317,2025-11-26 10:16:30+05:30,999.4,7,994.95,2747886,357091.0,346518.0,986.2,1001.8,981.3,986.2,119766000,1084.8,887.6,1102.5,649.1,999.4,786,2,999.3,227,3,999.2,5834,19,999.1,1717,13,999.0,5834,33,999.8,682,6,999.9,1303,11,1000.0,3651,28,1000.1,1195,13,1000.2,672,10
317,2025-11-26 10:16:31+05:30,999.4,3,994.95,2747886,357091.0,346518.0,986.2,1001.8,981.3,986.2,119766000,1084.8,887.6,1102.5,649.1,999.4,786,2,999.3,227,3,999.2,5834,19,999.1,1717,13,999.0,5834,33,999.8,682,6,999.9,1303,11,1000.0,3651,28,1000.1,1195,13,1000.2,672,10
317,2025-11-26 10:16:31+05:30,999.8,1,994.95,2748247,359376.0,345770.0,986.2,1001.8,981.3,986.2,119766000,1084.8,887.6,1102.5,649.1,999.5,793,4,999.4,1056,9,999.3,3455,15,999.2,3768,15,999.1,2273,13,999.8,386,2,999.9,532,3,1000.0,4098,19,1000.1,1001,9,1000.2,618,7
317,2025-11-26 10:16:32+05:30,999.8,1,994.95,2748247,359376.0,345770.0,986.2,1001.8,981.3,986.2,119766000,1084.8,887.6,1102.5,649.1,999.5,793,4,999.4,1056,9,999.3,3455,15,999.2,3768,15,999.1,2273,13,999.8,386,2,999.9,532,3,1000.0,4098,19,1000.1,1001,9,1000.2,618,7
317,2025-11-26 10:16:32+05:30,999.8,10,994.95,2748257,358837.0,345822.0,986.2,1001.8,981.3,986.2,119766000,1084.8,887.6,1102.5,649.1,999.5,793,4,999.4,1056,9,999.3,3455,15,999.2,3768,15,999.1,2467,14,999.8,385,3,999.9,532,3,1000.0,4098,19,1000.1,1001,9,1000.2,618,7
317,2025-11-26 10:16:33+05:30,999.5,1,994.95,2748257,358837.0,345822.0,986.2,1001.8,981.3,986.2,119766000,1084.8,887.6,1102.5,649.1,999.5,793,4,999.4,1056,9,999.3,3455,15,999.2,3768,15,999.1,2467,14,999.8,385,3,999.9,532,3,1000.0,4098,19,1000.1,1001,9,1000.2,618,7
317,2025-11-26 10:16:33+05:30,999.5,2,994.95,2748265,359990.0,346489.0,986.2,1001.8,981.3,986.2,119766000,1084.8,887.6,1102.5,649.1,999.6,112,1,999.5,776,4,999.4,315,5,999.3,3727,12,999.2,4245,20,999.8,380,3,999.9,815,5,1000.0,4349,23,1000.1,912,8,1000.2,677,8
317,2025-11-26 10:16:34+05:30,999.5,2,994.95,2748265,359990.0,346489.0,986.2,1001.8,981.3,986.2,119766000,1084.8,887.6,1102.5,649.1,999.6,112,1,999.5,776,4,999.4,315,5,999.3,3727,12,999.2,4245,20,999.8,380,3,999.9,815,5,1000.0,4349,23,1000.1,912,8,1000.2,677,8
317,2025-11-26 10:16:34+05:30,999.5,2,994.95,2748265,359107.0,345878.0,986.2,1001.8,981.3,986.2,119766000,1084.8,887.6,1102.5,649.1,999.6,1009,6,999.5,1536,8,999.4,5394,16,999.3,1569,8,999.2,1727,13,999.8,380,3,999.9,588,4,1000.0,4096,18,1000.1,860,7,1000.2,784,7
317,2025-11-26 10:16:35+05:30,999.8,20,994.95,2748265,359107.0,345878.0,986.2,1001.8,981.3,986.2,119766000,1084.8,887.6,1102.5,649.1,999.6,1009,6,999.5,1536,8,999.4,5394,16,999.3,1569,8,999.2,1727,13,999.8,380,3,999.9,588,4,1000.0,4096,18,1000.1,860,7,1000.2,784,7
317,2025-11-26 10:16:35+05:30,999.8,79,994.95,2748385,360858.0,345612.0,986.2,1001.8,981.3,986.2,119766000,1084.8,887.6,1102.5,649.1,999.6,1153,7,999.5,3125,11,999.4,4626,19,999.3,1853,11,999.2,1727,13,999.8,317,3,999.9,588,4,1000.0,3902,17,1000.1,860,7,1000.2,784,7
317,2025-11-26 10:16:36+05:30,999.8,5,994.95,2748385,360858.0,345612.0,986.2,1001.8,981.3,986.2,119766000,1084.8,887.6,1102.5,649.1,999.6,1153,7,999.5,3125,11,999.4,4626,19,999.3,1853,11,999.2,1727,13,999.8,317,3,999.9,588,4,1000.0,3902,17,1000.1,860,7,1000.2,784,7
317,2025-11-26 10:16:36+05:30,999.8,100,994.95,2748611,360056.0,345812.0,986.2,1001.8,981.3,986.2,119766000,1084.8,887.6,1102.5,649.1,999.6,888,5,999.5,2668,7,999.4,4715,20,999.3,1603,10,999.2,1727,13,999.8,212,3,999.9,588,4,1000.0,3902,17,1000.1,860,7,1000.2,784,7
317,2025-11-26 10:16:37+05:30,999.8,10,994.95,2748611,360056.0,345812.0,986.2,1001.8,981.3,986.2,119766000,1084.8,887.6,1102.5,649.1,999.6,888,5,999.5,2668,7,999.4,4715,20,999.3,1603,10,999.2,1727,13,999.8,212,3,999.9,588,4,1000.0,3902,17,1000.1,860,7,1000.2,784,7
317,2025-11-26 10:16:37+05:30,999.8,5,994.95,2748626,360554.0,345478.0,986.2,1001.8,981.3,986.2,119766000,1084.8,887.6,1102.5,649.1,999.6,1908,8,999.5,2032,8,999.4,4626,19,999.3,1853,11,999.2,1727,13,999.8,197,3,999.9,588,4,1000.0,3902,17,1000.1,734,6,1000.2,584,6
317,2025-11-26 10:16:38+05:30,999.8,5,994.95,2748626,360554.0,345478.0,986.2,1001.8,981.3,986.2,119766000,1084.8,887.6,1102.5,649.1,999.6,1908,8,999.5,2032,8,999.4,4626,19,999.3,1853,11,999.2,1727,13,999.8,197,3,999.9,588,4,1000.0,3902,17,1000.1,734,6,1000.2,584,6
317,2025-11-26 10:16:38+05:30,999.8,5,994.95,2748626,360504.0,345535.0,986.2,1001.8,981.3,986.2,119766000,1084.8,887.6,1102.5,649.1,999.6,1109,6,999.5,2782,9,999.4,4626,19,999.3,1853,11,999.2,1727,13,999.8,197,3,999.9,588,4,1000.0,4096,18,1000.1,734,6,1000.2,584,6
317,2025-11-26 10:16:39+05:30,999.6,10,994.95,2748636,359929.0,345839.0,986.2,1001.8,981.3,986.2,119766000,1084.8,887.6,1102.5,649.1,999.6,829,4,999.5,2509,7,999.4,4715,20,999.3,1853,11,999.2,1674,11,999.8,457,4,999.9,532,3,1000.0,4145,19,1000.1,783,7,1000.2,584,6
317,2025-11-26 10:16:40+05:30,999.8,10,994.95,2748636,359929.0,345839.0,986.2,1001.8,981.3,986.2,119766000,1084.8,887.6,1102.5,649.1,999.6,829,4,999.5,2509,7,999.4,4715,20,999.3,1853,11,999.2,1674,11,999.8,457,4,999.9,532,3,1000.0,4145,19,1000.1,783,7,1000.2,584,6
317,2025-11-26 10:16:41+05:30,999.8,3,994.95,2748650,359787.0,346881.0,986.2,1001.8,981.3,986.2,119766000,1084.8,887.6,1102.5,649.1,999.6,771,3,999.5,2450,6,999.4,4690,19,999.3,1853,11,999.2,1674,11,999.8,443,4,999.9,532,3,1000.0,4145,19,1000.1,783,7,1000.2,640,7
317,2025-11-26 10:16:41+05:30,999.8,3,994.95,2748650,359787.0,346881.0,986.2,1001.8,981.3,986.2,119766000,1084.8,887.6,1102.5,649.1,999.6,771,3,999.5,2450,6,999.4,4690,19,999.3,1853,11,999.2,1674,11,999.8,443,4,999.9,532,3,1000.0,4145,19,1000.1,783,7,1000.2,640,7
317,2025-11-26 10:16:42+05:30,999.8,3,994.95,2748650,359917.0,346896.0,986.2,1001.8,981.3,986.2,119766000,1084.8,887.6,1102.5,649.1,999.6,827,4,999.5,2531,8,999.4,4708,20,999.3,1853,11,999.2,1674,11,999.8,458,5,999.9,532,3,1000.0,4145,19,1000.1,783,7,1000.2,640,7
317,2025-11-26 10:16:43+05:30,999.8,3,994.95,2748650,359915.0,346895.0,986.2,1001.8,981.3,986.2,119766000,1084.8,887.6,1102.5,649.1,999.6,827,4,999.5,2531,8,999.4,4708,20,999.3,1853,11,999.2,1674,11,999.8,458,5,999.9,531,2,1000.0,4145,19,1000.1,783,7,1000.2,640,7
317,2025-11-26 10:16:44+05:30,999.8,3,994.95,2748650,359915.0,346895.0,986.2,1001.8,981.3,986.2,119766000,1084.8,887.6,1102.5,649.1,999.6,827,4,999.5,2531,8,999.4,4708,20,999.3,1853,11,999.2,1674,11,999.8,458,5,999.9,531,2,1000.0,4145,19,1000.1,783,7,1000.2,640,7
317,2025-11-26 10:16:44+05:30,999.8,3,994.95,2748653,359915.0,346902.0,986.2,1001.8,981.3,986.2,119766000,1084.8,887.6,1102.5,649.1,999.6,827,4,999.5,2531,8,999.4,4708,20,999.3,1853,11,999.2,1674,11,999.8,455,5,999.9,531,2,1000.0,4145,19,1000.1,783,7,1000.2,640,7
317,2025-11-26 10:16:45+05:30,999.8,6,994.95,2748653,359915.0,346902.0,986.2,1001.8,981.3,986.2,119766000,1084.8,887.6,1102.5,649.1,999.6,827,4,999.5,2531,8,999.4,4708,20,999.3,1853,11,999.2,1674,11,999.8,455,5,999.9,531,2,1000.0,4145,19,1000.1,783,7,1000.2,640,7
317,2025-11-26 10:16:45+05:30,999.8,6,994.95,2748659,359859.0,346921.0,986.2,1001.8,981.3,986.2,119766000,1084.8,887.6,1102.5,649.1,999.6,771,3,999.5,2531,8,999.4,4708,20,999.3,1853,11,999.2,1674,11,999.8,449,5,999.9,531,2,1000.0,4145,19,1000.1,783,7,1000.2,640,7
317,2025-11-26 10:16:46+05:30,999.6,202,994.95,2748659,359859.0,346921.0,986.2,1001.8,981.3,986.2,119766000,1084.8,887.6,1102.5,649.1,999.6,771,3,999.5,2531,8,999.4,4708,20,999.3,1853,11,999.2,1674,11,999.8,449,5,999.9,531,2,1000.0,4145,19,1000.1,783,7,1000.2,640,7
317,2025-11-26 10:16:46+05:30,999.6,202,994.96,2748862,359013.0,347975.0,986.2,1001.8,981.3,986.2,119766000,1084.8,887.6,1102.5,649.1,999.6,568,3,999.5,2380,6,999.4,4401,17,999.3,1594,9,999.2,1758,12,999.8,446,5,999.9,531,2,1000.0,4270,23,1000.1,975,10,1000.2,943,10
317,2025-11-26 10:16:47+05:30,999.8,40,994.96,2748862,359013.0,347975.0,986.2,1001.8,981.3,986.2,119766000,1084.8,887.6,1102.5,649.1,999.6,568,3,999.5,2380,6,999.4,4401,17,999.3,1594,9,999.2,1758,12,999.8,446,5,999.9,531,2,1000.0,4270,23,1000.1,975,10,1000.2,943,10
317,2025-11-26 10:16:47+05:30,999.8,40,994.96,2748902,359425.0,347945.0,986.2,1001.8,981.3,986.2,119766000,1084.8,887.6,1102.5,649.1,999.6,624,5,999.5,2580,7,999.4,4508,19,999.3,1594,9,999.2,1924,12,999.8,406,5,999.9,531,2,1000.0,4186,22,1000.1,1059,11,1000.2,943,10
317,2025-11-26 10:16:48+05:30,999.8,4,994.96,2748902,359425.0,347945.0,986.2,1001.8,981.3,986.2,119766000,1084.8,887.6,1102.5,649.1,999.6,624,5,999.5,2580,7,999.4,4508,19,999.3,1594,9,999.2,1924,12,999.8,406,5,999.9,531,2,1000.0,4186,22,1000.1,1059,11,1000.2,943,10
317,2025-11-26 10:16:48+05:30,999.8,4,994.96,2748906,359872.0,348647.0,986.2,1001.8,981.3,986.2,119766000,1084.8,887.6,1102.5,649.1,999.6,673,6,999.5,2664,8,999.4,4433,19,999.3,1844,10,999.2,1674,11,999.8,402,5,999.9,531,2,1000.0,4180,23,1000.1,965,9,1000.2,1017,10
317,2025-11-26 10:16:49+05:30,999.8,5,994.96,2748906,359872.0,348647.0,986.2,1001.8,981.3,986.2,119766000,1084.8,887.6,1102.5,649.1,999.6,673,6,999.5,2664,8,999.4,4433,19,999.3,1844,10,999.2,1674,11,999.8,402,5,999.9,531,2,1000.0,4180,23,1000.1,965,9,1000.2,1017,10
317,2025-11-26 10:16:49+05:30,999.8,5,994.96,2748915,361379.0,351168.0,986.2,1001.8,981.3,986.2,119766000,1084.8,887.6,1102.5,649.1,999.6,817,7,999.5,3476,13,999.4,3943,16,999.3,2594,11,999.2,924,10,999.8,393,5,999.9,531,2,1000.0,4180,23,1000.1,965,9,1000.2,844,8
317,2025-11-26 10:16:50+05:30,999.8,1,994.96,2748915,361379.0,351168.0,986.2,1001.8,981.3,986.2,119766000,1084.8,887.6,1102.5,649.1,999.6,817,7,999.5,3476,13,999.4,3943,16,999.3,2594,11,999.2,924,10,999.8,393,5,999.9,531,2,1000.0,4180,23,1000.1,965,9,1000.2,844,8
317,2025-11-26 10:16:50+05:30,999.8,1,994.96,2749379,361838.0,348721.0,986.2,1001.8,981.3,986.2,119766000,1084.8,887.6,1102.5,649.1,999.8,677,1,999.7,109,2,999.6,4766,15,999.5,1652,12,999.4,2760,13,999.9,531,2,1000.0,3984,21,1000.1,429,4,1000.2,623,7,1000.3,830,10
317,2025-11-26 10:16:51+05:30,999.9,5,994.96,2749379,361838.0,348721.0,986.2,1001.8,981.3,986.2,119766000,1084.8,887.6,1102.5,649.1,999.8,677,1,999.7,109,2,999.6,4766,15,999.5,1652,12,999.4,2760,13,999.9,531,2,1000.0,3984,21,1000.1,429,4,1000.2,623,7,1000.3,830,10
317,2025-11-26 10:16:51+05:30,999.9,5,994.96,2749384,361844.0,348796.0,986.2,1001.8,981.3,986.2,119766000,1084.8,887.6,1102.5,649.1,999.8,690,2,999.7,25,1,999.6,4918,17,999.5,1560,11,999.4,2776,14,999.9,522,2,1000.0,4032,22,1000.1,574,4,1000.2,530,6,1000.3,830,10
317,2025-11-26 10:16:52+05:30,999.9,6,994.96,2749384,361844.0,348796.0,986.2,1001.8,981.3,986.2,119766000,1084.8,887.6,1102.5,649.1,999.8,690,2,999.7,25,1,999.6,4918,17,999.5,1560,11,999.4,2776,14,999.9,522,2,1000.0,4032,22,1000.1,574,4,1000.2,530,6,1000.3,830,10
317,2025-11-26 10:16:52+05:30,999.9,6,994.96,2749511,361118.0,349049.0,986.2,1001.8,981.3,986.2,119766000,1084.8,887.6,1102.5,649.1,999.8,582,3,999.7,25,1,999.6,5655,17,999.5,1560,11,999.4,2017,12,999.9,516,2,1000.0,4032,22,1000.1,574,4,1000.2,540,7,1000.3,849,12
317,2025-11-26 10:16:53+05:30,999.9,1,994.96,2749512,361320.0,349044.0,986.2,1001.8,981.3,986.2,119766000,1084.8,887.6,1102.5,649.1,999.8,582,3,999.7,25,1,999.6,5655,17,999.5,1560,11,999.4,1767,11,999.9,515,2,1000.0,4032,22,1000.1,569,3,1000.2,541,8,1000.3,849,12
317,2025-11-26 10:16:53+05:30,999.9,99,994.96,2749512,361320.0,349044.0,986.2,1001.8,981.3,986.2,119766000,1084.8,887.6,1102.5,649.1,999.8,582,3,999.7,25,1,999.6,5655,17,999.5,1560,11,999.4,1767,11,999.9,515,2,1000.0,4032,22,1000.1,569,3,1000.2,541,8,1000.3,849,12
317,2025-11-26 10:16:54+05:30,999.9,35,994.96,2749512,361320.0,349044.0,986.2,1001.8,981.3,986.2,119766000,1084.8,887.6,1102.5,649.1,999.8,582,3,999.7,25,1,999.6,5655,17,999.5,1560,11,999.4,1767,11,999.9,515,2,1000.0,4032,22,1000.1,569,3,1000.2,541,8,1000.3,849,12
317,2025-11-26 10:16:54+05:30,999.9,35,994.96,2749659,362417.0,348897.0,986.2,1001.8,981.3,986.2,119766000,1084.8,887.6,1102.5,649.1,999.8,582,3,999.7,77,2,999.6,5990,19,999.5,2529,14,999.4,2104,14,999.9,368,1,1000.0,4032,22,1000.1,375,2,1000.2,541,8,1000.3,849,12
317,2025-11-26 10:16:55+05:30,999.9,5,994.96,2749659,362417.0,348897.0,986.2,1001.8,981.3,986.2,119766000,1084.8,887.6,1102.5,649.1,999.8,582,3,999.7,77,2,999.6,5990,19,999.5,2529,14,999.4,2104,14,999.9,368,1,1000.0,4032,22,1000.1,375,2,1000.2,541,8,1000.3,849,12
317,2025-11-26 10:16:55+05:30,999.9,5,994.96,2749666,362477.0,349722.0,986.2,1001.8,981.3,986.2,119766000,1084.8,887.6,1102.5,649.1,999.8,581,3,999.7,25,1,999.6,5762,20,999.5,2571,14,999.4,2070,12,999.9,362,1,1000.0,5032,23,1000.1,569,3,1000.2,531,7,1000.3,838,11
317,2025-11-26 10:16:56+05:30,999.9,5,994.96,2749666,362550.0,349722.0,986.2,1001.8,981.3,986.2,119766000,1084.8,887.6,1102.5,649.1,999.8,581,3,999.7,25,1,999.6,5762,20,999.5,2644,16,999.4,2070,12,999.9,362,1,1000.0,5032,23,1000.1,569,3,1000.2,531,7,1000.3,838,11
317,2025-11-26 10:16:57+05:30,999.8,1,994.96,2749666,362550.0,349722.0,986.2,1001.8,981.3,986.2,119766000,1084.8,887.6,1102.5,649.1,999.8,581,3,999.7,25,1,999.6,5762,20,999.5,2644,16,999.4,2070,12,999.9,362,1,1000.0,5032,23,1000.1,569,3,1000.2,531,7,1000.3,838,11
317,2025-11-26 10:16:57+05:30,999.8,1,994.96,2749673,362243.0,350215.0,986.2,1001.8,981.3,986.2,119766000,1084.8,887.6,1102.5,649.1,999.8,580,3,999.7,126,3,999.6,5686,19,999.5,2689,15,999.4,1640,10,999.9,411,2,1000.0,5066,23,1000.1,587,5,1000.2,531,7,1000.3,838,11
317,2025-11-26 10:16:58+05:30,999.9,100,994.96,2749773,362334.0,349722.0,986.2,1001.8,981.3,986.2,119766000,1084.8,887.6,1102.5,649.1,999.8,811,5,999.7,126,3,999.6,6032,22,999.5,2559,14,999.4,1640,10,999.9,311,2,1000.0,5066,23,1000.1,393,4,1000.2,281,5,1000.3,838,11
317,2025-11-26 10:16:58+05:30,999.9,100,994.96,2749773,362334.0,349722.0,986.2,1001.8,981.3,986.2,119766000,1084.8,887.6,1102.5,649.1,999.8,811,5,999.7,126,3,999.6,6032,22,999.5,2559,14,999.4,1640,10,999.9,311,2,1000.0,5066,23,1000.1,393,4,1000.2,281,5,1000.3,838,11
317,2025-11-26 10:16:59+05:30,999.8,179,994.96,2749773,362334.0,349722.0,986.2,1001.8,981.3,986.2,119766000,1084.8,887.6,1102.5,649.1,999.8,811,5,999.7,126,3,999.6,6032,22,999.5,2559,14,999.4,1640,10,999.9,311,2,1000.0,5066,23,1000.1,393,4,1000.2,281,5,1000.3,838,11
317,2025-11-26 10:16:59+05:30,999.8,179,994.96,2750773,360765.0,349390.0,986.2,1001.8,981.3,986.2,119766000,1084.8,887.6,1102.5,649.1,999.8,571,1,999.7,52,1,999.6,5434,13,999.5,2660,18,999.4,1930,13,999.9,646,3,1000.0,4066,22,1000.1,587,5,1000.2,607,9,1000.3,848,12
317,2025-11-26 10:17:00+05:30,999.9,6,994.96,2750773,360765.0,349390.0,986.2,1001.8,981.3,986.2,119766000,1084.8,887.6,1102.5,649.1,999.8,571,1,999.7,52,1,999.6,5434,13,999.5,2660,18,999.4,1930,13,999.9,646,3,1000.0,4066,22,1000.1,587,5,1000.2,607,9,1000.3,848,12
317,2025-11-26 10:17:00+05:30,999.9,6,994.96,2750900,359651.0,349135.0,986.2,1001.8,981.3,986.2,119766000,1084.8,887.6,1102.5,649.1,999.8,450,1,999.7,25,1,999.6,5358,12,999.5,1915,17,999.4,1748,12,999.9,640,3,1000.0,4066,22,1000.1,655,6,1000.2,693,9,1000.3,918,12
317,2025-11-26 10:17:01+05:30,999.8,329,994.96,2751350,355087.0,352079.0,986.2,1001.8,981.3,986.2,119766000,1084.8,887.6,1102.5,649.1,999.6,919,3,999.5,275,3,999.4,37,1,999.3,3138,13,999.2,3157,13,999.9,1077,10,1000.0,4594,28,1000.1,973,11,1000.2,741,11,1000.3,1241,16
317,2025-11-26 10:17:01+05:30,999.8,329,994.96,2751350,355087.0,352079.0,986.2,1001.8,981.3,986.2,119766000,1084.8,887.6,1102.5,649.1,999.6,919,3,999.5,275,3,999.4,37,1,999.3,3138,13,999.2,3157,13,999.9,1077,10,1000.0,4594,28,1000.1,973,11,1000.2,741,11,1000.3,1241,16
317,2025-11-26 10:17:02+05:30,999.8,6,994.96,2751598,354626.0,352712.0,986.2,1001.8,981.3,986.2,119766000,1084.8,887.6,1102.5,649.1,999.5,275,3,999.4,37,1,999.3,1633,8,999.2,3726,13,999.1,2647,11,999.8,329,6,999.9,1470,17,1000.0,4772,33,1000.1,1210,12,1000.2,579,9
317,2025-11-26 10:17:02+05:30,999.8,6,994.96,2751598,354626.0,352712.0,986.2,1001.8,981.3,986.2,119766000,1084.8,887.6,1102.5,649.1,999.5,275,3,999.4,37,1,999.3,1633,8,999.2,3726,13,999.1,2647,11,999.8,329,6,999.9,1470,17,1000.0,4772,33,1000.1,1210,12,1000.2,579,9
317,2025-11-26 10:17:03+05:30,999.3,11,994.96,2752546,354526.0,355224.0,986.2,1001.8,981.3,986.2,119766000,1084.8,887.6,1102.5,649.1,999.3,318,3,999.2,5897,16,999.1,1968,15,999.0,6577,38,998.9,1172,10,999.8,1093,8,999.9,1042,13,1000.0,4852,34,1000.1,1210,12,1000.2,829,10
317,2025-11-26 10:17:03+05:30,999.3,11,994.96,2752546,354526.0,355224.0,986.2,1001.8,981.3,986.2,119766000,1084.8,887.6,1102.5,649.1,999.3,318,3,999.2,5897,16,999.1,1968,15,999.0,6577,38,998.9,1172,10,999.8,1093,8,999.9,1042,13,1000.0,4852,34,1000.1,1210,12,1000.2,829,10
317,2025-11-26 10:17:04+05:30,999.3,12,994.96,2753173,354870.0,355019.0,986.2,1001.8,981.3,986.2,119766000,1084.8,887.6,1102.5,649.1,999.4,167,4,999.3,1823,7,999.2,4374,15,999.1,1655,12,999.0,6563,36,999.8,846,3,999.9,1220,12,1000.0,4782,30,1000.1,1205,13,1000.2,681,13
317,2025-11-26 10:17:04+05:30,999.3,12,994.96,2753173,354870.0,355019.0,986.2,1001.8,981.3,986.2,119766000,1084.8,887.6,1102.5,649.1,999.4,167,4,999.3,1823,7,999.2,4374,15,999.1,1655,12,999.0,6563,36,999.8,846,3,999.9,1220,12,1000.0,4782,30,1000.1,1205,13,1000.2,681,13
317,2025-11-26 10:17:05+05:30,999.8,44,994.96,2753173,354870.0,355019.0,986.2,1001.8,981.3,986.2,119766000,1084.8,887.6,1102.5,649.1,999.4,167,4,999.3,1823,7,999.2,4374,15,999.1,1655,12,999.0,6563,36,999.8,846,3,999.9,1220,12,1000.0,4782,30,1000.1,1205,13,1000.2,681,13
317,2025-11-26 10:17:05+05:30,999.8,44,994.96,2753528,357937.0,353527.0,986.2,1001.8,981.3,986.2,119766000,1084.8,887.6,1102.5,649.1,999.7,750,1,999.5,1409,8,999.4,912,10,999.3,4886,16,999.2,3071,12,999.8,252,2,999.9,479,3,1000.0,4192,24,1000.1,708,6,1000.2,536,7
317,2025-11-26 10:17:06+05:30,999.8,80,994.96,2753528,357937.0,353527.0,986.2,1001.8,981.3,986.2,119766000,1084.8,887.6,1102.5,649.1,999.7,750,1,999.5,1409,8,999.4,912,10,999.3,4886,16,999.2,3071,12,999.8,252,2,999.9,479,3,1000.0,4192,24,1000.1,708,6,1000.2,536,7
317,2025-11-26 10:17:06+05:30,999.8,80,994.96,2753739,357748.0,354218.0,986.2,1001.8,981.3,986.2,119766000,1084.8,887.6,1102.5,649.1,999.7,642,2,999.6,49,1,999.5,1357,7,999.4,840,9,999.3,4906,17,999.8,171,3,999.9,479,3,1000.0,4430,26,1000.1,708,6,1000.2,704,14
317,2025-11-26 10:17:07+05:30,999.8,9,994.96,2753739,357748.0,354218.0,986.2,1001.8,981.3,986.2,119766000,1084.8,887.6,1102.5,649.1,999.7,642,2,999.6,49,1,999.5,1357,7,999.4,840,9,999.3,4906,17,999.8,171,3,999.9,479,3,1000.0,4430,26,1000.1,708,6,1000.2,704,14
317,2025-11-26 10:17:07+05:30,999.8,9,994.96,2753748,358046.0,354270.0,986.2,1001.8,981.3,986.2,119766000,1084.8,887.6,1102.5,649.1,999.7,642,2,999.6,100,2,999.5,1220,7,999.4,840,9,999.3,4906,17,999.8,375,4,999.9,479,3,1000.0,4454,26,1000.1,708,6,1000.2,696,13
317,2025-11-26 10:17:08+05:30,999.8,150,994.96,2753748,358046.0,354270.0,986.2,1001.8,981.3,986.2,119766000,1084.8,887.6,1102.5,649.1,999.7,642,2,999.6,100,2,999.5,1220,7,999.4,840,9,999.3,4906,17,999.8,375,4,999.9,479,3,1000.0,4454,26,1000.1,708,6,1000.2,696,13
317,2025-11-26 10:17:08+05:30,999.8,150,994.96,2754019,359786.0,356520.0,986.2,1001.8,981.3,986.2,119766000,1084.8,887.6,1102.5,649.1,999.7,521,2,999.6,100,2,999.5,1408,8,999.4,912,10,999.3,4834,16,999.8,225,4,999.9,479,3,1000.0,4382,25,1000.1,788,8,1000.2,696,13
317,2025-11-26 10:17:09+05:30,999.8,4,994.96,2754019,359786.0,356520.0,986.2,1001.8,981.3,986.2,119766000,1084.8,887.6,1102.5,649.1,999.7,521,2,999.6,100,2,999.5,1408,8,999.4,912,10,999.3,4834,16,999.8,225,4,999.9,479,3,1000.0,4382,25,1000.1,788,8,1000.2,696,13
317,2025-11-26 10:17:09+05:30,999.8,4,994.96,2754526,358178.0,357256.0,986.2,1001.8,981.3,986.2,119766000,1084.8,887.6,1102.5,649.1,999.7,21,2,999.6,7,1,999.5,850,2,999.4,423,6,999.3,3611,11,999.8,780,3,999.9,984,8,1000.0,4678,28,1000.1,816,9,1000.2,696,13
317,2025-11-26 10:17:10+05:30,999.8,5,994.96,2754526,358178.0,357256.0,986.2,1001.8,981.3,986.2,119766000,1084.8,887.6,1102.5,649.1,999.7,21,2,999.6,7,1,999.5,850,2,999.4,423,6,999.3,3611,11,999.8,780,3,999.9,984,8,1000.0,4678,28,1000.1,816,9,1000.2,696,13
317,2025-11-26 10:17:10+05:30,999.8,5,994.97,2754667,357213.0,357900.0,986.2,1001.8,981.3,986.2,119766000,1084.8,887.6,1102.5,649.1,999.5,150,2,999.4,749,3,999.3,923,7,999.2,5058,17,999.1,1950,14,999.8,964,4,999.9,914,8,1000.0,4805,33,1000.1,925,10,1000.2,542,12
317,2025-11-26 10:17:11+05:30,999.8,8,994.97,2754667,357213.0,357900.0,986.2,1001.8,981.3,986.2,119766000,1084.8,887.6,1102.5,649.1,999.5,150,2,999.4,749,3,999.3,923,7,999.2,5058,17,999.1,1950,14,999.8,964,4,999.9,914,8,1000.0,4805,33,1000.1,925,10,1000.2,542,12
317,2025-11-26 10:17:11+05:30,999.8,8,994.97,2754675,357711.0,357261.0,986.2,1001.8,981.3,986.2,119766000,1084.8,887.6,1102.5,649.1,999.5,150,2,999.4,749,3,999.3,851,6,999.2,5169,18,999.1,1950,14,999.8,963,5,999.9,1025,9,1000.0,4715,30,1000.1,923,10,1000.2,532,11
317,2025-11-26 10:17:12+05:30,999.8,177,994.97,2754675,357711.0,357261.0,986.2,1001.8,981.3,986.2,119766000,1084.8,887.6,1102.5,649.1,999.5,150,2,999.4,749,3,999.3,851,6,999.2,5169,18,999.1,1950,14,999.8,963,5,999.9,1025,9,1000.0,4715,30,1000.1,923,10,1000.2,532,11
317,2025-11-26 10:17:12+05:30,999.8,177,994.97,2754852,357500.0,356889.0,986.2,1001.8,981.3,986.2,119766000,1084.8,887.6,1102.5,649.1,999.5,150,2,999.4,798,4,999.3,1039,7,999.2,5419,19,999.1,1700,13,999.8,598,4,999.9,1025,9,1000.0,4958,30,1000.1,923,10,1000.2,532,11
317,2025-11-26 10:17:13+05:30,999.8,1,994.97,2754852,357500.0,356889.0,986.2,1001.8,981.3,986.2,119766000,1084.8,887.6,1102.5,649.1,999.5,150,2,999.4,798,4,999.3,1039,7,999.2,5419,19,999.1,1700,13,999.8,598,4,999.9,1025,9,1000.0,4958,30,1000.1,923,10,1000.2,532,11
317,2025-11-26 10:17:13+05:30,999.8,1,994.97,2754853,357647.0,356056.0,986.2,1001.8,981.3,986.2,119766000,1084.8,887.6,1102.5,649.1,999.5,100,1,999.4,699,2,999.3,651,5,999.2,5058,17,999.1,1942,13,999.8,965,7,999.9,1013,10,1000.0,6008,32,1000.1,1037,11,1000.2,782,12
317,2025-11-26 10:17:14+05:30,999.8,2,994.97,2754853,357647.0,356056.0,986.2,1001.8,981.3,986.2,119766000,1084.8,887.6,1102.5,649.1,999.5,100,1,999.4,699,2,999.3,651,5,999.2,5058,17,999.1,1942,13,999.8,965,7,999.9,1013,10,1000.0,6008,32,1000.1,1037,11,1000.2,782,12
317,2025-11-26 10:17:14+05:30,999.8,2,994.97,2754855,357451.0,355991.0,986.2,1001.8,981.3,986.2,119766000,1084.8,887.6,1102.5,649.1,999.6,112,1,999.5,100,1,999.4,699,2,999.3,651,5,999.2,5068,18,999.8,852,6,999.9,1124,11,1000.0,6108,33,1000.1,1037,11,1000.2,782,12
317,2025-11-26 10:17:15+05:30,999.8,7,994.97,2754855,357451.0,355991.0,986.2,1001.8,981.3,986.2,119766000,1084.8,887.6,1102.5,649.1,999.6,112,1,999.5,100,1,999.4,699,2,999.3,651,5,999.2,5068,18,999.8,852,6,999.9,1124,11,1000.0,6108,33,1000.1,1037,11,1000.2,782,12
317,2025-11-26 10:17:15+05:30,999.8,7,994.97,2754919,357503.0,355939.0,986.2,1001.8,981.3,986.2,119766000,1084.8,887.6,1102.5,649.1,999.6,112,1,999.5,100,1,999.4,749,3,999.3,651,5,999.2,5068,18,999.8,719,4,999.9,1025,9,1000.0,6108,33,1000.1,1029,10,1000.2,646,12
317,2025-11-26 10:17:16+05:30,999.8,7,994.97,2754919,357591.0,356096.0,986.2,1001.8,981.3,986.2,119766000,1084.8,887.6,1102.5,649.1,999.6,112,1,999.5,102,2,999.4,844,4,999.3,651,5,999.2,5068,18,999.8,879,6,999.9,1012,10,1000.0,6108,33,1000.1,1029,10,1000.2,654,13
317,2025-11-26 10:17:17+05:30,999.8,7,994.97,2754919,357591.0,356097.0,986.2,1001.8,981.3,986.2,119766000,1084.8,887.6,1102.5,649.1,999.6,112,1,999.5,102,2,999.4,844,4,999.3,651,5,999.2,5068,18,999.8,830,5,999.9,1012,10,1000.0,6108,33,1000.1,1029,10,1000.2,654,13
317,2025-11-26 10:17:18+05:30,999.8,1,994.97,2754919,357591.0,356097.0,986.2,1001.8,981.3,986.2,119766000,1084.8,887.6,1102.5,649.1,999.6,112,1,999.5,102,2,999.4,844,4,999.3,651,5,999.2,5068,18,999.8,830,5,999.9,1012,10,1000.0,6108,33,1000.1,1029,10,1000.2,654,13
317,2025-11-26 10:17:18+05:30,999.8,1,994.97,2754920,357599.0,357047.0,986.2,1001.8,981.3,986.2,119766000,1084.8,887.6,1102.5,649.1,999.6,112,1,999.5,102,2,999.4,844,4,999.3,651,5,999.2,5068,18,999.8,718,4,999.9,1074,10,1000.0,6108,33,1000.1,1029,10,1000.2,654,13
317,2025-11-26 10:17:19+05:30,999.8,60,994.97,2754920,357599.0,357047.0,986.2,1001.8,981.3,986.2,119766000,1084.8,887.6,1102.5,649.1,999.6,112,1,999.5,102,2,999.4,844,4,999.3,651,5,999.2,5068,18,999.8,718,4,999.9,1074,10,1000.0,6108,33,1000.1,1029,10,1000.2,654,13
317,2025-11-26 10:17:19+05:30,999.6,5,994.97,2754985,357587.0,357314.0,986.2,1001.8,981.3,986.2,119766000,1084.8,887.6,1102.5,649.1,999.6,107,1,999.5,102,2,999.4,844,4,999.3,651,5,999.2,5068,18,999.8,1146,6,999.9,963,9,1000.0,6108,33,1000.1,1029,10,1000.2,904,14
317,2025-11-26 10:17:20+05:30,999.6,5,994.97,2754985,357587.0,357314.0,986.2,1001.8,981.3,986.2,119766000,1084.8,887.6,1102.5,649.1,999.6,107,1,999.5,102,2,999.4,844,4,999.3,651,5,999.2,5068,18,999.8,1146,6,999.9,963,9,1000.0,6108,33,1000.1,1029,10,1000.2,904,14
317,2025-11-26 10:17:20+05:30,999.6,5,994.97,2754985,357688.0,357365.0,986.2,1001.8,981.3,986.2,119766000,1084.8,887.6,1102.5,649.1,999.6,200,2,999.5,102,2,999.4,844,4,999.3,651,5,999.2,5068,18,999.8,1146,6,999.9,1012,10,1000.0,6108,33,1000.1,1029,10,1000.2,904,14
317,2025-11-26 10:17:21+05:30,999.8,100,994.97,2755085,357587.0,357619.0,986.2,1001.8,981.3,986.2,119766000,1084.8,887.6,1102.5,649.1,999.6,200,2,999.5,102,2,999.4,844,4,999.3,839,6,999.2,5068,18,999.8,747,4,999.9,1115,11,1000.0,6108,33,1000.1,1029,10,1000.2,904,14
317,2025-11-26 10:17:22+05:30,999.8,1,994.97,2755085,357587.0,357619.0,986.2,1001.8,981.3,986.2,119766000,1084.8,887.6,1102.5,649.1,999.6,200,2,999.5,102,2,999.4,844,4,999.3,839,6,999.2,5068,18,999.8,747,4,999.9,1115,11,1000.0,6108,33,1000.1,1029,10,1000.2,904,14
317,2025-11-26 10:17:22+05:30,999.8,1,994.97,2755086,357391.0,357769.0,986.2,1001.8,981.3,986.2,119766000,1084.8,887.6,1102.5,649.1,999.6,200,2,999.5,102,2,999.4,844,4,999.3,651,5,999.2,5068,18,999.8,1079,7,999.9,803,9,1000.0,6108,33,1000.1,1029,10,1000.2,904,14
317,2025-11-26 10:17:23+05:30,999.6,1,994.97,2755086,357391.0,357769.0,986.2,1001.8,981.3,986.2,119766000,1084.8,887.6,1102.5,649.1,999.6,200,2,999.5,102,2,999.4,844,4,999.3,651,5,999.2,5068,18,999.8,1079,7,999.9,803,9,1000.0,6108,33,1000.1,1029,10,1000.2,904,14
317,2025-11-26 10:17:23+05:30,999.6,13,994.97,2755304,356917.0,358798.0,986.2,1001.8,981.3,986.2,119766000,1084.8,887.6,1102.5,649.1,999.5,102,2,999.4,794,3,999.3,243,1,999.2,2484,6,999.1,2919,12,999.6,124,2,999.7,127,3,999.8,1199,10,999.9,738,9,1000.0,6737,37
317,2025-11-26 10:17:24+05:30,999.6,13,994.97,2755304,356917.0,358798.0,986.2,1001.8,981.3,986.2,119766000,1084.8,887.6,1102.5,649.1,999.5,102,2,999.4,794,3,999.3,243,1,999.2,2484,6,999.1,2919,12,999.6,124,2,999.7,127,3,999.8,1199,10,999.9,738,9,1000.0,6737,37
317,2025-11-26 10:17:24+05:30,999.6,5,994.97,2755309,356368.0,357381.0,986.2,1001.8,981.3,986.2,119766000,1084.8,887.6,1102.5,649.1,999.5,102,2,999.4,95,1,999.3,916,2,999.2,1855,6,999.1,3896,16,999.7,103,1,999.8,801,9,999.9,743,10,1000.0,6256,34,1000.1,471,8
317,2025-11-26 10:17:25+05:30,999.4,22,994.97,2755309,356368.0,357381.0,986.2,1001.8,981.3,986.2,119766000,1084.8,887.6,1102.5,649.1,999.5,102,2,999.4,95,1,999.3,916,2,999.2,1855,6,999.1,3896,16,999.7,103,1,999.8,801,9,999.9,743,10,1000.0,6256,34,1000.1,471,8
317,2025-11-26 10:17:25+05:30,999.4,22,994.97,2755437,355795.0,358966.0,986.2,1001.8,981.3,986.2,119766000,1084.8,887.6,1102.5,649.1,999.4,73,1,999.3,673,1,999.2,1807,5,999.1,3598,14,999.0,5836,37,999.7,892,6,999.8,951,11,999.9,743,10,1000.0,6486,37,1000.1,659,9
317,2025-11-26 10:17:26+05:30,999.4,22,994.97,2755437,356249.0,358760.0,986.2,1001.8,981.3,986.2,119766000,1084.8,887.6,1102.5,649.1,999.4,73,1,999.3,673,1,999.2,1807,5,999.1,3596,13,999.0,6089,39,999.7,905,5,999.8,951,11,999.9,743,10,1000.0,6504,38,1000.1,471,8
317,2025-11-26 10:17:27+05:30,999.4,22,994.97,2755437,356327.0,358760.0,986.2,1001.8,981.3,986.2,119766000,1084.8,887.6,1102.5,649.1,999.4,73,1,999.3,673,1,999.2,1807,5,999.1,3596,13,999.0,6114,40,999.7,905,5,999.8,951,11,999.9,743,10,1000.0,6504,38,1000.1,471,8
317,2025-11-26 10:17:28+05:30,999.7,2,994.97,2755439,356327.0,358854.0,986.2,1001.8,981.3,986.2,119766000,1084.8,887.6,1102.5,649.1,999.4,73,1,999.3,673,1,999.2,1807,5,999.1,3596,13,999.0,6114,40,999.7,993,7,999.8,972,12,999.9,799,11,1000.0,6451,37,1000.1,453,6
317,2025-11-26 10:17:29+05:30,999.7,4,994.97,2755439,356327.0,358854.0,986.2,1001.8,981.3,986.2,119766000,1084.8,887.6,1102.5,649.1,999.4,73,1,999.3,673,1,999.2,1807,5,999.1,3596,13,999.0,6114,40,999.7,993,7,999.8,972,12,999.9,799,11,1000.0,6451,37,1000.1,453,6
317,2025-11-26 10:17:29+05:30,999.7,4,994.97,2755488,356517.0,359276.0,986.2,1001.8,981.3,986.2,119766000,1084.8,887.6,1102.5,649.1,999.4,53,1,999.3,673,1,999.2,1995,6,999.1,3645,15,999.0,6114,40,999.7,812,5,999.8,1075,13,999.9,799,11,1000.0,6451,37,1000.1,479,8
317,2025-11-26 10:17:30+05:30,999.7,30,994.97,2755518,357128.0,359092.0,986.2,1001.8,981.3,986.2,119766000,1084.8,887.6,1102.5,649.1,999.4,53,1,999.3,673,1,999.2,3442,12,999.1,3294,13,999.0,6614,40,999.7,546,3,999.8,1027,12,999.9,799,11,1000.0,6451,37,1000.1,479,8
317,2025-11-26 10:17:31+05:30,999.7,30,994.97,2755518,357128.0,359092.0,986.2,1001.8,981.3,986.2,119766000,1084.8,887.6,1102.5,649.1,999.4,53,1,999.3,673,1,999.2,3442,12,999.1,3294,13,999.0,6614,40,999.7,546,3,999.8,1027,12,999.9,799,11,1000.0,6451,37,1000.1,479,8
317,2025-11-26 10:17:31+05:30,999.4,1,994.97,2755519,357258.0,359275.0,986.2,1001.8,981.3,986.2,119766000,1084.8,887.6,1102.5,649.1,999.4,725,2,999.3,120,3,999.2,4119,13,999.1,2617,12,999.0,6614,40,999.7,701,3,999.8,877,10,999.9,799,11,1000.0,6441,36,1000.1,667,9
317,2025-11-26 10:17:32+05:30,999.7,1,994.97,2755519,357258.0,359275.0,986.2,1001.8,981.3,986.2,119766000,1084.8,887.6,1102.5,649.1,999.4,725,2,999.3,120,3,999.2,4119,13,999.1,2617,12,999.0,6614,40,999.7,701,3,999.8,877,10,999.9,799,11,1000.0,6441,36,1000.1,667,9
317,2025-11-26 10:17:32+05:30,999.7,1,994.97,2755520,357258.0,359770.0,986.2,1001.8,981.3,986.2,119766000,1084.8,887.6,1102.5,649.1,999.4,725,2,999.3,120,3,999.2,4119,13,999.1,2617,12,999.0,6614,40,999.7,700,3,999.8,877,10,999.9,799,11,1000.0,6441,36,1000.1,667,9
317,2025-11-26 10:17:33+05:30,999.4,1,994.97,2755520,357258.0,359770.0,986.2,1001.8,981.3,986.2,119766000,1084.8,887.6,1102.5,649.1,999.4,725,2,999.3,120,3,999.2,4119,13,999.1,2617,12,999.0,6614,40,999.7,700,3,999.8,877,10,999.9,799,11,1000.0,6441,36,1000.1,667,9
317,2025-11-26 10:17:33+05:30,999.4,1,994.97,2755521,357795.0,358937.0,986.2,1001.8,981.3,986.2,119766000,1084.8,887.6,1102.5,649.1,999.5,112,1,999.4,770,3,999.3,512,6,999.2,4197,13,999.1,2641,13,999.7,700,3,999.8,417,5,999.9,847,11,1000.0,6010,35,1000.1,657,8
317,2025-11-26 10:17:34+05:30,999.7,11,994.97,2755537,359177.0,358633.0,986.2,1001.8,981.3,986.2,119766000,1084.8,887.6,1102.5,649.1,999.5,875,4,999.4,697,7,999.3,4539,17,999.2,3098,11,999.1,1615,9,999.7,889,4,999.8,417,5,999.9,326,3,1000.0,5508,29,1000.1,853,10
317,2025-11-26 10:17:35+05:30,999.7,11,994.97,2755537,359177.0,358633.0,986.2,1001.8,981.3,986.2,119766000,1084.8,887.6,1102.5,649.1,999.5,875,4,999.4,697,7,999.3,4539,17,999.2,3098,11,999.1,1615,9,999.7,889,4,999.8,417,5,999.9,326,3,1000.0,5508,29,1000.1,853,10
317,2025-11-26 10:17:35+05:30,999.7,11,994.97,2755537,359036.0,359119.0,986.2,1001.8,981.3,986.2,119766000,1084.8,887.6,1102.5,649.1,999.5,780,2,999.4,554,5,999.3,4636,18,999.2,3098,11,999.1,1615,9,999.7,889,4,999.8,417,5,999.9,326,3,1000.0,5508,29,1000.1,853,10
317,2025-11-26 10:17:36+05:30,999.7,130,994.97,2755537,359036.0,359119.0,986.2,1001.8,981.3,986.2,119766000,1084.8,887.6,1102.5,649.1,999.5,780,2,999.4,554,5,999.3,4636,18,999.2,3098,11,999.1,1615,9,999.7,889,4,999.8,417,5,999.9,326,3,1000.0,5508,29,1000.1,853,10
317,2025-11-26 10:17:36+05:30,999.5,40,994.97,2755719,359096.0,359037.0,986.2,1001.8,981.3,986.2,119766000,1084.8,887.6,1102.5,649.1,999.5,775,3,999.4,599,6,999.3,4636,18,999.2,3098,11,999.1,1615,9,999.7,757,4,999.8,417,5,999.9,326,3,1000.0,5508,29,1000.1,853,10
317,2025-11-26 10:17:37+05:30,999.7,1,994.97,2755719,359096.0,359037.0,986.2,1001.8,981.3,986.2,119766000,1084.8,887.6,1102.5,649.1,999.5,775,3,999.4,599,6,999.3,4636,18,999.2,3098,11,999.1,1615,9,999.7,757,4,999.8,417,5,999.9,326,3,1000.0,5508,29,1000.1,853,10
317,2025-11-26 10:17:37+05:30,999.5,157,994.97,2755944,358377.0,358771.0,986.2,1001.8,981.3,986.2,119766000,1084.8,887.6,1102.5,649.1,999.5,516,1,999.4,564,6,999.3,4313,15,999.2,2938,10,999.1,1615,9,999.7,746,4,999.8,514,6,999.9,516,5,1000.0,5508,29,1000.1,766,10
317,2025-11-26 10:17:38+05:30,999.7,1,994.97,2755944,358377.0,358771.0,986.2,1001.8,981.3,986.2,119766000,1084.8,887.6,1102.5,649.1,999.5,516,1,999.4,564,6,999.3,4313,15,999.2,2938,10,999.1,1615,9,999.7,746,4,999.8,514,6,999.9,516,5,1000.0,5508,29,1000.1,766,10
317,2025-11-26 10:17:38+05:30,999.5,128,994.97,2756073,358301.0,359299.0,986.2,1001.8,981.3,986.2,119766000,1084.8,887.6,1102.5,649.1,999.5,388,1,999.4,609,7,999.3,4313,15,999.2,2841,9,999.1,1622,10,999.7,745,4,999.8,417,5,999.9,613,6,1000.0,5508,29,1000.1,766,10
317,2025-11-26 10:17:39+05:30,999.5,128,994.97,2756073,358301.0,359299.0,986.2,1001.8,981.3,986.2,119766000,1084.8,887.6,1102.5,649.1,999.5,388,1,999.4,609,7,999.3,4313,15,999.2,2841,9,999.1,1622,10,999.7,745,4,999.8,417,5,999.9,613,6,1000.0,5508,29,1000.1,766,10
317,2025-11-26 10:17:39+05:30,999.7,1,994.97,2756074,358146.0,359298.0,986.2,1001.8,981.3,986.2,119766000,1084.8,887.6,1102.5,649.1,999.5,388,1,999.4,281,5,999.3,4313,15,999.2,3041,10,999.1,1615,9,999.7,744,4,999.8,514,6,999.9,516,5,1000.0,5508,29,1000.1,766,10
317,2025-11-26 10:17:40+05:30,999.7,1,994.97,2756074,358146.0,359298.0,986.2,1001.8,981.3,986.2,119766000,1084.8,887.6,1102.5,649.1,999.5,388,1,999.4,281,5,999.3,4313,15,999.2,3041,10,999.1,1615,9,999.7,744,4,999.8,514,6,999.9,516,5,1000.0,5508,29,1000.1,766,10
317,2025-11-26 10:17:40+05:30,999.7,1,994.97,2756074,358245.0,359308.0,986.2,1001.8,981.3,986.2,119766000,1084.8,887.6,1102.5,649.1,999.5,388,1,999.4,281,5,999.3,4313,15,999.2,3041,10,999.1,1615,9,999.7,744,4,999.8,514,6,999.9,516,5,1000.0,5518,30,1000.1,766,10
317,2025-11-26 10:17:41+05:30,999.7,1,994.97,2756074,358446.0,358901.0,986.2,1001.8,981.3,986.2,119766000,1084.8,887.6,1102.5,649.1,999.5,401,2,999.4,281,5,999.3,4313,15,999.2,3041,10,999.1,1615,9,999.7,744,4,999.8,417,5,999.9,606,6,1000.0,5518,30,1000.1,766,10
317,2025-11-26 10:17:42+05:30,999.7,1,994.97,2756074,358476.0,358901.0,986.2,1001.8,981.3,986.2,119766000,1084.8,887.6,1102.5,649.1,999.5,401,2,999.4,281,5,999.3,4313,15,999.2,3071,11,999.1,1615,9,999.7,744,4,999.8,417,5,999.9,606,6,1000.0,5518,30,1000.1,766,10
317,2025-11-26 10:17:43+05:30,999.7,1,994.97,2756074,358450.0,359262.0,986.2,1001.8,981.3,986.2,119766000,1084.8,887.6,1102.5,649.1,999.5,401,2,999.4,281,5,999.3,4313,15,999.2,3291,11,999.1,1615,9,999.7,744,4,999.8,417,5,999.9,1006,7,1000.0,5618,31,1000.1,766,10
317,2025-11-26 10:17:44+05:30,999.7,3,994.97,2756074,358450.0,359262.0,986.2,1001.8,981.3,986.2,119766000,1084.8,887.6,1102.5,649.1,999.5,401,2,999.4,281,5,999.3,4313,15,999.2,3291,11,999.1,1615,9,999.7,744,4,999.8,417,5,999.9,1006,7,1000.0,5618,31,1000.1,766,10
317,2025-11-26 10:17:44+05:30,999.7,1,994.97,2756078,358523.0,359307.0,986.2,1001.8,981.3,986.2,119766000,1084.8,887.6,1102.5,649.1,999.5,401,2,999.4,155,4,999.3,4125,14,999.2,3491,12,999.1,1615,9,999.7,740,4,999.8,417,5,999.9,1055,8,1000.0,5618,31,1000.1,766,10
317,2025-11-26 10:17:45+05:30,999.5,96,994.97,2756078,358523.0,359307.0,986.2,1001.8,981.3,986.2,119766000,1084.8,887.6,1102.5,649.1,999.5,401,2,999.4,155,4,999.3,4125,14,999.2,3491,12,999.1,1615,9,999.7,740,4,999.8,417,5,999.9,1055,8,1000.0,5618,31,1000.1,766,10
317,2025-11-26 10:17:45+05:30,999.5,96,994.97,2756578,358653.0,360155.0,986.2,1001.8,981.3,986.2,119766000,1084.8,887.6,1102.5,649.1,999.5,654,1,999.4,61,2,999.3,4006,16,999.2,2968,12,999.1,1893,11,999.7,740,4,999.8,605,6,999.9,1190,10,1000.0,5652,32,1000.1,766,10
317,2025-11-26 10:17:46+05:30,999.7,100,994.97,2756578,358653.0,360155.0,986.2,1001.8,981.3,986.2,119766000,1084.8,887.6,1102.5,649.1,999.5,654,1,999.4,61,2,999.3,4006,16,999.2,2968,12,999.1,1893,11,999.7,740,4,999.8,605,6,999.9,1190,10,1000.0,5652,32,1000.1,766,10
317,2025-11-26 10:17:46+05:30,999.7,100,994.97,2756806,357953.0,360573.0,986.2,1001.8,981.3,986.2,119766000,1084.8,887.6,1102.5,649.1,999.5,526,1,999.4,61,2,999.3,3935,14,999.2,2831,10,999.1,1643,10,999.7,1110,6,999.8,892,9,999.9,1438,12,1000.0,5684,33,1000.1,669,9
317,2025-11-26 10:17:47+05:30,999.5,130,994.97,2756806,357953.0,360573.0,986.2,1001.8,981.3,986.2,119766000,1084.8,887.6,1102.5,649.1,999.5,526,1,999.4,61,2,999.3,3935,14,999.2,2831,10,999.1,1643,10,999.7,1110,6,999.8,892,9,999.9,1438,12,1000.0,5684,33,1000.1,669,9
317,2025-11-26 10:17:47+05:30,999.7,1,994.97,2756937,357548.0,360529.0,986.2,1001.8,981.3,986.2,119766000,1084.8,887.6,1102.5,649.1,999.5,396,1,999.4,61,2,999.3,3735,13,999.2,2631,9,999.1,1643,10,999.7,1153,7,999.8,1026,11,999.9,1354,12,1000.0,5684,33,1000.1,688,10
317,2025-11-26 10:17:48+05:30,999.7,4,994.97,2756937,357548.0,360529.0,986.2,1001.8,981.3,986.2,119766000,1084.8,887.6,1102.5,649.1,999.5,396,1,999.4,61,2,999.3,3735,13,999.2,2631,9,999.1,1643,10,999.7,1153,7,999.8,1026,11,999.9,1354,12,1000.0,5684,33,1000.1,688,10
317,2025-11-26 10:17:48+05:30,999.7,4,994.97,2756941,357155.0,360584.0,986.2,1001.8,981.3,986.2,119766000,1084.8,887.6,1102.5,649.1,999.5,396,1,999.4,61,2,999.3,3573,10,999.2,2633,10,999.1,1553,9,999.7,1239,8,999.8,995,12,999.9,1354,12,1000.0,5684,33,1000.1,688,10
317,2025-11-26 10:17:49+05:30,999.7,4,994.97,2756941,357476.0,360584.0,986.2,1001.8,981.3,986.2,119766000,1084.8,887.6,1102.5,649.1,999.5,396,1,999.4,61,2,999.3,3573,10,999.2,2633,10,999.1,1553,9,999.7,1739,9,999.8,995,12,999.9,1354,12,1000.0,5184,32,1000.1,688,10
317,2025-11-26 10:17:50+05:30,999.6,2,994.97,2756943,358252.0,360778.0,986.2,1001.8,981.3,986.2,119766000,1084.8,887.6,1102.5,649.1,999.5,396,1,999.4,61,2,999.3,3573,10,999.2,2633,10,999.1,1553,9,999.6,409,1,999.7,1973,11,999.8,995,12,999.9,1354,12,1000.0,5412,34
317,2025-11-26 10:17:51+05:30,999.6,2,994.97,2756943,358252.0,360778.0,986.2,1001.8,981.3,986.2,119766000,1084.8,887.6,1102.5,649.1,999.5,396,1,999.4,61,2,999.3,3573,10,999.2,2633,10,999.1,1553,9,999.6,409,1,999.7,1973,11,999.8,995,12,999.9,1354,12,1000.0,5412,34
317,2025-11-26 10:17:51+05:30,999.5,191,994.97,2757134,357943.0,361121.0,986.2,1001.8,981.3,986.2,119766000,1084.8,887.6,1102.5,649.1,999.5,205,1,999.4,61,2,999.3,3573,10,999.2,2396,8,999.1,1553,9,999.6,621,4,999.7,2050,11,999.8,905,11,999.9,1298,11,1000.0,5612,35
317,2025-11-26 10:17:52+05:30,999.5,191,994.97,2757134,357943.0,361121.0,986.2,1001.8,981.3,986.2,119766000,1084.8,887.6,1102.5,649.1,999.5,205,1,999.4,61,2,999.3,3573,10,999.2,2396,8,999.1,1553,9,999.6,621,4,999.7,2050,11,999.8,905,11,999.9,1298,11,1000.0,5612,35
317,2025-11-26 10:17:52+05:30,999.5,191,994.97,2757134,357943.0,361131.0,986.2,1001.8,981.3,986.2,119766000,1084.8,887.6,1102.5,649.1,999.5,205,1,999.4,61,2,999.3,3573,10,999.2,2396,8,999.1,1553,9,999.6,621,4,999.7,2050,11,999.8,905,11,999.9,1298,11,1000.0,5612,35
317,2025-11-26 10:17:53+05:30,999.6,112,994.97,2757246,357954.0,360788.0,986.2,1001.8,981.3,986.2,119766000,1084.8,887.6,1102.5,649.1,999.5,205,1,999.4,61,2,999.3,3573,10,999.2,2584,9,999.1,1553,9,999.6,385,2,999.7,1862,10,999.8,986,12,999.9,1298,11,1000.0,5612,35
317,2025-11-26 10:17:54+05:30,999.6,112,994.97,2757246,357954.0,360788.0,986.2,1001.8,981.3,986.2,119766000,1084.8,887.6,1102.5,649.1,999.5,205,1,999.4,61,2,999.3,3573,10,999.2,2584,9,999.1,1553,9,999.6,385,2,999.7,1862,10,999.8,986,12,999.9,1298,11,1000.0,5612,35
317,2025-11-26 10:17:55+05:30,999.5,130,994.97,2757421,357824.0,360915.0,986.2,1001.8,981.3,986.2,119766000,1084.8,887.6,1102.5,649.1,999.5,75,1,999.4,61,2,999.3,3502,5,999.2,2642,9,999.1,1634,10,999.6,340,2,999.7,1564,6,999.8,894,10,999.9,1449,12,1000.0,5602,34
317,2025-11-26 10:17:56+05:30,999.6,2,994.97,2757421,357824.0,360915.0,986.2,1001.8,981.3,986.2,119766000,1084.8,887.6,1102.5,649.1,999.5,75,1,999.4,61,2,999.3,3502,5,999.2,2642,9,999.1,1634,10,999.6,340,2,999.7,1564,6,999.8,894,10,999.9,1449,12,1000.0,5602,34
317,2025-11-26 10:17:56+05:30,999.6,2,994.97,2757505,356556.0,362444.0,986.2,1001.8,981.3,986.2,119766000,1084.8,887.6,1102.5,649.1,999.4,57,2,999.2,801,4,999.1,758,8,999.0,8971,47,998.9,2177,15,999.5,25,1,999.6,385,5,999.7,2124,13,999.8,894,10,999.9,1427,13
317,2025-11-26 10:17:57+05:30,999.4,1,994.97,2757505,356556.0,362444.0,986.2,1001.8,981.3,986.2,119766000,1084.8,887.6,1102.5,649.1,999.4,57,2,999.2,801,4,999.1,758,8,999.0,8971,47,998.9,2177,15,999.5,25,1,999.6,385,5,999.7,2124,13,999.8,894,10,999.9,1427,13
317,2025-11-26 10:17:57+05:30,999.4,1,994.97,2757506,356194.0,362454.0,986.2,1001.8,981.3,986.2,119766000,1084.8,887.6,1102.5,649.1,999.4,56,2,999.2,801,4,999.1,758,8,999.0,9221,48,998.9,1927,14,999.5,25,1,999.6,385,5,999.7,2075,12,999.8,904,11,999.9,1222,13
317,2025-11-26 10:17:58+05:30,999.4,1,994.97,2757506,356194.0,361682.0,986.2,1001.8,981.3,986.2,119766000,1084.8,887.6,1102.5,649.1,999.4,56,2,999.2,801,4,999.1,758,8,999.0,9221,48,998.9,1927,14,999.5,25,1,999.6,385,5,999.7,2075,12,999.8,904,11,999.9,1225,14
317,2025-11-26 10:17:59+05:30,999.4,1,994.97,2757506,356403.0,361257.0,986.2,1001.8,981.3,986.2,119766000,1084.8,887.6,1102.5,649.1,999.4,69,3,999.2,801,4,999.1,758,8,999.0,9221,48,998.9,1927,14,999.5,25,1,999.6,304,4,999.7,2156,13,999.8,883,10,999.9,1225,14
317,2025-11-26 10:18:00+05:30,999.6,75,994.97,2757606,356031.0,360257.0,986.2,1001.8,981.3,986.2,119766000,1084.8,887.6,1102.5,649.1,999.4,69,3,999.3,49,1,999.2,1010,6,999.1,801,9,999.0,9971,49,999.6,185,2,999.7,1929,11,999.8,946,10,999.9,1189,11,1000.0,4881,31
317,2025-11-26 10:18:01+05:30,999.5,5,994.97,2757606,356031.0,360257.0,986.2,1001.8,981.3,986.2,119766000,1084.8,887.6,1102.5,649.1,999.4,69,3,999.3,49,1,999.2,1010,6,999.1,801,9,999.0,9971,49,999.6,185,2,999.7,1929,11,999.8,946,10,999.9,1189,11,1000.0,4881,31
317,2025-11-26 10:18:01+05:30,999.5,5,994.97,2757611,355748.0,361173.0,986.2,1001.8,981.3,986.2,119766000,1084.8,887.6,1102.5,649.1,999.4,69,3,999.3,1,1,999.2,800,3,999.1,801,9,999.0,9716,48,999.6,682,5,999.7,1581,11,999.8,873,9,999.9,1189,11,1000.0,4971,33
317,2025-11-26 10:18:02+05:30,999.6,2,994.97,2757611,355748.0,361173.0,986.2,1001.8,981.3,986.2,119766000,1084.8,887.6,1102.5,649.1,999.4,69,3,999.3,1,1,999.2,800,3,999.1,801,9,999.0,9716,48,999.6,682,5,999.7,1581,11,999.8,873,9,999.9,1189,11,1000.0,4971,33
317,2025-11-26 10:18:02+05:30,999.6,2,994.97,2757932,357020.0,361657.0,986.2,1001.8,981.3,986.2,119766000,1084.8,887.6,1102.5,649.1,999.2,695,3,999.1,841,7,999.0,10035,48,998.9,1741,14,998.8,1884,12,999.4,400,1,999.6,607,4,999.7,1497,9,999.8,990,11,999.9,940,13
317,2025-11-26 10:18:03+05:30,999.6,2,994.97,2757932,356701.0,362783.0,986.2,1001.8,981.3,986.2,119766000,1084.8,887.6,1102.5,649.1,999.2,502,1,999.1,639,6,999.0,9710,48,998.9,2038,14,998.8,1884,12,999.4,727,2,999.5,200,1,999.6,589,5,999.7,1297,8,999.8,990,11
317,2025-11-26 10:18:04+05:30,999.2,20,994.97,2757932,356701.0,362783.0,986.2,1001.8,981.3,986.2,119766000,1084.8,887.6,1102.5,649.1,999.2,502,1,999.1,639,6,999.0,9710,48,998.9,2038,14,998.8,1884,12,999.4,727,2,999.5,200,1,999.6,589,5,999.7,1297,8,999.8,990,11
317,2025-11-26 10:18:04+05:30,999.2,20,994.97,2757952,355508.0,362825.0,986.2,1001.8,981.3,986.2,119766000,1084.8,887.6,1102.5,649.1,999.2,482,1,999.1,547,4,999.0,8795,44,998.9,2023,13,998.8,2634,13,999.4,727,2,999.5,242,2,999.6,847,8,999.7,1346,9,999.8,990,11
317,2025-11-26 10:18:05+05:30,999.2,130,994.97,2757952,355508.0,362825.0,986.2,1001.8,981.3,986.2,119766000,1084.8,887.6,1102.5,649.1,999.2,482,1,999.1,547,4,999.0,8795,44,998.9,2023,13,998.8,2634,13,999.4,727,2,999.5,242,2,999.6,847,8,999.7,1346,9,999.8,990,11
317,2025-11-26 10:18:05+05:30,999.4,2,994.97,2758084,355369.0,362712.0,986.2,1001.8,981.3,986.2,119766000,1084.8,887.6,1102.5,649.1,999.2,352,1,999.1,408,4,999.0,8850,46,998.9,1788,13,998.8,2634,13,999.4,725,2,999.5,273,2,999.6,823,8,999.7,1346,9,999.8,1000,12
317,2025-11-26 10:18:06+05:30,999.3,11,994.97,2758084,355369.0,362712.0,986.2,1001.8,981.3,986.2,119766000,1084.8,887.6,1102.5,649.1,999.2,352,1,999.1,408,4,999.0,8850,46,998.9,1788,13,998.8,2634,13,999.4,725,2,999.5,273,2,999.6,823,8,999.7,1346,9,999.8,1000,12
317,2025-11-26 10:18:06+05:30,999.3,11,994.97,2758095,355439.0,363407.0,986.2,1001.8,981.3,986.2,119766000,1084.8,887.6,1102.5,649.1,999.2,496,2,999.1,523,6,999.0,8787,45,998.9,1994,15,998.8,2634,13,999.3,3,1,999.4,725,2,999.5,202,2,999.6,776,6,999.7,1351,10
317,2025-11-26 10:18:07+05:30,999.3,11,994.97,2758095,355563.0,363276.0,986.2,1001.8,981.3,986.2,119766000,1084.8,887.6,1102.5,649.1,999.2,587,4,999.1,450,5,999.0,8860,46,998.9,1994,15,998.8,2634,13,999.3,3,1,999.4,725,2,999.5,200,1,999.6,727,5,999.7,1130,9
317,2025-11-26 10:18:08+05:30,999.3,11,994.97,2758095,355472.0,362759.0,986.2,1001.8,981.3,986.2,119766000,1084.8,887.6,1102.5,649.1,999.2,352,1,999.1,450,5,999.0,8787,45,998.9,2067,16,998.8,2634,13,999.3,85,2,999.4,595,2,999.5,200,1,999.6,729,6,999.7,933,8
317,2025-11-26 10:18:09+05:30,999.3,1,994.97,2758095,355472.0,362759.0,986.2,1001.8,981.3,986.2,119766000,1084.8,887.6,1102.5,649.1,999.2,352,1,999.1,450,5,999.0,8787,45,998.9,2067,16,998.8,2634,13,999.3,85,2,999.4,595,2,999.5,200,1,999.6,729,6,999.7,933,8
317,2025-11-26 10:18:09+05:30,999.3,1,994.97,2758096,358656.0,362914.0,986.2,1001.8,981.3,986.2,119766000,1084.8,887.6,1102.5,649.1,999.2,352,1,999.1,221,3,999.0,8423,42,998.9,2140,17,998.8,2634,13,999.3,84,2,999.4,987,3,999.5,202,2,999.6,771,7,999.7,933,8
317,2025-11-26 10:18:10+05:30,999.3,1,994.97,2758096,358676.0,362914.0,986.2,1001.8,981.3,986.2,119766000,1084.8,887.6,1102.5,649.1,999.2,352,1,999.1,221,3,999.0,8423,42,998.9,2140,17,998.8,2634,13,999.3,84,2,999.4,987,3,999.5,202,2,999.6,771,7,999.7,1933,9
317,2025-11-26 10:18:11+05:30,999.3,38,994.97,2758096,358676.0,362914.0,986.2,1001.8,981.3,986.2,119766000,1084.8,887.6,1102.5,649.1,999.2,352,1,999.1,221,3,999.0,8423,42,998.9,2140,17,998.8,2634,13,999.3,84,2,999.4,987,3,999.5,202,2,999.6,771,7,999.7,1933,9
317,2025-11-26 10:18:11+05:30,999.3,38,994.97,2758136,358753.0,362774.0,986.2,1001.8,981.3,986.2,119766000,1084.8,887.6,1102.5,649.1,999.2,352,1,999.1,263,4,999.0,8531,44,998.9,2067,16,998.8,2634,13,999.3,44,1,999.4,987,3,999.5,202,2,999.6,771,7,999.7,1933,9
317,2025-11-26 10:18:12+05:30,999.3,75,994.97,2758136,358753.0,362774.0,986.2,1001.8,981.3,986.2,119766000,1084.8,887.6,1102.5,649.1,999.2,352,1,999.1,263,4,999.0,8531,44,998.9,2067,16,998.8,2634,13,999.3,44,1,999.4,987,3,999.5,202,2,999.6,771,7,999.7,1933,9
317,2025-11-26 10:18:12+05:30,999.3,75,994.97,2758211,358753.0,362934.0,986.2,1001.8,981.3,986.2,119766000,1084.8,887.6,1102.5,649.1,999.2,352,1,999.1,263,4,999.0,8465,43,998.9,2133,17,998.8,2634,13,999.3,82,1,999.4,987,3,999.5,200,1,999.6,820,8,999.7,1933,9
317,2025-11-26 10:18:13+05:30,999.3,2,994.97,2758211,358753.0,362934.0,986.2,1001.8,981.3,986.2,119766000,1084.8,887.6,1102.5,649.1,999.2,352,1,999.1,263,4,999.0,8465,43,998.9,2133,17,998.8,2634,13,999.3,82,1,999.4,987,3,999.5,200,1,999.6,820,8,999.7,1933,9
317,2025-11-26 10:18:13+05:30,999.3,112,994.97,2758326,358708.0,362884.0,986.2,1001.8,981.3,986.2,119766000,1084.8,887.6,1102.5,649.1,999.2,545,3,999.1,534,6,999.0,9420,46,998.9,2060,16,998.8,1884,12,999.3,82,1,999.4,987,3,999.5,200,1,999.6,729,6,999.7,1933,9
317,2025-11-26 10:18:14+05:30,999.3,3,994.97,2758326,358708.0,362884.0,986.2,1001.8,981.3,986.2,119766000,1084.8,887.6,1102.5,649.1,999.2,545,3,999.1,534,6,999.0,9420,46,998.9,2060,16,998.8,1884,12,999.3,82,1,999.4,987,3,999.5,200,1,999.6,729,6,999.7,1933,9
317,2025-11-26 10:18:14+05:30,999.3,3,994.97,2758329,359330.0,362982.0,986.2,1001.8,981.3,986.2,119766000,1084.8,887.6,1102.5,649.1,999.2,545,3,999.1,1104,6,999.0,8736,46,998.9,1989,14,998.8,2639,14,999.3,79,1,999.4,987,3,999.5,200,1,999.6,729,6,999.7,1933,9
317,2025-11-26 10:18:15+05:30,999.2,7,994.97,2758329,359330.0,362982.0,986.2,1001.8,981.3,986.2,119766000,1084.8,887.6,1102.5,649.1,999.2,545,3,999.1,1104,6,999.0,8736,46,998.9,1989,14,998.8,2639,14,999.3,79,1,999.4,987,3,999.5,200,1,999.6,729,6,999.7,1933,9
317,2025-11-26 10:18:15+05:30,999.2,7,994.97,2758336,357291.0,364148.0,986.2,1001.8,981.3,986.2,119766000,1084.8,887.6,1102.5,649.1,999.2,358,2,999.1,1284,7,999.0,8997,47,998.9,1720,13,998.8,2634,13,999.4,987,3,999.5,200,1,999.6,763,6,999.7,2065,11,999.8,1088,7
317,2025-11-26 10:18:16+05:30,999.2,7,994.97,2758336,357977.0,364483.0,986.2,1001.8,981.3,986.2,119766000,1084.8,887.6,1102.5,649.1,999.2,358,2,999.1,1284,7,999.0,8736,46,998.9,1970,14,998.8,2634,13,999.3,2,1,999.4,987,3,999.5,568,2,999.6,470,5,999.7,1999,10
317,2025-11-26 10:18:17+05:30,999.2,10,994.97,2758346,357349.0,364483.0,986.2,1001.8,981.3,986.2,119766000,1084.8,887.6,1102.5,649.1,999.2,348,2,999.1,213,3,999.0,8505,42,998.9,2016,12,998.8,1855,11,999.3,2,1,999.4,987,3,999.5,568,2,999.6,536,6,999.7,1933,9
317,2025-11-26 10:18:18+05:30,999.2,10,994.97,2758346,357349.0,364483.0,986.2,1001.8,981.3,986.2,119766000,1084.8,887.6,1102.5,649.1,999.2,348,2,999.1,213,3,999.0,8505,42,998.9,2016,12,998.8,1855,11,999.3,2,1,999.4,987,3,999.5,568,2,999.6,536,6,999.7,1933,9
317,2025-11-26 10:18:18+05:30,999.2,10,994.97,2758346,356285.0,370189.0,986.2,1001.8,981.3,986.2,119766000,1084.8,887.6,1102.5,649.1,999.2,13,1,999.1,375,2,999.0,4714,33,998.9,3922,13,998.8,3416,13,999.3,66,3,999.4,839,3,999.5,950,6,999.6,630,9,999.7,1933,9
317,2025-11-26 10:18:19+05:30,999.4,6,994.97,2758346,356285.0,370189.0,986.2,1001.8,981.3,986.2,119766000,1084.8,887.6,1102.5,649.1,999.2,13,1,999.1,375,2,999.0,4714,33,998.9,3922,13,998.8,3416,13,999.3,66,3,999.4,839,3,999.5,950,6,999.6,630,9,999.7,1933,9
317,2025-11-26 10:18:19+05:30,999.2,13,994.97,2758583,358317.0,369879.0,986.2,1001.8,981.3,986.2,119766000,1084.8,887.6,1102.5,649.1,999.1,1491,7,999.0,5096,37,998.9,3330,16,998.8,3343,15,998.7,2525,15,999.2,187,1,999.4,833,3,999.5,548,2,999.6,577,8,999.7,2156,14
317,2025-11-26 10:18:20+05:30,999.2,13,994.97,2758583,358317.0,369879.0,986.2,1001.8,981.3,986.2,119766000,1084.8,887.6,1102.5,649.1,999.1,1491,7,999.0,5096,37,998.9,3330,16,998.8,3343,15,998.7,2525,15,999.2,187,1,999.4,833,3,999.5,548,2,999.6,577,8,999.7,2156,14
317,2025-11-26 10:18:21+05:30,999.1,4,994.97,2758583,358317.0,369879.0,986.2,1001.8,981.3,986.2,119766000,1084.8,887.6,1102.5,649.1,999.1,1491,7,999.0,5096,37,998.9,3330,16,998.8,3343,15,998.7,2525,15,999.2,187,1,999.4,833,3,999.5,548,2,999.6,577,8,999.7,2156,14
317,2025-11-26 10:18:23+05:30,999.3,6,994.97,2758583,358317.0,369879.0,986.2,1001.8,981.3,986.2,119766000,1084.8,887.6,1102.5,649.1,999.1,1491,7,999.0,5096,37,998.9,3330,16,998.8,3343,15,998.7,2525,15,999.2,187,1,999.4,833,3,999.5,548,2,999.6,577,8,999.7,2156,14
317,2025-11-26 10:18:24+05:30,999.3,10,994.97,2758909,357855.0,368344.0,986.2,1001.8,981.3,986.2,119766000,1084.8,887.6,1102.5,649.1,999.1,1712,8,999.0,4465,38,998.9,3880,15,998.8,4057,17,998.7,1590,12,999.3,92,3,999.4,417,2,999.6,75,3,999.7,2015,11,999.8,1237,12
317,2025-11-26 10:18:25+05:30,999.1,41,994.97,2758909,357855.0,368344.0,986.2,1001.8,981.3,986.2,119766000,1084.8,887.6,1102.5,649.1,999.1,1712,8,999.0,4465,38,998.9,3880,15,998.8,4057,17,998.7,1590,12,999.3,92,3,999.4,417,2,999.6,75,3,999.7,2015,11,999.8,1237,12
317,2025-11-26 10:18:27+05:30,999.4,44,994.97,2758909,357855.0,368344.0,986.2,1001.8,981.3,986.2,119766000,1084.8,887.6,1102.5,649.1,999.1,1712,8,999.0,4465,38,998.9,3880,15,998.8,4057,17,998.7,1590,12,999.3,92,3,999.4,417,2,999.6,75,3,999.7,2015,11,999.8,1237,12
317,2025-11-26 10:18:29+05:30,999.4,100,994.97,2758909,357855.0,368344.0,986.2,1001.8,981.3,986.2,119766000,1084.8,887.6,1102.5,649.1,999.1,1712,8,999.0,4465,38,998.9,3880,15,998.8,4057,17,998.7,1590,12,999.3,92,3,999.4,417,2,999.6,75,3,999.7,2015,11,999.8,1237,12
317,2025-11-26 10:18:29+05:30,999.4,100,994.97,2759437,357016.0,370073.0,986.2,1001.8,981.3,986.2,119766000,1084.8,887.6,1102.5,649.1,999.3,15,2,999.2,916,3,999.1,781,6,999.0,4849,41,998.9,3609,13,999.4,239,2,999.7,1764,6,999.8,1181,12,999.9,905,16,1000.0,4036,32
317,2025-11-26 10:18:31+05:30,999.3,9,994.97,2759437,357016.0,370073.0,986.2,1001.8,981.3,986.2,119766000,1084.8,887.6,1102.5,649.1,999.3,15,2,999.2,916,3,999.1,781,6,999.0,4849,41,998.9,3609,13,999.4,239,2,999.7,1764,6,999.8,1181,12,999.9,905,16,1000.0,4036,32
317,2025-11-26 10:18:33+05:30,999.1,40,994.97,2759437,357016.0,370073.0,986.2,1001.8,981.3,986.2,119766000,1084.8,887.6,1102.5,649.1,999.3,15,2,999.2,916,3,999.1,781,6,999.0,4849,41,998.9,3609,13,999.4,239,2,999.7,1764,6,999.8,1181,12,999.9,905,16,1000.0,4036,32
317,2025-11-26 10:18:34+05:30,999.3,50,994.98,2761185,356791.0,371587.0,986.2,1001.8,981.3,986.2,119766000,1084.8,887.6,1102.5,649.1,999.3,62,1,999.2,254,1,999.1,567,2,999.0,7100,40,998.9,4160,20,999.4,225,2,999.5,616,4,999.6,257,5,999.7,1343,6,999.8,1128,10
317,2025-11-26 10:18:35+05:30,999.4,14,994.98,2761185,356791.0,371587.0,986.2,1001.8,981.3,986.2,119766000,1084.8,887.6,1102.5,649.1,999.3,62,1,999.2,254,1,999.1,567,2,999.0,7100,40,998.9,4160,20,999.4,225,2,999.5,616,4,999.6,257,5,999.7,1343,6,999.8,1128,10
317,2025-11-26 10:18:37+05:30,999.4,11,994.98,2761185,356791.0,371587.0,986.2,1001.8,981.3,986.2,119766000,1084.8,887.6,1102.5,649.1,999.3,62,1,999.2,254,1,999.1,567,2,999.0,7100,40,998.9,4160,20,999.4,225,2,999.5,616,4,999.6,257,5,999.7,1343,6,999.8,1128,10
317,2025-11-26 10:18:39+05:30,999.1,100,994.98,2761185,356791.0,371587.0,986.2,1001.8,981.3,986.2,119766000,1084.8,887.6,1102.5,649.1,999.3,62,1,999.2,254,1,999.1,567,2,999.0,7100,40,998.9,4160,20,999.4,225,2,999.5,616,4,999.6,257,5,999.7,1343,6,999.8,1128,10
317,2025-11-26 10:18:39+05:30,999.1,100,994.98,2762397,357418.0,371550.0,986.2,1001.8,981.3,986.2,119766000,1084.8,887.6,1102.5,649.1,999.2,650,1,999.1,100,1,999.0,9615,44,998.9,1268,16,998.8,2491,14,999.4,189,2,999.5,616,4,999.6,651,10,999.7,1661,9,999.8,1144,11
317,2025-11-26 10:18:41+05:30,999.3,1,994.98,2762397,357418.0,371550.0,986.2,1001.8,981.3,986.2,119766000,1084.8,887.6,1102.5,649.1,999.2,650,1,999.1,100,1,999.0,9615,44,998.9,1268,16,998.8,2491,14,999.4,189,2,999.5,616,4,999.6,651,10,999.7,1661,9,999.8,1144,11
317,2025-11-26 10:18:44+05:30,999.3,4,994.98,2765805,357507.0,372251.0,986.2,1001.8,981.3,986.2,119766000,1084.8,887.6,1102.5,649.1,999.0,4794,31,998.9,1266,7,998.8,3161,13,998.7,3619,14,998.6,1754,12,999.3,51,1,999.4,161,1,999.5,1158,8,999.6,728,13,999.7,1804,10
317,2025-11-26 10:18:45+05:30,998.8,2,994.98,2765805,357507.0,372251.0,986.2,1001.8,981.3,986.2,119766000,1084.8,887.6,1102.5,649.1,999.0,4794,31,998.9,1266,7,998.8,3161,13,998.7,3619,14,998.6,1754,12,999.3,51,1,999.4,161,1,999.5,1158,8,999.6,728,13,999.7,1804,10
317,2025-11-26 10:18:47+05:30,998.8,68,994.98,2765805,357507.0,372251.0,986.2,1001.8,981.3,986.2,119766000,1084.8,887.6,1102.5,649.1,999.0,4794,31,998.9,1266,7,998.8,3161,13,998.7,3619,14,998.6,1754,12,999.3,51,1,999.4,161,1,999.5,1158,8,999.6,728,13,999.7,1804,10
317,2025-11-26 10:18:50+05:30,998.8,13,995.02,2790093,344652.0,382752.0,986.2,1001.8,981.3,986.2,119766000,1084.8,887.6,1102.5,649.1,998.5,15,2,998.3,27,3,998.2,4957,15,998.1,4204,16,998.0,2770,23,998.6,389,1,998.7,197,3,998.8,424,8,998.9,846,8,999.0,818,9
317,2025-11-26 10:18:51+05:30,998.6,81,995.02,2790093,344652.0,382752.0,986.2,1001.8,981.3,986.2,119766000,1084.8,887.6,1102.5,649.1,998.5,15,2,998.3,27,3,998.2,4957,15,998.1,4204,16,998.0,2770,23,998.6,389,1,998.7,197,3,998.8,424,8,998.9,846,8,999.0,818,9
317,2025-11-26 10:18:53+05:30,998.6,3,995.02,2790093,344652.0,382752.0,986.2,1001.8,981.3,986.2,119766000,1084.8,887.6,1102.5,649.1,998.5,15,2,998.3,27,3,998.2,4957,15,998.1,4204,16,998.0,2770,23,998.6,389,1,998.7,197,3,998.8,424,8,998.9,846,8,999.0,818,9
317,2025-11-26 10:18:55+05:30,998.4,614,995.03,2800605,347081.0,381141.0,986.2,1001.8,981.3,986.2,119766000,1084.8,887.6,1102.5,649.1,998.4,939,3,998.3,566,3,998.2,1604,8,998.1,4412,11,998.0,832,7,998.6,459,1,998.7,43,1,998.8,10,1,998.9,358,3,999.0,1144,7
317,2025-11-26 10:18:55+05:30,998.4,614,995.03,2800605,347081.0,381141.0,986.2,1001.8,981.3,986.2,119766000,1084.8,887.6,1102.5,649.1,998.4,939,3,998.3,566,3,998.2,1604,8,998.1,4412,11,998.0,832,7,998.6,459,1,998.7,43,1,998.8,10,1,998.9,358,3,999.0,1144,7
317,2025-11-26 10:18:57+05:30,998.4,3,995.03,2800605,347081.0,381141.0,986.2,1001.8,981.3,986.2,119766000,1084.8,887.6,1102.5,649.1,998.4,939,3,998.3,566,3,998.2,1604,8,998.1,4412,11,998.0,832,7,998.6,459,1,998.7,43,1,998.8,10,1,998.9,358,3,999.0,1144,7
317,2025-11-26 10:18:59+05:30,998.4,2,995.03,2800605,347081.0,381141.0,986.2,1001.8,981.3,986.2,119766000,1084.8,887.6,1102.5,649.1,998.4,939,3,998.3,566,3,998.2,1604,8,998.1,4412,11,998.0,832,7,998.6,459,1,998.7,43,1,998.8,10,1,998.9,358,3,999.0,1144,7
317,2025-11-26 10:19:00+05:30,998.2,750,995.03,2804733,346866.0,384650.0,986.2,1001.8,981.3,986.2,119766000,1084.8,887.6,1102.5,649.1,998.1,738,3,998.0,1226,9,997.9,7026,15,997.8,890,16,997.7,1817,10,998.2,96,1,998.4,184,2,998.5,87,1,998.6,790,8,998.7,965,6
317,2025-11-26 10:19:01+05:30,998.6,2,995.03,2804733,346866.0,384650.0,986.2,1001.8,981.3,986.2,119766000,1084.8,887.6,1102.5,649.1,998.1,738,3,998.0,1226,9,997.9,7026,15,997.8,890,16,997.7,1817,10,998.2,96,1,998.4,184,2,998.5,87,1,998.6,790,8,998.7,965,6
317,2025-11-26 10:19:03+05:30,998.6,2,995.03,2804733,346866.0,384650.0,986.2,1001.8,981.3,986.2,119766000,1084.8,887.6,1102.5,649.1,998.1,738,3,998.0,1226,9,997.9,7026,15,997.8,890,16,997.7,1817,10,998.2,96,1,998.4,184,2,998.5,87,1,998.6,790,8,998.7,965,6
317,2025-11-26 10:19:03+05:30,998.6,2,995.03,2804733,346866.0,384650.0,986.2,1001.8,981.3,986.2,119766000,1084.8,887.6,1102.5,649.1,998.1,738,3,998.0,1226,9,997.9,7026,15,997.8,890,16,997.7,1817,10,998.2,96,1,998.4,184,2,998.5,87,1,998.6,790,8,998.7,965,6
317,2025-11-26 10:19:04+05:30,998.6,2,995.03,2804733,346866.0,384650.0,986.2,1001.8,981.3,986.2,119766000,1084.8,887.6,1102.5,649.1,998.1,738,3,998.0,1226,9,997.9,7026,15,997.8,890,16,997.7,1817,10,998.2,96,1,998.4,184,2,998.5,87,1,998.6,790,8,998.7,965,6
317,2025-11-26 10:19:05+05:30,998.6,2,995.03,2804733,346866.0,384650.0,986.2,1001.8,981.3,986.2,119766000,1084.8,887.6,1102.5,649.1,998.1,738,3,998.0,1226,9,997.9,7026,15,997.8,890,16,997.7,1817,10,998.2,96,1,998.4,184,2,998.5,87,1,998.6,790,8,998.7,965,6
317,2025-11-26 10:19:05+05:30,999.0,6,995.03,2804733,346866.0,384650.0,986.2,1001.8,981.3,986.2,119766000,1084.8,887.6,1102.5,649.1,998.1,738,3,998.0,1226,9,997.9,7026,15,997.8,890,16,997.7,1817,10,998.2,96,1,998.4,184,2,998.5,87,1,998.6,790,8,998.7,965,6
317,2025-11-26 10:19:05+05:30,999.0,6,995.03,2804733,346866.0,384650.0,986.2,1001.8,981.3,986.2,119766000,1084.8,887.6,1102.5,649.1,998.1,738,3,998.0,1226,9,997.9,7026,15,997.8,890,16,997.7,1817,10,998.2,96,1,998.4,184,2,998.5,87,1,998.6,790,8,998.7,965,6
317,2025-11-26 10:19:05+05:30,999.0,6,995.04,2808916,348139.0,371431.0,986.2,1001.8,981.3,986.2,119766000,1084.8,887.6,1102.5,649.1,998.8,258,3,998.7,671,7,998.6,444,8,998.5,5634,12,998.4,1917,14,999.2,87,1,999.3,284,3,999.4,613,12,999.5,1948,16,999.6,771,8
317,2025-11-26 10:19:05+05:30,999.0,6,995.04,2808916,348139.0,371431.0,986.2,1001.8,981.3,986.2,119766000,1084.8,887.6,1102.5,649.1,998.8,258,3,998.7,671,7,998.6,444,8,998.5,5634,12,998.4,1917,14,999.2,87,1,999.3,284,3,999.4,613,12,999.5,1948,16,999.6,771,8
317,2025-11-26 10:19:06+05:30,999.0,6,995.04,2808916,348139.0,371431.0,986.2,1001.8,981.3,986.2,119766000,1084.8,887.6,1102.5,649.1,998.8,258,3,998.7,671,7,998.6,444,8,998.5,5634,12,998.4,1917,14,999.2,87,1,999.3,284,3,999.4,613,12,999.5,1948,16,999.6,771,8
317,2025-11-26 10:19:06+05:30,999.0,6,995.04,2808916,348139.0,371431.0,986.2,1001.8,981.3,986.2,119882250,1084.8,887.6,1102.5,649.1,998.8,258,3,998.7,671,7,998.6,444,8,998.5,5634,12,998.4,1917,14,999.2,87,1,999.3,284,3,999.4,613,12,999.5,1948,16,999.6,771,8
317,2025-11-26 10:19:07+05:30,999.1,20,995.04,2808916,348139.0,371431.0,986.2,1001.8,981.3,986.2,119882250,1084.8,887.6,1102.5,649.1,998.8,258,3,998.7,671,7,998.6,444,8,998.5,5634,12,998.4,1917,14,999.2,87,1,999.3,284,3,999.4,613,12,999.5,1948,16,999.6,771,8
317,2025-11-26 10:19:07+05:30,999.1,20,995.04,2808916,348139.0,371431.0,986.2,1001.8,981.3,986.2,119882250,1084.8,887.6,1102.5,649.1,998.8,258,3,998.7,671,7,998.6,444,8,998.5,5634,12,998.4,1917,14,999.2,87,1,999.3,284,3,999.4,613,12,999.5,1948,16,999.6,771,8
317,2025-11-26 10:19:09+05:30,998.8,1,995.04,2808916,348139.0,371431.0,986.2,1001.8,981.3,986.2,119882250,1084.8,887.6,1102.5,649.1,998.8,258,3,998.7,671,7,998.6,444,8,998.5,5634,12,998.4,1917,14,999.2,87,1,999.3,284,3,999.4,613,12,999.5,1948,16,999.6,771,8
317,2025-11-26 10:19:10+05:30,998.9,100,995.04,2811991,350513.0,377874.0,986.2,1001.8,981.3,986.2,119882250,1084.8,887.6,1102.5,649.1,998.8,29,2,998.7,750,1,998.6,700,6,998.5,6154,16,998.4,1774,9,998.9,96,1,999.1,670,2,999.2,934,8,999.3,943,12,999.4,820,16
317,2025-11-26 10:19:11+05:30,998.9,43,995.04,2811991,350513.0,377874.0,986.2,1001.8,981.3,986.2,119882250,1084.8,887.6,1102.5,649.1,998.8,29,2,998.7,750,1,998.6,700,6,998.5,6154,16,998.4,1774,9,998.9,96,1,999.1,670,2,999.2,934,8,999.3,943,12,999.4,820,16
317,2025-11-26 10:19:13+05:30,998.9,5,995.04,2811991,350513.0,377874.0,986.2,1001.8,981.3,986.2,119882250,1084.8,887.6,1102.5,649.1,998.8,29,2,998.7,750,1,998.6,700,6,998.5,6154,16,998.4,1774,9,998.9,96,1,999.1,670,2,999.2,934,8,999.3,943,12,999.4,820,16
317,2025-11-26 10:19:15+05:30,998.7,28,995.04,2811991,350513.0,377874.0,986.2,1001.8,981.3,986.2,119882250,1084.8,887.6,1102.5,649.1,998.8,29,2,998.7,750,1,998.6,700,6,998.5,6154,16,998.4,1774,9,998.9,96,1,999.1,670,2,999.2,934,8,999.3,943,12,999.4,820,16
317,2025-11-26 10:19:15+05:30,998.9,50,995.05,2813484,349697.0,376675.0,986.2,1001.8,981.3,986.2,119882250,1084.8,887.6,1102.5,649.1,998.6,1036,5,998.5,4998,15,998.4,4056,14,998.3,1609,10,998.2,618,14,999.0,87,1,999.1,689,6,999.2,784,8,999.3,635,8,999.4,812,16
317,2025-11-26 10:19:17+05:30,998.7,354,995.05,2813484,349697.0,376675.0,986.2,1001.8,981.3,986.2,119882250,1084.8,887.6,1102.5,649.1,998.6,1036,5,998.5,4998,15,998.4,4056,14,998.3,1609,10,998.2,618,14,999.0,87,1,999.1,689,6,999.2,784,8,999.3,635,8,999.4,812,16
317,2025-11-26 10:19:19+05:30,998.9,10,995.05,2813484,349697.0,376675.0,986.2,1001.8,981.3,986.2,119882250,1084.8,887.6,1102.5,649.1,998.6,1036,5,998.5,4998,15,998.4,4056,14,998.3,1609,10,998.2,618,14,999.0,87,1,999.1,689,6,999.2,784,8,999.3,635,8,999.4,812,16
317,2025-11-26 10:19:20+05:30,998.9,2,995.05,2813484,349697.0,376675.0,986.2,1001.8,981.3,986.2,119882250,1084.8,887.6,1102.5,649.1,998.6,1036,5,998.5,4998,15,998.4,4056,14,998.3,1609,10,998.2,618,14,999.0,87,1,999.1,689,6,999.2,784,8,999.3,635,8,999.4,812,16
317,2025-11-26 10:19:20+05:30,998.9,2,995.05,2813858,350224.0,380232.0,986.2,1001.8,981.3,986.2,119882250,1084.8,887.6,1102.5,649.1,998.6,427,2,998.5,1928,5,998.4,5956,13,998.3,859,9,998.2,1749,17,998.7,96,1,998.8,34,1,998.9,266,3,999.0,1944,9,999.1,1110,13
317,2025-11-26 10:19:21+05:30,998.7,100,995.05,2813858,350224.0,380232.0,986.2,1001.8,981.3,986.2,119882250,1084.8,887.6,1102.5,649.1,998.6,427,2,998.5,1928,5,998.4,5956,13,998.3,859,9,998.2,1749,17,998.7,96,1,998.8,34,1,998.9,266,3,999.0,1944,9,999.1,1110,13
317,2025-11-26 10:19:21+05:30,998.7,44,995.05,2814302,348087.0,378807.0,986.2,1001.8,981.3,986.2,119882250,1084.8,887.6,1102.5,649.1,998.6,472,3,998.5,2262,8,998.4,6160,17,998.3,963,11,998.2,1693,15,998.7,52,1,998.8,34,1,998.9,117,1,999.0,1530,5,999.1,767,11
317,2025-11-26 10:19:22+05:30,998.7,44,995.05,2814302,348087.0,378807.0,986.2,1001.8,981.3,986.2,119882250,1084.8,887.6,1102.5,649.1,998.6,472,3,998.5,2262,8,998.4,6160,17,998.3,963,11,998.2,1693,15,998.7,52,1,998.8,34,1,998.9,117,1,999.0,1530,5,999.1,767,11
317,2025-11-26 10:19:22+05:30,998.7,44,995.05,2814302,348354.0,378966.0,986.2,1001.8,981.3,986.2,119882250,1084.8,887.6,1102.5,649.1,998.6,472,3,998.5,2389,9,998.4,6234,18,998.3,963,11,998.2,1693,15,998.7,52,1,998.8,117,3,998.9,117,1,999.0,1481,4,999.1,698,7
317,2025-11-26 10:19:23+05:30,998.6,100,995.05,2814302,348354.0,378966.0,986.2,1001.8,981.3,986.2,119882250,1084.8,887.6,1102.5,649.1,998.6,472,3,998.5,2389,9,998.4,6234,18,998.3,963,11,998.2,1693,15,998.7,52,1,998.8,117,3,998.9,117,1,999.0,1481,4,999.1,698,7
317,2025-11-26 10:19:23+05:30,998.6,41,995.05,2814770,347644.0,376936.0,986.2,1001.8,981.3,986.2,119882250,1084.8,887.6,1102.5,649.1,998.5,1973,6,998.4,6321,15,998.3,793,13,998.2,1690,12,998.1,1334,9,998.7,52,1,998.8,119,4,998.9,196,2,999.0,1805,8,999.1,811,8
317,2025-11-26 10:19:24+05:30,998.7,2,995.05,2814770,347644.0,376936.0,986.2,1001.8,981.3,986.2,119882250,1084.8,887.6,1102.5,649.1,998.5,1973,6,998.4,6321,15,998.3,793,13,998.2,1690,12,998.1,1334,9,998.7,52,1,998.8,119,4,998.9,196,2,999.0,1805,8,999.1,811,8
317,2025-11-26 10:19:24+05:30,998.7,2,995.05,2814772,348918.0,424879.0,986.2,1001.8,981.3,986.2,119882250,1084.8,887.6,1102.5,649.1,998.6,750,1,998.5,2149,8,998.4,6449,17,998.3,872,14,998.2,1703,13,998.7,50,1,998.8,117,3,998.9,117,1,999.0,1726,7,999.1,811,8
317,2025-11-26 10:19:25+05:30,998.6,199,995.05,2814772,348918.0,424879.0,986.2,1001.8,981.3,986.2,119882250,1084.8,887.6,1102.5,649.1,998.6,750,1,998.5,2149,8,998.4,6449,17,998.3,872,14,998.2,1703,13,998.7,50,1,998.8,117,3,998.9,117,1,999.0,1726,7,999.1,811,8
317,2025-11-26 10:19:25+05:30,998.8,1,995.05,2815281,348554.0,424050.0,986.2,1001.8,981.3,986.2,119882250,1084.8,887.6,1102.5,649.1,998.6,989,7,998.5,2481,11,998.4,6474,18,998.3,847,13,998.2,1634,11,998.8,116,3,999.0,1357,4,999.1,198,2,999.2,440,7,999.3,703,7
317,2025-11-26 10:19:26+05:30,998.8,1,995.05,2815281,348554.0,424050.0,986.2,1001.8,981.3,986.2,119882250,1084.8,887.6,1102.5,649.1,998.6,989,7,998.5,2481,11,998.4,6474,18,998.3,847,13,998.2,1634,11,998.8,116,3,999.0,1357,4,999.1,198,2,999.2,440,7,999.3,703,7
317,2025-11-26 10:19:26+05:30,998.6,118,995.05,2815399,348096.0,423761.0,986.2,1001.8,981.3,986.2,119882250,1084.8,887.6,1102.5,649.1,998.6,582,4,998.5,2468,10,998.4,5769,18,998.3,860,14,998.2,2456,13,998.8,116,3,999.0,1357,4,999.1,237,5,999.2,463,6,999.3,703,7
317,2025-11-26 10:19:27+05:30,998.6,2,995.05,2815399,348096.0,423761.0,986.2,1001.8,981.3,986.2,119882250,1084.8,887.6,1102.5,649.1,998.6,582,4,998.5,2468,10,998.4,5769,18,998.3,860,14,998.2,2456,13,998.8,116,3,999.0,1357,4,999.1,237,5,999.2,463,6,999.3,703,7
317,2025-11-26 10:19:27+05:30,998.8,18,995.05,2815570,347276.0,423869.0,986.2,1001.8,981.3,986.2,119882250,1084.8,887.6,1102.5,649.1,998.6,462,4,998.5,1928,5,998.4,4821,13,998.3,826,10,998.2,1680,10,998.8,65,2,998.9,127,1,999.0,1557,5,999.1,365,7,999.2,469,7
317,2025-11-26 10:19:28+05:30,998.8,1,995.05,2815570,347276.0,423869.0,986.2,1001.8,981.3,986.2,119882250,1084.8,887.6,1102.5,649.1,998.6,462,4,998.5,1928,5,998.4,4821,13,998.3,826,10,998.2,1680,10,998.8,65,2,998.9,127,1,999.0,1557,5,999.1,365,7,999.2,469,7
317,2025-11-26 10:19:28+05:30,998.8,39,995.05,2815884,342653.0,426791.0,986.2,1001.8,981.3,986.2,119882250,1084.8,887.6,1102.5,649.1,998.6,149,3,998.5,290,1,998.4,79,1,998.3,398,4,998.2,936,10,998.8,612,8,998.9,768,7,999.0,2228,17,999.1,712,8,999.2,570,9
317,2025-11-26 10:19:29+05:30,998.8,5,995.05,2815884,342653.0,426791.0,986.2,1001.8,981.3,986.2,119882250,1084.8,887.6,1102.5,649.1,998.6,149,3,998.5,290,1,998.4,79,1,998.3,398,4,998.2,936,10,998.8,612,8,998.9,768,7,999.0,2228,17,999.1,712,8,999.2,570,9
317,2025-11-26 10:19:29+05:30,998.6,69,995.05,2816422,344042.0,428575.0,986.2,1001.8,981.3,986.2,119882250,1084.8,887.6,1102.5,649.1,998.5,290,1,998.3,26,1,998.2,1092,5,998.1,5674,15,998.0,2456,18,998.6,45,1,998.7,285,3,998.8,607,9,998.9,1001,11,999.0,2205,15
317,2025-11-26 10:19:30+05:30,998.6,69,995.05,2816422,344042.0,428575.0,986.2,1001.8,981.3,986.2,119882250,1084.8,887.6,1102.5,649.1,998.5,290,1,998.3,26,1,998.2,1092,5,998.1,5674,15,998.0,2456,18,998.6,45,1,998.7,285,3,998.8,607,9,998.9,1001,11,999.0,2205,15
317,2025-11-26 10:19:30+05:30,998.3,236,995.05,2816672,343314.0,426822.0,986.2,1001.8,981.3,986.2,119882250,1084.8,887.6,1102.5,649.1,998.3,514,1,998.2,518,7,998.1,5877,18,998.0,1656,12,997.9,2759,18,998.6,37,1,998.7,306,2,998.8,447,7,998.9,776,13,999.0,2013,15
317,2025-11-26 10:19:31+05:30,998.3,236,995.05,2816672,343314.0,426822.0,986.2,1001.8,981.3,986.2,119882250,1084.8,887.6,1102.5,649.1,998.3,514,1,998.2,518,7,998.1,5877,18,998.0,1656,12,997.9,2759,18,998.6,37,1,998.7,306,2,998.8,447,7,998.9,776,13,999.0,2013,15
317,2025-11-26 10:19:31+05:30,998.3,1,995.05,2816673,343522.0,427101.0,986.2,1001.8,981.3,986.2,119882250,1084.8,887.6,1102.5,649.1,998.3,513,1,998.2,518,7,998.1,5877,18,998.0,1682,14,997.9,2746,17,998.6,37,1,998.7,306,2,998.8,447,7,998.9,855,14,999.0,2213,16
317,2025-11-26 10:19:32+05:30,998.3,1,995.05,2816673,343522.0,427101.0,986.2,1001.8,981.3,986.2,119882250,1084.8,887.6,1102.5,649.1,998.3,513,1,998.2,518,7,998.1,5877,18,998.0,1682,14,997.9,2746,17,998.6,37,1,998.7,306,2,998.8,447,7,998.9,855,14,999.0,2213,16
317,2025-11-26 10:19:32+05:30,998.7,12,995.05,2816722,343209.0,427177.0,986.2,1001.8,981.3,986.2,119882250,1084.8,887.6,1102.5,649.1,998.3,572,2,998.2,453,6,998.1,5877,18,998.0,2432,15,997.9,2733,16,998.7,294,2,998.8,447,7,998.9,719,10,999.0,2262,16,999.1,1104,12
317,2025-11-26 10:19:33+05:30,998.7,12,995.05,2816722,343209.0,427177.0,986.2,1001.8,981.3,986.2,119882250,1084.8,887.6,1102.5,649.1,998.3,572,2,998.2,453,6,998.1,5877,18,998.0,2432,15,997.9,2733,16,998.7,294,2,998.8,447,7,998.9,719,10,999.0,2262,16,999.1,1104,12
317,2025-11-26 10:19:33+05:30,998.7,12,995.05,2816722,344215.0,427114.0,986.2,1001.8,981.3,986.2,119882250,1084.8,887.6,1102.5,649.1,998.4,112,1,998.3,572,2,998.2,489,6,998.1,6056,20,998.0,2498,17,998.6,3,1,998.7,294,2,998.8,448,8,998.9,678,7,999.0,2277,17
317,2025-11-26 10:19:34+05:30,998.7,44,995.05,2816722,344215.0,427114.0,986.2,1001.8,981.3,986.2,119882250,1084.8,887.6,1102.5,649.1,998.4,112,1,998.3,572,2,998.2,489,6,998.1,6056,20,998.0,2498,17,998.6,3,1,998.7,294,2,998.8,448,8,998.9,678,7,999.0,2277,17
317,2025-11-26 10:19:34+05:30,998.7,44,995.05,2816810,344431.0,428325.0,986.2,1001.8,981.3,986.2,119882250,1084.8,887.6,1102.5,649.1,998.4,625,2,998.3,445,8,998.2,4312,13,998.1,3088,15,998.0,2571,15,998.7,52,1,998.8,84,4,998.9,599,6,999.0,3834,13,999.1,1030,15
317,2025-11-26 10:19:35+05:30,998.4,96,995.05,2816810,344431.0,428325.0,986.2,1001.8,981.3,986.2,119882250,1084.8,887.6,1102.5,649.1,998.4,625,2,998.3,445,8,998.2,4312,13,998.1,3088,15,998.0,2571,15,998.7,52,1,998.8,84,4,998.9,599,6,999.0,3834,13,999.1,1030,15
317,2025-11-26 10:19:36+05:30,998.8,62,995.05,2818197,343001.0,429093.0,986.2,1001.8,981.3,986.2,119882250,1084.8,887.6,1102.5,649.1,998.3,780,2,998.2,540,4,998.1,5653,14,998.0,1039,13,997.9,2728,13,998.7,651,8,998.8,898,9,998.9,756,7,999.0,3656,16,999.1,1135,11
317,2025-11-26 10:19:36+05:30,998.8,62,995.05,2818197,343001.0,429093.0,986.2,1001.8,981.3,986.2,119882250,1084.8,887.6,1102.5,649.1,998.3,780,2,998.2,540,4,998.1,5653,14,998.0,1039,13,997.9,2728,13,998.7,651,8,998.8,898,9,998.9,756,7,999.0,3656,16,999.1,1135,11
317,2025-11-26 10:19:37+05:30,998.3,324,995.05,2818551,343060.0,429938.0,986.2,1001.8,981.3,986.2,119882250,1084.8,887.6,1102.5,649.1,998.3,456,2,998.2,540,4,998.1,5356,12,998.0,408,8,997.9,2952,18,998.6,286,4,998.7,756,8,998.8,921,11,998.9,781,9,999.0,3653,16
317,2025-11-26 10:19:37+05:30,998.3,324,995.05,2818551,343060.0,429938.0,986.2,1001.8,981.3,986.2,119882250,1084.8,887.6,1102.5,649.1,998.3,456,2,998.2,540,4,998.1,5356,12,998.0,408,8,997.9,2952,18,998.6,286,4,998.7,756,8,998.8,921,11,998.9,781,9,999.0,3653,16
317,2025-11-26 10:19:38+05:30,998.3,324,995.05,2818551,342687.0,428742.0,986.2,1001.8,981.3,986.2,119882250,1084.8,887.6,1102.5,649.1,998.3,456,2,998.2,540,4,998.1,5369,13,998.0,1316,13,997.9,2952,18,998.7,486,5,998.8,872,11,998.9,897,10,999.0,3769,17,999.1,948,11
317,2025-11-26 10:19:39+05:30,998.4,100,995.05,2818652,344392.0,427429.0,986.2,1001.8,981.3,986.2,119882250,1084.8,887.6,1102.5,649.1,998.4,325,1,998.3,487,7,998.2,4043,15,998.1,3860,16,998.0,2284,16,998.7,100,1,998.8,191,2,998.9,486,5,999.0,3854,20,999.1,907,12
317,2025-11-26 10:19:39+05:30,998.4,100,995.05,2818652,344392.0,427429.0,986.2,1001.8,981.3,986.2,119882250,1084.8,887.6,1102.5,649.1,998.4,325,1,998.3,487,7,998.2,4043,15,998.1,3860,16,998.0,2284,16,998.7,100,1,998.8,191,2,998.9,486,5,999.0,3854,20,999.1,907,12
317,2025-11-26 10:19:40+05:30,998.4,50,995.05,2818702,346461.0,427516.0,986.2,1001.8,981.3,986.2,119882250,1084.8,887.6,1102.5,649.1,998.5,275,1,998.4,108,2,998.3,4813,14,998.2,1303,13,998.1,3071,12,998.7,100,1,998.8,1,1,998.9,437,4,999.0,3762,14,999.1,883,13
317,2025-11-26 10:19:40+05:30,998.5,275,995.05,2818702,346461.0,427516.0,986.2,1001.8,981.3,986.2,119882250,1084.8,887.6,1102.5,649.1,998.5,275,1,998.4,108,2,998.3,4813,14,998.2,1303,13,998.1,3071,12,998.7,100,1,998.8,1,1,998.9,437,4,999.0,3762,14,999.1,883,13
317,2025-11-26 10:19:41+05:30,998.5,275,995.05,2818977,345695.0,429031.0,986.2,1001.8,981.3,986.2,119882250,1084.8,887.6,1102.5,649.1,998.3,1743,6,998.2,4042,15,998.1,2286,14,998.0,2218,14,997.9,2082,16,998.5,96,1,998.7,100,1,998.8,464,7,998.9,686,8,999.0,3703,13
317,2025-11-26 10:19:42+05:30,998.5,100,995.05,2819195,346079.0,429802.0,986.2,1001.8,981.3,986.2,119882250,1084.8,887.6,1102.5,649.1,998.3,1651,6,998.2,3694,13,998.1,2242,12,998.0,2537,15,997.9,2082,16,998.5,96,1,998.6,4,1,998.7,100,1,998.8,513,8,998.9,1379,12
317,2025-11-26 10:19:42+05:30,998.5,100,995.05,2819195,346079.0,429802.0,986.2,1001.8,981.3,986.2,119882250,1084.8,887.6,1102.5,649.1,998.3,1651,6,998.2,3694,13,998.1,2242,12,998.0,2537,15,997.9,2082,16,998.5,96,1,998.6,4,1,998.7,100,1,998.8,513,8,998.9,1379,12
317,2025-11-26 10:19:43+05:30,998.5,100,995.05,2819195,346110.0,429848.0,986.2,1001.8,981.3,986.2,119882250,1084.8,887.6,1102.5,649.1,998.3,1651,6,998.2,3694,13,998.1,2273,13,998.0,2537,15,997.9,2082,16,998.5,96,1,998.6,4,1,998.7,100,1,998.8,513,8,998.9,1379,12
317,2025-11-26 10:19:44+05:30,998.5,10,995.05,2819785,347996.0,428554.0,986.2,1001.8,981.3,986.2,119882250,1084.8,887.6,1102.5,649.1,998.5,218,2,998.4,857,3,998.3,4500,15,998.2,1861,13,998.1,3059,15,998.6,4,1,998.7,100,1,998.8,11,2,998.9,597,5,999.0,3719,15
317,2025-11-26 10:19:44+05:30,998.5,10,995.05,2819785,347996.0,428554.0,986.2,1001.8,981.3,986.2,119882250,1084.8,887.6,1102.5,649.1,998.5,218,2,998.4,857,3,998.3,4500,15,998.2,1861,13,998.1,3059,15,998.6,4,1,998.7,100,1,998.8,11,2,998.9,597,5,999.0,3719,15
317,2025-11-26 10:19:45+05:30,998.5,118,995.05,2819905,348557.0,428937.0,986.2,1001.8,981.3,986.2,119882250,1084.8,887.6,1102.5,649.1,998.5,42,1,998.4,750,1,998.3,2366,14,998.2,4080,15,998.1,2309,14,998.6,2,1,998.7,464,2,998.8,11,2,998.9,646,6,999.0,3781,17
317,2025-11-26 10:19:45+05:30,998.5,118,995.05,2819905,348557.0,428937.0,986.2,1001.8,981.3,986.2,119882250,1084.8,887.6,1102.5,649.1,998.5,42,1,998.4,750,1,998.3,2366,14,998.2,4080,15,998.1,2309,14,998.6,2,1,998.7,464,2,998.8,11,2,998.9,646,6,999.0,3781,17
317,2025-11-26 10:19:46+05:30,998.5,118,995.05,2819905,348564.0,428939.0,986.2,1001.8,981.3,986.2,119882250,1084.8,887.6,1102.5,649.1,998.5,55,2,998.4,750,1,998.3,2353,13,998.2,4080,15,998.1,2309,14,998.6,2,1,998.7,508,4,998.8,1,1,998.9,679,9,999.0,3792,19
317,2025-11-26 10:19:47+05:30,998.6,99,995.05,2820655,347090.0,427561.0,986.2,1001.8,981.3,986.2,119882250,1084.8,887.6,1102.5,649.1,998.5,55,2,998.4,38,1,998.3,2093,11,998.2,4138,16,998.1,2277,12,998.6,17,1,998.7,210,4,998.8,220,4,998.9,329,5,999.0,3609,17
317,2025-11-26 10:19:47+05:30,998.6,99,995.05,2820655,347090.0,427561.0,986.2,1001.8,981.3,986.2,119882250,1084.8,887.6,1102.5,649.1,998.5,55,2,998.4,38,1,998.3,2093,11,998.2,4138,16,998.1,2277,12,998.6,17,1,998.7,210,4,998.8,220,4,998.9,329,5,999.0,3609,17
317,2025-11-26 10:19:48+05:30,998.3,26,995.05,2820921,347323.0,429520.0,986.2,1001.8,981.3,986.2,119882250,1084.8,887.6,1102.5,649.1,998.5,750,1,998.4,58,1,998.3,4672,14,998.2,1295,13,998.1,3100,17,998.6,17,1,998.7,210,4,998.8,35,3,998.9,533,7,999.0,3794,19
317,2025-11-26 10:19:48+05:30,998.3,26,995.05,2820921,347323.0,429520.0,986.2,1001.8,981.3,986.2,119882250,1084.8,887.6,1102.5,649.1,998.5,750,1,998.4,58,1,998.3,4672,14,998.2,1295,13,998.1,3100,17,998.6,17,1,998.7,210,4,998.8,35,3,998.9,533,7,999.0,3794,19
317,2025-11-26 10:19:49+05:30,998.7,43,995.05,2821009,347961.0,427939.0,986.2,1001.8,981.3,986.2,119882250,1084.8,887.6,1102.5,649.1,998.5,760,2,998.4,522,4,998.3,4934,17,998.2,1295,13,998.1,3100,17,998.7,156,4,998.8,36,4,998.9,246,4,999.0,3592,17,999.1,894,10
317,2025-11-26 10:19:49+05:30,998.7,43,995.05,2821009,347961.0,427939.0,986.2,1001.8,981.3,986.2,119882250,1084.8,887.6,1102.5,649.1,998.5,760,2,998.4,522,4,998.3,4934,17,998.2,1295,13,998.1,3100,17,998.7,156,4,998.8,36,4,998.9,246,4,999.0,3592,17,999.1,894,10
317,2025-11-26 10:19:50+05:30,998.7,43,995.05,2821009,348859.0,428532.0,986.2,1001.8,981.3,986.2,119882250,1084.8,887.6,1102.5,649.1,998.5,786,3,998.4,725,6,998.3,5486,20,998.2,1633,12,998.1,3145,18,998.6,96,1,998.7,136,4,998.8,36,4,998.9,129,2,999.0,3669,18
317,2025-11-26 10:19:51+05:30,998.7,43,995.05,2821009,348859.0,428565.0,986.2,1001.8,981.3,986.2,119882250,1084.8,887.6,1102.5,649.1,998.5,786,3,998.4,725,6,998.3,5486,20,998.2,1633,12,998.1,3145,18,998.6,96,1,998.7,136,4,998.8,36,4,998.9,129,2,999.0,3677,19
317,2025-11-26 10:19:52+05:30,998.6,5,995.05,2821009,348859.0,428565.0,986.2,1001.8,981.3,986.2,119882250,1084.8,887.6,1102.5,649.1,998.5,786,3,998.4,725,6,998.3,5486,20,998.2,1633,12,998.1,3145,18,998.6,96,1,998.7,136,4,998.8,36,4,998.9,129,2,999.0,3677,19
317,2025-11-26 10:19:52+05:30,998.6,5,995.05,2821014,349061.0,428196.0,986.2,1001.8,981.3,986.2,119882250,1084.8,887.6,1102.5,649.1,998.5,787,4,998.4,725,6,998.3,5486,20,998.2,1655,13,998.1,3145,18,998.6,91,1,998.7,136,4,998.8,36,4,998.9,2,1,999.0,3477,18
317,2025-11-26 10:19:53+05:30,998.6,2,995.05,2821014,349061.0,428196.0,986.2,1001.8,981.3,986.2,119882250,1084.8,887.6,1102.5,649.1,998.5,787,4,998.4,725,6,998.3,5486,20,998.2,1655,13,998.1,3145,18,998.6,91,1,998.7,136,4,998.8,36,4,998.9,2,1,999.0,3477,18
317,2025-11-26 10:19:53+05:30,998.6,2,995.05,2821016,348599.0,428235.0,986.2,1001.8,981.3,986.2,119882250,1084.8,887.6,1102.5,649.1,998.5,787,4,998.4,533,5,998.3,6038,20,998.2,833,11,998.1,3145,18,998.6,89,1,998.7,136,4,998.8,36,4,998.9,194,2,999.0,3489,19
317,2025-11-26 10:19:54+05:30,998.6,112,995.05,2821016,348599.0,428235.0,986.2,1001.8,981.3,986.2,119882250,1084.8,887.6,1102.5,649.1,998.5,787,4,998.4,533,5,998.3,6038,20,998.2,833,11,998.1,3145,18,998.6,89,1,998.7,136,4,998.8,36,4,998.9,194,2,999.0,3489,19
317,2025-11-26 10:19:54+05:30,998.6,112,995.06,2821128,348666.0,424247.0,986.2,1001.8,981.3,986.2,119882250,1084.8,887.6,1102.5,649.1,998.5,787,4,998.4,1335,7,998.3,4416,15,998.2,2385,14,998.1,2395,17,998.6,96,1,998.7,136,4,998.8,36,4,998.9,194,2,999.0,3477,18
317,2025-11-26 10:19:55+05:30,998.5,48,995.06,2821128,348666.0,424247.0,986.2,1001.8,981.3,986.2,119882250,1084.8,887.6,1102.5,649.1,998.5,787,4,998.4,1335,7,998.3,4416,15,998.2,2385,14,998.1,2395,17,998.6,96,1,998.7,136,4,998.8,36,4,998.9,194,2,999.0,3477,18
317,2025-11-26 10:19:55+05:30,998.5,48,995.06,2821963,346895.0,424148.0,986.2,1001.8,981.3,986.2,119882250,1084.8,887.6,1102.5,649.1,998.5,28,2,998.4,953,3,998.3,4537,18,998.2,1448,14,998.1,3066,13,998.7,136,4,998.8,3,3,998.9,232,3,999.0,3478,19,999.1,906,11
317,2025-11-26 10:19:56+05:30,998.5,2,995.06,2821963,346895.0,424148.0,986.2,1001.8,981.3,986.2,119882250,1084.8,887.6,1102.5,649.1,998.5,28,2,998.4,953,3,998.3,4537,18,998.2,1448,14,998.1,3066,13,998.7,136,4,998.8,3,3,998.9,232,3,999.0,3478,19,999.1,906,11
317,2025-11-26 10:19:56+05:30,998.5,2,995.06,2821967,348078.0,424461.0,986.2,1001.8,981.3,986.2,119882250,1084.8,887.6,1102.5,649.1,998.5,774,2,998.4,1031,4,998.3,4537,18,998.2,1694,18,998.1,3066,13,998.7,235,5,998.8,187,4,998.9,402,6,999.0,3498,19,999.1,906,11
317,2025-11-26 10:19:57+05:30,998.6,9,995.06,2821967,348078.0,424461.0,986.2,1001.8,981.3,986.2,119882250,1084.8,887.6,1102.5,649.1,998.5,774,2,998.4,1031,4,998.3,4537,18,998.2,1694,18,998.1,3066,13,998.7,235,5,998.8,187,4,998.9,402,6,999.0,3498,19,999.1,906,11
317,2025-11-26 10:19:57+05:30,998.6,9,995.06,2822242,347145.0,425345.0,986.2,1001.8,981.3,986.2,119882250,1084.8,887.6,1102.5,649.1,998.5,534,2,998.4,825,2,998.3,4384,15,998.2,1757,19,998.1,3066,13,998.7,287,6,998.8,220,5,998.9,583,9,999.0,3576,18,999.1,916,12
317,2025-11-26 10:19:58+05:30,998.5,55,995.06,2822242,347145.0,425345.0,986.2,1001.8,981.3,986.2,119882250,1084.8,887.6,1102.5,649.1,998.5,534,2,998.4,825,2,998.3,4384,15,998.2,1757,19,998.1,3066,13,998.7,287,6,998.8,220,5,998.9,583,9,999.0,3576,18,999.1,916,12
317,2025-11-26 10:19:58+05:30,998.6,14,995.06,2822311,347053.0,425177.0,986.2,1001.8,981.3,986.2,119882250,1084.8,887.6,1102.5,649.1,998.5,479,2,998.4,1702,6,998.3,3735,16,998.2,2453,18,998.1,2316,12,998.7,235,5,998.8,219,5,998.9,508,6,999.0,3577,16,999.1,910,14
317,2025-11-26 10:19:59+05:30,998.6,14,995.06,2822311,347053.0,425177.0,986.2,1001.8,981.3,986.2,119882250,1084.8,887.6,1102.5,649.1,998.5,479,2,998.4,1702,6,998.3,3735,16,998.2,2453,18,998.1,2316,12,998.7,235,5,998.8,219,5,998.9,508,6,999.0,3577,16,999.1,910,14
317,2025-11-26 10:19:59+05:30,998.6,14,995.06,2822311,348473.0,424674.0,986.2,1001.8,981.3,986.2,119882250,1084.8,887.6,1102.5,649.1,998.5,479,2,998.4,1702,6,998.3,3953,18,998.2,2453,18,998.1,2316,12,998.7,235,5,998.8,35,4,998.9,328,4,999.0,3416,15,999.1,932,15
317,2025-11-26 10:20:00+05:30,998.6,14,995.06,2822311,349307.0,424823.0,986.2,1001.8,981.3,986.2,119882250,1084.8,887.6,1102.5,649.1,998.5,579,3,998.4,1714,6,998.3,3735,16,998.2,2500,19,998.1,2271,11,998.6,96,1,998.7,235,5,998.8,35,4,998.9,328,4,999.0,3442,17
317,2025-11-26 10:20:01+05:30,998.6,10,995.06,2822311,349307.0,424823.0,986.2,1001.8,981.3,986.2,119882250,1084.8,887.6,1102.5,649.1,998.5,579,3,998.4,1714,6,998.3,3735,16,998.2,2500,19,998.1,2271,11,998.6,96,1,998.7,235,5,998.8,35,4,998.9,328,4,999.0,3442,17
317,2025-11-26 10:20:01+05:30,998.6,492,995.06,2824029,347234.0,425245.0,986.2,1001.8,981.3,986.2,119882250,1084.8,887.6,1102.5,649.1,998.4,1088,5,998.3,3666,14,998.2,2409,14,998.1,2271,11,998.0,1842,17,998.6,96,1,998.7,235,5,998.8,90,4,998.9,838,7,999.0,3425,14
317,2025-11-26 10:20:02+05:30,998.5,1,995.06,2824029,347234.0,425245.0,986.2,1001.8,981.3,986.2,119882250,1084.8,887.6,1102.5,649.1,998.4,1088,5,998.3,3666,14,998.2,2409,14,998.1,2271,11,998.0,1842,17,998.6,96,1,998.7,235,5,998.8,90,4,998.9,838,7,999.0,3425,14
317,2025-11-26 10:20:02+05:30,998.5,1,995.06,2824738,347318.0,425285.0,986.2,1001.8,981.3,986.2,119882250,1084.8,887.6,1102.5,649.1,998.5,469,3,998.4,913,3,998.3,3233,11,998.2,2377,20,998.1,2026,10,998.6,96,1,998.7,214,5,998.8,480,7,998.9,1259,10,999.0,3413,13
317,2025-11-26 10:20:03+05:30,998.5,14,995.06,2824738,347318.0,425285.0,986.2,1001.8,981.3,986.2,119882250,1084.8,887.6,1102.5,649.1,998.5,469,3,998.4,913,3,998.3,3233,11,998.2,2377,20,998.1,2026,10,998.6,96,1,998.7,214,5,998.8,480,7,998.9,1259,10,999.0,3413,13
317,2025-11-26 10:20:03+05:30,998.5,14,995.06,2825129,347953.0,425534.0,986.2,1001.8,981.3,986.2,119882250,1084.8,887.6,1102.5,649.1,998.5,781,2,998.4,913,3,998.3,3257,13,998.2,2532,19,998.1,2056,13,998.6,85,1,998.7,214,5,998.8,280,5,998.9,690,10,999.0,3623,15
317,2025-11-26 10:20:04+05:30,998.5,235,995.06,2825129,347953.0,425534.0,986.2,1001.8,981.3,986.2,119882250,1084.8,887.6,1102.5,649.1,998.5,781,2,998.4,913,3,998.3,3257,13,998.2,2532,19,998.1,2056,13,998.6,85,1,998.7,214,5,998.8,280,5,998.9,690,10,999.0,3623,15
317,2025-11-26 10:20:04+05:30,998.5,235,995.06,2825545,347751.0,424889.0,986.2,1001.8,981.3,986.2,119882250,1084.8,887.6,1102.5,649.1,998.5,560,2,998.4,960,4,998.3,3329,14,998.2,2545,20,998.1,2043,12,998.6,75,1,998.7,214,5,998.8,90,4,998.9,690,10,999.0,3626,15
317,2025-11-26 10:20:05+05:30,998.5,75,995.06,2825545,347751.0,424889.0,986.2,1001.8,981.3,986.2,119882250,1084.8,887.6,1102.5,649.1,998.5,560,2,998.4,960,4,998.3,3329,14,998.2,2545,20,998.1,2043,12,998.6,75,1,998.7,214,5,998.8,90,4,998.9,690,10,999.0,3626,15
317,2025-11-26 10:20:05+05:30,998.5,75,995.06,2825620,347015.0,424596.0,986.2,1001.8,981.3,986.2,119882250,1084.8,887.6,1102.5,649.1,998.5,485,2,998.4,913,3,998.3,3301,14,998.2,2545,20,998.1,2043,12,998.7,214,5,998.8,90,4,998.9,1304,13,999.0,3625,14,999.1,1051,16
317,2025-11-26 10:20:06+05:30,998.5,133,995.06,2825620,347015.0,424596.0,986.2,1001.8,981.3,986.2,119882250,1084.8,887.6,1102.5,649.1,998.5,485,2,998.4,913,3,998.3,3301,14,998.2,2545,20,998.1,2043,12,998.7,214,5,998.8,90,4,998.9,1304,13,999.0,3625,14,999.1,1051,16
317,2025-11-26 10:20:06+05:30,998.5,133,995.06,2825753,348142.0,424937.0,986.2,1001.8,981.3,986.2,119882250,1084.8,887.6,1102.5,649.1,998.6,10,1,998.5,352,2,998.4,913,3,998.3,3158,11,998.2,2639,22,998.7,214,5,998.8,398,7,998.9,824,14,999.0,3514,13,999.1,1051,16
317,2025-11-26 10:20:07+05:30,998.6,3,995.06,2825756,347984.0,425078.0,986.2,1001.8,981.3,986.2,119882250,1084.8,887.6,1102.5,649.1,998.6,57,2,998.5,352,2,998.4,913,3,998.3,3114,10,998.2,2639,22,998.7,214,5,998.8,398,7,998.9,1324,15,999.0,3542,14,999.1,1051,16
317,2025-11-26 10:20:08+05:30,998.6,3,995.06,2825756,347984.0,425078.0,986.2,1001.8,981.3,986.2,119882250,1084.8,887.6,1102.5,649.1,998.6,57,2,998.5,352,2,998.4,913,3,998.3,3114,10,998.2,2639,22,998.7,214,5,998.8,398,7,998.9,1324,15,999.0,3542,14,999.1,1051,16
317,2025-11-26 10:20:08+05:30,998.6,3,995.06,2825756,347984.0,425321.0,986.2,1001.8,981.3,986.2,119882250,1084.8,887.6,1102.5,649.1,998.6,57,2,998.5,352,2,998.4,913,3,998.3,3114,10,998.2,2639,22,998.7,214,5,998.8,398,7,998.9,1324,15,999.0,3542,14,999.1,1051,16
317,2025-11-26 10:20:09+05:30,998.6,3,995.06,2825756,347915.0,425416.0,986.2,1001.8,981.3,986.2,119882250,1084.8,887.6,1102.5,649.1,998.6,57,2,998.5,352,2,998.4,913,3,998.3,3066,9,998.2,2588,21,998.7,214,5,998.8,477,9,998.9,1247,13,999.0,3542,14,999.1,1051,16
317,2025-11-26 10:20:10+05:30,998.6,117,995.06,2825756,347915.0,425416.0,986.2,1001.8,981.3,986.2,119882250,1084.8,887.6,1102.5,649.1,998.6,57,2,998.5,352,2,998.4,913,3,998.3,3066,9,998.2,2588,21,998.7,214,5,998.8,477,9,998.9,1247,13,999.0,3542,14,999.1,1051,16
317,2025-11-26 10:20:10+05:30,998.6,117,995.06,2825880,349351.0,425870.0,986.2,1001.8,981.3,986.2,119882250,1084.8,887.6,1102.5,649.1,998.5,352,2,998.4,913,3,998.3,3816,10,998.2,2588,21,998.1,1956,11,998.6,96,1,998.7,214,5,998.8,526,10,998.9,681,11,999.0,3710,15
317,2025-11-26 10:20:11+05:30,998.6,117,995.06,2825880,349349.0,426257.0,986.2,1001.8,981.3,986.2,119882250,1084.8,887.6,1102.5,649.1,998.5,352,2,998.4,913,3,998.3,3816,10,998.2,2588,21,998.1,1956,11,998.6,96,1,998.7,214,5,998.8,526,10,998.9,1247,12,999.0,3710,15
317,2025-11-26 10:20:12+05:30,998.6,3,995.06,2825936,349527.0,426144.0,986.2,1001.8,981.3,986.2,119882250,1084.8,887.6,1102.5,649.1,998.5,302,2,998.4,913,3,998.3,3918,10,998.2,2645,22,998.1,1983,12,998.6,90,1,998.7,214,5,998.8,477,9,998.9,653,10,999.0,3710,15
317,2025-11-26 10:20:13+05:30,998.6,3,995.06,2825936,349527.0,426144.0,986.2,1001.8,981.3,986.2,119882250,1084.8,887.6,1102.5,649.1,998.5,302,2,998.4,913,3,998.3,3918,10,998.2,2645,22,998.1,1983,12,998.6,90,1,998.7,214,5,998.8,477,9,998.9,653,10,999.0,3710,15
317,2025-11-26 10:20:13+05:30,998.6,22,995.06,2826048,349546.0,426343.0,986.2,1001.8,981.3,986.2,119882250,1084.8,887.6,1102.5,649.1,998.5,302,2,998.4,913,3,998.3,4108,11,998.2,2549,20,998.1,2056,13,998.6,417,2,998.7,214,5,998.8,470,8,998.9,653,10,999.0,3616,13
317,2025-11-26 10:20:14+05:30,998.6,22,995.06,2826048,349546.0,426343.0,986.2,1001.8,981.3,986.2,119882250,1084.8,887.6,1102.5,649.1,998.5,302,2,998.4,913,3,998.3,4108,11,998.2,2549,20,998.1,2056,13,998.6,417,2,998.7,214,5,998.8,470,8,998.9,653,10,999.0,3616,13
317,2025-11-26 10:20:14+05:30,998.6,3,995.06,2826051,350219.0,426607.0,986.2,1001.8,981.3,986.2,119882250,1084.8,887.6,1102.5,649.1,998.5,302,2,998.4,913,3,998.3,4979,14,998.2,2622,22,998.1,2056,13,998.6,414,2,998.7,214,5,998.8,324,6,998.9,823,13,999.0,3616,13
317,2025-11-26 10:20:15+05:30,998.5,134,995.06,2826051,350219.0,426607.0,986.2,1001.8,981.3,986.2,119882250,1084.8,887.6,1102.5,649.1,998.5,302,2,998.4,913,3,998.3,4979,14,998.2,2622,22,998.1,2056,13,998.6,414,2,998.7,214,5,998.8,324,6,998.9,823,13,999.0,3616,13
317,2025-11-26 10:20:15+05:30,998.5,342,995.06,2826784,349077.0,428504.0,986.2,1001.8,981.3,986.2,119882250,1084.8,887.6,1102.5,649.1,998.5,408,1,998.4,913,3,998.3,4711,12,998.2,2424,18,998.1,1978,12,998.6,318,1,998.7,214,5,998.8,348,6,998.9,872,13,999.0,3762,15
317,2025-11-26 10:20:16+05:30,998.5,342,995.06,2826784,349077.0,428504.0,986.2,1001.8,981.3,986.2,119882250,1084.8,887.6,1102.5,649.1,998.5,408,1,998.4,913,3,998.3,4711,12,998.2,2424,18,998.1,1978,12,998.6,318,1,998.7,214,5,998.8,348,6,998.9,872,13,999.0,3762,15
317,2025-11-26 10:20:16+05:30,998.5,133,995.06,2826917,348842.0,428485.0,986.2,1001.8,981.3,986.2,119882250,1084.8,887.6,1102.5,649.1,998.5,300,2,998.4,938,4,998.3,4891,15,998.2,2427,18,998.1,1978,12,998.6,318,1,998.7,214,5,998.8,276,5,998.9,872,13,999.0,3616,13
317,2025-11-26 10:20:17+05:30,998.5,133,995.06,2826917,348842.0,428485.0,986.2,1001.8,981.3,986.2,119882250,1084.8,887.6,1102.5,649.1,998.5,300,2,998.4,938,4,998.3,4891,15,998.2,2427,18,998.1,1978,12,998.6,318,1,998.7,214,5,998.8,276,5,998.9,872,13,999.0,3616,13
317,2025-11-26 10:20:17+05:30,998.6,142,995.06,2827193,348506.0,428723.0,986.2,1001.8,981.3,986.2,119882250,1084.8,887.6,1102.5,649.1,998.5,25,1,998.4,938,4,998.3,4891,15,998.2,2201,9,998.1,1989,13,998.6,175,1,998.7,214,5,998.8,397,7,998.9,941,15,999.0,3689,14
317,2025-11-26 10:20:18+05:30,998.6,142,995.06,2827193,348506.0,428723.0,986.2,1001.8,981.3,986.2,119882250,1084.8,887.6,1102.5,649.1,998.5,25,1,998.4,938,4,998.3,4891,15,998.2,2201,9,998.1,1989,13,998.6,175,1,998.7,214,5,998.8,397,7,998.9,941,15,999.0,3689,14
317,2025-11-26 10:20:18+05:30,998.5,1,995.06,2827201,349415.0,428600.0,986.2,1001.8,981.3,986.2,119882250,1084.8,887.6,1102.5,649.1,998.5,780,3,998.4,1011,5,998.3,5008,15,998.2,2355,17,998.1,1989,13,998.6,185,2,998.7,204,4,998.8,162,5,998.9,763,10,999.0,3616,13
317,2025-11-26 10:20:19+05:30,998.6,98,995.06,2827201,349415.0,428600.0,986.2,1001.8,981.3,986.2,119882250,1084.8,887.6,1102.5,649.1,998.5,780,3,998.4,1011,5,998.3,5008,15,998.2,2355,17,998.1,1989,13,998.6,185,2,998.7,204,4,998.8,162,5,998.9,763,10,999.0,3616,13
317,2025-11-26 10:20:19+05:30,998.7,5,995.06,2827479,350911.0,427563.0,986.2,1001.8,981.3,986.2,119882250,1084.8,887.6,1102.5,649.1,998.6,521,2,998.5,176,4,998.4,3169,9,998.3,3649,14,998.2,2498,17,998.7,199,4,998.8,3,3,998.9,706,8,999.0,3725,19,999.1,954,13
317,2025-11-26 10:20:20+05:30,998.6,171,995.06,2827479,350911.0,427563.0,986.2,1001.8,981.3,986.2,119882250,1084.8,887.6,1102.5,649.1,998.6,521,2,998.5,176,4,998.4,3169,9,998.3,3649,14,998.2,2498,17,998.7,199,4,998.8,3,3,998.9,706,8,999.0,3725,19,999.1,954,13
317,2025-11-26 10:20:21+05:30,998.6,210,995.06,2828534,349732.0,427555.0,986.2,1001.8,981.3,986.2,119882250,1084.8,887.6,1102.5,649.1,998.6,357,1,998.5,16,1,998.4,3169,9,998.3,3501,15,998.2,2581,15,998.7,132,4,998.8,3,3,998.9,777,7,999.0,3416,16,999.1,943,12
317,2025-11-26 10:20:21+05:30,998.6,210,995.06,2828534,349732.0,427555.0,986.2,1001.8,981.3,986.2,119882250,1084.8,887.6,1102.5,649.1,998.6,357,1,998.5,16,1,998.4,3169,9,998.3,3501,15,998.2,2581,15,998.7,132,4,998.8,3,3,998.9,777,7,999.0,3416,16,999.1,943,12
317,2025-11-26 10:20:22+05:30,998.4,211,995.06,2828534,349732.0,427555.0,986.2,1001.8,981.3,986.2,119882250,1084.8,887.6,1102.5,649.1,998.6,357,1,998.5,16,1,998.4,3169,9,998.3,3501,15,998.2,2581,15,998.7,132,4,998.8,3,3,998.9,777,7,999.0,3416,16,999.1,943,12
317,2025-11-26 10:20:22+05:30,998.4,211,995.07,2830056,350323.0,428874.0,986.2,1001.8,981.3,986.2,119882250,1084.8,887.6,1102.5,649.1,998.6,750,1,998.4,2400,9,998.3,5255,14,998.2,1617,16,998.1,2026,10,998.8,1,1,998.9,712,10,999.0,3615,15,999.1,1072,15,999.2,1016,15
317,2025-11-26 10:20:23+05:30,998.4,211,995.07,2830056,351084.0,428754.0,986.2,1001.8,981.3,986.2,119882250,1084.8,887.6,1102.5,649.1,998.6,1585,3,998.5,5,1,998.4,2592,11,998.3,5376,16,998.2,1586,16,998.8,1,1,998.9,663,9,999.0,3589,14,999.1,1072,15,999.2,985,14
317,2025-11-26 10:20:24+05:30,998.6,133,995.07,2830056,351084.0,428754.0,986.2,1001.8,981.3,986.2,119882250,1084.8,887.6,1102.5,649.1,998.6,1585,3,998.5,5,1,998.4,2592,11,998.3,5376,16,998.2,1586,16,998.8,1,1,998.9,663,9,999.0,3589,14,999.1,1072,15,999.2,985,14
317,2025-11-26 10:20:24+05:30,998.6,133,995.07,2830189,351142.0,428915.0,986.2,1001.8,981.3,986.2,119882250,1084.8,887.6,1102.5,649.1,998.6,1469,4,998.5,5,1,998.4,2663,12,998.3,5309,15,998.2,1653,17,998.8,1,1,998.9,800,10,999.0,3660,18,999.1,1072,15,999.2,926,13
317,2025-11-26 10:20:25+05:30,998.9,38,995.07,2830189,351142.0,428915.0,986.2,1001.8,981.3,986.2,119882250,1084.8,887.6,1102.5,649.1,998.6,1469,4,998.5,5,1,998.4,2663,12,998.3,5309,15,998.2,1653,17,998.8,1,1,998.9,800,10,999.0,3660,18,999.1,1072,15,999.2,926,13
317,2025-11-26 10:20:25+05:30,998.9,38,995.07,2830366,350951.0,427421.0,986.2,1001.8,981.3,986.2,119882250,1084.8,887.6,1102.5,649.1,998.6,1336,4,998.5,5,1,998.4,2602,12,998.3,5419,16,998.2,1722,19,998.9,522,7,999.0,3533,14,999.1,942,12,999.2,928,12,999.3,1961,17
317,2025-11-26 10:20:26+05:30,998.9,44,995.07,2830410,351122.0,427476.0,986.2,1001.8,981.3,986.2,119882250,1084.8,887.6,1102.5,649.1,998.6,852,3,998.5,1137,5,998.4,3086,13,998.3,4555,13,998.2,1655,18,998.9,5,2,999.0,3202,10,999.1,901,10,999.2,915,13,999.3,1999,20
317,2025-11-26 10:20:27+05:30,998.9,44,995.07,2830410,351122.0,427476.0,986.2,1001.8,981.3,986.2,119882250,1084.8,887.6,1102.5,649.1,998.6,852,3,998.5,1137,5,998.4,3086,13,998.3,4555,13,998.2,1655,18,998.9,5,2,999.0,3202,10,999.1,901,10,999.2,915,13,999.3,1999,20
317,2025-11-26 10:20:27+05:30,998.9,1,995.07,2830411,351221.0,427496.0,986.2,1001.8,981.3,986.2,119882250,1084.8,887.6,1102.5,649.1,998.6,852,3,998.5,1394,8,998.4,3405,16,998.3,4555,13,998.2,1627,17,998.9,5,2,999.0,3202,10,999.1,901,10,999.2,925,14,999.3,1999,20
317,2025-11-26 10:20:28+05:30,998.9,1,995.07,2830411,351221.0,427496.0,986.2,1001.8,981.3,986.2,119882250,1084.8,887.6,1102.5,649.1,998.6,852,3,998.5,1394,8,998.4,3405,16,998.3,4555,13,998.2,1627,17,998.9,5,2,999.0,3202,10,999.1,901,10,999.2,925,14,999.3,1999,20
317,2025-11-26 10:20:28+05:30,998.9,1,995.07,2830411,351256.0,423626.0,986.2,1001.8,981.3,986.2,119882250,1084.8,887.6,1102.5,649.1,998.6,876,4,998.5,1531,10,998.4,3338,15,998.3,4555,13,998.2,1627,17,998.9,5,2,999.0,2892,7,999.1,834,9,999.2,992,15,999.3,1999,20
317,2025-11-26 10:20:29+05:30,998.9,1,995.07,2830411,352257.0,427376.0,986.2,1001.8,981.3,986.2,119882250,1084.8,887.6,1102.5,649.1,998.6,1145,6,998.5,4786,15,998.4,1565,12,998.3,3831,14,998.2,851,14,998.9,5,2,999.0,2892,7,999.1,834,9,999.2,925,14,999.3,1999,20
317,2025-11-26 10:20:30+05:30,998.9,1,995.07,2830411,352430.0,427298.0,986.2,1001.8,981.3,986.2,119882250,1084.8,887.6,1102.5,649.1,998.7,750,1,998.6,328,4,998.5,5599,16,998.4,1498,10,998.3,3244,14,998.8,96,1,998.9,5,2,999.0,2892,7,999.1,721,8,999.2,957,17
317,2025-11-26 10:20:31+05:30,998.6,23,995.07,2830411,352430.0,427298.0,986.2,1001.8,981.3,986.2,119882250,1084.8,887.6,1102.5,649.1,998.7,750,1,998.6,328,4,998.5,5599,16,998.4,1498,10,998.3,3244,14,998.8,96,1,998.9,5,2,999.0,2892,7,999.1,721,8,999.2,957,17
317,2025-11-26 10:20:31+05:30,998.6,23,995.07,2831764,350070.0,428691.0,986.2,1001.8,981.3,986.2,119882250,1084.8,887.6,1102.5,649.1,998.5,4329,10,998.4,1035,7,998.3,2008,10,998.2,1458,14,998.1,1787,10,998.8,96,1,998.9,290,6,999.0,3534,15,999.1,1019,16,999.2,1127,16
317,2025-11-26 10:20:32+05:30,998.8,10,995.07,2831764,350070.0,428691.0,986.2,1001.8,981.3,986.2,119882250,1084.8,887.6,1102.5,649.1,998.5,4329,10,998.4,1035,7,998.3,2008,10,998.2,1458,14,998.1,1787,10,998.8,96,1,998.9,290,6,999.0,3534,15,999.1,1019,16,999.2,1127,16
317,2025-11-26 10:20:32+05:30,998.9,40,995.07,2833034,351499.0,425586.0,986.2,1001.8,981.3,986.2,119882250,1084.8,887.6,1102.5,649.1,998.8,653,1,998.7,478,1,998.6,2045,6,998.5,4298,14,998.4,2477,12,998.9,45,3,999.0,2353,6,999.1,385,5,999.2,688,6,999.3,1838,16
317,2025-11-26 10:20:33+05:30,999.0,305,995.07,2833034,351499.0,425586.0,986.2,1001.8,981.3,986.2,119882250,1084.8,887.6,1102.5,649.1,998.8,653,1,998.7,478,1,998.6,2045,6,998.5,4298,14,998.4,2477,12,998.9,45,3,999.0,2353,6,999.1,385,5,999.2,688,6,999.3,1838,16
317,2025-11-26 10:20:33+05:30,998.4,75,995.08,2842033,338824.0,431494.0,986.2,1001.8,981.3,986.2,119882250,1084.8,887.6,1102.5,649.1,998.4,89,2,998.3,67,2,998.2,25,1,998.0,1057,9,997.9,3750,10,998.5,357,6,998.6,226,5,998.7,353,7,998.8,823,11,998.9,1184,7
317,2025-11-26 10:20:34+05:30,998.3,17,995.08,2842033,338824.0,431494.0,986.2,1001.8,981.3,986.2,119882250,1084.8,887.6,1102.5,649.1,998.4,89,2,998.3,67,2,998.2,25,1,998.0,1057,9,997.9,3750,10,998.5,357,6,998.6,226,5,998.7,353,7,998.8,823,11,998.9,1184,7
317,2025-11-26 10:20:34+05:30,998.6,729,995.08,2844708,344296.0,429631.0,986.2,1001.8,981.3,986.2,119882250,1084.8,887.6,1102.5,649.1,998.4,13,1,998.3,175,3,998.2,5265,14,998.1,983,10,998.0,2675,20,998.6,505,1,998.8,699,3,998.9,854,9,999.0,3527,21,999.1,1098,15
317,2025-11-26 10:20:35+05:30,998.6,729,995.08,2844708,344296.0,429631.0,986.2,1001.8,981.3,986.2,119882250,1084.8,887.6,1102.5,649.1,998.4,13,1,998.3,175,3,998.2,5265,14,998.1,983,10,998.0,2675,20,998.6,505,1,998.8,699,3,998.9,854,9,999.0,3527,21,999.1,1098,15
317,2025-11-26 10:20:35+05:30,998.4,74,995.09,2845352,345652.0,431437.0,986.2,1001.8,981.3,986.2,119882250,1084.8,887.6,1102.5,649.1,998.4,4138,6,998.3,99,3,998.2,1366,8,998.1,2343,10,998.0,3365,17,998.6,524,2,998.8,772,3,998.9,793,8,999.0,3489,22,999.1,1158,15
317,2025-11-26 10:20:36+05:30,998.6,1,995.09,2845352,345652.0,431437.0,986.2,1001.8,981.3,986.2,119882250,1084.8,887.6,1102.5,649.1,998.4,4138,6,998.3,99,3,998.2,1366,8,998.1,2343,10,998.0,3365,17,998.6,524,2,998.8,772,3,998.9,793,8,999.0,3489,22,999.1,1158,15
317,2025-11-26 10:20:36+05:30,998.6,1,995.09,2845925,346211.0,428516.0,986.2,1001.8,981.3,986.2,119882250,1084.8,887.6,1102.5,649.1,998.6,177,1,998.4,5040,10,998.3,1097,4,998.2,2306,15,998.1,1077,12,998.9,1095,7,999.0,3347,16,999.1,923,13,999.2,1051,16,999.3,1898,18
317,2025-11-26 10:20:37+05:30,998.6,136,995.09,2846061,345730.0,428030.0,986.2,1001.8,981.3,986.2,119882250,1084.8,887.6,1102.5,649.1,998.6,41,1,998.4,4291,9,998.3,907,3,998.2,2385,16,998.1,1224,12,998.9,1146,7,999.0,3317,15,999.1,945,11,999.2,1054,17,999.3,1924,20
317,2025-11-26 10:20:38+05:30,998.6,136,995.09,2846061,345730.0,428030.0,986.2,1001.8,981.3,986.2,119882250,1084.8,887.6,1102.5,649.1,998.6,41,1,998.4,4291,9,998.3,907,3,998.2,2385,16,998.1,1224,12,998.9,1146,7,999.0,3317,15,999.1,945,11,999.2,1054,17,999.3,1924,20
317,2025-11-26 10:20:39+05:30,998.6,136,995.09,2846061,346288.0,428492.0,986.2,1001.8,981.3,986.2,119882250,1084.8,887.6,1102.5,649.1,998.6,41,1,998.4,4291,9,998.3,907,3,998.2,2395,17,998.1,1224,12,998.8,462,3,998.9,1085,6,999.0,3455,18,999.1,945,11,999.2,1054,17
317,2025-11-26 10:20:40+05:30,998.6,136,995.09,2846061,347680.0,428684.0,986.2,1001.8,981.3,986.2,119882250,1084.8,887.6,1102.5,649.1,998.6,41,1,998.4,5041,10,998.3,860,3,998.2,2395,17,998.1,1163,11,998.7,96,1,998.8,383,2,998.9,981,5,999.0,3401,18,999.1,842,10
317,2025-11-26 10:20:41+05:30,998.6,136,995.09,2846061,347568.0,428684.0,986.2,1001.8,981.3,986.2,119882250,1084.8,887.6,1102.5,649.1,998.6,41,1,998.4,5041,10,998.3,860,3,998.2,2395,17,998.1,1200,12,998.7,96,1,998.8,383,2,998.9,981,5,999.0,3401,18,999.1,842,10
317,2025-11-26 10:20:42+05:30,998.6,1,995.09,2846062,347863.0,428681.0,986.2,1001.8,981.3,986.2,119882250,1084.8,887.6,1102.5,649.1,998.6,40,1,998.4,5041,10,998.3,1050,4,998.2,2395,17,998.1,1200,12,998.7,96,1,998.8,383,2,998.9,981,5,999.0,3401,18,999.1,842,10
317,2025-11-26 10:20:43+05:30,998.6,1,995.09,2846062,347863.0,428681.0,986.2,1001.8,981.3,986.2,119882250,1084.8,887.6,1102.5,649.1,998.6,40,1,998.4,5041,10,998.3,1050,4,998.2,2395,17,998.1,1200,12,998.7,96,1,998.8,383,2,998.9,981,5,999.0,3401,18,999.1,842,10
317,2025-11-26 10:20:43+05:30,998.6,1,995.09,2846062,347890.0,428687.0,986.2,1001.8,981.3,986.2,119882250,1084.8,887.6,1102.5,649.1,998.6,40,1,998.4,5041,10,998.3,1050,4,998.2,2395,17,998.1,1200,12,998.7,96,1,998.8,508,4,998.9,1038,6,999.0,3304,17,999.1,842,10
317,2025-11-26 10:20:44+05:30,998.7,750,995.09,2846062,347890.0,428687.0,986.2,1001.8,981.3,986.2,119882250,1084.8,887.6,1102.5,649.1,998.6,40,1,998.4,5041,10,998.3,1050,4,998.2,2395,17,998.1,1200,12,998.7,96,1,998.8,508,4,998.9,1038,6,999.0,3304,17,999.1,842,10
317,2025-11-26 10:20:44+05:30,998.7,3,995.09,2846815,348225.0,428169.0,986.2,1001.8,981.3,986.2,119882250,1084.8,887.6,1102.5,649.1,998.6,40,1,998.5,202,1,998.4,5280,12,998.3,1138,6,998.2,2395,17,998.7,93,1,998.8,429,3,998.9,712,3,999.0,3212,15,999.1,899,11
317,2025-11-26 10:20:45+05:30,998.6,39,995.09,2846815,348225.0,428169.0,986.2,1001.8,981.3,986.2,119882250,1084.8,887.6,1102.5,649.1,998.6,40,1,998.5,202,1,998.4,5280,12,998.3,1138,6,998.2,2395,17,998.7,93,1,998.8,429,3,998.9,712,3,999.0,3212,15,999.1,899,11
317,2025-11-26 10:20:45+05:30,998.4,272,995.09,2847127,346897.0,429463.0,986.2,1001.8,981.3,986.2,119882250,1084.8,887.6,1102.5,649.1,998.4,4642,8,998.3,1045,5,998.2,2274,15,998.1,1139,11,998.0,3581,21,998.6,54,1,998.7,317,1,998.8,632,6,998.9,981,5,999.0,3320,16
317,2025-11-26 10:20:46+05:30,998.6,65,995.09,2847127,346897.0,429463.0,986.2,1001.8,981.3,986.2,119882250,1084.8,887.6,1102.5,649.1,998.4,4642,8,998.3,1045,5,998.2,2274,15,998.1,1139,11,998.0,3581,21,998.6,54,1,998.7,317,1,998.8,632,6,998.9,981,5,999.0,3320,16
317,2025-11-26 10:20:46+05:30,998.6,5,995.09,2847197,347077.0,429799.0,986.2,1001.8,981.3,986.2,119882250,1084.8,887.6,1102.5,649.1,998.4,4700,9,998.3,887,3,998.2,2297,16,998.1,1102,10,998.0,3691,23,998.6,91,1,998.7,317,1,998.8,1000,6,998.9,517,5,999.0,3310,15
317,2025-11-26 10:20:47+05:30,998.6,5,995.09,2847197,347077.0,429799.0,986.2,1001.8,981.3,986.2,119882250,1084.8,887.6,1102.5,649.1,998.4,4700,9,998.3,887,3,998.2,2297,16,998.1,1102,10,998.0,3691,23,998.6,91,1,998.7,317,1,998.8,1000,6,998.9,517,5,999.0,3310,15
317,2025-11-26 10:20:47+05:30,998.6,5,995.09,2847197,347079.0,429799.0,986.2,1001.8,981.3,986.2,119882250,1084.8,887.6,1102.5,649.1,998.4,4700,9,998.3,887,3,998.2,2297,16,998.1,1102,10,998.0,3691,23,998.6,91,1,998.7,317,1,998.8,1000,6,998.9,517,5,999.0,3310,15
317,2025-11-26 10:20:48+05:30,998.6,92,995.09,2847289,347268.0,428852.0,986.2,1001.8,981.3,986.2,119882250,1084.8,887.6,1102.5,649.1,998.6,8,1,998.4,4789,11,998.3,941,4,998.2,2401,16,998.1,1102,10,998.7,317,1,998.8,630,5,998.9,1047,6,999.0,3231,14,999.1,782,10
317,2025-11-26 10:20:49+05:30,998.6,92,995.09,2847289,347268.0,428852.0,986.2,1001.8,981.3,986.2,119882250,1084.8,887.6,1102.5,649.1,998.6,8,1,998.4,4789,11,998.3,941,4,998.2,2401,16,998.1,1102,10,998.7,317,1,998.8,630,5,998.9,1047,6,999.0,3231,14,999.1,782,10
317,2025-11-26 10:20:49+05:30,998.4,2,995.09,2847299,348257.0,428653.0,986.2,1001.8,981.3,986.2,119882250,1084.8,887.6,1102.5,649.1,998.5,808,2,998.4,4792,11,998.3,1043,6,998.2,2493,18,998.1,1102,10,998.7,317,1,998.8,418,4,998.9,968,5,999.0,3310,15,999.1,848,10
317,2025-11-26 10:20:50+05:30,998.4,2,995.09,2847299,348257.0,428653.0,986.2,1001.8,981.3,986.2,119882250,1084.8,887.6,1102.5,649.1,998.5,808,2,998.4,4792,11,998.3,1043,6,998.2,2493,18,998.1,1102,10,998.7,317,1,998.8,418,4,998.9,968,5,999.0,3310,15,999.1,848,10
317,2025-11-26 10:20:50+05:30,998.4,2,995.09,2847299,348290.0,429076.0,986.2,1001.8,981.3,986.2,119882250,1084.8,887.6,1102.5,649.1,998.5,750,1,998.4,4850,12,998.3,1020,5,998.2,2522,19,998.1,1102,10,998.6,96,1,998.7,317,1,998.8,418,4,998.9,1047,6,999.0,3310,15
317,2025-11-26 10:20:52+05:30,998.6,45,995.09,2847609,348883.0,428803.0,986.2,1001.8,981.3,986.2,119882250,1084.8,887.6,1102.5,649.1,998.5,815,3,998.4,4974,12,998.3,1404,7,998.2,2522,19,998.1,1102,10,998.6,51,1,998.7,317,1,998.8,418,4,998.9,1006,6,999.0,3232,16
317,2025-11-26 10:20:52+05:30,998.6,45,995.09,2847609,348883.0,428803.0,986.2,1001.8,981.3,986.2,119882250,1084.8,887.6,1102.5,649.1,998.5,815,3,998.4,4974,12,998.3,1404,7,998.2,2522,19,998.1,1102,10,998.6,51,1,998.7,317,1,998.8,418,4,998.9,1006,6,999.0,3232,16
317,2025-11-26 10:20:53+05:30,998.6,45,995.09,2847609,348883.0,428627.0,986.2,1001.8,981.3,986.2,119882250,1084.8,887.6,1102.5,649.1,998.5,815,3,998.4,4974,12,998.3,1404,7,998.2,2522,19,998.1,1102,10,998.6,51,1,998.7,317,1,998.8,418,4,998.9,1006,6,999.0,3232,16
317,2025-11-26 10:20:53+05:30,998.6,112,995.09,2847609,348883.0,428627.0,986.2,1001.8,981.3,986.2,119882250,1084.8,887.6,1102.5,649.1,998.5,815,3,998.4,4974,12,998.3,1404,7,998.2,2522,19,998.1,1102,10,998.6,51,1,998.7,317,1,998.8,418,4,998.9,1006,6,999.0,3232,16
317,2025-11-26 10:20:54+05:30,998.6,112,995.09,2847721,348768.0,428511.0,986.2,1001.8,981.3,986.2,119882250,1084.8,887.6,1102.5,649.1,998.5,763,2,998.4,4952,13,998.3,1086,4,998.2,2522,19,998.1,1128,11,998.6,280,2,998.7,370,2,998.8,445,5,998.9,1006,6,999.0,3184,16
317,2025-11-26 10:20:55+05:30,998.5,531,995.09,2847721,348768.0,428511.0,986.2,1001.8,981.3,986.2,119882250,1084.8,887.6,1102.5,649.1,998.5,763,2,998.4,4952,13,998.3,1086,4,998.2,2522,19,998.1,1128,11,998.6,280,2,998.7,370,2,998.8,445,5,998.9,1006,6,999.0,3184,16
317,2025-11-26 10:20:55+05:30,998.5,531,995.09,2848252,347224.0,429258.0,986.2,1001.8,981.3,986.2,119882250,1084.8,887.6,1102.5,649.1,998.5,232,2,998.4,4901,13,998.3,1086,4,998.2,2545,19,998.1,1128,11,998.6,201,2,998.7,370,2,998.8,635,6,998.9,1006,6,999.0,3153,15
317,2025-11-26 10:20:56+05:30,998.5,531,995.09,2848252,347291.0,429283.0,986.2,1001.8,981.3,986.2,119882250,1084.8,887.6,1102.5,649.1,998.5,232,2,998.4,4869,12,998.3,1086,4,998.2,2545,19,998.1,1128,11,998.6,226,3,998.7,370,2,998.8,635,6,998.9,1006,6,999.0,3153,15
317,2025-11-26 10:20:57+05:30,998.4,7,995.09,2848252,347291.0,429283.0,986.2,1001.8,981.3,986.2,119882250,1084.8,887.6,1102.5,649.1,998.5,232,2,998.4,4869,12,998.3,1086,4,998.2,2545,19,998.1,1128,11,998.6,226,3,998.7,370,2,998.8,635,6,998.9,1006,6,999.0,3153,15
317,2025-11-26 10:20:57+05:30,998.4,7,995.09,2848491,346709.0,430867.0,986.2,1001.8,981.3,986.2,119882250,1084.8,887.6,1102.5,649.1,998.4,253,4,998.3,2873,5,998.2,2937,9,998.1,2350,10,998.0,1921,17,998.6,476,4,998.7,789,7,998.8,966,10,998.9,517,5,999.0,3397,19
317,2025-11-26 10:20:58+05:30,998.3,750,995.09,2848491,346709.0,430867.0,986.2,1001.8,981.3,986.2,119882250,1084.8,887.6,1102.5,649.1,998.4,253,4,998.3,2873,5,998.2,2937,9,998.1,2350,10,998.0,1921,17,998.6,476,4,998.7,789,7,998.8,966,10,998.9,517,5,999.0,3397,19
317,2025-11-26 10:20:58+05:30,998.3,750,995.09,2850054,342564.0,433797.0,986.2,1001.8,981.3,986.2,119882250,1084.8,887.6,1102.5,649.1,998.3,84,1,998.2,151,3,998.1,815,3,998.0,4032,12,997.9,1740,7,998.5,216,5,998.6,1489,12,998.7,1062,8,998.8,1232,17,998.9,1123,15
317,2025-11-26 10:20:59+05:30,998.3,750,995.09,2850054,341759.0,433427.0,986.2,1001.8,981.3,986.2,119882250,1084.8,887.6,1102.5,649.1,998.2,25,1,998.1,750,1,998.0,4032,12,997.9,1924,9,997.8,2499,19,998.5,216,5,998.6,1489,12,998.7,1072,9,998.8,1341,19,998.9,1133,16
317,2025-11-26 10:21:00+05:30,998.4,5,995.09,2850054,341759.0,433427.0,986.2,1001.8,981.3,986.2,119882250,1084.8,887.6,1102.5,649.1,998.2,25,1,998.1,750,1,998.0,4032,12,997.9,1924,9,997.8,2499,19,998.5,216,5,998.6,1489,12,998.7,1072,9,998.8,1341,19,998.9,1133,16
317,2025-11-26 10:21:00+05:30,998.4,5,995.09,2850603,341682.0,434104.0,986.2,1001.8,981.3,986.2,119882250,1084.8,887.6,1102.5,649.1,998.1,231,1,998.0,3926,11,997.9,1820,7,997.8,2499,19,997.7,1902,12,998.4,413,6,998.5,947,10,998.6,1459,13,998.7,1058,9,998.8,1217,19
317,2025-11-26 10:21:01+05:30,998.4,53,995.09,2850603,341682.0,434104.0,986.2,1001.8,981.3,986.2,119882250,1084.8,887.6,1102.5,649.1,998.1,231,1,998.0,3926,11,997.9,1820,7,997.8,2499,19,997.7,1902,12,998.4,413,6,998.5,947,10,998.6,1459,13,998.7,1058,9,998.8,1217,19
317,2025-11-26 10:21:01+05:30,998.4,53,995.09,2850711,342151.0,433634.0,986.2,1001.8,981.3,986.2,119882250,1084.8,887.6,1102.5,649.1,998.1,223,1,998.0,3928,11,997.9,1899,8,997.8,2493,18,997.7,1902,12,998.4,187,3,998.5,872,9,998.6,1463,14,998.7,1058,9,998.8,1044,18
317,2025-11-26 10:21:02+05:30,998.4,50,995.09,2850711,342151.0,433634.0,986.2,1001.8,981.3,986.2,119882250,1084.8,887.6,1102.5,649.1,998.1,223,1,998.0,3928,11,997.9,1899,8,997.8,2493,18,997.7,1902,12,998.4,187,3,998.5,872,9,998.6,1463,14,998.7,1058,9,998.8,1044,18
317,2025-11-26 10:21:02+05:30,998.4,2,995.09,2850763,343733.0,433737.0,986.2,1001.8,981.3,986.2,119882250,1084.8,887.6,1102.5,649.1,998.0,1369,8,997.9,4615,12,997.8,2469,12,997.7,2777,18,997.6,3180,15,998.4,135,3,998.5,509,7,998.6,1510,15,998.7,1058,9,998.8,1044,18
317,2025-11-26 10:21:03+05:30,998.4,2,995.09,2850763,343733.0,433737.0,986.2,1001.8,981.3,986.2,119882250,1084.8,887.6,1102.5,649.1,998.0,1369,8,997.9,4615,12,997.8,2469,12,997.7,2777,18,997.6,3180,15,998.4,135,3,998.5,509,7,998.6,1510,15,998.7,1058,9,998.8,1044,18
317,2025-11-26 10:21:03+05:30,998.4,2,995.09,2850763,345011.0,433733.0,986.2,1001.8,981.3,986.2,119882250,1084.8,887.6,1102.5,649.1,998.1,223,1,998.0,3975,12,997.9,2596,10,997.8,2516,13,997.7,2040,18,998.4,129,2,998.5,669,4,998.6,1443,15,998.7,943,9,998.8,1068,18
317,2025-11-26 10:21:04+05:30,998.0,1,995.09,2850768,343506.0,433659.0,986.2,1001.8,981.3,986.2,119882250,1084.8,887.6,1102.5,649.1,998.0,1364,5,997.9,4711,14,997.8,2469,12,997.7,2838,21,997.6,2496,14,998.4,286,3,998.5,748,5,998.6,1259,14,998.7,987,10,998.8,1068,18
317,2025-11-26 10:21:05+05:30,998.3,1,995.09,2851723,343184.0,435347.0,986.2,1001.8,981.3,986.2,119882250,1084.8,887.6,1102.5,649.1,998.0,223,1,997.9,4192,8,997.8,2169,8,997.7,2819,20,997.6,1766,13,998.3,46,1,998.4,1507,12,998.5,952,10,998.6,1415,14,998.7,1016,11
317,2025-11-26 10:21:06+05:30,998.0,1,995.09,2851723,343184.0,435347.0,986.2,1001.8,981.3,986.2,119882250,1084.8,887.6,1102.5,649.1,998.0,223,1,997.9,4192,8,997.8,2169,8,997.7,2819,20,997.6,1766,13,998.3,46,1,998.4,1507,12,998.5,952,10,998.6,1415,14,998.7,1016,11
317,2025-11-26 10:21:06+05:30,997.9,50,995.09,2852046,338912.0,436374.0,986.2,1001.8,981.3,986.2,119882250,1084.8,887.6,1102.5,649.1,997.9,85,1,997.8,479,4,997.7,3664,11,997.6,3494,14,997.5,3306,21,998.2,183,3,998.3,427,6,998.4,1575,13,998.5,1355,18,998.6,1267,12
317,2025-11-26 10:21:07+05:30,997.9,50,995.09,2852046,338912.0,436374.0,986.2,1001.8,981.3,986.2,119882250,1084.8,887.6,1102.5,649.1,997.9,85,1,997.8,479,4,997.7,3664,11,997.6,3494,14,997.5,3306,21,998.2,183,3,998.3,427,6,998.4,1575,13,998.5,1355,18,998.6,1267,12
317,2025-11-26 10:21:07+05:30,997.9,50,995.09,2852046,343281.0,434504.0,986.2,1001.8,981.3,986.2,119882250,1084.8,887.6,1102.5,649.1,997.9,763,2,997.8,4581,14,997.7,2522,12,997.6,2483,13,997.5,2722,22,998.2,244,2,998.3,111,1,998.4,693,9,998.5,1187,10,998.6,1066,19
317,2025-11-26 10:21:08+05:30,998.4,4,995.09,2852294,344065.0,436026.0,986.2,1001.8,981.3,986.2,119882250,1084.8,887.6,1102.5,649.1,998.2,506,1,998.0,5,2,997.9,1145,5,997.8,4831,15,997.7,2726,14,998.4,57,2,998.5,1064,8,998.6,811,11,998.7,911,13,998.8,1081,18
317,2025-11-26 10:21:09+05:30,998.4,4,995.09,2852294,344065.0,436026.0,986.2,1001.8,981.3,986.2,119882250,1084.8,887.6,1102.5,649.1,998.2,506,1,998.0,5,2,997.9,1145,5,997.8,4831,15,997.7,2726,14,998.4,57,2,998.5,1064,8,998.6,811,11,998.7,911,13,998.8,1081,18
317,2025-11-26 10:21:10+05:30,998.4,4,995.09,2852294,344649.0,437225.0,986.2,1001.8,981.3,986.2,119882250,1084.8,887.6,1102.5,649.1,998.2,626,3,998.0,5,2,997.9,1076,4,997.8,4730,15,997.7,3520,16,998.3,96,1,998.4,519,4,998.5,1143,9,998.6,1320,13,998.7,911,13
317,2025-11-26 10:21:11+05:30,998.4,4,995.09,2852294,344607.0,436504.0,986.2,1001.8,981.3,986.2,119882250,1084.8,887.6,1102.5,649.1,998.2,626,3,998.0,5,2,997.9,1076,4,997.8,4730,15,997.7,3520,16,998.3,96,1,998.4,1081,5,998.5,1143,9,998.6,837,12,998.7,911,13
317,2025-11-26 10:21:12+05:30,998.4,4,995.09,2852294,345455.0,435918.0,986.2,1001.8,981.3,986.2,119882250,1084.8,887.6,1102.5,649.1,998.2,626,3,998.0,5,2,997.9,2076,5,997.8,4730,15,997.7,3520,16,998.3,96,1,998.4,519,4,998.5,1143,9,998.6,860,12,998.7,864,12
317,2025-11-26 10:21:13+05:30,998.3,20,995.09,2852294,345455.0,435918.0,986.2,1001.8,981.3,986.2,119882250,1084.8,887.6,1102.5,649.1,998.2,626,3,998.0,5,2,997.9,2076,5,997.8,4730,15,997.7,3520,16,998.3,96,1,998.4,519,4,998.5,1143,9,998.6,860,12,998.7,864,12
317,2025-11-26 10:21:13+05:30,998.3,20,995.09,2852314,345972.0,437417.0,986.2,1001.8,981.3,986.2,119882250,1084.8,887.6,1102.5,649.1,998.2,626,3,998.0,276,4,997.9,2184,7,997.8,4798,16,997.7,3532,16,998.3,290,2,998.4,470,3,998.5,1013,7,998.6,2245,14,998.7,864,12
317,2025-11-26 10:21:14+05:30,998.2,100,995.09,2852314,345972.0,437417.0,986.2,1001.8,981.3,986.2,119882250,1084.8,887.6,1102.5,649.1,998.2,626,3,998.0,276,4,997.9,2184,7,997.8,4798,16,997.7,3532,16,998.3,290,2,998.4,470,3,998.5,1013,7,998.6,2245,14,998.7,864,12
317,2025-11-26 10:21:14+05:30,998.3,2,995.09,2852528,347128.0,437404.0,986.2,1001.8,981.3,986.2,119882250,1084.8,887.6,1102.5,649.1,998.2,526,3,998.0,195,2,997.9,3039,8,997.8,5068,18,997.7,2805,17,998.3,272,2,998.4,470,3,998.5,989,7,998.6,1729,13,998.7,864,12
317,2025-11-26 10:21:15+05:30,998.2,13,995.09,2852528,347128.0,437404.0,986.2,1001.8,981.3,986.2,119882250,1084.8,887.6,1102.5,649.1,998.2,526,3,998.0,195,2,997.9,3039,8,997.8,5068,18,997.7,2805,17,998.3,272,2,998.4,470,3,998.5,989,7,998.6,1729,13,998.7,864,12
317,2025-11-26 10:21:15+05:30,998.2,13,995.09,2853137,345458.0,438778.0,986.2,1001.8,981.3,986.2,119882250,1084.8,887.6,1102.5,649.1,998.0,14,2,997.9,1802,4,997.8,4577,13,997.7,2665,13,997.6,2349,12,998.2,83,1,998.3,601,7,998.4,1378,12,998.5,1295,8,998.6,1826,13
317,2025-11-26 10:21:16+05:30,997.9,36,995.09,2853137,345458.0,438778.0,986.2,1001.8,981.3,986.2,119882250,1084.8,887.6,1102.5,649.1,998.0,14,2,997.9,1802,4,997.8,4577,13,997.7,2665,13,997.6,2349,12,998.2,83,1,998.3,601,7,998.4,1378,12,998.5,1295,8,998.6,1826,13
317,2025-11-26 10:21:16+05:30,997.9,36,995.09,2853238,345111.0,438483.0,986.2,1001.8,981.3,986.2,119882250,1084.8,887.6,1102.5,649.1,997.9,1910,5,997.8,4767,16,997.7,2596,14,997.6,2435,19,997.5,2334,13,998.0,40,1,998.2,32,1,998.3,297,3,998.4,1116,9,998.5,1260,10
317,2025-11-26 10:21:17+05:30,997.9,129,995.09,2853238,345111.0,438483.0,986.2,1001.8,981.3,986.2,119882250,1084.8,887.6,1102.5,649.1,997.9,1910,5,997.8,4767,16,997.7,2596,14,997.6,2435,19,997.5,2334,13,998.0,40,1,998.2,32,1,998.3,297,3,998.4,1116,9,998.5,1260,10
317,2025-11-26 10:21:17+05:30,998.2,60,995.09,2853467,344748.0,437629.0,986.2,1001.8,981.3,986.2,119882250,1084.8,887.6,1102.5,649.1,997.9,1716,5,997.8,4864,19,997.7,3409,15,997.6,2513,19,997.5,1829,14,998.2,96,1,998.3,93,1,998.4,354,4,998.5,1395,10,998.6,1875,14
317,2025-11-26 10:21:18+05:30,998.2,60,995.09,2853467,344748.0,437629.0,986.2,1001.8,981.3,986.2,119882250,1084.8,887.6,1102.5,649.1,997.9,1716,5,997.8,4864,19,997.7,3409,15,997.6,2513,19,997.5,1829,14,998.2,96,1,998.3,93,1,998.4,354,4,998.5,1395,10,998.6,1875,14
317,2025-11-26 10:21:18+05:30,997.9,127,995.09,2853596,344446.0,436927.0,986.2,1001.8,981.3,986.2,119882250,1084.8,887.6,1102.5,649.1,997.9,1718,6,997.8,4656,15,997.7,3475,16,997.6,2513,19,997.5,1637,13,998.2,96,1,998.3,104,2,998.4,1142,7,998.5,846,8,998.6,1871,13
317,2025-11-26 10:21:19+05:30,997.9,127,995.09,2853596,344446.0,436927.0,986.2,1001.8,981.3,986.2,119882250,1084.8,887.6,1102.5,649.1,997.9,1718,6,997.8,4656,15,997.7,3475,16,997.6,2513,19,997.5,1637,13,998.2,96,1,998.3,104,2,998.4,1142,7,998.5,846,8,998.6,1871,13
317,2025-11-26 10:21:19+05:30,997.9,127,995.09,2853596,344368.0,437287.0,986.2,1001.8,981.3,986.2,119882250,1084.8,887.6,1102.5,649.1,997.9,1718,6,997.8,4805,18,997.7,3419,15,997.6,2513,19,997.5,1637,13,998.2,352,3,998.4,1154,9,998.5,846,8,998.6,1871,13,998.7,929,13
317,2025-11-26 10:21:20+05:30,997.9,220,995.09,2853596,344368.0,437287.0,986.2,1001.8,981.3,986.2,119882250,1084.8,887.6,1102.5,649.1,997.9,1718,6,997.8,4805,18,997.7,3419,15,997.6,2513,19,997.5,1637,13,998.2,352,3,998.4,1154,9,998.5,846,8,998.6,1871,13,998.7,929,13
317,2025-11-26 10:21:20+05:30,998.0,138,995.1,2854064,345776.0,437689.0,986.2,1001.8,981.3,986.2,119882250,1084.8,887.6,1102.5,649.1,997.9,1945,6,997.8,4605,13,997.7,2533,13,997.6,2482,15,997.5,2658,20,998.0,96,1,998.2,256,2,998.4,761,12,998.5,1444,12,998.6,1850,12
317,2025-11-26 10:21:21+05:30,998.0,10,995.1,2854064,345776.0,437689.0,986.2,1001.8,981.3,986.2,119882250,1084.8,887.6,1102.5,649.1,997.9,1945,6,997.8,4605,13,997.7,2533,13,997.6,2482,15,997.5,2658,20,998.0,96,1,998.2,256,2,998.4,761,12,998.5,1444,12,998.6,1850,12
317,2025-11-26 10:21:21+05:30,997.9,10,995.1,2854084,345750.0,437679.0,986.2,1001.8,981.3,986.2,119882250,1084.8,887.6,1102.5,649.1,997.9,1808,5,997.8,4654,14,997.7,2553,13,997.6,2459,15,997.5,2710,21,998.0,86,1,998.2,256,2,998.4,727,10,998.5,1478,14,998.6,1850,12
317,2025-11-26 10:21:22+05:30,997.9,116,995.1,2854084,345750.0,437679.0,986.2,1001.8,981.3,986.2,119882250,1084.8,887.6,1102.5,649.1,997.9,1808,5,997.8,4654,14,997.7,2553,13,997.6,2459,15,997.5,2710,21,998.0,86,1,998.2,256,2,998.4,727,10,998.5,1478,14,998.6,1850,12
317,2025-11-26 10:21:22+05:30,997.9,116,995.1,2854213,345421.0,437771.0,986.2,1001.8,981.3,986.2,119882250,1084.8,887.6,1102.5,649.1,997.9,1702,5,997.8,4370,12,997.7,2423,11,997.6,2380,14,997.5,2762,22,998.0,111,2,998.2,256,2,998.3,79,2,998.4,727,10,998.5,1478,14
317,2025-11-26 10:21:23+05:30,997.9,116,995.1,2854213,345578.0,438254.0,986.2,1001.8,981.3,986.2,119882250,1084.8,887.6,1102.5,649.1,997.9,952,4,997.8,2221,7,997.7,4500,15,997.6,1680,12,997.5,3404,19,998.0,111,2,998.2,332,3,998.3,271,3,998.4,727,10,998.5,906,12
317,2025-11-26 10:21:24+05:30,997.9,116,995.1,2854213,346057.0,437945.0,986.2,1001.8,981.3,986.2,119882250,1084.8,887.6,1102.5,649.1,997.9,1109,6,997.8,4629,14,997.7,3339,15,997.6,2430,13,997.5,2667,19,998.0,111,2,998.2,256,2,998.3,2,1,998.4,677,10,998.5,827,11
317,2025-11-26 10:21:25+05:30,997.9,797,995.1,2854213,346057.0,437945.0,986.2,1001.8,981.3,986.2,119882250,1084.8,887.6,1102.5,649.1,997.9,1109,6,997.8,4629,14,997.7,3339,15,997.6,2430,13,997.5,2667,19,998.0,111,2,998.2,256,2,998.3,2,1,998.4,677,10,998.5,827,11
317,2025-11-26 10:21:25+05:30,998.2,81,995.1,2855119,345400.0,437389.0,986.2,1001.8,981.3,986.2,119882250,1084.8,887.6,1102.5,649.1,997.9,1193,8,997.8,4807,19,997.7,2653,14,997.6,2399,11,997.5,2657,18,998.2,175,2,998.4,336,7,998.5,392,6,998.6,1904,13,998.7,1391,12
317,2025-11-26 10:21:26+05:30,998.2,1,995.1,2855119,345400.0,437389.0,986.2,1001.8,981.3,986.2,119882250,1084.8,887.6,1102.5,649.1,997.9,1193,8,997.8,4807,19,997.7,2653,14,997.6,2399,11,997.5,2657,18,998.2,175,2,998.4,336,7,998.5,392,6,998.6,1904,13,998.7,1391,12
317,2025-11-26 10:21:26+05:30,997.9,297,995.1,2855582,343222.0,438285.0,986.2,1001.8,981.3,986.2,119882250,1084.8,887.6,1102.5,649.1,997.9,523,5,997.8,3495,15,997.7,3893,15,997.6,1762,13,997.5,3407,19,998.2,174,2,998.3,471,1,998.4,811,12,998.5,660,8,998.6,1909,14
317,2025-11-26 10:21:27+05:30,997.9,297,995.1,2855582,343222.0,438285.0,986.2,1001.8,981.3,986.2,119882250,1084.8,887.6,1102.5,649.1,997.9,523,5,997.8,3495,15,997.7,3893,15,997.6,1762,13,997.5,3407,19,998.2,174,2,998.3,471,1,998.4,811,12,998.5,660,8,998.6,1909,14
317,2025-11-26 10:21:27+05:30,997.9,297,995.1,2855582,342879.0,438993.0,986.2,1001.8,981.3,986.2,119882250,1084.8,887.6,1102.5,649.1,997.9,70,4,997.8,885,6,997.7,4386,14,997.6,2839,16,997.5,3446,19,998.2,291,3,998.3,1221,8,998.4,1038,15,998.5,702,12,998.6,1831,11
317,2025-11-26 10:21:28+05:30,997.9,8,995.1,2855582,342879.0,438993.0,986.2,1001.8,981.3,986.2,119882250,1084.8,887.6,1102.5,649.1,997.9,70,4,997.8,885,6,997.7,4386,14,997.6,2839,16,997.5,3446,19,998.2,291,3,998.3,1221,8,998.4,1038,15,998.5,702,12,998.6,1831,11
317,2025-11-26 10:21:28+05:30,998.2,4,995.1,2855596,342140.0,439437.0,986.2,1001.8,981.3,986.2,119882250,1084.8,887.6,1102.5,649.1,997.9,60,3,997.8,1,1,997.7,2724,11,997.6,4139,16,997.5,3381,17,998.2,769,8,998.3,1070,7,998.4,1079,18,998.5,878,11,998.6,1831,11
317,2025-11-26 10:21:29+05:30,997.9,12,995.1,2855596,342140.0,439437.0,986.2,1001.8,981.3,986.2,119882250,1084.8,887.6,1102.5,649.1,997.9,60,3,997.8,1,1,997.7,2724,11,997.6,4139,16,997.5,3381,17,998.2,769,8,998.3,1070,7,998.4,1079,18,998.5,878,11,998.6,1831,11
317,2025-11-26 10:21:29+05:30,997.9,2,995.1,2855783,343350.0,438113.0,986.2,1001.8,981.3,986.2,119882250,1084.8,887.6,1102.5,649.1,997.9,58,3,997.8,1,1,997.7,1620,8,997.6,4834,17,997.5,3288,17,998.0,1674,2,998.1,40,2,998.2,589,6,998.3,667,5,998.4,998,15
317,2025-11-26 10:21:30+05:30,997.9,2,995.1,2855783,343350.0,438113.0,986.2,1001.8,981.3,986.2,119882250,1084.8,887.6,1102.5,649.1,997.9,58,3,997.8,1,1,997.7,1620,8,997.6,4834,17,997.5,3288,17,998.0,1674,2,998.1,40,2,998.2,589,6,998.3,667,5,998.4,998,15
317,2025-11-26 10:21:31+05:30,998.0,100,995.1,2855783,343350.0,438113.0,986.2,1001.8,981.3,986.2,119882250,1084.8,887.6,1102.5,649.1,997.9,58,3,997.8,1,1,997.7,1620,8,997.6,4834,17,997.5,3288,17,998.0,1674,2,998.1,40,2,998.2,589,6,998.3,667,5,998.4,998,15
317,2025-11-26 10:21:31+05:30,998.0,100,995.1,2856001,343163.0,437874.0,986.2,1001.8,981.3,986.2,119882250,1084.8,887.6,1102.5,649.1,997.9,50,3,997.8,1,1,997.7,1693,8,997.6,4918,19,997.5,3340,19,998.0,1523,4,998.1,40,2,998.2,532,5,998.3,714,6,998.4,932,15
317,2025-11-26 10:21:32+05:30,998.0,22,995.1,2856001,343163.0,437874.0,986.2,1001.8,981.3,986.2,119882250,1084.8,887.6,1102.5,649.1,997.9,50,3,997.8,1,1,997.7,1693,8,997.6,4918,19,997.5,3340,19,998.0,1523,4,998.1,40,2,998.2,532,5,998.3,714,6,998.4,932,15
317,2025-11-26 10:21:32+05:30,998.4,2,995.11,2864178,346186.0,430682.0,986.2,1001.8,981.3,986.2,119882250,1084.8,887.6,1102.5,649.1,998.4,53,2,998.2,12,2,998.1,563,5,998.0,5948,17,997.9,2364,14,998.6,1005,8,998.7,558,5,998.8,593,5,998.9,1739,14,999.0,1629,12
317,2025-11-26 10:21:33+05:30,998.3,8,995.11,2864178,346186.0,430682.0,986.2,1001.8,981.3,986.2,119882250,1084.8,887.6,1102.5,649.1,998.4,53,2,998.2,12,2,998.1,563,5,998.0,5948,17,997.9,2364,14,998.6,1005,8,998.7,558,5,998.8,593,5,998.9,1739,14,999.0,1629,12
317,2025-11-26 10:21:33+05:30,998.4,47,995.12,2874753,338717.0,432910.0,986.2,1001.8,981.3,986.2,119882250,1084.8,887.6,1102.5,649.1,997.9,290,3,997.8,2639,11,997.7,2263,12,997.6,2519,17,997.5,2309,24,998.5,915,5,998.6,1607,13,998.7,747,8,998.8,960,10,998.9,1693,16
317,2025-11-26 10:21:34+05:30,998.0,127,995.12,2874753,338717.0,432910.0,986.2,1001.8,981.3,986.2,119882250,1084.8,887.6,1102.5,649.1,997.9,290,3,997.8,2639,11,997.7,2263,12,997.6,2519,17,997.5,2309,24,998.5,915,5,998.6,1607,13,998.7,747,8,998.8,960,10,998.9,1693,16
317,2025-11-26 10:21:34+05:30,997.9,7,995.12,2879967,342766.0,432483.0,986.2,1001.8,981.3,986.2,119882250,1084.8,887.6,1102.5,649.1,998.0,47,1,997.9,2600,10,997.8,3843,13,997.7,1891,15,997.6,2683,16,998.3,3,1,998.4,2,1,998.5,491,4,998.6,1329,4,998.7,882,17
317,2025-11-26 10:21:35+05:30,998.0,66,995.12,2879967,342766.0,432483.0,986.2,1001.8,981.3,986.2,119882250,1084.8,887.6,1102.5,649.1,998.0,47,1,997.9,2600,10,997.8,3843,13,997.7,1891,15,997.6,2683,16,998.3,3,1,998.4,2,1,998.5,491,4,998.6,1329,4,998.7,882,17
317,2025-11-26 10:21:35+05:30,998.0,106,995.12,2882201,340802.0,432164.0,986.2,1001.8,981.3,986.2,119882250,1084.8,887.6,1102.5,649.1,998.0,87,1,997.9,337,3,997.8,1386,7,997.7,3320,17,997.6,4208,22,998.5,522,7,998.6,871,5,998.7,961,15,998.8,893,10,998.9,1631,12
317,2025-11-26 10:21:36+05:30,998.0,106,995.12,2882201,340802.0,432164.0,986.2,1001.8,981.3,986.2,119882250,1084.8,887.6,1102.5,649.1,998.0,87,1,997.9,337,3,997.8,1386,7,997.7,3320,17,997.6,4208,22,998.5,522,7,998.6,871,5,998.7,961,15,998.8,893,10,998.9,1631,12
317,2025-11-26 10:21:36+05:30,998.0,823,995.12,2883153,340322.0,434270.0,986.2,1001.8,981.3,986.2,119882250,1084.8,887.6,1102.5,649.1,997.9,58,2,997.8,1306,7,997.7,3317,14,997.6,4218,23,997.5,2742,16,998.4,416,4,998.5,803,10,998.6,1189,9,998.7,958,16,998.8,1009,10
317,2025-11-26 10:21:37+05:30,998.4,121,995.12,2883153,340322.0,434270.0,986.2,1001.8,981.3,986.2,119882250,1084.8,887.6,1102.5,649.1,997.9,58,2,997.8,1306,7,997.7,3317,14,997.6,4218,23,997.5,2742,16,998.4,416,4,998.5,803,10,998.6,1189,9,998.7,958,16,998.8,1009,10
317,2025-11-26 10:21:37+05:30,997.8,169,995.13,2885639,343371.0,435992.0,986.2,1001.8,981.3,986.2,119882250,1084.8,887.6,1102.5,649.1,997.9,27,1,997.8,151,3,997.7,2021,9,997.6,5016,24,997.5,2641,14,998.0,1624,1,998.4,695,13,998.5,1351,12,998.6,1254,9,998.7,1097,13
317,2025-11-26 10:21:38+05:30,997.8,104,995.13,2885639,343371.0,435992.0,986.2,1001.8,981.3,986.2,119882250,1084.8,887.6,1102.5,649.1,997.9,27,1,997.8,151,3,997.7,2021,9,997.6,5016,24,997.5,2641,14,998.0,1624,1,998.4,695,13,998.5,1351,12,998.6,1254,9,998.7,1097,13
317,2025-11-26 10:21:38+05:30,997.8,104,995.13,2886155,344045.0,437560.0,986.2,1001.8,981.3,986.2,119882250,1084.8,887.6,1102.5,649.1,997.8,966,4,997.7,4224,11,997.6,3416,23,997.5,2415,11,997.4,1038,8,998.0,2448,3,998.2,452,6,998.3,651,6,998.4,695,13,998.5,1405,15
317,2025-11-26 10:21:40+05:30,998.0,780,995.13,2890936,345673.0,434361.0,986.2,1001.8,981.3,986.2,119882250,1084.8,887.6,1102.5,649.1,997.9,796,3,997.8,1149,5,997.7,4624,16,997.6,2771,20,997.5,2472,15,998.0,867,4,998.2,34,2,998.4,109,1,998.5,964,6,998.6,912,6
317,2025-11-26 10:21:40+05:30,998.0,780,995.13,2890936,345673.0,434361.0,986.2,1001.8,981.3,986.2,119882250,1084.8,887.6,1102.5,649.1,997.9,796,3,997.8,1149,5,997.7,4624,16,997.6,2771,20,997.5,2472,15,998.0,867,4,998.2,34,2,998.4,109,1,998.5,964,6,998.6,912,6
317,2025-11-26 10:21:41+05:30,998.0,57,995.13,2891036,345603.0,436243.0,986.2,1001.8,981.3,986.2,119882250,1084.8,887.6,1102.5,649.1,997.9,762,3,997.8,1143,5,997.7,4690,15,997.6,3156,25,997.5,2487,16,998.0,1949,6,998.2,34,2,998.3,353,6,998.4,593,8,998.5,1049,8
317,2025-11-26 10:21:41+05:30,998.0,57,995.13,2891036,345603.0,436243.0,986.2,1001.8,981.3,986.2,119882250,1084.8,887.6,1102.5,649.1,997.9,762,3,997.8,1143,5,997.7,4690,15,997.6,3156,25,997.5,2487,16,998.0,1949,6,998.2,34,2,998.3,353,6,998.4,593,8,998.5,1049,8
317,2025-11-26 10:21:42+05:30,998.0,529,995.13,2892641,345600.0,436499.0,986.2,1001.8,981.3,986.2,119882250,1084.8,887.6,1102.5,649.1,997.8,1057,5,997.7,4598,15,997.6,2934,23,997.5,2752,18,997.4,1943,12,998.0,1376,6,998.2,36,3,998.3,402,7,998.4,770,10,998.5,1207,9
317,2025-11-26 10:21:42+05:30,998.0,529,995.13,2892641,345600.0,436499.0,986.2,1001.8,981.3,986.2,119882250,1084.8,887.6,1102.5,649.1,997.8,1057,5,997.7,4598,15,997.6,2934,23,997.5,2752,18,997.4,1943,12,998.0,1376,6,998.2,36,3,998.3,402,7,998.4,770,10,998.5,1207,9
317,2025-11-26 10:21:43+05:30,998.0,529,995.13,2892641,345948.0,436517.0,986.2,1001.8,981.3,986.2,119882250,1084.8,887.6,1102.5,649.1,997.8,1057,5,997.7,4752,17,997.6,3134,24,997.5,2752,18,997.4,1943,12,998.0,1393,7,998.2,36,3,998.3,403,8,998.4,770,10,998.5,1207,9
317,2025-11-26 10:21:44+05:30,997.8,129,995.13,2892909,344197.0,437002.0,986.2,1001.8,981.3,986.2,119882250,1084.8,887.6,1102.5,649.1,997.8,105,3,997.7,3084,14,997.6,4583,22,997.5,2782,20,997.4,2693,13,998.0,1587,8,998.2,228,4,998.3,322,8,998.4,658,10,998.5,824,10
317,2025-11-26 10:21:44+05:30,997.8,129,995.13,2892909,344197.0,437002.0,986.2,1001.8,981.3,986.2,119882250,1084.8,887.6,1102.5,649.1,997.8,105,3,997.7,3084,14,997.6,4583,22,997.5,2782,20,997.4,2693,13,998.0,1587,8,998.2,228,4,998.3,322,8,998.4,658,10,998.5,824,10
317,2025-11-26 10:21:45+05:30,998.0,3,995.13,2892917,344231.0,437444.0,986.2,1001.8,981.3,986.2,119882250,1084.8,887.6,1102.5,649.1,997.8,66,2,997.7,2334,13,997.6,5483,24,997.5,2657,20,997.4,2741,14,998.0,1579,8,998.2,353,5,998.3,321,7,998.4,659,11,998.5,924,11
317,2025-11-26 10:21:45+05:30,998.0,3,995.13,2892917,344231.0,437444.0,986.2,1001.8,981.3,986.2,119882250,1084.8,887.6,1102.5,649.1,997.8,66,2,997.7,2334,13,997.6,5483,24,997.5,2657,20,997.4,2741,14,998.0,1579,8,998.2,353,5,998.3,321,7,998.4,659,11,998.5,924,11
317,2025-11-26 10:21:46+05:30,998.0,3,995.13,2892917,344241.0,437314.0,986.2,1001.8,981.3,986.2,119882250,1084.8,887.6,1102.5,649.1,997.8,66,2,997.7,2334,13,997.6,5483,24,997.5,2657,20,997.4,2741,14,998.0,1579,8,998.2,228,4,998.3,321,7,998.4,659,11,998.5,924,11
317,2025-11-26 10:21:47+05:30,998.0,33,995.13,2893018,344422.0,437663.0,986.2,1001.8,981.3,986.2,119882250,1084.8,887.6,1102.5,649.1,997.8,176,3,997.7,2575,15,997.6,5505,25,997.5,2657,20,997.4,2741,14,998.0,1545,9,998.2,159,3,998.3,321,7,998.4,659,11,998.5,918,10
317,2025-11-26 10:21:47+05:30,998.0,33,995.13,2893018,344422.0,437663.0,986.2,1001.8,981.3,986.2,119882250,1084.8,887.6,1102.5,649.1,997.8,176,3,997.7,2575,15,997.6,5505,25,997.5,2657,20,997.4,2741,14,998.0,1545,9,998.2,159,3,998.3,321,7,998.4,659,11,998.5,918,10
317,2025-11-26 10:21:48+05:30,997.8,88,995.13,2893422,343585.0,437513.0,986.2,1001.8,981.3,986.2,119882250,1084.8,887.6,1102.5,649.1,997.8,88,3,997.7,2526,14,997.6,5505,25,997.5,2657,20,997.4,2741,14,998.0,1295,9,998.2,159,3,998.3,321,7,998.4,659,11,998.5,918,10
317,2025-11-26 10:21:48+05:30,997.8,88,995.13,2893422,343585.0,437513.0,986.2,1001.8,981.3,986.2,119882250,1084.8,887.6,1102.5,649.1,997.8,88,3,997.7,2526,14,997.6,5505,25,997.5,2657,20,997.4,2741,14,998.0,1295,9,998.2,159,3,998.3,321,7,998.4,659,11,998.5,918,10
317,2025-11-26 10:21:49+05:30,997.7,13,995.13,2893551,342972.0,437733.0,986.2,1001.8,981.3,986.2,119882250,1084.8,887.6,1102.5,649.1,997.7,2361,12,997.6,5353,23,997.5,2713,20,997.4,2831,16,997.3,803,7,998.0,1295,9,998.2,322,7,998.3,400,8,998.4,659,11,998.5,918,10
317,2025-11-26 10:21:49+05:30,997.7,13,995.13,2893551,342972.0,437733.0,986.2,1001.8,981.3,986.2,119882250,1084.8,887.6,1102.5,649.1,997.7,2361,12,997.6,5353,23,997.5,2713,20,997.4,2831,16,997.3,803,7,998.0,1295,9,998.2,322,7,998.3,400,8,998.4,659,11,998.5,918,10
317,2025-11-26 10:21:50+05:30,997.9,96,995.14,2894441,343848.0,436915.0,986.2,1001.8,981.3,986.2,119882250,1084.8,887.6,1102.5,649.1,997.7,2794,17,997.6,5368,23,997.5,2535,12,997.4,2758,15,997.3,838,8,997.9,96,1,998.0,1407,9,998.2,75,4,998.3,330,8,998.4,621,8
317,2025-11-26 10:21:50+05:30,997.9,96,995.14,2894441,343848.0,436915.0,986.2,1001.8,981.3,986.2,119882250,1084.8,887.6,1102.5,649.1,997.7,2794,17,997.6,5368,23,997.5,2535,12,997.4,2758,15,997.3,838,8,997.9,96,1,998.0,1407,9,998.2,75,4,998.3,330,8,998.4,621,8
317,2025-11-26 10:21:51+05:30,997.9,96,995.14,2894441,343783.0,436147.0,986.2,1001.8,981.3,986.2,119882250,1084.8,887.6,1102.5,649.1,997.7,2601,15,997.6,5400,24,997.5,2559,13,997.4,2863,22,997.3,838,8,997.9,96,1,998.0,1407,9,998.2,75,4,998.3,330,8,998.4,621,8
317,2025-11-26 10:21:52+05:30,997.7,97,995.14,2894441,343783.0,436147.0,986.2,1001.8,981.3,986.2,119882250,1084.8,887.6,1102.5,649.1,997.7,2601,15,997.6,5400,24,997.5,2559,13,997.4,2863,22,997.3,838,8,997.9,96,1,998.0,1407,9,998.2,75,4,998.3,330,8,998.4,621,8
317,2025-11-26 10:21:52+05:30,997.7,97,995.14,2894616,343738.0,436296.0,986.2,1001.8,981.3,986.2,119882250,1084.8,887.6,1102.5,649.1,997.7,2137,11,997.6,5400,24,997.5,2629,14,997.4,2863,22,997.3,838,8,997.9,50,1,998.0,1407,9,998.2,267,5,998.3,330,8,998.4,1181,10
317,2025-11-26 10:21:53+05:30,997.7,1,995.14,2894617,344995.0,436278.0,986.2,1001.8,981.3,986.2,119882250,1084.8,887.6,1102.5,649.1,997.7,2136,11,997.6,5400,24,997.5,2629,14,997.4,2113,21,997.3,838,8,997.9,50,1,998.0,1407,9,998.2,267,5,998.3,330,8,998.4,1191,11
317,2025-11-26 10:21:54+05:30,997.8,17,995.14,2894617,344995.0,436278.0,986.2,1001.8,981.3,986.2,119882250,1084.8,887.6,1102.5,649.1,997.7,2136,11,997.6,5400,24,997.5,2629,14,997.4,2113,21,997.3,838,8,997.9,50,1,998.0,1407,9,998.2,267,5,998.3,330,8,998.4,1191,11
317,2025-11-26 10:21:54+05:30,997.8,17,995.14,2894746,345958.0,436069.0,986.2,1001.8,981.3,986.2,119882250,1084.8,887.6,1102.5,649.1,997.8,812,2,997.7,4651,17,997.6,4663,22,997.5,1863,15,997.4,1256,16,997.9,50,1,998.0,1487,11,998.2,195,3,998.3,409,9,998.4,641,10
317,2025-11-26 10:21:55+05:30,997.8,61,995.14,2894746,345958.0,436069.0,986.2,1001.8,981.3,986.2,119882250,1084.8,887.6,1102.5,649.1,997.8,812,2,997.7,4651,17,997.6,4663,22,997.5,1863,15,997.4,1256,16,997.9,50,1,998.0,1487,11,998.2,195,3,998.3,409,9,998.4,641,10
317,2025-11-26 10:21:55+05:30,997.8,61,995.14,2894807,346008.0,436265.0,986.2,1001.8,981.3,986.2,119882250,1084.8,887.6,1102.5,649.1,997.8,751,2,997.7,4651,17,997.6,4798,24,997.5,1839,14,997.4,1256,16,998.0,1537,12,998.2,418,5,998.3,531,10,998.4,666,10,998.5,990,12
317,2025-11-26 10:21:56+05:30,997.8,61,995.14,2894807,340206.0,432520.0,986.2,1001.8,981.3,986.2,119882250,1084.8,887.6,1102.5,649.1,997.8,751,2,997.7,4651,17,997.6,3158,20,997.5,3466,17,997.4,1225,14,998.0,1539,14,998.2,418,5,998.3,532,11,998.4,668,10,998.5,990,12
317,2025-11-26 10:21:57+05:30,997.8,61,995.14,2894807,340189.0,432587.0,986.2,1001.8,981.3,986.2,119882250,1084.8,887.6,1102.5,649.1,997.8,751,2,997.7,4583,17,997.6,3158,20,997.5,3496,18,997.4,1241,15,998.0,1539,14,998.2,488,6,998.3,557,12,998.4,640,9,998.5,990,12
317,2025-11-26 10:21:58+05:30,997.8,200,995.14,2894807,340189.0,432587.0,986.2,1001.8,981.3,986.2,119882250,1084.8,887.6,1102.5,649.1,997.8,751,2,997.7,4583,17,997.6,3158,20,997.5,3496,18,997.4,1241,15,998.0,1539,14,998.2,488,6,998.3,557,12,998.4,640,9,998.5,990,12
317,2025-11-26 10:21:58+05:30,997.8,200,995.14,2895007,343983.0,436366.0,986.2,1001.8,981.3,986.2,119882250,1084.8,887.6,1102.5,649.1,997.8,764,4,997.7,4391,16,997.6,3301,22,997.5,3369,17,997.4,1256,16,998.0,1539,14,998.2,467,6,998.3,602,12,998.4,640,9,998.5,990,12
317,2025-11-26 10:21:59+05:30,997.8,200,995.14,2895007,343725.0,436276.0,986.2,1001.8,981.3,986.2,119882250,1084.8,887.6,1102.5,649.1,997.8,764,4,997.7,4391,16,997.6,3299,22,997.5,2589,15,997.4,2050,18,998.0,1539,14,998.2,367,6,998.3,612,13,998.4,640,9,998.5,990,12
317,2025-11-26 10:22:00+05:30,997.8,14,995.14,2895007,343725.0,436276.0,986.2,1001.8,981.3,986.2,119882250,1084.8,887.6,1102.5,649.1,997.8,764,4,997.7,4391,16,997.6,3299,22,997.5,2589,15,997.4,2050,18,998.0,1539,14,998.2,367,6,998.3,612,13,998.4,640,9,998.5,990,12
317,2025-11-26 10:22:00+05:30,997.8,14,995.14,2895021,343790.0,436558.0,986.2,1001.8,981.3,986.2,119882250,1084.8,887.6,1102.5,649.1,997.8,750,4,997.7,4264,15,997.6,2868,16,997.5,2729,17,997.4,1995,17,997.9,96,1,998.0,1539,14,998.1,79,1,998.2,539,8,998.3,542,12
317,2025-11-26 10:22:01+05:30,997.9,44,995.14,2895021,343790.0,436558.0,986.2,1001.8,981.3,986.2,119882250,1084.8,887.6,1102.5,649.1,997.8,750,4,997.7,4264,15,997.6,2868,16,997.5,2729,17,997.4,1995,17,997.9,96,1,998.0,1539,14,998.1,79,1,998.2,539,8,998.3,542,12
317,2025-11-26 10:22:01+05:30,997.9,45,995.14,2895382,344077.0,435360.0,986.2,1001.8,981.3,986.2,119882250,1084.8,887.6,1102.5,649.1,997.8,890,6,997.7,4615,20,997.6,3133,19,997.5,2610,16,997.4,1951,16,997.9,7,1,998.0,1539,14,998.2,243,4,998.3,453,10,998.4,673,8
317,2025-11-26 10:22:02+05:30,997.9,45,995.14,2895382,344077.0,435360.0,986.2,1001.8,981.3,986.2,119882250,1084.8,887.6,1102.5,649.1,997.8,890,6,997.7,4615,20,997.6,3133,19,997.5,2610,16,997.4,1951,16,997.9,7,1,998.0,1539,14,998.2,243,4,998.3,453,10,998.4,673,8
317,2025-11-26 10:22:02+05:30,997.9,5,995.14,2895387,344912.0,435740.0,986.2,1001.8,981.3,986.2,119882250,1084.8,887.6,1102.5,649.1,997.8,821,5,997.7,4884,22,997.6,3133,19,997.5,2610,16,997.4,2006,17,997.9,2,1,998.0,1539,14,998.2,51,3,998.3,453,10,998.4,673,8
317,2025-11-26 10:22:03+05:30,997.8,134,995.14,2895387,344912.0,435740.0,986.2,1001.8,981.3,986.2,119882250,1084.8,887.6,1102.5,649.1,997.8,821,5,997.7,4884,22,997.6,3133,19,997.5,2610,16,997.4,2006,17,997.9,2,1,998.0,1539,14,998.2,51,3,998.3,453,10,998.4,673,8
317,2025-11-26 10:22:03+05:30,997.8,134,995.14,2895522,343960.0,436058.0,986.2,1001.8,981.3,986.2,119882250,1084.8,887.6,1102.5,649.1,997.8,608,4,997.7,4815,21,997.6,3202,20,997.5,2610,16,997.4,2004,17,997.9,1,1,998.0,1539,14,998.2,51,3,998.3,453,10,998.4,673,8
317,2025-11-26 10:22:04+05:30,997.8,134,995.14,2895522,343960.0,436058.0,986.2,1001.8,981.3,986.2,119882250,1084.8,887.6,1102.5,649.1,997.8,608,4,997.7,4815,21,997.6,3202,20,997.5,2610,16,997.4,2004,17,997.9,1,1,998.0,1539,14,998.2,51,3,998.3,453,10,998.4,673,8
317,2025-11-26 10:22:04+05:30,997.8,134,995.14,2895522,343941.0,436064.0,986.2,1001.8,981.3,986.2,119882250,1084.8,887.6,1102.5,649.1,997.8,608,4,997.7,4766,20,997.6,3202,20,997.5,2610,16,997.4,2034,18,997.9,1,1,998.0,1539,14,998.2,51,3,998.3,453,10,998.4,752,9
317,2025-11-26 10:22:04+05:30,997.8,134,995.14,2895522,343941.0,436064.0,986.2,1001.8,981.3,986.2,119882250,1084.8,887.6,1102.5,649.1,997.8,608,4,997.7,4766,20,997.6,3202,20,997.5,2610,16,997.4,2034,18,997.9,1,1,998.0,1539,14,998.2,51,3,998.3,453,10,998.4,752,9
317,2025-11-26 10:22:05+05:30,997.8,134,995.14,2895522,343941.0,436064.0,986.2,1001.8,981.3,986.2,119882250,1084.8,887.6,1102.5,649.1,997.8,608,4,997.7,4766,20,997.6,3202,20,997.5,2610,16,997.4,2034,18,997.9,1,1,998.0,1539,14,998.2,51,3,998.3,453,10,998.4,752,9
317,2025-11-26 10:22:05+05:30,997.8,187,995.14,2895522,343941.0,436064.0,986.2,1001.8,981.3,986.2,119882250,1084.8,887.6,1102.5,649.1,997.8,608,4,997.7,4766,20,997.6,3202,20,997.5,2610,16,997.4,2034,18,997.9,1,1,998.0,1539,14,998.2,51,3,998.3,453,10,998.4,752,9
317,2025-11-26 10:22:05+05:30,997.8,187,995.14,2896117,342038.0,436052.0,986.2,1001.8,981.3,986.2,119882250,1084.8,887.6,1102.5,649.1,997.8,92,2,997.7,2168,14,997.6,4722,22,997.5,3342,15,997.4,1205,12,998.0,1539,14,998.2,251,4,998.3,463,11,998.4,752,9,998.5,990,12
317,2025-11-26 10:22:05+05:30,997.8,187,995.14,2896117,342038.0,436052.0,986.2,1001.8,981.3,986.2,119882250,1084.8,887.6,1102.5,649.1,997.8,92,2,997.7,2168,14,997.6,4722,22,997.5,3342,15,997.4,1205,12,998.0,1539,14,998.2,251,4,998.3,463,11,998.4,752,9,998.5,990,12
317,2025-11-26 10:22:06+05:30,997.8,187,995.14,2896117,342038.0,436052.0,986.2,1001.8,981.3,986.2,119882250,1084.8,887.6,1102.5,649.1,997.8,92,2,997.7,2168,14,997.6,4722,22,997.5,3342,15,997.4,1205,12,998.0,1539,14,998.2,251,4,998.3,463,11,998.4,752,9,998.5,990,12
317,2025-11-26 10:22:06+05:30,998.0,1,995.14,2896117,342038.0,436052.0,986.2,1001.8,981.3,986.2,119882250,1084.8,887.6,1102.5,649.1,997.8,92,2,997.7,2168,14,997.6,4722,22,997.5,3342,15,997.4,1205,12,998.0,1539,14,998.2,251,4,998.3,463,11,998.4,752,9,998.5,990,12
317,2025-11-26 10:22:06+05:30,998.0,1,995.14,2896117,342038.0,436052.0,986.2,1001.8,981.3,986.2,119882250,1084.8,887.6,1102.5,649.1,997.8,92,2,997.7,2168,14,997.6,4722,22,997.5,3342,15,997.4,1205,12,998.0,1539,14,998.2,251,4,998.3,463,11,998.4,752,9,998.5,990,12
317,2025-11-26 10:22:06+05:30,998.0,129,995.14,2896249,343625.0,435545.0,986.2,1001.8,981.3,986.2,119882250,1084.8,887.6,1102.5,649.1,997.8,296,4,997.7,2566,18,997.6,5504,25,997.5,3313,14,997.4,1310,19,998.0,1409,14,998.2,251,4,998.3,427,8,998.4,778,11,998.5,963,10
317,2025-11-26 10:22:06+05:30,998.0,129,995.14,2896249,343625.0,435545.0,986.2,1001.8,981.3,986.2,119882250,1084.8,887.6,1102.5,649.1,997.8,296,4,997.7,2566,18,997.6,5504,25,997.5,3313,14,997.4,1310,19,998.0,1409,14,998.2,251,4,998.3,427,8,998.4,778,11,998.5,963,10
317,2025-11-26 10:22:07+05:30,998.0,129,995.14,2896249,343625.0,435545.0,986.2,1001.8,981.3,986.2,119882250,1084.8,887.6,1102.5,649.1,997.8,296,4,997.7,2566,18,997.6,5504,25,997.5,3313,14,997.4,1310,19,998.0,1409,14,998.2,251,4,998.3,427,8,998.4,778,11,998.5,963,10
317,2025-11-26 10:22:07+05:30,998.0,44,995.14,2896249,343625.0,435545.0,986.2,1001.8,981.3,986.2,119882250,1084.8,887.6,1102.5,649.1,997.8,296,4,997.7,2566,18,997.6,5504,25,997.5,3313,14,997.4,1310,19,998.0,1409,14,998.2,251,4,998.3,427,8,998.4,778,11,998.5,963,10
317,2025-11-26 10:22:07+05:30,998.0,44,995.14,2896427,343487.0,437144.0,986.2,1001.8,981.3,986.2,119882250,1084.8,887.6,1102.5,649.1,997.8,79,1,997.7,2297,16,997.6,5504,25,997.5,3382,15,997.4,1310,19,998.0,1705,15,998.2,251,4,998.3,496,9,998.4,778,11,998.5,991,11
317,2025-11-26 10:22:07+05:30,998.0,44,995.14,2896427,343487.0,437144.0,986.2,1001.8,981.3,986.2,120049500,1084.8,887.6,1102.5,649.1,997.8,79,1,997.7,2297,16,997.6,5504,25,997.5,3382,15,997.4,1310,19,998.0,1705,15,998.2,251,4,998.3,496,9,998.4,778,11,998.5,991,11
317,2025-11-26 10:22:08+05:30,998.0,44,995.14,2896427,343487.0,437144.0,986.2,1001.8,981.3,986.2,120049500,1084.8,887.6,1102.5,649.1,997.8,79,1,997.7,2297,16,997.6,5504,25,997.5,3382,15,997.4,1310,19,998.0,1705,15,998.2,251,4,998.3,496,9,998.4,778,11,998.5,991,11
317,2025-11-26 10:22:08+05:30,998.0,44,995.14,2896427,343267.0,437505.0,986.2,1001.8,981.3,986.2,120049500,1084.8,887.6,1102.5,649.1,997.7,2239,16,997.6,5405,23,997.5,3313,14,997.4,1310,19,997.3,1809,10,997.8,5,1,998.0,1705,15,998.2,300,5,998.3,643,12,998.4,752,9
317,2025-11-26 10:22:09+05:30,998.0,44,995.14,2896427,343538.0,437313.0,986.2,1001.8,981.3,986.2,120049500,1084.8,887.6,1102.5,649.1,997.7,2297,16,997.6,5474,24,997.5,3323,15,997.4,1335,20,997.3,1809,10,997.8,5,1,998.0,1705,15,998.2,300,5,998.3,643,12,998.4,752,9
317,2025-11-26 10:22:10+05:30,998.0,54,995.14,2896427,343538.0,437313.0,986.2,1001.8,981.3,986.2,120049500,1084.8,887.6,1102.5,649.1,997.7,2297,16,997.6,5474,24,997.5,3323,15,997.4,1335,20,997.3,1809,10,997.8,5,1,998.0,1705,15,998.2,300,5,998.3,643,12,998.4,752,9
317,2025-11-26 10:22:10+05:30,998.0,54,995.14,2897439,342487.0,436908.0,986.2,1001.8,981.3,986.2,120049500,1084.8,887.6,1102.5,649.1,997.7,1565,14,997.6,6325,26,997.5,1838,14,997.4,2648,13,997.3,1857,13,998.0,1655,16,998.2,513,7,998.3,618,11,998.4,778,11,998.5,1002,11
317,2025-11-26 10:22:11+05:30,998.0,44,995.14,2897439,342487.0,436908.0,986.2,1001.8,981.3,986.2,120049500,1084.8,887.6,1102.5,649.1,997.7,1565,14,997.6,6325,26,997.5,1838,14,997.4,2648,13,997.3,1857,13,998.0,1655,16,998.2,513,7,998.3,618,11,998.4,778,11,998.5,1002,11
317,2025-11-26 10:22:11+05:30,998.0,44,995.14,2897483,343599.0,436649.0,986.2,1001.8,981.3,986.2,120049500,1084.8,887.6,1102.5,649.1,997.7,1755,17,997.6,6229,26,997.5,1810,13,997.4,2546,14,997.3,1774,15,997.8,15,1,998.0,1618,18,998.2,419,5,998.3,689,13,998.4,752,9
317,2025-11-26 10:22:12+05:30,997.7,10,995.14,2897483,343599.0,436649.0,986.2,1001.8,981.3,986.2,120049500,1084.8,887.6,1102.5,649.1,997.7,1755,17,997.6,6229,26,997.5,1810,13,997.4,2546,14,997.3,1774,15,997.8,15,1,998.0,1618,18,998.2,419,5,998.3,689,13,998.4,752,9
317,2025-11-26 10:22:12+05:30,997.7,10,995.14,2897751,342933.0,437079.0,986.2,1001.8,981.3,986.2,120049500,1084.8,887.6,1102.5,649.1,997.7,1386,11,997.6,6061,25,997.5,1919,14,997.4,1774,14,997.3,2738,18,997.8,15,1,998.0,1616,16,998.1,14,1,998.2,419,5,998.3,699,14
317,2025-11-26 10:22:13+05:30,998.0,44,995.14,2897751,342933.0,437079.0,986.2,1001.8,981.3,986.2,120049500,1084.8,887.6,1102.5,649.1,997.7,1386,11,997.6,6061,25,997.5,1919,14,997.4,1774,14,997.3,2738,18,997.8,15,1,998.0,1616,16,998.1,14,1,998.2,419,5,998.3,699,14
317,2025-11-26 10:22:13+05:30,998.0,44,995.14,2898155,342673.0,436962.0,986.2,1001.8,981.3,986.2,120049500,1084.8,887.6,1102.5,649.1,997.8,112,1,997.7,1277,12,997.6,6192,27,997.5,1919,14,997.4,1762,13,998.0,1715,15,998.2,743,8,998.3,677,10,998.4,778,11,998.5,1078,12
317,2025-11-26 10:22:14+05:30,998.0,3,995.14,2898155,342673.0,436962.0,986.2,1001.8,981.3,986.2,120049500,1084.8,887.6,1102.5,649.1,997.8,112,1,997.7,1277,12,997.6,6192,27,997.5,1919,14,997.4,1762,13,998.0,1715,15,998.2,743,8,998.3,677,10,998.4,778,11,998.5,1078,12
317,2025-11-26 10:22:14+05:30,998.0,3,995.14,2898158,342943.0,437117.0,986.2,1001.8,981.3,986.2,120049500,1084.8,887.6,1102.5,649.1,997.8,112,1,997.7,1277,12,997.6,6192,27,997.5,3419,16,997.4,1012,12,998.0,1749,15,998.2,743,8,998.3,755,10,998.4,778,11,998.5,1078,12
317,2025-11-26 10:22:15+05:30,998.0,31,995.14,2898158,342943.0,437117.0,986.2,1001.8,981.3,986.2,120049500,1084.8,887.6,1102.5,649.1,997.8,112,1,997.7,1277,12,997.6,6192,27,997.5,3419,16,997.4,1012,12,998.0,1749,15,998.2,743,8,998.3,755,10,998.4,778,11,998.5,1078,12
317,2025-11-26 10:22:15+05:30,998.0,31,995.14,2898336,342781.0,437089.0,986.2,1001.8,981.3,986.2,120049500,1084.8,887.6,1102.5,649.1,997.7,1255,12,997.6,6209,27,997.5,3386,16,997.4,1044,12,997.3,1974,16,998.0,1706,15,998.1,124,2,998.2,655,8,998.3,755,10,998.4,778,11
317,2025-11-26 10:22:16+05:30,998.0,31,995.14,2898336,342794.0,437078.0,986.2,1001.8,981.3,986.2,120049500,1084.8,887.6,1102.5,649.1,997.7,1268,13,997.6,6209,27,997.5,3448,17,997.4,982,11,997.3,1974,16,998.0,1706,15,998.1,62,1,998.2,717,9,998.3,769,11,998.4,778,11
317,2025-11-26 10:22:17+05:30,997.7,1,995.14,2898336,342794.0,437078.0,986.2,1001.8,981.3,986.2,120049500,1084.8,887.6,1102.5,649.1,997.7,1268,13,997.6,6209,27,997.5,3448,17,997.4,982,11,997.3,1974,16,998.0,1706,15,998.1,62,1,998.2,717,9,998.3,769,11,998.4,778,11
317,2025-11-26 10:22:17+05:30,997.7,1,995.14,2898337,343135.0,437078.0,986.2,1001.8,981.3,986.2,120049500,1084.8,887.6,1102.5,649.1,997.7,2017,14,997.6,6251,28,997.5,3448,17,997.4,982,11,997.3,1974,16,998.0,1706,15,998.1,62,1,998.2,717,9,998.3,769,11,998.4,778,11
317,2025-11-26 10:22:18+05:30,997.7,1,995.14,2898337,343086.0,437103.0,986.2,1001.8,981.3,986.2,120049500,1084.8,887.6,1102.5,649.1,997.7,2034,15,997.6,6202,27,997.5,3417,15,997.4,982,11,997.3,1974,16,998.0,1746,16,998.1,62,1,998.2,742,10,998.3,769,11,998.4,778,11
317,2025-11-26 10:22:19+05:30,998.0,40,995.14,2898337,343086.0,437103.0,986.2,1001.8,981.3,986.2,120049500,1084.8,887.6,1102.5,649.1,997.7,2034,15,997.6,6202,27,997.5,3417,15,997.4,982,11,997.3,1974,16,998.0,1746,16,998.1,62,1,998.2,742,10,998.3,769,11,998.4,778,11
317,2025-11-26 10:22:19+05:30,998.0,40,995.14,2898381,344172.0,436544.0,986.2,1001.8,981.3,986.2,120049500,1084.8,887.6,1102.5,649.1,997.8,760,2,997.7,2239,17,997.6,6375,30,997.5,3369,15,997.4,982,11,998.0,1737,16,998.2,493,8,998.3,617,10,998.4,778,11,998.5,1078,12
317,2025-11-26 10:22:20+05:30,997.9,400,995.14,2898781,345222.0,437068.0,986.2,1001.8,981.3,986.2,120049500,1084.8,887.6,1102.5,649.1,997.8,999,4,997.7,2196,16,997.6,6221,27,997.5,3481,17,997.4,982,11,997.9,96,1,998.0,1737,16,998.2,360,7,998.3,719,14,998.4,752,9
317,2025-11-26 10:22:21+05:30,997.9,28,995.14,2898781,345222.0,437068.0,986.2,1001.8,981.3,986.2,120049500,1084.8,887.6,1102.5,649.1,997.8,999,4,997.7,2196,16,997.6,6221,27,997.5,3481,17,997.4,982,11,997.9,96,1,998.0,1737,16,998.2,360,7,998.3,719,14,998.4,752,9
317,2025-11-26 10:22:21+05:30,997.9,28,995.14,2898905,345460.0,437416.0,986.2,1001.8,981.3,986.2,120049500,1084.8,887.6,1102.5,649.1,997.8,999,4,997.7,2021,14,997.6,6221,27,997.5,3411,15,997.4,1051,13,997.9,467,3,998.0,1742,16,998.1,256,2,998.2,278,5,998.3,651,13
317,2025-11-26 10:22:22+05:30,997.9,44,995.14,2898905,345460.0,437416.0,986.2,1001.8,981.3,986.2,120049500,1084.8,887.6,1102.5,649.1,997.8,999,4,997.7,2021,14,997.6,6221,27,997.5,3411,15,997.4,1051,13,997.9,467,3,998.0,1742,16,998.1,256,2,998.2,278,5,998.3,651,13
317,2025-11-26 10:22:22+05:30,997.9,44,995.14,2899083,344424.0,437422.0,986.2,1001.8,981.3,986.2,120049500,1084.8,887.6,1102.5,649.1,997.8,865,3,997.7,2021,14,997.6,5740,22,997.5,3357,15,997.4,995,12,997.9,423,3,998.0,1742,16,998.1,399,3,998.2,708,8,998.3,652,14
317,2025-11-26 10:22:23+05:30,997.9,44,995.14,2899083,344411.0,437434.0,986.2,1001.8,981.3,986.2,120049500,1084.8,887.6,1102.5,649.1,997.8,865,3,997.7,2021,14,997.6,5740,22,997.5,3357,15,997.4,982,11,997.9,423,3,998.0,1742,16,998.1,399,3,998.2,708,8,998.3,652,14
317,2025-11-26 10:22:24+05:30,997.9,1,995.14,2899083,344411.0,437434.0,986.2,1001.8,981.3,986.2,120049500,1084.8,887.6,1102.5,649.1,997.8,865,3,997.7,2021,14,997.6,5740,22,997.5,3357,15,997.4,982,11,997.9,423,3,998.0,1742,16,998.1,399,3,998.2,708,8,998.3,652,14
317,2025-11-26 10:22:24+05:30,997.9,1,995.14,2899084,344478.0,437657.0,986.2,1001.8,981.3,986.2,120049500,1084.8,887.6,1102.5,649.1,997.8,865,3,997.7,2021,14,997.6,5740,22,997.5,3465,17,997.4,982,11,997.9,422,3,998.0,1742,16,998.1,399,3,998.2,737,9,998.3,651,13
317,2025-11-26 10:22:25+05:30,997.8,458,995.14,2899084,344478.0,437657.0,986.2,1001.8,981.3,986.2,120049500,1084.8,887.6,1102.5,649.1,997.8,865,3,997.7,2021,14,997.6,5740,22,997.5,3465,17,997.4,982,11,997.9,422,3,998.0,1742,16,998.1,399,3,998.2,737,9,998.3,651,13
317,2025-11-26 10:22:25+05:30,997.9,10,995.14,2899602,343824.0,437960.0,986.2,1001.8,981.3,986.2,120049500,1084.8,887.6,1102.5,649.1,997.8,357,3,997.7,2021,14,997.6,5740,22,997.5,3276,13,997.4,1038,12,997.9,316,2,998.0,1742,16,998.1,399,3,998.2,710,9,998.3,651,13
317,2025-11-26 10:22:26+05:30,997.9,10,995.14,2899602,343824.0,437960.0,986.2,1001.8,981.3,986.2,120049500,1084.8,887.6,1102.5,649.1,997.8,357,3,997.7,2021,14,997.6,5740,22,997.5,3276,13,997.4,1038,12,997.9,316,2,998.0,1742,16,998.1,399,3,998.2,710,9,998.3,651,13
317,2025-11-26 10:22:26+05:30,997.8,3,995.14,2899776,343685.0,438456.0,986.2,1001.8,981.3,986.2,120049500,1084.8,887.6,1102.5,649.1,997.8,223,1,997.7,2021,14,997.6,5740,22,997.5,3355,14,997.4,1038,12,997.9,472,3,998.0,1823,16,998.1,455,4,998.2,664,9,998.3,605,13
317,2025-11-26 10:22:27+05:30,997.8,3,995.14,2899776,343685.0,438456.0,986.2,1001.8,981.3,986.2,120049500,1084.8,887.6,1102.5,649.1,997.8,223,1,997.7,2021,14,997.6,5740,22,997.5,3355,14,997.4,1038,12,997.9,472,3,998.0,1823,16,998.1,455,4,998.2,664,9,998.3,605,13
317,2025-11-26 10:22:27+05:30,997.9,1,995.14,2899777,343408.0,438505.0,986.2,1001.8,981.3,986.2,120049500,1084.8,887.6,1102.5,649.1,997.7,2021,14,997.6,5669,23,997.5,3284,14,997.4,982,11,997.3,1901,16,997.9,471,3,998.0,1767,15,998.1,504,5,998.2,730,11,998.3,714,14
317,2025-11-26 10:22:28+05:30,997.9,1,995.14,2899777,343408.0,438505.0,986.2,1001.8,981.3,986.2,120049500,1084.8,887.6,1102.5,649.1,997.7,2021,14,997.6,5669,23,997.5,3284,14,997.4,982,11,997.3,1901,16,997.9,471,3,998.0,1767,15,998.1,504,5,998.2,730,11,998.3,714,14
317,2025-11-26 10:22:28+05:30,997.9,1,995.14,2899777,343291.0,438533.0,986.2,1001.8,981.3,986.2,120049500,1084.8,887.6,1102.5,649.1,997.7,2021,14,997.6,5669,23,997.5,1735,11,997.4,1706,10,997.3,2559,11,997.9,471,3,998.0,1767,15,998.1,504,5,998.2,730,11,998.3,714,14
317,2025-11-26 10:22:30+05:30,997.9,1,995.14,2899777,343832.0,438533.0,986.2,1001.8,981.3,986.2,120049500,1084.8,887.6,1102.5,649.1,997.7,2021,14,997.6,5795,24,997.5,1883,12,997.4,1782,13,997.3,2658,12,997.9,471,3,998.0,1767,15,998.1,504,5,998.2,730,11,998.3,714,14
317,2025-11-26 10:22:30+05:30,997.8,750,995.14,2899777,343832.0,438533.0,986.2,1001.8,981.3,986.2,120049500,1084.8,887.6,1102.5,649.1,997.7,2021,14,997.6,5795,24,997.5,1883,12,997.4,1782,13,997.3,2658,12,997.9,471,3,998.0,1767,15,998.1,504,5,998.2,730,11,998.3,714,14
317,2025-11-26 10:22:31+05:30,997.7,158,995.14,2900735,340784.0,439111.0,986.2,1001.8,981.3,986.2,120049500,1084.8,887.6,1102.5,649.1,997.7,471,11,997.6,394,10,997.5,1966,8,997.4,6092,19,997.3,3472,14,997.8,96,1,997.9,471,3,998.0,1977,17,998.1,643,12,998.2,812,14
317,2025-11-26 10:22:31+05:30,997.7,158,995.14,2900735,340784.0,439111.0,986.2,1001.8,981.3,986.2,120049500,1084.8,887.6,1102.5,649.1,997.7,471,11,997.6,394,10,997.5,1966,8,997.4,6092,19,997.3,3472,14,997.8,96,1,997.9,471,3,998.0,1977,17,998.1,643,12,998.2,812,14
317,2025-11-26 10:22:32+05:30,997.7,31,995.14,2900735,340784.0,439111.0,986.2,1001.8,981.3,986.2,120049500,1084.8,887.6,1102.5,649.1,997.7,471,11,997.6,394,10,997.5,1966,8,997.4,6092,19,997.3,3472,14,997.8,96,1,997.9,471,3,998.0,1977,17,998.1,643,12,998.2,812,14
317,2025-11-26 10:22:32+05:30,997.7,31,995.14,2901435,338640.0,439876.0,986.2,1001.8,981.3,986.2,120049500,1084.8,887.6,1102.5,649.1,997.7,550,9,997.6,315,7,997.5,1508,6,997.4,5357,12,997.3,3101,12,997.8,318,3,997.9,959,9,998.0,2372,22,998.1,537,6,998.2,723,11
317,2025-11-26 10:22:33+05:30,997.5,37,995.14,2901435,338640.0,439876.0,986.2,1001.8,981.3,986.2,120049500,1084.8,887.6,1102.5,649.1,997.7,550,9,997.6,315,7,997.5,1508,6,997.4,5357,12,997.3,3101,12,997.8,318,3,997.9,959,9,998.0,2372,22,998.1,537,6,998.2,723,11
317,2025-11-26 10:22:33+05:30,997.6,112,995.15,2904818,330209.0,444489.0,986.2,1001.8,981.3,986.2,120049500,1084.8,887.6,1102.5,649.1,997.5,12,1,997.4,368,4,997.3,163,2,997.2,106,1,997.1,167,3,997.6,519,9,997.7,527,8,997.8,862,10,997.9,1638,13,998.0,2955,27
317,2025-11-26 10:22:34+05:30,997.4,17,995.15,2904818,330209.0,444489.0,986.2,1001.8,981.3,986.2,120049500,1084.8,887.6,1102.5,649.1,997.5,12,1,997.4,368,4,997.3,163,2,997.2,106,1,997.1,167,3,997.6,519,9,997.7,527,8,997.8,862,10,997.9,1638,13,998.0,2955,27
317,2025-11-26 10:22:34+05:30,997.4,17,995.15,2904977,331454.0,445933.0,986.2,1001.8,981.3,986.2,120049500,1084.8,887.6,1102.5,649.1,997.4,92,1,997.1,114,3,997.0,5330,28,996.9,1822,16,996.8,3293,17,997.5,150,3,997.6,479,8,997.7,785,11,997.8,1236,13,997.9,1381,15
317,2025-11-26 10:22:35+05:30,997.1,202,995.15,2904977,331454.0,445933.0,986.2,1001.8,981.3,986.2,120049500,1084.8,887.6,1102.5,649.1,997.4,92,1,997.1,114,3,997.0,5330,28,996.9,1822,16,996.8,3293,17,997.5,150,3,997.6,479,8,997.7,785,11,997.8,1236,13,997.9,1381,15
317,2025-11-26 10:22:35+05:30,997.6,25,995.15,2906614,329890.0,443796.0,986.2,1001.8,981.3,986.2,120049500,1084.8,887.6,1102.5,649.1,997.2,750,1,997.1,597,2,997.0,4795,19,996.9,1730,13,996.8,2354,16,997.6,452,5,997.7,511,8,997.8,1428,17,997.9,1260,13,998.0,2821,28
317,2025-11-26 10:22:36+05:30,997.1,8,995.15,2906614,329890.0,443796.0,986.2,1001.8,981.3,986.2,120049500,1084.8,887.6,1102.5,649.1,997.2,750,1,997.1,597,2,997.0,4795,19,996.9,1730,13,996.8,2354,16,997.6,452,5,997.7,511,8,997.8,1428,17,997.9,1260,13,998.0,2821,28
317,2025-11-26 10:22:36+05:30,997.1,8,995.15,2906623,331911.0,444096.0,986.2,1001.8,981.3,986.2,120049500,1084.8,887.6,1102.5,649.1,997.2,750,1,997.1,540,1,997.0,5561,20,996.9,1730,13,996.8,2585,18,997.5,237,2,997.6,731,8,997.7,637,11,997.8,1514,17,997.9,1260,13
317,2025-11-26 10:22:37+05:30,997.5,1,995.15,2906623,331911.0,444096.0,986.2,1001.8,981.3,986.2,120049500,1084.8,887.6,1102.5,649.1,997.2,750,1,997.1,540,1,997.0,5561,20,996.9,1730,13,996.8,2585,18,997.5,237,2,997.6,731,8,997.7,637,11,997.8,1514,17,997.9,1260,13
317,2025-11-26 10:22:37+05:30,997.5,1,995.15,2906769,331797.0,444094.0,986.2,1001.8,981.3,986.2,120049500,1084.8,887.6,1102.5,649.1,997.2,17,1,997.1,1156,2,997.0,5759,21,996.9,1635,13,996.8,2520,15,997.5,463,4,997.6,852,10,997.7,689,13,997.8,1301,16,997.9,828,11
317,2025-11-26 10:22:38+05:30,997.2,134,995.15,2906769,331797.0,444094.0,986.2,1001.8,981.3,986.2,120049500,1084.8,887.6,1102.5,649.1,997.2,17,1,997.1,1156,2,997.0,5759,21,996.9,1635,13,996.8,2520,15,997.5,463,4,997.6,852,10,997.7,689,13,997.8,1301,16,997.9,828,11
317,2025-11-26 10:22:38+05:30,997.2,134,995.15,2906903,331825.0,445072.0,986.2,1001.8,981.3,986.2,120049500,1084.8,887.6,1102.5,649.1,997.2,17,1,997.1,1156,2,997.0,4960,19,996.9,1558,10,996.8,2546,17,997.4,51,1,997.5,593,6,997.6,747,9,997.7,689,13,997.8,723,15
317,2025-11-26 10:22:39+05:30,997.5,79,995.15,2906903,331825.0,445072.0,986.2,1001.8,981.3,986.2,120049500,1084.8,887.6,1102.5,649.1,997.2,17,1,997.1,1156,2,997.0,4960,19,996.9,1558,10,996.8,2546,17,997.4,51,1,997.5,593,6,997.6,747,9,997.7,689,13,997.8,723,15
317,2025-11-26 10:22:39+05:30,997.5,79,995.15,2907108,331971.0,443951.0,986.2,1001.8,981.3,986.2,120049500,1084.8,887.6,1102.5,649.1,997.2,633,2,997.1,568,2,997.0,5710,20,996.9,1584,12,996.8,2532,16,997.5,309,3,997.6,827,10,997.7,689,13,997.8,723,15,997.9,1264,11
317,2025-11-26 10:22:40+05:30,997.2,1,995.15,2907109,334160.0,445357.0,986.2,1001.8,981.3,986.2,120049500,1084.8,887.6,1102.5,649.1,997.2,16,1,997.1,1156,2,997.0,5111,22,996.9,1584,12,996.8,2532,16,997.3,96,1,997.5,309,3,997.6,725,8,997.7,791,15,997.8,832,16
317,2025-11-26 10:22:41+05:30,997.3,5,995.15,2907109,334160.0,445357.0,986.2,1001.8,981.3,986.2,120049500,1084.8,887.6,1102.5,649.1,997.2,16,1,997.1,1156,2,997.0,5111,22,996.9,1584,12,996.8,2532,16,997.3,96,1,997.5,309,3,997.6,725,8,997.7,791,15,997.8,832,16
317,2025-11-26 10:22:41+05:30,997.3,5,995.15,2907114,335065.0,445336.0,986.2,1001.8,981.3,986.2,120049500,1084.8,887.6,1102.5,649.1,997.2,632,2,997.1,540,1,997.0,5861,23,996.9,1607,13,996.8,2532,16,997.3,91,1,997.5,309,3,997.6,725,8,997.7,791,15,997.8,832,16
317,2025-11-26 10:22:42+05:30,997.3,5,995.15,2907114,335337.0,446343.0,986.2,1001.8,981.3,986.2,120049500,1084.8,887.6,1102.5,649.1,997.2,632,2,997.1,540,1,997.0,5861,23,996.9,1607,13,996.8,2532,16,997.3,91,1,997.5,1059,4,997.6,982,10,997.7,791,15,997.8,832,16
317,2025-11-26 10:22:43+05:30,997.2,203,995.15,2907114,335337.0,446343.0,986.2,1001.8,981.3,986.2,120049500,1084.8,887.6,1102.5,649.1,997.2,632,2,997.1,540,1,997.0,5861,23,996.9,1607,13,996.8,2532,16,997.3,91,1,997.5,1059,4,997.6,982,10,997.7,791,15,997.8,832,16
317,2025-11-26 10:22:43+05:30,997.2,203,995.15,2907333,334850.0,446387.0,986.2,1001.8,981.3,986.2,120049500,1084.8,887.6,1102.5,649.1,997.2,430,2,997.1,540,1,997.0,5508,18,996.9,1482,9,996.8,2543,17,997.3,328,3,997.4,172,3,997.5,1223,6,997.6,1064,12,997.7,711,14
317,2025-11-26 10:22:44+05:30,997.2,134,995.15,2907333,334850.0,446387.0,986.2,1001.8,981.3,986.2,120049500,1084.8,887.6,1102.5,649.1,997.2,430,2,997.1,540,1,997.0,5508,18,996.9,1482,9,996.8,2543,17,997.3,328,3,997.4,172,3,997.5,1223,6,997.6,1064,12,997.7,711,14
317,2025-11-26 10:22:44+05:30,997.2,134,995.15,2907469,334702.0,446406.0,986.2,1001.8,981.3,986.2,120049500,1084.8,887.6,1102.5,649.1,997.2,296,2,997.1,540,1,997.0,5508,18,996.9,1482,9,996.8,2635,19,997.3,326,3,997.4,172,3,997.5,1223,6,997.6,1064,12,997.7,711,14
317,2025-11-26 10:22:45+05:30,997.2,17,995.15,2907469,334702.0,446406.0,986.2,1001.8,981.3,986.2,120049500,1084.8,887.6,1102.5,649.1,997.2,296,2,997.1,540,1,997.0,5508,18,996.9,1482,9,996.8,2635,19,997.3,326,3,997.4,172,3,997.5,1223,6,997.6,1064,12,997.7,711,14
317,2025-11-26 10:22:45+05:30,997.2,17,995.15,2907765,334449.0,446943.0,986.2,1001.8,981.3,986.2,120049500,1084.8,887.6,1102.5,649.1,997.1,540,1,997.0,5275,16,996.9,1430,8,996.8,2704,20,996.7,2577,10,997.2,79,1,997.3,361,6,997.4,374,5,997.5,1303,8,997.6,1113,14
317,2025-11-26 10:22:46+05:30,997.2,44,995.15,2907765,334449.0,446943.0,986.2,1001.8,981.3,986.2,120049500,1084.8,887.6,1102.5,649.1,997.1,540,1,997.0,5275,16,996.9,1430,8,996.8,2704,20,996.7,2577,10,997.2,79,1,997.3,361,6,997.4,374,5,997.5,1303,8,997.6,1113,14
317,2025-11-26 10:22:46+05:30,997.2,4,995.15,2907863,333504.0,447019.0,986.2,1001.8,981.3,986.2,120049500,1084.8,887.6,1102.5,649.1,997.1,540,1,997.0,5775,17,996.9,1430,8,996.8,2647,20,996.7,2629,11,997.2,299,2,997.3,318,6,997.4,281,3,997.5,1285,8,997.6,1108,13
317,2025-11-26 10:22:47+05:30,997.2,4,995.15,2907863,333504.0,447019.0,986.2,1001.8,981.3,986.2,120049500,1084.8,887.6,1102.5,649.1,997.1,540,1,997.0,5775,17,996.9,1430,8,996.8,2647,20,996.7,2629,11,997.2,299,2,997.3,318,6,997.4,281,3,997.5,1285,8,997.6,1108,13
317,2025-11-26 10:22:47+05:30,997.2,4,995.15,2907863,333873.0,446755.0,986.2,1001.8,981.3,986.2,120049500,1084.8,887.6,1102.5,649.1,997.1,540,1,997.0,5775,17,996.9,1455,9,996.8,2624,19,996.7,2753,12,997.2,299,2,997.3,318,6,997.4,281,3,997.5,1285,8,997.6,1108,13
317,2025-11-26 10:22:48+05:30,997.3,44,995.15,2908858,334298.0,447102.0,986.2,1001.8,981.3,986.2,120049500,1084.8,887.6,1102.5,649.1,997.1,810,5,997.0,6415,23,996.9,1753,14,996.8,2629,18,996.7,2701,11,997.3,98,5,997.5,821,2,997.6,707,8,997.7,511,7,997.8,780,13
317,2025-11-26 10:22:49+05:30,997.3,138,995.15,2908858,334298.0,447102.0,986.2,1001.8,981.3,986.2,120049500,1084.8,887.6,1102.5,649.1,997.1,810,5,997.0,6415,23,996.9,1753,14,996.8,2629,18,996.7,2701,11,997.3,98,5,997.5,821,2,997.6,707,8,997.7,511,7,997.8,780,13
317,2025-11-26 10:22:50+05:30,997.1,238,995.15,2909297,331354.0,447090.0,986.2,1001.8,981.3,986.2,120049500,1084.8,887.6,1102.5,649.1,997.0,4504,22,996.9,3270,15,996.8,3334,16,996.7,1229,11,996.6,2401,13,997.2,96,1,997.3,27,1,997.5,821,2,997.6,612,5,997.7,591,9
317,2025-11-26 10:22:50+05:30,997.1,238,995.15,2909297,331354.0,447090.0,986.2,1001.8,981.3,986.2,120049500,1084.8,887.6,1102.5,649.1,997.0,4504,22,996.9,3270,15,996.8,3334,16,996.7,1229,11,996.6,2401,13,997.2,96,1,997.3,27,1,997.5,821,2,997.6,612,5,997.7,591,9
317,2025-11-26 10:22:51+05:30,997.2,1,995.15,2909297,331354.0,447090.0,986.2,1001.8,981.3,986.2,120049500,1084.8,887.6,1102.5,649.1,997.0,4504,22,996.9,3270,15,996.8,3334,16,996.7,1229,11,996.6,2401,13,997.2,96,1,997.3,27,1,997.5,821,2,997.6,612,5,997.7,591,9
317,2025-11-26 10:22:51+05:30,997.2,1,995.15,2910092,335707.0,448096.0,986.2,1001.8,981.3,986.2,120049500,1084.8,887.6,1102.5,649.1,997.1,992,4,997.0,3834,23,996.9,4730,17,996.8,3397,18,996.7,1242,12,997.2,51,1,997.3,27,1,997.5,1021,3,997.6,740,7,997.7,591,9
317,2025-11-26 10:22:52+05:30,997.2,1,995.15,2910092,335707.0,448096.0,986.2,1001.8,981.3,986.2,120049500,1084.8,887.6,1102.5,649.1,997.1,992,4,997.0,3834,23,996.9,4730,17,996.8,3397,18,996.7,1242,12,997.2,51,1,997.3,27,1,997.5,1021,3,997.6,740,7,997.7,591,9
317,2025-11-26 10:22:52+05:30,997.2,1,995.15,2910428,335503.0,448022.0,986.2,1001.8,981.3,986.2,120049500,1084.8,887.6,1102.5,649.1,997.1,718,4,997.0,3883,24,996.9,4730,17,996.8,3397,18,996.7,1242,12,997.2,60,1,997.5,821,2,997.6,740,7,997.7,603,10,997.8,806,15
317,2025-11-26 10:22:53+05:30,997.2,5,995.15,2910428,335503.0,448022.0,986.2,1001.8,981.3,986.2,120049500,1084.8,887.6,1102.5,649.1,997.1,718,4,997.0,3883,24,996.9,4730,17,996.8,3397,18,996.7,1242,12,997.2,60,1,997.5,821,2,997.6,740,7,997.7,603,10,997.8,806,15
317,2025-11-26 10:22:53+05:30,997.2,5,995.15,2910433,335429.0,448008.0,986.2,1001.8,981.3,986.2,120049500,1084.8,887.6,1102.5,649.1,997.1,718,4,997.0,3834,23,996.9,4730,17,996.8,3397,18,996.7,1242,12,997.2,55,1,997.4,2,1,997.5,821,2,997.6,740,7,997.7,591,9
317,2025-11-26 10:22:54+05:30,997.1,62,995.15,2910433,335429.0,448008.0,986.2,1001.8,981.3,986.2,120049500,1084.8,887.6,1102.5,649.1,997.1,718,4,997.0,3834,23,996.9,4730,17,996.8,3397,18,996.7,1242,12,997.2,55,1,997.4,2,1,997.5,821,2,997.6,740,7,997.7,591,9
317,2025-11-26 10:22:54+05:30,997.5,49,995.15,2910729,332750.0,445835.0,986.2,1001.8,981.3,986.2,120049500,1084.8,887.6,1102.5,649.1,997.2,450,1,997.1,504,6,997.0,7391,28,996.9,1729,12,996.8,2648,18,997.5,701,1,997.6,457,3,997.7,256,6,997.8,642,13,997.9,759,10
317,2025-11-26 10:22:55+05:30,997.5,50,995.15,2910729,332750.0,445835.0,986.2,1001.8,981.3,986.2,120049500,1084.8,887.6,1102.5,649.1,997.2,450,1,997.1,504,6,997.0,7391,28,996.9,1729,12,996.8,2648,18,997.5,701,1,997.6,457,3,997.7,256,6,997.8,642,13,997.9,759,10
317,2025-11-26 10:22:55+05:30,997.5,50,995.15,2910779,331985.0,446695.0,986.2,1001.8,981.3,986.2,120049500,1084.8,887.6,1102.5,649.1,997.2,13,1,997.1,2629,8,997.0,5141,25,996.9,1741,13,996.8,2648,18,997.5,651,1,997.6,382,3,997.7,496,8,997.8,537,6,997.9,1244,11
317,2025-11-26 10:22:56+05:30,997.5,50,995.15,2910779,330538.0,446317.0,986.2,1001.8,981.3,986.2,120049500,1084.8,887.6,1102.5,649.1,997.2,13,1,997.1,427,2,997.0,6383,26,996.9,2529,15,996.8,1945,17,997.6,680,6,997.7,572,7,997.8,642,14,997.9,1298,12,998.0,3222,27
317,2025-11-26 10:22:57+05:30,997.5,50,995.15,2910779,330099.0,446302.0,986.2,1001.8,981.3,986.2,120049500,1084.8,887.6,1102.5,649.1,997.2,263,2,997.1,956,4,997.0,5943,26,996.9,1779,14,996.8,1958,18,997.6,680,6,997.7,572,7,997.8,655,15,997.9,1298,12,998.0,3222,27
317,2025-11-26 10:22:58+05:30,997.5,50,995.15,2910779,330867.0,446133.0,986.2,1001.8,981.3,986.2,120049500,1084.8,887.6,1102.5,649.1,997.2,263,2,997.1,1168,6,997.0,5943,26,996.9,1767,13,996.8,2739,20,997.6,355,4,997.7,523,6,997.8,550,8,997.9,1304,15,998.0,3117,26
317,2025-11-26 10:22:59+05:30,997.5,50,995.15,2910779,330900.0,446260.0,986.2,1001.8,981.3,986.2,120049500,1084.8,887.6,1102.5,649.1,997.2,263,2,997.1,1156,5,997.0,5943,26,996.9,1779,14,996.8,2739,20,997.6,257,2,997.7,630,8,997.8,550,8,997.9,1392,19,998.0,3117,26
317,2025-11-26 10:23:00+05:30,997.2,250,995.15,2911042,331334.0,447362.0,986.2,1001.8,981.3,986.2,120049500,1084.8,887.6,1102.5,649.1,997.1,450,1,997.0,3508,19,996.9,3188,14,996.8,3376,16,996.7,1943,13,997.4,96,1,997.5,290,3,997.6,733,8,997.7,537,7,997.8,793,13
317,2025-11-26 10:23:01+05:30,997.1,8,995.15,2911042,331334.0,447362.0,986.2,1001.8,981.3,986.2,120049500,1084.8,887.6,1102.5,649.1,997.1,450,1,997.0,3508,19,996.9,3188,14,996.8,3376,16,996.7,1943,13,997.4,96,1,997.5,290,3,997.6,733,8,997.7,537,7,997.8,793,13
317,2025-11-26 10:23:01+05:30,997.1,119,995.15,2911169,331262.0,447972.0,986.2,1001.8,981.3,986.2,120049500,1084.8,887.6,1102.5,649.1,997.1,323,1,997.0,3306,17,996.9,3754,13,996.8,3332,15,996.7,1249,15,997.4,550,5,997.5,752,8,997.6,893,10,997.7,537,7,997.8,581,11
317,2025-11-26 10:23:02+05:30,997.1,119,995.15,2911169,331262.0,447972.0,986.2,1001.8,981.3,986.2,120049500,1084.8,887.6,1102.5,649.1,997.1,323,1,997.0,3306,17,996.9,3754,13,996.8,3332,15,996.7,1249,15,997.4,550,5,997.5,752,8,997.6,893,10,997.7,537,7,997.8,581,11
317,2025-11-26 10:23:02+05:30,997.1,119,995.15,2911169,332049.0,447991.0,986.2,1001.8,981.3,986.2,120049500,1084.8,887.6,1102.5,649.1,997.1,323,1,997.0,3306,17,996.9,4504,14,996.8,3332,15,996.7,1249,15,997.4,550,5,997.5,752,8,997.6,893,10,997.7,537,7,997.8,581,11
317,2025-11-26 10:23:03+05:30,997.2,340,995.15,2911509,331544.0,447879.0,986.2,1001.8,981.3,986.2,120049500,1084.8,887.6,1102.5,649.1,997.2,410,1,997.1,323,1,997.0,3308,18,996.9,3754,13,996.8,3390,16,997.4,96,1,997.5,400,3,997.6,1046,13,997.7,537,7,997.8,751,10
317,2025-11-26 10:23:04+05:30,997.2,1,995.15,2911509,331544.0,447879.0,986.2,1001.8,981.3,986.2,120049500,1084.8,887.6,1102.5,649.1,997.2,410,1,997.1,323,1,997.0,3308,18,996.9,3754,13,996.8,3390,16,997.4,96,1,997.5,400,3,997.6,1046,13,997.7,537,7,997.8,751,10
317,2025-11-26 10:23:04+05:30,997.2,119,995.15,2911629,333213.0,447504.0,986.2,1001.8,981.3,986.2,120049500,1084.8,887.6,1102.5,649.1,997.2,613,2,997.1,303,2,997.0,6996,24,996.9,1701,14,996.8,2651,15,997.4,96,1,997.5,79,1,997.6,925,10,997.7,537,7,997.8,795,11
317,2025-11-26 10:23:05+05:30,997.2,323,995.15,2911629,333213.0,447504.0,986.2,1001.8,981.3,986.2,120049500,1084.8,887.6,1102.5,649.1,997.2,613,2,997.1,303,2,997.0,6996,24,996.9,1701,14,996.8,2651,15,997.4,96,1,997.5,79,1,997.6,925,10,997.7,537,7,997.8,795,11
317,2025-11-26 10:23:05+05:30,997.2,323,995.15,2912242,333578.0,447187.0,986.2,1001.8,981.3,986.2,120049500,1084.8,887.6,1102.5,649.1,997.1,1,1,997.0,3433,19,996.9,4617,17,996.8,3428,17,996.7,1165,14,997.2,96,1,997.4,2,1,997.5,504,6,997.6,987,11,997.7,643,8
317,2025-11-26 10:23:06+05:30,997.2,4,995.15,2912242,333578.0,447187.0,986.2,1001.8,981.3,986.2,120049500,1084.8,887.6,1102.5,649.1,997.1,1,1,997.0,3433,19,996.9,4617,17,996.8,3428,17,996.7,1165,14,997.2,96,1,997.4,2,1,997.5,504,6,997.6,987,11,997.7,643,8
317,2025-11-26 10:23:06+05:30,997.0,23,995.15,2912458,335382.0,448126.0,986.2,1001.8,981.3,986.2,120049500,1084.8,887.6,1102.5,649.1,997.0,3188,11,996.9,4540,16,996.8,3472,18,996.7,1154,13,996.6,1834,12,997.2,96,1,997.4,293,3,997.5,673,7,997.6,1143,14,997.7,638,7
317,2025-11-26 10:23:07+05:30,997.0,23,995.15,2912458,335382.0,448126.0,986.2,1001.8,981.3,986.2,120049500,1084.8,887.6,1102.5,649.1,997.0,3188,11,996.9,4540,16,996.8,3472,18,996.7,1154,13,996.6,1834,12,997.2,96,1,997.4,293,3,997.5,673,7,997.6,1143,14,997.7,638,7
317,2025-11-26 10:23:07+05:30,997.0,23,995.15,2912458,335459.0,448072.0,986.2,1001.8,981.3,986.2,120049500,1084.8,887.6,1102.5,649.1,997.0,3245,13,996.9,4540,16,996.8,3428,17,996.7,1154,13,996.6,1845,13,997.2,96,1,997.4,293,3,997.5,718,10,997.6,1143,14,997.7,638,7
317,2025-11-26 10:23:08+05:30,997.0,23,995.15,2912458,335304.0,448107.0,986.2,1001.8,981.3,986.2,120049500,1084.8,887.6,1102.5,649.1,997.0,3284,14,996.9,4305,15,996.8,3073,13,996.7,1076,12,996.6,1934,14,997.2,96,1,997.4,369,5,997.5,718,10,997.6,1098,13,997.7,643,8
317,2025-11-26 10:23:09+05:30,997.2,7,995.15,2912465,335682.0,448161.0,986.2,1001.8,981.3,986.2,120049500,1084.8,887.6,1102.5,649.1,997.0,3328,15,996.9,4261,14,996.8,3373,16,996.7,1154,13,996.6,1934,14,997.2,89,1,997.4,395,6,997.5,718,10,997.6,1108,14,997.7,643,8
317,2025-11-26 10:23:10+05:30,997.0,150,995.15,2912465,335682.0,448161.0,986.2,1001.8,981.3,986.2,120049500,1084.8,887.6,1102.5,649.1,997.0,3328,15,996.9,4261,14,996.8,3373,16,996.7,1154,13,996.6,1934,14,997.2,89,1,997.4,395,6,997.5,718,10,997.6,1108,14,997.7,643,8
317,2025-11-26 10:23:10+05:30,997.1,750,995.15,2913463,335864.0,448872.0,986.2,1001.8,981.3,986.2,120049500,1084.8,887.6,1102.5,649.1,997.0,3134,14,996.9,4335,15,996.8,3277,11,996.7,1281,19,996.6,1923,13,997.1,96,1,997.4,646,6,997.5,1006,7,997.6,1160,13,997.7,702,11
317,2025-11-26 10:23:11+05:30,997.1,750,995.15,2913463,335864.0,448872.0,986.2,1001.8,981.3,986.2,120049500,1084.8,887.6,1102.5,649.1,997.0,3134,14,996.9,4335,15,996.8,3277,11,996.7,1281,19,996.6,1923,13,997.1,96,1,997.4,646,6,997.5,1006,7,997.6,1160,13,997.7,702,11
317,2025-11-26 10:23:11+05:30,997.0,238,995.15,2913819,335690.0,448619.0,986.2,1001.8,981.3,986.2,120049500,1084.8,887.6,1102.5,649.1,997.0,2896,14,996.9,4375,16,996.8,3277,11,996.7,1241,18,996.6,1934,14,997.1,75,1,997.4,580,6,997.5,967,9,997.6,1134,11,997.7,702,11
317,2025-11-26 10:23:12+05:30,997.0,238,995.15,2913819,335690.0,448619.0,986.2,1001.8,981.3,986.2,120049500,1084.8,887.6,1102.5,649.1,997.0,2896,14,996.9,4375,16,996.8,3277,11,996.7,1241,18,996.6,1934,14,997.1,75,1,997.4,580,6,997.5,967,9,997.6,1134,11,997.7,702,11
317,2025-11-26 10:23:12+05:30,997.0,238,995.15,2913819,335570.0,448733.0,986.2,1001.8,981.3,986.2,120049500,1084.8,887.6,1102.5,649.1,997.0,2896,14,996.9,4297,15,996.8,3150,9,996.7,1277,19,996.6,1934,14,997.1,75,1,997.3,10,1,997.4,580,6,997.5,482,8,997.6,1151,11
317,2025-11-26 10:23:13+05:30,997.1,70,995.15,2913819,335570.0,448733.0,986.2,1001.8,981.3,986.2,120049500,1084.8,887.6,1102.5,649.1,997.0,2896,14,996.9,4297,15,996.8,3150,9,996.7,1277,19,996.6,1934,14,997.1,75,1,997.3,10,1,997.4,580,6,997.5,482,8,997.6,1151,11
317,2025-11-26 10:23:13+05:30,997.1,70,995.15,2913894,335038.0,448407.0,986.2,1001.8,981.3,986.2,120049500,1084.8,887.6,1102.5,649.1,997.1,112,1,997.0,2936,15,996.9,4369,15,996.8,3277,11,996.7,1271,20,997.3,10,1,997.4,492,5,997.5,682,9,997.6,1016,9,997.7,746,13
317,2025-11-26 10:23:14+05:30,997.3,3,995.15,2913894,335038.0,448407.0,986.2,1001.8,981.3,986.2,120049500,1084.8,887.6,1102.5,649.1,997.1,112,1,997.0,2936,15,996.9,4369,15,996.8,3277,11,996.7,1271,20,997.3,10,1,997.4,492,5,997.5,682,9,997.6,1016,9,997.7,746,13
317,2025-11-26 10:23:15+05:30,997.1,7,995.15,2914016,335708.0,448252.0,986.2,1001.8,981.3,986.2,120049500,1084.8,887.6,1102.5,649.1,997.1,743,1,997.0,3023,17,996.9,4614,17,996.8,3339,12,996.7,1271,20,997.3,7,1,997.4,76,2,997.5,993,10,997.6,1065,13,997.7,676,9
317,2025-11-26 10:23:15+05:30,997.1,7,995.15,2914016,335708.0,448252.0,986.2,1001.8,981.3,986.2,120049500,1084.8,887.6,1102.5,649.1,997.1,743,1,997.0,3023,17,996.9,4614,17,996.8,3339,12,996.7,1271,20,997.3,7,1,997.4,76,2,997.5,993,10,997.6,1065,13,997.7,676,9
317,2025-11-26 10:23:16+05:30,997.1,7,995.15,2914016,335806.0,448265.0,986.2,1001.8,981.3,986.2,120049500,1084.8,887.6,1102.5,649.1,997.1,756,2,997.0,3010,16,996.9,4691,18,996.8,3339,12,996.7,1271,20,997.3,7,1,997.4,76,2,997.5,993,10,997.6,1078,14,997.7,676,9
317,2025-11-26 10:23:17+05:30,997.3,9,995.15,2914016,335806.0,448265.0,986.2,1001.8,981.3,986.2,120049500,1084.8,887.6,1102.5,649.1,997.1,756,2,997.0,3010,16,996.9,4691,18,996.8,3339,12,996.7,1271,20,997.3,7,1,997.4,76,2,997.5,993,10,997.6,1078,14,997.7,676,9
317,2025-11-26 10:23:17+05:30,997.3,9,995.15,2914025,335806.0,448263.0,986.2,1001.8,981.3,986.2,120049500,1084.8,887.6,1102.5,649.1,997.1,756,2,997.0,3010,16,996.9,4691,18,996.8,3339,12,996.7,1271,20,997.3,10,1,997.4,76,2,997.5,993,10,997.6,1078,14,997.7,676,9
317,2025-11-26 10:23:18+05:30,997.3,16,995.15,2914025,335806.0,448263.0,986.2,1001.8,981.3,986.2,120049500,1084.8,887.6,1102.5,649.1,997.1,756,2,997.0,3010,16,996.9,4691,18,996.8,3339,12,996.7,1271,20,997.3,10,1,997.4,76,2,997.5,993,10,997.6,1078,14,997.7,676,9
317,2025-11-26 10:23:18+05:30,997.3,16,995.15,2914041,337266.0,448263.0,986.2,1001.8,981.3,986.2,120049500,1084.8,887.6,1102.5,649.1,997.1,771,3,997.0,3010,16,996.9,4565,16,996.8,3339,12,996.7,1271,20,997.2,250,1,997.3,10,1,997.4,76,2,997.5,993,10,997.6,828,13
317,2025-11-26 10:23:19+05:30,997.2,44,995.15,2914041,337266.0,448263.0,986.2,1001.8,981.3,986.2,120049500,1084.8,887.6,1102.5,649.1,997.1,771,3,997.0,3010,16,996.9,4565,16,996.8,3339,12,996.7,1271,20,997.2,250,1,997.3,10,1,997.4,76,2,997.5,993,10,997.6,828,13
317,2025-11-26 10:23:19+05:30,997.2,44,995.15,2914085,337462.0,448241.0,986.2,1001.8,981.3,986.2,120049500,1084.8,887.6,1102.5,649.1,997.1,811,4,997.0,2970,15,996.9,4565,16,996.8,3366,13,996.7,1271,20,997.2,206,1,997.3,10,1,997.4,76,2,997.5,505,9,997.6,807,11
317,2025-11-26 10:23:20+05:30,997.1,15,995.15,2914085,337462.0,448241.0,986.2,1001.8,981.3,986.2,120049500,1084.8,887.6,1102.5,649.1,997.1,811,4,997.0,2970,15,996.9,4565,16,996.8,3366,13,996.7,1271,20,997.2,206,1,997.3,10,1,997.4,76,2,997.5,505,9,997.6,807,11
317,2025-11-26 10:23:20+05:30,997.1,63,995.15,2915297,333642.0,449029.0,986.2,1001.8,981.3,986.2,120049500,1084.8,887.6,1102.5,649.1,997.0,2631,14,996.9,4862,14,996.8,1461,7,996.7,1124,13,996.6,2688,14,997.1,221,2,997.2,273,3,997.3,279,4,997.4,416,4,997.5,693,13
317,2025-11-26 10:23:21+05:30,997.0,10,995.15,2915297,333642.0,449029.0,986.2,1001.8,981.3,986.2,120049500,1084.8,887.6,1102.5,649.1,997.0,2631,14,996.9,4862,14,996.8,1461,7,996.7,1124,13,996.6,2688,14,997.1,221,2,997.2,273,3,997.3,279,4,997.4,416,4,997.5,693,13
317,2025-11-26 10:23:21+05:30,997.0,238,995.15,2915545,333802.0,449271.0,986.2,1001.8,981.3,986.2,120049500,1084.8,887.6,1102.5,649.1,997.0,2483,15,996.9,4862,14,996.8,1310,5,996.7,1037,11,996.6,2688,14,997.1,221,2,997.2,349,4,997.3,392,6,997.4,416,4,997.5,703,14
317,2025-11-26 10:23:22+05:30,997.1,107,995.15,2915545,333802.0,449271.0,986.2,1001.8,981.3,986.2,120049500,1084.8,887.6,1102.5,649.1,997.0,2483,15,996.9,4862,14,996.8,1310,5,996.7,1037,11,996.6,2688,14,997.1,221,2,997.2,349,4,997.3,392,6,997.4,416,4,997.5,703,14
317,2025-11-26 10:23:22+05:30,997.1,115,995.15,2915785,334704.0,449317.0,986.2,1001.8,981.3,986.2,120049500,1084.8,887.6,1102.5,649.1,997.1,617,1,997.0,2496,16,996.9,4862,14,996.8,1550,6,996.7,1093,14,997.2,273,3,997.3,213,4,997.4,653,6,997.5,693,13,997.6,899,11
317,2025-11-26 10:23:23+05:30,997.1,115,995.15,2915785,334704.0,449317.0,986.2,1001.8,981.3,986.2,120049500,1084.8,887.6,1102.5,649.1,997.1,617,1,997.0,2496,16,996.9,4862,14,996.8,1550,6,996.7,1093,14,997.2,273,3,997.3,213,4,997.4,653,6,997.5,693,13,997.6,899,11
317,2025-11-26 10:23:23+05:30,997.1,119,995.15,2915904,334689.0,449484.0,986.2,1001.8,981.3,986.2,120049500,1084.8,887.6,1102.5,649.1,997.1,498,1,997.0,2496,16,996.9,4862,14,996.8,1354,5,996.7,1131,14,997.2,273,3,997.3,125,4,997.4,616,5,997.5,703,14,997.6,909,12
317,2025-11-26 10:23:24+05:30,997.2,5,995.15,2915904,334689.0,449484.0,986.2,1001.8,981.3,986.2,120049500,1084.8,887.6,1102.5,649.1,997.1,498,1,997.0,2496,16,996.9,4862,14,996.8,1354,5,996.7,1131,14,997.2,273,3,997.3,125,4,997.4,616,5,997.5,703,14,997.6,909,12
317,2025-11-26 10:23:24+05:30,997.2,5,995.15,2915909,332654.0,449977.0,986.2,1001.8,981.3,986.2,120049500,1084.8,887.6,1102.5,649.1,997.1,13,1,997.0,1304,12,996.9,1576,10,996.8,834,5,996.7,4434,15,997.2,268,3,997.3,292,5,997.4,658,7,997.5,606,9,997.6,850,13
317,2025-11-26 10:23:25+05:30,997.0,37,995.15,2915959,332670.0,450196.0,986.2,1001.8,981.3,986.2,120049500,1084.8,887.6,1102.5,649.1,997.0,1267,12,996.9,1576,10,996.8,920,7,996.7,4428,14,996.6,3131,16,997.2,268,3,997.3,255,4,997.4,684,9,997.5,643,10,997.6,852,13
317,2025-11-26 10:23:26+05:30,997.0,37,995.15,2915959,332670.0,450196.0,986.2,1001.8,981.3,986.2,120049500,1084.8,887.6,1102.5,649.1,997.0,1267,12,996.9,1576,10,996.8,920,7,996.7,4428,14,996.6,3131,16,997.2,268,3,997.3,255,4,997.4,684,9,997.5,643,10,997.6,852,13
317,2025-11-26 10:23:27+05:30,997.2,1,995.15,2915960,333291.0,450298.0,986.2,1001.8,981.3,986.2,120049500,1084.8,887.6,1102.5,649.1,997.0,1267,12,996.9,1526,7,996.8,759,4,996.7,5171,16,996.6,3094,15,997.2,314,4,997.3,577,9,997.4,670,8,997.5,596,8,997.6,832,11
317,2025-11-26 10:23:27+05:30,997.2,1,995.15,2915960,333291.0,450298.0,986.2,1001.8,981.3,986.2,120049500,1084.8,887.6,1102.5,649.1,997.0,1267,12,996.9,1526,7,996.8,759,4,996.7,5171,16,996.6,3094,15,997.2,314,4,997.3,577,9,997.4,670,8,997.5,596,8,997.6,832,11
317,2025-11-26 10:23:28+05:30,997.0,1,995.15,2915961,332747.0,450500.0,986.2,1001.8,981.3,986.2,120049500,1084.8,887.6,1102.5,649.1,997.0,1266,12,996.9,1526,7,996.8,759,4,996.7,4471,16,996.6,3251,16,997.2,314,4,997.3,577,9,997.4,670,8,997.5,596,8,997.6,832,11
317,2025-11-26 10:23:28+05:30,997.0,1,995.15,2915961,332747.0,450500.0,986.2,1001.8,981.3,986.2,120049500,1084.8,887.6,1102.5,649.1,997.0,1266,12,996.9,1526,7,996.8,759,4,996.7,4471,16,996.6,3251,16,997.2,314,4,997.3,577,9,997.4,670,8,997.5,596,8,997.6,832,11
317,2025-11-26 10:23:29+05:30,997.0,1,995.15,2915961,333842.0,451229.0,986.2,1001.8,981.3,986.2,120049500,1084.8,887.6,1102.5,649.1,997.0,1266,12,996.9,1526,7,996.8,759,4,996.7,5295,18,996.6,4751,18,997.2,267,3,997.3,454,7,997.4,642,7,997.5,596,8,997.6,1034,12
317,2025-11-26 10:23:30+05:30,997.0,1,995.15,2915961,334568.0,451734.0,986.2,1001.8,981.3,986.2,120049500,1084.8,887.6,1102.5,649.1,997.0,1266,12,996.9,1526,7,996.8,727,4,996.7,5240,17,996.6,4842,18,997.1,96,1,997.2,317,4,997.3,480,9,997.4,616,5,997.5,701,9
317,2025-11-26 10:23:31+05:30,997.1,5,995.15,2915961,334568.0,451734.0,986.2,1001.8,981.3,986.2,120049500,1084.8,887.6,1102.5,649.1,997.0,1266,12,996.9,1526,7,996.8,727,4,996.7,5240,17,996.6,4842,18,997.1,96,1,997.2,317,4,997.3,480,9,997.4,616,5,997.5,701,9
317,2025-11-26 10:23:31+05:30,997.1,5,995.15,2915984,334318.0,451792.0,986.2,1001.8,981.3,986.2,120049500,1084.8,887.6,1102.5,649.1,997.0,1258,12,996.9,1526,7,996.8,302,1,996.7,5240,17,996.6,3342,16,997.1,81,1,997.2,317,4,997.3,527,8,997.4,748,13,997.5,671,7
317,2025-11-26 10:23:32+05:30,997.1,5,995.15,2915984,331873.0,451477.0,986.2,1001.8,981.3,986.2,120049500,1084.8,887.6,1102.5,649.1,997.0,1258,12,996.9,1028,6,996.8,571,2,996.7,2990,14,996.6,4842,18,997.1,81,1,997.2,317,4,997.3,525,8,997.4,721,12,997.5,671,7
317,2025-11-26 10:23:33+05:30,997.1,5,995.15,2915984,333633.0,450685.0,986.2,1001.8,981.3,986.2,120049500,1084.8,887.6,1102.5,649.1,997.0,1258,12,996.9,1599,8,996.8,1708,7,996.7,5443,22,996.6,1989,13,997.1,237,2,997.2,335,4,997.3,12,2,997.4,637,6,997.5,671,7
317,2025-11-26 10:23:34+05:30,997.1,1,995.15,2915984,333633.0,450685.0,986.2,1001.8,981.3,986.2,120049500,1084.8,887.6,1102.5,649.1,997.0,1258,12,996.9,1599,8,996.8,1708,7,996.7,5443,22,996.6,1989,13,997.1,237,2,997.2,335,4,997.3,12,2,997.4,637,6,997.5,671,7
317,2025-11-26 10:23:34+05:30,997.1,1,995.15,2916097,335716.0,451042.0,986.2,1001.8,981.3,986.2,120049500,1084.8,887.6,1102.5,649.1,997.0,1258,12,996.9,1724,9,996.8,2108,8,996.7,5347,18,996.6,3574,18,997.1,220,2,997.2,335,4,997.3,243,4,997.4,728,11,997.5,699,9
317,2025-11-26 10:23:35+05:30,997.0,2,995.15,2916097,335716.0,451042.0,986.2,1001.8,981.3,986.2,120049500,1084.8,887.6,1102.5,649.1,997.0,1258,12,996.9,1724,9,996.8,2108,8,996.7,5347,18,996.6,3574,18,997.1,220,2,997.2,335,4,997.3,243,4,997.4,728,11,997.5,699,9
317,2025-11-26 10:23:35+05:30,997.0,1,995.15,2918404,331903.0,451851.0,986.2,1001.8,981.3,986.2,120049500,1084.8,887.6,1102.5,649.1,997.0,145,4,996.9,1526,7,996.8,611,4,996.7,5190,16,996.6,3397,19,997.2,240,2,997.3,243,4,997.4,675,7,997.5,686,8,997.6,855,14
317,2025-11-26 10:23:36+05:30,996.9,34,995.15,2918404,331903.0,451851.0,986.2,1001.8,981.3,986.2,120049500,1084.8,887.6,1102.5,649.1,997.0,145,4,996.9,1526,7,996.8,611,4,996.7,5190,16,996.6,3397,19,997.2,240,2,997.3,243,4,997.4,675,7,997.5,686,8,997.6,855,14
317,2025-11-26 10:23:36+05:30,996.9,34,995.15,2918932,328881.0,452923.0,986.2,1001.8,981.3,986.2,120049500,1084.8,887.6,1102.5,649.1,996.9,172,2,996.8,1323,4,996.7,988,9,996.6,4951,18,996.5,3651,19,997.2,275,3,997.3,319,6,997.4,626,6,997.5,893,10,997.6,940,17
317,2025-11-26 10:23:37+05:30,997.2,6,995.15,2918938,328664.0,453035.0,986.2,1001.8,981.3,986.2,120049500,1084.8,887.6,1102.5,649.1,996.9,683,4,996.8,1054,3,996.7,1924,8,996.6,4284,18,996.5,2901,18,997.2,534,5,997.3,482,9,997.4,636,7,997.5,766,12,997.6,1289,14
317,2025-11-26 10:23:38+05:30,997.0,1,995.15,2918938,328664.0,453035.0,986.2,1001.8,981.3,986.2,120049500,1084.8,887.6,1102.5,649.1,996.9,683,4,996.8,1054,3,996.7,1924,8,996.6,4284,18,996.5,2901,18,997.2,534,5,997.3,482,9,997.4,636,7,997.5,766,12,997.6,1289,14
317,2025-11-26 10:23:38+05:30,997.0,1,995.15,2918939,331422.0,454086.0,986.2,1001.8,981.3,986.2,120049500,1084.8,887.6,1102.5,649.1,996.9,1399,5,996.8,536,4,996.7,3845,13,996.6,3339,15,996.5,2952,19,997.0,9,1,997.2,499,4,997.3,379,7,997.4,779,9,997.5,801,13
317,2025-11-26 10:23:39+05:30,996.9,20,995.15,2918939,331422.0,454086.0,986.2,1001.8,981.3,986.2,120049500,1084.8,887.6,1102.5,649.1,996.9,1399,5,996.8,536,4,996.7,3845,13,996.6,3339,15,996.5,2952,19,997.0,9,1,997.2,499,4,997.3,379,7,997.4,779,9,997.5,801,13
317,2025-11-26 10:23:39+05:30,997.0,9,995.15,2918983,331399.0,453696.0,986.2,1001.8,981.3,986.2,120049500,1084.8,887.6,1102.5,649.1,997.0,1205,2,996.9,452,4,996.8,5611,11,996.7,1700,11,996.6,2475,14,997.2,234,2,997.3,279,4,997.4,696,8,997.5,750,11,997.6,1470,16
317,2025-11-26 10:23:40+05:30,997.0,132,995.15,2918983,331399.0,453696.0,986.2,1001.8,981.3,986.2,120049500,1084.8,887.6,1102.5,649.1,997.0,1205,2,996.9,452,4,996.8,5611,11,996.7,1700,11,996.6,2475,14,997.2,234,2,997.3,279,4,997.4,696,8,997.5,750,11,997.6,1470,16
317,2025-11-26 10:23:41+05:30,997.1,44,995.15,2919159,331937.0,453797.0,986.2,1001.8,981.3,986.2,120049500,1084.8,887.6,1102.5,649.1,997.0,1086,3,996.9,439,3,996.8,5636,11,996.7,1640,12,996.6,2453,14,997.1,52,1,997.2,280,3,997.3,350,5,997.4,682,7,997.5,803,13
317,2025-11-26 10:23:41+05:30,997.1,44,995.15,2919159,331937.0,453797.0,986.2,1001.8,981.3,986.2,120049500,1084.8,887.6,1102.5,649.1,997.0,1086,3,996.9,439,3,996.8,5636,11,996.7,1640,12,996.6,2453,14,997.1,52,1,997.2,280,3,997.3,350,5,997.4,682,7,997.5,803,13
317,2025-11-26 10:23:42+05:30,997.1,44,995.15,2919159,332029.0,454040.0,986.2,1001.8,981.3,986.2,120049500,1084.8,887.6,1102.5,649.1,997.0,1086,3,996.9,439,3,996.8,5731,12,996.7,1640,12,996.6,2522,15,997.1,52,1,997.2,280,3,997.3,350,5,997.4,682,7,997.5,803,13
317,2025-11-26 10:23:43+05:30,997.1,99,995.15,2919159,332029.0,454040.0,986.2,1001.8,981.3,986.2,120049500,1084.8,887.6,1102.5,649.1,997.0,1086,3,996.9,439,3,996.8,5731,12,996.7,1640,12,996.6,2522,15,997.1,52,1,997.2,280,3,997.3,350,5,997.4,682,7,997.5,803,13
317,2025-11-26 10:23:43+05:30,997.1,99,995.15,2919258,331175.0,454229.0,986.2,1001.8,981.3,986.2,120049500,1084.8,887.6,1102.5,649.1,997.0,1096,5,996.9,439,3,996.8,5731,12,996.7,1505,9,996.6,2522,15,997.1,96,1,997.2,351,4,997.3,350,5,997.4,647,6,997.5,835,14
317,2025-11-26 10:23:44+05:30,997.1,357,995.15,2919258,331175.0,454229.0,986.2,1001.8,981.3,986.2,120049500,1084.8,887.6,1102.5,649.1,997.0,1096,5,996.9,439,3,996.8,5731,12,996.7,1505,9,996.6,2522,15,997.1,96,1,997.2,351,4,997.3,350,5,997.4,647,6,997.5,835,14
317,2025-11-26 10:23:44+05:30,997.1,3,995.16,2919618,331493.0,453824.0,986.2,1001.8,981.3,986.2,120049500,1084.8,887.6,1102.5,649.1,997.0,1489,5,996.9,441,4,996.8,5876,15,996.7,1561,9,996.6,1699,13,997.1,93,1,997.2,236,3,997.3,277,3,997.4,616,5,997.5,771,12
317,2025-11-26 10:23:45+05:30,997.2,30,995.16,2919618,331493.0,453824.0,986.2,1001.8,981.3,986.2,120049500,1084.8,887.6,1102.5,649.1,997.0,1489,5,996.9,441,4,996.8,5876,15,996.7,1561,9,996.6,1699,13,997.1,93,1,997.2,236,3,997.3,277,3,997.4,616,5,997.5,771,12
317,2025-11-26 10:23:45+05:30,997.2,30,995.16,2920652,331032.0,455045.0,986.2,1001.8,981.3,986.2,120049500,1084.8,887.6,1102.5,649.1,997.0,540,2,996.9,439,3,996.8,5687,12,996.7,1045,5,996.6,2398,13,997.2,672,9,997.3,565,8,997.4,647,7,997.5,749,11,997.6,1046,17
317,2025-11-26 10:23:46+05:30,997.2,45,995.16,2920652,331032.0,455045.0,986.2,1001.8,981.3,986.2,120049500,1084.8,887.6,1102.5,649.1,997.0,540,2,996.9,439,3,996.8,5687,12,996.7,1045,5,996.6,2398,13,997.2,672,9,997.3,565,8,997.4,647,7,997.5,749,11,997.6,1046,17
317,2025-11-26 10:23:46+05:30,997.2,44,995.16,2920741,331102.0,454305.0,986.2,1001.8,981.3,986.2,120049500,1084.8,887.6,1102.5,649.1,997.0,540,2,996.9,439,3,996.8,5696,13,996.7,1311,7,996.6,2398,13,997.2,163,4,997.3,523,6,997.4,1253,10,997.5,767,10,997.6,1018,15
317,2025-11-26 10:23:47+05:30,997.0,65,995.16,2920741,331102.0,454305.0,986.2,1001.8,981.3,986.2,120049500,1084.8,887.6,1102.5,649.1,997.0,540,2,996.9,439,3,996.8,5696,13,996.7,1311,7,996.6,2398,13,997.2,163,4,997.3,523,6,997.4,1253,10,997.5,767,10,997.6,1018,15
317,2025-11-26 10:23:47+05:30,997.2,24,995.16,2921060,330348.0,453433.0,986.2,1001.8,981.3,986.2,120049500,1084.8,887.6,1102.5,649.1,997.0,349,3,996.9,439,3,996.8,5687,12,996.7,1337,9,996.6,2553,13,997.3,553,7,997.4,695,9,997.5,1102,8,997.6,822,14,997.7,701,10
317,2025-11-26 10:23:48+05:30,997.0,132,995.16,2921060,330348.0,453433.0,986.2,1001.8,981.3,986.2,120049500,1084.8,887.6,1102.5,649.1,997.0,349,3,996.9,439,3,996.8,5687,12,996.7,1337,9,996.6,2553,13,997.3,553,7,997.4,695,9,997.5,1102,8,997.6,822,14,997.7,701,10
317,2025-11-26 10:23:48+05:30,997.0,132,995.16,2921192,330091.0,453929.0,986.2,1001.8,981.3,986.2,120049500,1084.8,887.6,1102.5,649.1,997.1,29,1,997.0,225,5,996.9,439,3,996.8,4937,11,996.7,1337,9,997.2,214,5,997.3,543,6,997.4,823,12,997.5,1262,10,997.6,818,14
317,2025-11-26 10:23:49+05:30,997.0,132,995.16,2921192,330076.0,454162.0,986.2,1001.8,981.3,986.2,120049500,1084.8,887.6,1102.5,649.1,997.1,29,1,997.0,225,5,996.9,439,3,996.8,5687,12,996.7,1386,10,997.3,543,6,997.4,846,12,997.5,1287,11,997.6,1023,16,997.7,711,11
317,2025-11-26 10:23:50+05:30,997.2,107,995.16,2921299,331043.0,453627.0,986.2,1001.8,981.3,986.2,120049500,1084.8,887.6,1102.5,649.1,997.1,29,1,997.0,975,6,996.9,432,4,996.8,5687,12,996.7,3066,15,997.2,259,2,997.3,196,1,997.4,778,8,997.5,1212,7,997.6,1081,19
317,2025-11-26 10:23:51+05:30,997.2,107,995.16,2921299,331043.0,453627.0,986.2,1001.8,981.3,986.2,120049500,1084.8,887.6,1102.5,649.1,997.1,29,1,997.0,975,6,996.9,432,4,996.8,5687,12,996.7,3066,15,997.2,259,2,997.3,196,1,997.4,778,8,997.5,1212,7,997.6,1081,19
317,2025-11-26 10:23:52+05:30,997.2,1,995.16,2921301,331248.0,453676.0,986.2,1001.8,981.3,986.2,120049500,1084.8,887.6,1102.5,649.1,997.1,28,1,997.0,975,6,996.9,403,3,996.8,5716,13,996.7,3066,15,997.2,258,2,997.3,196,1,997.4,778,8,997.5,1262,9,997.6,1081,19
317,2025-11-26 10:23:52+05:30,997.2,1,995.16,2921301,331248.0,453676.0,986.2,1001.8,981.3,986.2,120049500,1084.8,887.6,1102.5,649.1,997.1,28,1,997.0,975,6,996.9,403,3,996.8,5716,13,996.7,3066,15,997.2,258,2,997.3,196,1,997.4,778,8,997.5,1262,9,997.6,1081,19
317,2025-11-26 10:23:53+05:30,997.2,1,995.16,2921301,331264.0,453763.0,986.2,1001.8,981.3,986.2,120049500,1084.8,887.6,1102.5,649.1,997.1,41,2,997.0,975,6,996.9,403,3,996.8,5745,14,996.7,3066,15,997.2,258,2,997.3,264,2,997.4,778,8,997.5,743,7,997.6,1081,19
317,2025-11-26 10:23:53+05:30,997.2,54,995.16,2921301,331264.0,453763.0,986.2,1001.8,981.3,986.2,120049500,1084.8,887.6,1102.5,649.1,997.1,41,2,997.0,975,6,996.9,403,3,996.8,5745,14,996.7,3066,15,997.2,258,2,997.3,264,2,997.4,778,8,997.5,743,7,997.6,1081,19
317,2025-11-26 10:23:54+05:30,997.2,54,995.16,2921413,331657.0,453425.0,986.2,1001.8,981.3,986.2,120049500,1084.8,887.6,1102.5,649.1,997.1,41,2,997.0,975,6,996.9,558,5,996.8,6229,17,996.7,3066,15,997.2,205,2,997.4,701,7,997.5,714,6,997.6,1110,20,997.7,1188,12
317,2025-11-26 10:23:55+05:30,997.1,13,995.16,2921413,331657.0,453425.0,986.2,1001.8,981.3,986.2,120049500,1084.8,887.6,1102.5,649.1,997.1,41,2,997.0,975,6,996.9,558,5,996.8,6229,17,996.7,3066,15,997.2,205,2,997.4,701,7,997.5,714,6,997.6,1110,20,997.7,1188,12
317,2025-11-26 10:23:55+05:30,997.1,13,995.16,2921454,332511.0,454087.0,986.2,1001.8,981.3,986.2,120049500,1084.8,887.6,1102.5,649.1,997.0,1119,7,996.9,587,6,996.8,6185,16,996.7,3280,16,996.6,842,10,997.1,22,1,997.2,146,1,997.4,769,8,997.5,824,7,997.6,1081,19
317,2025-11-26 10:23:56+05:30,997.0,50,995.16,2921454,332511.0,454087.0,986.2,1001.8,981.3,986.2,120049500,1084.8,887.6,1102.5,649.1,997.0,1119,7,996.9,587,6,996.8,6185,16,996.7,3280,16,996.6,842,10,997.1,22,1,997.2,146,1,997.4,769,8,997.5,824,7,997.6,1081,19
317,2025-11-26 10:23:56+05:30,997.0,50,995.16,2921504,332995.0,454087.0,986.2,1001.8,981.3,986.2,120049500,1084.8,887.6,1102.5,649.1,997.0,1086,8,996.9,587,6,996.8,6415,18,996.7,3336,18,996.6,920,11,997.1,22,1,997.2,146,1,997.4,769,8,997.5,824,7,997.6,1052,18
317,2025-11-26 10:23:57+05:30,997.0,50,995.16,2921504,332995.0,454087.0,986.2,1001.8,981.3,986.2,120049500,1084.8,887.6,1102.5,649.1,997.0,1086,8,996.9,587,6,996.8,6415,18,996.7,3336,18,996.6,920,11,997.1,22,1,997.2,146,1,997.4,769,8,997.5,824,7,997.6,1052,18
317,2025-11-26 10:23:58+05:30,997.8,14,995.16,2921504,332995.0,454087.0,986.2,1001.8,981.3,986.2,120049500,1084.8,887.6,1102.5,649.1,997.0,1086,8,996.9,587,6,996.8,6415,18,996.7,3336,18,996.6,920,11,997.1,22,1,997.2,146,1,997.4,769,8,997.5,824,7,997.6,1052,18
317,2025-11-26 10:23:58+05:30,997.8,14,995.16,2922960,333360.0,446009.0,986.2,1001.8,981.3,986.2,120049500,1084.8,887.6,1102.5,649.1,997.4,94,2,997.3,378,5,997.2,1322,8,997.1,3635,11,997.0,4282,17,997.8,87,1,997.9,226,4,998.0,2484,21,998.1,1529,14,998.2,1143,15
317,2025-11-26 10:23:59+05:30,997.7,100,995.16,2922960,333360.0,446009.0,986.2,1001.8,981.3,986.2,120049500,1084.8,887.6,1102.5,649.1,997.4,94,2,997.3,378,5,997.2,1322,8,997.1,3635,11,997.0,4282,17,997.8,87,1,997.9,226,4,998.0,2484,21,998.1,1529,14,998.2,1143,15
317,2025-11-26 10:23:59+05:30,997.7,100,995.16,2923060,332194.0,450261.0,986.2,1001.8,981.3,986.2,120049500,1084.8,887.6,1102.5,649.1,997.4,29,1,997.3,462,7,997.2,2294,10,997.1,5031,14,997.0,2226,16,997.7,449,1,997.8,87,1,997.9,750,5,998.0,2402,21,998.1,1013,10
317,2025-11-26 10:24:00+05:30,997.2,6,995.16,2923060,332194.0,450261.0,986.2,1001.8,981.3,986.2,120049500,1084.8,887.6,1102.5,649.1,997.4,29,1,997.3,462,7,997.2,2294,10,997.1,5031,14,997.0,2226,16,997.7,449,1,997.8,87,1,997.9,750,5,998.0,2402,21,998.1,1013,10
317,2025-11-26 10:24:00+05:30,997.2,6,995.16,2923456,331857.0,452968.0,986.2,1001.8,981.3,986.2,120049500,1084.8,887.6,1102.5,649.1,997.2,2567,7,997.1,1647,9,997.0,4736,17,996.9,1742,11,996.8,2806,21,997.4,46,1,997.7,606,6,997.8,1108,11,997.9,1412,12,998.0,2668,26
317,2025-11-26 10:24:01+05:30,997.2,8,995.16,2923456,331857.0,452968.0,986.2,1001.8,981.3,986.2,120049500,1084.8,887.6,1102.5,649.1,997.2,2567,7,997.1,1647,9,997.0,4736,17,996.9,1742,11,996.8,2806,21,997.4,46,1,997.7,606,6,997.8,1108,11,997.9,1412,12,998.0,2668,26
317,2025-11-26 10:24:01+05:30,997.2,8,995.16,2923489,333715.0,452249.0,986.2,1001.8,981.3,986.2,120049500,1084.8,887.6,1102.5,649.1,997.2,2636,9,997.1,1619,8,997.0,5512,20,996.9,1742,11,996.8,2817,21,997.4,21,1,997.7,547,4,997.8,1041,10,997.9,858,10,998.0,2667,26
317,2025-11-26 10:24:02+05:30,997.2,8,995.16,2923489,333715.0,452282.0,986.2,1001.8,981.3,986.2,120049500,1084.8,887.6,1102.5,649.1,997.2,2636,9,997.1,1619,8,997.0,5512,20,996.9,1742,11,996.8,2817,21,997.4,21,1,997.7,547,4,997.8,1044,11,997.9,858,10,998.0,2667,26
317,2025-11-26 10:24:03+05:30,997.2,8,995.16,2923489,334628.0,452252.0,986.2,1001.8,981.3,986.2,120049500,1084.8,887.6,1102.5,649.1,997.2,2636,9,997.1,1619,8,997.0,5716,21,996.9,1849,12,996.8,2817,21,997.4,21,1,997.7,547,4,997.8,1044,11,997.9,858,10,998.0,2667,26
317,2025-11-26 10:24:04+05:30,997.4,67,995.16,2923577,334822.0,452389.0,986.2,1001.8,981.3,986.2,120049500,1084.8,887.6,1102.5,649.1,997.2,2520,7,997.1,1618,8,997.0,5716,21,996.9,1849,12,996.8,2817,21,997.4,46,1,997.7,454,3,997.8,838,8,997.9,1422,9,998.0,2629,24
317,2025-11-26 10:24:05+05:30,997.3,104,995.16,2923577,334822.0,452389.0,986.2,1001.8,981.3,986.2,120049500,1084.8,887.6,1102.5,649.1,997.2,2520,7,997.1,1618,8,997.0,5716,21,996.9,1849,12,996.8,2817,21,997.4,46,1,997.7,454,3,997.8,838,8,997.9,1422,9,998.0,2629,24
317,2025-11-26 10:24:05+05:30,997.3,104,995.16,2924049,332478.0,451754.0,986.2,1001.8,981.3,986.2,120049500,1084.8,887.6,1102.5,649.1,997.2,2104,6,997.1,3622,13,997.0,3944,19,996.9,1751,12,996.8,2047,19,997.5,294,1,997.7,454,3,997.8,1108,11,997.9,842,8,998.0,2698,26
317,2025-11-26 10:24:06+05:30,997.3,14,995.16,2924049,332478.0,451754.0,986.2,1001.8,981.3,986.2,120049500,1084.8,887.6,1102.5,649.1,997.2,2104,6,997.1,3622,13,997.0,3944,19,996.9,1751,12,996.8,2047,19,997.5,294,1,997.7,454,3,997.8,1108,11,997.9,842,8,998.0,2698,26
317,2025-11-26 10:24:06+05:30,997.3,14,995.16,2924068,333996.0,452156.0,986.2,1001.8,981.3,986.2,120049500,1084.8,887.6,1102.5,649.1,997.3,1382,2,997.2,1038,6,997.1,5570,15,997.0,2442,18,996.9,1725,10,997.5,289,1,997.7,454,3,997.8,1108,11,997.9,868,10,998.0,2672,24
317,2025-11-26 10:24:07+05:30,997.5,20,995.16,2924088,334031.0,452191.0,986.2,1001.8,981.3,986.2,120049500,1084.8,887.6,1102.5,649.1,997.3,1434,4,997.2,1038,6,997.1,5570,15,997.0,2425,17,996.9,1725,10,997.5,269,1,997.7,454,3,997.8,1148,13,997.9,878,11,998.0,2677,25
317,2025-11-26 10:24:08+05:30,997.5,242,995.16,2924088,334031.0,452191.0,986.2,1001.8,981.3,986.2,120049500,1084.8,887.6,1102.5,649.1,997.3,1434,4,997.2,1038,6,997.1,5570,15,997.0,2425,17,996.9,1725,10,997.5,269,1,997.7,454,3,997.8,1148,13,997.9,878,11,998.0,2677,25
317,2025-11-26 10:24:08+05:30,997.5,242,995.16,2924330,333950.0,452046.0,986.2,1001.8,981.3,986.2,120049500,1084.8,887.6,1102.5,649.1,997.3,778,5,997.2,1834,8,997.1,5800,16,997.0,2221,16,996.9,1725,10,997.5,27,1,997.7,454,3,997.8,883,10,997.9,1446,12,998.0,2646,24
317,2025-11-26 10:24:09+05:30,997.4,87,995.16,2924330,333950.0,452046.0,986.2,1001.8,981.3,986.2,120049500,1084.8,887.6,1102.5,649.1,997.3,778,5,997.2,1834,8,997.1,5800,16,997.0,2221,16,996.9,1725,10,997.5,27,1,997.7,454,3,997.8,883,10,997.9,1446,12,998.0,2646,24
317,2025-11-26 10:24:09+05:30,998.5,44,995.17,2934322,339402.0,433319.0,986.2,1001.8,981.3,986.2,120049500,1084.8,887.6,1102.5,649.1,998.1,212,2,998.0,386,9,997.9,682,3,997.8,982,4,997.7,3423,9,998.5,104,4,998.6,921,4,998.7,556,6,998.8,1052,9,998.9,1197,11
317,2025-11-26 10:24:10+05:30,998.0,529,995.17,2934322,339402.0,433319.0,986.2,1001.8,981.3,986.2,120049500,1084.8,887.6,1102.5,649.1,998.1,212,2,998.0,386,9,997.9,682,3,997.8,982,4,997.7,3423,9,998.5,104,4,998.6,921,4,998.7,556,6,998.8,1052,9,998.9,1197,11
317,2025-11-26 10:24:10+05:30,998.0,67,995.18,2945101,333925.0,442201.0,986.2,1001.8,981.3,986.2,120049500,1084.8,887.6,1102.5,649.1,998.0,131,1,997.7,789,2,997.6,655,4,997.5,4486,13,997.4,825,12,998.1,26,1,998.2,421,8,998.3,1130,7,998.4,877,9,998.5,1253,17
317,2025-11-26 10:24:11+05:30,998.0,21,995.18,2945101,333925.0,442201.0,986.2,1001.8,981.3,986.2,120049500,1084.8,887.6,1102.5,649.1,998.0,131,1,997.7,789,2,997.6,655,4,997.5,4486,13,997.4,825,12,998.1,26,1,998.2,421,8,998.3,1130,7,998.4,877,9,998.5,1253,17
317,2025-11-26 10:24:11+05:30,998.3,339,995.19,2953962,335845.0,438946.0,986.2,1001.8,981.3,986.2,120049500,1084.8,887.6,1102.5,649.1,998.0,50,2,997.8,1156,5,997.7,393,6,997.6,3268,10,997.5,2751,10,998.3,26,1,998.4,654,7,998.5,655,13,998.6,1589,10,998.7,739,13
317,2025-11-26 10:24:12+05:30,998.0,21,995.19,2953962,335845.0,438946.0,986.2,1001.8,981.3,986.2,120049500,1084.8,887.6,1102.5,649.1,998.0,50,2,997.8,1156,5,997.7,393,6,997.6,3268,10,997.5,2751,10,998.3,26,1,998.4,654,7,998.5,655,13,998.6,1589,10,998.7,739,13
317,2025-11-26 10:24:12+05:30,998.0,21,995.19,2956492,336695.0,440588.0,986.2,1001.8,981.3,986.2,120049500,1084.8,887.6,1102.5,649.1,998.0,470,2,997.8,839,3,997.7,458,6,997.6,3192,9,997.5,3084,13,998.3,376,4,998.4,1202,10,998.5,1151,16,998.6,1514,10,998.7,826,15
317,2025-11-26 10:24:13+05:30,998.3,65,995.19,2956492,336695.0,440588.0,986.2,1001.8,981.3,986.2,120049500,1084.8,887.6,1102.5,649.1,998.0,470,2,997.8,839,3,997.7,458,6,997.6,3192,9,997.5,3084,13,998.3,376,4,998.4,1202,10,998.5,1151,16,998.6,1514,10,998.7,826,15
317,2025-11-26 10:24:13+05:30,998.0,26,995.2,2964152,338569.0,442163.0,986.2,1001.8,981.3,986.2,120049500,1084.8,887.6,1102.5,649.1,997.7,2116,7,997.6,1144,11,997.5,4801,12,997.4,1532,13,997.3,666,5,998.0,21,1,998.3,476,5,998.4,1052,9,998.5,921,13,998.6,1698,11
317,2025-11-26 10:24:14+05:30,998.1,21,995.2,2964152,338569.0,442163.0,986.2,1001.8,981.3,986.2,120049500,1084.8,887.6,1102.5,649.1,997.7,2116,7,997.6,1144,11,997.5,4801,12,997.4,1532,13,997.3,666,5,998.0,21,1,998.3,476,5,998.4,1052,9,998.5,921,13,998.6,1698,11
317,2025-11-26 10:24:14+05:30,998.4,2,995.2,2967033,340185.0,438777.0,986.2,1001.8,981.3,986.2,120049500,1084.8,887.6,1102.5,649.1,998.0,104,2,997.9,1432,5,997.8,1559,10,997.7,4991,14,997.6,891,8,998.4,24,1,998.5,1119,11,998.6,1397,11,998.7,1163,16,998.8,1030,12
317,2025-11-26 10:24:15+05:30,998.0,576,995.2,2967033,340185.0,438777.0,986.2,1001.8,981.3,986.2,120049500,1084.8,887.6,1102.5,649.1,998.0,104,2,997.9,1432,5,997.8,1559,10,997.7,4991,14,997.6,891,8,998.4,24,1,998.5,1119,11,998.6,1397,11,998.7,1163,16,998.8,1030,12
317,2025-11-26 10:24:15+05:30,998.3,123,995.21,2974406,339149.0,438174.0,986.2,1001.8,981.3,986.2,120049500,1084.8,887.6,1102.5,649.1,998.0,628,2,997.9,50,1,997.8,1171,5,997.7,2913,12,997.6,2960,11,998.3,26,1,998.4,317,5,998.5,597,10,998.6,1053,8,998.7,876,15
317,2025-11-26 10:24:16+05:30,998.0,21,995.21,2974406,339149.0,438174.0,986.2,1001.8,981.3,986.2,120049500,1084.8,887.6,1102.5,649.1,998.0,628,2,997.9,50,1,997.8,1171,5,997.7,2913,12,997.6,2960,11,998.3,26,1,998.4,317,5,998.5,597,10,998.6,1053,8,998.7,876,15
317,2025-11-26 10:24:16+05:30,997.9,5,995.21,2982849,340918.0,439215.0,986.2,1001.8,981.3,986.2,120049500,1084.8,887.6,1102.5,649.1,998.0,198,1,997.9,987,3,997.8,1473,9,997.7,4690,14,997.6,2500,10,998.3,26,1,998.4,603,4,998.5,805,13,998.6,1409,15,998.7,758,11
317,2025-11-26 10:24:17+05:30,998.0,21,995.21,2982849,340918.0,439215.0,986.2,1001.8,981.3,986.2,120049500,1084.8,887.6,1102.5,649.1,998.0,198,1,997.9,987,3,997.8,1473,9,997.7,4690,14,997.6,2500,10,998.3,26,1,998.4,603,4,998.5,805,13,998.6,1409,15,998.7,758,11
317,2025-11-26 10:24:17+05:30,998.2,26,995.22,2990989,337872.0,440073.0,986.2,1001.8,981.3,986.2,120049500,1084.8,887.6,1102.5,649.1,998.0,198,1,997.8,1730,4,997.7,736,8,997.6,2919,9,997.5,2517,9,998.4,395,6,998.5,720,10,998.6,1443,9,998.7,1798,14,998.8,1558,18
317,2025-11-26 10:24:18+05:30,998.0,21,995.22,2990989,337872.0,440073.0,986.2,1001.8,981.3,986.2,120049500,1084.8,887.6,1102.5,649.1,998.0,198,1,997.8,1730,4,997.7,736,8,997.6,2919,9,997.5,2517,9,998.4,395,6,998.5,720,10,998.6,1443,9,998.7,1798,14,998.8,1558,18
317,2025-11-26 10:24:18+05:30,998.0,1584,995.23,2999793,340436.0,439007.0,986.2,1001.8,981.3,986.2,120049500,1084.8,887.6,1102.5,649.1,998.0,198,1,997.9,1109,4,997.8,1968,13,997.7,4456,14,997.6,2332,10,998.4,116,4,998.5,832,9,998.6,1124,9,998.7,961,13,998.8,1626,12
317,2025-11-26 10:24:19+05:30,998.4,7,995.23,2999793,340436.0,439007.0,986.2,1001.8,981.3,986.2,120049500,1084.8,887.6,1102.5,649.1,998.0,198,1,997.9,1109,4,997.8,1968,13,997.7,4456,14,997.6,2332,10,998.4,116,4,998.5,832,9,998.6,1124,9,998.7,961,13,998.8,1626,12
317,2025-11-26 10:24:19+05:30,998.3,26,995.24,3009283,340746.0,439293.0,986.2,1001.8,981.3,986.2,120049500,1084.8,887.6,1102.5,649.1,998.0,198,1,997.9,1516,4,997.8,1319,9,997.7,4657,16,997.6,2538,16,998.4,2,1,998.5,958,9,998.6,1145,9,998.7,940,11,998.8,1295,17
317,2025-11-26 10:24:20+05:30,998.0,205,995.24,3009283,340746.0,439293.0,986.2,1001.8,981.3,986.2,120049500,1084.8,887.6,1102.5,649.1,998.0,198,1,997.9,1516,4,997.8,1319,9,997.7,4657,16,997.6,2538,16,998.4,2,1,998.5,958,9,998.6,1145,9,998.7,940,11,998.8,1295,17
317,2025-11-26 10:24:20+05:30,998.6,44,995.24,3013280,344496.0,435117.0,986.2,1001.8,981.3,986.2,120049500,1084.8,887.6,1102.5,649.1,998.2,335,5,998.1,1992,10,998.0,2427,14,997.9,4289,14,997.8,2047,11,998.6,295,2,998.7,177,3,998.8,930,4,998.9,716,7,999.0,1840,17
317,2025-11-26 10:24:21+05:30,998.0,1008,995.24,3013280,344496.0,435117.0,986.2,1001.8,981.3,986.2,120049500,1084.8,887.6,1102.5,649.1,998.2,335,5,998.1,1992,10,998.0,2427,14,997.9,4289,14,997.8,2047,11,998.6,295,2,998.7,177,3,998.8,930,4,998.9,716,7,999.0,1840,17
317,2025-11-26 10:24:22+05:30,998.0,21,995.25,3025923,338863.0,439604.0,986.2,1001.8,981.3,986.2,120049500,1084.8,887.6,1102.5,649.1,998.0,198,1,997.9,980,3,997.8,1222,9,997.7,4267,13,997.6,2160,12,998.4,209,4,998.5,1083,6,998.6,827,7,998.7,778,9,998.8,1155,14
317,2025-11-26 10:24:22+05:30,998.0,594,995.25,3025923,338863.0,439604.0,986.2,1001.8,981.3,986.2,120049500,1084.8,887.6,1102.5,649.1,998.0,198,1,997.9,980,3,997.8,1222,9,997.7,4267,13,997.6,2160,12,998.4,209,4,998.5,1083,6,998.6,827,7,998.7,778,9,998.8,1155,14
317,2025-11-26 10:24:23+05:30,997.9,380,995.27,3042921,338282.0,439031.0,986.2,1001.8,981.3,986.2,120049500,1084.8,887.6,1102.5,649.1,998.0,198,1,997.9,1399,5,997.8,673,6,997.7,4347,14,997.6,1426,8,998.5,534,6,998.6,1124,6,998.7,1059,12,998.8,1272,13,998.9,1181,16
317,2025-11-26 10:24:23+05:30,997.9,380,995.27,3042921,338282.0,439031.0,986.2,1001.8,981.3,986.2,120049500,1084.8,887.6,1102.5,649.1,998.0,198,1,997.9,1399,5,997.8,673,6,997.7,4347,14,997.6,1426,8,998.5,534,6,998.6,1124,6,998.7,1059,12,998.8,1272,13,998.9,1181,16
317,2025-11-26 10:24:24+05:30,998.3,3,995.28,3051916,340299.0,439581.0,986.2,1001.8,981.3,986.2,120049500,1084.8,887.6,1102.5,649.1,998.0,501,2,997.9,1253,6,997.8,848,8,997.7,4693,16,997.6,1378,10,998.3,84,1,998.4,415,4,998.5,1030,6,998.6,651,5,998.7,818,10
317,2025-11-26 10:24:24+05:30,998.3,3,995.28,3051916,340299.0,439581.0,986.2,1001.8,981.3,986.2,120049500,1084.8,887.6,1102.5,649.1,998.0,501,2,997.9,1253,6,997.8,848,8,997.7,4693,16,997.6,1378,10,998.3,84,1,998.4,415,4,998.5,1030,6,998.6,651,5,998.7,818,10
317,2025-11-26 10:24:25+05:30,998.3,55,995.28,3051916,340299.0,439581.0,986.2,1001.8,981.3,986.2,120049500,1084.8,887.6,1102.5,649.1,998.0,501,2,997.9,1253,6,997.8,848,8,997.7,4693,16,997.6,1378,10,998.3,84,1,998.4,415,4,998.5,1030,6,998.6,651,5,998.7,818,10
317,2025-11-26 10:24:25+05:30,998.0,21,995.29,3068629,335325.0,439203.0,986.2,1001.8,981.3,986.2,120049500,1084.8,887.6,1102.5,649.1,998.0,198,1,997.9,115,2,997.8,1916,4,997.7,788,7,997.6,1603,8,998.3,194,3,998.4,113,2,998.5,350,3,998.6,1144,6,998.7,1007,16
317,2025-11-26 10:24:26+05:30,998.0,21,995.29,3068629,335325.0,439203.0,986.2,1001.8,981.3,986.2,120049500,1084.8,887.6,1102.5,649.1,998.0,198,1,997.9,115,2,997.8,1916,4,997.7,788,7,997.6,1603,8,998.3,194,3,998.4,113,2,998.5,350,3,998.6,1144,6,998.7,1007,16
317,2025-11-26 10:24:26+05:30,998.0,21,995.3,3078868,337036.0,440928.0,986.2,1001.8,981.3,986.2,120049500,1084.8,887.6,1102.5,649.1,998.0,198,1,997.8,752,2,997.7,2511,8,997.6,3776,13,997.5,1570,8,998.3,142,2,998.4,550,6,998.5,1126,7,998.6,1095,8,998.7,1178,13
317,2025-11-26 10:24:27+05:30,997.9,36,995.3,3078868,337036.0,440928.0,986.2,1001.8,981.3,986.2,120049500,1084.8,887.6,1102.5,649.1,998.0,198,1,997.8,752,2,997.7,2511,8,997.6,3776,13,997.5,1570,8,998.3,142,2,998.4,550,6,998.5,1126,7,998.6,1095,8,998.7,1178,13
317,2025-11-26 10:24:27+05:30,997.9,36,995.3,3083076,336894.0,439805.0,986.2,1001.8,981.3,986.2,120049500,1084.8,887.6,1102.5,649.1,998.0,198,1,997.8,965,4,997.7,1366,8,997.6,3228,14,997.5,2901,11,998.3,55,1,998.4,566,5,998.5,1147,8,998.6,835,8,998.7,1135,14
317,2025-11-26 10:24:28+05:30,998.0,144,995.3,3083076,336894.0,439805.0,986.2,1001.8,981.3,986.2,120049500,1084.8,887.6,1102.5,649.1,998.0,198,1,997.8,965,4,997.7,1366,8,997.6,3228,14,997.5,2901,11,998.3,55,1,998.4,566,5,998.5,1147,8,998.6,835,8,998.7,1135,14
317,2025-11-26 10:24:28+05:30,997.8,1,995.31,3087605,338658.0,442581.0,986.2,1001.8,981.3,986.2,120049500,1084.8,887.6,1102.5,649.1,998.0,198,1,997.8,836,2,997.7,1210,5,997.6,1098,10,997.5,4885,12,998.2,55,1,998.3,259,3,998.4,1072,11,998.5,1550,12,998.6,1211,11
317,2025-11-26 10:24:29+05:30,998.0,123,995.31,3087605,338658.0,442581.0,986.2,1001.8,981.3,986.2,120049500,1084.8,887.6,1102.5,649.1,998.0,198,1,997.8,836,2,997.7,1210,5,997.6,1098,10,997.5,4885,12,998.2,55,1,998.3,259,3,998.4,1072,11,998.5,1550,12,998.6,1211,11
317,2025-11-26 10:24:29+05:30,998.0,21,995.32,3096152,337512.0,440593.0,986.2,1001.8,981.3,986.2,120049500,1084.8,887.6,1102.5,649.1,998.0,217,2,997.8,887,3,997.7,1297,9,997.6,809,9,997.5,4753,11,998.3,55,1,998.4,936,5,998.5,752,7,998.6,747,7,998.7,1097,12
317,2025-11-26 10:24:30+05:30,998.0,1298,995.32,3096152,337512.0,440593.0,986.2,1001.8,981.3,986.2,120049500,1084.8,887.6,1102.5,649.1,998.0,217,2,997.8,887,3,997.7,1297,9,997.6,809,9,997.5,4753,11,998.3,55,1,998.4,936,5,998.5,752,7,998.6,747,7,998.7,1097,12
317,2025-11-26 10:24:30+05:30,998.0,921,995.32,3105026,338891.0,439175.0,986.2,1001.8,981.3,986.2,120049500,1084.8,887.6,1102.5,649.1,998.0,198,1,997.9,175,3,997.8,1892,8,997.7,2741,12,997.6,3335,14,998.4,138,3,998.5,462,5,998.6,1079,9,998.7,803,11,998.8,1246,17
317,2025-11-26 10:24:31+05:30,998.0,1051,995.32,3105026,338891.0,439175.0,986.2,1001.8,981.3,986.2,120049500,1084.8,887.6,1102.5,649.1,998.0,198,1,997.9,175,3,997.8,1892,8,997.7,2741,12,997.6,3335,14,998.4,138,3,998.5,462,5,998.6,1079,9,998.7,803,11,998.8,1246,17
317,2025-11-26 10:24:31+05:30,998.0,21,995.33,3110079,339297.0,439540.0,986.2,1001.8,981.3,986.2,120049500,1084.8,887.6,1102.5,649.1,998.0,304,2,997.9,750,1,997.8,485,7,997.7,4465,12,997.6,1671,10,998.3,17,3,998.4,80,1,998.5,977,5,998.6,802,10,998.7,1048,11
317,2025-11-26 10:24:32+05:30,998.0,144,995.33,3110079,339297.0,439540.0,986.2,1001.8,981.3,986.2,120049500,1084.8,887.6,1102.5,649.1,998.0,304,2,997.9,750,1,997.8,485,7,997.7,4465,12,997.6,1671,10,998.3,17,3,998.4,80,1,998.5,977,5,998.6,802,10,998.7,1048,11
317,2025-11-26 10:24:32+05:30,998.0,100,995.33,3116237,338553.0,437811.0,986.2,1001.8,981.3,986.2,120049500,1084.8,887.6,1102.5,649.1,998.1,86,1,998.0,1166,10,997.9,783,7,997.8,2853,10,997.7,2274,15,998.5,67,1,998.6,356,3,998.7,676,8,998.8,954,11,998.9,1207,15
317,2025-11-26 10:24:33+05:30,998.0,100,995.33,3116237,338553.0,437811.0,986.2,1001.8,981.3,986.2,120049500,1084.8,887.6,1102.5,649.1,998.1,86,1,998.0,1166,10,997.9,783,7,997.8,2853,10,997.7,2274,15,998.5,67,1,998.6,356,3,998.7,676,8,998.8,954,11,998.9,1207,15
317,2025-11-26 10:24:33+05:30,998.7,1,995.33,3116480,339976.0,434423.0,986.2,1001.8,981.3,986.2,120049500,1084.8,887.6,1102.5,649.1,998.4,67,1,998.3,344,5,998.2,1606,10,998.1,1111,10,998.0,2756,11,998.8,113,2,998.9,901,5,999.0,1475,9,999.1,1978,19,999.2,1224,12
317,2025-11-26 10:24:34+05:30,998.2,36,995.33,3116480,339976.0,434423.0,986.2,1001.8,981.3,986.2,120049500,1084.8,887.6,1102.5,649.1,998.4,67,1,998.3,344,5,998.2,1606,10,998.1,1111,10,998.0,2756,11,998.8,113,2,998.9,901,5,999.0,1475,9,999.1,1978,19,999.2,1224,12
317,2025-11-26 10:24:35+05:30,998.7,2,995.34,3118174,339801.0,435611.0,986.2,1001.8,981.3,986.2,120049500,1084.8,887.6,1102.5,649.1,998.3,266,4,998.2,1383,9,998.1,511,5,998.0,2642,11,997.9,3120,13,998.7,225,2,998.8,202,1,998.9,1049,6,999.0,1819,12,999.1,2159,22
317,2025-11-26 10:24:35+05:30,998.7,76,995.34,3118174,339801.0,435611.0,986.2,1001.8,981.3,986.2,120049500,1084.8,887.6,1102.5,649.1,998.3,266,4,998.2,1383,9,998.1,511,5,998.0,2642,11,997.9,3120,13,998.7,225,2,998.8,202,1,998.9,1049,6,999.0,1819,12,999.1,2159,22
317,2025-11-26 10:24:36+05:30,998.5,200,995.34,3119190,340148.0,435539.0,986.2,1001.8,981.3,986.2,120049500,1084.8,887.6,1102.5,649.1,998.3,298,4,998.2,1540,9,998.1,753,8,998.0,2986,10,997.9,2899,13,998.7,483,2,998.8,301,3,998.9,922,5,999.0,1391,8,999.1,2191,22
317,2025-11-26 10:24:36+05:30,998.5,200,995.34,3119190,340148.0,435539.0,986.2,1001.8,981.3,986.2,120049500,1084.8,887.6,1102.5,649.1,998.3,298,4,998.2,1540,9,998.1,753,8,998.0,2986,10,997.9,2899,13,998.7,483,2,998.8,301,3,998.9,922,5,999.0,1391,8,999.1,2191,22
317,2025-11-26 10:24:37+05:30,998.3,29,995.34,3119190,340148.0,435539.0,986.2,1001.8,981.3,986.2,120049500,1084.8,887.6,1102.5,649.1,998.3,298,4,998.2,1540,9,998.1,753,8,998.0,2986,10,997.9,2899,13,998.7,483,2,998.8,301,3,998.9,922,5,999.0,1391,8,999.1,2191,22
317,2025-11-26 10:24:37+05:30,998.3,29,995.34,3119380,340040.0,435440.0,986.2,1001.8,981.3,986.2,120049500,1084.8,887.6,1102.5,649.1,998.3,236,4,998.2,1559,9,998.1,753,8,998.0,3016,10,997.9,2899,13,998.7,458,3,998.8,503,4,998.9,1049,7,999.0,1700,11,999.1,1946,22
317,2025-11-26 10:24:38+05:30,998.7,160,995.34,3119380,340040.0,435440.0,986.2,1001.8,981.3,986.2,120049500,1084.8,887.6,1102.5,649.1,998.3,236,4,998.2,1559,9,998.1,753,8,998.0,3016,10,997.9,2899,13,998.7,458,3,998.8,503,4,998.9,1049,7,999.0,1700,11,999.1,1946,22
317,2025-11-26 10:24:38+05:30,998.7,160,995.34,3119540,340380.0,435081.0,986.2,1001.8,981.3,986.2,120049500,1084.8,887.6,1102.5,649.1,998.3,370,6,998.2,1607,10,998.1,753,8,998.0,2968,9,997.9,2899,13,998.7,277,2,998.8,187,2,998.9,983,6,999.0,1804,11,999.1,1941,21
317,2025-11-26 10:24:39+05:30,998.3,1,995.34,3119540,340380.0,435081.0,986.2,1001.8,981.3,986.2,120049500,1084.8,887.6,1102.5,649.1,998.3,370,6,998.2,1607,10,998.1,753,8,998.0,2968,9,997.9,2899,13,998.7,277,2,998.8,187,2,998.9,983,6,999.0,1804,11,999.1,1941,21
317,2025-11-26 10:24:39+05:30,998.5,20,995.34,3119659,340417.0,434775.0,986.2,1001.8,981.3,986.2,120049500,1084.8,887.6,1102.5,649.1,998.3,344,5,998.2,1686,11,998.1,753,8,998.0,2968,9,997.9,2899,13,998.7,179,2,998.8,187,2,998.9,900,6,999.0,1554,10,999.1,1941,21
317,2025-11-26 10:24:40+05:30,998.3,84,995.34,3119659,340417.0,434775.0,986.2,1001.8,981.3,986.2,120049500,1084.8,887.6,1102.5,649.1,998.3,344,5,998.2,1686,11,998.1,753,8,998.0,2968,9,997.9,2899,13,998.7,179,2,998.8,187,2,998.9,900,6,999.0,1554,10,999.1,1941,21
317,2025-11-26 10:24:40+05:30,998.3,84,995.34,3120933,339759.0,434661.0,986.2,1001.8,981.3,986.2,120049500,1084.8,887.6,1102.5,649.1,998.3,267,5,998.2,1580,9,998.1,609,7,998.0,2889,8,997.9,2899,13,998.7,179,2,998.8,317,3,998.9,1039,7,999.0,1695,11,999.1,2011,23
317,2025-11-26 10:24:41+05:30,998.3,2,995.34,3120933,339759.0,434661.0,986.2,1001.8,981.3,986.2,120049500,1084.8,887.6,1102.5,649.1,998.3,267,5,998.2,1580,9,998.1,609,7,998.0,2889,8,997.9,2899,13,998.7,179,2,998.8,317,3,998.9,1039,7,999.0,1695,11,999.1,2011,23
317,2025-11-26 10:24:41+05:30,998.3,2,995.34,3121077,339537.0,436048.0,986.2,1001.8,981.3,986.2,120049500,1084.8,887.6,1102.5,649.1,998.3,120,3,998.2,946,3,998.1,428,7,998.0,2704,8,997.9,2879,12,998.7,979,6,998.8,864,9,998.9,1111,12,999.0,1695,11,999.1,1819,22
317,2025-11-26 10:24:42+05:30,998.3,24,995.34,3121077,339537.0,436048.0,986.2,1001.8,981.3,986.2,120049500,1084.8,887.6,1102.5,649.1,998.3,120,3,998.2,946,3,998.1,428,7,998.0,2704,8,997.9,2879,12,998.7,979,6,998.8,864,9,998.9,1111,12,999.0,1695,11,999.1,1819,22
317,2025-11-26 10:24:42+05:30,998.3,24,995.34,3121221,339752.0,434752.0,986.2,1001.8,981.3,986.2,120049500,1084.8,887.6,1102.5,649.1,998.3,228,3,998.2,1204,5,998.1,498,9,998.0,2783,9,997.9,2879,12,998.7,179,2,998.8,1154,6,998.9,801,10,999.0,2009,13,999.1,833,9
317,2025-11-26 10:24:43+05:30,998.3,24,995.34,3121221,343329.0,435493.0,986.2,1001.8,981.3,986.2,120049500,1084.8,887.6,1102.5,649.1,998.3,228,3,998.2,1138,4,998.1,564,10,998.0,2783,9,997.9,2879,12,998.7,482,3,998.8,921,6,998.9,753,9,999.0,2009,13,999.1,833,9
317,2025-11-26 10:24:44+05:30,998.3,15,995.34,3121221,343329.0,435493.0,986.2,1001.8,981.3,986.2,120049500,1084.8,887.6,1102.5,649.1,998.3,228,3,998.2,1138,4,998.1,564,10,998.0,2783,9,997.9,2879,12,998.7,482,3,998.8,921,6,998.9,753,9,999.0,2009,13,999.1,833,9
317,2025-11-26 10:24:44+05:30,998.7,3,995.34,3121284,342270.0,435363.0,986.2,1001.8,981.3,986.2,120049500,1084.8,887.6,1102.5,649.1,998.3,238,4,998.2,1204,5,998.1,419,8,998.0,2783,9,997.9,2879,12,998.7,448,5,998.8,331,4,998.9,1255,9,999.0,1754,11,999.1,1073,9
317,2025-11-26 10:24:45+05:30,998.7,1,995.34,3121284,342270.0,435363.0,986.2,1001.8,981.3,986.2,120049500,1084.8,887.6,1102.5,649.1,998.3,238,4,998.2,1204,5,998.1,419,8,998.0,2783,9,997.9,2879,12,998.7,448,5,998.8,331,4,998.9,1255,9,999.0,1754,11,999.1,1073,9
317,2025-11-26 10:24:45+05:30,998.7,1,995.34,3121285,343072.0,435480.0,986.2,1001.8,981.3,986.2,120049500,1084.8,887.6,1102.5,649.1,998.3,238,4,998.2,1204,5,998.1,1197,10,998.0,2783,9,997.9,2879,12,998.7,447,5,998.8,331,4,998.9,1255,9,999.0,2004,12,999.1,844,9
317,2025-11-26 10:24:46+05:30,998.3,1,995.34,3121286,345092.0,436478.0,986.2,1001.8,981.3,986.2,120049500,1084.8,887.6,1102.5,649.1,998.3,250,5,998.2,1204,5,998.1,1197,10,998.0,2783,9,997.9,2879,12,998.7,447,5,998.8,331,4,998.9,1255,9,999.0,2004,12,999.1,823,8
317,2025-11-26 10:24:47+05:30,998.3,1,995.34,3121286,345092.0,436478.0,986.2,1001.8,981.3,986.2,120049500,1084.8,887.6,1102.5,649.1,998.3,250,5,998.2,1204,5,998.1,1197,10,998.0,2783,9,997.9,2879,12,998.7,447,5,998.8,331,4,998.9,1255,9,999.0,2004,12,999.1,823,8
317,2025-11-26 10:24:48+05:30,998.7,44,995.34,3121330,345914.0,436254.0,986.2,1001.8,981.3,986.2,120049500,1084.8,887.6,1102.5,649.1,998.3,329,6,998.2,1483,7,998.1,1476,12,998.0,2783,9,997.9,2879,12,998.7,403,5,998.8,252,3,998.9,1233,8,999.0,1754,11,999.1,823,8
317,2025-11-26 10:24:48+05:30,998.7,44,995.34,3121330,345914.0,436254.0,986.2,1001.8,981.3,986.2,120049500,1084.8,887.6,1102.5,649.1,998.3,329,6,998.2,1483,7,998.1,1476,12,998.0,2783,9,997.9,2879,12,998.7,403,5,998.8,252,3,998.9,1233,8,999.0,1754,11,999.1,823,8
317,2025-11-26 10:24:49+05:30,998.7,44,995.34,3121374,345998.0,436066.0,986.2,1001.8,981.3,986.2,120049500,1084.8,887.6,1102.5,649.1,998.3,755,7,998.2,1532,8,998.1,1476,12,998.0,2783,9,997.9,2879,12,998.7,359,5,998.8,252,3,998.9,1174,8,999.0,1754,11,999.1,823,8
317,2025-11-26 10:24:49+05:30,998.7,44,995.34,3121374,345998.0,436066.0,986.2,1001.8,981.3,986.2,120049500,1084.8,887.6,1102.5,649.1,998.3,755,7,998.2,1532,8,998.1,1476,12,998.0,2783,9,997.9,2879,12,998.7,359,5,998.8,252,3,998.9,1174,8,999.0,1754,11,999.1,823,8
317,2025-11-26 10:24:50+05:30,998.7,10,995.34,3121384,349143.0,437187.0,986.2,1001.8,981.3,986.2,120049500,1084.8,887.6,1102.5,649.1,998.3,913,7,998.2,1332,7,998.1,1670,12,998.0,3358,11,997.9,2987,13,998.5,96,1,998.7,349,5,998.8,301,4,998.9,1174,8,999.0,1754,11
317,2025-11-26 10:24:50+05:30,998.7,10,995.34,3121384,349143.0,437187.0,986.2,1001.8,981.3,986.2,120049500,1084.8,887.6,1102.5,649.1,998.3,913,7,998.2,1332,7,998.1,1670,12,998.0,3358,11,997.9,2987,13,998.5,96,1,998.7,349,5,998.8,301,4,998.9,1174,8,999.0,1754,11
317,2025-11-26 10:24:51+05:30,998.3,1,995.34,3121386,349203.0,437138.0,986.2,1001.8,981.3,986.2,120049500,1084.8,887.6,1102.5,649.1,998.3,907,7,998.2,1327,7,998.1,1694,13,998.0,4139,14,997.9,2987,13,998.5,95,1,998.7,349,5,998.8,301,4,998.9,1174,8,999.0,1754,11
317,2025-11-26 10:24:51+05:30,998.3,1,995.34,3121386,349203.0,437138.0,986.2,1001.8,981.3,986.2,120049500,1084.8,887.6,1102.5,649.1,998.3,907,7,998.2,1327,7,998.1,1694,13,998.0,4139,14,997.9,2987,13,998.5,95,1,998.7,349,5,998.8,301,4,998.9,1174,8,999.0,1754,11
317,2025-11-26 10:24:52+05:30,998.3,1,995.34,3121386,349205.0,437375.0,986.2,1001.8,981.3,986.2,120049500,1084.8,887.6,1102.5,649.1,998.3,907,7,998.2,1327,7,998.1,1694,13,998.0,4140,15,997.9,2987,13,998.5,95,1,998.7,349,5,998.8,301,4,998.9,1174,8,999.0,1754,11
317,2025-11-26 10:24:53+05:30,998.3,1,995.34,3121386,349111.0,437519.0,986.2,1001.8,981.3,986.2,120049500,1084.8,887.6,1102.5,649.1,998.3,733,7,998.2,1402,7,998.1,1694,13,998.0,4140,15,997.9,2987,13,998.5,95,1,998.7,349,5,998.8,301,4,998.9,1174,8,999.0,1754,11
317,2025-11-26 10:24:53+05:30,998.5,44,995.34,3121386,349111.0,437519.0,986.2,1001.8,981.3,986.2,120049500,1084.8,887.6,1102.5,649.1,998.3,733,7,998.2,1402,7,998.1,1694,13,998.0,4140,15,997.9,2987,13,998.5,95,1,998.7,349,5,998.8,301,4,998.9,1174,8,999.0,1754,11
317,2025-11-26 10:24:54+05:30,999.0,901,995.34,3121386,349111.0,437519.0,986.2,1001.8,981.3,986.2,120049500,1084.8,887.6,1102.5,649.1,998.3,733,7,998.2,1402,7,998.1,1694,13,998.0,4140,15,997.9,2987,13,998.5,95,1,998.7,349,5,998.8,301,4,998.9,1174,8,999.0,1754,11
317,2025-11-26 10:24:54+05:30,999.0,901,995.45,3221430,347110.0,436397.0,986.2,1001.8,981.3,986.2,120049500,1084.8,887.6,1102.5,649.1,998.4,216,3,998.3,1153,10,998.2,1395,6,998.1,2995,16,998.0,3686,15,998.7,40,3,998.8,64,2,998.9,795,5,999.0,10244,3,999.1,753,6
317,2025-11-26 10:24:55+05:30,997.9,84,995.45,3221430,347110.0,436397.0,986.2,1001.8,981.3,986.2,120049500,1084.8,887.6,1102.5,649.1,998.4,216,3,998.3,1153,10,998.2,1395,6,998.1,2995,16,998.0,3686,15,998.7,40,3,998.8,64,2,998.9,795,5,999.0,10244,3,999.1,753,6
317,2025-11-26 10:24:55+05:30,997.9,84,995.47,3240745,334763.0,440548.0,986.2,1001.8,981.3,986.2,120049500,1084.8,887.6,1102.5,649.1,998.2,750,1,998.0,2588,8,997.9,1202,5,997.8,529,7,997.7,2694,7,998.6,72,2,998.7,331,5,998.8,867,8,998.9,1508,11,999.0,10818,9
317,2025-11-26 10:24:56+05:30,998.7,4,995.47,3240745,334763.0,440548.0,986.2,1001.8,981.3,986.2,120049500,1084.8,887.6,1102.5,649.1,998.2,750,1,998.0,2588,8,997.9,1202,5,997.8,529,7,997.7,2694,7,998.6,72,2,998.7,331,5,998.8,867,8,998.9,1508,11,999.0,10818,9
317,2025-11-26 10:24:56+05:30,998.7,4,995.47,3243938,339076.0,441231.0,986.2,1001.8,981.3,986.2,120049500,1084.8,887.6,1102.5,649.1,998.3,87,1,998.2,360,4,998.1,341,4,998.0,2199,7,997.9,779,7,998.8,605,8,998.9,1680,11,999.0,10764,8,999.1,1058,15,999.2,2181,17
317,2025-11-26 10:24:57+05:30,998.0,291,995.47,3243938,339076.0,441231.0,986.2,1001.8,981.3,986.2,120049500,1084.8,887.6,1102.5,649.1,998.3,87,1,998.2,360,4,998.1,341,4,998.0,2199,7,997.9,779,7,998.8,605,8,998.9,1680,11,999.0,10764,8,999.1,1058,15,999.2,2181,17
317,2025-11-26 10:24:57+05:30,998.0,291,995.47,3248662,337757.0,443447.0,986.2,1001.8,981.3,986.2,120049500,1084.8,887.6,1102.5,649.1,998.0,849,3,997.9,1153,6,997.8,3629,9,997.7,1576,9,997.6,804,13,998.6,1119,8,998.7,1327,11,998.8,966,14,998.9,1107,15,999.0,11206,17
317,2025-11-26 10:24:58+05:30,998.0,213,995.47,3248662,337757.0,443447.0,986.2,1001.8,981.3,986.2,120049500,1084.8,887.6,1102.5,649.1,998.0,849,3,997.9,1153,6,997.8,3629,9,997.7,1576,9,997.6,804,13,998.6,1119,8,998.7,1327,11,998.8,966,14,998.9,1107,15,999.0,11206,17
317,2025-11-26 10:24:58+05:30,998.0,213,995.48,3249526,338664.0,443763.0,986.2,1001.8,981.3,986.2,120049500,1084.8,887.6,1102.5,649.1,998.0,228,2,997.9,1764,5,997.8,748,9,997.7,2300,10,997.6,2941,11,998.4,46,1,998.5,455,3,998.6,1306,10,998.7,955,8,998.8,787,12
317,2025-11-26 10:24:59+05:30,998.6,48,995.48,3249526,338664.0,443763.0,986.2,1001.8,981.3,986.2,120049500,1084.8,887.6,1102.5,649.1,998.0,228,2,997.9,1764,5,997.8,748,9,997.7,2300,10,997.6,2941,11,998.4,46,1,998.5,455,3,998.6,1306,10,998.7,955,8,998.8,787,12
317,2025-11-26 10:24:59+05:30,998.6,48,995.48,3250074,340367.0,442528.0,986.2,1001.8,981.3,986.2,120049500,1084.8,887.6,1102.5,649.1,998.1,256,3,998.0,1731,11,997.9,1424,11,997.8,4243,18,997.7,1631,9,998.6,51,4,998.7,703,6,998.8,565,7,998.9,1504,12,999.0,11388,17
317,2025-11-26 10:25:00+05:30,998.6,1,995.48,3250074,340367.0,442528.0,986.2,1001.8,981.3,986.2,120049500,1084.8,887.6,1102.5,649.1,998.1,256,3,998.0,1731,11,997.9,1424,11,997.8,4243,18,997.7,1631,9,998.6,51,4,998.7,703,6,998.8,565,7,998.9,1504,12,999.0,11388,17
317,2025-11-26 10:25:00+05:30,998.6,1,995.48,3251228,345131.0,436033.0,986.2,1001.8,981.3,986.2,120049500,1084.8,887.6,1102.5,649.1,998.3,564,4,998.2,755,6,998.1,2421,11,998.0,3257,15,997.9,2274,11,998.7,96,1,998.8,116,2,998.9,1215,8,999.0,11092,12,999.1,848,11
317,2025-11-26 10:25:01+05:30,998.3,29,995.48,3251228,345131.0,436033.0,986.2,1001.8,981.3,986.2,120049500,1084.8,887.6,1102.5,649.1,998.3,564,4,998.2,755,6,998.1,2421,11,998.0,3257,15,997.9,2274,11,998.7,96,1,998.8,116,2,998.9,1215,8,999.0,11092,12,999.1,848,11
317,2025-11-26 10:25:01+05:30,998.3,8,995.48,3251569,343817.0,441624.0,986.2,1001.8,981.3,986.2,120049500,1084.8,887.6,1102.5,649.1,998.3,97,2,998.2,1131,6,998.1,1545,10,998.0,4960,16,997.9,1651,10,998.7,477,4,998.8,848,6,998.9,1571,10,999.0,10903,12,999.1,840,9
317,2025-11-26 10:25:02+05:30,998.7,49,995.48,3251569,343817.0,441624.0,986.2,1001.8,981.3,986.2,120049500,1084.8,887.6,1102.5,649.1,998.3,97,2,998.2,1131,6,998.1,1545,10,998.0,4960,16,997.9,1651,10,998.7,477,4,998.8,848,6,998.9,1571,10,999.0,10903,12,999.1,840,9
317,2025-11-26 10:25:02+05:30,998.3,1,995.48,3251770,345818.0,441285.0,986.2,1001.8,981.3,986.2,120049500,1084.8,887.6,1102.5,649.1,998.3,181,4,998.2,1106,6,998.1,1671,12,998.0,4960,16,997.9,1651,10,998.7,223,3,998.8,927,7,998.9,1534,9,999.0,10910,12,999.1,830,8
317,2025-11-26 10:25:03+05:30,998.3,1,995.48,3251770,345818.0,441285.0,986.2,1001.8,981.3,986.2,120049500,1084.8,887.6,1102.5,649.1,998.3,181,4,998.2,1106,6,998.1,1671,12,998.0,4960,16,997.9,1651,10,998.7,223,3,998.8,927,7,998.9,1534,9,999.0,10910,12,999.1,830,8
317,2025-11-26 10:25:03+05:30,998.3,1,995.48,3251770,345016.0,441593.0,986.2,1001.8,981.3,986.2,120049500,1084.8,887.6,1102.5,649.1,998.5,28,2,998.3,45,2,998.2,1106,6,998.1,1726,13,998.0,4941,15,998.7,97,2,998.8,1031,9,998.9,1589,10,999.0,10910,12,999.1,775,7
317,2025-11-26 10:25:04+05:30,998.7,61,995.48,3251770,345016.0,441593.0,986.2,1001.8,981.3,986.2,120049500,1084.8,887.6,1102.5,649.1,998.5,28,2,998.3,45,2,998.2,1106,6,998.1,1726,13,998.0,4941,15,998.7,97,2,998.8,1031,9,998.9,1589,10,999.0,10910,12,999.1,775,7
317,2025-11-26 10:25:04+05:30,998.7,1,995.48,3252073,346264.0,441306.0,986.2,1001.8,981.3,986.2,120049500,1084.8,887.6,1102.5,649.1,998.3,136,4,998.2,1258,7,998.1,1598,12,998.0,4941,15,997.9,1651,10,998.7,35,2,998.8,532,4,998.9,1193,6,999.0,10910,12,999.1,1135,10
317,2025-11-26 10:25:04+05:30,998.7,1,995.48,3252073,346264.0,441306.0,986.2,1001.8,981.3,986.2,120049500,1084.8,887.6,1102.5,649.1,998.3,136,4,998.2,1258,7,998.1,1598,12,998.0,4941,15,997.9,1651,10,998.7,35,2,998.8,532,4,998.9,1193,6,999.0,10910,12,999.1,1135,10
317,2025-11-26 10:25:05+05:30,998.7,1,995.48,3252073,346264.0,441306.0,986.2,1001.8,981.3,986.2,120049500,1084.8,887.6,1102.5,649.1,998.3,136,4,998.2,1258,7,998.1,1598,12,998.0,4941,15,997.9,1651,10,998.7,35,2,998.8,532,4,998.9,1193,6,999.0,10910,12,999.1,1135,10
317,2025-11-26 10:25:05+05:30,998.3,54,995.48,3252073,346264.0,441306.0,986.2,1001.8,981.3,986.2,120049500,1084.8,887.6,1102.5,649.1,998.3,136,4,998.2,1258,7,998.1,1598,12,998.0,4941,15,997.9,1651,10,998.7,35,2,998.8,532,4,998.9,1193,6,999.0,10910,12,999.1,1135,10
317,2025-11-26 10:25:05+05:30,998.3,54,995.48,3252773,345427.0,440240.0,986.2,1001.8,981.3,986.2,120049500,1084.8,887.6,1102.5,649.1,998.3,210,3,998.2,1332,7,998.1,1216,8,998.0,4412,11,997.9,1570,9,998.7,1,1,998.8,330,2,998.9,1312,7,999.0,10841,12,999.1,849,9
317,2025-11-26 10:25:05+05:30,998.3,54,995.48,3252773,345427.0,440240.0,986.2,1001.8,981.3,986.2,120049500,1084.8,887.6,1102.5,649.1,998.3,210,3,998.2,1332,7,998.1,1216,8,998.0,4412,11,997.9,1570,9,998.7,1,1,998.8,330,2,998.9,1312,7,999.0,10841,12,999.1,849,9
317,2025-11-26 10:25:06+05:30,998.3,54,995.48,3252773,345427.0,440240.0,986.2,1001.8,981.3,986.2,120049500,1084.8,887.6,1102.5,649.1,998.3,210,3,998.2,1332,7,998.1,1216,8,998.0,4412,11,997.9,1570,9,998.7,1,1,998.8,330,2,998.9,1312,7,999.0,10841,12,999.1,849,9
317,2025-11-26 10:25:06+05:30,998.3,59,995.48,3252773,345427.0,440240.0,986.2,1001.8,981.3,986.2,120049500,1084.8,887.6,1102.5,649.1,998.3,210,3,998.2,1332,7,998.1,1216,8,998.0,4412,11,997.9,1570,9,998.7,1,1,998.8,330,2,998.9,1312,7,999.0,10841,12,999.1,849,9
317,2025-11-26 10:25:06+05:30,998.7,7,995.48,3252986,345744.0,440424.0,986.2,1001.8,981.3,986.2,120049500,1084.8,887.6,1102.5,649.1,998.3,66,1,998.2,1260,6,998.1,1271,9,998.0,4671,14,997.9,1570,9,998.7,87,1,998.8,658,5,998.9,1102,7,999.0,10822,10,999.1,843,8
317,2025-11-26 10:25:06+05:30,998.7,7,995.48,3252986,345744.0,440424.0,986.2,1001.8,981.3,986.2,120049500,1084.8,887.6,1102.5,649.1,998.3,66,1,998.2,1260,6,998.1,1271,9,998.0,4671,14,997.9,1570,9,998.7,87,1,998.8,658,5,998.9,1102,7,999.0,10822,10,999.1,843,8
317,2025-11-26 10:25:07+05:30,998.7,7,995.48,3252986,345744.0,440424.0,986.2,1001.8,981.3,986.2,120049500,1084.8,887.6,1102.5,649.1,998.3,66,1,998.2,1260,6,998.1,1271,9,998.0,4671,14,997.9,1570,9,998.7,87,1,998.8,658,5,998.9,1102,7,999.0,10822,10,999.1,843,8
317,2025-11-26 10:25:07+05:30,998.8,53,995.48,3252986,345744.0,440424.0,986.2,1001.8,981.3,986.2,120049500,1084.8,887.6,1102.5,649.1,998.3,66,1,998.2,1260,6,998.1,1271,9,998.0,4671,14,997.9,1570,9,998.7,87,1,998.8,658,5,998.9,1102,7,999.0,10822,10,999.1,843,8
317,2025-11-26 10:25:07+05:30,998.8,53,995.48,3253238,346643.0,440706.0,986.2,1001.8,981.3,986.2,120049500,1084.8,887.6,1102.5,649.1,998.3,213,3,998.2,1385,9,998.1,1364,8,998.0,4601,13,997.9,1596,11,998.8,491,3,998.9,1352,8,999.0,10822,10,999.1,892,9,999.2,2078,19
317,2025-11-26 10:25:07+05:30,998.8,53,995.48,3253238,346643.0,440706.0,986.2,1001.8,981.3,986.2,120049500,1084.8,887.6,1102.5,649.1,998.3,213,3,998.2,1385,9,998.1,1364,8,998.0,4601,13,997.9,1596,11,998.8,491,3,998.9,1352,8,999.0,10822,10,999.1,892,9,999.2,2078,19
317,2025-11-26 10:25:08+05:30,998.8,53,995.48,3253238,346643.0,440706.0,986.2,1001.8,981.3,986.2,120231750,1084.8,887.6,1102.5,649.1,998.3,213,3,998.2,1385,9,998.1,1364,8,998.0,4601,13,997.9,1596,11,998.8,491,3,998.9,1352,8,999.0,10822,10,999.1,892,9,999.2,2078,19
317,2025-11-26 10:25:08+05:30,998.2,144,995.48,3253238,346643.0,440706.0,986.2,1001.8,981.3,986.2,120231750,1084.8,887.6,1102.5,649.1,998.3,213,3,998.2,1385,9,998.1,1364,8,998.0,4601,13,997.9,1596,11,998.8,491,3,998.9,1352,8,999.0,10822,10,999.1,892,9,999.2,2078,19
317,2025-11-26 10:25:08+05:30,998.2,144,995.48,3253238,346643.0,440706.0,986.2,1001.8,981.3,986.2,120231750,1084.8,887.6,1102.5,649.1,998.3,213,3,998.2,1385,9,998.1,1364,8,998.0,4601,13,997.9,1596,11,998.8,491,3,998.9,1352,8,999.0,10822,10,999.1,892,9,999.2,2078,19
317,2025-11-26 10:25:08+05:30,998.2,144,995.48,3253382,347478.0,441832.0,986.2,1001.8,981.3,986.2,120231750,1084.8,887.6,1102.5,649.1,998.2,241,4,998.1,1995,8,998.0,2938,11,997.9,3517,13,997.8,1469,11,998.5,100,1,998.7,259,3,998.8,689,8,998.9,1441,10,999.0,10827,11
317,2025-11-26 10:25:08+05:30,998.2,144,995.48,3253382,347478.0,441832.0,986.2,1001.8,981.3,986.2,120231750,1084.8,887.6,1102.5,649.1,998.2,241,4,998.1,1995,8,998.0,2938,11,997.9,3517,13,997.8,1469,11,998.5,100,1,998.7,259,3,998.8,689,8,998.9,1441,10,999.0,10827,11
317,2025-11-26 10:25:09+05:30,998.5,100,995.48,3253382,347478.0,441832.0,986.2,1001.8,981.3,986.2,120231750,1084.8,887.6,1102.5,649.1,998.2,241,4,998.1,1995,8,998.0,2938,11,997.9,3517,13,997.8,1469,11,998.5,100,1,998.7,259,3,998.8,689,8,998.9,1441,10,999.0,10827,11
317,2025-11-26 10:25:09+05:30,998.5,100,995.48,3253482,346970.0,441144.0,986.2,1001.8,981.3,986.2,120231750,1084.8,887.6,1102.5,649.1,998.3,55,1,998.2,936,4,998.1,1751,9,998.0,5375,16,997.9,1570,9,998.7,87,1,998.8,403,5,998.9,1273,8,999.0,10822,10,999.1,1247,17
317,2025-11-26 10:25:10+05:30,998.5,100,995.48,3253482,347867.0,441868.0,986.2,1001.8,981.3,986.2,120231750,1084.8,887.6,1102.5,649.1,998.2,112,2,998.1,1250,7,998.0,2968,11,997.9,3363,10,997.8,1524,12,998.4,96,1,998.7,381,5,998.8,531,7,998.9,1595,10,999.0,10822,10
317,2025-11-26 10:25:11+05:30,998.4,44,995.48,3253482,347867.0,441868.0,986.2,1001.8,981.3,986.2,120231750,1084.8,887.6,1102.5,649.1,998.2,112,2,998.1,1250,7,998.0,2968,11,997.9,3363,10,997.8,1524,12,998.4,96,1,998.7,381,5,998.8,531,7,998.9,1595,10,999.0,10822,10
317,2025-11-26 10:25:11+05:30,998.4,44,995.48,3253640,348528.0,442461.0,986.2,1001.8,981.3,986.2,120231750,1084.8,887.6,1102.5,649.1,998.2,166,3,998.1,1195,6,998.0,3721,13,997.9,3363,10,997.8,1687,12,998.4,52,1,998.7,275,4,998.8,531,7,998.9,1540,9,999.0,10822,10
317,2025-11-26 10:25:12+05:30,998.4,10,995.48,3253650,350122.0,442517.0,986.2,1001.8,981.3,986.2,120231750,1084.8,887.6,1102.5,649.1,998.2,916,4,998.1,1339,10,998.0,6024,15,997.9,1863,8,997.8,937,11,998.4,42,1,998.7,275,4,998.8,531,7,998.9,1606,10,999.0,10822,10
317,2025-11-26 10:25:13+05:30,998.4,44,995.48,3253650,350122.0,442517.0,986.2,1001.8,981.3,986.2,120231750,1084.8,887.6,1102.5,649.1,998.2,916,4,998.1,1339,10,998.0,6024,15,997.9,1863,8,997.8,937,11,998.4,42,1,998.7,275,4,998.8,531,7,998.9,1606,10,999.0,10822,10
317,2025-11-26 10:25:13+05:30,998.4,44,995.48,3253694,349555.0,442438.0,986.2,1001.8,981.3,986.2,120231750,1084.8,887.6,1102.5,649.1,998.2,1134,5,998.1,1526,10,998.0,6202,16,997.9,1247,10,997.8,719,10,998.4,96,1,998.7,202,3,998.8,595,7,998.9,948,8,999.0,10822,10
317,2025-11-26 10:25:14+05:30,998.4,69,995.48,3253694,349555.0,442438.0,986.2,1001.8,981.3,986.2,120231750,1084.8,887.6,1102.5,649.1,998.2,1134,5,998.1,1526,10,998.0,6202,16,997.9,1247,10,997.8,719,10,998.4,96,1,998.7,202,3,998.8,595,7,998.9,948,8,999.0,10822,10
317,2025-11-26 10:25:14+05:30,998.7,3,995.48,3254438,346665.0,440971.0,986.2,1001.8,981.3,986.2,120231750,1084.8,887.6,1102.5,649.1,998.3,197,4,998.2,1452,8,998.1,1472,9,998.0,4883,17,997.9,1705,9,998.7,94,2,998.8,401,4,998.9,1145,6,999.0,11072,11,999.1,1012,16
317,2025-11-26 10:25:15+05:30,998.4,3,995.48,3254438,346665.0,440971.0,986.2,1001.8,981.3,986.2,120231750,1084.8,887.6,1102.5,649.1,998.3,197,4,998.2,1452,8,998.1,1472,9,998.0,4883,17,997.9,1705,9,998.7,94,2,998.8,401,4,998.9,1145,6,999.0,11072,11,999.1,1012,16
317,2025-11-26 10:25:15+05:30,998.4,3,995.48,3254677,348251.0,440458.0,986.2,1001.8,981.3,986.2,120231750,1084.8,887.6,1102.5,649.1,998.3,1398,6,998.2,585,7,998.1,3773,12,998.0,3431,17,997.9,1102,10,998.8,80,3,998.9,719,7,999.0,11328,12,999.1,933,11,999.2,1834,16
317,2025-11-26 10:25:16+05:30,998.3,30,995.48,3254677,348251.0,440458.0,986.2,1001.8,981.3,986.2,120231750,1084.8,887.6,1102.5,649.1,998.3,1398,6,998.2,585,7,998.1,3773,12,998.0,3431,17,997.9,1102,10,998.8,80,3,998.9,719,7,999.0,11328,12,999.1,933,11,999.2,1834,16
317,2025-11-26 10:25:16+05:30,998.3,30,995.48,3254821,346791.0,440546.0,986.2,1001.8,981.3,986.2,120231750,1084.8,887.6,1102.5,649.1,998.3,807,3,998.2,1288,8,998.1,2980,12,998.0,3374,14,997.9,1042,10,998.8,105,4,998.9,1247,9,999.0,11093,14,999.1,1004,13,999.2,1865,19
317,2025-11-26 10:25:17+05:30,998.3,30,995.48,3254821,348218.0,440658.0,986.2,1001.8,981.3,986.2,120231750,1084.8,887.6,1102.5,649.1,998.3,807,3,998.2,1367,9,998.1,3355,13,998.0,3374,14,997.9,1042,10,998.7,15,1,998.8,392,6,998.9,1347,10,999.0,11093,14,999.1,998,12
317,2025-11-26 10:25:18+05:30,998.3,30,995.48,3254821,347743.0,441161.0,986.2,1001.8,981.3,986.2,120231750,1084.8,887.6,1102.5,649.1,998.3,807,3,998.2,1367,9,998.1,3355,13,998.0,3374,14,997.9,1042,10,998.7,15,1,998.8,392,6,998.9,1867,13,999.0,11076,12,999.1,998,12
317,2025-11-26 10:25:19+05:30,998.4,20,995.48,3254821,347743.0,441161.0,986.2,1001.8,981.3,986.2,120231750,1084.8,887.6,1102.5,649.1,998.3,807,3,998.2,1367,9,998.1,3355,13,998.0,3374,14,997.9,1042,10,998.7,15,1,998.8,392,6,998.9,1867,13,999.0,11076,12,999.1,998,12
317,2025-11-26 10:25:19+05:30,998.8,50,995.48,3255146,348732.0,440640.0,986.2,1001.8,981.3,986.2,120231750,1084.8,887.6,1102.5,649.1,998.3,753,2,998.2,1281,9,998.1,2980,12,998.0,3271,12,997.9,987,9,998.8,270,4,998.9,1544,9,999.0,10984,10,999.1,981,11,999.2,1642,17
317,2025-11-26 10:25:20+05:30,998.8,104,995.48,3255146,348732.0,440640.0,986.2,1001.8,981.3,986.2,120231750,1084.8,887.6,1102.5,649.1,998.3,753,2,998.2,1281,9,998.1,2980,12,998.0,3271,12,997.9,987,9,998.8,270,4,998.9,1544,9,999.0,10984,10,999.1,981,11,999.2,1642,17
317,2025-11-26 10:25:20+05:30,998.8,104,995.48,3255250,351970.0,441448.0,986.2,1001.8,981.3,986.2,120231750,1084.8,887.6,1102.5,649.1,998.3,955,3,998.2,2712,10,998.1,3385,14,998.0,1865,12,997.9,987,9,998.5,96,1,998.8,269,6,998.9,1522,9,999.0,11271,12,999.1,927,10
317,2025-11-26 10:25:21+05:30,998.8,104,995.48,3255250,353096.0,441419.0,986.2,1001.8,981.3,986.2,120231750,1084.8,887.6,1102.5,649.1,998.3,1019,5,998.2,2661,9,998.1,4885,16,998.0,1872,13,997.9,987,9,998.5,96,1,998.8,269,6,998.9,1224,8,999.0,11271,12,999.1,927,10
317,2025-11-26 10:25:22+05:30,998.8,104,995.48,3255250,353922.0,441150.0,986.2,1001.8,981.3,986.2,120231750,1084.8,887.6,1102.5,649.1,998.3,1019,5,998.2,2813,11,998.1,4863,16,998.0,1823,12,997.9,987,9,998.5,96,1,998.8,269,6,998.9,1224,8,999.0,11271,12,999.1,927,10
317,2025-11-26 10:25:24+05:30,998.8,104,995.48,3255250,354430.0,441150.0,986.2,1001.8,981.3,986.2,120231750,1084.8,887.6,1102.5,649.1,998.3,1019,5,998.2,2897,12,998.1,5153,17,998.0,1947,14,997.9,1046,10,998.5,96,1,998.8,269,6,998.9,1224,8,999.0,11271,12,999.1,927,10
317,2025-11-26 10:25:25+05:30,998.3,201,995.48,3256204,350293.0,441729.0,986.2,1001.8,981.3,986.2,120231750,1084.8,887.6,1102.5,649.1,998.3,46,2,998.2,996,6,998.1,2974,10,998.0,1241,14,997.9,4802,16,998.7,465,5,998.8,576,7,998.9,1630,10,999.0,11182,13,999.1,953,12
317,2025-11-26 10:25:25+05:30,998.3,201,995.48,3256204,350293.0,441729.0,986.2,1001.8,981.3,986.2,120231750,1084.8,887.6,1102.5,649.1,998.3,46,2,998.2,996,6,998.1,2974,10,998.0,1241,14,997.9,4802,16,998.7,465,5,998.8,576,7,998.9,1630,10,999.0,11182,13,999.1,953,12
317,2025-11-26 10:25:25+05:30,998.7,86,995.48,3256290,349259.0,441055.0,986.2,1001.8,981.3,986.2,120231750,1084.8,887.6,1102.5,649.1,998.3,125,3,998.2,1050,6,998.1,2443,10,998.0,3490,18,997.9,2559,13,998.7,261,3,998.8,584,9,998.9,1292,9,999.0,11294,12,999.1,630,8
317,2025-11-26 10:25:26+05:30,998.3,1,995.48,3256290,349259.0,441055.0,986.2,1001.8,981.3,986.2,120231750,1084.8,887.6,1102.5,649.1,998.3,125,3,998.2,1050,6,998.1,2443,10,998.0,3490,18,997.9,2559,13,998.7,261,3,998.8,584,9,998.9,1292,9,999.0,11294,12,999.1,630,8
317,2025-11-26 10:25:26+05:30,998.7,1,995.48,3256580,350081.0,442098.0,986.2,1001.8,981.3,986.2,120231750,1084.8,887.6,1102.5,649.1,998.3,87,1,998.2,1362,6,998.1,1431,6,998.0,3212,14,997.9,3193,14,998.7,311,3,998.8,784,10,998.9,1726,13,999.0,11133,13,999.1,719,10
317,2025-11-26 10:25:27+05:30,998.7,1,995.48,3256580,350081.0,442098.0,986.2,1001.8,981.3,986.2,120231750,1084.8,887.6,1102.5,649.1,998.3,87,1,998.2,1362,6,998.1,1431,6,998.0,3212,14,997.9,3193,14,998.7,311,3,998.8,784,10,998.9,1726,13,999.0,11133,13,999.1,719,10
317,2025-11-26 10:25:27+05:30,998.7,1,995.48,3256627,350040.0,441421.0,986.2,1001.8,981.3,986.2,120231750,1084.8,887.6,1102.5,649.1,998.3,87,1,998.2,830,6,998.1,2430,9,998.0,2713,15,997.9,4002,16,998.7,6,1,998.8,462,8,998.9,1603,11,999.0,11086,15,999.1,942,11
317,2025-11-26 10:25:28+05:30,998.7,1,995.48,3256627,350040.0,441421.0,986.2,1001.8,981.3,986.2,120231750,1084.8,887.6,1102.5,649.1,998.3,87,1,998.2,830,6,998.1,2430,9,998.0,2713,15,997.9,4002,16,998.7,6,1,998.8,462,8,998.9,1603,11,999.0,11086,15,999.1,942,11
317,2025-11-26 10:25:28+05:30,998.7,6,995.48,3256633,350151.0,441037.0,986.2,1001.8,981.3,986.2,120231750,1084.8,887.6,1102.5,649.1,998.7,84,1,998.4,202,1,998.3,1013,4,998.2,4765,13,998.1,1526,8,998.8,361,4,998.9,800,9,999.0,11168,10,999.1,914,12,999.2,1480,12
317,2025-11-26 10:25:29+05:30,998.7,1,995.48,3256633,350151.0,441037.0,986.2,1001.8,981.3,986.2,120231750,1084.8,887.6,1102.5,649.1,998.7,84,1,998.4,202,1,998.3,1013,4,998.2,4765,13,998.1,1526,8,998.8,361,4,998.9,800,9,999.0,11168,10,999.1,914,12,999.2,1480,12
317,2025-11-26 10:25:29+05:30,998.7,1,995.48,3256634,350283.0,441047.0,986.2,1001.8,981.3,986.2,120231750,1084.8,887.6,1102.5,649.1,998.7,83,1,998.4,202,1,998.3,1013,4,998.2,5614,15,998.1,789,8,998.8,361,4,998.9,800,9,999.0,11168,10,999.1,914,12,999.2,1480,12
317,2025-11-26 10:25:30+05:30,998.7,44,995.48,3256634,350283.0,441047.0,986.2,1001.8,981.3,986.2,120231750,1084.8,887.6,1102.5,649.1,998.7,83,1,998.4,202,1,998.3,1013,4,998.2,5614,15,998.1,789,8,998.8,361,4,998.9,800,9,999.0,11168,10,999.1,914,12,999.2,1480,12
317,2025-11-26 10:25:30+05:30,998.3,8,995.48,3256769,350492.0,441812.0,986.2,1001.8,981.3,986.2,120231750,1084.8,887.6,1102.5,649.1,998.3,947,5,998.2,1679,8,998.1,3429,14,998.0,3263,12,997.9,662,7,998.7,96,1,998.8,603,7,998.9,1125,8,999.0,11272,12,999.1,1038,14
317,2025-11-26 10:25:31+05:30,998.3,8,995.48,3256769,350492.0,441812.0,986.2,1001.8,981.3,986.2,120231750,1084.8,887.6,1102.5,649.1,998.3,947,5,998.2,1679,8,998.1,3429,14,998.0,3263,12,997.9,662,7,998.7,96,1,998.8,603,7,998.9,1125,8,999.0,11272,12,999.1,1038,14
317,2025-11-26 10:25:31+05:30,998.3,19,995.48,3256913,349388.0,441984.0,986.2,1001.8,981.3,986.2,120231750,1084.8,887.6,1102.5,649.1,998.3,731,1,998.2,1253,8,998.1,3416,14,998.0,3290,13,997.9,662,7,998.7,96,1,998.8,657,8,998.9,1227,9,999.0,11282,13,999.1,1048,15
317,2025-11-26 10:25:32+05:30,998.3,20,995.48,3256913,349388.0,441984.0,986.2,1001.8,981.3,986.2,120231750,1084.8,887.6,1102.5,649.1,998.3,731,1,998.2,1253,8,998.1,3416,14,998.0,3290,13,997.9,662,7,998.7,96,1,998.8,657,8,998.9,1227,9,999.0,11282,13,999.1,1048,15
317,2025-11-26 10:25:33+05:30,998.7,1,995.48,3256934,349859.0,442200.0,986.2,1001.8,981.3,986.2,120231750,1084.8,887.6,1102.5,649.1,998.3,757,2,998.2,1253,8,998.1,3470,15,998.0,3290,13,997.9,662,7,998.7,95,1,998.8,603,7,998.9,2035,11,999.0,11086,13,999.1,1048,15
317,2025-11-26 10:25:33+05:30,998.7,1,995.48,3256934,349859.0,442200.0,986.2,1001.8,981.3,986.2,120231750,1084.8,887.6,1102.5,649.1,998.3,757,2,998.2,1253,8,998.1,3470,15,998.0,3290,13,997.9,662,7,998.7,95,1,998.8,603,7,998.9,2035,11,999.0,11086,13,999.1,1048,15
317,2025-11-26 10:25:34+05:30,998.7,44,995.48,3256978,349028.0,441646.0,986.2,1001.8,981.3,986.2,120231750,1084.8,887.6,1102.5,649.1,998.4,158,2,998.3,767,3,998.2,1381,10,998.1,2664,12,998.0,3290,13,998.7,51,1,998.8,474,5,998.9,1768,10,999.0,10967,10,999.1,1243,12
317,2025-11-26 10:25:34+05:30,998.7,44,995.48,3256978,349028.0,441646.0,986.2,1001.8,981.3,986.2,120231750,1084.8,887.6,1102.5,649.1,998.4,158,2,998.3,767,3,998.2,1381,10,998.1,2664,12,998.0,3290,13,998.7,51,1,998.8,474,5,998.9,1768,10,999.0,10967,10,999.1,1243,12
317,2025-11-26 10:25:35+05:30,998.4,79,995.48,3256978,349028.0,441646.0,986.2,1001.8,981.3,986.2,120231750,1084.8,887.6,1102.5,649.1,998.4,158,2,998.3,767,3,998.2,1381,10,998.1,2664,12,998.0,3290,13,998.7,51,1,998.8,474,5,998.9,1768,10,999.0,10967,10,999.1,1243,12
317,2025-11-26 10:25:35+05:30,998.4,79,995.48,3257461,348661.0,441504.0,986.2,1001.8,981.3,986.2,120231750,1084.8,887.6,1102.5,649.1,998.3,711,1,998.2,1502,10,998.1,2666,13,998.0,3233,13,997.9,444,6,998.4,17,1,998.7,124,2,998.8,314,3,998.9,1756,9,999.0,10767,9
317,2025-11-26 10:25:36+05:30,998.3,144,995.48,3257461,348661.0,441504.0,986.2,1001.8,981.3,986.2,120231750,1084.8,887.6,1102.5,649.1,998.3,711,1,998.2,1502,10,998.1,2666,13,998.0,3233,13,997.9,444,6,998.4,17,1,998.7,124,2,998.8,314,3,998.9,1756,9,999.0,10767,9
317,2025-11-26 10:25:36+05:30,998.3,144,995.48,3257605,350788.0,441629.0,986.2,1001.8,981.3,986.2,120231750,1084.8,887.6,1102.5,649.1,998.3,567,1,998.2,1499,10,998.1,4084,14,998.0,3182,13,997.9,662,7,998.4,17,1,998.7,326,3,998.8,704,7,998.9,1088,8,999.0,11072,11
317,2025-11-26 10:25:37+05:30,998.4,3,995.48,3257605,350788.0,441629.0,986.2,1001.8,981.3,986.2,120231750,1084.8,887.6,1102.5,649.1,998.3,567,1,998.2,1499,10,998.1,4084,14,998.0,3182,13,997.9,662,7,998.4,17,1,998.7,326,3,998.8,704,7,998.9,1088,8,999.0,11072,11
317,2025-11-26 10:25:37+05:30,998.4,3,995.48,3257608,350804.0,441868.0,986.2,1001.8,981.3,986.2,120231750,1084.8,887.6,1102.5,649.1,998.3,583,2,998.2,1520,11,998.1,4084,14,998.0,3182,13,997.9,662,7,998.4,14,1,998.7,405,4,998.8,704,7,998.9,1086,7,999.0,11102,14
317,2025-11-26 10:25:38+05:30,998.3,1,995.48,3257609,351413.0,441979.0,986.2,1001.8,981.3,986.2,120231750,1084.8,887.6,1102.5,649.1,998.3,825,5,998.2,1474,10,998.1,4436,17,998.0,3411,15,997.9,697,8,998.4,14,1,998.7,326,3,998.8,625,6,998.9,1086,7,999.0,11102,14
317,2025-11-26 10:25:39+05:30,998.3,1,995.48,3257609,351413.0,441979.0,986.2,1001.8,981.3,986.2,120231750,1084.8,887.6,1102.5,649.1,998.3,825,5,998.2,1474,10,998.1,4436,17,998.0,3411,15,997.9,697,8,998.4,14,1,998.7,326,3,998.8,625,6,998.9,1086,7,999.0,11102,14
317,2025-11-26 10:25:39+05:30,998.3,1,995.48,3257609,351414.0,442085.0,986.2,1001.8,981.3,986.2,120231750,1084.8,887.6,1102.5,649.1,998.3,780,5,998.2,1520,11,998.1,4357,16,998.0,3411,15,997.9,697,8,998.4,14,1,998.6,3,1,998.7,326,3,998.8,703,6,998.9,1086,7
317,2025-11-26 10:25:40+05:30,998.3,305,995.48,3257609,351414.0,442085.0,986.2,1001.8,981.3,986.2,120231750,1084.8,887.6,1102.5,649.1,998.3,780,5,998.2,1520,11,998.1,4357,16,998.0,3411,15,997.9,697,8,998.4,14,1,998.6,3,1,998.7,326,3,998.8,703,6,998.9,1086,7
317,2025-11-26 10:25:40+05:30,998.3,305,995.48,3258868,349656.0,442378.0,986.2,1001.8,981.3,986.2,120231750,1084.8,887.6,1102.5,649.1,998.3,445,1,998.2,1056,8,998.1,4141,14,998.0,3232,16,997.9,846,8,998.5,500,1,998.6,81,2,998.7,672,5,998.8,1596,10,998.9,821,7
317,2025-11-26 10:25:41+05:30,998.3,144,995.48,3258868,349656.0,442378.0,986.2,1001.8,981.3,986.2,120231750,1084.8,887.6,1102.5,649.1,998.3,445,1,998.2,1056,8,998.1,4141,14,998.0,3232,16,997.9,846,8,998.5,500,1,998.6,81,2,998.7,672,5,998.8,1596,10,998.9,821,7
317,2025-11-26 10:25:41+05:30,998.3,144,995.48,3259117,349559.0,442104.0,986.2,1001.8,981.3,986.2,120231750,1084.8,887.6,1102.5,649.1,998.3,301,1,998.2,1010,7,998.1,4108,14,998.0,3331,19,997.9,846,8,998.5,395,1,998.6,81,2,998.7,549,5,998.8,1076,10,998.9,1390,12
317,2025-11-26 10:25:42+05:30,998.3,144,995.48,3259117,349559.0,442104.0,986.2,1001.8,981.3,986.2,120231750,1084.8,887.6,1102.5,649.1,998.3,301,1,998.2,1010,7,998.1,4108,14,998.0,3331,19,997.9,846,8,998.5,395,1,998.6,81,2,998.7,549,5,998.8,1076,10,998.9,1390,12
317,2025-11-26 10:25:42+05:30,998.3,144,995.48,3259305,351379.0,442237.0,986.2,1001.8,981.3,986.2,120231750,1084.8,887.6,1102.5,649.1,998.3,157,1,998.2,1010,7,998.1,4108,14,998.0,3331,19,997.9,846,8,998.5,351,1,998.6,157,3,998.7,604,7,998.8,1606,12,998.9,906,11
317,2025-11-26 10:25:43+05:30,998.5,99,995.48,3259305,351379.0,442237.0,986.2,1001.8,981.3,986.2,120231750,1084.8,887.6,1102.5,649.1,998.3,157,1,998.2,1010,7,998.1,4108,14,998.0,3331,19,997.9,846,8,998.5,351,1,998.6,157,3,998.7,604,7,998.8,1606,12,998.9,906,11
317,2025-11-26 10:25:43+05:30,998.5,99,995.48,3259493,349886.0,441767.0,986.2,1001.8,981.3,986.2,120231750,1084.8,887.6,1102.5,649.1,998.3,157,1,998.2,1052,8,998.1,4138,15,998.0,3368,19,997.9,846,8,998.5,163,1,998.6,81,2,998.7,483,5,998.8,1030,9,998.9,1121,8
317,2025-11-26 10:25:44+05:30,998.3,1,995.48,3259493,349886.0,441767.0,986.2,1001.8,981.3,986.2,120231750,1084.8,887.6,1102.5,649.1,998.3,157,1,998.2,1052,8,998.1,4138,15,998.0,3368,19,997.9,846,8,998.5,163,1,998.6,81,2,998.7,483,5,998.8,1030,9,998.9,1121,8
317,2025-11-26 10:25:44+05:30,998.3,1,995.48,3259624,349422.0,441976.0,986.2,1001.8,981.3,986.2,120231750,1084.8,887.6,1102.5,649.1,998.3,26,1,998.2,1010,7,998.1,4192,16,998.0,3247,17,997.9,846,8,998.5,168,2,998.6,157,3,998.7,611,7,998.8,1030,9,998.9,1371,9
317,2025-11-26 10:25:45+05:30,998.2,52,995.48,3259624,349422.0,441976.0,986.2,1001.8,981.3,986.2,120231750,1084.8,887.6,1102.5,649.1,998.3,26,1,998.2,1010,7,998.1,4192,16,998.0,3247,17,997.9,846,8,998.5,168,2,998.6,157,3,998.7,611,7,998.8,1030,9,998.9,1371,9
317,2025-11-26 10:25:45+05:30,998.2,52,995.48,3259761,350025.0,442633.0,986.2,1001.8,981.3,986.2,120231750,1084.8,887.6,1102.5,649.1,998.3,750,1,998.2,1014,6,998.1,4179,15,998.0,3227,16,997.9,846,8,998.5,166,2,998.6,157,3,998.7,660,8,998.8,1392,15,998.9,1452,12
317,2025-11-26 10:25:46+05:30,998.5,2,995.48,3259761,350025.0,442633.0,986.2,1001.8,981.3,986.2,120231750,1084.8,887.6,1102.5,649.1,998.3,750,1,998.2,1014,6,998.1,4179,15,998.0,3227,16,997.9,846,8,998.5,166,2,998.6,157,3,998.7,660,8,998.8,1392,15,998.9,1452,12
317,2025-11-26 10:25:46+05:30,998.5,2,995.48,3259763,350077.0,442829.0,986.2,1001.8,981.3,986.2,120231750,1084.8,887.6,1102.5,649.1,998.3,750,1,998.2,1014,6,998.1,4216,17,998.0,3242,17,997.9,846,8,998.5,166,3,998.6,81,2,998.7,660,8,998.8,1350,14,998.9,1218,10
317,2025-11-26 10:25:47+05:30,998.5,2,995.48,3259763,350077.0,442835.0,986.2,1001.8,981.3,986.2,120231750,1084.8,887.6,1102.5,649.1,998.3,750,1,998.2,1014,6,998.1,4216,17,998.0,3242,17,997.9,846,8,998.5,166,3,998.6,94,3,998.7,651,8,998.8,1350,14,998.9,1218,10
317,2025-11-26 10:25:48+05:30,998.3,4,995.48,3259763,350077.0,442835.0,986.2,1001.8,981.3,986.2,120231750,1084.8,887.6,1102.5,649.1,998.3,750,1,998.2,1014,6,998.1,4216,17,998.0,3242,17,997.9,846,8,998.5,166,3,998.6,94,3,998.7,651,8,998.8,1350,14,998.9,1218,10
317,2025-11-26 10:25:48+05:30,998.3,4,995.48,3259767,350079.0,442935.0,986.2,1001.8,981.3,986.2,120231750,1084.8,887.6,1102.5,649.1,998.3,746,1,998.2,1014,6,998.1,4192,16,998.0,3242,17,997.9,846,8,998.5,166,3,998.6,94,3,998.7,651,8,998.8,1350,14,998.9,1218,10
317,2025-11-26 10:25:49+05:30,998.3,1,995.48,3259768,350078.0,442808.0,986.2,1001.8,981.3,986.2,120231750,1084.8,887.6,1102.5,649.1,998.3,745,1,998.2,1014,6,998.1,4108,14,998.0,3326,19,997.9,846,8,998.5,232,4,998.6,170,4,998.7,693,9,998.8,1308,13,998.9,1468,11
317,2025-11-26 10:25:50+05:30,998.4,37,995.48,3259768,350078.0,442808.0,986.2,1001.8,981.3,986.2,120231750,1084.8,887.6,1102.5,649.1,998.3,745,1,998.2,1014,6,998.1,4108,14,998.0,3326,19,997.9,846,8,998.5,232,4,998.6,170,4,998.7,693,9,998.8,1308,13,998.9,1468,11
317,2025-11-26 10:25:50+05:30,998.4,37,995.48,3259805,350749.0,442744.0,986.2,1001.8,981.3,986.2,120231750,1084.8,887.6,1102.5,649.1,998.3,745,1,998.2,1014,6,998.1,4108,14,998.0,3277,18,997.9,767,7,998.4,59,1,998.5,232,4,998.6,170,4,998.7,693,9,998.8,1387,18
317,2025-11-26 10:25:51+05:30,998.4,37,995.48,3259805,350828.0,442637.0,986.2,1001.8,981.3,986.2,120231750,1084.8,887.6,1102.5,649.1,998.3,745,1,998.2,1014,6,998.1,4150,15,998.0,3265,18,997.9,846,8,998.4,59,1,998.5,178,4,998.6,3,1,998.7,693,9,998.8,1179,12
317,2025-11-26 10:25:52+05:30,998.4,37,995.48,3259805,350828.0,442653.0,986.2,1001.8,981.3,986.2,120231750,1084.8,887.6,1102.5,649.1,998.3,745,1,998.2,1014,6,998.1,4150,15,998.0,3265,18,997.9,846,8,998.4,59,1,998.5,178,4,998.6,3,1,998.7,693,9,998.8,1179,12
317,2025-11-26 10:25:53+05:30,998.4,112,995.48,3259917,353495.0,442557.0,986.2,1001.8,981.3,986.2,120231750,1084.8,887.6,1102.5,649.1,998.3,758,2,998.2,1014,6,998.1,4192,16,998.0,3223,17,997.9,846,8,998.4,96,1,998.5,178,4,998.6,3,1,998.7,602,7,998.8,1179,12
317,2025-11-26 10:25:54+05:30,998.4,112,995.48,3259917,353495.0,442557.0,986.2,1001.8,981.3,986.2,120231750,1084.8,887.6,1102.5,649.1,998.3,758,2,998.2,1014,6,998.1,4192,16,998.0,3223,17,997.9,846,8,998.4,96,1,998.5,178,4,998.6,3,1,998.7,602,7,998.8,1179,12
317,2025-11-26 10:25:54+05:30,998.4,112,995.48,3259917,353382.0,442632.0,986.2,1001.8,981.3,986.2,120231750,1084.8,887.6,1102.5,649.1,998.3,758,2,998.2,1014,6,998.1,4192,16,998.0,3110,16,997.9,846,8,998.4,96,1,998.5,178,4,998.6,3,1,998.7,602,7,998.8,1179,12
317,2025-11-26 10:25:55+05:30,998.5,44,995.48,3259917,353382.0,442632.0,986.2,1001.8,981.3,986.2,120231750,1084.8,887.6,1102.5,649.1,998.3,758,2,998.2,1014,6,998.1,4192,16,998.0,3110,16,997.9,846,8,998.4,96,1,998.5,178,4,998.6,3,1,998.7,602,7,998.8,1179,12
317,2025-11-26 10:25:55+05:30,998.5,5,995.49,3260892,352152.0,442518.0,986.2,1001.8,981.3,986.2,120231750,1084.8,887.6,1102.5,649.1,998.3,704,1,998.2,1316,9,998.1,4050,15,998.0,2964,11,997.9,846,8,998.5,9,2,998.6,3,1,998.7,414,6,998.8,1162,9,998.9,1105,7
317,2025-11-26 10:25:56+05:30,998.3,135,995.49,3260892,352152.0,442518.0,986.2,1001.8,981.3,986.2,120231750,1084.8,887.6,1102.5,649.1,998.3,704,1,998.2,1316,9,998.1,4050,15,998.0,2964,11,997.9,846,8,998.5,9,2,998.6,3,1,998.7,414,6,998.8,1162,9,998.9,1105,7
317,2025-11-26 10:25:57+05:30,998.5,7,995.49,3261034,352099.0,442266.0,986.2,1001.8,981.3,986.2,120231750,1084.8,887.6,1102.5,649.1,998.3,647,3,998.2,1280,9,998.1,4012,15,998.0,2964,11,997.9,846,8,998.5,2,1,998.6,3,1,998.7,445,7,998.8,994,8,998.9,1143,7
317,2025-11-26 10:25:57+05:30,998.5,7,995.49,3261034,352099.0,442266.0,986.2,1001.8,981.3,986.2,120231750,1084.8,887.6,1102.5,649.1,998.3,647,3,998.2,1280,9,998.1,4012,15,998.0,2964,11,997.9,846,8,998.5,2,1,998.6,3,1,998.7,445,7,998.8,994,8,998.9,1143,7
317,2025-11-26 10:25:58+05:30,998.5,7,995.49,3261034,352791.0,442521.0,986.2,1001.8,981.3,986.2,120231750,1084.8,887.6,1102.5,649.1,998.3,647,3,998.2,1280,9,998.1,4012,15,998.0,2964,11,997.9,846,8,998.5,2,1,998.6,3,1,998.7,444,6,998.8,995,9,998.9,1143,7
317,2025-11-26 10:25:58+05:30,998.3,135,995.49,3261034,352791.0,442521.0,986.2,1001.8,981.3,986.2,120231750,1084.8,887.6,1102.5,649.1,998.3,647,3,998.2,1280,9,998.1,4012,15,998.0,2964,11,997.9,846,8,998.5,2,1,998.6,3,1,998.7,444,6,998.8,995,9,998.9,1143,7
317,2025-11-26 10:25:59+05:30,998.3,135,995.49,3261169,351472.0,442520.0,986.2,1001.8,981.3,986.2,120231750,1084.8,887.6,1102.5,649.1,998.3,490,3,998.2,1274,8,998.1,4026,14,998.0,2885,10,997.9,890,9,998.5,2,1,998.6,81,2,998.7,488,7,998.8,995,9,998.9,1403,9
317,2025-11-26 10:26:00+05:30,998.3,135,995.49,3261169,352169.0,442953.0,986.2,1001.8,981.3,986.2,120231750,1084.8,887.6,1102.5,649.1,998.3,490,3,998.2,1232,7,998.1,4068,15,998.0,2885,10,997.9,846,8,998.4,96,1,998.5,2,1,998.6,160,3,998.7,444,6,998.8,1001,10
317,2025-11-26 10:26:01+05:30,998.3,14,995.49,3261169,352169.0,442953.0,986.2,1001.8,981.3,986.2,120231750,1084.8,887.6,1102.5,649.1,998.3,490,3,998.2,1232,7,998.1,4068,15,998.0,2885,10,997.9,846,8,998.4,96,1,998.5,2,1,998.6,160,3,998.7,444,6,998.8,1001,10
317,2025-11-26 10:26:01+05:30,998.3,14,995.49,3261496,349843.0,443702.0,986.2,1001.8,981.3,986.2,120231750,1084.8,887.6,1102.5,649.1,998.3,76,3,998.2,1014,6,998.1,2351,10,998.0,2086,8,997.9,2642,10,998.4,41,1,998.5,2,1,998.6,498,5,998.7,703,8,998.8,1011,11
317,2025-11-26 10:26:02+05:30,998.3,14,995.49,3261496,350892.0,443665.0,986.2,1001.8,981.3,986.2,120231750,1084.8,887.6,1102.5,649.1,998.3,76,3,998.2,676,6,998.1,1060,5,998.0,5134,14,997.9,2032,13,998.4,41,1,998.5,2,1,998.6,498,5,998.7,703,8,998.8,1011,11
317,2025-11-26 10:26:03+05:30,998.3,14,995.49,3261496,350723.0,443666.0,986.2,1001.8,981.3,986.2,120231750,1084.8,887.6,1102.5,649.1,998.3,76,3,998.2,676,6,998.1,1060,5,998.0,5179,13,997.9,2069,14,998.4,41,1,998.5,3,2,998.6,498,5,998.7,703,8,998.8,1011,11
317,2025-11-26 10:26:04+05:30,998.3,14,995.49,3261496,350723.0,443666.0,986.2,1001.8,981.3,986.2,120231750,1084.8,887.6,1102.5,649.1,998.3,76,3,998.2,676,6,998.1,1060,5,998.0,5179,13,997.9,2069,14,998.4,41,1,998.5,3,2,998.6,498,5,998.7,703,8,998.8,1011,11
317,2025-11-26 10:26:05+05:30,998.3,96,995.49,3261496,350723.0,443666.0,986.2,1001.8,981.3,986.2,120231750,1084.8,887.6,1102.5,649.1,998.3,76,3,998.2,676,6,998.1,1060,5,998.0,5179,13,997.9,2069,14,998.4,41,1,998.5,3,2,998.6,498,5,998.7,703,8,998.8,1011,11
317,2025-11-26 10:26:05+05:30,998.3,96,995.49,3262015,352953.0,444385.0,986.2,1001.8,981.3,986.2,120231750,1084.8,887.6,1102.5,649.1,998.2,577,5,998.1,438,5,998.0,4819,17,997.9,3561,14,997.8,950,10,998.3,96,1,998.5,3,2,998.6,291,3,998.7,654,7,998.8,1810,11
317,2025-11-26 10:26:06+05:30,998.3,34,995.49,3262015,352953.0,444385.0,986.2,1001.8,981.3,986.2,120231750,1084.8,887.6,1102.5,649.1,998.2,577,5,998.1,438,5,998.0,4819,17,997.9,3561,14,997.8,950,10,998.3,96,1,998.5,3,2,998.6,291,3,998.7,654,7,998.8,1810,11
317,2025-11-26 10:26:06+05:30,998.3,34,995.49,3262280,352482.0,443379.0,986.2,1001.8,981.3,986.2,120231750,1084.8,887.6,1102.5,649.1,998.2,196,3,998.1,1529,6,998.0,4908,18,997.9,2030,11,997.8,950,10,998.4,200,1,998.5,3,2,998.6,213,2,998.7,579,7,998.8,855,9
317,2025-11-26 10:26:07+05:30,998.2,21,995.49,3262280,352482.0,443379.0,986.2,1001.8,981.3,986.2,120231750,1084.8,887.6,1102.5,649.1,998.2,196,3,998.1,1529,6,998.0,4908,18,997.9,2030,11,997.8,950,10,998.4,200,1,998.5,3,2,998.6,213,2,998.7,579,7,998.8,855,9
317,2025-11-26 10:26:07+05:30,998.2,21,995.49,3262415,352694.0,443761.0,986.2,1001.8,981.3,986.2,120231750,1084.8,887.6,1102.5,649.1,998.2,553,4,998.1,1023,4,998.0,4675,16,997.9,2780,12,997.8,950,10,998.4,200,1,998.5,3,2,998.6,317,3,998.7,658,8,998.8,930,10
317,2025-11-26 10:26:08+05:30,998.2,21,995.49,3262415,352944.0,443791.0,986.2,1001.8,981.3,986.2,120231750,1084.8,887.6,1102.5,649.1,998.2,553,4,998.1,1023,4,998.0,4675,16,997.9,2793,13,997.8,937,9,998.4,200,1,998.5,3,2,998.6,317,3,998.7,658,8,998.8,930,10
317,2025-11-26 10:26:09+05:30,998.2,2,995.49,3262417,353077.0,444019.0,986.2,1001.8,981.3,986.2,120231750,1084.8,887.6,1102.5,649.1,998.2,551,4,998.1,1023,4,998.0,4675,16,997.9,2806,14,997.8,952,9,998.4,200,1,998.5,3,2,998.6,317,3,998.7,658,8,998.8,940,11
317,2025-11-26 10:26:10+05:30,998.2,2,995.49,3262417,353077.0,444019.0,986.2,1001.8,981.3,986.2,120231750,1084.8,887.6,1102.5,649.1,998.2,551,4,998.1,1023,4,998.0,4675,16,997.9,2806,14,997.8,952,9,998.4,200,1,998.5,3,2,998.6,317,3,998.7,658,8,998.8,940,11
317,2025-11-26 10:26:10+05:30,998.2,2,995.49,3262417,352993.0,445717.0,986.2,1001.8,981.3,986.2,120231750,1084.8,887.6,1102.5,649.1,998.2,551,4,998.1,1023,4,998.0,4961,11,997.9,1354,12,997.8,950,10,998.3,146,2,998.4,200,1,998.5,222,5,998.6,393,3,998.7,1288,11
317,2025-11-26 10:26:11+05:30,998.2,2,995.49,3262417,353780.0,445677.0,986.2,1001.8,981.3,986.2,120231750,1084.8,887.6,1102.5,649.1,998.2,564,5,998.1,1023,4,998.0,4995,12,997.9,2120,15,997.8,924,8,998.3,146,2,998.4,200,1,998.5,222,5,998.6,393,3,998.7,1288,11
317,2025-11-26 10:26:12+05:30,998.2,2,995.49,3262417,353780.0,445584.0,986.2,1001.8,981.3,986.2,120231750,1084.8,887.6,1102.5,649.1,998.2,564,5,998.1,1023,4,998.0,4995,12,997.9,2120,15,997.8,924,8,998.3,146,2,998.4,200,1,998.5,222,5,998.6,393,3,998.7,717,10
317,2025-11-26 10:26:13+05:30,998.3,10,995.49,3262584,354264.0,444515.0,986.2,1001.8,981.3,986.2,120231750,1084.8,887.6,1102.5,649.1,998.2,563,5,998.1,1151,5,998.0,5488,16,997.9,2057,12,997.8,950,10,998.3,76,1,998.4,200,1,998.5,10,3,998.6,314,2,998.7,658,8
317,2025-11-26 10:26:14+05:30,998.3,10,995.49,3262584,354264.0,444515.0,986.2,1001.8,981.3,986.2,120231750,1084.8,887.6,1102.5,649.1,998.2,563,5,998.1,1151,5,998.0,5488,16,997.9,2057,12,997.8,950,10,998.3,76,1,998.4,200,1,998.5,10,3,998.6,314,2,998.7,658,8
317,2025-11-26 10:26:14+05:30,998.3,2,995.49,3262589,354262.0,444510.0,986.2,1001.8,981.3,986.2,120231750,1084.8,887.6,1102.5,649.1,998.2,563,5,998.1,1151,5,998.0,5488,16,997.9,2057,12,997.8,950,10,998.3,71,1,998.4,200,1,998.5,10,3,998.6,314,2,998.7,658,8
317,2025-11-26 10:26:15+05:30,998.4,100,995.49,3262589,354262.0,444510.0,986.2,1001.8,981.3,986.2,120231750,1084.8,887.6,1102.5,649.1,998.2,563,5,998.1,1151,5,998.0,5488,16,997.9,2057,12,997.8,950,10,998.3,71,1,998.4,200,1,998.5,10,3,998.6,314,2,998.7,658,8
317,2025-11-26 10:26:15+05:30,998.4,100,995.49,3263528,349128.0,444527.0,986.2,1001.8,981.3,986.2,120231750,1084.8,887.6,1102.5,649.1,998.1,271,2,998.0,3209,16,997.9,3456,13,997.8,950,10,997.7,1654,13,998.4,100,1,998.5,10,3,998.6,420,3,998.7,1710,11,998.8,1276,14
317,2025-11-26 10:26:16+05:30,998.1,88,995.49,3263528,349128.0,444527.0,986.2,1001.8,981.3,986.2,120231750,1084.8,887.6,1102.5,649.1,998.1,271,2,998.0,3209,16,997.9,3456,13,997.8,950,10,997.7,1654,13,998.4,100,1,998.5,10,3,998.6,420,3,998.7,1710,11,998.8,1276,14
317,2025-11-26 10:26:16+05:30,998.1,88,995.49,3263663,350021.0,445159.0,986.2,1001.8,981.3,986.2,120231750,1084.8,887.6,1102.5,649.1,998.1,933,3,998.0,3592,13,997.9,2697,12,997.8,950,10,997.7,1710,14,998.4,100,1,998.5,309,5,998.6,699,5,998.7,1715,12,998.8,1292,16
317,2025-11-26 10:26:17+05:30,998.2,135,995.49,3263663,350021.0,445159.0,986.2,1001.8,981.3,986.2,120231750,1084.8,887.6,1102.5,649.1,998.1,933,3,998.0,3592,13,997.9,2697,12,997.8,950,10,997.7,1710,14,998.4,100,1,998.5,309,5,998.6,699,5,998.7,1715,12,998.8,1292,16
317,2025-11-26 10:26:17+05:30,998.4,50,995.49,3263848,351970.0,445188.0,986.2,1001.8,981.3,986.2,120231750,1084.8,887.6,1102.5,649.1,998.1,1548,4,998.0,3849,14,997.9,2518,11,997.8,1735,12,997.7,1710,14,998.4,50,1,998.5,113,4,998.6,699,5,998.7,1715,12,998.8,1375,18
317,2025-11-26 10:26:18+05:30,998.4,50,995.49,3263848,351970.0,445188.0,986.2,1001.8,981.3,986.2,120231750,1084.8,887.6,1102.5,649.1,998.1,1548,4,998.0,3849,14,997.9,2518,11,997.8,1735,12,997.7,1710,14,998.4,50,1,998.5,113,4,998.6,699,5,998.7,1715,12,998.8,1375,18
317,2025-11-26 10:26:18+05:30,998.4,50,995.49,3263848,352103.0,446192.0,986.2,1001.8,981.3,986.2,120231750,1084.8,887.6,1102.5,649.1,998.2,615,1,998.1,183,2,998.0,4648,17,997.9,3200,10,997.8,1052,12,998.4,50,1,998.5,113,4,998.6,701,6,998.7,1212,11,998.8,1881,17
317,2025-11-26 10:26:19+05:30,998.4,50,995.49,3263848,352507.0,446223.0,986.2,1001.8,981.3,986.2,120231750,1084.8,887.6,1102.5,649.1,998.2,615,1,998.1,933,3,998.0,5447,19,997.9,1726,10,997.8,1026,10,998.4,50,1,998.5,113,4,998.6,701,6,998.7,1212,11,998.8,1881,17
317,2025-11-26 10:26:20+05:30,998.3,96,995.49,3263848,352507.0,446223.0,986.2,1001.8,981.3,986.2,120231750,1084.8,887.6,1102.5,649.1,998.2,615,1,998.1,933,3,998.0,5447,19,997.9,1726,10,997.8,1026,10,998.4,50,1,998.5,113,4,998.6,701,6,998.7,1212,11,998.8,1881,17
317,2025-11-26 10:26:20+05:30,998.3,96,995.49,3263944,353914.0,445318.0,986.2,1001.8,981.3,986.2,120231750,1084.8,887.6,1102.5,649.1,998.2,649,2,998.1,1061,4,998.0,5544,18,997.9,1756,11,997.8,1026,10,998.3,96,1,998.4,50,1,998.5,10,3,998.6,501,5,998.7,1582,10
317,2025-11-26 10:26:21+05:30,998.3,96,995.49,3263944,353914.0,445318.0,986.2,1001.8,981.3,986.2,120231750,1084.8,887.6,1102.5,649.1,998.2,649,2,998.1,1061,4,998.0,5544,18,997.9,1756,11,997.8,1026,10,998.3,96,1,998.4,50,1,998.5,10,3,998.6,501,5,998.7,1582,10
317,2025-11-26 10:26:21+05:30,998.3,96,995.49,3264232,353781.0,445096.0,986.2,1001.8,981.3,986.2,120231750,1084.8,887.6,1102.5,649.1,998.2,649,2,998.1,1476,8,998.0,5645,18,997.9,1756,11,997.8,1026,10,998.3,96,1,998.4,50,1,998.5,10,3,998.6,420,3,998.7,1571,9
317,2025-11-26 10:26:22+05:30,998.3,31,995.49,3264232,353781.0,445096.0,986.2,1001.8,981.3,986.2,120231750,1084.8,887.6,1102.5,649.1,998.2,649,2,998.1,1476,8,998.0,5645,18,997.9,1756,11,997.8,1026,10,998.3,96,1,998.4,50,1,998.5,10,3,998.6,420,3,998.7,1571,9
317,2025-11-26 10:26:22+05:30,998.4,50,995.49,3264853,353509.0,444173.0,986.2,1001.8,981.3,986.2,120231750,1084.8,887.6,1102.5,649.1,998.3,651,2,998.2,867,4,998.1,4180,13,998.0,3640,20,997.9,733,9,998.5,10,3,998.7,847,6,998.8,911,7,998.9,1475,15,999.0,11117,12
317,2025-11-26 10:26:23+05:30,998.3,99,995.49,3264853,353509.0,444173.0,986.2,1001.8,981.3,986.2,120231750,1084.8,887.6,1102.5,649.1,998.3,651,2,998.2,867,4,998.1,4180,13,998.0,3640,20,997.9,733,9,998.5,10,3,998.7,847,6,998.8,911,7,998.9,1475,15,999.0,11117,12
317,2025-11-26 10:26:24+05:30,998.3,99,995.49,3264988,353428.0,444499.0,986.2,1001.8,981.3,986.2,120231750,1084.8,887.6,1102.5,649.1,998.3,552,2,998.2,867,4,998.1,4088,12,998.0,3535,20,997.9,885,8,998.5,10,3,998.7,847,6,998.8,995,9,998.9,1157,16,999.0,11083,13
317,2025-11-26 10:26:24+05:30,998.3,135,995.49,3265168,353640.0,444065.0,986.2,1001.8,981.3,986.2,120231750,1084.8,887.6,1102.5,649.1,998.3,381,1,998.2,952,5,998.1,4267,13,998.0,3633,20,997.9,885,8,998.5,4,2,998.7,847,6,998.8,744,7,998.9,1726,17,999.0,11045,12
317,2025-11-26 10:26:25+05:30,998.5,14,995.49,3265168,353640.0,444065.0,986.2,1001.8,981.3,986.2,120231750,1084.8,887.6,1102.5,649.1,998.3,381,1,998.2,952,5,998.1,4267,13,998.0,3633,20,997.9,885,8,998.5,4,2,998.7,847,6,998.8,744,7,998.9,1726,17,999.0,11045,12
317,2025-11-26 10:26:26+05:30,998.9,25,995.49,3265890,351133.0,439693.0,986.2,1001.8,981.3,986.2,120231750,1084.8,887.6,1102.5,649.1,998.7,225,1,998.4,409,3,998.3,2168,5,998.2,2746,9,998.1,1038,12,998.9,366,4,999.0,10972,10,999.1,1101,10,999.2,1723,14,999.3,879,13
317,2025-11-26 10:26:26+05:30,998.9,25,995.49,3265890,351133.0,439693.0,986.2,1001.8,981.3,986.2,120231750,1084.8,887.6,1102.5,649.1,998.7,225,1,998.4,409,3,998.3,2168,5,998.2,2746,9,998.1,1038,12,998.9,366,4,999.0,10972,10,999.1,1101,10,999.2,1723,14,999.3,879,13
317,2025-11-26 10:26:27+05:30,998.7,135,995.49,3266033,351425.0,441103.0,986.2,1001.8,981.3,986.2,120231750,1084.8,887.6,1102.5,649.1,998.7,90,1,998.4,881,2,998.3,1536,3,998.2,3102,9,998.1,1014,13,998.8,929,7,998.9,1095,8,999.0,11188,11,999.1,851,9,999.2,1733,15
317,2025-11-26 10:26:27+05:30,998.7,135,995.49,3266033,351425.0,441103.0,986.2,1001.8,981.3,986.2,120231750,1084.8,887.6,1102.5,649.1,998.7,90,1,998.4,881,2,998.3,1536,3,998.2,3102,9,998.1,1014,13,998.8,929,7,998.9,1095,8,999.0,11188,11,999.1,851,9,999.2,1733,15
317,2025-11-26 10:26:28+05:30,998.7,135,995.49,3266033,350806.0,441115.0,986.2,1001.8,981.3,986.2,120231750,1084.8,887.6,1102.5,649.1,998.7,90,1,998.4,510,2,998.3,2127,5,998.2,1602,7,998.1,2533,16,998.8,814,5,998.9,1131,9,999.0,11188,11,999.1,851,9,999.2,1733,15
317,2025-11-26 10:26:29+05:30,998.7,135,995.49,3266033,351578.0,441092.0,986.2,1001.8,981.3,986.2,120231750,1084.8,887.6,1102.5,649.1,998.7,90,1,998.4,891,3,998.3,1746,4,998.2,3102,9,998.1,1033,14,998.8,611,2,998.9,1131,9,999.0,11188,11,999.1,851,9,999.2,1736,16
317,2025-11-26 10:26:30+05:30,998.7,13,995.49,3266033,351578.0,441092.0,986.2,1001.8,981.3,986.2,120231750,1084.8,887.6,1102.5,649.1,998.7,90,1,998.4,891,3,998.3,1746,4,998.2,3102,9,998.1,1033,14,998.8,611,2,998.9,1131,9,999.0,11188,11,999.1,851,9,999.2,1736,16
317,2025-11-26 10:26:30+05:30,998.7,13,995.49,3266636,353502.0,441218.0,986.2,1001.8,981.3,986.2,120231750,1084.8,887.6,1102.5,649.1,998.5,381,1,998.4,798,4,998.3,3115,6,998.2,2265,9,998.1,1056,12,998.7,96,1,998.8,102,2,998.9,1731,9,999.0,11188,11,999.1,856,10
317,2025-11-26 10:26:31+05:30,998.5,120,995.49,3266636,353502.0,441218.0,986.2,1001.8,981.3,986.2,120231750,1084.8,887.6,1102.5,649.1,998.5,381,1,998.4,798,4,998.3,3115,6,998.2,2265,9,998.1,1056,12,998.7,96,1,998.8,102,2,998.9,1731,9,999.0,11188,11,999.1,856,10
317,2025-11-26 10:26:31+05:30,998.5,120,995.49,3266814,353815.0,441273.0,986.2,1001.8,981.3,986.2,120231750,1084.8,887.6,1102.5,649.1,998.5,203,1,998.4,760,2,998.3,3828,7,998.2,2298,10,998.1,1005,11,998.7,96,1,998.8,435,5,998.9,1673,9,999.0,11193,12,999.1,856,10
317,2025-11-26 10:26:32+05:30,998.7,44,995.49,3266814,353815.0,441273.0,986.2,1001.8,981.3,986.2,120231750,1084.8,887.6,1102.5,649.1,998.5,203,1,998.4,760,2,998.3,3828,7,998.2,2298,10,998.1,1005,11,998.7,96,1,998.8,435,5,998.9,1673,9,999.0,11193,12,999.1,856,10
317,2025-11-26 10:26:32+05:30,998.7,7,995.49,3266865,354087.0,441429.0,986.2,1001.8,981.3,986.2,120231750,1084.8,887.6,1102.5,649.1,998.5,203,1,998.4,760,2,998.3,3828,7,998.2,2225,10,998.1,1005,11,998.7,45,1,998.8,435,5,998.9,1170,8,999.0,10938,10,999.1,818,8
317,2025-11-26 10:26:33+05:30,998.5,120,995.49,3266865,354087.0,441429.0,986.2,1001.8,981.3,986.2,120231750,1084.8,887.6,1102.5,649.1,998.5,203,1,998.4,760,2,998.3,3828,7,998.2,2225,10,998.1,1005,11,998.7,45,1,998.8,435,5,998.9,1170,8,999.0,10938,10,999.1,818,8
317,2025-11-26 10:26:33+05:30,998.5,120,995.49,3267074,353828.0,441796.0,986.2,1001.8,981.3,986.2,120231750,1084.8,887.6,1102.5,649.1,998.5,83,1,998.4,760,2,998.3,3828,7,998.2,2225,10,998.1,950,10,998.7,647,4,998.8,563,6,998.9,1157,9,999.0,10938,10,999.1,1130,13
317,2025-11-26 10:26:34+05:30,998.5,18,995.49,3267204,353875.0,442339.0,986.2,1001.8,981.3,986.2,120231750,1084.8,887.6,1102.5,649.1,998.5,65,1,998.4,760,2,998.3,3828,7,998.2,2225,10,998.1,950,10,998.7,440,2,998.8,563,6,998.9,1359,10,999.0,11198,12,999.1,880,12
317,2025-11-26 10:26:35+05:30,998.5,18,995.49,3267204,353875.0,442339.0,986.2,1001.8,981.3,986.2,120231750,1084.8,887.6,1102.5,649.1,998.5,65,1,998.4,760,2,998.3,3828,7,998.2,2225,10,998.1,950,10,998.7,440,2,998.8,563,6,998.9,1359,10,999.0,11198,12,999.1,880,12
317,2025-11-26 10:26:36+05:30,998.5,18,995.49,3267204,353365.0,443143.0,986.2,1001.8,981.3,986.2,120231750,1084.8,887.6,1102.5,649.1,998.4,10,1,998.3,104,3,998.2,1279,4,998.1,4617,14,998.0,3069,18,998.5,97,2,998.7,605,3,998.8,709,9,998.9,1091,7,999.0,11286,14
317,2025-11-26 10:26:37+05:30,998.4,1,995.49,3267205,353306.0,442697.0,986.2,1001.8,981.3,986.2,120231750,1084.8,887.6,1102.5,649.1,998.4,25,2,998.3,104,3,998.2,1279,4,998.1,4584,13,998.0,3069,18,998.5,137,4,998.7,745,6,998.8,676,8,998.9,688,6,999.0,11280,16
317,2025-11-26 10:26:37+05:30,998.4,1,995.49,3267205,353306.0,442697.0,986.2,1001.8,981.3,986.2,120231750,1084.8,887.6,1102.5,649.1,998.4,25,2,998.3,104,3,998.2,1279,4,998.1,4584,13,998.0,3069,18,998.5,137,4,998.7,745,6,998.8,676,8,998.9,688,6,999.0,11280,16
317,2025-11-26 10:26:38+05:30,998.4,1,995.49,3267205,353322.0,442696.0,986.2,1001.8,981.3,986.2,120231750,1084.8,887.6,1102.5,649.1,998.4,25,2,998.3,104,3,998.2,1279,4,998.1,4600,13,998.0,3069,18,998.5,137,4,998.7,712,5,998.8,709,9,998.9,688,6,999.0,11280,16
317,2025-11-26 10:26:39+05:30,998.4,1,995.49,3267205,353389.0,443604.0,986.2,1001.8,981.3,986.2,120231750,1084.8,887.6,1102.5,649.1,998.4,25,2,998.3,104,3,998.2,1522,6,998.1,4679,14,998.0,3069,18,998.5,137,4,998.7,1605,4,998.8,714,10,998.9,726,8,999.0,11331,19
317,2025-11-26 10:26:40+05:30,998.4,154,995.49,3267205,353389.0,443604.0,986.2,1001.8,981.3,986.2,120231750,1084.8,887.6,1102.5,649.1,998.4,25,2,998.3,104,3,998.2,1522,6,998.1,4679,14,998.0,3069,18,998.5,137,4,998.7,1605,4,998.8,714,10,998.9,726,8,999.0,11331,19
317,2025-11-26 10:26:40+05:30,998.4,154,995.49,3267368,352971.0,444891.0,986.2,1001.8,981.3,986.2,120231750,1084.8,887.6,1102.5,649.1,998.3,104,3,998.2,785,2,998.1,4666,15,998.0,2896,16,997.9,920,12,998.4,192,2,998.5,41,3,998.6,202,1,998.7,1797,6,998.8,691,10
317,2025-11-26 10:26:41+05:30,998.4,65,995.49,3267433,353029.0,444745.0,986.2,1001.8,981.3,986.2,120231750,1084.8,887.6,1102.5,649.1,998.3,39,2,998.2,3440,7,998.1,3110,13,998.0,1765,12,997.9,920,12,998.4,127,2,998.5,41,3,998.6,202,1,998.7,1797,6,998.8,679,10
317,2025-11-26 10:26:42+05:30,998.4,65,995.49,3267433,353029.0,444745.0,986.2,1001.8,981.3,986.2,120231750,1084.8,887.6,1102.5,649.1,998.3,39,2,998.2,3440,7,998.1,3110,13,998.0,1765,12,997.9,920,12,998.4,127,2,998.5,41,3,998.6,202,1,998.7,1797,6,998.8,679,10
317,2025-11-26 10:26:42+05:30,998.4,65,995.49,3267433,353367.0,444788.0,986.2,1001.8,981.3,986.2,120231750,1084.8,887.6,1102.5,649.1,998.3,39,2,998.2,3485,7,998.1,3245,15,998.0,2275,14,997.9,968,13,998.4,127,2,998.5,41,3,998.6,202,1,998.7,1797,6,998.8,679,10
317,2025-11-26 10:26:43+05:30,998.4,13,995.49,3267477,353195.0,445023.0,986.2,1001.8,981.3,986.2,120231750,1084.8,887.6,1102.5,649.1,998.3,39,2,998.2,3534,8,998.1,3289,16,998.0,2206,13,997.9,968,13,998.4,179,2,998.5,41,3,998.6,202,1,998.7,1797,6,998.8,687,10
317,2025-11-26 10:26:44+05:30,998.4,15,995.49,3267477,353195.0,445023.0,986.2,1001.8,981.3,986.2,120231750,1084.8,887.6,1102.5,649.1,998.3,39,2,998.2,3534,8,998.1,3289,16,998.0,2206,13,997.9,968,13,998.4,179,2,998.5,41,3,998.6,202,1,998.7,1797,6,998.8,687,10
317,2025-11-26 10:26:44+05:30,998.3,81,995.49,3267614,353427.0,445390.0,986.2,1001.8,981.3,986.2,120231750,1084.8,887.6,1102.5,649.1,998.3,105,2,998.2,3534,8,998.1,3145,15,998.0,1980,11,997.9,968,13,998.4,162,2,998.5,41,3,998.6,202,1,998.7,1797,6,998.8,697,11
317,2025-11-26 10:26:45+05:30,998.3,40,995.49,3267614,353427.0,445390.0,986.2,1001.8,981.3,986.2,120231750,1084.8,887.6,1102.5,649.1,998.3,105,2,998.2,3534,8,998.1,3145,15,998.0,1980,11,997.9,968,13,998.4,162,2,998.5,41,3,998.6,202,1,998.7,1797,6,998.8,697,11
317,2025-11-26 10:26:45+05:30,998.5,39,995.49,3269074,350021.0,444451.0,986.2,1001.8,981.3,986.2,120231750,1084.8,887.6,1102.5,649.1,998.3,30,1,998.2,3534,8,998.1,3249,14,998.0,2284,19,997.9,833,11,998.7,2073,4,998.8,809,12,998.9,793,8,999.0,11073,17,999.1,702,8
317,2025-11-26 10:26:46+05:30,998.2,205,995.49,3269074,350021.0,444451.0,986.2,1001.8,981.3,986.2,120231750,1084.8,887.6,1102.5,649.1,998.3,30,1,998.2,3534,8,998.1,3249,14,998.0,2284,19,997.9,833,11,998.7,2073,4,998.8,809,12,998.9,793,8,999.0,11073,17,999.1,702,8
317,2025-11-26 10:26:46+05:30,998.6,1,995.49,3269315,350770.0,445404.0,986.2,1001.8,981.3,986.2,120231750,1084.8,887.6,1102.5,649.1,998.3,30,1,998.2,954,8,998.1,2451,11,998.0,3175,17,997.9,1611,10,998.4,5,1,998.6,86,1,998.7,1752,7,998.8,1100,10,998.9,1059,11
317,2025-11-26 10:26:47+05:30,998.2,120,995.49,3269315,350770.0,445404.0,986.2,1001.8,981.3,986.2,120231750,1084.8,887.6,1102.5,649.1,998.3,30,1,998.2,954,8,998.1,2451,11,998.0,3175,17,997.9,1611,10,998.4,5,1,998.6,86,1,998.7,1752,7,998.8,1100,10,998.9,1059,11
317,2025-11-26 10:26:47+05:30,998.2,120,995.49,3269446,351887.0,445531.0,986.2,1001.8,981.3,986.2,120231750,1084.8,887.6,1102.5,649.1,998.2,693,7,998.1,4814,17,998.0,2689,20,997.9,848,8,997.8,1878,15,998.4,4,1,998.6,86,1,998.7,1752,7,998.8,1100,10,998.9,1087,12
317,2025-11-26 10:26:48+05:30,998.2,120,995.49,3269446,353367.0,445108.0,986.2,1001.8,981.3,986.2,120231750,1084.8,887.6,1102.5,649.1,998.3,780,2,998.2,706,8,998.1,4831,17,998.0,3471,21,997.9,861,9,998.4,4,1,998.6,86,1,998.7,1752,7,998.8,703,9,998.9,809,10
317,2025-11-26 10:26:49+05:30,998.6,40,995.49,3269446,353367.0,445108.0,986.2,1001.8,981.3,986.2,120231750,1084.8,887.6,1102.5,649.1,998.3,780,2,998.2,706,8,998.1,4831,17,998.0,3471,21,997.9,861,9,998.4,4,1,998.6,86,1,998.7,1752,7,998.8,703,9,998.9,809,10
317,2025-11-26 10:26:49+05:30,998.6,40,995.49,3269490,351019.0,444372.0,986.2,1001.8,981.3,986.2,120231750,1084.8,887.6,1102.5,649.1,998.4,128,2,998.3,52,2,998.2,1413,7,998.1,4032,15,998.0,3598,22,998.6,11,1,998.7,1604,5,998.8,630,9,998.9,1073,10,999.0,11099,19
317,2025-11-26 10:26:50+05:30,998.6,40,995.49,3269490,351882.0,444938.0,986.2,1001.8,981.3,986.2,120231750,1084.8,887.6,1102.5,649.1,998.4,128,2,998.3,52,2,998.2,1413,7,998.1,4062,16,998.0,3581,22,998.5,96,1,998.6,11,1,998.7,1585,5,998.8,600,8,998.9,1107,12
317,2025-11-26 10:26:51+05:30,998.5,10,995.49,3269490,351882.0,444938.0,986.2,1001.8,981.3,986.2,120231750,1084.8,887.6,1102.5,649.1,998.4,128,2,998.3,52,2,998.2,1413,7,998.1,4062,16,998.0,3581,22,998.5,96,1,998.6,11,1,998.7,1585,5,998.8,600,8,998.9,1107,12
317,2025-11-26 10:26:51+05:30,998.5,10,995.49,3269500,352367.0,444925.0,986.2,1001.8,981.3,986.2,120231750,1084.8,887.6,1102.5,649.1,998.4,141,3,998.3,39,1,998.2,1386,6,998.1,4524,14,998.0,3525,21,998.5,86,1,998.6,11,1,998.7,1555,4,998.8,627,9,998.9,857,11
317,2025-11-26 10:26:52+05:30,998.5,2,995.49,3269500,352367.0,444925.0,986.2,1001.8,981.3,986.2,120231750,1084.8,887.6,1102.5,649.1,998.4,141,3,998.3,39,1,998.2,1386,6,998.1,4524,14,998.0,3525,21,998.5,86,1,998.6,11,1,998.7,1555,4,998.8,627,9,998.9,857,11
317,2025-11-26 10:26:52+05:30,998.5,71,995.49,3269573,352244.0,444522.0,986.2,1001.8,981.3,986.2,120231750,1084.8,887.6,1102.5,649.1,998.4,118,3,998.3,39,1,998.2,1596,7,998.1,4573,15,998.0,3525,21,998.5,13,1,998.6,11,1,998.7,1345,3,998.8,627,9,998.9,1667,13
317,2025-11-26 10:26:53+05:30,998.5,71,995.49,3269573,352244.0,444522.0,986.2,1001.8,981.3,986.2,120231750,1084.8,887.6,1102.5,649.1,998.4,118,3,998.3,39,1,998.2,1596,7,998.1,4573,15,998.0,3525,21,998.5,13,1,998.6,11,1,998.7,1345,3,998.8,627,9,998.9,1667,13
317,2025-11-26 10:26:53+05:30,998.5,112,995.49,3269685,352197.0,444696.0,986.2,1001.8,981.3,986.2,120231750,1084.8,887.6,1102.5,649.1,998.4,118,3,998.3,39,1,998.2,3881,11,998.1,3069,14,998.0,2776,19,998.5,96,1,998.6,11,1,998.7,1345,3,998.8,442,5,998.9,1429,13
317,2025-11-26 10:26:54+05:30,999.4,18,995.49,3269685,352197.0,444696.0,986.2,1001.8,981.3,986.2,120231750,1084.8,887.6,1102.5,649.1,998.4,118,3,998.3,39,1,998.2,3881,11,998.1,3069,14,998.0,2776,19,998.5,96,1,998.6,11,1,998.7,1345,3,998.8,442,5,998.9,1429,13
317,2025-11-26 10:26:54+05:30,999.4,18,995.55,3323583,352890.0,426611.0,986.2,1001.8,981.3,986.2,120231750,1084.8,887.6,1102.5,649.1,998.8,100,2,998.7,777,2,998.6,2460,4,998.5,869,9,998.4,4039,13,999.2,373,7,999.3,766,9,999.4,1446,12,999.5,1319,15,999.6,1949,16
317,2025-11-26 10:26:55+05:30,998.6,750,995.55,3323583,352890.0,426611.0,986.2,1001.8,981.3,986.2,120231750,1084.8,887.6,1102.5,649.1,998.8,100,2,998.7,777,2,998.6,2460,4,998.5,869,9,998.4,4039,13,999.2,373,7,999.3,766,9,999.4,1446,12,999.5,1319,15,999.6,1949,16
317,2025-11-26 10:26:55+05:30,998.1,113,995.56,3337117,340028.0,435269.0,986.2,1001.8,981.3,986.2,120231750,1084.8,887.6,1102.5,649.1,998.3,87,1,998.2,105,2,998.1,542,6,998.0,1617,11,997.9,2025,7,998.7,48,1,998.8,396,6,998.9,550,9,999.0,1594,13,999.1,2246,13
317,2025-11-26 10:26:56+05:30,998.1,635,995.56,3337117,340028.0,435269.0,986.2,1001.8,981.3,986.2,120231750,1084.8,887.6,1102.5,649.1,998.3,87,1,998.2,105,2,998.1,542,6,998.0,1617,11,997.9,2025,7,998.7,48,1,998.8,396,6,998.9,550,9,999.0,1594,13,999.1,2246,13
317,2025-11-26 10:26:56+05:30,998.9,111,995.56,3340910,346152.0,431766.0,986.2,1001.8,981.3,986.2,120231750,1084.8,887.6,1102.5,649.1,998.4,257,4,998.3,1150,4,998.2,647,6,998.1,2694,12,998.0,3738,16,998.9,252,3,999.0,609,6,999.1,1214,8,999.2,816,12,999.3,1266,16
317,2025-11-26 10:26:57+05:30,998.4,73,995.56,3340910,346152.0,431766.0,986.2,1001.8,981.3,986.2,120231750,1084.8,887.6,1102.5,649.1,998.4,257,4,998.3,1150,4,998.2,647,6,998.1,2694,12,998.0,3738,16,998.9,252,3,999.0,609,6,999.1,1214,8,999.2,816,12,999.3,1266,16
317,2025-11-26 10:26:57+05:30,998.8,27,995.57,3345019,352126.0,429353.0,986.2,1001.8,981.3,986.2,120231750,1084.8,887.6,1102.5,649.1,998.6,432,4,998.5,368,3,998.4,1351,8,998.3,1896,15,998.2,4048,14,998.8,443,1,999.0,594,1,999.2,49,1,999.3,1134,8,999.4,906,7
317,2025-11-26 10:26:58+05:30,998.4,40,995.57,3345019,352126.0,429353.0,986.2,1001.8,981.3,986.2,120231750,1084.8,887.6,1102.5,649.1,998.6,432,4,998.5,368,3,998.4,1351,8,998.3,1896,15,998.2,4048,14,998.8,443,1,999.0,594,1,999.2,49,1,999.3,1134,8,999.4,906,7
317,2025-11-26 10:26:58+05:30,998.4,40,995.57,3346148,349660.0,433011.0,986.2,1001.8,981.3,986.2,120231750,1084.8,887.6,1102.5,649.1,998.4,338,5,998.3,1169,6,998.2,4847,14,998.1,611,10,998.0,2319,19,998.8,154,1,998.9,333,2,999.0,1163,7,999.1,1165,7,999.2,1816,12
317,2025-11-26 10:26:59+05:30,998.4,91,995.57,3346312,349611.0,434088.0,986.2,1001.8,981.3,986.2,120231750,1084.8,887.6,1102.5,649.1,998.4,165,3,998.3,1142,5,998.2,4549,13,998.1,821,11,998.0,2319,19,998.8,154,3,998.9,1109,5,999.0,1094,6,999.1,707,6,999.2,2021,13
317,2025-11-26 10:27:00+05:30,998.6,25,995.57,3346312,349611.0,434088.0,986.2,1001.8,981.3,986.2,120231750,1084.8,887.6,1102.5,649.1,998.4,165,3,998.3,1142,5,998.2,4549,13,998.1,821,11,998.0,2319,19,998.8,154,3,998.9,1109,5,999.0,1094,6,999.1,707,6,999.2,2021,13
317,2025-11-26 10:27:00+05:30,998.3,8,995.57,3346595,350598.0,435042.0,986.2,1001.8,981.3,986.2,120231750,1084.8,887.6,1102.5,649.1,998.3,799,5,998.2,4448,14,998.1,1075,10,998.0,2297,14,997.9,1207,15,998.6,96,1,998.8,671,5,998.9,1115,7,999.0,1097,10,999.1,810,9
317,2025-11-26 10:27:01+05:30,998.6,44,995.57,3346595,350598.0,435042.0,986.2,1001.8,981.3,986.2,120231750,1084.8,887.6,1102.5,649.1,998.3,799,5,998.2,4448,14,998.1,1075,10,998.0,2297,14,997.9,1207,15,998.6,96,1,998.8,671,5,998.9,1115,7,999.0,1097,10,999.1,810,9
317,2025-11-26 10:27:01+05:30,998.6,44,995.57,3346639,349842.0,434803.0,986.2,1001.8,981.3,986.2,120231750,1084.8,887.6,1102.5,649.1,998.3,122,4,998.2,1353,9,998.1,1753,9,998.0,4712,20,997.9,2004,17,998.6,52,1,998.8,466,6,998.9,1115,7,999.0,838,9,999.1,1263,10
317,2025-11-26 10:27:03+05:30,998.6,2,995.57,3346641,350355.0,435689.0,986.2,1001.8,981.3,986.2,120231750,1084.8,887.6,1102.5,649.1,998.3,74,3,998.2,1221,6,998.1,1684,10,998.0,4493,18,997.9,1925,12,998.6,50,1,998.7,824,5,998.8,882,10,998.9,1116,8,999.0,864,11
317,2025-11-26 10:27:03+05:30,998.6,2,995.57,3346641,350355.0,435689.0,986.2,1001.8,981.3,986.2,120231750,1084.8,887.6,1102.5,649.1,998.3,74,3,998.2,1221,6,998.1,1684,10,998.0,4493,18,997.9,1925,12,998.6,50,1,998.7,824,5,998.8,882,10,998.9,1116,8,999.0,864,11
317,2025-11-26 10:27:04+05:30,998.6,2,995.57,3346641,349273.0,435843.0,986.2,1001.8,981.3,986.2,120231750,1084.8,887.6,1102.5,649.1,998.3,74,3,998.2,332,3,998.1,1755,9,998.0,3767,17,997.9,2743,16,998.6,50,1,998.7,596,6,998.8,895,11,998.9,1116,8,999.0,851,10
317,2025-11-26 10:27:04+05:30,998.6,3,995.57,3346644,345051.0,436896.0,986.2,1001.8,981.3,986.2,120231750,1084.8,887.6,1102.5,649.1,998.3,74,3,998.2,223,2,998.1,122,4,998.0,1139,9,997.9,1445,9,998.6,632,8,998.7,1324,8,998.8,880,11,998.9,1394,11,999.0,784,10
317,2025-11-26 10:27:05+05:30,998.3,1,995.57,3346644,345051.0,436896.0,986.2,1001.8,981.3,986.2,120231750,1084.8,887.6,1102.5,649.1,998.3,74,3,998.2,223,2,998.1,122,4,998.0,1139,9,997.9,1445,9,998.6,632,8,998.7,1324,8,998.8,880,11,998.9,1394,11,999.0,784,10
317,2025-11-26 10:27:05+05:30,998.3,1,995.57,3347158,346474.0,438015.0,986.2,1001.8,981.3,986.2,120231750,1084.8,887.6,1102.5,649.1,998.1,122,4,998.0,1249,11,997.9,1172,7,997.8,2910,7,997.7,2742,13,998.3,95,1,998.6,383,3,998.7,1275,8,998.8,1729,13,998.9,1526,17
317,2025-11-26 10:27:06+05:30,998.1,31,995.57,3347158,346474.0,438015.0,986.2,1001.8,981.3,986.2,120231750,1084.8,887.6,1102.5,649.1,998.1,122,4,998.0,1249,11,997.9,1172,7,997.8,2910,7,997.7,2742,13,998.3,95,1,998.6,383,3,998.7,1275,8,998.8,1729,13,998.9,1526,17
317,2025-11-26 10:27:06+05:30,998.1,31,995.57,3347278,346406.0,438405.0,986.2,1001.8,981.3,986.2,120231750,1084.8,887.6,1102.5,649.1,998.1,91,4,998.0,1028,8,997.9,1054,6,997.8,2758,7,997.7,2663,12,998.3,95,1,998.5,374,5,998.6,721,6,998.7,1646,10,998.8,1569,10
317,2025-11-26 10:27:07+05:30,998.1,31,995.57,3347278,346269.0,438510.0,986.2,1001.8,981.3,986.2,120231750,1084.8,887.6,1102.5,649.1,998.1,104,5,998.0,1028,8,997.9,1102,7,997.8,2710,6,997.7,2758,13,998.3,95,1,998.5,374,5,998.6,828,7,998.7,1646,10,998.8,1569,10
317,2025-11-26 10:27:08+05:30,998.1,31,995.57,3347278,346216.0,438574.0,986.2,1001.8,981.3,986.2,120231750,1084.8,887.6,1102.5,649.1,998.1,104,5,998.0,1028,8,997.9,1102,7,997.8,2710,6,997.7,2758,13,998.3,95,1,998.5,477,6,998.6,828,7,998.7,1646,10,998.8,1579,11
317,2025-11-26 10:27:09+05:30,998.1,31,995.57,3347278,344898.0,439210.0,986.2,1001.8,981.3,986.2,120231750,1084.8,887.6,1102.5,649.1,998.1,104,5,998.0,806,8,997.9,1629,7,997.8,1300,6,997.7,2730,11,998.3,95,1,998.5,798,7,998.6,870,8,998.7,1063,10,998.8,2115,18
317,2025-11-26 10:27:10+05:30,998.1,11,995.57,3347278,344898.0,439210.0,986.2,1001.8,981.3,986.2,120231750,1084.8,887.6,1102.5,649.1,998.1,104,5,998.0,806,8,997.9,1629,7,997.8,1300,6,997.7,2730,11,998.3,95,1,998.5,798,7,998.6,870,8,998.7,1063,10,998.8,2115,18
317,2025-11-26 10:27:11+05:30,998.1,11,995.57,3347515,346310.0,438698.0,986.2,1001.8,981.3,986.2,120231750,1084.8,887.6,1102.5,649.1,998.1,107,4,998.0,806,8,997.9,1672,8,997.8,1331,6,997.7,3039,15,998.2,96,1,998.5,749,6,998.6,871,9,998.7,1450,10,998.8,1865,17
317,2025-11-26 10:27:12+05:30,998.1,11,995.57,3347515,347085.0,438672.0,986.2,1001.8,981.3,986.2,120231750,1084.8,887.6,1102.5,649.1,998.1,123,5,998.0,806,8,997.9,1672,8,997.8,1252,5,997.7,3789,16,998.2,96,1,998.5,749,6,998.6,871,9,998.7,1450,10,998.8,1865,17
317,2025-11-26 10:27:12+05:30,998.2,25,995.57,3347515,347085.0,438672.0,986.2,1001.8,981.3,986.2,120231750,1084.8,887.6,1102.5,649.1,998.1,123,5,998.0,806,8,997.9,1672,8,997.8,1252,5,997.7,3789,16,998.2,96,1,998.5,749,6,998.6,871,9,998.7,1450,10,998.8,1865,17
317,2025-11-26 10:27:13+05:30,998.2,112,995.57,3347775,347610.0,439284.0,986.2,1001.8,981.3,986.2,120231750,1084.8,887.6,1102.5,649.1,998.1,49,4,998.0,1483,9,997.9,995,7,997.8,4544,12,997.7,3084,16,998.2,96,1,998.5,749,6,998.6,578,6,998.7,2395,9,998.8,1888,17
317,2025-11-26 10:27:13+05:30,998.2,112,995.57,3347775,347610.0,439284.0,986.2,1001.8,981.3,986.2,120231750,1084.8,887.6,1102.5,649.1,998.1,49,4,998.0,1483,9,997.9,995,7,997.8,4544,12,997.7,3084,16,998.2,96,1,998.5,749,6,998.6,578,6,998.7,2395,9,998.8,1888,17
317,2025-11-26 10:27:14+05:30,998.2,112,995.57,3347775,348670.0,439286.0,986.2,1001.8,981.3,986.2,120231750,1084.8,887.6,1102.5,649.1,998.1,49,4,998.0,1483,9,997.9,1745,8,997.8,5427,17,997.7,2308,13,998.2,96,1,998.5,749,6,998.6,578,6,998.7,1806,8,998.8,1888,17
317,2025-11-26 10:27:15+05:30,998.1,96,995.57,3347775,348670.0,439286.0,986.2,1001.8,981.3,986.2,120231750,1084.8,887.6,1102.5,649.1,998.1,49,4,998.0,1483,9,997.9,1745,8,997.8,5427,17,997.7,2308,13,998.2,96,1,998.5,749,6,998.6,578,6,998.7,1806,8,998.8,1888,17
317,2025-11-26 10:27:15+05:30,998.1,96,995.57,3348488,350864.0,437598.0,986.2,1001.8,981.3,986.2,120231750,1084.8,887.6,1102.5,649.1,998.0,2059,13,997.9,1795,12,997.8,5725,16,997.7,2308,13,997.6,955,16,998.1,96,1,998.5,202,1,998.6,1139,5,998.7,2433,6,998.8,1054,16
317,2025-11-26 10:27:16+05:30,998.0,118,995.57,3348488,350864.0,437598.0,986.2,1001.8,981.3,986.2,120231750,1084.8,887.6,1102.5,649.1,998.0,2059,13,997.9,1795,12,997.8,5725,16,997.7,2308,13,997.6,955,16,998.1,96,1,998.5,202,1,998.6,1139,5,998.7,2433,6,998.8,1054,16
317,2025-11-26 10:27:16+05:30,998.0,118,995.57,3348704,350448.0,437913.0,986.2,1001.8,981.3,986.2,120231750,1084.8,887.6,1102.5,649.1,998.0,1901,13,997.9,1670,11,997.8,5660,14,997.7,2360,16,997.6,993,17,998.1,6,1,998.5,202,1,998.6,1133,5,998.7,2550,8,998.8,1026,13
317,2025-11-26 10:27:17+05:30,998.6,44,995.57,3348704,350448.0,437913.0,986.2,1001.8,981.3,986.2,120231750,1084.8,887.6,1102.5,649.1,998.0,1901,13,997.9,1670,11,997.8,5660,14,997.7,2360,16,997.6,993,17,998.1,6,1,998.5,202,1,998.6,1133,5,998.7,2550,8,998.8,1026,13
317,2025-11-26 10:27:17+05:30,998.6,44,995.57,3348954,347036.0,436213.0,986.2,1001.8,981.3,986.2,120231750,1084.8,887.6,1102.5,649.1,998.1,641,2,998.0,1747,9,997.9,1364,9,997.8,5697,14,997.7,1737,13,998.6,377,4,998.7,1704,7,998.8,1026,13,998.9,1023,14,999.0,1282,9
317,2025-11-26 10:27:18+05:30,998.6,44,995.57,3348954,349547.0,435492.0,986.2,1001.8,981.3,986.2,120231750,1084.8,887.6,1102.5,649.1,998.2,43,1,998.1,2074,10,998.0,2156,12,997.9,2442,11,997.8,3673,14,998.7,1304,3,998.8,950,9,998.9,840,8,999.0,701,11,999.1,1882,18
317,2025-11-26 10:27:19+05:30,998.8,186,995.57,3350649,353355.0,432164.0,986.2,1001.8,981.3,986.2,120231750,1084.8,887.6,1102.5,649.1,998.5,2,1,998.4,492,2,998.3,1702,6,998.2,5124,13,998.1,1723,16,998.8,126,2,998.9,385,4,999.0,750,5,999.1,1391,14,999.2,887,10
317,2025-11-26 10:27:20+05:30,998.4,354,995.57,3350649,353355.0,432164.0,986.2,1001.8,981.3,986.2,120231750,1084.8,887.6,1102.5,649.1,998.5,2,1,998.4,492,2,998.3,1702,6,998.2,5124,13,998.1,1723,16,998.8,126,2,998.9,385,4,999.0,750,5,999.1,1391,14,999.2,887,10
317,2025-11-26 10:27:20+05:30,998.6,44,995.57,3351179,354251.0,433227.0,986.2,1001.8,981.3,986.2,120231750,1084.8,887.6,1102.5,649.1,998.4,173,2,998.3,1233,7,998.2,5278,15,998.1,1642,11,998.0,1672,13,998.6,52,1,998.8,12,3,998.9,701,6,999.0,1347,8,999.1,729,6
317,2025-11-26 10:27:21+05:30,998.6,96,995.57,3351179,354251.0,433227.0,986.2,1001.8,981.3,986.2,120231750,1084.8,887.6,1102.5,649.1,998.4,173,2,998.3,1233,7,998.2,5278,15,998.1,1642,11,998.0,1672,13,998.6,52,1,998.8,12,3,998.9,701,6,999.0,1347,8,999.1,729,6
317,2025-11-26 10:27:21+05:30,998.6,96,995.57,3351803,357146.0,432807.0,986.2,1001.8,981.3,986.2,120231750,1084.8,887.6,1102.5,649.1,998.4,748,8,998.3,1488,10,998.2,6122,18,998.1,1642,11,998.0,1772,16,998.6,96,1,998.8,12,3,998.9,112,1,999.0,343,2,999.1,1183,7
317,2025-11-26 10:27:22+05:30,998.4,118,995.57,3351803,357146.0,432807.0,986.2,1001.8,981.3,986.2,120231750,1084.8,887.6,1102.5,649.1,998.4,748,8,998.3,1488,10,998.2,6122,18,998.1,1642,11,998.0,1772,16,998.6,96,1,998.8,12,3,998.9,112,1,999.0,343,2,999.1,1183,7
317,2025-11-26 10:27:22+05:30,998.4,118,995.58,3351922,357165.0,432575.0,986.2,1001.8,981.3,986.2,120231750,1084.8,887.6,1102.5,649.1,998.4,542,7,998.3,1488,10,998.2,6122,18,998.1,1642,11,998.0,1772,16,998.6,95,1,998.8,12,3,998.9,112,1,999.0,381,3,999.1,1184,8
317,2025-11-26 10:27:23+05:30,998.4,63,995.58,3351922,357165.0,432575.0,986.2,1001.8,981.3,986.2,120231750,1084.8,887.6,1102.5,649.1,998.4,542,7,998.3,1488,10,998.2,6122,18,998.1,1642,11,998.0,1772,16,998.6,95,1,998.8,12,3,998.9,112,1,999.0,381,3,999.1,1184,8
317,2025-11-26 10:27:23+05:30,998.4,63,995.58,3352040,357972.0,432979.0,986.2,1001.8,981.3,986.2,120231750,1084.8,887.6,1102.5,649.1,998.4,795,2,998.3,1401,10,998.2,5922,17,998.1,1719,15,998.0,1780,16,998.6,95,1,998.8,12,3,998.9,344,2,999.0,424,4,999.1,1289,11
317,2025-11-26 10:27:24+05:30,998.4,1,995.58,3352040,357972.0,432979.0,986.2,1001.8,981.3,986.2,120231750,1084.8,887.6,1102.5,649.1,998.4,795,2,998.3,1401,10,998.2,5922,17,998.1,1719,15,998.0,1780,16,998.6,95,1,998.8,12,3,998.9,344,2,999.0,424,4,999.1,1289,11
317,2025-11-26 10:27:24+05:30,998.4,1,995.58,3352041,357769.0,433058.0,986.2,1001.8,981.3,986.2,120231750,1084.8,887.6,1102.5,649.1,998.4,794,2,998.3,1401,10,998.2,5922,17,998.1,1719,15,998.0,1780,16,998.6,95,1,998.8,12,3,998.9,344,2,999.0,424,4,999.1,1289,11
317,2025-11-26 10:27:25+05:30,998.4,285,995.58,3352041,357769.0,433058.0,986.2,1001.8,981.3,986.2,120231750,1084.8,887.6,1102.5,649.1,998.4,794,2,998.3,1401,10,998.2,5922,17,998.1,1719,15,998.0,1780,16,998.6,95,1,998.8,12,3,998.9,344,2,999.0,424,4,999.1,1289,11
317,2025-11-26 10:27:25+05:30,998.4,285,995.58,3352326,355584.0,432953.0,986.2,1001.8,981.3,986.2,120231750,1084.8,887.6,1102.5,649.1,998.4,537,3,998.3,2151,11,998.2,5120,14,998.1,1651,14,998.0,1631,15,998.8,12,3,998.9,127,1,999.0,676,6,999.1,1263,9,999.2,2037,18
317,2025-11-26 10:27:26+05:30,998.4,118,995.58,3352326,355584.0,432953.0,986.2,1001.8,981.3,986.2,120231750,1084.8,887.6,1102.5,649.1,998.4,537,3,998.3,2151,11,998.2,5120,14,998.1,1651,14,998.0,1631,15,998.8,12,3,998.9,127,1,999.0,676,6,999.1,1263,9,999.2,2037,18
317,2025-11-26 10:27:26+05:30,998.4,20,995.58,3352508,354808.0,432076.0,986.2,1001.8,981.3,986.2,120231750,1084.8,887.6,1102.5,649.1,998.4,450,3,998.3,2187,12,998.2,4332,12,998.1,1651,14,998.0,1631,15,998.8,17,3,998.9,127,1,999.0,521,5,999.1,1264,9,999.2,1025,16
317,2025-11-26 10:27:27+05:30,998.8,8,995.58,3352508,354808.0,432076.0,986.2,1001.8,981.3,986.2,120231750,1084.8,887.6,1102.5,649.1,998.4,450,3,998.3,2187,12,998.2,4332,12,998.1,1651,14,998.0,1631,15,998.8,17,3,998.9,127,1,999.0,521,5,999.1,1264,9,999.2,1025,16
317,2025-11-26 10:27:27+05:30,998.8,8,995.58,3352516,355579.0,432362.0,986.2,1001.8,981.3,986.2,120231750,1084.8,887.6,1102.5,649.1,998.4,734,7,998.3,2187,12,998.2,4332,12,998.1,1651,14,998.0,1399,14,998.8,9,3,998.9,257,2,999.0,721,6,999.1,1264,9,999.2,1275,17
317,2025-11-26 10:27:28+05:30,998.8,8,995.58,3352516,357908.0,433603.0,986.2,1001.8,981.3,986.2,120231750,1084.8,887.6,1102.5,649.1,998.4,571,3,998.3,1352,9,998.2,4973,12,998.1,1687,15,998.0,1399,14,998.5,198,1,998.8,9,3,998.9,420,4,999.0,800,7,999.1,2050,12
317,2025-11-26 10:27:29+05:30,998.5,8,995.58,3352516,357908.0,433603.0,986.2,1001.8,981.3,986.2,120231750,1084.8,887.6,1102.5,649.1,998.4,571,3,998.3,1352,9,998.2,4973,12,998.1,1687,15,998.0,1399,14,998.5,198,1,998.8,9,3,998.9,420,4,999.0,800,7,999.1,2050,12
317,2025-11-26 10:27:29+05:30,998.5,155,995.58,3352914,355374.0,431783.0,986.2,1001.8,981.3,986.2,120231750,1084.8,887.6,1102.5,649.1,998.5,45,1,998.4,595,4,998.3,1779,10,998.2,5140,13,998.1,1654,14,998.8,9,3,998.9,130,1,999.0,594,5,999.1,1316,9,999.2,1025,16
317,2025-11-26 10:27:30+05:30,998.4,118,995.58,3352914,355374.0,431783.0,986.2,1001.8,981.3,986.2,120231750,1084.8,887.6,1102.5,649.1,998.5,45,1,998.4,595,4,998.3,1779,10,998.2,5140,13,998.1,1654,14,998.8,9,3,998.9,130,1,999.0,594,5,999.1,1316,9,999.2,1025,16
317,2025-11-26 10:27:31+05:30,998.5,8,995.58,3353204,357385.0,433784.0,986.2,1001.8,981.3,986.2,120231750,1084.8,887.6,1102.5,649.1,998.5,46,2,998.4,440,2,998.3,1224,9,998.2,5885,15,998.1,1654,14,998.6,52,1,998.7,1000,1,998.8,10,4,998.9,582,3,999.0,1238,7
317,2025-11-26 10:27:31+05:30,998.5,8,995.58,3353204,357385.0,433784.0,986.2,1001.8,981.3,986.2,120231750,1084.8,887.6,1102.5,649.1,998.5,46,2,998.4,440,2,998.3,1224,9,998.2,5885,15,998.1,1654,14,998.6,52,1,998.7,1000,1,998.8,10,4,998.9,582,3,999.0,1238,7
317,2025-11-26 10:27:32+05:30,998.5,8,995.58,3353204,356935.0,433825.0,986.2,1001.8,981.3,986.2,120231750,1084.8,887.6,1102.5,649.1,998.5,46,2,998.4,440,2,998.3,1224,9,998.2,5885,15,998.1,1654,14,998.6,52,1,998.7,1000,1,998.8,10,4,998.9,582,3,999.0,686,7
317,2025-11-26 10:27:33+05:30,998.5,8,995.58,3353204,357451.0,433765.0,986.2,1001.8,981.3,986.2,120231750,1084.8,887.6,1102.5,649.1,998.5,46,2,998.4,440,2,998.3,1175,8,998.2,5885,15,998.1,1654,14,998.6,52,1,998.7,1000,1,998.8,87,5,998.9,666,4,999.0,699,8
317,2025-11-26 10:27:34+05:30,998.6,112,995.58,3353204,357451.0,433765.0,986.2,1001.8,981.3,986.2,120231750,1084.8,887.6,1102.5,649.1,998.5,46,2,998.4,440,2,998.3,1175,8,998.2,5885,15,998.1,1654,14,998.6,52,1,998.7,1000,1,998.8,87,5,998.9,666,4,999.0,699,8
317,2025-11-26 10:27:34+05:30,998.6,112,995.58,3353316,356484.0,433846.0,986.2,1001.8,981.3,986.2,120231750,1084.8,887.6,1102.5,649.1,998.5,5,1,998.4,208,1,998.3,943,7,998.2,5859,14,998.1,1732,16,998.6,96,1,998.7,1000,1,998.8,10,4,998.9,977,6,999.0,802,10
317,2025-11-26 10:27:35+05:30,998.4,118,995.58,3353316,356484.0,433846.0,986.2,1001.8,981.3,986.2,120231750,1084.8,887.6,1102.5,649.1,998.5,5,1,998.4,208,1,998.3,943,7,998.2,5859,14,998.1,1732,16,998.6,96,1,998.7,1000,1,998.8,10,4,998.9,977,6,999.0,802,10
317,2025-11-26 10:27:36+05:30,998.7,10,995.58,3353316,356484.0,433846.0,986.2,1001.8,981.3,986.2,120231750,1084.8,887.6,1102.5,649.1,998.5,5,1,998.4,208,1,998.3,943,7,998.2,5859,14,998.1,1732,16,998.6,96,1,998.7,1000,1,998.8,10,4,998.9,977,6,999.0,802,10
317,2025-11-26 10:27:36+05:30,998.7,10,995.58,3354290,355407.0,433437.0,986.2,1001.8,981.3,986.2,120231750,1084.8,887.6,1102.5,649.1,998.5,15,1,998.4,90,1,998.3,1221,9,998.2,5018,13,998.1,1614,10,998.7,825,2,998.8,81,4,998.9,939,6,999.0,802,10,999.1,1548,8
317,2025-11-26 10:27:37+05:30,998.3,13,995.58,3354290,355407.0,433437.0,986.2,1001.8,981.3,986.2,120231750,1084.8,887.6,1102.5,649.1,998.5,15,1,998.4,90,1,998.3,1221,9,998.2,5018,13,998.1,1614,10,998.7,825,2,998.8,81,4,998.9,939,6,999.0,802,10,999.1,1548,8
317,2025-11-26 10:27:37+05:30,998.3,13,995.58,3354408,352150.0,434322.0,986.2,1001.8,981.3,986.2,120231750,1084.8,887.6,1102.5,649.1,998.3,603,4,998.2,1555,7,998.1,1688,11,998.0,4582,17,997.9,1877,12,998.7,825,2,998.8,292,6,998.9,977,6,999.0,886,13,999.1,1808,10
317,2025-11-26 10:27:38+05:30,998.3,13,995.58,3354408,351748.0,434535.0,986.2,1001.8,981.3,986.2,120231750,1084.8,887.6,1102.5,649.1,998.3,114,3,998.2,1555,7,998.1,1721,12,998.0,4610,18,997.9,1877,12,998.7,825,2,998.8,294,7,998.9,1026,7,999.0,886,13,999.1,1808,10
317,2025-11-26 10:27:39+05:30,998.3,13,995.58,3354408,351758.0,434509.0,986.2,1001.8,981.3,986.2,120231750,1084.8,887.6,1102.5,649.1,998.3,114,3,998.2,1555,7,998.1,1721,12,998.0,4610,18,997.9,1877,12,998.7,825,2,998.8,294,7,998.9,1036,8,999.0,1395,14,999.1,1808,10
317,2025-11-26 10:27:40+05:30,998.6,750,995.58,3354408,351758.0,434509.0,986.2,1001.8,981.3,986.2,120231750,1084.8,887.6,1102.5,649.1,998.3,114,3,998.2,1555,7,998.1,1721,12,998.0,4610,18,997.9,1877,12,998.7,825,2,998.8,294,7,998.9,1036,8,999.0,1395,14,999.1,1808,10
317,2025-11-26 10:27:40+05:30,998.6,750,995.58,3355158,352435.0,434388.0,986.2,1001.8,981.3,986.2,120231750,1084.8,887.6,1102.5,649.1,998.4,1541,3,998.3,114,3,998.2,716,4,998.1,1590,9,998.0,3515,20,998.6,96,1,998.7,825,2,998.8,375,8,998.9,1069,10,999.0,1418,11
317,2025-11-26 10:27:41+05:30,998.7,354,995.58,3355158,352435.0,434388.0,986.2,1001.8,981.3,986.2,120231750,1084.8,887.6,1102.5,649.1,998.4,1541,3,998.3,114,3,998.2,716,4,998.1,1590,9,998.0,3515,20,998.6,96,1,998.7,825,2,998.8,375,8,998.9,1069,10,999.0,1418,11
317,2025-11-26 10:27:41+05:30,998.7,354,995.58,3355952,350075.0,433875.0,986.2,1001.8,981.3,986.2,120231750,1084.8,887.6,1102.5,649.1,998.4,807,3,998.3,114,3,998.2,484,3,998.1,1639,10,998.0,3058,17,998.7,750,6,998.8,362,7,998.9,1059,9,999.0,1299,9,999.1,1566,8
317,2025-11-26 10:27:42+05:30,998.7,118,995.58,3355952,350075.0,433875.0,986.2,1001.8,981.3,986.2,120231750,1084.8,887.6,1102.5,649.1,998.4,807,3,998.3,114,3,998.2,484,3,998.1,1639,10,998.0,3058,17,998.7,750,6,998.8,362,7,998.9,1059,9,999.0,1299,9,999.1,1566,8
317,2025-11-26 10:27:42+05:30,998.7,118,995.58,3356070,350248.0,434423.0,986.2,1001.8,981.3,986.2,120231750,1084.8,887.6,1102.5,649.1,998.4,807,3,998.3,114,3,998.2,362,2,998.1,1639,10,998.0,3058,17,998.7,469,4,998.8,1383,12,998.9,1059,9,999.0,804,8,999.1,1548,8
317,2025-11-26 10:27:43+05:30,998.4,100,995.58,3356070,350248.0,434423.0,986.2,1001.8,981.3,986.2,120231750,1084.8,887.6,1102.5,649.1,998.4,807,3,998.3,114,3,998.2,362,2,998.1,1639,10,998.0,3058,17,998.7,469,4,998.8,1383,12,998.9,1059,9,999.0,804,8,999.1,1548,8
317,2025-11-26 10:27:43+05:30,998.4,100,995.58,3356288,349668.0,435032.0,986.2,1001.8,981.3,986.2,120231750,1084.8,887.6,1102.5,649.1,998.4,589,3,998.3,114,3,998.2,162,1,998.1,1278,6,998.0,2753,14,998.7,1155,10,998.8,1376,12,998.9,1064,10,999.0,1065,10,999.1,1321,8
317,2025-11-26 10:27:44+05:30,998.7,37,995.58,3356288,349668.0,435032.0,986.2,1001.8,981.3,986.2,120231750,1084.8,887.6,1102.5,649.1,998.4,589,3,998.3,114,3,998.2,162,1,998.1,1278,6,998.0,2753,14,998.7,1155,10,998.8,1376,12,998.9,1064,10,999.0,1065,10,999.1,1321,8
317,2025-11-26 10:27:44+05:30,998.7,37,995.58,3356912,349031.0,434344.0,986.2,1001.8,981.3,986.2,120231750,1084.8,887.6,1102.5,649.1,998.4,57,2,998.3,71,2,998.2,875,3,998.1,1278,6,998.0,2842,16,998.7,421,6,998.8,898,12,998.9,1033,7,999.0,1405,12,999.1,1576,9
317,2025-11-26 10:27:45+05:30,998.4,4,995.58,3356912,349031.0,434344.0,986.2,1001.8,981.3,986.2,120231750,1084.8,887.6,1102.5,649.1,998.4,57,2,998.3,71,2,998.2,875,3,998.1,1278,6,998.0,2842,16,998.7,421,6,998.8,898,12,998.9,1033,7,999.0,1405,12,999.1,1576,9
317,2025-11-26 10:27:45+05:30,998.4,4,995.58,3357247,347775.0,434948.0,986.2,1001.8,981.3,986.2,120231750,1084.8,887.6,1102.5,649.1,998.4,45,2,998.3,71,2,998.2,394,2,998.1,1227,6,998.0,2642,15,998.7,391,6,998.8,1466,12,998.9,1112,8,999.0,1212,14,999.1,1553,9
317,2025-11-26 10:27:46+05:30,998.7,20,995.58,3357247,347775.0,434948.0,986.2,1001.8,981.3,986.2,120231750,1084.8,887.6,1102.5,649.1,998.4,45,2,998.3,71,2,998.2,394,2,998.1,1227,6,998.0,2642,15,998.7,391,6,998.8,1466,12,998.9,1112,8,999.0,1212,14,999.1,1553,9
317,2025-11-26 10:27:46+05:30,998.7,20,995.58,3357291,348879.0,434528.0,986.2,1001.8,981.3,986.2,120231750,1084.8,887.6,1102.5,649.1,998.4,45,2,998.3,135,3,998.2,1238,5,998.1,1227,6,998.0,2642,15,998.7,265,5,998.8,1509,13,998.9,1112,8,999.0,952,12,999.1,1548,8
317,2025-11-26 10:27:47+05:30,998.8,44,995.58,3357291,348879.0,434528.0,986.2,1001.8,981.3,986.2,120231750,1084.8,887.6,1102.5,649.1,998.4,45,2,998.3,135,3,998.2,1238,5,998.1,1227,6,998.0,2642,15,998.7,265,5,998.8,1509,13,998.9,1112,8,999.0,952,12,999.1,1548,8
317,2025-11-26 10:27:47+05:30,998.8,44,995.58,3357678,348421.0,434616.0,986.2,1001.8,981.3,986.2,120231750,1084.8,887.6,1102.5,649.1,998.4,218,4,998.3,2215,10,998.2,837,8,998.1,1466,9,998.0,2877,16,998.8,1121,3,998.9,727,4,999.0,655,8,999.1,747,7,999.2,1842,16
317,2025-11-26 10:27:48+05:30,998.3,27,995.58,3357678,348421.0,434616.0,986.2,1001.8,981.3,986.2,120231750,1084.8,887.6,1102.5,649.1,998.4,218,4,998.3,2215,10,998.2,837,8,998.1,1466,9,998.0,2877,16,998.8,1121,3,998.9,727,4,999.0,655,8,999.1,747,7,999.2,1842,16
317,2025-11-26 10:27:48+05:30,998.3,27,995.58,3357797,346852.0,435324.0,986.2,1001.8,981.3,986.2,120231750,1084.8,887.6,1102.5,649.1,998.4,13,1,998.3,892,5,998.2,657,8,998.1,1666,10,998.0,3080,18,998.8,1384,9,998.9,1571,8,999.0,1109,14,999.1,1251,10,999.2,1832,16
317,2025-11-26 10:27:49+05:30,998.3,27,995.58,3357797,346880.0,435324.0,986.2,1001.8,981.3,986.2,120231750,1084.8,887.6,1102.5,649.1,998.4,13,1,998.3,892,5,998.2,657,8,998.1,1666,10,998.0,3080,18,998.8,1384,9,998.9,1571,8,999.0,1109,14,999.1,1251,10,999.2,1832,16
317,2025-11-26 10:27:50+05:30,998.3,27,995.58,3357797,348226.0,435688.0,986.2,1001.8,981.3,986.2,120231750,1084.8,887.6,1102.5,649.1,998.4,15,2,998.3,892,5,998.2,509,5,998.1,1688,11,998.0,3455,19,998.6,96,1,998.7,789,2,998.8,1579,9,998.9,1087,8,999.0,1109,14
317,2025-11-26 10:27:51+05:30,998.3,27,995.58,3357797,348226.0,435634.0,986.2,1001.8,981.3,986.2,120231750,1084.8,887.6,1102.5,649.1,998.4,15,2,998.3,892,5,998.2,509,5,998.1,1688,11,998.0,3455,19,998.6,96,1,998.7,865,3,998.8,1613,10,998.9,1050,7,999.0,1109,14
317,2025-11-26 10:27:52+05:30,998.6,44,995.58,3357852,348185.0,434704.0,986.2,1001.8,981.3,986.2,120231750,1084.8,887.6,1102.5,649.1,998.4,4,2,998.3,892,5,998.2,1046,6,998.1,1688,11,998.0,3455,19,998.6,52,1,998.7,278,2,998.8,1658,10,998.9,1050,7,999.0,901,12
317,2025-11-26 10:27:53+05:30,998.6,44,995.58,3357852,348185.0,434704.0,986.2,1001.8,981.3,986.2,120231750,1084.8,887.6,1102.5,649.1,998.4,4,2,998.3,892,5,998.2,1046,6,998.1,1688,11,998.0,3455,19,998.6,52,1,998.7,278,2,998.8,1658,10,998.9,1050,7,999.0,901,12
317,2025-11-26 10:27:53+05:30,998.6,44,995.58,3357852,348563.0,434337.0,986.2,1001.8,981.3,986.2,120231750,1084.8,887.6,1102.5,649.1,998.5,112,1,998.4,4,2,998.3,1124,6,998.2,1109,6,998.1,1688,11,998.6,52,1,998.7,76,1,998.8,1430,10,998.9,971,6,999.0,816,11
317,2025-11-26 10:27:55+05:30,998.5,4,995.58,3357856,348073.0,434620.0,986.2,1001.8,981.3,986.2,120231750,1084.8,887.6,1102.5,649.1,998.5,108,1,998.4,4,2,998.3,971,6,998.2,549,5,998.1,1737,12,998.6,52,1,998.8,1381,9,998.9,971,6,999.0,975,13,999.1,1604,9
317,2025-11-26 10:27:55+05:30,998.5,108,995.58,3357856,348073.0,434620.0,986.2,1001.8,981.3,986.2,120231750,1084.8,887.6,1102.5,649.1,998.5,108,1,998.4,4,2,998.3,971,6,998.2,549,5,998.1,1737,12,998.6,52,1,998.8,1381,9,998.9,971,6,999.0,975,13,999.1,1604,9
317,2025-11-26 10:27:56+05:30,998.5,9,995.58,3358323,350512.0,435904.0,986.2,1001.8,981.3,986.2,120231750,1084.8,887.6,1102.5,649.1,998.4,2,1,998.3,892,5,998.2,468,3,998.1,1586,9,998.0,5054,21,998.5,87,1,998.7,653,3,998.8,1717,12,998.9,1071,9,999.0,1003,11
317,2025-11-26 10:27:56+05:30,998.3,4,995.58,3358323,350512.0,435904.0,986.2,1001.8,981.3,986.2,120231750,1084.8,887.6,1102.5,649.1,998.4,2,1,998.3,892,5,998.2,468,3,998.1,1586,9,998.0,5054,21,998.5,87,1,998.7,653,3,998.8,1717,12,998.9,1071,9,999.0,1003,11
317,2025-11-26 10:27:57+05:30,998.5,5,995.58,3358453,347850.0,436553.0,986.2,1001.8,981.3,986.2,120231750,1084.8,887.6,1102.5,649.1,998.3,101,3,998.2,396,3,998.1,1971,10,998.0,2160,12,997.9,3040,15,998.5,75,1,998.7,284,3,998.8,1823,13,998.9,911,12,999.0,1256,14
317,2025-11-26 10:27:57+05:30,998.5,5,995.58,3358453,347850.0,436553.0,986.2,1001.8,981.3,986.2,120231750,1084.8,887.6,1102.5,649.1,998.3,101,3,998.2,396,3,998.1,1971,10,998.0,2160,12,997.9,3040,15,998.5,75,1,998.7,284,3,998.8,1823,13,998.9,911,12,999.0,1256,14
317,2025-11-26 10:27:58+05:30,998.5,5,995.58,3358453,348872.0,436569.0,986.2,1001.8,981.3,986.2,120231750,1084.8,887.6,1102.5,649.1,998.3,101,3,998.2,396,3,998.1,1892,9,998.0,2160,12,997.9,2303,15,998.5,75,1,998.7,284,3,998.8,1823,13,998.9,911,12,999.0,1256,14
317,2025-11-26 10:27:59+05:30,998.5,44,995.58,3358453,348872.0,436569.0,986.2,1001.8,981.3,986.2,120231750,1084.8,887.6,1102.5,649.1,998.3,101,3,998.2,396,3,998.1,1892,9,998.0,2160,12,997.9,2303,15,998.5,75,1,998.7,284,3,998.8,1823,13,998.9,911,12,999.0,1256,14
317,2025-11-26 10:27:59+05:30,998.5,44,995.58,3358497,349126.0,436233.0,986.2,1001.8,981.3,986.2,120231750,1084.8,887.6,1102.5,649.1,998.3,101,3,998.2,396,3,998.1,1950,11,998.0,2160,12,997.9,2303,15,998.5,31,1,998.7,842,4,998.8,1779,11,998.9,907,11,999.0,1029,13
317,2025-11-26 10:28:00+05:30,998.3,30,995.58,3358497,349126.0,436233.0,986.2,1001.8,981.3,986.2,120231750,1084.8,887.6,1102.5,649.1,998.3,101,3,998.2,396,3,998.1,1950,11,998.0,2160,12,997.9,2303,15,998.5,31,1,998.7,842,4,998.8,1779,11,998.9,907,11,999.0,1029,13
317,2025-11-26 10:28:00+05:30,998.3,30,995.58,3358883,351758.0,435882.0,986.2,1001.8,981.3,986.2,120231750,1084.8,887.6,1102.5,649.1,998.3,130,4,998.2,1430,8,998.1,2137,12,998.0,2366,14,997.9,3009,14,998.4,96,1,998.8,1522,8,998.9,833,8,999.0,1071,13,999.1,1494,17
317,2025-11-26 10:28:01+05:30,998.3,17,995.58,3358883,351758.0,435882.0,986.2,1001.8,981.3,986.2,120231750,1084.8,887.6,1102.5,649.1,998.3,130,4,998.2,1430,8,998.1,2137,12,998.0,2366,14,997.9,3009,14,998.4,96,1,998.8,1522,8,998.9,833,8,999.0,1071,13,999.1,1494,17
317,2025-11-26 10:28:01+05:30,998.3,17,995.58,3359009,349747.0,436237.0,986.2,1001.8,981.3,986.2,120231750,1084.8,887.6,1102.5,649.1,998.3,30,3,998.2,1170,5,998.1,741,9,998.0,3835,15,997.9,3959,16,998.4,96,1,998.7,780,4,998.8,1478,7,998.9,839,9,999.0,1150,15
317,2025-11-26 10:28:02+05:30,998.3,17,995.58,3359009,350580.0,436344.0,986.2,1001.8,981.3,986.2,120231750,1084.8,887.6,1102.5,649.1,998.3,30,3,998.2,1170,5,998.1,1248,10,998.0,3862,16,997.9,3959,16,998.4,96,1,998.7,283,3,998.8,1478,7,998.9,833,8,999.0,1156,16
317,2025-11-26 10:28:03+05:30,998.3,7,995.58,3359009,350580.0,436344.0,986.2,1001.8,981.3,986.2,120231750,1084.8,887.6,1102.5,649.1,998.3,30,3,998.2,1170,5,998.1,1248,10,998.0,3862,16,997.9,3959,16,998.4,96,1,998.7,283,3,998.8,1478,7,998.9,833,8,999.0,1156,16
317,2025-11-26 10:28:03+05:30,998.3,7,995.58,3359023,352358.0,436344.0,986.2,1001.8,981.3,986.2,120231750,1084.8,887.6,1102.5,649.1,998.3,16,2,998.2,1969,7,998.1,1478,10,998.0,6125,19,997.9,2459,14,998.4,96,1,998.7,283,3,998.8,1478,7,998.9,833,8,999.0,1156,16
317,2025-11-26 10:28:04+05:30,998.3,7,995.58,3359023,350858.0,436344.0,986.2,1001.8,981.3,986.2,120231750,1084.8,887.6,1102.5,649.1,998.3,16,2,998.2,1219,6,998.1,1491,10,998.0,3862,16,997.9,3959,16,998.4,96,1,998.7,283,3,998.8,1478,7,998.9,859,10,999.0,1130,14
317,2025-11-26 10:28:05+05:30,998.3,80,995.58,3359023,350858.0,436344.0,986.2,1001.8,981.3,986.2,120231750,1084.8,887.6,1102.5,649.1,998.3,16,2,998.2,1219,6,998.1,1491,10,998.0,3862,16,997.9,3959,16,998.4,96,1,998.7,283,3,998.8,1478,7,998.9,859,10,999.0,1130,14
317,2025-11-26 10:28:05+05:30,998.3,80,995.58,3359023,350858.0,436344.0,986.2,1001.8,981.3,986.2,120231750,1084.8,887.6,1102.5,649.1,998.3,16,2,998.2,1219,6,998.1,1491,10,998.0,3862,16,997.9,3959,16,998.4,96,1,998.7,283,3,998.8,1478,7,998.9,859,10,999.0,1130,14
317,2025-11-26 10:28:05+05:30,998.3,80,995.58,3359119,352323.0,435914.0,986.2,1001.8,981.3,986.2,120231750,1084.8,887.6,1102.5,649.1,998.2,1217,5,998.1,1570,11,998.0,3868,17,997.9,3822,14,997.8,2305,15,998.3,96,1,998.6,202,1,998.7,529,3,998.8,1504,8,998.9,860,11
317,2025-11-26 10:28:05+05:30,998.3,80,995.58,3359119,352323.0,435914.0,986.2,1001.8,981.3,986.2,120231750,1084.8,887.6,1102.5,649.1,998.2,1217,5,998.1,1570,11,998.0,3868,17,997.9,3822,14,997.8,2305,15,998.3,96,1,998.6,202,1,998.7,529,3,998.8,1504,8,998.9,860,11
317,2025-11-26 10:28:06+05:30,998.3,80,995.58,3359119,352323.0,435914.0,986.2,1001.8,981.3,986.2,120231750,1084.8,887.6,1102.5,649.1,998.2,1217,5,998.1,1570,11,998.0,3868,17,997.9,3822,14,997.8,2305,15,998.3,96,1,998.6,202,1,998.7,529,3,998.8,1504,8,998.9,860,11
317,2025-11-26 10:28:06+05:30,998.3,96,995.58,3359715,353648.0,435013.0,986.2,1001.8,981.3,986.2,120231750,1084.8,887.6,1102.5,649.1,998.2,1211,5,998.1,1601,12,998.0,3730,15,997.9,4572,15,997.8,2377,16,998.3,96,1,998.7,202,1,998.8,1477,6,998.9,862,12,999.0,974,9
317,2025-11-26 10:28:06+05:30,998.3,96,995.58,3359715,353648.0,435013.0,986.2,1001.8,981.3,986.2,120231750,1084.8,887.6,1102.5,649.1,998.2,1211,5,998.1,1601,12,998.0,3730,15,997.9,4572,15,997.8,2377,16,998.3,96,1,998.7,202,1,998.8,1477,6,998.9,862,12,999.0,974,9
317,2025-11-26 10:28:07+05:30,998.3,96,995.58,3359715,353648.0,435013.0,986.2,1001.8,981.3,986.2,120231750,1084.8,887.6,1102.5,649.1,998.2,1211,5,998.1,1601,12,998.0,3730,15,997.9,4572,15,997.8,2377,16,998.3,96,1,998.7,202,1,998.8,1477,6,998.9,862,12,999.0,974,9
317,2025-11-26 10:28:07+05:30,998.3,96,995.58,3359715,353648.0,435013.0,986.2,1001.8,981.3,986.2,120231750,1084.8,887.6,1102.5,649.1,998.2,1211,5,998.1,1601,12,998.0,3730,15,997.9,4572,15,997.8,2377,16,998.3,96,1,998.7,202,1,998.8,1477,6,998.9,862,12,999.0,974,9
317,2025-11-26 10:28:07+05:30,998.3,96,995.58,3359715,353648.0,435013.0,986.2,1001.8,981.3,986.2,120231750,1084.8,887.6,1102.5,649.1,998.2,1211,5,998.1,1601,12,998.0,3730,15,997.9,4572,15,997.8,2377,16,998.3,96,1,998.7,202,1,998.8,1477,6,998.9,862,12,999.0,974,9
317,2025-11-26 10:28:07+05:30,998.3,96,995.58,3359929,353341.0,435786.0,986.2,1001.8,981.3,986.2,120231750,1084.8,887.6,1102.5,649.1,998.2,24,1,998.1,2362,13,998.0,3828,16,997.9,4832,15,997.8,2751,18,998.3,96,1,998.6,50,1,998.7,507,3,998.8,1551,8,998.9,860,11
317,2025-11-26 10:28:08+05:30,998.3,96,995.58,3359929,353341.0,435786.0,986.2,1001.8,981.3,986.2,120231750,1084.8,887.6,1102.5,649.1,998.2,24,1,998.1,2362,13,998.0,3828,16,997.9,4832,15,997.8,2751,18,998.3,96,1,998.6,50,1,998.7,507,3,998.8,1551,8,998.9,860,11
317,2025-11-26 10:28:08+05:30,998.3,96,995.58,3359929,353341.0,435786.0,986.2,1001.8,981.3,986.2,120260250,1084.8,887.6,1102.5,649.1,998.2,24,1,998.1,2362,13,998.0,3828,16,997.9,4832,15,997.8,2751,18,998.3,96,1,998.6,50,1,998.7,507,3,998.8,1551,8,998.9,860,11
317,2025-11-26 10:28:09+05:30,998.2,80,995.58,3360047,353056.0,437063.0,986.2,1001.8,981.3,986.2,120260250,1084.8,887.6,1102.5,649.1,998.1,1910,8,998.0,3473,15,997.9,4863,16,997.8,1937,13,997.7,745,12,998.3,121,2,998.6,277,3,998.7,1310,8,998.8,2283,8,998.9,860,11
317,2025-11-26 10:28:09+05:30,998.2,80,995.58,3360047,353056.0,437063.0,986.2,1001.8,981.3,986.2,120260250,1084.8,887.6,1102.5,649.1,998.1,1910,8,998.0,3473,15,997.9,4863,16,997.8,1937,13,997.7,745,12,998.3,121,2,998.6,277,3,998.7,1310,8,998.8,2283,8,998.9,860,11
317,2025-11-26 10:28:09+05:30,998.2,80,995.58,3360047,353056.0,437063.0,986.2,1001.8,981.3,986.2,120260250,1084.8,887.6,1102.5,649.1,998.1,1910,8,998.0,3473,15,997.9,4863,16,997.8,1937,13,997.7,745,12,998.3,121,2,998.6,277,3,998.7,1310,8,998.8,2283,8,998.9,860,11
317,2025-11-26 10:28:09+05:30,998.2,80,995.58,3360047,353056.0,437063.0,986.2,1001.8,981.3,986.2,120260250,1084.8,887.6,1102.5,649.1,998.1,1910,8,998.0,3473,15,997.9,4863,16,997.8,1937,13,997.7,745,12,998.3,121,2,998.6,277,3,998.7,1310,8,998.8,2283,8,998.9,860,11
317,2025-11-26 10:28:10+05:30,998.2,96,995.58,3360243,350261.0,438354.0,986.2,1001.8,981.3,986.2,120260250,1084.8,887.6,1102.5,649.1,998.1,191,4,998.0,1595,9,997.9,2097,8,997.8,5008,16,997.7,1933,18,998.2,96,1,998.3,121,2,998.4,2,1,998.5,530,3,998.6,753,7
317,2025-11-26 10:28:10+05:30,998.1,9,995.58,3360243,350261.0,438354.0,986.2,1001.8,981.3,986.2,120260250,1084.8,887.6,1102.5,649.1,998.1,191,4,998.0,1595,9,997.9,2097,8,997.8,5008,16,997.7,1933,18,998.2,96,1,998.3,121,2,998.4,2,1,998.5,530,3,998.6,753,7
317,2025-11-26 10:28:10+05:30,998.1,5,995.58,3360511,351654.0,438233.0,986.2,1001.8,981.3,986.2,120260250,1084.8,887.6,1102.5,649.1,998.1,317,5,998.0,2100,12,997.9,2128,9,997.8,5719,16,997.7,1933,18,998.2,96,1,998.3,25,1,998.4,2,1,998.5,304,2,998.6,753,7
317,2025-11-26 10:28:11+05:30,998.2,96,995.58,3360511,351654.0,438233.0,986.2,1001.8,981.3,986.2,120260250,1084.8,887.6,1102.5,649.1,998.1,317,5,998.0,2100,12,997.9,2128,9,997.8,5719,16,997.7,1933,18,998.2,96,1,998.3,25,1,998.4,2,1,998.5,304,2,998.6,753,7
317,2025-11-26 10:28:11+05:30,998.1,55,995.58,3360729,352505.0,438240.0,986.2,1001.8,981.3,986.2,120260250,1084.8,887.6,1102.5,649.1,998.1,213,2,998.0,2650,14,997.9,2128,9,997.8,5771,17,997.7,1933,18,998.2,96,1,998.3,25,1,998.4,2,1,998.5,428,2,998.6,754,8
317,2025-11-26 10:28:12+05:30,998.1,55,995.58,3360729,352505.0,438240.0,986.2,1001.8,981.3,986.2,120260250,1084.8,887.6,1102.5,649.1,998.1,213,2,998.0,2650,14,997.9,2128,9,997.8,5771,17,997.7,1933,18,998.2,96,1,998.3,25,1,998.4,2,1,998.5,428,2,998.6,754,8
317,2025-11-26 10:28:12+05:30,998.1,55,995.58,3360729,352505.0,438265.0,986.2,1001.8,981.3,986.2,120260250,1084.8,887.6,1102.5,649.1,998.1,213,2,998.0,2650,14,997.9,2128,9,997.8,5771,17,997.7,1933,18,998.2,96,1,998.3,25,1,998.4,2,1,998.5,428,2,998.6,754,8
317,2025-11-26 10:28:13+05:30,998.2,96,995.58,3360937,352505.0,437855.0,986.2,1001.8,981.3,986.2,120260250,1084.8,887.6,1102.5,649.1,998.1,914,4,998.0,1900,11,997.9,2128,9,997.8,5771,17,997.7,1933,18,998.2,96,1,998.3,25,1,998.5,202,1,998.6,704,7,998.7,796,7
317,2025-11-26 10:28:14+05:30,998.2,2,995.58,3360937,352505.0,437855.0,986.2,1001.8,981.3,986.2,120260250,1084.8,887.6,1102.5,649.1,998.1,914,4,998.0,1900,11,997.9,2128,9,997.8,5771,17,997.7,1933,18,998.2,96,1,998.3,25,1,998.5,202,1,998.6,704,7,998.7,796,7
317,2025-11-26 10:28:14+05:30,998.2,10,995.58,3360949,353279.0,437942.0,986.2,1001.8,981.3,986.2,120260250,1084.8,887.6,1102.5,649.1,998.1,1043,5,998.0,2180,14,997.9,2097,8,997.8,5771,17,997.7,1933,18,998.2,84,1,998.3,25,1,998.6,704,7,998.7,796,7,998.8,2622,15
317,2025-11-26 10:28:15+05:30,998.1,232,995.58,3360949,353279.0,437942.0,986.2,1001.8,981.3,986.2,120260250,1084.8,887.6,1102.5,649.1,998.1,1043,5,998.0,2180,14,997.9,2097,8,997.8,5771,17,997.7,1933,18,998.2,84,1,998.3,25,1,998.6,704,7,998.7,796,7,998.8,2622,15
317,2025-11-26 10:28:15+05:30,998.1,232,995.58,3361394,353026.0,438081.0,986.2,1001.8,981.3,986.2,120260250,1084.8,887.6,1102.5,649.1,998.1,857,5,998.0,2180,14,997.9,2120,9,997.8,5087,16,997.7,1669,16,998.3,25,1,998.6,716,7,998.7,1347,8,998.8,2645,16,998.9,961,12
317,2025-11-26 10:28:16+05:30,998.1,85,995.58,3361394,353026.0,438081.0,986.2,1001.8,981.3,986.2,120260250,1084.8,887.6,1102.5,649.1,998.1,857,5,998.0,2180,14,997.9,2120,9,997.8,5087,16,997.7,1669,16,998.3,25,1,998.6,716,7,998.7,1347,8,998.8,2645,16,998.9,961,12
317,2025-11-26 10:28:16+05:30,998.1,85,995.58,3362262,349191.0,437050.0,986.2,1001.8,981.3,986.2,120260250,1084.8,887.6,1102.5,649.1,998.1,517,2,998.0,2368,11,997.9,1890,10,997.8,4397,16,997.7,1106,14,998.6,388,6,998.7,1011,11,998.8,1813,10,998.9,1095,13,999.0,1667,20
317,2025-11-26 10:28:17+05:30,998.1,207,995.58,3362262,349191.0,437050.0,986.2,1001.8,981.3,986.2,120260250,1084.8,887.6,1102.5,649.1,998.1,517,2,998.0,2368,11,997.9,1890,10,997.8,4397,16,997.7,1106,14,998.6,388,6,998.7,1011,11,998.8,1813,10,998.9,1095,13,999.0,1667,20
317,2025-11-26 10:28:17+05:30,998.6,81,995.58,3362579,349747.0,436290.0,986.2,1001.8,981.3,986.2,120260250,1084.8,887.6,1102.5,649.1,998.1,1715,10,998.0,2079,13,997.9,2591,9,997.8,3613,16,997.7,885,12,998.6,181,3,998.7,416,5,998.8,1648,7,998.9,1527,14,999.0,2486,20
317,2025-11-26 10:28:18+05:30,998.6,81,995.58,3362579,349747.0,436290.0,986.2,1001.8,981.3,986.2,120260250,1084.8,887.6,1102.5,649.1,998.1,1715,10,998.0,2079,13,997.9,2591,9,997.8,3613,16,997.7,885,12,998.6,181,3,998.7,416,5,998.8,1648,7,998.9,1527,14,999.0,2486,20
317,2025-11-26 10:28:18+05:30,998.6,1,995.58,3362580,349909.0,436614.0,986.2,1001.8,981.3,986.2,120260250,1084.8,887.6,1102.5,649.1,998.1,1824,11,998.0,2079,13,997.9,2591,9,997.8,3613,16,997.7,885,12,998.6,180,3,998.7,983,6,998.8,1648,7,998.9,995,13,999.0,2486,20
317,2025-11-26 10:28:19+05:30,998.6,1,995.58,3362580,349909.0,436614.0,986.2,1001.8,981.3,986.2,120260250,1084.8,887.6,1102.5,649.1,998.1,1824,11,998.0,2079,13,997.9,2591,9,997.8,3613,16,997.7,885,12,998.6,180,3,998.7,983,6,998.8,1648,7,998.9,995,13,999.0,2486,20
317,2025-11-26 10:28:19+05:30,998.7,20,995.58,3362780,349615.0,435846.0,986.2,1001.8,981.3,986.2,120260250,1084.8,887.6,1102.5,649.1,998.1,1802,10,998.0,2079,13,997.9,2591,9,997.8,3613,16,997.7,885,12,998.7,363,3,998.8,1629,6,998.9,995,13,999.0,2486,20,999.1,1813,16
317,2025-11-26 10:28:20+05:30,998.1,31,995.58,3362780,349615.0,435846.0,986.2,1001.8,981.3,986.2,120260250,1084.8,887.6,1102.5,649.1,998.1,1802,10,998.0,2079,13,997.9,2591,9,997.8,3613,16,997.7,885,12,998.7,363,3,998.8,1629,6,998.9,995,13,999.0,2486,20,999.1,1813,16
317,2025-11-26 10:28:21+05:30,998.3,44,995.58,3363038,352551.0,437219.0,986.2,1001.8,981.3,986.2,120260250,1084.8,887.6,1102.5,649.1,998.1,1121,6,998.0,2327,12,997.9,4477,12,997.8,3214,12,997.7,835,12,998.3,52,1,998.5,50,1,998.6,689,7,998.7,680,7,998.8,2930,12
317,2025-11-26 10:28:21+05:30,998.3,44,995.58,3363038,352551.0,437219.0,986.2,1001.8,981.3,986.2,120260250,1084.8,887.6,1102.5,649.1,998.1,1121,6,998.0,2327,12,997.9,4477,12,997.8,3214,12,997.7,835,12,998.3,52,1,998.5,50,1,998.6,689,7,998.7,680,7,998.8,2930,12
317,2025-11-26 10:28:22+05:30,998.3,2,995.58,3363040,352642.0,437114.0,986.2,1001.8,981.3,986.2,120260250,1084.8,887.6,1102.5,649.1,998.1,1212,7,998.0,2327,12,997.9,4556,13,997.8,3214,12,997.7,835,12,998.3,50,1,998.5,50,1,998.6,689,7,998.7,680,7,998.8,2537,11
317,2025-11-26 10:28:22+05:30,998.3,2,995.58,3363040,352642.0,437114.0,986.2,1001.8,981.3,986.2,120260250,1084.8,887.6,1102.5,649.1,998.1,1212,7,998.0,2327,12,997.9,4556,13,997.8,3214,12,997.7,835,12,998.3,50,1,998.5,50,1,998.6,689,7,998.7,680,7,998.8,2537,11
317,2025-11-26 10:28:23+05:30,998.3,150,995.58,3363040,352642.0,437114.0,986.2,1001.8,981.3,986.2,120260250,1084.8,887.6,1102.5,649.1,998.1,1212,7,998.0,2327,12,997.9,4556,13,997.8,3214,12,997.7,835,12,998.3,50,1,998.5,50,1,998.6,689,7,998.7,680,7,998.8,2537,11
317,2025-11-26 10:28:23+05:30,998.3,150,995.58,3363190,352741.0,437657.0,986.2,1001.8,981.3,986.2,120260250,1084.8,887.6,1102.5,649.1,998.1,1616,7,998.0,2002,13,997.9,4556,13,997.8,3214,12,997.7,835,12,998.3,96,1,998.5,50,1,998.6,689,7,998.7,681,8,998.8,2538,12
317,2025-11-26 10:28:24+05:30,998.3,52,995.58,3363190,352741.0,437657.0,986.2,1001.8,981.3,986.2,120260250,1084.8,887.6,1102.5,649.1,998.1,1616,7,998.0,2002,13,997.9,4556,13,997.8,3214,12,997.7,835,12,998.3,96,1,998.5,50,1,998.6,689,7,998.7,681,8,998.8,2538,12
317,2025-11-26 10:28:24+05:30,998.3,52,995.58,3363286,353339.0,437629.0,986.2,1001.8,981.3,986.2,120260250,1084.8,887.6,1102.5,649.1,998.2,124,2,998.1,1938,11,998.0,2134,12,997.9,4667,14,997.8,3214,12,998.3,96,1,998.6,130,2,998.7,603,7,998.8,2484,10,998.9,862,9
317,2025-11-26 10:28:25+05:30,998.2,251,995.58,3363286,353339.0,437629.0,986.2,1001.8,981.3,986.2,120260250,1084.8,887.6,1102.5,649.1,998.2,124,2,998.1,1938,11,998.0,2134,12,997.9,4667,14,997.8,3214,12,998.3,96,1,998.6,130,2,998.7,603,7,998.8,2484,10,998.9,862,9
317,2025-11-26 10:28:25+05:30,998.2,251,995.59,3363852,353296.0,434721.0,986.2,1001.8,981.3,986.2,120260250,1084.8,887.6,1102.5,649.1,998.2,1036,7,998.1,1986,11,998.0,3880,18,997.9,4139,15,997.8,798,9,998.6,4,1,998.7,1,1,998.8,1288,4,998.9,700,7,999.0,2157,19
317,2025-11-26 10:28:26+05:30,998.3,84,995.59,3363852,353296.0,434721.0,986.2,1001.8,981.3,986.2,120260250,1084.8,887.6,1102.5,649.1,998.2,1036,7,998.1,1986,11,998.0,3880,18,997.9,4139,15,997.8,798,9,998.6,4,1,998.7,1,1,998.8,1288,4,998.9,700,7,999.0,2157,19
317,2025-11-26 10:28:26+05:30,998.2,15,995.59,3363990,350040.0,435656.0,986.2,1001.8,981.3,986.2,120260250,1084.8,887.6,1102.5,649.1,998.2,929,5,998.1,1430,10,998.0,3825,16,997.9,3415,16,997.8,772,7,998.6,4,1,998.7,433,4,998.8,1607,7,998.9,694,8,999.0,2433,22
317,2025-11-26 10:28:27+05:30,998.2,32,995.59,3363990,350040.0,435656.0,986.2,1001.8,981.3,986.2,120260250,1084.8,887.6,1102.5,649.1,998.2,929,5,998.1,1430,10,998.0,3825,16,997.9,3415,16,997.8,772,7,998.6,4,1,998.7,433,4,998.8,1607,7,998.9,694,8,999.0,2433,22
317,2025-11-26 10:28:27+05:30,998.7,4,995.59,3364311,349783.0,433037.0,986.2,1001.8,981.3,986.2,120260250,1084.8,887.6,1102.5,649.1,998.2,1395,9,998.1,1800,9,998.0,3825,16,997.9,3074,16,997.8,772,7,998.7,204,2,998.8,1624,8,998.9,738,7,999.0,1989,15,999.1,1075,11
317,2025-11-26 10:28:28+05:30,998.7,4,995.59,3364311,349783.0,433037.0,986.2,1001.8,981.3,986.2,120260250,1084.8,887.6,1102.5,649.1,998.2,1395,9,998.1,1800,9,998.0,3825,16,997.9,3074,16,997.8,772,7,998.7,204,2,998.8,1624,8,998.9,738,7,999.0,1989,15,999.1,1075,11
317,2025-11-26 10:28:28+05:30,998.7,4,995.59,3364311,351003.0,435407.0,986.2,1001.8,981.3,986.2,120260250,1084.8,887.6,1102.5,649.1,998.2,940,7,998.1,1834,10,998.0,4200,17,997.9,3040,15,997.8,772,7,998.6,1,1,998.7,238,3,998.8,2063,8,998.9,738,7,999.0,2015,17
317,2025-11-26 10:28:29+05:30,998.8,93,995.59,3364311,351003.0,435407.0,986.2,1001.8,981.3,986.2,120260250,1084.8,887.6,1102.5,649.1,998.2,940,7,998.1,1834,10,998.0,4200,17,997.9,3040,15,997.8,772,7,998.6,1,1,998.7,238,3,998.8,2063,8,998.9,738,7,999.0,2015,17
317,2025-11-26 10:28:29+05:30,998.8,93,995.59,3364413,350559.0,435047.0,986.2,1001.8,981.3,986.2,120260250,1084.8,887.6,1102.5,649.1,998.3,278,4,998.2,1492,10,998.1,1610,11,998.0,3866,17,997.9,3040,15,998.8,1381,3,998.9,583,6,999.0,1908,13,999.1,825,10,999.2,2192,15
317,2025-11-26 10:28:30+05:30,998.3,8,995.59,3364423,353007.0,435850.0,986.2,1001.8,981.3,986.2,120260250,1084.8,887.6,1102.5,649.1,998.3,191,4,998.2,1376,8,998.1,1457,11,998.0,4991,19,997.9,2980,14,998.5,94,1,998.8,1718,5,998.9,632,7,999.0,1937,16,999.1,878,9
317,2025-11-26 10:28:31+05:30,998.5,44,995.59,3364423,353007.0,435850.0,986.2,1001.8,981.3,986.2,120260250,1084.8,887.6,1102.5,649.1,998.3,191,4,998.2,1376,8,998.1,1457,11,998.0,4991,19,997.9,2980,14,998.5,94,1,998.8,1718,5,998.9,632,7,999.0,1937,16,999.1,878,9
317,2025-11-26 10:28:31+05:30,998.5,44,995.59,3364467,352287.0,435832.0,986.2,1001.8,981.3,986.2,120260250,1084.8,887.6,1102.5,649.1,998.3,201,5,998.2,938,7,998.1,1417,10,998.0,4991,19,997.9,2980,14,998.5,50,1,998.8,1718,5,998.9,598,6,999.0,1977,17,999.1,878,9
317,2025-11-26 10:28:33+05:30,998.5,44,995.59,3364467,354951.0,435668.0,986.2,1001.8,981.3,986.2,120260250,1084.8,887.6,1102.5,649.1,998.4,499,1,998.3,884,5,998.2,5609,16,998.1,1737,12,998.0,1534,13,998.5,50,1,998.6,1,1,998.8,1507,4,998.9,549,5,999.0,2050,16
317,2025-11-26 10:28:34+05:30,998.5,112,995.59,3364579,355270.0,435747.0,986.2,1001.8,981.3,986.2,120260250,1084.8,887.6,1102.5,649.1,998.4,561,3,998.3,953,7,998.2,5675,15,998.1,1761,13,998.0,1534,13,998.5,96,1,998.6,1,1,998.8,1507,4,998.9,549,5,999.0,2027,17
317,2025-11-26 10:28:34+05:30,998.5,112,995.59,3364579,355270.0,435747.0,986.2,1001.8,981.3,986.2,120260250,1084.8,887.6,1102.5,649.1,998.4,561,3,998.3,953,7,998.2,5675,15,998.1,1761,13,998.0,1534,13,998.5,96,1,998.6,1,1,998.8,1507,4,998.9,549,5,999.0,2027,17
317,2025-11-26 10:28:35+05:30,998.4,50,995.59,3364747,355591.0,435973.0,986.2,1001.8,981.3,986.2,120260250,1084.8,887.6,1102.5,649.1,998.4,344,2,998.3,1246,5,998.2,5802,17,998.1,1761,13,998.0,1534,13,998.5,96,1,998.6,1,1,998.8,1507,4,998.9,549,5,999.0,2027,17
317,2025-11-26 10:28:35+05:30,998.3,1,995.59,3364747,355591.0,435973.0,986.2,1001.8,981.3,986.2,120260250,1084.8,887.6,1102.5,649.1,998.4,344,2,998.3,1246,5,998.2,5802,17,998.1,1761,13,998.0,1534,13,998.5,96,1,998.6,1,1,998.8,1507,4,998.9,549,5,999.0,2027,17
317,2025-11-26 10:28:36+05:30,998.3,1,995.59,3365543,350474.0,434976.0,986.2,1001.8,981.3,986.2,120260250,1084.8,887.6,1102.5,649.1,998.4,93,1,998.3,21,2,998.2,1266,9,998.1,1539,10,998.0,3607,19,998.6,1,1,998.7,207,3,998.8,1973,7,998.9,675,6,999.0,2076,18
317,2025-11-26 10:28:37+05:30,998.7,8,995.59,3365680,350449.0,434498.0,986.2,1001.8,981.3,986.2,120260250,1084.8,887.6,1102.5,649.1,998.4,93,1,998.3,300,3,998.2,1180,9,998.1,1362,8,998.0,2832,14,998.8,1933,6,998.9,615,8,999.0,2050,16,999.1,898,10,999.2,1631,11
317,2025-11-26 10:28:37+05:30,998.8,7,995.59,3365680,350449.0,434498.0,986.2,1001.8,981.3,986.2,120260250,1084.8,887.6,1102.5,649.1,998.4,93,1,998.3,300,3,998.2,1180,9,998.1,1362,8,998.0,2832,14,998.8,1933,6,998.9,615,8,999.0,2050,16,999.1,898,10,999.2,1631,11
317,2025-11-26 10:28:38+05:30,998.3,45,995.59,3365923,350839.0,435258.0,986.2,1001.8,981.3,986.2,120260250,1084.8,887.6,1102.5,649.1,998.2,1140,8,998.1,1800,9,998.0,3207,15,997.9,3308,15,997.8,1090,9,998.6,40,1,998.7,376,4,998.8,2038,8,998.9,814,11,999.0,2300,17
317,2025-11-26 10:28:38+05:30,998.3,45,995.59,3365923,350839.0,435258.0,986.2,1001.8,981.3,986.2,120260250,1084.8,887.6,1102.5,649.1,998.2,1140,8,998.1,1800,9,998.0,3207,15,997.9,3308,15,997.8,1090,9,998.6,40,1,998.7,376,4,998.8,2038,8,998.9,814,11,999.0,2300,17
317,2025-11-26 10:28:39+05:30,998.6,49,995.59,3365973,351011.0,435071.0,986.2,1001.8,981.3,986.2,120260250,1084.8,887.6,1102.5,649.1,998.2,1091,7,998.1,1800,9,998.0,3287,17,997.9,3417,21,997.8,1035,7,998.6,36,2,998.7,336,3,998.8,2128,11,998.9,723,11,999.0,2305,18
317,2025-11-26 10:28:39+05:30,998.6,49,995.59,3365973,351011.0,435071.0,986.2,1001.8,981.3,986.2,120260250,1084.8,887.6,1102.5,649.1,998.2,1091,7,998.1,1800,9,998.0,3287,17,997.9,3417,21,997.8,1035,7,998.6,36,2,998.7,336,3,998.8,2128,11,998.9,723,11,999.0,2305,18
317,2025-11-26 10:28:40+05:30,998.6,1,995.59,3366004,352127.0,435707.0,986.2,1001.8,981.3,986.2,120260250,1084.8,887.6,1102.5,649.1,998.2,1038,7,998.1,1691,8,998.0,3182,16,997.9,3278,15,997.8,779,11,998.4,96,1,998.6,37,3,998.7,336,3,998.8,2285,12,998.9,757,11
317,2025-11-26 10:28:40+05:30,998.4,96,995.59,3366004,352127.0,435707.0,986.2,1001.8,981.3,986.2,120260250,1084.8,887.6,1102.5,649.1,998.2,1038,7,998.1,1691,8,998.0,3182,16,997.9,3278,15,997.8,779,11,998.4,96,1,998.6,37,3,998.7,336,3,998.8,2285,12,998.9,757,11
317,2025-11-26 10:28:41+05:30,998.4,96,995.59,3366100,354197.0,435066.0,986.2,1001.8,981.3,986.2,120260250,1084.8,887.6,1102.5,649.1,998.2,1164,9,998.1,1729,9,998.0,4642,17,997.9,3278,15,997.8,779,11,998.4,96,1,998.6,1,1,998.7,252,2,998.8,1690,8,998.9,720,10
317,2025-11-26 10:28:42+05:30,998.4,96,995.59,3366100,354201.0,435066.0,986.2,1001.8,981.3,986.2,120260250,1084.8,887.6,1102.5,649.1,998.2,1164,9,998.1,1729,9,998.0,4642,17,997.9,3278,15,997.8,779,11,998.4,96,1,998.6,1,1,998.7,252,2,998.8,1690,8,998.9,720,10
317,2025-11-26 10:28:43+05:30,998.4,44,995.59,3366144,354679.0,435044.0,986.2,1001.8,981.3,986.2,120260250,1084.8,887.6,1102.5,649.1,998.2,1164,9,998.1,1759,10,998.0,4894,18,997.9,3437,16,997.8,816,12,998.4,52,1,998.6,1,1,998.7,478,3,998.8,1690,8,998.9,687,8
317,2025-11-26 10:28:43+05:30,998.4,44,995.59,3366144,354679.0,435044.0,986.2,1001.8,981.3,986.2,120260250,1084.8,887.6,1102.5,649.1,998.2,1164,9,998.1,1759,10,998.0,4894,18,997.9,3437,16,997.8,816,12,998.4,52,1,998.6,1,1,998.7,478,3,998.8,1690,8,998.9,687,8
317,2025-11-26 10:28:44+05:30,998.4,122,995.59,3366266,354785.0,434908.0,986.2,1001.8,981.3,986.2,120260250,1084.8,887.6,1102.5,649.1,998.2,1164,9,998.1,1759,10,998.0,4894,18,997.9,3437,16,997.8,816,12,998.4,96,1,998.6,1,1,998.7,252,2,998.8,1690,8,998.9,700,9
317,2025-11-26 10:28:44+05:30,998.4,3,995.59,3366266,354785.0,434908.0,986.2,1001.8,981.3,986.2,120260250,1084.8,887.6,1102.5,649.1,998.2,1164,9,998.1,1759,10,998.0,4894,18,997.9,3437,16,997.8,816,12,998.4,96,1,998.6,1,1,998.7,252,2,998.8,1690,8,998.9,700,9
317,2025-11-26 10:28:45+05:30,998.2,79,995.59,3366988,353209.0,434729.0,986.2,1001.8,981.3,986.2,120260250,1084.8,887.6,1102.5,649.1,998.2,623,7,998.1,1867,11,998.0,4842,16,997.9,3437,16,997.8,1042,13,998.6,1,1,998.7,252,2,998.8,1584,8,998.9,699,8,999.0,2133,18
317,2025-11-26 10:28:45+05:30,998.2,79,995.59,3366988,353209.0,434729.0,986.2,1001.8,981.3,986.2,120260250,1084.8,887.6,1102.5,649.1,998.2,623,7,998.1,1867,11,998.0,4842,16,997.9,3437,16,997.8,1042,13,998.6,1,1,998.7,252,2,998.8,1584,8,998.9,699,8,999.0,2133,18
317,2025-11-26 10:28:46+05:30,998.7,96,995.59,3366988,353209.0,434729.0,986.2,1001.8,981.3,986.2,120260250,1084.8,887.6,1102.5,649.1,998.2,623,7,998.1,1867,11,998.0,4842,16,997.9,3437,16,997.8,1042,13,998.6,1,1,998.7,252,2,998.8,1584,8,998.9,699,8,999.0,2133,18
317,2025-11-26 10:28:46+05:30,998.7,96,995.59,3367090,351839.0,434807.0,986.2,1001.8,981.3,986.2,120260250,1084.8,887.6,1102.5,649.1,998.2,667,7,998.1,1829,10,998.0,3380,15,997.9,3437,16,997.8,1005,12,998.6,87,1,998.7,805,4,998.8,1505,7,998.9,707,9,999.0,2375,18
317,2025-11-26 10:28:47+05:30,998.2,132,995.59,3367090,351839.0,434807.0,986.2,1001.8,981.3,986.2,120260250,1084.8,887.6,1102.5,649.1,998.2,667,7,998.1,1829,10,998.0,3380,15,997.9,3437,16,997.8,1005,12,998.6,87,1,998.7,805,4,998.8,1505,7,998.9,707,9,999.0,2375,18
317,2025-11-26 10:28:47+05:30,998.2,132,995.59,3367354,351001.0,435289.0,986.2,1001.8,981.3,986.2,120260250,1084.8,887.6,1102.5,649.1,998.2,286,5,998.1,1035,5,998.0,3263,13,997.9,3376,15,997.8,1055,15,998.6,319,6,998.7,1612,10,998.8,1700,10,998.9,718,11,999.0,2141,17
317,2025-11-26 10:28:48+05:30,998.2,132,995.59,3367354,350790.0,435304.0,986.2,1001.8,981.3,986.2,120260250,1084.8,887.6,1102.5,649.1,998.2,299,6,998.1,1488,6,998.0,3142,13,997.9,3455,16,997.8,1055,15,998.6,281,5,998.7,1066,9,998.8,1700,10,998.9,1316,13,999.0,2141,17
317,2025-11-26 10:28:49+05:30,998.6,10,995.59,3367354,350790.0,435304.0,986.2,1001.8,981.3,986.2,120260250,1084.8,887.6,1102.5,649.1,998.2,299,6,998.1,1488,6,998.0,3142,13,997.9,3455,16,997.8,1055,15,998.6,281,5,998.7,1066,9,998.8,1700,10,998.9,1316,13,999.0,2141,17
317,2025-11-26 10:28:49+05:30,998.6,10,995.59,3367364,351265.0,435255.0,986.2,1001.8,981.3,986.2,120260250,1084.8,887.6,1102.5,649.1,998.2,299,6,998.1,1526,7,998.0,3180,14,997.9,3417,15,997.8,1017,14,998.6,183,4,998.7,970,8,998.8,1620,11,998.9,710,10,999.0,2141,17
317,2025-11-26 10:28:50+05:30,998.6,10,995.59,3367364,352332.0,435722.0,986.2,1001.8,981.3,986.2,120260250,1084.8,887.6,1102.5,649.1,998.2,481,7,998.1,917,6,998.0,3180,14,997.9,3417,15,997.8,1011,13,998.4,96,1,998.6,185,5,998.7,943,7,998.8,1766,13,998.9,742,10
317,2025-11-26 10:28:51+05:30,998.6,10,995.59,3367364,354107.0,435719.0,986.2,1001.8,981.3,986.2,120260250,1084.8,887.6,1102.5,649.1,998.2,481,7,998.1,1355,7,998.0,4701,17,997.9,3417,15,997.8,1011,13,998.4,96,1,998.6,185,5,998.7,943,7,998.8,1763,12,998.9,742,10
317,2025-11-26 10:28:52+05:30,998.6,10,995.59,3367364,354107.0,435720.0,986.2,1001.8,981.3,986.2,120260250,1084.8,887.6,1102.5,649.1,998.2,919,8,998.1,1143,7,998.0,4701,17,997.9,3417,15,997.8,1011,13,998.4,96,1,998.6,185,5,998.7,944,8,998.8,1763,12,998.9,742,10
317,2025-11-26 10:28:53+05:30,998.6,10,995.59,3367364,354107.0,436026.0,986.2,1001.8,981.3,986.2,120260250,1084.8,887.6,1102.5,649.1,998.2,481,7,998.1,1592,8,998.0,4739,18,997.9,3417,15,997.8,1011,13,998.4,104,2,998.6,191,6,998.7,944,8,998.8,1763,12,998.9,742,10
317,2025-11-26 10:28:54+05:30,998.6,10,995.59,3367364,354295.0,435924.0,986.2,1001.8,981.3,986.2,120260250,1084.8,887.6,1102.5,649.1,998.3,112,1,998.2,481,7,998.1,1192,8,998.0,4701,17,997.9,3417,15,998.4,104,2,998.6,191,6,998.7,895,7,998.8,1763,12,998.9,742,10
317,2025-11-26 10:28:55+05:30,998.3,112,995.59,3367364,354295.0,435924.0,986.2,1001.8,981.3,986.2,120260250,1084.8,887.6,1102.5,649.1,998.3,112,1,998.2,481,7,998.1,1192,8,998.0,4701,17,997.9,3417,15,998.4,104,2,998.6,191,6,998.7,895,7,998.8,1763,12,998.9,742,10
317,2025-11-26 10:28:55+05:30,998.3,112,995.59,3367484,354348.0,436489.0,986.2,1001.8,981.3,986.2,120260250,1084.8,887.6,1102.5,649.1,998.2,481,7,998.1,1075,6,998.0,4649,16,997.9,3234,13,997.8,932,8,998.3,96,1,998.4,8,1,998.6,191,6,998.7,961,9,998.8,2514,13
317,2025-11-26 10:28:56+05:30,998.3,112,995.59,3367484,353903.0,437226.0,986.2,1001.8,981.3,986.2,120260250,1084.8,887.6,1102.5,649.1,998.2,481,7,998.1,798,3,998.0,4483,13,997.9,3018,12,997.8,859,8,998.3,96,1,998.4,8,1,998.5,208,2,998.6,470,8,998.7,1062,11
317,2025-11-26 10:28:57+05:30,998.3,7,995.59,3367484,353903.0,437226.0,986.2,1001.8,981.3,986.2,120260250,1084.8,887.6,1102.5,649.1,998.2,481,7,998.1,798,3,998.0,4483,13,997.9,3018,12,997.8,859,8,998.3,96,1,998.4,8,1,998.5,208,2,998.6,470,8,998.7,1062,11
317,2025-11-26 10:28:57+05:30,998.3,13,995.59,3367504,354830.0,436965.0,986.2,1001.8,981.3,986.2,120260250,1084.8,887.6,1102.5,649.1,998.2,481,7,998.1,798,3,998.0,4757,15,997.9,3286,16,997.8,1060,10,998.3,76,1,998.4,8,1,998.5,205,2,998.6,391,7,998.7,1019,8
317,2025-11-26 10:28:58+05:30,998.3,13,995.59,3367504,354830.0,436965.0,986.2,1001.8,981.3,986.2,120260250,1084.8,887.6,1102.5,649.1,998.2,481,7,998.1,798,3,998.0,4757,15,997.9,3286,16,997.8,1060,10,998.3,76,1,998.4,8,1,998.5,205,2,998.6,391,7,998.7,1019,8
317,2025-11-26 10:28:58+05:30,998.3,13,995.59,3367504,354327.0,437138.0,986.2,1001.8,981.3,986.2,120260250,1084.8,887.6,1102.5,649.1,998.2,481,7,998.1,798,3,998.0,4708,14,997.9,3286,16,997.8,1060,10,998.3,76,1,998.4,8,1,998.5,205,2,998.6,391,7,998.7,534,8
317,2025-11-26 10:28:59+05:30,998.2,1,995.59,3367504,354327.0,437138.0,986.2,1001.8,981.3,986.2,120260250,1084.8,887.6,1102.5,649.1,998.2,481,7,998.1,798,3,998.0,4708,14,997.9,3286,16,997.8,1060,10,998.3,76,1,998.4,8,1,998.5,205,2,998.6,391,7,998.7,534,8
317,2025-11-26 10:28:59+05:30,998.6,5,995.59,3368411,352898.0,433709.0,986.2,1001.8,981.3,986.2,120260250,1084.8,887.6,1102.5,649.1,998.2,1084,11,998.1,1302,9,998.0,4786,16,997.9,3184,13,997.8,1054,9,998.6,63,3,998.7,130,3,998.8,1592,11,998.9,662,7,999.0,1723,9
317,2025-11-26 10:29:00+05:30,998.2,73,995.59,3368411,352898.0,433709.0,986.2,1001.8,981.3,986.2,120260250,1084.8,887.6,1102.5,649.1,998.2,1084,11,998.1,1302,9,998.0,4786,16,997.9,3184,13,997.8,1054,9,998.6,63,3,998.7,130,3,998.8,1592,11,998.9,662,7,999.0,1723,9
317,2025-11-26 10:29:00+05:30,998.2,8,995.59,3368683,347972.0,436101.0,986.2,1001.8,981.3,986.2,120260250,1084.8,887.6,1102.5,649.1,998.2,249,5,998.1,667,5,998.0,2106,13,997.9,3938,13,997.8,2078,13,998.4,96,1,998.6,831,8,998.7,898,9,998.8,1880,17,998.9,741,8
317,2025-11-26 10:29:01+05:30,998.2,8,995.59,3368683,347972.0,436101.0,986.2,1001.8,981.3,986.2,120260250,1084.8,887.6,1102.5,649.1,998.2,249,5,998.1,667,5,998.0,2106,13,997.9,3938,13,997.8,2078,13,998.4,96,1,998.6,831,8,998.7,898,9,998.8,1880,17,998.9,741,8
317,2025-11-26 10:29:01+05:30,998.2,8,995.59,3368683,349472.0,435970.0,986.2,1001.8,981.3,986.2,120260250,1084.8,887.6,1102.5,649.1,998.2,249,5,998.1,1417,6,998.0,2106,13,997.9,4688,14,997.8,2078,13,998.4,96,1,998.6,831,8,998.7,707,10,998.8,1885,18,998.9,751,9
317,2025-11-26 10:29:02+05:30,998.2,1,995.59,3368933,348861.0,435732.0,986.2,1001.8,981.3,986.2,120260250,1084.8,887.6,1102.5,649.1,998.2,40,2,998.1,1378,6,998.0,2033,11,997.9,4881,17,997.8,2018,12,998.4,96,1,998.6,835,9,998.7,756,11,998.8,1885,18,998.9,751,9
317,2025-11-26 10:29:03+05:30,998.2,1,995.59,3368933,348861.0,435732.0,986.2,1001.8,981.3,986.2,120260250,1084.8,887.6,1102.5,649.1,998.2,40,2,998.1,1378,6,998.0,2033,11,997.9,4881,17,997.8,2018,12,998.4,96,1,998.6,835,9,998.7,756,11,998.8,1885,18,998.9,751,9
317,2025-11-26 10:29:03+05:30,998.2,1,995.59,3368933,348788.0,435732.0,986.2,1001.8,981.3,986.2,120260250,1084.8,887.6,1102.5,649.1,998.2,40,2,998.1,1378,6,998.0,2033,11,997.9,4881,17,997.8,1945,11,998.4,96,1,998.6,835,9,998.7,756,11,998.8,1885,18,998.9,751,9
317,2025-11-26 10:29:04+05:30,998.2,1,995.59,3368933,349332.0,436033.0,986.2,1001.8,981.3,986.2,120260250,1084.8,887.6,1102.5,649.1,998.2,40,2,998.1,1464,6,998.0,2008,10,997.9,4881,17,997.8,1945,11,998.4,104,2,998.5,202,1,998.6,905,11,998.7,756,11,998.8,1847,17
317,2025-11-26 10:29:05+05:30,998.2,54,995.59,3368933,349332.0,436033.0,986.2,1001.8,981.3,986.2,120260250,1084.8,887.6,1102.5,649.1,998.2,40,2,998.1,1464,6,998.0,2008,10,997.9,4881,17,997.8,1945,11,998.4,104,2,998.5,202,1,998.6,905,11,998.7,756,11,998.8,1847,17
317,2025-11-26 10:29:05+05:30,998.2,54,995.59,3369058,348797.0,437408.0,986.2,1001.8,981.3,986.2,120260250,1084.8,887.6,1102.5,649.1,998.1,851,4,998.0,2220,10,997.9,4770,16,997.8,1967,12,997.7,700,11,998.2,96,1,998.4,8,1,998.5,420,2,998.6,942,11,998.7,903,14
317,2025-11-26 10:29:06+05:30,998.1,71,995.59,3369190,349168.0,437330.0,986.2,1001.8,981.3,986.2,120260250,1084.8,887.6,1102.5,649.1,998.1,780,4,998.0,2255,11,997.9,5356,15,997.8,1967,12,997.7,700,11,998.2,96,1,998.4,8,1,998.5,420,2,998.6,571,10,998.7,1000,15
317,2025-11-26 10:29:07+05:30,998.1,71,995.59,3369190,349168.0,437330.0,986.2,1001.8,981.3,986.2,120260250,1084.8,887.6,1102.5,649.1,998.1,780,4,998.0,2255,11,997.9,5356,15,997.8,1967,12,997.7,700,11,998.2,96,1,998.4,8,1,998.5,420,2,998.6,571,10,998.7,1000,15
317,2025-11-26 10:29:07+05:30,998.2,1,995.59,3369191,349497.0,437111.0,986.2,1001.8,981.3,986.2,120260250,1084.8,887.6,1102.5,649.1,998.1,793,5,998.0,2389,10,997.9,5342,15,997.8,1967,12,997.7,700,11,998.2,95,1,998.4,8,1,998.5,202,1,998.6,650,11,998.7,965,14
317,2025-11-26 10:29:08+05:30,998.2,1,995.59,3369191,349497.0,437111.0,986.2,1001.8,981.3,986.2,120260250,1084.8,887.6,1102.5,649.1,998.1,793,5,998.0,2389,10,997.9,5342,15,997.8,1967,12,997.7,700,11,998.2,95,1,998.4,8,1,998.5,202,1,998.6,650,11,998.7,965,14
317,2025-11-26 10:29:09+05:30,998.2,8,995.59,3369199,349497.0,437321.0,986.2,1001.8,981.3,986.2,120260250,1084.8,887.6,1102.5,649.1,998.1,793,5,998.0,2389,10,997.9,5391,16,997.8,1967,12,997.7,700,11,998.2,87,1,998.4,8,1,998.5,202,1,998.6,650,11,998.7,965,14
317,2025-11-26 10:29:09+05:30,998.2,8,995.59,3369199,349497.0,437321.0,986.2,1001.8,981.3,986.2,120260250,1084.8,887.6,1102.5,649.1,998.1,793,5,998.0,2389,10,997.9,5391,16,997.8,1967,12,997.7,700,11,998.2,87,1,998.4,8,1,998.5,202,1,998.6,650,11,998.7,965,14
317,2025-11-26 10:29:10+05:30,998.1,75,995.59,3370343,346730.0,438607.0,986.2,1001.8,981.3,986.2,120260250,1084.8,887.6,1102.5,649.1,998.0,1654,7,997.9,3251,11,997.8,1322,10,997.7,3701,11,997.6,1916,13,998.1,96,1,998.3,2,1,998.4,260,3,998.5,849,6,998.6,562,11
317,2025-11-26 10:29:10+05:30,998.1,75,995.59,3370343,346730.0,438607.0,986.2,1001.8,981.3,986.2,120260250,1084.8,887.6,1102.5,649.1,998.0,1654,7,997.9,3251,11,997.8,1322,10,997.7,3701,11,997.6,1916,13,998.1,96,1,998.3,2,1,998.4,260,3,998.5,849,6,998.6,562,11
317,2025-11-26 10:29:11+05:30,998.1,17,995.59,3371236,344961.0,437511.0,986.2,1001.8,981.3,986.2,120260250,1084.8,887.6,1102.5,649.1,998.0,1228,7,997.9,2188,13,997.8,1654,10,997.7,5201,13,997.6,1810,14,998.4,181,3,998.5,800,5,998.6,540,9,998.7,868,11,998.8,2653,18
317,2025-11-26 10:29:11+05:30,998.1,17,995.59,3371236,344961.0,437511.0,986.2,1001.8,981.3,986.2,120260250,1084.8,887.6,1102.5,649.1,998.0,1228,7,997.9,2188,13,997.8,1654,10,997.7,5201,13,997.6,1810,14,998.4,181,3,998.5,800,5,998.6,540,9,998.7,868,11,998.8,2653,18
317,2025-11-26 10:29:12+05:30,998.0,59,995.59,3371501,344900.0,437212.0,986.2,1001.8,981.3,986.2,120260250,1084.8,887.6,1102.5,649.1,998.0,2055,9,997.9,2113,12,997.8,2831,13,997.7,3087,11,997.6,1215,16,998.4,7,1,998.5,301,2,998.6,461,8,998.7,873,12,998.8,2653,18
317,2025-11-26 10:29:12+05:30,998.0,59,995.59,3371501,344900.0,437212.0,986.2,1001.8,981.3,986.2,120260250,1084.8,887.6,1102.5,649.1,998.0,2055,9,997.9,2113,12,997.8,2831,13,997.7,3087,11,997.6,1215,16,998.4,7,1,998.5,301,2,998.6,461,8,998.7,873,12,998.8,2653,18
317,2025-11-26 10:29:13+05:30,998.0,59,995.59,3371501,345175.0,437248.0,986.2,1001.8,981.3,986.2,120260250,1084.8,887.6,1102.5,649.1,998.1,589,2,998.0,1545,10,997.9,2192,13,997.8,2827,11,997.7,3155,12,998.4,7,1,998.5,301,2,998.6,461,8,998.7,873,12,998.8,2663,19
317,2025-11-26 10:29:14+05:30,998.4,3,995.59,3371501,345175.0,437248.0,986.2,1001.8,981.3,986.2,120260250,1084.8,887.6,1102.5,649.1,998.1,589,2,998.0,1545,10,997.9,2192,13,997.8,2827,11,997.7,3155,12,998.4,7,1,998.5,301,2,998.6,461,8,998.7,873,12,998.8,2663,19
317,2025-11-26 10:29:14+05:30,998.4,3,995.59,3371506,345185.0,437569.0,986.2,1001.8,981.3,986.2,120260250,1084.8,887.6,1102.5,649.1,998.1,589,2,998.0,1545,10,997.9,2192,13,997.8,2827,11,997.7,3155,12,998.4,2,1,998.5,301,2,998.6,461,8,998.7,873,12,998.8,2663,19
317,2025-11-26 10:29:15+05:30,998.4,56,995.59,3371506,345185.0,437569.0,986.2,1001.8,981.3,986.2,120260250,1084.8,887.6,1102.5,649.1,998.1,589,2,998.0,1545,10,997.9,2192,13,997.8,2827,11,997.7,3155,12,998.4,2,1,998.5,301,2,998.6,461,8,998.7,873,12,998.8,2663,19
317,2025-11-26 10:29:15+05:30,998.1,4,995.59,3371566,343861.0,437817.0,986.2,1001.8,981.3,986.2,120260250,1084.8,887.6,1102.5,649.1,998.1,108,1,998.0,1603,10,997.9,1754,12,997.8,2452,10,997.7,3132,12,998.4,2,1,998.5,301,2,998.6,471,9,998.7,1075,13,998.8,2663,19
317,2025-11-26 10:29:16+05:30,998.5,10,995.59,3371566,343861.0,437817.0,986.2,1001.8,981.3,986.2,120260250,1084.8,887.6,1102.5,649.1,998.1,108,1,998.0,1603,10,997.9,1754,12,997.8,2452,10,997.7,3132,12,998.4,2,1,998.5,301,2,998.6,471,9,998.7,1075,13,998.8,2663,19
317,2025-11-26 10:29:16+05:30,998.5,44,995.59,3371622,342613.0,436812.0,986.2,1001.8,981.3,986.2,120260250,1084.8,887.6,1102.5,649.1,998.1,108,1,998.0,1353,8,997.9,1505,8,997.8,2352,10,997.7,2954,12,998.5,809,5,998.6,493,9,998.7,808,10,998.8,1902,17,998.9,1106,9
317,2025-11-26 10:29:17+05:30,998.5,44,995.59,3371622,342613.0,436812.0,986.2,1001.8,981.3,986.2,120260250,1084.8,887.6,1102.5,649.1,998.1,108,1,998.0,1353,8,997.9,1505,8,997.8,2352,10,997.7,2954,12,998.5,809,5,998.6,493,9,998.7,808,10,998.8,1902,17,998.9,1106,9
317,2025-11-26 10:29:17+05:30,998.5,44,995.59,3371622,344466.0,436861.0,986.2,1001.8,981.3,986.2,120260250,1084.8,887.6,1102.5,649.1,998.1,631,4,998.0,1353,8,997.9,1505,8,997.8,2352,10,997.7,2954,12,998.5,777,4,998.6,493,9,998.7,840,11,998.8,1902,17,998.9,599,8
317,2025-11-26 10:29:18+05:30,998.5,44,995.59,3371622,344541.0,436963.0,986.2,1001.8,981.3,986.2,120260250,1084.8,887.6,1102.5,649.1,998.1,115,2,998.0,1915,9,997.9,1505,8,997.8,2320,9,997.7,2986,13,998.5,845,7,998.6,539,8,998.7,1370,11,998.8,1902,17,998.9,849,9
317,2025-11-26 10:29:19+05:30,998.5,2,995.59,3371622,344541.0,436963.0,986.2,1001.8,981.3,986.2,120260250,1084.8,887.6,1102.5,649.1,998.1,115,2,998.0,1915,9,997.9,1505,8,997.8,2320,9,997.7,2986,13,998.5,845,7,998.6,539,8,998.7,1370,11,998.8,1902,17,998.9,849,9
317,2025-11-26 10:29:19+05:30,998.5,2,995.59,3371624,343980.0,436933.0,986.2,1001.8,981.3,986.2,120260250,1084.8,887.6,1102.5,649.1,998.1,115,2,998.0,1353,8,997.9,1505,8,997.8,2320,9,997.7,2986,13,998.5,811,6,998.6,571,9,998.7,822,11,998.8,1902,17,998.9,849,9
317,2025-11-26 10:29:20+05:30,998.1,17,995.59,3371624,343980.0,436933.0,986.2,1001.8,981.3,986.2,120260250,1084.8,887.6,1102.5,649.1,998.1,115,2,998.0,1353,8,997.9,1505,8,997.8,2320,9,997.7,2986,13,998.5,811,6,998.6,571,9,998.7,822,11,998.8,1902,17,998.9,849,9
317,2025-11-26 10:29:21+05:30,998.1,17,995.59,3371756,346592.0,437350.0,986.2,1001.8,981.3,986.2,120260250,1084.8,887.6,1102.5,649.1,998.1,346,3,998.0,2138,12,997.9,2928,10,997.8,3739,12,997.7,831,10,998.3,96,1,998.5,1016,4,998.6,514,6,998.7,824,7,998.8,1874,19
317,2025-11-26 10:29:22+05:30,998.1,17,995.59,3371756,347393.0,438127.0,986.2,1001.8,981.3,986.2,120260250,1084.8,887.6,1102.5,649.1,998.1,346,3,998.0,2138,12,997.9,2958,11,997.8,3863,13,997.7,1581,11,998.3,96,1,998.5,1016,4,998.6,514,6,998.7,824,7,998.8,2651,22
317,2025-11-26 10:29:23+05:30,998.3,1,995.59,3371758,346088.0,438992.0,986.2,1001.8,981.3,986.2,120260250,1084.8,887.6,1102.5,649.1,998.0,1619,10,997.9,3427,13,997.8,3865,14,997.7,1799,12,997.6,980,12,998.3,95,1,998.5,1016,4,998.6,516,7,998.7,1879,11,998.8,2718,22
317,2025-11-26 10:29:23+05:30,998.3,1,995.59,3371758,346088.0,438992.0,986.2,1001.8,981.3,986.2,120260250,1084.8,887.6,1102.5,649.1,998.0,1619,10,997.9,3427,13,997.8,3865,14,997.7,1799,12,997.6,980,12,998.3,95,1,998.5,1016,4,998.6,516,7,998.7,1879,11,998.8,2718,22
317,2025-11-26 10:29:24+05:30,998.3,44,995.59,3371802,347797.0,438918.0,986.2,1001.8,981.3,986.2,120260250,1084.8,887.6,1102.5,649.1,998.0,2108,13,997.9,2958,11,997.8,3865,14,997.7,1799,12,997.6,1058,13,998.3,51,1,998.5,1016,4,998.6,516,7,998.7,1782,9,998.8,2708,21
317,2025-11-26 10:29:24+05:30,998.3,44,995.59,3371802,347797.0,438918.0,986.2,1001.8,981.3,986.2,120260250,1084.8,887.6,1102.5,649.1,998.0,2108,13,997.9,2958,11,997.8,3865,14,997.7,1799,12,997.6,1058,13,998.3,51,1,998.5,1016,4,998.6,516,7,998.7,1782,9,998.8,2708,21
317,2025-11-26 10:29:25+05:30,998.0,50,995.59,3372721,345806.0,437087.0,986.2,1001.8,981.3,986.2,120260250,1084.8,887.6,1102.5,649.1,998.1,518,2,998.0,1737,7,997.9,2962,10,997.8,3488,12,997.7,1799,12,998.5,1061,5,998.6,438,7,998.7,1782,9,998.8,1928,19,998.9,849,9
317,2025-11-26 10:29:25+05:30,998.0,50,995.59,3372721,345806.0,437087.0,986.2,1001.8,981.3,986.2,120260250,1084.8,887.6,1102.5,649.1,998.1,518,2,998.0,1737,7,997.9,2962,10,997.8,3488,12,997.7,1799,12,998.5,1061,5,998.6,438,7,998.7,1782,9,998.8,1928,19,998.9,849,9
317,2025-11-26 10:29:26+05:30,998.5,1,995.59,3372800,345383.0,438042.0,986.2,1001.8,981.3,986.2,120260250,1084.8,887.6,1102.5,649.1,998.0,2575,11,997.9,3072,12,997.8,2740,12,997.7,1799,12,997.6,1160,14,998.5,937,4,998.6,438,7,998.7,1782,9,998.8,1959,20,998.9,817,9
317,2025-11-26 10:29:26+05:30,998.0,132,995.59,3372800,345383.0,438042.0,986.2,1001.8,981.3,986.2,120260250,1084.8,887.6,1102.5,649.1,998.0,2575,11,997.9,3072,12,997.8,2740,12,997.7,1799,12,997.6,1160,14,998.5,937,4,998.6,438,7,998.7,1782,9,998.8,1959,20,998.9,817,9
317,2025-11-26 10:29:27+05:30,998.5,8,995.59,3372940,344734.0,438420.0,986.2,1001.8,981.3,986.2,120260250,1084.8,887.6,1102.5,649.1,998.0,1247,8,997.9,3479,12,997.8,2771,13,997.7,1799,12,997.6,1378,15,998.5,1147,5,998.6,835,10,998.7,1818,12,998.8,1956,20,998.9,854,10
317,2025-11-26 10:29:27+05:30,998.5,8,995.59,3372940,344734.0,438420.0,986.2,1001.8,981.3,986.2,120260250,1084.8,887.6,1102.5,649.1,998.0,1247,8,997.9,3479,12,997.8,2771,13,997.7,1799,12,997.6,1378,15,998.5,1147,5,998.6,835,10,998.7,1818,12,998.8,1956,20,998.9,854,10
317,2025-11-26 10:29:28+05:30,998.5,8,995.59,3372940,346162.0,438726.0,986.2,1001.8,981.3,986.2,120260250,1084.8,887.6,1102.5,649.1,998.4,60,1,998.0,1884,10,997.9,3320,9,997.8,2738,11,997.7,1080,12,998.5,1486,10,998.6,883,10,998.7,1712,11,998.8,1865,18,998.9,854,10
317,2025-11-26 10:29:29+05:30,998.5,8,995.59,3372940,346787.0,438786.0,986.2,1001.8,981.3,986.2,120260250,1084.8,887.6,1102.5,649.1,998.4,73,2,998.1,551,1,998.0,1295,9,997.9,3320,9,997.8,2738,11,998.5,1424,8,998.6,945,12,998.7,1711,10,998.8,1868,20,998.9,854,10
317,2025-11-26 10:29:30+05:30,998.0,127,995.59,3373142,346334.0,439031.0,986.2,1001.8,981.3,986.2,120260250,1084.8,887.6,1102.5,649.1,998.0,1138,9,997.9,2957,11,997.8,3115,13,997.7,1799,12,997.6,1635,15,998.4,43,1,998.5,1297,9,998.6,1025,11,998.7,1971,13,998.8,2022,22
317,2025-11-26 10:29:30+05:30,998.0,127,995.59,3373142,346334.0,439031.0,986.2,1001.8,981.3,986.2,120260250,1084.8,887.6,1102.5,649.1,998.0,1138,9,997.9,2957,11,997.8,3115,13,997.7,1799,12,997.6,1635,15,998.4,43,1,998.5,1297,9,998.6,1025,11,998.7,1971,13,998.8,2022,22
317,2025-11-26 10:29:31+05:30,998.0,8,995.59,3373150,346789.0,439031.0,986.2,1001.8,981.3,986.2,120260250,1084.8,887.6,1102.5,649.1,998.0,1130,9,997.9,2908,10,997.8,3066,12,997.7,1799,12,997.6,1635,15,998.4,43,1,998.5,1297,9,998.6,1025,11,998.7,1971,13,998.8,2022,22
317,2025-11-26 10:29:31+05:30,998.0,8,995.59,3373150,346789.0,439031.0,986.2,1001.8,981.3,986.2,120260250,1084.8,887.6,1102.5,649.1,998.0,1130,9,997.9,2908,10,997.8,3066,12,997.7,1799,12,997.6,1635,15,998.4,43,1,998.5,1297,9,998.6,1025,11,998.7,1971,13,998.8,2022,22
317,2025-11-26 10:29:32+05:30,998.4,5,995.59,3373155,346815.0,439425.0,986.2,1001.8,981.3,986.2,120260250,1084.8,887.6,1102.5,649.1,998.0,1130,9,997.9,2908,10,997.8,3115,13,997.7,1799,12,997.6,1635,15,998.4,38,1,998.5,1284,8,998.6,1025,11,998.7,1983,14,998.8,2022,22
317,2025-11-26 10:29:32+05:30,998.4,5,995.59,3373155,346815.0,439425.0,986.2,1001.8,981.3,986.2,120260250,1084.8,887.6,1102.5,649.1,998.0,1130,9,997.9,2908,10,997.8,3115,13,997.7,1799,12,997.6,1635,15,998.4,38,1,998.5,1284,8,998.6,1025,11,998.7,1983,14,998.8,2022,22
317,2025-11-26 10:29:33+05:30,998.4,5,995.59,3373155,346435.0,439238.0,986.2,1001.8,981.3,986.2,120260250,1084.8,887.6,1102.5,649.1,998.1,112,1,998.0,1130,9,997.9,2957,11,997.8,3113,12,997.7,1799,12,998.4,38,1,998.5,1284,8,998.6,1025,11,998.7,1971,13,998.8,2022,22
317,2025-11-26 10:29:34+05:30,998.1,10,995.59,3373165,346449.0,439216.0,986.2,1001.8,981.3,986.2,120260250,1084.8,887.6,1102.5,649.1,998.1,102,1,998.0,1130,9,997.9,2957,11,997.8,3113,12,997.7,1799,12,998.4,38,1,998.5,1274,7,998.6,1025,11,998.7,1971,13,998.8,2022,22
317,2025-11-26 10:29:34+05:30,998.1,10,995.59,3373165,346449.0,439216.0,986.2,1001.8,981.3,986.2,120260250,1084.8,887.6,1102.5,649.1,998.1,102,1,998.0,1130,9,997.9,2957,11,997.8,3113,12,997.7,1799,12,998.4,38,1,998.5,1274,7,998.6,1025,11,998.7,1971,13,998.8,2022,22
317,2025-11-26 10:29:35+05:30,998.1,52,995.59,3373466,348868.0,440861.0,986.2,1001.8,981.3,986.2,120260250,1084.8,887.6,1102.5,649.1,998.0,1078,8,997.9,3364,11,997.8,3003,12,997.7,1803,12,997.6,1312,16,998.1,96,1,998.4,252,2,998.5,1514,10,998.6,1099,11,998.7,2681,12
317,2025-11-26 10:29:35+05:30,998.1,52,995.59,3373466,348868.0,440861.0,986.2,1001.8,981.3,986.2,120260250,1084.8,887.6,1102.5,649.1,998.0,1078,8,997.9,3364,11,997.8,3003,12,997.7,1803,12,997.6,1312,16,998.1,96,1,998.4,252,2,998.5,1514,10,998.6,1099,11,998.7,2681,12
317,2025-11-26 10:29:36+05:30,998.5,5,995.59,3374297,347856.0,436356.0,986.2,1001.8,981.3,986.2,120260250,1084.8,887.6,1102.5,649.1,998.1,776,4,998.0,1607,14,997.9,3163,13,997.8,4232,13,997.7,1694,11,998.5,475,4,998.6,223,4,998.7,1619,7,998.8,1826,18,998.9,823,10
317,2025-11-26 10:29:36+05:30,998.5,5,995.59,3374297,347856.0,436356.0,986.2,1001.8,981.3,986.2,120260250,1084.8,887.6,1102.5,649.1,998.1,776,4,998.0,1607,14,997.9,3163,13,997.8,4232,13,997.7,1694,11,998.5,475,4,998.6,223,4,998.7,1619,7,998.8,1826,18,998.9,823,10
317,2025-11-26 10:29:37+05:30,998.5,103,995.59,3374654,345947.0,436155.0,986.2,1001.8,981.3,986.2,120260250,1084.8,887.6,1102.5,649.1,998.1,640,3,998.0,1425,13,997.9,3035,12,997.8,2408,9,997.7,1694,11,998.5,372,4,998.6,140,4,998.7,1697,9,998.8,1826,18,998.9,599,8
317,2025-11-26 10:29:37+05:30,998.5,103,995.59,3374654,345947.0,436155.0,986.2,1001.8,981.3,986.2,120260250,1084.8,887.6,1102.5,649.1,998.1,640,3,998.0,1425,13,997.9,3035,12,997.8,2408,9,997.7,1694,11,998.5,372,4,998.6,140,4,998.7,1697,9,998.8,1826,18,998.9,599,8
317,2025-11-26 10:29:38+05:30,998.5,103,995.59,3374654,345842.0,437634.0,986.2,1001.8,981.3,986.2,120260250,1084.8,887.6,1102.5,649.1,998.0,1872,13,997.9,1706,9,997.8,2103,7,997.7,3214,15,997.6,1675,18,998.5,1008,6,998.6,396,7,998.7,1668,8,998.8,1905,19,998.9,920,11
317,2025-11-26 10:29:39+05:30,998.5,103,995.59,3374654,346012.0,438142.0,986.2,1001.8,981.3,986.2,120260250,1084.8,887.6,1102.5,649.1,998.0,1843,12,997.9,1784,11,997.8,2323,9,997.7,3226,15,997.6,1760,19,998.5,1008,6,998.6,396,7,998.7,1668,8,998.8,1905,19,998.9,920,11
317,2025-11-26 10:29:40+05:30,998.5,103,995.59,3374654,347333.0,439263.0,986.2,1001.8,981.3,986.2,120260250,1084.8,887.6,1102.5,649.1,998.0,745,8,997.9,2270,10,997.8,1279,11,997.7,4119,15,997.6,2286,22,998.2,96,1,998.5,1008,6,998.6,478,7,998.7,1776,10,998.8,2904,21
317,2025-11-26 10:29:41+05:30,998.5,103,995.59,3374654,350574.0,439532.0,986.2,1001.8,981.3,986.2,120260250,1084.8,887.6,1102.5,649.1,998.0,1178,9,997.9,1889,11,997.8,4221,13,997.7,3395,16,997.6,1539,20,998.2,96,1,998.5,1008,6,998.6,478,7,998.7,1776,10,998.8,2654,20
317,2025-11-26 10:29:42+05:30,998.2,1,995.59,3374655,350861.0,439692.0,986.2,1001.8,981.3,986.2,120260250,1084.8,887.6,1102.5,649.1,998.0,1178,9,997.9,1152,10,997.8,3458,12,997.7,4119,15,997.6,1565,22,998.2,95,1,998.5,1008,6,998.6,478,7,998.7,1776,10,998.8,2654,20
317,2025-11-26 10:29:43+05:30,998.2,1,995.59,3374655,350861.0,439692.0,986.2,1001.8,981.3,986.2,120260250,1084.8,887.6,1102.5,649.1,998.0,1178,9,997.9,1152,10,997.8,3458,12,997.7,4119,15,997.6,1565,22,998.2,95,1,998.5,1008,6,998.6,478,7,998.7,1776,10,998.8,2654,20
317,2025-11-26 10:29:43+05:30,998.2,1,995.59,3374659,352181.0,439651.0,986.2,1001.8,981.3,986.2,120260250,1084.8,887.6,1102.5,649.1,998.0,1312,10,997.9,1660,10,997.8,2275,14,997.7,5746,18,997.6,2315,23,998.2,94,1,998.5,1008,6,998.6,478,7,998.7,1776,10,998.8,2654,20
317,2025-11-26 10:29:44+05:30,998.2,2,995.59,3374661,353398.0,439745.0,986.2,1001.8,981.3,986.2,120260250,1084.8,887.6,1102.5,649.1,998.0,1617,9,997.9,1990,11,997.8,4709,18,997.7,3466,13,997.6,1595,24,998.2,92,1,998.3,9,1,998.5,1008,6,998.6,557,8,998.7,1776,10
317,2025-11-26 10:29:45+05:30,998.0,288,995.59,3374661,353398.0,439745.0,986.2,1001.8,981.3,986.2,120260250,1084.8,887.6,1102.5,649.1,998.0,1617,9,997.9,1990,11,997.8,4709,18,997.7,3466,13,997.6,1595,24,998.2,92,1,998.3,9,1,998.5,1008,6,998.6,557,8,998.7,1776,10
317,2025-11-26 10:29:45+05:30,998.0,288,995.59,3375612,354163.0,437904.0,986.2,1001.8,981.3,986.2,120260250,1084.8,887.6,1102.5,649.1,998.2,433,1,998.1,566,3,998.0,5137,17,997.9,2430,14,997.8,2033,11,998.3,9,1,998.5,790,5,998.6,318,5,998.7,1619,7,998.8,1852,19
317,2025-11-26 10:29:46+05:30,998.2,254,995.59,3375612,354163.0,437904.0,986.2,1001.8,981.3,986.2,120260250,1084.8,887.6,1102.5,649.1,998.2,433,1,998.1,566,3,998.0,5137,17,997.9,2430,14,997.8,2033,11,998.3,9,1,998.5,790,5,998.6,318,5,998.7,1619,7,998.8,1852,19
317,2025-11-26 10:29:46+05:30,998.4,1,995.59,3375896,353002.0,438113.0,986.2,1001.8,981.3,986.2,120260250,1084.8,887.6,1102.5,649.1,998.2,178,1,998.1,1177,3,998.0,6297,17,997.9,1697,13,997.8,1283,10,998.4,252,1,998.5,891,7,998.6,417,6,998.7,1678,9,998.8,1941,21
317,2025-11-26 10:29:47+05:30,998.4,107,995.59,3375896,353002.0,438113.0,986.2,1001.8,981.3,986.2,120260250,1084.8,887.6,1102.5,649.1,998.2,178,1,998.1,1177,3,998.0,6297,17,997.9,1697,13,997.8,1283,10,998.4,252,1,998.5,891,7,998.6,417,6,998.7,1678,9,998.8,1941,21
317,2025-11-26 10:29:47+05:30,998.4,107,995.59,3376003,353042.0,438276.0,986.2,1001.8,981.3,986.2,120260250,1084.8,887.6,1102.5,649.1,998.2,178,1,998.1,1256,4,998.0,6351,19,997.9,1671,12,997.8,1309,11,998.4,146,2,998.5,790,5,998.6,443,7,998.7,1668,8,998.8,1931,20
317,2025-11-26 10:29:48+05:30,998.4,44,995.59,3376003,353042.0,438276.0,986.2,1001.8,981.3,986.2,120260250,1084.8,887.6,1102.5,649.1,998.2,178,1,998.1,1256,4,998.0,6351,19,997.9,1671,12,997.8,1309,11,998.4,146,2,998.5,790,5,998.6,443,7,998.7,1668,8,998.8,1931,20
317,2025-11-26 10:29:48+05:30,998.4,44,995.59,3376147,352973.0,438276.0,986.2,1001.8,981.3,986.2,120260250,1084.8,887.6,1102.5,649.1,998.2,78,1,998.1,1285,5,998.0,6351,19,997.9,1671,12,997.8,1309,11,998.4,102,2,998.5,790,5,998.6,443,7,998.7,1747,9,998.8,1931,20
317,2025-11-26 10:29:49+05:30,998.4,44,995.59,3376147,353022.0,438276.0,986.2,1001.8,981.3,986.2,120260250,1084.8,887.6,1102.5,649.1,998.2,78,1,998.1,1289,6,998.0,6396,20,997.9,1671,12,997.8,1309,11,998.4,102,2,998.5,790,5,998.6,443,7,998.7,1747,9,998.8,1931,20
317,2025-11-26 10:29:50+05:30,998.1,49,995.59,3376147,353022.0,438276.0,986.2,1001.8,981.3,986.2,120260250,1084.8,887.6,1102.5,649.1,998.2,78,1,998.1,1289,6,998.0,6396,20,997.9,1671,12,997.8,1309,11,998.4,102,2,998.5,790,5,998.6,443,7,998.7,1747,9,998.8,1931,20
317,2025-11-26 10:29:50+05:30,998.1,49,995.59,3376274,354331.0,438743.0,986.2,1001.8,981.3,986.2,120260250,1084.8,887.6,1102.5,649.1,998.2,750,1,998.1,1159,4,998.0,6186,17,997.9,1757,16,997.8,864,8,998.3,96,1,998.4,102,2,998.5,846,8,998.6,478,8,998.7,1651,9
317,2025-11-26 10:29:51+05:30,998.1,49,995.59,3376274,354460.0,438549.0,986.2,1001.8,981.3,986.2,120260250,1084.8,887.6,1102.5,649.1,998.2,763,2,998.1,1159,4,998.0,6453,19,997.9,1797,18,997.8,864,8,998.3,96,1,998.4,102,2,998.5,794,6,998.6,532,10,998.7,1651,9
317,2025-11-26 10:29:52+05:30,998.1,49,995.59,3376274,355120.0,438765.0,986.2,1001.8,981.3,986.2,120260250,1084.8,887.6,1102.5,649.1,998.2,763,2,998.1,1159,4,998.0,6653,20,997.9,1797,18,997.8,864,8,998.3,96,1,998.4,102,2,998.5,794,6,998.6,532,10,998.7,1651,9
317,2025-11-26 10:29:53+05:30,998.3,10,995.59,3376274,355120.0,438765.0,986.2,1001.8,981.3,986.2,120260250,1084.8,887.6,1102.5,649.1,998.2,763,2,998.1,1159,4,998.0,6653,20,997.9,1797,18,997.8,864,8,998.3,96,1,998.4,102,2,998.5,794,6,998.6,532,10,998.7,1651,9
317,2025-11-26 10:29:53+05:30,998.3,10,995.59,3376284,355220.0,438488.0,986.2,1001.8,981.3,986.2,120260250,1084.8,887.6,1102.5,649.1,998.2,763,2,998.1,1159,4,998.0,6753,21,997.9,1797,18,997.8,864,8,998.3,86,1,998.4,102,2,998.5,794,6,998.6,532,10,998.7,1651,9
317,2025-11-26 10:29:54+05:30,998.2,5,995.59,3376284,355220.0,438488.0,986.2,1001.8,981.3,986.2,120260250,1084.8,887.6,1102.5,649.1,998.2,763,2,998.1,1159,4,998.0,6753,21,997.9,1797,18,997.8,864,8,998.3,86,1,998.4,102,2,998.5,794,6,998.6,532,10,998.7,1651,9
317,2025-11-26 10:29:54+05:30,998.2,10,995.59,3376411,354905.0,438304.0,986.2,1001.8,981.3,986.2,120260250,1084.8,887.6,1102.5,649.1,998.2,748,2,998.1,1159,4,998.0,6753,21,997.9,1797,18,997.8,864,8,998.3,96,1,998.4,102,2,998.5,794,6,998.6,429,7,998.7,1707,12
317,2025-11-26 10:29:55+05:30,998.4,33,995.59,3376411,354905.0,438304.0,986.2,1001.8,981.3,986.2,120260250,1084.8,887.6,1102.5,649.1,998.2,748,2,998.1,1159,4,998.0,6753,21,997.9,1797,18,997.8,864,8,998.3,96,1,998.4,102,2,998.5,794,6,998.6,429,7,998.7,1707,12
317,2025-11-26 10:29:55+05:30,998.2,2,995.6,3377383,354423.0,438503.0,986.2,1001.8,981.3,986.2,120260250,1084.8,887.6,1102.5,649.1,998.2,661,1,998.1,1159,4,998.0,6681,23,997.9,1748,16,997.8,938,9,998.4,242,2,998.5,794,6,998.6,545,8,998.7,1643,9,998.8,1918,19
317,2025-11-26 10:29:56+05:30,998.2,254,995.6,3377383,354423.0,438503.0,986.2,1001.8,981.3,986.2,120260250,1084.8,887.6,1102.5,649.1,998.2,661,1,998.1,1159,4,998.0,6681,23,997.9,1748,16,997.8,938,9,998.4,242,2,998.5,794,6,998.6,545,8,998.7,1643,9,998.8,1918,19
317,2025-11-26 10:29:56+05:30,998.2,254,995.6,3377637,354144.0,438530.0,986.2,1001.8,981.3,986.2,120260250,1084.8,887.6,1102.5,649.1,998.2,407,1,998.1,1159,4,998.0,6654,22,997.9,1775,17,997.8,938,9,998.4,242,2,998.5,1012,7,998.6,572,9,998.7,1643,9,998.8,1918,19
317,2025-11-26 10:29:57+05:30,998.4,134,995.6,3377637,354144.0,438530.0,986.2,1001.8,981.3,986.2,120260250,1084.8,887.6,1102.5,649.1,998.2,407,1,998.1,1159,4,998.0,6654,22,997.9,1775,17,997.8,938,9,998.4,242,2,998.5,1012,7,998.6,572,9,998.7,1643,9,998.8,1918,19
317,2025-11-26 10:29:57+05:30,998.4,134,995.6,3377848,354961.0,437931.0,986.2,1001.8,981.3,986.2,120260250,1084.8,887.6,1102.5,649.1,998.2,342,1,998.1,1186,5,998.0,6846,23,997.9,1775,17,997.8,938,9,998.4,96,2,998.5,869,7,998.6,545,8,998.7,1643,9,998.8,1907,18
317,2025-11-26 10:29:58+05:30,998.2,1,995.6,3377848,354961.0,437931.0,986.2,1001.8,981.3,986.2,120260250,1084.8,887.6,1102.5,649.1,998.2,342,1,998.1,1186,5,998.0,6846,23,997.9,1775,17,997.8,938,9,998.4,96,2,998.5,869,7,998.6,545,8,998.7,1643,9,998.8,1907,18
317,2025-11-26 10:29:58+05:30,998.2,1,995.6,3377849,354471.0,438356.0,986.2,1001.8,981.3,986.2,120260250,1084.8,887.6,1102.5,649.1,998.2,341,1,998.1,1159,4,998.0,6873,24,997.9,1775,17,997.8,938,9,998.4,96,2,998.5,869,7,998.6,545,8,998.7,1654,10,998.8,1907,18
317,2025-11-26 10:29:59+05:30,998.5,279,995.6,3377849,354471.0,438356.0,986.2,1001.8,981.3,986.2,120260250,1084.8,887.6,1102.5,649.1,998.2,341,1,998.1,1159,4,998.0,6873,24,997.9,1775,17,997.8,938,9,998.4,96,2,998.5,869,7,998.6,545,8,998.7,1654,10,998.8,1907,18
317,2025-11-26 10:29:59+05:30,998.5,279,995.6,3378599,352573.0,436675.0,986.2,1001.8,981.3,986.2,120260250,1084.8,887.6,1102.5,649.1,998.2,341,1,998.1,770,3,998.0,6872,24,997.9,1686,14,997.8,938,9,998.4,7,2,998.5,147,3,998.6,404,8,998.7,1428,7,998.8,1934,19
317,2025-11-26 10:30:00+05:30,998.5,127,995.6,3378599,352573.0,436675.0,986.2,1001.8,981.3,986.2,120260250,1084.8,887.6,1102.5,649.1,998.2,341,1,998.1,770,3,998.0,6872,24,997.9,1686,14,997.8,938,9,998.4,7,2,998.5,147,3,998.6,404,8,998.7,1428,7,998.8,1934,19
317,2025-11-26 10:30:00+05:30,998.5,127,995.6,3380649,352671.0,436746.0,986.2,1001.8,981.3,986.2,120260250,1084.8,887.6,1102.5,649.1,998.5,200,1,998.2,341,1,998.1,1475,6,998.0,6738,29,997.9,820,9,998.6,372,7,998.7,1571,8,998.8,1624,12,998.9,909,16,999.0,2297,13
317,2025-11-26 10:30:01+05:30,998.6,4,995.6,3380649,352671.0,436746.0,986.2,1001.8,981.3,986.2,120260250,1084.8,887.6,1102.5,649.1,998.5,200,1,998.2,341,1,998.1,1475,6,998.0,6738,29,997.9,820,9,998.6,372,7,998.7,1571,8,998.8,1624,12,998.9,909,16,999.0,2297,13
317,2025-11-26 10:30:01+05:30,998.7,265,995.6,3382057,354285.0,434722.0,986.2,1001.8,981.3,986.2,120260250,1084.8,887.6,1102.5,649.1,998.6,248,1,998.3,977,3,998.2,595,2,998.1,3119,16,998.0,3351,21,998.7,737,2,998.8,1443,9,998.9,668,8,999.0,1963,11,999.1,1749,19
317,2025-11-26 10:30:02+05:30,998.5,16,995.6,3382057,354285.0,434722.0,986.2,1001.8,981.3,986.2,120260250,1084.8,887.6,1102.5,649.1,998.6,248,1,998.3,977,3,998.2,595,2,998.1,3119,16,998.0,3351,21,998.7,737,2,998.8,1443,9,998.9,668,8,999.0,1963,11,999.1,1749,19
317,2025-11-26 10:30:02+05:30,998.7,50,995.6,3382371,353261.0,436537.0,986.2,1001.8,981.3,986.2,120260250,1084.8,887.6,1102.5,649.1,998.5,8,1,998.3,570,1,998.2,985,3,998.1,1229,11,998.0,4823,23,998.7,1682,7,998.8,1573,13,998.9,653,8,999.0,2309,14,999.1,1759,20
317,2025-11-26 10:30:03+05:30,998.7,20,995.6,3382371,353261.0,436537.0,986.2,1001.8,981.3,986.2,120260250,1084.8,887.6,1102.5,649.1,998.5,8,1,998.3,570,1,998.2,985,3,998.1,1229,11,998.0,4823,23,998.7,1682,7,998.8,1573,13,998.9,653,8,999.0,2309,14,999.1,1759,20
317,2025-11-26 10:30:03+05:30,998.7,20,995.6,3383255,354685.0,433266.0,986.2,1001.8,981.3,986.2,120260250,1084.8,887.6,1102.5,649.1,998.5,8,1,998.3,1592,6,998.2,2364,11,998.1,2904,16,998.0,4164,24,998.7,252,1,998.8,919,6,998.9,288,4,999.0,1965,11,999.1,621,11
317,2025-11-26 10:30:04+05:30,998.3,37,995.6,3383255,354685.0,433266.0,986.2,1001.8,981.3,986.2,120260250,1084.8,887.6,1102.5,649.1,998.5,8,1,998.3,1592,6,998.2,2364,11,998.1,2904,16,998.0,4164,24,998.7,252,1,998.8,919,6,998.9,288,4,999.0,1965,11,999.1,621,11
317,2025-11-26 10:30:04+05:30,998.7,44,995.6,3383641,351340.0,433478.0,986.2,1001.8,981.3,986.2,120260250,1084.8,887.6,1102.5,649.1,998.4,25,1,998.3,750,1,998.2,2264,11,998.1,2930,18,998.0,4138,22,998.7,120,1,998.8,1285,9,998.9,568,5,999.0,1755,10,999.1,786,10
317,2025-11-26 10:30:05+05:30,998.7,52,995.6,3383641,351340.0,433478.0,986.2,1001.8,981.3,986.2,120260250,1084.8,887.6,1102.5,649.1,998.4,25,1,998.3,750,1,998.2,2264,11,998.1,2930,18,998.0,4138,22,998.7,120,1,998.8,1285,9,998.9,568,5,999.0,1755,10,999.1,786,10
317,2025-11-26 10:30:05+05:30,998.7,44,995.6,3383886,352303.0,434885.0,986.2,1001.8,981.3,986.2,120260250,1084.8,887.6,1102.5,649.1,998.3,787,3,998.2,2185,10,998.1,2911,19,998.0,4138,22,997.9,512,5,998.7,361,2,998.8,1540,10,998.9,671,6,999.0,1955,11,999.1,811,11
317,2025-11-26 10:30:06+05:30,998.3,102,995.6,3383886,352303.0,434885.0,986.2,1001.8,981.3,986.2,120260250,1084.8,887.6,1102.5,649.1,998.3,787,3,998.2,2185,10,998.1,2911,19,998.0,4138,22,997.9,512,5,998.7,361,2,998.8,1540,10,998.9,671,6,999.0,1955,11,999.1,811,11
317,2025-11-26 10:30:06+05:30,998.3,102,995.6,3384102,350413.0,434808.0,986.2,1001.8,981.3,986.2,120260250,1084.8,887.6,1102.5,649.1,998.3,93,2,998.2,1842,5,998.1,1610,12,998.0,5225,21,997.9,1676,8,998.7,523,5,998.8,1643,16,998.9,819,9,999.0,1895,10,999.1,1036,11
317,2025-11-26 10:30:07+05:30,998.7,44,995.6,3384102,350413.0,434808.0,986.2,1001.8,981.3,986.2,120260250,1084.8,887.6,1102.5,649.1,998.3,93,2,998.2,1842,5,998.1,1610,12,998.0,5225,21,997.9,1676,8,998.7,523,5,998.8,1643,16,998.9,819,9,999.0,1895,10,999.1,1036,11
317,2025-11-26 10:30:07+05:30,998.7,44,995.6,3384146,350524.0,434314.0,986.2,1001.8,981.3,986.2,120260250,1084.8,887.6,1102.5,649.1,998.3,93,2,998.2,2052,6,998.1,1610,12,998.0,5330,28,997.9,1676,8,998.7,277,4,998.8,1569,11,998.9,804,8,999.0,1905,11,999.1,891,17
317,2025-11-26 10:30:08+05:30,998.7,44,995.6,3384146,350524.0,434314.0,986.2,1001.8,981.3,986.2,120260250,1084.8,887.6,1102.5,649.1,998.3,93,2,998.2,2052,6,998.1,1610,12,998.0,5330,28,997.9,1676,8,998.7,277,4,998.8,1569,11,998.9,804,8,999.0,1905,11,999.1,891,17
317,2025-11-26 10:30:08+05:30,998.7,44,995.6,3384214,351908.0,434669.0,986.2,1001.8,981.3,986.2,120260250,1084.8,887.6,1102.5,649.1,998.3,707,3,998.2,1677,8,998.1,3590,18,998.0,4554,25,997.9,926,7,998.7,180,3,998.8,1520,10,998.9,804,8,999.0,1971,13,999.1,865,15
317,2025-11-26 10:30:09+05:30,998.7,44,995.6,3384214,351908.0,434669.0,986.2,1001.8,981.3,986.2,120260250,1084.8,887.6,1102.5,649.1,998.3,707,3,998.2,1677,8,998.1,3590,18,998.0,4554,25,997.9,926,7,998.7,180,3,998.8,1520,10,998.9,804,8,999.0,1971,13,999.1,865,15
317,2025-11-26 10:30:09+05:30,998.7,44,995.6,3384302,352140.0,434316.0,986.2,1001.8,981.3,986.2,120260250,1084.8,887.6,1102.5,649.1,998.4,25,1,998.3,988,8,998.2,2258,10,998.1,2926,16,998.0,4554,25,998.7,103,4,998.8,1520,10,998.9,543,4,999.0,1917,13,999.1,786,14
317,2025-11-26 10:30:10+05:30,998.5,96,995.6,3384302,352140.0,434316.0,986.2,1001.8,981.3,986.2,120260250,1084.8,887.6,1102.5,649.1,998.4,25,1,998.3,988,8,998.2,2258,10,998.1,2926,16,998.0,4554,25,998.7,103,4,998.8,1520,10,998.9,543,4,999.0,1917,13,999.1,786,14
317,2025-11-26 10:30:10+05:30,998.5,96,995.6,3385149,352552.0,434297.0,986.2,1001.8,981.3,986.2,120260250,1084.8,887.6,1102.5,649.1,998.3,65,4,998.2,1966,7,998.1,3655,18,998.0,3777,26,997.9,1739,10,998.5,96,1,998.7,312,6,998.8,1441,9,998.9,691,8,999.0,2034,17
317,2025-11-26 10:30:11+05:30,998.5,96,995.6,3385149,352552.0,434297.0,986.2,1001.8,981.3,986.2,120260250,1084.8,887.6,1102.5,649.1,998.3,65,4,998.2,1966,7,998.1,3655,18,998.0,3777,26,997.9,1739,10,998.5,96,1,998.7,312,6,998.8,1441,9,998.9,691,8,999.0,2034,17
317,2025-11-26 10:30:11+05:30,998.5,96,995.6,3385499,354114.0,435991.0,986.2,1001.8,981.3,986.2,120260250,1084.8,887.6,1102.5,649.1,998.2,1528,8,998.1,4175,20,998.0,4700,26,997.9,1831,11,997.8,987,8,998.5,11,1,998.7,1131,9,998.8,1614,11,998.9,793,9,999.0,3118,20
317,2025-11-26 10:30:12+05:30,998.7,7,995.6,3385499,354114.0,435991.0,986.2,1001.8,981.3,986.2,120260250,1084.8,887.6,1102.5,649.1,998.2,1528,8,998.1,4175,20,998.0,4700,26,997.9,1831,11,997.8,987,8,998.5,11,1,998.7,1131,9,998.8,1614,11,998.9,793,9,999.0,3118,20
317,2025-11-26 10:30:12+05:30,998.7,7,995.6,3385627,351820.0,435529.0,986.2,1001.8,981.3,986.2,120260250,1084.8,887.6,1102.5,649.1,998.3,172,4,998.2,2287,11,998.1,3529,19,998.0,3950,25,997.9,1831,11,998.7,27,4,998.8,1565,10,998.9,625,6,999.0,3041,15,999.1,1253,19
317,2025-11-26 10:30:13+05:30,998.7,4,995.6,3385671,352429.0,434662.0,986.2,1001.8,981.3,986.2,120260250,1084.8,887.6,1102.5,649.1,998.4,367,5,998.3,1028,8,998.2,1983,10,998.1,3527,18,998.0,3992,26,998.7,8,2,998.8,1231,8,998.9,266,3,999.0,2692,12,999.1,934,17
317,2025-11-26 10:30:14+05:30,998.4,15,995.6,3385671,352429.0,434662.0,986.2,1001.8,981.3,986.2,120260250,1084.8,887.6,1102.5,649.1,998.4,367,5,998.3,1028,8,998.2,1983,10,998.1,3527,18,998.0,3992,26,998.7,8,2,998.8,1231,8,998.9,266,3,999.0,2692,12,999.1,934,17
317,2025-11-26 10:30:14+05:30,998.8,3,995.6,3385918,352586.0,434801.0,986.2,1001.8,981.3,986.2,120260250,1084.8,887.6,1102.5,649.1,998.4,166,2,998.3,894,5,998.2,2294,11,998.1,3371,16,998.0,3992,26,998.8,1224,9,998.9,290,3,999.0,2588,12,999.1,923,15,999.2,2185,12
317,2025-11-26 10:30:15+05:30,998.8,44,995.6,3385918,352586.0,434801.0,986.2,1001.8,981.3,986.2,120260250,1084.8,887.6,1102.5,649.1,998.4,166,2,998.3,894,5,998.2,2294,11,998.1,3371,16,998.0,3992,26,998.8,1224,9,998.9,290,3,999.0,2588,12,999.1,923,15,999.2,2185,12
317,2025-11-26 10:30:15+05:30,998.8,44,995.6,3385962,351811.0,434788.0,986.2,1001.8,981.3,986.2,120260250,1084.8,887.6,1102.5,649.1,998.4,166,2,998.3,1127,7,998.2,1882,9,998.1,3144,14,998.0,3897,26,998.8,1140,8,998.9,290,3,999.0,2712,13,999.1,850,15,999.2,2185,12
317,2025-11-26 10:30:16+05:30,998.8,44,995.6,3385962,351811.0,434788.0,986.2,1001.8,981.3,986.2,120260250,1084.8,887.6,1102.5,649.1,998.4,166,2,998.3,1127,7,998.2,1882,9,998.1,3144,14,998.0,3897,26,998.8,1140,8,998.9,290,3,999.0,2712,13,999.1,850,15,999.2,2185,12
317,2025-11-26 10:30:16+05:30,998.8,44,995.6,3386050,351516.0,435414.0,986.2,1001.8,981.3,986.2,120260250,1084.8,887.6,1102.5,649.1,998.3,330,4,998.2,1882,9,998.1,1667,13,998.0,5529,30,997.9,1869,11,998.7,1000,1,998.8,1387,12,998.9,334,2,999.0,2618,10,999.1,1201,19
317,2025-11-26 10:30:17+05:30,998.7,44,995.6,3386050,351516.0,435414.0,986.2,1001.8,981.3,986.2,120260250,1084.8,887.6,1102.5,649.1,998.3,330,4,998.2,1882,9,998.1,1667,13,998.0,5529,30,997.9,1869,11,998.7,1000,1,998.8,1387,12,998.9,334,2,999.0,2618,10,999.1,1201,19
317,2025-11-26 10:30:17+05:30,998.7,44,995.6,3386094,351937.0,435351.0,986.2,1001.8,981.3,986.2,120260250,1084.8,887.6,1102.5,649.1,998.3,313,5,998.2,2294,11,998.1,1644,12,998.0,5529,30,997.9,1869,11,998.7,956,1,998.8,1364,11,998.9,406,4,999.0,2618,10,999.1,951,18
317,2025-11-26 10:30:18+05:30,998.7,20,995.6,3386094,351937.0,435351.0,986.2,1001.8,981.3,986.2,120260250,1084.8,887.6,1102.5,649.1,998.3,313,5,998.2,2294,11,998.1,1644,12,998.0,5529,30,997.9,1869,11,998.7,956,1,998.8,1364,11,998.9,406,4,999.0,2618,10,999.1,951,18
317,2025-11-26 10:30:18+05:30,998.7,44,995.6,3386202,351935.0,435271.0,986.2,1001.8,981.3,986.2,120260250,1084.8,887.6,1102.5,649.1,998.3,313,5,998.2,2294,11,998.1,1644,12,998.0,5529,30,997.9,1869,11,998.7,848,1,998.8,1262,9,998.9,406,4,999.0,2742,11,999.1,961,19
317,2025-11-26 10:30:19+05:30,998.7,44,995.6,3386202,351935.0,435271.0,986.2,1001.8,981.3,986.2,120260250,1084.8,887.6,1102.5,649.1,998.3,313,5,998.2,2294,11,998.1,1644,12,998.0,5529,30,997.9,1869,11,998.7,848,1,998.8,1262,9,998.9,406,4,999.0,2742,11,999.1,961,19
317,2025-11-26 10:30:19+05:30,998.7,44,995.6,3386202,352061.0,435371.0,986.2,1001.8,981.3,986.2,120260250,1084.8,887.6,1102.5,649.1,998.3,343,7,998.2,2368,11,998.1,1644,12,998.0,5529,30,997.9,1869,11,998.7,848,1,998.8,1262,9,998.9,406,4,999.0,2742,11,999.1,961,19
317,2025-11-26 10:30:20+05:30,998.5,96,995.6,3386202,352061.0,435371.0,986.2,1001.8,981.3,986.2,120260250,1084.8,887.6,1102.5,649.1,998.3,343,7,998.2,2368,11,998.1,1644,12,998.0,5529,30,997.9,1869,11,998.7,848,1,998.8,1262,9,998.9,406,4,999.0,2742,11,999.1,961,19
317,2025-11-26 10:30:21+05:30,998.5,79,995.6,3386377,353077.0,436280.0,986.2,1001.8,981.3,986.2,120260250,1084.8,887.6,1102.5,649.1,998.2,1856,9,998.1,2051,15,998.0,5764,29,997.9,1809,10,997.8,1322,9,998.5,17,1,998.7,848,1,998.8,1264,10,998.9,596,7,999.0,2742,11
317,2025-11-26 10:30:21+05:30,998.5,79,995.6,3386377,353077.0,436280.0,986.2,1001.8,981.3,986.2,120260250,1084.8,887.6,1102.5,649.1,998.2,1856,9,998.1,2051,15,998.0,5764,29,997.9,1809,10,997.8,1322,9,998.5,17,1,998.7,848,1,998.8,1264,10,998.9,596,7,999.0,2742,11
317,2025-11-26 10:30:22+05:30,998.5,79,995.6,3386377,354493.0,436280.0,986.2,1001.8,981.3,986.2,120260250,1084.8,887.6,1102.5,649.1,998.2,1856,9,998.1,2114,16,998.0,6952,32,997.9,1898,11,997.8,1378,10,998.5,17,1,998.7,848,1,998.8,1264,10,998.9,596,7,999.0,2742,11
317,2025-11-26 10:30:23+05:30,998.5,750,995.6,3387255,354026.0,436334.0,986.2,1001.8,981.3,986.2,120260250,1084.8,887.6,1102.5,649.1,998.2,1646,8,998.1,2861,17,998.0,6202,31,997.9,1898,11,997.8,1043,9,998.5,29,1,998.7,848,1,998.8,1052,8,998.9,521,4,999.0,2742,11
317,2025-11-26 10:30:23+05:30,998.5,750,995.6,3387255,354026.0,436334.0,986.2,1001.8,981.3,986.2,120260250,1084.8,887.6,1102.5,649.1,998.2,1646,8,998.1,2861,17,998.0,6202,31,997.9,1898,11,997.8,1043,9,998.5,29,1,998.7,848,1,998.8,1052,8,998.9,521,4,999.0,2742,11
317,2025-11-26 10:30:24+05:30,998.2,128,995.6,3387402,353966.0,436450.0,986.2,1001.8,981.3,986.2,120260250,1084.8,887.6,1102.5,649.1,998.2,1538,9,998.1,2919,18,998.0,6202,31,997.9,1898,11,997.8,1043,9,998.5,10,1,998.7,848,1,998.8,1288,11,998.9,531,5,999.0,2821,16
317,2025-11-26 10:30:24+05:30,998.2,128,995.6,3387402,353966.0,436450.0,986.2,1001.8,981.3,986.2,120260250,1084.8,887.6,1102.5,649.1,998.2,1538,9,998.1,2919,18,998.0,6202,31,997.9,1898,11,997.8,1043,9,998.5,10,1,998.7,848,1,998.8,1288,11,998.9,531,5,999.0,2821,16
317,2025-11-26 10:30:25+05:30,998.7,45,995.6,3387533,352685.0,435845.0,986.2,1001.8,981.3,986.2,120260250,1084.8,887.6,1102.5,649.1,998.2,2064,12,998.1,2876,16,998.0,5827,30,997.9,1898,11,997.8,1043,9,998.7,727,1,998.8,1052,8,998.9,691,5,999.0,2863,11,999.1,992,20
317,2025-11-26 10:30:25+05:30,998.7,45,995.6,3387533,352685.0,435845.0,986.2,1001.8,981.3,986.2,120260250,1084.8,887.6,1102.5,649.1,998.2,2064,12,998.1,2876,16,998.0,5827,30,997.9,1898,11,997.8,1043,9,998.7,727,1,998.8,1052,8,998.9,691,5,999.0,2863,11,999.1,992,20
317,2025-11-26 10:30:26+05:30,998.8,714,995.61,3389033,359123.0,433590.0,986.2,1001.8,981.3,986.2,120260250,1084.8,887.6,1102.5,649.1,998.5,20,1,998.4,2,1,998.3,1517,6,998.2,1830,13,998.1,3180,23,998.7,3,1,998.8,378,9,998.9,330,3,999.0,2632,11,999.1,853,14
317,2025-11-26 10:30:26+05:30,998.8,714,995.61,3389033,359123.0,433590.0,986.2,1001.8,981.3,986.2,120260250,1084.8,887.6,1102.5,649.1,998.5,20,1,998.4,2,1,998.3,1517,6,998.2,1830,13,998.1,3180,23,998.7,3,1,998.8,378,9,998.9,330,3,999.0,2632,11,999.1,853,14
317,2025-11-26 10:30:27+05:30,998.3,58,995.61,3389033,359123.0,433590.0,986.2,1001.8,981.3,986.2,120260250,1084.8,887.6,1102.5,649.1,998.5,20,1,998.4,2,1,998.3,1517,6,998.2,1830,13,998.1,3180,23,998.7,3,1,998.8,378,9,998.9,330,3,999.0,2632,11,999.1,853,14
317,2025-11-26 10:30:27+05:30,998.3,58,995.61,3389548,357391.0,435551.0,986.2,1001.8,981.3,986.2,120260250,1084.8,887.6,1102.5,649.1,998.3,851,5,998.2,1521,10,998.1,2952,21,998.0,4554,21,997.9,1119,10,998.7,415,2,998.8,752,16,998.9,1469,10,999.0,2667,13,999.1,1247,15
317,2025-11-26 10:30:28+05:30,998.7,1,995.61,3389548,357391.0,435551.0,986.2,1001.8,981.3,986.2,120260250,1084.8,887.6,1102.5,649.1,998.3,851,5,998.2,1521,10,998.1,2952,21,998.0,4554,21,997.9,1119,10,998.7,415,2,998.8,752,16,998.9,1469,10,999.0,2667,13,999.1,1247,15
317,2025-11-26 10:30:28+05:30,998.7,1,995.61,3389549,357053.0,435604.0,986.2,1001.8,981.3,986.2,120260250,1084.8,887.6,1102.5,649.1,998.3,717,4,998.2,1634,10,998.1,2952,21,998.0,4583,22,997.9,1119,10,998.7,418,3,998.8,735,15,998.9,1466,10,999.0,2687,14,999.1,1247,15
317,2025-11-26 10:30:29+05:30,998.4,126,995.61,3389549,357053.0,435604.0,986.2,1001.8,981.3,986.2,120260250,1084.8,887.6,1102.5,649.1,998.3,717,4,998.2,1634,10,998.1,2952,21,998.0,4583,22,997.9,1119,10,998.7,418,3,998.8,735,15,998.9,1466,10,999.0,2687,14,999.1,1247,15
317,2025-11-26 10:30:29+05:30,998.7,1,995.61,3390495,356993.0,435239.0,986.2,1001.8,981.3,986.2,120260250,1084.8,887.6,1102.5,649.1,998.4,34,1,998.3,1316,6,998.2,1555,9,998.1,2601,20,998.0,4583,22,998.8,409,11,998.9,638,5,999.0,2859,13,999.1,942,13,999.2,1954,18
317,2025-11-26 10:30:30+05:30,998.3,128,995.61,3390495,356993.0,435239.0,986.2,1001.8,981.3,986.2,120260250,1084.8,887.6,1102.5,649.1,998.4,34,1,998.3,1316,6,998.2,1555,9,998.1,2601,20,998.0,4583,22,998.8,409,11,998.9,638,5,999.0,2859,13,999.1,942,13,999.2,1954,18
317,2025-11-26 10:30:30+05:30,998.3,128,995.61,3390734,358255.0,435625.0,986.2,1001.8,981.3,986.2,120260250,1084.8,887.6,1102.5,649.1,998.3,589,4,998.2,1964,11,998.1,2853,19,998.0,4523,21,997.9,1119,10,998.6,96,1,998.8,550,9,998.9,1280,7,999.0,2869,14,999.1,1182,17
317,2025-11-26 10:30:31+05:30,998.3,8,995.61,3390734,358255.0,435625.0,986.2,1001.8,981.3,986.2,120260250,1084.8,887.6,1102.5,649.1,998.3,589,4,998.2,1964,11,998.1,2853,19,998.0,4523,21,997.9,1119,10,998.6,96,1,998.8,550,9,998.9,1280,7,999.0,2869,14,999.1,1182,17
317,2025-11-26 10:30:31+05:30,998.3,8,995.61,3390742,359239.0,435116.0,986.2,1001.8,981.3,986.2,120260250,1084.8,887.6,1102.5,649.1,998.3,581,4,998.2,1985,12,998.1,3919,22,998.0,4728,22,997.9,1180,11,998.6,96,1,998.8,550,9,998.9,761,7,999.0,2869,14,999.1,995,17
317,2025-11-26 10:30:32+05:30,998.6,1,995.61,3390742,359239.0,435116.0,986.2,1001.8,981.3,986.2,120260250,1084.8,887.6,1102.5,649.1,998.3,581,4,998.2,1985,12,998.1,3919,22,998.0,4728,22,997.9,1180,11,998.6,96,1,998.8,550,9,998.9,761,7,999.0,2869,14,999.1,995,17
317,2025-11-26 10:30:32+05:30,998.6,44,995.61,3390787,359825.0,435787.0,986.2,1001.8,981.3,986.2,120260250,1084.8,887.6,1102.5,649.1,998.3,1008,8,998.2,2098,13,998.1,3855,18,998.0,4693,25,997.9,1180,11,998.6,51,1,998.8,538,7,998.9,751,6,999.0,2859,13,999.1,985,16
317,2025-11-26 10:30:33+05:30,998.3,16,995.61,3390787,359825.0,435787.0,986.2,1001.8,981.3,986.2,120260250,1084.8,887.6,1102.5,649.1,998.3,1008,8,998.2,2098,13,998.1,3855,18,998.0,4693,25,997.9,1180,11,998.6,51,1,998.8,538,7,998.9,751,6,999.0,2859,13,999.1,985,16
317,2025-11-26 10:30:33+05:30,998.3,1,995.61,3390916,359263.0,435499.0,986.2,1001.8,981.3,986.2,120260250,1084.8,887.6,1102.5,649.1,998.3,564,4,998.2,2072,12,998.1,3860,18,998.0,4708,26,997.9,1180,11,998.6,51,1,998.8,569,9,998.9,1195,8,999.0,2859,13,999.1,1209,15
317,2025-11-26 10:30:34+05:30,998.6,1,995.61,3390916,359263.0,435499.0,986.2,1001.8,981.3,986.2,120260250,1084.8,887.6,1102.5,649.1,998.3,564,4,998.2,2072,12,998.1,3860,18,998.0,4708,26,997.9,1180,11,998.6,51,1,998.8,569,9,998.9,1195,8,999.0,2859,13,999.1,1209,15
317,2025-11-26 10:30:34+05:30,998.6,21,995.61,3390963,359752.0,437784.0,986.2,1001.8,981.3,986.2,120260250,1084.8,887.6,1102.5,649.1,998.3,564,4,998.2,1988,12,998.1,3860,18,998.0,4546,24,997.9,1180,11,998.6,27,1,998.7,4,1,998.8,667,9,998.9,742,6,999.0,2859,13
317,2025-11-26 10:30:35+05:30,998.3,7,995.61,3390963,359752.0,437784.0,986.2,1001.8,981.3,986.2,120260250,1084.8,887.6,1102.5,649.1,998.3,564,4,998.2,1988,12,998.1,3860,18,998.0,4546,24,997.9,1180,11,998.6,27,1,998.7,4,1,998.8,667,9,998.9,742,6,999.0,2859,13
317,2025-11-26 10:30:35+05:30,998.3,7,995.61,3391847,356425.0,435186.0,986.2,1001.8,981.3,986.2,120260250,1084.8,887.6,1102.5,649.1,998.2,2097,13,998.1,2238,14,998.0,5544,29,997.9,1956,14,997.8,1658,8,998.7,99,2,998.8,654,13,998.9,857,7,999.0,2867,12,999.1,1193,16
317,2025-11-26 10:30:36+05:30,998.2,128,995.61,3391847,356425.0,435186.0,986.2,1001.8,981.3,986.2,120260250,1084.8,887.6,1102.5,649.1,998.2,2097,13,998.1,2238,14,998.0,5544,29,997.9,1956,14,997.8,1658,8,998.7,99,2,998.8,654,13,998.9,857,7,999.0,2867,12,999.1,1193,16
317,2025-11-26 10:30:36+05:30,998.2,128,995.61,3391975,358423.0,435099.0,986.2,1001.8,981.3,986.2,120260250,1084.8,887.6,1102.5,649.1,998.2,1884,10,998.1,2258,15,998.0,5544,29,997.9,1987,15,997.8,1820,10,998.7,127,3,998.8,661,9,998.9,869,9,999.0,2887,14,999.1,1228,19
317,2025-11-26 10:30:37+05:30,999.0,1,995.61,3391975,358423.0,435099.0,986.2,1001.8,981.3,986.2,120260250,1084.8,887.6,1102.5,649.1,998.2,1884,10,998.1,2258,15,998.0,5544,29,997.9,1987,15,997.8,1820,10,998.7,127,3,998.8,661,9,998.9,869,9,999.0,2887,14,999.1,1228,19
317,2025-11-26 10:30:37+05:30,999.0,1,995.65,3435065,417661.0,427541.0,986.2,1001.8,981.3,986.2,120260250,1084.8,887.6,1102.5,649.1,999.0,59219,3,998.8,200,1,998.7,200,1,998.6,337,4,998.5,1352,7,999.1,69,4,999.2,229,3,999.3,443,8,999.4,833,5,999.5,1459,15
317,2025-11-26 10:30:38+05:30,999.0,3003,995.65,3435065,417661.0,427541.0,986.2,1001.8,981.3,986.2,120260250,1084.8,887.6,1102.5,649.1,999.0,59219,3,998.8,200,1,998.7,200,1,998.6,337,4,998.5,1352,7,999.1,69,4,999.2,229,3,999.3,443,8,999.4,833,5,999.5,1459,15
317,2025-11-26 10:30:38+05:30,999.1,40,995.66,3449550,404078.0,429893.0,986.2,1001.8,981.3,986.2,120260250,1084.8,887.6,1102.5,649.1,999.0,47159,4,998.7,133,2,998.6,527,4,998.5,1391,8,998.4,2982,16,999.1,782,5,999.2,288,5,999.3,760,10,999.4,670,6,999.5,1741,17
317,2025-11-26 10:30:39+05:30,999.0,2816,995.66,3449550,404078.0,429893.0,986.2,1001.8,981.3,986.2,120260250,1084.8,887.6,1102.5,649.1,999.0,47159,4,998.7,133,2,998.6,527,4,998.5,1391,8,998.4,2982,16,999.1,782,5,999.2,288,5,999.3,760,10,999.4,670,6,999.5,1741,17
317,2025-11-26 10:30:39+05:30,999.0,2816,995.67,3452366,401397.0,430181.0,986.2,1001.8,981.3,986.2,120260250,1084.8,887.6,1102.5,649.1,999.0,44360,5,998.7,133,2,998.6,527,4,998.5,645,6,998.4,3008,18,999.1,782,5,999.2,288,5,999.3,578,10,999.4,1294,7,999.5,1801,18
317,2025-11-26 10:30:40+05:30,999.0,640,995.67,3452366,401397.0,430181.0,986.2,1001.8,981.3,986.2,120260250,1084.8,887.6,1102.5,649.1,999.0,44360,5,998.7,133,2,998.6,527,4,998.5,645,6,998.4,3008,18,999.1,782,5,999.2,288,5,999.3,578,10,999.4,1294,7,999.5,1801,18
317,2025-11-26 10:30:40+05:30,999.0,640,995.67,3453965,399539.0,430714.0,986.2,1001.8,981.3,986.2,120260250,1084.8,887.6,1102.5,649.1,999.0,42766,5,998.7,133,2,998.6,527,4,998.5,671,8,998.4,2982,16,999.1,780,5,999.2,452,7,999.3,558,9,999.4,1295,8,999.5,1801,18
317,2025-11-26 10:30:41+05:30,999.0,256,995.67,3453965,399539.0,430714.0,986.2,1001.8,981.3,986.2,120260250,1084.8,887.6,1102.5,649.1,999.0,42766,5,998.7,133,2,998.6,527,4,998.5,671,8,998.4,2982,16,999.1,780,5,999.2,452,7,999.3,558,9,999.4,1295,8,999.5,1801,18
317,2025-11-26 10:30:41+05:30,999.0,256,995.67,3455426,397873.0,430370.0,986.2,1001.8,981.3,986.2,120260250,1084.8,887.6,1102.5,649.1,999.0,41633,6,998.7,133,2,998.6,527,4,998.5,641,7,998.4,2982,16,999.1,536,5,999.2,403,6,999.3,1144,10,999.4,801,7,999.5,1826,19
317,2025-11-26 10:30:42+05:30,999.0,43,995.67,3455426,397873.0,430370.0,986.2,1001.8,981.3,986.2,120260250,1084.8,887.6,1102.5,649.1,999.0,41633,6,998.7,133,2,998.6,527,4,998.5,641,7,998.4,2982,16,999.1,536,5,999.2,403,6,999.3,1144,10,999.4,801,7,999.5,1826,19
317,2025-11-26 10:30:42+05:30,999.0,43,995.67,3456221,363130.0,427696.0,986.2,1001.8,981.3,986.2,120260250,1084.8,887.6,1102.5,649.1,999.0,3880,5,998.8,144,2,998.7,1099,5,998.6,1304,8,998.5,2414,10,999.2,100,1,999.3,314,6,999.4,402,5,999.5,1478,11,999.6,2076,11
317,2025-11-26 10:30:43+05:30,999.0,256,995.67,3456221,363130.0,427696.0,986.2,1001.8,981.3,986.2,120260250,1084.8,887.6,1102.5,649.1,999.0,3880,5,998.8,144,2,998.7,1099,5,998.6,1304,8,998.5,2414,10,999.2,100,1,999.3,314,6,999.4,402,5,999.5,1478,11,999.6,2076,11
317,2025-11-26 10:30:43+05:30,999.0,1,995.67,3456478,362970.0,428956.0,986.2,1001.8,981.3,986.2,120260250,1084.8,887.6,1102.5,649.1,999.0,3686,6,998.7,1224,6,998.6,1317,8,998.5,2414,10,998.4,3779,19,999.2,786,5,999.3,573,8,999.4,680,8,999.5,1497,12,999.6,2146,13
317,2025-11-26 10:30:44+05:30,999.0,1,995.67,3456478,362970.0,428956.0,986.2,1001.8,981.3,986.2,120260250,1084.8,887.6,1102.5,649.1,999.0,3686,6,998.7,1224,6,998.6,1317,8,998.5,2414,10,998.4,3779,19,999.2,786,5,999.3,573,8,999.4,680,8,999.5,1497,12,999.6,2146,13
317,2025-11-26 10:30:44+05:30,999.2,3,995.67,3456481,362749.0,428902.0,986.2,1001.8,981.3,986.2,120260250,1084.8,887.6,1102.5,649.1,999.0,3602,5,998.7,1255,7,998.6,1349,9,998.5,2444,11,998.4,3821,20,999.2,783,5,999.3,573,8,999.4,829,8,999.5,1499,14,999.6,2146,13
317,2025-11-26 10:30:45+05:30,999.2,190,995.67,3456481,362749.0,428902.0,986.2,1001.8,981.3,986.2,120260250,1084.8,887.6,1102.5,649.1,999.0,3602,5,998.7,1255,7,998.6,1349,9,998.5,2444,11,998.4,3821,20,999.2,783,5,999.3,573,8,999.4,829,8,999.5,1499,14,999.6,2146,13
317,2025-11-26 10:30:45+05:30,999.2,190,995.67,3457231,360043.0,427293.0,986.2,1001.8,981.3,986.2,120260250,1084.8,887.6,1102.5,649.1,999.0,3602,5,998.8,784,4,998.7,1335,14,998.6,4073,12,998.5,1743,10,999.2,224,1,999.3,265,6,999.4,550,4,999.5,1267,12,999.6,1241,17
317,2025-11-26 10:30:46+05:30,999.0,128,995.67,3457231,360043.0,427293.0,986.2,1001.8,981.3,986.2,120260250,1084.8,887.6,1102.5,649.1,999.0,3602,5,998.8,784,4,998.7,1335,14,998.6,4073,12,998.5,1743,10,999.2,224,1,999.3,265,6,999.4,550,4,999.5,1267,12,999.6,1241,17
317,2025-11-26 10:30:46+05:30,999.0,128,995.67,3457359,359885.0,428355.0,986.2,1001.8,981.3,986.2,120260250,1084.8,887.6,1102.5,649.1,999.0,3474,5,998.8,771,3,998.7,1210,13,998.6,4073,12,998.5,1743,10,999.2,224,1,999.3,265,6,999.4,1262,8,999.5,935,12,999.6,2256,20
317,2025-11-26 10:30:47+05:30,999.0,18,995.67,3457359,359885.0,428355.0,986.2,1001.8,981.3,986.2,120260250,1084.8,887.6,1102.5,649.1,999.0,3474,5,998.8,771,3,998.7,1210,13,998.6,4073,12,998.5,1743,10,999.2,224,1,999.3,265,6,999.4,1262,8,999.5,935,12,999.6,2256,20
317,2025-11-26 10:30:47+05:30,999.0,18,995.67,3457377,359852.0,428405.0,986.2,1001.8,981.3,986.2,120260250,1084.8,887.6,1102.5,649.1,999.0,3456,5,998.8,769,2,998.7,1210,13,998.6,4102,14,998.5,1743,10,999.2,224,1,999.3,524,8,999.4,1262,8,999.5,935,12,999.6,2256,20
317,2025-11-26 10:30:48+05:30,999.0,18,995.67,3457377,359862.0,428405.0,986.2,1001.8,981.3,986.2,120260250,1084.8,887.6,1102.5,649.1,999.0,3466,6,998.8,769,2,998.7,1210,13,998.6,4102,14,998.5,1743,10,999.2,224,1,999.3,524,8,999.4,1262,8,999.5,935,12,999.6,2256,20
317,2025-11-26 10:30:49+05:30,999.2,19,995.67,3457377,359862.0,428405.0,986.2,1001.8,981.3,986.2,120260250,1084.8,887.6,1102.5,649.1,999.0,3466,6,998.8,769,2,998.7,1210,13,998.6,4102,14,998.5,1743,10,999.2,224,1,999.3,524,8,999.4,1262,8,999.5,935,12,999.6,2256,20
317,2025-11-26 10:30:49+05:30,999.0,25,995.67,3457421,358088.0,428398.0,986.2,1001.8,981.3,986.2,120260250,1084.8,887.6,1102.5,649.1,999.0,3441,6,998.8,19,1,998.7,1806,6,998.6,2240,12,998.5,2541,14,999.2,205,1,999.3,524,8,999.4,1262,8,999.5,935,12,999.6,2166,14
317,2025-11-26 10:30:50+05:30,999.0,128,995.67,3457421,358088.0,428398.0,986.2,1001.8,981.3,986.2,120260250,1084.8,887.6,1102.5,649.1,999.0,3441,6,998.8,19,1,998.7,1806,6,998.6,2240,12,998.5,2541,14,999.2,205,1,999.3,524,8,999.4,1262,8,999.5,935,12,999.6,2166,14
317,2025-11-26 10:30:50+05:30,999.1,1,995.67,3457550,358397.0,430556.0,986.2,1001.8,981.3,986.2,120260250,1084.8,887.6,1102.5,649.1,999.0,3313,6,998.8,1,1,998.7,1031,4,998.6,2872,13,998.5,2947,17,999.1,174,3,999.2,477,4,999.3,572,11,999.4,1368,9,999.5,1169,16
317,2025-11-26 10:30:51+05:30,999.1,1,995.67,3457550,358397.0,430556.0,986.2,1001.8,981.3,986.2,120260250,1084.8,887.6,1102.5,649.1,999.0,3313,6,998.8,1,1,998.7,1031,4,998.6,2872,13,998.5,2947,17,999.1,174,3,999.2,477,4,999.3,572,11,999.4,1368,9,999.5,1169,16
317,2025-11-26 10:30:51+05:30,999.1,1,995.67,3457550,358439.0,429806.0,986.2,1001.8,981.3,986.2,120260250,1084.8,887.6,1102.5,649.1,999.0,3313,6,998.8,1,1,998.7,821,3,998.6,2853,12,998.5,2966,18,999.1,174,3,999.2,526,5,999.3,572,11,999.4,1368,9,999.5,1169,16
317,2025-11-26 10:30:52+05:30,999.1,44,995.67,3457594,359591.0,429019.0,986.2,1001.8,981.3,986.2,120260250,1084.8,887.6,1102.5,649.1,999.0,3826,6,998.8,3,2,998.7,1050,5,998.6,2853,12,998.5,2947,17,999.1,51,1,999.2,254,2,999.3,265,6,999.4,1379,9,999.5,923,10
317,2025-11-26 10:30:53+05:30,999.1,3,995.67,3457594,359591.0,429019.0,986.2,1001.8,981.3,986.2,120260250,1084.8,887.6,1102.5,649.1,999.0,3826,6,998.8,3,2,998.7,1050,5,998.6,2853,12,998.5,2947,17,999.1,51,1,999.2,254,2,999.3,265,6,999.4,1379,9,999.5,923,10
317,2025-11-26 10:30:54+05:30,999.1,44,995.67,3457753,359397.0,428680.0,986.2,1001.8,981.3,986.2,120260250,1084.8,887.6,1102.5,649.1,999.0,3826,6,998.8,3,2,998.7,1050,5,998.6,2932,13,998.5,2947,17,999.1,52,1,999.2,333,3,999.3,524,8,999.4,1251,8,999.5,936,11
317,2025-11-26 10:30:54+05:30,999.1,44,995.67,3457753,359397.0,428680.0,986.2,1001.8,981.3,986.2,120260250,1084.8,887.6,1102.5,649.1,999.0,3826,6,998.8,3,2,998.7,1050,5,998.6,2932,13,998.5,2947,17,999.1,52,1,999.2,333,3,999.3,524,8,999.4,1251,8,999.5,936,11
317,2025-11-26 10:30:55+05:30,999.1,200,995.67,3458008,359397.0,428719.0,986.2,1001.8,981.3,986.2,120260250,1084.8,887.6,1102.5,649.1,999.0,3826,6,998.8,3,2,998.7,1050,5,998.6,2932,13,998.5,2947,17,999.1,96,1,999.2,333,3,999.3,1051,9,999.4,695,7,999.5,949,12
317,2025-11-26 10:30:55+05:30,999.0,494,995.67,3458008,359397.0,428719.0,986.2,1001.8,981.3,986.2,120260250,1084.8,887.6,1102.5,649.1,999.0,3826,6,998.8,3,2,998.7,1050,5,998.6,2932,13,998.5,2947,17,999.1,96,1,999.2,333,3,999.3,1051,9,999.4,695,7,999.5,949,12
317,2025-11-26 10:30:56+05:30,999.0,494,995.67,3458502,357206.0,428980.0,986.2,1001.8,981.3,986.2,120260250,1084.8,887.6,1102.5,649.1,999.0,3333,7,998.8,1,1,998.7,821,3,998.6,2861,13,998.5,2493,11,999.2,526,5,999.3,1051,9,999.4,883,10,999.5,898,8,999.6,2087,13
317,2025-11-26 10:30:56+05:30,999.0,128,995.67,3458502,357206.0,428980.0,986.2,1001.8,981.3,986.2,120260250,1084.8,887.6,1102.5,649.1,999.0,3333,7,998.8,1,1,998.7,821,3,998.6,2861,13,998.5,2493,11,999.2,526,5,999.3,1051,9,999.4,883,10,999.5,898,8,999.6,2087,13
317,2025-11-26 10:30:57+05:30,999.2,7,995.67,3458638,357099.0,429719.0,986.2,1001.8,981.3,986.2,120260250,1084.8,887.6,1102.5,649.1,999.0,3205,7,998.8,1,1,998.7,821,3,998.6,2872,13,998.5,2493,11,999.2,719,7,999.3,1494,12,999.4,855,9,999.5,908,9,999.6,2110,15
317,2025-11-26 10:30:57+05:30,999.2,16,995.67,3458638,357099.0,429719.0,986.2,1001.8,981.3,986.2,120260250,1084.8,887.6,1102.5,649.1,999.0,3205,7,998.8,1,1,998.7,821,3,998.6,2872,13,998.5,2493,11,999.2,719,7,999.3,1494,12,999.4,855,9,999.5,908,9,999.6,2110,15
317,2025-11-26 10:30:58+05:30,999.2,2,995.67,3459075,358481.0,427735.0,986.2,1001.8,981.3,986.2,120260250,1084.8,887.6,1102.5,649.1,999.2,314,1,999.0,3204,7,998.8,211,2,998.7,542,7,998.6,1539,13,999.3,759,8,999.4,398,6,999.5,1327,12,999.6,1082,11,999.7,1404,18
317,2025-11-26 10:30:58+05:30,999.2,2,995.67,3459075,358481.0,427735.0,986.2,1001.8,981.3,986.2,120260250,1084.8,887.6,1102.5,649.1,999.2,314,1,999.0,3204,7,998.8,211,2,998.7,542,7,998.6,1539,13,999.3,759,8,999.4,398,6,999.5,1327,12,999.6,1082,11,999.7,1404,18
317,2025-11-26 10:30:59+05:30,999.2,1,995.67,3459076,358199.0,428250.0,986.2,1001.8,981.3,986.2,120260250,1084.8,887.6,1102.5,649.1,999.2,326,2,999.0,3191,6,998.8,1,1,998.7,523,6,998.6,1531,13,999.3,759,8,999.4,625,7,999.5,1309,12,999.6,1332,12,999.7,1154,17
317,2025-11-26 10:30:59+05:30,999.2,128,995.67,3459076,358199.0,428250.0,986.2,1001.8,981.3,986.2,120260250,1084.8,887.6,1102.5,649.1,999.2,326,2,999.0,3191,6,998.8,1,1,998.7,523,6,998.6,1531,13,999.3,759,8,999.4,625,7,999.5,1309,12,999.6,1332,12,999.7,1154,17
317,2025-11-26 10:31:00+05:30,999.3,2,995.67,3459207,357912.0,428461.0,986.2,1001.8,981.3,986.2,120260250,1084.8,887.6,1102.5,649.1,999.2,210,3,999.0,3191,6,998.8,1,1,998.7,474,5,998.6,1478,11,999.3,920,10,999.4,606,6,999.5,1309,12,999.6,1332,12,999.7,944,16
317,2025-11-26 10:31:00+05:30,999.0,40,995.67,3459207,357912.0,428461.0,986.2,1001.8,981.3,986.2,120260250,1084.8,887.6,1102.5,649.1,999.2,210,3,999.0,3191,6,998.8,1,1,998.7,474,5,998.6,1478,11,999.3,920,10,999.4,606,6,999.5,1309,12,999.6,1332,12,999.7,944,16
317,2025-11-26 10:31:01+05:30,999.0,8,995.67,3459485,357214.0,428775.0,986.2,1001.8,981.3,986.2,120260250,1084.8,887.6,1102.5,649.1,999.0,3143,6,998.8,1,1,998.7,355,3,998.6,1350,9,998.5,1734,15,999.2,50,1,999.3,668,7,999.4,1193,8,999.5,809,12,999.6,2061,12
317,2025-11-26 10:31:01+05:30,999.0,200,995.67,3459485,357214.0,428775.0,986.2,1001.8,981.3,986.2,120260250,1084.8,887.6,1102.5,649.1,999.0,3143,6,998.8,1,1,998.7,355,3,998.6,1350,9,998.5,1734,15,999.2,50,1,999.3,668,7,999.4,1193,8,999.5,809,12,999.6,2061,12
317,2025-11-26 10:31:02+05:30,999.0,200,995.67,3459685,357282.0,428770.0,986.2,1001.8,981.3,986.2,120260250,1084.8,887.6,1102.5,649.1,999.0,2943,6,998.8,1,1,998.7,355,3,998.6,1350,9,998.5,1775,16,999.2,50,1,999.3,914,9,999.4,1174,7,999.5,809,12,999.6,2061,12
317,2025-11-26 10:31:03+05:30,999.0,117,995.67,3459902,356750.0,429044.0,986.2,1001.8,981.3,986.2,120260250,1084.8,887.6,1102.5,649.1,999.0,2826,6,998.8,1,1,998.7,145,2,998.6,1350,9,998.5,1775,16,999.2,96,1,999.3,924,10,999.4,1198,8,999.5,785,11,999.6,2083,13
317,2025-11-26 10:31:03+05:30,999.0,117,995.67,3459902,356750.0,429044.0,986.2,1001.8,981.3,986.2,120260250,1084.8,887.6,1102.5,649.1,999.0,2826,6,998.8,1,1,998.7,145,2,998.6,1350,9,998.5,1775,16,999.2,96,1,999.3,924,10,999.4,1198,8,999.5,785,11,999.6,2083,13
317,2025-11-26 10:31:04+05:30,999.0,117,995.67,3459902,356719.0,429044.0,986.2,1001.8,981.3,986.2,120260250,1084.8,887.6,1102.5,649.1,999.0,2826,6,998.8,1,1,998.7,114,1,998.6,1350,9,998.5,1775,16,999.2,96,1,999.3,924,10,999.4,1198,8,999.5,785,11,999.6,2083,13
317,2025-11-26 10:31:05+05:30,999.0,55,995.68,3460526,358210.0,428315.0,986.2,1001.8,981.3,986.2,120260250,1084.8,887.6,1102.5,649.1,999.0,3711,5,998.8,1,1,998.7,346,2,998.6,1478,11,998.5,1775,16,999.3,935,11,999.4,411,6,999.5,1463,13,999.6,1330,12,999.7,944,16
317,2025-11-26 10:31:05+05:30,999.0,55,995.68,3460526,358210.0,428315.0,986.2,1001.8,981.3,986.2,120260250,1084.8,887.6,1102.5,649.1,999.0,3711,5,998.8,1,1,998.7,346,2,998.6,1478,11,998.5,1775,16,999.3,935,11,999.4,411,6,999.5,1463,13,999.6,1330,12,999.7,944,16
317,2025-11-26 10:31:06+05:30,999.0,55,995.68,3460526,357963.0,428314.0,986.2,1001.8,981.3,986.2,120260250,1084.8,887.6,1102.5,649.1,999.0,3711,5,998.8,1,1,998.7,346,2,998.6,1478,11,998.5,1775,16,999.3,934,11,999.4,411,6,999.5,1463,13,999.6,1330,12,999.7,944,16
317,2025-11-26 10:31:06+05:30,999.0,55,995.68,3460526,357963.0,428314.0,986.2,1001.8,981.3,986.2,120260250,1084.8,887.6,1102.5,649.1,999.0,3711,5,998.8,1,1,998.7,346,2,998.6,1478,11,998.5,1775,16,999.3,934,11,999.4,411,6,999.5,1463,13,999.6,1330,12,999.7,944,16
317,2025-11-26 10:31:07+05:30,999.0,55,995.68,3460526,357963.0,428314.0,986.2,1001.8,981.3,986.2,120260250,1084.8,887.6,1102.5,649.1,999.0,3711,5,998.8,1,1,998.7,346,2,998.6,1478,11,998.5,1775,16,999.3,934,11,999.4,411,6,999.5,1463,13,999.6,1330,12,999.7,944,16
317,2025-11-26 10:31:07+05:30,999.0,240,995.68,3460526,357963.0,428314.0,986.2,1001.8,981.3,986.2,120260250,1084.8,887.6,1102.5,649.1,999.0,3711,5,998.8,1,1,998.7,346,2,998.6,1478,11,998.5,1775,16,999.3,934,11,999.4,411,6,999.5,1463,13,999.6,1330,12,999.7,944,16
317,2025-11-26 10:31:07+05:30,999.0,240,995.68,3460766,357640.0,428756.0,986.2,1001.8,981.3,986.2,120260250,1084.8,887.6,1102.5,649.1,999.0,3471,5,998.8,233,2,998.7,346,2,998.6,1478,11,998.5,1775,16,999.3,885,10,999.4,621,7,999.5,1463,13,999.6,1330,12,999.7,1176,17
317,2025-11-26 10:31:07+05:30,999.0,240,995.68,3460766,357640.0,428756.0,986.2,1001.8,981.3,986.2,120260250,1084.8,887.6,1102.5,649.1,999.0,3471,5,998.8,233,2,998.7,346,2,998.6,1478,11,998.5,1775,16,999.3,885,10,999.4,621,7,999.5,1463,13,999.6,1330,12,999.7,1176,17
317,2025-11-26 10:31:08+05:30,999.0,240,995.68,3460766,357640.0,428756.0,986.2,1001.8,981.3,986.2,120260250,1084.8,887.6,1102.5,649.1,999.0,3471,5,998.8,233,2,998.7,346,2,998.6,1478,11,998.5,1775,16,999.3,885,10,999.4,621,7,999.5,1463,13,999.6,1330,12,999.7,1176,17
317,2025-11-26 10:31:08+05:30,999.3,44,995.68,3460766,357640.0,428756.0,986.2,1001.8,981.3,986.2,120260250,1084.8,887.6,1102.5,649.1,999.0,3471,5,998.8,233,2,998.7,346,2,998.6,1478,11,998.5,1775,16,999.3,885,10,999.4,621,7,999.5,1463,13,999.6,1330,12,999.7,1176,17
317,2025-11-26 10:31:08+05:30,999.3,44,995.68,3460766,357640.0,428756.0,986.2,1001.8,981.3,986.2,120260250,1084.8,887.6,1102.5,649.1,999.0,3471,5,998.8,233,2,998.7,346,2,998.6,1478,11,998.5,1775,16,999.3,885,10,999.4,621,7,999.5,1463,13,999.6,1330,12,999.7,1176,17
317,2025-11-26 10:31:09+05:30,999.3,44,995.68,3460766,357640.0,428756.0,986.2,1001.8,981.3,986.2,120260250,1084.8,887.6,1102.5,649.1,999.0,3471,5,998.8,233,2,998.7,346,2,998.6,1478,11,998.5,1775,16,999.3,885,10,999.4,621,7,999.5,1463,13,999.6,1330,12,999.7,1176,17
317,2025-11-26 10:31:09+05:30,999.3,44,995.68,3460854,357960.0,427760.0,986.2,1001.8,981.3,986.2,120260250,1084.8,887.6,1102.5,649.1,999.0,3471,5,998.8,233,2,998.7,346,2,998.6,1478,11,998.5,1775,16,999.3,452,6,999.4,762,7,999.5,797,10,999.6,1048,9,999.7,1694,17
317,2025-11-26 10:31:09+05:30,999.3,44,995.68,3460854,357960.0,427760.0,986.2,1001.8,981.3,986.2,120273000,1084.8,887.6,1102.5,649.1,999.0,3471,5,998.8,233,2,998.7,346,2,998.6,1478,11,998.5,1775,16,999.3,452,6,999.4,762,7,999.5,797,10,999.6,1048,9,999.7,1694,17
317,2025-11-26 10:31:10+05:30,999.3,44,995.68,3460854,357960.0,427760.0,986.2,1001.8,981.3,986.2,120273000,1084.8,887.6,1102.5,649.1,999.0,3471,5,998.8,233,2,998.7,346,2,998.6,1478,11,998.5,1775,16,999.3,452,6,999.4,762,7,999.5,797,10,999.6,1048,9,999.7,1694,17
317,2025-11-26 10:31:10+05:30,999.3,44,995.68,3460854,358369.0,430267.0,986.2,1001.8,981.3,986.2,120273000,1084.8,887.6,1102.5,649.1,999.0,3471,5,998.9,142,1,998.8,452,5,998.7,370,3,998.6,1459,10,999.1,96,1,999.3,373,5,999.4,714,5,999.5,855,13,999.6,1298,10
317,2025-11-26 10:31:11+05:30,999.3,44,995.68,3460854,358562.0,430267.0,986.2,1001.8,981.3,986.2,120273000,1084.8,887.6,1102.5,649.1,999.0,3471,5,998.9,142,1,998.8,452,5,998.7,370,3,998.6,1459,10,999.1,96,1,999.3,373,5,999.4,715,6,999.5,854,12,999.6,1298,10
317,2025-11-26 10:31:12+05:30,999.1,1,995.68,3460899,358479.0,430484.0,986.2,1001.8,981.3,986.2,120273000,1084.8,887.6,1102.5,649.1,999.0,3471,5,998.9,142,1,998.8,435,4,998.7,402,4,998.6,1459,10,999.1,51,1,999.3,426,5,999.4,715,6,999.5,830,11,999.6,1100,11
317,2025-11-26 10:31:13+05:30,999.1,1,995.68,3460899,358479.0,430484.0,986.2,1001.8,981.3,986.2,120273000,1084.8,887.6,1102.5,649.1,999.0,3471,5,998.9,142,1,998.8,435,4,998.7,402,4,998.6,1459,10,999.1,51,1,999.3,426,5,999.4,715,6,999.5,830,11,999.6,1100,11
317,2025-11-26 10:31:13+05:30,999.1,112,995.68,3461011,358722.0,430515.0,986.2,1001.8,981.3,986.2,120273000,1084.8,887.6,1102.5,649.1,999.0,3471,5,998.8,596,5,998.7,881,7,998.6,1410,9,998.5,1734,15,999.1,96,1,999.3,430,6,999.4,715,6,999.5,830,11,999.6,1350,12
317,2025-11-26 10:31:14+05:30,999.1,112,995.68,3461011,358722.0,430515.0,986.2,1001.8,981.3,986.2,120273000,1084.8,887.6,1102.5,649.1,999.0,3471,5,998.8,596,5,998.7,881,7,998.6,1410,9,998.5,1734,15,999.1,96,1,999.3,430,6,999.4,715,6,999.5,830,11,999.6,1350,12
317,2025-11-26 10:31:15+05:30,999.1,2,995.68,3461013,358785.0,431336.0,986.2,1001.8,981.3,986.2,120273000,1084.8,887.6,1102.5,649.1,999.0,3984,7,998.8,499,6,998.7,825,5,998.6,1672,11,998.5,1734,15,999.1,94,1,999.3,479,7,999.4,715,6,999.5,800,9,999.6,2138,14
317,2025-11-26 10:31:15+05:30,999.0,794,995.68,3461013,358785.0,431336.0,986.2,1001.8,981.3,986.2,120273000,1084.8,887.6,1102.5,649.1,999.0,3984,7,998.8,499,6,998.7,825,5,998.6,1672,11,998.5,1734,15,999.1,94,1,999.3,479,7,999.4,715,6,999.5,800,9,999.6,2138,14
317,2025-11-26 10:31:16+05:30,999.0,794,995.68,3461891,358662.0,430048.0,986.2,1001.8,981.3,986.2,120273000,1084.8,887.6,1102.5,649.1,999.0,3106,7,998.8,435,4,998.7,859,7,998.6,1672,11,998.5,1734,15,999.3,399,6,999.4,1011,9,999.5,800,9,999.6,1318,11,999.7,1090,15
317,2025-11-26 10:31:17+05:30,999.0,240,995.68,3462131,358237.0,430060.0,986.2,1001.8,981.3,986.2,120273000,1084.8,887.6,1102.5,649.1,999.0,2866,7,998.8,435,4,998.7,1278,5,998.6,1704,12,998.5,1781,16,999.2,32,1,999.3,401,8,999.4,900,7,999.5,810,10,999.6,1318,11
317,2025-11-26 10:31:17+05:30,999.0,240,995.68,3462131,358237.0,430060.0,986.2,1001.8,981.3,986.2,120273000,1084.8,887.6,1102.5,649.1,999.0,2866,7,998.8,435,4,998.7,1278,5,998.6,1704,12,998.5,1781,16,999.2,32,1,999.3,401,8,999.4,900,7,999.5,810,10,999.6,1318,11
317,2025-11-26 10:31:17+05:30,999.0,240,995.68,3462131,358823.0,430366.0,986.2,1001.8,981.3,986.2,120273000,1084.8,887.6,1102.5,649.1,999.0,2866,7,998.8,435,4,998.7,1315,6,998.6,1704,12,998.5,1781,16,999.3,381,6,999.4,983,10,999.5,810,10,999.6,1323,12,999.7,1100,16
317,2025-11-26 10:31:18+05:30,999.0,240,995.68,3462131,358823.0,430366.0,986.2,1001.8,981.3,986.2,120273000,1084.8,887.6,1102.5,649.1,999.0,2866,7,998.8,435,4,998.7,1315,6,998.6,1704,12,998.5,1781,16,999.3,381,6,999.4,934,9,999.5,810,10,999.6,1323,12,999.7,1100,16
317,2025-11-26 10:31:19+05:30,999.0,240,995.68,3462131,358828.0,430366.0,986.2,1001.8,981.3,986.2,120273000,1084.8,887.6,1102.5,649.1,999.0,2866,7,998.8,435,4,998.7,1315,6,998.6,1704,12,998.5,1781,16,999.3,381,6,999.4,933,8,999.5,811,11,999.6,1323,12,999.7,1100,16
317,2025-11-26 10:31:20+05:30,999.1,1,995.68,3462131,358828.0,430366.0,986.2,1001.8,981.3,986.2,120273000,1084.8,887.6,1102.5,649.1,999.0,2866,7,998.8,435,4,998.7,1315,6,998.6,1704,12,998.5,1781,16,999.3,381,6,999.4,933,8,999.5,811,11,999.6,1323,12,999.7,1100,16
317,2025-11-26 10:31:21+05:30,999.0,1,995.68,3462133,358631.0,430831.0,986.2,1001.8,981.3,986.2,120273000,1084.8,887.6,1102.5,649.1,999.0,2865,7,998.8,435,4,998.7,975,9,998.6,1672,11,998.5,1791,17,999.1,95,1,999.3,349,5,999.4,1014,10,999.5,817,12,999.6,1323,12
317,2025-11-26 10:31:21+05:30,999.0,1,995.68,3462133,358631.0,430831.0,986.2,1001.8,981.3,986.2,120273000,1084.8,887.6,1102.5,649.1,999.0,2865,7,998.8,435,4,998.7,975,9,998.6,1672,11,998.5,1791,17,999.1,95,1,999.3,349,5,999.4,1014,10,999.5,817,12,999.6,1323,12
317,2025-11-26 10:31:22+05:30,999.1,5,995.68,3462183,358861.0,430642.0,986.2,1001.8,981.3,986.2,120273000,1084.8,887.6,1102.5,649.1,999.0,2865,7,998.8,435,4,998.7,975,9,998.6,1672,11,998.5,1791,17,999.1,45,1,999.3,349,5,999.4,750,8,999.5,836,12,999.6,1048,9
317,2025-11-26 10:31:22+05:30,999.1,5,995.68,3462183,358861.0,430642.0,986.2,1001.8,981.3,986.2,120273000,1084.8,887.6,1102.5,649.1,999.0,2865,7,998.8,435,4,998.7,975,9,998.6,1672,11,998.5,1791,17,999.1,45,1,999.3,349,5,999.4,750,8,999.5,836,12,999.6,1048,9
317,2025-11-26 10:31:23+05:30,999.1,5,995.68,3462183,358982.0,431642.0,986.2,1001.8,981.3,986.2,120273000,1084.8,887.6,1102.5,649.1,999.0,2865,7,998.8,435,4,998.7,943,8,998.6,1804,18,998.5,1712,12,999.1,45,1,999.3,349,5,999.4,779,9,999.5,807,11,999.6,1298,10
317,2025-11-26 10:31:23+05:30,999.1,1,995.68,3462183,358982.0,431642.0,986.2,1001.8,981.3,986.2,120273000,1084.8,887.6,1102.5,649.1,999.0,2865,7,998.8,435,4,998.7,943,8,998.6,1804,18,998.5,1712,12,999.1,45,1,999.3,349,5,999.4,779,9,999.5,807,11,999.6,1298,10
317,2025-11-26 10:31:24+05:30,999.1,100,995.68,3462334,358859.0,432518.0,986.2,1001.8,981.3,986.2,120273000,1084.8,887.6,1102.5,649.1,999.0,2865,7,998.8,203,3,998.7,972,9,998.6,1751,16,998.5,1712,12,999.1,96,1,999.3,349,5,999.4,872,7,999.5,836,12,999.6,1826,11
317,2025-11-26 10:31:24+05:30,999.1,100,995.68,3462334,358859.0,432518.0,986.2,1001.8,981.3,986.2,120273000,1084.8,887.6,1102.5,649.1,999.0,2865,7,998.8,203,3,998.7,972,9,998.6,1751,16,998.5,1712,12,999.1,96,1,999.3,349,5,999.4,872,7,999.5,836,12,999.6,1826,11
317,2025-11-26 10:31:25+05:30,999.0,753,995.68,3463087,358456.0,431818.0,986.2,1001.8,981.3,986.2,120273000,1084.8,887.6,1102.5,649.1,999.0,2112,7,998.8,203,3,998.7,940,8,998.6,1780,17,998.5,1712,12,999.3,396,6,999.4,979,9,999.5,1309,11,999.6,2076,12,999.7,1119,16
317,2025-11-26 10:31:25+05:30,999.0,753,995.68,3463087,358456.0,431818.0,986.2,1001.8,981.3,986.2,120273000,1084.8,887.6,1102.5,649.1,999.0,2112,7,998.8,203,3,998.7,940,8,998.6,1780,17,998.5,1712,12,999.3,396,6,999.4,979,9,999.5,1309,11,999.6,2076,12,999.7,1119,16
317,2025-11-26 10:31:26+05:30,999.0,141,995.68,3463328,357833.0,432180.0,986.2,1001.8,981.3,986.2,120273000,1084.8,887.6,1102.5,649.1,999.0,1971,5,998.8,435,4,998.7,936,6,998.6,1538,15,998.5,1770,14,999.2,29,1,999.3,583,10,999.4,960,9,999.5,806,11,999.6,2076,12
317,2025-11-26 10:31:26+05:30,999.0,141,995.68,3463328,357833.0,432180.0,986.2,1001.8,981.3,986.2,120273000,1084.8,887.6,1102.5,649.1,999.0,1971,5,998.8,435,4,998.7,936,6,998.6,1538,15,998.5,1770,14,999.2,29,1,999.3,583,10,999.4,960,9,999.5,806,11,999.6,2076,12
317,2025-11-26 10:31:27+05:30,999.2,9,995.68,3463337,357831.0,432211.0,986.2,1001.8,981.3,986.2,120273000,1084.8,887.6,1102.5,649.1,999.0,1971,5,998.8,435,4,998.7,936,6,998.6,1538,15,998.5,1770,14,999.2,20,1,999.3,475,8,999.4,989,10,999.5,806,11,999.6,2086,13
317,2025-11-26 10:31:27+05:30,999.2,9,995.68,3463337,357831.0,432211.0,986.2,1001.8,981.3,986.2,120273000,1084.8,887.6,1102.5,649.1,999.0,1971,5,998.8,435,4,998.7,936,6,998.6,1538,15,998.5,1770,14,999.2,20,1,999.3,475,8,999.4,989,10,999.5,806,11,999.6,2086,13
317,2025-11-26 10:31:28+05:30,999.2,9,995.68,3463337,357831.0,432211.0,986.2,1001.8,981.3,986.2,120273000,1084.8,887.6,1102.5,649.1,999.0,1971,5,998.8,435,4,998.7,936,6,998.6,1538,15,998.5,1770,14,999.2,20,1,999.3,475,8,999.4,989,10,999.5,806,11,999.6,2086,13
317,2025-11-26 10:31:29+05:30,999.2,9,995.68,3463337,357831.0,431532.0,986.2,1001.8,981.3,986.2,120273000,1084.8,887.6,1102.5,649.1,999.0,1971,5,998.8,203,3,998.7,936,6,998.6,1538,15,998.5,1770,14,999.3,455,8,999.4,989,10,999.5,806,11,999.6,1326,12,999.7,1095,16
317,2025-11-26 10:31:30+05:30,999.2,1,995.68,3463337,357831.0,431532.0,986.2,1001.8,981.3,986.2,120273000,1084.8,887.6,1102.5,649.1,999.0,1971,5,998.8,203,3,998.7,936,6,998.6,1538,15,998.5,1770,14,999.3,455,8,999.4,989,10,999.5,806,11,999.6,1326,12,999.7,1095,16
317,2025-11-26 10:31:30+05:30,999.2,1,995.68,3463338,358000.0,431241.0,986.2,1001.8,981.3,986.2,120273000,1084.8,887.6,1102.5,649.1,999.0,1971,5,998.8,560,5,998.7,936,6,998.6,1538,15,998.5,1741,13,999.2,95,1,999.3,379,6,999.4,740,9,999.5,785,9,999.6,1352,14
317,2025-11-26 10:31:31+05:30,999.0,8,995.68,3463338,358000.0,431241.0,986.2,1001.8,981.3,986.2,120273000,1084.8,887.6,1102.5,649.1,999.0,1971,5,998.8,560,5,998.7,936,6,998.6,1538,15,998.5,1741,13,999.2,95,1,999.3,379,6,999.4,740,9,999.5,785,9,999.6,1352,14
317,2025-11-26 10:31:31+05:30,999.0,8,995.68,3463346,357629.0,432435.0,986.2,1001.8,981.3,986.2,120273000,1084.8,887.6,1102.5,649.1,999.1,15,1,999.0,1963,5,998.8,203,3,998.7,936,6,998.6,1538,15,999.2,550,3,999.3,608,10,999.4,790,9,999.5,785,9,999.6,1352,14
317,2025-11-26 10:31:32+05:30,999.1,1,995.68,3463346,357629.0,432435.0,986.2,1001.8,981.3,986.2,120273000,1084.8,887.6,1102.5,649.1,999.1,15,1,999.0,1963,5,998.8,203,3,998.7,936,6,998.6,1538,15,999.2,550,3,999.3,608,10,999.4,790,9,999.5,785,9,999.6,1352,14
317,2025-11-26 10:31:32+05:30,999.1,1,995.68,3463347,357641.0,432435.0,986.2,1001.8,981.3,986.2,120273000,1084.8,887.6,1102.5,649.1,999.1,27,2,999.0,1963,5,998.8,203,3,998.7,936,6,998.6,1538,15,999.2,471,2,999.3,579,9,999.4,819,10,999.5,785,9,999.6,1352,14
317,2025-11-26 10:31:33+05:30,999.2,44,995.68,3463347,357641.0,432435.0,986.2,1001.8,981.3,986.2,120273000,1084.8,887.6,1102.5,649.1,999.1,27,2,999.0,1963,5,998.8,203,3,998.7,936,6,998.6,1538,15,999.2,471,2,999.3,579,9,999.4,819,10,999.5,785,9,999.6,1352,14
317,2025-11-26 10:31:33+05:30,999.2,44,995.68,3463700,357983.0,430364.0,986.2,1001.8,981.3,986.2,120273000,1084.8,887.6,1102.5,649.1,999.1,40,3,999.0,2029,5,998.9,369,4,998.8,793,8,998.7,2012,12,999.2,214,2,999.3,349,5,999.4,342,3,999.5,692,6,999.6,1048,9
317,2025-11-26 10:31:34+05:30,999.2,112,995.68,3463700,357983.0,430364.0,986.2,1001.8,981.3,986.2,120273000,1084.8,887.6,1102.5,649.1,999.1,40,3,999.0,2029,5,998.9,369,4,998.8,793,8,998.7,2012,12,999.2,214,2,999.3,349,5,999.4,342,3,999.5,692,6,999.6,1048,9
317,2025-11-26 10:31:34+05:30,999.2,112,995.68,3463812,357983.0,430293.0,986.2,1001.8,981.3,986.2,120273000,1084.8,887.6,1102.5,649.1,999.1,40,3,999.0,2029,5,998.9,369,4,998.8,803,9,998.7,2012,12,999.2,102,2,999.3,349,5,999.4,342,3,999.5,692,6,999.6,1048,9
317,2025-11-26 10:31:35+05:30,999.1,13,995.68,3463812,357983.0,430293.0,986.2,1001.8,981.3,986.2,120273000,1084.8,887.6,1102.5,649.1,999.1,40,3,999.0,2029,5,998.9,369,4,998.8,803,9,998.7,2012,12,999.2,102,2,999.3,349,5,999.4,342,3,999.5,692,6,999.6,1048,9
317,2025-11-26 10:31:35+05:30,999.0,50,995.68,3463903,358932.0,431133.0,986.2,1001.8,981.3,986.2,120273000,1084.8,887.6,1102.5,649.1,999.0,1900,4,998.9,560,6,998.8,781,9,998.7,1738,11,998.6,1484,14,999.1,56,1,999.2,5,1,999.3,349,5,999.4,342,3,999.5,773,8
317,2025-11-26 10:31:36+05:30,999.0,50,995.68,3463903,358932.0,431133.0,986.2,1001.8,981.3,986.2,120273000,1084.8,887.6,1102.5,649.1,999.0,1900,4,998.9,560,6,998.8,781,9,998.7,1738,11,998.6,1484,14,999.1,56,1,999.2,5,1,999.3,349,5,999.4,342,3,999.5,773,8
317,2025-11-26 10:31:36+05:30,999.0,5,995.68,3463908,359358.0,431922.0,986.2,1001.8,981.3,986.2,120273000,1084.8,887.6,1102.5,649.1,999.0,1895,4,998.9,685,7,998.8,781,9,998.7,1765,12,998.6,1484,14,999.1,56,1,999.2,5,1,999.3,349,5,999.4,342,3,999.5,773,8
317,2025-11-26 10:31:37+05:30,999.0,34,995.68,3463908,359358.0,431922.0,986.2,1001.8,981.3,986.2,120273000,1084.8,887.6,1102.5,649.1,999.0,1895,4,998.9,685,7,998.8,781,9,998.7,1765,12,998.6,1484,14,999.1,56,1,999.2,5,1,999.3,349,5,999.4,342,3,999.5,773,8
317,2025-11-26 10:31:37+05:30,999.0,45,995.68,3463987,358996.0,431977.0,986.2,1001.8,981.3,986.2,120273000,1084.8,887.6,1102.5,649.1,999.0,1816,4,998.9,452,4,998.8,731,9,998.7,1765,12,998.6,1484,14,999.1,56,1,999.2,5,1,999.3,349,5,999.4,342,3,999.5,1308,9
317,2025-11-26 10:31:38+05:30,999.0,1,995.68,3463987,358996.0,431977.0,986.2,1001.8,981.3,986.2,120273000,1084.8,887.6,1102.5,649.1,999.0,1816,4,998.9,452,4,998.8,731,9,998.7,1765,12,998.6,1484,14,999.1,56,1,999.2,5,1,999.3,349,5,999.4,342,3,999.5,1308,9
317,2025-11-26 10:31:38+05:30,999.0,1,995.68,3463989,359007.0,431998.0,986.2,1001.8,981.3,986.2,120273000,1084.8,887.6,1102.5,649.1,999.0,1814,4,998.9,452,4,998.8,531,8,998.7,1765,12,998.6,1697,15,999.1,56,1,999.2,5,1,999.3,349,5,999.4,421,4,999.5,773,8
317,2025-11-26 10:31:39+05:30,999.1,5,995.68,3463989,359007.0,431998.0,986.2,1001.8,981.3,986.2,120273000,1084.8,887.6,1102.5,649.1,999.0,1814,4,998.9,452,4,998.8,531,8,998.7,1765,12,998.6,1697,15,999.1,56,1,999.2,5,1,999.3,349,5,999.4,421,4,999.5,773,8
317,2025-11-26 10:31:39+05:30,999.1,5,995.68,3464064,358576.0,432857.0,986.2,1001.8,981.3,986.2,120273000,1084.8,887.6,1102.5,649.1,999.0,1744,4,998.9,232,1,998.8,360,8,998.7,1738,11,998.6,1697,15,999.1,51,1,999.2,5,1,999.3,422,6,999.4,519,5,999.5,1375,10
317,2025-11-26 10:31:40+05:30,999.0,22,995.68,3464064,358576.0,432857.0,986.2,1001.8,981.3,986.2,120273000,1084.8,887.6,1102.5,649.1,999.0,1744,4,998.9,232,1,998.8,360,8,998.7,1738,11,998.6,1697,15,999.1,51,1,999.2,5,1,999.3,422,6,999.4,519,5,999.5,1375,10
317,2025-11-26 10:31:40+05:30,999.0,22,995.68,3465830,357616.0,433057.0,986.2,1001.8,981.3,986.2,120273000,1084.8,887.6,1102.5,649.1,999.0,1445,1,998.8,448,7,998.7,1764,12,998.6,1697,15,998.5,2515,11,999.2,5,1,999.3,424,7,999.4,800,7,999.5,1305,8,999.6,2079,12
317,2025-11-26 10:31:41+05:30,999.2,29,995.68,3465830,357616.0,433057.0,986.2,1001.8,981.3,986.2,120273000,1084.8,887.6,1102.5,649.1,999.0,1445,1,998.8,448,7,998.7,1764,12,998.6,1697,15,998.5,2515,11,999.2,5,1,999.3,424,7,999.4,800,7,999.5,1305,8,999.6,2079,12
317,2025-11-26 10:31:41+05:30,999.3,72,995.68,3466782,356865.0,431741.0,986.2,1001.8,981.3,986.2,120273000,1084.8,887.6,1102.5,649.1,998.9,215,3,998.8,1481,9,998.7,1773,10,998.6,1658,16,998.5,2375,11,999.2,11,1,999.3,277,5,999.4,812,6,999.5,671,7,999.6,1221,9
317,2025-11-26 10:31:42+05:30,999.3,72,995.68,3466782,356865.0,431741.0,986.2,1001.8,981.3,986.2,120273000,1084.8,887.6,1102.5,649.1,998.9,215,3,998.8,1481,9,998.7,1773,10,998.6,1658,16,998.5,2375,11,999.2,11,1,999.3,277,5,999.4,812,6,999.5,671,7,999.6,1221,9
317,2025-11-26 10:31:42+05:30,999.3,72,995.68,3466782,357377.0,431446.0,986.2,1001.8,981.3,986.2,120273000,1084.8,887.6,1102.5,649.1,998.9,1155,6,998.8,1177,10,998.7,1973,11,998.6,1858,17,998.5,2375,11,999.2,10,1,999.3,277,5,999.4,808,5,999.5,694,7,999.6,1247,10
317,2025-11-26 10:31:43+05:30,999.3,72,995.68,3466782,356160.0,431624.0,986.2,1001.8,981.3,986.2,120273000,1084.8,887.6,1102.5,649.1,998.9,940,3,998.8,821,8,998.7,1848,10,998.6,1753,10,998.5,3125,12,999.2,10,1,999.3,277,5,999.4,608,7,999.5,704,8,999.6,2082,13
317,2025-11-26 10:31:44+05:30,998.9,1,995.68,3466782,356160.0,431624.0,986.2,1001.8,981.3,986.2,120273000,1084.8,887.6,1102.5,649.1,998.9,940,3,998.8,821,8,998.7,1848,10,998.6,1753,10,998.5,3125,12,999.2,10,1,999.3,277,5,999.4,608,7,999.5,704,8,999.6,2082,13
317,2025-11-26 10:31:44+05:30,999.2,3,995.68,3466786,357176.0,431789.0,986.2,1001.8,981.3,986.2,120273000,1084.8,887.6,1102.5,649.1,999.0,50,1,998.9,335,3,998.8,1552,10,998.7,1848,10,998.6,1858,17,999.2,7,1,999.3,277,5,999.4,825,7,999.5,704,8,999.6,2082,13
317,2025-11-26 10:31:45+05:30,999.2,3,995.68,3466786,357176.0,431789.0,986.2,1001.8,981.3,986.2,120273000,1084.8,887.6,1102.5,649.1,999.0,50,1,998.9,335,3,998.8,1552,10,998.7,1848,10,998.6,1858,17,999.2,7,1,999.3,277,5,999.4,825,7,999.5,704,8,999.6,2082,13
317,2025-11-26 10:31:45+05:30,999.2,3,995.68,3466786,357699.0,432278.0,986.2,1001.8,981.3,986.2,120273000,1084.8,887.6,1102.5,649.1,999.0,869,3,998.9,335,3,998.8,764,8,998.7,1848,10,998.6,1858,17,999.2,8,2,999.3,277,5,999.4,825,7,999.5,1231,9,999.6,2082,13
317,2025-11-26 10:31:47+05:30,999.2,3,995.68,3466786,357722.0,432314.0,986.2,1001.8,981.3,986.2,120273000,1084.8,887.6,1102.5,649.1,999.0,869,3,998.9,335,3,998.8,764,8,998.7,1848,10,998.6,1858,17,999.2,8,2,999.3,277,5,999.4,1386,8,999.5,704,8,999.6,2082,13
317,2025-11-26 10:31:48+05:30,999.2,3,995.68,3466786,356638.0,432742.0,986.2,1001.8,981.3,986.2,120273000,1084.8,887.6,1102.5,649.1,999.0,882,4,998.9,256,2,998.7,1249,6,998.6,1506,17,998.5,3327,13,999.2,18,3,999.3,977,9,999.4,1020,12,999.5,1033,10,999.6,1886,14
317,2025-11-26 10:31:49+05:30,999.2,3,995.68,3466786,356687.0,432734.0,986.2,1001.8,981.3,986.2,120273000,1084.8,887.6,1102.5,649.1,999.0,882,4,998.9,256,2,998.7,1298,7,998.6,1506,17,998.5,3327,13,999.2,18,3,999.3,928,8,999.4,1012,10,999.5,1033,10,999.6,1886,14
317,2025-11-26 10:31:50+05:30,999.2,3,995.68,3466786,357759.0,433474.0,986.2,1001.8,981.3,986.2,120273000,1084.8,887.6,1102.5,649.1,999.0,882,4,998.9,256,2,998.7,1324,8,998.6,1480,16,998.5,3702,14,999.1,96,1,999.2,57,3,999.3,1331,13,999.4,986,9,999.5,1033,10
317,2025-11-26 10:31:50+05:30,999.0,4,995.68,3466786,357759.0,433474.0,986.2,1001.8,981.3,986.2,120273000,1084.8,887.6,1102.5,649.1,999.0,882,4,998.9,256,2,998.7,1324,8,998.6,1480,16,998.5,3702,14,999.1,96,1,999.2,57,3,999.3,1331,13,999.4,986,9,999.5,1033,10
317,2025-11-26 10:31:51+05:30,999.1,50,995.68,3466840,357781.0,433496.0,986.2,1001.8,981.3,986.2,120273000,1084.8,887.6,1102.5,649.1,999.0,878,4,998.9,256,2,998.7,1298,7,998.6,1507,17,998.5,3702,14,999.1,46,1,999.2,129,4,999.3,1331,13,999.4,986,9,999.5,1033,10
317,2025-11-26 10:31:51+05:30,999.1,50,995.68,3466840,357781.0,433496.0,986.2,1001.8,981.3,986.2,120273000,1084.8,887.6,1102.5,649.1,999.0,878,4,998.9,256,2,998.7,1298,7,998.6,1507,17,998.5,3702,14,999.1,46,1,999.2,129,4,999.3,1331,13,999.4,986,9,999.5,1033,10
317,2025-11-26 10:31:52+05:30,999.1,50,995.68,3466840,357834.0,433496.0,986.2,1001.8,981.3,986.2,120273000,1084.8,887.6,1102.5,649.1,999.0,878,4,998.9,256,2,998.7,1298,7,998.6,1507,17,998.5,3702,14,999.1,46,1,999.2,129,4,999.3,1331,13,999.4,986,9,999.5,1033,10
317,2025-11-26 10:31:53+05:30,999.1,112,995.68,3466953,357579.0,433354.0,986.2,1001.8,981.3,986.2,120273000,1084.8,887.6,1102.5,649.1,999.0,877,4,998.9,256,2,998.8,2,1,998.7,1331,9,998.6,1475,15,999.1,96,1,999.2,11,3,999.3,1305,12,999.4,1013,10,999.5,1032,9
317,2025-11-26 10:31:53+05:30,999.1,112,995.68,3466953,357579.0,433354.0,986.2,1001.8,981.3,986.2,120273000,1084.8,887.6,1102.5,649.1,999.0,877,4,998.9,256,2,998.8,2,1,998.7,1331,9,998.6,1475,15,999.1,96,1,999.2,11,3,999.3,1305,12,999.4,1013,10,999.5,1032,9
317,2025-11-26 10:31:54+05:30,999.1,112,995.68,3466953,358336.0,433428.0,986.2,1001.8,981.3,986.2,120273000,1084.8,887.6,1102.5,649.1,999.0,907,5,998.9,256,2,998.8,29,2,998.7,1331,9,998.6,1448,14,999.1,96,1,999.2,11,3,999.3,1305,12,999.4,988,10,999.5,1059,10
317,2025-11-26 10:31:55+05:30,999.0,17,995.68,3467877,357022.0,433857.0,986.2,1001.8,981.3,986.2,120273000,1084.8,887.6,1102.5,649.1,999.0,792,1,998.9,256,2,998.7,1225,7,998.6,1396,14,998.5,3292,13,999.2,38,4,999.3,954,13,999.4,1514,10,999.5,1032,9,999.6,1886,14
317,2025-11-26 10:31:55+05:30,999.0,17,995.68,3467877,357022.0,433857.0,986.2,1001.8,981.3,986.2,120273000,1084.8,887.6,1102.5,649.1,999.0,792,1,998.9,256,2,998.7,1225,7,998.6,1396,14,998.5,3292,13,999.2,38,4,999.3,954,13,999.4,1514,10,999.5,1032,9,999.6,1886,14
317,2025-11-26 10:31:56+05:30,999.0,3,995.68,3467930,358438.0,434109.0,986.2,1001.8,981.3,986.2,120273000,1084.8,887.6,1102.5,649.1,998.9,819,2,998.7,1117,7,998.6,1421,14,998.5,3735,14,998.4,3197,17,999.0,22,1,999.2,315,8,999.3,917,11,999.4,1114,10,999.5,1348,10
317,2025-11-26 10:31:56+05:30,999.0,22,995.68,3467930,358438.0,434109.0,986.2,1001.8,981.3,986.2,120273000,1084.8,887.6,1102.5,649.1,998.9,819,2,998.7,1117,7,998.6,1421,14,998.5,3735,14,998.4,3197,17,999.0,22,1,999.2,315,8,999.3,917,11,999.4,1114,10,999.5,1348,10
317,2025-11-26 10:31:57+05:30,999.2,7,995.68,3468078,357133.0,433390.0,986.2,1001.8,981.3,986.2,120273000,1084.8,887.6,1102.5,649.1,998.8,859,3,998.7,1376,9,998.6,1596,15,998.5,4110,14,998.4,2927,16,999.2,81,6,999.3,969,14,999.4,1250,10,999.5,1087,10,999.6,1888,14
317,2025-11-26 10:31:57+05:30,999.2,7,995.68,3468078,357133.0,433390.0,986.2,1001.8,981.3,986.2,120273000,1084.8,887.6,1102.5,649.1,998.8,859,3,998.7,1376,9,998.6,1596,15,998.5,4110,14,998.4,2927,16,999.2,81,6,999.3,969,14,999.4,1250,10,999.5,1087,10,999.6,1888,14
317,2025-11-26 10:31:58+05:30,999.1,2,995.68,3468080,361842.0,433262.0,986.2,1001.8,981.3,986.2,120273000,1084.8,887.6,1102.5,649.1,998.8,886,4,998.7,1349,8,998.6,1596,15,998.5,3360,13,998.4,2927,16,999.2,119,8,999.3,917,11,999.4,1301,9,999.5,832,8,999.6,1893,14
317,2025-11-26 10:31:58+05:30,999.1,2,995.68,3468080,361842.0,433262.0,986.2,1001.8,981.3,986.2,120273000,1084.8,887.6,1102.5,649.1,998.8,886,4,998.7,1349,8,998.6,1596,15,998.5,3360,13,998.4,2927,16,999.2,119,8,999.3,917,11,999.4,1301,9,999.5,832,8,999.6,1893,14
317,2025-11-26 10:31:59+05:30,998.8,2,995.68,3468082,361815.0,433353.0,986.2,1001.8,981.3,986.2,120273000,1084.8,887.6,1102.5,649.1,998.8,857,3,998.7,1374,8,998.6,1568,13,998.5,3323,13,998.4,2895,15,999.2,78,7,999.3,853,11,999.4,1380,14,999.5,1108,11,999.6,1852,11
317,2025-11-26 10:31:59+05:30,999.2,1,995.68,3468082,361815.0,433353.0,986.2,1001.8,981.3,986.2,120273000,1084.8,887.6,1102.5,649.1,998.8,857,3,998.7,1374,8,998.6,1568,13,998.5,3323,13,998.4,2895,15,999.2,78,7,999.3,853,11,999.4,1380,14,999.5,1108,11,999.6,1852,11
317,2025-11-26 10:32:00+05:30,999.0,12,995.68,3468096,362182.0,434400.0,986.2,1001.8,981.3,986.2,120273000,1084.8,887.6,1102.5,649.1,998.7,788,2,998.6,1354,8,998.5,3694,14,998.4,2598,11,998.3,1223,15,998.9,84,1,999.2,809,10,999.3,1083,13,999.4,1309,14,999.5,1203,14
317,2025-11-26 10:32:00+05:30,999.0,12,995.68,3468096,362182.0,434400.0,986.2,1001.8,981.3,986.2,120273000,1084.8,887.6,1102.5,649.1,998.7,788,2,998.6,1354,8,998.5,3694,14,998.4,2598,11,998.3,1223,15,998.9,84,1,999.2,809,10,999.3,1083,13,999.4,1309,14,999.5,1203,14
317,2025-11-26 10:32:01+05:30,998.9,2,995.68,3468486,352502.0,436205.0,986.2,1001.8,981.3,986.2,120273000,1084.8,887.6,1102.5,649.1,998.4,508,5,998.3,1985,13,998.2,3405,14,998.1,2692,13,998.0,4263,31,998.9,278,3,999.0,1287,8,999.1,637,7,999.2,1503,14,999.3,939,12
317,2025-11-26 10:32:01+05:30,998.9,10,995.68,3468486,352502.0,436205.0,986.2,1001.8,981.3,986.2,120273000,1084.8,887.6,1102.5,649.1,998.4,508,5,998.3,1985,13,998.2,3405,14,998.1,2692,13,998.0,4263,31,998.9,278,3,999.0,1287,8,999.1,637,7,999.2,1503,14,999.3,939,12
317,2025-11-26 10:32:02+05:30,998.9,15,995.68,3468600,353062.0,435679.0,986.2,1001.8,981.3,986.2,120273000,1084.8,887.6,1102.5,649.1,998.5,511,5,998.4,902,7,998.3,1978,12,998.2,3255,13,998.1,2712,14,998.9,121,3,999.0,291,3,999.1,1299,8,999.2,620,10,999.3,939,12
317,2025-11-26 10:32:02+05:30,998.9,10,995.68,3468600,353062.0,435679.0,986.2,1001.8,981.3,986.2,120273000,1084.8,887.6,1102.5,649.1,998.5,511,5,998.4,902,7,998.3,1978,12,998.2,3255,13,998.1,2712,14,998.9,121,3,999.0,291,3,999.1,1299,8,999.2,620,10,999.3,939,12
317,2025-11-26 10:32:03+05:30,998.9,3,995.68,3468732,353080.0,435739.0,986.2,1001.8,981.3,986.2,120273000,1084.8,887.6,1102.5,649.1,998.5,370,4,998.4,1698,11,998.3,1978,12,998.2,3255,13,998.1,2712,14,998.9,108,3,999.0,655,3,999.1,784,8,999.2,620,10,999.3,965,14
317,2025-11-26 10:32:03+05:30,998.9,3,995.68,3468732,353080.0,435739.0,986.2,1001.8,981.3,986.2,120273000,1084.8,887.6,1102.5,649.1,998.5,370,4,998.4,1698,11,998.3,1978,12,998.2,3255,13,998.1,2712,14,998.9,108,3,999.0,655,3,999.1,784,8,999.2,620,10,999.3,965,14
317,2025-11-26 10:32:04+05:30,998.9,38,995.68,3468782,353322.0,435689.0,986.2,1001.8,981.3,986.2,120273000,1084.8,887.6,1102.5,649.1,998.5,569,6,998.4,1106,9,998.3,1978,12,998.2,3255,13,998.1,2488,13,998.9,59,2,999.0,655,3,999.1,703,6,999.2,648,11,999.3,965,14
317,2025-11-26 10:32:04+05:30,998.9,38,995.68,3468782,353322.0,435689.0,986.2,1001.8,981.3,986.2,120273000,1084.8,887.6,1102.5,649.1,998.5,569,6,998.4,1106,9,998.3,1978,12,998.2,3255,13,998.1,2488,13,998.9,59,2,999.0,655,3,999.1,703,6,999.2,648,11,999.3,965,14
317,2025-11-26 10:32:05+05:30,998.5,2,995.68,3469215,351917.0,436012.0,986.2,1001.8,981.3,986.2,120273000,1084.8,887.6,1102.5,649.1,998.6,45,1,998.5,444,7,998.4,1532,9,998.3,1826,10,998.2,3255,13,998.9,1,1,999.0,1000,1,999.1,527,4,999.2,1173,12,999.3,1132,12
317,2025-11-26 10:32:05+05:30,998.5,2,995.68,3469215,351917.0,436012.0,986.2,1001.8,981.3,986.2,120273000,1084.8,887.6,1102.5,649.1,998.6,45,1,998.5,444,7,998.4,1532,9,998.3,1826,10,998.2,3255,13,998.9,1,1,999.0,1000,1,999.1,527,4,999.2,1173,12,999.3,1132,12
317,2025-11-26 10:32:06+05:30,998.5,108,995.68,3469334,351293.0,438179.0,986.2,1001.8,981.3,986.2,120273000,1084.8,887.6,1102.5,649.1,998.3,1079,5,998.2,3459,14,998.1,2634,13,998.0,3310,27,997.9,1342,10,998.8,87,1,998.9,752,4,999.0,1537,7,999.1,780,7,999.2,1748,16
317,2025-11-26 10:32:06+05:30,998.8,4,995.68,3469334,351293.0,438179.0,986.2,1001.8,981.3,986.2,120273000,1084.8,887.6,1102.5,649.1,998.3,1079,5,998.2,3459,14,998.1,2634,13,998.0,3310,27,997.9,1342,10,998.8,87,1,998.9,752,4,999.0,1537,7,999.1,780,7,999.2,1748,16
317,2025-11-26 10:32:07+05:30,998.9,16,995.68,3469438,351813.0,437512.0,986.2,1001.8,981.3,986.2,120273000,1084.8,887.6,1102.5,649.1,998.4,766,4,998.3,1641,11,998.2,3166,11,998.1,2658,14,998.0,3310,27,998.9,678,4,999.0,1509,6,999.1,780,7,999.2,781,16,999.3,1189,13
317,2025-11-26 10:32:07+05:30,998.9,10,995.68,3469438,351813.0,437512.0,986.2,1001.8,981.3,986.2,120273000,1084.8,887.6,1102.5,649.1,998.4,766,4,998.3,1641,11,998.2,3166,11,998.1,2658,14,998.0,3310,27,998.9,678,4,999.0,1509,6,999.1,780,7,999.2,781,16,999.3,1189,13
317,2025-11-26 10:32:08+05:30,999.0,293,995.68,3469853,353142.0,436459.0,986.2,1001.8,981.3,986.2,120273000,1084.8,887.6,1102.5,649.1,998.5,456,4,998.4,1381,7,998.3,1641,11,998.2,3016,10,998.1,2678,15,999.0,1057,5,999.1,485,3,999.2,1277,14,999.3,879,11,999.4,1312,14
317,2025-11-26 10:32:08+05:30,999.0,293,995.68,3469853,353142.0,436459.0,986.2,1001.8,981.3,986.2,120273000,1084.8,887.6,1102.5,649.1,998.5,456,4,998.4,1381,7,998.3,1641,11,998.2,3016,10,998.1,2678,15,999.0,1057,5,999.1,485,3,999.2,1277,14,999.3,879,11,999.4,1312,14
317,2025-11-26 10:32:09+05:30,998.9,1,995.68,3469854,352407.0,437673.0,986.2,1001.8,981.3,986.2,120273000,1084.8,887.6,1102.5,649.1,998.5,237,2,998.4,574,3,998.3,1613,10,998.2,3016,10,998.1,2706,16,998.9,782,6,999.0,1152,7,999.1,1728,8,999.2,630,10,999.3,1141,14
317,2025-11-26 10:32:09+05:30,998.9,1,995.68,3469854,352407.0,437673.0,986.2,1001.8,981.3,986.2,120273000,1084.8,887.6,1102.5,649.1,998.5,237,2,998.4,574,3,998.3,1613,10,998.2,3016,10,998.1,2706,16,998.9,782,6,999.0,1152,7,999.1,1728,8,999.2,630,10,999.3,1141,14
317,2025-11-26 10:32:10+05:30,998.9,74,995.68,3470177,353525.0,438838.0,986.2,1001.8,981.3,986.2,120273000,1084.8,887.6,1102.5,649.1,998.4,569,4,998.3,1830,14,998.2,3166,11,998.1,2658,14,998.0,3339,28,998.7,96,1,998.9,499,2,999.0,1157,7,999.1,1775,10,999.2,1652,11
317,2025-11-26 10:32:10+05:30,998.9,74,995.68,3470177,353525.0,438838.0,986.2,1001.8,981.3,986.2,120273000,1084.8,887.6,1102.5,649.1,998.4,569,4,998.3,1830,14,998.2,3166,11,998.1,2658,14,998.0,3339,28,998.7,96,1,998.9,499,2,999.0,1157,7,999.1,1775,10,999.2,1652,11
317,2025-11-26 10:32:11+05:30,998.3,69,995.68,3470177,353525.0,438838.0,986.2,1001.8,981.3,986.2,120273000,1084.8,887.6,1102.5,649.1,998.4,569,4,998.3,1830,14,998.2,3166,11,998.1,2658,14,998.0,3339,28,998.7,96,1,998.9,499,2,999.0,1157,7,999.1,1775,10,999.2,1652,11
317,2025-11-26 10:32:11+05:30,998.3,69,995.68,3470296,351845.0,439193.0,986.2,1001.8,981.3,986.2,120273000,1084.8,887.6,1102.5,649.1,998.3,905,5,998.2,3440,12,998.1,2658,14,998.0,2874,25,997.9,1270,10,998.7,96,1,998.9,911,6,999.0,1316,9,999.1,1790,11,999.2,1809,14
317,2025-11-26 10:32:12+05:30,998.7,5,995.68,3470296,351845.0,439193.0,986.2,1001.8,981.3,986.2,120273000,1084.8,887.6,1102.5,649.1,998.3,905,5,998.2,3440,12,998.1,2658,14,998.0,2874,25,997.9,1270,10,998.7,96,1,998.9,911,6,999.0,1316,9,999.1,1790,11,999.2,1809,14
317,2025-11-26 10:32:12+05:30,998.7,5,995.68,3470301,352181.0,439285.0,986.2,1001.8,981.3,986.2,120273000,1084.8,887.6,1102.5,649.1,998.3,966,7,998.2,3555,12,998.1,2808,15,998.0,2874,25,997.9,1270,10,998.7,91,1,998.9,976,5,999.0,1316,9,999.1,1790,11,999.2,1559,13
317,2025-11-26 10:32:13+05:30,998.7,4,995.68,3470301,352181.0,439285.0,986.2,1001.8,981.3,986.2,120273000,1084.8,887.6,1102.5,649.1,998.3,966,7,998.2,3555,12,998.1,2808,15,998.0,2874,25,997.9,1270,10,998.7,91,1,998.9,976,5,999.0,1316,9,999.1,1790,11,999.2,1559,13
317,2025-11-26 10:32:13+05:30,998.7,4,995.68,3470355,352066.0,439612.0,986.2,1001.8,981.3,986.2,120273000,1084.8,887.6,1102.5,649.1,998.5,100,1,998.3,1269,9,998.2,3166,11,998.1,2808,15,998.0,2874,25,998.7,37,1,998.9,915,4,999.0,1316,9,999.1,1790,11,999.2,1559,13
317,2025-11-26 10:32:14+05:30,998.7,3,995.68,3470355,352066.0,439612.0,986.2,1001.8,981.3,986.2,120273000,1084.8,887.6,1102.5,649.1,998.5,100,1,998.3,1269,9,998.2,3166,11,998.1,2808,15,998.0,2874,25,998.7,37,1,998.9,915,4,999.0,1316,9,999.1,1790,11,999.2,1559,13
317,2025-11-26 10:32:14+05:30,998.7,3,995.68,3470358,352358.0,439791.0,986.2,1001.8,981.3,986.2,120273000,1084.8,887.6,1102.5,649.1,998.6,112,1,998.5,100,1,998.4,604,2,998.3,1372,10,998.2,3186,12,998.7,34,1,998.9,925,5,999.0,1351,10,999.1,1762,10,999.2,1559,13
317,2025-11-26 10:32:15+05:30,999.1,750,995.68,3470358,352358.0,439791.0,986.2,1001.8,981.3,986.2,120273000,1084.8,887.6,1102.5,649.1,998.6,112,1,998.5,100,1,998.4,604,2,998.3,1372,10,998.2,3186,12,998.7,34,1,998.9,925,5,999.0,1351,10,999.1,1762,10,999.2,1559,13
317,2025-11-26 10:32:15+05:30,999.1,750,995.69,3474342,355346.0,433634.0,986.2,1001.8,981.3,986.2,120273000,1084.8,887.6,1102.5,649.1,999.0,961,1,998.6,1135,6,998.5,1454,7,998.4,358,8,998.3,2896,10,999.1,250,1,999.2,3,2,999.3,219,8,999.4,476,5,999.5,1872,25
317,2025-11-26 10:32:16+05:30,999.1,4,995.69,3474342,355346.0,433634.0,986.2,1001.8,981.3,986.2,120273000,1084.8,887.6,1102.5,649.1,999.0,961,1,998.6,1135,6,998.5,1454,7,998.4,358,8,998.3,2896,10,999.1,250,1,999.2,3,2,999.3,219,8,999.4,476,5,999.5,1872,25
317,2025-11-26 10:32:16+05:30,999.1,4,995.69,3475061,354574.0,435784.0,986.2,1001.8,981.3,986.2,120273000,1084.8,887.6,1102.5,649.1,999.0,246,1,998.6,1328,7,998.5,1711,9,998.4,294,4,998.3,3652,17,999.1,430,2,999.2,527,5,999.3,303,10,999.4,950,7,999.5,1649,20
317,2025-11-26 10:32:17+05:30,999.1,16,995.69,3475061,354574.0,435784.0,986.2,1001.8,981.3,986.2,120273000,1084.8,887.6,1102.5,649.1,999.0,246,1,998.6,1328,7,998.5,1711,9,998.4,294,4,998.3,3652,17,999.1,430,2,999.2,527,5,999.3,303,10,999.4,950,7,999.5,1649,20
317,2025-11-26 10:32:17+05:30,999.1,16,995.69,3475083,354348.0,436721.0,986.2,1001.8,981.3,986.2,120273000,1084.8,887.6,1102.5,649.1,999.0,246,1,998.7,426,2,998.6,1328,7,998.5,1711,9,998.4,977,7,999.1,408,2,999.2,1450,5,999.3,303,10,999.4,700,6,999.5,1883,20
317,2025-11-26 10:32:18+05:30,999.0,119,995.69,3475083,354348.0,436721.0,986.2,1001.8,981.3,986.2,120273000,1084.8,887.6,1102.5,649.1,999.0,246,1,998.7,426,2,998.6,1328,7,998.5,1711,9,998.4,977,7,999.1,408,2,999.2,1450,5,999.3,303,10,999.4,700,6,999.5,1883,20
317,2025-11-26 10:32:18+05:30,999.0,119,995.69,3475202,354222.0,436839.0,986.2,1001.8,981.3,986.2,120273000,1084.8,887.6,1102.5,649.1,999.0,127,1,998.7,551,3,998.6,1198,6,998.5,1711,9,998.4,977,7,999.1,536,4,999.2,1562,7,999.3,502,11,999.4,961,9,999.5,1131,19
317,2025-11-26 10:32:19+05:30,999.1,10,995.69,3475202,354222.0,436839.0,986.2,1001.8,981.3,986.2,120273000,1084.8,887.6,1102.5,649.1,999.0,127,1,998.7,551,3,998.6,1198,6,998.5,1711,9,998.4,977,7,999.1,536,4,999.2,1562,7,999.3,502,11,999.4,961,9,999.5,1131,19
317,2025-11-26 10:32:19+05:30,999.1,10,995.69,3475227,353957.0,436161.0,986.2,1001.8,981.3,986.2,120273000,1084.8,887.6,1102.5,649.1,999.0,127,1,998.7,551,3,998.6,1198,6,998.5,1711,9,998.4,977,7,999.1,199,1,999.2,1527,6,999.3,527,11,999.4,701,7,999.5,1389,20
317,2025-11-26 10:32:20+05:30,999.0,954,995.69,3475227,353957.0,436161.0,986.2,1001.8,981.3,986.2,120273000,1084.8,887.6,1102.5,649.1,999.0,127,1,998.7,551,3,998.6,1198,6,998.5,1711,9,998.4,977,7,999.1,199,1,999.2,1527,6,999.3,527,11,999.4,701,7,999.5,1389,20
317,2025-11-26 10:32:20+05:30,999.1,12,995.69,3476193,355610.0,435894.0,986.2,1001.8,981.3,986.2,120273000,1084.8,887.6,1102.5,649.1,999.0,2030,1,998.7,224,1,998.6,1198,6,998.5,1746,10,998.4,1018,8,999.1,188,2,999.2,1527,6,999.3,527,11,999.4,701,7,999.5,1044,17
317,2025-11-26 10:32:21+05:30,999.1,12,995.69,3476193,355610.0,435894.0,986.2,1001.8,981.3,986.2,120273000,1084.8,887.6,1102.5,649.1,999.0,2030,1,998.7,224,1,998.6,1198,6,998.5,1746,10,998.4,1018,8,999.1,188,2,999.2,1527,6,999.3,527,11,999.4,701,7,999.5,1044,17
317,2025-11-26 10:32:21+05:30,999.1,50,995.69,3476273,356465.0,435743.0,986.2,1001.8,981.3,986.2,120273000,1084.8,887.6,1102.5,649.1,999.0,2030,1,998.7,224,1,998.6,1879,7,998.5,1748,12,998.4,4105,10,999.1,108,2,999.2,1401,4,999.3,233,8,999.4,767,9,999.5,1294,18
317,2025-11-26 10:32:22+05:30,999.2,4,995.69,3476273,356465.0,435743.0,986.2,1001.8,981.3,986.2,120273000,1084.8,887.6,1102.5,649.1,999.0,2030,1,998.7,224,1,998.6,1879,7,998.5,1748,12,998.4,4105,10,999.1,108,2,999.2,1401,4,999.3,233,8,999.4,767,9,999.5,1294,18
317,2025-11-26 10:32:22+05:30,999.2,4,995.69,3477024,356308.0,434768.0,986.2,1001.8,981.3,986.2,120273000,1084.8,887.6,1102.5,649.1,999.0,1792,1,998.8,226,2,998.7,770,2,998.6,1435,7,998.5,1839,14,999.2,1394,3,999.3,184,7,999.4,543,8,999.5,1038,16,999.6,1127,11
317,2025-11-26 10:32:23+05:30,999.0,119,995.69,3477024,356308.0,434768.0,986.2,1001.8,981.3,986.2,120273000,1084.8,887.6,1102.5,649.1,999.0,1792,1,998.8,226,2,998.7,770,2,998.6,1435,7,998.5,1839,14,999.2,1394,3,999.3,184,7,999.4,543,8,999.5,1038,16,999.6,1127,11
317,2025-11-26 10:32:23+05:30,999.0,1,995.69,3477144,355927.0,435477.0,986.2,1001.8,981.3,986.2,120273000,1084.8,887.6,1102.5,649.1,999.0,1685,2,998.8,2,1,998.7,224,1,998.6,1435,7,998.5,1839,14,999.2,1454,5,999.3,404,10,999.4,744,9,999.5,1298,18,999.6,1824,15
317,2025-11-26 10:32:24+05:30,999.2,12,995.69,3477144,355927.0,435477.0,986.2,1001.8,981.3,986.2,120273000,1084.8,887.6,1102.5,649.1,999.0,1685,2,998.8,2,1,998.7,224,1,998.6,1435,7,998.5,1839,14,999.2,1454,5,999.3,404,10,999.4,744,9,999.5,1298,18,999.6,1824,15
317,2025-11-26 10:32:24+05:30,999.2,12,995.69,3477156,356215.0,434704.0,986.2,1001.8,981.3,986.2,120273000,1084.8,887.6,1102.5,649.1,999.0,1685,2,998.8,226,2,998.7,783,2,998.6,1435,7,998.5,1839,14,999.2,1393,4,999.3,371,9,999.4,766,8,999.5,1039,17,999.6,1156,12
317,2025-11-26 10:32:26+05:30,999.2,10,995.69,3477166,356115.0,434378.0,986.2,1001.8,981.3,986.2,120273000,1084.8,887.6,1102.5,649.1,999.0,1685,2,998.8,226,2,998.7,783,2,998.6,1435,7,998.5,1839,14,999.2,1383,4,999.3,292,8,999.4,542,7,999.5,1039,17,999.6,1143,11
317,2025-11-26 10:32:26+05:30,999.2,10,995.69,3477166,356115.0,434378.0,986.2,1001.8,981.3,986.2,120273000,1084.8,887.6,1102.5,649.1,999.0,1685,2,998.8,226,2,998.7,783,2,998.6,1435,7,998.5,1839,14,999.2,1383,4,999.3,292,8,999.4,542,7,999.5,1039,17,999.6,1143,11
317,2025-11-26 10:32:27+05:30,999.2,8,995.69,3477438,357029.0,433727.0,986.2,1001.8,981.3,986.2,120273000,1084.8,887.6,1102.5,649.1,999.0,1685,2,998.9,362,2,998.8,884,8,998.7,1062,4,998.6,1484,8,999.2,1111,4,999.3,26,4,999.4,250,2,999.5,930,17,999.6,1049,9
317,2025-11-26 10:32:27+05:30,999.2,8,995.69,3477438,357029.0,433727.0,986.2,1001.8,981.3,986.2,120273000,1084.8,887.6,1102.5,649.1,999.0,1685,2,998.9,362,2,998.8,884,8,998.7,1062,4,998.6,1484,8,999.2,1111,4,999.3,26,4,999.4,250,2,999.5,930,17,999.6,1049,9
317,2025-11-26 10:32:28+05:30,999.2,8,995.69,3477446,357029.0,433719.0,986.2,1001.8,981.3,986.2,120273000,1084.8,887.6,1102.5,649.1,999.0,1685,2,998.9,362,2,998.8,884,8,998.7,1062,4,998.6,1484,8,999.2,1103,4,999.3,26,4,999.4,250,2,999.5,930,17,999.6,1049,9
317,2025-11-26 10:32:28+05:30,999.2,1,995.69,3477446,357029.0,433719.0,986.2,1001.8,981.3,986.2,120273000,1084.8,887.6,1102.5,649.1,999.0,1685,2,998.9,362,2,998.8,884,8,998.7,1062,4,998.6,1484,8,999.2,1103,4,999.3,26,4,999.4,250,2,999.5,930,17,999.6,1049,9
317,2025-11-26 10:32:29+05:30,999.3,7,995.69,3478715,362761.0,429376.0,986.2,1001.8,981.3,986.2,120273000,1084.8,887.6,1102.5,649.1,999.2,642,3,999.1,382,4,999.0,2049,5,998.9,1277,5,998.8,1549,10,999.3,19,4,999.5,1,1,999.6,111,1,999.7,501,9,999.8,1099,9
317,2025-11-26 10:32:29+05:30,999.3,7,995.69,3478715,362761.0,429376.0,986.2,1001.8,981.3,986.2,120273000,1084.8,887.6,1102.5,649.1,999.2,642,3,999.1,382,4,999.0,2049,5,998.9,1277,5,998.8,1549,10,999.3,19,4,999.5,1,1,999.6,111,1,999.7,501,9,999.8,1099,9
317,2025-11-26 10:32:30+05:30,999.3,15,995.69,3480168,362511.0,428779.0,986.2,1001.8,981.3,986.2,120273000,1084.8,887.6,1102.5,649.1,999.1,564,2,999.0,1888,5,998.9,1233,5,998.8,1494,8,998.7,4638,12,999.4,525,1,999.5,50,2,999.6,74,1,999.7,625,8,999.8,1181,13
317,2025-11-26 10:32:30+05:30,999.3,15,995.69,3480168,362511.0,428779.0,986.2,1001.8,981.3,986.2,120273000,1084.8,887.6,1102.5,649.1,999.1,564,2,999.0,1888,5,998.9,1233,5,998.8,1494,8,998.7,4638,12,999.4,525,1,999.5,50,2,999.6,74,1,999.7,625,8,999.8,1181,13
317,2025-11-26 10:32:31+05:30,999.1,159,995.69,3480168,362511.0,428779.0,986.2,1001.8,981.3,986.2,120273000,1084.8,887.6,1102.5,649.1,999.1,564,2,999.0,1888,5,998.9,1233,5,998.8,1494,8,998.7,4638,12,999.4,525,1,999.5,50,2,999.6,74,1,999.7,625,8,999.8,1181,13
317,2025-11-26 10:32:31+05:30,999.1,159,995.69,3480427,364808.0,429508.0,986.2,1001.8,981.3,986.2,120273000,1084.8,887.6,1102.5,649.1,999.0,2258,6,998.9,1279,6,998.8,1494,8,998.7,4917,14,998.6,1389,12,999.4,512,1,999.5,50,2,999.6,325,5,999.7,1099,10,999.8,950,11
317,2025-11-26 10:32:32+05:30,999.4,259,995.69,3480427,364808.0,429508.0,986.2,1001.8,981.3,986.2,120273000,1084.8,887.6,1102.5,649.1,999.0,2258,6,998.9,1279,6,998.8,1494,8,998.7,4917,14,998.6,1389,12,999.4,512,1,999.5,50,2,999.6,325,5,999.7,1099,10,999.8,950,11
317,2025-11-26 10:32:32+05:30,999.4,259,995.69,3480687,362397.0,428302.0,986.2,1001.8,981.3,986.2,120273000,1084.8,887.6,1102.5,649.1,999.1,868,6,999.0,2120,9,998.9,1340,6,998.8,1543,9,998.7,3943,12,999.4,254,2,999.6,185,2,999.7,854,10,999.8,1197,12,999.9,3311,36
317,2025-11-26 10:32:33+05:30,999.4,11,995.69,3480687,362397.0,428302.0,986.2,1001.8,981.3,986.2,120273000,1084.8,887.6,1102.5,649.1,999.1,868,6,999.0,2120,9,998.9,1340,6,998.8,1543,9,998.7,3943,12,999.4,254,2,999.6,185,2,999.7,854,10,999.8,1197,12,999.9,3311,36
317,2025-11-26 10:32:33+05:30,999.4,11,995.69,3480698,362335.0,428593.0,986.2,1001.8,981.3,986.2,120273000,1084.8,887.6,1102.5,649.1,999.1,685,3,999.0,2041,9,998.9,1340,6,998.8,1543,9,998.7,3943,12,999.4,250,3,999.6,185,2,999.7,844,9,999.8,950,11,999.9,3539,35
317,2025-11-26 10:32:34+05:30,999.4,230,995.69,3480698,362335.0,428593.0,986.2,1001.8,981.3,986.2,120273000,1084.8,887.6,1102.5,649.1,999.1,685,3,999.0,2041,9,998.9,1340,6,998.8,1543,9,998.7,3943,12,999.4,250,3,999.6,185,2,999.7,844,9,999.8,950,11,999.9,3539,35
317,2025-11-26 10:32:34+05:30,999.4,9,995.7,3481056,362642.0,428899.0,986.2,1001.8,981.3,986.2,120273000,1084.8,887.6,1102.5,649.1,999.1,1103,7,999.0,2241,10,998.9,1340,6,998.8,1543,9,998.7,3943,12,999.4,11,3,999.7,572,7,999.8,1246,13,999.9,3282,33,1000.0,13126,59
317,2025-11-26 10:32:35+05:30,999.1,23,995.7,3481056,362642.0,428899.0,986.2,1001.8,981.3,986.2,120273000,1084.8,887.6,1102.5,649.1,999.1,1103,7,999.0,2241,10,998.9,1340,6,998.8,1543,9,998.7,3943,12,999.4,11,3,999.7,572,7,999.8,1246,13,999.9,3282,33,1000.0,13126,59
317,2025-11-26 10:32:35+05:30,999.1,23,995.7,3481079,362515.0,429300.0,986.2,1001.8,981.3,986.2,120273000,1084.8,887.6,1102.5,649.1,999.1,1001,6,999.0,2162,9,998.9,1340,6,998.8,1543,9,998.7,3943,12,999.4,11,3,999.5,2,1,999.7,572,7,999.8,998,13,999.9,3544,35
317,2025-11-26 10:32:36+05:30,999.4,4,995.7,3481079,362515.0,429300.0,986.2,1001.8,981.3,986.2,120273000,1084.8,887.6,1102.5,649.1,999.1,1001,6,999.0,2162,9,998.9,1340,6,998.8,1543,9,998.7,3943,12,999.4,11,3,999.5,2,1,999.7,572,7,999.8,998,13,999.9,3544,35
317,2025-11-26 10:32:36+05:30,999.4,4,995.7,3481087,362242.0,429299.0,986.2,1001.8,981.3,986.2,120273000,1084.8,887.6,1102.5,649.1,999.1,283,3,999.0,1995,8,998.9,1586,8,998.8,1543,9,998.7,3943,12,999.4,534,3,999.5,2,1,999.7,714,6,999.8,1580,12,999.9,2374,25
317,2025-11-26 10:32:37+05:30,999.3,750,995.7,3481087,362242.0,429299.0,986.2,1001.8,981.3,986.2,120273000,1084.8,887.6,1102.5,649.1,999.1,283,3,999.0,1995,8,998.9,1586,8,998.8,1543,9,998.7,3943,12,999.4,534,3,999.5,2,1,999.7,714,6,999.8,1580,12,999.9,2374,25
317,2025-11-26 10:32:37+05:30,999.3,750,995.7,3481837,363181.0,429623.0,986.2,1001.8,981.3,986.2,120273000,1084.8,887.6,1102.5,649.1,999.1,93,1,999.0,2246,9,998.9,1629,8,998.8,1693,10,998.7,4167,13,999.3,250,1,999.4,534,3,999.5,2,1,999.6,163,2,999.7,977,8
317,2025-11-26 10:32:38+05:30,999.0,150,995.7,3481837,363181.0,429623.0,986.2,1001.8,981.3,986.2,120273000,1084.8,887.6,1102.5,649.1,999.1,93,1,999.0,2246,9,998.9,1629,8,998.8,1693,10,998.7,4167,13,999.3,250,1,999.4,534,3,999.5,2,1,999.6,163,2,999.7,977,8
317,2025-11-26 10:32:38+05:30,999.0,150,995.7,3482087,362597.0,430128.0,986.2,1001.8,981.3,986.2,120273000,1084.8,887.6,1102.5,649.1,999.0,1775,6,998.9,1433,6,998.8,1635,11,998.7,4107,12,998.6,1468,13,999.3,343,2,999.4,534,3,999.5,262,5,999.6,638,9,999.7,1087,10
317,2025-11-26 10:32:39+05:30,999.0,150,995.7,3482087,362626.0,430161.0,986.2,1001.8,981.3,986.2,120273000,1084.8,887.6,1102.5,649.1,999.0,1775,6,998.9,1508,8,998.8,1589,10,998.7,4107,12,998.6,1468,13,999.3,343,2,999.4,534,3,999.5,216,4,999.6,684,10,999.7,1088,11
317,2025-11-26 10:32:40+05:30,999.3,10,995.7,3482087,362626.0,430161.0,986.2,1001.8,981.3,986.2,120273000,1084.8,887.6,1102.5,649.1,999.0,1775,6,998.9,1508,8,998.8,1589,10,998.7,4107,12,998.6,1468,13,999.3,343,2,999.4,534,3,999.5,216,4,999.6,684,10,999.7,1088,11
317,2025-11-26 10:32:40+05:30,999.3,10,995.7,3482105,364408.0,430495.0,986.2,1001.8,981.3,986.2,120273000,1084.8,887.6,1102.5,649.1,999.0,1637,5,998.9,1479,7,998.8,1545,10,998.7,4107,12,998.6,1468,13,999.1,96,1,999.3,325,2,999.4,25,1,999.5,114,2,999.6,591,6
317,2025-11-26 10:32:41+05:30,999.1,44,995.7,3482155,366243.0,430236.0,986.2,1001.8,981.3,986.2,120273000,1084.8,887.6,1102.5,649.1,999.0,1819,6,998.9,1479,7,998.8,1545,10,998.7,5638,15,998.6,1468,13,999.1,46,1,999.3,325,2,999.4,11,1,999.5,114,2,999.6,591,6
317,2025-11-26 10:32:42+05:30,999.1,42,995.7,3482155,366243.0,430236.0,986.2,1001.8,981.3,986.2,120273000,1084.8,887.6,1102.5,649.1,999.0,1819,6,998.9,1479,7,998.8,1545,10,998.7,5638,15,998.6,1468,13,999.1,46,1,999.3,325,2,999.4,11,1,999.5,114,2,999.6,591,6
317,2025-11-26 10:32:42+05:30,999.1,42,995.7,3482197,364216.0,430694.0,986.2,1001.8,981.3,986.2,120273000,1084.8,887.6,1102.5,649.1,999.0,1819,6,998.9,1479,7,998.8,1545,10,998.7,5638,15,998.6,1468,13,999.1,4,1,999.2,4,1,999.3,325,2,999.4,11,1,999.5,114,2
317,2025-11-26 10:32:43+05:30,999.1,5,995.7,3482197,364216.0,430694.0,986.2,1001.8,981.3,986.2,120273000,1084.8,887.6,1102.5,649.1,999.0,1819,6,998.9,1479,7,998.8,1545,10,998.7,5638,15,998.6,1468,13,999.1,4,1,999.2,4,1,999.3,325,2,999.4,11,1,999.5,114,2
317,2025-11-26 10:32:44+05:30,999.1,2,995.7,3482197,364216.0,430694.0,986.2,1001.8,981.3,986.2,120273000,1084.8,887.6,1102.5,649.1,999.0,1819,6,998.9,1479,7,998.8,1545,10,998.7,5638,15,998.6,1468,13,999.1,4,1,999.2,4,1,999.3,325,2,999.4,11,1,999.5,114,2
317,2025-11-26 10:32:44+05:30,999.1,2,995.7,3482210,364333.0,430720.0,986.2,1001.8,981.3,986.2,120273000,1084.8,887.6,1102.5,649.1,999.0,1693,6,998.9,1479,7,998.8,1545,10,998.7,5638,15,998.6,1468,13,999.1,89,1,999.2,4,1,999.3,325,2,999.4,11,1,999.5,114,2
317,2025-11-26 10:32:45+05:30,999.0,850,995.7,3482210,364333.0,430720.0,986.2,1001.8,981.3,986.2,120273000,1084.8,887.6,1102.5,649.1,999.0,1693,6,998.9,1479,7,998.8,1545,10,998.7,5638,15,998.6,1468,13,999.1,89,1,999.2,4,1,999.3,325,2,999.4,11,1,999.5,114,2
317,2025-11-26 10:32:46+05:30,999.0,850,995.7,3483060,361983.0,430619.0,986.2,1001.8,981.3,986.2,120273000,1084.8,887.6,1102.5,649.1,999.0,843,6,998.9,1479,7,998.8,1576,11,998.7,4857,13,998.6,1468,13,999.2,4,1,999.3,325,2,999.4,11,1,999.5,114,2,999.6,1144,9
317,2025-11-26 10:32:47+05:30,999.3,4,995.7,3483068,362144.0,430072.0,986.2,1001.8,981.3,986.2,120273000,1084.8,887.6,1102.5,649.1,999.0,843,6,998.9,1433,6,998.8,1635,11,998.7,4857,13,998.6,1468,13,999.3,321,2,999.4,11,1,999.5,2,1,999.6,1068,7,999.7,863,9
317,2025-11-26 10:32:47+05:30,999.0,119,995.7,3483068,362144.0,430072.0,986.2,1001.8,981.3,986.2,120273000,1084.8,887.6,1102.5,649.1,999.0,843,6,998.9,1433,6,998.8,1635,11,998.7,4857,13,998.6,1468,13,999.3,321,2,999.4,11,1,999.5,2,1,999.6,1068,7,999.7,863,9
317,2025-11-26 10:32:48+05:30,999.0,119,995.7,3483187,359968.0,430534.0,986.2,1001.8,981.3,986.2,120273000,1084.8,887.6,1102.5,649.1,999.0,372,3,998.9,1282,6,998.8,1545,10,998.7,4107,12,998.6,1692,14,999.3,321,2,999.4,11,1,999.5,12,2,999.6,1224,10,999.7,1110,10
317,2025-11-26 10:32:48+05:30,999.3,100,995.7,3483187,359968.0,430534.0,986.2,1001.8,981.3,986.2,120273000,1084.8,887.6,1102.5,649.1,999.0,372,3,998.9,1282,6,998.8,1545,10,998.7,4107,12,998.6,1692,14,999.3,321,2,999.4,11,1,999.5,12,2,999.6,1224,10,999.7,1110,10
317,2025-11-26 10:32:49+05:30,999.0,43,995.7,3483330,361931.0,430995.0,986.2,1001.8,981.3,986.2,120273000,1084.8,887.6,1102.5,649.1,999.0,761,6,998.9,1282,6,998.8,1545,10,998.7,4107,12,998.6,1468,13,999.1,50,1,999.3,221,2,999.4,11,1,999.5,342,5,999.6,761,11
317,2025-11-26 10:32:49+05:30,999.0,43,995.7,3483330,361931.0,430995.0,986.2,1001.8,981.3,986.2,120273000,1084.8,887.6,1102.5,649.1,999.0,761,6,998.9,1282,6,998.8,1545,10,998.7,4107,12,998.6,1468,13,999.1,50,1,999.3,221,2,999.4,11,1,999.5,342,5,999.6,761,11
317,2025-11-26 10:32:50+05:30,999.0,119,995.7,3484409,364288.0,430804.0,986.2,1001.8,981.3,986.2,120273000,1084.8,887.6,1102.5,649.1,999.0,1719,1,998.9,1203,5,998.8,1545,10,998.7,5607,14,998.6,1468,13,999.1,43,1,999.3,221,2,999.4,11,1,999.5,354,4,999.6,730,8
317,2025-11-26 10:32:50+05:30,999.0,119,995.7,3484409,364288.0,430804.0,986.2,1001.8,981.3,986.2,120273000,1084.8,887.6,1102.5,649.1,999.0,1719,1,998.9,1203,5,998.8,1545,10,998.7,5607,14,998.6,1468,13,999.1,43,1,999.3,221,2,999.4,11,1,999.5,354,4,999.6,730,8
317,2025-11-26 10:32:51+05:30,999.1,3,995.7,3484412,364540.0,430749.0,986.2,1001.8,981.3,986.2,120273000,1084.8,887.6,1102.5,649.1,999.0,1719,1,998.9,1203,5,998.8,1545,10,998.7,5635,15,998.6,1692,14,999.1,40,1,999.3,221,2,999.4,11,1,999.5,354,4,999.6,756,10
317,2025-11-26 10:32:51+05:30,999.1,3,995.7,3484412,364540.0,430749.0,986.2,1001.8,981.3,986.2,120273000,1084.8,887.6,1102.5,649.1,999.0,1719,1,998.9,1203,5,998.8,1545,10,998.7,5635,15,998.6,1692,14,999.1,40,1,999.3,221,2,999.4,11,1,999.5,354,4,999.6,756,10
317,2025-11-26 10:32:52+05:30,999.4,208,995.7,3485321,362876.0,428114.0,986.2,1001.8,981.3,986.2,120273000,1084.8,887.6,1102.5,649.1,999.1,1064,5,999.0,2476,10,998.9,1296,6,998.8,1173,8,998.7,5618,14,999.4,1,1,999.5,2,1,999.6,280,4,999.7,682,7,999.8,866,10
317,2025-11-26 10:32:52+05:30,999.4,208,995.7,3485321,362876.0,428114.0,986.2,1001.8,981.3,986.2,120273000,1084.8,887.6,1102.5,649.1,999.1,1064,5,999.0,2476,10,998.9,1296,6,998.8,1173,8,998.7,5618,14,999.4,1,1,999.5,2,1,999.6,280,4,999.7,682,7,999.8,866,10
317,2025-11-26 10:32:53+05:30,999.0,238,995.7,3485559,359954.0,430693.0,986.2,1001.8,981.3,986.2,120273000,1084.8,887.6,1102.5,649.1,999.0,2274,6,998.9,1331,7,998.8,1435,11,998.7,4167,13,998.6,1436,11,999.4,1302,3,999.5,2,1,999.6,781,10,999.7,1040,9,999.8,997,15
317,2025-11-26 10:32:53+05:30,999.0,238,995.7,3485559,359954.0,430693.0,986.2,1001.8,981.3,986.2,120273000,1084.8,887.6,1102.5,649.1,999.0,2274,6,998.9,1331,7,998.8,1435,11,998.7,4167,13,998.6,1436,11,999.4,1302,3,999.5,2,1,999.6,781,10,999.7,1040,9,999.8,997,15
317,2025-11-26 10:32:54+05:30,999.4,1,995.7,3485559,359954.0,430693.0,986.2,1001.8,981.3,986.2,120273000,1084.8,887.6,1102.5,649.1,999.0,2274,6,998.9,1331,7,998.8,1435,11,998.7,4167,13,998.6,1436,11,999.4,1302,3,999.5,2,1,999.6,781,10,999.7,1040,9,999.8,997,15
317,2025-11-26 10:32:54+05:30,999.4,1,995.72,3505618,364012.0,411010.0,986.2,1001.8,981.3,986.2,120273000,1084.8,887.6,1102.5,649.1,999.4,208,3,999.3,1481,10,999.2,820,12,999.1,1663,11,999.0,3469,15,999.8,87,1,999.9,122,1,1000.0,500,6,1000.1,1113,8,1000.2,1113,10
317,2025-11-26 10:32:55+05:30,999.3,1,995.72,3505618,364012.0,411010.0,986.2,1001.8,981.3,986.2,120273000,1084.8,887.6,1102.5,649.1,999.4,208,3,999.3,1481,10,999.2,820,12,999.1,1663,11,999.0,3469,15,999.8,87,1,999.9,122,1,1000.0,500,6,1000.1,1113,8,1000.2,1113,10
317,2025-11-26 10:32:55+05:30,999.3,1,995.73,3511701,356458.0,417642.0,986.2,1001.8,981.3,986.2,120273000,1084.8,887.6,1102.5,649.1,999.2,692,7,999.1,1467,7,999.0,2469,12,998.9,3764,11,998.8,1821,9,999.6,87,1,999.7,775,1,999.8,592,7,999.9,1007,9,1000.0,1902,17
317,2025-11-26 10:32:56+05:30,999.6,207,995.73,3511701,356458.0,417642.0,986.2,1001.8,981.3,986.2,120273000,1084.8,887.6,1102.5,649.1,999.2,692,7,999.1,1467,7,999.0,2469,12,998.9,3764,11,998.8,1821,9,999.6,87,1,999.7,775,1,999.8,592,7,999.9,1007,9,1000.0,1902,17
317,2025-11-26 10:32:56+05:30,999.6,207,995.73,3513066,356374.0,417671.0,986.2,1001.8,981.3,986.2,120273000,1084.8,887.6,1102.5,649.1,999.2,406,5,999.1,1076,7,999.0,2367,15,998.9,3997,14,998.8,1597,8,999.6,657,1,999.7,235,1,999.8,590,7,999.9,936,9,1000.0,1581,16
317,2025-11-26 10:32:57+05:30,999.2,55,995.73,3513066,356374.0,417671.0,986.2,1001.8,981.3,986.2,120273000,1084.8,887.6,1102.5,649.1,999.2,406,5,999.1,1076,7,999.0,2367,15,998.9,3997,14,998.8,1597,8,999.6,657,1,999.7,235,1,999.8,590,7,999.9,936,9,1000.0,1581,16
317,2025-11-26 10:32:57+05:30,999.2,55,995.73,3513366,358166.0,417894.0,986.2,1001.8,981.3,986.2,120273000,1084.8,887.6,1102.5,649.1,999.2,700,9,999.1,1628,10,999.0,2465,15,998.9,3997,14,998.8,2423,10,999.6,595,1,999.7,235,1,999.8,548,6,999.9,976,10,1000.0,1586,17
317,2025-11-26 10:32:58+05:30,999.7,470,995.73,3513366,358166.0,417894.0,986.2,1001.8,981.3,986.2,120273000,1084.8,887.6,1102.5,649.1,999.2,700,9,999.1,1628,10,999.0,2465,15,998.9,3997,14,998.8,2423,10,999.6,595,1,999.7,235,1,999.8,548,6,999.9,976,10,1000.0,1586,17
317,2025-11-26 10:32:58+05:30,999.7,119,995.73,3516414,359652.0,413236.0,986.2,1001.8,981.3,986.2,120273000,1084.8,887.6,1102.5,649.1,999.7,161,1,999.6,21,1,999.5,2,1,999.4,187,2,999.3,946,6,999.8,2,1,999.9,123,2,1000.0,553,7,1000.1,1330,12,1000.2,1293,11
317,2025-11-26 10:32:59+05:30,999.3,59,995.73,3516414,359652.0,413236.0,986.2,1001.8,981.3,986.2,120273000,1084.8,887.6,1102.5,649.1,999.7,161,1,999.6,21,1,999.5,2,1,999.4,187,2,999.3,946,6,999.8,2,1,999.9,123,2,1000.0,553,7,1000.1,1330,12,1000.2,1293,11
317,2025-11-26 10:32:59+05:30,999.3,59,995.74,3517009,358200.0,414172.0,986.2,1001.8,981.3,986.2,120273000,1084.8,887.6,1102.5,649.1,999.5,158,1,999.4,451,5,999.3,600,6,999.2,1046,8,999.1,1775,11,999.8,2,1,999.9,441,2,1000.0,736,8,1000.1,831,15,1000.2,1836,15
317,2025-11-26 10:33:00+05:30,999.6,122,995.74,3517009,358200.0,414172.0,986.2,1001.8,981.3,986.2,120273000,1084.8,887.6,1102.5,649.1,999.5,158,1,999.4,451,5,999.3,600,6,999.2,1046,8,999.1,1775,11,999.8,2,1,999.9,441,2,1000.0,736,8,1000.1,831,15,1000.2,1836,15
317,2025-11-26 10:33:00+05:30,999.9,62,995.74,3518044,361182.0,412295.0,986.2,1001.8,981.3,986.2,120273000,1084.8,887.6,1102.5,649.1,999.8,18,1,999.6,83,1,999.5,603,6,999.4,770,8,999.3,1016,7,999.9,257,1,1000.0,589,5,1000.1,617,11,1000.2,731,7,1000.3,1761,15
317,2025-11-26 10:33:01+05:30,999.5,54,995.74,3518044,361182.0,412295.0,986.2,1001.8,981.3,986.2,120273000,1084.8,887.6,1102.5,649.1,999.8,18,1,999.6,83,1,999.5,603,6,999.4,770,8,999.3,1016,7,999.9,257,1,1000.0,589,5,1000.1,617,11,1000.2,731,7,1000.3,1761,15
317,2025-11-26 10:33:01+05:30,999.5,54,995.74,3518290,359348.0,413325.0,986.2,1001.8,981.3,986.2,120273000,1084.8,887.6,1102.5,649.1,999.5,36,1,999.4,454,5,999.3,1187,7,999.2,1918,16,999.1,4188,18,999.9,433,4,1000.0,888,9,1000.1,1201,18,1000.2,877,11,1000.3,2171,19
317,2025-11-26 10:33:02+05:30,1000.0,16,995.74,3518290,359348.0,413325.0,986.2,1001.8,981.3,986.2,120273000,1084.8,887.6,1102.5,649.1,999.5,36,1,999.4,454,5,999.3,1187,7,999.2,1918,16,999.1,4188,18,999.9,433,4,1000.0,888,9,1000.1,1201,18,1000.2,877,11,1000.3,2171,19
317,2025-11-26 10:33:02+05:30,1000.0,16,995.74,3519333,361764.0,407422.0,986.2,1001.8,981.3,986.2,120273000,1084.8,887.6,1102.5,649.1,1000.0,384,1,999.8,81,2,999.7,134,3,999.6,1672,16,999.5,1665,14,1000.1,1,1,1000.3,324,3,1000.4,511,6,1000.5,674,8,1000.6,1105,15
317,2025-11-26 10:33:03+05:30,1000.0,13,995.74,3519333,361764.0,407422.0,986.2,1001.8,981.3,986.2,120273000,1084.8,887.6,1102.5,649.1,1000.0,384,1,999.8,81,2,999.7,134,3,999.6,1672,16,999.5,1665,14,1000.1,1,1,1000.3,324,3,1000.4,511,6,1000.5,674,8,1000.6,1105,15
317,2025-11-26 10:33:03+05:30,1000.0,13,995.74,3519933,360058.0,409294.0,986.2,1001.8,981.3,986.2,120273000,1084.8,887.6,1102.5,649.1,999.8,346,2,999.7,747,4,999.6,1395,13,999.5,1523,14,999.4,3912,11,1000.3,375,4,1000.4,761,10,1000.5,998,10,1000.6,1266,14,1000.7,1925,16
317,2025-11-26 10:33:04+05:30,1000.0,13,995.74,3519933,359596.0,409302.0,986.2,1001.8,981.3,986.2,120273000,1084.8,887.6,1102.5,649.1,999.8,105,3,999.7,1006,5,999.6,1352,12,999.5,1523,14,999.4,3912,11,1000.3,87,1,1000.4,719,12,1000.5,1591,12,1000.6,1276,15,1000.7,2072,19
317,2025-11-26 10:33:05+05:30,1000.3,82,995.74,3519933,359596.0,409302.0,986.2,1001.8,981.3,986.2,120273000,1084.8,887.6,1102.5,649.1,999.8,105,3,999.7,1006,5,999.6,1352,12,999.5,1523,14,999.4,3912,11,1000.3,87,1,1000.4,719,12,1000.5,1591,12,1000.6,1276,15,1000.7,2072,19
317,2025-11-26 10:33:05+05:30,1000.3,82,995.74,3520015,358610.0,409632.0,986.2,1001.8,981.3,986.2,120273000,1084.8,887.6,1102.5,649.1,999.9,832,2,999.8,152,2,999.7,635,4,999.6,1118,6,999.5,1497,12,1000.3,72,3,1000.4,557,10,1000.5,1003,10,1000.6,1015,12,1000.7,1426,18
317,2025-11-26 10:33:06+05:30,1000.3,41,995.74,3520015,358610.0,409632.0,986.2,1001.8,981.3,986.2,120273000,1084.8,887.6,1102.5,649.1,999.9,832,2,999.8,152,2,999.7,635,4,999.6,1118,6,999.5,1497,12,1000.3,72,3,1000.4,557,10,1000.5,1003,10,1000.6,1015,12,1000.7,1426,18
317,2025-11-26 10:33:06+05:30,999.9,37,995.74,3520175,358590.0,410511.0,986.2,1001.8,981.3,986.2,120273000,1084.8,887.6,1102.5,649.1,999.9,713,1,999.8,24,1,999.7,490,3,999.6,1181,10,999.5,1526,14,1000.2,43,1,1000.3,206,4,1000.4,1043,13,1000.5,1075,12,1000.6,1182,11
317,2025-11-26 10:33:07+05:30,1000.3,15,995.74,3520175,358590.0,410511.0,986.2,1001.8,981.3,986.2,120273000,1084.8,887.6,1102.5,649.1,999.9,713,1,999.8,24,1,999.7,490,3,999.6,1181,10,999.5,1526,14,1000.2,43,1,1000.3,206,4,1000.4,1043,13,1000.5,1075,12,1000.6,1182,11
317,2025-11-26 10:33:07+05:30,1000.3,2,995.74,3520504,358721.0,408434.0,986.2,1001.8,981.3,986.2,120273000,1084.8,887.6,1102.5,649.1,999.9,713,1,999.8,295,5,999.7,688,6,999.6,1307,11,999.5,1756,14,1000.3,87,1,1000.4,324,6,1000.5,694,9,1000.6,1288,9,1000.7,981,14
317,2025-11-26 10:33:08+05:30,1000.3,2,995.74,3520504,358721.0,408434.0,986.2,1001.8,981.3,986.2,120273000,1084.8,887.6,1102.5,649.1,999.9,713,1,999.8,295,5,999.7,688,6,999.6,1307,11,999.5,1756,14,1000.3,87,1,1000.4,324,6,1000.5,694,9,1000.6,1288,9,1000.7,981,14
317,2025-11-26 10:33:09+05:30,1000.3,2,995.74,3520504,358745.0,408389.0,986.2,1001.8,981.3,986.2,120273000,1084.8,887.6,1102.5,649.1,999.9,737,2,999.8,252,4,999.7,731,7,999.6,1307,11,999.5,1756,14,1000.3,87,1,1000.4,324,6,1000.5,694,9,1000.6,1288,9,1000.7,981,14
317,2025-11-26 10:33:09+05:30,1000.3,138,995.74,3520504,358745.0,408389.0,986.2,1001.8,981.3,986.2,120273000,1084.8,887.6,1102.5,649.1,999.9,737,2,999.8,252,4,999.7,731,7,999.6,1307,11,999.5,1756,14,1000.3,87,1,1000.4,324,6,1000.5,694,9,1000.6,1288,9,1000.7,981,14
317,2025-11-26 10:33:10+05:30,1000.3,76,995.74,3520844,361101.0,407846.0,986.2,1001.8,981.3,986.2,120273000,1084.8,887.6,1102.5,649.1,1000.0,53,2,999.9,669,5,999.8,773,8,999.7,1183,10,999.6,2640,16,1000.3,20,1,1000.4,129,2,1000.5,112,4,1000.6,681,8,1000.7,1331,10
317,2025-11-26 10:33:10+05:30,1000.3,76,995.74,3520844,361101.0,407846.0,986.2,1001.8,981.3,986.2,120273000,1084.8,887.6,1102.5,649.1,1000.0,53,2,999.9,669,5,999.8,773,8,999.7,1183,10,999.6,2640,16,1000.3,20,1,1000.4,129,2,1000.5,112,4,1000.6,681,8,1000.7,1331,10
317,2025-11-26 10:33:11+05:30,1000.3,76,995.74,3520844,360795.0,408445.0,986.2,1001.8,981.3,986.2,120273000,1084.8,887.6,1102.5,649.1,1000.0,53,2,999.9,669,5,999.8,773,8,999.7,1183,10,999.6,2390,15,1000.3,20,1,1000.4,129,2,1000.5,469,7,1000.6,1183,10,1000.7,1080,10
317,2025-11-26 10:33:11+05:30,1000.3,32,995.74,3520844,360795.0,408445.0,986.2,1001.8,981.3,986.2,120273000,1084.8,887.6,1102.5,649.1,1000.0,53,2,999.9,669,5,999.8,773,8,999.7,1183,10,999.6,2390,15,1000.3,20,1,1000.4,129,2,1000.5,469,7,1000.6,1183,10,1000.7,1080,10
317,2025-11-26 10:33:11+05:30,1000.3,5,995.74,3520881,360985.0,408537.0,986.2,1001.8,981.3,986.2,120273000,1084.8,887.6,1102.5,649.1,1000.0,98,3,999.9,946,8,999.8,945,9,999.7,1206,12,999.6,2608,14,1000.3,91,1,1000.4,129,2,1000.5,650,7,1000.6,1187,9,1000.7,786,8
317,2025-11-26 10:33:12+05:30,1000.0,40,995.74,3520881,360985.0,408537.0,986.2,1001.8,981.3,986.2,120273000,1084.8,887.6,1102.5,649.1,1000.0,98,3,999.9,946,8,999.8,945,9,999.7,1206,12,999.6,2608,14,1000.3,91,1,1000.4,129,2,1000.5,650,7,1000.6,1187,9,1000.7,786,8
317,2025-11-26 10:33:13+05:30,1000.0,3,995.74,3521154,359288.0,404876.0,986.2,1001.8,981.3,986.2,120273000,1084.8,887.6,1102.5,649.1,999.9,87,1,999.8,627,6,999.7,1561,11,999.6,1905,14,999.5,2391,11,1000.3,96,1,1000.4,170,3,1000.5,453,6,1000.6,390,6,1000.7,933,5
317,2025-11-26 10:33:13+05:30,1000.0,3,995.74,3521154,359288.0,404876.0,986.2,1001.8,981.3,986.2,120273000,1084.8,887.6,1102.5,649.1,999.9,87,1,999.8,627,6,999.7,1561,11,999.6,1905,14,999.5,2391,11,1000.3,96,1,1000.4,170,3,1000.5,453,6,1000.6,390,6,1000.7,933,5
317,2025-11-26 10:33:14+05:30,1000.3,306,995.74,3521460,359172.0,405157.0,986.2,1001.8,981.3,986.2,120273000,1084.8,887.6,1102.5,649.1,1000.0,342,2,999.9,284,4,999.8,686,5,999.7,1323,11,999.6,1675,13,1000.3,96,1,1000.4,170,3,1000.5,223,5,1000.6,208,5,1000.7,983,7
317,2025-11-26 10:33:14+05:30,1000.3,3,995.74,3521460,359172.0,405157.0,986.2,1001.8,981.3,986.2,120273000,1084.8,887.6,1102.5,649.1,1000.0,342,2,999.9,284,4,999.8,686,5,999.7,1323,11,999.6,1675,13,1000.3,96,1,1000.4,170,3,1000.5,223,5,1000.6,208,5,1000.7,983,7
317,2025-11-26 10:33:15+05:30,1000.0,99,995.74,3521899,358533.0,406966.0,986.2,1001.8,981.3,986.2,120273000,1084.8,887.6,1102.5,649.1,999.8,223,2,999.7,1447,12,999.6,1586,12,999.5,2391,11,999.4,3201,11,1000.2,372,1,1000.3,330,4,1000.4,744,9,1000.5,809,12,1000.6,1369,11
317,2025-11-26 10:33:15+05:30,1000.0,99,995.74,3521899,358533.0,406966.0,986.2,1001.8,981.3,986.2,120273000,1084.8,887.6,1102.5,649.1,999.8,223,2,999.7,1447,12,999.6,1586,12,999.5,2391,11,999.4,3201,11,1000.2,372,1,1000.3,330,4,1000.4,744,9,1000.5,809,12,1000.6,1369,11
317,2025-11-26 10:33:16+05:30,1000.2,114,995.74,3522018,359835.0,407375.0,986.2,1001.8,981.3,986.2,120273000,1084.8,887.6,1102.5,649.1,999.8,624,5,999.7,2016,15,999.6,1794,14,999.5,2641,12,999.4,2951,10,1000.2,253,1,1000.3,126,2,1000.4,528,6,1000.5,1328,12,1000.6,1152,10
317,2025-11-26 10:33:16+05:30,1000.2,114,995.74,3522018,359835.0,407375.0,986.2,1001.8,981.3,986.2,120273000,1084.8,887.6,1102.5,649.1,999.8,624,5,999.7,2016,15,999.6,1794,14,999.5,2641,12,999.4,2951,10,1000.2,253,1,1000.3,126,2,1000.4,528,6,1000.5,1328,12,1000.6,1152,10
317,2025-11-26 10:33:17+05:30,1000.2,114,995.74,3522018,361388.0,407529.0,986.2,1001.8,981.3,986.2,120273000,1084.8,887.6,1102.5,649.1,999.8,1432,10,999.7,1563,15,999.6,3231,14,999.5,1928,11,999.4,2201,9,1000.2,253,1,1000.3,126,2,1000.4,528,6,1000.5,747,11,1000.6,1216,13
317,2025-11-26 10:33:18+05:30,1000.2,486,995.74,3522018,361388.0,407529.0,986.2,1001.8,981.3,986.2,120273000,1084.8,887.6,1102.5,649.1,999.8,1432,10,999.7,1563,15,999.6,3231,14,999.5,1928,11,999.4,2201,9,1000.2,253,1,1000.3,126,2,1000.4,528,6,1000.5,747,11,1000.6,1216,13
317,2025-11-26 10:33:18+05:30,1000.2,486,995.74,3522504,360913.0,407186.0,986.2,1001.8,981.3,986.2,120273000,1084.8,887.6,1102.5,649.1,999.9,344,4,999.8,1366,9,999.7,1595,9,999.6,2434,13,999.5,1961,13,1000.2,138,1,1000.3,39,1,1000.4,112,3,1000.5,1253,12,1000.6,1231,14
317,2025-11-26 10:33:19+05:30,999.9,33,995.74,3522504,360913.0,407186.0,986.2,1001.8,981.3,986.2,120273000,1084.8,887.6,1102.5,649.1,999.9,344,4,999.8,1366,9,999.7,1595,9,999.6,2434,13,999.5,1961,13,1000.2,138,1,1000.3,39,1,1000.4,112,3,1000.5,1253,12,1000.6,1231,14
317,2025-11-26 10:33:19+05:30,999.9,33,995.74,3522646,360343.0,407257.0,986.2,1001.8,981.3,986.2,120273000,1084.8,887.6,1102.5,649.1,999.9,137,2,999.8,1089,5,999.7,1541,11,999.6,2684,14,999.5,1941,13,1000.2,134,2,1000.3,39,1,1000.4,356,6,1000.5,1253,13,1000.6,1236,15
317,2025-11-26 10:33:20+05:30,1000.0,186,995.74,3522646,360343.0,407257.0,986.2,1001.8,981.3,986.2,120273000,1084.8,887.6,1102.5,649.1,999.9,137,2,999.8,1089,5,999.7,1541,11,999.6,2684,14,999.5,1941,13,1000.2,134,2,1000.3,39,1,1000.4,356,6,1000.5,1253,13,1000.6,1236,15
317,2025-11-26 10:33:20+05:30,1000.0,186,995.74,3523600,361174.0,407277.0,986.2,1001.8,981.3,986.2,120273000,1084.8,887.6,1102.5,649.1,999.8,1066,9,999.7,2058,11,999.6,4066,19,999.5,2246,14,999.4,732,8,1000.2,134,2,1000.3,39,1,1000.4,223,4,1000.5,1124,10,1000.6,696,11
317,2025-11-26 10:33:21+05:30,999.9,169,995.74,3523600,361174.0,407277.0,986.2,1001.8,981.3,986.2,120273000,1084.8,887.6,1102.5,649.1,999.8,1066,9,999.7,2058,11,999.6,4066,19,999.5,2246,14,999.4,732,8,1000.2,134,2,1000.3,39,1,1000.4,223,4,1000.5,1124,10,1000.6,696,11
317,2025-11-26 10:33:21+05:30,999.9,169,995.75,3525594,359933.0,404766.0,986.2,1001.8,981.3,986.2,120273000,1084.8,887.6,1102.5,649.1,999.9,441,6,999.8,1719,11,999.7,1854,12,999.6,4369,21,999.5,1799,12,1000.4,212,5,1000.5,113,5,1000.6,530,7,1000.7,1313,10,1000.8,1330,13
317,2025-11-26 10:33:22+05:30,1000.3,634,995.75,3525594,359933.0,404766.0,986.2,1001.8,981.3,986.2,120273000,1084.8,887.6,1102.5,649.1,999.9,441,6,999.8,1719,11,999.7,1854,12,999.6,4369,21,999.5,1799,12,1000.4,212,5,1000.5,113,5,1000.6,530,7,1000.7,1313,10,1000.8,1330,13
317,2025-11-26 10:33:22+05:30,1000.3,634,995.75,3527056,358952.0,405590.0,986.2,1001.8,981.3,986.2,120273000,1084.8,887.6,1102.5,649.1,999.9,162,4,999.8,1533,9,999.7,1790,11,999.6,4242,19,999.5,1799,12,1000.3,87,1,1000.4,142,3,1000.5,633,12,1000.6,1092,11,1000.7,796,11
317,2025-11-26 10:33:23+05:30,999.8,37,995.75,3527056,358952.0,405590.0,986.2,1001.8,981.3,986.2,120273000,1084.8,887.6,1102.5,649.1,999.9,162,4,999.8,1533,9,999.7,1790,11,999.6,4242,19,999.5,1799,12,1000.3,87,1,1000.4,142,3,1000.5,633,12,1000.6,1092,11,1000.7,796,11
317,2025-11-26 10:33:23+05:30,1000.3,4,995.75,3527552,357639.0,407409.0,986.2,1001.8,981.3,986.2,120273000,1084.8,887.6,1102.5,649.1,999.8,1082,6,999.7,1329,7,999.6,3748,16,999.5,2193,13,999.4,962,9,1000.3,83,1,1000.4,703,10,1000.5,826,13,1000.6,1092,11,1000.7,1147,14
317,2025-11-26 10:33:24+05:30,1000.3,4,995.75,3527552,357639.0,407409.0,986.2,1001.8,981.3,986.2,120273000,1084.8,887.6,1102.5,649.1,999.8,1082,6,999.7,1329,7,999.6,3748,16,999.5,2193,13,999.4,962,9,1000.3,83,1,1000.4,703,10,1000.5,826,13,1000.6,1092,11,1000.7,1147,14
317,2025-11-26 10:33:24+05:30,1000.3,4,995.75,3527552,356700.0,410245.0,986.2,1001.8,981.3,986.2,120273000,1084.8,887.6,1102.5,649.1,999.8,24,1,999.7,475,2,999.6,1162,5,999.5,2600,14,999.4,3192,13,1000.2,930,7,1000.3,450,7,1000.4,1104,14,1000.5,973,14,1000.6,2140,18
317,2025-11-26 10:33:25+05:30,1000.2,58,995.75,3527552,356700.0,410245.0,986.2,1001.8,981.3,986.2,120273000,1084.8,887.6,1102.5,649.1,999.8,24,1,999.7,475,2,999.6,1162,5,999.5,2600,14,999.4,3192,13,1000.2,930,7,1000.3,450,7,1000.4,1104,14,1000.5,973,14,1000.6,2140,18
317,2025-11-26 10:33:25+05:30,1000.2,58,995.75,3527692,356992.0,410668.0,986.2,1001.8,981.3,986.2,120273000,1084.8,887.6,1102.5,649.1,999.8,24,1,999.7,705,3,999.6,1220,6,999.5,2613,15,999.4,3241,14,1000.2,966,7,1000.3,691,9,1000.4,829,12,1000.5,973,14,1000.6,2140,18
317,2025-11-26 10:33:26+05:30,1000.2,90,995.75,3527692,356992.0,410668.0,986.2,1001.8,981.3,986.2,120273000,1084.8,887.6,1102.5,649.1,999.8,24,1,999.7,705,3,999.6,1220,6,999.5,2613,15,999.4,3241,14,1000.2,966,7,1000.3,691,9,1000.4,829,12,1000.5,973,14,1000.6,2140,18
317,2025-11-26 10:33:27+05:30,1000.2,8,995.75,3528078,362011.0,410145.0,986.2,1001.8,981.3,986.2,120273000,1084.8,887.6,1102.5,649.1,999.8,976,3,999.7,746,4,999.6,1220,6,999.5,2912,17,999.4,3200,13,1000.2,404,1,1000.3,535,6,1000.4,811,13,1000.5,973,14,1000.6,1327,15
317,2025-11-26 10:33:27+05:30,1000.2,8,995.75,3528078,362011.0,410145.0,986.2,1001.8,981.3,986.2,120273000,1084.8,887.6,1102.5,649.1,999.8,976,3,999.7,746,4,999.6,1220,6,999.5,2912,17,999.4,3200,13,1000.2,404,1,1000.3,535,6,1000.4,811,13,1000.5,973,14,1000.6,1327,15
317,2025-11-26 10:33:28+05:30,1000.2,92,995.75,3528243,362433.0,409312.0,986.2,1001.8,981.3,986.2,120273000,1084.8,887.6,1102.5,649.1,999.8,797,3,999.7,784,4,999.6,1471,8,999.5,2162,16,999.4,3200,13,1000.2,294,1,1000.3,368,5,1000.4,1102,10,1000.5,790,12,1000.6,1291,12
317,2025-11-26 10:33:28+05:30,999.8,121,995.75,3528243,362433.0,409312.0,986.2,1001.8,981.3,986.2,120273000,1084.8,887.6,1102.5,649.1,999.8,797,3,999.7,784,4,999.6,1471,8,999.5,2162,16,999.4,3200,13,1000.2,294,1,1000.3,368,5,1000.4,1102,10,1000.5,790,12,1000.6,1291,12
317,2025-11-26 10:33:29+05:30,999.8,121,995.75,3528364,361666.0,409608.0,986.2,1001.8,981.3,986.2,120273000,1084.8,887.6,1102.5,649.1,999.8,653,2,999.7,664,2,999.6,1182,6,999.5,1912,15,999.4,3450,14,1000.2,294,1,1000.3,562,8,1000.4,675,12,1000.5,934,14,1000.6,1571,15
317,2025-11-26 10:33:30+05:30,1000.2,88,995.75,3528364,361666.0,409608.0,986.2,1001.8,981.3,986.2,120273000,1084.8,887.6,1102.5,649.1,999.8,653,2,999.7,664,2,999.6,1182,6,999.5,1912,15,999.4,3450,14,1000.2,294,1,1000.3,562,8,1000.4,675,12,1000.5,934,14,1000.6,1571,15
317,2025-11-26 10:33:30+05:30,1000.2,88,995.75,3529406,356404.0,409857.0,986.2,1001.8,981.3,986.2,120273000,1084.8,887.6,1102.5,649.1,999.8,655,4,999.7,664,2,999.6,1215,6,999.5,1737,14,999.4,3450,14,1000.2,205,1,1000.3,527,9,1000.4,1240,12,1000.5,592,11,1000.6,1393,12
317,2025-11-26 10:33:31+05:30,999.7,196,995.75,3529406,356404.0,409857.0,986.2,1001.8,981.3,986.2,120273000,1084.8,887.6,1102.5,649.1,999.8,655,4,999.7,664,2,999.6,1215,6,999.5,1737,14,999.4,3450,14,1000.2,205,1,1000.3,527,9,1000.4,1240,12,1000.5,592,11,1000.6,1393,12
317,2025-11-26 10:33:31+05:30,999.7,196,995.75,3530329,355792.0,411052.0,986.2,1001.8,981.3,986.2,120273000,1084.8,887.6,1102.5,649.1,999.6,574,3,999.5,1949,9,999.4,3750,13,999.3,2066,14,999.2,1898,16,1000.1,83,2,1000.2,835,11,1000.3,1015,12,1000.4,1361,16,1000.5,1112,15
317,2025-11-26 10:33:32+05:30,999.6,207,995.75,3530329,355792.0,411052.0,986.2,1001.8,981.3,986.2,120273000,1084.8,887.6,1102.5,649.1,999.6,574,3,999.5,1949,9,999.4,3750,13,999.3,2066,14,999.2,1898,16,1000.1,83,2,1000.2,835,11,1000.3,1015,12,1000.4,1361,16,1000.5,1112,15
317,2025-11-26 10:33:32+05:30,999.6,207,995.75,3531168,355940.0,411312.0,986.2,1001.8,981.3,986.2,120273000,1084.8,887.6,1102.5,649.1,999.6,459,3,999.5,1719,8,999.4,3671,12,999.3,2115,16,999.2,1898,16,1000.1,84,2,1000.2,678,11,1000.3,1005,11,1000.4,1227,15,1000.5,1112,15
317,2025-11-26 10:33:33+05:30,1000.1,67,995.75,3531168,355940.0,411312.0,986.2,1001.8,981.3,986.2,120273000,1084.8,887.6,1102.5,649.1,999.6,459,3,999.5,1719,8,999.4,3671,12,999.3,2115,16,999.2,1898,16,1000.1,84,2,1000.2,678,11,1000.3,1005,11,1000.4,1227,15,1000.5,1112,15
317,2025-11-26 10:33:33+05:30,1000.1,67,995.75,3531953,355569.0,410285.0,986.2,1001.8,981.3,986.2,120273000,1084.8,887.6,1102.5,649.1,1000.0,4,1,999.6,540,4,999.5,710,7,999.4,1326,12,999.3,2101,16,1000.1,52,2,1000.2,332,5,1000.3,614,8,1000.4,574,11,1000.5,1117,15
317,2025-11-26 10:33:34+05:30,1000.1,5,995.75,3531953,355569.0,410285.0,986.2,1001.8,981.3,986.2,120273000,1084.8,887.6,1102.5,649.1,1000.0,4,1,999.6,540,4,999.5,710,7,999.4,1326,12,999.3,2101,16,1000.1,52,2,1000.2,332,5,1000.3,614,8,1000.4,574,11,1000.5,1117,15
317,2025-11-26 10:33:34+05:30,1000.1,5,995.75,3532053,355151.0,412715.0,986.2,1001.8,981.3,986.2,120273000,1084.8,887.6,1102.5,649.1,1000.0,4,1,999.6,331,3,999.5,580,4,999.4,1004,7,999.3,1435,15,1000.1,277,7,1000.2,462,6,1000.3,683,8,1000.4,875,17,1000.5,1491,17
317,2025-11-26 10:33:35+05:30,1000.1,6,995.75,3532053,355151.0,412715.0,986.2,1001.8,981.3,986.2,120273000,1084.8,887.6,1102.5,649.1,1000.0,4,1,999.6,331,3,999.5,580,4,999.4,1004,7,999.3,1435,15,1000.1,277,7,1000.2,462,6,1000.3,683,8,1000.4,875,17,1000.5,1491,17
317,2025-11-26 10:33:35+05:30,1000.2,75,995.75,3532510,356473.0,409396.0,986.2,1001.8,981.3,986.2,120273000,1084.8,887.6,1102.5,649.1,1000.0,4,1,999.8,226,3,999.7,518,4,999.6,617,4,999.5,997,9,1000.2,51,2,1000.3,742,7,1000.4,769,13,1000.5,960,14,1000.6,1299,14
317,2025-11-26 10:33:36+05:30,1000.2,75,995.75,3532510,356473.0,409396.0,986.2,1001.8,981.3,986.2,120273000,1084.8,887.6,1102.5,649.1,1000.0,4,1,999.8,226,3,999.7,518,4,999.6,617,4,999.5,997,9,1000.2,51,2,1000.3,742,7,1000.4,769,13,1000.5,960,14,1000.6,1299,14
317,2025-11-26 10:33:36+05:30,1000.0,4,995.75,3532514,355969.0,411747.0,986.2,1001.8,981.3,986.2,120273000,1084.8,887.6,1102.5,649.1,999.8,155,2,999.7,627,4,999.6,438,4,999.5,997,9,999.4,1594,10,1000.2,93,3,1000.3,758,8,1000.4,929,13,1000.5,960,14,1000.6,1615,15
317,2025-11-26 10:33:37+05:30,1000.0,4,995.75,3532514,355969.0,411747.0,986.2,1001.8,981.3,986.2,120273000,1084.8,887.6,1102.5,649.1,999.8,155,2,999.7,627,4,999.6,438,4,999.5,997,9,999.4,1594,10,1000.2,93,3,1000.3,758,8,1000.4,929,13,1000.5,960,14,1000.6,1615,15
317,2025-11-26 10:33:37+05:30,1000.0,4,995.75,3532514,354774.0,413060.0,986.2,1001.8,981.3,986.2,120273000,1084.8,887.6,1102.5,649.1,999.7,256,3,999.6,414,4,999.5,932,8,999.4,1594,10,999.3,4021,17,1000.1,2,1,1000.2,779,4,1000.3,1420,12,1000.4,1363,16,1000.5,1315,18
317,2025-11-26 10:33:39+05:30,1000.1,10,995.75,3532524,354983.0,412826.0,986.2,1001.8,981.3,986.2,120273000,1084.8,887.6,1102.5,649.1,999.7,348,5,999.6,414,4,999.5,932,8,999.4,1594,10,999.3,4021,17,1000.1,2,1,1000.2,253,3,1000.3,1291,10,1000.4,1362,15,1000.5,1821,19
317,2025-11-26 10:33:39+05:30,1000.1,10,995.75,3532524,354983.0,412826.0,986.2,1001.8,981.3,986.2,120273000,1084.8,887.6,1102.5,649.1,999.7,348,5,999.6,414,4,999.5,932,8,999.4,1594,10,999.3,4021,17,1000.1,2,1,1000.2,253,3,1000.3,1291,10,1000.4,1362,15,1000.5,1821,19
317,2025-11-26 10:33:40+05:30,1000.1,10,995.75,3532524,355902.0,413312.0,986.2,1001.8,981.3,986.2,120273000,1084.8,887.6,1102.5,649.1,999.7,284,5,999.6,468,4,999.5,853,7,999.4,1594,10,999.3,4021,17,999.9,96,1,1000.1,2,1,1000.2,130,3,1000.3,1246,10,1000.4,1404,16
317,2025-11-26 10:33:40+05:30,999.9,713,995.75,3532524,355902.0,413312.0,986.2,1001.8,981.3,986.2,120273000,1084.8,887.6,1102.5,649.1,999.7,284,5,999.6,468,4,999.5,853,7,999.4,1594,10,999.3,4021,17,999.9,96,1,1000.1,2,1,1000.2,130,3,1000.3,1246,10,1000.4,1404,16
317,2025-11-26 10:33:41+05:30,999.9,5,995.75,3533242,354984.0,414062.0,986.2,1001.8,981.3,986.2,120273000,1084.8,887.6,1102.5,649.1,999.7,161,4,999.6,349,3,999.5,792,8,999.4,1594,10,999.3,3308,16,999.9,91,1,1000.1,72,2,1000.2,179,4,1000.3,1413,10,1000.4,1404,16
317,2025-11-26 10:33:41+05:30,999.9,5,995.75,3533242,354984.0,414062.0,986.2,1001.8,981.3,986.2,120273000,1084.8,887.6,1102.5,649.1,999.7,161,4,999.6,349,3,999.5,792,8,999.4,1594,10,999.3,3308,16,999.9,91,1,1000.1,72,2,1000.2,179,4,1000.3,1413,10,1000.4,1404,16
317,2025-11-26 10:33:42+05:30,999.9,20,995.75,3533264,355010.0,414254.0,986.2,1001.8,981.3,986.2,120273000,1084.8,887.6,1102.5,649.1,999.7,33,3,999.6,349,3,999.5,769,7,999.4,1594,10,999.3,3538,17,999.9,69,1,1000.0,2,1,1000.1,274,3,1000.2,409,5,1000.3,1443,12
317,2025-11-26 10:33:42+05:30,999.9,20,995.75,3533264,355010.0,414254.0,986.2,1001.8,981.3,986.2,120273000,1084.8,887.6,1102.5,649.1,999.7,33,3,999.6,349,3,999.5,769,7,999.4,1594,10,999.3,3538,17,999.9,69,1,1000.0,2,1,1000.1,274,3,1000.2,409,5,1000.3,1443,12
317,2025-11-26 10:33:43+05:30,999.7,1,995.75,3533265,353795.0,414451.0,986.2,1001.8,981.3,986.2,120273000,1084.8,887.6,1102.5,649.1,999.7,32,3,999.6,168,1,999.5,626,9,999.4,1191,12,999.3,3592,17,999.9,69,1,1000.0,2,1,1000.1,418,5,1000.2,528,6,1000.3,864,10
317,2025-11-26 10:33:43+05:30,999.7,1,995.75,3533265,353795.0,414451.0,986.2,1001.8,981.3,986.2,120273000,1084.8,887.6,1102.5,649.1,999.7,32,3,999.6,168,1,999.5,626,9,999.4,1191,12,999.3,3592,17,999.9,69,1,1000.0,2,1,1000.1,418,5,1000.2,528,6,1000.3,864,10
317,2025-11-26 10:33:44+05:30,999.7,1,995.75,3533265,353795.0,414483.0,986.2,1001.8,981.3,986.2,120273000,1084.8,887.6,1102.5,649.1,999.7,32,3,999.6,216,2,999.5,578,8,999.4,1191,12,999.3,3592,17,999.9,69,1,1000.0,8,2,1000.1,418,5,1000.2,528,6,1000.3,864,10
317,2025-11-26 10:33:44+05:30,999.9,2,995.75,3533265,353795.0,414483.0,986.2,1001.8,981.3,986.2,120273000,1084.8,887.6,1102.5,649.1,999.7,32,3,999.6,216,2,999.5,578,8,999.4,1191,12,999.3,3592,17,999.9,69,1,1000.0,8,2,1000.1,418,5,1000.2,528,6,1000.3,864,10
317,2025-11-26 10:33:45+05:30,999.7,5,995.75,3533265,353795.0,414483.0,986.2,1001.8,981.3,986.2,120273000,1084.8,887.6,1102.5,649.1,999.7,32,3,999.6,216,2,999.5,578,8,999.4,1191,12,999.3,3592,17,999.9,69,1,1000.0,8,2,1000.1,418,5,1000.2,528,6,1000.3,864,10
317,2025-11-26 10:33:45+05:30,999.7,5,995.75,3533300,356405.0,415896.0,986.2,1001.8,981.3,986.2,120273000,1084.8,887.6,1102.5,649.1,999.6,352,2,999.5,638,8,999.4,1063,9,999.3,3607,18,999.2,2220,12,999.7,34,1,1000.0,83,4,1000.1,418,5,1000.2,634,7,1000.3,864,10
317,2025-11-26 10:33:46+05:30,999.7,5,995.75,3533300,352192.0,417228.0,986.2,1001.8,981.3,986.2,120273000,1084.8,887.6,1102.5,649.1,999.5,2,1,999.4,464,4,999.3,1708,12,999.2,1755,10,999.1,2594,11,999.7,34,1,999.9,252,2,1000.0,420,8,1000.1,808,8,1000.2,978,8
317,2025-11-26 10:33:47+05:30,999.7,5,995.75,3533300,355969.0,418080.0,986.2,1001.8,981.3,986.2,120273000,1084.8,887.6,1102.5,649.1,999.3,263,5,999.2,619,7,999.1,1571,9,999.0,1763,11,998.9,3846,13,999.7,34,1,999.8,52,2,999.9,561,5,1000.0,1095,14,1000.1,813,9
317,2025-11-26 10:33:48+05:30,999.7,5,995.75,3533300,357378.0,418897.0,986.2,1001.8,981.3,986.2,120273000,1084.8,887.6,1102.5,649.1,999.3,37,4,999.2,664,7,999.1,1144,9,999.0,2722,18,998.9,3879,15,999.7,34,1,999.8,345,4,999.9,904,8,1000.0,1600,16,1000.1,813,9
317,2025-11-26 10:33:49+05:30,999.7,5,995.75,3533300,357400.0,418889.0,986.2,1001.8,981.3,986.2,120273000,1084.8,887.6,1102.5,649.1,999.3,59,5,999.2,664,7,999.1,1144,9,999.0,2722,18,998.9,3879,15,999.7,34,1,999.8,345,4,999.9,904,8,1000.0,1600,16,1000.1,813,9
317,2025-11-26 10:33:50+05:30,999.3,133,995.75,3533300,357400.0,418889.0,986.2,1001.8,981.3,986.2,120273000,1084.8,887.6,1102.5,649.1,999.3,59,5,999.2,664,7,999.1,1144,9,999.0,2722,18,998.9,3879,15,999.7,34,1,999.8,345,4,999.9,904,8,1000.0,1600,16,1000.1,813,9
317,2025-11-26 10:33:50+05:30,999.3,133,995.76,3533479,360749.0,420377.0,986.2,1001.8,981.3,986.2,120273000,1084.8,887.6,1102.5,649.1,999.2,289,3,999.1,751,8,999.0,2817,13,998.9,3191,16,998.8,2450,11,999.5,96,1,999.7,268,3,999.8,424,5,999.9,910,9,1000.0,1615,13
317,2025-11-26 10:33:51+05:30,999.5,20,995.76,3533479,360749.0,420377.0,986.2,1001.8,981.3,986.2,120273000,1084.8,887.6,1102.5,649.1,999.2,289,3,999.1,751,8,999.0,2817,13,998.9,3191,16,998.8,2450,11,999.5,96,1,999.7,268,3,999.8,424,5,999.9,910,9,1000.0,1615,13
317,2025-11-26 10:33:51+05:30,999.5,20,995.76,3533499,358711.0,420263.0,986.2,1001.8,981.3,986.2,120273000,1084.8,887.6,1102.5,649.1,999.2,289,3,999.1,1001,10,999.0,2616,14,998.9,3165,14,998.8,2450,11,999.5,80,2,999.7,268,3,999.8,654,6,999.9,953,12,1000.0,1615,13
317,2025-11-26 10:33:52+05:30,999.2,1,995.76,3533499,358711.0,420263.0,986.2,1001.8,981.3,986.2,120273000,1084.8,887.6,1102.5,649.1,999.2,289,3,999.1,1001,10,999.0,2616,14,998.9,3165,14,998.8,2450,11,999.5,80,2,999.7,268,3,999.8,654,6,999.9,953,12,1000.0,1615,13
317,2025-11-26 10:33:52+05:30,999.2,1,995.76,3533500,358816.0,420283.0,986.2,1001.8,981.3,986.2,120273000,1084.8,887.6,1102.5,649.1,999.2,288,3,999.1,1001,10,999.0,2616,14,998.9,3165,14,998.8,2450,11,999.5,80,2,999.7,268,3,999.8,654,6,999.9,953,12,1000.0,1615,13
317,2025-11-26 10:33:53+05:30,999.5,361,995.76,3533941,359232.0,420311.0,986.2,1001.8,981.3,986.2,120273000,1084.8,887.6,1102.5,649.1,999.2,650,6,999.1,1035,10,999.0,2616,14,998.9,3165,14,998.8,2450,11,999.5,96,1,999.7,252,2,999.8,668,7,999.9,751,11,1000.0,1628,14
317,2025-11-26 10:33:54+05:30,999.5,10,995.76,3533941,359232.0,420311.0,986.2,1001.8,981.3,986.2,120273000,1084.8,887.6,1102.5,649.1,999.2,650,6,999.1,1035,10,999.0,2616,14,998.9,3165,14,998.8,2450,11,999.5,96,1,999.7,252,2,999.8,668,7,999.9,751,11,1000.0,1628,14
317,2025-11-26 10:33:54+05:30,999.5,10,995.76,3533951,359142.0,420261.0,986.2,1001.8,981.3,986.2,120273000,1084.8,887.6,1102.5,649.1,999.3,112,1,999.2,466,5,999.1,1120,10,999.0,2616,14,998.9,3165,14,999.5,86,1,999.7,252,2,999.8,668,7,999.9,751,11,1000.0,1628,14
317,2025-11-26 10:33:55+05:30,999.3,86,995.76,3533951,359142.0,420261.0,986.2,1001.8,981.3,986.2,120273000,1084.8,887.6,1102.5,649.1,999.3,112,1,999.2,466,5,999.1,1120,10,999.0,2616,14,998.9,3165,14,999.5,86,1,999.7,252,2,999.8,668,7,999.9,751,11,1000.0,1628,14
317,2025-11-26 10:33:55+05:30,999.3,86,995.76,3534437,358528.0,419714.0,986.2,1001.8,981.3,986.2,120273000,1084.8,887.6,1102.5,649.1,999.2,571,8,999.1,1046,8,999.0,2650,13,998.9,3222,17,998.8,2583,13,999.7,87,1,999.9,1115,8,1000.0,1584,14,1000.1,732,12,1000.2,1458,13
317,2025-11-26 10:33:56+05:30,999.3,86,995.76,3534437,358293.0,419246.0,986.2,1001.8,981.3,986.2,120273000,1084.8,887.6,1102.5,649.1,999.3,24,1,999.2,584,9,999.1,1046,8,999.0,2676,15,998.9,3196,15,999.7,87,1,999.8,306,3,999.9,1094,8,1000.0,1584,14,1000.1,976,12
317,2025-11-26 10:33:57+05:30,999.7,2,995.76,3534437,358293.0,419246.0,986.2,1001.8,981.3,986.2,120273000,1084.8,887.6,1102.5,649.1,999.3,24,1,999.2,584,9,999.1,1046,8,999.0,2676,15,998.9,3196,15,999.7,87,1,999.8,306,3,999.9,1094,8,1000.0,1584,14,1000.1,976,12
317,2025-11-26 10:33:57+05:30,999.7,20,995.76,3534466,358295.0,420007.0,986.2,1001.8,981.3,986.2,120273000,1084.8,887.6,1102.5,649.1,999.3,33,1,999.2,582,8,999.1,1091,9,999.0,2676,15,998.9,3196,15,999.7,171,4,999.8,578,5,999.9,1108,9,1000.0,1919,15,1000.1,976,12
317,2025-11-26 10:33:58+05:30,999.7,20,995.76,3534466,357839.0,419895.0,986.2,1001.8,981.3,986.2,120273000,1084.8,887.6,1102.5,649.1,999.3,33,1,999.2,488,6,999.1,864,8,999.0,2265,14,998.9,3279,17,999.7,87,3,999.8,498,5,999.9,1108,9,1000.0,1947,16,1000.1,976,12
317,2025-11-26 10:34:00+05:30,999.7,15,995.76,3534481,357696.0,420003.0,986.2,1001.8,981.3,986.2,120273000,1084.8,887.6,1102.5,649.1,999.3,125,3,999.2,604,7,999.1,864,8,999.0,2265,14,998.9,3279,17,999.7,87,4,999.8,453,4,999.9,1261,11,1000.0,1947,16,1000.1,976,12
317,2025-11-26 10:34:00+05:30,999.7,15,995.76,3534481,357696.0,420003.0,986.2,1001.8,981.3,986.2,120273000,1084.8,887.6,1102.5,649.1,999.3,125,3,999.2,604,7,999.1,864,8,999.0,2265,14,998.9,3279,17,999.7,87,4,999.8,453,4,999.9,1261,11,1000.0,1947,16,1000.1,976,12
317,2025-11-26 10:34:01+05:30,999.3,8,995.76,3534489,357619.0,421096.0,986.2,1001.8,981.3,986.2,120273000,1084.8,887.6,1102.5,649.1,999.3,24,2,999.2,525,6,999.1,832,9,999.0,2220,13,998.9,3279,17,999.5,96,1,999.7,87,4,999.8,502,5,999.9,1216,10,1000.0,1992,17
317,2025-11-26 10:34:01+05:30,999.3,8,995.76,3534489,357619.0,421096.0,986.2,1001.8,981.3,986.2,120273000,1084.8,887.6,1102.5,649.1,999.3,24,2,999.2,525,6,999.1,832,9,999.0,2220,13,998.9,3279,17,999.5,96,1,999.7,87,4,999.8,502,5,999.9,1216,10,1000.0,1992,17
317,2025-11-26 10:34:02+05:30,999.3,8,995.76,3534489,357788.0,421324.0,986.2,1001.8,981.3,986.2,120273000,1084.8,887.6,1102.5,649.1,999.3,24,2,999.2,476,5,999.1,801,8,999.0,2220,13,998.9,3309,18,999.5,96,1,999.7,315,6,999.8,581,6,999.9,1295,11,1000.0,1992,17
317,2025-11-26 10:34:03+05:30,999.3,1,995.76,3534496,357561.0,420728.0,986.2,1001.8,981.3,986.2,120273000,1084.8,887.6,1102.5,649.1,999.3,23,2,999.2,604,7,999.1,832,9,999.0,2220,13,998.9,3279,17,999.5,90,1,999.7,289,5,999.8,581,6,999.9,1295,11,1000.0,1992,17
317,2025-11-26 10:34:03+05:30,999.3,1,995.76,3534496,357561.0,420728.0,986.2,1001.8,981.3,986.2,120273000,1084.8,887.6,1102.5,649.1,999.3,23,2,999.2,604,7,999.1,832,9,999.0,2220,13,998.9,3279,17,999.5,90,1,999.7,289,5,999.8,581,6,999.9,1295,11,1000.0,1992,17
317,2025-11-26 10:34:04+05:30,999.3,1,995.76,3534496,357561.0,421046.0,986.2,1001.8,981.3,986.2,120273000,1084.8,887.6,1102.5,649.1,999.3,23,2,999.2,604,7,999.1,832,9,999.0,2220,13,998.9,3279,17,999.5,90,1,999.7,289,5,999.8,581,6,999.9,743,10,1000.0,1992,17
317,2025-11-26 10:34:05+05:30,999.3,73,995.76,3535224,359378.0,421755.0,986.2,1001.8,981.3,986.2,120273000,1084.8,887.6,1102.5,649.1,999.2,273,3,999.1,687,6,999.0,2020,13,998.9,3438,16,998.8,2866,15,999.3,13,1,999.6,252,2,999.7,547,4,999.8,562,5,999.9,705,9
317,2025-11-26 10:34:05+05:30,999.3,73,995.76,3535224,359378.0,421755.0,986.2,1001.8,981.3,986.2,120273000,1084.8,887.6,1102.5,649.1,999.2,273,3,999.1,687,6,999.0,2020,13,998.9,3438,16,998.8,2866,15,999.3,13,1,999.6,252,2,999.7,547,4,999.8,562,5,999.9,705,9
317,2025-11-26 10:34:06+05:30,999.3,73,995.76,3535224,360264.0,421781.0,986.2,1001.8,981.3,986.2,120273000,1084.8,887.6,1102.5,649.1,999.2,273,3,999.1,1076,7,999.0,2270,14,998.9,3214,16,998.8,3406,15,999.3,13,1,999.5,14,1,999.6,252,2,999.7,547,4,999.8,562,5
317,2025-11-26 10:34:06+05:30,999.2,1,995.76,3535224,360264.0,421781.0,986.2,1001.8,981.3,986.2,120273000,1084.8,887.6,1102.5,649.1,999.2,273,3,999.1,1076,7,999.0,2270,14,998.9,3214,16,998.8,3406,15,999.3,13,1,999.5,14,1,999.6,252,2,999.7,547,4,999.8,562,5
317,2025-11-26 10:34:07+05:30,999.2,1,995.76,3535224,360264.0,421781.0,986.2,1001.8,981.3,986.2,120273000,1084.8,887.6,1102.5,649.1,999.2,273,3,999.1,1076,7,999.0,2270,14,998.9,3214,16,998.8,3406,15,999.3,13,1,999.5,14,1,999.6,252,2,999.7,547,4,999.8,562,5
317,2025-11-26 10:34:07+05:30,999.3,96,995.76,3535400,360587.0,421809.0,986.2,1001.8,981.3,986.2,120273000,1084.8,887.6,1102.5,649.1,999.2,366,4,999.1,1155,8,999.0,2215,13,998.9,3214,16,998.8,3180,14,999.3,45,1,999.5,14,1,999.7,202,1,999.8,311,3,999.9,1293,10
317,2025-11-26 10:34:07+05:30,999.3,96,995.76,3535400,360587.0,421809.0,986.2,1001.8,981.3,986.2,120273000,1084.8,887.6,1102.5,649.1,999.2,366,4,999.1,1155,8,999.0,2215,13,998.9,3214,16,998.8,3180,14,999.3,45,1,999.5,14,1,999.7,202,1,999.8,311,3,999.9,1293,10
317,2025-11-26 10:34:07+05:30,999.3,96,995.76,3535400,360587.0,421809.0,986.2,1001.8,981.3,986.2,120273000,1084.8,887.6,1102.5,649.1,999.2,366,4,999.1,1155,8,999.0,2215,13,998.9,3214,16,998.8,3180,14,999.3,45,1,999.5,14,1,999.7,202,1,999.8,311,3,999.9,1293,10
317,2025-11-26 10:34:08+05:30,999.3,96,995.76,3535400,360587.0,421809.0,986.2,1001.8,981.3,986.2,120273000,1084.8,887.6,1102.5,649.1,999.2,366,4,999.1,1155,8,999.0,2215,13,998.9,3214,16,998.8,3180,14,999.3,45,1,999.5,14,1,999.7,202,1,999.8,311,3,999.9,1293,10
317,2025-11-26 10:34:08+05:30,999.3,96,995.76,3535400,360720.0,422037.0,986.2,1001.8,981.3,986.2,120273000,1084.8,887.6,1102.5,649.1,999.2,554,6,999.1,1155,8,999.0,2160,12,998.9,3214,16,998.8,3180,14,999.3,45,1,999.5,14,1,999.7,202,1,999.8,390,4,999.9,1325,11
317,2025-11-26 10:34:08+05:30,999.3,96,995.76,3535400,360720.0,422037.0,986.2,1001.8,981.3,986.2,120273000,1084.8,887.6,1102.5,649.1,999.2,554,6,999.1,1155,8,999.0,2160,12,998.9,3214,16,998.8,3180,14,999.3,45,1,999.5,14,1,999.7,202,1,999.8,390,4,999.9,1325,11
317,2025-11-26 10:34:09+05:30,999.3,96,995.76,3535400,360720.0,422037.0,986.2,1001.8,981.3,986.2,120273000,1084.8,887.6,1102.5,649.1,999.2,554,6,999.1,1155,8,999.0,2160,12,998.9,3214,16,998.8,3180,14,999.3,45,1,999.5,14,1,999.7,202,1,999.8,390,4,999.9,1325,11
317,2025-11-26 10:34:09+05:30,999.3,96,995.76,3535400,361469.0,422064.0,986.2,1001.8,981.3,986.2,120273000,1084.8,887.6,1102.5,649.1,999.2,603,7,999.1,1155,8,999.0,2160,12,998.9,3214,16,998.8,3218,15,999.3,45,1,999.5,14,1,999.7,202,1,999.8,390,4,999.9,1325,11
317,2025-11-26 10:34:09+05:30,999.3,96,995.76,3535400,361469.0,422064.0,986.2,1001.8,981.3,986.2,120273000,1084.8,887.6,1102.5,649.1,999.2,603,7,999.1,1155,8,999.0,2160,12,998.9,3214,16,998.8,3218,15,999.3,45,1,999.5,14,1,999.7,202,1,999.8,390,4,999.9,1325,11
317,2025-11-26 10:34:10+05:30,999.3,96,995.76,3535400,361469.0,422064.0,986.2,1001.8,981.3,986.2,120273000,1084.8,887.6,1102.5,649.1,999.2,603,7,999.1,1155,8,999.0,2160,12,998.9,3214,16,998.8,3218,15,999.3,45,1,999.5,14,1,999.7,202,1,999.8,390,4,999.9,1325,11
317,2025-11-26 10:34:10+05:30,999.5,1,995.76,3535400,361469.0,422064.0,986.2,1001.8,981.3,986.2,120273000,1084.8,887.6,1102.5,649.1,999.2,603,7,999.1,1155,8,999.0,2160,12,998.9,3214,16,998.8,3218,15,999.3,45,1,999.5,14,1,999.7,202,1,999.8,390,4,999.9,1325,11
317,2025-11-26 10:34:10+05:30,999.5,1,995.76,3536399,356089.0,422372.0,986.2,1001.8,981.3,986.2,120273000,1084.8,887.6,1102.5,649.1,999.2,55,1,999.1,718,8,999.0,2174,13,998.9,3224,15,998.8,1717,15,999.5,13,1,999.7,428,2,999.8,924,6,999.9,867,12,1000.0,2092,18
317,2025-11-26 10:34:10+05:30,999.5,1,995.76,3536399,356089.0,422372.0,986.2,1001.8,981.3,986.2,120280500,1084.8,887.6,1102.5,649.1,999.2,55,1,999.1,718,8,999.0,2174,13,998.9,3224,15,998.8,1717,15,999.5,13,1,999.7,428,2,999.8,924,6,999.9,867,12,1000.0,2092,18
317,2025-11-26 10:34:11+05:30,999.5,1,995.76,3536399,356089.0,422372.0,986.2,1001.8,981.3,986.2,120280500,1084.8,887.6,1102.5,649.1,999.2,55,1,999.1,718,8,999.0,2174,13,998.9,3224,15,998.8,1717,15,999.5,13,1,999.7,428,2,999.8,924,6,999.9,867,12,1000.0,2092,18
317,2025-11-26 10:34:11+05:30,999.1,87,995.76,3536399,356089.0,422372.0,986.2,1001.8,981.3,986.2,120280500,1084.8,887.6,1102.5,649.1,999.2,55,1,999.1,718,8,999.0,2174,13,998.9,3224,15,998.8,1717,15,999.5,13,1,999.7,428,2,999.8,924,6,999.9,867,12,1000.0,2092,18
317,2025-11-26 10:34:11+05:30,999.1,87,995.76,3536541,356487.0,423166.0,986.2,1001.8,981.3,986.2,120280500,1084.8,887.6,1102.5,649.1,999.1,554,6,999.0,2175,12,998.9,3271,15,998.8,1943,16,998.7,2460,13,999.5,13,1,999.6,110,3,999.7,428,2,999.8,934,7,999.9,864,12
317,2025-11-26 10:34:12+05:30,999.5,2,995.76,3536541,356487.0,423166.0,986.2,1001.8,981.3,986.2,120280500,1084.8,887.6,1102.5,649.1,999.1,554,6,999.0,2175,12,998.9,3271,15,998.8,1943,16,998.7,2460,13,999.5,13,1,999.6,110,3,999.7,428,2,999.8,934,7,999.9,864,12
317,2025-11-26 10:34:12+05:30,999.5,2,995.76,3536543,355827.0,423697.0,986.2,1001.8,981.3,986.2,120280500,1084.8,887.6,1102.5,649.1,999.1,292,4,999.0,2024,13,998.9,3472,15,998.8,1943,16,998.7,2210,12,999.5,368,3,999.6,249,2,999.7,438,3,999.8,1101,10,999.9,864,12
317,2025-11-26 10:34:13+05:30,999.1,35,995.76,3536543,355827.0,423697.0,986.2,1001.8,981.3,986.2,120280500,1084.8,887.6,1102.5,649.1,999.1,292,4,999.0,2024,13,998.9,3472,15,998.8,1943,16,998.7,2210,12,999.5,368,3,999.6,249,2,999.7,438,3,999.8,1101,10,999.9,864,12
317,2025-11-26 10:34:13+05:30,999.1,35,995.76,3536743,356576.0,424762.0,986.2,1001.8,981.3,986.2,120280500,1084.8,887.6,1102.5,649.1,999.1,240,5,999.0,2171,13,998.9,3472,15,998.8,1905,15,998.7,2397,12,999.5,341,2,999.6,381,3,999.7,638,4,999.8,1107,11,999.9,864,12
317,2025-11-26 10:34:14+05:30,999.1,55,995.76,3536743,356576.0,424762.0,986.2,1001.8,981.3,986.2,120280500,1084.8,887.6,1102.5,649.1,999.1,240,5,999.0,2171,13,998.9,3472,15,998.8,1905,15,998.7,2397,12,999.5,341,2,999.6,381,3,999.7,638,4,999.8,1107,11,999.9,864,12
317,2025-11-26 10:34:14+05:30,999.5,3,995.76,3537076,355965.0,423300.0,986.2,1001.8,981.3,986.2,120280500,1084.8,887.6,1102.5,649.1,999.1,123,5,999.0,2103,13,998.9,3409,14,998.8,1633,13,998.7,2125,11,999.5,8,1,999.6,249,2,999.7,428,2,999.8,1211,9,999.9,843,11
317,2025-11-26 10:34:15+05:30,999.1,17,995.76,3537076,355965.0,423300.0,986.2,1001.8,981.3,986.2,120280500,1084.8,887.6,1102.5,649.1,999.1,123,5,999.0,2103,13,998.9,3409,14,998.8,1633,13,998.7,2125,11,999.5,8,1,999.6,249,2,999.7,428,2,999.8,1211,9,999.9,843,11
317,2025-11-26 10:34:15+05:30,999.1,17,995.76,3537218,355821.0,424799.0,986.2,1001.8,981.3,986.2,120280500,1084.8,887.6,1102.5,649.1,999.0,1557,10,998.9,3128,11,998.8,1881,14,998.7,2207,14,998.6,1232,9,999.4,136,2,999.5,278,6,999.6,381,3,999.7,795,6,999.8,1254,12
317,2025-11-26 10:34:16+05:30,999.1,17,995.76,3537218,355823.0,424772.0,986.2,1001.8,981.3,986.2,120280500,1084.8,887.6,1102.5,649.1,999.0,1585,11,998.9,3128,11,998.8,1881,14,998.7,2207,14,998.6,1232,9,999.4,87,1,999.5,327,7,999.6,381,3,999.7,821,8,999.8,1228,10
317,2025-11-26 10:34:17+05:30,999.0,45,995.76,3537218,355823.0,424772.0,986.2,1001.8,981.3,986.2,120280500,1084.8,887.6,1102.5,649.1,999.0,1585,11,998.9,3128,11,998.8,1881,14,998.7,2207,14,998.6,1232,9,999.4,87,1,999.5,327,7,999.6,381,3,999.7,821,8,999.8,1228,10
317,2025-11-26 10:34:17+05:30,999.0,45,995.76,3537263,355923.0,426199.0,986.2,1001.8,981.3,986.2,120280500,1084.8,887.6,1102.5,649.1,999.3,30,1,999.0,1557,11,998.9,3092,11,998.8,1851,14,998.7,1408,12,999.4,87,1,999.5,315,6,999.6,672,6,999.7,804,9,999.8,1430,11
317,2025-11-26 10:34:18+05:30,999.0,45,995.76,3537263,355591.0,426487.0,986.2,1001.8,981.3,986.2,120280500,1084.8,887.6,1102.5,649.1,999.3,30,1,999.0,1425,10,998.9,2892,10,998.8,1851,14,998.7,1408,12,999.4,87,1,999.5,380,7,999.6,672,6,999.7,827,11,999.8,1430,11
317,2025-11-26 10:34:19+05:30,999.5,35,995.76,3537395,358119.0,424103.0,986.2,1001.8,981.3,986.2,120280500,1084.8,887.6,1102.5,649.1,999.5,618,1,999.3,30,1,999.2,115,2,999.1,388,3,999.0,1768,14,999.7,511,6,999.8,572,6,999.9,781,8,1000.0,1829,14,1000.1,1689,17
317,2025-11-26 10:34:20+05:30,999.3,30,995.76,3537395,358119.0,424103.0,986.2,1001.8,981.3,986.2,120280500,1084.8,887.6,1102.5,649.1,999.5,618,1,999.3,30,1,999.2,115,2,999.1,388,3,999.0,1768,14,999.7,511,6,999.8,572,6,999.9,781,8,1000.0,1829,14,1000.1,1689,17
317,2025-11-26 10:34:20+05:30,999.3,26,995.76,3538069,356800.0,426043.0,986.2,1001.8,981.3,986.2,120280500,1084.8,887.6,1102.5,649.1,999.0,1363,11,998.9,3475,13,998.8,1928,14,998.7,2158,13,998.6,1226,8,999.3,40,1,999.5,2,1,999.6,582,4,999.7,628,7,999.8,773,12
317,2025-11-26 10:34:21+05:30,999.0,142,995.76,3538069,356800.0,426043.0,986.2,1001.8,981.3,986.2,120280500,1084.8,887.6,1102.5,649.1,999.0,1363,11,998.9,3475,13,998.8,1928,14,998.7,2158,13,998.6,1226,8,999.3,40,1,999.5,2,1,999.6,582,4,999.7,628,7,999.8,773,12
317,2025-11-26 10:34:22+05:30,999.0,142,995.76,3538211,357669.0,426462.0,986.2,1001.8,981.3,986.2,120280500,1084.8,887.6,1102.5,649.1,999.0,1304,11,998.9,3460,12,998.8,2428,14,998.7,2423,15,998.6,1226,8,999.3,40,1,999.5,62,2,999.6,582,4,999.7,628,7,999.8,844,12
317,2025-11-26 10:34:23+05:30,999.0,142,995.76,3538211,357228.0,426742.0,986.2,1001.8,981.3,986.2,120280500,1084.8,887.6,1102.5,649.1,999.0,1260,10,998.9,3090,11,998.8,2634,12,998.7,2156,13,998.6,1259,10,999.3,40,1,999.5,202,4,999.6,661,5,999.7,637,7,999.8,860,14
317,2025-11-26 10:34:23+05:30,999.3,2,995.76,3538211,357228.0,426742.0,986.2,1001.8,981.3,986.2,120280500,1084.8,887.6,1102.5,649.1,999.0,1260,10,998.9,3090,11,998.8,2634,12,998.7,2156,13,998.6,1259,10,999.3,40,1,999.5,202,4,999.6,661,5,999.7,637,7,999.8,860,14
317,2025-11-26 10:34:24+05:30,999.3,2,995.76,3538213,357267.0,426694.0,986.2,1001.8,981.3,986.2,120280500,1084.8,887.6,1102.5,649.1,999.0,1260,10,998.9,2940,9,998.8,2598,12,998.7,2171,14,998.6,1259,10,999.3,38,1,999.5,192,4,999.6,697,7,999.7,637,7,999.8,860,14
317,2025-11-26 10:34:25+05:30,999.4,2,995.76,3538493,350908.0,427024.0,986.2,1001.8,981.3,986.2,120280500,1084.8,887.6,1102.5,649.1,999.0,664,8,998.9,2501,6,998.8,2392,12,998.7,2421,15,998.6,1485,11,999.4,85,1,999.5,645,7,999.6,1170,12,999.7,663,9,999.8,834,12
317,2025-11-26 10:34:25+05:30,999.4,2,995.76,3538493,350908.0,427024.0,986.2,1001.8,981.3,986.2,120280500,1084.8,887.6,1102.5,649.1,999.0,664,8,998.9,2501,6,998.8,2392,12,998.7,2421,15,998.6,1485,11,999.4,85,1,999.5,645,7,999.6,1170,12,999.7,663,9,999.8,834,12
317,2025-11-26 10:34:26+05:30,999.0,142,995.76,3538635,349991.0,427204.0,986.2,1001.8,981.3,986.2,120280500,1084.8,887.6,1102.5,649.1,999.0,520,7,998.9,2501,6,998.8,1644,12,998.7,2171,14,998.6,1735,12,999.4,159,3,999.5,694,9,999.6,1170,12,999.7,663,9,999.8,785,11
317,2025-11-26 10:34:26+05:30,999.0,142,995.76,3538635,349991.0,427204.0,986.2,1001.8,981.3,986.2,120280500,1084.8,887.6,1102.5,649.1,999.0,520,7,998.9,2501,6,998.8,1644,12,998.7,2171,14,998.6,1735,12,999.4,159,3,999.5,694,9,999.6,1170,12,999.7,663,9,999.8,785,11
317,2025-11-26 10:34:27+05:30,999.4,8,995.76,3538635,349991.0,427204.0,986.2,1001.8,981.3,986.2,120280500,1084.8,887.6,1102.5,649.1,999.0,520,7,998.9,2501,6,998.8,1644,12,998.7,2171,14,998.6,1735,12,999.4,159,3,999.5,694,9,999.6,1170,12,999.7,663,9,999.8,785,11
317,2025-11-26 10:34:27+05:30,999.4,8,995.76,3538644,350182.0,427067.0,986.2,1001.8,981.3,986.2,120280500,1084.8,887.6,1102.5,649.1,999.0,1010,8,998.9,2466,6,998.8,1600,11,998.7,2171,14,998.6,1245,11,999.4,133,2,999.5,694,9,999.6,1089,12,999.7,663,9,999.8,785,11
317,2025-11-26 10:34:28+05:30,999.4,8,995.76,3538644,350201.0,427092.0,986.2,1001.8,981.3,986.2,120280500,1084.8,887.6,1102.5,649.1,999.0,1010,8,998.9,2466,6,998.8,1600,11,998.7,2171,14,998.6,1245,11,999.4,133,2,999.5,694,9,999.6,1089,12,999.7,663,9,999.8,785,11
317,2025-11-26 10:34:29+05:30,999.4,2,995.76,3538644,350201.0,427092.0,986.2,1001.8,981.3,986.2,120280500,1084.8,887.6,1102.5,649.1,999.0,1010,8,998.9,2466,6,998.8,1600,11,998.7,2171,14,998.6,1245,11,999.4,133,2,999.5,694,9,999.6,1089,12,999.7,663,9,999.8,785,11
317,2025-11-26 10:34:29+05:30,999.4,2,995.76,3538646,350062.0,428108.0,986.2,1001.8,981.3,986.2,120280500,1084.8,887.6,1102.5,649.1,999.3,30,1,999.0,1010,8,998.9,2654,8,998.8,1600,11,998.7,1671,14,999.4,377,4,999.5,852,12,999.6,967,12,999.7,637,7,999.8,785,11
317,2025-11-26 10:34:30+05:30,999.3,125,995.76,3538646,350062.0,428108.0,986.2,1001.8,981.3,986.2,120280500,1084.8,887.6,1102.5,649.1,999.3,30,1,999.0,1010,8,998.9,2654,8,998.8,1600,11,998.7,1671,14,999.4,377,4,999.5,852,12,999.6,967,12,999.7,637,7,999.8,785,11
317,2025-11-26 10:34:30+05:30,999.3,13,995.76,3539025,350333.0,427424.0,986.2,1001.8,981.3,986.2,120280500,1084.8,887.6,1102.5,649.1,999.1,2,1,999.0,994,7,998.9,2447,6,998.8,1811,12,998.7,2171,14,999.3,83,1,999.5,419,6,999.6,665,9,999.7,728,10,999.8,1221,13
317,2025-11-26 10:34:31+05:30,999.1,8,995.76,3539025,350333.0,427424.0,986.2,1001.8,981.3,986.2,120280500,1084.8,887.6,1102.5,649.1,999.1,2,1,999.0,994,7,998.9,2447,6,998.8,1811,12,998.7,2171,14,999.3,83,1,999.5,419,6,999.6,665,9,999.7,728,10,999.8,1221,13
317,2025-11-26 10:34:31+05:30,999.1,8,995.76,3539033,351153.0,427381.0,986.2,1001.8,981.3,986.2,120280500,1084.8,887.6,1102.5,649.1,999.0,994,7,998.9,2487,7,998.8,2600,13,998.7,2171,14,998.6,995,10,999.3,83,1,999.5,419,6,999.6,664,8,999.7,1223,12,999.8,1221,13
317,2025-11-26 10:34:32+05:30,999.1,8,995.76,3539033,351589.0,427112.0,986.2,1001.8,981.3,986.2,120280500,1084.8,887.6,1102.5,649.1,999.0,1670,14,998.9,2969,10,998.8,2600,13,998.7,2171,14,998.6,769,9,999.3,93,2,999.5,15,1,999.6,615,6,999.7,780,9,999.8,1287,16
317,2025-11-26 10:34:33+05:30,999.1,8,995.76,3539033,351713.0,427208.0,986.2,1001.8,981.3,986.2,120280500,1084.8,887.6,1102.5,649.1,999.1,112,1,999.0,1593,14,998.9,3219,11,998.8,2350,12,998.7,2171,14,999.3,93,2,999.5,15,1,999.6,615,6,999.7,780,9,999.8,1275,14
317,2025-11-26 10:34:34+05:30,999.1,3,995.76,3539036,351858.0,427106.0,986.2,1001.8,981.3,986.2,120280500,1084.8,887.6,1102.5,649.1,999.1,109,1,999.0,1643,15,998.9,3219,11,998.8,2350,12,998.7,2171,14,999.3,93,2,999.5,15,1,999.6,617,7,999.7,780,9,999.8,1275,14
317,2025-11-26 10:34:35+05:30,999.1,109,995.76,3539036,351858.0,427106.0,986.2,1001.8,981.3,986.2,120280500,1084.8,887.6,1102.5,649.1,999.1,109,1,999.0,1643,15,998.9,3219,11,998.8,2350,12,998.7,2171,14,999.3,93,2,999.5,15,1,999.6,617,7,999.7,780,9,999.8,1275,14
317,2025-11-26 10:34:35+05:30,999.1,109,995.76,3539145,347769.0,429207.0,986.2,1001.8,981.3,986.2,120280500,1084.8,887.6,1102.5,649.1,999.0,822,8,998.9,857,2,998.8,1361,5,998.7,1289,8,998.6,1224,11,999.1,96,1,999.3,12,2,999.4,202,1,999.5,738,8,999.6,1219,16
317,2025-11-26 10:34:36+05:30,999.0,142,995.76,3539145,347769.0,429207.0,986.2,1001.8,981.3,986.2,120280500,1084.8,887.6,1102.5,649.1,999.0,822,8,998.9,857,2,998.8,1361,5,998.7,1289,8,998.6,1224,11,999.1,96,1,999.3,12,2,999.4,202,1,999.5,738,8,999.6,1219,16
317,2025-11-26 10:34:36+05:30,999.0,142,995.76,3539287,347554.0,429403.0,986.2,1001.8,981.3,986.2,120280500,1084.8,887.6,1102.5,649.1,999.0,680,8,998.8,613,5,998.7,1289,8,998.6,1665,12,998.5,3097,16,999.1,96,1,999.3,12,2,999.4,581,6,999.5,738,8,999.6,1232,17
317,2025-11-26 10:34:37+05:30,999.0,142,995.76,3539287,347554.0,429402.0,986.2,1001.8,981.3,986.2,120280500,1084.8,887.6,1102.5,649.1,999.0,680,8,998.8,662,6,998.7,1289,8,998.6,1665,12,998.5,3097,16,999.1,96,1,999.3,12,2,999.4,581,6,999.5,738,8,999.6,1232,17
317,2025-11-26 10:34:38+05:30,999.0,142,995.76,3539287,347579.0,429412.0,986.2,1001.8,981.3,986.2,120280500,1084.8,887.6,1102.5,649.1,999.0,680,8,998.8,662,6,998.7,1314,9,998.6,1665,12,998.5,3097,16,999.1,96,1,999.3,12,2,999.4,581,6,999.5,738,8,999.6,1232,17
317,2025-11-26 10:34:39+05:30,999.0,142,995.76,3539287,348029.0,430240.0,986.2,1001.8,981.3,986.2,120280500,1084.8,887.6,1102.5,649.1,999.0,780,9,998.9,49,1,998.8,662,6,998.7,1317,9,998.6,1955,14,999.1,96,1,999.3,12,2,999.4,552,5,999.5,824,10,999.6,1260,18
317,2025-11-26 10:34:40+05:30,999.0,466,995.76,3539287,348029.0,430240.0,986.2,1001.8,981.3,986.2,120280500,1084.8,887.6,1102.5,649.1,999.0,780,9,998.9,49,1,998.8,662,6,998.7,1317,9,998.6,1955,14,999.1,96,1,999.3,12,2,999.4,552,5,999.5,824,10,999.6,1260,18
317,2025-11-26 10:34:40+05:30,999.0,466,995.76,3540708,349092.0,430061.0,986.2,1001.8,981.3,986.2,120280500,1084.8,887.6,1102.5,649.1,999.0,1389,1,998.8,360,4,998.7,1131,8,998.6,1955,14,998.5,3363,18,999.3,48,3,999.4,675,6,999.5,1500,11,999.6,1199,15,999.7,872,11
317,2025-11-26 10:34:41+05:30,999.0,284,995.76,3540708,349092.0,430061.0,986.2,1001.8,981.3,986.2,120280500,1084.8,887.6,1102.5,649.1,999.0,1389,1,998.8,360,4,998.7,1131,8,998.6,1955,14,998.5,3363,18,999.3,48,3,999.4,675,6,999.5,1500,11,999.6,1199,15,999.7,872,11
317,2025-11-26 10:34:41+05:30,999.0,1,995.76,3541003,349020.0,430408.0,986.2,1001.8,981.3,986.2,120280500,1084.8,887.6,1102.5,649.1,999.0,1094,1,998.8,311,3,998.7,1095,7,998.6,1705,13,998.5,3649,20,999.3,300,6,999.4,724,7,999.5,1549,12,999.6,1208,16,999.7,646,10
317,2025-11-26 10:34:42+05:30,999.0,1,995.76,3541003,349020.0,430408.0,986.2,1001.8,981.3,986.2,120280500,1084.8,887.6,1102.5,649.1,999.0,1094,1,998.8,311,3,998.7,1095,7,998.6,1705,13,998.5,3649,20,999.3,300,6,999.4,724,7,999.5,1549,12,999.6,1208,16,999.7,646,10
317,2025-11-26 10:34:42+05:30,999.0,1,995.76,3541003,348777.0,430480.0,986.2,1001.8,981.3,986.2,120280500,1084.8,887.6,1102.5,649.1,999.0,1094,1,998.8,311,3,998.7,1095,7,998.6,1705,13,998.5,3649,20,999.3,300,6,999.4,724,7,999.5,1549,12,999.6,1208,16,999.7,646,10
317,2025-11-26 10:34:43+05:30,999.0,5,995.76,3541003,348777.0,430480.0,986.2,1001.8,981.3,986.2,120280500,1084.8,887.6,1102.5,649.1,999.0,1094,1,998.8,311,3,998.7,1095,7,998.6,1705,13,998.5,3649,20,999.3,300,6,999.4,724,7,999.5,1549,12,999.6,1208,16,999.7,646,10
317,2025-11-26 10:34:43+05:30,999.0,5,995.76,3541008,350145.0,429743.0,986.2,1001.8,981.3,986.2,120280500,1084.8,887.6,1102.5,649.1,999.0,1089,1,998.9,251,2,998.8,1309,7,998.7,3244,12,998.6,1798,13,999.3,12,2,999.4,498,5,999.5,834,11,999.6,1147,13,999.7,872,11
317,2025-11-26 10:34:44+05:30,999.3,3,995.76,3541011,350125.0,429241.0,986.2,1001.8,981.3,986.2,120280500,1084.8,887.6,1102.5,649.1,999.0,1089,1,998.9,227,1,998.8,1309,7,998.7,3244,12,998.6,1798,13,999.3,9,2,999.4,534,6,999.5,824,12,999.6,685,9,999.7,917,12
317,2025-11-26 10:34:45+05:30,999.3,3,995.76,3541011,350125.0,429241.0,986.2,1001.8,981.3,986.2,120280500,1084.8,887.6,1102.5,649.1,999.0,1089,1,998.9,227,1,998.8,1309,7,998.7,3244,12,998.6,1798,13,999.3,9,2,999.4,534,6,999.5,824,12,999.6,685,9,999.7,917,12
317,2025-11-26 10:34:45+05:30,999.3,3,995.76,3541011,350148.0,429331.0,986.2,1001.8,981.3,986.2,120280500,1084.8,887.6,1102.5,649.1,999.0,1093,2,998.9,227,1,998.8,1309,7,998.7,3244,12,998.6,1824,14,999.3,70,3,999.4,599,8,999.5,798,12,999.6,685,9,999.7,917,12
317,2025-11-26 10:34:46+05:30,999.3,25,995.76,3541036,350070.0,429461.0,986.2,1001.8,981.3,986.2,120280500,1084.8,887.6,1102.5,649.1,999.0,1106,3,998.9,453,2,998.8,1230,6,998.7,3244,12,998.6,1798,13,999.3,10,1,999.4,384,5,999.5,887,10,999.6,786,15,999.7,1429,14
317,2025-11-26 10:34:47+05:30,999.3,25,995.76,3541036,350070.0,429461.0,986.2,1001.8,981.3,986.2,120280500,1084.8,887.6,1102.5,649.1,999.0,1106,3,998.9,453,2,998.8,1230,6,998.7,3244,12,998.6,1798,13,999.3,10,1,999.4,384,5,999.5,887,10,999.6,786,15,999.7,1429,14
317,2025-11-26 10:34:47+05:30,999.3,1,995.76,3541037,350070.0,429479.0,986.2,1001.8,981.3,986.2,120280500,1084.8,887.6,1102.5,649.1,999.0,1106,3,998.9,453,2,998.8,1230,6,998.7,3244,12,998.6,1798,13,999.3,76,2,999.4,461,7,999.5,858,12,999.6,786,15,999.7,1393,13
317,2025-11-26 10:34:48+05:30,999.3,1,995.76,3541037,350070.0,429479.0,986.2,1001.8,981.3,986.2,120280500,1084.8,887.6,1102.5,649.1,999.0,1106,3,998.9,453,2,998.8,1230,6,998.7,3244,12,998.6,1798,13,999.3,76,2,999.4,461,7,999.5,858,12,999.6,786,15,999.7,1393,13
317,2025-11-26 10:34:48+05:30,999.3,1,995.76,3541037,350070.0,429479.0,986.2,1001.8,981.3,986.2,120280500,1084.8,887.6,1102.5,649.1,999.0,1106,3,998.9,453,2,998.8,1230,6,998.7,3244,12,998.6,1798,13,999.3,76,2,999.4,461,7,999.5,858,12,999.6,786,15,999.7,1393,13
317,2025-11-26 10:34:49+05:30,999.3,1,995.76,3541037,350070.0,429479.0,986.2,1001.8,981.3,986.2,120280500,1084.8,887.6,1102.5,649.1,999.0,1106,3,998.9,453,2,998.8,1230,6,998.7,3244,12,998.6,1798,13,999.3,76,2,999.4,461,7,999.5,858,12,999.6,786,15,999.7,1393,13
317,2025-11-26 10:34:49+05:30,999.0,28,995.76,3541075,350047.0,429353.0,986.2,1001.8,981.3,986.2,120280500,1084.8,887.6,1102.5,649.1,999.1,60,1,999.0,1078,3,998.9,453,2,998.8,1309,7,998.7,3244,12,999.3,10,1,999.4,308,5,999.5,894,13,999.6,750,14,999.7,863,12
317,2025-11-26 10:34:50+05:30,999.1,60,995.76,3541075,350047.0,429353.0,986.2,1001.8,981.3,986.2,120280500,1084.8,887.6,1102.5,649.1,999.1,60,1,999.0,1078,3,998.9,453,2,998.8,1309,7,998.7,3244,12,999.3,10,1,999.4,308,5,999.5,894,13,999.6,750,14,999.7,863,12
317,2025-11-26 10:34:50+05:30,999.1,60,995.76,3541135,352766.0,430195.0,986.2,1001.8,981.3,986.2,120280500,1084.8,887.6,1102.5,649.1,999.0,1078,3,998.9,453,2,998.8,1374,7,998.7,4965,16,998.6,1798,13,999.1,36,1,999.2,5,1,999.3,87,2,999.4,308,5,999.5,928,12
317,2025-11-26 10:34:52+05:30,999.1,60,995.76,3541135,352799.0,430128.0,986.2,1001.8,981.3,986.2,120280500,1084.8,887.6,1102.5,649.1,999.0,1078,3,998.9,453,2,998.8,1374,7,998.7,4965,16,998.6,1798,13,999.1,36,1,999.2,5,1,999.3,10,1,999.4,308,5,999.5,928,12
317,2025-11-26 10:34:52+05:30,999.0,85,995.76,3541135,352799.0,430128.0,986.2,1001.8,981.3,986.2,120280500,1084.8,887.6,1102.5,649.1,999.0,1078,3,998.9,453,2,998.8,1374,7,998.7,4965,16,998.6,1798,13,999.1,36,1,999.2,5,1,999.3,10,1,999.4,308,5,999.5,928,12
317,2025-11-26 10:34:53+05:30,999.0,85,995.76,3541220,352917.0,430069.0,986.2,1001.8,981.3,986.2,120280500,1084.8,887.6,1102.5,649.1,999.0,1093,4,998.9,486,3,998.8,1338,6,998.7,4965,16,998.6,1798,13,999.1,36,1,999.2,8,2,999.3,10,1,999.4,303,4,999.5,1043,12
317,2025-11-26 10:34:53+05:30,999.1,112,995.76,3541220,352917.0,430069.0,986.2,1001.8,981.3,986.2,120280500,1084.8,887.6,1102.5,649.1,999.0,1093,4,998.9,486,3,998.8,1338,6,998.7,4965,16,998.6,1798,13,999.1,36,1,999.2,8,2,999.3,10,1,999.4,303,4,999.5,1043,12
317,2025-11-26 10:34:54+05:30,999.0,1,995.76,3541333,353420.0,430484.0,986.2,1001.8,981.3,986.2,120280500,1084.8,887.6,1102.5,649.1,999.0,1192,5,998.9,486,3,998.8,1540,7,998.7,4965,16,998.6,1798,13,999.1,96,1,999.2,8,2,999.3,10,1,999.4,254,3,999.5,1033,11
317,2025-11-26 10:34:54+05:30,999.0,1,995.76,3541333,353420.0,430484.0,986.2,1001.8,981.3,986.2,120280500,1084.8,887.6,1102.5,649.1,999.0,1192,5,998.9,486,3,998.8,1540,7,998.7,4965,16,998.6,1798,13,999.1,96,1,999.2,8,2,999.3,10,1,999.4,254,3,999.5,1033,11
317,2025-11-26 10:34:55+05:30,999.0,117,995.76,3542301,351318.0,430440.0,986.2,1001.8,981.3,986.2,120280500,1084.8,887.6,1102.5,649.1,999.0,224,5,998.9,486,3,998.8,1417,8,998.7,4685,14,998.6,2048,14,999.2,8,2,999.3,10,1,999.4,254,3,999.5,1042,12,999.6,750,14
317,2025-11-26 10:34:55+05:30,999.0,117,995.76,3542301,351318.0,430440.0,986.2,1001.8,981.3,986.2,120280500,1084.8,887.6,1102.5,649.1,999.0,224,5,998.9,486,3,998.8,1417,8,998.7,4685,14,998.6,2048,14,999.2,8,2,999.3,10,1,999.4,254,3,999.5,1042,12,999.6,750,14
317,2025-11-26 10:34:56+05:30,999.0,10,995.76,3542301,351318.0,430440.0,986.2,1001.8,981.3,986.2,120280500,1084.8,887.6,1102.5,649.1,999.0,2020,1,998.9,453,2,998.8,1338,6,998.7,3935,13,998.6,1831,14,999.2,41,3,999.3,43,2,999.4,432,3,999.5,1042,12,999.6,750,14
317,2025-11-26 10:34:56+05:30,999.0,10,995.76,3542535,352314.0,430558.0,986.2,1001.8,981.3,986.2,120280500,1084.8,887.6,1102.5,649.1,999.0,2020,1,998.9,453,2,998.8,1338,6,998.7,3935,13,998.6,1831,14,999.2,41,3,999.3,43,2,999.4,432,3,999.5,1042,12,999.6,750,14
317,2025-11-26 10:34:57+05:30,999.2,2,995.76,3542535,352314.0,430558.0,986.2,1001.8,981.3,986.2,120280500,1084.8,887.6,1102.5,649.1,999.0,2020,1,998.9,453,2,998.8,1338,6,998.7,3935,13,998.6,1831,14,999.2,41,3,999.3,43,2,999.4,432,3,999.5,1042,12,999.6,750,14
317,2025-11-26 10:34:57+05:30,999.2,2,995.76,3542542,352349.0,430746.0,986.2,1001.8,981.3,986.2,120280500,1084.8,887.6,1102.5,649.1,999.0,2030,2,998.9,453,2,998.8,1396,8,998.7,3935,13,998.6,1798,13,999.2,1,1,999.3,10,1,999.4,465,4,999.5,1075,13,999.6,750,14
317,2025-11-26 10:34:58+05:30,999.2,2,995.76,3542542,352371.0,430746.0,986.2,1001.8,981.3,986.2,120280500,1084.8,887.6,1102.5,649.1,999.0,2030,2,998.9,453,2,998.8,1445,9,998.7,4185,14,998.6,1798,13,999.2,1,1,999.3,10,1,999.4,465,4,999.5,1075,13,999.6,750,14
317,2025-11-26 10:34:59+05:30,999.2,2,995.76,3542542,352371.0,430746.0,986.2,1001.8,981.3,986.2,120280500,1084.8,887.6,1102.5,649.1,999.0,2030,2,998.9,453,2,998.8,1445,9,998.7,4185,14,998.6,1798,13,999.2,1,1,999.3,10,1,999.4,465,4,999.5,1075,13,999.6,750,14
317,2025-11-26 10:35:00+05:30,999.2,2,995.76,3542542,353891.0,430620.0,986.2,1001.8,981.3,986.2,120280500,1084.8,887.6,1102.5,649.1,999.0,2050,3,998.9,453,2,998.8,1420,8,998.7,4960,16,998.6,1798,13,999.1,96,1,999.2,1,1,999.3,10,1,999.4,510,4,999.5,1106,14
317,2025-11-26 10:35:01+05:30,999.0,8,995.76,3542542,353891.0,430620.0,986.2,1001.8,981.3,986.2,120280500,1084.8,887.6,1102.5,649.1,999.0,2050,3,998.9,453,2,998.8,1420,8,998.7,4960,16,998.6,1798,13,999.1,96,1,999.2,1,1,999.3,10,1,999.4,510,4,999.5,1106,14
317,2025-11-26 10:35:01+05:30,999.0,8,995.76,3542550,353792.0,430690.0,986.2,1001.8,981.3,986.2,120280500,1084.8,887.6,1102.5,649.1,999.0,2042,3,998.9,453,2,998.8,1371,7,998.7,4935,15,998.6,1798,13,999.1,96,1,999.2,1,1,999.3,89,3,999.4,510,4,999.5,1106,14
317,2025-11-26 10:35:02+05:30,999.1,750,995.76,3542550,353792.0,430690.0,986.2,1001.8,981.3,986.2,120280500,1084.8,887.6,1102.5,649.1,999.0,2042,3,998.9,453,2,998.8,1371,7,998.7,4935,15,998.6,1798,13,999.1,96,1,999.2,1,1,999.3,89,3,999.4,510,4,999.5,1106,14
317,2025-11-26 10:35:02+05:30,999.1,750,995.76,3543304,353775.0,430916.0,986.2,1001.8,981.3,986.2,120280500,1084.8,887.6,1102.5,649.1,999.0,2038,3,998.9,453,2,998.8,1338,6,998.7,4918,16,998.6,1829,14,999.1,96,1,999.2,1,1,999.3,87,2,999.4,49,1,999.5,986,12
317,2025-11-26 10:35:03+05:30,999.0,117,995.76,3543304,353775.0,430916.0,986.2,1001.8,981.3,986.2,120280500,1084.8,887.6,1102.5,649.1,999.0,2038,3,998.9,453,2,998.8,1338,6,998.7,4918,16,998.6,1829,14,999.1,96,1,999.2,1,1,999.3,87,2,999.4,49,1,999.5,986,12
317,2025-11-26 10:35:03+05:30,999.0,1,995.76,3543423,353443.0,431147.0,986.2,1001.8,981.3,986.2,120280500,1084.8,887.6,1102.5,649.1,999.0,1933,4,998.9,453,2,998.8,1369,7,998.7,4642,14,998.6,2048,14,999.1,103,2,999.2,1,1,999.3,87,2,999.4,253,3,999.5,986,12
317,2025-11-26 10:35:04+05:30,999.0,3,995.76,3543423,353443.0,431147.0,986.2,1001.8,981.3,986.2,120280500,1084.8,887.6,1102.5,649.1,999.0,1933,4,998.9,453,2,998.8,1369,7,998.7,4642,14,998.6,2048,14,999.1,103,2,999.2,1,1,999.3,87,2,999.4,253,3,999.5,986,12
317,2025-11-26 10:35:04+05:30,999.0,3,995.76,3543427,353558.0,430976.0,986.2,1001.8,981.3,986.2,120280500,1084.8,887.6,1102.5,649.1,999.0,1929,4,998.9,453,2,998.8,1418,8,998.7,4743,16,998.6,2048,14,999.1,103,2,999.2,1,1,999.3,87,2,999.4,204,2,999.5,986,12
317,2025-11-26 10:35:05+05:30,999.0,203,995.76,3543427,353558.0,430976.0,986.2,1001.8,981.3,986.2,120280500,1084.8,887.6,1102.5,649.1,999.0,1929,4,998.9,453,2,998.8,1418,8,998.7,4743,16,998.6,2048,14,999.1,103,2,999.2,1,1,999.3,87,2,999.4,204,2,999.5,986,12
317,2025-11-26 10:35:06+05:30,999.1,1,995.76,3543631,354162.0,429400.0,986.2,1001.8,981.3,986.2,120280500,1084.8,887.6,1102.5,649.1,999.0,1942,5,998.9,1147,7,998.8,1637,8,998.7,4743,16,998.6,1572,12,999.1,7,1,999.2,1,1,999.3,10,1,999.4,2,1,999.5,755,10
317,2025-11-26 10:35:06+05:30,999.1,1,995.76,3543631,354162.0,429400.0,986.2,1001.8,981.3,986.2,120280500,1084.8,887.6,1102.5,649.1,999.0,1942,5,998.9,1147,7,998.8,1637,8,998.7,4743,16,998.6,1572,12,999.1,7,1,999.2,1,1,999.3,10,1,999.4,2,1,999.5,755,10
317,2025-11-26 10:35:07+05:30,999.1,1,995.76,3543632,354216.0,429519.0,986.2,1001.8,981.3,986.2,120280500,1084.8,887.6,1102.5,649.1,999.0,1942,5,998.9,1147,7,998.8,1637,8,998.7,4743,16,998.6,1572,12,999.1,6,1,999.2,1,1,999.3,10,1,999.4,2,1,999.5,649,9
317,2025-11-26 10:35:08+05:30,999.1,1,995.76,3543632,354216.0,430053.0,986.2,1001.8,981.3,986.2,120280500,1084.8,887.6,1102.5,649.1,999.0,1942,5,998.9,1147,7,998.8,1637,8,998.7,4743,16,998.6,1572,12,999.1,6,1,999.2,1,1,999.3,10,1,999.4,2,1,999.5,649,9
317,2025-11-26 10:35:09+05:30,999.1,2,995.76,3543634,355114.0,429295.0,986.2,1001.8,981.3,986.2,120280500,1084.8,887.6,1102.5,649.1,999.0,1942,5,998.9,1002,5,998.8,1637,8,998.7,5493,17,998.6,1572,12,999.1,4,1,999.2,1,1,999.3,10,1,999.4,2,1,999.5,649,9
317,2025-11-26 10:35:09+05:30,999.1,2,995.76,3543634,355114.0,429295.0,986.2,1001.8,981.3,986.2,120280500,1084.8,887.6,1102.5,649.1,999.0,1942,5,998.9,1002,5,998.8,1637,8,998.7,5493,17,998.6,1572,12,999.1,4,1,999.2,1,1,999.3,10,1,999.4,2,1,999.5,649,9
317,2025-11-26 10:35:10+05:30,999.0,953,995.77,3544589,353263.0,429591.0,986.2,1001.8,981.3,986.2,120280500,1084.8,887.6,1102.5,649.1,999.0,773,4,998.9,613,4,998.8,1338,6,998.7,5521,16,998.6,1572,12,999.1,2,1,999.2,1,1,999.3,10,1,999.4,204,2,999.5,865,10
317,2025-11-26 10:35:10+05:30,999.0,953,995.77,3544589,353263.0,429591.0,986.2,1001.8,981.3,986.2,120280500,1084.8,887.6,1102.5,649.1,999.0,773,4,998.9,613,4,998.8,1338,6,998.7,5521,16,998.6,1572,12,999.1,2,1,999.2,1,1,999.3,10,1,999.4,204,2,999.5,865,10
317,2025-11-26 10:35:11+05:30,999.0,953,995.77,3544589,353287.0,430106.0,986.2,1001.8,981.3,986.2,120280500,1084.8,887.6,1102.5,649.1,999.0,773,4,998.9,613,4,998.8,1387,7,998.7,5521,16,998.6,1572,12,999.1,2,1,999.2,1,1,999.3,10,1,999.4,204,2,999.5,865,10
317,2025-11-26 10:35:11+05:30,999.0,234,995.77,3544589,353287.0,430106.0,986.2,1001.8,981.3,986.2,120280500,1084.8,887.6,1102.5,649.1,999.0,773,4,998.9,613,4,998.8,1387,7,998.7,5521,16,998.6,1572,12,999.1,2,1,999.2,1,1,999.3,10,1,999.4,204,2,999.5,865,10
317,2025-11-26 10:35:12+05:30,999.1,15,995.77,3544844,353100.0,430216.0,986.2,1001.8,981.3,986.2,120280500,1084.8,887.6,1102.5,649.1,999.0,535,4,998.9,453,2,998.8,1416,8,998.7,5271,15,998.6,1788,13,999.1,8,1,999.2,1,1,999.3,10,1,999.4,275,3,999.5,865,10
317,2025-11-26 10:35:12+05:30,999.1,1,995.77,3544844,353100.0,430216.0,986.2,1001.8,981.3,986.2,120280500,1084.8,887.6,1102.5,649.1,999.0,535,4,998.9,453,2,998.8,1416,8,998.7,5271,15,998.6,1788,13,999.1,8,1,999.2,1,1,999.3,10,1,999.4,275,3,999.5,865,10
317,2025-11-26 10:35:13+05:30,999.1,1,995.77,3544845,353126.0,429755.0,986.2,1001.8,981.3,986.2,120280500,1084.8,887.6,1102.5,649.1,999.0,535,4,998.9,453,2,998.8,1416,8,998.7,5271,15,998.6,1788,13,999.1,7,1,999.2,1,1,999.3,10,1,999.4,275,3,999.5,865,10
317,2025-11-26 10:35:14+05:30,999.1,48,995.77,3544845,353126.0,429755.0,986.2,1001.8,981.3,986.2,120280500,1084.8,887.6,1102.5,649.1,999.1,84,2,999.0,515,3,998.9,482,3,998.8,1387,7,998.7,4771,15,999.2,1,1,999.3,65,2,999.4,304,4,999.5,903,12,999.6,971,13
317,2025-11-26 10:35:14+05:30,999.1,48,995.77,3544893,351724.0,429267.0,986.2,1001.8,981.3,986.2,120280500,1084.8,887.6,1102.5,649.1,999.1,84,2,999.0,515,3,998.9,482,3,998.8,1387,7,998.7,4771,15,999.2,1,1,999.3,65,2,999.4,304,4,999.5,903,12,999.6,971,13
317,2025-11-26 10:35:15+05:30,999.2,1,995.77,3544893,351724.0,429267.0,986.2,1001.8,981.3,986.2,120280500,1084.8,887.6,1102.5,649.1,999.1,84,2,999.0,515,3,998.9,482,3,998.8,1387,7,998.7,4771,15,999.2,1,1,999.3,65,2,999.4,304,4,999.5,903,12,999.6,971,13
317,2025-11-26 10:35:15+05:30,999.1,60,995.77,3544961,351644.0,429406.0,986.2,1001.8,981.3,986.2,120280500,1084.8,887.6,1102.5,649.1,999.1,37,3,999.0,502,2,998.9,453,2,998.8,1367,7,998.7,4777,16,999.2,2,1,999.3,10,1,999.4,420,5,999.5,903,12,999.6,971,13
317,2025-11-26 10:35:16+05:30,999.2,1,995.77,3544961,351644.0,429406.0,986.2,1001.8,981.3,986.2,120280500,1084.8,887.6,1102.5,649.1,999.1,37,3,999.0,502,2,998.9,453,2,998.8,1367,7,998.7,4777,16,999.2,2,1,999.3,10,1,999.4,420,5,999.5,903,12,999.6,971,13
317,2025-11-26 10:35:16+05:30,999.2,1,995.77,3544962,351644.0,429405.0,986.2,1001.8,981.3,986.2,120280500,1084.8,887.6,1102.5,649.1,999.1,37,3,999.0,502,2,998.9,453,2,998.8,1367,7,998.7,4777,16,999.2,1,1,999.3,10,1,999.4,420,5,999.5,903,12,999.6,971,13
317,2025-11-26 10:35:17+05:30,999.1,1,995.77,3544962,351644.0,429405.0,986.2,1001.8,981.3,986.2,120280500,1084.8,887.6,1102.5,649.1,999.1,37,3,999.0,502,2,998.9,453,2,998.8,1367,7,998.7,4777,16,999.2,1,1,999.3,10,1,999.4,420,5,999.5,903,12,999.6,971,13
317,2025-11-26 10:35:17+05:30,999.1,1,995.77,3544963,351569.0,429406.0,986.2,1001.8,981.3,986.2,120280500,1084.8,887.6,1102.5,649.1,999.1,36,3,999.0,502,2,998.9,482,3,998.8,1338,6,998.7,4777,16,999.2,2,2,999.3,10,1,999.4,420,5,999.5,903,12,999.6,971,13
317,2025-11-26 10:35:18+05:30,999.1,1,995.77,3544963,351813.0,429406.0,986.2,1001.8,981.3,986.2,120280500,1084.8,887.6,1102.5,649.1,999.1,36,3,999.0,502,2,998.9,482,3,998.8,1387,7,998.7,4777,16,999.2,2,2,999.3,10,1,999.4,420,5,999.5,903,12,999.6,971,13
317,2025-11-26 10:35:19+05:30,999.1,1,995.77,3544963,351978.0,429358.0,986.2,1001.8,981.3,986.2,120280500,1084.8,887.6,1102.5,649.1,999.1,36,3,999.0,642,3,998.9,482,3,998.8,1387,7,998.7,4777,16,999.2,2,2,999.3,10,1,999.4,420,5,999.5,875,11,999.6,971,13
317,2025-11-26 10:35:21+05:30,999.2,9,995.77,3544963,351978.0,429358.0,986.2,1001.8,981.3,986.2,120280500,1084.8,887.6,1102.5,649.1,999.1,36,3,999.0,642,3,998.9,482,3,998.8,1387,7,998.7,4777,16,999.2,2,2,999.3,10,1,999.4,420,5,999.5,875,11,999.6,971,13
317,2025-11-26 10:35:23+05:30,999.2,9,995.77,3545948,352939.0,430184.0,986.2,1001.8,981.3,986.2,120280500,1084.8,887.6,1102.5,649.1,999.1,15,2,999.0,678,4,998.9,227,1,998.8,1184,5,998.7,4795,16,999.2,324,2,999.3,196,3,999.4,667,9,999.5,799,12,999.6,950,12
317,2025-11-26 10:35:25+05:30,999.2,184,995.77,3545948,352939.0,430184.0,986.2,1001.8,981.3,986.2,120280500,1084.8,887.6,1102.5,649.1,999.1,15,2,999.0,678,4,998.9,227,1,998.8,1184,5,998.7,4795,16,999.2,324,2,999.3,196,3,999.4,667,9,999.5,799,12,999.6,950,12
317,2025-11-26 10:35:27+05:30,999.3,8,995.77,3545948,352939.0,430184.0,986.2,1001.8,981.3,986.2,120280500,1084.8,887.6,1102.5,649.1,999.1,15,2,999.0,678,4,998.9,227,1,998.8,1184,5,998.7,4795,16,999.2,324,2,999.3,196,3,999.4,667,9,999.5,799,12,999.6,950,12
317,2025-11-26 10:35:28+05:30,999.3,8,995.77,3546735,348802.0,429687.0,986.2,1001.8,981.3,986.2,120280500,1084.8,887.6,1102.5,649.1,999.2,206,1,999.0,458,4,998.9,330,3,998.8,552,3,998.7,1667,10,999.3,2,1,999.4,393,6,999.5,953,11,999.6,860,11,999.7,970,15
317,2025-11-26 10:35:29+05:30,999.2,117,995.77,3546735,348802.0,429687.0,986.2,1001.8,981.3,986.2,120280500,1084.8,887.6,1102.5,649.1,999.2,206,1,999.0,458,4,998.9,330,3,998.8,552,3,998.7,1667,10,999.3,2,1,999.4,393,6,999.5,953,11,999.6,860,11,999.7,970,15
317,2025-11-26 10:35:31+05:30,999.0,8,995.77,3546735,348802.0,429687.0,986.2,1001.8,981.3,986.2,120280500,1084.8,887.6,1102.5,649.1,999.2,206,1,999.0,458,4,998.9,330,3,998.8,552,3,998.7,1667,10,999.3,2,1,999.4,393,6,999.5,953,11,999.6,860,11,999.7,970,15
317,2025-11-26 10:35:33+05:30,999.2,20,995.77,3546735,348802.0,429687.0,986.2,1001.8,981.3,986.2,120280500,1084.8,887.6,1102.5,649.1,999.2,206,1,999.0,458,4,998.9,330,3,998.8,552,3,998.7,1667,10,999.3,2,1,999.4,393,6,999.5,953,11,999.6,860,11,999.7,970,15
317,2025-11-26 10:35:33+05:30,999.2,20,995.77,3547213,348546.0,430516.0,986.2,1001.8,981.3,986.2,120280500,1084.8,887.6,1102.5,649.1,999.1,109,1,999.0,442,5,998.9,134,2,998.8,579,5,998.7,1213,11,999.2,56,1,999.3,67,3,999.4,591,7,999.5,950,10,999.6,1111,14
317,2025-11-26 10:35:35+05:30,999.0,219,995.77,3547213,348546.0,430516.0,986.2,1001.8,981.3,986.2,120280500,1084.8,887.6,1102.5,649.1,999.1,109,1,999.0,442,5,998.9,134,2,998.8,579,5,998.7,1213,11,999.2,56,1,999.3,67,3,999.4,591,7,999.5,950,10,999.6,1111,14
317,2025-11-26 10:35:37+05:30,999.3,1,995.77,3547213,348546.0,430516.0,986.2,1001.8,981.3,986.2,120280500,1084.8,887.6,1102.5,649.1,999.1,109,1,999.0,442,5,998.9,134,2,998.8,579,5,998.7,1213,11,999.2,56,1,999.3,67,3,999.4,591,7,999.5,950,10,999.6,1111,14
317,2025-11-26 10:35:38+05:30,999.3,1,995.77,3548039,350385.0,428762.0,986.2,1001.8,981.3,986.2,120280500,1084.8,887.6,1102.5,649.1,999.0,1891,3,998.9,242,5,998.8,868,8,998.7,1867,11,998.6,1664,15,999.3,4,1,999.4,30,3,999.5,741,9,999.6,832,9,999.7,916,12
317,2025-11-26 10:35:39+05:30,999.0,236,995.77,3548039,350385.0,428762.0,986.2,1001.8,981.3,986.2,120280500,1084.8,887.6,1102.5,649.1,999.0,1891,3,998.9,242,5,998.8,868,8,998.7,1867,11,998.6,1664,15,999.3,4,1,999.4,30,3,999.5,741,9,999.6,832,9,999.7,916,12
317,2025-11-26 10:35:41+05:30,999.0,1,995.77,3548039,350385.0,428762.0,986.2,1001.8,981.3,986.2,120280500,1084.8,887.6,1102.5,649.1,999.0,1891,3,998.9,242,5,998.8,868,8,998.7,1867,11,998.6,1664,15,999.3,4,1,999.4,30,3,999.5,741,9,999.6,832,9,999.7,916,12
317,2025-11-26 10:35:42+05:30,999.0,1,995.77,3548280,351520.0,429629.0,986.2,1001.8,981.3,986.2,120280500,1084.8,887.6,1102.5,649.1,999.0,1671,4,998.8,240,2,998.7,1048,8,998.6,1969,15,998.5,4145,21,999.1,96,1,999.2,250,2,999.3,166,4,999.4,588,8,999.5,953,12
317,2025-11-26 10:35:45+05:30,999.0,894,995.77,3548280,351520.0,429629.0,986.2,1001.8,981.3,986.2,120280500,1084.8,887.6,1102.5,649.1,999.0,1671,4,998.8,240,2,998.7,1048,8,998.6,1969,15,998.5,4145,21,999.1,96,1,999.2,250,2,999.3,166,4,999.4,588,8,999.5,953,12
317,2025-11-26 10:35:47+05:30,999.2,5,995.77,3549239,350717.0,430233.0,986.2,1001.8,981.3,986.2,120280500,1084.8,887.6,1102.5,649.1,999.0,760,4,998.8,555,5,998.7,1126,10,998.6,1969,15,998.5,3427,21,999.2,245,2,999.3,12,2,999.4,586,8,999.5,949,11,999.6,1104,13
317,2025-11-26 10:35:47+05:30,999.2,5,995.77,3549239,350717.0,430233.0,986.2,1001.8,981.3,986.2,120280500,1084.8,887.6,1102.5,649.1,999.0,760,4,998.8,555,5,998.7,1126,10,998.6,1969,15,998.5,3427,21,999.2,245,2,999.3,12,2,999.4,586,8,999.5,949,11,999.6,1104,13
317,2025-11-26 10:35:49+05:30,999.2,2,995.77,3549239,350717.0,430233.0,986.2,1001.8,981.3,986.2,120280500,1084.8,887.6,1102.5,649.1,999.0,760,4,998.8,555,5,998.7,1126,10,998.6,1969,15,998.5,3427,21,999.2,245,2,999.3,12,2,999.4,586,8,999.5,949,11,999.6,1104,13
317,2025-11-26 10:35:51+05:30,999.2,2,995.77,3549477,352053.0,429915.0,986.2,1001.8,981.3,986.2,120280500,1084.8,887.6,1102.5,649.1,999.0,534,5,998.8,374,3,998.7,1166,12,998.6,1932,13,998.5,4136,20,999.1,96,1,999.2,243,2,999.3,57,4,999.4,435,9,999.5,1076,14
317,2025-11-26 10:35:53+05:30,999.1,1,995.77,3549477,352053.0,429915.0,986.2,1001.8,981.3,986.2,120280500,1084.8,887.6,1102.5,649.1,999.0,534,5,998.8,374,3,998.7,1166,12,998.6,1932,13,998.5,4136,20,999.1,96,1,999.2,243,2,999.3,57,4,999.4,435,9,999.5,1076,14
317,2025-11-26 10:35:55+05:30,999.0,309,995.77,3549477,352053.0,429915.0,986.2,1001.8,981.3,986.2,120280500,1084.8,887.6,1102.5,649.1,999.0,534,5,998.8,374,3,998.7,1166,12,998.6,1932,13,998.5,4136,20,999.1,96,1,999.2,243,2,999.3,57,4,999.4,435,9,999.5,1076,14
317,2025-11-26 10:35:56+05:30,999.2,20,995.77,3550455,348677.0,429674.0,986.2,1001.8,981.3,986.2,120280500,1084.8,887.6,1102.5,649.1,999.0,1788,3,998.8,131,1,998.7,1141,11,998.6,1973,16,998.5,3360,17,999.2,222,2,999.3,205,4,999.4,424,10,999.5,1043,12,999.6,1114,14
317,2025-11-26 10:35:57+05:30,999.2,1,995.77,3550455,348677.0,429674.0,986.2,1001.8,981.3,986.2,120280500,1084.8,887.6,1102.5,649.1,999.0,1788,3,998.8,131,1,998.7,1141,11,998.6,1973,16,998.5,3360,17,999.2,222,2,999.3,205,4,999.4,424,10,999.5,1043,12,999.6,1114,14
317,2025-11-26 10:35:59+05:30,999.0,118,995.77,3550455,348677.0,429674.0,986.2,1001.8,981.3,986.2,120280500,1084.8,887.6,1102.5,649.1,999.0,1788,3,998.8,131,1,998.7,1141,11,998.6,1973,16,998.5,3360,17,999.2,222,2,999.3,205,4,999.4,424,10,999.5,1043,12,999.6,1114,14
317,2025-11-26 10:36:01+05:30,999.0,8,995.77,3550789,355263.0,429562.0,986.2,1001.8,981.3,986.2,120280500,1084.8,887.6,1102.5,649.1,999.0,1881,5,998.7,869,9,998.6,1973,16,998.5,4093,19,998.4,3362,16,999.1,96,1,999.2,14,1,999.3,274,8,999.4,738,10,999.5,1043,12
317,2025-11-26 10:36:01+05:30,999.0,8,995.77,3550789,355263.0,429562.0,986.2,1001.8,981.3,986.2,120280500,1084.8,887.6,1102.5,649.1,999.0,1881,5,998.7,869,9,998.6,1973,16,998.5,4093,19,998.4,3362,16,999.1,96,1,999.2,14,1,999.3,274,8,999.4,738,10,999.5,1043,12
317,2025-11-26 10:36:03+05:30,999.0,10,995.77,3550789,355263.0,429562.0,986.2,1001.8,981.3,986.2,120280500,1084.8,887.6,1102.5,649.1,999.0,1881,5,998.7,869,9,998.6,1973,16,998.5,4093,19,998.4,3362,16,999.1,96,1,999.2,14,1,999.3,274,8,999.4,738,10,999.5,1043,12
317,2025-11-26 10:36:05+05:30,999.0,400,995.77,3552154,352708.0,430035.0,986.2,1001.8,981.3,986.2,120280500,1084.8,887.6,1102.5,649.1,999.0,534,7,998.8,49,1,998.7,899,9,998.6,1973,16,998.5,3343,18,999.2,14,1,999.3,360,7,999.4,757,11,999.5,1062,13,999.6,899,12
317,2025-11-26 10:36:05+05:30,999.0,400,995.77,3552154,352708.0,430035.0,986.2,1001.8,981.3,986.2,120280500,1084.8,887.6,1102.5,649.1,999.0,534,7,998.8,49,1,998.7,899,9,998.6,1973,16,998.5,3343,18,999.2,14,1,999.3,360,7,999.4,757,11,999.5,1062,13,999.6,899,12
317,2025-11-26 10:36:07+05:30,999.2,1,995.77,3552154,352708.0,430035.0,986.2,1001.8,981.3,986.2,120280500,1084.8,887.6,1102.5,649.1,999.0,534,7,998.8,49,1,998.7,899,9,998.6,1973,16,998.5,3343,18,999.2,14,1,999.3,360,7,999.4,757,11,999.5,1062,13,999.6,899,12
317,2025-11-26 10:36:09+05:30,999.0,4,995.77,3552154,352708.0,430035.0,986.2,1001.8,981.3,986.2,120280500,1084.8,887.6,1102.5,649.1,999.0,534,7,998.8,49,1,998.7,899,9,998.6,1973,16,998.5,3343,18,999.2,14,1,999.3,360,7,999.4,757,11,999.5,1062,13,999.6,899,12
317,2025-11-26 10:36:10+05:30,999.0,4,995.77,3552928,354065.0,430770.0,986.2,1001.8,981.3,986.2,120280500,1084.8,887.6,1102.5,649.1,999.1,17,1,999.0,1859,3,998.8,106,1,998.7,905,10,998.6,1723,15,999.2,12,1,999.3,598,10,999.4,690,10,999.5,867,11,999.6,867,11
317,2025-11-26 10:36:11+05:30,999.0,10,995.77,3552928,354065.0,430770.0,986.2,1001.8,981.3,986.2,120280500,1084.8,887.6,1102.5,649.1,999.1,17,1,999.0,1859,3,998.8,106,1,998.7,905,10,998.6,1723,15,999.2,12,1,999.3,598,10,999.4,690,10,999.5,867,11,999.6,867,11
317,2025-11-26 10:36:13+05:30,999.0,10,995.77,3552928,354065.0,430770.0,986.2,1001.8,981.3,986.2,120280500,1084.8,887.6,1102.5,649.1,999.1,17,1,999.0,1859,3,998.8,106,1,998.7,905,10,998.6,1723,15,999.2,12,1,999.3,598,10,999.4,690,10,999.5,867,11,999.6,867,11
317,2025-11-26 10:36:14+05:30,999.1,4,995.77,3553705,354921.0,429625.0,986.2,1001.8,981.3,986.2,120280500,1084.8,887.6,1102.5,649.1,999.0,1421,3,998.7,864,8,998.6,1723,15,998.5,4160,20,998.4,3501,19,999.1,89,1,999.2,12,1,999.3,542,9,999.4,561,11,999.5,842,10
317,2025-11-26 10:36:15+05:30,999.2,12,995.77,3553705,354921.0,429625.0,986.2,1001.8,981.3,986.2,120280500,1084.8,887.6,1102.5,649.1,999.0,1421,3,998.7,864,8,998.6,1723,15,998.5,4160,20,998.4,3501,19,999.1,89,1,999.2,12,1,999.3,542,9,999.4,561,11,999.5,842,10
317,2025-11-26 10:36:19+05:30,999.3,1,995.77,3554451,350821.0,429379.0,986.2,1001.8,981.3,986.2,120280500,1084.8,887.6,1102.5,649.1,999.0,689,3,998.8,99,2,998.7,448,5,998.6,1500,13,998.5,3351,22,999.3,423,5,999.4,600,12,999.5,825,8,999.6,857,10,999.7,1022,14
317,2025-11-26 10:36:19+05:30,999.3,1,995.77,3554451,350821.0,429379.0,986.2,1001.8,981.3,986.2,120280500,1084.8,887.6,1102.5,649.1,999.0,689,3,998.8,99,2,998.7,448,5,998.6,1500,13,998.5,3351,22,999.3,423,5,999.4,600,12,999.5,825,8,999.6,857,10,999.7,1022,14
317,2025-11-26 10:36:21+05:30,999.1,1,995.77,3554451,350821.0,429379.0,986.2,1001.8,981.3,986.2,120280500,1084.8,887.6,1102.5,649.1,999.0,689,3,998.8,99,2,998.7,448,5,998.6,1500,13,998.5,3351,22,999.3,423,5,999.4,600,12,999.5,825,8,999.6,857,10,999.7,1022,14
317,2025-11-26 10:36:23+05:30,999.5,70,995.77,3554451,350821.0,429379.0,986.2,1001.8,981.3,986.2,120280500,1084.8,887.6,1102.5,649.1,999.0,689,3,998.8,99,2,998.7,448,5,998.6,1500,13,998.5,3351,22,999.3,423,5,999.4,600,12,999.5,825,8,999.6,857,10,999.7,1022,14
317,2025-11-26 10:36:23+05:30,999.5,15,995.78,3558588,351699.0,425379.0,986.2,1001.8,981.3,986.2,120280500,1084.8,887.6,1102.5,649.1,999.0,629,8,998.9,1480,8,998.8,948,10,998.7,1123,8,998.6,2033,13,999.5,72,1,999.6,537,10,999.7,1205,11,999.8,990,11,999.9,1745,22
317,2025-11-26 10:36:25+05:30,999.4,8,995.78,3558588,351699.0,425379.0,986.2,1001.8,981.3,986.2,120280500,1084.8,887.6,1102.5,649.1,999.0,629,8,998.9,1480,8,998.8,948,10,998.7,1123,8,998.6,2033,13,999.5,72,1,999.6,537,10,999.7,1205,11,999.8,990,11,999.9,1745,22
317,2025-11-26 10:36:27+05:30,999.0,10,995.78,3558588,351699.0,425379.0,986.2,1001.8,981.3,986.2,120280500,1084.8,887.6,1102.5,649.1,999.0,629,8,998.9,1480,8,998.8,948,10,998.7,1123,8,998.6,2033,13,999.5,72,1,999.6,537,10,999.7,1205,11,999.8,990,11,999.9,1745,22
317,2025-11-26 10:36:28+05:30,999.0,1,995.78,3559529,351229.0,428183.0,986.2,1001.8,981.3,986.2,120280500,1084.8,887.6,1102.5,649.1,999.0,1013,5,998.9,334,2,998.8,861,8,998.7,1168,9,998.6,2025,13,999.4,102,3,999.5,545,8,999.6,1170,13,999.7,1372,10,999.8,1358,10
317,2025-11-26 10:36:29+05:30,999.0,1,995.78,3559529,351229.0,428183.0,986.2,1001.8,981.3,986.2,120280500,1084.8,887.6,1102.5,649.1,999.0,1013,5,998.9,334,2,998.8,861,8,998.7,1168,9,998.6,2025,13,999.4,102,3,999.5,545,8,999.6,1170,13,999.7,1372,10,999.8,1358,10
317,2025-11-26 10:36:31+05:30,999.3,100,995.78,3559529,351229.0,428183.0,986.2,1001.8,981.3,986.2,120280500,1084.8,887.6,1102.5,649.1,999.0,1013,5,998.9,334,2,998.8,861,8,998.7,1168,9,998.6,2025,13,999.4,102,3,999.5,545,8,999.6,1170,13,999.7,1372,10,999.8,1358,10
317,2025-11-26 10:36:32+05:30,999.3,100,995.78,3559758,351406.0,429338.0,986.2,1001.8,981.3,986.2,120280500,1084.8,887.6,1102.5,649.1,999.0,918,6,998.9,475,5,998.8,640,9,998.7,1638,9,998.6,2060,14,999.3,96,1,999.4,148,3,999.5,519,8,999.6,1024,12,999.7,1207,11
317,2025-11-26 10:36:35+05:30,999.1,112,995.78,3559758,351406.0,429338.0,986.2,1001.8,981.3,986.2,120280500,1084.8,887.6,1102.5,649.1,999.0,918,6,998.9,475,5,998.8,640,9,998.7,1638,9,998.6,2060,14,999.3,96,1,999.4,148,3,999.5,519,8,999.6,1024,12,999.7,1207,11
317,2025-11-26 10:36:37+05:30,999.1,112,995.78,3559870,352010.0,430190.0,986.2,1001.8,981.3,986.2,120280500,1084.8,887.6,1102.5,649.1,999.0,918,6,998.9,257,2,998.8,1098,9,998.7,1424,11,998.6,1416,11,999.1,96,1,999.3,1,1,999.4,324,3,999.5,599,9,999.6,1239,16
317,2025-11-26 10:36:41+05:30,999.0,1,995.78,3559870,352010.0,430190.0,986.2,1001.8,981.3,986.2,120280500,1084.8,887.6,1102.5,649.1,999.0,918,6,998.9,257,2,998.8,1098,9,998.7,1424,11,998.6,1416,11,999.1,96,1,999.3,1,1,999.4,324,3,999.5,599,9,999.6,1239,16
317,2025-11-26 10:36:41+05:30,999.0,5,995.78,3561502,353142.0,430368.0,986.2,1001.8,981.3,986.2,120280500,1084.8,887.6,1102.5,649.1,998.8,74,6,998.7,1015,10,998.6,1747,10,998.5,4580,15,998.4,3953,17,999.0,63,1,999.3,411,3,999.4,761,9,999.5,810,10,999.6,960,15
317,2025-11-26 10:36:43+05:30,999.0,63,995.78,3561502,353142.0,430368.0,986.2,1001.8,981.3,986.2,120280500,1084.8,887.6,1102.5,649.1,998.8,74,6,998.7,1015,10,998.6,1747,10,998.5,4580,15,998.4,3953,17,999.0,63,1,999.3,411,3,999.4,761,9,999.5,810,10,999.6,960,15
317,2025-11-26 10:36:45+05:30,999.4,1,995.78,3561502,353142.0,430368.0,986.2,1001.8,981.3,986.2,120280500,1084.8,887.6,1102.5,649.1,998.8,74,6,998.7,1015,10,998.6,1747,10,998.5,4580,15,998.4,3953,17,999.0,63,1,999.3,411,3,999.4,761,9,999.5,810,10,999.6,960,15
317,2025-11-26 10:36:46+05:30,999.4,1,995.78,3561930,357643.0,426474.0,986.2,1001.8,981.3,986.2,120280500,1084.8,887.6,1102.5,649.1,999.2,1211,10,999.1,1101,9,999.0,1670,10,998.9,4360,12,998.8,2117,14,999.5,2,1,999.6,1,1,999.7,288,2,999.8,575,5,999.9,671,7
317,2025-11-26 10:36:47+05:30,999.5,14,995.78,3561930,357643.0,426474.0,986.2,1001.8,981.3,986.2,120280500,1084.8,887.6,1102.5,649.1,999.2,1211,10,999.1,1101,9,999.0,1670,10,998.9,4360,12,998.8,2117,14,999.5,2,1,999.6,1,1,999.7,288,2,999.8,575,5,999.9,671,7
317,2025-11-26 10:36:49+05:30,999.5,7,995.78,3561930,357643.0,426474.0,986.2,1001.8,981.3,986.2,120280500,1084.8,887.6,1102.5,649.1,999.2,1211,10,999.1,1101,9,999.0,1670,10,998.9,4360,12,998.8,2117,14,999.5,2,1,999.6,1,1,999.7,288,2,999.8,575,5,999.9,671,7
317,2025-11-26 10:36:51+05:30,999.4,96,995.78,3561930,357643.0,426474.0,986.2,1001.8,981.3,986.2,120280500,1084.8,887.6,1102.5,649.1,999.2,1211,10,999.1,1101,9,999.0,1670,10,998.9,4360,12,998.8,2117,14,999.5,2,1,999.6,1,1,999.7,288,2,999.8,575,5,999.9,671,7
317,2025-11-26 10:36:52+05:30,999.3,1,995.78,3563536,373819.0,426100.0,986.2,1001.8,981.3,986.2,120280500,1084.8,887.6,1102.5,649.1,999.3,74,2,999.2,1264,9,999.1,1467,10,999.0,2560,16,998.9,3998,13,999.4,96,1,999.5,8,1,999.6,2,1,999.8,269,2,999.9,1105,9
317,2025-11-26 10:36:53+05:30,999.2,37,995.78,3563536,373819.0,426100.0,986.2,1001.8,981.3,986.2,120280500,1084.8,887.6,1102.5,649.1,999.3,74,2,999.2,1264,9,999.1,1467,10,999.0,2560,16,998.9,3998,13,999.4,96,1,999.5,8,1,999.6,2,1,999.8,269,2,999.9,1105,9
317,2025-11-26 10:36:55+05:30,999.5,490,995.78,3563536,373819.0,426100.0,986.2,1001.8,981.3,986.2,120280500,1084.8,887.6,1102.5,649.1,999.3,74,2,999.2,1264,9,999.1,1467,10,999.0,2560,16,998.9,3998,13,999.4,96,1,999.5,8,1,999.6,2,1,999.8,269,2,999.9,1105,9
317,2025-11-26 10:36:56+05:30,999.6,7,995.79,3565315,374817.0,426135.0,986.2,1001.8,981.3,986.2,120280500,1084.8,887.6,1102.5,649.1,999.5,164,1,999.4,698,4,999.3,880,8,999.2,2042,14,999.1,5529,21,999.6,2,1,999.9,332,6,1000.0,2330,19,1000.1,965,14,1000.2,1535,13
317,2025-11-26 10:36:57+05:30,999.5,94,995.79,3565315,374817.0,426135.0,986.2,1001.8,981.3,986.2,120280500,1084.8,887.6,1102.5,649.1,999.5,164,1,999.4,698,4,999.3,880,8,999.2,2042,14,999.1,5529,21,999.6,2,1,999.9,332,6,1000.0,2330,19,1000.1,965,14,1000.2,1535,13
317,2025-11-26 10:36:59+05:30,999.9,750,995.79,3565315,374817.0,426135.0,986.2,1001.8,981.3,986.2,120280500,1084.8,887.6,1102.5,649.1,999.5,164,1,999.4,698,4,999.3,880,8,999.2,2042,14,999.1,5529,21,999.6,2,1,999.9,332,6,1000.0,2330,19,1000.1,965,14,1000.2,1535,13
317,2025-11-26 10:37:01+05:30,999.5,8,995.79,3565315,374817.0,426135.0,986.2,1001.8,981.3,986.2,120280500,1084.8,887.6,1102.5,649.1,999.5,164,1,999.4,698,4,999.3,880,8,999.2,2042,14,999.1,5529,21,999.6,2,1,999.9,332,6,1000.0,2330,19,1000.1,965,14,1000.2,1535,13
317,2025-11-26 10:37:01+05:30,999.5,8,995.79,3568573,366726.0,424136.0,986.2,1001.8,981.3,986.2,120280500,1084.8,887.6,1102.5,649.1,999.5,31,2,999.3,507,3,999.2,1006,9,999.1,1778,11,999.0,3128,18,999.8,162,4,999.9,370,9,1000.0,1829,20,1000.1,542,9,1000.2,1636,15
317,2025-11-26 10:37:03+05:30,999.8,50,995.79,3568573,366726.0,424136.0,986.2,1001.8,981.3,986.2,120280500,1084.8,887.6,1102.5,649.1,999.5,31,2,999.3,507,3,999.2,1006,9,999.1,1778,11,999.0,3128,18,999.8,162,4,999.9,370,9,1000.0,1829,20,1000.1,542,9,1000.2,1636,15
317,2025-11-26 10:37:05+05:30,999.5,142,995.79,3568573,366726.0,424136.0,986.2,1001.8,981.3,986.2,120280500,1084.8,887.6,1102.5,649.1,999.5,31,2,999.3,507,3,999.2,1006,9,999.1,1778,11,999.0,3128,18,999.8,162,4,999.9,370,9,1000.0,1829,20,1000.1,542,9,1000.2,1636,15
317,2025-11-26 10:37:06+05:30,999.5,142,995.79,3569390,364612.0,423536.0,986.2,1001.8,981.3,986.2,120280500,1084.8,887.6,1102.5,649.1,999.6,750,1,999.5,17,1,999.4,196,3,999.3,495,6,999.2,1507,10,999.8,523,1,999.9,132,3,1000.0,1147,14,1000.1,670,8,1000.2,930,10
317,2025-11-26 10:37:07+05:30,999.6,23,995.79,3569390,364612.0,423536.0,986.2,1001.8,981.3,986.2,120280500,1084.8,887.6,1102.5,649.1,999.6,750,1,999.5,17,1,999.4,196,3,999.3,495,6,999.2,1507,10,999.8,523,1,999.9,132,3,1000.0,1147,14,1000.1,670,8,1000.2,930,10
317,2025-11-26 10:37:08+05:30,999.6,23,995.79,3569390,364612.0,423536.0,986.2,1001.8,981.3,986.2,120280500,1084.8,887.6,1102.5,649.1,999.6,750,1,999.5,17,1,999.4,196,3,999.3,495,6,999.2,1507,10,999.8,523,1,999.9,132,3,1000.0,1147,14,1000.1,670,8,1000.2,930,10
317,2025-11-26 10:37:09+05:30,999.6,23,995.79,3569390,364612.0,423536.0,986.2,1001.8,981.3,986.2,120280500,1084.8,887.6,1102.5,649.1,999.6,750,1,999.5,17,1,999.4,196,3,999.3,495,6,999.2,1507,10,999.8,523,1,999.9,132,3,1000.0,1147,14,1000.1,670,8,1000.2,930,10
317,2025-11-26 10:37:09+05:30,999.8,40,995.79,3569390,364612.0,423536.0,986.2,1001.8,981.3,986.2,120280500,1084.8,887.6,1102.5,649.1,999.6,750,1,999.5,17,1,999.4,196,3,999.3,495,6,999.2,1507,10,999.8,523,1,999.9,132,3,1000.0,1147,14,1000.1,670,8,1000.2,930,10
317,2025-11-26 10:37:09+05:30,999.8,40,995.79,3569390,364612.0,423536.0,986.2,1001.8,981.3,986.2,120280500,1084.8,887.6,1102.5,649.1,999.6,750,1,999.5,17,1,999.4,196,3,999.3,495,6,999.2,1507,10,999.8,523,1,999.9,132,3,1000.0,1147,14,1000.1,670,8,1000.2,930,10
317,2025-11-26 10:37:10+05:30,999.8,40,995.79,3569390,364612.0,423536.0,986.2,1001.8,981.3,986.2,120280500,1084.8,887.6,1102.5,649.1,999.6,750,1,999.5,17,1,999.4,196,3,999.3,495,6,999.2,1507,10,999.8,523,1,999.9,132,3,1000.0,1147,14,1000.1,670,8,1000.2,930,10
317,2025-11-26 10:37:11+05:30,999.8,40,995.79,3569390,364612.0,423536.0,986.2,1001.8,981.3,986.2,120280500,1084.8,887.6,1102.5,649.1,999.6,750,1,999.5,17,1,999.4,196,3,999.3,495,6,999.2,1507,10,999.8,523,1,999.9,132,3,1000.0,1147,14,1000.1,670,8,1000.2,930,10
317,2025-11-26 10:37:11+05:30,999.7,2,995.79,3570232,368665.0,424797.0,986.2,1001.8,981.3,986.2,120280500,1084.8,887.6,1102.5,649.1,999.5,17,1,999.3,321,3,999.2,721,7,999.1,840,8,999.0,2852,14,999.7,94,1,999.8,637,2,999.9,586,10,1000.0,1661,18,1000.1,703,9
317,2025-11-26 10:37:11+05:30,999.7,2,995.79,3570232,368665.0,424797.0,986.2,1001.8,981.3,986.2,120317250,1084.8,887.6,1102.5,649.1,999.5,17,1,999.3,321,3,999.2,721,7,999.1,840,8,999.0,2852,14,999.7,94,1,999.8,637,2,999.9,586,10,1000.0,1661,18,1000.1,703,9
317,2025-11-26 10:37:11+05:30,999.7,2,995.79,3570232,368665.0,424797.0,986.2,1001.8,981.3,986.2,120317250,1084.8,887.6,1102.5,649.1,999.5,17,1,999.3,321,3,999.2,721,7,999.1,840,8,999.0,2852,14,999.7,94,1,999.8,637,2,999.9,586,10,1000.0,1661,18,1000.1,703,9
317,2025-11-26 10:37:11+05:30,999.7,2,995.79,3570232,368665.0,424797.0,986.2,1001.8,981.3,986.2,120317250,1084.8,887.6,1102.5,649.1,999.5,17,1,999.3,321,3,999.2,721,7,999.1,840,8,999.0,2852,14,999.7,94,1,999.8,637,2,999.9,586,10,1000.0,1661,18,1000.1,703,9
317,2025-11-26 10:37:12+05:30,999.7,2,995.79,3570232,368665.0,424797.0,986.2,1001.8,981.3,986.2,120317250,1084.8,887.6,1102.5,649.1,999.5,17,1,999.3,321,3,999.2,721,7,999.1,840,8,999.0,2852,14,999.7,94,1,999.8,637,2,999.9,586,10,1000.0,1661,18,1000.1,703,9
317,2025-11-26 10:37:13+05:30,999.2,47,995.79,3570232,368665.0,424797.0,986.2,1001.8,981.3,986.2,120317250,1084.8,887.6,1102.5,649.1,999.5,17,1,999.3,321,3,999.2,721,7,999.1,840,8,999.0,2852,14,999.7,94,1,999.8,637,2,999.9,586,10,1000.0,1661,18,1000.1,703,9
317,2025-11-26 10:37:15+05:30,999.5,1,995.79,3570232,368665.0,424797.0,986.2,1001.8,981.3,986.2,120317250,1084.8,887.6,1102.5,649.1,999.5,17,1,999.3,321,3,999.2,721,7,999.1,840,8,999.0,2852,14,999.7,94,1,999.8,637,2,999.9,586,10,1000.0,1661,18,1000.1,703,9
317,2025-11-26 10:37:15+05:30,999.5,1,995.79,3571485,366344.0,424820.0,986.2,1001.8,981.3,986.2,120317250,1084.8,887.6,1102.5,649.1,999.5,10,1,999.3,312,3,999.2,1113,4,999.1,1607,14,999.0,4370,18,999.6,86,1,999.8,608,5,999.9,546,9,1000.0,1558,17,1000.1,627,9
317,2025-11-26 10:37:17+05:30,999.8,117,995.79,3571485,366344.0,424820.0,986.2,1001.8,981.3,986.2,120317250,1084.8,887.6,1102.5,649.1,999.5,10,1,999.3,312,3,999.2,1113,4,999.1,1607,14,999.0,4370,18,999.6,86,1,999.8,608,5,999.9,546,9,1000.0,1558,17,1000.1,627,9
317,2025-11-26 10:37:19+05:30,999.2,40,995.79,3572949,366254.0,422901.0,986.2,1001.8,981.3,986.2,120317250,1084.8,887.6,1102.5,649.1,999.4,45,1,999.3,342,7,999.2,1838,9,999.1,1905,14,999.0,3370,16,999.8,404,1,999.9,539,8,1000.0,1651,18,1000.1,555,7,1000.2,1622,17
317,2025-11-26 10:37:20+05:30,999.6,10,995.79,3572949,366254.0,422901.0,986.2,1001.8,981.3,986.2,120317250,1084.8,887.6,1102.5,649.1,999.4,45,1,999.3,342,7,999.2,1838,9,999.1,1905,14,999.0,3370,16,999.8,404,1,999.9,539,8,1000.0,1651,18,1000.1,555,7,1000.2,1622,17
317,2025-11-26 10:37:20+05:30,999.6,1,995.79,3573476,366294.0,423909.0,986.2,1001.8,981.3,986.2,120317250,1084.8,887.6,1102.5,649.1,999.3,46,1,999.2,1495,9,999.1,1452,8,999.0,4350,17,998.9,1773,13,999.6,85,1,999.7,202,1,999.8,625,4,999.9,1037,11,1000.0,1751,20
317,2025-11-26 10:37:21+05:30,999.6,1,995.79,3573476,366294.0,423909.0,986.2,1001.8,981.3,986.2,120317250,1084.8,887.6,1102.5,649.1,999.3,46,1,999.2,1495,9,999.1,1452,8,999.0,4350,17,998.9,1773,13,999.6,85,1,999.7,202,1,999.8,625,4,999.9,1037,11,1000.0,1751,20
317,2025-11-26 10:37:21+05:30,999.6,1,995.79,3573476,364956.0,424173.0,986.2,1001.8,981.3,986.2,120317250,1084.8,887.6,1102.5,649.1,999.2,608,8,999.1,1747,9,999.0,3616,13,998.9,1624,15,998.8,2486,11,999.6,85,1,999.8,625,4,999.9,1103,12,1000.0,1678,19,1000.1,983,18
317,2025-11-26 10:37:23+05:30,999.6,1,995.79,3573476,363959.0,424021.0,986.2,1001.8,981.3,986.2,120317250,1084.8,887.6,1102.5,649.1,999.2,1539,10,999.1,795,7,999.0,3616,13,998.9,1624,15,998.8,1736,10,999.6,85,1,999.8,624,4,999.9,1103,12,1000.0,1785,20,1000.1,963,17
317,2025-11-26 10:37:24+05:30,999.3,57,995.79,3573533,369061.0,423814.0,986.2,1001.8,981.3,986.2,120317250,1084.8,887.6,1102.5,649.1,999.3,934,4,999.2,1873,11,999.1,3136,12,999.0,3421,11,998.9,998,12,999.6,85,1,999.8,634,5,999.9,1119,13,1000.0,1645,16,1000.1,713,16
317,2025-11-26 10:37:24+05:30,999.6,300,995.79,3573533,369061.0,423814.0,986.2,1001.8,981.3,986.2,120317250,1084.8,887.6,1102.5,649.1,999.3,934,4,999.2,1873,11,999.1,3136,12,999.0,3421,11,998.9,998,12,999.6,85,1,999.8,634,5,999.9,1119,13,1000.0,1645,16,1000.1,713,16
317,2025-11-26 10:37:25+05:30,999.3,642,995.8,3574476,368930.0,423914.0,986.2,1001.8,981.3,986.2,120317250,1084.8,887.6,1102.5,649.1,999.3,251,4,999.2,1866,9,999.1,3229,14,999.0,3352,10,998.9,998,12,999.7,87,1,999.8,478,6,999.9,1031,9,1000.0,1754,19,1000.1,672,13
317,2025-11-26 10:37:25+05:30,999.3,642,995.8,3574476,368930.0,423914.0,986.2,1001.8,981.3,986.2,120317250,1084.8,887.6,1102.5,649.1,999.3,251,4,999.2,1866,9,999.1,3229,14,999.0,3352,10,998.9,998,12,999.7,87,1,999.8,478,6,999.9,1031,9,1000.0,1754,19,1000.1,672,13
317,2025-11-26 10:37:26+05:30,999.3,642,995.8,3574476,369634.0,423942.0,986.2,1001.8,981.3,986.2,120317250,1084.8,887.6,1102.5,649.1,999.3,321,5,999.2,1912,10,999.1,2183,11,999.0,3672,12,998.9,998,12,999.7,87,1,999.8,432,5,999.9,1090,11,1000.0,1741,18,1000.1,679,14
317,2025-11-26 10:37:27+05:30,999.7,9,995.8,3574734,368713.0,423699.0,986.2,1001.8,981.3,986.2,120317250,1084.8,887.6,1102.5,649.1,999.3,791,3,999.2,1408,8,999.1,2182,11,999.0,3674,13,998.9,998,12,999.7,78,1,999.8,477,5,999.9,1190,13,1000.0,1756,21,1000.1,991,15
317,2025-11-26 10:37:27+05:30,999.7,9,995.8,3574734,368713.0,423699.0,986.2,1001.8,981.3,986.2,120317250,1084.8,887.6,1102.5,649.1,999.3,791,3,999.2,1408,8,999.1,2182,11,999.0,3674,13,998.9,998,12,999.7,78,1,999.8,477,5,999.9,1190,13,1000.0,1756,21,1000.1,991,15
317,2025-11-26 10:37:28+05:30,999.8,306,995.8,3575484,365152.0,422199.0,986.2,1001.8,981.3,986.2,120317250,1084.8,887.6,1102.5,649.1,999.4,20,1,999.3,865,7,999.2,1561,9,999.1,3148,12,999.0,1873,8,999.8,99,3,999.9,471,7,1000.0,1344,13,1000.1,876,17,1000.2,1109,9
317,2025-11-26 10:37:28+05:30,999.8,306,995.8,3575484,365152.0,422199.0,986.2,1001.8,981.3,986.2,120317250,1084.8,887.6,1102.5,649.1,999.4,20,1,999.3,865,7,999.2,1561,9,999.1,3148,12,999.0,1873,8,999.8,99,3,999.9,471,7,1000.0,1344,13,1000.1,876,17,1000.2,1109,9
317,2025-11-26 10:37:29+05:30,999.3,341,995.8,3575891,366017.0,422872.0,986.2,1001.8,981.3,986.2,120317250,1084.8,887.6,1102.5,649.1,999.3,679,5,999.2,1904,9,999.1,2898,11,999.0,1873,8,998.9,1006,13,999.8,245,6,999.9,690,9,1000.0,1421,14,1000.1,904,19,1000.2,1109,9
317,2025-11-26 10:37:29+05:30,999.3,341,995.8,3575891,366017.0,422872.0,986.2,1001.8,981.3,986.2,120317250,1084.8,887.6,1102.5,649.1,999.3,679,5,999.2,1904,9,999.1,2898,11,999.0,1873,8,998.9,1006,13,999.8,245,6,999.9,690,9,1000.0,1421,14,1000.1,904,19,1000.2,1109,9
317,2025-11-26 10:37:30+05:30,999.3,341,995.8,3575891,368138.0,423257.0,986.2,1001.8,981.3,986.2,120317250,1084.8,887.6,1102.5,649.1,999.3,436,2,999.2,1443,8,999.1,3588,11,999.0,2123,9,998.9,1010,14,999.5,96,1,999.8,176,5,999.9,914,12,1000.0,1539,18,1000.1,872,16
317,2025-11-26 10:37:31+05:30,999.3,8,995.8,3575891,368138.0,423257.0,986.2,1001.8,981.3,986.2,120317250,1084.8,887.6,1102.5,649.1,999.3,436,2,999.2,1443,8,999.1,3588,11,999.0,2123,9,998.9,1010,14,999.5,96,1,999.8,176,5,999.9,914,12,1000.0,1539,18,1000.1,872,16
317,2025-11-26 10:37:31+05:30,999.3,8,995.8,3575902,371742.0,423216.0,986.2,1001.8,981.3,986.2,120317250,1084.8,887.6,1102.5,649.1,999.3,783,5,999.2,1832,9,999.1,5413,16,999.0,1873,8,998.9,1010,14,999.5,93,1,999.6,3,1,999.8,176,5,999.9,604,12,1000.0,1481,15
317,2025-11-26 10:37:32+05:30,999.5,1,995.8,3575902,371742.0,423216.0,986.2,1001.8,981.3,986.2,120317250,1084.8,887.6,1102.5,649.1,999.3,783,5,999.2,1832,9,999.1,5413,16,999.0,1873,8,998.9,1010,14,999.5,93,1,999.6,3,1,999.8,176,5,999.9,604,12,1000.0,1481,15
317,2025-11-26 10:37:32+05:30,999.5,1,995.8,3575903,371630.0,423315.0,986.2,1001.8,981.3,986.2,120317250,1084.8,887.6,1102.5,649.1,999.3,661,4,999.2,1842,10,999.1,5413,16,999.0,1873,8,998.9,1010,14,999.5,92,1,999.6,3,1,999.8,176,5,999.9,604,12,1000.0,1581,16
317,2025-11-26 10:37:33+05:30,999.5,1,995.8,3575903,371027.0,423321.0,986.2,1001.8,981.3,986.2,120317250,1084.8,887.6,1102.5,649.1,999.3,428,2,999.2,1383,8,999.1,5317,14,999.0,1873,8,998.9,1010,14,999.5,92,1,999.6,3,1,999.8,174,4,999.9,605,13,1000.0,1578,14
317,2025-11-26 10:37:34+05:30,999.5,1,995.8,3575903,372161.0,423343.0,986.2,1001.8,981.3,986.2,120317250,1084.8,887.6,1102.5,649.1,999.4,112,1,999.3,428,2,999.2,1385,9,999.1,5317,14,999.0,1873,8,999.5,92,1,999.6,3,1,999.8,239,5,999.9,1107,14,1000.0,1578,14
317,2025-11-26 10:37:35+05:30,999.4,15,995.8,3575903,372161.0,423343.0,986.2,1001.8,981.3,986.2,120317250,1084.8,887.6,1102.5,649.1,999.4,112,1,999.3,428,2,999.2,1385,9,999.1,5317,14,999.0,1873,8,999.5,92,1,999.6,3,1,999.8,239,5,999.9,1107,14,1000.0,1578,14
317,2025-11-26 10:37:35+05:30,999.4,750,995.8,3576792,365890.0,423248.0,986.2,1001.8,981.3,986.2,120317250,1084.8,887.6,1102.5,649.1,999.3,27,1,999.2,132,2,999.1,984,6,999.0,2081,10,998.9,3726,11,999.4,60,1,999.6,3,1,999.8,235,6,999.9,1281,14,1000.0,1934,18
317,2025-11-26 10:37:36+05:30,999.4,1,995.8,3576792,365890.0,423248.0,986.2,1001.8,981.3,986.2,120317250,1084.8,887.6,1102.5,649.1,999.3,27,1,999.2,132,2,999.1,984,6,999.0,2081,10,998.9,3726,11,999.4,60,1,999.6,3,1,999.8,235,6,999.9,1281,14,1000.0,1934,18
317,2025-11-26 10:37:36+05:30,999.4,1,995.8,3576793,364922.0,424151.0,986.2,1001.8,981.3,986.2,120317250,1084.8,887.6,1102.5,649.1,999.3,27,1,999.2,10,1,999.1,583,5,999.0,1575,9,998.9,4082,13,999.4,59,1,999.6,53,2,999.7,548,6,999.8,554,8,999.9,1349,15
317,2025-11-26 10:37:37+05:30,999.4,1,995.8,3576793,364958.0,424196.0,986.2,1001.8,981.3,986.2,120317250,1084.8,887.6,1102.5,649.1,999.3,27,1,999.2,10,1,999.1,583,5,999.0,1610,10,998.9,4117,14,999.4,59,1,999.6,53,2,999.7,548,6,999.8,555,9,999.9,1348,14
317,2025-11-26 10:37:38+05:30,999.4,20,995.8,3576793,364958.0,424196.0,986.2,1001.8,981.3,986.2,120317250,1084.8,887.6,1102.5,649.1,999.3,27,1,999.2,10,1,999.1,583,5,999.0,1610,10,998.9,4117,14,999.4,59,1,999.6,53,2,999.7,548,6,999.8,555,9,999.9,1348,14
317,2025-11-26 10:37:38+05:30,999.4,20,995.8,3576813,365152.0,424207.0,986.2,1001.8,981.3,986.2,120317250,1084.8,887.6,1102.5,649.1,999.3,27,1,999.2,10,1,999.1,697,5,999.0,1637,11,998.9,4170,15,999.4,39,1,999.6,3,1,999.7,548,6,999.8,568,10,999.9,1348,14
317,2025-11-26 10:37:39+05:30,999.3,1,995.8,3576813,365152.0,424207.0,986.2,1001.8,981.3,986.2,120317250,1084.8,887.6,1102.5,649.1,999.3,27,1,999.2,10,1,999.1,697,5,999.0,1637,11,998.9,4170,15,999.4,39,1,999.6,3,1,999.7,548,6,999.8,568,10,999.9,1348,14
317,2025-11-26 10:37:39+05:30,999.3,1,995.8,3576814,365124.0,424340.0,986.2,1001.8,981.3,986.2,120317250,1084.8,887.6,1102.5,649.1,999.3,26,1,999.2,10,1,999.1,697,5,999.0,1610,10,998.9,4170,15,999.4,39,1,999.6,181,3,999.7,550,7,999.8,616,10,999.9,1348,14
317,2025-11-26 10:37:40+05:30,999.3,5,995.8,3576814,365124.0,424340.0,986.2,1001.8,981.3,986.2,120317250,1084.8,887.6,1102.5,649.1,999.3,26,1,999.2,10,1,999.1,697,5,999.0,1610,10,998.9,4170,15,999.4,39,1,999.6,181,3,999.7,550,7,999.8,616,10,999.9,1348,14
317,2025-11-26 10:37:40+05:30,999.3,5,995.8,3577081,362779.0,427207.0,986.2,1001.8,981.3,986.2,120317250,1084.8,887.6,1102.5,649.1,999.2,9,1,999.0,553,4,998.9,1228,8,998.8,1753,10,998.7,3994,15,999.3,186,4,999.4,97,2,999.5,516,6,999.6,749,11,999.7,857,10
317,2025-11-26 10:37:41+05:30,999.3,17,995.8,3577081,362779.0,427207.0,986.2,1001.8,981.3,986.2,120317250,1084.8,887.6,1102.5,649.1,999.2,9,1,999.0,553,4,998.9,1228,8,998.8,1753,10,998.7,3994,15,999.3,186,4,999.4,97,2,999.5,516,6,999.6,749,11,999.7,857,10
317,2025-11-26 10:37:41+05:30,999.3,17,995.8,3577098,363149.0,427286.0,986.2,1001.8,981.3,986.2,120317250,1084.8,887.6,1102.5,649.1,999.2,9,1,999.0,553,4,998.9,1228,8,998.8,1753,10,998.7,3994,15,999.3,169,4,999.4,97,2,999.5,617,9,999.6,777,13,999.7,831,8
317,2025-11-26 10:37:42+05:30,999.3,17,995.8,3577098,363200.0,427286.0,986.2,1001.8,981.3,986.2,120317250,1084.8,887.6,1102.5,649.1,999.2,9,1,999.0,553,4,998.9,1228,8,998.8,1753,10,998.7,4024,16,999.3,169,4,999.4,97,2,999.5,617,9,999.6,777,13,999.7,831,8
317,2025-11-26 10:37:44+05:30,999.3,17,995.8,3577098,363024.0,427364.0,986.2,1001.8,981.3,986.2,120317250,1084.8,887.6,1102.5,649.1,999.2,9,1,999.0,398,3,998.9,1228,8,998.8,1753,10,998.7,4024,16,999.3,121,3,999.4,145,3,999.5,617,9,999.6,777,13,999.7,831,8
317,2025-11-26 10:37:45+05:30,999.0,13,995.8,3577123,363340.0,426853.0,986.2,1001.8,981.3,986.2,120317250,1084.8,887.6,1102.5,649.1,999.0,526,4,998.9,1684,10,998.8,1893,12,998.7,3774,15,998.6,1638,13,999.3,110,2,999.5,579,6,999.6,747,14,999.7,678,7,999.8,490,7
317,2025-11-26 10:37:45+05:30,999.2,40,995.8,3577123,363340.0,426853.0,986.2,1001.8,981.3,986.2,120317250,1084.8,887.6,1102.5,649.1,999.0,526,4,998.9,1684,10,998.8,1893,12,998.7,3774,15,998.6,1638,13,999.3,110,2,999.5,579,6,999.6,747,14,999.7,678,7,999.8,490,7
317,2025-11-26 10:37:46+05:30,999.2,40,995.8,3577273,364180.0,426846.0,986.2,1001.8,981.3,986.2,120317250,1084.8,887.6,1102.5,649.1,999.0,724,6,998.9,1732,11,998.8,1823,11,998.7,3774,15,998.6,1434,12,999.2,56,1,999.4,87,1,999.5,608,5,999.6,793,13,999.7,749,9
317,2025-11-26 10:37:46+05:30,999.2,51,995.8,3577273,364180.0,426846.0,986.2,1001.8,981.3,986.2,120317250,1084.8,887.6,1102.5,649.1,999.0,724,6,998.9,1732,11,998.8,1823,11,998.7,3774,15,998.6,1434,12,999.2,56,1,999.4,87,1,999.5,608,5,999.6,793,13,999.7,749,9
317,2025-11-26 10:37:47+05:30,999.2,2,995.8,3577333,364961.0,427412.0,986.2,1001.8,981.3,986.2,120317250,1084.8,887.6,1102.5,649.1,999.0,285,2,998.9,1780,12,998.8,1823,11,998.7,4524,16,998.6,1638,13,999.2,94,1,999.4,87,1,999.5,632,6,999.6,867,13,999.7,749,9
317,2025-11-26 10:37:47+05:30,999.0,129,995.8,3577333,364961.0,427412.0,986.2,1001.8,981.3,986.2,120317250,1084.8,887.6,1102.5,649.1,999.0,285,2,998.9,1780,12,998.8,1823,11,998.7,4524,16,998.6,1638,13,999.2,94,1,999.4,87,1,999.5,632,6,999.6,867,13,999.7,749,9
317,2025-11-26 10:37:48+05:30,999.2,6,995.8,3577468,364478.0,427713.0,986.2,1001.8,981.3,986.2,120317250,1084.8,887.6,1102.5,649.1,999.0,156,2,998.9,1306,6,998.8,1629,11,998.7,4524,16,998.6,1888,14,999.2,88,1,999.4,115,2,999.5,681,7,999.6,974,14,999.7,835,10
317,2025-11-26 10:37:48+05:30,999.2,1,995.8,3577468,364478.0,427713.0,986.2,1001.8,981.3,986.2,120317250,1084.8,887.6,1102.5,649.1,999.0,156,2,998.9,1306,6,998.8,1629,11,998.7,4524,16,998.6,1888,14,999.2,88,1,999.4,115,2,999.5,681,7,999.6,974,14,999.7,835,10
317,2025-11-26 10:37:49+05:30,999.0,2,995.8,3577472,363593.0,428370.0,986.2,1001.8,981.3,986.2,120317250,1084.8,887.6,1102.5,649.1,999.0,153,2,998.9,603,3,998.8,1287,7,998.7,4822,18,998.6,1638,13,999.2,87,1,999.4,595,7,999.5,802,12,999.6,1065,15,999.7,835,10
317,2025-11-26 10:37:49+05:30,999.0,2,995.8,3577472,363593.0,428370.0,986.2,1001.8,981.3,986.2,120317250,1084.8,887.6,1102.5,649.1,999.0,153,2,998.9,603,3,998.8,1287,7,998.7,4822,18,998.6,1638,13,999.2,87,1,999.4,595,7,999.5,802,12,999.6,1065,15,999.7,835,10
317,2025-11-26 10:37:50+05:30,999.2,90,995.8,3577562,363857.0,428379.0,986.2,1001.8,981.3,986.2,120317250,1084.8,887.6,1102.5,649.1,999.0,153,2,998.9,603,3,998.8,1491,8,998.7,4822,18,998.6,1638,13,999.2,96,1,999.4,595,7,999.5,809,13,999.6,1065,15,999.7,828,9
317,2025-11-26 10:37:50+05:30,999.0,2,995.8,3577562,363857.0,428379.0,986.2,1001.8,981.3,986.2,120317250,1084.8,887.6,1102.5,649.1,999.0,153,2,998.9,603,3,998.8,1491,8,998.7,4822,18,998.6,1638,13,999.2,96,1,999.4,595,7,999.5,809,13,999.6,1065,15,999.7,828,9
317,2025-11-26 10:37:51+05:30,999.0,2,995.8,3577844,369788.0,429117.0,986.2,1001.8,981.3,986.2,120317250,1084.8,887.6,1102.5,649.1,998.9,401,1,998.8,1008,3,998.7,4514,17,998.6,1884,11,998.5,1226,13,999.0,94,1,999.1,96,1,999.3,204,2,999.4,544,6,999.5,1011,16
317,2025-11-26 10:37:52+05:30,999.0,100,995.8,3577944,372668.0,428927.0,986.2,1001.8,981.3,986.2,120317250,1084.8,887.6,1102.5,649.1,998.9,401,1,998.8,1261,5,998.7,5561,20,998.6,1587,9,998.5,1226,13,999.0,18,1,999.1,96,1,999.3,202,1,999.4,544,6,999.5,1011,16
317,2025-11-26 10:37:52+05:30,999.0,100,995.8,3577944,372668.0,428927.0,986.2,1001.8,981.3,986.2,120317250,1084.8,887.6,1102.5,649.1,998.9,401,1,998.8,1261,5,998.7,5561,20,998.6,1587,9,998.5,1226,13,999.0,18,1,999.1,96,1,999.3,202,1,999.4,544,6,999.5,1011,16
317,2025-11-26 10:37:53+05:30,998.9,119,995.8,3578063,369650.0,431058.0,986.2,1001.8,981.3,986.2,120317250,1084.8,887.6,1102.5,649.1,998.8,657,1,998.7,2829,11,998.6,856,8,998.5,4123,16,998.4,1824,10,999.0,18,1,999.1,96,1,999.2,2,1,999.3,553,4,999.4,761,8
317,2025-11-26 10:37:53+05:30,998.9,119,995.8,3578063,369650.0,431058.0,986.2,1001.8,981.3,986.2,120317250,1084.8,887.6,1102.5,649.1,998.8,657,1,998.7,2829,11,998.6,856,8,998.5,4123,16,998.4,1824,10,999.0,18,1,999.1,96,1,999.2,2,1,999.3,553,4,999.4,761,8
317,2025-11-26 10:37:54+05:30,998.9,119,995.8,3578063,368729.0,431330.0,986.2,1001.8,981.3,986.2,120317250,1084.8,887.6,1102.5,649.1,998.8,112,1,998.7,1266,9,998.6,1539,10,998.5,4852,18,998.4,1903,15,999.0,18,1,999.1,96,1,999.2,2,1,999.3,490,3,999.4,852,10
317,2025-11-26 10:37:55+05:30,998.8,18,995.8,3579234,362447.0,427257.0,986.2,1001.8,981.3,986.2,120317250,1084.8,887.6,1102.5,649.1,998.8,244,3,998.7,1327,10,998.6,1868,9,998.5,3712,14,998.4,2034,19,999.2,87,1,999.3,204,1,999.4,207,3,999.5,714,11,999.6,531,11
317,2025-11-26 10:37:55+05:30,998.8,18,995.8,3579234,362447.0,427257.0,986.2,1001.8,981.3,986.2,120317250,1084.8,887.6,1102.5,649.1,998.8,244,3,998.7,1327,10,998.6,1868,9,998.5,3712,14,998.4,2034,19,999.2,87,1,999.3,204,1,999.4,207,3,999.5,714,11,999.6,531,11
317,2025-11-26 10:37:56+05:30,998.8,79,995.8,3579313,362187.0,427492.0,986.2,1001.8,981.3,986.2,120317250,1084.8,887.6,1102.5,649.1,998.8,165,3,998.7,1583,12,998.6,1912,9,998.5,2883,12,998.4,2060,21,999.2,87,1,999.3,204,1,999.4,207,3,999.5,740,13,999.6,709,10
317,2025-11-26 10:37:56+05:30,998.7,32,995.8,3579313,362187.0,427492.0,986.2,1001.8,981.3,986.2,120317250,1084.8,887.6,1102.5,649.1,998.8,165,3,998.7,1583,12,998.6,1912,9,998.5,2883,12,998.4,2060,21,999.2,87,1,999.3,204,1,999.4,207,3,999.5,740,13,999.6,709,10
317,2025-11-26 10:37:57+05:30,999.1,7,995.8,3579677,367052.0,428941.0,986.2,1001.8,981.3,986.2,120317250,1084.8,887.6,1102.5,649.1,998.8,16,1,998.7,373,6,998.6,795,5,998.5,3119,13,998.4,1857,19,999.1,40,1,999.2,320,4,999.3,379,4,999.4,1244,10,999.5,750,14
317,2025-11-26 10:37:57+05:30,999.1,7,995.8,3579677,367052.0,428941.0,986.2,1001.8,981.3,986.2,120317250,1084.8,887.6,1102.5,649.1,998.8,16,1,998.7,373,6,998.6,795,5,998.5,3119,13,998.4,1857,19,999.1,40,1,999.2,320,4,999.3,379,4,999.4,1244,10,999.5,750,14
317,2025-11-26 10:37:58+05:30,999.1,7,995.8,3579677,367078.0,428703.0,986.2,1001.8,981.3,986.2,120317250,1084.8,887.6,1102.5,649.1,998.8,41,2,998.7,531,6,998.6,995,6,998.5,3119,13,998.4,1857,19,999.2,266,3,999.3,426,5,999.4,568,8,999.5,750,14,999.6,1203,15
317,2025-11-26 10:37:59+05:30,999.1,7,995.8,3579677,367098.0,428830.0,986.2,1001.8,981.3,986.2,120317250,1084.8,887.6,1102.5,649.1,998.8,41,2,998.7,1017,8,998.6,1669,8,998.5,2812,12,998.4,2007,19,999.2,266,3,999.3,379,4,999.4,672,9,999.5,750,14,999.6,787,15
317,2025-11-26 10:38:00+05:30,999.2,83,995.8,3580715,369327.0,426533.0,986.2,1001.8,981.3,986.2,120317250,1084.8,887.6,1102.5,649.1,998.9,83,1,998.8,558,9,998.7,1376,10,998.6,1425,8,998.5,2862,13,999.3,83,1,999.4,122,2,999.5,428,4,999.6,533,7,999.7,961,6
317,2025-11-26 10:38:00+05:30,999.2,83,995.8,3580715,369327.0,426533.0,986.2,1001.8,981.3,986.2,120317250,1084.8,887.6,1102.5,649.1,998.9,83,1,998.8,558,9,998.7,1376,10,998.6,1425,8,998.5,2862,13,999.3,83,1,999.4,122,2,999.5,428,4,999.6,533,7,999.7,961,6
317,2025-11-26 10:38:01+05:30,998.9,8,995.8,3580723,369342.0,427288.0,986.2,1001.8,981.3,986.2,120317250,1084.8,887.6,1102.5,649.1,998.9,104,2,998.8,551,8,998.7,1392,11,998.6,1425,8,998.5,2888,15,999.3,83,1,999.4,298,4,999.5,731,12,999.6,533,7,999.7,967,7
317,2025-11-26 10:38:01+05:30,998.9,44,995.8,3580723,369342.0,427288.0,986.2,1001.8,981.3,986.2,120317250,1084.8,887.6,1102.5,649.1,998.9,104,2,998.8,551,8,998.7,1392,11,998.6,1425,8,998.5,2888,15,999.3,83,1,999.4,298,4,999.5,731,12,999.6,533,7,999.7,967,7
317,2025-11-26 10:38:02+05:30,999.3,4,995.8,3580846,369497.0,427915.0,986.2,1001.8,981.3,986.2,120317250,1084.8,887.6,1102.5,649.1,998.8,580,8,998.7,1830,11,998.6,1420,7,998.5,2977,17,998.4,2007,18,999.3,87,2,999.4,597,7,999.5,794,13,999.6,643,9,999.7,601,7
317,2025-11-26 10:38:02+05:30,998.9,78,995.8,3580846,369497.0,427915.0,986.2,1001.8,981.3,986.2,120317250,1084.8,887.6,1102.5,649.1,998.8,580,8,998.7,1830,11,998.6,1420,7,998.5,2977,17,998.4,2007,18,999.3,87,2,999.4,597,7,999.5,794,13,999.6,643,9,999.7,601,7
317,2025-11-26 10:38:03+05:30,998.9,1,995.8,3580965,369712.0,427922.0,986.2,1001.8,981.3,986.2,120317250,1084.8,887.6,1102.5,649.1,998.9,110,2,998.8,353,6,998.7,1457,11,998.6,1468,8,998.5,2929,16,999.3,205,6,999.4,560,6,999.5,859,14,999.6,659,9,999.7,403,6
317,2025-11-26 10:38:03+05:30,999.0,75,995.8,3580965,369712.0,427922.0,986.2,1001.8,981.3,986.2,120317250,1084.8,887.6,1102.5,649.1,998.9,110,2,998.8,353,6,998.7,1457,11,998.6,1468,8,998.5,2929,16,999.3,205,6,999.4,560,6,999.5,859,14,999.6,659,9,999.7,403,6
317,2025-11-26 10:38:04+05:30,999.0,75,995.8,3581040,369461.0,427859.0,986.2,1001.8,981.3,986.2,120317250,1084.8,887.6,1102.5,649.1,998.8,453,8,998.7,1420,10,998.6,1420,7,998.5,2929,16,998.4,2753,19,999.3,92,4,999.4,452,4,999.5,767,13,999.6,598,7,999.7,512,6
317,2025-11-26 10:38:04+05:30,998.8,2,995.8,3581040,369461.0,427859.0,986.2,1001.8,981.3,986.2,120317250,1084.8,887.6,1102.5,649.1,998.8,453,8,998.7,1420,10,998.6,1420,7,998.5,2929,16,998.4,2753,19,999.3,92,4,999.4,452,4,999.5,767,13,999.6,598,7,999.7,512,6
317,2025-11-26 10:38:05+05:30,999.3,1,995.8,3581040,369461.0,427859.0,986.2,1001.8,981.3,986.2,120317250,1084.8,887.6,1102.5,649.1,998.8,453,8,998.7,1420,10,998.6,1420,7,998.5,2929,16,998.4,2753,19,999.3,92,4,999.4,452,4,999.5,767,13,999.6,598,7,999.7,512,6
317,2025-11-26 10:38:05+05:30,999.3,1,995.8,3581043,369929.0,427879.0,986.2,1001.8,981.3,986.2,120317250,1084.8,887.6,1102.5,649.1,998.8,514,9,998.7,1809,11,998.6,1420,7,998.5,2929,16,998.4,2782,20,999.3,91,4,999.4,452,4,999.5,773,14,999.6,598,7,999.7,512,6
317,2025-11-26 10:38:06+05:30,999.3,5,995.8,3581048,369927.0,427898.0,986.2,1001.8,981.3,986.2,120317250,1084.8,887.6,1102.5,649.1,998.8,514,9,998.7,1809,11,998.6,1420,7,998.5,2929,16,998.4,2782,20,999.3,86,4,999.4,451,3,999.5,774,15,999.6,598,7,999.7,512,6
317,2025-11-26 10:38:07+05:30,999.3,5,995.8,3581048,369927.0,427898.0,986.2,1001.8,981.3,986.2,120317250,1084.8,887.6,1102.5,649.1,998.8,514,9,998.7,1809,11,998.6,1420,7,998.5,2929,16,998.4,2782,20,999.3,86,4,999.4,451,3,999.5,774,15,999.6,598,7,999.7,512,6
317,2025-11-26 10:38:07+05:30,998.8,44,995.8,3581138,369816.0,427991.0,986.2,1001.8,981.3,986.2,120317250,1084.8,887.6,1102.5,649.1,998.8,393,7,998.7,1760,11,998.6,1355,6,998.5,2929,16,998.4,2782,20,999.3,86,4,999.4,549,5,999.5,774,15,999.6,598,7,999.7,512,6
317,2025-11-26 10:38:08+05:30,998.8,44,995.8,3581138,369816.0,427991.0,986.2,1001.8,981.3,986.2,120317250,1084.8,887.6,1102.5,649.1,998.8,393,7,998.7,1760,11,998.6,1355,6,998.5,2929,16,998.4,2782,20,999.3,86,4,999.4,549,5,999.5,774,15,999.6,598,7,999.7,512,6
317,2025-11-26 10:38:08+05:30,998.8,44,995.8,3581138,370524.0,427991.0,986.2,1001.8,981.3,986.2,120317250,1084.8,887.6,1102.5,649.1,999.0,27,1,998.8,363,6,998.7,1712,10,998.6,1471,9,998.5,2929,16,999.3,86,4,999.4,597,6,999.5,726,14,999.6,598,7,999.7,512,6
317,2025-11-26 10:38:09+05:30,999.0,119,995.8,3581138,370524.0,427991.0,986.2,1001.8,981.3,986.2,120317250,1084.8,887.6,1102.5,649.1,999.0,27,1,998.8,363,6,998.7,1712,10,998.6,1471,9,998.5,2929,16,999.3,86,4,999.4,597,6,999.5,726,14,999.6,598,7,999.7,512,6
317,2025-11-26 10:38:09+05:30,999.0,119,995.8,3581257,369281.0,428308.0,986.2,1001.8,981.3,986.2,120317250,1084.8,887.6,1102.5,649.1,999.0,27,1,998.8,285,5,998.7,919,7,998.6,1417,7,998.5,3179,17,999.3,444,9,999.4,569,6,999.5,738,15,999.6,603,8,999.7,881,9
317,2025-11-26 10:38:10+05:30,999.0,1,995.8,3581257,369281.0,428308.0,986.2,1001.8,981.3,986.2,120317250,1084.8,887.6,1102.5,649.1,999.0,27,1,998.8,285,5,998.7,919,7,998.6,1417,7,998.5,3179,17,999.3,444,9,999.4,569,6,999.5,738,15,999.6,603,8,999.7,881,9
317,2025-11-26 10:38:10+05:30,999.0,1,995.8,3581258,370556.0,428700.0,986.2,1001.8,981.3,986.2,120317250,1084.8,887.6,1102.5,649.1,999.0,26,1,998.8,216,3,998.7,919,7,998.6,1669,9,998.5,3679,17,999.1,96,1,999.2,48,1,999.3,246,8,999.4,617,9,999.5,883,14
317,2025-11-26 10:38:11+05:30,999.0,1,995.8,3581258,370556.0,428701.0,986.2,1001.8,981.3,986.2,120317250,1084.8,887.6,1102.5,649.1,999.0,26,1,998.8,216,3,998.7,919,7,998.6,1669,9,998.5,3679,17,999.1,96,1,999.2,48,1,999.3,246,8,999.4,618,10,999.5,883,14
317,2025-11-26 10:38:12+05:30,999.1,50,995.8,3581258,370556.0,428701.0,986.2,1001.8,981.3,986.2,120317250,1084.8,887.6,1102.5,649.1,999.0,26,1,998.8,216,3,998.7,919,7,998.6,1669,9,998.5,3679,17,999.1,96,1,999.2,48,1,999.3,246,8,999.4,618,10,999.5,883,14
317,2025-11-26 10:38:12+05:30,999.1,50,995.8,3581308,370534.0,428428.0,986.2,1001.8,981.3,986.2,120317250,1084.8,887.6,1102.5,649.1,999.0,26,1,998.8,218,4,998.7,950,8,998.6,1667,8,998.5,3679,17,999.1,46,1,999.3,295,9,999.4,596,9,999.5,883,14,999.6,603,8
317,2025-11-26 10:38:13+05:30,999.1,50,995.8,3581308,370273.0,428226.0,986.2,1001.8,981.3,986.2,120317250,1084.8,887.6,1102.5,649.1,999.0,39,2,998.8,279,5,998.7,950,8,998.6,1667,8,998.5,3679,17,999.1,46,1,999.3,246,8,999.4,443,9,999.5,883,14,999.6,603,8
317,2025-11-26 10:38:14+05:30,999.1,112,995.8,3581308,370273.0,428226.0,986.2,1001.8,981.3,986.2,120317250,1084.8,887.6,1102.5,649.1,999.0,39,2,998.8,279,5,998.7,950,8,998.6,1667,8,998.5,3679,17,999.1,46,1,999.3,246,8,999.4,443,9,999.5,883,14,999.6,603,8
317,2025-11-26 10:38:14+05:30,999.1,2,995.8,3581568,370296.0,428579.0,986.2,1001.8,981.3,986.2,120317250,1084.8,887.6,1102.5,649.1,999.0,13,1,998.8,465,6,998.7,950,8,998.6,1702,9,998.5,3720,18,999.1,94,1,999.3,136,6,999.4,504,10,999.5,883,14,999.6,603,8
317,2025-11-26 10:38:15+05:30,999.0,81,995.8,3581568,370296.0,428579.0,986.2,1001.8,981.3,986.2,120317250,1084.8,887.6,1102.5,649.1,999.0,13,1,998.8,465,6,998.7,950,8,998.6,1702,9,998.5,3720,18,999.1,94,1,999.3,136,6,999.4,504,10,999.5,883,14,999.6,603,8
317,2025-11-26 10:38:15+05:30,999.0,96,995.8,3581858,372672.0,427981.0,986.2,1001.8,981.3,986.2,120317250,1084.8,887.6,1102.5,649.1,998.8,799,10,998.7,1256,8,998.6,1572,10,998.5,4691,20,998.4,2562,19,999.0,96,1,999.3,86,4,999.4,170,3,999.5,592,12,999.6,660,7
317,2025-11-26 10:38:16+05:30,999.0,96,995.8,3581858,372672.0,427981.0,986.2,1001.8,981.3,986.2,120317250,1084.8,887.6,1102.5,649.1,998.8,799,10,998.7,1256,8,998.6,1572,10,998.5,4691,20,998.4,2562,19,999.0,96,1,999.3,86,4,999.4,170,3,999.5,592,12,999.6,660,7
317,2025-11-26 10:38:16+05:30,999.0,96,995.8,3581858,370049.0,428623.0,986.2,1001.8,981.3,986.2,120317250,1084.8,887.6,1102.5,649.1,998.8,477,8,998.7,772,7,998.6,1385,10,998.5,4623,16,998.4,1802,18,999.0,96,1,999.3,211,5,999.4,523,12,999.5,598,8,999.6,1460,10
317,2025-11-26 10:38:17+05:30,999.2,100,995.8,3581858,370049.0,428623.0,986.2,1001.8,981.3,986.2,120317250,1084.8,887.6,1102.5,649.1,998.8,477,8,998.7,772,7,998.6,1385,10,998.5,4623,16,998.4,1802,18,999.0,96,1,999.3,211,5,999.4,523,12,999.5,598,8,999.6,1460,10
317,2025-11-26 10:38:17+05:30,999.2,100,995.8,3582437,367523.0,426670.0,986.2,1001.8,981.3,986.2,120317250,1084.8,887.6,1102.5,649.1,999.2,393,1,998.9,411,4,998.8,523,10,998.7,4009,15,998.6,1588,11,999.3,5,1,999.4,170,3,999.5,473,5,999.6,478,5,999.7,529,6
317,2025-11-26 10:38:18+05:30,999.2,17,995.8,3582455,365480.0,427131.0,986.2,1001.8,981.3,986.2,120317250,1084.8,887.6,1102.5,649.1,999.2,376,1,998.9,650,7,998.8,1180,11,998.7,4022,16,998.6,903,9,999.3,4,1,999.4,2,1,999.5,472,4,999.6,587,7,999.7,777,8
317,2025-11-26 10:38:19+05:30,999.2,17,995.8,3582455,365480.0,427131.0,986.2,1001.8,981.3,986.2,120317250,1084.8,887.6,1102.5,649.1,999.2,376,1,998.9,650,7,998.8,1180,11,998.7,4022,16,998.6,903,9,999.3,4,1,999.4,2,1,999.5,472,4,999.6,587,7,999.7,777,8
317,2025-11-26 10:38:19+05:30,999.2,119,995.8,3582574,363711.0,427044.0,986.2,1001.8,981.3,986.2,120317250,1084.8,887.6,1102.5,649.1,999.2,257,1,998.9,311,4,998.8,735,6,998.7,3152,17,998.6,1779,13,999.3,4,1,999.4,122,3,999.5,521,5,999.6,587,7,999.7,738,8
317,2025-11-26 10:38:20+05:30,999.2,16,995.8,3582574,363711.0,427044.0,986.2,1001.8,981.3,986.2,120317250,1084.8,887.6,1102.5,649.1,999.2,257,1,998.9,311,4,998.8,735,6,998.7,3152,17,998.6,1779,13,999.3,4,1,999.4,122,3,999.5,521,5,999.6,587,7,999.7,738,8
317,2025-11-26 10:38:21+05:30,999.2,16,995.8,3582847,367810.0,429125.0,986.2,1001.8,981.3,986.2,120317250,1084.8,887.6,1102.5,649.1,999.0,50,1,998.8,132,4,998.7,1161,10,998.6,1511,9,998.5,3464,23,999.2,80,1,999.3,592,6,999.4,808,9,999.5,670,8,999.6,827,11
317,2025-11-26 10:38:22+05:30,999.2,183,995.8,3583030,367696.0,429212.0,986.2,1001.8,981.3,986.2,120317250,1084.8,887.6,1102.5,649.1,999.0,64,2,998.8,314,4,998.7,1063,8,998.6,1511,9,998.5,3508,24,999.2,96,1,999.3,206,2,999.4,696,7,999.5,1239,11,999.6,846,13
317,2025-11-26 10:38:22+05:30,999.2,183,995.8,3583030,367696.0,429212.0,986.2,1001.8,981.3,986.2,120317250,1084.8,887.6,1102.5,649.1,999.0,64,2,998.8,314,4,998.7,1063,8,998.6,1511,9,998.5,3508,24,999.2,96,1,999.3,206,2,999.4,696,7,999.5,1239,11,999.6,846,13
317,2025-11-26 10:38:23+05:30,999.2,183,995.8,3583030,367547.0,429448.0,986.2,1001.8,981.3,986.2,120317250,1084.8,887.6,1102.5,649.1,999.0,64,2,998.8,116,3,998.7,1112,9,998.6,1511,9,998.5,3508,24,999.2,96,1,999.3,210,3,999.4,696,7,999.5,1238,10,999.6,846,13
317,2025-11-26 10:38:24+05:30,999.2,183,995.8,3583030,368432.0,429510.0,986.2,1001.8,981.3,986.2,120317250,1084.8,887.6,1102.5,649.1,999.1,30,1,999.0,64,2,998.9,1,1,998.8,116,3,998.7,1112,9,999.2,246,2,999.3,171,4,999.4,653,7,999.5,1306,12,999.6,846,13
317,2025-11-26 10:38:25+05:30,999.1,30,995.8,3583060,370026.0,429873.0,986.2,1001.8,981.3,986.2,120317250,1084.8,887.6,1102.5,649.1,999.0,64,2,998.9,1,1,998.8,116,3,998.7,1112,9,998.6,1511,9,999.1,66,1,999.3,369,5,999.4,677,8,999.5,1719,15,999.6,846,12
317,2025-11-26 10:38:25+05:30,999.1,30,995.8,3583060,370026.0,429873.0,986.2,1001.8,981.3,986.2,120317250,1084.8,887.6,1102.5,649.1,999.0,64,2,998.9,1,1,998.8,116,3,998.7,1112,9,998.6,1511,9,999.1,66,1,999.3,369,5,999.4,677,8,999.5,1719,15,999.6,846,12
317,2025-11-26 10:38:26+05:30,999.1,30,995.8,3583060,369935.0,429908.0,986.2,1001.8,981.3,986.2,120317250,1084.8,887.6,1102.5,649.1,999.0,64,2,998.9,1,1,998.8,116,3,998.7,1112,9,998.6,1767,11,999.1,66,1,999.3,462,7,999.4,722,9,999.5,1649,12,999.6,872,14
317,2025-11-26 10:38:26+05:30,999.0,1,995.8,3583060,369935.0,429908.0,986.2,1001.8,981.3,986.2,120317250,1084.8,887.6,1102.5,649.1,999.0,64,2,998.9,1,1,998.8,116,3,998.7,1112,9,998.6,1767,11,999.1,66,1,999.3,462,7,999.4,722,9,999.5,1649,12,999.6,872,14
317,2025-11-26 10:38:27+05:30,999.1,8,995.8,3583069,369961.0,429928.0,986.2,1001.8,981.3,986.2,120317250,1084.8,887.6,1102.5,649.1,999.0,63,2,998.9,1,1,998.8,9,2,998.7,1112,9,998.6,1767,11,999.1,58,1,999.3,462,7,999.4,722,9,999.5,1675,14,999.6,846,12
317,2025-11-26 10:38:27+05:30,999.1,8,995.8,3583069,369961.0,429928.0,986.2,1001.8,981.3,986.2,120317250,1084.8,887.6,1102.5,649.1,999.0,63,2,998.9,1,1,998.8,9,2,998.7,1112,9,998.6,1767,11,999.1,58,1,999.3,462,7,999.4,722,9,999.5,1675,14,999.6,846,12
317,2025-11-26 10:38:28+05:30,999.2,59,995.8,3583788,364625.0,429010.0,986.2,1001.8,981.3,986.2,120317250,1084.8,887.6,1102.5,649.1,999.2,94,1,998.9,203,2,998.8,370,5,998.7,1003,7,998.6,1700,9,999.3,329,5,999.4,356,7,999.5,1492,10,999.6,820,11,999.7,671,8
317,2025-11-26 10:38:28+05:30,999.2,59,995.8,3583788,364625.0,429010.0,986.2,1001.8,981.3,986.2,120317250,1084.8,887.6,1102.5,649.1,999.2,94,1,998.9,203,2,998.8,370,5,998.7,1003,7,998.6,1700,9,999.3,329,5,999.4,356,7,999.5,1492,10,999.6,820,11,999.7,671,8
317,2025-11-26 10:38:29+05:30,999.3,1,995.8,3583793,365714.0,429173.0,986.2,1001.8,981.3,986.2,120317250,1084.8,887.6,1102.5,649.1,999.2,94,1,999.0,216,2,998.9,314,3,998.8,568,6,998.7,1421,11,999.3,8,2,999.4,361,7,999.5,1433,9,999.6,887,18,999.7,869,9
317,2025-11-26 10:38:29+05:30,999.3,1,995.8,3583793,365714.0,429173.0,986.2,1001.8,981.3,986.2,120317250,1084.8,887.6,1102.5,649.1,999.2,94,1,999.0,216,2,998.9,314,3,998.8,568,6,998.7,1421,11,999.3,8,2,999.4,361,7,999.5,1433,9,999.6,887,18,999.7,869,9
317,2025-11-26 10:38:30+05:30,999.2,261,995.8,3584411,364306.0,429728.0,986.2,1001.8,981.3,986.2,120317250,1084.8,887.6,1102.5,649.1,998.8,237,6,998.7,1560,11,998.6,1724,9,998.5,3062,14,998.4,2575,20,999.2,96,1,999.3,8,2,999.4,467,6,999.5,1532,9,999.6,1078,21
317,2025-11-26 10:38:30+05:30,999.2,261,995.8,3584411,364306.0,429728.0,986.2,1001.8,981.3,986.2,120317250,1084.8,887.6,1102.5,649.1,998.8,237,6,998.7,1560,11,998.6,1724,9,998.5,3062,14,998.4,2575,20,999.2,96,1,999.3,8,2,999.4,467,6,999.5,1532,9,999.6,1078,21
317,2025-11-26 10:38:31+05:30,998.8,5,995.8,3584411,364306.0,429728.0,986.2,1001.8,981.3,986.2,120317250,1084.8,887.6,1102.5,649.1,998.8,237,6,998.7,1560,11,998.6,1724,9,998.5,3062,14,998.4,2575,20,999.2,96,1,999.3,8,2,999.4,467,6,999.5,1532,9,999.6,1078,21
317,2025-11-26 10:38:31+05:30,998.8,5,995.8,3584423,364427.0,429727.0,986.2,1001.8,981.3,986.2,120317250,1084.8,887.6,1102.5,649.1,998.8,131,3,998.7,1600,12,998.6,1724,9,998.5,3088,16,998.4,2693,18,999.2,92,1,999.3,8,2,999.4,466,5,999.5,1639,12,999.6,1137,22
317,2025-11-26 10:38:32+05:30,998.8,5,995.8,3584423,364232.0,429734.0,986.2,1001.8,981.3,986.2,120317250,1084.8,887.6,1102.5,649.1,998.8,131,3,998.7,1600,12,998.6,1724,9,998.5,3088,16,998.4,2717,19,999.2,92,1,999.3,8,2,999.4,466,5,999.5,1646,14,999.6,1137,22
317,2025-11-26 10:38:33+05:30,998.8,5,995.8,3584423,364344.0,429347.0,986.2,1001.8,981.3,986.2,120317250,1084.8,887.6,1102.5,649.1,999.0,10,1,998.9,51,2,998.8,499,7,998.7,1151,10,998.6,1724,9,999.2,92,1,999.3,3,1,999.4,457,5,999.5,1597,13,999.6,982,13
317,2025-11-26 10:38:34+05:30,999.2,55,995.8,3584423,364344.0,429347.0,986.2,1001.8,981.3,986.2,120317250,1084.8,887.6,1102.5,649.1,999.0,10,1,998.9,51,2,998.8,499,7,998.7,1151,10,998.6,1724,9,999.2,92,1,999.3,3,1,999.4,457,5,999.5,1597,13,999.6,982,13
317,2025-11-26 10:38:34+05:30,999.2,55,995.8,3584678,364533.0,429730.0,986.2,1001.8,981.3,986.2,120317250,1084.8,887.6,1102.5,649.1,999.1,112,1,999.0,10,1,998.9,2,1,998.8,315,6,998.7,1111,9,999.2,297,3,999.3,3,1,999.4,497,6,999.5,1624,14,999.6,1087,20
317,2025-11-26 10:38:35+05:30,999.1,112,995.8,3584678,364533.0,429730.0,986.2,1001.8,981.3,986.2,120317250,1084.8,887.6,1102.5,649.1,999.1,112,1,999.0,10,1,998.9,2,1,998.8,315,6,998.7,1111,9,999.2,297,3,999.3,3,1,999.4,497,6,999.5,1624,14,999.6,1087,20
317,2025-11-26 10:38:35+05:30,999.1,112,995.8,3584790,365856.0,429967.0,986.2,1001.8,981.3,986.2,120317250,1084.8,887.6,1102.5,649.1,999.0,10,1,998.8,257,5,998.7,1052,8,998.6,1764,10,998.5,3838,17,999.1,96,1,999.2,256,2,999.3,101,3,999.4,542,7,999.5,1669,14
317,2025-11-26 10:38:36+05:30,999.2,36,995.81,3585415,369049.0,426530.0,986.2,1001.8,981.3,986.2,120317250,1084.8,887.6,1102.5,649.1,999.2,232,2,999.0,508,9,998.9,1023,8,998.8,1994,12,998.7,4836,22,999.3,3,1,999.4,1,1,999.5,810,3,999.6,427,3,999.7,672,5
317,2025-11-26 10:38:36+05:30,999.2,36,995.81,3585415,369049.0,426530.0,986.2,1001.8,981.3,986.2,120317250,1084.8,887.6,1102.5,649.1,999.2,232,2,999.0,508,9,998.9,1023,8,998.8,1994,12,998.7,4836,22,999.3,3,1,999.4,1,1,999.5,810,3,999.6,427,3,999.7,672,5
317,2025-11-26 10:38:37+05:30,999.2,118,995.81,3585415,369049.0,426530.0,986.2,1001.8,981.3,986.2,120317250,1084.8,887.6,1102.5,649.1,999.2,232,2,999.0,508,9,998.9,1023,8,998.8,1994,12,998.7,4836,22,999.3,3,1,999.4,1,1,999.5,810,3,999.6,427,3,999.7,672,5
317,2025-11-26 10:38:37+05:30,999.2,118,995.81,3585533,367762.0,427041.0,986.2,1001.8,981.3,986.2,120317250,1084.8,887.6,1102.5,649.1,999.2,120,3,999.0,568,7,998.9,1134,7,998.8,1462,10,998.7,4142,22,999.3,3,1,999.4,2,2,999.5,1060,4,999.6,453,5,999.7,731,7
317,2025-11-26 10:38:38+05:30,999.2,2,995.81,3585533,367762.0,427041.0,986.2,1001.8,981.3,986.2,120317250,1084.8,887.6,1102.5,649.1,999.2,120,3,999.0,568,7,998.9,1134,7,998.8,1462,10,998.7,4142,22,999.3,3,1,999.4,2,2,999.5,1060,4,999.6,453,5,999.7,731,7
317,2025-11-26 10:38:38+05:30,999.2,2,995.81,3585635,367210.0,427107.0,986.2,1001.8,981.3,986.2,120317250,1084.8,887.6,1102.5,649.1,999.2,25,4,999.0,610,7,998.9,990,7,998.8,1521,11,998.7,4142,22,999.3,3,1,999.4,2,2,999.5,1060,4,999.6,463,6,999.7,682,6
317,2025-11-26 10:38:39+05:30,999.2,25,995.81,3585635,367210.0,427107.0,986.2,1001.8,981.3,986.2,120317250,1084.8,887.6,1102.5,649.1,999.2,25,4,999.0,610,7,998.9,990,7,998.8,1521,11,998.7,4142,22,999.3,3,1,999.4,2,2,999.5,1060,4,999.6,463,6,999.7,682,6
317,2025-11-26 10:38:39+05:30,999.2,25,995.81,3585685,367145.0,427475.0,986.2,1001.8,981.3,986.2,120317250,1084.8,887.6,1102.5,649.1,999.2,5,1,999.0,58,4,998.9,932,6,998.8,1509,10,998.7,4392,23,999.3,3,1,999.4,1,1,999.5,1259,6,999.6,570,8,999.7,744,8
317,2025-11-26 10:38:40+05:30,999.2,654,995.81,3585685,367145.0,427475.0,986.2,1001.8,981.3,986.2,120317250,1084.8,887.6,1102.5,649.1,999.2,5,1,999.0,58,4,998.9,932,6,998.8,1509,10,998.7,4392,23,999.3,3,1,999.4,1,1,999.5,1259,6,999.6,570,8,999.7,744,8
317,2025-11-26 10:38:40+05:30,999.2,10,995.81,3586542,369050.0,427853.0,986.2,1001.8,981.3,986.2,120317250,1084.8,887.6,1102.5,649.1,999.0,14,2,998.9,331,3,998.8,1462,9,998.7,5129,23,998.6,1561,8,999.2,232,2,999.3,2,1,999.4,50,2,999.5,1367,9,999.6,643,7
317,2025-11-26 10:38:41+05:30,998.9,9,995.81,3586542,369050.0,427853.0,986.2,1001.8,981.3,986.2,120317250,1084.8,887.6,1102.5,649.1,999.0,14,2,998.9,331,3,998.8,1462,9,998.7,5129,23,998.6,1561,8,999.2,232,2,999.3,2,1,999.4,50,2,999.5,1367,9,999.6,643,7
317,2025-11-26 10:38:41+05:30,999.2,10,995.81,3586906,364710.0,428845.0,986.2,1001.8,981.3,986.2,120317250,1084.8,887.6,1102.5,649.1,998.8,292,5,998.7,1217,9,998.6,1718,9,998.5,4074,23,998.4,2425,15,999.2,222,2,999.3,2,1,999.4,516,6,999.5,1791,17,999.6,686,9
317,2025-11-26 10:38:42+05:30,999.2,10,995.81,3586906,364710.0,428845.0,986.2,1001.8,981.3,986.2,120317250,1084.8,887.6,1102.5,649.1,998.8,292,5,998.7,1217,9,998.6,1718,9,998.5,4074,23,998.4,2425,15,999.2,222,2,999.3,2,1,999.4,516,6,999.5,1791,17,999.6,686,9
317,2025-11-26 10:38:42+05:30,999.2,10,995.81,3586906,364559.0,428653.0,986.2,1001.8,981.3,986.2,120317250,1084.8,887.6,1102.5,649.1,999.0,1,1,998.9,8,2,998.8,711,7,998.7,1578,9,998.6,1718,9,999.2,222,2,999.3,2,1,999.4,450,4,999.5,1628,13,999.6,663,9
317,2025-11-26 10:38:43+05:30,999.2,5,995.81,3586906,364559.0,428653.0,986.2,1001.8,981.3,986.2,120317250,1084.8,887.6,1102.5,649.1,999.0,1,1,998.9,8,2,998.8,711,7,998.7,1578,9,998.6,1718,9,999.2,222,2,999.3,2,1,999.4,450,4,999.5,1628,13,999.6,663,9
317,2025-11-26 10:38:43+05:30,999.2,629,995.81,3587680,367928.0,427004.0,986.2,1001.8,981.3,986.2,120317250,1084.8,887.6,1102.5,649.1,998.9,175,3,998.8,2123,12,998.7,2393,11,998.6,1580,10,998.5,3191,18,999.2,96,1,999.3,2,1,999.4,1,1,999.5,1120,7,999.6,438,6
317,2025-11-26 10:38:44+05:30,999.2,629,995.81,3587680,367928.0,427004.0,986.2,1001.8,981.3,986.2,120317250,1084.8,887.6,1102.5,649.1,998.9,175,3,998.8,2123,12,998.7,2393,11,998.6,1580,10,998.5,3191,18,999.2,96,1,999.3,2,1,999.4,1,1,999.5,1120,7,999.6,438,6
317,2025-11-26 10:38:44+05:30,998.9,61,995.81,3587801,367359.0,428046.0,986.2,1001.8,981.3,986.2,120317250,1084.8,887.6,1102.5,649.1,998.8,1391,8,998.7,2579,12,998.6,1378,9,998.5,3389,19,998.4,2214,15,999.2,93,1,999.3,2,1,999.4,208,3,999.5,1393,11,999.6,414,5
317,2025-11-26 10:38:45+05:30,998.8,81,995.81,3587801,367359.0,428046.0,986.2,1001.8,981.3,986.2,120317250,1084.8,887.6,1102.5,649.1,998.8,1391,8,998.7,2579,12,998.6,1378,9,998.5,3389,19,998.4,2214,15,999.2,93,1,999.3,2,1,999.4,208,3,999.5,1393,11,999.6,414,5
317,2025-11-26 10:38:46+05:30,998.8,81,995.81,3587931,365530.0,427985.0,986.2,1001.8,981.3,986.2,120317250,1084.8,887.6,1102.5,649.1,998.9,77,2,998.8,1731,8,998.7,1643,10,998.6,1436,10,998.5,3389,19,999.3,2,1,999.4,321,3,999.5,1564,10,999.6,414,5,999.7,852,10
317,2025-11-26 10:38:47+05:30,998.8,81,995.81,3587931,365695.0,427995.0,986.2,1001.8,981.3,986.2,120317250,1084.8,887.6,1102.5,649.1,998.9,137,3,998.8,1778,9,998.7,1643,10,998.6,1436,10,998.5,3447,20,999.3,2,1,999.4,321,3,999.5,1564,10,999.6,424,6,999.7,852,10
317,2025-11-26 10:38:48+05:30,998.8,81,995.81,3587931,365603.0,428322.0,986.2,1001.8,981.3,986.2,120317250,1084.8,887.6,1102.5,649.1,998.8,1806,10,998.7,2143,11,998.6,1436,10,998.5,3447,20,998.4,1474,14,999.3,130,3,999.4,446,4,999.5,1666,11,999.6,526,7,999.7,878,12
317,2025-11-26 10:38:50+05:30,999.3,3,995.81,3588890,368525.0,425772.0,986.2,1001.8,981.3,986.2,120317250,1084.8,887.6,1102.5,649.1,999.3,745,1,999.0,212,2,998.9,965,4,998.8,683,7,998.7,4236,14,999.4,151,2,999.5,1062,6,999.6,476,6,999.7,835,14,999.8,562,5
317,2025-11-26 10:38:50+05:30,999.3,3,995.81,3588890,368525.0,425772.0,986.2,1001.8,981.3,986.2,120317250,1084.8,887.6,1102.5,649.1,999.3,745,1,999.0,212,2,998.9,965,4,998.8,683,7,998.7,4236,14,999.4,151,2,999.5,1062,6,999.6,476,6,999.7,835,14,999.8,562,5
317,2025-11-26 10:38:51+05:30,999.4,1,995.81,3588890,368525.0,425772.0,986.2,1001.8,981.3,986.2,120317250,1084.8,887.6,1102.5,649.1,999.3,638,2,999.0,232,3,998.9,1163,5,998.8,1288,8,998.7,3665,16,999.4,146,2,999.5,1699,11,999.6,490,6,999.7,827,17,999.8,828,8
317,2025-11-26 10:38:51+05:30,999.4,1,995.81,3589017,368575.0,427091.0,986.2,1001.8,981.3,986.2,120317250,1084.8,887.6,1102.5,649.1,999.3,638,2,999.0,232,3,998.9,1163,5,998.8,1288,8,998.7,3665,16,999.4,146,2,999.5,1699,11,999.6,490,6,999.7,827,17,999.8,828,8
317,2025-11-26 10:38:52+05:30,999.3,118,995.81,3589017,368575.0,427091.0,986.2,1001.8,981.3,986.2,120317250,1084.8,887.6,1102.5,649.1,999.3,638,2,999.0,232,3,998.9,1163,5,998.8,1288,8,998.7,3665,16,999.4,146,2,999.5,1699,11,999.6,490,6,999.7,827,17,999.8,828,8
317,2025-11-26 10:38:52+05:30,999.3,118,995.81,3589170,368132.0,427603.0,986.2,1001.8,981.3,986.2,120317250,1084.8,887.6,1102.5,649.1,999.3,485,2,999.0,129,2,998.9,1106,5,998.8,1258,8,998.7,3665,16,999.4,146,2,999.5,1741,10,999.6,490,6,999.7,750,14,999.8,1359,15
317,2025-11-26 10:38:53+05:30,999.3,200,995.81,3589170,368132.0,427603.0,986.2,1001.8,981.3,986.2,120317250,1084.8,887.6,1102.5,649.1,999.3,485,2,999.0,129,2,998.9,1106,5,998.8,1258,8,998.7,3665,16,999.4,146,2,999.5,1741,10,999.6,490,6,999.7,750,14,999.8,1359,15
317,2025-11-26 10:38:53+05:30,999.3,200,995.81,3589391,367336.0,427247.0,986.2,1001.8,981.3,986.2,120317250,1084.8,887.6,1102.5,649.1,999.3,285,2,999.0,129,2,998.9,1106,5,998.8,1255,7,998.7,3829,14,999.4,125,2,999.5,1741,10,999.6,490,6,999.7,750,14,999.8,1157,14
317,2025-11-26 10:38:54+05:30,998.9,36,995.81,3589391,367336.0,427247.0,986.2,1001.8,981.3,986.2,120317250,1084.8,887.6,1102.5,649.1,999.3,285,2,999.0,129,2,998.9,1106,5,998.8,1255,7,998.7,3829,14,999.4,125,2,999.5,1741,10,999.6,490,6,999.7,750,14,999.8,1157,14
317,2025-11-26 10:38:54+05:30,998.9,36,995.81,3589953,367134.0,427172.0,986.2,1001.8,981.3,986.2,120317250,1084.8,887.6,1102.5,649.1,999.0,131,3,998.9,1165,7,998.8,769,9,998.7,4546,16,998.6,2031,17,999.4,1,1,999.5,1613,7,999.6,492,7,999.7,925,15,999.8,1368,18
317,2025-11-26 10:38:55+05:30,999.0,44,995.81,3589953,367134.0,427172.0,986.2,1001.8,981.3,986.2,120317250,1084.8,887.6,1102.5,649.1,999.0,131,3,998.9,1165,7,998.8,769,9,998.7,4546,16,998.6,2031,17,999.4,1,1,999.5,1613,7,999.6,492,7,999.7,925,15,999.8,1368,18
317,2025-11-26 10:38:55+05:30,999.3,750,995.81,3590821,365447.0,425823.0,986.2,1001.8,981.3,986.2,120317250,1084.8,887.6,1102.5,649.1,998.9,41,1,998.8,1903,9,998.7,2735,11,998.6,1690,10,998.5,1874,14,999.3,250,1,999.4,32,2,999.5,1613,7,999.6,350,6,999.7,803,11
317,2025-11-26 10:38:56+05:30,998.8,15,995.81,3590821,365447.0,425823.0,986.2,1001.8,981.3,986.2,120317250,1084.8,887.6,1102.5,649.1,998.9,41,1,998.8,1903,9,998.7,2735,11,998.6,1690,10,998.5,1874,14,999.3,250,1,999.4,32,2,999.5,1613,7,999.6,350,6,999.7,803,11
317,2025-11-26 10:38:57+05:30,999.3,7,995.81,3590821,365447.0,425823.0,986.2,1001.8,981.3,986.2,120317250,1084.8,887.6,1102.5,649.1,998.9,41,1,998.8,1903,9,998.7,2735,11,998.6,1690,10,998.5,1874,14,999.3,250,1,999.4,32,2,999.5,1613,7,999.6,350,6,999.7,803,11
317,2025-11-26 10:38:58+05:30,999.3,7,995.81,3591182,365015.0,428062.0,986.2,1001.8,981.3,986.2,120317250,1084.8,887.6,1102.5,649.1,998.8,913,3,998.7,3098,10,998.6,1685,11,998.5,1947,18,998.4,2053,15,999.3,243,1,999.4,196,4,999.5,1868,9,999.6,709,12,999.7,908,18
317,2025-11-26 10:38:59+05:30,999.3,7,995.81,3591182,365883.0,428042.0,986.2,1001.8,981.3,986.2,120317250,1084.8,887.6,1102.5,649.1,998.8,1249,9,998.7,3944,13,998.6,1435,10,998.5,1947,18,998.4,2082,16,999.3,243,1,999.4,196,4,999.5,1868,9,999.6,709,12,999.7,908,18
317,2025-11-26 10:38:59+05:30,998.8,100,995.81,3591182,365883.0,428042.0,986.2,1001.8,981.3,986.2,120317250,1084.8,887.6,1102.5,649.1,998.8,1249,9,998.7,3944,13,998.6,1435,10,998.5,1947,18,998.4,2082,16,999.3,243,1,999.4,196,4,999.5,1868,9,999.6,709,12,999.7,908,18
317,2025-11-26 10:39:00+05:30,998.8,100,995.81,3591282,368878.0,429014.0,986.2,1001.8,981.3,986.2,120317250,1084.8,887.6,1102.5,649.1,998.9,50,2,998.8,1660,12,998.7,3794,14,998.6,2185,11,998.5,1947,18,999.1,96,1,999.3,243,1,999.4,121,2,999.5,1981,11,999.6,675,10
317,2025-11-26 10:39:01+05:30,999.1,750,995.81,3592045,371688.0,428045.0,986.2,1001.8,981.3,986.2,120317250,1084.8,887.6,1102.5,649.1,998.9,859,4,998.8,1603,15,998.7,3726,13,998.6,2849,9,998.5,1973,20,999.1,96,1,999.3,243,1,999.4,1,1,999.5,1343,7,999.6,788,11
317,2025-11-26 10:39:01+05:30,999.1,750,995.81,3592045,371688.0,428045.0,986.2,1001.8,981.3,986.2,120317250,1084.8,887.6,1102.5,649.1,998.9,859,4,998.8,1603,15,998.7,3726,13,998.6,2849,9,998.5,1973,20,999.1,96,1,999.3,243,1,999.4,1,1,999.5,1343,7,999.6,788,11
317,2025-11-26 10:39:02+05:30,999.1,750,995.81,3592045,371688.0,428128.0,986.2,1001.8,981.3,986.2,120317250,1084.8,887.6,1102.5,649.1,998.9,859,4,998.8,1603,15,998.7,3726,13,998.6,2849,9,998.5,1973,20,999.1,96,1,999.3,243,1,999.4,1,1,999.5,1356,8,999.6,852,15
317,2025-11-26 10:39:03+05:30,999.1,750,995.81,3592045,371905.0,428692.0,986.2,1001.8,981.3,986.2,120317250,1084.8,887.6,1102.5,649.1,998.9,853,4,998.8,1554,15,998.7,3726,13,998.6,2879,10,998.5,1973,20,999.1,96,1,999.3,243,1,999.4,1,1,999.5,1548,9,999.6,852,15
317,2025-11-26 10:39:04+05:30,999.1,750,995.81,3592045,371521.0,428899.0,986.2,1001.8,981.3,986.2,120317250,1084.8,887.6,1102.5,649.1,998.9,750,1,998.8,1125,13,998.7,3726,13,998.6,2879,10,998.5,1973,20,999.1,96,1,999.3,243,1,999.4,59,2,999.5,1561,10,999.6,852,15
317,2025-11-26 10:39:05+05:30,998.9,200,995.81,3592249,371783.0,427861.0,986.2,1001.8,981.3,986.2,120317250,1084.8,887.6,1102.5,649.1,998.9,655,4,998.8,1231,13,998.7,3752,13,998.6,2189,10,998.5,1973,20,999.3,243,1,999.4,1,1,999.5,1430,8,999.6,788,11,999.7,997,14
317,2025-11-26 10:39:05+05:30,998.9,200,995.81,3592249,371783.0,427861.0,986.2,1001.8,981.3,986.2,120317250,1084.8,887.6,1102.5,649.1,998.9,655,4,998.8,1231,13,998.7,3752,13,998.6,2189,10,998.5,1973,20,999.3,243,1,999.4,1,1,999.5,1430,8,999.6,788,11,999.7,997,14
317,2025-11-26 10:39:06+05:30,998.9,200,995.81,3592249,371033.0,427861.0,986.2,1001.8,981.3,986.2,120317250,1084.8,887.6,1102.5,649.1,998.9,655,4,998.8,1231,13,998.7,3752,13,998.6,1439,9,998.5,1973,20,999.3,243,1,999.4,1,1,999.5,1430,8,999.6,788,11,999.7,997,14
317,2025-11-26 10:39:07+05:30,998.9,118,995.81,3592367,370725.0,428066.0,986.2,1001.8,981.3,986.2,120317250,1084.8,887.6,1102.5,649.1,998.9,484,3,998.8,1085,14,998.7,3502,12,998.6,1689,10,998.5,1973,20,999.3,243,1,999.4,1,1,999.5,1495,11,999.6,788,11,999.7,1023,16
317,2025-11-26 10:39:07+05:30,999.3,9,995.81,3592367,370725.0,428066.0,986.2,1001.8,981.3,986.2,120317250,1084.8,887.6,1102.5,649.1,998.9,484,3,998.8,1085,14,998.7,3502,12,998.6,1689,10,998.5,1973,20,999.3,243,1,999.4,1,1,999.5,1495,11,999.6,788,11,999.7,1023,16
317,2025-11-26 10:39:08+05:30,999.3,22,995.81,3592398,371144.0,427926.0,986.2,1001.8,981.3,986.2,120317250,1084.8,887.6,1102.5,649.1,998.9,683,3,998.8,2078,15,998.7,3148,13,998.6,1445,10,998.5,1973,20,999.3,212,1,999.4,1,1,999.5,1489,10,999.6,675,10,999.7,971,15
317,2025-11-26 10:39:08+05:30,999.3,22,995.81,3592398,371144.0,427926.0,986.2,1001.8,981.3,986.2,120317250,1084.8,887.6,1102.5,649.1,998.9,683,3,998.8,2078,15,998.7,3148,13,998.6,1445,10,998.5,1973,20,999.3,212,1,999.4,1,1,999.5,1489,10,999.6,675,10,999.7,971,15
317,2025-11-26 10:39:09+05:30,999.3,22,995.81,3592398,370357.0,428142.0,986.2,1001.8,981.3,986.2,120317250,1084.8,887.6,1102.5,649.1,999.1,28,1,998.9,747,4,998.8,785,10,998.7,3805,14,998.6,1439,9,999.3,212,1,999.4,174,2,999.5,1506,11,999.6,505,8,999.7,899,12
317,2025-11-26 10:39:10+05:30,999.3,22,995.81,3592398,372694.0,428277.0,986.2,1001.8,981.3,986.2,120317250,1084.8,887.6,1102.5,649.1,999.1,45,2,998.9,747,4,998.8,1565,10,998.7,4498,15,998.6,918,11,999.2,96,1,999.3,214,2,999.4,53,1,999.5,1575,11,999.6,505,8
317,2025-11-26 10:39:11+05:30,999.3,22,995.81,3592398,372063.0,428133.0,986.2,1001.8,981.3,986.2,120317250,1084.8,887.6,1102.5,649.1,999.1,58,3,998.9,747,4,998.8,908,9,998.7,4555,15,998.6,1492,10,999.2,96,1,999.3,214,2,999.5,1654,13,999.6,505,8,999.7,925,14
317,2025-11-26 10:39:12+05:30,999.1,5,995.81,3592403,371774.0,428234.0,986.2,1001.8,981.3,986.2,120317250,1084.8,887.6,1102.5,649.1,999.1,53,3,998.9,747,4,998.8,667,7,998.7,4502,14,998.6,1543,12,999.2,96,1,999.3,214,2,999.4,5,1,999.5,1698,15,999.6,505,8
317,2025-11-26 10:39:12+05:30,999.1,5,995.81,3592403,371774.0,428234.0,986.2,1001.8,981.3,986.2,120317250,1084.8,887.6,1102.5,649.1,999.1,53,3,998.9,747,4,998.8,667,7,998.7,4502,14,998.6,1543,12,999.2,96,1,999.3,214,2,999.4,5,1,999.5,1698,15,999.6,505,8
317,2025-11-26 10:39:14+05:30,999.2,3,995.81,3592789,374287.0,427950.0,986.2,1001.8,981.3,986.2,120317250,1084.8,887.6,1102.5,649.1,999.1,29,2,999.0,56,1,998.9,1300,9,998.8,1894,14,998.7,5005,15,999.2,93,1,999.3,214,2,999.5,1207,8,999.6,594,9,999.7,798,11
317,2025-11-26 10:39:14+05:30,999.2,3,995.81,3592789,374287.0,427950.0,986.2,1001.8,981.3,986.2,120317250,1084.8,887.6,1102.5,649.1,999.1,29,2,999.0,56,1,998.9,1300,9,998.8,1894,14,998.7,5005,15,999.2,93,1,999.3,214,2,999.5,1207,8,999.6,594,9,999.7,798,11
317,2025-11-26 10:39:15+05:30,999.1,80,995.81,3593155,375134.0,427504.0,986.2,1001.8,981.3,986.2,120317250,1084.8,887.6,1102.5,649.1,998.9,1118,9,998.8,2336,14,998.7,5003,14,998.6,1651,12,998.5,1024,18,999.1,16,1,999.3,214,2,999.5,1089,7,999.6,428,4,999.7,790,11
317,2025-11-26 10:39:15+05:30,999.1,80,995.81,3593155,375134.0,427504.0,986.2,1001.8,981.3,986.2,120317250,1084.8,887.6,1102.5,649.1,998.9,1118,9,998.8,2336,14,998.7,5003,14,998.6,1651,12,998.5,1024,18,999.1,16,1,999.3,214,2,999.5,1089,7,999.6,428,4,999.7,790,11
317,2025-11-26 10:39:16+05:30,998.9,118,995.81,3593273,375538.0,427794.0,986.2,1001.8,981.3,986.2,120317250,1084.8,887.6,1102.5,649.1,998.9,675,5,998.8,1954,12,998.7,5807,17,998.6,1859,12,998.5,1024,18,999.1,16,1,999.3,214,2,999.4,208,2,999.5,1337,9,999.6,477,5
317,2025-11-26 10:39:16+05:30,999.4,202,995.81,3593273,375538.0,427794.0,986.2,1001.8,981.3,986.2,120317250,1084.8,887.6,1102.5,649.1,998.9,675,5,998.8,1954,12,998.7,5807,17,998.6,1859,12,998.5,1024,18,999.1,16,1,999.3,214,2,999.4,208,2,999.5,1337,9,999.6,477,5
317,2025-11-26 10:39:17+05:30,999.4,9,995.81,3593916,372960.0,425028.0,986.2,1001.8,981.3,986.2,120317250,1084.8,887.6,1102.5,649.1,999.4,107,1,999.2,2,1,999.1,366,3,999.0,923,6,998.9,1256,10,999.5,1063,5,999.6,166,2,999.7,585,6,999.8,756,10,999.9,1529,23
317,2025-11-26 10:39:17+05:30,999.4,9,995.81,3593916,372960.0,425028.0,986.2,1001.8,981.3,986.2,120317250,1084.8,887.6,1102.5,649.1,999.4,107,1,999.2,2,1,999.1,366,3,999.0,923,6,998.9,1256,10,999.5,1063,5,999.6,166,2,999.7,585,6,999.8,756,10,999.9,1529,23
317,2025-11-26 10:39:18+05:30,999.1,11,995.81,3593916,372960.0,425028.0,986.2,1001.8,981.3,986.2,120317250,1084.8,887.6,1102.5,649.1,999.4,107,1,999.2,2,1,999.1,366,3,999.0,923,6,998.9,1256,10,999.5,1063,5,999.6,166,2,999.7,585,6,999.8,756,10,999.9,1529,23
317,2025-11-26 10:39:18+05:30,999.1,11,995.81,3594047,371727.0,426441.0,986.2,1001.8,981.3,986.2,120317250,1084.8,887.6,1102.5,649.1,999.1,97,1,999.0,873,5,998.9,1192,7,998.8,1912,16,998.7,3729,14,999.5,1750,8,999.6,336,4,999.7,596,7,999.8,896,11,999.9,1940,26
317,2025-11-26 10:39:19+05:30,999.1,11,995.81,3594047,372041.0,426606.0,986.2,1001.8,981.3,986.2,120317250,1084.8,887.6,1102.5,649.1,999.1,4,1,999.0,728,6,998.9,1678,10,998.8,2158,16,998.7,3712,14,999.5,1651,5,999.6,284,2,999.7,692,9,999.8,903,13,999.9,1940,26
317,2025-11-26 10:39:20+05:30,999.1,11,995.81,3594047,375927.0,428289.0,986.2,1001.8,981.3,986.2,120317250,1084.8,887.6,1102.5,649.1,999.1,4,1,999.0,734,6,998.9,1368,10,998.8,4367,19,998.7,3712,14,999.2,96,1,999.5,1651,5,999.6,415,6,999.7,798,10,999.8,950,12
317,2025-11-26 10:39:21+05:30,999.1,11,995.81,3594047,375919.0,428315.0,986.2,1001.8,981.3,986.2,120317250,1084.8,887.6,1102.5,649.1,999.1,4,1,999.0,734,6,998.9,1360,9,998.8,4367,19,998.7,3712,14,999.2,96,1,999.3,1,1,999.5,1651,5,999.6,415,6,999.7,823,11
317,2025-11-26 10:39:22+05:30,999.0,21,995.81,3594047,375919.0,428315.0,986.2,1001.8,981.3,986.2,120317250,1084.8,887.6,1102.5,649.1,999.1,4,1,999.0,734,6,998.9,1360,9,998.8,4367,19,998.7,3712,14,999.2,96,1,999.3,1,1,999.5,1651,5,999.6,415,6,999.7,823,11
317,2025-11-26 10:39:22+05:30,999.0,21,995.81,3594072,375652.0,428219.0,986.2,1001.8,981.3,986.2,120317250,1084.8,887.6,1102.5,649.1,999.0,626,5,998.9,1688,9,998.8,4126,17,998.7,3712,14,998.6,641,7,999.2,96,1,999.3,1,1,999.5,1651,5,999.6,415,6,999.7,798,10
317,2025-11-26 10:39:23+05:30,999.2,10,995.81,3594072,375652.0,428219.0,986.2,1001.8,981.3,986.2,120317250,1084.8,887.6,1102.5,649.1,999.0,626,5,998.9,1688,9,998.8,4126,17,998.7,3712,14,998.6,641,7,999.2,96,1,999.3,1,1,999.5,1651,5,999.6,415,6,999.7,798,10
317,2025-11-26 10:39:23+05:30,999.2,10,995.81,3594103,375709.0,428187.0,986.2,1001.8,981.3,986.2,120317250,1084.8,887.6,1102.5,649.1,999.0,623,4,998.9,1688,9,998.8,4126,17,998.7,3712,14,998.6,641,7,999.2,65,1,999.3,1,1,999.5,1651,5,999.6,415,6,999.7,798,10
317,2025-11-26 10:39:24+05:30,999.2,10,995.81,3594103,375812.0,428656.0,986.2,1001.8,981.3,986.2,120317250,1084.8,887.6,1102.5,649.1,999.1,1,1,999.0,639,5,998.9,1688,9,998.8,4087,17,998.7,3712,14,999.2,65,1,999.3,1,1,999.5,1651,5,999.6,415,6,999.7,798,10
317,2025-11-26 10:39:25+05:30,999.1,64,995.81,3594103,375812.0,428656.0,986.2,1001.8,981.3,986.2,120317250,1084.8,887.6,1102.5,649.1,999.1,1,1,999.0,639,5,998.9,1688,9,998.8,4087,17,998.7,3712,14,999.2,65,1,999.3,1,1,999.5,1651,5,999.6,415,6,999.7,798,10
317,2025-11-26 10:39:25+05:30,999.1,64,995.81,3594168,376339.0,429175.0,986.2,1001.8,981.3,986.2,120317250,1084.8,887.6,1102.5,649.1,999.0,513,4,998.9,1581,8,998.8,3810,15,998.7,3959,15,998.6,641,7,999.1,96,1,999.3,1,1,999.4,202,1,999.5,1976,11,999.6,496,5
317,2025-11-26 10:39:26+05:30,999.1,83,995.81,3594168,376339.0,429175.0,986.2,1001.8,981.3,986.2,120317250,1084.8,887.6,1102.5,649.1,999.0,513,4,998.9,1581,8,998.8,3810,15,998.7,3959,15,998.6,641,7,999.1,96,1,999.3,1,1,999.4,202,1,999.5,1976,11,999.6,496,5
317,2025-11-26 10:39:26+05:30,999.0,100,995.81,3595114,376477.0,427341.0,986.2,1001.8,981.3,986.2,120317250,1084.8,887.6,1102.5,649.1,999.0,442,5,998.9,1536,6,998.8,4162,17,998.7,3735,16,998.6,833,8,999.1,12,1,999.3,1,1,999.5,1063,5,999.6,417,5,999.7,496,6
317,2025-11-26 10:39:27+05:30,999.0,60,995.81,3595114,376477.0,427341.0,986.2,1001.8,981.3,986.2,120317250,1084.8,887.6,1102.5,649.1,999.0,442,5,998.9,1536,6,998.8,4162,17,998.7,3735,16,998.6,833,8,999.1,12,1,999.3,1,1,999.5,1063,5,999.6,417,5,999.7,496,6
317,2025-11-26 10:39:27+05:30,999.0,60,995.81,3595762,371319.0,427383.0,986.2,1001.8,981.3,986.2,120317250,1084.8,887.6,1102.5,649.1,999.0,14,1,998.9,1170,4,998.8,1380,10,998.7,3803,18,998.6,1608,11,999.4,120,4,999.5,1348,11,999.6,620,8,999.7,508,8,999.8,1193,18
317,2025-11-26 10:39:28+05:30,999.5,165,995.81,3595762,371319.0,427383.0,986.2,1001.8,981.3,986.2,120317250,1084.8,887.6,1102.5,649.1,999.0,14,1,998.9,1170,4,998.8,1380,10,998.7,3803,18,998.6,1608,11,999.4,120,4,999.5,1348,11,999.6,620,8,999.7,508,8,999.8,1193,18
317,2025-11-26 10:39:29+05:30,999.5,165,995.82,3596512,371755.0,427029.0,986.2,1001.8,981.3,986.2,120317250,1084.8,887.6,1102.5,649.1,999.0,63,2,998.9,1520,9,998.8,1651,11,998.7,3890,20,998.6,858,10,999.4,439,1,999.5,88,2,999.6,327,5,999.7,503,7,999.8,1034,12
317,2025-11-26 10:39:30+05:30,999.4,10,995.82,3596522,372540.0,427153.0,986.2,1001.8,981.3,986.2,120317250,1084.8,887.6,1102.5,649.1,999.0,76,3,998.9,1520,9,998.8,1841,11,998.7,3640,19,998.6,1608,11,999.4,429,1,999.5,217,2,999.6,327,5,999.7,504,8,999.8,1039,13
317,2025-11-26 10:39:30+05:30,999.0,117,995.82,3596522,372540.0,427153.0,986.2,1001.8,981.3,986.2,120317250,1084.8,887.6,1102.5,649.1,999.0,76,3,998.9,1520,9,998.8,1841,11,998.7,3640,19,998.6,1608,11,999.4,429,1,999.5,217,2,999.6,327,5,999.7,504,8,999.8,1039,13
317,2025-11-26 10:39:31+05:30,999.0,8,995.82,3596660,374702.0,427950.0,986.2,1001.8,981.3,986.2,120317250,1084.8,887.6,1102.5,649.1,999.0,21,1,998.9,1221,6,998.8,1591,10,998.7,4359,19,998.6,1654,12,999.2,96,1,999.3,46,1,999.4,507,5,999.5,299,5,999.6,322,4
317,2025-11-26 10:39:31+05:30,999.0,8,995.82,3596660,374702.0,427950.0,986.2,1001.8,981.3,986.2,120317250,1084.8,887.6,1102.5,649.1,999.0,21,1,998.9,1221,6,998.8,1591,10,998.7,4359,19,998.6,1654,12,999.2,96,1,999.3,46,1,999.4,507,5,999.5,299,5,999.6,322,4
317,2025-11-26 10:39:31+05:30,999.2,2,995.82,3596662,375409.0,428124.0,986.2,1001.8,981.3,986.2,120317250,1084.8,887.6,1102.5,649.1,999.0,21,1,998.9,1221,6,998.8,1601,11,998.7,5109,20,998.6,1654,12,999.2,94,1,999.3,1,1,999.4,528,5,999.5,299,5,999.6,322,4
317,2025-11-26 10:39:32+05:30,999.2,2,995.82,3596662,375409.0,428124.0,986.2,1001.8,981.3,986.2,120317250,1084.8,887.6,1102.5,649.1,999.0,21,1,998.9,1221,6,998.8,1601,11,998.7,5109,20,998.6,1654,12,999.2,94,1,999.3,1,1,999.4,528,5,999.5,299,5,999.6,322,4
317,2025-11-26 10:39:32+05:30,999.2,2,995.82,3596662,375437.0,428124.0,986.2,1001.8,981.3,986.2,120317250,1084.8,887.6,1102.5,649.1,999.0,49,2,998.9,1221,6,998.8,1897,13,998.7,5109,20,998.6,1608,11,999.2,94,1,999.3,1,1,999.4,482,4,999.5,345,6,999.6,322,4
317,2025-11-26 10:39:33+05:30,999.2,10,995.82,3596662,375437.0,428124.0,986.2,1001.8,981.3,986.2,120317250,1084.8,887.6,1102.5,649.1,999.0,49,2,998.9,1221,6,998.8,1897,13,998.7,5109,20,998.6,1608,11,999.2,94,1,999.3,1,1,999.4,482,4,999.5,345,6,999.6,322,4
317,2025-11-26 10:39:34+05:30,999.2,10,995.82,3596672,375468.0,428279.0,986.2,1001.8,981.3,986.2,120317250,1084.8,887.6,1102.5,649.1,999.0,98,3,998.9,1221,6,998.8,1928,14,998.7,5109,20,998.6,1608,11,999.2,84,1,999.3,1,1,999.4,436,3,999.5,391,7,999.6,322,4
317,2025-11-26 10:39:35+05:30,999.3,3,995.82,3597616,373071.0,426900.0,986.2,1001.8,981.3,986.2,120317250,1084.8,887.6,1102.5,649.1,999.3,225,1,999.0,324,4,998.9,1263,8,998.8,2083,16,998.7,4359,19,999.4,430,2,999.5,85,1,999.6,227,2,999.7,425,5,999.8,1413,10
317,2025-11-26 10:39:35+05:30,999.3,3,995.82,3597616,373071.0,426900.0,986.2,1001.8,981.3,986.2,120317250,1084.8,887.6,1102.5,649.1,999.3,225,1,999.0,324,4,998.9,1263,8,998.8,2083,16,998.7,4359,19,999.4,430,2,999.5,85,1,999.6,227,2,999.7,425,5,999.8,1413,10
317,2025-11-26 10:39:36+05:30,999.3,2,995.82,3597618,372723.0,427605.0,986.2,1001.8,981.3,986.2,120317250,1084.8,887.6,1102.5,649.1,999.3,223,1,999.0,391,4,998.9,1371,9,998.8,2129,17,998.7,3609,18,999.4,431,3,999.5,85,1,999.6,329,4,999.7,555,8,999.8,1439,12
317,2025-11-26 10:39:36+05:30,999.3,2,995.82,3597618,372723.0,427605.0,986.2,1001.8,981.3,986.2,120317250,1084.8,887.6,1102.5,649.1,999.3,223,1,999.0,391,4,998.9,1371,9,998.8,2129,17,998.7,3609,18,999.4,431,3,999.5,85,1,999.6,329,4,999.7,555,8,999.8,1439,12
317,2025-11-26 10:39:37+05:30,999.3,1,995.82,3597749,372239.0,428005.0,986.2,1001.8,981.3,986.2,120317250,1084.8,887.6,1102.5,649.1,999.3,92,1,999.0,235,3,998.9,1310,7,998.8,1678,13,998.7,3655,19,999.4,431,3,999.5,482,5,999.6,621,7,999.7,767,10,999.8,1651,14
317,2025-11-26 10:39:37+05:30,999.3,1,995.82,3597749,372239.0,428005.0,986.2,1001.8,981.3,986.2,120317250,1084.8,887.6,1102.5,649.1,999.3,92,1,999.0,235,3,998.9,1310,7,998.8,1678,13,998.7,3655,19,999.4,431,3,999.5,482,5,999.6,621,7,999.7,767,10,999.8,1651,14
317,2025-11-26 10:39:38+05:30,999.4,51,995.82,3597810,372229.0,428444.0,986.2,1001.8,981.3,986.2,120317250,1084.8,887.6,1102.5,649.1,999.3,82,1,999.0,235,3,998.9,1310,7,998.8,1678,13,998.7,3905,20,999.4,379,2,999.5,529,7,999.6,539,6,999.7,813,11,999.8,1651,14
317,2025-11-26 10:39:38+05:30,999.4,51,995.82,3597810,372229.0,428444.0,986.2,1001.8,981.3,986.2,120317250,1084.8,887.6,1102.5,649.1,999.3,82,1,999.0,235,3,998.9,1310,7,998.8,1678,13,998.7,3905,20,999.4,379,2,999.5,529,7,999.6,539,6,999.7,813,11,999.8,1651,14
317,2025-11-26 10:39:39+05:30,999.3,48,995.82,3597810,372229.0,428444.0,986.2,1001.8,981.3,986.2,120317250,1084.8,887.6,1102.5,649.1,999.3,82,1,999.0,235,3,998.9,1310,7,998.8,1678,13,998.7,3905,20,999.4,379,2,999.5,529,7,999.6,539,6,999.7,813,11,999.8,1651,14
317,2025-11-26 10:39:39+05:30,999.3,48,995.82,3597955,372039.0,428495.0,986.2,1001.8,981.3,986.2,120317250,1084.8,887.6,1102.5,649.1,999.3,16,1,999.0,113,1,998.9,1365,8,998.8,1733,14,998.7,3609,18,999.4,440,4,999.5,483,6,999.6,483,5,999.7,767,10,999.8,1651,14
317,2025-11-26 10:39:40+05:30,999.3,108,995.82,3597955,372039.0,428495.0,986.2,1001.8,981.3,986.2,120317250,1084.8,887.6,1102.5,649.1,999.3,16,1,999.0,113,1,998.9,1365,8,998.8,1733,14,998.7,3609,18,999.4,440,4,999.5,483,6,999.6,483,5,999.7,767,10,999.8,1651,14
317,2025-11-26 10:39:40+05:30,999.0,90,995.82,3598153,373363.0,429533.0,986.2,1001.8,981.3,986.2,120317250,1084.8,887.6,1102.5,649.1,999.0,91,1,998.9,982,4,998.8,1476,12,998.7,4607,20,998.6,1576,10,999.3,96,1,999.4,459,5,999.5,961,14,999.6,537,6,999.7,954,11
317,2025-11-26 10:39:41+05:30,999.0,90,995.82,3598153,373363.0,429533.0,986.2,1001.8,981.3,986.2,120317250,1084.8,887.6,1102.5,649.1,999.0,91,1,998.9,982,4,998.8,1476,12,998.7,4607,20,998.6,1576,10,999.3,96,1,999.4,459,5,999.5,961,14,999.6,537,6,999.7,954,11
317,2025-11-26 10:39:41+05:30,999.0,90,995.82,3598153,373555.0,429557.0,986.2,1001.8,981.3,986.2,120317250,1084.8,887.6,1102.5,649.1,999.0,91,1,998.9,982,4,998.8,1668,13,998.7,4607,20,998.6,1576,10,999.3,96,1,999.4,483,6,999.5,961,14,999.6,537,6,999.7,954,11
317,2025-11-26 10:39:42+05:30,999.0,3,995.82,3598153,373555.0,429557.0,986.2,1001.8,981.3,986.2,120317250,1084.8,887.6,1102.5,649.1,999.0,91,1,998.9,982,4,998.8,1668,13,998.7,4607,20,998.6,1576,10,999.3,96,1,999.4,483,6,999.5,961,14,999.6,537,6,999.7,954,11
317,2025-11-26 10:39:42+05:30,999.0,3,995.82,3598156,373624.0,429673.0,986.2,1001.8,981.3,986.2,120317250,1084.8,887.6,1102.5,649.1,999.0,88,1,998.9,982,4,998.8,1373,10,998.7,4650,21,998.6,1576,10,999.3,239,4,999.4,682,7,999.5,981,13,999.6,537,6,999.7,955,12
317,2025-11-26 10:39:43+05:30,999.3,80,995.82,3598156,373624.0,429673.0,986.2,1001.8,981.3,986.2,120317250,1084.8,887.6,1102.5,649.1,999.0,88,1,998.9,982,4,998.8,1373,10,998.7,4650,21,998.6,1576,10,999.3,239,4,999.4,682,7,999.5,981,13,999.6,537,6,999.7,955,12
317,2025-11-26 10:39:43+05:30,999.3,10,995.82,3598251,373658.0,429617.0,986.2,1001.8,981.3,986.2,120317250,1084.8,887.6,1102.5,649.1,999.0,88,1,998.9,982,4,998.8,1565,11,998.7,4633,22,998.6,1593,9,999.3,56,2,999.4,563,7,999.5,981,13,999.6,537,6,999.7,955,12
317,2025-11-26 10:39:44+05:30,999.0,20,995.82,3598251,373658.0,429617.0,986.2,1001.8,981.3,986.2,120317250,1084.8,887.6,1102.5,649.1,999.0,88,1,998.9,982,4,998.8,1565,11,998.7,4633,22,998.6,1593,9,999.3,56,2,999.4,563,7,999.5,981,13,999.6,537,6,999.7,955,12
317,2025-11-26 10:39:45+05:30,999.3,23,995.82,3599033,373328.0,428465.0,986.2,1001.8,981.3,986.2,120317250,1084.8,887.6,1102.5,649.1,999.0,68,1,998.9,1070,6,998.8,1475,11,998.7,4383,21,998.6,1550,8,999.3,73,1,999.4,364,2,999.5,589,5,999.6,536,6,999.7,1255,12
317,2025-11-26 10:39:45+05:30,999.0,68,995.82,3599033,373328.0,428465.0,986.2,1001.8,981.3,986.2,120317250,1084.8,887.6,1102.5,649.1,999.0,68,1,998.9,1070,6,998.8,1475,11,998.7,4383,21,998.6,1550,8,999.3,73,1,999.4,364,2,999.5,589,5,999.6,536,6,999.7,1255,12
317,2025-11-26 10:39:46+05:30,999.0,68,995.82,3599101,376759.0,430202.0,986.2,1001.8,981.3,986.2,120317250,1084.8,887.6,1102.5,649.1,998.9,1094,4,998.8,1841,12,998.7,6074,24,998.6,1573,9,998.5,1137,14,999.0,5,1,999.3,202,1,999.4,606,4,999.5,961,10,999.6,708,8
317,2025-11-26 10:39:46+05:30,998.9,130,995.82,3599101,376759.0,430202.0,986.2,1001.8,981.3,986.2,120317250,1084.8,887.6,1102.5,649.1,998.9,1094,4,998.8,1841,12,998.7,6074,24,998.6,1573,9,998.5,1137,14,999.0,5,1,999.3,202,1,999.4,606,4,999.5,961,10,999.6,708,8
317,2025-11-26 10:39:47+05:30,999.0,2,995.82,3599233,376411.0,429632.0,986.2,1001.8,981.3,986.2,120317250,1084.8,887.6,1102.5,649.1,998.9,804,2,998.8,1692,12,998.7,5771,22,998.6,1823,10,998.5,1137,14,999.0,3,1,999.4,444,3,999.5,634,10,999.6,795,9,999.7,1344,17
317,2025-11-26 10:39:47+05:30,999.0,2,995.82,3599233,376411.0,429632.0,986.2,1001.8,981.3,986.2,120317250,1084.8,887.6,1102.5,649.1,998.9,804,2,998.8,1692,12,998.7,5771,22,998.6,1823,10,998.5,1137,14,999.0,3,1,999.4,444,3,999.5,634,10,999.6,795,9,999.7,1344,17
317,2025-11-26 10:39:48+05:30,999.0,1,995.82,3599364,376619.0,429718.0,986.2,1001.8,981.3,986.2,120317250,1084.8,887.6,1102.5,649.1,998.9,733,4,998.8,1754,11,998.7,5745,20,998.6,1849,12,998.5,1137,14,999.0,2,1,999.4,569,4,999.5,634,10,999.6,757,9,999.7,1404,18
317,2025-11-26 10:39:48+05:30,999.0,1,995.82,3599364,376619.0,429718.0,986.2,1001.8,981.3,986.2,120317250,1084.8,887.6,1102.5,649.1,998.9,733,4,998.8,1754,11,998.7,5745,20,998.6,1849,12,998.5,1137,14,999.0,2,1,999.4,569,4,999.5,634,10,999.6,757,9,999.7,1404,18
317,2025-11-26 10:39:49+05:30,999.0,33,995.82,3599829,371618.0,426294.0,986.2,1001.8,981.3,986.2,120317250,1084.8,887.6,1102.5,649.1,999.0,835,6,998.9,1248,9,998.8,2039,16,998.7,3605,18,998.6,634,8,999.4,87,1,999.5,86,2,999.6,395,5,999.7,1020,9,999.8,868,8
317,2025-11-26 10:39:49+05:30,999.3,7,995.82,3599829,371618.0,426294.0,986.2,1001.8,981.3,986.2,120317250,1084.8,887.6,1102.5,649.1,999.0,835,6,998.9,1248,9,998.8,2039,16,998.7,3605,18,998.6,634,8,999.4,87,1,999.5,86,2,999.6,395,5,999.7,1020,9,999.8,868,8
317,2025-11-26 10:39:50+05:30,999.3,7,995.82,3599836,373916.0,429047.0,986.2,1001.8,981.3,986.2,120317250,1084.8,887.6,1102.5,649.1,999.0,16,2,998.9,1098,7,998.8,1495,12,998.7,4605,20,998.6,1576,10,999.1,96,1,999.3,2,1,999.4,291,3,999.5,942,7,999.6,516,7
317,2025-11-26 10:39:50+05:30,999.1,36,995.82,3599836,373916.0,429047.0,986.2,1001.8,981.3,986.2,120317250,1084.8,887.6,1102.5,649.1,999.0,16,2,998.9,1098,7,998.8,1495,12,998.7,4605,20,998.6,1576,10,999.1,96,1,999.3,2,1,999.4,291,3,999.5,942,7,999.6,516,7
317,2025-11-26 10:39:51+05:30,999.0,22,995.82,3599907,376335.0,429949.0,986.2,1001.8,981.3,986.2,120317250,1084.8,887.6,1102.5,649.1,998.9,690,3,998.8,1884,13,998.7,5855,21,998.6,1826,11,998.5,937,14,999.0,15,1,999.1,60,1,999.3,204,2,999.4,474,6,999.5,1039,7
317,2025-11-26 10:39:51+05:30,999.0,22,995.82,3599907,376335.0,429949.0,986.2,1001.8,981.3,986.2,120317250,1084.8,887.6,1102.5,649.1,998.9,690,3,998.8,1884,13,998.7,5855,21,998.6,1826,11,998.5,937,14,999.0,15,1,999.1,60,1,999.3,204,2,999.4,474,6,999.5,1039,7
317,2025-11-26 10:39:52+05:30,998.9,114,995.82,3600037,375705.0,429553.0,986.2,1001.8,981.3,986.2,120317250,1084.8,887.6,1102.5,649.1,998.9,392,2,998.8,1605,11,998.7,5855,21,998.6,1605,11,998.5,1129,15,999.0,15,1,999.1,60,1,999.3,209,3,999.4,474,6,999.5,490,6
317,2025-11-26 10:39:52+05:30,998.9,114,995.82,3600037,375705.0,429553.0,986.2,1001.8,981.3,986.2,120317250,1084.8,887.6,1102.5,649.1,998.9,392,2,998.8,1605,11,998.7,5855,21,998.6,1605,11,998.5,1129,15,999.0,15,1,999.1,60,1,999.3,209,3,999.4,474,6,999.5,490,6
317,2025-11-26 10:39:53+05:30,999.0,3,995.82,3600037,375705.0,429553.0,986.2,1001.8,981.3,986.2,120317250,1084.8,887.6,1102.5,649.1,998.9,392,2,998.8,1605,11,998.7,5855,21,998.6,1605,11,998.5,1129,15,999.0,15,1,999.1,60,1,999.3,209,3,999.4,474,6,999.5,490,6
317,2025-11-26 10:39:53+05:30,999.0,3,995.82,3600227,375710.0,429506.0,986.2,1001.8,981.3,986.2,120317250,1084.8,887.6,1102.5,649.1,998.9,205,2,998.8,1797,12,998.7,5803,20,998.6,1605,11,998.5,1129,15,999.0,12,1,999.1,60,1,999.3,209,3,999.4,475,7,999.5,490,6
317,2025-11-26 10:39:54+05:30,999.1,1,995.82,3600227,375710.0,429506.0,986.2,1001.8,981.3,986.2,120317250,1084.8,887.6,1102.5,649.1,998.9,205,2,998.8,1797,12,998.7,5803,20,998.6,1605,11,998.5,1129,15,999.0,12,1,999.1,60,1,999.3,209,3,999.4,475,7,999.5,490,6
317,2025-11-26 10:39:54+05:30,999.1,1,995.82,3600240,374498.0,429383.0,986.2,1001.8,981.3,986.2,120317250,1084.8,887.6,1102.5,649.1,999.0,112,1,998.9,286,4,998.8,1410,12,998.7,6082,22,998.6,1576,10,999.1,59,1,999.3,204,2,999.4,475,7,999.5,432,6,999.6,750,9
317,2025-11-26 10:39:55+05:30,999.0,708,995.82,3600240,374498.0,429383.0,986.2,1001.8,981.3,986.2,120317250,1084.8,887.6,1102.5,649.1,999.0,112,1,998.9,286,4,998.8,1410,12,998.7,6082,22,998.6,1576,10,999.1,59,1,999.3,204,2,999.4,475,7,999.5,432,6,999.6,750,9
317,2025-11-26 10:39:55+05:30,999.0,708,995.82,3601156,372684.0,427809.0,986.2,1001.8,981.3,986.2,120317250,1084.8,887.6,1102.5,649.1,998.9,728,5,998.8,1914,18,998.7,4604,20,998.6,1576,10,998.5,1123,14,999.3,2,1,999.4,1,1,999.5,415,5,999.6,1091,9,999.7,906,14
317,2025-11-26 10:39:56+05:30,998.9,130,995.82,3601156,372684.0,427809.0,986.2,1001.8,981.3,986.2,120317250,1084.8,887.6,1102.5,649.1,998.9,728,5,998.8,1914,18,998.7,4604,20,998.6,1576,10,998.5,1123,14,999.3,2,1,999.4,1,1,999.5,415,5,999.6,1091,9,999.7,906,14
317,2025-11-26 10:39:56+05:30,998.9,130,995.82,3601286,372191.0,427922.0,986.2,1001.8,981.3,986.2,120317250,1084.8,887.6,1102.5,649.1,998.9,250,6,998.8,2101,18,998.7,4354,19,998.6,1826,11,998.5,1123,14,999.3,3,2,999.4,1,1,999.5,472,7,999.6,1101,10,999.7,916,15
317,2025-11-26 10:39:57+05:30,999.3,4,995.82,3601286,372191.0,427922.0,986.2,1001.8,981.3,986.2,120317250,1084.8,887.6,1102.5,649.1,998.9,250,6,998.8,2101,18,998.7,4354,19,998.6,1826,11,998.5,1123,14,999.3,3,2,999.4,1,1,999.5,472,7,999.6,1101,10,999.7,916,15
317,2025-11-26 10:39:57+05:30,999.3,4,995.82,3601293,372108.0,428531.0,986.2,1001.8,981.3,986.2,120317250,1084.8,887.6,1102.5,649.1,998.9,209,4,998.8,2021,16,998.7,4604,20,998.6,1576,10,998.5,1123,14,999.3,56,2,999.4,526,4,999.5,570,11,999.6,1010,9,999.7,916,15
317,2025-11-26 10:39:58+05:30,998.9,2,995.82,3601293,372108.0,428531.0,986.2,1001.8,981.3,986.2,120317250,1084.8,887.6,1102.5,649.1,998.9,209,4,998.8,2021,16,998.7,4604,20,998.6,1576,10,998.5,1123,14,999.3,56,2,999.4,526,4,999.5,570,11,999.6,1010,9,999.7,916,15
317,2025-11-26 10:39:58+05:30,998.9,2,995.82,3601295,372063.0,428541.0,986.2,1001.8,981.3,986.2,120317250,1084.8,887.6,1102.5,649.1,998.9,233,5,998.8,1972,15,998.7,4604,20,998.6,1576,10,998.5,1123,14,999.3,56,2,999.4,825,8,999.5,565,10,999.6,1010,9,999.7,916,15
317,2025-11-26 10:39:59+05:30,998.9,2,995.82,3601295,372063.0,428617.0,986.2,1001.8,981.3,986.2,120317250,1084.8,887.6,1102.5,649.1,998.9,233,5,998.8,1829,15,998.7,4604,20,998.6,1576,10,998.5,1123,14,999.3,56,2,999.4,826,9,999.5,565,10,999.6,1008,7,999.7,916,15
317,2025-11-26 10:40:00+05:30,998.9,2,995.82,3601295,374098.0,429385.0,986.2,1001.8,981.3,986.2,120317250,1084.8,887.6,1102.5,649.1,998.9,104,3,998.8,1966,15,998.7,5320,21,998.6,1516,9,998.5,1123,14,999.1,96,1,999.3,258,3,999.4,901,12,999.5,539,8,999.6,563,7
317,2025-11-26 10:40:01+05:30,999.1,10,995.82,3601295,374098.0,429385.0,986.2,1001.8,981.3,986.2,120317250,1084.8,887.6,1102.5,649.1,998.9,104,3,998.8,1966,15,998.7,5320,21,998.6,1516,9,998.5,1123,14,999.1,96,1,999.3,258,3,999.4,901,12,999.5,539,8,999.6,563,7
317,2025-11-26 10:40:01+05:30,999.1,10,995.82,3601314,374947.0,429399.0,986.2,1001.8,981.3,986.2,120317250,1084.8,887.6,1102.5,649.1,998.9,95,3,998.8,1923,14,998.7,6115,23,998.6,1516,9,998.5,1123,14,999.1,86,1,999.3,258,3,999.4,901,12,999.5,539,8,999.6,563,7
317,2025-11-26 10:40:02+05:30,999.1,10,995.82,3601314,374382.0,429373.0,986.2,1001.8,981.3,986.2,120317250,1084.8,887.6,1102.5,649.1,998.9,95,3,998.8,1393,13,998.7,6070,22,998.6,1516,9,998.5,1123,14,999.1,86,1,999.3,258,3,999.4,901,12,999.5,539,8,999.6,563,7
317,2025-11-26 10:40:03+05:30,998.9,8,995.82,3601314,374382.0,429373.0,986.2,1001.8,981.3,986.2,120317250,1084.8,887.6,1102.5,649.1,998.9,95,3,998.8,1393,13,998.7,6070,22,998.6,1516,9,998.5,1123,14,999.1,86,1,999.3,258,3,999.4,901,12,999.5,539,8,999.6,563,7
317,2025-11-26 10:40:03+05:30,998.9,8,995.82,3601433,374553.0,429641.0,986.2,1001.8,981.3,986.2,120317250,1084.8,887.6,1102.5,649.1,998.9,789,3,998.8,929,8,998.7,5314,13,998.6,1551,11,998.5,1123,14,999.1,86,1,999.2,45,1,999.3,303,4,999.4,921,14,999.5,539,8
317,2025-11-26 10:40:04+05:30,998.9,8,995.82,3601433,374600.0,429641.0,986.2,1001.8,981.3,986.2,120317250,1084.8,887.6,1102.5,649.1,998.9,789,3,998.8,929,8,998.7,5394,15,998.6,1567,12,998.5,1123,14,999.1,86,1,999.2,45,1,999.3,303,4,999.4,921,14,999.5,539,8
317,2025-11-26 10:40:05+05:30,998.9,14,995.82,3601433,374600.0,429641.0,986.2,1001.8,981.3,986.2,120317250,1084.8,887.6,1102.5,649.1,998.9,789,3,998.8,929,8,998.7,5394,15,998.6,1567,12,998.5,1123,14,999.1,86,1,999.2,45,1,999.3,303,4,999.4,921,14,999.5,539,8
317,2025-11-26 10:40:05+05:30,998.9,14,995.82,3602377,368910.0,429828.0,986.2,1001.8,981.3,986.2,120317250,1084.8,887.6,1102.5,649.1,998.9,36,3,998.8,1091,8,998.7,2868,9,998.6,1588,8,998.5,1959,21,999.3,462,5,999.4,1077,11,999.5,477,7,999.6,861,10,999.7,1293,21
317,2025-11-26 10:40:06+05:30,998.9,2,995.82,3602377,368910.0,429828.0,986.2,1001.8,981.3,986.2,120317250,1084.8,887.6,1102.5,649.1,998.9,36,3,998.8,1091,8,998.7,2868,9,998.6,1588,8,998.5,1959,21,999.3,462,5,999.4,1077,11,999.5,477,7,999.6,861,10,999.7,1293,21
317,2025-11-26 10:40:06+05:30,998.9,1,995.82,3602497,371235.0,430274.0,986.2,1001.8,981.3,986.2,120317250,1084.8,887.6,1102.5,649.1,998.9,37,3,998.8,1020,7,998.7,3009,9,998.6,2088,8,998.5,2017,23,999.2,94,2,999.3,759,10,999.4,1061,14,999.5,477,7,999.6,831,9
317,2025-11-26 10:40:07+05:30,998.9,1,995.82,3602497,371235.0,430274.0,986.2,1001.8,981.3,986.2,120317250,1084.8,887.6,1102.5,649.1,998.9,37,3,998.8,1020,7,998.7,3009,9,998.6,2088,8,998.5,2017,23,999.2,94,2,999.3,759,10,999.4,1061,14,999.5,477,7,999.6,831,9
317,2025-11-26 10:40:07+05:30,998.9,1,995.82,3602497,371237.0,430324.0,986.2,1001.8,981.3,986.2,120317250,1084.8,887.6,1102.5,649.1,998.9,37,3,998.8,1020,7,998.7,3009,9,998.6,2338,9,998.5,2017,23,999.2,189,5,999.3,714,9,999.4,1061,14,999.5,477,7,999.6,831,9
317,2025-11-26 10:40:08+05:30,999.2,16,995.82,3602497,371237.0,430324.0,986.2,1001.8,981.3,986.2,120317250,1084.8,887.6,1102.5,649.1,998.9,37,3,998.8,1020,7,998.7,3009,9,998.6,2338,9,998.5,2017,23,999.2,189,5,999.3,714,9,999.4,1061,14,999.5,477,7,999.6,831,9
317,2025-11-26 10:40:08+05:30,999.2,16,995.82,3602497,371237.0,430324.0,986.2,1001.8,981.3,986.2,120317250,1084.8,887.6,1102.5,649.1,998.9,37,3,998.8,1020,7,998.7,3009,9,998.6,2338,9,998.5,2017,23,999.2,189,5,999.3,714,9,999.4,1061,14,999.5,477,7,999.6,831,9
317,2025-11-26 10:40:09+05:30,999.2,16,995.82,3602497,371237.0,430324.0,986.2,1001.8,981.3,986.2,120317250,1084.8,887.6,1102.5,649.1,998.9,37,3,998.8,1020,7,998.7,3009,9,998.6,2338,9,998.5,2017,23,999.2,189,5,999.3,714,9,999.4,1061,14,999.5,477,7,999.6,831,9
317,2025-11-26 10:40:09+05:30,999.2,16,995.82,3602513,372800.0,430187.0,986.2,1001.8,981.3,986.2,120317250,1084.8,887.6,1102.5,649.1,999.0,6,1,998.9,766,3,998.8,927,7,998.7,3952,11,998.6,2264,10,999.2,39,2,999.3,734,9,999.4,1061,14,999.5,477,7,999.6,629,8
317,2025-11-26 10:40:09+05:30,999.2,16,995.82,3602513,372800.0,430187.0,986.2,1001.8,981.3,986.2,120317250,1084.8,887.6,1102.5,649.1,999.0,6,1,998.9,766,3,998.8,927,7,998.7,3952,11,998.6,2264,10,999.2,39,2,999.3,734,9,999.4,1061,14,999.5,477,7,999.6,629,8
317,2025-11-26 10:40:10+05:30,999.2,16,995.82,3602513,372800.0,430187.0,986.2,1001.8,981.3,986.2,120317250,1084.8,887.6,1102.5,649.1,999.0,6,1,998.9,766,3,998.8,927,7,998.7,3952,11,998.6,2264,10,999.2,39,2,999.3,734,9,999.4,1061,14,999.5,477,7,999.6,629,8
317,2025-11-26 10:40:10+05:30,999.0,40,995.82,3602553,372041.0,430943.0,986.2,1001.8,981.3,986.2,120317250,1084.8,887.6,1102.5,649.1,999.0,6,1,998.9,16,2,998.8,1020,7,998.7,3109,11,998.6,2338,9,999.1,96,1,999.2,55,2,999.3,658,7,999.4,1062,14,999.5,585,8
317,2025-11-26 10:40:10+05:30,999.0,40,995.82,3602553,372041.0,430943.0,986.2,1001.8,981.3,986.2,120317250,1084.8,887.6,1102.5,649.1,999.0,6,1,998.9,16,2,998.8,1020,7,998.7,3109,11,998.6,2338,9,999.1,96,1,999.2,55,2,999.3,658,7,999.4,1062,14,999.5,585,8
317,2025-11-26 10:40:10+05:30,999.0,40,995.82,3602553,372041.0,430943.0,986.2,1001.8,981.3,986.2,120317250,1084.8,887.6,1102.5,649.1,999.0,6,1,998.9,16,2,998.8,1020,7,998.7,3109,11,998.6,2338,9,999.1,96,1,999.2,55,2,999.3,658,7,999.4,1062,14,999.5,585,8
317,2025-11-26 10:40:10+05:30,999.0,40,995.82,3602553,372041.0,430943.0,986.2,1001.8,981.3,986.2,120317250,1084.8,887.6,1102.5,649.1,999.0,6,1,998.9,16,2,998.8,1020,7,998.7,3109,11,998.6,2338,9,999.1,96,1,999.2,55,2,999.3,658,7,999.4,1062,14,999.5,585,8
317,2025-11-26 10:40:11+05:30,999.0,40,995.82,3602553,372041.0,430943.0,986.2,1001.8,981.3,986.2,120317250,1084.8,887.6,1102.5,649.1,999.0,6,1,998.9,16,2,998.8,1020,7,998.7,3109,11,998.6,2338,9,999.1,96,1,999.2,55,2,999.3,658,7,999.4,1062,14,999.5,585,8
317,2025-11-26 10:40:11+05:30,999.1,1,995.82,3602554,373351.0,430942.0,986.2,1001.8,981.3,986.2,120317250,1084.8,887.6,1102.5,649.1,999.0,10,2,998.9,753,2,998.8,270,6,998.7,3987,14,998.6,2988,9,999.1,95,1,999.2,55,2,999.3,658,7,999.4,1062,14,999.5,585,8
317,2025-11-26 10:40:11+05:30,999.1,1,995.82,3602554,373351.0,430942.0,986.2,1001.8,981.3,986.2,120317250,1084.8,887.6,1102.5,649.1,999.0,10,2,998.9,753,2,998.8,270,6,998.7,3987,14,998.6,2988,9,999.1,95,1,999.2,55,2,999.3,658,7,999.4,1062,14,999.5,585,8
317,2025-11-26 10:40:11+05:30,999.1,1,995.82,3602554,373351.0,430942.0,986.2,1001.8,981.3,986.2,120317250,1084.8,887.6,1102.5,649.1,999.0,10,2,998.9,753,2,998.8,270,6,998.7,3987,14,998.6,2988,9,999.1,95,1,999.2,55,2,999.3,658,7,999.4,1062,14,999.5,585,8
317,2025-11-26 10:40:11+05:30,999.1,1,995.82,3602554,373351.0,430942.0,986.2,1001.8,981.3,986.2,120317250,1084.8,887.6,1102.5,649.1,999.0,10,2,998.9,753,2,998.8,270,6,998.7,3987,14,998.6,2988,9,999.1,95,1,999.2,55,2,999.3,658,7,999.4,1062,14,999.5,585,8
317,2025-11-26 10:40:12+05:30,999.1,1,995.82,3602554,373351.0,430942.0,986.2,1001.8,981.3,986.2,120357750,1084.8,887.6,1102.5,649.1,999.0,10,2,998.9,753,2,998.8,270,6,998.7,3987,14,998.6,2988,9,999.1,95,1,999.2,55,2,999.3,658,7,999.4,1062,14,999.5,585,8
317,2025-11-26 10:40:12+05:30,999.1,1,995.82,3602554,373916.0,430188.0,986.2,1001.8,981.3,986.2,120357750,1084.8,887.6,1102.5,649.1,999.0,10,2,998.9,753,2,998.8,927,7,998.7,4830,15,998.6,2298,9,999.1,95,1,999.2,53,3,999.3,314,5,999.4,1036,12,999.5,613,8
317,2025-11-26 10:40:12+05:30,999.1,1,995.82,3602554,373916.0,430188.0,986.2,1001.8,981.3,986.2,120357750,1084.8,887.6,1102.5,649.1,999.0,10,2,998.9,753,2,998.8,927,7,998.7,4830,15,998.6,2298,9,999.1,95,1,999.2,53,3,999.3,314,5,999.4,1036,12,999.5,613,8
317,2025-11-26 10:40:13+05:30,999.1,1,995.82,3602554,374345.0,430808.0,986.2,1001.8,981.3,986.2,120357750,1084.8,887.6,1102.5,649.1,999.0,10,2,998.9,753,2,998.8,927,7,998.7,4802,14,998.6,2311,10,999.1,95,1,999.2,53,3,999.3,314,5,999.4,1062,14,999.5,584,7
317,2025-11-26 10:40:13+05:30,999.1,20,995.82,3602554,374345.0,430808.0,986.2,1001.8,981.3,986.2,120357750,1084.8,887.6,1102.5,649.1,999.0,10,2,998.9,753,2,998.8,927,7,998.7,4802,14,998.6,2311,10,999.1,95,1,999.2,53,3,999.3,314,5,999.4,1062,14,999.5,584,7
317,2025-11-26 10:40:14+05:30,999.0,3,995.82,3602698,371000.0,430970.0,986.2,1001.8,981.3,986.2,120357750,1084.8,887.6,1102.5,649.1,998.9,753,2,998.8,861,7,998.7,4751,13,998.6,2327,10,998.5,1196,17,999.0,44,1,999.1,96,1,999.2,12,2,999.3,452,5,999.4,1109,14
317,2025-11-26 10:40:14+05:30,999.0,3,995.82,3602698,371000.0,430970.0,986.2,1001.8,981.3,986.2,120357750,1084.8,887.6,1102.5,649.1,998.9,753,2,998.8,861,7,998.7,4751,13,998.6,2327,10,998.5,1196,17,999.0,44,1,999.1,96,1,999.2,12,2,999.3,452,5,999.4,1109,14
317,2025-11-26 10:40:15+05:30,998.8,5,995.82,3602698,371000.0,430970.0,986.2,1001.8,981.3,986.2,120357750,1084.8,887.6,1102.5,649.1,998.9,753,2,998.8,861,7,998.7,4751,13,998.6,2327,10,998.5,1196,17,999.0,44,1,999.1,96,1,999.2,12,2,999.3,452,5,999.4,1109,14
317,2025-11-26 10:40:15+05:30,998.8,5,995.82,3602817,367088.0,431451.0,986.2,1001.8,981.3,986.2,120357750,1084.8,887.6,1102.5,649.1,998.8,56,3,998.7,1805,7,998.6,2153,8,998.5,3904,19,998.4,1304,19,999.0,140,2,999.2,349,6,999.3,612,10,999.4,838,12,999.5,671,8
317,2025-11-26 10:40:16+05:30,999.2,18,995.82,3602817,367088.0,431451.0,986.2,1001.8,981.3,986.2,120357750,1084.8,887.6,1102.5,649.1,998.8,56,3,998.7,1805,7,998.6,2153,8,998.5,3904,19,998.4,1304,19,999.0,140,2,999.2,349,6,999.3,612,10,999.4,838,12,999.5,671,8
317,2025-11-26 10:40:16+05:30,999.2,18,995.82,3603704,367028.0,428726.0,986.2,1001.8,981.3,986.2,120357750,1084.8,887.6,1102.5,649.1,999.2,613,1,998.9,108,2,998.8,1104,6,998.7,2728,11,998.6,2003,8,999.3,5,1,999.4,452,6,999.5,749,8,999.6,1044,9,999.7,614,8
317,2025-11-26 10:40:17+05:30,999.2,119,995.82,3603704,367028.0,428726.0,986.2,1001.8,981.3,986.2,120357750,1084.8,887.6,1102.5,649.1,999.2,613,1,998.9,108,2,998.8,1104,6,998.7,2728,11,998.6,2003,8,999.3,5,1,999.4,452,6,999.5,749,8,999.6,1044,9,999.7,614,8
317,2025-11-26 10:40:17+05:30,999.2,119,995.82,3603823,365372.0,430223.0,986.2,1001.8,981.3,986.2,120357750,1084.8,887.6,1102.5,649.1,999.2,494,1,998.9,108,2,998.8,918,5,998.7,3135,11,998.6,1346,7,999.3,5,1,999.4,923,8,999.5,798,9,999.6,1068,10,999.7,826,11
317,2025-11-26 10:40:18+05:30,999.2,119,995.82,3603823,366582.0,430543.0,986.2,1001.8,981.3,986.2,120357750,1084.8,887.6,1102.5,649.1,999.2,494,1,999.1,1,1,999.0,750,1,998.9,108,2,998.8,1104,6,999.3,5,1,999.4,923,8,999.5,798,9,999.6,1068,10,999.7,826,11
317,2025-11-26 10:40:19+05:30,999.4,1,995.82,3603823,366582.0,430543.0,986.2,1001.8,981.3,986.2,120357750,1084.8,887.6,1102.5,649.1,999.2,494,1,999.1,1,1,999.0,750,1,998.9,108,2,998.8,1104,6,999.3,5,1,999.4,923,8,999.5,798,9,999.6,1068,10,999.7,826,11
317,2025-11-26 10:40:20+05:30,999.4,1,995.82,3603829,366873.0,431130.0,986.2,1001.8,981.3,986.2,120357750,1084.8,887.6,1102.5,649.1,999.2,494,1,999.1,1,1,999.0,750,1,998.9,108,2,998.8,1303,7,999.4,626,4,999.5,840,11,999.6,1068,10,999.7,826,11,999.8,1223,16
317,2025-11-26 10:40:20+05:30,999.0,5,995.82,3603829,366873.0,431130.0,986.2,1001.8,981.3,986.2,120357750,1084.8,887.6,1102.5,649.1,999.2,494,1,999.1,1,1,999.0,750,1,998.9,108,2,998.8,1303,7,999.4,626,4,999.5,840,11,999.6,1068,10,999.7,826,11,999.8,1223,16
317,2025-11-26 10:40:21+05:30,999.0,5,995.82,3604329,366212.0,432325.0,986.2,1001.8,981.3,986.2,120357750,1084.8,887.6,1102.5,649.1,999.2,3,1,999.0,745,1,998.9,111,1,998.8,1117,6,998.7,3400,13,999.3,137,2,999.4,949,8,999.5,758,9,999.6,1394,15,999.7,826,11
317,2025-11-26 10:40:21+05:30,999.3,3,995.82,3604329,366212.0,432325.0,986.2,1001.8,981.3,986.2,120357750,1084.8,887.6,1102.5,649.1,999.2,3,1,999.0,745,1,998.9,111,1,998.8,1117,6,998.7,3400,13,999.3,137,2,999.4,949,8,999.5,758,9,999.6,1394,15,999.7,826,11
317,2025-11-26 10:40:22+05:30,999.0,98,995.82,3604451,368122.0,432838.0,986.2,1001.8,981.3,986.2,120357750,1084.8,887.6,1102.5,649.1,999.0,647,1,998.8,918,5,998.7,3144,11,998.6,1422,10,998.5,1774,16,999.3,565,5,999.4,1181,12,999.5,757,8,999.6,1374,15,999.7,826,11
317,2025-11-26 10:40:22+05:30,999.0,98,995.82,3604451,368122.0,432838.0,986.2,1001.8,981.3,986.2,120357750,1084.8,887.6,1102.5,649.1,999.0,647,1,998.8,918,5,998.7,3144,11,998.6,1422,10,998.5,1774,16,999.3,565,5,999.4,1181,12,999.5,757,8,999.6,1374,15,999.7,826,11
317,2025-11-26 10:40:23+05:30,999.0,98,995.82,3604451,368312.0,432837.0,986.2,1001.8,981.3,986.2,120357750,1084.8,887.6,1102.5,649.1,999.0,647,1,998.8,918,5,998.7,3144,11,998.6,1422,10,998.5,1799,17,999.3,612,6,999.4,1181,12,999.5,757,8,999.6,1389,17,999.7,813,10
317,2025-11-26 10:40:24+05:30,999.3,61,995.82,3604605,368363.0,432479.0,986.2,1001.8,981.3,986.2,120357750,1084.8,887.6,1102.5,649.1,999.0,647,1,998.8,918,5,998.7,3394,12,998.6,1422,10,998.5,1799,17,999.3,470,4,999.4,1103,9,999.5,794,9,999.6,830,16,999.7,826,11
317,2025-11-26 10:40:24+05:30,999.3,61,995.82,3604605,368363.0,432479.0,986.2,1001.8,981.3,986.2,120357750,1084.8,887.6,1102.5,649.1,999.0,647,1,998.8,918,5,998.7,3394,12,998.6,1422,10,998.5,1799,17,999.3,470,4,999.4,1103,9,999.5,794,9,999.6,830,16,999.7,826,11
317,2025-11-26 10:40:25+05:30,998.8,62,995.82,3605377,368895.0,433961.0,986.2,1001.8,981.3,986.2,120357750,1084.8,887.6,1102.5,649.1,998.8,31,1,998.7,765,4,998.6,2093,7,998.5,3266,17,998.4,1776,19,999.0,90,1,999.1,37,1,999.2,441,6,999.3,765,6,999.4,1090,9
317,2025-11-26 10:40:25+05:30,998.8,62,995.82,3605377,368895.0,433961.0,986.2,1001.8,981.3,986.2,120357750,1084.8,887.6,1102.5,649.1,998.8,31,1,998.7,765,4,998.6,2093,7,998.5,3266,17,998.4,1776,19,999.0,90,1,999.1,37,1,999.2,441,6,999.3,765,6,999.4,1090,9
317,2025-11-26 10:40:26+05:30,998.8,62,995.82,3605377,368891.0,433452.0,986.2,1001.8,981.3,986.2,120357750,1084.8,887.6,1102.5,649.1,998.8,31,1,998.7,765,4,998.6,1438,7,998.5,4173,19,998.4,1770,18,999.0,90,1,999.1,37,1,999.2,432,6,999.3,778,7,999.4,574,8
317,2025-11-26 10:40:26+05:30,999.0,393,995.82,3605377,368891.0,433452.0,986.2,1001.8,981.3,986.2,120357750,1084.8,887.6,1102.5,649.1,998.8,31,1,998.7,765,4,998.6,1438,7,998.5,4173,19,998.4,1770,18,999.0,90,1,999.1,37,1,999.2,432,6,999.3,778,7,999.4,574,8
317,2025-11-26 10:40:27+05:30,999.1,5,995.82,3605894,371478.0,429093.0,986.2,1001.8,981.3,986.2,120357750,1084.8,887.6,1102.5,649.1,999.1,1102,2,999.0,797,2,998.9,3692,15,998.8,2040,11,998.7,1180,11,999.3,232,1,999.4,70,2,999.5,502,6,999.6,697,10,999.7,929,11
317,2025-11-26 10:40:27+05:30,999.3,1,995.82,3605894,371478.0,429093.0,986.2,1001.8,981.3,986.2,120357750,1084.8,887.6,1102.5,649.1,999.1,1102,2,999.0,797,2,998.9,3692,15,998.8,2040,11,998.7,1180,11,999.3,232,1,999.4,70,2,999.5,502,6,999.6,697,10,999.7,929,11
317,2025-11-26 10:40:28+05:30,999.1,119,995.82,3606014,371151.0,429765.0,986.2,1001.8,981.3,986.2,120357750,1084.8,887.6,1102.5,649.1,999.1,983,2,999.0,983,3,998.9,5148,16,998.8,1588,9,998.7,1181,8,999.3,233,2,999.4,378,3,999.5,502,6,999.6,697,10,999.7,929,11
317,2025-11-26 10:40:28+05:30,999.1,119,995.82,3606014,371151.0,429765.0,986.2,1001.8,981.3,986.2,120357750,1084.8,887.6,1102.5,649.1,999.1,983,2,999.0,983,3,998.9,5148,16,998.8,1588,9,998.7,1181,8,999.3,233,2,999.4,378,3,999.5,502,6,999.6,697,10,999.7,929,11
317,2025-11-26 10:40:29+05:30,999.1,119,995.82,3606014,371200.0,429793.0,986.2,1001.8,981.3,986.2,120357750,1084.8,887.6,1102.5,649.1,999.1,996,3,999.0,983,3,998.9,5148,16,998.8,1599,9,998.7,1181,8,999.3,233,2,999.4,378,3,999.5,530,7,999.6,697,10,999.7,955,13
317,2025-11-26 10:40:30+05:30,999.1,119,995.82,3606014,372052.0,429761.0,986.2,1001.8,981.3,986.2,120357750,1084.8,887.6,1102.5,649.1,999.1,1033,4,999.0,983,3,998.9,4974,15,998.8,1653,9,998.7,1131,8,999.2,96,1,999.3,233,2,999.4,378,3,999.5,502,6,999.6,584,9
317,2025-11-26 10:40:31+05:30,999.3,72,995.82,3606014,372052.0,429761.0,986.2,1001.8,981.3,986.2,120357750,1084.8,887.6,1102.5,649.1,999.1,1033,4,999.0,983,3,998.9,4974,15,998.8,1653,9,998.7,1131,8,999.2,96,1,999.3,233,2,999.4,378,3,999.5,502,6,999.6,584,9
317,2025-11-26 10:40:31+05:30,999.3,72,995.83,3607047,367918.0,431322.0,986.2,1001.8,981.3,986.2,120357750,1084.8,887.6,1102.5,649.1,999.1,50,2,999.0,657,1,998.9,2368,6,998.8,330,3,998.7,2598,11,999.3,161,2,999.4,655,8,999.5,847,12,999.6,907,13,999.7,1686,15
317,2025-11-26 10:40:32+05:30,999.1,106,995.83,3607047,367918.0,431322.0,986.2,1001.8,981.3,986.2,120357750,1084.8,887.6,1102.5,649.1,999.1,50,2,999.0,657,1,998.9,2368,6,998.8,330,3,998.7,2598,11,999.3,161,2,999.4,655,8,999.5,847,12,999.6,907,13,999.7,1686,15
317,2025-11-26 10:40:32+05:30,999.1,106,995.83,3607166,367162.0,431988.0,986.2,1001.8,981.3,986.2,120357750,1084.8,887.6,1102.5,649.1,999.1,37,1,998.9,866,3,998.8,762,2,998.7,2624,13,998.6,3148,17,999.3,477,9,999.4,895,15,999.5,782,11,999.6,973,14,999.7,1099,12
317,2025-11-26 10:40:33+05:30,999.1,119,995.83,3607166,367162.0,431988.0,986.2,1001.8,981.3,986.2,120357750,1084.8,887.6,1102.5,649.1,999.1,37,1,998.9,866,3,998.8,762,2,998.7,2624,13,998.6,3148,17,999.3,477,9,999.4,895,15,999.5,782,11,999.6,973,14,999.7,1099,12
317,2025-11-26 10:40:33+05:30,999.1,119,995.83,3607285,367162.0,431980.0,986.2,1001.8,981.3,986.2,120357750,1084.8,887.6,1102.5,649.1,999.1,37,1,998.9,866,3,998.8,762,2,998.7,2624,13,998.6,3148,17,999.3,391,7,999.4,947,17,999.5,769,10,999.6,973,14,999.7,1099,12
317,2025-11-26 10:40:34+05:30,999.3,10,995.83,3607285,367162.0,431980.0,986.2,1001.8,981.3,986.2,120357750,1084.8,887.6,1102.5,649.1,999.1,37,1,998.9,866,3,998.8,762,2,998.7,2624,13,998.6,3148,17,999.3,391,7,999.4,947,17,999.5,769,10,999.6,973,14,999.7,1099,12
317,2025-11-26 10:40:34+05:30,999.3,10,995.83,3607304,366851.0,431358.0,986.2,1001.8,981.3,986.2,120357750,1084.8,887.6,1102.5,649.1,999.2,112,1,999.1,37,1,998.9,866,3,998.8,950,4,998.7,2624,13,999.3,144,3,999.4,881,11,999.5,852,16,999.6,683,13,999.7,897,11
317,2025-11-26 10:40:35+05:30,999.3,10,995.83,3607314,366573.0,431250.0,986.2,1001.8,981.3,986.2,120357750,1084.8,887.6,1102.5,649.1,999.2,115,2,999.1,37,1,998.9,866,3,998.8,950,4,998.7,2874,14,999.3,135,4,999.4,793,9,999.5,841,16,999.6,683,13,999.7,897,11
317,2025-11-26 10:40:36+05:30,999.3,10,995.83,3607314,366573.0,431250.0,986.2,1001.8,981.3,986.2,120357750,1084.8,887.6,1102.5,649.1,999.2,115,2,999.1,37,1,998.9,866,3,998.8,950,4,998.7,2874,14,999.3,135,4,999.4,793,9,999.5,841,16,999.6,683,13,999.7,897,11
317,2025-11-26 10:40:37+05:30,999.3,10,995.83,3607314,366603.0,431250.0,986.2,1001.8,981.3,986.2,120357750,1084.8,887.6,1102.5,649.1,999.2,115,2,999.1,37,1,998.9,866,3,998.8,950,4,998.7,2874,14,999.3,135,4,999.4,793,9,999.5,841,16,999.6,683,13,999.7,897,11
317,2025-11-26 10:40:38+05:30,999.2,100,995.83,3607414,366389.0,432368.0,986.2,1001.8,981.3,986.2,120357750,1084.8,887.6,1102.5,649.1,999.2,15,2,999.1,37,1,998.9,866,3,998.8,762,2,998.7,2564,12,999.3,291,6,999.4,869,12,999.5,826,14,999.6,683,13,999.7,1099,12
317,2025-11-26 10:40:38+05:30,999.2,100,995.83,3607414,366389.0,432368.0,986.2,1001.8,981.3,986.2,120357750,1084.8,887.6,1102.5,649.1,999.2,15,2,999.1,37,1,998.9,866,3,998.8,762,2,998.7,2564,12,999.3,291,6,999.4,869,12,999.5,826,14,999.6,683,13,999.7,1099,12
317,2025-11-26 10:40:39+05:30,999.2,100,995.83,3607414,364314.0,432905.0,986.2,1001.8,981.3,986.2,120357750,1084.8,887.6,1102.5,649.1,999.2,29,3,998.9,116,2,998.8,105,1,998.7,1188,8,998.6,1559,9,999.3,470,12,999.4,804,9,999.5,826,14,999.6,655,12,999.7,1349,13
317,2025-11-26 10:40:40+05:30,999.2,137,995.83,3607585,362633.0,434338.0,986.2,1001.8,981.3,986.2,120357750,1084.8,887.6,1102.5,649.1,998.9,8,1,998.7,703,4,998.6,1241,5,998.5,1577,13,998.4,4274,23,999.1,36,1,999.2,606,8,999.3,758,13,999.4,907,14,999.5,977,15
317,2025-11-26 10:40:40+05:30,999.2,137,995.83,3607585,362633.0,434338.0,986.2,1001.8,981.3,986.2,120357750,1084.8,887.6,1102.5,649.1,998.9,8,1,998.7,703,4,998.6,1241,5,998.5,1577,13,998.4,4274,23,999.1,36,1,999.2,606,8,999.3,758,13,999.4,907,14,999.5,977,15
317,2025-11-26 10:40:41+05:30,999.2,137,995.83,3607585,362663.0,434449.0,986.2,1001.8,981.3,986.2,120357750,1084.8,887.6,1102.5,649.1,998.9,8,1,998.7,703,4,998.6,1241,5,998.5,1577,13,998.4,4274,23,999.1,36,1,999.2,606,8,999.3,758,13,999.4,1018,15,999.5,977,15
317,2025-11-26 10:40:42+05:30,999.1,4,995.83,3607871,363501.0,432842.0,986.2,1001.8,981.3,986.2,120357750,1084.8,887.6,1102.5,649.1,999.1,472,1,998.8,108,1,998.7,588,4,998.6,1579,8,998.5,1579,14,999.2,136,2,999.3,470,9,999.4,1483,20,999.5,992,13,999.6,918,15
317,2025-11-26 10:40:42+05:30,999.1,4,995.83,3607871,363501.0,432842.0,986.2,1001.8,981.3,986.2,120357750,1084.8,887.6,1102.5,649.1,999.1,472,1,998.8,108,1,998.7,588,4,998.6,1579,8,998.5,1579,14,999.2,136,2,999.3,470,9,999.4,1483,20,999.5,992,13,999.6,918,15
317,2025-11-26 10:40:43+05:30,999.1,119,995.83,3608000,363451.0,433175.0,986.2,1001.8,981.3,986.2,120357750,1084.8,887.6,1102.5,649.1,999.1,369,2,998.8,108,1,998.7,588,4,998.6,1293,6,998.5,1615,15,999.2,296,5,999.3,506,10,999.4,919,17,999.5,956,12,999.6,1457,17
317,2025-11-26 10:40:43+05:30,999.1,119,995.83,3608000,363451.0,433175.0,986.2,1001.8,981.3,986.2,120357750,1084.8,887.6,1102.5,649.1,999.1,369,2,998.8,108,1,998.7,588,4,998.6,1293,6,998.5,1615,15,999.2,296,5,999.3,506,10,999.4,919,17,999.5,956,12,999.6,1457,17
317,2025-11-26 10:40:44+05:30,999.2,2,995.83,3608002,363451.0,433659.0,986.2,1001.8,981.3,986.2,120357750,1084.8,887.6,1102.5,649.1,999.1,369,2,998.8,108,1,998.7,588,4,998.6,1293,6,998.5,1615,15,999.2,258,4,999.3,542,11,999.4,919,17,999.5,956,12,999.6,1457,17
317,2025-11-26 10:40:44+05:30,999.2,2,995.83,3608002,363451.0,433659.0,986.2,1001.8,981.3,986.2,120357750,1084.8,887.6,1102.5,649.1,999.1,369,2,998.8,108,1,998.7,588,4,998.6,1293,6,998.5,1615,15,999.2,258,4,999.3,542,11,999.4,919,17,999.5,956,12,999.6,1457,17
317,2025-11-26 10:40:45+05:30,999.1,136,995.83,3608520,358763.0,433700.0,986.2,1001.8,981.3,986.2,120357750,1084.8,887.6,1102.5,649.1,998.7,478,2,998.6,1282,7,998.5,1875,15,998.4,3974,21,998.3,1967,13,999.1,118,2,999.2,202,1,999.3,962,9,999.4,1111,21,999.5,934,11
317,2025-11-26 10:40:45+05:30,999.1,136,995.83,3608520,358763.0,433700.0,986.2,1001.8,981.3,986.2,120357750,1084.8,887.6,1102.5,649.1,998.7,478,2,998.6,1282,7,998.5,1875,15,998.4,3974,21,998.3,1967,13,999.1,118,2,999.2,202,1,999.3,962,9,999.4,1111,21,999.5,934,11
317,2025-11-26 10:40:46+05:30,998.7,119,995.83,3608639,358959.0,434056.0,986.2,1001.8,981.3,986.2,120357750,1084.8,887.6,1102.5,649.1,998.7,359,2,998.6,1575,6,998.5,1574,13,998.4,4184,21,998.3,1967,13,999.1,243,5,999.2,495,4,999.3,1078,12,999.4,1075,20,999.5,934,11
317,2025-11-26 10:40:46+05:30,998.7,119,995.83,3608639,358959.0,434056.0,986.2,1001.8,981.3,986.2,120357750,1084.8,887.6,1102.5,649.1,998.7,359,2,998.6,1575,6,998.5,1574,13,998.4,4184,21,998.3,1967,13,999.1,243,5,999.2,495,4,999.3,1078,12,999.4,1075,20,999.5,934,11
317,2025-11-26 10:40:47+05:30,998.7,119,995.83,3608639,360238.0,434240.0,986.2,1001.8,981.3,986.2,120357750,1084.8,887.6,1102.5,649.1,998.7,1109,3,998.6,1567,8,998.5,2556,17,998.4,3308,17,998.3,1217,12,999.1,148,2,999.2,495,4,999.3,583,13,999.4,1075,20,999.5,934,11
317,2025-11-26 10:40:48+05:30,998.7,1,995.83,3608640,360314.0,434240.0,986.2,1001.8,981.3,986.2,120357750,1084.8,887.6,1102.5,649.1,998.7,1185,5,998.6,1567,8,998.5,2556,17,998.4,3308,17,998.3,1217,12,999.1,148,2,999.2,495,4,999.3,547,12,999.4,1111,21,999.5,934,11
317,2025-11-26 10:40:48+05:30,998.7,1,995.83,3608640,360314.0,434240.0,986.2,1001.8,981.3,986.2,120357750,1084.8,887.6,1102.5,649.1,998.7,1185,5,998.6,1567,8,998.5,2556,17,998.4,3308,17,998.3,1217,12,999.1,148,2,999.2,495,4,999.3,547,12,999.4,1111,21,999.5,934,11
317,2025-11-26 10:40:49+05:30,998.7,1,995.83,3608640,360414.0,434266.0,986.2,1001.8,981.3,986.2,120357750,1084.8,887.6,1102.5,649.1,998.7,1185,5,998.6,1567,8,998.5,2556,17,998.4,3308,17,998.3,1217,12,999.1,151,3,999.2,495,4,999.3,547,12,999.4,1134,21,999.5,934,11
317,2025-11-26 10:40:50+05:30,998.7,275,995.83,3608640,360414.0,434266.0,986.2,1001.8,981.3,986.2,120357750,1084.8,887.6,1102.5,649.1,998.7,1185,5,998.6,1567,8,998.5,2556,17,998.4,3308,17,998.3,1217,12,999.1,151,3,999.2,495,4,999.3,547,12,999.4,1134,21,999.5,934,11
317,2025-11-26 10:40:50+05:30,998.7,275,995.83,3608915,362633.0,435681.0,986.2,1001.8,981.3,986.2,120357750,1084.8,887.6,1102.5,649.1,998.7,836,4,998.6,1142,6,998.5,4007,19,998.4,3249,16,998.3,1217,12,998.9,96,1,999.1,185,5,999.2,619,6,999.3,687,15,999.4,1042,16
317,2025-11-26 10:40:51+05:30,998.7,275,995.83,3608915,362660.0,435293.0,986.2,1001.8,981.3,986.2,120357750,1084.8,887.6,1102.5,649.1,998.7,836,4,998.6,1093,5,998.5,3979,18,998.4,3279,17,998.3,1217,12,998.9,96,1,999.1,185,5,999.2,620,7,999.3,574,11,999.4,1267,16
317,2025-11-26 10:40:52+05:30,998.7,275,995.83,3608915,362663.0,435293.0,986.2,1001.8,981.3,986.2,120357750,1084.8,887.6,1102.5,649.1,998.7,836,4,998.6,1093,5,998.5,3979,18,998.4,3279,17,998.3,1217,12,998.9,96,1,999.1,185,5,999.2,620,7,999.3,574,11,999.4,1267,16
317,2025-11-26 10:40:53+05:30,998.9,21,995.83,3608915,362663.0,435293.0,986.2,1001.8,981.3,986.2,120357750,1084.8,887.6,1102.5,649.1,998.7,836,4,998.6,1093,5,998.5,3979,18,998.4,3279,17,998.3,1217,12,998.9,96,1,999.1,185,5,999.2,620,7,999.3,574,11,999.4,1267,16
317,2025-11-26 10:40:53+05:30,998.9,21,995.83,3608936,355035.0,438455.0,986.2,1001.8,981.3,986.2,120357750,1084.8,887.6,1102.5,649.1,998.7,83,2,998.5,365,7,998.4,804,10,998.3,2430,12,998.2,1842,15,998.9,75,1,999.0,293,5,999.1,821,12,999.2,926,10,999.3,776,12
317,2025-11-26 10:40:54+05:30,998.7,1,995.83,3608936,355035.0,438455.0,986.2,1001.8,981.3,986.2,120357750,1084.8,887.6,1102.5,649.1,998.7,83,2,998.5,365,7,998.4,804,10,998.3,2430,12,998.2,1842,15,998.9,75,1,999.0,293,5,999.1,821,12,999.2,926,10,999.3,776,12
317,2025-11-26 10:40:54+05:30,998.7,1,995.83,3608938,350496.0,438299.0,986.2,1001.8,981.3,986.2,120357750,1084.8,887.6,1102.5,649.1,998.8,112,1,998.7,81,2,998.5,365,7,998.4,635,9,998.3,2697,13,998.9,75,1,999.0,408,6,999.1,745,10,999.2,936,11,999.3,776,12
317,2025-11-26 10:40:55+05:30,998.8,112,995.83,3608938,350496.0,438299.0,986.2,1001.8,981.3,986.2,120357750,1084.8,887.6,1102.5,649.1,998.8,112,1,998.7,81,2,998.5,365,7,998.4,635,9,998.3,2697,13,998.9,75,1,999.0,408,6,999.1,745,10,999.2,936,11,999.3,776,12
317,2025-11-26 10:40:55+05:30,998.8,112,995.83,3609050,351823.0,438414.0,986.2,1001.8,981.3,986.2,120357750,1084.8,887.6,1102.5,649.1,998.7,81,2,998.5,365,7,998.4,648,8,998.3,2665,12,998.2,2402,18,998.8,96,1,999.0,456,7,999.1,745,10,999.2,1119,15,999.3,750,10
317,2025-11-26 10:40:56+05:30,998.8,1,995.83,3609050,351823.0,438414.0,986.2,1001.8,981.3,986.2,120357750,1084.8,887.6,1102.5,649.1,998.7,81,2,998.5,365,7,998.4,648,8,998.3,2665,12,998.2,2402,18,998.8,96,1,999.0,456,7,999.1,745,10,999.2,1119,15,999.3,750,10
317,2025-11-26 10:40:56+05:30,998.8,1,995.83,3609051,350634.0,439102.0,986.2,1001.8,981.3,986.2,120357750,1084.8,887.6,1102.5,649.1,998.7,81,2,998.5,165,6,998.4,351,4,998.3,2229,10,998.2,2626,19,998.8,95,1,998.9,320,4,999.0,664,8,999.1,800,13,999.2,1093,13
317,2025-11-26 10:40:57+05:30,998.8,2,995.83,3609051,350634.0,439102.0,986.2,1001.8,981.3,986.2,120357750,1084.8,887.6,1102.5,649.1,998.7,81,2,998.5,165,6,998.4,351,4,998.3,2229,10,998.2,2626,19,998.8,95,1,998.9,320,4,999.0,664,8,999.1,800,13,999.2,1093,13
317,2025-11-26 10:40:57+05:30,998.8,2,995.83,3609153,350044.0,439470.0,986.2,1001.8,981.3,986.2,120357750,1084.8,887.6,1102.5,649.1,998.5,55,5,998.4,151,3,998.3,1233,6,998.2,1779,10,998.1,4024,22,998.8,93,1,998.9,441,7,999.0,697,9,999.1,755,11,999.2,1119,15
317,2025-11-26 10:40:58+05:30,998.4,69,995.83,3609153,350044.0,439470.0,986.2,1001.8,981.3,986.2,120357750,1084.8,887.6,1102.5,649.1,998.5,55,5,998.4,151,3,998.3,1233,6,998.2,1779,10,998.1,4024,22,998.8,93,1,998.9,441,7,999.0,697,9,999.1,755,11,999.2,1119,15
317,2025-11-26 10:40:58+05:30,998.4,69,995.83,3609277,349972.0,440411.0,986.2,1001.8,981.3,986.2,120357750,1084.8,887.6,1102.5,649.1,998.4,45,2,998.3,1257,4,998.2,1517,8,998.1,3992,21,998.0,2593,26,998.8,133,3,998.9,441,7,999.0,702,10,999.1,862,11,999.2,1203,16
317,2025-11-26 10:40:59+05:30,998.8,10,995.83,3609277,349972.0,440411.0,986.2,1001.8,981.3,986.2,120357750,1084.8,887.6,1102.5,649.1,998.4,45,2,998.3,1257,4,998.2,1517,8,998.1,3992,21,998.0,2593,26,998.8,133,3,998.9,441,7,999.0,702,10,999.1,862,11,999.2,1203,16
317,2025-11-26 10:41:00+05:30,998.7,10,995.83,3609302,351668.0,438923.0,986.2,1001.8,981.3,986.2,120357750,1084.8,887.6,1102.5,649.1,998.4,79,3,998.3,1257,4,998.2,1547,9,998.1,4742,22,998.0,2561,25,998.7,81,1,998.8,199,3,998.9,377,5,999.0,597,9,999.1,749,11
317,2025-11-26 10:41:00+05:30,998.7,10,995.83,3609302,351668.0,438923.0,986.2,1001.8,981.3,986.2,120357750,1084.8,887.6,1102.5,649.1,998.4,79,3,998.3,1257,4,998.2,1547,9,998.1,4742,22,998.0,2561,25,998.7,81,1,998.8,199,3,998.9,377,5,999.0,597,9,999.1,749,11
317,2025-11-26 10:41:01+05:30,998.4,8,995.83,3609310,349473.0,439526.0,986.2,1001.8,981.3,986.2,120357750,1084.8,887.6,1102.5,649.1,998.4,71,3,998.3,118,2,998.2,501,4,998.1,2610,12,998.0,2474,32,998.7,238,4,998.8,317,5,998.9,584,7,999.0,647,8,999.1,951,12
317,2025-11-26 10:41:01+05:30,998.4,8,995.83,3609310,349473.0,439526.0,986.2,1001.8,981.3,986.2,120357750,1084.8,887.6,1102.5,649.1,998.4,71,3,998.3,118,2,998.2,501,4,998.1,2610,12,998.0,2474,32,998.7,238,4,998.8,317,5,998.9,584,7,999.0,647,8,999.1,951,12
317,2025-11-26 10:41:02+05:30,998.4,8,995.83,3609310,349501.0,440484.0,986.2,1001.8,981.3,986.2,120357750,1084.8,887.6,1102.5,649.1,998.4,71,3,998.3,118,2,998.2,501,4,998.1,2610,12,998.0,2479,33,998.7,196,3,998.8,317,5,998.9,585,8,999.0,646,7,999.1,951,12
317,2025-11-26 10:41:03+05:30,998.7,10,995.83,3609320,349285.0,440217.0,986.2,1001.8,981.3,986.2,120357750,1084.8,887.6,1102.5,649.1,998.4,84,4,998.3,118,2,998.2,501,4,998.1,2723,13,998.0,2606,34,998.7,154,2,998.8,302,5,998.9,585,8,999.0,1165,8,999.1,723,9
317,2025-11-26 10:41:03+05:30,998.7,10,995.83,3609320,349285.0,440217.0,986.2,1001.8,981.3,986.2,120357750,1084.8,887.6,1102.5,649.1,998.4,84,4,998.3,118,2,998.2,501,4,998.1,2723,13,998.0,2606,34,998.7,154,2,998.8,302,5,998.9,585,8,999.0,1165,8,999.1,723,9
317,2025-11-26 10:41:04+05:30,998.7,26,995.83,3609346,349312.0,440024.0,986.2,1001.8,981.3,986.2,120357750,1084.8,887.6,1102.5,649.1,998.4,84,4,998.3,145,3,998.2,800,6,998.1,2473,12,998.0,2606,34,998.7,128,2,998.8,243,4,998.9,447,9,999.0,1165,8,999.1,723,9
317,2025-11-26 10:41:04+05:30,998.7,26,995.83,3609346,349312.0,440024.0,986.2,1001.8,981.3,986.2,120357750,1084.8,887.6,1102.5,649.1,998.4,84,4,998.3,145,3,998.2,800,6,998.1,2473,12,998.0,2606,34,998.7,128,2,998.8,243,4,998.9,447,9,999.0,1165,8,999.1,723,9
317,2025-11-26 10:41:05+05:30,998.4,20,995.83,3610111,350656.0,439387.0,986.2,1001.8,981.3,986.2,120357750,1084.8,887.6,1102.5,649.1,998.3,194,2,998.2,560,8,998.1,2503,11,998.0,3512,38,997.9,3377,13,998.4,172,2,998.8,368,10,998.9,390,5,999.0,598,6,999.1,1482,12
317,2025-11-26 10:41:05+05:30,998.4,20,995.83,3610111,350656.0,439387.0,986.2,1001.8,981.3,986.2,120357750,1084.8,887.6,1102.5,649.1,998.3,194,2,998.2,560,8,998.1,2503,11,998.0,3512,38,997.9,3377,13,998.4,172,2,998.8,368,10,998.9,390,5,999.0,598,6,999.1,1482,12
317,2025-11-26 10:41:06+05:30,998.4,5,995.83,3610412,352416.0,439922.0,986.2,1001.8,981.3,986.2,120357750,1084.8,887.6,1102.5,649.1,998.2,663,7,998.1,1605,12,998.0,4269,34,997.9,4872,15,997.8,1615,16,998.4,187,2,998.8,368,10,998.9,465,8,999.0,603,7,999.1,1516,11
317,2025-11-26 10:41:06+05:30,998.4,5,995.83,3610412,352416.0,439922.0,986.2,1001.8,981.3,986.2,120357750,1084.8,887.6,1102.5,649.1,998.2,663,7,998.1,1605,12,998.0,4269,34,997.9,4872,15,997.8,1615,16,998.4,187,2,998.8,368,10,998.9,465,8,999.0,603,7,999.1,1516,11
317,2025-11-26 10:41:07+05:30,998.4,5,995.83,3610412,352416.0,440042.0,986.2,1001.8,981.3,986.2,120357750,1084.8,887.6,1102.5,649.1,998.2,663,7,998.1,1605,12,998.0,4269,34,997.9,4885,16,997.8,1602,15,998.4,187,2,998.8,368,10,998.9,465,8,999.0,603,7,999.1,1516,11
317,2025-11-26 10:41:08+05:30,998.4,96,995.83,3610599,353844.0,439884.0,986.2,1001.8,981.3,986.2,120357750,1084.8,887.6,1102.5,649.1,998.2,791,10,998.1,1610,12,998.0,4496,35,997.9,4413,18,997.8,1733,16,998.4,145,2,998.8,289,5,998.9,503,10,999.0,644,10,999.1,1516,11
317,2025-11-26 10:41:08+05:30,998.4,96,995.83,3610599,353844.0,439884.0,986.2,1001.8,981.3,986.2,120357750,1084.8,887.6,1102.5,649.1,998.2,791,10,998.1,1610,12,998.0,4496,35,997.9,4413,18,997.8,1733,16,998.4,145,2,998.8,289,5,998.9,503,10,999.0,644,10,999.1,1516,11
317,2025-11-26 10:41:09+05:30,998.4,93,995.83,3610599,353844.0,439884.0,986.2,1001.8,981.3,986.2,120357750,1084.8,887.6,1102.5,649.1,998.2,791,10,998.1,1610,12,998.0,4496,35,997.9,4413,18,997.8,1733,16,998.4,145,2,998.8,289,5,998.9,503,10,999.0,644,10,999.1,1516,11
317,2025-11-26 10:41:09+05:30,998.4,93,995.83,3611060,353926.0,439505.0,986.2,1001.8,981.3,986.2,120357750,1084.8,887.6,1102.5,649.1,998.2,792,10,998.1,1611,12,998.0,4464,35,997.9,4413,18,997.8,1733,16,998.4,96,1,998.8,187,3,998.9,536,12,999.0,601,7,999.1,1563,12
317,2025-11-26 10:41:10+05:30,998.3,96,995.83,3611060,353926.0,439505.0,986.2,1001.8,981.3,986.2,120357750,1084.8,887.6,1102.5,649.1,998.2,792,10,998.1,1611,12,998.0,4464,35,997.9,4413,18,997.8,1733,16,998.4,96,1,998.8,187,3,998.9,536,12,999.0,601,7,999.1,1563,12
317,2025-11-26 10:41:10+05:30,998.3,96,995.83,3611400,354530.0,439423.0,986.2,1001.8,981.3,986.2,120357750,1084.8,887.6,1102.5,649.1,998.2,357,3,998.1,1593,12,998.0,4446,35,997.9,4179,18,997.8,1913,17,998.3,96,1,998.7,382,2,998.8,277,5,998.9,510,10,999.0,684,10
317,2025-11-26 10:41:11+05:30,998.3,96,995.83,3611400,354530.0,439423.0,986.2,1001.8,981.3,986.2,120357750,1084.8,887.6,1102.5,649.1,998.2,357,3,998.1,1593,12,998.0,4446,35,997.9,4179,18,997.8,1913,17,998.3,96,1,998.7,382,2,998.8,277,5,998.9,510,10,999.0,684,10
317,2025-11-26 10:41:11+05:30,998.3,96,995.83,3611716,354135.0,439466.0,986.2,1001.8,981.3,986.2,120357750,1084.8,887.6,1102.5,649.1,998.2,383,5,998.1,1639,13,998.0,4446,35,997.9,4929,19,997.8,1913,17,998.3,96,1,998.7,428,3,998.8,303,7,998.9,510,10,999.0,663,9
317,2025-11-26 10:41:12+05:30,998.3,91,995.83,3611716,354135.0,439466.0,986.2,1001.8,981.3,986.2,120357750,1084.8,887.6,1102.5,649.1,998.2,383,5,998.1,1639,13,998.0,4446,35,997.9,4929,19,997.8,1913,17,998.3,96,1,998.7,428,3,998.8,303,7,998.9,510,10,999.0,663,9
317,2025-11-26 10:41:12+05:30,998.3,91,995.83,3612382,352519.0,434322.0,986.2,1001.8,981.3,986.2,120357750,1084.8,887.6,1102.5,649.1,998.7,750,1,998.5,114,2,998.4,280,5,998.3,2600,11,998.2,1660,13,998.8,5,1,998.9,1,1,999.0,130,1,999.1,453,4,999.2,685,7
317,2025-11-26 10:41:13+05:30,998.7,124,995.83,3612382,352519.0,434322.0,986.2,1001.8,981.3,986.2,120357750,1084.8,887.6,1102.5,649.1,998.7,750,1,998.5,114,2,998.4,280,5,998.3,2600,11,998.2,1660,13,998.8,5,1,998.9,1,1,999.0,130,1,999.1,453,4,999.2,685,7
317,2025-11-26 10:41:14+05:30,998.7,124,995.83,3612506,352057.0,435402.0,986.2,1001.8,981.3,986.2,120357750,1084.8,887.6,1102.5,649.1,998.7,626,1,998.5,112,1,998.4,242,3,998.3,1244,7,998.2,1887,13,998.8,5,1,998.9,133,2,999.0,285,6,999.1,621,12,999.2,923,8
317,2025-11-26 10:41:14+05:30,999.0,3,995.83,3612506,352057.0,435402.0,986.2,1001.8,981.3,986.2,120357750,1084.8,887.6,1102.5,649.1,998.7,626,1,998.5,112,1,998.4,242,3,998.3,1244,7,998.2,1887,13,998.8,5,1,998.9,133,2,999.0,285,6,999.1,621,12,999.2,923,8
317,2025-11-26 10:41:15+05:30,999.1,1,995.83,3613247,353830.0,432647.0,986.2,1001.8,981.3,986.2,120357750,1084.8,887.6,1102.5,649.1,998.7,357,3,998.6,421,3,998.5,481,3,998.4,1879,13,998.3,1339,11,999.2,386,7,999.3,282,5,999.4,656,8,999.5,951,17,999.6,1193,9
317,2025-11-26 10:41:15+05:30,998.6,75,995.83,3613247,353830.0,432647.0,986.2,1001.8,981.3,986.2,120357750,1084.8,887.6,1102.5,649.1,998.7,357,3,998.6,421,3,998.5,481,3,998.4,1879,13,998.3,1339,11,999.2,386,7,999.3,282,5,999.4,656,8,999.5,951,17,999.6,1193,9
317,2025-11-26 10:41:16+05:30,998.6,75,995.83,3613371,352859.0,434302.0,986.2,1001.8,981.3,986.2,120357750,1084.8,887.6,1102.5,649.1,998.7,25,1,998.6,14,1,998.5,112,1,998.4,755,8,998.3,2489,13,999.1,783,11,999.2,1056,12,999.3,508,8,999.4,1200,15,999.5,745,14
317,2025-11-26 10:41:16+05:30,998.9,10,995.83,3613371,352859.0,434302.0,986.2,1001.8,981.3,986.2,120357750,1084.8,887.6,1102.5,649.1,998.7,25,1,998.6,14,1,998.5,112,1,998.4,755,8,998.3,2489,13,999.1,783,11,999.2,1056,12,999.3,508,8,999.4,1200,15,999.5,745,14
317,2025-11-26 10:41:17+05:30,998.9,10,995.83,3613505,353204.0,436296.0,986.2,1001.8,981.3,986.2,120357750,1084.8,887.6,1102.5,649.1,998.5,27,1,998.4,545,8,998.3,2441,10,998.2,1365,15,998.1,3023,15,998.9,19,1,999.0,254,2,999.1,648,10,999.2,1133,12,999.3,428,5
317,2025-11-26 10:41:18+05:30,999.1,5,995.83,3613510,354142.0,432931.0,986.2,1001.8,981.3,986.2,120357750,1084.8,887.6,1102.5,649.1,998.6,1145,6,998.5,888,7,998.4,2977,15,998.3,2191,9,998.2,1178,13,999.1,227,3,999.2,844,6,999.3,354,6,999.4,570,9,999.5,766,15
317,2025-11-26 10:41:18+05:30,999.0,7,995.83,3613510,354142.0,432931.0,986.2,1001.8,981.3,986.2,120357750,1084.8,887.6,1102.5,649.1,998.6,1145,6,998.5,888,7,998.4,2977,15,998.3,2191,9,998.2,1178,13,999.1,227,3,999.2,844,6,999.3,354,6,999.4,570,9,999.5,766,15
317,2025-11-26 10:41:19+05:30,999.0,7,995.83,3613526,355295.0,434947.0,986.2,1001.8,981.3,986.2,120357750,1084.8,887.6,1102.5,649.1,998.6,930,2,998.5,1387,10,998.4,5500,18,998.3,2391,10,998.2,539,13,998.8,100,1,999.0,281,1,999.1,719,6,999.2,893,7,999.3,481,8
317,2025-11-26 10:41:20+05:30,998.7,7,995.83,3613533,356211.0,435814.0,986.2,1001.8,981.3,986.2,120357750,1084.8,887.6,1102.5,649.1,998.6,937,3,998.5,1341,9,998.4,5473,17,998.3,2252,9,998.2,719,14,998.7,89,1,998.8,100,1,999.0,281,1,999.1,639,6,999.2,1061,10
317,2025-11-26 10:41:20+05:30,998.7,7,995.83,3613533,356211.0,435814.0,986.2,1001.8,981.3,986.2,120357750,1084.8,887.6,1102.5,649.1,998.6,937,3,998.5,1341,9,998.4,5473,17,998.3,2252,9,998.2,719,14,998.7,89,1,998.8,100,1,999.0,281,1,999.1,639,6,999.2,1061,10
317,2025-11-26 10:41:21+05:30,998.7,7,995.83,3613533,356340.0,435061.0,986.2,1001.8,981.3,986.2,120357750,1084.8,887.6,1102.5,649.1,998.6,1041,5,998.5,1341,9,998.4,5473,17,998.3,2276,10,998.2,719,14,998.7,89,1,998.8,100,1,999.0,281,1,999.1,328,5,999.2,639,10
317,2025-11-26 10:41:22+05:30,998.7,6,995.83,3613539,356338.0,435097.0,986.2,1001.8,981.3,986.2,120357750,1084.8,887.6,1102.5,649.1,998.6,1041,5,998.5,1357,9,998.4,5500,18,998.3,2276,10,998.2,719,14,998.7,84,2,998.8,100,1,999.0,281,1,999.1,328,5,999.2,639,10
317,2025-11-26 10:41:22+05:30,998.7,6,995.83,3613539,356338.0,435097.0,986.2,1001.8,981.3,986.2,120357750,1084.8,887.6,1102.5,649.1,998.6,1041,5,998.5,1357,9,998.4,5500,18,998.3,2276,10,998.2,719,14,998.7,84,2,998.8,100,1,999.0,281,1,999.1,328,5,999.2,639,10
317,2025-11-26 10:41:23+05:30,998.7,6,995.83,3613539,356338.0,435096.0,986.2,1001.8,981.3,986.2,120357750,1084.8,887.6,1102.5,649.1,998.6,1041,5,998.5,1357,9,998.4,5500,18,998.3,2276,10,998.2,719,14,998.7,84,2,998.8,100,1,999.0,281,1,999.1,327,4,999.2,644,11
317,2025-11-26 10:41:23+05:30,998.7,21,995.83,3613539,356338.0,435096.0,986.2,1001.8,981.3,986.2,120357750,1084.8,887.6,1102.5,649.1,998.6,1041,5,998.5,1357,9,998.4,5500,18,998.3,2276,10,998.2,719,14,998.7,84,2,998.8,100,1,999.0,281,1,999.1,327,4,999.2,644,11
317,2025-11-26 10:41:24+05:30,998.7,5,995.83,3613565,356338.0,435085.0,986.2,1001.8,981.3,986.2,120357750,1084.8,887.6,1102.5,649.1,998.6,1038,4,998.5,1312,8,998.4,5500,18,998.3,2276,10,998.2,719,14,998.7,58,2,998.8,100,1,999.0,281,1,999.1,327,4,999.2,644,11
317,2025-11-26 10:41:24+05:30,998.7,5,995.83,3613565,356338.0,435085.0,986.2,1001.8,981.3,986.2,120357750,1084.8,887.6,1102.5,649.1,998.6,1038,4,998.5,1312,8,998.4,5500,18,998.3,2276,10,998.2,719,14,998.7,58,2,998.8,100,1,999.0,281,1,999.1,327,4,999.2,644,11
317,2025-11-26 10:41:25+05:30,998.6,166,995.83,3614481,355610.0,435668.0,986.2,1001.8,981.3,986.2,120357750,1084.8,887.6,1102.5,649.1,998.6,854,3,998.5,922,5,998.4,5577,18,998.3,2276,10,998.2,640,9,998.7,1,1,998.8,100,1,999.0,281,1,999.1,339,4,999.2,612,10
317,2025-11-26 10:41:25+05:30,999.1,68,995.83,3614481,355610.0,435668.0,986.2,1001.8,981.3,986.2,120357750,1084.8,887.6,1102.5,649.1,998.6,854,3,998.5,922,5,998.4,5577,18,998.3,2276,10,998.2,640,9,998.7,1,1,998.8,100,1,999.0,281,1,999.1,339,4,999.2,612,10
317,2025-11-26 10:41:26+05:30,999.1,68,995.83,3615231,351728.0,433489.0,986.2,1001.8,981.3,986.2,120357750,1084.8,887.6,1102.5,649.1,998.6,991,5,998.5,1451,11,998.4,4244,19,998.3,1581,13,998.2,640,9,999.0,13,1,999.1,77,3,999.2,565,8,999.3,1101,8,999.4,816,13
317,2025-11-26 10:41:26+05:30,998.6,20,995.83,3615231,351728.0,433489.0,986.2,1001.8,981.3,986.2,120357750,1084.8,887.6,1102.5,649.1,998.6,991,5,998.5,1451,11,998.4,4244,19,998.3,1581,13,998.2,640,9,999.0,13,1,999.1,77,3,999.2,565,8,999.3,1101,8,999.4,816,13
317,2025-11-26 10:41:27+05:30,999.0,9,995.83,3615364,350970.0,434878.0,986.2,1001.8,981.3,986.2,120357750,1084.8,887.6,1102.5,649.1,998.6,843,2,998.5,1047,8,998.4,3964,15,998.3,1581,13,998.2,640,9,999.0,65,2,999.1,702,6,999.2,661,9,999.3,649,9,999.4,1335,12
317,2025-11-26 10:41:27+05:30,999.0,11,995.83,3615364,350970.0,434878.0,986.2,1001.8,981.3,986.2,120357750,1084.8,887.6,1102.5,649.1,998.6,843,2,998.5,1047,8,998.4,3964,15,998.3,1581,13,998.2,640,9,999.0,65,2,999.1,702,6,999.2,661,9,999.3,649,9,999.4,1335,12
317,2025-11-26 10:41:28+05:30,999.0,11,995.83,3615627,352607.0,436268.0,986.2,1001.8,981.3,986.2,120357750,1084.8,887.6,1102.5,649.1,998.6,482,1,998.5,921,6,998.4,3522,12,998.3,1857,15,998.2,640,9,998.7,1,1,999.0,63,2,999.1,712,7,999.2,790,12,999.3,654,10
317,2025-11-26 10:41:29+05:30,998.7,1,995.83,3615628,351979.0,434801.0,986.2,1001.8,981.3,986.2,120357750,1084.8,887.6,1102.5,649.1,998.6,508,2,998.5,1031,7,998.4,5300,16,998.3,1581,13,998.2,640,9,999.0,63,2,999.1,279,5,999.2,635,8,999.3,1240,9,999.4,822,13
317,2025-11-26 10:41:29+05:30,998.7,1,995.83,3615628,351979.0,434801.0,986.2,1001.8,981.3,986.2,120357750,1084.8,887.6,1102.5,649.1,998.6,508,2,998.5,1031,7,998.4,5300,16,998.3,1581,13,998.2,640,9,999.0,63,2,999.1,279,5,999.2,635,8,999.3,1240,9,999.4,822,13
317,2025-11-26 10:41:30+05:30,998.8,1,995.83,3615629,352103.0,435316.0,986.2,1001.8,981.3,986.2,120357750,1084.8,887.6,1102.5,649.1,998.6,511,2,998.5,956,4,998.4,3548,14,998.3,1752,9,998.2,719,14,998.8,95,1,999.0,74,4,999.1,374,7,999.2,747,9,999.3,646,8
317,2025-11-26 10:41:30+05:30,998.8,1,995.83,3615629,352103.0,435316.0,986.2,1001.8,981.3,986.2,120357750,1084.8,887.6,1102.5,649.1,998.6,511,2,998.5,956,4,998.4,3548,14,998.3,1752,9,998.2,719,14,998.8,95,1,999.0,74,4,999.1,374,7,999.2,747,9,999.3,646,8
317,2025-11-26 10:41:31+05:30,998.6,8,995.83,3615645,353809.0,435275.0,986.2,1001.8,981.3,986.2,120357750,1084.8,887.6,1102.5,649.1,998.6,503,2,998.5,1196,6,998.4,5498,19,998.3,1502,8,998.2,719,14,998.8,87,1,999.0,74,4,999.1,374,7,999.2,747,9,999.3,651,9
317,2025-11-26 10:41:31+05:30,998.6,8,995.83,3615645,353809.0,435275.0,986.2,1001.8,981.3,986.2,120357750,1084.8,887.6,1102.5,649.1,998.6,503,2,998.5,1196,6,998.4,5498,19,998.3,1502,8,998.2,719,14,998.8,87,1,999.0,74,4,999.1,374,7,999.2,747,9,999.3,651,9
317,2025-11-26 10:41:32+05:30,998.6,8,995.83,3615645,353735.0,435303.0,986.2,1001.8,981.3,986.2,120357750,1084.8,887.6,1102.5,649.1,998.6,503,2,998.5,1196,6,998.4,5498,19,998.3,1502,8,998.2,719,14,998.8,87,1,999.0,74,4,999.1,374,7,999.2,747,9,999.3,651,9
317,2025-11-26 10:41:32+05:30,998.8,6,995.83,3615645,353735.0,435303.0,986.2,1001.8,981.3,986.2,120357750,1084.8,887.6,1102.5,649.1,998.6,503,2,998.5,1196,6,998.4,5498,19,998.3,1502,8,998.2,719,14,998.8,87,1,999.0,74,4,999.1,374,7,999.2,747,9,999.3,651,9
317,2025-11-26 10:41:33+05:30,998.8,6,995.83,3615651,354167.0,435246.0,986.2,1001.8,981.3,986.2,120357750,1084.8,887.6,1102.5,649.1,998.6,503,2,998.5,1396,8,998.4,5498,19,998.3,1502,8,998.2,719,14,998.8,81,1,999.0,74,4,999.1,374,7,999.2,747,9,999.3,646,8
317,2025-11-26 10:41:34+05:30,998.8,5,995.83,3615656,354374.0,435163.0,986.2,1001.8,981.3,986.2,120357750,1084.8,887.6,1102.5,649.1,998.7,112,1,998.6,503,2,998.5,1490,10,998.4,5498,19,998.3,1502,8,998.8,76,1,999.0,74,4,999.1,374,7,999.2,747,9,999.3,646,8
317,2025-11-26 10:41:34+05:30,998.7,20,995.83,3615656,354374.0,435163.0,986.2,1001.8,981.3,986.2,120357750,1084.8,887.6,1102.5,649.1,998.7,112,1,998.6,503,2,998.5,1490,10,998.4,5498,19,998.3,1502,8,998.8,76,1,999.0,74,4,999.1,374,7,999.2,747,9,999.3,646,8
317,2025-11-26 10:41:35+05:30,998.7,8,995.83,3615798,354946.0,435568.0,986.2,1001.8,981.3,986.2,120357750,1084.8,887.6,1102.5,649.1,998.6,576,3,998.5,1205,7,998.4,5559,19,998.3,1500,8,998.2,647,9,998.7,66,1,999.0,174,5,999.1,289,6,999.2,746,10,999.3,646,8
317,2025-11-26 10:41:35+05:30,998.6,1,995.83,3615798,354946.0,435568.0,986.2,1001.8,981.3,986.2,120357750,1084.8,887.6,1102.5,649.1,998.6,576,3,998.5,1205,7,998.4,5559,19,998.3,1500,8,998.2,647,9,998.7,66,1,999.0,174,5,999.1,289,6,999.2,746,10,999.3,646,8
317,2025-11-26 10:41:36+05:30,998.7,4,995.83,3615803,355231.0,435662.0,986.2,1001.8,981.3,986.2,120357750,1084.8,887.6,1102.5,649.1,998.6,575,3,998.5,1205,7,998.4,5559,19,998.3,1521,9,998.2,647,9,998.7,62,1,999.0,174,5,999.1,289,6,999.2,746,10,999.3,646,8
317,2025-11-26 10:41:36+05:30,998.7,10,995.83,3615803,355231.0,435662.0,986.2,1001.8,981.3,986.2,120357750,1084.8,887.6,1102.5,649.1,998.6,575,3,998.5,1205,7,998.4,5559,19,998.3,1521,9,998.2,647,9,998.7,62,1,999.0,174,5,999.1,289,6,999.2,746,10,999.3,646,8
317,2025-11-26 10:41:37+05:30,998.7,10,995.83,3615813,355474.0,435662.0,986.2,1001.8,981.3,986.2,120357750,1084.8,887.6,1102.5,649.1,998.6,575,3,998.5,1205,7,998.4,5559,19,998.3,1521,9,998.2,647,9,998.7,52,1,999.0,174,5,999.1,288,5,999.2,746,10,999.3,647,9
317,2025-11-26 10:41:38+05:30,998.7,4,995.83,3615813,355474.0,435662.0,986.2,1001.8,981.3,986.2,120357750,1084.8,887.6,1102.5,649.1,998.6,575,3,998.5,1205,7,998.4,5559,19,998.3,1521,9,998.2,647,9,998.7,52,1,999.0,174,5,999.1,288,5,999.2,746,10,999.3,647,9
317,2025-11-26 10:41:38+05:30,998.7,4,995.83,3615817,355390.0,435738.0,986.2,1001.8,981.3,986.2,120357750,1084.8,887.6,1102.5,649.1,998.6,575,3,998.5,1333,9,998.4,5559,19,998.3,1521,9,998.2,647,9,998.7,48,1,999.0,174,5,999.1,288,5,999.2,746,10,999.3,647,9
317,2025-11-26 10:41:39+05:30,998.7,3,995.83,3615820,355597.0,435699.0,986.2,1001.8,981.3,986.2,120357750,1084.8,887.6,1102.5,649.1,998.6,772,5,998.5,1333,9,998.4,5559,19,998.3,1521,9,998.2,647,9,998.7,45,1,999.0,174,5,999.1,288,5,999.2,741,9,999.3,647,9
317,2025-11-26 10:41:39+05:30,998.7,1,995.83,3615820,355597.0,435699.0,986.2,1001.8,981.3,986.2,120357750,1084.8,887.6,1102.5,649.1,998.6,772,5,998.5,1333,9,998.4,5559,19,998.3,1521,9,998.2,647,9,998.7,45,1,999.0,174,5,999.1,288,5,999.2,741,9,999.3,647,9
317,2025-11-26 10:41:40+05:30,998.6,96,995.83,3616944,352421.0,437054.0,986.2,1001.8,981.3,986.2,120357750,1084.8,887.6,1102.5,649.1,998.5,200,2,998.4,591,6,998.3,1567,9,998.2,1586,10,998.1,3669,14,998.6,96,1,998.8,2,1,998.9,382,2,999.0,447,8,999.1,566,13
317,2025-11-26 10:41:40+05:30,998.6,96,995.83,3616944,352421.0,437054.0,986.2,1001.8,981.3,986.2,120357750,1084.8,887.6,1102.5,649.1,998.5,200,2,998.4,591,6,998.3,1567,9,998.2,1586,10,998.1,3669,14,998.6,96,1,998.8,2,1,998.9,382,2,999.0,447,8,999.1,566,13
317,2025-11-26 10:41:41+05:30,998.4,108,995.83,3616944,352421.0,437054.0,986.2,1001.8,981.3,986.2,120357750,1084.8,887.6,1102.5,649.1,998.5,200,2,998.4,591,6,998.3,1567,9,998.2,1586,10,998.1,3669,14,998.6,96,1,998.8,2,1,998.9,382,2,999.0,447,8,999.1,566,13
317,2025-11-26 10:41:41+05:30,998.4,108,995.83,3617487,352482.0,437377.0,986.2,1001.8,981.3,986.2,120357750,1084.8,887.6,1102.5,649.1,998.4,204,5,998.3,1147,5,998.2,1557,11,998.1,4623,17,998.0,3553,40,998.6,96,1,998.8,2,1,998.9,382,2,999.0,437,7,999.1,592,15
317,2025-11-26 10:41:42+05:30,998.4,1,995.83,3617488,353015.0,437552.0,986.2,1001.8,981.3,986.2,120357750,1084.8,887.6,1102.5,649.1,998.4,78,3,998.3,1322,7,998.2,1639,12,998.1,4806,18,998.0,3719,41,998.6,96,1,998.8,2,1,998.9,382,2,999.0,437,7,999.1,694,16
317,2025-11-26 10:41:43+05:30,998.6,89,995.83,3617488,353015.0,437552.0,986.2,1001.8,981.3,986.2,120357750,1084.8,887.6,1102.5,649.1,998.4,78,3,998.3,1322,7,998.2,1639,12,998.1,4806,18,998.0,3719,41,998.6,96,1,998.8,2,1,998.9,382,2,999.0,437,7,999.1,694,16
317,2025-11-26 10:41:43+05:30,998.6,89,995.83,3617584,353317.0,436881.0,986.2,1001.8,981.3,986.2,120357750,1084.8,887.6,1102.5,649.1,998.4,122,4,998.3,1774,10,998.2,1367,10,998.1,4806,18,998.0,3674,40,998.6,96,1,998.8,2,1,998.9,383,3,999.0,433,6,999.1,592,15
317,2025-11-26 10:41:44+05:30,998.9,3,995.83,3617584,353317.0,436881.0,986.2,1001.8,981.3,986.2,120357750,1084.8,887.6,1102.5,649.1,998.4,122,4,998.3,1774,10,998.2,1367,10,998.1,4806,18,998.0,3674,40,998.6,96,1,998.8,2,1,998.9,383,3,999.0,433,6,999.1,592,15
317,2025-11-26 10:41:44+05:30,998.9,3,995.83,3618637,351416.0,435762.0,986.2,1001.8,981.3,986.2,120357750,1084.8,887.6,1102.5,649.1,998.5,52,1,998.4,578,10,998.3,2210,12,998.2,1347,10,998.1,3336,17,998.9,84,1,999.0,246,3,999.1,619,14,999.2,864,11,999.3,668,7
317,2025-11-26 10:41:45+05:30,998.5,97,995.83,3618637,351416.0,435762.0,986.2,1001.8,981.3,986.2,120357750,1084.8,887.6,1102.5,649.1,998.5,52,1,998.4,578,10,998.3,2210,12,998.2,1347,10,998.1,3336,17,998.9,84,1,999.0,246,3,999.1,619,14,999.2,864,11,999.3,668,7
317,2025-11-26 10:41:46+05:30,998.5,97,995.83,3618786,350981.0,436554.0,986.2,1001.8,981.3,986.2,120357750,1084.8,887.6,1102.5,649.1,998.5,60,2,998.4,596,9,998.3,1821,11,998.2,1347,10,998.1,3402,21,998.9,114,2,999.0,436,4,999.1,664,11,999.2,768,13,999.3,889,15
317,2025-11-26 10:41:46+05:30,998.9,9,995.83,3618786,350981.0,436554.0,986.2,1001.8,981.3,986.2,120357750,1084.8,887.6,1102.5,649.1,998.5,60,2,998.4,596,9,998.3,1821,11,998.2,1347,10,998.1,3402,21,998.9,114,2,999.0,436,4,999.1,664,11,999.2,768,13,999.3,889,15
317,2025-11-26 10:41:47+05:30,998.9,9,995.83,3618795,351375.0,434433.0,986.2,1001.8,981.3,986.2,120357750,1084.8,887.6,1102.5,649.1,998.6,9,1,998.5,571,6,998.4,1902,15,998.3,1456,9,998.2,1505,12,999.0,115,2,999.1,284,5,999.2,619,8,999.3,817,13,999.4,1189,15
317,2025-11-26 10:41:47+05:30,999.0,50,995.83,3618795,351375.0,434433.0,986.2,1001.8,981.3,986.2,120357750,1084.8,887.6,1102.5,649.1,998.6,9,1,998.5,571,6,998.4,1902,15,998.3,1456,9,998.2,1505,12,999.0,115,2,999.1,284,5,999.2,619,8,999.3,817,13,999.4,1189,15
317,2025-11-26 10:41:48+05:30,999.0,50,995.83,3618845,351107.0,436045.0,986.2,1001.8,981.3,986.2,120357750,1084.8,887.6,1102.5,649.1,998.6,9,1,998.5,615,7,998.4,1722,15,998.3,1706,10,998.2,1316,12,999.0,69,3,999.1,849,7,999.2,577,7,999.3,817,13,999.4,1159,12
317,2025-11-26 10:41:48+05:30,999.0,8,995.83,3618845,351107.0,436045.0,986.2,1001.8,981.3,986.2,120357750,1084.8,887.6,1102.5,649.1,998.6,9,1,998.5,615,7,998.4,1722,15,998.3,1706,10,998.2,1316,12,999.0,69,3,999.1,849,7,999.2,577,7,999.3,817,13,999.4,1159,12
317,2025-11-26 10:41:49+05:30,999.0,8,995.83,3618853,351026.0,435799.0,986.2,1001.8,981.3,986.2,120357750,1084.8,887.6,1102.5,649.1,998.6,141,4,998.5,837,9,998.4,1900,15,998.3,1597,8,998.2,1234,11,999.0,33,2,999.1,827,6,999.2,625,8,999.3,734,12,999.4,1163,13
317,2025-11-26 10:41:50+05:30,998.8,96,995.84,3619801,352025.0,435198.0,986.2,1001.8,981.3,986.2,120357750,1084.8,887.6,1102.5,649.1,998.6,3,1,998.5,624,7,998.4,2392,20,998.3,2871,10,998.2,2056,13,998.8,11,1,999.0,402,3,999.1,359,4,999.2,631,7,999.3,656,7
317,2025-11-26 10:41:50+05:30,998.8,96,995.84,3619801,352025.0,435198.0,986.2,1001.8,981.3,986.2,120357750,1084.8,887.6,1102.5,649.1,998.6,3,1,998.5,624,7,998.4,2392,20,998.3,2871,10,998.2,2056,13,998.8,11,1,999.0,402,3,999.1,359,4,999.2,631,7,999.3,656,7
317,2025-11-26 10:41:51+05:30,998.5,16,995.84,3619953,351097.0,436855.0,986.2,1001.8,981.3,986.2,120357750,1084.8,887.6,1102.5,649.1,998.4,1518,11,998.3,3113,10,998.2,2228,12,998.1,2046,17,998.0,2631,34,998.8,8,1,998.9,232,2,999.0,587,5,999.1,1281,11,999.2,720,11
317,2025-11-26 10:41:51+05:30,998.5,16,995.84,3619953,351097.0,436855.0,986.2,1001.8,981.3,986.2,120357750,1084.8,887.6,1102.5,649.1,998.4,1518,11,998.3,3113,10,998.2,2228,12,998.1,2046,17,998.0,2631,34,998.8,8,1,998.9,232,2,999.0,587,5,999.1,1281,11,999.2,720,11
317,2025-11-26 10:41:52+05:30,999.0,265,995.84,3620253,349683.0,436003.0,986.2,1001.8,981.3,986.2,120357750,1084.8,887.6,1102.5,649.1,998.5,165,4,998.4,1761,15,998.3,3161,11,998.2,1228,10,998.1,1866,16,999.0,114,2,999.1,1161,7,999.2,639,7,999.3,871,14,999.4,1280,13
317,2025-11-26 10:41:52+05:30,999.0,265,995.84,3620253,349683.0,436003.0,986.2,1001.8,981.3,986.2,120357750,1084.8,887.6,1102.5,649.1,998.5,165,4,998.4,1761,15,998.3,3161,11,998.2,1228,10,998.1,1866,16,999.0,114,2,999.1,1161,7,999.2,639,7,999.3,871,14,999.4,1280,13
317,2025-11-26 10:41:53+05:30,998.6,17,995.84,3620402,349794.0,435850.0,986.2,1001.8,981.3,986.2,120357750,1084.8,887.6,1102.5,649.1,998.6,32,1,998.5,1290,10,998.4,1703,16,998.3,2880,12,998.2,1352,8,999.0,121,3,999.1,539,5,999.2,476,5,999.3,747,9,999.4,1265,14
317,2025-11-26 10:41:53+05:30,999.0,8,995.84,3620402,349794.0,435850.0,986.2,1001.8,981.3,986.2,120357750,1084.8,887.6,1102.5,649.1,998.6,32,1,998.5,1290,10,998.4,1703,16,998.3,2880,12,998.2,1352,8,999.0,121,3,999.1,539,5,999.2,476,5,999.3,747,9,999.4,1265,14
317,2025-11-26 10:41:54+05:30,999.1,217,995.84,3621160,350251.0,432880.0,986.2,1001.8,981.3,986.2,120357750,1084.8,887.6,1102.5,649.1,998.7,112,1,998.6,548,6,998.5,1290,10,998.4,2058,14,998.3,2928,15,999.0,14,2,999.1,41,2,999.2,142,3,999.3,1129,7,999.4,771,14
317,2025-11-26 10:41:54+05:30,999.1,217,995.84,3621160,350251.0,432880.0,986.2,1001.8,981.3,986.2,120357750,1084.8,887.6,1102.5,649.1,998.7,112,1,998.6,548,6,998.5,1290,10,998.4,2058,14,998.3,2928,15,999.0,14,2,999.1,41,2,999.2,142,3,999.3,1129,7,999.4,771,14
317,2025-11-26 10:41:55+05:30,998.9,27,995.84,3621160,350251.0,432880.0,986.2,1001.8,981.3,986.2,120357750,1084.8,887.6,1102.5,649.1,998.7,112,1,998.6,548,6,998.5,1290,10,998.4,2058,14,998.3,2928,15,999.0,14,2,999.1,41,2,999.2,142,3,999.3,1129,7,999.4,771,14
317,2025-11-26 10:41:55+05:30,998.9,27,995.84,3622007,355669.0,432805.0,986.2,1001.8,981.3,986.2,120357750,1084.8,887.6,1102.5,649.1,999.0,112,1,998.9,81,1,998.8,111,1,998.7,1085,4,998.6,1208,9,999.3,200,2,999.4,573,7,999.5,895,12,999.6,1057,18,999.7,1561,14
317,2025-11-26 10:41:56+05:30,999.0,20,995.84,3622007,355669.0,432805.0,986.2,1001.8,981.3,986.2,120357750,1084.8,887.6,1102.5,649.1,999.0,112,1,998.9,81,1,998.8,111,1,998.7,1085,4,998.6,1208,9,999.3,200,2,999.4,573,7,999.5,895,12,999.6,1057,18,999.7,1561,14
317,2025-11-26 10:41:56+05:30,999.0,20,995.84,3622156,357794.0,431130.0,986.2,1001.8,981.3,986.2,120357750,1084.8,887.6,1102.5,649.1,998.9,342,3,998.8,1591,10,998.7,3022,10,998.6,1328,16,998.5,1584,10,999.4,97,2,999.5,293,6,999.6,648,9,999.7,888,11,999.8,1168,15
317,2025-11-26 10:41:57+05:30,999.4,1,995.84,3622156,357794.0,431130.0,986.2,1001.8,981.3,986.2,120357750,1084.8,887.6,1102.5,649.1,998.9,342,3,998.8,1591,10,998.7,3022,10,998.6,1328,16,998.5,1584,10,999.4,97,2,999.5,293,6,999.6,648,9,999.7,888,11,999.8,1168,15
317,2025-11-26 10:41:57+05:30,999.4,1,995.84,3623721,359392.0,430179.0,986.2,1001.8,981.3,986.2,120357750,1084.8,887.6,1102.5,649.1,999.4,109,1,999.1,384,3,999.0,1331,12,998.9,1478,9,998.8,2688,17,999.5,186,3,999.6,114,2,999.7,574,5,999.8,838,12,999.9,1197,12
317,2025-11-26 10:41:58+05:30,999.0,3,995.84,3623721,359392.0,430179.0,986.2,1001.8,981.3,986.2,120357750,1084.8,887.6,1102.5,649.1,999.4,109,1,999.1,384,3,999.0,1331,12,998.9,1478,9,998.8,2688,17,999.5,186,3,999.6,114,2,999.7,574,5,999.8,838,12,999.9,1197,12
317,2025-11-26 10:41:59+05:30,999.5,12,995.84,3624229,359979.0,430493.0,986.2,1001.8,981.3,986.2,120357750,1084.8,887.6,1102.5,649.1,999.0,153,4,998.9,1168,7,998.8,1416,10,998.7,3240,14,998.6,1473,12,999.5,174,3,999.6,343,5,999.7,797,8,999.8,889,13,999.9,1311,17
317,2025-11-26 10:41:59+05:30,999.0,1,995.84,3624229,359979.0,430493.0,986.2,1001.8,981.3,986.2,120357750,1084.8,887.6,1102.5,649.1,999.0,153,4,998.9,1168,7,998.8,1416,10,998.7,3240,14,998.6,1473,12,999.5,174,3,999.6,343,5,999.7,797,8,999.8,889,13,999.9,1311,17
317,2025-11-26 10:42:00+05:30,999.2,12,995.84,3625214,362135.0,428892.0,986.2,1001.8,981.3,986.2,120357750,1084.8,887.6,1102.5,649.1,999.4,738,1,999.1,3,2,999.0,793,4,998.9,672,6,998.8,2622,16,999.5,144,3,999.6,183,3,999.7,456,6,999.8,587,9,999.9,1182,11
317,2025-11-26 10:42:00+05:30,999.5,11,995.84,3625214,362135.0,428892.0,986.2,1001.8,981.3,986.2,120357750,1084.8,887.6,1102.5,649.1,999.4,738,1,999.1,3,2,999.0,793,4,998.9,672,6,998.8,2622,16,999.5,144,3,999.6,183,3,999.7,456,6,999.8,587,9,999.9,1182,11
317,2025-11-26 10:42:01+05:30,999.4,1,995.84,3625234,360132.0,430087.0,986.2,1001.8,981.3,986.2,120357750,1084.8,887.6,1102.5,649.1,999.4,742,2,999.1,315,5,999.0,1816,8,998.9,2403,11,998.8,2730,19,999.5,133,3,999.6,632,3,999.7,636,8,999.8,862,13,999.9,1140,12
317,2025-11-26 10:42:01+05:30,999.5,5,995.84,3625234,360132.0,430087.0,986.2,1001.8,981.3,986.2,120357750,1084.8,887.6,1102.5,649.1,999.4,742,2,999.1,315,5,999.0,1816,8,998.9,2403,11,998.8,2730,19,999.5,133,3,999.6,632,3,999.7,636,8,999.8,862,13,999.9,1140,12
317,2025-11-26 10:42:02+05:30,999.5,5,995.84,3625388,359408.0,429628.0,986.2,1001.8,981.3,986.2,120357750,1084.8,887.6,1102.5,649.1,999.4,593,2,999.1,292,3,999.0,1164,7,998.9,2935,11,998.8,2751,19,999.5,128,3,999.6,623,3,999.7,618,7,999.8,825,15,999.9,1145,12
317,2025-11-26 10:42:02+05:30,999.5,10,995.84,3625388,359408.0,429628.0,986.2,1001.8,981.3,986.2,120357750,1084.8,887.6,1102.5,649.1,999.4,593,2,999.1,292,3,999.0,1164,7,998.9,2935,11,998.8,2751,19,999.5,128,3,999.6,623,3,999.7,618,7,999.8,825,15,999.9,1145,12
317,2025-11-26 10:42:03+05:30,999.5,10,995.84,3625398,359312.0,430078.0,986.2,1001.8,981.3,986.2,120357750,1084.8,887.6,1102.5,649.1,999.4,593,2,999.1,292,3,999.0,1164,7,998.9,2995,12,998.8,2555,16,999.5,122,4,999.6,471,1,999.7,1228,8,999.8,791,13,999.9,904,11
317,2025-11-26 10:42:04+05:30,999.5,9,995.84,3625408,360788.0,429992.0,986.2,1001.8,981.3,986.2,120357750,1084.8,887.6,1102.5,649.1,999.4,593,2,999.1,1043,5,999.0,461,7,998.9,4621,17,998.8,1679,12,999.5,112,4,999.6,471,1,999.7,608,6,999.8,706,12,999.9,1227,11
317,2025-11-26 10:42:04+05:30,999.5,9,995.84,3625408,360788.0,429992.0,986.2,1001.8,981.3,986.2,120357750,1084.8,887.6,1102.5,649.1,999.4,593,2,999.1,1043,5,999.0,461,7,998.9,4621,17,998.8,1679,12,999.5,112,4,999.6,471,1,999.7,608,6,999.8,706,12,999.9,1227,11
317,2025-11-26 10:42:05+05:30,999.5,9,995.84,3625408,360791.0,430187.0,986.2,1001.8,981.3,986.2,120357750,1084.8,887.6,1102.5,649.1,999.4,596,3,999.1,1043,5,999.0,1118,8,998.9,3964,16,998.8,1679,12,999.5,506,5,999.6,223,1,999.7,633,6,999.8,728,13,999.9,1227,11
317,2025-11-26 10:42:05+05:30,999.5,73,995.84,3625408,360791.0,430187.0,986.2,1001.8,981.3,986.2,120357750,1084.8,887.6,1102.5,649.1,999.4,596,3,999.1,1043,5,999.0,1118,8,998.9,3964,16,998.8,1679,12,999.5,506,5,999.6,223,1,999.7,633,6,999.8,728,13,999.9,1227,11
317,2025-11-26 10:42:06+05:30,999.5,7,995.84,3625995,355407.0,429949.0,986.2,1001.8,981.3,986.2,120357750,1084.8,887.6,1102.5,649.1,999.4,16,2,999.2,51,2,999.1,1168,6,999.0,1118,8,998.9,3964,16,999.5,314,2,999.6,223,1,999.7,586,5,999.8,728,13,999.9,1158,11
317,2025-11-26 10:42:06+05:30,999.1,61,995.84,3625995,355407.0,429949.0,986.2,1001.8,981.3,986.2,120357750,1084.8,887.6,1102.5,649.1,999.4,16,2,999.2,51,2,999.1,1168,6,999.0,1118,8,998.9,3964,16,999.5,314,2,999.6,223,1,999.7,586,5,999.8,728,13,999.9,1158,11
317,2025-11-26 10:42:07+05:30,999.1,61,995.84,3626144,355426.0,430545.0,986.2,1001.8,981.3,986.2,120357750,1084.8,887.6,1102.5,649.1,999.1,865,3,999.0,1254,7,998.9,3736,16,998.8,2131,14,998.7,936,10,999.5,341,3,999.6,223,1,999.7,1212,11,999.8,835,14,999.9,1086,15
317,2025-11-26 10:42:07+05:30,999.5,7,995.84,3626144,355426.0,430545.0,986.2,1001.8,981.3,986.2,120357750,1084.8,887.6,1102.5,649.1,999.1,865,3,999.0,1254,7,998.9,3736,16,998.8,2131,14,998.7,936,10,999.5,341,3,999.6,223,1,999.7,1212,11,999.8,835,14,999.9,1086,15
317,2025-11-26 10:42:08+05:30,999.5,7,995.84,3626151,355320.0,430576.0,986.2,1001.8,981.3,986.2,120357750,1084.8,887.6,1102.5,649.1,999.1,865,3,999.0,1254,7,998.9,3736,16,998.8,2131,14,998.7,936,10,999.5,360,4,999.6,906,3,999.7,708,9,999.8,841,15,999.9,836,14
317,2025-11-26 10:42:09+05:30,999.5,7,995.84,3626151,355560.0,430801.0,986.2,1001.8,981.3,986.2,120357750,1084.8,887.6,1102.5,649.1,999.3,29,1,999.1,863,2,999.0,1225,6,998.9,3716,16,998.8,2121,14,999.5,360,4,999.6,950,5,999.7,736,10,999.8,819,14,999.9,816,13
317,2025-11-26 10:42:09+05:30,999.5,16,995.84,3626151,355560.0,430801.0,986.2,1001.8,981.3,986.2,120357750,1084.8,887.6,1102.5,649.1,999.3,29,1,999.1,863,2,999.0,1225,6,998.9,3716,16,998.8,2121,14,999.5,360,4,999.6,950,5,999.7,736,10,999.8,819,14,999.9,816,13
317,2025-11-26 10:42:10+05:30,999.5,2,995.84,3626547,356113.0,428305.0,986.2,1001.8,981.3,986.2,120357750,1084.8,887.6,1102.5,649.1,999.5,361,2,999.3,29,1,999.2,1050,5,999.1,1368,8,999.0,2038,13,999.6,223,1,999.7,100,1,999.8,507,9,999.9,1288,13,1000.0,2337,27
317,2025-11-26 10:42:10+05:30,999.5,1,995.84,3626547,356113.0,428305.0,986.2,1001.8,981.3,986.2,120357750,1084.8,887.6,1102.5,649.1,999.5,361,2,999.3,29,1,999.2,1050,5,999.1,1368,8,999.0,2038,13,999.6,223,1,999.7,100,1,999.8,507,9,999.9,1288,13,1000.0,2337,27
317,2025-11-26 10:42:11+05:30,999.4,5,995.84,3626913,358952.0,428632.0,986.2,1001.8,981.3,986.2,120357750,1084.8,887.6,1102.5,649.1,999.3,29,1,999.2,1042,4,999.1,1178,5,999.0,3908,16,998.9,3030,12,999.4,90,1,999.6,223,1,999.7,959,4,999.8,737,14,999.9,663,11
317,2025-11-26 10:42:11+05:30,999.4,5,995.84,3626913,358952.0,428632.0,986.2,1001.8,981.3,986.2,120357750,1084.8,887.6,1102.5,649.1,999.3,29,1,999.2,1042,4,999.1,1178,5,999.0,3908,16,998.9,3030,12,999.4,90,1,999.6,223,1,999.7,959,4,999.8,737,14,999.9,663,11
317,2025-11-26 10:42:12+05:30,999.4,5,995.84,3626913,359096.0,428563.0,986.2,1001.8,981.3,986.2,120357750,1084.8,887.6,1102.5,649.1,999.3,29,1,999.2,1042,4,999.1,1178,5,999.0,3946,17,998.9,3030,12,999.4,90,1,999.6,223,1,999.7,419,4,999.8,737,14,999.9,1183,13
317,2025-11-26 10:42:12+05:30,999.3,21,995.84,3626913,359096.0,428563.0,986.2,1001.8,981.3,986.2,120357750,1084.8,887.6,1102.5,649.1,999.3,29,1,999.2,1042,4,999.1,1178,5,999.0,3946,17,998.9,3030,12,999.4,90,1,999.6,223,1,999.7,419,4,999.8,737,14,999.9,1183,13
317,2025-11-26 10:42:13+05:30,999.3,5,995.84,3627088,359079.0,429432.0,986.2,1001.8,981.3,986.2,120357750,1084.8,887.6,1102.5,649.1,999.3,3,1,999.2,752,2,999.1,1158,4,999.0,3669,16,998.9,3030,12,999.4,90,1,999.6,223,1,999.7,699,9,999.8,742,15,999.9,1300,15
317,2025-11-26 10:42:13+05:30,999.4,110,995.84,3627088,359079.0,429432.0,986.2,1001.8,981.3,986.2,120357750,1084.8,887.6,1102.5,649.1,999.3,3,1,999.2,752,2,999.1,1158,4,999.0,3669,16,998.9,3030,12,999.4,90,1,999.6,223,1,999.7,699,9,999.8,742,15,999.9,1300,15
317,2025-11-26 10:42:14+05:30,999.4,110,995.84,3627198,359175.0,429243.0,986.2,1001.8,981.3,986.2,120357750,1084.8,887.6,1102.5,649.1,999.2,930,3,999.1,1178,5,999.0,3774,18,998.9,3280,13,998.8,919,10,999.4,96,1,999.6,223,1,999.7,653,7,999.8,762,16,999.9,1328,16
317,2025-11-26 10:42:15+05:30,999.3,112,995.84,3627312,359617.0,429763.0,986.2,1001.8,981.3,986.2,120357750,1084.8,887.6,1102.5,649.1,999.2,763,2,999.1,1178,5,999.0,3649,15,998.9,3230,11,998.8,1109,13,999.3,96,1,999.6,269,2,999.7,1213,8,999.8,653,15,999.9,820,15
317,2025-11-26 10:42:15+05:30,999.6,118,995.84,3627312,359617.0,429763.0,986.2,1001.8,981.3,986.2,120357750,1084.8,887.6,1102.5,649.1,999.2,763,2,999.1,1178,5,999.0,3649,15,998.9,3230,11,998.8,1109,13,999.3,96,1,999.6,269,2,999.7,1213,8,999.8,653,15,999.9,820,15
317,2025-11-26 10:42:16+05:30,999.7,186,995.84,3628813,355166.0,427019.0,986.2,1001.8,981.3,986.2,120357750,1084.8,887.6,1102.5,649.1,999.3,10,1,999.2,940,3,999.1,1292,7,999.0,2258,15,998.9,3366,14,999.6,12,1,999.7,428,4,999.8,1015,13,999.9,564,12,1000.0,2474,25
317,2025-11-26 10:42:16+05:30,999.7,186,995.84,3628813,355166.0,427019.0,986.2,1001.8,981.3,986.2,120357750,1084.8,887.6,1102.5,649.1,999.3,10,1,999.2,940,3,999.1,1292,7,999.0,2258,15,998.9,3366,14,999.6,12,1,999.7,428,4,999.8,1015,13,999.9,564,12,1000.0,2474,25
317,2025-11-26 10:42:17+05:30,999.7,292,995.84,3629563,355161.0,427427.0,986.2,1001.8,981.3,986.2,120357750,1084.8,887.6,1102.5,649.1,999.3,6,1,999.2,927,2,999.1,1292,7,999.0,2555,17,998.9,3164,14,999.6,1,1,999.7,101,2,999.8,297,9,999.9,1121,12,1000.0,2371,23
317,2025-11-26 10:42:17+05:30,999.2,441,995.84,3629563,355161.0,427427.0,986.2,1001.8,981.3,986.2,120357750,1084.8,887.6,1102.5,649.1,999.3,6,1,999.2,927,2,999.1,1292,7,999.0,2555,17,998.9,3164,14,999.6,1,1,999.7,101,2,999.8,297,9,999.9,1121,12,1000.0,2371,23
317,2025-11-26 10:42:18+05:30,999.3,1,995.84,3630011,355645.0,430385.0,986.2,1001.8,981.3,986.2,120357750,1084.8,887.6,1102.5,649.1,999.3,3,1,999.2,308,1,999.1,1160,5,999.0,2265,16,998.9,3116,13,999.6,410,5,999.7,1184,11,999.8,1000,18,999.9,711,13,1000.0,2992,34
317,2025-11-26 10:42:18+05:30,999.6,10,995.84,3630011,355645.0,430385.0,986.2,1001.8,981.3,986.2,120357750,1084.8,887.6,1102.5,649.1,999.3,3,1,999.2,308,1,999.1,1160,5,999.0,2265,16,998.9,3116,13,999.6,410,5,999.7,1184,11,999.8,1000,18,999.9,711,13,1000.0,2992,34
317,2025-11-26 10:42:19+05:30,999.2,129,995.85,3630154,355365.0,430075.0,986.2,1001.8,981.3,986.2,120357750,1084.8,887.6,1102.5,649.1,999.2,179,1,999.1,1160,5,999.0,2207,14,998.9,3098,13,998.8,1067,11,999.6,973,10,999.7,577,10,999.8,876,16,999.9,688,11,1000.0,2982,33
317,2025-11-26 10:42:19+05:30,999.2,129,995.85,3630154,355365.0,430075.0,986.2,1001.8,981.3,986.2,120357750,1084.8,887.6,1102.5,649.1,999.2,179,1,999.1,1160,5,999.0,2207,14,998.9,3098,13,998.8,1067,11,999.6,973,10,999.7,577,10,999.8,876,16,999.9,688,11,1000.0,2982,33
317,2025-11-26 10:42:20+05:30,999.2,129,995.85,3630154,356911.0,430903.0,986.2,1001.8,981.3,986.2,120357750,1084.8,887.6,1102.5,649.1,999.2,185,3,999.1,1180,6,999.0,2111,12,998.9,3050,11,998.8,1294,12,999.4,96,1,999.6,870,7,999.7,577,10,999.8,921,19,999.9,732,13
317,2025-11-26 10:42:21+05:30,999.7,307,995.85,3631655,358571.0,428497.0,986.2,1001.8,981.3,986.2,120357750,1084.8,887.6,1102.5,649.1,999.3,87,1,999.2,311,5,999.1,1527,7,999.0,2940,16,998.9,3282,12,999.7,618,3,999.8,384,13,999.9,696,12,1000.0,2872,28,1000.1,1737,15
317,2025-11-26 10:42:21+05:30,999.7,307,995.85,3631655,358571.0,428497.0,986.2,1001.8,981.3,986.2,120357750,1084.8,887.6,1102.5,649.1,999.3,87,1,999.2,311,5,999.1,1527,7,999.0,2940,16,998.9,3282,12,999.7,618,3,999.8,384,13,999.9,696,12,1000.0,2872,28,1000.1,1737,15
317,2025-11-26 10:42:22+05:30,999.1,12,995.85,3632925,360982.0,430437.0,986.2,1001.8,981.3,986.2,120357750,1084.8,887.6,1102.5,649.1,999.2,837,2,999.1,875,3,999.0,2072,9,998.9,2875,9,998.8,1112,10,999.6,188,4,999.7,1087,9,999.8,1020,18,999.9,827,14,1000.0,3000,35
317,2025-11-26 10:42:22+05:30,999.1,12,995.85,3632925,360982.0,430437.0,986.2,1001.8,981.3,986.2,120357750,1084.8,887.6,1102.5,649.1,999.2,837,2,999.1,875,3,999.0,2072,9,998.9,2875,9,998.8,1112,10,999.6,188,4,999.7,1087,9,999.8,1020,18,999.9,827,14,1000.0,3000,35
317,2025-11-26 10:42:23+05:30,999.6,504,995.85,3633676,356675.0,429400.0,986.2,1001.8,981.3,986.2,120357750,1084.8,887.6,1102.5,649.1,999.3,5,1,999.2,1329,3,999.1,1148,4,999.0,1535,16,998.9,2943,11,999.7,144,3,999.8,1270,13,999.9,585,11,1000.0,2876,28,1000.1,1559,14
317,2025-11-26 10:42:23+05:30,999.6,504,995.85,3633676,356675.0,429400.0,986.2,1001.8,981.3,986.2,120357750,1084.8,887.6,1102.5,649.1,999.3,5,1,999.2,1329,3,999.1,1148,4,999.0,1535,16,998.9,2943,11,999.7,144,3,999.8,1270,13,999.9,585,11,1000.0,2876,28,1000.1,1559,14
317,2025-11-26 10:42:24+05:30,999.4,130,995.85,3633820,362029.0,429802.0,986.2,1001.8,981.3,986.2,120357750,1084.8,887.6,1102.5,649.1,999.4,620,1,999.3,1282,4,999.2,1918,10,999.1,3590,9,999.0,988,15,999.7,79,3,999.8,700,10,999.9,774,14,1000.0,2726,33,1000.1,1745,15
317,2025-11-26 10:42:24+05:30,999.4,130,995.85,3633820,362029.0,429802.0,986.2,1001.8,981.3,986.2,120357750,1084.8,887.6,1102.5,649.1,999.4,620,1,999.3,1282,4,999.2,1918,10,999.1,3590,9,999.0,988,15,999.7,79,3,999.8,700,10,999.9,774,14,1000.0,2726,33,1000.1,1745,15
317,2025-11-26 10:42:25+05:30,999.7,13,995.85,3633843,362250.0,429395.0,986.2,1001.8,981.3,986.2,120357750,1084.8,887.6,1102.5,649.1,999.4,610,1,999.3,952,4,999.2,1868,9,999.1,3590,9,999.0,1238,16,999.7,9,2,999.8,460,8,999.9,1202,14,1000.0,2726,33,1000.1,1745,15
317,2025-11-26 10:42:25+05:30,999.7,13,995.85,3633843,362250.0,429395.0,986.2,1001.8,981.3,986.2,120357750,1084.8,887.6,1102.5,649.1,999.4,610,1,999.3,952,4,999.2,1868,9,999.1,3590,9,999.0,1238,16,999.7,9,2,999.8,460,8,999.9,1202,14,1000.0,2726,33,1000.1,1745,15
317,2025-11-26 10:42:26+05:30,999.7,13,995.85,3633843,362252.0,429396.0,986.2,1001.8,981.3,986.2,120357750,1084.8,887.6,1102.5,649.1,999.4,610,1,999.3,952,4,999.2,1868,9,999.1,3590,9,999.0,1238,16,999.7,9,2,999.8,460,8,999.9,1202,14,1000.0,2726,33,1000.1,1995,16
317,2025-11-26 10:42:27+05:30,999.8,3,995.85,3633856,361865.0,428776.0,986.2,1001.8,981.3,986.2,120357750,1084.8,887.6,1102.5,649.1,999.4,610,1,999.3,792,4,999.2,1850,8,999.1,3590,9,999.0,1238,16,999.8,457,8,999.9,956,10,1000.0,2615,32,1000.1,1620,13,1000.2,1486,13
317,2025-11-26 10:42:27+05:30,999.8,3,995.85,3633856,361865.0,428776.0,986.2,1001.8,981.3,986.2,120357750,1084.8,887.6,1102.5,649.1,999.4,610,1,999.3,792,4,999.2,1850,8,999.1,3590,9,999.0,1238,16,999.8,457,8,999.9,956,10,1000.0,2615,32,1000.1,1620,13,1000.2,1486,13
317,2025-11-26 10:42:28+05:30,999.8,1,995.85,3633857,360858.0,428977.0,986.2,1001.8,981.3,986.2,120357750,1084.8,887.6,1102.5,649.1,999.4,610,1,999.3,774,3,999.2,1118,8,999.1,3590,9,999.0,1238,16,999.8,456,8,999.9,956,10,1000.0,2615,32,1000.1,1870,14,1000.2,1492,14
317,2025-11-26 10:42:28+05:30,999.8,1,995.85,3633857,360858.0,428977.0,986.2,1001.8,981.3,986.2,120357750,1084.8,887.6,1102.5,649.1,999.4,610,1,999.3,774,3,999.2,1118,8,999.1,3590,9,999.0,1238,16,999.8,456,8,999.9,956,10,1000.0,2615,32,1000.1,1870,14,1000.2,1492,14
317,2025-11-26 10:42:29+05:30,999.8,1,995.85,3633866,361222.0,429020.0,986.2,1001.8,981.3,986.2,120357750,1084.8,887.6,1102.5,649.1,999.4,610,1,999.3,774,3,999.2,1100,7,999.1,3700,11,999.0,1238,16,999.8,554,12,999.9,1018,11,1000.0,2597,31,1000.1,1626,14,1000.2,1736,14
317,2025-11-26 10:42:29+05:30,999.8,1,995.85,3633866,361222.0,429020.0,986.2,1001.8,981.3,986.2,120357750,1084.8,887.6,1102.5,649.1,999.4,610,1,999.3,774,3,999.2,1100,7,999.1,3700,11,999.0,1238,16,999.8,554,12,999.9,1018,11,1000.0,2597,31,1000.1,1626,14,1000.2,1736,14
317,2025-11-26 10:42:30+05:30,999.8,1,995.85,3633866,363139.0,428707.0,986.2,1001.8,981.3,986.2,120357750,1084.8,887.6,1102.5,649.1,999.4,638,2,999.3,776,4,999.2,1759,7,999.1,3682,10,999.0,1246,18,999.6,96,1,999.8,514,10,999.9,1129,12,1000.0,2514,30,1000.1,1894,16
317,2025-11-26 10:42:31+05:30,999.4,8,995.85,3633866,363139.0,428707.0,986.2,1001.8,981.3,986.2,120357750,1084.8,887.6,1102.5,649.1,999.4,638,2,999.3,776,4,999.2,1759,7,999.1,3682,10,999.0,1246,18,999.6,96,1,999.8,514,10,999.9,1129,12,1000.0,2514,30,1000.1,1894,16
317,2025-11-26 10:42:31+05:30,999.4,8,995.85,3633874,415676.0,428716.0,986.2,1001.8,981.3,986.2,120357750,1084.8,887.6,1102.5,649.1,999.4,630,2,999.3,954,5,999.2,2532,9,999.1,3682,10,999.0,1246,18,999.6,96,1,999.7,10,1,999.8,512,8,999.9,1113,13,1000.0,2531,31
317,2025-11-26 10:42:32+05:30,999.4,8,995.85,3633874,415720.0,428716.0,986.2,1001.8,981.3,986.2,120357750,1084.8,887.6,1102.5,649.1,999.4,643,3,999.3,776,4,999.2,2509,8,999.1,3682,10,999.0,1316,19,999.6,96,1,999.7,10,1,999.8,512,8,999.9,1113,13,1000.0,2531,31
317,2025-11-26 10:42:33+05:30,999.6,750,995.85,3634629,415738.0,428353.0,986.2,1001.8,981.3,986.2,120357750,1084.8,887.6,1102.5,649.1,999.4,643,3,999.3,776,4,999.2,2491,7,999.1,3649,10,999.0,1266,18,999.6,96,1,999.7,10,1,999.8,545,8,999.9,987,11,1000.0,2112,21
317,2025-11-26 10:42:34+05:30,999.7,8,995.85,3634629,415738.0,428353.0,986.2,1001.8,981.3,986.2,120357750,1084.8,887.6,1102.5,649.1,999.4,643,3,999.3,776,4,999.2,2491,7,999.1,3649,10,999.0,1266,18,999.6,96,1,999.7,10,1,999.8,545,8,999.9,987,11,1000.0,2112,21
317,2025-11-26 10:42:34+05:30,999.7,8,995.85,3635517,412158.0,428830.0,986.2,1001.8,981.3,986.2,120357750,1084.8,887.6,1102.5,649.1,999.4,41,2,999.3,1246,3,999.2,1040,4,999.1,3539,11,999.0,2065,20,999.8,929,11,999.9,607,13,1000.0,2552,30,1000.1,1682,16,1000.2,1635,14
317,2025-11-26 10:42:35+05:30,999.7,312,995.85,3635517,412158.0,428830.0,986.2,1001.8,981.3,986.2,120357750,1084.8,887.6,1102.5,649.1,999.4,41,2,999.3,1246,3,999.2,1040,4,999.1,3539,11,999.0,2065,20,999.8,929,11,999.9,607,13,1000.0,2552,30,1000.1,1682,16,1000.2,1635,14
317,2025-11-26 10:42:35+05:30,999.7,312,995.85,3636527,411975.0,431139.0,986.2,1001.8,981.3,986.2,120357750,1084.8,887.6,1102.5,649.1,999.4,27,1,999.3,589,2,999.2,1313,4,999.1,3339,10,999.0,1865,19,999.7,17,1,999.8,567,10,999.9,910,13,1000.0,2583,29,1000.1,1728,14
317,2025-11-26 10:42:36+05:30,999.7,9,995.85,3636527,411975.0,431139.0,986.2,1001.8,981.3,986.2,120357750,1084.8,887.6,1102.5,649.1,999.4,27,1,999.3,589,2,999.2,1313,4,999.1,3339,10,999.0,1865,19,999.7,17,1,999.8,567,10,999.9,910,13,1000.0,2583,29,1000.1,1728,14
317,2025-11-26 10:42:36+05:30,999.7,9,995.85,3636666,411906.0,431300.0,986.2,1001.8,981.3,986.2,120357750,1084.8,887.6,1102.5,649.1,999.3,512,1,999.2,837,3,999.1,3279,9,999.0,1859,18,998.9,905,10,999.7,8,1,999.8,782,12,999.9,594,13,1000.0,2611,30,1000.1,1671,15
317,2025-11-26 10:42:37+05:30,999.7,9,995.85,3636666,411803.0,431341.0,986.2,1001.8,981.3,986.2,120357750,1084.8,887.6,1102.5,649.1,999.3,512,1,999.2,1340,4,999.1,3378,11,999.0,1888,19,998.9,905,10,999.7,8,1,999.8,782,12,999.9,594,13,1000.0,2624,31,1000.1,1921,16
317,2025-11-26 10:42:38+05:30,999.8,1,995.85,3636666,411803.0,431341.0,986.2,1001.8,981.3,986.2,120357750,1084.8,887.6,1102.5,649.1,999.3,512,1,999.2,1340,4,999.1,3378,11,999.0,1888,19,998.9,905,10,999.7,8,1,999.8,782,12,999.9,594,13,1000.0,2624,31,1000.1,1921,16
317,2025-11-26 10:42:38+05:30,999.8,1,995.85,3636675,410465.0,432555.0,986.2,1001.8,981.3,986.2,120357750,1084.8,887.6,1102.5,649.1,999.3,529,2,999.2,1314,4,999.1,2628,10,999.0,1859,18,998.9,888,9,999.8,792,12,999.9,1071,13,1000.0,2615,30,1000.1,1703,18,1000.2,949,11
317,2025-11-26 10:42:39+05:30,999.8,4,995.85,3636700,410404.0,432007.0,986.2,1001.8,981.3,986.2,120357750,1084.8,887.6,1102.5,649.1,999.4,87,1,999.3,512,1,999.2,1331,5,999.1,2628,10,999.0,1859,18,999.8,745,11,999.9,600,13,1000.0,2619,31,1000.1,1919,16,1000.2,949,11
317,2025-11-26 10:42:40+05:30,999.8,4,995.85,3636700,410404.0,432007.0,986.2,1001.8,981.3,986.2,120357750,1084.8,887.6,1102.5,649.1,999.4,87,1,999.3,512,1,999.2,1331,5,999.1,2628,10,999.0,1859,18,999.8,745,11,999.9,600,13,1000.0,2619,31,1000.1,1919,16,1000.2,949,11
317,2025-11-26 10:42:40+05:30,999.6,1,995.85,3636701,413441.0,433671.0,986.2,1001.8,981.3,986.2,120357750,1084.8,887.6,1102.5,649.1,999.3,512,1,999.2,1513,6,999.1,4328,13,999.0,1859,18,998.9,888,9,999.6,95,1,999.8,825,11,999.9,1389,14,1000.0,2661,34,1000.1,1906,15
317,2025-11-26 10:42:41+05:30,999.6,750,995.85,3636701,413441.0,433671.0,986.2,1001.8,981.3,986.2,120357750,1084.8,887.6,1102.5,649.1,999.3,512,1,999.2,1513,6,999.1,4328,13,999.0,1859,18,998.9,888,9,999.6,95,1,999.8,825,11,999.9,1389,14,1000.0,2661,34,1000.1,1906,15
317,2025-11-26 10:42:41+05:30,999.6,750,995.85,3637451,414318.0,433298.0,986.2,1001.8,981.3,986.2,120357750,1084.8,887.6,1102.5,649.1,999.3,730,3,999.2,1935,10,999.1,4328,13,999.0,1859,18,998.9,888,9,999.6,96,1,999.8,449,7,999.9,1209,12,1000.0,2508,25,1000.1,1922,16
317,2025-11-26 10:42:42+05:30,999.4,3,995.85,3637451,414318.0,433298.0,986.2,1001.8,981.3,986.2,120357750,1084.8,887.6,1102.5,649.1,999.3,730,3,999.2,1935,10,999.1,4328,13,999.0,1859,18,998.9,888,9,999.6,96,1,999.8,449,7,999.9,1209,12,1000.0,2508,25,1000.1,1922,16
317,2025-11-26 10:42:42+05:30,999.8,3,995.85,3638334,411879.0,430712.0,986.2,1001.8,981.3,986.2,120357750,1084.8,887.6,1102.5,649.1,999.4,746,4,999.3,1118,7,999.2,1364,10,999.1,3078,12,999.0,1579,15,999.8,107,5,999.9,317,6,1000.0,2039,19,1000.1,600,7,1000.2,1691,11
317,2025-11-26 10:42:43+05:30,999.4,8,995.85,3638334,411879.0,430712.0,986.2,1001.8,981.3,986.2,120357750,1084.8,887.6,1102.5,649.1,999.4,746,4,999.3,1118,7,999.2,1364,10,999.1,3078,12,999.0,1579,15,999.8,107,5,999.9,317,6,1000.0,2039,19,1000.1,600,7,1000.2,1691,11
317,2025-11-26 10:42:43+05:30,999.4,8,995.85,3638464,411772.0,430450.0,986.2,1001.8,981.3,986.2,120357750,1084.8,887.6,1102.5,649.1,999.4,716,4,999.3,915,6,999.2,1365,10,999.1,2828,11,999.0,1579,15,999.8,108,6,999.9,467,7,1000.0,2039,19,1000.1,649,8,1000.2,1122,11
317,2025-11-26 10:42:44+05:30,999.8,1,995.85,3638464,411772.0,430450.0,986.2,1001.8,981.3,986.2,120357750,1084.8,887.6,1102.5,649.1,999.4,716,4,999.3,915,6,999.2,1365,10,999.1,2828,11,999.0,1579,15,999.8,108,6,999.9,467,7,1000.0,2039,19,1000.1,649,8,1000.2,1122,11
317,2025-11-26 10:42:44+05:30,999.8,1,995.85,3638608,413827.0,430447.0,986.2,1001.8,981.3,986.2,120357750,1084.8,887.6,1102.5,649.1,999.4,1476,9,999.3,1422,7,999.2,2028,9,999.1,3258,14,999.0,829,14,999.8,103,6,999.9,317,6,1000.0,1843,16,1000.1,606,7,1000.2,869,10
317,2025-11-26 10:42:45+05:30,999.8,1,995.85,3638608,413676.0,430271.0,986.2,1001.8,981.3,986.2,120357750,1084.8,887.6,1102.5,649.1,999.4,1248,5,999.3,1342,8,999.2,2017,8,999.1,3202,10,999.0,988,12,999.8,25,5,999.9,317,6,1000.0,1836,18,1000.1,642,7,1000.2,1731,13
317,2025-11-26 10:42:46+05:30,999.4,32,995.85,3638608,413676.0,430271.0,986.2,1001.8,981.3,986.2,120357750,1084.8,887.6,1102.5,649.1,999.4,1248,5,999.3,1342,8,999.2,2017,8,999.1,3202,10,999.0,988,12,999.8,25,5,999.9,317,6,1000.0,1836,18,1000.1,642,7,1000.2,1731,13
317,2025-11-26 10:42:46+05:30,999.4,6,995.85,3638756,413405.0,431140.0,986.2,1001.8,981.3,986.2,120357750,1084.8,887.6,1102.5,649.1,999.4,485,1,999.3,1098,5,999.2,2140,17,999.1,2952,9,999.0,1238,13,999.8,86,6,999.9,1143,8,1000.0,2084,23,1000.1,606,10,1000.2,1089,10
317,2025-11-26 10:42:47+05:30,999.4,6,995.85,3638756,413405.0,431140.0,986.2,1001.8,981.3,986.2,120357750,1084.8,887.6,1102.5,649.1,999.4,485,1,999.3,1098,5,999.2,2140,17,999.1,2952,9,999.0,1238,13,999.8,86,6,999.9,1143,8,1000.0,2084,23,1000.1,606,10,1000.2,1089,10
317,2025-11-26 10:42:47+05:30,999.4,19,995.85,3638775,413167.0,431050.0,986.2,1001.8,981.3,986.2,120357750,1084.8,887.6,1102.5,649.1,999.4,1022,2,999.3,1325,7,999.2,2140,17,999.1,3202,10,999.0,988,12,999.8,86,6,999.9,594,8,1000.0,2035,23,1000.1,606,10,1000.2,1668,11
317,2025-11-26 10:42:48+05:30,999.4,19,995.85,3638775,413167.0,431050.0,986.2,1001.8,981.3,986.2,120357750,1084.8,887.6,1102.5,649.1,999.4,1022,2,999.3,1325,7,999.2,2140,17,999.1,3202,10,999.0,988,12,999.8,86,6,999.9,594,8,1000.0,2035,23,1000.1,606,10,1000.2,1668,11
317,2025-11-26 10:42:48+05:30,999.4,15,995.85,3638790,413112.0,431027.0,986.2,1001.8,981.3,986.2,120357750,1084.8,887.6,1102.5,649.1,999.4,451,1,999.3,1098,5,999.2,2140,17,999.1,2952,9,999.0,1238,13,999.8,102,7,999.9,1277,12,1000.0,2126,22,1000.1,606,10,1000.2,1089,10
317,2025-11-26 10:42:49+05:30,999.4,15,995.85,3638790,413112.0,431027.0,986.2,1001.8,981.3,986.2,120357750,1084.8,887.6,1102.5,649.1,999.4,451,1,999.3,1098,5,999.2,2140,17,999.1,2952,9,999.0,1238,13,999.8,102,7,999.9,1277,12,1000.0,2126,22,1000.1,606,10,1000.2,1089,10
317,2025-11-26 10:42:50+05:30,999.4,15,995.85,3638790,414391.0,431449.0,986.2,1001.8,981.3,986.2,120357750,1084.8,887.6,1102.5,649.1,999.4,454,2,999.3,816,3,999.2,2140,17,999.1,2952,9,999.0,1238,13,999.6,96,1,999.8,290,8,999.9,1310,12,1000.0,2184,26,1000.1,580,8
317,2025-11-26 10:42:51+05:30,999.4,15,995.85,3638790,415939.0,431538.0,986.2,1001.8,981.3,986.2,120357750,1084.8,887.6,1102.5,649.1,999.4,467,3,999.3,1498,5,999.2,3662,20,999.1,3202,10,999.0,988,12,999.6,96,1,999.8,88,7,999.9,762,11,1000.0,2184,26,1000.1,580,8
317,2025-11-26 10:42:52+05:30,999.4,15,995.85,3638790,415860.0,431959.0,986.2,1001.8,981.3,986.2,120357750,1084.8,887.6,1102.5,649.1,999.4,467,3,999.3,816,3,999.2,3662,20,999.1,3202,10,999.0,988,12,999.6,96,1,999.8,88,7,999.9,1245,12,1000.0,2184,26,1000.1,610,9
317,2025-11-26 10:42:53+05:30,999.6,21,995.85,3638811,416033.0,431646.0,986.2,1001.8,981.3,986.2,120357750,1084.8,887.6,1102.5,649.1,999.4,464,2,999.3,1489,5,999.2,3662,20,999.1,3202,10,999.0,988,12,999.6,75,1,999.8,86,6,999.9,1245,12,1000.0,2184,26,1000.1,580,8
317,2025-11-26 10:42:53+05:30,999.6,21,995.85,3638811,416033.0,431646.0,986.2,1001.8,981.3,986.2,120357750,1084.8,887.6,1102.5,649.1,999.4,464,2,999.3,1489,5,999.2,3662,20,999.1,3202,10,999.0,988,12,999.6,75,1,999.8,86,6,999.9,1245,12,1000.0,2184,26,1000.1,580,8
317,2025-11-26 10:42:54+05:30,999.4,35,995.85,3638851,415991.0,432071.0,986.2,1001.8,981.3,986.2,120357750,1084.8,887.6,1102.5,649.1,999.5,112,1,999.4,429,2,999.3,1440,4,999.2,3592,18,999.1,3202,10,999.6,75,1,999.8,261,9,999.9,762,11,1000.0,2184,26,1000.1,624,9
317,2025-11-26 10:42:54+05:30,999.4,35,995.85,3638851,415991.0,432071.0,986.2,1001.8,981.3,986.2,120357750,1084.8,887.6,1102.5,649.1,999.5,112,1,999.4,429,2,999.3,1440,4,999.2,3592,18,999.1,3202,10,999.6,75,1,999.8,261,9,999.9,762,11,1000.0,2184,26,1000.1,624,9
317,2025-11-26 10:42:55+05:30,999.5,112,995.85,3639713,417048.0,432718.0,986.2,1001.8,981.3,986.2,120357750,1084.8,887.6,1102.5,649.1,999.4,429,2,999.3,767,2,999.2,3541,16,999.1,2962,9,999.0,1023,13,999.5,70,1,999.8,394,8,999.9,1311,13,1000.0,2318,24,1000.1,699,13
317,2025-11-26 10:42:55+05:30,999.2,36,995.85,3639713,417048.0,432718.0,986.2,1001.8,981.3,986.2,120357750,1084.8,887.6,1102.5,649.1,999.4,429,2,999.3,767,2,999.2,3541,16,999.1,2962,9,999.0,1023,13,999.5,70,1,999.8,394,8,999.9,1311,13,1000.0,2318,24,1000.1,699,13
317,2025-11-26 10:42:56+05:30,999.8,280,995.86,3641887,413889.0,431365.0,986.2,1001.8,981.3,986.2,120357750,1084.8,887.6,1102.5,649.1,999.3,750,1,999.2,1104,5,999.1,4289,12,999.0,2012,19,998.9,1076,10,999.8,429,9,999.9,1153,13,1000.0,2508,27,1000.1,689,12,1000.2,1001,12
317,2025-11-26 10:42:56+05:30,999.3,129,995.86,3641887,413889.0,431365.0,986.2,1001.8,981.3,986.2,120357750,1084.8,887.6,1102.5,649.1,999.3,750,1,999.2,1104,5,999.1,4289,12,999.0,2012,19,998.9,1076,10,999.8,429,9,999.9,1153,13,1000.0,2508,27,1000.1,689,12,1000.2,1001,12
317,2025-11-26 10:42:57+05:30,999.3,520,995.86,3642537,413282.0,432873.0,986.2,1001.8,981.3,986.2,120357750,1084.8,887.6,1102.5,649.1,999.3,101,1,999.2,864,2,999.1,3497,11,999.0,1740,17,998.9,1326,11,999.7,678,3,999.8,680,11,999.9,856,16,1000.0,2536,28,1000.1,991,14
317,2025-11-26 10:42:57+05:30,999.7,12,995.86,3642537,413282.0,432873.0,986.2,1001.8,981.3,986.2,120357750,1084.8,887.6,1102.5,649.1,999.3,101,1,999.2,864,2,999.1,3497,11,999.0,1740,17,998.9,1326,11,999.7,678,3,999.8,680,11,999.9,856,16,1000.0,2536,28,1000.1,991,14
317,2025-11-26 10:42:58+05:30,999.8,20,995.86,3642569,412173.0,432678.0,986.2,1001.8,981.3,986.2,120357750,1084.8,887.6,1102.5,649.1,999.3,101,1,999.2,864,2,999.1,2747,10,999.0,1990,18,998.9,1076,10,999.8,1177,13,999.9,530,12,1000.0,2526,27,1000.1,986,13,1000.2,1331,14
317,2025-11-26 10:42:58+05:30,999.8,20,995.86,3642569,412173.0,432678.0,986.2,1001.8,981.3,986.2,120357750,1084.8,887.6,1102.5,649.1,999.3,101,1,999.2,864,2,999.1,2747,10,999.0,1990,18,998.9,1076,10,999.8,1177,13,999.9,530,12,1000.0,2526,27,1000.1,986,13,1000.2,1331,14
317,2025-11-26 10:42:59+05:30,999.8,20,995.86,3642569,412183.0,432678.0,986.2,1001.8,981.3,986.2,120357750,1084.8,887.6,1102.5,649.1,999.3,101,1,999.2,864,2,999.1,2813,14,999.0,1911,13,998.9,1076,10,999.8,1177,13,999.9,530,12,1000.0,2526,27,1000.1,986,13,1000.2,1331,14
317,2025-11-26 10:43:00+05:30,999.5,2,995.86,3642569,412183.0,432678.0,986.2,1001.8,981.3,986.2,120357750,1084.8,887.6,1102.5,649.1,999.3,101,1,999.2,864,2,999.1,2813,14,999.0,1911,13,998.9,1076,10,999.8,1177,13,999.9,530,12,1000.0,2526,27,1000.1,986,13,1000.2,1331,14
317,2025-11-26 10:43:00+05:30,999.5,2,995.86,3642571,414677.0,433664.0,986.2,1001.8,981.3,986.2,120357750,1084.8,887.6,1102.5,649.1,999.3,127,2,999.2,930,3,999.1,5198,22,999.0,1832,12,998.9,1076,10,999.5,94,1,999.8,1170,14,999.9,697,13,1000.0,2498,26,1000.1,1045,14
317,2025-11-26 10:43:01+05:30,999.3,8,995.86,3642571,414677.0,433664.0,986.2,1001.8,981.3,986.2,120357750,1084.8,887.6,1102.5,649.1,999.3,127,2,999.2,930,3,999.1,5198,22,999.0,1832,12,998.9,1076,10,999.5,94,1,999.8,1170,14,999.9,697,13,1000.0,2498,26,1000.1,1045,14
317,2025-11-26 10:43:01+05:30,999.3,8,995.86,3642579,414667.0,433689.0,986.2,1001.8,981.3,986.2,120357750,1084.8,887.6,1102.5,649.1,999.3,119,2,999.2,930,3,999.1,5198,22,999.0,1832,12,998.9,1076,10,999.5,94,1,999.8,1170,14,999.9,697,13,1000.0,2523,27,1000.1,1045,14
317,2025-11-26 10:43:02+05:30,999.5,1,995.86,3642579,414667.0,433689.0,986.2,1001.8,981.3,986.2,120357750,1084.8,887.6,1102.5,649.1,999.3,119,2,999.2,930,3,999.1,5198,22,999.0,1832,12,998.9,1076,10,999.5,94,1,999.8,1170,14,999.9,697,13,1000.0,2523,27,1000.1,1045,14
317,2025-11-26 10:43:02+05:30,999.5,1,995.86,3642610,410425.0,433376.0,986.2,1001.8,981.3,986.2,120357750,1084.8,887.6,1102.5,649.1,999.3,119,2,999.2,930,3,999.1,5198,22,999.0,1832,12,998.9,1076,10,999.5,63,1,999.8,1144,12,999.9,723,15,1000.0,2508,27,1000.1,1045,14
317,2025-11-26 10:43:03+05:30,999.5,1,995.86,3642610,410957.0,433400.0,986.2,1001.8,981.3,986.2,120357750,1084.8,887.6,1102.5,649.1,999.3,119,2,999.2,930,3,999.1,5198,22,999.0,1832,12,998.9,1076,10,999.5,63,1,999.8,1144,12,999.9,723,15,1000.0,2508,27,1000.1,1045,14
317,2025-11-26 10:43:04+05:30,999.3,1,995.86,3642610,410957.0,433400.0,986.2,1001.8,981.3,986.2,120357750,1084.8,887.6,1102.5,649.1,999.3,119,2,999.2,930,3,999.1,5198,22,999.0,1832,12,998.9,1076,10,999.5,63,1,999.8,1144,12,999.9,723,15,1000.0,2508,27,1000.1,1045,14
317,2025-11-26 10:43:04+05:30,999.3,1,995.86,3642611,410549.0,433376.0,986.2,1001.8,981.3,986.2,120357750,1084.8,887.6,1102.5,649.1,999.3,118,2,999.2,931,4,999.1,5198,22,999.0,1832,12,998.9,1076,10,999.5,63,1,999.8,1144,12,999.9,723,15,1000.0,2508,27,1000.1,1045,14
317,2025-11-26 10:43:05+05:30,999.3,3,995.86,3642611,410549.0,433376.0,986.2,1001.8,981.3,986.2,120357750,1084.8,887.6,1102.5,649.1,999.3,118,2,999.2,931,4,999.1,5198,22,999.0,1832,12,998.9,1076,10,999.5,63,1,999.8,1144,12,999.9,723,15,1000.0,2508,27,1000.1,1045,14
317,2025-11-26 10:43:05+05:30,999.3,3,995.86,3643533,408152.0,431593.0,986.2,1001.8,981.3,986.2,120357750,1084.8,887.6,1102.5,649.1,999.3,840,3,999.2,1219,7,999.1,2785,14,999.0,1930,17,998.9,1076,10,999.8,287,7,999.9,1100,13,1000.0,2361,25,1000.1,1053,15,1000.2,1213,13
317,2025-11-26 10:43:06+05:30,999.7,3,995.86,3643533,408152.0,431593.0,986.2,1001.8,981.3,986.2,120357750,1084.8,887.6,1102.5,649.1,999.3,840,3,999.2,1219,7,999.1,2785,14,999.0,1930,17,998.9,1076,10,999.8,287,7,999.9,1100,13,1000.0,2361,25,1000.1,1053,15,1000.2,1213,13
317,2025-11-26 10:43:06+05:30,999.8,35,995.86,3644702,408140.0,432619.0,986.2,1001.8,981.3,986.2,120357750,1084.8,887.6,1102.5,649.1,999.3,574,3,999.2,970,4,999.1,2781,14,999.0,1930,17,998.9,1093,11,999.8,1096,9,999.9,747,12,1000.0,2361,25,1000.1,1047,14,1000.2,1330,13
317,2025-11-26 10:43:07+05:30,999.3,133,995.86,3644702,408140.0,432619.0,986.2,1001.8,981.3,986.2,120357750,1084.8,887.6,1102.5,649.1,999.3,574,3,999.2,970,4,999.1,2781,14,999.0,1930,17,998.9,1093,11,999.8,1096,9,999.9,747,12,1000.0,2361,25,1000.1,1047,14,1000.2,1330,13
317,2025-11-26 10:43:07+05:30,999.3,133,995.86,3644835,409419.0,431873.0,986.2,1001.8,981.3,986.2,120357750,1084.8,887.6,1102.5,649.1,999.3,441,3,999.2,1167,7,999.1,2693,13,999.0,1557,14,998.9,1326,11,999.8,1071,5,999.9,751,14,1000.0,2251,23,1000.1,896,11,1000.2,852,16
317,2025-11-26 10:43:08+05:30,999.8,6,995.86,3644835,409419.0,431873.0,986.2,1001.8,981.3,986.2,120357750,1084.8,887.6,1102.5,649.1,999.3,441,3,999.2,1167,7,999.1,2693,13,999.0,1557,14,998.9,1326,11,999.8,1071,5,999.9,751,14,1000.0,2251,23,1000.1,896,11,1000.2,852,16
317,2025-11-26 10:43:08+05:30,999.8,6,995.86,3644997,409216.0,431776.0,986.2,1001.8,981.3,986.2,120357750,1084.8,887.6,1102.5,649.1,999.3,304,2,999.2,1167,7,999.1,2693,13,999.0,1807,15,998.9,1076,10,999.8,1016,6,999.9,734,12,1000.0,2248,23,1000.1,891,10,1000.2,885,17
317,2025-11-26 10:43:09+05:30,999.8,220,995.86,3644997,409216.0,431776.0,986.2,1001.8,981.3,986.2,120357750,1084.8,887.6,1102.5,649.1,999.3,304,2,999.2,1167,7,999.1,2693,13,999.0,1807,15,998.9,1076,10,999.8,1016,6,999.9,734,12,1000.0,2248,23,1000.1,891,10,1000.2,885,17
317,2025-11-26 10:43:09+05:30,999.8,220,995.86,3644997,409216.0,431776.0,986.2,1001.8,981.3,986.2,120357750,1084.8,887.6,1102.5,649.1,999.3,304,2,999.2,1167,7,999.1,2693,13,999.0,1807,15,998.9,1076,10,999.8,1016,6,999.9,734,12,1000.0,2248,23,1000.1,891,10,1000.2,885,17
317,2025-11-26 10:43:10+05:30,999.8,220,995.86,3644997,409216.0,431776.0,986.2,1001.8,981.3,986.2,120357750,1084.8,887.6,1102.5,649.1,999.3,519,4,999.2,1296,8,999.1,2830,15,999.0,1858,16,998.9,1076,10,999.8,764,3,999.9,667,10,1000.0,2265,24,1000.1,891,10,1000.2,1063,18
317,2025-11-26 10:43:10+05:30,999.8,32,995.86,3645318,410033.0,431671.0,986.2,1001.8,981.3,986.2,120357750,1084.8,887.6,1102.5,649.1,999.3,519,4,999.2,1296,8,999.1,2830,15,999.0,1858,16,998.9,1076,10,999.8,764,3,999.9,667,10,1000.0,2265,24,1000.1,891,10,1000.2,1063,18
317,2025-11-26 10:43:10+05:30,999.8,32,995.86,3645318,410033.0,431671.0,986.2,1001.8,981.3,986.2,120357750,1084.8,887.6,1102.5,649.1,999.3,519,4,999.2,1296,8,999.1,2830,15,999.0,1858,16,998.9,1076,10,999.8,764,3,999.9,667,10,1000.0,2265,24,1000.1,891,10,1000.2,1063,18
317,2025-11-26 10:43:10+05:30,999.5,86,995.86,3645318,410033.0,431671.0,986.2,1001.8,981.3,986.2,120357750,1084.8,887.6,1102.5,649.1,999.3,519,4,999.2,1296,8,999.1,2830,15,999.0,1858,16,998.9,1076,10,999.8,764,3,999.9,667,10,1000.0,2265,24,1000.1,891,10,1000.2,1063,18
317,2025-11-26 10:43:10+05:30,999.5,86,995.86,3645318,410033.0,431671.0,986.2,1001.8,981.3,986.2,120357750,1084.8,887.6,1102.5,649.1,999.3,519,4,999.2,1296,8,999.1,2830,15,999.0,1858,16,998.9,1076,10,999.8,764,3,999.9,667,10,1000.0,2265,24,1000.1,891,10,1000.2,1063,18
317,2025-11-26 10:43:11+05:30,999.5,86,995.86,3645318,410033.0,431671.0,986.2,1001.8,981.3,986.2,120357750,1084.8,887.6,1102.5,649.1,999.3,519,4,999.2,1296,8,999.1,2830,15,999.0,1858,16,998.9,1076,10,999.8,764,3,999.9,667,10,1000.0,2265,24,1000.1,891,10,1000.2,1063,18
317,2025-11-26 10:43:11+05:30,999.5,85,995.86,3645799,416143.0,432557.0,986.2,1001.8,981.3,986.2,120357750,1084.8,887.6,1102.5,649.1,999.3,408,5,999.2,1323,7,999.1,4327,16,999.0,1927,18,998.9,1076,10,999.5,96,1,999.8,896,5,999.9,742,12,1000.0,2241,22,1000.1,635,8
317,2025-11-26 10:43:11+05:30,999.5,85,995.86,3645799,416143.0,432557.0,986.2,1001.8,981.3,986.2,120357750,1084.8,887.6,1102.5,649.1,999.3,408,5,999.2,1323,7,999.1,4327,16,999.0,1927,18,998.9,1076,10,999.5,96,1,999.8,896,5,999.9,742,12,1000.0,2241,22,1000.1,635,8
317,2025-11-26 10:43:11+05:30,999.5,85,995.86,3645799,416143.0,432557.0,986.2,1001.8,981.3,986.2,120357750,1084.8,887.6,1102.5,649.1,999.3,408,5,999.2,1323,7,999.1,4327,16,999.0,1927,18,998.9,1076,10,999.5,96,1,999.8,896,5,999.9,742,12,1000.0,2241,22,1000.1,635,8
317,2025-11-26 10:43:11+05:30,999.5,85,995.86,3645799,416143.0,432557.0,986.2,1001.8,981.3,986.2,120357750,1084.8,887.6,1102.5,649.1,999.3,408,5,999.2,1323,7,999.1,4327,16,999.0,1927,18,998.9,1076,10,999.5,96,1,999.8,896,5,999.9,742,12,1000.0,2241,22,1000.1,635,8
317,2025-11-26 10:43:12+05:30,999.5,85,995.86,3645799,416143.0,432557.0,986.2,1001.8,981.3,986.2,120357750,1084.8,887.6,1102.5,649.1,999.3,408,5,999.2,1323,7,999.1,4327,16,999.0,1927,18,998.9,1076,10,999.5,96,1,999.8,896,5,999.9,742,12,1000.0,2241,22,1000.1,635,8
317,2025-11-26 10:43:12+05:30,999.5,1,995.86,3646043,417008.0,432673.0,986.2,1001.8,981.3,986.2,120357750,1084.8,887.6,1102.5,649.1,999.3,322,4,999.2,1369,8,999.1,5182,18,999.0,1927,18,998.9,1076,10,999.5,88,1,999.8,1014,5,999.9,742,12,1000.0,2241,22,1000.1,635,8
317,2025-11-26 10:43:12+05:30,999.5,1,995.86,3646043,417008.0,432673.0,986.2,1001.8,981.3,986.2,120357750,1084.8,887.6,1102.5,649.1,999.3,322,4,999.2,1369,8,999.1,5182,18,999.0,1927,18,998.9,1076,10,999.5,88,1,999.8,1014,5,999.9,742,12,1000.0,2241,22,1000.1,635,8
317,2025-11-26 10:43:12+05:30,999.3,133,995.86,3646043,417008.0,432673.0,986.2,1001.8,981.3,986.2,120357750,1084.8,887.6,1102.5,649.1,999.3,322,4,999.2,1369,8,999.1,5182,18,999.0,1927,18,998.9,1076,10,999.5,88,1,999.8,1014,5,999.9,742,12,1000.0,2241,22,1000.1,635,8
317,2025-11-26 10:43:12+05:30,999.3,133,995.86,3646043,417008.0,432673.0,986.2,1001.8,981.3,986.2,120357750,1084.8,887.6,1102.5,649.1,999.3,322,4,999.2,1369,8,999.1,5182,18,999.0,1927,18,998.9,1076,10,999.5,88,1,999.8,1014,5,999.9,742,12,1000.0,2241,22,1000.1,635,8
317,2025-11-26 10:43:13+05:30,999.3,133,995.86,3646043,417008.0,432673.0,986.2,1001.8,981.3,986.2,120418500,1084.8,887.6,1102.5,649.1,999.3,322,4,999.2,1369,8,999.1,5182,18,999.0,1927,18,998.9,1076,10,999.5,88,1,999.8,1014,5,999.9,742,12,1000.0,2241,22,1000.1,635,8
317,2025-11-26 10:43:13+05:30,999.3,133,995.86,3646176,416233.0,432713.0,986.2,1001.8,981.3,986.2,120418500,1084.8,887.6,1102.5,649.1,999.3,144,4,999.2,1365,8,999.1,5132,17,999.0,1677,17,998.9,1326,11,999.5,88,1,999.8,1034,7,999.9,729,11,1000.0,2246,23,1000.1,895,10
317,2025-11-26 10:43:13+05:30,999.3,133,995.86,3646176,416233.0,432713.0,986.2,1001.8,981.3,986.2,120418500,1084.8,887.6,1102.5,649.1,999.3,144,4,999.2,1365,8,999.1,5132,17,999.0,1677,17,998.9,1326,11,999.5,88,1,999.8,1034,7,999.9,729,11,1000.0,2246,23,1000.1,895,10
317,2025-11-26 10:43:13+05:30,999.5,20,995.86,3646176,416233.0,432713.0,986.2,1001.8,981.3,986.2,120418500,1084.8,887.6,1102.5,649.1,999.3,144,4,999.2,1365,8,999.1,5132,17,999.0,1677,17,998.9,1326,11,999.5,88,1,999.8,1034,7,999.9,729,11,1000.0,2246,23,1000.1,895,10
317,2025-11-26 10:43:13+05:30,999.5,20,995.86,3646176,416233.0,432713.0,986.2,1001.8,981.3,986.2,120418500,1084.8,887.6,1102.5,649.1,999.3,144,4,999.2,1365,8,999.1,5132,17,999.0,1677,17,998.9,1326,11,999.5,88,1,999.8,1034,7,999.9,729,11,1000.0,2246,23,1000.1,895,10
317,2025-11-26 10:43:14+05:30,999.5,29,995.86,3646456,415982.0,430233.0,986.2,1001.8,981.3,986.2,120418500,1084.8,887.6,1102.5,649.1,999.7,721,1,999.4,303,5,999.3,1116,10,999.2,2881,11,999.1,4144,19,999.8,264,2,999.9,207,5,1000.0,1749,17,1000.1,450,7,1000.2,1353,9
317,2025-11-26 10:43:14+05:30,999.8,112,995.86,3646456,415982.0,430233.0,986.2,1001.8,981.3,986.2,120418500,1084.8,887.6,1102.5,649.1,999.7,721,1,999.4,303,5,999.3,1116,10,999.2,2881,11,999.1,4144,19,999.8,264,2,999.9,207,5,1000.0,1749,17,1000.1,450,7,1000.2,1353,9
317,2025-11-26 10:43:15+05:30,999.7,133,995.86,3646764,413330.0,430635.0,986.2,1001.8,981.3,986.2,120418500,1084.8,887.6,1102.5,649.1,999.7,551,2,999.4,145,3,999.3,1308,8,999.2,2177,11,999.1,2452,18,999.8,149,4,999.9,554,9,1000.0,2131,22,1000.1,474,8,1000.2,1067,11
317,2025-11-26 10:43:15+05:30,999.8,6,995.86,3646764,413330.0,430635.0,986.2,1001.8,981.3,986.2,120418500,1084.8,887.6,1102.5,649.1,999.7,551,2,999.4,145,3,999.3,1308,8,999.2,2177,11,999.1,2452,18,999.8,149,4,999.9,554,9,1000.0,2131,22,1000.1,474,8,1000.2,1067,11
317,2025-11-26 10:43:16+05:30,999.8,6,995.86,3646770,413141.0,430370.0,986.2,1001.8,981.3,986.2,120418500,1084.8,887.6,1102.5,649.1,999.7,551,2,999.5,46,1,999.4,145,3,999.3,1262,7,999.2,2177,11,999.8,143,4,999.9,508,8,1000.0,2131,22,1000.1,469,7,1000.2,817,10
317,2025-11-26 10:43:17+05:30,999.8,6,995.86,3646776,413346.0,430617.0,986.2,1001.8,981.3,986.2,120418500,1084.8,887.6,1102.5,649.1,999.7,551,2,999.4,191,4,999.3,1262,7,999.2,2177,11,999.1,2702,19,999.8,137,4,999.9,461,7,1000.0,2084,21,1000.1,421,6,1000.2,810,9
317,2025-11-26 10:43:17+05:30,999.8,6,995.86,3646776,413346.0,430617.0,986.2,1001.8,981.3,986.2,120418500,1084.8,887.6,1102.5,649.1,999.7,551,2,999.4,191,4,999.3,1262,7,999.2,2177,11,999.1,2702,19,999.8,137,4,999.9,461,7,1000.0,2084,21,1000.1,421,6,1000.2,810,9
317,2025-11-26 10:43:18+05:30,999.8,6,995.86,3646776,413361.0,430762.0,986.2,1001.8,981.3,986.2,120418500,1084.8,887.6,1102.5,649.1,999.7,551,2,999.4,195,5,999.3,1306,8,999.2,2221,12,999.1,2702,19,999.8,137,4,999.9,423,6,1000.0,2026,20,1000.1,493,8,1000.2,810,9
317,2025-11-26 10:43:19+05:30,999.9,532,995.86,3647499,415614.0,428541.0,986.2,1001.8,981.3,986.2,120418500,1084.8,887.6,1102.5,649.1,999.7,13,1,999.5,890,8,999.4,1617,11,999.3,4355,16,999.2,2869,19,999.9,37,1,1000.0,1571,16,1000.1,461,6,1000.2,1395,9,1000.3,2172,15
317,2025-11-26 10:43:19+05:30,999.9,532,995.86,3647499,415614.0,428541.0,986.2,1001.8,981.3,986.2,120418500,1084.8,887.6,1102.5,649.1,999.7,13,1,999.5,890,8,999.4,1617,11,999.3,4355,16,999.2,2869,19,999.9,37,1,1000.0,1571,16,1000.1,461,6,1000.2,1395,9,1000.3,2172,15
317,2025-11-26 10:43:20+05:30,999.5,133,995.86,3647666,414402.0,430534.0,986.2,1001.8,981.3,986.2,120418500,1084.8,887.6,1102.5,649.1,999.5,32,1,999.4,938,4,999.3,3571,13,999.2,1741,14,999.1,772,12,999.7,62,1,999.9,379,5,1000.0,2174,21,1000.1,569,7,1000.2,1665,11
317,2025-11-26 10:43:20+05:30,999.5,133,995.86,3647666,414402.0,430534.0,986.2,1001.8,981.3,986.2,120418500,1084.8,887.6,1102.5,649.1,999.5,32,1,999.4,938,4,999.3,3571,13,999.2,1741,14,999.1,772,12,999.7,62,1,999.9,379,5,1000.0,2174,21,1000.1,569,7,1000.2,1665,11
317,2025-11-26 10:43:21+05:30,999.5,133,995.86,3647666,416075.0,430439.0,986.2,1001.8,981.3,986.2,120418500,1084.8,887.6,1102.5,649.1,999.5,32,1,999.4,1159,6,999.3,5100,16,999.2,1698,13,999.1,1068,14,999.7,62,1,999.9,379,5,1000.0,2187,23,1000.1,569,7,1000.2,833,9
317,2025-11-26 10:43:22+05:30,999.9,93,995.86,3647666,416075.0,430439.0,986.2,1001.8,981.3,986.2,120418500,1084.8,887.6,1102.5,649.1,999.5,32,1,999.4,1159,6,999.3,5100,16,999.2,1698,13,999.1,1068,14,999.7,62,1,999.9,379,5,1000.0,2187,23,1000.1,569,7,1000.2,833,9
317,2025-11-26 10:43:22+05:30,999.9,93,995.86,3648731,414716.0,428658.0,986.2,1001.8,981.3,986.2,120418500,1084.8,887.6,1102.5,649.1,999.5,32,1,999.4,1741,7,999.3,5027,14,999.2,1993,15,999.1,818,13,999.9,158,7,1000.0,2524,26,1000.1,715,11,1000.2,792,9,1000.3,2413,18
317,2025-11-26 10:43:23+05:30,999.9,6,995.86,3648731,414716.0,428658.0,986.2,1001.8,981.3,986.2,120418500,1084.8,887.6,1102.5,649.1,999.5,32,1,999.4,1741,7,999.3,5027,14,999.2,1993,15,999.1,818,13,999.9,158,7,1000.0,2524,26,1000.1,715,11,1000.2,792,9,1000.3,2413,18
317,2025-11-26 10:43:23+05:30,1000.0,1,995.86,3649350,413608.0,427285.0,986.2,1001.8,981.3,986.2,120418500,1084.8,887.6,1102.5,649.1,999.9,448,1,999.6,110,1,999.5,312,3,999.4,956,4,999.3,2888,12,1000.0,2033,20,1000.1,400,5,1000.2,1284,9,1000.3,1897,12,1000.4,924,15
317,2025-11-26 10:43:24+05:30,1000.0,9,995.86,3649350,413608.0,427285.0,986.2,1001.8,981.3,986.2,120418500,1084.8,887.6,1102.5,649.1,999.9,448,1,999.6,110,1,999.5,312,3,999.4,956,4,999.3,2888,12,1000.0,2033,20,1000.1,400,5,1000.2,1284,9,1000.3,1897,12,1000.4,924,15
317,2025-11-26 10:43:24+05:30,1000.0,95,995.87,3650667,413342.0,426471.0,986.2,1001.8,981.3,986.2,120418500,1084.8,887.6,1102.5,649.1,999.9,315,1,999.8,10,1,999.6,275,2,999.5,542,5,999.4,1134,5,1000.0,849,10,1000.1,648,6,1000.2,1165,6,1000.3,2113,13,1000.4,847,14
317,2025-11-26 10:43:25+05:30,999.9,266,995.87,3650667,413342.0,426471.0,986.2,1001.8,981.3,986.2,120418500,1084.8,887.6,1102.5,649.1,999.9,315,1,999.8,10,1,999.6,275,2,999.5,542,5,999.4,1134,5,1000.0,849,10,1000.1,648,6,1000.2,1165,6,1000.3,2113,13,1000.4,847,14
317,2025-11-26 10:43:25+05:30,999.9,266,995.87,3650933,412814.0,426424.0,986.2,1001.8,981.3,986.2,120418500,1084.8,887.6,1102.5,649.1,999.9,49,1,999.8,10,1,999.6,312,2,999.5,908,4,999.4,650,6,1000.0,765,10,1000.1,557,5,1000.2,1108,6,1000.3,2139,14,1000.4,1002,9
317,2025-11-26 10:43:26+05:30,1000.0,50,995.87,3650933,412814.0,426424.0,986.2,1001.8,981.3,986.2,120418500,1084.8,887.6,1102.5,649.1,999.9,49,1,999.8,10,1,999.6,312,2,999.5,908,4,999.4,650,6,1000.0,765,10,1000.1,557,5,1000.2,1108,6,1000.3,2139,14,1000.4,1002,9
317,2025-11-26 10:43:26+05:30,1000.0,50,995.87,3650994,412966.0,425549.0,986.2,1001.8,981.3,986.2,120418500,1084.8,887.6,1102.5,649.1,999.9,49,1,999.8,10,1,999.7,49,1,999.6,361,3,999.5,1126,6,1000.0,704,10,1000.1,557,5,1000.2,566,5,1000.3,2038,11,1000.4,737,7
317,2025-11-26 10:43:27+05:30,1000.0,134,995.87,3650994,412966.0,425549.0,986.2,1001.8,981.3,986.2,120418500,1084.8,887.6,1102.5,649.1,999.9,49,1,999.8,10,1,999.7,49,1,999.6,361,3,999.5,1126,6,1000.0,704,10,1000.1,557,5,1000.2,566,5,1000.3,2038,11,1000.4,737,7
317,2025-11-26 10:43:28+05:30,1000.0,9,995.87,3651841,412930.0,425459.0,986.2,1001.8,981.3,986.2,120418500,1084.8,887.6,1102.5,649.1,999.9,49,1,999.8,10,1,999.7,202,1,999.6,477,3,999.5,1371,8,1000.0,456,2,1000.1,591,6,1000.2,659,7,1000.3,2070,12,1000.4,743,7
317,2025-11-26 10:43:28+05:30,1000.0,49,995.87,3651841,412930.0,425459.0,986.2,1001.8,981.3,986.2,120418500,1084.8,887.6,1102.5,649.1,999.9,49,1,999.8,10,1,999.7,202,1,999.6,477,3,999.5,1371,8,1000.0,456,2,1000.1,591,6,1000.2,659,7,1000.3,2070,12,1000.4,743,7
317,2025-11-26 10:43:29+05:30,1000.0,10,995.87,3652005,412144.0,425848.0,986.2,1001.8,981.3,986.2,120418500,1084.8,887.6,1102.5,649.1,999.6,185,2,999.5,1409,9,999.4,1354,7,999.3,2868,14,999.2,1772,16,1000.0,392,2,1000.1,640,7,1000.2,1071,7,1000.3,2156,14,1000.4,1104,10
317,2025-11-26 10:43:29+05:30,999.6,113,995.87,3652005,412144.0,425848.0,986.2,1001.8,981.3,986.2,120418500,1084.8,887.6,1102.5,649.1,999.6,185,2,999.5,1409,9,999.4,1354,7,999.3,2868,14,999.2,1772,16,1000.0,392,2,1000.1,640,7,1000.2,1071,7,1000.3,2156,14,1000.4,1104,10
317,2025-11-26 10:43:30+05:30,999.8,20,995.87,3652158,414262.0,427547.0,986.2,1001.8,981.3,986.2,120418500,1084.8,887.6,1102.5,649.1,999.6,45,2,999.5,825,3,999.4,1288,6,999.3,3601,15,999.2,1655,14,999.8,76,1,1000.0,1139,8,1000.1,650,8,1000.2,723,10,1000.3,2416,16
317,2025-11-26 10:43:30+05:30,999.8,20,995.87,3652158,414262.0,427547.0,986.2,1001.8,981.3,986.2,120418500,1084.8,887.6,1102.5,649.1,999.6,45,2,999.5,825,3,999.4,1288,6,999.3,3601,15,999.2,1655,14,999.8,76,1,1000.0,1139,8,1000.1,650,8,1000.2,723,10,1000.3,2416,16
317,2025-11-26 10:43:31+05:30,999.6,25,995.87,3652196,414782.0,427856.0,986.2,1001.8,981.3,986.2,120418500,1084.8,887.6,1102.5,649.1,999.6,7,1,999.5,825,3,999.4,1245,5,999.3,4349,16,999.2,1655,14,999.8,76,1,999.9,243,2,1000.0,1297,10,1000.1,676,10,1000.2,697,8
317,2025-11-26 10:43:31+05:30,999.8,9,995.87,3652196,414782.0,427856.0,986.2,1001.8,981.3,986.2,120418500,1084.8,887.6,1102.5,649.1,999.6,7,1,999.5,825,3,999.4,1245,5,999.3,4349,16,999.2,1655,14,999.8,76,1,999.9,243,2,1000.0,1297,10,1000.1,676,10,1000.2,697,8
317,2025-11-26 10:43:32+05:30,999.8,200,995.87,3652538,414769.0,427941.0,986.2,1001.8,981.3,986.2,120418500,1084.8,887.6,1102.5,649.1,999.6,32,1,999.5,825,3,999.4,1245,5,999.3,4308,15,999.2,1655,14,999.8,96,1,999.9,250,2,1000.0,847,9,1000.1,1208,11,1000.2,692,7
317,2025-11-26 10:43:32+05:30,999.8,719,995.87,3652538,414769.0,427941.0,986.2,1001.8,981.3,986.2,120418500,1084.8,887.6,1102.5,649.1,999.6,32,1,999.5,825,3,999.4,1245,5,999.3,4308,15,999.2,1655,14,999.8,96,1,999.9,250,2,1000.0,847,9,1000.1,1208,11,1000.2,692,7
317,2025-11-26 10:43:33+05:30,999.8,719,995.87,3653262,415056.0,425541.0,986.2,1001.8,981.3,986.2,120418500,1084.8,887.6,1102.5,649.1,999.9,31,1,999.7,204,2,999.6,1142,5,999.5,1063,5,999.4,2800,11,1000.0,399,3,1000.1,542,5,1000.2,565,5,1000.3,2141,14,1000.4,739,9
317,2025-11-26 10:43:34+05:30,999.7,101,995.87,3653908,408850.0,424108.0,986.2,1001.8,981.3,986.2,120418500,1084.8,887.6,1102.5,649.1,999.7,2,1,999.6,1682,10,999.5,1643,11,999.4,2103,12,999.3,3828,14,1000.0,250,3,1000.1,255,3,1000.2,200,1,1000.3,1955,13,1000.4,891,9
317,2025-11-26 10:43:34+05:30,999.7,101,995.87,3653908,408850.0,424108.0,986.2,1001.8,981.3,986.2,120418500,1084.8,887.6,1102.5,649.1,999.7,2,1,999.6,1682,10,999.5,1643,11,999.4,2103,12,999.3,3828,14,1000.0,250,3,1000.1,255,3,1000.2,200,1,1000.3,1955,13,1000.4,891,9
317,2025-11-26 10:43:35+05:30,999.6,79,995.87,3653908,408850.0,424108.0,986.2,1001.8,981.3,986.2,120418500,1084.8,887.6,1102.5,649.1,999.7,2,1,999.6,1682,10,999.5,1643,11,999.4,2103,12,999.3,3828,14,1000.0,250,3,1000.1,255,3,1000.2,200,1,1000.3,1955,13,1000.4,891,9
317,2025-11-26 10:43:35+05:30,1000.0,50,995.87,3654102,411697.0,424512.0,986.2,1001.8,981.3,986.2,120418500,1084.8,887.6,1102.5,649.1,999.6,1292,9,999.5,1592,11,999.4,2824,12,999.3,3362,14,999.2,1443,13,1000.0,190,3,1000.1,335,5,1000.2,532,6,1000.3,2013,12,1000.4,1012,11
317,2025-11-26 10:43:36+05:30,1000.0,270,995.87,3654102,411697.0,424512.0,986.2,1001.8,981.3,986.2,120418500,1084.8,887.6,1102.5,649.1,999.6,1292,9,999.5,1592,11,999.4,2824,12,999.3,3362,14,999.2,1443,13,1000.0,190,3,1000.1,335,5,1000.2,532,6,1000.3,2013,12,1000.4,1012,11
317,2025-11-26 10:43:36+05:30,1000.0,270,995.87,3654562,410765.0,423846.0,986.2,1001.8,981.3,986.2,120418500,1084.8,887.6,1102.5,649.1,999.7,89,2,999.6,1721,8,999.5,1631,11,999.4,2074,11,999.3,3391,15,1000.0,157,4,1000.1,360,5,1000.2,248,5,1000.3,1814,11,1000.4,1014,12
317,2025-11-26 10:43:37+05:30,999.6,33,995.87,3654562,410765.0,423846.0,986.2,1001.8,981.3,986.2,120418500,1084.8,887.6,1102.5,649.1,999.7,89,2,999.6,1721,8,999.5,1631,11,999.4,2074,11,999.3,3391,15,1000.0,157,4,1000.1,360,5,1000.2,248,5,1000.3,1814,11,1000.4,1014,12
317,2025-11-26 10:43:37+05:30,999.6,33,995.87,3654706,410621.0,424442.0,986.2,1001.8,981.3,986.2,120418500,1084.8,887.6,1102.5,649.1,999.6,1012,5,999.5,1551,10,999.4,2256,12,999.3,3141,14,999.2,1484,14,1000.0,186,5,1000.1,557,7,1000.2,668,9,1000.3,1778,11,1000.4,1295,14
317,2025-11-26 10:43:38+05:30,1000.0,10,995.87,3654706,410621.0,424442.0,986.2,1001.8,981.3,986.2,120418500,1084.8,887.6,1102.5,649.1,999.6,1012,5,999.5,1551,10,999.4,2256,12,999.3,3141,14,999.2,1484,14,1000.0,186,5,1000.1,557,7,1000.2,668,9,1000.3,1778,11,1000.4,1295,14
317,2025-11-26 10:43:38+05:30,1000.0,10,995.87,3655691,410961.0,424139.0,986.2,1001.8,981.3,986.2,120418500,1084.8,887.6,1102.5,649.1,999.6,915,5,999.5,1544,10,999.4,2256,12,999.3,3391,15,999.2,1443,13,1000.0,165,2,1000.1,408,5,1000.2,607,7,1000.3,1869,11,1000.4,1063,17
317,2025-11-26 10:43:39+05:30,999.6,8,995.87,3655691,410961.0,424139.0,986.2,1001.8,981.3,986.2,120418500,1084.8,887.6,1102.5,649.1,999.6,915,5,999.5,1544,10,999.4,2256,12,999.3,3391,15,999.2,1443,13,1000.0,165,2,1000.1,408,5,1000.2,607,7,1000.3,1869,11,1000.4,1063,17
317,2025-11-26 10:43:39+05:30,999.6,8,995.87,3655824,410160.0,424068.0,986.2,1001.8,981.3,986.2,120418500,1084.8,887.6,1102.5,649.1,999.6,630,1,999.5,1508,9,999.4,2249,12,999.3,3141,14,999.2,905,13,1000.0,244,4,1000.1,456,7,1000.2,566,6,1000.3,1933,14,1000.4,1282,18
317,2025-11-26 10:43:40+05:30,999.8,11,995.87,3655968,411628.0,424188.0,986.2,1001.8,981.3,986.2,120418500,1084.8,887.6,1102.5,649.1,999.6,497,1,999.5,1333,7,999.4,2186,11,999.3,3391,15,999.2,905,13,999.8,85,1,1000.0,165,2,1000.1,635,7,1000.2,725,9,1000.3,1869,11
317,2025-11-26 10:43:40+05:30,999.6,242,995.87,3655968,411628.0,424188.0,986.2,1001.8,981.3,986.2,120418500,1084.8,887.6,1102.5,649.1,999.6,497,1,999.5,1333,7,999.4,2186,11,999.3,3391,15,999.2,905,13,999.8,85,1,1000.0,165,2,1000.1,635,7,1000.2,725,9,1000.3,1869,11
317,2025-11-26 10:43:41+05:30,999.8,35,995.87,3655968,411628.0,424188.0,986.2,1001.8,981.3,986.2,120418500,1084.8,887.6,1102.5,649.1,999.6,497,1,999.5,1333,7,999.4,2186,11,999.3,3391,15,999.2,905,13,999.8,85,1,1000.0,165,2,1000.1,635,7,1000.2,725,9,1000.3,1869,11
317,2025-11-26 10:43:41+05:30,999.8,35,995.87,3656245,415370.0,424936.0,986.2,1001.8,981.3,986.2,120418500,1084.8,887.6,1102.5,649.1,999.6,255,1,999.5,1333,7,999.4,3715,15,999.3,3391,15,999.2,905,13,999.8,50,1,1000.0,165,2,1000.1,635,7,1000.2,1284,10,1000.3,1869,11
317,2025-11-26 10:43:42+05:30,999.8,9,995.87,3656245,415370.0,424936.0,986.2,1001.8,981.3,986.2,120418500,1084.8,887.6,1102.5,649.1,999.6,255,1,999.5,1333,7,999.4,3715,15,999.3,3391,15,999.2,905,13,999.8,50,1,1000.0,165,2,1000.1,635,7,1000.2,1284,10,1000.3,1869,11
317,2025-11-26 10:43:42+05:30,999.8,9,995.87,3656254,415370.0,424353.0,986.2,1001.8,981.3,986.2,120418500,1084.8,887.6,1102.5,649.1,999.6,255,1,999.5,1333,7,999.4,3715,15,999.3,3391,15,999.2,905,13,999.8,41,1,1000.0,165,2,1000.1,635,7,1000.2,725,9,1000.3,1869,11
317,2025-11-26 10:43:43+05:30,999.8,20,995.87,3656254,415370.0,424353.0,986.2,1001.8,981.3,986.2,120418500,1084.8,887.6,1102.5,649.1,999.6,255,1,999.5,1333,7,999.4,3715,15,999.3,3391,15,999.2,905,13,999.8,41,1,1000.0,165,2,1000.1,635,7,1000.2,725,9,1000.3,1869,11
317,2025-11-26 10:43:43+05:30,999.8,2,995.87,3656276,416470.0,424833.0,986.2,1001.8,981.3,986.2,120418500,1084.8,887.6,1102.5,649.1,999.6,255,1,999.5,1429,9,999.4,3715,15,999.3,3391,15,999.2,905,13,999.8,19,1,1000.0,165,2,1000.1,635,7,1000.2,725,9,1000.3,1877,12
317,2025-11-26 10:43:44+05:30,999.8,8,995.87,3656276,416470.0,424833.0,986.2,1001.8,981.3,986.2,120418500,1084.8,887.6,1102.5,649.1,999.6,255,1,999.5,1429,9,999.4,3715,15,999.3,3391,15,999.2,905,13,999.8,19,1,1000.0,165,2,1000.1,635,7,1000.2,725,9,1000.3,1877,12
317,2025-11-26 10:43:44+05:30,999.8,8,995.87,3656284,416732.0,424807.0,986.2,1001.8,981.3,986.2,120418500,1084.8,887.6,1102.5,649.1,999.6,323,3,999.5,1439,9,999.4,3677,14,999.3,3391,15,999.2,905,13,999.8,11,1,1000.0,165,2,1000.1,635,7,1000.2,692,9,1000.3,1907,12
317,2025-11-26 10:43:45+05:30,999.6,20,995.87,3656284,416732.0,424807.0,986.2,1001.8,981.3,986.2,120418500,1084.8,887.6,1102.5,649.1,999.6,323,3,999.5,1439,9,999.4,3677,14,999.3,3391,15,999.2,905,13,999.8,11,1,1000.0,165,2,1000.1,635,7,1000.2,692,9,1000.3,1907,12
317,2025-11-26 10:43:45+05:30,999.6,20,995.87,3657173,407923.0,424397.0,986.2,1001.8,981.3,986.2,120418500,1084.8,887.6,1102.5,649.1,999.6,730,1,999.5,1438,8,999.4,3016,18,999.3,3243,14,999.2,905,10,1000.0,254,4,1000.1,739,11,1000.2,1216,8,1000.3,1869,11,1000.4,977,9
317,2025-11-26 10:43:46+05:30,999.6,20,995.87,3657173,408230.0,424344.0,986.2,1001.8,981.3,986.2,120418500,1084.8,887.6,1102.5,649.1,999.6,1303,2,999.5,1438,8,999.4,2266,17,999.3,3243,14,999.2,905,10,1000.0,254,4,1000.1,739,11,1000.2,1216,8,1000.3,1869,11,1000.4,977,9
317,2025-11-26 10:43:47+05:30,1000.0,9,995.87,3657173,408230.0,424344.0,986.2,1001.8,981.3,986.2,120418500,1084.8,887.6,1102.5,649.1,999.6,1303,2,999.5,1438,8,999.4,2266,17,999.3,3243,14,999.2,905,10,1000.0,254,4,1000.1,739,11,1000.2,1216,8,1000.3,1869,11,1000.4,977,9
317,2025-11-26 10:43:47+05:30,1000.0,9,995.87,3657912,412041.0,424525.0,986.2,1001.8,981.3,986.2,120418500,1084.8,887.6,1102.5,649.1,999.6,87,1,999.5,1238,7,999.4,2266,17,999.3,3022,14,999.2,1146,10,1000.0,428,3,1000.1,831,16,1000.2,1106,6,1000.3,1869,11,1000.4,985,10
317,2025-11-26 10:43:48+05:30,999.5,132,995.87,3657912,412041.0,424525.0,986.2,1001.8,981.3,986.2,120418500,1084.8,887.6,1102.5,649.1,999.6,87,1,999.5,1238,7,999.4,2266,17,999.3,3022,14,999.2,1146,10,1000.0,428,3,1000.1,831,16,1000.2,1106,6,1000.3,1869,11,1000.4,985,10
317,2025-11-26 10:43:48+05:30,999.5,132,995.88,3659015,411197.0,424215.0,986.2,1001.8,981.3,986.2,120418500,1084.8,887.6,1102.5,649.1,999.6,13,1,999.5,1067,6,999.4,2267,17,999.3,3245,14,999.2,778,7,1000.0,98,2,1000.1,583,9,1000.2,694,8,1000.3,2040,12,1000.4,1219,19
317,2025-11-26 10:43:49+05:30,999.5,70,995.88,3659015,411197.0,424215.0,986.2,1001.8,981.3,986.2,120418500,1084.8,887.6,1102.5,649.1,999.6,13,1,999.5,1067,6,999.4,2267,17,999.3,3245,14,999.2,778,7,1000.0,98,2,1000.1,583,9,1000.2,694,8,1000.3,2040,12,1000.4,1219,19
317,2025-11-26 10:43:49+05:30,999.5,70,995.88,3659163,411196.0,425275.0,986.2,1001.8,981.3,986.2,120418500,1084.8,887.6,1102.5,649.1,999.5,878,5,999.4,2125,14,999.3,3452,14,999.2,778,7,999.1,1563,13,1000.0,186,3,1000.1,1352,12,1000.2,655,7,1000.3,2073,13,1000.4,1224,19
317,2025-11-26 10:43:50+05:30,999.7,5,995.88,3659163,411196.0,425275.0,986.2,1001.8,981.3,986.2,120418500,1084.8,887.6,1102.5,649.1,999.5,878,5,999.4,2125,14,999.3,3452,14,999.2,778,7,999.1,1563,13,1000.0,186,3,1000.1,1352,12,1000.2,655,7,1000.3,2073,13,1000.4,1224,19
317,2025-11-26 10:43:51+05:30,999.7,11,995.88,3659189,414916.0,427055.0,986.2,1001.8,981.3,986.2,120418500,1084.8,887.6,1102.5,649.1,999.5,637,2,999.4,3663,17,999.3,3479,15,999.2,778,7,999.1,1741,14,999.7,70,1,999.9,2,1,1000.0,645,7,1000.1,986,12,1000.2,1285,9
317,2025-11-26 10:43:51+05:30,999.7,11,995.88,3659189,414916.0,427055.0,986.2,1001.8,981.3,986.2,120418500,1084.8,887.6,1102.5,649.1,999.5,637,2,999.4,3663,17,999.3,3479,15,999.2,778,7,999.1,1741,14,999.7,70,1,999.9,2,1,1000.0,645,7,1000.1,986,12,1000.2,1285,9
317,2025-11-26 10:43:52+05:30,999.7,2,995.88,3659191,414501.0,426806.0,986.2,1001.8,981.3,986.2,120418500,1084.8,887.6,1102.5,649.1,999.5,637,2,999.4,3663,17,999.3,3431,14,999.2,731,6,999.1,1695,13,999.7,68,1,999.9,2,1,1000.0,655,8,1000.1,738,11,1000.2,1285,9
317,2025-11-26 10:43:52+05:30,999.7,2,995.88,3659191,414501.0,426806.0,986.2,1001.8,981.3,986.2,120418500,1084.8,887.6,1102.5,649.1,999.5,637,2,999.4,3663,17,999.3,3431,14,999.2,731,6,999.1,1695,13,999.7,68,1,999.9,2,1,1000.0,655,8,1000.1,738,11,1000.2,1285,9
317,2025-11-26 10:43:53+05:30,999.7,21,995.88,3659221,414715.0,426886.0,986.2,1001.8,981.3,986.2,120418500,1084.8,887.6,1102.5,649.1,999.5,634,1,999.4,3663,17,999.3,3431,14,999.2,779,7,999.1,1743,14,999.7,38,1,999.9,2,1,1000.0,559,7,1000.1,650,11,1000.2,1423,10
317,2025-11-26 10:43:53+05:30,999.7,21,995.88,3659221,414715.0,426886.0,986.2,1001.8,981.3,986.2,120418500,1084.8,887.6,1102.5,649.1,999.5,634,1,999.4,3663,17,999.3,3431,14,999.2,779,7,999.1,1743,14,999.7,38,1,999.9,2,1,1000.0,559,7,1000.1,650,11,1000.2,1423,10
317,2025-11-26 10:43:54+05:30,999.7,21,995.88,3659221,414894.0,426753.0,986.2,1001.8,981.3,986.2,120418500,1084.8,887.6,1102.5,649.1,999.6,112,1,999.5,634,1,999.4,3663,17,999.3,3431,14,999.2,779,7,999.7,38,1,999.9,2,1,1000.0,510,6,1000.1,650,11,1000.2,1423,10
317,2025-11-26 10:43:54+05:30,999.7,7,995.88,3659221,414894.0,426753.0,986.2,1001.8,981.3,986.2,120418500,1084.8,887.6,1102.5,649.1,999.6,112,1,999.5,634,1,999.4,3663,17,999.3,3431,14,999.2,779,7,999.7,38,1,999.9,2,1,1000.0,510,6,1000.1,650,11,1000.2,1423,10
317,2025-11-26 10:43:55+05:30,999.9,87,995.88,3660203,409738.0,424436.0,986.2,1001.8,981.3,986.2,120418500,1084.8,887.6,1102.5,649.1,999.9,26,1,999.6,308,2,999.5,908,4,999.4,1902,7,999.3,2573,12,1000.0,677,8,1000.1,506,8,1000.2,964,7,1000.3,2024,10,1000.4,891,14
317,2025-11-26 10:43:55+05:30,999.9,87,995.88,3660203,409738.0,424436.0,986.2,1001.8,981.3,986.2,120418500,1084.8,887.6,1102.5,649.1,999.9,26,1,999.6,308,2,999.5,908,4,999.4,1902,7,999.3,2573,12,1000.0,677,8,1000.1,506,8,1000.2,964,7,1000.3,2024,10,1000.4,891,14
317,2025-11-26 10:43:56+05:30,999.6,29,995.88,3660470,408179.0,425244.0,986.2,1001.8,981.3,986.2,120418500,1084.8,887.6,1102.5,649.1,999.6,77,1,999.5,112,1,999.4,1162,7,999.3,2779,16,999.2,1897,13,1000.0,582,7,1000.1,839,13,1000.2,1350,8,1000.3,2300,13,1000.4,873,15
317,2025-11-26 10:43:56+05:30,999.6,29,995.88,3660470,408179.0,425244.0,986.2,1001.8,981.3,986.2,120418500,1084.8,887.6,1102.5,649.1,999.6,77,1,999.5,112,1,999.4,1162,7,999.3,2779,16,999.2,1897,13,1000.0,582,7,1000.1,839,13,1000.2,1350,8,1000.3,2300,13,1000.4,873,15
317,2025-11-26 10:43:57+05:30,999.6,1,995.88,3661224,409063.0,422925.0,986.2,1001.8,981.3,986.2,120418500,1084.8,887.6,1102.5,649.1,999.6,398,4,999.5,1447,8,999.4,1453,11,999.3,3281,16,999.2,1214,14,1000.1,57,3,1000.2,1026,8,1000.3,2033,11,1000.4,719,8,1000.5,1024,21
317,2025-11-26 10:43:57+05:30,999.6,1,995.88,3661224,409063.0,422925.0,986.2,1001.8,981.3,986.2,120418500,1084.8,887.6,1102.5,649.1,999.6,398,4,999.5,1447,8,999.4,1453,11,999.3,3281,16,999.2,1214,14,1000.1,57,3,1000.2,1026,8,1000.3,2033,11,1000.4,719,8,1000.5,1024,21
317,2025-11-26 10:43:58+05:30,1000.0,500,995.88,3661731,409922.0,423964.0,986.2,1001.8,981.3,986.2,120418500,1084.8,887.6,1102.5,649.1,999.6,88,2,999.5,1304,5,999.4,2130,11,999.3,3281,16,999.2,1166,12,1000.0,199,1,1000.1,289,6,1000.2,1443,10,1000.3,2028,10,1000.4,1005,9
317,2025-11-26 10:43:58+05:30,1000.0,500,995.88,3661731,409922.0,423964.0,986.2,1001.8,981.3,986.2,120418500,1084.8,887.6,1102.5,649.1,999.6,88,2,999.5,1304,5,999.4,2130,11,999.3,3281,16,999.2,1166,12,1000.0,199,1,1000.1,289,6,1000.2,1443,10,1000.3,2028,10,1000.4,1005,9
317,2025-11-26 10:43:59+05:30,1000.0,500,995.88,3661731,409758.0,424220.0,986.2,1001.8,981.3,986.2,120418500,1084.8,887.6,1102.5,649.1,999.6,86,1,999.5,959,4,999.4,2127,15,999.3,3236,13,999.2,1132,10,1000.0,200,4,1000.1,511,8,1000.2,1397,9,1000.3,2028,10,1000.4,1005,9
317,2025-11-26 10:44:00+05:30,999.6,10,995.88,3661750,411510.0,425144.0,986.2,1001.8,981.3,986.2,120418500,1084.8,887.6,1102.5,649.1,999.6,108,2,999.5,815,2,999.4,2162,16,999.3,3236,13,999.2,1078,9,999.8,96,1,1000.0,121,2,1000.1,974,9,1000.2,1061,11,1000.3,2028,10
317,2025-11-26 10:44:00+05:30,999.6,10,995.88,3661750,411510.0,425144.0,986.2,1001.8,981.3,986.2,120418500,1084.8,887.6,1102.5,649.1,999.6,108,2,999.5,815,2,999.4,2162,16,999.3,3236,13,999.2,1078,9,999.8,96,1,1000.0,121,2,1000.1,974,9,1000.2,1061,11,1000.3,2028,10
317,2025-11-26 10:44:01+05:30,999.8,8,995.88,3661750,411510.0,425144.0,986.2,1001.8,981.3,986.2,120418500,1084.8,887.6,1102.5,649.1,999.6,108,2,999.5,815,2,999.4,2162,16,999.3,3236,13,999.2,1078,9,999.8,96,1,1000.0,121,2,1000.1,974,9,1000.2,1061,11,1000.3,2028,10
317,2025-11-26 10:44:01+05:30,999.8,8,995.88,3661768,413125.0,424713.0,986.2,1001.8,981.3,986.2,120418500,1084.8,887.6,1102.5,649.1,999.6,100,2,999.5,815,2,999.4,3730,20,999.3,3486,14,999.2,828,8,999.8,86,1,1000.0,80,2,1000.1,466,7,1000.2,1164,10,1000.3,2028,10
317,2025-11-26 10:44:02+05:30,999.8,8,995.88,3661768,413368.0,424715.0,986.2,1001.8,981.3,986.2,120418500,1084.8,887.6,1102.5,649.1,999.6,100,2,999.5,815,2,999.4,3730,20,999.3,3486,14,999.2,828,8,999.8,86,1,1000.0,80,2,1000.1,466,7,1000.2,1164,10,1000.3,2028,10
317,2025-11-26 10:44:03+05:30,999.8,8,995.88,3661768,413366.0,424691.0,986.2,1001.8,981.3,986.2,120418500,1084.8,887.6,1102.5,649.1,999.6,100,2,999.5,815,2,999.4,3730,20,999.3,3486,14,999.2,828,8,999.8,86,1,1000.0,80,2,1000.1,466,7,1000.2,1164,10,1000.3,2028,10
317,2025-11-26 10:44:04+05:30,999.8,8,995.88,3661768,413629.0,424718.0,986.2,1001.8,981.3,986.2,120418500,1084.8,887.6,1102.5,649.1,999.6,100,2,999.5,815,2,999.4,3730,20,999.3,3486,14,999.2,828,8,999.8,86,1,1000.0,80,2,1000.1,466,7,1000.2,652,9,1000.3,2028,10
317,2025-11-26 10:44:05+05:30,1000.0,2,995.88,3661768,413629.0,424718.0,986.2,1001.8,981.3,986.2,120418500,1084.8,887.6,1102.5,649.1,999.6,100,2,999.5,815,2,999.4,3730,20,999.3,3486,14,999.2,828,8,999.8,86,1,1000.0,80,2,1000.1,466,7,1000.2,652,9,1000.3,2028,10
317,2025-11-26 10:44:05+05:30,1000.0,2,995.88,3662714,413222.0,423535.0,986.2,1001.8,981.3,986.2,120418500,1084.8,887.6,1102.5,649.1,999.9,755,2,999.7,92,2,999.6,677,4,999.5,1014,5,999.4,3073,15,1000.0,2,1,1000.1,2,1,1000.2,458,5,1000.3,1915,9,1000.4,714,7
317,2025-11-26 10:44:06+05:30,1000.0,8,995.88,3662714,413222.0,423535.0,986.2,1001.8,981.3,986.2,120418500,1084.8,887.6,1102.5,649.1,999.9,755,2,999.7,92,2,999.6,677,4,999.5,1014,5,999.4,3073,15,1000.0,2,1,1000.1,2,1,1000.2,458,5,1000.3,1915,9,1000.4,714,7
317,2025-11-26 10:44:06+05:30,1000.0,8,995.88,3662742,415629.0,423137.0,986.2,1001.8,981.3,986.2,120418500,1084.8,887.6,1102.5,649.1,999.9,735,2,999.8,46,1,999.7,324,4,999.6,2168,13,999.5,3685,14,1000.0,2,1,1000.2,195,3,1000.3,1867,8,1000.4,716,8,1000.5,876,18
317,2025-11-26 10:44:07+05:30,999.9,5,995.88,3662742,415629.0,423137.0,986.2,1001.8,981.3,986.2,120418500,1084.8,887.6,1102.5,649.1,999.9,735,2,999.8,46,1,999.7,324,4,999.6,2168,13,999.5,3685,14,1000.0,2,1,1000.2,195,3,1000.3,1867,8,1000.4,716,8,1000.5,876,18
317,2025-11-26 10:44:07+05:30,999.9,5,995.88,3662747,415604.0,423351.0,986.2,1001.8,981.3,986.2,120418500,1084.8,887.6,1102.5,649.1,999.9,730,2,999.7,370,5,999.6,2168,13,999.5,3665,13,999.4,2745,15,1000.0,2,1,1000.2,193,2,1000.3,1869,9,1000.4,742,9,1000.5,876,18
317,2025-11-26 10:44:08+05:30,1000.0,10,995.88,3662747,415604.0,423351.0,986.2,1001.8,981.3,986.2,120418500,1084.8,887.6,1102.5,649.1,999.9,730,2,999.7,370,5,999.6,2168,13,999.5,3665,13,999.4,2745,15,1000.0,2,1,1000.2,193,2,1000.3,1869,9,1000.4,742,9,1000.5,876,18
317,2025-11-26 10:44:08+05:30,1000.0,10,995.88,3663490,410051.0,423956.0,986.2,1001.8,981.3,986.2,120418500,1084.8,887.6,1102.5,649.1,1000.0,3,1,999.9,18,2,999.7,1083,6,999.6,1290,8,999.5,2680,13,1000.2,472,6,1000.3,1824,10,1000.4,619,8,1000.5,851,19,1000.6,1362,11
317,2025-11-26 10:44:09+05:30,1000.2,9,995.88,3663490,410051.0,423956.0,986.2,1001.8,981.3,986.2,120418500,1084.8,887.6,1102.5,649.1,1000.0,3,1,999.9,18,2,999.7,1083,6,999.6,1290,8,999.5,2680,13,1000.2,472,6,1000.3,1824,10,1000.4,619,8,1000.5,851,19,1000.6,1362,11
317,2025-11-26 10:44:09+05:30,1000.2,8,995.88,3663513,410191.0,424359.0,986.2,1001.8,981.3,986.2,120418500,1084.8,887.6,1102.5,649.1,999.9,18,2,999.7,961,4,999.6,1062,7,999.5,2739,13,999.4,1624,11,1000.2,980,7,1000.3,1852,12,1000.4,743,9,1000.5,833,17,1000.6,1150,11
317,2025-11-26 10:44:10+05:30,1000.0,153,995.88,3663513,410191.0,424359.0,986.2,1001.8,981.3,986.2,120418500,1084.8,887.6,1102.5,649.1,999.9,18,2,999.7,961,4,999.6,1062,7,999.5,2739,13,999.4,1624,11,1000.2,980,7,1000.3,1852,12,1000.4,743,9,1000.5,833,17,1000.6,1150,11
317,2025-11-26 10:44:10+05:30,1000.0,153,995.88,3665013,410714.0,425493.0,986.2,1001.8,981.3,986.2,120418500,1084.8,887.6,1102.5,649.1,999.9,18,2,999.6,745,3,999.5,3450,11,999.4,1517,16,999.3,1067,12,1000.0,142,2,1000.1,242,4,1000.2,1062,9,1000.3,1929,13,1000.4,967,13
317,2025-11-26 10:44:12+05:30,1000.0,11,995.88,3665024,410713.0,425015.0,986.2,1001.8,981.3,986.2,120418500,1084.8,887.6,1102.5,649.1,999.9,18,2,999.6,745,3,999.5,3450,11,999.4,1517,16,999.3,1067,12,1000.0,230,4,1000.1,390,5,1000.2,1075,10,1000.3,1924,11,1000.4,977,16
317,2025-11-26 10:44:12+05:30,1000.0,1,995.88,3665024,410713.0,425015.0,986.2,1001.8,981.3,986.2,120418500,1084.8,887.6,1102.5,649.1,999.9,18,2,999.6,745,3,999.5,3450,11,999.4,1517,16,999.3,1067,12,1000.0,230,4,1000.1,390,5,1000.2,1075,10,1000.3,1924,11,1000.4,977,16
317,2025-11-26 10:44:13+05:30,1000.1,92,995.88,3665775,409768.0,423283.0,986.2,1001.8,981.3,986.2,120418500,1084.8,887.6,1102.5,649.1,999.9,18,2,999.7,417,3,999.6,1030,6,999.5,1297,10,999.4,1670,19,1000.1,275,1,1000.2,457,5,1000.3,1860,10,1000.4,859,13,1000.5,576,11
317,2025-11-26 10:44:13+05:30,1000.1,8,995.88,3665775,409768.0,423283.0,986.2,1001.8,981.3,986.2,120418500,1084.8,887.6,1102.5,649.1,999.9,18,2,999.7,417,3,999.6,1030,6,999.5,1297,10,999.4,1670,19,1000.1,275,1,1000.2,457,5,1000.3,1860,10,1000.4,859,13,1000.5,576,11
317,2025-11-26 10:44:13+05:30,1000.1,3,995.88,3665786,409964.0,424189.0,986.2,1001.8,981.3,986.2,120418500,1084.8,887.6,1102.5,649.1,999.9,19,3,999.7,459,4,999.6,1072,7,999.5,1297,10,999.4,1670,19,1000.1,264,1,1000.2,593,5,1000.3,1860,10,1000.4,894,13,1000.5,761,13
317,2025-11-26 10:44:14+05:30,1000.0,10,995.88,3665786,409964.0,424189.0,986.2,1001.8,981.3,986.2,120418500,1084.8,887.6,1102.5,649.1,999.9,19,3,999.7,459,4,999.6,1072,7,999.5,1297,10,999.4,1670,19,1000.1,264,1,1000.2,593,5,1000.3,1860,10,1000.4,894,13,1000.5,761,13
317,2025-11-26 10:44:14+05:30,1000.0,10,995.88,3665908,409734.0,424021.0,986.2,1001.8,981.3,986.2,120418500,1084.8,887.6,1102.5,649.1,999.9,19,3,999.7,110,1,999.6,1166,7,999.5,1339,11,999.4,1585,18,1000.1,402,2,1000.2,538,4,1000.3,1920,11,1000.4,860,13,1000.5,1052,16
317,2025-11-26 10:44:15+05:30,1000.1,9,995.88,3665908,409734.0,424021.0,986.2,1001.8,981.3,986.2,120418500,1084.8,887.6,1102.5,649.1,999.9,19,3,999.7,110,1,999.6,1166,7,999.5,1339,11,999.4,1585,18,1000.1,402,2,1000.2,538,4,1000.3,1920,11,1000.4,860,13,1000.5,1052,16
317,2025-11-26 10:44:15+05:30,1000.1,9,995.88,3665917,411843.0,423663.0,986.2,1001.8,981.3,986.2,120418500,1084.8,887.6,1102.5,649.1,999.9,19,3,999.7,341,4,999.6,1255,9,999.5,2673,14,999.4,1939,16,1000.1,255,1,1000.2,496,3,1000.3,1872,10,1000.4,827,12,1000.5,735,11
317,2025-11-26 10:44:16+05:30,1000.1,9,995.88,3665917,412093.0,423509.0,986.2,1001.8,981.3,986.2,120418500,1084.8,887.6,1102.5,649.1,999.9,19,3,999.7,515,6,999.6,1893,11,999.5,2039,13,999.4,1939,16,1000.1,255,1,1000.2,388,2,1000.3,1823,9,1000.4,785,11,1000.5,770,11
317,2025-11-26 10:44:17+05:30,1000.1,9,995.88,3665917,412068.0,423450.0,986.2,1001.8,981.3,986.2,120418500,1084.8,887.6,1102.5,649.1,999.9,19,3,999.7,490,5,999.6,1893,11,999.5,2039,13,999.4,1939,16,1000.1,255,1,1000.2,436,3,1000.3,1871,10,1000.4,785,11,1000.5,777,12
317,2025-11-26 10:44:18+05:30,1000.1,9,995.88,3665917,412092.0,425474.0,986.2,1001.8,981.3,986.2,120418500,1084.8,887.6,1102.5,649.1,999.9,19,3,999.7,490,5,999.6,1893,11,999.5,2039,13,999.4,1939,16,1000.1,255,1,1000.2,436,3,1000.3,1871,10,1000.4,785,11,1000.5,777,12
317,2025-11-26 10:44:19+05:30,1000.1,100,995.88,3665917,412092.0,425474.0,986.2,1001.8,981.3,986.2,120418500,1084.8,887.6,1102.5,649.1,999.9,19,3,999.7,490,5,999.6,1893,11,999.5,2039,13,999.4,1939,16,1000.1,255,1,1000.2,436,3,1000.3,1871,10,1000.4,785,11,1000.5,777,12
317,2025-11-26 10:44:19+05:30,1000.1,100,995.88,3666017,411999.0,424822.0,986.2,1001.8,981.3,986.2,120418500,1084.8,887.6,1102.5,649.1,999.9,19,3,999.7,377,5,999.6,1893,11,999.5,2039,13,999.4,1939,16,1000.1,156,2,1000.2,388,2,1000.3,1871,10,1000.4,784,11,1000.5,803,14
317,2025-11-26 10:44:20+05:30,1000.0,5,995.88,3666017,411999.0,424822.0,986.2,1001.8,981.3,986.2,120418500,1084.8,887.6,1102.5,649.1,999.9,19,3,999.7,377,5,999.6,1893,11,999.5,2039,13,999.4,1939,16,1000.1,156,2,1000.2,388,2,1000.3,1871,10,1000.4,784,11,1000.5,803,14
317,2025-11-26 10:44:20+05:30,1000.0,5,995.88,3666053,412453.0,425862.0,986.2,1001.8,981.3,986.2,120418500,1084.8,887.6,1102.5,649.1,999.9,22,4,999.8,2,1,999.7,225,3,999.6,1849,9,999.5,3623,17,1000.0,61,1,1000.1,155,2,1000.2,430,3,1000.3,1787,10,1000.4,820,12
317,2025-11-26 10:44:21+05:30,999.9,1,995.88,3666053,412453.0,425862.0,986.2,1001.8,981.3,986.2,120418500,1084.8,887.6,1102.5,649.1,999.9,22,4,999.8,2,1,999.7,225,3,999.6,1849,9,999.5,3623,17,1000.0,61,1,1000.1,155,2,1000.2,430,3,1000.3,1787,10,1000.4,820,12
317,2025-11-26 10:44:21+05:30,999.9,1,995.88,3666061,413241.0,425869.0,986.2,1001.8,981.3,986.2,120418500,1084.8,887.6,1102.5,649.1,999.9,14,3,999.8,2,1,999.7,225,3,999.6,1849,9,999.5,4373,18,1000.0,65,2,1000.1,155,2,1000.2,471,4,1000.3,1800,11,1000.4,778,11
317,2025-11-26 10:44:22+05:30,999.9,1,995.88,3666061,413284.0,426340.0,986.2,1001.8,981.3,986.2,120418500,1084.8,887.6,1102.5,649.1,999.9,14,3,999.7,12,1,999.6,1851,10,999.5,4577,19,999.4,1939,16,1000.0,65,2,1000.1,155,2,1000.2,517,5,1000.3,1800,11,1000.4,778,11
317,2025-11-26 10:44:23+05:30,1000.0,7,995.88,3666061,413284.0,426340.0,986.2,1001.8,981.3,986.2,120418500,1084.8,887.6,1102.5,649.1,999.9,14,3,999.7,12,1,999.6,1851,10,999.5,4577,19,999.4,1939,16,1000.0,65,2,1000.1,155,2,1000.2,517,5,1000.3,1800,11,1000.4,778,11
317,2025-11-26 10:44:24+05:30,1000.0,10,995.88,3666842,412675.0,426550.0,986.2,1001.8,981.3,986.2,120418500,1084.8,887.6,1102.5,649.1,999.9,11,2,999.8,2,1,999.7,169,3,999.6,2070,11,999.5,3909,15,1000.0,79,1,1000.1,155,2,1000.2,435,3,1000.3,1692,9,1000.4,958,18
317,2025-11-26 10:44:24+05:30,1000.0,10,995.88,3666842,412675.0,426550.0,986.2,1001.8,981.3,986.2,120418500,1084.8,887.6,1102.5,649.1,999.9,11,2,999.8,2,1,999.7,169,3,999.6,2070,11,999.5,3909,15,1000.0,79,1,1000.1,155,2,1000.2,435,3,1000.3,1692,9,1000.4,958,18
317,2025-11-26 10:44:25+05:30,1000.0,10,995.88,3666852,412097.0,425992.0,986.2,1001.8,981.3,986.2,120418500,1084.8,887.6,1102.5,649.1,999.9,11,2,999.8,2,1,999.7,169,3,999.6,1436,10,999.5,3806,16,1000.0,69,1,1000.1,155,2,1000.2,435,3,1000.3,1692,9,1000.4,951,17
317,2025-11-26 10:44:25+05:30,999.9,1,995.88,3666852,412097.0,425992.0,986.2,1001.8,981.3,986.2,120418500,1084.8,887.6,1102.5,649.1,999.9,11,2,999.8,2,1,999.7,169,3,999.6,1436,10,999.5,3806,16,1000.0,69,1,1000.1,155,2,1000.2,435,3,1000.3,1692,9,1000.4,951,17
317,2025-11-26 10:44:26+05:30,999.7,10,995.88,3666873,413892.0,426917.0,986.2,1001.8,981.3,986.2,120418500,1084.8,887.6,1102.5,649.1,999.7,2,1,999.6,809,9,999.5,3801,16,999.4,2398,19,999.3,2006,12,999.9,58,1,1000.1,359,4,1000.2,962,5,1000.3,1847,11,1000.4,951,17
317,2025-11-26 10:44:26+05:30,999.6,2,995.88,3666873,413892.0,426917.0,986.2,1001.8,981.3,986.2,120418500,1084.8,887.6,1102.5,649.1,999.7,2,1,999.6,809,9,999.5,3801,16,999.4,2398,19,999.3,2006,12,999.9,58,1,1000.1,359,4,1000.2,962,5,1000.3,1847,11,1000.4,951,17
317,2025-11-26 10:44:27+05:30,999.6,2,995.88,3666877,414539.0,426987.0,986.2,1001.8,981.3,986.2,120418500,1084.8,887.6,1102.5,649.1,999.7,42,2,999.6,1160,8,999.5,3709,16,999.4,2730,17,999.3,1006,10,999.9,58,1,1000.1,537,5,1000.2,436,4,1000.3,1846,11,1000.4,948,15
317,2025-11-26 10:44:27+05:30,999.6,46,995.88,3666877,414539.0,426987.0,986.2,1001.8,981.3,986.2,120418500,1084.8,887.6,1102.5,649.1,999.7,42,2,999.6,1160,8,999.5,3709,16,999.4,2730,17,999.3,1006,10,999.9,58,1,1000.1,537,5,1000.2,436,4,1000.3,1846,11,1000.4,948,15
317,2025-11-26 10:44:28+05:30,1000.1,1,995.88,3667574,413994.0,424638.0,986.2,1001.8,981.3,986.2,120418500,1084.8,887.6,1102.5,649.1,1000.1,153,1,999.9,2,1,999.8,202,1,999.7,708,6,999.6,1579,13,1000.2,211,2,1000.3,1619,6,1000.4,504,5,1000.5,1178,13,1000.6,871,8
317,2025-11-26 10:44:28+05:30,1000.1,153,995.88,3667574,413994.0,424638.0,986.2,1001.8,981.3,986.2,120418500,1084.8,887.6,1102.5,649.1,1000.1,153,1,999.9,2,1,999.8,202,1,999.7,708,6,999.6,1579,13,1000.2,211,2,1000.3,1619,6,1000.4,504,5,1000.5,1178,13,1000.6,871,8
317,2025-11-26 10:44:29+05:30,1000.2,10,995.88,3667737,413650.0,425675.0,986.2,1001.8,981.3,986.2,120418500,1084.8,887.6,1102.5,649.1,999.7,138,4,999.6,1579,13,999.5,2975,15,999.4,1678,15,999.3,1256,11,1000.2,557,4,1000.3,1619,6,1000.4,713,10,1000.5,1329,15,1000.6,871,8
317,2025-11-26 10:44:29+05:30,1000.2,10,995.88,3667737,413650.0,425675.0,986.2,1001.8,981.3,986.2,120418500,1084.8,887.6,1102.5,649.1,999.7,138,4,999.6,1579,13,999.5,2975,15,999.4,1678,15,999.3,1256,11,1000.2,557,4,1000.3,1619,6,1000.4,713,10,1000.5,1329,15,1000.6,871,8
317,2025-11-26 10:44:30+05:30,1000.2,10,995.88,3667737,417400.0,426148.0,986.2,1001.8,981.3,986.2,120418500,1084.8,887.6,1102.5,649.1,999.7,1569,10,999.6,2260,15,999.5,3058,12,999.4,1178,15,999.3,2506,12,1000.0,96,1,1000.2,379,3,1000.3,2018,8,1000.4,698,11,1000.5,784,13
317,2025-11-26 10:44:31+05:30,999.7,8,995.88,3667745,418276.0,426200.0,986.2,1001.8,981.3,986.2,120418500,1084.8,887.6,1102.5,649.1,999.7,1065,9,999.6,3789,18,999.5,3308,13,999.4,928,14,999.3,2506,12,1000.0,96,1,1000.2,379,3,1000.3,2018,8,1000.4,698,11,1000.5,784,13
317,2025-11-26 10:44:31+05:30,999.7,8,995.88,3667745,418276.0,426200.0,986.2,1001.8,981.3,986.2,120418500,1084.8,887.6,1102.5,649.1,999.7,1065,9,999.6,3789,18,999.5,3308,13,999.4,928,14,999.3,2506,12,1000.0,96,1,1000.2,379,3,1000.3,2018,8,1000.4,698,11,1000.5,784,13
317,2025-11-26 10:44:32+05:30,999.7,8,995.88,3667745,418146.0,426158.0,986.2,1001.8,981.3,986.2,120418500,1084.8,887.6,1102.5,649.1,999.7,1065,9,999.6,3789,18,999.5,3308,13,999.4,928,14,999.3,2506,12,1000.0,96,1,1000.2,379,3,1000.3,2018,8,1000.4,698,11,1000.5,784,13
317,2025-11-26 10:44:32+05:30,999.7,1,995.88,3667745,418146.0,426158.0,986.2,1001.8,981.3,986.2,120418500,1084.8,887.6,1102.5,649.1,999.7,1065,9,999.6,3789,18,999.5,3308,13,999.4,928,14,999.3,2506,12,1000.0,96,1,1000.2,379,3,1000.3,2018,8,1000.4,698,11,1000.5,784,13
317,2025-11-26 10:44:33+05:30,999.7,1,995.88,3667746,418145.0,426202.0,986.2,1001.8,981.3,986.2,120418500,1084.8,887.6,1102.5,649.1,999.7,1064,9,999.6,3789,18,999.5,3308,13,999.4,928,14,999.3,2506,12,1000.0,96,1,1000.2,380,4,1000.3,2018,8,1000.4,697,10,1000.5,784,13
317,2025-11-26 10:44:34+05:30,1000.0,3,995.88,3667749,417822.0,426199.0,986.2,1001.8,981.3,986.2,120418500,1084.8,887.6,1102.5,649.1,999.8,112,1,999.7,965,8,999.6,3725,17,999.5,3058,12,999.4,1178,15,1000.0,93,1,1000.2,380,4,1000.3,2018,8,1000.4,745,11,1000.5,784,13
317,2025-11-26 10:44:34+05:30,1000.0,557,995.88,3667749,417822.0,426199.0,986.2,1001.8,981.3,986.2,120418500,1084.8,887.6,1102.5,649.1,999.8,112,1,999.7,965,8,999.6,3725,17,999.5,3058,12,999.4,1178,15,1000.0,93,1,1000.2,380,4,1000.3,2018,8,1000.4,745,11,1000.5,784,13
317,2025-11-26 10:44:35+05:30,999.8,22,995.89,3668749,418800.0,425797.0,986.2,1001.8,981.3,986.2,120418500,1084.8,887.6,1102.5,649.1,999.7,1034,9,999.6,3676,18,999.5,3233,11,999.4,862,10,999.3,2506,12,999.8,50,1,1000.2,404,4,1000.3,1887,8,1000.4,530,7,1000.5,694,11
317,2025-11-26 10:44:35+05:30,999.8,50,995.89,3668749,418800.0,425797.0,986.2,1001.8,981.3,986.2,120418500,1084.8,887.6,1102.5,649.1,999.7,1034,9,999.6,3676,18,999.5,3233,11,999.4,862,10,999.3,2506,12,999.8,50,1,1000.2,404,4,1000.3,1887,8,1000.4,530,7,1000.5,694,11
317,2025-11-26 10:44:36+05:30,999.8,50,995.89,3668799,415888.0,424384.0,986.2,1001.8,981.3,986.2,120418500,1084.8,887.6,1102.5,649.1,999.8,689,6,999.7,1240,10,999.6,2304,19,999.5,3293,12,999.4,862,10,1000.2,1,1,1000.3,1439,5,1000.4,508,7,1000.5,743,12,1000.6,1483,11
317,2025-11-26 10:44:37+05:30,1000.3,10,995.89,3668809,414624.0,423284.0,986.2,1001.8,981.3,986.2,120418500,1084.8,887.6,1102.5,649.1,999.8,728,5,999.7,1280,11,999.6,1475,13,999.5,3195,17,999.4,1112,11,1000.3,1429,5,1000.4,579,9,1000.5,737,11,1000.6,1226,10,1000.7,1563,19
317,2025-11-26 10:44:37+05:30,1000.3,10,995.89,3668809,414624.0,423284.0,986.2,1001.8,981.3,986.2,120418500,1084.8,887.6,1102.5,649.1,999.8,728,5,999.7,1280,11,999.6,1475,13,999.5,3195,17,999.4,1112,11,1000.3,1429,5,1000.4,579,9,1000.5,737,11,1000.6,1226,10,1000.7,1563,19
317,2025-11-26 10:44:38+05:30,1000.3,10,995.89,3668809,414624.0,423297.0,986.2,1001.8,981.3,986.2,120418500,1084.8,887.6,1102.5,649.1,999.8,728,5,999.7,1280,11,999.6,1475,13,999.5,3195,17,999.4,1112,11,1000.3,1429,5,1000.4,579,9,1000.5,737,11,1000.6,1232,11,1000.7,1563,19
317,2025-11-26 10:44:38+05:30,1000.0,69,995.89,3668809,414624.0,423297.0,986.2,1001.8,981.3,986.2,120418500,1084.8,887.6,1102.5,649.1,999.8,728,5,999.7,1280,11,999.6,1475,13,999.5,3195,17,999.4,1112,11,1000.3,1429,5,1000.4,579,9,1000.5,737,11,1000.6,1232,11,1000.7,1563,19
317,2025-11-26 10:44:39+05:30,1000.0,69,995.89,3668878,416179.0,424934.0,986.2,1001.8,981.3,986.2,120418500,1084.8,887.6,1102.5,649.1,1000.0,34,1,999.8,547,1,999.7,951,5,999.6,2366,16,999.5,3195,17,1000.2,345,1,1000.3,1931,11,1000.4,619,9,1000.5,737,11,1000.6,1507,12
317,2025-11-26 10:44:39+05:30,999.7,50,995.89,3668878,416179.0,424934.0,986.2,1001.8,981.3,986.2,120418500,1084.8,887.6,1102.5,649.1,1000.0,34,1,999.8,547,1,999.7,951,5,999.6,2366,16,999.5,3195,17,1000.2,345,1,1000.3,1931,11,1000.4,619,9,1000.5,737,11,1000.6,1507,12
317,2025-11-26 10:44:40+05:30,999.9,750,995.89,3669946,411455.0,426858.0,986.2,1001.8,981.3,986.2,120418500,1084.8,887.6,1102.5,649.1,999.6,985,9,999.5,2817,10,999.4,2177,16,999.3,2006,12,999.2,2333,14,999.9,96,1,1000.2,663,4,1000.3,2013,10,1000.4,739,11,1000.5,1027,13
317,2025-11-26 10:44:40+05:30,999.9,750,995.89,3669946,411455.0,426858.0,986.2,1001.8,981.3,986.2,120418500,1084.8,887.6,1102.5,649.1,999.6,985,9,999.5,2817,10,999.4,2177,16,999.3,2006,12,999.2,2333,14,999.9,96,1,1000.2,663,4,1000.3,2013,10,1000.4,739,11,1000.5,1027,13
317,2025-11-26 10:44:41+05:30,999.9,750,995.89,3669946,412412.0,426485.0,986.2,1001.8,981.3,986.2,120418500,1084.8,887.6,1102.5,649.1,999.6,807,8,999.5,2795,10,999.4,2897,13,999.3,2085,17,999.2,1761,14,999.9,96,1,1000.2,676,11,1000.3,1789,10,1000.4,718,10,1000.5,1091,15
317,2025-11-26 10:44:41+05:30,1000.2,1,995.89,3669946,412412.0,426485.0,986.2,1001.8,981.3,986.2,120418500,1084.8,887.6,1102.5,649.1,999.6,807,8,999.5,2795,10,999.4,2897,13,999.3,2085,17,999.2,1761,14,999.9,96,1,1000.2,676,11,1000.3,1789,10,1000.4,718,10,1000.5,1091,15
317,2025-11-26 10:44:42+05:30,1000.2,1,995.89,3672152,414634.0,426253.0,986.2,1001.8,981.3,986.2,120418500,1084.8,887.6,1102.5,649.1,1000.0,45,1,999.7,308,2,999.6,1089,9,999.5,1392,10,999.4,1535,13,1000.2,880,8,1000.3,1848,10,1000.4,665,14,1000.5,1186,13,1000.6,1138,12
317,2025-11-26 10:44:43+05:30,1000.0,45,995.89,3672197,413953.0,427399.0,986.2,1001.8,981.3,986.2,120418500,1084.8,887.6,1102.5,649.1,999.7,9,1,999.6,887,7,999.5,1268,7,999.4,1451,11,999.3,3397,21,1000.1,352,4,1000.2,1062,10,1000.3,2141,13,1000.4,854,17,1000.5,994,13
317,2025-11-26 10:44:43+05:30,1000.0,45,995.89,3672197,413953.0,427399.0,986.2,1001.8,981.3,986.2,120418500,1084.8,887.6,1102.5,649.1,999.7,9,1,999.6,887,7,999.5,1268,7,999.4,1451,11,999.3,3397,21,1000.1,352,4,1000.2,1062,10,1000.3,2141,13,1000.4,854,17,1000.5,994,13
317,2025-11-26 10:44:44+05:30,999.6,2,995.89,3672219,414153.0,426736.0,986.2,1001.8,981.3,986.2,120418500,1084.8,887.6,1102.5,649.1,999.6,877,5,999.5,1321,9,999.4,1391,10,999.3,3583,20,999.2,1961,16,1000.1,298,3,1000.2,1121,12,1000.3,2141,13,1000.4,1104,18,1000.5,566,11
317,2025-11-26 10:44:44+05:30,999.6,2,995.89,3672219,414153.0,426736.0,986.2,1001.8,981.3,986.2,120418500,1084.8,887.6,1102.5,649.1,999.6,877,5,999.5,1321,9,999.4,1391,10,999.3,3583,20,999.2,1961,16,1000.1,298,3,1000.2,1121,12,1000.3,2141,13,1000.4,1104,18,1000.5,566,11
317,2025-11-26 10:44:45+05:30,1000.1,25,995.89,3672261,414433.0,426205.0,986.2,1001.8,981.3,986.2,120418500,1084.8,887.6,1102.5,649.1,999.7,653,6,999.6,607,10,999.5,1320,8,999.4,1391,10,999.3,3605,20,1000.1,59,1,1000.2,521,3,1000.3,1939,10,1000.4,729,9,1000.5,1299,13
317,2025-11-26 10:44:45+05:30,1000.1,24,995.89,3672261,414433.0,426205.0,986.2,1001.8,981.3,986.2,120418500,1084.8,887.6,1102.5,649.1,999.7,653,6,999.6,607,10,999.5,1320,8,999.4,1391,10,999.3,3605,20,1000.1,59,1,1000.2,521,3,1000.3,1939,10,1000.4,729,9,1000.5,1299,13
317,2025-11-26 10:44:46+05:30,1000.1,13,995.89,3672298,414348.0,425453.0,986.2,1001.8,981.3,986.2,120418500,1084.8,887.6,1102.5,649.1,999.7,711,6,999.6,607,10,999.5,1320,8,999.4,1481,11,999.3,3605,20,1000.1,22,1,1000.2,521,3,1000.3,1994,12,1000.4,742,10,1000.5,739,11
317,2025-11-26 10:44:46+05:30,1000.1,13,995.89,3672298,414348.0,425453.0,986.2,1001.8,981.3,986.2,120418500,1084.8,887.6,1102.5,649.1,999.7,711,6,999.6,607,10,999.5,1320,8,999.4,1481,11,999.3,3605,20,1000.1,22,1,1000.2,521,3,1000.3,1994,12,1000.4,742,10,1000.5,739,11
317,2025-11-26 10:44:47+05:30,1000.1,13,995.89,3672298,415856.0,426551.0,986.2,1001.8,981.3,986.2,120418500,1084.8,887.6,1102.5,649.1,999.7,643,4,999.6,800,11,999.5,2070,9,999.4,2231,12,999.3,2855,19,1000.0,50,1,1000.1,22,1,1000.2,521,3,1000.3,1956,11,1000.4,854,12
317,2025-11-26 10:44:48+05:30,1000.1,2,995.89,3672298,415856.0,426551.0,986.2,1001.8,981.3,986.2,120418500,1084.8,887.6,1102.5,649.1,999.7,643,4,999.6,800,11,999.5,2070,9,999.4,2231,12,999.3,2855,19,1000.0,50,1,1000.1,22,1,1000.2,521,3,1000.3,1956,11,1000.4,854,12
317,2025-11-26 10:44:48+05:30,1000.1,2,995.89,3672350,416990.0,426802.0,986.2,1001.8,981.3,986.2,120418500,1084.8,887.6,1102.5,649.1,999.7,751,6,999.6,1384,12,999.5,3612,13,999.4,2355,10,999.3,1355,17,1000.1,222,2,1000.2,521,3,1000.3,1956,11,1000.4,923,13,1000.5,746,12
317,2025-11-26 10:44:49+05:30,1000.1,7,995.89,3672350,416990.0,426802.0,986.2,1001.8,981.3,986.2,120418500,1084.8,887.6,1102.5,649.1,999.7,751,6,999.6,1384,12,999.5,3612,13,999.4,2355,10,999.3,1355,17,1000.1,222,2,1000.2,521,3,1000.3,1956,11,1000.4,923,13,1000.5,746,12
317,2025-11-26 10:44:49+05:30,1000.1,7,995.89,3672357,417233.0,426703.0,986.2,1001.8,981.3,986.2,120418500,1084.8,887.6,1102.5,649.1,999.7,804,8,999.6,1380,11,999.5,3612,13,999.4,2605,11,999.3,1105,16,1000.1,215,2,1000.2,521,3,1000.3,1910,10,1000.4,877,12,1000.5,746,12
317,2025-11-26 10:44:50+05:30,999.9,93,995.89,3672357,417233.0,426703.0,986.2,1001.8,981.3,986.2,120418500,1084.8,887.6,1102.5,649.1,999.7,804,8,999.6,1380,11,999.5,3612,13,999.4,2605,11,999.3,1105,16,1000.1,215,2,1000.2,521,3,1000.3,1910,10,1000.4,877,12,1000.5,746,12
317,2025-11-26 10:44:50+05:30,999.9,93,995.89,3672568,418452.0,426960.0,986.2,1001.8,981.3,986.2,120418500,1084.8,887.6,1102.5,649.1,999.8,10,1,999.7,679,4,999.6,1412,11,999.5,2884,13,999.4,2665,12,999.9,96,1,1000.1,305,2,1000.2,547,5,1000.3,1957,11,1000.4,670,7
317,2025-11-26 10:44:51+05:30,1000.0,12,995.89,3672568,418452.0,426960.0,986.2,1001.8,981.3,986.2,120418500,1084.8,887.6,1102.5,649.1,999.8,10,1,999.7,679,4,999.6,1412,11,999.5,2884,13,999.4,2665,12,999.9,96,1,1000.1,305,2,1000.2,547,5,1000.3,1957,11,1000.4,670,7
317,2025-11-26 10:44:51+05:30,1000.0,12,995.89,3673330,418489.0,425656.0,986.2,1001.8,981.3,986.2,120418500,1084.8,887.6,1102.5,649.1,999.8,10,1,999.7,594,4,999.6,1481,11,999.5,4539,20,999.4,2713,13,1000.1,202,1,1000.2,521,3,1000.3,1646,10,1000.4,684,9,1000.5,746,12
317,2025-11-26 10:44:52+05:30,1000.1,1,995.89,3673330,418489.0,425656.0,986.2,1001.8,981.3,986.2,120418500,1084.8,887.6,1102.5,649.1,999.8,10,1,999.7,594,4,999.6,1481,11,999.5,4539,20,999.4,2713,13,1000.1,202,1,1000.2,521,3,1000.3,1646,10,1000.4,684,9,1000.5,746,12
317,2025-11-26 10:44:53+05:30,1000.1,1,995.89,3674283,414005.0,424645.0,986.2,1001.8,981.3,986.2,120418500,1084.8,887.6,1102.5,649.1,999.9,10,1,999.8,474,7,999.7,2101,12,999.6,3334,16,999.5,3483,19,1000.1,10,1,1000.2,138,2,1000.3,1439,5,1000.4,394,8,1000.5,714,11
317,2025-11-26 10:44:53+05:30,1000.1,14,995.89,3674283,414005.0,424645.0,986.2,1001.8,981.3,986.2,120418500,1084.8,887.6,1102.5,649.1,999.9,10,1,999.8,474,7,999.7,2101,12,999.6,3334,16,999.5,3483,19,1000.1,10,1,1000.2,138,2,1000.3,1439,5,1000.4,394,8,1000.5,714,11
317,2025-11-26 10:44:54+05:30,1000.0,10,995.89,3674307,414060.0,425040.0,986.2,1001.8,981.3,986.2,120418500,1084.8,887.6,1102.5,649.1,1000.0,102,1,999.9,10,1,999.8,676,8,999.7,2075,11,999.6,3296,17,1000.1,6,1,1000.2,138,2,1000.3,1439,5,1000.4,407,9,1000.5,714,11
317,2025-11-26 10:44:54+05:30,1000.1,2,995.89,3674307,414060.0,425040.0,986.2,1001.8,981.3,986.2,120418500,1084.8,887.6,1102.5,649.1,1000.0,102,1,999.9,10,1,999.8,676,8,999.7,2075,11,999.6,3296,17,1000.1,6,1,1000.2,138,2,1000.3,1439,5,1000.4,407,9,1000.5,714,11
317,2025-11-26 10:44:55+05:30,1000.1,2,995.89,3674309,413987.0,425120.0,986.2,1001.8,981.3,986.2,120418500,1084.8,887.6,1102.5,649.1,1000.0,108,2,999.9,10,1,999.8,669,7,999.7,2103,12,999.6,3296,17,1000.1,5,2,1000.2,138,2,1000.3,1439,5,1000.4,407,9,1000.5,715,12
317,2025-11-26 10:44:55+05:30,1000.1,60,995.89,3674309,413987.0,425120.0,986.2,1001.8,981.3,986.2,120418500,1084.8,887.6,1102.5,649.1,1000.0,108,2,999.9,10,1,999.8,669,7,999.7,2103,12,999.6,3296,17,1000.1,5,2,1000.2,138,2,1000.3,1439,5,1000.4,407,9,1000.5,715,12
317,2025-11-26 10:44:56+05:30,1000.1,60,995.89,3674643,417316.0,424710.0,986.2,1001.8,981.3,986.2,120418500,1084.8,887.6,1102.5,649.1,999.8,1059,7,999.7,1619,13,999.6,3418,18,999.5,3470,18,999.4,914,9,1000.1,59,1,1000.2,21,3,1000.3,1261,4,1000.4,468,9,1000.5,722,13
317,2025-11-26 10:44:56+05:30,1000.1,54,995.89,3674643,417316.0,424710.0,986.2,1001.8,981.3,986.2,120418500,1084.8,887.6,1102.5,649.1,999.8,1059,7,999.7,1619,13,999.6,3418,18,999.5,3470,18,999.4,914,9,1000.1,59,1,1000.2,21,3,1000.3,1261,4,1000.4,468,9,1000.5,722,13
317,2025-11-26 10:44:57+05:30,1000.1,54,995.89,3675535,415339.0,425986.0,986.2,1001.8,981.3,986.2,120418500,1084.8,887.6,1102.5,649.1,1000.1,181,2,999.8,811,3,999.7,1046,7,999.6,3181,15,999.5,2455,15,1000.2,21,3,1000.3,1752,9,1000.4,620,11,1000.5,722,13,1000.6,1305,11
317,2025-11-26 10:44:58+05:30,1000.2,4,995.89,3675547,416105.0,425649.0,986.2,1001.8,981.3,986.2,120418500,1084.8,887.6,1102.5,649.1,1000.1,181,2,999.8,811,3,999.7,1046,7,999.6,2478,15,999.5,2470,16,1000.2,16,3,1000.3,1478,6,1000.4,574,10,1000.5,667,11,1000.6,1647,11
317,2025-11-26 10:44:58+05:30,1000.2,4,995.89,3675547,416105.0,425649.0,986.2,1001.8,981.3,986.2,120418500,1084.8,887.6,1102.5,649.1,1000.1,181,2,999.8,811,3,999.7,1046,7,999.6,2478,15,999.5,2470,16,1000.2,16,3,1000.3,1478,6,1000.4,574,10,1000.5,667,11,1000.6,1647,11
317,2025-11-26 10:44:59+05:30,1000.2,4,995.89,3675547,416177.0,425121.0,986.2,1001.8,981.3,986.2,120418500,1084.8,887.6,1102.5,649.1,1000.1,181,2,999.8,811,3,999.7,1148,10,999.6,2483,15,999.5,2519,17,1000.2,16,3,1000.3,1439,5,1000.4,499,7,1000.5,714,12,1000.6,1062,11
317,2025-11-26 10:44:59+05:30,1000.1,119,995.89,3675547,416177.0,425121.0,986.2,1001.8,981.3,986.2,120418500,1084.8,887.6,1102.5,649.1,1000.1,181,2,999.8,811,3,999.7,1148,10,999.6,2483,15,999.5,2519,17,1000.2,16,3,1000.3,1439,5,1000.4,499,7,1000.5,714,12,1000.6,1062,11
317,2025-11-26 10:45:00+05:30,1000.1,50,995.89,3675728,417515.0,426047.0,986.2,1001.8,981.3,986.2,120418500,1084.8,887.6,1102.5,649.1,1000.0,36,1,999.8,786,3,999.7,1355,11,999.6,2447,14,999.5,3269,18,1000.1,34,1,1000.2,114,4,1000.3,1546,6,1000.4,476,7,1000.5,773,15
317,2025-11-26 10:45:00+05:30,1000.0,11,995.89,3675728,417515.0,426047.0,986.2,1001.8,981.3,986.2,120418500,1084.8,887.6,1102.5,649.1,1000.0,36,1,999.8,786,3,999.7,1355,11,999.6,2447,14,999.5,3269,18,1000.1,34,1,1000.2,114,4,1000.3,1546,6,1000.4,476,7,1000.5,773,15
317,2025-11-26 10:45:01+05:30,1000.0,8,995.89,3675757,418297.0,426342.0,986.2,1001.8,981.3,986.2,120418500,1084.8,887.6,1102.5,649.1,1000.0,17,1,999.8,786,3,999.7,1386,12,999.6,3217,16,999.5,3519,19,1000.1,24,1,1000.2,114,4,1000.3,1535,5,1000.4,566,10,1000.5,760,14
317,2025-11-26 10:45:01+05:30,1000.1,5,995.89,3675757,418297.0,426342.0,986.2,1001.8,981.3,986.2,120418500,1084.8,887.6,1102.5,649.1,1000.0,17,1,999.8,786,3,999.7,1386,12,999.6,3217,16,999.5,3519,19,1000.1,24,1,1000.2,114,4,1000.3,1535,5,1000.4,566,10,1000.5,760,14
317,2025-11-26 10:45:02+05:30,1000.2,1,995.9,3677718,419123.0,423725.0,986.2,1001.8,981.3,986.2,120418500,1084.8,887.6,1102.5,649.1,1000.2,477,2,1000.0,160,4,999.9,162,4,999.8,2159,12,999.7,3194,21,1000.3,329,1,1000.4,6,2,1000.5,222,7,1000.6,461,6,1000.7,676,6
317,2025-11-26 10:45:02+05:30,1000.2,1,995.9,3677718,419123.0,423725.0,986.2,1001.8,981.3,986.2,120418500,1084.8,887.6,1102.5,649.1,1000.2,477,2,1000.0,160,4,999.9,162,4,999.8,2159,12,999.7,3194,21,1000.3,329,1,1000.4,6,2,1000.5,222,7,1000.6,461,6,1000.7,676,6
317,2025-11-26 10:45:03+05:30,1000.2,15,995.9,3677733,419339.0,424185.0,986.2,1001.8,981.3,986.2,120418500,1084.8,887.6,1102.5,649.1,1000.2,475,3,1000.0,193,5,999.9,338,5,999.8,2159,12,999.7,3211,21,1000.3,329,1,1000.4,6,2,1000.5,398,8,1000.6,461,6,1000.7,676,6
317,2025-11-26 10:45:03+05:30,1000.2,238,995.9,3677733,419339.0,424185.0,986.2,1001.8,981.3,986.2,120418500,1084.8,887.6,1102.5,649.1,1000.2,475,3,1000.0,193,5,999.9,338,5,999.8,2159,12,999.7,3211,21,1000.3,329,1,1000.4,6,2,1000.5,398,8,1000.6,461,6,1000.7,676,6
317,2025-11-26 10:45:03+05:30,1000.2,238,995.9,3677971,418022.0,424355.0,986.2,1001.8,981.3,986.2,120418500,1084.8,887.6,1102.5,649.1,1000.2,237,3,1000.0,193,5,999.9,825,5,999.8,1503,10,999.7,2461,20,1000.3,329,1,1000.4,7,3,1000.5,398,8,1000.6,483,7,1000.7,676,6
317,2025-11-26 10:45:04+05:30,1000.2,4,995.9,3677971,418022.0,424355.0,986.2,1001.8,981.3,986.2,120418500,1084.8,887.6,1102.5,649.1,1000.2,237,3,1000.0,193,5,999.9,825,5,999.8,1503,10,999.7,2461,20,1000.3,329,1,1000.4,7,3,1000.5,398,8,1000.6,483,7,1000.7,676,6
317,2025-11-26 10:45:04+05:30,1000.2,4,995.9,3678080,418332.0,426034.0,986.2,1001.8,981.3,986.2,120418500,1084.8,887.6,1102.5,649.1,1000.2,166,2,1000.0,149,3,999.9,907,7,999.8,1503,10,999.7,2461,20,1000.3,517,2,1000.4,7,3,1000.5,431,9,1000.6,509,9,1000.7,676,6
317,2025-11-26 10:45:05+05:30,1000.2,119,995.9,3678080,418332.0,426034.0,986.2,1001.8,981.3,986.2,120418500,1084.8,887.6,1102.5,649.1,1000.2,166,2,1000.0,149,3,999.9,907,7,999.8,1503,10,999.7,2461,20,1000.3,517,2,1000.4,7,3,1000.5,431,9,1000.6,509,9,1000.7,676,6
317,2025-11-26 10:45:06+05:30,1000.2,119,995.9,3678204,422915.0,425800.0,986.2,1001.8,981.3,986.2,120418500,1084.8,887.6,1102.5,649.1,1000.2,59,4,1000.1,731,4,1000.0,1338,10,999.9,3484,13,999.8,3064,11,1000.3,512,2,1000.4,6,2,1000.5,125,7,1000.6,461,6,1000.7,627,5
317,2025-11-26 10:45:06+05:30,1000.3,13,995.9,3678204,422915.0,425800.0,986.2,1001.8,981.3,986.2,120418500,1084.8,887.6,1102.5,649.1,1000.2,59,4,1000.1,731,4,1000.0,1338,10,999.9,3484,13,999.8,3064,11,1000.3,512,2,1000.4,6,2,1000.5,125,7,1000.6,461,6,1000.7,627,5
317,2025-11-26 10:45:07+05:30,1000.4,20,995.9,3678750,416058.0,422981.0,986.2,1001.8,981.3,986.2,120418500,1084.8,887.6,1102.5,649.1,1000.4,251,1,1000.2,77,5,1000.1,955,5,1000.0,1650,14,999.9,3356,12,1000.5,125,7,1000.6,102,3,1000.7,294,2,1000.8,690,9,1000.9,1459,16
317,2025-11-26 10:45:07+05:30,1000.1,265,995.9,3678750,416058.0,422981.0,986.2,1001.8,981.3,986.2,120418500,1084.8,887.6,1102.5,649.1,1000.4,251,1,1000.2,77,5,1000.1,955,5,1000.0,1650,14,999.9,3356,12,1000.5,125,7,1000.6,102,3,1000.7,294,2,1000.8,690,9,1000.9,1459,16
317,2025-11-26 10:45:08+05:30,1000.4,9,995.9,3679369,415230.0,425132.0,986.2,1001.8,981.3,986.2,120418500,1084.8,887.6,1102.5,649.1,1000.4,4,1,1000.2,8,1,1000.1,894,8,1000.0,1852,15,999.9,2042,17,1000.5,645,8,1000.6,228,4,1000.7,470,3,1000.8,858,12,1000.9,1668,14
317,2025-11-26 10:45:08+05:30,1000.2,7,995.9,3679369,415230.0,425132.0,986.2,1001.8,981.3,986.2,120418500,1084.8,887.6,1102.5,649.1,1000.4,4,1,1000.2,8,1,1000.1,894,8,1000.0,1852,15,999.9,2042,17,1000.5,645,8,1000.6,228,4,1000.7,470,3,1000.8,858,12,1000.9,1668,14
317,2025-11-26 10:45:09+05:30,1000.5,7,995.9,3679398,413705.0,425211.0,986.2,1001.8,981.3,986.2,120418500,1084.8,887.6,1102.5,649.1,1000.2,1,1,1000.1,607,4,1000.0,1390,10,999.9,1961,7,999.8,3107,11,1000.5,674,7,1000.6,275,5,1000.7,567,5,1000.8,789,9,1000.9,1171,17
317,2025-11-26 10:45:09+05:30,1000.5,7,995.9,3679398,413705.0,425211.0,986.2,1001.8,981.3,986.2,120418500,1084.8,887.6,1102.5,649.1,1000.2,1,1,1000.1,607,4,1000.0,1390,10,999.9,1961,7,999.8,3107,11,1000.5,674,7,1000.6,275,5,1000.7,567,5,1000.8,789,9,1000.9,1171,17
317,2025-11-26 10:45:10+05:30,1000.1,15,995.9,3679533,417040.0,426430.0,986.2,1001.8,981.3,986.2,120418500,1084.8,887.6,1102.5,649.1,1000.0,1181,9,999.9,2252,17,999.8,3065,11,999.7,1079,13,999.6,4129,17,1000.3,96,1,1000.5,626,5,1000.6,228,4,1000.7,685,8,1000.8,915,12
317,2025-11-26 10:45:10+05:30,1000.5,10,995.9,3679533,417040.0,426430.0,986.2,1001.8,981.3,986.2,120418500,1084.8,887.6,1102.5,649.1,1000.0,1181,9,999.9,2252,17,999.8,3065,11,999.7,1079,13,999.6,4129,17,1000.3,96,1,1000.5,626,5,1000.6,228,4,1000.7,685,8,1000.8,915,12
317,2025-11-26 10:45:11+05:30,1000.5,10,995.9,3681503,417027.0,424630.0,986.2,1001.8,981.3,986.2,120418500,1084.8,887.6,1102.5,649.1,1000.2,50,1,1000.1,435,5,1000.0,1566,13,999.9,3220,8,999.8,3123,17,1000.4,19,1,1000.5,416,2,1000.6,59,4,1000.7,333,5,1000.8,905,11
317,2025-11-26 10:45:12+05:30,1000.1,174,995.9,3681876,415006.0,425671.0,986.2,1001.8,981.3,986.2,120418500,1084.8,887.6,1102.5,649.1,1000.0,631,3,999.9,2570,9,999.8,3172,18,999.7,1488,15,999.6,4016,15,1000.4,60,2,1000.5,664,6,1000.6,599,11,1000.7,1002,8,1000.8,844,11
317,2025-11-26 10:45:12+05:30,1000.1,174,995.9,3681876,415006.0,425671.0,986.2,1001.8,981.3,986.2,120418500,1084.8,887.6,1102.5,649.1,1000.0,631,3,999.9,2570,9,999.8,3172,18,999.7,1488,15,999.6,4016,15,1000.4,60,2,1000.5,664,6,1000.6,599,11,1000.7,1002,8,1000.8,844,11
317,2025-11-26 10:45:13+05:30,1000.4,75,995.9,3682110,414504.0,424555.0,986.2,1001.8,981.3,986.2,120418500,1084.8,887.6,1102.5,649.1,1000.0,731,5,999.9,2521,9,999.8,3067,11,999.7,1238,14,999.6,2794,14,1000.4,88,2,1000.5,602,5,1000.6,400,5,1000.7,399,5,1000.8,958,13
317,2025-11-26 10:45:13+05:30,1000.4,75,995.9,3682110,414504.0,424555.0,986.2,1001.8,981.3,986.2,120418500,1084.8,887.6,1102.5,649.1,1000.0,731,5,999.9,2521,9,999.8,3067,11,999.7,1238,14,999.6,2794,14,1000.4,88,2,1000.5,602,5,1000.6,400,5,1000.7,399,5,1000.8,958,13
317,2025-11-26 10:45:14+05:30,1000.4,2,995.9,3682231,415561.0,425432.0,986.2,1001.8,981.3,986.2,120418500,1084.8,887.6,1102.5,649.1,1000.1,112,1,1000.0,987,5,999.9,2522,9,999.8,3093,13,999.7,1302,18,1000.4,108,3,1000.5,602,5,1000.6,475,8,1000.7,454,7,1000.8,1053,14
317,2025-11-26 10:45:14+05:30,1000.4,2,995.9,3682231,415561.0,425432.0,986.2,1001.8,981.3,986.2,120418500,1084.8,887.6,1102.5,649.1,1000.1,112,1,1000.0,987,5,999.9,2522,9,999.8,3093,13,999.7,1302,18,1000.4,108,3,1000.5,602,5,1000.6,475,8,1000.7,454,7,1000.8,1053,14
317,2025-11-26 10:45:15+05:30,1000.4,15,995.9,3682246,415616.0,425340.0,986.2,1001.8,981.3,986.2,120418500,1084.8,887.6,1102.5,649.1,1000.1,112,1,1000.0,1111,8,999.9,2520,9,999.8,3093,13,999.7,1552,19,1000.4,71,2,1000.5,602,5,1000.6,475,8,1000.7,447,6,1000.8,1043,13
317,2025-11-26 10:45:15+05:30,1000.4,15,995.9,3682246,415616.0,425340.0,986.2,1001.8,981.3,986.2,120418500,1084.8,887.6,1102.5,649.1,1000.1,112,1,1000.0,1111,8,999.9,2520,9,999.8,3093,13,999.7,1552,19,1000.4,71,2,1000.5,602,5,1000.6,475,8,1000.7,447,6,1000.8,1043,13
317,2025-11-26 10:45:16+05:30,1000.4,15,995.9,3682246,415591.0,425347.0,986.2,1001.8,981.3,986.2,120418500,1084.8,887.6,1102.5,649.1,1000.1,112,1,1000.0,1036,6,999.9,2570,10,999.8,3093,13,999.7,1552,19,1000.4,71,2,1000.5,778,6,1000.6,475,8,1000.7,447,6,1000.8,1043,13
317,2025-11-26 10:45:16+05:30,1000.5,43,995.9,3682246,415591.0,425347.0,986.2,1001.8,981.3,986.2,120418500,1084.8,887.6,1102.5,649.1,1000.1,112,1,1000.0,1036,6,999.9,2570,10,999.8,3093,13,999.7,1552,19,1000.4,71,2,1000.5,778,6,1000.6,475,8,1000.7,447,6,1000.8,1043,13
317,2025-11-26 10:45:17+05:30,1000.6,43,995.9,3682773,398796.0,416440.0,986.2,1001.8,981.3,986.2,120418500,1084.8,887.6,1102.5,649.1,1000.5,311,1,1000.2,998,2,1000.1,1209,7,1000.0,1025,8,999.9,1307,12,1000.7,382,6,1000.8,500,8,1000.9,1164,14,1001.0,7266,39,1001.1,2151,16
317,2025-11-26 10:45:17+05:30,1000.7,152,995.9,3682773,398796.0,416440.0,986.2,1001.8,981.3,986.2,120418500,1084.8,887.6,1102.5,649.1,1000.5,311,1,1000.2,998,2,1000.1,1209,7,1000.0,1025,8,999.9,1307,12,1000.7,382,6,1000.8,500,8,1000.9,1164,14,1001.0,7266,39,1001.1,2151,16
317,2025-11-26 10:45:18+05:30,1000.7,12,995.9,3682773,398796.0,416440.0,986.2,1001.8,981.3,986.2,120418500,1084.8,887.6,1102.5,649.1,1000.5,311,1,1000.2,998,2,1000.1,1209,7,1000.0,1025,8,999.9,1307,12,1000.7,382,6,1000.8,500,8,1000.9,1164,14,1001.0,7266,39,1001.1,2151,16
317,2025-11-26 10:45:18+05:30,1000.7,12,995.9,3683128,392362.0,416765.0,986.2,1001.8,981.3,986.2,120418500,1084.8,887.6,1102.5,649.1,1000.6,112,1,1000.4,2,1,1000.3,202,1,1000.2,1114,3,1000.1,1204,7,1000.7,643,4,1000.8,653,11,1000.9,764,13,1001.0,7226,36,1001.1,2218,21
317,2025-11-26 10:45:19+05:30,1000.7,8,995.9,3683128,392362.0,416765.0,986.2,1001.8,981.3,986.2,120418500,1084.8,887.6,1102.5,649.1,1000.6,112,1,1000.4,2,1,1000.3,202,1,1000.2,1114,3,1000.1,1204,7,1000.7,643,4,1000.8,653,11,1000.9,764,13,1001.0,7226,36,1001.1,2218,21
317,2025-11-26 10:45:19+05:30,1000.7,8,995.9,3683137,382258.0,398392.0,986.2,1001.8,981.3,986.2,120418500,1084.8,887.6,1102.5,649.1,1000.6,112,1,1000.4,2,1,1000.3,240,2,1000.2,1114,3,1000.1,1262,8,1000.7,742,6,1000.8,653,11,1000.9,764,13,1001.0,7654,38,1001.1,2218,21
317,2025-11-26 10:45:20+05:30,1000.3,62,995.9,3683137,382258.0,398392.0,986.2,1001.8,981.3,986.2,120418500,1084.8,887.6,1102.5,649.1,1000.6,112,1,1000.4,2,1,1000.3,240,2,1000.2,1114,3,1000.1,1262,8,1000.7,742,6,1000.8,653,11,1000.9,764,13,1001.0,7654,38,1001.1,2218,21
317,2025-11-26 10:45:20+05:30,1000.3,62,995.9,3683384,381853.0,397975.0,986.2,1001.8,981.3,986.2,120418500,1084.8,887.6,1102.5,649.1,1000.3,71,3,1000.2,1082,4,1000.1,833,9,1000.0,1299,14,999.9,1206,10,1000.6,61,1,1000.7,703,7,1000.8,503,8,1000.9,1464,15,1001.0,7395,36
317,2025-11-26 10:45:21+05:30,1000.6,15,995.9,3683384,381853.0,397975.0,986.2,1001.8,981.3,986.2,120418500,1084.8,887.6,1102.5,649.1,1000.3,71,3,1000.2,1082,4,1000.1,833,9,1000.0,1299,14,999.9,1206,10,1000.6,61,1,1000.7,703,7,1000.8,503,8,1000.9,1464,15,1001.0,7395,36
317,2025-11-26 10:45:21+05:30,1000.6,15,995.9,3683400,383203.0,398735.0,986.2,1001.8,981.3,986.2,120418500,1084.8,887.6,1102.5,649.1,1000.3,84,4,1000.2,1082,4,1000.1,833,9,1000.0,1299,14,999.9,1206,10,1000.6,352,2,1000.7,642,8,1000.8,615,9,1000.9,1495,15,1001.0,7816,37
317,2025-11-26 10:45:22+05:30,1000.6,15,995.9,3683400,383205.0,398811.0,986.2,1001.8,981.3,986.2,120418500,1084.8,887.6,1102.5,649.1,1000.3,84,4,1000.2,1082,4,1000.1,833,9,1000.0,1299,14,999.9,1206,10,1000.6,352,2,1000.7,618,7,1000.8,615,9,1000.9,1495,15,1001.0,7816,37
317,2025-11-26 10:45:23+05:30,1001.0,59,995.9,3683400,383205.0,398811.0,986.2,1001.8,981.3,986.2,120418500,1084.8,887.6,1102.5,649.1,1000.3,84,4,1000.2,1082,4,1000.1,833,9,1000.0,1299,14,999.9,1206,10,1000.6,352,2,1000.7,618,7,1000.8,615,9,1000.9,1495,15,1001.0,7816,37
317,2025-11-26 10:45:23+05:30,1001.0,22,995.92,3692729,411771.0,383058.0,986.2,1001.8,981.3,986.2,120418500,1084.8,887.6,1102.5,649.1,1001.0,883,5,1000.9,240,5,1000.8,392,9,1000.7,396,4,1000.6,1002,7,1001.1,822,4,1001.3,40,2,1001.4,133,2,1001.5,1620,7,1001.6,132,3
317,2025-11-26 10:45:24+05:30,1000.6,17,995.92,3692729,411771.0,383058.0,986.2,1001.8,981.3,986.2,120418500,1084.8,887.6,1102.5,649.1,1001.0,883,5,1000.9,240,5,1000.8,392,9,1000.7,396,4,1000.6,1002,7,1001.1,822,4,1001.3,40,2,1001.4,133,2,1001.5,1620,7,1001.6,132,3
317,2025-11-26 10:45:24+05:30,1000.6,17,995.92,3695153,405563.0,387639.0,986.2,1001.8,981.3,986.2,120418500,1084.8,887.6,1102.5,649.1,1001.0,13,1,1000.7,181,3,1000.6,313,6,1000.5,748,9,1000.4,2154,15,1001.1,1230,5,1001.2,191,4,1001.3,341,5,1001.4,820,9,1001.5,2415,13
317,2025-11-26 10:45:25+05:30,1000.7,106,995.92,3695153,405563.0,387639.0,986.2,1001.8,981.3,986.2,120418500,1084.8,887.6,1102.5,649.1,1001.0,13,1,1000.7,181,3,1000.6,313,6,1000.5,748,9,1000.4,2154,15,1001.1,1230,5,1001.2,191,4,1001.3,341,5,1001.4,820,9,1001.5,2415,13
317,2025-11-26 10:45:25+05:30,1000.7,106,995.92,3695880,405986.0,387359.0,986.2,1001.8,981.3,986.2,120418500,1084.8,887.6,1102.5,649.1,1000.8,219,4,1000.7,348,5,1000.6,464,5,1000.5,2675,15,1000.4,3536,19,1001.1,979,4,1001.2,26,2,1001.3,283,5,1001.4,588,7,1001.5,2231,13
317,2025-11-26 10:45:26+05:30,1001.1,20,995.92,3695880,405986.0,387359.0,986.2,1001.8,981.3,986.2,120418500,1084.8,887.6,1102.5,649.1,1000.8,219,4,1000.7,348,5,1000.6,464,5,1000.5,2675,15,1000.4,3536,19,1001.1,979,4,1001.2,26,2,1001.3,283,5,1001.4,588,7,1001.5,2231,13
317,2025-11-26 10:45:26+05:30,1001.1,20,995.92,3695962,407350.0,387310.0,986.2,1001.8,981.3,986.2,120418500,1084.8,887.6,1102.5,649.1,1000.9,191,4,1000.8,177,3,1000.7,458,5,1000.6,1174,9,1000.5,2187,13,1001.1,959,4,1001.2,26,2,1001.3,216,3,1001.4,589,8,1001.5,2165,12
317,2025-11-26 10:45:27+05:30,1000.9,19,995.92,3695962,407350.0,387310.0,986.2,1001.8,981.3,986.2,120418500,1084.8,887.6,1102.5,649.1,1000.9,191,4,1000.8,177,3,1000.7,458,5,1000.6,1174,9,1000.5,2187,13,1001.1,959,4,1001.2,26,2,1001.3,216,3,1001.4,589,8,1001.5,2165,12
317,2025-11-26 10:45:27+05:30,1001.1,199,995.92,3696812,407171.0,386677.0,986.2,1001.8,981.3,986.2,120418500,1084.8,887.6,1102.5,649.1,1000.9,83,2,1000.8,177,3,1000.7,282,4,1000.6,1256,8,1000.5,2155,11,1001.1,462,2,1001.2,26,2,1001.3,63,3,1001.4,589,8,1001.5,2165,12
317,2025-11-26 10:45:28+05:30,1001.0,1,995.92,3696812,407171.0,386677.0,986.2,1001.8,981.3,986.2,120418500,1084.8,887.6,1102.5,649.1,1000.9,83,2,1000.8,177,3,1000.7,282,4,1000.6,1256,8,1000.5,2155,11,1001.1,462,2,1001.2,26,2,1001.3,63,3,1001.4,589,8,1001.5,2165,12
317,2025-11-26 10:45:28+05:30,1001.2,18,995.93,3703543,403947.0,390419.0,986.2,1001.8,981.3,986.2,120418500,1084.8,887.6,1102.5,649.1,1000.6,66,1,1000.5,245,4,1000.4,542,6,1000.3,1069,8,1000.2,2390,10,1001.3,1116,7,1001.4,679,7,1001.5,2443,19,1001.6,887,14,1001.7,771,14
317,2025-11-26 10:45:29+05:30,1000.3,90,995.93,3703543,403947.0,390419.0,986.2,1001.8,981.3,986.2,120418500,1084.8,887.6,1102.5,649.1,1000.6,66,1,1000.5,245,4,1000.4,542,6,1000.3,1069,8,1000.2,2390,10,1001.3,1116,7,1001.4,679,7,1001.5,2443,19,1001.6,887,14,1001.7,771,14
317,2025-11-26 10:45:29+05:30,1000.3,90,995.93,3704731,404861.0,394711.0,986.2,1001.8,981.3,986.2,120418500,1084.8,887.6,1102.5,649.1,1000.5,153,2,1000.4,415,6,1000.3,816,12,1000.2,2482,12,1000.1,2030,13,1000.9,87,1,1001.0,321,6,1001.1,1013,11,1001.2,851,14,1001.3,1784,9
317,2025-11-26 10:45:30+05:30,1000.8,13,995.93,3704731,404861.0,394711.0,986.2,1001.8,981.3,986.2,120418500,1084.8,887.6,1102.5,649.1,1000.5,153,2,1000.4,415,6,1000.3,816,12,1000.2,2482,12,1000.1,2030,13,1000.9,87,1,1001.0,321,6,1001.1,1013,11,1001.2,851,14,1001.3,1784,9
317,2025-11-26 10:45:30+05:30,1000.8,13,995.94,3709002,410925.0,395719.0,986.2,1001.8,981.3,986.2,120418500,1084.8,887.6,1102.5,649.1,1000.7,439,4,1000.6,710,9,1000.5,771,6,1000.4,969,13,1000.3,1759,10,1000.8,83,1,1001.1,29,2,1001.2,23,2,1001.3,514,7,1001.4,1184,10
317,2025-11-26 10:45:31+05:30,1000.4,95,995.94,3709002,410925.0,395719.0,986.2,1001.8,981.3,986.2,120418500,1084.8,887.6,1102.5,649.1,1000.7,439,4,1000.6,710,9,1000.5,771,6,1000.4,969,13,1000.3,1759,10,1000.8,83,1,1001.1,29,2,1001.2,23,2,1001.3,514,7,1001.4,1184,10
317,2025-11-26 10:45:31+05:30,1000.4,95,995.94,3711558,413519.0,392139.0,986.2,1001.8,981.3,986.2,120418500,1084.8,887.6,1102.5,649.1,1000.8,156,2,1000.7,244,5,1000.6,1858,8,1000.5,2913,10,1000.4,2028,17,1001.1,132,1,1001.2,21,1,1001.3,515,8,1001.4,667,7,1001.5,2221,13
317,2025-11-26 10:45:32+05:30,1000.7,2,995.94,3711558,413519.0,392139.0,986.2,1001.8,981.3,986.2,120418500,1084.8,887.6,1102.5,649.1,1000.8,156,2,1000.7,244,5,1000.6,1858,8,1000.5,2913,10,1000.4,2028,17,1001.1,132,1,1001.2,21,1,1001.3,515,8,1001.4,667,7,1001.5,2221,13
317,2025-11-26 10:45:32+05:30,1001.4,13,995.95,3715705,404175.0,389541.0,986.2,1001.8,981.3,986.2,120418500,1084.8,887.6,1102.5,649.1,1000.9,87,1,1000.8,322,3,1000.7,363,5,1000.6,467,3,1000.5,499,6,1001.4,279,5,1001.5,670,10,1001.6,1461,9,1001.7,951,16,1001.8,1857,22
317,2025-11-26 10:45:33+05:30,1000.6,130,995.95,3715705,404175.0,389541.0,986.2,1001.8,981.3,986.2,120418500,1084.8,887.6,1102.5,649.1,1000.9,87,1,1000.8,322,3,1000.7,363,5,1000.6,467,3,1000.5,499,6,1001.4,279,5,1001.5,670,10,1001.6,1461,9,1001.7,951,16,1001.8,1857,22
317,2025-11-26 10:45:33+05:30,1001.4,733,995.95,3718129,404830.0,389189.0,986.2,1001.8,981.3,986.2,120418500,1084.8,887.6,1102.5,649.1,1000.8,138,2,1000.7,474,6,1000.6,1156,5,1000.5,476,5,1000.4,824,8,1001.5,994,12,1001.6,1177,13,1001.7,1302,15,1001.8,1361,19,1001.9,2218,23
317,2025-11-26 10:45:34+05:30,1000.8,98,995.95,3718129,404830.0,389189.0,986.2,1001.8,981.3,986.2,120418500,1084.8,887.6,1102.5,649.1,1000.8,138,2,1000.7,474,6,1000.6,1156,5,1000.5,476,5,1000.4,824,8,1001.5,994,12,1001.6,1177,13,1001.7,1302,15,1001.8,1361,19,1001.9,2218,23
317,2025-11-26 10:45:34+05:30,1000.8,98,995.95,3718525,406280.0,393501.0,986.2,1001.8,981.3,986.2,120418500,1084.8,887.6,1102.5,649.1,1000.9,87,1,1000.8,100,1,1000.7,1278,6,1000.6,967,7,1000.5,2841,12,1001.3,377,4,1001.4,1921,11,1001.5,1264,15,1001.6,1639,13,1001.7,891,15
317,2025-11-26 10:45:35+05:30,1000.9,5,995.95,3718525,406280.0,393501.0,986.2,1001.8,981.3,986.2,120418500,1084.8,887.6,1102.5,649.1,1000.9,87,1,1000.8,100,1,1000.7,1278,6,1000.6,967,7,1000.5,2841,12,1001.3,377,4,1001.4,1921,11,1001.5,1264,15,1001.6,1639,13,1001.7,891,15
317,2025-11-26 10:45:35+05:30,1000.9,5,995.96,3721530,406004.0,391736.0,986.2,1001.8,981.3,986.2,120418500,1084.8,887.6,1102.5,649.1,1000.9,105,3,1000.8,378,2,1000.7,763,8,1000.6,760,10,1000.5,491,7,1001.3,2,1,1001.4,535,9,1001.5,1128,14,1001.6,1470,10,1001.7,1426,16
317,2025-11-26 10:45:36+05:30,1001.3,53,995.96,3721530,406004.0,391736.0,986.2,1001.8,981.3,986.2,120418500,1084.8,887.6,1102.5,649.1,1000.9,105,3,1000.8,378,2,1000.7,763,8,1000.6,760,10,1000.5,491,7,1001.3,2,1,1001.4,535,9,1001.5,1128,14,1001.6,1470,10,1001.7,1426,16
317,2025-11-26 10:45:36+05:30,1001.3,53,995.96,3723426,405935.0,391888.0,986.2,1001.8,981.3,986.2,120418500,1084.8,887.6,1102.5,649.1,1000.9,20,1,1000.8,108,3,1000.7,409,4,1000.6,647,8,1000.5,757,8,1001.3,373,6,1001.4,1341,12,1001.5,1124,13,1001.6,1696,15,1001.7,974,18
317,2025-11-26 10:45:37+05:30,1001.3,264,995.96,3723426,405935.0,391888.0,986.2,1001.8,981.3,986.2,120418500,1084.8,887.6,1102.5,649.1,1000.9,20,1,1000.8,108,3,1000.7,409,4,1000.6,647,8,1000.5,757,8,1001.3,373,6,1001.4,1341,12,1001.5,1124,13,1001.6,1696,15,1001.7,974,18
317,2025-11-26 10:45:37+05:30,1001.3,264,995.96,3723735,406553.0,390722.0,986.2,1001.8,981.3,986.2,120418500,1084.8,887.6,1102.5,649.1,1001.3,441,1,1000.9,209,3,1000.8,304,4,1000.7,349,6,1000.6,666,9,1001.4,113,4,1001.5,836,11,1001.6,1188,10,1001.7,828,13,1001.8,1800,19
317,2025-11-26 10:45:38+05:30,1001.3,1,995.96,3723735,406553.0,390722.0,986.2,1001.8,981.3,986.2,120418500,1084.8,887.6,1102.5,649.1,1001.3,441,1,1000.9,209,3,1000.8,304,4,1000.7,349,6,1000.6,666,9,1001.4,113,4,1001.5,836,11,1001.6,1188,10,1001.7,828,13,1001.8,1800,19
317,2025-11-26 10:45:38+05:30,1001.3,1,995.96,3723736,406342.0,391010.0,986.2,1001.8,981.3,986.2,120418500,1084.8,887.6,1102.5,649.1,1001.3,440,1,1000.9,209,3,1000.8,304,4,1000.7,375,8,1000.6,640,7,1001.4,67,4,1001.5,766,9,1001.6,1257,11,1001.7,828,13,1001.8,1800,19
317,2025-11-26 10:45:39+05:30,1001.4,5,995.96,3723736,406342.0,391010.0,986.2,1001.8,981.3,986.2,120418500,1084.8,887.6,1102.5,649.1,1001.3,440,1,1000.9,209,3,1000.8,304,4,1000.7,375,8,1000.6,640,7,1001.4,67,4,1001.5,766,9,1001.6,1257,11,1001.7,828,13,1001.8,1800,19
317,2025-11-26 10:45:39+05:30,1001.3,1,995.96,3723744,403105.0,391264.0,986.2,1001.8,981.3,986.2,120418500,1084.8,887.6,1102.5,649.1,1001.3,452,2,1000.9,196,2,1000.8,304,4,1000.7,375,8,1000.6,640,7,1001.4,239,5,1001.5,766,9,1001.6,1246,11,1001.7,1078,14,1001.8,1563,19
317,2025-11-26 10:45:40+05:30,1001.3,5,995.96,3723744,403105.0,391264.0,986.2,1001.8,981.3,986.2,120418500,1084.8,887.6,1102.5,649.1,1001.3,452,2,1000.9,196,2,1000.8,304,4,1000.7,375,8,1000.6,640,7,1001.4,239,5,1001.5,766,9,1001.6,1246,11,1001.7,1078,14,1001.8,1563,19
317,2025-11-26 10:45:41+05:30,1000.9,480,995.96,3724701,402374.0,392009.0,986.2,1001.8,981.3,986.2,120418500,1084.8,887.6,1102.5,649.1,1000.8,137,3,1000.7,317,3,1000.6,374,9,1000.5,554,3,1000.4,1378,9,1001.2,128,3,1001.3,804,6,1001.4,759,10,1001.5,1429,13,1001.6,1649,13
317,2025-11-26 10:45:41+05:30,1001.3,30,995.96,3724701,402374.0,392009.0,986.2,1001.8,981.3,986.2,120418500,1084.8,887.6,1102.5,649.1,1000.8,137,3,1000.7,317,3,1000.6,374,9,1000.5,554,3,1000.4,1378,9,1001.2,128,3,1001.3,804,6,1001.4,759,10,1001.5,1429,13,1001.6,1649,13
317,2025-11-26 10:45:42+05:30,1001.3,1,995.96,3726244,404804.0,388652.0,986.2,1001.8,981.3,986.2,120418500,1084.8,887.6,1102.5,649.1,1001.3,89,1,1000.9,566,6,1000.8,677,6,1000.7,486,9,1000.6,1316,8,1001.4,187,5,1001.5,644,6,1001.6,716,7,1001.7,836,13,1001.8,1830,20
317,2025-11-26 10:45:42+05:30,1000.9,27,995.96,3726244,404804.0,388652.0,986.2,1001.8,981.3,986.2,120418500,1084.8,887.6,1102.5,649.1,1001.3,89,1,1000.9,566,6,1000.8,677,6,1000.7,486,9,1000.6,1316,8,1001.4,187,5,1001.5,644,6,1001.6,716,7,1001.7,836,13,1001.8,1830,20
317,2025-11-26 10:45:43+05:30,1001.4,20,995.96,3726396,403446.0,389307.0,986.2,1001.8,981.3,986.2,120418500,1084.8,887.6,1102.5,649.1,1001.0,87,1,1000.9,223,3,1000.8,239,3,1000.7,410,9,1000.6,673,9,1001.4,765,7,1001.5,945,11,1001.6,682,7,1001.7,1086,14,1001.8,2000,20
317,2025-11-26 10:45:43+05:30,1001.4,2,995.96,3726396,403446.0,389307.0,986.2,1001.8,981.3,986.2,120418500,1084.8,887.6,1102.5,649.1,1001.0,87,1,1000.9,223,3,1000.8,239,3,1000.7,410,9,1000.6,673,9,1001.4,765,7,1001.5,945,11,1001.6,682,7,1001.7,1086,14,1001.8,2000,20
317,2025-11-26 10:45:44+05:30,1001.4,1,995.96,3727151,405039.0,385903.0,986.2,1001.8,981.3,986.2,120418500,1084.8,887.6,1102.5,649.1,1001.0,371,5,1000.9,928,6,1000.8,623,10,1000.7,730,7,1000.6,1578,10,1001.5,470,5,1001.6,188,2,1001.7,752,12,1001.8,2005,21,1001.9,2175,23
317,2025-11-26 10:45:44+05:30,1001.5,76,995.96,3727151,405039.0,385903.0,986.2,1001.8,981.3,986.2,120418500,1084.8,887.6,1102.5,649.1,1001.0,371,5,1000.9,928,6,1000.8,623,10,1000.7,730,7,1000.6,1578,10,1001.5,470,5,1001.6,188,2,1001.7,752,12,1001.8,2005,21,1001.9,2175,23
317,2025-11-26 10:45:45+05:30,1001.1,177,995.97,3729160,408788.0,385031.0,986.2,1001.8,981.3,986.2,120418500,1084.8,887.6,1102.5,649.1,1001.2,87,1,1001.1,779,4,1001.0,337,4,1000.9,481,7,1000.8,938,11,1001.7,977,10,1001.8,1285,15,1001.9,2050,21,1002.0,4700,53,1002.1,922,21
317,2025-11-26 10:45:45+05:30,1001.1,43,995.97,3729160,408788.0,385031.0,986.2,1001.8,981.3,986.2,120418500,1084.8,887.6,1102.5,649.1,1001.2,87,1,1001.1,779,4,1001.0,337,4,1000.9,481,7,1000.8,938,11,1001.7,977,10,1001.8,1285,15,1001.9,2050,21,1002.0,4700,53,1002.1,922,21
317,2025-11-26 10:45:46+05:30,1001.0,3,995.97,3731024,409264.0,386022.0,986.2,1001.8,981.3,986.2,120418500,1084.8,887.6,1102.5,649.1,1001.1,127,2,1001.0,378,9,1000.9,1136,8,1000.8,633,6,1000.7,1263,7,1001.7,1308,16,1001.8,1599,16,1001.9,1799,19,1002.0,4482,51,1002.1,801,21
317,2025-11-26 10:45:46+05:30,1001.0,3,995.97,3731024,409264.0,386022.0,986.2,1001.8,981.3,986.2,120418500,1084.8,887.6,1102.5,649.1,1001.1,127,2,1001.0,378,9,1000.9,1136,8,1000.8,633,6,1000.7,1263,7,1001.7,1308,16,1001.8,1599,16,1001.9,1799,19,1002.0,4482,51,1002.1,801,21
317,2025-11-26 10:45:47+05:30,1001.7,9,995.97,3731058,409793.0,386648.0,986.2,1001.8,981.3,986.2,120418500,1084.8,887.6,1102.5,649.1,1001.2,87,1,1001.1,255,3,1001.0,378,9,1000.9,1089,6,1000.8,591,6,1001.7,1753,16,1001.8,1638,17,1001.9,1815,20,1002.0,4658,52,1002.1,1051,22
317,2025-11-26 10:45:47+05:30,1001.7,7,995.97,3731058,409793.0,386648.0,986.2,1001.8,981.3,986.2,120418500,1084.8,887.6,1102.5,649.1,1001.2,87,1,1001.1,255,3,1001.0,378,9,1000.9,1089,6,1000.8,591,6,1001.7,1753,16,1001.8,1638,17,1001.9,1815,20,1002.0,4658,52,1002.1,1051,22
317,2025-11-26 10:45:48+05:30,1001.1,75,995.97,3733315,409197.0,386995.0,986.2,1001.8,981.3,986.2,120418500,1084.8,887.6,1102.5,649.1,1001.1,82,1,1001.0,324,3,1000.9,1022,12,1000.8,512,5,1000.7,1360,7,1001.6,807,6,1001.7,947,12,1001.8,1915,19,1001.9,1785,21,1002.0,5160,55
317,2025-11-26 10:45:48+05:30,1001.1,75,995.97,3733315,409197.0,386995.0,986.2,1001.8,981.3,986.2,120418500,1084.8,887.6,1102.5,649.1,1001.1,82,1,1001.0,324,3,1000.9,1022,12,1000.8,512,5,1000.7,1360,7,1001.6,807,6,1001.7,947,12,1001.8,1915,19,1001.9,1785,21,1002.0,5160,55
317,2025-11-26 10:45:49+05:30,1001.0,22,995.97,3734119,407028.0,386483.0,986.2,1001.8,981.3,986.2,120418500,1084.8,887.6,1102.5,649.1,1001.1,87,1,1001.0,169,3,1000.9,910,6,1000.8,591,10,1000.7,1360,7,1001.6,286,6,1001.7,1582,15,1001.8,1830,17,1001.9,1798,22,1002.0,4791,54
317,2025-11-26 10:45:49+05:30,1001.0,22,995.97,3734119,407028.0,386483.0,986.2,1001.8,981.3,986.2,120418500,1084.8,887.6,1102.5,649.1,1001.1,87,1,1001.0,169,3,1000.9,910,6,1000.8,591,10,1000.7,1360,7,1001.6,286,6,1001.7,1582,15,1001.8,1830,17,1001.9,1798,22,1002.0,4791,54
317,2025-11-26 10:45:50+05:30,1001.0,22,995.97,3734119,407559.0,389114.0,986.2,1001.8,981.3,986.2,120418500,1084.8,887.6,1102.5,649.1,1001.1,187,2,1001.0,335,5,1000.9,432,6,1000.8,889,5,1000.7,1379,11,1001.3,96,1,1001.6,1072,9,1001.7,998,15,1001.8,2354,22,1001.9,1772,20
317,2025-11-26 10:45:51+05:30,1001.6,5,995.98,3736374,407271.0,386997.0,986.2,1001.8,981.3,986.2,120418500,1084.8,887.6,1102.5,649.1,1001.2,87,1,1001.1,128,4,1001.0,405,3,1000.9,414,4,1000.8,945,10,1001.6,314,3,1001.7,1243,12,1001.8,1359,15,1001.9,2096,26,1002.0,5245,58
317,2025-11-26 10:45:51+05:30,1002.0,3,995.98,3736374,407271.0,386997.0,986.2,1001.8,981.3,986.2,120418500,1084.8,887.6,1102.5,649.1,1001.2,87,1,1001.1,128,4,1001.0,405,3,1000.9,414,4,1000.8,945,10,1001.6,314,3,1001.7,1243,12,1001.8,1359,15,1001.9,2096,26,1002.0,5245,58
317,2025-11-26 10:45:52+05:30,1001.2,190,995.99,3745112,409221.0,382852.0,986.2,1002.0,981.3,986.2,120418500,1084.8,887.6,1102.5,649.1,1001.3,82,1,1001.2,176,1,1001.1,671,10,1001.0,747,6,1000.9,667,8,1001.7,350,6,1001.8,241,6,1001.9,1408,11,1002.0,2047,24,1002.1,1160,17
317,2025-11-26 10:45:52+05:30,1001.2,190,995.99,3745112,409221.0,382852.0,986.2,1002.0,981.3,986.2,120418500,1084.8,887.6,1102.5,649.1,1001.3,82,1,1001.2,176,1,1001.1,671,10,1001.0,747,6,1000.9,667,8,1001.7,350,6,1001.8,241,6,1001.9,1408,11,1002.0,2047,24,1002.1,1160,17
317,2025-11-26 10:45:53+05:30,1001.7,10,995.99,3745112,409221.0,382852.0,986.2,1002.0,981.3,986.2,120418500,1084.8,887.6,1102.5,649.1,1001.3,82,1,1001.2,176,1,1001.1,671,10,1001.0,747,6,1000.9,667,8,1001.7,350,6,1001.8,241,6,1001.9,1408,11,1002.0,2047,24,1002.1,1160,17
317,2025-11-26 10:45:53+05:30,1001.7,10,995.99,3747445,409836.0,383500.0,986.2,1002.0,981.3,986.2,120418500,1084.8,887.6,1102.5,649.1,1001.7,286,1,1001.2,378,2,1001.1,1015,7,1001.0,1298,9,1000.9,829,11,1001.9,272,4,1002.0,1501,22,1002.1,847,15,1002.2,1107,13,1002.3,1807,16
317,2025-11-26 10:45:54+05:30,1001.7,24,995.99,3747445,409836.0,383500.0,986.2,1002.0,981.3,986.2,120418500,1084.8,887.6,1102.5,649.1,1001.7,286,1,1001.2,378,2,1001.1,1015,7,1001.0,1298,9,1000.9,829,11,1001.9,272,4,1002.0,1501,22,1002.1,847,15,1002.2,1107,13,1002.3,1807,16
317,2025-11-26 10:45:54+05:30,1001.7,24,995.99,3748164,410571.0,385133.0,986.2,1002.0,981.3,986.2,120418500,1084.8,887.6,1102.5,649.1,1001.7,37,2,1001.3,465,3,1001.2,297,3,1001.1,479,6,1001.0,531,9,1001.8,246,4,1001.9,760,6,1002.0,1607,24,1002.1,1051,16,1002.2,832,11
317,2025-11-26 10:45:55+05:30,1001.7,1,995.99,3748164,410571.0,385133.0,986.2,1002.0,981.3,986.2,120418500,1084.8,887.6,1102.5,649.1,1001.7,37,2,1001.3,465,3,1001.2,297,3,1001.1,479,6,1001.0,531,9,1001.8,246,4,1001.9,760,6,1002.0,1607,24,1002.1,1051,16,1002.2,832,11
317,2025-11-26 10:45:55+05:30,1001.7,2,995.99,3748167,409587.0,385378.0,986.2,1002.0,981.3,986.2,120418500,1084.8,887.6,1102.5,649.1,1001.7,34,2,1001.3,465,3,1001.2,297,3,1001.1,479,6,1001.0,531,9,1001.8,251,5,1001.9,825,7,1002.0,1581,22,1002.1,1077,18,1002.2,898,12
317,2025-11-26 10:45:56+05:30,1001.7,2,995.99,3748167,409587.0,385378.0,986.2,1002.0,981.3,986.2,120418500,1084.8,887.6,1102.5,649.1,1001.7,34,2,1001.3,465,3,1001.2,297,3,1001.1,479,6,1001.0,531,9,1001.8,251,5,1001.9,825,7,1002.0,1581,22,1002.1,1077,18,1002.2,898,12
317,2025-11-26 10:45:57+05:30,1001.7,2,995.99,3748167,409742.0,385493.0,986.2,1002.0,981.3,986.2,120418500,1084.8,887.6,1102.5,649.1,1001.7,34,2,1001.3,511,4,1001.2,340,4,1001.1,479,6,1001.0,531,9,1001.8,251,5,1001.9,825,7,1002.0,1581,22,1002.1,1079,19,1002.2,898,12
317,2025-11-26 10:45:58+05:30,1001.7,21,996.0,3748256,408498.0,386488.0,986.2,1002.0,981.3,986.2,120418500,1084.8,887.6,1102.5,649.1,1001.3,133,2,1001.2,219,2,1001.1,301,4,1001.0,389,8,1000.9,1070,10,1001.7,289,6,1001.8,918,11,1001.9,1252,10,1002.0,2122,26,1002.1,902,20
317,2025-11-26 10:45:58+05:30,1001.7,1,996.0,3748256,408498.0,386488.0,986.2,1002.0,981.3,986.2,120418500,1084.8,887.6,1102.5,649.1,1001.3,133,2,1001.2,219,2,1001.1,301,4,1001.0,389,8,1000.9,1070,10,1001.7,289,6,1001.8,918,11,1001.9,1252,10,1002.0,2122,26,1002.1,902,20
317,2025-11-26 10:45:59+05:30,1001.7,11,996.0,3748268,408934.0,387015.0,986.2,1002.0,981.3,986.2,120418500,1084.8,887.6,1102.5,649.1,1001.3,133,2,1001.2,319,3,1001.1,301,4,1001.0,363,6,1000.9,1276,14,1001.7,276,6,1001.8,957,11,1001.9,1253,11,1002.0,2122,26,1002.1,902,20
317,2025-11-26 10:45:59+05:30,1001.7,11,996.0,3748268,408934.0,387015.0,986.2,1002.0,981.3,986.2,120418500,1084.8,887.6,1102.5,649.1,1001.3,133,2,1001.2,319,3,1001.1,301,4,1001.0,363,6,1000.9,1276,14,1001.7,276,6,1001.8,957,11,1001.9,1253,11,1002.0,2122,26,1002.1,902,20
317,2025-11-26 10:46:00+05:30,1001.6,59,996.0,3749358,409665.0,384812.0,986.2,1002.0,981.3,986.2,120418500,1084.8,887.6,1102.5,649.1,1001.6,418,1,1001.3,46,1,1001.2,319,3,1001.1,311,4,1001.0,424,9,1001.8,415,7,1001.9,788,7,1002.0,1639,20,1002.1,1064,15,1002.2,747,12
317,2025-11-26 10:46:00+05:30,1001.8,5,996.0,3749358,409665.0,384812.0,986.2,1002.0,981.3,986.2,120418500,1084.8,887.6,1102.5,649.1,1001.6,418,1,1001.3,46,1,1001.2,319,3,1001.1,311,4,1001.0,424,9,1001.8,415,7,1001.9,788,7,1002.0,1639,20,1002.1,1064,15,1002.2,747,12
317,2025-11-26 10:46:01+05:30,1001.8,5,996.0,3749363,410031.0,386059.0,986.2,1002.0,981.3,986.2,120418500,1084.8,887.6,1102.5,649.1,1001.6,418,1,1001.3,194,1,1001.2,319,3,1001.1,422,5,1001.0,556,12,1001.8,337,6,1001.9,821,7,1002.0,1639,20,1002.1,1077,19,1002.2,990,16
317,2025-11-26 10:46:02+05:30,1001.8,5,996.0,3749363,409989.0,386259.0,986.2,1002.0,981.3,986.2,120418500,1084.8,887.6,1102.5,649.1,1001.6,418,1,1001.3,194,1,1001.2,319,3,1001.1,422,5,1001.0,605,13,1001.7,1,1,1001.8,251,4,1001.9,754,6,1002.0,1639,20,1002.1,827,18
317,2025-11-26 10:46:03+05:30,1001.6,50,996.0,3749413,410528.0,386259.0,986.2,1002.0,981.3,986.2,120418500,1084.8,887.6,1102.5,649.1,1001.6,368,1,1001.3,298,2,1001.2,493,4,1001.1,482,6,1001.0,605,13,1001.7,1,1,1001.8,251,4,1001.9,754,6,1002.0,1639,20,1002.1,827,18
317,2025-11-26 10:46:03+05:30,1001.7,1,996.0,3749413,410528.0,386259.0,986.2,1002.0,981.3,986.2,120418500,1084.8,887.6,1102.5,649.1,1001.6,368,1,1001.3,298,2,1001.2,493,4,1001.1,482,6,1001.0,605,13,1001.7,1,1,1001.8,251,4,1001.9,754,6,1002.0,1639,20,1002.1,827,18
317,2025-11-26 10:46:04+05:30,1001.7,1,996.0,3749414,410328.0,386318.0,986.2,1002.0,981.3,986.2,120418500,1084.8,887.6,1102.5,649.1,1001.6,368,1,1001.3,298,2,1001.2,493,4,1001.1,482,6,1001.0,605,13,1001.8,274,5,1001.9,888,7,1002.0,1639,20,1002.1,827,18,1002.2,1240,17
317,2025-11-26 10:46:05+05:30,1001.8,116,996.0,3749782,409888.0,386501.0,986.2,1002.0,981.3,986.2,120418500,1084.8,887.6,1102.5,649.1,1001.6,3,1,1001.4,196,2,1001.3,312,3,1001.2,493,4,1001.1,482,6,1001.8,173,3,1001.9,705,5,1002.0,1573,19,1002.1,893,18,1002.2,1240,17
317,2025-11-26 10:46:05+05:30,1001.8,90,996.0,3749782,409888.0,386501.0,986.2,1002.0,981.3,986.2,120418500,1084.8,887.6,1102.5,649.1,1001.6,3,1,1001.4,196,2,1001.3,312,3,1001.2,493,4,1001.1,482,6,1001.8,173,3,1001.9,705,5,1002.0,1573,19,1002.1,893,18,1002.2,1240,17
317,2025-11-26 10:46:06+05:30,1001.8,90,996.0,3749882,410497.0,386589.0,986.2,1002.0,981.3,986.2,120418500,1084.8,887.6,1102.5,649.1,1001.6,3,1,1001.4,2,1,1001.3,470,4,1001.2,690,5,1001.1,687,8,1001.8,83,3,1001.9,819,7,1002.0,1640,20,1002.1,959,19,1002.2,1240,17
317,2025-11-26 10:46:07+05:30,1001.8,15,996.0,3749906,410367.0,384038.0,986.2,1002.0,981.3,986.2,120418500,1084.8,887.6,1102.5,649.1,1001.6,3,1,1001.4,2,1,1001.3,276,3,1001.2,690,5,1001.1,687,8,1001.8,341,4,1001.9,949,8,1002.0,1696,21,1002.1,1138,20,1002.2,1057,17
317,2025-11-26 10:46:07+05:30,1001.8,15,996.0,3749906,410367.0,384038.0,986.2,1002.0,981.3,986.2,120418500,1084.8,887.6,1102.5,649.1,1001.6,3,1,1001.4,2,1,1001.3,276,3,1001.2,690,5,1001.1,687,8,1001.8,341,4,1001.9,949,8,1002.0,1696,21,1002.1,1138,20,1002.2,1057,17
317,2025-11-26 10:46:08+05:30,1001.8,14,996.0,3749921,410240.0,384678.0,986.2,1002.0,981.3,986.2,120418500,1084.8,887.6,1102.5,649.1,1001.4,2,1,1001.3,262,2,1001.2,690,5,1001.1,687,8,1001.0,728,14,1001.8,775,8,1001.9,951,9,1002.0,1696,21,1002.1,1138,20,1002.2,1040,16
317,2025-11-26 10:46:08+05:30,1001.8,9,996.0,3749921,410240.0,384678.0,986.2,1002.0,981.3,986.2,120418500,1084.8,887.6,1102.5,649.1,1001.4,2,1,1001.3,262,2,1001.2,690,5,1001.1,687,8,1001.0,728,14,1001.8,775,8,1001.9,951,9,1002.0,1696,21,1002.1,1138,20,1002.2,1040,16
317,2025-11-26 10:46:09+05:30,1001.8,2,996.0,3749932,411165.0,385321.0,986.2,1002.0,981.3,986.2,120418500,1084.8,887.6,1102.5,649.1,1001.4,2,1,1001.3,24,2,1001.2,516,4,1001.1,983,10,1001.0,908,14,1001.8,1042,10,1001.9,992,8,1002.0,1645,23,1002.1,1103,19,1002.2,1020,15
317,2025-11-26 10:46:09+05:30,1001.8,2,996.0,3749932,411165.0,385321.0,986.2,1002.0,981.3,986.2,120418500,1084.8,887.6,1102.5,649.1,1001.4,2,1,1001.3,24,2,1001.2,516,4,1001.1,983,10,1001.0,908,14,1001.8,1042,10,1001.9,992,8,1002.0,1645,23,1002.1,1103,19,1002.2,1020,15
317,2025-11-26 10:46:10+05:30,1001.6,245,996.0,3751432,405998.0,387438.0,986.2,1002.0,981.3,986.2,120418500,1084.8,887.6,1102.5,649.1,1001.2,319,3,1001.1,607,5,1001.0,596,9,1000.9,1182,13,1000.8,1167,7,1001.6,148,3,1001.7,1042,9,1001.8,1088,12,1001.9,1307,9,1002.0,1738,23
317,2025-11-26 10:46:10+05:30,1001.6,245,996.0,3751432,405998.0,387438.0,986.2,1002.0,981.3,986.2,120418500,1084.8,887.6,1102.5,649.1,1001.2,319,3,1001.1,607,5,1001.0,596,9,1000.9,1182,13,1000.8,1167,7,1001.6,148,3,1001.7,1042,9,1001.8,1088,12,1001.9,1307,9,1002.0,1738,23
317,2025-11-26 10:46:10+05:30,1001.6,245,996.0,3751432,405998.0,387438.0,986.2,1002.0,981.3,986.2,120418500,1084.8,887.6,1102.5,649.1,1001.2,319,3,1001.1,607,5,1001.0,596,9,1000.9,1182,13,1000.8,1167,7,1001.6,148,3,1001.7,1042,9,1001.8,1088,12,1001.9,1307,9,1002.0,1738,23
317,2025-11-26 10:46:10+05:30,1001.6,245,996.0,3751432,405998.0,387438.0,986.2,1002.0,981.3,986.2,120418500,1084.8,887.6,1102.5,649.1,1001.2,319,3,1001.1,607,5,1001.0,596,9,1000.9,1182,13,1000.8,1167,7,1001.6,148,3,1001.7,1042,9,1001.8,1088,12,1001.9,1307,9,1002.0,1738,23
317,2025-11-26 10:46:11+05:30,1001.6,245,996.0,3751432,405998.0,387438.0,986.2,1002.0,981.3,986.2,120418500,1084.8,887.6,1102.5,649.1,1001.2,319,3,1001.1,607,5,1001.0,596,9,1000.9,1182,13,1000.8,1167,7,1001.6,148,3,1001.7,1042,9,1001.8,1088,12,1001.9,1307,9,1002.0,1738,23
317,2025-11-26 10:46:11+05:30,1001.6,245,996.0,3751432,409838.0,387423.0,986.2,1002.0,981.3,986.2,120418500,1084.8,887.6,1102.5,649.1,1001.2,332,4,1001.1,736,6,1001.0,596,9,1000.9,1053,12,1000.8,1167,7,1001.6,197,4,1001.7,486,8,1001.8,1282,13,1001.9,1057,8,1002.0,2115,27
317,2025-11-26 10:46:11+05:30,1001.6,245,996.0,3751432,409838.0,387423.0,986.2,1002.0,981.3,986.2,120418500,1084.8,887.6,1102.5,649.1,1001.2,332,4,1001.1,736,6,1001.0,596,9,1000.9,1053,12,1000.8,1167,7,1001.6,197,4,1001.7,486,8,1001.8,1282,13,1001.9,1057,8,1002.0,2115,27
317,2025-11-26 10:46:12+05:30,1001.6,245,996.0,3751432,409838.0,387423.0,986.2,1002.0,981.3,986.2,120418500,1084.8,887.6,1102.5,649.1,1001.2,332,4,1001.1,736,6,1001.0,596,9,1000.9,1053,12,1000.8,1167,7,1001.6,197,4,1001.7,486,8,1001.8,1282,13,1001.9,1057,8,1002.0,2115,27
317,2025-11-26 10:46:12+05:30,1001.1,36,996.0,3751960,408443.0,389080.0,986.2,1002.0,981.3,986.2,120418500,1084.8,887.6,1102.5,649.1,1001.1,175,2,1001.0,1233,12,1000.9,838,9,1000.8,704,7,1000.7,1181,11,1001.6,255,6,1001.7,581,7,1001.8,1480,15,1001.9,1509,10,1002.0,2421,29
317,2025-11-26 10:46:12+05:30,1001.1,36,996.0,3751960,408443.0,389080.0,986.2,1002.0,981.3,986.2,120418500,1084.8,887.6,1102.5,649.1,1001.1,175,2,1001.0,1233,12,1000.9,838,9,1000.8,704,7,1000.7,1181,11,1001.6,255,6,1001.7,581,7,1001.8,1480,15,1001.9,1509,10,1002.0,2421,29
317,2025-11-26 10:46:12+05:30,1001.1,36,996.0,3751960,408443.0,389080.0,986.2,1002.0,981.3,986.2,120418500,1084.8,887.6,1102.5,649.1,1001.1,175,2,1001.0,1233,12,1000.9,838,9,1000.8,704,7,1000.7,1181,11,1001.6,255,6,1001.7,581,7,1001.8,1480,15,1001.9,1509,10,1002.0,2421,29
317,2025-11-26 10:46:12+05:30,1001.1,36,996.0,3751960,408443.0,389080.0,986.2,1002.0,981.3,986.2,120418500,1084.8,887.6,1102.5,649.1,1001.1,175,2,1001.0,1233,12,1000.9,838,9,1000.8,704,7,1000.7,1181,11,1001.6,255,6,1001.7,581,7,1001.8,1480,15,1001.9,1509,10,1002.0,2421,29
317,2025-11-26 10:46:13+05:30,1001.1,36,996.0,3751960,408443.0,389080.0,986.2,1002.0,981.3,986.2,120418500,1084.8,887.6,1102.5,649.1,1001.1,175,2,1001.0,1233,12,1000.9,838,9,1000.8,704,7,1000.7,1181,11,1001.6,255,6,1001.7,581,7,1001.8,1480,15,1001.9,1509,10,1002.0,2421,29
317,2025-11-26 10:46:13+05:30,1001.6,3,996.0,3751960,408443.0,389080.0,986.2,1002.0,981.3,986.2,120418500,1084.8,887.6,1102.5,649.1,1001.1,175,2,1001.0,1233,12,1000.9,838,9,1000.8,704,7,1000.7,1181,11,1001.6,255,6,1001.7,581,7,1001.8,1480,15,1001.9,1509,10,1002.0,2421,29
317,2025-11-26 10:46:13+05:30,1001.6,3,996.0,3751964,409013.0,388588.0,986.2,1002.0,981.3,986.2,120418500,1084.8,887.6,1102.5,649.1,1001.1,458,5,1001.0,1154,12,1000.9,1074,12,1000.8,664,6,1000.7,1181,11,1001.6,121,2,1001.7,244,4,1001.8,1415,13,1001.9,1057,8,1002.0,2645,28
317,2025-11-26 10:46:13+05:30,1001.6,3,996.0,3751964,409013.0,388588.0,986.2,1002.0,981.3,986.2,120418500,1084.8,887.6,1102.5,649.1,1001.1,458,5,1001.0,1154,12,1000.9,1074,12,1000.8,664,6,1000.7,1181,11,1001.6,121,2,1001.7,244,4,1001.8,1415,13,1001.9,1057,8,1002.0,2645,28
317,2025-11-26 10:46:13+05:30,1001.6,3,996.0,3751964,409013.0,388588.0,986.2,1002.0,981.3,986.2,120414750,1084.8,887.6,1102.5,649.1,1001.1,458,5,1001.0,1154,12,1000.9,1074,12,1000.8,664,6,1000.7,1181,11,1001.6,121,2,1001.7,244,4,1001.8,1415,13,1001.9,1057,8,1002.0,2645,28
317,2025-11-26 10:46:14+05:30,1001.6,3,996.0,3751964,409013.0,388588.0,986.2,1002.0,981.3,986.2,120414750,1084.8,887.6,1102.5,649.1,1001.1,458,5,1001.0,1154,12,1000.9,1074,12,1000.8,664,6,1000.7,1181,11,1001.6,121,2,1001.7,244,4,1001.8,1415,13,1001.9,1057,8,1002.0,2645,28
317,2025-11-26 10:46:14+05:30,1001.1,5,996.0,3751964,409013.0,388588.0,986.2,1002.0,981.3,986.2,120414750,1084.8,887.6,1102.5,649.1,1001.1,458,5,1001.0,1154,12,1000.9,1074,12,1000.8,664,6,1000.7,1181,11,1001.6,121,2,1001.7,244,4,1001.8,1415,13,1001.9,1057,8,1002.0,2645,28
317,2025-11-26 10:46:14+05:30,1001.1,5,996.0,3751969,408923.0,389865.0,986.2,1002.0,981.3,986.2,120414750,1084.8,887.6,1102.5,649.1,1001.2,112,1,1001.1,404,4,1001.0,1173,13,1000.9,1055,11,1000.8,664,6,1001.6,121,2,1001.7,619,7,1001.8,1363,15,1001.9,1307,9,1002.0,2442,30
317,2025-11-26 10:46:15+05:30,1001.1,5,996.0,3751969,408933.0,389856.0,986.2,1002.0,981.3,986.2,120414750,1084.8,887.6,1102.5,649.1,1001.2,112,1,1001.1,404,4,1001.0,1173,13,1000.9,1055,11,1000.8,664,6,1001.6,121,2,1001.7,686,8,1001.8,1366,16,1001.9,1307,9,1002.0,2442,30
317,2025-11-26 10:46:16+05:30,1001.6,50,996.0,3751969,408933.0,389856.0,986.2,1002.0,981.3,986.2,120414750,1084.8,887.6,1102.5,649.1,1001.2,112,1,1001.1,404,4,1001.0,1173,13,1000.9,1055,11,1000.8,664,6,1001.6,121,2,1001.7,686,8,1001.8,1366,16,1001.9,1307,9,1002.0,2442,30
317,2025-11-26 10:46:16+05:30,1001.6,50,996.0,3752020,408725.0,389228.0,986.2,1002.0,981.3,986.2,120414750,1084.8,887.6,1102.5,649.1,1001.2,112,1,1001.1,273,3,1001.0,1305,14,1000.9,1055,11,1000.8,664,6,1001.6,70,2,1001.7,686,8,1001.8,1362,16,1001.9,1057,8,1002.0,2734,33
317,2025-11-26 10:46:17+05:30,1001.6,10,996.0,3752020,408725.0,389228.0,986.2,1002.0,981.3,986.2,120414750,1084.8,887.6,1102.5,649.1,1001.2,112,1,1001.1,273,3,1001.0,1305,14,1000.9,1055,11,1000.8,664,6,1001.6,70,2,1001.7,686,8,1001.8,1362,16,1001.9,1057,8,1002.0,2734,33
317,2025-11-26 10:46:17+05:30,1001.6,10,996.0,3752030,408613.0,389226.0,986.2,1002.0,981.3,986.2,120414750,1084.8,887.6,1102.5,649.1,1001.2,112,1,1001.1,273,3,1001.0,1252,14,1000.9,1188,12,1000.8,664,6,1001.6,60,2,1001.7,687,9,1001.8,1369,16,1001.9,1057,8,1002.0,2734,33
317,2025-11-26 10:46:18+05:30,1001.6,1,996.0,3752030,408613.0,389226.0,986.2,1002.0,981.3,986.2,120414750,1084.8,887.6,1102.5,649.1,1001.2,112,1,1001.1,273,3,1001.0,1252,14,1000.9,1188,12,1000.8,664,6,1001.6,60,2,1001.7,687,9,1001.8,1369,16,1001.9,1057,8,1002.0,2734,33
317,2025-11-26 10:46:18+05:30,1001.6,1,996.0,3752035,409186.0,388652.0,986.2,1002.0,981.3,986.2,120414750,1084.8,887.6,1102.5,649.1,1001.2,111,1,1001.1,564,6,1001.0,1120,13,1000.9,1181,11,1000.8,664,6,1001.6,56,1,1001.7,620,8,1001.8,1493,16,1001.9,1057,8,1002.0,2467,31
317,2025-11-26 10:46:19+05:30,1001.3,1,996.0,3752035,409186.0,388652.0,986.2,1002.0,981.3,986.2,120414750,1084.8,887.6,1102.5,649.1,1001.2,111,1,1001.1,564,6,1001.0,1120,13,1000.9,1181,11,1000.8,664,6,1001.6,56,1,1001.7,620,8,1001.8,1493,16,1001.9,1057,8,1002.0,2467,31
317,2025-11-26 10:46:19+05:30,1001.3,1,996.0,3752786,410119.0,386462.0,986.2,1002.0,981.3,986.2,120414750,1084.8,887.6,1102.5,649.1,1001.4,111,1,1001.3,1,1,1001.2,305,2,1001.1,901,4,1001.0,613,13,1001.7,134,1,1001.8,1116,10,1001.9,1071,9,1002.0,1870,26,1002.1,2005,20
317,2025-11-26 10:46:20+05:30,1001.5,1,996.0,3752786,410119.0,386462.0,986.2,1002.0,981.3,986.2,120414750,1084.8,887.6,1102.5,649.1,1001.4,111,1,1001.3,1,1,1001.2,305,2,1001.1,901,4,1001.0,613,13,1001.7,134,1,1001.8,1116,10,1001.9,1071,9,1002.0,1870,26,1002.1,2005,20
317,2025-11-26 10:46:20+05:30,1001.5,1,996.0,3752812,410277.0,388079.0,986.2,1002.0,981.3,986.2,120414750,1084.8,887.6,1102.5,649.1,1001.4,89,2,1001.3,1,1,1001.2,499,3,1001.1,1356,8,1001.0,911,17,1001.5,95,1,1001.8,1163,11,1001.9,1219,11,1002.0,2630,29,1002.1,1755,19
317,2025-11-26 10:46:21+05:30,1001.5,25,996.0,3752812,410277.0,388079.0,986.2,1002.0,981.3,986.2,120414750,1084.8,887.6,1102.5,649.1,1001.4,89,2,1001.3,1,1,1001.2,499,3,1001.1,1356,8,1001.0,911,17,1001.5,95,1,1001.8,1163,11,1001.9,1219,11,1002.0,2630,29,1002.1,1755,19
317,2025-11-26 10:46:22+05:30,1001.5,3,996.0,3752840,410697.0,387641.0,986.2,1002.0,981.3,986.2,120414750,1084.8,887.6,1102.5,649.1,1001.4,273,3,1001.3,1,1,1001.2,499,3,1001.1,875,8,1001.0,911,17,1001.5,67,1,1001.8,1163,11,1001.9,793,10,1002.0,2384,29,1002.1,1742,18
317,2025-11-26 10:46:22+05:30,1001.5,3,996.0,3752840,410697.0,387641.0,986.2,1002.0,981.3,986.2,120414750,1084.8,887.6,1102.5,649.1,1001.4,273,3,1001.3,1,1,1001.2,499,3,1001.1,875,8,1001.0,911,17,1001.5,67,1,1001.8,1163,11,1001.9,793,10,1002.0,2384,29,1002.1,1742,18
317,2025-11-26 10:46:23+05:30,1001.5,21,996.0,3752861,410653.0,387197.0,986.2,1002.0,981.3,986.2,120414750,1084.8,887.6,1102.5,649.1,1001.4,270,2,1001.3,1,1,1001.2,499,3,1001.1,875,8,1001.0,911,17,1001.5,46,1,1001.8,1163,11,1001.9,793,10,1002.0,2400,30,1002.1,1742,18
317,2025-11-26 10:46:23+05:30,1001.5,1,996.0,3752861,410653.0,387197.0,986.2,1002.0,981.3,986.2,120414750,1084.8,887.6,1102.5,649.1,1001.4,270,2,1001.3,1,1,1001.2,499,3,1001.1,875,8,1001.0,911,17,1001.5,46,1,1001.8,1163,11,1001.9,793,10,1002.0,2400,30,1002.1,1742,18
317,2025-11-26 10:46:24+05:30,1001.5,10,996.0,3752875,410199.0,387181.0,986.2,1002.0,981.3,986.2,120414750,1084.8,887.6,1102.5,649.1,1001.4,270,2,1001.3,1,1,1001.2,578,4,1001.1,874,8,1001.0,911,17,1001.5,32,1,1001.8,1030,11,1001.9,792,10,1002.0,2516,31,1002.1,1758,19
317,2025-11-26 10:46:24+05:30,1001.5,86,996.0,3752875,410199.0,387181.0,986.2,1002.0,981.3,986.2,120414750,1084.8,887.6,1102.5,649.1,1001.4,270,2,1001.3,1,1,1001.2,578,4,1001.1,874,8,1001.0,911,17,1001.5,32,1,1001.8,1030,11,1001.9,792,10,1002.0,2516,31,1002.1,1758,19
317,2025-11-26 10:46:25+05:30,1001.7,287,996.0,3754717,408152.0,385215.0,986.2,1002.0,981.3,986.2,120414750,1084.8,887.6,1102.5,649.1,1001.2,87,1,1001.1,496,6,1001.0,738,13,1000.9,1603,12,1000.8,914,7,1001.8,1120,11,1001.9,1061,10,1002.0,1913,26,1002.1,1669,17,1002.2,1130,10
317,2025-11-26 10:46:25+05:30,1001.8,5,996.0,3754717,408152.0,385215.0,986.2,1002.0,981.3,986.2,120414750,1084.8,887.6,1102.5,649.1,1001.2,87,1,1001.1,496,6,1001.0,738,13,1000.9,1603,12,1000.8,914,7,1001.8,1120,11,1001.9,1061,10,1002.0,1913,26,1002.1,1669,17,1002.2,1130,10
317,2025-11-26 10:46:26+05:30,1001.8,5,996.0,3754732,408289.0,385804.0,986.2,1002.0,981.3,986.2,120414750,1084.8,887.6,1102.5,649.1,1001.2,87,1,1001.1,483,5,1001.0,1179,15,1000.9,1270,13,1000.8,916,8,1001.8,1898,17,1001.9,1020,11,1002.0,2157,32,1002.1,1975,22,1002.2,704,9
317,2025-11-26 10:46:27+05:30,1001.7,19,996.01,3756153,409191.0,386386.0,986.2,1002.0,981.3,986.2,120414750,1084.8,887.6,1102.5,649.1,1001.3,65,1,1001.2,13,1,1001.1,639,5,1001.0,1171,12,1000.9,1075,11,1001.8,1408,16,1001.9,1160,16,1002.0,2239,29,1002.1,1898,20,1002.2,1236,13
317,2025-11-26 10:46:27+05:30,1001.5,10,996.01,3756153,409191.0,386386.0,986.2,1002.0,981.3,986.2,120414750,1084.8,887.6,1102.5,649.1,1001.3,65,1,1001.2,13,1,1001.1,639,5,1001.0,1171,12,1000.9,1075,11,1001.8,1408,16,1001.9,1160,16,1002.0,2239,29,1002.1,1898,20,1002.2,1236,13
317,2025-11-26 10:46:28+05:30,1001.5,10,996.01,3756186,408550.0,387004.0,986.2,1002.0,981.3,986.2,120414750,1084.8,887.6,1102.5,649.1,1001.5,190,1,1001.3,2,1,1001.2,342,3,1001.1,754,7,1001.0,1171,12,1001.8,1021,11,1001.9,1023,12,1002.0,1802,25,1002.1,2143,20,1002.2,1298,13
317,2025-11-26 10:46:28+05:30,1001.8,1,996.01,3756186,408550.0,387004.0,986.2,1002.0,981.3,986.2,120414750,1084.8,887.6,1102.5,649.1,1001.5,190,1,1001.3,2,1,1001.2,342,3,1001.1,754,7,1001.0,1171,12,1001.8,1021,11,1001.9,1023,12,1002.0,1802,25,1002.1,2143,20,1002.2,1298,13
317,2025-11-26 10:46:29+05:30,1001.8,4,996.01,3756198,408580.0,386893.0,986.2,1002.0,981.3,986.2,120414750,1084.8,887.6,1102.5,649.1,1001.5,203,2,1001.3,2,1,1001.2,329,2,1001.1,754,7,1001.0,1171,12,1001.8,922,11,1001.9,1023,12,1002.0,1918,27,1002.1,2028,20,1002.2,1492,14
317,2025-11-26 10:46:29+05:30,1001.8,4,996.01,3756198,408580.0,386893.0,986.2,1002.0,981.3,986.2,120414750,1084.8,887.6,1102.5,649.1,1001.5,203,2,1001.3,2,1,1001.2,329,2,1001.1,754,7,1001.0,1171,12,1001.8,922,11,1001.9,1023,12,1002.0,1918,27,1002.1,2028,20,1002.2,1492,14
317,2025-11-26 10:46:30+05:30,1001.5,8,996.01,3756206,408698.0,387478.0,986.2,1002.0,981.3,986.2,120414750,1084.8,887.6,1102.5,649.1,1001.5,195,2,1001.3,2,1,1001.2,194,1,1001.1,653,7,1001.0,1171,12,1001.6,96,1,1001.8,1413,16,1001.9,1207,13,1002.0,2142,26,1002.1,1909,20
317,2025-11-26 10:46:30+05:30,1001.5,8,996.01,3756206,408698.0,387478.0,986.2,1002.0,981.3,986.2,120414750,1084.8,887.6,1102.5,649.1,1001.5,195,2,1001.3,2,1,1001.2,194,1,1001.1,653,7,1001.0,1171,12,1001.6,96,1,1001.8,1413,16,1001.9,1207,13,1002.0,2142,26,1002.1,1909,20
317,2025-11-26 10:46:31+05:30,1001.6,9,996.01,3756215,408903.0,387153.0,986.2,1002.0,981.3,986.2,120414750,1084.8,887.6,1102.5,649.1,1001.5,195,2,1001.4,15,1,1001.3,2,1,1001.2,194,1,1001.1,516,5,1001.6,87,1,1001.8,1598,18,1001.9,995,11,1002.0,1795,24,1002.1,2068,19
317,2025-11-26 10:46:31+05:30,1001.6,9,996.01,3756215,408903.0,387153.0,986.2,1002.0,981.3,986.2,120414750,1084.8,887.6,1102.5,649.1,1001.5,195,2,1001.4,15,1,1001.3,2,1,1001.2,194,1,1001.1,516,5,1001.6,87,1,1001.8,1598,18,1001.9,995,11,1002.0,1795,24,1002.1,2068,19
317,2025-11-26 10:46:32+05:30,1001.6,9,996.01,3756215,409001.0,387670.0,986.2,1002.0,981.3,986.2,120414750,1084.8,887.6,1102.5,649.1,1001.5,195,2,1001.4,15,1,1001.3,2,1,1001.2,273,2,1001.1,516,5,1001.6,87,1,1001.8,1596,17,1001.9,933,8,1002.0,1875,29,1002.1,2068,19
317,2025-11-26 10:46:32+05:30,1001.8,78,996.01,3756215,409001.0,387670.0,986.2,1002.0,981.3,986.2,120414750,1084.8,887.6,1102.5,649.1,1001.5,195,2,1001.4,15,1,1001.3,2,1,1001.2,273,2,1001.1,516,5,1001.6,87,1,1001.8,1596,17,1001.9,933,8,1002.0,1875,29,1002.1,2068,19
317,2025-11-26 10:46:33+05:30,1001.8,78,996.01,3757715,411746.0,388055.0,986.2,1002.0,981.3,986.2,120414750,1084.8,887.6,1102.5,649.1,1001.5,195,2,1001.4,15,1,1001.3,105,2,1001.2,365,2,1001.1,1200,11,1001.8,796,11,1001.9,1172,9,1002.0,1868,29,1002.1,882,12,1002.2,905,11
317,2025-11-26 10:46:34+05:30,1001.3,78,996.01,3758117,411502.0,388038.0,986.2,1002.0,981.3,986.2,120414750,1084.8,887.6,1102.5,649.1,1001.3,2,1,1001.2,707,2,1001.1,785,10,1001.0,1324,16,1000.9,1119,10,1001.8,1094,14,1001.9,1065,8,1002.0,1765,31,1002.1,882,12,1002.2,1252,13
317,2025-11-26 10:46:34+05:30,1001.8,12,996.01,3758117,411502.0,388038.0,986.2,1002.0,981.3,986.2,120414750,1084.8,887.6,1102.5,649.1,1001.3,2,1,1001.2,707,2,1001.1,785,10,1001.0,1324,16,1000.9,1119,10,1001.8,1094,14,1001.9,1065,8,1002.0,1765,31,1002.1,882,12,1002.2,1252,13
317,2025-11-26 10:46:35+05:30,1001.8,12,996.01,3758129,411748.0,387779.0,986.2,1002.0,981.3,986.2,120414750,1084.8,887.6,1102.5,649.1,1001.3,5,2,1001.2,882,6,1001.1,977,11,1001.0,1190,15,1000.9,1765,11,1001.8,809,11,1001.9,1128,9,1002.0,1857,29,1002.1,648,12,1002.2,1502,14
317,2025-11-26 10:46:35+05:30,1001.5,1,996.01,3758129,411748.0,387779.0,986.2,1002.0,981.3,986.2,120414750,1084.8,887.6,1102.5,649.1,1001.3,5,2,1001.2,882,6,1001.1,977,11,1001.0,1190,15,1000.9,1765,11,1001.8,809,11,1001.9,1128,9,1002.0,1857,29,1002.1,648,12,1002.2,1502,14
317,2025-11-26 10:46:36+05:30,1001.8,11,996.01,3758143,411905.0,387809.0,986.2,1002.0,981.3,986.2,120414750,1084.8,887.6,1102.5,649.1,1001.5,2,1,1001.3,5,2,1001.2,614,4,1001.1,1214,13,1001.0,1190,15,1001.8,1001,13,1001.9,1195,10,1002.0,1723,28,1002.1,632,11,1002.2,1502,14
317,2025-11-26 10:46:36+05:30,1001.8,11,996.01,3758143,411905.0,387809.0,986.2,1002.0,981.3,986.2,120414750,1084.8,887.6,1102.5,649.1,1001.5,2,1,1001.3,5,2,1001.2,614,4,1001.1,1214,13,1001.0,1190,15,1001.8,1001,13,1001.9,1195,10,1002.0,1723,28,1002.1,632,11,1002.2,1502,14
317,2025-11-26 10:46:38+05:30,1001.8,22,996.01,3758179,411778.0,388073.0,986.2,1002.0,981.3,986.2,120414750,1084.8,887.6,1102.5,649.1,1001.5,11,1,1001.3,2,1,1001.2,614,4,1001.1,1214,13,1001.0,1190,15,1001.8,1001,13,1001.9,1193,10,1002.0,1723,28,1002.1,803,12,1002.2,1252,13
317,2025-11-26 10:46:38+05:30,1001.8,22,996.01,3758179,411778.0,388073.0,986.2,1002.0,981.3,986.2,120414750,1084.8,887.6,1102.5,649.1,1001.5,11,1,1001.3,2,1,1001.2,614,4,1001.1,1214,13,1001.0,1190,15,1001.8,1001,13,1001.9,1193,10,1002.0,1723,28,1002.1,803,12,1002.2,1252,13
317,2025-11-26 10:46:39+05:30,1001.8,22,996.01,3758179,411683.0,388123.0,986.2,1002.0,981.3,986.2,120414750,1084.8,887.6,1102.5,649.1,1001.5,11,1,1001.3,2,1,1001.2,1107,5,1001.1,1214,13,1001.0,1190,15,1001.8,1001,13,1001.9,1193,10,1002.0,1723,28,1002.1,803,12,1002.2,1252,13
317,2025-11-26 10:46:39+05:30,1001.8,7,996.01,3758179,411683.0,388123.0,986.2,1002.0,981.3,986.2,120414750,1084.8,887.6,1102.5,649.1,1001.5,11,1,1001.3,2,1,1001.2,1107,5,1001.1,1214,13,1001.0,1190,15,1001.8,1001,13,1001.9,1193,10,1002.0,1723,28,1002.1,803,12,1002.2,1252,13
317,2025-11-26 10:46:40+05:30,1001.8,7,996.01,3758186,411745.0,387840.0,986.2,1002.0,981.3,986.2,120414750,1084.8,887.6,1102.5,649.1,1001.5,11,1,1001.3,2,1,1001.2,693,5,1001.1,1214,13,1001.0,1190,15,1001.6,96,1,1001.8,1138,16,1001.9,994,8,1002.0,1723,28,1002.1,803,12
317,2025-11-26 10:46:40+05:30,1001.6,5,996.01,3758186,411745.0,387840.0,986.2,1002.0,981.3,986.2,120414750,1084.8,887.6,1102.5,649.1,1001.5,11,1,1001.3,2,1,1001.2,693,5,1001.1,1214,13,1001.0,1190,15,1001.6,96,1,1001.8,1138,16,1001.9,994,8,1002.0,1723,28,1002.1,803,12
317,2025-11-26 10:46:41+05:30,1001.8,217,996.01,3759691,411509.0,387536.0,986.2,1002.0,981.3,986.2,120414750,1084.8,887.6,1102.5,649.1,1001.5,11,1,1001.3,127,2,1001.2,502,4,1001.1,945,9,1001.0,1241,15,1001.8,847,10,1001.9,1067,8,1002.0,1494,26,1002.1,934,11,1002.2,1122,12
317,2025-11-26 10:46:41+05:30,1001.8,3,996.01,3759691,411509.0,387536.0,986.2,1002.0,981.3,986.2,120414750,1084.8,887.6,1102.5,649.1,1001.5,11,1,1001.3,127,2,1001.2,502,4,1001.1,945,9,1001.0,1241,15,1001.8,847,10,1001.9,1067,8,1002.0,1494,26,1002.1,934,11,1002.2,1122,12
317,2025-11-26 10:46:42+05:30,1001.5,1,996.01,3759764,411395.0,388028.0,986.2,1002.0,981.3,986.2,120414750,1084.8,887.6,1102.5,649.1,1001.5,10,1,1001.3,11,2,1001.2,502,4,1001.1,1344,9,1001.0,1371,16,1001.8,847,12,1001.9,1261,9,1002.0,1523,28,1002.1,949,12,1002.2,1300,12
317,2025-11-26 10:46:42+05:30,1001.2,47,996.01,3759764,411395.0,388028.0,986.2,1002.0,981.3,986.2,120414750,1084.8,887.6,1102.5,649.1,1001.5,10,1,1001.3,11,2,1001.2,502,4,1001.1,1344,9,1001.0,1371,16,1001.8,847,12,1001.9,1261,9,1002.0,1523,28,1002.1,949,12,1002.2,1300,12
317,2025-11-26 10:46:43+05:30,1001.7,10,996.01,3760423,411929.0,388374.0,986.2,1002.0,981.3,986.2,120414750,1084.8,887.6,1102.5,649.1,1001.3,81,1,1001.2,1275,7,1001.1,664,7,1001.0,1159,15,1000.9,1102,10,1001.7,77,1,1001.8,1027,13,1001.9,1159,11,1002.0,2124,30,1002.1,900,13
317,2025-11-26 10:46:43+05:30,1001.7,10,996.01,3760423,411929.0,388374.0,986.2,1002.0,981.3,986.2,120414750,1084.8,887.6,1102.5,649.1,1001.3,81,1,1001.2,1275,7,1001.1,664,7,1001.0,1159,15,1000.9,1102,10,1001.7,77,1,1001.8,1027,13,1001.9,1159,11,1002.0,2124,30,1002.1,900,13
317,2025-11-26 10:46:44+05:30,1001.7,1,996.01,3760426,412045.0,389002.0,986.2,1002.0,981.3,986.2,120414750,1084.8,887.6,1102.5,649.1,1001.3,88,2,1001.2,1275,7,1001.1,664,7,1001.0,1159,15,1000.9,1078,9,1001.7,74,1,1001.8,1313,14,1001.9,1289,12,1002.0,2139,31,1002.1,900,13
317,2025-11-26 10:46:44+05:30,1001.7,1,996.01,3760426,412045.0,389002.0,986.2,1002.0,981.3,986.2,120414750,1084.8,887.6,1102.5,649.1,1001.3,88,2,1001.2,1275,7,1001.1,664,7,1001.0,1159,15,1000.9,1078,9,1001.7,74,1,1001.8,1313,14,1001.9,1289,12,1002.0,2139,31,1002.1,900,13
317,2025-11-26 10:46:45+05:30,1001.8,10,996.01,3760536,411941.0,388344.0,986.2,1002.0,981.3,986.2,120414750,1084.8,887.6,1102.5,649.1,1001.3,88,2,1001.2,421,4,1001.1,925,9,1001.0,1153,14,1000.9,1561,10,1001.8,1321,13,1001.9,1230,10,1002.0,2009,27,1002.1,792,14,1002.2,1371,13
317,2025-11-26 10:46:45+05:30,1001.2,92,996.01,3760536,411941.0,388344.0,986.2,1002.0,981.3,986.2,120414750,1084.8,887.6,1102.5,649.1,1001.3,88,2,1001.2,421,4,1001.1,925,9,1001.0,1153,14,1000.9,1561,10,1001.8,1321,13,1001.9,1230,10,1002.0,2009,27,1002.1,792,14,1002.2,1371,13
317,2025-11-26 10:46:46+05:30,1001.8,100,996.01,3760816,411911.0,387846.0,986.2,1002.0,981.3,986.2,120414750,1084.8,887.6,1102.5,649.1,1001.3,218,2,1001.2,356,5,1001.1,792,9,1001.0,1153,14,1000.9,1078,9,1001.7,87,1,1001.8,1020,11,1001.9,1277,11,1002.0,1573,25,1002.1,1188,17
317,2025-11-26 10:46:46+05:30,1001.7,8,996.01,3760816,411911.0,387846.0,986.2,1002.0,981.3,986.2,120414750,1084.8,887.6,1102.5,649.1,1001.3,218,2,1001.2,356,5,1001.1,792,9,1001.0,1153,14,1000.9,1078,9,1001.7,87,1,1001.8,1020,11,1001.9,1277,11,1002.0,1573,25,1002.1,1188,17
317,2025-11-26 10:46:47+05:30,1001.7,1,996.01,3760825,412087.0,387847.0,986.2,1002.0,981.3,986.2,120414750,1084.8,887.6,1102.5,649.1,1001.3,87,1,1001.2,592,7,1001.1,792,9,1001.0,1153,14,1000.9,1078,9,1001.7,78,1,1001.8,1020,11,1001.9,1290,12,1002.0,1560,24,1002.1,923,15
317,2025-11-26 10:46:47+05:30,1001.7,1,996.01,3760825,412087.0,387847.0,986.2,1002.0,981.3,986.2,120414750,1084.8,887.6,1102.5,649.1,1001.3,87,1,1001.2,592,7,1001.1,792,9,1001.0,1153,14,1000.9,1078,9,1001.7,78,1,1001.8,1020,11,1001.9,1290,12,1002.0,1560,24,1002.1,923,15
317,2025-11-26 10:46:48+05:30,1001.8,8,996.01,3761033,414348.0,387884.0,986.2,1002.0,981.3,986.2,120414750,1084.8,887.6,1102.5,649.1,1001.3,314,3,1001.2,461,6,1001.1,792,9,1001.0,1153,14,1000.9,1328,10,1001.8,894,11,1001.9,1264,10,1002.0,1586,26,1002.1,923,15,1002.2,1121,12
317,2025-11-26 10:46:48+05:30,1001.8,2,996.01,3761033,414348.0,387884.0,986.2,1002.0,981.3,986.2,120414750,1084.8,887.6,1102.5,649.1,1001.3,314,3,1001.2,461,6,1001.1,792,9,1001.0,1153,14,1000.9,1328,10,1001.8,894,11,1001.9,1264,10,1002.0,1586,26,1002.1,923,15,1002.2,1121,12
317,2025-11-26 10:46:49+05:30,1001.8,2,996.01,3761035,416453.0,387899.0,986.2,1002.0,981.3,986.2,120414750,1084.8,887.6,1102.5,649.1,1001.3,314,3,1001.2,1030,7,1001.1,901,10,1001.0,1153,14,1000.9,1328,10,1001.8,894,12,1001.9,1264,10,1002.0,1586,26,1002.1,923,15,1002.2,1386,14
317,2025-11-26 10:46:50+05:30,1001.5,7,996.01,3761055,417525.0,389130.0,986.2,1002.0,981.3,986.2,120414750,1084.8,887.6,1102.5,649.1,1001.3,357,4,1001.2,684,8,1001.1,1267,10,1001.0,1170,14,1000.9,1167,10,1001.5,89,1,1001.8,1002,13,1001.9,1092,10,1002.0,2127,27,1002.1,792,14
317,2025-11-26 10:46:50+05:30,1001.5,7,996.01,3761055,417525.0,389130.0,986.2,1002.0,981.3,986.2,120414750,1084.8,887.6,1102.5,649.1,1001.3,357,4,1001.2,684,8,1001.1,1267,10,1001.0,1170,14,1000.9,1167,10,1001.5,89,1,1001.8,1002,13,1001.9,1092,10,1002.0,2127,27,1002.1,792,14
317,2025-11-26 10:46:51+05:30,1001.3,60,996.01,3761115,417551.0,388504.0,986.2,1002.0,981.3,986.2,120414750,1084.8,887.6,1102.5,649.1,1001.3,297,4,1001.2,684,8,1001.1,729,9,1001.0,1170,14,1000.9,1167,10,1001.5,89,1,1001.8,1052,14,1001.9,662,9,1002.0,2127,27,1002.1,1042,15
317,2025-11-26 10:46:51+05:30,1001.3,60,996.01,3761115,417551.0,388504.0,986.2,1002.0,981.3,986.2,120414750,1084.8,887.6,1102.5,649.1,1001.3,297,4,1001.2,684,8,1001.1,729,9,1001.0,1170,14,1000.9,1167,10,1001.5,89,1,1001.8,1052,14,1001.9,662,9,1002.0,2127,27,1002.1,1042,15
317,2025-11-26 10:46:52+05:30,1001.5,6,996.01,3761121,415216.0,388763.0,986.2,1002.0,981.3,986.2,120414750,1084.8,887.6,1102.5,649.1,1001.3,297,4,1001.2,684,8,1001.1,753,10,1001.0,1170,14,1000.9,1952,12,1001.5,83,1,1001.8,1052,14,1001.9,662,9,1002.0,2141,28,1002.1,792,14
317,2025-11-26 10:46:52+05:30,1001.5,6,996.01,3761121,415216.0,388763.0,986.2,1002.0,981.3,986.2,120414750,1084.8,887.6,1102.5,649.1,1001.3,297,4,1001.2,684,8,1001.1,753,10,1001.0,1170,14,1000.9,1952,12,1001.5,83,1,1001.8,1052,14,1001.9,662,9,1002.0,2141,28,1002.1,792,14
317,2025-11-26 10:46:53+05:30,1001.5,6,996.01,3761121,414955.0,388499.0,986.2,1002.0,981.3,986.2,120414750,1084.8,887.6,1102.5,649.1,1001.3,99,2,1001.2,504,6,1001.1,729,9,1001.0,1300,15,1000.9,1693,11,1001.5,83,1,1001.8,1052,14,1001.9,663,10,1002.0,2141,28,1002.1,1042,15
317,2025-11-26 10:46:54+05:30,1001.5,21,996.01,3761147,415189.0,388864.0,986.2,1002.0,981.3,986.2,120414750,1084.8,887.6,1102.5,649.1,1001.4,112,1,1001.2,1073,7,1001.1,859,10,1001.0,1051,13,1000.9,1417,11,1001.5,57,1,1001.8,1177,15,1001.9,663,10,1002.0,2127,27,1002.1,866,16
317,2025-11-26 10:46:54+05:30,1001.5,21,996.01,3761147,415189.0,388864.0,986.2,1002.0,981.3,986.2,120414750,1084.8,887.6,1102.5,649.1,1001.4,112,1,1001.2,1073,7,1001.1,859,10,1001.0,1051,13,1000.9,1417,11,1001.5,57,1,1001.8,1177,15,1001.9,663,10,1002.0,2127,27,1002.1,866,16
317,2025-11-26 10:46:55+05:30,1001.2,4,996.02,3763502,414980.0,385130.0,986.2,1002.0,981.3,986.2,120414750,1084.8,887.6,1102.5,649.1,1001.2,480,6,1001.1,1351,9,1001.0,932,10,1000.9,1323,10,1000.8,1329,10,1001.8,392,8,1001.9,1411,11,1002.0,1366,22,1002.1,1080,15,1002.2,664,9
317,2025-11-26 10:46:55+05:30,1001.2,4,996.02,3763502,414980.0,385130.0,986.2,1002.0,981.3,986.2,120414750,1084.8,887.6,1102.5,649.1,1001.2,480,6,1001.1,1351,9,1001.0,932,10,1000.9,1323,10,1000.8,1329,10,1001.8,392,8,1001.9,1411,11,1002.0,1366,22,1002.1,1080,15,1002.2,664,9
317,2025-11-26 10:46:56+05:30,1001.7,138,996.02,3764940,414135.0,386304.0,986.2,1002.0,981.3,986.2,120414750,1084.8,887.6,1102.5,649.1,1001.2,218,2,1001.1,437,7,1001.0,1504,11,1000.9,861,8,1000.8,978,8,1001.7,668,4,1001.8,591,12,1001.9,1088,10,1002.0,2106,27,1002.1,584,9
317,2025-11-26 10:46:56+05:30,1001.7,138,996.02,3764940,414135.0,386304.0,986.2,1002.0,981.3,986.2,120414750,1084.8,887.6,1102.5,649.1,1001.2,218,2,1001.1,437,7,1001.0,1504,11,1000.9,861,8,1000.8,978,8,1001.7,668,4,1001.8,591,12,1001.9,1088,10,1002.0,2106,27,1002.1,584,9
317,2025-11-26 10:46:57+05:30,1001.8,213,996.02,3765940,414238.0,387025.0,986.2,1002.0,981.3,986.2,120414750,1084.8,887.6,1102.5,649.1,1001.2,412,3,1001.1,486,8,1001.0,1625,13,1000.9,888,9,1000.8,784,7,1001.8,827,10,1001.9,1229,14,1002.0,2027,29,1002.1,911,14,1002.2,1230,14
317,2025-11-26 10:46:57+05:30,1001.8,213,996.02,3765940,414238.0,387025.0,986.2,1002.0,981.3,986.2,120414750,1084.8,887.6,1102.5,649.1,1001.2,412,3,1001.1,486,8,1001.0,1625,13,1000.9,888,9,1000.8,784,7,1001.8,827,10,1001.9,1229,14,1002.0,2027,29,1002.1,911,14,1002.2,1230,14
317,2025-11-26 10:46:58+05:30,1001.2,87,996.02,3767214,413843.0,389197.0,986.2,1002.0,981.3,986.2,120414750,1084.8,887.6,1102.5,649.1,1001.1,705,6,1001.0,946,12,1000.9,947,7,1000.8,1303,6,1000.7,1822,10,1001.3,21,1,1001.7,378,3,1001.8,1425,8,1001.9,1390,14,1002.0,2810,33
317,2025-11-26 10:46:58+05:30,1001.2,87,996.02,3767214,413843.0,389197.0,986.2,1002.0,981.3,986.2,120414750,1084.8,887.6,1102.5,649.1,1001.1,705,6,1001.0,946,12,1000.9,947,7,1000.8,1303,6,1000.7,1822,10,1001.3,21,1,1001.7,378,3,1001.8,1425,8,1001.9,1390,14,1002.0,2810,33
317,2025-11-26 10:46:59+05:30,1001.2,70,996.02,3767299,413352.0,390131.0,986.2,1002.0,981.3,986.2,120414750,1084.8,887.6,1102.5,649.1,1001.2,87,2,1001.1,367,5,1001.0,1113,13,1000.9,980,9,1000.8,1188,7,1001.6,130,2,1001.7,613,7,1001.8,1492,13,1001.9,818,12,1002.0,2474,33
317,2025-11-26 10:46:59+05:30,1001.2,70,996.02,3767299,413352.0,390131.0,986.2,1002.0,981.3,986.2,120414750,1084.8,887.6,1102.5,649.1,1001.2,87,2,1001.1,367,5,1001.0,1113,13,1000.9,980,9,1000.8,1188,7,1001.6,130,2,1001.7,613,7,1001.8,1492,13,1001.9,818,12,1002.0,2474,33
317,2025-11-26 10:47:00+05:30,1001.7,266,996.02,3767299,413352.0,390131.0,986.2,1002.0,981.3,986.2,120414750,1084.8,887.6,1102.5,649.1,1001.2,87,2,1001.1,367,5,1001.0,1113,13,1000.9,980,9,1000.8,1188,7,1001.6,130,2,1001.7,613,7,1001.8,1492,13,1001.9,818,12,1002.0,2474,33
317,2025-11-26 10:47:00+05:30,1001.7,266,996.03,3769557,414072.0,387861.0,986.2,1002.0,981.3,986.2,120414750,1084.8,887.6,1102.5,649.1,1001.3,148,3,1001.2,593,4,1001.1,829,4,1001.0,1285,12,1000.9,1287,14,1001.7,29,2,1001.8,134,1,1001.9,741,9,1002.0,1790,28,1002.1,2054,21
317,2025-11-26 10:47:01+05:30,1001.7,12,996.03,3769557,414072.0,387861.0,986.2,1002.0,981.3,986.2,120414750,1084.8,887.6,1102.5,649.1,1001.3,148,3,1001.2,593,4,1001.1,829,4,1001.0,1285,12,1000.9,1287,14,1001.7,29,2,1001.8,134,1,1001.9,741,9,1002.0,1790,28,1002.1,2054,21
317,2025-11-26 10:47:01+05:30,1001.7,12,996.03,3769967,414244.0,389215.0,986.2,1002.0,981.3,986.2,120414750,1084.8,887.6,1102.5,649.1,1001.3,425,3,1001.2,104,2,1001.1,1068,5,1001.0,1090,10,1000.9,1122,15,1001.7,138,2,1001.8,608,3,1001.9,719,9,1002.0,1998,33,1002.1,1718,20
317,2025-11-26 10:47:02+05:30,1001.7,12,996.03,3769967,414256.0,389224.0,986.2,1002.0,981.3,986.2,120414750,1084.8,887.6,1102.5,649.1,1001.3,310,3,1001.2,225,2,1001.1,1068,5,1001.0,1096,11,1000.9,1122,15,1001.7,138,2,1001.8,608,3,1001.9,733,10,1002.0,2257,35,1002.1,1718,20
317,2025-11-26 10:47:03+05:30,1001.7,25,996.03,3769967,414256.0,389224.0,986.2,1002.0,981.3,986.2,120414750,1084.8,887.6,1102.5,649.1,1001.3,310,3,1001.2,225,2,1001.1,1068,5,1001.0,1096,11,1000.9,1122,15,1001.7,138,2,1001.8,608,3,1001.9,733,10,1002.0,2257,35,1002.1,1718,20
317,2025-11-26 10:47:03+05:30,1001.7,25,996.03,3769992,414911.0,388675.0,986.2,1002.0,981.3,986.2,120414750,1084.8,887.6,1102.5,649.1,1001.3,210,2,1001.2,239,3,1001.1,1147,6,1001.0,1169,11,1000.9,1154,16,1001.7,324,3,1001.8,608,3,1001.9,655,8,1002.0,1995,33,1002.1,1744,22
317,2025-11-26 10:47:04+05:30,1001.3,55,996.03,3769992,414911.0,388675.0,986.2,1002.0,981.3,986.2,120414750,1084.8,887.6,1102.5,649.1,1001.3,210,2,1001.2,239,3,1001.1,1147,6,1001.0,1169,11,1000.9,1154,16,1001.7,324,3,1001.8,608,3,1001.9,655,8,1002.0,1995,33,1002.1,1744,22
317,2025-11-26 10:47:05+05:30,1001.7,20,996.03,3770149,414258.0,389315.0,986.2,1002.0,981.3,986.2,120414750,1084.8,887.6,1102.5,649.1,1001.3,321,5,1001.2,233,2,1001.1,940,5,1001.0,1136,9,1000.9,1049,10,1001.7,214,3,1001.8,676,3,1001.9,631,8,1002.0,2114,33,1002.1,1858,22
317,2025-11-26 10:47:05+05:30,1001.7,20,996.03,3770149,414258.0,389315.0,986.2,1002.0,981.3,986.2,120414750,1084.8,887.6,1102.5,649.1,1001.3,321,5,1001.2,233,2,1001.1,940,5,1001.0,1136,9,1000.9,1049,10,1001.7,214,3,1001.8,676,3,1001.9,631,8,1002.0,2114,33,1002.1,1858,22
317,2025-11-26 10:47:06+05:30,1001.7,20,996.03,3770149,414691.0,389301.0,986.2,1002.0,981.3,986.2,120414750,1084.8,887.6,1102.5,649.1,1001.5,500,1,1001.3,293,5,1001.2,265,4,1001.1,1127,11,1001.0,1136,9,1001.7,192,2,1001.8,676,3,1001.9,801,11,1002.0,1939,31,1002.1,1832,20
317,2025-11-26 10:47:06+05:30,1001.5,1,996.03,3770149,414691.0,389301.0,986.2,1002.0,981.3,986.2,120414750,1084.8,887.6,1102.5,649.1,1001.5,500,1,1001.3,293,5,1001.2,265,4,1001.1,1127,11,1001.0,1136,9,1001.7,192,2,1001.8,676,3,1001.9,801,11,1002.0,1939,31,1002.1,1832,20
317,2025-11-26 10:47:07+05:30,1001.8,538,996.03,3770916,415478.0,387199.0,986.2,1002.0,981.3,986.2,120414750,1084.8,887.6,1102.5,649.1,1001.7,100,1,1001.5,499,1,1001.4,79,1,1001.3,582,7,1001.2,521,6,1001.8,25,1,1001.9,116,3,1002.0,1283,18,1002.1,1753,21,1002.2,963,14
317,2025-11-26 10:47:07+05:30,1001.8,5,996.03,3770916,415478.0,387199.0,986.2,1002.0,981.3,986.2,120414750,1084.8,887.6,1102.5,649.1,1001.7,100,1,1001.5,499,1,1001.4,79,1,1001.3,582,7,1001.2,521,6,1001.8,25,1,1001.9,116,3,1002.0,1283,18,1002.1,1753,21,1002.2,963,14
317,2025-11-26 10:47:08+05:30,1001.8,4,996.03,3770983,415307.0,387697.0,986.2,1002.0,981.3,986.2,120414750,1084.8,887.6,1102.5,649.1,1001.7,100,1,1001.5,499,1,1001.3,272,4,1001.2,1323,12,1001.1,1288,11,1001.9,667,7,1002.0,1500,20,1002.1,1766,22,1002.2,1223,16,1002.3,1898,16
317,2025-11-26 10:47:08+05:30,1001.9,14,996.03,3770983,415307.0,387697.0,986.2,1002.0,981.3,986.2,120414750,1084.8,887.6,1102.5,649.1,1001.7,100,1,1001.5,499,1,1001.3,272,4,1001.2,1323,12,1001.1,1288,11,1001.9,667,7,1002.0,1500,20,1002.1,1766,22,1002.2,1223,16,1002.3,1898,16
317,2025-11-26 10:47:09+05:30,1001.7,4,996.03,3771006,415255.0,387666.0,986.2,1002.0,981.3,986.2,120414750,1084.8,887.6,1102.5,649.1,1001.7,96,1,1001.5,499,1,1001.3,272,4,1001.2,1323,12,1001.1,1274,11,1001.9,841,7,1002.0,1460,22,1002.1,1742,20,1002.2,1199,14,1002.3,1715,15
317,2025-11-26 10:47:09+05:30,1001.9,30,996.03,3771006,415255.0,387666.0,986.2,1002.0,981.3,986.2,120414750,1084.8,887.6,1102.5,649.1,1001.7,96,1,1001.5,499,1,1001.3,272,4,1001.2,1323,12,1001.1,1274,11,1001.9,841,7,1002.0,1460,22,1002.1,1742,20,1002.2,1199,14,1002.3,1715,15
317,2025-11-26 10:47:10+05:30,1001.8,45,996.03,3771311,415158.0,388516.0,986.2,1002.0,981.3,986.2,120414750,1084.8,887.6,1102.5,649.1,1001.7,86,1,1001.5,499,1,1001.4,92,1,1001.3,1024,7,1001.2,1323,12,1001.8,96,1,1001.9,650,5,1002.0,1278,20,1002.1,1676,19,1002.2,1052,14
317,2025-11-26 10:47:10+05:30,1001.8,45,996.03,3771311,415158.0,388516.0,986.2,1002.0,981.3,986.2,120414750,1084.8,887.6,1102.5,649.1,1001.7,86,1,1001.5,499,1,1001.4,92,1,1001.3,1024,7,1001.2,1323,12,1001.8,96,1,1001.9,650,5,1002.0,1278,20,1002.1,1676,19,1002.2,1052,14
317,2025-11-26 10:47:11+05:30,1001.8,1,996.03,3771318,415482.0,388493.0,986.2,1002.0,981.3,986.2,120414750,1084.8,887.6,1102.5,649.1,1001.7,90,2,1001.5,499,1,1001.4,419,3,1001.3,1380,10,1001.2,1366,12,1001.8,95,1,1001.9,550,4,1002.0,1086,18,1002.1,1852,22,1002.2,963,14
317,2025-11-26 10:47:11+05:30,1001.8,1,996.03,3771318,415482.0,388493.0,986.2,1002.0,981.3,986.2,120414750,1084.8,887.6,1102.5,649.1,1001.7,90,2,1001.5,499,1,1001.4,419,3,1001.3,1380,10,1001.2,1366,12,1001.8,95,1,1001.9,550,4,1002.0,1086,18,1002.1,1852,22,1002.2,963,14
317,2025-11-26 10:47:12+05:30,1001.8,300,996.03,3771629,415482.0,388555.0,986.2,1002.0,981.3,986.2,120414750,1084.8,887.6,1102.5,649.1,1001.7,90,2,1001.5,499,1,1001.4,419,3,1001.3,1380,10,1001.2,1366,12,1001.8,96,1,1001.9,550,4,1002.0,1222,19,1002.1,1717,21,1002.2,949,13
317,2025-11-26 10:47:12+05:30,1001.8,300,996.03,3771629,415482.0,388555.0,986.2,1002.0,981.3,986.2,120414750,1084.8,887.6,1102.5,649.1,1001.7,90,2,1001.5,499,1,1001.4,419,3,1001.3,1380,10,1001.2,1366,12,1001.8,96,1,1001.9,550,4,1002.0,1222,19,1002.1,1717,21,1002.2,949,13
317,2025-11-26 10:47:13+05:30,1001.8,9,996.03,3771638,414676.0,389688.0,986.2,1002.0,981.3,986.2,120414750,1084.8,887.6,1102.5,649.1,1001.7,90,2,1001.5,624,2,1001.4,419,3,1001.3,1380,10,1001.2,1366,12,1001.8,98,2,1001.9,550,4,1002.0,1222,19,1002.1,1717,21,1002.2,949,13
317,2025-11-26 10:47:13+05:30,1001.8,9,996.03,3771638,414676.0,389688.0,986.2,1002.0,981.3,986.2,120414750,1084.8,887.6,1102.5,649.1,1001.7,90,2,1001.5,624,2,1001.4,419,3,1001.3,1380,10,1001.2,1366,12,1001.8,98,2,1001.9,550,4,1002.0,1222,19,1002.1,1717,21,1002.2,949,13
317,2025-11-26 10:47:14+05:30,1001.9,1,996.03,3772524,416861.0,387499.0,986.2,1002.0,981.3,986.2,120414750,1084.8,887.6,1102.5,649.1,1001.7,90,2,1001.6,287,2,1001.5,876,5,1001.4,474,4,1001.3,1440,13,1001.9,526,3,1002.0,894,17,1002.1,1409,14,1002.2,611,7,1002.3,2053,15
317,2025-11-26 10:47:14+05:30,1001.9,1,996.03,3772524,416861.0,387499.0,986.2,1002.0,981.3,986.2,120414750,1084.8,887.6,1102.5,649.1,1001.7,90,2,1001.6,287,2,1001.5,876,5,1001.4,474,4,1001.3,1440,13,1001.9,526,3,1002.0,894,17,1002.1,1409,14,1002.2,611,7,1002.3,2053,15
317,2025-11-26 10:47:15+05:30,1001.9,11,996.03,3772575,417179.0,389203.0,986.2,1002.0,981.3,986.2,120414750,1084.8,887.6,1102.5,649.1,1001.7,50,2,1001.6,85,1,1001.5,671,4,1001.4,750,6,1001.3,886,12,1001.9,524,4,1002.0,1363,19,1002.1,1715,18,1002.2,776,14,1002.3,1820,15
317,2025-11-26 10:47:15+05:30,1001.9,11,996.03,3772575,417179.0,389203.0,986.2,1002.0,981.3,986.2,120414750,1084.8,887.6,1102.5,649.1,1001.7,50,2,1001.6,85,1,1001.5,671,4,1001.4,750,6,1001.3,886,12,1001.9,524,4,1002.0,1363,19,1002.1,1715,18,1002.2,776,14,1002.3,1820,15
317,2025-11-26 10:47:16+05:30,1001.6,37,996.03,3772675,416566.0,389853.0,986.2,1002.0,981.3,986.2,120414750,1084.8,887.6,1102.5,649.1,1001.5,671,4,1001.4,750,6,1001.3,790,11,1001.2,728,10,1001.1,1492,13,1001.9,524,4,1002.0,1471,21,1002.1,1626,18,1002.2,1164,16,1002.3,1820,15
317,2025-11-26 10:47:16+05:30,1001.6,37,996.03,3772675,416566.0,389853.0,986.2,1002.0,981.3,986.2,120414750,1084.8,887.6,1102.5,649.1,1001.5,671,4,1001.4,750,6,1001.3,790,11,1001.2,728,10,1001.1,1492,13,1001.9,524,4,1002.0,1471,21,1002.1,1626,18,1002.2,1164,16,1002.3,1820,15
317,2025-11-26 10:47:17+05:30,1001.9,7,996.03,3772683,416776.0,390187.0,986.2,1002.0,981.3,986.2,120414750,1084.8,887.6,1102.5,649.1,1001.5,1699,6,1001.4,612,5,1001.3,784,10,1001.2,728,10,1001.1,1077,13,1001.9,514,5,1002.0,1559,22,1002.1,1640,19,1002.2,1164,16,1002.3,1929,17
317,2025-11-26 10:47:17+05:30,1001.9,7,996.03,3772683,416776.0,390187.0,986.2,1002.0,981.3,986.2,120414750,1084.8,887.6,1102.5,649.1,1001.5,1699,6,1001.4,612,5,1001.3,784,10,1001.2,728,10,1001.1,1077,13,1001.9,514,5,1002.0,1559,22,1002.1,1640,19,1002.2,1164,16,1002.3,1929,17
317,2025-11-26 10:47:18+05:30,1001.9,7,996.03,3772683,416794.0,390214.0,986.2,1002.0,981.3,986.2,120414750,1084.8,887.6,1102.5,649.1,1001.5,1561,5,1001.4,780,7,1001.3,784,10,1001.2,728,10,1001.1,1077,13,1001.9,514,5,1002.0,1559,22,1002.1,1640,19,1002.2,1164,16,1002.3,1929,17
317,2025-11-26 10:47:19+05:30,1001.9,7,996.03,3772683,416346.0,389751.0,986.2,1002.0,981.3,986.2,120414750,1084.8,887.6,1102.5,649.1,1001.5,1699,6,1001.4,642,6,1001.3,784,10,1001.2,728,10,1001.1,1077,13,1001.9,514,5,1002.0,1376,23,1002.1,1626,18,1002.2,1164,16,1002.3,1923,16
317,2025-11-26 10:47:20+05:30,1001.9,6,996.03,3772683,416346.0,389751.0,986.2,1002.0,981.3,986.2,120414750,1084.8,887.6,1102.5,649.1,1001.5,1699,6,1001.4,642,6,1001.3,784,10,1001.2,728,10,1001.1,1077,13,1001.9,514,5,1002.0,1376,23,1002.1,1626,18,1002.2,1164,16,1002.3,1923,16
317,2025-11-26 10:47:21+05:30,1002.0,60,996.03,3774386,417937.0,387898.0,986.2,1002.0,981.3,986.2,120414750,1084.8,887.6,1102.5,649.1,1001.6,117,2,1001.5,1485,4,1001.4,815,7,1001.3,1016,12,1001.2,1952,15,1001.9,10,1,1002.0,1014,19,1002.1,573,11,1002.2,1151,14,1002.3,2042,14
317,2025-11-26 10:47:21+05:30,1002.0,5,996.03,3774386,417937.0,387898.0,986.2,1002.0,981.3,986.2,120414750,1084.8,887.6,1102.5,649.1,1001.6,117,2,1001.5,1485,4,1001.4,815,7,1001.3,1016,12,1001.2,1952,15,1001.9,10,1,1002.0,1014,19,1002.1,573,11,1002.2,1151,14,1002.3,2042,14
317,2025-11-26 10:47:22+05:30,1001.5,310,996.03,3774975,415841.0,389300.0,986.2,1002.0,981.3,986.2,120414750,1084.8,887.6,1102.5,649.1,1001.5,1076,3,1001.4,412,4,1001.3,656,9,1001.2,1309,14,1001.1,924,9,1001.9,156,4,1002.0,1358,25,1002.1,814,14,1002.2,1566,15,1002.3,1805,14
317,2025-11-26 10:47:22+05:30,1002.0,1,996.03,3774975,415841.0,389300.0,986.2,1002.0,981.3,986.2,120414750,1084.8,887.6,1102.5,649.1,1001.5,1076,3,1001.4,412,4,1001.3,656,9,1001.2,1309,14,1001.1,924,9,1001.9,156,4,1002.0,1358,25,1002.1,814,14,1002.2,1566,15,1002.3,1805,14
317,2025-11-26 10:47:23+05:30,1002.0,1,996.04,3777986,415044.0,385654.0,986.2,1002.0,981.3,986.2,120414750,1084.8,887.6,1102.5,649.1,1001.6,567,4,1001.5,1298,5,1001.4,412,4,1001.3,829,12,1001.2,1078,10,1001.9,10,1,1002.0,78,3,1002.1,516,9,1002.2,665,14,1002.3,2086,16
317,2025-11-26 10:47:23+05:30,1001.9,8,996.04,3777986,415044.0,385654.0,986.2,1002.0,981.3,986.2,120414750,1084.8,887.6,1102.5,649.1,1001.6,567,4,1001.5,1298,5,1001.4,412,4,1001.3,829,12,1001.2,1078,10,1001.9,10,1,1002.0,78,3,1002.1,516,9,1002.2,665,14,1002.3,2086,16
317,2025-11-26 10:47:23+05:30,1001.9,8,996.04,3778030,416096.0,386773.0,986.2,1002.0,981.3,986.2,120414750,1084.8,887.6,1102.5,649.1,1001.7,1,1,1001.6,289,2,1001.5,1571,6,1001.4,551,5,1001.3,827,11,1001.9,130,3,1002.0,148,4,1002.1,548,9,1002.2,709,13,1002.3,1862,17
317,2025-11-26 10:47:24+05:30,1001.5,289,996.04,3778030,416096.0,386773.0,986.2,1002.0,981.3,986.2,120414750,1084.8,887.6,1102.5,649.1,1001.7,1,1,1001.6,289,2,1001.5,1571,6,1001.4,551,5,1001.3,827,11,1001.9,130,3,1002.0,148,4,1002.1,548,9,1002.2,709,13,1002.3,1862,17
317,2025-11-26 10:47:24+05:30,1001.5,289,996.04,3778792,413856.0,389246.0,986.2,1002.0,981.3,986.2,120414750,1084.8,887.6,1102.5,649.1,1001.5,603,2,1001.4,247,3,1001.3,858,11,1001.2,1170,10,1001.1,946,10,1001.9,324,6,1002.0,1083,13,1002.1,1389,13,1002.2,1052,16,1002.3,1997,20
317,2025-11-26 10:47:25+05:30,1001.8,1,996.04,3778792,413856.0,389246.0,986.2,1002.0,981.3,986.2,120414750,1084.8,887.6,1102.5,649.1,1001.5,603,2,1001.4,247,3,1001.3,858,11,1001.2,1170,10,1001.1,946,10,1001.9,324,6,1002.0,1083,13,1002.1,1389,13,1002.2,1052,16,1002.3,1997,20
317,2025-11-26 10:47:26+05:30,1001.8,10,996.04,3778828,413901.0,388690.0,986.2,1002.0,981.3,986.2,120414750,1084.8,887.6,1102.5,649.1,1001.5,739,3,1001.4,247,3,1001.3,859,11,1001.2,1170,10,1001.1,946,10,1001.8,109,1,1001.9,136,4,1002.0,553,8,1002.1,758,11,1002.2,1049,15
317,2025-11-26 10:47:26+05:30,1001.5,148,996.04,3778828,413901.0,388690.0,986.2,1002.0,981.3,986.2,120414750,1084.8,887.6,1102.5,649.1,1001.5,739,3,1001.4,247,3,1001.3,859,11,1001.2,1170,10,1001.1,946,10,1001.8,109,1,1001.9,136,4,1002.0,553,8,1002.1,758,11,1002.2,1049,15
317,2025-11-26 10:47:27+05:30,1001.8,4,996.04,3779020,413674.0,388400.0,986.2,1002.0,981.3,986.2,120414750,1084.8,887.6,1102.5,649.1,1001.5,588,3,1001.4,293,4,1001.3,719,10,1001.2,973,8,1001.1,926,9,1001.8,66,1,1001.9,143,5,1002.0,479,10,1002.1,758,11,1002.2,812,15
317,2025-11-26 10:47:27+05:30,1001.8,4,996.04,3779020,413674.0,388400.0,986.2,1002.0,981.3,986.2,120414750,1084.8,887.6,1102.5,649.1,1001.5,588,3,1001.4,293,4,1001.3,719,10,1001.2,973,8,1001.1,926,9,1001.8,66,1,1001.9,143,5,1002.0,479,10,1002.1,758,11,1002.2,812,15
317,2025-11-26 10:47:28+05:30,1001.5,10,996.04,3779030,415956.0,388576.0,986.2,1002.0,981.3,986.2,120414750,1084.8,887.6,1102.5,649.1,1001.5,861,5,1001.4,458,5,1001.3,2496,11,1001.2,497,7,1001.1,1176,10,1001.8,66,1,1001.9,143,5,1002.0,451,9,1002.1,1133,11,1002.2,950,16
317,2025-11-26 10:47:28+05:30,1001.8,16,996.04,3779030,415956.0,388576.0,986.2,1002.0,981.3,986.2,120414750,1084.8,887.6,1102.5,649.1,1001.5,861,5,1001.4,458,5,1001.3,2496,11,1001.2,497,7,1001.1,1176,10,1001.8,66,1,1001.9,143,5,1002.0,451,9,1002.1,1133,11,1002.2,950,16
317,2025-11-26 10:47:29+05:30,1001.8,16,996.04,3779046,415957.0,388530.0,986.2,1002.0,981.3,986.2,120414750,1084.8,887.6,1102.5,649.1,1001.5,861,5,1001.4,458,5,1001.3,2496,11,1001.2,497,7,1001.1,1176,10,1001.8,50,1,1001.9,143,5,1002.0,451,9,1002.1,1116,11,1002.2,950,16
317,2025-11-26 10:47:30+05:30,1001.5,1,996.04,3780768,417102.0,385322.0,986.2,1002.0,981.3,986.2,120414750,1084.8,887.6,1102.5,649.1,1001.6,143,1,1001.5,1144,7,1001.4,1029,8,1001.3,2787,14,1001.2,908,8,1001.9,141,4,1002.0,28,3,1002.1,354,6,1002.2,1126,9,1002.3,772,9
317,2025-11-26 10:47:30+05:30,1001.9,1,996.04,3780768,417102.0,385322.0,986.2,1002.0,981.3,986.2,120414750,1084.8,887.6,1102.5,649.1,1001.6,143,1,1001.5,1144,7,1001.4,1029,8,1001.3,2787,14,1001.2,908,8,1001.9,141,4,1002.0,28,3,1002.1,354,6,1002.2,1126,9,1002.3,772,9
317,2025-11-26 10:47:31+05:30,1001.9,19,996.04,3780788,417756.0,385204.0,986.2,1002.0,981.3,986.2,120414750,1084.8,887.6,1102.5,649.1,1001.6,143,1,1001.5,1145,8,1001.4,1111,10,1001.3,2800,15,1001.2,1599,9,1001.9,96,3,1002.0,28,3,1002.1,354,6,1002.2,1062,8,1002.3,772,9
317,2025-11-26 10:47:31+05:30,1001.9,19,996.04,3780788,417756.0,385204.0,986.2,1002.0,981.3,986.2,120414750,1084.8,887.6,1102.5,649.1,1001.6,143,1,1001.5,1145,8,1001.4,1111,10,1001.3,2800,15,1001.2,1599,9,1001.9,96,3,1002.0,28,3,1002.1,354,6,1002.2,1062,8,1002.3,772,9
317,2025-11-26 10:47:32+05:30,1001.9,2,996.04,3781171,416600.0,385696.0,986.2,1002.0,981.3,986.2,120414750,1084.8,887.6,1102.5,649.1,1001.5,888,5,1001.4,1219,10,1001.3,2799,15,1001.2,578,6,1001.1,1142,11,1001.9,118,4,1002.0,57,4,1002.1,470,7,1002.2,1119,10,1002.3,1125,12
317,2025-11-26 10:47:32+05:30,1001.9,16,996.04,3781171,416600.0,385696.0,986.2,1002.0,981.3,986.2,120414750,1084.8,887.6,1102.5,649.1,1001.5,888,5,1001.4,1219,10,1001.3,2799,15,1001.2,578,6,1001.1,1142,11,1001.9,118,4,1002.0,57,4,1002.1,470,7,1002.2,1119,10,1002.3,1125,12
317,2025-11-26 10:47:33+05:30,1001.9,16,996.04,3781187,417648.0,385519.0,986.2,1002.0,981.3,986.2,120414750,1084.8,887.6,1102.5,649.1,1001.5,1333,9,1001.4,991,10,1001.3,2799,15,1001.2,1519,8,1001.1,891,9,1001.9,78,3,1002.0,157,5,1002.1,457,6,1002.2,634,9,1002.3,1388,13
317,2025-11-26 10:47:34+05:30,1002.2,717,996.05,3783099,417064.0,384515.0,986.2,1002.2,981.3,986.2,120414750,1084.8,887.6,1102.5,649.1,1001.9,181,2,1001.8,835,8,1001.7,958,6,1001.6,636,5,1001.5,1094,9,1002.2,87,1,1002.3,152,1,1002.4,267,7,1002.5,129,5,1002.6,1487,10
317,2025-11-26 10:47:34+05:30,1001.9,1,996.05,3783099,417064.0,384515.0,986.2,1002.2,981.3,986.2,120414750,1084.8,887.6,1102.5,649.1,1001.9,181,2,1001.8,835,8,1001.7,958,6,1001.6,636,5,1001.5,1094,9,1002.2,87,1,1002.3,152,1,1002.4,267,7,1002.5,129,5,1002.6,1487,10
317,2025-11-26 10:47:35+05:30,1001.8,161,996.05,3783608,415514.0,388314.0,986.2,1002.2,981.3,986.2,120414750,1084.8,887.6,1102.5,649.1,1001.9,3,1,1001.7,568,1,1001.6,475,5,1001.5,1201,15,1001.4,650,10,1002.2,265,4,1002.3,632,5,1002.4,1007,17,1002.5,1063,14,1002.6,1528,13
317,2025-11-26 10:47:35+05:30,1001.8,161,996.05,3783608,415514.0,388314.0,986.2,1002.2,981.3,986.2,120414750,1084.8,887.6,1102.5,649.1,1001.9,3,1,1001.7,568,1,1001.6,475,5,1001.5,1201,15,1001.4,650,10,1002.2,265,4,1002.3,632,5,1002.4,1007,17,1002.5,1063,14,1002.6,1528,13
317,2025-11-26 10:47:36+05:30,1002.0,1,996.05,3783609,415338.0,388825.0,986.2,1002.2,981.3,986.2,120414750,1084.8,887.6,1102.5,649.1,1002.0,30,1,1001.9,3,1,1001.8,2,1,1001.7,568,1,1001.6,372,5,1002.2,265,4,1002.3,481,5,1002.4,947,15,1002.5,964,14,1002.6,1342,12
317,2025-11-26 10:47:36+05:30,1002.2,458,996.05,3783609,415338.0,388825.0,986.2,1002.2,981.3,986.2,120414750,1084.8,887.6,1102.5,649.1,1002.0,30,1,1001.9,3,1,1001.8,2,1,1001.7,568,1,1001.6,372,5,1002.2,265,4,1002.3,481,5,1002.4,947,15,1002.5,964,14,1002.6,1342,12
317,2025-11-26 10:47:37+05:30,1002.6,10,996.05,3785845,418238.0,384630.0,986.2,1002.6,981.3,986.2,120414750,1084.8,887.6,1102.5,649.1,1002.2,87,1,1002.1,2,1,1002.0,767,4,1001.9,720,7,1001.8,1073,13,1002.6,285,4,1002.7,766,8,1002.8,1243,8,1002.9,2023,26,1003.0,7590,41
317,2025-11-26 10:47:37+05:30,1002.2,1,996.05,3785845,418238.0,384630.0,986.2,1002.6,981.3,986.2,120414750,1084.8,887.6,1102.5,649.1,1002.2,87,1,1002.1,2,1,1002.0,767,4,1001.9,720,7,1001.8,1073,13,1002.6,285,4,1002.7,766,8,1002.8,1243,8,1002.9,2023,26,1003.0,7590,41
317,2025-11-26 10:47:38+05:30,1002.4,24,996.05,3786061,416368.0,386964.0,986.2,1002.6,981.3,986.2,120414750,1084.8,887.6,1102.5,649.1,1002.0,13,1,1001.9,291,2,1001.8,457,5,1001.7,913,10,1001.6,1310,12,1002.4,117,2,1002.5,1097,6,1002.6,994,8,1002.7,654,10,1002.8,1146,14
317,2025-11-26 10:47:38+05:30,1002.4,750,996.05,3786061,416368.0,386964.0,986.2,1002.6,981.3,986.2,120414750,1084.8,887.6,1102.5,649.1,1002.0,13,1,1001.9,291,2,1001.8,457,5,1001.7,913,10,1001.6,1310,12,1002.4,117,2,1002.5,1097,6,1002.6,994,8,1002.7,654,10,1002.8,1146,14
317,2025-11-26 10:47:39+05:30,1002.4,97,996.05,3787361,413135.0,387052.0,986.2,1002.6,981.3,986.2,120414750,1084.8,887.6,1102.5,649.1,1001.9,151,3,1001.8,438,5,1001.7,957,10,1001.6,1284,13,1001.5,1526,12,1002.4,440,5,1002.5,1426,12,1002.6,1005,9,1002.7,698,11,1002.8,892,20
317,2025-11-26 10:47:39+05:30,1002.4,97,996.05,3787361,413135.0,387052.0,986.2,1002.6,981.3,986.2,120414750,1084.8,887.6,1102.5,649.1,1001.9,151,3,1001.8,438,5,1001.7,957,10,1001.6,1284,13,1001.5,1526,12,1002.4,440,5,1002.5,1426,12,1002.6,1005,9,1002.7,698,11,1002.8,892,20
317,2025-11-26 10:47:40+05:30,1002.3,750,996.06,3789681,413196.0,388163.0,986.2,1002.6,981.3,986.2,120414750,1084.8,887.6,1102.5,649.1,1001.9,87,1,1001.8,432,4,1001.7,1132,7,1001.6,819,11,1001.5,1432,11,1002.3,151,1,1002.4,810,7,1002.5,884,8,1002.6,885,7,1002.7,901,12
317,2025-11-26 10:47:40+05:30,1002.3,750,996.06,3789681,413196.0,388163.0,986.2,1002.6,981.3,986.2,120414750,1084.8,887.6,1102.5,649.1,1001.9,87,1,1001.8,432,4,1001.7,1132,7,1001.6,819,11,1001.5,1432,11,1002.3,151,1,1002.4,810,7,1002.5,884,8,1002.6,885,7,1002.7,901,12
317,2025-11-26 10:47:41+05:30,1002.3,10,996.06,3790580,411615.0,390832.0,986.2,1002.6,981.3,986.2,120414750,1084.8,887.6,1102.5,649.1,1002.0,1,1,1001.7,212,4,1001.6,1130,10,1001.5,1514,11,1001.4,752,10,1002.3,933,8,1002.4,1633,15,1002.5,841,10,1002.6,1255,10,1002.7,545,13
317,2025-11-26 10:47:41+05:30,1002.3,10,996.06,3790580,411615.0,390832.0,986.2,1002.6,981.3,986.2,120414750,1084.8,887.6,1102.5,649.1,1002.0,1,1,1001.7,212,4,1001.6,1130,10,1001.5,1514,11,1001.4,752,10,1002.3,933,8,1002.4,1633,15,1002.5,841,10,1002.6,1255,10,1002.7,545,13
317,2025-11-26 10:47:42+05:30,1002.4,54,996.06,3790580,411615.0,390832.0,986.2,1002.6,981.3,986.2,120414750,1084.8,887.6,1102.5,649.1,1002.0,1,1,1001.7,212,4,1001.6,1130,10,1001.5,1514,11,1001.4,752,10,1002.3,933,8,1002.4,1633,15,1002.5,841,10,1002.6,1255,10,1002.7,545,13
317,2025-11-26 10:47:42+05:30,1002.4,54,996.06,3791587,412185.0,388963.0,986.2,1002.6,981.3,986.2,120414750,1084.8,887.6,1102.5,649.1,1002.0,1,1,1001.8,353,2,1001.7,640,5,1001.6,1057,5,1001.5,1446,11,1002.4,610,4,1002.5,869,8,1002.6,1101,8,1002.7,950,12,1002.8,1122,22
317,2025-11-26 10:47:43+05:30,1001.7,80,996.06,3791587,412185.0,388963.0,986.2,1002.6,981.3,986.2,120414750,1084.8,887.6,1102.5,649.1,1002.0,1,1,1001.8,353,2,1001.7,640,5,1001.6,1057,5,1001.5,1446,11,1002.4,610,4,1002.5,869,8,1002.6,1101,8,1002.7,950,12,1002.8,1122,22
317,2025-11-26 10:47:43+05:30,1002.4,28,996.06,3792053,412698.0,389885.0,986.2,1002.6,981.3,986.2,120414750,1084.8,887.6,1102.5,649.1,1001.9,134,1,1001.8,238,2,1001.7,1178,8,1001.6,837,11,1001.5,1263,10,1002.4,816,7,1002.5,756,6,1002.6,997,9,1002.7,784,12,1002.8,2459,27
317,2025-11-26 10:47:44+05:30,1001.9,1,996.06,3792053,412698.0,389885.0,986.2,1002.6,981.3,986.2,120414750,1084.8,887.6,1102.5,649.1,1001.9,134,1,1001.8,238,2,1001.7,1178,8,1001.6,837,11,1001.5,1263,10,1002.4,816,7,1002.5,756,6,1002.6,997,9,1002.7,784,12,1002.8,2459,27
317,2025-11-26 10:47:44+05:30,1001.9,1,996.06,3792057,412702.0,390091.0,986.2,1002.6,981.3,986.2,120414750,1084.8,887.6,1102.5,649.1,1001.9,133,1,1001.8,238,2,1001.7,1178,8,1001.6,837,11,1001.5,1263,10,1002.4,813,7,1002.5,756,6,1002.6,997,9,1002.7,1048,14,1002.8,2209,26
317,2025-11-26 10:47:45+05:30,1002.4,24,996.06,3792081,412703.0,390053.0,986.2,1002.6,981.3,986.2,120414750,1084.8,887.6,1102.5,649.1,1001.9,133,1,1001.8,431,4,1001.7,1178,8,1001.6,837,11,1001.5,1263,10,1002.4,789,7,1002.5,605,5,1002.6,1148,10,1002.7,1034,13,1002.8,2209,26
317,2025-11-26 10:47:45+05:30,1002.4,24,996.06,3792081,412703.0,390053.0,986.2,1002.6,981.3,986.2,120414750,1084.8,887.6,1102.5,649.1,1001.9,133,1,1001.8,431,4,1001.7,1178,8,1001.6,837,11,1001.5,1263,10,1002.4,789,7,1002.5,605,5,1002.6,1148,10,1002.7,1034,13,1002.8,2209,26
317,2025-11-26 10:47:46+05:30,1002.4,24,996.06,3792081,412696.0,397990.0,986.2,1002.6,981.3,986.2,120414750,1084.8,887.6,1102.5,649.1,1001.8,88,2,1001.7,868,8,1001.6,679,9,1001.5,1247,11,1001.4,1388,10,1002.0,20,1,1002.2,2,1,1002.3,947,4,1002.4,1164,12,1002.5,1016,7
317,2025-11-26 10:47:47+05:30,1002.3,19,996.06,3792081,412696.0,397990.0,986.2,1002.6,981.3,986.2,120414750,1084.8,887.6,1102.5,649.1,1001.8,88,2,1001.7,868,8,1001.6,679,9,1001.5,1247,11,1001.4,1388,10,1002.0,20,1,1002.2,2,1,1002.3,947,4,1002.4,1164,12,1002.5,1016,7
317,2025-11-26 10:47:47+05:30,1002.3,19,996.06,3792850,413452.0,393018.0,986.2,1002.6,981.3,986.2,120414750,1084.8,887.6,1102.5,649.1,1001.9,90,2,1001.8,844,8,1001.7,1222,8,1001.6,812,9,1001.5,1268,12,1002.4,237,5,1002.5,728,6,1002.6,706,12,1002.7,1497,20,1002.8,2354,22
317,2025-11-26 10:47:48+05:30,1002.5,2,996.06,3792850,413452.0,393018.0,986.2,1002.6,981.3,986.2,120414750,1084.8,887.6,1102.5,649.1,1001.9,90,2,1001.8,844,8,1001.7,1222,8,1001.6,812,9,1001.5,1268,12,1002.4,237,5,1002.5,728,6,1002.6,706,12,1002.7,1497,20,1002.8,2354,22
317,2025-11-26 10:47:48+05:30,1002.5,2,996.06,3793150,413496.0,393565.0,986.2,1002.6,981.3,986.2,120414750,1084.8,887.6,1102.5,649.1,1001.9,90,2,1001.8,1124,6,1001.7,807,8,1001.6,950,11,1001.5,1328,13,1002.3,151,1,1002.4,327,5,1002.5,575,5,1002.6,1211,10,1002.7,1777,23
317,2025-11-26 10:47:49+05:30,1002.4,64,996.06,3793150,413496.0,393565.0,986.2,1002.6,981.3,986.2,120414750,1084.8,887.6,1102.5,649.1,1001.9,90,2,1001.8,1124,6,1001.7,807,8,1001.6,950,11,1001.5,1328,13,1002.3,151,1,1002.4,327,5,1002.5,575,5,1002.6,1211,10,1002.7,1777,23
317,2025-11-26 10:47:49+05:30,1002.4,64,996.06,3793900,413436.0,393257.0,986.2,1002.6,981.3,986.2,120414750,1084.8,887.6,1102.5,649.1,1001.9,90,2,1001.8,932,5,1001.7,792,7,1001.6,798,9,1001.5,1443,14,1002.4,685,7,1002.5,877,7,1002.6,673,10,1002.7,1777,23,1002.8,1701,18
317,2025-11-26 10:47:50+05:30,1002.1,1,996.06,3793900,413436.0,393257.0,986.2,1002.6,981.3,986.2,120414750,1084.8,887.6,1102.5,649.1,1001.9,90,2,1001.8,932,5,1001.7,792,7,1001.6,798,9,1001.5,1443,14,1002.4,685,7,1002.5,877,7,1002.6,673,10,1002.7,1777,23,1002.8,1701,18
317,2025-11-26 10:47:50+05:30,1002.1,1,996.06,3793952,413150.0,396468.0,986.2,1002.6,981.3,986.2,120414750,1084.8,887.6,1102.5,649.1,1001.9,28,2,1001.8,87,1,1001.7,867,7,1001.6,799,9,1001.5,1263,13,1002.1,44,1,1002.3,204,2,1002.4,1045,11,1002.5,575,5,1002.6,1409,14
317,2025-11-26 10:47:51+05:30,1002.3,7,996.06,3793952,413150.0,396468.0,986.2,1002.6,981.3,986.2,120414750,1084.8,887.6,1102.5,649.1,1001.9,28,2,1001.8,87,1,1001.7,867,7,1001.6,799,9,1001.5,1263,13,1002.1,44,1,1002.3,204,2,1002.4,1045,11,1002.5,575,5,1002.6,1409,14
317,2025-11-26 10:47:51+05:30,1002.3,7,996.07,3796202,416291.0,394886.0,986.2,1002.6,981.3,986.2,120414750,1084.8,887.6,1102.5,649.1,1001.9,28,2,1001.8,87,1,1001.7,620,5,1001.6,747,9,1001.5,1120,9,1002.3,334,5,1002.4,1099,9,1002.5,575,5,1002.6,880,11,1002.7,1202,15
317,2025-11-26 10:47:52+05:30,1002.2,329,996.07,3796202,416291.0,394886.0,986.2,1002.6,981.3,986.2,120414750,1084.8,887.6,1102.5,649.1,1001.9,28,2,1001.8,87,1,1001.7,620,5,1001.6,747,9,1001.5,1120,9,1002.3,334,5,1002.4,1099,9,1002.5,575,5,1002.6,880,11,1002.7,1202,15
317,2025-11-26 10:47:52+05:30,1002.2,329,996.07,3799774,414252.0,395749.0,986.2,1002.6,981.3,986.2,120414750,1084.8,887.6,1102.5,649.1,1001.8,104,2,1001.7,561,5,1001.6,924,7,1001.5,1545,11,1001.4,964,11,1002.3,468,7,1002.4,1658,18,1002.5,657,9,1002.6,962,11,1002.7,1469,22
317,2025-11-26 10:47:53+05:30,1001.7,26,996.07,3799774,414252.0,395749.0,986.2,1002.6,981.3,986.2,120414750,1084.8,887.6,1102.5,649.1,1001.8,104,2,1001.7,561,5,1001.6,924,7,1001.5,1545,11,1001.4,964,11,1002.3,468,7,1002.4,1658,18,1002.5,657,9,1002.6,962,11,1002.7,1469,22
317,2025-11-26 10:47:53+05:30,1001.7,26,996.08,3800504,413796.0,397404.0,986.2,1002.6,981.3,986.2,120414750,1084.8,887.6,1102.5,649.1,1001.8,87,1,1001.7,483,6,1001.6,959,7,1001.5,1431,11,1001.4,708,9,1002.2,290,4,1002.3,591,6,1002.4,1675,21,1002.5,956,9,1002.6,1148,12
317,2025-11-26 10:47:54+05:30,1002.2,35,996.08,3800504,413796.0,397404.0,986.2,1002.6,981.3,986.2,120414750,1084.8,887.6,1102.5,649.1,1001.8,87,1,1001.7,483,6,1001.6,959,7,1001.5,1431,11,1001.4,708,9,1002.2,290,4,1002.3,591,6,1002.4,1675,21,1002.5,956,9,1002.6,1148,12
317,2025-11-26 10:47:54+05:30,1002.2,35,996.08,3800543,413780.0,396984.0,986.2,1002.6,981.3,986.2,120414750,1084.8,887.6,1102.5,649.1,1001.9,112,1,1001.8,85,1,1001.7,483,6,1001.6,882,9,1001.5,1580,12,1002.2,84,3,1002.3,594,5,1002.4,1518,17,1002.5,701,7,1002.6,1143,11
317,2025-11-26 10:47:55+05:30,1002.4,172,996.08,3800543,413780.0,396984.0,986.2,1002.6,981.3,986.2,120414750,1084.8,887.6,1102.5,649.1,1001.9,112,1,1001.8,85,1,1001.7,483,6,1001.6,882,9,1001.5,1580,12,1002.2,84,3,1002.3,594,5,1002.4,1518,17,1002.5,701,7,1002.6,1143,11
317,2025-11-26 10:47:55+05:30,1001.9,1,996.08,3801944,414221.0,395168.0,986.2,1002.6,981.3,986.2,120414750,1084.8,887.6,1102.5,649.1,1001.9,111,1,1001.8,101,2,1001.7,483,6,1001.6,435,9,1001.5,1580,12,1002.3,293,5,1002.4,895,12,1002.5,622,8,1002.6,1009,10,1002.7,1601,20
317,2025-11-26 10:47:56+05:30,1001.9,10,996.08,3801944,414221.0,395168.0,986.2,1002.6,981.3,986.2,120414750,1084.8,887.6,1102.5,649.1,1001.9,111,1,1001.8,101,2,1001.7,483,6,1001.6,435,9,1001.5,1580,12,1002.3,293,5,1002.4,895,12,1002.5,622,8,1002.6,1009,10,1002.7,1601,20
317,2025-11-26 10:47:56+05:30,1002.3,2,996.08,3801987,414403.0,395195.0,986.2,1002.6,981.3,986.2,120414750,1084.8,887.6,1102.5,649.1,1001.9,101,1,1001.8,203,3,1001.7,483,6,1001.6,1010,10,1001.5,1580,12,1002.3,260,5,1002.4,895,12,1002.5,608,7,1002.6,759,9,1002.7,1615,21
317,2025-11-26 10:47:57+05:30,1002.3,14,996.08,3801987,414403.0,395195.0,986.2,1002.6,981.3,986.2,120414750,1084.8,887.6,1102.5,649.1,1001.9,101,1,1001.8,203,3,1001.7,483,6,1001.6,1010,10,1001.5,1580,12,1002.3,260,5,1002.4,895,12,1002.5,608,7,1002.6,759,9,1002.7,1615,21
317,2025-11-26 10:47:57+05:30,1002.3,14,996.08,3802016,414991.0,394548.0,986.2,1002.6,981.3,986.2,120414750,1084.8,887.6,1102.5,649.1,1001.9,758,4,1001.8,706,8,1001.7,555,7,1001.6,1004,9,1001.5,1431,11,1002.3,11,2,1002.4,467,8,1002.5,526,7,1002.6,805,9,1002.7,1601,20
317,2025-11-26 10:47:58+05:30,1001.9,1,996.08,3802016,414991.0,394548.0,986.2,1002.6,981.3,986.2,120414750,1084.8,887.6,1102.5,649.1,1001.9,758,4,1001.8,706,8,1001.7,555,7,1001.6,1004,9,1001.5,1431,11,1002.3,11,2,1002.4,467,8,1002.5,526,7,1002.6,805,9,1002.7,1601,20
317,2025-11-26 10:47:58+05:30,1001.9,1,996.08,3802017,414966.0,394716.0,986.2,1002.6,981.3,986.2,120414750,1084.8,887.6,1102.5,649.1,1001.9,758,5,1001.8,633,6,1001.7,674,6,1001.6,927,4,1001.5,1431,11,1002.3,11,2,1002.4,614,9,1002.5,393,7,1002.6,805,9,1002.7,1851,21
317,2025-11-26 10:47:59+05:30,1002.4,12,996.08,3802017,414966.0,394716.0,986.2,1002.6,981.3,986.2,120414750,1084.8,887.6,1102.5,649.1,1001.9,758,5,1001.8,633,6,1001.7,674,6,1001.6,927,4,1001.5,1431,11,1002.3,11,2,1002.4,614,9,1002.5,393,7,1002.6,805,9,1002.7,1851,21
317,2025-11-26 10:47:59+05:30,1002.4,12,996.08,3802040,415649.0,394201.0,986.2,1002.6,981.3,986.2,120414750,1084.8,887.6,1102.5,649.1,1001.9,758,5,1001.8,799,9,1001.7,785,11,1001.6,1026,7,1001.5,1681,12,1002.4,410,9,1002.5,645,9,1002.6,564,7,1002.7,1758,20,1002.8,2068,21
317,2025-11-26 10:48:00+05:30,1002.0,100,996.08,3802040,415649.0,394201.0,986.2,1002.6,981.3,986.2,120414750,1084.8,887.6,1102.5,649.1,1001.9,758,5,1001.8,799,9,1001.7,785,11,1001.6,1026,7,1001.5,1681,12,1002.4,410,9,1002.5,645,9,1002.6,564,7,1002.7,1758,20,1002.8,2068,21
317,2025-11-26 10:48:00+05:30,1002.0,100,996.08,3802248,416698.0,396334.0,986.2,1002.6,981.3,986.2,120414750,1084.8,887.6,1102.5,649.1,1002.0,782,1,1001.9,968,4,1001.8,670,7,1001.7,671,10,1001.6,1194,9,1002.1,96,1,1002.4,684,10,1002.5,539,8,1002.6,911,11,1002.7,1758,20
317,2025-11-26 10:48:01+05:30,1002.1,92,996.08,3802248,416698.0,396334.0,986.2,1002.6,981.3,986.2,120414750,1084.8,887.6,1102.5,649.1,1002.0,782,1,1001.9,968,4,1001.8,670,7,1001.7,671,10,1001.6,1194,9,1002.1,96,1,1002.4,684,10,1002.5,539,8,1002.6,911,11,1002.7,1758,20
317,2025-11-26 10:48:01+05:30,1002.1,92,996.08,3802340,417152.0,395975.0,986.2,1002.6,981.3,986.2,120414750,1084.8,887.6,1102.5,649.1,1002.0,782,1,1001.9,1120,5,1001.8,576,6,1001.7,831,12,1001.6,654,8,1002.1,4,1,1002.2,100,1,1002.4,511,8,1002.5,364,6,1002.6,619,9
317,2025-11-26 10:48:02+05:30,1002.3,556,996.08,3802340,417152.0,395975.0,986.2,1002.6,981.3,986.2,120414750,1084.8,887.6,1102.5,649.1,1002.0,782,1,1001.9,1120,5,1001.8,576,6,1001.7,831,12,1001.6,654,8,1002.1,4,1,1002.2,100,1,1002.4,511,8,1002.5,364,6,1002.6,619,9
317,2025-11-26 10:48:02+05:30,1002.3,556,996.08,3803859,417384.0,393724.0,986.2,1002.6,981.3,986.2,120414750,1084.8,887.6,1102.5,649.1,1002.0,821,2,1001.9,876,3,1001.8,178,2,1001.7,782,8,1001.6,1535,9,1002.4,623,9,1002.5,361,6,1002.6,623,9,1002.7,723,11,1002.8,1852,18
317,2025-11-26 10:48:03+05:30,1002.0,484,996.08,3803859,417384.0,393724.0,986.2,1002.6,981.3,986.2,120414750,1084.8,887.6,1102.5,649.1,1002.0,821,2,1001.9,876,3,1001.8,178,2,1001.7,782,8,1001.6,1535,9,1002.4,623,9,1002.5,361,6,1002.6,623,9,1002.7,723,11,1002.8,1852,18
317,2025-11-26 10:48:03+05:30,1002.0,484,996.08,3804443,418362.0,394239.0,986.2,1002.6,981.3,986.2,120414750,1084.8,887.6,1102.5,649.1,1002.0,437,3,1001.9,1024,4,1001.8,379,4,1001.7,692,10,1001.6,1240,10,1002.4,475,8,1002.5,482,6,1002.6,989,13,1002.7,973,12,1002.8,1692,23
317,2025-11-26 10:48:04+05:30,1002.0,484,996.08,3804443,418040.0,394122.0,986.2,1002.6,981.3,986.2,120414750,1084.8,887.6,1102.5,649.1,1002.0,437,3,1001.9,1024,4,1001.8,389,5,1001.7,768,14,1001.6,1214,8,1002.4,475,8,1002.5,492,7,1002.6,787,12,1002.7,973,12,1002.8,1702,24
317,2025-11-26 10:48:05+05:30,1002.0,50,996.08,3804443,418040.0,394122.0,986.2,1002.6,981.3,986.2,120414750,1084.8,887.6,1102.5,649.1,1002.0,437,3,1001.9,1024,4,1001.8,389,5,1001.7,768,14,1001.6,1214,8,1002.4,475,8,1002.5,492,7,1002.6,787,12,1002.7,973,12,1002.8,1702,24
317,2025-11-26 10:48:05+05:30,1002.0,50,996.08,3804534,418834.0,393909.0,986.2,1002.6,981.3,986.2,120414750,1084.8,887.6,1102.5,649.1,1002.0,375,4,1001.9,1392,7,1001.8,389,5,1001.7,768,14,1001.6,1906,9,1002.4,339,5,1002.5,334,5,1002.6,614,9,1002.7,857,12,1002.8,2087,25
317,2025-11-26 10:48:06+05:30,1002.4,386,996.08,3804534,418834.0,393909.0,986.2,1002.6,981.3,986.2,120414750,1084.8,887.6,1102.5,649.1,1002.0,375,4,1001.9,1392,7,1001.8,389,5,1001.7,768,14,1001.6,1906,9,1002.4,339,5,1002.5,334,5,1002.6,614,9,1002.7,857,12,1002.8,2087,25
317,2025-11-26 10:48:06+05:30,1002.4,386,996.08,3805284,419831.0,394300.0,986.2,1002.6,981.3,986.2,120414750,1084.8,887.6,1102.5,649.1,1002.0,375,4,1001.9,2245,7,1001.8,502,9,1001.7,897,9,1001.6,1589,8,1002.4,42,3,1002.5,167,4,1002.6,1075,13,1002.7,752,11,1002.8,1871,23
317,2025-11-26 10:48:07+05:30,1002.4,3,996.08,3805284,419831.0,394300.0,986.2,1002.6,981.3,986.2,120414750,1084.8,887.6,1102.5,649.1,1002.0,375,4,1001.9,2245,7,1001.8,502,9,1001.7,897,9,1001.6,1589,8,1002.4,42,3,1002.5,167,4,1002.6,1075,13,1002.7,752,11,1002.8,1871,23
317,2025-11-26 10:48:07+05:30,1002.4,3,996.08,3805288,419636.0,394699.0,986.2,1002.6,981.3,986.2,120414750,1084.8,887.6,1102.5,649.1,1002.0,375,4,1001.9,2260,8,1001.8,430,8,1001.7,959,11,1001.6,1339,7,1002.4,185,5,1002.5,441,6,1002.6,929,12,1002.7,752,11,1002.8,1935,24
317,2025-11-26 10:48:08+05:30,1002.4,5,996.08,3805288,419636.0,394699.0,986.2,1002.6,981.3,986.2,120414750,1084.8,887.6,1102.5,649.1,1002.0,375,4,1001.9,2260,8,1001.8,430,8,1001.7,959,11,1001.6,1339,7,1002.4,185,5,1002.5,441,6,1002.6,929,12,1002.7,752,11,1002.8,1935,24
317,2025-11-26 10:48:08+05:30,1002.4,5,996.08,3805320,419691.0,394646.0,986.2,1002.6,981.3,986.2,120414750,1084.8,887.6,1102.5,649.1,1002.0,422,4,1001.9,2406,9,1001.8,428,7,1001.7,825,12,1001.6,1589,8,1002.4,134,4,1002.5,295,5,1002.6,873,12,1002.7,752,11,1002.8,1935,24
317,2025-11-26 10:48:09+05:30,1002.4,5,996.08,3805320,419705.0,395286.0,986.2,1002.6,981.3,986.2,120414750,1084.8,887.6,1102.5,649.1,1002.0,422,4,1001.9,2406,9,1001.8,428,7,1001.7,819,11,1001.6,1339,7,1002.4,134,4,1002.5,295,5,1002.6,873,12,1002.7,752,11,1002.8,1935,24
317,2025-11-26 10:48:10+05:30,1002.1,1,996.08,3805320,419705.0,395286.0,986.2,1002.6,981.3,986.2,120414750,1084.8,887.6,1102.5,649.1,1002.0,422,4,1001.9,2406,9,1001.8,428,7,1001.7,819,11,1001.6,1339,7,1002.4,134,4,1002.5,295,5,1002.6,873,12,1002.7,752,11,1002.8,1935,24
317,2025-11-26 10:48:10+05:30,1002.1,1,996.09,3806913,422260.0,395460.0,986.2,1002.6,981.3,986.2,120414750,1084.8,887.6,1102.5,649.1,1002.1,90,2,1002.0,503,5,1001.9,2099,6,1001.8,773,7,1001.7,756,10,1002.5,100,1,1002.6,657,11,1002.7,602,8,1002.8,1644,15,1002.9,2475,27
317,2025-11-26 10:48:11+05:30,1002.1,10,996.09,3806913,422260.0,395460.0,986.2,1002.6,981.3,986.2,120414750,1084.8,887.6,1102.5,649.1,1002.1,90,2,1002.0,503,5,1001.9,2099,6,1001.8,773,7,1001.7,756,10,1002.5,100,1,1002.6,657,11,1002.7,602,8,1002.8,1644,15,1002.9,2475,27
317,2025-11-26 10:48:11+05:30,1002.1,10,996.09,3807369,423041.0,395772.0,986.2,1002.6,981.3,986.2,120414750,1084.8,887.6,1102.5,649.1,1002.1,692,7,1002.0,849,7,1001.9,2394,9,1001.8,552,8,1001.7,995,11,1002.6,136,5,1002.7,602,8,1002.8,1394,14,1002.9,2855,28,1003.0,6813,42
317,2025-11-26 10:48:12+05:30,1002.6,80,996.09,3807369,423041.0,395772.0,986.2,1002.6,981.3,986.2,120414750,1084.8,887.6,1102.5,649.1,1002.1,692,7,1002.0,849,7,1001.9,2394,9,1001.8,552,8,1001.7,995,11,1002.6,136,5,1002.7,602,8,1002.8,1394,14,1002.9,2855,28,1003.0,6813,42
317,2025-11-26 10:48:13+05:30,1002.6,80,996.09,3807486,421072.0,395643.0,986.2,1002.6,981.3,986.2,120414750,1084.8,887.6,1102.5,649.1,1002.4,2,1,1002.2,438,3,1002.1,736,8,1002.0,1440,9,1001.9,2572,13,1002.6,482,3,1002.7,823,7,1002.8,1439,12,1002.9,1436,16,1003.0,6687,45
317,2025-11-26 10:48:13+05:30,1002.2,48,996.09,3807486,421072.0,395643.0,986.2,1002.6,981.3,986.2,120414750,1084.8,887.6,1102.5,649.1,1002.4,2,1,1002.2,438,3,1002.1,736,8,1002.0,1440,9,1001.9,2572,13,1002.6,482,3,1002.7,823,7,1002.8,1439,12,1002.9,1436,16,1003.0,6687,45
317,2025-11-26 10:48:14+05:30,1002.2,10,996.09,3807549,417075.0,395942.0,986.2,1002.6,981.3,986.2,120414750,1084.8,887.6,1102.5,649.1,1002.3,112,1,1002.2,487,4,1002.1,927,6,1002.0,920,8,1001.9,2582,14,1002.6,479,3,1002.7,862,7,1002.8,1214,11,1002.9,1841,18,1003.0,6437,44
317,2025-11-26 10:48:14+05:30,1002.6,4,996.09,3807549,417075.0,395942.0,986.2,1002.6,981.3,986.2,120414750,1084.8,887.6,1102.5,649.1,1002.3,112,1,1002.2,487,4,1002.1,927,6,1002.0,920,8,1001.9,2582,14,1002.6,479,3,1002.7,862,7,1002.8,1214,11,1002.9,1841,18,1003.0,6437,44
317,2025-11-26 10:48:15+05:30,1002.6,4,996.09,3807553,417098.0,395839.0,986.2,1002.6,981.3,986.2,120414750,1084.8,887.6,1102.5,649.1,1002.3,125,2,1002.2,331,3,1002.1,1073,6,1002.0,920,8,1001.9,2582,14,1002.6,475,3,1002.7,758,6,1002.8,1214,11,1002.9,1841,18,1003.0,6437,44
317,2025-11-26 10:48:16+05:30,1002.6,4,996.09,3807553,417321.0,395839.0,986.2,1002.6,981.3,986.2,120414750,1084.8,887.6,1102.5,649.1,1002.3,125,2,1002.2,331,3,1002.1,517,5,1002.0,970,9,1001.9,2582,14,1002.6,475,3,1002.7,758,6,1002.8,1214,11,1002.9,1841,18,1003.0,6437,44
317,2025-11-26 10:48:17+05:30,1002.6,4,996.09,3807553,417299.0,395819.0,986.2,1002.6,981.3,986.2,120414750,1084.8,887.6,1102.5,649.1,1002.3,136,3,1002.2,171,2,1002.1,358,4,1002.0,1292,11,1001.9,2582,14,1002.6,475,3,1002.7,825,8,1002.8,1375,12,1002.9,1710,18,1003.0,6411,42
317,2025-11-26 10:48:17+05:30,1002.5,1,996.09,3807553,417299.0,395819.0,986.2,1002.6,981.3,986.2,120414750,1084.8,887.6,1102.5,649.1,1002.3,136,3,1002.2,171,2,1002.1,358,4,1002.0,1292,11,1001.9,2582,14,1002.6,475,3,1002.7,825,8,1002.8,1375,12,1002.9,1710,18,1003.0,6411,42
317,2025-11-26 10:48:18+05:30,1002.5,1,996.09,3808780,421646.0,394638.0,986.2,1002.7,981.3,986.2,120414750,1084.8,887.6,1102.5,649.1,1002.5,110,1,1002.4,81,1,1002.3,180,4,1002.2,809,6,1002.1,651,8,1002.6,3,2,1002.7,214,2,1002.8,630,6,1002.9,1145,12,1003.0,6329,37
317,2025-11-26 10:48:18+05:30,1002.6,1,996.09,3808780,421646.0,394638.0,986.2,1002.7,981.3,986.2,120414750,1084.8,887.6,1102.5,649.1,1002.5,110,1,1002.4,81,1,1002.3,180,4,1002.2,809,6,1002.1,651,8,1002.6,3,2,1002.7,214,2,1002.8,630,6,1002.9,1145,12,1003.0,6329,37
317,2025-11-26 10:48:19+05:30,1002.7,16,996.09,3808811,421766.0,395078.0,986.2,1002.7,981.3,986.2,120414750,1084.8,887.6,1102.5,649.1,1002.5,100,1,1002.4,81,1,1002.3,549,7,1002.2,479,4,1002.1,816,9,1002.7,198,2,1002.8,630,6,1002.9,1359,14,1003.0,6079,36,1003.1,902,10
317,2025-11-26 10:48:19+05:30,1002.2,71,996.09,3808811,421766.0,395078.0,986.2,1002.7,981.3,986.2,120414750,1084.8,887.6,1102.5,649.1,1002.5,100,1,1002.4,81,1,1002.3,549,7,1002.2,479,4,1002.1,816,9,1002.7,198,2,1002.8,630,6,1002.9,1359,14,1003.0,6079,36,1003.1,902,10
317,2025-11-26 10:48:20+05:30,1002.5,13,996.09,3809324,420615.0,398203.0,986.2,1002.7,981.3,986.2,120414750,1084.8,887.6,1102.5,649.1,1002.3,3,1,1002.2,525,4,1002.1,567,6,1002.0,1360,15,1001.9,2830,17,1002.5,83,1,1002.7,464,5,1002.8,1469,14,1002.9,2146,17,1003.0,6797,41
317,2025-11-26 10:48:20+05:30,1002.5,50,996.09,3809324,420615.0,398203.0,986.2,1002.7,981.3,986.2,120414750,1084.8,887.6,1102.5,649.1,1002.3,3,1,1002.2,525,4,1002.1,567,6,1002.0,1360,15,1001.9,2830,17,1002.5,83,1,1002.7,464,5,1002.8,1469,14,1002.9,2146,17,1003.0,6797,41
317,2025-11-26 10:48:21+05:30,1002.5,50,996.09,3809399,420700.0,398514.0,986.2,1002.7,981.3,986.2,120414750,1084.8,887.6,1102.5,649.1,1002.3,18,2,1002.2,429,4,1002.1,662,8,1002.0,1360,15,1001.9,2830,17,1002.5,8,1,1002.6,3,1,1002.7,653,5,1002.8,1404,13,1002.9,2083,16
317,2025-11-26 10:48:22+05:30,1002.2,137,996.09,3809595,422800.0,398363.0,986.2,1002.7,981.3,986.2,120414750,1084.8,887.6,1102.5,649.1,1002.2,164,1,1002.1,1289,8,1002.0,1289,14,1001.9,2831,17,1001.8,703,7,1002.5,8,1,1002.6,3,1,1002.7,957,7,1002.8,1417,14,1002.9,2176,19
317,2025-11-26 10:48:22+05:30,1002.5,10,996.09,3809595,422800.0,398363.0,986.2,1002.7,981.3,986.2,120414750,1084.8,887.6,1102.5,649.1,1002.2,164,1,1002.1,1289,8,1002.0,1289,14,1001.9,2831,17,1001.8,703,7,1002.5,8,1,1002.6,3,1,1002.7,957,7,1002.8,1417,14,1002.9,2176,19
317,2025-11-26 10:48:23+05:30,1002.5,10,996.09,3809605,422516.0,398560.0,986.2,1002.7,981.3,986.2,120414750,1084.8,887.6,1102.5,649.1,1002.1,207,4,1002.0,1527,12,1001.9,2658,11,1001.8,752,8,1001.7,1268,12,1002.5,127,2,1002.6,185,5,1002.7,1145,14,1002.8,1454,13,1002.9,2372,22
317,2025-11-26 10:48:24+05:30,1002.5,10,996.09,3809605,422569.0,398603.0,986.2,1002.7,981.3,986.2,120414750,1084.8,887.6,1102.5,649.1,1002.1,207,4,1002.0,1527,12,1001.9,2700,13,1001.8,816,12,1001.7,1268,12,1002.5,127,2,1002.6,234,6,1002.7,1097,11,1002.8,1487,14,1002.9,2406,24
317,2025-11-26 10:48:25+05:30,1002.5,107,996.09,3810856,416459.0,398234.0,986.2,1002.7,981.3,986.2,120414750,1084.8,887.6,1102.5,649.1,1002.0,772,7,1001.9,2099,6,1001.8,200,2,1001.7,1298,11,1001.6,1191,6,1002.5,934,10,1002.6,530,11,1002.7,1173,10,1002.8,1689,14,1002.9,2123,27
317,2025-11-26 10:48:25+05:30,1002.0,85,996.09,3810856,416459.0,398234.0,986.2,1002.7,981.3,986.2,120414750,1084.8,887.6,1102.5,649.1,1002.0,772,7,1001.9,2099,6,1001.8,200,2,1001.7,1298,11,1001.6,1191,6,1002.5,934,10,1002.6,530,11,1002.7,1173,10,1002.8,1689,14,1002.9,2123,27
317,2025-11-26 10:48:26+05:30,1002.0,50,996.09,3810991,418582.0,398294.0,986.2,1002.7,981.3,986.2,120414750,1084.8,887.6,1102.5,649.1,1002.0,637,7,1001.9,1901,5,1001.8,200,2,1001.7,1311,12,1001.6,852,8,1002.5,934,10,1002.6,543,12,1002.7,1173,10,1002.8,1702,15,1002.9,2097,25
317,2025-11-26 10:48:26+05:30,1002.0,50,996.09,3810991,418582.0,398294.0,986.2,1002.7,981.3,986.2,120414750,1084.8,887.6,1102.5,649.1,1002.0,637,7,1001.9,1901,5,1001.8,200,2,1001.7,1311,12,1001.6,852,8,1002.5,934,10,1002.6,543,12,1002.7,1173,10,1002.8,1702,15,1002.9,2097,25
317,2025-11-26 10:48:27+05:30,1002.0,47,996.09,3811575,420593.0,399279.0,986.2,1002.7,981.3,986.2,120414750,1084.8,887.6,1102.5,649.1,1002.0,629,2,1001.9,1901,5,1001.8,310,3,1001.7,1047,8,1001.6,837,7,1002.5,850,10,1002.6,527,11,1002.7,1423,11,1002.8,1522,15,1002.9,2108,26
317,2025-11-26 10:48:27+05:30,1002.0,47,996.09,3811575,420593.0,399279.0,986.2,1002.7,981.3,986.2,120414750,1084.8,887.6,1102.5,649.1,1002.0,629,2,1001.9,1901,5,1001.8,310,3,1001.7,1047,8,1001.6,837,7,1002.5,850,10,1002.6,527,11,1002.7,1423,11,1002.8,1522,15,1002.9,2108,26
317,2025-11-26 10:48:28+05:30,1002.5,2,996.09,3811577,421681.0,398592.0,986.2,1002.7,981.3,986.2,120414750,1084.8,887.6,1102.5,649.1,1002.0,629,2,1001.9,2229,7,1001.8,372,4,1001.7,970,12,1001.6,1914,14,1002.5,445,6,1002.6,855,13,1002.7,971,9,1002.8,1772,16,1002.9,2108,26
317,2025-11-26 10:48:28+05:30,1002.5,2,996.09,3811577,421681.0,398592.0,986.2,1002.7,981.3,986.2,120414750,1084.8,887.6,1102.5,649.1,1002.0,629,2,1001.9,2229,7,1001.8,372,4,1001.7,970,12,1001.6,1914,14,1002.5,445,6,1002.6,855,13,1002.7,971,9,1002.8,1772,16,1002.9,2108,26
317,2025-11-26 10:48:29+05:30,1002.5,1,996.09,3811578,422792.0,398412.0,986.2,1002.7,981.3,986.2,120414750,1084.8,887.6,1102.5,649.1,1002.1,703,5,1002.0,921,5,1001.9,2326,8,1001.8,426,4,1001.7,1185,11,1002.5,148,3,1002.6,292,7,1002.7,1085,11,1002.8,1619,14,1002.9,2297,26
317,2025-11-26 10:48:29+05:30,1002.5,1,996.09,3811578,422792.0,398412.0,986.2,1002.7,981.3,986.2,120414750,1084.8,887.6,1102.5,649.1,1002.1,703,5,1002.0,921,5,1001.9,2326,8,1001.8,426,4,1001.7,1185,11,1002.5,148,3,1002.6,292,7,1002.7,1085,11,1002.8,1619,14,1002.9,2297,26
317,2025-11-26 10:48:30+05:30,1002.3,750,996.09,3812445,421232.0,401255.0,986.2,1002.7,981.3,986.2,120414750,1084.8,887.6,1102.5,649.1,1002.0,153,4,1001.9,2751,10,1001.8,358,2,1001.7,2893,11,1001.6,1273,6,1002.3,96,1,1002.5,350,4,1002.6,983,10,1002.7,1126,12,1002.8,2269,18
317,2025-11-26 10:48:30+05:30,1002.3,750,996.09,3812445,421232.0,401255.0,986.2,1002.7,981.3,986.2,120414750,1084.8,887.6,1102.5,649.1,1002.0,153,4,1001.9,2751,10,1001.8,358,2,1001.7,2893,11,1001.6,1273,6,1002.3,96,1,1002.5,350,4,1002.6,983,10,1002.7,1126,12,1002.8,2269,18
317,2025-11-26 10:48:31+05:30,1002.3,750,996.09,3812445,421477.0,401759.0,986.2,1002.7,981.3,986.2,120414750,1084.8,887.6,1102.5,649.1,1002.0,153,4,1001.9,2751,10,1001.8,358,2,1001.7,2906,12,1001.6,1288,7,1002.3,96,1,1002.5,550,5,1002.6,1194,12,1002.7,1126,12,1002.8,2269,18
317,2025-11-26 10:48:32+05:30,1002.3,750,996.09,3812445,421575.0,401722.0,986.2,1002.7,981.3,986.2,120414750,1084.8,887.6,1102.5,649.1,1002.0,166,5,1001.9,2594,9,1001.8,564,4,1001.7,2919,13,1001.6,1288,7,1002.3,96,1,1002.5,813,7,1002.6,657,13,1002.7,1642,13,1002.8,2269,18
317,2025-11-26 10:48:32+05:30,1002.3,1,996.09,3812445,421575.0,401722.0,986.2,1002.7,981.3,986.2,120414750,1084.8,887.6,1102.5,649.1,1002.0,166,5,1001.9,2594,9,1001.8,564,4,1001.7,2919,13,1001.6,1288,7,1002.3,96,1,1002.5,813,7,1002.6,657,13,1002.7,1642,13,1002.8,2269,18
317,2025-11-26 10:48:33+05:30,1002.0,2,996.09,3812448,422213.0,400765.0,986.2,1002.7,981.3,986.2,120414750,1084.8,887.6,1102.5,649.1,1002.0,644,6,1001.9,2751,10,1001.8,433,5,1001.7,2893,11,1001.6,1607,9,1002.3,110,2,1002.5,818,8,1002.6,703,14,1002.7,1126,12,1002.8,2326,19
317,2025-11-26 10:48:33+05:30,1002.0,2,996.09,3812448,422213.0,400765.0,986.2,1002.7,981.3,986.2,120414750,1084.8,887.6,1102.5,649.1,1002.0,644,6,1001.9,2751,10,1001.8,433,5,1001.7,2893,11,1001.6,1607,9,1002.3,110,2,1002.5,818,8,1002.6,703,14,1002.7,1126,12,1002.8,2326,19
317,2025-11-26 10:48:34+05:30,1002.0,2,996.09,3812448,422192.0,401059.0,986.2,1002.7,981.3,986.2,120414750,1084.8,887.6,1102.5,649.1,1002.1,112,1,1002.0,801,7,1001.9,2437,8,1001.8,564,4,1001.7,2893,11,1002.3,110,2,1002.5,1338,15,1002.6,718,15,1002.7,1126,11,1002.8,2015,19
317,2025-11-26 10:48:35+05:30,1002.1,102,996.09,3812550,422198.0,402405.0,986.2,1002.7,981.3,986.2,120414750,1084.8,887.6,1102.5,649.1,1002.1,13,2,1002.0,644,6,1001.9,2416,8,1001.8,407,3,1001.7,3145,15,1002.3,15,1,1002.4,258,2,1002.5,1160,9,1002.6,677,12,1002.7,924,10
317,2025-11-26 10:48:35+05:30,1002.1,102,996.09,3812550,422198.0,402405.0,986.2,1002.7,981.3,986.2,120414750,1084.8,887.6,1102.5,649.1,1002.1,13,2,1002.0,644,6,1001.9,2416,8,1001.8,407,3,1001.7,3145,15,1002.3,15,1,1002.4,258,2,1002.5,1160,9,1002.6,677,12,1002.7,924,10
317,2025-11-26 10:48:36+05:30,1002.1,102,996.09,3812550,422223.0,402216.0,986.2,1002.7,981.3,986.2,120414750,1084.8,887.6,1102.5,649.1,1002.1,22,3,1002.0,631,5,1001.9,2416,8,1001.8,433,5,1001.7,3119,13,1002.3,15,1,1002.4,56,1,1002.5,1088,10,1002.6,860,15,1002.7,924,10
317,2025-11-26 10:48:37+05:30,1002.3,4,996.09,3812550,422223.0,402216.0,986.2,1002.7,981.3,986.2,120414750,1084.8,887.6,1102.5,649.1,1002.1,22,3,1002.0,631,5,1001.9,2416,8,1001.8,433,5,1001.7,3119,13,1002.3,15,1,1002.4,56,1,1002.5,1088,10,1002.6,860,15,1002.7,924,10
317,2025-11-26 10:48:37+05:30,1002.3,4,996.09,3812554,422223.0,402229.0,986.2,1002.7,981.3,986.2,120414750,1084.8,887.6,1102.5,649.1,1002.1,22,3,1002.0,631,5,1001.9,2416,8,1001.8,433,5,1001.7,3119,13,1002.3,11,1,1002.4,56,1,1002.5,1088,10,1002.6,860,15,1002.7,924,10
317,2025-11-26 10:48:38+05:30,1002.3,11,996.09,3812554,422223.0,402229.0,986.2,1002.7,981.3,986.2,120414750,1084.8,887.6,1102.5,649.1,1002.1,22,3,1002.0,631,5,1001.9,2416,8,1001.8,433,5,1001.7,3119,13,1002.3,11,1,1002.4,56,1,1002.5,1088,10,1002.6,860,15,1002.7,924,10
317,2025-11-26 10:48:38+05:30,1002.3,11,996.09,3812565,424046.0,400988.0,986.2,1002.7,981.3,986.2,120414750,1084.8,887.6,1102.5,649.1,1002.4,10,1,1002.3,3,1,1002.1,211,2,1002.0,631,5,1001.9,2367,8,1002.5,525,5,1002.6,553,8,1002.7,1197,11,1002.8,1307,14,1002.9,2074,26
317,2025-11-26 10:48:39+05:30,1002.3,12,996.09,3812587,424118.0,402626.0,986.2,1002.7,981.3,986.2,120414750,1084.8,887.6,1102.5,649.1,1002.1,166,2,1002.0,1530,9,1001.9,2437,9,1001.8,1333,7,1001.7,2962,12,1002.3,78,1,1002.5,527,6,1002.6,579,10,1002.7,1474,9,1002.8,1795,16
317,2025-11-26 10:48:40+05:30,1002.3,12,996.09,3812587,424118.0,402626.0,986.2,1002.7,981.3,986.2,120414750,1084.8,887.6,1102.5,649.1,1002.1,166,2,1002.0,1530,9,1001.9,2437,9,1001.8,1333,7,1001.7,2962,12,1002.3,78,1,1002.5,527,6,1002.6,579,10,1002.7,1474,9,1002.8,1795,16
317,2025-11-26 10:48:40+05:30,1002.3,12,996.09,3812587,424287.0,404161.0,986.2,1002.7,981.3,986.2,120414750,1084.8,887.6,1102.5,649.1,1002.1,13,2,1002.0,599,5,1001.9,2385,9,1001.8,1239,4,1001.7,2975,13,1002.3,78,1,1002.4,467,5,1002.5,915,14,1002.6,892,12,1002.7,1409,9
317,2025-11-26 10:48:41+05:30,1002.1,1,996.09,3812587,424287.0,404161.0,986.2,1002.7,981.3,986.2,120414750,1084.8,887.6,1102.5,649.1,1002.1,13,2,1002.0,599,5,1001.9,2385,9,1001.8,1239,4,1001.7,2975,13,1002.3,78,1,1002.4,467,5,1002.5,915,14,1002.6,892,12,1002.7,1409,9
317,2025-11-26 10:48:41+05:30,1002.1,1,996.09,3812588,423339.0,402747.0,986.2,1002.7,981.3,986.2,120414750,1084.8,887.6,1102.5,649.1,1002.1,12,2,1002.0,597,4,1001.9,1937,6,1001.8,881,2,1001.7,2743,13,1002.3,98,2,1002.4,467,5,1002.5,1131,12,1002.6,677,10,1002.7,1326,9
317,2025-11-26 10:48:42+05:30,1002.0,7,996.09,3812588,423339.0,402747.0,986.2,1002.7,981.3,986.2,120414750,1084.8,887.6,1102.5,649.1,1002.1,12,2,1002.0,597,4,1001.9,1937,6,1001.8,881,2,1001.7,2743,13,1002.3,98,2,1002.4,467,5,1002.5,1131,12,1002.6,677,10,1002.7,1326,9
317,2025-11-26 10:48:43+05:30,1002.0,7,996.09,3812608,423496.0,403846.0,986.2,1002.7,981.3,986.2,120414750,1084.8,887.6,1102.5,649.1,1002.0,590,4,1001.9,2279,8,1001.8,1079,3,1001.7,2737,12,1001.6,1628,13,1002.3,97,2,1002.4,467,5,1002.5,843,10,1002.6,821,11,1002.7,1470,10
317,2025-11-26 10:48:44+05:30,1002.3,3,996.09,3812612,423300.0,402706.0,986.2,1002.7,981.3,986.2,120414750,1084.8,887.6,1102.5,649.1,1002.0,590,4,1001.9,2353,9,1001.8,1305,6,1001.7,2816,14,1001.6,1252,9,1002.3,93,2,1002.4,134,2,1002.5,527,6,1002.6,1217,11,1002.7,984,9
317,2025-11-26 10:48:44+05:30,1002.3,2,996.09,3812612,423300.0,402706.0,986.2,1002.7,981.3,986.2,120414750,1084.8,887.6,1102.5,649.1,1002.0,590,4,1001.9,2353,9,1001.8,1305,6,1001.7,2816,14,1001.6,1252,9,1002.3,93,2,1002.4,134,2,1002.5,527,6,1002.6,1217,11,1002.7,984,9
317,2025-11-26 10:48:45+05:30,1002.3,854,996.1,3814105,424258.0,403793.0,986.2,1002.7,981.3,986.2,120414750,1084.8,887.6,1102.5,649.1,1002.3,358,1,1002.1,2,1,1002.0,1090,5,1001.9,1678,7,1001.8,1305,6,1002.4,278,4,1002.5,964,10,1002.6,562,9,1002.7,840,8,1002.8,1696,16
317,2025-11-26 10:48:45+05:30,1002.3,50,996.1,3814105,424258.0,403793.0,986.2,1002.7,981.3,986.2,120414750,1084.8,887.6,1102.5,649.1,1002.3,358,1,1002.1,2,1,1002.0,1090,5,1001.9,1678,7,1001.8,1305,6,1002.4,278,4,1002.5,964,10,1002.6,562,9,1002.7,840,8,1002.8,1696,16
317,2025-11-26 10:48:46+05:30,1002.3,50,996.1,3814155,424290.0,403043.0,986.2,1002.7,981.3,986.2,120414750,1084.8,887.6,1102.5,649.1,1002.3,309,2,1002.1,2,1,1002.0,1090,5,1001.9,1876,8,1001.8,1305,6,1002.5,964,10,1002.6,706,10,1002.7,915,9,1002.8,1696,16,1002.9,2085,28
317,2025-11-26 10:48:46+05:30,1002.3,5,996.1,3814155,424290.0,403043.0,986.2,1002.7,981.3,986.2,120414750,1084.8,887.6,1102.5,649.1,1002.3,309,2,1002.1,2,1,1002.0,1090,5,1001.9,1876,8,1001.8,1305,6,1002.5,964,10,1002.6,706,10,1002.7,915,9,1002.8,1696,16,1002.9,2085,28
317,2025-11-26 10:48:47+05:30,1002.5,35,996.1,3814245,424034.0,402712.0,986.2,1002.7,981.3,986.2,120414750,1084.8,887.6,1102.5,649.1,1002.3,304,2,1002.1,2,1,1002.0,1090,5,1001.9,1876,8,1001.8,1305,6,1002.5,586,6,1002.6,706,10,1002.7,915,9,1002.8,1494,15,1002.9,2076,27
317,2025-11-26 10:48:47+05:30,1002.5,25,996.1,3814245,424034.0,402712.0,986.2,1002.7,981.3,986.2,120414750,1084.8,887.6,1102.5,649.1,1002.3,304,2,1002.1,2,1,1002.0,1090,5,1001.9,1876,8,1001.8,1305,6,1002.5,586,6,1002.6,706,10,1002.7,915,9,1002.8,1494,15,1002.9,2076,27
317,2025-11-26 10:48:48+05:30,1002.3,3,996.1,3814998,424414.0,402733.0,986.2,1002.7,981.3,986.2,120414750,1084.8,887.6,1102.5,649.1,1002.3,355,1,1002.1,2,1,1002.0,1190,6,1001.9,1876,8,1001.8,1370,7,1002.5,608,6,1002.6,706,10,1002.7,916,10,1002.8,1244,14,1002.9,2326,28
317,2025-11-26 10:48:48+05:30,1002.3,3,996.1,3814998,424414.0,402733.0,986.2,1002.7,981.3,986.2,120414750,1084.8,887.6,1102.5,649.1,1002.3,355,1,1002.1,2,1,1002.0,1190,6,1001.9,1876,8,1001.8,1370,7,1002.5,608,6,1002.6,706,10,1002.7,916,10,1002.8,1244,14,1002.9,2326,28
317,2025-11-26 10:48:49+05:30,1002.3,3,996.1,3814998,424460.0,402799.0,986.2,1002.7,981.3,986.2,120414750,1084.8,887.6,1102.5,649.1,1002.3,355,1,1002.1,2,1,1002.0,1190,6,1001.9,1876,8,1001.8,1370,7,1002.5,608,6,1002.6,706,10,1002.7,916,10,1002.8,1244,14,1002.9,2326,28
317,2025-11-26 10:48:50+05:30,1002.3,3,996.1,3814998,424432.0,403097.0,986.2,1002.7,981.3,986.2,120414750,1084.8,887.6,1102.5,649.1,1002.3,358,2,1002.1,2,1,1002.0,1146,5,1001.9,1876,8,1001.8,1370,7,1002.4,96,1,1002.5,608,6,1002.6,706,10,1002.7,916,10,1002.8,1722,18
317,2025-11-26 10:48:51+05:30,1002.3,3,996.1,3814998,424411.0,403096.0,986.2,1002.7,981.3,986.2,120414750,1084.8,887.6,1102.5,649.1,1002.3,363,3,1002.1,2,1,1002.0,1146,5,1001.9,1876,8,1001.8,1370,7,1002.4,96,1,1002.5,672,7,1002.6,706,10,1002.7,926,11,1002.8,1722,18
317,2025-11-26 10:48:52+05:30,1002.3,12,996.1,3816199,422784.0,402418.0,986.2,1002.7,981.3,986.2,120414750,1084.8,887.6,1102.5,649.1,1002.0,1243,6,1001.9,1700,7,1001.8,884,2,1001.7,2746,9,1001.6,1598,9,1002.4,184,3,1002.5,420,5,1002.6,782,11,1002.7,966,12,1002.8,1554,17
317,2025-11-26 10:48:52+05:30,1002.3,12,996.1,3816199,422784.0,402418.0,986.2,1002.7,981.3,986.2,120414750,1084.8,887.6,1102.5,649.1,1002.0,1243,6,1001.9,1700,7,1001.8,884,2,1001.7,2746,9,1001.6,1598,9,1002.4,184,3,1002.5,420,5,1002.6,782,11,1002.7,966,12,1002.8,1554,17
317,2025-11-26 10:48:53+05:30,1002.4,1,996.1,3816200,423622.0,402924.0,986.2,1002.7,981.3,986.2,120414750,1084.8,887.6,1102.5,649.1,1002.0,1390,8,1001.9,1830,8,1001.8,1411,11,1001.7,2839,12,1001.6,1598,9,1002.4,164,2,1002.5,583,5,1002.6,512,9,1002.7,1194,14,1002.8,1866,18
317,2025-11-26 10:48:53+05:30,1002.4,1,996.1,3816200,423622.0,402924.0,986.2,1002.7,981.3,986.2,120414750,1084.8,887.6,1102.5,649.1,1002.0,1390,8,1001.9,1830,8,1001.8,1411,11,1001.7,2839,12,1001.6,1598,9,1002.4,164,2,1002.5,583,5,1002.6,512,9,1002.7,1194,14,1002.8,1866,18
317,2025-11-26 10:48:54+05:30,1002.4,1,996.1,3816200,424676.0,403537.0,986.2,1002.7,981.3,986.2,120414750,1084.8,887.6,1102.5,649.1,1002.3,50,1,1002.1,687,3,1002.0,1256,7,1001.9,2052,10,1001.8,1277,10,1002.4,97,2,1002.5,583,5,1002.6,486,7,1002.7,1183,13,1002.8,1320,14
317,2025-11-26 10:48:54+05:30,1002.4,15,996.1,3816200,424676.0,403537.0,986.2,1002.7,981.3,986.2,120414750,1084.8,887.6,1102.5,649.1,1002.3,50,1,1002.1,687,3,1002.0,1256,7,1001.9,2052,10,1001.8,1277,10,1002.4,97,2,1002.5,583,5,1002.6,486,7,1002.7,1183,13,1002.8,1320,14
317,2025-11-26 10:48:55+05:30,1002.3,50,996.1,3816362,423864.0,403782.0,986.2,1002.7,981.3,986.2,120414750,1084.8,887.6,1102.5,649.1,1002.1,2,1,1002.0,1256,7,1001.9,1831,7,1001.8,1277,10,1001.7,2996,13,1002.3,31,1,1002.4,204,2,1002.5,726,7,1002.6,527,9,1002.7,945,12
317,2025-11-26 10:48:55+05:30,1002.3,50,996.1,3816362,423864.0,403782.0,986.2,1002.7,981.3,986.2,120414750,1084.8,887.6,1102.5,649.1,1002.1,2,1,1002.0,1256,7,1001.9,1831,7,1001.8,1277,10,1001.7,2996,13,1002.3,31,1,1002.4,204,2,1002.5,726,7,1002.6,527,9,1002.7,945,12
317,2025-11-26 10:48:56+05:30,1002.1,1,996.1,3816363,423849.0,404678.0,986.2,1002.7,981.3,986.2,120414750,1084.8,887.6,1102.5,649.1,1002.1,1,1,1002.0,1146,5,1001.9,1697,6,1001.8,1242,11,1001.7,3130,14,1002.3,31,1,1002.4,450,4,1002.5,860,8,1002.6,540,10,1002.7,1013,12
317,2025-11-26 10:48:56+05:30,1002.3,750,996.1,3816363,423849.0,404678.0,986.2,1002.7,981.3,986.2,120414750,1084.8,887.6,1102.5,649.1,1002.1,1,1,1002.0,1146,5,1001.9,1697,6,1001.8,1242,11,1001.7,3130,14,1002.3,31,1,1002.4,450,4,1002.5,860,8,1002.6,540,10,1002.7,1013,12
317,2025-11-26 10:48:57+05:30,1002.0,4,996.1,3817118,424177.0,404079.0,986.2,1002.7,981.3,986.2,120414750,1084.8,887.6,1102.5,649.1,1002.1,1,1,1002.0,1239,6,1001.9,1896,7,1001.8,1507,12,1001.7,2929,12,1002.3,42,1,1002.4,143,3,1002.5,681,6,1002.6,957,10,1002.7,975,12
317,2025-11-26 10:48:57+05:30,1002.0,4,996.1,3817118,424177.0,404079.0,986.2,1002.7,981.3,986.2,120414750,1084.8,887.6,1102.5,649.1,1002.1,1,1,1002.0,1239,6,1001.9,1896,7,1001.8,1507,12,1001.7,2929,12,1002.3,42,1,1002.4,143,3,1002.5,681,6,1002.6,957,10,1002.7,975,12
317,2025-11-26 10:48:58+05:30,1002.0,247,996.1,3817418,423331.0,405362.0,986.2,1002.7,981.3,986.2,120414750,1084.8,887.6,1102.5,649.1,1002.0,853,3,1001.9,1563,5,1001.8,987,4,1001.7,2859,10,1001.6,1482,9,1002.3,62,2,1002.4,490,7,1002.5,1172,11,1002.6,959,10,1002.7,1224,12
317,2025-11-26 10:48:58+05:30,1002.0,247,996.1,3817418,423331.0,405362.0,986.2,1002.7,981.3,986.2,120414750,1084.8,887.6,1102.5,649.1,1002.0,853,3,1001.9,1563,5,1001.8,987,4,1001.7,2859,10,1001.6,1482,9,1002.3,62,2,1002.4,490,7,1002.5,1172,11,1002.6,959,10,1002.7,1224,12
317,2025-11-26 10:48:59+05:30,1002.0,2,996.1,3817420,422543.0,405200.0,986.2,1002.7,981.3,986.2,120414750,1084.8,887.6,1102.5,649.1,1002.0,862,4,1001.9,1563,5,1001.8,1470,8,1001.7,2815,15,1001.6,1348,8,1002.3,62,2,1002.4,247,4,1002.5,875,9,1002.6,1337,14,1002.7,1224,12
317,2025-11-26 10:48:59+05:30,1002.0,2,996.1,3817420,422543.0,405200.0,986.2,1002.7,981.3,986.2,120414750,1084.8,887.6,1102.5,649.1,1002.0,862,4,1001.9,1563,5,1001.8,1470,8,1001.7,2815,15,1001.6,1348,8,1002.3,62,2,1002.4,247,4,1002.5,875,9,1002.6,1337,14,1002.7,1224,12
317,2025-11-26 10:49:00+05:30,1002.0,32,996.1,3817835,421112.0,407044.0,986.2,1002.7,981.3,986.2,120414750,1084.8,887.6,1102.5,649.1,1002.0,447,3,1001.9,1401,4,1001.8,953,4,1001.7,881,10,1001.6,681,9,1002.1,96,1,1002.3,201,3,1002.4,968,10,1002.5,1247,16,1002.6,557,10
317,2025-11-26 10:49:00+05:30,1002.1,1,996.1,3817835,421112.0,407044.0,986.2,1002.7,981.3,986.2,120414750,1084.8,887.6,1102.5,649.1,1002.0,447,3,1001.9,1401,4,1001.8,953,4,1001.7,881,10,1001.6,681,9,1002.1,96,1,1002.3,201,3,1002.4,968,10,1002.5,1247,16,1002.6,557,10
317,2025-11-26 10:49:01+05:30,1002.0,1,996.1,3817847,421168.0,407344.0,986.2,1002.7,981.3,986.2,120414750,1084.8,887.6,1102.5,649.1,1002.0,446,3,1001.9,1401,4,1001.8,953,4,1001.7,746,9,1001.6,745,9,1002.1,85,1,1002.3,592,6,1002.4,1184,13,1002.5,1293,17,1002.6,557,10
317,2025-11-26 10:49:01+05:30,1002.0,1,996.1,3817847,421168.0,407344.0,986.2,1002.7,981.3,986.2,120414750,1084.8,887.6,1102.5,649.1,1002.0,446,3,1001.9,1401,4,1001.8,953,4,1001.7,746,9,1001.6,745,9,1002.1,85,1,1002.3,592,6,1002.4,1184,13,1002.5,1293,17,1002.6,557,10
317,2025-11-26 10:49:02+05:30,1002.0,1,996.1,3817847,421150.0,407494.0,986.2,1002.7,981.3,986.2,120414750,1084.8,887.6,1102.5,649.1,1002.0,446,3,1001.9,1401,4,1001.8,953,4,1001.7,746,9,1001.6,745,9,1002.1,85,1,1002.3,592,6,1002.4,1184,13,1002.5,1293,17,1002.6,557,10
317,2025-11-26 10:49:02+05:30,1002.1,1,996.1,3817847,421150.0,407494.0,986.2,1002.7,981.3,986.2,120414750,1084.8,887.6,1102.5,649.1,1002.0,446,3,1001.9,1401,4,1001.8,953,4,1001.7,746,9,1001.6,745,9,1002.1,85,1,1002.3,592,6,1002.4,1184,13,1002.5,1293,17,1002.6,557,10
317,2025-11-26 10:49:03+05:30,1002.1,5,996.1,3817853,421095.0,407488.0,986.2,1002.7,981.3,986.2,120414750,1084.8,887.6,1102.5,649.1,1002.0,446,3,1001.9,1401,4,1001.8,953,4,1001.7,746,9,1001.6,745,9,1002.1,79,1,1002.3,592,6,1002.4,1184,13,1002.5,1293,17,1002.6,557,10
317,2025-11-26 10:49:03+05:30,1002.1,5,996.1,3817853,421095.0,407488.0,986.2,1002.7,981.3,986.2,120414750,1084.8,887.6,1102.5,649.1,1002.0,446,3,1001.9,1401,4,1001.8,953,4,1001.7,746,9,1001.6,745,9,1002.1,79,1,1002.3,592,6,1002.4,1184,13,1002.5,1293,17,1002.6,557,10
317,2025-11-26 10:49:04+05:30,1002.1,5,996.1,3817853,421100.0,407331.0,986.2,1002.7,981.3,986.2,120414750,1084.8,887.6,1102.5,649.1,1002.0,446,3,1001.9,1401,4,1001.8,938,3,1001.7,746,9,1001.6,732,8,1002.1,79,1,1002.3,495,5,1002.4,1022,12,1002.5,1390,18,1002.6,617,11
317,2025-11-26 10:49:05+05:30,1002.3,168,996.11,3819071,419956.0,404841.0,986.2,1002.7,981.3,986.2,120414750,1084.8,887.6,1102.5,649.1,1002.1,2,1,1001.9,1401,4,1001.8,1065,5,1001.7,804,10,1001.6,1190,9,1002.3,314,4,1002.4,689,10,1002.5,872,11,1002.6,992,9,1002.7,1113,13
317,2025-11-26 10:49:05+05:30,1002.3,168,996.11,3819071,419956.0,404841.0,986.2,1002.7,981.3,986.2,120414750,1084.8,887.6,1102.5,649.1,1002.1,2,1,1001.9,1401,4,1001.8,1065,5,1001.7,804,10,1001.6,1190,9,1002.3,314,4,1002.4,689,10,1002.5,872,11,1002.6,992,9,1002.7,1113,13
317,2025-11-26 10:49:06+05:30,1001.9,276,996.11,3819506,419542.0,406494.0,986.2,1002.7,981.3,986.2,120414750,1084.8,887.6,1102.5,649.1,1001.9,1124,3,1001.8,953,4,1001.7,770,11,1001.6,586,6,1001.5,1957,14,1002.2,163,2,1002.3,413,5,1002.4,1131,13,1002.5,1106,18,1002.6,953,12
317,2025-11-26 10:49:06+05:30,1001.9,276,996.11,3819506,419542.0,406494.0,986.2,1002.7,981.3,986.2,120414750,1084.8,887.6,1102.5,649.1,1001.9,1124,3,1001.8,953,4,1001.7,770,11,1001.6,586,6,1001.5,1957,14,1002.2,163,2,1002.3,413,5,1002.4,1131,13,1002.5,1106,18,1002.6,953,12
317,2025-11-26 10:49:07+05:30,1002.2,100,996.11,3819606,419034.0,406394.0,986.2,1002.7,981.3,986.2,120414750,1084.8,887.6,1102.5,649.1,1001.9,1124,3,1001.8,953,4,1001.7,770,11,1001.6,1154,8,1001.5,1957,14,1002.2,63,2,1002.3,280,4,1002.4,1277,15,1002.5,1093,17,1002.6,953,12
317,2025-11-26 10:49:07+05:30,1002.2,100,996.11,3819606,419034.0,406394.0,986.2,1002.7,981.3,986.2,120414750,1084.8,887.6,1102.5,649.1,1001.9,1124,3,1001.8,953,4,1001.7,770,11,1001.6,1154,8,1001.5,1957,14,1002.2,63,2,1002.3,280,4,1002.4,1277,15,1002.5,1093,17,1002.6,953,12
317,2025-11-26 10:49:08+05:30,1002.2,100,996.11,3819606,419034.0,406683.0,986.2,1002.7,981.3,986.2,120414750,1084.8,887.6,1102.5,649.1,1001.9,1124,3,1001.8,953,4,1001.7,770,11,1001.6,1154,8,1001.5,1957,14,1002.2,63,2,1002.3,280,4,1002.4,736,14,1002.5,1093,17,1002.6,1288,13
317,2025-11-26 10:49:09+05:30,1002.3,651,996.11,3820356,418163.0,404181.0,986.2,1002.7,981.3,986.2,120414750,1084.8,887.6,1102.5,649.1,1002.0,87,1,1001.9,1124,3,1001.8,1059,5,1001.7,1012,14,1001.6,1227,8,1002.4,549,8,1002.5,1408,17,1002.6,552,10,1002.7,1099,13,1002.8,1210,14
317,2025-11-26 10:49:09+05:30,1002.3,651,996.11,3820356,418163.0,404181.0,986.2,1002.7,981.3,986.2,120414750,1084.8,887.6,1102.5,649.1,1002.0,87,1,1001.9,1124,3,1001.8,1059,5,1001.7,1012,14,1001.6,1227,8,1002.4,549,8,1002.5,1408,17,1002.6,552,10,1002.7,1099,13,1002.8,1210,14
317,2025-11-26 10:49:10+05:30,1002.3,651,996.11,3820356,417951.0,405635.0,986.2,1002.7,981.3,986.2,120414750,1084.8,887.6,1102.5,649.1,1001.9,1124,3,1001.8,953,4,1001.7,952,13,1001.6,1346,9,1001.5,1824,13,1002.2,96,1,1002.3,121,2,1002.4,1055,8,1002.5,973,17,1002.6,552,10
317,2025-11-26 10:49:11+05:30,1002.3,651,996.11,3820356,417951.0,405635.0,986.2,1002.7,981.3,986.2,120414750,1084.8,887.6,1102.5,649.1,1001.9,1124,3,1001.8,953,4,1001.7,952,13,1001.6,1346,9,1001.5,1824,13,1002.2,96,1,1002.3,121,2,1002.4,1055,8,1002.5,973,17,1002.6,552,10
317,2025-11-26 10:49:11+05:30,1002.2,1,996.11,3820356,417951.0,405635.0,986.2,1002.7,981.3,986.2,120414750,1084.8,887.6,1102.5,649.1,1001.9,1124,3,1001.8,953,4,1001.7,952,13,1001.6,1346,9,1001.5,1824,13,1002.2,96,1,1002.3,121,2,1002.4,1055,8,1002.5,973,17,1002.6,552,10
317,2025-11-26 10:49:11+05:30,1002.2,1,996.11,3820367,417951.0,405624.0,986.2,1002.7,981.3,986.2,120414750,1084.8,887.6,1102.5,649.1,1001.9,1124,3,1001.8,1147,5,1001.7,952,13,1001.6,1346,9,1001.5,1824,13,1002.2,85,1,1002.3,2,1,1002.4,1185,10,1002.5,973,17,1002.6,541,9
317,2025-11-26 10:49:12+05:30,1002.2,1,996.11,3820367,417951.0,405624.0,986.2,1002.7,981.3,986.2,120414750,1084.8,887.6,1102.5,649.1,1001.9,1124,3,1001.8,1147,5,1001.7,952,13,1001.6,1346,9,1001.5,1824,13,1002.2,85,1,1002.3,2,1,1002.4,1185,10,1002.5,973,17,1002.6,541,9
317,2025-11-26 10:49:12+05:30,1002.2,1,996.11,3820367,417925.0,406000.0,986.2,1002.7,981.3,986.2,120414750,1084.8,887.6,1102.5,649.1,1001.9,1137,4,1001.8,938,3,1001.7,980,9,1001.6,1231,11,1001.5,1824,13,1002.2,85,1,1002.3,309,5,1002.4,1350,14,1002.5,1066,16,1002.6,791,10
317,2025-11-26 10:49:13+05:30,1002.2,1,996.11,3820367,417925.0,406000.0,986.2,1002.7,981.3,986.2,120414750,1084.8,887.6,1102.5,649.1,1001.9,1137,4,1001.8,938,3,1001.7,980,9,1001.6,1231,11,1001.5,1824,13,1002.2,85,1,1002.3,309,5,1002.4,1350,14,1002.5,1066,16,1002.6,791,10
317,2025-11-26 10:49:13+05:30,1002.2,2,996.11,3820371,417857.0,406063.0,986.2,1002.7,981.3,986.2,120414750,1084.8,887.6,1102.5,649.1,1002.1,23,1,1001.9,1137,4,1001.8,938,3,1001.7,770,9,1001.6,1350,12,1002.2,83,1,1002.3,332,5,1002.4,780,13,1002.5,1107,16,1002.6,1112,10
317,2025-11-26 10:49:13+05:30,1002.2,2,996.11,3820371,417857.0,406063.0,986.2,1002.7,981.3,986.2,120414750,1084.8,887.6,1102.5,649.1,1002.1,23,1,1001.9,1137,4,1001.8,938,3,1001.7,770,9,1001.6,1350,12,1002.2,83,1,1002.3,332,5,1002.4,780,13,1002.5,1107,16,1002.6,1112,10
317,2025-11-26 10:49:13+05:30,1002.2,2,996.11,3820371,417857.0,406063.0,986.2,1002.7,981.3,986.2,120414750,1084.8,887.6,1102.5,649.1,1002.1,23,1,1001.9,1137,4,1001.8,938,3,1001.7,770,9,1001.6,1350,12,1002.2,83,1,1002.3,332,5,1002.4,780,13,1002.5,1107,16,1002.6,1112,10
317,2025-11-26 10:49:14+05:30,1002.2,2,996.11,3820371,417857.0,406063.0,986.2,1002.7,981.3,986.2,120414750,1084.8,887.6,1102.5,649.1,1002.1,23,1,1001.9,1137,4,1001.8,938,3,1001.7,770,9,1001.6,1350,12,1002.2,83,1,1002.3,332,5,1002.4,780,13,1002.5,1107,16,1002.6,1112,10
317,2025-11-26 10:49:14+05:30,1002.2,112,996.11,3820371,417857.0,406063.0,986.2,1002.7,981.3,986.2,120414750,1084.8,887.6,1102.5,649.1,1002.1,23,1,1001.9,1137,4,1001.8,938,3,1001.7,770,9,1001.6,1350,12,1002.2,83,1,1002.3,332,5,1002.4,780,13,1002.5,1107,16,1002.6,1112,10
317,2025-11-26 10:49:14+05:30,1002.2,112,996.11,3820483,417958.0,405948.0,986.2,1002.7,981.3,986.2,120414750,1084.8,887.6,1102.5,649.1,1002.1,23,1,1001.9,1137,4,1001.8,938,3,1001.7,721,8,1001.6,1350,12,1002.2,96,1,1002.3,356,6,1002.4,756,11,1002.5,1120,17,1002.6,1123,11
317,2025-11-26 10:49:14+05:30,1002.2,112,996.11,3820483,417958.0,405948.0,986.2,1002.7,981.3,986.2,120494250,1084.8,887.6,1102.5,649.1,1002.1,23,1,1001.9,1137,4,1001.8,938,3,1001.7,721,8,1001.6,1350,12,1002.2,96,1,1002.3,356,6,1002.4,756,11,1002.5,1120,17,1002.6,1123,11
317,2025-11-26 10:49:15+05:30,1002.2,112,996.11,3820483,417958.0,405948.0,986.2,1002.7,981.3,986.2,120494250,1084.8,887.6,1102.5,649.1,1002.1,23,1,1001.9,1137,4,1001.8,938,3,1001.7,721,8,1001.6,1350,12,1002.2,96,1,1002.3,356,6,1002.4,756,11,1002.5,1120,17,1002.6,1123,11
317,2025-11-26 10:49:15+05:30,1002.1,23,996.11,3820483,417958.0,405948.0,986.2,1002.7,981.3,986.2,120494250,1084.8,887.6,1102.5,649.1,1002.1,23,1,1001.9,1137,4,1001.8,938,3,1001.7,721,8,1001.6,1350,12,1002.2,96,1,1002.3,356,6,1002.4,756,11,1002.5,1120,17,1002.6,1123,11
317,2025-11-26 10:49:15+05:30,1002.1,13,996.11,3820519,418371.0,406689.0,986.2,1002.7,981.3,986.2,120494250,1084.8,887.6,1102.5,649.1,1001.9,1124,3,1001.8,938,3,1001.7,733,8,1001.6,1349,12,1001.5,1824,13,1002.1,60,1,1002.3,173,4,1002.4,770,13,1002.5,1105,16,1002.6,1928,15
317,2025-11-26 10:49:16+05:30,1002.1,13,996.11,3820519,418371.0,406689.0,986.2,1002.7,981.3,986.2,120494250,1084.8,887.6,1102.5,649.1,1001.9,1124,3,1001.8,938,3,1001.7,733,8,1001.6,1349,12,1001.5,1824,13,1002.1,60,1,1002.3,173,4,1002.4,770,13,1002.5,1105,16,1002.6,1928,15
317,2025-11-26 10:49:16+05:30,1002.1,13,996.11,3820519,418450.0,407132.0,986.2,1002.7,981.3,986.2,120494250,1084.8,887.6,1102.5,649.1,1002.0,40,1,1001.9,1124,3,1001.8,1057,4,1001.7,692,5,1001.6,1166,7,1002.1,60,1,1002.3,375,5,1002.4,651,12,1002.5,1224,17,1002.6,1107,13
317,2025-11-26 10:49:17+05:30,1002.1,3,996.11,3820519,418450.0,407132.0,986.2,1002.7,981.3,986.2,120494250,1084.8,887.6,1102.5,649.1,1002.0,40,1,1001.9,1124,3,1001.8,1057,4,1001.7,692,5,1001.6,1166,7,1002.1,60,1,1002.3,375,5,1002.4,651,12,1002.5,1224,17,1002.6,1107,13
317,2025-11-26 10:49:17+05:30,1002.0,10,996.11,3820532,418457.0,407302.0,986.2,1002.7,981.3,986.2,120494250,1084.8,887.6,1102.5,649.1,1002.0,30,1,1001.9,1124,3,1001.8,953,4,1001.7,901,12,1001.6,1166,7,1002.1,57,1,1002.2,126,1,1002.3,375,5,1002.4,651,12,1002.5,1224,17
317,2025-11-26 10:49:18+05:30,1002.1,5,996.11,3820532,418457.0,407302.0,986.2,1002.7,981.3,986.2,120494250,1084.8,887.6,1102.5,649.1,1002.0,30,1,1001.9,1124,3,1001.8,953,4,1001.7,901,12,1001.6,1166,7,1002.1,57,1,1002.2,126,1,1002.3,375,5,1002.4,651,12,1002.5,1224,17
317,2025-11-26 10:49:18+05:30,1002.1,5,996.11,3820537,418457.0,407653.0,986.2,1002.7,981.3,986.2,120494250,1084.8,887.6,1102.5,649.1,1002.0,30,1,1001.9,1124,3,1001.8,953,4,1001.7,901,12,1001.6,1166,7,1002.1,52,1,1002.2,126,1,1002.3,437,6,1002.4,651,12,1002.5,1224,17
317,2025-11-26 10:49:19+05:30,1002.0,5,996.11,3820537,418457.0,407653.0,986.2,1002.7,981.3,986.2,120494250,1084.8,887.6,1102.5,649.1,1002.0,30,1,1001.9,1124,3,1001.8,953,4,1001.7,901,12,1001.6,1166,7,1002.1,52,1,1002.2,126,1,1002.3,437,6,1002.4,651,12,1002.5,1224,17
317,2025-11-26 10:49:19+05:30,1002.0,5,996.11,3820545,418452.0,408150.0,986.2,1002.7,981.3,986.2,120494250,1084.8,887.6,1102.5,649.1,1002.0,25,1,1001.9,1124,3,1001.8,953,4,1001.7,901,12,1001.6,1166,7,1002.1,49,1,1002.2,126,1,1002.3,437,6,1002.4,651,12,1002.5,1224,17
317,2025-11-26 10:49:20+05:30,1002.1,5,996.11,3820545,418452.0,408150.0,986.2,1002.7,981.3,986.2,120494250,1084.8,887.6,1102.5,649.1,1002.0,25,1,1001.9,1124,3,1001.8,953,4,1001.7,901,12,1001.6,1166,7,1002.1,49,1,1002.2,126,1,1002.3,437,6,1002.4,651,12,1002.5,1224,17
317,2025-11-26 10:49:21+05:30,1002.1,5,996.11,3822835,418782.0,407068.0,986.2,1002.7,981.3,986.2,120494250,1084.8,887.6,1102.5,649.1,1002.0,5,2,1001.9,1351,5,1001.8,1130,4,1001.7,764,7,1001.6,1431,13,1002.1,85,1,1002.4,491,8,1002.5,1057,16,1002.6,670,10,1002.7,1669,15
317,2025-11-26 10:49:22+05:30,1002.1,5,996.11,3822835,418120.0,407115.0,986.2,1002.7,981.3,986.2,120494250,1084.8,887.6,1102.5,649.1,1002.0,5,2,1001.9,1351,5,1001.8,1130,4,1001.7,764,7,1001.6,1280,13,1002.1,85,1,1002.4,1053,9,1002.5,1057,16,1002.6,670,10,1002.7,1154,14
317,2025-11-26 10:49:22+05:30,1002.2,543,996.11,3822835,418120.0,407115.0,986.2,1002.7,981.3,986.2,120494250,1084.8,887.6,1102.5,649.1,1002.0,5,2,1001.9,1351,5,1001.8,1130,4,1001.7,764,7,1001.6,1280,13,1002.1,85,1,1002.4,1053,9,1002.5,1057,16,1002.6,670,10,1002.7,1154,14
317,2025-11-26 10:49:23+05:30,1002.2,179,996.11,3824667,417557.0,407602.0,986.2,1002.7,981.3,986.2,120494250,1084.8,887.6,1102.5,649.1,1001.9,276,1,1001.8,1389,3,1001.7,815,6,1001.6,793,10,1001.5,1835,17,1002.2,21,1,1002.3,517,6,1002.4,587,9,1002.5,1039,15,1002.6,1577,12
317,2025-11-26 10:49:23+05:30,1002.2,179,996.11,3824667,417557.0,407602.0,986.2,1002.7,981.3,986.2,120494250,1084.8,887.6,1102.5,649.1,1001.9,276,1,1001.8,1389,3,1001.7,815,6,1001.6,793,10,1001.5,1835,17,1002.2,21,1,1002.3,517,6,1002.4,587,9,1002.5,1039,15,1002.6,1577,12
317,2025-11-26 10:49:24+05:30,1002.2,179,996.11,3824667,417458.0,407578.0,986.2,1002.7,981.3,986.2,120494250,1084.8,887.6,1102.5,649.1,1001.9,276,1,1001.8,871,2,1001.7,759,6,1001.6,1268,11,1001.5,1727,16,1002.2,105,1,1002.3,419,6,1002.4,587,9,1002.5,1039,15,1002.6,1567,11
317,2025-11-26 10:49:25+05:30,1002.2,179,996.11,3824667,417220.0,407020.0,986.2,1002.7,981.3,986.2,120494250,1084.8,887.6,1102.5,649.1,1001.9,276,1,1001.8,871,2,1001.7,759,6,1001.6,1268,11,1001.5,1727,16,1002.2,105,1,1002.3,419,6,1002.4,644,10,1002.5,1039,15,1002.6,995,10
317,2025-11-26 10:49:25+05:30,1001.9,130,996.11,3824667,417220.0,407020.0,986.2,1002.7,981.3,986.2,120494250,1084.8,887.6,1102.5,649.1,1001.9,276,1,1001.8,871,2,1001.7,759,6,1001.6,1268,11,1001.5,1727,16,1002.2,105,1,1002.3,419,6,1002.4,644,10,1002.5,1039,15,1002.6,995,10
317,2025-11-26 10:49:26+05:30,1001.9,130,996.11,3824797,417112.0,407348.0,986.2,1002.7,981.3,986.2,120494250,1084.8,887.6,1102.5,649.1,1001.9,146,1,1001.8,871,2,1001.7,561,5,1001.6,1268,11,1001.5,1727,16,1002.2,109,2,1002.3,419,6,1002.4,644,10,1002.5,1628,16,1002.6,995,10
317,2025-11-26 10:49:26+05:30,1002.2,476,996.11,3824797,417112.0,407348.0,986.2,1002.7,981.3,986.2,120494250,1084.8,887.6,1102.5,649.1,1001.9,146,1,1001.8,871,2,1001.7,561,5,1001.6,1268,11,1001.5,1727,16,1002.2,109,2,1002.3,419,6,1002.4,644,10,1002.5,1628,16,1002.6,995,10
317,2025-11-26 10:49:27+05:30,1002.3,10,996.12,3825753,418218.0,405947.0,986.2,1002.7,981.3,986.2,120494250,1084.8,887.6,1102.5,649.1,1002.1,100,1,1002.0,25,1,1001.9,146,1,1001.8,1065,3,1001.7,820,6,1002.3,22,2,1002.4,856,12,1002.5,1016,12,1002.6,1263,12,1002.7,2292,24
317,2025-11-26 10:49:27+05:30,1002.3,10,996.12,3825753,418218.0,405947.0,986.2,1002.7,981.3,986.2,120494250,1084.8,887.6,1102.5,649.1,1002.1,100,1,1002.0,25,1,1001.9,146,1,1001.8,1065,3,1001.7,820,6,1002.3,22,2,1002.4,856,12,1002.5,1016,12,1002.6,1263,12,1002.7,2292,24
317,2025-11-26 10:49:28+05:30,1002.1,1,996.12,3825754,417952.0,405980.0,986.2,1002.7,981.3,986.2,120494250,1084.8,887.6,1102.5,649.1,1002.1,99,1,1002.0,25,1,1001.9,146,1,1001.8,1065,3,1001.7,852,9,1002.3,2,1,1002.4,749,12,1002.5,1124,13,1002.6,1263,12,1002.7,2292,24
317,2025-11-26 10:49:28+05:30,1002.1,1,996.12,3825754,417952.0,405980.0,986.2,1002.7,981.3,986.2,120494250,1084.8,887.6,1102.5,649.1,1002.1,99,1,1002.0,25,1,1001.9,146,1,1001.8,1065,3,1001.7,852,9,1002.3,2,1,1002.4,749,12,1002.5,1124,13,1002.6,1263,12,1002.7,2292,24
317,2025-11-26 10:49:29+05:30,1002.1,1,996.12,3825754,417803.0,405368.0,986.2,1002.7,981.3,986.2,120494250,1084.8,887.6,1102.5,649.1,1002.1,99,1,1002.0,45,2,1001.9,146,1,1001.8,871,2,1001.7,901,10,1002.3,2,1,1002.4,679,11,1002.5,1124,13,1002.6,721,11,1002.7,2292,24
317,2025-11-26 10:49:30+05:30,1001.9,146,996.12,3826794,417228.0,409883.0,986.2,1002.7,981.3,986.2,120494250,1084.8,887.6,1102.5,649.1,1001.8,775,1,1001.7,657,5,1001.6,512,6,1001.5,1550,12,1001.4,728,9,1001.9,117,1,1002.0,34,1,1002.1,41,1,1002.2,250,2,1002.3,1125,8
317,2025-11-26 10:49:30+05:30,1001.9,146,996.12,3826794,417228.0,409883.0,986.2,1002.7,981.3,986.2,120494250,1084.8,887.6,1102.5,649.1,1001.8,775,1,1001.7,657,5,1001.6,512,6,1001.5,1550,12,1001.4,728,9,1001.9,117,1,1002.0,34,1,1002.1,41,1,1002.2,250,2,1002.3,1125,8
317,2025-11-26 10:49:31+05:30,1001.9,100,996.12,3826794,417228.0,409883.0,986.2,1002.7,981.3,986.2,120494250,1084.8,887.6,1102.5,649.1,1001.8,775,1,1001.7,657,5,1001.6,512,6,1001.5,1550,12,1001.4,728,9,1001.9,117,1,1002.0,34,1,1002.1,41,1,1002.2,250,2,1002.3,1125,8
317,2025-11-26 10:49:31+05:30,1001.9,100,996.12,3826894,418598.0,410553.0,986.2,1002.7,981.3,986.2,120494250,1084.8,887.6,1102.5,649.1,1001.8,788,2,1001.7,350,2,1001.6,214,2,1001.5,1163,6,1001.4,692,12,1001.9,17,1,1002.0,266,4,1002.1,209,4,1002.2,630,10,1002.3,1286,14
317,2025-11-26 10:49:32+05:30,1002.0,2,996.12,3826894,418598.0,410553.0,986.2,1002.7,981.3,986.2,120494250,1084.8,887.6,1102.5,649.1,1001.8,788,2,1001.7,350,2,1001.6,214,2,1001.5,1163,6,1001.4,692,12,1001.9,17,1,1002.0,266,4,1002.1,209,4,1002.2,630,10,1002.3,1286,14
317,2025-11-26 10:49:32+05:30,1002.0,2,996.12,3826913,418615.0,410095.0,986.2,1002.7,981.3,986.2,120494250,1084.8,887.6,1102.5,649.1,1001.9,43,1,1001.8,788,2,1001.7,292,2,1001.6,194,1,1001.5,1270,7,1002.0,151,2,1002.1,41,1,1002.2,455,6,1002.3,882,12,1002.4,1024,15
317,2025-11-26 10:49:33+05:30,1002.1,522,996.12,3826913,418615.0,410095.0,986.2,1002.7,981.3,986.2,120494250,1084.8,887.6,1102.5,649.1,1001.9,43,1,1001.8,788,2,1001.7,292,2,1001.6,194,1,1001.5,1270,7,1002.0,151,2,1002.1,41,1,1002.2,455,6,1002.3,882,12,1002.4,1024,15
317,2025-11-26 10:49:33+05:30,1002.1,522,996.12,3827665,419576.0,409471.0,986.2,1002.7,981.3,986.2,120494250,1084.8,887.6,1102.5,649.1,1001.9,43,1,1001.8,804,3,1001.7,582,4,1001.6,354,2,1001.5,1270,7,1002.1,96,1,1002.2,160,3,1002.3,831,11,1002.4,843,13,1002.5,1134,17
317,2025-11-26 10:49:34+05:30,1002.1,50,996.12,3827665,419576.0,409471.0,986.2,1002.7,981.3,986.2,120494250,1084.8,887.6,1102.5,649.1,1001.9,43,1,1001.8,804,3,1001.7,582,4,1001.6,354,2,1001.5,1270,7,1002.1,96,1,1002.2,160,3,1002.3,831,11,1002.4,843,13,1002.5,1134,17
317,2025-11-26 10:49:34+05:30,1002.1,50,996.12,3827715,419966.0,408487.0,986.2,1002.7,981.3,986.2,120494250,1084.8,887.6,1102.5,649.1,1002.0,112,1,1001.9,56,2,1001.8,791,2,1001.7,831,6,1001.6,666,6,1002.1,122,2,1002.2,111,2,1002.3,468,8,1002.4,603,10,1002.5,1176,20
317,2025-11-26 10:49:35+05:30,1002.0,13,996.12,3827715,419966.0,408487.0,986.2,1002.7,981.3,986.2,120494250,1084.8,887.6,1102.5,649.1,1002.0,112,1,1001.9,56,2,1001.8,791,2,1001.7,831,6,1001.6,666,6,1002.1,122,2,1002.2,111,2,1002.3,468,8,1002.4,603,10,1002.5,1176,20
317,2025-11-26 10:49:36+05:30,1002.0,13,996.12,3828228,419926.0,408338.0,986.2,1002.7,981.3,986.2,120494250,1084.8,887.6,1102.5,649.1,1002.0,102,2,1001.9,258,3,1001.8,791,2,1001.7,689,5,1001.6,537,6,1002.1,76,1,1002.2,48,1,1002.3,184,5,1002.4,688,11,1002.5,1178,22
317,2025-11-26 10:49:37+05:30,1002.0,13,996.12,3828228,419926.0,408402.0,986.2,1002.7,981.3,986.2,120494250,1084.8,887.6,1102.5,649.1,1002.0,115,3,1001.9,245,2,1001.8,791,2,1001.7,582,4,1001.6,644,7,1002.1,76,1,1002.2,112,2,1002.3,184,5,1002.4,688,11,1002.5,1178,22
317,2025-11-26 10:49:38+05:30,1002.0,13,996.12,3828228,419926.0,408152.0,986.2,1002.7,981.3,986.2,120494250,1084.8,887.6,1102.5,649.1,1002.0,115,3,1001.9,245,2,1001.8,791,2,1001.7,582,4,1001.6,644,7,1002.1,76,1,1002.2,112,2,1002.3,184,5,1002.4,688,11,1002.5,1178,22
317,2025-11-26 10:49:39+05:30,1002.0,13,996.12,3828228,422426.0,408180.0,986.2,1002.7,981.3,986.2,120494250,1084.8,887.6,1102.5,649.1,1002.0,115,3,1001.9,245,2,1001.8,791,2,1001.7,582,4,1001.6,644,7,1002.1,76,1,1002.2,112,2,1002.3,187,6,1002.4,688,11,1002.5,1178,22
317,2025-11-26 10:49:39+05:30,1002.0,4,996.12,3828228,422426.0,408180.0,986.2,1002.7,981.3,986.2,120494250,1084.8,887.6,1102.5,649.1,1002.0,115,3,1001.9,245,2,1001.8,791,2,1001.7,582,4,1001.6,644,7,1002.1,76,1,1002.2,112,2,1002.3,187,6,1002.4,688,11,1002.5,1178,22
317,2025-11-26 10:49:39+05:30,1002.0,4,996.12,3829009,421797.0,405846.0,986.2,1002.7,981.3,986.2,120494250,1084.8,887.6,1102.5,649.1,1002.0,113,3,1001.9,43,1,1001.8,791,2,1001.7,1239,8,1001.6,1296,7,1002.4,569,10,1002.5,1028,15,1002.6,798,13,1002.7,2209,22,1002.8,1809,18
317,2025-11-26 10:49:40+05:30,1002.0,56,996.12,3829009,421797.0,405846.0,986.2,1002.7,981.3,986.2,120494250,1084.8,887.6,1102.5,649.1,1002.0,113,3,1001.9,43,1,1001.8,791,2,1001.7,1239,8,1001.6,1296,7,1002.4,569,10,1002.5,1028,15,1002.6,798,13,1002.7,2209,22,1002.8,1809,18
317,2025-11-26 10:49:40+05:30,1002.2,97,996.12,3829162,421492.0,405969.0,986.2,1002.7,981.3,986.2,120494250,1084.8,887.6,1102.5,649.1,1002.0,157,4,1001.9,133,2,1001.8,985,3,1001.7,1239,8,1001.6,1296,7,1002.2,96,1,1002.4,653,12,1002.5,1033,16,1002.6,1085,14,1002.7,1899,20
317,2025-11-26 10:49:41+05:30,1002.2,97,996.12,3829162,421492.0,405969.0,986.2,1002.7,981.3,986.2,120494250,1084.8,887.6,1102.5,649.1,1002.0,157,4,1001.9,133,2,1001.8,985,3,1001.7,1239,8,1001.6,1296,7,1002.2,96,1,1002.4,653,12,1002.5,1033,16,1002.6,1085,14,1002.7,1899,20
317,2025-11-26 10:49:41+05:30,1002.2,97,996.12,3829162,421561.0,406222.0,986.2,1002.7,981.3,986.2,120494250,1084.8,887.6,1102.5,649.1,1002.0,157,4,1001.9,133,2,1001.8,985,3,1001.7,690,5,1001.6,1296,7,1002.2,96,1,1002.4,658,13,1002.5,1007,14,1002.6,771,9,1002.7,2194,21
317,2025-11-26 10:49:42+05:30,1002.0,1,996.12,3829163,421604.0,407926.0,986.2,1002.7,981.3,986.2,120494250,1084.8,887.6,1102.5,649.1,1002.0,156,4,1001.9,43,1,1001.8,791,2,1001.7,690,5,1001.6,1322,9,1002.2,284,3,1002.3,310,5,1002.4,1082,14,1002.5,1033,16,1002.6,988,13
317,2025-11-26 10:49:43+05:30,1002.2,3,996.12,3829163,421604.0,407926.0,986.2,1002.7,981.3,986.2,120494250,1084.8,887.6,1102.5,649.1,1002.0,156,4,1001.9,43,1,1001.8,791,2,1001.7,690,5,1001.6,1322,9,1002.2,284,3,1002.3,310,5,1002.4,1082,14,1002.5,1033,16,1002.6,988,13
317,2025-11-26 10:49:43+05:30,1002.2,3,996.12,3829166,420727.0,407945.0,986.2,1002.7,981.3,986.2,120494250,1084.8,887.6,1102.5,649.1,1002.0,156,4,1001.9,43,1,1001.8,791,2,1001.7,582,4,1001.6,1134,8,1002.2,427,5,1002.3,268,5,1002.4,561,13,1002.5,1543,17,1002.6,1048,14
317,2025-11-26 10:49:44+05:30,1002.2,33,996.12,3829166,420727.0,407945.0,986.2,1002.7,981.3,986.2,120494250,1084.8,887.6,1102.5,649.1,1002.0,156,4,1001.9,43,1,1001.8,791,2,1001.7,582,4,1001.6,1134,8,1002.2,427,5,1002.3,268,5,1002.4,561,13,1002.5,1543,17,1002.6,1048,14
317,2025-11-26 10:49:44+05:30,1002.2,33,996.12,3829199,420768.0,407912.0,986.2,1002.7,981.3,986.2,120494250,1084.8,887.6,1102.5,649.1,1002.0,223,4,1001.9,43,1,1001.8,791,2,1001.7,582,4,1001.6,1134,8,1002.2,297,4,1002.3,171,4,1002.4,755,15,1002.5,1543,17,1002.6,1048,14
317,2025-11-26 10:49:45+05:30,1002.0,100,996.12,3829199,420768.0,407912.0,986.2,1002.7,981.3,986.2,120494250,1084.8,887.6,1102.5,649.1,1002.0,223,4,1001.9,43,1,1001.8,791,2,1001.7,582,4,1001.6,1134,8,1002.2,297,4,1002.3,171,4,1002.4,755,15,1002.5,1543,17,1002.6,1048,14
317,2025-11-26 10:49:46+05:30,1002.0,100,996.12,3829422,420304.0,409525.0,986.2,1002.7,981.3,986.2,120494250,1084.8,887.6,1102.5,649.1,1001.9,43,1,1001.8,888,3,1001.7,486,3,1001.6,380,4,1001.5,1719,11,1002.0,123,2,1002.2,250,6,1002.3,862,7,1002.4,941,18,1002.5,1354,16
317,2025-11-26 10:49:47+05:30,1001.9,5,996.12,3829427,420330.0,409625.0,986.2,1002.7,981.3,986.2,120494250,1084.8,887.6,1102.5,649.1,1001.9,38,1,1001.8,791,2,1001.7,583,4,1001.6,354,2,1001.5,1745,13,1002.0,123,2,1002.2,347,7,1002.3,765,6,1002.4,915,16,1002.5,1440,19
317,2025-11-26 10:49:47+05:30,1001.9,5,996.12,3829427,420330.0,409625.0,986.2,1002.7,981.3,986.2,120494250,1084.8,887.6,1102.5,649.1,1001.9,38,1,1001.8,791,2,1001.7,583,4,1001.6,354,2,1001.5,1745,13,1002.0,123,2,1002.2,347,7,1002.3,765,6,1002.4,915,16,1002.5,1440,19
317,2025-11-26 10:49:48+05:30,1002.2,124,996.12,3830177,420303.0,407956.0,986.2,1002.7,981.3,986.2,120494250,1084.8,887.6,1102.5,649.1,1001.9,38,1,1001.8,886,3,1001.7,450,3,1001.6,1131,6,1001.5,1656,10,1002.2,65,3,1002.3,56,3,1002.4,1140,13,1002.5,935,13,1002.6,1290,15
317,2025-11-26 10:49:48+05:30,1002.2,124,996.12,3830177,420303.0,407956.0,986.2,1002.7,981.3,986.2,120494250,1084.8,887.6,1102.5,649.1,1001.9,38,1,1001.8,886,3,1001.7,450,3,1001.6,1131,6,1001.5,1656,10,1002.2,65,3,1002.3,56,3,1002.4,1140,13,1002.5,935,13,1002.6,1290,15
317,2025-11-26 10:49:49+05:30,1002.2,37,996.12,3830216,420811.0,408624.0,986.2,1002.7,981.3,986.2,120494250,1084.8,887.6,1102.5,649.1,1001.9,38,1,1001.8,886,3,1001.7,812,6,1001.6,676,6,1001.5,1733,15,1002.2,152,3,1002.3,893,7,1002.4,759,11,1002.5,930,12,1002.6,1586,17
317,2025-11-26 10:49:49+05:30,1002.2,37,996.12,3830216,420811.0,408624.0,986.2,1002.7,981.3,986.2,120494250,1084.8,887.6,1102.5,649.1,1001.9,38,1,1001.8,886,3,1001.7,812,6,1001.6,676,6,1001.5,1733,15,1002.2,152,3,1002.3,893,7,1002.4,759,11,1002.5,930,12,1002.6,1586,17
317,2025-11-26 10:49:50+05:30,1001.7,85,996.13,3831816,420471.0,408040.0,986.2,1002.7,981.3,986.2,120494250,1084.8,887.6,1102.5,649.1,1001.7,855,7,1001.6,1047,6,1001.5,1608,15,1001.4,825,8,1001.3,2747,10,1001.9,96,1,1002.2,587,6,1002.3,1077,10,1002.4,836,14,1002.5,1311,13
317,2025-11-26 10:49:50+05:30,1001.9,22,996.13,3831816,420471.0,408040.0,986.2,1002.7,981.3,986.2,120494250,1084.8,887.6,1102.5,649.1,1001.7,855,7,1001.6,1047,6,1001.5,1608,15,1001.4,825,8,1001.3,2747,10,1001.9,96,1,1002.2,587,6,1002.3,1077,10,1002.4,836,14,1002.5,1311,13
317,2025-11-26 10:49:51+05:30,1001.9,15,996.13,3831853,420465.0,408174.0,986.2,1002.7,981.3,986.2,120494250,1084.8,887.6,1102.5,649.1,1001.7,661,5,1001.6,1270,9,1001.5,1608,15,1001.4,825,8,1001.3,2747,10,1001.9,59,1,1002.2,587,6,1002.3,1016,9,1002.4,836,14,1002.5,1311,13
317,2025-11-26 10:49:51+05:30,1001.9,750,996.13,3831853,420465.0,408174.0,986.2,1002.7,981.3,986.2,120494250,1084.8,887.6,1102.5,649.1,1001.7,661,5,1001.6,1270,9,1001.5,1608,15,1001.4,825,8,1001.3,2747,10,1001.9,59,1,1002.2,587,6,1002.3,1016,9,1002.4,836,14,1002.5,1311,13
317,2025-11-26 10:49:52+05:30,1001.7,1,996.13,3832616,420204.0,408949.0,986.2,1002.7,981.3,986.2,120494250,1084.8,887.6,1102.5,649.1,1001.7,381,3,1001.6,553,5,1001.5,1632,15,1001.4,762,7,1001.3,2747,10,1001.9,84,1,1002.0,126,1,1002.1,61,1,1002.2,582,6,1002.3,1237,12
317,2025-11-26 10:49:52+05:30,1001.7,1,996.13,3832616,420204.0,408949.0,986.2,1002.7,981.3,986.2,120494250,1084.8,887.6,1102.5,649.1,1001.7,381,3,1001.6,553,5,1001.5,1632,15,1001.4,762,7,1001.3,2747,10,1001.9,84,1,1002.0,126,1,1002.1,61,1,1002.2,582,6,1002.3,1237,12
317,2025-11-26 10:49:53+05:30,1002.0,126,996.13,3832896,421401.0,406459.0,986.2,1002.7,981.3,986.2,120494250,1084.8,887.6,1102.5,649.1,1002.1,470,1,1001.7,468,4,1001.6,663,7,1001.5,1689,15,1001.4,886,9,1002.2,416,4,1002.3,519,7,1002.4,497,8,1002.5,904,10,1002.6,785,8
317,2025-11-26 10:49:53+05:30,1002.1,344,996.13,3832896,421401.0,406459.0,986.2,1002.7,981.3,986.2,120494250,1084.8,887.6,1102.5,649.1,1002.1,470,1,1001.7,468,4,1001.6,663,7,1001.5,1689,15,1001.4,886,9,1002.2,416,4,1002.3,519,7,1002.4,497,8,1002.5,904,10,1002.6,785,8
317,2025-11-26 10:49:54+05:30,1002.1,344,996.13,3833366,419596.0,408810.0,986.2,1002.7,981.3,986.2,120494250,1084.8,887.6,1102.5,649.1,1001.8,112,1,1001.7,391,3,1001.6,921,4,1001.5,1716,15,1001.4,826,8,1002.2,674,9,1002.3,784,12,1002.4,1582,17,1002.5,1288,17,1002.6,1203,14
317,2025-11-26 10:49:54+05:30,1002.2,49,996.13,3833366,419596.0,408810.0,986.2,1002.7,981.3,986.2,120494250,1084.8,887.6,1102.5,649.1,1001.8,112,1,1001.7,391,3,1001.6,921,4,1001.5,1716,15,1001.4,826,8,1002.2,674,9,1002.3,784,12,1002.4,1582,17,1002.5,1288,17,1002.6,1203,14
317,2025-11-26 10:49:55+05:30,1002.2,49,996.13,3833416,419596.0,408351.0,986.2,1002.7,981.3,986.2,120494250,1084.8,887.6,1102.5,649.1,1001.8,112,1,1001.7,391,3,1001.6,921,4,1001.5,1216,14,1001.4,826,8,1002.2,624,8,1002.3,774,11,1002.4,914,16,1002.5,1288,17,1002.6,1709,15
317,2025-11-26 10:49:55+05:30,1001.8,10,996.13,3833416,419596.0,408351.0,986.2,1002.7,981.3,986.2,120494250,1084.8,887.6,1102.5,649.1,1001.8,112,1,1001.7,391,3,1001.6,921,4,1001.5,1216,14,1001.4,826,8,1002.2,624,8,1002.3,774,11,1002.4,914,16,1002.5,1288,17,1002.6,1709,15
317,2025-11-26 10:49:56+05:30,1001.8,10,996.13,3833426,419586.0,408808.0,986.2,1002.7,981.3,986.2,120494250,1084.8,887.6,1102.5,649.1,1001.8,102,1,1001.7,391,3,1001.6,921,4,1001.5,1080,12,1001.4,913,9,1002.1,87,1,1002.2,711,9,1002.3,1211,11,1002.4,1116,17,1002.5,1288,17
317,2025-11-26 10:49:56+05:30,1001.7,48,996.13,3833426,419586.0,408808.0,986.2,1002.7,981.3,986.2,120494250,1084.8,887.6,1102.5,649.1,1001.8,102,1,1001.7,391,3,1001.6,921,4,1001.5,1080,12,1001.4,913,9,1002.1,87,1,1002.2,711,9,1002.3,1211,11,1002.4,1116,17,1002.5,1288,17
317,2025-11-26 10:49:57+05:30,1001.7,48,996.13,3833578,419366.0,408806.0,986.2,1002.7,981.3,986.2,120494250,1084.8,887.6,1102.5,649.1,1001.7,343,3,1001.6,727,3,1001.5,1019,11,1001.4,913,9,1001.3,2834,11,1002.2,799,11,1002.3,1211,11,1002.4,1116,17,1002.5,1284,17,1002.6,1223,15
317,2025-11-26 10:49:58+05:30,1002.2,25,996.13,3833603,419366.0,408784.0,986.2,1002.7,981.3,986.2,120494250,1084.8,887.6,1102.5,649.1,1001.7,343,3,1001.6,921,4,1001.5,1019,11,1001.4,913,9,1001.3,2834,11,1002.2,774,11,1002.3,1221,12,1002.4,1106,16,1002.5,1284,17,1002.6,1223,15
317,2025-11-26 10:49:58+05:30,1002.2,25,996.13,3833603,419366.0,408784.0,986.2,1002.7,981.3,986.2,120494250,1084.8,887.6,1102.5,649.1,1001.7,343,3,1001.6,921,4,1001.5,1019,11,1001.4,913,9,1001.3,2834,11,1002.2,774,11,1002.3,1221,12,1002.4,1106,16,1002.5,1284,17,1002.6,1223,15
317,2025-11-26 10:49:59+05:30,1002.2,25,996.13,3833603,419221.0,408316.0,986.2,1002.7,981.3,986.2,120494250,1084.8,887.6,1102.5,649.1,1001.7,341,2,1001.6,993,4,1001.5,1054,8,1001.4,979,14,1001.3,2997,11,1002.1,18,1,1002.2,625,9,1002.3,799,12,1002.4,878,13,1002.5,1310,19
317,2025-11-26 10:50:00+05:30,1001.7,8,996.13,3833611,419065.0,409350.0,986.2,1002.7,981.3,986.2,120494250,1084.8,887.6,1102.5,649.1,1001.7,333,2,1001.6,993,4,1001.5,1056,10,1001.4,892,13,1001.3,2747,10,1001.9,96,1,1002.1,18,1,1002.2,709,10,1002.3,718,12,1002.4,1176,18
317,2025-11-26 10:50:00+05:30,1001.7,8,996.13,3833611,419065.0,409350.0,986.2,1002.7,981.3,986.2,120494250,1084.8,887.6,1102.5,649.1,1001.7,333,2,1001.6,993,4,1001.5,1056,10,1001.4,892,13,1001.3,2747,10,1001.9,96,1,1002.1,18,1,1002.2,709,10,1002.3,718,12,1002.4,1176,18
317,2025-11-26 10:50:01+05:30,1001.9,15,996.13,3833626,419273.0,409537.0,986.2,1002.7,981.3,986.2,120494250,1084.8,887.6,1102.5,649.1,1001.7,333,2,1001.6,993,4,1001.5,993,9,1001.4,892,13,1001.3,2747,10,1001.9,81,1,1002.1,21,2,1002.2,909,11,1002.3,718,12,1002.4,1425,18
317,2025-11-26 10:50:01+05:30,1001.9,15,996.13,3833626,419273.0,409537.0,986.2,1002.7,981.3,986.2,120494250,1084.8,887.6,1102.5,649.1,1001.7,333,2,1001.6,993,4,1001.5,993,9,1001.4,892,13,1001.3,2747,10,1001.9,81,1,1002.1,21,2,1002.2,909,11,1002.3,718,12,1002.4,1425,18
317,2025-11-26 10:50:02+05:30,1001.9,15,996.13,3833626,418999.0,409829.0,986.2,1002.7,981.3,986.2,120494250,1084.8,887.6,1102.5,649.1,1001.7,333,2,1001.6,712,2,1001.5,902,5,1001.4,914,10,1001.3,2824,15,1001.9,81,1,1002.1,392,6,1002.2,920,12,1002.3,920,13,1002.4,1325,16
317,2025-11-26 10:50:02+05:30,1001.9,29,996.13,3833626,418999.0,409829.0,986.2,1002.7,981.3,986.2,120494250,1084.8,887.6,1102.5,649.1,1001.7,333,2,1001.6,712,2,1001.5,902,5,1001.4,914,10,1001.3,2824,15,1001.9,81,1,1002.1,392,6,1002.2,920,12,1002.3,920,13,1002.4,1325,16
317,2025-11-26 10:50:03+05:30,1001.9,8,996.13,3833663,419203.0,409874.0,986.2,1002.7,981.3,986.2,120494250,1084.8,887.6,1102.5,649.1,1001.7,333,2,1001.6,712,2,1001.5,902,5,1001.4,832,11,1001.3,2897,15,1001.9,44,1,1002.0,65,2,1002.1,306,5,1002.2,1006,13,1002.3,920,13
317,2025-11-26 10:50:03+05:30,1001.9,8,996.13,3833663,419203.0,409874.0,986.2,1002.7,981.3,986.2,120494250,1084.8,887.6,1102.5,649.1,1001.7,333,2,1001.6,712,2,1001.5,902,5,1001.4,832,11,1001.3,2897,15,1001.9,44,1,1002.0,65,2,1002.1,306,5,1002.2,1006,13,1002.3,920,13
317,2025-11-26 10:50:04+05:30,1001.9,8,996.13,3833663,419304.0,409312.0,986.2,1002.7,981.3,986.2,120494250,1084.8,887.6,1102.5,649.1,1001.7,433,3,1001.6,712,2,1001.5,988,6,1001.4,832,11,1001.3,2811,14,1001.9,44,1,1002.0,3,1,1002.1,244,4,1002.2,955,13,1002.3,718,12
317,2025-11-26 10:50:05+05:30,1001.7,22,996.13,3834343,418572.0,411417.0,986.2,1002.7,981.3,986.2,120494250,1084.8,887.6,1102.5,649.1,1001.5,822,4,1001.4,1212,8,1001.3,2748,10,1001.2,655,8,1001.1,705,13,1001.7,96,1,1002.0,5,2,1002.1,923,6,1002.2,1345,14,1002.3,1082,14
317,2025-11-26 10:50:05+05:30,1001.7,22,996.13,3834343,418572.0,411417.0,986.2,1002.7,981.3,986.2,120494250,1084.8,887.6,1102.5,649.1,1001.5,822,4,1001.4,1212,8,1001.3,2748,10,1001.2,655,8,1001.1,705,13,1001.7,96,1,1002.0,5,2,1002.1,923,6,1002.2,1345,14,1002.3,1082,14
317,2025-11-26 10:50:06+05:30,1001.5,100,996.13,3834443,418464.0,411111.0,986.2,1002.7,981.3,986.2,120494250,1084.8,887.6,1102.5,649.1,1001.5,368,2,1001.4,1298,9,1001.3,2662,9,1001.2,873,11,1001.1,679,11,1001.7,96,1,1002.0,120,3,1002.1,1210,9,1002.2,1371,16,1002.3,1173,16
317,2025-11-26 10:50:06+05:30,1001.4,35,996.13,3834443,418464.0,411111.0,986.2,1002.7,981.3,986.2,120494250,1084.8,887.6,1102.5,649.1,1001.5,368,2,1001.4,1298,9,1001.3,2662,9,1001.2,873,11,1001.1,679,11,1001.7,96,1,1002.0,120,3,1002.1,1210,9,1002.2,1371,16,1002.3,1173,16
317,2025-11-26 10:50:07+05:30,1001.4,35,996.13,3835143,417674.0,411298.0,986.2,1002.7,981.3,986.2,120494250,1084.8,887.6,1102.5,649.1,1001.4,562,2,1001.3,2425,6,1001.2,786,8,1001.1,934,12,1001.0,1560,17,1001.7,126,2,1001.9,447,5,1002.0,863,11,1002.1,796,10,1002.2,1655,16
317,2025-11-26 10:50:08+05:30,1001.7,5,996.13,3835148,418070.0,411242.0,986.2,1002.7,981.3,986.2,120494250,1084.8,887.6,1102.5,649.1,1001.4,732,3,1001.3,2597,8,1001.2,786,8,1001.1,848,11,1001.0,1666,17,1001.7,91,1,1001.9,370,4,1002.0,1193,14,1002.1,594,9,1002.2,1655,16
317,2025-11-26 10:50:08+05:30,1001.7,5,996.13,3835148,418070.0,411242.0,986.2,1002.7,981.3,986.2,120494250,1084.8,887.6,1102.5,649.1,1001.4,732,3,1001.3,2597,8,1001.2,786,8,1001.1,848,11,1001.0,1666,17,1001.7,91,1,1001.9,370,4,1002.0,1193,14,1002.1,594,9,1002.2,1655,16
317,2025-11-26 10:50:09+05:30,1001.4,100,996.13,3835268,417937.0,411400.0,986.2,1002.7,981.3,986.2,120494250,1084.8,887.6,1102.5,649.1,1001.4,637,4,1001.3,2467,8,1001.2,719,7,1001.1,848,11,1001.0,1666,17,1001.7,81,1,1001.9,370,4,1002.0,1101,12,1002.1,680,10,1002.2,1645,15
317,2025-11-26 10:50:09+05:30,1001.4,100,996.13,3835268,417937.0,411400.0,986.2,1002.7,981.3,986.2,120494250,1084.8,887.6,1102.5,649.1,1001.4,637,4,1001.3,2467,8,1001.2,719,7,1001.1,848,11,1001.0,1666,17,1001.7,81,1,1001.9,370,4,1002.0,1101,12,1002.1,680,10,1002.2,1645,15
317,2025-11-26 10:50:10+05:30,1001.4,12,996.13,3835268,417937.0,411400.0,986.2,1002.7,981.3,986.2,120494250,1084.8,887.6,1102.5,649.1,1001.4,637,4,1001.3,2467,8,1001.2,719,7,1001.1,848,11,1001.0,1666,17,1001.7,81,1,1001.9,370,4,1002.0,1101,12,1002.1,680,10,1002.2,1645,15
317,2025-11-26 10:50:10+05:30,1001.4,12,996.13,3836031,412124.0,414072.0,986.2,1002.7,981.3,986.2,120494250,1084.8,887.6,1102.5,649.1,1001.3,1877,2,1001.2,605,6,1001.1,848,10,1001.0,1364,17,1000.9,1126,14,1001.4,69,1,1001.5,96,1,1001.8,369,5,1001.9,1269,8,1002.0,1525,17
317,2025-11-26 10:50:11+05:30,1001.7,266,996.13,3836947,412577.0,412920.0,986.2,1002.7,981.3,986.2,120494250,1084.8,887.6,1102.5,649.1,1001.3,1895,3,1001.2,313,4,1001.1,711,6,1001.0,1503,18,1000.9,1910,19,1001.8,360,5,1001.9,706,8,1002.0,1159,17,1002.1,1296,11,1002.2,1259,14
317,2025-11-26 10:50:11+05:30,1001.7,266,996.13,3836947,412577.0,412920.0,986.2,1002.7,981.3,986.2,120494250,1084.8,887.6,1102.5,649.1,1001.3,1895,3,1001.2,313,4,1001.1,711,6,1001.0,1503,18,1000.9,1910,19,1001.8,360,5,1001.9,706,8,1002.0,1159,17,1002.1,1296,11,1002.2,1259,14
317,2025-11-26 10:50:12+05:30,1001.7,266,996.13,3836947,414490.0,413698.0,986.2,1002.7,981.3,986.2,120494250,1084.8,887.6,1102.5,649.1,1001.4,626,3,1001.3,2046,5,1001.2,448,6,1001.1,792,10,1001.0,1668,18,1001.8,168,4,1001.9,572,6,1002.0,1153,16,1002.1,1363,12,1002.2,1541,21
317,2025-11-26 10:50:13+05:30,1001.7,3,996.13,3836947,414490.0,413698.0,986.2,1002.7,981.3,986.2,120494250,1084.8,887.6,1102.5,649.1,1001.4,626,3,1001.3,2046,5,1001.2,448,6,1001.1,792,10,1001.0,1668,18,1001.8,168,4,1001.9,572,6,1002.0,1153,16,1002.1,1363,12,1002.2,1541,21
317,2025-11-26 10:50:13+05:30,1001.7,3,996.13,3837152,414373.0,413494.0,986.2,1002.7,981.3,986.2,120494250,1084.8,887.6,1102.5,649.1,1001.3,1895,3,1001.2,1127,9,1001.1,732,9,1001.0,1318,16,1000.9,1247,15,1001.7,197,1,1001.8,214,4,1001.9,478,5,1002.0,1286,17,1002.1,1107,12
317,2025-11-26 10:50:14+05:30,1001.7,20,996.13,3837152,414373.0,413494.0,986.2,1002.7,981.3,986.2,120494250,1084.8,887.6,1102.5,649.1,1001.3,1895,3,1001.2,1127,9,1001.1,732,9,1001.0,1318,16,1000.9,1247,15,1001.7,197,1,1001.8,214,4,1001.9,478,5,1002.0,1286,17,1002.1,1107,12
317,2025-11-26 10:50:14+05:30,1001.7,20,996.13,3837172,414489.0,414128.0,986.2,1002.7,981.3,986.2,120494250,1084.8,887.6,1102.5,649.1,1001.4,609,2,1001.3,2172,5,1001.2,509,7,1001.1,732,9,1001.0,1318,16,1001.7,177,1,1001.8,126,3,1001.9,478,5,1002.0,1286,17,1002.1,857,11
317,2025-11-26 10:50:15+05:30,1001.7,50,996.13,3837172,414489.0,414128.0,986.2,1002.7,981.3,986.2,120494250,1084.8,887.6,1102.5,649.1,1001.4,609,2,1001.3,2172,5,1001.2,509,7,1001.1,732,9,1001.0,1318,16,1001.7,177,1,1001.8,126,3,1001.9,478,5,1002.0,1286,17,1002.1,857,11
317,2025-11-26 10:50:15+05:30,1001.4,1,996.13,3837223,414493.0,414285.0,986.2,1002.7,981.3,986.2,120494250,1084.8,887.6,1102.5,649.1,1001.4,608,2,1001.3,1895,3,1001.2,594,8,1001.1,732,9,1001.0,1318,16,1001.7,127,1,1001.8,126,3,1001.9,477,4,1002.0,1288,19,1002.1,857,11
317,2025-11-26 10:50:16+05:30,1001.4,389,996.13,3837223,414493.0,414285.0,986.2,1002.7,981.3,986.2,120494250,1084.8,887.6,1102.5,649.1,1001.4,608,2,1001.3,1895,3,1001.2,594,8,1001.1,732,9,1001.0,1318,16,1001.7,127,1,1001.8,126,3,1001.9,477,4,1002.0,1288,19,1002.1,857,11
317,2025-11-26 10:50:16+05:30,1001.4,389,996.13,3837723,414459.0,412957.0,986.2,1002.7,981.3,986.2,120494250,1084.8,887.6,1102.5,649.1,1001.3,2007,5,1001.2,1029,8,1001.1,706,7,1001.0,1344,18,1000.9,1247,15,1001.7,127,1,1001.8,214,4,1001.9,433,5,1002.0,1299,20,1002.1,1002,11
317,2025-11-26 10:50:17+05:30,1001.3,460,996.13,3837723,414459.0,412957.0,986.2,1002.7,981.3,986.2,120494250,1084.8,887.6,1102.5,649.1,1001.3,2007,5,1001.2,1029,8,1001.1,706,7,1001.0,1344,18,1000.9,1247,15,1001.7,127,1,1001.8,214,4,1001.9,433,5,1002.0,1299,20,1002.1,1002,11
317,2025-11-26 10:50:17+05:30,1001.3,460,996.13,3838283,413680.0,414811.0,986.2,1002.7,981.3,986.2,120494250,1084.8,887.6,1102.5,649.1,1001.3,1335,2,1001.2,625,3,1001.1,729,7,1001.0,1369,18,1000.9,1021,15,1001.5,45,2,1001.6,26,1,1001.7,404,3,1001.8,191,3,1001.9,707,10
317,2025-11-26 10:50:18+05:30,1001.3,460,996.13,3838283,413886.0,415075.0,986.2,1002.7,981.3,986.2,120494250,1084.8,887.6,1102.5,649.1,1001.3,1335,2,1001.2,576,2,1001.1,729,7,1001.0,1343,16,1000.9,995,15,1001.5,45,2,1001.6,26,1,1001.7,319,2,1001.8,338,5,1001.9,707,10
317,2025-11-26 10:50:19+05:30,1001.5,1,996.13,3838283,413886.0,415075.0,986.2,1002.7,981.3,986.2,120494250,1084.8,887.6,1102.5,649.1,1001.3,1335,2,1001.2,576,2,1001.1,729,7,1001.0,1343,16,1000.9,995,15,1001.5,45,2,1001.6,26,1,1001.7,319,2,1001.8,338,5,1001.9,707,10
317,2025-11-26 10:50:20+05:30,1001.5,1,996.13,3838299,415954.0,415122.0,986.2,1002.7,981.3,986.2,120494250,1084.8,887.6,1102.5,649.1,1001.3,1335,2,1001.2,2,1,1001.1,723,6,1001.0,1375,19,1000.9,1804,15,1001.6,26,1,1001.7,394,3,1001.8,570,9,1001.9,1287,12,1002.0,1536,17
317,2025-11-26 10:50:20+05:30,1001.5,1,996.13,3838299,415540.0,414976.0,986.2,1002.7,981.3,986.2,120494250,1084.8,887.6,1102.5,649.1,1001.3,1338,3,1001.2,172,3,1001.1,475,3,1001.0,1258,15,1000.9,1580,16,1001.4,96,1,1001.6,28,2,1001.7,394,3,1001.8,984,8,1001.9,728,12
317,2025-11-26 10:50:21+05:30,1001.3,2,996.13,3838299,415540.0,414976.0,986.2,1002.7,981.3,986.2,120494250,1084.8,887.6,1102.5,649.1,1001.3,1338,3,1001.2,172,3,1001.1,475,3,1001.0,1258,15,1000.9,1580,16,1001.4,96,1,1001.6,28,2,1001.7,394,3,1001.8,984,8,1001.9,728,12
317,2025-11-26 10:50:21+05:30,1001.3,2,996.13,3838306,415041.0,415001.0,986.2,1002.7,981.3,986.2,120494250,1084.8,887.6,1102.5,649.1,1001.3,1331,3,1001.2,2,1,1001.1,573,4,1001.0,1382,18,1000.9,1554,14,1001.4,96,1,1001.6,28,2,1001.7,394,3,1001.8,985,9,1001.9,727,11
317,2025-11-26 10:50:22+05:30,1001.4,50,996.13,3838306,415041.0,415001.0,986.2,1002.7,981.3,986.2,120494250,1084.8,887.6,1102.5,649.1,1001.3,1331,3,1001.2,2,1,1001.1,573,4,1001.0,1382,18,1000.9,1554,14,1001.4,96,1,1001.6,28,2,1001.7,394,3,1001.8,985,9,1001.9,727,11
317,2025-11-26 10:50:22+05:30,1001.4,50,996.13,3838356,415041.0,415052.0,986.2,1002.7,981.3,986.2,120494250,1084.8,887.6,1102.5,649.1,1001.3,1331,3,1001.2,2,1,1001.1,573,4,1001.0,1382,18,1000.9,1554,14,1001.4,46,1,1001.6,28,2,1001.7,394,3,1001.8,985,9,1001.9,727,11
317,2025-11-26 10:50:23+05:30,1001.4,21,996.13,3838356,415041.0,415052.0,986.2,1002.7,981.3,986.2,120494250,1084.8,887.6,1102.5,649.1,1001.3,1331,3,1001.2,2,1,1001.1,573,4,1001.0,1382,18,1000.9,1554,14,1001.4,46,1,1001.6,28,2,1001.7,394,3,1001.8,985,9,1001.9,727,11
317,2025-11-26 10:50:23+05:30,1001.3,50,996.13,3838427,414988.0,415187.0,986.2,1002.7,981.3,986.2,120494250,1084.8,887.6,1102.5,649.1,1001.3,1278,2,1001.2,2,1,1001.1,573,4,1001.0,1382,18,1000.9,1554,14,1001.4,25,1,1001.6,153,3,1001.7,394,3,1001.8,985,9,1001.9,727,11
317,2025-11-26 10:50:24+05:30,1001.8,17,996.13,3838427,414988.0,415187.0,986.2,1002.7,981.3,986.2,120494250,1084.8,887.6,1102.5,649.1,1001.3,1278,2,1001.2,2,1,1001.1,573,4,1001.0,1382,18,1000.9,1554,14,1001.4,25,1,1001.6,153,3,1001.7,394,3,1001.8,985,9,1001.9,727,11
317,2025-11-26 10:50:24+05:30,1001.8,17,996.14,3840291,414275.0,413895.0,986.2,1002.7,981.3,986.2,120494250,1084.8,887.6,1102.5,649.1,1001.3,1277,3,1001.2,90,2,1001.1,1056,6,1001.0,1242,17,1000.9,1247,15,1001.7,98,1,1001.8,584,9,1001.9,1220,11,1002.0,1083,17,1002.1,2020,22
317,2025-11-26 10:50:25+05:30,1001.3,700,996.14,3840291,414275.0,413895.0,986.2,1002.7,981.3,986.2,120494250,1084.8,887.6,1102.5,649.1,1001.3,1277,3,1001.2,90,2,1001.1,1056,6,1001.0,1242,17,1000.9,1247,15,1001.7,98,1,1001.8,584,9,1001.9,1220,11,1002.0,1083,17,1002.1,2020,22
317,2025-11-26 10:50:25+05:30,1001.3,700,996.14,3840991,413521.0,414550.0,986.2,1002.7,981.3,986.2,120494250,1084.8,887.6,1102.5,649.1,1001.3,564,2,1001.2,2,1,1001.1,1043,5,1001.0,1202,17,1000.9,955,13,1001.7,310,6,1001.8,369,6,1001.9,796,12,1002.0,1537,21,1002.1,1653,22
317,2025-11-26 10:50:26+05:30,1001.3,700,996.14,3840991,413947.0,415064.0,986.2,1002.7,981.3,986.2,120494250,1084.8,887.6,1102.5,649.1,1001.3,577,3,1001.2,875,7,1001.1,621,6,1001.0,1239,16,1000.9,1205,14,1001.7,274,5,1001.8,310,5,1001.9,858,13,1002.0,1302,21,1002.1,2075,23
317,2025-11-26 10:50:27+05:30,1001.3,700,996.14,3840991,413844.0,414930.0,986.2,1002.7,981.3,986.2,120494250,1084.8,887.6,1102.5,649.1,1001.3,577,3,1001.2,875,7,1001.1,621,6,1001.0,1239,16,1000.9,1205,14,1001.7,274,5,1001.8,310,5,1001.9,907,14,1002.0,1862,22,1002.1,2075,23
317,2025-11-26 10:50:28+05:30,1001.3,700,996.14,3840991,413908.0,414600.0,986.2,1002.7,981.3,986.2,120494250,1084.8,887.6,1102.5,649.1,1001.3,577,3,1001.2,875,7,1001.1,621,6,1001.0,1179,15,1000.9,1205,14,1001.7,173,4,1001.8,222,4,1001.9,833,14,1002.0,1793,21,1002.1,2075,23
317,2025-11-26 10:50:29+05:30,1001.3,700,996.14,3840991,413933.0,414600.0,986.2,1002.7,981.3,986.2,120494250,1084.8,887.6,1102.5,649.1,1001.3,577,3,1001.2,875,7,1001.1,621,6,1001.0,1159,14,1000.9,1205,14,1001.7,173,4,1001.8,222,4,1001.9,833,14,1002.0,1793,21,1002.1,2075,23
317,2025-11-26 10:50:30+05:30,1001.3,8,996.14,3840991,413933.0,414600.0,986.2,1002.7,981.3,986.2,120494250,1084.8,887.6,1102.5,649.1,1001.3,577,3,1001.2,875,7,1001.1,621,6,1001.0,1159,14,1000.9,1205,14,1001.7,173,4,1001.8,222,4,1001.9,833,14,1002.0,1793,21,1002.1,2075,23
317,2025-11-26 10:50:30+05:30,1001.3,8,996.14,3841749,414264.0,415447.0,986.2,1002.7,981.3,986.2,120494250,1084.8,887.6,1102.5,649.1,1001.3,867,6,1001.2,679,5,1001.1,550,5,1001.0,1143,16,1000.9,910,10,1001.5,96,1,1001.6,31,1,1001.7,27,2,1001.8,290,6,1001.9,1273,13
317,2025-11-26 10:50:31+05:30,1001.5,10,996.14,3841759,414592.0,415341.0,986.2,1002.7,981.3,986.2,120494250,1084.8,887.6,1102.5,649.1,1001.3,768,5,1001.2,778,6,1001.1,599,6,1001.0,1206,17,1000.9,1362,12,1001.5,86,1,1001.6,31,1,1001.7,27,2,1001.8,228,5,1001.9,716,13
317,2025-11-26 10:50:32+05:30,1001.5,10,996.14,3841759,414592.0,415341.0,986.2,1002.7,981.3,986.2,120494250,1084.8,887.6,1102.5,649.1,1001.3,768,5,1001.2,778,6,1001.1,599,6,1001.0,1206,17,1000.9,1362,12,1001.5,86,1,1001.6,31,1,1001.7,27,2,1001.8,228,5,1001.9,716,13
317,2025-11-26 10:50:32+05:30,1001.5,10,996.14,3841759,414610.0,415321.0,986.2,1002.7,981.3,986.2,120494250,1084.8,887.6,1102.5,649.1,1001.3,768,5,1001.2,778,6,1001.1,599,6,1001.0,1206,17,1000.9,1362,12,1001.5,86,1,1001.6,36,2,1001.7,27,2,1001.8,223,4,1001.9,711,12
317,2025-11-26 10:50:34+05:30,1001.7,176,996.14,3842509,414165.0,413714.0,986.2,1002.7,981.3,986.2,120494250,1084.8,887.6,1102.5,649.1,1001.3,669,4,1001.2,783,3,1001.1,509,4,1001.0,1235,14,1000.9,1004,12,1001.8,682,9,1001.9,592,9,1002.0,1725,19,1002.1,2138,24,1002.2,1266,14
317,2025-11-26 10:50:34+05:30,1001.5,44,996.14,3842509,414165.0,413714.0,986.2,1002.7,981.3,986.2,120494250,1084.8,887.6,1102.5,649.1,1001.3,669,4,1001.2,783,3,1001.1,509,4,1001.0,1235,14,1000.9,1004,12,1001.8,682,9,1001.9,592,9,1002.0,1725,19,1002.1,2138,24,1002.2,1266,14
317,2025-11-26 10:50:35+05:30,1001.5,44,996.14,3843303,414713.0,413038.0,986.2,1002.7,981.3,986.2,120494250,1084.8,887.6,1102.5,649.1,1001.4,115,2,1001.3,669,4,1001.2,937,6,1001.1,985,12,1001.0,1450,20,1001.8,152,3,1001.9,454,10,1002.0,1249,19,1002.1,1537,10,1002.2,2018,24
317,2025-11-26 10:50:35+05:30,1001.4,65,996.14,3843303,414713.0,413038.0,986.2,1002.7,981.3,986.2,120494250,1084.8,887.6,1102.5,649.1,1001.4,115,2,1001.3,669,4,1001.2,937,6,1001.1,985,12,1001.0,1450,20,1001.8,152,3,1001.9,454,10,1002.0,1249,19,1002.1,1537,10,1002.2,2018,24
317,2025-11-26 10:50:36+05:30,1001.4,65,996.14,3843368,414633.0,413105.0,986.2,1002.7,981.3,986.2,120494250,1084.8,887.6,1102.5,649.1,1001.4,63,3,1001.3,656,3,1001.2,838,5,1001.1,1097,14,1001.0,1437,19,1001.8,348,5,1001.9,616,12,1002.0,1150,18,1002.1,1537,10,1002.2,1826,23
317,2025-11-26 10:50:36+05:30,1001.8,75,996.14,3843368,414633.0,413105.0,986.2,1002.7,981.3,986.2,120494250,1084.8,887.6,1102.5,649.1,1001.4,63,3,1001.3,656,3,1001.2,838,5,1001.1,1097,14,1001.0,1437,19,1001.8,348,5,1001.9,616,12,1002.0,1150,18,1002.1,1537,10,1002.2,1826,23
317,2025-11-26 10:50:37+05:30,1001.8,75,996.14,3844119,415255.0,411328.0,986.2,1002.7,981.3,986.2,120494250,1084.8,887.6,1102.5,649.1,1001.5,87,1,1001.4,638,4,1001.3,959,5,1001.2,378,5,1001.1,958,13,1001.9,378,7,1002.0,811,15,1002.1,868,9,1002.2,1769,22,1002.3,1463,17
317,2025-11-26 10:50:37+05:30,1001.9,56,996.14,3844119,415255.0,411328.0,986.2,1002.7,981.3,986.2,120494250,1084.8,887.6,1102.5,649.1,1001.5,87,1,1001.4,638,4,1001.3,959,5,1001.2,378,5,1001.1,958,13,1001.9,378,7,1002.0,811,15,1002.1,868,9,1002.2,1769,22,1002.3,1463,17
317,2025-11-26 10:50:38+05:30,1001.9,56,996.14,3844175,416623.0,409744.0,986.2,1002.7,981.3,986.2,120494250,1084.8,887.6,1102.5,649.1,1001.6,76,2,1001.5,483,4,1001.4,1117,6,1001.3,1454,9,1001.2,1192,8,1001.9,4,2,1002.0,385,10,1002.1,870,9,1002.2,1270,12,1002.3,737,9
317,2025-11-26 10:50:38+05:30,1001.9,7,996.14,3844175,416623.0,409744.0,986.2,1002.7,981.3,986.2,120494250,1084.8,887.6,1102.5,649.1,1001.6,76,2,1001.5,483,4,1001.4,1117,6,1001.3,1454,9,1001.2,1192,8,1001.9,4,2,1002.0,385,10,1002.1,870,9,1002.2,1270,12,1002.3,737,9
317,2025-11-26 10:50:39+05:30,1001.9,7,996.14,3844197,417017.0,408729.0,986.2,1002.7,981.3,986.2,120494250,1084.8,887.6,1102.5,649.1,1001.6,81,3,1001.5,880,4,1001.4,800,6,1001.3,1401,9,1001.2,1200,10,1002.0,204,7,1002.1,241,2,1002.2,1401,14,1002.3,776,13,1002.4,1458,20
317,2025-11-26 10:50:39+05:30,1001.6,1,996.14,3844197,417017.0,408729.0,986.2,1002.7,981.3,986.2,120494250,1084.8,887.6,1102.5,649.1,1001.6,81,3,1001.5,880,4,1001.4,800,6,1001.3,1401,9,1001.2,1200,10,1002.0,204,7,1002.1,241,2,1002.2,1401,14,1002.3,776,13,1002.4,1458,20
317,2025-11-26 10:50:40+05:30,1001.6,1,996.14,3844199,416488.0,409934.0,986.2,1002.7,981.3,986.2,120494250,1084.8,887.6,1102.5,649.1,1001.6,79,3,1001.5,678,3,1001.4,687,5,1001.3,1401,9,1001.2,1200,10,1002.0,597,12,1002.1,776,10,1002.2,1342,14,1002.3,1513,14,1002.4,1511,21
317,2025-11-26 10:50:40+05:30,1001.6,1,996.14,3844199,416488.0,409934.0,986.2,1002.7,981.3,986.2,120494250,1084.8,887.6,1102.5,649.1,1001.6,79,3,1001.5,678,3,1001.4,687,5,1001.3,1401,9,1001.2,1200,10,1002.0,597,12,1002.1,776,10,1002.2,1342,14,1002.3,1513,14,1002.4,1511,21
317,2025-11-26 10:50:41+05:30,1001.6,1,996.14,3844199,415055.0,411632.0,986.2,1002.7,981.3,986.2,120494250,1084.8,887.6,1102.5,649.1,1001.6,79,3,1001.5,89,2,1001.4,843,3,1001.3,1112,6,1001.2,589,9,1001.7,183,2,1001.9,102,2,1002.0,768,16,1002.1,1219,10,1002.2,1592,15
317,2025-11-26 10:50:42+05:30,1001.6,1,996.14,3844199,415053.0,411597.0,986.2,1002.7,981.3,986.2,120494250,1084.8,887.6,1102.5,649.1,1001.6,79,3,1001.5,87,1,1001.4,843,3,1001.3,1112,6,1001.2,589,9,1001.7,183,2,1001.9,102,2,1002.0,768,16,1002.1,677,9,1002.2,1652,16
317,2025-11-26 10:50:42+05:30,1001.6,19,996.14,3844199,415053.0,411597.0,986.2,1002.7,981.3,986.2,120494250,1084.8,887.6,1102.5,649.1,1001.6,79,3,1001.5,87,1,1001.4,843,3,1001.3,1112,6,1001.2,589,9,1001.7,183,2,1001.9,102,2,1002.0,768,16,1002.1,677,9,1002.2,1652,16
317,2025-11-26 10:50:43+05:30,1001.6,19,996.14,3844223,415018.0,412143.0,986.2,1002.7,981.3,986.2,120494250,1084.8,887.6,1102.5,649.1,1001.6,60,3,1001.5,87,1,1001.4,476,1,1001.3,1020,5,1001.2,854,11,1001.7,178,2,1001.8,93,1,1001.9,538,6,1002.0,676,15,1002.1,796,13
317,2025-11-26 10:50:44+05:30,1001.7,2,996.14,3844255,414988.0,412033.0,986.2,1002.7,981.3,986.2,120494250,1084.8,887.6,1102.5,649.1,1001.6,30,2,1001.5,87,1,1001.4,476,1,1001.3,1005,4,1001.2,746,9,1001.7,176,2,1001.8,93,1,1001.9,594,7,1002.0,750,16,1002.1,796,13
317,2025-11-26 10:50:44+05:30,1001.7,2,996.14,3844255,414988.0,412033.0,986.2,1002.7,981.3,986.2,120494250,1084.8,887.6,1102.5,649.1,1001.6,30,2,1001.5,87,1,1001.4,476,1,1001.3,1005,4,1001.2,746,9,1001.7,176,2,1001.8,93,1,1001.9,594,7,1002.0,750,16,1002.1,796,13
317,2025-11-26 10:50:45+05:30,1001.7,2,996.14,3844255,414988.0,411110.0,986.2,1002.7,981.3,986.2,120494250,1084.8,887.6,1102.5,649.1,1001.6,30,2,1001.5,87,1,1001.4,476,1,1001.3,1005,4,1001.2,746,9,1001.7,176,2,1001.8,93,1,1001.9,594,7,1002.0,837,16,1002.1,796,13
317,2025-11-26 10:50:45+05:30,1001.6,196,996.14,3844255,414988.0,411110.0,986.2,1002.7,981.3,986.2,120494250,1084.8,887.6,1102.5,649.1,1001.6,30,2,1001.5,87,1,1001.4,476,1,1001.3,1005,4,1001.2,746,9,1001.7,176,2,1001.8,93,1,1001.9,594,7,1002.0,837,16,1002.1,796,13
317,2025-11-26 10:50:46+05:30,1001.6,20,996.14,3844514,414861.0,412660.0,986.2,1002.7,981.3,986.2,120494250,1084.8,887.6,1102.5,649.1,1001.4,10,1,1001.3,730,3,1001.2,641,7,1001.1,1174,9,1001.0,1579,20,1001.6,63,1,1001.7,87,1,1001.8,255,3,1001.9,560,6,1002.0,1478,19
317,2025-11-26 10:50:46+05:30,1001.2,10,996.14,3844514,414861.0,412660.0,986.2,1002.7,981.3,986.2,120494250,1084.8,887.6,1102.5,649.1,1001.4,10,1,1001.3,730,3,1001.2,641,7,1001.1,1174,9,1001.0,1579,20,1001.6,63,1,1001.7,87,1,1001.8,255,3,1001.9,560,6,1002.0,1478,19
317,2025-11-26 10:50:47+05:30,1001.6,1,996.14,3845265,414655.0,416624.0,986.2,1002.7,981.3,986.2,120494250,1084.8,887.6,1102.5,649.1,1001.3,179,2,1001.2,1329,9,1001.1,563,7,1001.0,1599,21,1000.9,1183,13,1001.6,62,1,1001.7,87,1,1001.8,364,4,1001.9,1150,10,1002.0,922,18
317,2025-11-26 10:50:47+05:30,1001.6,1,996.14,3845265,414655.0,416624.0,986.2,1002.7,981.3,986.2,120494250,1084.8,887.6,1102.5,649.1,1001.3,179,2,1001.2,1329,9,1001.1,563,7,1001.0,1599,21,1000.9,1183,13,1001.6,62,1,1001.7,87,1,1001.8,364,4,1001.9,1150,10,1002.0,922,18
317,2025-11-26 10:50:48+05:30,1001.6,1,996.14,3845265,414661.0,417912.0,986.2,1002.7,981.3,986.2,120494250,1084.8,887.6,1102.5,649.1,1001.3,179,2,1001.2,1302,8,1001.1,563,7,1001.0,1599,21,1000.9,1183,13,1001.6,62,1,1001.7,87,1,1001.8,364,4,1001.9,656,9,1002.0,922,18
317,2025-11-26 10:50:49+05:30,1001.6,1,996.14,3845265,414172.0,419380.0,986.2,1002.7,981.3,986.2,120494250,1084.8,887.6,1102.5,649.1,1001.2,785,4,1001.1,681,10,1001.0,1401,16,1000.9,957,13,1000.8,1680,10,1001.5,26,1,1001.6,126,2,1001.7,539,4,1001.8,364,4,1001.9,1228,12
317,2025-11-26 10:50:50+05:30,1001.1,13,996.15,3847225,411611.0,419449.0,986.2,1002.7,981.3,986.2,120494250,1084.8,887.6,1102.5,649.1,1001.1,28,1,1001.0,755,11,1000.9,912,10,1000.8,926,8,1000.7,1726,10,1001.2,82,1,1001.6,151,2,1001.7,482,5,1001.8,1474,10,1001.9,1033,13
317,2025-11-26 10:50:50+05:30,1001.2,82,996.15,3847225,411611.0,419449.0,986.2,1002.7,981.3,986.2,120494250,1084.8,887.6,1102.5,649.1,1001.1,28,1,1001.0,755,11,1000.9,912,10,1000.8,926,8,1000.7,1726,10,1001.2,82,1,1001.6,151,2,1001.7,482,5,1001.8,1474,10,1001.9,1033,13
317,2025-11-26 10:50:51+05:30,1001.1,478,996.15,3848052,413158.0,418364.0,986.2,1002.7,981.3,986.2,120494250,1084.8,887.6,1102.5,649.1,1001.1,706,3,1001.0,1114,14,1000.9,807,9,1000.8,1104,12,1000.7,1102,14,1001.6,201,5,1001.7,1131,10,1001.8,719,8,1001.9,872,12,1002.0,1720,25
317,2025-11-26 10:50:51+05:30,1001.1,478,996.15,3848052,413158.0,418364.0,986.2,1002.7,981.3,986.2,120494250,1084.8,887.6,1102.5,649.1,1001.1,706,3,1001.0,1114,14,1000.9,807,9,1000.8,1104,12,1000.7,1102,14,1001.6,201,5,1001.7,1131,10,1001.8,719,8,1001.9,872,12,1002.0,1720,25
317,2025-11-26 10:50:52+05:30,1001.1,478,996.15,3848052,413396.0,418419.0,986.2,1002.7,981.3,986.2,120494250,1084.8,887.6,1102.5,649.1,1001.1,624,2,1001.0,1055,14,1000.9,980,10,1000.8,1300,14,1000.7,1102,14,1001.6,201,5,1001.7,1031,10,1001.8,824,9,1001.9,1385,13,1002.0,1725,26
317,2025-11-26 10:50:52+05:30,1001.1,10,996.15,3848052,413396.0,418419.0,986.2,1002.7,981.3,986.2,120494250,1084.8,887.6,1102.5,649.1,1001.1,624,2,1001.0,1055,14,1000.9,980,10,1000.8,1300,14,1000.7,1102,14,1001.6,201,5,1001.7,1031,10,1001.8,824,9,1001.9,1385,13,1002.0,1725,26
317,2025-11-26 10:50:53+05:30,1001.1,10,996.15,3848062,413291.0,419048.0,986.2,1002.7,981.3,986.2,120494250,1084.8,887.6,1102.5,649.1,1001.1,614,2,1001.0,1160,15,1000.9,875,9,1000.8,1211,12,1000.7,1102,14,1001.5,90,1,1001.6,248,5,1001.7,1023,9,1001.8,836,11,1001.9,1393,14
317,2025-11-26 10:50:53+05:30,1001.1,10,996.15,3848062,413291.0,419048.0,986.2,1002.7,981.3,986.2,120494250,1084.8,887.6,1102.5,649.1,1001.1,614,2,1001.0,1160,15,1000.9,875,9,1000.8,1211,12,1000.7,1102,14,1001.5,90,1,1001.6,248,5,1001.7,1023,9,1001.8,836,11,1001.9,1393,14
317,2025-11-26 10:50:54+05:30,1001.5,16,996.15,3848272,413529.0,419033.0,986.2,1002.7,981.3,986.2,120494250,1084.8,887.6,1102.5,649.1,1001.2,112,1,1001.1,901,4,1001.0,1006,13,1000.9,875,9,1000.8,961,11,1001.5,74,1,1001.6,220,4,1001.7,894,8,1001.8,750,9,1001.9,1385,13
317,2025-11-26 10:50:54+05:30,1001.5,16,996.15,3848272,413529.0,419033.0,986.2,1002.7,981.3,986.2,120494250,1084.8,887.6,1102.5,649.1,1001.2,112,1,1001.1,901,4,1001.0,1006,13,1000.9,875,9,1000.8,961,11,1001.5,74,1,1001.6,220,4,1001.7,894,8,1001.8,750,9,1001.9,1385,13
317,2025-11-26 10:50:55+05:30,1001.5,16,996.15,3848272,413560.0,423306.0,986.2,1002.7,981.3,986.2,120494250,1084.8,887.6,1102.5,649.1,1001.2,112,1,1001.1,880,3,1001.0,1055,14,1000.9,875,9,1000.8,961,11,1001.5,74,1,1001.6,220,4,1001.7,845,7,1001.8,750,9,1001.9,1385,13
317,2025-11-26 10:50:55+05:30,1001.2,20,996.15,3848272,413560.0,423306.0,986.2,1002.7,981.3,986.2,120494250,1084.8,887.6,1102.5,649.1,1001.2,112,1,1001.1,880,3,1001.0,1055,14,1000.9,875,9,1000.8,961,11,1001.5,74,1,1001.6,220,4,1001.7,845,7,1001.8,750,9,1001.9,1385,13
317,2025-11-26 10:50:56+05:30,1001.2,20,996.15,3848292,413540.0,423306.0,986.2,1002.7,981.3,986.2,120494250,1084.8,887.6,1102.5,649.1,1001.2,92,1,1001.1,880,3,1001.0,1055,14,1000.9,875,9,1000.8,961,11,1001.5,74,1,1001.6,220,4,1001.7,845,7,1001.8,750,9,1001.9,1385,13
317,2025-11-26 10:50:57+05:30,1001.2,30,996.15,3848322,413941.0,423347.0,986.2,1002.7,981.3,986.2,120494250,1084.8,887.6,1102.5,649.1,1001.2,62,1,1001.1,563,2,1001.0,1160,15,1000.9,875,9,1000.8,961,11,1001.5,74,1,1001.6,404,6,1001.7,1432,8,1001.8,756,10,1001.9,1130,14
317,2025-11-26 10:50:57+05:30,1001.1,336,996.15,3848322,413941.0,423347.0,986.2,1002.7,981.3,986.2,120494250,1084.8,887.6,1102.5,649.1,1001.2,62,1,1001.1,563,2,1001.0,1160,15,1000.9,875,9,1000.8,961,11,1001.5,74,1,1001.6,404,6,1001.7,1432,8,1001.8,756,10,1001.9,1130,14
317,2025-11-26 10:50:58+05:30,1001.1,336,996.15,3848722,413746.0,428841.0,986.2,1002.7,981.3,986.2,120494250,1084.8,887.6,1102.5,649.1,1001.1,2,1,1001.0,1396,14,1000.9,875,9,1000.8,961,11,1000.7,1082,13,1001.4,13,1,1001.5,160,3,1001.6,1002,9,1001.7,1055,11,1001.8,750,9
317,2025-11-26 10:50:58+05:30,1001.1,1,996.15,3848722,413746.0,428841.0,986.2,1002.7,981.3,986.2,120494250,1084.8,887.6,1102.5,649.1,1001.1,2,1,1001.0,1396,14,1000.9,875,9,1000.8,961,11,1000.7,1082,13,1001.4,13,1,1001.5,160,3,1001.6,1002,9,1001.7,1055,11,1001.8,750,9
317,2025-11-26 10:50:59+05:30,1001.4,59,996.15,3848910,413464.0,428232.0,986.2,1002.7,981.3,986.2,120494250,1084.8,887.6,1102.5,649.1,1001.3,12,1,1001.2,17,2,1001.1,759,6,1001.0,1003,13,1000.9,875,9,1001.6,179,4,1001.7,692,5,1001.8,533,6,1001.9,1269,11,1002.0,1867,23
317,2025-11-26 10:50:59+05:30,1001.4,59,996.15,3848910,413464.0,428232.0,986.2,1002.7,981.3,986.2,120494250,1084.8,887.6,1102.5,649.1,1001.3,12,1,1001.2,17,2,1001.1,759,6,1001.0,1003,13,1000.9,875,9,1001.6,179,4,1001.7,692,5,1001.8,533,6,1001.9,1269,11,1002.0,1867,23
317,2025-11-26 10:51:00+05:30,1001.1,8,996.15,3849872,414492.0,427207.0,986.2,1002.7,981.3,986.2,120494250,1084.8,887.6,1102.5,649.1,1001.1,711,9,1001.0,1054,15,1000.9,1050,9,1000.8,2059,17,1000.7,1071,13,1001.4,39,1,1001.6,75,2,1001.7,544,4,1001.8,247,3,1001.9,930,6
317,2025-11-26 10:51:00+05:30,1001.4,3,996.15,3849872,414492.0,427207.0,986.2,1002.7,981.3,986.2,120494250,1084.8,887.6,1102.5,649.1,1001.1,711,9,1001.0,1054,15,1000.9,1050,9,1000.8,2059,17,1000.7,1071,13,1001.4,39,1,1001.6,75,2,1001.7,544,4,1001.8,247,3,1001.9,930,6
317,2025-11-26 10:51:01+05:30,1001.4,3,996.15,3849875,413590.0,433044.0,986.2,1002.7,981.3,986.2,120494250,1084.8,887.6,1102.5,649.1,1001.1,817,5,1001.0,1191,17,1000.9,848,8,1000.8,1084,13,1000.7,1321,14,1001.4,36,1,1001.5,145,2,1001.6,279,2,1001.7,915,9,1001.8,545,6
317,2025-11-26 10:51:01+05:30,1001.5,45,996.15,3849875,413590.0,433044.0,986.2,1002.7,981.3,986.2,120494250,1084.8,887.6,1102.5,649.1,1001.1,817,5,1001.0,1191,17,1000.9,848,8,1000.8,1084,13,1000.7,1321,14,1001.4,36,1,1001.5,145,2,1001.6,279,2,1001.7,915,9,1001.8,545,6
317,2025-11-26 10:51:02+05:30,1001.5,45,996.15,3850106,416126.0,429844.0,986.2,1002.7,981.3,986.2,120494250,1084.8,887.6,1102.5,649.1,1001.6,569,1,1001.3,2,1,1001.2,219,2,1001.1,1124,7,1001.0,1874,19,1001.7,340,3,1001.8,318,3,1001.9,549,6,1002.0,793,13,1002.1,1633,18
317,2025-11-26 10:51:02+05:30,1001.6,53,996.15,3850106,416126.0,429844.0,986.2,1002.7,981.3,986.2,120494250,1084.8,887.6,1102.5,649.1,1001.6,569,1,1001.3,2,1,1001.2,219,2,1001.1,1124,7,1001.0,1874,19,1001.7,340,3,1001.8,318,3,1001.9,549,6,1002.0,793,13,1002.1,1633,18
317,2025-11-26 10:51:03+05:30,1001.6,315,996.15,3850675,413787.0,430904.0,986.2,1002.7,981.3,986.2,120494250,1084.8,887.6,1102.5,649.1,1001.3,533,2,1001.2,248,2,1001.1,505,5,1001.0,1328,18,1000.9,1203,16,1001.7,543,5,1001.8,436,5,1001.9,596,7,1002.0,1032,15,1002.1,2081,18
317,2025-11-26 10:51:03+05:30,1001.6,315,996.15,3850675,413787.0,430904.0,986.2,1002.7,981.3,986.2,120494250,1084.8,887.6,1102.5,649.1,1001.3,533,2,1001.2,248,2,1001.1,505,5,1001.0,1328,18,1000.9,1203,16,1001.7,543,5,1001.8,436,5,1001.9,596,7,1002.0,1032,15,1002.1,2081,18
317,2025-11-26 10:51:04+05:30,1001.7,98,996.15,3850860,414167.0,434834.0,986.2,1002.7,981.3,986.2,120494250,1084.8,887.6,1102.5,649.1,1001.3,569,4,1001.2,468,4,1001.1,505,5,1001.0,1354,20,1000.9,1234,14,1001.7,207,2,1001.8,260,3,1001.9,606,8,1002.0,1260,18,1002.1,2094,21
317,2025-11-26 10:51:04+05:30,1001.7,5,996.15,3850860,414167.0,434834.0,986.2,1002.7,981.3,986.2,120494250,1084.8,887.6,1102.5,649.1,1001.3,569,4,1001.2,468,4,1001.1,505,5,1001.0,1354,20,1000.9,1234,14,1001.7,207,2,1001.8,260,3,1001.9,606,8,1002.0,1260,18,1002.1,2094,21
317,2025-11-26 10:51:05+05:30,1001.9,120,996.16,3856669,417400.0,426017.0,986.2,1002.7,981.3,986.2,120494250,1084.8,887.6,1102.5,649.1,1001.9,53,1,1001.7,312,2,1001.6,393,4,1001.5,934,6,1001.4,2020,15,1002.2,110,1,1002.3,279,4,1002.4,597,7,1002.5,1221,12,1002.6,540,7
317,2025-11-26 10:51:05+05:30,1001.7,4,996.16,3856669,417400.0,426017.0,986.2,1002.7,981.3,986.2,120494250,1084.8,887.6,1102.5,649.1,1001.9,53,1,1001.7,312,2,1001.6,393,4,1001.5,934,6,1001.4,2020,15,1002.2,110,1,1002.3,279,4,1002.4,597,7,1002.5,1221,12,1002.6,540,7
317,2025-11-26 10:51:06+05:30,1001.8,19,996.17,3860393,413857.0,426760.0,986.2,1002.7,981.3,986.2,120494250,1084.8,887.6,1102.5,649.1,1001.6,227,3,1001.5,454,3,1001.4,942,6,1001.3,580,7,1001.2,538,5,1001.8,45,1,1002.1,106,1,1002.2,863,7,1002.3,612,7,1002.4,916,12
317,2025-11-26 10:51:06+05:30,1001.6,86,996.17,3860393,413857.0,426760.0,986.2,1002.7,981.3,986.2,120494250,1084.8,887.6,1102.5,649.1,1001.6,227,3,1001.5,454,3,1001.4,942,6,1001.3,580,7,1001.2,538,5,1001.8,45,1,1002.1,106,1,1002.2,863,7,1002.3,612,7,1002.4,916,12
317,2025-11-26 10:51:07+05:30,1001.9,32,996.17,3861586,415591.0,432316.0,986.2,1002.7,981.3,986.2,120494250,1084.8,887.6,1102.5,649.1,1001.4,778,9,1001.3,1250,10,1001.2,725,10,1001.1,1322,10,1001.0,1538,18,1001.9,32,1,1002.0,176,2,1002.1,949,5,1002.2,597,8,1002.3,890,10
317,2025-11-26 10:51:07+05:30,1001.9,32,996.17,3861586,415591.0,432316.0,986.2,1002.7,981.3,986.2,120494250,1084.8,887.6,1102.5,649.1,1001.4,778,9,1001.3,1250,10,1001.2,725,10,1001.1,1322,10,1001.0,1538,18,1001.9,32,1,1002.0,176,2,1002.1,949,5,1002.2,597,8,1002.3,890,10
317,2025-11-26 10:51:08+05:30,1001.9,7,996.17,3861634,414474.0,435607.0,986.2,1002.7,981.3,986.2,120494250,1084.8,887.6,1102.5,649.1,1001.5,2,1,1001.4,266,3,1001.3,1019,6,1001.2,847,13,1001.1,879,8,1001.7,77,1,1001.9,17,2,1002.0,112,2,1002.1,1105,9,1002.2,872,9
317,2025-11-26 10:51:08+05:30,1001.7,4,996.17,3861634,414474.0,435607.0,986.2,1002.7,981.3,986.2,120494250,1084.8,887.6,1102.5,649.1,1001.5,2,1,1001.4,266,3,1001.3,1019,6,1001.2,847,13,1001.1,879,8,1001.7,77,1,1001.9,17,2,1002.0,112,2,1002.1,1105,9,1002.2,872,9
317,2025-11-26 10:51:09+05:30,1001.9,42,996.17,3862623,415238.0,434059.0,986.2,1002.7,981.3,986.2,120494250,1084.8,887.6,1102.5,649.1,1001.5,175,2,1001.4,702,6,1001.3,1161,9,1001.2,771,10,1001.1,1071,9,1001.8,4,1,1001.9,45,1,1002.0,192,3,1002.1,1069,6,1002.2,920,11
317,2025-11-26 10:51:09+05:30,1001.8,4,996.17,3862623,415238.0,434059.0,986.2,1002.7,981.3,986.2,120494250,1084.8,887.6,1102.5,649.1,1001.5,175,2,1001.4,702,6,1001.3,1161,9,1001.2,771,10,1001.1,1071,9,1001.8,4,1,1001.9,45,1,1002.0,192,3,1002.1,1069,6,1002.2,920,11
317,2025-11-26 10:51:10+05:30,1001.9,10,996.17,3864233,414053.0,434169.0,986.2,1002.7,981.3,986.2,120494250,1084.8,887.6,1102.5,649.1,1001.4,190,2,1001.3,889,4,1001.2,384,4,1001.1,1028,12,1001.0,1603,17,1001.9,179,4,1002.0,738,12,1002.1,1262,10,1002.2,991,14,1002.3,714,12
317,2025-11-26 10:51:10+05:30,1001.9,10,996.17,3864233,414053.0,434169.0,986.2,1002.7,981.3,986.2,120494250,1084.8,887.6,1102.5,649.1,1001.4,190,2,1001.3,889,4,1001.2,384,4,1001.1,1028,12,1001.0,1603,17,1001.9,179,4,1002.0,738,12,1002.1,1262,10,1002.2,991,14,1002.3,714,12
317,2025-11-26 10:51:11+05:30,1001.7,31,996.17,3865014,411002.0,437667.0,986.2,1002.7,981.3,986.2,120494250,1084.8,887.6,1102.5,649.1,1001.3,208,2,1001.2,1004,5,1001.1,839,12,1001.0,1548,18,1000.9,2034,11,1001.7,243,1,1001.8,92,1,1001.9,991,8,1002.0,665,11,1002.1,775,10
317,2025-11-26 10:51:11+05:30,1001.7,31,996.17,3865014,411002.0,437667.0,986.2,1002.7,981.3,986.2,120494250,1084.8,887.6,1102.5,649.1,1001.3,208,2,1001.2,1004,5,1001.1,839,12,1001.0,1548,18,1000.9,2034,11,1001.7,243,1,1001.8,92,1,1001.9,991,8,1002.0,665,11,1002.1,775,10
317,2025-11-26 10:51:12+05:30,1001.7,10,996.17,3865024,411408.0,437651.0,986.2,1002.7,981.3,986.2,120494250,1084.8,887.6,1102.5,649.1,1001.3,235,3,1001.2,1004,5,1001.1,992,15,1001.0,1548,18,1000.9,1284,10,1001.7,233,1,1001.8,92,1,1001.9,1018,11,1002.0,676,12,1002.1,1025,11
317,2025-11-26 10:51:12+05:30,1001.8,168,996.17,3865024,411408.0,437651.0,986.2,1002.7,981.3,986.2,120494250,1084.8,887.6,1102.5,649.1,1001.3,235,3,1001.2,1004,5,1001.1,992,15,1001.0,1548,18,1000.9,1284,10,1001.7,233,1,1001.8,92,1,1001.9,1018,11,1002.0,676,12,1002.1,1025,11
317,2025-11-26 10:51:13+05:30,1001.7,27,996.17,3866301,409147.0,437243.0,986.2,1002.7,981.3,986.2,120494250,1084.8,887.6,1102.5,649.1,1001.2,1034,6,1001.1,757,6,1001.0,1212,15,1000.9,1116,15,1000.8,1504,8,1001.6,59,1,1001.7,150,2,1001.8,842,4,1001.9,551,9,1002.0,1092,15
317,2025-11-26 10:51:13+05:30,1001.7,27,996.17,3866301,409147.0,437243.0,986.2,1002.7,981.3,986.2,120494250,1084.8,887.6,1102.5,649.1,1001.2,1034,6,1001.1,757,6,1001.0,1212,15,1000.9,1116,15,1000.8,1504,8,1001.6,59,1,1001.7,150,2,1001.8,842,4,1001.9,551,9,1002.0,1092,15
317,2025-11-26 10:51:14+05:30,1001.6,3,996.17,3866489,406307.0,439392.0,986.2,1002.7,981.3,986.2,120494250,1084.8,887.6,1102.5,649.1,1001.3,112,1,1001.2,79,1,1001.1,742,3,1001.0,968,12,1000.9,891,13,1001.6,225,5,1001.7,814,7,1001.8,1294,10,1001.9,625,12,1002.0,970,17
317,2025-11-26 10:51:14+05:30,1001.6,3,996.17,3866489,406307.0,439392.0,986.2,1002.7,981.3,986.2,120494250,1084.8,887.6,1102.5,649.1,1001.3,112,1,1001.2,79,1,1001.1,742,3,1001.0,968,12,1000.9,891,13,1001.6,225,5,1001.7,814,7,1001.8,1294,10,1001.9,625,12,1002.0,970,17
317,2025-11-26 10:51:15+05:30,1001.6,16,996.17,3866515,406456.0,438810.0,986.2,1002.7,981.3,986.2,120494250,1084.8,887.6,1102.5,649.1,1001.3,112,1,1001.2,239,3,1001.1,1028,5,1001.0,968,12,1000.9,1109,14,1001.6,56,2,1001.7,461,3,1001.8,1129,7,1001.9,774,13,1002.0,939,14
317,2025-11-26 10:51:15+05:30,1001.6,16,996.17,3866515,406456.0,438810.0,986.2,1002.7,981.3,986.2,120494250,1084.8,887.6,1102.5,649.1,1001.3,112,1,1001.2,239,3,1001.1,1028,5,1001.0,968,12,1000.9,1109,14,1001.6,56,2,1001.7,461,3,1001.8,1129,7,1001.9,774,13,1002.0,939,14
317,2025-11-26 10:51:16+05:30,1001.6,16,996.17,3866515,406247.0,439619.0,986.2,1002.7,981.3,986.2,120494250,1084.8,887.6,1102.5,649.1,1001.3,112,1,1001.2,239,3,1001.1,885,4,1001.0,1111,13,1000.9,859,13,1001.6,56,2,1001.7,518,4,1001.8,1329,9,1001.9,647,13,1002.0,965,16
317,2025-11-26 10:51:16+05:30,1001.6,4,996.17,3866515,406247.0,439619.0,986.2,1002.7,981.3,986.2,120494250,1084.8,887.6,1102.5,649.1,1001.3,112,1,1001.2,239,3,1001.1,885,4,1001.0,1111,13,1000.9,859,13,1001.6,56,2,1001.7,518,4,1001.8,1329,9,1001.9,647,13,1002.0,965,16
317,2025-11-26 10:51:17+05:30,1001.6,4,996.17,3866536,406274.0,439360.0,986.2,1002.7,981.3,986.2,120494250,1084.8,887.6,1102.5,649.1,1001.3,112,1,1001.2,265,4,1001.1,1027,5,1001.0,968,12,1000.9,1109,14,1001.6,35,1,1001.7,461,3,1001.8,1186,8,1001.9,779,13,1002.0,965,16
317,2025-11-26 10:51:18+05:30,1001.6,90,996.17,3866626,406262.0,442940.0,986.2,1002.7,981.3,986.2,120494250,1084.8,887.6,1102.5,649.1,1001.3,112,1,1001.2,239,3,1001.1,1027,5,1001.0,1017,13,1000.9,1109,14,1001.6,39,1,1001.7,412,2,1001.8,1186,8,1001.9,779,13,1002.0,976,17
317,2025-11-26 10:51:18+05:30,1001.7,30,996.17,3866626,406262.0,442940.0,986.2,1002.7,981.3,986.2,120494250,1084.8,887.6,1102.5,649.1,1001.3,112,1,1001.2,239,3,1001.1,1027,5,1001.0,1017,13,1000.9,1109,14,1001.6,39,1,1001.7,412,2,1001.8,1186,8,1001.9,779,13,1002.0,976,17
317,2025-11-26 10:51:19+05:30,1001.6,15,996.18,3867132,406561.0,443420.0,986.2,1002.7,981.3,986.2,120494250,1084.8,887.6,1102.5,649.1,1001.3,112,1,1001.2,81,2,1001.1,1023,4,1001.0,1170,14,1000.9,1309,16,1001.6,141,1,1001.7,688,6,1001.8,830,4,1001.9,584,11,1002.0,1164,22
317,2025-11-26 10:51:19+05:30,1001.6,1,996.18,3867132,406561.0,443420.0,986.2,1002.7,981.3,986.2,120494250,1084.8,887.6,1102.5,649.1,1001.3,112,1,1001.2,81,2,1001.1,1023,4,1001.0,1170,14,1000.9,1309,16,1001.6,141,1,1001.7,688,6,1001.8,830,4,1001.9,584,11,1002.0,1164,22
317,2025-11-26 10:51:20+05:30,1001.4,15,996.18,3867148,406112.0,444797.0,986.2,1002.7,981.3,986.2,120494250,1084.8,887.6,1102.5,649.1,1001.3,115,2,1001.2,2,1,1001.1,910,3,1001.0,1311,15,1000.9,858,13,1001.4,81,1,1001.6,248,4,1001.7,933,5,1001.8,1131,7,1001.9,705,13
317,2025-11-26 10:51:20+05:30,1001.4,15,996.18,3867148,406112.0,444797.0,986.2,1002.7,981.3,986.2,120494250,1084.8,887.6,1102.5,649.1,1001.3,115,2,1001.2,2,1,1001.1,910,3,1001.0,1311,15,1000.9,858,13,1001.4,81,1,1001.6,248,4,1001.7,933,5,1001.8,1131,7,1001.9,705,13
317,2025-11-26 10:51:21+05:30,1001.4,10,996.18,3868088,409443.0,443594.0,986.2,1002.7,981.3,986.2,120494250,1084.8,887.6,1102.5,649.1,1001.3,258,3,1001.2,628,5,1001.1,1080,4,1001.0,1285,15,1000.9,1155,14,1001.6,32,1,1001.7,289,1,1001.8,1054,7,1001.9,1093,13,1002.0,1622,20
317,2025-11-26 10:51:21+05:30,1001.2,13,996.18,3868088,409443.0,443594.0,986.2,1002.7,981.3,986.2,120494250,1084.8,887.6,1102.5,649.1,1001.3,258,3,1001.2,628,5,1001.1,1080,4,1001.0,1285,15,1000.9,1155,14,1001.6,32,1,1001.7,289,1,1001.8,1054,7,1001.9,1093,13,1002.0,1622,20
317,2025-11-26 10:51:22+05:30,1001.2,13,996.18,3868448,406510.0,444142.0,986.2,1002.7,981.3,986.2,120494250,1084.8,887.6,1102.5,649.1,1001.3,13,1,1001.2,573,2,1001.1,392,3,1001.0,1313,15,1000.9,918,14,1001.6,146,3,1001.7,630,5,1001.8,1158,8,1001.9,560,12,1002.0,1936,22
317,2025-11-26 10:51:23+05:30,1001.6,17,996.18,3868448,406510.0,444142.0,986.2,1002.7,981.3,986.2,120494250,1084.8,887.6,1102.5,649.1,1001.3,13,1,1001.2,573,2,1001.1,392,3,1001.0,1313,15,1000.9,918,14,1001.6,146,3,1001.7,630,5,1001.8,1158,8,1001.9,560,12,1002.0,1936,22
317,2025-11-26 10:51:23+05:30,1001.6,17,996.18,3869315,407260.0,443703.0,986.2,1002.7,981.3,986.2,120494250,1084.8,887.6,1102.5,649.1,1001.3,13,1,1001.2,395,4,1001.1,1098,5,1001.0,1218,17,1000.9,1249,11,1001.6,13,1,1001.7,294,2,1001.8,894,5,1001.9,587,10,1002.0,1743,19
317,2025-11-26 10:51:24+05:30,1001.8,5,996.18,3869315,407260.0,443703.0,986.2,1002.7,981.3,986.2,120494250,1084.8,887.6,1102.5,649.1,1001.3,13,1,1001.2,395,4,1001.1,1098,5,1001.0,1218,17,1000.9,1249,11,1001.6,13,1,1001.7,294,2,1001.8,894,5,1001.9,587,10,1002.0,1743,19
317,2025-11-26 10:51:24+05:30,1001.8,5,996.18,3870264,409043.0,440056.0,986.2,1002.7,981.3,986.2,120494250,1084.8,887.6,1102.5,649.1,1001.4,812,6,1001.3,1038,7,1001.2,788,7,1001.1,940,7,1001.0,1568,21,1001.8,177,4,1001.9,131,4,1002.0,863,11,1002.1,631,7,1002.2,1676,16
317,2025-11-26 10:51:25+05:30,1001.4,99,996.18,3870264,409043.0,440056.0,986.2,1002.7,981.3,986.2,120494250,1084.8,887.6,1102.5,649.1,1001.4,812,6,1001.3,1038,7,1001.2,788,7,1001.1,940,7,1001.0,1568,21,1001.8,177,4,1001.9,131,4,1002.0,863,11,1002.1,631,7,1002.2,1676,16
317,2025-11-26 10:51:25+05:30,1001.4,99,996.18,3871123,407364.0,441823.0,986.2,1002.7,981.3,986.2,120494250,1084.8,887.6,1102.5,649.1,1001.3,1348,8,1001.2,477,5,1001.1,764,8,1001.0,1485,21,1000.9,1077,10,1001.6,13,1,1001.8,177,4,1001.9,244,6,1002.0,939,11,1002.1,674,8
317,2025-11-26 10:51:26+05:30,1001.3,1,996.18,3871123,407364.0,441823.0,986.2,1002.7,981.3,986.2,120494250,1084.8,887.6,1102.5,649.1,1001.3,1280,7,1001.2,504,6,1001.1,764,8,1001.0,1485,21,1000.9,1077,10,1001.6,13,1,1001.8,175,3,1001.9,244,6,1002.0,953,13,1002.1,684,9
317,2025-11-26 10:51:26+05:30,1001.3,1,996.18,3871124,407390.0,441882.0,986.2,1002.7,981.3,986.2,120494250,1084.8,887.6,1102.5,649.1,1001.3,1280,7,1001.2,504,6,1001.1,764,8,1001.0,1485,21,1000.9,1077,10,1001.6,13,1,1001.8,175,3,1001.9,244,6,1002.0,953,13,1002.1,684,9
317,2025-11-26 10:51:27+05:30,1001.6,17,996.18,3871124,407390.0,441882.0,986.2,1002.7,981.3,986.2,120494250,1084.8,887.6,1102.5,649.1,1001.3,1280,7,1001.2,504,6,1001.1,764,8,1001.0,1485,21,1000.9,1077,10,1001.6,13,1,1001.8,175,3,1001.9,244,6,1002.0,953,13,1002.1,684,9
317,2025-11-26 10:51:27+05:30,1001.6,17,996.18,3871141,407870.0,441617.0,986.2,1002.7,981.3,986.2,120494250,1084.8,887.6,1102.5,649.1,1001.3,1373,8,1001.2,686,8,1001.1,764,8,1001.0,1485,21,1000.9,1077,10,1001.6,13,1,1001.7,37,1,1001.8,144,2,1001.9,485,10,1002.0,979,15
317,2025-11-26 10:51:28+05:30,1001.3,1,996.18,3871141,407870.0,441617.0,986.2,1002.7,981.3,986.2,120494250,1084.8,887.6,1102.5,649.1,1001.3,1373,8,1001.2,686,8,1001.1,764,8,1001.0,1485,21,1000.9,1077,10,1001.6,13,1,1001.7,37,1,1001.8,144,2,1001.9,485,10,1002.0,979,15
317,2025-11-26 10:51:28+05:30,1001.3,1,996.18,3871491,407398.0,443228.0,986.2,1002.7,981.3,986.2,120494250,1084.8,887.6,1102.5,649.1,1001.3,461,4,1001.2,912,8,1001.1,657,7,1001.0,1425,20,1000.9,869,10,1001.5,26,1,1001.8,418,5,1001.9,950,9,1002.0,1423,15,1002.1,990,11
317,2025-11-26 10:51:29+05:30,1001.7,256,996.18,3871491,407398.0,443228.0,986.2,1002.7,981.3,986.2,120494250,1084.8,887.6,1102.5,649.1,1001.3,461,4,1001.2,912,8,1001.1,657,7,1001.0,1425,20,1000.9,869,10,1001.5,26,1,1001.8,418,5,1001.9,950,9,1002.0,1423,15,1002.1,990,11
317,2025-11-26 10:51:29+05:30,1001.7,245,996.18,3872551,405602.0,442907.0,986.2,1002.7,981.3,986.2,120494250,1084.8,887.6,1102.5,649.1,1001.3,91,1,1001.2,188,1,1001.1,1056,4,1001.0,1385,14,1000.9,1041,10,1001.6,269,2,1001.7,389,4,1001.8,585,5,1001.9,1183,11,1002.0,2672,23
317,2025-11-26 10:51:30+05:30,1001.4,10,996.18,3872551,405602.0,442907.0,986.2,1002.7,981.3,986.2,120494250,1084.8,887.6,1102.5,649.1,1001.3,91,1,1001.2,188,1,1001.1,1056,4,1001.0,1385,14,1000.9,1041,10,1001.6,269,2,1001.7,389,4,1001.8,585,5,1001.9,1183,11,1002.0,2672,23
317,2025-11-26 10:51:30+05:30,1001.4,10,996.18,3873516,410358.0,444970.0,986.2,1002.7,981.3,986.2,120494250,1084.8,887.6,1102.5,649.1,1001.0,1352,11,1000.9,746,6,1000.8,728,6,1000.7,1188,15,1000.6,1067,13,1001.4,100,2,1001.5,64,1,1001.6,636,8,1001.7,608,7,1001.8,1812,15
317,2025-11-26 10:51:31+05:30,1001.0,115,996.18,3873516,410358.0,444970.0,986.2,1002.7,981.3,986.2,120494250,1084.8,887.6,1102.5,649.1,1001.0,1352,11,1000.9,746,6,1000.8,728,6,1000.7,1188,15,1000.6,1067,13,1001.4,100,2,1001.5,64,1,1001.6,636,8,1001.7,608,7,1001.8,1812,15
317,2025-11-26 10:51:31+05:30,1001.0,115,996.18,3873719,410111.0,445460.0,986.2,1002.7,981.3,986.2,120494250,1084.8,887.6,1102.5,649.1,1001.0,1008,8,1000.9,889,7,1000.8,728,6,1000.7,1188,15,1000.6,865,12,1001.4,193,3,1001.5,219,2,1001.6,778,9,1001.7,619,8,1001.8,1813,16
317,2025-11-26 10:51:32+05:30,1001.0,10,996.18,3873719,410111.0,445460.0,986.2,1002.7,981.3,986.2,120494250,1084.8,887.6,1102.5,649.1,1001.0,1008,8,1000.9,889,7,1000.8,728,6,1000.7,1188,15,1000.6,865,12,1001.4,193,3,1001.5,219,2,1001.6,778,9,1001.7,619,8,1001.8,1813,16
317,2025-11-26 10:51:32+05:30,1001.0,10,996.18,3873745,410100.0,446119.0,986.2,1002.7,981.3,986.2,120494250,1084.8,887.6,1102.5,649.1,1001.0,998,8,1000.9,537,4,1000.8,870,7,1000.7,938,14,1000.6,1257,14,1001.4,420,3,1001.5,391,4,1001.6,791,9,1001.7,589,7,1001.8,2063,17
317,2025-11-26 10:51:33+05:30,1001.0,10,996.18,3873745,410100.0,446119.0,986.2,1002.7,981.3,986.2,120494250,1084.8,887.6,1102.5,649.1,1001.0,998,8,1000.9,537,4,1000.8,870,7,1000.7,938,14,1000.6,1257,14,1001.4,420,3,1001.5,391,4,1001.6,791,9,1001.7,589,7,1001.8,2063,17
317,2025-11-26 10:51:33+05:30,1001.0,10,996.18,3873755,410113.0,446144.0,986.2,1002.7,981.3,986.2,120494250,1084.8,887.6,1102.5,649.1,1001.0,990,9,1000.9,679,5,1000.8,728,6,1000.7,938,14,1000.6,1257,14,1001.4,420,3,1001.5,391,4,1001.6,791,9,1001.7,589,7,1001.8,2063,17
317,2025-11-26 10:51:34+05:30,1001.3,13,996.19,3874703,410178.0,443500.0,986.2,1002.7,981.3,986.2,120494250,1084.8,887.6,1102.5,649.1,1001.1,959,5,1001.0,692,10,1000.9,762,8,1000.8,801,9,1000.7,1146,12,1001.3,29,1,1001.6,565,6,1001.7,588,7,1001.8,1433,13,1001.9,947,17
317,2025-11-26 10:51:34+05:30,1001.3,13,996.19,3874703,410178.0,443500.0,986.2,1002.7,981.3,986.2,120494250,1084.8,887.6,1102.5,649.1,1001.1,959,5,1001.0,692,10,1000.9,762,8,1000.8,801,9,1000.7,1146,12,1001.3,29,1,1001.6,565,6,1001.7,588,7,1001.8,1433,13,1001.9,947,17
317,2025-11-26 10:51:35+05:30,1001.1,30,996.19,3874733,409659.0,445396.0,986.2,1002.7,981.3,986.2,120494250,1084.8,887.6,1102.5,649.1,1001.1,85,2,1001.0,900,9,1000.9,875,8,1000.8,917,8,1000.7,922,13,1001.3,29,1,1001.5,165,2,1001.6,748,8,1001.7,1138,10,1001.8,2328,17
317,2025-11-26 10:51:35+05:30,1001.1,30,996.19,3874733,409659.0,445396.0,986.2,1002.7,981.3,986.2,120494250,1084.8,887.6,1102.5,649.1,1001.1,85,2,1001.0,900,9,1000.9,875,8,1000.8,917,8,1000.7,922,13,1001.3,29,1,1001.5,165,2,1001.6,748,8,1001.7,1138,10,1001.8,2328,17
317,2025-11-26 10:51:36+05:30,1001.3,5,996.19,3874752,408974.0,445266.0,986.2,1002.7,981.3,986.2,120494250,1084.8,887.6,1102.5,649.1,1001.1,119,3,1001.0,496,9,1000.9,1042,10,1000.8,775,7,1000.7,922,13,1001.3,10,1,1001.5,165,2,1001.6,623,7,1001.7,1141,9,1001.8,2089,17
317,2025-11-26 10:51:36+05:30,1001.3,5,996.19,3874752,408974.0,445266.0,986.2,1002.7,981.3,986.2,120494250,1084.8,887.6,1102.5,649.1,1001.1,119,3,1001.0,496,9,1000.9,1042,10,1000.8,775,7,1000.7,922,13,1001.3,10,1,1001.5,165,2,1001.6,623,7,1001.7,1141,9,1001.8,2089,17
317,2025-11-26 10:51:37+05:30,1001.3,5,996.19,3874752,409004.0,445779.0,986.2,1002.7,981.3,986.2,120494250,1084.8,887.6,1102.5,649.1,1001.1,119,3,1001.0,496,9,1000.9,732,7,1000.8,1061,9,1000.7,922,13,1001.3,74,2,1001.5,451,4,1001.6,675,10,1001.7,577,6,1001.8,2089,17
317,2025-11-26 10:51:38+05:30,1001.3,12,996.19,3874774,409274.0,446531.0,986.2,1002.7,981.3,986.2,120494250,1084.8,887.6,1102.5,649.1,1001.1,82,1,1001.0,270,7,1000.9,806,5,1000.8,631,6,1000.7,852,12,1001.3,94,2,1001.4,442,7,1001.5,653,9,1001.6,719,10,1001.7,637,7
317,2025-11-26 10:51:38+05:30,1001.3,12,996.19,3874774,409274.0,446531.0,986.2,1002.7,981.3,986.2,120494250,1084.8,887.6,1102.5,649.1,1001.1,82,1,1001.0,270,7,1000.9,806,5,1000.8,631,6,1000.7,852,12,1001.3,94,2,1001.4,442,7,1001.5,653,9,1001.6,719,10,1001.7,637,7
317,2025-11-26 10:51:39+05:30,1001.2,50,996.19,3875009,409350.0,446365.0,986.2,1002.7,981.3,986.2,120494250,1084.8,887.6,1102.5,649.1,1001.1,82,1,1001.0,270,7,1000.9,806,5,1000.8,658,7,1000.7,852,12,1001.2,28,1,1001.3,17,2,1001.4,439,7,1001.5,666,10,1001.6,706,9
317,2025-11-26 10:51:39+05:30,1001.2,50,996.19,3875009,409350.0,446365.0,986.2,1002.7,981.3,986.2,120494250,1084.8,887.6,1102.5,649.1,1001.1,82,1,1001.0,270,7,1000.9,806,5,1000.8,658,7,1000.7,852,12,1001.2,28,1,1001.3,17,2,1001.4,439,7,1001.5,666,10,1001.6,706,9
317,2025-11-26 10:51:40+05:30,1001.1,647,996.19,3876124,403333.0,447768.0,986.2,1002.7,981.3,986.2,120494250,1084.8,887.6,1102.5,649.1,1000.7,411,5,1000.6,920,7,1000.5,595,6,1000.4,1096,17,1000.3,742,8,1001.1,126,2,1001.2,374,5,1001.3,655,10,1001.4,869,13,1001.5,1310,17
317,2025-11-26 10:51:40+05:30,1001.1,647,996.19,3876124,403333.0,447768.0,986.2,1002.7,981.3,986.2,120494250,1084.8,887.6,1102.5,649.1,1000.7,411,5,1000.6,920,7,1000.5,595,6,1000.4,1096,17,1000.3,742,8,1001.1,126,2,1001.2,374,5,1001.3,655,10,1001.4,869,13,1001.5,1310,17
317,2025-11-26 10:51:41+05:30,1001.1,16,996.19,3876140,406622.0,448093.0,986.2,1002.7,981.3,986.2,120494250,1084.8,887.6,1102.5,649.1,1000.8,105,1,1000.7,631,7,1000.6,1292,11,1000.5,661,7,1000.4,1773,18,1001.1,80,1,1001.2,234,3,1001.3,488,7,1001.4,1433,13,1001.5,1155,14
317,2025-11-26 10:51:41+05:30,1001.1,16,996.19,3876140,406622.0,448093.0,986.2,1002.7,981.3,986.2,120494250,1084.8,887.6,1102.5,649.1,1000.8,105,1,1000.7,631,7,1000.6,1292,11,1000.5,661,7,1000.4,1773,18,1001.1,80,1,1001.2,234,3,1001.3,488,7,1001.4,1433,13,1001.5,1155,14
317,2025-11-26 10:51:42+05:30,1001.1,35,996.19,3876175,404899.0,447808.0,986.2,1002.7,981.3,986.2,120494250,1084.8,887.6,1102.5,649.1,1000.7,87,1,1000.6,525,7,1000.5,984,9,1000.4,846,16,1000.3,1180,10,1001.0,98,1,1001.1,115,2,1001.2,425,5,1001.3,759,13,1001.4,854,12
317,2025-11-26 10:51:42+05:30,1001.1,35,996.19,3876175,404899.0,447808.0,986.2,1002.7,981.3,986.2,120494250,1084.8,887.6,1102.5,649.1,1000.7,87,1,1000.6,525,7,1000.5,984,9,1000.4,846,16,1000.3,1180,10,1001.0,98,1,1001.1,115,2,1001.2,425,5,1001.3,759,13,1001.4,854,12
317,2025-11-26 10:51:43+05:30,1001.1,35,996.19,3876175,405158.0,448278.0,986.2,1002.7,981.3,986.2,120494250,1084.8,887.6,1102.5,649.1,1000.7,87,1,1000.6,555,8,1000.5,918,8,1000.4,786,15,1000.3,930,9,1001.0,98,1,1001.1,118,3,1001.2,397,4,1001.3,765,14,1001.4,1290,14
317,2025-11-26 10:51:43+05:30,1001.6,32,996.19,3876175,405158.0,448278.0,986.2,1002.7,981.3,986.2,120494250,1084.8,887.6,1102.5,649.1,1000.7,87,1,1000.6,555,8,1000.5,918,8,1000.4,786,15,1000.3,930,9,1001.0,98,1,1001.1,118,3,1001.2,397,4,1001.3,765,14,1001.4,1290,14
317,2025-11-26 10:51:44+05:30,1001.6,1,996.33,3978013,416420.0,427360.0,986.2,1002.7,981.3,986.2,120494250,1084.8,887.6,1102.5,649.1,1001.6,25,2,1001.5,15,1,1001.4,339,7,1001.3,785,7,1001.2,1836,8,1001.7,8,1,1002.0,319,3,1002.1,576,5,1002.2,1146,8,1002.3,1051,9
317,2025-11-26 10:51:44+05:30,1001.6,1,996.33,3978013,416420.0,427360.0,986.2,1002.7,981.3,986.2,120494250,1084.8,887.6,1102.5,649.1,1001.6,25,2,1001.5,15,1,1001.4,339,7,1001.3,785,7,1001.2,1836,8,1001.7,8,1,1002.0,319,3,1002.1,576,5,1002.2,1146,8,1002.3,1051,9
317,2025-11-26 10:51:45+05:30,1001.7,109,996.33,3978013,416420.0,427360.0,986.2,1002.7,981.3,986.2,120494250,1084.8,887.6,1102.5,649.1,1001.6,25,2,1001.5,15,1,1001.4,339,7,1001.3,785,7,1001.2,1836,8,1001.7,8,1,1002.0,319,3,1002.1,576,5,1002.2,1146,8,1002.3,1051,9
317,2025-11-26 10:51:46+05:30,1001.8,45,996.35,3988964,414618.0,437170.0,986.2,1002.7,981.3,986.2,120494250,1084.8,887.6,1102.5,649.1,1001.2,778,8,1001.1,1206,10,1001.0,698,12,1000.9,1128,10,1000.8,1318,9,1001.9,366,5,1002.0,1371,13,1002.1,923,11,1002.2,1444,15,1002.3,1451,12
317,2025-11-26 10:51:46+05:30,1001.0,6,996.35,3988964,414618.0,437170.0,986.2,1002.7,981.3,986.2,120494250,1084.8,887.6,1102.5,649.1,1001.2,778,8,1001.1,1206,10,1001.0,698,12,1000.9,1128,10,1000.8,1318,9,1001.9,366,5,1002.0,1371,13,1002.1,923,11,1002.2,1444,15,1002.3,1451,12
317,2025-11-26 10:51:47+05:30,1001.6,15,996.36,4002624,410225.0,442966.0,986.2,1002.7,981.3,986.2,120494250,1084.8,887.6,1102.5,649.1,1001.2,96,1,1001.0,261,3,1000.9,918,6,1000.8,678,9,1000.7,454,8,1001.5,383,2,1001.6,579,6,1001.7,822,10,1001.8,545,9,1001.9,1135,15
317,2025-11-26 10:51:47+05:30,1001.6,15,996.36,4002624,410225.0,442966.0,986.2,1002.7,981.3,986.2,120494250,1084.8,887.6,1102.5,649.1,1001.2,96,1,1001.0,261,3,1000.9,918,6,1000.8,678,9,1000.7,454,8,1001.5,383,2,1001.6,579,6,1001.7,822,10,1001.8,545,9,1001.9,1135,15
317,2025-11-26 10:51:48+05:30,1000.8,18,996.37,4005899,408248.0,447102.0,986.2,1002.7,981.3,986.2,120494250,1084.8,887.6,1102.5,649.1,1000.8,375,4,1000.7,462,7,1000.6,873,7,1000.5,552,7,1000.4,1226,10,1001.4,529,5,1001.5,3542,5,1001.6,1296,14,1001.7,1007,13,1001.8,880,10
317,2025-11-26 10:51:48+05:30,1000.8,18,996.37,4005899,408248.0,447102.0,986.2,1002.7,981.3,986.2,120494250,1084.8,887.6,1102.5,649.1,1000.8,375,4,1000.7,462,7,1000.6,873,7,1000.5,552,7,1000.4,1226,10,1001.4,529,5,1001.5,3542,5,1001.6,1296,14,1001.7,1007,13,1001.8,880,10
317,2025-11-26 10:51:49+05:30,1001.5,271,996.37,4006585,410361.0,447183.0,986.2,1002.7,981.3,986.2,120494250,1084.8,887.6,1102.5,649.1,1001.2,17,1,1000.9,732,4,1000.8,568,7,1000.7,665,9,1000.6,1128,6,1001.5,3147,3,1001.6,1106,13,1001.7,944,13,1001.8,1035,11,1001.9,1025,15
317,2025-11-26 10:51:49+05:30,1001.5,271,996.37,4006585,410361.0,447183.0,986.2,1002.7,981.3,986.2,120494250,1084.8,887.6,1102.5,649.1,1001.2,17,1,1000.9,732,4,1000.8,568,7,1000.7,665,9,1000.6,1128,6,1001.5,3147,3,1001.6,1106,13,1001.7,944,13,1001.8,1035,11,1001.9,1025,15
317,2025-11-26 10:51:50+05:30,1001.2,1,996.37,4008283,414109.0,444053.0,986.2,1002.7,981.3,986.2,120494250,1084.8,887.6,1102.5,649.1,1001.2,188,5,1001.1,621,7,1001.0,744,6,1000.9,1256,8,1000.8,1192,7,1001.5,2064,1,1001.6,208,3,1001.7,873,10,1001.8,632,8,1001.9,1091,16
317,2025-11-26 10:51:50+05:30,1001.2,1,996.37,4008283,414109.0,444053.0,986.2,1002.7,981.3,986.2,120494250,1084.8,887.6,1102.5,649.1,1001.2,188,5,1001.1,621,7,1001.0,744,6,1000.9,1256,8,1000.8,1192,7,1001.5,2064,1,1001.6,208,3,1001.7,873,10,1001.8,632,8,1001.9,1091,16
317,2025-11-26 10:51:51+05:30,1001.1,35,996.37,4008807,412537.0,445434.0,986.2,1002.7,981.3,986.2,120494250,1084.8,887.6,1102.5,649.1,1001.1,2,1,1001.0,204,2,1000.9,720,4,1000.8,792,8,1000.7,489,9,1001.5,2282,3,1001.6,789,8,1001.7,873,10,1001.8,942,10,1001.9,902,14
317,2025-11-26 10:51:51+05:30,1001.1,2,996.37,4008807,412537.0,445434.0,986.2,1002.7,981.3,986.2,120494250,1084.8,887.6,1102.5,649.1,1001.1,2,1,1001.0,204,2,1000.9,720,4,1000.8,792,8,1000.7,489,9,1001.5,2282,3,1001.6,789,8,1001.7,873,10,1001.8,942,10,1001.9,902,14
317,2025-11-26 10:51:52+05:30,1001.1,2,996.37,4008809,412821.0,445435.0,986.2,1002.7,981.3,986.2,120494250,1084.8,887.6,1102.5,649.1,1001.1,2,1,1001.0,288,3,1000.9,951,6,1000.8,792,8,1000.7,489,9,1001.5,2282,3,1001.6,548,6,1001.7,1071,11,1001.8,986,12,1001.9,902,14
317,2025-11-26 10:51:53+05:30,1001.5,2,996.37,4008811,413181.0,444656.0,986.2,1002.7,981.3,986.2,120494250,1084.8,887.6,1102.5,649.1,1001.3,10,1,1000.9,832,4,1000.8,594,7,1000.7,742,10,1000.6,1278,8,1001.5,604,6,1001.6,1432,10,1001.7,1050,14,1001.8,1097,14,1001.9,934,14
317,2025-11-26 10:51:53+05:30,1001.5,2,996.37,4008811,413181.0,444656.0,986.2,1002.7,981.3,986.2,120494250,1084.8,887.6,1102.5,649.1,1001.3,10,1,1000.9,832,4,1000.8,594,7,1000.7,742,10,1000.6,1278,8,1001.5,604,6,1001.6,1432,10,1001.7,1050,14,1001.8,1097,14,1001.9,934,14
317,2025-11-26 10:51:54+05:30,1002.0,188,996.37,4011657,418464.0,434442.0,986.2,1002.7,981.3,986.2,120494250,1084.8,887.6,1102.5,649.1,1001.6,297,3,1001.5,541,5,1001.4,379,4,1001.3,1062,8,1001.2,1379,9,1001.8,101,1,1002.1,157,1,1002.2,873,3,1002.3,1021,10,1002.4,1253,7
317,2025-11-26 10:51:54+05:30,1002.0,188,996.37,4011657,418464.0,434442.0,986.2,1002.7,981.3,986.2,120494250,1084.8,887.6,1102.5,649.1,1001.6,297,3,1001.5,541,5,1001.4,379,4,1001.3,1062,8,1001.2,1379,9,1001.8,101,1,1002.1,157,1,1002.2,873,3,1002.3,1021,10,1002.4,1253,7
317,2025-11-26 10:51:55+05:30,1001.4,750,996.4,4029837,416074.0,437942.0,986.2,1002.7,981.3,986.2,120494250,1084.8,887.6,1102.5,649.1,1001.3,174,4,1001.2,684,8,1001.1,844,8,1001.0,515,5,1000.9,718,9,1001.7,127,2,1001.8,565,5,1001.9,663,7,1002.0,669,13,1002.1,1111,7
317,2025-11-26 10:51:55+05:30,1001.4,750,996.4,4029837,416074.0,437942.0,986.2,1002.7,981.3,986.2,120494250,1084.8,887.6,1102.5,649.1,1001.3,174,4,1001.2,684,8,1001.1,844,8,1001.0,515,5,1000.9,718,9,1001.7,127,2,1001.8,565,5,1001.9,663,7,1002.0,669,13,1002.1,1111,7
317,2025-11-26 10:51:56+05:30,1001.7,78,996.4,4029917,416716.0,438344.0,986.2,1002.7,981.3,986.2,120494250,1084.8,887.6,1102.5,649.1,1001.3,513,8,1001.2,785,10,1001.1,740,8,1001.0,733,8,1000.9,906,10,1001.7,47,1,1001.8,505,4,1001.9,618,6,1002.0,671,12,1002.1,533,8
317,2025-11-26 10:51:56+05:30,1001.7,39,996.4,4029917,416716.0,438344.0,986.2,1002.7,981.3,986.2,120494250,1084.8,887.6,1102.5,649.1,1001.3,513,8,1001.2,785,10,1001.1,740,8,1001.0,733,8,1000.9,906,10,1001.7,47,1,1001.8,505,4,1001.9,618,6,1002.0,671,12,1002.1,533,8
317,2025-11-26 10:51:57+05:30,1001.2,36,996.4,4034240,415429.0,441466.0,986.2,1002.7,981.3,986.2,120494250,1084.8,887.6,1102.5,649.1,1001.3,29,2,1001.2,51,1,1001.1,440,6,1001.0,377,6,1000.9,587,6,1001.7,629,5,1001.8,788,6,1001.9,1417,11,1002.0,1148,20,1002.1,775,10
317,2025-11-26 10:51:57+05:30,1001.2,36,996.4,4034240,415429.0,441466.0,986.2,1002.7,981.3,986.2,120494250,1084.8,887.6,1102.5,649.1,1001.3,29,2,1001.2,51,1,1001.1,440,6,1001.0,377,6,1000.9,587,6,1001.7,629,5,1001.8,788,6,1001.9,1417,11,1002.0,1148,20,1002.1,775,10
317,2025-11-26 10:51:58+05:30,1001.2,36,996.4,4034240,415299.0,441881.0,986.2,1002.7,981.3,986.2,120494250,1084.8,887.6,1102.5,649.1,1001.3,29,2,1001.2,51,1,1001.1,203,4,1001.0,681,9,1000.9,574,5,1001.7,891,6,1001.8,1071,8,1001.9,1235,11,1002.0,1148,20,1002.1,775,10
317,2025-11-26 10:51:59+05:30,1001.7,98,996.4,4034425,415971.0,441902.0,986.2,1002.7,981.3,986.2,120494250,1084.8,887.6,1102.5,649.1,1001.5,10,1,1001.3,29,2,1001.2,94,2,1001.1,504,6,1001.0,577,9,1001.7,504,4,1001.8,663,5,1001.9,913,11,1002.0,1122,18,1002.1,801,12
317,2025-11-26 10:51:59+05:30,1001.6,750,996.4,4034425,415971.0,441902.0,986.2,1002.7,981.3,986.2,120494250,1084.8,887.6,1102.5,649.1,1001.5,10,1,1001.3,29,2,1001.2,94,2,1001.1,504,6,1001.0,577,9,1001.7,504,4,1001.8,663,5,1001.9,913,11,1002.0,1122,18,1002.1,801,12
317,2025-11-26 10:52:00+05:30,1002.0,1,996.42,4049370,419533.0,434395.0,986.2,1002.7,981.3,986.2,120494250,1084.8,887.6,1102.5,649.1,1001.9,21,1,1001.8,173,1,1001.7,247,3,1001.6,222,4,1001.5,431,6,1002.2,2,1,1002.3,935,8,1002.4,568,5,1002.5,1557,21,1002.6,1454,9
317,2025-11-26 10:52:00+05:30,1001.6,20,996.42,4049370,419533.0,434395.0,986.2,1002.7,981.3,986.2,120494250,1084.8,887.6,1102.5,649.1,1001.9,21,1,1001.8,173,1,1001.7,247,3,1001.6,222,4,1001.5,431,6,1002.2,2,1,1002.3,935,8,1002.4,568,5,1002.5,1557,21,1002.6,1454,9
317,2025-11-26 10:52:01+05:30,1001.6,100,996.43,4053082,414981.0,436938.0,986.2,1002.7,981.3,986.2,120494250,1084.8,887.6,1102.5,649.1,1001.6,21,1,1001.5,271,4,1001.4,64,2,1001.3,340,4,1001.2,652,9,1002.1,297,2,1002.2,1303,8,1002.3,987,10,1002.4,789,7,1002.5,1323,13
317,2025-11-26 10:52:01+05:30,1001.6,100,996.43,4053082,414981.0,436938.0,986.2,1002.7,981.3,986.2,120494250,1084.8,887.6,1102.5,649.1,1001.6,21,1,1001.5,271,4,1001.4,64,2,1001.3,340,4,1001.2,652,9,1002.1,297,2,1002.2,1303,8,1002.3,987,10,1002.4,789,7,1002.5,1323,13
317,2025-11-26 10:52:02+05:30,1001.6,100,996.43,4053082,415699.0,438867.0,986.2,1002.7,981.3,986.2,120494250,1084.8,887.6,1102.5,649.1,1001.6,21,1,1001.5,225,3,1001.4,64,2,1001.3,496,6,1001.2,792,11,1002.1,498,4,1002.2,2219,14,1002.3,1505,14,1002.4,868,12,1002.5,1323,13
317,2025-11-26 10:52:02+05:30,1001.4,35,996.43,4053082,415699.0,438867.0,986.2,1002.7,981.3,986.2,120494250,1084.8,887.6,1102.5,649.1,1001.6,21,1,1001.5,225,3,1001.4,64,2,1001.3,496,6,1001.2,792,11,1002.1,498,4,1002.2,2219,14,1002.3,1505,14,1002.4,868,12,1002.5,1323,13
317,2025-11-26 10:52:03+05:30,1001.4,35,996.43,4053130,415163.0,440221.0,986.2,1002.7,981.3,986.2,120494250,1084.8,887.6,1102.5,649.1,1001.5,87,1,1001.4,188,2,1001.3,107,2,1001.2,681,9,1001.1,956,9,1001.9,11,1,1002.0,411,4,1002.1,1725,13,1002.2,1497,13,1002.3,1432,14
317,2025-11-26 10:52:04+05:30,1001.9,124,996.43,4053316,414753.0,440062.0,986.2,1002.7,981.3,986.2,120494250,1084.8,887.6,1102.5,649.1,1001.5,87,1,1001.3,183,2,1001.2,530,8,1001.1,1011,11,1001.0,793,12,1001.9,173,3,1002.0,415,4,1002.1,1526,9,1002.2,1135,11,1002.3,941,14
317,2025-11-26 10:52:04+05:30,1001.5,31,996.43,4053316,414753.0,440062.0,986.2,1002.7,981.3,986.2,120494250,1084.8,887.6,1102.5,649.1,1001.5,87,1,1001.3,183,2,1001.2,530,8,1001.1,1011,11,1001.0,793,12,1001.9,173,3,1002.0,415,4,1002.1,1526,9,1002.2,1135,11,1002.3,941,14
317,2025-11-26 10:52:05+05:30,1001.9,116,996.43,4053636,416233.0,437741.0,986.2,1002.7,981.3,986.2,120494250,1084.8,887.6,1102.5,649.1,1001.4,652,10,1001.3,1003,9,1001.2,931,13,1001.1,1125,10,1001.0,842,13,1002.0,31,1,1002.1,622,6,1002.2,1090,10,1002.3,971,9,1002.4,1081,15
317,2025-11-26 10:52:05+05:30,1001.9,116,996.43,4053636,416233.0,437741.0,986.2,1002.7,981.3,986.2,120494250,1084.8,887.6,1102.5,649.1,1001.4,652,10,1001.3,1003,9,1001.2,931,13,1001.1,1125,10,1001.0,842,13,1002.0,31,1,1002.1,622,6,1002.2,1090,10,1002.3,971,9,1002.4,1081,15
317,2025-11-26 10:52:06+05:30,1001.9,116,996.43,4053636,416868.0,436841.0,986.2,1002.7,981.3,986.2,120494250,1084.8,887.6,1102.5,649.1,1001.5,444,4,1001.4,835,10,1001.3,1245,11,1001.2,931,13,1001.1,915,9,1002.0,31,1,1002.1,571,4,1002.2,1041,9,1002.3,937,10,1002.4,1714,10
317,2025-11-26 10:52:07+05:30,1001.9,116,996.43,4053636,415783.0,439637.0,986.2,1002.7,981.3,986.2,120494250,1084.8,887.6,1102.5,649.1,1001.5,21,1,1001.4,602,8,1001.3,1043,10,1001.2,758,14,1001.1,1125,10,1001.9,11,1,1002.0,335,5,1002.1,861,7,1002.2,1422,12,1002.3,1014,15
317,2025-11-26 10:52:08+05:30,1001.9,3,996.43,4054501,417460.0,438047.0,986.2,1002.7,981.3,986.2,120494250,1084.8,887.6,1102.5,649.1,1001.9,3,1,1001.6,60,2,1001.5,223,2,1001.4,671,7,1001.3,906,11,1002.1,462,3,1002.2,1055,9,1002.3,1269,15,1002.4,1412,10,1002.5,1607,15
317,2025-11-26 10:52:08+05:30,1001.9,2,996.43,4054501,417460.0,438047.0,986.2,1002.7,981.3,986.2,120494250,1084.8,887.6,1102.5,649.1,1001.9,3,1,1001.6,60,2,1001.5,223,2,1001.4,671,7,1001.3,906,11,1002.1,462,3,1002.2,1055,9,1002.3,1269,15,1002.4,1412,10,1002.5,1607,15
317,2025-11-26 10:52:09+05:30,1002.0,93,996.43,4055186,418848.0,437255.0,986.2,1002.7,981.3,986.2,120494250,1084.8,887.6,1102.5,649.1,1001.9,3,1,1001.7,32,1,1001.6,523,5,1001.5,452,5,1001.4,822,9,1002.1,472,3,1002.2,759,5,1002.3,1015,9,1002.4,1300,8,1002.5,1916,22
317,2025-11-26 10:52:09+05:30,1002.0,93,996.43,4055186,418848.0,437255.0,986.2,1002.7,981.3,986.2,120494250,1084.8,887.6,1102.5,649.1,1001.9,3,1,1001.7,32,1,1001.6,523,5,1001.5,452,5,1001.4,822,9,1002.1,472,3,1002.2,759,5,1002.3,1015,9,1002.4,1300,8,1002.5,1916,22
317,2025-11-26 10:52:10+05:30,1002.1,1,996.43,4056402,419957.0,436484.0,986.2,1002.7,981.3,986.2,120494250,1084.8,887.6,1102.5,649.1,1001.9,80,5,1001.8,125,1,1001.7,613,7,1001.6,633,8,1001.5,690,6,1002.1,262,2,1002.2,757,4,1002.3,656,6,1002.4,1073,7,1002.5,1604,20
317,2025-11-26 10:52:10+05:30,1002.2,182,996.43,4056402,419957.0,436484.0,986.2,1002.7,981.3,986.2,120494250,1084.8,887.6,1102.5,649.1,1001.9,80,5,1001.8,125,1,1001.7,613,7,1001.6,633,8,1001.5,690,6,1002.1,262,2,1002.2,757,4,1002.3,656,6,1002.4,1073,7,1002.5,1604,20
317,2025-11-26 10:52:11+05:30,1002.2,182,996.43,4057817,419739.0,436566.0,986.2,1002.7,981.3,986.2,120494250,1084.8,887.6,1102.5,649.1,1002.1,3,1,1001.9,34,2,1001.8,202,1,1001.7,629,7,1001.6,840,9,1002.2,261,2,1002.3,300,2,1002.4,1103,6,1002.5,1661,12,1002.6,525,7
317,2025-11-26 10:52:11+05:30,1002.3,9,996.43,4057817,419739.0,436566.0,986.2,1002.7,981.3,986.2,120494250,1084.8,887.6,1102.5,649.1,1002.1,3,1,1001.9,34,2,1001.8,202,1,1001.7,629,7,1001.6,840,9,1002.2,261,2,1002.3,300,2,1002.4,1103,6,1002.5,1661,12,1002.6,525,7
317,2025-11-26 10:52:12+05:30,1002.3,9,996.43,4057817,419739.0,436566.0,986.2,1002.7,981.3,986.2,120494250,1084.8,887.6,1102.5,649.1,1002.1,3,1,1001.9,34,2,1001.8,202,1,1001.7,629,7,1001.6,840,9,1002.2,261,2,1002.3,300,2,1002.4,1103,6,1002.5,1661,12,1002.6,525,7
317,2025-11-26 10:52:12+05:30,1002.3,9,996.43,4059320,418811.0,435113.0,986.2,1002.7,981.3,986.2,120494250,1084.8,887.6,1102.5,649.1,1002.0,21,1,1001.9,46,3,1001.8,374,3,1001.7,741,7,1001.6,836,12,1002.3,456,1,1002.4,834,5,1002.5,1465,11,1002.6,384,4,1002.7,1630,18
317,2025-11-26 10:52:12+05:30,1002.3,9,996.43,4059320,418811.0,435113.0,986.2,1002.7,981.3,986.2,120494250,1084.8,887.6,1102.5,649.1,1002.0,21,1,1001.9,46,3,1001.8,374,3,1001.7,741,7,1001.6,836,12,1002.3,456,1,1002.4,834,5,1002.5,1465,11,1002.6,384,4,1002.7,1630,18
317,2025-11-26 10:52:12+05:30,1002.3,192,996.43,4059320,418811.0,435113.0,986.2,1002.7,981.3,986.2,120494250,1084.8,887.6,1102.5,649.1,1002.0,21,1,1001.9,46,3,1001.8,374,3,1001.7,741,7,1001.6,836,12,1002.3,456,1,1002.4,834,5,1002.5,1465,11,1002.6,384,4,1002.7,1630,18
317,2025-11-26 10:52:12+05:30,1002.3,192,996.43,4059320,418811.0,435113.0,986.2,1002.7,981.3,986.2,120494250,1084.8,887.6,1102.5,649.1,1002.0,21,1,1001.9,46,3,1001.8,374,3,1001.7,741,7,1001.6,836,12,1002.3,456,1,1002.4,834,5,1002.5,1465,11,1002.6,384,4,1002.7,1630,18
317,2025-11-26 10:52:13+05:30,1002.3,192,996.43,4059512,418110.0,436834.0,986.2,1002.7,981.3,986.2,120494250,1084.8,887.6,1102.5,649.1,1001.9,134,3,1001.7,176,3,1001.6,771,8,1001.5,1179,12,1001.4,629,8,1002.3,963,6,1002.4,1485,9,1002.5,1380,14,1002.6,655,8,1002.7,1407,16
317,2025-11-26 10:52:13+05:30,1002.3,192,996.43,4059512,418110.0,436834.0,986.2,1002.7,981.3,986.2,120494250,1084.8,887.6,1102.5,649.1,1001.9,134,3,1001.7,176,3,1001.6,771,8,1001.5,1179,12,1001.4,629,8,1002.3,963,6,1002.4,1485,9,1002.5,1380,14,1002.6,655,8,1002.7,1407,16
317,2025-11-26 10:52:14+05:30,1002.3,192,996.43,4059512,418110.0,436834.0,986.2,1002.7,981.3,986.2,120494250,1084.8,887.6,1102.5,649.1,1001.9,134,3,1001.7,176,3,1001.6,771,8,1001.5,1179,12,1001.4,629,8,1002.3,963,6,1002.4,1485,9,1002.5,1380,14,1002.6,655,8,1002.7,1407,16
317,2025-11-26 10:52:14+05:30,1002.3,2,996.44,4059699,418252.0,436305.0,986.2,1002.7,981.3,986.2,120494250,1084.8,887.6,1102.5,649.1,1002.0,112,1,1001.9,146,4,1001.7,354,4,1001.6,771,8,1001.5,1179,12,1002.3,622,6,1002.4,1191,7,1002.5,1645,16,1002.6,655,8,1002.7,1407,16
317,2025-11-26 10:52:14+05:30,1002.3,2,996.44,4059699,418252.0,436305.0,986.2,1002.7,981.3,986.2,120494250,1084.8,887.6,1102.5,649.1,1002.0,112,1,1001.9,146,4,1001.7,354,4,1001.6,771,8,1001.5,1179,12,1002.3,622,6,1002.4,1191,7,1002.5,1645,16,1002.6,655,8,1002.7,1407,16
317,2025-11-26 10:52:14+05:30,1002.3,2,996.44,4059699,418252.0,436305.0,986.2,1002.7,981.3,986.2,120494250,1084.8,887.6,1102.5,649.1,1002.0,112,1,1001.9,146,4,1001.7,354,4,1001.6,771,8,1001.5,1179,12,1002.3,622,6,1002.4,1191,7,1002.5,1645,16,1002.6,655,8,1002.7,1407,16
317,2025-11-26 10:52:14+05:30,1002.3,2,996.44,4059699,418252.0,436305.0,986.2,1002.7,981.3,986.2,120494250,1084.8,887.6,1102.5,649.1,1002.0,112,1,1001.9,146,4,1001.7,354,4,1001.6,771,8,1001.5,1179,12,1002.3,622,6,1002.4,1191,7,1002.5,1645,16,1002.6,655,8,1002.7,1407,16
317,2025-11-26 10:52:15+05:30,1002.3,2,996.44,4059699,418252.0,436305.0,986.2,1002.7,981.3,986.2,120494250,1084.8,887.6,1102.5,649.1,1002.0,112,1,1001.9,146,4,1001.7,354,4,1001.6,771,8,1001.5,1179,12,1002.3,622,6,1002.4,1191,7,1002.5,1645,16,1002.6,655,8,1002.7,1407,16
317,2025-11-26 10:52:15+05:30,1002.3,15,996.44,4059714,418352.0,437214.0,986.2,1002.7,981.3,986.2,120494250,1084.8,887.6,1102.5,649.1,1002.0,112,1,1001.9,146,4,1001.7,354,4,1001.6,771,8,1001.5,1179,12,1002.3,780,9,1002.4,1217,9,1002.5,1620,15,1002.6,655,8,1002.7,1407,16
317,2025-11-26 10:52:15+05:30,1002.3,15,996.44,4059714,418352.0,437214.0,986.2,1002.7,981.3,986.2,120494250,1084.8,887.6,1102.5,649.1,1002.0,112,1,1001.9,146,4,1001.7,354,4,1001.6,771,8,1001.5,1179,12,1002.3,780,9,1002.4,1217,9,1002.5,1620,15,1002.6,655,8,1002.7,1407,16
317,2025-11-26 10:52:15+05:30,1002.3,15,996.44,4059714,418352.0,437214.0,986.2,1002.7,981.3,986.2,120479250,1084.8,887.6,1102.5,649.1,1002.0,112,1,1001.9,146,4,1001.7,354,4,1001.6,771,8,1001.5,1179,12,1002.3,780,9,1002.4,1217,9,1002.5,1620,15,1002.6,655,8,1002.7,1407,16
317,2025-11-26 10:52:15+05:30,1002.3,15,996.44,4059714,418352.0,437214.0,986.2,1002.7,981.3,986.2,120479250,1084.8,887.6,1102.5,649.1,1002.0,112,1,1001.9,146,4,1001.7,354,4,1001.6,771,8,1001.5,1179,12,1002.3,780,9,1002.4,1217,9,1002.5,1620,15,1002.6,655,8,1002.7,1407,16
317,2025-11-26 10:52:16+05:30,1002.3,15,996.44,4059714,418352.0,437214.0,986.2,1002.7,981.3,986.2,120479250,1084.8,887.6,1102.5,649.1,1002.0,112,1,1001.9,146,4,1001.7,354,4,1001.6,771,8,1001.5,1179,12,1002.3,780,9,1002.4,1217,9,1002.5,1620,15,1002.6,655,8,1002.7,1407,16
317,2025-11-26 10:52:16+05:30,1002.3,15,996.44,4059714,418342.0,437314.0,986.2,1002.7,981.3,986.2,120479250,1084.8,887.6,1102.5,649.1,1002.0,125,2,1001.9,133,3,1001.7,354,4,1001.6,771,8,1001.5,1179,12,1002.3,780,9,1002.4,1217,9,1002.5,1666,16,1002.6,655,8,1002.7,1407,16
317,2025-11-26 10:52:16+05:30,1002.3,15,996.44,4059714,418342.0,437314.0,986.2,1002.7,981.3,986.2,120479250,1084.8,887.6,1102.5,649.1,1002.0,125,2,1001.9,133,3,1001.7,354,4,1001.6,771,8,1001.5,1179,12,1002.3,780,9,1002.4,1217,9,1002.5,1666,16,1002.6,655,8,1002.7,1407,16
317,2025-11-26 10:52:16+05:30,1002.0,50,996.44,4059714,418342.0,437314.0,986.2,1002.7,981.3,986.2,120479250,1084.8,887.6,1102.5,649.1,1002.0,125,2,1001.9,133,3,1001.7,354,4,1001.6,771,8,1001.5,1179,12,1002.3,780,9,1002.4,1217,9,1002.5,1666,16,1002.6,655,8,1002.7,1407,16
317,2025-11-26 10:52:17+05:30,1002.0,50,996.44,4059764,418424.0,437836.0,986.2,1002.7,981.3,986.2,120479250,1084.8,887.6,1102.5,649.1,1002.0,75,2,1001.9,133,3,1001.7,176,3,1001.6,885,9,1001.5,1153,10,1002.3,847,9,1002.4,1417,10,1002.5,1463,16,1002.6,655,8,1002.7,1557,17
317,2025-11-26 10:52:17+05:30,1002.0,3,996.44,4059764,418424.0,437836.0,986.2,1002.7,981.3,986.2,120479250,1084.8,887.6,1102.5,649.1,1002.0,75,2,1001.9,133,3,1001.7,176,3,1001.6,885,9,1001.5,1153,10,1002.3,847,9,1002.4,1417,10,1002.5,1463,16,1002.6,655,8,1002.7,1557,17
317,2025-11-26 10:52:18+05:30,1002.0,13,996.44,4059839,416713.0,438932.0,986.2,1002.7,981.3,986.2,120479250,1084.8,887.6,1102.5,649.1,1001.9,133,3,1001.6,575,5,1001.5,953,8,1001.4,770,8,1001.3,1010,15,1002.0,938,1,1002.2,422,3,1002.3,939,12,1002.4,1580,13,1002.5,1620,17
317,2025-11-26 10:52:18+05:30,1002.0,13,996.44,4059839,416713.0,438932.0,986.2,1002.7,981.3,986.2,120479250,1084.8,887.6,1102.5,649.1,1001.9,133,3,1001.6,575,5,1001.5,953,8,1001.4,770,8,1001.3,1010,15,1002.0,938,1,1002.2,422,3,1002.3,939,12,1002.4,1580,13,1002.5,1620,17
317,2025-11-26 10:52:19+05:30,1002.0,186,996.44,4060025,416593.0,432271.0,986.2,1002.7,981.3,986.2,120479250,1084.8,887.6,1102.5,649.1,1001.9,130,3,1001.6,267,3,1001.5,953,8,1001.4,770,8,1001.3,1036,17,1002.0,772,2,1002.2,422,3,1002.3,1210,14,1002.4,1304,10,1002.5,6826,19
317,2025-11-26 10:52:19+05:30,1002.0,186,996.44,4060025,416593.0,432271.0,986.2,1002.7,981.3,986.2,120479250,1084.8,887.6,1102.5,649.1,1001.9,130,3,1001.6,267,3,1001.5,953,8,1001.4,770,8,1001.3,1036,17,1002.0,772,2,1002.2,422,3,1002.3,1210,14,1002.4,1304,10,1002.5,6826,19
317,2025-11-26 10:52:20+05:30,1001.9,22,996.44,4060025,416593.0,432271.0,986.2,1002.7,981.3,986.2,120479250,1084.8,887.6,1102.5,649.1,1001.9,130,3,1001.6,267,3,1001.5,953,8,1001.4,770,8,1001.3,1036,17,1002.0,772,2,1002.2,422,3,1002.3,1210,14,1002.4,1304,10,1002.5,6826,19
317,2025-11-26 10:52:20+05:30,1001.9,22,996.44,4060441,415414.0,433892.0,986.2,1002.7,981.3,986.2,120479250,1084.8,887.6,1102.5,649.1,1001.8,16,1,1001.6,117,2,1001.4,588,6,1001.3,1033,16,1001.2,1619,11,1001.9,34,2,1002.0,822,3,1002.1,672,5,1002.2,902,7,1002.3,975,16
317,2025-11-26 10:52:21+05:30,1001.9,22,996.44,4060441,415750.0,434103.0,986.2,1002.7,981.3,986.2,120479250,1084.8,887.6,1102.5,649.1,1001.8,16,1,1001.6,117,2,1001.4,425,5,1001.3,1033,16,1001.2,1773,12,1001.9,124,3,1002.0,972,4,1002.1,672,5,1002.2,1056,8,1002.3,902,13
317,2025-11-26 10:52:22+05:30,1001.9,2,996.44,4060441,415750.0,434103.0,986.2,1002.7,981.3,986.2,120479250,1084.8,887.6,1102.5,649.1,1001.8,16,1,1001.6,117,2,1001.4,425,5,1001.3,1033,16,1001.2,1773,12,1001.9,124,3,1002.0,972,4,1002.1,672,5,1002.2,1056,8,1002.3,902,13
317,2025-11-26 10:52:22+05:30,1001.9,2,996.44,4060443,415724.0,433986.0,986.2,1002.7,981.3,986.2,120479250,1084.8,887.6,1102.5,649.1,1001.8,16,1,1001.6,117,2,1001.4,425,5,1001.3,1073,17,1001.2,1773,12,1001.9,122,3,1002.0,1234,6,1002.1,731,6,1002.2,1056,8,1002.3,902,13
317,2025-11-26 10:52:23+05:30,1001.9,2,996.44,4060443,415482.0,433924.0,986.2,1002.7,981.3,986.2,120479250,1084.8,887.6,1102.5,649.1,1001.8,16,1,1001.6,117,2,1001.4,425,5,1001.3,1073,17,1001.2,1773,12,1001.9,122,3,1002.0,1234,6,1002.1,672,5,1002.2,1039,8,1002.3,902,13
317,2025-11-26 10:52:24+05:30,1001.9,1,996.44,4060443,415482.0,433924.0,986.2,1002.7,981.3,986.2,120479250,1084.8,887.6,1102.5,649.1,1001.8,16,1,1001.6,117,2,1001.4,425,5,1001.3,1073,17,1001.2,1773,12,1001.9,122,3,1002.0,1234,6,1002.1,672,5,1002.2,1039,8,1002.3,902,13
317,2025-11-26 10:52:24+05:30,1001.9,1,996.44,4060773,415838.0,433681.0,986.2,1002.7,981.3,986.2,120479250,1084.8,887.6,1102.5,649.1,1001.5,112,2,1001.4,572,6,1001.3,956,16,1001.2,951,10,1001.1,1152,11,1001.9,52,2,1002.0,1544,9,1002.1,828,6,1002.2,855,8,1002.3,1015,18
317,2025-11-26 10:52:25+05:30,1001.9,209,996.44,4060773,415838.0,433681.0,986.2,1002.7,981.3,986.2,120479250,1084.8,887.6,1102.5,649.1,1001.5,112,2,1001.4,572,6,1001.3,956,16,1001.2,951,10,1001.1,1152,11,1001.9,52,2,1002.0,1544,9,1002.1,828,6,1002.2,855,8,1002.3,1015,18
317,2025-11-26 10:52:25+05:30,1001.9,209,996.44,4061550,416400.0,432033.0,986.2,1002.7,981.3,986.2,120479250,1084.8,887.6,1102.5,649.1,1001.9,428,1,1001.6,149,4,1001.5,14,1,1001.4,291,4,1001.3,1103,9,1002.0,1074,5,1002.1,322,2,1002.2,694,7,1002.3,1271,13,1002.4,1003,16
317,2025-11-26 10:52:26+05:30,1001.9,11,996.44,4061550,416400.0,432033.0,986.2,1002.7,981.3,986.2,120479250,1084.8,887.6,1102.5,649.1,1001.9,428,1,1001.6,149,4,1001.5,14,1,1001.4,291,4,1001.3,1103,9,1002.0,1074,5,1002.1,322,2,1002.2,694,7,1002.3,1271,13,1002.4,1003,16
317,2025-11-26 10:52:26+05:30,1001.9,11,996.44,4061561,416375.0,431878.0,986.2,1002.7,981.3,986.2,120479250,1084.8,887.6,1102.5,649.1,1001.9,417,1,1001.6,106,3,1001.5,14,1,1001.4,340,5,1001.3,1339,12,1002.0,1074,5,1002.1,352,3,1002.2,694,7,1002.3,1271,13,1002.4,1003,16
317,2025-11-26 10:52:27+05:30,1001.9,11,996.44,4061561,416406.0,433373.0,986.2,1002.7,981.3,986.2,120479250,1084.8,887.6,1102.5,649.1,1001.9,417,1,1001.6,106,3,1001.5,14,1,1001.4,672,8,1001.3,1418,13,1002.0,1074,5,1002.1,468,6,1002.2,1614,9,1002.3,962,11,1002.4,1026,15
317,2025-11-26 10:52:29+05:30,1002.0,185,996.44,4061746,416385.0,434526.0,986.2,1002.7,981.3,986.2,120479250,1084.8,887.6,1102.5,649.1,1001.9,467,2,1001.6,106,3,1001.5,14,1,1001.4,672,8,1001.3,1392,11,1002.0,1099,6,1002.1,1371,8,1002.2,1097,9,1002.3,1028,12,1002.4,816,14
317,2025-11-26 10:52:29+05:30,1001.9,10,996.44,4061746,416385.0,434526.0,986.2,1002.7,981.3,986.2,120479250,1084.8,887.6,1102.5,649.1,1001.9,467,2,1001.6,106,3,1001.5,14,1,1001.4,672,8,1001.3,1392,11,1002.0,1099,6,1002.1,1371,8,1002.2,1097,9,1002.3,1028,12,1002.4,816,14
317,2025-11-26 10:52:30+05:30,1001.9,13,996.44,4062226,414574.0,435394.0,986.2,1002.7,981.3,986.2,120479250,1084.8,887.6,1102.5,649.1,1001.6,104,2,1001.5,14,1,1001.4,226,4,1001.3,599,8,1001.2,947,13,1001.9,45,2,1002.0,1324,8,1002.1,1765,12,1002.2,790,9,1002.3,1164,13
317,2025-11-26 10:52:30+05:30,1001.6,8,996.44,4062226,414574.0,435394.0,986.2,1002.7,981.3,986.2,120479250,1084.8,887.6,1102.5,649.1,1001.6,104,2,1001.5,14,1,1001.4,226,4,1001.3,599,8,1001.2,947,13,1001.9,45,2,1002.0,1324,8,1002.1,1765,12,1002.2,790,9,1002.3,1164,13
317,2025-11-26 10:52:31+05:30,1001.6,8,996.44,4062234,414740.0,435744.0,986.2,1002.7,981.3,986.2,120479250,1084.8,887.6,1102.5,649.1,1001.6,96,2,1001.5,14,1,1001.4,226,4,1001.3,389,7,1001.2,767,10,1001.9,459,6,1002.0,1379,10,1002.1,1922,13,1002.2,780,8,1002.3,844,12
317,2025-11-26 10:52:32+05:30,1001.6,8,996.44,4062234,414586.0,436252.0,986.2,1002.7,981.3,986.2,120479250,1084.8,887.6,1102.5,649.1,1001.6,96,2,1001.5,14,1,1001.4,226,4,1001.3,389,7,1001.2,767,10,1001.9,459,6,1002.0,1379,10,1002.1,1922,13,1002.2,780,8,1002.3,844,12
317,2025-11-26 10:52:33+05:30,1001.6,8,996.44,4062234,416591.0,436282.0,986.2,1002.7,981.3,986.2,120479250,1084.8,887.6,1102.5,649.1,1001.6,96,2,1001.5,14,1,1001.4,226,4,1001.3,349,6,1001.2,846,11,1001.9,659,7,1002.0,1179,9,1002.1,1922,13,1002.2,780,8,1002.3,844,12
317,2025-11-26 10:52:34+05:30,1001.9,4,996.44,4062419,414131.0,436602.0,986.2,1002.7,981.3,986.2,120479250,1084.8,887.6,1102.5,649.1,1001.7,112,1,1001.6,106,3,1001.5,14,1,1001.4,226,4,1001.3,355,7,1001.9,369,4,1002.0,1385,10,1002.1,1981,14,1002.2,780,8,1002.3,844,12
317,2025-11-26 10:52:34+05:30,1001.9,4,996.44,4062419,414131.0,436602.0,986.2,1002.7,981.3,986.2,120479250,1084.8,887.6,1102.5,649.1,1001.7,112,1,1001.6,106,3,1001.5,14,1,1001.4,226,4,1001.3,355,7,1001.9,369,4,1002.0,1385,10,1002.1,1981,14,1002.2,780,8,1002.3,844,12
317,2025-11-26 10:52:35+05:30,1001.7,22,996.44,4062553,416163.0,435112.0,986.2,1002.7,981.3,986.2,120479250,1084.8,887.6,1102.5,649.1,1001.6,38,2,1001.4,226,4,1001.3,260,5,1001.2,875,12,1001.1,1341,16,1001.7,74,1,1001.9,412,4,1002.0,1166,9,1002.1,1415,15,1002.2,780,8
317,2025-11-26 10:52:35+05:30,1001.7,22,996.44,4062553,416163.0,435112.0,986.2,1002.7,981.3,986.2,120479250,1084.8,887.6,1102.5,649.1,1001.6,38,2,1001.4,226,4,1001.3,260,5,1001.2,875,12,1001.1,1341,16,1001.7,74,1,1001.9,412,4,1002.0,1166,9,1002.1,1415,15,1002.2,780,8
317,2025-11-26 10:52:36+05:30,1001.7,22,996.44,4062553,416998.0,437871.0,986.2,1002.7,981.3,986.2,120479250,1084.8,887.6,1102.5,649.1,1001.6,38,2,1001.4,226,4,1001.3,211,4,1001.2,875,12,1001.1,1366,17,1001.7,125,2,1001.8,57,1,1001.9,551,5,1002.0,1913,10,1002.1,1315,15
317,2025-11-26 10:52:36+05:30,1001.7,50,996.44,4062553,416998.0,437871.0,986.2,1002.7,981.3,986.2,120479250,1084.8,887.6,1102.5,649.1,1001.6,38,2,1001.4,226,4,1001.3,211,4,1001.2,875,12,1001.1,1366,17,1001.7,125,2,1001.8,57,1,1001.9,551,5,1002.0,1913,10,1002.1,1315,15
317,2025-11-26 10:52:37+05:30,1001.7,1,996.44,4062884,415603.0,438345.0,986.2,1002.7,981.3,986.2,120479250,1084.8,887.6,1102.5,649.1,1001.3,88,2,1001.2,703,6,1001.1,1019,10,1001.0,644,10,1000.9,1102,14,1001.7,123,4,1001.8,354,5,1001.9,1244,8,1002.0,2680,17,1002.1,917,11
317,2025-11-26 10:52:37+05:30,1001.3,1,996.44,4062884,415603.0,438345.0,986.2,1002.7,981.3,986.2,120479250,1084.8,887.6,1102.5,649.1,1001.3,88,2,1001.2,703,6,1001.1,1019,10,1001.0,644,10,1000.9,1102,14,1001.7,123,4,1001.8,354,5,1001.9,1244,8,1002.0,2680,17,1002.1,917,11
317,2025-11-26 10:52:38+05:30,1001.3,1,996.44,4062885,415692.0,438240.0,986.2,1002.7,981.3,986.2,120479250,1084.8,887.6,1102.5,649.1,1001.3,86,1,1001.2,355,5,1001.1,1158,11,1001.0,644,10,1000.9,1102,14,1001.7,228,6,1001.8,354,5,1001.9,1244,8,1002.0,2680,17,1002.1,707,10
317,2025-11-26 10:52:39+05:30,1001.7,1,996.44,4063071,415671.0,438229.0,986.2,1002.7,981.3,986.2,120479250,1084.8,887.6,1102.5,649.1,1001.3,86,1,1001.2,355,5,1001.1,1158,11,1001.0,644,10,1000.9,1102,14,1001.7,216,4,1001.8,354,5,1001.9,1254,10,1002.0,2671,16,1002.1,707,10
317,2025-11-26 10:52:39+05:30,1001.7,1,996.44,4063071,415671.0,438229.0,986.2,1002.7,981.3,986.2,120479250,1084.8,887.6,1102.5,649.1,1001.3,86,1,1001.2,355,5,1001.1,1158,11,1001.0,644,10,1000.9,1102,14,1001.7,216,4,1001.8,354,5,1001.9,1254,10,1002.0,2671,16,1002.1,707,10
317,2025-11-26 10:52:40+05:30,1001.7,1,996.44,4063071,413491.0,441468.0,986.2,1002.7,981.3,986.2,120479250,1084.8,887.6,1102.5,649.1,1001.1,171,2,1001.0,305,4,1000.9,524,4,1000.8,853,15,1000.7,954,8,1001.3,96,1,1001.5,481,5,1001.6,447,4,1001.7,1290,9,1001.8,971,12
317,2025-11-26 10:52:41+05:30,1001.7,1,996.44,4063071,413170.0,441229.0,986.2,1002.7,981.3,986.2,120479250,1084.8,887.6,1102.5,649.1,1001.1,20,1,1001.0,15,2,1000.9,362,3,1000.8,979,16,1000.7,954,8,1001.3,96,1,1001.4,38,1,1001.5,677,7,1001.6,1246,6,1001.7,515,9
317,2025-11-26 10:52:42+05:30,1001.3,2,996.44,4063073,412349.0,442702.0,986.2,1002.7,981.3,986.2,120479250,1084.8,887.6,1102.5,649.1,1001.1,20,1,1001.0,9,1,1000.9,151,1,1000.8,526,9,1000.7,954,8,1001.3,255,3,1001.4,484,4,1001.5,640,7,1001.6,1421,9,1001.7,866,10
317,2025-11-26 10:52:42+05:30,1001.3,2,996.44,4063073,412349.0,442702.0,986.2,1002.7,981.3,986.2,120479250,1084.8,887.6,1102.5,649.1,1001.1,20,1,1001.0,9,1,1000.9,151,1,1000.8,526,9,1000.7,954,8,1001.3,255,3,1001.4,484,4,1001.5,640,7,1001.6,1421,9,1001.7,866,10
317,2025-11-26 10:52:43+05:30,1001.3,2,996.44,4063107,411888.0,442344.0,986.2,1002.7,981.3,986.2,120479250,1084.8,887.6,1102.5,649.1,1001.1,20,1,1001.0,9,1,1000.9,151,1,1000.8,736,10,1000.7,954,8,1001.3,221,3,1001.4,484,4,1001.5,689,8,1001.6,1477,9,1001.7,866,10
317,2025-11-26 10:52:43+05:30,1001.3,3,996.44,4063107,411888.0,442344.0,986.2,1002.7,981.3,986.2,120479250,1084.8,887.6,1102.5,649.1,1001.1,20,1,1001.0,9,1,1000.9,151,1,1000.8,736,10,1000.7,954,8,1001.3,221,3,1001.4,484,4,1001.5,689,8,1001.6,1477,9,1001.7,866,10
317,2025-11-26 10:52:44+05:30,1001.3,127,996.44,4063294,413922.0,442256.0,986.2,1002.7,981.3,986.2,120479250,1084.8,887.6,1102.5,649.1,1001.1,20,1,1001.0,9,1,1000.9,151,1,1000.8,526,9,1000.7,954,8,1001.3,130,3,1001.4,361,4,1001.5,1015,10,1001.6,1490,10,1001.7,875,11
317,2025-11-26 10:52:44+05:30,1001.3,127,996.44,4063294,413922.0,442256.0,986.2,1002.7,981.3,986.2,120479250,1084.8,887.6,1102.5,649.1,1001.1,20,1,1001.0,9,1,1000.9,151,1,1000.8,526,9,1000.7,954,8,1001.3,130,3,1001.4,361,4,1001.5,1015,10,1001.6,1490,10,1001.7,875,11
317,2025-11-26 10:52:45+05:30,1001.1,50,996.44,4064394,413711.0,437401.0,986.2,1002.7,981.3,986.2,120479250,1084.8,887.6,1102.5,649.1,1001.0,9,1,1000.9,226,3,1000.8,1071,13,1000.7,856,12,1000.6,750,8,1001.3,6,1,1001.4,125,3,1001.5,624,7,1001.6,648,6,1001.7,838,11
317,2025-11-26 10:52:45+05:30,1001.1,50,996.44,4064394,413711.0,437401.0,986.2,1002.7,981.3,986.2,120479250,1084.8,887.6,1102.5,649.1,1001.0,9,1,1000.9,226,3,1000.8,1071,13,1000.7,856,12,1000.6,750,8,1001.3,6,1,1001.4,125,3,1001.5,624,7,1001.6,648,6,1001.7,838,11
317,2025-11-26 10:52:46+05:30,1001.1,50,996.44,4064394,411696.0,437466.0,986.2,1002.7,981.3,986.2,120479250,1084.8,887.6,1102.5,649.1,1001.0,15,2,1000.9,352,4,1000.8,945,12,1000.7,869,13,1000.6,750,8,1001.3,6,1,1001.4,125,3,1001.5,624,7,1001.6,648,6,1001.7,838,11
317,2025-11-26 10:52:47+05:30,1001.3,444,996.44,4065359,413264.0,438141.0,986.2,1002.7,981.3,986.2,120479250,1084.8,887.6,1102.5,649.1,1001.0,268,6,1000.9,324,4,1000.8,773,10,1000.7,427,6,1000.6,745,6,1001.3,133,1,1001.4,3,1,1001.5,277,3,1001.6,479,4,1001.7,1811,9
317,2025-11-26 10:52:47+05:30,1001.4,27,996.44,4065359,413264.0,438141.0,986.2,1002.7,981.3,986.2,120479250,1084.8,887.6,1102.5,649.1,1001.0,268,6,1000.9,324,4,1000.8,773,10,1000.7,427,6,1000.6,745,6,1001.3,133,1,1001.4,3,1,1001.5,277,3,1001.6,479,4,1001.7,1811,9
317,2025-11-26 10:52:48+05:30,1001.4,27,996.44,4066105,415082.0,436412.0,986.2,1002.7,981.3,986.2,120479250,1084.8,887.6,1102.5,649.1,1001.4,289,1,1001.2,56,3,1001.1,73,3,1001.0,293,8,1000.9,630,10,1001.5,200,1,1001.6,50,2,1001.7,481,6,1001.8,1228,7,1001.9,1644,22
317,2025-11-26 10:52:48+05:30,1001.5,50,996.44,4066105,415082.0,436412.0,986.2,1002.7,981.3,986.2,120479250,1084.8,887.6,1102.5,649.1,1001.4,289,1,1001.2,56,3,1001.1,73,3,1001.0,293,8,1000.9,630,10,1001.5,200,1,1001.6,50,2,1001.7,481,6,1001.8,1228,7,1001.9,1644,22
317,2025-11-26 10:52:49+05:30,1001.5,186,996.44,4066341,416187.0,435875.0,986.2,1002.7,981.3,986.2,120479250,1084.8,887.6,1102.5,649.1,1001.4,295,2,1001.2,215,6,1001.1,781,8,1001.0,854,14,1000.9,1027,12,1001.5,200,1,1001.6,1,1,1001.7,187,3,1001.8,982,4,1001.9,1374,13
317,2025-11-26 10:52:49+05:30,1001.5,186,996.44,4066341,416187.0,435875.0,986.2,1002.7,981.3,986.2,120479250,1084.8,887.6,1102.5,649.1,1001.4,295,2,1001.2,215,6,1001.1,781,8,1001.0,854,14,1000.9,1027,12,1001.5,200,1,1001.6,1,1,1001.7,187,3,1001.8,982,4,1001.9,1374,13
317,2025-11-26 10:52:50+05:30,1001.5,4,996.44,4067403,414403.0,436760.0,986.2,1002.7,981.3,986.2,120479250,1084.8,887.6,1102.5,649.1,1001.4,3,1,1001.2,89,3,1001.0,529,5,1000.9,552,9,1000.8,1753,17,1001.5,126,3,1001.6,360,4,1001.7,446,7,1001.8,1478,9,1001.9,1428,17
317,2025-11-26 10:52:50+05:30,1001.5,4,996.44,4067403,414403.0,436760.0,986.2,1002.7,981.3,986.2,120479250,1084.8,887.6,1102.5,649.1,1001.4,3,1,1001.2,89,3,1001.0,529,5,1000.9,552,9,1000.8,1753,17,1001.5,126,3,1001.6,360,4,1001.7,446,7,1001.8,1478,9,1001.9,1428,17
317,2025-11-26 10:52:51+05:30,1001.5,169,996.45,4068153,414500.0,436966.0,986.2,1002.7,981.3,986.2,120479250,1084.8,887.6,1102.5,649.1,1001.4,3,1,1001.2,150,4,1001.1,202,1,1001.0,612,7,1000.9,533,8,1001.5,305,4,1001.6,206,3,1001.7,198,5,1001.8,1195,7,1001.9,1281,10
317,2025-11-26 10:52:51+05:30,1001.5,169,996.45,4068153,414500.0,436966.0,986.2,1002.7,981.3,986.2,120479250,1084.8,887.6,1102.5,649.1,1001.4,3,1,1001.2,150,4,1001.1,202,1,1001.0,612,7,1000.9,533,8,1001.5,305,4,1001.6,206,3,1001.7,198,5,1001.8,1195,7,1001.9,1281,10
317,2025-11-26 10:52:52+05:30,1001.5,11,996.45,4068241,414190.0,438186.0,986.2,1002.7,981.3,986.2,120479250,1084.8,887.6,1102.5,649.1,1001.4,20,2,1001.2,87,2,1001.0,352,4,1000.9,583,8,1000.8,1634,18,1001.5,475,5,1001.6,460,4,1001.7,526,7,1001.8,1447,10,1001.9,1249,13
317,2025-11-26 10:52:52+05:30,1001.5,11,996.45,4068241,414190.0,438186.0,986.2,1002.7,981.3,986.2,120479250,1084.8,887.6,1102.5,649.1,1001.4,20,2,1001.2,87,2,1001.0,352,4,1000.9,583,8,1000.8,1634,18,1001.5,475,5,1001.6,460,4,1001.7,526,7,1001.8,1447,10,1001.9,1249,13
317,2025-11-26 10:52:53+05:30,1001.5,14,996.45,4068255,414338.0,438102.0,986.2,1002.7,981.3,986.2,120479250,1084.8,887.6,1102.5,649.1,1001.4,18,1,1001.2,87,2,1001.0,352,4,1000.9,583,8,1000.8,1634,18,1001.5,601,6,1001.6,411,3,1001.7,466,6,1001.8,1447,10,1001.9,1214,12
317,2025-11-26 10:52:53+05:30,1001.5,14,996.45,4068255,414338.0,438102.0,986.2,1002.7,981.3,986.2,120479250,1084.8,887.6,1102.5,649.1,1001.4,18,1,1001.2,87,2,1001.0,352,4,1000.9,583,8,1000.8,1634,18,1001.5,601,6,1001.6,411,3,1001.7,466,6,1001.8,1447,10,1001.9,1214,12
317,2025-11-26 10:52:54+05:30,1001.5,126,996.45,4068255,414338.0,438102.0,986.2,1002.7,981.3,986.2,120479250,1084.8,887.6,1102.5,649.1,1001.4,18,1,1001.2,87,2,1001.0,352,4,1000.9,583,8,1000.8,1634,18,1001.5,601,6,1001.6,411,3,1001.7,466,6,1001.8,1447,10,1001.9,1214,12
317,2025-11-26 10:52:54+05:30,1001.5,126,996.45,4069304,414508.0,436289.0,986.2,1002.7,981.3,986.2,120479250,1084.8,887.6,1102.5,649.1,1001.4,18,1,1001.2,63,2,1001.1,228,2,1001.0,691,8,1000.9,599,8,1001.5,84,2,1001.7,363,5,1001.8,1300,10,1001.9,1295,10,1002.0,1603,17
317,2025-11-26 10:52:56+05:30,1001.5,126,996.45,4069304,413771.0,436388.0,986.2,1002.7,981.3,986.2,120479250,1084.8,887.6,1102.5,649.1,1001.4,18,1,1001.2,63,2,1001.1,202,1,1001.0,691,8,1000.9,586,7,1001.5,84,2,1001.7,586,8,1001.8,1184,9,1001.9,1389,11,1002.0,1680,20
317,2025-11-26 10:52:56+05:30,1001.5,6,996.45,4069304,413771.0,436388.0,986.2,1002.7,981.3,986.2,120479250,1084.8,887.6,1102.5,649.1,1001.4,18,1,1001.2,63,2,1001.1,202,1,1001.0,691,8,1000.9,586,7,1001.5,84,2,1001.7,586,8,1001.8,1184,9,1001.9,1389,11,1002.0,1680,20
317,2025-11-26 10:52:56+05:30,1001.5,6,996.45,4069310,414550.0,436435.0,986.2,1002.7,981.3,986.2,120479250,1084.8,887.6,1102.5,649.1,1001.4,17,1,1001.2,63,2,1001.1,202,1,1001.0,691,8,1000.9,642,10,1001.5,78,2,1001.7,528,7,1001.8,1115,8,1001.9,1389,11,1002.0,1680,20
317,2025-11-26 10:52:58+05:30,1001.5,6,996.45,4069310,414808.0,436300.0,986.2,1002.7,981.3,986.2,120479250,1084.8,887.6,1102.5,649.1,1001.4,17,1,1001.2,152,3,1001.1,351,2,1001.0,691,8,1000.9,612,9,1001.5,125,3,1001.7,379,6,1001.8,1082,8,1001.9,1389,11,1002.0,1680,20
317,2025-11-26 10:52:58+05:30,1001.5,5,996.45,4069310,414808.0,436300.0,986.2,1002.7,981.3,986.2,120479250,1084.8,887.6,1102.5,649.1,1001.4,17,1,1001.2,152,3,1001.1,351,2,1001.0,691,8,1000.9,612,9,1001.5,125,3,1001.7,379,6,1001.8,1082,8,1001.9,1389,11,1002.0,1680,20
317,2025-11-26 10:52:59+05:30,1001.5,46,996.45,4069500,414782.0,437676.0,986.2,1002.7,981.3,986.2,120479250,1084.8,887.6,1102.5,649.1,1001.4,17,1,1001.2,63,2,1001.1,351,2,1001.0,866,10,1000.9,586,7,1001.5,211,3,1001.7,468,7,1001.8,1291,10,1001.9,1452,11,1002.0,2276,17
317,2025-11-26 10:52:59+05:30,1001.5,46,996.45,4069500,414782.0,437676.0,986.2,1002.7,981.3,986.2,120479250,1084.8,887.6,1102.5,649.1,1001.4,17,1,1001.2,63,2,1001.1,351,2,1001.0,866,10,1000.9,586,7,1001.5,211,3,1001.7,468,7,1001.8,1291,10,1001.9,1452,11,1002.0,2276,17
317,2025-11-26 10:53:00+05:30,1001.5,46,996.45,4069500,415280.0,437927.0,986.2,1002.7,981.3,986.2,120479250,1084.8,887.6,1102.5,649.1,1001.4,17,1,1001.3,500,1,1001.2,63,2,1001.1,351,2,1001.0,840,9,1001.5,211,3,1001.7,642,9,1001.8,1175,9,1001.9,1546,12,1002.0,2276,17
317,2025-11-26 10:53:00+05:30,1001.3,8,996.45,4069500,415280.0,437927.0,986.2,1002.7,981.3,986.2,120479250,1084.8,887.6,1102.5,649.1,1001.4,17,1,1001.3,500,1,1001.2,63,2,1001.1,351,2,1001.0,840,9,1001.5,211,3,1001.7,642,9,1001.8,1175,9,1001.9,1546,12,1002.0,2276,17
317,2025-11-26 10:53:01+05:30,1001.3,8,996.45,4069672,414261.0,438703.0,986.2,1002.7,981.3,986.2,120479250,1084.8,887.6,1102.5,649.1,1001.3,492,1,1001.2,61,1,1001.1,149,1,1001.0,393,4,1000.9,588,9,1001.4,96,1,1001.5,211,3,1001.6,303,3,1001.7,580,9,1001.8,1513,12
317,2025-11-26 10:53:01+05:30,1001.3,1,996.45,4069672,414261.0,438703.0,986.2,1002.7,981.3,986.2,120479250,1084.8,887.6,1102.5,649.1,1001.3,492,1,1001.2,61,1,1001.1,149,1,1001.0,393,4,1000.9,588,9,1001.4,96,1,1001.5,211,3,1001.6,303,3,1001.7,580,9,1001.8,1513,12
317,2025-11-26 10:53:02+05:30,1001.3,1,996.45,4069673,413933.0,438719.0,986.2,1002.7,981.3,986.2,120479250,1084.8,887.6,1102.5,649.1,1001.3,504,2,1001.2,61,1,1001.0,38,2,1000.9,582,8,1000.8,1542,14,1001.4,96,1,1001.5,298,5,1001.6,352,4,1001.7,589,9,1001.8,1475,12
317,2025-11-26 10:53:02+05:30,1001.4,37,996.45,4069673,413933.0,438719.0,986.2,1002.7,981.3,986.2,120479250,1084.8,887.6,1102.5,649.1,1001.3,504,2,1001.2,61,1,1001.0,38,2,1000.9,582,8,1000.8,1542,14,1001.4,96,1,1001.5,298,5,1001.6,352,4,1001.7,589,9,1001.8,1475,12
317,2025-11-26 10:53:03+05:30,1001.4,37,996.45,4069710,414009.0,438644.0,986.2,1002.7,981.3,986.2,120479250,1084.8,887.6,1102.5,649.1,1001.3,504,2,1001.2,61,1,1001.0,38,2,1000.9,582,8,1000.8,1512,13,1001.4,109,2,1001.5,298,5,1001.6,352,4,1001.7,529,8,1001.8,1415,11
317,2025-11-26 10:53:04+05:30,1001.4,76,996.45,4069895,414009.0,438964.0,986.2,1002.7,981.3,986.2,120479250,1084.8,887.6,1102.5,649.1,1001.3,504,2,1001.2,61,1,1001.0,38,2,1000.9,582,8,1000.8,1512,13,1001.4,20,1,1001.5,338,6,1001.6,352,4,1001.7,1047,9,1001.8,1001,11
317,2025-11-26 10:53:04+05:30,1001.4,76,996.45,4069895,414009.0,438964.0,986.2,1002.7,981.3,986.2,120479250,1084.8,887.6,1102.5,649.1,1001.3,504,2,1001.2,61,1,1001.0,38,2,1000.9,582,8,1000.8,1512,13,1001.4,20,1,1001.5,338,6,1001.6,352,4,1001.7,1047,9,1001.8,1001,11
317,2025-11-26 10:53:05+05:30,1001.3,13,996.45,4070399,412912.0,439563.0,986.2,1002.7,981.3,986.2,120479250,1084.8,887.6,1102.5,649.1,1001.2,61,1,1001.0,5,2,1000.9,581,7,1000.8,817,11,1000.7,852,13,1001.4,274,5,1001.5,653,9,1001.6,423,5,1001.7,1107,10,1001.8,1001,11
317,2025-11-26 10:53:05+05:30,1001.3,22,996.45,4070399,412912.0,439563.0,986.2,1002.7,981.3,986.2,120479250,1084.8,887.6,1102.5,649.1,1001.2,61,1,1001.0,5,2,1000.9,581,7,1000.8,817,11,1000.7,852,13,1001.4,274,5,1001.5,653,9,1001.6,423,5,1001.7,1107,10,1001.8,1001,11
317,2025-11-26 10:53:06+05:30,1001.3,22,996.45,4070421,412544.0,443045.0,986.2,1002.7,981.3,986.2,120479250,1084.8,887.6,1102.5,649.1,1001.2,61,1,1001.0,14,2,1000.9,260,5,1000.8,500,9,1000.7,852,13,1001.3,96,1,1001.4,183,4,1001.5,687,11,1001.6,1432,9,1001.7,915,12
317,2025-11-26 10:53:07+05:30,1001.3,22,996.45,4070421,412656.0,443034.0,986.2,1002.7,981.3,986.2,120479250,1084.8,887.6,1102.5,649.1,1001.2,61,1,1001.0,14,2,1000.9,260,5,1000.8,500,9,1000.7,852,13,1001.3,96,1,1001.4,183,4,1001.5,687,11,1001.6,1432,9,1001.7,915,12
317,2025-11-26 10:53:08+05:30,1001.3,22,996.45,4070421,412656.0,443034.0,986.2,1002.7,981.3,986.2,120479250,1084.8,887.6,1102.5,649.1,1001.2,61,1,1001.0,14,2,1000.9,260,5,1000.8,500,9,1000.7,852,13,1001.3,96,1,1001.4,183,4,1001.5,687,11,1001.6,1432,9,1001.7,915,12
317,2025-11-26 10:53:09+05:30,1001.3,185,996.45,4070606,412656.0,442763.0,986.2,1002.7,981.3,986.2,120479250,1084.8,887.6,1102.5,649.1,1001.2,61,1,1001.0,14,2,1000.9,260,5,1000.8,714,10,1000.7,852,13,1001.3,96,1,1001.4,68,2,1001.5,782,11,1001.6,1112,10,1001.7,1665,13
317,2025-11-26 10:53:09+05:30,1001.3,185,996.45,4070606,412656.0,442763.0,986.2,1002.7,981.3,986.2,120479250,1084.8,887.6,1102.5,649.1,1001.2,61,1,1001.0,14,2,1000.9,260,5,1000.8,714,10,1000.7,852,13,1001.3,96,1,1001.4,68,2,1001.5,782,11,1001.6,1112,10,1001.7,1665,13
317,2025-11-26 10:53:10+05:30,1001.2,61,996.45,4070847,411659.0,442767.0,986.2,1002.7,981.3,986.2,120479250,1084.8,887.6,1102.5,649.1,1001.0,14,2,1000.9,165,3,1000.8,466,9,1000.7,852,13,1000.6,757,6,1001.2,131,2,1001.3,30,1,1001.4,277,3,1001.5,849,13,1001.6,1596,11
317,2025-11-26 10:53:10+05:30,1001.2,61,996.45,4070847,411659.0,442767.0,986.2,1002.7,981.3,986.2,120479250,1084.8,887.6,1102.5,649.1,1001.0,14,2,1000.9,165,3,1000.8,466,9,1000.7,852,13,1000.6,757,6,1001.2,131,2,1001.3,30,1,1001.4,277,3,1001.5,849,13,1001.6,1596,11
317,2025-11-26 10:53:11+05:30,1001.3,49,996.45,4072107,406047.0,441974.0,986.2,1002.7,981.3,986.2,120479250,1084.8,887.6,1102.5,649.1,1001.3,240,1,1001.0,14,2,1000.9,149,2,1000.8,613,7,1000.7,648,8,1001.5,655,10,1001.6,1240,9,1001.7,1560,13,1001.8,811,8,1001.9,1302,18
317,2025-11-26 10:53:11+05:30,1001.3,240,996.45,4072107,406047.0,441974.0,986.2,1002.7,981.3,986.2,120479250,1084.8,887.6,1102.5,649.1,1001.3,240,1,1001.0,14,2,1000.9,149,2,1000.8,613,7,1000.7,648,8,1001.5,655,10,1001.6,1240,9,1001.7,1560,13,1001.8,811,8,1001.9,1302,18
317,2025-11-26 10:53:12+05:30,1001.4,372,996.45,4073847,401654.0,441468.0,986.2,1002.7,981.3,986.2,120479250,1084.8,887.6,1102.5,649.1,1001.0,14,2,1000.9,42,1,1000.8,1,1,1000.7,547,4,1000.6,783,5,1001.4,732,9,1001.5,1606,15,1001.6,949,13,1001.7,875,9,1001.8,605,9
317,2025-11-26 10:53:12+05:30,1001.4,372,996.45,4073847,401654.0,441468.0,986.2,1002.7,981.3,986.2,120479250,1084.8,887.6,1102.5,649.1,1001.0,14,2,1000.9,42,1,1000.8,1,1,1000.7,547,4,1000.6,783,5,1001.4,732,9,1001.5,1606,15,1001.6,949,13,1001.7,875,9,1001.8,605,9
317,2025-11-26 10:53:13+05:30,1001.4,372,996.45,4073847,401835.0,442134.0,986.2,1002.7,981.3,986.2,120479250,1084.8,887.6,1102.5,649.1,1001.0,14,2,1000.9,42,1,1000.8,1,1,1000.7,549,5,1000.6,860,8,1001.4,530,6,1001.5,1092,14,1001.6,689,10,1001.7,1045,11,1001.8,1143,10
317,2025-11-26 10:53:14+05:30,1001.4,45,996.45,4074044,406681.0,441781.0,986.2,1002.7,981.3,986.2,120479250,1084.8,887.6,1102.5,649.1,1001.1,112,1,1001.0,14,2,1000.9,372,3,1000.8,559,5,1000.7,696,11,1001.5,743,11,1001.6,811,10,1001.7,782,9,1001.8,1406,12,1001.9,1133,12
317,2025-11-26 10:53:14+05:30,1001.4,45,996.45,4074044,406681.0,441781.0,986.2,1002.7,981.3,986.2,120479250,1084.8,887.6,1102.5,649.1,1001.1,112,1,1001.0,14,2,1000.9,372,3,1000.8,559,5,1000.7,696,11,1001.5,743,11,1001.6,811,10,1001.7,782,9,1001.8,1406,12,1001.9,1133,12
317,2025-11-26 10:53:15+05:30,1001.1,6,996.45,4074050,406560.0,442153.0,986.2,1002.7,981.3,986.2,120479250,1084.8,887.6,1102.5,649.1,1001.1,106,1,1001.0,16,3,1000.9,399,4,1000.8,656,6,1000.7,690,10,1001.3,86,2,1001.5,694,10,1001.6,1136,8,1001.7,879,10,1001.8,1070,12
317,2025-11-26 10:53:15+05:30,1001.1,6,996.45,4074050,406560.0,442153.0,986.2,1002.7,981.3,986.2,120479250,1084.8,887.6,1102.5,649.1,1001.1,106,1,1001.0,16,3,1000.9,399,4,1000.8,656,6,1000.7,690,10,1001.3,86,2,1001.5,694,10,1001.6,1136,8,1001.7,879,10,1001.8,1070,12
317,2025-11-26 10:53:16+05:30,1001.1,6,996.45,4074050,406610.0,442235.0,986.2,1002.7,981.3,986.2,120479250,1084.8,887.6,1102.5,649.1,1001.1,106,1,1001.0,16,3,1000.9,372,3,1000.8,680,7,1000.7,690,10,1001.3,86,2,1001.5,727,11,1001.6,1185,9,1001.7,879,10,1001.8,1070,12
317,2025-11-26 10:53:16+05:30,1001.3,1,996.45,4074050,406610.0,442235.0,986.2,1002.7,981.3,986.2,120479250,1084.8,887.6,1102.5,649.1,1001.1,106,1,1001.0,16,3,1000.9,372,3,1000.8,680,7,1000.7,690,10,1001.3,86,2,1001.5,727,11,1001.6,1185,9,1001.7,879,10,1001.8,1070,12
317,2025-11-26 10:53:17+05:30,1001.3,25,996.45,4074095,406630.0,442217.0,986.2,1002.7,981.3,986.2,120479250,1084.8,887.6,1102.5,649.1,1001.1,106,1,1001.0,16,3,1000.9,330,2,1000.8,559,5,1000.7,787,11,1001.3,41,1,1001.5,930,14,1001.6,1186,10,1001.7,1058,12,1001.8,793,8
317,2025-11-26 10:53:17+05:30,1001.3,25,996.45,4074095,406630.0,442217.0,986.2,1002.7,981.3,986.2,120479250,1084.8,887.6,1102.5,649.1,1001.1,106,1,1001.0,16,3,1000.9,330,2,1000.8,559,5,1000.7,787,11,1001.3,41,1,1001.5,930,14,1001.6,1186,10,1001.7,1058,12,1001.8,793,8
317,2025-11-26 10:53:18+05:30,1001.3,3,996.45,4074098,406813.0,442311.0,986.2,1002.7,981.3,986.2,120479250,1084.8,887.6,1102.5,649.1,1001.1,106,1,1001.0,16,3,1000.9,202,1,1000.8,559,5,1000.7,664,8,1001.3,56,2,1001.4,279,3,1001.5,888,13,1001.6,1082,9,1001.7,1032,10
317,2025-11-26 10:53:18+05:30,1001.3,3,996.45,4074098,406813.0,442311.0,986.2,1002.7,981.3,986.2,120479250,1084.8,887.6,1102.5,649.1,1001.1,106,1,1001.0,16,3,1000.9,202,1,1000.8,559,5,1000.7,664,8,1001.3,56,2,1001.4,279,3,1001.5,888,13,1001.6,1082,9,1001.7,1032,10
317,2025-11-26 10:53:19+05:30,1001.3,20,996.45,4074305,406715.0,442247.0,986.2,1002.7,981.3,986.2,120479250,1084.8,887.6,1102.5,649.1,1001.1,106,1,1001.0,16,3,1000.9,444,3,1000.8,687,7,1000.7,664,8,1001.3,46,1,1001.4,125,1,1001.5,879,12,1001.6,1025,8,1001.7,1030,10
317,2025-11-26 10:53:19+05:30,1001.3,5,996.45,4074305,406715.0,442247.0,986.2,1002.7,981.3,986.2,120479250,1084.8,887.6,1102.5,649.1,1001.1,106,1,1001.0,16,3,1000.9,444,3,1000.8,687,7,1000.7,664,8,1001.3,46,1,1001.4,125,1,1001.5,879,12,1001.6,1025,8,1001.7,1030,10
317,2025-11-26 10:53:20+05:30,1001.3,5,996.45,4074310,406479.0,443261.0,986.2,1002.7,981.3,986.2,120479250,1084.8,887.6,1102.5,649.1,1001.1,122,3,1001.0,14,2,1000.8,339,3,1000.7,634,8,1000.6,1013,9,1001.2,252,2,1001.3,160,3,1001.4,1110,8,1001.5,835,10,1001.6,709,11
317,2025-11-26 10:53:21+05:30,1001.1,10,996.45,4074310,406479.0,443261.0,986.2,1002.7,981.3,986.2,120479250,1084.8,887.6,1102.5,649.1,1001.1,122,3,1001.0,14,2,1000.8,339,3,1000.7,634,8,1000.6,1013,9,1001.2,252,2,1001.3,160,3,1001.4,1110,8,1001.5,835,10,1001.6,709,11
317,2025-11-26 10:53:21+05:30,1001.1,10,996.45,4074320,406469.0,443116.0,986.2,1002.7,981.3,986.2,120479250,1084.8,887.6,1102.5,649.1,1001.1,112,3,1001.0,14,2,1000.8,339,3,1000.7,603,7,1000.6,1013,9,1001.2,252,2,1001.3,385,6,1001.4,1026,8,1001.5,835,10,1001.6,709,11
317,2025-11-26 10:53:22+05:30,1001.1,10,996.45,4074320,406491.0,443116.0,986.2,1002.7,981.3,986.2,120479250,1084.8,887.6,1102.5,649.1,1001.1,112,3,1001.0,14,2,1000.8,339,3,1000.7,603,7,1000.6,1026,10,1001.2,252,2,1001.3,385,6,1001.4,1026,8,1001.5,835,10,1001.6,709,11
317,2025-11-26 10:53:23+05:30,1001.1,13,996.45,4074320,406491.0,443116.0,986.2,1002.7,981.3,986.2,120479250,1084.8,887.6,1102.5,649.1,1001.1,112,3,1001.0,14,2,1000.8,339,3,1000.7,603,7,1000.6,1026,10,1001.2,252,2,1001.3,385,6,1001.4,1026,8,1001.5,835,10,1001.6,709,11
317,2025-11-26 10:53:23+05:30,1001.1,13,996.45,4074450,405858.0,444133.0,986.2,1002.7,981.3,986.2,120479250,1084.8,887.6,1102.5,649.1,1001.0,14,2,1000.7,195,4,1000.6,903,9,1000.5,905,11,1000.4,1592,14,1001.2,734,7,1001.3,493,7,1001.4,998,8,1001.5,895,11,1001.6,1503,14
317,2025-11-26 10:53:24+05:30,1001.2,3,996.45,4074450,405858.0,444133.0,986.2,1002.7,981.3,986.2,120479250,1084.8,887.6,1102.5,649.1,1001.0,14,2,1000.7,195,4,1000.6,903,9,1000.5,905,11,1000.4,1592,14,1001.2,734,7,1001.3,493,7,1001.4,998,8,1001.5,895,11,1001.6,1503,14
317,2025-11-26 10:53:24+05:30,1001.2,3,996.45,4074684,405906.0,443995.0,986.2,1002.7,981.3,986.2,120479250,1084.8,887.6,1102.5,649.1,1001.0,14,2,1000.7,195,4,1000.6,903,9,1000.5,905,11,1000.4,1592,14,1001.2,596,6,1001.3,493,7,1001.4,998,8,1001.5,895,11,1001.6,1503,14
317,2025-11-26 10:53:25+05:30,1000.6,44,996.45,4074684,405906.0,443995.0,986.2,1002.7,981.3,986.2,120479250,1084.8,887.6,1102.5,649.1,1001.0,14,2,1000.7,195,4,1000.6,903,9,1000.5,905,11,1000.4,1592,14,1001.2,596,6,1001.3,493,7,1001.4,998,8,1001.5,895,11,1001.6,1503,14
317,2025-11-26 10:53:26+05:30,1000.6,44,996.45,4075492,403832.0,444759.0,986.2,1002.7,981.3,986.2,120479250,1084.8,887.6,1102.5,649.1,1000.6,262,4,1000.5,453,6,1000.4,801,14,1000.3,762,10,1000.2,1266,9,1001.0,222,3,1001.1,188,3,1001.2,750,7,1001.3,826,11,1001.4,1263,11
317,2025-11-26 10:53:27+05:30,1000.6,44,996.45,4075492,403861.0,444483.0,986.2,1002.7,981.3,986.2,120479250,1084.8,887.6,1102.5,649.1,1000.6,175,3,1000.5,539,6,1000.4,800,13,1000.3,777,11,1000.2,1266,9,1001.0,356,4,1001.1,245,4,1001.2,750,7,1001.3,826,11,1001.4,1289,13
317,2025-11-26 10:53:28+05:30,1000.6,44,996.45,4075492,403802.0,444793.0,986.2,1002.7,981.3,986.2,120479250,1084.8,887.6,1102.5,649.1,1000.6,87,2,1000.5,539,6,1000.4,824,14,1000.3,856,12,1000.2,1266,9,1001.0,356,4,1001.1,333,5,1001.2,896,8,1001.3,826,11,1001.4,1513,12
317,2025-11-26 10:53:28+05:30,1000.9,550,996.45,4075492,403802.0,444793.0,986.2,1002.7,981.3,986.2,120479250,1084.8,887.6,1102.5,649.1,1000.6,87,2,1000.5,539,6,1000.4,824,14,1000.3,856,12,1000.2,1266,9,1001.0,356,4,1001.1,333,5,1001.2,896,8,1001.3,826,11,1001.4,1513,12
317,2025-11-26 10:53:29+05:30,1000.9,98,996.46,4076557,401248.0,446214.0,986.2,1002.7,981.3,986.2,120479250,1084.8,887.6,1102.5,649.1,1000.4,109,5,1000.3,592,5,1000.2,888,9,1000.1,792,11,1000.0,4575,41,1000.9,220,4,1001.0,896,9,1001.1,1270,11,1001.2,1100,12,1001.3,1255,17
317,2025-11-26 10:53:29+05:30,1000.9,98,996.46,4076557,401248.0,446214.0,986.2,1002.7,981.3,986.2,120479250,1084.8,887.6,1102.5,649.1,1000.4,109,5,1000.3,592,5,1000.2,888,9,1000.1,792,11,1000.0,4575,41,1000.9,220,4,1001.0,896,9,1001.1,1270,11,1001.2,1100,12,1001.3,1255,17
317,2025-11-26 10:53:30+05:30,1000.2,8,996.46,4076680,399976.0,447623.0,986.2,1002.7,981.3,986.2,120479250,1084.8,887.6,1102.5,649.1,1000.2,566,4,1000.1,548,8,1000.0,4432,36,999.9,1832,10,999.8,850,14,1000.6,96,1,1000.8,203,3,1000.9,1081,6,1001.0,692,9,1001.1,898,12
317,2025-11-26 10:53:30+05:30,1000.2,8,996.46,4076680,399976.0,447623.0,986.2,1002.7,981.3,986.2,120479250,1084.8,887.6,1102.5,649.1,1000.2,566,4,1000.1,548,8,1000.0,4432,36,999.9,1832,10,999.8,850,14,1000.6,96,1,1000.8,203,3,1000.9,1081,6,1001.0,692,9,1001.1,898,12
317,2025-11-26 10:53:31+05:30,1000.6,19,996.46,4077449,399976.0,446904.0,986.2,1002.7,981.3,986.2,120479250,1084.8,887.6,1102.5,649.1,1000.3,87,1,1000.2,382,4,1000.1,417,6,1000.0,4508,37,999.9,1382,12,1000.6,98,2,1000.7,76,1,1000.8,208,5,1000.9,1301,8,1001.0,651,7
317,2025-11-26 10:53:31+05:30,1000.6,19,996.46,4077449,399976.0,446904.0,986.2,1002.7,981.3,986.2,120479250,1084.8,887.6,1102.5,649.1,1000.3,87,1,1000.2,382,4,1000.1,417,6,1000.0,4508,37,999.9,1382,12,1000.6,98,2,1000.7,76,1,1000.8,208,5,1000.9,1301,8,1001.0,651,7
317,2025-11-26 10:53:32+05:30,1000.0,3,996.46,4077602,398447.0,446901.0,986.2,1002.7,981.3,986.2,120479250,1084.8,887.6,1102.5,649.1,1000.1,87,1,1000.0,3902,32,999.9,448,4,999.8,862,7,999.7,965,11,1000.6,247,5,1000.7,506,5,1000.8,542,10,1000.9,1536,16,1001.0,888,12
317,2025-11-26 10:53:32+05:30,1000.6,1,996.46,4077602,398447.0,446901.0,986.2,1002.7,981.3,986.2,120479250,1084.8,887.6,1102.5,649.1,1000.1,87,1,1000.0,3902,32,999.9,448,4,999.8,862,7,999.7,965,11,1000.6,247,5,1000.7,506,5,1000.8,542,10,1000.9,1536,16,1001.0,888,12
317,2025-11-26 10:53:33+05:30,1000.6,1,996.46,4077603,399104.0,447029.0,986.2,1002.7,981.3,986.2,120479250,1084.8,887.6,1102.5,649.1,1000.1,113,2,1000.0,3902,32,999.9,662,5,999.8,954,9,999.7,1059,13,1000.6,404,6,1000.7,507,6,1000.8,518,9,1000.9,1082,17,1001.0,638,11
317,2025-11-26 10:53:34+05:30,1000.2,39,996.46,4077827,399995.0,446980.0,986.2,1002.7,981.3,986.2,120479250,1084.8,887.6,1102.5,649.1,1000.2,73,1,1000.1,441,5,1000.0,4212,35,999.9,763,7,999.8,989,11,1000.6,419,6,1000.7,441,4,1000.8,557,9,1000.9,987,15,1001.0,653,12
317,2025-11-26 10:53:34+05:30,1000.2,39,996.46,4077827,399995.0,446980.0,986.2,1002.7,981.3,986.2,120479250,1084.8,887.6,1102.5,649.1,1000.2,73,1,1000.1,441,5,1000.0,4212,35,999.9,763,7,999.8,989,11,1000.6,419,6,1000.7,441,4,1000.8,557,9,1000.9,987,15,1001.0,653,12
317,2025-11-26 10:53:35+05:30,1000.6,96,996.46,4078496,402537.0,444956.0,986.2,1002.7,981.3,986.2,120479250,1084.8,887.6,1102.5,649.1,1000.5,750,1,1000.4,77,3,1000.3,88,1,1000.2,346,6,1000.1,793,8,1000.6,138,3,1000.8,174,3,1000.9,492,6,1001.0,720,8,1001.1,1195,10
317,2025-11-26 10:53:35+05:30,1000.6,96,996.46,4078496,402537.0,444956.0,986.2,1002.7,981.3,986.2,120479250,1084.8,887.6,1102.5,649.1,1000.5,750,1,1000.4,77,3,1000.3,88,1,1000.2,346,6,1000.1,793,8,1000.6,138,3,1000.8,174,3,1000.9,492,6,1001.0,720,8,1001.1,1195,10
317,2025-11-26 10:53:36+05:30,1000.6,96,996.46,4078496,402386.0,445022.0,986.2,1002.7,981.3,986.2,120479250,1084.8,887.6,1102.5,649.1,1000.5,767,2,1000.4,77,3,1000.3,88,1,1000.2,667,9,1000.1,793,8,1000.6,138,3,1000.8,173,2,1000.9,542,8,1001.0,720,8,1001.1,1424,12
317,2025-11-26 10:53:37+05:30,1000.6,96,996.46,4078496,402123.0,445681.0,986.2,1002.7,981.3,986.2,120479250,1084.8,887.6,1102.5,649.1,1000.5,767,2,1000.4,66,2,1000.3,88,1,1000.2,297,5,1000.1,793,8,1000.6,369,4,1000.7,152,2,1000.8,312,4,1000.9,543,8,1001.0,721,9
317,2025-11-26 10:53:38+05:30,1000.6,23,996.46,4078496,402123.0,445681.0,986.2,1002.7,981.3,986.2,120479250,1084.8,887.6,1102.5,649.1,1000.5,767,2,1000.4,66,2,1000.3,88,1,1000.2,297,5,1000.1,793,8,1000.6,369,4,1000.7,152,2,1000.8,312,4,1000.9,543,8,1001.0,721,9
317,2025-11-26 10:53:38+05:30,1000.6,23,996.46,4078519,407961.0,445632.0,986.2,1002.7,981.3,986.2,120479250,1084.8,887.6,1102.5,649.1,1000.5,780,3,1000.4,66,2,1000.2,148,3,1000.1,881,9,1000.0,5195,42,1000.6,346,4,1000.7,152,2,1000.8,312,4,1000.9,543,8,1001.0,781,10
317,2025-11-26 10:53:39+05:30,1000.6,15,996.46,4078519,407961.0,445632.0,986.2,1002.7,981.3,986.2,120479250,1084.8,887.6,1102.5,649.1,1000.5,780,3,1000.4,66,2,1000.2,148,3,1000.1,881,9,1000.0,5195,42,1000.6,346,4,1000.7,152,2,1000.8,312,4,1000.9,543,8,1001.0,781,10
317,2025-11-26 10:53:39+05:30,1000.6,15,996.46,4078722,407972.0,445521.0,986.2,1002.7,981.3,986.2,120479250,1084.8,887.6,1102.5,649.1,1000.5,780,3,1000.4,66,2,1000.2,171,4,1000.1,881,9,1000.0,5103,40,1000.6,321,2,1000.7,197,3,1000.8,253,3,1000.9,471,7,1001.0,781,10
317,2025-11-26 10:53:40+05:30,1000.6,70,996.46,4078722,407972.0,445521.0,986.2,1002.7,981.3,986.2,120479250,1084.8,887.6,1102.5,649.1,1000.5,780,3,1000.4,66,2,1000.2,171,4,1000.1,881,9,1000.0,5103,40,1000.6,321,2,1000.7,197,3,1000.8,253,3,1000.9,471,7,1001.0,781,10
317,2025-11-26 10:53:40+05:30,1000.6,70,996.46,4079746,406297.0,445736.0,986.2,1002.7,981.3,986.2,120479250,1084.8,887.6,1102.5,649.1,1000.4,28,1,1000.2,41,2,1000.1,667,8,1000.0,4448,39,999.9,933,11,1000.6,251,2,1000.7,215,3,1000.8,252,3,1000.9,1007,7,1001.0,805,11
317,2025-11-26 10:53:41+05:30,1000.6,70,996.46,4079746,406171.0,446092.0,986.2,1002.7,981.3,986.2,120479250,1084.8,887.6,1102.5,649.1,1000.4,28,1,1000.2,41,2,1000.1,667,8,1000.0,4448,39,999.9,933,11,1000.6,485,4,1000.7,294,4,1000.8,252,3,1000.9,1076,8,1001.0,804,10
317,2025-11-26 10:53:42+05:30,1000.6,70,996.46,4079746,406219.0,446093.0,986.2,1002.7,981.3,986.2,120479250,1084.8,887.6,1102.5,649.1,1000.4,28,1,1000.2,41,2,1000.1,667,8,1000.0,4496,40,999.9,933,11,1000.6,485,4,1000.7,294,4,1000.8,252,3,1000.9,1077,9,1001.0,804,10
317,2025-11-26 10:53:43+05:30,1001.0,49,996.46,4079746,406219.0,446093.0,986.2,1002.7,981.3,986.2,120479250,1084.8,887.6,1102.5,649.1,1000.4,28,1,1000.2,41,2,1000.1,667,8,1000.0,4496,40,999.9,933,11,1000.6,485,4,1000.7,294,4,1000.8,252,3,1000.9,1077,9,1001.0,804,10
317,2025-11-26 10:53:44+05:30,1001.0,2,996.46,4081770,410658.0,446940.0,986.2,1002.7,981.3,986.2,120479250,1084.8,887.6,1102.5,649.1,1000.8,328,1,1000.7,19,1,1000.5,2,1,1000.4,231,4,1000.3,161,3,1001.0,428,6,1001.1,2191,13,1001.2,640,10,1001.3,897,13,1001.4,752,10
317,2025-11-26 10:53:44+05:30,1001.0,2,996.46,4081770,410658.0,446940.0,986.2,1002.7,981.3,986.2,120479250,1084.8,887.6,1102.5,649.1,1000.8,328,1,1000.7,19,1,1000.5,2,1,1000.4,231,4,1000.3,161,3,1001.0,428,6,1001.1,2191,13,1001.2,640,10,1001.3,897,13,1001.4,752,10
317,2025-11-26 10:53:45+05:30,1001.0,2,996.46,4081770,410690.0,447646.0,986.2,1002.7,981.3,986.2,120479250,1084.8,887.6,1102.5,649.1,1000.8,328,1,1000.7,19,1,1000.5,2,1,1000.4,445,5,1000.3,375,4,1001.0,363,4,1001.1,2270,14,1001.2,858,13,1001.3,1093,14,1001.4,752,10
317,2025-11-26 10:53:45+05:30,1000.8,4,996.46,4081770,410690.0,447646.0,986.2,1002.7,981.3,986.2,120479250,1084.8,887.6,1102.5,649.1,1000.8,328,1,1000.7,19,1,1000.5,2,1,1000.4,445,5,1000.3,375,4,1001.0,363,4,1001.1,2270,14,1001.2,858,13,1001.3,1093,14,1001.4,752,10
317,2025-11-26 10:53:46+05:30,1001.0,184,996.46,4081958,410146.0,447555.0,986.2,1002.7,981.3,986.2,120479250,1084.8,887.6,1102.5,649.1,1000.8,324,1,1000.5,2,1,1000.4,445,5,1000.3,375,4,1000.2,641,8,1001.0,371,7,1001.1,2191,13,1001.2,858,13,1001.3,1344,16,1001.4,502,9
317,2025-11-26 10:53:46+05:30,1001.0,184,996.46,4081958,410146.0,447555.0,986.2,1002.7,981.3,986.2,120479250,1084.8,887.6,1102.5,649.1,1000.8,324,1,1000.5,2,1,1000.4,445,5,1000.3,375,4,1000.2,641,8,1001.0,371,7,1001.1,2191,13,1001.2,858,13,1001.3,1344,16,1001.4,502,9
317,2025-11-26 10:53:47+05:30,1001.0,184,996.46,4081958,410135.0,447707.0,986.2,1002.7,981.3,986.2,120479250,1084.8,887.6,1102.5,649.1,1000.8,324,1,1000.5,2,1,1000.4,445,5,1000.3,375,4,1000.2,628,7,1001.0,602,8,1001.1,2058,12,1001.2,874,14,1001.3,1344,16,1001.4,502,9
317,2025-11-26 10:53:48+05:30,1001.0,32,996.46,4082282,409827.0,445877.0,986.2,1002.7,981.3,986.2,120479250,1084.8,887.6,1102.5,649.1,1000.5,2,1,1000.4,422,5,1000.3,703,6,1000.2,780,8,1000.1,774,10,1000.9,79,1,1001.0,577,5,1001.1,875,11,1001.2,857,14,1001.3,1274,15
317,2025-11-26 10:53:48+05:30,1000.4,9,996.46,4082282,409827.0,445877.0,986.2,1002.7,981.3,986.2,120479250,1084.8,887.6,1102.5,649.1,1000.5,2,1,1000.4,422,5,1000.3,703,6,1000.2,780,8,1000.1,774,10,1000.9,79,1,1001.0,577,5,1001.1,875,11,1001.2,857,14,1001.3,1274,15
317,2025-11-26 10:53:49+05:30,1000.5,1,996.46,4082333,409020.0,447274.0,986.2,1002.7,981.3,986.2,120479250,1084.8,887.6,1102.5,649.1,1000.5,18,1,1000.3,2,1,1000.2,686,7,1000.1,657,6,1000.0,5187,42,1000.9,892,9,1001.0,938,9,1001.1,1001,12,1001.2,1101,14,1001.3,828,13
317,2025-11-26 10:53:49+05:30,1000.5,1,996.46,4082333,409020.0,447274.0,986.2,1002.7,981.3,986.2,120479250,1084.8,887.6,1102.5,649.1,1000.5,18,1,1000.3,2,1,1000.2,686,7,1000.1,657,6,1000.0,5187,42,1000.9,892,9,1001.0,938,9,1001.1,1001,12,1001.2,1101,14,1001.3,828,13
317,2025-11-26 10:53:50+05:30,1000.5,1,996.46,4082333,409222.0,448134.0,986.2,1002.7,981.3,986.2,120479250,1084.8,887.6,1102.5,649.1,1000.5,18,1,1000.3,204,2,1000.2,558,5,1000.1,762,9,1000.0,5161,40,1000.7,96,1,1000.9,892,9,1001.0,1046,10,1001.1,1001,12,1001.2,1751,15
317,2025-11-26 10:53:51+05:30,1000.7,185,996.46,4082518,409422.0,447019.0,986.2,1002.7,981.3,986.2,120479250,1084.8,887.6,1102.5,649.1,1000.4,25,1,1000.3,443,3,1000.2,556,6,1000.1,806,8,1000.0,5190,41,1000.7,96,1,1000.9,437,5,1001.0,1576,12,1001.1,1054,12,1001.2,1751,15
317,2025-11-26 10:53:51+05:30,1000.7,3,996.46,4082518,409422.0,447019.0,986.2,1002.7,981.3,986.2,120479250,1084.8,887.6,1102.5,649.1,1000.4,25,1,1000.3,443,3,1000.2,556,6,1000.1,806,8,1000.0,5190,41,1000.7,96,1,1000.9,437,5,1001.0,1576,12,1001.1,1054,12,1001.2,1751,15
317,2025-11-26 10:53:52+05:30,1000.7,3,996.46,4082521,410578.0,444725.0,986.2,1002.7,981.3,986.2,120479250,1084.8,887.6,1102.5,649.1,1000.4,299,4,1000.3,705,6,1000.2,682,7,1000.1,885,9,1000.0,5197,41,1000.7,93,1,1000.9,114,3,1001.0,736,7,1001.1,746,8,1001.2,1364,11
317,2025-11-26 10:53:53+05:30,1000.7,3,996.46,4082521,411993.0,446843.0,986.2,1002.7,981.3,986.2,120479250,1084.8,887.6,1102.5,649.1,1000.5,1,1,1000.4,25,1,1000.3,348,2,1000.2,684,8,1000.1,683,8,1000.7,93,1,1000.9,377,5,1001.0,1362,10,1001.1,815,9,1001.2,839,10
317,2025-11-26 10:53:54+05:30,1000.7,184,996.46,4082705,412359.0,447587.0,986.2,1002.7,981.3,986.2,120479250,1084.8,887.6,1102.5,649.1,1000.6,112,1,1000.5,3,2,1000.4,25,1,1000.3,716,5,1000.2,609,7,1000.7,96,1,1000.9,452,6,1001.0,1548,11,1001.1,815,9,1001.2,1772,14
317,2025-11-26 10:53:54+05:30,1000.7,184,996.46,4082705,412359.0,447587.0,986.2,1002.7,981.3,986.2,120479250,1084.8,887.6,1102.5,649.1,1000.6,112,1,1000.5,3,2,1000.4,25,1,1000.3,716,5,1000.2,609,7,1000.7,96,1,1000.9,452,6,1001.0,1548,11,1001.1,815,9,1001.2,1772,14
317,2025-11-26 10:53:55+05:30,1000.6,112,996.46,4082820,411398.0,448155.0,986.2,1002.7,981.3,986.2,120479250,1084.8,887.6,1102.5,649.1,1000.5,3,2,1000.4,25,1,1000.2,605,7,1000.1,683,8,1000.0,5086,40,1000.6,96,1,1000.8,6,1,1000.9,1147,8,1001.0,1113,13,1001.1,972,10
317,2025-11-26 10:53:55+05:30,1000.6,112,996.46,4082820,411398.0,448155.0,986.2,1002.7,981.3,986.2,120479250,1084.8,887.6,1102.5,649.1,1000.5,3,2,1000.4,25,1,1000.2,605,7,1000.1,683,8,1000.0,5086,40,1000.6,96,1,1000.8,6,1,1000.9,1147,8,1001.0,1113,13,1001.1,972,10
317,2025-11-26 10:53:56+05:30,1000.6,112,996.46,4082820,411721.0,448180.0,986.2,1002.7,981.3,986.2,120479250,1084.8,887.6,1102.5,649.1,1000.5,5,3,1000.4,25,1,1000.2,634,8,1000.1,683,8,1000.0,5300,41,1000.6,96,1,1000.8,6,1,1000.9,1300,8,1001.0,1215,15,1001.1,972,10
317,2025-11-26 10:53:56+05:30,1000.6,10,996.46,4082820,411721.0,448180.0,986.2,1002.7,981.3,986.2,120479250,1084.8,887.6,1102.5,649.1,1000.5,5,3,1000.4,25,1,1000.2,634,8,1000.1,683,8,1000.0,5300,41,1000.6,96,1,1000.8,6,1,1000.9,1300,8,1001.0,1215,15,1001.1,972,10
317,2025-11-26 10:53:57+05:30,1000.6,10,996.46,4082930,411906.0,448312.0,986.2,1002.7,981.3,986.2,120479250,1084.8,887.6,1102.5,649.1,1000.5,5,3,1000.4,25,1,1000.2,609,7,1000.1,758,9,1000.0,5300,41,1000.6,86,1,1000.7,38,1,1000.8,213,3,1000.9,1263,7,1001.0,1228,16
317,2025-11-26 10:53:57+05:30,1000.6,50,996.46,4082930,411906.0,448312.0,986.2,1002.7,981.3,986.2,120479250,1084.8,887.6,1102.5,649.1,1000.5,5,3,1000.4,25,1,1000.2,609,7,1000.1,758,9,1000.0,5300,41,1000.6,86,1,1000.7,38,1,1000.8,213,3,1000.9,1263,7,1001.0,1228,16
317,2025-11-26 10:53:58+05:30,1000.6,10,996.46,4082990,411963.0,448251.0,986.2,1002.7,981.3,986.2,120479250,1084.8,887.6,1102.5,649.1,1000.5,5,3,1000.4,25,1,1000.2,609,7,1000.1,758,9,1000.0,5330,42,1000.6,26,1,1000.7,38,1,1000.8,269,4,1000.9,1263,7,1001.0,1226,15
317,2025-11-26 10:53:58+05:30,1000.6,10,996.46,4082990,411963.0,448251.0,986.2,1002.7,981.3,986.2,120479250,1084.8,887.6,1102.5,649.1,1000.5,5,3,1000.4,25,1,1000.2,609,7,1000.1,758,9,1000.0,5330,42,1000.6,26,1,1000.7,38,1,1000.8,269,4,1000.9,1263,7,1001.0,1226,15
317,2025-11-26 10:53:59+05:30,1000.6,185,996.46,4083175,411914.0,448217.0,986.2,1002.7,981.3,986.2,120479250,1084.8,887.6,1102.5,649.1,1000.5,5,3,1000.4,25,1,1000.3,79,1,1000.2,587,7,1000.1,683,8,1000.6,96,1,1000.7,38,1,1000.8,81,2,1000.9,1265,8,1001.0,1236,16
317,2025-11-26 10:53:59+05:30,1000.6,50,996.46,4083175,411914.0,448217.0,986.2,1002.7,981.3,986.2,120479250,1084.8,887.6,1102.5,649.1,1000.5,5,3,1000.4,25,1,1000.3,79,1,1000.2,587,7,1000.1,683,8,1000.6,96,1,1000.7,38,1,1000.8,81,2,1000.9,1265,8,1001.0,1236,16
317,2025-11-26 10:54:00+05:30,1000.7,8,996.46,4084422,413548.0,445722.0,986.2,1002.7,981.3,986.2,120479250,1084.8,887.6,1102.5,649.1,1000.7,568,1,1000.5,2,1,1000.4,345,8,1000.3,1118,10,1000.2,802,7,1000.8,6,1,1000.9,2,1,1001.0,522,6,1001.1,846,7,1001.2,627,6
317,2025-11-26 10:54:00+05:30,1000.7,8,996.46,4084422,413548.0,445722.0,986.2,1002.7,981.3,986.2,120479250,1084.8,887.6,1102.5,649.1,1000.7,568,1,1000.5,2,1,1000.4,345,8,1000.3,1118,10,1000.2,802,7,1000.8,6,1,1000.9,2,1,1001.0,522,6,1001.1,846,7,1001.2,627,6
317,2025-11-26 10:54:01+05:30,1000.7,8,996.46,4084422,413945.0,446076.0,986.2,1002.7,981.3,986.2,120479250,1084.8,887.6,1102.5,649.1,1000.7,579,2,1000.6,50,1,1000.5,291,4,1000.4,753,12,1000.3,1107,13,1000.8,6,1,1000.9,2,1,1001.0,522,6,1001.1,846,7,1001.2,627,6
317,2025-11-26 10:54:02+05:30,1000.7,8,996.46,4084422,414103.0,446550.0,986.2,1002.7,981.3,986.2,120479250,1084.8,887.6,1102.5,649.1,1000.7,579,2,1000.6,129,2,1000.5,370,5,1000.4,753,12,1000.3,1107,13,1000.8,6,1,1001.0,522,6,1001.1,847,8,1001.2,627,6,1001.3,1113,14
317,2025-11-26 10:54:03+05:30,1001.1,1,996.46,4085384,504615.0,442979.0,986.2,1002.7,981.3,986.2,120479250,1084.8,887.6,1102.5,649.1,1001.1,993,6,1001.0,87158,6,1000.9,557,5,1000.8,1614,11,1000.7,1171,10,1001.5,164,2,1001.7,252,3,1001.8,1183,10,1001.9,902,12,1002.0,2529,21
317,2025-11-26 10:54:03+05:30,1001.1,1,996.46,4085384,504615.0,442979.0,986.2,1002.7,981.3,986.2,120479250,1084.8,887.6,1102.5,649.1,1001.1,993,6,1001.0,87158,6,1000.9,557,5,1000.8,1614,11,1000.7,1171,10,1001.5,164,2,1001.7,252,3,1001.8,1183,10,1001.9,902,12,1002.0,2529,21
317,2025-11-26 10:54:04+05:30,1002.0,431,996.47,4087642,504860.0,443072.0,986.2,1002.7,981.3,986.2,120479250,1084.8,887.6,1102.5,649.1,1001.2,1086,10,1001.1,1031,11,1001.0,87451,8,1000.9,799,10,1000.8,1583,13,1001.9,1552,4,1002.0,1392,13,1002.1,987,15,1002.2,2067,12,1002.3,1831,14
317,2025-11-26 10:54:04+05:30,1001.6,8,996.47,4087642,504860.0,443072.0,986.2,1002.7,981.3,986.2,120479250,1084.8,887.6,1102.5,649.1,1001.2,1086,10,1001.1,1031,11,1001.0,87451,8,1000.9,799,10,1000.8,1583,13,1001.9,1552,4,1002.0,1392,13,1002.1,987,15,1002.2,2067,12,1002.3,1831,14
317,2025-11-26 10:54:05+05:30,1001.6,30,996.47,4088833,502569.0,442123.0,986.2,1002.7,981.3,986.2,120479250,1084.8,887.6,1102.5,649.1,1001.6,751,2,1001.5,2,1,1001.4,109,1,1001.3,978,6,1001.2,1091,17,1002.0,1239,11,1002.1,1109,8,1002.2,1862,10,1002.3,912,15,1002.4,1783,10
317,2025-11-26 10:54:05+05:30,1001.6,30,996.47,4088833,502569.0,442123.0,986.2,1002.7,981.3,986.2,120479250,1084.8,887.6,1102.5,649.1,1001.6,751,2,1001.5,2,1,1001.4,109,1,1001.3,978,6,1001.2,1091,17,1002.0,1239,11,1002.1,1109,8,1002.2,1862,10,1002.3,912,15,1002.4,1783,10
317,2025-11-26 10:54:06+05:30,1002.0,11,996.47,4088844,502384.0,442265.0,986.2,1002.7,981.3,986.2,120479250,1084.8,887.6,1102.5,649.1,1001.6,792,4,1001.5,2,1,1001.4,317,2,1001.3,1027,6,1001.2,1091,17,1002.0,1228,11,1002.1,628,7,1002.2,1843,9,1002.3,981,16,1002.4,1849,11
317,2025-11-26 10:54:06+05:30,1002.0,11,996.47,4088844,502384.0,442265.0,986.2,1002.7,981.3,986.2,120479250,1084.8,887.6,1102.5,649.1,1001.6,792,4,1001.5,2,1,1001.4,317,2,1001.3,1027,6,1001.2,1091,17,1002.0,1228,11,1002.1,628,7,1002.2,1843,9,1002.3,981,16,1002.4,1849,11
317,2025-11-26 10:54:07+05:30,1002.0,11,996.47,4088844,502184.0,442266.0,986.2,1002.7,981.3,986.2,120479250,1084.8,887.6,1102.5,649.1,1001.6,792,4,1001.5,2,1,1001.4,317,2,1001.3,1027,6,1001.2,1091,17,1002.0,1228,11,1002.1,1140,8,1002.2,1845,10,1002.3,981,16,1002.4,1849,11
317,2025-11-26 10:54:08+05:30,1002.0,13,996.47,4088844,502184.0,442266.0,986.2,1002.7,981.3,986.2,120479250,1084.8,887.6,1102.5,649.1,1001.6,792,4,1001.5,2,1,1001.4,317,2,1001.3,1027,6,1001.2,1091,17,1002.0,1228,11,1002.1,1140,8,1002.2,1845,10,1002.3,981,16,1002.4,1849,11
317,2025-11-26 10:54:08+05:30,1002.0,44,996.47,4089043,414361.0,443857.0,986.2,1002.7,981.3,986.2,120479250,1084.8,887.6,1102.5,649.1,1001.6,762,3,1001.3,218,2,1001.2,694,11,1001.1,739,8,1001.0,831,13,1002.0,1674,15,1002.1,1632,13,1002.2,1845,10,1002.3,981,16,1002.4,2575,14
317,2025-11-26 10:54:09+05:30,1002.0,5,996.47,4089053,415236.0,443972.0,986.2,1002.7,981.3,986.2,120479250,1084.8,887.6,1102.5,649.1,1001.6,725,2,1001.3,218,2,1001.2,966,16,1001.1,844,11,1001.0,820,8,1002.0,1942,15,1002.1,1501,9,1002.2,1919,11,1002.3,921,12,1002.4,1806,12
317,2025-11-26 10:54:09+05:30,1002.0,5,996.47,4089053,415236.0,443972.0,986.2,1002.7,981.3,986.2,120479250,1084.8,887.6,1102.5,649.1,1001.6,725,2,1001.3,218,2,1001.2,966,16,1001.1,844,11,1001.0,820,8,1002.0,1942,15,1002.1,1501,9,1002.2,1919,11,1002.3,921,12,1002.4,1806,12
317,2025-11-26 10:54:10+05:30,1001.8,53,996.47,4089053,415236.0,443972.0,986.2,1002.7,981.3,986.2,120479250,1084.8,887.6,1102.5,649.1,1001.6,725,2,1001.3,218,2,1001.2,966,16,1001.1,844,11,1001.0,820,8,1002.0,1942,15,1002.1,1501,9,1002.2,1919,11,1002.3,921,12,1002.4,1806,12
317,2025-11-26 10:54:10+05:30,1001.8,53,996.47,4089778,413925.0,445048.0,986.2,1002.7,981.3,986.2,120479250,1084.8,887.6,1102.5,649.1,1001.6,11,1,1001.4,179,2,1001.3,398,4,1001.2,1105,17,1001.1,744,8,1001.8,216,3,1001.9,958,5,1002.0,2094,17,1002.1,1014,10,1002.2,1635,8
317,2025-11-26 10:54:11+05:30,1001.8,10,996.47,4089778,413925.0,445048.0,986.2,1002.7,981.3,986.2,120479250,1084.8,887.6,1102.5,649.1,1001.6,11,1,1001.4,179,2,1001.3,398,4,1001.2,1105,17,1001.1,744,8,1001.8,216,3,1001.9,958,5,1002.0,2094,17,1002.1,1014,10,1002.2,1635,8
317,2025-11-26 10:54:12+05:30,1001.8,10,996.47,4089788,413941.0,445071.0,986.2,1002.7,981.3,986.2,120479250,1084.8,887.6,1102.5,649.1,1001.6,24,2,1001.4,100,1,1001.3,286,3,1001.2,1217,18,1001.1,744,8,1001.8,244,4,1001.9,466,4,1002.0,1956,17,1002.1,1223,11,1002.2,1723,10
317,2025-11-26 10:54:12+05:30,1001.6,5,996.47,4089788,413941.0,445071.0,986.2,1002.7,981.3,986.2,120479250,1084.8,887.6,1102.5,649.1,1001.6,24,2,1001.4,100,1,1001.3,286,3,1001.2,1217,18,1001.1,744,8,1001.8,244,4,1001.9,466,4,1002.0,1956,17,1002.1,1223,11,1002.2,1723,10
317,2025-11-26 10:54:13+05:30,1001.8,20,996.47,4089824,413926.0,445150.0,986.2,1002.7,981.3,986.2,120479250,1084.8,887.6,1102.5,649.1,1001.6,8,1,1001.4,100,1,1001.3,286,3,1001.2,1425,19,1001.1,744,8,1001.8,224,4,1001.9,466,4,1002.0,2035,19,1002.1,1223,11,1002.2,1723,10
317,2025-11-26 10:54:13+05:30,1001.8,8,996.47,4089824,413926.0,445150.0,986.2,1002.7,981.3,986.2,120479250,1084.8,887.6,1102.5,649.1,1001.6,8,1,1001.4,100,1,1001.3,286,3,1001.2,1425,19,1001.1,744,8,1001.8,224,4,1001.9,466,4,1002.0,2035,19,1002.1,1223,11,1002.2,1723,10
317,2025-11-26 10:54:14+05:30,1001.8,3,996.47,4090019,413871.0,445344.0,986.2,1002.7,981.3,986.2,120479250,1084.8,887.6,1102.5,649.1,1001.7,112,1,1001.6,8,1,1001.4,100,1,1001.3,207,2,1001.2,1226,17,1001.8,132,2,1001.9,529,5,1002.0,2011,18,1002.1,1033,11,1002.2,1974,11
317,2025-11-26 10:54:14+05:30,1001.8,3,996.47,4090019,413871.0,445344.0,986.2,1002.7,981.3,986.2,120479250,1084.8,887.6,1102.5,649.1,1001.7,112,1,1001.6,8,1,1001.4,100,1,1001.3,207,2,1001.2,1226,17,1001.8,132,2,1001.9,529,5,1002.0,2011,18,1002.1,1033,11,1002.2,1974,11
317,2025-11-26 10:54:15+05:30,1002.0,18,996.48,4095209,416581.0,437091.0,986.2,1002.7,981.3,986.2,120479250,1084.8,887.6,1102.5,649.1,1002.0,9,1,1001.9,21,1,1001.8,79,1,1001.7,417,5,1001.6,463,9,1002.1,28,1,1002.2,1112,3,1002.3,863,5,1002.4,1137,7,1002.5,7153,15
317,2025-11-26 10:54:15+05:30,1001.9,16,996.48,4095209,416581.0,437091.0,986.2,1002.7,981.3,986.2,120479250,1084.8,887.6,1102.5,649.1,1002.0,9,1,1001.9,21,1,1001.8,79,1,1001.7,417,5,1001.6,463,9,1002.1,28,1,1002.2,1112,3,1002.3,863,5,1002.4,1137,7,1002.5,7153,15
317,2025-11-26 10:54:16+05:30,1002.0,19,996.48,4095259,416005.0,438174.0,986.2,1002.7,981.3,986.2,120479250,1084.8,887.6,1102.5,649.1,1002.0,14,1,1001.9,93,1,1001.8,239,3,1001.7,251,2,1001.6,702,8,1002.1,28,1,1002.2,1320,4,1002.3,642,7,1002.4,1669,9,1002.5,7531,20
317,2025-11-26 10:54:16+05:30,1002.0,19,996.48,4095259,416005.0,438174.0,986.2,1002.7,981.3,986.2,120479250,1084.8,887.6,1102.5,649.1,1002.0,14,1,1001.9,93,1,1001.8,239,3,1001.7,251,2,1001.6,702,8,1002.1,28,1,1002.2,1320,4,1002.3,642,7,1002.4,1669,9,1002.5,7531,20
317,2025-11-26 10:54:17+05:30,1002.0,19,996.48,4095259,415963.0,439237.0,986.2,1002.7,981.3,986.2,120479250,1084.8,887.6,1102.5,649.1,1002.0,16,2,1001.9,93,1,1001.8,239,3,1001.7,330,3,1001.6,702,8,1002.1,28,1,1002.2,2279,6,1002.3,893,9,1002.4,940,8,1002.5,7531,20
317,2025-11-26 10:54:18+05:30,1002.0,19,996.48,4095259,415969.0,439230.0,986.2,1002.7,981.3,986.2,120479250,1084.8,887.6,1102.5,649.1,1002.0,16,2,1001.9,93,1,1001.8,239,3,1001.7,330,3,1001.6,702,8,1002.1,28,1,1002.2,2279,6,1002.3,893,9,1002.4,918,7,1002.5,7531,20
317,2025-11-26 10:54:18+05:30,1002.1,6,996.48,4095259,415969.0,439230.0,986.2,1002.7,981.3,986.2,120479250,1084.8,887.6,1102.5,649.1,1002.0,16,2,1001.9,93,1,1001.8,239,3,1001.7,330,3,1001.6,702,8,1002.1,28,1,1002.2,2279,6,1002.3,893,9,1002.4,918,7,1002.5,7531,20
317,2025-11-26 10:54:19+05:30,1002.1,164,996.48,4095451,417170.0,438939.0,986.2,1002.7,981.3,986.2,120479250,1084.8,887.6,1102.5,649.1,1002.0,16,2,1001.9,93,1,1001.8,206,3,1001.7,601,4,1001.6,804,11,1002.1,110,1,1002.2,2120,6,1002.3,893,9,1002.4,1030,8,1002.5,7531,20
317,2025-11-26 10:54:19+05:30,1002.1,2,996.48,4095451,417170.0,438939.0,986.2,1002.7,981.3,986.2,120479250,1084.8,887.6,1102.5,649.1,1002.0,16,2,1001.9,93,1,1001.8,206,3,1001.7,601,4,1001.6,804,11,1002.1,110,1,1002.2,2120,6,1002.3,893,9,1002.4,1030,8,1002.5,7531,20
317,2025-11-26 10:54:20+05:30,1002.2,4,996.48,4097157,417935.0,438075.0,986.2,1002.7,981.3,986.2,120479250,1084.8,887.6,1102.5,649.1,1001.8,234,5,1001.7,391,5,1001.6,642,11,1001.5,714,10,1001.4,1115,11,1002.2,2116,6,1002.3,129,3,1002.4,1325,7,1002.5,7456,17,1002.6,590,6
317,2025-11-26 10:54:20+05:30,1002.2,4,996.48,4097157,417935.0,438075.0,986.2,1002.7,981.3,986.2,120479250,1084.8,887.6,1102.5,649.1,1001.8,234,5,1001.7,391,5,1001.6,642,11,1001.5,714,10,1001.4,1115,11,1002.2,2116,6,1002.3,129,3,1002.4,1325,7,1002.5,7456,17,1002.6,590,6
317,2025-11-26 10:54:21+05:30,1002.0,31,996.48,4097907,417099.0,440002.0,986.2,1002.7,981.3,986.2,120479250,1084.8,887.6,1102.5,649.1,1001.8,2,1,1001.7,15,1,1001.6,543,8,1001.5,569,9,1001.4,913,10,1002.0,134,2,1002.1,528,1,1002.2,2350,8,1002.3,1271,12,1002.4,1036,9
317,2025-11-26 10:54:21+05:30,1002.0,31,996.48,4097907,417099.0,440002.0,986.2,1002.7,981.3,986.2,120479250,1084.8,887.6,1102.5,649.1,1001.8,2,1,1001.7,15,1,1001.6,543,8,1001.5,569,9,1001.4,913,10,1002.0,134,2,1002.1,528,1,1002.2,2350,8,1002.3,1271,12,1002.4,1036,9
317,2025-11-26 10:54:22+05:30,1002.0,18,996.48,4098025,416793.0,440207.0,986.2,1002.7,981.3,986.2,120479250,1084.8,887.6,1102.5,649.1,1001.6,389,7,1001.5,672,10,1001.4,801,9,1001.3,877,8,1001.2,2053,16,1002.0,116,2,1002.1,751,3,1002.2,2324,7,1002.3,1074,13,1002.4,1333,11
317,2025-11-26 10:54:22+05:30,1002.0,18,996.48,4098025,416793.0,440207.0,986.2,1002.7,981.3,986.2,120479250,1084.8,887.6,1102.5,649.1,1001.6,389,7,1001.5,672,10,1001.4,801,9,1001.3,877,8,1001.2,2053,16,1002.0,116,2,1002.1,751,3,1002.2,2324,7,1002.3,1074,13,1002.4,1333,11
317,2025-11-26 10:54:23+05:30,1002.0,151,996.48,4098775,416952.0,438834.0,986.2,1002.7,981.3,986.2,120479250,1084.8,887.6,1102.5,649.1,1001.6,313,3,1001.5,1117,13,1001.4,729,6,1001.3,877,8,1001.2,1536,14,1002.0,180,3,1002.1,751,3,1002.2,2623,9,1002.3,1048,11,1002.4,1083,10
317,2025-11-26 10:54:23+05:30,1002.0,151,996.48,4098775,416952.0,438834.0,986.2,1002.7,981.3,986.2,120479250,1084.8,887.6,1102.5,649.1,1001.6,313,3,1001.5,1117,13,1001.4,729,6,1001.3,877,8,1001.2,1536,14,1002.0,180,3,1002.1,751,3,1002.2,2623,9,1002.3,1048,11,1002.4,1083,10
317,2025-11-26 10:54:24+05:30,1002.0,15,996.48,4098974,417426.0,438862.0,986.2,1002.7,981.3,986.2,120479250,1084.8,887.6,1102.5,649.1,1001.6,540,7,1001.5,1027,13,1001.4,729,6,1001.3,1079,9,1001.2,1545,15,1002.0,146,2,1002.1,335,3,1002.2,2419,8,1002.3,1048,11,1002.4,1333,11
317,2025-11-26 10:54:24+05:30,1002.0,15,996.48,4098974,417426.0,438862.0,986.2,1002.7,981.3,986.2,120479250,1084.8,887.6,1102.5,649.1,1001.6,540,7,1001.5,1027,13,1001.4,729,6,1001.3,1079,9,1001.2,1545,15,1002.0,146,2,1002.1,335,3,1002.2,2419,8,1002.3,1048,11,1002.4,1333,11
317,2025-11-26 10:54:25+05:30,1002.0,15,996.48,4098974,417468.0,440377.0,986.2,1002.7,981.3,986.2,120479250,1084.8,887.6,1102.5,649.1,1001.6,540,7,1001.5,588,12,1001.4,1210,7,1001.3,1079,9,1001.2,1545,15,1002.0,146,2,1002.1,905,4,1002.2,2419,8,1002.3,1074,13,1002.4,1333,11
317,2025-11-26 10:54:26+05:30,1002.0,15,996.48,4099003,417467.0,440555.0,986.2,1002.7,981.3,986.2,120479250,1084.8,887.6,1102.5,649.1,1001.6,415,5,1001.5,691,13,1001.4,1210,7,1001.3,1079,9,1001.2,1545,15,1002.0,186,2,1002.1,918,4,1002.2,2419,8,1002.3,1074,13,1002.4,1333,11
317,2025-11-26 10:54:26+05:30,1002.0,15,996.48,4099003,417467.0,440555.0,986.2,1002.7,981.3,986.2,120479250,1084.8,887.6,1102.5,649.1,1001.6,415,5,1001.5,691,13,1001.4,1210,7,1001.3,1079,9,1001.2,1545,15,1002.0,186,2,1002.1,918,4,1002.2,2419,8,1002.3,1074,13,1002.4,1333,11
317,2025-11-26 10:54:27+05:30,1002.0,15,996.48,4099003,416470.0,439241.0,986.2,1002.7,981.3,986.2,120479250,1084.8,887.6,1102.5,649.1,1001.6,49,2,1001.5,430,4,1001.4,1187,12,1001.3,877,8,1001.2,1078,14,1002.0,186,2,1002.1,643,5,1002.2,2784,11,1002.3,1119,12,1002.4,1083,10
317,2025-11-26 10:54:27+05:30,1002.0,11,996.48,4099003,416470.0,439241.0,986.2,1002.7,981.3,986.2,120479250,1084.8,887.6,1102.5,649.1,1001.6,49,2,1001.5,430,4,1001.4,1187,12,1001.3,877,8,1001.2,1078,14,1002.0,186,2,1002.1,643,5,1002.2,2784,11,1002.3,1119,12,1002.4,1083,10
317,2025-11-26 10:54:28+05:30,1002.0,11,996.48,4099014,416439.0,439161.0,986.2,1002.7,981.3,986.2,120479250,1084.8,887.6,1102.5,649.1,1001.6,18,1,1001.5,430,4,1001.4,1187,12,1001.3,877,8,1001.2,1078,14,1002.0,224,3,1002.1,1164,6,1002.2,2534,10,1002.3,1369,13,1002.4,1083,10
317,2025-11-26 10:54:29+05:30,1002.0,9,996.48,4099238,416683.0,439114.0,986.2,1002.7,981.3,986.2,120479250,1084.8,887.6,1102.5,649.1,1001.6,163,4,1001.5,529,4,1001.4,1236,13,1001.3,877,8,1001.2,1078,14,1002.0,106,1,1002.1,1235,6,1002.2,2534,10,1002.3,1119,12,1002.4,1083,10
317,2025-11-26 10:54:29+05:30,1002.0,9,996.48,4099238,416683.0,439114.0,986.2,1002.7,981.3,986.2,120479250,1084.8,887.6,1102.5,649.1,1001.6,163,4,1001.5,529,4,1001.4,1236,13,1001.3,877,8,1001.2,1078,14,1002.0,106,1,1002.1,1235,6,1002.2,2534,10,1002.3,1119,12,1002.4,1083,10
317,2025-11-26 10:54:30+05:30,1001.8,1,996.48,4099257,416047.0,442312.0,986.2,1002.7,981.3,986.2,120479250,1084.8,887.6,1102.5,649.1,1001.6,52,3,1001.5,327,3,1001.4,849,13,1001.3,770,7,1001.2,878,12,1001.8,85,1,1002.0,216,3,1002.1,1159,6,1002.2,2810,13,1002.3,1119,12
317,2025-11-26 10:54:30+05:30,1001.8,1,996.48,4099257,416047.0,442312.0,986.2,1002.7,981.3,986.2,120479250,1084.8,887.6,1102.5,649.1,1001.6,52,3,1001.5,327,3,1001.4,849,13,1001.3,770,7,1001.2,878,12,1001.8,85,1,1002.0,216,3,1002.1,1159,6,1002.2,2810,13,1002.3,1119,12
317,2025-11-26 10:54:31+05:30,1001.8,8,996.48,4099265,415945.0,441161.0,986.2,1002.7,981.3,986.2,120479250,1084.8,887.6,1102.5,649.1,1001.6,52,3,1001.5,421,4,1001.4,755,12,1001.3,770,7,1001.2,878,12,1001.8,77,1,1002.0,216,3,1002.1,1157,6,1002.2,2114,12,1002.3,904,12
317,2025-11-26 10:54:31+05:30,1001.8,8,996.48,4099265,415945.0,441161.0,986.2,1002.7,981.3,986.2,120479250,1084.8,887.6,1102.5,649.1,1001.6,52,3,1001.5,421,4,1001.4,755,12,1001.3,770,7,1001.2,878,12,1001.8,77,1,1002.0,216,3,1002.1,1157,6,1002.2,2114,12,1002.3,904,12
317,2025-11-26 10:54:32+05:30,1001.8,8,996.48,4099265,415845.0,441161.0,986.2,1002.7,981.3,986.2,120479250,1084.8,887.6,1102.5,649.1,1001.6,52,3,1001.5,421,4,1001.4,755,12,1001.3,770,7,1001.2,878,12,1001.8,77,1,1002.0,216,3,1002.1,1157,6,1002.2,2114,12,1002.3,904,12
317,2025-11-26 10:54:33+05:30,1001.8,6,996.48,4099271,415744.0,441589.0,986.2,1002.7,981.3,986.2,120479250,1084.8,887.6,1102.5,649.1,1001.6,22,2,1001.5,421,4,1001.4,1135,13,1001.3,770,7,1001.2,878,12,1001.8,71,1,1002.0,376,6,1002.1,1201,6,1002.2,2065,11,1002.3,904,12
317,2025-11-26 10:54:33+05:30,1001.8,6,996.48,4099271,415744.0,441589.0,986.2,1002.7,981.3,986.2,120479250,1084.8,887.6,1102.5,649.1,1001.6,22,2,1001.5,421,4,1001.4,1135,13,1001.3,770,7,1001.2,878,12,1001.8,71,1,1002.0,376,6,1002.1,1201,6,1002.2,2065,11,1002.3,904,12
317,2025-11-26 10:54:34+05:30,1001.8,250,996.48,4099271,415744.0,441589.0,986.2,1002.7,981.3,986.2,120479250,1084.8,887.6,1102.5,649.1,1001.6,22,2,1001.5,421,4,1001.4,1135,13,1001.3,770,7,1001.2,878,12,1001.8,71,1,1002.0,376,6,1002.1,1201,6,1002.2,2065,11,1002.3,904,12
317,2025-11-26 10:54:34+05:30,1001.8,250,996.48,4099709,416306.0,442311.0,986.2,1002.7,981.3,986.2,120479250,1084.8,887.6,1102.5,649.1,1001.7,112,1,1001.6,22,2,1001.5,210,2,1001.4,1150,13,1001.3,770,7,1001.8,96,1,1002.0,376,6,1002.1,1354,8,1002.2,2460,13,1002.3,648,10
317,2025-11-26 10:54:35+05:30,1001.7,3,996.48,4099709,416306.0,442311.0,986.2,1002.7,981.3,986.2,120479250,1084.8,887.6,1102.5,649.1,1001.7,112,1,1001.6,22,2,1001.5,210,2,1001.4,1150,13,1001.3,770,7,1001.8,96,1,1002.0,376,6,1002.1,1354,8,1002.2,2460,13,1002.3,648,10
317,2025-11-26 10:54:35+05:30,1001.9,1,996.48,4100380,420992.0,441025.0,986.2,1002.7,981.3,986.2,120479250,1084.8,887.6,1102.5,649.1,1001.9,197,1,1001.6,46,2,1001.5,210,2,1001.4,1179,9,1001.3,960,13,1002.0,209,4,1002.1,960,6,1002.2,2622,13,1002.3,674,11,1002.4,1788,13
317,2025-11-26 10:54:36+05:30,1001.9,1,996.48,4100380,420992.0,441025.0,986.2,1002.7,981.3,986.2,120479250,1084.8,887.6,1102.5,649.1,1001.9,197,1,1001.6,46,2,1001.5,210,2,1001.4,1179,9,1001.3,960,13,1002.0,209,4,1002.1,960,6,1002.2,2622,13,1002.3,674,11,1002.4,1788,13
317,2025-11-26 10:54:37+05:30,1002.0,7,996.48,4100387,420848.0,440800.0,986.2,1002.7,981.3,986.2,120479250,1084.8,887.6,1102.5,649.1,1001.9,210,2,1001.6,34,1,1001.5,210,2,1001.4,1195,8,1001.3,877,8,1002.0,202,4,1002.1,773,8,1002.2,2372,12,1002.3,924,12,1002.4,1797,14
317,2025-11-26 10:54:37+05:30,1002.0,7,996.48,4100387,420848.0,440800.0,986.2,1002.7,981.3,986.2,120479250,1084.8,887.6,1102.5,649.1,1001.9,210,2,1001.6,34,1,1001.5,210,2,1001.4,1195,8,1001.3,877,8,1002.0,202,4,1002.1,773,8,1002.2,2372,12,1002.3,924,12,1002.4,1797,14
317,2025-11-26 10:54:38+05:30,1002.0,7,996.48,4100387,421082.0,440522.0,986.2,1002.7,981.3,986.2,120479250,1084.8,887.6,1102.5,649.1,1001.9,210,2,1001.8,50,1,1001.6,34,1,1001.5,210,2,1001.4,1274,9,1002.0,202,4,1002.1,992,7,1002.2,2161,8,1002.3,1395,14,1002.4,1131,14
317,2025-11-26 10:54:39+05:30,1002.0,2,996.48,4100572,421070.0,441415.0,986.2,1002.7,981.3,986.2,120479250,1084.8,887.6,1102.5,649.1,1001.9,210,2,1001.8,50,1,1001.6,34,1,1001.5,210,2,1001.4,1180,8,1002.0,822,7,1002.1,1292,11,1002.2,2432,10,1002.3,1051,12,1002.4,1105,12
317,2025-11-26 10:54:39+05:30,1002.0,2,996.48,4100572,421070.0,441415.0,986.2,1002.7,981.3,986.2,120479250,1084.8,887.6,1102.5,649.1,1001.9,210,2,1001.8,50,1,1001.6,34,1,1001.5,210,2,1001.4,1180,8,1002.0,822,7,1002.1,1292,11,1002.2,2432,10,1002.3,1051,12,1002.4,1105,12
317,2025-11-26 10:54:40+05:30,1001.8,15,996.48,4100832,417544.0,444390.0,986.2,1002.7,981.3,986.2,120479250,1084.8,887.6,1102.5,649.1,1001.4,142,2,1001.3,137,2,1001.2,589,6,1001.1,680,6,1001.0,1335,9,1001.8,422,3,1001.9,1325,9,1002.0,1244,13,1002.1,1579,19,1002.2,2253,12
317,2025-11-26 10:54:40+05:30,1001.8,15,996.48,4100832,417544.0,444390.0,986.2,1002.7,981.3,986.2,120479250,1084.8,887.6,1102.5,649.1,1001.4,142,2,1001.3,137,2,1001.2,589,6,1001.1,680,6,1001.0,1335,9,1001.8,422,3,1001.9,1325,9,1002.0,1244,13,1002.1,1579,19,1002.2,2253,12
317,2025-11-26 10:54:41+05:30,1001.4,162,996.49,4101149,417521.0,444679.0,986.2,1002.7,981.3,986.2,120479250,1084.8,887.6,1102.5,649.1,1001.4,37,1,1001.3,222,3,1001.2,242,3,1001.1,650,6,1001.0,1509,11,1001.7,2,1,1001.8,1061,5,1001.9,721,6,1002.0,1367,15,1002.1,1503,14
317,2025-11-26 10:54:41+05:30,1001.4,162,996.49,4101149,417521.0,444679.0,986.2,1002.7,981.3,986.2,120479250,1084.8,887.6,1102.5,649.1,1001.4,37,1,1001.3,222,3,1001.2,242,3,1001.1,650,6,1001.0,1509,11,1001.7,2,1,1001.8,1061,5,1001.9,721,6,1002.0,1367,15,1002.1,1503,14
317,2025-11-26 10:54:42+05:30,1001.7,10,996.49,4101159,417534.0,443682.0,986.2,1002.7,981.3,986.2,120479250,1084.8,887.6,1102.5,649.1,1001.3,273,4,1001.2,580,7,1001.1,649,8,1001.0,1382,8,1000.9,819,13,1001.7,2,1,1001.8,709,3,1001.9,721,6,1002.0,1367,15,1002.1,1172,13
317,2025-11-26 10:54:42+05:30,1001.7,10,996.49,4101159,417534.0,443682.0,986.2,1002.7,981.3,986.2,120479250,1084.8,887.6,1102.5,649.1,1001.3,273,4,1001.2,580,7,1001.1,649,8,1001.0,1382,8,1000.9,819,13,1001.7,2,1,1001.8,709,3,1001.9,721,6,1002.0,1367,15,1002.1,1172,13
317,2025-11-26 10:54:43+05:30,1001.7,10,996.49,4101159,417720.0,443543.0,986.2,1002.7,981.3,986.2,120479250,1084.8,887.6,1102.5,649.1,1001.3,444,5,1001.2,1042,9,1001.1,649,8,1001.0,856,7,1000.9,819,13,1001.7,2,1,1001.8,184,2,1001.9,1103,6,1002.0,1371,16,1002.1,1172,13
317,2025-11-26 10:54:44+05:30,1001.9,2,996.49,4101163,418889.0,444310.0,986.2,1002.7,981.3,986.2,120479250,1084.8,887.6,1102.5,649.1,1001.7,17,1,1001.4,251,2,1001.3,487,6,1001.2,1154,10,1001.1,839,10,1001.9,502,5,1002.0,1235,16,1002.1,1849,14,1002.2,2389,13,1002.3,1144,17
317,2025-11-26 10:54:44+05:30,1001.9,2,996.49,4101163,418889.0,444310.0,986.2,1002.7,981.3,986.2,120479250,1084.8,887.6,1102.5,649.1,1001.7,17,1,1001.4,251,2,1001.3,487,6,1001.2,1154,10,1001.1,839,10,1001.9,502,5,1002.0,1235,16,1002.1,1849,14,1002.2,2389,13,1002.3,1144,17
317,2025-11-26 10:54:45+05:30,1001.7,165,996.49,4101356,417661.0,443546.0,986.2,1002.7,981.3,986.2,120479250,1084.8,887.6,1102.5,649.1,1001.5,2,1,1001.3,424,4,1001.2,967,8,1001.1,675,8,1001.0,957,8,1001.7,96,1,1001.9,940,5,1002.0,1233,14,1002.1,1131,12,1002.2,2427,13
317,2025-11-26 10:54:45+05:30,1001.5,16,996.49,4101356,417661.0,443546.0,986.2,1002.7,981.3,986.2,120479250,1084.8,887.6,1102.5,649.1,1001.5,2,1,1001.3,424,4,1001.2,967,8,1001.1,675,8,1001.0,957,8,1001.7,96,1,1001.9,940,5,1002.0,1233,14,1002.1,1131,12,1002.2,2427,13
317,2025-11-26 10:54:46+05:30,1001.5,16,996.49,4101375,418003.0,443546.0,986.2,1002.7,981.3,986.2,120479250,1084.8,887.6,1102.5,649.1,1001.5,286,2,1001.3,597,4,1001.2,967,8,1001.1,754,9,1001.0,957,8,1001.7,96,1,1001.9,940,5,1002.0,1233,14,1002.1,1131,12,1002.2,2427,13
317,2025-11-26 10:54:47+05:30,1001.5,16,996.49,4101375,417923.0,444006.0,986.2,1002.7,981.3,986.2,120479250,1084.8,887.6,1102.5,649.1,1001.5,286,2,1001.3,413,4,1001.2,967,8,1001.1,754,9,1001.0,957,8,1001.7,96,1,1001.9,964,6,1002.0,1233,14,1002.1,1131,12,1002.2,2427,13
317,2025-11-26 10:54:47+05:30,1001.7,6,996.49,4101375,417923.0,444006.0,986.2,1002.7,981.3,986.2,120479250,1084.8,887.6,1102.5,649.1,1001.5,286,2,1001.3,413,4,1001.2,967,8,1001.1,754,9,1001.0,957,8,1001.7,96,1,1001.9,964,6,1002.0,1233,14,1002.1,1131,12,1002.2,2427,13
317,2025-11-26 10:54:48+05:30,1001.7,6,996.49,4101381,418218.0,444019.0,986.2,1002.7,981.3,986.2,120479250,1084.8,887.6,1102.5,649.1,1001.5,286,2,1001.3,676,5,1001.2,1046,9,1001.1,754,9,1001.0,957,8,1001.7,90,1,1001.9,874,4,1002.0,1233,14,1002.1,1131,12,1002.2,2427,13
317,2025-11-26 10:54:48+05:30,1001.7,7,996.49,4101381,418218.0,444019.0,986.2,1002.7,981.3,986.2,120479250,1084.8,887.6,1102.5,649.1,1001.5,286,2,1001.3,676,5,1001.2,1046,9,1001.1,754,9,1001.0,957,8,1001.7,90,1,1001.9,874,4,1002.0,1233,14,1002.1,1131,12,1002.2,2427,13
317,2025-11-26 10:54:49+05:30,1001.7,186,996.49,4101574,419859.0,443529.0,986.2,1002.7,981.3,986.2,120479250,1084.8,887.6,1102.5,649.1,1001.5,470,3,1001.4,374,4,1001.3,810,7,1001.2,724,11,1001.1,1009,13,1001.7,96,1,1001.8,37,2,1001.9,164,2,1002.0,1341,10,1002.1,1152,12
317,2025-11-26 10:54:49+05:30,1001.7,186,996.49,4101574,419859.0,443529.0,986.2,1002.7,981.3,986.2,120479250,1084.8,887.6,1102.5,649.1,1001.5,470,3,1001.4,374,4,1001.3,810,7,1001.2,724,11,1001.1,1009,13,1001.7,96,1,1001.8,37,2,1001.9,164,2,1002.0,1341,10,1002.1,1152,12
317,2025-11-26 10:54:50+05:30,1001.6,694,996.49,4102619,417887.0,445308.0,986.2,1002.7,981.3,986.2,120479250,1084.8,887.6,1102.5,649.1,1001.3,326,3,1001.2,518,7,1001.1,1027,9,1001.0,856,7,1000.9,740,8,1001.6,96,1,1001.8,169,4,1001.9,459,4,1002.0,1968,16,1002.1,1052,14
317,2025-11-26 10:54:50+05:30,1001.8,12,996.49,4102619,417887.0,445308.0,986.2,1002.7,981.3,986.2,120479250,1084.8,887.6,1102.5,649.1,1001.3,326,3,1001.2,518,7,1001.1,1027,9,1001.0,856,7,1000.9,740,8,1001.6,96,1,1001.8,169,4,1001.9,459,4,1002.0,1968,16,1002.1,1052,14
317,2025-11-26 10:54:51+05:30,1001.8,12,996.49,4103201,420393.0,442505.0,986.2,1002.7,981.3,986.2,120479250,1084.8,887.6,1102.5,649.1,1001.8,168,1,1001.6,27,1,1001.5,2,1,1001.4,459,3,1001.3,1052,6,1002.0,608,8,1002.1,908,10,1002.2,2482,11,1002.3,1306,17,1002.4,1700,12
317,2025-11-26 10:54:51+05:30,1001.8,7,996.49,4103201,420393.0,442505.0,986.2,1002.7,981.3,986.2,120479250,1084.8,887.6,1102.5,649.1,1001.8,168,1,1001.6,27,1,1001.5,2,1,1001.4,459,3,1001.3,1052,6,1002.0,608,8,1002.1,908,10,1002.2,2482,11,1002.3,1306,17,1002.4,1700,12
317,2025-11-26 10:54:52+05:30,1001.8,7,996.49,4103208,420305.0,442893.0,986.2,1002.7,981.3,986.2,120479250,1084.8,887.6,1102.5,649.1,1001.8,161,1,1001.6,27,1,1001.5,2,1,1001.4,459,3,1001.3,1083,6,1002.0,1294,14,1002.1,1341,11,1002.2,2403,10,1002.3,1293,16,1002.4,1797,15
317,2025-11-26 10:54:52+05:30,1002.0,6,996.49,4103208,420305.0,442893.0,986.2,1002.7,981.3,986.2,120479250,1084.8,887.6,1102.5,649.1,1001.8,161,1,1001.6,27,1,1001.5,2,1,1001.4,459,3,1001.3,1083,6,1002.0,1294,14,1002.1,1341,11,1002.2,2403,10,1002.3,1293,16,1002.4,1797,15
317,2025-11-26 10:54:53+05:30,1001.4,1,996.49,4103376,418490.0,445657.0,986.2,1002.7,981.3,986.2,120479250,1084.8,887.6,1102.5,649.1,1001.4,165,1,1001.3,145,1,1001.2,1254,11,1001.1,819,12,1001.0,928,10,1001.7,159,1,1001.9,911,5,1002.0,1336,13,1002.1,1500,15,1002.2,2367,11
317,2025-11-26 10:54:53+05:30,1001.4,1,996.49,4103376,418490.0,445657.0,986.2,1002.7,981.3,986.2,120479250,1084.8,887.6,1102.5,649.1,1001.4,165,1,1001.3,145,1,1001.2,1254,11,1001.1,819,12,1001.0,928,10,1001.7,159,1,1001.9,911,5,1002.0,1336,13,1002.1,1500,15,1002.2,2367,11
317,2025-11-26 10:54:54+05:30,1001.8,6,996.49,4103552,420074.0,444872.0,986.2,1002.7,981.3,986.2,120479250,1084.8,887.6,1102.5,649.1,1001.8,106,1,1001.7,17,1,1001.4,373,2,1001.3,596,6,1001.2,1987,13,1001.9,79,2,1002.0,1181,12,1002.1,1510,14,1002.2,2187,9,1002.3,1567,16
317,2025-11-26 10:54:54+05:30,1001.8,6,996.49,4103552,420074.0,444872.0,986.2,1002.7,981.3,986.2,120479250,1084.8,887.6,1102.5,649.1,1001.8,106,1,1001.7,17,1,1001.4,373,2,1001.3,596,6,1001.2,1987,13,1001.9,79,2,1002.0,1181,12,1002.1,1510,14,1002.2,2187,9,1002.3,1567,16
317,2025-11-26 10:54:55+05:30,1001.8,6,996.49,4103552,420074.0,444388.0,986.2,1002.7,981.3,986.2,120479250,1084.8,887.6,1102.5,649.1,1001.8,106,1,1001.7,17,1,1001.4,373,2,1001.3,596,6,1001.2,1987,13,1001.9,79,2,1002.0,1181,12,1002.1,1760,15,1002.2,2212,10,1002.3,1317,15
317,2025-11-26 10:54:56+05:30,1001.9,21,996.49,4103575,420133.0,444544.0,986.2,1002.7,981.3,986.2,120479250,1084.8,887.6,1102.5,649.1,1001.8,106,1,1001.4,373,2,1001.3,596,6,1001.2,1987,13,1001.1,898,13,1001.9,2,1,1002.0,1347,14,1002.1,1681,14,1002.2,2212,10,1002.3,1317,15
317,2025-11-26 10:54:56+05:30,1001.9,21,996.49,4103575,420133.0,444544.0,986.2,1002.7,981.3,986.2,120479250,1084.8,887.6,1102.5,649.1,1001.8,106,1,1001.4,373,2,1001.3,596,6,1001.2,1987,13,1001.1,898,13,1001.9,2,1,1002.0,1347,14,1002.1,1681,14,1002.2,2212,10,1002.3,1317,15
317,2025-11-26 10:54:57+05:30,1001.9,21,996.49,4103575,419885.0,444407.0,986.2,1002.7,981.3,986.2,120479250,1084.8,887.6,1102.5,649.1,1001.8,126,2,1001.4,373,2,1001.3,639,7,1001.2,1987,13,1001.1,898,13,1001.9,2,1,1002.0,1197,12,1002.1,1694,14,1002.2,2212,10,1002.3,1317,15
317,2025-11-26 10:54:58+05:30,1001.9,21,996.49,4103575,420140.0,444023.0,986.2,1002.7,981.3,986.2,120479250,1084.8,887.6,1102.5,649.1,1001.8,126,2,1001.6,31,1,1001.5,410,2,1001.4,452,3,1001.3,675,10,1001.9,2,1,1002.0,853,9,1002.1,1395,12,1002.2,2462,11,1002.3,1317,15
317,2025-11-26 10:54:59+05:30,1002.0,13,996.49,4103575,420140.0,444023.0,986.2,1002.7,981.3,986.2,120479250,1084.8,887.6,1102.5,649.1,1001.8,126,2,1001.6,31,1,1001.5,410,2,1001.4,452,3,1001.3,675,10,1001.9,2,1,1002.0,853,9,1002.1,1395,12,1002.2,2462,11,1002.3,1317,15
317,2025-11-26 10:54:59+05:30,1001.9,174,996.49,4103866,420625.0,444571.0,986.2,1002.7,981.3,986.2,120479250,1084.8,887.6,1102.5,649.1,1001.8,71,2,1001.6,33,2,1001.5,489,3,1001.4,605,5,1001.3,700,10,1001.9,196,1,1002.0,883,7,1002.1,1718,11,1002.2,2472,11,1002.3,1297,14
317,2025-11-26 10:55:00+05:30,1001.8,3,996.49,4103866,420625.0,444571.0,986.2,1002.7,981.3,986.2,120479250,1084.8,887.6,1102.5,649.1,1001.8,71,2,1001.6,33,2,1001.5,489,3,1001.4,605,5,1001.3,700,10,1001.9,196,1,1002.0,883,7,1002.1,1718,11,1002.2,2472,11,1002.3,1297,14
317,2025-11-26 10:55:00+05:30,1001.8,8,996.49,4104430,419041.0,444359.0,986.2,1002.7,981.3,986.2,120479250,1084.8,887.6,1102.5,649.1,1001.4,646,5,1001.3,623,9,1001.2,1240,9,1001.1,817,12,1001.0,815,9,1001.8,71,1,1001.9,766,3,1002.0,1278,11,1002.1,1408,14,1002.2,2312,11
317,2025-11-26 10:55:01+05:30,1001.8,8,996.49,4104430,419041.0,444359.0,986.2,1002.7,981.3,986.2,120479250,1084.8,887.6,1102.5,649.1,1001.4,646,5,1001.3,623,9,1001.2,1240,9,1001.1,817,12,1001.0,815,9,1001.8,71,1,1001.9,766,3,1002.0,1278,11,1002.1,1408,14,1002.2,2312,11
317,2025-11-26 10:55:02+05:30,1001.8,8,996.49,4104430,419103.0,444379.0,986.2,1002.7,981.3,986.2,120479250,1084.8,887.6,1102.5,649.1,1001.4,518,3,1001.3,452,6,1001.2,1240,9,1001.1,817,12,1001.0,815,9,1001.8,71,1,1001.9,766,3,1002.0,1278,11,1002.1,1516,17,1002.2,2562,12
317,2025-11-26 10:55:02+05:30,1001.9,58,996.49,4104430,419103.0,444379.0,986.2,1002.7,981.3,986.2,120479250,1084.8,887.6,1102.5,649.1,1001.4,518,3,1001.3,452,6,1001.2,1240,9,1001.1,817,12,1001.0,815,9,1001.8,71,1,1001.9,766,3,1002.0,1278,11,1002.1,1516,17,1002.2,2562,12
317,2025-11-26 10:55:02+05:30,1001.9,58,996.49,4105132,421053.0,443433.0,986.2,1002.7,981.3,986.2,120479250,1084.8,887.6,1102.5,649.1,1001.9,48,1,1001.6,80,2,1001.5,251,2,1001.4,628,4,1001.3,1299,10,1002.0,1110,10,1002.1,1297,12,1002.2,2448,10,1002.3,1240,13,1002.4,1751,15
317,2025-11-26 10:55:03+05:30,1002.0,35,996.49,4105132,421053.0,443433.0,986.2,1002.7,981.3,986.2,120479250,1084.8,887.6,1102.5,649.1,1001.9,48,1,1001.6,80,2,1001.5,251,2,1001.4,628,4,1001.3,1299,10,1002.0,1110,10,1002.1,1297,12,1002.2,2448,10,1002.3,1240,13,1002.4,1751,15
317,2025-11-26 10:55:04+05:30,1002.0,23,996.49,4105352,421035.0,444299.0,986.2,1002.7,981.3,986.2,120479250,1084.8,887.6,1102.5,649.1,1001.9,48,1,1001.6,80,2,1001.5,457,3,1001.4,654,6,1001.3,1273,8,1002.0,1161,11,1002.1,1447,15,1002.2,2377,9,1002.3,1268,14,1002.4,1972,17
317,2025-11-26 10:55:04+05:30,1002.0,10,996.49,4105352,421035.0,444299.0,986.2,1002.7,981.3,986.2,120479250,1084.8,887.6,1102.5,649.1,1001.9,48,1,1001.6,80,2,1001.5,457,3,1001.4,654,6,1001.3,1273,8,1002.0,1161,11,1002.1,1447,15,1002.2,2377,9,1002.3,1268,14,1002.4,1972,17
317,2025-11-26 10:55:05+05:30,1002.0,10,996.49,4105362,420877.0,443987.0,986.2,1002.7,981.3,986.2,120479250,1084.8,887.6,1102.5,649.1,1001.9,48,1,1001.6,80,2,1001.5,457,3,1001.4,654,6,1001.3,1273,8,1002.0,1064,10,1002.1,1376,14,1002.2,2198,9,1002.3,1518,15,1002.4,1972,17
317,2025-11-26 10:55:05+05:30,1001.9,2,996.49,4105362,420877.0,443987.0,986.2,1002.7,981.3,986.2,120479250,1084.8,887.6,1102.5,649.1,1001.9,48,1,1001.6,80,2,1001.5,457,3,1001.4,654,6,1001.3,1273,8,1002.0,1064,10,1002.1,1376,14,1002.2,2198,9,1002.3,1518,15,1002.4,1972,17
317,2025-11-26 10:55:06+05:30,1001.9,2,996.49,4105364,421455.0,442257.0,986.2,1002.7,981.3,986.2,120479250,1084.8,887.6,1102.5,649.1,1001.9,46,1,1001.8,100,1,1001.6,507,7,1001.5,564,6,1001.4,1298,11,1002.0,1043,8,1002.1,869,7,1002.2,2147,8,1002.3,1429,13,1002.4,1222,11
317,2025-11-26 10:55:06+05:30,1002.0,9,996.49,4105364,421455.0,442257.0,986.2,1002.7,981.3,986.2,120479250,1084.8,887.6,1102.5,649.1,1001.9,46,1,1001.8,100,1,1001.6,507,7,1001.5,564,6,1001.4,1298,11,1002.0,1043,8,1002.1,869,7,1002.2,2147,8,1002.3,1429,13,1002.4,1222,11
317,2025-11-26 10:55:07+05:30,1002.0,9,996.49,4105373,421497.0,442105.0,986.2,1002.7,981.3,986.2,120479250,1084.8,887.6,1102.5,649.1,1001.9,46,1,1001.8,100,1,1001.6,507,7,1001.5,613,7,1001.4,1298,11,1002.0,1034,8,1002.1,869,7,1002.2,2076,7,1002.3,1236,12,1002.4,1472,12
317,2025-11-26 10:55:07+05:30,1002.0,152,996.49,4105373,421497.0,442105.0,986.2,1002.7,981.3,986.2,120479250,1084.8,887.6,1102.5,649.1,1001.9,46,1,1001.8,100,1,1001.6,507,7,1001.5,613,7,1001.4,1298,11,1002.0,1034,8,1002.1,869,7,1002.2,2076,7,1002.3,1236,12,1002.4,1472,12
317,2025-11-26 10:55:08+05:30,1002.0,152,996.49,4106169,422230.0,441571.0,986.2,1002.7,981.3,986.2,120479250,1084.8,887.6,1102.5,649.1,1001.8,100,1,1001.7,277,2,1001.6,709,9,1001.5,981,14,1001.4,924,8,1002.0,1404,6,1002.1,869,7,1002.2,2284,8,1002.3,1135,10,1002.4,1222,11
317,2025-11-26 10:55:08+05:30,1002.0,9,996.49,4106169,422230.0,441571.0,986.2,1002.7,981.3,986.2,120479250,1084.8,887.6,1102.5,649.1,1001.8,100,1,1001.7,277,2,1001.6,709,9,1001.5,981,14,1001.4,924,8,1002.0,1404,6,1002.1,869,7,1002.2,2284,8,1002.3,1135,10,1002.4,1222,11
317,2025-11-26 10:55:09+05:30,1002.0,24,996.49,4106383,422240.0,441478.0,986.2,1002.7,981.3,986.2,120479250,1084.8,887.6,1102.5,649.1,1001.8,100,1,1001.7,236,2,1001.6,731,9,1001.5,981,14,1001.4,902,7,1002.0,1278,5,1002.1,869,7,1002.2,2005,6,1002.3,1184,11,1002.4,1472,12
317,2025-11-26 10:55:09+05:30,1002.0,24,996.49,4106383,422240.0,441478.0,986.2,1002.7,981.3,986.2,120479250,1084.8,887.6,1102.5,649.1,1001.8,100,1,1001.7,236,2,1001.6,731,9,1001.5,981,14,1001.4,902,7,1002.0,1278,5,1002.1,869,7,1002.2,2005,6,1002.3,1184,11,1002.4,1472,12
317,2025-11-26 10:55:10+05:30,1002.0,24,996.49,4106383,420955.0,443286.0,986.2,1002.7,981.3,986.2,120479250,1084.8,887.6,1102.5,649.1,1001.8,100,1,1001.6,104,3,1001.5,281,4,1001.4,981,12,1001.3,1439,9,1001.9,96,1,1002.0,1406,7,1002.1,1270,10,1002.2,2432,12,1002.3,1292,15
317,2025-11-26 10:55:10+05:30,1001.8,6,996.49,4106383,420955.0,443286.0,986.2,1002.7,981.3,986.2,120479250,1084.8,887.6,1102.5,649.1,1001.8,100,1,1001.6,104,3,1001.5,281,4,1001.4,981,12,1001.3,1439,9,1001.9,96,1,1002.0,1406,7,1002.1,1270,10,1002.2,2432,12,1002.3,1292,15
317,2025-11-26 10:55:11+05:30,1001.9,750,996.49,4107290,420931.0,441493.0,986.2,1002.7,981.3,986.2,120479250,1084.8,887.6,1102.5,649.1,1001.5,678,11,1001.4,929,16,1001.3,695,6,1001.2,1206,13,1001.1,1339,11,1001.9,96,1,1002.0,1319,7,1002.1,1696,10,1002.2,2364,9,1002.3,1332,15
317,2025-11-26 10:55:11+05:30,1001.9,750,996.49,4107290,420931.0,441493.0,986.2,1002.7,981.3,986.2,120479250,1084.8,887.6,1102.5,649.1,1001.5,678,11,1001.4,929,16,1001.3,695,6,1001.2,1206,13,1001.1,1339,11,1001.9,96,1,1002.0,1319,7,1002.1,1696,10,1002.2,2364,9,1002.3,1332,15
317,2025-11-26 10:55:12+05:30,1001.9,63,996.49,4108050,421795.0,442959.0,986.2,1002.7,981.3,986.2,120479250,1084.8,887.6,1102.5,649.1,1001.7,2,1,1001.6,199,3,1001.5,516,6,1001.4,692,7,1001.3,938,12,1001.9,637,1,1002.0,1809,8,1002.1,1397,12,1002.2,2443,10,1002.3,1350,15
317,2025-11-26 10:55:12+05:30,1001.9,63,996.49,4108050,421795.0,442959.0,986.2,1002.7,981.3,986.2,120479250,1084.8,887.6,1102.5,649.1,1001.7,2,1,1001.6,199,3,1001.5,516,6,1001.4,692,7,1001.3,938,12,1001.9,637,1,1002.0,1809,8,1002.1,1397,12,1002.2,2443,10,1002.3,1350,15
317,2025-11-26 10:55:13+05:30,1001.9,63,996.49,4108050,421795.0,442959.0,986.2,1002.7,981.3,986.2,120479250,1084.8,887.6,1102.5,649.1,1001.7,2,1,1001.6,199,3,1001.5,516,6,1001.4,692,7,1001.3,938,12,1001.9,637,1,1002.0,1809,8,1002.1,1397,12,1002.2,2443,10,1002.3,1350,15
317,2025-11-26 10:55:13+05:30,1001.9,35,996.49,4108085,421690.0,442976.0,986.2,1002.7,981.3,986.2,120479250,1084.8,887.6,1102.5,649.1,1001.7,2,1,1001.6,199,3,1001.5,452,5,1001.4,1304,10,1001.3,953,13,1001.9,859,3,1002.0,1882,9,1002.1,1711,14,1002.2,2193,9,1002.3,1286,14
317,2025-11-26 10:55:13+05:30,1001.9,35,996.49,4108085,421690.0,442976.0,986.2,1002.7,981.3,986.2,120479250,1084.8,887.6,1102.5,649.1,1001.7,2,1,1001.6,199,3,1001.5,452,5,1001.4,1304,10,1001.3,953,13,1001.9,859,3,1002.0,1882,9,1002.1,1711,14,1002.2,2193,9,1002.3,1286,14
317,2025-11-26 10:55:13+05:30,1001.9,158,996.49,4108085,421690.0,442976.0,986.2,1002.7,981.3,986.2,120479250,1084.8,887.6,1102.5,649.1,1001.7,2,1,1001.6,199,3,1001.5,452,5,1001.4,1304,10,1001.3,953,13,1001.9,859,3,1002.0,1882,9,1002.1,1711,14,1002.2,2193,9,1002.3,1286,14
317,2025-11-26 10:55:14+05:30,1001.9,158,996.49,4108085,421690.0,442976.0,986.2,1002.7,981.3,986.2,120479250,1084.8,887.6,1102.5,649.1,1001.7,2,1,1001.6,199,3,1001.5,452,5,1001.4,1304,10,1001.3,953,13,1001.9,859,3,1002.0,1882,9,1002.1,1711,14,1002.2,2193,9,1002.3,1286,14
317,2025-11-26 10:55:14+05:30,1001.6,19,996.5,4109332,421723.0,442561.0,986.2,1002.7,981.3,986.2,120479250,1084.8,887.6,1102.5,649.1,1001.6,125,4,1001.5,339,5,1001.4,555,5,1001.3,1386,10,1001.2,1752,14,1001.9,826,3,1002.0,2088,10,1002.1,1350,12,1002.2,2443,10,1002.3,1409,17
317,2025-11-26 10:55:14+05:30,1001.6,19,996.5,4109332,421723.0,442561.0,986.2,1002.7,981.3,986.2,120479250,1084.8,887.6,1102.5,649.1,1001.6,125,4,1001.5,339,5,1001.4,555,5,1001.3,1386,10,1001.2,1752,14,1001.9,826,3,1002.0,2088,10,1002.1,1350,12,1002.2,2443,10,1002.3,1409,17
317,2025-11-26 10:55:14+05:30,1001.6,19,996.5,4109332,421723.0,442561.0,986.2,1002.7,981.3,986.2,120479250,1084.8,887.6,1102.5,649.1,1001.6,125,4,1001.5,339,5,1001.4,555,5,1001.3,1386,10,1001.2,1752,14,1001.9,826,3,1002.0,2088,10,1002.1,1350,12,1002.2,2443,10,1002.3,1409,17
317,2025-11-26 10:55:15+05:30,1001.6,19,996.5,4109332,421723.0,442561.0,986.2,1002.7,981.3,986.2,120479250,1084.8,887.6,1102.5,649.1,1001.6,125,4,1001.5,339,5,1001.4,555,5,1001.3,1386,10,1001.2,1752,14,1001.9,826,3,1002.0,2088,10,1002.1,1350,12,1002.2,2443,10,1002.3,1409,17
317,2025-11-26 10:55:15+05:30,1001.9,674,996.5,4110832,421921.0,441326.0,986.2,1002.7,981.3,986.2,120479250,1084.8,887.6,1102.5,649.1,1001.6,146,5,1001.5,599,6,1001.4,1336,9,1001.3,860,7,1001.2,1737,13,1001.9,27,2,1002.0,1809,8,1002.1,1320,12,1002.2,2304,8,1002.3,1409,17
317,2025-11-26 10:55:15+05:30,1001.9,674,996.5,4110832,421921.0,441326.0,986.2,1002.7,981.3,986.2,120479250,1084.8,887.6,1102.5,649.1,1001.6,146,5,1001.5,599,6,1001.4,1336,9,1001.3,860,7,1001.2,1737,13,1001.9,27,2,1002.0,1809,8,1002.1,1320,12,1002.2,2304,8,1002.3,1409,17
317,2025-11-26 10:55:15+05:30,1001.9,12,996.5,4110832,421921.0,441326.0,986.2,1002.7,981.3,986.2,120479250,1084.8,887.6,1102.5,649.1,1001.6,146,5,1001.5,599,6,1001.4,1336,9,1001.3,860,7,1001.2,1737,13,1001.9,27,2,1002.0,1809,8,1002.1,1320,12,1002.2,2304,8,1002.3,1409,17
317,2025-11-26 10:55:15+05:30,1001.9,12,996.5,4110832,421921.0,441326.0,986.2,1002.7,981.3,986.2,120479250,1084.8,887.6,1102.5,649.1,1001.6,146,5,1001.5,599,6,1001.4,1336,9,1001.3,860,7,1001.2,1737,13,1001.9,27,2,1002.0,1809,8,1002.1,1320,12,1002.2,2304,8,1002.3,1409,17
317,2025-11-26 10:55:16+05:30,1001.9,12,996.5,4110832,421921.0,441326.0,986.2,1002.7,981.3,986.2,120479250,1084.8,887.6,1102.5,649.1,1001.6,146,5,1001.5,599,6,1001.4,1336,9,1001.3,860,7,1001.2,1737,13,1001.9,27,2,1002.0,1809,8,1002.1,1320,12,1002.2,2304,8,1002.3,1409,17
317,2025-11-26 10:55:16+05:30,1001.9,12,996.5,4110832,421921.0,441326.0,986.2,1002.7,981.3,986.2,120378000,1084.8,887.6,1102.5,649.1,1001.6,146,5,1001.5,599,6,1001.4,1336,9,1001.3,860,7,1001.2,1737,13,1001.9,27,2,1002.0,1809,8,1002.1,1320,12,1002.2,2304,8,1002.3,1409,17
317,2025-11-26 10:55:16+05:30,1001.6,5,996.5,4110860,422991.0,441502.0,986.2,1002.7,981.3,986.2,120378000,1084.8,887.6,1102.5,649.1,1001.6,163,5,1001.5,827,8,1001.4,1336,9,1001.3,886,9,1001.2,1816,18,1001.9,15,2,1002.0,1809,8,1002.1,1271,11,1002.2,2133,8,1002.3,1646,17
317,2025-11-26 10:55:16+05:30,1001.6,5,996.5,4110860,422991.0,441502.0,986.2,1002.7,981.3,986.2,120378000,1084.8,887.6,1102.5,649.1,1001.6,163,5,1001.5,827,8,1001.4,1336,9,1001.3,886,9,1001.2,1816,18,1001.9,15,2,1002.0,1809,8,1002.1,1271,11,1002.2,2133,8,1002.3,1646,17
317,2025-11-26 10:55:16+05:30,1001.6,5,996.5,4110860,422991.0,441502.0,986.2,1002.7,981.3,986.2,120378000,1084.8,887.6,1102.5,649.1,1001.6,163,5,1001.5,827,8,1001.4,1336,9,1001.3,886,9,1001.2,1816,18,1001.9,15,2,1002.0,1809,8,1002.1,1271,11,1002.2,2133,8,1002.3,1646,17
317,2025-11-26 10:55:17+05:30,1001.6,5,996.5,4110860,422991.0,441502.0,986.2,1002.7,981.3,986.2,120378000,1084.8,887.6,1102.5,649.1,1001.6,163,5,1001.5,827,8,1001.4,1336,9,1001.3,886,9,1001.2,1816,18,1001.9,15,2,1002.0,1809,8,1002.1,1271,11,1002.2,2133,8,1002.3,1646,17
317,2025-11-26 10:55:17+05:30,1001.9,13,996.5,4110873,422900.0,441531.0,986.2,1002.7,981.3,986.2,120378000,1084.8,887.6,1102.5,649.1,1001.6,229,6,1001.5,876,9,1001.4,1336,9,1001.3,886,9,1001.2,1610,17,1001.9,2,2,1002.0,1809,8,1002.1,1271,11,1002.2,2133,8,1002.3,1646,17
317,2025-11-26 10:55:17+05:30,1001.9,13,996.5,4110873,422900.0,441531.0,986.2,1002.7,981.3,986.2,120378000,1084.8,887.6,1102.5,649.1,1001.6,229,6,1001.5,876,9,1001.4,1336,9,1001.3,886,9,1001.2,1610,17,1001.9,2,2,1002.0,1809,8,1002.1,1271,11,1002.2,2133,8,1002.3,1646,17
317,2025-11-26 10:55:18+05:30,1001.7,3,996.5,4111728,421712.0,443671.0,986.2,1002.7,981.3,986.2,120378000,1084.8,887.6,1102.5,649.1,1001.7,2,1,1001.6,162,5,1001.5,509,5,1001.4,750,7,1001.3,684,8,1001.9,957,3,1002.0,2118,12,1002.1,1770,14,1002.2,1990,8,1002.3,1311,17
317,2025-11-26 10:55:18+05:30,1001.9,1,996.5,4111728,421712.0,443671.0,986.2,1002.7,981.3,986.2,120378000,1084.8,887.6,1102.5,649.1,1001.7,2,1,1001.6,162,5,1001.5,509,5,1001.4,750,7,1001.3,684,8,1001.9,957,3,1002.0,2118,12,1002.1,1770,14,1002.2,1990,8,1002.3,1311,17
317,2025-11-26 10:55:19+05:30,1001.7,1,996.5,4112029,421611.0,443222.0,986.2,1002.7,981.3,986.2,120378000,1084.8,887.6,1102.5,649.1,1001.7,1,1,1001.6,162,5,1001.5,509,5,1001.4,750,7,1001.3,684,8,1001.9,696,4,1002.0,1928,9,1002.1,1561,13,1002.2,2240,9,1002.3,1401,20
317,2025-11-26 10:55:19+05:30,1001.7,1,996.5,4112029,421611.0,443222.0,986.2,1002.7,981.3,986.2,120378000,1084.8,887.6,1102.5,649.1,1001.7,1,1,1001.6,162,5,1001.5,509,5,1001.4,750,7,1001.3,684,8,1001.9,696,4,1002.0,1928,9,1002.1,1561,13,1002.2,2240,9,1002.3,1401,20
317,2025-11-26 10:55:20+05:30,1001.7,95,996.5,4112029,421611.0,443222.0,986.2,1002.7,981.3,986.2,120378000,1084.8,887.6,1102.5,649.1,1001.7,1,1,1001.6,162,5,1001.5,509,5,1001.4,750,7,1001.3,684,8,1001.9,696,4,1002.0,1928,9,1002.1,1561,13,1002.2,2240,9,1002.3,1401,20
317,2025-11-26 10:55:20+05:30,1001.7,95,996.5,4112125,420572.0,445348.0,986.2,1002.7,981.3,986.2,120378000,1084.8,887.6,1102.5,649.1,1001.6,128,3,1001.5,421,4,1001.4,893,9,1001.3,578,7,1001.2,934,15,1001.7,96,1,1001.9,996,5,1002.0,2309,14,1002.1,1747,13,1002.2,2050,9
317,2025-11-26 10:55:21+05:30,1001.9,6,996.5,4112125,420572.0,445348.0,986.2,1002.7,981.3,986.2,120378000,1084.8,887.6,1102.5,649.1,1001.6,128,3,1001.5,421,4,1001.4,893,9,1001.3,578,7,1001.2,934,15,1001.7,96,1,1001.9,996,5,1002.0,2309,14,1002.1,1747,13,1002.2,2050,9
317,2025-11-26 10:55:21+05:30,1001.9,6,996.5,4113194,422377.0,442006.0,986.2,1002.7,981.3,986.2,120378000,1084.8,887.6,1102.5,649.1,1001.8,750,1,1001.6,261,7,1001.5,596,7,1001.4,948,10,1001.3,921,8,1001.9,745,4,1002.0,1782,8,1002.1,777,8,1002.2,2138,10,1002.3,1537,14
317,2025-11-26 10:55:23+05:30,1001.9,6,996.5,4113194,422219.0,442395.0,986.2,1002.7,981.3,986.2,120378000,1084.8,887.6,1102.5,649.1,1001.8,750,1,1001.6,182,6,1001.5,421,4,1001.4,1020,11,1001.3,947,10,1001.9,1045,5,1002.0,1782,8,1002.1,777,8,1002.2,2388,11,1002.3,1287,13
317,2025-11-26 10:55:23+05:30,1001.9,14,996.5,4113194,422219.0,442395.0,986.2,1002.7,981.3,986.2,120378000,1084.8,887.6,1102.5,649.1,1001.8,750,1,1001.6,182,6,1001.5,421,4,1001.4,1020,11,1001.3,947,10,1001.9,1045,5,1002.0,1782,8,1002.1,777,8,1002.2,2388,11,1002.3,1287,13
317,2025-11-26 10:55:24+05:30,1001.9,44,996.5,4113428,422600.0,442729.0,986.2,1002.7,981.3,986.2,120378000,1084.8,887.6,1102.5,649.1,1001.8,761,2,1001.7,79,1,1001.6,576,9,1001.5,689,8,1001.4,1117,13,1001.9,1512,5,1002.0,1783,9,1002.1,777,8,1002.2,1922,7,1002.3,1287,13
317,2025-11-26 10:55:24+05:30,1001.9,238,996.5,4113428,422600.0,442729.0,986.2,1002.7,981.3,986.2,120378000,1084.8,887.6,1102.5,649.1,1001.8,761,2,1001.7,79,1,1001.6,576,9,1001.5,689,8,1001.4,1117,13,1001.9,1512,5,1002.0,1783,9,1002.1,777,8,1002.2,1922,7,1002.3,1287,13
317,2025-11-26 10:55:25+05:30,1001.9,238,996.5,4113878,423791.0,441635.0,986.2,1002.7,981.3,986.2,120378000,1084.8,887.6,1102.5,649.1,1001.8,771,3,1001.7,79,1,1001.6,664,10,1001.5,861,11,1001.4,1091,11,1001.9,1550,6,1002.0,1659,7,1002.1,435,5,1002.2,1922,7,1002.3,1304,12
317,2025-11-26 10:55:25+05:30,1002.0,1,996.5,4113878,423791.0,441635.0,986.2,1002.7,981.3,986.2,120378000,1084.8,887.6,1102.5,649.1,1001.8,771,3,1001.7,79,1,1001.6,664,10,1001.5,861,11,1001.4,1091,11,1001.9,1550,6,1002.0,1659,7,1002.1,435,5,1002.2,1922,7,1002.3,1304,12
317,2025-11-26 10:55:26+05:30,1002.0,1,996.51,4121479,424192.0,432653.0,986.2,1002.7,981.3,986.2,120378000,1084.8,887.6,1102.5,649.1,1002.0,123,2,1001.9,91,2,1001.8,158,4,1001.7,951,7,1001.6,923,12,1002.1,201,3,1002.2,1453,2,1002.3,458,4,1002.4,869,7,1002.5,7516,16
317,2025-11-26 10:55:26+05:30,1002.2,473,996.51,4121479,424192.0,432653.0,986.2,1002.7,981.3,986.2,120378000,1084.8,887.6,1102.5,649.1,1002.0,123,2,1001.9,91,2,1001.8,158,4,1001.7,951,7,1001.6,923,12,1002.1,201,3,1002.2,1453,2,1002.3,458,4,1002.4,869,7,1002.5,7516,16
317,2025-11-26 10:55:27+05:30,1002.2,29,996.52,4124117,420856.0,433764.0,986.2,1002.7,981.3,986.2,120378000,1084.8,887.6,1102.5,649.1,1002.0,121,3,1001.8,450,5,1001.7,865,6,1001.6,817,11,1001.5,1034,9,1002.2,1350,3,1002.3,398,3,1002.4,509,4,1002.5,7609,19,1002.6,852,15
317,2025-11-26 10:55:27+05:30,1002.2,417,996.52,4124117,420856.0,433764.0,986.2,1002.7,981.3,986.2,120378000,1084.8,887.6,1102.5,649.1,1002.0,121,3,1001.8,450,5,1001.7,865,6,1001.6,817,11,1001.5,1034,9,1002.2,1350,3,1002.3,398,3,1002.4,509,4,1002.5,7609,19,1002.6,852,15
317,2025-11-26 10:55:28+05:30,1002.1,629,996.52,4130579,421345.0,424956.0,986.2,1002.7,981.3,986.2,120378000,1084.8,887.6,1102.5,649.1,1002.1,348,5,1002.0,637,11,1001.9,924,5,1001.8,487,4,1001.7,644,6,1002.5,6910,11,1002.6,463,4,1002.7,377,6,1002.8,843,8,1002.9,1833,18
317,2025-11-26 10:55:28+05:30,1002.5,26,996.52,4130579,421345.0,424956.0,986.2,1002.7,981.3,986.2,120378000,1084.8,887.6,1102.5,649.1,1002.1,348,5,1002.0,637,11,1001.9,924,5,1001.8,487,4,1001.7,644,6,1002.5,6910,11,1002.6,463,4,1002.7,377,6,1002.8,843,8,1002.9,1833,18
317,2025-11-26 10:55:29+05:30,1002.5,26,996.52,4130628,422645.0,426883.0,986.2,1002.7,981.3,986.2,120378000,1084.8,887.6,1102.5,649.1,1002.3,37,2,1002.1,190,2,1002.0,543,9,1001.9,1027,7,1001.8,700,12,1002.5,6807,9,1002.6,359,3,1002.7,583,7,1002.8,1204,15,1002.9,1984,22
317,2025-11-26 10:55:29+05:30,1002.5,525,996.52,4130628,422645.0,426883.0,986.2,1002.7,981.3,986.2,120378000,1084.8,887.6,1102.5,649.1,1002.3,37,2,1002.1,190,2,1002.0,543,9,1001.9,1027,7,1001.8,700,12,1002.5,6807,9,1002.6,359,3,1002.7,583,7,1002.8,1204,15,1002.9,1984,22
317,2025-11-26 10:55:30+05:30,1002.5,525,996.53,4134330,421777.0,428422.0,986.2,1002.7,981.3,986.2,120378000,1084.8,887.6,1102.5,649.1,1002.2,141,4,1002.1,272,6,1002.0,627,9,1001.9,779,6,1001.8,698,12,1002.5,6796,8,1002.6,810,4,1002.7,536,7,1002.8,1154,16,1002.9,1882,19
317,2025-11-26 10:55:30+05:30,1002.5,49,996.53,4134330,421777.0,428422.0,986.2,1002.7,981.3,986.2,120378000,1084.8,887.6,1102.5,649.1,1002.2,141,4,1002.1,272,6,1002.0,627,9,1001.9,779,6,1001.8,698,12,1002.5,6796,8,1002.6,810,4,1002.7,536,7,1002.8,1154,16,1002.9,1882,19
317,2025-11-26 10:55:31+05:30,1002.0,49,996.53,4137460,416893.0,428264.0,986.2,1002.7,981.3,986.2,120378000,1084.8,887.6,1102.5,649.1,1002.0,62,3,1001.9,306,7,1001.8,1096,10,1001.7,473,6,1001.6,443,7,1002.4,25,1,1002.5,6718,11,1002.6,686,3,1002.7,703,10,1002.8,1296,20
317,2025-11-26 10:55:31+05:30,1002.4,2,996.53,4137460,416893.0,428264.0,986.2,1002.7,981.3,986.2,120378000,1084.8,887.6,1102.5,649.1,1002.0,62,3,1001.9,306,7,1001.8,1096,10,1001.7,473,6,1001.6,443,7,1002.4,25,1,1002.5,6718,11,1002.6,686,3,1002.7,703,10,1002.8,1296,20
317,2025-11-26 10:55:32+05:30,1002.4,2,996.53,4137462,416595.0,428687.0,986.2,1002.7,981.3,986.2,120378000,1084.8,887.6,1102.5,649.1,1002.0,62,3,1001.9,306,7,1001.8,1096,10,1001.7,679,7,1001.6,1193,8,1002.4,400,2,1002.5,6924,12,1002.6,686,3,1002.7,703,10,1002.8,1296,20
317,2025-11-26 10:55:32+05:30,1002.4,15,996.53,4137462,416595.0,428687.0,986.2,1002.7,981.3,986.2,120378000,1084.8,887.6,1102.5,649.1,1002.0,62,3,1001.9,306,7,1001.8,1096,10,1001.7,679,7,1001.6,1193,8,1002.4,400,2,1002.5,6924,12,1002.6,686,3,1002.7,703,10,1002.8,1296,20
317,2025-11-26 10:55:33+05:30,1002.4,35,996.54,4139862,416552.0,429155.0,986.2,1002.7,981.3,986.2,120378000,1084.8,887.6,1102.5,649.1,1002.0,69,3,1001.9,882,5,1001.8,536,5,1001.7,771,13,1001.6,596,8,1002.4,61,1,1002.5,6529,15,1002.6,875,6,1002.7,787,11,1002.8,1980,15
317,2025-11-26 10:55:33+05:30,1002.4,35,996.54,4139862,416552.0,429155.0,986.2,1002.7,981.3,986.2,120378000,1084.8,887.6,1102.5,649.1,1002.0,69,3,1001.9,882,5,1001.8,536,5,1001.7,771,13,1001.6,596,8,1002.4,61,1,1002.5,6529,15,1002.6,875,6,1002.7,787,11,1002.8,1980,15
317,2025-11-26 10:55:34+05:30,1002.4,143,996.54,4140847,416016.0,431905.0,986.2,1002.7,981.3,986.2,120378000,1084.8,887.6,1102.5,649.1,1001.9,107,3,1001.8,152,1,1001.7,781,4,1001.6,547,7,1001.5,842,8,1002.4,251,3,1002.5,5854,15,1002.6,1236,11,1002.7,800,11,1002.8,2280,23
317,2025-11-26 10:55:34+05:30,1001.7,393,996.54,4140847,416016.0,431905.0,986.2,1002.7,981.3,986.2,120378000,1084.8,887.6,1102.5,649.1,1001.9,107,3,1001.8,152,1,1001.7,781,4,1001.6,547,7,1001.5,842,8,1002.4,251,3,1002.5,5854,15,1002.6,1236,11,1002.7,800,11,1002.8,2280,23
317,2025-11-26 10:55:35+05:30,1001.8,60,996.54,4142107,414559.0,432388.0,986.2,1002.7,981.3,986.2,120378000,1084.8,887.6,1102.5,649.1,1001.9,60,1,1001.8,80,2,1001.7,1000,6,1001.6,781,15,1001.5,1017,8,1002.3,165,2,1002.4,953,8,1002.5,6398,21,1002.6,1111,10,1002.7,1001,15
317,2025-11-26 10:55:35+05:30,1002.4,24,996.54,4142107,414559.0,432388.0,986.2,1002.7,981.3,986.2,120378000,1084.8,887.6,1102.5,649.1,1001.9,60,1,1001.8,80,2,1001.7,1000,6,1001.6,781,15,1001.5,1017,8,1002.3,165,2,1002.4,953,8,1002.5,6398,21,1002.6,1111,10,1002.7,1001,15
317,2025-11-26 10:55:36+05:30,1002.4,6,996.54,4143637,414977.0,431889.0,986.2,1002.7,981.3,986.2,120378000,1084.8,887.6,1102.5,649.1,1001.9,137,3,1001.8,277,5,1001.7,1000,6,1001.6,684,9,1001.5,1017,8,1002.4,435,4,1002.5,5721,19,1002.6,1255,11,1002.7,983,14,1002.8,1614,20
317,2025-11-26 10:55:36+05:30,1002.4,6,996.54,4143637,414977.0,431889.0,986.2,1002.7,981.3,986.2,120378000,1084.8,887.6,1102.5,649.1,1001.9,137,3,1001.8,277,5,1001.7,1000,6,1001.6,684,9,1001.5,1017,8,1002.4,435,4,1002.5,5721,19,1002.6,1255,11,1002.7,983,14,1002.8,1614,20
317,2025-11-26 10:55:37+05:30,1002.3,405,996.54,4144387,414275.0,432307.0,986.2,1002.7,981.3,986.2,120378000,1084.8,887.6,1102.5,649.1,1001.9,7,1,1001.7,833,4,1001.6,548,6,1001.5,975,8,1001.4,1506,8,1002.3,160,1,1002.4,903,9,1002.5,5262,18,1002.6,1255,11,1002.7,983,14
317,2025-11-26 10:55:37+05:30,1002.3,250,996.54,4144387,414275.0,432307.0,986.2,1002.7,981.3,986.2,120378000,1084.8,887.6,1102.5,649.1,1001.9,7,1,1001.7,833,4,1001.6,548,6,1001.5,975,8,1001.4,1506,8,1002.3,160,1,1002.4,903,9,1002.5,5262,18,1002.6,1255,11,1002.7,983,14
317,2025-11-26 10:55:38+05:30,1002.3,25,996.54,4144663,414634.0,432747.0,986.2,1002.7,981.3,986.2,120378000,1084.8,887.6,1102.5,649.1,1001.9,30,2,1001.8,49,1,1001.7,840,5,1001.6,627,10,1001.5,1069,12,1002.3,135,1,1002.4,703,8,1002.5,5384,17,1002.6,1505,12,1002.7,1001,15
317,2025-11-26 10:55:38+05:30,1002.3,273,996.54,4144663,414634.0,432747.0,986.2,1002.7,981.3,986.2,120378000,1084.8,887.6,1102.5,649.1,1001.9,30,2,1001.8,49,1,1001.7,840,5,1001.6,627,10,1001.5,1069,12,1002.3,135,1,1002.4,703,8,1002.5,5384,17,1002.6,1505,12,1002.7,1001,15
317,2025-11-26 10:55:39+05:30,1002.3,25,996.55,4145598,416931.0,435889.0,986.2,1002.7,981.3,986.2,120378000,1084.8,887.6,1102.5,649.1,1001.9,7,1,1001.7,781,4,1001.6,390,4,1001.5,732,5,1001.4,861,14,1002.0,100,1,1002.2,184,4,1002.3,593,8,1002.4,957,9,1002.5,5755,20
317,2025-11-26 10:55:39+05:30,1002.0,10,996.55,4145598,416931.0,435889.0,986.2,1002.7,981.3,986.2,120378000,1084.8,887.6,1102.5,649.1,1001.9,7,1,1001.7,781,4,1001.6,390,4,1001.5,732,5,1001.4,861,14,1002.0,100,1,1002.2,184,4,1002.3,593,8,1002.4,957,9,1002.5,5755,20
317,2025-11-26 10:55:40+05:30,1002.0,30,996.55,4146744,418452.0,435441.0,986.2,1002.7,981.3,986.2,120378000,1084.8,887.6,1102.5,649.1,1002.0,371,1,1001.7,3,2,1001.6,236,2,1001.5,883,4,1001.4,518,6,1002.1,127,2,1002.2,423,7,1002.3,762,8,1002.4,1468,16,1002.5,5570,20
317,2025-11-26 10:55:40+05:30,1002.0,30,996.55,4146744,418452.0,435441.0,986.2,1002.7,981.3,986.2,120378000,1084.8,887.6,1102.5,649.1,1002.0,371,1,1001.7,3,2,1001.6,236,2,1001.5,883,4,1001.4,518,6,1002.1,127,2,1002.2,423,7,1002.3,762,8,1002.4,1468,16,1002.5,5570,20
317,2025-11-26 10:55:41+05:30,1002.1,26,996.55,4147850,417846.0,435792.0,986.2,1002.7,981.3,986.2,120378000,1084.8,887.6,1102.5,649.1,1001.7,87,1,1001.6,252,3,1001.5,356,3,1001.4,1203,7,1001.3,694,14,1002.1,67,2,1002.2,598,8,1002.3,1085,11,1002.4,1350,14,1002.5,5742,25
317,2025-11-26 10:55:41+05:30,1002.1,26,996.55,4147850,417846.0,435792.0,986.2,1002.7,981.3,986.2,120378000,1084.8,887.6,1102.5,649.1,1001.7,87,1,1001.6,252,3,1001.5,356,3,1001.4,1203,7,1001.3,694,14,1002.1,67,2,1002.2,598,8,1002.3,1085,11,1002.4,1350,14,1002.5,5742,25
317,2025-11-26 10:55:42+05:30,1002.0,10,996.55,4147890,417998.0,436482.0,986.2,1002.7,981.3,986.2,120378000,1084.8,887.6,1102.5,649.1,1001.7,87,1,1001.6,250,3,1001.5,429,4,1001.4,1130,6,1001.3,900,15,1002.0,60,1,1002.1,67,2,1002.2,722,10,1002.3,1091,12,1002.4,2040,15
317,2025-11-26 10:55:42+05:30,1002.0,1,996.55,4147890,417998.0,436482.0,986.2,1002.7,981.3,986.2,120378000,1084.8,887.6,1102.5,649.1,1001.7,87,1,1001.6,250,3,1001.5,429,4,1001.4,1130,6,1001.3,900,15,1002.0,60,1,1002.1,67,2,1002.2,722,10,1002.3,1091,12,1002.4,2040,15
317,2025-11-26 10:55:43+05:30,1002.0,36,996.55,4148257,418044.0,436992.0,986.2,1002.7,981.3,986.2,120378000,1084.8,887.6,1102.5,649.1,1001.7,87,1,1001.6,32,1,1001.5,208,2,1001.4,1291,8,1001.3,844,14,1002.0,63,1,1002.1,199,4,1002.2,723,11,1002.3,1131,11,1002.4,1550,14
317,2025-11-26 10:55:43+05:30,1002.0,36,996.55,4148257,418044.0,436992.0,986.2,1002.7,981.3,986.2,120378000,1084.8,887.6,1102.5,649.1,1001.7,87,1,1001.6,32,1,1001.5,208,2,1001.4,1291,8,1001.3,844,14,1002.0,63,1,1002.1,199,4,1002.2,723,11,1002.3,1131,11,1002.4,1550,14
317,2025-11-26 10:55:44+05:30,1002.0,3,996.55,4148459,416016.0,439552.0,986.2,1002.7,981.3,986.2,120378000,1084.8,887.6,1102.5,649.1,1001.4,178,2,1001.3,812,5,1001.2,799,7,1001.1,817,12,1001.0,923,11,1001.9,286,5,1002.0,770,9,1002.1,1617,13,1002.2,820,11,1002.3,1014,14
317,2025-11-26 10:55:44+05:30,1002.0,3,996.55,4148459,416016.0,439552.0,986.2,1002.7,981.3,986.2,120378000,1084.8,887.6,1102.5,649.1,1001.4,178,2,1001.3,812,5,1001.2,799,7,1001.1,817,12,1001.0,923,11,1001.9,286,5,1002.0,770,9,1002.1,1617,13,1002.2,820,11,1002.3,1014,14
317,2025-11-26 10:55:45+05:30,1001.9,25,996.55,4148499,416272.0,439685.0,986.2,1002.7,981.3,986.2,120378000,1084.8,887.6,1102.5,649.1,1001.4,205,3,1001.3,1097,7,1001.2,878,8,1001.1,843,14,1001.0,897,9,1001.9,126,2,1002.0,856,9,1002.1,1530,11,1002.2,845,12,1002.3,989,13
317,2025-11-26 10:55:45+05:30,1001.9,25,996.55,4148499,416272.0,439685.0,986.2,1002.7,981.3,986.2,120378000,1084.8,887.6,1102.5,649.1,1001.4,205,3,1001.3,1097,7,1001.2,878,8,1001.1,843,14,1001.0,897,9,1001.9,126,2,1002.0,856,9,1002.1,1530,11,1002.2,845,12,1002.3,989,13
317,2025-11-26 10:55:46+05:30,1001.9,25,996.55,4148499,416466.0,440031.0,986.2,1002.7,981.3,986.2,120378000,1084.8,887.6,1102.5,649.1,1001.7,5,1,1001.4,314,3,1001.3,981,8,1001.2,878,8,1001.1,916,15,1001.9,454,6,1002.0,940,11,1002.1,1238,9,1002.2,1022,12,1002.3,783,12
317,2025-11-26 10:55:46+05:30,1001.7,1,996.55,4148499,416466.0,440031.0,986.2,1002.7,981.3,986.2,120378000,1084.8,887.6,1102.5,649.1,1001.7,5,1,1001.4,314,3,1001.3,981,8,1001.2,878,8,1001.1,916,15,1001.9,454,6,1002.0,940,11,1002.1,1238,9,1002.2,1022,12,1002.3,783,12
317,2025-11-26 10:55:47+05:30,1001.7,1,996.55,4148504,416529.0,439945.0,986.2,1002.7,981.3,986.2,120378000,1084.8,887.6,1102.5,649.1,1001.7,4,1,1001.4,314,3,1001.3,981,8,1001.2,878,8,1001.1,916,15,1001.9,431,6,1002.0,794,10,1002.1,1269,10,1002.2,1022,12,1002.3,782,11
317,2025-11-26 10:55:48+05:30,1001.9,97,996.55,4148704,416600.0,439761.0,986.2,1002.7,981.3,986.2,120378000,1084.8,887.6,1102.5,649.1,1001.7,4,1,1001.5,49,1,1001.4,314,3,1001.3,1187,9,1001.2,878,8,1001.9,129,2,1002.0,891,11,1002.1,1251,9,1002.2,936,9,1002.3,767,13
317,2025-11-26 10:55:48+05:30,1001.9,97,996.55,4148704,416600.0,439761.0,986.2,1002.7,981.3,986.2,120378000,1084.8,887.6,1102.5,649.1,1001.7,4,1,1001.5,49,1,1001.4,314,3,1001.3,1187,9,1001.2,878,8,1001.9,129,2,1002.0,891,11,1002.1,1251,9,1002.2,936,9,1002.3,767,13
317,2025-11-26 10:55:49+05:30,1002.0,29,996.55,4149017,417221.0,438953.0,986.2,1002.7,981.3,986.2,120378000,1084.8,887.6,1102.5,649.1,1001.7,4,1,1001.6,2,1,1001.4,619,5,1001.3,1126,6,1001.2,1547,9,1002.0,819,11,1002.1,986,8,1002.2,686,8,1002.3,1671,14,1002.4,1290,11
317,2025-11-26 10:55:49+05:30,1002.0,29,996.55,4149017,417221.0,438953.0,986.2,1002.7,981.3,986.2,120378000,1084.8,887.6,1102.5,649.1,1001.7,4,1,1001.6,2,1,1001.4,619,5,1001.3,1126,6,1001.2,1547,9,1002.0,819,11,1002.1,986,8,1002.2,686,8,1002.3,1671,14,1002.4,1290,11
317,2025-11-26 10:55:50+05:30,1001.3,1,996.55,4149022,414918.0,441387.0,986.2,1002.7,981.3,986.2,120378000,1084.8,887.6,1102.5,649.1,1001.3,2,1,1001.2,494,3,1001.1,820,8,1001.0,837,8,1000.9,1791,18,1001.7,125,3,1001.8,568,5,1001.9,692,7,1002.0,1249,15,1002.1,1568,18
317,2025-11-26 10:55:50+05:30,1001.3,1,996.55,4149022,414918.0,441387.0,986.2,1002.7,981.3,986.2,120378000,1084.8,887.6,1102.5,649.1,1001.3,2,1,1001.2,494,3,1001.1,820,8,1001.0,837,8,1000.9,1791,18,1001.7,125,3,1001.8,568,5,1001.9,692,7,1002.0,1249,15,1002.1,1568,18
317,2025-11-26 10:55:51+05:30,1001.3,1,996.55,4149023,414858.0,441215.0,986.2,1002.7,981.3,986.2,120378000,1084.8,887.6,1102.5,649.1,1001.3,1,1,1001.2,494,3,1001.1,820,8,1001.0,863,10,1000.9,1015,15,1001.7,125,3,1001.8,568,5,1001.9,692,7,1002.0,1249,15,1002.1,1594,20
317,2025-11-26 10:55:51+05:30,1001.3,1,996.55,4149023,414858.0,441215.0,986.2,1002.7,981.3,986.2,120378000,1084.8,887.6,1102.5,649.1,1001.3,1,1,1001.2,494,3,1001.1,820,8,1001.0,863,10,1000.9,1015,15,1001.7,125,3,1001.8,568,5,1001.9,692,7,1002.0,1249,15,1002.1,1594,20
317,2025-11-26 10:55:52+05:30,1001.7,5,996.55,4149028,415051.0,442638.0,986.2,1002.7,981.3,986.2,120378000,1084.8,887.6,1102.5,649.1,1001.3,1,1,1001.2,351,2,1001.1,831,7,1001.0,932,10,1000.9,1028,16,1001.7,299,5,1001.8,961,9,1001.9,568,7,1002.0,1349,16,1002.1,1477,19
317,2025-11-26 10:55:52+05:30,1001.7,5,996.55,4149028,415051.0,442638.0,986.2,1002.7,981.3,986.2,120378000,1084.8,887.6,1102.5,649.1,1001.3,1,1,1001.2,351,2,1001.1,831,7,1001.0,932,10,1000.9,1028,16,1001.7,299,5,1001.8,961,9,1001.9,568,7,1002.0,1349,16,1002.1,1477,19
317,2025-11-26 10:55:53+05:30,1001.7,14,996.55,4149083,415070.0,442180.0,986.2,1002.7,981.3,986.2,120378000,1084.8,887.6,1102.5,649.1,1001.3,23,3,1001.2,430,3,1001.1,913,8,1001.0,863,10,1000.9,1015,15,1001.7,195,3,1001.8,748,6,1001.9,755,9,1002.0,1389,17,1002.1,1441,18
317,2025-11-26 10:55:53+05:30,1001.7,14,996.55,4149083,415070.0,442180.0,986.2,1002.7,981.3,986.2,120378000,1084.8,887.6,1102.5,649.1,1001.3,23,3,1001.2,430,3,1001.1,913,8,1001.0,863,10,1000.9,1015,15,1001.7,195,3,1001.8,748,6,1001.9,755,9,1002.0,1389,17,1002.1,1441,18
317,2025-11-26 10:55:54+05:30,1001.8,5,996.55,4149287,415304.0,442791.0,986.2,1002.7,981.3,986.2,120378000,1084.8,887.6,1102.5,649.1,1001.4,97,1,1001.3,14,3,1001.2,351,2,1001.1,811,7,1001.0,803,9,1001.8,754,8,1001.9,1179,9,1002.0,1388,17,1002.1,1423,15,1002.2,633,13
317,2025-11-26 10:55:54+05:30,1001.8,5,996.55,4149287,415304.0,442791.0,986.2,1002.7,981.3,986.2,120378000,1084.8,887.6,1102.5,649.1,1001.4,97,1,1001.3,14,3,1001.2,351,2,1001.1,811,7,1001.0,803,9,1001.8,754,8,1001.9,1179,9,1002.0,1388,17,1002.1,1423,15,1002.2,633,13
317,2025-11-26 10:55:55+05:30,1001.4,750,996.55,4150134,413570.0,446736.0,986.2,1002.7,981.3,986.2,120378000,1084.8,887.6,1102.5,649.1,1001.3,13,2,1001.1,2,1,1001.0,206,1,1000.9,1002,7,1000.8,1285,7,1001.4,96,1,1001.6,315,4,1001.7,334,3,1001.8,1143,8,1001.9,1359,14
317,2025-11-26 10:55:55+05:30,1001.4,750,996.55,4150134,413570.0,446736.0,986.2,1002.7,981.3,986.2,120378000,1084.8,887.6,1102.5,649.1,1001.3,13,2,1001.1,2,1,1001.0,206,1,1000.9,1002,7,1000.8,1285,7,1001.4,96,1,1001.6,315,4,1001.7,334,3,1001.8,1143,8,1001.9,1359,14
317,2025-11-26 10:55:56+05:30,1001.4,6,996.55,4150140,413997.0,446636.0,986.2,1002.7,981.3,986.2,120378000,1084.8,887.6,1102.5,649.1,1001.3,13,2,1001.1,2,1,1001.0,309,3,1000.9,1002,7,1000.8,1596,15,1001.4,90,1,1001.6,498,6,1001.7,540,4,1001.8,1143,8,1001.9,1377,15
317,2025-11-26 10:55:56+05:30,1001.4,6,996.55,4150140,413997.0,446636.0,986.2,1002.7,981.3,986.2,120378000,1084.8,887.6,1102.5,649.1,1001.3,13,2,1001.1,2,1,1001.0,309,3,1000.9,1002,7,1000.8,1596,15,1001.4,90,1,1001.6,498,6,1001.7,540,4,1001.8,1143,8,1001.9,1377,15
317,2025-11-26 10:55:57+05:30,1001.4,6,996.55,4150140,413973.0,445928.0,986.2,1002.7,981.3,986.2,120378000,1084.8,887.6,1102.5,649.1,1001.3,13,2,1001.1,2,1,1001.0,285,2,1000.9,1002,7,1000.8,1596,15,1001.4,90,1,1001.6,498,6,1001.7,540,4,1001.8,1143,8,1001.9,1377,15
317,2025-11-26 10:55:57+05:30,1001.4,4,996.55,4150140,413973.0,445928.0,986.2,1002.7,981.3,986.2,120378000,1084.8,887.6,1102.5,649.1,1001.3,13,2,1001.1,2,1,1001.0,285,2,1000.9,1002,7,1000.8,1596,15,1001.4,90,1,1001.6,498,6,1001.7,540,4,1001.8,1143,8,1001.9,1377,15
317,2025-11-26 10:55:58+05:30,1001.4,4,996.55,4150144,413190.0,446932.0,986.2,1002.7,981.3,986.2,120378000,1084.8,887.6,1102.5,649.1,1001.3,13,2,1001.1,2,1,1001.0,285,2,1000.9,1002,7,1000.8,921,14,1001.4,315,2,1001.6,799,10,1001.7,816,7,1001.8,1203,9,1001.9,1295,14
317,2025-11-26 10:55:59+05:30,1001.4,99,996.55,4150329,413190.0,446738.0,986.2,1002.7,981.3,986.2,120378000,1084.8,887.6,1102.5,649.1,1001.3,13,2,1001.1,2,1,1001.0,285,2,1000.9,1002,7,1000.8,839,13,1001.4,135,2,1001.5,82,1,1001.6,1223,10,1001.7,894,8,1001.8,934,9
317,2025-11-26 10:55:59+05:30,1001.4,1,996.55,4150329,413190.0,446738.0,986.2,1002.7,981.3,986.2,120378000,1084.8,887.6,1102.5,649.1,1001.3,13,2,1001.1,2,1,1001.0,285,2,1000.9,1002,7,1000.8,839,13,1001.4,135,2,1001.5,82,1,1001.6,1223,10,1001.7,894,8,1001.8,934,9
317,2025-11-26 10:56:00+05:30,1001.0,1,996.55,4152602,413640.0,445409.0,986.2,1002.7,981.3,986.2,120378000,1084.8,887.6,1102.5,649.1,1001.0,432,4,1000.9,433,3,1000.8,714,8,1000.7,898,15,1000.6,838,8,1001.3,50,1,1001.4,172,1,1001.5,88,2,1001.6,515,6,1001.7,888,9
317,2025-11-26 10:56:00+05:30,1001.0,1,996.55,4152602,413640.0,445409.0,986.2,1002.7,981.3,986.2,120378000,1084.8,887.6,1102.5,649.1,1001.0,432,4,1000.9,433,3,1000.8,714,8,1000.7,898,15,1000.6,838,8,1001.3,50,1,1001.4,172,1,1001.5,88,2,1001.6,515,6,1001.7,888,9
317,2025-11-26 10:56:01+05:30,1001.3,9,996.55,4152611,413587.0,445669.0,986.2,1002.7,981.3,986.2,120378000,1084.8,887.6,1102.5,649.1,1001.0,166,2,1000.9,535,5,1000.8,727,9,1000.7,885,14,1000.6,838,8,1001.3,112,2,1001.4,172,1,1001.5,39,1,1001.6,515,6,1001.7,888,9
317,2025-11-26 10:56:01+05:30,1001.4,5,996.55,4152611,413587.0,445669.0,986.2,1002.7,981.3,986.2,120378000,1084.8,887.6,1102.5,649.1,1001.0,166,2,1000.9,535,5,1000.8,727,9,1000.7,885,14,1000.6,838,8,1001.3,112,2,1001.4,172,1,1001.5,39,1,1001.6,515,6,1001.7,888,9
317,2025-11-26 10:56:02+05:30,1001.4,49,996.55,4153516,414494.0,445727.0,986.2,1002.7,981.3,986.2,120378000,1084.8,887.6,1102.5,649.1,1001.4,605,1,1001.1,2,1,1001.0,114,1,1000.9,401,3,1000.8,1231,9,1001.5,296,3,1001.6,489,5,1001.7,783,11,1001.8,1190,8,1001.9,895,15
317,2025-11-26 10:56:02+05:30,1001.4,49,996.55,4153516,414494.0,445727.0,986.2,1002.7,981.3,986.2,120378000,1084.8,887.6,1102.5,649.1,1001.4,605,1,1001.1,2,1,1001.0,114,1,1000.9,401,3,1000.8,1231,9,1001.5,296,3,1001.6,489,5,1001.7,783,11,1001.8,1190,8,1001.9,895,15
317,2025-11-26 10:56:03+05:30,1001.5,35,996.55,4153551,415419.0,445114.0,986.2,1002.7,981.3,986.2,120378000,1084.8,887.6,1102.5,649.1,1001.4,605,1,1001.1,90,2,1001.0,478,3,1000.9,401,3,1000.8,1918,11,1001.5,4,1,1001.6,185,3,1001.7,751,10,1001.8,1190,8,1001.9,895,15
317,2025-11-26 10:56:03+05:30,1001.4,154,996.55,4153551,415419.0,445114.0,986.2,1002.7,981.3,986.2,120378000,1084.8,887.6,1102.5,649.1,1001.4,605,1,1001.1,90,2,1001.0,478,3,1000.9,401,3,1000.8,1918,11,1001.5,4,1,1001.6,185,3,1001.7,751,10,1001.8,1190,8,1001.9,895,15
317,2025-11-26 10:56:04+05:30,1001.5,139,996.56,4153844,415688.0,445630.0,986.2,1002.7,981.3,986.2,120378000,1084.8,887.6,1102.5,649.1,1001.5,19,1,1001.4,451,1,1001.1,90,2,1001.0,478,3,1000.9,529,5,1001.6,173,2,1001.7,888,12,1001.8,1190,8,1001.9,1111,16,1002.0,1402,18
317,2025-11-26 10:56:04+05:30,1001.6,11,996.56,4153844,415688.0,445630.0,986.2,1002.7,981.3,986.2,120378000,1084.8,887.6,1102.5,649.1,1001.5,19,1,1001.4,451,1,1001.1,90,2,1001.0,478,3,1000.9,529,5,1001.6,173,2,1001.7,888,12,1001.8,1190,8,1001.9,1111,16,1002.0,1402,18
317,2025-11-26 10:56:05+05:30,1001.6,11,996.56,4153855,414312.0,443527.0,986.2,1002.7,981.3,986.2,120378000,1084.8,887.6,1102.5,649.1,1001.5,19,1,1001.4,451,1,1001.1,901,5,1001.0,588,5,1000.9,619,11,1001.6,96,1,1001.7,315,6,1001.8,583,7,1001.9,1427,10,1002.0,1285,15
317,2025-11-26 10:56:05+05:30,1001.6,5,996.56,4153855,414312.0,443527.0,986.2,1002.7,981.3,986.2,120378000,1084.8,887.6,1102.5,649.1,1001.5,19,1,1001.4,451,1,1001.1,901,5,1001.0,588,5,1000.9,619,11,1001.6,96,1,1001.7,315,6,1001.8,583,7,1001.9,1427,10,1002.0,1285,15
317,2025-11-26 10:56:06+05:30,1001.6,10,996.56,4153916,414253.0,443159.0,986.2,1002.7,981.3,986.2,120378000,1084.8,887.6,1102.5,649.1,1001.4,451,1,1001.2,226,2,1001.1,1041,6,1001.0,728,6,1000.9,634,12,1001.6,35,1,1001.7,108,4,1001.8,430,5,1001.9,1342,10,1002.0,1360,16
317,2025-11-26 10:56:06+05:30,1001.6,10,996.56,4153916,414253.0,443159.0,986.2,1002.7,981.3,986.2,120378000,1084.8,887.6,1102.5,649.1,1001.4,451,1,1001.2,226,2,1001.1,1041,6,1001.0,728,6,1000.9,634,12,1001.6,35,1,1001.7,108,4,1001.8,430,5,1001.9,1342,10,1002.0,1360,16
317,2025-11-26 10:56:07+05:30,1001.6,8,996.56,4153926,414671.0,443523.0,986.2,1002.7,981.3,986.2,120378000,1084.8,887.6,1102.5,649.1,1001.4,450,1,1001.2,226,2,1001.1,1120,7,1001.0,728,6,1000.9,643,6,1001.6,26,1,1001.7,108,4,1001.8,356,4,1001.9,920,10,1002.0,1691,18
317,2025-11-26 10:56:07+05:30,1001.6,8,996.56,4153926,414671.0,443523.0,986.2,1002.7,981.3,986.2,120378000,1084.8,887.6,1102.5,649.1,1001.4,450,1,1001.2,226,2,1001.1,1120,7,1001.0,728,6,1000.9,643,6,1001.6,26,1,1001.7,108,4,1001.8,356,4,1001.9,920,10,1002.0,1691,18
317,2025-11-26 10:56:08+05:30,1001.6,30,996.56,4153967,414904.0,442015.0,986.2,1002.7,981.3,986.2,120378000,1084.8,887.6,1102.5,649.1,1001.4,450,1,1001.2,144,2,1001.1,1120,7,1001.0,777,7,1000.9,669,8,1001.6,96,1,1001.7,176,4,1001.8,430,5,1001.9,770,10,1002.0,1601,16
317,2025-11-26 10:56:08+05:30,1001.8,9,996.56,4153967,414904.0,442015.0,986.2,1002.7,981.3,986.2,120378000,1084.8,887.6,1102.5,649.1,1001.4,450,1,1001.2,144,2,1001.1,1120,7,1001.0,777,7,1000.9,669,8,1001.6,96,1,1001.7,176,4,1001.8,430,5,1001.9,770,10,1002.0,1601,16
317,2025-11-26 10:56:09+05:30,1002.0,28,996.56,4159967,415310.0,438802.0,986.2,1002.7,981.3,986.2,120378000,1084.8,887.6,1102.5,649.1,1001.6,19,1,1001.5,51,2,1001.4,450,1,1001.3,329,2,1001.2,1116,10,1002.0,588,8,1002.1,1066,8,1002.2,1473,11,1002.3,886,10,1002.4,855,19
317,2025-11-26 10:56:09+05:30,1002.0,28,996.56,4159967,415310.0,438802.0,986.2,1002.7,981.3,986.2,120378000,1084.8,887.6,1102.5,649.1,1001.6,19,1,1001.5,51,2,1001.4,450,1,1001.3,329,2,1001.2,1116,10,1002.0,588,8,1002.1,1066,8,1002.2,1473,11,1002.3,886,10,1002.4,855,19
317,2025-11-26 10:56:10+05:30,1001.6,1,996.56,4159968,415090.0,440710.0,986.2,1002.7,981.3,986.2,120378000,1084.8,887.6,1102.5,649.1,1001.6,18,1,1001.5,2,1,1001.4,666,2,1001.3,474,3,1001.2,1333,7,1001.7,96,1,1001.9,50,2,1002.0,808,8,1002.1,1384,10,1002.2,1316,11
317,2025-11-26 10:56:10+05:30,1001.6,1,996.56,4159968,415090.0,440710.0,986.2,1002.7,981.3,986.2,120378000,1084.8,887.6,1102.5,649.1,1001.6,18,1,1001.5,2,1,1001.4,666,2,1001.3,474,3,1001.2,1333,7,1001.7,96,1,1001.9,50,2,1002.0,808,8,1002.1,1384,10,1002.2,1316,11
317,2025-11-26 10:56:11+05:30,1001.7,6,996.56,4160158,415253.0,440985.0,986.2,1002.7,981.3,986.2,120378000,1084.8,887.6,1102.5,649.1,1001.6,12,1,1001.5,2,1,1001.4,666,2,1001.3,553,4,1001.2,1314,7,1001.7,306,2,1001.8,49,1,1001.9,188,5,1002.0,1384,10,1002.1,1196,9
317,2025-11-26 10:56:11+05:30,1001.7,6,996.56,4160158,415253.0,440985.0,986.2,1002.7,981.3,986.2,120378000,1084.8,887.6,1102.5,649.1,1001.6,12,1,1001.5,2,1,1001.4,666,2,1001.3,553,4,1001.2,1314,7,1001.7,306,2,1001.8,49,1,1001.9,188,5,1002.0,1384,10,1002.1,1196,9
317,2025-11-26 10:56:12+05:30,1001.6,1,996.56,4160182,415066.0,441298.0,986.2,1002.7,981.3,986.2,120378000,1084.8,887.6,1102.5,649.1,1001.6,11,1,1001.5,2,1,1001.4,450,1,1001.3,474,3,1001.2,1314,7,1001.7,283,2,1001.8,49,1,1001.9,404,6,1002.0,889,10,1002.1,1196,9
317,2025-11-26 10:56:12+05:30,1001.6,1,996.56,4160182,415066.0,441298.0,986.2,1002.7,981.3,986.2,120378000,1084.8,887.6,1102.5,649.1,1001.6,11,1,1001.5,2,1,1001.4,450,1,1001.3,474,3,1001.2,1314,7,1001.7,283,2,1001.8,49,1,1001.9,404,6,1002.0,889,10,1002.1,1196,9
317,2025-11-26 10:56:13+05:30,1001.4,85,996.56,4160327,415051.0,440638.0,986.2,1002.7,981.3,986.2,120378000,1084.8,887.6,1102.5,649.1,1001.4,365,1,1001.3,495,4,1001.2,1276,7,1001.1,1023,16,1001.0,977,9,1001.7,248,2,1001.8,1,1,1001.9,327,4,1002.0,957,11,1002.1,1574,12
317,2025-11-26 10:56:13+05:30,1001.7,19,996.56,4160327,415051.0,440638.0,986.2,1002.7,981.3,986.2,120378000,1084.8,887.6,1102.5,649.1,1001.4,365,1,1001.3,495,4,1001.2,1276,7,1001.1,1023,16,1001.0,977,9,1001.7,248,2,1001.8,1,1,1001.9,327,4,1002.0,957,11,1002.1,1574,12
317,2025-11-26 10:56:14+05:30,1001.7,2,996.56,4160539,415619.0,441452.0,986.2,1002.7,981.3,986.2,120378000,1084.8,887.6,1102.5,649.1,1001.5,199,2,1001.4,928,6,1001.3,640,6,1001.2,1208,6,1001.1,1023,16,1001.7,132,2,1001.8,1,1,1001.9,111,3,1002.0,889,10,1002.1,1574,12
317,2025-11-26 10:56:14+05:30,1001.7,2,996.56,4160539,415619.0,441452.0,986.2,1002.7,981.3,986.2,120378000,1084.8,887.6,1102.5,649.1,1001.5,199,2,1001.4,928,6,1001.3,640,6,1001.2,1208,6,1001.1,1023,16,1001.7,132,2,1001.8,1,1,1001.9,111,3,1002.0,889,10,1002.1,1574,12
317,2025-11-26 10:56:15+05:30,1001.5,17,996.56,4160825,414219.0,443128.0,986.2,1002.7,981.3,986.2,120378000,1084.8,887.6,1102.5,649.1,1001.4,549,2,1001.3,274,3,1001.2,697,6,1001.1,868,16,1001.0,786,9,1001.5,9,1,1001.6,2,1,1001.7,36,1,1001.8,203,2,1001.9,529,5
317,2025-11-26 10:56:15+05:30,1001.5,17,996.56,4160825,414219.0,443128.0,986.2,1002.7,981.3,986.2,120378000,1084.8,887.6,1102.5,649.1,1001.4,549,2,1001.3,274,3,1001.2,697,6,1001.1,868,16,1001.0,786,9,1001.5,9,1,1001.6,2,1,1001.7,36,1,1001.8,203,2,1001.9,529,5
317,2025-11-26 10:56:16+05:30,1001.4,5,996.56,4160830,414333.0,443180.0,986.2,1002.7,981.3,986.2,120378000,1084.8,887.6,1102.5,649.1,1001.4,544,2,1001.3,225,2,1001.2,697,6,1001.1,761,15,1001.0,1002,10,1001.5,9,1,1001.6,2,1,1001.7,36,1,1001.8,316,3,1001.9,529,5
317,2025-11-26 10:56:16+05:30,1001.4,5,996.56,4160830,414333.0,443180.0,986.2,1002.7,981.3,986.2,120378000,1084.8,887.6,1102.5,649.1,1001.4,544,2,1001.3,225,2,1001.2,697,6,1001.1,761,15,1001.0,1002,10,1001.5,9,1,1001.6,2,1,1001.7,36,1,1001.8,316,3,1001.9,529,5
317,2025-11-26 10:56:17+05:30,1001.5,14,996.56,4160844,417041.0,442955.0,986.2,1002.7,981.3,986.2,120378000,1084.8,887.6,1102.5,649.1,1001.4,544,2,1001.3,225,2,1001.2,697,6,1001.1,1250,16,1001.0,1002,10,1001.5,96,1,1001.6,2,1,1001.7,36,1,1001.8,316,3,1001.9,1080,7
317,2025-11-26 10:56:17+05:30,1001.5,14,996.56,4160844,417041.0,442955.0,986.2,1002.7,981.3,986.2,120378000,1084.8,887.6,1102.5,649.1,1001.4,544,2,1001.3,225,2,1001.2,697,6,1001.1,1250,16,1001.0,1002,10,1001.5,96,1,1001.6,2,1,1001.7,36,1,1001.8,316,3,1001.9,1080,7
317,2025-11-26 10:56:18+05:30,1001.4,1,996.56,4160848,416477.0,443449.0,986.2,1002.7,981.3,986.2,120378000,1084.8,887.6,1102.5,649.1,1001.4,356,1,1001.3,146,1,1001.2,501,3,1001.1,1213,10,1001.0,1002,10,1001.5,96,1,1001.6,2,1,1001.7,36,1,1001.8,315,2,1001.9,1159,8
317,2025-11-26 10:56:18+05:30,1001.4,1,996.56,4160848,416477.0,443449.0,986.2,1002.7,981.3,986.2,120378000,1084.8,887.6,1102.5,649.1,1001.4,356,1,1001.3,146,1,1001.2,501,3,1001.1,1213,10,1001.0,1002,10,1001.5,96,1,1001.6,2,1,1001.7,36,1,1001.8,315,2,1001.9,1159,8
317,2025-11-26 10:56:19+05:30,1001.5,25,996.56,4160848,416477.0,443449.0,986.2,1002.7,981.3,986.2,120378000,1084.8,887.6,1102.5,649.1,1001.4,356,1,1001.3,146,1,1001.2,501,3,1001.1,1213,10,1001.0,1002,10,1001.5,96,1,1001.6,2,1,1001.7,36,1,1001.8,315,2,1001.9,1159,8
317,2025-11-26 10:56:19+05:30,1001.5,25,996.56,4161071,416516.0,443218.0,986.2,1002.7,981.3,986.2,120378000,1084.8,887.6,1102.5,649.1,1001.4,356,1,1001.3,146,1,1001.2,971,4,1001.1,724,9,1001.0,1028,12,1001.5,59,1,1001.6,2,1,1001.7,36,1,1001.8,531,3,1001.9,657,7
317,2025-11-26 10:56:20+05:30,1001.4,10,996.56,4161071,416516.0,443218.0,986.2,1002.7,981.3,986.2,120378000,1084.8,887.6,1102.5,649.1,1001.4,356,1,1001.3,146,1,1001.2,971,4,1001.1,724,9,1001.0,1028,12,1001.5,59,1,1001.6,2,1,1001.7,36,1,1001.8,531,3,1001.9,657,7
317,2025-11-26 10:56:21+05:30,1001.4,10,996.56,4161437,415385.0,445781.0,986.2,1002.7,981.3,986.2,120378000,1084.8,887.6,1102.5,649.1,1001.1,504,5,1001.0,600,6,1000.9,908,10,1000.8,1062,15,1000.7,1472,10,1001.4,145,2,1001.6,166,2,1001.7,990,8,1001.8,766,7,1001.9,918,10
317,2025-11-26 10:56:22+05:30,1001.4,10,996.56,4161437,415221.0,445606.0,986.2,1002.7,981.3,986.2,120378000,1084.8,887.6,1102.5,649.1,1001.1,504,5,1001.0,1192,8,1000.9,908,10,1000.8,1062,15,1000.7,899,9,1001.4,145,2,1001.6,166,2,1001.7,990,8,1001.8,766,7,1001.9,918,10
317,2025-11-26 10:56:22+05:30,1001.4,9,996.56,4161437,415221.0,445606.0,986.2,1002.7,981.3,986.2,120378000,1084.8,887.6,1102.5,649.1,1001.1,504,5,1001.0,1192,8,1000.9,908,10,1000.8,1062,15,1000.7,899,9,1001.4,145,2,1001.6,166,2,1001.7,990,8,1001.8,766,7,1001.9,918,10
317,2025-11-26 10:56:23+05:30,1001.4,9,996.56,4161446,415508.0,445269.0,986.2,1002.7,981.3,986.2,120378000,1084.8,887.6,1102.5,649.1,1001.1,688,6,1001.0,1259,9,1000.9,840,9,1000.8,1062,15,1000.7,899,9,1001.4,136,2,1001.6,222,3,1001.7,980,9,1001.8,564,6,1001.9,732,10
317,2025-11-26 10:56:23+05:30,1001.4,1,996.56,4161446,415508.0,445269.0,986.2,1002.7,981.3,986.2,120378000,1084.8,887.6,1102.5,649.1,1001.1,688,6,1001.0,1259,9,1000.9,840,9,1000.8,1062,15,1000.7,899,9,1001.4,136,2,1001.6,222,3,1001.7,980,9,1001.8,564,6,1001.9,732,10
317,2025-11-26 10:56:23+05:30,1001.4,84,996.57,4161666,415508.0,445239.0,986.2,1002.7,981.3,986.2,120378000,1084.8,887.6,1102.5,649.1,1001.1,688,6,1001.0,1192,8,1000.9,907,10,1000.8,1062,15,1000.7,899,9,1001.4,103,2,1001.6,222,3,1001.7,473,8,1001.8,1104,7,1001.9,732,10
317,2025-11-26 10:56:24+05:30,1001.4,8,996.57,4161666,415508.0,445239.0,986.2,1002.7,981.3,986.2,120378000,1084.8,887.6,1102.5,649.1,1001.1,688,6,1001.0,1192,8,1000.9,907,10,1000.8,1062,15,1000.7,899,9,1001.4,103,2,1001.6,222,3,1001.7,473,8,1001.8,1104,7,1001.9,732,10
317,2025-11-26 10:56:24+05:30,1001.4,8,996.57,4161674,415366.0,445584.0,986.2,1002.7,981.3,986.2,120378000,1084.8,887.6,1102.5,649.1,1001.1,504,5,1001.0,677,7,1000.9,1482,11,1000.8,1030,14,1000.7,899,9,1001.4,95,2,1001.6,222,3,1001.7,1026,8,1001.8,565,7,1001.9,732,10
317,2025-11-26 10:56:25+05:30,1001.5,6,996.57,4161674,415366.0,445584.0,986.2,1002.7,981.3,986.2,120378000,1084.8,887.6,1102.5,649.1,1001.1,504,5,1001.0,677,7,1000.9,1482,11,1000.8,1030,14,1000.7,899,9,1001.4,95,2,1001.6,222,3,1001.7,1026,8,1001.8,565,7,1001.9,732,10
317,2025-11-26 10:56:25+05:30,1001.5,6,996.57,4162182,414740.0,445288.0,986.2,1002.7,981.3,986.2,120378000,1084.8,887.6,1102.5,649.1,1001.1,124,5,1001.0,506,6,1000.9,1415,10,1000.8,1085,15,1000.7,1115,10,1001.5,81,1,1001.6,260,3,1001.7,725,8,1001.8,1099,7,1001.9,1031,11
317,2025-11-26 10:56:26+05:30,1001.1,149,996.57,4162182,414740.0,445288.0,986.2,1002.7,981.3,986.2,120378000,1084.8,887.6,1102.5,649.1,1001.1,124,5,1001.0,506,6,1000.9,1415,10,1000.8,1085,15,1000.7,1115,10,1001.5,81,1,1001.6,260,3,1001.7,725,8,1001.8,1099,7,1001.9,1031,11
317,2025-11-26 10:56:26+05:30,1001.1,149,996.57,4162699,414728.0,443570.0,986.2,1002.7,981.3,986.2,120378000,1084.8,887.6,1102.5,649.1,1001.2,36,2,1001.1,834,4,1001.0,703,9,1000.9,839,10,1000.8,1117,16,1001.6,48,1,1001.7,283,4,1001.8,598,6,1001.9,721,8,1002.0,1378,15
317,2025-11-26 10:56:27+05:30,1001.5,9,996.57,4162699,414728.0,443570.0,986.2,1002.7,981.3,986.2,120378000,1084.8,887.6,1102.5,649.1,1001.2,36,2,1001.1,834,4,1001.0,703,9,1000.9,839,10,1000.8,1117,16,1001.6,48,1,1001.7,283,4,1001.8,598,6,1001.9,721,8,1002.0,1378,15
317,2025-11-26 10:56:27+05:30,1001.5,9,996.57,4163284,414674.0,444812.0,986.2,1002.7,981.3,986.2,120378000,1084.8,887.6,1102.5,649.1,1001.1,362,2,1001.0,1101,7,1000.9,826,9,1000.8,1010,15,1000.7,899,9,1001.5,139,2,1001.6,328,5,1001.7,537,7,1001.8,571,7,1001.9,856,13
317,2025-11-26 10:56:28+05:30,1001.5,9,996.57,4163284,414370.0,444443.0,986.2,1002.7,981.3,986.2,120378000,1084.8,887.6,1102.5,649.1,1001.2,13,1,1001.0,930,6,1000.9,826,9,1000.8,1108,17,1000.7,1115,10,1001.6,407,6,1001.7,531,7,1001.8,712,8,1001.9,1521,11,1002.0,1280,23
317,2025-11-26 10:56:29+05:30,1001.2,10,996.57,4163489,414739.0,444235.0,986.2,1002.7,981.3,986.2,120378000,1084.8,887.6,1102.5,649.1,1001.2,34,2,1001.1,571,1,1001.0,400,5,1000.9,852,11,1000.8,1284,16,1001.6,85,2,1001.7,649,8,1001.8,1236,9,1001.9,795,9,1002.0,1129,20
317,2025-11-26 10:56:29+05:30,1001.2,10,996.57,4163489,414739.0,444235.0,986.2,1002.7,981.3,986.2,120378000,1084.8,887.6,1102.5,649.1,1001.2,34,2,1001.1,571,1,1001.0,400,5,1000.9,852,11,1000.8,1284,16,1001.6,85,2,1001.7,649,8,1001.8,1236,9,1001.9,795,9,1002.0,1129,20
317,2025-11-26 10:56:30+05:30,1001.0,31,996.57,4163597,413633.0,448638.0,986.2,1002.7,981.3,986.2,120378000,1084.8,887.6,1102.5,649.1,1000.9,1181,7,1000.8,939,14,1000.7,1055,9,1000.6,888,9,1000.5,1708,11,1001.4,96,1,1001.5,578,7,1001.6,958,10,1001.7,687,9,1001.8,1123,11
317,2025-11-26 10:56:30+05:30,1001.0,31,996.57,4163597,413633.0,448638.0,986.2,1002.7,981.3,986.2,120378000,1084.8,887.6,1102.5,649.1,1000.9,1181,7,1000.8,939,14,1000.7,1055,9,1000.6,888,9,1000.5,1708,11,1001.4,96,1,1001.5,578,7,1001.6,958,10,1001.7,687,9,1001.8,1123,11
317,2025-11-26 10:56:31+05:30,1001.4,9,996.57,4163606,413970.0,448135.0,986.2,1002.7,981.3,986.2,120378000,1084.8,887.6,1102.5,649.1,1000.9,1365,8,1000.8,988,15,1000.7,1055,9,1000.6,888,9,1000.5,1708,11,1001.4,87,1,1001.5,501,5,1001.6,785,11,1001.7,1267,11,1001.8,873,10
317,2025-11-26 10:56:31+05:30,1001.4,9,996.57,4163606,413970.0,448135.0,986.2,1002.7,981.3,986.2,120378000,1084.8,887.6,1102.5,649.1,1000.9,1365,8,1000.8,988,15,1000.7,1055,9,1000.6,888,9,1000.5,1708,11,1001.4,87,1,1001.5,501,5,1001.6,785,11,1001.7,1267,11,1001.8,873,10
317,2025-11-26 10:56:32+05:30,1001.4,9,996.57,4163606,414189.0,447948.0,986.2,1002.7,981.3,986.2,120378000,1084.8,887.6,1102.5,649.1,1000.9,1635,11,1000.8,988,15,1000.7,1055,9,1000.6,888,9,1000.5,1708,11,1001.4,87,1,1001.5,440,4,1001.6,583,10,1001.7,1328,12,1001.8,873,10
317,2025-11-26 10:56:33+05:30,1001.4,750,996.57,4164408,414780.0,447388.0,986.2,1002.7,981.3,986.2,120378000,1084.8,887.6,1102.5,649.1,1001.0,1049,7,1000.9,1245,11,1000.8,910,14,1000.7,1055,9,1000.6,854,8,1001.4,96,1,1001.6,338,4,1001.7,453,6,1001.8,822,9,1001.9,1547,12
317,2025-11-26 10:56:33+05:30,1001.4,750,996.57,4164408,414780.0,447388.0,986.2,1002.7,981.3,986.2,120378000,1084.8,887.6,1102.5,649.1,1001.0,1049,7,1000.9,1245,11,1000.8,910,14,1000.7,1055,9,1000.6,854,8,1001.4,96,1,1001.6,338,4,1001.7,453,6,1001.8,822,9,1001.9,1547,12
317,2025-11-26 10:56:34+05:30,1001.5,1,996.57,4164567,416509.0,446186.0,986.2,1002.7,981.3,986.2,120378000,1084.8,887.6,1102.5,649.1,1001.5,111,1,1001.4,19,1,1001.3,2,1,1001.2,23,1,1001.1,577,4,1001.6,57,2,1001.7,423,5,1001.8,674,8,1001.9,880,9,1002.0,1343,20
317,2025-11-26 10:56:34+05:30,1001.5,1,996.57,4164567,416509.0,446186.0,986.2,1002.7,981.3,986.2,120378000,1084.8,887.6,1102.5,649.1,1001.5,111,1,1001.4,19,1,1001.3,2,1,1001.2,23,1,1001.1,577,4,1001.6,57,2,1001.7,423,5,1001.8,674,8,1001.9,880,9,1002.0,1343,20
317,2025-11-26 10:56:35+05:30,1001.6,4,996.57,4164571,416343.0,446123.0,986.2,1002.7,981.3,986.2,120378000,1084.8,887.6,1102.5,649.1,1001.5,111,1,1001.4,19,1,1001.3,22,2,1001.2,23,1,1001.1,577,4,1001.6,52,1,1001.7,277,4,1001.8,674,8,1001.9,880,9,1002.0,1562,23
317,2025-11-26 10:56:35+05:30,1001.6,4,996.57,4164571,416343.0,446123.0,986.2,1002.7,981.3,986.2,120378000,1084.8,887.6,1102.5,649.1,1001.5,111,1,1001.4,19,1,1001.3,22,2,1001.2,23,1,1001.1,577,4,1001.6,52,1,1001.7,277,4,1001.8,674,8,1001.9,880,9,1002.0,1562,23
317,2025-11-26 10:56:36+05:30,1001.6,7,996.57,4164617,416307.0,446310.0,986.2,1002.7,981.3,986.2,120378000,1084.8,887.6,1102.5,649.1,1001.5,110,1,1001.3,22,2,1001.1,577,4,1001.0,1329,9,1000.9,1042,11,1001.6,7,1,1001.7,216,3,1001.8,659,7,1001.9,1409,10,1002.0,1312,22
317,2025-11-26 10:56:36+05:30,1001.6,7,996.57,4164617,416307.0,446310.0,986.2,1002.7,981.3,986.2,120378000,1084.8,887.6,1102.5,649.1,1001.5,110,1,1001.3,22,2,1001.1,577,4,1001.0,1329,9,1000.9,1042,11,1001.6,7,1,1001.7,216,3,1001.8,659,7,1001.9,1409,10,1002.0,1312,22
317,2025-11-26 10:56:37+05:30,1001.6,7,996.57,4164617,416888.0,445901.0,986.2,1002.7,981.3,986.2,120378000,1084.8,887.6,1102.5,649.1,1001.5,110,1,1001.3,22,2,1001.2,528,4,1001.1,656,5,1001.0,1329,9,1001.6,7,1,1001.7,46,2,1001.8,580,6,1001.9,1367,9,1002.0,1153,15
317,2025-11-26 10:56:37+05:30,1001.6,9,996.57,4164617,416888.0,445901.0,986.2,1002.7,981.3,986.2,120378000,1084.8,887.6,1102.5,649.1,1001.5,110,1,1001.3,22,2,1001.2,528,4,1001.1,656,5,1001.0,1329,9,1001.6,7,1,1001.7,46,2,1001.8,580,6,1001.9,1367,9,1002.0,1153,15
317,2025-11-26 10:56:38+05:30,1001.7,20,996.57,4164649,417430.0,444404.0,986.2,1002.7,981.3,986.2,120378000,1084.8,887.6,1102.5,649.1,1001.5,110,1,1001.3,606,3,1001.2,497,3,1001.1,705,6,1001.0,879,10,1001.7,23,2,1001.8,519,5,1001.9,814,9,1002.0,1142,15,1002.1,1697,16
317,2025-11-26 10:56:38+05:30,1001.7,20,996.57,4164649,417430.0,444404.0,986.2,1002.7,981.3,986.2,120378000,1084.8,887.6,1102.5,649.1,1001.5,110,1,1001.3,606,3,1001.2,497,3,1001.1,705,6,1001.0,879,10,1001.7,23,2,1001.8,519,5,1001.9,814,9,1002.0,1142,15,1002.1,1697,16
317,2025-11-26 10:56:39+05:30,1001.7,8,996.57,4164842,417427.0,444556.0,986.2,1002.7,981.3,986.2,120378000,1084.8,887.6,1102.5,649.1,1001.5,110,1,1001.3,628,4,1001.2,497,3,1001.1,705,6,1001.0,892,11,1001.7,46,1,1001.8,519,5,1001.9,753,8,1002.0,1188,15,1002.1,1421,13
317,2025-11-26 10:56:39+05:30,1001.7,8,996.57,4164842,417427.0,444556.0,986.2,1002.7,981.3,986.2,120378000,1084.8,887.6,1102.5,649.1,1001.5,110,1,1001.3,628,4,1001.2,497,3,1001.1,705,6,1001.0,892,11,1001.7,46,1,1001.8,519,5,1001.9,753,8,1002.0,1188,15,1002.1,1421,13
317,2025-11-26 10:56:40+05:30,1001.7,8,996.57,4164842,417558.0,445260.0,986.2,1002.7,981.3,986.2,120378000,1084.8,887.6,1102.5,649.1,1001.5,110,1,1001.3,606,3,1001.2,645,5,1001.1,850,7,1001.0,866,9,1001.6,96,1,1001.7,46,1,1001.8,519,5,1001.9,779,10,1002.0,1453,17
317,2025-11-26 10:56:41+05:30,1001.7,8,996.57,4164842,415577.0,445292.0,986.2,1002.7,981.3,986.2,120378000,1084.8,887.6,1102.5,649.1,1001.5,110,1,1001.3,606,3,1001.2,645,5,1001.1,850,7,1001.0,892,11,1001.6,96,1,1001.7,46,1,1001.8,519,5,1001.9,778,9,1002.0,1453,17
317,2025-11-26 10:56:42+05:30,1001.5,19,996.57,4165621,414440.0,444876.0,986.2,1002.7,981.3,986.2,120378000,1084.8,887.6,1102.5,649.1,1001.5,91,1,1001.4,30,1,1001.3,105,3,1001.2,1056,6,1001.1,569,5,1001.6,96,1,1001.7,120,2,1001.8,91,2,1001.9,1177,9,1002.0,1131,12
317,2025-11-26 10:56:42+05:30,1001.5,19,996.57,4165621,414440.0,444876.0,986.2,1002.7,981.3,986.2,120378000,1084.8,887.6,1102.5,649.1,1001.5,91,1,1001.4,30,1,1001.3,105,3,1001.2,1056,6,1001.1,569,5,1001.6,96,1,1001.7,120,2,1001.8,91,2,1001.9,1177,9,1002.0,1131,12
317,2025-11-26 10:56:43+05:30,1001.6,10,996.57,4165726,414274.0,444612.0,986.2,1002.7,981.3,986.2,120378000,1084.8,887.6,1102.5,649.1,1001.5,41,1,1001.4,30,1,1001.3,105,3,1001.2,1124,6,1001.1,659,7,1001.6,47,2,1001.7,120,2,1001.8,294,4,1001.9,762,10,1002.0,878,9
317,2025-11-26 10:56:43+05:30,1001.6,33,996.57,4165726,414274.0,444612.0,986.2,1002.7,981.3,986.2,120378000,1084.8,887.6,1102.5,649.1,1001.5,41,1,1001.4,30,1,1001.3,105,3,1001.2,1124,6,1001.1,659,7,1001.6,47,2,1001.7,120,2,1001.8,294,4,1001.9,762,10,1002.0,878,9
317,2025-11-26 10:56:44+05:30,1001.7,32,996.57,4165954,413667.0,444337.0,986.2,1002.7,981.3,986.2,120378000,1084.8,887.6,1102.5,649.1,1001.3,22,2,1001.2,484,5,1001.1,763,8,1001.0,535,7,1000.9,1076,10,1001.6,82,1,1001.7,85,2,1001.8,172,3,1001.9,1210,9,1002.0,1397,12
317,2025-11-26 10:56:44+05:30,1001.7,32,996.57,4165954,413667.0,444337.0,986.2,1002.7,981.3,986.2,120378000,1084.8,887.6,1102.5,649.1,1001.3,22,2,1001.2,484,5,1001.1,763,8,1001.0,535,7,1000.9,1076,10,1001.6,82,1,1001.7,85,2,1001.8,172,3,1001.9,1210,9,1002.0,1397,12
317,2025-11-26 10:56:45+05:30,1001.6,9,996.57,4165963,414104.0,444591.0,986.2,1002.7,981.3,986.2,120378000,1084.8,887.6,1102.5,649.1,1001.3,35,3,1001.2,1046,7,1001.1,763,8,1001.0,535,7,1000.9,1076,10,1001.6,73,1,1001.7,85,2,1001.8,158,2,1001.9,1213,11,1002.0,1147,11
317,2025-11-26 10:56:45+05:30,1001.6,9,996.57,4165963,414104.0,444591.0,986.2,1002.7,981.3,986.2,120378000,1084.8,887.6,1102.5,649.1,1001.3,35,3,1001.2,1046,7,1001.1,763,8,1001.0,535,7,1000.9,1076,10,1001.6,73,1,1001.7,85,2,1001.8,158,2,1001.9,1213,11,1002.0,1147,11
317,2025-11-26 10:56:46+05:30,1001.6,1,996.57,4165964,414083.0,444604.0,986.2,1002.7,981.3,986.2,120378000,1084.8,887.6,1102.5,649.1,1001.3,35,3,1001.2,511,6,1001.1,763,8,1001.0,1049,8,1000.9,1076,10,1001.6,72,1,1001.7,85,2,1001.8,158,2,1001.9,1213,11,1002.0,1147,11
317,2025-11-26 10:56:46+05:30,1001.6,10,996.57,4165964,414083.0,444604.0,986.2,1002.7,981.3,986.2,120378000,1084.8,887.6,1102.5,649.1,1001.3,35,3,1001.2,511,6,1001.1,763,8,1001.0,1049,8,1000.9,1076,10,1001.6,72,1,1001.7,85,2,1001.8,158,2,1001.9,1213,11,1002.0,1147,11
317,2025-11-26 10:56:47+05:30,1001.6,10,996.57,4165974,414082.0,444605.0,986.2,1002.7,981.3,986.2,120378000,1084.8,887.6,1102.5,649.1,1001.3,35,3,1001.2,511,6,1001.1,763,8,1001.0,1049,8,1000.9,1076,10,1001.6,62,1,1001.7,96,3,1001.8,158,2,1001.9,1213,11,1002.0,1147,11
317,2025-11-26 10:56:47+05:30,1001.6,2,996.57,4165974,414082.0,444605.0,986.2,1002.7,981.3,986.2,120378000,1084.8,887.6,1102.5,649.1,1001.3,35,3,1001.2,511,6,1001.1,763,8,1001.0,1049,8,1000.9,1076,10,1001.6,62,1,1001.7,96,3,1001.8,158,2,1001.9,1213,11,1002.0,1147,11
317,2025-11-26 10:56:48+05:30,1001.6,1,996.57,4166317,413962.0,444772.0,986.2,1002.7,981.3,986.2,120378000,1084.8,887.6,1102.5,649.1,1001.2,783,5,1001.1,774,9,1001.0,505,6,1000.9,1076,10,1000.8,1642,18,1001.6,59,1,1001.7,172,4,1001.8,313,4,1001.9,1213,11,1002.0,1398,13
317,2025-11-26 10:56:48+05:30,1001.6,186,996.57,4166317,413962.0,444772.0,986.2,1002.7,981.3,986.2,120378000,1084.8,887.6,1102.5,649.1,1001.2,783,5,1001.1,774,9,1001.0,505,6,1000.9,1076,10,1000.8,1642,18,1001.6,59,1,1001.7,172,4,1001.8,313,4,1001.9,1213,11,1002.0,1398,13
317,2025-11-26 10:56:49+05:30,1001.6,186,996.57,4166503,414018.0,444789.0,986.2,1002.7,981.3,986.2,120378000,1084.8,887.6,1102.5,649.1,1001.2,127,3,1001.1,1075,5,1001.0,542,9,1000.9,1016,9,1000.8,1858,19,1001.6,82,1,1001.7,172,4,1001.8,431,8,1001.9,1187,9,1002.0,1449,14
317,2025-11-26 10:56:50+05:30,1001.6,186,996.57,4166503,414145.0,446570.0,986.2,1002.7,981.3,986.2,120378000,1084.8,887.6,1102.5,649.1,1001.1,811,6,1001.0,606,10,1000.9,1016,9,1000.8,1798,18,1000.7,1649,10,1001.4,96,1,1001.6,82,1,1001.7,283,5,1001.8,482,9,1001.9,1437,10
317,2025-11-26 10:56:51+05:30,1001.4,203,996.57,4167456,414109.0,446171.0,986.2,1002.7,981.3,986.2,120378000,1084.8,887.6,1102.5,649.1,1001.1,633,6,1001.0,1073,7,1000.9,1011,9,1000.8,1109,16,1000.7,899,9,1001.5,100,1,1001.6,82,1,1001.7,357,5,1001.8,925,7,1001.9,1178,12
317,2025-11-26 10:56:51+05:30,1001.4,203,996.57,4167456,414109.0,446171.0,986.2,1002.7,981.3,986.2,120378000,1084.8,887.6,1102.5,649.1,1001.1,633,6,1001.0,1073,7,1000.9,1011,9,1000.8,1109,16,1000.7,899,9,1001.5,100,1,1001.6,82,1,1001.7,357,5,1001.8,925,7,1001.9,1178,12
317,2025-11-26 10:56:52+05:30,1001.7,25,996.57,4168206,416285.0,442793.0,986.2,1002.7,981.3,986.2,120378000,1084.8,887.6,1102.5,649.1,1001.2,1162,9,1001.1,1150,9,1001.0,873,9,1000.9,975,9,1000.8,1505,17,1001.7,276,3,1001.8,80,2,1001.9,481,4,1002.0,1362,12,1002.1,1458,15
317,2025-11-26 10:56:52+05:30,1001.7,25,996.57,4168206,416285.0,442793.0,986.2,1002.7,981.3,986.2,120378000,1084.8,887.6,1102.5,649.1,1001.2,1162,9,1001.1,1150,9,1001.0,873,9,1000.9,975,9,1000.8,1505,17,1001.7,276,3,1001.8,80,2,1001.9,481,4,1002.0,1362,12,1002.1,1458,15
317,2025-11-26 10:56:53+05:30,1001.7,5,996.57,4168247,416300.0,443001.0,986.2,1002.7,981.3,986.2,120378000,1084.8,887.6,1102.5,649.1,1001.2,986,5,1001.1,1213,10,1001.0,860,8,1000.9,988,10,1000.8,1505,17,1001.7,235,3,1001.8,80,2,1001.9,530,5,1002.0,1362,12,1002.1,1705,18
317,2025-11-26 10:56:53+05:30,1001.7,97,996.57,4168247,416300.0,443001.0,986.2,1002.7,981.3,986.2,120378000,1084.8,887.6,1102.5,649.1,1001.2,986,5,1001.1,1213,10,1001.0,860,8,1000.9,988,10,1000.8,1505,17,1001.7,235,3,1001.8,80,2,1001.9,530,5,1002.0,1362,12,1002.1,1705,18
317,2025-11-26 10:56:54+05:30,1001.7,16,996.57,4168448,415773.0,443290.0,986.2,1002.7,981.3,986.2,120378000,1084.8,887.6,1102.5,649.1,1001.3,229,3,1001.2,1018,5,1001.1,764,7,1001.0,724,10,1000.9,962,8,1001.7,122,3,1001.8,318,5,1001.9,777,7,1002.0,1469,13,1002.1,1705,18
317,2025-11-26 10:56:54+05:30,1001.7,16,996.57,4168448,415773.0,443290.0,986.2,1002.7,981.3,986.2,120378000,1084.8,887.6,1102.5,649.1,1001.3,229,3,1001.2,1018,5,1001.1,764,7,1001.0,724,10,1000.9,962,8,1001.7,122,3,1001.8,318,5,1001.9,777,7,1002.0,1469,13,1002.1,1705,18
317,2025-11-26 10:56:55+05:30,1001.7,16,996.57,4168448,415718.0,443506.0,986.2,1002.7,981.3,986.2,120378000,1084.8,887.6,1102.5,649.1,1001.3,199,2,1001.2,955,4,1001.1,827,8,1001.0,698,8,1000.9,988,10,1001.7,421,5,1001.8,318,5,1001.9,855,8,1002.0,1767,15,1002.1,1455,17
317,2025-11-26 10:56:55+05:30,1001.7,13,996.57,4168448,415718.0,443506.0,986.2,1002.7,981.3,986.2,120378000,1084.8,887.6,1102.5,649.1,1001.3,199,2,1001.2,955,4,1001.1,827,8,1001.0,698,8,1000.9,988,10,1001.7,421,5,1001.8,318,5,1001.9,855,8,1002.0,1767,15,1002.1,1455,17
317,2025-11-26 10:56:56+05:30,1001.7,13,996.57,4168461,415718.0,443579.0,986.2,1002.7,981.3,986.2,120378000,1084.8,887.6,1102.5,649.1,1001.3,199,2,1001.2,1018,5,1001.1,764,7,1001.0,698,8,1000.9,988,10,1001.7,408,5,1001.8,388,6,1001.9,856,9,1002.0,1532,13,1002.1,1705,18
317,2025-11-26 10:56:57+05:30,1001.7,11,996.57,4168472,415068.0,443723.0,986.2,1002.7,981.3,986.2,120378000,1084.8,887.6,1102.5,649.1,1001.3,199,2,1001.2,1018,5,1001.1,764,7,1001.0,798,9,1000.9,988,10,1001.7,397,5,1001.8,388,6,1001.9,856,9,1002.0,1434,13,1002.1,1455,17
317,2025-11-26 10:56:57+05:30,1001.3,1,996.57,4168472,415068.0,443723.0,986.2,1002.7,981.3,986.2,120378000,1084.8,887.6,1102.5,649.1,1001.3,199,2,1001.2,1018,5,1001.1,764,7,1001.0,798,9,1000.9,988,10,1001.7,397,5,1001.8,388,6,1001.9,856,9,1002.0,1434,13,1002.1,1455,17
317,2025-11-26 10:56:58+05:30,1001.3,1,996.57,4168473,414391.0,443552.0,986.2,1002.7,981.3,986.2,120378000,1084.8,887.6,1102.5,649.1,1001.3,198,2,1001.2,955,4,1001.1,827,8,1001.0,798,9,1000.9,988,10,1001.7,409,6,1001.8,388,6,1001.9,856,9,1002.0,953,12,1002.1,1705,18
317,2025-11-26 10:56:58+05:30,1001.7,87,996.57,4168473,414391.0,443552.0,986.2,1002.7,981.3,986.2,120378000,1084.8,887.6,1102.5,649.1,1001.3,198,2,1001.2,955,4,1001.1,827,8,1001.0,798,9,1000.9,988,10,1001.7,409,6,1001.8,388,6,1001.9,856,9,1002.0,953,12,1002.1,1705,18
317,2025-11-26 10:56:59+05:30,1001.7,87,996.57,4168658,414595.0,443649.0,986.2,1002.7,981.3,986.2,120378000,1084.8,887.6,1102.5,649.1,1001.3,198,2,1001.2,955,4,1001.1,827,8,1001.0,824,11,1000.9,1164,9,1001.7,476,5,1001.8,318,5,1001.9,856,9,1002.0,1203,13,1002.1,1455,17
317,2025-11-26 10:57:00+05:30,1001.3,8,996.57,4168672,413779.0,445777.0,986.2,1002.7,981.3,986.2,120378000,1084.8,887.6,1102.5,649.1,1001.3,103,1,1001.2,579,2,1001.1,708,6,1001.0,847,10,1000.9,933,10,1001.5,91,1,1001.7,782,9,1001.8,330,6,1001.9,1166,13,1002.0,2128,14
317,2025-11-26 10:57:00+05:30,1001.3,8,996.57,4168672,413779.0,445777.0,986.2,1002.7,981.3,986.2,120378000,1084.8,887.6,1102.5,649.1,1001.3,103,1,1001.2,579,2,1001.1,708,6,1001.0,847,10,1000.9,933,10,1001.5,91,1,1001.7,782,9,1001.8,330,6,1001.9,1166,13,1002.0,2128,14
317,2025-11-26 10:57:01+05:30,1001.3,8,996.57,4168672,414084.0,445742.0,986.2,1002.7,981.3,986.2,120378000,1084.8,887.6,1102.5,649.1,1001.3,283,2,1001.2,579,2,1001.1,735,7,1001.0,847,10,1000.9,933,10,1001.5,91,1,1001.7,761,8,1001.8,330,6,1001.9,1166,13,1002.0,2153,15
317,2025-11-26 10:57:02+05:30,1001.3,8,996.57,4168672,414072.0,447784.0,986.2,1002.7,981.3,986.2,120378000,1084.8,887.6,1102.5,649.1,1001.3,283,2,1001.2,79,1,1001.1,492,5,1001.0,847,10,1000.9,1421,11,1001.5,91,1,1001.7,1204,19,1001.8,805,7,1001.9,1402,13,1002.0,2134,15
317,2025-11-26 10:57:03+05:30,1001.3,1,996.57,4168708,413644.0,447872.0,986.2,1002.7,981.3,986.2,120378000,1084.8,887.6,1102.5,649.1,1001.3,295,3,1001.1,788,4,1001.0,702,9,1000.9,870,9,1000.8,1725,19,1001.5,232,2,1001.6,315,4,1001.7,1053,17,1001.8,883,8,1001.9,1402,13
317,2025-11-26 10:57:03+05:30,1001.5,130,996.57,4168708,413644.0,447872.0,986.2,1002.7,981.3,986.2,120378000,1084.8,887.6,1102.5,649.1,1001.3,295,3,1001.1,788,4,1001.0,702,9,1000.9,870,9,1000.8,1725,19,1001.5,232,2,1001.6,315,4,1001.7,1053,17,1001.8,883,8,1001.9,1402,13
317,2025-11-26 10:57:04+05:30,1001.5,5,996.57,4168899,413662.0,447489.0,986.2,1002.7,981.3,986.2,120378000,1084.8,887.6,1102.5,649.1,1001.3,321,4,1001.1,788,4,1001.0,702,9,1000.9,856,9,1000.8,1725,19,1001.5,137,2,1001.6,297,4,1001.7,932,12,1001.8,453,7,1001.9,1432,15
317,2025-11-26 10:57:04+05:30,1001.5,61,996.57,4168899,413662.0,447489.0,986.2,1002.7,981.3,986.2,120378000,1084.8,887.6,1102.5,649.1,1001.3,321,4,1001.1,788,4,1001.0,702,9,1000.9,856,9,1000.8,1725,19,1001.5,137,2,1001.6,297,4,1001.7,932,12,1001.8,453,7,1001.9,1432,15
317,2025-11-26 10:57:05+05:30,1001.6,29,996.58,4170453,414855.0,443881.0,986.2,1002.7,981.3,986.2,120378000,1084.8,887.6,1102.5,649.1,1001.3,600,6,1001.2,746,13,1001.1,1190,11,1001.0,707,9,1000.9,1005,10,1001.6,39,1,1001.7,271,5,1001.8,4,1,1001.9,542,6,1002.0,1447,13
317,2025-11-26 10:57:05+05:30,1001.6,29,996.58,4170453,414855.0,443881.0,986.2,1002.7,981.3,986.2,120378000,1084.8,887.6,1102.5,649.1,1001.3,600,6,1001.2,746,13,1001.1,1190,11,1001.0,707,9,1000.9,1005,10,1001.6,39,1,1001.7,271,5,1001.8,4,1,1001.9,542,6,1002.0,1447,13
317,2025-11-26 10:57:06+05:30,1001.6,1,996.58,4170454,414929.0,444569.0,986.2,1002.7,981.3,986.2,120378000,1084.8,887.6,1102.5,649.1,1001.3,770,7,1001.2,862,14,1001.1,1190,11,1001.0,733,11,1000.9,979,8,1001.6,38,1,1001.7,271,5,1001.8,154,2,1001.9,555,7,1002.0,1708,15
317,2025-11-26 10:57:06+05:30,1001.6,14,996.58,4170454,414929.0,444569.0,986.2,1002.7,981.3,986.2,120378000,1084.8,887.6,1102.5,649.1,1001.3,770,7,1001.2,862,14,1001.1,1190,11,1001.0,733,11,1000.9,979,8,1001.6,38,1,1001.7,271,5,1001.8,154,2,1001.9,555,7,1002.0,1708,15
317,2025-11-26 10:57:07+05:30,1001.6,3,996.58,4170471,414929.0,444641.0,986.2,1002.7,981.3,986.2,120378000,1084.8,887.6,1102.5,649.1,1001.3,770,7,1001.2,862,14,1001.1,1190,11,1001.0,733,11,1000.9,979,8,1001.6,21,1,1001.7,271,5,1001.8,154,2,1001.9,1147,8,1002.0,1708,15
317,2025-11-26 10:57:07+05:30,1001.3,9,996.58,4170471,414929.0,444641.0,986.2,1002.7,981.3,986.2,120378000,1084.8,887.6,1102.5,649.1,1001.3,770,7,1001.2,862,14,1001.1,1190,11,1001.0,733,11,1000.9,979,8,1001.6,21,1,1001.7,271,5,1001.8,154,2,1001.9,1147,8,1002.0,1708,15
317,2025-11-26 10:57:08+05:30,1001.3,9,996.58,4170487,414422.0,444589.0,986.2,1002.7,981.3,986.2,120378000,1084.8,887.6,1102.5,649.1,1001.3,243,4,1001.2,882,15,1001.1,1190,11,1001.0,733,11,1000.9,979,8,1001.6,14,1,1001.7,271,5,1001.8,156,3,1001.9,1065,9,1002.0,1699,14
317,2025-11-26 10:57:08+05:30,1001.6,10,996.58,4170487,414422.0,444589.0,986.2,1002.7,981.3,986.2,120378000,1084.8,887.6,1102.5,649.1,1001.3,243,4,1001.2,882,15,1001.1,1190,11,1001.0,733,11,1000.9,979,8,1001.6,14,1,1001.7,271,5,1001.8,156,3,1001.9,1065,9,1002.0,1699,14
317,2025-11-26 10:57:09+05:30,1001.6,10,996.58,4170683,413907.0,443648.0,986.2,1002.7,981.3,986.2,120378000,1084.8,887.6,1102.5,649.1,1001.3,170,1,1001.2,927,5,1001.1,1157,11,1001.0,649,8,1000.9,803,9,1001.6,162,2,1001.7,296,6,1001.8,234,4,1001.9,670,9,1002.0,1949,15
317,2025-11-26 10:57:10+05:30,1001.6,34,996.58,4172070,414196.0,442822.0,986.2,1002.7,981.3,986.2,120378000,1084.8,887.6,1102.5,649.1,1001.4,2,1,1001.3,298,3,1001.2,1130,7,1001.1,773,8,1001.0,649,8,1001.7,296,6,1001.8,190,5,1001.9,761,8,1002.0,2186,13,1002.1,1147,12
317,2025-11-26 10:57:10+05:30,1001.7,5,996.58,4172070,414196.0,442822.0,986.2,1002.7,981.3,986.2,120378000,1084.8,887.6,1102.5,649.1,1001.4,2,1,1001.3,298,3,1001.2,1130,7,1001.1,773,8,1001.0,649,8,1001.7,296,6,1001.8,190,5,1001.9,761,8,1002.0,2186,13,1002.1,1147,12
317,2025-11-26 10:57:11+05:30,1001.7,15,996.58,4172090,414186.0,443275.0,986.2,1002.7,981.3,986.2,120378000,1084.8,887.6,1102.5,649.1,1001.4,2,1,1001.3,298,3,1001.2,1130,7,1001.1,753,7,1001.0,649,8,1001.7,276,6,1001.8,209,5,1001.9,763,9,1002.0,1988,13,1002.1,1629,15
317,2025-11-26 10:57:11+05:30,1001.7,15,996.58,4172090,414186.0,443275.0,986.2,1002.7,981.3,986.2,120378000,1084.8,887.6,1102.5,649.1,1001.4,2,1,1001.3,298,3,1001.2,1130,7,1001.1,753,7,1001.0,649,8,1001.7,276,6,1001.8,209,5,1001.9,763,9,1002.0,1988,13,1002.1,1629,15
317,2025-11-26 10:57:12+05:30,1001.7,15,996.58,4172090,414022.0,443300.0,986.2,1002.7,981.3,986.2,120378000,1084.8,887.6,1102.5,649.1,1001.4,2,1,1001.3,298,3,1001.2,1130,7,1001.1,753,7,1001.0,649,8,1001.7,276,6,1001.8,209,5,1001.9,763,9,1002.0,1988,13,1002.1,1629,15
317,2025-11-26 10:57:12+05:30,1001.4,10,996.58,4172090,414022.0,443300.0,986.2,1002.7,981.3,986.2,120378000,1084.8,887.6,1102.5,649.1,1001.4,2,1,1001.3,298,3,1001.2,1130,7,1001.1,753,7,1001.0,649,8,1001.7,276,6,1001.8,209,5,1001.9,763,9,1002.0,1988,13,1002.1,1629,15
317,2025-11-26 10:57:13+05:30,1001.7,35,996.58,4172147,417111.0,444331.0,986.2,1002.7,981.3,986.2,120378000,1084.8,887.6,1102.5,649.1,1001.4,2,1,1001.3,298,3,1001.2,964,5,1001.1,753,7,1001.0,793,9,1001.7,229,6,1001.8,310,7,1001.9,767,9,1002.0,1988,13,1002.1,1390,15
317,2025-11-26 10:57:13+05:30,1001.7,3,996.58,4172147,417111.0,444331.0,986.2,1002.7,981.3,986.2,120378000,1084.8,887.6,1102.5,649.1,1001.4,2,1,1001.3,298,3,1001.2,964,5,1001.1,753,7,1001.0,793,9,1001.7,229,6,1001.8,310,7,1001.9,767,9,1002.0,1988,13,1002.1,1390,15
317,2025-11-26 10:57:14+05:30,1001.4,50,996.58,4173632,416732.0,444492.0,986.2,1002.7,981.3,986.2,120378000,1084.8,887.6,1102.5,649.1,1001.4,62,1,1001.3,109,3,1001.2,382,4,1001.1,886,8,1001.0,995,12,1001.7,440,7,1001.8,266,6,1001.9,921,11,1002.0,2246,14,1002.1,1228,14
317,2025-11-26 10:57:14+05:30,1001.7,10,996.58,4173632,416732.0,444492.0,986.2,1002.7,981.3,986.2,120378000,1084.8,887.6,1102.5,649.1,1001.4,62,1,1001.3,109,3,1001.2,382,4,1001.1,886,8,1001.0,995,12,1001.7,440,7,1001.8,266,6,1001.9,921,11,1002.0,2246,14,1002.1,1228,14
317,2025-11-26 10:57:15+05:30,1001.7,10,996.58,4173682,416735.0,444641.0,986.2,1002.7,981.3,986.2,120378000,1084.8,887.6,1102.5,649.1,1001.4,30,1,1001.3,88,2,1001.2,303,3,1001.1,886,8,1001.0,969,10,1001.7,433,7,1001.8,367,8,1001.9,944,11,1002.0,1996,13,1002.1,1317,16
317,2025-11-26 10:57:16+05:30,1001.7,10,996.58,4173682,416730.0,445052.0,986.2,1002.7,981.3,986.2,120378000,1084.8,887.6,1102.5,649.1,1001.4,30,1,1001.3,88,2,1001.2,303,3,1001.1,886,8,1001.0,995,12,1001.7,764,9,1001.8,419,9,1001.9,944,11,1002.0,2246,14,1002.1,1317,16
317,2025-11-26 10:57:16+05:30,1001.7,11,996.58,4173682,416730.0,445052.0,986.2,1002.7,981.3,986.2,120378000,1084.8,887.6,1102.5,649.1,1001.4,30,1,1001.3,88,2,1001.2,303,3,1001.1,886,8,1001.0,995,12,1001.7,764,9,1001.8,419,9,1001.9,944,11,1002.0,2246,14,1002.1,1317,16
317,2025-11-26 10:57:17+05:30,1001.7,7,996.58,4173701,416732.0,445039.0,986.2,1002.7,981.3,986.2,120378000,1084.8,887.6,1102.5,649.1,1001.4,30,1,1001.3,88,2,1001.2,382,4,1001.1,886,8,1001.0,995,12,1001.7,745,8,1001.8,370,9,1001.9,996,12,1002.0,1996,13,1002.1,1306,15
317,2025-11-26 10:57:17+05:30,1001.7,7,996.58,4173701,416732.0,445039.0,986.2,1002.7,981.3,986.2,120378000,1084.8,887.6,1102.5,649.1,1001.4,30,1,1001.3,88,2,1001.2,382,4,1001.1,886,8,1001.0,995,12,1001.7,745,8,1001.8,370,9,1001.9,996,12,1002.0,1996,13,1002.1,1306,15
317,2025-11-26 10:57:18+05:30,1001.7,7,996.58,4173701,416733.0,445050.0,986.2,1002.7,981.3,986.2,120378000,1084.8,887.6,1102.5,649.1,1001.4,30,1,1001.3,88,2,1001.2,382,4,1001.1,886,8,1001.0,996,13,1001.7,745,8,1001.8,370,9,1001.9,996,12,1002.0,2246,14,1002.1,1306,15
317,2025-11-26 10:57:18+05:30,1001.4,14,996.58,4173701,416733.0,445050.0,986.2,1002.7,981.3,986.2,120378000,1084.8,887.6,1102.5,649.1,1001.4,30,1,1001.3,88,2,1001.2,382,4,1001.1,886,8,1001.0,996,13,1001.7,745,8,1001.8,370,9,1001.9,996,12,1002.0,2246,14,1002.1,1306,15
317,2025-11-26 10:57:19+05:30,1001.4,14,996.58,4173766,416520.0,447321.0,986.2,1002.7,981.3,986.2,120378000,1084.8,887.6,1102.5,649.1,1001.4,32,2,1001.2,100,2,1001.1,550,4,1001.0,682,9,1000.9,866,13,1001.6,214,2,1001.7,1162,13,1001.8,974,10,1001.9,1269,13,1002.0,2716,16
317,2025-11-26 10:57:20+05:30,1001.4,19,996.58,4173785,416493.0,448594.0,986.2,1002.7,981.3,986.2,120378000,1084.8,887.6,1102.5,649.1,1001.4,32,2,1001.2,100,2,1001.1,328,3,1001.0,860,9,1000.9,882,14,1001.5,96,1,1001.6,214,2,1001.7,1248,14,1001.8,1113,12,1001.9,1471,14
317,2025-11-26 10:57:20+05:30,1001.5,140,996.58,4173785,416493.0,448594.0,986.2,1002.7,981.3,986.2,120378000,1084.8,887.6,1102.5,649.1,1001.4,32,2,1001.2,100,2,1001.1,328,3,1001.0,860,9,1000.9,882,14,1001.5,96,1,1001.6,214,2,1001.7,1248,14,1001.8,1113,12,1001.9,1471,14
317,2025-11-26 10:57:21+05:30,1001.4,1,996.58,4173946,416187.0,448431.0,986.2,1002.7,981.3,986.2,120378000,1084.8,887.6,1102.5,649.1,1001.4,12,1,1001.2,100,2,1001.1,183,2,1001.0,716,8,1000.9,882,14,1001.5,77,1,1001.6,508,6,1001.7,1155,15,1001.8,529,9,1001.9,1160,12
317,2025-11-26 10:57:21+05:30,1001.4,1,996.58,4173946,416187.0,448431.0,986.2,1002.7,981.3,986.2,120378000,1084.8,887.6,1102.5,649.1,1001.4,12,1,1001.2,100,2,1001.1,183,2,1001.0,716,8,1000.9,882,14,1001.5,77,1,1001.6,508,6,1001.7,1155,15,1001.8,529,9,1001.9,1160,12
317,2025-11-26 10:57:22+05:30,1001.4,1,996.58,4173946,416218.0,448394.0,986.2,1002.7,981.3,986.2,120378000,1084.8,887.6,1102.5,649.1,1001.4,12,1,1001.2,100,2,1001.1,183,2,1001.0,716,8,1000.9,882,14,1001.5,77,1,1001.6,549,7,1001.7,1155,15,1001.8,529,9,1001.9,1410,13
317,2025-11-26 10:57:22+05:30,1001.5,23,996.58,4173946,416218.0,448394.0,986.2,1002.7,981.3,986.2,120378000,1084.8,887.6,1102.5,649.1,1001.4,12,1,1001.2,100,2,1001.1,183,2,1001.0,716,8,1000.9,882,14,1001.5,77,1,1001.6,549,7,1001.7,1155,15,1001.8,529,9,1001.9,1410,13
317,2025-11-26 10:57:23+05:30,1001.0,12,996.58,4174844,409703.0,446991.0,986.2,1002.7,981.3,986.2,120378000,1084.8,887.6,1102.5,649.1,1001.0,780,8,1000.9,698,6,1000.8,1006,16,1000.7,908,10,1000.6,630,7,1001.5,37,1,1001.6,373,4,1001.7,951,11,1001.8,502,10,1001.9,1912,16
317,2025-11-26 10:57:23+05:30,1001.5,184,996.58,4174844,409703.0,446991.0,986.2,1002.7,981.3,986.2,120378000,1084.8,887.6,1102.5,649.1,1001.0,780,8,1000.9,698,6,1000.8,1006,16,1000.7,908,10,1000.6,630,7,1001.5,37,1,1001.6,373,4,1001.7,951,11,1001.8,502,10,1001.9,1912,16
317,2025-11-26 10:57:24+05:30,1001.0,42,996.58,4175113,409724.0,446861.0,986.2,1002.7,981.3,986.2,120378000,1084.8,887.6,1102.5,649.1,1001.0,869,10,1000.9,758,7,1000.8,957,15,1000.7,908,10,1000.6,630,7,1001.5,81,1,1001.6,312,3,1001.7,978,11,1001.8,571,10,1001.9,1698,15
317,2025-11-26 10:57:24+05:30,1001.5,5,996.58,4175113,409724.0,446861.0,986.2,1002.7,981.3,986.2,120378000,1084.8,887.6,1102.5,649.1,1001.0,869,10,1000.9,758,7,1000.8,957,15,1000.7,908,10,1000.6,630,7,1001.5,81,1,1001.6,312,3,1001.7,978,11,1001.8,571,10,1001.9,1698,15
317,2025-11-26 10:57:25+05:30,1001.0,10,996.58,4175390,409345.0,447817.0,986.2,1002.7,981.3,986.2,120378000,1084.8,887.6,1102.5,649.1,1001.0,248,4,1000.9,813,7,1000.8,950,13,1000.7,874,11,1000.6,570,6,1001.4,30,1,1001.5,290,3,1001.6,708,7,1001.7,1355,14,1001.8,821,11
317,2025-11-26 10:57:25+05:30,1001.0,10,996.58,4175390,409345.0,447817.0,986.2,1002.7,981.3,986.2,120378000,1084.8,887.6,1102.5,649.1,1001.0,248,4,1000.9,813,7,1000.8,950,13,1000.7,874,11,1000.6,570,6,1001.4,30,1,1001.5,290,3,1001.6,708,7,1001.7,1355,14,1001.8,821,11
317,2025-11-26 10:57:26+05:30,1001.0,10,996.58,4175390,409322.0,447882.0,986.2,1002.7,981.3,986.2,120378000,1084.8,887.6,1102.5,649.1,1001.0,225,3,1000.9,813,7,1000.8,950,13,1000.7,874,11,1000.6,570,6,1001.4,30,1,1001.5,290,3,1001.6,708,7,1001.7,1390,15,1001.8,821,11
317,2025-11-26 10:57:27+05:30,1001.0,10,996.58,4175390,409347.0,447881.0,986.2,1002.7,981.3,986.2,120378000,1084.8,887.6,1102.5,649.1,1001.0,225,3,1000.9,813,7,1000.8,950,13,1000.7,874,11,1000.6,570,6,1001.4,30,1,1001.5,290,3,1001.6,708,7,1001.7,1390,15,1001.8,821,11
317,2025-11-26 10:57:27+05:30,1001.0,50,996.58,4175390,409347.0,447881.0,986.2,1002.7,981.3,986.2,120378000,1084.8,887.6,1102.5,649.1,1001.0,225,3,1000.9,813,7,1000.8,950,13,1000.7,874,11,1000.6,570,6,1001.4,30,1,1001.5,290,3,1001.6,708,7,1001.7,1390,15,1001.8,821,11
317,2025-11-26 10:57:28+05:30,1001.0,50,996.58,4175440,409011.0,447834.0,986.2,1002.7,981.3,986.2,120378000,1084.8,887.6,1102.5,649.1,1001.0,175,3,1000.9,649,5,1000.8,958,13,1000.7,795,10,1000.6,570,6,1001.4,30,1,1001.5,484,4,1001.6,720,9,1001.7,1390,15,1001.8,821,11
317,2025-11-26 10:57:28+05:30,1001.4,68,996.58,4175440,409011.0,447834.0,986.2,1002.7,981.3,986.2,120378000,1084.8,887.6,1102.5,649.1,1001.0,175,3,1000.9,649,5,1000.8,958,13,1000.7,795,10,1000.6,570,6,1001.4,30,1,1001.5,484,4,1001.6,720,9,1001.7,1390,15,1001.8,821,11
317,2025-11-26 10:57:29+05:30,1001.4,68,996.58,4175725,412175.0,447500.0,986.2,1002.7,981.3,986.2,120378000,1084.8,887.6,1102.5,649.1,1001.0,137,2,1000.9,202,3,1000.8,519,7,1000.7,859,10,1000.6,846,11,1001.5,106,3,1001.6,546,8,1001.7,1346,16,1001.8,1422,11,1001.9,1542,12
317,2025-11-26 10:57:29+05:30,1001.0,1,996.58,4175725,412175.0,447500.0,986.2,1002.7,981.3,986.2,120378000,1084.8,887.6,1102.5,649.1,1001.0,137,2,1000.9,202,3,1000.8,519,7,1000.7,859,10,1000.6,846,11,1001.5,106,3,1001.6,546,8,1001.7,1346,16,1001.8,1422,11,1001.9,1542,12
317,2025-11-26 10:57:30+05:30,1001.3,247,996.58,4176934,412733.0,448758.0,986.2,1002.7,981.3,986.2,120378000,1084.8,887.6,1102.5,649.1,1001.3,300,1,1001.2,28,1,1000.9,197,3,1000.8,422,7,1000.7,865,12,1001.4,37,1,1001.5,255,5,1001.6,512,7,1001.7,1307,15,1001.8,704,14
317,2025-11-26 10:57:30+05:30,1001.3,290,996.58,4176934,412733.0,448758.0,986.2,1002.7,981.3,986.2,120378000,1084.8,887.6,1102.5,649.1,1001.3,300,1,1001.2,28,1,1000.9,197,3,1000.8,422,7,1000.7,865,12,1001.4,37,1,1001.5,255,5,1001.6,512,7,1001.7,1307,15,1001.8,704,14
317,2025-11-26 10:57:31+05:30,1001.4,20,996.58,4177254,409311.0,449501.0,986.2,1002.7,981.3,986.2,120378000,1084.8,887.6,1102.5,649.1,1001.2,28,1,1001.1,54,1,1001.0,522,3,1000.9,609,4,1000.8,839,12,1001.4,17,1,1001.5,160,3,1001.6,546,6,1001.7,1386,16,1001.8,840,11
317,2025-11-26 10:57:31+05:30,1001.4,20,996.58,4177254,409311.0,449501.0,986.2,1002.7,981.3,986.2,120378000,1084.8,887.6,1102.5,649.1,1001.2,28,1,1001.1,54,1,1001.0,522,3,1000.9,609,4,1000.8,839,12,1001.4,17,1,1001.5,160,3,1001.6,546,6,1001.7,1386,16,1001.8,840,11
317,2025-11-26 10:57:32+05:30,1001.4,20,996.58,4177254,408994.0,449822.0,986.2,1002.7,981.3,986.2,120378000,1084.8,887.6,1102.5,649.1,1001.2,28,1,1001.0,522,3,1000.9,464,4,1000.8,839,12,1000.7,889,14,1001.4,18,2,1001.5,160,3,1001.6,1038,8,1001.7,1467,17,1001.8,884,12
317,2025-11-26 10:57:32+05:30,1001.4,17,996.58,4177254,408994.0,449822.0,986.2,1002.7,981.3,986.2,120378000,1084.8,887.6,1102.5,649.1,1001.2,28,1,1001.0,522,3,1000.9,464,4,1000.8,839,12,1000.7,889,14,1001.4,18,2,1001.5,160,3,1001.6,1038,8,1001.7,1467,17,1001.8,884,12
317,2025-11-26 10:57:33+05:30,1001.3,35,996.58,4177306,412998.0,449759.0,986.2,1002.7,981.3,986.2,120378000,1084.8,887.6,1102.5,649.1,1000.9,482,5,1000.8,783,10,1000.7,797,8,1000.6,841,10,1000.5,679,8,1001.3,15,1,1001.4,38,2,1001.5,423,4,1001.6,1104,10,1001.7,1803,19
317,2025-11-26 10:57:33+05:30,1001.3,10,996.58,4177306,412998.0,449759.0,986.2,1002.7,981.3,986.2,120378000,1084.8,887.6,1102.5,649.1,1000.9,482,5,1000.8,783,10,1000.7,797,8,1000.6,841,10,1000.5,679,8,1001.3,15,1,1001.4,38,2,1001.5,423,4,1001.6,1104,10,1001.7,1803,19
317,2025-11-26 10:57:34+05:30,1001.3,10,996.58,4177321,408999.0,449700.0,986.2,1002.7,981.3,986.2,120378000,1084.8,887.6,1102.5,649.1,1001.3,9,1,1001.0,314,2,1000.9,592,6,1000.8,708,10,1000.7,810,9,1001.4,38,2,1001.5,500,7,1001.6,439,8,1001.7,1399,16,1001.8,958,11
317,2025-11-26 10:57:34+05:30,1001.6,2,996.58,4177321,408999.0,449700.0,986.2,1002.7,981.3,986.2,120378000,1084.8,887.6,1102.5,649.1,1001.3,9,1,1001.0,314,2,1000.9,592,6,1000.8,708,10,1000.7,810,9,1001.4,38,2,1001.5,500,7,1001.6,439,8,1001.7,1399,16,1001.8,958,11
317,2025-11-26 10:57:35+05:30,1001.6,2,996.58,4177475,410783.0,448332.0,986.2,1002.7,981.3,986.2,120378000,1084.8,887.6,1102.5,649.1,1001.3,9,1,1001.1,98,3,1001.0,520,3,1000.9,528,6,1000.8,795,13,1001.6,554,9,1001.7,1180,13,1001.8,702,9,1001.9,1458,21,1002.0,3001,16
317,2025-11-26 10:57:35+05:30,1001.6,121,996.58,4177475,410783.0,448332.0,986.2,1002.7,981.3,986.2,120378000,1084.8,887.6,1102.5,649.1,1001.3,9,1,1001.1,98,3,1001.0,520,3,1000.9,528,6,1000.8,795,13,1001.6,554,9,1001.7,1180,13,1001.8,702,9,1001.9,1458,21,1002.0,3001,16
317,2025-11-26 10:57:36+05:30,1001.3,5,996.58,4177655,411473.0,448679.0,986.2,1002.7,981.3,986.2,120378000,1084.8,887.6,1102.5,649.1,1001.3,1,1,1001.1,164,4,1001.0,569,4,1000.9,499,5,1000.8,1538,15,1001.6,307,6,1001.7,1162,13,1001.8,703,10,1001.9,1447,20,1002.0,3663,17
317,2025-11-26 10:57:36+05:30,1001.1,41,996.58,4177655,411473.0,448679.0,986.2,1002.7,981.3,986.2,120378000,1084.8,887.6,1102.5,649.1,1001.3,1,1,1001.1,164,4,1001.0,569,4,1000.9,499,5,1000.8,1538,15,1001.6,307,6,1001.7,1162,13,1001.8,703,10,1001.9,1447,20,1002.0,3663,17
317,2025-11-26 10:57:37+05:30,1001.1,41,996.58,4177931,411123.0,448618.0,986.2,1002.7,981.3,986.2,120378000,1084.8,887.6,1102.5,649.1,1001.3,1,1,1001.1,24,3,1001.0,320,2,1000.9,457,4,1000.8,1429,12,1001.6,588,9,1001.7,1180,13,1001.8,959,12,1001.9,1293,21,1002.0,3001,16
317,2025-11-26 10:57:38+05:30,1001.6,16,996.58,4177947,411299.0,448988.0,986.2,1002.7,981.3,986.2,120378000,1084.8,887.6,1102.5,649.1,1001.3,1,1,1001.1,24,3,1001.0,320,2,1000.9,457,4,1000.8,1455,14,1001.6,852,10,1001.7,1261,14,1001.8,703,10,1001.9,1282,20,1002.0,3251,17
317,2025-11-26 10:57:38+05:30,1001.6,56,996.58,4177947,411299.0,448988.0,986.2,1002.7,981.3,986.2,120378000,1084.8,887.6,1102.5,649.1,1001.3,1,1,1001.1,24,3,1001.0,320,2,1000.9,457,4,1000.8,1455,14,1001.6,852,10,1001.7,1261,14,1001.8,703,10,1001.9,1282,20,1002.0,3251,17
317,2025-11-26 10:57:39+05:30,1001.6,14,996.58,4178146,414216.0,447853.0,986.2,1002.7,981.3,986.2,120378000,1084.8,887.6,1102.5,649.1,1001.3,1,1,1001.1,382,5,1001.0,586,7,1000.9,733,6,1000.8,1455,14,1001.6,478,5,1001.7,975,10,1001.8,677,9,1001.9,1325,12,1002.0,2936,16
317,2025-11-26 10:57:39+05:30,1001.6,14,996.58,4178146,414216.0,447853.0,986.2,1002.7,981.3,986.2,120378000,1084.8,887.6,1102.5,649.1,1001.3,1,1,1001.1,382,5,1001.0,586,7,1000.9,733,6,1000.8,1455,14,1001.6,478,5,1001.7,975,10,1001.8,677,9,1001.9,1325,12,1002.0,2936,16
317,2025-11-26 10:57:40+05:30,1001.6,14,996.58,4178146,410087.0,449535.0,986.2,1002.7,981.3,986.2,120378000,1084.8,887.6,1102.5,649.1,1001.3,1,1,1001.1,22,3,1001.0,586,7,1000.9,531,5,1000.8,1429,12,1001.4,96,1,1001.6,945,9,1001.7,960,11,1001.8,939,12,1001.9,1664,14
317,2025-11-26 10:57:41+05:30,1001.6,14,996.58,4178146,410087.0,449565.0,986.2,1002.7,981.3,986.2,120378000,1084.8,887.6,1102.5,649.1,1001.3,1,1,1001.1,22,3,1001.0,522,3,1000.9,531,5,1000.8,1493,16,1001.4,96,1,1001.5,48,1,1001.6,945,9,1001.7,960,11,1001.8,939,12
317,2025-11-26 10:57:42+05:30,1001.6,14,996.58,4178146,409413.0,449565.0,986.2,1002.7,981.3,986.2,120378000,1084.8,887.6,1102.5,649.1,1001.3,1,1,1001.1,22,3,1001.0,522,3,1000.9,531,5,1000.8,793,14,1001.4,96,1,1001.5,48,1,1001.6,945,9,1001.7,960,11,1001.8,939,12
317,2025-11-26 10:57:43+05:30,1001.4,35,996.58,4178181,409681.0,450087.0,986.2,1002.7,981.3,986.2,120378000,1084.8,887.6,1102.5,649.1,1001.3,1,1,1001.1,20,2,1001.0,522,3,1000.9,533,6,1000.8,787,13,1001.4,61,1,1001.5,144,3,1001.6,1090,11,1001.7,1117,12,1001.8,1005,13
317,2025-11-26 10:57:43+05:30,1001.4,184,996.58,4178181,409681.0,450087.0,986.2,1002.7,981.3,986.2,120378000,1084.8,887.6,1102.5,649.1,1001.3,1,1,1001.1,20,2,1001.0,522,3,1000.9,533,6,1000.8,787,13,1001.4,61,1,1001.5,144,3,1001.6,1090,11,1001.7,1117,12,1001.8,1005,13
317,2025-11-26 10:57:44+05:30,1001.4,75,996.58,4178442,409729.0,450362.0,986.2,1002.7,981.3,986.2,120378000,1084.8,887.6,1102.5,649.1,1001.3,1,1,1001.1,20,2,1001.0,522,3,1000.9,484,5,1000.8,787,13,1001.4,21,1,1001.5,212,4,1001.6,1014,10,1001.7,1116,12,1001.8,1005,13
317,2025-11-26 10:57:44+05:30,1001.4,75,996.58,4178442,409729.0,450362.0,986.2,1002.7,981.3,986.2,120378000,1084.8,887.6,1102.5,649.1,1001.3,1,1,1001.1,20,2,1001.0,522,3,1000.9,484,5,1000.8,787,13,1001.4,21,1,1001.5,212,4,1001.6,1014,10,1001.7,1116,12,1001.8,1005,13
317,2025-11-26 10:57:45+05:30,1001.1,1,996.58,4178444,409182.0,451230.0,986.2,1002.7,981.3,986.2,120378000,1084.8,887.6,1102.5,649.1,1001.1,9,1,1001.0,212,1,1000.9,495,6,1000.8,619,7,1000.7,837,11,1001.3,20,1,1001.5,416,6,1001.6,1053,11,1001.7,1134,12,1001.8,1086,14
317,2025-11-26 10:57:45+05:30,1001.1,1,996.58,4178444,409182.0,451230.0,986.2,1002.7,981.3,986.2,120378000,1084.8,887.6,1102.5,649.1,1001.1,9,1,1001.0,212,1,1000.9,495,6,1000.8,619,7,1000.7,837,11,1001.3,20,1,1001.5,416,6,1001.6,1053,11,1001.7,1134,12,1001.8,1086,14
317,2025-11-26 10:57:46+05:30,1001.3,2,996.58,4178446,409186.0,451015.0,986.2,1002.7,981.3,986.2,120378000,1084.8,887.6,1102.5,649.1,1001.1,15,2,1001.0,212,1,1000.9,495,6,1000.8,619,7,1000.7,837,11,1001.3,18,1,1001.5,605,8,1001.6,1053,11,1001.7,1134,12,1001.8,1099,15
317,2025-11-26 10:57:46+05:30,1001.3,2,996.58,4178446,409186.0,451015.0,986.2,1002.7,981.3,986.2,120378000,1084.8,887.6,1102.5,649.1,1001.1,15,2,1001.0,212,1,1000.9,495,6,1000.8,619,7,1000.7,837,11,1001.3,18,1,1001.5,605,8,1001.6,1053,11,1001.7,1134,12,1001.8,1099,15
317,2025-11-26 10:57:47+05:30,1001.3,2,996.58,4178448,409260.0,451013.0,986.2,1002.7,981.3,986.2,120378000,1084.8,887.6,1102.5,649.1,1001.1,15,2,1001.0,13,1,1000.9,484,5,1000.8,619,7,1000.7,909,12,1001.3,16,1,1001.5,605,8,1001.6,1053,11,1001.7,1134,12,1001.8,1099,15
317,2025-11-26 10:57:47+05:30,1001.3,2,996.58,4178448,409260.0,451013.0,986.2,1002.7,981.3,986.2,120378000,1084.8,887.6,1102.5,649.1,1001.1,15,2,1001.0,13,1,1000.9,484,5,1000.8,619,7,1000.7,909,12,1001.3,16,1,1001.5,605,8,1001.6,1053,11,1001.7,1134,12,1001.8,1099,15
317,2025-11-26 10:57:48+05:30,1001.3,1,996.58,4178449,409152.0,450890.0,986.2,1002.7,981.3,986.2,120378000,1084.8,887.6,1102.5,649.1,1001.1,15,2,1001.0,13,1,1000.9,300,3,1000.8,693,8,1000.7,909,12,1001.3,15,1,1001.5,615,9,1001.6,1054,12,1001.7,1134,12,1001.8,1001,13
317,2025-11-26 10:57:48+05:30,1001.3,186,996.58,4178449,409152.0,450890.0,986.2,1002.7,981.3,986.2,120378000,1084.8,887.6,1102.5,649.1,1001.1,15,2,1001.0,13,1,1000.9,300,3,1000.8,693,8,1000.7,909,12,1001.3,15,1,1001.5,615,9,1001.6,1054,12,1001.7,1134,12,1001.8,1001,13
317,2025-11-26 10:57:49+05:30,1001.3,186,996.58,4178635,409227.0,450276.0,986.2,1002.7,981.3,986.2,120378000,1084.8,887.6,1102.5,649.1,1001.1,15,2,1001.0,11,1,1000.9,320,3,1000.8,654,9,1000.7,983,13,1001.3,96,1,1001.5,323,7,1001.6,803,9,1001.7,1132,12,1001.8,1011,14
317,2025-11-26 10:57:50+05:30,1001.2,298,996.59,4179400,413732.0,448754.0,986.2,1002.7,981.3,986.2,120378000,1084.8,887.6,1102.5,649.1,1000.9,98,2,1000.8,555,7,1000.7,754,10,1000.6,675,9,1000.5,1137,11,1001.2,96,1,1001.4,62,1,1001.5,391,7,1001.6,955,11,1001.7,1382,13
317,2025-11-26 10:57:50+05:30,1001.2,298,996.59,4179400,413732.0,448754.0,986.2,1002.7,981.3,986.2,120378000,1084.8,887.6,1102.5,649.1,1000.9,98,2,1000.8,555,7,1000.7,754,10,1000.6,675,9,1000.5,1137,11,1001.2,96,1,1001.4,62,1,1001.5,391,7,1001.6,955,11,1001.7,1382,13
317,2025-11-26 10:57:51+05:30,1001.2,19,996.59,4181145,411975.0,453187.0,986.2,1002.7,981.3,986.2,120378000,1084.8,887.6,1102.5,649.1,1000.7,160,3,1000.6,486,6,1000.5,992,14,1000.4,940,13,1000.3,1325,8,1001.2,93,3,1001.3,303,2,1001.4,1185,9,1001.5,926,10,1001.6,3268,16
317,2025-11-26 10:57:51+05:30,1001.2,19,996.59,4181145,411975.0,453187.0,986.2,1002.7,981.3,986.2,120378000,1084.8,887.6,1102.5,649.1,1000.7,160,3,1000.6,486,6,1000.5,992,14,1000.4,940,13,1000.3,1325,8,1001.2,93,3,1001.3,303,2,1001.4,1185,9,1001.5,926,10,1001.6,3268,16
317,2025-11-26 10:57:52+05:30,1001.2,1,996.59,4181146,412907.0,453015.0,986.2,1002.7,981.3,986.2,120378000,1084.8,887.6,1102.5,649.1,1000.7,587,7,1000.6,879,11,1000.5,992,14,1000.4,1034,15,1000.3,1374,9,1001.2,92,3,1001.3,326,3,1001.4,689,10,1001.5,926,10,1001.6,2946,16
317,2025-11-26 10:57:52+05:30,1001.2,1,996.59,4181146,412907.0,453015.0,986.2,1002.7,981.3,986.2,120378000,1084.8,887.6,1102.5,649.1,1000.7,587,7,1000.6,879,11,1000.5,992,14,1000.4,1034,15,1000.3,1374,9,1001.2,92,3,1001.3,326,3,1001.4,689,10,1001.5,926,10,1001.6,2946,16
317,2025-11-26 10:57:53+05:30,1001.2,5,996.59,4181206,413018.0,452985.0,986.2,1002.7,981.3,986.2,120378000,1084.8,887.6,1102.5,649.1,1000.7,638,9,1000.6,879,11,1000.5,996,15,1000.4,1030,14,1000.3,1374,9,1001.2,138,3,1001.3,339,4,1001.4,680,9,1001.5,926,10,1001.6,2705,16
317,2025-11-26 10:57:53+05:30,1001.2,36,996.59,4181206,413018.0,452985.0,986.2,1002.7,981.3,986.2,120378000,1084.8,887.6,1102.5,649.1,1000.7,638,9,1000.6,879,11,1000.5,996,15,1000.4,1030,14,1000.3,1374,9,1001.2,138,3,1001.3,339,4,1001.4,680,9,1001.5,926,10,1001.6,2705,16
317,2025-11-26 10:57:54+05:30,1001.2,36,996.59,4181390,413591.0,452978.0,986.2,1002.7,981.3,986.2,120378000,1084.8,887.6,1102.5,649.1,1000.8,204,6,1000.7,712,9,1000.6,925,12,1000.5,989,13,1000.4,1020,13,1001.2,100,3,1001.3,86,1,1001.4,584,9,1001.5,804,8,1001.6,3027,18
317,2025-11-26 10:57:55+05:30,1001.2,36,996.59,4181390,411918.0,452784.0,986.2,1002.7,981.3,986.2,120378000,1084.8,887.6,1102.5,649.1,1000.8,217,7,1000.7,699,8,1000.6,925,12,1000.5,989,13,1000.4,1020,13,1001.2,100,3,1001.3,86,1,1001.4,584,9,1001.5,876,9,1001.6,3027,18
317,2025-11-26 10:57:55+05:30,1000.8,47,996.59,4181390,411918.0,452784.0,986.2,1002.7,981.3,986.2,120378000,1084.8,887.6,1102.5,649.1,1000.8,217,7,1000.7,699,8,1000.6,925,12,1000.5,989,13,1000.4,1020,13,1001.2,100,3,1001.3,86,1,1001.4,584,9,1001.5,876,9,1001.6,3027,18
317,2025-11-26 10:57:56+05:30,1000.8,47,996.59,4181529,413980.0,452429.0,986.2,1002.7,981.3,986.2,120378000,1084.8,887.6,1102.5,649.1,1001.0,1,1,1000.8,118,4,1000.7,651,7,1000.6,630,9,1000.5,852,13,1001.2,11,2,1001.3,220,3,1001.4,504,9,1001.5,1410,11,1001.6,2591,16
317,2025-11-26 10:57:57+05:30,1001.2,10,996.59,4181550,414071.0,453051.0,986.2,1002.7,981.3,986.2,120378000,1084.8,887.6,1102.5,649.1,1001.1,65,1,1001.0,1,1,1000.8,165,5,1000.7,723,8,1000.6,609,8,1001.2,10,1,1001.3,86,1,1001.4,890,8,1001.5,853,9,1001.6,2253,13
317,2025-11-26 10:57:57+05:30,1001.2,10,996.59,4181550,414071.0,453051.0,986.2,1002.7,981.3,986.2,120378000,1084.8,887.6,1102.5,649.1,1001.1,65,1,1001.0,1,1,1000.8,165,5,1000.7,723,8,1000.6,609,8,1001.2,10,1,1001.3,86,1,1001.4,890,8,1001.5,853,9,1001.6,2253,13
317,2025-11-26 10:57:58+05:30,1001.2,6,996.59,4181556,413991.0,453131.0,986.2,1002.7,981.3,986.2,120378000,1084.8,887.6,1102.5,649.1,1001.1,78,2,1001.0,1,1,1000.8,223,5,1000.7,723,8,1000.6,609,8,1001.2,54,2,1001.3,153,2,1001.4,312,6,1001.5,1371,10,1001.6,2253,13
317,2025-11-26 10:57:58+05:30,1001.2,40,996.59,4181556,413991.0,453131.0,986.2,1002.7,981.3,986.2,120378000,1084.8,887.6,1102.5,649.1,1001.1,78,2,1001.0,1,1,1000.8,223,5,1000.7,723,8,1000.6,609,8,1001.2,54,2,1001.3,153,2,1001.4,312,6,1001.5,1371,10,1001.6,2253,13
317,2025-11-26 10:57:59+05:30,1001.4,1,996.59,4181718,415354.0,450798.0,986.2,1002.7,981.3,986.2,120378000,1084.8,887.6,1102.5,649.1,1001.2,19,1,1001.1,13,1,1001.0,1,1,1000.9,185,3,1000.8,478,6,1001.4,236,6,1001.5,457,6,1001.6,2095,11,1001.7,1501,14,1001.8,610,17
317,2025-11-26 10:57:59+05:30,1001.4,1,996.59,4181718,415354.0,450798.0,986.2,1002.7,981.3,986.2,120378000,1084.8,887.6,1102.5,649.1,1001.2,19,1,1001.1,13,1,1001.0,1,1,1000.9,185,3,1000.8,478,6,1001.4,236,6,1001.5,457,6,1001.6,2095,11,1001.7,1501,14,1001.8,610,17
317,2025-11-26 10:58:00+05:30,1001.2,10,996.59,4181736,415075.0,451011.0,986.2,1002.7,981.3,986.2,120378000,1084.8,887.6,1102.5,649.1,1001.2,14,2,1001.0,1,1,1000.9,185,3,1000.8,266,5,1000.7,550,8,1001.3,96,1,1001.4,322,7,1001.5,458,7,1001.6,2182,14,1001.7,1501,14
317,2025-11-26 10:58:00+05:30,1001.3,73,996.59,4181736,415075.0,451011.0,986.2,1002.7,981.3,986.2,120378000,1084.8,887.6,1102.5,649.1,1001.2,14,2,1001.0,1,1,1000.9,185,3,1000.8,266,5,1000.7,550,8,1001.3,96,1,1001.4,322,7,1001.5,458,7,1001.6,2182,14,1001.7,1501,14
317,2025-11-26 10:58:01+05:30,1001.0,1,996.59,4181823,414518.0,454753.0,986.2,1002.7,981.3,986.2,120378000,1084.8,887.6,1102.5,649.1,1000.8,2,1,1000.7,339,4,1000.6,808,14,1000.5,623,8,1000.4,1480,9,1001.0,9,1,1001.2,162,2,1001.3,429,3,1001.4,370,7,1001.5,1405,13
317,2025-11-26 10:58:01+05:30,1001.0,1,996.59,4181823,414518.0,454753.0,986.2,1002.7,981.3,986.2,120378000,1084.8,887.6,1102.5,649.1,1000.8,2,1,1000.7,339,4,1000.6,808,14,1000.5,623,8,1000.4,1480,9,1001.0,9,1,1001.2,162,2,1001.3,429,3,1001.4,370,7,1001.5,1405,13
317,2025-11-26 10:58:02+05:30,1001.0,1,996.59,4181823,414523.0,454560.0,986.2,1002.7,981.3,986.2,120378000,1084.8,887.6,1102.5,649.1,1000.8,2,1,1000.7,339,4,1000.6,808,14,1000.5,623,8,1000.4,1485,10,1001.0,9,1,1001.2,162,2,1001.3,429,3,1001.4,383,8,1001.5,1405,13
317,2025-11-26 10:58:03+05:30,1001.3,270,996.59,4182608,415580.0,450884.0,986.2,1002.7,981.3,986.2,120378000,1084.8,887.6,1102.5,649.1,1000.9,86,1,1000.8,672,8,1000.7,538,5,1000.6,732,12,1000.5,812,9,1001.3,96,1,1001.4,112,2,1001.5,595,9,1001.6,2332,15,1001.7,1500,17
317,2025-11-26 10:58:03+05:30,1001.3,185,996.59,4182608,415580.0,450884.0,986.2,1002.7,981.3,986.2,120378000,1084.8,887.6,1102.5,649.1,1000.9,86,1,1000.8,672,8,1000.7,538,5,1000.6,732,12,1000.5,812,9,1001.3,96,1,1001.4,112,2,1001.5,595,9,1001.6,2332,15,1001.7,1500,17
317,2025-11-26 10:58:04+05:30,1001.3,21,996.59,4182814,415725.0,451068.0,986.2,1002.7,981.3,986.2,120378000,1084.8,887.6,1102.5,649.1,1000.9,116,2,1000.8,708,9,1000.7,666,7,1000.6,732,12,1000.5,783,9,1001.3,75,1,1001.4,112,2,1001.5,499,8,1001.6,2336,16,1001.7,1344,19
317,2025-11-26 10:58:04+05:30,1001.3,21,996.59,4182814,415725.0,451068.0,986.2,1002.7,981.3,986.2,120378000,1084.8,887.6,1102.5,649.1,1000.9,116,2,1000.8,708,9,1000.7,666,7,1000.6,732,12,1000.5,783,9,1001.3,75,1,1001.4,112,2,1001.5,499,8,1001.6,2336,16,1001.7,1344,19
317,2025-11-26 10:58:05+05:30,1000.9,33,996.59,4183120,414771.0,453026.0,986.2,1002.7,981.3,986.2,120378000,1084.8,887.6,1102.5,649.1,1000.8,186,2,1000.7,243,3,1000.6,697,8,1000.5,608,13,1000.4,1484,13,1000.9,20,1,1001.3,87,1,1001.4,233,5,1001.5,998,10,1001.6,3498,17
317,2025-11-26 10:58:05+05:30,1000.9,33,996.59,4183120,414771.0,453026.0,986.2,1002.7,981.3,986.2,120378000,1084.8,887.6,1102.5,649.1,1000.8,186,2,1000.7,243,3,1000.6,697,8,1000.5,608,13,1000.4,1484,13,1000.9,20,1,1001.3,87,1,1001.4,233,5,1001.5,998,10,1001.6,3498,17
317,2025-11-26 10:58:06+05:30,1000.9,33,996.59,4183120,414771.0,452855.0,986.2,1002.7,981.3,986.2,120378000,1084.8,887.6,1102.5,649.1,1000.8,186,2,1000.7,243,3,1000.6,697,8,1000.5,608,13,1000.4,1484,13,1000.9,20,1,1001.3,87,1,1001.4,253,6,1001.5,998,10,1001.6,3498,17
317,2025-11-26 10:58:07+05:30,1001.4,463,996.59,4183890,412754.0,450675.0,986.2,1002.7,981.3,986.2,120378000,1084.8,887.6,1102.5,649.1,1000.9,87,1,1000.8,259,6,1000.7,625,6,1000.6,733,9,1000.5,677,12,1001.2,3,1,1001.3,147,2,1001.4,466,5,1001.5,546,10,1001.6,2800,18
317,2025-11-26 10:58:07+05:30,1001.4,463,996.59,4183890,412754.0,450675.0,986.2,1002.7,981.3,986.2,120378000,1084.8,887.6,1102.5,649.1,1000.9,87,1,1000.8,259,6,1000.7,625,6,1000.6,733,9,1000.5,677,12,1001.2,3,1,1001.3,147,2,1001.4,466,5,1001.5,546,10,1001.6,2800,18
317,2025-11-26 10:58:08+05:30,1000.9,1,996.59,4183914,413378.0,451299.0,986.2,1002.7,981.3,986.2,120378000,1084.8,887.6,1102.5,649.1,1001.2,19,1,1000.9,87,2,1000.8,258,6,1000.7,625,6,1000.6,852,9,1001.3,58,1,1001.4,458,6,1001.5,429,8,1001.6,2297,14,1001.7,1502,19
317,2025-11-26 10:58:08+05:30,1000.9,1,996.59,4183914,413378.0,451299.0,986.2,1002.7,981.3,986.2,120378000,1084.8,887.6,1102.5,649.1,1001.2,19,1,1000.9,87,2,1000.8,258,6,1000.7,625,6,1000.6,852,9,1001.3,58,1,1001.4,458,6,1001.5,429,8,1001.6,2297,14,1001.7,1502,19
317,2025-11-26 10:58:09+05:30,1001.4,17,996.59,4183914,413378.0,451299.0,986.2,1002.7,981.3,986.2,120378000,1084.8,887.6,1102.5,649.1,1001.2,19,1,1000.9,87,2,1000.8,258,6,1000.7,625,6,1000.6,852,9,1001.3,58,1,1001.4,458,6,1001.5,429,8,1001.6,2297,14,1001.7,1502,19
317,2025-11-26 10:58:10+05:30,1001.4,17,996.59,4184259,413744.0,450772.0,986.2,1002.7,981.3,986.2,120378000,1084.8,887.6,1102.5,649.1,1001.2,32,2,1001.0,65,3,1000.9,192,3,1000.8,585,6,1000.7,449,7,1001.4,175,3,1001.5,540,9,1001.6,2157,13,1001.7,1271,18,1001.8,450,8
317,2025-11-26 10:58:10+05:30,1001.2,71,996.59,4184259,413744.0,450772.0,986.2,1002.7,981.3,986.2,120378000,1084.8,887.6,1102.5,649.1,1001.2,32,2,1001.0,65,3,1000.9,192,3,1000.8,585,6,1000.7,449,7,1001.4,175,3,1001.5,540,9,1001.6,2157,13,1001.7,1271,18,1001.8,450,8
317,2025-11-26 10:58:11+05:30,1001.2,71,996.59,4184362,413140.0,452005.0,986.2,1002.7,981.3,986.2,120378000,1084.8,887.6,1102.5,649.1,1001.1,1,1,1001.0,35,2,1000.9,87,2,1000.8,111,3,1000.7,422,5,1001.2,96,1,1001.4,475,8,1001.5,488,8,1001.6,2231,12,1001.7,1247,17
317,2025-11-26 10:58:11+05:30,1000.7,63,996.59,4184362,413140.0,452005.0,986.2,1002.7,981.3,986.2,120378000,1084.8,887.6,1102.5,649.1,1001.1,1,1,1001.0,35,2,1000.9,87,2,1000.8,111,3,1000.7,422,5,1001.2,96,1,1001.4,475,8,1001.5,488,8,1001.6,2231,12,1001.7,1247,17
317,2025-11-26 10:58:12+05:30,1000.7,63,996.59,4184776,411768.0,452260.0,986.2,1002.7,981.3,986.2,120378000,1084.8,887.6,1102.5,649.1,1000.7,340,5,1000.6,633,10,1000.5,628,11,1000.4,827,9,1000.3,1385,10,1001.2,117,2,1001.3,186,6,1001.4,537,8,1001.5,1479,13,1001.6,2728,17
317,2025-11-26 10:58:12+05:30,1001.2,22,996.59,4184776,411768.0,452260.0,986.2,1002.7,981.3,986.2,120378000,1084.8,887.6,1102.5,649.1,1000.7,340,5,1000.6,633,10,1000.5,628,11,1000.4,827,9,1000.3,1385,10,1001.2,117,2,1001.3,186,6,1001.4,537,8,1001.5,1479,13,1001.6,2728,17
317,2025-11-26 10:58:13+05:30,1001.2,22,996.59,4184798,412113.0,452415.0,986.2,1002.7,981.3,986.2,120378000,1084.8,887.6,1102.5,649.1,1000.7,370,6,1000.6,633,10,1000.5,562,10,1000.4,827,9,1000.3,1385,10,1001.2,74,1,1001.3,186,6,1001.4,528,7,1001.5,1481,13,1001.6,2425,16
317,2025-11-26 10:58:13+05:30,1001.2,22,996.59,4184798,412113.0,452415.0,986.2,1002.7,981.3,986.2,120378000,1084.8,887.6,1102.5,649.1,1000.7,370,6,1000.6,633,10,1000.5,562,10,1000.4,827,9,1000.3,1385,10,1001.2,74,1,1001.3,186,6,1001.4,528,7,1001.5,1481,13,1001.6,2425,16
317,2025-11-26 10:58:13+05:30,1001.2,184,996.59,4184798,412113.0,452415.0,986.2,1002.7,981.3,986.2,120378000,1084.8,887.6,1102.5,649.1,1000.7,370,6,1000.6,633,10,1000.5,562,10,1000.4,827,9,1000.3,1385,10,1001.2,74,1,1001.3,186,6,1001.4,528,7,1001.5,1481,13,1001.6,2425,16
317,2025-11-26 10:58:14+05:30,1001.2,184,996.59,4185021,412607.0,452232.0,986.2,1002.7,981.3,986.2,120378000,1084.8,887.6,1102.5,649.1,1000.9,2,1,1000.8,69,2,1000.7,272,4,1000.6,627,8,1000.5,611,11,1001.2,96,1,1001.3,194,5,1001.4,249,4,1001.5,858,10,1001.6,2667,17
317,2025-11-26 10:58:14+05:30,1001.2,184,996.59,4185021,412607.0,452232.0,986.2,1002.7,981.3,986.2,120378000,1084.8,887.6,1102.5,649.1,1000.9,2,1,1000.8,69,2,1000.7,272,4,1000.6,627,8,1000.5,611,11,1001.2,96,1,1001.3,194,5,1001.4,249,4,1001.5,858,10,1001.6,2667,17
317,2025-11-26 10:58:14+05:30,1001.0,100,996.59,4185021,412607.0,452232.0,986.2,1002.7,981.3,986.2,120378000,1084.8,887.6,1102.5,649.1,1000.9,2,1,1000.8,69,2,1000.7,272,4,1000.6,627,8,1000.5,611,11,1001.2,96,1,1001.3,194,5,1001.4,249,4,1001.5,858,10,1001.6,2667,17
317,2025-11-26 10:58:15+05:30,1001.0,100,996.59,4185130,412802.0,453145.0,986.2,1002.7,981.3,986.2,120378000,1084.8,887.6,1102.5,649.1,1001.0,12,1,1000.9,2,1,1000.8,69,2,1000.7,340,5,1000.6,615,7,1001.2,291,2,1001.3,342,7,1001.4,402,7,1001.5,867,11,1001.6,2667,17
317,2025-11-26 10:58:15+05:30,1001.0,100,996.59,4185130,412802.0,453145.0,986.2,1002.7,981.3,986.2,120378000,1084.8,887.6,1102.5,649.1,1001.0,12,1,1000.9,2,1,1000.8,69,2,1000.7,340,5,1000.6,615,7,1001.2,291,2,1001.3,342,7,1001.4,402,7,1001.5,867,11,1001.6,2667,17
317,2025-11-26 10:58:15+05:30,1001.2,166,996.59,4185130,412802.0,453145.0,986.2,1002.7,981.3,986.2,120378000,1084.8,887.6,1102.5,649.1,1001.0,12,1,1000.9,2,1,1000.8,69,2,1000.7,340,5,1000.6,615,7,1001.2,291,2,1001.3,342,7,1001.4,402,7,1001.5,867,11,1001.6,2667,17
317,2025-11-26 10:58:16+05:30,1001.2,166,996.59,4185130,412802.0,453145.0,986.2,1002.7,981.3,986.2,120378000,1084.8,887.6,1102.5,649.1,1001.0,12,1,1000.9,2,1,1000.8,69,2,1000.7,340,5,1000.6,615,7,1001.2,291,2,1001.3,342,7,1001.4,402,7,1001.5,867,11,1001.6,2667,17
317,2025-11-26 10:58:16+05:30,1001.2,166,996.59,4185892,410874.0,452655.0,986.2,1002.7,981.3,986.2,120378000,1084.8,887.6,1102.5,649.1,1000.7,166,6,1000.6,421,5,1000.5,599,10,1000.4,847,15,1000.3,624,8,1001.2,38,1,1001.3,172,3,1001.4,609,10,1001.5,930,12,1001.6,3375,21
317,2025-11-26 10:58:16+05:30,1001.2,166,996.59,4185892,410874.0,452655.0,986.2,1002.7,981.3,986.2,120378000,1084.8,887.6,1102.5,649.1,1000.7,166,6,1000.6,421,5,1000.5,599,10,1000.4,847,15,1000.3,624,8,1001.2,38,1,1001.3,172,3,1001.4,609,10,1001.5,930,12,1001.6,3375,21
317,2025-11-26 10:58:16+05:30,1001.2,166,996.59,4185892,410874.0,452492.0,986.2,1002.7,981.3,986.2,120378000,1084.8,887.6,1102.5,649.1,1000.7,166,6,1000.6,421,5,1000.5,599,10,1000.4,847,15,1000.3,624,8,1001.2,38,1,1001.3,172,3,1001.4,630,11,1001.5,930,12,1001.6,3375,21
317,2025-11-26 10:58:17+05:30,1001.2,166,996.59,4185892,410874.0,452492.0,986.2,1002.7,981.3,986.2,120378000,1084.8,887.6,1102.5,649.1,1000.7,166,6,1000.6,421,5,1000.5,599,10,1000.4,847,15,1000.3,624,8,1001.2,38,1,1001.3,172,3,1001.4,630,11,1001.5,930,12,1001.6,3375,21
317,2025-11-26 10:58:17+05:30,1001.2,166,996.59,4185892,410874.0,452492.0,986.2,1002.7,981.3,986.2,120386250,1084.8,887.6,1102.5,649.1,1000.7,166,6,1000.6,421,5,1000.5,599,10,1000.4,847,15,1000.3,624,8,1001.2,38,1,1001.3,172,3,1001.4,630,11,1001.5,930,12,1001.6,3375,21
317,2025-11-26 10:58:17+05:30,1001.2,166,996.59,4185892,410865.0,452505.0,986.2,1002.7,981.3,986.2,120386250,1084.8,887.6,1102.5,649.1,1000.7,112,4,1000.6,372,4,1000.5,605,11,1000.4,837,14,1000.3,624,8,1001.2,38,1,1001.3,181,4,1001.4,610,11,1001.5,921,11,1001.6,3371,20
317,2025-11-26 10:58:18+05:30,1001.2,166,996.59,4185892,410865.0,452505.0,986.2,1002.7,981.3,986.2,120386250,1084.8,887.6,1102.5,649.1,1000.7,112,4,1000.6,372,4,1000.5,605,11,1000.4,837,14,1000.3,624,8,1001.2,38,1,1001.3,181,4,1001.4,610,11,1001.5,921,11,1001.6,3371,20
317,2025-11-26 10:58:18+05:30,1001.2,187,996.59,4186079,412079.0,452559.0,986.2,1002.7,981.3,986.2,120386250,1084.8,887.6,1102.5,649.1,1000.7,331,4,1000.6,365,5,1000.5,594,9,1000.4,826,13,1000.3,624,8,1001.2,204,1,1001.3,172,3,1001.4,1105,12,1001.5,947,13,1001.6,3354,19
317,2025-11-26 10:58:18+05:30,1001.2,187,996.59,4186079,412079.0,452559.0,986.2,1002.7,981.3,986.2,120386250,1084.8,887.6,1102.5,649.1,1000.7,331,4,1000.6,365,5,1000.5,594,9,1000.4,826,13,1000.3,624,8,1001.2,204,1,1001.3,172,3,1001.4,1105,12,1001.5,947,13,1001.6,3354,19
317,2025-11-26 10:58:20+05:30,1001.2,187,996.59,4186079,411905.0,454560.0,986.2,1002.7,981.3,986.2,120386250,1084.8,887.6,1102.5,649.1,1000.7,20,1,1000.6,271,2,1000.5,521,8,1000.4,826,13,1000.3,762,8,1001.1,111,2,1001.2,860,7,1001.3,249,5,1001.4,1169,14,1001.5,1333,14
317,2025-11-26 10:58:20+05:30,1001.0,4,996.59,4186079,411905.0,454560.0,986.2,1002.7,981.3,986.2,120386250,1084.8,887.6,1102.5,649.1,1000.7,20,1,1000.6,271,2,1000.5,521,8,1000.4,826,13,1000.3,762,8,1001.1,111,2,1001.2,860,7,1001.3,249,5,1001.4,1169,14,1001.5,1333,14
317,2025-11-26 10:58:21+05:30,1001.0,4,996.59,4187583,405266.0,454814.0,986.2,1002.7,981.3,986.2,120386250,1084.8,887.6,1102.5,649.1,1000.6,87,1,1000.5,411,4,1000.4,629,6,1000.3,466,5,1000.2,821,10,1001.0,63,1,1001.1,332,6,1001.2,1132,12,1001.3,602,8,1001.4,1916,13
317,2025-11-26 10:58:21+05:30,1001.0,30,996.59,4187583,405266.0,454814.0,986.2,1002.7,981.3,986.2,120386250,1084.8,887.6,1102.5,649.1,1000.6,87,1,1000.5,411,4,1000.4,629,6,1000.3,466,5,1000.2,821,10,1001.0,63,1,1001.1,332,6,1001.2,1132,12,1001.3,602,8,1001.4,1916,13
317,2025-11-26 10:58:22+05:30,1001.0,30,996.59,4187623,405410.0,454185.0,986.2,1002.7,981.3,986.2,120386250,1084.8,887.6,1102.5,649.1,1000.6,116,2,1000.5,645,6,1000.4,664,7,1000.3,466,5,1000.2,821,10,1001.0,23,1,1001.1,669,5,1001.2,1170,13,1001.3,665,11,1001.4,1852,11
317,2025-11-26 10:58:22+05:30,1001.0,1,996.59,4187623,405410.0,454185.0,986.2,1002.7,981.3,986.2,120386250,1084.8,887.6,1102.5,649.1,1000.6,116,2,1000.5,645,6,1000.4,664,7,1000.3,466,5,1000.2,821,10,1001.0,23,1,1001.1,669,5,1001.2,1170,13,1001.3,665,11,1001.4,1852,11
317,2025-11-26 10:58:23+05:30,1001.0,1,996.59,4187624,405618.0,454473.0,986.2,1002.7,981.3,986.2,120386250,1084.8,887.6,1102.5,649.1,1000.6,87,1,1000.5,613,5,1000.4,746,8,1000.3,560,8,1000.2,795,8,1001.0,22,1,1001.1,107,4,1001.2,1099,12,1001.3,665,11,1001.4,1852,11
317,2025-11-26 10:58:23+05:30,1000.7,5,996.59,4187624,405618.0,454473.0,986.2,1002.7,981.3,986.2,120386250,1084.8,887.6,1102.5,649.1,1000.6,87,1,1000.5,613,5,1000.4,746,8,1000.3,560,8,1000.2,795,8,1001.0,22,1,1001.1,107,4,1001.2,1099,12,1001.3,665,11,1001.4,1852,11
317,2025-11-26 10:58:24+05:30,1000.7,5,996.59,4187848,408263.0,454211.0,986.2,1002.7,981.3,986.2,120386250,1084.8,887.6,1102.5,649.1,1000.7,82,1,1000.6,547,4,1000.5,696,7,1000.4,804,11,1000.3,514,6,1001.1,22,1,1001.2,763,7,1001.3,424,5,1001.4,1853,11,1001.5,990,19
317,2025-11-26 10:58:24+05:30,1001.1,10,996.59,4187848,408263.0,454211.0,986.2,1002.7,981.3,986.2,120386250,1084.8,887.6,1102.5,649.1,1000.7,82,1,1000.6,547,4,1000.5,696,7,1000.4,804,11,1000.3,514,6,1001.1,22,1,1001.2,763,7,1001.3,424,5,1001.4,1853,11,1001.5,990,19
317,2025-11-26 10:58:25+05:30,1001.1,10,996.59,4187858,408285.0,454879.0,986.2,1002.7,981.3,986.2,120386250,1084.8,887.6,1102.5,649.1,1000.7,82,1,1000.6,547,4,1000.5,696,7,1000.4,804,11,1000.3,514,6,1001.1,12,1,1001.2,1120,9,1001.3,424,5,1001.4,1853,11,1001.5,1216,21
317,2025-11-26 10:58:25+05:30,1001.2,13,996.59,4187883,408518.0,454250.0,986.2,1002.7,981.3,986.2,120386250,1084.8,887.6,1102.5,649.1,1000.7,82,1,1000.6,547,4,1000.5,696,7,1000.4,804,11,1000.3,514,6,1001.2,898,7,1001.3,342,5,1001.4,1827,9,1001.5,1115,15,1001.6,2608,24
317,2025-11-26 10:58:25+05:30,1001.2,13,996.59,4187883,408518.0,454250.0,986.2,1002.7,981.3,986.2,120386250,1084.8,887.6,1102.5,649.1,1000.7,82,1,1000.6,547,4,1000.5,696,7,1000.4,804,11,1000.3,514,6,1001.2,898,7,1001.3,342,5,1001.4,1827,9,1001.5,1115,15,1001.6,2608,24
317,2025-11-26 10:58:26+05:30,1001.8,10,996.7,4274938,414222.0,433114.0,986.2,1002.7,981.3,986.2,120386250,1084.8,887.6,1102.5,649.1,1001.2,276,3,1001.1,581,7,1001.0,730,6,1000.9,985,9,1000.8,968,6,1001.6,66,1,1001.8,47,1,1001.9,187,2,1002.0,351,5,1002.1,392,7
317,2025-11-26 10:58:26+05:30,1001.8,10,996.7,4274938,414222.0,433114.0,986.2,1002.7,981.3,986.2,120386250,1084.8,887.6,1102.5,649.1,1001.2,276,3,1001.1,581,7,1001.0,730,6,1000.9,985,9,1000.8,968,6,1001.6,66,1,1001.8,47,1,1001.9,187,2,1002.0,351,5,1002.1,392,7
317,2025-11-26 10:58:27+05:30,1001.3,4,996.72,4291907,403040.0,441867.0,986.2,1002.7,981.3,986.2,120386250,1084.8,887.6,1102.5,649.1,1000.8,110,2,1000.7,203,4,1000.6,388,6,1000.5,427,3,1000.4,140,6,1001.3,108,3,1001.4,428,7,1001.5,1416,15,1001.6,1083,14,1001.7,663,7
317,2025-11-26 10:58:27+05:30,1001.3,4,996.72,4291907,403040.0,441867.0,986.2,1002.7,981.3,986.2,120386250,1084.8,887.6,1102.5,649.1,1000.8,110,2,1000.7,203,4,1000.6,388,6,1000.5,427,3,1000.4,140,6,1001.3,108,3,1001.4,428,7,1001.5,1416,15,1001.6,1083,14,1001.7,663,7
317,2025-11-26 10:58:28+05:30,1001.3,1,996.72,4291967,405088.0,443687.0,986.2,1002.7,981.3,986.2,120386250,1084.8,887.6,1102.5,649.1,1001.2,125,1,1001.0,1,1,1000.8,327,4,1000.7,156,3,1000.6,452,6,1001.3,1,1,1001.4,172,4,1001.5,639,11,1001.6,1175,11,1001.7,922,7
317,2025-11-26 10:58:28+05:30,1001.3,8,996.72,4291967,405088.0,443687.0,986.2,1002.7,981.3,986.2,120386250,1084.8,887.6,1102.5,649.1,1001.2,125,1,1001.0,1,1,1000.8,327,4,1000.7,156,3,1000.6,452,6,1001.3,1,1,1001.4,172,4,1001.5,639,11,1001.6,1175,11,1001.7,922,7
317,2025-11-26 10:58:29+05:30,1001.3,100,996.72,4295849,407758.0,445946.0,986.2,1002.7,981.3,986.2,120386250,1084.8,887.6,1102.5,649.1,1000.8,218,4,1000.7,363,5,1000.6,668,6,1000.5,659,6,1000.4,862,12,1001.3,192,2,1001.4,263,6,1001.5,1158,10,1001.6,830,12,1001.7,944,14
317,2025-11-26 10:58:29+05:30,1001.3,100,996.72,4295849,407758.0,445946.0,986.2,1002.7,981.3,986.2,120386250,1084.8,887.6,1102.5,649.1,1000.8,218,4,1000.7,363,5,1000.6,668,6,1000.5,659,6,1000.4,862,12,1001.3,192,2,1001.4,263,6,1001.5,1158,10,1001.6,830,12,1001.7,944,14
317,2025-11-26 10:58:30+05:30,1001.0,156,996.72,4297721,409167.0,444807.0,986.2,1002.7,981.3,986.2,120386250,1084.8,887.6,1102.5,649.1,1000.8,292,4,1000.7,438,8,1000.6,713,7,1000.5,461,7,1000.4,666,14,1001.3,41,2,1001.4,132,4,1001.5,418,6,1001.6,1112,7,1001.7,1032,12
317,2025-11-26 10:58:30+05:30,1001.0,156,996.72,4297721,409167.0,444807.0,986.2,1002.7,981.3,986.2,120386250,1084.8,887.6,1102.5,649.1,1000.8,292,4,1000.7,438,8,1000.6,713,7,1000.5,461,7,1000.4,666,14,1001.3,41,2,1001.4,132,4,1001.5,418,6,1001.6,1112,7,1001.7,1032,12
317,2025-11-26 10:58:31+05:30,1001.3,1,996.72,4297722,409043.0,444729.0,986.2,1002.7,981.3,986.2,120386250,1084.8,887.6,1102.5,649.1,1000.8,292,4,1000.7,438,8,1000.6,713,7,1000.5,665,8,1000.4,666,14,1001.3,65,3,1001.4,163,5,1001.5,418,6,1001.6,1175,9,1001.7,1019,11
317,2025-11-26 10:58:31+05:30,1001.3,1,996.72,4297722,409043.0,444729.0,986.2,1002.7,981.3,986.2,120386250,1084.8,887.6,1102.5,649.1,1000.8,292,4,1000.7,438,8,1000.6,713,7,1000.5,665,8,1000.4,666,14,1001.3,65,3,1001.4,163,5,1001.5,418,6,1001.6,1175,9,1001.7,1019,11
317,2025-11-26 10:58:32+05:30,1000.8,1,996.72,4297723,409403.0,444729.0,986.2,1002.7,981.3,986.2,120386250,1084.8,887.6,1102.5,649.1,1000.8,291,4,1000.7,438,8,1000.6,713,7,1000.5,665,8,1000.4,870,15,1001.3,65,3,1001.4,163,5,1001.5,418,6,1001.6,1175,9,1001.7,1032,12
317,2025-11-26 10:58:32+05:30,1000.8,1,996.72,4297723,409403.0,444729.0,986.2,1002.7,981.3,986.2,120386250,1084.8,887.6,1102.5,649.1,1000.8,291,4,1000.7,438,8,1000.6,713,7,1000.5,665,8,1000.4,870,15,1001.3,65,3,1001.4,163,5,1001.5,418,6,1001.6,1175,9,1001.7,1032,12
317,2025-11-26 10:58:33+05:30,1001.3,24,996.72,4297759,409466.0,445142.0,986.2,1002.7,981.3,986.2,120386250,1084.8,887.6,1102.5,649.1,1000.8,218,3,1000.7,430,7,1000.6,721,8,1000.5,665,8,1000.4,870,15,1001.3,413,4,1001.4,163,5,1001.5,453,7,1001.6,1224,10,1001.7,1032,12
317,2025-11-26 10:58:33+05:30,1001.3,68,996.72,4297759,409466.0,445142.0,986.2,1002.7,981.3,986.2,120386250,1084.8,887.6,1102.5,649.1,1000.8,218,3,1000.7,430,7,1000.6,721,8,1000.5,665,8,1000.4,870,15,1001.3,413,4,1001.4,163,5,1001.5,453,7,1001.6,1224,10,1001.7,1032,12
317,2025-11-26 10:58:34+05:30,1001.3,68,996.72,4297944,409504.0,444961.0,986.2,1002.7,981.3,986.2,120386250,1084.8,887.6,1102.5,649.1,1000.9,112,1,1000.8,218,3,1000.7,430,7,1000.6,721,8,1000.5,599,7,1001.3,340,3,1001.4,132,4,1001.5,406,6,1001.6,1211,9,1001.7,1032,12
317,2025-11-26 10:58:35+05:30,1000.9,2,996.72,4297944,409504.0,444961.0,986.2,1002.7,981.3,986.2,120386250,1084.8,887.6,1102.5,649.1,1000.9,112,1,1000.8,218,3,1000.7,430,7,1000.6,721,8,1000.5,599,7,1001.3,340,3,1001.4,132,4,1001.5,406,6,1001.6,1211,9,1001.7,1032,12
317,2025-11-26 10:58:35+05:30,1000.9,2,996.72,4297946,409567.0,445425.0,986.2,1002.7,981.3,986.2,120386250,1084.8,887.6,1102.5,649.1,1000.9,235,2,1000.8,80,1,1000.7,430,7,1000.6,721,8,1000.5,599,7,1001.3,586,6,1001.4,327,6,1001.5,406,6,1001.6,1211,9,1001.7,1032,12
317,2025-11-26 10:58:36+05:30,1000.9,2,996.72,4297946,409590.0,445425.0,986.2,1002.7,981.3,986.2,120386250,1084.8,887.6,1102.5,649.1,1000.9,235,2,1000.8,80,1,1000.7,430,7,1000.6,744,9,1000.5,599,7,1001.3,586,6,1001.4,327,6,1001.5,406,6,1001.6,1211,9,1001.7,1032,12
317,2025-11-26 10:58:37+05:30,1000.9,2,996.72,4297946,409639.0,445535.0,986.2,1002.7,981.3,986.2,120386250,1084.8,887.6,1102.5,649.1,1000.9,235,2,1000.8,152,2,1000.7,430,7,1000.6,721,8,1000.5,599,7,1001.3,687,6,1001.4,327,6,1001.5,406,6,1001.6,643,8,1001.7,1032,12
317,2025-11-26 10:58:38+05:30,1001.3,173,996.72,4297946,409639.0,445535.0,986.2,1002.7,981.3,986.2,120386250,1084.8,887.6,1102.5,649.1,1000.9,235,2,1000.8,152,2,1000.7,430,7,1000.6,721,8,1000.5,599,7,1001.3,687,6,1001.4,327,6,1001.5,406,6,1001.6,643,8,1001.7,1032,12
317,2025-11-26 10:58:38+05:30,1001.3,173,996.72,4298136,409625.0,445429.0,986.2,1002.7,981.3,986.2,120386250,1084.8,887.6,1102.5,649.1,1000.9,230,2,1000.8,335,4,1000.7,430,7,1000.6,721,8,1000.5,599,7,1001.3,502,5,1001.4,327,6,1001.5,406,6,1001.6,643,8,1001.7,1032,12
317,2025-11-26 10:58:39+05:30,1001.3,173,996.72,4298136,410430.0,445302.0,986.2,1002.7,981.3,986.2,120386250,1084.8,887.6,1102.5,649.1,1000.9,230,2,1000.8,201,3,1000.7,430,7,1000.6,721,8,1000.5,673,8,1001.3,417,4,1001.4,195,6,1001.5,491,7,1001.6,643,8,1001.7,1032,12
317,2025-11-26 10:58:39+05:30,1000.9,78,996.72,4298136,410430.0,445302.0,986.2,1002.7,981.3,986.2,120386250,1084.8,887.6,1102.5,649.1,1000.9,230,2,1000.8,201,3,1000.7,430,7,1000.6,721,8,1000.5,673,8,1001.3,417,4,1001.4,195,6,1001.5,491,7,1001.6,643,8,1001.7,1032,12
317,2025-11-26 10:58:40+05:30,1001.1,96,996.73,4299261,410450.0,446764.0,986.2,1002.7,981.3,986.2,120386250,1084.8,887.6,1102.5,649.1,1000.9,47,1,1000.8,140,2,1000.7,399,6,1000.6,721,8,1000.5,673,8,1001.1,12,1,1001.2,13,1,1001.3,417,4,1001.4,115,3,1001.5,698,6
317,2025-11-26 10:58:40+05:30,1001.1,96,996.73,4299261,410450.0,446764.0,986.2,1002.7,981.3,986.2,120386250,1084.8,887.6,1102.5,649.1,1000.9,47,1,1000.8,140,2,1000.7,399,6,1000.6,721,8,1000.5,673,8,1001.1,12,1,1001.2,13,1,1001.3,417,4,1001.4,115,3,1001.5,698,6
317,2025-11-26 10:58:41+05:30,1001.1,96,996.73,4299261,410407.0,447188.0,986.2,1002.7,981.3,986.2,120386250,1084.8,887.6,1102.5,649.1,1000.9,17,1,1000.8,118,2,1000.7,399,6,1000.6,721,8,1000.5,673,8,1001.1,12,1,1001.2,57,3,1001.3,747,8,1001.4,472,6,1001.5,864,6
317,2025-11-26 10:58:41+05:30,1001.3,165,996.73,4299261,410407.0,447188.0,986.2,1002.7,981.3,986.2,120386250,1084.8,887.6,1102.5,649.1,1000.9,17,1,1000.8,118,2,1000.7,399,6,1000.6,721,8,1000.5,673,8,1001.1,12,1,1001.2,57,3,1001.3,747,8,1001.4,472,6,1001.5,864,6
317,2025-11-26 10:58:42+05:30,1001.3,19,996.73,4300467,413349.0,443985.0,986.2,1002.7,981.3,986.2,120386250,1084.8,887.6,1102.5,649.1,1001.3,294,1,1001.1,2,1,1001.0,111,1,1000.9,436,5,1000.8,753,10,1001.4,14,2,1001.6,385,5,1001.7,719,12,1001.8,1205,9,1001.9,1779,14
317,2025-11-26 10:58:42+05:30,1001.3,19,996.73,4300467,413349.0,443985.0,986.2,1002.7,981.3,986.2,120386250,1084.8,887.6,1102.5,649.1,1001.3,294,1,1001.1,2,1,1001.0,111,1,1000.9,436,5,1000.8,753,10,1001.4,14,2,1001.6,385,5,1001.7,719,12,1001.8,1205,9,1001.9,1779,14
317,2025-11-26 10:58:43+05:30,1001.4,31,996.73,4300502,409712.0,444247.0,986.2,1002.7,981.3,986.2,120386250,1084.8,887.6,1102.5,649.1,1001.3,294,1,1001.1,163,3,1001.0,581,5,1000.9,613,7,1000.8,722,10,1001.4,10,1,1001.6,272,3,1001.7,667,11,1001.8,1205,9,1001.9,1561,14
317,2025-11-26 10:58:43+05:30,1001.4,69,996.73,4300502,409712.0,444247.0,986.2,1002.7,981.3,986.2,120386250,1084.8,887.6,1102.5,649.1,1001.3,294,1,1001.1,163,3,1001.0,581,5,1000.9,613,7,1000.8,722,10,1001.4,10,1,1001.6,272,3,1001.7,667,11,1001.8,1205,9,1001.9,1561,14
317,2025-11-26 10:58:44+05:30,1001.6,3,996.73,4300574,410793.0,443551.0,986.2,1002.7,981.3,986.2,120386250,1084.8,887.6,1102.5,649.1,1001.5,294,1,1001.4,19,1,1001.3,2,1,1001.2,3,1,1001.1,552,5,1001.6,244,3,1001.7,282,5,1001.8,1032,8,1001.9,1683,15,1002.0,1636,10
317,2025-11-26 10:58:44+05:30,1001.6,3,996.73,4300574,410793.0,443551.0,986.2,1002.7,981.3,986.2,120386250,1084.8,887.6,1102.5,649.1,1001.5,294,1,1001.4,19,1,1001.3,2,1,1001.2,3,1,1001.1,552,5,1001.6,244,3,1001.7,282,5,1001.8,1032,8,1001.9,1683,15,1002.0,1636,10
317,2025-11-26 10:58:45+05:30,1001.6,3,996.73,4300574,410667.0,443795.0,986.2,1002.7,981.3,986.2,120386250,1084.8,887.6,1102.5,649.1,1001.5,294,1,1001.4,19,1,1001.3,2,1,1001.2,3,1,1001.1,552,5,1001.6,375,4,1001.7,269,4,1001.8,1032,8,1001.9,1769,17,1002.0,1636,10
317,2025-11-26 10:58:45+05:30,1001.6,100,996.73,4300574,410667.0,443795.0,986.2,1002.7,981.3,986.2,120386250,1084.8,887.6,1102.5,649.1,1001.5,294,1,1001.4,19,1,1001.3,2,1,1001.2,3,1,1001.1,552,5,1001.6,375,4,1001.7,269,4,1001.8,1032,8,1001.9,1769,17,1002.0,1636,10
317,2025-11-26 10:58:46+05:30,1001.5,200,996.73,4300939,410262.0,443909.0,986.2,1002.7,981.3,986.2,120386250,1084.8,887.6,1102.5,649.1,1001.5,124,3,1001.1,350,5,1001.0,803,8,1000.9,641,7,1000.8,1944,12,1001.6,462,5,1001.7,544,9,1001.8,1191,8,1001.9,1919,18,1002.0,1435,10
317,2025-11-26 10:58:46+05:30,1001.5,200,996.73,4300939,410262.0,443909.0,986.2,1002.7,981.3,986.2,120386250,1084.8,887.6,1102.5,649.1,1001.5,124,3,1001.1,350,5,1001.0,803,8,1000.9,641,7,1000.8,1944,12,1001.6,462,5,1001.7,544,9,1001.8,1191,8,1001.9,1919,18,1002.0,1435,10
317,2025-11-26 10:58:47+05:30,1001.6,79,996.73,4301033,410461.0,444153.0,986.2,1002.7,981.3,986.2,120386250,1084.8,887.6,1102.5,649.1,1001.5,30,2,1001.1,271,4,1001.0,803,8,1000.9,683,8,1000.8,1944,12,1001.6,562,5,1001.7,544,9,1001.8,1291,9,1001.9,1921,19,1002.0,1435,10
317,2025-11-26 10:58:47+05:30,1001.6,79,996.73,4301033,410461.0,444153.0,986.2,1002.7,981.3,986.2,120386250,1084.8,887.6,1102.5,649.1,1001.5,30,2,1001.1,271,4,1001.0,803,8,1000.9,683,8,1000.8,1944,12,1001.6,562,5,1001.7,544,9,1001.8,1291,9,1001.9,1921,19,1002.0,1435,10
317,2025-11-26 10:58:48+05:30,1001.6,55,996.73,4301033,410461.0,444153.0,986.2,1002.7,981.3,986.2,120386250,1084.8,887.6,1102.5,649.1,1001.5,30,2,1001.1,271,4,1001.0,803,8,1000.9,683,8,1000.8,1944,12,1001.6,562,5,1001.7,544,9,1001.8,1291,9,1001.9,1921,19,1002.0,1435,10
317,2025-11-26 10:58:49+05:30,1001.6,55,996.73,4301219,410705.0,443967.0,986.2,1002.7,981.3,986.2,120386250,1084.8,887.6,1102.5,649.1,1001.5,30,2,1001.1,271,4,1001.0,803,8,1000.9,683,8,1000.8,1957,13,1001.6,376,4,1001.7,544,9,1001.8,1291,9,1001.9,1921,19,1002.0,1435,10
317,2025-11-26 10:58:49+05:30,1001.6,1,996.73,4301219,410705.0,443967.0,986.2,1002.7,981.3,986.2,120386250,1084.8,887.6,1102.5,649.1,1001.5,30,2,1001.1,271,4,1001.0,803,8,1000.9,683,8,1000.8,1957,13,1001.6,376,4,1001.7,544,9,1001.8,1291,9,1001.9,1921,19,1002.0,1435,10
317,2025-11-26 10:58:50+05:30,1001.5,80,996.73,4301400,410285.0,442766.0,986.2,1002.7,981.3,986.2,120386250,1084.8,887.6,1102.5,649.1,1001.1,80,1,1001.0,472,5,1000.9,795,9,1000.8,1297,12,1000.7,702,10,1001.5,16,1,1001.6,379,4,1001.7,601,9,1001.8,1363,11,1001.9,1991,20
317,2025-11-26 10:58:50+05:30,1001.5,80,996.73,4301400,410285.0,442766.0,986.2,1002.7,981.3,986.2,120386250,1084.8,887.6,1102.5,649.1,1001.1,80,1,1001.0,472,5,1000.9,795,9,1000.8,1297,12,1000.7,702,10,1001.5,16,1,1001.6,379,4,1001.7,601,9,1001.8,1363,11,1001.9,1991,20
317,2025-11-26 10:58:51+05:30,1001.5,1,996.73,4301401,409988.0,442795.0,986.2,1002.7,981.3,986.2,120386250,1084.8,887.6,1102.5,649.1,1001.1,80,1,1001.0,472,5,1000.9,798,10,1000.8,1227,11,1000.7,702,10,1001.5,15,1,1001.6,379,4,1001.7,601,9,1001.8,1363,11,1001.9,1991,20
317,2025-11-26 10:58:51+05:30,1001.5,1,996.73,4301401,409988.0,442795.0,986.2,1002.7,981.3,986.2,120386250,1084.8,887.6,1102.5,649.1,1001.1,80,1,1001.0,472,5,1000.9,798,10,1000.8,1227,11,1000.7,702,10,1001.5,15,1,1001.6,379,4,1001.7,601,9,1001.8,1363,11,1001.9,1991,20
317,2025-11-26 10:58:52+05:30,1001.5,1,996.73,4301401,410166.0,442795.0,986.2,1002.7,981.3,986.2,120386250,1084.8,887.6,1102.5,649.1,1001.1,80,1,1001.0,472,5,1000.9,756,9,1000.8,1250,12,1000.7,702,10,1001.5,15,1,1001.6,379,4,1001.7,601,9,1001.8,1363,11,1001.9,1991,20
317,2025-11-26 10:58:53+05:30,1001.5,1,996.73,4301401,410147.0,443528.0,986.2,1002.7,981.3,986.2,120386250,1084.8,887.6,1102.5,649.1,1001.1,80,1,1001.0,187,2,1000.9,739,8,1000.8,1185,8,1000.7,730,12,1001.5,67,3,1001.6,564,8,1001.7,604,10,1001.8,1613,12,1001.9,1471,16
317,2025-11-26 10:58:53+05:30,1001.5,5,996.73,4301401,410147.0,443528.0,986.2,1002.7,981.3,986.2,120386250,1084.8,887.6,1102.5,649.1,1001.1,80,1,1001.0,187,2,1000.9,739,8,1000.8,1185,8,1000.7,730,12,1001.5,67,3,1001.6,564,8,1001.7,604,10,1001.8,1613,12,1001.9,1471,16
317,2025-11-26 10:58:54+05:30,1001.5,5,996.73,4301585,416353.0,444033.0,986.2,1002.7,981.3,986.2,120386250,1084.8,887.6,1102.5,649.1,1001.2,112,1,1001.1,80,1,1001.0,991,4,1000.9,739,8,1000.8,1198,9,1001.5,127,2,1001.6,564,8,1001.7,604,10,1001.8,1363,11,1001.9,2026,19
317,2025-11-26 10:58:54+05:30,1001.5,1,996.73,4301585,416353.0,444033.0,986.2,1002.7,981.3,986.2,120386250,1084.8,887.6,1102.5,649.1,1001.2,112,1,1001.1,80,1,1001.0,991,4,1000.9,739,8,1000.8,1198,9,1001.5,127,2,1001.6,564,8,1001.7,604,10,1001.8,1363,11,1001.9,2026,19
317,2025-11-26 10:58:55+05:30,1001.2,96,996.73,4301801,415398.0,445697.0,986.2,1002.7,981.3,986.2,120386250,1084.8,887.6,1102.5,649.1,1001.0,649,3,1000.9,207,2,1000.8,1214,8,1000.7,708,12,1000.6,769,8,1001.2,96,1,1001.4,2,1,1001.5,526,5,1001.6,1281,11,1001.7,712,11
317,2025-11-26 10:58:55+05:30,1001.3,197,996.73,4301801,415398.0,445697.0,986.2,1002.7,981.3,986.2,120386250,1084.8,887.6,1102.5,649.1,1001.0,649,3,1000.9,207,2,1000.8,1214,8,1000.7,708,12,1000.6,769,8,1001.2,96,1,1001.4,2,1,1001.5,526,5,1001.6,1281,11,1001.7,712,11
317,2025-11-26 10:58:56+05:30,1001.1,1,996.73,4302552,416240.0,443959.0,986.2,1002.7,981.3,986.2,120386250,1084.8,887.6,1102.5,649.1,1001.1,1,1,1001.0,647,2,1000.9,312,2,1000.8,1075,6,1000.7,699,12,1001.4,50,2,1001.6,882,9,1001.7,729,11,1001.8,1286,10,1001.9,1729,13
317,2025-11-26 10:58:56+05:30,1001.5,81,996.73,4302552,416240.0,443959.0,986.2,1002.7,981.3,986.2,120386250,1084.8,887.6,1102.5,649.1,1001.1,1,1,1001.0,647,2,1000.9,312,2,1000.8,1075,6,1000.7,699,12,1001.4,50,2,1001.6,882,9,1001.7,729,11,1001.8,1286,10,1001.9,1729,13
317,2025-11-26 10:58:57+05:30,1001.8,100,996.73,4304768,421975.0,436280.0,986.2,1002.7,981.3,986.2,120386250,1084.8,887.6,1102.5,649.1,1001.8,21,1,1001.5,105,2,1001.4,460,3,1001.3,754,10,1001.2,713,10,1001.9,3,2,1002.0,52,2,1002.1,314,4,1002.2,1026,7,1002.3,603,9
317,2025-11-26 10:58:57+05:30,1001.7,131,996.73,4304768,421975.0,436280.0,986.2,1002.7,981.3,986.2,120386250,1084.8,887.6,1102.5,649.1,1001.8,21,1,1001.5,105,2,1001.4,460,3,1001.3,754,10,1001.2,713,10,1001.9,3,2,1002.0,52,2,1002.1,314,4,1002.2,1026,7,1002.3,603,9
317,2025-11-26 10:58:58+05:30,1001.7,131,996.73,4305030,420219.0,440421.0,986.2,1002.7,981.3,986.2,120386250,1084.8,887.6,1102.5,649.1,1001.5,2,1,1001.3,483,5,1001.2,721,8,1001.1,927,11,1001.0,1242,12,1001.7,38,1,1001.9,1000,7,1002.0,720,7,1002.1,903,9,1002.2,770,11
317,2025-11-26 10:58:58+05:30,1002.0,11,996.73,4305030,420219.0,440421.0,986.2,1002.7,981.3,986.2,120386250,1084.8,887.6,1102.5,649.1,1001.5,2,1,1001.3,483,5,1001.2,721,8,1001.1,927,11,1001.0,1242,12,1001.7,38,1,1001.9,1000,7,1002.0,720,7,1002.1,903,9,1002.2,770,11
317,2025-11-26 10:58:58+05:30,1002.0,11,996.73,4305358,423787.0,438471.0,986.2,1002.7,981.3,986.2,120386250,1084.8,887.6,1102.5,649.1,1002.0,8,1,1001.8,23,2,1001.7,268,3,1001.6,715,4,1001.5,773,7,1002.1,552,2,1002.2,588,7,1002.3,754,9,1002.4,976,14,1002.5,7291,23
317,2025-11-26 10:58:59+05:30,1002.0,18,996.73,4305358,423787.0,438471.0,986.2,1002.7,981.3,986.2,120386250,1084.8,887.6,1102.5,649.1,1002.0,8,1,1001.8,23,2,1001.7,268,3,1001.6,715,4,1001.5,773,7,1002.1,552,2,1002.2,588,7,1002.3,754,9,1002.4,976,14,1002.5,7291,23
317,2025-11-26 10:59:00+05:30,1002.0,156,996.73,4305532,421392.0,438369.0,986.2,1002.7,981.3,986.2,120386250,1084.8,887.6,1102.5,649.1,1001.6,87,1,1001.5,331,3,1001.4,550,5,1001.3,971,10,1001.2,691,11,1002.0,96,1,1002.1,749,4,1002.2,1009,11,1002.3,848,12,1002.4,1386,14
317,2025-11-26 10:59:00+05:30,1002.0,43,996.73,4305532,421392.0,438369.0,986.2,1002.7,981.3,986.2,120386250,1084.8,887.6,1102.5,649.1,1001.6,87,1,1001.5,331,3,1001.4,550,5,1001.3,971,10,1001.2,691,11,1002.0,96,1,1002.1,749,4,1002.2,1009,11,1002.3,848,12,1002.4,1386,14
317,2025-11-26 10:59:01+05:30,1002.0,43,996.73,4306583,421888.0,438956.0,986.2,1002.7,981.3,986.2,120386250,1084.8,887.6,1102.5,649.1,1002.0,82,1,1001.6,311,3,1001.5,285,3,1001.4,411,4,1001.3,1418,9,1002.1,322,4,1002.2,1532,13,1002.3,816,11,1002.4,750,14,1002.5,7044,20
317,2025-11-26 10:59:01+05:30,1002.0,125,996.73,4306583,421888.0,438956.0,986.2,1002.7,981.3,986.2,120386250,1084.8,887.6,1102.5,649.1,1002.0,82,1,1001.6,311,3,1001.5,285,3,1001.4,411,4,1001.3,1418,9,1002.1,322,4,1002.2,1532,13,1002.3,816,11,1002.4,750,14,1002.5,7044,20
317,2025-11-26 10:59:02+05:30,1002.0,125,996.73,4306915,422425.0,439253.0,986.2,1002.7,981.3,986.2,120386250,1084.8,887.6,1102.5,649.1,1002.0,125,1,1001.6,311,3,1001.5,355,5,1001.4,452,6,1001.3,774,8,1002.1,391,3,1002.2,1238,11,1002.3,1112,14,1002.4,1153,18,1002.5,7335,24
317,2025-11-26 10:59:02+05:30,1002.1,5,996.73,4306915,422425.0,439253.0,986.2,1002.7,981.3,986.2,120386250,1084.8,887.6,1102.5,649.1,1002.0,125,1,1001.6,311,3,1001.5,355,5,1001.4,452,6,1001.3,774,8,1002.1,391,3,1002.2,1238,11,1002.3,1112,14,1002.4,1153,18,1002.5,7335,24
317,2025-11-26 10:59:03+05:30,1002.1,5,996.74,4308050,419305.0,439793.0,986.2,1002.7,981.3,986.2,120386250,1084.8,887.6,1102.5,649.1,1002.0,158,3,1001.6,405,5,1001.5,612,7,1001.4,501,7,1001.3,1496,10,1002.1,630,4,1002.2,600,9,1002.3,1112,14,1002.4,1003,18,1002.5,6698,24
317,2025-11-26 10:59:03+05:30,1002.1,7,996.74,4308050,419305.0,439793.0,986.2,1002.7,981.3,986.2,120386250,1084.8,887.6,1102.5,649.1,1002.0,158,3,1001.6,405,5,1001.5,612,7,1001.4,501,7,1001.3,1496,10,1002.1,630,4,1002.2,600,9,1002.3,1112,14,1002.4,1003,18,1002.5,6698,24
317,2025-11-26 10:59:04+05:30,1002.1,7,996.74,4308242,419010.0,439134.0,986.2,1002.7,981.3,986.2,120386250,1084.8,887.6,1102.5,649.1,1002.0,158,3,1001.6,321,4,1001.5,485,7,1001.4,618,10,1001.3,1496,10,1002.1,646,6,1002.2,600,9,1002.3,1113,15,1002.4,990,17,1002.5,6698,24
317,2025-11-26 10:59:04+05:30,1002.1,217,996.74,4308242,419010.0,439134.0,986.2,1002.7,981.3,986.2,120386250,1084.8,887.6,1102.5,649.1,1002.0,158,3,1001.6,321,4,1001.5,485,7,1001.4,618,10,1001.3,1496,10,1002.1,646,6,1002.2,600,9,1002.3,1113,15,1002.4,990,17,1002.5,6698,24
317,2025-11-26 10:59:05+05:30,1002.0,1125,996.74,4309936,419192.0,439517.0,986.2,1002.7,981.3,986.2,120386250,1084.8,887.6,1102.5,649.1,1002.0,125,1,1001.6,470,4,1001.5,377,5,1001.4,618,10,1001.3,1496,10,1002.1,442,5,1002.2,461,7,1002.3,1573,14,1002.4,960,16,1002.5,6670,23
317,2025-11-26 10:59:05+05:30,1002.0,1125,996.74,4309936,419192.0,439517.0,986.2,1002.7,981.3,986.2,120386250,1084.8,887.6,1102.5,649.1,1002.0,125,1,1001.6,470,4,1001.5,377,5,1001.4,618,10,1001.3,1496,10,1002.1,442,5,1002.2,461,7,1002.3,1573,14,1002.4,960,16,1002.5,6670,23
317,2025-11-26 10:59:06+05:30,1002.0,1250,996.74,4311186,419710.0,439071.0,986.2,1002.7,981.3,986.2,120386250,1084.8,887.6,1102.5,649.1,1002.0,125,1,1001.9,18,1,1001.6,558,4,1001.5,373,5,1001.4,618,10,1002.1,711,6,1002.2,512,8,1002.3,1173,15,1002.4,1036,18,1002.5,6670,23
317,2025-11-26 10:59:06+05:30,1002.1,20,996.74,4311186,419710.0,439071.0,986.2,1002.7,981.3,986.2,120386250,1084.8,887.6,1102.5,649.1,1002.0,125,1,1001.9,18,1,1001.6,558,4,1001.5,373,5,1001.4,618,10,1002.1,711,6,1002.2,512,8,1002.3,1173,15,1002.4,1036,18,1002.5,6670,23
317,2025-11-26 10:59:07+05:30,1002.1,20,996.74,4311206,419571.0,439152.0,986.2,1002.7,981.3,986.2,120386250,1084.8,887.6,1102.5,649.1,1002.0,125,1,1001.9,18,1,1001.7,213,2,1001.6,558,4,1001.5,373,5,1002.1,967,7,1002.2,306,6,1002.3,1072,13,1002.4,1061,19,1002.5,6670,23
317,2025-11-26 10:59:08+05:30,1002.0,908,996.74,4312242,419134.0,440355.0,986.2,1002.7,981.3,986.2,120386250,1084.8,887.6,1102.5,649.1,1002.0,125,1,1001.9,18,1,1001.6,311,3,1001.5,373,5,1001.4,618,10,1002.1,1248,10,1002.2,370,7,1002.3,1057,12,1002.4,1061,19,1002.5,6670,23
317,2025-11-26 10:59:08+05:30,1002.1,54,996.74,4312242,419134.0,440355.0,986.2,1002.7,981.3,986.2,120386250,1084.8,887.6,1102.5,649.1,1002.0,125,1,1001.9,18,1,1001.6,311,3,1001.5,373,5,1001.4,618,10,1002.1,1248,10,1002.2,370,7,1002.3,1057,12,1002.4,1061,19,1002.5,6670,23
317,2025-11-26 10:59:09+05:30,1002.1,54,996.74,4312427,419147.0,439977.0,986.2,1002.7,981.3,986.2,120386250,1084.8,887.6,1102.5,649.1,1002.0,125,1,1001.9,18,1,1001.6,311,3,1001.5,465,7,1001.4,618,10,1002.1,979,7,1002.2,458,9,1002.3,1062,13,1002.4,1074,20,1002.5,6670,23
317,2025-11-26 10:59:10+05:30,1002.0,736,996.74,4313380,419045.0,439824.0,986.2,1002.7,981.3,986.2,120386250,1084.8,887.6,1102.5,649.1,1002.0,125,1,1001.9,18,1,1001.6,311,3,1001.5,337,5,1001.4,618,10,1002.1,979,7,1002.2,515,10,1002.3,1072,14,1002.4,1037,18,1002.5,6670,23
317,2025-11-26 10:59:10+05:30,1002.0,2,996.74,4313380,419045.0,439824.0,986.2,1002.7,981.3,986.2,120386250,1084.8,887.6,1102.5,649.1,1002.0,125,1,1001.9,18,1,1001.6,311,3,1001.5,337,5,1001.4,618,10,1002.1,979,7,1002.2,515,10,1002.3,1072,14,1002.4,1037,18,1002.5,6670,23
317,2025-11-26 10:59:11+05:30,1002.0,512,996.74,4313894,419132.0,440151.0,986.2,1002.7,981.3,986.2,120386250,1084.8,887.6,1102.5,649.1,1002.0,125,1,1001.9,18,1,1001.6,311,3,1001.5,337,5,1001.4,618,10,1002.1,979,7,1002.2,543,10,1002.3,1124,15,1002.4,1260,19,1002.5,6670,23
317,2025-11-26 10:59:11+05:30,1002.0,5,996.74,4313894,419132.0,440151.0,986.2,1002.7,981.3,986.2,120386250,1084.8,887.6,1102.5,649.1,1002.0,125,1,1001.9,18,1,1001.6,311,3,1001.5,337,5,1001.4,618,10,1002.1,979,7,1002.2,543,10,1002.3,1124,15,1002.4,1260,19,1002.5,6670,23
317,2025-11-26 10:59:12+05:30,1002.0,5,996.74,4313899,419128.0,440180.0,986.2,1002.7,981.3,986.2,120386250,1084.8,887.6,1102.5,649.1,1002.0,120,1,1001.9,18,1,1001.6,311,3,1001.5,337,5,1001.4,618,10,1002.1,979,7,1002.2,543,10,1002.3,1124,15,1002.4,1289,20,1002.5,6670,23
317,2025-11-26 10:59:13+05:30,1002.0,5,996.74,4313899,419440.0,439403.0,986.2,1002.7,981.3,986.2,120386250,1084.8,887.6,1102.5,649.1,1001.9,138,2,1001.7,202,1,1001.6,311,3,1001.5,337,5,1001.4,618,10,1002.1,1073,7,1002.2,402,8,1002.3,1101,15,1002.4,1092,18,1002.5,6583,19
317,2025-11-26 10:59:13+05:30,1002.1,31,996.74,4313899,419440.0,439403.0,986.2,1002.7,981.3,986.2,120386250,1084.8,887.6,1102.5,649.1,1001.9,138,2,1001.7,202,1,1001.6,311,3,1001.5,337,5,1001.4,618,10,1002.1,1073,7,1002.2,402,8,1002.3,1101,15,1002.4,1092,18,1002.5,6583,19
317,2025-11-26 10:59:14+05:30,1002.1,2,996.74,4314085,419555.0,439257.0,986.2,1002.7,981.3,986.2,120386250,1084.8,887.6,1102.5,649.1,1002.0,112,1,1001.9,138,2,1001.7,202,1,1001.6,311,3,1001.5,411,6,1002.1,1054,7,1002.2,327,7,1002.3,1103,15,1002.4,1038,17,1002.5,6583,19
317,2025-11-26 10:59:14+05:30,1002.1,2,996.74,4314085,419555.0,439257.0,986.2,1002.7,981.3,986.2,120386250,1084.8,887.6,1102.5,649.1,1002.0,112,1,1001.9,138,2,1001.7,202,1,1001.6,311,3,1001.5,411,6,1002.1,1054,7,1002.2,327,7,1002.3,1103,15,1002.4,1038,17,1002.5,6583,19
317,2025-11-26 10:59:15+05:30,1002.1,2,996.74,4314085,419555.0,439290.0,986.2,1002.7,981.3,986.2,120386250,1084.8,887.6,1102.5,649.1,1002.0,232,2,1001.9,18,1,1001.7,202,1,1001.6,311,3,1001.5,411,6,1002.1,1054,7,1002.2,327,7,1002.3,1051,14,1002.4,1112,19,1002.5,6584,20
317,2025-11-26 10:59:16+05:30,1002.1,2,996.74,4314085,419555.0,439580.0,986.2,1002.7,981.3,986.2,120386250,1084.8,887.6,1102.5,649.1,1002.0,232,2,1001.9,18,1,1001.7,426,2,1001.6,311,3,1001.5,411,6,1002.1,1316,9,1002.2,379,8,1002.3,1056,15,1002.4,1060,18,1002.5,6584,20
317,2025-11-26 10:59:16+05:30,1002.1,4,996.74,4314085,419555.0,439580.0,986.2,1002.7,981.3,986.2,120386250,1084.8,887.6,1102.5,649.1,1002.0,232,2,1001.9,18,1,1001.7,426,2,1001.6,311,3,1001.5,411,6,1002.1,1316,9,1002.2,379,8,1002.3,1056,15,1002.4,1060,18,1002.5,6584,20
317,2025-11-26 10:59:17+05:30,1002.1,4,996.74,4314285,419555.0,439990.0,986.2,1002.7,981.3,986.2,120386250,1084.8,887.6,1102.5,649.1,1002.0,232,2,1001.9,18,1,1001.7,426,2,1001.6,311,3,1001.5,411,6,1002.1,1135,9,1002.2,379,8,1002.3,1046,14,1002.4,1073,19,1002.5,6584,20
317,2025-11-26 10:59:18+05:30,1002.1,5,996.74,4314290,419554.0,439985.0,986.2,1002.7,981.3,986.2,120386250,1084.8,887.6,1102.5,649.1,1002.0,232,2,1001.9,18,1,1001.7,426,2,1001.6,311,3,1001.5,411,6,1002.1,1130,9,1002.2,379,8,1002.3,1046,14,1002.4,1073,19,1002.5,6584,20
317,2025-11-26 10:59:18+05:30,1002.1,186,996.74,4314290,419554.0,439985.0,986.2,1002.7,981.3,986.2,120386250,1084.8,887.6,1102.5,649.1,1002.0,232,2,1001.9,18,1,1001.7,426,2,1001.6,311,3,1001.5,411,6,1002.1,1130,9,1002.2,379,8,1002.3,1046,14,1002.4,1073,19,1002.5,6584,20
317,2025-11-26 10:59:19+05:30,1002.0,100,996.74,4314606,419479.0,439769.0,986.2,1002.7,981.3,986.2,120386250,1084.8,887.6,1102.5,649.1,1002.0,157,3,1001.9,18,1,1001.7,426,2,1001.6,388,4,1001.5,460,7,1002.1,914,9,1002.2,278,6,1002.3,1046,14,1002.4,1125,20,1002.5,6584,20
317,2025-11-26 10:59:19+05:30,1002.0,1,996.74,4314606,419479.0,439769.0,986.2,1002.7,981.3,986.2,120386250,1084.8,887.6,1102.5,649.1,1002.0,157,3,1001.9,18,1,1001.7,426,2,1001.6,388,4,1001.5,460,7,1002.1,914,9,1002.2,278,6,1002.3,1046,14,1002.4,1125,20,1002.5,6584,20
317,2025-11-26 10:59:20+05:30,1002.1,102,996.75,4315926,419484.0,439553.0,986.2,1002.7,981.3,986.2,120386250,1084.8,887.6,1102.5,649.1,1002.0,125,1,1001.9,18,1,1001.7,426,2,1001.6,388,4,1001.5,460,7,1002.1,804,10,1002.2,384,8,1002.3,1066,14,1002.4,938,17,1002.5,6584,20
317,2025-11-26 10:59:20+05:30,1002.1,102,996.75,4315926,419484.0,439553.0,986.2,1002.7,981.3,986.2,120386250,1084.8,887.6,1102.5,649.1,1002.0,125,1,1001.9,18,1,1001.7,426,2,1001.6,388,4,1001.5,460,7,1002.1,804,10,1002.2,384,8,1002.3,1066,14,1002.4,938,17,1002.5,6584,20
317,2025-11-26 10:59:21+05:30,1002.0,87,996.75,4316026,419869.0,438602.0,986.2,1002.7,981.3,986.2,120386250,1084.8,887.6,1102.5,649.1,1001.9,143,2,1001.7,426,2,1001.6,388,4,1001.5,643,8,1001.4,618,10,1002.1,1170,11,1002.2,396,7,1002.3,820,14,1002.4,906,15,1002.5,3622,20
317,2025-11-26 10:59:21+05:30,1002.0,87,996.75,4316026,419869.0,438602.0,986.2,1002.7,981.3,986.2,120386250,1084.8,887.6,1102.5,649.1,1001.9,143,2,1001.7,426,2,1001.6,388,4,1001.5,643,8,1001.4,618,10,1002.1,1170,11,1002.2,396,7,1002.3,820,14,1002.4,906,15,1002.5,3622,20
317,2025-11-26 10:59:22+05:30,1001.9,32,996.75,4316076,419847.0,438705.0,986.2,1002.7,981.3,986.2,120386250,1084.8,887.6,1102.5,649.1,1001.9,111,2,1001.7,426,2,1001.6,388,4,1001.5,643,8,1001.4,618,10,1002.1,1170,11,1002.2,396,7,1002.3,892,15,1002.4,912,16,1002.5,3622,20
317,2025-11-26 10:59:22+05:30,1001.9,2,996.75,4316076,419847.0,438705.0,986.2,1002.7,981.3,986.2,120386250,1084.8,887.6,1102.5,649.1,1001.9,111,2,1001.7,426,2,1001.6,388,4,1001.5,643,8,1001.4,618,10,1002.1,1170,11,1002.2,396,7,1002.3,892,15,1002.4,912,16,1002.5,3622,20
317,2025-11-26 10:59:23+05:30,1001.9,2,996.75,4316078,419845.0,438707.0,986.2,1002.7,981.3,986.2,120386250,1084.8,887.6,1102.5,649.1,1001.9,109,2,1001.7,426,2,1001.6,388,4,1001.5,643,8,1001.4,618,10,1002.1,1172,12,1002.2,396,7,1002.3,892,15,1002.4,912,16,1002.5,3622,20
317,2025-11-26 10:59:23+05:30,1002.1,68,996.75,4316078,419845.0,438707.0,986.2,1002.7,981.3,986.2,120386250,1084.8,887.6,1102.5,649.1,1001.9,109,2,1001.7,426,2,1001.6,388,4,1001.5,643,8,1001.4,618,10,1002.1,1172,12,1002.2,396,7,1002.3,892,15,1002.4,912,16,1002.5,3622,20
317,2025-11-26 10:59:24+05:30,1002.1,68,996.75,4316262,419566.0,439095.0,986.2,1002.7,981.3,986.2,120386250,1084.8,887.6,1102.5,649.1,1001.9,109,2,1001.6,311,3,1001.5,643,8,1001.4,618,10,1001.3,840,9,1002.0,28,1,1002.1,1703,16,1002.2,685,11,1002.3,1088,15,1002.4,809,15
317,2025-11-26 10:59:24+05:30,1002.0,28,996.75,4316262,419566.0,439095.0,986.2,1002.7,981.3,986.2,120386250,1084.8,887.6,1102.5,649.1,1001.9,109,2,1001.6,311,3,1001.5,643,8,1001.4,618,10,1001.3,840,9,1002.0,28,1,1002.1,1703,16,1002.2,685,11,1002.3,1088,15,1002.4,809,15
317,2025-11-26 10:59:25+05:30,1002.0,150,996.75,4316441,419666.0,439363.0,986.2,1002.7,981.3,986.2,120386250,1084.8,887.6,1102.5,649.1,1001.9,109,2,1001.6,311,3,1001.5,643,8,1001.4,618,10,1001.3,840,9,1002.0,28,1,1002.1,1578,14,1002.2,577,9,1002.3,1344,15,1002.4,1123,17
317,2025-11-26 10:59:25+05:30,1002.0,28,996.75,4316441,419666.0,439363.0,986.2,1002.7,981.3,986.2,120386250,1084.8,887.6,1102.5,649.1,1001.9,109,2,1001.6,311,3,1001.5,643,8,1001.4,618,10,1001.3,840,9,1002.0,28,1,1002.1,1578,14,1002.2,577,9,1002.3,1344,15,1002.4,1123,17
317,2025-11-26 10:59:26+05:30,1002.0,28,996.75,4316497,419884.0,439225.0,986.2,1002.7,981.3,986.2,120386250,1084.8,887.6,1102.5,649.1,1001.9,109,2,1001.6,498,5,1001.5,643,8,1001.4,618,10,1001.3,840,9,1002.0,28,1,1002.1,1578,14,1002.2,517,8,1002.3,1333,14,1002.4,819,15
317,2025-11-26 10:59:26+05:30,1002.0,28,996.75,4316497,419884.0,439225.0,986.2,1002.7,981.3,986.2,120386250,1084.8,887.6,1102.5,649.1,1001.9,109,2,1001.6,498,5,1001.5,643,8,1001.4,618,10,1001.3,840,9,1002.0,28,1,1002.1,1578,14,1002.2,517,8,1002.3,1333,14,1002.4,819,15
317,2025-11-26 10:59:27+05:30,1002.0,11,996.75,4316690,421139.0,439092.0,986.2,1002.7,981.3,986.2,120386250,1084.8,887.6,1102.5,649.1,1002.0,789,1,1001.9,109,2,1001.8,2,1,1001.7,579,4,1001.6,787,8,1002.1,1522,12,1002.2,155,4,1002.3,678,11,1002.4,813,14,1002.5,3699,21
317,2025-11-26 10:59:27+05:30,1002.0,11,996.75,4316690,421139.0,439092.0,986.2,1002.7,981.3,986.2,120386250,1084.8,887.6,1102.5,649.1,1002.0,789,1,1001.9,109,2,1001.8,2,1,1001.7,579,4,1001.6,787,8,1002.1,1522,12,1002.2,155,4,1002.3,678,11,1002.4,813,14,1002.5,3699,21
317,2025-11-26 10:59:28+05:30,1002.1,86,996.75,4316690,421139.0,439092.0,986.2,1002.7,981.3,986.2,120386250,1084.8,887.6,1102.5,649.1,1002.0,789,1,1001.9,109,2,1001.8,2,1,1001.7,579,4,1001.6,787,8,1002.1,1522,12,1002.2,155,4,1002.3,678,11,1002.4,813,14,1002.5,3699,21
317,2025-11-26 10:59:29+05:30,1002.1,86,996.75,4316875,421022.0,439292.0,986.2,1002.7,981.3,986.2,120386250,1084.8,887.6,1102.5,649.1,1002.0,789,1,1001.9,109,2,1001.8,2,1,1001.7,496,4,1001.6,647,7,1002.1,1589,12,1002.2,239,5,1002.3,726,11,1002.4,837,15,1002.5,3657,22
317,2025-11-26 10:59:29+05:30,1002.0,12,996.75,4316875,421022.0,439292.0,986.2,1002.7,981.3,986.2,120386250,1084.8,887.6,1102.5,649.1,1002.0,789,1,1001.9,109,2,1001.8,2,1,1001.7,496,4,1001.6,647,7,1002.1,1589,12,1002.2,239,5,1002.3,726,11,1002.4,837,15,1002.5,3657,22
317,2025-11-26 10:59:30+05:30,1002.0,12,996.75,4316972,420782.0,439293.0,986.2,1002.7,981.3,986.2,120386250,1084.8,887.6,1102.5,649.1,1002.0,783,2,1001.9,18,1,1001.8,2,1,1001.7,225,2,1001.6,647,7,1002.1,1589,12,1002.2,239,5,1002.3,728,12,1002.4,1087,16,1002.5,3401,20
317,2025-11-26 10:59:30+05:30,1002.1,50,996.75,4316972,420782.0,439293.0,986.2,1002.7,981.3,986.2,120386250,1084.8,887.6,1102.5,649.1,1002.0,783,2,1001.9,18,1,1001.8,2,1,1001.7,225,2,1001.6,647,7,1002.1,1589,12,1002.2,239,5,1002.3,728,12,1002.4,1087,16,1002.5,3401,20
317,2025-11-26 10:59:31+05:30,1002.2,10,996.75,4320004,420195.0,436690.0,986.2,1002.7,981.3,986.2,120386250,1084.8,887.6,1102.5,649.1,1002.1,40,1,1002.0,647,2,1001.9,18,1,1001.8,377,5,1001.7,591,6,1002.2,145,4,1002.3,68,6,1002.4,378,11,1002.5,3646,22,1002.6,1031,15
317,2025-11-26 10:59:31+05:30,1002.1,6,996.75,4320004,420195.0,436690.0,986.2,1002.7,981.3,986.2,120386250,1084.8,887.6,1102.5,649.1,1002.1,40,1,1002.0,647,2,1001.9,18,1,1001.8,377,5,1001.7,591,6,1002.2,145,4,1002.3,68,6,1002.4,378,11,1002.5,3646,22,1002.6,1031,15
317,2025-11-26 10:59:32+05:30,1002.1,6,996.75,4320010,422295.0,436690.0,986.2,1002.7,981.3,986.2,120386250,1084.8,887.6,1102.5,649.1,1002.1,34,1,1002.0,647,2,1001.9,162,2,1001.8,377,5,1001.7,591,6,1002.2,145,4,1002.3,68,6,1002.4,378,11,1002.5,3646,22,1002.6,1031,15
317,2025-11-26 10:59:32+05:30,1002.1,34,996.75,4320010,422295.0,436690.0,986.2,1002.7,981.3,986.2,120386250,1084.8,887.6,1102.5,649.1,1002.1,34,1,1002.0,647,2,1001.9,162,2,1001.8,377,5,1001.7,591,6,1002.2,145,4,1002.3,68,6,1002.4,378,11,1002.5,3646,22,1002.6,1031,15
317,2025-11-26 10:59:33+05:30,1002.1,34,996.75,4320044,421981.0,436906.0,986.2,1002.7,981.3,986.2,120386250,1084.8,887.6,1102.5,649.1,1002.0,647,2,1001.9,162,2,1001.8,375,4,1001.7,591,6,1001.6,678,8,1002.2,237,5,1002.3,194,8,1002.4,400,11,1002.5,3629,23,1002.6,978,15
317,2025-11-26 10:59:33+05:30,1002.2,41,996.75,4320044,421981.0,436906.0,986.2,1002.7,981.3,986.2,120386250,1084.8,887.6,1102.5,649.1,1002.0,647,2,1001.9,162,2,1001.8,375,4,1001.7,591,6,1001.6,678,8,1002.2,237,5,1002.3,194,8,1002.4,400,11,1002.5,3629,23,1002.6,978,15
317,2025-11-26 10:59:34+05:30,1002.2,41,996.75,4320230,422288.0,436827.0,986.2,1002.7,981.3,986.2,120386250,1084.8,887.6,1102.5,649.1,1002.0,522,1,1001.9,287,3,1001.8,375,4,1001.7,604,7,1001.6,678,8,1002.2,105,3,1002.3,68,6,1002.4,449,12,1002.5,3759,26,1002.6,978,15
317,2025-11-26 10:59:34+05:30,1002.1,2,996.75,4320230,422288.0,436827.0,986.2,1002.7,981.3,986.2,120386250,1084.8,887.6,1102.5,649.1,1002.0,522,1,1001.9,287,3,1001.8,375,4,1001.7,604,7,1001.6,678,8,1002.2,105,3,1002.3,68,6,1002.4,449,12,1002.5,3759,26,1002.6,978,15
317,2025-11-26 10:59:35+05:30,1002.1,2,996.75,4320232,422398.0,436686.0,986.2,1002.7,981.3,986.2,120386250,1084.8,887.6,1102.5,649.1,1002.1,110,1,1002.0,647,2,1001.9,162,2,1001.8,438,5,1001.7,604,7,1002.2,105,3,1002.3,68,6,1002.4,225,7,1002.5,3396,22,1002.6,1230,13
317,2025-11-26 10:59:36+05:30,1002.1,2,996.75,4320232,422398.0,437315.0,986.2,1002.7,981.3,986.2,120386250,1084.8,887.6,1102.5,649.1,1002.1,110,1,1002.0,647,2,1001.9,162,2,1001.8,438,5,1001.7,604,7,1002.2,105,3,1002.3,68,6,1002.4,728,8,1002.5,3726,26,1002.6,1026,15
317,2025-11-26 10:59:37+05:30,1002.1,2,996.75,4320232,422477.0,437390.0,986.2,1002.7,981.3,986.2,120386250,1084.8,887.6,1102.5,649.1,1002.1,110,1,1002.0,647,2,1001.9,162,2,1001.8,438,5,1001.7,604,7,1002.2,105,3,1002.3,67,5,1002.4,804,11,1002.5,3726,26,1002.6,1026,15
317,2025-11-26 10:59:38+05:30,1002.1,2,996.75,4320232,422518.0,437541.0,986.2,1002.7,981.3,986.2,120386250,1084.8,887.6,1102.5,649.1,1002.1,151,3,1002.0,647,2,1001.9,162,2,1001.8,438,5,1001.7,604,7,1002.2,105,3,1002.3,116,6,1002.4,804,11,1002.5,3673,26,1002.6,1117,18
317,2025-11-26 10:59:38+05:30,1002.2,80,996.75,4320232,422518.0,437541.0,986.2,1002.7,981.3,986.2,120386250,1084.8,887.6,1102.5,649.1,1002.1,151,3,1002.0,647,2,1001.9,162,2,1001.8,438,5,1001.7,604,7,1002.2,105,3,1002.3,116,6,1002.4,804,11,1002.5,3673,26,1002.6,1117,18
317,2025-11-26 10:59:39+05:30,1002.2,1,996.75,4320569,422072.0,436656.0,986.2,1002.7,981.3,986.2,120386250,1084.8,887.6,1102.5,649.1,1002.0,647,2,1001.9,162,2,1001.8,375,4,1001.7,667,8,1001.6,615,7,1002.2,16,2,1002.3,116,6,1002.4,1057,15,1002.5,3643,25,1002.6,1054,17
317,2025-11-26 10:59:39+05:30,1002.0,50,996.75,4320569,422072.0,436656.0,986.2,1002.7,981.3,986.2,120386250,1084.8,887.6,1102.5,649.1,1002.0,647,2,1001.9,162,2,1001.8,375,4,1001.7,667,8,1001.6,615,7,1002.2,16,2,1002.3,116,6,1002.4,1057,15,1002.5,3643,25,1002.6,1054,17
317,2025-11-26 10:59:40+05:30,1002.1,5,996.75,4320625,422007.0,437368.0,986.2,1002.7,981.3,986.2,120386250,1084.8,887.6,1102.5,649.1,1002.0,596,2,1001.9,18,1,1001.8,300,3,1001.7,527,6,1001.6,626,8,1002.1,121,2,1002.2,16,2,1002.3,345,9,1002.4,1007,15,1002.5,3643,25
317,2025-11-26 10:59:40+05:30,1002.1,5,996.75,4320625,422007.0,437368.0,986.2,1002.7,981.3,986.2,120386250,1084.8,887.6,1102.5,649.1,1002.0,596,2,1001.9,18,1,1001.8,300,3,1001.7,527,6,1001.6,626,8,1002.1,121,2,1002.2,16,2,1002.3,345,9,1002.4,1007,15,1002.5,3643,25
317,2025-11-26 10:59:41+05:30,1002.0,154,996.75,4322025,421846.0,436694.0,986.2,1002.7,981.3,986.2,120386250,1084.8,887.6,1102.5,649.1,1002.0,646,1,1001.9,143,2,1001.8,97,3,1001.7,605,7,1001.6,615,7,1002.1,96,1,1002.2,16,2,1002.3,231,7,1002.4,693,11,1002.5,2769,22
317,2025-11-26 10:59:41+05:30,1002.3,4,996.75,4322025,421846.0,436694.0,986.2,1002.7,981.3,986.2,120386250,1084.8,887.6,1102.5,649.1,1002.0,646,1,1001.9,143,2,1001.8,97,3,1001.7,605,7,1001.6,615,7,1002.1,96,1,1002.2,16,2,1002.3,231,7,1002.4,693,11,1002.5,2769,22
317,2025-11-26 10:59:42+05:30,1002.0,5069,996.76,4327894,422148.0,437799.0,986.2,1002.7,981.3,986.2,120386250,1084.8,887.6,1102.5,649.1,1002.0,800,1,1001.9,125,1,1001.8,13,2,1001.7,447,5,1001.6,812,9,1002.3,242,8,1002.4,960,15,1002.5,2937,24,1002.6,991,16,1002.7,1050,13
317,2025-11-26 10:59:42+05:30,1002.0,5069,996.76,4327894,422148.0,437799.0,986.2,1002.7,981.3,986.2,120386250,1084.8,887.6,1102.5,649.1,1002.0,800,1,1001.9,125,1,1001.8,13,2,1001.7,447,5,1001.6,812,9,1002.3,242,8,1002.4,960,15,1002.5,2937,24,1002.6,991,16,1002.7,1050,13
317,2025-11-26 10:59:43+05:30,1002.0,20,996.76,4327915,422429.0,438227.0,986.2,1002.7,981.3,986.2,120386250,1084.8,887.6,1102.5,649.1,1002.0,811,2,1001.9,125,1,1001.8,2,1,1001.7,458,6,1001.6,812,9,1002.3,410,10,1002.4,1152,16,1002.5,2994,25,1002.6,991,16,1002.7,1050,13
317,2025-11-26 10:59:43+05:30,1002.3,1,996.76,4327915,422429.0,438227.0,986.2,1002.7,981.3,986.2,120386250,1084.8,887.6,1102.5,649.1,1002.0,811,2,1001.9,125,1,1001.8,2,1,1001.7,458,6,1001.6,812,9,1002.3,410,10,1002.4,1152,16,1002.5,2994,25,1002.6,991,16,1002.7,1050,13
317,2025-11-26 10:59:44+05:30,1002.3,3,996.76,4328184,422399.0,437005.0,986.2,1002.7,981.3,986.2,120386250,1084.8,887.6,1102.5,649.1,1002.0,811,2,1001.9,125,1,1001.8,169,3,1001.7,496,6,1001.6,812,9,1002.2,3,1,1002.3,86,6,1002.4,701,15,1002.5,2761,24,1002.6,959,14
317,2025-11-26 10:59:44+05:30,1002.3,3,996.76,4328184,422399.0,437005.0,986.2,1002.7,981.3,986.2,120386250,1084.8,887.6,1102.5,649.1,1002.0,811,2,1001.9,125,1,1001.8,169,3,1001.7,496,6,1001.6,812,9,1002.2,3,1,1002.3,86,6,1002.4,701,15,1002.5,2761,24,1002.6,959,14
317,2025-11-26 10:59:45+05:30,1002.3,3,996.76,4328184,422401.0,438073.0,986.2,1002.7,981.3,986.2,120386250,1084.8,887.6,1102.5,649.1,1002.0,936,3,1001.8,160,2,1001.7,507,7,1001.6,812,9,1001.5,1058,15,1002.2,3,1,1002.3,341,7,1002.4,754,14,1002.5,3011,25,1002.6,959,14
317,2025-11-26 10:59:46+05:30,1002.0,2,996.76,4328186,422397.0,438724.0,986.2,1002.7,981.3,986.2,120386250,1084.8,887.6,1102.5,649.1,1002.0,934,3,1001.8,160,2,1001.7,540,9,1001.6,830,10,1001.5,997,11,1002.2,3,1,1002.3,341,7,1002.4,754,14,1002.5,3011,25,1002.6,959,14
317,2025-11-26 10:59:46+05:30,1002.0,2,996.76,4328186,422397.0,438724.0,986.2,1002.7,981.3,986.2,120386250,1084.8,887.6,1102.5,649.1,1002.0,934,3,1001.8,160,2,1001.7,540,9,1001.6,830,10,1001.5,997,11,1002.2,3,1,1002.3,341,7,1002.4,754,14,1002.5,3011,25,1002.6,959,14
317,2025-11-26 10:59:47+05:30,1002.0,223,996.76,4328409,421986.0,438577.0,986.2,1002.7,981.3,986.2,120386250,1084.8,887.6,1102.5,649.1,1002.0,710,3,1001.8,160,2,1001.7,568,11,1001.6,856,11,1001.5,997,11,1002.2,3,1,1002.3,458,9,1002.4,723,14,1002.5,3032,26,1002.6,959,14
317,2025-11-26 10:59:47+05:30,1002.0,223,996.76,4328409,421986.0,438577.0,986.2,1002.7,981.3,986.2,120386250,1084.8,887.6,1102.5,649.1,1002.0,710,3,1001.8,160,2,1001.7,568,11,1001.6,856,11,1001.5,997,11,1002.2,3,1,1002.3,458,9,1002.4,723,14,1002.5,3032,26,1002.6,959,14
317,2025-11-26 10:59:48+05:30,1002.0,223,996.76,4328409,421991.0,438579.0,986.2,1002.7,981.3,986.2,120386250,1084.8,887.6,1102.5,649.1,1002.0,710,3,1001.8,160,2,1001.7,568,11,1001.6,861,11,1001.5,997,11,1002.2,3,1,1002.3,458,9,1002.4,723,14,1002.5,3032,26,1002.6,959,14
317,2025-11-26 10:59:48+05:30,1002.2,3,996.76,4328409,421991.0,438579.0,986.2,1002.7,981.3,986.2,120386250,1084.8,887.6,1102.5,649.1,1002.0,710,3,1001.8,160,2,1001.7,568,11,1001.6,861,11,1001.5,997,11,1002.2,3,1,1002.3,458,9,1002.4,723,14,1002.5,3032,26,1002.6,959,14
317,2025-11-26 10:59:49+05:30,1002.2,3,996.76,4328412,422183.0,438649.0,986.2,1002.7,981.3,986.2,120386250,1084.8,887.6,1102.5,649.1,1002.2,16,1,1002.0,710,3,1001.8,275,3,1001.7,557,10,1001.6,830,10,1002.3,533,9,1002.4,610,13,1002.5,2926,24,1002.6,988,15,1002.7,865,13
317,2025-11-26 10:59:50+05:30,1002.2,183,996.76,4328595,421835.0,439252.0,986.2,1002.7,981.3,986.2,120386250,1084.8,887.6,1102.5,649.1,1002.0,710,3,1001.8,166,2,1001.7,635,11,1001.6,764,9,1001.5,1008,12,1002.2,96,1,1002.3,619,9,1002.4,844,17,1002.5,2936,25,1002.6,964,15
317,2025-11-26 10:59:50+05:30,1002.0,1,996.76,4328595,421835.0,439252.0,986.2,1002.7,981.3,986.2,120386250,1084.8,887.6,1102.5,649.1,1002.0,710,3,1001.8,166,2,1001.7,635,11,1001.6,764,9,1001.5,1008,12,1002.2,96,1,1002.3,619,9,1002.4,844,17,1002.5,2936,25,1002.6,964,15
317,2025-11-26 10:59:51+05:30,1002.0,1,996.76,4328596,421851.0,439252.0,986.2,1002.7,981.3,986.2,120386250,1084.8,887.6,1102.5,649.1,1002.0,709,3,1001.8,2,1,1001.7,535,10,1001.6,664,8,1001.5,1008,12,1002.2,96,1,1002.3,619,9,1002.4,844,17,1002.5,2936,25,1002.6,964,15
317,2025-11-26 10:59:52+05:30,1002.2,1,996.76,4328597,421936.0,439301.0,986.2,1002.7,981.3,986.2,120386250,1084.8,887.6,1102.5,649.1,1002.0,709,3,1001.8,166,2,1001.7,457,9,1001.6,664,8,1001.5,1008,12,1002.2,95,1,1002.3,619,9,1002.4,1367,19,1002.5,2985,26,1002.6,964,15
317,2025-11-26 10:59:52+05:30,1002.2,1,996.76,4328597,421936.0,439301.0,986.2,1002.7,981.3,986.2,120386250,1084.8,887.6,1102.5,649.1,1002.0,709,3,1001.8,166,2,1001.7,457,9,1001.6,664,8,1001.5,1008,12,1002.2,95,1,1002.3,619,9,1002.4,1367,19,1002.5,2985,26,1002.6,964,15
317,2025-11-26 10:59:53+05:30,1002.0,4,996.76,4328601,423154.0,439320.0,986.2,1002.7,981.3,986.2,120386250,1084.8,887.6,1102.5,649.1,1002.0,705,3,1001.8,166,2,1001.7,457,9,1001.6,664,8,1001.5,1008,12,1002.2,95,1,1002.3,559,8,1002.4,1367,19,1002.5,2985,26,1002.6,964,15
317,2025-11-26 10:59:53+05:30,1002.2,184,996.76,4328601,423154.0,439320.0,986.2,1002.7,981.3,986.2,120386250,1084.8,887.6,1102.5,649.1,1002.0,705,3,1001.8,166,2,1001.7,457,9,1001.6,664,8,1001.5,1008,12,1002.2,95,1,1002.3,559,8,1002.4,1367,19,1002.5,2985,26,1002.6,964,15
317,2025-11-26 10:59:54+05:30,1002.2,184,996.76,4328785,420188.0,439631.0,986.2,1002.7,981.3,986.2,120386250,1084.8,887.6,1102.5,649.1,1002.1,112,1,1002.0,705,3,1001.8,147,3,1001.7,535,10,1001.6,664,8,1002.2,96,1,1002.3,559,8,1002.4,1222,16,1002.5,3170,28,1002.6,964,15
317,2025-11-26 10:59:55+05:30,1002.1,83,996.76,4328993,420378.0,439520.0,986.2,1002.7,981.3,986.2,120386250,1084.8,887.6,1102.5,649.1,1002.0,715,4,1001.8,270,3,1001.7,426,9,1001.6,664,8,1001.5,997,11,1002.1,96,1,1002.3,559,8,1002.4,1200,12,1002.5,2946,24,1002.6,958,14
317,2025-11-26 10:59:55+05:30,1002.1,83,996.76,4328993,420378.0,439520.0,986.2,1002.7,981.3,986.2,120386250,1084.8,887.6,1102.5,649.1,1002.0,715,4,1001.8,270,3,1001.7,426,9,1001.6,664,8,1001.5,997,11,1002.1,96,1,1002.3,559,8,1002.4,1200,12,1002.5,2946,24,1002.6,958,14
317,2025-11-26 10:59:56+05:30,1002.1,30,996.76,4329370,421633.0,437635.0,986.2,1002.7,981.3,986.2,120386250,1084.8,887.6,1102.5,649.1,1002.2,720,1,1002.0,684,3,1001.8,354,4,1001.7,632,11,1001.6,683,9,1002.3,557,7,1002.4,500,11,1002.5,2643,22,1002.6,1129,13,1002.7,733,11
317,2025-11-26 10:59:56+05:30,1002.1,30,996.76,4329370,421633.0,437635.0,986.2,1002.7,981.3,986.2,120386250,1084.8,887.6,1102.5,649.1,1002.2,720,1,1002.0,684,3,1001.8,354,4,1001.7,632,11,1001.6,683,9,1002.3,557,7,1002.4,500,11,1002.5,2643,22,1002.6,1129,13,1002.7,733,11
317,2025-11-26 10:59:57+05:30,1002.1,30,996.76,4329370,406405.0,437858.0,986.2,1002.7,981.3,986.2,120386250,1084.8,887.6,1102.5,649.1,1002.2,920,2,1002.0,684,3,1001.8,464,5,1001.7,632,11,1001.6,1338,10,1002.3,700,8,1002.4,292,9,1002.5,2572,21,1002.6,1062,12,1002.7,733,11
317,2025-11-26 10:59:58+05:30,1002.3,169,996.76,4329555,406122.0,436277.0,986.2,1002.7,981.3,986.2,120386250,1084.8,887.6,1102.5,649.1,1002.2,920,2,1002.0,684,3,1001.8,485,6,1001.7,632,11,1001.6,1439,11,1002.3,615,8,1002.4,196,8,1002.5,2668,22,1002.6,1086,13,1002.7,733,11
317,2025-11-26 10:59:58+05:30,1002.3,169,996.76,4329555,406122.0,436277.0,986.2,1002.7,981.3,986.2,120386250,1084.8,887.6,1102.5,649.1,1002.2,920,2,1002.0,684,3,1001.8,485,6,1001.7,632,11,1001.6,1439,11,1002.3,615,8,1002.4,196,8,1002.5,2668,22,1002.6,1086,13,1002.7,733,11
317,2025-11-26 10:59:59+05:30,1002.6,3,996.76,4329555,406122.0,436277.0,986.2,1002.7,981.3,986.2,120386250,1084.8,887.6,1102.5,649.1,1002.2,920,2,1002.0,684,3,1001.8,485,6,1001.7,632,11,1001.6,1439,11,1002.3,615,8,1002.4,196,8,1002.5,2668,22,1002.6,1086,13,1002.7,733,11
317,2025-11-26 11:00:00+05:30,1002.6,3,996.77,4334624,410159.0,425926.0,986.2,1002.7,981.3,986.2,120386250,1084.8,887.6,1102.5,649.1,1002.6,632,1,1002.5,21,1,1002.4,148,4,1002.3,616,7,1002.2,984,8,1002.7,36,3,1002.8,522,4,1002.9,1767,12,1003.0,8699,43,1003.1,1337,12
317,2025-11-26 11:00:00+05:30,1002.3,8,996.77,4334624,410159.0,425926.0,986.2,1002.7,981.3,986.2,120386250,1084.8,887.6,1102.5,649.1,1002.6,632,1,1002.5,21,1,1002.4,148,4,1002.3,616,7,1002.2,984,8,1002.7,36,3,1002.8,522,4,1002.9,1767,12,1003.0,8699,43,1003.1,1337,12
317,2025-11-26 11:00:01+05:30,1002.3,8,996.77,4335586,409760.0,426774.0,986.2,1002.7,981.3,986.2,120386250,1084.8,887.6,1102.5,649.1,1002.3,219,4,1002.2,943,9,1002.1,551,6,1002.0,1682,17,1001.9,678,8,1002.7,36,3,1002.8,635,5,1002.9,2246,15,1003.0,8424,41,1003.1,1475,14
317,2025-11-26 11:00:02+05:30,1003.5,10,996.79,4352665,433638.0,426033.0,986.2,1003.6,981.3,986.2,120386250,1084.8,887.6,1102.5,649.1,1003.2,81,2,1003.1,150,2,1003.0,288,2,1002.9,190,2,1002.8,612,8,1003.5,86,4,1003.6,271,7,1003.7,1362,8,1003.8,1024,6,1003.9,1842,16
317,2025-11-26 11:00:02+05:30,1002.9,8,996.79,4352665,433638.0,426033.0,986.2,1003.6,981.3,986.2,120386250,1084.8,887.6,1102.5,649.1,1003.2,81,2,1003.1,150,2,1003.0,288,2,1002.9,190,2,1002.8,612,8,1003.5,86,4,1003.6,271,7,1003.7,1362,8,1003.8,1024,6,1003.9,1842,16
317,2025-11-26 11:00:03+05:30,1002.8,6,996.8,4355382,430298.0,434929.0,986.2,1003.6,981.3,986.2,120386250,1084.8,887.6,1102.5,649.1,1002.9,92,1,1002.8,466,5,1002.7,406,9,1002.6,609,7,1002.5,816,7,1003.3,134,2,1003.4,616,5,1003.5,964,9,1003.6,870,8,1003.7,1236,11
317,2025-11-26 11:00:03+05:30,1003.3,51,996.8,4355382,430298.0,434929.0,986.2,1003.6,981.3,986.2,120386250,1084.8,887.6,1102.5,649.1,1002.9,92,1,1002.8,466,5,1002.7,406,9,1002.6,609,7,1002.5,816,7,1003.3,134,2,1003.4,616,5,1003.5,964,9,1003.6,870,8,1003.7,1236,11
317,2025-11-26 11:00:04+05:30,1003.3,51,996.8,4355567,430322.0,435479.0,986.2,1003.6,981.3,986.2,120386250,1084.8,887.6,1102.5,649.1,1002.9,92,1,1002.8,552,6,1002.7,393,8,1002.6,609,7,1002.5,829,8,1003.3,423,3,1003.4,805,7,1003.5,1103,10,1003.6,884,10,1003.7,1061,11
317,2025-11-26 11:00:05+05:30,1003.3,51,996.8,4355567,430358.0,436484.0,986.2,1003.6,981.3,986.2,120386250,1084.8,887.6,1102.5,649.1,1002.9,33,2,1002.8,135,2,1002.7,462,5,1002.6,545,6,1002.5,827,9,1003.3,247,2,1003.4,782,7,1003.5,810,8,1003.6,958,15,1003.7,1246,15
317,2025-11-26 11:00:06+05:30,1003.3,277,996.8,4357317,429938.0,436570.0,986.2,1003.6,981.3,986.2,120386250,1084.8,887.6,1102.5,649.1,1002.9,33,2,1002.8,148,3,1002.7,702,8,1002.6,687,7,1002.5,1078,10,1003.3,190,3,1003.4,337,4,1003.5,594,7,1003.6,1128,13,1003.7,742,9
317,2025-11-26 11:00:06+05:30,1003.3,277,996.8,4357317,429938.0,436570.0,986.2,1003.6,981.3,986.2,120386250,1084.8,887.6,1102.5,649.1,1002.9,33,2,1002.8,148,3,1002.7,702,8,1002.6,687,7,1002.5,1078,10,1003.3,190,3,1003.4,337,4,1003.5,594,7,1003.6,1128,13,1003.7,742,9
317,2025-11-26 11:00:07+05:30,1003.3,1,996.8,4357319,433172.0,437328.0,986.2,1003.6,981.3,986.2,120386250,1084.8,887.6,1102.5,649.1,1002.9,32,2,1002.8,13,1,1002.7,739,8,1002.6,485,6,1002.5,876,9,1003.3,410,5,1003.4,646,6,1003.5,692,9,1003.6,1195,15,1003.7,702,15
317,2025-11-26 11:00:07+05:30,1003.3,1,996.8,4357319,433172.0,437328.0,986.2,1003.6,981.3,986.2,120386250,1084.8,887.6,1102.5,649.1,1002.9,32,2,1002.8,13,1,1002.7,739,8,1002.6,485,6,1002.5,876,9,1003.3,410,5,1003.4,646,6,1003.5,692,9,1003.6,1195,15,1003.7,702,15
317,2025-11-26 11:00:08+05:30,1003.3,50,996.8,4357369,433144.0,437544.0,986.2,1003.6,981.3,986.2,120386250,1084.8,887.6,1102.5,649.1,1002.9,32,2,1002.8,99,2,1002.7,653,7,1002.6,485,6,1002.5,876,9,1003.3,581,6,1003.4,646,6,1003.5,692,9,1003.6,1208,16,1003.7,689,14
317,2025-11-26 11:00:08+05:30,1003.3,125,996.8,4357369,433144.0,437544.0,986.2,1003.6,981.3,986.2,120386250,1084.8,887.6,1102.5,649.1,1002.9,32,2,1002.8,99,2,1002.7,653,7,1002.6,485,6,1002.5,876,9,1003.3,581,6,1003.4,646,6,1003.5,692,9,1003.6,1208,16,1003.7,689,14
317,2025-11-26 11:00:09+05:30,1003.3,125,996.8,4357854,433208.0,437700.0,986.2,1003.6,981.3,986.2,120386250,1084.8,887.6,1102.5,649.1,1002.9,32,2,1002.8,99,2,1002.7,702,8,1002.6,563,7,1002.5,876,9,1003.3,535,3,1003.4,579,5,1003.5,628,8,1003.6,1220,17,1003.7,852,11
317,2025-11-26 11:00:09+05:30,1003.3,50,996.8,4357854,433208.0,437700.0,986.2,1003.6,981.3,986.2,120386250,1084.8,887.6,1102.5,649.1,1002.9,32,2,1002.8,99,2,1002.7,702,8,1002.6,563,7,1002.5,876,9,1003.3,535,3,1003.4,579,5,1003.5,628,8,1003.6,1220,17,1003.7,852,11
317,2025-11-26 11:00:10+05:30,1003.1,665,996.8,4358897,436661.0,436749.0,986.2,1003.6,981.3,986.2,120386250,1084.8,887.6,1102.5,649.1,1003.2,750,1,1003.0,125,2,1002.9,45,3,1002.8,727,9,1002.7,1021,10,1003.3,445,3,1003.4,339,3,1003.5,640,8,1003.6,729,13,1003.7,846,11
317,2025-11-26 11:00:10+05:30,1003.1,665,996.8,4358897,436661.0,436749.0,986.2,1003.6,981.3,986.2,120386250,1084.8,887.6,1102.5,649.1,1003.2,750,1,1003.0,125,2,1002.9,45,3,1002.8,727,9,1002.7,1021,10,1003.3,445,3,1003.4,339,3,1003.5,640,8,1003.6,729,13,1003.7,846,11
317,2025-11-26 11:00:11+05:30,1003.5,10,996.81,4359806,436220.0,435107.0,986.2,1003.6,981.3,986.2,120386250,1084.8,887.6,1102.5,649.1,1003.2,814,3,1003.0,310,4,1002.9,251,4,1002.8,832,13,1002.7,957,10,1003.5,93,2,1003.6,458,11,1003.7,1401,13,1003.8,1738,11,1003.9,2198,19
317,2025-11-26 11:00:11+05:30,1003.2,36,996.81,4359806,436220.0,435107.0,986.2,1003.6,981.3,986.2,120386250,1084.8,887.6,1102.5,649.1,1003.2,814,3,1003.0,310,4,1002.9,251,4,1002.8,832,13,1002.7,957,10,1003.5,93,2,1003.6,458,11,1003.7,1401,13,1003.8,1738,11,1003.9,2198,19
317,2025-11-26 11:00:12+05:30,1003.2,36,996.81,4359842,436004.0,435313.0,986.2,1003.6,981.3,986.2,120386250,1084.8,887.6,1102.5,649.1,1003.2,791,4,1003.0,310,4,1002.9,238,3,1002.8,832,13,1002.7,957,10,1003.5,94,3,1003.6,550,12,1003.7,1401,13,1003.8,1738,11,1003.9,2198,19
317,2025-11-26 11:00:13+05:30,1003.2,36,996.81,4359842,436031.0,435443.0,986.2,1003.6,981.3,986.2,120386250,1084.8,887.6,1102.5,649.1,1003.2,791,4,1003.0,310,4,1002.9,238,3,1002.8,832,13,1002.7,957,10,1003.5,104,4,1003.6,670,13,1003.7,1401,13,1003.8,1738,11,1003.9,2198,19
317,2025-11-26 11:00:13+05:30,1003.7,10,996.81,4359842,436031.0,435443.0,986.2,1003.6,981.3,986.2,120386250,1084.8,887.6,1102.5,649.1,1003.2,791,4,1003.0,310,4,1002.9,238,3,1002.8,832,13,1002.7,957,10,1003.5,104,4,1003.6,670,13,1003.7,1401,13,1003.8,1738,11,1003.9,2198,19
317,2025-11-26 11:00:14+05:30,1003.8,108,996.81,4361022,437778.0,434262.0,986.2,1003.9,981.3,986.2,120386250,1084.8,887.6,1102.5,649.1,1003.7,112,1,1003.5,19,1,1003.4,202,1,1003.3,350,4,1003.2,590,7,1003.9,2216,17,1004.0,4213,41,1004.1,793,10,1004.2,1697,11,1004.3,1762,10
317,2025-11-26 11:00:14+05:30,1003.9,46,996.81,4361022,437778.0,434262.0,986.2,1003.9,981.3,986.2,120386250,1084.8,887.6,1102.5,649.1,1003.7,112,1,1003.5,19,1,1003.4,202,1,1003.3,350,4,1003.2,590,7,1003.9,2216,17,1004.0,4213,41,1004.1,793,10,1004.2,1697,11,1004.3,1762,10
317,2025-11-26 11:00:15+05:30,1003.9,3,996.81,4361239,437439.0,435062.0,986.2,1003.9,981.3,986.2,120386250,1084.8,887.6,1102.5,649.1,1003.7,112,1,1003.5,219,2,1003.3,301,3,1003.2,590,7,1003.1,744,7,1003.9,2365,16,1004.0,4352,41,1004.1,988,10,1004.2,1697,11,1004.3,1661,10
317,2025-11-26 11:00:15+05:30,1003.9,146,996.81,4361239,437439.0,435062.0,986.2,1003.9,981.3,986.2,120386250,1084.8,887.6,1102.5,649.1,1003.7,112,1,1003.5,219,2,1003.3,301,3,1003.2,590,7,1003.1,744,7,1003.9,2365,16,1004.0,4352,41,1004.1,988,10,1004.2,1697,11,1004.3,1661,10
317,2025-11-26 11:00:16+05:30,1003.9,146,996.81,4361403,437238.0,435078.0,986.2,1003.9,981.3,986.2,120386250,1084.8,887.6,1102.5,649.1,1003.7,125,2,1003.5,200,1,1003.3,301,3,1003.2,577,6,1003.1,810,8,1003.9,2201,12,1004.0,4524,38,1004.1,804,13,1004.2,1697,11,1004.3,1661,10
317,2025-11-26 11:00:17+05:30,1003.9,146,996.81,4361403,437287.0,434986.0,986.2,1003.9,981.3,986.2,120386250,1084.8,887.6,1102.5,649.1,1003.7,125,2,1003.5,200,1,1003.3,323,3,1003.2,669,12,1003.1,823,9,1003.9,1715,7,1004.0,4644,39,1004.1,817,14,1004.2,1697,11,1004.3,1661,10
317,2025-11-26 11:00:18+05:30,1003.9,146,996.81,4361403,437287.0,435558.0,986.2,1003.9,981.3,986.2,120386250,1084.8,887.6,1102.5,649.1,1003.7,125,2,1003.5,200,1,1003.3,323,3,1003.2,669,12,1003.1,823,9,1003.9,2379,12,1004.0,4524,38,1004.1,817,14,1004.2,1697,11,1004.3,1661,10
317,2025-11-26 11:00:18+05:30,1003.9,186,996.81,4361403,437287.0,435558.0,986.2,1003.9,981.3,986.2,120386250,1084.8,887.6,1102.5,649.1,1003.7,125,2,1003.5,200,1,1003.3,323,3,1003.2,669,12,1003.1,823,9,1003.9,2379,12,1004.0,4524,38,1004.1,817,14,1004.2,1697,11,1004.3,1661,10
317,2025-11-26 11:00:19+05:30,1003.7,2,996.81,4361403,437287.0,435558.0,986.2,1003.9,981.3,986.2,120386250,1084.8,887.6,1102.5,649.1,1003.7,125,2,1003.5,200,1,1003.3,323,3,1003.2,669,12,1003.1,823,9,1003.9,2379,12,1004.0,4524,38,1004.1,817,14,1004.2,1697,11,1004.3,1661,10
317,2025-11-26 11:00:20+05:30,1003.7,2,996.81,4361591,437071.0,435323.0,986.2,1003.9,981.3,986.2,120386250,1084.8,887.6,1102.5,649.1,1003.7,123,2,1003.5,200,1,1003.3,99,2,1003.2,669,12,1003.1,823,9,1003.9,2024,10,1004.0,4644,39,1004.1,817,14,1004.2,1697,11,1004.3,1661,10
317,2025-11-26 11:00:21+05:30,1003.7,2,996.81,4361591,437181.0,435582.0,986.2,1003.9,981.3,986.2,120386250,1084.8,887.6,1102.5,649.1,1003.7,123,2,1003.5,200,1,1003.3,323,3,1003.2,556,11,1003.1,823,9,1003.8,96,1,1003.9,2246,13,1004.0,4524,38,1004.1,817,14,1004.2,1697,11
317,2025-11-26 11:00:21+05:30,1003.8,50,996.81,4361591,437181.0,435582.0,986.2,1003.9,981.3,986.2,120386250,1084.8,887.6,1102.5,649.1,1003.7,123,2,1003.5,200,1,1003.3,323,3,1003.2,556,11,1003.1,823,9,1003.8,96,1,1003.9,2246,13,1004.0,4524,38,1004.1,817,14,1004.2,1697,11
317,2025-11-26 11:00:22+05:30,1003.8,50,996.81,4361647,437068.0,435548.0,986.2,1003.9,981.3,986.2,120386250,1084.8,887.6,1102.5,649.1,1003.7,117,2,1003.5,200,1,1003.3,99,2,1003.2,464,5,1003.1,810,8,1003.8,46,1,1003.9,2386,14,1004.0,4332,37,1004.1,817,14,1004.2,1697,11
317,2025-11-26 11:00:22+05:30,1003.9,94,996.81,4361647,437068.0,435548.0,986.2,1003.9,981.3,986.2,120386250,1084.8,887.6,1102.5,649.1,1003.7,117,2,1003.5,200,1,1003.3,99,2,1003.2,464,5,1003.1,810,8,1003.8,46,1,1003.9,2386,14,1004.0,4332,37,1004.1,817,14,1004.2,1697,11
317,2025-11-26 11:00:23+05:30,1003.9,94,996.81,4362902,437795.0,434570.0,986.2,1003.9,981.3,986.2,120386250,1084.8,887.6,1102.5,649.1,1003.7,117,2,1003.6,157,2,1003.5,200,1,1003.3,619,5,1003.2,911,18,1003.9,1305,10,1004.0,4593,38,1004.1,817,14,1004.2,1688,11,1004.3,1659,10
317,2025-11-26 11:00:23+05:30,1003.9,184,996.81,4362902,437795.0,434570.0,986.2,1003.9,981.3,986.2,120386250,1084.8,887.6,1102.5,649.1,1003.7,117,2,1003.6,157,2,1003.5,200,1,1003.3,619,5,1003.2,911,18,1003.9,1305,10,1004.0,4593,38,1004.1,817,14,1004.2,1688,11,1004.3,1659,10
317,2025-11-26 11:00:24+05:30,1003.9,21,996.81,4363240,437820.0,434281.0,986.2,1003.9,981.3,986.2,120386250,1084.8,887.6,1102.5,649.1,1003.7,26,2,1003.6,33,1,1003.5,200,1,1003.4,202,1,1003.3,493,4,1003.9,967,9,1004.0,4642,39,1004.1,817,14,1004.2,1688,11,1004.3,1659,10
317,2025-11-26 11:00:24+05:30,1003.7,11,996.81,4363240,437820.0,434281.0,986.2,1003.9,981.3,986.2,120386250,1084.8,887.6,1102.5,649.1,1003.7,26,2,1003.6,33,1,1003.5,200,1,1003.4,202,1,1003.3,493,4,1003.9,967,9,1004.0,4642,39,1004.1,817,14,1004.2,1688,11,1004.3,1659,10
317,2025-11-26 11:00:25+05:30,1003.7,11,996.81,4363251,437781.0,434242.0,986.2,1003.9,981.3,986.2,120386250,1084.8,887.6,1102.5,649.1,1003.7,46,3,1003.6,33,1,1003.5,200,1,1003.4,202,1,1003.3,493,4,1003.8,10,1,1003.9,967,9,1004.0,4593,38,1004.1,817,14,1004.2,1688,11
317,2025-11-26 11:00:25+05:30,1003.8,1,996.81,4363251,437781.0,434242.0,986.2,1003.9,981.3,986.2,120386250,1084.8,887.6,1102.5,649.1,1003.7,46,3,1003.6,33,1,1003.5,200,1,1003.4,202,1,1003.3,493,4,1003.8,10,1,1003.9,967,9,1004.0,4593,38,1004.1,817,14,1004.2,1688,11
317,2025-11-26 11:00:26+05:30,1003.8,4,996.81,4363356,440127.0,435248.0,986.2,1003.9,981.3,986.2,120386250,1084.8,887.6,1102.5,649.1,1003.7,31,1,1003.6,33,1,1003.5,447,2,1003.4,426,2,1003.3,493,4,1003.8,5,1,1003.9,703,7,1004.0,4092,34,1004.1,768,13,1004.2,1938,12
317,2025-11-26 11:00:26+05:30,1003.7,1,996.81,4363356,440127.0,435248.0,986.2,1003.9,981.3,986.2,120386250,1084.8,887.6,1102.5,649.1,1003.7,31,1,1003.6,33,1,1003.5,447,2,1003.4,426,2,1003.3,493,4,1003.8,5,1,1003.9,703,7,1004.0,4092,34,1004.1,768,13,1004.2,1938,12
317,2025-11-26 11:00:27+05:30,1003.9,158,996.81,4363835,439826.0,434825.0,986.2,1003.9,981.3,986.2,120386250,1084.8,887.6,1102.5,649.1,1003.6,33,1,1003.3,516,4,1003.2,1042,18,1003.1,823,9,1003.0,1091,10,1003.9,867,9,1004.0,4217,36,1004.1,817,14,1004.2,1688,11,1004.3,1909,11
317,2025-11-26 11:00:27+05:30,1003.9,158,996.81,4363835,439826.0,434825.0,986.2,1003.9,981.3,986.2,120386250,1084.8,887.6,1102.5,649.1,1003.6,33,1,1003.3,516,4,1003.2,1042,18,1003.1,823,9,1003.0,1091,10,1003.9,867,9,1004.0,4217,36,1004.1,817,14,1004.2,1688,11,1004.3,1909,11
317,2025-11-26 11:00:28+05:30,1003.9,158,996.81,4363835,435881.0,435342.0,986.2,1003.9,981.3,986.2,120386250,1084.8,887.6,1102.5,649.1,1003.6,33,1,1003.3,740,5,1003.2,916,17,1003.1,949,10,1003.0,1091,10,1003.9,1266,14,1004.0,4140,36,1004.1,817,14,1004.2,1938,12,1004.3,1659,10
317,2025-11-26 11:00:28+05:30,1003.9,41,996.81,4363835,435881.0,435342.0,986.2,1003.9,981.3,986.2,120386250,1084.8,887.6,1102.5,649.1,1003.6,33,1,1003.3,740,5,1003.2,916,17,1003.1,949,10,1003.0,1091,10,1003.9,1266,14,1004.0,4140,36,1004.1,817,14,1004.2,1938,12,1004.3,1659,10
317,2025-11-26 11:00:29+05:30,1003.9,1,996.81,4364021,436332.0,435647.0,986.2,1003.9,981.3,986.2,120386250,1084.8,887.6,1102.5,649.1,1003.6,33,1,1003.4,462,3,1003.3,533,5,1003.2,796,13,1003.1,949,10,1003.9,1610,12,1004.0,4454,36,1004.1,676,7,1004.2,1711,12,1004.3,1636,9
317,2025-11-26 11:00:29+05:30,1003.6,1,996.81,4364021,436332.0,435647.0,986.2,1003.9,981.3,986.2,120386250,1084.8,887.6,1102.5,649.1,1003.6,33,1,1003.4,462,3,1003.3,533,5,1003.2,796,13,1003.1,949,10,1003.9,1610,12,1004.0,4454,36,1004.1,676,7,1004.2,1711,12,1004.3,1636,9
317,2025-11-26 11:00:30+05:30,1003.6,8,996.81,4364030,436292.0,436447.0,986.2,1003.9,981.3,986.2,120386250,1084.8,887.6,1102.5,649.1,1003.6,24,1,1003.4,329,2,1003.3,986,9,1003.2,780,13,1003.1,823,8,1003.7,96,1,1003.9,1718,13,1004.0,4328,35,1004.1,738,9,1004.2,1837,13
317,2025-11-26 11:00:30+05:30,1003.6,1,996.81,4364030,436292.0,436447.0,986.2,1003.9,981.3,986.2,120386250,1084.8,887.6,1102.5,649.1,1003.6,24,1,1003.4,329,2,1003.3,986,9,1003.2,780,13,1003.1,823,8,1003.7,96,1,1003.9,1718,13,1004.0,4328,35,1004.1,738,9,1004.2,1837,13
317,2025-11-26 11:00:31+05:30,1003.6,1,996.81,4364031,435479.0,435021.0,986.2,1003.9,981.3,986.2,120386250,1084.8,887.6,1102.5,649.1,1003.6,23,1,1003.4,377,5,1003.3,972,8,1003.2,718,9,1003.1,823,8,1003.7,96,1,1003.9,1592,12,1004.0,4433,36,1004.1,738,9,1004.2,1850,14
317,2025-11-26 11:00:31+05:30,1003.6,4,996.81,4364031,435479.0,435021.0,986.2,1003.9,981.3,986.2,120386250,1084.8,887.6,1102.5,649.1,1003.6,23,1,1003.4,377,5,1003.3,972,8,1003.2,718,9,1003.1,823,8,1003.7,96,1,1003.9,1592,12,1004.0,4433,36,1004.1,738,9,1004.2,1850,14
317,2025-11-26 11:00:32+05:30,1003.9,1,996.81,4365149,436147.0,435076.0,986.2,1003.9,981.3,986.2,120386250,1084.8,887.6,1102.5,649.1,1003.6,144,2,1003.4,377,5,1003.3,1021,10,1003.2,767,10,1003.1,929,9,1003.9,1492,10,1004.0,4384,35,1004.1,858,10,1004.2,1658,12,1004.3,1412,13
317,2025-11-26 11:00:32+05:30,1003.9,61,996.81,4365149,436147.0,435076.0,986.2,1003.9,981.3,986.2,120386250,1084.8,887.6,1102.5,649.1,1003.6,144,2,1003.4,377,5,1003.3,1021,10,1003.2,767,10,1003.1,929,9,1003.9,1492,10,1004.0,4384,35,1004.1,858,10,1004.2,1658,12,1004.3,1412,13
317,2025-11-26 11:00:33+05:30,1003.9,4,996.82,4367211,436138.0,433262.0,986.2,1003.9,981.3,986.2,120386250,1084.8,887.6,1102.5,649.1,1003.6,144,2,1003.5,120,1,1003.4,601,6,1003.3,1097,11,1003.2,767,10,1003.9,73,5,1004.0,3656,31,1004.1,607,7,1004.2,1672,12,1004.3,984,13
317,2025-11-26 11:00:33+05:30,1003.9,28,996.82,4367211,436138.0,433262.0,986.2,1003.9,981.3,986.2,120386250,1084.8,887.6,1102.5,649.1,1003.6,144,2,1003.5,120,1,1003.4,601,6,1003.3,1097,11,1003.2,767,10,1003.9,73,5,1004.0,3656,31,1004.1,607,7,1004.2,1672,12,1004.3,984,13
317,2025-11-26 11:00:34+05:30,1003.8,344,996.82,4367971,435772.0,434984.0,986.2,1004.0,981.3,986.2,120386250,1084.8,887.6,1102.5,649.1,1003.5,655,6,1003.4,814,6,1003.3,1074,16,1003.2,694,8,1003.1,637,8,1004.0,3397,28,1004.1,616,9,1004.2,962,10,1004.3,866,13,1004.4,7003,15
317,2025-11-26 11:00:34+05:30,1004.0,20,996.82,4367971,435772.0,434984.0,986.2,1004.0,981.3,986.2,120386250,1084.8,887.6,1102.5,649.1,1003.5,655,6,1003.4,814,6,1003.3,1074,16,1003.2,694,8,1003.1,637,8,1004.0,3397,28,1004.1,616,9,1004.2,962,10,1004.3,866,13,1004.4,7003,15
317,2025-11-26 11:00:35+05:30,1003.9,189,996.82,4368180,435381.0,435376.0,986.2,1004.0,981.3,986.2,120386250,1084.8,887.6,1102.5,649.1,1003.6,93,2,1003.5,562,6,1003.4,488,4,1003.3,1001,15,1003.2,692,8,1004.0,3363,31,1004.1,615,8,1004.2,950,10,1004.3,940,15,1004.4,7034,16
317,2025-11-26 11:00:35+05:30,1004.0,1,996.82,4368180,435381.0,435376.0,986.2,1004.0,981.3,986.2,120386250,1084.8,887.6,1102.5,649.1,1003.6,93,2,1003.5,562,6,1003.4,488,4,1003.3,1001,15,1003.2,692,8,1004.0,3363,31,1004.1,615,8,1004.2,950,10,1004.3,940,15,1004.4,7034,16
317,2025-11-26 11:00:36+05:30,1003.6,10,996.82,4371553,435307.0,431556.0,986.2,1004.0,981.3,986.2,120386250,1084.8,887.6,1102.5,649.1,1003.6,328,3,1003.5,317,4,1003.4,488,4,1003.3,952,14,1003.2,747,10,1004.0,116,3,1004.1,1230,8,1004.2,671,9,1004.3,1323,14,1004.4,6300,13
317,2025-11-26 11:00:36+05:30,1003.6,10,996.82,4371553,435307.0,431556.0,986.2,1004.0,981.3,986.2,120386250,1084.8,887.6,1102.5,649.1,1003.6,328,3,1003.5,317,4,1003.4,488,4,1003.3,952,14,1003.2,747,10,1004.0,116,3,1004.1,1230,8,1004.2,671,9,1004.3,1323,14,1004.4,6300,13
317,2025-11-26 11:00:37+05:30,1004.0,15,996.82,4371669,435451.0,432833.0,986.2,1004.0,981.3,986.2,120386250,1084.8,887.6,1102.5,649.1,1003.6,208,2,1003.5,437,5,1003.4,390,3,1003.3,830,13,1003.2,869,11,1004.0,333,4,1004.1,1111,9,1004.2,808,10,1004.3,1383,15,1004.4,7011,15
317,2025-11-26 11:00:37+05:30,1004.0,278,996.82,4371669,435451.0,432833.0,986.2,1004.0,981.3,986.2,120386250,1084.8,887.6,1102.5,649.1,1003.6,208,2,1003.5,437,5,1003.4,390,3,1003.3,830,13,1003.2,869,11,1004.0,333,4,1004.1,1111,9,1004.2,808,10,1004.3,1383,15,1004.4,7011,15
317,2025-11-26 11:00:38+05:30,1004.0,278,996.83,4372002,435451.0,433167.0,986.2,1004.0,981.3,986.2,120386250,1084.8,887.6,1102.5,649.1,1003.6,208,2,1003.5,437,5,1003.4,390,3,1003.3,830,13,1003.2,869,11,1004.0,1404,8,1004.1,1111,9,1004.2,808,10,1004.3,1327,15,1004.4,6990,14
317,2025-11-26 11:00:38+05:30,1004.0,185,996.83,4372002,435451.0,433167.0,986.2,1004.0,981.3,986.2,120386250,1084.8,887.6,1102.5,649.1,1003.6,208,2,1003.5,437,5,1003.4,390,3,1003.3,830,13,1003.2,869,11,1004.0,1404,8,1004.1,1111,9,1004.2,808,10,1004.3,1327,15,1004.4,6990,14
317,2025-11-26 11:00:39+05:30,1004.0,93,996.83,4373542,433248.0,431537.0,986.2,1004.0,981.3,986.2,120386250,1084.8,887.6,1102.5,649.1,1003.6,209,3,1003.5,437,5,1003.4,390,3,1003.3,965,16,1003.2,1041,12,1004.0,310,3,1004.1,1230,8,1004.2,622,8,1004.3,1320,14,1004.4,6987,14
317,2025-11-26 11:00:39+05:30,1004.0,3,996.83,4373542,433248.0,431537.0,986.2,1004.0,981.3,986.2,120386250,1084.8,887.6,1102.5,649.1,1003.6,209,3,1003.5,437,5,1003.4,390,3,1003.3,965,16,1003.2,1041,12,1004.0,310,3,1004.1,1230,8,1004.2,622,8,1004.3,1320,14,1004.4,6987,14
317,2025-11-26 11:00:40+05:30,1003.6,1,996.83,4375310,433404.0,432989.0,986.2,1004.0,981.3,986.2,120386250,1084.8,887.6,1102.5,649.1,1003.6,124,1,1003.5,5,1,1003.4,321,3,1003.3,803,13,1003.2,728,7,1003.8,126,2,1003.9,271,2,1004.0,1234,12,1004.1,1414,9,1004.2,672,9
317,2025-11-26 11:00:40+05:30,1003.8,30,996.83,4375310,433404.0,432989.0,986.2,1004.0,981.3,986.2,120386250,1084.8,887.6,1102.5,649.1,1003.6,124,1,1003.5,5,1,1003.4,321,3,1003.3,803,13,1003.2,728,7,1003.8,126,2,1003.9,271,2,1004.0,1234,12,1004.1,1414,9,1004.2,672,9
317,2025-11-26 11:00:41+05:30,1003.8,30,996.83,4375436,433562.0,433287.0,986.2,1004.0,981.3,986.2,120386250,1084.8,887.6,1102.5,649.1,1003.6,149,2,1003.5,5,1,1003.4,444,5,1003.3,680,11,1003.2,849,9,1003.8,206,2,1004.0,977,9,1004.1,1414,9,1004.2,782,10,1004.3,1326,15
317,2025-11-26 11:00:42+05:30,1003.6,25,996.83,4375436,433562.0,433287.0,986.2,1004.0,981.3,986.2,120386250,1084.8,887.6,1102.5,649.1,1003.6,149,2,1003.5,5,1,1003.4,444,5,1003.3,680,11,1003.2,849,9,1003.8,206,2,1004.0,977,9,1004.1,1414,9,1004.2,782,10,1004.3,1326,15
317,2025-11-26 11:00:42+05:30,1004.0,370,996.84,4381369,433926.0,429985.0,986.2,1004.0,981.3,986.2,120386250,1084.8,887.6,1102.5,649.1,1004.0,760,1,1003.6,141,2,1003.4,237,3,1003.3,1386,11,1003.2,701,9,1004.1,973,9,1004.2,597,7,1004.3,513,13,1004.4,6320,14,1004.5,8706,16
317,2025-11-26 11:00:43+05:30,1004.0,370,996.84,4381369,433926.0,429985.0,986.2,1004.0,981.3,986.2,120386250,1084.8,887.6,1102.5,649.1,1004.0,760,1,1003.6,141,2,1003.4,237,3,1003.3,1386,11,1003.2,701,9,1004.1,973,9,1004.2,597,7,1004.3,513,13,1004.4,6320,14,1004.5,8706,16
317,2025-11-26 11:00:43+05:30,1004.0,370,996.84,4381369,430692.0,431099.0,986.2,1004.0,981.3,986.2,120386250,1084.8,887.6,1102.5,649.1,1004.0,760,1,1003.6,365,3,1003.5,229,2,1003.4,485,9,1003.3,1341,8,1004.1,841,7,1004.2,985,8,1004.3,733,14,1004.4,6342,15,1004.5,8788,16
317,2025-11-26 11:00:44+05:30,1004.1,94,996.84,4381369,430692.0,431099.0,986.2,1004.0,981.3,986.2,120386250,1084.8,887.6,1102.5,649.1,1004.0,760,1,1003.6,365,3,1003.5,229,2,1003.4,485,9,1003.3,1341,8,1004.1,841,7,1004.2,985,8,1004.3,733,14,1004.4,6342,15,1004.5,8788,16
317,2025-11-26 11:00:44+05:30,1004.1,2,996.84,4381555,430777.0,431036.0,986.2,1004.1,981.3,986.2,120386250,1084.8,887.6,1102.5,649.1,1004.0,760,1,1003.6,449,4,1003.5,370,3,1003.4,485,9,1003.3,1367,10,1004.1,655,6,1004.2,985,8,1004.3,657,10,1004.4,6419,20,1004.5,8788,16
317,2025-11-26 11:00:45+05:30,1004.0,5,996.84,4381555,430777.0,431036.0,986.2,1004.1,981.3,986.2,120386250,1084.8,887.6,1102.5,649.1,1004.0,760,1,1003.6,449,4,1003.5,370,3,1003.4,485,9,1003.3,1367,10,1004.1,655,6,1004.2,985,8,1004.3,657,10,1004.4,6419,20,1004.5,8788,16
317,2025-11-26 11:00:45+05:30,1004.1,123,996.84,4382228,430783.0,430781.0,986.2,1004.1,981.3,986.2,120386250,1084.8,887.6,1102.5,649.1,1004.0,755,1,1003.7,224,1,1003.6,449,4,1003.5,416,4,1003.4,572,11,1004.1,329,3,1004.2,582,5,1004.3,1002,11,1004.4,6343,18,1004.5,8783,15
317,2025-11-26 11:00:46+05:30,1004.1,100,996.84,4382228,430783.0,430781.0,986.2,1004.1,981.3,986.2,120386250,1084.8,887.6,1102.5,649.1,1004.0,755,1,1003.7,224,1,1003.6,449,4,1003.5,416,4,1003.4,572,11,1004.1,329,3,1004.2,582,5,1004.3,1002,11,1004.4,6343,18,1004.5,8783,15
317,2025-11-26 11:00:46+05:30,1004.1,1,996.84,4382329,430790.0,431664.0,986.2,1004.1,981.3,986.2,120386250,1084.8,887.6,1102.5,649.1,1004.0,903,3,1003.7,224,1,1003.6,308,2,1003.5,416,4,1003.4,572,11,1004.1,502,4,1004.2,709,7,1004.3,1547,12,1004.4,6453,19,1004.5,8805,16
317,2025-11-26 11:00:47+05:30,1004.1,1,996.84,4382329,430790.0,431664.0,986.2,1004.1,981.3,986.2,120386250,1084.8,887.6,1102.5,649.1,1004.0,903,3,1003.7,224,1,1003.6,308,2,1003.5,416,4,1003.4,572,11,1004.1,502,4,1004.2,709,7,1004.3,1547,12,1004.4,6453,19,1004.5,8805,16
317,2025-11-26 11:00:47+05:30,1004.1,1,996.84,4382329,430798.0,431665.0,986.2,1004.1,981.3,986.2,120386250,1084.8,887.6,1102.5,649.1,1004.0,903,3,1003.7,224,1,1003.6,308,2,1003.5,416,4,1003.4,572,11,1004.1,502,4,1004.2,710,8,1004.3,1547,12,1004.4,6453,19,1004.5,8805,16
317,2025-11-26 11:00:48+05:30,1004.1,1,996.84,4382329,430812.0,432629.0,986.2,1004.1,981.3,986.2,120386250,1084.8,887.6,1102.5,649.1,1004.0,903,3,1003.8,3,1,1003.7,224,1,1003.6,308,2,1003.5,416,4,1004.1,1138,6,1004.2,710,8,1004.3,1657,13,1004.4,6353,19,1004.5,8855,17
317,2025-11-26 11:00:49+05:30,1004.1,90,996.84,4382329,430812.0,432629.0,986.2,1004.1,981.3,986.2,120386250,1084.8,887.6,1102.5,649.1,1004.0,903,3,1003.8,3,1,1003.7,224,1,1003.6,308,2,1003.5,416,4,1004.1,1138,6,1004.2,710,8,1004.3,1657,13,1004.4,6353,19,1004.5,8855,17
317,2025-11-26 11:00:49+05:30,1004.0,13,996.84,4382661,431815.0,432201.0,986.2,1004.1,981.3,986.2,120386250,1084.8,887.6,1102.5,649.1,1004.0,889,3,1003.8,3,1,1003.7,224,1,1003.6,453,4,1003.5,986,6,1004.1,1101,7,1004.2,749,9,1004.3,1002,11,1004.4,7100,20,1004.5,8115,17
317,2025-11-26 11:00:50+05:30,1004.0,13,996.84,4382661,431815.0,432201.0,986.2,1004.1,981.3,986.2,120386250,1084.8,887.6,1102.5,649.1,1004.0,889,3,1003.8,3,1,1003.7,224,1,1003.6,453,4,1003.5,986,6,1004.1,1101,7,1004.2,749,9,1004.3,1002,11,1004.4,7100,20,1004.5,8115,17
317,2025-11-26 11:00:50+05:30,1004.0,64,996.84,4383614,432810.0,432811.0,986.2,1004.1,981.3,986.2,120386250,1084.8,887.6,1102.5,649.1,1004.0,1459,2,1003.8,128,2,1003.7,224,1,1003.6,333,3,1003.5,945,7,1004.1,1101,7,1004.2,838,10,1004.3,1268,12,1004.4,7363,22,1004.5,8115,17
317,2025-11-26 11:00:51+05:30,1004.0,64,996.84,4383614,432810.0,432811.0,986.2,1004.1,981.3,986.2,120386250,1084.8,887.6,1102.5,649.1,1004.0,1459,2,1003.8,128,2,1003.7,224,1,1003.6,333,3,1003.5,945,7,1004.1,1101,7,1004.2,838,10,1004.3,1268,12,1004.4,7363,22,1004.5,8115,17
317,2025-11-26 11:00:51+05:30,1004.0,64,996.84,4383614,432531.0,432824.0,986.2,1004.1,981.3,986.2,120386250,1084.8,887.6,1102.5,649.1,1004.0,1459,2,1003.8,128,2,1003.7,224,1,1003.6,333,3,1003.5,945,7,1004.1,1237,8,1004.2,838,10,1004.3,1255,11,1004.4,6534,16,1004.5,8207,23
317,2025-11-26 11:00:52+05:30,1004.0,1,996.84,4383614,432531.0,432824.0,986.2,1004.1,981.3,986.2,120386250,1084.8,887.6,1102.5,649.1,1004.0,1459,2,1003.8,128,2,1003.7,224,1,1003.6,333,3,1003.5,945,7,1004.1,1237,8,1004.2,838,10,1004.3,1255,11,1004.4,6534,16,1004.5,8207,23
317,2025-11-26 11:00:52+05:30,1004.0,1,996.84,4383615,432530.0,432899.0,986.2,1004.1,981.3,986.2,120386250,1084.8,887.6,1102.5,649.1,1004.0,1583,3,1003.8,3,1,1003.7,224,1,1003.6,333,3,1003.5,945,7,1004.1,1373,9,1004.2,651,7,1004.3,1381,12,1004.4,6534,16,1004.5,8207,23
317,2025-11-26 11:00:53+05:30,1004.1,1,996.84,4383616,432543.0,432866.0,986.2,1004.1,981.3,986.2,120386250,1084.8,887.6,1102.5,649.1,1004.0,1596,4,1003.8,3,1,1003.7,224,1,1003.6,333,3,1003.5,945,7,1004.1,1372,9,1004.2,651,7,1004.3,1348,12,1004.4,6534,16,1004.5,8298,24
317,2025-11-26 11:00:54+05:30,1004.1,1,996.84,4383616,432543.0,432866.0,986.2,1004.1,981.3,986.2,120386250,1084.8,887.6,1102.5,649.1,1004.0,1596,4,1003.8,3,1,1003.7,224,1,1003.6,333,3,1003.5,945,7,1004.1,1372,9,1004.2,651,7,1004.3,1348,12,1004.4,6534,16,1004.5,8298,24
317,2025-11-26 11:00:54+05:30,1004.0,1,996.84,4383918,427490.0,432833.0,986.2,1004.1,981.3,986.2,120386250,1084.8,887.6,1102.5,649.1,1004.0,1595,4,1003.8,3,1,1003.7,224,1,1003.6,333,3,1003.5,945,7,1004.1,1345,9,1004.2,751,8,1004.3,1350,12,1004.4,6534,16,1004.5,8298,24
317,2025-11-26 11:00:55+05:30,1004.0,1,996.84,4383918,427490.0,432833.0,986.2,1004.1,981.3,986.2,120386250,1084.8,887.6,1102.5,649.1,1004.0,1595,4,1003.8,3,1,1003.7,224,1,1003.6,333,3,1003.5,945,7,1004.1,1345,9,1004.2,751,8,1004.3,1350,12,1004.4,6534,16,1004.5,8298,24
317,2025-11-26 11:00:55+05:30,1004.0,1,996.84,4383918,408577.0,413264.0,986.2,1004.1,981.3,986.2,120386250,1084.8,887.6,1102.5,649.1,1004.0,1595,4,1003.8,3,1,1003.7,224,1,1003.6,333,3,1003.5,945,7,1004.1,1345,9,1004.2,751,8,1004.3,843,11,1004.4,6534,16,1004.5,8298,24
317,2025-11-26 11:00:56+05:30,1004.1,2,996.85,4384360,409208.0,412347.0,986.2,1004.1,981.3,986.2,120386250,1084.8,887.6,1102.5,649.1,1004.0,1156,5,1003.8,298,7,1003.7,461,3,1003.6,568,7,1003.5,1032,9,1004.1,1235,9,1004.2,657,6,1004.3,561,8,1004.4,5597,13,1004.5,8286,18
317,2025-11-26 11:00:57+05:30,1004.0,100,996.85,4384360,409208.0,412347.0,986.2,1004.1,981.3,986.2,120386250,1084.8,887.6,1102.5,649.1,1004.0,1156,5,1003.8,298,7,1003.7,461,3,1003.6,568,7,1003.5,1032,9,1004.1,1235,9,1004.2,657,6,1004.3,561,8,1004.4,5597,13,1004.5,8286,18
317,2025-11-26 11:00:57+05:30,1004.0,1296,996.85,4388460,411133.0,415288.0,986.2,1004.1,981.3,986.2,120386250,1084.8,887.6,1102.5,649.1,1004.0,352,3,1003.8,8,2,1003.7,152,2,1003.6,526,10,1003.5,1164,10,1004.1,1359,11,1004.2,706,7,1004.3,1606,12,1004.4,5488,13,1004.5,8299,19
317,2025-11-26 11:00:58+05:30,1004.0,1296,996.85,4388460,411133.0,415288.0,986.2,1004.1,981.3,986.2,120386250,1084.8,887.6,1102.5,649.1,1004.0,352,3,1003.8,8,2,1003.7,152,2,1003.6,526,10,1003.5,1164,10,1004.1,1359,11,1004.2,706,7,1004.3,1606,12,1004.4,5488,13,1004.5,8299,19
317,2025-11-26 11:00:58+05:30,1004.0,1296,996.85,4388460,411101.0,415356.0,986.2,1004.1,981.3,986.2,120386250,1084.8,887.6,1102.5,649.1,1004.0,352,3,1003.8,8,2,1003.7,376,3,1003.6,494,9,1003.5,1164,10,1004.1,1544,12,1004.2,706,7,1004.3,1301,13,1004.4,5488,13,1004.5,1197,17
317,2025-11-26 11:00:59+05:30,1004.1,169,996.85,4388460,411101.0,415356.0,986.2,1004.1,981.3,986.2,120386250,1084.8,887.6,1102.5,649.1,1004.0,352,3,1003.8,8,2,1003.7,376,3,1003.6,494,9,1003.5,1164,10,1004.1,1544,12,1004.2,706,7,1004.3,1301,13,1004.4,5488,13,1004.5,1197,17
317,2025-11-26 11:00:59+05:30,1004.1,1,996.85,4388649,411090.0,414777.0,986.2,1004.1,981.3,986.2,120386250,1084.8,887.6,1102.5,649.1,1004.0,349,3,1003.8,8,2,1003.7,376,3,1003.6,392,8,1003.5,1266,11,1004.1,1369,12,1004.2,706,7,1004.3,1199,13,1004.4,5488,13,1004.5,1197,17
317,2025-11-26 11:01:00+05:30,1004.1,1,996.85,4388649,411090.0,414777.0,986.2,1004.1,981.3,986.2,120386250,1084.8,887.6,1102.5,649.1,1004.0,349,3,1003.8,8,2,1003.7,376,3,1003.6,392,8,1003.5,1266,11,1004.1,1369,12,1004.2,706,7,1004.3,1199,13,1004.4,5488,13,1004.5,1197,17
317,2025-11-26 11:01:00+05:30,1004.0,8,996.85,4389611,431508.0,432793.0,986.2,1004.1,981.3,986.2,120386250,1084.8,887.6,1102.5,649.1,1004.0,914,2,1003.8,133,3,1003.7,468,4,1003.6,426,9,1003.5,1164,10,1004.1,1321,12,1004.2,706,7,1004.3,745,10,1004.4,5932,16,1004.5,1197,17
317,2025-11-26 11:01:01+05:30,1004.0,8,996.85,4389611,431508.0,432793.0,986.2,1004.1,981.3,986.2,120386250,1084.8,887.6,1102.5,649.1,1004.0,914,2,1003.8,133,3,1003.7,468,4,1003.6,426,9,1003.5,1164,10,1004.1,1321,12,1004.2,706,7,1004.3,745,10,1004.4,5932,16,1004.5,1197,17
317,2025-11-26 11:01:01+05:30,1004.0,100,996.85,4389711,431599.0,436121.0,986.2,1004.1,981.3,986.2,120386250,1084.8,887.6,1102.5,649.1,1004.0,1014,4,1003.8,133,3,1003.7,376,3,1003.6,518,10,1003.5,1164,10,1004.1,1593,13,1004.2,751,8,1004.3,942,13,1004.4,5751,15,1004.5,1184,16
317,2025-11-26 11:01:02+05:30,1004.0,100,996.85,4389711,431599.0,436121.0,986.2,1004.1,981.3,986.2,120386250,1084.8,887.6,1102.5,649.1,1004.0,1014,4,1003.8,133,3,1003.7,376,3,1003.6,518,10,1003.5,1164,10,1004.1,1593,13,1004.2,751,8,1004.3,942,13,1004.4,5751,15,1004.5,1184,16
317,2025-11-26 11:01:02+05:30,1004.1,250,996.85,4389961,431601.0,436093.0,986.2,1004.1,981.3,986.2,120386250,1084.8,887.6,1102.5,649.1,1004.0,1139,5,1003.8,8,2,1003.7,376,3,1003.6,426,9,1003.5,1256,11,1004.1,1363,14,1004.2,751,8,1004.3,942,13,1004.4,5751,15,1004.5,1184,16
317,2025-11-26 11:01:03+05:30,1004.1,250,996.85,4389961,431601.0,436093.0,986.2,1004.1,981.3,986.2,120386250,1084.8,887.6,1102.5,649.1,1004.0,1139,5,1003.8,8,2,1003.7,376,3,1003.6,426,9,1003.5,1256,11,1004.1,1363,14,1004.2,751,8,1004.3,942,13,1004.4,5751,15,1004.5,1184,16
317,2025-11-26 11:01:03+05:30,1004.1,250,996.85,4389961,431554.0,436093.0,986.2,1004.1,981.3,986.2,120386250,1084.8,887.6,1102.5,649.1,1004.0,1139,5,1003.8,8,2,1003.7,376,3,1003.6,426,9,1003.5,1256,11,1004.1,1363,14,1004.2,751,8,1004.3,942,13,1004.4,5751,15,1004.5,1184,16
317,2025-11-26 11:01:04+05:30,1004.1,84,996.85,4389961,431554.0,436093.0,986.2,1004.1,981.3,986.2,120386250,1084.8,887.6,1102.5,649.1,1004.0,1139,5,1003.8,8,2,1003.7,376,3,1003.6,426,9,1003.5,1256,11,1004.1,1363,14,1004.2,751,8,1004.3,942,13,1004.4,5751,15,1004.5,1184,16
317,2025-11-26 11:01:04+05:30,1004.1,25,996.85,4390173,431550.0,435701.0,986.2,1004.1,981.3,986.2,120386250,1084.8,887.6,1102.5,649.1,1004.0,1137,5,1003.8,8,2,1003.7,376,3,1003.6,426,9,1003.5,1256,11,1004.1,1174,13,1004.2,751,8,1004.3,942,13,1004.4,5751,15,1004.5,1184,16
317,2025-11-26 11:01:05+05:30,1004.1,25,996.85,4390173,431550.0,435701.0,986.2,1004.1,981.3,986.2,120386250,1084.8,887.6,1102.5,649.1,1004.0,1137,5,1003.8,8,2,1003.7,376,3,1003.6,426,9,1003.5,1256,11,1004.1,1174,13,1004.2,751,8,1004.3,942,13,1004.4,5751,15,1004.5,1184,16
317,2025-11-26 11:01:05+05:30,1004.0,200,996.85,4390373,432151.0,435416.0,986.2,1004.1,981.3,986.2,120386250,1084.8,887.6,1102.5,649.1,1004.0,1537,7,1003.8,92,3,1003.7,609,5,1003.6,427,10,1003.5,1164,10,1004.1,1099,12,1004.2,751,8,1004.3,748,10,1004.4,5843,16,1004.5,1276,17
317,2025-11-26 11:01:06+05:30,1004.1,75,996.85,4390373,432151.0,435416.0,986.2,1004.1,981.3,986.2,120386250,1084.8,887.6,1102.5,649.1,1004.0,1537,7,1003.8,92,3,1003.7,609,5,1003.6,427,10,1003.5,1164,10,1004.1,1099,12,1004.2,751,8,1004.3,748,10,1004.4,5843,16,1004.5,1276,17
317,2025-11-26 11:01:06+05:30,1004.0,3,996.86,4390940,432031.0,435576.0,986.2,1004.1,981.3,986.2,120386250,1084.8,887.6,1102.5,649.1,1004.0,1344,7,1003.8,164,4,1003.7,705,6,1003.6,427,10,1003.5,1236,11,1004.1,800,10,1004.2,751,8,1004.3,759,10,1004.4,5741,14,1004.5,1276,17
317,2025-11-26 11:01:07+05:30,1004.0,3,996.86,4390940,432031.0,435576.0,986.2,1004.1,981.3,986.2,120386250,1084.8,887.6,1102.5,649.1,1004.0,1344,7,1003.8,164,4,1003.7,705,6,1003.6,427,10,1003.5,1236,11,1004.1,800,10,1004.2,751,8,1004.3,759,10,1004.4,5741,14,1004.5,1276,17
317,2025-11-26 11:01:07+05:30,1004.0,3,996.86,4390940,432050.0,433855.0,986.2,1004.1,981.3,986.2,120386250,1084.8,887.6,1102.5,649.1,1004.0,1346,8,1003.8,184,4,1003.7,613,5,1003.6,547,11,1003.5,1236,11,1004.1,725,9,1004.2,702,7,1004.3,1097,8,1004.4,5728,13,1004.5,1289,18
317,2025-11-26 11:01:08+05:30,1004.1,100,996.86,4391040,432076.0,434015.0,986.2,1004.1,981.3,986.2,120386250,1084.8,887.6,1102.5,649.1,1004.0,1359,9,1003.8,92,3,1003.7,705,6,1003.6,547,11,1003.5,1236,11,1004.1,836,11,1004.2,751,8,1004.3,1097,8,1004.4,5728,13,1004.5,1289,18
317,2025-11-26 11:01:09+05:30,1004.1,70,996.86,4391040,432076.0,434015.0,986.2,1004.1,981.3,986.2,120386250,1084.8,887.6,1102.5,649.1,1004.0,1359,9,1003.8,92,3,1003.7,705,6,1003.6,547,11,1003.5,1236,11,1004.1,836,11,1004.2,751,8,1004.3,1097,8,1004.4,5728,13,1004.5,1289,18
317,2025-11-26 11:01:09+05:30,1004.1,70,996.86,4391225,432086.0,434601.0,986.2,1004.1,981.3,986.2,120386250,1084.8,887.6,1102.5,649.1,1004.0,1359,9,1003.8,92,3,1003.7,705,6,1003.6,547,11,1003.5,1236,11,1004.1,876,9,1004.2,751,8,1004.3,1097,8,1004.4,5728,13,1004.5,1289,18
317,2025-11-26 11:01:11+05:30,1004.0,100,996.86,4392278,432769.0,433876.0,986.2,1004.1,981.3,986.2,120386250,1084.8,887.6,1102.5,649.1,1004.0,1829,5,1003.8,217,4,1003.7,705,6,1003.6,610,12,1003.5,1236,11,1004.1,951,10,1004.2,751,8,1004.3,570,7,1004.4,5584,14,1004.5,1539,19
317,2025-11-26 11:01:11+05:30,1004.0,100,996.86,4392278,432769.0,433876.0,986.2,1004.1,981.3,986.2,120386250,1084.8,887.6,1102.5,649.1,1004.0,1829,5,1003.8,217,4,1003.7,705,6,1003.6,610,12,1003.5,1236,11,1004.1,951,10,1004.2,751,8,1004.3,570,7,1004.4,5584,14,1004.5,1539,19
317,2025-11-26 11:01:12+05:30,1004.0,100,996.86,4392278,432756.0,434130.0,986.2,1004.1,981.3,986.2,120386250,1084.8,887.6,1102.5,649.1,1004.0,1920,6,1003.8,133,3,1003.7,568,5,1003.6,695,13,1003.5,1236,11,1004.1,1205,11,1004.2,751,8,1004.3,570,7,1004.4,5488,13,1004.5,1635,20
317,2025-11-26 11:01:13+05:30,1004.1,10,996.86,4392278,432756.0,434130.0,986.2,1004.1,981.3,986.2,120386250,1084.8,887.6,1102.5,649.1,1004.0,1920,6,1003.8,133,3,1003.7,568,5,1003.6,695,13,1003.5,1236,11,1004.1,1205,11,1004.2,751,8,1004.3,570,7,1004.4,5488,13,1004.5,1635,20
317,2025-11-26 11:01:13+05:30,1004.1,10,996.86,4392288,435122.0,432413.0,986.2,1004.1,981.3,986.2,120386250,1084.8,887.6,1102.5,649.1,1004.0,2045,7,1003.9,142,1,1003.8,219,5,1003.7,681,11,1003.6,753,11,1004.1,1125,11,1004.2,633,6,1004.3,237,4,1004.4,5278,10,1004.5,1032,16
317,2025-11-26 11:01:14+05:30,1004.1,2,996.86,4394604,434891.0,431939.0,986.2,1004.1,981.3,986.2,120386250,1084.8,887.6,1102.5,649.1,1004.1,249,2,1004.0,2229,8,1003.9,238,2,1003.8,450,7,1003.7,603,10,1004.2,633,6,1004.3,124,3,1004.4,4961,8,1004.5,923,15,1004.6,1827,12
317,2025-11-26 11:01:14+05:30,1004.1,2,996.86,4394604,434891.0,431939.0,986.2,1004.1,981.3,986.2,120386250,1084.8,887.6,1102.5,649.1,1004.1,249,2,1004.0,2229,8,1003.9,238,2,1003.8,450,7,1003.7,603,10,1004.2,633,6,1004.3,124,3,1004.4,4961,8,1004.5,923,15,1004.6,1827,12
317,2025-11-26 11:01:14+05:30,1004.1,2,996.86,4394604,434891.0,431939.0,986.2,1004.1,981.3,986.2,120386250,1084.8,887.6,1102.5,649.1,1004.1,249,2,1004.0,2229,8,1003.9,238,2,1003.8,450,7,1003.7,603,10,1004.2,633,6,1004.3,124,3,1004.4,4961,8,1004.5,923,15,1004.6,1827,12
317,2025-11-26 11:01:15+05:30,1004.0,73,996.86,4394604,434891.0,431939.0,986.2,1004.1,981.3,986.2,120386250,1084.8,887.6,1102.5,649.1,1004.1,249,2,1004.0,2229,8,1003.9,238,2,1003.8,450,7,1003.7,603,10,1004.2,633,6,1004.3,124,3,1004.4,4961,8,1004.5,923,15,1004.6,1827,12
317,2025-11-26 11:01:15+05:30,1004.2,5,996.86,4395225,433486.0,432595.0,986.2,1004.2,981.3,986.2,120386250,1084.8,887.6,1102.5,649.1,1004.0,1984,6,1003.9,445,3,1003.8,546,7,1003.7,603,10,1003.6,752,10,1004.2,634,5,1004.3,525,3,1004.4,5194,10,1004.5,1173,16,1004.6,1577,11
317,2025-11-26 11:01:15+05:30,1004.2,5,996.86,4395225,433486.0,432595.0,986.2,1004.2,981.3,986.2,120386250,1084.8,887.6,1102.5,649.1,1004.0,1984,6,1003.9,445,3,1003.8,546,7,1003.7,603,10,1003.6,752,10,1004.2,634,5,1004.3,525,3,1004.4,5194,10,1004.5,1173,16,1004.6,1577,11
317,2025-11-26 11:01:16+05:30,1004.2,5,996.86,4395225,433486.0,432595.0,986.2,1004.2,981.3,986.2,120386250,1084.8,887.6,1102.5,649.1,1004.0,1984,6,1003.9,445,3,1003.8,546,7,1003.7,603,10,1003.6,752,10,1004.2,634,5,1004.3,525,3,1004.4,5194,10,1004.5,1173,16,1004.6,1577,11
317,2025-11-26 11:01:16+05:30,1004.2,10,996.86,4395235,433480.0,432639.0,986.2,1004.2,981.3,986.2,120386250,1084.8,887.6,1102.5,649.1,1004.0,1984,6,1003.9,445,3,1003.8,546,7,1003.7,676,11,1003.6,752,10,1004.2,625,6,1004.3,525,3,1004.4,5197,11,1004.5,1173,16,1004.6,1577,11
317,2025-11-26 11:01:16+05:30,1004.2,10,996.86,4395235,433480.0,432639.0,986.2,1004.2,981.3,986.2,120386250,1084.8,887.6,1102.5,649.1,1004.0,1984,6,1003.9,445,3,1003.8,546,7,1003.7,676,11,1003.6,752,10,1004.2,625,6,1004.3,525,3,1004.4,5197,11,1004.5,1173,16,1004.6,1577,11
317,2025-11-26 11:01:17+05:30,1004.2,10,996.86,4395235,433480.0,432639.0,986.2,1004.2,981.3,986.2,120386250,1084.8,887.6,1102.5,649.1,1004.0,1984,6,1003.9,445,3,1003.8,546,7,1003.7,676,11,1003.6,752,10,1004.2,625,6,1004.3,525,3,1004.4,5197,11,1004.5,1173,16,1004.6,1577,11
317,2025-11-26 11:01:17+05:30,1004.2,10,996.86,4395235,433480.0,432639.0,986.2,1004.2,981.3,986.2,120386250,1084.8,887.6,1102.5,649.1,1004.0,1984,6,1003.9,445,3,1003.8,546,7,1003.7,676,11,1003.6,752,10,1004.2,625,6,1004.3,525,3,1004.4,5197,11,1004.5,1173,16,1004.6,1577,11
317,2025-11-26 11:01:17+05:30,1004.2,19,996.86,4395254,433498.0,433475.0,986.2,1004.2,981.3,986.2,120386250,1084.8,887.6,1102.5,649.1,1004.0,1984,6,1003.9,142,1,1003.8,284,5,1003.7,676,11,1003.6,752,10,1004.2,909,8,1004.3,1071,5,1004.4,5187,10,1004.5,1175,17,1004.6,1577,11
317,2025-11-26 11:01:17+05:30,1004.2,19,996.86,4395254,433498.0,433475.0,986.2,1004.2,981.3,986.2,120386250,1084.8,887.6,1102.5,649.1,1004.0,1984,6,1003.9,142,1,1003.8,284,5,1003.7,676,11,1003.6,752,10,1004.2,909,8,1004.3,1071,5,1004.4,5187,10,1004.5,1175,17,1004.6,1577,11
317,2025-11-26 11:01:18+05:30,1004.0,1,996.86,4395254,433498.0,433475.0,986.2,1004.2,981.3,986.2,120386250,1084.8,887.6,1102.5,649.1,1004.0,1984,6,1003.9,142,1,1003.8,284,5,1003.7,676,11,1003.6,752,10,1004.2,909,8,1004.3,1071,5,1004.4,5187,10,1004.5,1175,17,1004.6,1577,11
317,2025-11-26 11:01:18+05:30,1004.0,1,996.86,4395254,433498.0,433475.0,986.2,1004.2,981.3,986.2,120381750,1084.8,887.6,1102.5,649.1,1004.0,1984,6,1003.9,142,1,1003.8,284,5,1003.7,676,11,1003.6,752,10,1004.2,909,8,1004.3,1071,5,1004.4,5187,10,1004.5,1175,17,1004.6,1577,11
317,2025-11-26 11:01:18+05:30,1004.2,1,996.86,4395257,433383.0,433367.0,986.2,1004.2,981.3,986.2,120381750,1084.8,887.6,1102.5,649.1,1004.0,1982,6,1003.8,284,5,1003.7,676,11,1003.6,752,10,1003.5,1339,11,1004.2,908,8,1004.3,1303,6,1004.4,5187,10,1004.5,1175,17,1004.6,1577,11
317,2025-11-26 11:01:18+05:30,1004.2,1,996.86,4395257,433383.0,433367.0,986.2,1004.2,981.3,986.2,120381750,1084.8,887.6,1102.5,649.1,1004.0,1982,6,1003.8,284,5,1003.7,676,11,1003.6,752,10,1003.5,1339,11,1004.2,908,8,1004.3,1303,6,1004.4,5187,10,1004.5,1175,17,1004.6,1577,11
317,2025-11-26 11:01:19+05:30,1004.2,186,996.86,4395257,433383.0,433367.0,986.2,1004.2,981.3,986.2,120381750,1084.8,887.6,1102.5,649.1,1004.0,1982,6,1003.8,284,5,1003.7,676,11,1003.6,752,10,1003.5,1339,11,1004.2,908,8,1004.3,1303,6,1004.4,5187,10,1004.5,1175,17,1004.6,1577,11
317,2025-11-26 11:01:19+05:30,1004.2,186,996.86,4395453,433463.0,433014.0,986.2,1004.2,981.3,986.2,120381750,1084.8,887.6,1102.5,649.1,1004.1,5,1,1004.0,1982,6,1003.8,359,6,1003.7,676,11,1003.6,752,10,1004.2,712,8,1004.3,806,5,1004.4,5276,11,1004.5,1286,18,1004.6,1577,11
317,2025-11-26 11:01:21+05:30,1004.1,5,996.86,4395453,433463.0,433014.0,986.2,1004.2,981.3,986.2,120381750,1084.8,887.6,1102.5,649.1,1004.1,5,1,1004.0,1982,6,1003.8,359,6,1003.7,676,11,1003.6,752,10,1004.2,712,8,1004.3,806,5,1004.4,5276,11,1004.5,1286,18,1004.6,1577,11
317,2025-11-26 11:01:22+05:30,1004.1,2,996.86,4395551,433409.0,433140.0,986.2,1004.2,981.3,986.2,120381750,1084.8,887.6,1102.5,649.1,1004.0,1891,5,1003.9,85,1,1003.8,507,6,1003.7,627,10,1003.6,752,10,1004.1,294,2,1004.2,738,9,1004.3,1351,7,1004.4,5219,11,1004.5,1216,16
317,2025-11-26 11:01:23+05:30,1004.1,2,996.86,4395551,433409.0,433140.0,986.2,1004.2,981.3,986.2,120381750,1084.8,887.6,1102.5,649.1,1004.0,1891,5,1003.9,85,1,1003.8,507,6,1003.7,627,10,1003.6,752,10,1004.1,294,2,1004.2,738,9,1004.3,1351,7,1004.4,5219,11,1004.5,1216,16
317,2025-11-26 11:01:25+05:30,1004.1,184,996.86,4395551,433409.0,433140.0,986.2,1004.2,981.3,986.2,120381750,1084.8,887.6,1102.5,649.1,1004.0,1891,5,1003.9,85,1,1003.8,507,6,1003.7,627,10,1003.6,752,10,1004.1,294,2,1004.2,738,9,1004.3,1351,7,1004.4,5219,11,1004.5,1216,16
317,2025-11-26 11:01:26+05:30,1004.2,2,996.87,4396610,433163.0,432702.0,986.2,1004.2,981.3,986.2,120381750,1084.8,887.6,1102.5,649.1,1004.0,1309,4,1003.8,275,5,1003.7,635,10,1003.6,853,11,1003.5,1339,11,1004.2,736,9,1004.3,1229,5,1004.4,5241,11,1004.5,1255,16,1004.6,1489,10
317,2025-11-26 11:01:27+05:30,1004.2,2,996.87,4396610,433163.0,432702.0,986.2,1004.2,981.3,986.2,120381750,1084.8,887.6,1102.5,649.1,1004.0,1309,4,1003.8,275,5,1003.7,635,10,1003.6,853,11,1003.5,1339,11,1004.2,736,9,1004.3,1229,5,1004.4,5241,11,1004.5,1255,16,1004.6,1489,10
317,2025-11-26 11:01:29+05:30,1004.2,61,996.87,4396610,433163.0,432702.0,986.2,1004.2,981.3,986.2,120381750,1084.8,887.6,1102.5,649.1,1004.0,1309,4,1003.8,275,5,1003.7,635,10,1003.6,853,11,1003.5,1339,11,1004.2,736,9,1004.3,1229,5,1004.4,5241,11,1004.5,1255,16,1004.6,1489,10
317,2025-11-26 11:01:31+05:30,1004.1,400,996.87,4396610,433163.0,432702.0,986.2,1004.2,981.3,986.2,120381750,1084.8,887.6,1102.5,649.1,1004.0,1309,4,1003.8,275,5,1003.7,635,10,1003.6,853,11,1003.5,1339,11,1004.2,736,9,1004.3,1229,5,1004.4,5241,11,1004.5,1255,16,1004.6,1489,10
317,2025-11-26 11:01:31+05:30,1004.1,400,996.87,4397259,433595.0,437839.0,986.2,1004.2,981.3,986.2,120381750,1084.8,887.6,1102.5,649.1,1004.0,1726,4,1003.9,160,2,1003.8,523,7,1003.7,634,10,1003.6,853,11,1004.1,96,1,1004.2,1208,8,1004.3,735,4,1004.4,5337,12,1004.5,1268,17
317,2025-11-26 11:01:33+05:30,1004.0,1,996.87,4397259,433595.0,437839.0,986.2,1004.2,981.3,986.2,120381750,1084.8,887.6,1102.5,649.1,1004.0,1726,4,1003.9,160,2,1003.8,523,7,1003.7,634,10,1003.6,853,11,1004.1,96,1,1004.2,1208,8,1004.3,735,4,1004.4,5337,12,1004.5,1268,17
317,2025-11-26 11:01:35+05:30,1004.1,31,996.87,4397259,433595.0,437839.0,986.2,1004.2,981.3,986.2,120381750,1084.8,887.6,1102.5,649.1,1004.0,1726,4,1003.9,160,2,1003.8,523,7,1003.7,634,10,1003.6,853,11,1004.1,96,1,1004.2,1208,8,1004.3,735,4,1004.4,5337,12,1004.5,1268,17
317,2025-11-26 11:01:35+05:30,1004.0,213,996.87,4397920,432972.0,442674.0,986.2,1004.2,981.3,986.2,120381750,1084.8,887.6,1102.5,649.1,1004.0,1412,4,1003.9,85,1,1003.8,150,3,1003.7,379,3,1003.6,932,16,1004.2,1269,11,1004.3,856,6,1004.4,5337,12,1004.5,1353,18,1004.6,1567,11
317,2025-11-26 11:01:38+05:30,1004.2,19,996.87,4397920,432972.0,442674.0,986.2,1004.2,981.3,986.2,120381750,1084.8,887.6,1102.5,649.1,1004.0,1412,4,1003.9,85,1,1003.8,150,3,1003.7,379,3,1003.6,932,16,1004.2,1269,11,1004.3,856,6,1004.4,5337,12,1004.5,1353,18,1004.6,1567,11
317,2025-11-26 11:01:39+05:30,1004.1,2,996.87,4398177,433105.0,448165.0,986.2,1004.2,981.3,986.2,120381750,1084.8,887.6,1102.5,649.1,1004.1,8,1,1004.0,1412,4,1003.8,150,3,1003.7,469,3,1003.6,1067,17,1004.2,1351,14,1004.3,900,7,1004.4,5493,14,1004.5,1353,18,1004.6,1489,10
317,2025-11-26 11:01:40+05:30,1004.1,2,996.87,4398177,433105.0,448165.0,986.2,1004.2,981.3,986.2,120381750,1084.8,887.6,1102.5,649.1,1004.1,8,1,1004.0,1412,4,1003.8,150,3,1003.7,469,3,1003.6,1067,17,1004.2,1351,14,1004.3,900,7,1004.4,5493,14,1004.5,1353,18,1004.6,1489,10
317,2025-11-26 11:01:41+05:30,1004.1,5,996.87,4398177,433105.0,448165.0,986.2,1004.2,981.3,986.2,120381750,1084.8,887.6,1102.5,649.1,1004.1,8,1,1004.0,1412,4,1003.8,150,3,1003.7,469,3,1003.6,1067,17,1004.2,1351,14,1004.3,900,7,1004.4,5493,14,1004.5,1353,18,1004.6,1489,10
317,2025-11-26 11:01:42+05:30,1004.0,1,996.87,4398177,433105.0,448165.0,986.2,1004.2,981.3,986.2,120381750,1084.8,887.6,1102.5,649.1,1004.1,8,1,1004.0,1412,4,1003.8,150,3,1003.7,469,3,1003.6,1067,17,1004.2,1351,14,1004.3,900,7,1004.4,5493,14,1004.5,1353,18,1004.6,1489,10
317,2025-11-26 11:01:43+05:30,1004.1,10,996.87,4398177,433105.0,448165.0,986.2,1004.2,981.3,986.2,120381750,1084.8,887.6,1102.5,649.1,1004.1,8,1,1004.0,1412,4,1003.8,150,3,1003.7,469,3,1003.6,1067,17,1004.2,1351,14,1004.3,900,7,1004.4,5493,14,1004.5,1353,18,1004.6,1489,10
317,2025-11-26 11:01:44+05:30,1004.1,124,996.87,4398177,433105.0,448165.0,986.2,1004.2,981.3,986.2,120381750,1084.8,887.6,1102.5,649.1,1004.1,8,1,1004.0,1412,4,1003.8,150,3,1003.7,469,3,1003.6,1067,17,1004.2,1351,14,1004.3,900,7,1004.4,5493,14,1004.5,1353,18,1004.6,1489,10
317,2025-11-26 11:01:44+05:30,1004.0,500,996.87,4400900,431359.0,452305.0,986.2,1004.2,981.3,986.2,120381750,1084.8,887.6,1102.5,649.1,1004.0,60,1,1003.8,128,2,1003.7,202,1,1003.6,665,12,1003.5,1307,10,1004.1,260,4,1004.2,1943,18,1004.3,1159,12,1004.4,5763,15,1004.5,1103,17
317,2025-11-26 11:01:45+05:30,1004.0,500,996.87,4400900,431359.0,452305.0,986.2,1004.2,981.3,986.2,120381750,1084.8,887.6,1102.5,649.1,1004.0,60,1,1003.8,128,2,1003.7,202,1,1003.6,665,12,1003.5,1307,10,1004.1,260,4,1004.2,1943,18,1004.3,1159,12,1004.4,5763,15,1004.5,1103,17
317,2025-11-26 11:01:46+05:30,1004.0,15,996.87,4400900,431359.0,452305.0,986.2,1004.2,981.3,986.2,120381750,1084.8,887.6,1102.5,649.1,1004.0,60,1,1003.8,128,2,1003.7,202,1,1003.6,665,12,1003.5,1307,10,1004.1,260,4,1004.2,1943,18,1004.3,1159,12,1004.4,5763,15,1004.5,1103,17
317,2025-11-26 11:01:47+05:30,1004.0,96,996.87,4400900,431359.0,452305.0,986.2,1004.2,981.3,986.2,120381750,1084.8,887.6,1102.5,649.1,1004.0,60,1,1003.8,128,2,1003.7,202,1,1003.6,665,12,1003.5,1307,10,1004.1,260,4,1004.2,1943,18,1004.3,1159,12,1004.4,5763,15,1004.5,1103,17
317,2025-11-26 11:01:48+05:30,1004.0,96,996.87,4400900,431359.0,452305.0,986.2,1004.2,981.3,986.2,120381750,1084.8,887.6,1102.5,649.1,1004.0,60,1,1003.8,128,2,1003.7,202,1,1003.6,665,12,1003.5,1307,10,1004.1,260,4,1004.2,1943,18,1004.3,1159,12,1004.4,5763,15,1004.5,1103,17
317,2025-11-26 11:01:48+05:30,1004.0,96,996.87,4401284,432500.0,454648.0,986.2,1004.2,981.3,986.2,120381750,1084.8,887.6,1102.5,649.1,1003.8,128,2,1003.7,418,3,1003.6,934,14,1003.5,1230,9,1003.4,1118,11,1004.0,96,1,1004.1,1205,6,1004.2,2081,19,1004.3,1074,10,1004.4,6191,15
317,2025-11-26 11:01:49+05:30,1004.0,186,996.87,4401284,432500.0,454648.0,986.2,1004.2,981.3,986.2,120381750,1084.8,887.6,1102.5,649.1,1003.8,128,2,1003.7,418,3,1003.6,934,14,1003.5,1230,9,1003.4,1118,11,1004.0,96,1,1004.1,1205,6,1004.2,2081,19,1004.3,1074,10,1004.4,6191,15
317,2025-11-26 11:01:50+05:30,1004.0,96,996.87,4401284,432500.0,454648.0,986.2,1004.2,981.3,986.2,120381750,1084.8,887.6,1102.5,649.1,1003.8,128,2,1003.7,418,3,1003.6,934,14,1003.5,1230,9,1003.4,1118,11,1004.0,96,1,1004.1,1205,6,1004.2,2081,19,1004.3,1074,10,1004.4,6191,15
317,2025-11-26 11:01:51+05:30,1003.9,73,996.87,4401284,432500.0,454648.0,986.2,1004.2,981.3,986.2,120381750,1084.8,887.6,1102.5,649.1,1003.8,128,2,1003.7,418,3,1003.6,934,14,1003.5,1230,9,1003.4,1118,11,1004.0,96,1,1004.1,1205,6,1004.2,2081,19,1004.3,1074,10,1004.4,6191,15
317,2025-11-26 11:01:52+05:30,1003.9,5,996.87,4402274,429411.0,456863.0,986.2,1004.2,981.3,986.2,120381750,1084.8,887.6,1102.5,649.1,1003.8,125,1,1003.6,63,1,1003.5,762,3,1003.4,478,5,1003.3,1138,16,1003.9,91,1,1004.0,1072,6,1004.1,1116,11,1004.2,2514,23,1004.3,1212,13
317,2025-11-26 11:01:53+05:30,1003.9,5,996.87,4402274,429411.0,456863.0,986.2,1004.2,981.3,986.2,120381750,1084.8,887.6,1102.5,649.1,1003.8,125,1,1003.6,63,1,1003.5,762,3,1003.4,478,5,1003.3,1138,16,1003.9,91,1,1004.0,1072,6,1004.1,1116,11,1004.2,2514,23,1004.3,1212,13
317,2025-11-26 11:01:55+05:30,1004.0,74,996.87,4402274,429411.0,456863.0,986.2,1004.2,981.3,986.2,120381750,1084.8,887.6,1102.5,649.1,1003.8,125,1,1003.6,63,1,1003.5,762,3,1003.4,478,5,1003.3,1138,16,1003.9,91,1,1004.0,1072,6,1004.1,1116,11,1004.2,2514,23,1004.3,1212,13
317,2025-11-26 11:01:56+05:30,1003.8,89,996.88,4403896,430240.0,455759.0,986.2,1004.2,981.3,986.2,120381750,1084.8,887.6,1102.5,649.1,1003.8,36,1,1003.6,391,4,1003.5,880,4,1003.4,740,8,1003.3,1047,11,1004.0,41,2,1004.1,1031,10,1004.2,2191,19,1004.3,791,12,1004.4,6246,16
317,2025-11-26 11:01:57+05:30,1003.8,89,996.88,4403896,430240.0,455759.0,986.2,1004.2,981.3,986.2,120381750,1084.8,887.6,1102.5,649.1,1003.8,36,1,1003.6,391,4,1003.5,880,4,1003.4,740,8,1003.3,1047,11,1004.0,41,2,1004.1,1031,10,1004.2,2191,19,1004.3,791,12,1004.4,6246,16
317,2025-11-26 11:01:59+05:30,1004.0,8,996.88,4403896,430240.0,455759.0,986.2,1004.2,981.3,986.2,120381750,1084.8,887.6,1102.5,649.1,1003.8,36,1,1003.6,391,4,1003.5,880,4,1003.4,740,8,1003.3,1047,11,1004.0,41,2,1004.1,1031,10,1004.2,2191,19,1004.3,791,12,1004.4,6246,16
317,2025-11-26 11:02:01+05:30,1003.9,81,996.88,4403896,430240.0,455759.0,986.2,1004.2,981.3,986.2,120381750,1084.8,887.6,1102.5,649.1,1003.8,36,1,1003.6,391,4,1003.5,880,4,1003.4,740,8,1003.3,1047,11,1004.0,41,2,1004.1,1031,10,1004.2,2191,19,1004.3,791,12,1004.4,6246,16
317,2025-11-26 11:02:01+05:30,1003.9,81,996.88,4404599,433036.0,458060.0,986.2,1004.2,981.3,986.2,120381750,1084.8,887.6,1102.5,649.1,1003.8,13,1,1003.6,63,1,1003.5,735,4,1003.4,845,8,1003.3,1192,17,1003.9,96,1,1004.0,1160,7,1004.1,1140,12,1004.2,2181,20,1004.3,1073,14
317,2025-11-26 11:02:03+05:30,1003.8,1,996.88,4404599,433036.0,458060.0,986.2,1004.2,981.3,986.2,120381750,1084.8,887.6,1102.5,649.1,1003.8,13,1,1003.6,63,1,1003.5,735,4,1003.4,845,8,1003.3,1192,17,1003.9,96,1,1004.0,1160,7,1004.1,1140,12,1004.2,2181,20,1004.3,1073,14
317,2025-11-26 11:02:05+05:30,1003.9,1,996.88,4404599,433036.0,458060.0,986.2,1004.2,981.3,986.2,120381750,1084.8,887.6,1102.5,649.1,1003.8,13,1,1003.6,63,1,1003.5,735,4,1003.4,845,8,1003.3,1192,17,1003.9,96,1,1004.0,1160,7,1004.1,1140,12,1004.2,2181,20,1004.3,1073,14
317,2025-11-26 11:02:06+05:30,1003.8,10,996.88,4406385,435323.0,457326.0,986.2,1004.2,981.3,986.2,120381750,1084.8,887.6,1102.5,649.1,1003.8,114,1,1003.6,407,3,1003.5,1295,7,1003.4,763,9,1003.3,1192,17,1003.9,115,1,1004.0,503,4,1004.1,1050,8,1004.2,2020,19,1004.3,961,17
317,2025-11-26 11:02:08+05:30,1003.9,5,996.88,4406385,435323.0,457326.0,986.2,1004.2,981.3,986.2,120381750,1084.8,887.6,1102.5,649.1,1003.8,114,1,1003.6,407,3,1003.5,1295,7,1003.4,763,9,1003.3,1192,17,1003.9,115,1,1004.0,503,4,1004.1,1050,8,1004.2,2020,19,1004.3,961,17
317,2025-11-26 11:02:10+05:30,1002.6,148,996.88,4406385,435323.0,457326.0,986.2,1004.2,981.3,986.2,120381750,1084.8,887.6,1102.5,649.1,1003.8,114,1,1003.6,407,3,1003.5,1295,7,1003.4,763,9,1003.3,1192,17,1003.9,115,1,1004.0,503,4,1004.1,1050,8,1004.2,2020,19,1004.3,961,17
317,2025-11-26 11:02:11+05:30,1002.3,5,996.91,4426389,418573.0,470048.0,986.2,1004.2,981.3,986.2,120381750,1084.8,887.6,1102.5,649.1,1002.3,386,3,1002.2,656,9,1002.1,1020,11,1002.0,1340,15,1001.9,977,10,1002.9,302,4,1003.0,711,6,1003.1,774,9,1003.2,675,11,1003.3,1150,13
317,2025-11-26 11:02:12+05:30,1002.8,49,996.91,4426389,418573.0,470048.0,986.2,1004.2,981.3,986.2,120381750,1084.8,887.6,1102.5,649.1,1002.3,386,3,1002.2,656,9,1002.1,1020,11,1002.0,1340,15,1001.9,977,10,1002.9,302,4,1003.0,711,6,1003.1,774,9,1003.2,675,11,1003.3,1150,13
317,2025-11-26 11:02:14+05:30,1003.2,116,996.91,4426389,418573.0,470048.0,986.2,1004.2,981.3,986.2,120381750,1084.8,887.6,1102.5,649.1,1002.3,386,3,1002.2,656,9,1002.1,1020,11,1002.0,1340,15,1001.9,977,10,1002.9,302,4,1003.0,711,6,1003.1,774,9,1003.2,675,11,1003.3,1150,13
317,2025-11-26 11:02:16+05:30,1003.0,184,996.91,4426389,418573.0,470048.0,986.2,1004.2,981.3,986.2,120381750,1084.8,887.6,1102.5,649.1,1002.3,386,3,1002.2,656,9,1002.1,1020,11,1002.0,1340,15,1001.9,977,10,1002.9,302,4,1003.0,711,6,1003.1,774,9,1003.2,675,11,1003.3,1150,13
317,2025-11-26 11:02:16+05:30,1003.0,184,996.92,4432233,428411.0,468050.0,986.2,1004.2,981.3,986.2,120381750,1084.8,887.6,1102.5,649.1,1002.8,53,1,1002.7,283,3,1002.6,657,6,1002.5,850,14,1002.4,892,11,1003.0,96,1,1003.3,251,2,1003.4,1484,12,1003.5,1390,13,1003.6,1511,12
317,2025-11-26 11:02:19+05:30,1003.0,90,996.92,4432419,428163.0,468225.0,986.2,1004.2,981.3,986.2,120381750,1084.8,887.6,1102.5,649.1,1002.7,166,1,1002.6,929,11,1002.5,824,12,1002.4,740,9,1002.3,1240,11,1003.0,123,2,1003.1,9,1,1003.3,495,4,1003.4,1043,17,1003.5,1114,10
317,2025-11-26 11:02:20+05:30,1003.0,90,996.92,4432419,428163.0,468225.0,986.2,1004.2,981.3,986.2,120381750,1084.8,887.6,1102.5,649.1,1002.7,166,1,1002.6,929,11,1002.5,824,12,1002.4,740,9,1002.3,1240,11,1003.0,123,2,1003.1,9,1,1003.3,495,4,1003.4,1043,17,1003.5,1114,10
317,2025-11-26 11:02:21+05:30,1003.1,238,996.92,4432419,428163.0,468225.0,986.2,1004.2,981.3,986.2,120381750,1084.8,887.6,1102.5,649.1,1002.7,166,1,1002.6,929,11,1002.5,824,12,1002.4,740,9,1002.3,1240,11,1003.0,123,2,1003.1,9,1,1003.3,495,4,1003.4,1043,17,1003.5,1114,10
317,2025-11-26 11:02:21+05:30,1003.1,238,996.92,4435063,426893.0,466503.0,986.2,1004.2,981.3,986.2,120381750,1084.8,887.6,1102.5,649.1,1002.7,87,1,1002.6,194,3,1002.5,585,9,1002.4,687,8,1002.3,1165,9,1003.1,166,3,1003.2,366,4,1003.3,1166,8,1003.4,961,12,1003.5,1058,11
317,2025-11-26 11:02:22+05:30,1003.1,238,996.92,4435063,426942.0,466891.0,986.2,1004.2,981.3,986.2,120381750,1084.8,887.6,1102.5,649.1,1002.7,87,1,1002.6,127,2,1002.5,652,10,1002.4,736,9,1002.3,1165,9,1003.1,118,3,1003.2,408,4,1003.3,1166,8,1003.4,961,12,1003.5,1058,11
317,2025-11-26 11:02:23+05:30,1003.0,500,996.92,4435063,426942.0,466891.0,986.2,1004.2,981.3,986.2,120381750,1084.8,887.6,1102.5,649.1,1002.7,87,1,1002.6,127,2,1002.5,652,10,1002.4,736,9,1002.3,1165,9,1003.1,118,3,1003.2,408,4,1003.3,1166,8,1003.4,961,12,1003.5,1058,11
317,2025-11-26 11:02:23+05:30,1003.0,500,996.92,4435563,428012.0,466827.0,986.2,1004.2,981.3,986.2,120381750,1084.8,887.6,1102.5,649.1,1003.0,250,1,1002.7,109,1,1002.6,542,3,1002.5,599,11,1002.4,973,12,1003.1,31,2,1003.2,412,5,1003.3,573,6,1003.4,824,9,1003.5,1580,16
317,2025-11-26 11:02:24+05:30,1003.1,12,996.92,4435563,428012.0,466827.0,986.2,1004.2,981.3,986.2,120381750,1084.8,887.6,1102.5,649.1,1003.0,250,1,1002.7,109,1,1002.6,542,3,1002.5,599,11,1002.4,973,12,1003.1,31,2,1003.2,412,5,1003.3,573,6,1003.4,824,9,1003.5,1580,16
317,2025-11-26 11:02:24+05:30,1003.1,2,996.92,4435749,427828.0,468648.0,986.2,1004.2,981.3,986.2,120381750,1084.8,887.6,1102.5,649.1,1003.0,250,1,1002.7,335,2,1002.6,542,3,1002.5,661,13,1002.4,960,11,1003.1,127,2,1003.2,54,2,1003.3,634,6,1003.4,916,11,1003.5,1494,15
317,2025-11-26 11:02:25+05:30,1003.0,15,996.92,4435749,427828.0,468648.0,986.2,1004.2,981.3,986.2,120381750,1084.8,887.6,1102.5,649.1,1003.0,250,1,1002.7,335,2,1002.6,542,3,1002.5,661,13,1002.4,960,11,1003.1,127,2,1003.2,54,2,1003.3,634,6,1003.4,916,11,1003.5,1494,15
317,2025-11-26 11:02:25+05:30,1003.0,15,996.92,4435764,427614.0,468845.0,986.2,1004.2,981.3,986.2,120381750,1084.8,887.6,1102.5,649.1,1003.0,235,1,1002.7,109,1,1002.6,542,3,1002.5,674,14,1002.4,947,10,1003.1,127,2,1003.2,162,3,1003.3,634,6,1003.4,916,11,1003.5,1494,15
317,2025-11-26 11:02:26+05:30,1003.0,15,996.92,4435764,427838.0,468927.0,986.2,1004.2,981.3,986.2,120381750,1084.8,887.6,1102.5,649.1,1003.0,235,1,1002.7,109,1,1002.6,542,3,1002.5,674,14,1002.4,947,10,1003.1,277,3,1003.2,208,4,1003.3,725,7,1003.4,825,10,1003.5,1494,15
317,2025-11-26 11:02:27+05:30,1003.1,20,996.92,4435764,427838.0,468927.0,986.2,1004.2,981.3,986.2,120381750,1084.8,887.6,1102.5,649.1,1003.0,235,1,1002.7,109,1,1002.6,542,3,1002.5,674,14,1002.4,947,10,1003.1,277,3,1003.2,208,4,1003.3,725,7,1003.4,825,10,1003.5,1494,15
317,2025-11-26 11:02:27+05:30,1003.1,129,996.92,4436020,427228.0,468531.0,986.2,1004.2,981.3,986.2,120381750,1084.8,887.6,1102.5,649.1,1002.7,87,1,1002.6,428,2,1002.5,637,13,1002.4,728,7,1002.3,915,8,1003.1,406,4,1003.2,449,8,1003.3,820,7,1003.4,887,12,1003.5,1700,13
317,2025-11-26 11:02:28+05:30,1003.1,129,996.92,4436020,427228.0,468531.0,986.2,1004.2,981.3,986.2,120381750,1084.8,887.6,1102.5,649.1,1002.7,87,1,1002.6,428,2,1002.5,637,13,1002.4,728,7,1002.3,915,8,1003.1,406,4,1003.2,449,8,1003.3,820,7,1003.4,887,12,1003.5,1700,13
317,2025-11-26 11:02:29+05:30,1003.1,164,996.92,4436020,427228.0,468531.0,986.2,1004.2,981.3,986.2,120381750,1084.8,887.6,1102.5,649.1,1002.7,87,1,1002.6,428,2,1002.5,637,13,1002.4,728,7,1002.3,915,8,1003.1,406,4,1003.2,449,8,1003.3,820,7,1003.4,887,12,1003.5,1700,13
317,2025-11-26 11:02:29+05:30,1003.1,164,996.92,4436206,427303.0,468358.0,986.2,1004.2,981.3,986.2,120381750,1084.8,887.6,1102.5,649.1,1002.7,86,1,1002.5,793,13,1002.4,868,9,1002.3,915,8,1002.2,1134,10,1003.1,425,4,1003.2,522,9,1003.3,820,7,1003.4,874,11,1003.5,1474,12
317,2025-11-26 11:02:30+05:30,1002.5,8,996.92,4436214,426680.0,470421.0,986.2,1004.2,981.3,986.2,120381750,1084.8,887.6,1102.5,649.1,1002.5,591,9,1002.4,668,8,1002.3,866,7,1002.2,884,9,1002.1,2116,10,1002.9,96,1,1003.0,130,2,1003.1,565,7,1003.2,1043,14,1003.3,1153,12
317,2025-11-26 11:02:31+05:30,1002.5,8,996.92,4436214,426680.0,470421.0,986.2,1004.2,981.3,986.2,120381750,1084.8,887.6,1102.5,649.1,1002.5,591,9,1002.4,668,8,1002.3,866,7,1002.2,884,9,1002.1,2116,10,1002.9,96,1,1003.0,130,2,1003.1,565,7,1003.2,1043,14,1003.3,1153,12
317,2025-11-26 11:02:31+05:30,1002.5,8,996.92,4436214,426648.0,470412.0,986.2,1004.2,981.3,986.2,120381750,1084.8,887.6,1102.5,649.1,1002.5,263,5,1002.4,759,10,1002.3,897,9,1002.2,902,10,1002.1,2342,11,1002.9,96,1,1003.0,130,2,1003.1,547,6,1003.2,1015,12,1003.3,1108,14
317,2025-11-26 11:02:32+05:30,1002.5,10,996.92,4436214,426648.0,470412.0,986.2,1004.2,981.3,986.2,120381750,1084.8,887.6,1102.5,649.1,1002.5,263,5,1002.4,759,10,1002.3,897,9,1002.2,902,10,1002.1,2342,11,1002.9,96,1,1003.0,130,2,1003.1,547,6,1003.2,1015,12,1003.3,1108,14
317,2025-11-26 11:02:32+05:30,1002.5,10,996.92,4436224,426661.0,470592.0,986.2,1004.2,981.3,986.2,120381750,1084.8,887.6,1102.5,649.1,1002.5,227,4,1002.4,808,11,1002.3,946,10,1002.2,902,10,1002.1,2342,11,1002.9,96,1,1003.0,130,2,1003.1,837,7,1003.2,1015,12,1003.3,1108,14
317,2025-11-26 11:02:33+05:30,1002.5,10,996.92,4436224,426749.0,470508.0,986.2,1004.2,981.3,986.2,120381750,1084.8,887.6,1102.5,649.1,1002.5,541,8,1002.4,808,11,1002.3,946,10,1002.2,902,10,1002.1,2116,10,1002.9,96,1,1003.0,100,1,1003.1,757,6,1003.2,1062,12,1003.3,1108,14
317,2025-11-26 11:02:34+05:30,1002.9,6,996.92,4436224,426749.0,470508.0,986.2,1004.2,981.3,986.2,120381750,1084.8,887.6,1102.5,649.1,1002.5,541,8,1002.4,808,11,1002.3,946,10,1002.2,902,10,1002.1,2116,10,1002.9,96,1,1003.0,100,1,1003.1,757,6,1003.2,1062,12,1003.3,1108,14
317,2025-11-26 11:02:34+05:30,1002.9,6,996.92,4437177,428576.0,470240.0,986.2,1004.2,981.3,986.2,120381750,1084.8,887.6,1102.5,649.1,1002.9,13,1,1002.7,59,1,1002.6,587,5,1002.5,829,12,1002.4,1220,15,1003.1,657,4,1003.2,730,9,1003.3,464,4,1003.4,946,9,1003.5,1528,17
317,2025-11-26 11:02:35+05:30,1002.9,6,996.92,4437177,429748.0,469679.0,986.2,1004.2,981.3,986.2,120381750,1084.8,887.6,1102.5,649.1,1003.0,112,1,1002.9,22,2,1002.8,5,1,1002.7,369,3,1002.6,701,5,1003.1,702,4,1003.2,562,6,1003.3,546,5,1003.4,836,9,1003.5,1685,18
317,2025-11-26 11:02:36+05:30,1003.1,38,996.92,4437177,429748.0,469679.0,986.2,1004.2,981.3,986.2,120381750,1084.8,887.6,1102.5,649.1,1003.0,112,1,1002.9,22,2,1002.8,5,1,1002.7,369,3,1002.6,701,5,1003.1,702,4,1003.2,562,6,1003.3,546,5,1003.4,836,9,1003.5,1685,18
317,2025-11-26 11:02:36+05:30,1003.1,38,996.92,4437356,429571.0,470144.0,986.2,1004.2,981.3,986.2,120381750,1084.8,887.6,1102.5,649.1,1003.0,116,2,1002.9,9,1,1002.8,5,1,1002.7,369,3,1002.6,701,5,1003.1,664,4,1003.2,480,5,1003.3,628,6,1003.4,836,9,1003.5,1685,18
317,2025-11-26 11:02:37+05:30,1003.1,57,996.92,4437356,429571.0,470144.0,986.2,1004.2,981.3,986.2,120381750,1084.8,887.6,1102.5,649.1,1003.0,116,2,1002.9,9,1,1002.8,5,1,1002.7,369,3,1002.6,701,5,1003.1,664,4,1003.2,480,5,1003.3,628,6,1003.4,836,9,1003.5,1685,18
317,2025-11-26 11:02:37+05:30,1003.1,57,996.92,4438106,429566.0,468826.0,986.2,1004.2,981.3,986.2,120381750,1084.8,887.6,1102.5,649.1,1003.0,125,3,1002.8,5,1,1002.7,369,3,1002.6,615,4,1002.5,882,13,1003.1,368,3,1003.2,185,4,1003.3,579,5,1003.4,836,9,1003.5,1622,16
317,2025-11-26 11:02:38+05:30,1003.0,1,996.92,4438106,429566.0,468826.0,986.2,1004.2,981.3,986.2,120381750,1084.8,887.6,1102.5,649.1,1003.0,125,3,1002.8,5,1,1002.7,369,3,1002.6,615,4,1002.5,882,13,1003.1,368,3,1003.2,185,4,1003.3,579,5,1003.4,836,9,1003.5,1622,16
317,2025-11-26 11:02:38+05:30,1003.0,1,996.92,4438107,429614.0,468843.0,986.2,1004.2,981.3,986.2,120381750,1084.8,887.6,1102.5,649.1,1003.0,124,3,1002.8,5,1,1002.7,369,3,1002.6,615,4,1002.5,913,15,1003.1,368,3,1003.2,136,3,1003.3,530,4,1003.4,836,9,1003.5,1622,16
317,2025-11-26 11:02:39+05:30,1003.1,101,996.92,4438107,429614.0,468843.0,986.2,1004.2,981.3,986.2,120381750,1084.8,887.6,1102.5,649.1,1003.0,124,3,1002.8,5,1,1002.7,369,3,1002.6,615,4,1002.5,913,15,1003.1,368,3,1003.2,136,3,1003.3,530,4,1003.4,836,9,1003.5,1622,16
317,2025-11-26 11:02:39+05:30,1003.1,101,996.92,4438293,429856.0,468858.0,986.2,1004.2,981.3,986.2,120381750,1084.8,887.6,1102.5,649.1,1003.0,123,3,1002.8,5,1,1002.7,369,3,1002.6,615,4,1002.5,913,15,1003.1,311,4,1003.2,209,4,1003.3,579,5,1003.4,836,9,1003.5,1622,16
317,2025-11-26 11:02:40+05:30,1003.0,406,996.93,4439337,427581.0,469991.0,986.2,1004.2,981.3,986.2,120381750,1084.8,887.6,1102.5,649.1,1002.6,5,1,1002.5,331,5,1002.4,741,7,1002.3,856,7,1002.2,1267,11,1003.0,148,3,1003.1,1073,11,1003.2,1071,10,1003.3,899,8,1003.4,1217,14
317,2025-11-26 11:02:41+05:30,1003.0,406,996.93,4439337,427581.0,469991.0,986.2,1004.2,981.3,986.2,120381750,1084.8,887.6,1102.5,649.1,1002.6,5,1,1002.5,331,5,1002.4,741,7,1002.3,856,7,1002.2,1267,11,1003.0,148,3,1003.1,1073,11,1003.2,1071,10,1003.3,899,8,1003.4,1217,14
317,2025-11-26 11:02:41+05:30,1003.0,406,996.93,4439337,427105.0,470581.0,986.2,1004.2,981.3,986.2,120381750,1084.8,887.6,1102.5,649.1,1002.6,5,1,1002.5,331,5,1002.4,607,5,1002.3,734,6,1002.2,1341,16,1003.0,1096,7,1003.1,1187,11,1003.2,545,9,1003.3,1148,12,1003.4,1031,12
317,2025-11-26 11:02:42+05:30,1002.6,5,996.93,4439342,426249.0,469782.0,986.2,1004.2,981.3,986.2,120381750,1084.8,887.6,1102.5,649.1,1002.5,124,3,1002.4,922,6,1002.3,734,6,1002.2,1007,15,1002.1,908,9,1003.0,1047,6,1003.1,1387,12,1003.2,545,9,1003.3,1398,13,1003.4,781,11
317,2025-11-26 11:02:43+05:30,1002.6,5,996.93,4439342,426249.0,469782.0,986.2,1004.2,981.3,986.2,120381750,1084.8,887.6,1102.5,649.1,1002.5,124,3,1002.4,922,6,1002.3,734,6,1002.2,1007,15,1002.1,908,9,1003.0,1047,6,1003.1,1387,12,1003.2,545,9,1003.3,1398,13,1003.4,781,11
317,2025-11-26 11:02:43+05:30,1002.6,5,996.93,4439342,426251.0,469862.0,986.2,1004.2,981.3,986.2,120381750,1084.8,887.6,1102.5,649.1,1002.5,124,3,1002.4,922,6,1002.3,734,6,1002.2,1007,15,1002.1,908,9,1003.0,1047,6,1003.1,1387,12,1003.2,545,9,1003.3,1398,13,1003.4,781,11
317,2025-11-26 11:02:44+05:30,1003.0,88,996.93,4439342,426251.0,469862.0,986.2,1004.2,981.3,986.2,120381750,1084.8,887.6,1102.5,649.1,1002.5,124,3,1002.4,922,6,1002.3,734,6,1002.2,1007,15,1002.1,908,9,1003.0,1047,6,1003.1,1387,12,1003.2,545,9,1003.3,1398,13,1003.4,781,11
317,2025-11-26 11:02:44+05:30,1003.0,3,996.93,4439529,428570.0,468976.0,986.2,1004.2,981.3,986.2,120381750,1084.8,887.6,1102.5,649.1,1002.7,10,1,1002.6,117,2,1002.5,532,7,1002.4,1191,9,1002.3,1015,10,1003.0,97,2,1003.1,734,6,1003.2,786,5,1003.3,1197,11,1003.4,1037,14
317,2025-11-26 11:02:45+05:30,1003.0,3,996.93,4439529,428570.0,468976.0,986.2,1004.2,981.3,986.2,120381750,1084.8,887.6,1102.5,649.1,1002.7,10,1,1002.6,117,2,1002.5,532,7,1002.4,1191,9,1002.3,1015,10,1003.0,97,2,1003.1,734,6,1003.2,786,5,1003.3,1197,11,1003.4,1037,14
317,2025-11-26 11:02:45+05:30,1002.7,10,996.93,4439539,426982.0,472069.0,986.2,1004.2,981.3,986.2,120381750,1084.8,887.6,1102.5,649.1,1002.6,184,1,1002.5,307,4,1002.4,913,6,1002.3,750,7,1002.2,971,15,1002.7,83,1,1003.0,277,3,1003.1,875,9,1003.2,1036,9,1003.3,1026,11
317,2025-11-26 11:02:46+05:30,1002.7,10,996.93,4439539,426982.0,472069.0,986.2,1004.2,981.3,986.2,120381750,1084.8,887.6,1102.5,649.1,1002.6,184,1,1002.5,307,4,1002.4,913,6,1002.3,750,7,1002.2,971,15,1002.7,83,1,1003.0,277,3,1003.1,875,9,1003.2,1036,9,1003.3,1026,11
317,2025-11-26 11:02:46+05:30,1002.7,1,996.93,4439541,427003.0,472024.0,986.2,1004.2,981.3,986.2,120381750,1084.8,887.6,1102.5,649.1,1002.6,184,1,1002.5,147,2,1002.4,913,6,1002.3,825,8,1002.2,971,15,1002.7,81,1,1003.0,277,3,1003.1,1130,12,1003.2,1036,9,1003.3,1417,12
317,2025-11-26 11:02:47+05:30,1002.7,1,996.93,4439541,427003.0,472024.0,986.2,1004.2,981.3,986.2,120381750,1084.8,887.6,1102.5,649.1,1002.6,184,1,1002.5,147,2,1002.4,913,6,1002.3,825,8,1002.2,971,15,1002.7,81,1,1003.0,277,3,1003.1,1130,12,1003.2,1036,9,1003.3,1417,12
317,2025-11-26 11:02:47+05:30,1003.0,30,996.93,4440301,427688.0,468241.0,986.2,1004.2,981.3,986.2,120381750,1084.8,887.6,1102.5,649.1,1002.6,750,1,1002.5,287,4,1002.4,1089,8,1002.3,926,7,1002.2,1423,17,1003.1,1009,10,1003.2,376,5,1003.3,834,8,1003.4,1251,9,1003.5,1240,13
317,2025-11-26 11:02:48+05:30,1003.0,30,996.93,4440301,427688.0,468241.0,986.2,1004.2,981.3,986.2,120381750,1084.8,887.6,1102.5,649.1,1002.6,750,1,1002.5,287,4,1002.4,1089,8,1002.3,926,7,1002.2,1423,17,1003.1,1009,10,1003.2,376,5,1003.3,834,8,1003.4,1251,9,1003.5,1240,13
317,2025-11-26 11:02:48+05:30,1003.0,30,996.93,4440301,427716.0,468783.0,986.2,1004.2,981.3,986.2,120381750,1084.8,887.6,1102.5,649.1,1002.6,750,1,1002.5,287,4,1002.4,1089,8,1002.3,926,7,1002.2,1423,17,1003.1,1211,11,1003.2,353,5,1003.3,880,11,1003.4,1818,15,1003.5,990,12
317,2025-11-26 11:02:49+05:30,1003.1,3,996.93,4440301,427716.0,468783.0,986.2,1004.2,981.3,986.2,120381750,1084.8,887.6,1102.5,649.1,1002.6,750,1,1002.5,287,4,1002.4,1089,8,1002.3,926,7,1002.2,1423,17,1003.1,1211,11,1003.2,353,5,1003.3,880,11,1003.4,1818,15,1003.5,990,12
317,2025-11-26 11:02:49+05:30,1002.7,731,996.93,4441237,427427.0,471603.0,986.2,1004.2,981.3,986.2,120381750,1084.8,887.6,1102.5,649.1,1002.6,1160,3,1002.5,177,3,1002.4,864,5,1002.3,902,7,1002.2,874,14,1002.7,98,1,1003.0,71,1,1003.1,871,8,1003.2,1058,9,1003.3,1175,13
317,2025-11-26 11:02:50+05:30,1002.7,731,996.93,4441237,427427.0,471603.0,986.2,1004.2,981.3,986.2,120381750,1084.8,887.6,1102.5,649.1,1002.6,1160,3,1002.5,177,3,1002.4,864,5,1002.3,902,7,1002.2,874,14,1002.7,98,1,1003.0,71,1,1003.1,871,8,1003.2,1058,9,1003.3,1175,13
317,2025-11-26 11:02:50+05:30,1002.4,72,996.93,4442314,424366.0,473577.0,986.2,1004.2,981.3,986.2,120381750,1084.8,887.6,1102.5,649.1,1002.3,441,3,1002.2,879,9,1002.1,814,7,1002.0,1653,21,1001.9,1495,12,1002.7,98,1,1002.8,458,3,1002.9,698,7,1003.0,810,9,1003.1,1415,14
317,2025-11-26 11:02:51+05:30,1002.4,72,996.93,4442314,424366.0,473577.0,986.2,1004.2,981.3,986.2,120381750,1084.8,887.6,1102.5,649.1,1002.3,441,3,1002.2,879,9,1002.1,814,7,1002.0,1653,21,1001.9,1495,12,1002.7,98,1,1002.8,458,3,1002.9,698,7,1003.0,810,9,1003.1,1415,14
317,2025-11-26 11:02:51+05:30,1002.4,72,996.93,4442314,424079.0,474940.0,986.2,1004.2,981.3,986.2,120381750,1084.8,887.6,1102.5,649.1,1002.2,597,5,1002.1,958,6,1002.0,1526,20,1001.9,1081,11,1001.8,921,10,1002.6,9,1,1002.7,257,2,1002.8,428,2,1002.9,837,12,1003.0,1416,11
317,2025-11-26 11:02:52+05:30,1002.2,1,996.93,4442317,424088.0,475622.0,986.2,1004.2,981.3,986.2,120381750,1084.8,887.6,1102.5,649.1,1002.2,145,2,1002.1,1018,7,1002.0,1594,21,1001.9,1081,11,1001.8,894,9,1002.6,58,2,1002.7,551,4,1002.8,1178,7,1002.9,937,12,1003.0,1002,11
317,2025-11-26 11:02:53+05:30,1002.2,1,996.93,4442317,424088.0,475622.0,986.2,1004.2,981.3,986.2,120381750,1084.8,887.6,1102.5,649.1,1002.2,145,2,1002.1,1018,7,1002.0,1594,21,1001.9,1081,11,1001.8,894,9,1002.6,58,2,1002.7,551,4,1002.8,1178,7,1002.9,937,12,1003.0,1002,11
317,2025-11-26 11:02:53+05:30,1002.2,1,996.93,4442317,424039.0,475437.0,986.2,1004.2,981.3,986.2,120381750,1084.8,887.6,1102.5,649.1,1002.2,145,2,1002.1,890,5,1002.0,1594,21,1001.9,1081,11,1001.8,894,9,1002.6,58,2,1002.7,551,4,1002.8,1178,7,1002.9,937,12,1003.0,1002,11
317,2025-11-26 11:02:54+05:30,1002.6,19,996.93,4442317,424039.0,475437.0,986.2,1004.2,981.3,986.2,120381750,1084.8,887.6,1102.5,649.1,1002.2,145,2,1002.1,890,5,1002.0,1594,21,1001.9,1081,11,1001.8,894,9,1002.6,58,2,1002.7,551,4,1002.8,1178,7,1002.9,937,12,1003.0,1002,11
317,2025-11-26 11:02:54+05:30,1002.7,14,996.93,4442552,423853.0,475241.0,986.2,1004.2,981.3,986.2,120381750,1084.8,887.6,1102.5,649.1,1002.6,19,1,1002.3,114,1,1002.2,256,3,1002.1,1004,7,1002.0,1457,19,1002.7,1018,6,1002.8,529,4,1002.9,504,7,1003.0,1136,9,1003.1,1643,16
317,2025-11-26 11:02:55+05:30,1002.7,14,996.93,4442552,423853.0,475241.0,986.2,1004.2,981.3,986.2,120381750,1084.8,887.6,1102.5,649.1,1002.6,19,1,1002.3,114,1,1002.2,256,3,1002.1,1004,7,1002.0,1457,19,1002.7,1018,6,1002.8,529,4,1002.9,504,7,1003.0,1136,9,1003.1,1643,16
317,2025-11-26 11:02:55+05:30,1002.7,14,996.93,4442552,423692.0,475306.0,986.2,1004.2,981.3,986.2,120381750,1084.8,887.6,1102.5,649.1,1002.6,19,1,1002.3,114,1,1002.2,278,4,1002.1,1004,7,1002.0,1457,19,1002.7,1059,7,1002.8,579,5,1002.9,504,7,1003.0,1141,10,1003.1,1669,18
317,2025-11-26 11:02:56+05:30,1002.7,61,996.93,4442552,423692.0,475306.0,986.2,1004.2,981.3,986.2,120381750,1084.8,887.6,1102.5,649.1,1002.6,19,1,1002.3,114,1,1002.2,278,4,1002.1,1004,7,1002.0,1457,19,1002.7,1059,7,1002.8,579,5,1002.9,504,7,1003.0,1141,10,1003.1,1669,18
317,2025-11-26 11:02:56+05:30,1002.7,61,996.93,4442613,424093.0,474405.0,986.2,1004.2,981.3,986.2,120381750,1084.8,887.6,1102.5,649.1,1002.2,528,6,1002.1,1023,7,1002.0,1457,19,1001.9,1321,11,1001.8,700,8,1002.7,452,3,1002.8,861,9,1002.9,504,7,1003.0,789,12,1003.1,1895,19
317,2025-11-26 11:02:57+05:30,1002.7,5,996.93,4442618,424093.0,474400.0,986.2,1004.2,981.3,986.2,120381750,1084.8,887.6,1102.5,649.1,1002.2,528,6,1002.1,1023,7,1002.0,1457,19,1001.9,1321,11,1001.8,700,8,1002.7,448,4,1002.8,876,10,1002.9,488,6,1003.0,789,12,1003.1,1895,19
317,2025-11-26 11:02:58+05:30,1002.7,5,996.93,4442618,424093.0,474400.0,986.2,1004.2,981.3,986.2,120381750,1084.8,887.6,1102.5,649.1,1002.2,528,6,1002.1,1023,7,1002.0,1457,19,1001.9,1321,11,1001.8,700,8,1002.7,448,4,1002.8,876,10,1002.9,488,6,1003.0,789,12,1003.1,1895,19
317,2025-11-26 11:02:58+05:30,1002.7,5,996.93,4442618,424072.0,474400.0,986.2,1004.2,981.3,986.2,120381750,1084.8,887.6,1102.5,649.1,1002.2,507,5,1002.1,1023,7,1002.0,1457,19,1001.9,1321,11,1001.8,700,8,1002.7,448,4,1002.8,876,10,1002.9,488,6,1003.0,789,12,1003.1,1895,19
317,2025-11-26 11:02:59+05:30,1002.7,106,996.93,4442618,424072.0,474400.0,986.2,1004.2,981.3,986.2,120381750,1084.8,887.6,1102.5,649.1,1002.2,507,5,1002.1,1023,7,1002.0,1457,19,1001.9,1321,11,1001.8,700,8,1002.7,448,4,1002.8,876,10,1002.9,488,6,1003.0,789,12,1003.1,1895,19
317,2025-11-26 11:02:59+05:30,1002.7,106,996.93,4442803,424859.0,474350.0,986.2,1004.2,981.3,986.2,120381750,1084.8,887.6,1102.5,649.1,1002.2,529,6,1002.1,1023,7,1002.0,1457,19,1001.9,1336,12,1001.8,700,8,1002.7,384,4,1002.8,808,9,1002.9,556,7,1003.0,1369,13,1003.1,1895,19
317,2025-11-26 11:03:00+05:30,1002.6,10,996.93,4444321,422535.0,474835.0,986.2,1004.2,981.3,986.2,120381750,1084.8,887.6,1102.5,649.1,1002.1,87,1,1002.0,444,5,1001.9,892,7,1001.8,829,9,1001.7,1691,16,1002.6,668,9,1002.7,1182,13,1002.8,1060,15,1002.9,1142,12,1003.0,713,15
317,2025-11-26 11:03:01+05:30,1002.6,10,996.93,4444321,422535.0,474835.0,986.2,1004.2,981.3,986.2,120381750,1084.8,887.6,1102.5,649.1,1002.1,87,1,1002.0,444,5,1001.9,892,7,1001.8,829,9,1001.7,1691,16,1002.6,668,9,1002.7,1182,13,1002.8,1060,15,1002.9,1142,12,1003.0,713,15
317,2025-11-26 11:03:01+05:30,1002.6,10,996.93,4444321,423863.0,474770.0,986.2,1004.2,981.3,986.2,120381750,1084.8,887.6,1102.5,649.1,1002.1,111,2,1002.0,444,5,1001.9,892,7,1001.8,1372,13,1001.7,1441,15,1002.6,456,6,1002.7,1018,9,1002.8,1014,12,1002.9,1011,16,1003.0,1111,19
317,2025-11-26 11:03:02+05:30,1002.6,10,996.93,4444321,426087.0,475679.0,986.2,1004.2,981.3,986.2,120381750,1084.8,887.6,1102.5,649.1,1002.5,10,1,1002.2,310,2,1002.1,406,4,1002.0,806,7,1001.9,710,9,1002.6,159,3,1002.7,944,9,1002.8,677,6,1002.9,864,12,1003.0,812,17
317,2025-11-26 11:03:03+05:30,1002.5,9,996.93,4444330,425918.0,475668.0,986.2,1004.2,981.3,986.2,120381750,1084.8,887.6,1102.5,649.1,1002.5,1,1,1002.2,310,2,1002.1,406,4,1002.0,855,8,1001.9,710,9,1002.6,319,5,1002.7,920,9,1002.8,677,6,1002.9,803,11,1003.0,812,17
317,2025-11-26 11:03:04+05:30,1002.6,26,996.93,4444330,425918.0,475668.0,986.2,1004.2,981.3,986.2,120381750,1084.8,887.6,1102.5,649.1,1002.5,1,1,1002.2,310,2,1002.1,406,4,1002.0,855,8,1001.9,710,9,1002.6,319,5,1002.7,920,9,1002.8,677,6,1002.9,803,11,1003.0,812,17
317,2025-11-26 11:03:04+05:30,1002.6,26,996.93,4444515,426082.0,475771.0,986.2,1004.2,981.3,986.2,120381750,1084.8,887.6,1102.5,649.1,1002.5,21,2,1002.2,425,4,1002.1,1050,7,1002.0,594,7,1001.9,960,10,1002.6,63,2,1002.7,798,7,1002.8,738,7,1002.9,836,10,1003.0,999,15
317,2025-11-26 11:03:05+05:30,1002.6,26,996.93,4444515,426336.0,475756.0,986.2,1004.2,981.3,986.2,120381750,1084.8,887.6,1102.5,649.1,1002.5,21,2,1002.3,202,1,1002.2,701,5,1002.1,834,7,1002.0,665,8,1002.6,63,2,1002.7,727,6,1002.8,799,8,1002.9,775,9,1003.0,1013,16
317,2025-11-26 11:03:06+05:30,1002.6,26,996.93,4444515,426336.0,475758.0,986.2,1004.2,981.3,986.2,120381750,1084.8,887.6,1102.5,649.1,1002.5,21,2,1002.3,202,1,1002.2,701,5,1002.1,834,7,1002.0,665,8,1002.6,63,2,1002.7,727,6,1002.8,799,8,1002.9,775,9,1003.0,1013,16
317,2025-11-26 11:03:07+05:30,1002.6,26,996.93,4444515,426506.0,475661.0,986.2,1004.2,981.3,986.2,120381750,1084.8,887.6,1102.5,649.1,1002.5,34,3,1002.3,366,2,1002.2,671,4,1002.1,834,7,1002.0,867,9,1002.6,105,3,1002.7,764,7,1002.8,613,6,1002.9,775,9,1003.0,1013,16
317,2025-11-26 11:03:08+05:30,1002.6,52,996.93,4444672,426088.0,475701.0,986.2,1004.2,981.3,986.2,120381750,1084.8,887.6,1102.5,649.1,1002.5,34,3,1002.3,337,2,1002.2,625,4,1002.1,760,7,1002.0,1156,11,1002.6,51,3,1002.7,421,5,1002.8,552,5,1002.9,1371,11,1003.0,991,16
317,2025-11-26 11:03:09+05:30,1002.6,14,996.93,4444672,426088.0,475701.0,986.2,1004.2,981.3,986.2,120381750,1084.8,887.6,1102.5,649.1,1002.5,34,3,1002.3,337,2,1002.2,625,4,1002.1,760,7,1002.0,1156,11,1002.6,51,3,1002.7,421,5,1002.8,552,5,1002.9,1371,11,1003.0,991,16
317,2025-11-26 11:03:09+05:30,1002.6,14,996.93,4444831,426293.0,475300.0,986.2,1004.2,981.3,986.2,120381750,1084.8,887.6,1102.5,649.1,1002.6,5,1,1002.5,34,3,1002.3,337,2,1002.2,908,5,1002.1,877,11,1002.7,421,5,1002.8,534,5,1002.9,1310,10,1003.0,885,15,1003.1,1992,22
317,2025-11-26 11:03:10+05:30,1002.6,3,996.93,4444860,425518.0,475574.0,986.2,1004.2,981.3,986.2,120381750,1084.8,887.6,1102.5,649.1,1002.5,21,2,1002.3,202,1,1002.2,625,4,1002.1,629,7,1002.0,996,13,1002.6,67,1,1002.7,421,5,1002.8,552,5,1002.9,1214,10,1003.0,885,15
317,2025-11-26 11:03:11+05:30,1002.6,3,996.93,4444860,425518.0,475574.0,986.2,1004.2,981.3,986.2,120381750,1084.8,887.6,1102.5,649.1,1002.5,21,2,1002.3,202,1,1002.2,625,4,1002.1,629,7,1002.0,996,13,1002.6,67,1,1002.7,421,5,1002.8,552,5,1002.9,1214,10,1003.0,885,15
317,2025-11-26 11:03:11+05:30,1002.6,3,996.93,4444860,425700.0,475595.0,986.2,1004.2,981.3,986.2,120381750,1084.8,887.6,1102.5,649.1,1002.5,31,3,1002.3,202,1,1002.2,625,4,1002.1,923,8,1002.0,828,14,1002.6,116,2,1002.7,531,7,1002.8,491,4,1002.9,618,8,1003.0,1404,16
317,2025-11-26 11:03:12+05:30,1002.6,1,996.93,4444860,425700.0,475595.0,986.2,1004.2,981.3,986.2,120381750,1084.8,887.6,1102.5,649.1,1002.5,31,3,1002.3,202,1,1002.2,625,4,1002.1,923,8,1002.0,828,14,1002.6,116,2,1002.7,531,7,1002.8,491,4,1002.9,618,8,1003.0,1404,16
317,2025-11-26 11:03:12+05:30,1002.6,1,996.93,4444861,425293.0,475251.0,986.2,1004.2,981.3,986.2,120381750,1084.8,887.6,1102.5,649.1,1002.5,31,3,1002.2,395,3,1002.1,923,8,1002.0,854,16,1001.9,702,8,1002.6,156,3,1002.7,660,7,1002.8,438,5,1002.9,618,8,1003.0,1404,16
317,2025-11-26 11:03:13+05:30,1002.5,4,996.93,4444866,425853.0,474859.0,986.2,1004.2,981.3,986.2,120381750,1084.8,887.6,1102.5,649.1,1002.5,26,2,1002.2,395,3,1002.1,923,8,1002.0,854,16,1001.9,702,8,1002.6,175,4,1002.7,660,7,1002.8,517,6,1002.9,540,8,1003.0,1530,17
317,2025-11-26 11:03:14+05:30,1002.6,9,996.93,4444866,425853.0,474859.0,986.2,1004.2,981.3,986.2,120381750,1084.8,887.6,1102.5,649.1,1002.5,26,2,1002.2,395,3,1002.1,923,8,1002.0,854,16,1001.9,702,8,1002.6,175,4,1002.7,660,7,1002.8,517,6,1002.9,540,8,1003.0,1530,17
317,2025-11-26 11:03:14+05:30,1002.6,46,996.93,4445214,425854.0,475285.0,986.2,1004.2,981.3,986.2,120381750,1084.8,887.6,1102.5,649.1,1002.5,26,2,1002.2,395,3,1002.1,936,9,1002.0,841,15,1001.9,702,8,1002.6,140,3,1002.7,676,7,1002.8,572,7,1002.9,540,8,1003.0,1530,17
317,2025-11-26 11:03:15+05:30,1002.6,12,996.93,4445214,425854.0,475285.0,986.2,1004.2,981.3,986.2,120381750,1084.8,887.6,1102.5,649.1,1002.5,26,2,1002.2,395,3,1002.1,936,9,1002.0,841,15,1001.9,702,8,1002.6,140,3,1002.7,676,7,1002.8,572,7,1002.9,540,8,1003.0,1530,17
317,2025-11-26 11:03:15+05:30,1002.5,10,996.93,4445255,424564.0,476449.0,986.2,1004.2,981.3,986.2,120381750,1084.8,887.6,1102.5,649.1,1002.1,500,6,1002.0,846,15,1001.9,988,10,1001.8,865,8,1001.7,1617,11,1002.5,89,2,1002.6,358,5,1002.7,1213,9,1002.8,692,9,1002.9,908,14
317,2025-11-26 11:03:16+05:30,1002.5,10,996.93,4445255,424564.0,476449.0,986.2,1004.2,981.3,986.2,120381750,1084.8,887.6,1102.5,649.1,1002.1,500,6,1002.0,846,15,1001.9,988,10,1001.8,865,8,1001.7,1617,11,1002.5,89,2,1002.6,358,5,1002.7,1213,9,1002.8,692,9,1002.9,908,14
317,2025-11-26 11:03:16+05:30,1002.1,1,996.93,4445256,424795.0,476554.0,986.2,1004.2,981.3,986.2,120381750,1084.8,887.6,1102.5,649.1,1002.1,455,6,1002.0,833,14,1001.9,1014,12,1001.8,865,8,1001.7,1617,11,1002.5,89,2,1002.6,472,6,1002.7,642,8,1002.8,1180,10,1002.9,908,14
317,2025-11-26 11:03:17+05:30,1002.1,1,996.93,4445256,424795.0,476554.0,986.2,1004.2,981.3,986.2,120381750,1084.8,887.6,1102.5,649.1,1002.1,455,6,1002.0,833,14,1001.9,1014,12,1001.8,865,8,1001.7,1617,11,1002.5,89,2,1002.6,472,6,1002.7,642,8,1002.8,1180,10,1002.9,908,14
317,2025-11-26 11:03:17+05:30,1002.1,1,996.93,4445256,424684.0,476565.0,986.2,1004.2,981.3,986.2,120381750,1084.8,887.6,1102.5,649.1,1002.1,344,5,1002.0,833,14,1001.9,1014,12,1001.8,865,8,1001.7,1617,11,1002.5,89,2,1002.6,483,7,1002.7,642,8,1002.8,1149,8,1002.9,908,14
317,2025-11-26 11:03:18+05:30,1002.5,4,996.93,4445256,424684.0,476565.0,986.2,1004.2,981.3,986.2,120381750,1084.8,887.6,1102.5,649.1,1002.1,344,5,1002.0,833,14,1001.9,1014,12,1001.8,865,8,1001.7,1617,11,1002.5,89,2,1002.6,483,7,1002.7,642,8,1002.8,1149,8,1002.9,908,14
317,2025-11-26 11:03:18+05:30,1002.5,551,996.93,4446211,423527.0,475031.0,986.2,1004.2,981.3,986.2,120381750,1084.8,887.6,1102.5,649.1,1002.1,87,1,1002.0,701,9,1001.9,835,6,1001.8,691,6,1001.7,1629,12,1002.5,96,1,1002.6,292,6,1002.7,633,8,1002.8,1308,11,1002.9,1321,16
317,2025-11-26 11:03:19+05:30,1002.5,114,996.93,4446211,423527.0,475031.0,986.2,1004.2,981.3,986.2,120381750,1084.8,887.6,1102.5,649.1,1002.1,87,1,1002.0,701,9,1001.9,835,6,1001.8,691,6,1001.7,1629,12,1002.5,96,1,1002.6,292,6,1002.7,633,8,1002.8,1308,11,1002.9,1321,16
317,2025-11-26 11:03:19+05:30,1002.5,114,996.93,4446326,425473.0,476707.0,986.2,1004.2,981.3,986.2,120381750,1084.8,887.6,1102.5,649.1,1002.5,19,1,1002.2,112,1,1002.1,401,3,1002.0,880,11,1001.9,994,11,1002.6,704,7,1002.7,971,11,1002.8,1161,10,1002.9,931,15,1003.0,1152,17
317,2025-11-26 11:03:20+05:30,1002.1,1,996.94,4446570,424294.0,477471.0,986.2,1004.2,981.3,986.2,120381750,1084.8,887.6,1102.5,649.1,1002.1,71,2,1002.0,701,9,1001.9,997,11,1001.8,780,6,1001.7,1678,15,1002.5,3,1,1002.6,862,9,1002.7,787,12,1002.8,1257,9,1002.9,1261,16
317,2025-11-26 11:03:21+05:30,1002.1,1,996.94,4446570,424294.0,477471.0,986.2,1004.2,981.3,986.2,120381750,1084.8,887.6,1102.5,649.1,1002.1,71,2,1002.0,701,9,1001.9,997,11,1001.8,780,6,1001.7,1678,15,1002.5,3,1,1002.6,862,9,1002.7,787,12,1002.8,1257,9,1002.9,1261,16
317,2025-11-26 11:03:21+05:30,1002.1,1,996.94,4446570,424294.0,477471.0,986.2,1004.2,981.3,986.2,120381750,1084.8,887.6,1102.5,649.1,1002.1,71,2,1002.0,701,9,1001.9,997,11,1001.8,780,6,1001.7,1678,15,1002.5,3,1,1002.6,974,10,1002.7,787,12,1002.8,1257,9,1002.9,1261,16
317,2025-11-26 11:03:22+05:30,1002.1,1,996.94,4446570,424144.0,477471.0,986.2,1004.2,981.3,986.2,120381750,1084.8,887.6,1102.5,649.1,1002.1,71,2,1002.0,701,9,1001.9,997,11,1001.8,780,6,1001.7,1678,15,1002.5,3,1,1002.6,974,10,1002.7,787,12,1002.8,1257,9,1002.9,1261,16
317,2025-11-26 11:03:23+05:30,1002.1,29,996.94,4446570,424144.0,477471.0,986.2,1004.2,981.3,986.2,120381750,1084.8,887.6,1102.5,649.1,1002.1,71,2,1002.0,701,9,1001.9,997,11,1001.8,780,6,1001.7,1678,15,1002.5,3,1,1002.6,974,10,1002.7,787,12,1002.8,1257,9,1002.9,1261,16
317,2025-11-26 11:03:23+05:30,1002.1,29,996.94,4446599,424020.0,476832.0,986.2,1004.2,981.3,986.2,120381750,1084.8,887.6,1102.5,649.1,1002.0,363,8,1001.9,784,8,1001.8,701,5,1001.7,1678,15,1001.6,1756,13,1002.5,174,5,1002.6,1070,12,1002.7,732,11,1002.8,1446,12,1002.9,1018,14
317,2025-11-26 11:03:24+05:30,1002.5,60,996.94,4446599,424020.0,476832.0,986.2,1004.2,981.3,986.2,120381750,1084.8,887.6,1102.5,649.1,1002.0,363,8,1001.9,784,8,1001.8,701,5,1001.7,1678,15,1001.6,1756,13,1002.5,174,5,1002.6,1070,12,1002.7,732,11,1002.8,1446,12,1002.9,1018,14
317,2025-11-26 11:03:24+05:30,1002.5,65,996.94,4448185,421821.0,475569.0,986.2,1004.2,981.3,986.2,120381750,1084.8,887.6,1102.5,649.1,1002.0,87,1,1001.9,281,4,1001.8,753,5,1001.7,1215,10,1001.6,1954,12,1002.5,301,6,1002.6,997,10,1002.7,701,10,1002.8,1237,12,1002.9,1044,16
317,2025-11-26 11:03:25+05:30,1002.5,65,996.94,4448185,421821.0,475569.0,986.2,1004.2,981.3,986.2,120381750,1084.8,887.6,1102.5,649.1,1002.0,87,1,1001.9,281,4,1001.8,753,5,1001.7,1215,10,1001.6,1954,12,1002.5,301,6,1002.6,997,10,1002.7,701,10,1002.8,1237,12,1002.9,1044,16
317,2025-11-26 11:03:25+05:30,1002.0,34,996.94,4448882,423355.0,476554.0,986.2,1004.2,981.3,986.2,120381750,1084.8,887.6,1102.5,649.1,1002.4,750,1,1002.2,34,2,1002.1,106,1,1002.0,825,7,1001.9,685,7,1002.6,833,7,1002.7,626,9,1002.8,713,10,1002.9,1080,17,1003.0,1539,13
317,2025-11-26 11:03:26+05:30,1002.0,34,996.94,4448882,423355.0,476554.0,986.2,1004.2,981.3,986.2,120381750,1084.8,887.6,1102.5,649.1,1002.4,750,1,1002.2,34,2,1002.1,106,1,1002.0,825,7,1001.9,685,7,1002.6,833,7,1002.7,626,9,1002.8,713,10,1002.9,1080,17,1003.0,1539,13
317,2025-11-26 11:03:26+05:30,1002.4,29,996.94,4448911,423278.0,475498.0,986.2,1004.2,981.3,986.2,120381750,1084.8,887.6,1102.5,649.1,1002.4,721,1,1002.2,147,3,1002.1,413,2,1002.0,841,8,1001.9,685,7,1002.6,338,4,1002.7,421,7,1002.8,1238,10,1002.9,1130,18,1003.0,1539,13
317,2025-11-26 11:03:27+05:30,1002.4,29,996.94,4448911,423278.0,475498.0,986.2,1004.2,981.3,986.2,120381750,1084.8,887.6,1102.5,649.1,1002.4,721,1,1002.2,147,3,1002.1,413,2,1002.0,841,8,1001.9,685,7,1002.6,338,4,1002.7,421,7,1002.8,1238,10,1002.9,1130,18,1003.0,1539,13
317,2025-11-26 11:03:27+05:30,1002.4,3,996.94,4448914,426626.0,475654.0,986.2,1004.2,981.3,986.2,120381750,1084.8,887.6,1102.5,649.1,1002.4,718,1,1002.2,468,3,1002.1,505,3,1002.0,956,9,1001.9,805,9,1002.5,253,1,1002.6,388,5,1002.7,372,6,1002.8,689,11,1002.9,1609,17
317,2025-11-26 11:03:28+05:30,1002.4,3,996.94,4448914,426626.0,475654.0,986.2,1004.2,981.3,986.2,120381750,1084.8,887.6,1102.5,649.1,1002.4,718,1,1002.2,468,3,1002.1,505,3,1002.0,956,9,1001.9,805,9,1002.5,253,1,1002.6,388,5,1002.7,372,6,1002.8,689,11,1002.9,1609,17
317,2025-11-26 11:03:28+05:30,1002.4,29,996.94,4448943,426619.0,475683.0,986.2,1004.2,981.3,986.2,120381750,1084.8,887.6,1102.5,649.1,1002.4,689,1,1002.2,468,3,1002.1,527,4,1002.0,956,9,1001.9,805,9,1002.5,253,1,1002.6,388,5,1002.7,372,6,1002.8,689,11,1002.9,1622,18
317,2025-11-26 11:03:29+05:30,1002.5,185,996.94,4448943,426619.0,475683.0,986.2,1004.2,981.3,986.2,120381750,1084.8,887.6,1102.5,649.1,1002.4,689,1,1002.2,468,3,1002.1,527,4,1002.0,956,9,1001.9,805,9,1002.5,253,1,1002.6,388,5,1002.7,372,6,1002.8,689,11,1002.9,1622,18
317,2025-11-26 11:03:29+05:30,1002.5,185,996.94,4449128,426674.0,475784.0,986.2,1004.2,981.3,986.2,120381750,1084.8,887.6,1102.5,649.1,1002.4,689,1,1002.2,468,3,1002.1,757,5,1002.0,956,9,1001.9,805,9,1002.5,218,2,1002.6,188,4,1002.7,372,6,1002.8,689,11,1002.9,1080,17
317,2025-11-26 11:03:31+05:30,1002.4,169,996.94,4449994,425630.0,476574.0,986.2,1004.2,981.3,986.2,120381750,1084.8,887.6,1102.5,649.1,1002.2,352,2,1002.0,909,8,1001.9,920,10,1001.8,1073,11,1001.7,1478,12,1002.4,95,1,1002.5,292,4,1002.6,408,6,1002.7,403,5,1002.8,1265,12
317,2025-11-26 11:03:31+05:30,1002.4,169,996.94,4449994,425630.0,476574.0,986.2,1004.2,981.3,986.2,120381750,1084.8,887.6,1102.5,649.1,1002.2,352,2,1002.0,909,8,1001.9,920,10,1001.8,1073,11,1001.7,1478,12,1002.4,95,1,1002.5,292,4,1002.6,408,6,1002.7,403,5,1002.8,1265,12
317,2025-11-26 11:03:32+05:30,1002.5,1,996.94,4449994,425630.0,476574.0,986.2,1004.2,981.3,986.2,120381750,1084.8,887.6,1102.5,649.1,1002.2,352,2,1002.0,909,8,1001.9,920,10,1001.8,1073,11,1001.7,1478,12,1002.4,95,1,1002.5,292,4,1002.6,408,6,1002.7,403,5,1002.8,1265,12
317,2025-11-26 11:03:32+05:30,1002.5,1,996.94,4451401,426677.0,475692.0,986.2,1004.2,981.3,986.2,120381750,1084.8,887.6,1102.5,649.1,1002.2,494,5,1002.1,449,6,1002.0,1120,9,1001.9,920,10,1001.8,1323,12,1002.5,253,3,1002.6,181,3,1002.7,228,2,1002.8,1134,10,1002.9,1205,19
317,2025-11-26 11:03:33+05:30,1002.4,223,996.94,4451401,426677.0,475692.0,986.2,1004.2,981.3,986.2,120381750,1084.8,887.6,1102.5,649.1,1002.2,494,5,1002.1,449,6,1002.0,1120,9,1001.9,920,10,1001.8,1323,12,1002.5,253,3,1002.6,181,3,1002.7,228,2,1002.8,1134,10,1002.9,1205,19
317,2025-11-26 11:03:33+05:30,1002.5,12,996.94,4452241,427063.0,475631.0,986.2,1004.2,981.3,986.2,120381750,1084.8,887.6,1102.5,649.1,1002.5,133,1,1002.2,405,3,1002.1,416,5,1002.0,1179,10,1001.9,1014,13,1002.6,265,4,1002.7,603,6,1002.8,1047,6,1002.9,1023,13,1003.0,1707,15
317,2025-11-26 11:03:34+05:30,1002.6,4,996.94,4452241,427063.0,475631.0,986.2,1004.2,981.3,986.2,120381750,1084.8,887.6,1102.5,649.1,1002.5,133,1,1002.2,405,3,1002.1,416,5,1002.0,1179,10,1001.9,1014,13,1002.6,265,4,1002.7,603,6,1002.8,1047,6,1002.9,1023,13,1003.0,1707,15
317,2025-11-26 11:03:34+05:30,1002.6,3,996.94,4452429,426608.0,475646.0,986.2,1004.2,981.3,986.2,120381750,1084.8,887.6,1102.5,649.1,1002.5,133,1,1002.2,516,4,1002.1,416,5,1002.0,1179,10,1001.9,812,12,1002.6,163,2,1002.7,603,6,1002.8,1091,9,1002.9,1084,17,1003.0,1969,17
317,2025-11-26 11:03:35+05:30,1002.6,5,996.94,4452429,426608.0,475646.0,986.2,1004.2,981.3,986.2,120381750,1084.8,887.6,1102.5,649.1,1002.5,133,1,1002.2,516,4,1002.1,416,5,1002.0,1179,10,1001.9,812,12,1002.6,163,2,1002.7,603,6,1002.8,1091,9,1002.9,1084,17,1003.0,1969,17
317,2025-11-26 11:03:35+05:30,1002.6,5,996.94,4452541,426715.0,475596.0,986.2,1004.2,981.3,986.2,120381750,1084.8,887.6,1102.5,649.1,1002.5,133,1,1002.2,623,5,1002.1,646,6,1002.0,1179,10,1001.9,812,12,1002.6,165,2,1002.7,438,3,1002.8,964,8,1002.9,1005,16,1003.0,1719,16
317,2025-11-26 11:03:36+05:30,1002.6,30,996.94,4452541,426715.0,475596.0,986.2,1004.2,981.3,986.2,120381750,1084.8,887.6,1102.5,649.1,1002.5,133,1,1002.2,623,5,1002.1,646,6,1002.0,1179,10,1001.9,812,12,1002.6,165,2,1002.7,438,3,1002.8,964,8,1002.9,1005,16,1003.0,1719,16
317,2025-11-26 11:03:36+05:30,1002.6,30,996.94,4452581,426710.0,475715.0,986.2,1004.2,981.3,986.2,120381750,1084.8,887.6,1102.5,649.1,1002.5,133,2,1002.2,623,5,1002.1,646,6,1002.0,1179,10,1001.9,812,12,1002.6,284,3,1002.7,370,2,1002.8,1032,9,1002.9,1084,17,1003.0,1719,16
317,2025-11-26 11:03:37+05:30,1002.6,1,996.94,4452581,426710.0,475715.0,986.2,1004.2,981.3,986.2,120381750,1084.8,887.6,1102.5,649.1,1002.5,133,2,1002.2,623,5,1002.1,646,6,1002.0,1179,10,1001.9,812,12,1002.6,284,3,1002.7,370,2,1002.8,1032,9,1002.9,1084,17,1003.0,1719,16
317,2025-11-26 11:03:37+05:30,1002.6,1,996.94,4452617,426806.0,475679.0,986.2,1004.2,981.3,986.2,120381750,1084.8,887.6,1102.5,649.1,1002.5,133,2,1002.2,623,5,1002.1,646,6,1002.0,1196,11,1001.9,812,12,1002.6,304,3,1002.7,314,2,1002.8,1081,10,1002.9,1084,17,1003.0,1719,16
317,2025-11-26 11:03:38+05:30,1002.6,1,996.94,4452617,426796.0,475779.0,986.2,1004.2,981.3,986.2,120381750,1084.8,887.6,1102.5,649.1,1002.5,133,2,1002.2,623,5,1002.1,646,6,1002.0,1196,11,1001.9,812,12,1002.6,304,3,1002.7,314,2,1002.8,1081,10,1002.9,1084,17,1003.0,1719,16
317,2025-11-26 11:03:39+05:30,1002.6,3,996.94,4452617,426796.0,475779.0,986.2,1004.2,981.3,986.2,120381750,1084.8,887.6,1102.5,649.1,1002.5,133,2,1002.2,623,5,1002.1,646,6,1002.0,1196,11,1001.9,812,12,1002.6,304,3,1002.7,314,2,1002.8,1081,10,1002.9,1084,17,1003.0,1719,16
317,2025-11-26 11:03:39+05:30,1002.6,3,996.94,4453081,427433.0,473920.0,986.2,1004.2,981.3,986.2,120381750,1084.8,887.6,1102.5,649.1,1002.6,16,1,1002.5,69,2,1002.4,202,1,1002.3,877,7,1002.2,1098,10,1002.7,75,1,1002.8,1,1,1002.9,681,8,1003.0,723,11,1003.1,1656,13
317,2025-11-26 11:03:40+05:30,1002.6,1,996.94,4453081,427433.0,473920.0,986.2,1004.2,981.3,986.2,120381750,1084.8,887.6,1102.5,649.1,1002.6,16,1,1002.5,69,2,1002.4,202,1,1002.3,877,7,1002.2,1098,10,1002.7,75,1,1002.8,1,1,1002.9,681,8,1003.0,723,11,1003.1,1656,13
317,2025-11-26 11:03:40+05:30,1002.6,81,996.94,4453265,427760.0,474001.0,986.2,1004.2,981.3,986.2,120381750,1084.8,887.6,1102.5,649.1,1002.5,69,2,1002.4,319,2,1002.3,837,7,1002.2,1030,9,1002.1,897,9,1002.6,15,1,1002.7,75,1,1002.8,1,1,1002.9,596,7,1003.0,1184,12
317,2025-11-26 11:03:41+05:30,1002.6,1,996.94,4453265,427760.0,474001.0,986.2,1004.2,981.3,986.2,120381750,1084.8,887.6,1102.5,649.1,1002.5,69,2,1002.4,319,2,1002.3,837,7,1002.2,1030,9,1002.1,897,9,1002.6,15,1,1002.7,75,1,1002.8,1,1,1002.9,596,7,1003.0,1184,12
317,2025-11-26 11:03:41+05:30,1002.6,1,996.94,4453266,428103.0,474119.0,986.2,1004.2,981.3,986.2,120381750,1084.8,887.6,1102.5,649.1,1002.5,23,2,1002.4,208,2,1002.3,837,7,1002.2,1030,9,1002.1,897,9,1002.6,14,1,1002.7,75,1,1002.8,1,1,1002.9,596,7,1003.0,1384,13
317,2025-11-26 11:03:42+05:30,1002.6,96,996.94,4453266,428103.0,474119.0,986.2,1004.2,981.3,986.2,120381750,1084.8,887.6,1102.5,649.1,1002.5,23,2,1002.4,208,2,1002.3,837,7,1002.2,1030,9,1002.1,897,9,1002.6,14,1,1002.7,75,1,1002.8,1,1,1002.9,596,7,1003.0,1384,13
317,2025-11-26 11:03:42+05:30,1002.6,96,996.94,4453382,424160.0,474152.0,986.2,1004.2,981.3,986.2,120381750,1084.8,887.6,1102.5,649.1,1002.5,251,4,1002.4,277,3,1002.3,769,6,1002.2,1116,11,1002.1,897,9,1002.6,96,1,1002.7,75,1,1002.8,151,2,1002.9,596,7,1003.0,1394,13
317,2025-11-26 11:03:43+05:30,1002.6,96,996.94,4453382,424260.0,474152.0,986.2,1004.2,981.3,986.2,120381750,1084.8,887.6,1102.5,649.1,1002.5,251,4,1002.4,277,3,1002.3,769,6,1002.2,1116,11,1002.1,897,9,1002.6,96,1,1002.7,75,1,1002.8,151,2,1002.9,596,7,1003.0,1394,13
317,2025-11-26 11:03:44+05:30,1002.6,184,996.94,4453382,424260.0,474152.0,986.2,1004.2,981.3,986.2,120381750,1084.8,887.6,1102.5,649.1,1002.5,251,4,1002.4,277,3,1002.3,769,6,1002.2,1116,11,1002.1,897,9,1002.6,96,1,1002.7,75,1,1002.8,151,2,1002.9,596,7,1003.0,1394,13
317,2025-11-26 11:03:44+05:30,1002.6,184,996.94,4453566,423572.0,474025.0,986.2,1004.2,981.3,986.2,120381750,1084.8,887.6,1102.5,649.1,1002.5,23,2,1002.4,6,1,1002.3,644,4,1002.2,1030,9,1002.1,962,10,1002.6,96,1,1002.7,75,1,1002.8,239,4,1002.9,722,7,1003.0,1557,18
317,2025-11-26 11:03:45+05:30,1002.5,1,996.94,4453566,423572.0,474025.0,986.2,1004.2,981.3,986.2,120381750,1084.8,887.6,1102.5,649.1,1002.5,23,2,1002.4,6,1,1002.3,644,4,1002.2,1030,9,1002.1,962,10,1002.6,96,1,1002.7,75,1,1002.8,239,4,1002.9,722,7,1003.0,1557,18
317,2025-11-26 11:03:45+05:30,1002.5,66,996.94,4453663,425522.0,474809.0,986.2,1004.2,981.3,986.2,120381750,1084.8,887.6,1102.5,649.1,1002.4,65,2,1002.3,560,3,1002.2,1095,10,1002.1,897,9,1002.0,1183,17,1002.5,96,1,1002.7,75,1,1002.8,239,4,1002.9,849,9,1003.0,1158,18
317,2025-11-26 11:03:46+05:30,1002.2,5,996.94,4453663,425522.0,474809.0,986.2,1004.2,981.3,986.2,120381750,1084.8,887.6,1102.5,649.1,1002.4,65,2,1002.3,560,3,1002.2,1095,10,1002.1,897,9,1002.0,1183,17,1002.5,96,1,1002.7,75,1,1002.8,239,4,1002.9,849,9,1003.0,1158,18
317,2025-11-26 11:03:46+05:30,1002.2,5,996.94,4453918,424565.0,475444.0,986.2,1004.2,981.3,986.2,120381750,1084.8,887.6,1102.5,649.1,1002.2,895,7,1002.1,983,11,1002.0,1092,17,1001.9,811,9,1001.8,1050,9,1002.5,96,1,1002.7,225,2,1002.8,818,6,1002.9,1166,14,1003.0,1132,16
317,2025-11-26 11:03:47+05:30,1002.2,5,996.94,4453918,424565.0,475484.0,986.2,1004.2,981.3,986.2,120381750,1084.8,887.6,1102.5,649.1,1002.2,895,7,1002.1,983,11,1002.0,1092,17,1001.9,811,9,1001.8,1050,9,1002.5,96,1,1002.7,265,3,1002.8,818,6,1002.9,1166,14,1003.0,1132,16
317,2025-11-26 11:03:48+05:30,1002.6,1,996.94,4453918,424565.0,475484.0,986.2,1004.2,981.3,986.2,120381750,1084.8,887.6,1102.5,649.1,1002.2,895,7,1002.1,983,11,1002.0,1092,17,1001.9,811,9,1001.8,1050,9,1002.5,96,1,1002.7,265,3,1002.8,818,6,1002.9,1166,14,1003.0,1132,16
317,2025-11-26 11:03:48+05:30,1002.6,1,996.95,4454897,425255.0,473333.0,986.2,1004.2,981.3,986.2,120381750,1084.8,887.6,1102.5,649.1,1002.6,367,1,1002.4,74,2,1002.3,574,5,1002.2,1052,9,1002.1,848,8,1002.8,1,1,1002.9,577,6,1003.0,1159,18,1003.1,1582,12,1003.2,1662,15
317,2025-11-26 11:03:49+05:30,1002.8,9,996.95,4454897,425255.0,473333.0,986.2,1004.2,981.3,986.2,120381750,1084.8,887.6,1102.5,649.1,1002.6,367,1,1002.4,74,2,1002.3,574,5,1002.2,1052,9,1002.1,848,8,1002.8,1,1,1002.9,577,6,1003.0,1159,18,1003.1,1582,12,1003.2,1662,15
317,2025-11-26 11:03:49+05:30,1002.8,9,996.95,4455370,426863.0,473606.0,986.2,1004.2,981.3,986.2,120381750,1084.8,887.6,1102.5,649.1,1002.8,10,1,1002.6,103,1,1002.4,313,3,1002.3,113,1,1002.2,1114,5,1002.9,653,7,1003.0,1210,19,1003.1,821,10,1003.2,1657,16,1003.3,862,10
317,2025-11-26 11:03:50+05:30,1002.6,22,996.95,4455370,426863.0,473606.0,986.2,1004.2,981.3,986.2,120381750,1084.8,887.6,1102.5,649.1,1002.8,10,1,1002.6,103,1,1002.4,313,3,1002.3,113,1,1002.2,1114,5,1002.9,653,7,1003.0,1210,19,1003.1,821,10,1003.2,1657,16,1003.3,862,10
317,2025-11-26 11:03:50+05:30,1002.6,22,996.95,4455406,428636.0,473360.0,986.2,1004.2,981.3,986.2,120381750,1084.8,887.6,1102.5,649.1,1002.6,81,1,1002.4,798,6,1002.3,892,10,1002.2,1137,11,1002.1,1087,9,1002.8,96,1,1002.9,292,3,1003.0,868,12,1003.1,788,9,1003.2,1364,11
317,2025-11-26 11:03:51+05:30,1002.6,22,996.95,4455406,428476.0,473360.0,986.2,1004.2,981.3,986.2,120381750,1084.8,887.6,1102.5,649.1,1002.6,81,1,1002.4,798,6,1002.3,914,11,1002.2,1137,11,1002.1,1087,9,1002.8,96,1,1002.9,292,3,1003.0,868,12,1003.1,837,10,1003.2,1364,11
317,2025-11-26 11:03:52+05:30,1002.8,20,996.95,4455406,428476.0,473360.0,986.2,1004.2,981.3,986.2,120381750,1084.8,887.6,1102.5,649.1,1002.6,81,1,1002.4,798,6,1002.3,914,11,1002.2,1137,11,1002.1,1087,9,1002.8,96,1,1002.9,292,3,1003.0,868,12,1003.1,837,10,1003.2,1364,11
317,2025-11-26 11:03:52+05:30,1002.6,50,996.95,4455476,428633.0,475118.0,986.2,1004.2,981.3,986.2,120381750,1084.8,887.6,1102.5,649.1,1002.6,31,1,1002.5,202,1,1002.4,988,7,1002.3,959,11,1002.2,1137,11,1002.8,76,1,1002.9,291,2,1003.0,868,12,1003.1,837,10,1003.2,1366,13
317,2025-11-26 11:03:53+05:30,1002.6,50,996.95,4455476,428633.0,475118.0,986.2,1004.2,981.3,986.2,120381750,1084.8,887.6,1102.5,649.1,1002.6,31,1,1002.5,202,1,1002.4,988,7,1002.3,959,11,1002.2,1137,11,1002.8,76,1,1002.9,291,2,1003.0,868,12,1003.1,837,10,1003.2,1366,13
317,2025-11-26 11:03:53+05:30,1002.6,50,996.95,4455476,428942.0,475117.0,986.2,1004.2,981.3,986.2,120381750,1084.8,887.6,1102.5,649.1,1002.6,31,1,1002.5,202,1,1002.4,963,6,1002.3,985,13,1002.2,1111,9,1002.8,76,1,1002.9,391,3,1003.0,868,12,1003.1,837,10,1003.2,1366,13
317,2025-11-26 11:03:54+05:30,1002.8,184,996.95,4455476,428942.0,475117.0,986.2,1004.2,981.3,986.2,120381750,1084.8,887.6,1102.5,649.1,1002.6,31,1,1002.5,202,1,1002.4,963,6,1002.3,985,13,1002.2,1111,9,1002.8,76,1,1002.9,391,3,1003.0,868,12,1003.1,837,10,1003.2,1366,13
317,2025-11-26 11:03:54+05:30,1002.8,184,996.95,4455660,428884.0,475224.0,986.2,1004.2,981.3,986.2,120381750,1084.8,887.6,1102.5,649.1,1002.7,112,1,1002.6,31,1,1002.4,961,6,1002.3,918,12,1002.2,1111,9,1002.8,96,1,1002.9,311,4,1003.0,1176,16,1003.1,847,11,1003.2,1366,13
317,2025-11-26 11:03:55+05:30,1002.7,112,996.95,4455772,428866.0,475605.0,986.2,1004.2,981.3,986.2,120381750,1084.8,887.6,1102.5,649.1,1002.6,41,2,1002.4,852,5,1002.3,918,12,1002.2,1225,10,1002.1,994,9,1002.7,96,1,1002.9,390,4,1003.0,948,14,1003.1,1326,11,1003.2,1459,16
317,2025-11-26 11:03:56+05:30,1002.6,25,996.95,4455772,428866.0,475605.0,986.2,1004.2,981.3,986.2,120381750,1084.8,887.6,1102.5,649.1,1002.6,41,2,1002.4,852,5,1002.3,918,12,1002.2,1225,10,1002.1,994,9,1002.7,96,1,1002.9,390,4,1003.0,948,14,1003.1,1326,11,1003.2,1459,16
317,2025-11-26 11:03:56+05:30,1002.6,25,996.95,4455797,428289.0,475780.0,986.2,1004.2,981.3,986.2,120381750,1084.8,887.6,1102.5,649.1,1002.6,16,2,1002.4,466,6,1002.3,910,11,1002.2,1124,9,1002.1,994,9,1002.7,96,1,1002.9,540,6,1003.0,1186,17,1003.1,1326,11,1003.2,1718,16
317,2025-11-26 11:03:57+05:30,1002.6,25,996.95,4455797,427835.0,475811.0,986.2,1004.2,981.3,986.2,120381750,1084.8,887.6,1102.5,649.1,1002.6,16,2,1002.4,466,6,1002.3,661,9,1002.2,782,8,1002.1,994,9,1002.7,96,1,1002.8,35,1,1002.9,540,6,1003.0,1188,18,1003.1,1326,11
317,2025-11-26 11:03:58+05:30,1002.6,25,996.95,4455797,424120.0,475872.0,986.2,1004.2,981.3,986.2,120381750,1084.8,887.6,1102.5,649.1,1002.6,27,3,1002.4,466,6,1002.3,558,8,1002.2,782,8,1002.1,994,9,1002.7,96,1,1002.8,147,3,1002.9,540,6,1003.0,1255,20,1003.1,1398,16
317,2025-11-26 11:03:59+05:30,1002.8,174,996.95,4455797,424120.0,475872.0,986.2,1004.2,981.3,986.2,120381750,1084.8,887.6,1102.5,649.1,1002.6,27,3,1002.4,466,6,1002.3,558,8,1002.2,782,8,1002.1,994,9,1002.7,96,1,1002.8,147,3,1002.9,540,6,1003.0,1255,20,1003.1,1398,16
317,2025-11-26 11:03:59+05:30,1002.8,174,996.95,4456608,424358.0,475416.0,986.2,1004.2,981.3,986.2,120381750,1084.8,887.6,1102.5,649.1,1002.8,346,1,1002.6,27,3,1002.5,111,1,1002.4,601,10,1002.3,975,9,1002.9,384,5,1003.0,1161,17,1003.1,866,12,1003.2,1221,8,1003.3,1136,12
317,2025-11-26 11:04:00+05:30,1002.8,346,996.95,4456608,424358.0,475416.0,986.2,1004.2,981.3,986.2,120381750,1084.8,887.6,1102.5,649.1,1002.8,346,1,1002.6,27,3,1002.5,111,1,1002.4,601,10,1002.3,975,9,1002.9,384,5,1003.0,1161,17,1003.1,866,12,1003.2,1221,8,1003.3,1136,12
317,2025-11-26 11:04:00+05:30,1002.6,2,996.95,4456975,423426.0,476058.0,986.2,1004.2,981.3,986.2,120381750,1084.8,887.6,1102.5,649.1,1002.6,8,1,1002.4,565,10,1002.3,694,7,1002.2,932,9,1002.1,981,8,1002.8,83,1,1002.9,532,6,1003.0,1172,18,1003.1,865,12,1003.2,1642,11
317,2025-11-26 11:04:01+05:30,1002.6,2,996.95,4456975,423426.0,476058.0,986.2,1004.2,981.3,986.2,120381750,1084.8,887.6,1102.5,649.1,1002.6,8,1,1002.4,565,10,1002.3,694,7,1002.2,932,9,1002.1,981,8,1002.8,83,1,1002.9,532,6,1003.0,1172,18,1003.1,865,12,1003.2,1642,11
317,2025-11-26 11:04:01+05:30,1002.6,2,996.95,4456975,423652.0,476104.0,986.2,1004.2,981.3,986.2,120381750,1084.8,887.6,1102.5,649.1,1002.6,8,1,1002.4,565,10,1002.3,476,6,1002.2,932,9,1002.1,981,8,1002.8,339,3,1002.9,594,7,1003.0,1034,18,1003.1,798,11,1003.2,1575,10
317,2025-11-26 11:04:02+05:30,1002.6,4,996.95,4456975,423652.0,476104.0,986.2,1004.2,981.3,986.2,120381750,1084.8,887.6,1102.5,649.1,1002.6,8,1,1002.4,565,10,1002.3,476,6,1002.2,932,9,1002.1,981,8,1002.8,339,3,1002.9,594,7,1003.0,1034,18,1003.1,798,11,1003.2,1575,10
317,2025-11-26 11:04:02+05:30,1002.6,4,996.95,4457739,423335.0,475726.0,986.2,1004.2,981.3,986.2,120381750,1084.8,887.6,1102.5,649.1,1002.6,4,1,1002.4,374,4,1002.3,396,3,1002.2,926,12,1002.1,1061,10,1002.8,205,4,1002.9,510,7,1003.0,1535,20,1003.1,860,12,1003.2,1575,10
317,2025-11-26 11:04:03+05:30,1002.6,4,996.95,4457739,423381.0,475726.0,986.2,1004.2,981.3,986.2,120381750,1084.8,887.6,1102.5,649.1,1002.6,4,1,1002.4,374,4,1002.3,396,3,1002.2,926,12,1002.1,1061,10,1002.8,205,4,1002.9,510,7,1003.0,1535,20,1003.1,860,12,1003.2,1575,10
317,2025-11-26 11:04:04+05:30,1002.8,40,996.95,4457739,423381.0,475726.0,986.2,1004.2,981.3,986.2,120381750,1084.8,887.6,1102.5,649.1,1002.6,4,1,1002.4,374,4,1002.3,396,3,1002.2,926,12,1002.1,1061,10,1002.8,205,4,1002.9,510,7,1003.0,1535,20,1003.1,860,12,1003.2,1575,10
317,2025-11-26 11:04:04+05:30,1002.8,40,996.95,4457925,423384.0,475848.0,986.2,1004.2,981.3,986.2,120381750,1084.8,887.6,1102.5,649.1,1002.6,3,1,1002.4,387,5,1002.3,396,3,1002.2,926,12,1002.1,1082,11,1002.8,277,5,1002.9,572,8,1003.0,1473,19,1003.1,860,12,1003.2,1575,10
317,2025-11-26 11:04:05+05:30,1002.8,20,996.95,4457925,423384.0,475848.0,986.2,1004.2,981.3,986.2,120381750,1084.8,887.6,1102.5,649.1,1002.6,3,1,1002.4,387,5,1002.3,396,3,1002.2,926,12,1002.1,1082,11,1002.8,277,5,1002.9,572,8,1003.0,1473,19,1003.1,860,12,1003.2,1575,10
317,2025-11-26 11:04:05+05:30,1002.9,1,996.95,4458594,423103.0,475009.0,986.2,1004.2,981.3,986.2,120381750,1084.8,887.6,1102.5,649.1,1002.8,82,1,1002.6,3,1,1002.5,49,1,1002.4,530,3,1002.3,666,5,1002.9,265,4,1003.0,1016,19,1003.1,1353,11,1003.2,712,10,1003.3,1390,15
317,2025-11-26 11:04:06+05:30,1002.9,20,996.95,4458594,423103.0,475009.0,986.2,1004.2,981.3,986.2,120381750,1084.8,887.6,1102.5,649.1,1002.8,82,1,1002.6,3,1,1002.5,49,1,1002.4,530,3,1002.3,666,5,1002.9,265,4,1003.0,1016,19,1003.1,1353,11,1003.2,712,10,1003.3,1390,15
317,2025-11-26 11:04:06+05:30,1002.9,20,996.95,4458614,424122.0,474135.0,986.2,1004.2,981.3,986.2,120381750,1084.8,887.6,1102.5,649.1,1002.8,82,1,1002.6,3,1,1002.5,251,2,1002.4,530,3,1002.3,389,4,1002.9,245,4,1003.0,954,18,1003.1,834,10,1003.2,774,11,1003.3,1140,14
317,2025-11-26 11:04:07+05:30,1002.8,10,996.95,4458614,424122.0,474135.0,986.2,1004.2,981.3,986.2,120381750,1084.8,887.6,1102.5,649.1,1002.8,82,1,1002.6,3,1,1002.5,251,2,1002.4,530,3,1002.3,389,4,1002.9,245,4,1003.0,954,18,1003.1,834,10,1003.2,774,11,1003.3,1140,14
317,2025-11-26 11:04:07+05:30,1002.8,10,996.95,4458624,424136.0,474336.0,986.2,1004.2,981.3,986.2,120381750,1084.8,887.6,1102.5,649.1,1002.8,72,1,1002.6,3,1,1002.5,251,2,1002.4,530,3,1002.3,389,4,1002.9,403,5,1003.0,878,19,1003.1,772,9,1003.2,702,9,1003.3,1150,15
317,2025-11-26 11:04:08+05:30,1002.8,30,996.95,4458624,424136.0,474336.0,986.2,1004.2,981.3,986.2,120381750,1084.8,887.6,1102.5,649.1,1002.8,72,1,1002.6,3,1,1002.5,251,2,1002.4,530,3,1002.3,389,4,1002.9,403,5,1003.0,878,19,1003.1,772,9,1003.2,702,9,1003.3,1150,15
317,2025-11-26 11:04:08+05:30,1002.8,30,996.95,4458658,424097.0,474332.0,986.2,1004.2,981.3,986.2,120381750,1084.8,887.6,1102.5,649.1,1002.8,42,1,1002.6,3,1,1002.5,251,2,1002.4,530,3,1002.3,461,5,1002.9,399,5,1003.0,767,17,1003.1,834,10,1003.2,702,9,1003.3,1150,15
317,2025-11-26 11:04:09+05:30,1002.9,27,996.95,4458658,424097.0,474332.0,986.2,1004.2,981.3,986.2,120381750,1084.8,887.6,1102.5,649.1,1002.8,42,1,1002.6,3,1,1002.5,251,2,1002.4,530,3,1002.3,461,5,1002.9,399,5,1003.0,767,17,1003.1,834,10,1003.2,702,9,1003.3,1150,15
317,2025-11-26 11:04:09+05:30,1002.9,42,996.95,4458885,423959.0,474600.0,986.2,1004.2,981.3,986.2,120381750,1084.8,887.6,1102.5,649.1,1002.6,4,2,1002.5,202,3,1002.4,530,3,1002.3,740,6,1002.2,931,11,1002.9,172,2,1003.0,1262,17,1003.1,834,10,1003.2,702,9,1003.3,1150,15
317,2025-11-26 11:04:10+05:30,1002.9,42,996.95,4458885,423959.0,474600.0,986.2,1004.2,981.3,986.2,120381750,1084.8,887.6,1102.5,649.1,1002.6,4,2,1002.5,202,3,1002.4,530,3,1002.3,740,6,1002.2,931,11,1002.9,172,2,1003.0,1262,17,1003.1,834,10,1003.2,702,9,1003.3,1150,15
317,2025-11-26 11:04:10+05:30,1002.9,42,996.95,4458885,423568.0,476367.0,986.2,1004.2,981.3,986.2,120381750,1084.8,887.6,1102.5,649.1,1002.6,4,2,1002.4,424,2,1002.3,730,6,1002.2,931,11,1002.1,885,11,1002.7,96,1,1002.9,238,3,1003.0,1329,18,1003.1,881,10,1003.2,1627,12
317,2025-11-26 11:04:11+05:30,1002.3,155,996.95,4458885,423568.0,476367.0,986.2,1004.2,981.3,986.2,120381750,1084.8,887.6,1102.5,649.1,1002.6,4,2,1002.4,424,2,1002.3,730,6,1002.2,931,11,1002.1,885,11,1002.7,96,1,1002.9,238,3,1003.0,1329,18,1003.1,881,10,1003.2,1627,12
317,2025-11-26 11:04:11+05:30,1002.3,155,996.95,4459635,422710.0,476353.0,986.2,1004.2,981.3,986.2,120381750,1084.8,887.6,1102.5,649.1,1002.4,86,1,1002.3,381,4,1002.2,1001,10,1002.1,839,8,1002.0,1320,18,1002.7,96,1,1002.8,207,2,1002.9,408,5,1003.0,1428,19,1003.1,968,12
317,2025-11-26 11:04:12+05:30,1002.7,100,996.95,4459635,422710.0,476353.0,986.2,1004.2,981.3,986.2,120381750,1084.8,887.6,1102.5,649.1,1002.4,86,1,1002.3,381,4,1002.2,1001,10,1002.1,839,8,1002.0,1320,18,1002.7,96,1,1002.8,207,2,1002.9,408,5,1003.0,1428,19,1003.1,968,12
317,2025-11-26 11:04:12+05:30,1002.7,100,996.95,4459735,422425.0,476538.0,986.2,1004.2,981.3,986.2,120381750,1084.8,887.6,1102.5,649.1,1002.4,86,1,1002.3,86,3,1002.2,1001,10,1002.1,839,8,1002.0,1320,18,1002.7,96,1,1002.8,361,4,1002.9,508,5,1003.0,1428,19,1003.1,978,13
317,2025-11-26 11:04:13+05:30,1002.7,5,996.95,4459735,422425.0,476538.0,986.2,1004.2,981.3,986.2,120381750,1084.8,887.6,1102.5,649.1,1002.4,86,1,1002.3,86,3,1002.2,1001,10,1002.1,839,8,1002.0,1320,18,1002.7,96,1,1002.8,361,4,1002.9,508,5,1003.0,1428,19,1003.1,978,13
317,2025-11-26 11:04:13+05:30,1002.7,5,996.95,4459740,422493.0,476570.0,986.2,1004.2,981.3,986.2,120381750,1084.8,887.6,1102.5,649.1,1002.4,86,1,1002.3,86,3,1002.2,1001,10,1002.1,839,8,1002.0,1320,18,1002.7,91,1,1002.8,361,4,1002.9,545,6,1003.0,1428,19,1003.1,978,13
317,2025-11-26 11:04:14+05:30,1002.7,184,996.95,4459740,422493.0,476570.0,986.2,1004.2,981.3,986.2,120381750,1084.8,887.6,1102.5,649.1,1002.4,86,1,1002.3,86,3,1002.2,1001,10,1002.1,839,8,1002.0,1320,18,1002.7,91,1,1002.8,361,4,1002.9,545,6,1003.0,1428,19,1003.1,978,13
317,2025-11-26 11:04:14+05:30,1002.7,3,996.95,4460037,422760.0,476678.0,986.2,1004.2,981.3,986.2,120381750,1084.8,887.6,1102.5,649.1,1002.5,132,2,1002.4,208,2,1002.3,31,2,1002.2,793,9,1002.1,942,8,1002.7,93,1,1002.8,77,2,1002.9,1059,7,1003.0,872,18,1003.1,994,14
317,2025-11-26 11:04:15+05:30,1002.5,96,996.95,4460037,422760.0,476678.0,986.2,1004.2,981.3,986.2,120381750,1084.8,887.6,1102.5,649.1,1002.5,132,2,1002.4,208,2,1002.3,31,2,1002.2,793,9,1002.1,942,8,1002.7,93,1,1002.8,77,2,1002.9,1059,7,1003.0,872,18,1003.1,994,14
317,2025-11-26 11:04:15+05:30,1002.5,96,996.95,4460265,422637.0,477494.0,986.2,1004.2,981.3,986.2,120381750,1084.8,887.6,1102.5,649.1,1002.4,122,1,1002.3,133,3,1002.2,510,5,1002.1,824,7,1002.0,1400,22,1002.5,96,1,1002.8,345,4,1002.9,1302,10,1003.0,903,20,1003.1,995,17
317,2025-11-26 11:04:15+05:30,1002.5,96,996.95,4460265,422637.0,477494.0,986.2,1004.2,981.3,986.2,120381750,1084.8,887.6,1102.5,649.1,1002.4,122,1,1002.3,133,3,1002.2,510,5,1002.1,824,7,1002.0,1400,22,1002.5,96,1,1002.8,345,4,1002.9,1302,10,1003.0,903,20,1003.1,995,17
317,2025-11-26 11:04:16+05:30,1002.5,2,996.95,4460265,422637.0,477494.0,986.2,1004.2,981.3,986.2,120381750,1084.8,887.6,1102.5,649.1,1002.4,122,1,1002.3,133,3,1002.2,510,5,1002.1,824,7,1002.0,1400,22,1002.5,96,1,1002.8,345,4,1002.9,1302,10,1003.0,903,20,1003.1,995,17
317,2025-11-26 11:04:16+05:30,1002.5,2,996.95,4460265,422637.0,477494.0,986.2,1004.2,981.3,986.2,120381750,1084.8,887.6,1102.5,649.1,1002.4,122,1,1002.3,133,3,1002.2,510,5,1002.1,824,7,1002.0,1400,22,1002.5,96,1,1002.8,345,4,1002.9,1302,10,1003.0,903,20,1003.1,995,17
317,2025-11-26 11:04:16+05:30,1002.5,2,996.95,4460267,421696.0,476871.0,986.2,1004.2,981.3,986.2,120381750,1084.8,887.6,1102.5,649.1,1002.3,5,1,1002.2,186,2,1002.1,775,6,1002.0,1199,15,1001.9,883,8,1002.5,94,1,1002.7,315,5,1002.8,988,7,1002.9,896,9,1003.0,890,19
317,2025-11-26 11:04:16+05:30,1002.5,2,996.95,4460267,421696.0,476871.0,986.2,1004.2,981.3,986.2,120381750,1084.8,887.6,1102.5,649.1,1002.3,5,1,1002.2,186,2,1002.1,775,6,1002.0,1199,15,1001.9,883,8,1002.5,94,1,1002.7,315,5,1002.8,988,7,1002.9,896,9,1003.0,890,19
317,2025-11-26 11:04:17+05:30,1002.5,2,996.95,4460267,421696.0,476871.0,986.2,1004.2,981.3,986.2,120381750,1084.8,887.6,1102.5,649.1,1002.3,5,1,1002.2,186,2,1002.1,775,6,1002.0,1199,15,1001.9,883,8,1002.5,94,1,1002.7,315,5,1002.8,988,7,1002.9,896,9,1003.0,890,19
317,2025-11-26 11:04:17+05:30,1002.5,2,996.95,4460267,422062.0,477544.0,986.2,1004.2,981.3,986.2,120381750,1084.8,887.6,1102.5,649.1,1002.3,8,2,1002.2,140,1,1002.1,1128,9,1002.0,1545,18,1001.9,914,10,1002.5,94,1,1002.7,315,5,1002.8,1064,8,1002.9,896,9,1003.0,916,21
317,2025-11-26 11:04:17+05:30,1002.5,2,996.95,4460267,422062.0,477544.0,986.2,1004.2,981.3,986.2,120381750,1084.8,887.6,1102.5,649.1,1002.3,8,2,1002.2,140,1,1002.1,1128,9,1002.0,1545,18,1001.9,914,10,1002.5,94,1,1002.7,315,5,1002.8,1064,8,1002.9,896,9,1003.0,916,21
317,2025-11-26 11:04:18+05:30,1002.5,2,996.95,4460267,422062.0,477544.0,986.2,1004.2,981.3,986.2,120381750,1084.8,887.6,1102.5,649.1,1002.3,8,2,1002.2,140,1,1002.1,1128,9,1002.0,1545,18,1001.9,914,10,1002.5,94,1,1002.7,315,5,1002.8,1064,8,1002.9,896,9,1003.0,916,21
317,2025-11-26 11:04:18+05:30,1002.5,2,996.95,4460267,422015.0,477630.0,986.2,1004.2,981.3,986.2,120381750,1084.8,887.6,1102.5,649.1,1002.3,8,2,1002.2,140,1,1002.1,1023,8,1002.0,1545,18,1001.9,914,10,1002.5,94,1,1002.7,315,5,1002.8,1170,9,1002.9,896,9,1003.0,916,21
317,2025-11-26 11:04:18+05:30,1002.5,2,996.95,4460267,422015.0,477630.0,986.2,1004.2,981.3,986.2,120381750,1084.8,887.6,1102.5,649.1,1002.3,8,2,1002.2,140,1,1002.1,1023,8,1002.0,1545,18,1001.9,914,10,1002.5,94,1,1002.7,315,5,1002.8,1170,9,1002.9,896,9,1003.0,916,21
317,2025-11-26 11:04:18+05:30,1002.5,2,996.95,4460267,422015.0,477630.0,986.2,1004.2,981.3,986.2,120549750,1084.8,887.6,1102.5,649.1,1002.3,8,2,1002.2,140,1,1002.1,1023,8,1002.0,1545,18,1001.9,914,10,1002.5,94,1,1002.7,315,5,1002.8,1170,9,1002.9,896,9,1003.0,916,21
317,2025-11-26 11:04:19+05:30,1002.5,186,996.95,4460267,422015.0,477630.0,986.2,1004.2,981.3,986.2,120549750,1084.8,887.6,1102.5,649.1,1002.3,8,2,1002.2,140,1,1002.1,1023,8,1002.0,1545,18,1001.9,914,10,1002.5,94,1,1002.7,315,5,1002.8,1170,9,1002.9,896,9,1003.0,916,21
317,2025-11-26 11:04:19+05:30,1002.5,186,996.95,4460267,422015.0,477630.0,986.2,1004.2,981.3,986.2,120549750,1084.8,887.6,1102.5,649.1,1002.3,8,2,1002.2,140,1,1002.1,1023,8,1002.0,1545,18,1001.9,914,10,1002.5,94,1,1002.7,315,5,1002.8,1170,9,1002.9,896,9,1003.0,916,21
317,2025-11-26 11:04:19+05:30,1002.3,1,996.95,4460461,421892.0,477496.0,986.2,1004.2,981.3,986.2,120549750,1084.8,887.6,1102.5,649.1,1002.3,7,2,1002.2,10,1,1002.1,977,7,1002.0,1545,18,1001.9,960,11,1002.5,96,1,1002.7,332,5,1002.8,968,8,1002.9,896,9,1003.0,916,21
317,2025-11-26 11:04:19+05:30,1002.3,1,996.95,4460461,421892.0,477496.0,986.2,1004.2,981.3,986.2,120549750,1084.8,887.6,1102.5,649.1,1002.3,7,2,1002.2,10,1,1002.1,977,7,1002.0,1545,18,1001.9,960,11,1002.5,96,1,1002.7,332,5,1002.8,968,8,1002.9,896,9,1003.0,916,21
317,2025-11-26 11:04:20+05:30,1002.3,1,996.95,4460461,421892.0,477496.0,986.2,1004.2,981.3,986.2,120549750,1084.8,887.6,1102.5,649.1,1002.3,7,2,1002.2,10,1,1002.1,977,7,1002.0,1545,18,1001.9,960,11,1002.5,96,1,1002.7,332,5,1002.8,968,8,1002.9,896,9,1003.0,916,21
317,2025-11-26 11:04:20+05:30,1002.4,713,996.95,4461312,420852.0,479179.0,986.2,1004.2,981.3,986.2,120549750,1084.8,887.6,1102.5,649.1,1002.3,5,1,1002.2,8,1,1002.1,189,1,1002.0,1160,14,1001.9,812,7,1002.4,96,1,1002.6,358,4,1002.7,514,6,1002.8,1062,10,1002.9,1140,16
317,2025-11-26 11:04:21+05:30,1002.4,1,996.95,4461312,420852.0,479179.0,986.2,1004.2,981.3,986.2,120549750,1084.8,887.6,1102.5,649.1,1002.3,5,1,1002.2,8,1,1002.1,189,1,1002.0,1160,14,1001.9,812,7,1002.4,96,1,1002.6,358,4,1002.7,514,6,1002.8,1062,10,1002.9,1140,16
317,2025-11-26 11:04:21+05:30,1002.4,95,996.95,4461520,421346.0,478996.0,986.2,1004.2,981.3,986.2,120549750,1084.8,887.6,1102.5,649.1,1002.3,26,4,1002.2,123,2,1002.1,670,3,1002.0,1266,16,1001.9,884,8,1002.4,33,1,1002.6,157,4,1002.7,514,6,1002.8,1049,9,1002.9,1153,17
317,2025-11-26 11:04:22+05:30,1002.4,10,996.95,4461520,421346.0,478996.0,986.2,1004.2,981.3,986.2,120549750,1084.8,887.6,1102.5,649.1,1002.3,26,4,1002.2,123,2,1002.1,670,3,1002.0,1266,16,1001.9,884,8,1002.4,33,1,1002.6,157,4,1002.7,514,6,1002.8,1049,9,1002.9,1153,17
317,2025-11-26 11:04:22+05:30,1002.4,10,996.95,4461530,421352.0,478986.0,986.2,1004.2,981.3,986.2,120549750,1084.8,887.6,1102.5,649.1,1002.3,32,5,1002.2,123,2,1002.1,670,3,1002.0,1266,16,1001.9,884,8,1002.4,23,1,1002.6,157,4,1002.7,514,6,1002.8,1049,9,1002.9,1153,17
317,2025-11-26 11:04:23+05:30,1002.4,10,996.95,4461530,421352.0,479097.0,986.2,1004.2,981.3,986.2,120549750,1084.8,887.6,1102.5,649.1,1002.3,32,5,1002.2,123,2,1002.1,670,3,1002.0,1266,16,1001.9,884,8,1002.4,23,1,1002.6,157,4,1002.7,514,6,1002.8,1049,9,1002.9,1153,17
317,2025-11-26 11:04:24+05:30,1002.4,22,996.95,4461530,421352.0,479097.0,986.2,1004.2,981.3,986.2,120549750,1084.8,887.6,1102.5,649.1,1002.3,32,5,1002.2,123,2,1002.1,670,3,1002.0,1266,16,1001.9,884,8,1002.4,23,1,1002.6,157,4,1002.7,514,6,1002.8,1049,9,1002.9,1153,17
317,2025-11-26 11:04:24+05:30,1002.7,27,996.95,4461754,421400.0,478055.0,986.2,1004.2,981.3,986.2,120549750,1084.8,887.6,1102.5,649.1,1002.4,19,1,1002.3,32,5,1002.2,123,2,1002.1,860,5,1002.0,1387,17,1002.6,26,1,1002.7,525,7,1002.8,1053,8,1002.9,1099,13,1003.0,1123,25
317,2025-11-26 11:04:25+05:30,1002.7,27,996.95,4461754,421400.0,478055.0,986.2,1004.2,981.3,986.2,120549750,1084.8,887.6,1102.5,649.1,1002.4,19,1,1002.3,32,5,1002.2,123,2,1002.1,860,5,1002.0,1387,17,1002.6,26,1,1002.7,525,7,1002.8,1053,8,1002.9,1099,13,1003.0,1123,25
317,2025-11-26 11:04:25+05:30,1002.7,27,996.95,4461754,421602.0,478079.0,986.2,1004.2,981.3,986.2,120549750,1084.8,887.6,1102.5,649.1,1002.4,28,2,1002.3,23,3,1002.2,325,3,1002.1,860,5,1002.0,1387,17,1002.6,49,2,1002.7,526,8,1002.8,1053,8,1002.9,1099,13,1003.0,1123,25
317,2025-11-26 11:04:26+05:30,1002.6,15,996.95,4461754,421602.0,478079.0,986.2,1004.2,981.3,986.2,120549750,1084.8,887.6,1102.5,649.1,1002.4,28,2,1002.3,23,3,1002.2,325,3,1002.1,860,5,1002.0,1387,17,1002.6,49,2,1002.7,526,8,1002.8,1053,8,1002.9,1099,13,1003.0,1123,25
317,2025-11-26 11:04:26+05:30,1002.3,3,996.95,4462236,421746.0,477901.0,986.2,1004.2,981.3,986.2,120549750,1084.8,887.6,1102.5,649.1,1002.3,100,2,1002.2,545,6,1002.1,968,6,1002.0,1409,17,1001.9,977,8,1002.6,4,1,1002.7,34,2,1002.8,895,7,1002.9,1133,13,1003.0,1097,23
317,2025-11-26 11:04:27+05:30,1002.3,3,996.95,4462236,421746.0,477901.0,986.2,1004.2,981.3,986.2,120549750,1084.8,887.6,1102.5,649.1,1002.3,100,2,1002.2,545,6,1002.1,968,6,1002.0,1409,17,1001.9,977,8,1002.6,4,1,1002.7,34,2,1002.8,895,7,1002.9,1133,13,1003.0,1097,23
317,2025-11-26 11:04:27+05:30,1002.3,1,996.95,4462237,421745.0,478729.0,986.2,1004.2,981.3,986.2,120549750,1084.8,887.6,1102.5,649.1,1002.3,99,2,1002.2,545,6,1002.1,968,6,1002.0,1409,17,1001.9,977,8,1002.6,4,1,1002.7,1,1,1002.8,952,9,1002.9,1133,13,1003.0,1110,24
317,2025-11-26 11:04:28+05:30,1002.3,1,996.95,4462237,421745.0,478729.0,986.2,1004.2,981.3,986.2,120549750,1084.8,887.6,1102.5,649.1,1002.3,99,2,1002.2,545,6,1002.1,968,6,1002.0,1409,17,1001.9,977,8,1002.6,4,1,1002.7,1,1,1002.8,952,9,1002.9,1133,13,1003.0,1110,24
317,2025-11-26 11:04:28+05:30,1002.3,1,996.95,4462237,421473.0,478729.0,986.2,1004.2,981.3,986.2,120549750,1084.8,887.6,1102.5,649.1,1002.3,99,2,1002.2,545,6,1002.1,660,4,1002.0,1409,17,1001.9,977,8,1002.6,4,1,1002.7,50,2,1002.8,952,9,1002.9,1133,13,1003.0,1110,24
317,2025-11-26 11:04:29+05:30,1002.6,8,996.95,4462237,421473.0,478729.0,986.2,1004.2,981.3,986.2,120549750,1084.8,887.6,1102.5,649.1,1002.3,99,2,1002.2,545,6,1002.1,660,4,1002.0,1409,17,1001.9,977,8,1002.6,4,1,1002.7,50,2,1002.8,952,9,1002.9,1133,13,1003.0,1110,24
317,2025-11-26 11:04:29+05:30,1002.7,19,996.95,4462265,422511.0,478492.0,986.2,1004.2,981.3,986.2,120549750,1084.8,887.6,1102.5,649.1,1002.6,11,1,1002.3,301,3,1002.2,406,5,1002.1,946,6,1002.0,1380,17,1002.7,114,3,1002.8,940,10,1002.9,803,9,1003.0,1029,20,1003.1,924,16
317,2025-11-26 11:04:30+05:30,1002.6,177,996.95,4462265,422511.0,478492.0,986.2,1004.2,981.3,986.2,120549750,1084.8,887.6,1102.5,649.1,1002.6,11,1,1002.3,301,3,1002.2,406,5,1002.1,946,6,1002.0,1380,17,1002.7,114,3,1002.8,940,10,1002.9,803,9,1003.0,1029,20,1003.1,924,16
317,2025-11-26 11:04:30+05:30,1002.3,45,996.95,4462550,422548.0,478551.0,986.2,1004.2,981.3,986.2,120549750,1084.8,887.6,1102.5,649.1,1002.3,58,2,1002.2,297,4,1002.1,995,7,1002.0,1481,18,1001.9,962,7,1002.6,96,1,1002.7,170,4,1002.8,964,10,1002.9,914,10,1003.0,1090,22
317,2025-11-26 11:04:31+05:30,1002.3,45,996.95,4462550,422548.0,478551.0,986.2,1004.2,981.3,986.2,120549750,1084.8,887.6,1102.5,649.1,1002.3,58,2,1002.2,297,4,1002.1,995,7,1002.0,1481,18,1001.9,962,7,1002.6,96,1,1002.7,170,4,1002.8,964,10,1002.9,914,10,1003.0,1090,22
317,2025-11-26 11:04:31+05:30,1002.6,12,996.95,4462562,422455.0,478325.0,986.2,1004.2,981.3,986.2,120549750,1084.8,887.6,1102.5,649.1,1002.3,17,1,1002.2,50,3,1002.1,778,5,1002.0,1382,17,1001.9,962,7,1002.6,216,2,1002.7,450,7,1002.8,917,9,1002.9,936,12,1003.0,777,17
317,2025-11-26 11:04:32+05:30,1002.6,12,996.95,4462562,422455.0,478325.0,986.2,1004.2,981.3,986.2,120549750,1084.8,887.6,1102.5,649.1,1002.3,17,1,1002.2,50,3,1002.1,778,5,1002.0,1382,17,1001.9,962,7,1002.6,216,2,1002.7,450,7,1002.8,917,9,1002.9,936,12,1003.0,777,17
317,2025-11-26 11:04:32+05:30,1002.3,1,996.95,4462563,422435.0,478401.0,986.2,1004.2,981.3,986.2,120549750,1084.8,887.6,1102.5,649.1,1002.3,16,1,1002.2,50,3,1002.1,729,4,1002.0,1382,17,1001.9,962,7,1002.6,216,2,1002.7,433,7,1002.8,966,10,1002.9,936,12,1003.0,777,17
317,2025-11-26 11:04:33+05:30,1002.3,1,996.95,4462563,422435.0,478401.0,986.2,1004.2,981.3,986.2,120549750,1084.8,887.6,1102.5,649.1,1002.3,16,1,1002.2,50,3,1002.1,729,4,1002.0,1382,17,1001.9,962,7,1002.6,216,2,1002.7,433,7,1002.8,966,10,1002.9,936,12,1003.0,777,17
317,2025-11-26 11:04:33+05:30,1002.3,1,996.95,4462563,422435.0,479401.0,986.2,1004.2,981.3,986.2,120549750,1084.8,887.6,1102.5,649.1,1002.3,16,1,1002.2,50,3,1002.1,729,4,1002.0,1382,17,1001.9,962,7,1002.6,216,2,1002.7,433,7,1002.8,966,10,1002.9,936,12,1003.0,777,17
317,2025-11-26 11:04:34+05:30,1002.6,102,996.95,4462563,422435.0,479401.0,986.2,1004.2,981.3,986.2,120549750,1084.8,887.6,1102.5,649.1,1002.3,16,1,1002.2,50,3,1002.1,729,4,1002.0,1382,17,1001.9,962,7,1002.6,216,2,1002.7,433,7,1002.8,966,10,1002.9,936,12,1003.0,777,17
317,2025-11-26 11:04:34+05:30,1002.6,102,996.96,4462749,422949.0,480200.0,986.2,1004.2,981.3,986.2,120549750,1084.8,887.6,1102.5,649.1,1002.4,112,1,1002.3,16,1,1002.2,137,5,1002.1,729,4,1002.0,1382,17,1002.6,96,1,1002.7,379,6,1002.8,966,10,1002.9,990,13,1003.0,999,18
317,2025-11-26 11:04:35+05:30,1002.3,27,996.96,4462749,422949.0,480200.0,986.2,1004.2,981.3,986.2,120549750,1084.8,887.6,1102.5,649.1,1002.4,112,1,1002.3,16,1,1002.2,137,5,1002.1,729,4,1002.0,1382,17,1002.6,96,1,1002.7,379,6,1002.8,966,10,1002.9,990,13,1003.0,999,18
317,2025-11-26 11:04:35+05:30,1002.3,27,996.96,4463429,421855.0,477367.0,986.2,1004.2,981.3,986.2,120549750,1084.8,887.6,1102.5,649.1,1002.2,477,7,1002.1,851,6,1002.0,1478,18,1001.9,988,9,1001.8,935,10,1002.7,225,5,1002.8,426,7,1002.9,1383,11,1003.0,1112,22,1003.1,1450,19
317,2025-11-26 11:04:36+05:30,1002.3,27,996.96,4463429,421865.0,478608.0,986.2,1004.2,981.3,986.2,120549750,1084.8,887.6,1102.5,649.1,1002.2,154,6,1002.1,904,5,1002.0,1486,19,1001.9,988,9,1001.8,1157,11,1002.7,423,8,1002.8,475,8,1002.9,1459,12,1003.0,1112,22,1003.1,1228,18
317,2025-11-26 11:04:37+05:30,1002.0,165,996.96,4464949,420644.0,478021.0,986.2,1004.2,981.3,986.2,120549750,1084.8,887.6,1102.5,649.1,1002.1,197,3,1002.0,1258,18,1001.9,741,8,1001.8,1308,10,1001.7,1522,16,1002.6,87,1,1002.7,315,6,1002.8,1059,10,1002.9,1062,12,1003.0,1429,25
317,2025-11-26 11:04:38+05:30,1002.6,87,996.96,4464949,420644.0,478021.0,986.2,1004.2,981.3,986.2,120549750,1084.8,887.6,1102.5,649.1,1002.1,197,3,1002.0,1258,18,1001.9,741,8,1001.8,1308,10,1001.7,1522,16,1002.6,87,1,1002.7,315,6,1002.8,1059,10,1002.9,1062,12,1003.0,1429,25
317,2025-11-26 11:04:38+05:30,1002.3,5,996.96,4465177,423496.0,478767.0,986.2,1004.2,981.3,986.2,120549750,1084.8,887.6,1102.5,649.1,1002.3,135,4,1002.2,345,7,1002.1,959,11,1002.0,1355,20,1001.9,990,9,1002.7,608,6,1002.8,188,4,1002.9,958,11,1003.0,1144,21,1003.1,1523,19
317,2025-11-26 11:04:39+05:30,1002.7,95,996.96,4465177,423496.0,478767.0,986.2,1004.2,981.3,986.2,120549750,1084.8,887.6,1102.5,649.1,1002.3,135,4,1002.2,345,7,1002.1,959,11,1002.0,1355,20,1001.9,990,9,1002.7,608,6,1002.8,188,4,1002.9,958,11,1003.0,1144,21,1003.1,1523,19
317,2025-11-26 11:04:39+05:30,1002.7,95,996.96,4465362,423816.0,478557.0,986.2,1004.2,981.3,986.2,120549750,1084.8,887.6,1102.5,649.1,1002.3,132,4,1002.2,372,7,1002.1,959,11,1002.0,1355,20,1001.9,1240,10,1002.7,393,4,1002.8,188,4,1002.9,1089,13,1003.0,1100,21,1003.1,1710,20
317,2025-11-26 11:04:40+05:30,1002.7,95,996.96,4465362,422728.0,479389.0,986.2,1004.2,981.3,986.2,120549750,1084.8,887.6,1102.5,649.1,1002.3,61,1,1002.2,257,4,1002.1,775,10,1002.0,1225,17,1001.9,1064,11,1002.5,96,1,1002.7,591,5,1002.8,725,6,1002.9,1090,14,1003.0,1100,21
317,2025-11-26 11:04:41+05:30,1002.7,95,996.96,4465362,422875.0,479183.0,986.2,1004.2,981.3,986.2,120549750,1084.8,887.6,1102.5,649.1,1002.3,61,1,1002.2,257,4,1002.1,820,10,1002.0,1225,17,1001.9,1117,12,1002.5,96,1,1002.6,60,1,1002.7,638,6,1002.8,725,6,1002.9,1103,15
317,2025-11-26 11:04:42+05:30,1002.7,95,996.96,4465362,422644.0,479356.0,986.2,1004.2,981.3,986.2,120549750,1084.8,887.6,1102.5,649.1,1002.3,61,1,1002.2,257,4,1002.1,644,9,1002.0,1225,17,1001.9,1064,11,1002.5,96,1,1002.6,135,3,1002.7,638,6,1002.8,800,8,1002.9,1089,13
317,2025-11-26 11:04:43+05:30,1002.7,95,996.96,4465362,422958.0,479382.0,986.2,1004.2,981.3,986.2,120549750,1084.8,887.6,1102.5,649.1,1002.3,61,1,1002.2,175,3,1002.1,644,9,1002.0,1360,18,1001.9,1064,11,1002.5,96,1,1002.6,135,3,1002.7,638,6,1002.8,866,9,1002.9,1089,13
317,2025-11-26 11:04:44+05:30,1002.5,184,996.96,4465362,422958.0,479382.0,986.2,1004.2,981.3,986.2,120549750,1084.8,887.6,1102.5,649.1,1002.3,61,1,1002.2,175,3,1002.1,644,9,1002.0,1360,18,1001.9,1064,11,1002.5,96,1,1002.6,135,3,1002.7,638,6,1002.8,866,9,1002.9,1089,13
317,2025-11-26 11:04:44+05:30,1002.5,1,996.96,4465549,422864.0,479029.0,986.2,1004.2,981.3,986.2,120549750,1084.8,887.6,1102.5,649.1,1002.2,175,3,1002.1,750,9,1002.0,1276,17,1001.9,814,10,1001.8,1475,13,1002.5,93,1,1002.6,130,3,1002.7,855,9,1002.8,1001,10,1002.9,1091,13
317,2025-11-26 11:04:45+05:30,1002.2,67,996.96,4465549,422864.0,479029.0,986.2,1004.2,981.3,986.2,120549750,1084.8,887.6,1102.5,649.1,1002.2,175,3,1002.1,750,9,1002.0,1276,17,1001.9,814,10,1001.8,1475,13,1002.5,93,1,1002.6,130,3,1002.7,855,9,1002.8,1001,10,1002.9,1091,13
317,2025-11-26 11:04:45+05:30,1002.2,67,996.96,4466317,421842.0,479824.0,986.2,1004.2,981.3,986.2,120549750,1084.8,887.6,1102.5,649.1,1002.2,91,2,1002.1,657,6,1002.0,1219,15,1001.9,692,8,1001.8,1188,13,1002.6,91,2,1002.7,846,10,1002.8,1103,10,1002.9,1075,13,1003.0,1411,22
317,2025-11-26 11:04:46+05:30,1002.6,25,996.96,4466317,421842.0,479824.0,986.2,1004.2,981.3,986.2,120549750,1084.8,887.6,1102.5,649.1,1002.2,91,2,1002.1,657,6,1002.0,1219,15,1001.9,692,8,1001.8,1188,13,1002.6,91,2,1002.7,846,10,1002.8,1103,10,1002.9,1075,13,1003.0,1411,22
317,2025-11-26 11:04:46+05:30,1002.1,6,996.96,4466808,421744.0,479569.0,986.2,1004.2,981.3,986.2,120549750,1084.8,887.6,1102.5,649.1,1002.2,191,3,1002.1,417,6,1002.0,1230,15,1001.9,1015,11,1001.8,1188,13,1002.6,66,2,1002.7,777,9,1002.8,1106,10,1002.9,1101,15,1003.0,1135,19
317,2025-11-26 11:04:47+05:30,1002.2,30,996.96,4466808,421744.0,479569.0,986.2,1004.2,981.3,986.2,120549750,1084.8,887.6,1102.5,649.1,1002.2,191,3,1002.1,417,6,1002.0,1230,15,1001.9,1015,11,1001.8,1188,13,1002.6,66,2,1002.7,777,9,1002.8,1106,10,1002.9,1101,15,1003.0,1135,19
317,2025-11-26 11:04:47+05:30,1002.2,19,996.96,4466872,421477.0,480165.0,986.2,1004.2,981.3,986.2,120549750,1084.8,887.6,1102.5,649.1,1002.2,50,1,1002.1,196,3,1002.0,860,12,1001.9,897,11,1001.8,1282,14,1002.6,1465,10,1002.7,1003,12,1002.8,560,10,1002.9,1101,15,1003.0,1118,19
317,2025-11-26 11:04:48+05:30,1002.2,19,996.96,4466872,421477.0,480165.0,986.2,1004.2,981.3,986.2,120549750,1084.8,887.6,1102.5,649.1,1002.2,50,1,1002.1,196,3,1002.0,860,12,1001.9,897,11,1001.8,1282,14,1002.6,1465,10,1002.7,1003,12,1002.8,560,10,1002.9,1101,15,1003.0,1118,19
317,2025-11-26 11:04:48+05:30,1002.3,20,996.96,4466892,421526.0,480299.0,986.2,1004.2,981.3,986.2,120549750,1084.8,887.6,1102.5,649.1,1002.2,50,1,1002.1,284,4,1002.0,1069,13,1001.9,810,9,1001.8,1241,14,1002.6,699,7,1002.7,1028,12,1002.8,1168,11,1002.9,1097,15,1003.0,868,18
317,2025-11-26 11:04:49+05:30,1002.6,104,996.96,4466892,421526.0,480299.0,986.2,1004.2,981.3,986.2,120549750,1084.8,887.6,1102.5,649.1,1002.2,50,1,1002.1,284,4,1002.0,1069,13,1001.9,810,9,1001.8,1241,14,1002.6,699,7,1002.7,1028,12,1002.8,1168,11,1002.9,1097,15,1003.0,868,18
317,2025-11-26 11:04:49+05:30,1002.6,104,996.96,4467078,422996.0,480853.0,986.2,1004.2,981.3,986.2,120549750,1084.8,887.6,1102.5,649.1,1002.4,130,3,1002.2,72,2,1002.1,441,4,1002.0,1131,15,1001.9,1042,12,1002.6,406,4,1002.7,1122,13,1002.8,1074,10,1002.9,1097,15,1003.0,868,18
317,2025-11-26 11:04:50+05:30,1002.5,89,996.96,4467078,422996.0,480853.0,986.2,1004.2,981.3,986.2,120549750,1084.8,887.6,1102.5,649.1,1002.4,130,3,1002.2,72,2,1002.1,441,4,1002.0,1131,15,1001.9,1042,12,1002.6,406,4,1002.7,1122,13,1002.8,1074,10,1002.9,1097,15,1003.0,868,18
317,2025-11-26 11:04:50+05:30,1002.8,1,996.96,4469858,426821.0,474072.0,986.2,1004.2,981.3,986.2,120549750,1084.8,887.6,1102.5,649.1,1002.8,106,3,1002.7,177,3,1002.6,123,3,1002.5,406,3,1002.4,826,11,1003.0,63,1,1003.1,329,5,1003.2,1033,5,1003.3,898,8,1003.4,547,11
317,2025-11-26 11:04:51+05:30,1002.8,1,996.96,4469858,426821.0,474072.0,986.2,1004.2,981.3,986.2,120549750,1084.8,887.6,1102.5,649.1,1002.8,106,3,1002.7,177,3,1002.6,123,3,1002.5,406,3,1002.4,826,11,1003.0,63,1,1003.1,329,5,1003.2,1033,5,1003.3,898,8,1003.4,547,11
317,2025-11-26 11:04:51+05:30,1003.0,97,996.96,4469958,427432.0,473818.0,986.2,1004.2,981.3,986.2,120549750,1084.8,887.6,1102.5,649.1,1003.0,21,1,1002.8,198,3,1002.7,198,3,1002.6,354,4,1002.5,705,5,1003.1,4,1,1003.2,425,3,1003.3,1259,7,1003.4,747,10,1003.5,1006,15
317,2025-11-26 11:04:52+05:30,1003.0,97,996.96,4469958,427432.0,473818.0,986.2,1004.2,981.3,986.2,120549750,1084.8,887.6,1102.5,649.1,1003.0,21,1,1002.8,198,3,1002.7,198,3,1002.6,354,4,1002.5,705,5,1003.1,4,1,1003.2,425,3,1003.3,1259,7,1003.4,747,10,1003.5,1006,15
317,2025-11-26 11:04:52+05:30,1003.0,10,996.96,4469968,426182.0,475144.0,986.2,1004.2,981.3,986.2,120549750,1084.8,887.6,1102.5,649.1,1002.8,101,2,1002.7,295,4,1002.6,248,3,1002.5,756,6,1002.4,1501,14,1003.1,4,1,1003.2,474,4,1003.3,1446,10,1003.4,734,9,1003.5,1487,18
317,2025-11-26 11:04:53+05:30,1003.0,10,996.96,4469968,426182.0,475144.0,986.2,1004.2,981.3,986.2,120549750,1084.8,887.6,1102.5,649.1,1002.8,101,2,1002.7,295,4,1002.6,248,3,1002.5,756,6,1002.4,1501,14,1003.1,4,1,1003.2,474,4,1003.3,1446,10,1003.4,734,9,1003.5,1487,18
317,2025-11-26 11:04:53+05:30,1003.0,10,996.96,4469968,426030.0,475364.0,986.2,1004.2,981.3,986.2,120549750,1084.8,887.6,1102.5,649.1,1002.8,101,2,1002.7,198,3,1002.6,345,4,1002.5,756,6,1002.4,1527,16,1003.1,86,2,1003.2,512,4,1003.3,1446,10,1003.4,734,9,1003.5,1487,18
317,2025-11-26 11:04:54+05:30,1003.1,180,996.96,4469968,426030.0,475364.0,986.2,1004.2,981.3,986.2,120549750,1084.8,887.6,1102.5,649.1,1002.8,101,2,1002.7,198,3,1002.6,345,4,1002.5,756,6,1002.4,1527,16,1003.1,86,2,1003.2,512,4,1003.3,1446,10,1003.4,734,9,1003.5,1487,18
317,2025-11-26 11:04:55+05:30,1002.9,20,996.97,4470927,426930.0,474660.0,986.2,1004.2,981.3,986.2,120549750,1084.8,887.6,1102.5,649.1,1002.9,92,1,1002.8,198,3,1002.7,643,6,1002.6,710,10,1002.5,1047,11,1003.1,280,3,1003.2,630,4,1003.3,429,5,1003.4,1164,10,1003.5,1215,15
317,2025-11-26 11:04:55+05:30,1002.9,20,996.97,4470927,426930.0,474660.0,986.2,1004.2,981.3,986.2,120549750,1084.8,887.6,1102.5,649.1,1002.9,92,1,1002.8,198,3,1002.7,643,6,1002.6,710,10,1002.5,1047,11,1003.1,280,3,1003.2,630,4,1003.3,429,5,1003.4,1164,10,1003.5,1215,15
317,2025-11-26 11:04:56+05:30,1003.1,29,996.97,4471677,426087.0,475015.0,986.2,1004.2,981.3,986.2,120549750,1084.8,887.6,1102.5,649.1,1002.9,92,1,1002.8,101,2,1002.7,71,1,1002.6,558,7,1002.5,735,6,1003.1,215,6,1003.2,738,7,1003.3,687,9,1003.4,1278,12,1003.5,1491,18
317,2025-11-26 11:04:56+05:30,1003.1,29,996.97,4471677,426087.0,475015.0,986.2,1004.2,981.3,986.2,120549750,1084.8,887.6,1102.5,649.1,1002.9,92,1,1002.8,101,2,1002.7,71,1,1002.6,558,7,1002.5,735,6,1003.1,215,6,1003.2,738,7,1003.3,687,9,1003.4,1278,12,1003.5,1491,18
317,2025-11-26 11:04:57+05:30,1002.8,45,996.97,4471906,424674.0,475936.0,986.2,1004.2,981.3,986.2,120549750,1084.8,887.6,1102.5,649.1,1002.8,56,2,1002.7,71,1,1002.6,100,2,1002.5,479,4,1002.4,1222,14,1003.1,496,7,1003.2,1540,10,1003.3,848,11,1003.4,796,13,1003.5,1252,16
317,2025-11-26 11:04:57+05:30,1002.8,45,996.97,4471906,424674.0,475936.0,986.2,1004.2,981.3,986.2,120549750,1084.8,887.6,1102.5,649.1,1002.8,56,2,1002.7,71,1,1002.6,100,2,1002.5,479,4,1002.4,1222,14,1003.1,496,7,1003.2,1540,10,1003.3,848,11,1003.4,796,13,1003.5,1252,16
317,2025-11-26 11:04:58+05:30,1002.8,45,996.97,4471906,424704.0,475937.0,986.2,1004.2,981.3,986.2,120549750,1084.8,887.6,1102.5,649.1,1002.8,56,2,1002.7,71,1,1002.6,100,2,1002.5,479,4,1002.4,1222,14,1003.1,496,7,1003.2,1540,10,1003.3,848,11,1003.4,796,13,1003.5,1252,16
317,2025-11-26 11:04:59+05:30,1003.1,54,996.97,4472091,424363.0,476982.0,986.2,1004.2,981.3,986.2,120549750,1084.8,887.6,1102.5,649.1,1002.8,29,1,1002.7,71,1,1002.6,79,1,1002.5,479,4,1002.4,1125,13,1003.1,643,7,1003.2,1846,12,1003.3,751,10,1003.4,1248,15,1003.5,1002,15
317,2025-11-26 11:04:59+05:30,1003.1,54,996.97,4472091,424363.0,476982.0,986.2,1004.2,981.3,986.2,120549750,1084.8,887.6,1102.5,649.1,1002.8,29,1,1002.7,71,1,1002.6,79,1,1002.5,479,4,1002.4,1125,13,1003.1,643,7,1003.2,1846,12,1003.3,751,10,1003.4,1248,15,1003.5,1002,15
317,2025-11-26 11:05:00+05:30,1003.1,54,996.97,4472091,424389.0,476617.0,986.2,1004.2,981.3,986.2,120549750,1084.8,887.6,1102.5,649.1,1002.8,29,1,1002.7,71,1,1002.6,79,1,1002.5,479,4,1002.4,1125,13,1003.1,786,9,1003.2,1353,11,1003.3,751,10,1003.4,1046,14,1003.5,1564,16
317,2025-11-26 11:05:01+05:30,1002.7,8,996.97,4472091,424389.0,476617.0,986.2,1004.2,981.3,986.2,120549750,1084.8,887.6,1102.5,649.1,1002.8,29,1,1002.7,71,1,1002.6,79,1,1002.5,479,4,1002.4,1125,13,1003.1,786,9,1003.2,1353,11,1003.3,751,10,1003.4,1046,14,1003.5,1564,16
317,2025-11-26 11:05:01+05:30,1002.9,500,996.97,4472599,425333.0,477209.0,986.2,1004.2,981.3,986.2,120549750,1084.8,887.6,1102.5,649.1,1002.7,63,1,1002.6,79,1,1002.5,425,5,1002.4,947,11,1002.3,761,11,1002.9,96,1,1003.1,811,10,1003.2,1268,10,1003.3,967,13,1003.4,1046,14
317,2025-11-26 11:05:02+05:30,1002.9,87,996.97,4472599,425333.0,477209.0,986.2,1004.2,981.3,986.2,120549750,1084.8,887.6,1102.5,649.1,1002.7,63,1,1002.6,79,1,1002.5,425,5,1002.4,947,11,1002.3,761,11,1002.9,96,1,1003.1,811,10,1003.2,1268,10,1003.3,967,13,1003.4,1046,14
317,2025-11-26 11:05:02+05:30,1002.9,87,996.97,4472686,425113.0,477042.0,986.2,1004.2,981.3,986.2,120549750,1084.8,887.6,1102.5,649.1,1002.7,63,1,1002.6,293,4,1002.5,399,4,1002.4,947,11,1002.3,761,11,1002.9,9,1,1003.1,811,10,1003.2,1268,10,1003.3,870,12,1003.4,1379,14
317,2025-11-26 11:05:03+05:30,1002.9,87,996.97,4472686,424032.0,476691.0,986.2,1004.2,981.3,986.2,120549750,1084.8,887.6,1102.5,649.1,1002.4,586,9,1002.3,787,10,1002.2,914,15,1002.1,1325,13,1002.0,2453,23,1002.8,10,1,1002.9,9,1,1003.0,423,3,1003.1,1329,13,1003.2,1334,11
317,2025-11-26 11:05:04+05:30,1002.8,10,996.97,4472686,424032.0,476691.0,986.2,1004.2,981.3,986.2,120549750,1084.8,887.6,1102.5,649.1,1002.4,586,9,1002.3,787,10,1002.2,914,15,1002.1,1325,13,1002.0,2453,23,1002.8,10,1,1002.9,9,1,1003.0,423,3,1003.1,1329,13,1003.2,1334,11
317,2025-11-26 11:05:04+05:30,1002.8,10,996.97,4472696,425124.0,477482.0,986.2,1004.2,981.3,986.2,120549750,1084.8,887.6,1102.5,649.1,1002.8,9,1,1002.6,5,1,1002.5,289,3,1002.4,827,13,1002.3,815,10,1002.9,9,1,1003.0,324,3,1003.1,732,11,1003.2,1216,12,1003.3,1133,13
317,2025-11-26 11:05:05+05:30,1002.8,175,996.97,4472696,425124.0,477482.0,986.2,1004.2,981.3,986.2,120549750,1084.8,887.6,1102.5,649.1,1002.8,9,1,1002.6,5,1,1002.5,289,3,1002.4,827,13,1002.3,815,10,1002.9,9,1,1003.0,324,3,1003.1,732,11,1003.2,1216,12,1003.3,1133,13
317,2025-11-26 11:05:05+05:30,1002.8,175,996.97,4472871,424543.0,477625.0,986.2,1004.2,981.3,986.2,120549750,1084.8,887.6,1102.5,649.1,1002.6,5,1,1002.5,141,3,1002.4,733,10,1002.3,789,8,1002.2,914,15,1002.8,96,1,1003.0,281,2,1003.1,840,12,1003.2,1127,11,1003.3,1176,14
317,2025-11-26 11:05:06+05:30,1002.8,175,996.97,4472871,426616.0,477281.0,986.2,1004.2,981.3,986.2,120549750,1084.8,887.6,1102.5,649.1,1002.6,5,1,1002.5,141,3,1002.4,764,11,1002.3,789,8,1002.2,1164,16,1002.8,96,1,1003.0,281,2,1003.1,840,12,1003.2,730,10,1003.3,1202,16
317,2025-11-26 11:05:07+05:30,1003.0,191,996.97,4472871,426616.0,477281.0,986.2,1004.2,981.3,986.2,120549750,1084.8,887.6,1102.5,649.1,1002.6,5,1,1002.5,141,3,1002.4,764,11,1002.3,789,8,1002.2,1164,16,1002.8,96,1,1003.0,281,2,1003.1,840,12,1003.2,730,10,1003.3,1202,16
317,2025-11-26 11:05:07+05:30,1003.0,191,996.97,4473621,424732.0,474663.0,986.2,1004.2,981.3,986.2,120549750,1084.8,887.6,1102.5,649.1,1002.5,82,1,1002.4,364,5,1002.3,745,8,1002.2,776,12,1002.1,1120,9,1003.0,718,6,1003.1,832,13,1003.2,773,11,1003.3,1493,15,1003.4,895,13
317,2025-11-26 11:05:08+05:30,1003.0,40,996.97,4473621,424732.0,474663.0,986.2,1004.2,981.3,986.2,120549750,1084.8,887.6,1102.5,649.1,1002.5,82,1,1002.4,364,5,1002.3,745,8,1002.2,776,12,1002.1,1120,9,1003.0,718,6,1003.1,832,13,1003.2,773,11,1003.3,1493,15,1003.4,895,13
317,2025-11-26 11:05:08+05:30,1003.0,40,996.97,4473748,424799.0,473764.0,986.2,1004.2,981.3,986.2,120549750,1084.8,887.6,1102.5,649.1,1002.5,139,3,1002.4,850,11,1002.3,931,9,1002.2,1117,15,1002.1,1166,10,1003.1,498,10,1003.2,1266,11,1003.3,915,12,1003.4,816,12,1003.5,1056,14
317,2025-11-26 11:05:09+05:30,1003.1,3,996.97,4473748,424799.0,473764.0,986.2,1004.2,981.3,986.2,120549750,1084.8,887.6,1102.5,649.1,1002.5,139,3,1002.4,850,11,1002.3,931,9,1002.2,1117,15,1002.1,1166,10,1003.1,498,10,1003.2,1266,11,1003.3,915,12,1003.4,816,12,1003.5,1056,14
317,2025-11-26 11:05:09+05:30,1003.1,3,996.97,4473936,424901.0,474705.0,986.2,1004.2,981.3,986.2,120549750,1084.8,887.6,1102.5,649.1,1002.5,139,3,1002.4,850,11,1002.3,931,9,1002.2,1117,15,1002.1,1264,11,1003.1,655,9,1003.2,1802,12,1003.3,915,12,1003.4,1011,12,1003.5,1056,14
317,2025-11-26 11:05:10+05:30,1003.1,3,996.97,4473936,425374.0,477324.0,986.2,1004.2,981.3,986.2,120549750,1084.8,887.6,1102.5,649.1,1002.5,112,2,1002.4,608,6,1002.3,884,9,1002.2,842,14,1002.1,1312,11,1002.8,96,1,1003.0,1004,5,1003.1,872,12,1003.2,1410,12,1003.3,1191,15
317,2025-11-26 11:05:11+05:30,1003.1,3,996.97,4473936,425374.0,476709.0,986.2,1004.2,981.3,986.2,120549750,1084.8,887.6,1102.5,649.1,1002.5,112,2,1002.4,608,6,1002.3,884,9,1002.2,842,14,1002.1,1312,11,1002.8,96,1,1003.0,1004,5,1003.1,872,12,1003.2,794,11,1003.3,941,14
317,2025-11-26 11:05:12+05:30,1003.1,3,996.97,4473936,425377.0,476719.0,986.2,1004.2,981.3,986.2,120549750,1084.8,887.6,1102.5,649.1,1002.5,112,2,1002.4,685,8,1002.3,858,8,1002.2,794,13,1002.1,1312,11,1002.8,96,1,1003.0,1004,5,1003.1,872,12,1003.2,807,12,1003.3,928,13
317,2025-11-26 11:05:13+05:30,1002.8,5,996.97,4473976,425424.0,476652.0,986.2,1004.2,981.3,986.2,120549750,1084.8,887.6,1102.5,649.1,1002.5,165,4,1002.4,679,8,1002.3,858,8,1002.2,794,13,1002.1,1312,11,1002.8,56,1,1003.0,474,4,1003.1,783,11,1003.2,900,14,1003.3,915,12
317,2025-11-26 11:05:13+05:30,1002.8,5,996.97,4473976,425424.0,476652.0,986.2,1004.2,981.3,986.2,120549750,1084.8,887.6,1102.5,649.1,1002.5,165,4,1002.4,679,8,1002.3,858,8,1002.2,794,13,1002.1,1312,11,1002.8,56,1,1003.0,474,4,1003.1,783,11,1003.2,900,14,1003.3,915,12
317,2025-11-26 11:05:14+05:30,1002.8,184,996.97,4474160,425344.0,476659.0,986.2,1004.2,981.3,986.2,120549750,1084.8,887.6,1102.5,649.1,1002.5,189,4,1002.4,648,8,1002.3,938,9,1002.2,864,14,1002.1,1224,11,1002.8,96,1,1003.0,474,4,1003.1,734,10,1003.2,811,13,1003.3,995,13
317,2025-11-26 11:05:14+05:30,1002.8,184,996.97,4474160,425344.0,476659.0,986.2,1004.2,981.3,986.2,120549750,1084.8,887.6,1102.5,649.1,1002.5,189,4,1002.4,648,8,1002.3,938,9,1002.2,864,14,1002.1,1224,11,1002.8,96,1,1003.0,474,4,1003.1,734,10,1003.2,811,13,1003.3,995,13
317,2025-11-26 11:05:15+05:30,1002.6,96,996.97,4474371,424371.0,477618.0,986.2,1004.2,981.3,986.2,120549750,1084.8,887.6,1102.5,649.1,1002.5,116,4,1002.4,565,8,1002.3,702,8,1002.2,750,12,1002.1,998,9,1002.6,96,1,1002.9,202,1,1003.0,202,1,1003.1,1302,13,1003.2,1295,10
317,2025-11-26 11:05:15+05:30,1002.6,96,996.97,4474371,424371.0,477618.0,986.2,1004.2,981.3,986.2,120549750,1084.8,887.6,1102.5,649.1,1002.5,116,4,1002.4,565,8,1002.3,702,8,1002.2,750,12,1002.1,998,9,1002.6,96,1,1002.9,202,1,1003.0,202,1,1003.1,1302,13,1003.2,1295,10
317,2025-11-26 11:05:16+05:30,1002.7,1,996.97,4474371,424371.0,477618.0,986.2,1004.2,981.3,986.2,120549750,1084.8,887.6,1102.5,649.1,1002.5,116,4,1002.4,565,8,1002.3,702,8,1002.2,750,12,1002.1,998,9,1002.6,96,1,1002.9,202,1,1003.0,202,1,1003.1,1302,13,1003.2,1295,10
317,2025-11-26 11:05:16+05:30,1002.7,1,996.97,4475172,423760.0,478186.0,986.2,1004.2,981.3,986.2,120549750,1084.8,887.6,1102.5,649.1,1002.5,18,2,1002.4,142,5,1002.3,555,6,1002.2,702,9,1002.1,1020,13,1002.7,53,1,1002.9,376,5,1003.0,973,9,1003.1,1592,14,1003.2,1318,11
317,2025-11-26 11:05:17+05:30,1002.9,1,996.97,4475172,423760.0,478186.0,986.2,1004.2,981.3,986.2,120549750,1084.8,887.6,1102.5,649.1,1002.5,18,2,1002.4,142,5,1002.3,555,6,1002.2,702,9,1002.1,1020,13,1002.7,53,1,1002.9,376,5,1003.0,973,9,1003.1,1592,14,1003.2,1318,11
317,2025-11-26 11:05:17+05:30,1002.9,1,996.97,4475309,425090.0,475304.0,986.2,1004.2,981.3,986.2,120549750,1084.8,887.6,1102.5,649.1,1002.5,193,5,1002.4,719,11,1002.3,942,10,1002.2,1273,12,1002.1,1007,12,1003.0,174,3,1003.1,838,8,1003.2,724,11,1003.3,1768,20,1003.4,729,8
317,2025-11-26 11:05:18+05:30,1002.9,1,996.97,4475309,425524.0,476061.0,986.2,1004.2,981.3,986.2,120549750,1084.8,887.6,1102.5,649.1,1002.6,192,3,1002.5,449,6,1002.4,794,14,1002.3,916,8,1002.2,1273,12,1003.0,249,4,1003.1,696,6,1003.2,650,10,1003.3,1759,19,1003.4,692,7
317,2025-11-26 11:05:19+05:30,1003.0,68,996.97,4475309,425524.0,476061.0,986.2,1004.2,981.3,986.2,120549750,1084.8,887.6,1102.5,649.1,1002.6,192,3,1002.5,449,6,1002.4,794,14,1002.3,916,8,1002.2,1273,12,1003.0,249,4,1003.1,696,6,1003.2,650,10,1003.3,1759,19,1003.4,692,7
317,2025-11-26 11:05:19+05:30,1003.0,68,996.97,4475495,427308.0,477340.0,986.2,1004.2,981.3,986.2,120549750,1084.8,887.6,1102.5,649.1,1002.8,328,4,1002.6,374,5,1002.5,544,6,1002.4,869,15,1002.3,1159,9,1003.0,106,2,1003.1,770,6,1003.2,649,10,1003.3,1839,20,1003.4,692,7
317,2025-11-26 11:05:20+05:30,1003.0,68,996.97,4475495,427400.0,477532.0,986.2,1004.2,981.3,986.2,120549750,1084.8,887.6,1102.5,649.1,1002.8,314,4,1002.6,349,4,1002.5,544,6,1002.4,853,14,1002.3,1159,9,1002.9,96,1,1003.0,106,2,1003.1,842,8,1003.2,698,11,1003.3,1839,20
317,2025-11-26 11:05:21+05:30,1002.9,15,996.97,4475495,427400.0,477532.0,986.2,1004.2,981.3,986.2,120549750,1084.8,887.6,1102.5,649.1,1002.8,314,4,1002.6,349,4,1002.5,544,6,1002.4,853,14,1002.3,1159,9,1002.9,96,1,1003.0,106,2,1003.1,842,8,1003.2,698,11,1003.3,1839,20
317,2025-11-26 11:05:21+05:30,1002.9,15,996.97,4476260,426333.0,477184.0,986.2,1004.2,981.3,986.2,120549750,1084.8,887.6,1102.5,649.1,1002.8,224,3,1002.6,181,3,1002.5,504,5,1002.4,670,10,1002.3,990,13,1002.9,58,1,1003.0,133,3,1003.1,910,9,1003.2,1363,13,1003.3,1023,15
317,2025-11-26 11:05:22+05:30,1002.9,113,996.97,4476260,426333.0,477184.0,986.2,1004.2,981.3,986.2,120549750,1084.8,887.6,1102.5,649.1,1002.8,224,3,1002.6,181,3,1002.5,504,5,1002.4,670,10,1002.3,990,13,1002.9,58,1,1003.0,133,3,1003.1,910,9,1003.2,1363,13,1003.3,1023,15
317,2025-11-26 11:05:22+05:30,1002.9,113,996.97,4476373,426458.0,477037.0,986.2,1004.2,981.3,986.2,120549750,1084.8,887.6,1102.5,649.1,1002.8,237,4,1002.6,218,3,1002.5,579,6,1002.4,732,12,1002.3,977,12,1002.9,96,1,1003.0,84,2,1003.1,910,9,1003.2,1237,12,1003.3,1049,17
317,2025-11-26 11:05:23+05:30,1002.9,60,996.97,4476373,426458.0,477037.0,986.2,1004.2,981.3,986.2,120549750,1084.8,887.6,1102.5,649.1,1002.8,237,4,1002.6,218,3,1002.5,579,6,1002.4,732,12,1002.3,977,12,1002.9,96,1,1003.0,84,2,1003.1,910,9,1003.2,1237,12,1003.3,1049,17
317,2025-11-26 11:05:23+05:30,1002.9,60,996.97,4476433,426398.0,476977.0,986.2,1004.2,981.3,986.2,120549750,1084.8,887.6,1102.5,649.1,1002.8,237,4,1002.6,218,3,1002.5,579,6,1002.4,732,12,1002.3,977,12,1002.9,36,1,1003.0,84,2,1003.1,910,9,1003.2,1237,12,1003.3,1049,17
317,2025-11-26 11:05:24+05:30,1003.1,108,996.97,4476433,426398.0,476977.0,986.2,1004.2,981.3,986.2,120549750,1084.8,887.6,1102.5,649.1,1002.8,237,4,1002.6,218,3,1002.5,579,6,1002.4,732,12,1002.3,977,12,1002.9,36,1,1003.0,84,2,1003.1,910,9,1003.2,1237,12,1003.3,1049,17
317,2025-11-26 11:05:24+05:30,1003.1,108,996.98,4478576,428584.0,475646.0,986.2,1004.2,981.3,986.2,120549750,1084.8,887.6,1102.5,649.1,1003.0,980,3,1002.9,19,1,1002.8,37,3,1002.6,360,4,1002.5,824,10,1003.1,269,3,1003.2,317,7,1003.3,825,8,1003.4,1049,10,1003.5,1040,15
317,2025-11-26 11:05:25+05:30,1003.1,94,996.98,4478576,428584.0,475646.0,986.2,1004.2,981.3,986.2,120549750,1084.8,887.6,1102.5,649.1,1003.0,980,3,1002.9,19,1,1002.8,37,3,1002.6,360,4,1002.5,824,10,1003.1,269,3,1003.2,317,7,1003.3,825,8,1003.4,1049,10,1003.5,1040,15
317,2025-11-26 11:05:25+05:30,1003.1,94,996.98,4478670,428587.0,476804.0,986.2,1004.2,981.3,986.2,120549750,1084.8,887.6,1102.5,649.1,1003.0,1015,5,1002.9,19,1,1002.8,5,1,1002.6,576,5,1002.5,824,10,1003.1,192,5,1003.2,806,8,1003.3,750,7,1003.4,1324,13,1003.5,1263,16
317,2025-11-26 11:05:26+05:30,1003.0,682,996.98,4479736,427315.0,476715.0,986.2,1004.2,981.3,986.2,120549750,1084.8,887.6,1102.5,649.1,1003.0,333,5,1002.9,8,1,1002.8,5,1,1002.6,466,4,1002.5,557,9,1003.1,163,6,1003.2,1158,11,1003.3,750,7,1003.4,1227,11,1003.5,1513,17
317,2025-11-26 11:05:26+05:30,1003.0,682,996.98,4479736,427315.0,476715.0,986.2,1004.2,981.3,986.2,120549750,1084.8,887.6,1102.5,649.1,1003.0,333,5,1002.9,8,1,1002.8,5,1,1002.6,466,4,1002.5,557,9,1003.1,163,6,1003.2,1158,11,1003.3,750,7,1003.4,1227,11,1003.5,1513,17
317,2025-11-26 11:05:27+05:30,1003.1,80,996.98,4479736,427315.0,476715.0,986.2,1004.2,981.3,986.2,120549750,1084.8,887.6,1102.5,649.1,1003.0,333,5,1002.9,8,1,1002.8,5,1,1002.6,466,4,1002.5,557,9,1003.1,163,6,1003.2,1158,11,1003.3,750,7,1003.4,1227,11,1003.5,1513,17
317,2025-11-26 11:05:27+05:30,1003.1,80,996.98,4479829,427142.0,477149.0,986.2,1004.2,981.3,986.2,120549750,1084.8,887.6,1102.5,649.1,1003.0,333,5,1002.9,8,1,1002.8,5,1,1002.6,466,4,1002.5,557,9,1003.1,439,6,1003.2,1008,9,1003.3,825,8,1003.4,1324,12,1003.5,1263,16
317,2025-11-26 11:05:28+05:30,1003.1,80,996.98,4479829,427136.0,477020.0,986.2,1004.2,981.3,986.2,120549750,1084.8,887.6,1102.5,649.1,1003.0,333,5,1002.9,8,1,1002.8,5,1,1002.6,466,4,1002.5,557,9,1003.1,720,7,1003.2,1083,10,1003.3,825,8,1003.4,757,11,1003.5,1468,16
317,2025-11-26 11:05:29+05:30,1003.1,185,996.98,4479829,427136.0,477020.0,986.2,1004.2,981.3,986.2,120549750,1084.8,887.6,1102.5,649.1,1003.0,333,5,1002.9,8,1,1002.8,5,1,1002.6,466,4,1002.5,557,9,1003.1,720,7,1003.2,1083,10,1003.3,825,8,1003.4,757,11,1003.5,1468,16
317,2025-11-26 11:05:29+05:30,1003.1,68,996.98,4480082,427214.0,476895.0,986.2,1004.2,981.3,986.2,120549750,1084.8,887.6,1102.5,649.1,1003.0,235,3,1002.9,8,1,1002.8,5,1,1002.6,466,4,1002.5,539,6,1003.1,397,5,1003.2,1083,10,1003.3,891,9,1003.4,757,11,1003.5,1468,16
317,2025-11-26 11:05:30+05:30,1003.0,148,996.98,4480082,427214.0,476895.0,986.2,1004.2,981.3,986.2,120549750,1084.8,887.6,1102.5,649.1,1003.0,235,3,1002.9,8,1,1002.8,5,1,1002.6,466,4,1002.5,539,6,1003.1,397,5,1003.2,1083,10,1003.3,891,9,1003.4,757,11,1003.5,1468,16
317,2025-11-26 11:05:30+05:30,1003.0,148,996.98,4480888,426354.0,477449.0,986.2,1004.2,981.3,986.2,120549750,1084.8,887.6,1102.5,649.1,1002.9,8,1,1002.8,5,1,1002.6,428,4,1002.5,539,6,1002.4,1025,17,1003.0,146,2,1003.1,699,8,1003.2,1154,11,1003.3,951,10,1003.4,980,11
317,2025-11-26 11:05:31+05:30,1002.6,38,996.98,4480888,426354.0,477449.0,986.2,1004.2,981.3,986.2,120549750,1084.8,887.6,1102.5,649.1,1002.9,8,1,1002.8,5,1,1002.6,428,4,1002.5,539,6,1002.4,1025,17,1003.0,146,2,1003.1,699,8,1003.2,1154,11,1003.3,951,10,1003.4,980,11
317,2025-11-26 11:05:31+05:30,1002.6,38,996.98,4481205,425684.0,476899.0,986.2,1004.2,981.3,986.2,120549750,1084.8,887.6,1102.5,649.1,1002.6,308,3,1002.5,640,7,1002.4,901,15,1002.3,795,8,1002.2,881,10,1003.0,107,2,1003.1,887,10,1003.2,1238,12,1003.3,1136,11,1003.4,980,11
317,2025-11-26 11:05:32+05:30,1003.0,50,996.98,4481205,425684.0,476899.0,986.2,1004.2,981.3,986.2,120549750,1084.8,887.6,1102.5,649.1,1002.6,308,3,1002.5,640,7,1002.4,901,15,1002.3,795,8,1002.2,881,10,1003.0,107,2,1003.1,887,10,1003.2,1238,12,1003.3,1136,11,1003.4,980,11
317,2025-11-26 11:05:32+05:30,1003.0,50,996.98,4481255,425859.0,477456.0,986.2,1004.2,981.3,986.2,120549750,1084.8,887.6,1102.5,649.1,1002.7,82,1,1002.6,374,5,1002.5,640,7,1002.4,901,15,1002.3,795,8,1003.0,13,1,1003.1,839,9,1003.2,1185,11,1003.3,1136,11,1003.4,980,11
317,2025-11-26 11:05:33+05:30,1002.6,6,996.98,4481255,425859.0,477456.0,986.2,1004.2,981.3,986.2,120549750,1084.8,887.6,1102.5,649.1,1002.7,82,1,1002.6,374,5,1002.5,640,7,1002.4,901,15,1002.3,795,8,1003.0,13,1,1003.1,839,9,1003.2,1185,11,1003.3,1136,11,1003.4,980,11
317,2025-11-26 11:05:33+05:30,1002.6,6,996.98,4481355,425843.0,477470.0,986.2,1004.2,981.3,986.2,120549750,1084.8,887.6,1102.5,649.1,1002.7,13,1,1002.6,290,2,1002.5,570,6,1002.4,950,16,1002.3,795,8,1003.0,13,1,1003.1,910,10,1003.2,1317,13,1003.3,1136,11,1003.4,980,11
317,2025-11-26 11:05:34+05:30,1003.0,185,996.98,4481355,425843.0,477470.0,986.2,1004.2,981.3,986.2,120549750,1084.8,887.6,1102.5,649.1,1002.7,13,1,1002.6,290,2,1002.5,570,6,1002.4,950,16,1002.3,795,8,1003.0,13,1,1003.1,910,10,1003.2,1317,13,1003.3,1136,11,1003.4,980,11
317,2025-11-26 11:05:34+05:30,1003.0,185,996.98,4481540,426686.0,477470.0,986.2,1004.2,981.3,986.2,120549750,1084.8,887.6,1102.5,649.1,1002.8,112,1,1002.7,13,1,1002.6,290,2,1002.5,683,7,1002.4,1121,19,1003.0,24,1,1003.1,714,8,1003.2,1331,12,1003.3,997,10,1003.4,1547,12
317,2025-11-26 11:05:35+05:30,1003.0,24,996.98,4481540,426686.0,477470.0,986.2,1004.2,981.3,986.2,120549750,1084.8,887.6,1102.5,649.1,1002.8,112,1,1002.7,13,1,1002.6,290,2,1002.5,683,7,1002.4,1121,19,1003.0,24,1,1003.1,714,8,1003.2,1331,12,1003.3,997,10,1003.4,1547,12
317,2025-11-26 11:05:35+05:30,1003.0,24,996.98,4481564,427462.0,476289.0,986.2,1004.2,981.3,986.2,120549750,1084.8,887.6,1102.5,649.1,1003.0,76,1,1002.8,112,1,1002.7,13,1,1002.6,394,3,1002.5,732,8,1003.1,462,4,1003.2,821,12,1003.3,922,9,1003.4,1261,11,1003.5,1479,17
317,2025-11-26 11:05:36+05:30,1003.1,70,996.98,4481564,427462.0,476289.0,986.2,1004.2,981.3,986.2,120549750,1084.8,887.6,1102.5,649.1,1003.0,76,1,1002.8,112,1,1002.7,13,1,1002.6,394,3,1002.5,732,8,1003.1,462,4,1003.2,821,12,1003.3,922,9,1003.4,1261,11,1003.5,1479,17
317,2025-11-26 11:05:36+05:30,1003.1,70,996.98,4481676,428519.0,476443.0,986.2,1004.2,981.3,986.2,120549750,1084.8,887.6,1102.5,649.1,1003.0,89,2,1002.7,202,1,1002.6,492,3,1002.5,598,7,1002.4,1820,22,1003.1,877,5,1003.2,746,11,1003.3,879,8,1003.4,1334,11,1003.5,1255,18
317,2025-11-26 11:05:37+05:30,1003.1,70,996.98,4481676,428540.0,477193.0,986.2,1004.2,981.3,986.2,120549750,1084.8,887.6,1102.5,649.1,1003.0,89,2,1002.7,202,1,1002.6,492,3,1002.5,624,9,1002.4,1794,20,1003.1,877,5,1003.2,744,10,1003.3,954,9,1003.4,1261,11,1003.5,1255,18
317,2025-11-26 11:05:38+05:30,1003.0,1,996.98,4481676,428540.0,477193.0,986.2,1004.2,981.3,986.2,120549750,1084.8,887.6,1102.5,649.1,1003.0,89,2,1002.7,202,1,1002.6,492,3,1002.5,624,9,1002.4,1794,20,1003.1,877,5,1003.2,744,10,1003.3,954,9,1003.4,1261,11,1003.5,1255,18
317,2025-11-26 11:05:38+05:30,1003.0,1,996.98,4481677,428518.0,477064.0,986.2,1004.2,981.3,986.2,120549750,1084.8,887.6,1102.5,649.1,1003.0,88,2,1002.7,202,1,1002.6,492,3,1002.5,624,9,1002.4,1794,20,1003.1,797,4,1003.2,695,9,1003.3,954,9,1003.4,1261,11,1003.5,1255,18
317,2025-11-26 11:05:39+05:30,1003.1,185,996.98,4481677,428518.0,477064.0,986.2,1004.2,981.3,986.2,120549750,1084.8,887.6,1102.5,649.1,1003.0,88,2,1002.7,202,1,1002.6,492,3,1002.5,624,9,1002.4,1794,20,1003.1,797,4,1003.2,695,9,1003.3,954,9,1003.4,1261,11,1003.5,1255,18
317,2025-11-26 11:05:39+05:30,1003.1,185,996.98,4481862,428504.0,476879.0,986.2,1004.2,981.3,986.2,120549750,1084.8,887.6,1102.5,649.1,1003.0,89,3,1002.7,202,1,1002.6,492,3,1002.5,624,9,1002.4,1794,20,1003.1,612,4,1003.2,620,8,1003.3,1029,10,1003.4,1243,10,1003.5,1212,15
317,2025-11-26 11:05:40+05:30,1003.0,1,996.98,4481862,428504.0,476879.0,986.2,1004.2,981.3,986.2,120549750,1084.8,887.6,1102.5,649.1,1003.0,89,3,1002.7,202,1,1002.6,492,3,1002.5,624,9,1002.4,1794,20,1003.1,612,4,1003.2,620,8,1003.3,1029,10,1003.4,1243,10,1003.5,1212,15
317,2025-11-26 11:05:40+05:30,1003.0,1,996.98,4481951,427374.0,475855.0,986.2,1004.2,981.3,986.2,120549750,1084.8,887.6,1102.5,649.1,1002.6,606,6,1002.5,644,9,1002.4,1110,19,1002.3,795,8,1002.2,881,10,1003.0,7,1,1003.1,612,4,1003.2,706,9,1003.3,879,8,1003.4,1295,10
317,2025-11-26 11:05:41+05:30,1003.0,1,996.98,4481951,427024.0,475889.0,986.2,1004.2,981.3,986.2,120549750,1084.8,887.6,1102.5,649.1,1002.6,606,6,1002.5,644,9,1002.4,1110,19,1002.3,795,8,1002.2,881,10,1003.0,7,1,1003.1,612,4,1003.2,706,9,1003.3,879,8,1003.4,1295,10
317,2025-11-26 11:05:42+05:30,1003.0,1,996.98,4481951,427039.0,475887.0,986.2,1004.2,981.3,986.2,120549750,1084.8,887.6,1102.5,649.1,1002.6,496,4,1002.5,720,10,1002.4,1110,19,1002.3,795,8,1002.2,881,10,1003.0,7,1,1003.1,612,4,1003.2,1225,10,1003.3,879,8,1003.4,1023,11
317,2025-11-26 11:05:43+05:30,1003.0,1,996.98,4481951,427039.0,475867.0,986.2,1004.2,981.3,986.2,120549750,1084.8,887.6,1102.5,649.1,1002.6,496,4,1002.5,720,10,1002.4,1110,19,1002.3,795,8,1002.2,881,10,1003.0,7,1,1003.1,623,5,1003.2,1225,10,1003.3,879,8,1003.4,1023,11
317,2025-11-26 11:05:44+05:30,1003.0,98,996.98,4481951,427039.0,475867.0,986.2,1004.2,981.3,986.2,120549750,1084.8,887.6,1102.5,649.1,1002.6,496,4,1002.5,720,10,1002.4,1110,19,1002.3,795,8,1002.2,881,10,1003.0,7,1,1003.1,623,5,1003.2,1225,10,1003.3,879,8,1003.4,1023,11
317,2025-11-26 11:05:44+05:30,1003.0,3,996.98,4482256,426803.0,476577.0,986.2,1004.2,981.3,986.2,120549750,1084.8,887.6,1102.5,649.1,1002.6,166,2,1002.5,867,10,1002.4,1090,18,1002.3,848,9,1002.2,1057,10,1003.0,73,1,1003.1,1385,9,1003.2,782,10,1003.3,909,9,1003.4,714,10
317,2025-11-26 11:05:45+05:30,1003.0,65,996.98,4482256,426803.0,476577.0,986.2,1004.2,981.3,986.2,120549750,1084.8,887.6,1102.5,649.1,1002.6,166,2,1002.5,867,10,1002.4,1090,18,1002.3,848,9,1002.2,1057,10,1003.0,73,1,1003.1,1385,9,1003.2,782,10,1003.3,909,9,1003.4,714,10
317,2025-11-26 11:05:45+05:30,1003.0,25,996.98,4482931,428153.0,475662.0,986.2,1004.2,981.3,986.2,120549750,1084.8,887.6,1102.5,649.1,1003.0,635,1,1002.8,99,2,1002.6,197,2,1002.5,589,6,1002.4,935,12,1003.1,745,9,1003.2,751,10,1003.3,791,8,1003.4,1240,12,1003.5,1467,17
317,2025-11-26 11:05:46+05:30,1003.0,25,996.98,4482931,428153.0,475662.0,986.2,1004.2,981.3,986.2,120549750,1084.8,887.6,1102.5,649.1,1003.0,635,1,1002.8,99,2,1002.6,197,2,1002.5,589,6,1002.4,935,12,1003.1,745,9,1003.2,751,10,1003.3,791,8,1003.4,1240,12,1003.5,1467,17
317,2025-11-26 11:05:46+05:30,1003.0,10,996.98,4483021,427789.0,476544.0,986.2,1004.2,981.3,986.2,120549750,1084.8,887.6,1102.5,649.1,1003.0,545,1,1002.8,99,2,1002.6,197,2,1002.5,589,6,1002.4,892,13,1003.1,1164,12,1003.2,751,10,1003.3,791,8,1003.4,1240,12,1003.5,1467,17
317,2025-11-26 11:05:47+05:30,1003.0,10,996.98,4483021,427789.0,476544.0,986.2,1004.2,981.3,986.2,120549750,1084.8,887.6,1102.5,649.1,1003.0,545,1,1002.8,99,2,1002.6,197,2,1002.5,589,6,1002.4,892,13,1003.1,1164,12,1003.2,751,10,1003.3,791,8,1003.4,1240,12,1003.5,1467,17
317,2025-11-26 11:05:47+05:30,1003.0,25,996.98,4483081,427981.0,476540.0,986.2,1004.2,981.3,986.2,120549750,1084.8,887.6,1102.5,649.1,1003.0,485,1,1002.8,99,2,1002.6,197,2,1002.5,620,8,1002.4,979,15,1003.1,1009,10,1003.2,675,9,1003.3,867,9,1003.4,1201,12,1003.5,1467,17
317,2025-11-26 11:05:48+05:30,1003.0,25,996.98,4483081,427981.0,476540.0,986.2,1004.2,981.3,986.2,120549750,1084.8,887.6,1102.5,649.1,1003.0,485,1,1002.8,99,2,1002.6,197,2,1002.5,620,8,1002.4,979,15,1003.1,1009,10,1003.2,675,9,1003.3,867,9,1003.4,1201,12,1003.5,1467,17
317,2025-11-26 11:05:48+05:30,1003.0,25,996.98,4483141,427921.0,476735.0,986.2,1004.2,981.3,986.2,120549750,1084.8,887.6,1102.5,649.1,1003.0,425,1,1002.8,99,2,1002.6,413,3,1002.5,620,8,1002.4,992,16,1003.1,1164,12,1003.2,793,11,1003.3,791,8,1003.4,1276,13,1003.5,1467,17
317,2025-11-26 11:05:49+05:30,1003.1,102,996.98,4483141,427921.0,476735.0,986.2,1004.2,981.3,986.2,120549750,1084.8,887.6,1102.5,649.1,1003.0,425,1,1002.8,99,2,1002.6,413,3,1002.5,620,8,1002.4,992,16,1003.1,1164,12,1003.2,793,11,1003.3,791,8,1003.4,1276,13,1003.5,1467,17
317,2025-11-26 11:05:49+05:30,1003.1,3,996.98,4483475,428408.0,476596.0,986.2,1004.2,981.3,986.2,120549750,1084.8,887.6,1102.5,649.1,1003.0,420,2,1002.8,99,2,1002.6,439,5,1002.5,666,9,1002.4,1558,15,1003.1,724,8,1003.2,641,9,1003.3,943,10,1003.4,1340,13,1003.5,1217,16
317,2025-11-26 11:05:50+05:30,1003.0,30,996.98,4483475,428408.0,476596.0,986.2,1004.2,981.3,986.2,120549750,1084.8,887.6,1102.5,649.1,1003.0,420,2,1002.8,99,2,1002.6,439,5,1002.5,666,9,1002.4,1558,15,1003.1,724,8,1003.2,641,9,1003.3,943,10,1003.4,1340,13,1003.5,1217,16
317,2025-11-26 11:05:50+05:30,1003.0,11,996.98,4483947,427612.0,477242.0,986.2,1004.2,981.3,986.2,120549750,1084.8,887.6,1102.5,649.1,1002.8,99,2,1002.6,307,2,1002.5,763,12,1002.4,966,14,1002.3,750,8,1003.0,85,1,1003.1,745,9,1003.2,641,9,1003.3,984,10,1003.4,1388,13
317,2025-11-26 11:05:51+05:30,1002.5,80,996.98,4483947,427612.0,477242.0,986.2,1004.2,981.3,986.2,120549750,1084.8,887.6,1102.5,649.1,1002.8,99,2,1002.6,307,2,1002.5,763,12,1002.4,966,14,1002.3,750,8,1003.0,85,1,1003.1,745,9,1003.2,641,9,1003.3,984,10,1003.4,1388,13
317,2025-11-26 11:05:51+05:30,1002.5,80,996.98,4484447,426233.0,477390.0,986.2,1004.2,981.3,986.2,120549750,1084.8,887.6,1102.5,649.1,1002.8,110,3,1002.6,111,2,1002.5,620,8,1002.4,949,18,1002.3,765,9,1003.0,85,1,1003.1,1112,13,1003.2,707,10,1003.3,935,10,1003.4,1562,13
317,2025-11-26 11:05:52+05:30,1002.8,53,996.98,4484447,426233.0,477390.0,986.2,1004.2,981.3,986.2,120549750,1084.8,887.6,1102.5,649.1,1002.8,110,3,1002.6,111,2,1002.5,620,8,1002.4,949,18,1002.3,765,9,1003.0,85,1,1003.1,1112,13,1003.2,707,10,1003.3,935,10,1003.4,1562,13
317,2025-11-26 11:05:52+05:30,1002.8,53,996.98,4484547,426943.0,477434.0,986.2,1004.2,981.3,986.2,120549750,1084.8,887.6,1102.5,649.1,1002.8,44,2,1002.6,90,1,1002.5,574,7,1002.4,1090,17,1002.3,822,11,1003.0,90,2,1003.1,1097,13,1003.2,1174,10,1003.3,935,10,1003.4,1011,14
317,2025-11-26 11:05:53+05:30,1003.0,10,996.98,4484547,426943.0,477434.0,986.2,1004.2,981.3,986.2,120549750,1084.8,887.6,1102.5,649.1,1002.8,44,2,1002.6,90,1,1002.5,574,7,1002.4,1090,17,1002.3,822,11,1003.0,90,2,1003.1,1097,13,1003.2,1174,10,1003.3,935,10,1003.4,1011,14
317,2025-11-26 11:05:53+05:30,1003.0,10,996.98,4484557,426968.0,477500.0,986.2,1004.2,981.3,986.2,120549750,1084.8,887.6,1102.5,649.1,1002.8,44,2,1002.6,90,1,1002.5,626,8,1002.4,1011,16,1002.3,852,11,1003.0,142,3,1003.1,1097,13,1003.2,1174,10,1003.3,935,10,1003.4,1011,14
317,2025-11-26 11:05:54+05:30,1003.0,42,996.98,4484557,426968.0,477500.0,986.2,1004.2,981.3,986.2,120549750,1084.8,887.6,1102.5,649.1,1002.8,44,2,1002.6,90,1,1002.5,626,8,1002.4,1011,16,1002.3,852,11,1003.0,142,3,1003.1,1097,13,1003.2,1174,10,1003.3,935,10,1003.4,1011,14
317,2025-11-26 11:05:54+05:30,1003.0,42,996.98,4484741,428109.0,477618.0,986.2,1004.2,981.3,986.2,120549750,1084.8,887.6,1102.5,649.1,1002.9,112,1,1002.8,44,2,1002.6,292,2,1002.5,574,7,1002.4,1114,18,1003.0,119,3,1003.1,1068,13,1003.2,1258,11,1003.3,935,10,1003.4,1011,14
317,2025-11-26 11:05:55+05:30,1002.9,112,996.98,4484741,428109.0,477618.0,986.2,1004.2,981.3,986.2,120549750,1084.8,887.6,1102.5,649.1,1002.9,112,1,1002.8,44,2,1002.6,292,2,1002.5,574,7,1002.4,1114,18,1003.0,119,3,1003.1,1068,13,1003.2,1258,11,1003.3,935,10,1003.4,1011,14
317,2025-11-26 11:05:55+05:30,1002.9,112,996.98,4484853,426297.0,476793.0,986.2,1004.2,981.3,986.2,120549750,1084.8,887.6,1102.5,649.1,1002.6,90,1,1002.5,252,5,1002.4,1086,17,1002.3,819,13,1002.2,609,9,1002.9,96,1,1003.0,677,4,1003.1,1003,12,1003.2,865,13,1003.3,778,9
317,2025-11-26 11:05:56+05:30,1002.9,112,996.98,4484853,426677.0,477536.0,986.2,1004.2,981.3,986.2,120549750,1084.8,887.6,1102.5,649.1,1002.6,90,1,1002.5,252,5,1002.4,1037,16,1002.3,819,13,1002.2,825,10,1002.9,96,1,1003.0,941,6,1003.1,1019,12,1003.2,865,13,1003.3,778,9
317,2025-11-26 11:05:57+05:30,1002.9,112,996.98,4484853,426705.0,477566.0,986.2,1004.2,981.3,986.2,120549750,1084.8,887.6,1102.5,649.1,1002.6,90,1,1002.5,280,6,1002.4,963,15,1002.3,819,13,1002.2,825,10,1002.9,96,1,1003.0,1020,8,1003.1,1016,11,1003.2,857,12,1003.3,806,10
317,2025-11-26 11:05:58+05:30,1002.9,112,996.98,4484853,426162.0,478668.0,986.2,1004.2,981.3,986.2,120549750,1084.8,887.6,1102.5,649.1,1002.6,90,1,1002.5,147,3,1002.4,921,14,1002.3,758,9,1002.2,837,11,1002.9,96,1,1003.0,1164,10,1003.1,1149,12,1003.2,865,13,1003.3,960,10
317,2025-11-26 11:05:59+05:30,1002.9,185,996.98,4484853,426162.0,478668.0,986.2,1004.2,981.3,986.2,120549750,1084.8,887.6,1102.5,649.1,1002.6,90,1,1002.5,147,3,1002.4,921,14,1002.3,758,9,1002.2,837,11,1002.9,96,1,1003.0,1164,10,1003.1,1149,12,1003.2,865,13,1003.3,960,10
317,2025-11-26 11:05:59+05:30,1002.6,1,996.98,4485039,426226.0,478907.0,986.2,1004.2,981.3,986.2,120549750,1084.8,887.6,1102.5,649.1,1002.6,89,1,1002.5,105,3,1002.4,842,13,1002.3,683,6,1002.2,943,14,1002.9,96,1,1003.0,1160,10,1003.1,1149,12,1003.2,913,16,1003.3,1017,14
317,2025-11-26 11:06:00+05:30,1002.6,1,996.98,4485039,426226.0,478907.0,986.2,1004.2,981.3,986.2,120549750,1084.8,887.6,1102.5,649.1,1002.6,89,1,1002.5,105,3,1002.4,842,13,1002.3,683,6,1002.2,943,14,1002.9,96,1,1003.0,1160,10,1003.1,1149,12,1003.2,913,16,1003.3,1017,14
317,2025-11-26 11:06:01+05:30,1002.7,55,996.99,4485919,424140.0,480378.0,986.2,1004.2,981.3,986.2,120549750,1084.8,887.6,1102.5,649.1,1002.5,89,2,1002.4,127,4,1002.3,163,2,1002.2,741,10,1002.1,1016,11,1002.7,85,2,1002.9,433,6,1003.0,651,10,1003.1,1576,19,1003.2,1453,15
317,2025-11-26 11:06:01+05:30,1002.7,55,996.99,4485919,424140.0,480378.0,986.2,1004.2,981.3,986.2,120549750,1084.8,887.6,1102.5,649.1,1002.5,89,2,1002.4,127,4,1002.3,163,2,1002.2,741,10,1002.1,1016,11,1002.7,85,2,1002.9,433,6,1003.0,651,10,1003.1,1576,19,1003.2,1453,15
317,2025-11-26 11:06:02+05:30,1002.7,20,996.99,4485940,424069.0,481118.0,986.2,1004.2,981.3,986.2,120549750,1084.8,887.6,1102.5,649.1,1002.5,54,1,1002.4,127,4,1002.3,379,3,1002.2,692,9,1002.1,965,10,1002.7,65,2,1002.8,773,4,1002.9,433,6,1003.0,743,13,1003.1,1579,20
317,2025-11-26 11:06:02+05:30,1002.7,20,996.99,4485940,424069.0,481118.0,986.2,1004.2,981.3,986.2,120549750,1084.8,887.6,1102.5,649.1,1002.5,54,1,1002.4,127,4,1002.3,379,3,1002.2,692,9,1002.1,965,10,1002.7,65,2,1002.8,773,4,1002.9,433,6,1003.0,743,13,1003.1,1579,20
317,2025-11-26 11:06:03+05:30,1002.7,4,996.99,4485965,424119.0,481036.0,986.2,1004.2,981.3,986.2,120549750,1084.8,887.6,1102.5,649.1,1002.5,54,1,1002.4,127,4,1002.3,379,3,1002.2,692,9,1002.1,994,11,1002.7,136,2,1002.8,773,4,1002.9,433,6,1003.0,743,13,1003.1,1579,20
317,2025-11-26 11:06:03+05:30,1002.7,4,996.99,4485965,424119.0,481036.0,986.2,1004.2,981.3,986.2,120549750,1084.8,887.6,1102.5,649.1,1002.5,54,1,1002.4,127,4,1002.3,379,3,1002.2,692,9,1002.1,994,11,1002.7,136,2,1002.8,773,4,1002.9,433,6,1003.0,743,13,1003.1,1579,20
317,2025-11-26 11:06:04+05:30,1002.7,185,996.99,4487041,424615.0,480432.0,986.2,1004.2,981.3,986.2,120549750,1084.8,887.6,1102.5,649.1,1002.5,88,2,1002.4,403,9,1002.3,661,7,1002.2,856,8,1002.1,1523,16,1002.7,96,1,1002.9,162,3,1003.0,1137,10,1003.1,1551,18,1003.2,1401,16
317,2025-11-26 11:06:04+05:30,1002.7,185,996.99,4487041,424615.0,480432.0,986.2,1004.2,981.3,986.2,120549750,1084.8,887.6,1102.5,649.1,1002.5,88,2,1002.4,403,9,1002.3,661,7,1002.2,856,8,1002.1,1523,16,1002.7,96,1,1002.9,162,3,1003.0,1137,10,1003.1,1551,18,1003.2,1401,16
317,2025-11-26 11:06:05+05:30,1002.7,185,996.99,4487041,424827.0,480079.0,986.2,1004.2,981.3,986.2,120549750,1084.8,887.6,1102.5,649.1,1002.5,89,3,1002.4,327,8,1002.3,635,5,1002.2,856,8,1002.1,1475,13,1002.7,96,1,1002.9,351,5,1003.0,1137,10,1003.1,1551,18,1003.2,1401,16
317,2025-11-26 11:06:05+05:30,1002.5,28,996.99,4487041,424827.0,480079.0,986.2,1004.2,981.3,986.2,120549750,1084.8,887.6,1102.5,649.1,1002.5,89,3,1002.4,327,8,1002.3,635,5,1002.2,856,8,1002.1,1475,13,1002.7,96,1,1002.9,351,5,1003.0,1137,10,1003.1,1551,18,1003.2,1401,16
317,2025-11-26 11:06:06+05:30,1002.5,2,996.99,4487160,424694.0,479790.0,986.2,1004.2,981.3,986.2,120549750,1084.8,887.6,1102.5,649.1,1002.6,22,1,1002.5,79,1,1002.4,267,6,1002.3,317,3,1002.2,685,7,1002.7,92,1,1002.8,272,4,1002.9,522,7,1003.0,1272,11,1003.1,1576,20
317,2025-11-26 11:06:06+05:30,1002.7,2,996.99,4487160,424694.0,479790.0,986.2,1004.2,981.3,986.2,120549750,1084.8,887.6,1102.5,649.1,1002.6,22,1,1002.5,79,1,1002.4,267,6,1002.3,317,3,1002.2,685,7,1002.7,92,1,1002.8,272,4,1002.9,522,7,1003.0,1272,11,1003.1,1576,20
317,2025-11-26 11:06:06+05:30,1002.9,22,996.99,4487952,424183.0,478334.0,986.2,1004.2,981.3,986.2,120549750,1084.8,887.6,1102.5,649.1,1002.6,103,2,1002.5,79,1,1002.4,267,6,1002.3,525,4,1002.2,768,9,1002.9,817,6,1003.0,453,8,1003.1,1574,18,1003.2,745,14,1003.3,1089,10
317,2025-11-26 11:06:07+05:30,1002.9,22,996.99,4487952,424183.0,478334.0,986.2,1004.2,981.3,986.2,120549750,1084.8,887.6,1102.5,649.1,1002.6,103,2,1002.5,79,1,1002.4,267,6,1002.3,525,4,1002.2,768,9,1002.9,817,6,1003.0,453,8,1003.1,1574,18,1003.2,745,14,1003.3,1089,10
317,2025-11-26 11:06:07+05:30,1002.9,28,996.99,4488035,424115.0,478795.0,986.2,1004.2,981.3,986.2,120549750,1084.8,887.6,1102.5,649.1,1002.6,103,2,1002.5,79,1,1002.4,409,7,1002.3,525,4,1002.2,768,9,1002.9,793,6,1003.0,729,11,1003.1,1550,18,1003.2,811,15,1003.3,905,10
317,2025-11-26 11:06:08+05:30,1002.9,28,996.99,4488035,424115.0,478795.0,986.2,1004.2,981.3,986.2,120549750,1084.8,887.6,1102.5,649.1,1002.6,103,2,1002.5,79,1,1002.4,409,7,1002.3,525,4,1002.2,768,9,1002.9,793,6,1003.0,729,11,1003.1,1550,18,1003.2,811,15,1003.3,905,10
317,2025-11-26 11:06:09+05:30,1002.9,15,996.99,4488220,424115.0,479279.0,986.2,1004.2,981.3,986.2,120549750,1084.8,887.6,1102.5,649.1,1002.6,103,2,1002.5,79,1,1002.4,409,7,1002.3,525,4,1002.2,768,9,1002.9,1154,8,1003.0,549,9,1003.1,1583,19,1003.2,811,15,1003.3,1372,13
317,2025-11-26 11:06:09+05:30,1002.9,15,996.99,4488220,424115.0,479279.0,986.2,1004.2,981.3,986.2,120549750,1084.8,887.6,1102.5,649.1,1002.6,103,2,1002.5,79,1,1002.4,409,7,1002.3,525,4,1002.2,768,9,1002.9,1154,8,1003.0,549,9,1003.1,1583,19,1003.2,811,15,1003.3,1372,13
317,2025-11-26 11:06:10+05:30,1002.9,15,996.99,4488220,424128.0,479530.0,986.2,1004.2,981.3,986.2,120549750,1084.8,887.6,1102.5,649.1,1002.6,116,3,1002.5,79,1,1002.4,409,7,1002.3,525,4,1002.2,768,9,1002.9,1064,7,1003.0,639,10,1003.1,1580,18,1003.2,812,16,1003.3,1372,13
317,2025-11-26 11:06:10+05:30,1002.6,20,996.99,4488220,424128.0,479530.0,986.2,1004.2,981.3,986.2,120549750,1084.8,887.6,1102.5,649.1,1002.6,116,3,1002.5,79,1,1002.4,409,7,1002.3,525,4,1002.2,768,9,1002.9,1064,7,1003.0,639,10,1003.1,1580,18,1003.2,812,16,1003.3,1372,13
317,2025-11-26 11:06:10+05:30,1002.6,20,996.99,4488240,424858.0,480310.0,986.2,1004.2,981.3,986.2,120549750,1084.8,887.6,1102.5,649.1,1002.6,96,3,1002.5,79,1,1002.4,409,7,1002.3,525,4,1002.2,768,9,1002.7,96,1,1002.9,1201,7,1003.0,658,10,1003.1,1670,19,1003.2,1402,17
317,2025-11-26 11:06:12+05:30,1002.6,20,996.99,4488240,424563.0,480474.0,986.2,1004.2,981.3,986.2,120549750,1084.8,887.6,1102.5,649.1,1002.6,96,3,1002.5,79,1,1002.4,201,5,1002.3,525,4,1002.2,794,11,1002.7,96,1,1002.8,92,2,1002.9,1111,6,1003.0,739,11,1003.1,1627,18
317,2025-11-26 11:06:13+05:30,1002.6,20,996.99,4488240,424585.0,480496.0,986.2,1004.2,981.3,986.2,120549750,1084.8,887.6,1102.5,649.1,1002.6,96,3,1002.5,79,1,1002.4,201,5,1002.3,592,5,1002.2,794,11,1002.7,96,1,1002.8,92,2,1002.9,1111,6,1003.0,739,11,1003.1,1653,20
317,2025-11-26 11:06:14+05:30,1002.7,184,996.99,4488424,424856.0,479539.0,986.2,1004.2,981.3,986.2,120549750,1084.8,887.6,1102.5,649.1,1002.6,96,3,1002.5,79,1,1002.4,201,5,1002.3,683,7,1002.2,843,12,1002.7,96,1,1002.8,92,2,1002.9,1183,7,1003.0,739,11,1003.1,1656,21
317,2025-11-26 11:06:14+05:30,1002.7,112,996.99,4488424,424856.0,479539.0,986.2,1004.2,981.3,986.2,120549750,1084.8,887.6,1102.5,649.1,1002.6,96,3,1002.5,79,1,1002.4,201,5,1002.3,683,7,1002.2,843,12,1002.7,96,1,1002.8,92,2,1002.9,1183,7,1003.0,739,11,1003.1,1656,21
317,2025-11-26 11:06:15+05:30,1002.7,16,996.99,4488681,424515.0,479382.0,986.2,1004.2,981.3,986.2,120549750,1084.8,887.6,1102.5,649.1,1002.6,96,3,1002.5,79,1,1002.4,335,5,1002.3,676,7,1002.2,742,11,1002.7,77,1,1002.8,43,1,1002.9,546,5,1003.0,1280,12,1003.1,1487,16
317,2025-11-26 11:06:15+05:30,1002.6,13,996.99,4488681,424515.0,479382.0,986.2,1004.2,981.3,986.2,120549750,1084.8,887.6,1102.5,649.1,1002.6,96,3,1002.5,79,1,1002.4,335,5,1002.3,676,7,1002.2,742,11,1002.7,77,1,1002.8,43,1,1002.9,546,5,1003.0,1280,12,1003.1,1487,16
317,2025-11-26 11:06:16+05:30,1002.6,13,996.99,4488777,423460.0,479745.0,986.2,1004.2,981.3,986.2,120549750,1084.8,887.6,1102.5,649.1,1002.5,79,1,1002.4,335,5,1002.3,474,4,1002.2,721,11,1002.1,777,7,1002.6,83,1,1002.8,43,1,1002.9,366,4,1003.0,1199,11,1003.1,1594,19
317,2025-11-26 11:06:17+05:30,1002.6,13,996.99,4488777,424207.0,479637.0,986.2,1004.2,981.3,986.2,120549750,1084.8,887.6,1102.5,649.1,1002.5,79,1,1002.4,335,5,1002.3,414,3,1002.2,721,11,1002.1,834,8,1002.6,83,1,1002.8,43,1,1002.9,366,4,1003.0,1199,11,1003.1,1355,18
317,2025-11-26 11:06:18+05:30,1002.6,50,996.99,4488827,423722.0,479554.0,986.2,1004.2,981.3,986.2,120549750,1084.8,887.6,1102.5,649.1,1002.5,79,1,1002.4,335,5,1002.3,414,3,1002.2,721,11,1002.1,834,8,1002.6,33,1,1002.8,43,1,1002.9,437,5,1003.0,1199,11,1003.1,1355,18
317,2025-11-26 11:06:18+05:30,1002.6,50,996.99,4488827,423722.0,479554.0,986.2,1004.2,981.3,986.2,120549750,1084.8,887.6,1102.5,649.1,1002.5,79,1,1002.4,335,5,1002.3,414,3,1002.2,721,11,1002.1,834,8,1002.6,33,1,1002.8,43,1,1002.9,437,5,1003.0,1199,11,1003.1,1355,18
317,2025-11-26 11:06:19+05:30,1002.6,186,996.99,4489014,423488.0,479819.0,986.2,1004.2,981.3,986.2,120549750,1084.8,887.6,1102.5,649.1,1002.5,79,1,1002.4,127,4,1002.3,206,2,1002.2,693,10,1002.1,834,8,1002.6,152,2,1002.8,243,4,1002.9,1255,8,1003.0,684,12,1003.1,1248,15
317,2025-11-26 11:06:19+05:30,1002.6,186,996.99,4489014,423488.0,479819.0,986.2,1004.2,981.3,986.2,120549750,1084.8,887.6,1102.5,649.1,1002.5,79,1,1002.4,127,4,1002.3,206,2,1002.2,693,10,1002.1,834,8,1002.6,152,2,1002.8,243,4,1002.9,1255,8,1003.0,684,12,1003.1,1248,15
317,2025-11-26 11:06:20+05:30,1002.5,79,996.99,4489014,423488.0,479819.0,986.2,1004.2,981.3,986.2,120549750,1084.8,887.6,1102.5,649.1,1002.5,79,1,1002.4,127,4,1002.3,206,2,1002.2,693,10,1002.1,834,8,1002.6,152,2,1002.8,243,4,1002.9,1255,8,1003.0,684,12,1003.1,1248,15
317,2025-11-26 11:06:20+05:30,1002.5,79,996.99,4489093,423556.0,480699.0,986.2,1004.2,981.3,986.2,120549750,1084.8,887.6,1102.5,649.1,1002.4,99,3,1002.3,206,2,1002.2,715,10,1002.1,777,7,1002.0,2060,26,1002.5,113,2,1002.6,56,1,1002.7,5,1,1002.8,162,3,1002.9,1454,10
317,2025-11-26 11:06:21+05:30,1002.5,458,996.99,4489093,423556.0,480699.0,986.2,1004.2,981.3,986.2,120549750,1084.8,887.6,1102.5,649.1,1002.4,99,3,1002.3,206,2,1002.2,715,10,1002.1,777,7,1002.0,2060,26,1002.5,113,2,1002.6,56,1,1002.7,5,1,1002.8,162,3,1002.9,1454,10
317,2025-11-26 11:06:21+05:30,1002.5,129,996.99,4489972,423514.0,480387.0,986.2,1004.2,981.3,986.2,120549750,1084.8,887.6,1102.5,649.1,1002.4,283,4,1002.3,145,2,1002.2,478,5,1002.1,803,9,1002.0,2258,27,1002.5,96,1,1002.6,131,3,1002.8,70,1,1002.9,1007,7,1003.0,519,8
317,2025-11-26 11:06:22+05:30,1002.5,129,996.99,4489972,423514.0,480387.0,986.2,1004.2,981.3,986.2,120549750,1084.8,887.6,1102.5,649.1,1002.4,283,4,1002.3,145,2,1002.2,478,5,1002.1,803,9,1002.0,2258,27,1002.5,96,1,1002.6,131,3,1002.8,70,1,1002.9,1007,7,1003.0,519,8
317,2025-11-26 11:06:22+05:30,1002.5,129,996.99,4489972,423487.0,480430.0,986.2,1004.2,981.3,986.2,120549750,1084.8,887.6,1102.5,649.1,1002.4,299,5,1002.3,291,3,1002.2,478,5,1002.1,824,10,1002.0,2258,27,1002.5,96,1,1002.6,131,3,1002.8,70,1,1002.9,1217,8,1003.0,532,9
317,2025-11-26 11:06:23+05:30,1002.5,129,996.99,4489972,423487.0,480406.0,986.2,1004.2,981.3,986.2,120549750,1084.8,887.6,1102.5,649.1,1002.4,299,5,1002.3,291,3,1002.2,478,5,1002.1,824,10,1002.0,2258,27,1002.5,96,1,1002.6,131,3,1002.8,70,1,1002.9,1217,8,1003.0,532,9
317,2025-11-26 11:06:24+05:30,1002.6,29,996.99,4489972,423487.0,480406.0,986.2,1004.2,981.3,986.2,120549750,1084.8,887.6,1102.5,649.1,1002.4,299,5,1002.3,291,3,1002.2,478,5,1002.1,824,10,1002.0,2258,27,1002.5,96,1,1002.6,131,3,1002.8,70,1,1002.9,1217,8,1003.0,532,9
317,2025-11-26 11:06:24+05:30,1002.6,29,996.99,4490732,423245.0,480971.0,986.2,1004.2,981.3,986.2,120549750,1084.8,887.6,1102.5,649.1,1002.5,19,1,1002.4,142,5,1002.3,71,1,1002.2,478,5,1002.1,774,10,1002.6,102,3,1002.7,251,6,1002.8,833,10,1002.9,1471,13,1003.0,752,10
317,2025-11-26 11:06:25+05:30,1002.7,1,996.99,4491324,424545.0,478807.0,986.2,1004.2,981.3,986.2,120549750,1084.8,887.6,1102.5,649.1,1002.7,158,1,1002.5,49,4,1002.4,142,5,1002.3,380,4,1002.2,1025,11,1002.9,708,7,1003.0,1368,12,1003.1,862,12,1003.2,512,8,1003.3,905,10
317,2025-11-26 11:06:26+05:30,1002.7,1,996.99,4491324,424545.0,478807.0,986.2,1004.2,981.3,986.2,120549750,1084.8,887.6,1102.5,649.1,1002.7,158,1,1002.5,49,4,1002.4,142,5,1002.3,380,4,1002.2,1025,11,1002.9,708,7,1003.0,1368,12,1003.1,862,12,1003.2,512,8,1003.3,905,10
317,2025-11-26 11:06:26+05:30,1002.7,1,996.99,4491415,424565.0,481150.0,986.2,1004.2,981.3,986.2,120549750,1084.8,887.6,1102.5,649.1,1002.7,174,2,1002.6,19,1,1002.5,30,3,1002.4,326,5,1002.3,323,3,1002.9,434,6,1003.0,1256,11,1003.1,884,13,1003.2,731,11,1003.3,1276,18
317,2025-11-26 11:06:27+05:30,1002.7,1,996.99,4491415,424391.0,481668.0,986.2,1004.2,981.3,986.2,120549750,1084.8,887.6,1102.5,649.1,1002.7,187,3,1002.6,19,1,1002.5,17,2,1002.4,326,5,1002.3,323,3,1002.9,1205,8,1003.0,759,10,1003.1,958,14,1003.2,731,11,1003.3,1452,18
317,2025-11-26 11:06:28+05:30,1002.9,13,996.99,4491415,424391.0,481668.0,986.2,1004.2,981.3,986.2,120549750,1084.8,887.6,1102.5,649.1,1002.7,187,3,1002.6,19,1,1002.5,17,2,1002.4,326,5,1002.3,323,3,1002.9,1205,8,1003.0,759,10,1003.1,958,14,1003.2,731,11,1003.3,1452,18
317,2025-11-26 11:06:28+05:30,1002.9,13,996.99,4491599,424320.0,481497.0,986.2,1004.2,981.3,986.2,120549750,1084.8,887.6,1102.5,649.1,1002.7,187,3,1002.5,17,2,1002.4,326,5,1002.3,323,3,1002.2,836,11,1002.9,1034,7,1003.0,759,10,1003.1,884,13,1003.2,805,12,1003.3,1452,18
317,2025-11-26 11:06:29+05:30,1002.9,7,996.99,4491599,424320.0,481497.0,986.2,1004.2,981.3,986.2,120549750,1084.8,887.6,1102.5,649.1,1002.7,187,3,1002.5,17,2,1002.4,326,5,1002.3,323,3,1002.2,836,11,1002.9,1034,7,1003.0,759,10,1003.1,884,13,1003.2,805,12,1003.3,1452,18
317,2025-11-26 11:06:29+05:30,1002.9,7,996.99,4491784,424320.0,481465.0,986.2,1004.2,981.3,986.2,120549750,1084.8,887.6,1102.5,649.1,1002.7,187,3,1002.5,17,2,1002.4,326,5,1002.3,323,3,1002.2,836,11,1002.9,1027,7,1003.0,833,11,1003.1,909,14,1003.2,731,11,1003.3,1452,18
317,2025-11-26 11:06:30+05:30,1002.7,8,996.99,4491949,424926.0,481728.0,986.2,1004.2,981.3,986.2,120549750,1084.8,887.6,1102.5,649.1,1002.7,23,3,1002.5,12,1,1002.4,326,5,1002.3,323,3,1002.2,836,11,1002.8,96,1,1002.9,962,6,1003.0,826,11,1003.1,909,14,1003.2,731,11
317,2025-11-26 11:06:31+05:30,1002.7,8,996.99,4491949,424926.0,481728.0,986.2,1004.2,981.3,986.2,120549750,1084.8,887.6,1102.5,649.1,1002.7,23,3,1002.5,12,1,1002.4,326,5,1002.3,323,3,1002.2,836,11,1002.8,96,1,1002.9,962,6,1003.0,826,11,1003.1,909,14,1003.2,731,11
317,2025-11-26 11:06:31+05:30,1002.5,12,996.99,4492136,423274.0,484076.0,986.2,1004.2,981.3,986.2,120549750,1084.8,887.6,1102.5,649.1,1002.4,99,3,1002.3,138,2,1002.2,504,7,1002.1,785,10,1002.0,1977,21,1002.5,163,1,1002.7,35,2,1002.8,508,3,1002.9,1408,9,1003.0,815,12
317,2025-11-26 11:06:32+05:30,1002.5,163,996.99,4492136,423274.0,484076.0,986.2,1004.2,981.3,986.2,120549750,1084.8,887.6,1102.5,649.1,1002.4,99,3,1002.3,138,2,1002.2,504,7,1002.1,785,10,1002.0,1977,21,1002.5,163,1,1002.7,35,2,1002.8,508,3,1002.9,1408,9,1003.0,815,12
317,2025-11-26 11:06:33+05:30,1002.8,89,996.99,4492388,425668.0,481205.0,986.2,1004.2,981.3,986.2,120549750,1084.8,887.6,1102.5,649.1,1002.7,599,2,1002.5,344,5,1002.4,772,10,1002.3,547,6,1002.2,878,10,1002.8,7,1,1002.9,322,3,1003.0,199,5,1003.1,826,13,1003.2,1311,11
317,2025-11-26 11:06:33+05:30,1002.8,89,996.99,4492388,425668.0,481205.0,986.2,1004.2,981.3,986.2,120549750,1084.8,887.6,1102.5,649.1,1002.7,599,2,1002.5,344,5,1002.4,772,10,1002.3,547,6,1002.2,878,10,1002.8,7,1,1002.9,322,3,1003.0,199,5,1003.1,826,13,1003.2,1311,11
317,2025-11-26 11:06:34+05:30,1002.8,185,996.99,4492388,425668.0,481205.0,986.2,1004.2,981.3,986.2,120549750,1084.8,887.6,1102.5,649.1,1002.7,599,2,1002.5,344,5,1002.4,772,10,1002.3,547,6,1002.2,878,10,1002.8,7,1,1002.9,322,3,1003.0,199,5,1003.1,826,13,1003.2,1311,11
317,2025-11-26 11:06:34+05:30,1002.8,185,996.99,4492673,426263.0,481683.0,986.2,1004.2,981.3,986.2,120549750,1084.8,887.6,1102.5,649.1,1002.7,499,2,1002.5,277,4,1002.4,866,11,1002.3,596,7,1002.2,1080,11,1002.8,96,1,1002.9,252,2,1003.0,148,4,1003.1,826,13,1003.2,1311,11
317,2025-11-26 11:06:35+05:30,1002.7,410,996.99,4492673,426263.0,481683.0,986.2,1004.2,981.3,986.2,120549750,1084.8,887.6,1102.5,649.1,1002.7,499,2,1002.5,277,4,1002.4,866,11,1002.3,596,7,1002.2,1080,11,1002.8,96,1,1002.9,252,2,1003.0,148,4,1003.1,826,13,1003.2,1311,11
317,2025-11-26 11:06:35+05:30,1002.7,410,996.99,4493195,426284.0,481252.0,986.2,1004.2,981.3,986.2,120549750,1084.8,887.6,1102.5,649.1,1002.7,89,2,1002.5,377,5,1002.4,815,10,1002.3,732,9,1002.2,1013,10,1002.9,252,2,1003.0,148,4,1003.1,826,13,1003.2,1311,11,1003.3,1168,15
317,2025-11-26 11:06:36+05:30,1002.9,85,996.99,4493195,426284.0,481252.0,986.2,1004.2,981.3,986.2,120549750,1084.8,887.6,1102.5,649.1,1002.7,89,2,1002.5,377,5,1002.4,815,10,1002.3,732,9,1002.2,1013,10,1002.9,252,2,1003.0,148,4,1003.1,826,13,1003.2,1311,11,1003.3,1168,15
317,2025-11-26 11:06:36+05:30,1002.9,85,996.99,4493280,426252.0,481503.0,986.2,1004.2,981.3,986.2,120549750,1084.8,887.6,1102.5,649.1,1002.7,94,3,1002.5,105,2,1002.4,683,9,1002.3,852,10,1002.2,1080,11,1002.9,477,5,1003.0,350,7,1003.1,857,14,1003.2,734,10,1003.3,1713,16
317,2025-11-26 11:06:37+05:30,1002.9,77,996.99,4493357,426418.0,481691.0,986.2,1004.2,981.3,986.2,120549750,1084.8,887.6,1102.5,649.1,1002.7,17,2,1002.5,307,3,1002.4,683,9,1002.3,852,10,1002.2,1080,11,1002.9,479,6,1003.0,483,9,1003.1,857,14,1003.2,734,10,1003.3,1713,16
317,2025-11-26 11:06:38+05:30,1002.9,4,996.99,4493357,426418.0,481691.0,986.2,1004.2,981.3,986.2,120549750,1084.8,887.6,1102.5,649.1,1002.7,17,2,1002.5,307,3,1002.4,683,9,1002.3,852,10,1002.2,1080,11,1002.9,479,6,1003.0,483,9,1003.1,857,14,1003.2,734,10,1003.3,1713,16
317,2025-11-26 11:06:38+05:30,1002.9,4,996.99,4493361,426509.0,481687.0,986.2,1004.2,981.3,986.2,120549750,1084.8,887.6,1102.5,649.1,1002.7,17,2,1002.5,307,3,1002.4,683,9,1002.3,852,10,1002.2,1080,11,1002.9,475,6,1003.0,483,9,1003.1,857,14,1003.2,734,10,1003.3,1963,17
317,2025-11-26 11:06:39+05:30,1002.9,99,996.99,4493361,426509.0,481687.0,986.2,1004.2,981.3,986.2,120549750,1084.8,887.6,1102.5,649.1,1002.7,17,2,1002.5,307,3,1002.4,683,9,1002.3,852,10,1002.2,1080,11,1002.9,475,6,1003.0,483,9,1003.1,857,14,1003.2,734,10,1003.3,1963,17
317,2025-11-26 11:06:39+05:30,1002.9,99,996.99,4493547,426508.0,481751.0,986.2,1004.2,981.3,986.2,120549750,1084.8,887.6,1102.5,649.1,1002.7,17,2,1002.5,331,4,1002.4,683,9,1002.3,852,10,1002.2,1080,11,1002.9,491,4,1003.0,483,9,1003.1,904,15,1003.2,734,10,1003.3,1418,16
317,2025-11-26 11:06:40+05:30,1002.8,2,996.99,4493547,426508.0,481751.0,986.2,1004.2,981.3,986.2,120549750,1084.8,887.6,1102.5,649.1,1002.7,17,2,1002.5,331,4,1002.4,683,9,1002.3,852,10,1002.2,1080,11,1002.9,491,4,1003.0,483,9,1003.1,904,15,1003.2,734,10,1003.3,1418,16
317,2025-11-26 11:06:40+05:30,1002.8,2,996.99,4493601,426188.0,481722.0,986.2,1004.2,981.3,986.2,120549750,1084.8,887.6,1102.5,649.1,1002.7,16,2,1002.5,307,3,1002.4,648,8,1002.3,650,9,1002.2,811,9,1002.8,92,1,1002.9,599,7,1003.0,478,9,1003.1,988,18,1003.2,1236,11
317,2025-11-26 11:06:41+05:30,1002.8,750,996.99,4493601,426188.0,481722.0,986.2,1004.2,981.3,986.2,120549750,1084.8,887.6,1102.5,649.1,1002.7,16,2,1002.5,307,3,1002.4,648,8,1002.3,650,9,1002.2,811,9,1002.8,92,1,1002.9,599,7,1003.0,478,9,1003.1,988,18,1003.2,1236,11
317,2025-11-26 11:06:41+05:30,1002.8,128,997.0,4494479,425701.0,481403.0,986.2,1004.2,981.3,986.2,120549750,1084.8,887.6,1102.5,649.1,1002.7,16,2,1002.5,118,3,1002.4,583,7,1002.3,701,11,1002.2,875,10,1002.8,72,1,1002.9,531,6,1003.0,1151,11,1003.1,900,16,1003.2,704,12
317,2025-11-26 11:06:42+05:30,1002.8,128,997.0,4494479,425701.0,481403.0,986.2,1004.2,981.3,986.2,120549750,1084.8,887.6,1102.5,649.1,1002.7,16,2,1002.5,118,3,1002.4,583,7,1002.3,701,11,1002.2,875,10,1002.8,72,1,1002.9,531,6,1003.0,1151,11,1003.1,900,16,1003.2,704,12
317,2025-11-26 11:06:42+05:30,1002.8,128,997.0,4494479,425947.0,481677.0,986.2,1004.2,981.3,986.2,120549750,1084.8,887.6,1102.5,649.1,1002.7,16,2,1002.5,118,3,1002.4,583,7,1002.3,701,11,1002.2,875,10,1002.8,116,2,1002.9,678,8,1003.0,1151,11,1003.1,753,14,1003.2,717,13
317,2025-11-26 11:06:43+05:30,1002.8,128,997.0,4494479,425947.0,481681.0,986.2,1004.2,981.3,986.2,120549750,1084.8,887.6,1102.5,649.1,1002.7,16,2,1002.5,118,3,1002.4,583,7,1002.3,701,11,1002.2,875,10,1002.8,116,2,1002.9,678,8,1003.0,580,10,1003.1,753,14,1003.2,1292,14
317,2025-11-26 11:06:44+05:30,1002.8,112,997.0,4494479,425947.0,481681.0,986.2,1004.2,981.3,986.2,120549750,1084.8,887.6,1102.5,649.1,1002.7,16,2,1002.5,118,3,1002.4,583,7,1002.3,701,11,1002.2,875,10,1002.8,116,2,1002.9,678,8,1003.0,580,10,1003.1,753,14,1003.2,1292,14
317,2025-11-26 11:06:44+05:30,1002.8,3,997.0,4494666,425696.0,481763.0,986.2,1004.2,981.3,986.2,120549750,1084.8,887.6,1102.5,649.1,1002.7,16,2,1002.5,113,2,1002.4,642,8,1002.3,652,10,1002.2,824,10,1002.8,41,1,1002.9,806,8,1003.0,518,9,1003.1,815,15,1003.2,1361,15
317,2025-11-26 11:06:45+05:30,1002.8,3,997.0,4494666,425696.0,481763.0,986.2,1004.2,981.3,986.2,120549750,1084.8,887.6,1102.5,649.1,1002.7,16,2,1002.5,113,2,1002.4,642,8,1002.3,652,10,1002.2,824,10,1002.8,41,1,1002.9,806,8,1003.0,518,9,1003.1,815,15,1003.2,1361,15
317,2025-11-26 11:06:45+05:30,1002.8,3,997.0,4494666,425725.0,481791.0,986.2,1004.2,981.3,986.2,120549750,1084.8,887.6,1102.5,649.1,1002.7,16,2,1002.5,118,3,1002.4,642,8,1002.3,652,10,1002.2,848,11,1002.8,69,2,1002.9,806,8,1003.0,518,9,1003.1,815,15,1003.2,1361,15
317,2025-11-26 11:06:46+05:30,1002.8,3,997.0,4494666,425703.0,481852.0,986.2,1004.2,981.3,986.2,120549750,1084.8,887.6,1102.5,649.1,1002.7,16,2,1002.5,105,2,1002.4,642,8,1002.3,665,11,1002.2,824,10,1002.8,69,2,1002.9,806,8,1003.0,578,10,1003.1,828,16,1003.2,1348,14
317,2025-11-26 11:06:48+05:30,1002.8,10,997.0,4494677,425703.0,481931.0,986.2,1004.2,981.3,986.2,120549750,1084.8,887.6,1102.5,649.1,1002.7,16,2,1002.5,105,2,1002.4,642,8,1002.3,665,11,1002.2,824,10,1002.8,58,2,1002.9,806,8,1003.0,518,9,1003.1,1048,18,1003.2,1348,14
317,2025-11-26 11:06:48+05:30,1002.8,10,997.0,4494677,425703.0,481931.0,986.2,1004.2,981.3,986.2,120549750,1084.8,887.6,1102.5,649.1,1002.7,16,2,1002.5,105,2,1002.4,642,8,1002.3,665,11,1002.2,824,10,1002.8,58,2,1002.9,806,8,1003.0,518,9,1003.1,1048,18,1003.2,1348,14
317,2025-11-26 11:06:49+05:30,1002.5,1,997.0,4494893,425579.0,482095.0,986.2,1004.2,981.3,986.2,120549750,1084.8,887.6,1102.5,649.1,1002.7,2,1,1002.5,308,4,1002.4,769,10,1002.3,682,11,1002.2,811,9,1002.8,18,1,1002.9,587,6,1003.0,604,9,1003.1,988,18,1003.2,1346,14
317,2025-11-26 11:06:49+05:30,1002.5,1,997.0,4494893,425579.0,482095.0,986.2,1004.2,981.3,986.2,120549750,1084.8,887.6,1102.5,649.1,1002.7,2,1,1002.5,308,4,1002.4,769,10,1002.3,682,11,1002.2,811,9,1002.8,18,1,1002.9,587,6,1003.0,604,9,1003.1,988,18,1003.2,1346,14
317,2025-11-26 11:06:50+05:30,1002.7,2,997.0,4494893,425579.0,482095.0,986.2,1004.2,981.3,986.2,120549750,1084.8,887.6,1102.5,649.1,1002.7,2,1,1002.5,308,4,1002.4,769,10,1002.3,682,11,1002.2,811,9,1002.8,18,1,1002.9,587,6,1003.0,604,9,1003.1,988,18,1003.2,1346,14
317,2025-11-26 11:06:50+05:30,1002.7,2,997.0,4494895,424383.0,483238.0,986.2,1004.2,981.3,986.2,120549750,1084.8,887.6,1102.5,649.1,1002.5,106,3,1002.4,583,7,1002.3,579,10,1002.2,592,6,1002.1,835,10,1002.7,94,1,1002.8,18,1,1002.9,587,6,1003.0,716,10,1003.1,1048,19
317,2025-11-26 11:06:51+05:30,1002.7,2,997.0,4494895,424727.0,483313.0,986.2,1004.2,981.3,986.2,120549750,1084.8,887.6,1102.5,649.1,1002.5,106,3,1002.4,381,6,1002.3,579,10,1002.2,707,8,1002.1,835,10,1002.7,94,1,1002.8,18,1,1002.9,587,6,1003.0,716,10,1003.1,1048,19
317,2025-11-26 11:06:52+05:30,1002.7,2,997.0,4494895,422579.0,484914.0,986.2,1004.2,981.3,986.2,120549750,1084.8,887.6,1102.5,649.1,1002.5,101,2,1002.4,130,4,1002.3,71,1,1002.2,78,1,1002.1,825,8,1002.7,179,3,1002.8,1219,10,1002.9,1337,14,1003.0,944,13,1003.1,1558,18
317,2025-11-26 11:06:53+05:30,1002.7,10,997.0,4494895,422579.0,484914.0,986.2,1004.2,981.3,986.2,120549750,1084.8,887.6,1102.5,649.1,1002.5,101,2,1002.4,130,4,1002.3,71,1,1002.2,78,1,1002.1,825,8,1002.7,179,3,1002.8,1219,10,1002.9,1337,14,1003.0,944,13,1003.1,1558,18
317,2025-11-26 11:06:53+05:30,1002.7,10,997.0,4494905,422822.0,484916.0,986.2,1004.2,981.3,986.2,120549750,1084.8,887.6,1102.5,649.1,1002.5,101,2,1002.4,130,4,1002.3,71,1,1002.2,145,2,1002.1,767,7,1002.7,169,3,1002.8,742,10,1002.9,1337,14,1003.0,944,13,1003.1,1558,18
317,2025-11-26 11:06:54+05:30,1002.7,15,997.0,4494905,422822.0,484916.0,986.2,1004.2,981.3,986.2,120549750,1084.8,887.6,1102.5,649.1,1002.5,101,2,1002.4,130,4,1002.3,71,1,1002.2,145,2,1002.1,767,7,1002.7,169,3,1002.8,742,10,1002.9,1337,14,1003.0,944,13,1003.1,1558,18
317,2025-11-26 11:06:54+05:30,1002.7,15,997.0,4495089,423425.0,484656.0,986.2,1004.2,981.3,986.2,120549750,1084.8,887.6,1102.5,649.1,1002.5,101,2,1002.4,130,4,1002.3,71,1,1002.2,335,3,1002.1,767,7,1002.7,81,1,1002.8,676,9,1002.9,1315,13,1003.0,944,13,1003.1,1311,18
317,2025-11-26 11:06:55+05:30,1002.5,5,997.0,4495089,423425.0,484656.0,986.2,1004.2,981.3,986.2,120549750,1084.8,887.6,1102.5,649.1,1002.5,101,2,1002.4,130,4,1002.3,71,1,1002.2,335,3,1002.1,767,7,1002.7,81,1,1002.8,676,9,1002.9,1315,13,1003.0,944,13,1003.1,1311,18
317,2025-11-26 11:06:55+05:30,1002.5,5,997.0,4495302,421684.0,486097.0,986.2,1004.2,981.3,986.2,120549750,1084.8,887.6,1102.5,649.1,1002.4,36,2,1002.2,67,1,1002.1,357,3,1002.0,2201,20,1001.9,809,13,1002.5,91,1,1002.6,55,1,1002.7,289,4,1002.8,832,10,1002.9,1323,14
317,2025-11-26 11:06:56+05:30,1002.5,5,997.0,4495302,422099.0,486206.0,986.2,1004.2,981.3,986.2,120549750,1084.8,887.6,1102.5,649.1,1002.4,49,3,1002.1,567,4,1002.0,2271,21,1001.9,809,13,1001.8,1431,13,1002.5,91,1,1002.6,99,2,1002.7,344,5,1002.8,832,10,1002.9,1276,13
317,2025-11-26 11:06:57+05:30,1002.5,5,997.0,4495302,422257.0,485736.0,986.2,1004.2,981.3,986.2,120549750,1084.8,887.6,1102.5,649.1,1002.4,50,4,1002.2,61,1,1002.1,592,5,1002.0,1962,22,1001.9,783,11,1002.5,91,1,1002.6,99,2,1002.7,344,5,1002.8,832,10,1002.9,1276,13
317,2025-11-26 11:06:58+05:30,1002.5,5,997.0,4495302,422222.0,485287.0,986.2,1004.2,981.3,986.2,120549750,1084.8,887.6,1102.5,649.1,1002.4,50,4,1002.2,61,1,1002.1,592,5,1002.0,1962,22,1001.9,783,11,1002.5,91,1,1002.6,99,2,1002.7,344,5,1002.8,832,10,1002.9,1276,13
317,2025-11-26 11:06:59+05:30,1002.5,185,997.0,4495302,422222.0,485287.0,986.2,1004.2,981.3,986.2,120549750,1084.8,887.6,1102.5,649.1,1002.4,50,4,1002.2,61,1,1002.1,592,5,1002.0,1962,22,1001.9,783,11,1002.5,91,1,1002.6,99,2,1002.7,344,5,1002.8,832,10,1002.9,1276,13
317,2025-11-26 11:06:59+05:30,1002.5,16,997.0,4495503,422121.0,485263.0,986.2,1004.2,981.3,986.2,120549750,1084.8,887.6,1102.5,649.1,1002.4,50,4,1002.2,66,2,1002.1,641,6,1002.0,1962,22,1001.9,783,11,1002.5,128,2,1002.6,49,1,1002.7,410,6,1002.8,832,10,1002.9,1278,14
317,2025-11-26 11:07:00+05:30,1002.4,750,997.0,4495503,422121.0,485263.0,986.2,1004.2,981.3,986.2,120549750,1084.8,887.6,1102.5,649.1,1002.4,50,4,1002.2,66,2,1002.1,641,6,1002.0,1962,22,1001.9,783,11,1002.5,128,2,1002.6,49,1,1002.7,410,6,1002.8,832,10,1002.9,1278,14
317,2025-11-26 11:07:00+05:30,1002.1,8,997.0,4497091,419072.0,486492.0,986.2,1004.2,981.3,986.2,120549750,1084.8,887.6,1102.5,649.1,1002.1,79,1,1002.0,854,12,1001.9,638,8,1001.8,540,6,1001.7,1624,12,1002.4,146,2,1002.5,53,2,1002.6,505,8,1002.7,1194,12,1002.8,902,14
317,2025-11-26 11:07:01+05:30,1002.4,1,997.0,4497091,419072.0,486492.0,986.2,1004.2,981.3,986.2,120549750,1084.8,887.6,1102.5,649.1,1002.1,79,1,1002.0,854,12,1001.9,638,8,1001.8,540,6,1001.7,1624,12,1002.4,146,2,1002.5,53,2,1002.6,505,8,1002.7,1194,12,1002.8,902,14
317,2025-11-26 11:07:01+05:30,1002.4,1,997.0,4497216,416880.0,485513.0,986.2,1004.2,981.3,986.2,120549750,1084.8,887.6,1102.5,649.1,1002.0,932,13,1001.9,724,11,1001.8,655,8,1001.7,1660,13,1001.6,1240,15,1002.4,117,2,1002.5,82,3,1002.6,608,7,1002.7,664,9,1002.8,977,19
317,2025-11-26 11:07:02+05:30,1002.0,9,997.0,4497216,416880.0,485513.0,986.2,1004.2,981.3,986.2,120549750,1084.8,887.6,1102.5,649.1,1002.0,932,13,1001.9,724,11,1001.8,655,8,1001.7,1660,13,1001.6,1240,15,1002.4,117,2,1002.5,82,3,1002.6,608,7,1002.7,664,9,1002.8,977,19
317,2025-11-26 11:07:02+05:30,1002.0,9,997.0,4497225,416924.0,486167.0,986.2,1004.2,981.3,986.2,120549750,1084.8,887.6,1102.5,649.1,1002.0,923,13,1001.9,724,11,1001.8,655,8,1001.7,1660,13,1001.6,1240,15,1002.4,117,2,1002.5,87,4,1002.6,608,7,1002.7,690,11,1002.8,951,17
317,2025-11-26 11:07:03+05:30,1002.0,9,997.0,4497225,416874.0,486074.0,986.2,1004.2,981.3,986.2,120549750,1084.8,887.6,1102.5,649.1,1002.0,923,13,1001.9,724,11,1001.8,655,8,1001.7,1660,13,1001.6,1240,15,1002.4,117,2,1002.5,87,4,1002.6,608,7,1002.7,1183,12,1002.8,951,17
317,2025-11-26 11:07:04+05:30,1002.4,69,997.0,4497225,416874.0,486074.0,986.2,1004.2,981.3,986.2,120549750,1084.8,887.6,1102.5,649.1,1002.0,923,13,1001.9,724,11,1001.8,655,8,1001.7,1660,13,1001.6,1240,15,1002.4,117,2,1002.5,87,4,1002.6,608,7,1002.7,1183,12,1002.8,951,17
317,2025-11-26 11:07:04+05:30,1002.4,2,997.0,4497763,416892.0,485853.0,986.2,1004.2,981.3,986.2,120549750,1084.8,887.6,1102.5,649.1,1002.0,892,12,1001.9,773,12,1001.8,655,8,1001.7,1660,13,1001.6,1240,15,1002.4,51,1,1002.5,87,4,1002.6,609,8,1002.7,690,11,1002.8,828,17
317,2025-11-26 11:07:05+05:30,1002.5,20,997.0,4497763,416892.0,485853.0,986.2,1004.2,981.3,986.2,120549750,1084.8,887.6,1102.5,649.1,1002.0,892,12,1001.9,773,12,1001.8,655,8,1001.7,1660,13,1001.6,1240,15,1002.4,51,1,1002.5,87,4,1002.6,609,8,1002.7,690,11,1002.8,828,17
317,2025-11-26 11:07:05+05:30,1002.5,20,997.0,4497887,418247.0,484105.0,986.2,1004.2,981.3,986.2,120549750,1084.8,887.6,1102.5,649.1,1002.1,421,4,1002.0,1050,14,1001.9,773,12,1001.8,1034,11,1001.7,1200,11,1002.5,278,4,1002.6,163,4,1002.7,537,7,1002.8,759,13,1002.9,1407,16
317,2025-11-26 11:07:06+05:30,1002.5,20,997.0,4497887,418037.0,484032.0,986.2,1004.2,981.3,986.2,120549750,1084.8,887.6,1102.5,649.1,1002.1,105,2,1002.0,1001,13,1001.9,724,11,1001.8,1034,11,1001.7,1404,12,1002.5,278,4,1002.6,359,6,1002.7,538,8,1002.8,1322,14,1002.9,1407,16
317,2025-11-26 11:07:07+05:30,1002.5,2,997.0,4497903,418087.0,483960.0,986.2,1004.2,981.3,986.2,120549750,1084.8,887.6,1102.5,649.1,1002.1,184,3,1002.0,1001,13,1001.9,773,12,1001.8,1034,11,1001.7,1200,11,1002.5,419,3,1002.6,162,3,1002.7,538,8,1002.8,1304,13,1002.9,1407,16
317,2025-11-26 11:07:08+05:30,1002.5,2,997.0,4497903,418087.0,483960.0,986.2,1004.2,981.3,986.2,120549750,1084.8,887.6,1102.5,649.1,1002.1,184,3,1002.0,1001,13,1001.9,773,12,1001.8,1034,11,1001.7,1200,11,1002.5,419,3,1002.6,162,3,1002.7,538,8,1002.8,1304,13,1002.9,1407,16
317,2025-11-26 11:07:08+05:30,1002.5,34,997.0,4497983,418476.0,483522.0,986.2,1004.2,981.3,986.2,120549750,1084.8,887.6,1102.5,649.1,1002.1,184,3,1002.0,1059,14,1001.9,773,12,1001.8,1034,11,1001.7,1402,12,1002.5,387,3,1002.6,137,3,1002.7,428,6,1002.8,1303,12,1002.9,1407,16
317,2025-11-26 11:07:09+05:30,1002.5,3,997.0,4497983,418476.0,483522.0,986.2,1004.2,981.3,986.2,120549750,1084.8,887.6,1102.5,649.1,1002.1,184,3,1002.0,1059,14,1001.9,773,12,1001.8,1034,11,1001.7,1402,12,1002.5,387,3,1002.6,137,3,1002.7,428,6,1002.8,1303,12,1002.9,1407,16
317,2025-11-26 11:07:09+05:30,1002.5,3,997.0,4498168,418477.0,483689.0,986.2,1004.2,981.3,986.2,120549750,1084.8,887.6,1102.5,649.1,1002.1,185,4,1002.0,1059,14,1001.9,773,12,1001.8,1034,11,1001.7,1402,12,1002.5,202,2,1002.6,53,2,1002.7,428,6,1002.8,1303,12,1002.9,1407,16
317,2025-11-26 11:07:10+05:30,1002.3,37,997.0,4498575,415588.0,488077.0,986.2,1004.2,981.3,986.2,120549750,1084.8,887.6,1102.5,649.1,1002.1,1,1,1002.0,559,7,1001.9,114,1,1001.8,164,4,1001.7,1085,8,1002.3,318,5,1002.4,578,9,1002.5,1183,14,1002.6,859,12,1002.7,1142,9
317,2025-11-26 11:07:11+05:30,1002.3,37,997.0,4498575,415588.0,488077.0,986.2,1004.2,981.3,986.2,120549750,1084.8,887.6,1102.5,649.1,1002.1,1,1,1002.0,559,7,1001.9,114,1,1001.8,164,4,1001.7,1085,8,1002.3,318,5,1002.4,578,9,1002.5,1183,14,1002.6,859,12,1002.7,1142,9
317,2025-11-26 11:07:11+05:30,1002.3,37,997.0,4498575,415553.0,487926.0,986.2,1004.2,981.3,986.2,120549750,1084.8,887.6,1102.5,649.1,1002.1,2,2,1002.0,559,7,1001.9,114,1,1001.8,164,4,1001.7,1049,7,1002.3,318,5,1002.4,578,9,1002.5,1201,15,1002.6,859,12,1002.7,1142,9
317,2025-11-26 11:07:12+05:30,1002.3,1,997.0,4498575,415553.0,487926.0,986.2,1004.2,981.3,986.2,120549750,1084.8,887.6,1102.5,649.1,1002.1,2,2,1002.0,559,7,1001.9,114,1,1001.8,164,4,1001.7,1049,7,1002.3,318,5,1002.4,578,9,1002.5,1201,15,1002.6,859,12,1002.7,1142,9
317,2025-11-26 11:07:12+05:30,1002.3,10,997.0,4498587,415551.0,488194.0,986.2,1004.2,981.3,986.2,120549750,1084.8,887.6,1102.5,649.1,1002.0,559,7,1001.9,114,1,1001.8,164,4,1001.7,1049,7,1001.6,1343,13,1002.3,466,6,1002.4,608,10,1002.5,1331,15,1002.6,970,13,1002.7,1394,11
317,2025-11-26 11:07:13+05:30,1002.3,10,997.0,4498587,415551.0,488194.0,986.2,1004.2,981.3,986.2,120549750,1084.8,887.6,1102.5,649.1,1002.0,559,7,1001.9,114,1,1001.8,164,4,1001.7,1049,7,1001.6,1343,13,1002.3,466,6,1002.4,608,10,1002.5,1331,15,1002.6,970,13,1002.7,1394,11
317,2025-11-26 11:07:13+05:30,1002.3,10,997.0,4498587,415649.0,488194.0,986.2,1004.2,981.3,986.2,120549750,1084.8,887.6,1102.5,649.1,1002.0,571,8,1001.9,114,1,1001.8,164,4,1001.7,1049,7,1001.6,1375,14,1002.3,466,6,1002.4,608,10,1002.5,1331,15,1002.6,970,13,1002.7,1394,11
317,2025-11-26 11:07:14+05:30,1002.3,2,997.0,4498587,415649.0,488194.0,986.2,1004.2,981.3,986.2,120549750,1084.8,887.6,1102.5,649.1,1002.0,571,8,1001.9,114,1,1001.8,164,4,1001.7,1049,7,1001.6,1375,14,1002.3,466,6,1002.4,608,10,1002.5,1331,15,1002.6,970,13,1002.7,1394,11
317,2025-11-26 11:07:14+05:30,1002.3,3,997.0,4498774,415207.0,487858.0,986.2,1004.2,981.3,986.2,120549750,1084.8,887.6,1102.5,649.1,1002.1,112,1,1002.0,571,8,1001.8,164,4,1001.7,1049,7,1001.6,1375,14,1002.3,526,6,1002.4,638,10,1002.5,1341,16,1002.6,768,12,1002.7,1144,10
317,2025-11-26 11:07:15+05:30,1002.1,97,997.0,4498774,415207.0,487858.0,986.2,1004.2,981.3,986.2,120549750,1084.8,887.6,1102.5,649.1,1002.1,112,1,1002.0,571,8,1001.8,164,4,1001.7,1049,7,1001.6,1375,14,1002.3,526,6,1002.4,638,10,1002.5,1341,16,1002.6,768,12,1002.7,1144,10
317,2025-11-26 11:07:15+05:30,1002.0,1,997.0,4498984,416045.0,488331.0,986.2,1004.2,981.3,986.2,120549750,1084.8,887.6,1102.5,649.1,1002.0,604,9,1001.8,115,2,1001.7,1133,9,1001.6,1398,15,1001.5,1181,17,1002.1,96,1,1002.3,264,3,1002.4,459,6,1002.5,1160,16,1002.6,822,12
317,2025-11-26 11:07:16+05:30,1002.0,1,997.0,4498984,416045.0,488331.0,986.2,1004.2,981.3,986.2,120549750,1084.8,887.6,1102.5,649.1,1002.0,604,9,1001.8,115,2,1001.7,1133,9,1001.6,1398,15,1001.5,1181,17,1002.1,96,1,1002.3,264,3,1002.4,459,6,1002.5,1160,16,1002.6,822,12
317,2025-11-26 11:07:16+05:30,1002.0,1,997.0,4498984,416045.0,488331.0,986.2,1004.2,981.3,986.2,120549750,1084.8,887.6,1102.5,649.1,1002.0,604,9,1001.8,115,2,1001.7,1133,9,1001.6,1398,15,1001.5,1181,17,1002.1,96,1,1002.3,264,3,1002.4,459,6,1002.5,1160,16,1002.6,822,12
317,2025-11-26 11:07:16+05:30,1002.0,1,997.0,4498984,416129.0,488324.0,986.2,1004.2,981.3,986.2,120549750,1084.8,887.6,1102.5,649.1,1002.0,604,9,1001.8,115,2,1001.7,1245,11,1001.6,1398,15,1001.5,1267,19,1002.1,292,2,1002.2,84,2,1002.3,327,4,1002.4,457,6,1002.5,1129,15
317,2025-11-26 11:07:16+05:30,1002.0,1,997.0,4498984,416129.0,488324.0,986.2,1004.2,981.3,986.2,120549750,1084.8,887.6,1102.5,649.1,1002.0,604,9,1001.8,115,2,1001.7,1245,11,1001.6,1398,15,1001.5,1267,19,1002.1,292,2,1002.2,84,2,1002.3,327,4,1002.4,457,6,1002.5,1129,15
317,2025-11-26 11:07:17+05:30,1002.2,2,997.0,4498984,416129.0,488324.0,986.2,1004.2,981.3,986.2,120549750,1084.8,887.6,1102.5,649.1,1002.0,604,9,1001.8,115,2,1001.7,1245,11,1001.6,1398,15,1001.5,1267,19,1002.1,292,2,1002.2,84,2,1002.3,327,4,1002.4,457,6,1002.5,1129,15
317,2025-11-26 11:07:17+05:30,1002.2,2,997.0,4498984,416129.0,488324.0,986.2,1004.2,981.3,986.2,120549750,1084.8,887.6,1102.5,649.1,1002.0,604,9,1001.8,115,2,1001.7,1245,11,1001.6,1398,15,1001.5,1267,19,1002.1,292,2,1002.2,84,2,1002.3,327,4,1002.4,457,6,1002.5,1129,15
317,2025-11-26 11:07:17+05:30,1002.2,2,997.0,4499734,415806.0,487146.0,986.2,1004.2,981.3,986.2,120549750,1084.8,887.6,1102.5,649.1,1002.0,604,9,1001.8,115,2,1001.7,1109,8,1001.6,1091,15,1001.5,1267,19,1002.2,82,2,1002.3,339,5,1002.4,355,5,1002.5,1437,14,1002.6,822,14
317,2025-11-26 11:07:17+05:30,1002.2,2,997.0,4499734,415806.0,487146.0,986.2,1004.2,981.3,986.2,120549750,1084.8,887.6,1102.5,649.1,1002.0,604,9,1001.8,115,2,1001.7,1109,8,1001.6,1091,15,1001.5,1267,19,1002.2,82,2,1002.3,339,5,1002.4,355,5,1002.5,1437,14,1002.6,822,14
317,2025-11-26 11:07:18+05:30,1002.2,2,997.0,4499734,415806.0,487146.0,986.2,1004.2,981.3,986.2,120549750,1084.8,887.6,1102.5,649.1,1002.0,604,9,1001.8,115,2,1001.7,1109,8,1001.6,1091,15,1001.5,1267,19,1002.2,82,2,1002.3,339,5,1002.4,355,5,1002.5,1437,14,1002.6,822,14
317,2025-11-26 11:07:18+05:30,1002.2,24,997.0,4499840,416002.0,487486.0,986.2,1004.2,981.3,986.2,120549750,1084.8,887.6,1102.5,649.1,1002.0,604,9,1001.8,115,2,1001.7,1173,9,1001.6,1091,15,1001.5,1267,19,1002.2,60,2,1002.3,164,2,1002.4,265,3,1002.5,1497,15,1002.6,820,13
317,2025-11-26 11:07:19+05:30,1002.2,24,997.0,4499840,416002.0,487486.0,986.2,1004.2,981.3,986.2,120549750,1084.8,887.6,1102.5,649.1,1002.0,604,9,1001.8,115,2,1001.7,1173,9,1001.6,1091,15,1001.5,1267,19,1002.2,60,2,1002.3,164,2,1002.4,265,3,1002.5,1497,15,1002.6,820,13
317,2025-11-26 11:07:19+05:30,1002.2,4,997.0,4499840,416002.0,487486.0,986.2,1004.2,981.3,986.2,120549750,1084.8,887.6,1102.5,649.1,1002.0,604,9,1001.8,115,2,1001.7,1173,9,1001.6,1091,15,1001.5,1267,19,1002.2,60,2,1002.3,164,2,1002.4,265,3,1002.5,1497,15,1002.6,820,13
317,2025-11-26 11:07:19+05:30,1002.2,4,997.0,4499840,416002.0,487486.0,986.2,1004.2,981.3,986.2,120549750,1084.8,887.6,1102.5,649.1,1002.0,604,9,1001.8,115,2,1001.7,1173,9,1001.6,1091,15,1001.5,1267,19,1002.2,60,2,1002.3,164,2,1002.4,265,3,1002.5,1497,15,1002.6,820,13
317,2025-11-26 11:07:19+05:30,1002.2,4,997.0,4499840,416002.0,487486.0,986.2,1004.2,981.3,986.2,120601500,1084.8,887.6,1102.5,649.1,1002.0,604,9,1001.8,115,2,1001.7,1173,9,1001.6,1091,15,1001.5,1267,19,1002.2,60,2,1002.3,164,2,1002.4,265,3,1002.5,1497,15,1002.6,820,13
317,2025-11-26 11:07:19+05:30,1002.2,4,997.0,4500026,416012.0,487821.0,986.2,1004.2,981.3,986.2,120601500,1084.8,887.6,1102.5,649.1,1002.0,604,9,1001.8,125,3,1001.7,1173,9,1001.6,1091,15,1001.5,1267,19,1002.2,169,3,1002.3,352,5,1002.4,458,5,1002.5,1502,16,1002.6,820,13
317,2025-11-26 11:07:20+05:30,1002.2,4,997.0,4500026,416012.0,487821.0,986.2,1004.2,981.3,986.2,120601500,1084.8,887.6,1102.5,649.1,1002.0,604,9,1001.8,125,3,1001.7,1173,9,1001.6,1091,15,1001.5,1267,19,1002.2,169,3,1002.3,352,5,1002.4,458,5,1002.5,1502,16,1002.6,820,13
317,2025-11-26 11:07:22+05:30,1002.1,1,997.0,4500026,416012.0,487821.0,986.2,1004.2,981.3,986.2,120601500,1084.8,887.6,1102.5,649.1,1002.0,604,9,1001.8,125,3,1001.7,1173,9,1001.6,1091,15,1001.5,1267,19,1002.2,169,3,1002.3,352,5,1002.4,458,5,1002.5,1502,16,1002.6,820,13
317,2025-11-26 11:07:22+05:30,1002.1,500,997.0,4500550,415226.0,488230.0,986.2,1004.2,981.3,986.2,120601500,1084.8,887.6,1102.5,649.1,1002.0,604,9,1001.8,115,2,1001.7,733,7,1001.6,1001,13,1001.5,1262,19,1002.1,96,1,1002.2,125,1,1002.3,306,3,1002.4,458,5,1002.5,1182,17
317,2025-11-26 11:07:24+05:30,1002.1,88,997.0,4500550,415226.0,488230.0,986.2,1004.2,981.3,986.2,120601500,1084.8,887.6,1102.5,649.1,1002.0,604,9,1001.8,115,2,1001.7,733,7,1001.6,1001,13,1001.5,1262,19,1002.1,96,1,1002.2,125,1,1002.3,306,3,1002.4,458,5,1002.5,1182,17
317,2025-11-26 11:07:26+05:30,1002.2,4,997.0,4500550,415226.0,488230.0,986.2,1004.2,981.3,986.2,120601500,1084.8,887.6,1102.5,649.1,1002.0,604,9,1001.8,115,2,1001.7,733,7,1001.6,1001,13,1001.5,1262,19,1002.1,96,1,1002.2,125,1,1002.3,306,3,1002.4,458,5,1002.5,1182,17
317,2025-11-26 11:07:27+05:30,1002.2,4,997.0,4501607,415785.0,488465.0,986.2,1004.2,981.3,986.2,120601500,1084.8,887.6,1102.5,649.1,1002.1,10,1,1002.0,607,10,1001.8,260,4,1001.7,810,7,1001.6,1178,19,1002.2,185,2,1002.3,268,4,1002.4,658,8,1002.5,1182,17,1002.6,820,13
317,2025-11-26 11:07:30+05:30,1002.1,138,997.0,4501607,415785.0,488465.0,986.2,1004.2,981.3,986.2,120601500,1084.8,887.6,1102.5,649.1,1002.1,10,1,1002.0,607,10,1001.8,260,4,1001.7,810,7,1001.6,1178,19,1002.2,185,2,1002.3,268,4,1002.4,658,8,1002.5,1182,17,1002.6,820,13
317,2025-11-26 11:07:32+05:30,1002.1,113,997.0,4501607,415785.0,488465.0,986.2,1004.2,981.3,986.2,120601500,1084.8,887.6,1102.5,649.1,1002.1,10,1,1002.0,607,10,1001.8,260,4,1001.7,810,7,1001.6,1178,19,1002.2,185,2,1002.3,268,4,1002.4,658,8,1002.5,1182,17,1002.6,820,13
317,2025-11-26 11:07:32+05:30,1002.1,113,997.01,4502118,415237.0,488602.0,986.2,1004.2,981.3,986.2,120601500,1084.8,887.6,1102.5,649.1,1002.0,540,7,1001.8,5,1,1001.7,634,6,1001.6,1154,19,1001.5,1260,17,1002.1,96,1,1002.2,188,3,1002.3,416,5,1002.4,1077,6,1002.5,1232,18
317,2025-11-26 11:07:34+05:30,1002.1,185,997.01,4502118,415237.0,488602.0,986.2,1004.2,981.3,986.2,120601500,1084.8,887.6,1102.5,649.1,1002.0,540,7,1001.8,5,1,1001.7,634,6,1001.6,1154,19,1001.5,1260,17,1002.1,96,1,1002.2,188,3,1002.3,416,5,1002.4,1077,6,1002.5,1232,18
317,2025-11-26 11:07:36+05:30,1002.0,23,997.01,4502118,415237.0,488602.0,986.2,1004.2,981.3,986.2,120601500,1084.8,887.6,1102.5,649.1,1002.0,540,7,1001.8,5,1,1001.7,634,6,1001.6,1154,19,1001.5,1260,17,1002.1,96,1,1002.2,188,3,1002.3,416,5,1002.4,1077,6,1002.5,1232,18
317,2025-11-26 11:07:37+05:30,1002.0,1,997.01,4502771,414660.0,489393.0,986.2,1004.2,981.3,986.2,120601500,1084.8,887.6,1102.5,649.1,1002.0,184,4,1001.8,5,1,1001.7,768,8,1001.6,1165,19,1001.5,1010,16,1002.2,188,3,1002.3,465,5,1002.4,1140,8,1002.5,2068,15,1002.6,884,17
317,2025-11-26 11:07:38+05:30,1002.2,4,997.01,4502771,414660.0,489393.0,986.2,1004.2,981.3,986.2,120601500,1084.8,887.6,1102.5,649.1,1002.0,184,4,1001.8,5,1,1001.7,768,8,1001.6,1165,19,1001.5,1010,16,1002.2,188,3,1002.3,465,5,1002.4,1140,8,1002.5,2068,15,1002.6,884,17
317,2025-11-26 11:07:40+05:30,1002.2,1,997.01,4502771,414660.0,489393.0,986.2,1004.2,981.3,986.2,120601500,1084.8,887.6,1102.5,649.1,1002.0,184,4,1001.8,5,1,1001.7,768,8,1001.6,1165,19,1001.5,1010,16,1002.2,188,3,1002.3,465,5,1002.4,1140,8,1002.5,2068,15,1002.6,884,17
317,2025-11-26 11:07:41+05:30,1002.1,1,997.01,4503070,416543.0,489921.0,986.2,1004.2,981.3,986.2,120601500,1084.8,887.6,1102.5,649.1,1002.0,197,5,1001.8,5,1,1001.7,768,8,1001.6,1081,18,1001.5,956,15,1002.1,95,1,1002.2,268,3,1002.3,403,4,1002.4,1059,8,1002.5,2063,15
317,2025-11-26 11:07:42+05:30,1002.1,1,997.01,4503070,416543.0,489921.0,986.2,1004.2,981.3,986.2,120601500,1084.8,887.6,1102.5,649.1,1002.0,197,5,1001.8,5,1,1001.7,768,8,1001.6,1081,18,1001.5,956,15,1002.1,95,1,1002.2,268,3,1002.3,403,4,1002.4,1059,8,1002.5,2063,15
317,2025-11-26 11:07:44+05:30,1002.1,184,997.01,4503070,416543.0,489921.0,986.2,1004.2,981.3,986.2,120601500,1084.8,887.6,1102.5,649.1,1002.0,197,5,1001.8,5,1,1001.7,768,8,1001.6,1081,18,1001.5,956,15,1002.1,95,1,1002.2,268,3,1002.3,403,4,1002.4,1059,8,1002.5,2063,15
317,2025-11-26 11:07:46+05:30,1002.3,31,997.01,4503070,416543.0,489921.0,986.2,1004.2,981.3,986.2,120601500,1084.8,887.6,1102.5,649.1,1002.0,197,5,1001.8,5,1,1001.7,768,8,1001.6,1081,18,1001.5,956,15,1002.1,95,1,1002.2,268,3,1002.3,403,4,1002.4,1059,8,1002.5,2063,15
317,2025-11-26 11:07:46+05:30,1002.3,31,997.01,4504858,414003.0,490007.0,986.2,1004.2,981.3,986.2,120601500,1084.8,887.6,1102.5,649.1,1002.0,147,3,1001.8,414,4,1001.7,950,9,1001.6,1130,19,1001.5,1031,14,1002.3,299,4,1002.4,1204,9,1002.5,2072,17,1002.6,832,14,1002.7,1098,10
317,2025-11-26 11:07:48+05:30,1002.0,6,997.01,4504858,414003.0,490007.0,986.2,1004.2,981.3,986.2,120601500,1084.8,887.6,1102.5,649.1,1002.0,147,3,1001.8,414,4,1001.7,950,9,1001.6,1130,19,1001.5,1031,14,1002.3,299,4,1002.4,1204,9,1002.5,2072,17,1002.6,832,14,1002.7,1098,10
317,2025-11-26 11:07:50+05:30,1002.3,20,997.01,4504858,414003.0,490007.0,986.2,1004.2,981.3,986.2,120601500,1084.8,887.6,1102.5,649.1,1002.0,147,3,1001.8,414,4,1001.7,950,9,1001.6,1130,19,1001.5,1031,14,1002.3,299,4,1002.4,1204,9,1002.5,2072,17,1002.6,832,14,1002.7,1098,10
317,2025-11-26 11:07:51+05:30,1002.2,1,997.01,4505081,414772.0,490302.0,986.2,1004.2,981.3,986.2,120601500,1084.8,887.6,1102.5,649.1,1002.1,2,1,1002.0,182,5,1001.9,5,1,1001.8,724,7,1001.7,748,8,1002.2,95,1,1002.3,357,2,1002.4,1122,7,1002.5,2128,17,1002.6,889,15
317,2025-11-26 11:07:52+05:30,1002.2,20,997.01,4505081,414772.0,490302.0,986.2,1004.2,981.3,986.2,120601500,1084.8,887.6,1102.5,649.1,1002.1,2,1,1002.0,182,5,1001.9,5,1,1001.8,724,7,1001.7,748,8,1002.2,95,1,1002.3,357,2,1002.4,1122,7,1002.5,2128,17,1002.6,889,15
317,2025-11-26 11:07:54+05:30,1002.2,284,997.01,4505081,414772.0,490302.0,986.2,1004.2,981.3,986.2,120601500,1084.8,887.6,1102.5,649.1,1002.1,2,1,1002.0,182,5,1001.9,5,1,1001.8,724,7,1001.7,748,8,1002.2,95,1,1002.3,357,2,1002.4,1122,7,1002.5,2128,17,1002.6,889,15
317,2025-11-26 11:07:55+05:30,1002.1,1,997.01,4506702,414489.0,490390.0,986.2,1004.2,981.3,986.2,120601500,1084.8,887.6,1102.5,649.1,1002.0,103,2,1001.9,5,1,1001.8,400,4,1001.7,959,11,1001.6,1167,19,1002.1,95,1,1002.2,496,2,1002.3,438,4,1002.4,594,7,1002.5,1172,15
317,2025-11-26 11:07:56+05:30,1002.1,1,997.01,4506702,414489.0,490390.0,986.2,1004.2,981.3,986.2,120601500,1084.8,887.6,1102.5,649.1,1002.0,103,2,1001.9,5,1,1001.8,400,4,1001.7,959,11,1001.6,1167,19,1002.1,95,1,1002.2,496,2,1002.3,438,4,1002.4,594,7,1002.5,1172,15
317,2025-11-26 11:07:58+05:30,1002.0,1,997.01,4506702,414489.0,490390.0,986.2,1004.2,981.3,986.2,120601500,1084.8,887.6,1102.5,649.1,1002.0,103,2,1001.9,5,1,1001.8,400,4,1001.7,959,11,1001.6,1167,19,1002.1,95,1,1002.2,496,2,1002.3,438,4,1002.4,594,7,1002.5,1172,15
317,2025-11-26 11:07:59+05:30,1002.1,158,997.01,4507408,414508.0,490386.0,986.2,1004.2,981.3,986.2,120601500,1084.8,887.6,1102.5,649.1,1002.0,42,2,1001.9,5,1,1001.8,412,4,1001.7,988,12,1001.6,1167,19,1002.1,51,1,1002.2,567,3,1002.3,301,4,1002.4,1134,8,1002.5,1172,15
317,2025-11-26 11:08:00+05:30,1002.0,750,997.01,4507408,414508.0,490386.0,986.2,1004.2,981.3,986.2,120601500,1084.8,887.6,1102.5,649.1,1002.0,42,2,1001.9,5,1,1001.8,412,4,1001.7,988,12,1001.6,1167,19,1002.1,51,1,1002.2,567,3,1002.3,301,4,1002.4,1134,8,1002.5,1172,15
317,2025-11-26 11:08:03+05:30,1002.2,1,997.01,4509232,414646.0,488980.0,986.2,1004.2,981.3,986.2,120601500,1084.8,887.6,1102.5,649.1,1001.9,69,1,1001.8,599,7,1001.7,1000,13,1001.6,1530,16,1001.5,1169,15,1002.2,54,1,1002.3,220,2,1002.4,138,2,1002.5,1086,16,1002.6,813,12
317,2025-11-26 11:08:04+05:30,1002.2,153,997.01,4509232,414646.0,488980.0,986.2,1004.2,981.3,986.2,120601500,1084.8,887.6,1102.5,649.1,1001.9,69,1,1001.8,599,7,1001.7,1000,13,1001.6,1530,16,1001.5,1169,15,1002.2,54,1,1002.3,220,2,1002.4,138,2,1002.5,1086,16,1002.6,813,12
317,2025-11-26 11:08:06+05:30,1002.3,32,997.01,4509232,414646.0,488980.0,986.2,1004.2,981.3,986.2,120601500,1084.8,887.6,1102.5,649.1,1001.9,69,1,1001.8,599,7,1001.7,1000,13,1001.6,1530,16,1001.5,1169,15,1002.2,54,1,1002.3,220,2,1002.4,138,2,1002.5,1086,16,1002.6,813,12
317,2025-11-26 11:08:08+05:30,1002.3,2,997.01,4509232,414646.0,488980.0,986.2,1004.2,981.3,986.2,120601500,1084.8,887.6,1102.5,649.1,1001.9,69,1,1001.8,599,7,1001.7,1000,13,1001.6,1530,16,1001.5,1169,15,1002.2,54,1,1002.3,220,2,1002.4,138,2,1002.5,1086,16,1002.6,813,12
317,2025-11-26 11:08:08+05:30,1002.3,2,997.01,4509429,412172.0,488365.0,986.2,1004.2,981.3,986.2,120601500,1084.8,887.6,1102.5,649.1,1002.0,37,2,1001.9,141,2,1001.8,415,6,1001.7,791,12,1001.6,1734,16,1002.3,330,3,1002.4,159,4,1002.5,1378,16,1002.6,832,14,1002.7,797,8
317,2025-11-26 11:08:10+05:30,1002.3,21,997.01,4509429,412172.0,488365.0,986.2,1004.2,981.3,986.2,120601500,1084.8,887.6,1102.5,649.1,1002.0,37,2,1001.9,141,2,1001.8,415,6,1001.7,791,12,1001.6,1734,16,1002.3,330,3,1002.4,159,4,1002.5,1378,16,1002.6,832,14,1002.7,797,8
317,2025-11-26 11:08:12+05:30,1002.0,1,997.01,4509429,412172.0,488365.0,986.2,1004.2,981.3,986.2,120601500,1084.8,887.6,1102.5,649.1,1002.0,37,2,1001.9,141,2,1001.8,415,6,1001.7,791,12,1001.6,1734,16,1002.3,330,3,1002.4,159,4,1002.5,1378,16,1002.6,832,14,1002.7,797,8
317,2025-11-26 11:08:12+05:30,1002.0,1,997.01,4509615,412377.0,489045.0,986.2,1004.2,981.3,986.2,120601500,1084.8,887.6,1102.5,649.1,1002.0,49,3,1001.9,55,1,1001.8,309,5,1001.7,842,13,1001.6,1433,14,1002.1,96,1,1002.3,359,5,1002.4,704,3,1002.5,1002,16,1002.6,819,13
317,2025-11-26 11:08:14+05:30,1002.1,511,997.01,4509615,412377.0,489045.0,986.2,1004.2,981.3,986.2,120601500,1084.8,887.6,1102.5,649.1,1002.0,49,3,1001.9,55,1,1001.8,309,5,1001.7,842,13,1001.6,1433,14,1002.1,96,1,1002.3,359,5,1002.4,704,3,1002.5,1002,16,1002.6,819,13
317,2025-11-26 11:08:16+05:30,1002.2,7,997.01,4509615,412377.0,489045.0,986.2,1004.2,981.3,986.2,120601500,1084.8,887.6,1102.5,649.1,1002.0,49,3,1001.9,55,1,1001.8,309,5,1001.7,842,13,1001.6,1433,14,1002.1,96,1,1002.3,359,5,1002.4,704,3,1002.5,1002,16,1002.6,819,13
317,2025-11-26 11:08:16+05:30,1002.2,7,997.01,4510581,412476.0,486503.0,986.2,1004.2,981.3,986.2,120601500,1084.8,887.6,1102.5,649.1,1001.8,438,7,1001.7,1014,14,1001.6,1332,13,1001.5,1067,16,1001.4,1738,15,1002.2,20,1,1002.3,1454,6,1002.4,438,4,1002.5,965,15,1002.6,874,14
317,2025-11-26 11:08:18+05:30,1002.3,3,997.01,4510581,412476.0,486503.0,986.2,1004.2,981.3,986.2,120601500,1084.8,887.6,1102.5,649.1,1001.8,438,7,1001.7,1014,14,1001.6,1332,13,1001.5,1067,16,1001.4,1738,15,1002.2,20,1,1002.3,1454,6,1002.4,438,4,1002.5,965,15,1002.6,874,14
317,2025-11-26 11:08:20+05:30,1002.3,187,997.01,4510581,412476.0,486503.0,986.2,1004.2,981.3,986.2,120601500,1084.8,887.6,1102.5,649.1,1001.8,438,7,1001.7,1014,14,1001.6,1332,13,1001.5,1067,16,1001.4,1738,15,1002.2,20,1,1002.3,1454,6,1002.4,438,4,1002.5,965,15,1002.6,874,14
317,2025-11-26 11:08:20+05:30,1002.3,187,997.02,4511890,412428.0,486309.0,986.2,1004.2,981.3,986.2,120601500,1084.8,887.6,1102.5,649.1,1001.9,24,1,1001.8,737,10,1001.7,1042,15,1001.6,1334,13,1001.5,1067,16,1002.1,96,1,1002.3,771,7,1002.4,413,4,1002.5,957,14,1002.6,826,13
317,2025-11-26 11:08:22+05:30,1002.1,84,997.02,4511890,412428.0,486309.0,986.2,1004.2,981.3,986.2,120601500,1084.8,887.6,1102.5,649.1,1001.9,24,1,1001.8,737,10,1001.7,1042,15,1001.6,1334,13,1001.5,1067,16,1002.1,96,1,1002.3,771,7,1002.4,413,4,1002.5,957,14,1002.6,826,13
317,2025-11-26 11:08:24+05:30,1002.1,51,997.02,4511890,412428.0,486309.0,986.2,1004.2,981.3,986.2,120601500,1084.8,887.6,1102.5,649.1,1001.9,24,1,1001.8,737,10,1001.7,1042,15,1001.6,1334,13,1001.5,1067,16,1002.1,96,1,1002.3,771,7,1002.4,413,4,1002.5,957,14,1002.6,826,13
317,2025-11-26 11:08:25+05:30,1001.8,36,997.02,4513009,412800.0,484945.0,986.2,1004.2,981.3,986.2,120601500,1084.8,887.6,1102.5,649.1,1001.8,71,1,1001.7,475,9,1001.6,948,12,1001.5,1047,16,1001.4,1621,14,1002.2,87,1,1002.3,879,8,1002.4,412,5,1002.5,1000,16,1002.6,631,8
317,2025-11-26 11:08:26+05:30,1001.8,13,997.02,4513009,412800.0,484945.0,986.2,1004.2,981.3,986.2,120601500,1084.8,887.6,1102.5,649.1,1001.8,71,1,1001.7,475,9,1001.6,948,12,1001.5,1047,16,1001.4,1621,14,1002.2,87,1,1002.3,879,8,1002.4,412,5,1002.5,1000,16,1002.6,631,8
317,2025-11-26 11:08:28+05:30,1002.1,84,997.02,4513009,412800.0,484945.0,986.2,1004.2,981.3,986.2,120601500,1084.8,887.6,1102.5,649.1,1001.8,71,1,1001.7,475,9,1001.6,948,12,1001.5,1047,16,1001.4,1621,14,1002.2,87,1,1002.3,879,8,1002.4,412,5,1002.5,1000,16,1002.6,631,8
317,2025-11-26 11:08:30+05:30,1002.2,202,997.02,4515136,412602.0,483543.0,986.2,1004.2,981.3,986.2,120601500,1084.8,887.6,1102.5,649.1,1002.2,432,1,1002.0,101,2,1001.7,698,10,1001.6,1267,14,1001.5,1047,16,1002.3,845,9,1002.4,499,5,1002.5,870,10,1002.6,592,7,1002.7,731,7
317,2025-11-26 11:08:30+05:30,1002.2,202,997.02,4515136,412602.0,483543.0,986.2,1004.2,981.3,986.2,120601500,1084.8,887.6,1102.5,649.1,1002.2,432,1,1002.0,101,2,1001.7,698,10,1001.6,1267,14,1001.5,1047,16,1002.3,845,9,1002.4,499,5,1002.5,870,10,1002.6,592,7,1002.7,731,7
317,2025-11-26 11:08:32+05:30,1002.3,85,997.02,4515136,412602.0,483543.0,986.2,1004.2,981.3,986.2,120601500,1084.8,887.6,1102.5,649.1,1002.2,432,1,1002.0,101,2,1001.7,698,10,1001.6,1267,14,1001.5,1047,16,1002.3,845,9,1002.4,499,5,1002.5,870,10,1002.6,592,7,1002.7,731,7
317,2025-11-26 11:08:34+05:30,1002.3,66,997.02,4515136,412602.0,483543.0,986.2,1004.2,981.3,986.2,120601500,1084.8,887.6,1102.5,649.1,1002.2,432,1,1002.0,101,2,1001.7,698,10,1001.6,1267,14,1001.5,1047,16,1002.3,845,9,1002.4,499,5,1002.5,870,10,1002.6,592,7,1002.7,731,7
317,2025-11-26 11:08:34+05:30,1002.3,66,997.02,4515814,414586.0,485713.0,986.2,1004.2,981.3,986.2,120601500,1084.8,887.6,1102.5,649.1,1002.2,424,1,1002.0,291,7,1001.9,564,7,1001.8,658,7,1001.7,773,12,1002.3,360,3,1002.4,40,1,1002.5,785,13,1002.6,506,6,1002.7,854,10
317,2025-11-26 11:08:36+05:30,1002.3,2,997.02,4515814,414586.0,485713.0,986.2,1004.2,981.3,986.2,120601500,1084.8,887.6,1102.5,649.1,1002.2,424,1,1002.0,291,7,1001.9,564,7,1001.8,658,7,1001.7,773,12,1002.3,360,3,1002.4,40,1,1002.5,785,13,1002.6,506,6,1002.7,854,10
317,2025-11-26 11:08:38+05:30,1002.5,99,997.02,4515814,414586.0,485713.0,986.2,1004.2,981.3,986.2,120601500,1084.8,887.6,1102.5,649.1,1002.2,424,1,1002.0,291,7,1001.9,564,7,1001.8,658,7,1001.7,773,12,1002.3,360,3,1002.4,40,1,1002.5,785,13,1002.6,506,6,1002.7,854,10
317,2025-11-26 11:08:40+05:30,1002.4,19,997.02,4515814,414586.0,485713.0,986.2,1004.2,981.3,986.2,120601500,1084.8,887.6,1102.5,649.1,1002.2,424,1,1002.0,291,7,1001.9,564,7,1001.8,658,7,1001.7,773,12,1002.3,360,3,1002.4,40,1,1002.5,785,13,1002.6,506,6,1002.7,854,10
317,2025-11-26 11:08:42+05:30,1002.4,84,997.02,4515814,414586.0,485713.0,986.2,1004.2,981.3,986.2,120601500,1084.8,887.6,1102.5,649.1,1002.2,424,1,1002.0,291,7,1001.9,564,7,1001.8,658,7,1001.7,773,12,1002.3,360,3,1002.4,40,1,1002.5,785,13,1002.6,506,6,1002.7,854,10
317,2025-11-26 11:08:43+05:30,1002.4,85,997.02,4518038,416220.0,484646.0,986.2,1004.2,981.3,986.2,120601500,1084.8,887.6,1102.5,649.1,1002.0,153,4,1001.9,669,7,1001.8,1025,12,1001.7,1047,13,1001.6,1156,13,1002.4,96,1,1002.6,490,5,1002.7,851,8,1002.8,832,10,1002.9,1605,21
317,2025-11-26 11:08:44+05:30,1002.4,184,997.02,4518038,416220.0,484646.0,986.2,1004.2,981.3,986.2,120601500,1084.8,887.6,1102.5,649.1,1002.0,153,4,1001.9,669,7,1001.8,1025,12,1001.7,1047,13,1001.6,1156,13,1002.4,96,1,1002.6,490,5,1002.7,851,8,1002.8,832,10,1002.9,1605,21
317,2025-11-26 11:08:46+05:30,1002.4,65,997.02,4518038,416220.0,484646.0,986.2,1004.2,981.3,986.2,120601500,1084.8,887.6,1102.5,649.1,1002.0,153,4,1001.9,669,7,1001.8,1025,12,1001.7,1047,13,1001.6,1156,13,1002.4,96,1,1002.6,490,5,1002.7,851,8,1002.8,832,10,1002.9,1605,21
317,2025-11-26 11:08:48+05:30,1002.4,50,997.02,4518038,416220.0,484646.0,986.2,1004.2,981.3,986.2,120601500,1084.8,887.6,1102.5,649.1,1002.0,153,4,1001.9,669,7,1001.8,1025,12,1001.7,1047,13,1001.6,1156,13,1002.4,96,1,1002.6,490,5,1002.7,851,8,1002.8,832,10,1002.9,1605,21
317,2025-11-26 11:08:48+05:30,1002.4,50,997.02,4518940,418090.0,485223.0,986.2,1004.2,981.3,986.2,120601500,1084.8,887.6,1102.5,649.1,1002.4,150,3,1002.1,309,2,1002.0,1112,11,1001.9,469,5,1001.8,1451,17,1002.6,683,10,1002.7,704,8,1002.8,1360,10,1002.9,1200,20,1003.0,1520,16
317,2025-11-26 11:08:50+05:30,1002.6,1,997.02,4518940,418090.0,485223.0,986.2,1004.2,981.3,986.2,120601500,1084.8,887.6,1102.5,649.1,1002.4,150,3,1002.1,309,2,1002.0,1112,11,1001.9,469,5,1001.8,1451,17,1002.6,683,10,1002.7,704,8,1002.8,1360,10,1002.9,1200,20,1003.0,1520,16
317,2025-11-26 11:08:52+05:30,1002.5,84,997.02,4518940,418090.0,485223.0,986.2,1004.2,981.3,986.2,120601500,1084.8,887.6,1102.5,649.1,1002.4,150,3,1002.1,309,2,1002.0,1112,11,1001.9,469,5,1001.8,1451,17,1002.6,683,10,1002.7,704,8,1002.8,1360,10,1002.9,1200,20,1003.0,1520,16
317,2025-11-26 11:08:53+05:30,1002.1,20,997.02,4519411,418168.0,485618.0,986.2,1004.2,981.3,986.2,120601500,1084.8,887.6,1102.5,649.1,1002.1,525,5,1002.0,1370,16,1001.9,469,5,1001.8,1160,14,1001.7,706,8,1002.5,12,1,1002.6,410,4,1002.7,1028,7,1002.8,854,9,1002.9,1124,17
317,2025-11-26 11:08:54+05:30,1002.5,184,997.02,4519411,418168.0,485618.0,986.2,1004.2,981.3,986.2,120601500,1084.8,887.6,1102.5,649.1,1002.1,525,5,1002.0,1370,16,1001.9,469,5,1001.8,1160,14,1001.7,706,8,1002.5,12,1,1002.6,410,4,1002.7,1028,7,1002.8,854,9,1002.9,1124,17
317,2025-11-26 11:08:56+05:30,1002.4,6,997.02,4519411,418168.0,485618.0,986.2,1004.2,981.3,986.2,120601500,1084.8,887.6,1102.5,649.1,1002.1,525,5,1002.0,1370,16,1001.9,469,5,1001.8,1160,14,1001.7,706,8,1002.5,12,1,1002.6,410,4,1002.7,1028,7,1002.8,854,9,1002.9,1124,17
317,2025-11-26 11:08:57+05:30,1002.6,84,997.03,4520767,418155.0,487309.0,986.2,1004.2,981.3,986.2,120601500,1084.8,887.6,1102.5,649.1,1002.4,52,1,1002.1,510,3,1002.0,763,7,1001.9,651,9,1001.8,915,15,1002.6,706,10,1002.7,650,7,1002.8,1140,8,1002.9,1370,16,1003.0,2759,23
317,2025-11-26 11:08:58+05:30,1002.6,69,997.03,4520767,418155.0,487309.0,986.2,1004.2,981.3,986.2,120601500,1084.8,887.6,1102.5,649.1,1002.4,52,1,1002.1,510,3,1002.0,763,7,1001.9,651,9,1001.8,915,15,1002.6,706,10,1002.7,650,7,1002.8,1140,8,1002.9,1370,16,1003.0,2759,23
317,2025-11-26 11:09:00+05:30,1002.1,37,997.03,4520767,418155.0,487309.0,986.2,1004.2,981.3,986.2,120601500,1084.8,887.6,1102.5,649.1,1002.4,52,1,1002.1,510,3,1002.0,763,7,1001.9,651,9,1001.8,915,15,1002.6,706,10,1002.7,650,7,1002.8,1140,8,1002.9,1370,16,1003.0,2759,23
317,2025-11-26 11:09:02+05:30,1002.5,300,997.03,4520767,418155.0,487309.0,986.2,1004.2,981.3,986.2,120601500,1084.8,887.6,1102.5,649.1,1002.4,52,1,1002.1,510,3,1002.0,763,7,1001.9,651,9,1001.8,915,15,1002.6,706,10,1002.7,650,7,1002.8,1140,8,1002.9,1370,16,1003.0,2759,23
317,2025-11-26 11:09:02+05:30,1002.5,300,997.03,4521794,417298.0,487138.0,986.2,1004.2,981.3,986.2,120601500,1084.8,887.6,1102.5,649.1,1002.1,87,2,1002.0,907,9,1001.9,614,9,1001.8,1118,14,1001.7,639,7,1002.5,96,1,1002.6,468,8,1002.7,1476,16,1002.8,894,13,1002.9,1369,18
317,2025-11-26 11:09:04+05:30,1002.5,65,997.03,4521794,417298.0,487138.0,986.2,1004.2,981.3,986.2,120601500,1084.8,887.6,1102.5,649.1,1002.1,87,2,1002.0,907,9,1001.9,614,9,1001.8,1118,14,1001.7,639,7,1002.5,96,1,1002.6,468,8,1002.7,1476,16,1002.8,894,13,1002.9,1369,18
317,2025-11-26 11:09:06+05:30,1003.4,56,997.03,4521794,417298.0,487138.0,986.2,1004.2,981.3,986.2,120601500,1084.8,887.6,1102.5,649.1,1002.1,87,2,1002.0,907,9,1001.9,614,9,1001.8,1118,14,1001.7,639,7,1002.5,96,1,1002.6,468,8,1002.7,1476,16,1002.8,894,13,1002.9,1369,18
317,2025-11-26 11:09:07+05:30,1003.6,101,997.05,4537525,427018.0,472583.0,986.2,1004.2,981.3,986.2,120601500,1084.8,887.6,1102.5,649.1,1003.1,483,5,1003.0,2296,7,1002.9,410,7,1002.8,1160,14,1002.7,340,5,1003.6,904,8,1003.7,1116,9,1003.8,1738,14,1003.9,2858,14,1004.0,2518,31
317,2025-11-26 11:09:08+05:30,1003.5,5,997.05,4537525,427018.0,472583.0,986.2,1004.2,981.3,986.2,120601500,1084.8,887.6,1102.5,649.1,1003.1,483,5,1003.0,2296,7,1002.9,410,7,1002.8,1160,14,1002.7,340,5,1003.6,904,8,1003.7,1116,9,1003.8,1738,14,1003.9,2858,14,1004.0,2518,31
317,2025-11-26 11:09:10+05:30,1003.5,1,997.05,4537525,427018.0,472583.0,986.2,1004.2,981.3,986.2,120601500,1084.8,887.6,1102.5,649.1,1003.1,483,5,1003.0,2296,7,1002.9,410,7,1002.8,1160,14,1002.7,340,5,1003.6,904,8,1003.7,1116,9,1003.8,1738,14,1003.9,2858,14,1004.0,2518,31
317,2025-11-26 11:09:12+05:30,1003.3,1,997.05,4537525,427018.0,472583.0,986.2,1004.2,981.3,986.2,120601500,1084.8,887.6,1102.5,649.1,1003.1,483,5,1003.0,2296,7,1002.9,410,7,1002.8,1160,14,1002.7,340,5,1003.6,904,8,1003.7,1116,9,1003.8,1738,14,1003.9,2858,14,1004.0,2518,31
317,2025-11-26 11:09:12+05:30,1003.3,1,997.05,4538413,425776.0,478572.0,986.2,1004.2,981.3,986.2,120601500,1084.8,887.6,1102.5,649.1,1003.1,137,3,1003.0,1938,3,1002.9,103,2,1002.8,491,8,1002.7,611,7,1003.3,90,1,1003.4,262,5,1003.5,1581,9,1003.6,2460,12,1003.7,1703,14
317,2025-11-26 11:09:14+05:30,1003.2,184,997.05,4538413,425776.0,478572.0,986.2,1004.2,981.3,986.2,120601500,1084.8,887.6,1102.5,649.1,1003.1,137,3,1003.0,1938,3,1002.9,103,2,1002.8,491,8,1002.7,611,7,1003.3,90,1,1003.4,262,5,1003.5,1581,9,1003.6,2460,12,1003.7,1703,14
317,2025-11-26 11:09:16+05:30,1003.1,117,997.05,4538413,425776.0,478572.0,986.2,1004.2,981.3,986.2,120601500,1084.8,887.6,1102.5,649.1,1003.1,137,3,1003.0,1938,3,1002.9,103,2,1002.8,491,8,1002.7,611,7,1003.3,90,1,1003.4,262,5,1003.5,1581,9,1003.6,2460,12,1003.7,1703,14
317,2025-11-26 11:09:16+05:30,1003.1,117,997.05,4539151,424781.0,479652.0,986.2,1004.2,981.3,986.2,120601500,1084.8,887.6,1102.5,649.1,1003.0,1897,2,1002.8,436,6,1002.7,388,4,1002.6,977,13,1002.5,893,10,1003.1,100,2,1003.2,305,2,1003.3,588,1,1003.4,975,8,1003.5,1498,9
317,2025-11-26 11:09:20+05:30,1003.0,413,997.05,4539151,424781.0,479652.0,986.2,1004.2,981.3,986.2,120601500,1084.8,887.6,1102.5,649.1,1003.0,1897,2,1002.8,436,6,1002.7,388,4,1002.6,977,13,1002.5,893,10,1003.1,100,2,1003.2,305,2,1003.3,588,1,1003.4,975,8,1003.5,1498,9
317,2025-11-26 11:09:20+05:30,1003.0,413,997.05,4542588,424158.0,479213.0,986.2,1004.2,981.3,986.2,120601500,1084.8,887.6,1102.5,649.1,1003.0,1328,2,1002.8,149,2,1002.7,414,6,1002.6,1046,14,1002.5,793,9,1003.1,77,1,1003.2,493,5,1003.3,1088,6,1003.4,999,9,1003.5,665,9
317,2025-11-26 11:09:21+05:30,1003.0,413,997.05,4542588,424154.0,479254.0,986.2,1004.2,981.3,986.2,120601500,1084.8,887.6,1102.5,649.1,1003.0,1337,3,1002.8,149,2,1002.7,376,6,1002.6,977,13,1002.5,793,9,1003.1,77,1,1003.2,534,6,1003.3,1088,6,1003.4,999,9,1003.5,665,9
317,2025-11-26 11:09:22+05:30,1003.0,413,997.05,4542588,424185.0,479254.0,986.2,1004.2,981.3,986.2,120601500,1084.8,887.6,1102.5,649.1,1003.0,1337,3,1002.8,149,2,1002.7,376,6,1002.6,977,13,1002.5,793,9,1003.1,77,1,1003.2,534,6,1003.3,1088,6,1003.4,999,9,1003.5,665,9
317,2025-11-26 11:09:23+05:30,1003.0,1,997.05,4542588,424185.0,479254.0,986.2,1004.2,981.3,986.2,120601500,1084.8,887.6,1102.5,649.1,1003.0,1337,3,1002.8,149,2,1002.7,376,6,1002.6,977,13,1002.5,793,9,1003.1,77,1,1003.2,534,6,1003.3,1088,6,1003.4,999,9,1003.5,665,9
317,2025-11-26 11:09:23+05:30,1002.9,62,997.07,4551999,416123.0,482959.0,986.2,1004.2,981.3,986.2,120601500,1084.8,887.6,1102.5,649.1,1002.5,187,3,1002.4,600,8,1002.3,1183,12,1002.2,660,7,1002.1,935,9,1003.0,1099,7,1003.1,675,7,1003.2,1297,17,1003.3,1327,9,1003.4,1152,14
317,2025-11-26 11:09:24+05:30,1002.5,42,997.07,4551999,416123.0,482959.0,986.2,1004.2,981.3,986.2,120601500,1084.8,887.6,1102.5,649.1,1002.5,187,3,1002.4,600,8,1002.3,1183,12,1002.2,660,7,1002.1,935,9,1003.0,1099,7,1003.1,675,7,1003.2,1297,17,1003.3,1327,9,1003.4,1152,14
317,2025-11-26 11:09:24+05:30,1002.5,42,997.07,4553446,415211.0,483249.0,986.2,1004.2,981.3,986.2,120601500,1084.8,887.6,1102.5,649.1,1002.5,159,2,1002.4,253,5,1002.3,576,10,1002.2,725,8,1002.1,1126,8,1003.0,571,9,1003.1,1194,14,1003.2,1371,18,1003.3,1390,11,1003.4,824,16
317,2025-11-26 11:09:25+05:30,1003.0,20,997.07,4553446,415211.0,483249.0,986.2,1004.2,981.3,986.2,120601500,1084.8,887.6,1102.5,649.1,1002.5,159,2,1002.4,253,5,1002.3,576,10,1002.2,725,8,1002.1,1126,8,1003.0,571,9,1003.1,1194,14,1003.2,1371,18,1003.3,1390,11,1003.4,824,16
317,2025-11-26 11:09:25+05:30,1003.0,14,997.07,4553615,416200.0,482457.0,986.2,1004.2,981.3,986.2,120601500,1084.8,887.6,1102.5,649.1,1002.5,319,3,1002.4,281,5,1002.3,687,12,1002.2,775,9,1002.1,1182,8,1003.0,685,4,1003.1,734,11,1003.2,1208,15,1003.3,1406,12,1003.4,788,13
317,2025-11-26 11:09:26+05:30,1003.0,14,997.07,4553615,416200.0,482457.0,986.2,1004.2,981.3,986.2,120601500,1084.8,887.6,1102.5,649.1,1002.5,319,3,1002.4,281,5,1002.3,687,12,1002.2,775,9,1002.1,1182,8,1003.0,685,4,1003.1,734,11,1003.2,1208,15,1003.3,1406,12,1003.4,788,13
317,2025-11-26 11:09:26+05:30,1003.0,14,997.07,4553615,416231.0,482532.0,986.2,1004.2,981.3,986.2,120601500,1084.8,887.6,1102.5,649.1,1002.5,342,4,1002.4,281,5,1002.3,687,12,1002.2,775,9,1002.1,1214,9,1003.0,709,5,1003.1,734,11,1003.2,1208,15,1003.3,1406,12,1003.4,788,13
317,2025-11-26 11:09:27+05:30,1002.8,26,997.07,4553615,416231.0,482532.0,986.2,1004.2,981.3,986.2,120601500,1084.8,887.6,1102.5,649.1,1002.5,342,4,1002.4,281,5,1002.3,687,12,1002.2,775,9,1002.1,1214,9,1003.0,709,5,1003.1,734,11,1003.2,1208,15,1003.3,1406,12,1003.4,788,13
317,2025-11-26 11:09:27+05:30,1002.5,10,997.07,4554533,416607.0,482674.0,986.2,1004.2,981.3,986.2,120601500,1084.8,887.6,1102.5,649.1,1002.6,71,2,1002.5,569,5,1002.4,511,5,1002.3,691,12,1002.2,675,8,1003.0,535,3,1003.1,529,8,1003.2,1074,14,1003.3,1409,10,1003.4,816,15
317,2025-11-26 11:09:28+05:30,1002.5,10,997.07,4554533,416607.0,482674.0,986.2,1004.2,981.3,986.2,120601500,1084.8,887.6,1102.5,649.1,1002.6,71,2,1002.5,569,5,1002.4,511,5,1002.3,691,12,1002.2,675,8,1003.0,535,3,1003.1,529,8,1003.2,1074,14,1003.3,1409,10,1003.4,816,15
317,2025-11-26 11:09:28+05:30,1002.5,10,997.07,4554533,416633.0,482680.0,986.2,1004.2,981.3,986.2,120601500,1084.8,887.6,1102.5,649.1,1002.6,71,2,1002.5,507,4,1002.4,573,6,1002.3,691,12,1002.2,675,8,1003.0,640,6,1003.1,653,10,1003.2,1074,14,1003.3,1347,9,1003.4,816,15
317,2025-11-26 11:09:29+05:30,1003.0,153,997.07,4554533,416633.0,482680.0,986.2,1004.2,981.3,986.2,120601500,1084.8,887.6,1102.5,649.1,1002.6,71,2,1002.5,507,4,1002.4,573,6,1002.3,691,12,1002.2,675,8,1003.0,640,6,1003.1,653,10,1003.2,1074,14,1003.3,1347,9,1003.4,816,15
317,2025-11-26 11:09:29+05:30,1003.0,153,997.07,4554718,416608.0,482693.0,986.2,1004.2,981.3,986.2,120601500,1084.8,887.6,1102.5,649.1,1002.6,71,2,1002.5,569,5,1002.4,449,4,1002.3,753,13,1002.2,706,9,1003.0,653,4,1003.1,591,9,1003.2,1136,15,1003.3,1347,9,1003.4,816,15
317,2025-11-26 11:09:30+05:30,1002.5,8,997.07,4554766,417149.0,483520.0,986.2,1004.2,981.3,986.2,120601500,1084.8,887.6,1102.5,649.1,1002.5,85,2,1002.4,603,4,1002.3,735,11,1002.2,701,10,1002.1,1193,8,1002.8,96,1,1002.9,312,4,1003.0,1011,7,1003.1,732,11,1003.2,1074,14
317,2025-11-26 11:09:31+05:30,1002.5,8,997.07,4554766,417149.0,483520.0,986.2,1004.2,981.3,986.2,120601500,1084.8,887.6,1102.5,649.1,1002.5,85,2,1002.4,603,4,1002.3,735,11,1002.2,701,10,1002.1,1193,8,1002.8,96,1,1002.9,312,4,1003.0,1011,7,1003.1,732,11,1003.2,1074,14
317,2025-11-26 11:09:31+05:30,1002.5,8,997.07,4554766,416838.0,482670.0,986.2,1004.2,981.3,986.2,120601500,1084.8,887.6,1102.5,649.1,1002.5,85,2,1002.4,603,4,1002.3,735,11,1002.2,701,10,1002.1,1511,11,1002.8,96,1,1002.9,312,4,1003.0,1011,7,1003.1,732,11,1003.2,802,12
317,2025-11-26 11:09:32+05:30,1002.5,2,997.07,4554769,416677.0,482937.0,986.2,1004.2,981.3,986.2,120601500,1084.8,887.6,1102.5,649.1,1002.5,83,2,1002.4,475,4,1002.3,761,13,1002.2,675,8,1002.1,1480,10,1002.8,95,1,1002.9,80,2,1003.0,1011,7,1003.1,732,11,1003.2,802,12
317,2025-11-26 11:09:33+05:30,1002.5,2,997.07,4554769,416677.0,482937.0,986.2,1004.2,981.3,986.2,120601500,1084.8,887.6,1102.5,649.1,1002.5,83,2,1002.4,475,4,1002.3,761,13,1002.2,675,8,1002.1,1480,10,1002.8,95,1,1002.9,80,2,1003.0,1011,7,1003.1,732,11,1003.2,802,12
317,2025-11-26 11:09:33+05:30,1002.5,7,997.07,4554776,417388.0,482963.0,986.2,1004.2,981.3,986.2,120601500,1084.8,887.6,1102.5,649.1,1002.5,400,6,1002.4,482,4,1002.3,830,14,1002.2,675,8,1002.1,1480,10,1002.8,95,1,1002.9,80,2,1003.0,1052,8,1003.1,732,11,1003.2,761,11
317,2025-11-26 11:09:34+05:30,1002.8,766,997.07,4554776,417388.0,482963.0,986.2,1004.2,981.3,986.2,120601500,1084.8,887.6,1102.5,649.1,1002.5,400,6,1002.4,482,4,1002.3,830,14,1002.2,675,8,1002.1,1480,10,1002.8,95,1,1002.9,80,2,1003.0,1052,8,1003.1,732,11,1003.2,761,11
317,2025-11-26 11:09:34+05:30,1002.6,1,997.07,4555817,417227.0,482259.0,986.2,1004.2,981.3,986.2,120601500,1084.8,887.6,1102.5,649.1,1002.6,558,6,1002.5,539,8,1002.4,584,6,1002.3,689,12,1002.2,933,9,1003.0,41,1,1003.1,973,7,1003.2,768,9,1003.3,829,9,1003.4,730,14
317,2025-11-26 11:09:35+05:30,1002.6,1,997.07,4555817,417227.0,482259.0,986.2,1004.2,981.3,986.2,120601500,1084.8,887.6,1102.5,649.1,1002.6,558,6,1002.5,539,8,1002.4,584,6,1002.3,689,12,1002.2,933,9,1003.0,41,1,1003.1,973,7,1003.2,768,9,1003.3,829,9,1003.4,730,14
317,2025-11-26 11:09:35+05:30,1002.6,1,997.07,4555817,417232.0,482492.0,986.2,1004.2,981.3,986.2,120601500,1084.8,887.6,1102.5,649.1,1002.6,558,6,1002.5,544,9,1002.4,584,6,1002.3,689,12,1002.2,933,9,1003.0,41,1,1003.1,1000,8,1003.2,768,9,1003.3,829,9,1003.4,742,15
317,2025-11-26 11:09:36+05:30,1003.0,1,997.07,4555817,417232.0,482492.0,986.2,1004.2,981.3,986.2,120601500,1084.8,887.6,1102.5,649.1,1002.6,558,6,1002.5,544,9,1002.4,584,6,1002.3,689,12,1002.2,933,9,1003.0,41,1,1003.1,1000,8,1003.2,768,9,1003.3,829,9,1003.4,742,15
317,2025-11-26 11:09:36+05:30,1003.0,1,997.07,4555818,417301.0,482494.0,986.2,1004.2,981.3,986.2,120601500,1084.8,887.6,1102.5,649.1,1002.6,558,6,1002.5,543,8,1002.4,654,7,1002.3,689,12,1002.2,933,9,1003.0,40,1,1003.1,1000,8,1003.2,769,10,1003.3,829,9,1003.4,742,15
317,2025-11-26 11:09:37+05:30,1002.6,40,997.07,4555858,417306.0,482504.0,986.2,1004.2,981.3,986.2,120601500,1084.8,887.6,1102.5,649.1,1002.6,299,3,1002.5,613,9,1002.4,654,7,1002.3,689,12,1002.2,877,9,1003.0,40,1,1003.1,1194,9,1003.2,769,10,1003.3,829,9,1003.4,742,15
317,2025-11-26 11:09:38+05:30,1002.6,40,997.07,4555858,417306.0,482504.0,986.2,1004.2,981.3,986.2,120601500,1084.8,887.6,1102.5,649.1,1002.6,299,3,1002.5,613,9,1002.4,654,7,1002.3,689,12,1002.2,877,9,1003.0,40,1,1003.1,1194,9,1003.2,769,10,1003.3,829,9,1003.4,742,15
317,2025-11-26 11:09:38+05:30,1002.6,40,997.07,4555858,417284.0,482416.0,986.2,1004.2,981.3,986.2,120601500,1084.8,887.6,1102.5,649.1,1002.6,299,3,1002.5,543,8,1002.4,724,8,1002.3,689,12,1002.2,877,9,1003.0,622,3,1003.1,633,8,1003.2,769,10,1003.3,829,9,1003.4,742,15
317,2025-11-26 11:09:39+05:30,1003.0,145,997.07,4555858,417284.0,482416.0,986.2,1004.2,981.3,986.2,120601500,1084.8,887.6,1102.5,649.1,1002.6,299,3,1002.5,543,8,1002.4,724,8,1002.3,689,12,1002.2,877,9,1003.0,622,3,1003.1,633,8,1003.2,769,10,1003.3,829,9,1003.4,742,15
317,2025-11-26 11:09:39+05:30,1003.0,145,997.07,4556043,417310.0,482522.0,986.2,1004.2,981.3,986.2,120601500,1084.8,887.6,1102.5,649.1,1002.6,299,3,1002.5,543,8,1002.4,724,8,1002.3,689,12,1002.2,877,9,1003.0,562,2,1003.1,639,9,1003.2,769,10,1003.3,875,10,1003.4,742,15
317,2025-11-26 11:09:40+05:30,1002.6,21,997.07,4556087,417033.0,482822.0,986.2,1004.2,981.3,986.2,120601500,1084.8,887.6,1102.5,649.1,1002.6,160,2,1002.5,99,4,1002.4,427,4,1002.3,725,10,1002.2,722,11,1002.8,126,2,1002.9,79,1,1003.0,949,7,1003.1,625,9,1003.2,769,10
317,2025-11-26 11:09:41+05:30,1002.6,21,997.07,4556087,417033.0,482822.0,986.2,1004.2,981.3,986.2,120601500,1084.8,887.6,1102.5,649.1,1002.6,160,2,1002.5,99,4,1002.4,427,4,1002.3,725,10,1002.2,722,11,1002.8,126,2,1002.9,79,1,1003.0,949,7,1003.1,625,9,1003.2,769,10
317,2025-11-26 11:09:41+05:30,1002.6,21,997.07,4556087,417033.0,482743.0,986.2,1004.2,981.3,986.2,120601500,1084.8,887.6,1102.5,649.1,1002.6,160,2,1002.5,99,4,1002.4,559,6,1002.3,593,8,1002.2,722,11,1002.8,96,1,1003.0,870,6,1003.1,625,9,1003.2,769,10,1003.3,901,12
317,2025-11-26 11:09:42+05:30,1002.6,4,997.07,4556087,417033.0,482743.0,986.2,1004.2,981.3,986.2,120601500,1084.8,887.6,1102.5,649.1,1002.6,160,2,1002.5,99,4,1002.4,559,6,1002.3,593,8,1002.2,722,11,1002.8,96,1,1003.0,870,6,1003.1,625,9,1003.2,769,10,1003.3,901,12
317,2025-11-26 11:09:42+05:30,1002.6,1,997.07,4556192,417028.0,482652.0,986.2,1004.2,981.3,986.2,120601500,1084.8,887.6,1102.5,649.1,1002.6,155,2,1002.5,165,5,1002.4,493,5,1002.3,642,9,1002.2,722,11,1002.8,96,1,1003.0,717,4,1003.1,625,9,1003.2,769,10,1003.3,758,10
317,2025-11-26 11:09:43+05:30,1002.6,1,997.07,4556192,417028.0,482652.0,986.2,1004.2,981.3,986.2,120601500,1084.8,887.6,1102.5,649.1,1002.6,155,2,1002.5,165,5,1002.4,493,5,1002.3,642,9,1002.2,722,11,1002.8,96,1,1003.0,717,4,1003.1,625,9,1003.2,769,10,1003.3,758,10
317,2025-11-26 11:09:43+05:30,1002.6,1,997.07,4556192,417003.0,482652.0,986.2,1004.2,981.3,986.2,120601500,1084.8,887.6,1102.5,649.1,1002.6,168,3,1002.5,165,5,1002.4,455,5,1002.3,642,9,1002.2,722,11,1002.8,96,1,1003.0,717,4,1003.1,625,9,1003.2,769,10,1003.3,771,11
317,2025-11-26 11:09:44+05:30,1002.8,184,997.07,4556192,417003.0,482652.0,986.2,1004.2,981.3,986.2,120601500,1084.8,887.6,1102.5,649.1,1002.6,168,3,1002.5,165,5,1002.4,455,5,1002.3,642,9,1002.2,722,11,1002.8,96,1,1003.0,717,4,1003.1,625,9,1003.2,769,10,1003.3,771,11
317,2025-11-26 11:09:44+05:30,1002.8,112,997.07,4556491,417186.0,482513.0,986.2,1004.2,981.3,986.2,120601500,1084.8,887.6,1102.5,649.1,1002.6,56,2,1002.5,503,7,1002.4,875,5,1002.3,644,8,1002.2,737,12,1002.8,96,1,1003.0,174,3,1003.1,1075,9,1003.2,769,10,1003.3,712,9
317,2025-11-26 11:09:45+05:30,1002.6,1,997.07,4556491,417186.0,482513.0,986.2,1004.2,981.3,986.2,120601500,1084.8,887.6,1102.5,649.1,1002.6,56,2,1002.5,503,7,1002.4,875,5,1002.3,644,8,1002.2,737,12,1002.8,96,1,1003.0,174,3,1003.1,1075,9,1003.2,769,10,1003.3,712,9
317,2025-11-26 11:09:45+05:30,1002.6,1,997.07,4556548,417727.0,482716.0,986.2,1004.2,981.3,986.2,120601500,1084.8,887.6,1102.5,649.1,1002.5,499,7,1002.4,512,6,1002.3,1042,8,1002.2,765,13,1002.1,908,9,1002.6,39,1,1002.9,49,1,1003.0,486,5,1003.1,1076,9,1003.2,769,10
317,2025-11-26 11:09:46+05:30,1002.6,5,997.07,4556553,418615.0,482513.0,986.2,1004.2,981.3,986.2,120601500,1084.8,887.6,1102.5,649.1,1002.5,499,7,1002.4,512,6,1002.3,1042,8,1002.2,765,13,1002.1,908,9,1002.6,34,1,1002.9,49,1,1003.0,486,5,1003.1,1033,7,1003.2,774,11
317,2025-11-26 11:09:47+05:30,1002.6,173,997.07,4556553,418615.0,482513.0,986.2,1004.2,981.3,986.2,120601500,1084.8,887.6,1102.5,649.1,1002.5,499,7,1002.4,512,6,1002.3,1042,8,1002.2,765,13,1002.1,908,9,1002.6,34,1,1002.9,49,1,1003.0,486,5,1003.1,1033,7,1003.2,774,11
317,2025-11-26 11:09:47+05:30,1002.6,289,997.07,4558162,416982.0,483177.0,986.2,1004.2,981.3,986.2,120601500,1084.8,887.6,1102.5,649.1,1002.5,74,2,1002.4,69,1,1002.3,144,3,1002.2,1105,8,1002.1,715,7,1002.6,397,3,1002.8,132,3,1002.9,385,5,1003.0,756,8,1003.1,1250,10
317,2025-11-26 11:09:48+05:30,1002.6,289,997.07,4558162,416982.0,483177.0,986.2,1004.2,981.3,986.2,120601500,1084.8,887.6,1102.5,649.1,1002.5,74,2,1002.4,69,1,1002.3,144,3,1002.2,1105,8,1002.1,715,7,1002.6,397,3,1002.8,132,3,1002.9,385,5,1003.0,756,8,1003.1,1250,10
317,2025-11-26 11:09:48+05:30,1002.6,132,997.07,4558294,418340.0,483375.0,986.2,1004.2,981.3,986.2,120601500,1084.8,887.6,1102.5,649.1,1002.5,140,3,1002.4,69,1,1002.3,346,4,1002.2,1039,7,1002.1,869,15,1002.6,303,4,1002.7,44,1,1002.8,83,2,1002.9,530,5,1003.0,661,6
317,2025-11-26 11:09:49+05:30,1002.6,64,997.07,4558294,418340.0,483375.0,986.2,1004.2,981.3,986.2,120601500,1084.8,887.6,1102.5,649.1,1002.5,140,3,1002.4,69,1,1002.3,346,4,1002.2,1039,7,1002.1,869,15,1002.6,303,4,1002.7,44,1,1002.8,83,2,1002.9,530,5,1003.0,661,6
317,2025-11-26 11:09:49+05:30,1002.6,30,997.07,4558510,418639.0,483880.0,986.2,1004.2,981.3,986.2,120601500,1084.8,887.6,1102.5,649.1,1002.5,74,2,1002.4,69,1,1002.3,520,5,1002.2,1260,11,1002.1,869,15,1002.6,818,5,1002.7,44,1,1002.8,5,1,1002.9,530,5,1003.0,661,6
317,2025-11-26 11:09:50+05:30,1002.5,750,997.07,4558510,418639.0,483880.0,986.2,1004.2,981.3,986.2,120601500,1084.8,887.6,1102.5,649.1,1002.5,74,2,1002.4,69,1,1002.3,520,5,1002.2,1260,11,1002.1,869,15,1002.6,818,5,1002.7,44,1,1002.8,5,1,1002.9,530,5,1003.0,661,6
317,2025-11-26 11:09:50+05:30,1002.6,293,997.08,4560203,419422.0,481887.0,986.2,1004.2,981.3,986.2,120601500,1084.8,887.6,1102.5,649.1,1002.4,157,3,1002.3,332,6,1002.2,1003,11,1002.1,897,10,1002.0,1696,18,1002.6,290,3,1002.7,44,1,1002.9,322,3,1003.0,674,7,1003.1,569,6
317,2025-11-26 11:09:51+05:30,1002.6,1,997.08,4560203,419422.0,481887.0,986.2,1004.2,981.3,986.2,120601500,1084.8,887.6,1102.5,649.1,1002.4,157,3,1002.3,332,6,1002.2,1003,11,1002.1,897,10,1002.0,1696,18,1002.6,290,3,1002.7,44,1,1002.9,322,3,1003.0,674,7,1003.1,569,6
317,2025-11-26 11:09:51+05:30,1002.4,51,997.08,4560255,418300.0,483769.0,986.2,1004.2,981.3,986.2,120601500,1084.8,887.6,1102.5,649.1,1002.4,18,1,1002.3,178,4,1002.2,936,10,1002.1,601,6,1002.0,1696,18,1002.6,289,3,1002.7,44,1,1002.9,590,6,1003.0,711,9,1003.1,657,8
317,2025-11-26 11:09:52+05:30,1002.6,100,997.08,4560255,418300.0,483769.0,986.2,1004.2,981.3,986.2,120601500,1084.8,887.6,1102.5,649.1,1002.4,18,1,1002.3,178,4,1002.2,936,10,1002.1,601,6,1002.0,1696,18,1002.6,289,3,1002.7,44,1,1002.9,590,6,1003.0,711,9,1003.1,657,8
317,2025-11-26 11:09:52+05:30,1002.6,1,997.08,4560523,417697.0,483121.0,986.2,1004.2,981.3,986.2,120601500,1084.8,887.6,1102.5,649.1,1002.4,101,3,1002.3,187,4,1002.2,1005,11,1002.1,668,7,1002.0,1792,21,1002.6,506,3,1002.7,45,2,1002.9,517,5,1003.0,621,7,1003.1,642,7
317,2025-11-26 11:09:53+05:30,1002.6,1,997.08,4560523,417697.0,483121.0,986.2,1004.2,981.3,986.2,120601500,1084.8,887.6,1102.5,649.1,1002.4,101,3,1002.3,187,4,1002.2,1005,11,1002.1,668,7,1002.0,1792,21,1002.6,506,3,1002.7,45,2,1002.9,517,5,1003.0,621,7,1003.1,642,7
317,2025-11-26 11:09:53+05:30,1002.6,163,997.08,4560707,417796.0,483212.0,986.2,1004.2,981.3,986.2,120601500,1084.8,887.6,1102.5,649.1,1002.4,41,2,1002.3,341,6,1002.2,1005,11,1002.1,668,7,1002.0,1753,20,1002.6,625,3,1002.7,45,2,1002.9,517,5,1003.0,621,7,1003.1,642,7
317,2025-11-26 11:09:54+05:30,1002.6,163,997.08,4560707,417796.0,483212.0,986.2,1004.2,981.3,986.2,120601500,1084.8,887.6,1102.5,649.1,1002.4,41,2,1002.3,341,6,1002.2,1005,11,1002.1,668,7,1002.0,1753,20,1002.6,625,3,1002.7,45,2,1002.9,517,5,1003.0,621,7,1003.1,642,7
317,2025-11-26 11:09:55+05:30,1002.6,163,997.08,4560707,419010.0,483628.0,986.2,1004.2,981.3,986.2,120601500,1084.8,887.6,1102.5,649.1,1002.5,140,3,1002.4,101,3,1002.3,340,5,1002.2,945,10,1002.1,870,8,1002.6,625,3,1002.7,45,2,1002.9,195,2,1003.0,392,5,1003.1,744,8
317,2025-11-26 11:09:55+05:30,1002.6,10,997.08,4560707,419010.0,483628.0,986.2,1004.2,981.3,986.2,120601500,1084.8,887.6,1102.5,649.1,1002.5,140,3,1002.4,101,3,1002.3,340,5,1002.2,945,10,1002.1,870,8,1002.6,625,3,1002.7,45,2,1002.9,195,2,1003.0,392,5,1003.1,744,8
317,2025-11-26 11:09:56+05:30,1002.6,5,997.08,4560722,418998.0,483644.0,986.2,1004.2,981.3,986.2,120601500,1084.8,887.6,1102.5,649.1,1002.5,113,2,1002.4,101,3,1002.3,330,4,1002.2,1005,11,1002.1,870,8,1002.6,610,3,1002.7,45,2,1002.9,194,1,1003.0,879,6,1003.1,744,8
317,2025-11-26 11:09:56+05:30,1002.6,5,997.08,4560722,418998.0,483644.0,986.2,1004.2,981.3,986.2,120601500,1084.8,887.6,1102.5,649.1,1002.5,113,2,1002.4,101,3,1002.3,330,4,1002.2,1005,11,1002.1,870,8,1002.6,610,3,1002.7,45,2,1002.9,194,1,1003.0,879,6,1003.1,744,8
317,2025-11-26 11:09:57+05:30,1002.6,5,997.08,4560722,418854.0,483788.0,986.2,1004.2,981.3,986.2,120601500,1084.8,887.6,1102.5,649.1,1002.5,113,2,1002.4,41,2,1002.3,246,4,1002.2,1005,11,1002.1,870,8,1002.6,753,4,1002.7,45,2,1002.9,194,1,1003.0,879,6,1003.1,744,8
317,2025-11-26 11:09:58+05:30,1002.5,1,997.08,4560723,418993.0,483764.0,986.2,1004.2,981.3,986.2,120601500,1084.8,887.6,1102.5,649.1,1002.5,112,2,1002.4,41,2,1002.3,390,5,1002.2,1005,11,1002.1,870,8,1002.6,753,4,1002.7,44,1,1002.9,194,1,1003.0,881,7,1003.1,744,8
317,2025-11-26 11:09:58+05:30,1002.5,1,997.08,4560723,418993.0,483764.0,986.2,1004.2,981.3,986.2,120601500,1084.8,887.6,1102.5,649.1,1002.5,112,2,1002.4,41,2,1002.3,390,5,1002.2,1005,11,1002.1,870,8,1002.6,753,4,1002.7,44,1,1002.9,194,1,1003.0,881,7,1003.1,744,8
317,2025-11-26 11:09:59+05:30,1002.6,185,997.08,4560909,418476.0,483907.0,986.2,1004.2,981.3,986.2,120601500,1084.8,887.6,1102.5,649.1,1002.5,112,3,1002.4,41,2,1002.3,110,2,1002.2,735,10,1002.1,859,9,1002.6,568,4,1002.7,81,2,1002.8,136,2,1002.9,321,2,1003.0,881,7
317,2025-11-26 11:09:59+05:30,1002.6,185,997.08,4560909,418476.0,483907.0,986.2,1004.2,981.3,986.2,120601500,1084.8,887.6,1102.5,649.1,1002.5,112,3,1002.4,41,2,1002.3,110,2,1002.2,735,10,1002.1,859,9,1002.6,568,4,1002.7,81,2,1002.8,136,2,1002.9,321,2,1003.0,881,7
317,2025-11-26 11:10:00+05:30,1002.5,7,997.08,4560909,418476.0,483907.0,986.2,1004.2,981.3,986.2,120601500,1084.8,887.6,1102.5,649.1,1002.5,112,3,1002.4,41,2,1002.3,110,2,1002.2,735,10,1002.1,859,9,1002.6,568,4,1002.7,81,2,1002.8,136,2,1002.9,321,2,1003.0,881,7
317,2025-11-26 11:10:00+05:30,1002.5,7,997.08,4561028,417705.0,484826.0,986.2,1004.2,981.3,986.2,120601500,1084.8,887.6,1102.5,649.1,1002.4,18,1,1002.3,60,1,1002.2,291,3,1002.1,880,9,1002.0,1270,13,1002.5,87,1,1002.6,568,4,1002.7,86,3,1002.8,158,2,1002.9,715,7
317,2025-11-26 11:10:01+05:30,1002.4,8,997.08,4561028,417705.0,484826.0,986.2,1004.2,981.3,986.2,120601500,1084.8,887.6,1102.5,649.1,1002.4,18,1,1002.3,60,1,1002.2,291,3,1002.1,880,9,1002.0,1270,13,1002.5,87,1,1002.6,568,4,1002.7,86,3,1002.8,158,2,1002.9,715,7
317,2025-11-26 11:10:01+05:30,1002.4,8,997.08,4561036,418156.0,484976.0,986.2,1004.2,981.3,986.2,120601500,1084.8,887.6,1102.5,649.1,1002.4,22,2,1002.2,347,4,1002.1,902,10,1002.0,1310,14,1001.9,1285,18,1002.5,87,1,1002.6,568,4,1002.7,86,3,1002.8,360,3,1002.9,726,8
317,2025-11-26 11:10:02+05:30,1002.5,11,997.08,4561036,418156.0,484976.0,986.2,1004.2,981.3,986.2,120601500,1084.8,887.6,1102.5,649.1,1002.4,22,2,1002.2,347,4,1002.1,902,10,1002.0,1310,14,1001.9,1285,18,1002.5,87,1,1002.6,568,4,1002.7,86,3,1002.8,360,3,1002.9,726,8
317,2025-11-26 11:10:02+05:30,1002.5,11,997.08,4561047,418406.0,484019.0,986.2,1004.2,981.3,986.2,120601500,1084.8,887.6,1102.5,649.1,1002.4,22,2,1002.3,76,1,1002.2,778,8,1002.1,750,9,1002.0,1636,16,1002.5,132,2,1002.6,580,4,1002.7,5,1,1002.8,360,3,1002.9,726,8
317,2025-11-26 11:10:03+05:30,1002.5,11,997.08,4561047,418333.0,484103.0,986.2,1004.2,981.3,986.2,120601500,1084.8,887.6,1102.5,649.1,1002.4,22,2,1002.2,778,8,1002.1,724,8,1002.0,1636,16,1001.9,998,16,1002.5,132,2,1002.6,580,4,1002.7,5,1,1002.8,409,4,1002.9,726,8
317,2025-11-26 11:10:04+05:30,1002.5,53,997.08,4561047,418333.0,484103.0,986.2,1004.2,981.3,986.2,120601500,1084.8,887.6,1102.5,649.1,1002.4,22,2,1002.2,778,8,1002.1,724,8,1002.0,1636,16,1001.9,998,16,1002.5,132,2,1002.6,580,4,1002.7,5,1,1002.8,409,4,1002.9,726,8
317,2025-11-26 11:10:04+05:30,1002.5,53,997.08,4561232,418771.0,484046.0,986.2,1004.2,981.3,986.2,120601500,1084.8,887.6,1102.5,649.1,1002.4,22,2,1002.2,778,8,1002.1,899,9,1002.0,1692,17,1001.9,1032,17,1002.5,99,2,1002.6,580,4,1002.7,5,1,1002.8,409,4,1002.9,727,9
317,2025-11-26 11:10:05+05:30,1002.4,12,997.08,4561232,418771.0,484046.0,986.2,1004.2,981.3,986.2,120601500,1084.8,887.6,1102.5,649.1,1002.4,22,2,1002.2,778,8,1002.1,899,9,1002.0,1692,17,1001.9,1032,17,1002.5,99,2,1002.6,580,4,1002.7,5,1,1002.8,409,4,1002.9,727,9
317,2025-11-26 11:10:05+05:30,1002.4,12,997.08,4561254,417255.0,486909.0,986.2,1004.2,981.3,986.2,120601500,1084.8,887.6,1102.5,649.1,1002.2,44,2,1002.1,257,3,1002.0,1305,15,1001.9,987,16,1001.8,862,9,1002.4,26,1,1002.5,56,1,1002.6,580,4,1002.7,207,2,1002.8,1761,10
317,2025-11-26 11:10:06+05:30,1002.4,1,997.08,4561254,417255.0,486909.0,986.2,1004.2,981.3,986.2,120601500,1084.8,887.6,1102.5,649.1,1002.2,44,2,1002.1,257,3,1002.0,1305,15,1001.9,987,16,1001.8,862,9,1002.4,26,1,1002.5,56,1,1002.6,580,4,1002.7,207,2,1002.8,1761,10
317,2025-11-26 11:10:06+05:30,1002.4,1,997.08,4561255,417276.0,487035.0,986.2,1004.2,981.3,986.2,120601500,1084.8,887.6,1102.5,649.1,1002.2,44,2,1002.1,208,2,1002.0,1215,15,1001.9,809,8,1001.8,761,8,1002.4,25,1,1002.5,56,1,1002.6,813,7,1002.7,207,2,1002.8,1777,11
317,2025-11-26 11:10:07+05:30,1002.4,1,997.08,4561255,417353.0,487215.0,986.2,1004.2,981.3,986.2,120601500,1084.8,887.6,1102.5,649.1,1002.2,44,2,1002.1,208,2,1002.0,1215,15,1001.9,886,13,1001.8,761,8,1002.4,25,1,1002.5,56,1,1002.6,797,6,1002.7,207,2,1002.8,1223,10
317,2025-11-26 11:10:08+05:30,1002.4,1,997.08,4561255,417500.0,485867.0,986.2,1004.2,981.3,986.2,120601500,1084.8,887.6,1102.5,649.1,1002.2,100,3,1002.1,429,4,1002.0,1228,15,1001.9,914,15,1001.8,1011,9,1002.4,25,1,1002.5,56,1,1002.6,580,4,1002.7,280,3,1002.8,634,8
317,2025-11-26 11:10:09+05:30,1002.2,36,997.08,4561255,417500.0,485867.0,986.2,1004.2,981.3,986.2,120601500,1084.8,887.6,1102.5,649.1,1002.2,100,3,1002.1,429,4,1002.0,1228,15,1001.9,914,15,1001.8,1011,9,1002.4,25,1,1002.5,56,1,1002.6,580,4,1002.7,280,3,1002.8,634,8
317,2025-11-26 11:10:09+05:30,1002.6,68,997.08,4562270,418087.0,483803.0,986.2,1004.2,981.3,986.2,120601500,1084.8,887.6,1102.5,649.1,1002.2,503,7,1002.1,850,7,1002.0,1183,14,1001.9,1237,17,1001.8,558,7,1002.6,512,4,1002.8,187,4,1002.9,593,7,1003.0,1052,8,1003.1,1355,10
317,2025-11-26 11:10:10+05:30,1002.4,56,997.08,4562270,418087.0,483803.0,986.2,1004.2,981.3,986.2,120601500,1084.8,887.6,1102.5,649.1,1002.2,503,7,1002.1,850,7,1002.0,1183,14,1001.9,1237,17,1001.8,558,7,1002.6,512,4,1002.8,187,4,1002.9,593,7,1003.0,1052,8,1003.1,1355,10
317,2025-11-26 11:10:10+05:30,1002.4,56,997.08,4563197,418642.0,484964.0,986.2,1004.2,981.3,986.2,120601500,1084.8,887.6,1102.5,649.1,1002.3,328,4,1002.2,556,7,1002.1,857,8,1002.0,1216,15,1001.9,1237,17,1002.4,40,1,1002.5,10,1,1002.6,209,3,1002.8,205,2,1002.9,1234,8
317,2025-11-26 11:10:11+05:30,1002.4,56,997.08,4563197,418952.0,484386.0,986.2,1004.2,981.3,986.2,120601500,1084.8,887.6,1102.5,649.1,1002.3,482,8,1002.2,613,9,1002.1,806,7,1002.0,1490,17,1001.9,987,16,1002.4,40,1,1002.5,10,1,1002.6,209,3,1002.7,5,1,1002.8,205,2
317,2025-11-26 11:10:12+05:30,1002.4,96,997.08,4563197,418952.0,484386.0,986.2,1004.2,981.3,986.2,120601500,1084.8,887.6,1102.5,649.1,1002.3,482,8,1002.2,613,9,1002.1,806,7,1002.0,1490,17,1001.9,987,16,1002.4,40,1,1002.5,10,1,1002.6,209,3,1002.7,5,1,1002.8,205,2
317,2025-11-26 11:10:12+05:30,1002.4,96,997.08,4563381,419088.0,485332.0,986.2,1004.2,981.3,986.2,120601500,1084.8,887.6,1102.5,649.1,1002.3,306,4,1002.2,613,9,1002.1,857,8,1002.0,1516,19,1001.9,961,14,1002.4,96,1,1002.5,80,3,1002.6,159,2,1002.8,13,1,1002.9,485,6
317,2025-11-26 11:10:13+05:30,1002.6,126,997.08,4563381,419088.0,485332.0,986.2,1004.2,981.3,986.2,120601500,1084.8,887.6,1102.5,649.1,1002.3,306,4,1002.2,613,9,1002.1,857,8,1002.0,1516,19,1001.9,961,14,1002.4,96,1,1002.5,80,3,1002.6,159,2,1002.8,13,1,1002.9,485,6
317,2025-11-26 11:10:13+05:30,1002.6,126,997.08,4564955,421062.0,482490.0,986.2,1004.2,981.3,986.2,120601500,1084.8,887.6,1102.5,649.1,1002.6,22,1,1002.4,500,6,1002.3,1057,8,1002.2,736,12,1002.1,1085,16,1002.9,52,2,1003.0,321,4,1003.1,764,9,1003.2,790,13,1003.3,1186,12
317,2025-11-26 11:10:14+05:30,1003.0,22,997.08,4564955,421062.0,482490.0,986.2,1004.2,981.3,986.2,120601500,1084.8,887.6,1102.5,649.1,1002.6,22,1,1002.4,500,6,1002.3,1057,8,1002.2,736,12,1002.1,1085,16,1002.9,52,2,1003.0,321,4,1003.1,764,9,1003.2,790,13,1003.3,1186,12
317,2025-11-26 11:10:14+05:30,1002.9,100,997.08,4565222,421982.0,481969.0,986.2,1004.2,981.3,986.2,120601500,1084.8,887.6,1102.5,649.1,1002.9,19,1,1002.8,27,1,1002.7,112,1,1002.6,251,2,1002.5,932,7,1003.0,205,3,1003.1,329,2,1003.2,1010,6,1003.3,834,11,1003.4,1617,16
317,2025-11-26 11:10:15+05:30,1003.0,2,997.08,4565222,421982.0,481969.0,986.2,1004.2,981.3,986.2,120601500,1084.8,887.6,1102.5,649.1,1002.9,19,1,1002.8,27,1,1002.7,112,1,1002.6,251,2,1002.5,932,7,1003.0,205,3,1003.1,329,2,1003.2,1010,6,1003.3,834,11,1003.4,1617,16
317,2025-11-26 11:10:15+05:30,1003.0,5,997.08,4565341,421698.0,482410.0,986.2,1004.2,981.3,986.2,120601500,1084.8,887.6,1102.5,649.1,1002.9,19,1,1002.8,27,1,1002.6,251,2,1002.5,999,8,1002.4,1139,13,1003.0,252,6,1003.1,789,4,1003.2,892,4,1003.3,809,12,1003.4,1472,13
317,2025-11-26 11:10:16+05:30,1003.0,12,997.08,4565341,421698.0,482410.0,986.2,1004.2,981.3,986.2,120601500,1084.8,887.6,1102.5,649.1,1002.9,19,1,1002.8,27,1,1002.6,251,2,1002.5,999,8,1002.4,1139,13,1003.0,252,6,1003.1,789,4,1003.2,892,4,1003.3,809,12,1003.4,1472,13
317,2025-11-26 11:10:16+05:30,1002.6,47,997.08,4565472,419282.0,482814.0,986.2,1004.2,981.3,986.2,120601500,1084.8,887.6,1102.5,649.1,1002.5,824,6,1002.4,1125,13,1002.3,633,8,1002.2,853,13,1002.1,900,14,1003.0,457,6,1003.1,849,4,1003.2,1111,8,1003.3,786,11,1003.4,1520,15
317,2025-11-26 11:10:17+05:30,1002.6,47,997.08,4565472,419282.0,482814.0,986.2,1004.2,981.3,986.2,120601500,1084.8,887.6,1102.5,649.1,1002.5,824,6,1002.4,1125,13,1002.3,633,8,1002.2,853,13,1002.1,900,14,1003.0,457,6,1003.1,849,4,1003.2,1111,8,1003.3,786,11,1003.4,1520,15
317,2025-11-26 11:10:17+05:30,1002.6,47,997.08,4565472,419282.0,482814.0,986.2,1004.2,981.3,986.2,120601500,1084.8,887.6,1102.5,649.1,1002.5,824,6,1002.4,1125,13,1002.3,633,8,1002.2,853,13,1002.1,900,14,1003.0,457,6,1003.1,849,4,1003.2,1111,8,1003.3,786,11,1003.4,1520,15
317,2025-11-26 11:10:17+05:30,1002.6,47,997.08,4565472,419282.0,482814.0,986.2,1004.2,981.3,986.2,120601500,1084.8,887.6,1102.5,649.1,1002.5,824,6,1002.4,1125,13,1002.3,633,8,1002.2,853,13,1002.1,900,14,1003.0,457,6,1003.1,849,4,1003.2,1111,8,1003.3,786,11,1003.4,1520,15
317,2025-11-26 11:10:17+05:30,1002.6,47,997.08,4565472,419499.0,482903.0,986.2,1004.2,981.3,986.2,120601500,1084.8,887.6,1102.5,649.1,1002.5,941,7,1002.4,1192,14,1002.3,633,8,1002.2,853,13,1002.1,900,14,1003.0,459,7,1003.1,849,4,1003.2,1183,9,1003.3,786,11,1003.4,1520,15
317,2025-11-26 11:10:17+05:30,1002.6,47,997.08,4565472,419499.0,482903.0,986.2,1004.2,981.3,986.2,120601500,1084.8,887.6,1102.5,649.1,1002.5,941,7,1002.4,1192,14,1002.3,633,8,1002.2,853,13,1002.1,900,14,1003.0,459,7,1003.1,849,4,1003.2,1183,9,1003.3,786,11,1003.4,1520,15
317,2025-11-26 11:10:18+05:30,1002.6,47,997.08,4565472,419499.0,482903.0,986.2,1004.2,981.3,986.2,120601500,1084.8,887.6,1102.5,649.1,1002.5,941,7,1002.4,1192,14,1002.3,633,8,1002.2,853,13,1002.1,900,14,1003.0,459,7,1003.1,849,4,1003.2,1183,9,1003.3,786,11,1003.4,1520,15
317,2025-11-26 11:10:18+05:30,1003.0,18,997.08,4565658,419328.0,482895.0,986.2,1004.2,981.3,986.2,120601500,1084.8,887.6,1102.5,649.1,1002.5,237,3,1002.4,1100,12,1002.3,759,9,1002.2,1310,14,1002.1,900,14,1003.0,482,8,1003.1,1000,7,1003.2,1081,7,1003.3,786,11,1003.4,1520,15
317,2025-11-26 11:10:19+05:30,1003.0,18,997.08,4565658,419328.0,482895.0,986.2,1004.2,981.3,986.2,120601500,1084.8,887.6,1102.5,649.1,1002.5,237,3,1002.4,1100,12,1002.3,759,9,1002.2,1310,14,1002.1,900,14,1003.0,482,8,1003.1,1000,7,1003.2,1081,7,1003.3,786,11,1003.4,1520,15
317,2025-11-26 11:10:19+05:30,1003.0,18,997.08,4565658,419328.0,482895.0,986.2,1004.2,981.3,986.2,120601500,1084.8,887.6,1102.5,649.1,1002.5,237,3,1002.4,1100,12,1002.3,759,9,1002.2,1310,14,1002.1,900,14,1003.0,482,8,1003.1,1000,7,1003.2,1081,7,1003.3,786,11,1003.4,1520,15
317,2025-11-26 11:10:19+05:30,1003.0,18,997.08,4565658,419328.0,482895.0,986.2,1004.2,981.3,986.2,120601500,1084.8,887.6,1102.5,649.1,1002.5,237,3,1002.4,1100,12,1002.3,759,9,1002.2,1310,14,1002.1,900,14,1003.0,482,8,1003.1,1000,7,1003.2,1081,7,1003.3,786,11,1003.4,1520,15
317,2025-11-26 11:10:20+05:30,1002.5,16,997.08,4565679,420317.0,484209.0,986.2,1004.2,981.3,986.2,120601500,1084.8,887.6,1102.5,649.1,1002.5,158,6,1002.4,1305,11,1002.3,758,9,1002.2,780,12,1002.1,779,13,1002.7,96,1,1003.0,730,10,1003.1,898,5,1003.2,1107,9,1003.3,862,11
317,2025-11-26 11:10:20+05:30,1002.5,16,997.08,4565679,420317.0,484209.0,986.2,1004.2,981.3,986.2,120601500,1084.8,887.6,1102.5,649.1,1002.5,158,6,1002.4,1305,11,1002.3,758,9,1002.2,780,12,1002.1,779,13,1002.7,96,1,1003.0,730,10,1003.1,898,5,1003.2,1107,9,1003.3,862,11
317,2025-11-26 11:10:20+05:30,1002.5,16,997.08,4565679,420317.0,484209.0,986.2,1004.2,981.3,986.2,120601500,1084.8,887.6,1102.5,649.1,1002.5,158,6,1002.4,1305,11,1002.3,758,9,1002.2,780,12,1002.1,779,13,1002.7,96,1,1003.0,730,10,1003.1,898,5,1003.2,1107,9,1003.3,862,11
317,2025-11-26 11:10:20+05:30,1002.5,16,997.08,4565679,420317.0,484209.0,986.2,1004.2,981.3,986.2,120601500,1084.8,887.6,1102.5,649.1,1002.5,158,6,1002.4,1305,11,1002.3,758,9,1002.2,780,12,1002.1,779,13,1002.7,96,1,1003.0,730,10,1003.1,898,5,1003.2,1107,9,1003.3,862,11
317,2025-11-26 11:10:20+05:30,1002.5,16,997.08,4565679,420317.0,484209.0,986.2,1004.2,981.3,986.2,120657750,1084.8,887.6,1102.5,649.1,1002.5,158,6,1002.4,1305,11,1002.3,758,9,1002.2,780,12,1002.1,779,13,1002.7,96,1,1003.0,730,10,1003.1,898,5,1003.2,1107,9,1003.3,862,11
317,2025-11-26 11:10:21+05:30,1002.7,139,997.08,4565818,421048.0,484423.0,986.2,1004.2,981.3,986.2,120657750,1084.8,887.6,1102.5,649.1,1002.5,125,5,1002.4,1252,10,1002.3,784,10,1002.2,780,12,1002.1,1029,14,1002.7,96,1,1003.0,730,10,1003.1,1040,5,1003.2,1160,9,1003.3,760,9
317,2025-11-26 11:10:21+05:30,1002.7,139,997.08,4565818,421048.0,484423.0,986.2,1004.2,981.3,986.2,120657750,1084.8,887.6,1102.5,649.1,1002.5,125,5,1002.4,1252,10,1002.3,784,10,1002.2,780,12,1002.1,1029,14,1002.7,96,1,1003.0,730,10,1003.1,1040,5,1003.2,1160,9,1003.3,760,9
317,2025-11-26 11:10:21+05:30,1002.7,139,997.08,4565818,421048.0,484423.0,986.2,1004.2,981.3,986.2,120657750,1084.8,887.6,1102.5,649.1,1002.5,125,5,1002.4,1252,10,1002.3,784,10,1002.2,780,12,1002.1,1029,14,1002.7,96,1,1003.0,730,10,1003.1,1040,5,1003.2,1160,9,1003.3,760,9
317,2025-11-26 11:10:21+05:30,1002.7,139,997.08,4565818,421048.0,484423.0,986.2,1004.2,981.3,986.2,120657750,1084.8,887.6,1102.5,649.1,1002.5,125,5,1002.4,1252,10,1002.3,784,10,1002.2,780,12,1002.1,1029,14,1002.7,96,1,1003.0,730,10,1003.1,1040,5,1003.2,1160,9,1003.3,760,9
317,2025-11-26 11:10:22+05:30,1002.5,1,997.08,4565829,421037.0,484386.0,986.2,1004.2,981.3,986.2,120657750,1084.8,887.6,1102.5,649.1,1002.5,124,5,1002.4,1242,9,1002.3,784,10,1002.2,780,12,1002.1,1029,14,1002.7,86,1,1003.0,730,10,1003.1,1040,5,1003.2,1160,9,1003.3,760,9
317,2025-11-26 11:10:22+05:30,1002.5,1,997.08,4565829,421037.0,484386.0,986.2,1004.2,981.3,986.2,120657750,1084.8,887.6,1102.5,649.1,1002.5,124,5,1002.4,1242,9,1002.3,784,10,1002.2,780,12,1002.1,1029,14,1002.7,86,1,1003.0,730,10,1003.1,1040,5,1003.2,1160,9,1003.3,760,9
317,2025-11-26 11:10:23+05:30,1002.5,1,997.08,4565829,419502.0,485201.0,986.2,1004.2,981.3,986.2,120657750,1084.8,887.6,1102.5,649.1,1002.5,14,1,1002.4,118,2,1002.3,896,7,1002.2,700,10,1002.1,700,8,1002.7,186,2,1002.8,76,1,1002.9,762,7,1003.0,1122,21,1003.1,1138,7
317,2025-11-26 11:10:24+05:30,1002.7,98,997.08,4566013,420036.0,485132.0,986.2,1004.2,981.3,986.2,120657750,1084.8,887.6,1102.5,649.1,1002.5,15,2,1002.4,118,2,1002.3,969,9,1002.2,679,11,1002.1,700,8,1002.7,98,2,1002.9,685,5,1003.0,1094,14,1003.1,622,9,1003.2,1276,12
317,2025-11-26 11:10:24+05:30,1002.7,98,997.08,4566013,420036.0,485132.0,986.2,1004.2,981.3,986.2,120657750,1084.8,887.6,1102.5,649.1,1002.5,15,2,1002.4,118,2,1002.3,969,9,1002.2,679,11,1002.1,700,8,1002.7,98,2,1002.9,685,5,1003.0,1094,14,1003.1,622,9,1003.2,1276,12
317,2025-11-26 11:10:25+05:30,1002.4,21,997.08,4566113,420880.0,485498.0,986.2,1004.2,981.3,986.2,120657750,1084.8,887.6,1102.5,649.1,1002.4,102,3,1002.3,971,9,1002.2,679,11,1002.1,700,8,1002.0,1800,22,1002.7,98,2,1002.9,1161,5,1003.0,992,13,1003.1,725,11,1003.2,1378,13
317,2025-11-26 11:10:25+05:30,1002.5,1,997.08,4566113,420880.0,485498.0,986.2,1004.2,981.3,986.2,120657750,1084.8,887.6,1102.5,649.1,1002.4,102,3,1002.3,971,9,1002.2,679,11,1002.1,700,8,1002.0,1800,22,1002.7,98,2,1002.9,1161,5,1003.0,992,13,1003.1,725,11,1003.2,1378,13
317,2025-11-26 11:10:26+05:30,1002.5,1,997.08,4566114,420353.0,487096.0,986.2,1004.2,981.3,986.2,120657750,1084.8,887.6,1102.5,649.1,1002.4,33,1,1002.3,304,6,1002.2,861,12,1002.1,687,8,1002.0,1550,21,1002.5,95,1,1002.7,7,2,1002.8,453,3,1002.9,711,5,1003.0,1254,16
317,2025-11-26 11:10:27+05:30,1002.5,1,997.08,4566114,418848.0,486681.0,986.2,1004.2,981.3,986.2,120657750,1084.8,887.6,1102.5,649.1,1002.4,33,1,1002.3,304,6,1002.2,861,12,1002.1,687,8,1002.0,1834,23,1002.5,95,1,1002.6,37,1,1002.7,7,2,1002.8,453,3,1002.9,711,5
317,2025-11-26 11:10:27+05:30,1002.5,10,997.08,4566124,418700.0,486486.0,986.2,1004.2,981.3,986.2,120657750,1084.8,887.6,1102.5,649.1,1002.3,462,6,1002.2,861,12,1002.1,687,8,1002.0,1733,22,1001.9,906,10,1002.5,85,1,1002.6,37,1,1002.7,7,2,1002.8,453,3,1002.9,712,6
317,2025-11-26 11:10:28+05:30,1002.5,10,997.08,4566124,418700.0,486486.0,986.2,1004.2,981.3,986.2,120657750,1084.8,887.6,1102.5,649.1,1002.3,462,6,1002.2,861,12,1002.1,687,8,1002.0,1733,22,1001.9,906,10,1002.5,85,1,1002.6,37,1,1002.7,7,2,1002.8,453,3,1002.9,712,6
317,2025-11-26 11:10:29+05:30,1002.8,20,997.09,4567058,420038.0,484814.0,986.2,1004.2,981.3,986.2,120657750,1084.8,887.6,1102.5,649.1,1002.7,21,1,1002.4,317,3,1002.3,396,5,1002.2,1122,10,1002.1,1000,10,1002.8,27,1,1002.9,451,5,1003.0,861,10,1003.1,689,7,1003.2,1129,13
317,2025-11-26 11:10:29+05:30,1002.8,20,997.09,4567058,420038.0,484814.0,986.2,1004.2,981.3,986.2,120657750,1084.8,887.6,1102.5,649.1,1002.7,21,1,1002.4,317,3,1002.3,396,5,1002.2,1122,10,1002.1,1000,10,1002.8,27,1,1002.9,451,5,1003.0,861,10,1003.1,689,7,1003.2,1129,13
317,2025-11-26 11:10:30+05:30,1002.7,104,997.09,4567286,418742.0,484371.0,986.2,1004.2,981.3,986.2,120657750,1084.8,887.6,1102.5,649.1,1002.4,127,2,1002.3,569,7,1002.2,1006,14,1002.1,727,8,1002.0,2027,24,1002.7,96,1,1002.9,202,1,1003.0,1113,8,1003.1,677,9,1003.2,1324,9
317,2025-11-26 11:10:30+05:30,1002.7,120,997.09,4567286,418742.0,484371.0,986.2,1004.2,981.3,986.2,120657750,1084.8,887.6,1102.5,649.1,1002.4,127,2,1002.3,569,7,1002.2,1006,14,1002.1,727,8,1002.0,2027,24,1002.7,96,1,1002.9,202,1,1003.0,1113,8,1003.1,677,9,1003.2,1324,9
317,2025-11-26 11:10:31+05:30,1002.4,8,997.09,4567414,419287.0,484711.0,986.2,1004.2,981.3,986.2,120657750,1084.8,887.6,1102.5,649.1,1002.4,195,4,1002.3,542,7,1002.2,777,12,1002.1,727,8,1002.0,2278,26,1002.7,96,1,1002.8,5,1,1002.9,404,2,1003.0,1529,12,1003.1,770,9
317,2025-11-26 11:10:31+05:30,1002.4,8,997.09,4567414,419287.0,484711.0,986.2,1004.2,981.3,986.2,120657750,1084.8,887.6,1102.5,649.1,1002.4,195,4,1002.3,542,7,1002.2,777,12,1002.1,727,8,1002.0,2278,26,1002.7,96,1,1002.8,5,1,1002.9,404,2,1003.0,1529,12,1003.1,770,9
317,2025-11-26 11:10:32+05:30,1002.4,8,997.09,4567414,419656.0,485127.0,986.2,1004.2,981.3,986.2,120657750,1084.8,887.6,1102.5,649.1,1002.4,377,5,1002.3,707,10,1002.2,777,12,1002.1,740,9,1002.0,2278,26,1002.7,96,1,1002.8,5,1,1002.9,404,2,1003.0,1060,12,1003.1,757,8
317,2025-11-26 11:10:33+05:30,1002.4,8,997.09,4567414,419432.0,485400.0,986.2,1004.2,981.3,986.2,120657750,1084.8,887.6,1102.5,649.1,1002.6,10,1,1002.4,270,3,1002.3,691,10,1002.2,777,12,1002.1,819,11,1002.7,96,1,1002.8,5,1,1002.9,475,3,1003.0,1041,12,1003.1,766,9
317,2025-11-26 11:10:34+05:30,1002.7,185,997.09,4567609,419542.0,485666.0,986.2,1004.2,981.3,986.2,120657750,1084.8,887.6,1102.5,649.1,1002.6,10,1,1002.4,290,3,1002.3,568,7,1002.2,823,13,1002.1,819,11,1002.7,96,1,1002.8,5,1,1002.9,1099,5,1003.0,3167,14,1003.1,766,9
317,2025-11-26 11:10:34+05:30,1002.7,112,997.09,4567609,419542.0,485666.0,986.2,1004.2,981.3,986.2,120657750,1084.8,887.6,1102.5,649.1,1002.6,10,1,1002.4,290,3,1002.3,568,7,1002.2,823,13,1002.1,819,11,1002.7,96,1,1002.8,5,1,1002.9,1099,5,1003.0,3167,14,1003.1,766,9
317,2025-11-26 11:10:35+05:30,1003.0,124,997.09,4567609,419542.0,485666.0,986.2,1004.2,981.3,986.2,120657750,1084.8,887.6,1102.5,649.1,1002.6,10,1,1002.4,290,3,1002.3,568,7,1002.2,823,13,1002.1,819,11,1002.7,96,1,1002.8,5,1,1002.9,1099,5,1003.0,3167,14,1003.1,766,9
317,2025-11-26 11:10:35+05:30,1003.0,124,997.09,4570263,422742.0,482553.0,986.2,1004.2,981.3,986.2,120657750,1084.8,887.6,1102.5,649.1,1002.8,337,1,1002.6,109,3,1002.5,297,5,1002.4,1050,11,1002.3,661,14,1003.0,2460,6,1003.1,204,2,1003.2,587,5,1003.3,905,10,1003.4,1277,13
317,2025-11-26 11:10:36+05:30,1003.0,1,997.09,4570263,422742.0,482553.0,986.2,1004.2,981.3,986.2,120657750,1084.8,887.6,1102.5,649.1,1002.8,337,1,1002.6,109,3,1002.5,297,5,1002.4,1050,11,1002.3,661,14,1003.0,2460,6,1003.1,204,2,1003.2,587,5,1003.3,905,10,1003.4,1277,13
317,2025-11-26 11:10:36+05:30,1003.0,1,997.09,4570275,422666.0,484617.0,986.2,1004.2,981.3,986.2,120657750,1084.8,887.6,1102.5,649.1,1002.8,327,1,1002.5,263,5,1002.4,1096,12,1002.3,687,16,1002.2,2129,17,1003.0,3508,9,1003.1,728,6,1003.2,683,7,1003.3,930,11,1003.4,1494,15
317,2025-11-26 11:10:37+05:30,1003.0,1,997.09,4570275,421837.0,484681.0,986.2,1004.2,981.3,986.2,120657750,1084.8,887.6,1102.5,649.1,1002.8,340,2,1002.5,263,5,1002.4,1096,12,1002.3,687,16,1002.2,1879,16,1003.0,3508,9,1003.1,728,6,1003.2,683,7,1003.3,930,11,1003.4,1494,15
317,2025-11-26 11:10:38+05:30,1003.0,1,997.09,4570275,421554.0,484777.0,986.2,1004.2,981.3,986.2,120657750,1084.8,887.6,1102.5,649.1,1002.8,340,2,1002.5,251,4,1002.4,1062,12,1002.3,733,17,1002.2,1879,16,1003.0,3635,10,1003.1,728,6,1003.2,729,8,1003.3,930,11,1003.4,1494,15
317,2025-11-26 11:10:39+05:30,1003.0,84,997.09,4570275,421554.0,484777.0,986.2,1004.2,981.3,986.2,120657750,1084.8,887.6,1102.5,649.1,1002.8,340,2,1002.5,251,4,1002.4,1062,12,1002.3,733,17,1002.2,1879,16,1003.0,3635,10,1003.1,728,6,1003.2,729,8,1003.3,930,11,1003.4,1494,15
317,2025-11-26 11:10:39+05:30,1003.0,84,997.09,4570460,421487.0,484886.0,986.2,1004.2,981.3,986.2,120657750,1084.8,887.6,1102.5,649.1,1002.8,340,2,1002.5,175,3,1002.4,936,11,1002.3,809,18,1002.2,1842,15,1003.0,3859,11,1003.1,895,9,1003.2,683,7,1003.3,930,11,1003.4,1292,14
317,2025-11-26 11:10:40+05:30,1002.9,327,997.09,4570460,421487.0,484886.0,986.2,1004.2,981.3,986.2,120657750,1084.8,887.6,1102.5,649.1,1002.8,340,2,1002.5,175,3,1002.4,936,11,1002.3,809,18,1002.2,1842,15,1003.0,3859,11,1003.1,895,9,1003.2,683,7,1003.3,930,11,1003.4,1292,14
317,2025-11-26 11:10:40+05:30,1002.9,327,997.09,4570787,422036.0,485296.0,986.2,1004.2,981.3,986.2,120657750,1084.8,887.6,1102.5,649.1,1002.8,13,1,1002.5,308,3,1002.4,962,13,1002.3,737,15,1002.2,1380,15,1002.9,96,1,1003.0,4104,14,1003.1,904,8,1003.2,683,7,1003.3,930,11
317,2025-11-26 11:10:41+05:30,1002.9,327,997.09,4570787,422036.0,485294.0,986.2,1004.2,981.3,986.2,120657750,1084.8,887.6,1102.5,649.1,1002.8,13,1,1002.5,308,3,1002.4,962,13,1002.3,737,15,1002.2,1380,15,1002.9,96,1,1003.0,4104,14,1003.1,930,10,1003.2,683,7,1003.3,904,9
317,2025-11-26 11:10:42+05:30,1002.9,16,997.09,4570787,422036.0,485294.0,986.2,1004.2,981.3,986.2,120657750,1084.8,887.6,1102.5,649.1,1002.8,13,1,1002.5,308,3,1002.4,962,13,1002.3,737,15,1002.2,1380,15,1002.9,96,1,1003.0,4104,14,1003.1,930,10,1003.2,683,7,1003.3,904,9
317,2025-11-26 11:10:42+05:30,1002.8,5,997.09,4570833,422026.0,484813.0,986.2,1004.2,981.3,986.2,120657750,1084.8,887.6,1102.5,649.1,1002.8,8,1,1002.5,308,3,1002.4,962,13,1002.3,737,15,1002.2,1380,15,1002.9,55,1,1003.0,4104,14,1003.1,930,10,1003.2,683,7,1003.3,904,9
317,2025-11-26 11:10:43+05:30,1003.0,48,997.09,4570833,422026.0,484813.0,986.2,1004.2,981.3,986.2,120657750,1084.8,887.6,1102.5,649.1,1002.8,8,1,1002.5,308,3,1002.4,962,13,1002.3,737,15,1002.2,1380,15,1002.9,55,1,1003.0,4104,14,1003.1,930,10,1003.2,683,7,1003.3,904,9
317,2025-11-26 11:10:43+05:30,1002.6,11,997.09,4571602,421975.0,484346.0,986.2,1004.2,981.3,986.2,120657750,1084.8,887.6,1102.5,649.1,1002.6,297,3,1002.5,611,5,1002.4,950,12,1002.3,737,15,1002.2,1505,14,1003.0,3669,11,1003.1,754,6,1003.2,662,6,1003.3,1091,16,1003.4,1406,9
317,2025-11-26 11:10:44+05:30,1003.0,76,997.09,4571602,421975.0,484346.0,986.2,1004.2,981.3,986.2,120657750,1084.8,887.6,1102.5,649.1,1002.6,297,3,1002.5,611,5,1002.4,950,12,1002.3,737,15,1002.2,1505,14,1003.0,3669,11,1003.1,754,6,1003.2,662,6,1003.3,1091,16,1003.4,1406,9
317,2025-11-26 11:10:44+05:30,1003.0,76,997.09,4571786,422399.0,484437.0,986.2,1004.2,981.3,986.2,120657750,1084.8,887.6,1102.5,649.1,1002.7,101,1,1002.6,350,4,1002.5,510,4,1002.4,919,11,1002.3,939,16,1003.0,3409,9,1003.1,709,6,1003.2,662,6,1003.3,837,16,1003.4,1507,10
317,2025-11-26 11:10:45+05:30,1002.7,1,997.09,4571786,422399.0,484437.0,986.2,1004.2,981.3,986.2,120657750,1084.8,887.6,1102.5,649.1,1002.7,101,1,1002.6,350,4,1002.5,510,4,1002.4,919,11,1002.3,939,16,1003.0,3409,9,1003.1,709,6,1003.2,662,6,1003.3,837,16,1003.4,1507,10
317,2025-11-26 11:10:45+05:30,1002.7,1,997.09,4571791,422431.0,484391.0,986.2,1004.2,981.3,986.2,120657750,1084.8,887.6,1102.5,649.1,1002.7,99,1,1002.6,249,3,1002.5,409,4,1002.4,953,12,1002.3,939,16,1003.0,3608,10,1003.1,709,6,1003.2,662,6,1003.3,837,16,1003.4,1305,9
317,2025-11-26 11:10:46+05:30,1003.0,1,997.09,4571791,422431.0,484391.0,986.2,1004.2,981.3,986.2,120657750,1084.8,887.6,1102.5,649.1,1002.7,99,1,1002.6,249,3,1002.5,409,4,1002.4,953,12,1002.3,939,16,1003.0,3608,10,1003.1,709,6,1003.2,662,6,1003.3,837,16,1003.4,1305,9
317,2025-11-26 11:10:46+05:30,1003.0,1,997.09,4571792,421983.0,483834.0,986.2,1004.2,981.3,986.2,120657750,1084.8,887.6,1102.5,649.1,1002.6,249,3,1002.5,106,2,1002.4,1129,12,1002.3,699,13,1002.2,1282,16,1003.0,3761,12,1003.1,802,7,1003.2,662,6,1003.3,837,16,1003.4,1305,9
317,2025-11-26 11:10:47+05:30,1003.0,1,997.09,4571792,421983.0,483898.0,986.2,1004.2,981.3,986.2,120657750,1084.8,887.6,1102.5,649.1,1002.6,249,3,1002.5,106,2,1002.4,1129,12,1002.3,699,13,1002.2,1282,16,1003.0,3761,12,1003.1,802,7,1003.2,662,6,1003.3,837,16,1003.4,1305,9
317,2025-11-26 11:10:48+05:30,1003.0,1,997.09,4571792,421984.0,483876.0,986.2,1004.2,981.3,986.2,120657750,1084.8,887.6,1102.5,649.1,1002.6,249,3,1002.5,106,2,1002.4,1129,12,1002.3,699,13,1002.2,1282,16,1003.0,3761,12,1003.1,802,7,1003.2,662,6,1003.3,837,16,1003.4,1305,9
317,2025-11-26 11:10:49+05:30,1003.0,187,997.09,4571792,421984.0,483876.0,986.2,1004.2,981.3,986.2,120657750,1084.8,887.6,1102.5,649.1,1002.6,249,3,1002.5,106,2,1002.4,1129,12,1002.3,699,13,1002.2,1282,16,1003.0,3761,12,1003.1,802,7,1003.2,662,6,1003.3,837,16,1003.4,1305,9
317,2025-11-26 11:10:49+05:30,1003.0,187,997.09,4571981,420756.0,485776.0,986.2,1004.2,981.3,986.2,120657750,1084.8,887.6,1102.5,649.1,1002.5,280,4,1002.4,737,8,1002.3,613,12,1002.2,1108,14,1002.1,721,9,1002.7,1,1,1003.0,3481,13,1003.1,853,7,1003.2,1153,6,1003.3,814,14
317,2025-11-26 11:10:50+05:30,1002.6,131,997.09,4571981,420756.0,485776.0,986.2,1004.2,981.3,986.2,120657750,1084.8,887.6,1102.5,649.1,1002.5,280,4,1002.4,737,8,1002.3,613,12,1002.2,1108,14,1002.1,721,9,1002.7,1,1,1003.0,3481,13,1003.1,853,7,1003.2,1153,6,1003.3,814,14
317,2025-11-26 11:10:50+05:30,1002.6,52,997.09,4572935,419573.0,483442.0,986.2,1004.2,981.3,986.2,120657750,1084.8,887.6,1102.5,649.1,1002.5,277,4,1002.4,291,7,1002.3,710,9,1002.2,739,8,1002.1,1237,20,1002.9,17,2,1003.0,3739,13,1003.1,513,6,1003.2,805,11,1003.3,847,14
317,2025-11-26 11:10:51+05:30,1002.5,80,997.09,4572935,419573.0,483442.0,986.2,1004.2,981.3,986.2,120657750,1084.8,887.6,1102.5,649.1,1002.5,277,4,1002.4,291,7,1002.3,710,9,1002.2,739,8,1002.1,1237,20,1002.9,17,2,1003.0,3739,13,1003.1,513,6,1003.2,805,11,1003.3,847,14
317,2025-11-26 11:10:51+05:30,1002.5,80,997.09,4573015,419604.0,483751.0,986.2,1004.2,981.3,986.2,120657750,1084.8,887.6,1102.5,649.1,1002.5,94,3,1002.4,475,9,1002.3,538,8,1002.2,739,8,1002.1,1237,20,1002.9,475,5,1003.0,3739,13,1003.1,513,6,1003.2,805,11,1003.3,645,13
317,2025-11-26 11:10:52+05:30,1002.5,80,997.09,4573015,419604.0,483104.0,986.2,1004.2,981.3,986.2,120657750,1084.8,887.6,1102.5,649.1,1002.5,94,3,1002.4,475,9,1002.3,538,8,1002.2,739,8,1002.1,1237,20,1002.9,475,5,1003.0,3739,13,1003.1,513,6,1003.2,805,11,1003.3,645,13
317,2025-11-26 11:10:53+05:30,1002.5,80,997.09,4573015,420942.0,484030.0,986.2,1004.2,981.3,986.2,120657750,1084.8,887.6,1102.5,649.1,1002.7,1,1,1002.5,70,2,1002.4,382,8,1002.3,598,7,1002.2,1007,11,1002.9,551,6,1003.0,3874,14,1003.1,540,7,1003.2,849,12,1003.3,645,13
317,2025-11-26 11:10:54+05:30,1002.9,167,997.09,4573015,420942.0,484030.0,986.2,1004.2,981.3,986.2,120657750,1084.8,887.6,1102.5,649.1,1002.7,1,1,1002.5,70,2,1002.4,382,8,1002.3,598,7,1002.2,1007,11,1002.9,551,6,1003.0,3874,14,1003.1,540,7,1003.2,849,12,1003.3,645,13
317,2025-11-26 11:10:54+05:30,1002.9,167,997.09,4573344,421204.0,484005.0,986.2,1004.2,981.3,986.2,120657750,1084.8,887.6,1102.5,649.1,1002.5,174,2,1002.4,262,5,1002.3,488,6,1002.2,1074,9,1002.1,1116,19,1002.9,433,7,1003.0,3815,15,1003.1,605,7,1003.2,940,13,1003.3,645,13
317,2025-11-26 11:10:55+05:30,1002.9,25,997.09,4573344,421204.0,484005.0,986.2,1004.2,981.3,986.2,120657750,1084.8,887.6,1102.5,649.1,1002.5,174,2,1002.4,262,5,1002.3,488,6,1002.2,1074,9,1002.1,1116,19,1002.9,433,7,1003.0,3815,15,1003.1,605,7,1003.2,940,13,1003.3,645,13
317,2025-11-26 11:10:55+05:30,1002.9,15,997.09,4573384,421460.0,484172.0,986.2,1004.2,981.3,986.2,120657750,1084.8,887.6,1102.5,649.1,1002.5,211,4,1002.4,411,8,1002.3,504,7,1002.2,1074,9,1002.1,1103,18,1002.9,279,6,1003.0,3918,14,1003.1,545,7,1003.2,853,13,1003.3,742,15
317,2025-11-26 11:10:56+05:30,1002.9,1,997.09,4573384,421460.0,484172.0,986.2,1004.2,981.3,986.2,120657750,1084.8,887.6,1102.5,649.1,1002.5,211,4,1002.4,411,8,1002.3,504,7,1002.2,1074,9,1002.1,1103,18,1002.9,279,6,1003.0,3918,14,1003.1,545,7,1003.2,853,13,1003.3,742,15
317,2025-11-26 11:10:56+05:30,1002.9,1,997.09,4573385,421460.0,484211.0,986.2,1004.2,981.3,986.2,120657750,1084.8,887.6,1102.5,649.1,1002.5,211,4,1002.4,411,8,1002.3,504,7,1002.2,1074,9,1002.1,1103,18,1002.9,278,6,1003.0,3918,14,1003.1,545,7,1003.2,853,13,1003.3,742,15
317,2025-11-26 11:10:57+05:30,1002.9,1,997.09,4573385,421444.0,483682.0,986.2,1004.2,981.3,986.2,120657750,1084.8,887.6,1102.5,649.1,1002.5,211,4,1002.4,411,8,1002.3,488,6,1002.2,1074,9,1002.1,1103,18,1002.9,278,6,1003.0,3918,14,1003.1,545,7,1003.2,853,13,1003.3,742,15
317,2025-11-26 11:10:58+05:30,1002.9,1,997.09,4573385,423673.0,485523.0,986.2,1004.2,981.3,986.2,120657750,1084.8,887.6,1102.5,649.1,1002.5,220,4,1002.4,665,10,1002.3,1083,10,1002.2,1074,9,1002.1,853,17,1002.7,2,1,1002.9,716,7,1003.0,3841,13,1003.1,479,8,1003.2,1438,12
317,2025-11-26 11:10:59+05:30,1002.7,2,997.09,4573385,423673.0,485523.0,986.2,1004.2,981.3,986.2,120657750,1084.8,887.6,1102.5,649.1,1002.5,220,4,1002.4,665,10,1002.3,1083,10,1002.2,1074,9,1002.1,853,17,1002.7,2,1,1002.9,716,7,1003.0,3841,13,1003.1,479,8,1003.2,1438,12
317,2025-11-26 11:10:59+05:30,1002.7,1,997.09,4573488,422549.0,485299.0,986.2,1004.2,981.3,986.2,120657750,1084.8,887.6,1102.5,649.1,1002.7,16,1,1002.5,87,3,1002.4,306,5,1002.3,753,7,1002.2,739,8,1002.9,423,9,1003.0,4089,16,1003.1,547,8,1003.2,783,10,1003.3,676,16
317,2025-11-26 11:11:00+05:30,1002.8,25,997.09,4573488,422549.0,485299.0,986.2,1004.2,981.3,986.2,120657750,1084.8,887.6,1102.5,649.1,1002.7,16,1,1002.5,87,3,1002.4,306,5,1002.3,753,7,1002.2,739,8,1002.9,423,9,1003.0,4089,16,1003.1,547,8,1003.2,783,10,1003.3,676,16
317,2025-11-26 11:11:00+05:30,1002.7,8,997.09,4573608,423189.0,485205.0,986.2,1004.2,981.3,986.2,120657750,1084.8,887.6,1102.5,649.1,1002.7,19,2,1002.5,264,2,1002.4,416,8,1002.3,849,9,1002.2,822,9,1002.8,59,1,1002.9,509,8,1003.0,3811,12,1003.1,511,6,1003.2,859,9
317,2025-11-26 11:11:01+05:30,1002.8,174,997.09,4573608,423189.0,485205.0,986.2,1004.2,981.3,986.2,120657750,1084.8,887.6,1102.5,649.1,1002.7,19,2,1002.5,264,2,1002.4,416,8,1002.3,849,9,1002.2,822,9,1002.8,59,1,1002.9,509,8,1003.0,3811,12,1003.1,511,6,1003.2,859,9
317,2025-11-26 11:11:01+05:30,1002.8,174,997.09,4573782,423221.0,485339.0,986.2,1004.2,981.3,986.2,120657750,1084.8,887.6,1102.5,649.1,1002.7,11,1,1002.5,264,2,1002.4,327,7,1002.3,1134,11,1002.2,822,9,1002.8,96,1,1002.9,383,8,1003.0,4004,14,1003.1,541,7,1003.2,859,9
317,2025-11-26 11:11:02+05:30,1002.8,174,997.09,4573782,423221.0,485362.0,986.2,1004.2,981.3,986.2,120657750,1084.8,887.6,1102.5,649.1,1002.7,11,1,1002.5,264,2,1002.4,327,7,1002.3,1134,11,1002.2,822,9,1002.8,96,1,1002.9,383,8,1003.0,4004,14,1003.1,541,7,1003.2,885,11
317,2025-11-26 11:11:03+05:30,1002.8,174,997.09,4573782,423026.0,485420.0,986.2,1004.2,981.3,986.2,120657750,1084.8,887.6,1102.5,649.1,1002.7,12,2,1002.5,264,2,1002.4,327,7,1002.3,938,10,1002.2,822,9,1002.8,96,1,1002.9,568,10,1003.0,4050,15,1003.1,541,7,1003.2,796,10
317,2025-11-26 11:11:04+05:30,1002.8,185,997.09,4574097,423180.0,485489.0,986.2,1004.2,981.3,986.2,120657750,1084.8,887.6,1102.5,649.1,1002.7,12,2,1002.5,264,2,1002.4,455,7,1002.3,1134,11,1002.2,822,9,1002.8,96,1,1002.9,383,8,1003.0,4001,14,1003.1,551,6,1003.2,721,7
317,2025-11-26 11:11:04+05:30,1002.8,185,997.09,4574097,423180.0,485489.0,986.2,1004.2,981.3,986.2,120657750,1084.8,887.6,1102.5,649.1,1002.7,12,2,1002.5,264,2,1002.4,455,7,1002.3,1134,11,1002.2,822,9,1002.8,96,1,1002.9,383,8,1003.0,4001,14,1003.1,551,6,1003.2,721,7
317,2025-11-26 11:11:05+05:30,1002.8,185,997.09,4574097,423180.0,484992.0,986.2,1004.2,981.3,986.2,120657750,1084.8,887.6,1102.5,649.1,1002.7,12,2,1002.5,264,2,1002.4,477,8,1002.3,1134,11,1002.2,822,9,1002.8,96,1,1002.9,383,8,1003.0,4001,14,1003.1,576,7,1003.2,747,9
317,2025-11-26 11:11:05+05:30,1002.7,2,997.09,4574097,423180.0,484992.0,986.2,1004.2,981.3,986.2,120657750,1084.8,887.6,1102.5,649.1,1002.7,12,2,1002.5,264,2,1002.4,477,8,1002.3,1134,11,1002.2,822,9,1002.8,96,1,1002.9,383,8,1003.0,4001,14,1003.1,576,7,1003.2,747,9
317,2025-11-26 11:11:06+05:30,1002.7,2,997.09,4574111,421661.0,486541.0,986.2,1004.2,981.3,986.2,120657750,1084.8,887.6,1102.5,649.1,1002.4,134,4,1002.3,859,10,1002.2,911,10,1002.1,997,19,1002.0,2093,19,1002.7,82,1,1002.9,1082,9,1003.0,3905,14,1003.1,698,9,1003.2,1341,10
317,2025-11-26 11:11:07+05:30,1002.7,2,997.09,4574111,421738.0,486560.0,986.2,1004.2,981.3,986.2,120657750,1084.8,887.6,1102.5,649.1,1002.4,134,4,1002.3,905,9,1002.2,1000,11,1002.1,997,19,1002.0,1870,19,1002.7,82,1,1002.9,1082,9,1003.0,3928,16,1003.1,671,7,1003.2,1363,11
317,2025-11-26 11:11:08+05:30,1002.7,1,997.09,4574112,421434.0,486027.0,986.2,1004.2,981.3,986.2,120657750,1084.8,887.6,1102.5,649.1,1002.4,42,1,1002.3,116,2,1002.2,1065,9,1002.1,895,11,1002.0,1925,25,1002.7,160,3,1002.8,581,6,1002.9,1694,20,1003.0,3928,15,1003.1,582,6
317,2025-11-26 11:11:08+05:30,1002.7,1,997.09,4574112,421434.0,486027.0,986.2,1004.2,981.3,986.2,120657750,1084.8,887.6,1102.5,649.1,1002.4,42,1,1002.3,116,2,1002.2,1065,9,1002.1,895,11,1002.0,1925,25,1002.7,160,3,1002.8,581,6,1002.9,1694,20,1003.0,3928,15,1003.1,582,6
317,2025-11-26 11:11:09+05:30,1002.8,126,997.1,4576547,422956.0,484737.0,986.2,1004.2,981.3,986.2,120657750,1084.8,887.6,1102.5,649.1,1002.8,1565,1,1002.7,19,1,1002.4,342,3,1002.3,373,3,1002.2,1271,15,1002.9,471,8,1003.0,3674,13,1003.1,547,6,1003.2,699,8,1003.3,598,14
317,2025-11-26 11:11:09+05:30,1002.8,1,997.1,4576547,422956.0,484737.0,986.2,1004.2,981.3,986.2,120657750,1084.8,887.6,1102.5,649.1,1002.8,1565,1,1002.7,19,1,1002.4,342,3,1002.3,373,3,1002.2,1271,15,1002.9,471,8,1003.0,3674,13,1003.1,547,6,1003.2,699,8,1003.3,598,14
317,2025-11-26 11:11:10+05:30,1002.9,12,997.1,4577484,424013.0,483113.0,986.2,1004.2,981.3,986.2,120657750,1084.8,887.6,1102.5,649.1,1002.8,1597,2,1002.7,49,2,1002.4,416,5,1002.3,604,7,1002.2,1853,12,1002.9,39,6,1003.0,2986,9,1003.1,567,6,1003.2,680,8,1003.3,689,8
317,2025-11-26 11:11:10+05:30,1002.8,953,997.1,4577484,424013.0,483113.0,986.2,1004.2,981.3,986.2,120657750,1084.8,887.6,1102.5,649.1,1002.8,1597,2,1002.7,49,2,1002.4,416,5,1002.3,604,7,1002.2,1853,12,1002.9,39,6,1003.0,2986,9,1003.1,567,6,1003.2,680,8,1003.3,689,8
317,2025-11-26 11:11:11+05:30,1002.9,68,997.1,4578622,424572.0,484477.0,986.2,1004.2,981.3,986.2,120657750,1084.8,887.6,1102.5,649.1,1002.8,736,3,1002.7,30,1,1002.4,416,5,1002.3,1179,14,1002.2,1050,10,1002.9,571,6,1003.0,2986,9,1003.1,572,6,1003.2,680,8,1003.3,689,8
317,2025-11-26 11:11:11+05:30,1002.9,68,997.1,4578622,424572.0,484477.0,986.2,1004.2,981.3,986.2,120657750,1084.8,887.6,1102.5,649.1,1002.8,736,3,1002.7,30,1,1002.4,416,5,1002.3,1179,14,1002.2,1050,10,1002.9,571,6,1003.0,2986,9,1003.1,572,6,1003.2,680,8,1003.3,689,8
317,2025-11-26 11:11:12+05:30,1002.8,1,997.1,4578908,424786.0,484136.0,986.2,1004.2,981.3,986.2,120657750,1084.8,887.6,1102.5,649.1,1002.8,751,4,1002.7,30,1,1002.6,146,2,1002.5,357,3,1002.4,541,5,1002.9,500,6,1003.0,2918,8,1003.1,349,3,1003.2,551,7,1003.3,1204,9
317,2025-11-26 11:11:12+05:30,1002.8,30,997.1,4578908,424786.0,484136.0,986.2,1004.2,981.3,986.2,120657750,1084.8,887.6,1102.5,649.1,1002.8,751,4,1002.7,30,1,1002.6,146,2,1002.5,357,3,1002.4,541,5,1002.9,500,6,1003.0,2918,8,1003.1,349,3,1003.2,551,7,1003.3,1204,9
317,2025-11-26 11:11:13+05:30,1002.8,30,997.1,4578938,424900.0,484798.0,986.2,1004.2,981.3,986.2,120657750,1084.8,887.6,1102.5,649.1,1002.8,721,4,1002.7,30,1,1002.5,357,3,1002.4,728,7,1002.3,866,17,1002.9,752,7,1003.0,3036,10,1003.1,560,6,1003.2,681,8,1003.3,1204,9
317,2025-11-26 11:11:14+05:30,1002.9,184,997.1,4579122,424909.0,484426.0,986.2,1004.2,981.3,986.2,120657750,1084.8,887.6,1102.5,649.1,1002.8,734,5,1002.7,45,2,1002.5,357,3,1002.4,644,6,1002.3,950,18,1002.9,763,9,1003.0,3036,10,1003.1,560,6,1003.2,681,8,1003.3,689,8
317,2025-11-26 11:11:14+05:30,1002.9,10,997.1,4579122,424909.0,484426.0,986.2,1004.2,981.3,986.2,120657750,1084.8,887.6,1102.5,649.1,1002.8,734,5,1002.7,45,2,1002.5,357,3,1002.4,644,6,1002.3,950,18,1002.9,763,9,1003.0,3036,10,1003.1,560,6,1003.2,681,8,1003.3,689,8
317,2025-11-26 11:11:15+05:30,1002.9,3,997.1,4579238,424778.0,484818.0,986.2,1004.2,981.3,986.2,120657750,1084.8,887.6,1102.5,649.1,1002.8,733,5,1002.7,45,2,1002.5,279,2,1002.4,514,5,1002.3,1028,19,1002.9,956,8,1003.0,3166,11,1003.1,560,6,1003.2,681,8,1003.3,689,8
317,2025-11-26 11:11:15+05:30,1002.9,3,997.1,4579238,424778.0,484818.0,986.2,1004.2,981.3,986.2,120657750,1084.8,887.6,1102.5,649.1,1002.8,733,5,1002.7,45,2,1002.5,279,2,1002.4,514,5,1002.3,1028,19,1002.9,956,8,1003.0,3166,11,1003.1,560,6,1003.2,681,8,1003.3,689,8
317,2025-11-26 11:11:16+05:30,1002.9,3,997.1,4579241,424767.0,484413.0,986.2,1004.2,981.3,986.2,120657750,1084.8,887.6,1102.5,649.1,1002.8,733,5,1002.7,45,2,1002.5,279,2,1002.4,582,6,1002.3,944,18,1002.9,1001,8,1003.0,2187,8,1003.1,511,5,1003.2,681,8,1003.3,1219,9
317,2025-11-26 11:11:16+05:30,1002.9,3,997.1,4579241,424767.0,484413.0,986.2,1004.2,981.3,986.2,120657750,1084.8,887.6,1102.5,649.1,1002.8,733,5,1002.7,45,2,1002.5,279,2,1002.4,582,6,1002.3,944,18,1002.9,1001,8,1003.0,2187,8,1003.1,511,5,1003.2,681,8,1003.3,1219,9
317,2025-11-26 11:11:17+05:30,1002.9,10,997.1,4579251,424869.0,484317.0,986.2,1004.2,981.3,986.2,120657750,1084.8,887.6,1102.5,649.1,1002.8,734,6,1002.7,45,2,1002.5,279,2,1002.4,609,7,1002.3,944,18,1002.9,991,8,1003.0,2254,9,1003.1,560,6,1003.2,681,8,1003.3,1219,9
317,2025-11-26 11:11:17+05:30,1002.9,10,997.1,4579251,424869.0,484317.0,986.2,1004.2,981.3,986.2,120657750,1084.8,887.6,1102.5,649.1,1002.8,734,6,1002.7,45,2,1002.5,279,2,1002.4,609,7,1002.3,944,18,1002.9,991,8,1003.0,2254,9,1003.1,560,6,1003.2,681,8,1003.3,1219,9
317,2025-11-26 11:11:18+05:30,1002.9,10,997.1,4579251,424867.0,484356.0,986.2,1004.2,981.3,986.2,120657750,1084.8,887.6,1102.5,649.1,1002.8,734,6,1002.7,45,2,1002.5,279,2,1002.4,609,7,1002.3,944,18,1002.9,1030,9,1003.0,2338,10,1003.1,476,5,1003.2,681,8,1003.3,1219,9
317,2025-11-26 11:11:19+05:30,1002.9,186,997.1,4579437,424869.0,484172.0,986.2,1004.2,981.3,986.2,120657750,1084.8,887.6,1102.5,649.1,1002.8,734,6,1002.7,45,2,1002.5,279,2,1002.4,609,7,1002.3,944,18,1002.9,844,9,1003.0,2254,9,1003.1,560,6,1003.2,681,8,1003.3,1219,9
317,2025-11-26 11:11:19+05:30,1002.9,186,997.1,4579437,424869.0,484172.0,986.2,1004.2,981.3,986.2,120657750,1084.8,887.6,1102.5,649.1,1002.8,734,6,1002.7,45,2,1002.5,279,2,1002.4,609,7,1002.3,944,18,1002.9,844,9,1003.0,2254,9,1003.1,560,6,1003.2,681,8,1003.3,1219,9
317,2025-11-26 11:11:20+05:30,1002.9,1,997.1,4579438,424888.0,484495.0,986.2,1004.2,981.3,986.2,120657750,1084.8,887.6,1102.5,649.1,1002.8,733,5,1002.7,65,3,1002.5,279,2,1002.4,609,7,1002.3,944,18,1002.9,988,11,1003.0,2517,12,1003.1,476,5,1003.2,681,8,1003.3,1219,9
317,2025-11-26 11:11:20+05:30,1002.8,96,997.1,4579438,424888.0,484495.0,986.2,1004.2,981.3,986.2,120657750,1084.8,887.6,1102.5,649.1,1002.8,733,5,1002.7,65,3,1002.5,279,2,1002.4,609,7,1002.3,944,18,1002.9,988,11,1003.0,2517,12,1003.1,476,5,1003.2,681,8,1003.3,1219,9
317,2025-11-26 11:11:21+05:30,1002.8,96,997.1,4580396,422693.0,484819.0,986.2,1004.2,981.3,986.2,120657750,1084.8,887.6,1102.5,649.1,1002.8,11,1,1002.7,35,2,1002.4,574,6,1002.3,1062,16,1002.2,1115,12,1002.9,918,9,1003.0,2797,14,1003.1,390,4,1003.2,681,8,1003.3,1265,9
317,2025-11-26 11:11:22+05:30,1002.9,1,997.1,4580396,422693.0,484819.0,986.2,1004.2,981.3,986.2,120657750,1084.8,887.6,1102.5,649.1,1002.8,11,1,1002.7,35,2,1002.4,574,6,1002.3,1062,16,1002.2,1115,12,1002.9,918,9,1003.0,2797,14,1003.1,390,4,1003.2,681,8,1003.3,1265,9
317,2025-11-26 11:11:22+05:30,1002.9,1,997.1,4580397,418502.0,485041.0,986.2,1004.2,981.3,986.2,120657750,1084.8,887.6,1102.5,649.1,1002.8,11,1,1002.7,35,2,1002.4,378,5,1002.3,645,10,1002.2,1179,16,1002.9,1375,14,1003.0,2629,12,1003.1,480,7,1003.2,681,8,1003.3,528,7
317,2025-11-26 11:11:23+05:30,1002.9,1,997.1,4580397,418178.0,485072.0,986.2,1004.2,981.3,986.2,120657750,1084.8,887.6,1102.5,649.1,1002.8,11,1,1002.7,35,2,1002.4,378,5,1002.3,645,10,1002.2,844,15,1002.9,1375,14,1003.0,2713,14,1003.1,480,7,1003.2,681,8,1003.3,528,7
317,2025-11-26 11:11:24+05:30,1002.9,184,997.1,4580397,418178.0,485072.0,986.2,1004.2,981.3,986.2,120657750,1084.8,887.6,1102.5,649.1,1002.8,11,1,1002.7,35,2,1002.4,378,5,1002.3,645,10,1002.2,844,15,1002.9,1375,14,1003.0,2713,14,1003.1,480,7,1003.2,681,8,1003.3,528,7
317,2025-11-26 11:11:24+05:30,1002.9,184,997.1,4580581,418570.0,485014.0,986.2,1004.2,981.3,986.2,120657750,1084.8,887.6,1102.5,649.1,1002.8,11,1,1002.7,35,2,1002.4,378,5,1002.3,841,11,1002.2,844,15,1002.9,1317,15,1003.0,2713,14,1003.1,480,7,1003.2,681,8,1003.3,528,7
317,2025-11-26 11:11:25+05:30,1002.9,1,997.1,4580581,418570.0,485014.0,986.2,1004.2,981.3,986.2,120657750,1084.8,887.6,1102.5,649.1,1002.8,11,1,1002.7,35,2,1002.4,378,5,1002.3,841,11,1002.2,844,15,1002.9,1317,15,1003.0,2713,14,1003.1,480,7,1003.2,681,8,1003.3,528,7
317,2025-11-26 11:11:25+05:30,1002.9,1,997.1,4580582,418570.0,485013.0,986.2,1004.2,981.3,986.2,120657750,1084.8,887.6,1102.5,649.1,1002.8,11,1,1002.7,35,2,1002.4,378,5,1002.3,841,11,1002.2,844,15,1002.9,1316,15,1003.0,2713,14,1003.1,480,7,1003.2,681,8,1003.3,528,7
317,2025-11-26 11:11:26+05:30,1002.9,1,997.1,4580582,418580.0,485013.0,986.2,1004.2,981.3,986.2,120657750,1084.8,887.6,1102.5,649.1,1002.8,11,1,1002.7,35,2,1002.4,378,5,1002.3,841,11,1002.2,844,15,1002.9,1316,15,1003.0,2713,14,1003.1,480,7,1003.2,681,8,1003.3,528,7
317,2025-11-26 11:11:27+05:30,1002.9,5,997.1,4580582,418580.0,485013.0,986.2,1004.2,981.3,986.2,120657750,1084.8,887.6,1102.5,649.1,1002.8,11,1,1002.7,35,2,1002.4,378,5,1002.3,841,11,1002.2,844,15,1002.9,1316,15,1003.0,2713,14,1003.1,480,7,1003.2,681,8,1003.3,528,7
317,2025-11-26 11:11:27+05:30,1002.9,91,997.1,4580737,418337.0,484793.0,986.2,1004.2,981.3,986.2,120657750,1084.8,887.6,1102.5,649.1,1002.8,11,1,1002.7,35,2,1002.4,378,5,1002.3,841,11,1002.2,844,15,1002.9,1161,14,1003.0,2713,14,1003.1,480,7,1003.2,681,8,1003.3,528,7
317,2025-11-26 11:11:28+05:30,1002.9,91,997.1,4580737,418337.0,484793.0,986.2,1004.2,981.3,986.2,120657750,1084.8,887.6,1102.5,649.1,1002.8,11,1,1002.7,35,2,1002.4,378,5,1002.3,841,11,1002.2,844,15,1002.9,1161,14,1003.0,2713,14,1003.1,480,7,1003.2,681,8,1003.3,528,7
317,2025-11-26 11:11:28+05:30,1002.9,91,997.1,4580737,422085.0,484793.0,986.2,1004.2,981.3,986.2,120657750,1084.8,887.6,1102.5,649.1,1002.8,11,1,1002.7,35,2,1002.4,378,5,1002.3,841,11,1002.2,844,15,1002.9,1112,13,1003.0,2713,14,1003.1,480,7,1003.2,681,8,1003.3,528,7
317,2025-11-26 11:11:29+05:30,1002.9,185,997.1,4580737,422085.0,484793.0,986.2,1004.2,981.3,986.2,120657750,1084.8,887.6,1102.5,649.1,1002.8,11,1,1002.7,35,2,1002.4,378,5,1002.3,841,11,1002.2,844,15,1002.9,1112,13,1003.0,2713,14,1003.1,480,7,1003.2,681,8,1003.3,528,7
317,2025-11-26 11:11:29+05:30,1002.9,185,997.1,4581043,422066.0,484086.0,986.2,1004.2,981.3,986.2,120657750,1084.8,887.6,1102.5,649.1,1002.8,11,1,1002.7,40,3,1002.4,378,5,1002.3,841,11,1002.2,844,15,1002.9,585,9,1003.0,2640,14,1003.1,480,7,1003.2,931,9,1003.3,528,7
317,2025-11-26 11:11:30+05:30,1002.8,7,997.1,4581043,422066.0,484086.0,986.2,1004.2,981.3,986.2,120657750,1084.8,887.6,1102.5,649.1,1002.8,11,1,1002.7,40,3,1002.4,378,5,1002.3,841,11,1002.2,844,15,1002.9,585,9,1003.0,2640,14,1003.1,480,7,1003.2,931,9,1003.3,528,7
317,2025-11-26 11:11:30+05:30,1002.8,7,997.1,4581614,422932.0,483502.0,986.2,1004.2,981.3,986.2,120657750,1084.8,887.6,1102.5,649.1,1002.7,21,2,1002.6,122,1,1002.5,83,1,1002.4,765,9,1002.3,841,11,1002.8,89,1,1002.9,115,2,1003.0,2649,14,1003.1,529,7,1003.2,840,7
317,2025-11-26 11:11:31+05:30,1002.7,8,997.1,4581614,422932.0,483502.0,986.2,1004.2,981.3,986.2,120657750,1084.8,887.6,1102.5,649.1,1002.7,21,2,1002.6,122,1,1002.5,83,1,1002.4,765,9,1002.3,841,11,1002.8,89,1,1002.9,115,2,1003.0,2649,14,1003.1,529,7,1003.2,840,7
317,2025-11-26 11:11:31+05:30,1002.7,8,997.1,4581622,423079.0,484127.0,986.2,1004.2,981.3,986.2,120657750,1084.8,887.6,1102.5,649.1,1002.7,19,3,1002.5,330,2,1002.4,765,9,1002.3,841,11,1002.2,844,15,1002.8,89,1,1002.9,486,5,1003.0,2838,16,1003.1,529,7,1003.2,840,7
317,2025-11-26 11:11:32+05:30,1002.7,8,997.1,4581622,423079.0,484132.0,986.2,1004.2,981.3,986.2,120657750,1084.8,887.6,1102.5,649.1,1002.7,19,3,1002.5,330,2,1002.4,765,9,1002.3,841,11,1002.2,844,15,1002.8,89,1,1002.9,486,5,1003.0,2843,17,1003.1,529,7,1003.2,840,7
317,2025-11-26 11:11:33+05:30,1002.7,1,997.1,4581623,423078.0,483790.0,986.2,1004.2,981.3,986.2,120657750,1084.8,887.6,1102.5,649.1,1002.7,18,3,1002.5,330,2,1002.4,765,9,1002.3,841,11,1002.2,844,15,1002.8,89,1,1002.9,486,5,1003.0,2501,17,1003.1,529,7,1003.2,840,7
317,2025-11-26 11:11:33+05:30,1002.7,1,997.1,4581623,423078.0,483790.0,986.2,1004.2,981.3,986.2,120657750,1084.8,887.6,1102.5,649.1,1002.7,18,3,1002.5,330,2,1002.4,765,9,1002.3,841,11,1002.2,844,15,1002.8,89,1,1002.9,486,5,1003.0,2501,17,1003.1,529,7,1003.2,840,7
317,2025-11-26 11:11:34+05:30,1002.8,42,997.1,4581920,423196.0,484364.0,986.2,1004.2,981.3,986.2,120657750,1084.8,887.6,1102.5,649.1,1002.7,18,3,1002.5,247,1,1002.4,765,9,1002.3,867,13,1002.2,916,14,1002.8,124,2,1002.9,642,8,1003.0,2433,15,1003.1,615,9,1003.2,946,8
317,2025-11-26 11:11:34+05:30,1002.8,42,997.1,4581920,423196.0,484364.0,986.2,1004.2,981.3,986.2,120657750,1084.8,887.6,1102.5,649.1,1002.7,18,3,1002.5,247,1,1002.4,765,9,1002.3,867,13,1002.2,916,14,1002.8,124,2,1002.9,642,8,1003.0,2433,15,1003.1,615,9,1003.2,946,8
317,2025-11-26 11:11:35+05:30,1002.7,6,997.1,4581938,421496.0,485215.0,986.2,1004.2,981.3,986.2,120657750,1084.8,887.6,1102.5,649.1,1002.5,247,1,1002.4,593,6,1002.3,596,9,1002.2,848,13,1002.1,717,9,1002.7,80,1,1002.8,33,2,1002.9,1134,8,1003.0,2538,16,1003.1,684,10
317,2025-11-26 11:11:35+05:30,1002.7,6,997.1,4581938,421496.0,485215.0,986.2,1004.2,981.3,986.2,120657750,1084.8,887.6,1102.5,649.1,1002.5,247,1,1002.4,593,6,1002.3,596,9,1002.2,848,13,1002.1,717,9,1002.7,80,1,1002.8,33,2,1002.9,1134,8,1003.0,2538,16,1003.1,684,10
317,2025-11-26 11:11:36+05:30,1002.7,114,997.1,4582064,419824.0,486148.0,986.2,1004.2,981.3,986.2,120657750,1084.8,887.6,1102.5,649.1,1002.5,69,1,1002.4,143,2,1002.3,398,6,1002.2,696,7,1002.1,822,16,1002.7,96,1,1002.8,369,5,1002.9,1146,11,1003.0,2247,14,1003.1,688,10
317,2025-11-26 11:11:36+05:30,1002.7,114,997.1,4582064,419824.0,486148.0,986.2,1004.2,981.3,986.2,120657750,1084.8,887.6,1102.5,649.1,1002.5,69,1,1002.4,143,2,1002.3,398,6,1002.2,696,7,1002.1,822,16,1002.7,96,1,1002.8,369,5,1002.9,1146,11,1003.0,2247,14,1003.1,688,10
317,2025-11-26 11:11:37+05:30,1002.5,20,997.1,4582084,420740.0,485921.0,986.2,1004.2,981.3,986.2,120657750,1084.8,887.6,1102.5,649.1,1002.5,49,1,1002.4,143,2,1002.3,547,7,1002.2,791,10,1002.1,796,14,1002.7,96,1,1002.8,300,4,1002.9,1215,12,1003.0,2120,13,1003.1,688,10
317,2025-11-26 11:11:37+05:30,1002.5,20,997.1,4582084,420740.0,485921.0,986.2,1004.2,981.3,986.2,120657750,1084.8,887.6,1102.5,649.1,1002.5,49,1,1002.4,143,2,1002.3,547,7,1002.2,791,10,1002.1,796,14,1002.7,96,1,1002.8,300,4,1002.9,1215,12,1003.0,2120,13,1003.1,688,10
317,2025-11-26 11:11:38+05:30,1002.5,20,997.1,4582084,420720.0,485883.0,986.2,1004.2,981.3,986.2,120657750,1084.8,887.6,1102.5,649.1,1002.5,49,1,1002.4,143,2,1002.3,517,6,1002.2,791,10,1002.1,796,14,1002.7,96,1,1002.8,300,4,1002.9,1215,12,1003.0,2120,13,1003.1,688,10
317,2025-11-26 11:11:39+05:30,1002.7,185,997.1,4582269,420511.0,485641.0,986.2,1004.2,981.3,986.2,120657750,1084.8,887.6,1102.5,649.1,1002.4,143,2,1002.3,424,7,1002.2,737,9,1002.1,865,15,1002.0,1781,18,1002.7,96,1,1002.8,235,3,1002.9,1150,11,1003.0,2118,13,1003.1,688,10
317,2025-11-26 11:11:39+05:30,1002.7,185,997.1,4582269,420511.0,485641.0,986.2,1004.2,981.3,986.2,120657750,1084.8,887.6,1102.5,649.1,1002.4,143,2,1002.3,424,7,1002.2,737,9,1002.1,865,15,1002.0,1781,18,1002.7,96,1,1002.8,235,3,1002.9,1150,11,1003.0,2118,13,1003.1,688,10
317,2025-11-26 11:11:40+05:30,1002.7,185,997.1,4582269,419652.0,487895.0,986.2,1004.2,981.3,986.2,120657750,1084.8,887.6,1102.5,649.1,1002.3,197,2,1002.2,358,3,1002.1,1249,16,1002.0,1415,16,1001.9,979,11,1002.4,96,1,1002.5,96,1,1002.7,202,1,1002.8,1000,8,1002.9,1314,19
317,2025-11-26 11:11:41+05:30,1002.4,2,997.1,4582288,419814.0,487277.0,986.2,1004.2,981.3,986.2,120657750,1084.8,887.6,1102.5,649.1,1002.3,12,1,1002.2,358,3,1002.1,754,14,1002.0,1452,18,1001.9,1175,12,1002.4,78,1,1002.5,96,1,1002.7,202,1,1002.8,1196,9,1002.9,1087,18
317,2025-11-26 11:11:41+05:30,1002.4,2,997.1,4582288,419814.0,487277.0,986.2,1004.2,981.3,986.2,120657750,1084.8,887.6,1102.5,649.1,1002.3,12,1,1002.2,358,3,1002.1,754,14,1002.0,1452,18,1001.9,1175,12,1002.4,78,1,1002.5,96,1,1002.7,202,1,1002.8,1196,9,1002.9,1087,18
317,2025-11-26 11:11:42+05:30,1002.5,188,997.1,4582288,419814.0,487277.0,986.2,1004.2,981.3,986.2,120657750,1084.8,887.6,1102.5,649.1,1002.3,12,1,1002.2,358,3,1002.1,754,14,1002.0,1452,18,1001.9,1175,12,1002.4,78,1,1002.5,96,1,1002.7,202,1,1002.8,1196,9,1002.9,1087,18
317,2025-11-26 11:11:42+05:30,1002.5,188,997.1,4583038,419820.0,485777.0,986.2,1004.2,981.3,986.2,120657750,1084.8,887.6,1102.5,649.1,1002.3,13,2,1002.2,421,4,1002.1,1230,15,1002.0,1433,18,1001.9,1258,13,1002.5,96,1,1002.8,242,5,1002.9,1430,10,1003.0,1676,12,1003.1,661,7
317,2025-11-26 11:11:43+05:30,1002.5,188,997.1,4583038,420007.0,486357.0,986.2,1004.2,981.3,986.2,120657750,1084.8,887.6,1102.5,649.1,1002.3,14,3,1002.2,421,4,1002.1,1178,11,1002.0,1512,23,1001.9,1454,14,1002.5,96,1,1002.6,43,1,1002.7,327,3,1002.8,404,6,1002.9,1463,13
317,2025-11-26 11:11:44+05:30,1002.5,2,997.1,4583038,420007.0,486357.0,986.2,1004.2,981.3,986.2,120657750,1084.8,887.6,1102.5,649.1,1002.3,14,3,1002.2,421,4,1002.1,1178,11,1002.0,1512,23,1001.9,1454,14,1002.5,96,1,1002.6,43,1,1002.7,327,3,1002.8,404,6,1002.9,1463,13
317,2025-11-26 11:11:44+05:30,1002.5,2,997.11,4583224,420032.0,486650.0,986.2,1004.2,981.3,986.2,120657750,1084.8,887.6,1102.5,649.1,1002.3,261,5,1002.2,358,3,1002.1,1115,10,1002.0,1575,24,1001.9,1258,13,1002.5,94,1,1002.6,43,1,1002.7,263,2,1002.8,209,5,1002.9,1456,12
317,2025-11-26 11:11:45+05:30,1002.3,123,997.11,4583224,420032.0,486650.0,986.2,1004.2,981.3,986.2,120657750,1084.8,887.6,1102.5,649.1,1002.3,261,5,1002.2,358,3,1002.1,1115,10,1002.0,1575,24,1001.9,1258,13,1002.5,94,1,1002.6,43,1,1002.7,263,2,1002.8,209,5,1002.9,1456,12
317,2025-11-26 11:11:45+05:30,1002.3,123,997.11,4583708,420561.0,485646.0,986.2,1004.2,981.3,986.2,120657750,1084.8,887.6,1102.5,649.1,1002.3,210,3,1002.2,924,12,1002.1,1096,10,1002.0,1769,25,1001.9,1204,13,1002.6,43,1,1002.7,61,1,1002.8,238,4,1002.9,1333,10,1003.0,1829,18
317,2025-11-26 11:11:46+05:30,1002.6,76,997.11,4583708,420561.0,485646.0,986.2,1004.2,981.3,986.2,120657750,1084.8,887.6,1102.5,649.1,1002.3,210,3,1002.2,924,12,1002.1,1096,10,1002.0,1769,25,1001.9,1204,13,1002.6,43,1,1002.7,61,1,1002.8,238,4,1002.9,1333,10,1003.0,1829,18
317,2025-11-26 11:11:46+05:30,1002.6,76,997.11,4583784,419912.0,485099.0,986.2,1004.2,981.3,986.2,120657750,1084.8,887.6,1102.5,649.1,1002.3,311,5,1002.2,924,12,1002.1,1096,10,1002.0,1769,25,1001.9,1204,13,1002.7,61,1,1002.8,608,3,1002.9,824,11,1003.0,1829,18,1003.1,704,8
317,2025-11-26 11:11:47+05:30,1002.6,76,997.11,4583784,420130.0,485100.0,986.2,1004.2,981.3,986.2,120657750,1084.8,887.6,1102.5,649.1,1002.3,504,7,1002.2,924,12,1002.1,1096,10,1002.0,1769,25,1001.9,1204,13,1002.7,61,1,1002.8,608,3,1002.9,825,12,1003.0,1829,18,1003.1,704,8
317,2025-11-26 11:11:48+05:30,1002.6,76,997.11,4583784,421249.0,485059.0,986.2,1004.2,981.3,986.2,120657750,1084.8,887.6,1102.5,649.1,1002.3,1185,12,1002.2,1035,13,1002.1,637,11,1002.0,1743,23,1001.9,1204,13,1002.7,61,1,1002.8,28,1,1002.9,644,7,1003.0,1547,11,1003.1,1306,10
317,2025-11-26 11:11:49+05:30,1002.7,43,997.11,4583784,421249.0,485059.0,986.2,1004.2,981.3,986.2,120657750,1084.8,887.6,1102.5,649.1,1002.3,1185,12,1002.2,1035,13,1002.1,637,11,1002.0,1743,23,1001.9,1204,13,1002.7,61,1,1002.8,28,1,1002.9,644,7,1003.0,1547,11,1003.1,1306,10
317,2025-11-26 11:11:49+05:30,1002.7,43,997.11,4584139,421640.0,483599.0,986.2,1004.2,981.3,986.2,120657750,1084.8,887.6,1102.5,649.1,1002.5,30,2,1002.4,247,4,1002.3,1259,11,1002.2,725,9,1002.1,636,11,1002.7,61,1,1002.8,28,1,1002.9,537,6,1003.0,1439,10,1003.1,590,8
317,2025-11-26 11:11:50+05:30,1002.7,1,997.11,4584139,421640.0,483599.0,986.2,1004.2,981.3,986.2,120657750,1084.8,887.6,1102.5,649.1,1002.5,30,2,1002.4,247,4,1002.3,1259,11,1002.2,725,9,1002.1,636,11,1002.7,61,1,1002.8,28,1,1002.9,537,6,1003.0,1439,10,1003.1,590,8
317,2025-11-26 11:11:50+05:30,1002.7,1,997.11,4584140,422351.0,483766.0,986.2,1004.2,981.3,986.2,120657750,1084.8,887.6,1102.5,649.1,1002.5,5,1,1002.4,373,6,1002.3,1063,10,1002.2,725,9,1002.1,636,11,1002.6,96,1,1002.7,60,1,1002.8,28,1,1002.9,1023,7,1003.0,1577,14
317,2025-11-26 11:11:51+05:30,1002.7,1,997.11,4584140,421924.0,483542.0,986.2,1004.2,981.3,986.2,120657750,1084.8,887.6,1102.5,649.1,1002.5,8,2,1002.4,101,2,1002.3,984,8,1002.2,785,10,1002.1,636,11,1002.6,96,1,1002.7,105,2,1002.8,33,2,1002.9,1103,7,1003.0,1577,14
317,2025-11-26 11:11:52+05:30,1002.7,1,997.11,4584140,421968.0,483522.0,986.2,1004.2,981.3,986.2,120657750,1084.8,887.6,1102.5,649.1,1002.5,8,2,1002.4,101,2,1002.3,984,8,1002.2,785,10,1002.1,636,11,1002.6,96,1,1002.7,142,3,1002.8,211,3,1002.9,1082,6,1003.0,1577,14
317,2025-11-26 11:11:53+05:30,1002.7,1,997.11,4584140,421946.0,483506.0,986.2,1004.2,981.3,986.2,120657750,1084.8,887.6,1102.5,649.1,1002.5,8,2,1002.4,101,2,1002.3,984,8,1002.2,785,10,1002.1,638,12,1002.6,96,1,1002.7,142,3,1002.8,211,3,1002.9,1085,7,1003.0,1577,14
317,2025-11-26 11:11:54+05:30,1002.6,112,997.11,4584140,421946.0,483506.0,986.2,1004.2,981.3,986.2,120657750,1084.8,887.6,1102.5,649.1,1002.5,8,2,1002.4,101,2,1002.3,984,8,1002.2,785,10,1002.1,638,12,1002.6,96,1,1002.7,142,3,1002.8,211,3,1002.9,1085,7,1003.0,1577,14
317,2025-11-26 11:11:54+05:30,1002.4,10,997.11,4584487,421906.0,483922.0,986.2,1004.2,981.3,986.2,120657750,1084.8,887.6,1102.5,649.1,1002.4,91,2,1002.3,866,6,1002.2,785,10,1002.1,698,13,1002.0,1965,26,1002.6,96,1,1002.7,142,3,1002.8,267,4,1002.9,1134,8,1003.0,1577,14
317,2025-11-26 11:11:55+05:30,1002.6,16,997.11,4584487,421906.0,483922.0,986.2,1004.2,981.3,986.2,120657750,1084.8,887.6,1102.5,649.1,1002.4,91,2,1002.3,866,6,1002.2,785,10,1002.1,698,13,1002.0,1965,26,1002.6,96,1,1002.7,142,3,1002.8,267,4,1002.9,1134,8,1003.0,1577,14
317,2025-11-26 11:11:55+05:30,1002.5,20,997.11,4584526,422293.0,484685.0,986.2,1004.2,981.3,986.2,120657750,1084.8,887.6,1102.5,649.1,1002.4,345,5,1002.3,675,8,1002.2,785,10,1002.1,1068,13,1002.0,2015,27,1002.5,57,1,1002.7,144,4,1002.8,33,2,1002.9,758,8,1003.0,1577,14
317,2025-11-26 11:11:56+05:30,1002.5,78,997.11,4584526,422293.0,484685.0,986.2,1004.2,981.3,986.2,120657750,1084.8,887.6,1102.5,649.1,1002.4,345,5,1002.3,675,8,1002.2,785,10,1002.1,1068,13,1002.0,2015,27,1002.5,57,1,1002.7,144,4,1002.8,33,2,1002.9,758,8,1003.0,1577,14
317,2025-11-26 11:11:56+05:30,1002.4,1,997.11,4584605,422346.0,484512.0,986.2,1004.2,981.3,986.2,120657750,1084.8,887.6,1102.5,649.1,1002.4,344,5,1002.3,660,9,1002.2,1259,11,1002.1,663,13,1002.0,2015,27,1002.5,96,1,1002.7,144,4,1002.8,33,2,1002.9,758,8,1003.0,1577,14
317,2025-11-26 11:11:57+05:30,1002.4,1,997.11,4584605,422346.0,484512.0,986.2,1004.2,981.3,986.2,120657750,1084.8,887.6,1102.5,649.1,1002.4,344,5,1002.3,660,9,1002.2,1259,11,1002.1,663,13,1002.0,2015,27,1002.5,96,1,1002.7,144,4,1002.8,33,2,1002.9,758,8,1003.0,1577,14
317,2025-11-26 11:11:57+05:30,1002.4,1,997.11,4584605,422042.0,484538.0,986.2,1004.2,981.3,986.2,120657750,1084.8,887.6,1102.5,649.1,1002.4,100,3,1002.3,408,8,1002.2,1259,11,1002.1,663,13,1002.0,2015,27,1002.5,96,1,1002.7,144,4,1002.8,33,2,1002.9,1319,9,1003.0,1577,14
317,2025-11-26 11:11:58+05:30,1002.4,1,997.11,4584605,421619.0,484352.0,986.2,1004.2,981.3,986.2,120657750,1084.8,887.6,1102.5,649.1,1002.4,100,3,1002.3,171,4,1002.2,1270,11,1002.1,597,10,1002.0,1936,22,1002.5,96,1,1002.7,144,4,1002.8,33,2,1002.9,758,8,1003.0,1650,15
317,2025-11-26 11:11:59+05:30,1002.7,5,997.11,4584605,421619.0,484352.0,986.2,1004.2,981.3,986.2,120657750,1084.8,887.6,1102.5,649.1,1002.4,100,3,1002.3,171,4,1002.2,1270,11,1002.1,597,10,1002.0,1936,22,1002.5,96,1,1002.7,144,4,1002.8,33,2,1002.9,758,8,1003.0,1650,15
317,2025-11-26 11:11:59+05:30,1002.7,5,997.11,4585355,423130.0,482942.0,986.2,1004.2,981.3,986.2,120657750,1084.8,887.6,1102.5,649.1,1002.5,79,2,1002.4,542,8,1002.3,896,10,1002.2,727,9,1002.1,1215,20,1002.7,138,3,1002.8,28,1,1002.9,340,4,1003.0,1439,10,1003.1,590,7
317,2025-11-26 11:12:00+05:30,1002.7,4,997.11,4585355,423130.0,482942.0,986.2,1004.2,981.3,986.2,120657750,1084.8,887.6,1102.5,649.1,1002.5,79,2,1002.4,542,8,1002.3,896,10,1002.2,727,9,1002.1,1215,20,1002.7,138,3,1002.8,28,1,1002.9,340,4,1003.0,1439,10,1003.1,590,7
317,2025-11-26 11:12:00+05:30,1002.6,38,997.11,4586232,422601.0,483141.0,986.2,1004.2,981.3,986.2,120657750,1084.8,887.6,1102.5,649.1,1002.5,41,2,1002.4,602,8,1002.3,972,10,1002.2,783,10,1002.1,763,18,1002.6,58,1,1002.7,144,4,1002.9,338,4,1003.0,1497,11,1003.1,524,7
317,2025-11-26 11:12:01+05:30,1002.7,18,997.11,4586232,422601.0,483141.0,986.2,1004.2,981.3,986.2,120657750,1084.8,887.6,1102.5,649.1,1002.5,41,2,1002.4,602,8,1002.3,972,10,1002.2,783,10,1002.1,763,18,1002.6,58,1,1002.7,144,4,1002.9,338,4,1003.0,1497,11,1003.1,524,7
317,2025-11-26 11:12:01+05:30,1002.7,63,997.11,4587113,423479.0,482800.0,986.2,1004.2,981.3,986.2,120657750,1084.8,887.6,1102.5,649.1,1002.6,11,1,1002.5,15,2,1002.4,614,7,1002.3,998,10,1002.2,924,9,1002.7,171,4,1002.9,366,4,1003.0,1440,11,1003.1,606,7,1003.2,2098,13
317,2025-11-26 11:12:02+05:30,1002.7,63,997.11,4587113,423479.0,482800.0,986.2,1004.2,981.3,986.2,120657750,1084.8,887.6,1102.5,649.1,1002.6,11,1,1002.5,15,2,1002.4,614,7,1002.3,998,10,1002.2,924,9,1002.7,171,4,1002.9,366,4,1003.0,1440,11,1003.1,606,7,1003.2,2098,13
317,2025-11-26 11:12:02+05:30,1002.7,4,997.11,4587117,423089.0,482969.0,986.2,1004.2,981.3,986.2,120657750,1084.8,887.6,1102.5,649.1,1002.6,11,1,1002.5,15,2,1002.4,583,6,1002.3,1005,10,1002.2,729,8,1002.7,295,5,1002.9,422,5,1003.0,1523,13,1003.1,1161,9,1003.2,1348,12
317,2025-11-26 11:12:03+05:30,1002.7,26,997.11,4587117,423089.0,482969.0,986.2,1004.2,981.3,986.2,120657750,1084.8,887.6,1102.5,649.1,1002.6,11,1,1002.5,15,2,1002.4,583,6,1002.3,1005,10,1002.2,729,8,1002.7,295,5,1002.9,422,5,1003.0,1523,13,1003.1,1161,9,1003.2,1348,12
317,2025-11-26 11:12:03+05:30,1002.7,26,997.11,4587665,423122.0,483011.0,986.2,1004.2,981.3,986.2,120657750,1084.8,887.6,1102.5,649.1,1002.5,86,4,1002.4,611,6,1002.3,1034,11,1002.2,673,7,1002.1,1234,20,1002.7,136,3,1002.8,198,1,1002.9,496,6,1003.0,1351,12,1003.1,1130,9
317,2025-11-26 11:12:04+05:30,1002.7,9,997.11,4587665,423122.0,483011.0,986.2,1004.2,981.3,986.2,120657750,1084.8,887.6,1102.5,649.1,1002.5,86,4,1002.4,611,6,1002.3,1034,11,1002.2,673,7,1002.1,1234,20,1002.7,136,3,1002.8,198,1,1002.9,496,6,1003.0,1351,12,1003.1,1130,9
317,2025-11-26 11:12:04+05:30,1002.8,124,997.11,4589426,420845.0,483109.0,986.2,1004.2,981.3,986.2,120657750,1084.8,887.6,1102.5,649.1,1002.5,42,1,1002.4,412,7,1002.3,724,10,1002.2,673,7,1002.1,677,11,1002.8,74,1,1002.9,560,7,1003.0,1294,11,1003.1,1112,8,1003.2,1430,15
317,2025-11-26 11:12:05+05:30,1002.8,124,997.11,4589426,420845.0,483109.0,986.2,1004.2,981.3,986.2,120657750,1084.8,887.6,1102.5,649.1,1002.5,42,1,1002.4,412,7,1002.3,724,10,1002.2,673,7,1002.1,677,11,1002.8,74,1,1002.9,560,7,1003.0,1294,11,1003.1,1112,8,1003.2,1430,15
317,2025-11-26 11:12:05+05:30,1002.8,124,997.11,4589426,422039.0,483333.0,986.2,1004.2,981.3,986.2,120657750,1084.8,887.6,1102.5,649.1,1002.5,55,2,1002.4,443,7,1002.3,724,10,1002.2,673,7,1002.1,782,18,1002.7,3,1,1002.8,78,2,1002.9,1203,8,1003.0,1299,13,1003.1,617,7
317,2025-11-26 11:12:06+05:30,1002.8,124,997.11,4589426,422067.0,483480.0,986.2,1004.2,981.3,986.2,120657750,1084.8,887.6,1102.5,649.1,1002.5,55,2,1002.4,443,7,1002.3,752,11,1002.2,673,7,1002.1,1032,19,1002.7,3,1,1002.8,150,3,1002.9,496,6,1003.0,1299,13,1003.1,1187,8
317,2025-11-26 11:12:07+05:30,1002.8,1,997.11,4589426,422067.0,483480.0,986.2,1004.2,981.3,986.2,120657750,1084.8,887.6,1102.5,649.1,1002.5,55,2,1002.4,443,7,1002.3,752,11,1002.2,673,7,1002.1,1032,19,1002.7,3,1,1002.8,150,3,1002.9,496,6,1003.0,1299,13,1003.1,1187,8
317,2025-11-26 11:12:07+05:30,1002.8,1,997.11,4589437,421413.0,483456.0,986.2,1004.2,981.3,986.2,120657750,1084.8,887.6,1102.5,649.1,1002.5,55,2,1002.4,443,7,1002.3,668,9,1002.2,778,9,1002.1,1032,19,1002.8,142,3,1002.9,511,6,1003.0,1299,13,1003.1,617,7,1003.2,1430,15
317,2025-11-26 11:12:08+05:30,1002.8,1,997.11,4589437,421613.0,483918.0,986.2,1004.2,981.3,986.2,120657750,1084.8,887.6,1102.5,649.1,1002.5,55,2,1002.4,443,7,1002.3,668,9,1002.2,778,9,1002.1,1032,19,1002.8,142,3,1002.9,1201,9,1003.0,1299,13,1003.1,617,7,1003.2,1456,16
317,2025-11-26 11:12:09+05:30,1002.8,43,997.11,4589437,421613.0,483918.0,986.2,1004.2,981.3,986.2,120657750,1084.8,887.6,1102.5,649.1,1002.5,55,2,1002.4,443,7,1002.3,668,9,1002.2,778,9,1002.1,1032,19,1002.8,142,3,1002.9,1201,9,1003.0,1299,13,1003.1,617,7,1003.2,1456,16
317,2025-11-26 11:12:09+05:30,1002.8,43,997.11,4589622,421972.0,483982.0,986.2,1004.2,981.3,986.2,120657750,1084.8,887.6,1102.5,649.1,1002.5,56,3,1002.4,443,7,1002.3,1026,10,1002.2,778,9,1002.1,1032,19,1002.8,230,3,1002.9,1088,7,1003.0,1355,14,1003.1,617,7,1003.2,1374,14
317,2025-11-26 11:12:10+05:30,1002.8,43,997.11,4589622,422336.0,484248.0,986.2,1004.2,981.3,986.2,120657750,1084.8,887.6,1102.5,649.1,1002.5,14,2,1002.4,108,2,1002.3,269,5,1002.2,1111,10,1002.1,765,18,1002.6,96,1,1002.8,340,6,1002.9,1184,11,1003.0,1412,14,1003.1,1246,9
317,2025-11-26 11:12:11+05:30,1002.8,43,997.11,4589622,422363.0,483883.0,986.2,1004.2,981.3,986.2,120657750,1084.8,887.6,1102.5,649.1,1002.5,14,2,1002.4,108,2,1002.3,269,5,1002.2,1138,11,1002.1,765,18,1002.6,96,1,1002.8,1038,8,1002.9,1163,10,1003.0,1439,15,1003.1,684,8
317,2025-11-26 11:12:12+05:30,1002.6,16,997.11,4589622,422363.0,483883.0,986.2,1004.2,981.3,986.2,120657750,1084.8,887.6,1102.5,649.1,1002.5,14,2,1002.4,108,2,1002.3,269,5,1002.2,1138,11,1002.1,765,18,1002.6,96,1,1002.8,1038,8,1002.9,1163,10,1003.0,1439,15,1003.1,684,8
317,2025-11-26 11:12:12+05:30,1002.6,16,997.11,4589639,422415.0,484212.0,986.2,1004.2,981.3,986.2,120657750,1084.8,887.6,1102.5,649.1,1002.5,13,1,1002.4,108,2,1002.3,269,5,1002.2,995,9,1002.1,859,19,1002.6,79,1,1002.7,41,1,1002.8,593,8,1002.9,1138,9,1003.0,1412,14
317,2025-11-26 11:12:13+05:30,1002.6,16,997.11,4589639,422415.0,484212.0,986.2,1004.2,981.3,986.2,120657750,1084.8,887.6,1102.5,649.1,1002.5,13,1,1002.4,108,2,1002.3,269,5,1002.2,995,9,1002.1,859,19,1002.6,79,1,1002.7,41,1,1002.8,593,8,1002.9,1138,9,1003.0,1412,14
317,2025-11-26 11:12:14+05:30,1002.6,68,997.11,4589639,422415.0,484212.0,986.2,1004.2,981.3,986.2,120657750,1084.8,887.6,1102.5,649.1,1002.5,13,1,1002.4,108,2,1002.3,269,5,1002.2,995,9,1002.1,859,19,1002.6,79,1,1002.7,41,1,1002.8,593,8,1002.9,1138,9,1003.0,1412,14
317,2025-11-26 11:12:14+05:30,1002.6,3,997.11,4590006,422312.0,484188.0,986.2,1004.2,981.3,986.2,120657750,1084.8,887.6,1102.5,649.1,1002.5,13,1,1002.4,177,3,1002.3,269,5,1002.2,1156,12,1002.1,765,18,1002.6,93,1,1002.7,41,1,1002.8,298,5,1002.9,1297,12,1003.0,1412,14
317,2025-11-26 11:12:15+05:30,1002.5,13,997.11,4590006,422312.0,484188.0,986.2,1004.2,981.3,986.2,120657750,1084.8,887.6,1102.5,649.1,1002.5,13,1,1002.4,177,3,1002.3,269,5,1002.2,1156,12,1002.1,765,18,1002.6,93,1,1002.7,41,1,1002.8,298,5,1002.9,1297,12,1003.0,1412,14
317,2025-11-26 11:12:15+05:30,1002.5,13,997.11,4590019,422777.0,484771.0,986.2,1004.2,981.3,986.2,120657750,1084.8,887.6,1102.5,649.1,1002.4,145,2,1002.3,363,6,1002.2,1022,9,1002.1,709,17,1002.0,2280,23,1002.5,80,1,1002.7,41,1,1002.8,298,5,1002.9,1309,12,1003.0,1506,15
317,2025-11-26 11:12:16+05:30,1002.5,13,997.11,4590019,422871.0,484009.0,986.2,1004.2,981.3,986.2,120657750,1084.8,887.6,1102.5,649.1,1002.4,145,2,1002.3,363,6,1002.2,1022,9,1002.1,736,18,1002.0,2345,24,1002.5,80,1,1002.7,41,1,1002.8,298,5,1002.9,858,11,1003.0,1506,15
317,2025-11-26 11:12:17+05:30,1002.5,28,997.11,4590019,422871.0,484009.0,986.2,1004.2,981.3,986.2,120657750,1084.8,887.6,1102.5,649.1,1002.4,145,2,1002.3,363,6,1002.2,1022,9,1002.1,736,18,1002.0,2345,24,1002.5,80,1,1002.7,41,1,1002.8,298,5,1002.9,858,11,1003.0,1506,15
317,2025-11-26 11:12:17+05:30,1002.5,28,997.11,4590047,422602.0,483836.0,986.2,1004.2,981.3,986.2,120657750,1084.8,887.6,1102.5,649.1,1002.4,145,2,1002.3,331,6,1002.2,932,11,1002.1,736,18,1002.0,2345,24,1002.5,52,1,1002.7,41,1,1002.8,237,5,1002.9,780,9,1003.0,1506,15
317,2025-11-26 11:12:18+05:30,1002.5,28,997.11,4590047,422602.0,484220.0,986.2,1004.2,981.3,986.2,120657750,1084.8,887.6,1102.5,649.1,1002.4,145,2,1002.3,269,5,1002.2,932,11,1002.1,736,18,1002.0,2345,24,1002.5,52,1,1002.6,90,2,1002.8,237,5,1002.9,780,9,1003.0,1506,15
317,2025-11-26 11:12:19+05:30,1002.5,186,997.11,4590047,422602.0,484220.0,986.2,1004.2,981.3,986.2,120657750,1084.8,887.6,1102.5,649.1,1002.4,145,2,1002.3,269,5,1002.2,932,11,1002.1,736,18,1002.0,2345,24,1002.5,52,1,1002.6,90,2,1002.8,237,5,1002.9,780,9,1003.0,1506,15
317,2025-11-26 11:12:19+05:30,1002.5,16,997.11,4590326,422548.0,483857.0,986.2,1004.2,981.3,986.2,120657750,1084.8,887.6,1102.5,649.1,1002.4,145,2,1002.3,471,7,1002.2,676,8,1002.1,736,18,1002.0,2345,24,1002.5,3,1,1002.6,90,2,1002.8,237,5,1002.9,842,10,1003.0,1506,15
317,2025-11-26 11:12:20+05:30,1002.3,1,997.11,4590326,422548.0,483857.0,986.2,1004.2,981.3,986.2,120657750,1084.8,887.6,1102.5,649.1,1002.4,145,2,1002.3,471,7,1002.2,676,8,1002.1,736,18,1002.0,2345,24,1002.5,3,1,1002.6,90,2,1002.8,237,5,1002.9,842,10,1003.0,1506,15
317,2025-11-26 11:12:23+05:30,1002.4,13,997.11,4591407,422145.0,484795.0,986.2,1004.2,981.3,986.2,120657750,1084.8,887.6,1102.5,649.1,1002.3,217,4,1002.2,1140,8,1002.1,567,11,1002.0,1882,26,1001.9,1204,13,1002.4,80,1,1002.5,86,3,1002.7,202,1,1002.8,564,10,1002.9,792,8
317,2025-11-26 11:12:24+05:30,1002.3,8,997.11,4591407,422145.0,484795.0,986.2,1004.2,981.3,986.2,120657750,1084.8,887.6,1102.5,649.1,1002.3,217,4,1002.2,1140,8,1002.1,567,11,1002.0,1882,26,1001.9,1204,13,1002.4,80,1,1002.5,86,3,1002.7,202,1,1002.8,564,10,1002.9,792,8
317,2025-11-26 11:12:26+05:30,1002.2,18,997.11,4591407,422145.0,484795.0,986.2,1004.2,981.3,986.2,120657750,1084.8,887.6,1102.5,649.1,1002.3,217,4,1002.2,1140,8,1002.1,567,11,1002.0,1882,26,1001.9,1204,13,1002.4,80,1,1002.5,86,3,1002.7,202,1,1002.8,564,10,1002.9,792,8
317,2025-11-26 11:12:27+05:30,1002.5,12,997.12,4592652,421933.0,484710.0,986.2,1004.2,981.3,986.2,120657750,1084.8,887.6,1102.5,649.1,1002.3,210,3,1002.2,1030,7,1002.1,692,12,1002.0,1790,25,1001.9,1204,13,1002.5,124,3,1002.8,407,9,1002.9,793,9,1003.0,757,14,1003.1,1234,9
317,2025-11-26 11:12:28+05:30,1002.5,16,997.12,4592652,421933.0,484710.0,986.2,1004.2,981.3,986.2,120657750,1084.8,887.6,1102.5,649.1,1002.3,210,3,1002.2,1030,7,1002.1,692,12,1002.0,1790,25,1001.9,1204,13,1002.5,124,3,1002.8,407,9,1002.9,793,9,1003.0,757,14,1003.1,1234,9
317,2025-11-26 11:12:30+05:30,1002.4,750,997.12,4592652,421933.0,484710.0,986.2,1004.2,981.3,986.2,120657750,1084.8,887.6,1102.5,649.1,1002.3,210,3,1002.2,1030,7,1002.1,692,12,1002.0,1790,25,1001.9,1204,13,1002.5,124,3,1002.8,407,9,1002.9,793,9,1003.0,757,14,1003.1,1234,9
317,2025-11-26 11:12:31+05:30,1002.3,74,997.12,4594632,420816.0,485385.0,986.2,1004.2,981.3,986.2,120657750,1084.8,887.6,1102.5,649.1,1002.3,130,2,1002.2,273,4,1002.1,1058,9,1002.0,2093,20,1001.9,971,14,1002.7,337,4,1002.8,1013,9,1002.9,891,12,1003.0,856,14,1003.1,523,7
317,2025-11-26 11:12:32+05:30,1002.3,74,997.12,4594632,420816.0,485385.0,986.2,1004.2,981.3,986.2,120657750,1084.8,887.6,1102.5,649.1,1002.3,130,2,1002.2,273,4,1002.1,1058,9,1002.0,2093,20,1001.9,971,14,1002.7,337,4,1002.8,1013,9,1002.9,891,12,1003.0,856,14,1003.1,523,7
317,2025-11-26 11:12:34+05:30,1002.7,70,997.12,4594632,420816.0,485385.0,986.2,1004.2,981.3,986.2,120657750,1084.8,887.6,1102.5,649.1,1002.3,130,2,1002.2,273,4,1002.1,1058,9,1002.0,2093,20,1001.9,971,14,1002.7,337,4,1002.8,1013,9,1002.9,891,12,1003.0,856,14,1003.1,523,7
317,2025-11-26 11:12:36+05:30,1002.7,107,997.12,4594928,420459.0,489797.0,986.2,1004.2,981.3,986.2,120657750,1084.8,887.6,1102.5,649.1,1002.4,223,5,1002.3,130,2,1002.2,522,6,1002.1,1132,11,1002.0,2008,21,1002.7,188,2,1002.8,765,8,1002.9,987,11,1003.0,967,15,1003.1,1203,9
317,2025-11-26 11:12:36+05:30,1002.7,107,997.12,4594928,420459.0,489797.0,986.2,1004.2,981.3,986.2,120657750,1084.8,887.6,1102.5,649.1,1002.4,223,5,1002.3,130,2,1002.2,522,6,1002.1,1132,11,1002.0,2008,21,1002.7,188,2,1002.8,765,8,1002.9,987,11,1003.0,967,15,1003.1,1203,9
317,2025-11-26 11:12:38+05:30,1002.7,1,997.12,4594928,420459.0,489797.0,986.2,1004.2,981.3,986.2,120657750,1084.8,887.6,1102.5,649.1,1002.4,223,5,1002.3,130,2,1002.2,522,6,1002.1,1132,11,1002.0,2008,21,1002.7,188,2,1002.8,765,8,1002.9,987,11,1003.0,967,15,1003.1,1203,9
317,2025-11-26 11:12:40+05:30,1002.2,5,997.12,4595635,414964.0,490682.0,986.2,1004.2,981.3,986.2,120657750,1084.8,887.6,1102.5,649.1,1002.3,154,2,1002.2,257,4,1002.1,864,11,1002.0,1572,16,1001.9,1073,12,1002.5,96,1,1002.6,5,1,1002.7,793,7,1002.8,1624,12,1002.9,885,13
317,2025-11-26 11:12:40+05:30,1002.2,5,997.12,4595635,414964.0,490682.0,986.2,1004.2,981.3,986.2,120657750,1084.8,887.6,1102.5,649.1,1002.3,154,2,1002.2,257,4,1002.1,864,11,1002.0,1572,16,1001.9,1073,12,1002.5,96,1,1002.6,5,1,1002.7,793,7,1002.8,1624,12,1002.9,885,13
317,2025-11-26 11:12:42+05:30,1002.8,137,997.12,4595635,414964.0,490682.0,986.2,1004.2,981.3,986.2,120657750,1084.8,887.6,1102.5,649.1,1002.3,154,2,1002.2,257,4,1002.1,864,11,1002.0,1572,16,1001.9,1073,12,1002.5,96,1,1002.6,5,1,1002.7,793,7,1002.8,1624,12,1002.9,885,13
317,2025-11-26 11:12:44+05:30,1002.8,184,997.12,4595635,414964.0,490682.0,986.2,1004.2,981.3,986.2,120657750,1084.8,887.6,1102.5,649.1,1002.3,154,2,1002.2,257,4,1002.1,864,11,1002.0,1572,16,1001.9,1073,12,1002.5,96,1,1002.6,5,1,1002.7,793,7,1002.8,1624,12,1002.9,885,13
317,2025-11-26 11:12:44+05:30,1002.8,184,997.12,4598049,413158.0,488438.0,986.2,1004.2,981.3,986.2,120657750,1084.8,887.6,1102.5,649.1,1002.4,116,3,1002.3,240,4,1002.2,494,6,1002.1,702,10,1002.0,1856,22,1002.8,373,6,1002.9,858,10,1003.0,799,14,1003.1,826,10,1003.2,1364,14
317,2025-11-26 11:12:46+05:30,1002.8,3,997.12,4598049,413158.0,488438.0,986.2,1004.2,981.3,986.2,120657750,1084.8,887.6,1102.5,649.1,1002.4,116,3,1002.3,240,4,1002.2,494,6,1002.1,702,10,1002.0,1856,22,1002.8,373,6,1002.9,858,10,1003.0,799,14,1003.1,826,10,1003.2,1364,14
317,2025-11-26 11:12:48+05:30,1002.4,19,997.12,4598049,413158.0,488438.0,986.2,1004.2,981.3,986.2,120657750,1084.8,887.6,1102.5,649.1,1002.4,116,3,1002.3,240,4,1002.2,494,6,1002.1,702,10,1002.0,1856,22,1002.8,373,6,1002.9,858,10,1003.0,799,14,1003.1,826,10,1003.2,1364,14
317,2025-11-26 11:12:48+05:30,1002.4,19,997.12,4598071,413330.0,489785.0,986.2,1004.2,981.3,986.2,120657750,1084.8,887.6,1102.5,649.1,1002.4,84,3,1002.3,131,2,1002.2,494,6,1002.1,751,10,1002.0,1905,23,1002.8,1093,11,1002.9,1271,10,1003.0,800,14,1003.1,726,9,1003.2,1364,14
317,2025-11-26 11:12:50+05:30,1002.8,95,997.12,4598071,413330.0,489785.0,986.2,1004.2,981.3,986.2,120657750,1084.8,887.6,1102.5,649.1,1002.4,84,3,1002.3,131,2,1002.2,494,6,1002.1,751,10,1002.0,1905,23,1002.8,1093,11,1002.9,1271,10,1003.0,800,14,1003.1,726,9,1003.2,1364,14
317,2025-11-26 11:12:52+05:30,1002.3,75,997.12,4598071,413330.0,489785.0,986.2,1004.2,981.3,986.2,120657750,1084.8,887.6,1102.5,649.1,1002.4,84,3,1002.3,131,2,1002.2,494,6,1002.1,751,10,1002.0,1905,23,1002.8,1093,11,1002.9,1271,10,1003.0,800,14,1003.1,726,9,1003.2,1364,14
317,2025-11-26 11:12:52+05:30,1002.6,107,997.12,4598669,414782.0,489848.0,986.2,1004.2,981.3,986.2,120657750,1084.8,887.6,1102.5,649.1,1002.3,320,4,1002.2,618,8,1002.1,699,10,1002.0,1673,25,1001.9,1287,13,1002.6,96,1,1002.8,871,10,1002.9,1378,11,1003.0,774,12,1003.1,1347,11
317,2025-11-26 11:12:54+05:30,1002.6,184,997.12,4598669,414782.0,489848.0,986.2,1004.2,981.3,986.2,120657750,1084.8,887.6,1102.5,649.1,1002.3,320,4,1002.2,618,8,1002.1,699,10,1002.0,1673,25,1001.9,1287,13,1002.6,96,1,1002.8,871,10,1002.9,1378,11,1003.0,774,12,1003.1,1347,11
317,2025-11-26 11:12:56+05:30,1002.4,10,997.12,4598669,414782.0,489848.0,986.2,1004.2,981.3,986.2,120657750,1084.8,887.6,1102.5,649.1,1002.3,320,4,1002.2,618,8,1002.1,699,10,1002.0,1673,25,1001.9,1287,13,1002.6,96,1,1002.8,871,10,1002.9,1378,11,1003.0,774,12,1003.1,1347,11
317,2025-11-26 11:12:57+05:30,1002.4,1,997.12,4599201,415703.0,491269.0,986.2,1004.2,981.3,986.2,120657750,1084.8,887.6,1102.5,649.1,1002.3,123,3,1002.2,960,11,1002.1,547,8,1002.0,1643,23,1001.9,1353,17,1002.4,23,1,1002.5,49,1,1002.8,873,8,1002.9,1377,11,1003.0,799,14
317,2025-11-26 11:12:58+05:30,1002.4,1,997.12,4599201,415703.0,491269.0,986.2,1004.2,981.3,986.2,120657750,1084.8,887.6,1102.5,649.1,1002.3,123,3,1002.2,960,11,1002.1,547,8,1002.0,1643,23,1001.9,1353,17,1002.4,23,1,1002.5,49,1,1002.8,873,8,1002.9,1377,11,1003.0,799,14
317,2025-11-26 11:13:00+05:30,1002.2,24,997.12,4599201,415703.0,491269.0,986.2,1004.2,981.3,986.2,120657750,1084.8,887.6,1102.5,649.1,1002.3,123,3,1002.2,960,11,1002.1,547,8,1002.0,1643,23,1001.9,1353,17,1002.4,23,1,1002.5,49,1,1002.8,873,8,1002.9,1377,11,1003.0,799,14
317,2025-11-26 11:13:01+05:30,1002.2,8,997.12,4599559,416488.0,493446.0,986.2,1004.2,981.3,986.2,120657750,1084.8,887.6,1102.5,649.1,1002.2,1,1,1002.1,538,3,1002.0,960,12,1001.9,715,9,1001.8,1186,18,1002.3,96,1,1002.5,544,4,1002.6,642,11,1002.7,845,9,1002.8,1601,15
317,2025-11-26 11:13:02+05:30,1002.2,8,997.12,4599559,416488.0,493446.0,986.2,1004.2,981.3,986.2,120657750,1084.8,887.6,1102.5,649.1,1002.2,1,1,1002.1,538,3,1002.0,960,12,1001.9,715,9,1001.8,1186,18,1002.3,96,1,1002.5,544,4,1002.6,642,11,1002.7,845,9,1002.8,1601,15
317,2025-11-26 11:13:04+05:30,1002.4,28,997.12,4599559,416488.0,493446.0,986.2,1004.2,981.3,986.2,120657750,1084.8,887.6,1102.5,649.1,1002.2,1,1,1002.1,538,3,1002.0,960,12,1001.9,715,9,1001.8,1186,18,1002.3,96,1,1002.5,544,4,1002.6,642,11,1002.7,845,9,1002.8,1601,15
317,2025-11-26 11:13:06+05:30,1002.4,28,997.13,4600801,414204.0,492132.0,986.2,1004.2,981.3,986.2,120657750,1084.8,887.6,1102.5,649.1,1002.1,7,2,1002.0,987,13,1001.9,807,9,1001.8,971,9,1001.7,892,16,1002.4,19,1,1002.5,13,1,1002.6,522,5,1002.7,642,8,1002.8,1712,15
317,2025-11-26 11:13:08+05:30,1002.1,1,997.13,4600801,414204.0,492132.0,986.2,1004.2,981.3,986.2,120657750,1084.8,887.6,1102.5,649.1,1002.1,7,2,1002.0,987,13,1001.9,807,9,1001.8,971,9,1001.7,892,16,1002.4,19,1,1002.5,13,1,1002.6,522,5,1002.7,642,8,1002.8,1712,15
317,2025-11-26 11:13:10+05:30,1002.1,34,997.13,4600801,414204.0,492132.0,986.2,1004.2,981.3,986.2,120657750,1084.8,887.6,1102.5,649.1,1002.1,7,2,1002.0,987,13,1001.9,807,9,1001.8,971,9,1001.7,892,16,1002.4,19,1,1002.5,13,1,1002.6,522,5,1002.7,642,8,1002.8,1712,15
317,2025-11-26 11:13:10+05:30,1002.1,34,997.13,4601043,415172.0,492829.0,986.2,1004.2,981.3,986.2,120657750,1084.8,887.6,1102.5,649.1,1002.1,5,1,1002.0,1220,14,1001.9,806,9,1001.8,684,9,1001.7,1142,17,1002.2,96,1,1002.4,67,2,1002.5,215,2,1002.6,688,7,1002.7,1198,9
317,2025-11-26 11:13:12+05:30,1002.2,10,997.13,4601043,415172.0,492829.0,986.2,1004.2,981.3,986.2,120657750,1084.8,887.6,1102.5,649.1,1002.1,5,1,1002.0,1220,14,1001.9,806,9,1001.8,684,9,1001.7,1142,17,1002.2,96,1,1002.4,67,2,1002.5,215,2,1002.6,688,7,1002.7,1198,9
317,2025-11-26 11:13:14+05:30,1002.2,184,997.13,4601043,415172.0,492829.0,986.2,1004.2,981.3,986.2,120657750,1084.8,887.6,1102.5,649.1,1002.1,5,1,1002.0,1220,14,1001.9,806,9,1001.8,684,9,1001.7,1142,17,1002.2,96,1,1002.4,67,2,1002.5,215,2,1002.6,688,7,1002.7,1198,9
317,2025-11-26 11:13:15+05:30,1002.1,3,997.13,4601433,414604.0,492812.0,986.2,1004.2,981.3,986.2,120657750,1084.8,887.6,1102.5,649.1,1002.0,992,9,1001.9,662,7,1001.8,648,7,1001.7,1155,18,1001.6,910,13,1002.1,12,1,1002.3,45,2,1002.4,72,2,1002.5,566,5,1002.6,737,8
317,2025-11-26 11:13:16+05:30,1002.1,3,997.13,4601433,414604.0,492812.0,986.2,1004.2,981.3,986.2,120657750,1084.8,887.6,1102.5,649.1,1002.0,992,9,1001.9,662,7,1001.8,648,7,1001.7,1155,18,1001.6,910,13,1002.1,12,1,1002.3,45,2,1002.4,72,2,1002.5,566,5,1002.6,737,8
317,2025-11-26 11:13:17+05:30,1002.1,3,997.13,4601433,414604.0,492812.0,986.2,1004.2,981.3,986.2,120657750,1084.8,887.6,1102.5,649.1,1002.0,992,9,1001.9,662,7,1001.8,648,7,1001.7,1155,18,1001.6,910,13,1002.1,12,1,1002.3,45,2,1002.4,72,2,1002.5,566,5,1002.6,737,8
317,2025-11-26 11:13:18+05:30,1002.1,3,997.13,4601433,414604.0,492812.0,986.2,1004.2,981.3,986.2,120657750,1084.8,887.6,1102.5,649.1,1002.0,992,9,1001.9,662,7,1001.8,648,7,1001.7,1155,18,1001.6,910,13,1002.1,12,1,1002.3,45,2,1002.4,72,2,1002.5,566,5,1002.6,737,8
317,2025-11-26 11:13:18+05:30,1002.1,552,997.13,4601433,414604.0,492812.0,986.2,1004.2,981.3,986.2,120657750,1084.8,887.6,1102.5,649.1,1002.0,992,9,1001.9,662,7,1001.8,648,7,1001.7,1155,18,1001.6,910,13,1002.1,12,1,1002.3,45,2,1002.4,72,2,1002.5,566,5,1002.6,737,8
317,2025-11-26 11:13:18+05:30,1002.1,552,997.13,4601433,414604.0,492812.0,986.2,1004.2,981.3,986.2,120657750,1084.8,887.6,1102.5,649.1,1002.0,992,9,1001.9,662,7,1001.8,648,7,1001.7,1155,18,1001.6,910,13,1002.1,12,1,1002.3,45,2,1002.4,72,2,1002.5,566,5,1002.6,737,8
317,2025-11-26 11:13:19+05:30,1002.1,552,997.13,4601433,414604.0,492812.0,986.2,1004.2,981.3,986.2,120657750,1084.8,887.6,1102.5,649.1,1002.0,992,9,1001.9,662,7,1001.8,648,7,1001.7,1155,18,1001.6,910,13,1002.1,12,1,1002.3,45,2,1002.4,72,2,1002.5,566,5,1002.6,737,8
317,2025-11-26 11:13:19+05:30,1002.3,121,997.13,4602704,415914.0,491020.0,986.2,1004.2,981.3,986.2,120657750,1084.8,887.6,1102.5,649.1,1002.2,350,1,1002.1,124,3,1002.0,1420,18,1001.9,707,11,1001.8,958,12,1002.3,46,2,1002.4,23,1,1002.5,120,2,1002.6,183,4,1002.7,1050,9
317,2025-11-26 11:13:19+05:30,1002.3,121,997.13,4602704,415914.0,491020.0,986.2,1004.2,981.3,986.2,120657750,1084.8,887.6,1102.5,649.1,1002.2,350,1,1002.1,124,3,1002.0,1420,18,1001.9,707,11,1001.8,958,12,1002.3,46,2,1002.4,23,1,1002.5,120,2,1002.6,183,4,1002.7,1050,9
317,2025-11-26 11:13:20+05:30,1002.3,121,997.13,4602704,415914.0,491020.0,986.2,1004.2,981.3,986.2,120657750,1084.8,887.6,1102.5,649.1,1002.2,350,1,1002.1,124,3,1002.0,1420,18,1001.9,707,11,1001.8,958,12,1002.3,46,2,1002.4,23,1,1002.5,120,2,1002.6,183,4,1002.7,1050,9
317,2025-11-26 11:13:20+05:30,1002.2,73,997.13,4602704,415914.0,491020.0,986.2,1004.2,981.3,986.2,120657750,1084.8,887.6,1102.5,649.1,1002.2,350,1,1002.1,124,3,1002.0,1420,18,1001.9,707,11,1001.8,958,12,1002.3,46,2,1002.4,23,1,1002.5,120,2,1002.6,183,4,1002.7,1050,9
317,2025-11-26 11:13:20+05:30,1002.2,73,997.13,4602704,415914.0,491020.0,986.2,1004.2,981.3,986.2,120657750,1084.8,887.6,1102.5,649.1,1002.2,350,1,1002.1,124,3,1002.0,1420,18,1001.9,707,11,1001.8,958,12,1002.3,46,2,1002.4,23,1,1002.5,120,2,1002.6,183,4,1002.7,1050,9
317,2025-11-26 11:13:21+05:30,1002.2,73,997.13,4602704,415914.0,491020.0,986.2,1004.2,981.3,986.2,120657750,1084.8,887.6,1102.5,649.1,1002.2,350,1,1002.1,124,3,1002.0,1420,18,1001.9,707,11,1001.8,958,12,1002.3,46,2,1002.4,23,1,1002.5,120,2,1002.6,183,4,1002.7,1050,9
317,2025-11-26 11:13:21+05:30,1002.2,73,997.13,4602704,415914.0,491020.0,986.2,1004.2,981.3,986.2,120681000,1084.8,887.6,1102.5,649.1,1002.2,350,1,1002.1,124,3,1002.0,1420,18,1001.9,707,11,1001.8,958,12,1002.3,46,2,1002.4,23,1,1002.5,120,2,1002.6,183,4,1002.7,1050,9
317,2025-11-26 11:13:22+05:30,1002.2,73,997.13,4602704,415914.0,491020.0,986.2,1004.2,981.3,986.2,120681000,1084.8,887.6,1102.5,649.1,1002.2,350,1,1002.1,124,3,1002.0,1420,18,1001.9,707,11,1001.8,958,12,1002.3,46,2,1002.4,23,1,1002.5,120,2,1002.6,183,4,1002.7,1050,9
317,2025-11-26 11:13:22+05:30,1002.3,57,997.13,4602704,415914.0,491020.0,986.2,1004.2,981.3,986.2,120681000,1084.8,887.6,1102.5,649.1,1002.2,350,1,1002.1,124,3,1002.0,1420,18,1001.9,707,11,1001.8,958,12,1002.3,46,2,1002.4,23,1,1002.5,120,2,1002.6,183,4,1002.7,1050,9
317,2025-11-26 11:13:24+05:30,1002.3,63,997.13,4604148,416560.0,491532.0,986.2,1004.2,981.3,986.2,120681000,1084.8,887.6,1102.5,649.1,1002.3,19,1,1002.1,272,3,1002.0,1029,13,1001.9,669,9,1001.8,1084,9,1002.4,23,1,1002.5,195,3,1002.6,368,5,1002.7,1283,14,1002.8,1521,12
317,2025-11-26 11:13:24+05:30,1002.3,5,997.13,4604148,416560.0,491532.0,986.2,1004.2,981.3,986.2,120681000,1084.8,887.6,1102.5,649.1,1002.3,19,1,1002.1,272,3,1002.0,1029,13,1001.9,669,9,1001.8,1084,9,1002.4,23,1,1002.5,195,3,1002.6,368,5,1002.7,1283,14,1002.8,1521,12
317,2025-11-26 11:13:26+05:30,1002.4,1,997.13,4604148,416560.0,491532.0,986.2,1004.2,981.3,986.2,120681000,1084.8,887.6,1102.5,649.1,1002.3,19,1,1002.1,272,3,1002.0,1029,13,1001.9,669,9,1001.8,1084,9,1002.4,23,1,1002.5,195,3,1002.6,368,5,1002.7,1283,14,1002.8,1521,12
317,2025-11-26 11:13:28+05:30,1002.3,11,997.13,4604264,416178.0,491885.0,986.2,1004.2,981.3,986.2,120681000,1084.8,887.6,1102.5,649.1,1002.3,20,3,1002.1,148,2,1002.0,1041,13,1001.9,669,9,1001.8,1030,10,1002.4,36,2,1002.5,234,4,1002.6,550,6,1002.7,920,16,1002.8,1521,12
317,2025-11-26 11:13:28+05:30,1002.3,11,997.13,4604264,416178.0,491885.0,986.2,1004.2,981.3,986.2,120681000,1084.8,887.6,1102.5,649.1,1002.3,20,3,1002.1,148,2,1002.0,1041,13,1001.9,669,9,1001.8,1030,10,1002.4,36,2,1002.5,234,4,1002.6,550,6,1002.7,920,16,1002.8,1521,12
317,2025-11-26 11:13:30+05:30,1002.3,105,997.13,4604264,416178.0,491885.0,986.2,1004.2,981.3,986.2,120681000,1084.8,887.6,1102.5,649.1,1002.3,20,3,1002.1,148,2,1002.0,1041,13,1001.9,669,9,1001.8,1030,10,1002.4,36,2,1002.5,234,4,1002.6,550,6,1002.7,920,16,1002.8,1521,12
317,2025-11-26 11:13:32+05:30,1002.5,11,997.13,4604264,416178.0,491885.0,986.2,1004.2,981.3,986.2,120681000,1084.8,887.6,1102.5,649.1,1002.3,20,3,1002.1,148,2,1002.0,1041,13,1001.9,669,9,1001.8,1030,10,1002.4,36,2,1002.5,234,4,1002.6,550,6,1002.7,920,16,1002.8,1521,12
317,2025-11-26 11:13:32+05:30,1002.3,43,997.13,4607802,418901.0,486798.0,986.2,1004.2,981.3,986.2,120681000,1084.8,887.6,1102.5,649.1,1002.3,397,6,1002.2,608,10,1002.1,777,10,1002.0,1859,26,1001.9,510,8,1002.5,130,1,1002.7,204,3,1002.8,208,2,1002.9,646,5,1003.0,1451,14
317,2025-11-26 11:13:34+05:30,1002.5,134,997.13,4607802,418901.0,486798.0,986.2,1004.2,981.3,986.2,120681000,1084.8,887.6,1102.5,649.1,1002.3,397,6,1002.2,608,10,1002.1,777,10,1002.0,1859,26,1001.9,510,8,1002.5,130,1,1002.7,204,3,1002.8,208,2,1002.9,646,5,1003.0,1451,14
317,2025-11-26 11:13:36+05:30,1002.6,51,997.13,4607802,418901.0,486798.0,986.2,1004.2,981.3,986.2,120681000,1084.8,887.6,1102.5,649.1,1002.3,397,6,1002.2,608,10,1002.1,777,10,1002.0,1859,26,1001.9,510,8,1002.5,130,1,1002.7,204,3,1002.8,208,2,1002.9,646,5,1003.0,1451,14
317,2025-11-26 11:13:37+05:30,1002.6,51,997.13,4608085,417908.0,489375.0,986.2,1004.2,981.3,986.2,120681000,1084.8,887.6,1102.5,649.1,1002.4,240,4,1002.3,89,2,1002.2,544,6,1002.1,738,10,1002.0,1657,26,1002.6,70,2,1002.7,357,3,1002.8,1002,8,1002.9,856,8,1003.0,955,17
317,2025-11-26 11:13:40+05:30,1002.6,10,997.13,4608085,417908.0,489375.0,986.2,1004.2,981.3,986.2,120681000,1084.8,887.6,1102.5,649.1,1002.4,240,4,1002.3,89,2,1002.2,544,6,1002.1,738,10,1002.0,1657,26,1002.6,70,2,1002.7,357,3,1002.8,1002,8,1002.9,856,8,1003.0,955,17
317,2025-11-26 11:13:41+05:30,1002.6,10,997.13,4608280,418572.0,490158.0,986.2,1004.2,981.3,986.2,120681000,1084.8,887.6,1102.5,649.1,1002.4,226,5,1002.3,63,1,1002.2,311,3,1002.1,926,12,1002.0,1729,24,1002.5,96,1,1002.6,175,4,1002.7,1044,6,1002.8,536,7,1002.9,858,10
317,2025-11-26 11:13:42+05:30,1002.5,20,997.13,4608280,418572.0,490158.0,986.2,1004.2,981.3,986.2,120681000,1084.8,887.6,1102.5,649.1,1002.4,226,5,1002.3,63,1,1002.2,311,3,1002.1,926,12,1002.0,1729,24,1002.5,96,1,1002.6,175,4,1002.7,1044,6,1002.8,536,7,1002.9,858,10
317,2025-11-26 11:13:44+05:30,1002.5,3,997.13,4608280,418572.0,490158.0,986.2,1004.2,981.3,986.2,120681000,1084.8,887.6,1102.5,649.1,1002.4,226,5,1002.3,63,1,1002.2,311,3,1002.1,926,12,1002.0,1729,24,1002.5,96,1,1002.6,175,4,1002.7,1044,6,1002.8,536,7,1002.9,858,10
317,2025-11-26 11:13:45+05:30,1002.4,120,997.14,4609613,421458.0,491022.0,986.2,1004.2,981.3,986.2,120681000,1084.8,887.6,1102.5,649.1,1002.2,262,2,1002.1,770,10,1002.0,1461,20,1001.9,925,11,1001.8,833,12,1002.4,96,1,1002.6,211,5,1002.7,1097,7,1002.8,1012,8,1002.9,931,11
317,2025-11-26 11:13:46+05:30,1002.6,1,997.14,4609613,421458.0,491022.0,986.2,1004.2,981.3,986.2,120681000,1084.8,887.6,1102.5,649.1,1002.2,262,2,1002.1,770,10,1002.0,1461,20,1001.9,925,11,1001.8,833,12,1002.4,96,1,1002.6,211,5,1002.7,1097,7,1002.8,1012,8,1002.9,931,11
317,2025-11-26 11:13:48+05:30,1002.6,18,997.14,4609613,421458.0,491022.0,986.2,1004.2,981.3,986.2,120681000,1084.8,887.6,1102.5,649.1,1002.2,262,2,1002.1,770,10,1002.0,1461,20,1001.9,925,11,1001.8,833,12,1002.4,96,1,1002.6,211,5,1002.7,1097,7,1002.8,1012,8,1002.9,931,11
317,2025-11-26 11:13:49+05:30,1002.7,94,997.14,4610538,421613.0,489008.0,986.2,1004.2,981.3,986.2,120681000,1084.8,887.6,1102.5,649.1,1002.6,119,1,1002.4,164,3,1002.2,566,7,1002.1,880,11,1002.0,1920,23,1002.7,743,4,1002.8,365,5,1002.9,1316,10,1003.0,758,14,1003.1,738,15
317,2025-11-26 11:13:50+05:30,1002.6,119,997.14,4610538,421613.0,489008.0,986.2,1004.2,981.3,986.2,120681000,1084.8,887.6,1102.5,649.1,1002.6,119,1,1002.4,164,3,1002.2,566,7,1002.1,880,11,1002.0,1920,23,1002.7,743,4,1002.8,365,5,1002.9,1316,10,1003.0,758,14,1003.1,738,15
317,2025-11-26 11:13:52+05:30,1002.6,16,997.14,4610538,421613.0,489008.0,986.2,1004.2,981.3,986.2,120681000,1084.8,887.6,1102.5,649.1,1002.6,119,1,1002.4,164,3,1002.2,566,7,1002.1,880,11,1002.0,1920,23,1002.7,743,4,1002.8,365,5,1002.9,1316,10,1003.0,758,14,1003.1,738,15
317,2025-11-26 11:13:54+05:30,1002.6,64,997.14,4610857,422746.0,490229.0,986.2,1004.2,981.3,986.2,120681000,1084.8,887.6,1102.5,649.1,1002.4,165,4,1002.3,229,3,1002.2,833,10,1002.1,1260,11,1002.0,1993,24,1002.6,32,1,1002.7,919,6,1002.8,863,7,1002.9,855,10,1003.0,855,14
317,2025-11-26 11:13:54+05:30,1002.6,64,997.14,4610857,422746.0,490229.0,986.2,1004.2,981.3,986.2,120681000,1084.8,887.6,1102.5,649.1,1002.4,165,4,1002.3,229,3,1002.2,833,10,1002.1,1260,11,1002.0,1993,24,1002.6,32,1,1002.7,919,6,1002.8,863,7,1002.9,855,10,1003.0,855,14
317,2025-11-26 11:13:56+05:30,1002.1,4,997.14,4610857,422746.0,490229.0,986.2,1004.2,981.3,986.2,120681000,1084.8,887.6,1102.5,649.1,1002.4,165,4,1002.3,229,3,1002.2,833,10,1002.1,1260,11,1002.0,1993,24,1002.6,32,1,1002.7,919,6,1002.8,863,7,1002.9,855,10,1003.0,855,14
317,2025-11-26 11:13:58+05:30,1002.6,1,997.14,4612179,423537.0,491428.0,986.2,1004.2,981.3,986.2,120681000,1084.8,887.6,1102.5,649.1,1002.4,308,5,1002.3,287,6,1002.2,719,9,1002.1,780,10,1002.0,1367,20,1002.6,42,1,1002.7,950,6,1002.8,1160,5,1002.9,813,10,1003.0,844,13
317,2025-11-26 11:13:58+05:30,1002.6,1,997.14,4612179,423537.0,491428.0,986.2,1004.2,981.3,986.2,120681000,1084.8,887.6,1102.5,649.1,1002.4,308,5,1002.3,287,6,1002.2,719,9,1002.1,780,10,1002.0,1367,20,1002.6,42,1,1002.7,950,6,1002.8,1160,5,1002.9,813,10,1003.0,844,13
317,2025-11-26 11:14:00+05:30,1002.6,306,997.14,4612179,423537.0,491428.0,986.2,1004.2,981.3,986.2,120681000,1084.8,887.6,1102.5,649.1,1002.4,308,5,1002.3,287,6,1002.2,719,9,1002.1,780,10,1002.0,1367,20,1002.6,42,1,1002.7,950,6,1002.8,1160,5,1002.9,813,10,1003.0,844,13
317,2025-11-26 11:14:02+05:30,1002.7,34,997.14,4612179,423537.0,491428.0,986.2,1004.2,981.3,986.2,120681000,1084.8,887.6,1102.5,649.1,1002.4,308,5,1002.3,287,6,1002.2,719,9,1002.1,780,10,1002.0,1367,20,1002.6,42,1,1002.7,950,6,1002.8,1160,5,1002.9,813,10,1003.0,844,13
317,2025-11-26 11:14:02+05:30,1002.7,1,997.14,4614755,423201.0,490160.0,986.2,1004.2,981.3,986.2,120681000,1084.8,887.6,1102.5,649.1,1002.4,297,6,1002.3,310,4,1002.2,828,11,1002.1,864,12,1002.0,1879,27,1002.7,1017,7,1002.8,582,4,1002.9,1340,9,1003.0,621,11,1003.1,819,16
317,2025-11-26 11:14:04+05:30,1002.7,117,997.14,4614755,423201.0,490160.0,986.2,1004.2,981.3,986.2,120681000,1084.8,887.6,1102.5,649.1,1002.4,297,6,1002.3,310,4,1002.2,828,11,1002.1,864,12,1002.0,1879,27,1002.7,1017,7,1002.8,582,4,1002.9,1340,9,1003.0,621,11,1003.1,819,16
317,2025-11-26 11:14:06+05:30,1002.7,1,997.14,4614755,423201.0,490160.0,986.2,1004.2,981.3,986.2,120681000,1084.8,887.6,1102.5,649.1,1002.4,297,6,1002.3,310,4,1002.2,828,11,1002.1,864,12,1002.0,1879,27,1002.7,1017,7,1002.8,582,4,1002.9,1340,9,1003.0,621,11,1003.1,819,16
317,2025-11-26 11:14:07+05:30,1002.7,1,997.14,4615020,423136.0,489803.0,986.2,1004.2,981.3,986.2,120681000,1084.8,887.6,1102.5,649.1,1002.5,1,1,1002.4,277,7,1002.3,457,5,1002.2,944,12,1002.1,748,11,1002.7,770,7,1002.8,582,4,1002.9,582,8,1003.0,1222,14,1003.1,809,16
317,2025-11-26 11:14:08+05:30,1002.7,154,997.14,4615020,423136.0,489803.0,986.2,1004.2,981.3,986.2,120681000,1084.8,887.6,1102.5,649.1,1002.5,1,1,1002.4,277,7,1002.3,457,5,1002.2,944,12,1002.1,748,11,1002.7,770,7,1002.8,582,4,1002.9,582,8,1003.0,1222,14,1003.1,809,16
317,2025-11-26 11:14:10+05:30,1002.7,12,997.14,4615020,423136.0,489803.0,986.2,1004.2,981.3,986.2,120681000,1084.8,887.6,1102.5,649.1,1002.5,1,1,1002.4,277,7,1002.3,457,5,1002.2,944,12,1002.1,748,11,1002.7,770,7,1002.8,582,4,1002.9,582,8,1003.0,1222,14,1003.1,809,16
317,2025-11-26 11:14:11+05:30,1002.5,28,997.14,4616392,423865.0,488670.0,986.2,1004.2,981.3,986.2,120681000,1084.8,887.6,1102.5,649.1,1002.5,71,3,1002.4,233,5,1002.3,788,9,1002.2,759,11,1002.1,843,16,1002.6,96,1,1002.7,47,3,1002.8,503,4,1002.9,444,6,1003.0,989,13
317,2025-11-26 11:14:12+05:30,1002.6,1,997.14,4616392,423865.0,488670.0,986.2,1004.2,981.3,986.2,120681000,1084.8,887.6,1102.5,649.1,1002.5,71,3,1002.4,233,5,1002.3,788,9,1002.2,759,11,1002.1,843,16,1002.6,96,1,1002.7,47,3,1002.8,503,4,1002.9,444,6,1003.0,989,13
317,2025-11-26 11:14:14+05:30,1002.7,12,997.14,4616392,423865.0,488670.0,986.2,1004.2,981.3,986.2,120681000,1084.8,887.6,1102.5,649.1,1002.5,71,3,1002.4,233,5,1002.3,788,9,1002.2,759,11,1002.1,843,16,1002.6,96,1,1002.7,47,3,1002.8,503,4,1002.9,444,6,1003.0,989,13
317,2025-11-26 11:14:16+05:30,1002.7,1,997.14,4617370,425480.0,489004.0,986.2,1004.2,981.3,986.2,120681000,1084.8,887.6,1102.5,649.1,1002.7,18,1,1002.6,112,1,1002.5,18,3,1002.4,880,8,1002.3,897,10,1002.8,393,2,1002.9,307,4,1003.0,659,14,1003.1,1170,10,1003.2,2118,17
317,2025-11-26 11:14:16+05:30,1002.8,110,997.14,4617370,425480.0,489004.0,986.2,1004.2,981.3,986.2,120681000,1084.8,887.6,1102.5,649.1,1002.7,18,1,1002.6,112,1,1002.5,18,3,1002.4,880,8,1002.3,897,10,1002.8,393,2,1002.9,307,4,1003.0,659,14,1003.1,1170,10,1003.2,2118,17
317,2025-11-26 11:14:18+05:30,1002.8,4,997.14,4617370,425480.0,489004.0,986.2,1004.2,981.3,986.2,120681000,1084.8,887.6,1102.5,649.1,1002.7,18,1,1002.6,112,1,1002.5,18,3,1002.4,880,8,1002.3,897,10,1002.8,393,2,1002.9,307,4,1003.0,659,14,1003.1,1170,10,1003.2,2118,17
317,2025-11-26 11:14:19+05:30,1002.8,186,997.15,4617976,425073.0,489307.0,986.2,1004.2,981.3,986.2,120681000,1084.8,887.6,1102.5,649.1,1002.7,6,3,1002.4,449,7,1002.3,1302,9,1002.2,820,13,1002.1,1265,15,1002.8,126,5,1002.9,815,6,1003.0,861,15,1003.1,1270,14,1003.2,2186,17
317,2025-11-26 11:14:20+05:30,1002.7,127,997.15,4617976,425073.0,489307.0,986.2,1004.2,981.3,986.2,120681000,1084.8,887.6,1102.5,649.1,1002.7,6,3,1002.4,449,7,1002.3,1302,9,1002.2,820,13,1002.1,1265,15,1002.8,126,5,1002.9,815,6,1003.0,861,15,1003.1,1270,14,1003.2,2186,17
317,2025-11-26 11:14:21+05:30,1002.7,127,997.15,4618109,423824.0,489899.0,986.2,1004.2,981.3,986.2,120681000,1084.8,887.6,1102.5,649.1,1002.4,110,2,1002.3,1241,8,1002.2,837,12,1002.1,875,12,1002.0,2046,27,1002.7,96,1,1002.8,181,7,1002.9,1047,8,1003.0,871,16,1003.1,1239,12
317,2025-11-26 11:14:22+05:30,1002.7,76,997.15,4619081,415012.0,489269.0,986.2,1004.2,981.3,986.2,120681000,1084.8,887.6,1102.5,649.1,1002.4,448,5,1002.3,1114,10,1002.2,778,11,1002.1,1083,17,1002.0,1979,23,1002.7,20,1,1002.8,256,8,1002.9,968,8,1003.0,705,14,1003.1,1302,13
317,2025-11-26 11:14:22+05:30,1002.7,76,997.15,4619081,415012.0,489269.0,986.2,1004.2,981.3,986.2,120681000,1084.8,887.6,1102.5,649.1,1002.4,448,5,1002.3,1114,10,1002.2,778,11,1002.1,1083,17,1002.0,1979,23,1002.7,20,1,1002.8,256,8,1002.9,968,8,1003.0,705,14,1003.1,1302,13
317,2025-11-26 11:14:23+05:30,1002.7,76,997.15,4619081,415136.0,489453.0,986.2,1004.2,981.3,986.2,120681000,1084.8,887.6,1102.5,649.1,1002.4,402,4,1002.3,1139,11,1002.2,791,12,1002.1,1083,17,1002.0,2005,24,1002.7,20,1,1002.8,256,8,1002.9,968,8,1003.0,731,16,1003.1,1276,11
317,2025-11-26 11:14:23+05:30,1002.8,332,997.15,4619081,415136.0,489453.0,986.2,1004.2,981.3,986.2,120681000,1084.8,887.6,1102.5,649.1,1002.4,402,4,1002.3,1139,11,1002.2,791,12,1002.1,1083,17,1002.0,2005,24,1002.7,20,1,1002.8,256,8,1002.9,968,8,1003.0,731,16,1003.1,1276,11
317,2025-11-26 11:14:24+05:30,1002.8,2,997.15,4620048,416613.0,487984.0,986.2,1004.2,981.3,986.2,120681000,1084.8,887.6,1102.5,649.1,1002.7,19,1,1002.5,88,2,1002.4,514,5,1002.3,1329,11,1002.2,791,12,1002.8,17,2,1002.9,863,7,1003.0,518,11,1003.1,1131,11,1003.2,681,9
317,2025-11-26 11:14:24+05:30,1002.8,2,997.15,4620048,416613.0,487984.0,986.2,1004.2,981.3,986.2,120681000,1084.8,887.6,1102.5,649.1,1002.7,19,1,1002.5,88,2,1002.4,514,5,1002.3,1329,11,1002.2,791,12,1002.8,17,2,1002.9,863,7,1003.0,518,11,1003.1,1131,11,1003.2,681,9
317,2025-11-26 11:14:25+05:30,1002.7,146,997.15,4620048,416613.0,487984.0,986.2,1004.2,981.3,986.2,120681000,1084.8,887.6,1102.5,649.1,1002.7,19,1,1002.5,88,2,1002.4,514,5,1002.3,1329,11,1002.2,791,12,1002.8,17,2,1002.9,863,7,1003.0,518,11,1003.1,1131,11,1003.2,681,9
317,2025-11-26 11:14:25+05:30,1002.7,146,997.15,4620194,415813.0,489186.0,986.2,1004.2,981.3,986.2,120681000,1084.8,887.6,1102.5,649.1,1002.7,19,1,1002.4,392,3,1002.3,1191,10,1002.2,791,12,1002.1,967,17,1002.8,261,4,1002.9,1208,12,1003.0,538,12,1003.1,1165,12,1003.2,1282,12
317,2025-11-26 11:14:26+05:30,1002.8,94,997.15,4620194,415813.0,489186.0,986.2,1004.2,981.3,986.2,120681000,1084.8,887.6,1102.5,649.1,1002.7,19,1,1002.4,392,3,1002.3,1191,10,1002.2,791,12,1002.1,967,17,1002.8,261,4,1002.9,1208,12,1003.0,538,12,1003.1,1165,12,1003.2,1282,12
317,2025-11-26 11:14:26+05:30,1002.8,94,997.15,4620326,415184.0,489718.0,986.2,1004.2,981.3,986.2,120681000,1084.8,887.6,1102.5,649.1,1002.4,392,3,1002.3,1211,10,1002.2,791,12,1002.1,853,15,1002.0,1764,22,1002.7,50,1,1002.8,151,3,1002.9,864,8,1003.0,584,12,1003.1,1266,11
317,2025-11-26 11:14:27+05:30,1002.8,1,997.15,4620326,415184.0,489718.0,986.2,1004.2,981.3,986.2,120681000,1084.8,887.6,1102.5,649.1,1002.4,392,3,1002.3,1211,10,1002.2,791,12,1002.1,853,15,1002.0,1764,22,1002.7,50,1,1002.8,151,3,1002.9,864,8,1003.0,584,12,1003.1,1266,11
317,2025-11-26 11:14:27+05:30,1002.8,1,997.15,4621093,415614.0,488257.0,986.2,1004.2,981.3,986.2,120681000,1084.8,887.6,1102.5,649.1,1002.5,167,2,1002.4,522,6,1002.3,1284,11,1002.2,792,12,1002.1,1005,17,1002.8,36,2,1002.9,643,8,1003.0,324,9,1003.1,1208,9,1003.2,907,19
317,2025-11-26 11:14:28+05:30,1002.7,750,997.15,4621093,415614.0,488257.0,986.2,1004.2,981.3,986.2,120681000,1084.8,887.6,1102.5,649.1,1002.5,167,2,1002.4,522,6,1002.3,1284,11,1002.2,792,12,1002.1,1005,17,1002.8,36,2,1002.9,643,8,1003.0,324,9,1003.1,1208,9,1003.2,907,19
317,2025-11-26 11:14:28+05:30,1002.7,750,997.15,4621843,414685.0,489644.0,986.2,1004.2,981.3,986.2,120681000,1084.8,887.6,1102.5,649.1,1002.4,146,3,1002.3,1057,8,1002.2,814,10,1002.1,876,14,1002.0,1790,27,1002.7,250,1,1002.8,42,4,1002.9,806,10,1003.0,610,12,1003.1,1274,11
317,2025-11-26 11:14:29+05:30,1002.7,113,997.15,4621843,414685.0,489644.0,986.2,1004.2,981.3,986.2,120681000,1084.8,887.6,1102.5,649.1,1002.4,146,3,1002.3,1057,8,1002.2,814,10,1002.1,876,14,1002.0,1790,27,1002.7,250,1,1002.8,42,4,1002.9,806,10,1003.0,610,12,1003.1,1274,11
317,2025-11-26 11:14:29+05:30,1002.7,113,997.15,4622093,416265.0,488746.0,986.2,1004.2,981.3,986.2,120681000,1084.8,887.6,1102.5,649.1,1002.7,19,1,1002.5,54,2,1002.4,348,4,1002.3,1163,9,1002.2,868,11,1002.8,42,4,1002.9,798,10,1003.0,502,11,1003.1,1166,7,1003.2,1560,19
317,2025-11-26 11:14:30+05:30,1002.7,13,997.15,4622093,416265.0,488746.0,986.2,1004.2,981.3,986.2,120681000,1084.8,887.6,1102.5,649.1,1002.7,19,1,1002.5,54,2,1002.4,348,4,1002.3,1163,9,1002.2,868,11,1002.8,42,4,1002.9,798,10,1003.0,502,11,1003.1,1166,7,1003.2,1560,19
317,2025-11-26 11:14:30+05:30,1002.4,8,997.15,4622406,414385.0,489424.0,986.2,1004.2,981.3,986.2,120681000,1084.8,887.6,1102.5,649.1,1002.4,89,2,1002.3,1009,7,1002.2,806,10,1002.1,876,14,1002.0,1832,27,1002.7,83,1,1002.8,82,5,1002.9,930,12,1003.0,806,17,1003.1,1195,10
317,2025-11-26 11:14:31+05:30,1002.3,1,997.15,4622406,414385.0,489424.0,986.2,1004.2,981.3,986.2,120681000,1084.8,887.6,1102.5,649.1,1002.4,89,2,1002.3,1009,7,1002.2,806,10,1002.1,876,14,1002.0,1832,27,1002.7,83,1,1002.8,82,5,1002.9,930,12,1003.0,806,17,1003.1,1195,10
317,2025-11-26 11:14:31+05:30,1002.3,1,997.15,4622407,414125.0,490731.0,986.2,1004.2,981.3,986.2,120681000,1084.8,887.6,1102.5,649.1,1002.2,1221,9,1002.1,917,15,1002.0,1592,25,1001.9,1244,14,1001.8,636,8,1002.5,10,1,1002.7,104,3,1002.8,506,7,1002.9,1112,15,1003.0,846,17
317,2025-11-26 11:14:32+05:30,1002.3,1,997.15,4622407,414060.0,489106.0,986.2,1004.2,981.3,986.2,120681000,1084.8,887.6,1102.5,649.1,1002.2,1302,10,1002.1,799,12,1002.0,1499,22,1001.9,1260,15,1001.8,636,8,1002.5,10,1,1002.7,143,4,1002.8,507,8,1002.9,608,12,1003.0,919,18
317,2025-11-26 11:14:33+05:30,1002.3,1,997.15,4622407,413921.0,489937.0,986.2,1004.2,981.3,986.2,120681000,1084.8,887.6,1102.5,649.1,1002.2,1027,9,1002.1,891,13,1002.0,1499,22,1001.9,1304,18,1001.8,636,8,1002.5,10,1,1002.7,143,4,1002.8,507,8,1002.9,621,13,1003.0,990,23
317,2025-11-26 11:14:34+05:30,1002.5,10,997.15,4622407,413921.0,489937.0,986.2,1004.2,981.3,986.2,120681000,1084.8,887.6,1102.5,649.1,1002.2,1027,9,1002.1,891,13,1002.0,1499,22,1001.9,1304,18,1001.8,636,8,1002.5,10,1,1002.7,143,4,1002.8,507,8,1002.9,621,13,1003.0,990,23
317,2025-11-26 11:14:34+05:30,1002.5,10,997.15,4622417,414097.0,488416.0,986.2,1004.2,981.3,986.2,120681000,1084.8,887.6,1102.5,649.1,1002.5,9,1,1002.3,628,2,1002.2,853,9,1002.1,803,13,1002.0,1919,25,1002.7,138,3,1002.8,107,7,1002.9,518,10,1003.0,844,18,1003.1,1184,11
317,2025-11-26 11:14:35+05:30,1002.6,4,997.15,4622417,414097.0,488416.0,986.2,1004.2,981.3,986.2,120681000,1084.8,887.6,1102.5,649.1,1002.5,9,1,1002.3,628,2,1002.2,853,9,1002.1,803,13,1002.0,1919,25,1002.7,138,3,1002.8,107,7,1002.9,518,10,1003.0,844,18,1003.1,1184,11
317,2025-11-26 11:14:35+05:30,1002.6,4,997.15,4622546,414699.0,488826.0,986.2,1004.2,981.3,986.2,120681000,1084.8,887.6,1102.5,649.1,1002.5,19,1,1002.4,5,1,1002.3,516,1,1002.2,761,7,1002.1,790,12,1002.6,92,1,1002.7,112,2,1002.8,555,9,1002.9,453,9,1003.0,1279,15
317,2025-11-26 11:14:36+05:30,1002.6,163,997.15,4622546,414699.0,488826.0,986.2,1004.2,981.3,986.2,120681000,1084.8,887.6,1102.5,649.1,1002.5,19,1,1002.4,5,1,1002.3,516,1,1002.2,761,7,1002.1,790,12,1002.6,92,1,1002.7,112,2,1002.8,555,9,1002.9,453,9,1003.0,1279,15
317,2025-11-26 11:14:36+05:30,1002.6,163,997.15,4622709,414394.0,488354.0,986.2,1004.2,981.3,986.2,120681000,1084.8,887.6,1102.5,649.1,1002.4,5,1,1002.3,700,2,1002.2,888,10,1002.1,777,11,1002.0,1764,21,1002.6,96,1,1002.7,39,1,1002.8,253,6,1002.9,545,10,1003.0,1285,16
317,2025-11-26 11:14:37+05:30,1002.6,163,997.15,4622709,414260.0,488556.0,986.2,1004.2,981.3,986.2,120681000,1084.8,887.6,1102.5,649.1,1002.4,5,1,1002.3,516,1,1002.2,761,7,1002.1,723,10,1002.0,1764,21,1002.6,96,1,1002.7,44,2,1002.8,604,10,1002.9,453,9,1003.0,1311,18
317,2025-11-26 11:14:38+05:30,1002.4,2,997.15,4622709,414260.0,488556.0,986.2,1004.2,981.3,986.2,120681000,1084.8,887.6,1102.5,649.1,1002.4,5,1,1002.3,516,1,1002.2,761,7,1002.1,723,10,1002.0,1764,21,1002.6,96,1,1002.7,44,2,1002.8,604,10,1002.9,453,9,1003.0,1311,18
317,2025-11-26 11:14:38+05:30,1002.4,2,997.15,4622711,414409.0,488632.0,986.2,1004.2,981.3,986.2,120681000,1084.8,887.6,1102.5,649.1,1002.4,3,1,1002.3,517,2,1002.2,761,7,1002.1,723,10,1002.0,1808,22,1002.6,96,1,1002.7,188,4,1002.8,536,10,1002.9,453,9,1003.0,1311,18
317,2025-11-26 11:14:39+05:30,1002.6,185,997.15,4622711,414409.0,488632.0,986.2,1004.2,981.3,986.2,120681000,1084.8,887.6,1102.5,649.1,1002.4,3,1,1002.3,517,2,1002.2,761,7,1002.1,723,10,1002.0,1808,22,1002.6,96,1,1002.7,188,4,1002.8,536,10,1002.9,453,9,1003.0,1311,18
317,2025-11-26 11:14:39+05:30,1002.6,16,997.15,4622913,414386.0,488562.0,986.2,1004.2,981.3,986.2,120681000,1084.8,887.6,1102.5,649.1,1002.4,3,1,1002.3,701,3,1002.2,789,8,1002.1,725,10,1002.0,1808,22,1002.6,79,1,1002.7,44,2,1002.8,627,11,1002.9,453,9,1003.0,1311,18
317,2025-11-26 11:14:40+05:30,1002.3,255,997.15,4622913,414386.0,488562.0,986.2,1004.2,981.3,986.2,120681000,1084.8,887.6,1102.5,649.1,1002.4,3,1,1002.3,701,3,1002.2,789,8,1002.1,725,10,1002.0,1808,22,1002.6,79,1,1002.7,44,2,1002.8,627,11,1002.9,453,9,1003.0,1311,18
317,2025-11-26 11:14:40+05:30,1002.3,255,997.15,4623341,413080.0,490213.0,986.2,1004.2,981.3,986.2,120681000,1084.8,887.6,1102.5,649.1,1002.2,39,2,1002.1,1039,8,1002.0,1210,16,1001.9,976,13,1001.8,1083,11,1002.4,96,1,1002.5,126,2,1002.6,202,1,1002.7,292,5,1002.8,664,14
317,2025-11-26 11:14:41+05:30,1002.3,255,997.15,4623341,413080.0,490055.0,986.2,1004.2,981.3,986.2,120681000,1084.8,887.6,1102.5,649.1,1002.2,39,2,1002.1,1039,8,1002.0,1210,16,1001.9,976,13,1001.8,1083,11,1002.4,96,1,1002.5,126,2,1002.6,202,1,1002.7,305,6,1002.8,644,11
317,2025-11-26 11:14:42+05:30,1002.3,1,997.15,4623341,413080.0,490055.0,986.2,1004.2,981.3,986.2,120681000,1084.8,887.6,1102.5,649.1,1002.2,39,2,1002.1,1039,8,1002.0,1210,16,1001.9,976,13,1001.8,1083,11,1002.4,96,1,1002.5,126,2,1002.6,202,1,1002.7,305,6,1002.8,644,11
317,2025-11-26 11:14:42+05:30,1002.3,1,997.15,4623342,413108.0,490114.0,986.2,1004.2,981.3,986.2,120681000,1084.8,887.6,1102.5,649.1,1002.3,18,3,1002.2,564,3,1002.1,490,8,1002.0,1232,17,1001.9,1000,14,1002.4,96,1,1002.5,126,2,1002.6,202,1,1002.7,368,9,1002.8,641,11
317,2025-11-26 11:14:43+05:30,1002.4,2,997.15,4623344,413106.0,489746.0,986.2,1004.2,981.3,986.2,120681000,1084.8,887.6,1102.5,649.1,1002.3,18,3,1002.2,564,3,1002.1,490,8,1002.0,1232,17,1001.9,1250,15,1002.4,94,1,1002.5,126,2,1002.6,202,1,1002.7,368,9,1002.8,641,11
317,2025-11-26 11:14:44+05:30,1002.4,184,997.15,4623344,413106.0,489746.0,986.2,1004.2,981.3,986.2,120681000,1084.8,887.6,1102.5,649.1,1002.3,18,3,1002.2,564,3,1002.1,490,8,1002.0,1232,17,1001.9,1250,15,1002.4,94,1,1002.5,126,2,1002.6,202,1,1002.7,368,9,1002.8,641,11
317,2025-11-26 11:14:44+05:30,1002.4,184,997.15,4623530,413115.0,490151.0,986.2,1004.2,981.3,986.2,120681000,1084.8,887.6,1102.5,649.1,1002.3,18,3,1002.2,748,4,1002.1,490,8,1002.0,1149,16,1001.9,1333,16,1002.4,96,1,1002.5,126,2,1002.6,202,1,1002.7,368,9,1002.8,641,11
317,2025-11-26 11:14:45+05:30,1002.3,1,997.15,4623530,413115.0,490151.0,986.2,1004.2,981.3,986.2,120681000,1084.8,887.6,1102.5,649.1,1002.3,18,3,1002.2,748,4,1002.1,490,8,1002.0,1149,16,1001.9,1333,16,1002.4,96,1,1002.5,126,2,1002.6,202,1,1002.7,368,9,1002.8,641,11
317,2025-11-26 11:14:45+05:30,1002.3,1,997.15,4624300,412410.0,491361.0,986.2,1004.2,981.3,986.2,120681000,1084.8,887.6,1102.5,649.1,1002.2,39,2,1002.1,946,8,1002.0,1105,14,1001.9,830,10,1001.8,1127,17,1002.3,28,1,1002.5,81,3,1002.6,275,2,1002.7,743,9,1002.8,1380,14
317,2025-11-26 11:14:46+05:30,1002.3,121,997.15,4624300,412410.0,491361.0,986.2,1004.2,981.3,986.2,120681000,1084.8,887.6,1102.5,649.1,1002.2,39,2,1002.1,946,8,1002.0,1105,14,1001.9,830,10,1001.8,1127,17,1002.3,28,1,1002.5,81,3,1002.6,275,2,1002.7,743,9,1002.8,1380,14
317,2025-11-26 11:14:46+05:30,1002.3,121,997.15,4624446,412281.0,490759.0,986.2,1004.2,981.3,986.2,120681000,1084.8,887.6,1102.5,649.1,1002.2,39,2,1002.1,467,7,1002.0,1105,14,1001.9,1418,11,1001.8,877,16,1002.3,96,1,1002.5,81,3,1002.6,523,5,1002.7,805,9,1002.8,1363,13
317,2025-11-26 11:14:47+05:30,1002.3,121,997.15,4624446,412281.0,490760.0,986.2,1004.2,981.3,986.2,120681000,1084.8,887.6,1102.5,649.1,1002.2,39,2,1002.1,467,7,1002.0,1105,14,1001.9,1418,11,1001.8,877,16,1002.3,96,1,1002.5,81,3,1002.6,523,5,1002.7,805,9,1002.8,1363,13
317,2025-11-26 11:14:48+05:30,1002.3,1,997.15,4624446,412281.0,490760.0,986.2,1004.2,981.3,986.2,120681000,1084.8,887.6,1102.5,649.1,1002.2,39,2,1002.1,467,7,1002.0,1105,14,1001.9,1418,11,1001.8,877,16,1002.3,96,1,1002.5,81,3,1002.6,523,5,1002.7,805,9,1002.8,1363,13
317,2025-11-26 11:14:48+05:30,1002.3,1,997.15,4624758,409896.0,491305.0,986.2,1004.2,981.3,986.2,120681000,1084.8,887.6,1102.5,649.1,1002.1,39,3,1002.0,752,12,1001.9,711,9,1001.8,678,7,1001.7,1089,13,1002.3,95,1,1002.5,299,5,1002.6,442,6,1002.7,864,12,1002.8,1462,17
317,2025-11-26 11:14:49+05:30,1002.3,186,997.15,4624758,409896.0,491305.0,986.2,1004.2,981.3,986.2,120681000,1084.8,887.6,1102.5,649.1,1002.1,39,3,1002.0,752,12,1001.9,711,9,1001.8,678,7,1001.7,1089,13,1002.3,95,1,1002.5,299,5,1002.6,442,6,1002.7,864,12,1002.8,1462,17
317,2025-11-26 11:14:49+05:30,1002.3,186,997.15,4624944,410194.0,491068.0,986.2,1004.2,981.3,986.2,120681000,1084.8,887.6,1102.5,649.1,1002.1,57,5,1002.0,703,11,1001.9,756,10,1001.8,625,6,1001.7,1076,12,1002.3,96,1,1002.5,72,4,1002.6,442,6,1002.7,733,10,1002.8,1495,17
317,2025-11-26 11:14:50+05:30,1002.0,2,997.15,4625212,409555.0,491114.0,986.2,1004.2,981.3,986.2,120681000,1084.8,887.6,1102.5,649.1,1002.0,586,10,1001.9,1064,8,1001.8,700,7,1001.7,1076,12,1001.6,1021,18,1002.2,96,1,1002.5,240,4,1002.6,466,5,1002.7,1210,11,1002.8,1500,15
317,2025-11-26 11:14:50+05:30,1002.0,2,997.15,4625212,409555.0,491114.0,986.2,1004.2,981.3,986.2,120681000,1084.8,887.6,1102.5,649.1,1002.0,586,10,1001.9,1064,8,1001.8,700,7,1001.7,1076,12,1001.6,1021,18,1002.2,96,1,1002.5,240,4,1002.6,466,5,1002.7,1210,11,1002.8,1500,15
317,2025-11-26 11:14:51+05:30,1002.0,2,997.15,4625212,409566.0,491068.0,986.2,1004.2,981.3,986.2,120681000,1084.8,887.6,1102.5,649.1,1002.0,627,11,1001.9,1064,8,1001.8,723,8,1001.7,1076,12,1001.6,1021,18,1002.2,96,1,1002.5,240,4,1002.6,492,7,1002.7,1210,11,1002.8,1474,13
317,2025-11-26 11:14:52+05:30,1002.3,547,997.16,4626712,410402.0,489910.0,986.2,1004.2,981.3,986.2,120681000,1084.8,887.6,1102.5,649.1,1002.1,5,1,1002.0,805,13,1001.9,599,7,1001.8,921,8,1001.7,866,13,1002.3,53,1,1002.5,101,3,1002.6,330,4,1002.7,1067,8,1002.8,1450,17
317,2025-11-26 11:14:52+05:30,1002.3,547,997.16,4626712,410402.0,489910.0,986.2,1004.2,981.3,986.2,120681000,1084.8,887.6,1102.5,649.1,1002.1,5,1,1002.0,805,13,1001.9,599,7,1001.8,921,8,1001.7,866,13,1002.3,53,1,1002.5,101,3,1002.6,330,4,1002.7,1067,8,1002.8,1450,17
317,2025-11-26 11:14:53+05:30,1002.3,1,997.16,4626820,410778.0,489587.0,986.2,1004.2,981.3,986.2,120681000,1084.8,887.6,1102.5,649.1,1002.0,1364,17,1001.9,775,10,1001.8,921,8,1001.7,806,13,1001.6,984,16,1002.3,52,1,1002.5,101,3,1002.6,514,5,1002.7,546,7,1002.8,1478,19
317,2025-11-26 11:14:53+05:30,1002.3,1,997.16,4626820,410778.0,489587.0,986.2,1004.2,981.3,986.2,120681000,1084.8,887.6,1102.5,649.1,1002.0,1364,17,1001.9,775,10,1001.8,921,8,1001.7,806,13,1001.6,984,16,1002.3,52,1,1002.5,101,3,1002.6,514,5,1002.7,546,7,1002.8,1478,19
317,2025-11-26 11:14:54+05:30,1002.3,52,997.16,4627164,410691.0,489084.0,986.2,1004.2,981.3,986.2,120681000,1084.8,887.6,1102.5,649.1,1002.4,112,1,1002.3,19,1,1002.1,609,2,1002.0,972,16,1001.9,719,10,1002.5,64,3,1002.6,262,3,1002.7,605,8,1002.8,746,17,1002.9,1415,12
317,2025-11-26 11:14:54+05:30,1002.3,52,997.16,4627164,410691.0,489084.0,986.2,1004.2,981.3,986.2,120681000,1084.8,887.6,1102.5,649.1,1002.4,112,1,1002.3,19,1,1002.1,609,2,1002.0,972,16,1001.9,719,10,1002.5,64,3,1002.6,262,3,1002.7,605,8,1002.8,746,17,1002.9,1415,12
317,2025-11-26 11:14:55+05:30,1002.4,45,997.16,4627334,410571.0,488772.0,986.2,1004.2,981.3,986.2,120681000,1084.8,887.6,1102.5,649.1,1002.4,97,2,1002.3,19,1,1002.2,57,1,1002.1,869,4,1002.0,1026,17,1002.5,41,2,1002.6,5,1,1002.7,462,5,1002.8,1226,11,1002.9,1474,15
317,2025-11-26 11:14:55+05:30,1002.4,45,997.16,4627334,410571.0,488772.0,986.2,1004.2,981.3,986.2,120681000,1084.8,887.6,1102.5,649.1,1002.4,97,2,1002.3,19,1,1002.2,57,1,1002.1,869,4,1002.0,1026,17,1002.5,41,2,1002.6,5,1,1002.7,462,5,1002.8,1226,11,1002.9,1474,15
317,2025-11-26 11:14:56+05:30,1002.6,39,997.16,4627415,412840.0,487379.0,986.2,1004.2,981.3,986.2,120681000,1084.8,887.6,1102.5,649.1,1002.6,28,1,1002.5,19,1,1002.3,5,1,1002.2,666,6,1002.1,969,6,1002.7,1,1,1002.8,454,6,1002.9,422,7,1003.0,961,16,1003.1,1404,16
317,2025-11-26 11:14:56+05:30,1002.6,39,997.16,4627415,412840.0,487379.0,986.2,1004.2,981.3,986.2,120681000,1084.8,887.6,1102.5,649.1,1002.6,28,1,1002.5,19,1,1002.3,5,1,1002.2,666,6,1002.1,969,6,1002.7,1,1,1002.8,454,6,1002.9,422,7,1003.0,961,16,1003.1,1404,16
317,2025-11-26 11:14:57+05:30,1002.6,39,997.16,4627415,412679.0,487895.0,986.2,1004.2,981.3,986.2,120681000,1084.8,887.6,1102.5,649.1,1002.6,46,3,1002.5,19,1,1002.3,5,1,1002.2,666,6,1002.1,1000,7,1002.7,1,1,1002.8,454,6,1002.9,427,8,1003.0,1016,20,1003.1,1562,15
317,2025-11-26 11:14:58+05:30,1002.7,89,997.16,4627505,412598.0,488565.0,986.2,1004.2,981.3,986.2,120681000,1084.8,887.6,1102.5,649.1,1002.6,46,3,1002.3,137,2,1002.2,666,6,1002.1,1000,7,1002.0,1978,21,1002.7,144,1,1002.8,898,8,1002.9,502,9,1003.0,941,19,1003.1,1562,15
317,2025-11-26 11:14:58+05:30,1002.7,89,997.16,4627505,412598.0,488565.0,986.2,1004.2,981.3,986.2,120681000,1084.8,887.6,1102.5,649.1,1002.6,46,3,1002.3,137,2,1002.2,666,6,1002.1,1000,7,1002.0,1978,21,1002.7,144,1,1002.8,898,8,1002.9,502,9,1003.0,941,19,1003.1,1562,15
317,2025-11-26 11:14:59+05:30,1002.6,1,997.16,4627720,412615.0,488522.0,986.2,1004.2,981.3,986.2,120681000,1084.8,887.6,1102.5,649.1,1002.6,16,1,1002.3,137,2,1002.2,666,6,1002.1,1000,7,1002.0,2055,24,1002.7,192,1,1002.8,774,6,1002.9,554,11,1003.0,986,19,1003.1,1562,15
317,2025-11-26 11:14:59+05:30,1002.6,1,997.16,4627720,412615.0,488522.0,986.2,1004.2,981.3,986.2,120681000,1084.8,887.6,1102.5,649.1,1002.6,16,1,1002.3,137,2,1002.2,666,6,1002.1,1000,7,1002.0,2055,24,1002.7,192,1,1002.8,774,6,1002.9,554,11,1003.0,986,19,1003.1,1562,15
317,2025-11-26 11:15:00+05:30,1002.6,40,997.16,4627720,412615.0,488522.0,986.2,1004.2,981.3,986.2,120681000,1084.8,887.6,1102.5,649.1,1002.6,16,1,1002.3,137,2,1002.2,666,6,1002.1,1000,7,1002.0,2055,24,1002.7,192,1,1002.8,774,6,1002.9,554,11,1003.0,986,19,1003.1,1562,15
317,2025-11-26 11:15:00+05:30,1002.3,3,997.16,4627889,412329.0,489255.0,986.2,1004.2,981.3,986.2,120681000,1084.8,887.6,1102.5,649.1,1002.3,645,3,1002.2,626,7,1002.1,741,9,1002.0,1055,25,1001.9,1068,11,1002.6,56,1,1002.7,192,1,1002.8,774,6,1002.9,666,12,1003.0,961,18
317,2025-11-26 11:15:01+05:30,1002.4,6,997.16,4627889,412329.0,489255.0,986.2,1004.2,981.3,986.2,120681000,1084.8,887.6,1102.5,649.1,1002.3,645,3,1002.2,626,7,1002.1,741,9,1002.0,1055,25,1001.9,1068,11,1002.6,56,1,1002.7,192,1,1002.8,774,6,1002.9,666,12,1003.0,961,18
317,2025-11-26 11:15:01+05:30,1002.4,6,997.16,4629009,414038.0,488203.0,986.2,1004.2,981.3,986.2,120681000,1084.8,887.6,1102.5,649.1,1002.4,181,3,1002.3,956,8,1002.2,827,10,1002.1,666,8,1002.0,2175,31,1002.7,13,1,1002.8,459,4,1002.9,190,6,1003.0,807,14,1003.1,1360,13
317,2025-11-26 11:15:02+05:30,1002.7,1,997.16,4629009,414038.0,488203.0,986.2,1004.2,981.3,986.2,120681000,1084.8,887.6,1102.5,649.1,1002.4,181,3,1002.3,956,8,1002.2,827,10,1002.1,666,8,1002.0,2175,31,1002.7,13,1,1002.8,459,4,1002.9,190,6,1003.0,807,14,1003.1,1360,13
317,2025-11-26 11:15:02+05:30,1002.7,3,997.16,4629138,415611.0,486500.0,986.2,1004.2,981.3,986.2,120681000,1084.8,887.6,1102.5,649.1,1002.7,3,1,1002.4,267,6,1002.3,1134,9,1002.2,721,9,1002.1,1480,11,1002.8,461,5,1002.9,14,4,1003.0,440,11,1003.1,431,6,1003.2,1356,12
317,2025-11-26 11:15:03+05:30,1002.4,84,997.16,4629138,415611.0,486500.0,986.2,1004.2,981.3,986.2,120681000,1084.8,887.6,1102.5,649.1,1002.7,3,1,1002.4,267,6,1002.3,1134,9,1002.2,721,9,1002.1,1480,11,1002.8,461,5,1002.9,14,4,1003.0,440,11,1003.1,431,6,1003.2,1356,12
317,2025-11-26 11:15:03+05:30,1002.4,84,997.16,4629621,413121.0,487710.0,986.2,1004.2,981.3,986.2,120681000,1084.8,887.6,1102.5,649.1,1002.4,696,3,1002.3,386,5,1002.2,656,8,1002.1,679,9,1002.0,2585,28,1002.8,382,3,1002.9,596,7,1003.0,494,12,1003.1,670,10,1003.2,902,13
317,2025-11-26 11:15:04+05:30,1002.8,185,997.16,4629621,413121.0,487710.0,986.2,1004.2,981.3,986.2,120681000,1084.8,887.6,1102.5,649.1,1002.4,696,3,1002.3,386,5,1002.2,656,8,1002.1,679,9,1002.0,2585,28,1002.8,382,3,1002.9,596,7,1003.0,494,12,1003.1,670,10,1003.2,902,13
317,2025-11-26 11:15:04+05:30,1002.8,100,997.16,4629906,413457.0,487416.0,986.2,1004.2,981.3,986.2,120681000,1084.8,887.6,1102.5,649.1,1002.4,723,4,1002.3,386,5,1002.2,656,8,1002.1,942,11,1002.0,2552,28,1002.8,99,4,1002.9,596,7,1003.0,336,13,1003.1,644,8,1003.2,907,14
317,2025-11-26 11:15:05+05:30,1002.8,16,997.16,4629906,413457.0,487416.0,986.2,1004.2,981.3,986.2,120681000,1084.8,887.6,1102.5,649.1,1002.4,723,4,1002.3,386,5,1002.2,656,8,1002.1,942,11,1002.0,2552,28,1002.8,99,4,1002.9,596,7,1003.0,336,13,1003.1,644,8,1003.2,907,14
317,2025-11-26 11:15:05+05:30,1002.8,16,997.16,4629999,413484.0,487720.0,986.2,1004.2,981.3,986.2,120681000,1084.8,887.6,1102.5,649.1,1002.4,685,3,1002.3,336,4,1002.2,656,8,1002.1,666,8,1002.0,2828,31,1002.8,402,4,1002.9,768,8,1003.0,526,14,1003.1,642,7,1003.2,1452,14
317,2025-11-26 11:15:06+05:30,1002.4,1,997.16,4629999,413484.0,487720.0,986.2,1004.2,981.3,986.2,120681000,1084.8,887.6,1102.5,649.1,1002.4,685,3,1002.3,336,4,1002.2,656,8,1002.1,666,8,1002.0,2828,31,1002.8,402,4,1002.9,768,8,1003.0,526,14,1003.1,642,7,1003.2,1452,14
317,2025-11-26 11:15:06+05:30,1002.4,1,997.16,4630000,414305.0,487819.0,986.2,1004.2,981.3,986.2,120681000,1084.8,887.6,1102.5,649.1,1002.4,235,5,1002.3,1038,8,1002.2,587,7,1002.1,942,11,1002.0,2552,28,1002.8,402,4,1002.9,768,8,1003.0,632,15,1003.1,642,7,1003.2,896,12
317,2025-11-26 11:15:07+05:30,1002.4,1,997.16,4630001,414334.0,487795.0,986.2,1004.2,981.3,986.2,120681000,1084.8,887.6,1102.5,649.1,1002.4,234,5,1002.3,1038,8,1002.2,613,9,1002.1,916,9,1002.0,2552,28,1002.8,402,4,1002.9,768,8,1003.0,632,15,1003.1,642,7,1003.2,896,12
317,2025-11-26 11:15:08+05:30,1002.4,1,997.16,4630001,414334.0,487795.0,986.2,1004.2,981.3,986.2,120681000,1084.8,887.6,1102.5,649.1,1002.4,234,5,1002.3,1038,8,1002.2,613,9,1002.1,916,9,1002.0,2552,28,1002.8,402,4,1002.9,768,8,1003.0,632,15,1003.1,642,7,1003.2,896,12
317,2025-11-26 11:15:08+05:30,1002.4,1,997.16,4630001,414347.0,487877.0,986.2,1004.2,981.3,986.2,120681000,1084.8,887.6,1102.5,649.1,1002.4,247,6,1002.3,1038,8,1002.2,613,9,1002.1,916,9,1002.0,2552,28,1002.8,402,4,1002.9,768,8,1003.0,632,15,1003.1,701,8,1003.2,896,12
317,2025-11-26 11:15:09+05:30,1002.8,179,997.16,4630001,414347.0,487877.0,986.2,1004.2,981.3,986.2,120681000,1084.8,887.6,1102.5,649.1,1002.4,247,6,1002.3,1038,8,1002.2,613,9,1002.1,916,9,1002.0,2552,28,1002.8,402,4,1002.9,768,8,1003.0,632,15,1003.1,701,8,1003.2,896,12
317,2025-11-26 11:15:09+05:30,1002.8,179,997.16,4630186,414307.0,487561.0,986.2,1004.2,981.3,986.2,120681000,1084.8,887.6,1102.5,649.1,1002.4,207,5,1002.3,920,6,1002.2,682,10,1002.1,916,9,1002.0,2552,28,1002.8,259,4,1002.9,596,7,1003.0,632,15,1003.1,701,8,1003.2,896,12
317,2025-11-26 11:15:10+05:30,1002.6,750,997.16,4630186,414307.0,487561.0,986.2,1004.2,981.3,986.2,120681000,1084.8,887.6,1102.5,649.1,1002.4,207,5,1002.3,920,6,1002.2,682,10,1002.1,916,9,1002.0,2552,28,1002.8,259,4,1002.9,596,7,1003.0,632,15,1003.1,701,8,1003.2,896,12
317,2025-11-26 11:15:11+05:30,1002.6,78,997.16,4631135,414685.0,486137.0,986.2,1004.2,981.3,986.2,120681000,1084.8,887.6,1102.5,649.1,1002.2,1302,11,1002.1,992,10,1002.0,2711,27,1001.9,838,9,1001.8,994,9,1002.6,18,1,1002.7,2,1,1002.8,591,8,1002.9,1043,11,1003.0,789,19
317,2025-11-26 11:15:11+05:30,1002.6,78,997.16,4631135,414685.0,486137.0,986.2,1004.2,981.3,986.2,120681000,1084.8,887.6,1102.5,649.1,1002.2,1302,11,1002.1,992,10,1002.0,2711,27,1001.9,838,9,1001.8,994,9,1002.6,18,1,1002.7,2,1,1002.8,591,8,1002.9,1043,11,1003.0,789,19
317,2025-11-26 11:15:12+05:30,1002.2,29,997.16,4631377,413923.0,486635.0,986.2,1004.2,981.3,986.2,120681000,1084.8,887.6,1102.5,649.1,1002.2,963,9,1002.1,861,10,1002.0,2371,25,1001.9,838,9,1001.8,994,9,1002.6,18,1,1002.7,8,2,1002.8,492,7,1002.9,1043,11,1003.0,888,20
317,2025-11-26 11:15:12+05:30,1002.2,29,997.16,4631377,413923.0,486635.0,986.2,1004.2,981.3,986.2,120681000,1084.8,887.6,1102.5,649.1,1002.2,963,9,1002.1,861,10,1002.0,2371,25,1001.9,838,9,1001.8,994,9,1002.6,18,1,1002.7,8,2,1002.8,492,7,1002.9,1043,11,1003.0,888,20
317,2025-11-26 11:15:13+05:30,1002.2,29,997.16,4631377,413923.0,486664.0,986.2,1004.2,981.3,986.2,120681000,1084.8,887.6,1102.5,649.1,1002.2,963,9,1002.1,861,10,1002.0,2371,25,1001.9,838,9,1001.8,994,9,1002.6,18,1,1002.7,2,1,1002.8,492,7,1002.9,1049,12,1003.0,888,20
317,2025-11-26 11:15:14+05:30,1002.6,105,997.16,4631502,413843.0,486875.0,986.2,1004.2,981.3,986.2,120681000,1084.8,887.6,1102.5,649.1,1002.6,19,1,1002.3,311,2,1002.2,1048,9,1002.1,861,10,1002.0,2621,26,1002.8,504,8,1002.9,1010,11,1003.0,740,16,1003.1,1072,7,1003.2,738,14
317,2025-11-26 11:15:14+05:30,1002.6,105,997.16,4631502,413843.0,486875.0,986.2,1004.2,981.3,986.2,120681000,1084.8,887.6,1102.5,649.1,1002.6,19,1,1002.3,311,2,1002.2,1048,9,1002.1,861,10,1002.0,2621,26,1002.8,504,8,1002.9,1010,11,1003.0,740,16,1003.1,1072,7,1003.2,738,14
317,2025-11-26 11:15:15+05:30,1002.6,105,997.16,4631502,414095.0,487170.0,986.2,1004.2,981.3,986.2,120681000,1084.8,887.6,1102.5,649.1,1002.7,112,1,1002.6,19,1,1002.3,311,2,1002.2,1048,9,1002.1,789,9,1002.8,723,10,1002.9,1059,12,1003.0,634,15,1003.1,1143,9,1003.2,697,13
317,2025-11-26 11:15:16+05:30,1002.8,79,997.16,4631581,413877.0,487004.0,986.2,1004.2,981.3,986.2,120681000,1084.8,887.6,1102.5,649.1,1002.7,112,1,1002.3,921,3,1002.2,1048,9,1002.1,789,9,1002.0,2033,25,1002.8,749,13,1002.9,1062,14,1003.0,657,14,1003.1,1142,9,1003.2,766,14
317,2025-11-26 11:15:16+05:30,1002.8,79,997.16,4631581,413877.0,487004.0,986.2,1004.2,981.3,986.2,120681000,1084.8,887.6,1102.5,649.1,1002.7,112,1,1002.3,921,3,1002.2,1048,9,1002.1,789,9,1002.0,2033,25,1002.8,749,13,1002.9,1062,14,1003.0,657,14,1003.1,1142,9,1003.2,766,14
317,2025-11-26 11:15:17+05:30,1002.8,79,997.16,4631581,413747.0,487024.0,986.2,1004.2,981.3,986.2,120681000,1084.8,887.6,1102.5,649.1,1002.7,112,1,1002.3,921,3,1002.2,1048,9,1002.1,789,9,1002.0,2033,25,1002.8,749,13,1002.9,1062,14,1003.0,667,15,1003.1,1152,10,1003.2,766,14
317,2025-11-26 11:15:18+05:30,1002.8,79,997.16,4631581,413802.0,487024.0,986.2,1004.2,981.3,986.2,120681000,1084.8,887.6,1102.5,649.1,1002.7,112,1,1002.3,921,3,1002.2,1105,10,1002.1,789,9,1002.0,2068,25,1002.8,749,13,1002.9,1062,14,1003.0,667,15,1003.1,1152,10,1003.2,766,14
317,2025-11-26 11:15:19+05:30,1002.8,46,997.16,4631767,414143.0,486893.0,986.2,1004.2,981.3,986.2,120681000,1084.8,887.6,1102.5,649.1,1002.7,112,1,1002.4,558,1,1002.3,921,3,1002.2,606,9,1002.1,900,13,1002.8,292,8,1002.9,1131,13,1003.0,644,16,1003.1,1130,9,1003.2,946,15
317,2025-11-26 11:15:19+05:30,1002.8,46,997.16,4631767,414143.0,486893.0,986.2,1004.2,981.3,986.2,120681000,1084.8,887.6,1102.5,649.1,1002.7,112,1,1002.4,558,1,1002.3,921,3,1002.2,606,9,1002.1,900,13,1002.8,292,8,1002.9,1131,13,1003.0,644,16,1003.1,1130,9,1003.2,946,15
317,2025-11-26 11:15:20+05:30,1002.8,1,997.16,4631778,414499.0,486850.0,986.2,1004.2,981.3,986.2,120681000,1084.8,887.6,1102.5,649.1,1002.7,102,1,1002.4,558,1,1002.3,1101,4,1002.2,606,9,1002.1,1150,14,1002.8,266,7,1002.9,1131,13,1003.0,621,14,1003.1,645,7,1003.2,1462,13
317,2025-11-26 11:15:20+05:30,1002.7,102,997.16,4631778,414499.0,486850.0,986.2,1004.2,981.3,986.2,120681000,1084.8,887.6,1102.5,649.1,1002.7,102,1,1002.4,558,1,1002.3,1101,4,1002.2,606,9,1002.1,1150,14,1002.8,266,7,1002.9,1131,13,1003.0,621,14,1003.1,645,7,1003.2,1462,13
317,2025-11-26 11:15:21+05:30,1002.7,102,997.16,4631880,414944.0,487486.0,986.2,1004.2,981.3,986.2,120681000,1084.8,887.6,1102.5,649.1,1002.3,1344,6,1002.2,764,10,1002.1,886,12,1002.0,2102,24,1001.9,838,9,1002.7,96,1,1002.8,260,8,1002.9,1073,12,1003.0,868,18,1003.1,668,8
317,2025-11-26 11:15:22+05:30,1002.7,1,997.16,4631880,414944.0,487486.0,986.2,1004.2,981.3,986.2,120681000,1084.8,887.6,1102.5,649.1,1002.3,1344,6,1002.2,764,10,1002.1,886,12,1002.0,2102,24,1001.9,838,9,1002.7,96,1,1002.8,260,8,1002.9,1073,12,1003.0,868,18,1003.1,668,8
317,2025-11-26 11:15:22+05:30,1002.7,134,997.16,4632015,414824.0,487321.0,986.2,1004.2,981.3,986.2,120681000,1084.8,887.6,1102.5,649.1,1002.3,1374,7,1002.2,652,8,1002.1,787,9,1002.0,2023,19,1001.9,838,9,1002.7,96,1,1002.8,339,8,1002.9,974,11,1003.0,698,17,1003.1,1253,9
317,2025-11-26 11:15:23+05:30,1002.7,1,997.16,4632015,414824.0,487321.0,986.2,1004.2,981.3,986.2,120681000,1084.8,887.6,1102.5,649.1,1002.3,1374,7,1002.2,652,8,1002.1,787,9,1002.0,2023,19,1001.9,838,9,1002.7,96,1,1002.8,339,8,1002.9,974,11,1003.0,698,17,1003.1,1253,9
317,2025-11-26 11:15:23+05:30,1002.7,1,997.16,4632016,414989.0,487349.0,986.2,1004.2,981.3,986.2,120681000,1084.8,887.6,1102.5,649.1,1002.3,1439,8,1002.2,636,8,1002.1,877,15,1002.0,2087,21,1001.9,838,9,1002.7,95,1,1002.8,339,8,1002.9,974,11,1003.0,698,17,1003.1,1255,9
317,2025-11-26 11:15:24+05:30,1002.7,184,997.16,4632016,414989.0,487349.0,986.2,1004.2,981.3,986.2,120681000,1084.8,887.6,1102.5,649.1,1002.3,1439,8,1002.2,636,8,1002.1,877,15,1002.0,2087,21,1001.9,838,9,1002.7,95,1,1002.8,339,8,1002.9,974,11,1003.0,698,17,1003.1,1255,9
317,2025-11-26 11:15:24+05:30,1002.7,184,997.16,4632200,415492.0,486643.0,986.2,1004.2,981.3,986.2,120681000,1084.8,887.6,1102.5,649.1,1002.3,1423,8,1002.2,701,9,1002.1,877,15,1002.0,2233,24,1001.9,887,10,1002.7,96,1,1002.8,259,7,1002.9,624,8,1003.0,576,16,1003.1,1254,9
317,2025-11-26 11:15:25+05:30,1002.7,16,997.16,4632200,415492.0,486643.0,986.2,1004.2,981.3,986.2,120681000,1084.8,887.6,1102.5,649.1,1002.3,1423,8,1002.2,701,9,1002.1,877,15,1002.0,2233,24,1001.9,887,10,1002.7,96,1,1002.8,259,7,1002.9,624,8,1003.0,576,16,1003.1,1254,9
317,2025-11-26 11:15:25+05:30,1002.3,42,997.16,4632869,414462.0,487397.0,986.2,1004.2,981.3,986.2,120681000,1084.8,887.6,1102.5,649.1,1002.3,586,3,1002.2,374,5,1002.1,826,15,1002.0,1933,22,1001.9,887,10,1002.7,133,2,1002.8,599,13,1002.9,1104,15,1003.0,576,16,1003.1,1235,9
317,2025-11-26 11:15:26+05:30,1002.3,69,997.16,4632869,414462.0,487397.0,986.2,1004.2,981.3,986.2,120681000,1084.8,887.6,1102.5,649.1,1002.3,586,3,1002.2,374,5,1002.1,826,15,1002.0,1933,22,1001.9,887,10,1002.7,133,2,1002.8,599,13,1002.9,1104,15,1003.0,576,16,1003.1,1235,9
317,2025-11-26 11:15:26+05:30,1002.7,4,997.16,4632994,414067.0,487400.0,986.2,1004.2,981.3,986.2,120681000,1084.8,887.6,1102.5,649.1,1002.3,622,3,1002.2,311,5,1002.1,826,15,1002.0,1869,20,1001.9,1137,11,1002.7,129,2,1002.8,715,14,1002.9,1171,14,1003.0,577,17,1003.1,664,9
317,2025-11-26 11:15:27+05:30,1002.7,50,997.16,4632994,414067.0,487400.0,986.2,1004.2,981.3,986.2,120681000,1084.8,887.6,1102.5,649.1,1002.3,622,3,1002.2,311,5,1002.1,826,15,1002.0,1869,20,1001.9,1137,11,1002.7,129,2,1002.8,715,14,1002.9,1171,14,1003.0,577,17,1003.1,664,9
317,2025-11-26 11:15:27+05:30,1002.7,50,997.16,4633044,414140.0,487378.0,986.2,1004.2,981.3,986.2,120681000,1084.8,887.6,1102.5,649.1,1002.3,685,5,1002.2,376,6,1002.1,761,14,1002.0,2119,21,1001.9,887,10,1002.7,79,2,1002.8,650,13,1002.9,1171,14,1003.0,642,18,1003.1,670,10
317,2025-11-26 11:15:28+05:30,1002.7,4,997.16,4633048,414079.0,487250.0,986.2,1004.2,981.3,986.2,120681000,1084.8,887.6,1102.5,649.1,1002.3,685,5,1002.2,376,6,1002.1,761,14,1002.0,2058,20,1001.9,887,10,1002.7,13,1,1002.8,517,11,1002.9,1161,14,1003.0,642,18,1003.1,1235,10
317,2025-11-26 11:15:29+05:30,1002.7,1,997.16,4633048,414079.0,487250.0,986.2,1004.2,981.3,986.2,120681000,1084.8,887.6,1102.5,649.1,1002.3,685,5,1002.2,376,6,1002.1,761,14,1002.0,2058,20,1001.9,887,10,1002.7,13,1,1002.8,517,11,1002.9,1161,14,1003.0,642,18,1003.1,1235,10
317,2025-11-26 11:15:29+05:30,1002.7,1,997.16,4633062,414622.0,486803.0,986.2,1004.2,981.3,986.2,120681000,1084.8,887.6,1102.5,649.1,1002.7,5,1,1002.3,393,4,1002.2,857,6,1002.1,761,14,1002.0,2022,20,1002.8,595,13,1002.9,927,12,1003.0,524,17,1003.1,1162,9,1003.2,752,13
317,2025-11-26 11:15:30+05:30,1002.7,6,997.16,4633062,414622.0,486803.0,986.2,1004.2,981.3,986.2,120681000,1084.8,887.6,1102.5,649.1,1002.7,5,1,1002.3,393,4,1002.2,857,6,1002.1,761,14,1002.0,2022,20,1002.8,595,13,1002.9,927,12,1003.0,524,17,1003.1,1162,9,1003.2,752,13
317,2025-11-26 11:15:30+05:30,1002.3,8,997.16,4633250,414167.0,486884.0,986.2,1004.2,981.3,986.2,120681000,1084.8,887.6,1102.5,649.1,1002.3,294,7,1002.2,1150,10,1002.1,760,14,1002.0,1994,21,1001.9,887,10,1002.7,87,1,1002.8,415,9,1002.9,876,10,1003.0,702,20,1003.1,590,7
317,2025-11-26 11:15:31+05:30,1002.3,24,997.16,4633250,414167.0,486884.0,986.2,1004.2,981.3,986.2,120681000,1084.8,887.6,1102.5,649.1,1002.3,294,7,1002.2,1150,10,1002.1,760,14,1002.0,1994,21,1001.9,887,10,1002.7,87,1,1002.8,415,9,1002.9,876,10,1003.0,702,20,1003.1,590,7
317,2025-11-26 11:15:31+05:30,1002.3,24,997.16,4633305,414179.0,486912.0,986.2,1004.2,981.3,986.2,120681000,1084.8,887.6,1102.5,649.1,1002.3,212,5,1002.2,1103,9,1002.1,760,14,1002.0,1994,21,1001.9,887,10,1002.7,88,2,1002.8,460,9,1002.9,876,10,1003.0,701,19,1003.1,590,7
317,2025-11-26 11:15:32+05:30,1002.7,3,997.16,4633305,414179.0,486912.0,986.2,1004.2,981.3,986.2,120681000,1084.8,887.6,1102.5,649.1,1002.3,212,5,1002.2,1103,9,1002.1,760,14,1002.0,1994,21,1001.9,887,10,1002.7,88,2,1002.8,460,9,1002.9,876,10,1003.0,701,19,1003.1,590,7
317,2025-11-26 11:15:33+05:30,1002.7,3,997.16,4633308,411732.0,486931.0,986.2,1004.2,981.3,986.2,120681000,1084.8,887.6,1102.5,649.1,1002.3,212,5,1002.2,1103,9,1002.1,760,14,1002.0,2047,22,1001.9,887,10,1002.7,86,3,1002.8,460,9,1002.9,878,11,1003.0,701,19,1003.1,612,8
317,2025-11-26 11:15:34+05:30,1002.7,2,997.16,4633496,411717.0,486994.0,986.2,1004.2,981.3,986.2,120681000,1084.8,887.6,1102.5,649.1,1002.3,212,5,1002.2,1042,8,1002.1,821,15,1002.0,2047,22,1001.9,887,10,1002.7,95,2,1002.8,521,10,1002.9,878,11,1003.0,640,18,1003.1,590,7
317,2025-11-26 11:15:34+05:30,1002.7,20,997.16,4633496,411717.0,486994.0,986.2,1004.2,981.3,986.2,120681000,1084.8,887.6,1102.5,649.1,1002.3,212,5,1002.2,1042,8,1002.1,821,15,1002.0,2047,22,1001.9,887,10,1002.7,95,2,1002.8,521,10,1002.9,878,11,1003.0,640,18,1003.1,590,7
317,2025-11-26 11:15:35+05:30,1002.7,70,997.16,4634468,411901.0,487326.0,986.2,1004.2,981.3,986.2,120681000,1084.8,887.6,1102.5,649.1,1002.3,287,6,1002.2,1213,10,1002.1,821,15,1002.0,2150,22,1001.9,887,10,1002.7,17,1,1002.8,293,7,1002.9,948,11,1003.0,700,18,1003.1,1152,8
317,2025-11-26 11:15:35+05:30,1002.7,70,997.16,4634468,411901.0,487326.0,986.2,1004.2,981.3,986.2,120681000,1084.8,887.6,1102.5,649.1,1002.3,287,6,1002.2,1213,10,1002.1,821,15,1002.0,2150,22,1001.9,887,10,1002.7,17,1,1002.8,293,7,1002.9,948,11,1003.0,700,18,1003.1,1152,8
317,2025-11-26 11:15:36+05:30,1002.7,3,997.16,4634471,415419.0,487494.0,986.2,1004.2,981.3,986.2,120681000,1084.8,887.6,1102.5,649.1,1002.3,938,11,1002.2,804,10,1002.1,1010,15,1002.0,1911,22,1001.9,917,11,1002.7,14,1,1002.8,512,8,1002.9,901,10,1003.0,700,18,1003.1,590,7
317,2025-11-26 11:15:36+05:30,1002.7,3,997.16,4634471,415419.0,487494.0,986.2,1004.2,981.3,986.2,120681000,1084.8,887.6,1102.5,649.1,1002.3,938,11,1002.2,804,10,1002.1,1010,15,1002.0,1911,22,1001.9,917,11,1002.7,14,1,1002.8,512,8,1002.9,901,10,1003.0,700,18,1003.1,590,7
317,2025-11-26 11:15:37+05:30,1002.7,6,997.16,4634719,415095.0,487495.0,986.2,1004.2,981.3,986.2,120681000,1084.8,887.6,1102.5,649.1,1002.3,874,10,1002.2,572,8,1002.1,1010,15,1002.0,1911,22,1001.9,887,10,1002.7,9,2,1002.8,452,8,1002.9,962,11,1003.0,761,19,1003.1,590,7
317,2025-11-26 11:15:37+05:30,1002.7,6,997.16,4634719,415095.0,487495.0,986.2,1004.2,981.3,986.2,120681000,1084.8,887.6,1102.5,649.1,1002.3,874,10,1002.2,572,8,1002.1,1010,15,1002.0,1911,22,1001.9,887,10,1002.7,9,2,1002.8,452,8,1002.9,962,11,1003.0,761,19,1003.1,590,7
317,2025-11-26 11:15:38+05:30,1002.7,6,997.16,4634719,414805.0,487571.0,986.2,1004.2,981.3,986.2,120681000,1084.8,887.6,1102.5,649.1,1002.3,690,9,1002.2,572,8,1002.1,1010,15,1002.0,1911,22,1001.9,887,10,1002.7,66,3,1002.8,398,7,1002.9,962,11,1003.0,737,19,1003.1,657,9
317,2025-11-26 11:15:39+05:30,1002.7,6,997.17,4634911,414759.0,487208.0,986.2,1004.2,981.3,986.2,120681000,1084.8,887.6,1102.5,649.1,1002.3,788,9,1002.2,580,8,1002.1,909,13,1002.0,1862,21,1001.9,887,10,1002.7,28,1,1002.8,398,7,1002.9,1007,12,1003.0,627,16,1003.1,543,7
317,2025-11-26 11:15:39+05:30,1002.7,6,997.17,4634911,414759.0,487208.0,986.2,1004.2,981.3,986.2,120681000,1084.8,887.6,1102.5,649.1,1002.3,788,9,1002.2,580,8,1002.1,909,13,1002.0,1862,21,1001.9,887,10,1002.7,28,1,1002.8,398,7,1002.9,1007,12,1003.0,627,16,1003.1,543,7
317,2025-11-26 11:15:40+05:30,1002.7,1,997.17,4634912,414816.0,488339.0,986.2,1004.2,981.3,986.2,120681000,1084.8,887.6,1102.5,649.1,1002.3,230,5,1002.2,1087,8,1002.1,720,13,1002.0,1958,20,1001.9,887,10,1002.5,96,1,1002.7,47,2,1002.8,578,8,1002.9,1041,14,1003.0,676,17
317,2025-11-26 11:15:40+05:30,1002.7,1,997.17,4634912,414816.0,488339.0,986.2,1004.2,981.3,986.2,120681000,1084.8,887.6,1102.5,649.1,1002.3,230,5,1002.2,1087,8,1002.1,720,13,1002.0,1958,20,1001.9,887,10,1002.5,96,1,1002.7,47,2,1002.8,578,8,1002.9,1041,14,1003.0,676,17
317,2025-11-26 11:15:41+05:30,1002.5,89,997.17,4635006,415150.0,487860.0,986.2,1004.2,981.3,986.2,120681000,1084.8,887.6,1102.5,649.1,1002.3,364,6,1002.2,1164,9,1002.1,939,14,1002.0,1708,19,1001.9,887,10,1002.5,2,1,1002.7,96,3,1002.8,577,7,1002.9,609,13,1003.0,689,18
317,2025-11-26 11:15:41+05:30,1002.5,89,997.17,4635006,415150.0,487860.0,986.2,1004.2,981.3,986.2,120681000,1084.8,887.6,1102.5,649.1,1002.3,364,6,1002.2,1164,9,1002.1,939,14,1002.0,1708,19,1001.9,887,10,1002.5,2,1,1002.7,96,3,1002.8,577,7,1002.9,609,13,1003.0,689,18
317,2025-11-26 11:15:42+05:30,1002.5,89,997.17,4635006,415150.0,487915.0,986.2,1004.2,981.3,986.2,120681000,1084.8,887.6,1102.5,649.1,1002.3,364,6,1002.2,1164,9,1002.1,939,14,1002.0,1708,19,1001.9,887,10,1002.5,2,1,1002.6,59,1,1002.7,104,3,1002.8,577,7,1002.9,554,12
317,2025-11-26 11:15:43+05:30,1002.5,5,997.17,4635011,414307.0,488618.0,986.2,1004.2,981.3,986.2,120681000,1084.8,887.6,1102.5,649.1,1002.3,64,2,1002.2,585,2,1002.1,691,12,1002.0,1689,17,1001.9,1149,12,1002.5,96,1,1002.6,64,2,1002.7,579,6,1002.8,883,13,1002.9,582,12
317,2025-11-26 11:15:43+05:30,1002.3,10,997.17,4635011,414307.0,488618.0,986.2,1004.2,981.3,986.2,120681000,1084.8,887.6,1102.5,649.1,1002.3,64,2,1002.2,585,2,1002.1,691,12,1002.0,1689,17,1001.9,1149,12,1002.5,96,1,1002.6,64,2,1002.7,579,6,1002.8,883,13,1002.9,582,12
317,2025-11-26 11:15:44+05:30,1002.3,10,997.17,4635217,414402.0,488615.0,986.2,1004.2,981.3,986.2,120681000,1084.8,887.6,1102.5,649.1,1002.3,62,4,1002.2,814,4,1002.1,826,16,1002.0,1939,18,1001.9,899,11,1002.5,96,1,1002.6,64,2,1002.7,425,5,1002.8,819,11,1002.9,605,11
317,2025-11-26 11:15:44+05:30,1002.5,4,997.17,4635217,414402.0,488615.0,986.2,1004.2,981.3,986.2,120681000,1084.8,887.6,1102.5,649.1,1002.3,62,4,1002.2,814,4,1002.1,826,16,1002.0,1939,18,1001.9,899,11,1002.5,96,1,1002.6,64,2,1002.7,425,5,1002.8,819,11,1002.9,605,11
317,2025-11-26 11:15:45+05:30,1002.5,16,997.17,4635238,414528.0,488715.0,986.2,1004.2,981.3,986.2,120681000,1084.8,887.6,1102.5,649.1,1002.3,62,4,1002.2,814,4,1002.1,826,16,1002.0,1939,18,1001.9,899,11,1002.5,75,1,1002.6,64,2,1002.7,425,5,1002.8,863,12,1002.9,605,11
317,2025-11-26 11:15:45+05:30,1002.6,232,997.17,4635238,414528.0,488715.0,986.2,1004.2,981.3,986.2,120681000,1084.8,887.6,1102.5,649.1,1002.3,62,4,1002.2,814,4,1002.1,826,16,1002.0,1939,18,1001.9,899,11,1002.5,75,1,1002.6,64,2,1002.7,425,5,1002.8,863,12,1002.9,605,11
317,2025-11-26 11:15:46+05:30,1002.7,107,997.17,4636245,415885.0,486588.0,986.2,1004.2,981.3,986.2,120681000,1084.8,887.6,1102.5,649.1,1002.6,241,2,1002.3,389,4,1002.2,1144,7,1002.1,888,10,1002.0,2070,27,1002.7,35,1,1002.8,397,6,1002.9,522,10,1003.0,966,26,1003.1,672,9
317,2025-11-26 11:15:46+05:30,1002.7,107,997.17,4636245,415885.0,486588.0,986.2,1004.2,981.3,986.2,120681000,1084.8,887.6,1102.5,649.1,1002.6,241,2,1002.3,389,4,1002.2,1144,7,1002.1,888,10,1002.0,2070,27,1002.7,35,1,1002.8,397,6,1002.9,522,10,1003.0,966,26,1003.1,672,9
317,2025-11-26 11:15:47+05:30,1002.7,3,997.17,4636538,414500.0,487293.0,986.2,1004.2,981.3,986.2,120681000,1084.8,887.6,1102.5,649.1,1002.3,87,1,1002.2,884,7,1002.1,888,10,1002.0,2035,27,1001.9,1121,12,1002.7,89,3,1002.8,653,10,1002.9,629,13,1003.0,1047,27,1003.1,672,9
317,2025-11-26 11:15:47+05:30,1002.7,3,997.17,4636538,414500.0,487293.0,986.2,1004.2,981.3,986.2,120681000,1084.8,887.6,1102.5,649.1,1002.3,87,1,1002.2,884,7,1002.1,888,10,1002.0,2035,27,1001.9,1121,12,1002.7,89,3,1002.8,653,10,1002.9,629,13,1003.0,1047,27,1003.1,672,9
317,2025-11-26 11:15:48+05:30,1002.7,9,997.17,4636547,414780.0,486894.0,986.2,1004.2,981.3,986.2,120681000,1084.8,887.6,1102.5,649.1,1002.3,213,4,1002.2,1036,8,1002.1,902,9,1002.0,1968,23,1001.9,1044,11,1002.7,25,3,1002.8,514,8,1002.9,638,13,1003.0,1006,26,1003.1,672,9
317,2025-11-26 11:15:48+05:30,1002.7,9,997.17,4636547,414780.0,486894.0,986.2,1004.2,981.3,986.2,120681000,1084.8,887.6,1102.5,649.1,1002.3,213,4,1002.2,1036,8,1002.1,902,9,1002.0,1968,23,1001.9,1044,11,1002.7,25,3,1002.8,514,8,1002.9,638,13,1003.0,1006,26,1003.1,672,9
317,2025-11-26 11:15:49+05:30,1002.6,100,997.17,4636647,415825.0,487461.0,986.2,1004.2,981.3,986.2,120681000,1084.8,887.6,1102.5,649.1,1002.6,19,1,1002.3,227,3,1002.2,1003,8,1002.1,1007,16,1002.0,1810,20,1002.7,293,4,1002.8,661,9,1002.9,451,10,1003.0,1416,27,1003.1,672,9
317,2025-11-26 11:15:49+05:30,1002.6,100,997.17,4636647,415825.0,487461.0,986.2,1004.2,981.3,986.2,120681000,1084.8,887.6,1102.5,649.1,1002.6,19,1,1002.3,227,3,1002.2,1003,8,1002.1,1007,16,1002.0,1810,20,1002.7,293,4,1002.8,661,9,1002.9,451,10,1003.0,1416,27,1003.1,672,9
317,2025-11-26 11:15:50+05:30,1002.7,7,997.17,4636654,415936.0,487415.0,986.2,1004.2,981.3,986.2,120681000,1084.8,887.6,1102.5,649.1,1002.6,19,1,1002.3,227,3,1002.2,1029,10,1002.1,981,14,1002.0,1911,21,1002.7,209,3,1002.8,738,10,1002.9,471,11,1003.0,1366,24,1003.1,678,10
317,2025-11-26 11:15:50+05:30,1002.6,1,997.17,4636654,415936.0,487415.0,986.2,1004.2,981.3,986.2,120681000,1084.8,887.6,1102.5,649.1,1002.6,19,1,1002.3,227,3,1002.2,1029,10,1002.1,981,14,1002.0,1911,21,1002.7,209,3,1002.8,738,10,1002.9,471,11,1003.0,1366,24,1003.1,678,10
317,2025-11-26 11:15:51+05:30,1002.3,40,997.17,4637532,414814.0,488027.0,986.2,1004.2,981.3,986.2,120681000,1084.8,887.6,1102.5,649.1,1002.3,47,1,1002.2,646,5,1002.1,728,13,1002.0,2040,20,1001.9,1063,12,1002.6,95,1,1002.7,349,4,1002.8,579,9,1002.9,681,12,1003.0,1486,26
317,2025-11-26 11:15:51+05:30,1002.3,40,997.17,4637532,414814.0,488027.0,986.2,1004.2,981.3,986.2,120681000,1084.8,887.6,1102.5,649.1,1002.3,47,1,1002.2,646,5,1002.1,728,13,1002.0,2040,20,1001.9,1063,12,1002.6,95,1,1002.7,349,4,1002.8,579,9,1002.9,681,12,1003.0,1486,26
317,2025-11-26 11:15:52+05:30,1002.6,1,997.17,4637685,414251.0,488410.0,986.2,1004.2,981.3,986.2,120681000,1084.8,887.6,1102.5,649.1,1002.2,596,5,1002.1,757,15,1002.0,1636,17,1001.9,1063,12,1001.8,4794,13,1002.6,88,1,1002.7,520,7,1002.8,838,13,1002.9,1221,14,1003.0,1563,27
317,2025-11-26 11:15:52+05:30,1002.6,60,997.17,4637685,414251.0,488410.0,986.2,1004.2,981.3,986.2,120681000,1084.8,887.6,1102.5,649.1,1002.2,596,5,1002.1,757,15,1002.0,1636,17,1001.9,1063,12,1001.8,4794,13,1002.6,88,1,1002.7,520,7,1002.8,838,13,1002.9,1221,14,1003.0,1563,27
317,2025-11-26 11:15:53+05:30,1002.7,1,997.17,4638259,415396.0,486031.0,986.2,1004.2,981.3,986.2,120681000,1084.8,887.6,1102.5,649.1,1002.7,251,1,1002.3,202,1,1002.2,881,7,1002.1,1007,16,1002.0,1816,19,1002.8,511,8,1002.9,318,8,1003.0,1200,18,1003.1,555,7,1003.2,778,8
317,2025-11-26 11:15:53+05:30,1002.7,1,997.17,4638259,415396.0,486031.0,986.2,1004.2,981.3,986.2,120681000,1084.8,887.6,1102.5,649.1,1002.7,251,1,1002.3,202,1,1002.2,881,7,1002.1,1007,16,1002.0,1816,19,1002.8,511,8,1002.9,318,8,1003.0,1200,18,1003.1,555,7,1003.2,778,8
317,2025-11-26 11:15:54+05:30,1002.8,127,997.17,4638407,416508.0,487650.0,986.2,1004.2,981.3,986.2,120681000,1084.8,887.6,1102.5,649.1,1002.7,230,1,1002.6,19,1,1002.4,30,1,1002.3,490,3,1002.2,951,10,1002.8,272,8,1002.9,483,11,1003.0,1246,19,1003.1,1183,14,1003.2,778,8
317,2025-11-26 11:15:54+05:30,1002.8,61,997.17,4638407,416508.0,487650.0,986.2,1004.2,981.3,986.2,120681000,1084.8,887.6,1102.5,649.1,1002.7,230,1,1002.6,19,1,1002.4,30,1,1002.3,490,3,1002.2,951,10,1002.8,272,8,1002.9,483,11,1003.0,1246,19,1003.1,1183,14,1003.2,778,8
317,2025-11-26 11:15:55+05:30,1002.8,3,997.17,4638682,415284.0,487659.0,986.2,1004.2,981.3,986.2,120681000,1084.8,887.6,1102.5,649.1,1002.7,85,1,1002.6,19,1,1002.3,310,2,1002.2,912,8,1002.1,871,8,1002.8,332,6,1002.9,440,10,1003.0,1313,19,1003.1,704,15,1003.2,1226,8
317,2025-11-26 11:15:55+05:30,1002.8,3,997.17,4638682,415284.0,487659.0,986.2,1004.2,981.3,986.2,120681000,1084.8,887.6,1102.5,649.1,1002.7,85,1,1002.6,19,1,1002.3,310,2,1002.2,912,8,1002.1,871,8,1002.8,332,6,1002.9,440,10,1003.0,1313,19,1003.1,704,15,1003.2,1226,8
317,2025-11-26 11:15:56+05:30,1002.7,1,997.17,4638867,415190.0,488241.0,986.2,1004.2,981.3,986.2,120681000,1084.8,887.6,1102.5,649.1,1002.7,84,1,1002.3,310,2,1002.2,900,7,1002.1,976,15,1002.0,1768,18,1002.8,444,6,1002.9,1079,14,1003.0,1240,18,1003.1,704,15,1003.2,1268,9
317,2025-11-26 11:15:56+05:30,1002.7,1,997.17,4638867,415190.0,488241.0,986.2,1004.2,981.3,986.2,120681000,1084.8,887.6,1102.5,649.1,1002.7,84,1,1002.3,310,2,1002.2,900,7,1002.1,976,15,1002.0,1768,18,1002.8,444,6,1002.9,1079,14,1003.0,1240,18,1003.1,704,15,1003.2,1268,9
317,2025-11-26 11:15:57+05:30,1002.8,16,997.17,4639142,414035.0,488182.0,986.2,1004.2,981.3,986.2,120681000,1084.8,887.6,1102.5,649.1,1002.3,476,2,1002.2,529,8,1002.1,726,14,1002.0,1971,19,1001.9,1110,13,1002.8,565,7,1002.9,964,12,1003.0,1429,21,1003.1,776,16,1003.2,1235,10
317,2025-11-26 11:15:57+05:30,1002.8,16,997.17,4639142,414035.0,488182.0,986.2,1004.2,981.3,986.2,120681000,1084.8,887.6,1102.5,649.1,1002.3,476,2,1002.2,529,8,1002.1,726,14,1002.0,1971,19,1001.9,1110,13,1002.8,565,7,1002.9,964,12,1003.0,1429,21,1003.1,776,16,1003.2,1235,10
317,2025-11-26 11:15:58+05:30,1002.3,113,997.17,4639287,414809.0,488826.0,986.2,1004.2,981.3,986.2,120681000,1084.8,887.6,1102.5,649.1,1002.3,87,1,1002.2,944,9,1002.1,726,14,1002.0,1971,19,1001.9,1073,12,1002.7,87,1,1002.8,572,9,1002.9,1143,15,1003.0,1431,22,1003.1,897,19
317,2025-11-26 11:15:58+05:30,1002.3,113,997.17,4639287,414809.0,488826.0,986.2,1004.2,981.3,986.2,120681000,1084.8,887.6,1102.5,649.1,1002.3,87,1,1002.2,944,9,1002.1,726,14,1002.0,1971,19,1001.9,1073,12,1002.7,87,1,1002.8,572,9,1002.9,1143,15,1003.0,1431,22,1003.1,897,19
317,2025-11-26 11:15:59+05:30,1002.8,2,997.17,4639512,414169.0,487773.0,986.2,1004.2,981.3,986.2,120681000,1084.8,887.6,1102.5,649.1,1002.3,470,3,1002.2,527,8,1002.1,1178,16,1002.0,1760,20,1001.9,1073,12,1002.8,214,6,1002.9,903,11,1003.0,1421,21,1003.1,866,16,1003.2,880,12
317,2025-11-26 11:15:59+05:30,1002.8,2,997.17,4639512,414169.0,487773.0,986.2,1004.2,981.3,986.2,120681000,1084.8,887.6,1102.5,649.1,1002.3,470,3,1002.2,527,8,1002.1,1178,16,1002.0,1760,20,1001.9,1073,12,1002.8,214,6,1002.9,903,11,1003.0,1421,21,1003.1,866,16,1003.2,880,12
317,2025-11-26 11:16:00+05:30,1002.5,129,997.17,4639659,414970.0,487927.0,986.2,1004.2,981.3,986.2,120681000,1084.8,887.6,1102.5,649.1,1002.3,283,3,1002.2,908,8,1002.1,682,13,1002.0,1836,19,1001.9,1158,13,1002.5,96,1,1002.8,318,9,1002.9,1060,13,1003.0,1441,22,1003.1,793,15
317,2025-11-26 11:16:00+05:30,1002.3,1,997.17,4639659,414970.0,487927.0,986.2,1004.2,981.3,986.2,120681000,1084.8,887.6,1102.5,649.1,1002.3,283,3,1002.2,908,8,1002.1,682,13,1002.0,1836,19,1001.9,1158,13,1002.5,96,1,1002.8,318,9,1002.9,1060,13,1003.0,1441,22,1003.1,793,15
317,2025-11-26 11:16:01+05:30,1002.5,5,997.17,4639826,414294.0,489301.0,986.2,1004.2,981.3,986.2,120681000,1084.8,887.6,1102.5,649.1,1002.2,662,6,1002.1,749,16,1002.0,1742,16,1001.9,1027,12,1001.8,4470,11,1002.5,83,1,1002.7,419,3,1002.8,441,12,1002.9,694,14,1003.0,1411,18
317,2025-11-26 11:16:01+05:30,1002.5,5,997.17,4639826,414294.0,489301.0,986.2,1004.2,981.3,986.2,120681000,1084.8,887.6,1102.5,649.1,1002.2,662,6,1002.1,749,16,1002.0,1742,16,1001.9,1027,12,1001.8,4470,11,1002.5,83,1,1002.7,419,3,1002.8,441,12,1002.9,694,14,1003.0,1411,18
317,2025-11-26 11:16:02+05:30,1002.5,8,997.17,4639834,414614.0,488908.0,986.2,1004.2,981.3,986.2,120681000,1084.8,887.6,1102.5,649.1,1002.2,662,6,1002.1,790,17,1002.0,1742,16,1001.9,1027,12,1001.8,4570,12,1002.5,75,1,1002.6,7,1,1002.7,217,2,1002.8,528,13,1002.9,688,13
317,2025-11-26 11:16:02+05:30,1002.5,8,997.17,4639834,414614.0,488908.0,986.2,1004.2,981.3,986.2,120681000,1084.8,887.6,1102.5,649.1,1002.2,662,6,1002.1,790,17,1002.0,1742,16,1001.9,1027,12,1001.8,4570,12,1002.5,75,1,1002.6,7,1,1002.7,217,2,1002.8,528,13,1002.9,688,13
317,2025-11-26 11:16:03+05:30,1002.5,750,997.17,4640584,414516.0,488149.0,986.2,1004.2,981.3,986.2,120681000,1084.8,887.6,1102.5,649.1,1002.2,928,10,1002.1,903,15,1002.0,1599,18,1001.9,1302,14,1001.8,4059,10,1002.5,54,1,1002.6,7,1,1002.8,215,7,1002.9,485,11,1003.0,1215,17
317,2025-11-26 11:16:03+05:30,1002.5,750,997.17,4640584,414516.0,488149.0,986.2,1004.2,981.3,986.2,120681000,1084.8,887.6,1102.5,649.1,1002.2,928,10,1002.1,903,15,1002.0,1599,18,1001.9,1302,14,1001.8,4059,10,1002.5,54,1,1002.6,7,1,1002.8,215,7,1002.9,485,11,1003.0,1215,17
317,2025-11-26 11:16:04+05:30,1002.2,8,997.17,4640584,414516.0,488149.0,986.2,1004.2,981.3,986.2,120681000,1084.8,887.6,1102.5,649.1,1002.2,928,10,1002.1,903,15,1002.0,1599,18,1001.9,1302,14,1001.8,4059,10,1002.5,54,1,1002.6,7,1,1002.8,215,7,1002.9,485,11,1003.0,1215,17
317,2025-11-26 11:16:04+05:30,1002.2,8,997.17,4640783,413802.0,488843.0,986.2,1004.2,981.3,986.2,120681000,1084.8,887.6,1102.5,649.1,1002.2,475,5,1002.1,514,9,1002.0,1552,18,1001.9,1385,15,1001.8,4235,11,1002.6,95,3,1002.7,319,6,1002.8,782,16,1002.9,578,10,1003.0,1150,16
317,2025-11-26 11:16:05+05:30,1002.2,8,997.17,4640783,414090.0,489386.0,986.2,1004.2,981.3,986.2,120681000,1084.8,887.6,1102.5,649.1,1002.2,622,8,1002.1,764,13,1002.0,1725,18,1001.9,1135,14,1001.8,4235,11,1002.6,37,2,1002.7,251,5,1002.8,636,14,1002.9,661,12,1003.0,1245,18
317,2025-11-26 11:16:06+05:30,1002.6,1,997.17,4640809,414506.0,488751.0,986.2,1004.2,981.3,986.2,120681000,1084.8,887.6,1102.5,649.1,1002.2,871,10,1002.1,687,12,1002.0,1762,20,1001.9,1337,15,1001.8,4059,10,1002.6,6,1,1002.7,180,4,1002.8,490,10,1002.9,577,13,1003.0,1356,21
317,2025-11-26 11:16:06+05:30,1002.6,1,997.17,4640809,414506.0,488751.0,986.2,1004.2,981.3,986.2,120681000,1084.8,887.6,1102.5,649.1,1002.2,871,10,1002.1,687,12,1002.0,1762,20,1001.9,1337,15,1001.8,4059,10,1002.6,6,1,1002.7,180,4,1002.8,490,10,1002.9,577,13,1003.0,1356,21
317,2025-11-26 11:16:07+05:30,1002.6,7,997.17,4640809,414506.0,488751.0,986.2,1004.2,981.3,986.2,120681000,1084.8,887.6,1102.5,649.1,1002.2,871,10,1002.1,687,12,1002.0,1762,20,1001.9,1337,15,1001.8,4059,10,1002.6,6,1,1002.7,180,4,1002.8,490,10,1002.9,577,13,1003.0,1356,21
317,2025-11-26 11:16:07+05:30,1002.6,7,997.17,4640816,414506.0,488623.0,986.2,1004.2,981.3,986.2,120681000,1084.8,887.6,1102.5,649.1,1002.2,871,10,1002.1,687,12,1002.0,1762,20,1001.9,1337,15,1001.8,4059,10,1002.6,7,1,1002.7,180,4,1002.8,490,10,1002.9,577,13,1003.0,1273,19
317,2025-11-26 11:16:08+05:30,1002.6,7,997.17,4640816,414506.0,488683.0,986.2,1004.2,981.3,986.2,120681000,1084.8,887.6,1102.5,649.1,1002.2,871,10,1002.1,687,12,1002.0,1762,20,1001.9,1337,15,1001.8,4059,10,1002.6,7,1,1002.7,180,4,1002.8,490,10,1002.9,577,13,1003.0,1273,19
317,2025-11-26 11:16:09+05:30,1002.7,6,997.17,4640816,414506.0,488683.0,986.2,1004.2,981.3,986.2,120681000,1084.8,887.6,1102.5,649.1,1002.2,871,10,1002.1,687,12,1002.0,1762,20,1001.9,1337,15,1001.8,4059,10,1002.6,7,1,1002.7,180,4,1002.8,490,10,1002.9,577,13,1003.0,1273,19
317,2025-11-26 11:16:09+05:30,1002.7,6,997.17,4640870,416355.0,487489.0,986.2,1004.2,981.3,986.2,120681000,1084.8,887.6,1102.5,649.1,1002.6,19,1,1002.3,106,1,1002.2,1142,11,1002.1,1115,15,1002.0,1605,19,1002.7,74,3,1002.8,457,10,1002.9,459,11,1003.0,1240,19,1003.1,1165,15
317,2025-11-26 11:16:10+05:30,1002.6,137,997.17,4640870,416355.0,487489.0,986.2,1004.2,981.3,986.2,120681000,1084.8,887.6,1102.5,649.1,1002.6,19,1,1002.3,106,1,1002.2,1142,11,1002.1,1115,15,1002.0,1605,19,1002.7,74,3,1002.8,457,10,1002.9,459,11,1003.0,1240,19,1003.1,1165,15
317,2025-11-26 11:16:10+05:30,1002.6,137,997.17,4641007,414701.0,488554.0,986.2,1004.2,981.3,986.2,120681000,1084.8,887.6,1102.5,649.1,1002.2,741,9,1002.1,732,14,1002.0,1754,19,1001.9,1168,13,1001.8,4470,11,1002.6,96,1,1002.7,154,4,1002.8,738,12,1002.9,659,14,1003.0,1400,21
317,2025-11-26 11:16:11+05:30,1002.6,5,997.17,4641007,414701.0,488554.0,986.2,1004.2,981.3,986.2,120681000,1084.8,887.6,1102.5,649.1,1002.2,741,9,1002.1,732,14,1002.0,1754,19,1001.9,1168,13,1001.8,4470,11,1002.6,96,1,1002.7,154,4,1002.8,738,12,1002.9,659,14,1003.0,1400,21
317,2025-11-26 11:16:11+05:30,1002.6,5,997.17,4641012,414009.0,488883.0,986.2,1004.2,981.3,986.2,120681000,1084.8,887.6,1102.5,649.1,1002.2,741,9,1002.1,732,14,1002.0,1754,19,1001.9,1199,14,1001.8,4553,12,1002.6,91,1,1002.7,154,4,1002.8,738,12,1002.9,584,14,1003.0,1470,22
317,2025-11-26 11:16:12+05:30,1002.6,750,997.17,4641012,414009.0,488883.0,986.2,1004.2,981.3,986.2,120681000,1084.8,887.6,1102.5,649.1,1002.2,741,9,1002.1,732,14,1002.0,1754,19,1001.9,1199,14,1001.8,4553,12,1002.6,91,1,1002.7,154,4,1002.8,738,12,1002.9,584,14,1003.0,1470,22
317,2025-11-26 11:16:12+05:30,1002.6,61,997.17,4641838,414505.0,486927.0,986.2,1004.2,981.3,986.2,120681000,1084.8,887.6,1102.5,649.1,1002.2,869,9,1002.1,665,10,1002.0,1926,26,1001.9,1378,15,1001.8,4377,11,1002.7,74,3,1002.8,698,10,1002.9,429,10,1003.0,1400,21,1003.1,1215,17
317,2025-11-26 11:16:13+05:30,1002.7,17,997.17,4641838,414505.0,486927.0,986.2,1004.2,981.3,986.2,120681000,1084.8,887.6,1102.5,649.1,1002.2,869,9,1002.1,665,10,1002.0,1926,26,1001.9,1378,15,1001.8,4377,11,1002.7,74,3,1002.8,698,10,1002.9,429,10,1003.0,1400,21,1003.1,1215,17
317,2025-11-26 11:16:13+05:30,1002.7,7,997.17,4641973,414306.0,487553.0,986.2,1004.2,981.3,986.2,120681000,1084.8,887.6,1102.5,649.1,1002.3,108,3,1002.2,819,8,1002.1,915,11,1002.0,1676,25,1001.9,1378,15,1002.7,56,3,1002.8,584,9,1002.9,429,10,1003.0,1360,20,1003.1,1321,17
317,2025-11-26 11:16:14+05:30,1002.7,39,997.17,4641973,414306.0,487553.0,986.2,1004.2,981.3,986.2,120681000,1084.8,887.6,1102.5,649.1,1002.3,108,3,1002.2,819,8,1002.1,915,11,1002.0,1676,25,1001.9,1378,15,1002.7,56,3,1002.8,584,9,1002.9,429,10,1003.0,1360,20,1003.1,1321,17
317,2025-11-26 11:16:14+05:30,1002.7,1,997.17,4642470,414036.0,488592.0,986.2,1004.2,981.3,986.2,120681000,1084.8,887.6,1102.5,649.1,1002.4,112,1,1002.2,658,8,1002.1,766,10,1002.0,1925,25,1001.9,1008,12,1002.7,117,2,1002.8,649,10,1002.9,563,13,1003.0,1410,22,1003.1,1077,16
317,2025-11-26 11:16:15+05:30,1002.8,8,997.17,4642470,414036.0,488592.0,986.2,1004.2,981.3,986.2,120681000,1084.8,887.6,1102.5,649.1,1002.4,112,1,1002.2,658,8,1002.1,766,10,1002.0,1925,25,1001.9,1008,12,1002.7,117,2,1002.8,649,10,1002.9,563,13,1003.0,1410,22,1003.1,1077,16
317,2025-11-26 11:16:15+05:30,1002.8,8,997.17,4642478,413606.0,488255.0,986.2,1004.2,981.3,986.2,120681000,1084.8,887.6,1102.5,649.1,1002.4,113,2,1002.3,50,1,1002.2,765,9,1002.1,766,10,1002.0,2008,25,1002.8,576,9,1002.9,619,13,1003.0,1407,20,1003.1,710,15,1003.2,1764,12
317,2025-11-26 11:16:16+05:30,1002.8,5,997.17,4642478,413606.0,488255.0,986.2,1004.2,981.3,986.2,120681000,1084.8,887.6,1102.5,649.1,1002.4,113,2,1002.3,50,1,1002.2,765,9,1002.1,766,10,1002.0,2008,25,1002.8,576,9,1002.9,619,13,1003.0,1407,20,1003.1,710,15,1003.2,1764,12
317,2025-11-26 11:16:16+05:30,1002.4,1,997.17,4642484,413043.0,488296.0,986.2,1004.2,981.3,986.2,120681000,1084.8,887.6,1102.5,649.1,1002.4,125,3,1002.3,50,1,1002.2,765,9,1002.1,564,9,1002.0,2008,25,1002.8,571,9,1002.9,619,13,1003.0,1473,23,1003.1,653,13,1003.2,1764,12
317,2025-11-26 11:16:17+05:30,1002.8,7,997.17,4642484,413043.0,488296.0,986.2,1004.2,981.3,986.2,120681000,1084.8,887.6,1102.5,649.1,1002.4,125,3,1002.3,50,1,1002.2,765,9,1002.1,564,9,1002.0,2008,25,1002.8,571,9,1002.9,619,13,1003.0,1473,23,1003.1,653,13,1003.2,1764,12
317,2025-11-26 11:16:17+05:30,1002.8,7,997.17,4642491,413272.0,488349.0,986.2,1004.2,981.3,986.2,120681000,1084.8,887.6,1102.5,649.1,1002.4,125,3,1002.3,50,1,1002.2,502,6,1002.1,731,11,1002.0,2008,25,1002.8,777,12,1002.9,1127,14,1003.0,1473,23,1003.1,653,13,1003.2,1247,11
317,2025-11-26 11:16:18+05:30,1002.4,10,997.17,4642491,413272.0,488349.0,986.2,1004.2,981.3,986.2,120681000,1084.8,887.6,1102.5,649.1,1002.4,125,3,1002.3,50,1,1002.2,502,6,1002.1,731,11,1002.0,2008,25,1002.8,777,12,1002.9,1127,14,1003.0,1473,23,1003.1,653,13,1003.2,1247,11
317,2025-11-26 11:16:18+05:30,1002.4,6,997.17,4642508,414139.0,488575.0,986.2,1004.2,981.3,986.2,120681000,1084.8,887.6,1102.5,649.1,1002.4,108,2,1002.3,89,2,1002.2,651,7,1002.1,731,11,1002.0,2008,25,1002.6,1,1,1002.8,706,11,1002.9,1192,17,1003.0,1546,23,1003.1,653,13
317,2025-11-26 11:16:18+05:30,1002.4,6,997.17,4642508,414139.0,488575.0,986.2,1004.2,981.3,986.2,120681000,1084.8,887.6,1102.5,649.1,1002.4,108,2,1002.3,89,2,1002.2,651,7,1002.1,731,11,1002.0,2008,25,1002.6,1,1,1002.8,706,11,1002.9,1192,17,1003.0,1546,23,1003.1,653,13
317,2025-11-26 11:16:19+05:30,1002.4,6,997.17,4642508,414139.0,488575.0,986.2,1004.2,981.3,986.2,120681000,1084.8,887.6,1102.5,649.1,1002.4,108,2,1002.3,89,2,1002.2,651,7,1002.1,731,11,1002.0,2008,25,1002.6,1,1,1002.8,706,11,1002.9,1192,17,1003.0,1546,23,1003.1,653,13
317,2025-11-26 11:16:19+05:30,1002.6,1,997.17,4642508,414139.0,488575.0,986.2,1004.2,981.3,986.2,120681000,1084.8,887.6,1102.5,649.1,1002.4,108,2,1002.3,89,2,1002.2,651,7,1002.1,731,11,1002.0,2008,25,1002.6,1,1,1002.8,706,11,1002.9,1192,17,1003.0,1546,23,1003.1,653,13
317,2025-11-26 11:16:19+05:30,1002.6,1,997.17,4642508,414139.0,488575.0,986.2,1004.2,981.3,986.2,120681000,1084.8,887.6,1102.5,649.1,1002.4,108,2,1002.3,89,2,1002.2,651,7,1002.1,731,11,1002.0,2008,25,1002.6,1,1,1002.8,706,11,1002.9,1192,17,1003.0,1546,23,1003.1,653,13
317,2025-11-26 11:16:19+05:30,1002.7,3,997.17,4642512,415432.0,489772.0,986.2,1004.2,981.3,986.2,120681000,1084.8,887.6,1102.5,649.1,1002.7,92,1,1002.6,18,1,1002.4,13,1,1002.3,403,4,1002.2,671,7,1002.8,773,12,1002.9,423,11,1003.0,1473,23,1003.1,640,12,1003.2,1247,11
317,2025-11-26 11:16:19+05:30,1002.7,3,997.17,4642512,415432.0,489772.0,986.2,1004.2,981.3,986.2,120681000,1084.8,887.6,1102.5,649.1,1002.7,92,1,1002.6,18,1,1002.4,13,1,1002.3,403,4,1002.2,671,7,1002.8,773,12,1002.9,423,11,1003.0,1473,23,1003.1,640,12,1003.2,1247,11
317,2025-11-26 11:16:20+05:30,1002.7,3,997.17,4642512,415432.0,489772.0,986.2,1004.2,981.3,986.2,120681000,1084.8,887.6,1102.5,649.1,1002.7,92,1,1002.6,18,1,1002.4,13,1,1002.3,403,4,1002.2,671,7,1002.8,773,12,1002.9,423,11,1003.0,1473,23,1003.1,640,12,1003.2,1247,11
317,2025-11-26 11:16:20+05:30,1002.6,13,997.17,4642512,415432.0,489772.0,986.2,1004.2,981.3,986.2,120681000,1084.8,887.6,1102.5,649.1,1002.7,92,1,1002.6,18,1,1002.4,13,1,1002.3,403,4,1002.2,671,7,1002.8,773,12,1002.9,423,11,1003.0,1473,23,1003.1,640,12,1003.2,1247,11
317,2025-11-26 11:16:20+05:30,1002.6,13,997.17,4642512,415432.0,489772.0,986.2,1004.2,981.3,986.2,120681000,1084.8,887.6,1102.5,649.1,1002.7,92,1,1002.6,18,1,1002.4,13,1,1002.3,403,4,1002.2,671,7,1002.8,773,12,1002.9,423,11,1003.0,1473,23,1003.1,640,12,1003.2,1247,11
317,2025-11-26 11:16:20+05:30,1002.6,13,997.17,4642808,413523.0,491011.0,986.2,1004.2,981.3,986.2,120681000,1084.8,887.6,1102.5,649.1,1002.3,50,1,1002.2,345,4,1002.1,621,10,1002.0,1603,21,1001.9,1367,14,1002.4,50,1,1002.5,82,2,1002.6,77,1,1002.7,80,1,1002.8,925,16
317,2025-11-26 11:16:20+05:30,1002.6,13,997.17,4642808,413523.0,491011.0,986.2,1004.2,981.3,986.2,120681000,1084.8,887.6,1102.5,649.1,1002.3,50,1,1002.2,345,4,1002.1,621,10,1002.0,1603,21,1001.9,1367,14,1002.4,50,1,1002.5,82,2,1002.6,77,1,1002.7,80,1,1002.8,925,16
317,2025-11-26 11:16:21+05:30,1002.6,13,997.17,4642808,413523.0,491011.0,986.2,1004.2,981.3,986.2,120681000,1084.8,887.6,1102.5,649.1,1002.3,50,1,1002.2,345,4,1002.1,621,10,1002.0,1603,21,1001.9,1367,14,1002.4,50,1,1002.5,82,2,1002.6,77,1,1002.7,80,1,1002.8,925,16
317,2025-11-26 11:16:21+05:30,1002.6,28,997.17,4642808,413523.0,491011.0,986.2,1004.2,981.3,986.2,120681000,1084.8,887.6,1102.5,649.1,1002.3,50,1,1002.2,345,4,1002.1,621,10,1002.0,1603,21,1001.9,1367,14,1002.4,50,1,1002.5,82,2,1002.6,77,1,1002.7,80,1,1002.8,925,16
317,2025-11-26 11:16:21+05:30,1002.6,28,997.17,4642808,413523.0,491011.0,986.2,1004.2,981.3,986.2,120681000,1084.8,887.6,1102.5,649.1,1002.3,50,1,1002.2,345,4,1002.1,621,10,1002.0,1603,21,1001.9,1367,14,1002.4,50,1,1002.5,82,2,1002.6,77,1,1002.7,80,1,1002.8,925,16
317,2025-11-26 11:16:21+05:30,1002.6,28,997.18,4643825,413937.0,490997.0,986.2,1004.2,981.3,986.2,120681000,1084.8,887.6,1102.5,649.1,1002.4,10,1,1002.2,249,2,1002.1,799,10,1002.0,1746,22,1001.9,1010,12,1002.6,96,1,1002.7,307,4,1002.8,1150,17,1002.9,1060,14,1003.0,1510,23
317,2025-11-26 11:16:21+05:30,1002.6,28,997.18,4643825,413937.0,490997.0,986.2,1004.2,981.3,986.2,120681000,1084.8,887.6,1102.5,649.1,1002.4,10,1,1002.2,249,2,1002.1,799,10,1002.0,1746,22,1001.9,1010,12,1002.6,96,1,1002.7,307,4,1002.8,1150,17,1002.9,1060,14,1003.0,1510,23
317,2025-11-26 11:16:22+05:30,1002.6,28,997.18,4643825,413937.0,490997.0,986.2,1004.2,981.3,986.2,120674250,1084.8,887.6,1102.5,649.1,1002.4,10,1,1002.2,249,2,1002.1,799,10,1002.0,1746,22,1001.9,1010,12,1002.6,96,1,1002.7,307,4,1002.8,1150,17,1002.9,1060,14,1003.0,1510,23
317,2025-11-26 11:16:22+05:30,1002.2,130,997.18,4643970,412846.0,491723.0,986.2,1004.2,981.3,986.2,120674250,1084.8,887.6,1102.5,649.1,1002.2,87,1,1002.1,383,6,1002.0,1521,21,1001.9,1260,13,1001.8,4580,12,1002.6,126,2,1002.7,370,6,1002.8,1311,22,1002.9,1064,14,1003.0,1490,20
317,2025-11-26 11:16:23+05:30,1002.2,130,997.18,4643970,412846.0,491723.0,986.2,1004.2,981.3,986.2,120674250,1084.8,887.6,1102.5,649.1,1002.2,87,1,1002.1,383,6,1002.0,1521,21,1001.9,1260,13,1001.8,4580,12,1002.6,126,2,1002.7,370,6,1002.8,1311,22,1002.9,1064,14,1003.0,1490,20
317,2025-11-26 11:16:23+05:30,1002.2,130,997.18,4643970,412896.0,491721.0,986.2,1004.2,981.3,986.2,120674250,1084.8,887.6,1102.5,649.1,1002.2,87,1,1002.1,448,7,1002.0,1482,21,1001.9,1260,13,1001.8,4580,12,1002.6,128,3,1002.7,336,6,1002.8,1311,22,1002.9,1064,14,1003.0,1490,20
317,2025-11-26 11:16:24+05:30,1002.6,11,997.18,4643970,412896.0,491721.0,986.2,1004.2,981.3,986.2,120674250,1084.8,887.6,1102.5,649.1,1002.2,87,1,1002.1,448,7,1002.0,1482,21,1001.9,1260,13,1001.8,4580,12,1002.6,128,3,1002.7,336,6,1002.8,1311,22,1002.9,1064,14,1003.0,1490,20
317,2025-11-26 11:16:24+05:30,1002.6,6,997.18,4644171,414057.0,491095.0,986.2,1004.2,981.3,986.2,120674250,1084.8,887.6,1102.5,649.1,1002.2,363,6,1002.1,855,11,1002.0,1760,23,1001.9,1010,12,1001.8,4404,11,1002.6,23,1,1002.7,191,3,1002.8,1126,17,1002.9,1112,16,1003.0,1480,19
317,2025-11-26 11:16:25+05:30,1002.2,30,997.18,4644171,414057.0,491095.0,986.2,1004.2,981.3,986.2,120674250,1084.8,887.6,1102.5,649.1,1002.2,363,6,1002.1,855,11,1002.0,1760,23,1001.9,1010,12,1001.8,4404,11,1002.6,23,1,1002.7,191,3,1002.8,1126,17,1002.9,1112,16,1003.0,1480,19
317,2025-11-26 11:16:25+05:30,1002.6,78,997.18,4644620,413601.0,490016.0,986.2,1004.2,981.3,986.2,120674250,1084.8,887.6,1102.5,649.1,1002.3,115,2,1002.2,322,5,1002.1,901,11,1002.0,1942,26,1001.9,1010,12,1002.8,756,13,1002.9,943,10,1003.0,1498,21,1003.1,794,15,1003.2,1758,15
317,2025-11-26 11:16:26+05:30,1002.2,45,997.18,4644620,413601.0,490016.0,986.2,1004.2,981.3,986.2,120674250,1084.8,887.6,1102.5,649.1,1002.3,115,2,1002.2,322,5,1002.1,901,11,1002.0,1942,26,1001.9,1010,12,1002.8,756,13,1002.9,943,10,1003.0,1498,21,1003.1,794,15,1003.2,1758,15
317,2025-11-26 11:16:26+05:30,1002.2,45,997.18,4644782,413873.0,490362.0,986.2,1004.2,981.3,986.2,120674250,1084.8,887.6,1102.5,649.1,1002.2,261,2,1002.1,661,8,1002.0,1912,26,1001.9,1010,12,1001.8,4470,11,1002.7,654,8,1002.8,1037,17,1002.9,1104,14,1003.0,1433,20,1003.1,704,15
317,2025-11-26 11:16:27+05:30,1002.7,10,997.18,4644792,414279.0,489866.0,986.2,1004.2,981.3,986.2,120674250,1084.8,887.6,1102.5,649.1,1002.3,10,1,1002.2,586,6,1002.1,880,10,1002.0,1847,25,1001.9,1010,12,1002.7,243,2,1002.8,937,15,1002.9,1008,11,1003.0,1435,23,1003.1,690,11
317,2025-11-26 11:16:28+05:30,1002.7,10,997.18,4644792,414279.0,489866.0,986.2,1004.2,981.3,986.2,120674250,1084.8,887.6,1102.5,649.1,1002.3,10,1,1002.2,586,6,1002.1,880,10,1002.0,1847,25,1001.9,1010,12,1002.7,243,2,1002.8,937,15,1002.9,1008,11,1003.0,1435,23,1003.1,690,11
317,2025-11-26 11:16:28+05:30,1002.7,10,997.18,4644792,414304.0,489957.0,986.2,1004.2,981.3,986.2,120674250,1084.8,887.6,1102.5,649.1,1002.3,10,1,1002.2,586,6,1002.1,880,10,1002.0,1847,25,1001.9,1010,12,1002.7,243,2,1002.8,937,15,1002.9,1008,11,1003.0,1550,26,1003.1,716,12
317,2025-11-26 11:16:29+05:30,1002.7,108,997.18,4644792,414304.0,489957.0,986.2,1004.2,981.3,986.2,120674250,1084.8,887.6,1102.5,649.1,1002.3,10,1,1002.2,586,6,1002.1,880,10,1002.0,1847,25,1001.9,1010,12,1002.7,243,2,1002.8,937,15,1002.9,1008,11,1003.0,1550,26,1003.1,716,12
317,2025-11-26 11:16:29+05:30,1002.8,56,997.18,4646611,414909.0,488549.0,986.2,1004.2,981.3,986.2,120674250,1084.8,887.6,1102.5,649.1,1002.4,107,2,1002.3,39,3,1002.2,791,8,1002.1,1082,12,1002.0,1983,25,1002.7,9,1,1002.8,28,5,1002.9,862,9,1003.0,1395,24,1003.1,605,8
317,2025-11-26 11:16:30+05:30,1002.8,56,997.18,4646611,414909.0,488549.0,986.2,1004.2,981.3,986.2,120674250,1084.8,887.6,1102.5,649.1,1002.4,107,2,1002.3,39,3,1002.2,791,8,1002.1,1082,12,1002.0,1983,25,1002.7,9,1,1002.8,28,5,1002.9,862,9,1003.0,1395,24,1003.1,605,8
317,2025-11-26 11:16:30+05:30,1002.5,81,997.18,4647258,414242.0,490041.0,986.2,1004.2,981.3,986.2,120674250,1084.8,887.6,1102.5,649.1,1002.2,691,8,1002.1,480,8,1002.0,1927,22,1001.9,1010,12,1001.8,4392,11,1002.5,15,1,1002.6,49,1,1002.7,223,4,1002.8,535,10,1002.9,1024,13
317,2025-11-26 11:16:31+05:30,1002.5,83,997.18,4647258,414242.0,490041.0,986.2,1004.2,981.3,986.2,120674250,1084.8,887.6,1102.5,649.1,1002.2,691,8,1002.1,480,8,1002.0,1927,22,1001.9,1010,12,1001.8,4392,11,1002.5,15,1,1002.6,49,1,1002.7,223,4,1002.8,535,10,1002.9,1024,13
317,2025-11-26 11:16:31+05:30,1002.5,2,997.18,4647343,414896.0,489966.0,986.2,1004.2,981.3,986.2,120674250,1084.8,887.6,1102.5,649.1,1002.2,742,9,1002.1,612,10,1002.0,1984,24,1001.9,1212,13,1001.8,4392,11,1002.5,94,1,1002.7,9,1,1002.8,336,9,1002.9,1098,13,1003.0,1626,26
317,2025-11-26 11:16:32+05:30,1002.5,16,997.18,4647343,414896.0,489966.0,986.2,1004.2,981.3,986.2,120674250,1084.8,887.6,1102.5,649.1,1002.2,742,9,1002.1,612,10,1002.0,1984,24,1001.9,1212,13,1001.8,4392,11,1002.5,94,1,1002.7,9,1,1002.8,336,9,1002.9,1098,13,1003.0,1626,26
317,2025-11-26 11:16:32+05:30,1002.5,1,997.18,4647360,414908.0,490000.0,986.2,1004.2,981.3,986.2,120674250,1084.8,887.6,1102.5,649.1,1002.2,704,8,1002.1,612,10,1002.0,1984,24,1001.9,1212,13,1001.8,4392,11,1002.5,77,1,1002.7,9,1,1002.8,350,11,1002.9,1135,12,1003.0,1621,25
317,2025-11-26 11:16:33+05:30,1002.5,1,997.18,4647360,414908.0,490000.0,986.2,1004.2,981.3,986.2,120674250,1084.8,887.6,1102.5,649.1,1002.2,704,8,1002.1,612,10,1002.0,1984,24,1001.9,1212,13,1001.8,4392,11,1002.5,77,1,1002.7,9,1,1002.8,350,11,1002.9,1135,12,1003.0,1621,25
317,2025-11-26 11:16:33+05:30,1002.5,1,997.18,4647360,414847.0,490000.0,986.2,1004.2,981.3,986.2,120674250,1084.8,887.6,1102.5,649.1,1002.3,30,1,1002.2,507,6,1002.1,612,10,1002.0,1984,24,1001.9,1213,14,1002.5,77,1,1002.7,9,1,1002.8,350,11,1002.9,1135,12,1003.0,1627,26
317,2025-11-26 11:16:34+05:30,1002.5,13,997.18,4647360,414847.0,490000.0,986.2,1004.2,981.3,986.2,120674250,1084.8,887.6,1102.5,649.1,1002.3,30,1,1002.2,507,6,1002.1,612,10,1002.0,1984,24,1001.9,1213,14,1002.5,77,1,1002.7,9,1,1002.8,350,11,1002.9,1135,12,1003.0,1627,26
317,2025-11-26 11:16:34+05:30,1002.5,13,997.18,4647558,414807.0,490114.0,986.2,1004.2,981.3,986.2,120674250,1084.8,887.6,1102.5,649.1,1002.4,112,1,1002.3,118,2,1002.2,406,7,1002.1,713,11,1002.0,1984,24,1002.5,83,1,1002.7,9,1,1002.8,551,11,1002.9,1024,12,1003.0,1622,26
317,2025-11-26 11:16:35+05:30,1002.2,31,997.18,4647558,414807.0,490114.0,986.2,1004.2,981.3,986.2,120674250,1084.8,887.6,1102.5,649.1,1002.4,112,1,1002.3,118,2,1002.2,406,7,1002.1,713,11,1002.0,1984,24,1002.5,83,1,1002.7,9,1,1002.8,551,11,1002.9,1024,12,1003.0,1622,26
317,2025-11-26 11:16:35+05:30,1002.6,202,997.18,4648410,414797.0,490586.0,986.2,1004.2,981.3,986.2,120674250,1084.8,887.6,1102.5,649.1,1002.6,154,1,1002.2,319,4,1002.1,655,8,1002.0,1966,18,1001.9,1210,14,1002.7,193,2,1002.8,627,13,1002.9,978,13,1003.0,1672,30,1003.1,447,9
317,2025-11-26 11:16:36+05:30,1002.6,202,997.18,4648410,414797.0,490586.0,986.2,1004.2,981.3,986.2,120674250,1084.8,887.6,1102.5,649.1,1002.6,154,1,1002.2,319,4,1002.1,655,8,1002.0,1966,18,1001.9,1210,14,1002.7,193,2,1002.8,627,13,1002.9,978,13,1003.0,1672,30,1003.1,447,9
317,2025-11-26 11:16:36+05:30,1002.6,144,997.18,4648554,414617.0,490824.0,986.2,1004.2,981.3,986.2,120674250,1084.8,887.6,1102.5,649.1,1002.6,10,1,1002.2,632,6,1002.1,536,7,1002.0,1654,18,1001.9,1539,20,1002.7,263,3,1002.8,737,14,1002.9,978,13,1003.0,1505,25,1003.1,681,10
317,2025-11-26 11:16:37+05:30,1002.6,144,997.18,4648554,414617.0,490824.0,986.2,1004.2,981.3,986.2,120674250,1084.8,887.6,1102.5,649.1,1002.6,10,1,1002.2,632,6,1002.1,536,7,1002.0,1654,18,1001.9,1539,20,1002.7,263,3,1002.8,737,14,1002.9,978,13,1003.0,1505,25,1003.1,681,10
317,2025-11-26 11:16:37+05:30,1002.7,16,997.18,4648700,415304.0,490268.0,986.2,1004.2,981.3,986.2,120674250,1084.8,887.6,1102.5,649.1,1002.6,9,1,1002.3,202,1,1002.2,839,7,1002.1,847,10,1002.0,2163,21,1002.7,63,2,1002.8,620,13,1002.9,1051,12,1003.0,1531,26,1003.1,750,14
317,2025-11-26 11:16:38+05:30,1002.7,16,997.18,4648700,415304.0,490268.0,986.2,1004.2,981.3,986.2,120674250,1084.8,887.6,1102.5,649.1,1002.6,9,1,1002.3,202,1,1002.2,839,7,1002.1,847,10,1002.0,2163,21,1002.7,63,2,1002.8,620,13,1002.9,1051,12,1003.0,1531,26,1003.1,750,14
317,2025-11-26 11:16:38+05:30,1002.7,16,997.18,4648700,415461.0,490548.0,986.2,1004.2,981.3,986.2,120674250,1084.8,887.6,1102.5,649.1,1002.6,9,1,1002.3,202,1,1002.2,839,7,1002.1,597,9,1002.0,2422,23,1002.7,63,2,1002.8,948,16,1002.9,413,10,1003.0,1531,26,1003.1,1340,15
317,2025-11-26 11:16:39+05:30,1002.8,2,997.18,4648700,415461.0,490548.0,986.2,1004.2,981.3,986.2,120674250,1084.8,887.6,1102.5,649.1,1002.6,9,1,1002.3,202,1,1002.2,839,7,1002.1,597,9,1002.0,2422,23,1002.7,63,2,1002.8,948,16,1002.9,413,10,1003.0,1531,26,1003.1,1340,15
317,2025-11-26 11:16:39+05:30,1002.8,2,997.18,4648785,416109.0,489916.0,986.2,1004.2,981.3,986.2,120674250,1084.8,887.6,1102.5,649.1,1002.7,10,1,1002.3,501,5,1002.2,874,7,1002.1,995,14,1002.0,2721,22,1002.8,489,9,1002.9,587,11,1003.0,1360,21,1003.1,1355,18,1003.2,1259,9
317,2025-11-26 11:16:40+05:30,1002.3,1,997.18,4648785,416109.0,489916.0,986.2,1004.2,981.3,986.2,120674250,1084.8,887.6,1102.5,649.1,1002.7,10,1,1002.3,501,5,1002.2,874,7,1002.1,995,14,1002.0,2721,22,1002.8,489,9,1002.9,587,11,1003.0,1360,21,1003.1,1355,18,1003.2,1259,9
317,2025-11-26 11:16:40+05:30,1002.3,9,997.18,4649195,413790.0,490388.0,986.2,1004.2,981.3,986.2,120674250,1084.8,887.6,1102.5,649.1,1002.3,5,1,1002.2,320,3,1002.1,802,13,1002.0,2528,24,1001.9,1127,17,1002.7,176,3,1002.8,629,12,1002.9,1077,14,1003.0,1487,22,1003.1,864,17
317,2025-11-26 11:16:41+05:30,1002.2,110,997.18,4649195,413790.0,490388.0,986.2,1004.2,981.3,986.2,120674250,1084.8,887.6,1102.5,649.1,1002.3,5,1,1002.2,320,3,1002.1,802,13,1002.0,2528,24,1001.9,1127,17,1002.7,176,3,1002.8,629,12,1002.9,1077,14,1003.0,1487,22,1003.1,864,17
317,2025-11-26 11:16:41+05:30,1002.2,110,997.18,4649463,413477.0,490029.0,986.2,1004.2,981.3,986.2,120674250,1084.8,887.6,1102.5,649.1,1002.2,234,3,1002.1,598,10,1002.0,2446,26,1001.9,1103,17,1001.8,4294,10,1002.7,149,3,1002.8,837,15,1002.9,1071,14,1003.0,1557,23,1003.1,780,18
317,2025-11-26 11:16:42+05:30,1002.2,15,997.18,4649463,413477.0,490029.0,986.2,1004.2,981.3,986.2,120674250,1084.8,887.6,1102.5,649.1,1002.2,234,3,1002.1,598,10,1002.0,2446,26,1001.9,1103,17,1001.8,4294,10,1002.7,149,3,1002.8,837,15,1002.9,1071,14,1003.0,1557,23,1003.1,780,18
317,2025-11-26 11:16:43+05:30,1002.7,12,997.18,4649490,413778.0,490116.0,986.2,1004.2,981.3,986.2,120674250,1084.8,887.6,1102.5,649.1,1002.2,244,4,1002.1,598,10,1002.0,2446,26,1001.9,1103,17,1001.8,4380,11,1002.7,177,3,1002.8,870,15,1002.9,1098,13,1003.0,1566,24,1003.1,1348,18
317,2025-11-26 11:16:43+05:30,1002.7,12,997.18,4649490,413778.0,490116.0,986.2,1004.2,981.3,986.2,120674250,1084.8,887.6,1102.5,649.1,1002.2,244,4,1002.1,598,10,1002.0,2446,26,1001.9,1103,17,1001.8,4380,11,1002.7,177,3,1002.8,870,15,1002.9,1098,13,1003.0,1566,24,1003.1,1348,18
317,2025-11-26 11:16:43+05:30,1002.7,12,997.18,4649490,413775.0,490039.0,986.2,1004.2,981.3,986.2,120674250,1084.8,887.6,1102.5,649.1,1002.2,219,3,1002.1,598,10,1002.0,2446,26,1001.9,1103,17,1001.8,4380,11,1002.7,181,4,1002.8,824,15,1002.9,1098,13,1003.0,1606,24,1003.1,795,17
317,2025-11-26 11:16:44+05:30,1002.7,3,997.18,4649490,413775.0,490039.0,986.2,1004.2,981.3,986.2,120674250,1084.8,887.6,1102.5,649.1,1002.2,219,3,1002.1,598,10,1002.0,2446,26,1001.9,1103,17,1001.8,4380,11,1002.7,181,4,1002.8,824,15,1002.9,1098,13,1003.0,1606,24,1003.1,795,17
317,2025-11-26 11:16:44+05:30,1002.2,2,997.18,4649696,413655.0,491287.0,986.2,1004.2,981.3,986.2,120674250,1084.8,887.6,1102.5,649.1,1002.2,235,3,1002.1,625,11,1002.0,2272,24,1001.9,1030,16,1001.8,4380,11,1002.6,10,1,1002.7,144,3,1002.8,785,14,1002.9,1027,14,1003.0,1677,23
317,2025-11-26 11:16:45+05:30,1002.6,417,997.18,4649696,413655.0,491287.0,986.2,1004.2,981.3,986.2,120674250,1084.8,887.6,1102.5,649.1,1002.2,235,3,1002.1,625,11,1002.0,2272,24,1001.9,1030,16,1001.8,4380,11,1002.6,10,1,1002.7,144,3,1002.8,785,14,1002.9,1027,14,1003.0,1677,23
317,2025-11-26 11:16:46+05:30,1002.6,11,997.18,4650993,411366.0,489215.0,986.2,1004.2,981.3,986.2,120674250,1084.8,887.6,1102.5,649.1,1002.1,563,7,1002.0,1817,20,1001.9,883,14,1001.8,4088,10,1001.7,845,14,1002.6,120,1,1002.7,406,5,1002.8,926,16,1002.9,891,10,1003.0,1557,23
317,2025-11-26 11:16:46+05:30,1002.6,11,997.18,4650993,411366.0,489215.0,986.2,1004.2,981.3,986.2,120674250,1084.8,887.6,1102.5,649.1,1002.1,563,7,1002.0,1817,20,1001.9,883,14,1001.8,4088,10,1001.7,845,14,1002.6,120,1,1002.7,406,5,1002.8,926,16,1002.9,891,10,1003.0,1557,23
317,2025-11-26 11:16:46+05:30,1002.1,27,997.18,4651297,410829.0,490073.0,986.2,1004.2,981.3,986.2,120674250,1084.8,887.6,1102.5,649.1,1002.1,116,3,1002.0,1308,17,1001.9,1226,15,1001.8,4085,9,1001.7,845,14,1002.6,417,5,1002.7,467,8,1002.8,862,16,1002.9,918,12,1003.0,1531,21
317,2025-11-26 11:16:47+05:30,1002.1,27,997.18,4651297,410829.0,490073.0,986.2,1004.2,981.3,986.2,120674250,1084.8,887.6,1102.5,649.1,1002.1,116,3,1002.0,1308,17,1001.9,1226,15,1001.8,4085,9,1001.7,845,14,1002.6,417,5,1002.7,467,8,1002.8,862,16,1002.9,918,12,1003.0,1531,21
317,2025-11-26 11:16:47+05:30,1002.6,1,997.18,4651298,411006.0,490133.0,986.2,1004.2,981.3,986.2,120674250,1084.8,887.6,1102.5,649.1,1002.1,48,2,1002.0,1308,17,1001.9,1226,15,1001.8,4085,9,1001.7,1021,15,1002.6,497,6,1002.7,564,9,1002.8,903,18,1002.9,918,12,1003.0,1360,21
317,2025-11-26 11:16:48+05:30,1002.6,15,997.18,4651298,411006.0,490133.0,986.2,1004.2,981.3,986.2,120674250,1084.8,887.6,1102.5,649.1,1002.1,48,2,1002.0,1308,17,1001.9,1226,15,1001.8,4085,9,1001.7,1021,15,1002.6,497,6,1002.7,564,9,1002.8,903,18,1002.9,918,12,1003.0,1360,21
317,2025-11-26 11:16:48+05:30,1002.6,15,997.18,4651313,411062.0,489221.0,986.2,1004.2,981.3,986.2,120674250,1084.8,887.6,1102.5,649.1,1002.1,76,4,1002.0,1405,18,1001.9,1129,14,1001.8,4085,9,1001.7,1049,16,1002.6,309,4,1002.7,504,7,1002.8,850,18,1002.9,1015,13,1003.0,1355,20
317,2025-11-26 11:16:49+05:30,1002.6,28,997.18,4651313,411062.0,489221.0,986.2,1004.2,981.3,986.2,120674250,1084.8,887.6,1102.5,649.1,1002.1,76,4,1002.0,1405,18,1001.9,1129,14,1001.8,4085,9,1001.7,1049,16,1002.6,309,4,1002.7,504,7,1002.8,850,18,1002.9,1015,13,1003.0,1355,20
317,2025-11-26 11:16:49+05:30,1002.6,28,997.18,4651499,411766.0,489979.0,986.2,1004.2,981.3,986.2,120674250,1084.8,887.6,1102.5,649.1,1002.2,87,1,1002.1,482,9,1002.0,1660,21,1001.9,1151,16,1001.8,4420,10,1002.6,50,2,1002.7,300,5,1002.8,827,17,1002.9,918,12,1003.0,1555,21
317,2025-11-26 11:16:50+05:30,1002.1,45,997.18,4652128,411482.0,491472.0,986.2,1004.2,981.3,986.2,120674250,1084.8,887.6,1102.5,649.1,1002.1,29,1,1002.0,1219,15,1001.9,975,14,1001.8,4700,12,1001.7,942,10,1002.4,96,1,1002.5,5,1,1002.6,389,4,1002.7,474,8,1002.8,786,16
317,2025-11-26 11:16:51+05:30,1002.1,45,997.18,4652128,411482.0,491472.0,986.2,1004.2,981.3,986.2,120674250,1084.8,887.6,1102.5,649.1,1002.1,29,1,1002.0,1219,15,1001.9,975,14,1001.8,4700,12,1001.7,942,10,1002.4,96,1,1002.5,5,1,1002.6,389,4,1002.7,474,8,1002.8,786,16
317,2025-11-26 11:16:51+05:30,1002.1,3,997.19,4652234,410248.0,490150.0,986.2,1004.2,981.3,986.2,120674250,1084.8,887.6,1102.5,649.1,1002.0,1039,14,1001.9,957,10,1001.8,4014,9,1001.7,942,10,1001.6,1999,20,1002.4,96,1,1002.5,75,2,1002.6,688,7,1002.7,548,8,1002.8,558,13
317,2025-11-26 11:16:52+05:30,1002.4,10,997.19,4652234,410248.0,490150.0,986.2,1004.2,981.3,986.2,120674250,1084.8,887.6,1102.5,649.1,1002.0,1039,14,1001.9,957,10,1001.8,4014,9,1001.7,942,10,1001.6,1999,20,1002.4,96,1,1002.5,75,2,1002.6,688,7,1002.7,548,8,1002.8,558,13
317,2025-11-26 11:16:52+05:30,1002.0,5,997.19,4652389,409096.0,489978.0,986.2,1004.2,981.3,986.2,120674250,1084.8,887.6,1102.5,649.1,1002.0,944,13,1001.9,651,9,1001.8,4014,9,1001.7,942,10,1001.6,1483,20,1002.4,85,1,1002.5,6,2,1002.6,531,5,1002.7,548,8,1002.8,626,14
317,2025-11-26 11:16:53+05:30,1002.0,5,997.19,4652389,409096.0,489978.0,986.2,1004.2,981.3,986.2,120674250,1084.8,887.6,1102.5,649.1,1002.0,944,13,1001.9,651,9,1001.8,4014,9,1001.7,942,10,1001.6,1483,20,1002.4,85,1,1002.5,6,2,1002.6,531,5,1002.7,548,8,1002.8,626,14
317,2025-11-26 11:16:53+05:30,1002.0,5,997.19,4652389,409058.0,489993.0,986.2,1004.2,981.3,986.2,120674250,1084.8,887.6,1102.5,649.1,1002.0,1131,16,1001.9,901,10,1001.8,4014,9,1001.7,968,12,1001.6,1281,17,1002.4,85,1,1002.5,6,2,1002.6,533,6,1002.7,542,7,1002.8,624,13
317,2025-11-26 11:16:54+05:30,1002.4,184,997.19,4652389,409058.0,489993.0,986.2,1004.2,981.3,986.2,120674250,1084.8,887.6,1102.5,649.1,1002.0,1131,16,1001.9,901,10,1001.8,4014,9,1001.7,968,12,1001.6,1281,17,1002.4,85,1,1002.5,6,2,1002.6,533,6,1002.7,542,7,1002.8,624,13
317,2025-11-26 11:16:54+05:30,1002.4,184,997.19,4652573,410395.0,490579.0,986.2,1004.2,981.3,986.2,120674250,1084.8,887.6,1102.5,649.1,1002.1,275,5,1002.0,1280,17,1001.9,990,11,1001.8,4014,9,1001.7,1513,13,1002.4,96,1,1002.5,1,1,1002.6,99,5,1002.7,360,5,1002.8,630,14
317,2025-11-26 11:16:55+05:30,1002.1,78,997.19,4652573,410395.0,490579.0,986.2,1004.2,981.3,986.2,120674250,1084.8,887.6,1102.5,649.1,1002.1,275,5,1002.0,1280,17,1001.9,990,11,1001.8,4014,9,1001.7,1513,13,1002.4,96,1,1002.5,1,1,1002.6,99,5,1002.7,360,5,1002.8,630,14
317,2025-11-26 11:16:55+05:30,1002.1,78,997.19,4652743,409888.0,490899.0,986.2,1004.2,981.3,986.2,120674250,1084.8,887.6,1102.5,649.1,1002.1,77,5,1002.0,1103,15,1001.9,950,10,1001.8,4450,11,1001.7,968,12,1002.5,224,3,1002.6,438,9,1002.7,396,7,1002.8,632,15,1002.9,677,17
317,2025-11-26 11:16:56+05:30,1002.5,15,997.19,4652758,409655.0,490578.0,986.2,1004.2,981.3,986.2,120674250,1084.8,887.6,1102.5,649.1,1002.1,77,5,1002.0,1143,16,1001.9,990,11,1001.8,4450,11,1001.7,996,13,1002.5,62,1,1002.6,382,8,1002.7,436,7,1002.8,626,14,1002.9,677,17
317,2025-11-26 11:16:57+05:30,1002.5,1,997.19,4652758,409655.0,490578.0,986.2,1004.2,981.3,986.2,120674250,1084.8,887.6,1102.5,649.1,1002.1,77,5,1002.0,1143,16,1001.9,990,11,1001.8,4450,11,1001.7,996,13,1002.5,62,1,1002.6,382,8,1002.7,436,7,1002.8,626,14,1002.9,677,17
317,2025-11-26 11:16:57+05:30,1002.5,1,997.19,4652759,409654.0,490818.0,986.2,1004.2,981.3,986.2,120674250,1084.8,887.6,1102.5,649.1,1002.1,77,5,1002.0,1142,15,1001.9,990,11,1001.8,4450,11,1001.7,996,13,1002.5,71,2,1002.6,478,9,1002.7,340,6,1002.8,626,14,1002.9,683,18
317,2025-11-26 11:16:58+05:30,1002.5,1,997.19,4652759,409654.0,490818.0,986.2,1004.2,981.3,986.2,120674250,1084.8,887.6,1102.5,649.1,1002.1,77,5,1002.0,1142,15,1001.9,990,11,1001.8,4450,11,1001.7,996,13,1002.5,71,2,1002.6,478,9,1002.7,340,6,1002.8,626,14,1002.9,683,18
317,2025-11-26 11:16:58+05:30,1002.5,1,997.19,4652760,409653.0,490810.0,986.2,1004.2,981.3,986.2,120674250,1084.8,887.6,1102.5,649.1,1002.1,76,4,1002.0,1142,15,1001.9,990,11,1001.8,4450,11,1001.7,996,13,1002.5,70,2,1002.6,478,9,1002.7,340,6,1002.8,626,14,1002.9,683,18
317,2025-11-26 11:16:59+05:30,1002.6,34,997.19,4652760,409653.0,490810.0,986.2,1004.2,981.3,986.2,120674250,1084.8,887.6,1102.5,649.1,1002.1,76,4,1002.0,1142,15,1001.9,990,11,1001.8,4450,11,1001.7,996,13,1002.5,70,2,1002.6,478,9,1002.7,340,6,1002.8,626,14,1002.9,683,18
317,2025-11-26 11:16:59+05:30,1002.6,34,997.19,4652914,411957.0,491210.0,986.2,1004.2,981.3,986.2,120674250,1084.8,887.6,1102.5,649.1,1002.5,19,1,1002.2,202,1,1002.1,445,5,1002.0,1470,18,1001.9,669,11,1002.6,216,4,1002.7,442,5,1002.8,281,5,1002.9,637,19,1003.0,1358,20
317,2025-11-26 11:17:00+05:30,1002.5,65,997.19,4652914,411957.0,491210.0,986.2,1004.2,981.3,986.2,120674250,1084.8,887.6,1102.5,649.1,1002.5,19,1,1002.2,202,1,1002.1,445,5,1002.0,1470,18,1001.9,669,11,1002.6,216,4,1002.7,442,5,1002.8,281,5,1002.9,637,19,1003.0,1358,20
317,2025-11-26 11:17:00+05:30,1002.1,56,997.19,4653217,410611.0,490556.0,986.2,1004.2,981.3,986.2,120674250,1084.8,887.6,1102.5,649.1,1002.1,451,9,1002.0,1748,22,1001.9,759,11,1001.8,4386,15,1001.7,794,11,1002.5,31,1,1002.6,52,1,1002.7,236,3,1002.8,432,8,1002.9,637,19
317,2025-11-26 11:17:01+05:30,1002.1,56,997.19,4653217,410611.0,490556.0,986.2,1004.2,981.3,986.2,120674250,1084.8,887.6,1102.5,649.1,1002.1,451,9,1002.0,1748,22,1001.9,759,11,1001.8,4386,15,1001.7,794,11,1002.5,31,1,1002.6,52,1,1002.7,236,3,1002.8,432,8,1002.9,637,19
317,2025-11-26 11:17:01+05:30,1002.1,83,997.19,4653361,410466.0,490599.0,986.2,1004.2,981.3,986.2,120674250,1084.8,887.6,1102.5,649.1,1002.1,320,6,1002.0,1430,20,1001.9,683,9,1001.8,4507,16,1001.7,781,10,1002.5,31,1,1002.6,157,3,1002.7,348,5,1002.8,438,9,1002.9,631,18
317,2025-11-26 11:17:02+05:30,1002.1,83,997.19,4653361,410466.0,490599.0,986.2,1004.2,981.3,986.2,120674250,1084.8,887.6,1102.5,649.1,1002.1,320,6,1002.0,1430,20,1001.9,683,9,1001.8,4507,16,1001.7,781,10,1002.5,31,1,1002.6,157,3,1002.7,348,5,1002.8,438,9,1002.9,631,18
317,2025-11-26 11:17:02+05:30,1002.1,83,997.19,4653361,410650.0,490768.0,986.2,1004.2,981.3,986.2,120674250,1084.8,887.6,1102.5,649.1,1002.1,208,5,1002.0,1430,20,1001.9,933,10,1001.8,4481,14,1001.7,981,13,1002.5,31,1,1002.6,157,3,1002.7,348,5,1002.8,502,10,1002.9,636,19
317,2025-11-26 11:17:03+05:30,1002.5,15,997.19,4653361,410650.0,490768.0,986.2,1004.2,981.3,986.2,120674250,1084.8,887.6,1102.5,649.1,1002.1,208,5,1002.0,1430,20,1001.9,933,10,1001.8,4481,14,1001.7,981,13,1002.5,31,1,1002.6,157,3,1002.7,348,5,1002.8,502,10,1002.9,636,19
317,2025-11-26 11:17:03+05:30,1002.1,1,997.19,4653377,410709.0,491471.0,986.2,1004.2,981.3,986.2,120674250,1084.8,887.6,1102.5,649.1,1002.1,237,6,1002.0,1430,20,1001.9,959,12,1001.8,4481,14,1001.7,955,11,1002.5,16,1,1002.6,157,3,1002.7,348,5,1002.8,522,11,1002.9,605,16
317,2025-11-26 11:17:04+05:30,1002.5,186,997.19,4653377,410709.0,491471.0,986.2,1004.2,981.3,986.2,120674250,1084.8,887.6,1102.5,649.1,1002.1,237,6,1002.0,1430,20,1001.9,959,12,1001.8,4481,14,1001.7,955,11,1002.5,16,1,1002.6,157,3,1002.7,348,5,1002.8,522,11,1002.9,605,16
317,2025-11-26 11:17:04+05:30,1002.5,186,997.19,4653563,410617.0,491789.0,986.2,1004.2,981.3,986.2,120674250,1084.8,887.6,1102.5,649.1,1002.1,199,5,1002.0,1302,18,1001.9,971,13,1001.8,4569,15,1001.7,955,11,1002.5,96,1,1002.6,157,3,1002.7,444,8,1002.8,644,11,1002.9,605,16
317,2025-11-26 11:17:05+05:30,1002.5,192,997.19,4653563,410617.0,491789.0,986.2,1004.2,981.3,986.2,120674250,1084.8,887.6,1102.5,649.1,1002.1,199,5,1002.0,1302,18,1001.9,971,13,1001.8,4569,15,1001.7,955,11,1002.5,96,1,1002.6,157,3,1002.7,444,8,1002.8,644,11,1002.9,605,16
317,2025-11-26 11:17:05+05:30,1002.5,18,997.19,4655578,408708.0,490184.0,986.2,1004.2,981.3,986.2,120674250,1084.8,887.6,1102.5,649.1,1002.1,42,2,1002.0,882,13,1001.9,650,7,1001.8,3909,7,1001.7,1108,17,1002.5,404,6,1002.6,486,5,1002.7,422,6,1002.8,603,11,1002.9,988,17
317,2025-11-26 11:17:06+05:30,1002.5,18,997.19,4655578,408708.0,490184.0,986.2,1004.2,981.3,986.2,120674250,1084.8,887.6,1102.5,649.1,1002.1,42,2,1002.0,882,13,1001.9,650,7,1001.8,3909,7,1001.7,1108,17,1002.5,404,6,1002.6,486,5,1002.7,422,6,1002.8,603,11,1002.9,988,17
317,2025-11-26 11:17:06+05:30,1002.4,79,997.19,4656360,408995.0,489914.0,986.2,1004.2,981.3,986.2,120674250,1084.8,887.6,1102.5,649.1,1002.0,928,13,1001.9,497,7,1001.8,4494,9,1001.7,996,13,1001.6,1172,18,1002.5,135,4,1002.6,528,6,1002.7,1067,8,1002.8,751,14,1002.9,638,16
317,2025-11-26 11:17:07+05:30,1002.0,144,997.19,4656360,408995.0,489914.0,986.2,1004.2,981.3,986.2,120674250,1084.8,887.6,1102.5,649.1,1002.0,928,13,1001.9,497,7,1001.8,4494,9,1001.7,996,13,1001.6,1172,18,1002.5,135,4,1002.6,528,6,1002.7,1067,8,1002.8,751,14,1002.9,638,16
317,2025-11-26 11:17:08+05:30,1002.0,144,997.19,4656504,408766.0,490311.0,986.2,1004.2,981.3,986.2,120674250,1084.8,887.6,1102.5,649.1,1002.0,650,12,1001.9,244,4,1001.8,4580,10,1001.7,996,13,1001.6,1346,19,1002.5,379,7,1002.6,657,11,1002.7,1029,9,1002.8,761,15,1002.9,648,17
317,2025-11-26 11:17:08+05:30,1002.5,21,997.19,4656504,408766.0,490311.0,986.2,1004.2,981.3,986.2,120674250,1084.8,887.6,1102.5,649.1,1002.0,650,12,1001.9,244,4,1001.8,4580,10,1001.7,996,13,1001.6,1346,19,1002.5,379,7,1002.6,657,11,1002.7,1029,9,1002.8,761,15,1002.9,648,17
317,2025-11-26 11:17:08+05:30,1002.5,21,997.19,4656525,408820.0,490262.0,986.2,1004.2,981.3,986.2,120674250,1084.8,887.6,1102.5,649.1,1002.0,674,13,1001.9,421,7,1001.8,4492,9,1001.7,996,13,1001.6,1346,19,1002.5,182,5,1002.6,817,11,1002.7,505,7,1002.8,757,15,1002.9,1209,17
317,2025-11-26 11:17:09+05:30,1002.5,3,997.19,4656525,408820.0,490262.0,986.2,1004.2,981.3,986.2,120674250,1084.8,887.6,1102.5,649.1,1002.0,674,13,1001.9,421,7,1001.8,4492,9,1001.7,996,13,1001.6,1346,19,1002.5,182,5,1002.6,817,11,1002.7,505,7,1002.8,757,15,1002.9,1209,17
317,2025-11-26 11:17:09+05:30,1002.5,15,997.19,4656727,408694.0,490179.0,986.2,1004.2,981.3,986.2,120674250,1084.8,887.6,1102.5,649.1,1002.0,669,12,1001.9,386,7,1001.8,4492,9,1001.7,999,14,1001.6,1346,19,1002.5,133,4,1002.6,814,10,1002.7,505,7,1002.8,751,14,1002.9,1224,17
317,2025-11-26 11:17:10+05:30,1002.5,15,997.19,4656727,408694.0,490179.0,986.2,1004.2,981.3,986.2,120674250,1084.8,887.6,1102.5,649.1,1002.0,669,12,1001.9,386,7,1001.8,4492,9,1001.7,999,14,1001.6,1346,19,1002.5,133,4,1002.6,814,10,1002.7,505,7,1002.8,751,14,1002.9,1224,17
317,2025-11-26 11:17:11+05:30,1002.5,15,997.19,4656727,408943.0,493963.0,986.2,1004.2,981.3,986.2,120674250,1084.8,887.6,1102.5,649.1,1002.0,645,11,1001.9,42,3,1001.8,3732,5,1001.7,830,9,1001.6,1406,15,1002.2,96,1,1002.3,106,2,1002.4,441,5,1002.5,375,6,1002.6,677,8
317,2025-11-26 11:17:12+05:30,1002.2,750,997.19,4657477,409512.0,489753.0,986.2,1004.2,981.3,986.2,120674250,1084.8,887.6,1102.5,649.1,1002.0,870,15,1001.9,777,8,1001.8,3895,7,1001.7,906,14,1001.6,1136,14,1002.2,96,1,1002.3,36,1,1002.4,63,1,1002.5,10,2,1002.6,115,2
317,2025-11-26 11:17:12+05:30,1002.2,750,997.19,4657477,409512.0,489753.0,986.2,1004.2,981.3,986.2,120674250,1084.8,887.6,1102.5,649.1,1002.0,870,15,1001.9,777,8,1001.8,3895,7,1001.7,906,14,1001.6,1136,14,1002.2,96,1,1002.3,36,1,1002.4,63,1,1002.5,10,2,1002.6,115,2
317,2025-11-26 11:17:13+05:30,1002.2,18,997.19,4657495,408215.0,494297.0,986.2,1004.2,981.3,986.2,120674250,1084.8,887.6,1102.5,649.1,1002.0,645,11,1001.9,37,2,1001.8,3888,7,1001.7,1047,11,1001.6,1129,15,1002.2,78,1,1002.3,36,1,1002.4,206,4,1002.5,893,6,1002.6,496,6
317,2025-11-26 11:17:13+05:30,1002.3,137,997.19,4657495,408215.0,494297.0,986.2,1004.2,981.3,986.2,120674250,1084.8,887.6,1102.5,649.1,1002.0,645,11,1001.9,37,2,1001.8,3888,7,1001.7,1047,11,1001.6,1129,15,1002.2,78,1,1002.3,36,1,1002.4,206,4,1002.5,893,6,1002.6,496,6
317,2025-11-26 11:17:13+05:30,1002.4,184,997.19,4658422,409807.0,493683.0,986.2,1004.2,981.3,986.2,120674250,1084.8,887.6,1102.5,649.1,1002.3,279,1,1002.0,486,13,1001.9,358,5,1001.8,4163,9,1001.7,1330,10,1002.4,63,1,1002.5,892,6,1002.6,346,5,1002.7,661,14,1002.8,1212,14
317,2025-11-26 11:17:14+05:30,1002.5,108,997.19,4658422,409807.0,493683.0,986.2,1004.2,981.3,986.2,120674250,1084.8,887.6,1102.5,649.1,1002.3,279,1,1002.0,486,13,1001.9,358,5,1001.8,4163,9,1001.7,1330,10,1002.4,63,1,1002.5,892,6,1002.6,346,5,1002.7,661,14,1002.8,1212,14
317,2025-11-26 11:17:14+05:30,1002.4,63,997.19,4658968,409899.0,492337.0,986.2,1004.2,981.3,986.2,120674250,1084.8,887.6,1102.5,649.1,1002.4,47,1,1002.1,313,2,1002.0,701,15,1001.9,661,8,1001.8,4243,8,1002.5,405,2,1002.6,375,4,1002.7,349,4,1002.8,620,10,1002.9,701,13
317,2025-11-26 11:17:15+05:30,1002.5,19,997.19,4658968,409899.0,492337.0,986.2,1004.2,981.3,986.2,120674250,1084.8,887.6,1102.5,649.1,1002.4,47,1,1002.1,313,2,1002.0,701,15,1001.9,661,8,1001.8,4243,8,1002.5,405,2,1002.6,375,4,1002.7,349,4,1002.8,620,10,1002.9,701,13
317,2025-11-26 11:17:15+05:30,1002.5,19,997.19,4658987,410981.0,492200.0,986.2,1004.2,981.3,986.2,120674250,1084.8,887.6,1102.5,649.1,1002.4,65,2,1002.1,313,2,1002.0,701,15,1001.9,783,14,1001.8,4342,11,1002.5,386,2,1002.6,292,3,1002.7,383,4,1002.8,565,8,1002.9,714,14
317,2025-11-26 11:17:16+05:30,1002.5,86,997.19,4658987,410981.0,492200.0,986.2,1004.2,981.3,986.2,120674250,1084.8,887.6,1102.5,649.1,1002.4,65,2,1002.1,313,2,1002.0,701,15,1001.9,783,14,1001.8,4342,11,1002.5,386,2,1002.6,292,3,1002.7,383,4,1002.8,565,8,1002.9,714,14
317,2025-11-26 11:17:17+05:30,1002.5,17,997.19,4659090,412052.0,491756.0,986.2,1004.2,981.3,986.2,120674250,1084.8,887.6,1102.5,649.1,1002.4,65,2,1002.2,273,3,1002.1,673,8,1002.0,959,19,1001.9,922,16,1002.5,270,1,1002.6,175,2,1002.7,383,4,1002.8,392,5,1002.9,1226,15
317,2025-11-26 11:17:17+05:30,1002.5,17,997.19,4659090,412052.0,491756.0,986.2,1004.2,981.3,986.2,120674250,1084.8,887.6,1102.5,649.1,1002.4,65,2,1002.2,273,3,1002.1,673,8,1002.0,959,19,1001.9,922,16,1002.5,270,1,1002.6,175,2,1002.7,383,4,1002.8,392,5,1002.9,1226,15
317,2025-11-26 11:17:17+05:30,1002.2,40,997.19,4659225,410710.0,491683.0,986.2,1004.2,981.3,986.2,120674250,1084.8,887.6,1102.5,649.1,1002.1,126,2,1002.0,1016,20,1001.9,993,16,1001.8,4479,13,1001.7,941,10,1002.5,270,1,1002.6,175,2,1002.7,476,6,1002.8,568,9,1002.9,804,16
317,2025-11-26 11:17:18+05:30,1002.2,40,997.19,4659225,410710.0,491683.0,986.2,1004.2,981.3,986.2,120674250,1084.8,887.6,1102.5,649.1,1002.1,126,2,1002.0,1016,20,1001.9,993,16,1001.8,4479,13,1001.7,941,10,1002.5,270,1,1002.6,175,2,1002.7,476,6,1002.8,568,9,1002.9,804,16
317,2025-11-26 11:17:18+05:30,1002.5,186,997.19,4659414,410520.0,491515.0,986.2,1004.2,981.3,986.2,120674250,1084.8,887.6,1102.5,649.1,1002.1,371,6,1002.0,904,19,1001.9,880,14,1001.8,4479,13,1001.7,767,9,1002.5,82,2,1002.6,1,1,1002.7,393,5,1002.8,568,9,1002.9,804,16
317,2025-11-26 11:17:19+05:30,1002.5,186,997.19,4659414,410520.0,491515.0,986.2,1004.2,981.3,986.2,120674250,1084.8,887.6,1102.5,649.1,1002.1,371,6,1002.0,904,19,1001.9,880,14,1001.8,4479,13,1001.7,767,9,1002.5,82,2,1002.6,1,1,1002.7,393,5,1002.8,568,9,1002.9,804,16
317,2025-11-26 11:17:20+05:30,1002.5,186,997.19,4659414,411025.0,493646.0,986.2,1004.2,981.3,986.2,120674250,1084.8,887.6,1102.5,649.1,1002.1,233,4,1002.0,793,18,1001.9,872,12,1001.8,4692,17,1001.7,767,9,1002.3,96,1,1002.5,82,2,1002.6,1,1,1002.7,435,6,1002.8,1274,13
317,2025-11-26 11:17:21+05:30,1002.5,186,997.19,4659414,409563.0,493792.0,986.2,1004.2,981.3,986.2,120674250,1084.8,887.6,1102.5,649.1,1002.2,4,2,1002.1,14,2,1002.0,383,13,1001.9,671,10,1001.8,4529,10,1002.3,96,1,1002.4,46,1,1002.5,157,4,1002.6,410,8,1002.7,509,8
317,2025-11-26 11:17:22+05:30,1002.5,186,997.19,4659414,410046.0,493724.0,986.2,1004.2,981.3,986.2,120674250,1084.8,887.6,1102.5,649.1,1002.2,4,2,1002.1,14,2,1002.0,383,13,1001.9,671,10,1001.8,4529,10,1002.3,96,1,1002.4,46,1,1002.5,261,4,1002.6,331,3,1002.7,509,8
317,2025-11-26 11:17:23+05:30,1002.5,186,997.19,4659414,410365.0,493852.0,986.2,1004.2,981.3,986.2,120674250,1084.8,887.6,1102.5,649.1,1002.2,4,2,1002.1,14,2,1002.0,383,13,1001.9,671,10,1001.8,4529,10,1002.3,96,1,1002.4,97,2,1002.5,311,5,1002.6,372,7,1002.7,508,7
317,2025-11-26 11:17:24+05:30,1002.3,184,997.19,4659414,410365.0,493852.0,986.2,1004.2,981.3,986.2,120674250,1084.8,887.6,1102.5,649.1,1002.2,4,2,1002.1,14,2,1002.0,383,13,1001.9,671,10,1001.8,4529,10,1002.3,96,1,1002.4,97,2,1002.5,311,5,1002.6,372,7,1002.7,508,7
317,2025-11-26 11:17:24+05:30,1002.3,184,997.19,4659599,409975.0,493800.0,986.2,1004.2,981.3,986.2,120674250,1084.8,887.6,1102.5,649.1,1002.2,4,2,1002.1,13,1,1002.0,561,15,1001.9,597,9,1001.8,4529,10,1002.3,96,1,1002.4,97,2,1002.5,311,5,1002.6,323,6,1002.7,468,6
317,2025-11-26 11:17:25+05:30,1002.2,2,997.19,4659599,409975.0,493800.0,986.2,1004.2,981.3,986.2,120674250,1084.8,887.6,1102.5,649.1,1002.2,4,2,1002.1,13,1,1002.0,561,15,1001.9,597,9,1001.8,4529,10,1002.3,96,1,1002.4,97,2,1002.5,311,5,1002.6,323,6,1002.7,468,6
317,2025-11-26 11:17:25+05:30,1002.2,2,997.19,4659603,409498.0,494030.0,986.2,1004.2,981.3,986.2,120674250,1084.8,887.6,1102.5,649.1,1002.1,13,1,1002.0,442,15,1001.9,597,9,1001.8,3944,8,1001.7,1098,14,1002.2,92,1,1002.4,97,2,1002.5,324,6,1002.6,457,7,1002.7,530,8
317,2025-11-26 11:17:26+05:30,1002.2,2,997.19,4659603,409443.0,494172.0,986.2,1004.2,981.3,986.2,120674250,1084.8,887.6,1102.5,649.1,1002.1,13,1,1002.0,393,14,1001.9,556,8,1001.8,3931,8,1001.7,1057,13,1002.2,92,1,1002.4,171,3,1002.5,392,8,1002.6,457,7,1002.7,603,9
317,2025-11-26 11:17:27+05:30,1002.2,2,997.19,4659603,409443.0,494172.0,986.2,1004.2,981.3,986.2,120674250,1084.8,887.6,1102.5,649.1,1002.1,13,1,1002.0,393,14,1001.9,556,8,1001.8,3931,8,1001.7,1057,13,1002.2,92,1,1002.4,171,3,1002.5,392,8,1002.6,457,7,1002.7,603,9
317,2025-11-26 11:17:28+05:30,1002.2,1,997.19,4659603,409443.0,494172.0,986.2,1004.2,981.3,986.2,120674250,1084.8,887.6,1102.5,649.1,1002.1,13,1,1002.0,393,14,1001.9,556,8,1001.8,3931,8,1001.7,1057,13,1002.2,92,1,1002.4,171,3,1002.5,392,8,1002.6,457,7,1002.7,603,9
317,2025-11-26 11:17:28+05:30,1002.1,2,997.19,4659607,408561.0,494842.0,986.2,1004.2,981.3,986.2,120674250,1084.8,887.6,1102.5,649.1,1002.1,10,1,1002.0,393,14,1001.9,256,5,1001.8,3806,7,1001.7,807,12,1002.2,91,1,1002.3,50,1,1002.4,416,5,1002.5,767,11,1002.6,951,8
317,2025-11-26 11:17:29+05:30,1002.2,185,997.19,4659607,408561.0,494842.0,986.2,1004.2,981.3,986.2,120674250,1084.8,887.6,1102.5,649.1,1002.1,10,1,1002.0,393,14,1001.9,256,5,1001.8,3806,7,1001.7,807,12,1002.2,91,1,1002.3,50,1,1002.4,416,5,1002.5,767,11,1002.6,951,8
317,2025-11-26 11:17:29+05:30,1002.2,185,997.19,4659792,408734.0,494878.0,986.2,1004.2,981.3,986.2,120674250,1084.8,887.6,1102.5,649.1,1002.1,10,1,1002.0,393,14,1001.9,256,5,1001.8,4007,9,1001.7,1096,14,1002.2,96,1,1002.3,50,1,1002.4,416,5,1002.5,767,11,1002.6,506,8
317,2025-11-26 11:17:30+05:30,1002.0,135,997.19,4659792,408734.0,494878.0,986.2,1004.2,981.3,986.2,120674250,1084.8,887.6,1102.5,649.1,1002.1,10,1,1002.0,393,14,1001.9,256,5,1001.8,4007,9,1001.7,1096,14,1002.2,96,1,1002.3,50,1,1002.4,416,5,1002.5,767,11,1002.6,506,8
317,2025-11-26 11:17:30+05:30,1002.0,8,997.19,4661302,407939.0,492919.0,986.2,1004.2,981.3,986.2,120674250,1084.8,887.6,1102.5,649.1,1002.0,245,13,1001.9,293,5,1001.8,4047,9,1001.7,948,9,1001.6,878,17,1002.1,105,2,1002.3,50,1,1002.4,120,2,1002.5,229,5,1002.6,329,5
317,2025-11-26 11:17:31+05:30,1002.1,15,997.19,4661302,407939.0,492919.0,986.2,1004.2,981.3,986.2,120674250,1084.8,887.6,1102.5,649.1,1002.0,245,13,1001.9,293,5,1001.8,4047,9,1001.7,948,9,1001.6,878,17,1002.1,105,2,1002.3,50,1,1002.4,120,2,1002.5,229,5,1002.6,329,5
317,2025-11-26 11:17:31+05:30,1002.3,209,997.2,4661946,410423.0,488073.0,986.2,1004.2,981.3,986.2,120674250,1084.8,887.6,1102.5,649.1,1002.3,400,1,1002.0,186,3,1001.9,669,8,1001.8,4177,9,1001.7,1403,11,1002.4,46,1,1002.5,204,5,1002.6,512,6,1002.7,526,6,1002.8,438,7
317,2025-11-26 11:17:32+05:30,1002.3,60,997.2,4661946,410423.0,488073.0,986.2,1004.2,981.3,986.2,120674250,1084.8,887.6,1102.5,649.1,1002.3,400,1,1002.0,186,3,1001.9,669,8,1001.8,4177,9,1001.7,1403,11,1002.4,46,1,1002.5,204,5,1002.6,512,6,1002.7,526,6,1002.8,438,7
317,2025-11-26 11:17:32+05:30,1002.3,60,997.2,4662144,410750.0,490808.0,986.2,1004.2,981.3,986.2,120674250,1084.8,887.6,1102.5,649.1,1002.3,370,2,1002.1,31,1,1002.0,602,8,1001.9,1029,12,1001.8,4401,12,1002.5,41,2,1002.6,118,2,1002.7,359,4,1002.8,612,8,1002.9,963,13
317,2025-11-26 11:17:33+05:30,1002.5,22,997.2,4662144,410750.0,490808.0,986.2,1004.2,981.3,986.2,120674250,1084.8,887.6,1102.5,649.1,1002.3,370,2,1002.1,31,1,1002.0,602,8,1001.9,1029,12,1001.8,4401,12,1002.5,41,2,1002.6,118,2,1002.7,359,4,1002.8,612,8,1002.9,963,13
317,2025-11-26 11:17:33+05:30,1002.3,135,997.2,4662301,409454.0,491692.0,986.2,1004.2,981.3,986.2,120674250,1084.8,887.6,1102.5,649.1,1002.3,206,2,1002.0,458,6,1001.9,603,10,1001.8,4388,11,1001.7,1524,12,1002.5,340,5,1002.6,503,6,1002.7,419,8,1002.8,711,15,1002.9,1106,13
317,2025-11-26 11:17:34+05:30,1002.6,31,997.2,4662301,409454.0,491692.0,986.2,1004.2,981.3,986.2,120674250,1084.8,887.6,1102.5,649.1,1002.3,206,2,1002.0,458,6,1001.9,603,10,1001.8,4388,11,1001.7,1524,12,1002.5,340,5,1002.6,503,6,1002.7,419,8,1002.8,711,15,1002.9,1106,13
317,2025-11-26 11:17:34+05:30,1002.6,112,997.2,4662714,410393.0,490648.0,986.2,1004.2,981.3,986.2,120674250,1084.8,887.6,1102.5,649.1,1002.5,12,1,1002.3,1,1,1002.2,284,3,1002.1,575,5,1002.0,402,6,1002.6,41,1,1002.7,392,4,1002.8,524,12,1002.9,624,13,1003.0,2365,26
317,2025-11-26 11:17:35+05:30,1002.6,41,997.2,4662714,410393.0,490648.0,986.2,1004.2,981.3,986.2,120674250,1084.8,887.6,1102.5,649.1,1002.5,12,1,1002.3,1,1,1002.2,284,3,1002.1,575,5,1002.0,402,6,1002.6,41,1,1002.7,392,4,1002.8,524,12,1002.9,624,13,1003.0,2365,26
317,2025-11-26 11:17:35+05:30,1002.6,41,997.2,4662755,412001.0,490106.0,986.2,1004.2,981.3,986.2,120674250,1084.8,887.6,1102.5,649.1,1002.5,12,1,1002.3,1,1,1002.2,394,4,1002.1,682,7,1002.0,1546,12,1002.7,695,4,1002.8,486,11,1002.9,996,12,1003.0,2300,23,1003.1,735,14
317,2025-11-26 11:17:36+05:30,1002.5,8,997.2,4662755,412001.0,490106.0,986.2,1004.2,981.3,986.2,120674250,1084.8,887.6,1102.5,649.1,1002.5,12,1,1002.3,1,1,1002.2,394,4,1002.1,682,7,1002.0,1546,12,1002.7,695,4,1002.8,486,11,1002.9,996,12,1003.0,2300,23,1003.1,735,14
317,2025-11-26 11:17:37+05:30,1002.5,8,997.2,4662988,408942.0,492134.0,986.2,1004.2,981.3,986.2,120674250,1084.8,887.6,1102.5,649.1,1002.3,3,1,1002.1,92,1,1002.0,451,7,1001.9,847,11,1001.8,4524,13,1002.6,296,4,1002.7,999,8,1002.8,1178,19,1002.9,814,13,1003.0,2126,22
317,2025-11-26 11:17:37+05:30,1002.6,21,997.2,4662988,408942.0,492134.0,986.2,1004.2,981.3,986.2,120674250,1084.8,887.6,1102.5,649.1,1002.3,3,1,1002.1,92,1,1002.0,451,7,1001.9,847,11,1001.8,4524,13,1002.6,296,4,1002.7,999,8,1002.8,1178,19,1002.9,814,13,1003.0,2126,22
317,2025-11-26 11:17:38+05:30,1002.6,21,997.2,4663014,408677.0,491600.0,986.2,1004.2,981.3,986.2,120674250,1084.8,887.6,1102.5,649.1,1002.1,153,3,1002.0,429,6,1001.9,956,16,1001.8,4547,12,1001.7,1405,10,1002.6,162,2,1002.7,951,6,1002.8,1232,16,1002.9,614,14,1003.0,2126,22
317,2025-11-26 11:17:39+05:30,1002.5,82,997.2,4663202,409320.0,492217.0,986.2,1004.2,981.3,986.2,120674250,1084.8,887.6,1102.5,649.1,1002.1,95,2,1002.0,697,6,1001.9,644,14,1001.8,4755,12,1001.7,956,11,1002.6,308,5,1002.7,1359,19,1002.8,1188,14,1002.9,1180,15,1003.0,2124,22
317,2025-11-26 11:17:39+05:30,1002.5,82,997.2,4663202,409320.0,492217.0,986.2,1004.2,981.3,986.2,120674250,1084.8,887.6,1102.5,649.1,1002.1,95,2,1002.0,697,6,1001.9,644,14,1001.8,4755,12,1001.7,956,11,1002.6,308,5,1002.7,1359,19,1002.8,1188,14,1002.9,1180,15,1003.0,2124,22
317,2025-11-26 11:17:40+05:30,1002.1,58,997.2,4663260,409326.0,493643.0,986.2,1004.2,981.3,986.2,120674250,1084.8,887.6,1102.5,649.1,1002.1,37,2,1002.0,252,4,1001.9,457,8,1001.8,4413,12,1001.7,1094,10,1002.3,96,1,1002.5,303,4,1002.6,768,9,1002.7,1272,19,1002.8,1750,15
317,2025-11-26 11:17:40+05:30,1002.1,58,997.2,4663260,409326.0,493643.0,986.2,1004.2,981.3,986.2,120674250,1084.8,887.6,1102.5,649.1,1002.1,37,2,1002.0,252,4,1001.9,457,8,1001.8,4413,12,1001.7,1094,10,1002.3,96,1,1002.5,303,4,1002.6,768,9,1002.7,1272,19,1002.8,1750,15
317,2025-11-26 11:17:41+05:30,1002.3,492,997.2,4664124,409689.0,490365.0,986.2,1004.2,981.3,986.2,120674250,1084.8,887.6,1102.5,649.1,1002.2,271,2,1002.1,157,4,1002.0,521,8,1001.9,767,8,1001.8,4287,8,1002.3,96,1,1002.5,5,1,1002.6,63,1,1002.7,247,4,1002.8,753,12
317,2025-11-26 11:17:41+05:30,1002.3,492,997.2,4664124,409689.0,490365.0,986.2,1004.2,981.3,986.2,120674250,1084.8,887.6,1102.5,649.1,1002.2,271,2,1002.1,157,4,1002.0,521,8,1001.9,767,8,1001.8,4287,8,1002.3,96,1,1002.5,5,1,1002.6,63,1,1002.7,247,4,1002.8,753,12
317,2025-11-26 11:17:42+05:30,1002.3,23,997.2,4664147,410270.0,490850.0,986.2,1004.2,981.3,986.2,120674250,1084.8,887.6,1102.5,649.1,1002.2,274,3,1002.1,249,4,1002.0,1293,12,1001.9,855,13,1001.8,4394,12,1002.3,73,1,1002.5,5,1,1002.6,63,1,1002.7,421,5,1002.8,828,15
317,2025-11-26 11:17:42+05:30,1002.3,23,997.2,4664147,410270.0,490850.0,986.2,1004.2,981.3,986.2,120674250,1084.8,887.6,1102.5,649.1,1002.2,274,3,1002.1,249,4,1002.0,1293,12,1001.9,855,13,1001.8,4394,12,1002.3,73,1,1002.5,5,1,1002.6,63,1,1002.7,421,5,1002.8,828,15
317,2025-11-26 11:17:43+05:30,1002.3,109,997.2,4664391,409322.0,491106.0,986.2,1004.2,981.3,986.2,120674250,1084.8,887.6,1102.5,649.1,1002.0,1092,9,1001.9,726,10,1001.8,4202,8,1001.7,924,15,1001.6,1094,13,1002.3,96,1,1002.4,49,1,1002.5,5,1,1002.6,445,4,1002.7,680,9
317,2025-11-26 11:17:43+05:30,1002.3,109,997.2,4664391,409322.0,491106.0,986.2,1004.2,981.3,986.2,120674250,1084.8,887.6,1102.5,649.1,1002.0,1092,9,1001.9,726,10,1001.8,4202,8,1001.7,924,15,1001.6,1094,13,1002.3,96,1,1002.4,49,1,1002.5,5,1,1002.6,445,4,1002.7,680,9
317,2025-11-26 11:17:44+05:30,1002.0,19,997.2,4664646,410492.0,491425.0,986.2,1004.2,981.3,986.2,120674250,1084.8,887.6,1102.5,649.1,1002.1,87,1,1002.0,964,10,1001.9,999,10,1001.8,4362,11,1001.7,971,14,1002.4,49,1,1002.6,174,1,1002.7,564,7,1002.8,898,15,1002.9,1373,22
317,2025-11-26 11:17:44+05:30,1002.4,100,997.2,4664646,410492.0,491425.0,986.2,1004.2,981.3,986.2,120674250,1084.8,887.6,1102.5,649.1,1002.1,87,1,1002.0,964,10,1001.9,999,10,1001.8,4362,11,1001.7,971,14,1002.4,49,1,1002.6,174,1,1002.7,564,7,1002.8,898,15,1002.9,1373,22
317,2025-11-26 11:17:45+05:30,1002.4,100,997.2,4664746,410475.0,491217.0,986.2,1004.2,981.3,986.2,120674250,1084.8,887.6,1102.5,649.1,1002.1,215,3,1002.0,993,11,1001.9,999,10,1001.8,4362,11,1001.7,797,13,1002.4,49,1,1002.7,570,8,1002.8,938,16,1002.9,815,21,1003.0,2303,24
317,2025-11-26 11:17:46+05:30,1002.4,100,997.2,4664746,410556.0,491058.0,986.2,1004.2,981.3,986.2,120674250,1084.8,887.6,1102.5,649.1,1002.1,417,4,1002.0,1072,11,1001.9,1025,12,1001.8,4437,10,1001.7,797,13,1002.6,87,1,1002.7,518,7,1002.8,849,14,1002.9,821,22,1003.0,2303,24
317,2025-11-26 11:17:47+05:30,1002.4,100,997.2,4664746,409808.0,491847.0,986.2,1004.2,981.3,986.2,120674250,1084.8,887.6,1102.5,649.1,1002.1,418,5,1002.0,1073,12,1001.9,1025,12,1001.8,4437,10,1001.7,797,13,1002.6,275,2,1002.7,852,7,1002.8,911,15,1002.9,821,22,1003.0,2303,24
317,2025-11-26 11:17:48+05:30,1002.0,11,997.2,4664746,409808.0,491847.0,986.2,1004.2,981.3,986.2,120674250,1084.8,887.6,1102.5,649.1,1002.1,418,5,1002.0,1073,12,1001.9,1025,12,1001.8,4437,10,1001.7,797,13,1002.6,275,2,1002.7,852,7,1002.8,911,15,1002.9,821,22,1003.0,2303,24
317,2025-11-26 11:17:48+05:30,1002.0,11,997.2,4664868,408973.0,492458.0,986.2,1004.2,981.3,986.2,120674250,1084.8,887.6,1102.5,649.1,1002.1,15,1,1002.0,1153,12,1001.9,633,12,1001.8,4687,11,1001.7,987,14,1002.6,434,3,1002.7,1069,11,1002.8,939,17,1002.9,1358,23,1003.0,2129,23
317,2025-11-26 11:17:49+05:30,1002.6,114,997.2,4664868,408973.0,492458.0,986.2,1004.2,981.3,986.2,120674250,1084.8,887.6,1102.5,649.1,1002.1,15,1,1002.0,1153,12,1001.9,633,12,1001.8,4687,11,1001.7,987,14,1002.6,434,3,1002.7,1069,11,1002.8,939,17,1002.9,1358,23,1003.0,2129,23
317,2025-11-26 11:17:49+05:30,1002.6,114,997.2,4665054,409255.0,491949.0,986.2,1004.2,981.3,986.2,120674250,1084.8,887.6,1102.5,649.1,1002.2,5,1,1002.1,111,2,1002.0,1153,12,1001.9,895,14,1001.8,4437,10,1002.6,74,1,1002.7,1069,11,1002.8,939,17,1002.9,1358,23,1003.0,2629,24
317,2025-11-26 11:17:50+05:30,1002.0,25,997.2,4665054,409255.0,491949.0,986.2,1004.2,981.3,986.2,120674250,1084.8,887.6,1102.5,649.1,1002.2,5,1,1002.1,111,2,1002.0,1153,12,1001.9,895,14,1001.8,4437,10,1002.6,74,1,1002.7,1069,11,1002.8,939,17,1002.9,1358,23,1003.0,2629,24
317,2025-11-26 11:17:50+05:30,1002.0,25,997.2,4665211,408967.0,491901.0,986.2,1004.2,981.3,986.2,120674250,1084.8,887.6,1102.5,649.1,1002.0,804,8,1001.9,629,11,1001.8,4516,11,1001.7,987,14,1001.6,1152,14,1002.4,96,1,1002.5,5,1,1002.6,538,5,1002.7,1109,13,1002.8,901,16
317,2025-11-26 11:17:51+05:30,1002.1,1,997.2,4665211,408967.0,491901.0,986.2,1004.2,981.3,986.2,120674250,1084.8,887.6,1102.5,649.1,1002.0,804,8,1001.9,629,11,1001.8,4516,11,1001.7,987,14,1001.6,1152,14,1002.4,96,1,1002.5,5,1,1002.6,538,5,1002.7,1109,13,1002.8,901,16
317,2025-11-26 11:17:51+05:30,1002.1,1,997.2,4665212,409586.0,492229.0,986.2,1004.2,981.3,986.2,120674250,1084.8,887.6,1102.5,649.1,1002.0,785,8,1001.9,747,12,1001.8,4490,9,1001.7,923,10,1001.6,1639,14,1002.4,96,1,1002.5,5,1,1002.6,431,4,1002.7,998,11,1002.8,888,15
317,2025-11-26 11:17:52+05:30,1002.1,1,997.2,4665212,409638.0,492380.0,986.2,1004.2,981.3,986.2,120674250,1084.8,887.6,1102.5,649.1,1002.0,798,9,1001.9,760,13,1001.8,4569,14,1001.7,923,10,1001.6,1639,14,1002.4,96,1,1002.5,5,1,1002.6,431,4,1002.7,1044,13,1002.8,888,15
317,2025-11-26 11:17:53+05:30,1002.4,203,997.2,4665212,409638.0,492380.0,986.2,1004.2,981.3,986.2,120674250,1084.8,887.6,1102.5,649.1,1002.0,798,9,1001.9,760,13,1001.8,4569,14,1001.7,923,10,1001.6,1639,14,1002.4,96,1,1002.5,5,1,1002.6,431,4,1002.7,1044,13,1002.8,888,15
317,2025-11-26 11:17:53+05:30,1002.4,203,997.2,4666165,411287.0,488319.0,986.2,1004.2,981.3,986.2,120674250,1084.8,887.6,1102.5,649.1,1002.2,164,6,1002.1,749,9,1002.0,1368,19,1001.9,867,11,1001.8,3918,6,1002.6,55,2,1002.7,431,3,1002.8,195,5,1002.9,449,9,1003.0,1834,20
317,2025-11-26 11:17:54+05:30,1002.2,2,997.2,4667308,409941.0,488348.0,986.2,1004.2,981.3,986.2,120674250,1084.8,887.6,1102.5,649.1,1002.2,321,4,1002.1,698,7,1002.0,1745,18,1001.9,874,11,1001.8,4193,8,1002.7,317,3,1002.8,551,8,1002.9,1033,12,1003.0,1883,21,1003.1,620,10
317,2025-11-26 11:17:54+05:30,1002.2,2,997.2,4667308,409941.0,488348.0,986.2,1004.2,981.3,986.2,120674250,1084.8,887.6,1102.5,649.1,1002.2,321,4,1002.1,698,7,1002.0,1745,18,1001.9,874,11,1001.8,4193,8,1002.7,317,3,1002.8,551,8,1002.9,1033,12,1003.0,1883,21,1003.1,620,10
317,2025-11-26 11:17:55+05:30,1002.3,23,997.2,4667617,409971.0,489232.0,986.2,1004.2,981.3,986.2,120674250,1084.8,887.6,1102.5,649.1,1002.2,107,4,1002.1,1053,9,1002.0,1856,20,1001.9,887,12,1001.8,4083,7,1002.7,133,4,1002.8,967,9,1002.9,590,12,1003.0,1883,21,1003.1,700,11
317,2025-11-26 11:17:55+05:30,1002.3,23,997.2,4667617,409971.0,489232.0,986.2,1004.2,981.3,986.2,120674250,1084.8,887.6,1102.5,649.1,1002.2,107,4,1002.1,1053,9,1002.0,1856,20,1001.9,887,12,1001.8,4083,7,1002.7,133,4,1002.8,967,9,1002.9,590,12,1003.0,1883,21,1003.1,700,11
317,2025-11-26 11:17:56+05:30,1002.7,10,997.2,4667761,410051.0,489801.0,986.2,1004.2,981.3,986.2,120674250,1084.8,887.6,1102.5,649.1,1002.3,54,2,1002.2,398,7,1002.1,1124,10,1002.0,1856,20,1001.9,1013,14,1002.7,55,4,1002.8,799,6,1002.9,532,11,1003.0,1883,21,1003.1,682,11
317,2025-11-26 11:17:56+05:30,1002.7,10,997.2,4667761,410051.0,489801.0,986.2,1004.2,981.3,986.2,120674250,1084.8,887.6,1102.5,649.1,1002.3,54,2,1002.2,398,7,1002.1,1124,10,1002.0,1856,20,1001.9,1013,14,1002.7,55,4,1002.8,799,6,1002.9,532,11,1003.0,1883,21,1003.1,682,11
317,2025-11-26 11:17:57+05:30,1002.7,10,997.2,4667761,410075.0,489837.0,986.2,1004.2,981.3,986.2,120674250,1084.8,887.6,1102.5,649.1,1002.3,78,3,1002.2,398,7,1002.1,1124,10,1002.0,1856,20,1001.9,1013,14,1002.7,55,4,1002.8,799,6,1002.9,532,11,1003.0,1883,21,1003.1,682,11
317,2025-11-26 11:17:58+05:30,1002.3,26,997.2,4667811,411022.0,488705.0,986.2,1004.2,981.3,986.2,120674250,1084.8,887.6,1102.5,649.1,1002.3,113,5,1002.2,407,6,1002.1,1062,9,1002.0,1911,23,1001.9,1086,13,1002.7,55,4,1002.8,494,3,1002.9,429,9,1003.0,1906,21,1003.1,658,12
317,2025-11-26 11:17:58+05:30,1002.3,26,997.2,4667811,411022.0,488705.0,986.2,1004.2,981.3,986.2,120674250,1084.8,887.6,1102.5,649.1,1002.3,113,5,1002.2,407,6,1002.1,1062,9,1002.0,1911,23,1001.9,1086,13,1002.7,55,4,1002.8,494,3,1002.9,429,9,1003.0,1906,21,1003.1,658,12
317,2025-11-26 11:17:59+05:30,1002.7,1,997.2,4667952,411178.0,489753.0,986.2,1004.2,981.3,986.2,120674250,1084.8,887.6,1102.5,649.1,1002.7,18,1,1002.3,395,5,1002.2,518,6,1002.1,1210,11,1002.0,2201,23,1002.8,659,6,1002.9,272,9,1003.0,1844,20,1003.1,547,10,1003.2,2134,15
317,2025-11-26 11:17:59+05:30,1002.7,1,997.2,4667952,411178.0,489753.0,986.2,1004.2,981.3,986.2,120674250,1084.8,887.6,1102.5,649.1,1002.7,18,1,1002.3,395,5,1002.2,518,6,1002.1,1210,11,1002.0,2201,23,1002.8,659,6,1002.9,272,9,1003.0,1844,20,1003.1,547,10,1003.2,2134,15
317,2025-11-26 11:18:00+05:30,1002.7,12,997.2,4667952,411178.0,489753.0,986.2,1004.2,981.3,986.2,120674250,1084.8,887.6,1102.5,649.1,1002.7,18,1,1002.3,395,5,1002.2,518,6,1002.1,1210,11,1002.0,2201,23,1002.8,659,6,1002.9,272,9,1003.0,1844,20,1003.1,547,10,1003.2,2134,15
317,2025-11-26 11:18:00+05:30,1002.7,12,997.2,4668131,409661.0,489331.0,986.2,1004.2,981.3,986.2,120674250,1084.8,887.6,1102.5,649.1,1002.3,71,1,1002.2,264,6,1002.1,846,9,1002.0,1565,20,1001.9,1204,12,1002.7,39,1,1002.8,845,8,1002.9,857,11,1003.0,1896,23,1003.1,556,7
317,2025-11-26 11:18:01+05:30,1002.7,20,997.2,4668131,409661.0,489331.0,986.2,1004.2,981.3,986.2,120674250,1084.8,887.6,1102.5,649.1,1002.3,71,1,1002.2,264,6,1002.1,846,9,1002.0,1565,20,1001.9,1204,12,1002.7,39,1,1002.8,845,8,1002.9,857,11,1003.0,1896,23,1003.1,556,7
317,2025-11-26 11:18:01+05:30,1002.7,20,997.2,4668181,410080.0,489867.0,986.2,1004.2,981.3,986.2,120674250,1084.8,887.6,1102.5,649.1,1002.3,175,3,1002.2,433,7,1002.1,945,10,1002.0,1879,22,1001.9,954,11,1002.7,293,2,1002.8,758,6,1002.9,923,10,1003.0,1890,23,1003.1,671,9
317,2025-11-26 11:18:02+05:30,1002.7,20,997.2,4668181,410114.0,489706.0,986.2,1004.2,981.3,986.2,120674250,1084.8,887.6,1102.5,649.1,1002.3,204,4,1002.2,433,7,1002.1,945,10,1002.0,1879,22,1001.9,954,11,1002.7,293,2,1002.8,758,6,1002.9,923,10,1003.0,1913,22,1003.1,684,10
317,2025-11-26 11:18:03+05:30,1002.7,20,997.2,4668181,410087.0,490387.0,986.2,1004.2,981.3,986.2,120674250,1084.8,887.6,1102.5,649.1,1002.3,93,2,1002.2,515,8,1002.1,945,10,1002.0,1879,22,1001.9,954,11,1002.7,293,2,1002.8,935,8,1002.9,926,11,1003.0,1926,22,1003.1,671,9
317,2025-11-26 11:18:04+05:30,1002.7,2,997.2,4668181,410087.0,490387.0,986.2,1004.2,981.3,986.2,120674250,1084.8,887.6,1102.5,649.1,1002.3,93,2,1002.2,515,8,1002.1,945,10,1002.0,1879,22,1001.9,954,11,1002.7,293,2,1002.8,935,8,1002.9,926,11,1003.0,1926,22,1003.1,671,9
317,2025-11-26 11:18:04+05:30,1002.7,2,997.2,4668368,410140.0,489842.0,986.2,1004.2,981.3,986.2,120674250,1084.8,887.6,1102.5,649.1,1002.3,145,2,1002.2,433,7,1002.1,945,10,1002.0,1879,22,1001.9,954,11,1002.7,202,2,1002.8,935,8,1002.9,926,11,1003.0,1926,22,1003.1,671,9
317,2025-11-26 11:18:05+05:30,1002.3,19,997.2,4668368,410140.0,489842.0,986.2,1004.2,981.3,986.2,120674250,1084.8,887.6,1102.5,649.1,1002.3,145,2,1002.2,433,7,1002.1,945,10,1002.0,1879,22,1001.9,954,11,1002.7,202,2,1002.8,935,8,1002.9,926,11,1003.0,1926,22,1003.1,671,9
317,2025-11-26 11:18:05+05:30,1002.3,19,997.2,4668560,408769.0,492030.0,986.2,1004.2,981.3,986.2,120674250,1084.8,887.6,1102.5,649.1,1002.2,142,4,1002.1,474,7,1002.0,1078,18,1001.9,980,11,1001.8,4397,9,1002.3,49,1,1002.7,416,3,1002.8,844,8,1002.9,899,12,1003.0,2081,24
317,2025-11-26 11:18:06+05:30,1002.7,87,997.2,4668560,408769.0,492030.0,986.2,1004.2,981.3,986.2,120674250,1084.8,887.6,1102.5,649.1,1002.2,142,4,1002.1,474,7,1002.0,1078,18,1001.9,980,11,1001.8,4397,9,1002.3,49,1,1002.7,416,3,1002.8,844,8,1002.9,899,12,1003.0,2081,24
317,2025-11-26 11:18:06+05:30,1002.3,8,997.2,4669519,410114.0,488987.0,986.2,1004.2,981.3,986.2,120674250,1084.8,887.6,1102.5,649.1,1002.2,191,5,1002.1,546,7,1002.0,1844,23,1001.9,1053,12,1001.8,4202,9,1002.7,87,1,1002.8,331,4,1002.9,522,14,1003.0,1981,24,1003.1,671,15
317,2025-11-26 11:18:07+05:30,1002.2,16,997.2,4669519,410114.0,488987.0,986.2,1004.2,981.3,986.2,120674250,1084.8,887.6,1102.5,649.1,1002.2,191,5,1002.1,546,7,1002.0,1844,23,1001.9,1053,12,1001.8,4202,9,1002.7,87,1,1002.8,331,4,1002.9,522,14,1003.0,1981,24,1003.1,671,15
317,2025-11-26 11:18:07+05:30,1002.2,16,997.2,4669641,410152.0,489539.0,986.2,1004.2,981.3,986.2,120674250,1084.8,887.6,1102.5,649.1,1002.2,126,4,1002.1,585,8,1002.0,1758,22,1001.9,1085,13,1001.8,4281,10,1002.7,343,4,1002.8,987,8,1002.9,522,14,1003.0,2010,26,1003.1,650,14
317,2025-11-26 11:18:08+05:30,1002.2,16,997.2,4669641,410152.0,489506.0,986.2,1004.2,981.3,986.2,120674250,1084.8,887.6,1102.5,649.1,1002.2,126,4,1002.1,585,8,1002.0,2008,23,1001.9,1085,13,1001.8,4281,10,1002.7,331,4,1002.8,966,8,1002.9,522,14,1003.0,2010,26,1003.1,650,14
317,2025-11-26 11:18:09+05:30,1002.7,94,997.2,4669641,410152.0,489506.0,986.2,1004.2,981.3,986.2,120674250,1084.8,887.6,1102.5,649.1,1002.2,126,4,1002.1,585,8,1002.0,2008,23,1001.9,1085,13,1001.8,4281,10,1002.7,331,4,1002.8,966,8,1002.9,522,14,1003.0,2010,26,1003.1,650,14
317,2025-11-26 11:18:09+05:30,1002.7,114,997.2,4669940,410316.0,489916.0,986.2,1004.2,981.3,986.2,120674250,1084.8,887.6,1102.5,649.1,1002.3,117,2,1002.2,463,8,1002.1,550,8,1002.0,2059,24,1001.9,1012,12,1002.7,12,2,1002.8,573,5,1002.9,941,11,1003.0,1954,24,1003.1,645,13
317,2025-11-26 11:18:10+05:30,1002.6,14,997.2,4669940,410316.0,489916.0,986.2,1004.2,981.3,986.2,120674250,1084.8,887.6,1102.5,649.1,1002.3,117,2,1002.2,463,8,1002.1,550,8,1002.0,2059,24,1001.9,1012,12,1002.7,12,2,1002.8,573,5,1002.9,941,11,1003.0,1954,24,1003.1,645,13
317,2025-11-26 11:18:10+05:30,1002.6,14,997.21,4671576,409061.0,491367.0,986.2,1004.2,981.3,986.2,120674250,1084.8,887.6,1102.5,649.1,1002.3,100,1,1002.2,81,4,1002.1,502,4,1002.0,1279,12,1001.9,1050,15,1002.6,73,1,1002.7,564,14,1002.8,1261,14,1002.9,513,12,1003.0,1960,25
317,2025-11-26 11:18:11+05:30,1002.2,130,997.21,4671576,409061.0,491367.0,986.2,1004.2,981.3,986.2,120674250,1084.8,887.6,1102.5,649.1,1002.3,100,1,1002.2,81,4,1002.1,502,4,1002.0,1279,12,1001.9,1050,15,1002.6,73,1,1002.7,564,14,1002.8,1261,14,1002.9,513,12,1003.0,1960,25
317,2025-11-26 11:18:11+05:30,1002.6,27,997.21,4671921,409154.0,489673.0,986.2,1004.2,981.3,986.2,120674250,1084.8,887.6,1102.5,649.1,1002.3,1,1,1002.2,87,1,1002.1,427,4,1002.0,1612,13,1001.9,881,12,1002.7,206,5,1002.8,1045,11,1002.9,612,14,1003.0,2078,28,1003.1,993,11
317,2025-11-26 11:18:12+05:30,1002.7,50,997.21,4671921,409154.0,489673.0,986.2,1004.2,981.3,986.2,120674250,1084.8,887.6,1102.5,649.1,1002.3,1,1,1002.2,87,1,1002.1,427,4,1002.0,1612,13,1001.9,881,12,1002.7,206,5,1002.8,1045,11,1002.9,612,14,1003.0,2078,28,1003.1,993,11
317,2025-11-26 11:18:12+05:30,1002.7,11,997.21,4672136,410042.0,489646.0,986.2,1004.2,981.3,986.2,120674250,1084.8,887.6,1102.5,649.1,1002.3,36,3,1002.2,418,5,1002.1,830,9,1002.0,1623,15,1001.9,1250,13,1002.7,208,2,1002.8,748,7,1002.9,637,13,1003.0,2055,29,1003.1,1268,13
317,2025-11-26 11:18:13+05:30,1002.7,135,997.21,4672136,410042.0,489646.0,986.2,1004.2,981.3,986.2,120674250,1084.8,887.6,1102.5,649.1,1002.3,36,3,1002.2,418,5,1002.1,830,9,1002.0,1623,15,1001.9,1250,13,1002.7,208,2,1002.8,748,7,1002.9,637,13,1003.0,2055,29,1003.1,1268,13
317,2025-11-26 11:18:13+05:30,1002.7,3,997.21,4672274,410150.0,489387.0,986.2,1004.2,981.3,986.2,120674250,1084.8,887.6,1102.5,649.1,1002.3,66,4,1002.2,418,5,1002.1,830,9,1002.0,1652,16,1001.9,1250,13,1002.7,70,2,1002.8,748,7,1002.9,1153,13,1003.0,1928,22,1003.1,598,11
317,2025-11-26 11:18:14+05:30,1002.8,92,997.21,4672274,410150.0,489387.0,986.2,1004.2,981.3,986.2,120674250,1084.8,887.6,1102.5,649.1,1002.3,66,4,1002.2,418,5,1002.1,830,9,1002.0,1652,16,1001.9,1250,13,1002.7,70,2,1002.8,748,7,1002.9,1153,13,1003.0,1928,22,1003.1,598,11
317,2025-11-26 11:18:14+05:30,1002.7,1,997.21,4672493,412953.0,489691.0,986.2,1004.2,981.3,986.2,120674250,1084.8,887.6,1102.5,649.1,1002.7,6,1,1002.4,89,2,1002.3,370,5,1002.2,636,8,1002.1,1032,11,1002.8,379,3,1002.9,482,11,1003.0,1733,20,1003.1,463,8,1003.2,2092,15
317,2025-11-26 11:18:15+05:30,1002.7,1,997.21,4672493,412953.0,489691.0,986.2,1004.2,981.3,986.2,120674250,1084.8,887.6,1102.5,649.1,1002.7,6,1,1002.4,89,2,1002.3,370,5,1002.2,636,8,1002.1,1032,11,1002.8,379,3,1002.9,482,11,1003.0,1733,20,1003.1,463,8,1003.2,2092,15
317,2025-11-26 11:18:15+05:30,1002.8,27,997.21,4672520,413356.0,490176.0,986.2,1004.2,981.3,986.2,120674250,1084.8,887.6,1102.5,649.1,1002.7,6,1,1002.5,70,2,1002.4,159,3,1002.3,566,7,1002.2,736,10,1002.8,355,4,1002.9,971,12,1003.0,1733,20,1003.1,457,7,1003.2,2092,15
317,2025-11-26 11:18:16+05:30,1002.4,3,997.21,4672520,413356.0,490176.0,986.2,1004.2,981.3,986.2,120674250,1084.8,887.6,1102.5,649.1,1002.7,6,1,1002.5,70,2,1002.4,159,3,1002.3,566,7,1002.2,736,10,1002.8,355,4,1002.9,971,12,1003.0,1733,20,1003.1,457,7,1003.2,2092,15
317,2025-11-26 11:18:16+05:30,1002.4,3,997.21,4672720,411861.0,490284.0,986.2,1004.2,981.3,986.2,120674250,1084.8,887.6,1102.5,649.1,1002.4,117,3,1002.3,921,9,1002.2,678,8,1002.1,1088,13,1002.0,1753,16,1002.8,183,2,1002.9,675,8,1003.0,1917,22,1003.1,440,6,1003.2,2289,14
317,2025-11-26 11:18:17+05:30,1002.4,3,997.21,4672720,411861.0,490284.0,986.2,1004.2,981.3,986.2,120674250,1084.8,887.6,1102.5,649.1,1002.4,117,3,1002.3,921,9,1002.2,678,8,1002.1,1088,13,1002.0,1753,16,1002.8,183,2,1002.9,675,8,1003.0,1917,22,1003.1,440,6,1003.2,2289,14
317,2025-11-26 11:18:17+05:30,1002.4,3,997.21,4672723,411309.0,490723.0,986.2,1004.2,981.3,986.2,120674250,1084.8,887.6,1102.5,649.1,1002.4,83,2,1002.3,847,8,1002.2,696,8,1002.1,886,12,1002.0,1753,16,1002.8,186,3,1002.9,675,8,1003.0,1923,23,1003.1,516,10,1003.2,2368,19
317,2025-11-26 11:18:18+05:30,1002.4,3,997.21,4672723,412331.0,491401.0,986.2,1004.2,981.3,986.2,120674250,1084.8,887.6,1102.5,649.1,1002.7,4,1,1002.5,50,1,1002.3,627,6,1002.2,303,5,1002.1,886,12,1002.8,345,5,1002.9,859,11,1003.0,1898,24,1003.1,1098,12,1003.2,2299,19
317,2025-11-26 11:18:19+05:30,1002.8,1,997.21,4672723,412331.0,491401.0,986.2,1004.2,981.3,986.2,120674250,1084.8,887.6,1102.5,649.1,1002.7,4,1,1002.5,50,1,1002.3,627,6,1002.2,303,5,1002.1,886,12,1002.8,345,5,1002.9,859,11,1003.0,1898,24,1003.1,1098,12,1003.2,2299,19
317,2025-11-26 11:18:19+05:30,1002.5,46,997.21,4672960,411640.0,491166.0,986.2,1004.2,981.3,986.2,120674250,1084.8,887.6,1102.5,649.1,1002.5,4,1,1002.3,513,5,1002.2,303,5,1002.1,612,10,1002.0,2563,17,1002.8,553,4,1002.9,785,10,1003.0,1933,24,1003.1,516,10,1003.2,2127,18
317,2025-11-26 11:18:20+05:30,1002.7,750,997.21,4672960,411640.0,491166.0,986.2,1004.2,981.3,986.2,120674250,1084.8,887.6,1102.5,649.1,1002.5,4,1,1002.3,513,5,1002.2,303,5,1002.1,612,10,1002.0,2563,17,1002.8,553,4,1002.9,785,10,1003.0,1933,24,1003.1,516,10,1003.2,2127,18
317,2025-11-26 11:18:21+05:30,1002.8,1,997.21,4674576,412865.0,487636.0,986.2,1004.2,981.3,986.2,120674250,1084.8,887.6,1102.5,649.1,1002.8,338,1,1002.5,5,1,1002.4,143,2,1002.3,463,7,1002.2,1220,14,1002.9,510,6,1003.0,1442,18,1003.1,485,6,1003.2,1161,4,1003.3,346,4
317,2025-11-26 11:18:21+05:30,1002.8,1,997.21,4674576,412865.0,487636.0,986.2,1004.2,981.3,986.2,120674250,1084.8,887.6,1102.5,649.1,1002.8,338,1,1002.5,5,1,1002.4,143,2,1002.3,463,7,1002.2,1220,14,1002.9,510,6,1003.0,1442,18,1003.1,485,6,1003.2,1161,4,1003.3,346,4
317,2025-11-26 11:18:22+05:30,1002.8,28,997.21,4674973,411004.0,488073.0,986.2,1004.2,981.3,986.2,120674250,1084.8,887.6,1102.5,649.1,1002.5,5,1,1002.4,268,2,1002.3,502,6,1002.2,1001,15,1002.1,1105,13,1002.9,722,4,1003.0,2020,25,1003.1,470,6,1003.2,1234,8,1003.3,510,13
317,2025-11-26 11:18:22+05:30,1002.8,28,997.21,4674973,411004.0,488073.0,986.2,1004.2,981.3,986.2,120674250,1084.8,887.6,1102.5,649.1,1002.5,5,1,1002.4,268,2,1002.3,502,6,1002.2,1001,15,1002.1,1105,13,1002.9,722,4,1003.0,2020,25,1003.1,470,6,1003.2,1234,8,1003.3,510,13
317,2025-11-26 11:18:23+05:30,1002.9,67,997.21,4675111,411651.0,487484.0,986.2,1004.2,981.3,986.2,120674250,1084.8,887.6,1102.5,649.1,1002.5,61,3,1002.4,309,3,1002.3,571,7,1002.2,1230,15,1002.1,786,11,1002.9,106,2,1003.0,1978,25,1003.1,461,6,1003.2,1333,8,1003.3,575,14
317,2025-11-26 11:18:23+05:30,1002.9,67,997.21,4675111,411651.0,487484.0,986.2,1004.2,981.3,986.2,120674250,1084.8,887.6,1102.5,649.1,1002.5,61,3,1002.4,309,3,1002.3,571,7,1002.2,1230,15,1002.1,786,11,1002.9,106,2,1003.0,1978,25,1003.1,461,6,1003.2,1333,8,1003.3,575,14
317,2025-11-26 11:18:24+05:30,1002.9,1,997.21,4675217,413221.0,487420.0,986.2,1004.2,981.3,986.2,120674250,1084.8,887.6,1102.5,649.1,1002.9,18,1,1002.6,202,1,1002.5,234,4,1002.4,586,5,1002.3,502,6,1003.0,1676,23,1003.1,444,6,1003.2,1223,6,1003.3,573,9,1003.4,1053,12
317,2025-11-26 11:18:24+05:30,1002.9,1,997.21,4675217,413221.0,487420.0,986.2,1004.2,981.3,986.2,120674250,1084.8,887.6,1102.5,649.1,1002.9,18,1,1002.6,202,1,1002.5,234,4,1002.4,586,5,1002.3,502,6,1003.0,1676,23,1003.1,444,6,1003.2,1223,6,1003.3,573,9,1003.4,1053,12
317,2025-11-26 11:18:25+05:30,1002.6,14,997.21,4675354,411148.0,487036.0,986.2,1004.2,981.3,986.2,120674250,1084.8,887.6,1102.5,649.1,1002.5,82,2,1002.4,233,2,1002.3,376,4,1002.2,830,12,1002.1,1012,11,1003.0,1741,24,1003.1,474,7,1003.2,1332,8,1003.3,1085,9,1003.4,707,13
317,2025-11-26 11:18:25+05:30,1003.0,3,997.21,4675354,411148.0,487036.0,986.2,1004.2,981.3,986.2,120674250,1084.8,887.6,1102.5,649.1,1002.5,82,2,1002.4,233,2,1002.3,376,4,1002.2,830,12,1002.1,1012,11,1003.0,1741,24,1003.1,474,7,1003.2,1332,8,1003.3,1085,9,1003.4,707,13
317,2025-11-26 11:18:26+05:30,1003.0,3,997.21,4675357,410881.0,487570.0,986.2,1004.2,981.3,986.2,120674250,1084.8,887.6,1102.5,649.1,1002.5,82,2,1002.4,233,2,1002.3,314,3,1002.2,870,13,1002.1,1012,11,1003.0,1945,27,1003.1,827,9,1003.2,1404,10,1003.3,602,9,1003.4,535,12
317,2025-11-26 11:18:27+05:30,1003.0,3,997.21,4675357,410881.0,487665.0,986.2,1004.2,981.3,986.2,120674250,1084.8,887.6,1102.5,649.1,1002.5,82,2,1002.4,233,2,1002.3,314,3,1002.2,870,13,1002.1,1012,11,1003.0,1945,27,1003.1,867,10,1003.2,1404,10,1003.3,602,9,1003.4,540,13
317,2025-11-26 11:18:28+05:30,1003.0,3,997.21,4675357,411006.0,487638.0,986.2,1004.2,981.3,986.2,120674250,1084.8,887.6,1102.5,649.1,1002.5,82,2,1002.4,233,2,1002.3,338,4,1002.2,971,14,1002.1,1012,11,1003.0,1945,27,1003.1,867,10,1003.2,1404,10,1003.3,602,9,1003.4,1073,14
317,2025-11-26 11:18:29+05:30,1003.0,75,997.21,4675542,411031.0,488169.0,986.2,1004.2,981.3,986.2,120674250,1084.8,887.6,1102.5,649.1,1002.6,14,1,1002.5,82,2,1002.4,273,3,1002.3,472,6,1002.2,971,14,1003.0,1614,21,1003.1,841,8,1003.2,1433,10,1003.3,535,9,1003.4,1056,14
317,2025-11-26 11:18:29+05:30,1003.0,75,997.21,4675542,411031.0,488169.0,986.2,1004.2,981.3,986.2,120674250,1084.8,887.6,1102.5,649.1,1002.6,14,1,1002.5,82,2,1002.4,273,3,1002.3,472,6,1002.2,971,14,1003.0,1614,21,1003.1,841,8,1003.2,1433,10,1003.3,535,9,1003.4,1056,14
317,2025-11-26 11:18:30+05:30,1002.8,10,997.21,4675597,412005.0,487702.0,986.2,1004.2,981.3,986.2,120674250,1084.8,887.6,1102.5,649.1,1002.5,65,2,1002.4,233,2,1002.3,417,5,1002.2,971,14,1002.1,1012,11,1002.8,86,1,1003.0,1723,22,1003.1,867,10,1003.2,1473,11,1003.3,598,9
317,2025-11-26 11:18:30+05:30,1002.8,10,997.21,4675597,412005.0,487702.0,986.2,1004.2,981.3,986.2,120674250,1084.8,887.6,1102.5,649.1,1002.5,65,2,1002.4,233,2,1002.3,417,5,1002.2,971,14,1002.1,1012,11,1002.8,86,1,1003.0,1723,22,1003.1,867,10,1003.2,1473,11,1003.3,598,9
317,2025-11-26 11:18:31+05:30,1002.8,5,997.21,4675610,414057.0,487733.0,986.2,1004.2,981.3,986.2,120674250,1084.8,887.6,1102.5,649.1,1002.5,61,3,1002.4,255,3,1002.3,417,5,1002.2,971,14,1002.1,1012,11,1002.8,81,1,1003.0,1728,23,1003.1,867,10,1003.2,1473,11,1003.3,598,9
317,2025-11-26 11:18:31+05:30,1002.8,5,997.21,4675610,414057.0,487733.0,986.2,1004.2,981.3,986.2,120674250,1084.8,887.6,1102.5,649.1,1002.5,61,3,1002.4,255,3,1002.3,417,5,1002.2,971,14,1002.1,1012,11,1002.8,81,1,1003.0,1728,23,1003.1,867,10,1003.2,1473,11,1003.3,598,9
317,2025-11-26 11:18:32+05:30,1002.8,16,997.21,4675626,413949.0,488154.0,986.2,1004.2,981.3,986.2,120674250,1084.8,887.6,1102.5,649.1,1002.5,61,3,1002.4,294,4,1002.3,417,5,1002.2,971,14,1002.1,1012,11,1002.8,65,1,1003.0,1749,24,1003.1,867,10,1003.2,1473,11,1003.3,598,9
317,2025-11-26 11:18:32+05:30,1002.8,16,997.21,4675626,413949.0,488154.0,986.2,1004.2,981.3,986.2,120674250,1084.8,887.6,1102.5,649.1,1002.5,61,3,1002.4,294,4,1002.3,417,5,1002.2,971,14,1002.1,1012,11,1002.8,65,1,1003.0,1749,24,1003.1,867,10,1003.2,1473,11,1003.3,598,9
317,2025-11-26 11:18:33+05:30,1002.8,5,997.21,4675681,414761.0,488292.0,986.2,1004.2,981.3,986.2,120674250,1084.8,887.6,1102.5,649.1,1002.5,61,3,1002.4,523,5,1002.3,466,6,1002.2,1221,15,1002.1,762,10,1002.8,10,1,1002.9,35,1,1003.0,1727,22,1003.1,817,8,1003.2,1433,10
317,2025-11-26 11:18:33+05:30,1002.8,5,997.21,4675681,414761.0,488292.0,986.2,1004.2,981.3,986.2,120674250,1084.8,887.6,1102.5,649.1,1002.5,61,3,1002.4,523,5,1002.3,466,6,1002.2,1221,15,1002.1,762,10,1002.8,10,1,1002.9,35,1,1003.0,1727,22,1003.1,817,8,1003.2,1433,10
317,2025-11-26 11:18:34+05:30,1002.8,185,997.21,4675681,414761.0,488292.0,986.2,1004.2,981.3,986.2,120674250,1084.8,887.6,1102.5,649.1,1002.5,61,3,1002.4,523,5,1002.3,466,6,1002.2,1221,15,1002.1,762,10,1002.8,10,1,1002.9,35,1,1003.0,1727,22,1003.1,817,8,1003.2,1433,10
317,2025-11-26 11:18:34+05:30,1002.8,185,997.21,4675875,414960.0,489362.0,986.2,1004.2,981.3,986.2,120674250,1084.8,887.6,1102.5,649.1,1002.6,112,1,1002.5,9,2,1002.4,437,3,1002.3,565,5,1002.2,1002,15,1002.8,96,1,1002.9,90,2,1003.0,1727,22,1003.1,827,9,1003.2,2021,12
317,2025-11-26 11:18:35+05:30,1002.6,212,997.21,4675875,414960.0,489362.0,986.2,1004.2,981.3,986.2,120674250,1084.8,887.6,1102.5,649.1,1002.6,112,1,1002.5,9,2,1002.4,437,3,1002.3,565,5,1002.2,1002,15,1002.8,96,1,1002.9,90,2,1003.0,1727,22,1003.1,827,9,1003.2,2021,12
317,2025-11-26 11:18:35+05:30,1002.6,212,997.21,4676557,415237.0,488828.0,986.2,1004.2,981.3,986.2,120674250,1084.8,887.6,1102.5,649.1,1002.8,538,1,1002.6,5,1,1002.5,4,1,1002.4,173,2,1002.3,427,6,1002.9,35,1,1003.0,1376,19,1003.1,762,6,1003.2,1161,4,1003.3,511,7
317,2025-11-26 11:18:36+05:30,1002.8,130,997.21,4676557,415237.0,488828.0,986.2,1004.2,981.3,986.2,120674250,1084.8,887.6,1102.5,649.1,1002.8,538,1,1002.6,5,1,1002.5,4,1,1002.4,173,2,1002.3,427,6,1002.9,35,1,1003.0,1376,19,1003.1,762,6,1003.2,1161,4,1003.3,511,7
317,2025-11-26 11:18:36+05:30,1002.9,27,997.21,4676714,415160.0,488763.0,986.2,1004.2,981.3,986.2,120674250,1084.8,887.6,1102.5,649.1,1002.8,412,2,1002.6,5,1,1002.4,384,4,1002.3,510,6,1002.2,868,14,1002.9,26,2,1003.0,1434,19,1003.1,762,6,1003.2,1350,9,1003.3,537,9
317,2025-11-26 11:18:37+05:30,1002.9,27,997.21,4676714,415160.0,488763.0,986.2,1004.2,981.3,986.2,120674250,1084.8,887.6,1102.5,649.1,1002.8,412,2,1002.6,5,1,1002.4,384,4,1002.3,510,6,1002.2,868,14,1002.9,26,2,1003.0,1434,19,1003.1,762,6,1003.2,1350,9,1003.3,537,9
317,2025-11-26 11:18:37+05:30,1002.9,27,997.21,4676714,415201.0,488613.0,986.2,1004.2,981.3,986.2,120674250,1084.8,887.6,1102.5,649.1,1002.8,412,2,1002.6,5,1,1002.4,384,4,1002.3,510,6,1002.2,868,14,1002.9,26,2,1003.0,1434,19,1003.1,762,6,1003.2,1350,9,1003.3,537,9
317,2025-11-26 11:18:38+05:30,1002.9,85,997.21,4676714,415201.0,488613.0,986.2,1004.2,981.3,986.2,120674250,1084.8,887.6,1102.5,649.1,1002.8,412,2,1002.6,5,1,1002.4,384,4,1002.3,510,6,1002.2,868,14,1002.9,26,2,1003.0,1434,19,1003.1,762,6,1003.2,1350,9,1003.3,537,9
317,2025-11-26 11:18:38+05:30,1002.8,1,997.21,4676826,415222.0,488786.0,986.2,1004.2,981.3,986.2,120674250,1084.8,887.6,1102.5,649.1,1002.8,411,2,1002.6,35,2,1002.4,384,4,1002.3,575,7,1002.2,868,14,1002.9,123,3,1003.0,1551,20,1003.1,707,5,1003.2,1360,9,1003.3,531,8
317,2025-11-26 11:18:39+05:30,1003.0,258,997.21,4677371,416834.0,487352.0,986.2,1004.2,981.3,986.2,120674250,1084.8,887.6,1102.5,649.1,1002.9,19,1,1002.8,5,2,1002.6,325,5,1002.5,400,4,1002.4,582,7,1003.0,984,14,1003.1,657,5,1003.2,1310,7,1003.3,531,8,1003.4,575,14
317,2025-11-26 11:18:39+05:30,1002.6,4,997.21,4677371,416834.0,487352.0,986.2,1004.2,981.3,986.2,120674250,1084.8,887.6,1102.5,649.1,1002.9,19,1,1002.8,5,2,1002.6,325,5,1002.5,400,4,1002.4,582,7,1003.0,984,14,1003.1,657,5,1003.2,1310,7,1003.3,531,8,1003.4,575,14
317,2025-11-26 11:18:40+05:30,1002.5,18,997.21,4677371,416834.0,487352.0,986.2,1004.2,981.3,986.2,120674250,1084.8,887.6,1102.5,649.1,1002.9,19,1,1002.8,5,2,1002.6,325,5,1002.5,400,4,1002.4,582,7,1003.0,984,14,1003.1,657,5,1003.2,1310,7,1003.3,531,8,1003.4,575,14
317,2025-11-26 11:18:40+05:30,1002.5,18,997.21,4677631,412800.0,488843.0,986.2,1004.2,981.3,986.2,120674250,1084.8,887.6,1102.5,649.1,1002.5,4,1,1002.4,176,2,1002.3,396,5,1002.2,807,8,1002.1,831,10,1002.9,231,4,1003.0,1352,20,1003.1,1047,12,1003.2,1419,10,1003.3,583,8
317,2025-11-26 11:18:41+05:30,1002.9,1,997.21,4677631,412800.0,488843.0,986.2,1004.2,981.3,986.2,120674250,1084.8,887.6,1102.5,649.1,1002.5,4,1,1002.4,176,2,1002.3,396,5,1002.2,807,8,1002.1,831,10,1002.9,231,4,1003.0,1352,20,1003.1,1047,12,1003.2,1419,10,1003.3,583,8
317,2025-11-26 11:18:41+05:30,1002.9,1,997.21,4677657,413795.0,488692.0,986.2,1004.2,981.3,986.2,120674250,1084.8,887.6,1102.5,649.1,1002.5,34,2,1002.4,176,2,1002.3,506,6,1002.2,899,14,1002.1,844,11,1002.9,200,3,1003.0,1401,20,1003.1,1085,11,1003.2,1409,9,1003.3,578,7
317,2025-11-26 11:18:42+05:30,1002.9,1,997.21,4677657,413762.0,488900.0,986.2,1004.2,981.3,986.2,120674250,1084.8,887.6,1102.5,649.1,1002.5,34,2,1002.4,176,2,1002.3,506,6,1002.2,899,14,1002.1,1094,12,1002.9,318,5,1003.0,1283,18,1003.1,1085,11,1003.2,1415,10,1003.3,578,7
317,2025-11-26 11:18:43+05:30,1002.3,76,997.21,4677657,413762.0,488900.0,986.2,1004.2,981.3,986.2,120674250,1084.8,887.6,1102.5,649.1,1002.5,34,2,1002.4,176,2,1002.3,506,6,1002.2,899,14,1002.1,1094,12,1002.9,318,5,1003.0,1283,18,1003.1,1085,11,1003.2,1415,10,1003.3,578,7
317,2025-11-26 11:18:43+05:30,1002.3,76,997.21,4678032,413165.0,490142.0,986.2,1004.2,981.3,986.2,120674250,1084.8,887.6,1102.5,649.1,1002.3,120,2,1002.2,413,6,1002.1,740,8,1002.0,2084,22,1001.9,1109,16,1002.6,19,1,1002.7,5,1,1002.8,289,2,1002.9,574,6,1003.0,1435,26
317,2025-11-26 11:18:44+05:30,1002.8,130,997.21,4678032,413165.0,490142.0,986.2,1004.2,981.3,986.2,120674250,1084.8,887.6,1102.5,649.1,1002.3,120,2,1002.2,413,6,1002.1,740,8,1002.0,2084,22,1001.9,1109,16,1002.6,19,1,1002.7,5,1,1002.8,289,2,1002.9,574,6,1003.0,1435,26
317,2025-11-26 11:18:44+05:30,1002.8,130,997.21,4678504,414697.0,489810.0,986.2,1004.2,981.3,986.2,120674250,1084.8,887.6,1102.5,649.1,1002.8,19,1,1002.4,395,3,1002.3,552,4,1002.2,467,7,1002.1,1445,11,1002.9,624,9,1003.0,758,16,1003.1,1078,8,1003.2,1507,16,1003.3,411,7
317,2025-11-26 11:18:45+05:30,1002.3,43,997.21,4678504,414697.0,489810.0,986.2,1004.2,981.3,986.2,120674250,1084.8,887.6,1102.5,649.1,1002.8,19,1,1002.4,395,3,1002.3,552,4,1002.2,467,7,1002.1,1445,11,1002.9,624,9,1003.0,758,16,1003.1,1078,8,1003.2,1507,16,1003.3,411,7
317,2025-11-26 11:18:45+05:30,1002.3,43,997.21,4678870,413144.0,489669.0,986.2,1004.2,981.3,986.2,120674250,1084.8,887.6,1102.5,649.1,1002.3,166,4,1002.2,413,6,1002.1,787,10,1002.0,2118,22,1001.9,1035,12,1002.7,118,3,1002.8,184,3,1002.9,1223,10,1003.0,914,19,1003.1,536,9
317,2025-11-26 11:18:46+05:30,1002.3,43,997.21,4678870,413290.0,489897.0,986.2,1004.2,981.3,986.2,120674250,1084.8,887.6,1102.5,649.1,1002.3,176,5,1002.2,413,6,1002.1,787,10,1002.0,2161,23,1001.9,1035,12,1002.7,59,2,1002.8,243,4,1002.9,1226,11,1003.0,1099,20,1003.1,536,9
317,2025-11-26 11:18:48+05:30,1002.5,500,997.21,4678870,413290.0,489897.0,986.2,1004.2,981.3,986.2,120674250,1084.8,887.6,1102.5,649.1,1002.3,176,5,1002.2,413,6,1002.1,787,10,1002.0,2161,23,1001.9,1035,12,1002.7,59,2,1002.8,243,4,1002.9,1226,11,1003.0,1099,20,1003.1,536,9
317,2025-11-26 11:18:48+05:30,1002.6,13,997.22,4679383,416593.0,487797.0,986.2,1004.2,981.3,986.2,120674250,1084.8,887.6,1102.5,649.1,1002.6,737,1,1002.4,300,4,1002.3,829,10,1002.2,1532,16,1002.1,990,10,1002.8,42,1,1002.9,91,3,1003.0,938,16,1003.1,477,7,1003.2,1962,10
317,2025-11-26 11:18:49+05:30,1002.8,50,997.22,4679383,416593.0,487797.0,986.2,1004.2,981.3,986.2,120674250,1084.8,887.6,1102.5,649.1,1002.6,737,1,1002.4,300,4,1002.3,829,10,1002.2,1532,16,1002.1,990,10,1002.8,42,1,1002.9,91,3,1003.0,938,16,1003.1,477,7,1003.2,1962,10
317,2025-11-26 11:18:50+05:30,1002.8,50,997.22,4679619,416942.0,487612.0,986.2,1004.2,981.3,986.2,120674250,1084.8,887.6,1102.5,649.1,1002.6,750,2,1002.4,380,6,1002.3,829,10,1002.2,1572,17,1002.1,1003,11,1002.8,46,1,1002.9,58,2,1003.0,781,14,1003.1,1035,8,1003.2,1992,11
317,2025-11-26 11:18:50+05:30,1002.6,568,997.22,4679619,416942.0,487612.0,986.2,1004.2,981.3,986.2,120674250,1084.8,887.6,1102.5,649.1,1002.6,750,2,1002.4,380,6,1002.3,829,10,1002.2,1572,17,1002.1,1003,11,1002.8,46,1,1002.9,58,2,1003.0,781,14,1003.1,1035,8,1003.2,1992,11
317,2025-11-26 11:18:51+05:30,1002.7,138,997.22,4680325,416542.0,487746.0,986.2,1004.2,981.3,986.2,120674250,1084.8,887.6,1102.5,649.1,1002.6,183,3,1002.5,39,2,1002.4,327,5,1002.3,823,10,1002.2,1572,17,1002.7,96,1,1002.9,630,4,1003.0,811,14,1003.1,477,7,1003.2,1959,10
317,2025-11-26 11:18:51+05:30,1002.6,77,997.22,4680325,416542.0,487746.0,986.2,1004.2,981.3,986.2,120674250,1084.8,887.6,1102.5,649.1,1002.6,183,3,1002.5,39,2,1002.4,327,5,1002.3,823,10,1002.2,1572,17,1002.7,96,1,1002.9,630,4,1003.0,811,14,1003.1,477,7,1003.2,1959,10
317,2025-11-26 11:18:51+05:30,1002.7,32,997.22,4680617,415333.0,488222.0,986.2,1004.2,981.3,986.2,120674250,1084.8,887.6,1102.5,649.1,1002.6,17,1,1002.4,16,2,1002.3,418,5,1002.2,794,9,1002.1,881,15,1002.7,239,2,1002.8,123,2,1002.9,473,7,1003.0,818,14,1003.1,1022,10
317,2025-11-26 11:18:52+05:30,1002.7,32,997.22,4680617,415333.0,488222.0,986.2,1004.2,981.3,986.2,120674250,1084.8,887.6,1102.5,649.1,1002.6,17,1,1002.4,16,2,1002.3,418,5,1002.2,794,9,1002.1,881,15,1002.7,239,2,1002.8,123,2,1002.9,473,7,1003.0,818,14,1003.1,1022,10
317,2025-11-26 11:18:53+05:30,1002.6,50,997.22,4680667,414386.0,489009.0,986.2,1004.2,981.3,986.2,120674250,1084.8,887.6,1102.5,649.1,1002.6,3,1,1002.4,11,1,1002.3,216,4,1002.2,406,6,1002.1,841,14,1002.7,239,2,1002.8,247,3,1002.9,1137,9,1003.0,999,15,1003.1,579,11
317,2025-11-26 11:18:53+05:30,1002.6,50,997.22,4680667,414386.0,489009.0,986.2,1004.2,981.3,986.2,120674250,1084.8,887.6,1102.5,649.1,1002.6,3,1,1002.4,11,1,1002.3,216,4,1002.2,406,6,1002.1,841,14,1002.7,239,2,1002.8,247,3,1002.9,1137,9,1003.0,999,15,1003.1,579,11
317,2025-11-26 11:18:53+05:30,1002.7,1,997.22,4680668,414264.0,488276.0,986.2,1004.2,981.3,986.2,120674250,1084.8,887.6,1102.5,649.1,1002.4,11,1,1002.3,182,4,1002.2,289,5,1002.1,881,15,1002.0,2118,19,1002.7,238,2,1002.8,322,4,1002.9,473,7,1003.0,999,15,1003.1,1314,13
317,2025-11-26 11:18:54+05:30,1002.7,121,997.22,4680668,414264.0,488276.0,986.2,1004.2,981.3,986.2,120674250,1084.8,887.6,1102.5,649.1,1002.4,11,1,1002.3,182,4,1002.2,289,5,1002.1,881,15,1002.0,2118,19,1002.7,238,2,1002.8,322,4,1002.9,473,7,1003.0,999,15,1003.1,1314,13
317,2025-11-26 11:18:54+05:30,1002.7,30,997.22,4680882,411009.0,489004.0,986.2,1004.2,981.3,986.2,120674250,1084.8,887.6,1102.5,649.1,1002.5,112,1,1002.4,11,1,1002.3,160,3,1002.2,299,6,1002.1,881,15,1002.7,120,2,1002.8,247,3,1002.9,432,6,1003.0,1077,17,1003.1,1313,12
317,2025-11-26 11:18:55+05:30,1002.5,1,997.22,4680882,411009.0,489004.0,986.2,1004.2,981.3,986.2,120674250,1084.8,887.6,1102.5,649.1,1002.5,112,1,1002.4,11,1,1002.3,160,3,1002.2,299,6,1002.1,881,15,1002.7,120,2,1002.8,247,3,1002.9,432,6,1003.0,1077,17,1003.1,1313,12
317,2025-11-26 11:18:55+05:30,1002.5,1,997.22,4680995,410651.0,489822.0,986.2,1004.2,981.3,986.2,120674250,1084.8,887.6,1102.5,649.1,1002.4,11,1,1002.3,10,1,1002.2,41,2,1002.1,691,9,1002.0,1878,22,1002.5,95,1,1002.7,197,3,1002.8,260,4,1002.9,1106,9,1003.0,1126,18
317,2025-11-26 11:18:56+05:30,1002.5,1,997.22,4680995,410896.0,489728.0,986.2,1004.2,981.3,986.2,120674250,1084.8,887.6,1102.5,649.1,1002.4,11,1,1002.3,10,1,1002.2,90,3,1002.1,679,9,1002.0,1914,22,1002.5,137,2,1002.6,68,1,1002.7,336,5,1002.8,207,3,1002.9,1093,8
317,2025-11-26 11:18:57+05:30,1002.5,1,997.22,4680995,410849.0,489726.0,986.2,1004.2,981.3,986.2,120674250,1084.8,887.6,1102.5,649.1,1002.4,11,1,1002.3,10,1,1002.2,90,3,1002.1,706,10,1002.0,1914,22,1002.5,137,2,1002.6,68,1,1002.7,336,5,1002.8,207,3,1002.9,516,8
317,2025-11-26 11:18:59+05:30,1002.5,48,997.22,4681180,411701.0,489803.0,986.2,1004.2,981.3,986.2,120674250,1084.8,887.6,1102.5,649.1,1002.4,11,1,1002.3,10,1,1002.2,90,3,1002.1,706,10,1002.0,1914,22,1002.5,90,2,1002.6,68,1,1002.7,261,4,1002.8,282,4,1002.9,516,8
317,2025-11-26 11:18:59+05:30,1002.5,48,997.22,4681180,411701.0,489803.0,986.2,1004.2,981.3,986.2,120674250,1084.8,887.6,1102.5,649.1,1002.4,11,1,1002.3,10,1,1002.2,90,3,1002.1,706,10,1002.0,1914,22,1002.5,90,2,1002.6,68,1,1002.7,261,4,1002.8,282,4,1002.9,516,8
317,2025-11-26 11:18:59+05:30,1002.5,20,997.22,4681200,411701.0,489816.0,986.2,1004.2,981.3,986.2,120674250,1084.8,887.6,1102.5,649.1,1002.4,11,1,1002.3,10,1,1002.2,90,3,1002.1,706,10,1002.0,1914,22,1002.5,70,2,1002.6,69,2,1002.7,261,4,1002.8,282,4,1002.9,516,8
317,2025-11-26 11:19:00+05:30,1002.6,60,997.22,4681200,411701.0,489816.0,986.2,1004.2,981.3,986.2,120674250,1084.8,887.6,1102.5,649.1,1002.4,11,1,1002.3,10,1,1002.2,90,3,1002.1,706,10,1002.0,1914,22,1002.5,70,2,1002.6,69,2,1002.7,261,4,1002.8,282,4,1002.9,516,8
317,2025-11-26 11:19:00+05:30,1002.3,8,997.22,4682815,411567.0,488823.0,986.2,1004.2,981.3,986.2,120674250,1084.8,887.6,1102.5,649.1,1002.3,2,1,1002.2,634,9,1002.1,931,9,1002.0,1797,23,1001.9,1195,15,1002.6,9,2,1002.9,538,7,1003.0,895,15,1003.1,1297,12,1003.2,2169,16
317,2025-11-26 11:19:01+05:30,1002.2,12,997.22,4682815,411567.0,488823.0,986.2,1004.2,981.3,986.2,120674250,1084.8,887.6,1102.5,649.1,1002.3,2,1,1002.2,634,9,1002.1,931,9,1002.0,1797,23,1001.9,1195,15,1002.6,9,2,1002.9,538,7,1003.0,895,15,1003.1,1297,12,1003.2,2169,16
317,2025-11-26 11:19:01+05:30,1002.2,12,997.22,4683542,411242.0,487568.0,986.2,1004.2,981.3,986.2,120674250,1084.8,887.6,1102.5,649.1,1002.2,398,8,1002.1,585,6,1002.0,2060,17,1001.9,1304,21,1001.8,901,9,1002.7,5,1,1002.8,314,4,1002.9,577,11,1003.0,1230,19,1003.1,871,12
317,2025-11-26 11:19:02+05:30,1002.7,39,997.22,4683542,411242.0,487568.0,986.2,1004.2,981.3,986.2,120674250,1084.8,887.6,1102.5,649.1,1002.2,398,8,1002.1,585,6,1002.0,2060,17,1001.9,1304,21,1001.8,901,9,1002.7,5,1,1002.8,314,4,1002.9,577,11,1003.0,1230,19,1003.1,871,12
317,2025-11-26 11:19:02+05:30,1002.7,39,997.22,4683582,411708.0,487520.0,986.2,1004.2,981.3,986.2,120674250,1084.8,887.6,1102.5,649.1,1002.2,803,12,1002.1,604,7,1002.0,2115,19,1001.9,1304,21,1001.8,888,8,1002.7,15,2,1002.8,90,2,1002.9,489,7,1003.0,993,13,1003.1,1369,13
317,2025-11-26 11:19:03+05:30,1002.7,89,997.22,4683582,411708.0,487520.0,986.2,1004.2,981.3,986.2,120674250,1084.8,887.6,1102.5,649.1,1002.2,803,12,1002.1,604,7,1002.0,2115,19,1001.9,1304,21,1001.8,888,8,1002.7,15,2,1002.8,90,2,1002.9,489,7,1003.0,993,13,1003.1,1369,13
317,2025-11-26 11:19:03+05:30,1002.7,89,997.22,4683716,411033.0,486568.0,986.2,1004.2,981.3,986.2,120674250,1084.8,887.6,1102.5,649.1,1002.2,803,12,1002.1,604,7,1002.0,2115,19,1001.9,1255,20,1001.8,888,8,1002.8,90,2,1002.9,293,4,1003.0,780,11,1003.1,1208,11,1003.2,2216,18
317,2025-11-26 11:19:04+05:30,1002.8,19,997.22,4683716,411033.0,486568.0,986.2,1004.2,981.3,986.2,120674250,1084.8,887.6,1102.5,649.1,1002.2,803,12,1002.1,604,7,1002.0,2115,19,1001.9,1255,20,1001.8,888,8,1002.8,90,2,1002.9,293,4,1003.0,780,11,1003.1,1208,11,1003.2,2216,18
317,2025-11-26 11:19:04+05:30,1002.8,19,997.22,4683844,414191.0,486976.0,986.2,1004.2,981.3,986.2,120674250,1084.8,887.6,1102.5,649.1,1002.8,19,1,1002.5,17,1,1002.4,410,4,1002.3,865,7,1002.2,1236,11,1002.9,497,8,1003.0,778,10,1003.1,476,7,1003.2,1485,18,1003.3,1047,8
317,2025-11-26 11:19:05+05:30,1002.8,19,997.22,4683844,413637.0,487410.0,986.2,1004.2,981.3,986.2,120674250,1084.8,887.6,1102.5,649.1,1002.8,20,2,1002.5,17,1,1002.4,410,4,1002.3,695,6,1002.2,1236,11,1002.9,497,8,1003.0,1163,11,1003.1,959,8,1003.2,1485,18,1003.3,551,7
317,2025-11-26 11:19:06+05:30,1002.9,1,997.22,4683844,413637.0,487410.0,986.2,1004.2,981.3,986.2,120674250,1084.8,887.6,1102.5,649.1,1002.8,20,2,1002.5,17,1,1002.4,410,4,1002.3,695,6,1002.2,1236,11,1002.9,497,8,1003.0,1163,11,1003.1,959,8,1003.2,1485,18,1003.3,551,7
317,2025-11-26 11:19:06+05:30,1002.9,1,997.22,4683902,413782.0,486816.0,986.2,1004.2,981.3,986.2,120674250,1084.8,887.6,1102.5,649.1,1002.8,1,1,1002.7,1,1,1002.5,17,1,1002.4,410,4,1002.3,865,7,1002.9,374,7,1003.0,1272,13,1003.1,315,5,1003.2,1485,18,1003.3,551,7
317,2025-11-26 11:19:07+05:30,1002.9,355,997.22,4683902,413782.0,486816.0,986.2,1004.2,981.3,986.2,120674250,1084.8,887.6,1102.5,649.1,1002.8,1,1,1002.7,1,1,1002.5,17,1,1002.4,410,4,1002.3,865,7,1002.9,374,7,1003.0,1272,13,1003.1,315,5,1003.2,1485,18,1003.3,551,7
317,2025-11-26 11:19:07+05:30,1002.9,355,997.22,4684652,413610.0,487044.0,986.2,1004.2,981.3,986.2,120674250,1084.8,887.6,1102.5,649.1,1002.8,1,1,1002.7,1,1,1002.5,17,1,1002.4,485,5,1002.3,336,4,1002.9,235,5,1003.0,1294,13,1003.1,369,7,1003.2,804,18,1003.3,573,7
317,2025-11-26 11:19:08+05:30,1002.4,39,997.22,4684652,413610.0,487044.0,986.2,1004.2,981.3,986.2,120674250,1084.8,887.6,1102.5,649.1,1002.8,1,1,1002.7,1,1,1002.5,17,1,1002.4,485,5,1002.3,336,4,1002.9,235,5,1003.0,1294,13,1003.1,369,7,1003.2,804,18,1003.3,573,7
317,2025-11-26 11:19:08+05:30,1002.2,20,997.22,4685379,410969.0,488014.0,986.2,1004.2,981.3,986.2,120674250,1084.8,887.6,1102.5,649.1,1002.3,87,1,1002.2,303,6,1002.1,754,8,1002.0,1634,13,1001.9,1349,13,1002.8,119,5,1002.9,708,11,1003.0,1451,16,1003.1,1146,11,1003.2,1554,19
317,2025-11-26 11:19:09+05:30,1002.8,2,997.22,4685379,410969.0,488014.0,986.2,1004.2,981.3,986.2,120674250,1084.8,887.6,1102.5,649.1,1002.3,87,1,1002.2,303,6,1002.1,754,8,1002.0,1634,13,1001.9,1349,13,1002.8,119,5,1002.9,708,11,1003.0,1451,16,1003.1,1146,11,1003.2,1554,19
317,2025-11-26 11:19:09+05:30,1002.8,2,997.22,4685695,411347.0,487488.0,986.2,1004.2,981.3,986.2,120674250,1084.8,887.6,1102.5,649.1,1002.3,197,4,1002.2,486,7,1002.1,813,10,1002.0,2073,22,1001.9,1099,12,1002.8,5,1,1002.9,537,8,1003.0,1369,14,1003.1,1096,9,1003.2,1523,18
317,2025-11-26 11:19:10+05:30,1002.5,795,997.22,4685695,411347.0,487488.0,986.2,1004.2,981.3,986.2,120674250,1084.8,887.6,1102.5,649.1,1002.3,197,4,1002.2,486,7,1002.1,813,10,1002.0,2073,22,1001.9,1099,12,1002.8,5,1,1002.9,537,8,1003.0,1369,14,1003.1,1096,9,1003.2,1523,18
317,2025-11-26 11:19:10+05:30,1003.7,25,997.3,4738927,409367.0,459435.0,986.2,1004.2,981.3,986.2,120674250,1084.8,887.6,1102.5,649.1,1003.3,361,5,1003.2,409,4,1003.1,480,4,1003.0,862,6,1002.9,580,6,1003.8,717,4,1003.9,1176,8,1004.0,282,4,1004.1,331,4,1004.2,966,11
317,2025-11-26 11:19:11+05:30,1003.7,1,997.3,4738927,409367.0,459435.0,986.2,1004.2,981.3,986.2,120674250,1084.8,887.6,1102.5,649.1,1003.3,361,5,1003.2,409,4,1003.1,480,4,1003.0,862,6,1002.9,580,6,1003.8,717,4,1003.9,1176,8,1004.0,282,4,1004.1,331,4,1004.2,966,11
317,2025-11-26 11:19:11+05:30,1004.0,33,997.32,4755407,415355.0,462159.0,986.2,1004.2,981.3,986.2,120674250,1084.8,887.6,1102.5,649.1,1003.8,10,1,1003.7,40,2,1003.4,84,2,1003.3,238,2,1003.2,669,4,1003.9,18,1,1004.0,206,2,1004.1,638,6,1004.2,1579,15,1004.3,528,9
317,2025-11-26 11:19:12+05:30,1002.9,6,997.32,4755407,415355.0,462159.0,986.2,1004.2,981.3,986.2,120674250,1084.8,887.6,1102.5,649.1,1003.8,10,1,1003.7,40,2,1003.4,84,2,1003.3,238,2,1003.2,669,4,1003.9,18,1,1004.0,206,2,1004.1,638,6,1004.2,1579,15,1004.3,528,9
317,2025-11-26 11:19:12+05:30,1003.7,1,997.33,4762695,410656.0,468954.0,986.2,1004.2,981.3,986.2,120674250,1084.8,887.6,1102.5,649.1,1003.1,92,2,1003.0,124,2,1002.9,901,6,1002.8,1146,14,1002.7,950,8,1003.7,757,6,1003.8,760,9,1003.9,1182,11,1004.0,799,16,1004.1,1090,13
317,2025-11-26 11:19:13+05:30,1002.9,446,997.33,4762695,410656.0,468954.0,986.2,1004.2,981.3,986.2,120674250,1084.8,887.6,1102.5,649.1,1003.1,92,2,1003.0,124,2,1002.9,901,6,1002.8,1146,14,1002.7,950,8,1003.7,757,6,1003.8,760,9,1003.9,1182,11,1004.0,799,16,1004.1,1090,13
317,2025-11-26 11:19:13+05:30,1002.9,446,997.33,4764013,410870.0,471486.0,986.2,1004.2,981.3,986.2,120674250,1084.8,887.6,1102.5,649.1,1003.1,129,1,1002.9,763,3,1002.8,1035,10,1002.7,813,12,1002.6,1128,10,1003.6,466,5,1003.7,1020,9,1003.8,914,12,1003.9,879,10,1004.0,809,17
317,2025-11-26 11:19:14+05:30,1003.6,130,997.33,4764013,410870.0,471486.0,986.2,1004.2,981.3,986.2,120674250,1084.8,887.6,1102.5,649.1,1003.1,129,1,1002.9,763,3,1002.8,1035,10,1002.7,813,12,1002.6,1128,10,1003.6,466,5,1003.7,1020,9,1003.8,914,12,1003.9,879,10,1004.0,809,17
317,2025-11-26 11:19:14+05:30,1003.6,30,997.33,4765037,415292.0,468646.0,986.2,1004.2,981.3,986.2,120674250,1084.8,887.6,1102.5,649.1,1003.6,19,1,1003.4,5,1,1003.3,202,1,1003.2,650,5,1003.1,887,8,1003.8,355,4,1003.9,571,11,1004.0,615,13,1004.1,1180,10,1004.2,1098,11
317,2025-11-26 11:19:15+05:30,1003.3,85,997.33,4765037,415292.0,468646.0,986.2,1004.2,981.3,986.2,120674250,1084.8,887.6,1102.5,649.1,1003.6,19,1,1003.4,5,1,1003.3,202,1,1003.2,650,5,1003.1,887,8,1003.8,355,4,1003.9,571,11,1004.0,615,13,1004.1,1180,10,1004.2,1098,11
317,2025-11-26 11:19:15+05:30,1003.3,85,997.33,4765297,413083.0,469671.0,986.2,1004.2,981.3,986.2,120674250,1084.8,887.6,1102.5,649.1,1003.2,112,2,1003.1,1101,7,1003.0,776,5,1002.9,754,10,1002.8,1938,13,1003.8,1158,8,1003.9,736,13,1004.0,766,13,1004.1,1306,14,1004.2,1120,13
317,2025-11-26 11:19:16+05:30,1003.8,26,997.33,4765592,413618.0,469226.0,986.2,1004.2,981.3,986.2,120674250,1084.8,887.6,1102.5,649.1,1003.3,117,2,1003.2,366,5,1003.1,594,7,1003.0,837,6,1002.9,1314,11,1003.8,764,5,1003.9,689,11,1004.0,717,11,1004.1,1306,14,1004.2,1181,14
317,2025-11-26 11:19:17+05:30,1003.8,26,997.33,4765592,413618.0,469226.0,986.2,1004.2,981.3,986.2,120674250,1084.8,887.6,1102.5,649.1,1003.3,117,2,1003.2,366,5,1003.1,594,7,1003.0,837,6,1002.9,1314,11,1003.8,764,5,1003.9,689,11,1004.0,717,11,1004.1,1306,14,1004.2,1181,14
317,2025-11-26 11:19:17+05:30,1003.8,26,997.33,4765592,414221.0,468505.0,986.2,1004.2,981.3,986.2,120674250,1084.8,887.6,1102.5,649.1,1003.3,117,2,1003.2,514,6,1003.1,1132,12,1003.0,1378,10,1002.9,1015,10,1003.8,764,5,1003.9,614,8,1004.0,702,10,1004.1,921,9,1004.2,1153,16
317,2025-11-26 11:19:18+05:30,1003.7,150,997.33,4765592,414221.0,468505.0,986.2,1004.2,981.3,986.2,120674250,1084.8,887.6,1102.5,649.1,1003.3,117,2,1003.2,514,6,1003.1,1132,12,1003.0,1378,10,1002.9,1015,10,1003.8,764,5,1003.9,614,8,1004.0,702,10,1004.1,921,9,1004.2,1153,16
317,2025-11-26 11:19:18+05:30,1003.7,150,997.33,4766156,414099.0,470698.0,986.2,1004.2,981.3,986.2,120674250,1084.8,887.6,1102.5,649.1,1003.3,2,1,1003.2,16,2,1003.1,610,5,1003.0,1253,7,1002.9,949,15,1003.7,845,6,1003.8,394,5,1003.9,668,10,1004.0,657,9,1004.1,1164,10
317,2025-11-26 11:19:19+05:30,1003.2,125,997.33,4766156,414099.0,470698.0,986.2,1004.2,981.3,986.2,120674250,1084.8,887.6,1102.5,649.1,1003.3,2,1,1003.2,16,2,1003.1,610,5,1003.0,1253,7,1002.9,949,15,1003.7,845,6,1003.8,394,5,1003.9,668,10,1004.0,657,9,1004.1,1164,10
317,2025-11-26 11:19:19+05:30,1003.2,125,997.33,4766156,414099.0,470698.0,986.2,1004.2,981.3,986.2,120674250,1084.8,887.6,1102.5,649.1,1003.3,2,1,1003.2,16,2,1003.1,610,5,1003.0,1253,7,1002.9,949,15,1003.7,845,6,1003.8,394,5,1003.9,668,10,1004.0,657,9,1004.1,1164,10
317,2025-11-26 11:19:19+05:30,1003.2,125,997.33,4766493,413791.0,471221.0,986.2,1004.2,981.3,986.2,120674250,1084.8,887.6,1102.5,649.1,1003.3,87,1,1003.2,27,2,1003.1,415,3,1003.0,1252,7,1002.9,1340,13,1003.7,1094,7,1003.8,537,10,1003.9,677,10,1004.0,881,11,1004.1,1164,10
317,2025-11-26 11:19:19+05:30,1003.2,125,997.33,4766493,413791.0,471221.0,986.2,1004.2,981.3,986.2,120674250,1084.8,887.6,1102.5,649.1,1003.3,87,1,1003.2,27,2,1003.1,415,3,1003.0,1252,7,1002.9,1340,13,1003.7,1094,7,1003.8,537,10,1003.9,677,10,1004.0,881,11,1004.1,1164,10
317,2025-11-26 11:19:20+05:30,1003.2,125,997.33,4766493,413791.0,471221.0,986.2,1004.2,981.3,986.2,120674250,1084.8,887.6,1102.5,649.1,1003.3,87,1,1003.2,27,2,1003.1,415,3,1003.0,1252,7,1002.9,1340,13,1003.7,1094,7,1003.8,537,10,1003.9,677,10,1004.0,881,11,1004.1,1164,10
317,2025-11-26 11:19:20+05:30,1003.5,191,997.33,4766493,413791.0,471221.0,986.2,1004.2,981.3,986.2,120674250,1084.8,887.6,1102.5,649.1,1003.3,87,1,1003.2,27,2,1003.1,415,3,1003.0,1252,7,1002.9,1340,13,1003.7,1094,7,1003.8,537,10,1003.9,677,10,1004.0,881,11,1004.1,1164,10
317,2025-11-26 11:19:20+05:30,1003.5,191,997.33,4766684,412983.0,473005.0,986.2,1004.2,981.3,986.2,120674250,1084.8,887.6,1102.5,649.1,1003.2,27,2,1003.1,129,1,1003.0,1019,4,1002.9,1276,9,1002.8,1652,12,1003.5,96,1,1003.6,965,4,1003.7,610,6,1003.8,471,8,1003.9,849,12
317,2025-11-26 11:19:20+05:30,1003.5,191,997.33,4766684,412983.0,473005.0,986.2,1004.2,981.3,986.2,120674250,1084.8,887.6,1102.5,649.1,1003.2,27,2,1003.1,129,1,1003.0,1019,4,1002.9,1276,9,1002.8,1652,12,1003.5,96,1,1003.6,965,4,1003.7,610,6,1003.8,471,8,1003.9,849,12
317,2025-11-26 11:19:21+05:30,1003.5,191,997.33,4766684,412983.0,473005.0,986.2,1004.2,981.3,986.2,120674250,1084.8,887.6,1102.5,649.1,1003.2,27,2,1003.1,129,1,1003.0,1019,4,1002.9,1276,9,1002.8,1652,12,1003.5,96,1,1003.6,965,4,1003.7,610,6,1003.8,471,8,1003.9,849,12
317,2025-11-26 11:19:21+05:30,1003.5,191,997.33,4766684,413223.0,472972.0,986.2,1004.2,981.3,986.2,120674250,1084.8,887.6,1102.5,649.1,1003.2,27,2,1003.1,129,1,1003.0,1019,4,1002.9,1276,9,1002.8,1682,13,1003.5,96,1,1003.6,986,5,1003.7,610,6,1003.8,471,8,1003.9,795,12
317,2025-11-26 11:19:21+05:30,1003.5,191,997.33,4766684,413223.0,472972.0,986.2,1004.2,981.3,986.2,120674250,1084.8,887.6,1102.5,649.1,1003.2,27,2,1003.1,129,1,1003.0,1019,4,1002.9,1276,9,1002.8,1682,13,1003.5,96,1,1003.6,986,5,1003.7,610,6,1003.8,471,8,1003.9,795,12
317,2025-11-26 11:19:22+05:30,1003.5,191,997.33,4766684,413223.0,472972.0,986.2,1004.2,981.3,986.2,120674250,1084.8,887.6,1102.5,649.1,1003.2,27,2,1003.1,129,1,1003.0,1019,4,1002.9,1276,9,1002.8,1682,13,1003.5,96,1,1003.6,986,5,1003.7,610,6,1003.8,471,8,1003.9,795,12
317,2025-11-26 11:19:22+05:30,1003.5,10,997.33,4766684,413223.0,472972.0,986.2,1004.2,981.3,986.2,120674250,1084.8,887.6,1102.5,649.1,1003.2,27,2,1003.1,129,1,1003.0,1019,4,1002.9,1276,9,1002.8,1682,13,1003.5,96,1,1003.6,986,5,1003.7,610,6,1003.8,471,8,1003.9,795,12
317,2025-11-26 11:19:22+05:30,1003.5,10,997.33,4766684,413223.0,472972.0,986.2,1004.2,981.3,986.2,120674250,1084.8,887.6,1102.5,649.1,1003.2,27,2,1003.1,129,1,1003.0,1019,4,1002.9,1276,9,1002.8,1682,13,1003.5,96,1,1003.6,986,5,1003.7,610,6,1003.8,471,8,1003.9,795,12
317,2025-11-26 11:19:22+05:30,1003.5,100,997.33,4766929,400688.0,452713.0,986.2,1004.2,981.3,986.2,120674250,1084.8,887.6,1102.5,649.1,1003.2,211,3,1003.1,198,2,1003.0,1416,8,1002.9,773,9,1002.8,1958,16,1003.5,96,1,1003.6,115,1,1003.7,479,4,1003.8,907,7,1003.9,795,12
317,2025-11-26 11:19:22+05:30,1003.5,100,997.33,4766929,400688.0,452713.0,986.2,1004.2,981.3,986.2,120674250,1084.8,887.6,1102.5,649.1,1003.2,211,3,1003.1,198,2,1003.0,1416,8,1002.9,773,9,1002.8,1958,16,1003.5,96,1,1003.6,115,1,1003.7,479,4,1003.8,907,7,1003.9,795,12
317,2025-11-26 11:19:23+05:30,1003.5,100,997.33,4766929,400688.0,452713.0,986.2,1004.2,981.3,986.2,120635250,1084.8,887.6,1102.5,649.1,1003.2,211,3,1003.1,198,2,1003.0,1416,8,1002.9,773,9,1002.8,1958,16,1003.5,96,1,1003.6,115,1,1003.7,479,4,1003.8,907,7,1003.9,795,12
317,2025-11-26 11:19:23+05:30,1003.5,2,997.33,4766929,400688.0,452713.0,986.2,1004.2,981.3,986.2,120635250,1084.8,887.6,1102.5,649.1,1003.2,211,3,1003.1,198,2,1003.0,1416,8,1002.9,773,9,1002.8,1958,16,1003.5,96,1,1003.6,115,1,1003.7,479,4,1003.8,907,7,1003.9,795,12
317,2025-11-26 11:19:23+05:30,1003.5,2,997.33,4766929,400688.0,452713.0,986.2,1004.2,981.3,986.2,120635250,1084.8,887.6,1102.5,649.1,1003.2,211,3,1003.1,198,2,1003.0,1416,8,1002.9,773,9,1002.8,1958,16,1003.5,96,1,1003.6,115,1,1003.7,479,4,1003.8,907,7,1003.9,795,12
317,2025-11-26 11:19:23+05:30,1003.5,2,997.33,4766931,400620.0,452765.0,986.2,1004.2,981.3,986.2,120635250,1084.8,887.6,1102.5,649.1,1003.2,211,3,1003.1,716,2,1003.0,1300,7,1002.9,773,9,1002.8,1958,16,1003.5,94,1,1003.6,115,1,1003.7,480,5,1003.8,907,7,1003.9,795,12
317,2025-11-26 11:19:23+05:30,1003.5,2,997.33,4766931,400620.0,452765.0,986.2,1004.2,981.3,986.2,120635250,1084.8,887.6,1102.5,649.1,1003.2,211,3,1003.1,716,2,1003.0,1300,7,1002.9,773,9,1002.8,1958,16,1003.5,94,1,1003.6,115,1,1003.7,480,5,1003.8,907,7,1003.9,795,12
317,2025-11-26 11:19:24+05:30,1003.5,184,997.33,4766931,400620.0,452765.0,986.2,1004.2,981.3,986.2,120635250,1084.8,887.6,1102.5,649.1,1003.2,211,3,1003.1,716,2,1003.0,1300,7,1002.9,773,9,1002.8,1958,16,1003.5,94,1,1003.6,115,1,1003.7,480,5,1003.8,907,7,1003.9,795,12
317,2025-11-26 11:19:24+05:30,1003.5,184,997.33,4767333,401036.0,452217.0,986.2,1004.2,981.3,986.2,120635250,1084.8,887.6,1102.5,649.1,1003.2,224,4,1003.1,1143,7,1003.0,1484,9,1002.9,751,9,1002.8,1921,15,1003.5,96,1,1003.6,115,1,1003.7,422,4,1003.8,745,5,1003.9,775,11
317,2025-11-26 11:19:25+05:30,1003.1,126,997.33,4767333,401036.0,452217.0,986.2,1004.2,981.3,986.2,120635250,1084.8,887.6,1102.5,649.1,1003.2,224,4,1003.1,1143,7,1003.0,1484,9,1002.9,751,9,1002.8,1921,15,1003.5,96,1,1003.6,115,1,1003.7,422,4,1003.8,745,5,1003.9,775,11
317,2025-11-26 11:19:25+05:30,1003.2,1,997.33,4767838,407274.0,453461.0,986.2,1004.2,981.3,986.2,120635250,1084.8,887.6,1102.5,649.1,1003.2,91,2,1003.1,748,3,1003.0,1379,8,1002.9,651,9,1002.8,1932,14,1003.6,72,1,1003.7,469,5,1003.8,876,6,1003.9,781,11,1004.0,829,15
317,2025-11-26 11:19:26+05:30,1003.2,1,997.33,4767838,407274.0,453461.0,986.2,1004.2,981.3,986.2,120635250,1084.8,887.6,1102.5,649.1,1003.2,91,2,1003.1,748,3,1003.0,1379,8,1002.9,651,9,1002.8,1932,14,1003.6,72,1,1003.7,469,5,1003.8,876,6,1003.9,781,11,1004.0,829,15
317,2025-11-26 11:19:26+05:30,1003.2,1,997.33,4767838,407312.0,453483.0,986.2,1004.2,981.3,986.2,120635250,1084.8,887.6,1102.5,649.1,1003.2,91,2,1003.1,198,2,1003.0,1379,8,1002.9,1146,10,1002.8,1932,14,1003.6,94,2,1003.7,469,5,1003.8,902,7,1003.9,781,11,1004.0,829,15
317,2025-11-26 11:19:27+05:30,1003.2,50,997.33,4767838,407312.0,453483.0,986.2,1004.2,981.3,986.2,120635250,1084.8,887.6,1102.5,649.1,1003.2,91,2,1003.1,198,2,1003.0,1379,8,1002.9,1146,10,1002.8,1932,14,1003.6,94,2,1003.7,469,5,1003.8,902,7,1003.9,781,11,1004.0,829,15
317,2025-11-26 11:19:27+05:30,1003.2,50,997.33,4767888,426762.0,473003.0,986.2,1004.2,981.3,986.2,120635250,1084.8,887.6,1102.5,649.1,1003.2,41,2,1003.1,198,2,1003.0,1379,8,1002.9,1146,10,1002.8,1932,14,1003.6,94,2,1003.7,469,5,1003.8,902,7,1003.9,781,11,1004.0,829,15
317,2025-11-26 11:19:28+05:30,1003.2,50,997.33,4767888,426517.0,474161.0,986.2,1004.2,981.3,986.2,120635250,1084.8,887.6,1102.5,649.1,1003.2,41,2,1003.1,198,2,1003.0,1365,7,1002.9,1088,10,1002.8,1682,13,1003.5,535,2,1003.6,362,6,1003.7,647,7,1003.8,902,7,1003.9,872,12
317,2025-11-26 11:19:29+05:30,1003.5,185,997.33,4767888,426517.0,474161.0,986.2,1004.2,981.3,986.2,120635250,1084.8,887.6,1102.5,649.1,1003.2,41,2,1003.1,198,2,1003.0,1365,7,1002.9,1088,10,1002.8,1682,13,1003.5,535,2,1003.6,362,6,1003.7,647,7,1003.8,902,7,1003.9,872,12
317,2025-11-26 11:19:30+05:30,1003.5,185,997.33,4768073,428710.0,472865.0,986.2,1004.2,981.3,986.2,120635250,1084.8,887.6,1102.5,649.1,1003.2,169,5,1003.1,832,5,1003.0,1440,10,1002.9,863,8,1002.8,1959,14,1003.5,350,2,1003.7,474,6,1003.8,930,5,1003.9,758,11,1004.0,726,10
317,2025-11-26 11:19:30+05:30,1003.3,750,997.33,4768073,428710.0,472865.0,986.2,1004.2,981.3,986.2,120635250,1084.8,887.6,1102.5,649.1,1003.2,169,5,1003.1,832,5,1003.0,1440,10,1002.9,863,8,1002.8,1959,14,1003.5,350,2,1003.7,474,6,1003.8,930,5,1003.9,758,11,1004.0,726,10
317,2025-11-26 11:19:31+05:30,1003.4,8,997.33,4769048,429415.0,473270.0,986.2,1004.2,981.3,986.2,120635250,1084.8,887.6,1102.5,649.1,1003.4,645,2,1003.2,1,1,1003.1,394,5,1003.0,1554,13,1002.9,1116,9,1003.5,350,2,1003.7,347,6,1003.8,897,5,1003.9,807,12,1004.0,663,9
317,2025-11-26 11:19:31+05:30,1003.5,35,997.33,4769048,429415.0,473270.0,986.2,1004.2,981.3,986.2,120635250,1084.8,887.6,1102.5,649.1,1003.4,645,2,1003.2,1,1,1003.1,394,5,1003.0,1554,13,1002.9,1116,9,1003.5,350,2,1003.7,347,6,1003.8,897,5,1003.9,807,12,1004.0,663,9
317,2025-11-26 11:19:32+05:30,1003.7,31,997.33,4769477,429892.0,471670.0,986.2,1004.2,981.3,986.2,120635250,1084.8,887.6,1102.5,649.1,1003.6,644,1,1003.5,5,1,1003.4,1,1,1003.2,171,2,1003.1,670,9,1003.7,56,2,1003.8,705,2,1003.9,725,9,1004.0,523,7,1004.1,749,10
317,2025-11-26 11:19:32+05:30,1003.6,151,997.33,4769477,429892.0,471670.0,986.2,1004.2,981.3,986.2,120635250,1084.8,887.6,1102.5,649.1,1003.6,644,1,1003.5,5,1,1003.4,1,1,1003.2,171,2,1003.1,670,9,1003.7,56,2,1003.8,705,2,1003.9,725,9,1004.0,523,7,1004.1,749,10
317,2025-11-26 11:19:33+05:30,1003.7,1,997.33,4769824,429768.0,471475.0,986.2,1004.2,981.3,986.2,120635250,1084.8,887.6,1102.5,649.1,1003.6,493,1,1003.5,5,1,1003.4,1,1,1003.3,86,2,1003.2,529,3,1003.7,74,2,1003.8,695,2,1003.9,630,9,1004.0,523,7,1004.1,755,8
317,2025-11-26 11:19:33+05:30,1003.6,151,997.33,4769824,429768.0,471475.0,986.2,1004.2,981.3,986.2,120635250,1084.8,887.6,1102.5,649.1,1003.6,493,1,1003.5,5,1,1003.4,1,1,1003.3,86,2,1003.2,529,3,1003.7,74,2,1003.8,695,2,1003.9,630,9,1004.0,523,7,1004.1,755,8
317,2025-11-26 11:19:34+05:30,1003.8,39,997.33,4769824,429768.0,471475.0,986.2,1004.2,981.3,986.2,120635250,1084.8,887.6,1102.5,649.1,1003.6,493,1,1003.5,5,1,1003.4,1,1,1003.3,86,2,1003.2,529,3,1003.7,74,2,1003.8,695,2,1003.9,630,9,1004.0,523,7,1004.1,755,8
317,2025-11-26 11:19:34+05:30,1003.8,39,997.34,4770536,429586.0,472408.0,986.2,1004.2,981.3,986.2,120635250,1084.8,887.6,1102.5,649.1,1003.7,19,1,1003.3,211,2,1003.2,364,3,1003.1,803,13,1003.0,1695,14,1003.8,282,5,1003.9,642,10,1004.0,469,6,1004.1,1472,9,1004.2,1144,14
317,2025-11-26 11:19:35+05:30,1003.3,48,997.34,4770536,429586.0,472408.0,986.2,1004.2,981.3,986.2,120635250,1084.8,887.6,1102.5,649.1,1003.7,19,1,1003.3,211,2,1003.2,364,3,1003.1,803,13,1003.0,1695,14,1003.8,282,5,1003.9,642,10,1004.0,469,6,1004.1,1472,9,1004.2,1144,14
317,2025-11-26 11:19:35+05:30,1003.3,48,997.34,4770794,427658.0,472707.0,986.2,1004.2,981.3,986.2,120635250,1084.8,887.6,1102.5,649.1,1003.2,110,2,1003.1,568,7,1003.0,1435,8,1002.9,1322,11,1002.8,1888,14,1003.7,806,5,1003.8,588,8,1003.9,1213,20,1004.0,973,12,1004.1,1505,9
317,2025-11-26 11:19:36+05:30,1003.3,48,997.34,4770794,427890.0,472796.0,986.2,1004.2,981.3,986.2,120635250,1084.8,887.6,1102.5,649.1,1003.2,120,3,1003.1,1152,10,1003.0,1435,8,1002.9,843,15,1002.8,2173,16,1003.7,951,5,1003.8,564,7,1003.9,1213,20,1004.0,997,13,1004.1,1335,8
317,2025-11-26 11:19:37+05:30,1003.3,48,997.34,4770794,428785.0,471887.0,986.2,1004.2,981.3,986.2,120635250,1084.8,887.6,1102.5,649.1,1003.2,200,4,1003.1,594,9,1003.0,1435,8,1002.9,1357,16,1002.8,2003,15,1003.7,737,3,1003.8,386,7,1003.9,1108,13,1004.0,713,10,1004.1,1535,11
317,2025-11-26 11:19:38+05:30,1003.3,48,997.34,4770794,428811.0,471887.0,986.2,1004.2,981.3,986.2,120635250,1084.8,887.6,1102.5,649.1,1003.2,200,4,1003.1,594,9,1003.0,1435,8,1002.9,1357,16,1002.8,2003,15,1003.7,737,3,1003.8,386,7,1003.9,1108,13,1004.0,713,10,1004.1,1535,11
317,2025-11-26 11:19:39+05:30,1003.7,185,997.34,4770794,428811.0,471887.0,986.2,1004.2,981.3,986.2,120635250,1084.8,887.6,1102.5,649.1,1003.2,200,4,1003.1,594,9,1003.0,1435,8,1002.9,1357,16,1002.8,2003,15,1003.7,737,3,1003.8,386,7,1003.9,1108,13,1004.0,713,10,1004.1,1535,11
317,2025-11-26 11:19:39+05:30,1003.7,185,997.34,4770979,428812.0,471651.0,986.2,1004.2,981.3,986.2,120635250,1084.8,887.6,1102.5,649.1,1003.2,200,4,1003.1,1007,9,1003.0,1362,7,1002.9,843,15,1002.8,2003,15,1003.7,110,1,1003.8,798,5,1003.9,1108,13,1004.0,623,9,1004.1,1505,9
317,2025-11-26 11:19:40+05:30,1003.4,43,997.34,4770979,428812.0,471651.0,986.2,1004.2,981.3,986.2,120635250,1084.8,887.6,1102.5,649.1,1003.2,200,4,1003.1,1007,9,1003.0,1362,7,1002.9,843,15,1002.8,2003,15,1003.7,110,1,1003.8,798,5,1003.9,1108,13,1004.0,623,9,1004.1,1505,9
317,2025-11-26 11:19:41+05:30,1003.4,43,997.34,4771022,430662.0,474286.0,986.2,1004.2,981.3,986.2,120635250,1084.8,887.6,1102.5,649.1,1003.2,294,4,1003.1,490,8,1003.0,1074,7,1002.9,1335,14,1002.8,2111,15,1003.4,53,1,1003.7,280,2,1003.8,886,7,1003.9,1108,13,1004.0,805,11
317,2025-11-26 11:19:41+05:30,1003.4,1,997.34,4771022,430662.0,474286.0,986.2,1004.2,981.3,986.2,120635250,1084.8,887.6,1102.5,649.1,1003.2,294,4,1003.1,490,8,1003.0,1074,7,1002.9,1335,14,1002.8,2111,15,1003.4,53,1,1003.7,280,2,1003.8,886,7,1003.9,1108,13,1004.0,805,11
317,2025-11-26 11:19:42+05:30,1003.4,1,997.34,4771023,430662.0,473931.0,986.2,1004.2,981.3,986.2,120635250,1084.8,887.6,1102.5,649.1,1003.2,294,4,1003.1,490,8,1003.0,1074,7,1002.9,1335,14,1002.8,2111,15,1003.4,52,1,1003.7,280,2,1003.8,886,7,1003.9,850,12,1004.0,855,12
317,2025-11-26 11:19:42+05:30,1003.7,54,997.34,4771023,430662.0,473931.0,986.2,1004.2,981.3,986.2,120635250,1084.8,887.6,1102.5,649.1,1003.2,294,4,1003.1,490,8,1003.0,1074,7,1002.9,1335,14,1002.8,2111,15,1003.4,52,1,1003.7,280,2,1003.8,886,7,1003.9,850,12,1004.0,855,12
317,2025-11-26 11:19:43+05:30,1004.2,28,997.34,4772450,434673.0,467716.0,986.2,1004.2,981.3,986.2,120635250,1084.8,887.6,1102.5,649.1,1004.0,377,1,1003.9,6,1,1003.7,75,2,1003.6,481,4,1003.5,617,4,1004.2,1599,11,1004.3,720,8,1004.4,5418,12,1004.5,8762,22,1004.6,587,11
317,2025-11-26 11:19:43+05:30,1003.6,95,997.34,4772450,434673.0,467716.0,986.2,1004.2,981.3,986.2,120635250,1084.8,887.6,1102.5,649.1,1004.0,377,1,1003.9,6,1,1003.7,75,2,1003.6,481,4,1003.5,617,4,1004.2,1599,11,1004.3,720,8,1004.4,5418,12,1004.5,8762,22,1004.6,587,11
317,2025-11-26 11:19:44+05:30,1004.1,135,997.34,4773334,431491.0,468936.0,986.2,1004.2,981.3,986.2,120635250,1084.8,887.6,1102.5,649.1,1004.0,13,1,1003.6,292,2,1003.5,468,4,1003.4,562,7,1003.3,1875,17,1004.1,507,2,1004.2,1712,12,1004.3,1217,11,1004.4,5476,14,1004.5,8592,21
317,2025-11-26 11:19:44+05:30,1003.6,149,997.34,4773334,431491.0,468936.0,986.2,1004.2,981.3,986.2,120635250,1084.8,887.6,1102.5,649.1,1004.0,13,1,1003.6,292,2,1003.5,468,4,1003.4,562,7,1003.3,1875,17,1004.1,507,2,1004.2,1712,12,1004.3,1217,11,1004.4,5476,14,1004.5,8592,21
317,2025-11-26 11:19:45+05:30,1003.6,149,997.34,4773788,429991.0,471541.0,986.2,1004.2,981.3,986.2,120635250,1084.8,887.6,1102.5,649.1,1003.5,587,2,1003.4,292,3,1003.3,638,13,1003.2,971,10,1003.1,986,12,1004.0,1007,5,1004.1,1207,9,1004.2,2043,16,1004.3,1435,15,1004.4,5376,14
317,2025-11-26 11:19:46+05:30,1003.5,64,997.34,4773788,429991.0,471541.0,986.2,1004.2,981.3,986.2,120635250,1084.8,887.6,1102.5,649.1,1003.5,587,2,1003.4,292,3,1003.3,638,13,1003.2,971,10,1003.1,986,12,1004.0,1007,5,1004.1,1207,9,1004.2,2043,16,1004.3,1435,15,1004.4,5376,14
317,2025-11-26 11:19:46+05:30,1003.5,64,997.34,4773939,429392.0,473863.0,986.2,1004.2,981.3,986.2,120635250,1084.8,887.6,1102.5,649.1,1003.5,436,1,1003.4,175,2,1003.3,472,11,1003.2,830,7,1003.1,986,12,1003.9,736,7,1004.0,1545,9,1004.1,1326,11,1004.2,1957,14,1004.3,1398,15
317,2025-11-26 11:19:47+05:30,1003.5,64,997.34,4773939,429454.0,473442.0,986.2,1004.2,981.3,986.2,120635250,1084.8,887.6,1102.5,649.1,1003.5,436,1,1003.4,175,2,1003.3,472,11,1003.2,830,7,1003.1,995,13,1003.9,736,7,1004.0,1545,9,1004.1,1329,12,1004.2,1957,14,1004.3,974,13
317,2025-11-26 11:19:48+05:30,1003.5,64,997.34,4773939,429454.0,473566.0,986.2,1004.2,981.3,986.2,120635250,1084.8,887.6,1102.5,649.1,1003.5,436,1,1003.4,175,2,1003.3,472,11,1003.2,830,7,1003.1,995,13,1003.9,736,7,1004.0,1545,9,1004.1,1329,12,1004.2,1957,14,1004.3,974,13
317,2025-11-26 11:19:49+05:30,1003.4,5,997.34,4773939,429454.0,473566.0,986.2,1004.2,981.3,986.2,120635250,1084.8,887.6,1102.5,649.1,1003.5,436,1,1003.4,175,2,1003.3,472,11,1003.2,830,7,1003.1,995,13,1003.9,736,7,1004.0,1545,9,1004.1,1329,12,1004.2,1957,14,1004.3,974,13
317,2025-11-26 11:19:49+05:30,1003.4,5,997.34,4774715,427611.0,478257.0,986.2,1004.2,981.3,986.2,120635250,1084.8,887.6,1102.5,649.1,1003.3,26,1,1003.2,10,1,1003.1,271,4,1003.0,806,4,1002.9,1248,15,1003.4,1,1,1003.6,266,4,1003.7,1088,6,1003.8,645,8,1003.9,1270,12
317,2025-11-26 11:19:50+05:30,1003.1,94,997.34,4774715,427611.0,478257.0,986.2,1004.2,981.3,986.2,120635250,1084.8,887.6,1102.5,649.1,1003.3,26,1,1003.2,10,1,1003.1,271,4,1003.0,806,4,1002.9,1248,15,1003.4,1,1,1003.6,266,4,1003.7,1088,6,1003.8,645,8,1003.9,1270,12
317,2025-11-26 11:19:50+05:30,1003.6,3,997.34,4775974,427283.0,474933.0,986.2,1004.2,981.3,986.2,120635250,1084.8,887.6,1102.5,649.1,1003.1,32,2,1003.0,472,3,1002.9,588,7,1002.8,1593,12,1002.7,1099,12,1003.6,439,5,1003.7,1026,6,1003.8,546,7,1003.9,815,11,1004.0,1688,14
317,2025-11-26 11:19:51+05:30,1003.6,3,997.34,4775974,427283.0,474933.0,986.2,1004.2,981.3,986.2,120635250,1084.8,887.6,1102.5,649.1,1003.1,32,2,1003.0,472,3,1002.9,588,7,1002.8,1593,12,1002.7,1099,12,1003.6,439,5,1003.7,1026,6,1003.8,546,7,1003.9,815,11,1004.0,1688,14
317,2025-11-26 11:19:51+05:30,1003.6,3,997.34,4775974,427274.0,474819.0,986.2,1004.2,981.3,986.2,120635250,1084.8,887.6,1102.5,649.1,1003.1,49,3,1003.0,472,3,1002.9,1127,8,1002.8,1606,13,1002.7,1086,11,1003.6,609,6,1003.7,1141,8,1003.8,546,7,1003.9,828,12,1004.0,1518,13
317,2025-11-26 11:19:52+05:30,1003.6,61,997.34,4775974,427274.0,474819.0,986.2,1004.2,981.3,986.2,120635250,1084.8,887.6,1102.5,649.1,1003.1,49,3,1003.0,472,3,1002.9,1127,8,1002.8,1606,13,1002.7,1086,11,1003.6,609,6,1003.7,1141,8,1003.8,546,7,1003.9,828,12,1004.0,1518,13
317,2025-11-26 11:19:52+05:30,1003.6,61,997.34,4776474,427239.0,474573.0,986.2,1004.2,981.3,986.2,120635250,1084.8,887.6,1102.5,649.1,1003.1,67,4,1003.0,472,3,1002.9,1224,9,1002.8,1629,14,1002.7,1086,11,1003.6,133,3,1003.7,1114,6,1003.8,480,6,1003.9,849,13,1004.0,1688,14
317,2025-11-26 11:19:53+05:30,1003.1,56,997.34,4776474,427239.0,474573.0,986.2,1004.2,981.3,986.2,120635250,1084.8,887.6,1102.5,649.1,1003.1,67,4,1003.0,472,3,1002.9,1224,9,1002.8,1629,14,1002.7,1086,11,1003.6,133,3,1003.7,1114,6,1003.8,480,6,1003.9,849,13,1004.0,1688,14
317,2025-11-26 11:19:53+05:30,1003.5,1,997.34,4776777,427447.0,475688.0,986.2,1004.2,981.3,986.2,120635250,1084.8,887.6,1102.5,649.1,1003.1,17,2,1003.0,472,3,1002.9,1126,8,1002.8,1507,11,1002.7,1008,10,1003.5,576,2,1003.6,486,6,1003.7,695,9,1003.8,585,8,1003.9,759,11
317,2025-11-26 11:19:54+05:30,1003.6,18,997.34,4776777,427447.0,475688.0,986.2,1004.2,981.3,986.2,120635250,1084.8,887.6,1102.5,649.1,1003.1,17,2,1003.0,472,3,1002.9,1126,8,1002.8,1507,11,1002.7,1008,10,1003.5,576,2,1003.6,486,6,1003.7,695,9,1003.8,585,8,1003.9,759,11
317,2025-11-26 11:19:54+05:30,1003.6,18,997.34,4777161,428120.0,474605.0,986.2,1004.2,981.3,986.2,120635250,1084.8,887.6,1102.5,649.1,1003.2,112,1,1003.1,1041,6,1003.0,807,4,1002.9,716,11,1002.8,1851,12,1003.7,471,6,1003.8,528,7,1003.9,1337,14,1004.0,1612,13,1004.1,1415,13
317,2025-11-26 11:19:56+05:30,1003.6,18,997.34,4777161,428099.0,474690.0,986.2,1004.2,981.3,986.2,120635250,1084.8,887.6,1102.5,649.1,1003.2,112,1,1003.1,1041,6,1003.0,807,4,1002.9,715,10,1002.8,1851,12,1003.6,158,3,1003.7,1112,9,1003.8,668,9,1003.9,774,12,1004.0,1612,13
317,2025-11-26 11:19:56+05:30,1003.6,4,997.34,4777161,428099.0,474690.0,986.2,1004.2,981.3,986.2,120635250,1084.8,887.6,1102.5,649.1,1003.2,112,1,1003.1,1041,6,1003.0,807,4,1002.9,715,10,1002.8,1851,12,1003.6,158,3,1003.7,1112,9,1003.8,668,9,1003.9,774,12,1004.0,1612,13
317,2025-11-26 11:19:57+05:30,1003.6,4,997.34,4777165,428277.0,475021.0,986.2,1004.2,981.3,986.2,120635250,1084.8,887.6,1102.5,649.1,1003.2,310,4,1003.1,486,5,1003.0,857,6,1002.9,1279,12,1002.8,1851,12,1003.6,23,1,1003.7,1004,7,1003.8,479,6,1003.9,782,14,1004.0,1612,13
317,2025-11-26 11:19:58+05:30,1003.6,4,997.34,4777165,428277.0,475091.0,986.2,1004.2,981.3,986.2,120635250,1084.8,887.6,1102.5,649.1,1003.2,310,4,1003.1,486,5,1003.0,856,5,1002.9,1279,12,1002.8,1851,12,1003.6,568,2,1003.7,471,6,1003.8,479,6,1003.9,810,16,1004.0,1642,14
317,2025-11-26 11:19:59+05:30,1003.6,162,997.34,4777350,428452.0,474864.0,986.2,1004.2,981.3,986.2,120635250,1084.8,887.6,1102.5,649.1,1003.2,380,5,1003.1,591,5,1003.0,807,4,1002.9,1253,10,1002.8,1877,14,1003.6,166,2,1003.7,1121,8,1003.8,592,8,1003.9,859,17,1004.0,1642,14
317,2025-11-26 11:19:59+05:30,1003.6,1,997.34,4777350,428452.0,474864.0,986.2,1004.2,981.3,986.2,120635250,1084.8,887.6,1102.5,649.1,1003.2,380,5,1003.1,591,5,1003.0,807,4,1002.9,1253,10,1002.8,1877,14,1003.6,166,2,1003.7,1121,8,1003.8,592,8,1003.9,859,17,1004.0,1642,14
317,2025-11-26 11:20:00+05:30,1003.6,1,997.34,4777367,429142.0,475925.0,986.2,1004.2,981.3,986.2,120635250,1084.8,887.6,1102.5,649.1,1003.2,294,3,1003.1,591,5,1003.0,807,4,1002.9,1275,12,1002.8,1851,12,1003.4,96,1,1003.6,85,1,1003.7,1025,6,1003.8,688,10,1003.9,859,17
317,2025-11-26 11:20:00+05:30,1003.6,1,997.34,4777367,429142.0,475925.0,986.2,1004.2,981.3,986.2,120635250,1084.8,887.6,1102.5,649.1,1003.2,294,3,1003.1,591,5,1003.0,807,4,1002.9,1275,12,1002.8,1851,12,1003.4,96,1,1003.6,85,1,1003.7,1025,6,1003.8,688,10,1003.9,859,17
317,2025-11-26 11:20:01+05:30,1003.4,1,997.34,4777376,428990.0,475946.0,986.2,1004.2,981.3,986.2,120635250,1084.8,887.6,1102.5,649.1,1003.2,286,3,1003.1,591,5,1003.0,807,4,1002.9,783,11,1002.8,1601,11,1003.4,95,1,1003.6,85,1,1003.7,1025,6,1003.8,688,10,1003.9,1613,18
317,2025-11-26 11:20:01+05:30,1003.4,1,997.34,4777376,428990.0,475946.0,986.2,1004.2,981.3,986.2,120635250,1084.8,887.6,1102.5,649.1,1003.2,286,3,1003.1,591,5,1003.0,807,4,1002.9,783,11,1002.8,1601,11,1003.4,95,1,1003.6,85,1,1003.7,1025,6,1003.8,688,10,1003.9,1613,18
317,2025-11-26 11:20:02+05:30,1003.4,1,997.34,4777376,428020.0,475952.0,986.2,1004.2,981.3,986.2,120635250,1084.8,887.6,1102.5,649.1,1003.2,286,3,1003.1,389,4,1003.0,807,4,1002.9,757,9,1002.8,1627,13,1003.4,95,1,1003.6,85,1,1003.7,1025,6,1003.8,688,10,1003.9,1613,18
317,2025-11-26 11:20:03+05:30,1003.4,10,997.34,4777376,428020.0,475952.0,986.2,1004.2,981.3,986.2,120635250,1084.8,887.6,1102.5,649.1,1003.2,286,3,1003.1,389,4,1003.0,807,4,1002.9,757,9,1002.8,1627,13,1003.4,95,1,1003.6,85,1,1003.7,1025,6,1003.8,688,10,1003.9,1613,18
317,2025-11-26 11:20:03+05:30,1003.4,10,997.34,4777400,428097.0,475973.0,986.2,1004.2,981.3,986.2,120635250,1084.8,887.6,1102.5,649.1,1003.2,272,3,1003.1,219,3,1003.0,807,4,1002.9,685,8,1002.8,1627,13,1003.4,85,1,1003.6,835,5,1003.7,596,6,1003.8,647,9,1003.9,1613,18
317,2025-11-26 11:20:04+05:30,1003.4,81,997.34,4777741,428388.0,475618.0,986.2,1004.2,981.3,986.2,120635250,1084.8,887.6,1102.5,649.1,1003.2,197,2,1003.1,219,3,1003.0,499,4,1002.9,1297,9,1002.8,1627,13,1003.4,96,1,1003.6,170,3,1003.7,946,6,1003.8,487,6,1003.9,1626,17
317,2025-11-26 11:20:04+05:30,1003.4,81,997.34,4777741,428388.0,475618.0,986.2,1004.2,981.3,986.2,120635250,1084.8,887.6,1102.5,649.1,1003.2,197,2,1003.1,219,3,1003.0,499,4,1002.9,1297,9,1002.8,1627,13,1003.4,96,1,1003.6,170,3,1003.7,946,6,1003.8,487,6,1003.9,1626,17
317,2025-11-26 11:20:05+05:30,1003.1,115,997.34,4777741,428388.0,475618.0,986.2,1004.2,981.3,986.2,120635250,1084.8,887.6,1102.5,649.1,1003.2,197,2,1003.1,219,3,1003.0,499,4,1002.9,1297,9,1002.8,1627,13,1003.4,96,1,1003.6,170,3,1003.7,946,6,1003.8,487,6,1003.9,1626,17
317,2025-11-26 11:20:05+05:30,1003.4,202,997.35,4778734,428397.0,476326.0,986.2,1004.2,981.3,986.2,120635250,1084.8,887.6,1102.5,649.1,1003.4,75,1,1003.1,5,1,1003.0,387,2,1002.9,1108,8,1002.8,580,10,1003.5,53,2,1003.6,603,9,1003.7,611,7,1003.8,551,7,1003.9,2028,9
317,2025-11-26 11:20:06+05:30,1003.0,131,997.35,4778734,428397.0,476326.0,986.2,1004.2,981.3,986.2,120635250,1084.8,887.6,1102.5,649.1,1003.4,75,1,1003.1,5,1,1003.0,387,2,1002.9,1108,8,1002.8,580,10,1003.5,53,2,1003.6,603,9,1003.7,611,7,1003.8,551,7,1003.9,2028,9
317,2025-11-26 11:20:06+05:30,1003.4,7,997.35,4779069,427463.0,476374.0,986.2,1004.2,981.3,986.2,120635250,1084.8,887.6,1102.5,649.1,1003.0,54,1,1002.9,362,5,1002.8,1315,12,1002.7,846,10,1002.6,1411,14,1003.5,948,6,1003.6,711,11,1003.7,679,8,1003.8,985,11,1003.9,2200,16
317,2025-11-26 11:20:07+05:30,1003.5,5,997.35,4779069,427463.0,476374.0,986.2,1004.2,981.3,986.2,120635250,1084.8,887.6,1102.5,649.1,1003.0,54,1,1002.9,362,5,1002.8,1315,12,1002.7,846,10,1002.6,1411,14,1003.5,948,6,1003.6,711,11,1003.7,679,8,1003.8,985,11,1003.9,2200,16
317,2025-11-26 11:20:07+05:30,1003.5,5,997.35,4779074,427958.0,475390.0,986.2,1004.2,981.3,986.2,120635250,1084.8,887.6,1102.5,649.1,1003.1,122,3,1003.0,310,3,1002.9,639,9,1002.8,1404,15,1002.7,1081,10,1003.5,4,1,1003.6,591,7,1003.7,1064,7,1003.8,744,10,1003.9,2397,18
317,2025-11-26 11:20:08+05:30,1003.5,4,997.35,4779078,432574.0,474221.0,986.2,1004.2,981.3,986.2,120635250,1084.8,887.6,1102.5,649.1,1003.5,40,1,1003.2,202,1,1003.1,328,6,1003.0,1129,8,1002.9,820,11,1003.6,45,2,1003.7,289,3,1003.8,452,6,1003.9,1578,15,1004.0,1001,14
317,2025-11-26 11:20:09+05:30,1003.6,5,997.35,4779078,432574.0,474221.0,986.2,1004.2,981.3,986.2,120635250,1084.8,887.6,1102.5,649.1,1003.5,40,1,1003.2,202,1,1003.1,328,6,1003.0,1129,8,1002.9,820,11,1003.6,45,2,1003.7,289,3,1003.8,452,6,1003.9,1578,15,1004.0,1001,14
317,2025-11-26 11:20:09+05:30,1003.6,20,997.35,4779333,431404.0,474448.0,986.2,1004.2,981.3,986.2,120635250,1084.8,887.6,1102.5,649.1,1003.2,87,1,1003.1,395,6,1003.0,894,5,1002.9,618,10,1002.8,1604,16,1003.6,73,3,1003.7,838,4,1003.8,783,8,1003.9,1671,17,1004.0,940,14
317,2025-11-26 11:20:10+05:30,1003.5,4,997.35,4779333,431404.0,474448.0,986.2,1004.2,981.3,986.2,120635250,1084.8,887.6,1102.5,649.1,1003.2,87,1,1003.1,395,6,1003.0,894,5,1002.9,618,10,1002.8,1604,16,1003.6,73,3,1003.7,838,4,1003.8,783,8,1003.9,1671,17,1004.0,940,14
317,2025-11-26 11:20:10+05:30,1003.5,250,997.35,4779587,431651.0,474795.0,986.2,1004.2,981.3,986.2,120635250,1084.8,887.6,1102.5,649.1,1003.2,87,1,1003.1,395,6,1003.0,894,5,1002.9,573,9,1002.8,1532,15,1003.5,96,1,1003.6,89,3,1003.7,1042,5,1003.8,521,7,1003.9,1598,16
317,2025-11-26 11:20:11+05:30,1003.1,23,997.35,4779587,431651.0,474795.0,986.2,1004.2,981.3,986.2,120635250,1084.8,887.6,1102.5,649.1,1003.2,87,1,1003.1,395,6,1003.0,894,5,1002.9,573,9,1002.8,1532,15,1003.5,96,1,1003.6,89,3,1003.7,1042,5,1003.8,521,7,1003.9,1598,16
317,2025-11-26 11:20:12+05:30,1003.1,23,997.35,4779707,430318.0,475250.0,986.2,1004.2,981.3,986.2,120635250,1084.8,887.6,1102.5,649.1,1003.1,39,3,1003.0,54,1,1002.9,1074,9,1002.8,970,14,1002.7,833,9,1003.5,215,4,1003.6,353,6,1003.7,1225,8,1003.8,537,7,1003.9,1671,17
317,2025-11-26 11:20:12+05:30,1003.5,5,997.35,4779707,430318.0,475250.0,986.2,1004.2,981.3,986.2,120635250,1084.8,887.6,1102.5,649.1,1003.1,39,3,1003.0,54,1,1002.9,1074,9,1002.8,970,14,1002.7,833,9,1003.5,215,4,1003.6,353,6,1003.7,1225,8,1003.8,537,7,1003.9,1671,17
317,2025-11-26 11:20:13+05:30,1003.1,1,997.35,4779713,430138.0,474883.0,986.2,1004.2,981.3,986.2,120635250,1084.8,887.6,1102.5,649.1,1003.1,38,3,1003.0,162,2,1002.9,1074,9,1002.8,970,14,1002.7,833,9,1003.5,91,1,1003.6,706,4,1003.7,577,7,1003.8,519,6,1003.9,1689,18
317,2025-11-26 11:20:13+05:30,1003.1,1,997.35,4779713,430138.0,474883.0,986.2,1004.2,981.3,986.2,120635250,1084.8,887.6,1102.5,649.1,1003.1,38,3,1003.0,162,2,1002.9,1074,9,1002.8,970,14,1002.7,833,9,1003.5,91,1,1003.6,706,4,1003.7,577,7,1003.8,519,6,1003.9,1689,18
317,2025-11-26 11:20:14+05:30,1003.5,184,997.35,4779919,430299.0,474092.0,986.2,1004.2,981.3,986.2,120635250,1084.8,887.6,1102.5,649.1,1003.1,293,5,1003.0,364,3,1002.9,1123,10,1002.8,1042,15,1002.7,897,9,1003.5,96,1,1003.6,10,1,1003.7,298,3,1003.8,986,6,1003.9,1672,17
317,2025-11-26 11:20:14+05:30,1003.5,184,997.35,4779919,430299.0,474092.0,986.2,1004.2,981.3,986.2,120635250,1084.8,887.6,1102.5,649.1,1003.1,293,5,1003.0,364,3,1002.9,1123,10,1002.8,1042,15,1002.7,897,9,1003.5,96,1,1003.6,10,1,1003.7,298,3,1003.8,986,6,1003.9,1672,17
317,2025-11-26 11:20:15+05:30,1003.2,112,997.35,4780031,428559.0,476570.0,986.2,1004.2,981.3,986.2,120635250,1084.8,887.6,1102.5,649.1,1003.1,38,3,1003.0,54,1,1002.9,353,6,1002.8,513,11,1002.7,990,7,1003.2,96,1,1003.5,949,4,1003.6,539,5,1003.7,554,8,1003.8,544,8
317,2025-11-26 11:20:15+05:30,1003.2,112,997.35,4780031,428559.0,476570.0,986.2,1004.2,981.3,986.2,120635250,1084.8,887.6,1102.5,649.1,1003.1,38,3,1003.0,54,1,1002.9,353,6,1002.8,513,11,1002.7,990,7,1003.2,96,1,1003.5,949,4,1003.6,539,5,1003.7,554,8,1003.8,544,8
317,2025-11-26 11:20:16+05:30,1003.8,34,997.35,4780811,432813.0,471833.0,986.2,1004.2,981.3,986.2,120635250,1084.8,887.6,1102.5,649.1,1003.5,160,1,1003.2,488,4,1003.1,1182,9,1003.0,1619,15,1002.9,676,9,1003.8,165,3,1003.9,1517,10,1004.0,630,9,1004.1,825,13,1004.2,2121,15
317,2025-11-26 11:20:16+05:30,1003.8,34,997.35,4780811,432813.0,471833.0,986.2,1004.2,981.3,986.2,120635250,1084.8,887.6,1102.5,649.1,1003.5,160,1,1003.2,488,4,1003.1,1182,9,1003.0,1619,15,1002.9,676,9,1003.8,165,3,1003.9,1517,10,1004.0,630,9,1004.1,825,13,1004.2,2121,15
317,2025-11-26 11:20:17+05:30,1003.5,55,997.35,4781048,433092.0,471627.0,986.2,1004.2,981.3,986.2,120635250,1084.8,887.6,1102.5,649.1,1003.5,148,3,1003.4,5,1,1003.3,446,3,1003.2,458,3,1003.1,1231,11,1003.8,52,1,1003.9,1124,4,1004.0,612,8,1004.1,799,11,1004.2,2189,18
317,2025-11-26 11:20:17+05:30,1003.4,23,997.35,4781048,433092.0,471627.0,986.2,1004.2,981.3,986.2,120635250,1084.8,887.6,1102.5,649.1,1003.5,148,3,1003.4,5,1,1003.3,446,3,1003.2,458,3,1003.1,1231,11,1003.8,52,1,1003.9,1124,4,1004.0,612,8,1004.1,799,11,1004.2,2189,18
317,2025-11-26 11:20:18+05:30,1003.6,37,997.35,4781381,431370.0,472913.0,986.2,1004.2,981.3,986.2,120635250,1084.8,887.6,1102.5,649.1,1003.2,42,2,1003.1,413,4,1003.0,370,4,1002.9,1130,8,1002.8,1765,15,1003.6,48,1,1003.7,336,3,1003.8,579,9,1003.9,1592,10,1004.0,919,15
317,2025-11-26 11:20:18+05:30,1003.6,37,997.35,4781381,431370.0,472913.0,986.2,1004.2,981.3,986.2,120635250,1084.8,887.6,1102.5,649.1,1003.2,42,2,1003.1,413,4,1003.0,370,4,1002.9,1130,8,1002.8,1765,15,1003.6,48,1,1003.7,336,3,1003.8,579,9,1003.9,1592,10,1004.0,919,15
317,2025-11-26 11:20:19+05:30,1003.6,48,997.35,4781429,433281.0,472907.0,986.2,1004.2,981.3,986.2,120635250,1084.8,887.6,1102.5,649.1,1003.6,19,1,1003.4,5,1,1003.3,202,1,1003.2,1553,6,1003.1,634,9,1003.8,55,1,1003.9,1793,10,1004.0,499,7,1004.1,874,12,1004.2,1984,17
317,2025-11-26 11:20:19+05:30,1003.6,48,997.35,4781429,433281.0,472907.0,986.2,1004.2,981.3,986.2,120635250,1084.8,887.6,1102.5,649.1,1003.6,19,1,1003.4,5,1,1003.3,202,1,1003.2,1553,6,1003.1,634,9,1003.8,55,1,1003.9,1793,10,1004.0,499,7,1004.1,874,12,1004.2,1984,17
317,2025-11-26 11:20:20+05:30,1003.6,48,997.35,4781429,433959.0,473263.0,986.2,1004.2,981.3,986.2,120635250,1084.8,887.6,1102.5,649.1,1003.6,19,1,1003.4,63,2,1003.3,202,1,1003.2,1553,6,1003.1,634,9,1003.7,96,1,1003.8,97,2,1003.9,1752,10,1004.0,635,10,1004.1,939,13
317,2025-11-26 11:20:21+05:30,1003.7,138,997.35,4781429,433959.0,473263.0,986.2,1004.2,981.3,986.2,120635250,1084.8,887.6,1102.5,649.1,1003.6,19,1,1003.4,63,2,1003.3,202,1,1003.2,1553,6,1003.1,634,9,1003.7,96,1,1003.8,97,2,1003.9,1752,10,1004.0,635,10,1004.1,939,13
317,2025-11-26 11:20:21+05:30,1003.7,138,997.35,4781574,433966.0,473171.0,986.2,1004.2,981.3,986.2,120635250,1084.8,887.6,1102.5,649.1,1003.4,35,2,1003.3,560,5,1003.2,1189,7,1003.1,609,9,1003.0,1123,8,1003.7,96,1,1003.8,106,1,1003.9,1635,9,1004.0,587,9,1004.1,822,9
317,2025-11-26 11:20:22+05:30,1003.4,34,997.35,4781574,433966.0,473171.0,986.2,1004.2,981.3,986.2,120635250,1084.8,887.6,1102.5,649.1,1003.4,35,2,1003.3,560,5,1003.2,1189,7,1003.1,609,9,1003.0,1123,8,1003.7,96,1,1003.8,106,1,1003.9,1635,9,1004.0,587,9,1004.1,822,9
317,2025-11-26 11:20:22+05:30,1003.4,34,997.35,4781704,432049.0,473423.0,986.2,1004.2,981.3,986.2,120635250,1084.8,887.6,1102.5,649.1,1003.3,118,3,1003.2,186,1,1003.1,850,7,1003.0,815,6,1002.9,905,11,1003.7,237,3,1003.8,193,3,1003.9,1726,11,1004.0,680,11,1004.1,957,10
317,2025-11-26 11:20:23+05:30,1003.7,100,997.35,4781704,432049.0,473423.0,986.2,1004.2,981.3,986.2,120635250,1084.8,887.6,1102.5,649.1,1003.3,118,3,1003.2,186,1,1003.1,850,7,1003.0,815,6,1002.9,905,11,1003.7,237,3,1003.8,193,3,1003.9,1726,11,1004.0,680,11,1004.1,957,10
317,2025-11-26 11:20:23+05:30,1003.7,100,997.35,4781810,432920.0,474635.0,986.2,1004.2,981.3,986.2,120635250,1084.8,887.6,1102.5,649.1,1003.5,1,1,1003.3,118,3,1003.2,401,3,1003.1,959,8,1003.0,926,7,1003.6,1,1,1003.7,152,2,1003.8,275,3,1003.9,1664,9,1004.0,680,11
317,2025-11-26 11:20:24+05:30,1003.7,31,997.35,4781810,432920.0,474635.0,986.2,1004.2,981.3,986.2,120635250,1084.8,887.6,1102.5,649.1,1003.5,1,1,1003.3,118,3,1003.2,401,3,1003.1,959,8,1003.0,926,7,1003.6,1,1,1003.7,152,2,1003.8,275,3,1003.9,1664,9,1004.0,680,11
317,2025-11-26 11:20:24+05:30,1003.7,5,997.35,4781999,433034.0,475176.0,986.2,1004.2,981.3,986.2,120635250,1084.8,887.6,1102.5,649.1,1003.5,1,1,1003.3,118,3,1003.2,414,4,1003.1,1060,8,1003.0,926,7,1003.7,116,2,1003.8,236,2,1003.9,1692,10,1004.0,745,14,1004.1,884,9
317,2025-11-26 11:20:25+05:30,1003.5,1,997.35,4781999,433034.0,475176.0,986.2,1004.2,981.3,986.2,120635250,1084.8,887.6,1102.5,649.1,1003.5,1,1,1003.3,118,3,1003.2,414,4,1003.1,1060,8,1003.0,926,7,1003.7,116,2,1003.8,236,2,1003.9,1692,10,1004.0,745,14,1004.1,884,9
317,2025-11-26 11:20:25+05:30,1003.5,1,997.35,4782000,432201.0,476095.0,986.2,1004.2,981.3,986.2,120635250,1084.8,887.6,1102.5,649.1,1003.3,187,4,1003.2,388,2,1003.1,972,9,1003.0,591,6,1002.9,905,11,1003.5,59,1,1003.7,56,1,1003.8,236,2,1003.9,1576,8,1004.0,729,13
317,2025-11-26 11:20:26+05:30,1003.5,5,997.35,4782000,432201.0,476095.0,986.2,1004.2,981.3,986.2,120635250,1084.8,887.6,1102.5,649.1,1003.3,187,4,1003.2,388,2,1003.1,972,9,1003.0,591,6,1002.9,905,11,1003.5,59,1,1003.7,56,1,1003.8,236,2,1003.9,1576,8,1004.0,729,13
317,2025-11-26 11:20:26+05:30,1003.7,195,997.35,4782755,432914.0,473268.0,986.2,1004.2,981.3,986.2,120635250,1084.8,887.6,1102.5,649.1,1003.4,115,2,1003.3,286,4,1003.2,437,3,1003.1,923,8,1003.0,926,7,1003.7,1,1,1003.8,106,1,1003.9,1116,4,1004.0,519,9,1004.1,716,8
317,2025-11-26 11:20:27+05:30,1003.3,94,997.35,4782755,432914.0,473268.0,986.2,1004.2,981.3,986.2,120635250,1084.8,887.6,1102.5,649.1,1003.4,115,2,1003.3,286,4,1003.2,437,3,1003.1,923,8,1003.0,926,7,1003.7,1,1,1003.8,106,1,1003.9,1116,4,1004.0,519,9,1004.1,716,8
317,2025-11-26 11:20:27+05:30,1003.7,10,997.35,4783093,431847.0,472080.0,986.2,1004.2,981.3,986.2,120635250,1084.8,887.6,1102.5,649.1,1003.3,5,1,1003.2,452,3,1003.1,975,9,1003.0,926,7,1002.9,1312,13,1003.8,362,3,1003.9,1172,5,1004.0,614,12,1004.1,903,10,1004.2,1837,16
317,2025-11-26 11:20:28+05:30,1003.8,6,997.35,4783093,431847.0,472080.0,986.2,1004.2,981.3,986.2,120635250,1084.8,887.6,1102.5,649.1,1003.3,5,1,1003.2,452,3,1003.1,975,9,1003.0,926,7,1002.9,1312,13,1003.8,362,3,1003.9,1172,5,1004.0,614,12,1004.1,903,10,1004.2,1837,16
317,2025-11-26 11:20:28+05:30,1003.2,76,997.35,4783209,432459.0,472960.0,986.2,1004.2,981.3,986.2,120635250,1084.8,887.6,1102.5,649.1,1003.3,87,1,1003.2,317,3,1003.1,977,7,1003.0,865,7,1002.9,1100,13,1003.7,40,1,1003.8,373,4,1003.9,1172,5,1004.0,679,13,1004.1,956,11
317,2025-11-26 11:20:29+05:30,1003.8,45,997.35,4783209,432459.0,472960.0,986.2,1004.2,981.3,986.2,120635250,1084.8,887.6,1102.5,649.1,1003.3,87,1,1003.2,317,3,1003.1,977,7,1003.0,865,7,1002.9,1100,13,1003.7,40,1,1003.8,373,4,1003.9,1172,5,1004.0,679,13,1004.1,956,11
317,2025-11-26 11:20:29+05:30,1003.8,6,997.35,4783400,432494.0,473722.0,986.2,1004.2,981.3,986.2,120635250,1084.8,887.6,1102.5,649.1,1003.3,141,4,1003.2,317,3,1003.1,951,5,1003.0,937,8,1002.9,1350,14,1003.8,73,1,1003.9,1419,6,1004.0,796,14,1004.1,883,10,1004.2,1265,16
317,2025-11-26 11:20:30+05:30,1003.5,750,997.35,4783400,432494.0,473722.0,986.2,1004.2,981.3,986.2,120635250,1084.8,887.6,1102.5,649.1,1003.3,141,4,1003.2,317,3,1003.1,951,5,1003.0,937,8,1002.9,1350,14,1003.8,73,1,1003.9,1419,6,1004.0,796,14,1004.1,883,10,1004.2,1265,16
317,2025-11-26 11:20:31+05:30,1003.4,100,997.35,4783400,432494.0,473722.0,986.2,1004.2,981.3,986.2,120635250,1084.8,887.6,1102.5,649.1,1003.3,141,4,1003.2,317,3,1003.1,951,5,1003.0,937,8,1002.9,1350,14,1003.8,73,1,1003.9,1419,6,1004.0,796,14,1004.1,883,10,1004.2,1265,16
317,2025-11-26 11:20:31+05:30,1003.9,94,997.35,4785243,433551.0,472414.0,986.2,1004.2,981.3,986.2,120635250,1084.8,887.6,1102.5,649.1,1003.5,87,1,1003.4,926,5,1003.3,701,5,1003.2,825,7,1003.1,608,9,1003.9,722,3,1004.0,928,10,1004.1,669,6,1004.2,1280,17,1004.3,964,14
317,2025-11-26 11:20:32+05:30,1003.4,46,997.35,4785243,433551.0,472414.0,986.2,1004.2,981.3,986.2,120635250,1084.8,887.6,1102.5,649.1,1003.5,87,1,1003.4,926,5,1003.3,701,5,1003.2,825,7,1003.1,608,9,1003.9,722,3,1004.0,928,10,1004.1,669,6,1004.2,1280,17,1004.3,964,14
317,2025-11-26 11:20:32+05:30,1003.4,46,997.35,4785483,433899.0,472529.0,986.2,1004.2,981.3,986.2,120635250,1084.8,887.6,1102.5,649.1,1003.4,560,2,1003.3,520,4,1003.2,851,9,1003.1,582,7,1003.0,1167,15,1003.8,87,1,1003.9,947,5,1004.0,901,9,1004.1,708,7,1004.2,1280,17
317,2025-11-26 11:20:33+05:30,1003.8,87,997.35,4785570,434130.0,473067.0,986.2,1004.2,981.3,986.2,120635250,1084.8,887.6,1102.5,649.1,1003.5,87,1,1003.4,207,2,1003.3,1081,6,1003.2,851,9,1003.1,582,7,1003.8,8,1,1003.9,722,3,1004.0,885,8,1004.1,669,6,1004.2,1335,19
317,2025-11-26 11:20:34+05:30,1004.0,30,997.35,4785570,434130.0,473067.0,986.2,1004.2,981.3,986.2,120635250,1084.8,887.6,1102.5,649.1,1003.5,87,1,1003.4,207,2,1003.3,1081,6,1003.2,851,9,1003.1,582,7,1003.8,8,1,1003.9,722,3,1004.0,885,8,1004.1,669,6,1004.2,1335,19
317,2025-11-26 11:20:34+05:30,1004.0,30,997.36,4786286,429360.0,471321.0,986.2,1004.2,981.3,986.2,120635250,1084.8,887.6,1102.5,649.1,1003.9,155,1,1003.8,10,1,1003.5,289,2,1003.4,500,4,1003.3,1253,10,1004.0,596,3,1004.1,508,8,1004.2,1191,11,1004.3,1010,20,1004.4,6272,14
317,2025-11-26 11:20:35+05:30,1003.9,120,997.36,4786286,429360.0,471321.0,986.2,1004.2,981.3,986.2,120635250,1084.8,887.6,1102.5,649.1,1003.9,155,1,1003.8,10,1,1003.5,289,2,1003.4,500,4,1003.3,1253,10,1004.0,596,3,1004.1,508,8,1004.2,1191,11,1004.3,1010,20,1004.4,6272,14
317,2025-11-26 11:20:35+05:30,1003.9,120,997.36,4786406,430076.0,471798.0,986.2,1004.2,981.3,986.2,120635250,1084.8,887.6,1102.5,649.1,1003.9,35,1,1003.8,10,1,1003.5,315,4,1003.4,500,4,1003.3,1227,8,1004.0,596,3,1004.1,892,9,1004.2,1126,10,1004.3,1010,20,1004.4,6272,14
317,2025-11-26 11:20:36+05:30,1003.9,1,997.36,4786406,430076.0,471798.0,986.2,1004.2,981.3,986.2,120635250,1084.8,887.6,1102.5,649.1,1003.9,35,1,1003.8,10,1,1003.5,315,4,1003.4,500,4,1003.3,1227,8,1004.0,596,3,1004.1,892,9,1004.2,1126,10,1004.3,1010,20,1004.4,6272,14
317,2025-11-26 11:20:36+05:30,1004.0,11,997.36,4786595,430079.0,471137.0,986.2,1004.2,981.3,986.2,120635250,1084.8,887.6,1102.5,649.1,1003.9,33,1,1003.5,501,5,1003.4,500,4,1003.3,1227,8,1003.2,1747,16,1004.0,294,1,1004.1,814,7,1004.2,1215,11,1004.3,946,15,1004.4,6393,22
317,2025-11-26 11:20:37+05:30,1004.0,79,997.36,4786595,430079.0,471137.0,986.2,1004.2,981.3,986.2,120635250,1084.8,887.6,1102.5,649.1,1003.9,33,1,1003.5,501,5,1003.4,500,4,1003.3,1227,8,1003.2,1747,16,1004.0,294,1,1004.1,814,7,1004.2,1215,11,1004.3,946,15,1004.4,6393,22
317,2025-11-26 11:20:37+05:30,1004.0,79,997.36,4786674,430102.0,471038.0,986.2,1004.2,981.3,986.2,120635250,1084.8,887.6,1102.5,649.1,1003.9,33,1,1003.5,501,5,1003.4,500,4,1003.3,1227,8,1003.2,1770,17,1004.0,215,1,1004.1,765,6,1004.2,1166,10,1004.3,790,12,1004.4,6371,21
317,2025-11-26 11:20:38+05:30,1004.0,9,997.36,4786683,430194.0,471029.0,986.2,1004.2,981.3,986.2,120635250,1084.8,887.6,1102.5,649.1,1003.9,33,1,1003.5,501,5,1003.4,500,4,1003.3,739,7,1003.2,1770,17,1004.0,206,1,1004.1,834,7,1004.2,1215,11,1004.3,790,12,1004.4,6371,21
317,2025-11-26 11:20:39+05:30,1004.0,33,997.36,4786683,430194.0,471029.0,986.2,1004.2,981.3,986.2,120635250,1084.8,887.6,1102.5,649.1,1003.9,33,1,1003.5,501,5,1003.4,500,4,1003.3,739,7,1003.2,1770,17,1004.0,206,1,1004.1,834,7,1004.2,1215,11,1004.3,790,12,1004.4,6371,21
317,2025-11-26 11:20:39+05:30,1004.0,33,997.36,4786901,428655.0,469591.0,986.2,1004.2,981.3,986.2,120635250,1084.8,887.6,1102.5,649.1,1003.5,615,8,1003.4,559,5,1003.3,775,8,1003.2,1623,16,1003.1,1070,9,1004.0,399,1,1004.1,775,7,1004.2,1059,9,1004.3,860,12,1004.4,6397,21
317,2025-11-26 11:20:40+05:30,1003.9,120,997.36,4786901,428655.0,469591.0,986.2,1004.2,981.3,986.2,120635250,1084.8,887.6,1102.5,649.1,1003.5,615,8,1003.4,559,5,1003.3,775,8,1003.2,1623,16,1003.1,1070,9,1004.0,399,1,1004.1,775,7,1004.2,1059,9,1004.3,860,12,1004.4,6397,21
317,2025-11-26 11:20:40+05:30,1004.0,21,997.36,4789750,432212.0,469745.0,986.2,1004.2,981.3,986.2,120635250,1084.8,887.6,1102.5,649.1,1003.9,630,1,1003.7,5,1,1003.6,273,2,1003.5,563,7,1003.4,536,10,1004.0,1,1,1004.1,568,5,1004.2,1056,10,1004.3,756,12,1004.4,5509,16
317,2025-11-26 11:20:41+05:30,1004.1,133,997.36,4789750,432212.0,469745.0,986.2,1004.2,981.3,986.2,120635250,1084.8,887.6,1102.5,649.1,1003.9,630,1,1003.7,5,1,1003.6,273,2,1003.5,563,7,1003.4,536,10,1004.0,1,1,1004.1,568,5,1004.2,1056,10,1004.3,756,12,1004.4,5509,16
317,2025-11-26 11:20:42+05:30,1004.1,133,997.36,4790490,431889.0,469282.0,986.2,1004.2,981.3,986.2,120635250,1084.8,887.6,1102.5,649.1,1003.9,30,1,1003.7,77,2,1003.6,220,3,1003.5,550,6,1003.4,585,11,1004.1,318,3,1004.2,949,8,1004.3,675,12,1004.4,5432,12,1004.5,7878,22
317,2025-11-26 11:20:42+05:30,1003.9,5,997.36,4790490,431889.0,469282.0,986.2,1004.2,981.3,986.2,120635250,1084.8,887.6,1102.5,649.1,1003.9,30,1,1003.7,77,2,1003.6,220,3,1003.5,550,6,1003.4,585,11,1004.1,318,3,1004.2,949,8,1004.3,675,12,1004.4,5432,12,1004.5,7878,22
317,2025-11-26 11:20:43+05:30,1004.1,86,997.36,4790581,432062.0,469382.0,986.2,1004.2,981.3,986.2,120635250,1084.8,887.6,1102.5,649.1,1003.9,25,1,1003.7,77,2,1003.6,233,4,1003.5,537,5,1003.4,585,11,1004.1,247,4,1004.2,949,8,1004.3,675,12,1004.4,5417,11,1004.5,8064,23
317,2025-11-26 11:20:43+05:30,1004.1,86,997.36,4790581,432062.0,469382.0,986.2,1004.2,981.3,986.2,120635250,1084.8,887.6,1102.5,649.1,1003.9,25,1,1003.7,77,2,1003.6,233,4,1003.5,537,5,1003.4,585,11,1004.1,247,4,1004.2,949,8,1004.3,675,12,1004.4,5417,11,1004.5,8064,23
317,2025-11-26 11:20:44+05:30,1004.1,14,997.36,4790788,428559.0,469163.0,986.2,1004.2,981.3,986.2,120635250,1084.8,887.6,1102.5,649.1,1003.9,25,1,1003.7,5,1,1003.6,315,4,1003.5,658,7,1003.4,585,11,1004.1,48,4,1004.2,2002,10,1004.3,844,14,1004.4,5431,11,1004.5,8064,23
317,2025-11-26 11:20:44+05:30,1004.1,14,997.36,4790788,428559.0,469163.0,986.2,1004.2,981.3,986.2,120635250,1084.8,887.6,1102.5,649.1,1003.9,25,1,1003.7,5,1,1003.6,315,4,1003.5,658,7,1003.4,585,11,1004.1,48,4,1004.2,2002,10,1004.3,844,14,1004.4,5431,11,1004.5,8064,23
317,2025-11-26 11:20:45+05:30,1004.1,14,997.36,4790788,411798.0,469601.0,986.2,1004.2,981.3,986.2,120635250,1084.8,887.6,1102.5,649.1,1003.9,25,1,1003.7,83,2,1003.6,501,5,1003.5,697,8,1003.4,1095,12,1004.1,48,4,1004.2,1993,10,1004.3,744,11,1004.4,5446,12,1004.5,8099,24
317,2025-11-26 11:20:45+05:30,1003.7,37,997.36,4790788,411798.0,469601.0,986.2,1004.2,981.3,986.2,120635250,1084.8,887.6,1102.5,649.1,1003.9,25,1,1003.7,83,2,1003.6,501,5,1003.5,697,8,1003.4,1095,12,1004.1,48,4,1004.2,1993,10,1004.3,744,11,1004.4,5446,12,1004.5,8099,24
317,2025-11-26 11:20:46+05:30,1003.7,3,997.36,4791186,411488.0,470167.0,986.2,1004.2,981.3,986.2,120635250,1084.8,887.6,1102.5,649.1,1003.7,53,2,1003.6,409,3,1003.5,341,5,1003.4,1148,8,1003.3,1583,11,1004.1,384,6,1004.2,2365,17,1004.3,716,9,1004.4,5415,15,1004.5,8064,23
317,2025-11-26 11:20:46+05:30,1003.7,3,997.36,4791186,411488.0,470167.0,986.2,1004.2,981.3,986.2,120635250,1084.8,887.6,1102.5,649.1,1003.7,53,2,1003.6,409,3,1003.5,341,5,1003.4,1148,8,1003.3,1583,11,1004.1,384,6,1004.2,2365,17,1004.3,716,9,1004.4,5415,15,1004.5,8064,23
317,2025-11-26 11:20:47+05:30,1003.7,3,997.36,4791186,412591.0,461369.0,986.2,1004.2,981.3,986.2,120635250,1084.8,887.6,1102.5,649.1,1003.7,53,2,1003.6,409,3,1003.5,354,6,1003.4,1148,8,1003.3,1673,16,1004.1,347,6,1004.2,2330,16,1004.3,836,10,1004.4,5415,15,1004.5,8064,23
317,2025-11-26 11:20:48+05:30,1003.7,3,997.36,4791186,410623.0,452342.0,986.2,1004.2,981.3,986.2,120635250,1084.8,887.6,1102.5,649.1,1003.7,6,2,1003.6,87,1,1003.5,295,6,1003.4,1063,6,1003.3,1536,11,1003.9,7,1,1004.0,251,2,1004.1,578,9,1004.2,2299,16,1004.3,1018,15
317,2025-11-26 11:20:49+05:30,1004.0,8,997.36,4791201,411046.0,451368.0,986.2,1004.2,981.3,986.2,120635250,1084.8,887.6,1102.5,649.1,1003.9,12,1,1003.7,7,3,1003.6,87,1,1003.5,295,6,1003.4,1148,8,1004.0,76,2,1004.1,415,7,1004.2,2238,17,1004.3,836,10,1004.4,5374,12
317,2025-11-26 11:20:49+05:30,1004.0,8,997.36,4791201,411046.0,451368.0,986.2,1004.2,981.3,986.2,120635250,1084.8,887.6,1102.5,649.1,1003.9,12,1,1003.7,7,3,1003.6,87,1,1003.5,295,6,1003.4,1148,8,1004.0,76,2,1004.1,415,7,1004.2,2238,17,1004.3,836,10,1004.4,5374,12
317,2025-11-26 11:20:50+05:30,1003.9,168,997.36,4791382,409754.0,451458.0,986.2,1004.2,981.3,986.2,120635250,1084.8,887.6,1102.5,649.1,1003.7,11,4,1003.6,87,1,1003.5,109,5,1003.4,741,4,1003.3,1550,11,1003.9,96,1,1004.0,147,2,1004.1,475,8,1004.2,2268,18,1004.3,836,10
317,2025-11-26 11:20:50+05:30,1003.9,168,997.36,4791382,409754.0,451458.0,986.2,1004.2,981.3,986.2,120635250,1084.8,887.6,1102.5,649.1,1003.7,11,4,1003.6,87,1,1003.5,109,5,1003.4,741,4,1003.3,1550,11,1003.9,96,1,1004.0,147,2,1004.1,475,8,1004.2,2268,18,1004.3,836,10
317,2025-11-26 11:20:51+05:30,1004.0,396,997.36,4793014,426883.0,470739.0,986.2,1004.2,981.3,986.2,120635250,1084.8,887.6,1102.5,649.1,1003.5,17,2,1003.4,117,1,1003.3,406,5,1003.2,1015,6,1003.1,597,8,1004.0,684,8,1004.1,307,7,1004.2,2068,14,1004.3,1013,17,1004.4,5500,13
317,2025-11-26 11:20:51+05:30,1004.0,396,997.36,4793014,426883.0,470739.0,986.2,1004.2,981.3,986.2,120635250,1084.8,887.6,1102.5,649.1,1003.5,17,2,1003.4,117,1,1003.3,406,5,1003.2,1015,6,1003.1,597,8,1004.0,684,8,1004.1,307,7,1004.2,2068,14,1004.3,1013,17,1004.4,5500,13
317,2025-11-26 11:20:52+05:30,1003.4,69,997.37,4793527,427170.0,471995.0,986.2,1004.2,981.3,986.2,120635250,1084.8,887.6,1102.5,649.1,1003.4,96,1,1003.3,340,6,1003.2,881,7,1003.1,659,12,1003.0,1085,10,1003.9,194,3,1004.0,703,6,1004.1,757,11,1004.2,2283,15,1004.3,1066,20
317,2025-11-26 11:20:52+05:30,1003.4,69,997.37,4793527,427170.0,471995.0,986.2,1004.2,981.3,986.2,120635250,1084.8,887.6,1102.5,649.1,1003.4,96,1,1003.3,340,6,1003.2,881,7,1003.1,659,12,1003.0,1085,10,1003.9,194,3,1004.0,703,6,1004.1,757,11,1004.2,2283,15,1004.3,1066,20
317,2025-11-26 11:20:53+05:30,1003.9,16,997.37,4793527,427170.0,471995.0,986.2,1004.2,981.3,986.2,120635250,1084.8,887.6,1102.5,649.1,1003.4,96,1,1003.3,340,6,1003.2,881,7,1003.1,659,12,1003.0,1085,10,1003.9,194,3,1004.0,703,6,1004.1,757,11,1004.2,2283,15,1004.3,1066,20
317,2025-11-26 11:20:53+05:30,1003.9,16,997.37,4793630,427474.0,471982.0,986.2,1004.2,981.3,986.2,120635250,1084.8,887.6,1102.5,649.1,1003.4,183,2,1003.3,335,5,1003.2,907,9,1003.1,659,12,1003.0,1085,10,1003.9,395,5,1004.0,769,7,1004.1,646,9,1004.2,2405,18,1004.3,854,17
317,2025-11-26 11:20:54+05:30,1003.9,54,997.37,4793630,427474.0,471982.0,986.2,1004.2,981.3,986.2,120635250,1084.8,887.6,1102.5,649.1,1003.4,183,2,1003.3,335,5,1003.2,907,9,1003.1,659,12,1003.0,1085,10,1003.9,395,5,1004.0,769,7,1004.1,646,9,1004.2,2405,18,1004.3,854,17
317,2025-11-26 11:20:54+05:30,1003.9,54,997.37,4793933,430206.0,470376.0,986.2,1004.2,981.3,986.2,120635250,1084.8,887.6,1102.5,649.1,1003.6,112,1,1003.5,239,5,1003.4,1035,5,1003.3,712,8,1003.2,1596,12,1004.1,472,6,1004.2,2044,11,1004.3,883,17,1004.4,5253,12,1004.5,7967,20
317,2025-11-26 11:20:55+05:30,1004.1,6,997.37,4793933,430206.0,470376.0,986.2,1004.2,981.3,986.2,120635250,1084.8,887.6,1102.5,649.1,1003.6,112,1,1003.5,239,5,1003.4,1035,5,1003.3,712,8,1003.2,1596,12,1004.1,472,6,1004.2,2044,11,1004.3,883,17,1004.4,5253,12,1004.5,7967,20
317,2025-11-26 11:20:55+05:30,1004.1,6,997.37,4794058,430651.0,469976.0,986.2,1004.2,981.3,986.2,120635250,1084.8,887.6,1102.5,649.1,1004.0,17,1,1003.6,202,1,1003.5,348,5,1003.4,1087,5,1003.3,648,11,1004.1,303,5,1004.2,2056,12,1004.3,861,16,1004.4,5389,13,1004.5,7799,17
317,2025-11-26 11:20:56+05:30,1003.5,32,997.37,4794058,430651.0,469976.0,986.2,1004.2,981.3,986.2,120635250,1084.8,887.6,1102.5,649.1,1004.0,17,1,1003.6,202,1,1003.5,348,5,1003.4,1087,5,1003.3,648,11,1004.1,303,5,1004.2,2056,12,1004.3,861,16,1004.4,5389,13,1004.5,7799,17
317,2025-11-26 11:20:56+05:30,1003.5,32,997.37,4794232,428427.0,471905.0,986.2,1004.2,981.3,986.2,120635250,1084.8,887.6,1102.5,649.1,1003.5,9,2,1003.4,306,2,1003.3,474,6,1003.2,1311,9,1003.1,873,15,1004.0,477,6,1004.1,666,8,1004.2,2148,16,1004.3,933,13,1004.4,5607,20
317,2025-11-26 11:20:57+05:30,1003.5,32,997.37,4794232,428216.0,472052.0,986.2,1004.2,981.3,986.2,120635250,1084.8,887.6,1102.5,649.1,1003.5,5,1,1003.4,306,2,1003.3,425,5,1003.2,1311,9,1003.1,873,15,1004.0,579,8,1004.1,666,8,1004.2,2159,17,1004.3,933,13,1004.4,5607,20
317,2025-11-26 11:20:58+05:30,1003.5,32,997.37,4794232,427847.0,473785.0,986.2,1004.2,981.3,986.2,120635250,1084.8,887.6,1102.5,649.1,1003.4,87,1,1003.3,425,5,1003.2,1177,5,1003.1,826,16,1003.0,1085,10,1003.9,283,4,1004.0,651,10,1004.1,1209,12,1004.2,2144,16,1004.3,944,14
317,2025-11-26 11:20:59+05:30,1003.8,89,997.37,4794232,427847.0,473785.0,986.2,1004.2,981.3,986.2,120635250,1084.8,887.6,1102.5,649.1,1003.4,87,1,1003.3,425,5,1003.2,1177,5,1003.1,826,16,1003.0,1085,10,1003.9,283,4,1004.0,651,10,1004.1,1209,12,1004.2,2144,16,1004.3,944,14
317,2025-11-26 11:20:59+05:30,1003.8,30,997.37,4794447,427345.0,473990.0,986.2,1004.2,981.3,986.2,120635250,1084.8,887.6,1102.5,649.1,1003.4,87,1,1003.3,359,5,1003.2,700,5,1003.1,1235,16,1003.0,1085,10,1003.8,87,2,1003.9,430,5,1004.0,708,11,1004.1,1177,14,1004.2,2227,15
317,2025-11-26 11:21:00+05:30,1003.3,1,997.37,4794447,427345.0,473990.0,986.2,1004.2,981.3,986.2,120635250,1084.8,887.6,1102.5,649.1,1003.4,87,1,1003.3,359,5,1003.2,700,5,1003.1,1235,16,1003.0,1085,10,1003.8,87,2,1003.9,430,5,1004.0,708,11,1004.1,1177,14,1004.2,2227,15
317,2025-11-26 11:21:00+05:30,1003.3,8,997.37,4794471,426949.0,476771.0,986.2,1004.2,981.3,986.2,120635250,1084.8,887.6,1102.5,649.1,1003.3,347,5,1003.2,344,3,1003.1,977,6,1003.0,619,8,1002.9,1145,17,1003.6,96,1,1003.8,313,2,1003.9,627,6,1004.0,1727,16,1004.1,1123,13
317,2025-11-26 11:21:01+05:30,1003.3,8,997.37,4794471,426949.0,476771.0,986.2,1004.2,981.3,986.2,120635250,1084.8,887.6,1102.5,649.1,1003.3,347,5,1003.2,344,3,1003.1,977,6,1003.0,619,8,1002.9,1145,17,1003.6,96,1,1003.8,313,2,1003.9,627,6,1004.0,1727,16,1004.1,1123,13
317,2025-11-26 11:21:01+05:30,1003.3,8,997.37,4794471,426916.0,476420.0,986.2,1004.2,981.3,986.2,120635250,1084.8,887.6,1102.5,649.1,1003.3,259,4,1003.2,967,5,1003.1,413,6,1003.0,606,7,1002.9,1145,17,1003.6,96,1,1003.8,349,3,1003.9,640,7,1004.0,1727,16,1004.1,930,11
317,2025-11-26 11:21:02+05:30,1003.3,8,997.37,4794471,426732.0,475785.0,986.2,1004.2,981.3,986.2,120635250,1084.8,887.6,1102.5,649.1,1003.3,75,3,1003.2,879,4,1003.1,514,8,1003.0,593,6,1002.9,1145,17,1003.6,96,1,1003.8,349,3,1003.9,653,8,1004.0,1727,16,1004.1,930,11
317,2025-11-26 11:21:03+05:30,1003.6,30,997.37,4794501,427017.0,475744.0,986.2,1004.2,981.3,986.2,120635250,1084.8,887.6,1102.5,649.1,1003.3,331,5,1003.2,1044,7,1003.1,426,7,1003.0,593,6,1002.9,1145,17,1003.6,66,1,1003.8,349,3,1003.9,627,6,1004.0,1737,17,1004.1,956,13
317,2025-11-26 11:21:04+05:30,1003.6,185,997.37,4794501,427017.0,475744.0,986.2,1004.2,981.3,986.2,120635250,1084.8,887.6,1102.5,649.1,1003.3,331,5,1003.2,1044,7,1003.1,426,7,1003.0,593,6,1002.9,1145,17,1003.6,66,1,1003.8,349,3,1003.9,627,6,1004.0,1737,17,1004.1,956,13
317,2025-11-26 11:21:04+05:30,1003.6,185,997.37,4794686,427350.0,476542.0,986.2,1004.2,981.3,986.2,120635250,1084.8,887.6,1102.5,649.1,1003.3,326,4,1003.2,1029,7,1003.1,521,9,1003.0,593,6,1002.9,1108,16,1003.5,25,1,1003.6,96,1,1003.8,533,4,1003.9,1003,7,1004.0,1775,16
317,2025-11-26 11:21:05+05:30,1003.3,100,997.37,4794686,427350.0,476542.0,986.2,1004.2,981.3,986.2,120635250,1084.8,887.6,1102.5,649.1,1003.3,326,4,1003.2,1029,7,1003.1,521,9,1003.0,593,6,1002.9,1108,16,1003.5,25,1,1003.6,96,1,1003.8,533,4,1003.9,1003,7,1004.0,1775,16
317,2025-11-26 11:21:05+05:30,1003.3,100,997.37,4795221,427178.0,477671.0,986.2,1004.2,981.3,986.2,120635250,1084.8,887.6,1102.5,649.1,1003.2,13,1,1003.1,855,5,1003.0,556,5,1002.9,995,13,1002.8,1744,12,1003.3,96,1,1003.4,84,2,1003.5,25,1,1003.6,66,1,1003.7,314,4
317,2025-11-26 11:21:06+05:30,1003.5,4,997.37,4795221,427178.0,477671.0,986.2,1004.2,981.3,986.2,120635250,1084.8,887.6,1102.5,649.1,1003.2,13,1,1003.1,855,5,1003.0,556,5,1002.9,995,13,1002.8,1744,12,1003.3,96,1,1003.4,84,2,1003.5,25,1,1003.6,66,1,1003.7,314,4
317,2025-11-26 11:21:06+05:30,1003.5,4,997.37,4796095,425229.0,474596.0,986.2,1004.2,981.3,986.2,120635250,1084.8,887.6,1102.5,649.1,1003.2,175,2,1003.1,571,4,1003.0,1140,7,1002.9,809,14,1002.8,1500,10,1003.6,140,1,1003.7,489,5,1003.8,785,11,1003.9,794,8,1004.0,1688,16
317,2025-11-26 11:21:07+05:30,1003.1,52,997.37,4796095,425229.0,474596.0,986.2,1004.2,981.3,986.2,120635250,1084.8,887.6,1102.5,649.1,1003.2,175,2,1003.1,571,4,1003.0,1140,7,1002.9,809,14,1002.8,1500,10,1003.6,140,1,1003.7,489,5,1003.8,785,11,1003.9,794,8,1004.0,1688,16
317,2025-11-26 11:21:07+05:30,1003.1,52,997.37,4796472,425345.0,475822.0,986.2,1004.2,981.3,986.2,120635250,1084.8,887.6,1102.5,649.1,1003.1,165,2,1003.0,1036,6,1002.9,512,6,1002.8,1355,16,1002.7,1089,10,1003.5,117,2,1003.6,243,4,1003.7,472,5,1003.8,1106,9,1003.9,866,9
317,2025-11-26 11:21:08+05:30,1003.1,52,997.37,4796472,426133.0,476348.0,986.2,1004.2,981.3,986.2,120635250,1084.8,887.6,1102.5,649.1,1003.3,18,1,1003.1,165,2,1003.0,1146,7,1002.9,424,5,1002.8,1778,18,1003.5,117,2,1003.6,340,4,1003.7,616,7,1003.8,683,9,1003.9,866,9
317,2025-11-26 11:21:09+05:30,1003.5,54,997.37,4796472,426133.0,476348.0,986.2,1004.2,981.3,986.2,120635250,1084.8,887.6,1102.5,649.1,1003.3,18,1,1003.1,165,2,1003.0,1146,7,1002.9,424,5,1002.8,1778,18,1003.5,117,2,1003.6,340,4,1003.7,616,7,1003.8,683,9,1003.9,866,9
317,2025-11-26 11:21:09+05:30,1003.8,9,997.37,4796758,427848.0,474068.0,986.2,1004.2,981.3,986.2,120635250,1084.8,887.6,1102.5,649.1,1003.5,14,1,1003.3,225,3,1003.2,993,4,1003.1,705,6,1003.0,809,7,1003.8,547,7,1003.9,711,7,1004.0,1386,12,1004.1,717,12,1004.2,1705,13
317,2025-11-26 11:21:10+05:30,1003.8,9,997.37,4796758,427848.0,474068.0,986.2,1004.2,981.3,986.2,120635250,1084.8,887.6,1102.5,649.1,1003.5,14,1,1003.3,225,3,1003.2,993,4,1003.1,705,6,1003.0,809,7,1003.8,547,7,1003.9,711,7,1004.0,1386,12,1004.1,717,12,1004.2,1705,13
317,2025-11-26 11:21:10+05:30,1003.8,9,997.37,4796758,428546.0,474543.0,986.2,1004.2,981.3,986.2,120635250,1084.8,887.6,1102.5,649.1,1003.5,14,1,1003.3,225,3,1003.2,887,3,1003.1,705,6,1003.0,835,9,1003.6,96,1,1003.8,427,6,1003.9,711,7,1004.0,1386,12,1004.1,901,13
317,2025-11-26 11:21:11+05:30,1003.6,14,997.37,4796758,428546.0,474543.0,986.2,1004.2,981.3,986.2,120635250,1084.8,887.6,1102.5,649.1,1003.5,14,1,1003.3,225,3,1003.2,887,3,1003.1,705,6,1003.0,835,9,1003.6,96,1,1003.8,427,6,1003.9,711,7,1004.0,1386,12,1004.1,901,13
317,2025-11-26 11:21:11+05:30,1003.3,3,997.37,4796788,428837.0,473804.0,986.2,1004.2,981.3,986.2,120635250,1084.8,887.6,1102.5,649.1,1003.3,338,5,1003.2,1265,8,1003.1,677,6,1003.0,1162,12,1002.9,1414,17,1003.6,69,1,1003.8,304,5,1003.9,579,5,1004.0,1325,11,1004.1,848,12
317,2025-11-26 11:21:12+05:30,1003.6,2,997.37,4796788,428837.0,473804.0,986.2,1004.2,981.3,986.2,120635250,1084.8,887.6,1102.5,649.1,1003.3,338,5,1003.2,1265,8,1003.1,677,6,1003.0,1162,12,1002.9,1414,17,1003.6,69,1,1003.8,304,5,1003.9,579,5,1004.0,1325,11,1004.1,848,12
317,2025-11-26 11:21:13+05:30,1003.3,20,997.37,4799140,427288.0,472898.0,986.2,1004.2,981.3,986.2,120635250,1084.8,887.6,1102.5,649.1,1003.3,505,5,1003.2,1091,5,1003.1,550,6,1003.0,1131,14,1002.9,1370,19,1003.8,170,2,1003.9,341,5,1004.0,1603,16,1004.1,961,13,1004.2,1766,13
317,2025-11-26 11:21:13+05:30,1003.3,159,997.37,4799140,427288.0,472898.0,986.2,1004.2,981.3,986.2,120635250,1084.8,887.6,1102.5,649.1,1003.3,505,5,1003.2,1091,5,1003.1,550,6,1003.0,1131,14,1002.9,1370,19,1003.8,170,2,1003.9,341,5,1004.0,1603,16,1004.1,961,13,1004.2,1766,13
317,2025-11-26 11:21:13+05:30,1003.3,159,997.37,4799736,426833.0,475474.0,986.2,1004.2,981.3,986.2,120635250,1084.8,887.6,1102.5,649.1,1003.3,96,2,1003.2,507,3,1003.1,999,6,1003.0,1073,12,1002.9,836,14,1003.7,83,1,1003.8,373,6,1003.9,633,8,1004.0,1685,19,1004.1,1054,13
317,2025-11-26 11:21:14+05:30,1003.8,20,997.37,4799736,426833.0,475474.0,986.2,1004.2,981.3,986.2,120635250,1084.8,887.6,1102.5,649.1,1003.3,96,2,1003.2,507,3,1003.1,999,6,1003.0,1073,12,1002.9,836,14,1003.7,83,1,1003.8,373,6,1003.9,633,8,1004.0,1685,19,1004.1,1054,13
317,2025-11-26 11:21:15+05:30,1004.1,461,997.38,4802418,430095.0,471158.0,986.2,1004.2,981.3,986.2,120635250,1084.8,887.6,1102.5,649.1,1003.8,112,1,1003.7,20,2,1003.6,274,2,1003.5,618,4,1003.4,509,4,1004.1,337,5,1004.2,1540,13,1004.3,419,5,1004.4,8047,19,1004.5,8218,19
317,2025-11-26 11:21:15+05:30,1003.5,8,997.38,4802418,430095.0,471158.0,986.2,1004.2,981.3,986.2,120635250,1084.8,887.6,1102.5,649.1,1003.8,112,1,1003.7,20,2,1003.6,274,2,1003.5,618,4,1003.4,509,4,1004.1,337,5,1004.2,1540,13,1004.3,419,5,1004.4,8047,19,1004.5,8218,19
317,2025-11-26 11:21:16+05:30,1003.4,96,997.38,4803097,427012.0,472516.0,986.2,1004.2,981.3,986.2,120635250,1084.8,887.6,1102.5,649.1,1003.4,101,3,1003.3,1002,9,1003.2,800,5,1003.1,876,10,1003.0,1043,10,1004.0,1060,14,1004.1,795,9,1004.2,1862,19,1004.3,677,11,1004.4,7306,23
317,2025-11-26 11:21:16+05:30,1003.4,21,997.38,4803097,427012.0,472516.0,986.2,1004.2,981.3,986.2,120635250,1084.8,887.6,1102.5,649.1,1003.4,101,3,1003.3,1002,9,1003.2,800,5,1003.1,876,10,1003.0,1043,10,1004.0,1060,14,1004.1,795,9,1004.2,1862,19,1004.3,677,11,1004.4,7306,23
317,2025-11-26 11:21:17+05:30,1003.4,21,997.38,4803391,427733.0,474917.0,986.2,1004.2,981.3,986.2,120635250,1084.8,887.6,1102.5,649.1,1003.4,295,3,1003.3,521,9,1003.2,957,5,1003.1,748,8,1003.0,786,8,1003.5,25,1,1003.8,49,1,1003.9,539,5,1004.0,785,12,1004.1,860,9
317,2025-11-26 11:21:17+05:30,1003.4,21,997.38,4803391,428174.0,474897.0,986.2,1004.2,981.3,986.2,120635250,1084.8,887.6,1102.5,649.1,1003.4,277,2,1003.3,545,9,1003.2,867,6,1003.1,756,8,1003.0,891,8,1003.5,25,1,1003.8,159,2,1003.9,539,5,1004.0,785,12,1004.1,860,9
317,2025-11-26 11:21:18+05:30,1003.5,2,997.38,4803391,428174.0,474897.0,986.2,1004.2,981.3,986.2,120635250,1084.8,887.6,1102.5,649.1,1003.4,277,2,1003.3,545,9,1003.2,867,6,1003.1,756,8,1003.0,891,8,1003.5,25,1,1003.8,159,2,1003.9,539,5,1004.0,785,12,1004.1,860,9
317,2025-11-26 11:21:18+05:30,1003.9,87,997.38,4803798,428570.0,473956.0,986.2,1004.2,981.3,986.2,120635250,1084.8,887.6,1102.5,649.1,1003.5,200,3,1003.4,360,6,1003.3,659,11,1003.2,1360,9,1003.1,714,8,1004.0,121,3,1004.1,317,3,1004.2,1831,15,1004.3,482,8,1004.4,7159,17
317,2025-11-26 11:21:19+05:30,1003.5,124,997.38,4803798,428570.0,473956.0,986.2,1004.2,981.3,986.2,120635250,1084.8,887.6,1102.5,649.1,1003.5,200,3,1003.4,360,6,1003.3,659,11,1003.2,1360,9,1003.1,714,8,1004.0,121,3,1004.1,317,3,1004.2,1831,15,1004.3,482,8,1004.4,7159,17
317,2025-11-26 11:21:19+05:30,1003.5,124,997.38,4804125,427859.0,474696.0,986.2,1004.2,981.3,986.2,120635250,1084.8,887.6,1102.5,649.1,1003.4,200,3,1003.3,1189,14,1003.2,492,6,1003.1,822,9,1003.0,854,9,1003.9,108,2,1004.0,681,8,1004.1,946,9,1004.2,1535,13,1004.3,792,11
317,2025-11-26 11:21:20+05:30,1003.5,124,997.38,4804125,428726.0,476129.0,986.2,1004.2,981.3,986.2,120635250,1084.8,887.6,1102.5,649.1,1003.4,93,1,1003.3,492,9,1003.2,1004,6,1003.1,743,10,1003.0,965,9,1003.6,96,1,1003.9,348,5,1004.0,704,8,1004.1,1186,12,1004.2,1799,16
317,2025-11-26 11:21:21+05:30,1003.6,17,997.38,4804142,429362.0,475984.0,986.2,1004.2,981.3,986.2,120635250,1084.8,887.6,1102.5,649.1,1003.4,428,4,1003.3,505,10,1003.2,974,6,1003.1,743,10,1003.0,965,9,1003.6,79,1,1003.9,348,5,1004.0,976,8,1004.1,573,7,1004.2,1891,18
317,2025-11-26 11:21:22+05:30,1003.4,1,997.38,4804142,429362.0,475984.0,986.2,1004.2,981.3,986.2,120635250,1084.8,887.6,1102.5,649.1,1003.4,428,4,1003.3,505,10,1003.2,974,6,1003.1,743,10,1003.0,965,9,1003.6,79,1,1003.9,348,5,1004.0,976,8,1004.1,573,7,1004.2,1891,18
317,2025-11-26 11:21:22+05:30,1003.4,1,997.38,4804143,429412.0,475744.0,986.2,1004.2,981.3,986.2,120635250,1084.8,887.6,1102.5,649.1,1003.4,427,4,1003.3,505,10,1003.2,1005,7,1003.1,743,10,1003.0,965,9,1003.6,79,1,1003.9,348,5,1004.0,976,8,1004.1,572,6,1004.2,1891,18
317,2025-11-26 11:21:23+05:30,1003.6,14,997.38,4804143,429412.0,475744.0,986.2,1004.2,981.3,986.2,120635250,1084.8,887.6,1102.5,649.1,1003.4,427,4,1003.3,505,10,1003.2,1005,7,1003.1,743,10,1003.0,965,9,1003.6,79,1,1003.9,348,5,1004.0,976,8,1004.1,572,6,1004.2,1891,18
317,2025-11-26 11:21:24+05:30,1003.6,184,997.38,4804342,429280.0,476832.0,986.2,1004.2,981.3,986.2,120635250,1084.8,887.6,1102.5,649.1,1003.4,456,5,1003.3,540,11,1003.2,999,7,1003.1,743,10,1003.0,891,8,1003.6,96,1,1003.8,47,1,1003.9,475,7,1004.0,1740,10,1004.1,681,8
317,2025-11-26 11:21:24+05:30,1003.4,5,997.38,4804342,429280.0,476832.0,986.2,1004.2,981.3,986.2,120635250,1084.8,887.6,1102.5,649.1,1003.4,456,5,1003.3,540,11,1003.2,999,7,1003.1,743,10,1003.0,891,8,1003.6,96,1,1003.8,47,1,1003.9,475,7,1004.0,1740,10,1004.1,681,8
317,2025-11-26 11:21:25+05:30,1003.4,79,997.38,4804919,428143.0,477698.0,986.2,1004.2,981.3,986.2,120635250,1084.8,887.6,1102.5,649.1,1003.3,120,4,1003.2,1109,9,1003.1,556,8,1003.0,891,8,1002.9,877,11,1003.4,17,1,1003.6,49,1,1003.7,251,2,1003.8,273,4,1003.9,1038,9
317,2025-11-26 11:21:25+05:30,1003.3,17,997.38,4804919,428143.0,477698.0,986.2,1004.2,981.3,986.2,120635250,1084.8,887.6,1102.5,649.1,1003.3,120,4,1003.2,1109,9,1003.1,556,8,1003.0,891,8,1002.9,877,11,1003.4,17,1,1003.6,49,1,1003.7,251,2,1003.8,273,4,1003.9,1038,9
317,2025-11-26 11:21:26+05:30,1003.2,26,997.38,4804919,428143.0,477698.0,986.2,1004.2,981.3,986.2,120635250,1084.8,887.6,1102.5,649.1,1003.3,120,4,1003.2,1109,9,1003.1,556,8,1003.0,891,8,1002.9,877,11,1003.4,17,1,1003.6,49,1,1003.7,251,2,1003.8,273,4,1003.9,1038,9
317,2025-11-26 11:21:27+05:30,1003.2,26,997.38,4805180,427842.0,479390.0,986.2,1004.2,981.3,986.2,120635250,1084.8,887.6,1102.5,649.1,1003.3,1,1,1003.2,224,6,1003.1,1232,11,1003.0,626,8,1002.9,904,10,1003.4,4,1,1003.5,74,2,1003.6,63,2,1003.7,320,3,1003.8,1140,7
317,2025-11-26 11:21:28+05:30,1003.2,26,997.38,4805180,427842.0,479240.0,986.2,1004.2,981.3,986.2,120635250,1084.8,887.6,1102.5,649.1,1003.3,1,1,1003.2,224,6,1003.1,1232,11,1003.0,626,8,1002.9,904,10,1003.4,4,1,1003.5,74,2,1003.6,63,2,1003.7,320,3,1003.8,1142,8
317,2025-11-26 11:21:28+05:30,1003.4,1,997.38,4805180,427842.0,479240.0,986.2,1004.2,981.3,986.2,120635250,1084.8,887.6,1102.5,649.1,1003.3,1,1,1003.2,224,6,1003.1,1232,11,1003.0,626,8,1002.9,904,10,1003.4,4,1,1003.5,74,2,1003.6,63,2,1003.7,320,3,1003.8,1142,8
317,2025-11-26 11:21:29+05:30,1003.4,155,997.38,4805336,427740.0,479493.0,986.2,1004.2,981.3,986.2,120635250,1084.8,887.6,1102.5,649.1,1003.4,19,1,1003.3,1,1,1003.2,224,6,1003.1,522,8,1003.0,1071,7,1003.5,74,2,1003.6,49,1,1003.7,392,4,1003.8,1354,11,1003.9,999,14
317,2025-11-26 11:21:29+05:30,1003.4,155,997.38,4805336,427740.0,479493.0,986.2,1004.2,981.3,986.2,120635250,1084.8,887.6,1102.5,649.1,1003.4,19,1,1003.3,1,1,1003.2,224,6,1003.1,522,8,1003.0,1071,7,1003.5,74,2,1003.6,49,1,1003.7,392,4,1003.8,1354,11,1003.9,999,14
317,2025-11-26 11:21:30+05:30,1003.4,30,997.38,4805367,423222.0,479523.0,986.2,1004.2,981.3,986.2,120635250,1084.8,887.6,1102.5,649.1,1003.2,5,1,1003.1,557,6,1003.0,549,6,1002.9,1321,9,1002.8,1676,11,1003.4,66,1,1003.5,73,2,1003.6,49,1,1003.7,576,5,1003.8,1291,11
317,2025-11-26 11:21:30+05:30,1003.4,30,997.38,4805367,423222.0,479523.0,986.2,1004.2,981.3,986.2,120635250,1084.8,887.6,1102.5,649.1,1003.2,5,1,1003.1,557,6,1003.0,549,6,1002.9,1321,9,1002.8,1676,11,1003.4,66,1,1003.5,73,2,1003.6,49,1,1003.7,576,5,1003.8,1291,11
317,2025-11-26 11:21:31+05:30,1003.2,3,997.38,4805375,423438.0,479556.0,986.2,1004.2,981.3,986.2,120635250,1084.8,887.6,1102.5,649.1,1003.2,28,3,1003.1,549,6,1003.0,586,8,1002.9,1416,13,1002.8,1692,12,1003.4,66,1,1003.5,73,2,1003.6,49,1,1003.7,576,5,1003.8,1289,10
317,2025-11-26 11:21:31+05:30,1003.2,3,997.38,4805375,423438.0,479556.0,986.2,1004.2,981.3,986.2,120635250,1084.8,887.6,1102.5,649.1,1003.2,28,3,1003.1,549,6,1003.0,586,8,1002.9,1416,13,1002.8,1692,12,1003.4,66,1,1003.5,73,2,1003.6,49,1,1003.7,576,5,1003.8,1289,10
317,2025-11-26 11:21:32+05:30,1003.2,3,997.38,4805375,423531.0,479962.0,986.2,1004.2,981.3,986.2,120635250,1084.8,887.6,1102.5,649.1,1003.2,38,4,1003.1,620,7,1003.0,564,8,1002.9,1416,13,1002.8,1726,13,1003.4,66,1,1003.5,73,2,1003.6,49,1,1003.7,577,6,1003.8,1285,10
317,2025-11-26 11:21:32+05:30,1003.4,1,997.38,4805375,423531.0,479962.0,986.2,1004.2,981.3,986.2,120635250,1084.8,887.6,1102.5,649.1,1003.2,38,4,1003.1,620,7,1003.0,564,8,1002.9,1416,13,1002.8,1726,13,1003.4,66,1,1003.5,73,2,1003.6,49,1,1003.7,577,6,1003.8,1285,10
317,2025-11-26 11:21:33+05:30,1003.4,1,997.38,4805376,423215.0,479891.0,986.2,1004.2,981.3,986.2,120635250,1084.8,887.6,1102.5,649.1,1003.2,15,2,1003.1,387,5,1003.0,1097,8,1002.9,889,11,1002.8,1739,14,1003.4,65,1,1003.5,73,2,1003.6,251,2,1003.7,508,5,1003.8,1300,11
317,2025-11-26 11:21:34+05:30,1003.4,185,997.38,4805562,423560.0,479445.0,986.2,1004.2,981.3,986.2,120635250,1084.8,887.6,1102.5,649.1,1003.3,112,1,1003.2,87,3,1003.1,542,8,1003.0,1045,9,1002.9,938,12,1003.4,96,1,1003.5,73,2,1003.7,436,4,1003.8,1098,8,1003.9,857,13
317,2025-11-26 11:21:34+05:30,1003.4,185,997.38,4805562,423560.0,479445.0,986.2,1004.2,981.3,986.2,120635250,1084.8,887.6,1102.5,649.1,1003.3,112,1,1003.2,87,3,1003.1,542,8,1003.0,1045,9,1002.9,938,12,1003.4,96,1,1003.5,73,2,1003.7,436,4,1003.8,1098,8,1003.9,857,13
317,2025-11-26 11:21:35+05:30,1003.3,112,997.38,4805674,423422.0,480324.0,986.2,1004.2,981.3,986.2,120635250,1084.8,887.6,1102.5,649.1,1003.2,87,3,1003.1,542,8,1003.0,1019,8,1002.9,938,12,1002.8,1739,14,1003.3,96,1,1003.5,44,1,1003.7,636,6,1003.8,1152,8,1003.9,929,14
317,2025-11-26 11:21:35+05:30,1003.3,112,997.38,4805674,423422.0,480324.0,986.2,1004.2,981.3,986.2,120635250,1084.8,887.6,1102.5,649.1,1003.2,87,3,1003.1,542,8,1003.0,1019,8,1002.9,938,12,1002.8,1739,14,1003.3,96,1,1003.5,44,1,1003.7,636,6,1003.8,1152,8,1003.9,929,14
317,2025-11-26 11:21:36+05:30,1003.3,20,997.38,4805708,423655.0,479793.0,986.2,1004.2,981.3,986.2,120635250,1084.8,887.6,1102.5,649.1,1003.2,87,3,1003.1,542,8,1003.0,1019,8,1002.9,959,13,1002.8,1989,15,1003.3,62,1,1003.5,56,2,1003.7,436,4,1003.8,1014,6,1003.9,844,14
317,2025-11-26 11:21:36+05:30,1003.3,20,997.38,4805708,423655.0,479793.0,986.2,1004.2,981.3,986.2,120635250,1084.8,887.6,1102.5,649.1,1003.2,87,3,1003.1,542,8,1003.0,1019,8,1002.9,959,13,1002.8,1989,15,1003.3,62,1,1003.5,56,2,1003.7,436,4,1003.8,1014,6,1003.9,844,14
317,2025-11-26 11:21:37+05:30,1003.3,20,997.38,4805708,423652.0,479732.0,986.2,1004.2,981.3,986.2,120635250,1084.8,887.6,1102.5,649.1,1003.2,15,2,1003.1,542,8,1003.0,1019,8,1002.9,959,13,1002.8,1989,15,1003.3,62,1,1003.5,44,1,1003.6,50,1,1003.7,515,6,1003.8,1014,6
317,2025-11-26 11:21:37+05:30,1003.1,53,997.38,4805708,423652.0,479732.0,986.2,1004.2,981.3,986.2,120635250,1084.8,887.6,1102.5,649.1,1003.2,15,2,1003.1,542,8,1003.0,1019,8,1002.9,959,13,1002.8,1989,15,1003.3,62,1,1003.5,44,1,1003.6,50,1,1003.7,515,6,1003.8,1014,6
317,2025-11-26 11:21:38+05:30,1003.3,5,997.38,4805860,422808.0,481026.0,986.2,1004.2,981.3,986.2,120635250,1084.8,887.6,1102.5,649.1,1003.1,120,4,1003.0,925,7,1002.9,832,12,1002.8,1663,13,1002.7,999,10,1003.3,82,2,1003.5,259,3,1003.6,1053,7,1003.7,499,6,1003.8,703,8
317,2025-11-26 11:21:38+05:30,1003.3,5,997.38,4805860,422808.0,481026.0,986.2,1004.2,981.3,986.2,120635250,1084.8,887.6,1102.5,649.1,1003.1,120,4,1003.0,925,7,1002.9,832,12,1002.8,1663,13,1002.7,999,10,1003.3,82,2,1003.5,259,3,1003.6,1053,7,1003.7,499,6,1003.8,703,8
317,2025-11-26 11:21:39+05:30,1003.3,103,997.38,4806045,422574.0,480130.0,986.2,1004.2,981.3,986.2,120635250,1084.8,887.6,1102.5,649.1,1003.1,93,3,1003.0,974,8,1002.9,761,11,1002.8,1809,15,1002.7,1249,11,1003.3,96,1,1003.5,57,2,1003.6,967,4,1003.7,482,6,1003.8,758,9
317,2025-11-26 11:21:39+05:30,1003.3,103,997.38,4806045,422574.0,480130.0,986.2,1004.2,981.3,986.2,120635250,1084.8,887.6,1102.5,649.1,1003.1,93,3,1003.0,974,8,1002.9,761,11,1002.8,1809,15,1002.7,1249,11,1003.3,96,1,1003.5,57,2,1003.6,967,4,1003.7,482,6,1003.8,758,9
317,2025-11-26 11:21:40+05:30,1003.2,12,997.38,4807424,423061.0,477162.0,986.2,1004.2,981.3,986.2,120635250,1084.8,887.6,1102.5,649.1,1003.4,738,1,1003.3,5,1,1003.2,130,2,1003.1,20,1,1003.0,375,5,1003.5,44,1,1003.6,134,3,1003.7,205,4,1003.8,565,6,1003.9,694,10
317,2025-11-26 11:21:40+05:30,1003.5,5,997.38,4807424,423061.0,477162.0,986.2,1004.2,981.3,986.2,120635250,1084.8,887.6,1102.5,649.1,1003.4,738,1,1003.3,5,1,1003.2,130,2,1003.1,20,1,1003.0,375,5,1003.5,44,1,1003.6,134,3,1003.7,205,4,1003.8,565,6,1003.9,694,10
317,2025-11-26 11:21:41+05:30,1003.5,25,997.38,4807617,424694.0,477257.0,986.2,1004.2,981.3,986.2,120635250,1084.8,887.6,1102.5,649.1,1003.4,817,4,1003.3,197,4,1003.2,230,2,1003.1,464,5,1003.0,760,10,1003.5,31,2,1003.6,50,1,1003.7,11,2,1003.8,72,1,1003.9,1084,9
317,2025-11-26 11:21:41+05:30,1003.4,284,997.38,4807617,424694.0,477257.0,986.2,1004.2,981.3,986.2,120635250,1084.8,887.6,1102.5,649.1,1003.4,817,4,1003.3,197,4,1003.2,230,2,1003.1,464,5,1003.0,760,10,1003.5,31,2,1003.6,50,1,1003.7,11,2,1003.8,72,1,1003.9,1084,9
317,2025-11-26 11:21:42+05:30,1003.4,284,997.38,4807901,424692.0,477172.0,986.2,1004.2,981.3,986.2,120635250,1084.8,887.6,1102.5,649.1,1003.4,468,3,1003.3,70,2,1003.2,295,3,1003.1,1130,8,1003.0,760,10,1003.5,19,1,1003.6,50,1,1003.7,10,1,1003.8,72,1,1003.9,1084,9
317,2025-11-26 11:21:42+05:30,1003.5,17,997.38,4807901,424692.0,477172.0,986.2,1004.2,981.3,986.2,120635250,1084.8,887.6,1102.5,649.1,1003.4,468,3,1003.3,70,2,1003.2,295,3,1003.1,1130,8,1003.0,760,10,1003.5,19,1,1003.6,50,1,1003.7,10,1,1003.8,72,1,1003.9,1084,9
317,2025-11-26 11:21:42+05:30,1003.5,17,997.38,4807923,424605.0,479455.0,986.2,1004.2,981.3,986.2,120635250,1084.8,887.6,1102.5,649.1,1003.4,533,4,1003.3,100,3,1003.2,230,2,1003.1,1130,8,1003.0,760,10,1003.5,12,1,1003.6,50,1,1003.7,10,1,1003.8,72,1,1003.9,1088,9
317,2025-11-26 11:21:44+05:30,1003.6,48,997.38,4807973,425257.0,478101.0,986.2,1004.2,981.3,986.2,120635250,1084.8,887.6,1102.5,649.1,1003.6,406,1,1003.5,25,3,1003.4,13,1,1003.3,107,3,1003.2,1233,9,1003.7,10,1,1003.8,304,2,1003.9,180,4,1004.0,1293,9,1004.1,1542,12
317,2025-11-26 11:21:44+05:30,1003.6,48,997.38,4807973,425257.0,478101.0,986.2,1004.2,981.3,986.2,120635250,1084.8,887.6,1102.5,649.1,1003.6,406,1,1003.5,25,3,1003.4,13,1,1003.3,107,3,1003.2,1233,9,1003.7,10,1,1003.8,304,2,1003.9,180,4,1004.0,1293,9,1004.1,1542,12
317,2025-11-26 11:21:45+05:30,1003.6,10,997.38,4807983,424641.0,478567.0,986.2,1004.2,981.3,986.2,120635250,1084.8,887.6,1102.5,649.1,1003.6,409,2,1003.5,25,3,1003.3,226,3,1003.2,1096,9,1003.1,706,9,1003.7,10,1,1003.8,304,2,1003.9,245,5,1004.0,1384,11,1004.1,1554,13
317,2025-11-26 11:21:45+05:30,1003.5,7,997.38,4807983,424641.0,478567.0,986.2,1004.2,981.3,986.2,120635250,1084.8,887.6,1102.5,649.1,1003.6,409,2,1003.5,25,3,1003.3,226,3,1003.2,1096,9,1003.1,706,9,1003.7,10,1,1003.8,304,2,1003.9,245,5,1004.0,1384,11,1004.1,1554,13
317,2025-11-26 11:21:46+05:30,1003.8,15,997.38,4808509,424946.0,478762.0,986.2,1004.2,981.3,986.2,120635250,1084.8,887.6,1102.5,649.1,1003.7,19,1,1003.4,15,1,1003.3,214,2,1003.2,886,6,1003.1,706,9,1003.8,347,4,1003.9,461,8,1004.0,1350,10,1004.1,1569,14,1004.2,1692,18
317,2025-11-26 11:21:46+05:30,1003.8,15,997.38,4808509,424946.0,478762.0,986.2,1004.2,981.3,986.2,120635250,1084.8,887.6,1102.5,649.1,1003.7,19,1,1003.4,15,1,1003.3,214,2,1003.2,886,6,1003.1,706,9,1003.8,347,4,1003.9,461,8,1004.0,1350,10,1004.1,1569,14,1004.2,1692,18
317,2025-11-26 11:21:47+05:30,1003.8,15,997.38,4808509,424897.0,479163.0,986.2,1004.2,981.3,986.2,120635250,1084.8,887.6,1102.5,649.1,1003.7,19,1,1003.4,15,1,1003.3,504,4,1003.2,886,6,1003.1,740,10,1003.8,291,3,1003.9,461,8,1004.0,1350,10,1004.1,1581,14,1004.2,1893,20
317,2025-11-26 11:21:47+05:30,1003.3,22,997.38,4808509,424897.0,479163.0,986.2,1004.2,981.3,986.2,120635250,1084.8,887.6,1102.5,649.1,1003.7,19,1,1003.4,15,1,1003.3,504,4,1003.2,886,6,1003.1,740,10,1003.8,291,3,1003.9,461,8,1004.0,1350,10,1004.1,1581,14,1004.2,1893,20
317,2025-11-26 11:21:48+05:30,1003.7,14,997.39,4808667,423877.0,479712.0,986.2,1004.2,981.3,986.2,120635250,1084.8,887.6,1102.5,649.1,1003.3,245,4,1003.2,782,4,1003.1,724,9,1003.0,1056,12,1002.9,838,14,1003.7,56,1,1003.8,114,2,1003.9,1057,9,1004.0,1415,11,1004.1,803,12
317,2025-11-26 11:21:48+05:30,1003.7,14,997.39,4808667,423877.0,479712.0,986.2,1004.2,981.3,986.2,120635250,1084.8,887.6,1102.5,649.1,1003.3,245,4,1003.2,782,4,1003.1,724,9,1003.0,1056,12,1002.9,838,14,1003.7,56,1,1003.8,114,2,1003.9,1057,9,1004.0,1415,11,1004.1,803,12
317,2025-11-26 11:21:49+05:30,1003.7,55,997.39,4808723,425738.0,479442.0,986.2,1004.2,981.3,986.2,120635250,1084.8,887.6,1102.5,649.1,1003.7,19,1,1003.5,5,1,1003.4,202,1,1003.3,437,4,1003.2,1409,9,1003.8,42,1,1003.9,180,4,1004.0,1224,8,1004.1,765,9,1004.2,1874,21
317,2025-11-26 11:21:49+05:30,1003.7,55,997.39,4808723,425738.0,479442.0,986.2,1004.2,981.3,986.2,120635250,1084.8,887.6,1102.5,649.1,1003.7,19,1,1003.5,5,1,1003.4,202,1,1003.3,437,4,1003.2,1409,9,1003.8,42,1,1003.9,180,4,1004.0,1224,8,1004.1,765,9,1004.2,1874,21
317,2025-11-26 11:21:50+05:30,1003.7,131,997.39,4808854,425657.0,481322.0,986.2,1004.2,981.3,986.2,120635250,1084.8,887.6,1102.5,649.1,1003.5,5,1,1003.3,615,5,1003.2,959,7,1003.1,679,9,1003.0,1108,12,1003.7,96,1,1003.9,441,6,1004.0,1228,8,1004.1,1260,8,1004.2,1874,21
317,2025-11-26 11:21:50+05:30,1003.7,129,997.39,4808854,425657.0,481322.0,986.2,1004.2,981.3,986.2,120635250,1084.8,887.6,1102.5,649.1,1003.5,5,1,1003.3,615,5,1003.2,959,7,1003.1,679,9,1003.0,1108,12,1003.7,96,1,1003.9,441,6,1004.0,1228,8,1004.1,1260,8,1004.2,1874,21
317,2025-11-26 11:21:51+05:30,1003.7,129,997.39,4808983,425590.0,481115.0,986.2,1004.2,981.3,986.2,120635250,1084.8,887.6,1102.5,649.1,1003.5,5,1,1003.4,59,1,1003.3,438,4,1003.2,1152,10,1003.1,679,9,1003.7,96,1,1003.9,441,6,1004.0,1228,8,1004.1,1269,10,1004.2,1895,19
317,2025-11-26 11:21:51+05:30,1003.3,44,997.39,4808983,425590.0,481115.0,986.2,1004.2,981.3,986.2,120635250,1084.8,887.6,1102.5,649.1,1003.5,5,1,1003.4,59,1,1003.3,438,4,1003.2,1152,10,1003.1,679,9,1003.7,96,1,1003.9,441,6,1004.0,1228,8,1004.1,1269,10,1004.2,1895,19
317,2025-11-26 11:21:52+05:30,1003.3,44,997.39,4809125,424486.0,480757.0,986.2,1004.2,981.3,986.2,120635250,1084.8,887.6,1102.5,649.1,1003.4,46,1,1003.3,159,3,1003.2,828,8,1003.1,743,9,1003.0,1030,10,1003.7,128,2,1003.8,76,3,1003.9,569,9,1004.0,1188,7,1004.1,729,9
317,2025-11-26 11:21:53+05:30,1003.3,44,997.39,4809125,424408.0,480760.0,986.2,1004.2,981.3,986.2,120635250,1084.8,887.6,1102.5,649.1,1003.4,46,1,1003.3,265,4,1003.2,828,8,1003.1,743,9,1003.0,1030,10,1003.7,128,2,1003.8,79,4,1003.9,569,9,1004.0,1188,7,1004.1,729,9
317,2025-11-26 11:21:54+05:30,1003.7,56,997.39,4809309,424408.0,480570.0,986.2,1004.2,981.3,986.2,120635250,1084.8,887.6,1102.5,649.1,1003.4,105,2,1003.3,206,3,1003.2,828,8,1003.1,743,9,1003.0,1030,10,1003.7,40,1,1003.8,15,2,1003.9,531,8,1004.0,1188,7,1004.1,729,9
317,2025-11-26 11:21:54+05:30,1003.7,56,997.39,4809309,424408.0,480570.0,986.2,1004.2,981.3,986.2,120635250,1084.8,887.6,1102.5,649.1,1003.4,105,2,1003.3,206,3,1003.2,828,8,1003.1,743,9,1003.0,1030,10,1003.7,40,1,1003.8,15,2,1003.9,531,8,1004.0,1188,7,1004.1,729,9
317,2025-11-26 11:21:55+05:30,1003.5,39,997.39,4809460,424320.0,481407.0,986.2,1004.2,981.3,986.2,120635250,1084.8,887.6,1102.5,649.1,1003.3,113,2,1003.2,991,9,1003.1,743,9,1003.0,773,8,1002.9,835,14,1003.5,57,1,1003.7,42,2,1003.8,266,4,1003.9,883,7,1004.0,1263,10
317,2025-11-26 11:21:55+05:30,1003.8,130,997.39,4809460,424320.0,481407.0,986.2,1004.2,981.3,986.2,120635250,1084.8,887.6,1102.5,649.1,1003.3,113,2,1003.2,991,9,1003.1,743,9,1003.0,773,8,1002.9,835,14,1003.5,57,1,1003.7,42,2,1003.8,266,4,1003.9,883,7,1004.0,1263,10
317,2025-11-26 11:21:56+05:30,1003.8,1,997.39,4810211,425970.0,479481.0,986.2,1004.2,981.3,986.2,120635250,1084.8,887.6,1102.5,649.1,1003.5,59,1,1003.4,641,6,1003.3,498,6,1003.2,1123,12,1003.1,743,9,1003.8,2,1,1003.9,72,1,1004.0,1188,7,1004.1,600,7,1004.2,8845,19
317,2025-11-26 11:21:56+05:30,1003.8,1,997.39,4810211,425970.0,479481.0,986.2,1004.2,981.3,986.2,120635250,1084.8,887.6,1102.5,649.1,1003.5,59,1,1003.4,641,6,1003.3,498,6,1003.2,1123,12,1003.1,743,9,1003.8,2,1,1003.9,72,1,1004.0,1188,7,1004.1,600,7,1004.2,8845,19
317,2025-11-26 11:21:57+05:30,1003.8,14,997.39,4810227,426264.0,479908.0,986.2,1004.2,981.3,986.2,120635250,1084.8,887.6,1102.5,649.1,1003.5,59,1,1003.4,532,4,1003.3,570,6,1003.2,1141,11,1003.1,692,11,1003.8,3,1,1003.9,112,1,1004.0,1047,5,1004.1,1124,8,1004.2,8870,21
317,2025-11-26 11:21:57+05:30,1003.4,125,997.39,4810227,426264.0,479908.0,986.2,1004.2,981.3,986.2,120635250,1084.8,887.6,1102.5,649.1,1003.5,59,1,1003.4,532,4,1003.3,570,6,1003.2,1141,11,1003.1,692,11,1003.8,3,1,1003.9,112,1,1004.0,1047,5,1004.1,1124,8,1004.2,8870,21
317,2025-11-26 11:21:58+05:30,1003.8,17,997.39,4810531,426399.0,479757.0,986.2,1004.2,981.3,986.2,120635250,1084.8,887.6,1102.5,649.1,1003.7,5,1,1003.4,202,1,1003.3,793,6,1003.2,1302,9,1003.1,676,10,1003.8,16,2,1003.9,346,4,1004.0,1300,9,1004.1,627,6,1004.2,8858,20
317,2025-11-26 11:21:58+05:30,1003.8,17,997.39,4810531,426399.0,479757.0,986.2,1004.2,981.3,986.2,120635250,1084.8,887.6,1102.5,649.1,1003.7,5,1,1003.4,202,1,1003.3,793,6,1003.2,1302,9,1003.1,676,10,1003.8,16,2,1003.9,346,4,1004.0,1300,9,1004.1,627,6,1004.2,8858,20
317,2025-11-26 11:21:59+05:30,1003.8,6,997.39,4810550,426651.0,479295.0,986.2,1004.2,981.3,986.2,120635250,1084.8,887.6,1102.5,649.1,1003.8,19,1,1003.7,5,1,1003.5,256,3,1003.4,494,3,1003.3,1037,8,1003.9,203,2,1004.0,1132,8,1004.1,568,6,1004.2,8858,20,1004.3,1662,13
317,2025-11-26 11:21:59+05:30,1003.8,6,997.39,4810550,426651.0,479295.0,986.2,1004.2,981.3,986.2,120635250,1084.8,887.6,1102.5,649.1,1003.8,19,1,1003.7,5,1,1003.5,256,3,1003.4,494,3,1003.3,1037,8,1003.9,203,2,1004.0,1132,8,1004.1,568,6,1004.2,8858,20,1004.3,1662,13
317,2025-11-26 11:22:00+05:30,1003.8,98,997.39,4810828,426064.0,479158.0,986.2,1004.2,981.3,986.2,120635250,1084.8,887.6,1102.5,649.1,1003.7,5,1,1003.5,309,4,1003.4,386,2,1003.3,988,7,1003.2,1475,12,1003.8,96,1,1003.9,106,2,1004.0,1086,7,1004.1,618,7,1004.2,8858,20
317,2025-11-26 11:22:00+05:30,1003.8,98,997.39,4810828,426064.0,479158.0,986.2,1004.2,981.3,986.2,120635250,1084.8,887.6,1102.5,649.1,1003.7,5,1,1003.5,309,4,1003.4,386,2,1003.3,988,7,1003.2,1475,12,1003.8,96,1,1003.9,106,2,1004.0,1086,7,1004.1,618,7,1004.2,8858,20
317,2025-11-26 11:22:01+05:30,1003.7,3,997.39,4810836,426784.0,479465.0,986.2,1004.2,981.3,986.2,120635250,1084.8,887.6,1102.5,649.1,1003.7,79,1,1003.5,256,3,1003.4,945,3,1003.3,1141,9,1003.2,947,11,1003.8,196,2,1004.0,1372,10,1004.1,619,8,1004.2,8858,20,1004.3,1662,13
317,2025-11-26 11:22:01+05:30,1003.7,3,997.39,4810836,426784.0,479465.0,986.2,1004.2,981.3,986.2,120635250,1084.8,887.6,1102.5,649.1,1003.7,79,1,1003.5,256,3,1003.4,945,3,1003.3,1141,9,1003.2,947,11,1003.8,196,2,1004.0,1372,10,1004.1,619,8,1004.2,8858,20,1004.3,1662,13
317,2025-11-26 11:22:02+05:30,1003.8,1,997.39,4810837,426837.0,479464.0,986.2,1004.2,981.3,986.2,120635250,1084.8,887.6,1102.5,649.1,1003.7,79,1,1003.5,256,3,1003.4,945,3,1003.3,1141,9,1003.2,947,11,1003.8,195,2,1004.0,1372,10,1004.1,619,8,1004.2,8858,20,1004.3,1662,13
317,2025-11-26 11:22:02+05:30,1003.8,1,997.39,4810837,426837.0,479464.0,986.2,1004.2,981.3,986.2,120635250,1084.8,887.6,1102.5,649.1,1003.7,79,1,1003.5,256,3,1003.4,945,3,1003.3,1141,9,1003.2,947,11,1003.8,195,2,1004.0,1372,10,1004.1,619,8,1004.2,8858,20,1004.3,1662,13
317,2025-11-26 11:22:03+05:30,1003.8,1,997.39,4810837,426837.0,480066.0,986.2,1004.2,981.3,986.2,120635250,1084.8,887.6,1102.5,649.1,1003.7,79,1,1003.5,256,3,1003.4,945,3,1003.3,1141,9,1003.2,947,11,1003.8,195,2,1004.0,1392,11,1004.1,1093,9,1004.2,8858,20,1004.3,1662,13
317,2025-11-26 11:22:04+05:30,1003.8,10,997.39,4811042,427615.0,479483.0,986.2,1004.2,981.3,986.2,120635250,1084.8,887.6,1102.5,649.1,1003.7,79,1,1003.5,256,3,1003.4,945,3,1003.3,1141,9,1003.2,973,13,1003.8,86,1,1004.0,1339,10,1004.1,672,9,1004.2,8858,20,1004.3,1662,13
317,2025-11-26 11:22:04+05:30,1003.8,10,997.39,4811042,427615.0,479483.0,986.2,1004.2,981.3,986.2,120635250,1084.8,887.6,1102.5,649.1,1003.7,79,1,1003.5,256,3,1003.4,945,3,1003.3,1141,9,1003.2,973,13,1003.8,86,1,1004.0,1339,10,1004.1,672,9,1004.2,8858,20,1004.3,1662,13
317,2025-11-26 11:22:05+05:30,1003.7,79,997.39,4811121,425819.0,480712.0,986.2,1004.2,981.3,986.2,120635250,1084.8,887.6,1102.5,649.1,1003.5,5,1,1003.4,998,4,1003.3,607,6,1003.2,612,10,1003.1,784,14,1003.7,7,1,1003.8,75,1,1003.9,202,1,1004.0,1460,11,1004.1,1271,10
317,2025-11-26 11:22:05+05:30,1003.7,79,997.39,4811121,425819.0,480712.0,986.2,1004.2,981.3,986.2,120635250,1084.8,887.6,1102.5,649.1,1003.5,5,1,1003.4,998,4,1003.3,607,6,1003.2,612,10,1003.1,784,14,1003.7,7,1,1003.8,75,1,1003.9,202,1,1004.0,1460,11,1004.1,1271,10
317,2025-11-26 11:22:06+05:30,1003.7,79,997.39,4811121,425672.0,480281.0,986.2,1004.2,981.3,986.2,120635250,1084.8,887.6,1102.5,649.1,1003.5,6,2,1003.4,743,2,1003.3,660,7,1003.2,577,9,1003.1,784,14,1003.7,7,1,1003.8,75,1,1003.9,406,4,1004.0,1509,12,1004.1,706,10
317,2025-11-26 11:22:06+05:30,1003.4,102,997.39,4811121,425672.0,480281.0,986.2,1004.2,981.3,986.2,120635250,1084.8,887.6,1102.5,649.1,1003.5,6,2,1003.4,743,2,1003.3,660,7,1003.2,577,9,1003.1,784,14,1003.7,7,1,1003.8,75,1,1003.9,406,4,1004.0,1509,12,1004.1,706,10
317,2025-11-26 11:22:07+05:30,1003.7,15,997.39,4811285,424813.0,480180.0,986.2,1004.2,981.3,986.2,120635250,1084.8,887.6,1102.5,649.1,1003.4,53,1,1003.3,185,4,1003.2,868,7,1003.1,708,13,1003.0,1028,10,1003.7,111,2,1003.8,180,2,1003.9,907,4,1004.0,1602,14,1004.1,778,10
317,2025-11-26 11:22:07+05:30,1003.7,15,997.39,4811285,424813.0,480180.0,986.2,1004.2,981.3,986.2,120635250,1084.8,887.6,1102.5,649.1,1003.4,53,1,1003.3,185,4,1003.2,868,7,1003.1,708,13,1003.0,1028,10,1003.7,111,2,1003.8,180,2,1003.9,907,4,1004.0,1602,14,1004.1,778,10
317,2025-11-26 11:22:08+05:30,1003.7,15,997.39,4811285,424813.0,481299.0,986.2,1004.2,981.3,986.2,120635250,1084.8,887.6,1102.5,649.1,1003.3,238,5,1003.2,894,9,1003.1,682,11,1003.0,1028,10,1002.9,1052,12,1003.7,134,3,1003.8,180,2,1003.9,933,6,1004.0,1602,14,1004.1,778,10
317,2025-11-26 11:22:09+05:30,1003.7,15,997.39,4811485,425203.0,480152.0,986.2,1004.2,981.3,986.2,120635250,1084.8,887.6,1102.5,649.1,1003.3,512,7,1003.2,984,9,1003.1,708,13,1003.0,822,9,1002.9,1291,14,1003.7,81,1,1003.8,180,2,1003.9,810,3,1004.0,1439,11,1004.1,781,10
317,2025-11-26 11:22:09+05:30,1003.7,15,997.39,4811485,425203.0,480152.0,986.2,1004.2,981.3,986.2,120635250,1084.8,887.6,1102.5,649.1,1003.3,512,7,1003.2,984,9,1003.1,708,13,1003.0,822,9,1002.9,1291,14,1003.7,81,1,1003.8,180,2,1003.9,810,3,1004.0,1439,11,1004.1,781,10
317,2025-11-26 11:22:10+05:30,1003.5,11,997.39,4812736,426080.0,479198.0,986.2,1004.2,981.3,986.2,120635250,1084.8,887.6,1102.5,649.1,1003.5,78,2,1003.4,41,1,1003.3,395,4,1003.2,1241,13,1003.1,682,11,1003.8,75,1,1004.0,1247,10,1004.1,296,4,1004.2,8782,15,1004.3,2396,13
317,2025-11-26 11:22:10+05:30,1003.5,11,997.39,4812736,426080.0,479198.0,986.2,1004.2,981.3,986.2,120635250,1084.8,887.6,1102.5,649.1,1003.5,78,2,1003.4,41,1,1003.3,395,4,1003.2,1241,13,1003.1,682,11,1003.8,75,1,1004.0,1247,10,1004.1,296,4,1004.2,8782,15,1004.3,2396,13
317,2025-11-26 11:22:11+05:30,1003.5,1,997.39,4812756,425382.0,480036.0,986.2,1004.2,981.3,986.2,120635250,1084.8,887.6,1102.5,649.1,1003.5,47,1,1003.4,41,1,1003.3,395,4,1003.2,1177,12,1003.1,682,11,1003.8,56,1,1003.9,78,1,1004.0,1494,11,1004.1,575,10,1004.2,8948,21
317,2025-11-26 11:22:11+05:30,1003.3,145,997.39,4812756,425382.0,480036.0,986.2,1004.2,981.3,986.2,120635250,1084.8,887.6,1102.5,649.1,1003.5,47,1,1003.4,41,1,1003.3,395,4,1003.2,1177,12,1003.1,682,11,1003.8,56,1,1003.9,78,1,1004.0,1494,11,1004.1,575,10,1004.2,8948,21
317,2025-11-26 11:22:12+05:30,1003.8,63,997.39,4813388,426595.0,480622.0,986.2,1004.2,981.3,986.2,120635250,1084.8,887.6,1102.5,649.1,1003.5,48,1,1003.4,289,2,1003.3,1004,6,1003.2,765,13,1003.1,756,13,1003.7,5,1,1003.8,27,1,1003.9,852,3,1004.0,1427,10,1004.1,648,11
317,2025-11-26 11:22:12+05:30,1003.8,63,997.39,4813388,426595.0,480622.0,986.2,1004.2,981.3,986.2,120635250,1084.8,887.6,1102.5,649.1,1003.5,48,1,1003.4,289,2,1003.3,1004,6,1003.2,765,13,1003.1,756,13,1003.7,5,1,1003.8,27,1,1003.9,852,3,1004.0,1427,10,1004.1,648,11
317,2025-11-26 11:22:13+05:30,1003.8,11,997.39,4813404,426468.0,479965.0,986.2,1004.2,981.3,986.2,120635250,1084.8,887.6,1102.5,649.1,1003.5,53,2,1003.4,289,2,1003.3,1050,6,1003.2,752,12,1003.1,756,13,1003.8,16,1,1003.9,156,1,1004.0,1427,10,1004.1,648,11,1004.2,9035,23
317,2025-11-26 11:22:13+05:30,1003.8,11,997.39,4813404,426468.0,479965.0,986.2,1004.2,981.3,986.2,120635250,1084.8,887.6,1102.5,649.1,1003.5,53,2,1003.4,289,2,1003.3,1050,6,1003.2,752,12,1003.1,756,13,1003.8,16,1,1003.9,156,1,1004.0,1427,10,1004.1,648,11,1004.2,9035,23
317,2025-11-26 11:22:14+05:30,1003.8,13,997.39,4813404,426468.0,479965.0,986.2,1004.2,981.3,986.2,120635250,1084.8,887.6,1102.5,649.1,1003.5,53,2,1003.4,289,2,1003.3,1050,6,1003.2,752,12,1003.1,756,13,1003.8,16,1,1003.9,156,1,1004.0,1427,10,1004.1,648,11,1004.2,9035,23
317,2025-11-26 11:22:14+05:30,1003.8,13,997.39,4813423,427659.0,479576.0,986.2,1004.2,981.3,986.2,120635250,1084.8,887.6,1102.5,649.1,1003.8,6,1,1003.6,112,1,1003.5,266,4,1003.4,382,3,1003.3,1260,9,1003.9,184,1,1004.0,1114,8,1004.1,987,9,1004.2,8976,22,1004.3,2298,9
317,2025-11-26 11:22:15+05:30,1003.9,14,997.39,4813423,427659.0,479576.0,986.2,1004.2,981.3,986.2,120635250,1084.8,887.6,1102.5,649.1,1003.8,6,1,1003.5,266,4,1003.4,382,3,1003.3,672,7,1003.2,1393,14,1003.9,131,2,1004.0,1705,13,1004.1,466,9,1004.2,8976,22,1004.3,2298,9
317,2025-11-26 11:22:15+05:30,1003.9,14,997.39,4813549,427421.0,479655.0,986.2,1004.2,981.3,986.2,120635250,1084.8,887.6,1102.5,649.1,1003.8,6,1,1003.5,266,4,1003.4,382,3,1003.3,672,7,1003.2,1393,14,1003.9,131,2,1004.0,1705,13,1004.1,466,9,1004.2,8976,22,1004.3,2298,9
317,2025-11-26 11:22:16+05:30,1003.9,21,997.39,4813549,427421.0,479655.0,986.2,1004.2,981.3,986.2,120635250,1084.8,887.6,1102.5,649.1,1003.8,6,1,1003.5,266,4,1003.4,382,3,1003.3,672,7,1003.2,1393,14,1003.9,131,2,1004.0,1705,13,1004.1,466,9,1004.2,8976,22,1004.3,2298,9
317,2025-11-26 11:22:16+05:30,1003.9,21,997.39,4813722,425622.0,480370.0,986.2,1004.2,981.3,986.2,120635250,1084.8,887.6,1102.5,649.1,1003.5,15,2,1003.3,1131,7,1003.2,800,8,1003.1,849,16,1003.0,1025,10,1003.8,1,1,1003.9,804,6,1004.0,1554,12,1004.1,585,11,1004.2,8919,21
317,2025-11-26 11:22:17+05:30,1003.9,21,997.39,4813722,425542.0,480392.0,986.2,1004.2,981.3,986.2,120635250,1084.8,887.6,1102.5,649.1,1003.5,15,2,1003.3,1131,7,1003.2,800,8,1003.1,849,16,1003.0,1025,10,1003.8,1,1,1003.9,804,6,1004.0,1551,11,1004.1,585,11,1004.2,8919,21
317,2025-11-26 11:22:18+05:30,1003.9,21,997.39,4813722,425690.0,480373.0,986.2,1004.2,981.3,986.2,120635250,1084.8,887.6,1102.5,649.1,1003.5,15,2,1003.4,202,1,1003.3,1131,7,1003.2,864,9,1003.1,849,16,1003.8,1,1,1003.9,804,6,1004.0,1551,11,1004.1,585,11,1004.2,8919,21
317,2025-11-26 11:22:19+05:30,1003.8,1,997.39,4813722,425690.0,480373.0,986.2,1004.2,981.3,986.2,120635250,1084.8,887.6,1102.5,649.1,1003.5,15,2,1003.4,202,1,1003.3,1131,7,1003.2,864,9,1003.1,849,16,1003.8,1,1,1003.9,804,6,1004.0,1551,11,1004.1,585,11,1004.2,8919,21
317,2025-11-26 11:22:19+05:30,1003.8,1,997.39,4813723,426546.0,480087.0,986.2,1004.2,981.3,986.2,120635250,1084.8,887.6,1102.5,649.1,1003.8,18,1,1003.5,266,4,1003.4,488,3,1003.3,1195,8,1003.2,1560,14,1003.9,243,2,1004.0,1462,10,1004.1,426,9,1004.2,8946,22,1004.3,1560,9
317,2025-11-26 11:22:20+05:30,1003.8,1,997.39,4813723,426546.0,480087.0,986.2,1004.2,981.3,986.2,120635250,1084.8,887.6,1102.5,649.1,1003.8,18,1,1003.5,266,4,1003.4,488,3,1003.3,1195,8,1003.2,1560,14,1003.9,243,2,1004.0,1462,10,1004.1,426,9,1004.2,8946,22,1004.3,1560,9
317,2025-11-26 11:22:20+05:30,1003.8,12,997.39,4813723,426546.0,480087.0,986.2,1004.2,981.3,986.2,120635250,1084.8,887.6,1102.5,649.1,1003.8,18,1,1003.5,266,4,1003.4,488,3,1003.3,1195,8,1003.2,1560,14,1003.9,243,2,1004.0,1462,10,1004.1,426,9,1004.2,8946,22,1004.3,1560,9
317,2025-11-26 11:22:20+05:30,1003.8,12,997.39,4813930,426315.0,480502.0,986.2,1004.2,981.3,986.2,120635250,1084.8,887.6,1102.5,649.1,1003.6,82,1,1003.5,2,1,1003.4,202,1,1003.3,1033,6,1003.2,1530,13,1003.8,74,1,1003.9,48,1,1004.0,1704,12,1004.1,1077,9,1004.2,8917,21
317,2025-11-26 11:22:20+05:30,1003.8,12,997.39,4813930,426315.0,480502.0,986.2,1004.2,981.3,986.2,120635250,1084.8,887.6,1102.5,649.1,1003.6,82,1,1003.5,2,1,1003.4,202,1,1003.3,1033,6,1003.2,1530,13,1003.8,74,1,1003.9,48,1,1004.0,1704,12,1004.1,1077,9,1004.2,8917,21
317,2025-11-26 11:22:21+05:30,1003.8,12,997.39,4813930,426315.0,480502.0,986.2,1004.2,981.3,986.2,120635250,1084.8,887.6,1102.5,649.1,1003.6,82,1,1003.5,2,1,1003.4,202,1,1003.3,1033,6,1003.2,1530,13,1003.8,74,1,1003.9,48,1,1004.0,1704,12,1004.1,1077,9,1004.2,8917,21
317,2025-11-26 11:22:21+05:30,1003.8,12,997.39,4813930,426325.0,479953.0,986.2,1004.2,981.3,986.2,120635250,1084.8,887.6,1102.5,649.1,1003.6,82,1,1003.5,2,1,1003.4,202,1,1003.3,1033,6,1003.2,1530,13,1003.8,74,1,1003.9,48,1,1004.0,1736,14,1004.1,549,8,1004.2,8917,21
317,2025-11-26 11:22:21+05:30,1003.8,12,997.39,4813930,426325.0,479953.0,986.2,1004.2,981.3,986.2,120635250,1084.8,887.6,1102.5,649.1,1003.6,82,1,1003.5,2,1,1003.4,202,1,1003.3,1033,6,1003.2,1530,13,1003.8,74,1,1003.9,48,1,1004.0,1736,14,1004.1,549,8,1004.2,8917,21
317,2025-11-26 11:22:22+05:30,1003.8,12,997.39,4813930,426325.0,479953.0,986.2,1004.2,981.3,986.2,120635250,1084.8,887.6,1102.5,649.1,1003.6,82,1,1003.5,2,1,1003.4,202,1,1003.3,1033,6,1003.2,1530,13,1003.8,74,1,1003.9,48,1,1004.0,1736,14,1004.1,549,8,1004.2,8917,21
317,2025-11-26 11:22:22+05:30,1003.8,500,997.39,4813930,426325.0,479953.0,986.2,1004.2,981.3,986.2,120635250,1084.8,887.6,1102.5,649.1,1003.6,82,1,1003.5,2,1,1003.4,202,1,1003.3,1033,6,1003.2,1530,13,1003.8,74,1,1003.9,48,1,1004.0,1736,14,1004.1,549,8,1004.2,8917,21
317,2025-11-26 11:22:22+05:30,1003.8,500,997.39,4813930,426325.0,479953.0,986.2,1004.2,981.3,986.2,120635250,1084.8,887.6,1102.5,649.1,1003.6,82,1,1003.5,2,1,1003.4,202,1,1003.3,1033,6,1003.2,1530,13,1003.8,74,1,1003.9,48,1,1004.0,1736,14,1004.1,549,8,1004.2,8917,21
317,2025-11-26 11:22:22+05:30,1003.8,500,997.39,4814430,426378.0,480305.0,986.2,1004.2,981.3,986.2,120635250,1084.8,887.6,1102.5,649.1,1003.6,82,1,1003.5,2,1,1003.4,384,2,1003.3,1033,6,1003.2,1530,13,1003.8,96,1,1003.9,48,1,1004.0,1736,14,1004.1,549,8,1004.2,8917,21
317,2025-11-26 11:22:22+05:30,1003.8,500,997.39,4814430,426378.0,480305.0,986.2,1004.2,981.3,986.2,120635250,1084.8,887.6,1102.5,649.1,1003.6,82,1,1003.5,2,1,1003.4,384,2,1003.3,1033,6,1003.2,1530,13,1003.8,96,1,1003.9,48,1,1004.0,1736,14,1004.1,549,8,1004.2,8917,21
317,2025-11-26 11:22:23+05:30,1003.8,500,997.39,4814430,426378.0,480305.0,986.2,1004.2,981.3,986.2,120635250,1084.8,887.6,1102.5,649.1,1003.6,82,1,1003.5,2,1,1003.4,384,2,1003.3,1033,6,1003.2,1530,13,1003.8,96,1,1003.9,48,1,1004.0,1736,14,1004.1,549,8,1004.2,8917,21
317,2025-11-26 11:22:23+05:30,1003.4,1,997.39,4814430,426378.0,480305.0,986.2,1004.2,981.3,986.2,120635250,1084.8,887.6,1102.5,649.1,1003.6,82,1,1003.5,2,1,1003.4,384,2,1003.3,1033,6,1003.2,1530,13,1003.8,96,1,1003.9,48,1,1004.0,1736,14,1004.1,549,8,1004.2,8917,21
317,2025-11-26 11:22:23+05:30,1003.4,1,997.39,4814430,426378.0,480305.0,986.2,1004.2,981.3,986.2,120635250,1084.8,887.6,1102.5,649.1,1003.6,82,1,1003.5,2,1,1003.4,384,2,1003.3,1033,6,1003.2,1530,13,1003.8,96,1,1003.9,48,1,1004.0,1736,14,1004.1,549,8,1004.2,8917,21
317,2025-11-26 11:22:23+05:30,1003.4,1,997.39,4814549,424569.0,480253.0,986.2,1004.2,981.3,986.2,120635250,1084.8,887.6,1102.5,649.1,1003.4,92,2,1003.3,620,3,1003.2,484,9,1003.1,790,13,1003.0,977,9,1003.8,126,2,1003.9,303,4,1004.0,1609,12,1004.1,638,9,1004.2,8917,21
317,2025-11-26 11:22:24+05:30,1003.4,1,997.39,4814549,424569.0,480253.0,986.2,1004.2,981.3,986.2,120657750,1084.8,887.6,1102.5,649.1,1003.4,92,2,1003.3,620,3,1003.2,484,9,1003.1,790,13,1003.0,977,9,1003.8,126,2,1003.9,303,4,1004.0,1609,12,1004.1,638,9,1004.2,8917,21
317,2025-11-26 11:22:24+05:30,1003.8,1,997.39,4814549,424569.0,480253.0,986.2,1004.2,981.3,986.2,120657750,1084.8,887.6,1102.5,649.1,1003.4,92,2,1003.3,620,3,1003.2,484,9,1003.1,790,13,1003.0,977,9,1003.8,126,2,1003.9,303,4,1004.0,1609,12,1004.1,638,9,1004.2,8917,21
317,2025-11-26 11:22:24+05:30,1003.8,1,997.39,4814735,425055.0,480202.0,986.2,1004.2,981.3,986.2,120657750,1084.8,887.6,1102.5,649.1,1003.4,294,3,1003.3,663,4,1003.2,458,7,1003.1,816,15,1003.0,977,9,1003.8,65,1,1003.9,682,2,1004.0,1752,14,1004.1,638,9,1004.2,8926,22
317,2025-11-26 11:22:24+05:30,1003.8,1,997.39,4814735,425055.0,480202.0,986.2,1004.2,981.3,986.2,120657750,1084.8,887.6,1102.5,649.1,1003.4,294,3,1003.3,663,4,1003.2,458,7,1003.1,816,15,1003.0,977,9,1003.8,65,1,1003.9,682,2,1004.0,1752,14,1004.1,638,9,1004.2,8926,22
317,2025-11-26 11:22:25+05:30,1003.8,50,997.39,4814735,425055.0,480202.0,986.2,1004.2,981.3,986.2,120657750,1084.8,887.6,1102.5,649.1,1003.4,294,3,1003.3,663,4,1003.2,458,7,1003.1,816,15,1003.0,977,9,1003.8,65,1,1003.9,682,2,1004.0,1752,14,1004.1,638,9,1004.2,8926,22
317,2025-11-26 11:22:25+05:30,1003.8,50,997.39,4814905,424909.0,481177.0,986.2,1004.2,981.3,986.2,120657750,1084.8,887.6,1102.5,649.1,1003.4,5,1,1003.3,98,2,1003.2,1027,8,1003.1,679,13,1003.0,1020,10,1003.8,147,4,1003.9,1903,6,1004.0,1722,14,1004.1,678,10,1004.2,8917,21
317,2025-11-26 11:22:26+05:30,1003.3,59,997.39,4814905,424909.0,481177.0,986.2,1004.2,981.3,986.2,120657750,1084.8,887.6,1102.5,649.1,1003.4,5,1,1003.3,98,2,1003.2,1027,8,1003.1,679,13,1003.0,1020,10,1003.8,147,4,1003.9,1903,6,1004.0,1722,14,1004.1,678,10,1004.2,8917,21
317,2025-11-26 11:22:26+05:30,1003.3,59,997.39,4815024,424066.0,483316.0,986.2,1004.2,981.3,986.2,120657750,1084.8,887.6,1102.5,649.1,1003.3,50,1,1003.2,224,4,1003.1,1068,12,1003.0,840,7,1002.9,1079,13,1003.7,98,3,1003.8,771,11,1003.9,2052,8,1004.0,1739,15,1004.1,751,11
317,2025-11-26 11:22:27+05:30,1003.7,9,997.39,4815135,424766.0,481050.0,986.2,1004.2,981.3,986.2,120657750,1084.8,887.6,1102.5,649.1,1003.4,48,2,1003.3,620,4,1003.2,434,6,1003.1,856,15,1003.0,903,8,1003.8,141,3,1003.9,1281,4,1004.0,1712,13,1004.1,706,11,1004.2,8917,21
317,2025-11-26 11:22:28+05:30,1003.7,9,997.39,4815135,424766.0,481050.0,986.2,1004.2,981.3,986.2,120657750,1084.8,887.6,1102.5,649.1,1003.4,48,2,1003.3,620,4,1003.2,434,6,1003.1,856,15,1003.0,903,8,1003.8,141,3,1003.9,1281,4,1004.0,1712,13,1004.1,706,11,1004.2,8917,21
317,2025-11-26 11:22:29+05:30,1003.8,100,997.39,4815235,427057.0,480917.0,986.2,1004.2,981.3,986.2,120657750,1084.8,887.6,1102.5,649.1,1003.8,19,1,1003.7,33,1,1003.5,59,2,1003.4,265,4,1003.3,907,6,1003.9,1071,3,1004.0,1511,10,1004.1,589,9,1004.2,8844,21,1004.3,2146,10
317,2025-11-26 11:22:29+05:30,1003.8,100,997.39,4815235,427057.0,480917.0,986.2,1004.2,981.3,986.2,120657750,1084.8,887.6,1102.5,649.1,1003.8,19,1,1003.7,33,1,1003.5,59,2,1003.4,265,4,1003.3,907,6,1003.9,1071,3,1004.0,1511,10,1004.1,589,9,1004.2,8844,21,1004.3,2146,10
317,2025-11-26 11:22:30+05:30,1003.9,19,997.39,4815254,427182.0,480455.0,986.2,1004.2,981.3,986.2,120657750,1084.8,887.6,1102.5,649.1,1003.8,19,1,1003.7,33,1,1003.5,261,3,1003.4,447,5,1003.3,948,7,1003.9,1052,3,1004.0,805,10,1004.1,585,8,1004.2,8867,22,1004.3,2337,12
317,2025-11-26 11:22:30+05:30,1003.8,85,997.39,4815254,427182.0,480455.0,986.2,1004.2,981.3,986.2,120657750,1084.8,887.6,1102.5,649.1,1003.8,19,1,1003.7,33,1,1003.5,261,3,1003.4,447,5,1003.3,948,7,1003.9,1052,3,1004.0,805,10,1004.1,585,8,1004.2,8867,22,1004.3,2337,12
317,2025-11-26 11:22:31+05:30,1003.7,8,997.39,4815347,427096.0,480488.0,986.2,1004.2,981.3,986.2,120657750,1084.8,887.6,1102.5,649.1,1003.7,25,1,1003.5,261,3,1003.4,447,5,1003.3,949,7,1003.2,1574,11,1003.8,11,1,1003.9,955,3,1004.0,882,10,1004.1,588,9,1004.2,8844,21
317,2025-11-26 11:22:31+05:30,1003.5,6,997.39,4815347,427096.0,480488.0,986.2,1004.2,981.3,986.2,120657750,1084.8,887.6,1102.5,649.1,1003.7,25,1,1003.5,261,3,1003.4,447,5,1003.3,949,7,1003.2,1574,11,1003.8,11,1,1003.9,955,3,1004.0,882,10,1004.1,588,9,1004.2,8844,21
317,2025-11-26 11:22:32+05:30,1003.5,6,997.39,4815437,426569.0,480744.0,986.2,1004.2,981.3,986.2,120657750,1084.8,887.6,1102.5,649.1,1003.7,13,1,1003.5,1,1,1003.4,471,5,1003.3,1033,8,1003.2,1484,12,1003.8,11,1,1003.9,882,2,1004.0,935,13,1004.1,1105,11,1004.2,8879,19
317,2025-11-26 11:22:33+05:30,1003.5,6,997.39,4815437,426570.0,480761.0,986.2,1004.2,981.3,986.2,120657750,1084.8,887.6,1102.5,649.1,1003.7,14,2,1003.5,1,1,1003.4,471,5,1003.3,1033,8,1003.2,1484,12,1003.8,11,1,1003.9,938,3,1004.0,891,12,1004.1,1105,11,1004.2,8879,19
317,2025-11-26 11:22:33+05:30,1003.4,99,997.39,4815437,426570.0,480761.0,986.2,1004.2,981.3,986.2,120657750,1084.8,887.6,1102.5,649.1,1003.7,14,2,1003.5,1,1,1003.4,471,5,1003.3,1033,8,1003.2,1484,12,1003.8,11,1,1003.9,938,3,1004.0,891,12,1004.1,1105,11,1004.2,8879,19
317,2025-11-26 11:22:34+05:30,1003.8,39,997.39,4815758,423478.0,480599.0,986.2,1004.2,981.3,986.2,120657750,1084.8,887.6,1102.5,649.1,1003.3,280,5,1003.2,867,5,1003.1,654,8,1003.0,976,9,1002.9,1066,12,1003.8,151,3,1003.9,1295,6,1004.0,977,13,1004.1,774,13,1004.2,8959,21
317,2025-11-26 11:22:34+05:30,1003.8,39,997.39,4815758,423478.0,480599.0,986.2,1004.2,981.3,986.2,120657750,1084.8,887.6,1102.5,649.1,1003.3,280,5,1003.2,867,5,1003.1,654,8,1003.0,976,9,1002.9,1066,12,1003.8,151,3,1003.9,1295,6,1004.0,977,13,1004.1,774,13,1004.2,8959,21
317,2025-11-26 11:22:34+05:30,1003.8,39,997.39,4815758,425421.0,481319.0,986.2,1004.2,981.3,986.2,120657750,1084.8,887.6,1102.5,649.1,1003.6,112,1,1003.5,5,1,1003.4,202,1,1003.3,462,6,1003.2,1062,9,1003.8,57,1,1003.9,1305,7,1004.0,921,12,1004.1,1251,14,1004.2,8959,21
317,2025-11-26 11:22:35+05:30,1003.6,111,997.39,4815758,425421.0,481319.0,986.2,1004.2,981.3,986.2,120657750,1084.8,887.6,1102.5,649.1,1003.6,112,1,1003.5,5,1,1003.4,202,1,1003.3,462,6,1003.2,1062,9,1003.8,57,1,1003.9,1305,7,1004.0,921,12,1004.1,1251,14,1004.2,8959,21
317,2025-11-26 11:22:36+05:30,1003.6,111,997.39,4815870,424917.0,482125.0,986.2,1004.2,981.3,986.2,120657750,1084.8,887.6,1102.5,649.1,1003.5,5,1,1003.3,224,4,1003.2,1007,9,1003.1,737,14,1003.0,976,9,1003.6,96,1,1003.9,1546,9,1004.0,1124,16,1004.1,748,11,1004.2,8992,22
317,2025-11-26 11:22:36+05:30,1003.6,165,997.39,4815870,424917.0,482125.0,986.2,1004.2,981.3,986.2,120657750,1084.8,887.6,1102.5,649.1,1003.5,5,1,1003.3,224,4,1003.2,1007,9,1003.1,737,14,1003.0,976,9,1003.6,96,1,1003.9,1546,9,1004.0,1124,16,1004.1,748,11,1004.2,8992,22
317,2025-11-26 11:22:37+05:30,1003.6,165,997.39,4816085,425256.0,481799.0,986.2,1004.2,981.3,986.2,120657750,1084.8,887.6,1102.5,649.1,1003.5,5,1,1003.3,280,5,1003.2,951,8,1003.1,737,14,1003.0,976,9,1003.6,96,1,1003.8,347,4,1003.9,1674,11,1004.0,1042,13,1004.1,658,9
317,2025-11-26 11:22:38+05:30,1003.9,94,997.4,4816871,426437.0,479759.0,986.2,1004.2,981.3,986.2,120657750,1084.8,887.6,1102.5,649.1,1003.7,63,1,1003.4,205,2,1003.3,646,6,1003.2,2018,12,1003.1,846,14,1003.9,1080,4,1004.0,1045,13,1004.1,644,10,1004.2,8879,19,1004.3,2337,12
317,2025-11-26 11:22:38+05:30,1003.4,53,997.4,4816871,426437.0,479759.0,986.2,1004.2,981.3,986.2,120657750,1084.8,887.6,1102.5,649.1,1003.7,63,1,1003.4,205,2,1003.3,646,6,1003.2,2018,12,1003.1,846,14,1003.9,1080,4,1004.0,1045,13,1004.1,644,10,1004.2,8879,19,1004.3,2337,12
317,2025-11-26 11:22:39+05:30,1003.9,104,997.4,4817181,424556.0,480317.0,986.2,1004.2,981.3,986.2,120657750,1084.8,887.6,1102.5,649.1,1003.4,80,2,1003.3,226,4,1003.2,1154,10,1003.1,794,15,1003.0,1029,10,1003.9,1275,8,1004.0,965,13,1004.1,1260,12,1004.2,8903,20,1004.3,2146,10
317,2025-11-26 11:22:39+05:30,1003.3,39,997.4,4817181,424556.0,480317.0,986.2,1004.2,981.3,986.2,120657750,1084.8,887.6,1102.5,649.1,1003.4,80,2,1003.3,226,4,1003.2,1154,10,1003.1,794,15,1003.0,1029,10,1003.9,1275,8,1004.0,965,13,1004.1,1260,12,1004.2,8903,20,1004.3,2146,10
317,2025-11-26 11:22:40+05:30,1003.3,39,997.4,4817300,424252.0,483059.0,986.2,1004.2,981.3,986.2,120657750,1084.8,887.6,1102.5,649.1,1003.3,16,2,1003.2,145,2,1003.1,1042,7,1003.0,659,10,1002.9,834,14,1003.5,96,1,1003.7,206,2,1003.8,1268,9,1003.9,1546,11,1004.0,1138,14
317,2025-11-26 11:22:41+05:30,1003.5,5,997.4,4817310,423979.0,484766.0,986.2,1004.2,981.3,986.2,120657750,1084.8,887.6,1102.5,649.1,1003.4,82,1,1003.3,11,1,1003.2,24,1,1003.1,403,4,1003.0,1052,9,1003.5,86,1,1003.6,145,2,1003.7,639,6,1003.8,1322,12,1003.9,1264,9
317,2025-11-26 11:22:41+05:30,1003.5,5,997.4,4817310,423979.0,484766.0,986.2,1004.2,981.3,986.2,120657750,1084.8,887.6,1102.5,649.1,1003.4,82,1,1003.3,11,1,1003.2,24,1,1003.1,403,4,1003.0,1052,9,1003.5,86,1,1003.6,145,2,1003.7,639,6,1003.8,1322,12,1003.9,1264,9
317,2025-11-26 11:22:42+05:30,1003.5,5,997.4,4817315,424003.0,485408.0,986.2,1004.2,981.3,986.2,120657750,1084.8,887.6,1102.5,649.1,1003.4,82,1,1003.3,11,1,1003.2,24,1,1003.1,948,5,1003.0,531,8,1003.5,81,1,1003.6,145,2,1003.7,714,7,1003.8,2197,14,1003.9,1264,9
317,2025-11-26 11:22:42+05:30,1003.5,5,997.4,4817315,424003.0,485408.0,986.2,1004.2,981.3,986.2,120657750,1084.8,887.6,1102.5,649.1,1003.4,82,1,1003.3,11,1,1003.2,24,1,1003.1,948,5,1003.0,531,8,1003.5,81,1,1003.6,145,2,1003.7,714,7,1003.8,2197,14,1003.9,1264,9
317,2025-11-26 11:22:43+05:30,1003.5,5,997.4,4817315,424158.0,485408.0,986.2,1004.2,981.3,986.2,120657750,1084.8,887.6,1102.5,649.1,1003.4,82,1,1003.3,11,1,1003.2,24,1,1003.1,948,5,1003.0,544,9,1003.5,81,1,1003.6,145,2,1003.7,714,7,1003.8,2197,14,1003.9,1264,9
317,2025-11-26 11:22:44+05:30,1003.5,184,997.4,4817521,424542.0,484308.0,986.2,1004.2,981.3,986.2,120657750,1084.8,887.6,1102.5,649.1,1003.4,62,1,1003.3,11,1,1003.2,226,2,1003.1,1110,7,1003.0,616,11,1003.5,96,1,1003.6,145,2,1003.7,181,4,1003.8,1453,11,1003.9,1264,9
317,2025-11-26 11:22:44+05:30,1003.5,184,997.4,4817521,424542.0,484308.0,986.2,1004.2,981.3,986.2,120657750,1084.8,887.6,1102.5,649.1,1003.4,62,1,1003.3,11,1,1003.2,226,2,1003.1,1110,7,1003.0,616,11,1003.5,96,1,1003.6,145,2,1003.7,181,4,1003.8,1453,11,1003.9,1264,9
317,2025-11-26 11:22:45+05:30,1003.4,1,997.4,4817584,424169.0,484750.0,986.2,1004.2,981.3,986.2,120657750,1084.8,887.6,1102.5,649.1,1003.3,200,3,1003.2,24,1,1003.1,1030,7,1003.0,622,11,1002.9,834,14,1003.4,33,1,1003.5,68,1,1003.6,109,3,1003.7,276,4,1003.8,1555,13
317,2025-11-26 11:22:45+05:30,1003.3,103,997.4,4817584,424169.0,484750.0,986.2,1004.2,981.3,986.2,120657750,1084.8,887.6,1102.5,649.1,1003.3,200,3,1003.2,24,1,1003.1,1030,7,1003.0,622,11,1002.9,834,14,1003.4,33,1,1003.5,68,1,1003.6,109,3,1003.7,276,4,1003.8,1555,13
317,2025-11-26 11:22:46+05:30,1003.3,19,997.4,4817722,424181.0,485514.0,986.2,1004.2,981.3,986.2,120657750,1084.8,887.6,1102.5,649.1,1003.3,5,1,1003.2,24,1,1003.1,940,6,1003.0,563,10,1002.9,885,15,1003.4,63,2,1003.5,68,1,1003.6,332,4,1003.7,534,6,1003.8,1491,11
317,2025-11-26 11:22:46+05:30,1003.5,60,997.4,4817722,424181.0,485514.0,986.2,1004.2,981.3,986.2,120657750,1084.8,887.6,1102.5,649.1,1003.3,5,1,1003.2,24,1,1003.1,940,6,1003.0,563,10,1002.9,885,15,1003.4,63,2,1003.5,68,1,1003.6,332,4,1003.7,534,6,1003.8,1491,11
317,2025-11-26 11:22:47+05:30,1003.5,116,997.4,4818588,425338.0,483553.0,986.2,1004.2,981.3,986.2,120657750,1084.8,887.6,1102.5,649.1,1003.4,51,1,1003.3,129,2,1003.2,972,5,1003.1,540,8,1003.0,970,13,1003.6,79,2,1003.8,1129,5,1003.9,1291,9,1004.0,722,13,1004.1,1062,7
317,2025-11-26 11:22:47+05:30,1003.2,10,997.4,4818588,425338.0,483553.0,986.2,1004.2,981.3,986.2,120657750,1084.8,887.6,1102.5,649.1,1003.4,51,1,1003.3,129,2,1003.2,972,5,1003.1,540,8,1003.0,970,13,1003.6,79,2,1003.8,1129,5,1003.9,1291,9,1004.0,722,13,1004.1,1062,7
317,2025-11-26 11:22:48+05:30,1003.6,8,997.4,4818753,424255.0,483271.0,986.2,1004.2,981.3,986.2,120657750,1084.8,887.6,1102.5,649.1,1003.2,257,3,1003.1,958,8,1003.0,609,10,1002.9,931,15,1002.8,1806,17,1003.6,71,2,1003.8,1180,6,1003.9,1397,11,1004.0,729,14,1004.1,1264,11
317,2025-11-26 11:22:48+05:30,1003.6,8,997.4,4818753,424255.0,483271.0,986.2,1004.2,981.3,986.2,120657750,1084.8,887.6,1102.5,649.1,1003.2,257,3,1003.1,958,8,1003.0,609,10,1002.9,931,15,1002.8,1806,17,1003.6,71,2,1003.8,1180,6,1003.9,1397,11,1004.0,729,14,1004.1,1264,11
317,2025-11-26 11:22:49+05:30,1003.6,36,997.4,4818939,424370.0,483887.0,986.2,1004.2,981.3,986.2,120657750,1084.8,887.6,1102.5,649.1,1003.2,257,3,1003.1,851,6,1003.0,550,9,1002.9,901,14,1002.8,1807,17,1003.6,43,2,1003.8,1449,8,1003.9,1446,12,1004.0,741,15,1004.1,1254,11
317,2025-11-26 11:22:49+05:30,1003.2,119,997.4,4818939,424370.0,483887.0,986.2,1004.2,981.3,986.2,120657750,1084.8,887.6,1102.5,649.1,1003.2,257,3,1003.1,851,6,1003.0,550,9,1002.9,901,14,1002.8,1807,17,1003.6,43,2,1003.8,1449,8,1003.9,1446,12,1004.0,741,15,1004.1,1254,11
317,2025-11-26 11:22:50+05:30,1003.4,96,997.4,4819904,423763.0,484673.0,986.2,1004.2,981.3,986.2,120657750,1084.8,887.6,1102.5,649.1,1003.2,68,3,1003.1,836,6,1003.0,550,9,1002.9,924,14,1002.8,1493,15,1003.4,96,1,1003.6,34,1,1003.7,475,1,1003.8,1155,7,1003.9,1374,11
317,2025-11-26 11:22:50+05:30,1003.4,96,997.4,4819904,423763.0,484673.0,986.2,1004.2,981.3,986.2,120657750,1084.8,887.6,1102.5,649.1,1003.2,68,3,1003.1,836,6,1003.0,550,9,1002.9,924,14,1002.8,1493,15,1003.4,96,1,1003.6,34,1,1003.7,475,1,1003.8,1155,7,1003.9,1374,11
317,2025-11-26 11:22:51+05:30,1003.4,96,997.4,4819904,423849.0,484701.0,986.2,1004.2,981.3,986.2,120657750,1084.8,887.6,1102.5,649.1,1003.2,68,3,1003.1,836,6,1003.0,550,9,1002.9,924,14,1002.8,1456,14,1003.4,96,1,1003.6,34,1,1003.7,475,1,1003.8,1155,7,1003.9,1374,11
317,2025-11-26 11:22:51+05:30,1003.2,51,997.4,4819904,423849.0,484701.0,986.2,1004.2,981.3,986.2,120657750,1084.8,887.6,1102.5,649.1,1003.2,68,3,1003.1,836,6,1003.0,550,9,1002.9,924,14,1002.8,1456,14,1003.4,96,1,1003.6,34,1,1003.7,475,1,1003.8,1155,7,1003.9,1374,11
317,2025-11-26 11:22:52+05:30,1003.2,51,997.4,4820023,423033.0,485884.0,986.2,1004.2,981.3,986.2,120657750,1084.8,887.6,1102.5,649.1,1003.1,217,3,1003.0,979,8,1002.9,565,11,1002.8,1365,11,1002.7,812,9,1003.4,126,2,1003.6,497,7,1003.7,977,8,1003.8,1237,7,1003.9,1551,13
317,2025-11-26 11:22:53+05:30,1003.5,184,997.4,4820023,423033.0,485884.0,986.2,1004.2,981.3,986.2,120657750,1084.8,887.6,1102.5,649.1,1003.1,217,3,1003.0,979,8,1002.9,565,11,1002.8,1365,11,1002.7,812,9,1003.4,126,2,1003.6,497,7,1003.7,977,8,1003.8,1237,7,1003.9,1551,13
317,2025-11-26 11:22:53+05:30,1003.5,184,997.4,4820818,422832.0,484663.0,986.2,1004.2,981.3,986.2,120657750,1084.8,887.6,1102.5,649.1,1003.5,74,1,1003.1,329,3,1003.0,757,5,1002.9,1144,7,1002.8,1135,11,1003.6,257,4,1003.7,461,6,1003.8,1127,6,1003.9,1447,12,1004.0,756,20
317,2025-11-26 11:22:54+05:30,1003.3,6,997.4,4820818,422832.0,484663.0,986.2,1004.2,981.3,986.2,120657750,1084.8,887.6,1102.5,649.1,1003.5,74,1,1003.1,329,3,1003.0,757,5,1002.9,1144,7,1002.8,1135,11,1003.6,257,4,1003.7,461,6,1003.8,1127,6,1003.9,1447,12,1004.0,756,20
317,2025-11-26 11:22:54+05:30,1003.3,6,997.4,4821325,423817.0,483611.0,986.2,1004.2,981.3,986.2,120657750,1084.8,887.6,1102.5,649.1,1003.2,424,3,1003.1,980,5,1003.0,443,6,1002.9,749,11,1002.8,1813,14,1003.6,50,1,1003.7,707,5,1003.8,1350,7,1003.9,1374,11,1004.0,926,20
317,2025-11-26 11:22:55+05:30,1003.2,94,997.4,4821325,423817.0,483611.0,986.2,1004.2,981.3,986.2,120657750,1084.8,887.6,1102.5,649.1,1003.2,424,3,1003.1,980,5,1003.0,443,6,1002.9,749,11,1002.8,1813,14,1003.6,50,1,1003.7,707,5,1003.8,1350,7,1003.9,1374,11,1004.0,926,20
317,2025-11-26 11:22:55+05:30,1003.2,94,997.4,4821444,423143.0,483802.0,986.2,1004.2,981.3,986.2,120657750,1084.8,887.6,1102.5,649.1,1003.2,87,1,1003.1,458,5,1003.0,1042,7,1002.9,773,11,1002.8,1707,12,1003.6,50,1,1003.7,822,4,1003.8,1461,9,1003.9,1445,13,1004.0,939,21
317,2025-11-26 11:22:56+05:30,1003.6,29,997.4,4821444,423143.0,483802.0,986.2,1004.2,981.3,986.2,120657750,1084.8,887.6,1102.5,649.1,1003.2,87,1,1003.1,458,5,1003.0,1042,7,1002.9,773,11,1002.8,1707,12,1003.6,50,1,1003.7,822,4,1003.8,1461,9,1003.9,1445,13,1004.0,939,21
317,2025-11-26 11:22:56+05:30,1003.6,29,997.4,4821473,424100.0,483994.0,986.2,1004.2,981.3,986.2,120657750,1084.8,887.6,1102.5,649.1,1003.2,319,3,1003.1,647,5,1003.0,1107,9,1002.9,773,11,1002.8,1707,12,1003.5,100,1,1003.6,21,1,1003.7,750,3,1003.8,1240,7,1003.9,1453,14
317,2025-11-26 11:22:57+05:30,1003.5,10,997.4,4821488,424070.0,484008.0,986.2,1004.2,981.3,986.2,120657750,1084.8,887.6,1102.5,649.1,1003.2,314,3,1003.1,647,5,1003.0,1107,9,1002.9,773,11,1002.8,1733,13,1003.5,90,1,1003.6,21,1,1003.7,808,4,1003.8,1240,7,1003.9,1453,14
317,2025-11-26 11:22:58+05:30,1003.5,10,997.4,4821488,424070.0,484008.0,986.2,1004.2,981.3,986.2,120657750,1084.8,887.6,1102.5,649.1,1003.2,314,3,1003.1,647,5,1003.0,1107,9,1002.9,773,11,1002.8,1733,13,1003.5,90,1,1003.6,21,1,1003.7,808,4,1003.8,1240,7,1003.9,1453,14
317,2025-11-26 11:22:58+05:30,1003.2,5,997.4,4821506,423916.0,483996.0,986.2,1004.2,981.3,986.2,120657750,1084.8,887.6,1102.5,649.1,1003.2,107,3,1003.1,647,5,1003.0,1107,9,1002.9,773,11,1002.8,1733,13,1003.5,78,1,1003.6,21,1,1003.7,808,4,1003.8,1240,7,1003.9,1453,14
317,2025-11-26 11:22:59+05:30,1003.5,78,997.4,4821506,423916.0,483996.0,986.2,1004.2,981.3,986.2,120657750,1084.8,887.6,1102.5,649.1,1003.2,107,3,1003.1,647,5,1003.0,1107,9,1002.9,773,11,1002.8,1733,13,1003.5,78,1,1003.6,21,1,1003.7,808,4,1003.8,1240,7,1003.9,1453,14
317,2025-11-26 11:22:59+05:30,1003.5,78,997.4,4821584,424608.0,484412.0,986.2,1004.2,981.3,986.2,120657750,1084.8,887.6,1102.5,649.1,1003.5,19,1,1003.3,5,1,1003.2,279,3,1003.1,1281,7,1003.0,650,9,1003.6,21,1,1003.7,340,5,1003.8,1240,7,1003.9,1476,15,1004.0,833,17
317,2025-11-26 11:23:00+05:30,1003.3,5,997.4,4821584,424608.0,484412.0,986.2,1004.2,981.3,986.2,120657750,1084.8,887.6,1102.5,649.1,1003.5,19,1,1003.3,5,1,1003.2,279,3,1003.1,1281,7,1003.0,650,9,1003.6,21,1,1003.7,340,5,1003.8,1240,7,1003.9,1476,15,1004.0,833,17
317,2025-11-26 11:23:00+05:30,1003.5,12,997.4,4821812,424652.0,484897.0,986.2,1004.2,981.3,986.2,120657750,1084.8,887.6,1102.5,649.1,1003.3,5,1,1003.2,117,3,1003.1,1124,5,1003.0,721,8,1002.9,732,8,1003.5,114,2,1003.6,64,2,1003.7,383,6,1003.8,1359,8,1003.9,1396,12
317,2025-11-26 11:23:01+05:30,1003.5,22,997.4,4821812,424652.0,484897.0,986.2,1004.2,981.3,986.2,120657750,1084.8,887.6,1102.5,649.1,1003.3,5,1,1003.2,117,3,1003.1,1124,5,1003.0,721,8,1002.9,732,8,1003.5,114,2,1003.6,64,2,1003.7,383,6,1003.8,1359,8,1003.9,1396,12
317,2025-11-26 11:23:01+05:30,1003.5,1,997.4,4821855,424641.0,485008.0,986.2,1004.2,981.3,986.2,120657750,1084.8,887.6,1102.5,649.1,1003.3,5,1,1003.2,116,2,1003.1,1124,5,1003.0,721,8,1002.9,732,8,1003.5,119,2,1003.6,21,1,1003.7,482,8,1003.8,1359,8,1003.9,1404,13
317,2025-11-26 11:23:02+05:30,1003.5,2,997.4,4821855,424641.0,485008.0,986.2,1004.2,981.3,986.2,120657750,1084.8,887.6,1102.5,649.1,1003.3,5,1,1003.2,116,2,1003.1,1124,5,1003.0,721,8,1002.9,732,8,1003.5,119,2,1003.6,21,1,1003.7,482,8,1003.8,1359,8,1003.9,1404,13
317,2025-11-26 11:23:02+05:30,1003.5,2,997.4,4821857,424599.0,485038.0,986.2,1004.2,981.3,986.2,120657750,1084.8,887.6,1102.5,649.1,1003.3,5,1,1003.2,116,2,1003.1,1124,5,1003.0,683,7,1002.9,732,8,1003.5,117,2,1003.6,21,1,1003.7,1064,9,1003.8,1359,8,1003.9,1404,13
317,2025-11-26 11:23:03+05:30,1003.5,656,997.4,4821857,424599.0,485038.0,986.2,1004.2,981.3,986.2,120657750,1084.8,887.6,1102.5,649.1,1003.3,5,1,1003.2,116,2,1003.1,1124,5,1003.0,683,7,1002.9,732,8,1003.5,117,2,1003.6,21,1,1003.7,1064,9,1003.8,1359,8,1003.9,1404,13
317,2025-11-26 11:23:03+05:30,1003.5,1,997.4,4822631,425741.0,484361.0,986.2,1004.2,981.3,986.2,120657750,1084.8,887.6,1102.5,649.1,1003.5,226,1,1003.3,5,1,1003.2,318,4,1003.1,1281,7,1003.0,1067,9,1003.6,27,2,1003.7,116,3,1003.8,1279,8,1003.9,1461,14,1004.0,761,15
317,2025-11-26 11:23:04+05:30,1003.5,23,997.4,4822631,425741.0,484361.0,986.2,1004.2,981.3,986.2,120657750,1084.8,887.6,1102.5,649.1,1003.5,226,1,1003.3,5,1,1003.2,318,4,1003.1,1281,7,1003.0,1067,9,1003.6,27,2,1003.7,116,3,1003.8,1279,8,1003.9,1461,14,1004.0,761,15
317,2025-11-26 11:23:04+05:30,1003.5,23,997.4,4822952,425178.0,484310.0,986.2,1004.2,981.3,986.2,120657750,1084.8,887.6,1102.5,649.1,1003.5,193,1,1003.3,207,2,1003.2,944,5,1003.1,857,8,1003.0,1153,11,1003.7,28,1,1003.8,1019,4,1003.9,1423,12,1004.0,758,15,1004.1,1304,14
317,2025-11-26 11:23:05+05:30,1003.5,135,997.4,4822952,425178.0,484310.0,986.2,1004.2,981.3,986.2,120657750,1084.8,887.6,1102.5,649.1,1003.5,193,1,1003.3,207,2,1003.2,944,5,1003.1,857,8,1003.0,1153,11,1003.7,28,1,1003.8,1019,4,1003.9,1423,12,1004.0,758,15,1004.1,1304,14
317,2025-11-26 11:23:05+05:30,1003.8,1,997.4,4823113,425060.0,483244.0,986.2,1004.2,981.3,986.2,120657750,1084.8,887.6,1102.5,649.1,1003.5,58,1,1003.4,30,1,1003.3,207,2,1003.2,970,5,1003.1,655,7,1003.8,993,4,1003.9,1423,12,1004.0,772,14,1004.1,1243,13,1004.2,9460,19
317,2025-11-26 11:23:06+05:30,1003.8,1,997.4,4823113,425060.0,483244.0,986.2,1004.2,981.3,986.2,120657750,1084.8,887.6,1102.5,649.1,1003.5,58,1,1003.4,30,1,1003.3,207,2,1003.2,970,5,1003.1,655,7,1003.8,993,4,1003.9,1423,12,1004.0,772,14,1004.1,1243,13,1004.2,9460,19
317,2025-11-26 11:23:07+05:30,1003.8,1,997.4,4823114,425196.0,483535.0,986.2,1004.2,981.3,986.2,120657750,1084.8,887.6,1102.5,649.1,1003.5,71,2,1003.4,30,1,1003.3,277,3,1003.2,970,5,1003.1,655,7,1003.8,1017,5,1003.9,2017,15,1004.0,729,13,1004.1,761,12,1004.2,9468,20
317,2025-11-26 11:23:07+05:30,1003.8,1,997.4,4823114,425196.0,483535.0,986.2,1004.2,981.3,986.2,120657750,1084.8,887.6,1102.5,649.1,1003.5,71,2,1003.4,30,1,1003.3,277,3,1003.2,970,5,1003.1,655,7,1003.8,1017,5,1003.9,2017,15,1004.0,729,13,1004.1,761,12,1004.2,9468,20
317,2025-11-26 11:23:08+05:30,1003.8,1,997.4,4823114,425108.0,483718.0,986.2,1004.2,981.3,986.2,120657750,1084.8,887.6,1102.5,649.1,1003.5,71,2,1003.3,277,3,1003.2,400,4,1003.1,1134,8,1003.0,1166,12,1003.8,1152,8,1003.9,1980,14,1004.0,682,14,1004.1,735,10,1004.2,9468,20
317,2025-11-26 11:23:09+05:30,1003.8,125,997.4,4823299,425080.0,483664.0,986.2,1004.2,981.3,986.2,120657750,1084.8,887.6,1102.5,649.1,1003.5,71,2,1003.3,277,3,1003.2,400,4,1003.1,1134,8,1003.0,1166,12,1003.8,999,6,1003.9,2073,15,1004.0,642,12,1004.1,776,13,1004.2,9468,20
317,2025-11-26 11:23:09+05:30,1003.8,125,997.4,4823299,425080.0,483664.0,986.2,1004.2,981.3,986.2,120657750,1084.8,887.6,1102.5,649.1,1003.5,71,2,1003.3,277,3,1003.2,400,4,1003.1,1134,8,1003.0,1166,12,1003.8,999,6,1003.9,2073,15,1004.0,642,12,1004.1,776,13,1004.2,9468,20
317,2025-11-26 11:23:10+05:30,1003.8,2,997.4,4823301,425449.0,484258.0,986.2,1004.2,981.3,986.2,120657750,1084.8,887.6,1102.5,649.1,1003.5,71,2,1003.3,277,3,1003.2,347,4,1003.1,1145,8,1003.0,831,11,1003.6,96,1,1003.8,997,6,1003.9,1977,13,1004.0,598,11,1004.1,776,13
317,2025-11-26 11:23:10+05:30,1003.8,2,997.4,4823301,425449.0,484258.0,986.2,1004.2,981.3,986.2,120657750,1084.8,887.6,1102.5,649.1,1003.5,71,2,1003.3,277,3,1003.2,347,4,1003.1,1145,8,1003.0,831,11,1003.6,96,1,1003.8,997,6,1003.9,1977,13,1004.0,598,11,1004.1,776,13
317,2025-11-26 11:23:11+05:30,1003.8,2,997.4,4823301,425396.0,484258.0,986.2,1004.2,981.3,986.2,120657750,1084.8,887.6,1102.5,649.1,1003.5,71,2,1003.3,277,3,1003.2,347,4,1003.1,1145,8,1003.0,831,11,1003.6,96,1,1003.8,997,6,1003.9,1977,13,1004.0,648,12,1004.1,776,13
317,2025-11-26 11:23:12+05:30,1003.8,2,997.4,4823301,425396.0,485086.0,986.2,1004.2,981.3,986.2,120657750,1084.8,887.6,1102.5,649.1,1003.5,71,2,1003.3,277,3,1003.2,347,4,1003.1,1145,8,1003.0,831,11,1003.6,96,1,1003.8,948,5,1003.9,1928,12,1004.0,650,13,1004.1,776,13
317,2025-11-26 11:23:13+05:30,1003.8,2,997.4,4823301,424930.0,485892.0,986.2,1004.2,981.3,986.2,120657750,1084.8,887.6,1102.5,649.1,1003.5,71,2,1003.3,75,2,1003.2,294,3,1003.1,1090,7,1003.0,749,8,1003.6,96,1,1003.7,236,5,1003.8,1552,8,1003.9,1947,13,1004.0,660,13
317,2025-11-26 11:23:14+05:30,1003.6,112,997.4,4823605,424885.0,485799.0,986.2,1004.2,981.3,986.2,120657750,1084.8,887.6,1102.5,649.1,1003.5,71,2,1003.3,75,2,1003.2,294,3,1003.1,1192,9,1003.0,863,13,1003.6,96,1,1003.7,49,1,1003.8,1413,5,1003.9,2076,15,1004.0,701,14
317,2025-11-26 11:23:14+05:30,1003.6,86,997.4,4823605,424885.0,485799.0,986.2,1004.2,981.3,986.2,120657750,1084.8,887.6,1102.5,649.1,1003.5,71,2,1003.3,75,2,1003.2,294,3,1003.1,1192,9,1003.0,863,13,1003.6,96,1,1003.7,49,1,1003.8,1413,5,1003.9,2076,15,1004.0,701,14
317,2025-11-26 11:23:15+05:30,1003.5,20,997.4,4823782,424459.0,485734.0,986.2,1004.2,981.3,986.2,120657750,1084.8,887.6,1102.5,649.1,1003.3,75,2,1003.2,372,4,1003.1,729,8,1003.0,1441,14,1002.9,883,13,1003.5,63,1,1003.7,614,2,1003.8,882,5,1003.9,1981,14,1004.0,818,17
317,2025-11-26 11:23:15+05:30,1003.2,39,997.4,4823782,424459.0,485734.0,986.2,1004.2,981.3,986.2,120657750,1084.8,887.6,1102.5,649.1,1003.3,75,2,1003.2,372,4,1003.1,729,8,1003.0,1441,14,1002.9,883,13,1003.5,63,1,1003.7,614,2,1003.8,882,5,1003.9,1981,14,1004.0,818,17
317,2025-11-26 11:23:16+05:30,1003.2,39,997.4,4823917,423904.0,486600.0,986.2,1004.2,981.3,986.2,120657750,1084.8,887.6,1102.5,649.1,1003.2,77,2,1003.1,519,5,1003.0,741,11,1002.9,1318,10,1002.8,1712,13,1003.5,126,3,1003.6,351,5,1003.7,966,8,1003.8,1060,6,1003.9,1475,14
317,2025-11-26 11:23:16+05:30,1003.5,1,997.4,4823917,423904.0,486600.0,986.2,1004.2,981.3,986.2,120657750,1084.8,887.6,1102.5,649.1,1003.2,77,2,1003.1,519,5,1003.0,741,11,1002.9,1318,10,1002.8,1712,13,1003.5,126,3,1003.6,351,5,1003.7,966,8,1003.8,1060,6,1003.9,1475,14
317,2025-11-26 11:23:17+05:30,1003.5,10,997.4,4823928,423974.0,486589.0,986.2,1004.2,981.3,986.2,120657750,1084.8,887.6,1102.5,649.1,1003.2,77,2,1003.1,519,5,1003.0,741,11,1002.9,1318,10,1002.8,1745,14,1003.5,115,3,1003.6,351,5,1003.7,979,9,1003.8,1060,6,1003.9,1462,13
317,2025-11-26 11:23:17+05:30,1003.6,289,997.4,4823928,423974.0,486589.0,986.2,1004.2,981.3,986.2,120657750,1084.8,887.6,1102.5,649.1,1003.2,77,2,1003.1,519,5,1003.0,741,11,1002.9,1318,10,1002.8,1745,14,1003.5,115,3,1003.6,351,5,1003.7,979,9,1003.8,1060,6,1003.9,1462,13
317,2025-11-26 11:23:17+05:30,1003.6,289,997.41,4824678,422158.0,485607.0,986.2,1004.2,981.3,986.2,120657750,1084.8,887.6,1102.5,649.1,1003.3,5,1,1003.2,77,2,1003.1,519,5,1003.0,671,9,1002.9,787,11,1003.7,1005,10,1003.8,1118,8,1003.9,1366,11,1004.0,853,15,1004.1,595,12
317,2025-11-26 11:23:18+05:30,1003.1,19,997.41,4824678,422158.0,485607.0,986.2,1004.2,981.3,986.2,120657750,1084.8,887.6,1102.5,649.1,1003.3,5,1,1003.2,77,2,1003.1,519,5,1003.0,671,9,1002.9,787,11,1003.7,1005,10,1003.8,1118,8,1003.9,1366,11,1004.0,853,15,1004.1,595,12
317,2025-11-26 11:23:19+05:30,1003.6,25,997.41,4825025,421109.0,485620.0,986.2,1004.2,981.3,986.2,120657750,1084.8,887.6,1102.5,649.1,1003.2,87,1,1003.1,205,3,1003.0,492,4,1002.9,702,12,1002.8,775,11,1003.7,958,10,1003.8,1401,9,1003.9,1388,12,1004.0,1224,22,1004.1,606,11
317,2025-11-26 11:23:19+05:30,1003.6,25,997.41,4825025,421109.0,485620.0,986.2,1004.2,981.3,986.2,120657750,1084.8,887.6,1102.5,649.1,1003.2,87,1,1003.1,205,3,1003.0,492,4,1002.9,702,12,1002.8,775,11,1003.7,958,10,1003.8,1401,9,1003.9,1388,12,1004.0,1224,22,1004.1,606,11
317,2025-11-26 11:23:20+05:30,1003.6,25,997.41,4825025,421790.0,486283.0,986.2,1004.2,981.3,986.2,120657750,1084.8,887.6,1102.5,649.1,1003.3,30,1,1003.2,87,1,1003.1,205,3,1003.0,492,4,1002.9,685,11,1003.7,912,11,1003.8,1401,9,1003.9,1365,11,1004.0,1183,21,1004.1,606,11
317,2025-11-26 11:23:20+05:30,1003.5,22,997.41,4825025,421790.0,486283.0,986.2,1004.2,981.3,986.2,120657750,1084.8,887.6,1102.5,649.1,1003.3,30,1,1003.2,87,1,1003.1,205,3,1003.0,492,4,1002.9,685,11,1003.7,912,11,1003.8,1401,9,1003.9,1365,11,1004.0,1183,21,1004.1,606,11
317,2025-11-26 11:23:21+05:30,1003.5,22,997.41,4825823,420650.0,487214.0,986.2,1004.2,981.3,986.2,120657750,1084.8,887.6,1102.5,649.1,1003.1,16,1,1003.0,131,2,1002.9,454,8,1002.8,679,10,1002.7,1027,11,1003.5,206,5,1003.6,415,6,1003.7,966,10,1003.8,1377,9,1003.9,1204,10
317,2025-11-26 11:23:22+05:30,1003.1,1,997.41,4825831,420618.0,487215.0,986.2,1004.2,981.3,986.2,120657750,1084.8,887.6,1102.5,649.1,1003.1,8,1,1003.0,131,2,1002.9,454,8,1002.8,679,10,1002.7,1027,11,1003.5,206,5,1003.6,415,6,1003.7,1031,12,1003.8,1416,9,1003.9,1256,11
317,2025-11-26 11:23:22+05:30,1003.5,63,997.41,4825831,420618.0,487215.0,986.2,1004.2,981.3,986.2,120657750,1084.8,887.6,1102.5,649.1,1003.1,8,1,1003.0,131,2,1002.9,454,8,1002.8,679,10,1002.7,1027,11,1003.5,206,5,1003.6,415,6,1003.7,1031,12,1003.8,1416,9,1003.9,1256,11
317,2025-11-26 11:23:23+05:30,1003.1,1,997.41,4826794,421133.0,486144.0,986.2,1004.2,981.3,986.2,120657750,1084.8,887.6,1102.5,649.1,1003.1,414,6,1003.0,621,8,1002.9,628,7,1002.8,784,11,1002.7,954,13,1003.5,82,1,1003.6,86,1,1003.7,1012,8,1003.8,1292,6,1003.9,1434,12
317,2025-11-26 11:23:23+05:30,1003.1,1,997.41,4826794,421133.0,486144.0,986.2,1004.2,981.3,986.2,120657750,1084.8,887.6,1102.5,649.1,1003.1,414,6,1003.0,621,8,1002.9,628,7,1002.8,784,11,1002.7,954,13,1003.5,82,1,1003.6,86,1,1003.7,1012,8,1003.8,1292,6,1003.9,1434,12
317,2025-11-26 11:23:24+05:30,1003.5,184,997.41,4826978,421916.0,486293.0,986.2,1004.2,981.3,986.2,120657750,1084.8,887.6,1102.5,649.1,1003.1,844,10,1003.0,673,9,1002.9,991,9,1002.8,784,11,1002.7,1026,13,1003.5,96,1,1003.7,943,6,1003.8,1318,8,1003.9,1421,11,1004.0,758,14
317,2025-11-26 11:23:24+05:30,1003.1,23,997.41,4826978,421916.0,486293.0,986.2,1004.2,981.3,986.2,120657750,1084.8,887.6,1102.5,649.1,1003.1,844,10,1003.0,673,9,1002.9,991,9,1002.8,784,11,1002.7,1026,13,1003.5,96,1,1003.7,943,6,1003.8,1318,8,1003.9,1421,11,1004.0,758,14
317,2025-11-26 11:23:25+05:30,1003.5,87,997.41,4827482,423433.0,484143.0,986.2,1004.2,981.3,986.2,120657750,1084.8,887.6,1102.5,649.1,1003.5,663,1,1003.3,5,1,1003.2,30,1,1003.1,450,4,1003.0,329,8,1003.7,129,3,1003.8,1367,10,1003.9,1506,12,1004.0,759,12,1004.1,530,13
317,2025-11-26 11:23:25+05:30,1003.5,87,997.41,4827482,423433.0,484143.0,986.2,1004.2,981.3,986.2,120657750,1084.8,887.6,1102.5,649.1,1003.5,663,1,1003.3,5,1,1003.2,30,1,1003.1,450,4,1003.0,329,8,1003.7,129,3,1003.8,1367,10,1003.9,1506,12,1004.0,759,12,1004.1,530,13
317,2025-11-26 11:23:26+05:30,1003.7,25,997.41,4827507,422992.0,484158.0,986.2,1004.2,981.3,986.2,120657750,1084.8,887.6,1102.5,649.1,1003.5,663,1,1003.3,35,2,1003.2,178,1,1003.1,450,4,1003.0,329,8,1003.7,104,3,1003.8,1330,9,1003.9,1535,13,1004.0,796,13,1004.1,708,14
317,2025-11-26 11:23:26+05:30,1003.5,135,997.41,4827507,422992.0,484158.0,986.2,1004.2,981.3,986.2,120657750,1084.8,887.6,1102.5,649.1,1003.5,663,1,1003.3,35,2,1003.2,178,1,1003.1,450,4,1003.0,329,8,1003.7,104,3,1003.8,1330,9,1003.9,1535,13,1004.0,796,13,1004.1,708,14
317,2025-11-26 11:23:27+05:30,1003.5,278,997.41,4827920,422302.0,485188.0,986.2,1004.2,981.3,986.2,120657750,1084.8,887.6,1102.5,649.1,1003.5,255,2,1003.1,450,4,1003.0,312,6,1002.9,1334,13,1002.8,863,16,1003.7,208,6,1003.8,1330,9,1003.9,1447,12,1004.0,808,13,1004.1,1006,16
317,2025-11-26 11:23:27+05:30,1003.5,278,997.41,4827920,422302.0,485188.0,986.2,1004.2,981.3,986.2,120657750,1084.8,887.6,1102.5,649.1,1003.5,255,2,1003.1,450,4,1003.0,312,6,1002.9,1334,13,1002.8,863,16,1003.7,208,6,1003.8,1330,9,1003.9,1447,12,1004.0,808,13,1004.1,1006,16
317,2025-11-26 11:23:28+05:30,1003.5,278,997.41,4827920,422329.0,485315.0,986.2,1004.2,981.3,986.2,120657750,1084.8,887.6,1102.5,649.1,1003.5,255,2,1003.1,450,4,1003.0,312,6,1002.9,1334,13,1002.8,863,16,1003.7,157,4,1003.8,1332,10,1003.9,1447,12,1004.0,808,13,1004.1,1006,16
317,2025-11-26 11:23:28+05:30,1003.5,135,997.41,4827920,422329.0,485315.0,986.2,1004.2,981.3,986.2,120657750,1084.8,887.6,1102.5,649.1,1003.5,255,2,1003.1,450,4,1003.0,312,6,1002.9,1334,13,1002.8,863,16,1003.7,157,4,1003.8,1332,10,1003.9,1447,12,1004.0,808,13,1004.1,1006,16
317,2025-11-26 11:23:29+05:30,1003.7,46,997.41,4828240,423179.0,485181.0,986.2,1004.2,981.3,986.2,120657750,1084.8,887.6,1102.5,649.1,1003.5,120,2,1003.2,385,3,1003.1,450,4,1003.0,709,8,1002.9,1347,14,1003.7,49,1,1003.8,1231,8,1003.9,1554,14,1004.0,828,14,1004.1,778,13
317,2025-11-26 11:23:29+05:30,1003.7,46,997.41,4828240,423179.0,485181.0,986.2,1004.2,981.3,986.2,120657750,1084.8,887.6,1102.5,649.1,1003.5,120,2,1003.2,385,3,1003.1,450,4,1003.0,709,8,1002.9,1347,14,1003.7,49,1,1003.8,1231,8,1003.9,1554,14,1004.0,828,14,1004.1,778,13
317,2025-11-26 11:23:30+05:30,1003.6,115,997.41,4828240,423179.0,485181.0,986.2,1004.2,981.3,986.2,120657750,1084.8,887.6,1102.5,649.1,1003.5,120,2,1003.2,385,3,1003.1,450,4,1003.0,709,8,1002.9,1347,14,1003.7,49,1,1003.8,1231,8,1003.9,1554,14,1004.0,828,14,1004.1,778,13
317,2025-11-26 11:23:30+05:30,1003.6,115,997.41,4828355,424041.0,485204.0,986.2,1004.2,981.3,986.2,120657750,1084.8,887.6,1102.5,649.1,1003.5,5,1,1003.3,202,1,1003.2,385,3,1003.1,551,6,1003.0,734,9,1003.6,96,1,1003.7,49,1,1003.8,1151,6,1003.9,1502,13,1004.0,830,15
317,2025-11-26 11:23:31+05:30,1003.3,1,997.41,4828355,424041.0,485204.0,986.2,1004.2,981.3,986.2,120657750,1084.8,887.6,1102.5,649.1,1003.5,5,1,1003.3,202,1,1003.2,385,3,1003.1,551,6,1003.0,734,9,1003.6,96,1,1003.7,49,1,1003.8,1151,6,1003.9,1502,13,1004.0,830,15
317,2025-11-26 11:23:31+05:30,1003.3,1,997.41,4828363,423133.0,485437.0,986.2,1004.2,981.3,986.2,120657750,1084.8,887.6,1102.5,649.1,1003.2,463,4,1003.1,569,7,1003.0,709,8,1002.9,1250,13,1002.8,905,13,1003.6,96,1,1003.7,602,2,1003.8,1332,7,1003.9,1388,11,1004.0,1027,16
317,2025-11-26 11:23:32+05:30,1003.3,1,997.41,4828363,422999.0,485408.0,986.2,1004.2,981.3,986.2,120657750,1084.8,887.6,1102.5,649.1,1003.2,463,4,1003.1,541,6,1003.0,709,8,1002.9,1250,13,1002.8,905,13,1003.6,96,1,1003.7,603,3,1003.8,1332,7,1003.9,1439,12,1004.0,1100,17
317,2025-11-26 11:23:33+05:30,1003.3,1,997.41,4828363,423168.0,485445.0,986.2,1004.2,981.3,986.2,120657750,1084.8,887.6,1102.5,649.1,1003.2,385,3,1003.1,541,6,1003.0,709,8,1002.9,737,13,1002.8,1544,15,1003.6,96,1,1003.7,603,3,1003.8,1332,7,1003.9,1439,12,1004.0,1100,17
317,2025-11-26 11:23:34+05:30,1003.2,94,997.41,4828363,423168.0,485445.0,986.2,1004.2,981.3,986.2,120657750,1084.8,887.6,1102.5,649.1,1003.2,385,3,1003.1,541,6,1003.0,709,8,1002.9,737,13,1002.8,1544,15,1003.6,96,1,1003.7,603,3,1003.8,1332,7,1003.9,1439,12,1004.0,1100,17
317,2025-11-26 11:23:34+05:30,1003.2,94,997.41,4829048,422987.0,485193.0,986.2,1004.2,981.3,986.2,120657750,1084.8,887.6,1102.5,649.1,1003.2,89,2,1003.1,1071,6,1003.0,377,8,1002.9,724,12,1002.8,1544,15,1003.6,96,1,1003.7,754,4,1003.8,1273,7,1003.9,1395,12,1004.0,1100,17
317,2025-11-26 11:23:35+05:30,1003.6,21,997.41,4829048,422987.0,485193.0,986.2,1004.2,981.3,986.2,120657750,1084.8,887.6,1102.5,649.1,1003.2,89,2,1003.1,1071,6,1003.0,377,8,1002.9,724,12,1002.8,1544,15,1003.6,96,1,1003.7,754,4,1003.8,1273,7,1003.9,1395,12,1004.0,1100,17
317,2025-11-26 11:23:35+05:30,1003.6,21,997.41,4830105,422163.0,485866.0,986.2,1004.2,981.3,986.2,120657750,1084.8,887.6,1102.5,649.1,1003.2,117,2,1003.1,492,5,1003.0,1073,11,1002.9,642,13,1002.8,1261,11,1003.6,87,2,1003.7,854,5,1003.8,1274,7,1003.9,1433,13,1004.0,1057,16
317,2025-11-26 11:23:36+05:30,1003.1,13,997.41,4830105,422163.0,485866.0,986.2,1004.2,981.3,986.2,120657750,1084.8,887.6,1102.5,649.1,1003.2,117,2,1003.1,492,5,1003.0,1073,11,1002.9,642,13,1002.8,1261,11,1003.6,87,2,1003.7,854,5,1003.8,1274,7,1003.9,1433,13,1004.0,1057,16
317,2025-11-26 11:23:36+05:30,1003.1,13,997.41,4830296,420972.0,486774.0,986.2,1004.2,981.3,986.2,120657750,1084.8,887.6,1102.5,649.1,1003.1,436,4,1003.0,566,10,1002.9,642,13,1002.8,730,11,1002.7,762,9,1003.6,185,5,1003.7,1443,7,1003.8,1274,7,1003.9,1399,12,1004.0,1117,17
317,2025-11-26 11:23:37+05:30,1003.1,71,997.41,4830296,420972.0,486774.0,986.2,1004.2,981.3,986.2,120657750,1084.8,887.6,1102.5,649.1,1003.1,436,4,1003.0,566,10,1002.9,642,13,1002.8,730,11,1002.7,762,9,1003.6,185,5,1003.7,1443,7,1003.8,1274,7,1003.9,1399,12,1004.0,1117,17
317,2025-11-26 11:23:37+05:30,1003.5,142,997.41,4830707,419214.0,488320.0,986.2,1004.2,981.3,986.2,120657750,1084.8,887.6,1102.5,649.1,1003.0,46,4,1002.9,550,11,1002.8,533,7,1002.7,867,9,1002.6,776,9,1003.5,79,2,1003.6,1011,9,1003.7,1176,8,1003.8,1335,9,1003.9,1730,16
317,2025-11-26 11:23:38+05:30,1003.7,30,997.41,4830707,419214.0,488320.0,986.2,1004.2,981.3,986.2,120657750,1084.8,887.6,1102.5,649.1,1003.0,46,4,1002.9,550,11,1002.8,533,7,1002.7,867,9,1002.6,776,9,1003.5,79,2,1003.6,1011,9,1003.7,1176,8,1003.8,1335,9,1003.9,1730,16
317,2025-11-26 11:23:38+05:30,1003.7,30,997.41,4831246,422194.0,486556.0,986.2,1004.2,981.3,986.2,120657750,1084.8,887.6,1102.5,649.1,1003.5,340,1,1003.1,303,4,1003.0,558,5,1002.9,1198,12,1002.8,1245,12,1003.7,629,2,1003.8,1327,8,1003.9,1523,14,1004.0,1059,16,1004.1,1000,11
317,2025-11-26 11:23:39+05:30,1003.7,82,997.41,4831246,422194.0,486556.0,986.2,1004.2,981.3,986.2,120657750,1084.8,887.6,1102.5,649.1,1003.5,340,1,1003.1,303,4,1003.0,558,5,1002.9,1198,12,1002.8,1245,12,1003.7,629,2,1003.8,1327,8,1003.9,1523,14,1004.0,1059,16,1004.1,1000,11
317,2025-11-26 11:23:39+05:30,1003.7,82,997.41,4831698,422384.0,486934.0,986.2,1004.2,981.3,986.2,120657750,1084.8,887.6,1102.5,649.1,1003.5,180,1,1003.1,352,5,1003.0,418,6,1002.9,1244,15,1002.8,1296,13,1003.7,595,4,1003.8,2346,11,1003.9,1443,12,1004.0,1025,15,1004.1,963,10
317,2025-11-26 11:23:40+05:30,1003.5,135,997.41,4831833,422665.0,486876.0,986.2,1004.2,981.3,986.2,120657750,1084.8,887.6,1102.5,649.1,1003.5,58,2,1003.1,290,3,1003.0,392,4,1002.9,1165,10,1002.8,1326,15,1003.6,206,3,1003.7,756,7,1003.8,2312,10,1003.9,1435,13,1004.0,1025,15
317,2025-11-26 11:23:40+05:30,1003.5,135,997.41,4831833,422665.0,486876.0,986.2,1004.2,981.3,986.2,120657750,1084.8,887.6,1102.5,649.1,1003.5,58,2,1003.1,290,3,1003.0,392,4,1002.9,1165,10,1002.8,1326,15,1003.6,206,3,1003.7,756,7,1003.8,2312,10,1003.9,1435,13,1004.0,1025,15
317,2025-11-26 11:23:41+05:30,1003.5,1,997.41,4832184,420553.0,488100.0,986.2,1004.2,981.3,986.2,120657750,1084.8,887.6,1102.5,649.1,1003.1,198,4,1003.0,308,2,1002.9,500,8,1002.8,937,13,1002.7,811,12,1003.5,86,1,1003.6,878,4,1003.7,1261,7,1003.8,2458,11,1003.9,1454,12
317,2025-11-26 11:23:41+05:30,1003.5,1,997.41,4832184,420553.0,488100.0,986.2,1004.2,981.3,986.2,120657750,1084.8,887.6,1102.5,649.1,1003.1,198,4,1003.0,308,2,1002.9,500,8,1002.8,937,13,1002.7,811,12,1003.5,86,1,1003.6,878,4,1003.7,1261,7,1003.8,2458,11,1003.9,1454,12
317,2025-11-26 11:23:42+05:30,1003.5,1,997.41,4832184,420582.0,488100.0,986.2,1004.2,981.3,986.2,120657750,1084.8,887.6,1102.5,649.1,1003.1,198,4,1003.0,308,2,1002.9,500,8,1002.8,937,13,1002.7,811,12,1003.5,86,1,1003.6,878,4,1003.7,1261,7,1003.8,2458,11,1003.9,1454,12
317,2025-11-26 11:23:43+05:30,1003.5,196,997.42,4832934,418189.0,488779.0,986.2,1004.2,981.3,986.2,120657750,1084.8,887.6,1102.5,649.1,1003.0,175,2,1002.9,417,5,1002.8,730,11,1002.7,922,12,1002.6,886,8,1003.5,108,2,1003.6,1283,13,1003.7,1531,12,1003.8,2651,14,1003.9,1488,13
317,2025-11-26 11:23:43+05:30,1003.5,196,997.42,4832934,418189.0,488779.0,986.2,1004.2,981.3,986.2,120657750,1084.8,887.6,1102.5,649.1,1003.0,175,2,1002.9,417,5,1002.8,730,11,1002.7,922,12,1002.6,886,8,1003.5,108,2,1003.6,1283,13,1003.7,1531,12,1003.8,2651,14,1003.9,1488,13
317,2025-11-26 11:23:44+05:30,1003.1,43,997.42,4833373,419066.0,487744.0,986.2,1004.2,981.3,986.2,120657750,1084.8,887.6,1102.5,649.1,1003.1,54,2,1003.0,408,4,1002.9,714,7,1002.8,826,16,1002.7,669,8,1003.6,728,4,1003.7,1310,8,1003.8,2385,12,1003.9,1496,13,1004.0,1472,20
317,2025-11-26 11:23:44+05:30,1003.1,43,997.42,4833373,419066.0,487744.0,986.2,1004.2,981.3,986.2,120657750,1084.8,887.6,1102.5,649.1,1003.1,54,2,1003.0,408,4,1002.9,714,7,1002.8,826,16,1002.7,669,8,1003.6,728,4,1003.7,1310,8,1003.8,2385,12,1003.9,1496,13,1004.0,1472,20
317,2025-11-26 11:23:45+05:30,1003.1,29,997.42,4834596,419390.0,487711.0,986.2,1004.2,981.3,986.2,120657750,1084.8,887.6,1102.5,649.1,1003.1,5,1,1003.0,385,3,1002.9,599,5,1002.8,686,12,1002.7,760,13,1003.5,117,2,1003.6,793,4,1003.7,1138,11,1003.8,2375,10,1003.9,1450,12
317,2025-11-26 11:23:45+05:30,1003.1,29,997.42,4834596,419390.0,487711.0,986.2,1004.2,981.3,986.2,120657750,1084.8,887.6,1102.5,649.1,1003.1,5,1,1003.0,385,3,1002.9,599,5,1002.8,686,12,1002.7,760,13,1003.5,117,2,1003.6,793,4,1003.7,1138,11,1003.8,2375,10,1003.9,1450,12
317,2025-11-26 11:23:46+05:30,1002.9,16,997.42,4835002,418315.0,492115.0,986.2,1004.2,981.3,986.2,120657750,1084.8,887.6,1102.5,649.1,1002.9,184,1,1002.8,439,7,1002.7,843,14,1002.6,507,5,1002.5,780,11,1003.1,2,1,1003.3,79,2,1003.4,186,3,1003.5,655,6,1003.6,916,4
317,2025-11-26 11:23:46+05:30,1002.9,16,997.42,4835002,418315.0,492115.0,986.2,1004.2,981.3,986.2,120657750,1084.8,887.6,1102.5,649.1,1002.9,184,1,1002.8,439,7,1002.7,843,14,1002.6,507,5,1002.5,780,11,1003.1,2,1,1003.3,79,2,1003.4,186,3,1003.5,655,6,1003.6,916,4
317,2025-11-26 11:23:47+05:30,1003.5,13,997.42,4835025,419452.0,489970.0,986.2,1004.2,981.3,986.2,120657750,1084.8,887.6,1102.5,649.1,1003.0,87,1,1002.9,517,4,1002.8,696,7,1002.7,530,5,1002.6,871,13,1003.5,209,5,1003.6,1578,7,1003.7,1218,11,1003.8,2745,15,1003.9,1461,19
317,2025-11-26 11:23:47+05:30,1003.5,13,997.42,4835025,419452.0,489970.0,986.2,1004.2,981.3,986.2,120657750,1084.8,887.6,1102.5,649.1,1003.0,87,1,1002.9,517,4,1002.8,696,7,1002.7,530,5,1002.6,871,13,1003.5,209,5,1003.6,1578,7,1003.7,1218,11,1003.8,2745,15,1003.9,1461,19
317,2025-11-26 11:23:48+05:30,1003.5,50,997.42,4835704,425339.0,489625.0,986.2,1004.2,981.3,986.2,120657750,1084.8,887.6,1102.5,649.1,1003.5,71,1,1003.1,486,3,1003.0,659,3,1002.9,501,4,1002.8,1399,18,1003.6,881,5,1003.7,1168,10,1003.8,2475,12,1003.9,1572,20,1004.0,1941,17
317,2025-11-26 11:23:48+05:30,1003.5,50,997.42,4835704,425339.0,489625.0,986.2,1004.2,981.3,986.2,120657750,1084.8,887.6,1102.5,649.1,1003.5,71,1,1003.1,486,3,1003.0,659,3,1002.9,501,4,1002.8,1399,18,1003.6,881,5,1003.7,1168,10,1003.8,2475,12,1003.9,1572,20,1004.0,1941,17
317,2025-11-26 11:23:49+05:30,1003.6,186,997.42,4835921,425010.0,489128.0,986.2,1004.2,981.3,986.2,120657750,1084.8,887.6,1102.5,649.1,1003.5,71,1,1003.1,486,3,1003.0,659,3,1002.9,501,4,1002.8,1399,18,1003.6,632,4,1003.7,1116,10,1003.8,2380,11,1003.9,1501,19,1004.0,1941,17
317,2025-11-26 11:23:49+05:30,1003.1,71,997.42,4835921,425010.0,489128.0,986.2,1004.2,981.3,986.2,120657750,1084.8,887.6,1102.5,649.1,1003.5,71,1,1003.1,486,3,1003.0,659,3,1002.9,501,4,1002.8,1399,18,1003.6,632,4,1003.7,1116,10,1003.8,2380,11,1003.9,1501,19,1004.0,1941,17
317,2025-11-26 11:23:50+05:30,1003.6,1,997.42,4836064,422506.0,489238.0,986.2,1004.2,981.3,986.2,120657750,1084.8,887.6,1102.5,649.1,1003.0,180,3,1002.9,918,4,1002.8,663,9,1002.7,744,13,1002.6,843,9,1003.5,121,2,1003.6,846,8,1003.7,1702,12,1003.8,2522,12,1003.9,1683,21
317,2025-11-26 11:23:50+05:30,1003.5,84,997.42,4836064,422506.0,489238.0,986.2,1004.2,981.3,986.2,120657750,1084.8,887.6,1102.5,649.1,1003.0,180,3,1002.9,918,4,1002.8,663,9,1002.7,744,13,1002.6,843,9,1003.5,121,2,1003.6,846,8,1003.7,1702,12,1003.8,2522,12,1003.9,1683,21
317,2025-11-26 11:23:51+05:30,1003.0,2,997.42,4836150,422688.0,489414.0,986.2,1004.2,981.3,986.2,120657750,1084.8,887.6,1102.5,649.1,1003.0,376,4,1002.9,650,7,1002.8,662,9,1002.7,744,13,1002.6,843,9,1003.5,144,5,1003.6,1442,8,1003.7,1262,13,1003.8,2521,12,1003.9,1568,19
317,2025-11-26 11:23:51+05:30,1003.0,2,997.42,4836150,422688.0,489414.0,986.2,1004.2,981.3,986.2,120657750,1084.8,887.6,1102.5,649.1,1003.0,376,4,1002.9,650,7,1002.8,662,9,1002.7,744,13,1002.6,843,9,1003.5,144,5,1003.6,1442,8,1003.7,1262,13,1003.8,2521,12,1003.9,1568,19
317,2025-11-26 11:23:52+05:30,1003.0,2,997.42,4836150,422552.0,489567.0,986.2,1004.2,981.3,986.2,120657750,1084.8,887.6,1102.5,649.1,1003.0,174,3,1002.9,650,7,1002.8,810,10,1002.7,671,12,1002.6,843,9,1003.5,144,5,1003.6,1556,9,1003.7,1262,13,1003.8,2521,12,1003.9,1568,19
317,2025-11-26 11:23:52+05:30,1003.0,57,997.42,4836150,422552.0,489567.0,986.2,1004.2,981.3,986.2,120657750,1084.8,887.6,1102.5,649.1,1003.0,174,3,1002.9,650,7,1002.8,810,10,1002.7,671,12,1002.6,843,9,1003.5,144,5,1003.6,1556,9,1003.7,1262,13,1003.8,2521,12,1003.9,1568,19
317,2025-11-26 11:23:53+05:30,1003.0,57,997.42,4836292,423640.0,490060.0,986.2,1004.2,981.3,986.2,120657750,1084.8,887.6,1102.5,649.1,1003.0,1,1,1002.9,598,5,1002.8,1053,7,1002.7,620,11,1002.6,1060,11,1003.4,180,4,1003.5,619,11,1003.6,1606,10,1003.7,1215,11,1003.8,2627,15
317,2025-11-26 11:23:54+05:30,1003.4,96,997.42,4836588,423230.0,488717.0,986.2,1004.2,981.3,986.2,120657750,1084.8,887.6,1102.5,649.1,1003.1,151,2,1003.0,290,3,1002.9,814,7,1002.8,1053,7,1002.7,670,12,1003.5,166,5,1003.6,1210,6,1003.7,1157,10,1003.8,1944,9,1003.9,1508,20
317,2025-11-26 11:23:54+05:30,1003.4,96,997.42,4836588,423230.0,488717.0,986.2,1004.2,981.3,986.2,120657750,1084.8,887.6,1102.5,649.1,1003.1,151,2,1003.0,290,3,1002.9,814,7,1002.8,1053,7,1002.7,670,12,1003.5,166,5,1003.6,1210,6,1003.7,1157,10,1003.8,1944,9,1003.9,1508,20
317,2025-11-26 11:23:55+05:30,1003.1,12,997.42,4836712,423022.0,491848.0,986.2,1004.2,981.3,986.2,120657750,1084.8,887.6,1102.5,649.1,1003.0,185,2,1002.9,521,4,1002.8,521,7,1002.7,580,6,1002.6,512,13,1003.1,84,1,1003.4,53,2,1003.5,938,6,1003.6,922,10,1003.7,1202,11
317,2025-11-26 11:23:55+05:30,1003.1,12,997.42,4836712,423022.0,491848.0,986.2,1004.2,981.3,986.2,120657750,1084.8,887.6,1102.5,649.1,1003.0,185,2,1002.9,521,4,1002.8,521,7,1002.7,580,6,1002.6,512,13,1003.1,84,1,1003.4,53,2,1003.5,938,6,1003.6,922,10,1003.7,1202,11
317,2025-11-26 11:23:56+05:30,1003.1,264,997.42,4837482,422823.0,491638.0,986.2,1004.2,981.3,986.2,120657750,1084.8,887.6,1102.5,649.1,1003.0,1,1,1002.9,252,3,1002.8,148,3,1002.7,990,5,1002.6,459,5,1003.1,96,1,1003.2,56,1,1003.4,331,5,1003.5,1281,10,1003.6,886,9
317,2025-11-26 11:23:56+05:30,1003.1,264,997.42,4837482,422823.0,491638.0,986.2,1004.2,981.3,986.2,120657750,1084.8,887.6,1102.5,649.1,1003.0,1,1,1002.9,252,3,1002.8,148,3,1002.7,990,5,1002.6,459,5,1003.1,96,1,1003.2,56,1,1003.4,331,5,1003.5,1281,10,1003.6,886,9
317,2025-11-26 11:23:57+05:30,1003.1,264,997.42,4837482,423111.0,491435.0,986.2,1004.2,981.3,986.2,120657750,1084.8,887.6,1102.5,649.1,1003.0,17,2,1002.9,213,2,1002.8,365,5,1002.7,1019,6,1002.6,508,6,1003.1,96,1,1003.2,56,1,1003.4,282,4,1003.5,1307,12,1003.6,886,9
317,2025-11-26 11:23:57+05:30,1003.3,142,997.42,4837482,423111.0,491435.0,986.2,1004.2,981.3,986.2,120657750,1084.8,887.6,1102.5,649.1,1003.0,17,2,1002.9,213,2,1002.8,365,5,1002.7,1019,6,1002.6,508,6,1003.1,96,1,1003.2,56,1,1003.4,282,4,1003.5,1307,12,1003.6,886,9
317,2025-11-26 11:23:58+05:30,1003.3,142,997.42,4838244,424083.0,487510.0,986.2,1004.2,981.3,986.2,120657750,1084.8,887.6,1102.5,649.1,1003.3,101,1,1003.0,506,5,1002.9,502,4,1002.8,1716,9,1002.7,654,7,1003.5,150,6,1003.6,690,6,1003.7,900,9,1003.8,2015,10,1003.9,1486,17
317,2025-11-26 11:23:59+05:30,1003.6,34,997.42,4838400,425094.0,486685.0,986.2,1004.2,981.3,986.2,120657750,1084.8,887.6,1102.5,649.1,1003.5,19,1,1003.1,309,2,1003.0,505,4,1002.9,551,5,1002.8,2072,16,1003.6,639,6,1003.7,727,7,1003.8,1708,9,1003.9,1649,18,1004.0,1863,17
317,2025-11-26 11:23:59+05:30,1003.5,142,997.42,4838400,425094.0,486685.0,986.2,1004.2,981.3,986.2,120657750,1084.8,887.6,1102.5,649.1,1003.5,19,1,1003.1,309,2,1003.0,505,4,1002.9,551,5,1002.8,2072,16,1003.6,639,6,1003.7,727,7,1003.8,1708,9,1003.9,1649,18,1004.0,1863,17
317,2025-11-26 11:24:00+05:30,1003.5,22,997.42,4838564,422459.0,487641.0,986.2,1004.2,981.3,986.2,120657750,1084.8,887.6,1102.5,649.1,1003.1,87,1,1003.0,194,2,1002.9,991,5,1002.8,692,11,1002.7,682,11,1003.5,113,2,1003.6,1085,9,1003.7,1266,9,1003.8,1890,11,1003.9,1664,18
317,2025-11-26 11:24:00+05:30,1003.5,22,997.42,4838564,422459.0,487641.0,986.2,1004.2,981.3,986.2,120657750,1084.8,887.6,1102.5,649.1,1003.1,87,1,1003.0,194,2,1002.9,991,5,1002.8,692,11,1002.7,682,11,1003.5,113,2,1003.6,1085,9,1003.7,1266,9,1003.8,1890,11,1003.9,1664,18
317,2025-11-26 11:24:01+05:30,1003.1,68,997.42,4838714,422946.0,486386.0,986.2,1004.2,981.3,986.2,120657750,1084.8,887.6,1102.5,649.1,1003.1,87,2,1003.0,94,2,1002.9,1181,6,1002.8,728,12,1002.7,771,13,1003.5,146,3,1003.6,569,8,1003.7,1310,10,1003.8,1864,9,1003.9,1611,20
317,2025-11-26 11:24:01+05:30,1003.1,68,997.42,4838714,422946.0,486386.0,986.2,1004.2,981.3,986.2,120657750,1084.8,887.6,1102.5,649.1,1003.1,87,2,1003.0,94,2,1002.9,1181,6,1002.8,728,12,1002.7,771,13,1003.5,146,3,1003.6,569,8,1003.7,1310,10,1003.8,1864,9,1003.9,1611,20
317,2025-11-26 11:24:02+05:30,1003.1,31,997.42,4838764,424057.0,486399.0,986.2,1004.2,981.3,986.2,120657750,1084.8,887.6,1102.5,649.1,1003.1,63,2,1003.0,390,4,1002.9,1304,9,1002.8,702,10,1002.7,771,13,1003.5,74,1,1003.6,507,6,1003.7,1266,9,1003.8,1872,10,1003.9,1787,21
317,2025-11-26 11:24:02+05:30,1003.1,31,997.42,4838764,424057.0,486399.0,986.2,1004.2,981.3,986.2,120657750,1084.8,887.6,1102.5,649.1,1003.1,63,2,1003.0,390,4,1002.9,1304,9,1002.8,702,10,1002.7,771,13,1003.5,74,1,1003.6,507,6,1003.7,1266,9,1003.8,1872,10,1003.9,1787,21
317,2025-11-26 11:24:03+05:30,1003.1,31,997.42,4838764,424105.0,487373.0,986.2,1004.2,981.3,986.2,120657750,1084.8,887.6,1102.5,649.1,1003.1,57,3,1003.0,892,7,1002.9,729,6,1002.8,702,10,1002.7,826,14,1003.5,110,2,1003.6,596,8,1003.7,1335,12,1003.8,1872,10,1003.9,1761,19
317,2025-11-26 11:24:04+05:30,1003.5,76,997.42,4838950,423984.0,487370.0,986.2,1004.2,981.3,986.2,120657750,1084.8,887.6,1102.5,649.1,1003.1,57,3,1003.0,892,7,1002.9,729,6,1002.8,702,10,1002.7,826,14,1003.5,155,3,1003.6,645,9,1003.7,1334,12,1003.8,1872,10,1003.9,1761,19
317,2025-11-26 11:24:04+05:30,1003.5,76,997.42,4838950,423984.0,487370.0,986.2,1004.2,981.3,986.2,120657750,1084.8,887.6,1102.5,649.1,1003.1,57,3,1003.0,892,7,1002.9,729,6,1002.8,702,10,1002.7,826,14,1003.5,155,3,1003.6,645,9,1003.7,1334,12,1003.8,1872,10,1003.9,1761,19
317,2025-11-26 11:24:05+05:30,1003.4,87,997.42,4839868,423260.0,486902.0,986.2,1004.2,981.3,986.2,120657750,1084.8,887.6,1102.5,649.1,1003.0,16,1,1002.9,521,4,1002.8,595,9,1002.7,821,8,1002.6,1158,15,1003.5,439,5,1003.6,736,8,1003.7,1230,9,1003.8,1958,11,1003.9,1512,19
317,2025-11-26 11:24:05+05:30,1003.4,87,997.42,4839868,423260.0,486902.0,986.2,1004.2,981.3,986.2,120657750,1084.8,887.6,1102.5,649.1,1003.0,16,1,1002.9,521,4,1002.8,595,9,1002.7,821,8,1002.6,1158,15,1003.5,439,5,1003.6,736,8,1003.7,1230,9,1003.8,1958,11,1003.9,1512,19
317,2025-11-26 11:24:06+05:30,1003.5,32,997.42,4839900,423415.0,487082.0,986.2,1004.2,981.3,986.2,120657750,1084.8,887.6,1102.5,649.1,1003.0,32,2,1002.9,521,4,1002.8,657,11,1002.7,821,8,1002.6,982,14,1003.5,357,4,1003.6,686,7,1003.7,1230,9,1003.8,1984,13,1003.9,1486,17
317,2025-11-26 11:24:06+05:30,1003.0,14,997.42,4839900,423415.0,487082.0,986.2,1004.2,981.3,986.2,120657750,1084.8,887.6,1102.5,649.1,1003.0,32,2,1002.9,521,4,1002.8,657,11,1002.7,821,8,1002.6,982,14,1003.5,357,4,1003.6,686,7,1003.7,1230,9,1003.8,1984,13,1003.9,1486,17
317,2025-11-26 11:24:07+05:30,1003.4,1,997.42,4840054,422799.0,488227.0,986.2,1004.2,981.3,986.2,120657750,1084.8,887.6,1102.5,649.1,1003.1,3,1,1003.0,5,2,1002.9,678,4,1002.8,512,8,1002.7,619,7,1003.4,115,2,1003.5,406,5,1003.6,1287,12,1003.7,1360,10,1003.8,1996,11
317,2025-11-26 11:24:07+05:30,1003.4,60,997.42,4840054,422799.0,488227.0,986.2,1004.2,981.3,986.2,120657750,1084.8,887.6,1102.5,649.1,1003.1,3,1,1003.0,5,2,1002.9,678,4,1002.8,512,8,1002.7,619,7,1003.4,115,2,1003.5,406,5,1003.6,1287,12,1003.7,1360,10,1003.8,1996,11
317,2025-11-26 11:24:08+05:30,1003.4,5,997.43,4842552,423016.0,484554.0,986.2,1004.2,981.3,986.2,120657750,1084.8,887.6,1102.5,649.1,1003.4,252,1,1003.1,1,1,1003.0,5,1,1002.9,241,2,1002.8,604,10,1003.5,93,1,1003.6,540,5,1003.7,1413,10,1003.8,1873,10,1003.9,1581,20
317,2025-11-26 11:24:08+05:30,1003.4,142,997.43,4842552,423016.0,484554.0,986.2,1004.2,981.3,986.2,120657750,1084.8,887.6,1102.5,649.1,1003.4,252,1,1003.1,1,1,1003.0,5,1,1002.9,241,2,1002.8,604,10,1003.5,93,1,1003.6,540,5,1003.7,1413,10,1003.8,1873,10,1003.9,1581,20
317,2025-11-26 11:24:09+05:30,1003.0,199,997.43,4843591,423365.0,483764.0,986.2,1004.2,981.3,986.2,120657750,1084.8,887.6,1102.5,649.1,1003.2,163,2,1003.1,145,2,1003.0,497,8,1002.9,736,8,1002.8,1413,13,1003.6,182,3,1003.7,1119,8,1003.8,1731,7,1003.9,1723,21,1004.0,1863,18
317,2025-11-26 11:24:09+05:30,1003.2,1,997.43,4843591,423365.0,483764.0,986.2,1004.2,981.3,986.2,120657750,1084.8,887.6,1102.5,649.1,1003.2,163,2,1003.1,145,2,1003.0,497,8,1002.9,736,8,1002.8,1413,13,1003.6,182,3,1003.7,1119,8,1003.8,1731,7,1003.9,1723,21,1004.0,1863,18
317,2025-11-26 11:24:10+05:30,1003.2,1,997.43,4843592,424154.0,483821.0,986.2,1004.2,981.3,986.2,120657750,1084.8,887.6,1102.5,649.1,1003.2,100,2,1003.1,145,2,1003.0,371,4,1002.9,508,7,1002.8,1413,13,1003.4,96,1,1003.6,182,3,1003.7,1110,9,1003.8,1815,9,1003.9,1749,19
317,2025-11-26 11:24:11+05:30,1003.2,1,997.43,4843592,424204.0,483821.0,986.2,1004.2,981.3,986.2,120657750,1084.8,887.6,1102.5,649.1,1003.2,100,2,1003.1,145,2,1003.0,372,5,1002.9,557,8,1002.8,1413,13,1003.4,96,1,1003.6,182,3,1003.7,1110,9,1003.8,1815,9,1003.9,1749,19
317,2025-11-26 11:24:12+05:30,1003.2,1,997.43,4843592,423197.0,485550.0,986.2,1004.2,981.3,986.2,120657750,1084.8,887.6,1102.5,649.1,1003.2,13,1,1003.1,67,1,1003.0,66,3,1002.9,635,9,1002.8,674,10,1003.4,96,1,1003.5,778,2,1003.6,604,9,1003.7,1672,8,1003.8,1145,9
317,2025-11-26 11:24:13+05:30,1003.2,1,997.43,4843592,423185.0,485569.0,986.2,1004.2,981.3,986.2,120657750,1084.8,887.6,1102.5,649.1,1003.2,13,1,1003.1,67,1,1003.0,66,3,1002.9,635,9,1002.8,674,10,1003.4,96,1,1003.5,778,2,1003.6,604,9,1003.7,1133,8,1003.8,1727,10
317,2025-11-26 11:24:14+05:30,1003.4,184,997.43,4843778,424013.0,485506.0,986.2,1004.2,981.3,986.2,120657750,1084.8,887.6,1102.5,649.1,1003.3,112,1,1003.2,13,1,1003.1,92,2,1003.0,268,4,1002.9,635,9,1003.4,96,1,1003.5,876,2,1003.6,370,7,1003.7,1348,11,1003.8,1727,10
317,2025-11-26 11:24:14+05:30,1003.4,184,997.43,4843778,424013.0,485506.0,986.2,1004.2,981.3,986.2,120657750,1084.8,887.6,1102.5,649.1,1003.3,112,1,1003.2,13,1,1003.1,92,2,1003.0,268,4,1002.9,635,9,1003.4,96,1,1003.5,876,2,1003.6,370,7,1003.7,1348,11,1003.8,1727,10
317,2025-11-26 11:24:15+05:30,1003.3,87,997.43,4843890,425198.0,485823.0,986.2,1004.2,981.3,986.2,120657750,1084.8,887.6,1102.5,649.1,1003.2,13,1,1003.1,92,2,1003.0,268,4,1002.9,583,8,1002.8,601,9,1003.3,9,1,1003.5,958,4,1003.6,545,10,1003.7,1316,10,1003.8,1759,10
317,2025-11-26 11:24:15+05:30,1003.3,87,997.43,4843890,425198.0,485823.0,986.2,1004.2,981.3,986.2,120657750,1084.8,887.6,1102.5,649.1,1003.2,13,1,1003.1,92,2,1003.0,268,4,1002.9,583,8,1002.8,601,9,1003.3,9,1,1003.5,958,4,1003.6,545,10,1003.7,1316,10,1003.8,1759,10
317,2025-11-26 11:24:16+05:30,1003.3,105,997.43,4844570,425606.0,483954.0,986.2,1004.2,981.3,986.2,120657750,1084.8,887.6,1102.5,649.1,1003.4,645,1,1003.2,13,1,1003.1,25,1,1003.0,552,6,1002.9,635,9,1003.5,750,2,1003.6,270,3,1003.7,836,8,1003.8,1104,8,1003.9,1600,20
317,2025-11-26 11:24:16+05:30,1003.3,105,997.43,4844570,425606.0,483954.0,986.2,1004.2,981.3,986.2,120657750,1084.8,887.6,1102.5,649.1,1003.4,645,1,1003.2,13,1,1003.1,25,1,1003.0,552,6,1002.9,635,9,1003.5,750,2,1003.6,270,3,1003.7,836,8,1003.8,1104,8,1003.9,1600,20
317,2025-11-26 11:24:17+05:30,1003.4,142,997.43,4844920,426301.0,483895.0,986.2,1004.2,981.3,986.2,120657750,1084.8,887.6,1102.5,649.1,1003.4,417,3,1003.1,25,1,1003.0,1105,7,1002.9,646,9,1002.8,1428,15,1003.5,646,3,1003.6,270,3,1003.7,734,6,1003.8,1104,8,1003.9,1505,18
317,2025-11-26 11:24:17+05:30,1003.4,142,997.43,4844920,426301.0,483895.0,986.2,1004.2,981.3,986.2,120657750,1084.8,887.6,1102.5,649.1,1003.4,417,3,1003.1,25,1,1003.0,1105,7,1002.9,646,9,1002.8,1428,15,1003.5,646,3,1003.6,270,3,1003.7,734,6,1003.8,1104,8,1003.9,1505,18
317,2025-11-26 11:24:18+05:30,1003.4,142,997.43,4844920,426301.0,483895.0,986.2,1004.2,981.3,986.2,120657750,1084.8,887.6,1102.5,649.1,1003.4,417,3,1003.1,25,1,1003.0,1105,7,1002.9,646,9,1002.8,1428,15,1003.5,646,3,1003.6,270,3,1003.7,734,6,1003.8,1104,8,1003.9,1505,18
317,2025-11-26 11:24:18+05:30,1003.4,142,997.43,4845104,425658.0,484038.0,986.2,1004.2,981.3,986.2,120657750,1084.8,887.6,1102.5,649.1,1003.4,233,3,1003.1,25,1,1003.0,770,6,1002.9,646,9,1002.8,1458,16,1003.5,678,4,1003.6,276,5,1003.7,755,6,1003.8,1104,8,1003.9,1505,18
317,2025-11-26 11:24:19+05:30,1003.4,15,997.43,4845104,425658.0,484038.0,986.2,1004.2,981.3,986.2,120657750,1084.8,887.6,1102.5,649.1,1003.4,233,3,1003.1,25,1,1003.0,770,6,1002.9,646,9,1002.8,1458,16,1003.5,678,4,1003.6,276,5,1003.7,755,6,1003.8,1104,8,1003.9,1505,18
317,2025-11-26 11:24:19+05:30,1003.4,15,997.43,4845305,425379.0,484149.0,986.2,1004.2,981.3,986.2,120657750,1084.8,887.6,1102.5,649.1,1003.4,218,3,1003.1,25,1,1003.0,766,5,1002.9,699,11,1002.8,1458,16,1003.5,460,3,1003.6,605,8,1003.7,755,6,1003.8,1104,8,1003.9,1505,18
317,2025-11-26 11:24:20+05:30,1003.4,11,997.43,4845795,425075.0,485241.0,986.2,1004.2,981.3,986.2,120657750,1084.8,887.6,1102.5,649.1,1003.0,354,4,1002.9,947,8,1002.8,645,8,1002.7,796,16,1002.6,1461,9,1003.4,96,1,1003.5,635,4,1003.6,606,7,1003.7,1350,8,1003.8,1210,10
317,2025-11-26 11:24:20+05:30,1003.4,11,997.43,4845795,425075.0,485241.0,986.2,1004.2,981.3,986.2,120657750,1084.8,887.6,1102.5,649.1,1003.0,354,4,1002.9,947,8,1002.8,645,8,1002.7,796,16,1002.6,1461,9,1003.4,96,1,1003.5,635,4,1003.6,606,7,1003.7,1350,8,1003.8,1210,10
317,2025-11-26 11:24:21+05:30,1003.4,20,997.43,4845821,426059.0,485203.0,986.2,1004.2,981.3,986.2,120657750,1084.8,887.6,1102.5,649.1,1003.3,1,1,1003.2,83,1,1003.1,5,1,1003.0,738,4,1002.9,652,9,1003.4,70,1,1003.5,635,4,1003.6,496,6,1003.7,807,7,1003.8,1210,10
317,2025-11-26 11:24:21+05:30,1003.0,19,997.43,4845821,426059.0,485203.0,986.2,1004.2,981.3,986.2,120657750,1084.8,887.6,1102.5,649.1,1003.3,1,1,1003.2,83,1,1003.1,5,1,1003.0,738,4,1002.9,652,9,1003.4,70,1,1003.5,635,4,1003.6,496,6,1003.7,807,7,1003.8,1210,10
317,2025-11-26 11:24:22+05:30,1003.4,1,997.43,4845964,424695.0,485500.0,986.2,1004.2,981.3,986.2,120657750,1084.8,887.6,1102.5,649.1,1003.0,619,7,1002.9,526,7,1002.8,645,8,1002.7,796,16,1002.6,1492,10,1003.4,69,1,1003.5,635,4,1003.6,582,7,1003.7,840,8,1003.8,1177,9
317,2025-11-26 11:24:22+05:30,1003.4,1,997.43,4845964,424695.0,485500.0,986.2,1004.2,981.3,986.2,120657750,1084.8,887.6,1102.5,649.1,1003.0,619,7,1002.9,526,7,1002.8,645,8,1002.7,796,16,1002.6,1492,10,1003.4,69,1,1003.5,635,4,1003.6,582,7,1003.7,840,8,1003.8,1177,9
317,2025-11-26 11:24:23+05:30,1003.0,11,997.43,4845964,424695.0,485500.0,986.2,1004.2,981.3,986.2,120657750,1084.8,887.6,1102.5,649.1,1003.0,619,7,1002.9,526,7,1002.8,645,8,1002.7,796,16,1002.6,1492,10,1003.4,69,1,1003.5,635,4,1003.6,582,7,1003.7,840,8,1003.8,1177,9
317,2025-11-26 11:24:23+05:30,1003.0,11,997.43,4846025,424501.0,485351.0,986.2,1004.2,981.3,986.2,120657750,1084.8,887.6,1102.5,649.1,1003.0,424,6,1002.9,486,6,1002.8,572,7,1002.7,796,16,1002.6,1242,9,1003.4,19,1,1003.5,635,4,1003.6,582,7,1003.7,787,7,1003.8,1752,10
317,2025-11-26 11:24:24+05:30,1003.4,65,997.43,4846025,424501.0,485351.0,986.2,1004.2,981.3,986.2,120657750,1084.8,887.6,1102.5,649.1,1003.0,424,6,1002.9,486,6,1002.8,572,7,1002.7,796,16,1002.6,1242,9,1003.4,19,1,1003.5,635,4,1003.6,582,7,1003.7,787,7,1003.8,1752,10
317,2025-11-26 11:24:24+05:30,1003.4,65,997.43,4846209,424901.0,485304.0,986.2,1004.2,981.3,986.2,120657750,1084.8,887.6,1102.5,649.1,1003.0,825,7,1002.9,486,6,1002.8,572,7,1002.7,796,16,1002.6,1492,10,1003.4,70,2,1003.5,635,4,1003.6,581,6,1003.7,787,7,1003.8,1655,10
317,2025-11-26 11:24:25+05:30,1003.4,27,997.43,4846209,424901.0,485304.0,986.2,1004.2,981.3,986.2,120657750,1084.8,887.6,1102.5,649.1,1003.0,825,7,1002.9,486,6,1002.8,572,7,1002.7,796,16,1002.6,1492,10,1003.4,70,2,1003.5,635,4,1003.6,581,6,1003.7,787,7,1003.8,1655,10
317,2025-11-26 11:24:25+05:30,1003.4,27,997.43,4846768,423869.0,483069.0,986.2,1004.2,981.3,986.2,120657750,1084.8,887.6,1102.5,649.1,1003.4,684,1,1003.0,107,1,1002.9,332,5,1002.8,755,12,1002.7,706,13,1003.5,459,3,1003.6,540,5,1003.7,753,6,1003.8,1105,8,1003.9,1387,17
317,2025-11-26 11:24:26+05:30,1003.4,142,997.43,4846768,423869.0,483069.0,986.2,1004.2,981.3,986.2,120657750,1084.8,887.6,1102.5,649.1,1003.4,684,1,1003.0,107,1,1002.9,332,5,1002.8,755,12,1002.7,706,13,1003.5,459,3,1003.6,540,5,1003.7,753,6,1003.8,1105,8,1003.9,1387,17
317,2025-11-26 11:24:26+05:30,1003.4,142,997.43,4846910,423426.0,483657.0,986.2,1004.2,981.3,986.2,120657750,1084.8,887.6,1102.5,649.1,1003.4,555,2,1003.1,5,1,1003.0,107,1,1002.9,294,5,1002.8,1427,12,1003.5,459,3,1003.6,606,7,1003.7,753,6,1003.8,1105,8,1003.9,1563,18
317,2025-11-26 11:24:27+05:30,1003.4,100,997.43,4846910,423426.0,483657.0,986.2,1004.2,981.3,986.2,120657750,1084.8,887.6,1102.5,649.1,1003.4,555,2,1003.1,5,1,1003.0,107,1,1002.9,294,5,1002.8,1427,12,1003.5,459,3,1003.6,606,7,1003.7,753,6,1003.8,1105,8,1003.9,1563,18
317,2025-11-26 11:24:27+05:30,1003.4,100,997.43,4847012,423561.0,483709.0,986.2,1004.2,981.3,986.2,120657750,1084.8,887.6,1102.5,649.1,1003.4,454,2,1003.1,5,1,1003.0,107,1,1002.9,457,5,1002.8,1427,12,1003.5,458,3,1003.6,573,6,1003.7,786,7,1003.8,1105,8,1003.9,1563,18
317,2025-11-26 11:24:28+05:30,1003.4,142,997.43,4847012,423561.0,483709.0,986.2,1004.2,981.3,986.2,120657750,1084.8,887.6,1102.5,649.1,1003.4,454,2,1003.1,5,1,1003.0,107,1,1002.9,457,5,1002.8,1427,12,1003.5,458,3,1003.6,573,6,1003.7,786,7,1003.8,1105,8,1003.9,1563,18
317,2025-11-26 11:24:28+05:30,1003.4,142,997.43,4847239,423776.0,483683.0,986.2,1004.2,981.3,986.2,120657750,1084.8,887.6,1102.5,649.1,1003.4,312,2,1003.1,5,1,1003.0,107,1,1002.9,505,6,1002.8,1427,12,1003.5,373,3,1003.6,606,7,1003.7,803,8,1003.8,1098,8,1003.9,1578,19
317,2025-11-26 11:24:29+05:30,1003.5,185,997.43,4847239,423776.0,483683.0,986.2,1004.2,981.3,986.2,120657750,1084.8,887.6,1102.5,649.1,1003.4,312,2,1003.1,5,1,1003.0,107,1,1002.9,505,6,1002.8,1427,12,1003.5,373,3,1003.6,606,7,1003.7,803,8,1003.8,1098,8,1003.9,1578,19
317,2025-11-26 11:24:29+05:30,1003.5,185,997.43,4847424,423782.0,483498.0,986.2,1004.2,981.3,986.2,120657750,1084.8,887.6,1102.5,649.1,1003.4,312,2,1003.1,5,1,1003.0,107,1,1002.9,552,8,1002.8,1427,12,1003.5,188,3,1003.6,573,6,1003.7,836,9,1003.8,1098,8,1003.9,1578,19
317,2025-11-26 11:24:30+05:30,1003.4,13,997.43,4847424,423782.0,483498.0,986.2,1004.2,981.3,986.2,120657750,1084.8,887.6,1102.5,649.1,1003.4,312,2,1003.1,5,1,1003.0,107,1,1002.9,552,8,1002.8,1427,12,1003.5,188,3,1003.6,573,6,1003.7,836,9,1003.8,1098,8,1003.9,1578,19
317,2025-11-26 11:24:30+05:30,1003.4,13,997.43,4847736,420892.0,484530.0,986.2,1004.2,981.3,986.2,120657750,1084.8,887.6,1102.5,649.1,1003.0,87,1,1002.9,124,3,1002.8,555,8,1002.7,657,12,1002.6,609,9,1003.4,83,1,1003.5,318,5,1003.6,857,9,1003.7,1496,11,1003.8,1283,9
317,2025-11-26 11:24:31+05:30,1003.0,8,997.43,4847736,420892.0,484530.0,986.2,1004.2,981.3,986.2,120657750,1084.8,887.6,1102.5,649.1,1003.0,87,1,1002.9,124,3,1002.8,555,8,1002.7,657,12,1002.6,609,9,1003.4,83,1,1003.5,318,5,1003.6,857,9,1003.7,1496,11,1003.8,1283,9
317,2025-11-26 11:24:31+05:30,1003.0,8,997.43,4847744,423459.0,484708.0,986.2,1004.2,981.3,986.2,120657750,1084.8,887.6,1102.5,649.1,1003.0,79,1,1002.9,39,2,1002.8,859,9,1002.7,733,15,1002.6,583,7,1003.4,94,2,1003.5,351,6,1003.6,1407,10,1003.7,948,10,1003.8,1283,9
317,2025-11-26 11:24:32+05:30,1003.0,8,997.43,4847744,423579.0,484708.0,986.2,1004.2,981.3,986.2,120657750,1084.8,887.6,1102.5,649.1,1003.0,79,1,1002.9,314,2,1002.8,555,8,1002.7,733,15,1002.6,583,7,1003.4,94,2,1003.5,351,6,1003.6,1407,10,1003.7,948,10,1003.8,1283,9
317,2025-11-26 11:24:33+05:30,1002.9,34,997.43,4847744,423579.0,484708.0,986.2,1004.2,981.3,986.2,120657750,1084.8,887.6,1102.5,649.1,1003.0,79,1,1002.9,314,2,1002.8,555,8,1002.7,733,15,1002.6,583,7,1003.4,94,2,1003.5,351,6,1003.6,1407,10,1003.7,948,10,1003.8,1283,9
317,2025-11-26 11:24:33+05:30,1002.9,34,997.43,4847862,423160.0,485823.0,986.2,1004.2,981.3,986.2,120657750,1084.8,887.6,1102.5,649.1,1002.9,5,1,1002.8,422,7,1002.7,586,11,1002.6,536,8,1002.5,1640,14,1003.3,87,1,1003.4,405,7,1003.5,680,9,1003.6,1456,11,1003.7,911,8
317,2025-11-26 11:24:34+05:30,1003.3,20,997.43,4847862,423160.0,485823.0,986.2,1004.2,981.3,986.2,120657750,1084.8,887.6,1102.5,649.1,1002.9,5,1,1002.8,422,7,1002.7,586,11,1002.6,536,8,1002.5,1640,14,1003.3,87,1,1003.4,405,7,1003.5,680,9,1003.6,1456,11,1003.7,911,8
317,2025-11-26 11:24:34+05:30,1003.3,20,997.43,4847969,424298.0,485923.0,986.2,1004.2,981.3,986.2,120657750,1084.8,887.6,1102.5,649.1,1003.3,19,1,1003.0,314,2,1002.9,319,3,1002.8,892,9,1002.7,599,12,1003.4,188,3,1003.5,558,9,1003.6,667,7,1003.7,1407,8,1003.8,1171,10
317,2025-11-26 11:24:35+05:30,1003.3,136,997.43,4847969,424298.0,485923.0,986.2,1004.2,981.3,986.2,120657750,1084.8,887.6,1102.5,649.1,1003.3,19,1,1003.0,314,2,1002.9,319,3,1002.8,892,9,1002.7,599,12,1003.4,188,3,1003.5,558,9,1003.6,667,7,1003.7,1407,8,1003.8,1171,10
317,2025-11-26 11:24:35+05:30,1003.3,136,997.43,4848296,423825.0,485010.0,986.2,1004.2,981.3,986.2,120657750,1084.8,887.6,1102.5,649.1,1002.9,540,6,1002.8,624,8,1002.7,586,11,1002.6,609,9,1002.5,1927,16,1003.3,96,1,1003.4,76,1,1003.5,470,6,1003.6,1245,10,1003.7,942,9
317,2025-11-26 11:24:36+05:30,1002.9,112,997.43,4848296,423825.0,485010.0,986.2,1004.2,981.3,986.2,120657750,1084.8,887.6,1102.5,649.1,1002.9,540,6,1002.8,624,8,1002.7,586,11,1002.6,609,9,1002.5,1927,16,1003.3,96,1,1003.4,76,1,1003.5,470,6,1003.6,1245,10,1003.7,942,9
317,2025-11-26 11:24:36+05:30,1002.9,7,997.43,4848534,423231.0,486006.0,986.2,1004.2,981.3,986.2,120657750,1084.8,887.6,1102.5,649.1,1002.9,325,2,1002.8,344,6,1002.7,507,6,1002.6,688,14,1002.5,1927,16,1003.3,96,1,1003.4,356,3,1003.5,608,8,1003.6,907,11,1003.7,1039,10
317,2025-11-26 11:24:37+05:30,1002.9,7,997.43,4848534,423231.0,486006.0,986.2,1004.2,981.3,986.2,120657750,1084.8,887.6,1102.5,649.1,1002.9,325,2,1002.8,344,6,1002.7,507,6,1002.6,688,14,1002.5,1927,16,1003.3,96,1,1003.4,356,3,1003.5,608,8,1003.6,907,11,1003.7,1039,10
317,2025-11-26 11:24:37+05:30,1002.9,7,997.43,4848534,423260.0,486006.0,986.2,1004.2,981.3,986.2,120657750,1084.8,887.6,1102.5,649.1,1002.9,325,2,1002.8,344,6,1002.7,507,6,1002.6,688,14,1002.5,1927,16,1003.3,96,1,1003.4,356,3,1003.5,608,8,1003.6,907,11,1003.7,1039,10
317,2025-11-26 11:24:39+05:30,1003.3,49,997.43,4848768,425272.0,484063.0,986.2,1004.2,981.3,986.2,120657750,1084.8,887.6,1102.5,649.1,1003.4,701,1,1003.0,198,2,1002.9,567,6,1002.8,370,7,1002.7,654,10,1003.5,188,3,1003.6,851,10,1003.7,796,6,1003.8,1518,8,1003.9,1420,12
317,2025-11-26 11:24:39+05:30,1003.3,49,997.43,4848768,425272.0,484063.0,986.2,1004.2,981.3,986.2,120657750,1084.8,887.6,1102.5,649.1,1003.4,701,1,1003.0,198,2,1002.9,567,6,1002.8,370,7,1002.7,654,10,1003.5,188,3,1003.6,851,10,1003.7,796,6,1003.8,1518,8,1003.9,1420,12
317,2025-11-26 11:24:40+05:30,1003.4,154,997.44,4849623,424221.0,484142.0,986.2,1004.2,981.3,986.2,120657750,1084.8,887.6,1102.5,649.1,1003.1,5,1,1003.0,218,2,1002.9,693,5,1002.8,522,9,1002.7,578,7,1003.4,96,1,1003.5,573,5,1003.6,803,9,1003.7,958,8,1003.8,1221,11
317,2025-11-26 11:24:40+05:30,1003.4,154,997.44,4849623,424221.0,484142.0,986.2,1004.2,981.3,986.2,120657750,1084.8,887.6,1102.5,649.1,1003.1,5,1,1003.0,218,2,1002.9,693,5,1002.8,522,9,1002.7,578,7,1003.4,96,1,1003.5,573,5,1003.6,803,9,1003.7,958,8,1003.8,1221,11
317,2025-11-26 11:24:41+05:30,1003.4,154,997.44,4849623,424110.0,485059.0,986.2,1004.2,981.3,986.2,120657750,1084.8,887.6,1102.5,649.1,1003.2,82,1,1003.1,5,1,1003.0,218,2,1002.9,693,5,1002.8,478,8,1003.4,96,1,1003.5,573,5,1003.6,770,8,1003.7,991,9,1003.8,1225,11
317,2025-11-26 11:24:41+05:30,1003.4,8,997.44,4849623,424110.0,485059.0,986.2,1004.2,981.3,986.2,120657750,1084.8,887.6,1102.5,649.1,1003.2,82,1,1003.1,5,1,1003.0,218,2,1002.9,693,5,1002.8,478,8,1003.4,96,1,1003.5,573,5,1003.6,770,8,1003.7,991,9,1003.8,1225,11
317,2025-11-26 11:24:42+05:30,1003.4,8,997.44,4850432,425412.0,484710.0,986.2,1004.2,981.3,986.2,120657750,1084.8,887.6,1102.5,649.1,1003.4,176,2,1003.1,207,2,1003.0,307,2,1002.9,600,6,1002.8,1262,10,1003.5,397,4,1003.6,808,10,1003.7,845,7,1003.8,1300,8,1003.9,1590,21
317,2025-11-26 11:24:43+05:30,1003.4,100,997.44,4850658,425486.0,483959.0,986.2,1004.2,981.3,986.2,120657750,1084.8,887.6,1102.5,649.1,1003.4,100,5,1003.1,207,2,1003.0,307,2,1002.9,826,8,1002.8,1361,13,1003.5,271,4,1003.6,672,8,1003.7,781,7,1003.8,1209,7,1003.9,1636,19
317,2025-11-26 11:24:43+05:30,1003.1,12,997.44,4850658,425486.0,483959.0,986.2,1004.2,981.3,986.2,120657750,1084.8,887.6,1102.5,649.1,1003.4,100,5,1003.1,207,2,1003.0,307,2,1002.9,826,8,1002.8,1361,13,1003.5,271,4,1003.6,672,8,1003.7,781,7,1003.8,1209,7,1003.9,1636,19
317,2025-11-26 11:24:44+05:30,1003.5,3,997.44,4850962,423340.0,484010.0,986.2,1004.2,981.3,986.2,120657750,1084.8,887.6,1102.5,649.1,1003.1,5,1,1003.0,202,1,1002.9,727,6,1002.8,702,10,1002.7,732,15,1003.5,220,2,1003.6,705,9,1003.7,904,8,1003.8,1722,8,1003.9,1609,22
317,2025-11-26 11:24:44+05:30,1003.5,20,997.44,4850962,423340.0,484010.0,986.2,1004.2,981.3,986.2,120657750,1084.8,887.6,1102.5,649.1,1003.1,5,1,1003.0,202,1,1002.9,727,6,1002.8,702,10,1002.7,732,15,1003.5,220,2,1003.6,705,9,1003.7,904,8,1003.8,1722,8,1003.9,1609,22
317,2025-11-26 11:24:45+05:30,1003.5,20,997.44,4850982,424055.0,485147.0,986.2,1004.2,981.3,986.2,120657750,1084.8,887.6,1102.5,649.1,1003.3,99,1,1003.1,5,1,1003.0,310,2,1002.9,776,7,1002.8,1336,11,1003.5,200,2,1003.6,738,10,1003.7,862,8,1003.8,1597,7,1003.9,1601,21
317,2025-11-26 11:24:45+05:30,1003.1,21,997.44,4850982,424055.0,485147.0,986.2,1004.2,981.3,986.2,120657750,1084.8,887.6,1102.5,649.1,1003.3,99,1,1003.1,5,1,1003.0,310,2,1002.9,776,7,1002.8,1336,11,1003.5,200,2,1003.6,738,10,1003.7,862,8,1003.8,1597,7,1003.9,1601,21
317,2025-11-26 11:24:46+05:30,1003.1,21,997.44,4851102,423427.0,480742.0,986.2,1004.2,981.3,986.2,120657750,1084.8,887.6,1102.5,649.1,1003.3,2,1,1003.1,5,1,1003.0,312,2,1002.9,472,6,1002.8,1336,11,1003.5,266,4,1003.6,672,8,1003.7,911,9,1003.8,4084,7,1003.9,1601,21
317,2025-11-26 11:24:46+05:30,1003.4,30,997.44,4851102,423427.0,480742.0,986.2,1004.2,981.3,986.2,120657750,1084.8,887.6,1102.5,649.1,1003.3,2,1,1003.1,5,1,1003.0,312,2,1002.9,472,6,1002.8,1336,11,1003.5,266,4,1003.6,672,8,1003.7,911,9,1003.8,4084,7,1003.9,1601,21
317,2025-11-26 11:24:47+05:30,1003.4,10,997.44,4851365,423980.0,480846.0,986.2,1004.2,981.3,986.2,120657750,1084.8,887.6,1102.5,649.1,1003.4,489,1,1003.1,5,1,1003.0,108,1,1002.9,246,4,1002.8,622,10,1003.5,64,1,1003.6,705,9,1003.7,891,8,1003.8,4084,7,1003.9,1795,22
317,2025-11-26 11:24:47+05:30,1003.4,10,997.44,4851365,423980.0,480846.0,986.2,1004.2,981.3,986.2,120657750,1084.8,887.6,1102.5,649.1,1003.4,489,1,1003.1,5,1,1003.0,108,1,1002.9,246,4,1002.8,622,10,1003.5,64,1,1003.6,705,9,1003.7,891,8,1003.8,4084,7,1003.9,1795,22
317,2025-11-26 11:24:48+05:30,1003.4,10,997.44,4851365,423406.0,481017.0,986.2,1004.2,981.3,986.2,120657750,1084.8,887.6,1102.5,649.1,1003.4,489,1,1003.1,5,1,1003.0,108,1,1002.9,422,5,1002.8,622,10,1003.6,889,10,1003.7,891,8,1003.8,4169,9,1003.9,1762,21,1004.0,2161,22
317,2025-11-26 11:24:49+05:30,1003.6,81,997.44,4852040,424705.0,482467.0,986.2,1004.2,981.3,986.2,120657750,1084.8,887.6,1102.5,649.1,1003.5,10,1,1003.2,13,1,1003.1,442,4,1003.0,284,2,1002.9,579,8,1003.6,863,9,1003.7,1503,11,1003.8,4136,8,1003.9,1739,20,1004.0,3241,22
317,2025-11-26 11:24:49+05:30,1003.6,81,997.44,4852040,424705.0,482467.0,986.2,1004.2,981.3,986.2,120657750,1084.8,887.6,1102.5,649.1,1003.5,10,1,1003.2,13,1,1003.1,442,4,1003.0,284,2,1002.9,579,8,1003.6,863,9,1003.7,1503,11,1003.8,4136,8,1003.9,1739,20,1004.0,3241,22
317,2025-11-26 11:24:50+05:30,1003.5,10,997.44,4852050,423356.0,481895.0,986.2,1004.2,981.3,986.2,120657750,1084.8,887.6,1102.5,649.1,1003.1,334,3,1003.0,213,2,1002.9,573,8,1002.8,669,9,1002.7,781,16,1003.5,86,1,1003.6,850,10,1003.7,1477,9,1003.8,4158,8,1003.9,1795,22
317,2025-11-26 11:24:50+05:30,1003.1,4,997.44,4852050,423356.0,481895.0,986.2,1004.2,981.3,986.2,120657750,1084.8,887.6,1102.5,649.1,1003.1,334,3,1003.0,213,2,1002.9,573,8,1002.8,669,9,1002.7,781,16,1003.5,86,1,1003.6,850,10,1003.7,1477,9,1003.8,4158,8,1003.9,1795,22
317,2025-11-26 11:24:51+05:30,1003.5,1,997.44,4852281,423196.0,481806.0,986.2,1004.2,981.3,986.2,120657750,1084.8,887.6,1102.5,649.1,1003.1,5,1,1003.0,37,1,1002.9,500,7,1002.8,620,8,1002.7,879,17,1003.5,267,4,1003.6,950,12,1003.7,1511,11,1003.8,4212,9,1003.9,1530,20
317,2025-11-26 11:24:51+05:30,1003.5,1,997.44,4852281,423196.0,481806.0,986.2,1004.2,981.3,986.2,120657750,1084.8,887.6,1102.5,649.1,1003.1,5,1,1003.0,37,1,1002.9,500,7,1002.8,620,8,1002.7,879,17,1003.5,267,4,1003.6,950,12,1003.7,1511,11,1003.8,4212,9,1003.9,1530,20
317,2025-11-26 11:24:52+05:30,1003.5,1,997.44,4852281,423196.0,481816.0,986.2,1004.2,981.3,986.2,120657750,1084.8,887.6,1102.5,649.1,1003.1,5,1,1003.0,37,1,1002.9,500,7,1002.8,620,8,1002.7,879,17,1003.5,267,4,1003.6,950,12,1003.7,1504,10,1003.8,4222,10,1003.9,1530,20
317,2025-11-26 11:24:52+05:30,1003.0,109,997.44,4852281,423196.0,481816.0,986.2,1004.2,981.3,986.2,120657750,1084.8,887.6,1102.5,649.1,1003.1,5,1,1003.0,37,1,1002.9,500,7,1002.8,620,8,1002.7,879,17,1003.5,267,4,1003.6,950,12,1003.7,1504,10,1003.8,4222,10,1003.9,1530,20
317,2025-11-26 11:24:53+05:30,1003.0,109,997.44,4852398,423493.0,483229.0,986.2,1004.2,981.3,986.2,120657750,1084.8,887.6,1102.5,649.1,1003.0,42,2,1002.9,373,5,1002.8,354,4,1002.7,879,17,1002.6,577,6,1003.4,108,2,1003.5,702,8,1003.6,1628,15,1003.7,1601,11,1003.8,4222,10
317,2025-11-26 11:24:54+05:30,1003.0,9,997.44,4853482,423511.0,482040.0,986.2,1004.2,981.3,986.2,120657750,1084.8,887.6,1102.5,649.1,1003.1,120,2,1003.0,19,3,1002.9,330,4,1002.8,441,8,1002.7,901,15,1003.4,87,1,1003.5,474,3,1003.6,1362,12,1003.7,1528,10,1003.8,4112,14
317,2025-11-26 11:24:54+05:30,1003.0,9,997.44,4853482,423511.0,482040.0,986.2,1004.2,981.3,986.2,120657750,1084.8,887.6,1102.5,649.1,1003.1,120,2,1003.0,19,3,1002.9,330,4,1002.8,441,8,1002.7,901,15,1003.4,87,1,1003.5,474,3,1003.6,1362,12,1003.7,1528,10,1003.8,4112,14
317,2025-11-26 11:24:55+05:30,1003.4,1,997.44,4853799,423671.0,481535.0,986.2,1004.2,981.3,986.2,120657750,1084.8,887.6,1102.5,649.1,1003.0,100,3,1002.9,525,7,1002.8,960,14,1002.7,757,15,1002.6,779,7,1003.5,307,2,1003.6,1004,11,1003.7,1447,9,1003.8,3770,11,1003.9,1519,21
317,2025-11-26 11:24:55+05:30,1003.0,2,997.44,4853799,423671.0,481535.0,986.2,1004.2,981.3,986.2,120657750,1084.8,887.6,1102.5,649.1,1003.0,100,3,1002.9,525,7,1002.8,960,14,1002.7,757,15,1002.6,779,7,1003.5,307,2,1003.6,1004,11,1003.7,1447,9,1003.8,3770,11,1003.9,1519,21
317,2025-11-26 11:24:56+05:30,1003.0,1,997.44,4854044,424094.0,482005.0,986.2,1004.2,981.3,986.2,120657750,1084.8,887.6,1102.5,649.1,1003.0,184,3,1002.9,158,3,1002.8,738,9,1002.7,757,15,1002.6,577,6,1003.4,258,4,1003.5,907,5,1003.6,1114,15,1003.7,1526,10,1003.8,3674,12
317,2025-11-26 11:24:56+05:30,1003.0,1,997.44,4854044,424094.0,482005.0,986.2,1004.2,981.3,986.2,120657750,1084.8,887.6,1102.5,649.1,1003.0,184,3,1002.9,158,3,1002.8,738,9,1002.7,757,15,1002.6,577,6,1003.4,258,4,1003.5,907,5,1003.6,1114,15,1003.7,1526,10,1003.8,3674,12
317,2025-11-26 11:24:57+05:30,1003.4,23,997.44,4854149,423815.0,482030.0,986.2,1004.2,981.3,986.2,120657750,1084.8,887.6,1102.5,649.1,1003.0,184,3,1002.9,264,4,1002.8,584,9,1002.7,757,15,1002.6,577,6,1003.4,33,1,1003.5,914,6,1003.6,1058,13,1003.7,1526,10,1003.8,3674,12
317,2025-11-26 11:24:57+05:30,1003.4,23,997.44,4854149,423815.0,482030.0,986.2,1004.2,981.3,986.2,120657750,1084.8,887.6,1102.5,649.1,1003.0,184,3,1002.9,264,4,1002.8,584,9,1002.7,757,15,1002.6,577,6,1003.4,33,1,1003.5,914,6,1003.6,1058,13,1003.7,1526,10,1003.8,3674,12
317,2025-11-26 11:24:58+05:30,1003.0,117,997.44,4854149,423815.0,482030.0,986.2,1004.2,981.3,986.2,120657750,1084.8,887.6,1102.5,649.1,1003.0,184,3,1002.9,264,4,1002.8,584,9,1002.7,757,15,1002.6,577,6,1003.4,33,1,1003.5,914,6,1003.6,1058,13,1003.7,1526,10,1003.8,3674,12
317,2025-11-26 11:24:58+05:30,1003.0,117,997.44,4854311,423485.0,482283.0,986.2,1004.2,981.3,986.2,120657750,1084.8,887.6,1102.5,649.1,1003.0,35,4,1002.9,11,1,1002.8,283,5,1002.7,757,15,1002.6,577,6,1003.4,246,6,1003.5,975,7,1003.6,1157,15,1003.7,1526,10,1003.8,3850,13
317,2025-11-26 11:24:59+05:30,1003.4,1,997.44,4854311,423485.0,482283.0,986.2,1004.2,981.3,986.2,120657750,1084.8,887.6,1102.5,649.1,1003.0,35,4,1002.9,11,1,1002.8,283,5,1002.7,757,15,1002.6,577,6,1003.4,246,6,1003.5,975,7,1003.6,1157,15,1003.7,1526,10,1003.8,3850,13
317,2025-11-26 11:24:59+05:30,1003.4,1,997.44,4854497,423798.0,482581.0,986.2,1004.2,981.3,986.2,120657750,1084.8,887.6,1102.5,649.1,1003.0,28,3,1002.9,322,3,1002.8,459,6,1002.7,757,15,1002.6,577,6,1003.4,86,1,1003.5,439,5,1003.6,1625,16,1003.7,1526,10,1003.8,3850,13
317,2025-11-26 11:25:00+05:30,1003.2,750,997.44,4854497,423798.0,482581.0,986.2,1004.2,981.3,986.2,120657750,1084.8,887.6,1102.5,649.1,1003.0,28,3,1002.9,322,3,1002.8,459,6,1002.7,757,15,1002.6,577,6,1003.4,86,1,1003.5,439,5,1003.6,1625,16,1003.7,1526,10,1003.8,3850,13
317,2025-11-26 11:25:00+05:30,1003.0,8,997.44,4855423,424252.0,483437.0,986.2,1004.2,981.3,986.2,120657750,1084.8,887.6,1102.5,649.1,1003.0,173,4,1002.9,420,4,1002.8,767,11,1002.7,651,8,1002.6,732,8,1003.2,96,1,1003.4,3,1,1003.6,1439,13,1003.7,1104,6,1003.8,3692,12
317,2025-11-26 11:25:01+05:30,1002.9,46,997.44,4855423,424252.0,483437.0,986.2,1004.2,981.3,986.2,120657750,1084.8,887.6,1102.5,649.1,1003.0,173,4,1002.9,420,4,1002.8,767,11,1002.7,651,8,1002.6,732,8,1003.2,96,1,1003.4,3,1,1003.6,1439,13,1003.7,1104,6,1003.8,3692,12
317,2025-11-26 11:25:01+05:30,1002.9,46,997.44,4855657,422791.0,485753.0,986.2,1004.2,981.3,986.2,120657750,1084.8,887.6,1102.5,649.1,1002.9,87,1,1002.8,121,3,1002.7,651,8,1002.6,554,8,1002.5,955,18,1003.2,126,2,1003.3,75,2,1003.4,618,7,1003.5,470,6,1003.6,1526,15
317,2025-11-26 11:25:02+05:30,1003.3,171,997.44,4855657,422791.0,485753.0,986.2,1004.2,981.3,986.2,120657750,1084.8,887.6,1102.5,649.1,1002.9,87,1,1002.8,121,3,1002.7,651,8,1002.6,554,8,1002.5,955,18,1003.2,126,2,1003.3,75,2,1003.4,618,7,1003.5,470,6,1003.6,1526,15
317,2025-11-26 11:25:02+05:30,1003.3,171,997.44,4855976,424793.0,483619.0,986.2,1004.2,981.3,986.2,120657750,1084.8,887.6,1102.5,649.1,1003.3,553,1,1003.0,111,2,1002.9,193,2,1002.8,384,8,1002.7,769,10,1003.4,62,2,1003.5,292,3,1003.6,1292,12,1003.7,1209,9,1003.8,4356,10
317,2025-11-26 11:25:03+05:30,1003.3,117,997.44,4855976,424793.0,483619.0,986.2,1004.2,981.3,986.2,120657750,1084.8,887.6,1102.5,649.1,1003.3,553,1,1003.0,111,2,1002.9,193,2,1002.8,384,8,1002.7,769,10,1003.4,62,2,1003.5,292,3,1003.6,1292,12,1003.7,1209,9,1003.8,4356,10
317,2025-11-26 11:25:03+05:30,1003.3,117,997.44,4856093,424898.0,483878.0,986.2,1004.2,981.3,986.2,120657750,1084.8,887.6,1102.5,649.1,1003.3,436,1,1003.0,111,2,1002.9,369,3,1002.8,547,8,1002.7,836,13,1003.4,62,2,1003.5,331,3,1003.6,1331,13,1003.7,1224,10,1003.8,4532,11
317,2025-11-26 11:25:04+05:30,1003.4,58,997.44,4856093,424898.0,483878.0,986.2,1004.2,981.3,986.2,120657750,1084.8,887.6,1102.5,649.1,1003.3,436,1,1003.0,111,2,1002.9,369,3,1002.8,547,8,1002.7,836,13,1003.4,62,2,1003.5,331,3,1003.6,1331,13,1003.7,1224,10,1003.8,4532,11
317,2025-11-26 11:25:04+05:30,1003.4,58,997.44,4856278,424825.0,482845.0,986.2,1004.2,981.3,986.2,120657750,1084.8,887.6,1102.5,649.1,1003.3,436,1,1003.0,326,4,1002.9,331,3,1002.8,560,9,1002.7,784,11,1003.4,4,2,1003.6,1331,13,1003.7,1104,6,1003.8,4421,11,1003.9,1510,20
317,2025-11-26 11:25:05+05:30,1003.6,37,997.44,4856805,428323.0,480845.0,986.2,1004.2,981.3,986.2,120657750,1084.8,887.6,1102.5,649.1,1003.5,1909,1,1003.1,287,2,1003.0,577,6,1002.9,503,7,1002.8,1586,17,1003.6,460,7,1003.7,730,4,1003.8,3385,6,1003.9,1516,16,1004.0,2410,21
317,2025-11-26 11:25:06+05:30,1003.5,117,997.44,4856805,428323.0,480845.0,986.2,1004.2,981.3,986.2,120657750,1084.8,887.6,1102.5,649.1,1003.5,1909,1,1003.1,287,2,1003.0,577,6,1002.9,503,7,1002.8,1586,17,1003.6,460,7,1003.7,730,4,1003.8,3385,6,1003.9,1516,16,1004.0,2410,21
317,2025-11-26 11:25:06+05:30,1003.6,124,997.45,4857672,427776.0,482833.0,986.2,1004.2,981.3,986.2,120657750,1084.8,887.6,1102.5,649.1,1003.5,1809,2,1003.1,287,2,1003.0,326,4,1002.9,490,6,1002.8,1374,12,1003.6,331,7,1003.7,1043,7,1003.8,3522,9,1003.9,1511,13,1004.0,3486,23
317,2025-11-26 11:25:07+05:30,1003.5,117,997.45,4857672,427776.0,482833.0,986.2,1004.2,981.3,986.2,120657750,1084.8,887.6,1102.5,649.1,1003.5,1809,2,1003.1,287,2,1003.0,326,4,1002.9,490,6,1002.8,1374,12,1003.6,331,7,1003.7,1043,7,1003.8,3522,9,1003.9,1511,13,1004.0,3486,23
317,2025-11-26 11:25:07+05:30,1003.5,117,997.45,4857928,427441.0,481598.0,986.2,1004.2,981.3,986.2,120657750,1084.8,887.6,1102.5,649.1,1003.5,1692,2,1003.1,424,4,1003.0,527,11,1002.9,614,9,1002.8,1374,12,1003.6,192,7,1003.7,766,3,1003.8,3348,6,1003.9,1447,14,1004.0,3478,22
317,2025-11-26 11:25:08+05:30,1003.5,117,997.45,4857928,427441.0,481598.0,986.2,1004.2,981.3,986.2,120657750,1084.8,887.6,1102.5,649.1,1003.5,1692,2,1003.1,424,4,1003.0,527,11,1002.9,614,9,1002.8,1374,12,1003.6,192,7,1003.7,766,3,1003.8,3348,6,1003.9,1447,14,1004.0,3478,22
317,2025-11-26 11:25:08+05:30,1003.5,117,997.45,4858045,427361.0,481599.0,986.2,1004.2,981.3,986.2,120657750,1084.8,887.6,1102.5,649.1,1003.5,1575,2,1003.1,385,3,1003.0,566,12,1002.9,614,9,1002.8,1374,12,1003.6,192,7,1003.7,805,4,1003.8,3310,6,1003.9,1447,14,1004.0,3478,22
317,2025-11-26 11:25:09+05:30,1003.6,157,997.45,4858045,427361.0,481599.0,986.2,1004.2,981.3,986.2,120657750,1084.8,887.6,1102.5,649.1,1003.5,1575,2,1003.1,385,3,1003.0,566,12,1002.9,614,9,1002.8,1374,12,1003.6,192,7,1003.7,805,4,1003.8,3310,6,1003.9,1447,14,1004.0,3478,22
317,2025-11-26 11:25:09+05:30,1003.6,157,997.45,4858230,427362.0,481423.0,986.2,1004.2,981.3,986.2,120657750,1084.8,887.6,1102.5,649.1,1003.5,1576,3,1003.1,385,3,1003.0,566,12,1002.9,614,9,1002.8,1374,12,1003.6,16,4,1003.7,766,3,1003.8,3388,8,1003.9,1408,13,1004.0,3478,22
317,2025-11-26 11:25:10+05:30,1003.5,953,997.45,4858230,427362.0,481423.0,986.2,1004.2,981.3,986.2,120657750,1084.8,887.6,1102.5,649.1,1003.5,1576,3,1003.1,385,3,1003.0,566,12,1002.9,614,9,1002.8,1374,12,1003.6,16,4,1003.7,766,3,1003.8,3388,8,1003.9,1408,13,1004.0,3478,22
317,2025-11-26 11:25:10+05:30,1003.5,953,997.45,4859183,426409.0,481426.0,986.2,1004.2,981.3,986.2,120657750,1084.8,887.6,1102.5,649.1,1003.5,623,3,1003.1,385,3,1003.0,527,11,1002.9,653,10,1002.8,1374,12,1003.6,16,4,1003.7,766,3,1003.8,3388,8,1003.9,1411,14,1004.0,3478,22
317,2025-11-26 11:25:11+05:30,1003.5,234,997.45,4859183,426409.0,481426.0,986.2,1004.2,981.3,986.2,120657750,1084.8,887.6,1102.5,649.1,1003.5,623,3,1003.1,385,3,1003.0,527,11,1002.9,653,10,1002.8,1374,12,1003.6,16,4,1003.7,766,3,1003.8,3388,8,1003.9,1411,14,1004.0,3478,22
317,2025-11-26 11:25:11+05:30,1003.5,234,997.45,4859417,430203.0,481530.0,986.2,1004.2,981.3,986.2,120657750,1084.8,887.6,1102.5,649.1,1003.5,389,3,1003.1,287,2,1003.0,527,11,1002.9,614,9,1002.8,1374,12,1003.6,51,5,1003.7,965,7,1003.8,3359,7,1003.9,1411,14,1004.0,3478,22
317,2025-11-26 11:25:12+05:30,1003.6,1,997.45,4859417,430203.0,481530.0,986.2,1004.2,981.3,986.2,120657750,1084.8,887.6,1102.5,649.1,1003.5,389,3,1003.1,287,2,1003.0,527,11,1002.9,614,9,1002.8,1374,12,1003.6,51,5,1003.7,965,7,1003.8,3359,7,1003.9,1411,14,1004.0,3478,22
317,2025-11-26 11:25:12+05:30,1003.6,1,997.45,4859418,430183.0,481706.0,986.2,1004.2,981.3,986.2,120657750,1084.8,887.6,1102.5,649.1,1003.5,388,2,1003.1,287,2,1003.0,527,11,1002.9,614,9,1002.8,1374,12,1003.6,165,7,1003.7,1014,8,1003.8,3359,7,1003.9,1437,16,1004.0,3452,20
317,2025-11-26 11:25:13+05:30,1003.5,19,997.45,4859418,430183.0,481706.0,986.2,1004.2,981.3,986.2,120657750,1084.8,887.6,1102.5,649.1,1003.5,388,2,1003.1,287,2,1003.0,527,11,1002.9,614,9,1002.8,1374,12,1003.6,165,7,1003.7,1014,8,1003.8,3359,7,1003.9,1437,16,1004.0,3452,20
317,2025-11-26 11:25:13+05:30,1003.5,19,997.45,4859545,430398.0,481580.0,986.2,1004.2,981.3,986.2,120657750,1084.8,887.6,1102.5,649.1,1003.5,369,2,1003.1,287,2,1003.0,527,11,1002.9,631,10,1002.8,1374,12,1003.6,15,2,1003.7,1014,8,1003.8,3462,9,1003.9,1430,15,1004.0,3574,22
317,2025-11-26 11:25:14+05:30,1003.7,3,997.45,4859545,430398.0,481580.0,986.2,1004.2,981.3,986.2,120657750,1084.8,887.6,1102.5,649.1,1003.5,369,2,1003.1,287,2,1003.0,527,11,1002.9,631,10,1002.8,1374,12,1003.6,15,2,1003.7,1014,8,1003.8,3462,9,1003.9,1430,15,1004.0,3574,22
317,2025-11-26 11:25:14+05:30,1003.7,3,997.45,4859572,429797.0,481397.0,986.2,1004.2,981.3,986.2,120657750,1084.8,887.6,1102.5,649.1,1003.6,131,2,1003.5,369,2,1003.2,113,1,1003.1,302,3,1003.0,603,14,1003.7,867,5,1003.8,3412,8,1003.9,1406,14,1004.0,3430,22,1004.1,619,12
317,2025-11-26 11:25:15+05:30,1003.7,14,997.45,4859572,429797.0,481397.0,986.2,1004.2,981.3,986.2,120657750,1084.8,887.6,1102.5,649.1,1003.6,131,2,1003.5,369,2,1003.2,113,1,1003.1,302,3,1003.0,603,14,1003.7,867,5,1003.8,3412,8,1003.9,1406,14,1004.0,3430,22,1004.1,619,12
317,2025-11-26 11:25:16+05:30,1003.7,160,997.45,4859746,429638.0,481638.0,986.2,1004.2,981.3,986.2,120657750,1084.8,887.6,1102.5,649.1,1003.6,125,2,1003.5,369,2,1003.2,113,1,1003.1,302,3,1003.0,603,14,1003.7,659,5,1003.8,3858,10,1003.9,1406,14,1004.0,3430,22,1004.1,619,12
317,2025-11-26 11:25:16+05:30,1003.6,13,997.45,4859746,429638.0,481638.0,986.2,1004.2,981.3,986.2,120657750,1084.8,887.6,1102.5,649.1,1003.6,125,2,1003.5,369,2,1003.2,113,1,1003.1,302,3,1003.0,603,14,1003.7,659,5,1003.8,3858,10,1003.9,1406,14,1004.0,3430,22,1004.1,619,12
317,2025-11-26 11:25:17+05:30,1003.6,13,997.45,4860661,430057.0,480554.0,986.2,1004.2,981.3,986.2,120657750,1084.8,887.6,1102.5,649.1,1003.5,369,2,1003.3,5,1,1003.2,113,1,1003.1,296,7,1003.0,547,10,1003.7,323,7,1003.8,3802,9,1003.9,1428,15,1004.0,3400,20,1004.1,627,13
317,2025-11-26 11:25:17+05:30,1003.7,179,997.45,4860661,430057.0,480554.0,986.2,1004.2,981.3,986.2,120657750,1084.8,887.6,1102.5,649.1,1003.5,369,2,1003.3,5,1,1003.2,113,1,1003.1,296,7,1003.0,547,10,1003.7,323,7,1003.8,3802,9,1003.9,1428,15,1004.0,3400,20,1004.1,627,13
317,2025-11-26 11:25:18+05:30,1003.7,92,997.45,4861785,431028.0,480347.0,986.2,1004.2,981.3,986.2,120657750,1084.8,887.6,1102.5,649.1,1003.5,134,2,1003.3,317,3,1003.2,625,4,1003.1,539,11,1003.0,551,8,1003.7,23,1,1003.8,3691,8,1003.9,1363,12,1004.0,3377,21,1004.1,795,13
317,2025-11-26 11:25:18+05:30,1003.7,92,997.45,4861785,431028.0,480347.0,986.2,1004.2,981.3,986.2,120657750,1084.8,887.6,1102.5,649.1,1003.5,134,2,1003.3,317,3,1003.2,625,4,1003.1,539,11,1003.0,551,8,1003.7,23,1,1003.8,3691,8,1003.9,1363,12,1004.0,3377,21,1004.1,795,13
317,2025-11-26 11:25:18+05:30,1003.7,92,997.45,4861785,430812.0,480389.0,986.2,1004.2,981.3,986.2,120657750,1084.8,887.6,1102.5,649.1,1003.5,136,3,1003.3,322,4,1003.2,625,4,1003.1,588,12,1003.0,551,8,1003.7,23,1,1003.8,3642,7,1003.9,1343,12,1004.0,3377,21,1004.1,795,13
317,2025-11-26 11:25:19+05:30,1003.5,33,997.45,4861785,430812.0,480389.0,986.2,1004.2,981.3,986.2,120657750,1084.8,887.6,1102.5,649.1,1003.5,136,3,1003.3,322,4,1003.2,625,4,1003.1,588,12,1003.0,551,8,1003.7,23,1,1003.8,3642,7,1003.9,1343,12,1004.0,3377,21,1004.1,795,13
317,2025-11-26 11:25:20+05:30,1003.5,25,997.45,4862049,430308.0,480091.0,986.2,1004.2,981.3,986.2,120657750,1084.8,887.6,1102.5,649.1,1003.5,78,3,1003.3,5,1,1003.2,413,3,1003.1,670,13,1003.0,771,10,1003.6,96,1,1003.8,3680,8,1003.9,1454,15,1004.0,3390,22,1004.1,793,13
317,2025-11-26 11:25:20+05:30,1003.5,1,997.45,4862049,430308.0,480091.0,986.2,1004.2,981.3,986.2,120657750,1084.8,887.6,1102.5,649.1,1003.5,78,3,1003.3,5,1,1003.2,413,3,1003.1,670,13,1003.0,771,10,1003.6,96,1,1003.8,3680,8,1003.9,1454,15,1004.0,3390,22,1004.1,793,13
317,2025-11-26 11:25:21+05:30,1003.5,1,997.45,4862049,430308.0,480091.0,986.2,1004.2,981.3,986.2,120657750,1084.8,887.6,1102.5,649.1,1003.5,78,3,1003.3,5,1,1003.2,413,3,1003.1,670,13,1003.0,771,10,1003.6,96,1,1003.8,3680,8,1003.9,1454,15,1004.0,3390,22,1004.1,793,13
317,2025-11-26 11:25:21+05:30,1003.5,1,997.45,4862050,430388.0,480676.0,986.2,1004.2,981.3,986.2,120657750,1084.8,887.6,1102.5,649.1,1003.5,160,5,1003.3,38,2,1003.2,378,2,1003.1,670,13,1003.0,771,10,1003.6,96,1,1003.8,3680,8,1003.9,1419,14,1004.0,3388,22,1004.1,826,14
317,2025-11-26 11:25:21+05:30,1003.5,1,997.45,4862050,430388.0,480676.0,986.2,1004.2,981.3,986.2,120657750,1084.8,887.6,1102.5,649.1,1003.5,160,5,1003.3,38,2,1003.2,378,2,1003.1,670,13,1003.0,771,10,1003.6,96,1,1003.8,3680,8,1003.9,1419,14,1004.0,3388,22,1004.1,826,14
317,2025-11-26 11:25:21+05:30,1003.5,69,997.45,4862050,430388.0,480676.0,986.2,1004.2,981.3,986.2,120657750,1084.8,887.6,1102.5,649.1,1003.5,160,5,1003.3,38,2,1003.2,378,2,1003.1,670,13,1003.0,771,10,1003.6,96,1,1003.8,3680,8,1003.9,1419,14,1004.0,3388,22,1004.1,826,14
317,2025-11-26 11:25:21+05:30,1003.5,69,997.45,4862050,430388.0,480676.0,986.2,1004.2,981.3,986.2,120657750,1084.8,887.6,1102.5,649.1,1003.5,160,5,1003.3,38,2,1003.2,378,2,1003.1,670,13,1003.0,771,10,1003.6,96,1,1003.8,3680,8,1003.9,1419,14,1004.0,3388,22,1004.1,826,14
317,2025-11-26 11:25:22+05:30,1003.6,1,997.45,4862280,429809.0,480490.0,986.2,1004.2,981.3,986.2,120657750,1084.8,887.6,1102.5,649.1,1003.5,17,1,1003.2,176,1,1003.1,566,12,1003.0,718,10,1002.9,714,8,1003.6,106,2,1003.7,205,4,1003.8,3763,10,1003.9,1434,15,1004.0,3364,21
317,2025-11-26 11:25:22+05:30,1003.6,1,997.45,4862280,429809.0,480490.0,986.2,1004.2,981.3,986.2,120657750,1084.8,887.6,1102.5,649.1,1003.5,17,1,1003.2,176,1,1003.1,566,12,1003.0,718,10,1002.9,714,8,1003.6,106,2,1003.7,205,4,1003.8,3763,10,1003.9,1434,15,1004.0,3364,21
317,2025-11-26 11:25:22+05:30,1003.6,2,997.45,4862280,429809.0,480490.0,986.2,1004.2,981.3,986.2,120657750,1084.8,887.6,1102.5,649.1,1003.5,17,1,1003.2,176,1,1003.1,566,12,1003.0,718,10,1002.9,714,8,1003.6,106,2,1003.7,205,4,1003.8,3763,10,1003.9,1434,15,1004.0,3364,21
317,2025-11-26 11:25:22+05:30,1003.6,2,997.45,4862280,429809.0,480490.0,986.2,1004.2,981.3,986.2,120657750,1084.8,887.6,1102.5,649.1,1003.5,17,1,1003.2,176,1,1003.1,566,12,1003.0,718,10,1002.9,714,8,1003.6,106,2,1003.7,205,4,1003.8,3763,10,1003.9,1434,15,1004.0,3364,21
317,2025-11-26 11:25:23+05:30,1003.6,2,997.45,4862282,429809.0,480498.0,986.2,1004.2,981.3,986.2,120657750,1084.8,887.6,1102.5,649.1,1003.5,17,1,1003.2,176,1,1003.1,566,12,1003.0,718,10,1002.9,714,8,1003.6,104,2,1003.7,205,4,1003.8,3763,10,1003.9,1434,15,1004.0,3364,21
317,2025-11-26 11:25:23+05:30,1003.6,2,997.45,4862282,429809.0,480498.0,986.2,1004.2,981.3,986.2,120657750,1084.8,887.6,1102.5,649.1,1003.5,17,1,1003.2,176,1,1003.1,566,12,1003.0,718,10,1002.9,714,8,1003.6,104,2,1003.7,205,4,1003.8,3763,10,1003.9,1434,15,1004.0,3364,21
317,2025-11-26 11:25:24+05:30,1003.6,2,997.45,4862282,429809.0,480498.0,986.2,1004.2,981.3,986.2,120657750,1084.8,887.6,1102.5,649.1,1003.5,17,1,1003.2,176,1,1003.1,566,12,1003.0,718,10,1002.9,714,8,1003.6,104,2,1003.7,205,4,1003.8,3763,10,1003.9,1434,15,1004.0,3364,21
317,2025-11-26 11:25:24+05:30,1003.6,80,997.45,4862466,429928.0,480394.0,986.2,1004.2,981.3,986.2,120657750,1084.8,887.6,1102.5,649.1,1003.5,17,1,1003.4,15,1,1003.1,811,13,1003.0,718,10,1002.9,714,8,1003.6,16,1,1003.7,329,5,1003.8,3779,10,1003.9,1441,14,1004.0,3390,23
317,2025-11-26 11:25:24+05:30,1003.6,80,997.45,4862466,429928.0,480394.0,986.2,1004.2,981.3,986.2,120657750,1084.8,887.6,1102.5,649.1,1003.5,17,1,1003.4,15,1,1003.1,811,13,1003.0,718,10,1002.9,714,8,1003.6,16,1,1003.7,329,5,1003.8,3779,10,1003.9,1441,14,1004.0,3390,23
317,2025-11-26 11:25:24+05:30,1003.6,80,997.45,4862466,429928.0,480394.0,986.2,1004.2,981.3,986.2,120657750,1084.8,887.6,1102.5,649.1,1003.5,17,1,1003.4,15,1,1003.1,811,13,1003.0,718,10,1002.9,714,8,1003.6,16,1,1003.7,329,5,1003.8,3779,10,1003.9,1441,14,1004.0,3390,23
317,2025-11-26 11:25:24+05:30,1003.6,80,997.45,4862466,429928.0,480394.0,986.2,1004.2,981.3,986.2,120663000,1084.8,887.6,1102.5,649.1,1003.5,17,1,1003.4,15,1,1003.1,811,13,1003.0,718,10,1002.9,714,8,1003.6,16,1,1003.7,329,5,1003.8,3779,10,1003.9,1441,14,1004.0,3390,23
317,2025-11-26 11:25:25+05:30,1003.6,80,997.45,4862466,429928.0,480394.0,986.2,1004.2,981.3,986.2,120663000,1084.8,887.6,1102.5,649.1,1003.4,15,1,1003.2,33,1,1003.1,515,11,1003.0,685,9,1002.9,714,8,1003.5,96,1,1003.7,282,4,1003.8,3805,11,1003.9,1531,16,1004.0,3437,22
317,2025-11-26 11:25:25+05:30,1003.5,79,997.45,4862545,429587.0,480731.0,986.2,1004.2,981.3,986.2,120663000,1084.8,887.6,1102.5,649.1,1003.4,15,1,1003.2,33,1,1003.1,515,11,1003.0,685,9,1002.9,714,8,1003.5,96,1,1003.7,282,4,1003.8,3805,11,1003.9,1531,16,1004.0,3437,22
317,2025-11-26 11:25:25+05:30,1003.5,79,997.45,4862545,429587.0,480731.0,986.2,1004.2,981.3,986.2,120663000,1084.8,887.6,1102.5,649.1,1003.4,15,1,1003.2,33,1,1003.1,515,11,1003.0,685,9,1002.9,714,8,1003.5,96,1,1003.7,282,4,1003.8,3805,11,1003.9,1531,16,1004.0,3437,22
317,2025-11-26 11:25:25+05:30,1003.5,79,997.45,4862545,429587.0,480731.0,986.2,1004.2,981.3,986.2,120663000,1084.8,887.6,1102.5,649.1,1003.4,15,1,1003.2,33,1,1003.1,515,11,1003.0,685,9,1002.9,714,8,1003.5,96,1,1003.7,282,4,1003.8,3805,11,1003.9,1531,16,1004.0,3437,22
317,2025-11-26 11:25:26+05:30,1003.5,2,997.45,4862547,429612.0,480735.0,986.2,1004.2,981.3,986.2,120663000,1084.8,887.6,1102.5,649.1,1003.4,15,1,1003.1,548,12,1003.0,685,9,1002.9,714,8,1002.8,1571,13,1003.5,94,1,1003.7,399,6,1003.8,3805,11,1003.9,1531,16,1004.0,3437,22
317,2025-11-26 11:25:26+05:30,1003.5,10,997.45,4862547,429612.0,480735.0,986.2,1004.2,981.3,986.2,120663000,1084.8,887.6,1102.5,649.1,1003.4,15,1,1003.1,548,12,1003.0,685,9,1002.9,714,8,1002.8,1571,13,1003.5,94,1,1003.7,399,6,1003.8,3805,11,1003.9,1531,16,1004.0,3437,22
317,2025-11-26 11:25:27+05:30,1003.5,10,997.45,4862557,429617.0,480725.0,986.2,1004.2,981.3,986.2,120663000,1084.8,887.6,1102.5,649.1,1003.4,15,1,1003.1,548,12,1003.0,642,9,1002.9,665,7,1002.8,1595,14,1003.5,84,1,1003.7,399,6,1003.8,3805,11,1003.9,1531,16,1004.0,3437,22
317,2025-11-26 11:25:28+05:30,1003.5,50,997.45,4862607,429869.0,480705.0,986.2,1004.2,981.3,986.2,120663000,1084.8,887.6,1102.5,649.1,1003.4,15,1,1003.1,730,13,1003.0,642,9,1002.9,665,7,1002.8,1595,14,1003.5,34,1,1003.6,43,1,1003.7,351,5,1003.8,3805,11,1003.9,1566,17
317,2025-11-26 11:25:28+05:30,1003.5,50,997.45,4862607,429869.0,480705.0,986.2,1004.2,981.3,986.2,120663000,1084.8,887.6,1102.5,649.1,1003.4,15,1,1003.1,730,13,1003.0,642,9,1002.9,665,7,1002.8,1595,14,1003.5,34,1,1003.6,43,1,1003.7,351,5,1003.8,3805,11,1003.9,1566,17
317,2025-11-26 11:25:29+05:30,1003.5,185,997.45,4862792,429948.0,480778.0,986.2,1004.2,981.3,986.2,120663000,1084.8,887.6,1102.5,649.1,1003.4,15,1,1003.1,779,14,1003.0,642,9,1002.9,714,8,1002.8,1595,14,1003.5,96,1,1003.6,92,2,1003.7,351,5,1003.8,3729,9,1003.9,1566,17
317,2025-11-26 11:25:29+05:30,1003.6,33,997.45,4862792,429948.0,480778.0,986.2,1004.2,981.3,986.2,120663000,1084.8,887.6,1102.5,649.1,1003.4,15,1,1003.1,779,14,1003.0,642,9,1002.9,714,8,1002.8,1595,14,1003.5,96,1,1003.6,92,2,1003.7,351,5,1003.8,3729,9,1003.9,1566,17
317,2025-11-26 11:25:30+05:30,1003.4,750,997.45,4864521,430841.0,481000.0,986.2,1004.2,981.3,986.2,120663000,1084.8,887.6,1102.5,649.1,1003.3,30,2,1003.2,351,3,1003.1,498,4,1003.0,863,6,1002.9,914,9,1003.4,96,1,1003.6,43,1,1003.7,537,2,1003.8,3564,7,1003.9,1334,11
317,2025-11-26 11:25:30+05:30,1003.4,103,997.45,4864521,430841.0,481000.0,986.2,1004.2,981.3,986.2,120663000,1084.8,887.6,1102.5,649.1,1003.3,30,2,1003.2,351,3,1003.1,498,4,1003.0,863,6,1002.9,914,9,1003.4,96,1,1003.6,43,1,1003.7,537,2,1003.8,3564,7,1003.9,1334,11
317,2025-11-26 11:25:31+05:30,1003.4,8,997.45,4864632,431015.0,480660.0,986.2,1004.2,981.3,986.2,120663000,1084.8,887.6,1102.5,649.1,1003.4,25,1,1003.3,5,1,1003.2,167,2,1003.1,436,6,1003.0,1072,12,1003.6,43,1,1003.7,140,2,1003.8,3854,9,1003.9,1334,11,1004.0,3629,25
317,2025-11-26 11:25:31+05:30,1003.1,105,997.45,4864632,431015.0,480660.0,986.2,1004.2,981.3,986.2,120663000,1084.8,887.6,1102.5,649.1,1003.4,25,1,1003.3,5,1,1003.2,167,2,1003.1,436,6,1003.0,1072,12,1003.6,43,1,1003.7,140,2,1003.8,3854,9,1003.9,1334,11,1004.0,3629,25
317,2025-11-26 11:25:32+05:30,1003.1,1,997.46,4865302,430392.0,481996.0,986.2,1004.2,981.3,986.2,120663000,1084.8,887.6,1102.5,649.1,1003.2,87,1,1003.1,969,6,1003.0,700,14,1002.9,624,7,1002.8,1378,10,1003.6,126,3,1003.7,581,5,1003.8,3939,12,1003.9,1437,13,1004.0,3805,25
317,2025-11-26 11:25:32+05:30,1003.1,1,997.46,4865302,430392.0,481996.0,986.2,1004.2,981.3,986.2,120663000,1084.8,887.6,1102.5,649.1,1003.2,87,1,1003.1,969,6,1003.0,700,14,1002.9,624,7,1002.8,1378,10,1003.6,126,3,1003.7,581,5,1003.8,3939,12,1003.9,1437,13,1004.0,3805,25
317,2025-11-26 11:25:33+05:30,1003.1,1,997.46,4865302,430405.0,482599.0,986.2,1004.2,981.3,986.2,120663000,1084.8,887.6,1102.5,649.1,1003.2,100,2,1003.1,969,6,1003.0,700,14,1002.9,624,7,1002.8,1378,10,1003.6,126,3,1003.7,1206,8,1003.8,3939,12,1003.9,1488,14,1004.0,3805,25
317,2025-11-26 11:25:34+05:30,1003.6,59,997.46,4865487,430011.0,482536.0,986.2,1004.2,981.3,986.2,120663000,1084.8,887.6,1102.5,649.1,1003.3,112,1,1003.2,100,2,1003.1,389,4,1003.0,601,13,1002.9,997,9,1003.6,64,2,1003.7,1244,9,1003.8,3926,11,1003.9,1488,14,1004.0,3805,25
317,2025-11-26 11:25:34+05:30,1003.6,59,997.46,4865487,430011.0,482536.0,986.2,1004.2,981.3,986.2,120663000,1084.8,887.6,1102.5,649.1,1003.3,112,1,1003.2,100,2,1003.1,389,4,1003.0,601,13,1002.9,997,9,1003.6,64,2,1003.7,1244,9,1003.8,3926,11,1003.9,1488,14,1004.0,3805,25
317,2025-11-26 11:25:35+05:30,1003.8,112,997.46,4866540,431729.0,478635.0,986.2,1004.2,981.3,986.2,120663000,1084.8,887.6,1102.5,649.1,1003.7,19,2,1003.4,207,2,1003.3,410,3,1003.2,742,8,1003.1,649,9,1003.8,3075,4,1003.9,1292,10,1004.0,3428,22,1004.1,773,16,1004.2,1813,15
317,2025-11-26 11:25:35+05:30,1003.8,112,997.46,4866540,431729.0,478635.0,986.2,1004.2,981.3,986.2,120663000,1084.8,887.6,1102.5,649.1,1003.7,19,2,1003.4,207,2,1003.3,410,3,1003.2,742,8,1003.1,649,9,1003.8,3075,4,1003.9,1292,10,1004.0,3428,22,1004.1,773,16,1004.2,1813,15
317,2025-11-26 11:25:36+05:30,1003.8,112,997.46,4866540,431612.0,479154.0,986.2,1004.2,981.3,986.2,120663000,1084.8,887.6,1102.5,649.1,1003.7,32,3,1003.4,207,2,1003.3,410,3,1003.2,742,8,1003.1,687,10,1003.8,3075,4,1003.9,1811,11,1004.0,3428,22,1004.1,773,16,1004.2,1813,15
317,2025-11-26 11:25:37+05:30,1003.8,112,997.46,4866540,431496.0,478961.0,986.2,1004.2,981.3,986.2,120663000,1084.8,887.6,1102.5,649.1,1003.7,32,3,1003.4,207,2,1003.3,599,5,1003.2,742,8,1003.1,747,10,1003.8,3075,4,1003.9,1760,10,1004.0,3364,20,1004.1,681,10,1004.2,1813,15
317,2025-11-26 11:25:38+05:30,1003.8,10,997.46,4866551,431329.0,479222.0,986.2,1004.2,981.3,986.2,120663000,1084.8,887.6,1102.5,649.1,1003.7,31,2,1003.4,299,8,1003.3,423,4,1003.2,729,7,1003.1,747,10,1003.8,3190,5,1003.9,1801,11,1004.0,3331,19,1004.1,757,16,1004.2,1826,16
317,2025-11-26 11:25:38+05:30,1003.8,10,997.46,4866551,431329.0,479222.0,986.2,1004.2,981.3,986.2,120663000,1084.8,887.6,1102.5,649.1,1003.7,31,2,1003.4,299,8,1003.3,423,4,1003.2,729,7,1003.1,747,10,1003.8,3190,5,1003.9,1801,11,1004.0,3331,19,1004.1,757,16,1004.2,1826,16
317,2025-11-26 11:25:39+05:30,1003.7,2,997.46,4866756,431309.0,479087.0,986.2,1004.2,981.3,986.2,120663000,1084.8,887.6,1102.5,649.1,1003.7,11,1,1003.4,299,8,1003.3,423,4,1003.2,729,7,1003.1,747,10,1003.8,3005,5,1003.9,1801,11,1004.0,3381,20,1004.1,757,16,1004.2,1826,16
317,2025-11-26 11:25:39+05:30,1003.7,2,997.46,4866756,431309.0,479087.0,986.2,1004.2,981.3,986.2,120663000,1084.8,887.6,1102.5,649.1,1003.7,11,1,1003.4,299,8,1003.3,423,4,1003.2,729,7,1003.1,747,10,1003.8,3005,5,1003.9,1801,11,1004.0,3381,20,1004.1,757,16,1004.2,1826,16
317,2025-11-26 11:25:40+05:30,1003.7,11,997.46,4866767,428527.0,479430.0,986.2,1004.2,981.3,986.2,120663000,1084.8,887.6,1102.5,649.1,1003.4,690,12,1003.3,1287,8,1003.2,587,6,1003.1,747,10,1003.0,659,9,1003.7,85,1,1003.8,3004,4,1003.9,1699,10,1004.0,3205,20,1004.1,738,14
317,2025-11-26 11:25:40+05:30,1003.8,120,997.46,4866767,428527.0,479430.0,986.2,1004.2,981.3,986.2,120663000,1084.8,887.6,1102.5,649.1,1003.4,690,12,1003.3,1287,8,1003.2,587,6,1003.1,747,10,1003.0,659,9,1003.7,85,1,1003.8,3004,4,1003.9,1699,10,1004.0,3205,20,1004.1,738,14
317,2025-11-26 11:25:41+05:30,1003.9,500,997.46,4871891,430369.0,473206.0,986.2,1004.2,981.3,986.2,120663000,1084.8,887.6,1102.5,649.1,1003.5,525,7,1003.4,768,10,1003.3,1089,8,1003.2,1111,12,1003.1,749,10,1003.8,6,1,1003.9,850,7,1004.0,2915,18,1004.1,380,5,1004.2,1625,12
317,2025-11-26 11:25:41+05:30,1003.9,500,997.46,4871891,430369.0,473206.0,986.2,1004.2,981.3,986.2,120663000,1084.8,887.6,1102.5,649.1,1003.5,525,7,1003.4,768,10,1003.3,1089,8,1003.2,1111,12,1003.1,749,10,1003.8,6,1,1003.9,850,7,1004.0,2915,18,1004.1,380,5,1004.2,1625,12
317,2025-11-26 11:25:42+05:30,1003.8,84,997.47,4873404,428222.0,473475.0,986.2,1004.2,981.3,986.2,120663000,1084.8,887.6,1102.5,649.1,1003.4,219,5,1003.3,1033,6,1003.2,825,13,1003.1,744,11,1003.0,910,11,1003.9,982,6,1004.0,3096,20,1004.1,512,6,1004.2,1823,16,1004.3,2394,13
317,2025-11-26 11:25:42+05:30,1003.9,31,997.47,4873404,428222.0,473475.0,986.2,1004.2,981.3,986.2,120663000,1084.8,887.6,1102.5,649.1,1003.4,219,5,1003.3,1033,6,1003.2,825,13,1003.1,744,11,1003.0,910,11,1003.9,982,6,1004.0,3096,20,1004.1,512,6,1004.2,1823,16,1004.3,2394,13
317,2025-11-26 11:25:43+05:30,1003.9,31,997.47,4873608,429569.0,473693.0,986.2,1004.2,981.3,986.2,120663000,1084.8,887.6,1102.5,649.1,1003.4,597,11,1003.3,1105,8,1003.2,856,14,1003.1,693,9,1003.0,1007,12,1003.9,778,5,1004.0,3504,20,1004.1,512,6,1004.2,1774,15,1004.3,2295,11
317,2025-11-26 11:25:43+05:30,1003.9,29,997.47,4873608,429569.0,473693.0,986.2,1004.2,981.3,986.2,120663000,1084.8,887.6,1102.5,649.1,1003.4,597,11,1003.3,1105,8,1003.2,856,14,1003.1,693,9,1003.0,1007,12,1003.9,778,5,1004.0,3504,20,1004.1,512,6,1004.2,1774,15,1004.3,2295,11
317,2025-11-26 11:25:44+05:30,1003.5,1,997.47,4874653,429647.0,473497.0,986.2,1004.2,981.3,986.2,120663000,1084.8,887.6,1102.5,649.1,1003.5,116,2,1003.4,229,5,1003.3,778,5,1003.2,904,15,1003.1,895,10,1003.9,209,2,1004.0,3585,21,1004.1,533,9,1004.2,1735,16,1004.3,1806,15
317,2025-11-26 11:25:44+05:30,1003.5,1,997.47,4874653,429647.0,473497.0,986.2,1004.2,981.3,986.2,120663000,1084.8,887.6,1102.5,649.1,1003.5,116,2,1003.4,229,5,1003.3,778,5,1003.2,904,15,1003.1,895,10,1003.9,209,2,1004.0,3585,21,1004.1,533,9,1004.2,1735,16,1004.3,1806,15
317,2025-11-26 11:25:45+05:30,1003.9,50,997.47,4874703,429099.0,472823.0,986.2,1004.2,981.3,986.2,120663000,1084.8,887.6,1102.5,649.1,1003.5,86,1,1003.4,281,4,1003.3,819,5,1003.2,794,9,1003.1,693,9,1003.9,400,5,1004.0,3732,23,1004.1,548,8,1004.2,1797,18,1004.3,1622,13
317,2025-11-26 11:25:45+05:30,1003.9,33,997.47,4874703,429099.0,472823.0,986.2,1004.2,981.3,986.2,120663000,1084.8,887.6,1102.5,649.1,1003.5,86,1,1003.4,281,4,1003.3,819,5,1003.2,794,9,1003.1,693,9,1003.9,400,5,1004.0,3732,23,1004.1,548,8,1004.2,1797,18,1004.3,1622,13
317,2025-11-26 11:25:46+05:30,1003.8,87,997.47,4874703,429099.0,472823.0,986.2,1004.2,981.3,986.2,120663000,1084.8,887.6,1102.5,649.1,1003.5,86,1,1003.4,281,4,1003.3,819,5,1003.2,794,9,1003.1,693,9,1003.9,400,5,1004.0,3732,23,1004.1,548,8,1004.2,1797,18,1004.3,1622,13
317,2025-11-26 11:25:46+05:30,1003.8,87,997.47,4875798,429937.0,473618.0,986.2,1004.2,981.3,986.2,120663000,1084.8,887.6,1102.5,649.1,1003.8,1,1,1003.4,421,5,1003.3,1200,6,1003.2,745,8,1003.1,633,9,1003.9,400,6,1004.0,3607,23,1004.1,696,11,1004.2,1927,21,1004.3,1536,11
317,2025-11-26 11:25:47+05:30,1003.5,128,997.47,4875798,429937.0,473618.0,986.2,1004.2,981.3,986.2,120663000,1084.8,887.6,1102.5,649.1,1003.8,1,1,1003.4,421,5,1003.3,1200,6,1003.2,745,8,1003.1,633,9,1003.9,400,6,1004.0,3607,23,1004.1,696,11,1004.2,1927,21,1004.3,1536,11
317,2025-11-26 11:25:47+05:30,1003.5,128,997.47,4875927,428588.0,473672.0,986.2,1004.2,981.3,986.2,120663000,1084.8,887.6,1102.5,649.1,1003.4,204,3,1003.3,707,2,1003.2,693,8,1003.1,706,10,1003.0,698,14,1003.9,790,7,1004.0,3957,26,1004.1,812,12,1004.2,1894,19,1004.3,1798,14
317,2025-11-26 11:25:48+05:30,1003.5,128,997.47,4875927,426592.0,473794.0,986.2,1004.2,981.3,986.2,120663000,1084.8,887.6,1102.5,649.1,1003.4,204,3,1003.3,707,2,1003.2,693,8,1003.1,706,10,1003.0,698,14,1003.9,812,8,1004.0,3957,26,1004.1,824,12,1004.2,1898,21,1004.3,1785,13
317,2025-11-26 11:25:49+05:30,1003.9,52,997.47,4875927,426592.0,473794.0,986.2,1004.2,981.3,986.2,120663000,1084.8,887.6,1102.5,649.1,1003.4,204,3,1003.3,707,2,1003.2,693,8,1003.1,706,10,1003.0,698,14,1003.9,812,8,1004.0,3957,26,1004.1,824,12,1004.2,1898,21,1004.3,1785,13
317,2025-11-26 11:25:49+05:30,1003.9,52,997.47,4876114,426723.0,473891.0,986.2,1004.2,981.3,986.2,120663000,1084.8,887.6,1102.5,649.1,1003.5,87,1,1003.4,217,4,1003.3,707,2,1003.2,693,8,1003.1,706,10,1003.9,304,6,1004.0,3949,25,1004.1,824,12,1004.2,1906,22,1004.3,1609,12
317,2025-11-26 11:25:50+05:30,1003.7,300,997.47,4876114,426723.0,473891.0,986.2,1004.2,981.3,986.2,120663000,1084.8,887.6,1102.5,649.1,1003.5,87,1,1003.4,217,4,1003.3,707,2,1003.2,693,8,1003.1,706,10,1003.9,304,6,1004.0,3949,25,1004.1,824,12,1004.2,1906,22,1004.3,1609,12
317,2025-11-26 11:25:50+05:30,1003.7,300,997.47,4877293,428022.0,477062.0,986.2,1004.2,981.3,986.2,120663000,1084.8,887.6,1102.5,649.1,1003.4,23,1,1003.3,5,1,1003.2,469,2,1003.1,499,5,1003.0,751,8,1003.7,96,1,1003.8,376,3,1003.9,1116,10,1004.0,3934,26,1004.1,844,13
317,2025-11-26 11:25:51+05:30,1003.4,2,997.47,4877293,428022.0,477062.0,986.2,1004.2,981.3,986.2,120663000,1084.8,887.6,1102.5,649.1,1003.4,23,1,1003.3,5,1,1003.2,469,2,1003.1,499,5,1003.0,751,8,1003.7,96,1,1003.8,376,3,1003.9,1116,10,1004.0,3934,26,1004.1,844,13
317,2025-11-26 11:25:51+05:30,1003.4,2,997.47,4877525,429138.0,477038.0,986.2,1004.2,981.3,986.2,120663000,1084.8,887.6,1102.5,649.1,1003.4,23,1,1003.3,5,1,1003.2,637,3,1003.1,718,9,1003.0,890,14,1003.7,12,1,1003.8,56,2,1003.9,983,10,1004.0,3994,27,1004.1,817,12
317,2025-11-26 11:25:52+05:30,1003.2,54,997.47,4877525,429138.0,477038.0,986.2,1004.2,981.3,986.2,120663000,1084.8,887.6,1102.5,649.1,1003.4,23,1,1003.3,5,1,1003.2,637,3,1003.1,718,9,1003.0,890,14,1003.7,12,1,1003.8,56,2,1003.9,983,10,1004.0,3994,27,1004.1,817,12
317,2025-11-26 11:25:52+05:30,1003.2,54,997.47,4877662,429954.0,477281.0,986.2,1004.2,981.3,986.2,120663000,1084.8,887.6,1102.5,649.1,1003.3,87,1,1003.2,399,3,1003.1,535,6,1003.0,792,12,1002.9,743,9,1003.7,117,3,1003.8,958,10,1003.9,1122,13,1004.0,3905,26,1004.1,779,11
317,2025-11-26 11:25:53+05:30,1003.7,1,997.47,4877662,429954.0,477281.0,986.2,1004.2,981.3,986.2,120663000,1084.8,887.6,1102.5,649.1,1003.3,87,1,1003.2,399,3,1003.1,535,6,1003.0,792,12,1002.9,743,9,1003.7,117,3,1003.8,958,10,1003.9,1122,13,1004.0,3905,26,1004.1,779,11
317,2025-11-26 11:25:53+05:30,1003.7,1,997.47,4877780,430160.0,477051.0,986.2,1004.2,981.3,986.2,120663000,1084.8,887.6,1102.5,649.1,1003.3,168,3,1003.2,477,3,1003.1,747,9,1003.0,805,13,1002.9,748,10,1003.8,623,6,1003.9,984,11,1004.0,3885,25,1004.1,858,16,1004.2,1828,17
317,2025-11-26 11:25:54+05:30,1003.3,23,997.47,4877780,430160.0,477051.0,986.2,1004.2,981.3,986.2,120663000,1084.8,887.6,1102.5,649.1,1003.3,168,3,1003.2,477,3,1003.1,747,9,1003.0,805,13,1002.9,748,10,1003.8,623,6,1003.9,984,11,1004.0,3885,25,1004.1,858,16,1004.2,1828,17
317,2025-11-26 11:25:54+05:30,1003.3,23,997.47,4877987,430266.0,476633.0,986.2,1004.2,981.3,986.2,120663000,1084.8,887.6,1102.5,649.1,1003.4,112,1,1003.3,145,3,1003.2,477,3,1003.1,845,11,1003.0,805,13,1003.8,416,9,1003.9,1047,12,1004.0,3893,26,1004.1,858,16,1004.2,1828,17
317,2025-11-26 11:25:55+05:30,1003.3,23,997.47,4877987,430294.0,476633.0,986.2,1004.2,981.3,986.2,120663000,1084.8,887.6,1102.5,649.1,1003.4,112,1,1003.3,145,3,1003.2,477,3,1003.1,873,12,1003.0,805,13,1003.8,416,9,1003.9,1047,12,1004.0,3893,26,1004.1,858,16,1004.2,1828,17
317,2025-11-26 11:25:56+05:30,1003.3,23,997.47,4877987,430294.0,476633.0,986.2,1004.2,981.3,986.2,120663000,1084.8,887.6,1102.5,649.1,1003.4,112,1,1003.3,145,3,1003.2,477,3,1003.1,873,12,1003.0,805,13,1003.8,416,9,1003.9,1047,12,1004.0,3893,26,1004.1,858,16,1004.2,1828,17
317,2025-11-26 11:25:57+05:30,1003.3,23,997.47,4877987,430295.0,476691.0,986.2,1004.2,981.3,986.2,120663000,1084.8,887.6,1102.5,649.1,1003.4,112,1,1003.3,145,3,1003.2,477,3,1003.1,874,12,1003.0,805,13,1003.8,416,9,1003.9,1067,13,1004.0,3893,26,1004.1,896,17,1004.2,1828,17
317,2025-11-26 11:25:58+05:30,1003.3,23,997.47,4877987,430294.0,476765.0,986.2,1004.2,981.3,986.2,120663000,1084.8,887.6,1102.5,649.1,1003.4,112,1,1003.3,145,3,1003.2,477,3,1003.1,845,11,1003.0,805,13,1003.8,287,6,1003.9,1067,13,1004.0,3903,27,1004.1,896,17,1004.2,1828,17
317,2025-11-26 11:25:59+05:30,1003.8,19,997.47,4877987,430294.0,476765.0,986.2,1004.2,981.3,986.2,120663000,1084.8,887.6,1102.5,649.1,1003.4,112,1,1003.3,145,3,1003.2,477,3,1003.1,845,11,1003.0,805,13,1003.8,287,6,1003.9,1067,13,1004.0,3903,27,1004.1,896,17,1004.2,1828,17
317,2025-11-26 11:25:59+05:30,1003.8,19,997.47,4878272,430279.0,476723.0,986.2,1004.2,981.3,986.2,120663000,1084.8,887.6,1102.5,649.1,1003.4,112,1,1003.3,145,3,1003.2,477,3,1003.1,845,11,1003.0,805,13,1003.8,145,5,1003.9,1162,12,1004.0,3903,27,1004.1,896,17,1004.2,1828,17
317,2025-11-26 11:26:00+05:30,1003.5,8,997.47,4878272,430279.0,476723.0,986.2,1004.2,981.3,986.2,120663000,1084.8,887.6,1102.5,649.1,1003.4,112,1,1003.3,145,3,1003.2,477,3,1003.1,845,11,1003.0,805,13,1003.8,145,5,1003.9,1162,12,1004.0,3903,27,1004.1,896,17,1004.2,1828,17
317,2025-11-26 11:26:00+05:30,1003.6,112,997.47,4878497,431082.0,477014.0,986.2,1004.2,981.3,986.2,120663000,1084.8,887.6,1102.5,649.1,1003.5,74,1,1003.4,1,1,1003.3,128,3,1003.2,452,3,1003.1,662,10,1003.6,96,1,1003.8,197,4,1003.9,974,12,1004.0,3923,27,1004.1,896,17
317,2025-11-26 11:26:01+05:30,1003.6,350,997.47,4878497,431082.0,477014.0,986.2,1004.2,981.3,986.2,120663000,1084.8,887.6,1102.5,649.1,1003.5,74,1,1003.4,1,1,1003.3,128,3,1003.2,452,3,1003.1,662,10,1003.6,96,1,1003.8,197,4,1003.9,974,12,1004.0,3923,27,1004.1,896,17
317,2025-11-26 11:26:01+05:30,1003.6,350,997.47,4878847,431480.0,475260.0,986.2,1004.2,981.3,986.2,120663000,1084.8,887.6,1102.5,649.1,1003.5,75,2,1003.4,1,1,1003.3,470,6,1003.2,636,5,1003.1,749,15,1003.6,96,1,1003.8,108,1,1003.9,224,6,1004.0,3227,22,1004.1,815,12
317,2025-11-26 11:26:02+05:30,1003.3,4,997.47,4878927,431710.0,476675.0,986.2,1004.2,981.3,986.2,120663000,1084.8,887.6,1102.5,649.1,1003.3,259,4,1003.2,583,5,1003.1,543,12,1003.0,623,8,1002.9,902,11,1003.6,96,1,1003.8,323,3,1003.9,977,10,1004.0,3364,28,1004.1,757,13
317,2025-11-26 11:26:03+05:30,1003.3,4,997.47,4878927,431710.0,476675.0,986.2,1004.2,981.3,986.2,120663000,1084.8,887.6,1102.5,649.1,1003.3,259,4,1003.2,583,5,1003.1,543,12,1003.0,623,8,1002.9,902,11,1003.6,96,1,1003.8,323,3,1003.9,977,10,1004.0,3364,28,1004.1,757,13
317,2025-11-26 11:26:03+05:30,1003.3,4,997.47,4878927,431920.0,476740.0,986.2,1004.2,981.3,986.2,120663000,1084.8,887.6,1102.5,649.1,1003.3,448,6,1003.2,578,4,1003.1,601,13,1003.0,623,8,1002.9,902,11,1003.6,96,1,1003.8,501,4,1003.9,340,8,1004.0,3364,28,1004.1,748,12
317,2025-11-26 11:26:04+05:30,1003.6,185,997.47,4878927,431920.0,476740.0,986.2,1004.2,981.3,986.2,120663000,1084.8,887.6,1102.5,649.1,1003.3,448,6,1003.2,578,4,1003.1,601,13,1003.0,623,8,1002.9,902,11,1003.6,96,1,1003.8,501,4,1003.9,340,8,1004.0,3364,28,1004.1,748,12
317,2025-11-26 11:26:04+05:30,1003.6,185,997.47,4879112,431291.0,477135.0,986.2,1004.2,981.3,986.2,120663000,1084.8,887.6,1102.5,649.1,1003.3,254,4,1003.2,364,4,1003.1,622,14,1003.0,623,8,1002.9,800,9,1003.4,2,1,1003.6,96,1,1003.7,34,1,1003.8,338,4,1003.9,852,9
317,2025-11-26 11:26:05+05:30,1003.3,15,997.47,4879112,431291.0,477135.0,986.2,1004.2,981.3,986.2,120663000,1084.8,887.6,1102.5,649.1,1003.3,254,4,1003.2,364,4,1003.1,622,14,1003.0,623,8,1002.9,800,9,1003.4,2,1,1003.6,96,1,1003.7,34,1,1003.8,338,4,1003.9,852,9
317,2025-11-26 11:26:06+05:30,1003.4,2,997.47,4879112,431291.0,477135.0,986.2,1004.2,981.3,986.2,120663000,1084.8,887.6,1102.5,649.1,1003.3,254,4,1003.2,364,4,1003.1,622,14,1003.0,623,8,1002.9,800,9,1003.4,2,1,1003.6,96,1,1003.7,34,1,1003.8,338,4,1003.9,852,9
317,2025-11-26 11:26:06+05:30,1003.4,2,997.47,4879355,431537.0,476504.0,986.2,1004.2,981.3,986.2,120663000,1084.8,887.6,1102.5,649.1,1003.3,67,4,1003.2,468,3,1003.1,668,14,1003.0,623,8,1002.9,897,10,1003.7,34,1,1003.8,330,3,1003.9,859,7,1004.0,3426,30,1004.1,668,10
317,2025-11-26 11:26:07+05:30,1003.7,1,997.47,4879355,431537.0,476504.0,986.2,1004.2,981.3,986.2,120663000,1084.8,887.6,1102.5,649.1,1003.3,67,4,1003.2,468,3,1003.1,668,14,1003.0,623,8,1002.9,897,10,1003.7,34,1,1003.8,330,3,1003.9,859,7,1004.0,3426,30,1004.1,668,10
317,2025-11-26 11:26:07+05:30,1003.3,1,997.47,4879357,431536.0,476618.0,986.2,1004.2,981.3,986.2,120663000,1084.8,887.6,1102.5,649.1,1003.3,93,5,1003.2,574,5,1003.1,668,14,1003.0,623,8,1002.9,897,10,1003.7,33,1,1003.8,330,3,1003.9,859,7,1004.0,3426,30,1004.1,668,10
317,2025-11-26 11:26:08+05:30,1003.3,1,997.47,4879357,431536.0,476618.0,986.2,1004.2,981.3,986.2,120663000,1084.8,887.6,1102.5,649.1,1003.3,93,5,1003.2,574,5,1003.1,668,14,1003.0,623,8,1002.9,897,10,1003.7,33,1,1003.8,330,3,1003.9,859,7,1004.0,3426,30,1004.1,668,10
317,2025-11-26 11:26:08+05:30,1003.3,1,997.47,4879357,431537.0,476618.0,986.2,1004.2,981.3,986.2,120663000,1084.8,887.6,1102.5,649.1,1003.3,93,5,1003.2,574,5,1003.1,668,14,1003.0,623,8,1002.9,897,10,1003.7,33,1,1003.8,330,3,1003.9,859,7,1004.0,3426,30,1004.1,695,11
317,2025-11-26 11:26:09+05:30,1003.7,149,997.47,4879357,431537.0,476618.0,986.2,1004.2,981.3,986.2,120663000,1084.8,887.6,1102.5,649.1,1003.3,93,5,1003.2,574,5,1003.1,668,14,1003.0,623,8,1002.9,897,10,1003.7,33,1,1003.8,330,3,1003.9,859,7,1004.0,3426,30,1004.1,695,11
317,2025-11-26 11:26:09+05:30,1003.7,149,997.47,4879506,432380.0,474856.0,986.2,1004.2,981.3,986.2,120663000,1084.8,887.6,1102.5,649.1,1003.7,19,1,1003.4,202,1,1003.3,548,7,1003.2,688,7,1003.1,668,14,1003.8,223,2,1003.9,388,7,1004.0,3437,26,1004.1,664,13,1004.2,1839,16
317,2025-11-26 11:26:10+05:30,1003.7,13,997.47,4879506,432380.0,474856.0,986.2,1004.2,981.3,986.2,120663000,1084.8,887.6,1102.5,649.1,1003.7,19,1,1003.4,202,1,1003.3,548,7,1003.2,688,7,1003.1,668,14,1003.8,223,2,1003.9,388,7,1004.0,3437,26,1004.1,664,13,1004.2,1839,16
317,2025-11-26 11:26:10+05:30,1003.7,13,997.47,4879667,432019.0,476059.0,986.2,1004.2,981.3,986.2,120663000,1084.8,887.6,1102.5,649.1,1003.3,149,5,1003.2,567,5,1003.1,562,13,1003.0,623,8,1002.9,983,11,1003.7,83,1,1003.8,457,4,1003.9,1001,8,1004.0,3464,26,1004.1,774,15
317,2025-11-26 11:26:11+05:30,1003.7,500,997.47,4879667,432019.0,476059.0,986.2,1004.2,981.3,986.2,120663000,1084.8,887.6,1102.5,649.1,1003.3,149,5,1003.2,567,5,1003.1,562,13,1003.0,623,8,1002.9,983,11,1003.7,83,1,1003.8,457,4,1003.9,1001,8,1004.0,3464,26,1004.1,774,15
317,2025-11-26 11:26:11+05:30,1003.7,500,997.47,4880167,432822.0,475742.0,986.2,1004.2,981.3,986.2,120663000,1084.8,887.6,1102.5,649.1,1003.4,43,1,1003.3,244,6,1003.2,737,5,1003.1,838,17,1003.0,825,9,1003.7,96,1,1003.8,106,1,1003.9,802,6,1004.0,3207,24,1004.1,793,15
317,2025-11-26 11:26:12+05:30,1003.7,500,997.47,4880167,432839.0,475892.0,986.2,1004.2,981.3,986.2,120663000,1084.8,887.6,1102.5,649.1,1003.4,88,2,1003.3,177,4,1003.2,780,6,1003.1,746,15,1003.0,825,9,1003.7,96,1,1003.8,106,1,1003.9,980,7,1004.0,3207,24,1004.1,793,15
317,2025-11-26 11:26:13+05:30,1003.9,158,997.47,4880167,432839.0,475892.0,986.2,1004.2,981.3,986.2,120663000,1084.8,887.6,1102.5,649.1,1003.4,88,2,1003.3,177,4,1003.2,780,6,1003.1,746,15,1003.0,825,9,1003.7,96,1,1003.8,106,1,1003.9,980,7,1004.0,3207,24,1004.1,793,15
317,2025-11-26 11:26:14+05:30,1004.0,35,997.48,4881052,433366.0,472909.0,986.2,1004.2,981.3,986.2,120663000,1084.8,887.6,1102.5,649.1,1003.9,16,1,1003.6,250,3,1003.5,601,3,1003.4,768,8,1003.3,937,12,1004.0,2779,14,1004.1,196,3,1004.2,1622,12,1004.3,1486,8,1004.4,5843,19
317,2025-11-26 11:26:14+05:30,1004.0,35,997.48,4881052,433366.0,472909.0,986.2,1004.2,981.3,986.2,120663000,1084.8,887.6,1102.5,649.1,1003.9,16,1,1003.6,250,3,1003.5,601,3,1003.4,768,8,1003.3,937,12,1004.0,2779,14,1004.1,196,3,1004.2,1622,12,1004.3,1486,8,1004.4,5843,19
317,2025-11-26 11:26:15+05:30,1004.0,104,997.48,4881156,431387.0,473480.0,986.2,1004.2,981.3,986.2,120663000,1084.8,887.6,1102.5,649.1,1003.9,16,1,1003.7,44,2,1003.6,207,2,1003.5,835,5,1003.4,824,9,1004.0,3134,15,1004.1,611,4,1004.2,1622,12,1004.3,1535,9,1004.4,5828,16
317,2025-11-26 11:26:15+05:30,1004.0,104,997.48,4881156,431387.0,473480.0,986.2,1004.2,981.3,986.2,120663000,1084.8,887.6,1102.5,649.1,1003.9,16,1,1003.7,44,2,1003.6,207,2,1003.5,835,5,1003.4,824,9,1004.0,3134,15,1004.1,611,4,1004.2,1622,12,1004.3,1535,9,1004.4,5828,16
317,2025-11-26 11:26:16+05:30,1004.0,70,997.48,4881337,432984.0,473884.0,986.2,1004.2,981.3,986.2,120663000,1084.8,887.6,1102.5,649.1,1003.7,1,1,1003.6,207,2,1003.5,921,7,1003.4,794,9,1003.3,1060,15,1004.0,3420,15,1004.1,717,4,1004.2,1263,12,1004.3,1515,10,1004.4,5812,15
317,2025-11-26 11:26:16+05:30,1004.0,70,997.48,4881337,432984.0,473884.0,986.2,1004.2,981.3,986.2,120663000,1084.8,887.6,1102.5,649.1,1003.7,1,1,1003.6,207,2,1003.5,921,7,1003.4,794,9,1003.3,1060,15,1004.0,3420,15,1004.1,717,4,1004.2,1263,12,1004.3,1515,10,1004.4,5812,15
317,2025-11-26 11:26:17+05:30,1004.0,70,997.48,4881337,432834.0,473757.0,986.2,1004.2,981.3,986.2,120663000,1084.8,887.6,1102.5,649.1,1003.7,1,1,1003.6,250,3,1003.5,878,6,1003.4,794,9,1003.3,1060,15,1004.0,3420,15,1004.1,718,5,1004.2,1255,11,1004.3,1570,11,1004.4,5812,15
317,2025-11-26 11:26:17+05:30,1004.0,20,997.48,4881337,432834.0,473757.0,986.2,1004.2,981.3,986.2,120663000,1084.8,887.6,1102.5,649.1,1003.7,1,1,1003.6,250,3,1003.5,878,6,1003.4,794,9,1003.3,1060,15,1004.0,3420,15,1004.1,718,5,1004.2,1255,11,1004.3,1570,11,1004.4,5812,15
317,2025-11-26 11:26:18+05:30,1004.0,20,997.48,4881357,432834.0,473763.0,986.2,1004.2,981.3,986.2,120663000,1084.8,887.6,1102.5,649.1,1003.7,1,1,1003.6,250,3,1003.5,878,6,1003.4,794,9,1003.3,1060,15,1004.0,3400,15,1004.1,718,5,1004.2,1255,11,1004.3,1570,11,1004.4,5812,15
317,2025-11-26 11:26:19+05:30,1004.0,181,997.48,4881574,432229.0,473017.0,986.2,1004.2,981.3,986.2,120663000,1084.8,887.6,1102.5,649.1,1003.6,60,3,1003.5,822,5,1003.4,630,7,1003.3,1060,15,1003.2,1575,12,1004.0,3215,15,1004.1,718,5,1004.2,1318,13,1004.3,1570,11,1004.4,5842,16
317,2025-11-26 11:26:19+05:30,1004.0,181,997.48,4881574,432229.0,473017.0,986.2,1004.2,981.3,986.2,120663000,1084.8,887.6,1102.5,649.1,1003.6,60,3,1003.5,822,5,1003.4,630,7,1003.3,1060,15,1003.2,1575,12,1004.0,3215,15,1004.1,718,5,1004.2,1318,13,1004.3,1570,11,1004.4,5842,16
317,2025-11-26 11:26:20+05:30,1004.0,675,997.48,4882324,432023.0,473323.0,986.2,1004.2,981.3,986.2,120663000,1084.8,887.6,1102.5,649.1,1003.6,188,4,1003.5,390,5,1003.4,896,13,1003.3,891,11,1003.2,1540,12,1003.8,96,1,1004.0,2965,13,1004.1,718,5,1004.2,1383,12,1004.3,1570,11
317,2025-11-26 11:26:20+05:30,1003.6,1,997.48,4882324,432023.0,473323.0,986.2,1004.2,981.3,986.2,120663000,1084.8,887.6,1102.5,649.1,1003.6,188,4,1003.5,390,5,1003.4,896,13,1003.3,891,11,1003.2,1540,12,1003.8,96,1,1004.0,2965,13,1004.1,718,5,1004.2,1383,12,1004.3,1570,11
317,2025-11-26 11:26:21+05:30,1004.0,120,997.48,4883835,431892.0,473511.0,986.2,1004.2,981.3,986.2,120663000,1084.8,887.6,1102.5,649.1,1003.7,72,1,1003.6,335,6,1003.5,519,5,1003.4,812,13,1003.3,878,10,1004.0,2420,12,1004.1,540,4,1004.2,1357,12,1004.3,1529,11,1004.4,5782,15
317,2025-11-26 11:26:21+05:30,1004.0,120,997.48,4883835,431892.0,473511.0,986.2,1004.2,981.3,986.2,120663000,1084.8,887.6,1102.5,649.1,1003.7,72,1,1003.6,335,6,1003.5,519,5,1003.4,812,13,1003.3,878,10,1004.0,2420,12,1004.1,540,4,1004.2,1357,12,1004.3,1529,11,1004.4,5782,15
317,2025-11-26 11:26:22+05:30,1003.7,10,997.48,4883845,431856.0,473170.0,986.2,1004.2,981.3,986.2,120663000,1084.8,887.6,1102.5,649.1,1003.7,62,1,1003.6,309,5,1003.5,519,5,1003.4,812,13,1003.3,878,10,1004.0,2420,12,1004.1,540,4,1004.2,1327,11,1004.3,1578,12,1004.4,5782,15
317,2025-11-26 11:26:22+05:30,1003.7,40,997.48,4883845,431856.0,473170.0,986.2,1004.2,981.3,986.2,120663000,1084.8,887.6,1102.5,649.1,1003.7,62,1,1003.6,309,5,1003.5,519,5,1003.4,812,13,1003.3,878,10,1004.0,2420,12,1004.1,540,4,1004.2,1327,11,1004.3,1578,12,1004.4,5782,15
317,2025-11-26 11:26:23+05:30,1004.0,122,997.48,4884007,431258.0,473145.0,986.2,1004.2,981.3,986.2,120663000,1084.8,887.6,1102.5,649.1,1003.7,75,3,1003.6,4,1,1003.5,439,4,1003.4,610,12,1003.3,676,9,1004.0,2298,12,1004.1,758,6,1004.2,1433,13,1004.3,1570,11,1004.4,5760,16
317,2025-11-26 11:26:23+05:30,1004.0,122,997.48,4884007,431258.0,473145.0,986.2,1004.2,981.3,986.2,120663000,1084.8,887.6,1102.5,649.1,1003.7,75,3,1003.6,4,1,1003.5,439,4,1003.4,610,12,1003.3,676,9,1004.0,2298,12,1004.1,758,6,1004.2,1433,13,1004.3,1570,11,1004.4,5760,16
317,2025-11-26 11:26:24+05:30,1004.0,184,997.48,4884191,431471.0,473124.0,986.2,1004.2,981.3,986.2,120663000,1084.8,887.6,1102.5,649.1,1003.8,22,1,1003.7,13,1,1003.6,101,3,1003.5,456,4,1003.4,637,12,1004.0,2114,12,1004.1,611,4,1004.2,1367,12,1004.3,1515,10,1004.4,5752,15
317,2025-11-26 11:26:24+05:30,1004.0,184,997.48,4884191,431471.0,473124.0,986.2,1004.2,981.3,986.2,120663000,1084.8,887.6,1102.5,649.1,1003.8,22,1,1003.7,13,1,1003.6,101,3,1003.5,456,4,1003.4,637,12,1004.0,2114,12,1004.1,611,4,1004.2,1367,12,1004.3,1515,10,1004.4,5752,15
317,2025-11-26 11:26:25+05:30,1004.0,184,997.48,4884191,431441.0,472783.0,986.2,1004.2,981.3,986.2,120663000,1084.8,887.6,1102.5,649.1,1003.8,22,1,1003.7,13,1,1003.6,101,3,1003.5,456,4,1003.4,637,12,1004.0,2114,12,1004.1,611,4,1004.2,1367,12,1004.3,1515,10,1004.4,5752,15
317,2025-11-26 11:26:26+05:30,1004.0,184,997.48,4884191,432632.0,472661.0,986.2,1004.2,981.3,986.2,120663000,1084.8,887.6,1102.5,649.1,1003.9,22,1,1003.7,13,1,1003.6,263,3,1003.5,609,6,1003.4,637,12,1004.0,2114,12,1004.1,651,5,1004.2,1327,11,1004.3,1515,10,1004.4,5752,15
317,2025-11-26 11:26:27+05:30,1004.0,114,997.48,4884191,432632.0,472661.0,986.2,1004.2,981.3,986.2,120663000,1084.8,887.6,1102.5,649.1,1003.9,22,1,1003.7,13,1,1003.6,263,3,1003.5,609,6,1003.4,637,12,1004.0,2114,12,1004.1,651,5,1004.2,1327,11,1004.3,1515,10,1004.4,5752,15
317,2025-11-26 11:26:27+05:30,1004.0,50,997.48,4885105,432897.0,471682.0,986.2,1004.2,981.3,986.2,120663000,1084.8,887.6,1102.5,649.1,1003.9,35,2,1003.8,1,1,1003.7,235,4,1003.6,641,7,1003.5,657,7,1004.0,1426,8,1004.1,433,3,1004.2,1078,9,1004.3,1371,9,1004.4,5752,15
317,2025-11-26 11:26:28+05:30,1003.7,25,997.48,4885105,432897.0,471682.0,986.2,1004.2,981.3,986.2,120663000,1084.8,887.6,1102.5,649.1,1003.9,35,2,1003.8,1,1,1003.7,235,4,1003.6,641,7,1003.5,657,7,1004.0,1426,8,1004.1,433,3,1004.2,1078,9,1004.3,1371,9,1004.4,5752,15
317,2025-11-26 11:26:28+05:30,1003.7,25,997.48,4885956,432255.0,471468.0,986.2,1004.2,981.3,986.2,120663000,1084.8,887.6,1102.5,649.1,1003.9,16,1,1003.7,113,2,1003.6,655,7,1003.5,547,11,1003.4,531,7,1004.0,1234,6,1004.1,433,3,1004.2,1078,9,1004.3,1810,9,1004.4,5867,17
317,2025-11-26 11:26:29+05:30,1004.5,1,997.48,4885956,432255.0,471468.0,986.2,1004.2,981.3,986.2,120663000,1084.8,887.6,1102.5,649.1,1003.9,16,1,1003.7,113,2,1003.6,655,7,1003.5,547,11,1003.4,531,7,1004.0,1234,6,1004.1,433,3,1004.2,1078,9,1004.3,1810,9,1004.4,5867,17
317,2025-11-26 11:26:29+05:30,1004.5,9,997.5,4898656,437868.0,452275.0,986.2,1004.7,981.3,986.2,120663000,1084.8,887.6,1102.5,649.1,1004.5,84,3,1004.4,198,4,1004.3,374,7,1004.2,543,7,1004.1,1084,7,1004.7,6,1,1004.8,629,6,1004.9,3239,28,1005.0,67930,142,1005.1,714,9
317,2025-11-26 11:26:30+05:30,1004.1,44,997.5,4898656,437868.0,452275.0,986.2,1004.7,981.3,986.2,120663000,1084.8,887.6,1102.5,649.1,1004.5,84,3,1004.4,198,4,1004.3,374,7,1004.2,543,7,1004.1,1084,7,1004.7,6,1,1004.8,629,6,1004.9,3239,28,1005.0,67930,142,1005.1,714,9
317,2025-11-26 11:26:30+05:30,1004.1,8,997.51,4903264,433260.0,456811.0,986.2,1004.9,981.3,986.2,120663000,1084.8,887.6,1102.5,649.1,1004.1,415,8,1004.0,680,12,1003.9,773,11,1003.8,729,7,1003.7,767,9,1004.6,497,2,1004.7,105,1,1004.8,1112,7,1004.9,3170,21,1005.0,67242,141
317,2025-11-26 11:26:31+05:30,1004.6,230,997.51,4903264,433260.0,456811.0,986.2,1004.9,981.3,986.2,120663000,1084.8,887.6,1102.5,649.1,1004.1,415,8,1004.0,680,12,1003.9,773,11,1003.8,729,7,1003.7,767,9,1004.6,497,2,1004.7,105,1,1004.8,1112,7,1004.9,3170,21,1005.0,67242,141
317,2025-11-26 11:26:32+05:30,1004.6,121,997.51,4904389,433539.0,459618.0,986.2,1004.9,981.3,986.2,120663000,1084.8,887.6,1102.5,649.1,1004.1,440,5,1004.0,561,7,1003.9,760,10,1003.8,926,13,1003.7,958,11,1004.5,29,1,1004.6,423,4,1004.7,999,4,1004.8,1010,8,1004.9,3237,21
317,2025-11-26 11:26:32+05:30,1004.6,27,997.51,4904389,433539.0,459618.0,986.2,1004.9,981.3,986.2,120663000,1084.8,887.6,1102.5,649.1,1004.1,440,5,1004.0,561,7,1003.9,760,10,1003.8,926,13,1003.7,958,11,1004.5,29,1,1004.6,423,4,1004.7,999,4,1004.8,1010,8,1004.9,3237,21
317,2025-11-26 11:26:32+05:30,1004.6,27,997.51,4904478,433757.0,459722.0,986.2,1004.9,981.3,986.2,120663000,1084.8,887.6,1102.5,649.1,1004.1,482,7,1004.0,762,8,1003.9,813,11,1003.8,926,13,1003.7,945,10,1004.6,504,5,1004.7,999,4,1004.8,971,7,1004.9,3157,20,1005.0,67339,144
317,2025-11-26 11:26:33+05:30,1004.6,64,997.51,4904478,433757.0,459722.0,986.2,1004.9,981.3,986.2,120663000,1084.8,887.6,1102.5,649.1,1004.1,482,7,1004.0,762,8,1003.9,813,11,1003.8,926,13,1003.7,945,10,1004.6,504,5,1004.7,999,4,1004.8,971,7,1004.9,3157,20,1005.0,67339,144
317,2025-11-26 11:26:33+05:30,1004.2,10,997.51,4905243,433384.0,459888.0,986.2,1004.9,981.3,986.2,120663000,1084.8,887.6,1102.5,649.1,1004.2,76,3,1004.1,148,3,1004.0,687,7,1003.9,843,15,1003.8,896,9,1004.6,700,5,1004.7,950,3,1004.8,946,7,1004.9,3202,19,1005.0,67472,144
317,2025-11-26 11:26:34+05:30,1004.6,71,997.51,4905243,433384.0,459888.0,986.2,1004.9,981.3,986.2,120663000,1084.8,887.6,1102.5,649.1,1004.2,76,3,1004.1,148,3,1004.0,687,7,1003.9,843,15,1003.8,896,9,1004.6,700,5,1004.7,950,3,1004.8,946,7,1004.9,3202,19,1005.0,67472,144
317,2025-11-26 11:26:35+05:30,1004.6,84,997.51,4905614,433919.0,458958.0,986.2,1004.9,981.3,986.2,120663000,1084.8,887.6,1102.5,649.1,1004.3,142,2,1004.2,41,3,1004.1,496,5,1004.0,753,8,1003.9,927,16,1004.6,31,4,1004.7,999,4,1004.8,545,8,1004.9,3129,18,1005.0,67462,145
317,2025-11-26 11:26:35+05:30,1004.6,84,997.51,4905614,433919.0,458958.0,986.2,1004.9,981.3,986.2,120663000,1084.8,887.6,1102.5,649.1,1004.3,142,2,1004.2,41,3,1004.1,496,5,1004.0,753,8,1003.9,927,16,1004.6,31,4,1004.7,999,4,1004.8,545,8,1004.9,3129,18,1005.0,67462,145
317,2025-11-26 11:26:36+05:30,1004.6,9,997.51,4905669,433880.0,458988.0,986.2,1004.9,981.3,986.2,120663000,1084.8,887.6,1102.5,649.1,1004.3,107,2,1004.2,41,3,1004.1,496,5,1004.0,753,8,1003.9,998,17,1004.6,12,4,1004.7,999,4,1004.8,955,8,1004.9,3134,19,1005.0,67462,145
317,2025-11-26 11:26:36+05:30,1004.7,565,997.51,4905669,433880.0,458988.0,986.2,1004.9,981.3,986.2,120663000,1084.8,887.6,1102.5,649.1,1004.3,107,2,1004.2,41,3,1004.1,496,5,1004.0,753,8,1003.9,998,17,1004.6,12,4,1004.7,999,4,1004.8,955,8,1004.9,3134,19,1005.0,67462,145
317,2025-11-26 11:26:37+05:30,1004.7,1,997.51,4906481,432410.0,458211.0,986.2,1004.9,981.3,986.2,120663000,1084.8,887.6,1102.5,649.1,1004.3,77,1,1004.2,220,3,1004.1,496,5,1004.0,712,10,1003.9,934,13,1004.7,283,4,1004.8,1053,8,1004.9,3159,21,1005.0,67712,146,1005.1,766,11
317,2025-11-26 11:26:37+05:30,1004.7,1,997.51,4906481,432410.0,458211.0,986.2,1004.9,981.3,986.2,120663000,1084.8,887.6,1102.5,649.1,1004.3,77,1,1004.2,220,3,1004.1,496,5,1004.0,712,10,1003.9,934,13,1004.7,283,4,1004.8,1053,8,1004.9,3159,21,1005.0,67712,146,1005.1,766,11
317,2025-11-26 11:26:38+05:30,1004.7,50,997.51,4906531,433483.0,458750.0,986.2,1004.9,981.3,986.2,120663000,1084.8,887.6,1102.5,649.1,1004.3,90,2,1004.2,385,3,1004.1,496,5,1004.0,712,10,1003.9,934,13,1004.7,175,1,1004.8,1459,8,1004.9,3071,19,1005.0,67724,147,1005.1,985,13
317,2025-11-26 11:26:38+05:30,1004.7,50,997.51,4906531,433483.0,458750.0,986.2,1004.9,981.3,986.2,120663000,1084.8,887.6,1102.5,649.1,1004.3,90,2,1004.2,385,3,1004.1,496,5,1004.0,712,10,1003.9,934,13,1004.7,175,1,1004.8,1459,8,1004.9,3071,19,1005.0,67724,147,1005.1,985,13
317,2025-11-26 11:26:39+05:30,1004.7,14,997.51,4906721,435824.0,457881.0,986.2,1004.9,981.3,986.2,120663000,1084.8,887.6,1102.5,649.1,1004.3,399,6,1004.2,1098,6,1004.1,665,7,1004.0,954,13,1003.9,913,12,1004.7,161,2,1004.8,788,5,1004.9,3009,17,1005.0,67585,140,1005.1,814,15
317,2025-11-26 11:26:39+05:30,1004.7,139,997.51,4906721,435824.0,457881.0,986.2,1004.9,981.3,986.2,120663000,1084.8,887.6,1102.5,649.1,1004.3,399,6,1004.2,1098,6,1004.1,665,7,1004.0,954,13,1003.9,913,12,1004.7,161,2,1004.8,788,5,1004.9,3009,17,1005.0,67585,140,1005.1,814,15
317,2025-11-26 11:26:40+05:30,1004.7,139,997.51,4906860,435926.0,457668.0,986.2,1004.9,981.3,986.2,120663000,1084.8,887.6,1102.5,649.1,1004.3,429,7,1004.2,1170,7,1004.1,665,7,1004.0,954,13,1003.9,913,12,1004.7,22,2,1004.8,610,4,1004.9,2831,16,1005.0,67544,139,1005.1,927,17
317,2025-11-26 11:26:40+05:30,1004.7,1,997.51,4906860,435926.0,457668.0,986.2,1004.9,981.3,986.2,120663000,1084.8,887.6,1102.5,649.1,1004.3,429,7,1004.2,1170,7,1004.1,665,7,1004.0,954,13,1003.9,913,12,1004.7,22,2,1004.8,610,4,1004.9,2831,16,1005.0,67544,139,1005.1,927,17
317,2025-11-26 11:26:41+05:30,1004.8,645,997.51,4908600,437104.0,456861.0,986.2,1004.9,981.3,986.2,120663000,1084.8,887.6,1102.5,649.1,1004.6,82,2,1004.5,100,2,1004.4,275,2,1004.3,1041,7,1004.2,850,8,1004.7,1,1,1004.8,180,1,1004.9,2517,15,1005.0,66992,134,1005.1,639,8
317,2025-11-26 11:26:41+05:30,1004.8,645,997.51,4908600,437104.0,456861.0,986.2,1004.9,981.3,986.2,120663000,1084.8,887.6,1102.5,649.1,1004.6,82,2,1004.5,100,2,1004.4,275,2,1004.3,1041,7,1004.2,850,8,1004.7,1,1,1004.8,180,1,1004.9,2517,15,1005.0,66992,134,1005.1,639,8
317,2025-11-26 11:26:41+05:30,1004.8,22,997.51,4908803,436846.0,457741.0,986.2,1004.9,981.3,986.2,120663000,1084.8,887.6,1102.5,649.1,1004.6,82,2,1004.5,100,2,1004.4,380,2,1004.3,919,5,1004.2,850,8,1004.8,1,1,1004.9,2606,16,1005.0,67716,140,1005.1,840,15,1005.2,1322,12
317,2025-11-26 11:26:42+05:30,1004.7,1,997.51,4908803,436846.0,457741.0,986.2,1004.9,981.3,986.2,120663000,1084.8,887.6,1102.5,649.1,1004.6,82,2,1004.5,100,2,1004.4,380,2,1004.3,919,5,1004.2,850,8,1004.8,1,1,1004.9,2606,16,1005.0,67716,140,1005.1,840,15,1005.2,1322,12
317,2025-11-26 11:26:43+05:30,1004.7,1,997.51,4908804,434599.0,459090.0,986.2,1004.9,981.3,986.2,120663000,1084.8,887.6,1102.5,649.1,1004.6,90,2,1004.5,70,1,1004.3,703,2,1004.2,576,6,1004.1,581,8,1004.7,40,1,1004.8,1,1,1004.9,2401,22,1005.0,67737,142,1005.1,801,14
317,2025-11-26 11:26:43+05:30,1004.7,119,997.51,4908804,434599.0,459090.0,986.2,1004.9,981.3,986.2,120663000,1084.8,887.6,1102.5,649.1,1004.6,90,2,1004.5,70,1,1004.3,703,2,1004.2,576,6,1004.1,581,8,1004.7,40,1,1004.8,1,1,1004.9,2401,22,1005.0,67737,142,1005.1,801,14
317,2025-11-26 11:26:44+05:30,1004.7,3,997.51,4908930,434846.0,458536.0,986.2,1004.9,981.3,986.2,120663000,1084.8,887.6,1102.5,649.1,1004.7,16,1,1004.6,160,3,1004.3,706,2,1004.2,659,8,1004.1,626,9,1004.8,274,3,1004.9,2217,20,1005.0,67678,140,1005.1,827,16,1005.2,1369,11
317,2025-11-26 11:26:44+05:30,1004.8,76,997.51,4908930,434846.0,458536.0,986.2,1004.9,981.3,986.2,120663000,1084.8,887.6,1102.5,649.1,1004.7,16,1,1004.6,160,3,1004.3,706,2,1004.2,659,8,1004.1,626,9,1004.8,274,3,1004.9,2217,20,1005.0,67678,140,1005.1,827,16,1005.2,1369,11
317,2025-11-26 11:26:44+05:30,1004.8,76,997.51,4909007,433951.0,459327.0,986.2,1004.9,981.3,986.2,120663000,1084.8,887.6,1102.5,649.1,1004.7,26,2,1004.6,70,1,1004.4,202,1,1004.3,706,2,1004.2,659,8,1004.9,2313,19,1005.0,67696,140,1005.1,853,17,1005.2,1369,11,1005.3,1312,12
317,2025-11-26 11:26:45+05:30,1004.9,113,997.51,4909007,433951.0,459327.0,986.2,1004.9,981.3,986.2,120663000,1084.8,887.6,1102.5,649.1,1004.7,26,2,1004.6,70,1,1004.4,202,1,1004.3,706,2,1004.2,659,8,1004.9,2313,19,1005.0,67696,140,1005.1,853,17,1005.2,1369,11,1005.3,1312,12
317,2025-11-26 11:26:45+05:30,1004.9,113,997.52,4910367,433825.0,462415.0,986.2,1004.9,981.3,986.2,120663000,1084.8,887.6,1102.5,649.1,1004.8,50,1,1004.7,29,3,1004.6,70,1,1004.4,202,1,1004.3,1065,5,1004.9,762,9,1005.0,71896,138,1005.1,825,17,1005.2,1369,11,1005.3,1300,11
317,2025-11-26 11:26:46+05:30,1004.9,67,997.52,4910367,433825.0,462415.0,986.2,1004.9,981.3,986.2,120663000,1084.8,887.6,1102.5,649.1,1004.8,50,1,1004.7,29,3,1004.6,70,1,1004.4,202,1,1004.3,1065,5,1004.9,762,9,1005.0,71896,138,1005.1,825,17,1005.2,1369,11,1005.3,1300,11
317,2025-11-26 11:26:46+05:30,1004.9,67,997.52,4910532,433656.0,462867.0,986.2,1004.9,981.3,986.2,120663000,1084.8,887.6,1102.5,649.1,1004.8,120,2,1004.7,10,2,1004.4,202,1,1004.3,1065,5,1004.2,700,11,1004.9,603,5,1005.0,71935,139,1005.1,790,11,1005.2,1396,13,1005.3,2050,12
317,2025-11-26 11:26:47+05:30,1004.9,89,997.52,4910532,433656.0,462867.0,986.2,1004.9,981.3,986.2,120663000,1084.8,887.6,1102.5,649.1,1004.8,120,2,1004.7,10,2,1004.4,202,1,1004.3,1065,5,1004.2,700,11,1004.9,603,5,1005.0,71935,139,1005.1,790,11,1005.2,1396,13,1005.3,2050,12
317,2025-11-26 11:26:48+05:30,1004.9,89,997.52,4910643,434142.0,462476.0,986.2,1004.9,981.3,986.2,120663000,1084.8,887.6,1102.5,649.1,1004.8,143,3,1004.5,202,1,1004.4,449,2,1004.3,1065,5,1004.2,700,11,1004.9,592,6,1005.0,68010,141,1005.1,822,13,1005.2,1443,16,1005.3,2240,14
317,2025-11-26 11:26:49+05:30,1004.9,186,997.52,4910829,434205.0,462416.0,986.2,1004.9,981.3,986.2,120663000,1084.8,887.6,1102.5,649.1,1004.8,143,3,1004.5,202,1,1004.4,449,2,1004.3,561,4,1004.2,700,11,1004.9,533,7,1005.0,67960,140,1005.1,822,13,1005.2,1443,16,1005.3,2240,14
317,2025-11-26 11:26:49+05:30,1004.9,186,997.52,4910829,434205.0,462416.0,986.2,1004.9,981.3,986.2,120663000,1084.8,887.6,1102.5,649.1,1004.8,143,3,1004.5,202,1,1004.4,449,2,1004.3,561,4,1004.2,700,11,1004.9,533,7,1005.0,67960,140,1005.1,822,13,1005.2,1443,16,1005.3,2240,14
317,2025-11-26 11:26:50+05:30,1004.8,10,997.52,4910839,434172.0,462416.0,986.2,1004.9,981.3,986.2,120663000,1084.8,887.6,1102.5,649.1,1004.8,133,3,1004.5,202,1,1004.4,449,2,1004.3,561,4,1004.2,700,11,1004.9,533,7,1005.0,67960,140,1005.1,822,13,1005.2,1443,16,1005.3,2240,14
317,2025-11-26 11:26:50+05:30,1004.8,23,997.52,4910839,434172.0,462416.0,986.2,1004.9,981.3,986.2,120663000,1084.8,887.6,1102.5,649.1,1004.8,133,3,1004.5,202,1,1004.4,449,2,1004.3,561,4,1004.2,700,11,1004.9,533,7,1005.0,67960,140,1005.1,822,13,1005.2,1443,16,1005.3,2240,14
317,2025-11-26 11:26:51+05:30,1004.8,23,997.52,4910972,432982.0,464828.0,986.2,1004.9,981.3,986.2,120663000,1084.8,887.6,1102.5,649.1,1004.4,50,1,1004.3,233,3,1004.2,1220,9,1004.1,480,9,1004.0,1802,15,1004.8,305,4,1004.9,1521,12,1005.0,68315,144,1005.1,856,13,1005.2,1481,17
317,2025-11-26 11:26:52+05:30,1004.8,23,997.52,4910972,432267.0,464866.0,986.2,1004.9,981.3,986.2,120663000,1084.8,887.6,1102.5,649.1,1004.3,233,3,1004.2,1028,8,1004.1,480,9,1004.0,1165,14,1003.9,815,10,1004.8,483,7,1004.9,1521,12,1005.0,68327,145,1005.1,856,13,1005.2,1303,16
317,2025-11-26 11:26:53+05:30,1004.8,23,997.52,4910972,432268.0,464927.0,986.2,1004.9,981.3,986.2,120663000,1084.8,887.6,1102.5,649.1,1004.3,234,4,1004.2,1028,8,1004.1,480,9,1004.0,1165,14,1003.9,815,10,1004.8,993,8,1004.9,1167,14,1005.0,68304,144,1005.1,856,13,1005.2,1303,16
317,2025-11-26 11:26:53+05:30,1004.3,2,997.52,4910972,432268.0,464927.0,986.2,1004.9,981.3,986.2,120663000,1084.8,887.6,1102.5,649.1,1004.3,234,4,1004.2,1028,8,1004.1,480,9,1004.0,1165,14,1003.9,815,10,1004.8,993,8,1004.9,1167,14,1005.0,68304,144,1005.1,856,13,1005.2,1303,16
317,2025-11-26 11:26:54+05:30,1004.8,81,997.52,4911168,432233.0,463220.0,986.2,1004.9,981.3,986.2,120663000,1084.8,887.6,1102.5,649.1,1004.3,222,4,1004.2,1028,8,1004.1,480,9,1004.0,1165,14,1003.9,815,10,1004.8,340,6,1004.9,1738,15,1005.0,68304,144,1005.1,856,13,1005.2,1481,17
317,2025-11-26 11:26:54+05:30,1004.8,12,997.52,4911168,432233.0,463220.0,986.2,1004.9,981.3,986.2,120663000,1084.8,887.6,1102.5,649.1,1004.3,222,4,1004.2,1028,8,1004.1,480,9,1004.0,1165,14,1003.9,815,10,1004.8,340,6,1004.9,1738,15,1005.0,68304,144,1005.1,856,13,1005.2,1481,17
317,2025-11-26 11:26:55+05:30,1004.4,96,997.52,4911396,431223.0,464436.0,986.2,1004.9,981.3,986.2,120663000,1084.8,887.6,1102.5,649.1,1004.3,1,1,1004.2,13,1,1004.1,322,3,1004.0,1075,9,1003.9,681,8,1004.4,96,1,1004.7,573,4,1004.8,986,9,1004.9,912,14,1005.0,68120,139
317,2025-11-26 11:26:55+05:30,1004.4,96,997.52,4911396,431223.0,464436.0,986.2,1004.9,981.3,986.2,120663000,1084.8,887.6,1102.5,649.1,1004.3,1,1,1004.2,13,1,1004.1,322,3,1004.0,1075,9,1003.9,681,8,1004.4,96,1,1004.7,573,4,1004.8,986,9,1004.9,912,14,1005.0,68120,139
317,2025-11-26 11:26:56+05:30,1004.6,1,997.52,4912157,429903.0,462778.0,986.2,1004.9,981.3,986.2,120663000,1084.8,887.6,1102.5,649.1,1004.1,137,2,1004.0,1040,7,1003.9,626,12,1003.8,1065,9,1003.7,835,11,1004.6,372,5,1004.7,479,6,1004.8,973,8,1004.9,1388,15,1005.0,67505,137
317,2025-11-26 11:26:56+05:30,1004.6,96,997.52,4912157,429903.0,462778.0,986.2,1004.9,981.3,986.2,120663000,1084.8,887.6,1102.5,649.1,1004.1,137,2,1004.0,1040,7,1003.9,626,12,1003.8,1065,9,1003.7,835,11,1004.6,372,5,1004.7,479,6,1004.8,973,8,1004.9,1388,15,1005.0,67505,137
317,2025-11-26 11:26:57+05:30,1004.6,96,997.52,4912253,429663.0,463283.0,986.2,1004.9,981.3,986.2,120663000,1084.8,887.6,1102.5,649.1,1004.1,225,2,1004.0,450,6,1003.9,999,6,1003.8,756,10,1003.7,914,16,1004.6,703,9,1004.7,1253,8,1004.8,371,6,1004.9,1202,14,1005.0,67683,138
317,2025-11-26 11:26:57+05:30,1004.6,15,997.52,4912253,429663.0,463283.0,986.2,1004.9,981.3,986.2,120663000,1084.8,887.6,1102.5,649.1,1004.1,225,2,1004.0,450,6,1003.9,999,6,1003.8,756,10,1003.7,914,16,1004.6,703,9,1004.7,1253,8,1004.8,371,6,1004.9,1202,14,1005.0,67683,138
317,2025-11-26 11:26:58+05:30,1004.6,15,997.52,4912268,428765.0,465975.0,986.2,1004.9,981.3,986.2,120663000,1084.8,887.6,1102.5,649.1,1004.0,206,4,1003.9,521,5,1003.8,431,3,1003.7,1232,13,1003.6,1907,15,1004.5,605,9,1004.6,741,14,1004.7,698,7,1004.8,464,8,1004.9,2833,15
317,2025-11-26 11:26:59+05:30,1004.5,73,997.52,4912453,428818.0,465896.0,986.2,1004.9,981.3,986.2,120663000,1084.8,887.6,1102.5,649.1,1004.0,206,4,1003.9,425,4,1003.8,431,3,1003.7,1232,13,1003.6,1907,15,1004.5,579,7,1004.6,741,14,1004.7,739,8,1004.8,536,10,1004.9,2655,14
317,2025-11-26 11:26:59+05:30,1004.5,73,997.52,4912453,428818.0,465896.0,986.2,1004.9,981.3,986.2,120663000,1084.8,887.6,1102.5,649.1,1004.0,206,4,1003.9,425,4,1003.8,431,3,1003.7,1232,13,1003.6,1907,15,1004.5,579,7,1004.6,741,14,1004.7,739,8,1004.8,536,10,1004.9,2655,14
317,2025-11-26 11:27:00+05:30,1004.5,73,997.52,4912453,429417.0,466378.0,986.2,1004.9,981.3,986.2,120663000,1084.8,887.6,1102.5,649.1,1004.1,30,1,1004.0,49,2,1003.9,291,3,1003.8,431,3,1003.7,1232,13,1004.3,96,1,1004.4,153,3,1004.5,622,9,1004.6,742,15,1004.7,739,8
317,2025-11-26 11:27:00+05:30,1004.3,45,997.52,4912453,429417.0,466378.0,986.2,1004.9,981.3,986.2,120663000,1084.8,887.6,1102.5,649.1,1004.1,30,1,1004.0,49,2,1003.9,291,3,1003.8,431,3,1003.7,1232,13,1004.3,96,1,1004.4,153,3,1004.5,622,9,1004.6,742,15,1004.7,739,8
317,2025-11-26 11:27:01+05:30,1004.2,8,997.52,4912506,429428.0,466571.0,986.2,1004.9,981.3,986.2,120663000,1084.8,887.6,1102.5,649.1,1004.2,75,1,1004.1,30,1,1004.0,49,2,1003.9,291,3,1003.8,1008,4,1004.3,51,1,1004.4,49,1,1004.5,580,8,1004.6,742,15,1004.7,727,7
317,2025-11-26 11:27:01+05:30,1004.3,5,997.52,4912506,429428.0,466571.0,986.2,1004.9,981.3,986.2,120663000,1084.8,887.6,1102.5,649.1,1004.2,75,1,1004.1,30,1,1004.0,49,2,1003.9,291,3,1003.8,1008,4,1004.3,51,1,1004.4,49,1,1004.5,580,8,1004.6,742,15,1004.7,727,7
317,2025-11-26 11:27:02+05:30,1004.3,5,997.52,4912518,429800.0,466939.0,986.2,1004.9,981.3,986.2,120663000,1084.8,887.6,1102.5,649.1,1004.2,158,2,1004.1,30,1,1004.0,49,2,1003.9,278,2,1003.8,1145,7,1004.3,220,2,1004.4,213,4,1004.5,795,10,1004.6,742,15,1004.7,686,6
317,2025-11-26 11:27:02+05:30,1004.3,1,997.52,4912518,429800.0,466939.0,986.2,1004.9,981.3,986.2,120663000,1084.8,887.6,1102.5,649.1,1004.2,158,2,1004.1,30,1,1004.0,49,2,1003.9,278,2,1003.8,1145,7,1004.3,220,2,1004.4,213,4,1004.5,795,10,1004.6,742,15,1004.7,686,6
317,2025-11-26 11:27:03+05:30,1004.3,1,997.52,4912519,429813.0,467330.0,986.2,1004.9,981.3,986.2,120663000,1084.8,887.6,1102.5,649.1,1004.2,171,3,1004.1,30,1,1004.0,49,2,1003.9,278,2,1003.8,1145,7,1004.3,219,2,1004.4,213,4,1004.5,795,10,1004.6,1246,18,1004.7,686,6
317,2025-11-26 11:27:03+05:30,1004.2,25,997.52,4912519,429813.0,467330.0,986.2,1004.9,981.3,986.2,120663000,1084.8,887.6,1102.5,649.1,1004.2,171,3,1004.1,30,1,1004.0,49,2,1003.9,278,2,1003.8,1145,7,1004.3,219,2,1004.4,213,4,1004.5,795,10,1004.6,1246,18,1004.7,686,6
317,2025-11-26 11:27:04+05:30,1004.3,148,997.52,4912730,422288.0,467353.0,986.2,1004.9,981.3,986.2,120663000,1084.8,887.6,1102.5,649.1,1004.2,146,3,1004.1,30,1,1004.0,49,2,1003.9,278,2,1003.8,1145,7,1004.3,178,3,1004.4,277,5,1004.5,795,10,1004.6,1246,18,1004.7,686,6
317,2025-11-26 11:27:04+05:30,1004.2,38,997.52,4912730,422288.0,467353.0,986.2,1004.9,981.3,986.2,120663000,1084.8,887.6,1102.5,649.1,1004.2,146,3,1004.1,30,1,1004.0,49,2,1003.9,278,2,1003.8,1145,7,1004.3,178,3,1004.4,277,5,1004.5,795,10,1004.6,1246,18,1004.7,686,6
317,2025-11-26 11:27:05+05:30,1004.2,146,997.52,4914526,428756.0,467246.0,986.2,1004.9,981.3,986.2,120663000,1084.8,887.6,1102.5,649.1,1004.2,86,1,1003.9,100,1,1003.8,162,2,1003.7,903,9,1003.6,1388,10,1004.3,217,2,1004.4,485,7,1004.5,985,7,1004.6,709,16,1004.7,955,8
317,2025-11-26 11:27:05+05:30,1004.3,67,997.52,4914526,428756.0,467246.0,986.2,1004.9,981.3,986.2,120663000,1084.8,887.6,1102.5,649.1,1004.2,86,1,1003.9,100,1,1003.8,162,2,1003.7,903,9,1003.6,1388,10,1004.3,217,2,1004.4,485,7,1004.5,985,7,1004.6,709,16,1004.7,955,8
317,2025-11-26 11:27:06+05:30,1004.3,67,997.52,4914626,428188.0,467314.0,986.2,1004.9,981.3,986.2,120663000,1084.8,887.6,1102.5,649.1,1004.0,49,1,1003.9,100,1,1003.8,162,2,1003.7,1042,12,1003.6,1388,10,1004.4,805,9,1004.5,1050,8,1004.6,709,16,1004.7,955,8,1004.8,434,9
317,2025-11-26 11:27:07+05:30,1004.3,67,997.52,4914626,428961.0,467205.0,986.2,1004.9,981.3,986.2,120663000,1084.8,887.6,1102.5,649.1,1004.0,49,1,1003.9,123,2,1003.8,346,3,1003.7,1042,12,1003.6,1388,10,1004.3,35,1,1004.4,661,8,1004.5,1061,9,1004.6,709,16,1004.7,955,8
317,2025-11-26 11:27:08+05:30,1004.0,73,997.52,4914699,427995.0,467205.0,986.2,1004.9,981.3,986.2,120663000,1084.8,887.6,1102.5,649.1,1004.0,49,1,1003.9,100,1,1003.8,346,3,1003.7,1042,12,1003.6,1388,10,1004.4,696,9,1004.5,1061,9,1004.6,709,16,1004.7,978,9,1004.8,423,8
317,2025-11-26 11:27:08+05:30,1004.0,73,997.52,4914699,427995.0,467205.0,986.2,1004.9,981.3,986.2,120663000,1084.8,887.6,1102.5,649.1,1004.0,49,1,1003.9,100,1,1003.8,346,3,1003.7,1042,12,1003.6,1388,10,1004.4,696,9,1004.5,1061,9,1004.6,709,16,1004.7,978,9,1004.8,423,8
317,2025-11-26 11:27:09+05:30,1004.4,61,997.52,4914884,428101.0,467105.0,986.2,1004.9,981.3,986.2,120663000,1084.8,887.6,1102.5,649.1,1004.0,49,1,1003.9,100,1,1003.8,162,2,1003.7,1042,12,1003.6,1388,10,1004.4,635,9,1004.5,1061,9,1004.6,709,16,1004.7,978,9,1004.8,423,8
317,2025-11-26 11:27:09+05:30,1004.0,30,997.52,4914884,428101.0,467105.0,986.2,1004.9,981.3,986.2,120663000,1084.8,887.6,1102.5,649.1,1004.0,49,1,1003.9,100,1,1003.8,162,2,1003.7,1042,12,1003.6,1388,10,1004.4,635,9,1004.5,1061,9,1004.6,709,16,1004.7,978,9,1004.8,423,8
317,2025-11-26 11:27:10+05:30,1004.0,30,997.52,4914914,426457.0,468014.0,986.2,1004.9,981.3,986.2,120663000,1084.8,887.6,1102.5,649.1,1004.0,19,1,1003.9,100,1,1003.8,162,2,1003.7,937,5,1003.6,1315,9,1004.2,96,1,1004.3,392,4,1004.4,635,9,1004.5,1061,9,1004.6,709,16
317,2025-11-26 11:27:11+05:30,1004.2,10,997.52,4914924,427411.0,468506.0,986.2,1004.9,981.3,986.2,120663000,1084.8,887.6,1102.5,649.1,1004.0,19,1,1003.9,100,1,1003.8,162,2,1003.7,937,5,1003.6,1315,9,1004.2,86,1,1004.3,392,4,1004.4,635,9,1004.5,1061,9,1004.6,709,16
317,2025-11-26 11:27:11+05:30,1004.0,5,997.52,4914924,427411.0,468506.0,986.2,1004.9,981.3,986.2,120663000,1084.8,887.6,1102.5,649.1,1004.0,19,1,1003.9,100,1,1003.8,162,2,1003.7,937,5,1003.6,1315,9,1004.2,86,1,1004.3,392,4,1004.4,635,9,1004.5,1061,9,1004.6,709,16
317,2025-11-26 11:27:12+05:30,1004.0,5,997.52,4914929,428495.0,467827.0,986.2,1004.9,981.3,986.2,120663000,1084.8,887.6,1102.5,649.1,1004.0,14,1,1003.9,100,1,1003.8,187,3,1003.7,1001,6,1003.6,1341,11,1004.2,86,1,1004.3,202,1,1004.4,514,6,1004.5,1049,8,1004.6,601,14
317,2025-11-26 11:27:13+05:30,1004.2,1,997.52,4914930,428286.0,467829.0,986.2,1004.9,981.3,986.2,120663000,1084.8,887.6,1102.5,649.1,1004.0,14,1,1003.9,100,1,1003.8,162,2,1003.7,1001,6,1003.6,1341,11,1004.2,85,1,1004.3,202,1,1004.4,514,6,1004.5,1049,8,1004.6,629,16
317,2025-11-26 11:27:13+05:30,1004.2,1,997.52,4914930,428286.0,467829.0,986.2,1004.9,981.3,986.2,120663000,1084.8,887.6,1102.5,649.1,1004.0,14,1,1003.9,100,1,1003.8,162,2,1003.7,1001,6,1003.6,1341,11,1004.2,85,1,1004.3,202,1,1004.4,514,6,1004.5,1049,8,1004.6,629,16
317,2025-11-26 11:27:14+05:30,1004.2,184,997.52,4915116,428596.0,467524.0,986.2,1004.9,981.3,986.2,120663000,1084.8,887.6,1102.5,649.1,1004.1,112,1,1004.0,14,1,1003.9,100,1,1003.8,192,3,1003.7,1050,7,1004.2,96,1,1004.3,2,1,1004.4,514,6,1004.5,1049,8,1004.6,629,16
317,2025-11-26 11:27:14+05:30,1004.2,184,997.52,4915116,428596.0,467524.0,986.2,1004.9,981.3,986.2,120663000,1084.8,887.6,1102.5,649.1,1004.1,112,1,1004.0,14,1,1003.9,100,1,1003.8,192,3,1003.7,1050,7,1004.2,96,1,1004.3,2,1,1004.4,514,6,1004.5,1049,8,1004.6,629,16
317,2025-11-26 11:27:15+05:30,1004.1,91,997.52,4915319,427994.0,468049.0,986.2,1004.9,981.3,986.2,120663000,1084.8,887.6,1102.5,649.1,1003.9,100,1,1003.8,154,2,1003.7,819,4,1003.6,1270,8,1003.5,773,14,1004.1,5,1,1004.3,730,4,1004.4,564,6,1004.5,467,9,1004.6,780,15
317,2025-11-26 11:27:15+05:30,1004.1,91,997.52,4915319,427994.0,468049.0,986.2,1004.9,981.3,986.2,120663000,1084.8,887.6,1102.5,649.1,1003.9,100,1,1003.8,154,2,1003.7,819,4,1003.6,1270,8,1003.5,773,14,1004.1,5,1,1004.3,730,4,1004.4,564,6,1004.5,467,9,1004.6,780,15
317,2025-11-26 11:27:16+05:30,1004.1,4,997.52,4915323,426293.0,467737.0,986.2,1004.9,981.3,986.2,120663000,1084.8,887.6,1102.5,649.1,1004.0,29,1,1003.9,100,1,1003.8,338,3,1003.7,840,5,1003.6,1270,8,1004.1,1,1,1004.3,730,4,1004.4,564,6,1004.5,967,10,1004.6,599,15
317,2025-11-26 11:27:16+05:30,1004.1,82,997.52,4915323,426293.0,467737.0,986.2,1004.9,981.3,986.2,120663000,1084.8,887.6,1102.5,649.1,1004.0,29,1,1003.9,100,1,1003.8,338,3,1003.7,840,5,1003.6,1270,8,1004.1,1,1,1004.3,730,4,1004.4,564,6,1004.5,967,10,1004.6,599,15
317,2025-11-26 11:27:17+05:30,1004.1,82,997.52,4915405,426319.0,467598.0,986.2,1004.9,981.3,986.2,120663000,1084.8,887.6,1102.5,649.1,1004.0,29,1,1003.9,100,1,1003.8,154,2,1003.7,819,4,1003.6,1270,8,1004.1,172,2,1004.3,200,4,1004.4,1257,8,1004.5,944,10,1004.6,603,14
317,2025-11-26 11:27:18+05:30,1004.1,82,997.52,4915405,426291.0,467769.0,986.2,1004.9,981.3,986.2,120663000,1084.8,887.6,1102.5,649.1,1004.0,30,2,1003.9,100,1,1003.8,154,2,1003.7,819,4,1003.6,1270,8,1004.1,220,3,1004.2,77,2,1004.3,420,6,1004.4,1203,7,1004.5,944,10
317,2025-11-26 11:27:19+05:30,1004.1,14,997.52,4915622,425790.0,467507.0,986.2,1004.9,981.3,986.2,120663000,1084.8,887.6,1102.5,649.1,1004.0,42,3,1003.9,100,1,1003.8,154,2,1003.7,848,5,1003.6,1201,7,1004.1,207,4,1004.2,77,2,1004.3,309,4,1004.4,976,7,1004.5,1068,12
317,2025-11-26 11:27:19+05:30,1004.0,25,997.52,4915622,425790.0,467507.0,986.2,1004.9,981.3,986.2,120663000,1084.8,887.6,1102.5,649.1,1004.0,42,3,1003.9,100,1,1003.8,154,2,1003.7,848,5,1003.6,1201,7,1004.1,207,4,1004.2,77,2,1004.3,309,4,1004.4,976,7,1004.5,1068,12
317,2025-11-26 11:27:20+05:30,1004.0,58,997.52,4915732,426182.0,468123.0,986.2,1004.9,981.3,986.2,120663000,1084.8,887.6,1102.5,649.1,1003.9,100,1,1003.8,154,2,1003.7,316,3,1003.6,1336,10,1003.5,839,17,1004.0,129,2,1004.1,101,3,1004.2,77,2,1004.3,335,6,1004.4,951,6
317,2025-11-26 11:27:20+05:30,1004.0,58,997.52,4915732,426182.0,468123.0,986.2,1004.9,981.3,986.2,120663000,1084.8,887.6,1102.5,649.1,1003.9,100,1,1003.8,154,2,1003.7,316,3,1003.6,1336,10,1003.5,839,17,1004.0,129,2,1004.1,101,3,1004.2,77,2,1004.3,335,6,1004.4,951,6
317,2025-11-26 11:27:21+05:30,1004.0,58,997.52,4915732,426422.0,468144.0,986.2,1004.9,981.3,986.2,120663000,1084.8,887.6,1102.5,649.1,1003.9,366,3,1003.8,5,1,1003.7,838,4,1003.6,1336,10,1003.5,839,17,1004.0,129,2,1004.1,111,4,1004.2,77,2,1004.3,335,6,1004.4,951,6
317,2025-11-26 11:27:22+05:30,1004.0,58,997.52,4915732,426909.0,463030.0,986.2,1004.9,981.3,986.2,120663000,1084.8,887.6,1102.5,649.1,1003.9,366,3,1003.8,5,1,1003.7,838,4,1003.6,1336,10,1003.5,839,17,1004.0,129,2,1004.1,111,4,1004.2,77,2,1004.3,335,6,1004.4,953,7
317,2025-11-26 11:27:23+05:30,1003.9,23,997.52,4915937,426293.0,464631.0,986.2,1004.9,981.3,986.2,120663000,1084.8,887.6,1102.5,649.1,1003.8,5,1,1003.7,652,2,1003.6,1179,7,1003.5,800,16,1003.4,984,9,1004.0,129,2,1004.1,111,4,1004.2,465,7,1004.3,691,9,1004.4,917,6
317,2025-11-26 11:27:23+05:30,1003.9,23,997.52,4915937,426293.0,464631.0,986.2,1004.9,981.3,986.2,120663000,1084.8,887.6,1102.5,649.1,1003.8,5,1,1003.7,652,2,1003.6,1179,7,1003.5,800,16,1003.4,984,9,1004.0,129,2,1004.1,111,4,1004.2,465,7,1004.3,691,9,1004.4,917,6
317,2025-11-26 11:27:24+05:30,1004.0,55,997.52,4916121,426320.0,464713.0,986.2,1004.9,981.3,986.2,120663000,1084.8,887.6,1102.5,649.1,1003.8,5,1,1003.7,652,2,1003.6,1206,8,1003.5,800,16,1003.4,984,9,1004.0,137,2,1004.1,111,4,1004.2,492,7,1004.3,726,10,1004.4,917,6
317,2025-11-26 11:27:24+05:30,1004.0,1,997.52,4916121,426320.0,464713.0,986.2,1004.9,981.3,986.2,120663000,1084.8,887.6,1102.5,649.1,1003.8,5,1,1003.7,652,2,1003.6,1206,8,1003.5,800,16,1003.4,984,9,1004.0,137,2,1004.1,111,4,1004.2,492,7,1004.3,726,10,1004.4,917,6
317,2025-11-26 11:27:25+05:30,1003.8,50,997.52,4916303,427797.0,465822.0,986.2,1004.9,981.3,986.2,120663000,1084.8,887.6,1102.5,649.1,1003.7,171,1,1003.6,1030,5,1003.5,1198,15,1003.4,649,8,1003.3,1005,11,1003.8,86,2,1004.1,313,5,1004.2,626,10,1004.3,653,7,1004.4,1028,8
317,2025-11-26 11:27:25+05:30,1003.8,50,997.52,4916303,427797.0,465822.0,986.2,1004.9,981.3,986.2,120663000,1084.8,887.6,1102.5,649.1,1003.7,171,1,1003.6,1030,5,1003.5,1198,15,1003.4,649,8,1003.3,1005,11,1003.8,86,2,1004.1,313,5,1004.2,626,10,1004.3,653,7,1004.4,1028,8
317,2025-11-26 11:27:26+05:30,1004.0,750,997.53,4918556,427946.0,468674.0,986.2,1004.9,981.3,986.2,120663000,1084.8,887.6,1102.5,649.1,1003.6,937,4,1003.5,404,5,1003.4,1178,8,1003.3,891,10,1003.2,1869,15,1004.0,3663,2,1004.1,111,4,1004.2,450,6,1004.3,470,7,1004.4,463,6
317,2025-11-26 11:27:26+05:30,1004.0,750,997.53,4918556,427946.0,468674.0,986.2,1004.9,981.3,986.2,120663000,1084.8,887.6,1102.5,649.1,1003.6,937,4,1003.5,404,5,1003.4,1178,8,1003.3,891,10,1003.2,1869,15,1004.0,3663,2,1004.1,111,4,1004.2,450,6,1004.3,470,7,1004.4,463,6
317,2025-11-26 11:27:27+05:30,1004.0,100,997.53,4919566,428357.0,467021.0,986.2,1004.9,981.3,986.2,120663000,1084.8,887.6,1102.5,649.1,1003.7,647,3,1003.6,1460,10,1003.5,624,7,1003.4,638,9,1003.3,1186,11,1004.0,2653,2,1004.1,111,4,1004.2,186,4,1004.3,299,4,1004.4,384,3
317,2025-11-26 11:27:27+05:30,1004.0,100,997.53,4919566,428357.0,467021.0,986.2,1004.9,981.3,986.2,120663000,1084.8,887.6,1102.5,649.1,1003.7,647,3,1003.6,1460,10,1003.5,624,7,1003.4,638,9,1003.3,1186,11,1004.0,2653,2,1004.1,111,4,1004.2,186,4,1004.3,299,4,1004.4,384,3
317,2025-11-26 11:27:28+05:30,1004.0,118,997.53,4919684,428666.0,466809.0,986.2,1004.9,981.3,986.2,120663000,1084.8,887.6,1102.5,649.1,1003.7,784,5,1003.6,1522,12,1003.5,584,6,1003.4,766,15,1003.3,1212,13,1004.0,2535,2,1004.1,191,5,1004.2,369,4,1004.3,299,4,1004.4,384,3
317,2025-11-26 11:27:28+05:30,1004.0,118,997.53,4919684,428666.0,466809.0,986.2,1004.9,981.3,986.2,120663000,1084.8,887.6,1102.5,649.1,1003.7,784,5,1003.6,1522,12,1003.5,584,6,1003.4,766,15,1003.3,1212,13,1004.0,2535,2,1004.1,191,5,1004.2,369,4,1004.3,299,4,1004.4,384,3
317,2025-11-26 11:27:29+05:30,1003.7,58,997.53,4920814,427738.0,465989.0,986.2,1004.9,981.3,986.2,120663000,1084.8,887.6,1102.5,649.1,1003.7,106,2,1003.6,1290,8,1003.5,647,7,1003.4,687,10,1003.3,811,14,1004.0,1550,2,1004.1,191,5,1004.2,77,2,1004.3,309,5,1004.4,869,4
317,2025-11-26 11:27:29+05:30,1003.7,58,997.53,4920814,427738.0,465989.0,986.2,1004.9,981.3,986.2,120663000,1084.8,887.6,1102.5,649.1,1003.7,106,2,1003.6,1290,8,1003.5,647,7,1003.4,687,10,1003.3,811,14,1004.0,1550,2,1004.1,191,5,1004.2,77,2,1004.3,309,5,1004.4,869,4
317,2025-11-26 11:27:30+05:30,1003.8,750,997.53,4921698,427645.0,467337.0,986.2,1004.9,981.3,986.2,120663000,1084.8,887.6,1102.5,649.1,1003.7,19,2,1003.6,669,2,1003.5,351,3,1003.4,1169,11,1003.3,839,16,1003.8,136,2,1003.9,58,1,1004.0,1443,2,1004.1,743,15,1004.2,705,8
317,2025-11-26 11:27:30+05:30,1003.8,750,997.53,4921698,427645.0,467337.0,986.2,1004.9,981.3,986.2,120663000,1084.8,887.6,1102.5,649.1,1003.7,19,2,1003.6,669,2,1003.5,351,3,1003.4,1169,11,1003.3,839,16,1003.8,136,2,1003.9,58,1,1004.0,1443,2,1004.1,743,15,1004.2,705,8
317,2025-11-26 11:27:31+05:30,1003.7,8,997.53,4921706,427664.0,467337.0,986.2,1004.9,981.3,986.2,120663000,1084.8,887.6,1102.5,649.1,1003.7,11,2,1003.6,669,2,1003.5,351,3,1003.4,1169,11,1003.3,839,16,1003.8,136,2,1003.9,58,1,1004.0,1443,2,1004.1,743,15,1004.2,705,8
317,2025-11-26 11:27:31+05:30,1003.7,8,997.53,4921706,427664.0,467337.0,986.2,1004.9,981.3,986.2,120663000,1084.8,887.6,1102.5,649.1,1003.7,11,2,1003.6,669,2,1003.5,351,3,1003.4,1169,11,1003.3,839,16,1003.8,136,2,1003.9,58,1,1004.0,1443,2,1004.1,743,15,1004.2,705,8
317,2025-11-26 11:27:32+05:30,1003.7,8,997.53,4921706,427689.0,466945.0,986.2,1004.9,981.3,986.2,120663000,1084.8,887.6,1102.5,649.1,1003.7,11,2,1003.6,669,2,1003.5,351,3,1003.4,1169,11,1003.3,839,16,1003.8,136,2,1003.9,58,1,1004.0,1443,2,1004.1,743,15,1004.2,705,8
317,2025-11-26 11:27:33+05:30,1003.7,8,997.53,4921706,427753.0,467159.0,986.2,1004.9,981.3,986.2,120663000,1084.8,887.6,1102.5,649.1,1003.7,11,2,1003.6,669,2,1003.5,318,2,1003.4,1169,11,1003.3,813,14,1003.8,136,2,1003.9,58,1,1004.0,1507,5,1004.1,734,15,1004.2,705,8
317,2025-11-26 11:27:34+05:30,1003.8,81,997.53,4921706,427753.0,467159.0,986.2,1004.9,981.3,986.2,120663000,1084.8,887.6,1102.5,649.1,1003.7,11,2,1003.6,669,2,1003.5,318,2,1003.4,1169,11,1003.3,813,14,1003.8,136,2,1003.9,58,1,1004.0,1507,5,1004.1,734,15,1004.2,705,8
317,2025-11-26 11:27:34+05:30,1003.8,81,997.53,4922003,427668.0,467062.0,986.2,1004.9,981.3,986.2,120663000,1084.8,887.6,1102.5,649.1,1003.7,11,2,1003.6,669,2,1003.5,318,2,1003.4,1142,11,1003.3,813,14,1003.8,40,1,1003.9,58,1,1004.0,1507,5,1004.1,734,15,1004.2,705,8
317,2025-11-26 11:27:35+05:30,1003.8,44,997.53,4922003,427668.0,467062.0,986.2,1004.9,981.3,986.2,120663000,1084.8,887.6,1102.5,649.1,1003.7,11,2,1003.6,669,2,1003.5,318,2,1003.4,1142,11,1003.3,813,14,1003.8,40,1,1003.9,58,1,1004.0,1507,5,1004.1,734,15,1004.2,705,8
317,2025-11-26 11:27:35+05:30,1003.7,10,997.53,4922057,427693.0,466429.0,986.2,1004.9,981.3,986.2,120663000,1084.8,887.6,1102.5,649.1,1003.7,36,4,1003.6,669,2,1003.5,340,3,1003.4,1120,10,1003.3,813,14,1003.9,58,1,1004.0,1458,4,1004.1,644,9,1004.2,754,10,1004.3,419,6
317,2025-11-26 11:27:36+05:30,1003.9,30,997.53,4922057,427693.0,466429.0,986.2,1004.9,981.3,986.2,120663000,1084.8,887.6,1102.5,649.1,1003.7,36,4,1003.6,669,2,1003.5,340,3,1003.4,1120,10,1003.3,813,14,1003.9,58,1,1004.0,1458,4,1004.1,644,9,1004.2,754,10,1004.3,419,6
317,2025-11-26 11:27:36+05:30,1003.9,30,997.53,4922087,427449.0,466110.0,986.2,1004.9,981.3,986.2,120663000,1084.8,887.6,1102.5,649.1,1003.7,42,5,1003.6,669,2,1003.5,402,4,1003.4,1169,11,1003.3,734,9,1003.9,28,1,1004.0,1453,3,1004.1,580,8,1004.2,754,10,1004.3,475,8
317,2025-11-26 11:27:37+05:30,1003.7,9,997.53,4922087,427449.0,466110.0,986.2,1004.9,981.3,986.2,120663000,1084.8,887.6,1102.5,649.1,1003.7,42,5,1003.6,669,2,1003.5,402,4,1003.4,1169,11,1003.3,734,9,1003.9,28,1,1004.0,1453,3,1004.1,580,8,1004.2,754,10,1004.3,475,8
317,2025-11-26 11:27:37+05:30,1003.7,9,997.53,4922232,424901.0,467722.0,986.2,1004.9,981.3,986.2,120663000,1084.8,887.6,1102.5,649.1,1003.7,19,2,1003.6,669,2,1003.4,1040,7,1003.3,714,9,1003.2,1722,15,1003.9,28,1,1004.0,1913,8,1004.1,678,10,1004.2,754,10,1004.3,804,10
317,2025-11-26 11:27:38+05:30,1003.7,9,997.53,4922232,425252.0,467634.0,986.2,1004.9,981.3,986.2,120663000,1084.8,887.6,1102.5,649.1,1003.7,19,2,1003.6,669,2,1003.4,1040,7,1003.3,714,9,1003.2,2109,24,1003.9,28,1,1004.0,1900,8,1004.1,593,8,1004.2,754,10,1004.3,804,10
317,2025-11-26 11:27:39+05:30,1003.7,5,997.53,4922232,425252.0,467634.0,986.2,1004.9,981.3,986.2,120663000,1084.8,887.6,1102.5,649.1,1003.7,19,2,1003.6,669,2,1003.4,1040,7,1003.3,714,9,1003.2,2109,24,1003.9,28,1,1004.0,1900,8,1004.1,593,8,1004.2,754,10,1004.3,804,10
317,2025-11-26 11:27:39+05:30,1003.7,5,997.53,4922422,424884.0,467638.0,986.2,1004.9,981.3,986.2,120663000,1084.8,887.6,1102.5,649.1,1003.7,15,3,1003.6,669,2,1003.4,1151,9,1003.3,714,9,1003.2,2109,24,1003.9,29,1,1004.0,1640,6,1004.1,669,10,1004.2,754,10,1004.3,602,9
317,2025-11-26 11:27:40+05:30,1004.0,102,997.53,4922422,424884.0,467638.0,986.2,1004.9,981.3,986.2,120663000,1084.8,887.6,1102.5,649.1,1003.7,15,3,1003.6,669,2,1003.4,1151,9,1003.3,714,9,1003.2,2109,24,1003.9,29,1,1004.0,1640,6,1004.1,669,10,1004.2,754,10,1004.3,602,9
317,2025-11-26 11:27:40+05:30,1004.0,102,997.53,4922624,421895.0,467654.0,986.2,1004.9,981.3,986.2,120663000,1084.8,887.6,1102.5,649.1,1003.7,97,4,1003.6,669,2,1003.5,184,1,1003.4,1127,9,1003.3,757,10,1003.8,96,1,1004.0,1395,4,1004.1,691,9,1004.2,826,12,1004.3,602,9
317,2025-11-26 11:27:41+05:30,1004.0,102,997.53,4922624,422094.0,467500.0,986.2,1004.9,981.3,986.2,120663000,1084.8,887.6,1102.5,649.1,1003.7,97,4,1003.6,757,3,1003.5,391,3,1003.4,1176,10,1003.3,783,12,1003.8,96,1,1004.0,1280,3,1004.1,668,10,1004.2,800,10,1004.3,602,9
317,2025-11-26 11:27:42+05:30,1003.7,1,997.53,4922624,422094.0,467500.0,986.2,1004.9,981.3,986.2,120663000,1084.8,887.6,1102.5,649.1,1003.7,97,4,1003.6,757,3,1003.5,391,3,1003.4,1176,10,1003.3,783,12,1003.8,96,1,1004.0,1280,3,1004.1,668,10,1004.2,800,10,1004.3,602,9
317,2025-11-26 11:27:42+05:30,1003.7,1,997.53,4922625,422107.0,467542.0,986.2,1004.9,981.3,986.2,120663000,1084.8,887.6,1102.5,649.1,1003.7,96,4,1003.6,757,3,1003.5,330,2,1003.4,1176,10,1003.3,783,12,1003.8,96,1,1003.9,39,1,1004.0,1280,3,1004.1,580,9,1004.2,615,8
317,2025-11-26 11:27:43+05:30,1003.7,3,997.53,4922625,422107.0,467542.0,986.2,1004.9,981.3,986.2,120663000,1084.8,887.6,1102.5,649.1,1003.7,96,4,1003.6,757,3,1003.5,330,2,1003.4,1176,10,1003.3,783,12,1003.8,96,1,1003.9,39,1,1004.0,1280,3,1004.1,580,9,1004.2,615,8
317,2025-11-26 11:27:43+05:30,1003.8,60,997.53,4923133,421762.0,467961.0,986.2,1004.9,981.3,986.2,120663000,1084.8,887.6,1102.5,649.1,1003.7,25,2,1003.6,669,2,1003.5,200,1,1003.4,578,7,1003.3,1252,12,1003.8,33,1,1003.9,39,1,1004.0,1633,11,1004.1,816,14,1004.2,1189,9
317,2025-11-26 11:27:44+05:30,1003.8,184,997.53,4923133,421762.0,467961.0,986.2,1004.9,981.3,986.2,120663000,1084.8,887.6,1102.5,649.1,1003.7,25,2,1003.6,669,2,1003.5,200,1,1003.4,578,7,1003.3,1252,12,1003.8,33,1,1003.9,39,1,1004.0,1633,11,1004.1,816,14,1004.2,1189,9
317,2025-11-26 11:27:44+05:30,1003.8,184,997.53,4923317,421767.0,468157.0,986.2,1004.9,981.3,986.2,120663000,1084.8,887.6,1102.5,649.1,1003.7,29,4,1003.6,669,2,1003.5,200,1,1003.4,578,7,1003.3,1312,13,1003.8,96,1,1003.9,39,1,1004.0,1633,11,1004.1,816,14,1004.2,1223,9
317,2025-11-26 11:27:45+05:30,1003.7,10,997.53,4923317,421767.0,468157.0,986.2,1004.9,981.3,986.2,120663000,1084.8,887.6,1102.5,649.1,1003.7,29,4,1003.6,669,2,1003.5,200,1,1003.4,578,7,1003.3,1312,13,1003.8,96,1,1003.9,39,1,1004.0,1633,11,1004.1,816,14,1004.2,1223,9
317,2025-11-26 11:27:45+05:30,1003.7,10,997.53,4923392,423664.0,468487.0,986.2,1004.9,981.3,986.2,120663000,1084.8,887.6,1102.5,649.1,1003.6,669,2,1003.5,200,1,1003.4,386,5,1003.3,1261,12,1003.2,1844,16,1003.7,21,1,1003.9,39,1,1004.0,1566,10,1004.1,888,16,1004.2,1223,9
317,2025-11-26 11:27:46+05:30,1003.7,10,997.53,4923392,424650.0,468358.0,986.2,1004.9,981.3,986.2,120663000,1084.8,887.6,1102.5,649.1,1003.6,669,2,1003.5,200,1,1003.4,386,5,1003.3,1261,12,1003.2,1883,17,1003.7,21,1,1003.8,78,2,1003.9,10,1,1004.0,1556,9,1004.1,888,16
317,2025-11-26 11:27:47+05:30,1003.7,10,997.53,4923392,424650.0,468369.0,986.2,1004.9,981.3,986.2,120663000,1084.8,887.6,1102.5,649.1,1003.6,669,2,1003.5,200,1,1003.4,386,5,1003.3,1261,12,1003.2,2133,18,1003.7,21,1,1003.8,78,2,1003.9,10,1,1004.0,1565,10,1004.1,888,16
317,2025-11-26 11:27:48+05:30,1003.7,10,997.53,4923392,424637.0,467560.0,986.2,1004.9,981.3,986.2,120663000,1084.8,887.6,1102.5,649.1,1003.6,669,2,1003.5,200,1,1003.4,290,4,1003.3,1261,12,1003.2,1883,17,1003.7,21,1,1003.8,78,2,1003.9,85,2,1004.0,1666,11,1004.1,888,16
317,2025-11-26 11:27:49+05:30,1003.7,186,997.53,4923392,424637.0,467560.0,986.2,1004.9,981.3,986.2,120663000,1084.8,887.6,1102.5,649.1,1003.6,669,2,1003.5,200,1,1003.4,290,4,1003.3,1261,12,1003.2,1883,17,1003.7,21,1,1003.8,78,2,1003.9,85,2,1004.0,1666,11,1004.1,888,16
317,2025-11-26 11:27:49+05:30,1003.7,186,997.53,4923578,423994.0,468204.0,986.2,1004.9,981.3,986.2,120663000,1084.8,887.6,1102.5,649.1,1003.6,669,2,1003.5,200,1,1003.4,106,3,1003.3,912,6,1003.2,1546,16,1003.7,96,1,1003.8,78,2,1003.9,586,5,1004.0,1689,10,1004.1,850,14
317,2025-11-26 11:27:50+05:30,1003.5,145,997.53,4923578,423994.0,468204.0,986.2,1004.9,981.3,986.2,120663000,1084.8,887.6,1102.5,649.1,1003.6,669,2,1003.5,200,1,1003.4,106,3,1003.3,912,6,1003.2,1546,16,1003.7,96,1,1003.8,78,2,1003.9,586,5,1004.0,1689,10,1004.1,850,14
317,2025-11-26 11:27:50+05:30,1003.5,145,997.54,4924486,421324.0,470441.0,986.2,1004.9,981.3,986.2,120663000,1084.8,887.6,1102.5,649.1,1003.5,55,1,1003.4,18,2,1003.2,827,4,1003.1,1133,8,1003.0,1814,14,1003.6,192,2,1003.7,233,4,1003.8,1447,11,1003.9,875,10,1004.0,1972,14
317,2025-11-26 11:27:51+05:30,1003.6,4,997.54,4924486,421324.0,470441.0,986.2,1004.9,981.3,986.2,120663000,1084.8,887.6,1102.5,649.1,1003.5,55,1,1003.4,18,2,1003.2,827,4,1003.1,1133,8,1003.0,1814,14,1003.6,192,2,1003.7,233,4,1003.8,1447,11,1003.9,875,10,1004.0,1972,14
317,2025-11-26 11:27:51+05:30,1003.6,4,997.54,4924586,421887.0,470282.0,986.2,1004.9,981.3,986.2,120663000,1084.8,887.6,1102.5,649.1,1003.5,55,1,1003.4,18,2,1003.2,827,4,1003.1,1133,8,1003.0,1814,14,1003.6,186,2,1003.7,312,6,1003.8,1369,9,1003.9,888,11,1004.0,1959,13
317,2025-11-26 11:27:52+05:30,1003.7,14,997.54,4924586,421887.0,470282.0,986.2,1004.9,981.3,986.2,120663000,1084.8,887.6,1102.5,649.1,1003.5,55,1,1003.4,18,2,1003.2,827,4,1003.1,1133,8,1003.0,1814,14,1003.6,186,2,1003.7,312,6,1003.8,1369,9,1003.9,888,11,1004.0,1959,13
317,2025-11-26 11:27:52+05:30,1003.7,14,997.54,4925174,423492.0,467173.0,986.2,1004.9,981.3,986.2,120663000,1084.8,887.6,1102.5,649.1,1003.7,162,1,1003.5,68,2,1003.4,501,4,1003.3,894,6,1003.2,1386,12,1003.9,231,3,1004.0,1870,12,1004.1,853,11,1004.2,837,11,1004.3,1142,12
317,2025-11-26 11:27:53+05:30,1003.7,14,997.54,4925174,423457.0,467439.0,986.2,1004.9,981.3,986.2,120663000,1084.8,887.6,1102.5,649.1,1003.7,162,1,1003.5,68,2,1003.4,501,4,1003.3,894,6,1003.2,1412,14,1003.9,232,4,1004.0,1870,12,1004.1,888,12,1004.2,815,11,1004.3,1341,14
317,2025-11-26 11:27:54+05:30,1003.8,62,997.54,4925174,423457.0,467439.0,986.2,1004.9,981.3,986.2,120663000,1084.8,887.6,1102.5,649.1,1003.7,162,1,1003.5,68,2,1003.4,501,4,1003.3,894,6,1003.2,1412,14,1003.9,232,4,1004.0,1870,12,1004.1,888,12,1004.2,815,11,1004.3,1341,14
317,2025-11-26 11:27:54+05:30,1003.8,62,997.54,4925661,423496.0,467016.0,986.2,1004.9,981.3,986.2,120663000,1084.8,887.6,1102.5,649.1,1003.7,13,1,1003.6,5,1,1003.5,610,2,1003.4,299,3,1003.3,541,7,1004.0,1777,14,1004.1,715,9,1004.2,791,9,1004.3,712,8,1004.4,1464,15
317,2025-11-26 11:27:55+05:30,1003.9,34,997.54,4925661,423496.0,467016.0,986.2,1004.9,981.3,986.2,120663000,1084.8,887.6,1102.5,649.1,1003.7,13,1,1003.6,5,1,1003.5,610,2,1003.4,299,3,1003.3,541,7,1004.0,1777,14,1004.1,715,9,1004.2,791,9,1004.3,712,8,1004.4,1464,15
317,2025-11-26 11:27:56+05:30,1003.9,34,997.54,4925696,423334.0,466963.0,986.2,1004.9,981.3,986.2,120663000,1084.8,887.6,1102.5,649.1,1003.7,13,1,1003.6,5,1,1003.5,55,1,1003.4,827,4,1003.3,676,11,1004.0,1707,12,1004.1,773,11,1004.2,782,9,1004.3,712,8,1004.4,1495,17
317,2025-11-26 11:27:56+05:30,1003.9,34,997.54,4925696,423358.0,466972.0,986.2,1004.9,981.3,986.2,120663000,1084.8,887.6,1102.5,649.1,1003.7,13,1,1003.6,5,1,1003.5,55,1,1003.4,827,4,1003.3,663,10,1004.0,1707,12,1004.1,773,11,1004.2,782,9,1004.3,712,8,1004.4,1495,17
317,2025-11-26 11:27:58+05:30,1003.9,34,997.54,4925696,423359.0,467012.0,986.2,1004.9,981.3,986.2,120663000,1084.8,887.6,1102.5,649.1,1003.7,14,2,1003.6,5,1,1003.5,55,1,1003.4,827,4,1003.3,663,10,1004.0,1647,11,1004.1,808,12,1004.2,782,9,1004.3,712,8,1004.4,1495,17
317,2025-11-26 11:27:58+05:30,1004.0,10,997.54,4925696,423359.0,467012.0,986.2,1004.9,981.3,986.2,120663000,1084.8,887.6,1102.5,649.1,1003.7,14,2,1003.6,5,1,1003.5,55,1,1003.4,827,4,1003.3,663,10,1004.0,1647,11,1004.1,808,12,1004.2,782,9,1004.3,712,8,1004.4,1495,17
317,2025-11-26 11:27:59+05:30,1004.0,10,997.54,4925706,423359.0,467002.0,986.2,1004.9,981.3,986.2,120663000,1084.8,887.6,1102.5,649.1,1003.7,14,2,1003.6,5,1,1003.5,55,1,1003.4,887,5,1003.3,663,10,1004.0,1687,13,1004.1,773,11,1004.2,782,9,1004.3,712,8,1004.4,1495,17
317,2025-11-26 11:27:59+05:30,1004.0,185,997.54,4925706,423359.0,467002.0,986.2,1004.9,981.3,986.2,120663000,1084.8,887.6,1102.5,649.1,1003.7,14,2,1003.6,5,1,1003.5,55,1,1003.4,887,5,1003.3,663,10,1004.0,1687,13,1004.1,773,11,1004.2,782,9,1004.3,712,8,1004.4,1495,17
317,2025-11-26 11:28:00+05:30,1004.0,1,997.54,4925892,423984.0,466823.0,986.2,1004.9,981.3,986.2,120663000,1084.8,887.6,1102.5,649.1,1003.7,13,1,1003.6,5,1,1003.5,257,2,1003.4,887,5,1003.3,637,8,1003.9,100,1,1004.0,1452,12,1004.1,750,10,1004.2,782,9,1004.3,712,8
317,2025-11-26 11:28:00+05:30,1003.8,22,997.54,4925892,423984.0,466823.0,986.2,1004.9,981.3,986.2,120663000,1084.8,887.6,1102.5,649.1,1003.7,13,1,1003.6,5,1,1003.5,257,2,1003.4,887,5,1003.3,637,8,1003.9,100,1,1004.0,1452,12,1004.1,750,10,1004.2,782,9,1004.3,712,8
317,2025-11-26 11:28:01+05:30,1003.1,25,997.54,4928972,421962.0,464684.0,986.2,1004.9,981.3,986.2,120663000,1084.8,887.6,1102.5,649.1,1003.2,481,7,1003.1,746,4,1003.0,2595,20,1002.9,1282,13,1002.8,1950,14,1003.7,87,1,1003.8,456,3,1003.9,313,3,1004.0,1616,15,1004.1,768,10
317,2025-11-26 11:28:01+05:30,1003.2,5,997.54,4928972,421962.0,464684.0,986.2,1004.9,981.3,986.2,120663000,1084.8,887.6,1102.5,649.1,1003.2,481,7,1003.1,746,4,1003.0,2595,20,1002.9,1282,13,1002.8,1950,14,1003.7,87,1,1003.8,456,3,1003.9,313,3,1004.0,1616,15,1004.1,768,10
317,2025-11-26 11:28:02+05:30,1003.8,98,997.54,4929848,425204.0,464048.0,986.2,1004.9,981.3,986.2,120663000,1084.8,887.6,1102.5,649.1,1003.7,17,1,1003.5,5,1,1003.4,202,1,1003.3,1048,7,1003.2,853,10,1003.8,96,1,1003.9,188,2,1004.0,1459,11,1004.1,638,7,1004.2,708,8
317,2025-11-26 11:28:02+05:30,1003.8,98,997.54,4929848,425204.0,464048.0,986.2,1004.9,981.3,986.2,120663000,1084.8,887.6,1102.5,649.1,1003.7,17,1,1003.5,5,1,1003.4,202,1,1003.3,1048,7,1003.2,853,10,1003.8,96,1,1003.9,188,2,1004.0,1459,11,1004.1,638,7,1004.2,708,8
317,2025-11-26 11:28:03+05:30,1003.8,98,997.54,4929848,425886.0,464065.0,986.2,1004.9,981.3,986.2,120663000,1084.8,887.6,1102.5,649.1,1003.7,17,1,1003.5,93,2,1003.4,550,4,1003.3,1048,7,1003.2,1438,12,1003.8,96,1,1003.9,100,1,1004.0,1313,10,1004.1,700,8,1004.2,708,8
317,2025-11-26 11:28:04+05:30,1003.8,149,997.54,4929997,426377.0,463647.0,986.2,1004.9,981.3,986.2,120663000,1084.8,887.6,1102.5,649.1,1003.8,19,1,1003.7,17,1,1003.5,295,3,1003.4,785,6,1003.3,1048,7,1003.9,100,1,1004.0,1313,10,1004.1,614,9,1004.2,623,6,1004.3,1310,13
317,2025-11-26 11:28:04+05:30,1003.8,149,997.54,4929997,426377.0,463647.0,986.2,1004.9,981.3,986.2,120663000,1084.8,887.6,1102.5,649.1,1003.8,19,1,1003.7,17,1,1003.5,295,3,1003.4,785,6,1003.3,1048,7,1003.9,100,1,1004.0,1313,10,1004.1,614,9,1004.2,623,6,1004.3,1310,13
317,2025-11-26 11:28:05+05:30,1003.9,100,997.54,4930097,425438.0,463438.0,986.2,1004.9,981.3,986.2,120663000,1084.8,887.6,1102.5,649.1,1003.8,19,1,1003.7,17,1,1003.5,295,3,1003.4,785,6,1003.3,1048,7,1004.0,1313,10,1004.1,565,8,1004.2,714,8,1004.3,1343,13,1004.4,1386,11
317,2025-11-26 11:28:05+05:30,1003.9,100,997.54,4930097,425438.0,463438.0,986.2,1004.9,981.3,986.2,120663000,1084.8,887.6,1102.5,649.1,1003.8,19,1,1003.7,17,1,1003.5,295,3,1003.4,785,6,1003.3,1048,7,1004.0,1313,10,1004.1,565,8,1004.2,714,8,1004.3,1343,13,1004.4,1386,11
317,2025-11-26 11:28:06+05:30,1004.0,35,997.54,4930133,425663.0,464115.0,986.2,1004.9,981.3,986.2,120663000,1084.8,887.6,1102.5,649.1,1003.7,17,1,1003.5,295,3,1003.4,785,6,1003.3,1721,9,1003.2,1345,15,1004.0,1278,10,1004.1,566,9,1004.2,623,6,1004.3,1343,13,1004.4,1386,11
317,2025-11-26 11:28:06+05:30,1004.0,35,997.54,4930133,425663.0,464115.0,986.2,1004.9,981.3,986.2,120663000,1084.8,887.6,1102.5,649.1,1003.7,17,1,1003.5,295,3,1003.4,785,6,1003.3,1721,9,1003.2,1345,15,1004.0,1278,10,1004.1,566,9,1004.2,623,6,1004.3,1343,13,1004.4,1386,11
317,2025-11-26 11:28:07+05:30,1003.7,150,997.54,4930283,424897.0,464477.0,986.2,1004.9,981.3,986.2,120663000,1084.8,887.6,1102.5,649.1,1003.7,17,1,1003.5,295,3,1003.4,1196,5,1003.3,1231,9,1003.2,1151,17,1004.0,1461,13,1004.1,651,11,1004.2,684,7,1004.3,1334,12,1004.4,1455,12
317,2025-11-26 11:28:07+05:30,1003.7,150,997.54,4930283,424897.0,464477.0,986.2,1004.9,981.3,986.2,120663000,1084.8,887.6,1102.5,649.1,1003.7,17,1,1003.5,295,3,1003.4,1196,5,1003.3,1231,9,1003.2,1151,17,1004.0,1461,13,1004.1,651,11,1004.2,684,7,1004.3,1334,12,1004.4,1455,12
317,2025-11-26 11:28:08+05:30,1003.7,150,997.54,4930283,424755.0,465810.0,986.2,1004.9,981.3,986.2,120663000,1084.8,887.6,1102.5,649.1,1003.7,17,1,1003.5,207,2,1003.4,488,3,1003.3,1319,10,1003.2,1414,19,1004.0,1536,14,1004.1,673,12,1004.2,684,7,1004.3,1334,12,1004.4,1455,12
317,2025-11-26 11:28:09+05:30,1004.0,185,997.54,4930468,424737.0,465773.0,986.2,1004.9,981.3,986.2,120663000,1084.8,887.6,1102.5,649.1,1003.7,28,2,1003.5,207,2,1003.4,1019,4,1003.3,1319,10,1003.2,1414,19,1004.0,1256,12,1004.1,676,11,1004.2,750,8,1004.3,1343,13,1004.4,1455,12
317,2025-11-26 11:28:09+05:30,1004.0,185,997.54,4930468,424737.0,465773.0,986.2,1004.9,981.3,986.2,120663000,1084.8,887.6,1102.5,649.1,1003.7,28,2,1003.5,207,2,1003.4,1019,4,1003.3,1319,10,1003.2,1414,19,1004.0,1256,12,1004.1,676,11,1004.2,750,8,1004.3,1343,13,1004.4,1455,12
317,2025-11-26 11:28:10+05:30,1004.0,185,997.54,4930468,424876.0,465413.0,986.2,1004.9,981.3,986.2,120663000,1084.8,887.6,1102.5,649.1,1003.7,28,2,1003.5,207,2,1003.4,488,3,1003.3,1247,10,1003.2,1164,18,1003.8,96,1,1004.0,1256,12,1004.1,814,14,1004.2,750,8,1004.3,749,10
317,2025-11-26 11:28:10+05:30,1003.7,1,997.54,4930468,424876.0,465413.0,986.2,1004.9,981.3,986.2,120663000,1084.8,887.6,1102.5,649.1,1003.7,28,2,1003.5,207,2,1003.4,488,3,1003.3,1247,10,1003.2,1164,18,1003.8,96,1,1004.0,1256,12,1004.1,814,14,1004.2,750,8,1004.3,749,10
317,2025-11-26 11:28:11+05:30,1003.7,1,997.54,4930469,425052.0,466066.0,986.2,1004.9,981.3,986.2,120663000,1084.8,887.6,1102.5,649.1,1003.7,28,3,1003.4,308,2,1003.3,1067,9,1003.2,1038,11,1003.1,1095,11,1003.8,96,1,1003.9,270,3,1004.0,1332,13,1004.1,822,13,1004.2,750,8
317,2025-11-26 11:28:12+05:30,1003.7,1,997.54,4930469,425029.0,465589.0,986.2,1004.9,981.3,986.2,120663000,1084.8,887.6,1102.5,649.1,1003.7,28,3,1003.5,5,1,1003.4,202,1,1003.3,1067,9,1003.2,1025,10,1003.8,96,1,1003.9,205,3,1004.0,1306,13,1004.1,753,10,1004.2,750,8
317,2025-11-26 11:28:12+05:30,1003.8,50,997.54,4930469,425029.0,465589.0,986.2,1004.9,981.3,986.2,120663000,1084.8,887.6,1102.5,649.1,1003.7,28,3,1003.5,5,1,1003.4,202,1,1003.3,1067,9,1003.2,1025,10,1003.8,96,1,1003.9,205,3,1004.0,1306,13,1004.1,753,10,1004.2,750,8
317,2025-11-26 11:28:13+05:30,1003.8,1,997.54,4930654,425516.0,465429.0,986.2,1004.9,981.3,986.2,120663000,1084.8,887.6,1102.5,649.1,1003.7,28,3,1003.5,5,1,1003.4,202,1,1003.3,1247,10,1003.2,1025,10,1003.8,95,1,1003.9,170,2,1004.0,1134,10,1004.1,665,9,1004.2,785,9
317,2025-11-26 11:28:13+05:30,1003.4,83,997.54,4930654,425516.0,465429.0,986.2,1004.9,981.3,986.2,120663000,1084.8,887.6,1102.5,649.1,1003.7,28,3,1003.5,5,1,1003.4,202,1,1003.3,1247,10,1003.2,1025,10,1003.8,95,1,1003.9,170,2,1004.0,1134,10,1004.1,665,9,1004.2,785,9
317,2025-11-26 11:28:14+05:30,1003.8,100,997.54,4931091,424905.0,466326.0,986.2,1004.9,981.3,986.2,120663000,1084.8,887.6,1102.5,649.1,1003.6,112,1,1003.5,92,2,1003.4,434,3,1003.3,1117,9,1003.2,957,9,1003.8,96,1,1004.0,1173,10,1004.1,1122,9,1004.2,880,11,1004.3,838,12
317,2025-11-26 11:28:14+05:30,1003.8,100,997.54,4931091,424905.0,466326.0,986.2,1004.9,981.3,986.2,120663000,1084.8,887.6,1102.5,649.1,1003.6,112,1,1003.5,92,2,1003.4,434,3,1003.3,1117,9,1003.2,957,9,1003.8,96,1,1004.0,1173,10,1004.1,1122,9,1004.2,880,11,1004.3,838,12
317,2025-11-26 11:28:15+05:30,1003.6,1,997.54,4931217,423870.0,466409.0,986.2,1004.9,981.3,986.2,120663000,1084.8,887.6,1102.5,649.1,1003.5,5,1,1003.4,87,1,1003.3,688,4,1003.2,549,7,1003.1,871,14,1003.6,82,1,1003.7,60,1,1003.9,1063,5,1004.0,1321,15,1004.1,663,9
317,2025-11-26 11:28:15+05:30,1003.6,1,997.54,4931217,423870.0,466409.0,986.2,1004.9,981.3,986.2,120663000,1084.8,887.6,1102.5,649.1,1003.5,5,1,1003.4,87,1,1003.3,688,4,1003.2,549,7,1003.1,871,14,1003.6,82,1,1003.7,60,1,1003.9,1063,5,1004.0,1321,15,1004.1,663,9
317,2025-11-26 11:28:16+05:30,1003.6,1,997.54,4931217,424052.0,466590.0,986.2,1004.9,981.3,986.2,120663000,1084.8,887.6,1102.5,649.1,1003.5,7,2,1003.4,87,1,1003.3,688,4,1003.2,549,7,1003.1,871,14,1003.6,82,1,1003.7,60,1,1003.9,1076,5,1004.0,1316,14,1004.1,587,8
317,2025-11-26 11:28:17+05:30,1003.6,1,997.54,4931217,424067.0,466977.0,986.2,1004.9,981.3,986.2,120663000,1084.8,887.6,1102.5,649.1,1003.5,7,2,1003.3,214,3,1003.2,549,7,1003.1,1370,15,1003.0,2072,15,1003.6,82,1,1003.7,60,1,1003.8,252,4,1003.9,1249,10,1004.0,1425,13
317,2025-11-26 11:28:18+05:30,1003.5,2,997.54,4931217,424067.0,466977.0,986.2,1004.9,981.3,986.2,120663000,1084.8,887.6,1102.5,649.1,1003.5,7,2,1003.3,214,3,1003.2,549,7,1003.1,1370,15,1003.0,2072,15,1003.6,82,1,1003.7,60,1,1003.8,252,4,1003.9,1249,10,1004.0,1425,13
317,2025-11-26 11:28:18+05:30,1003.5,2,997.54,4931228,422782.0,467666.0,986.2,1004.9,981.3,986.2,120663000,1084.8,887.6,1102.5,649.1,1003.3,29,1,1003.2,101,2,1003.1,1056,6,1003.0,1771,16,1002.9,1122,16,1003.6,132,2,1003.7,448,5,1003.8,958,7,1003.9,865,9,1004.0,1521,15
317,2025-11-26 11:28:19+05:30,1003.6,25,997.54,4931228,422782.0,467666.0,986.2,1004.9,981.3,986.2,120663000,1084.8,887.6,1102.5,649.1,1003.3,29,1,1003.2,101,2,1003.1,1056,6,1003.0,1771,16,1002.9,1122,16,1003.6,132,2,1003.7,448,5,1003.8,958,7,1003.9,865,9,1004.0,1521,15
317,2025-11-26 11:28:19+05:30,1003.6,25,997.54,4931440,422813.0,466558.0,986.2,1004.9,981.3,986.2,120663000,1084.8,887.6,1102.5,649.1,1003.3,29,1,1003.2,125,3,1003.1,1114,7,1003.0,1771,16,1002.9,1372,17,1003.6,16,1,1003.7,382,3,1003.8,958,7,1003.9,663,8,1004.0,1556,16
317,2025-11-26 11:28:20+05:30,1003.7,292,997.54,4931440,422813.0,466558.0,986.2,1004.9,981.3,986.2,120663000,1084.8,887.6,1102.5,649.1,1003.3,29,1,1003.2,125,3,1003.1,1114,7,1003.0,1771,16,1002.9,1372,17,1003.6,16,1,1003.7,382,3,1003.8,958,7,1003.9,663,8,1004.0,1556,16
317,2025-11-26 11:28:20+05:30,1003.7,292,997.55,4932879,428049.0,463857.0,986.2,1004.9,981.3,986.2,120663000,1084.8,887.6,1102.5,649.1,1003.7,265,1,1003.5,5,1,1003.4,805,4,1003.3,753,6,1003.2,1929,16,1003.8,8,1,1003.9,88,2,1004.0,1197,9,1004.1,474,5,1004.2,576,7
317,2025-11-26 11:28:21+05:30,1003.7,150,997.55,4932879,428049.0,463857.0,986.2,1004.9,981.3,986.2,120663000,1084.8,887.6,1102.5,649.1,1003.7,265,1,1003.5,5,1,1003.4,805,4,1003.3,753,6,1003.2,1929,16,1003.8,8,1,1003.9,88,2,1004.0,1197,9,1004.1,474,5,1004.2,576,7
317,2025-11-26 11:28:21+05:30,1003.8,72,997.55,4933101,426818.0,463748.0,986.2,1004.9,981.3,986.2,120663000,1084.8,887.6,1102.5,649.1,1003.7,115,1,1003.5,207,2,1003.4,1138,5,1003.3,660,7,1003.2,1867,16,1003.9,88,2,1004.0,1305,11,1004.1,588,8,1004.2,765,9,1004.3,1437,17
317,2025-11-26 11:28:21+05:30,1003.8,72,997.55,4933101,426818.0,463748.0,986.2,1004.9,981.3,986.2,120663000,1084.8,887.6,1102.5,649.1,1003.7,115,1,1003.5,207,2,1003.4,1138,5,1003.3,660,7,1003.2,1867,16,1003.9,88,2,1004.0,1305,11,1004.1,588,8,1004.2,765,9,1004.3,1437,17
317,2025-11-26 11:28:22+05:30,1003.8,72,997.55,4933101,426818.0,463748.0,986.2,1004.9,981.3,986.2,120663000,1084.8,887.6,1102.5,649.1,1003.7,115,1,1003.5,207,2,1003.4,1138,5,1003.3,660,7,1003.2,1867,16,1003.9,88,2,1004.0,1305,11,1004.1,588,8,1004.2,765,9,1004.3,1437,17
317,2025-11-26 11:28:22+05:30,1003.9,19,997.55,4933101,426818.0,463748.0,986.2,1004.9,981.3,986.2,120663000,1084.8,887.6,1102.5,649.1,1003.7,115,1,1003.5,207,2,1003.4,1138,5,1003.3,660,7,1003.2,1867,16,1003.9,88,2,1004.0,1305,11,1004.1,588,8,1004.2,765,9,1004.3,1437,17
317,2025-11-26 11:28:22+05:30,1003.9,19,997.55,4933101,426818.0,463748.0,986.2,1004.9,981.3,986.2,120663000,1084.8,887.6,1102.5,649.1,1003.7,115,1,1003.5,207,2,1003.4,1138,5,1003.3,660,7,1003.2,1867,16,1003.9,88,2,1004.0,1305,11,1004.1,588,8,1004.2,765,9,1004.3,1437,17
317,2025-11-26 11:28:22+05:30,1003.9,19,997.55,4933120,426664.0,464452.0,986.2,1004.9,981.3,986.2,120663000,1084.8,887.6,1102.5,649.1,1003.7,115,1,1003.5,207,2,1003.4,1138,5,1003.3,660,7,1003.2,1867,16,1003.9,1,1,1004.0,1366,14,1004.1,756,10,1004.2,1307,9,1004.3,856,17
317,2025-11-26 11:28:23+05:30,1003.9,19,997.55,4933120,426664.0,464452.0,986.2,1004.9,981.3,986.2,120663000,1084.8,887.6,1102.5,649.1,1003.7,115,1,1003.5,207,2,1003.4,1138,5,1003.3,660,7,1003.2,1867,16,1003.9,1,1,1004.0,1366,14,1004.1,756,10,1004.2,1307,9,1004.3,856,17
317,2025-11-26 11:28:23+05:30,1003.9,114,997.55,4933120,426664.0,464452.0,986.2,1004.9,981.3,986.2,120663000,1084.8,887.6,1102.5,649.1,1003.7,115,1,1003.5,207,2,1003.4,1138,5,1003.3,660,7,1003.2,1867,16,1003.9,1,1,1004.0,1366,14,1004.1,756,10,1004.2,1307,9,1004.3,856,17
317,2025-11-26 11:28:23+05:30,1003.9,114,997.55,4933120,426664.0,464452.0,986.2,1004.9,981.3,986.2,120663000,1084.8,887.6,1102.5,649.1,1003.7,115,1,1003.5,207,2,1003.4,1138,5,1003.3,660,7,1003.2,1867,16,1003.9,1,1,1004.0,1366,14,1004.1,756,10,1004.2,1307,9,1004.3,856,17
317,2025-11-26 11:28:24+05:30,1003.9,114,997.55,4933120,426664.0,464452.0,986.2,1004.9,981.3,986.2,120663000,1084.8,887.6,1102.5,649.1,1003.7,115,1,1003.5,207,2,1003.4,1138,5,1003.3,660,7,1003.2,1867,16,1003.9,1,1,1004.0,1366,14,1004.1,756,10,1004.2,1307,9,1004.3,856,17
317,2025-11-26 11:28:24+05:30,1004.0,1,997.55,4933236,427016.0,463858.0,986.2,1004.9,981.3,986.2,120663000,1084.8,887.6,1102.5,649.1,1003.9,19,1,1003.8,83,1,1003.5,386,4,1003.4,546,4,1003.3,1097,7,1004.0,1341,16,1004.1,569,8,1004.2,580,7,1004.3,847,16,1004.4,1624,11
317,2025-11-26 11:28:24+05:30,1004.0,1,997.55,4933236,427016.0,463858.0,986.2,1004.9,981.3,986.2,120663000,1084.8,887.6,1102.5,649.1,1003.9,19,1,1003.8,83,1,1003.5,386,4,1003.4,546,4,1003.3,1097,7,1004.0,1341,16,1004.1,569,8,1004.2,580,7,1004.3,847,16,1004.4,1624,11
317,2025-11-26 11:28:24+05:30,1004.0,1,997.55,4933236,427016.0,463858.0,986.2,1004.9,981.3,986.2,120663000,1084.8,887.6,1102.5,649.1,1003.9,19,1,1003.8,83,1,1003.5,386,4,1003.4,546,4,1003.3,1097,7,1004.0,1341,16,1004.1,569,8,1004.2,580,7,1004.3,847,16,1004.4,1624,11
317,2025-11-26 11:28:24+05:30,1004.0,1,997.55,4933236,427016.0,463858.0,986.2,1004.9,981.3,986.2,120663000,1084.8,887.6,1102.5,649.1,1003.9,19,1,1003.8,83,1,1003.5,386,4,1003.4,546,4,1003.3,1097,7,1004.0,1341,16,1004.1,569,8,1004.2,580,7,1004.3,847,16,1004.4,1624,11
317,2025-11-26 11:28:25+05:30,1004.0,1,997.55,4933236,427016.0,463858.0,986.2,1004.9,981.3,986.2,120663000,1084.8,887.6,1102.5,649.1,1003.9,19,1,1003.8,83,1,1003.5,386,4,1003.4,546,4,1003.3,1097,7,1004.0,1341,16,1004.1,569,8,1004.2,580,7,1004.3,847,16,1004.4,1624,11
317,2025-11-26 11:28:25+05:30,1004.0,1,997.55,4933236,426828.0,464355.0,986.2,1004.9,981.3,986.2,120663000,1084.8,887.6,1102.5,649.1,1003.9,19,1,1003.8,83,1,1003.5,386,4,1003.4,546,4,1003.3,1097,7,1004.0,1341,16,1004.1,569,8,1004.2,593,8,1004.3,1384,18,1004.4,1624,11
317,2025-11-26 11:28:25+05:30,1004.0,1,997.55,4933236,426828.0,464355.0,986.2,1004.9,981.3,986.2,120663000,1084.8,887.6,1102.5,649.1,1003.9,19,1,1003.8,83,1,1003.5,386,4,1003.4,546,4,1003.3,1097,7,1004.0,1341,16,1004.1,569,8,1004.2,593,8,1004.3,1384,18,1004.4,1624,11
317,2025-11-26 11:28:25+05:30,1004.0,1,997.55,4933236,426828.0,464355.0,986.2,1004.9,981.3,986.2,120678750,1084.8,887.6,1102.5,649.1,1003.9,19,1,1003.8,83,1,1003.5,386,4,1003.4,546,4,1003.3,1097,7,1004.0,1341,16,1004.1,569,8,1004.2,593,8,1004.3,1384,18,1004.4,1624,11
317,2025-11-26 11:28:26+05:30,1004.0,147,997.55,4933433,426538.0,459371.0,986.2,1004.9,981.3,986.2,120678750,1084.8,887.6,1102.5,649.1,1003.8,83,1,1003.5,965,5,1003.4,546,4,1003.3,613,7,1003.2,1773,14,1004.0,1338,16,1004.1,602,9,1004.2,603,8,1004.3,1331,17,1004.4,1444,10
317,2025-11-26 11:28:26+05:30,1004.0,147,997.55,4933433,426538.0,459371.0,986.2,1004.9,981.3,986.2,120678750,1084.8,887.6,1102.5,649.1,1003.8,83,1,1003.5,965,5,1003.4,546,4,1003.3,613,7,1003.2,1773,14,1004.0,1338,16,1004.1,602,9,1004.2,603,8,1004.3,1331,17,1004.4,1444,10
317,2025-11-26 11:28:26+05:30,1003.9,83,997.55,4933433,426538.0,459371.0,986.2,1004.9,981.3,986.2,120678750,1084.8,887.6,1102.5,649.1,1003.8,83,1,1003.5,965,5,1003.4,546,4,1003.3,613,7,1003.2,1773,14,1004.0,1338,16,1004.1,602,9,1004.2,603,8,1004.3,1331,17,1004.4,1444,10
317,2025-11-26 11:28:27+05:30,1003.9,54,997.55,4933603,423824.0,459010.0,986.2,1004.9,981.3,986.2,120678750,1084.8,887.6,1102.5,649.1,1003.5,5,1,1003.4,556,1,1003.3,450,5,1003.2,977,10,1003.1,848,11,1003.9,261,2,1004.0,1232,17,1004.1,706,11,1004.2,749,8,1004.3,1214,16
317,2025-11-26 11:28:27+05:30,1003.9,54,997.55,4933603,423824.0,459010.0,986.2,1004.9,981.3,986.2,120678750,1084.8,887.6,1102.5,649.1,1003.5,5,1,1003.4,556,1,1003.3,450,5,1003.2,977,10,1003.1,848,11,1003.9,261,2,1004.0,1232,17,1004.1,706,11,1004.2,749,8,1004.3,1214,16
317,2025-11-26 11:28:28+05:30,1003.9,54,997.55,4933603,425469.0,459165.0,986.2,1004.9,981.3,986.2,120678750,1084.8,887.6,1102.5,649.1,1003.8,100,1,1003.5,207,2,1003.4,846,3,1003.3,646,8,1003.2,1687,14,1003.9,33,1,1004.0,1054,14,1004.1,568,8,1004.2,676,7,1004.3,1214,16
317,2025-11-26 11:28:29+05:30,1003.9,65,997.55,4934439,420860.0,459877.0,986.2,1004.9,981.3,986.2,120678750,1084.8,887.6,1102.5,649.1,1003.4,112,2,1003.3,912,6,1003.2,863,8,1003.1,767,10,1003.0,2406,19,1003.9,689,3,1004.0,1323,17,1004.1,765,11,1004.2,782,10,1004.3,735,15
317,2025-11-26 11:28:29+05:30,1003.9,65,997.55,4934439,420860.0,459877.0,986.2,1004.9,981.3,986.2,120678750,1084.8,887.6,1102.5,649.1,1003.4,112,2,1003.3,912,6,1003.2,863,8,1003.1,767,10,1003.0,2406,19,1003.9,689,3,1004.0,1323,17,1004.1,765,11,1004.2,782,10,1004.3,735,15
317,2025-11-26 11:28:30+05:30,1003.4,56,997.55,4934545,418936.0,462269.0,986.2,1004.9,981.3,986.2,120678750,1084.8,887.6,1102.5,649.1,1003.3,201,2,1003.2,251,3,1003.1,1211,8,1003.0,1759,19,1002.9,1152,11,1003.4,96,1,1003.5,1,1,1003.7,222,3,1003.8,569,5,1003.9,537,6
317,2025-11-26 11:28:30+05:30,1003.4,56,997.55,4934545,418936.0,462269.0,986.2,1004.9,981.3,986.2,120678750,1084.8,887.6,1102.5,649.1,1003.3,201,2,1003.2,251,3,1003.1,1211,8,1003.0,1759,19,1002.9,1152,11,1003.4,96,1,1003.5,1,1,1003.7,222,3,1003.8,569,5,1003.9,537,6
317,2025-11-26 11:28:31+05:30,1003.4,9,997.55,4934562,418780.0,462316.0,986.2,1004.9,981.3,986.2,120678750,1084.8,887.6,1102.5,649.1,1003.3,22,1,1003.2,13,1,1003.1,1153,7,1003.0,1816,20,1002.9,1152,11,1003.4,87,1,1003.5,1,1,1003.7,327,10,1003.8,600,4,1003.9,594,7
317,2025-11-26 11:28:31+05:30,1003.2,57,997.55,4934562,418780.0,462316.0,986.2,1004.9,981.3,986.2,120678750,1084.8,887.6,1102.5,649.1,1003.3,22,1,1003.2,13,1,1003.1,1153,7,1003.0,1816,20,1002.9,1152,11,1003.4,87,1,1003.5,1,1,1003.7,327,10,1003.8,600,4,1003.9,594,7
317,2025-11-26 11:28:32+05:30,1003.4,5,997.55,4934868,419443.0,462325.0,986.2,1004.9,981.3,986.2,120678750,1084.8,887.6,1102.5,649.1,1003.2,60,2,1003.1,383,4,1003.0,1759,19,1002.9,1638,11,1002.8,1971,14,1003.4,91,1,1003.5,1,1,1003.6,180,1,1003.7,384,11,1003.8,896,7
317,2025-11-26 11:28:32+05:30,1003.4,5,997.55,4934868,419443.0,462325.0,986.2,1004.9,981.3,986.2,120678750,1084.8,887.6,1102.5,649.1,1003.2,60,2,1003.1,383,4,1003.0,1759,19,1002.9,1638,11,1002.8,1971,14,1003.4,91,1,1003.5,1,1,1003.6,180,1,1003.7,384,11,1003.8,896,7
317,2025-11-26 11:28:33+05:30,1003.4,5,997.55,4934868,419440.0,462145.0,986.2,1004.9,981.3,986.2,120678750,1084.8,887.6,1102.5,649.1,1003.2,60,2,1003.1,383,4,1003.0,1815,20,1002.9,1636,11,1002.8,1971,14,1003.4,91,1,1003.5,1,1,1003.6,180,1,1003.7,385,12,1003.8,896,7
317,2025-11-26 11:28:34+05:30,1003.7,28,997.55,4934868,419440.0,462145.0,986.2,1004.9,981.3,986.2,120678750,1084.8,887.6,1102.5,649.1,1003.2,60,2,1003.1,383,4,1003.0,1815,20,1002.9,1636,11,1002.8,1971,14,1003.4,91,1,1003.5,1,1,1003.6,180,1,1003.7,385,12,1003.8,896,7
317,2025-11-26 11:28:34+05:30,1003.7,28,997.55,4936053,418776.0,461146.0,986.2,1004.9,981.3,986.2,120678750,1084.8,887.6,1102.5,649.1,1003.3,142,2,1003.2,5,1,1003.1,1179,7,1003.0,2172,22,1002.9,1153,11,1003.7,228,4,1003.8,1039,13,1003.9,1002,10,1004.0,3083,22,1004.1,787,11
317,2025-11-26 11:28:35+05:30,1003.4,16,997.55,4936053,418776.0,461146.0,986.2,1004.9,981.3,986.2,120678750,1084.8,887.6,1102.5,649.1,1003.3,142,2,1003.2,5,1,1003.1,1179,7,1003.0,2172,22,1002.9,1153,11,1003.7,228,4,1003.8,1039,13,1003.9,1002,10,1004.0,3083,22,1004.1,787,11
317,2025-11-26 11:28:35+05:30,1003.4,16,997.55,4936335,423459.0,460804.0,986.2,1004.9,981.3,986.2,120678750,1084.8,887.6,1102.5,649.1,1003.5,112,1,1003.4,147,2,1003.3,472,6,1003.2,1439,13,1003.1,970,11,1003.7,12,1,1003.8,1,1,1003.9,1001,4,1004.0,1309,15,1004.1,818,12
317,2025-11-26 11:28:36+05:30,1003.4,16,997.55,4936335,423389.0,461689.0,986.2,1004.9,981.3,986.2,120678750,1084.8,887.6,1102.5,649.1,1003.5,113,2,1003.4,147,2,1003.3,961,5,1003.2,916,11,1003.1,944,9,1003.6,103,1,1003.8,1,1,1003.9,1033,4,1004.0,1371,17,1004.1,800,11
317,2025-11-26 11:28:37+05:30,1003.4,15,997.55,4936335,423389.0,461689.0,986.2,1004.9,981.3,986.2,120678750,1084.8,887.6,1102.5,649.1,1003.5,113,2,1003.4,147,2,1003.3,961,5,1003.2,916,11,1003.1,944,9,1003.6,103,1,1003.8,1,1,1003.9,1033,4,1004.0,1371,17,1004.1,800,11
317,2025-11-26 11:28:37+05:30,1003.4,15,997.55,4936464,422366.0,461553.0,986.2,1004.9,981.3,986.2,120678750,1084.8,887.6,1102.5,649.1,1003.4,85,1,1003.3,134,2,1003.2,997,8,1003.1,768,10,1003.0,2015,17,1003.6,103,1,1003.8,207,2,1003.9,1214,7,1004.0,1433,19,1004.1,840,13
317,2025-11-26 11:28:38+05:30,1003.4,10,997.55,4936464,422366.0,461553.0,986.2,1004.9,981.3,986.2,120678750,1084.8,887.6,1102.5,649.1,1003.4,85,1,1003.3,134,2,1003.2,997,8,1003.1,768,10,1003.0,2015,17,1003.6,103,1,1003.8,207,2,1003.9,1214,7,1004.0,1433,19,1004.1,840,13
317,2025-11-26 11:28:39+05:30,1003.6,185,997.55,4936659,424461.0,461914.0,986.2,1004.9,981.3,986.2,120678750,1084.8,887.6,1102.5,649.1,1003.4,75,1,1003.3,47,1,1003.2,806,6,1003.1,815,11,1003.0,2051,18,1003.6,103,1,1003.8,387,3,1003.9,1239,9,1004.0,1409,17,1004.1,840,13
317,2025-11-26 11:28:39+05:30,1003.6,185,997.55,4936659,424461.0,461914.0,986.2,1004.9,981.3,986.2,120678750,1084.8,887.6,1102.5,649.1,1003.4,75,1,1003.3,47,1,1003.2,806,6,1003.1,815,11,1003.0,2051,18,1003.6,103,1,1003.8,387,3,1003.9,1239,9,1004.0,1409,17,1004.1,840,13
317,2025-11-26 11:28:40+05:30,1003.6,185,997.55,4936659,424461.0,461955.0,986.2,1004.9,981.3,986.2,120678750,1084.8,887.6,1102.5,649.1,1003.4,75,1,1003.3,47,1,1003.2,806,6,1003.1,815,11,1003.0,2051,18,1003.6,103,1,1003.8,387,3,1003.9,1241,10,1004.0,1409,17,1004.1,869,13
317,2025-11-26 11:28:40+05:30,1003.5,82,997.55,4936659,424461.0,461955.0,986.2,1004.9,981.3,986.2,120678750,1084.8,887.6,1102.5,649.1,1003.4,75,1,1003.3,47,1,1003.2,806,6,1003.1,815,11,1003.0,2051,18,1003.6,103,1,1003.8,387,3,1003.9,1241,10,1004.0,1409,17,1004.1,869,13
317,2025-11-26 11:28:41+05:30,1003.5,82,997.55,4936741,424477.0,462585.0,986.2,1004.9,981.3,986.2,120678750,1084.8,887.6,1102.5,649.1,1003.4,90,2,1003.2,542,3,1003.1,813,10,1003.0,2077,20,1002.9,1153,11,1003.5,14,1,1003.6,103,1,1003.7,382,2,1003.8,424,6,1003.9,1131,7
317,2025-11-26 11:28:41+05:30,1003.5,10,997.55,4936741,424477.0,462585.0,986.2,1004.9,981.3,986.2,120678750,1084.8,887.6,1102.5,649.1,1003.4,90,2,1003.2,542,3,1003.1,813,10,1003.0,2077,20,1002.9,1153,11,1003.5,14,1,1003.6,103,1,1003.7,382,2,1003.8,424,6,1003.9,1131,7
317,2025-11-26 11:28:42+05:30,1003.5,10,997.55,4936751,424487.0,462599.0,986.2,1004.9,981.3,986.2,120678750,1084.8,887.6,1102.5,649.1,1003.4,100,3,1003.2,542,3,1003.1,813,10,1003.0,2077,20,1002.9,1153,11,1003.5,4,1,1003.6,103,1,1003.7,382,2,1003.8,424,6,1003.9,1131,7
317,2025-11-26 11:28:43+05:30,1003.5,10,997.55,4936751,424500.0,462600.0,986.2,1004.9,981.3,986.2,120678750,1084.8,887.6,1102.5,649.1,1003.4,113,4,1003.2,542,3,1003.1,813,10,1003.0,2077,20,1002.9,903,10,1003.5,4,1,1003.6,103,1,1003.7,382,2,1003.8,424,6,1003.9,1180,8
317,2025-11-26 11:28:43+05:30,1003.4,44,997.55,4936751,424500.0,462600.0,986.2,1004.9,981.3,986.2,120678750,1084.8,887.6,1102.5,649.1,1003.4,113,4,1003.2,542,3,1003.1,813,10,1003.0,2077,20,1002.9,903,10,1003.5,4,1,1003.6,103,1,1003.7,382,2,1003.8,424,6,1003.9,1180,8
317,2025-11-26 11:28:44+05:30,1003.5,184,997.55,4936981,424518.0,462475.0,986.2,1004.9,981.3,986.2,120678750,1084.8,887.6,1102.5,649.1,1003.4,69,4,1003.2,653,4,1003.1,763,9,1003.0,2127,21,1002.9,903,10,1003.5,96,1,1003.6,137,2,1003.7,456,3,1003.8,320,6,1003.9,1230,9
317,2025-11-26 11:28:44+05:30,1003.5,184,997.55,4936981,424518.0,462475.0,986.2,1004.9,981.3,986.2,120678750,1084.8,887.6,1102.5,649.1,1003.4,69,4,1003.2,653,4,1003.1,763,9,1003.0,2127,21,1002.9,903,10,1003.5,96,1,1003.6,137,2,1003.7,456,3,1003.8,320,6,1003.9,1230,9
317,2025-11-26 11:28:45+05:30,1003.5,184,997.55,4936981,424506.0,462746.0,986.2,1004.9,981.3,986.2,120678750,1084.8,887.6,1102.5,649.1,1003.4,85,5,1003.3,16,1,1003.2,604,3,1003.1,861,13,1003.0,1985,14,1003.5,96,1,1003.6,137,2,1003.7,542,4,1003.8,542,7,1003.9,1223,11
317,2025-11-26 11:28:45+05:30,1003.4,154,997.55,4936981,424506.0,462746.0,986.2,1004.9,981.3,986.2,120678750,1084.8,887.6,1102.5,649.1,1003.4,85,5,1003.3,16,1,1003.2,604,3,1003.1,861,13,1003.0,1985,14,1003.5,96,1,1003.6,137,2,1003.7,542,4,1003.8,542,7,1003.9,1223,11
317,2025-11-26 11:28:46+05:30,1003.2,23,997.55,4937248,423720.0,463364.0,986.2,1004.9,981.3,986.2,120678750,1084.8,887.6,1102.5,649.1,1003.2,232,3,1003.1,730,11,1003.0,1750,16,1002.9,903,10,1002.8,2238,16,1003.4,96,1,1003.6,187,3,1003.7,1110,7,1003.8,641,9,1003.9,784,11
317,2025-11-26 11:28:46+05:30,1003.2,23,997.55,4937248,423720.0,463364.0,986.2,1004.9,981.3,986.2,120678750,1084.8,887.6,1102.5,649.1,1003.2,232,3,1003.1,730,11,1003.0,1750,16,1002.9,903,10,1002.8,2238,16,1003.4,96,1,1003.6,187,3,1003.7,1110,7,1003.8,641,9,1003.9,784,11
317,2025-11-26 11:28:47+05:30,1003.2,11,997.55,4937259,423478.0,463180.0,986.2,1004.9,981.3,986.2,120678750,1084.8,887.6,1102.5,649.1,1003.2,205,2,1003.1,780,12,1003.0,1750,16,1002.9,903,10,1002.8,2238,16,1003.4,96,1,1003.6,150,3,1003.7,1112,7,1003.8,678,9,1003.9,784,11
317,2025-11-26 11:28:47+05:30,1003.2,11,997.55,4937259,423478.0,463180.0,986.2,1004.9,981.3,986.2,120678750,1084.8,887.6,1102.5,649.1,1003.2,205,2,1003.1,780,12,1003.0,1750,16,1002.9,903,10,1002.8,2238,16,1003.4,96,1,1003.6,150,3,1003.7,1112,7,1003.8,678,9,1003.9,784,11
317,2025-11-26 11:28:48+05:30,1003.5,103,997.55,4938112,419263.0,462798.0,986.2,1004.9,981.3,986.2,120678750,1084.8,887.6,1102.5,649.1,1003.3,50,1,1003.2,407,3,1003.1,930,4,1003.0,1779,10,1002.9,1123,14,1003.6,150,3,1003.7,389,4,1003.8,1176,9,1003.9,803,10,1004.0,1671,22
317,2025-11-26 11:28:48+05:30,1003.5,103,997.55,4938112,419263.0,462798.0,986.2,1004.9,981.3,986.2,120678750,1084.8,887.6,1102.5,649.1,1003.3,50,1,1003.2,407,3,1003.1,930,4,1003.0,1779,10,1002.9,1123,14,1003.6,150,3,1003.7,389,4,1003.8,1176,9,1003.9,803,10,1004.0,1671,22
317,2025-11-26 11:28:49+05:30,1003.5,15,997.55,4938328,422759.0,462150.0,986.2,1004.9,981.3,986.2,120678750,1084.8,887.6,1102.5,649.1,1003.5,85,1,1003.2,516,4,1003.1,1124,6,1003.0,1618,11,1002.9,1280,18,1003.6,86,2,1003.7,389,4,1003.8,539,6,1003.9,1250,12,1004.0,1656,21
317,2025-11-26 11:28:49+05:30,1003.5,44,997.55,4938328,422759.0,462150.0,986.2,1004.9,981.3,986.2,120678750,1084.8,887.6,1102.5,649.1,1003.5,85,1,1003.2,516,4,1003.1,1124,6,1003.0,1618,11,1002.9,1280,18,1003.6,86,2,1003.7,389,4,1003.8,539,6,1003.9,1250,12,1004.0,1656,21
317,2025-11-26 11:28:50+05:30,1003.2,39,997.55,4938452,421495.0,462826.0,986.2,1004.9,981.3,986.2,120678750,1084.8,887.6,1102.5,649.1,1003.2,166,2,1003.1,1105,7,1003.0,1618,11,1002.9,1193,17,1002.8,1995,16,1003.5,55,1,1003.6,86,2,1003.7,389,4,1003.8,648,7,1003.9,1311,12
317,2025-11-26 11:28:50+05:30,1003.2,39,997.55,4938452,421495.0,462826.0,986.2,1004.9,981.3,986.2,120678750,1084.8,887.6,1102.5,649.1,1003.2,166,2,1003.1,1105,7,1003.0,1618,11,1002.9,1193,17,1002.8,1995,16,1003.5,55,1,1003.6,86,2,1003.7,389,4,1003.8,648,7,1003.9,1311,12
317,2025-11-26 11:28:51+05:30,1003.2,19,997.55,4938471,420751.0,462821.0,986.2,1004.9,981.3,986.2,120678750,1084.8,887.6,1102.5,649.1,1003.2,147,2,1003.1,977,4,1003.0,1718,14,1002.9,917,14,1002.8,2271,19,1003.5,55,1,1003.6,86,2,1003.7,934,6,1003.8,648,7,1003.9,756,11
317,2025-11-26 11:28:51+05:30,1003.2,19,997.55,4938471,420751.0,462821.0,986.2,1004.9,981.3,986.2,120678750,1084.8,887.6,1102.5,649.1,1003.2,147,2,1003.1,977,4,1003.0,1718,14,1002.9,917,14,1002.8,2271,19,1003.5,55,1,1003.6,86,2,1003.7,934,6,1003.8,648,7,1003.9,756,11
317,2025-11-26 11:28:52+05:30,1003.2,19,997.55,4938471,420636.0,467943.0,986.2,1004.9,981.3,986.2,120678750,1084.8,887.6,1102.5,649.1,1003.2,147,2,1003.1,144,1,1003.0,1718,14,1002.9,917,14,1002.8,2021,18,1003.5,55,1,1003.6,140,2,1003.7,1011,7,1003.8,648,7,1003.9,756,11
317,2025-11-26 11:28:53+05:30,1003.2,1,997.55,4938471,420636.0,467943.0,986.2,1004.9,981.3,986.2,120678750,1084.8,887.6,1102.5,649.1,1003.2,147,2,1003.1,144,1,1003.0,1718,14,1002.9,917,14,1002.8,2021,18,1003.5,55,1,1003.6,140,2,1003.7,1011,7,1003.8,648,7,1003.9,756,11
317,2025-11-26 11:28:53+05:30,1003.2,1,997.55,4938515,420644.0,468367.0,986.2,1004.9,981.3,986.2,120678750,1084.8,887.6,1102.5,649.1,1003.2,103,2,1003.1,144,1,1003.0,1524,10,1002.9,949,14,1002.8,2066,19,1003.5,233,2,1003.6,526,6,1003.7,1011,7,1003.8,648,7,1003.9,706,10
317,2025-11-26 11:28:54+05:30,1003.2,40,997.55,4938515,420644.0,468367.0,986.2,1004.9,981.3,986.2,120678750,1084.8,887.6,1102.5,649.1,1003.2,103,2,1003.1,144,1,1003.0,1524,10,1002.9,949,14,1002.8,2066,19,1003.5,233,2,1003.6,526,6,1003.7,1011,7,1003.8,648,7,1003.9,706,10
317,2025-11-26 11:28:54+05:30,1003.2,40,997.55,4938739,420324.0,468485.0,986.2,1004.9,981.3,986.2,120678750,1084.8,887.6,1102.5,649.1,1003.3,112,1,1003.2,63,2,1003.0,1380,9,1002.9,962,15,1002.8,2066,19,1003.5,145,2,1003.6,530,7,1003.7,1011,7,1003.8,648,7,1003.9,746,11
317,2025-11-26 11:28:55+05:30,1003.3,112,997.55,4938739,420324.0,468485.0,986.2,1004.9,981.3,986.2,120678750,1084.8,887.6,1102.5,649.1,1003.3,112,1,1003.2,63,2,1003.0,1380,9,1002.9,962,15,1002.8,2066,19,1003.5,145,2,1003.6,530,7,1003.7,1011,7,1003.8,648,7,1003.9,746,11
317,2025-11-26 11:28:55+05:30,1003.3,112,997.55,4938851,419176.0,469115.0,986.2,1004.9,981.3,986.2,120678750,1084.8,887.6,1102.5,649.1,1003.2,58,1,1003.0,1090,7,1002.9,468,4,1002.8,1251,17,1002.7,718,10,1003.3,96,1,1003.5,1221,10,1003.6,757,9,1003.7,619,9,1003.8,923,9
317,2025-11-26 11:28:56+05:30,1003.3,20,997.55,4938851,419176.0,469115.0,986.2,1004.9,981.3,986.2,120678750,1084.8,887.6,1102.5,649.1,1003.2,58,1,1003.0,1090,7,1002.9,468,4,1002.8,1251,17,1002.7,718,10,1003.3,96,1,1003.5,1221,10,1003.6,757,9,1003.7,619,9,1003.8,923,9
317,2025-11-26 11:28:56+05:30,1003.3,20,997.55,4938871,419880.0,469744.0,986.2,1004.9,981.3,986.2,120678750,1084.8,887.6,1102.5,649.1,1003.2,58,1,1003.0,1090,7,1002.9,478,5,1002.8,1219,17,1002.7,750,10,1003.3,76,1,1003.5,1221,10,1003.6,757,9,1003.7,630,10,1003.8,938,10
317,2025-11-26 11:28:57+05:30,1003.0,100,997.55,4938871,419880.0,469744.0,986.2,1004.9,981.3,986.2,120678750,1084.8,887.6,1102.5,649.1,1003.2,58,1,1003.0,1090,7,1002.9,478,5,1002.8,1219,17,1002.7,750,10,1003.3,76,1,1003.5,1221,10,1003.6,757,9,1003.7,630,10,1003.8,938,10
317,2025-11-26 11:28:57+05:30,1003.3,2,997.55,4939192,417883.0,470227.0,986.2,1004.9,981.3,986.2,120678750,1084.8,887.6,1102.5,649.1,1003.0,829,5,1002.9,52,2,1002.8,794,12,1002.7,1236,9,1002.6,1391,12,1003.3,74,1,1003.4,139,2,1003.5,1317,13,1003.6,823,9,1003.7,576,8
317,2025-11-26 11:28:58+05:30,1003.3,25,997.55,4939192,417883.0,470227.0,986.2,1004.9,981.3,986.2,120678750,1084.8,887.6,1102.5,649.1,1003.0,829,5,1002.9,52,2,1002.8,794,12,1002.7,1236,9,1002.6,1391,12,1003.3,74,1,1003.4,139,2,1003.5,1317,13,1003.6,823,9,1003.7,576,8
317,2025-11-26 11:28:59+05:30,1003.3,185,997.55,4939402,417877.0,470740.0,986.2,1004.9,981.3,986.2,120678750,1084.8,887.6,1102.5,649.1,1003.0,829,5,1002.9,127,4,1002.8,847,13,1002.7,1236,9,1002.6,1301,10,1003.3,96,1,1003.5,963,9,1003.6,769,8,1003.7,620,9,1003.8,592,10
317,2025-11-26 11:28:59+05:30,1003.3,102,997.55,4939402,417877.0,470740.0,986.2,1004.9,981.3,986.2,120678750,1084.8,887.6,1102.5,649.1,1003.0,829,5,1002.9,127,4,1002.8,847,13,1002.7,1236,9,1002.6,1301,10,1003.3,96,1,1003.5,963,9,1003.6,769,8,1003.7,620,9,1003.8,592,10
317,2025-11-26 11:29:00+05:30,1003.3,102,997.55,4939504,417933.0,471981.0,986.2,1004.9,981.3,986.2,120678750,1084.8,887.6,1102.5,649.1,1003.0,1058,8,1002.9,320,6,1002.8,713,14,1002.7,1075,8,1002.6,1331,11,1003.1,96,1,1003.2,50,1,1003.3,96,1,1003.5,380,6,1003.6,601,10
317,2025-11-26 11:29:00+05:30,1003.2,50,997.55,4939504,417933.0,471981.0,986.2,1004.9,981.3,986.2,120678750,1084.8,887.6,1102.5,649.1,1003.0,1058,8,1002.9,320,6,1002.8,713,14,1002.7,1075,8,1002.6,1331,11,1003.1,96,1,1003.2,50,1,1003.3,96,1,1003.5,380,6,1003.6,601,10
317,2025-11-26 11:29:01+05:30,1003.3,8,997.55,4940927,418712.0,469731.0,986.2,1004.9,981.3,986.2,120678750,1084.8,887.6,1102.5,649.1,1003.3,488,1,1003.0,619,8,1002.9,854,5,1002.8,1627,13,1002.7,928,11,1003.5,679,10,1003.6,471,8,1003.7,1031,6,1003.8,767,11,1003.9,1483,13
317,2025-11-26 11:29:01+05:30,1003.5,13,997.55,4940927,418712.0,469731.0,986.2,1004.9,981.3,986.2,120678750,1084.8,887.6,1102.5,649.1,1003.3,488,1,1003.0,619,8,1002.9,854,5,1002.8,1627,13,1002.7,928,11,1003.5,679,10,1003.6,471,8,1003.7,1031,6,1003.8,767,11,1003.9,1483,13
317,2025-11-26 11:29:03+05:30,1003.5,1,997.55,4941027,419133.0,469475.0,986.2,1004.9,981.3,986.2,120678750,1084.8,887.6,1102.5,649.1,1003.3,502,3,1003.0,789,9,1002.9,379,5,1002.8,1724,15,1002.7,1030,14,1003.5,207,6,1003.6,518,9,1003.7,1063,8,1003.8,711,8,1003.9,1638,14
317,2025-11-26 11:29:03+05:30,1003.5,155,997.55,4941027,419133.0,469475.0,986.2,1004.9,981.3,986.2,120678750,1084.8,887.6,1102.5,649.1,1003.3,502,3,1003.0,789,9,1002.9,379,5,1002.8,1724,15,1002.7,1030,14,1003.5,207,6,1003.6,518,9,1003.7,1063,8,1003.8,711,8,1003.9,1638,14
317,2025-11-26 11:29:04+05:30,1003.5,6,997.56,4941820,417829.0,470524.0,986.2,1004.9,981.3,986.2,120678750,1084.8,887.6,1102.5,649.1,1003.1,82,1,1003.0,418,5,1002.9,922,5,1002.8,1114,12,1002.7,745,12,1003.5,418,7,1003.6,1143,11,1003.7,503,7,1003.8,728,9,1003.9,983,12
317,2025-11-26 11:29:04+05:30,1003.5,17,997.56,4941820,417829.0,470524.0,986.2,1004.9,981.3,986.2,120678750,1084.8,887.6,1102.5,649.1,1003.1,82,1,1003.0,418,5,1002.9,922,5,1002.8,1114,12,1002.7,745,12,1003.5,418,7,1003.6,1143,11,1003.7,503,7,1003.8,728,9,1003.9,983,12
317,2025-11-26 11:29:05+05:30,1003.5,20,997.56,4941951,419796.0,469757.0,986.2,1004.9,981.3,986.2,120678750,1084.8,887.6,1102.5,649.1,1003.0,418,5,1002.9,922,5,1002.8,1069,11,1002.7,915,16,1002.6,1325,12,1003.5,389,8,1003.6,456,8,1003.7,1799,11,1003.8,1452,8,1003.9,684,10
317,2025-11-26 11:29:05+05:30,1003.5,20,997.56,4941951,419796.0,469757.0,986.2,1004.9,981.3,986.2,120678750,1084.8,887.6,1102.5,649.1,1003.0,418,5,1002.9,922,5,1002.8,1069,11,1002.7,915,16,1002.6,1325,12,1003.5,389,8,1003.6,456,8,1003.7,1799,11,1003.8,1452,8,1003.9,684,10
317,2025-11-26 11:29:06+05:30,1003.4,2,997.56,4941953,419810.0,469858.0,986.2,1004.9,981.3,986.2,120678750,1084.8,887.6,1102.5,649.1,1003.0,418,5,1002.9,922,5,1002.8,1023,10,1002.7,888,16,1002.6,1325,12,1003.5,491,9,1003.6,456,8,1003.7,1799,11,1003.8,1491,9,1003.9,684,10
317,2025-11-26 11:29:06+05:30,1003.4,2,997.56,4941953,419810.0,469858.0,986.2,1004.9,981.3,986.2,120678750,1084.8,887.6,1102.5,649.1,1003.0,418,5,1002.9,922,5,1002.8,1023,10,1002.7,888,16,1002.6,1325,12,1003.5,491,9,1003.6,456,8,1003.7,1799,11,1003.8,1491,9,1003.9,684,10
317,2025-11-26 11:29:07+05:30,1003.0,1,997.56,4941953,419810.0,469858.0,986.2,1004.9,981.3,986.2,120678750,1084.8,887.6,1102.5,649.1,1003.0,418,5,1002.9,922,5,1002.8,1023,10,1002.7,888,16,1002.6,1325,12,1003.5,491,9,1003.6,456,8,1003.7,1799,11,1003.8,1491,9,1003.9,684,10
317,2025-11-26 11:29:07+05:30,1003.0,1,997.56,4941954,419809.0,470060.0,986.2,1004.9,981.3,986.2,120678750,1084.8,887.6,1102.5,649.1,1003.0,417,5,1002.9,922,5,1002.8,1023,10,1002.7,842,15,1002.6,1121,12,1003.4,46,1,1003.5,445,8,1003.6,658,9,1003.7,1799,11,1003.8,1491,9
317,2025-11-26 11:29:08+05:30,1003.0,8,997.56,4941954,419809.0,470060.0,986.2,1004.9,981.3,986.2,120678750,1084.8,887.6,1102.5,649.1,1003.0,417,5,1002.9,922,5,1002.8,1023,10,1002.7,842,15,1002.6,1121,12,1003.4,46,1,1003.5,445,8,1003.6,658,9,1003.7,1799,11,1003.8,1491,9
317,2025-11-26 11:29:08+05:30,1003.0,8,997.56,4941962,419801.0,470060.0,986.2,1004.9,981.3,986.2,120678750,1084.8,887.6,1102.5,649.1,1003.0,409,5,1002.9,922,5,1002.8,1023,10,1002.7,842,15,1002.6,1371,13,1003.5,491,9,1003.6,658,9,1003.7,1799,11,1003.8,1491,9,1003.9,684,10
317,2025-11-26 11:29:09+05:30,1003.5,53,997.56,4941962,419801.0,470060.0,986.2,1004.9,981.3,986.2,120678750,1084.8,887.6,1102.5,649.1,1003.0,409,5,1002.9,922,5,1002.8,1023,10,1002.7,842,15,1002.6,1371,13,1003.5,491,9,1003.6,658,9,1003.7,1799,11,1003.8,1491,9,1003.9,684,10
317,2025-11-26 11:29:09+05:30,1003.5,53,997.56,4942147,419829.0,469933.0,986.2,1004.9,981.3,986.2,120678750,1084.8,887.6,1102.5,649.1,1003.0,409,5,1002.9,922,5,1002.8,1023,10,1002.7,842,15,1002.6,1399,14,1003.5,364,8,1003.6,658,9,1003.7,1799,11,1003.8,1491,9,1003.9,684,10
317,2025-11-26 11:29:10+05:30,1003.0,120,997.56,4942147,419829.0,469933.0,986.2,1004.9,981.3,986.2,120678750,1084.8,887.6,1102.5,649.1,1003.0,409,5,1002.9,922,5,1002.8,1023,10,1002.7,842,15,1002.6,1399,14,1003.5,364,8,1003.6,658,9,1003.7,1799,11,1003.8,1491,9,1003.9,684,10
317,2025-11-26 11:29:10+05:30,1003.0,120,997.56,4942267,419215.0,470725.0,986.2,1004.9,981.3,986.2,120678750,1084.8,887.6,1102.5,649.1,1003.0,289,5,1002.9,52,2,1002.8,957,8,1002.7,796,14,1002.6,1020,10,1003.2,96,1,1003.3,42,1,1003.4,357,4,1003.5,934,9,1003.6,779,11
317,2025-11-26 11:29:11+05:30,1003.0,120,997.56,4942267,419483.0,470701.0,986.2,1004.9,981.3,986.2,120678750,1084.8,887.6,1102.5,649.1,1003.0,289,5,1002.9,52,2,1002.8,1109,7,1002.7,733,10,1002.6,1004,9,1003.2,96,1,1003.4,618,7,1003.5,950,10,1003.6,822,14,1003.7,1321,10
317,2025-11-26 11:29:13+05:30,1003.0,120,997.56,4942267,419496.0,470835.0,986.2,1004.9,981.3,986.2,120678750,1084.8,887.6,1102.5,649.1,1003.0,289,5,1002.9,52,2,1002.8,1149,9,1002.7,781,13,1002.6,1020,10,1003.2,96,1,1003.4,618,7,1003.5,366,8,1003.6,1370,13,1003.7,1391,13
317,2025-11-26 11:29:14+05:30,1003.2,3,997.56,4942454,419506.0,470378.0,986.2,1004.9,981.3,986.2,120678750,1084.8,887.6,1102.5,649.1,1003.0,289,5,1002.9,230,3,1002.8,1197,10,1002.7,838,15,1002.6,1270,11,1003.2,93,1,1003.4,274,4,1003.5,410,10,1003.6,1168,12,1003.7,1362,12
317,2025-11-26 11:29:14+05:30,1003.2,3,997.56,4942454,419506.0,470378.0,986.2,1004.9,981.3,986.2,120678750,1084.8,887.6,1102.5,649.1,1003.0,289,5,1002.9,230,3,1002.8,1197,10,1002.7,838,15,1002.6,1270,11,1003.2,93,1,1003.4,274,4,1003.5,410,10,1003.6,1168,12,1003.7,1362,12
317,2025-11-26 11:29:15+05:30,1003.1,1,997.56,4942567,419435.0,470907.0,986.2,1004.9,981.3,986.2,120678750,1084.8,887.6,1102.5,649.1,1003.0,294,6,1002.9,230,3,1002.8,1062,8,1002.7,734,12,1002.6,1270,11,1003.1,95,1,1003.3,5,1,1003.4,289,2,1003.5,295,6,1003.6,1197,12
317,2025-11-26 11:29:15+05:30,1003.1,1,997.56,4942567,419435.0,470907.0,986.2,1004.9,981.3,986.2,120678750,1084.8,887.6,1102.5,649.1,1003.0,294,6,1002.9,230,3,1002.8,1062,8,1002.7,734,12,1002.6,1270,11,1003.1,95,1,1003.3,5,1,1003.4,289,2,1003.5,295,6,1003.6,1197,12
317,2025-11-26 11:29:16+05:30,1003.0,120,997.56,4942687,418937.0,471924.0,986.2,1004.9,981.3,986.2,120678750,1084.8,887.6,1102.5,649.1,1003.0,183,7,1002.9,52,2,1002.8,909,7,1002.7,558,10,1002.6,981,9,1003.1,95,1,1003.3,366,4,1003.4,808,7,1003.5,295,6,1003.6,1270,13
317,2025-11-26 11:29:16+05:30,1003.0,120,997.56,4942687,418937.0,471924.0,986.2,1004.9,981.3,986.2,120678750,1084.8,887.6,1102.5,649.1,1003.0,183,7,1002.9,52,2,1002.8,909,7,1002.7,558,10,1002.6,981,9,1003.1,95,1,1003.3,366,4,1003.4,808,7,1003.5,295,6,1003.6,1270,13
317,2025-11-26 11:29:17+05:30,1003.0,11,997.56,4942699,419126.0,471756.0,986.2,1004.9,981.3,986.2,120678750,1084.8,887.6,1102.5,649.1,1003.0,171,7,1002.9,52,2,1002.8,909,7,1002.7,558,10,1002.6,981,9,1003.1,95,1,1003.3,366,4,1003.4,808,7,1003.5,295,6,1003.6,1270,13
317,2025-11-26 11:29:17+05:30,1003.1,1,997.56,4942699,419126.0,471756.0,986.2,1004.9,981.3,986.2,120678750,1084.8,887.6,1102.5,649.1,1003.0,171,7,1002.9,52,2,1002.8,909,7,1002.7,558,10,1002.6,981,9,1003.1,95,1,1003.3,366,4,1003.4,808,7,1003.5,295,6,1003.6,1270,13
317,2025-11-26 11:29:18+05:30,1003.1,10,997.56,4942710,418239.0,472787.0,986.2,1004.9,981.3,986.2,120678750,1084.8,887.6,1102.5,649.1,1003.0,171,7,1002.9,10,1,1002.7,1009,8,1002.6,1077,12,1002.5,1037,16,1003.1,84,1,1003.2,115,1,1003.3,814,9,1003.4,809,8,1003.5,368,7
317,2025-11-26 11:29:18+05:30,1003.1,10,997.56,4942710,418239.0,472787.0,986.2,1004.9,981.3,986.2,120678750,1084.8,887.6,1102.5,649.1,1003.0,171,7,1002.9,10,1,1002.7,1009,8,1002.6,1077,12,1002.5,1037,16,1003.1,84,1,1003.2,115,1,1003.3,814,9,1003.4,809,8,1003.5,368,7
317,2025-11-26 11:29:19+05:30,1003.1,186,997.56,4942896,418000.0,472476.0,986.2,1004.9,981.3,986.2,120678750,1084.8,887.6,1102.5,649.1,1003.0,171,7,1002.9,10,1,1002.7,1028,8,1002.6,1090,13,1002.5,1287,17,1003.1,96,1,1003.2,162,2,1003.3,256,3,1003.4,757,7,1003.5,608,9
317,2025-11-26 11:29:19+05:30,1003.1,186,997.56,4942896,418000.0,472476.0,986.2,1004.9,981.3,986.2,120678750,1084.8,887.6,1102.5,649.1,1003.0,171,7,1002.9,10,1,1002.7,1028,8,1002.6,1090,13,1002.5,1287,17,1003.1,96,1,1003.2,162,2,1003.3,256,3,1003.4,757,7,1003.5,608,9
317,2025-11-26 11:29:20+05:30,1003.0,119,997.56,4943186,417604.0,472943.0,986.2,1004.9,981.3,986.2,120678750,1084.8,887.6,1102.5,649.1,1002.9,10,1,1002.7,429,5,1002.6,630,9,1002.5,963,15,1002.4,2339,18,1003.0,192,2,1003.2,238,4,1003.3,479,5,1003.4,792,9,1003.5,582,7
317,2025-11-26 11:29:20+05:30,1003.0,119,997.56,4943186,417604.0,472943.0,986.2,1004.9,981.3,986.2,120678750,1084.8,887.6,1102.5,649.1,1002.9,10,1,1002.7,429,5,1002.6,630,9,1002.5,963,15,1002.4,2339,18,1003.0,192,2,1003.2,238,4,1003.3,479,5,1003.4,792,9,1003.5,582,7
317,2025-11-26 11:29:21+05:30,1002.7,1,997.56,4943307,416923.0,474008.0,986.2,1004.9,981.3,986.2,120678750,1084.8,887.6,1102.5,649.1,1002.7,668,4,1002.6,532,8,1002.5,979,16,1002.4,1304,13,1002.3,1186,10,1003.0,192,2,1003.1,240,2,1003.2,434,6,1003.3,623,9,1003.4,945,9
317,2025-11-26 11:29:21+05:30,1002.7,1,997.56,4943307,416923.0,474008.0,986.2,1004.9,981.3,986.2,120678750,1084.8,887.6,1102.5,649.1,1002.7,668,4,1002.6,532,8,1002.5,979,16,1002.4,1304,13,1002.3,1186,10,1003.0,192,2,1003.1,240,2,1003.2,434,6,1003.3,623,9,1003.4,945,9
317,2025-11-26 11:29:22+05:30,1002.7,1,997.56,4943307,416986.0,473816.0,986.2,1004.9,981.3,986.2,120678750,1084.8,887.6,1102.5,649.1,1002.7,590,3,1002.6,510,7,1002.5,979,16,1002.4,1304,13,1002.3,1186,10,1003.0,193,3,1003.1,202,1,1003.2,472,7,1003.3,623,9,1003.4,945,9
317,2025-11-26 11:29:23+05:30,1002.7,1,997.56,4943307,416932.0,473857.0,986.2,1004.9,981.3,986.2,120678750,1084.8,887.6,1102.5,649.1,1002.7,590,3,1002.6,510,7,1002.5,979,16,1002.4,1304,13,1002.3,1186,10,1003.0,193,3,1003.1,212,2,1003.2,472,7,1003.3,623,9,1003.4,945,9
317,2025-11-26 11:29:24+05:30,1003.0,88,997.56,4943491,416990.0,473523.0,986.2,1004.9,981.3,986.2,120678750,1084.8,887.6,1102.5,649.1,1002.7,816,5,1002.6,610,10,1002.5,941,15,1002.4,1558,15,1002.3,758,8,1003.0,105,3,1003.1,10,1,1003.2,396,5,1003.3,433,7,1003.4,1083,13
317,2025-11-26 11:29:24+05:30,1003.0,88,997.56,4943491,416990.0,473523.0,986.2,1004.9,981.3,986.2,120678750,1084.8,887.6,1102.5,649.1,1002.7,816,5,1002.6,610,10,1002.5,941,15,1002.4,1558,15,1002.3,758,8,1003.0,105,3,1003.1,10,1,1003.2,396,5,1003.3,433,7,1003.4,1083,13
317,2025-11-26 11:29:25+05:30,1002.7,368,997.56,4944627,418072.0,470624.0,986.2,1004.9,981.3,986.2,120678750,1084.8,887.6,1102.5,649.1,1002.7,581,7,1002.6,1298,10,1002.5,751,16,1002.4,1117,17,1002.3,940,9,1003.0,1,1,1003.1,10,1,1003.2,160,3,1003.3,831,4,1003.4,598,6
317,2025-11-26 11:29:25+05:30,1002.7,368,997.56,4944627,418072.0,470624.0,986.2,1004.9,981.3,986.2,120678750,1084.8,887.6,1102.5,649.1,1002.7,581,7,1002.6,1298,10,1002.5,751,16,1002.4,1117,17,1002.3,940,9,1003.0,1,1,1003.1,10,1,1003.2,160,3,1003.3,831,4,1003.4,598,6
317,2025-11-26 11:29:26+05:30,1003.0,1,997.56,4945391,420128.0,469589.0,986.2,1004.9,981.3,986.2,120678750,1084.8,887.6,1102.5,649.1,1003.0,1,1,1002.9,13,1,1002.8,202,1,1002.7,839,9,1002.6,533,9,1003.1,10,1,1003.2,87,2,1003.3,110,2,1003.4,736,4,1003.5,580,9
317,2025-11-26 11:29:26+05:30,1003.0,1,997.56,4945391,420128.0,469589.0,986.2,1004.9,981.3,986.2,120678750,1084.8,887.6,1102.5,649.1,1003.0,1,1,1002.9,13,1,1002.8,202,1,1002.7,839,9,1002.6,533,9,1003.1,10,1,1003.2,87,2,1003.3,110,2,1003.4,736,4,1003.5,580,9
317,2025-11-26 11:29:27+05:30,1003.1,10,997.56,4945401,419810.0,469248.0,986.2,1004.9,981.3,986.2,120678750,1084.8,887.6,1102.5,649.1,1003.0,1,1,1002.9,13,1,1002.8,334,3,1002.7,1101,10,1002.6,643,10,1003.2,87,2,1003.3,13,1,1003.4,988,5,1003.5,629,10,1003.6,662,10
317,2025-11-26 11:29:27+05:30,1003.2,37,997.56,4945401,419810.0,469248.0,986.2,1004.9,981.3,986.2,120678750,1084.8,887.6,1102.5,649.1,1003.0,1,1,1002.9,13,1,1002.8,334,3,1002.7,1101,10,1002.6,643,10,1003.2,87,2,1003.3,13,1,1003.4,988,5,1003.5,629,10,1003.6,662,10
317,2025-11-26 11:29:28+05:30,1003.2,37,997.56,4945485,419628.0,469307.0,986.2,1004.9,981.3,986.2,120678750,1084.8,887.6,1102.5,649.1,1002.9,38,1,1002.8,402,5,1002.7,1126,11,1002.6,605,9,1002.5,1289,16,1003.2,50,2,1003.3,89,2,1003.4,934,5,1003.5,607,9,1003.6,640,9
317,2025-11-26 11:29:29+05:30,1002.9,85,997.56,4945877,419346.0,470109.0,986.2,1004.9,981.3,986.2,120678750,1084.8,887.6,1102.5,649.1,1002.8,304,5,1002.7,1110,10,1002.6,974,9,1002.5,1233,18,1002.4,2190,21,1003.4,1211,9,1003.5,700,10,1003.6,811,9,1003.7,1458,14,1003.8,1332,11
317,2025-11-26 11:29:29+05:30,1002.9,85,997.56,4945877,419346.0,470109.0,986.2,1004.9,981.3,986.2,120678750,1084.8,887.6,1102.5,649.1,1002.8,304,5,1002.7,1110,10,1002.6,974,9,1002.5,1233,18,1002.4,2190,21,1003.4,1211,9,1003.5,700,10,1003.6,811,9,1003.7,1458,14,1003.8,1332,11
317,2025-11-26 11:29:30+05:30,1003.3,6,997.56,4946836,423031.0,467852.0,986.2,1004.9,981.3,986.2,120678750,1084.8,887.6,1102.5,649.1,1003.3,6,1,1003.2,94,2,1003.1,202,1,1003.0,1029,8,1002.9,752,7,1003.6,183,2,1003.7,1022,9,1003.8,511,7,1003.9,783,17,1004.0,7249,24
317,2025-11-26 11:29:30+05:30,1003.6,118,997.56,4946836,423031.0,467852.0,986.2,1004.9,981.3,986.2,120678750,1084.8,887.6,1102.5,649.1,1003.3,6,1,1003.2,94,2,1003.1,202,1,1003.0,1029,8,1002.9,752,7,1003.6,183,2,1003.7,1022,9,1003.8,511,7,1003.9,783,17,1004.0,7249,24
317,2025-11-26 11:29:31+05:30,1003.2,2,997.56,4946967,423215.0,468221.0,986.2,1004.9,981.3,986.2,120678750,1084.8,887.6,1102.5,649.1,1003.3,18,1,1003.2,92,2,1003.1,202,1,1003.0,1207,9,1002.9,856,11,1003.6,153,4,1003.7,1072,9,1003.8,647,7,1003.9,896,13,1004.0,7272,26
317,2025-11-26 11:29:31+05:30,1003.2,2,997.56,4946967,423215.0,468221.0,986.2,1004.9,981.3,986.2,120678750,1084.8,887.6,1102.5,649.1,1003.3,18,1,1003.2,92,2,1003.1,202,1,1003.0,1207,9,1002.9,856,11,1003.6,153,4,1003.7,1072,9,1003.8,647,7,1003.9,896,13,1004.0,7272,26
317,2025-11-26 11:29:32+05:30,1003.2,2,997.56,4946967,423224.0,468329.0,986.2,1004.9,981.3,986.2,120678750,1084.8,887.6,1102.5,649.1,1003.3,30,2,1003.2,92,2,1003.1,202,1,1003.0,1219,10,1002.9,856,11,1003.5,78,1,1003.6,153,4,1003.7,1116,10,1003.8,604,7,1003.9,896,13
317,2025-11-26 11:29:33+05:30,1003.2,2,997.56,4946967,423038.0,468303.0,986.2,1004.9,981.3,986.2,120678750,1084.8,887.6,1102.5,649.1,1003.3,30,2,1003.2,92,2,1003.1,202,1,1003.0,1219,10,1002.9,856,11,1003.5,78,1,1003.6,153,4,1003.7,541,9,1003.8,1153,8,1003.9,896,13
317,2025-11-26 11:29:34+05:30,1003.4,112,997.56,4947265,421753.0,468542.0,986.2,1004.9,981.3,986.2,120678750,1084.8,887.6,1102.5,649.1,1003.3,30,2,1003.1,585,4,1003.0,504,8,1002.9,867,11,1002.8,1901,17,1003.5,39,1,1003.6,180,5,1003.7,496,8,1003.8,1204,10,1003.9,896,13
317,2025-11-26 11:29:34+05:30,1003.4,112,997.56,4947265,421753.0,468542.0,986.2,1004.9,981.3,986.2,120678750,1084.8,887.6,1102.5,649.1,1003.3,30,2,1003.1,585,4,1003.0,504,8,1002.9,867,11,1002.8,1901,17,1003.5,39,1,1003.6,180,5,1003.7,496,8,1003.8,1204,10,1003.9,896,13
317,2025-11-26 11:29:35+05:30,1003.4,112,997.56,4947265,423232.0,468471.0,986.2,1004.9,981.3,986.2,120678750,1084.8,887.6,1102.5,649.1,1003.3,30,2,1003.2,700,1,1003.1,1079,5,1003.0,504,8,1002.9,867,11,1003.5,39,1,1003.6,182,6,1003.7,400,6,1003.8,1160,9,1003.9,896,13
317,2025-11-26 11:29:36+05:30,1003.4,112,997.56,4947265,423857.0,468469.0,986.2,1004.9,981.3,986.2,120678750,1084.8,887.6,1102.5,649.1,1003.3,30,2,1003.2,700,1,1003.1,608,5,1003.0,530,10,1002.9,867,11,1003.5,39,1,1003.6,182,6,1003.7,400,6,1003.8,611,8,1003.9,896,13
317,2025-11-26 11:29:37+05:30,1003.4,112,997.56,4947265,424123.0,468366.0,986.2,1004.9,981.3,986.2,120678750,1084.8,887.6,1102.5,649.1,1003.4,240,1,1003.3,30,2,1003.2,926,5,1003.1,668,7,1003.0,530,10,1003.5,39,1,1003.6,45,3,1003.7,395,6,1003.8,548,8,1003.9,922,14
317,2025-11-26 11:29:38+05:30,1003.6,19,997.56,4947265,424123.0,468366.0,986.2,1004.9,981.3,986.2,120678750,1084.8,887.6,1102.5,649.1,1003.4,240,1,1003.3,30,2,1003.2,926,5,1003.1,668,7,1003.0,530,10,1003.5,39,1,1003.6,45,3,1003.7,395,6,1003.8,548,8,1003.9,922,14
317,2025-11-26 11:29:38+05:30,1003.4,90,997.56,4947615,424187.0,467167.0,986.2,1004.9,981.3,986.2,120678750,1084.8,887.6,1102.5,649.1,1003.4,48,3,1003.3,207,2,1003.2,1196,11,1003.1,889,9,1003.0,865,11,1003.7,13,2,1003.8,425,5,1003.9,764,9,1004.0,6654,23,1004.1,808,12
317,2025-11-26 11:29:39+05:30,1003.5,16,997.56,4947631,424950.0,467145.0,986.2,1004.9,981.3,986.2,120678750,1084.8,887.6,1102.5,649.1,1003.5,3,1,1003.4,48,3,1003.3,796,3,1003.2,1196,11,1003.1,933,10,1003.7,13,2,1003.8,446,5,1003.9,764,10,1004.0,6654,23,1004.1,808,12
317,2025-11-26 11:29:39+05:30,1003.5,16,997.56,4947631,424950.0,467145.0,986.2,1004.9,981.3,986.2,120678750,1084.8,887.6,1102.5,649.1,1003.5,3,1,1003.4,48,3,1003.3,796,3,1003.2,1196,11,1003.1,933,10,1003.7,13,2,1003.8,446,5,1003.9,764,10,1004.0,6654,23,1004.1,808,12
317,2025-11-26 11:29:40+05:30,1003.5,1,997.56,4947631,424950.0,467145.0,986.2,1004.9,981.3,986.2,120678750,1084.8,887.6,1102.5,649.1,1003.5,4,2,1003.4,35,2,1003.3,207,2,1003.2,1094,9,1003.1,933,10,1003.6,13,1,1003.7,13,2,1003.8,447,6,1003.9,768,10,1004.0,6697,24
317,2025-11-26 11:29:40+05:30,1003.5,1,997.56,4947715,425145.0,467067.0,986.2,1004.9,981.3,986.2,120678750,1084.8,887.6,1102.5,649.1,1003.5,4,2,1003.4,35,2,1003.3,207,2,1003.2,1094,9,1003.1,933,10,1003.6,13,1,1003.7,13,2,1003.8,447,6,1003.9,768,10,1004.0,6697,24
317,2025-11-26 11:29:41+05:30,1003.5,2,997.56,4947887,424508.0,467231.0,986.2,1004.9,981.3,986.2,120678750,1084.8,887.6,1102.5,649.1,1003.4,35,2,1003.3,5,1,1003.2,927,6,1003.1,790,10,1003.0,1119,13,1003.5,63,1,1003.6,96,1,1003.7,13,2,1003.8,478,7,1003.9,1243,13
317,2025-11-26 11:29:41+05:30,1003.5,2,997.56,4947887,424508.0,467231.0,986.2,1004.9,981.3,986.2,120678750,1084.8,887.6,1102.5,649.1,1003.4,35,2,1003.3,5,1,1003.2,927,6,1003.1,790,10,1003.0,1119,13,1003.5,63,1,1003.6,96,1,1003.7,13,2,1003.8,478,7,1003.9,1243,13
317,2025-11-26 11:29:42+05:30,1003.5,30,997.56,4947918,424579.0,467227.0,986.2,1004.9,981.3,986.2,120678750,1084.8,887.6,1102.5,649.1,1003.4,43,3,1003.3,5,1,1003.2,927,6,1003.1,790,10,1003.0,1119,13,1003.5,33,1,1003.6,96,1,1003.7,13,2,1003.8,489,6,1003.9,1207,12
317,2025-11-26 11:29:42+05:30,1003.5,30,997.56,4947918,424579.0,467227.0,986.2,1004.9,981.3,986.2,120678750,1084.8,887.6,1102.5,649.1,1003.4,43,3,1003.3,5,1,1003.2,927,6,1003.1,790,10,1003.0,1119,13,1003.5,33,1,1003.6,96,1,1003.7,13,2,1003.8,489,6,1003.9,1207,12
317,2025-11-26 11:29:43+05:30,1003.5,30,997.56,4947918,424579.0,467203.0,986.2,1004.9,981.3,986.2,120678750,1084.8,887.6,1102.5,649.1,1003.4,43,3,1003.3,5,1,1003.2,927,6,1003.1,790,10,1003.0,1119,13,1003.5,33,1,1003.6,96,1,1003.7,13,2,1003.8,489,6,1003.9,1207,12
317,2025-11-26 11:29:44+05:30,1003.6,2,997.56,4948127,425202.0,467274.0,986.2,1004.9,981.3,986.2,120678750,1084.8,887.6,1102.5,649.1,1003.5,19,1,1003.4,13,2,1003.3,250,3,1003.2,952,7,1003.1,790,10,1003.6,94,1,1003.7,13,2,1003.8,395,4,1003.9,1287,11,1004.0,6661,24
317,2025-11-26 11:29:44+05:30,1003.6,2,997.56,4948127,425202.0,467274.0,986.2,1004.9,981.3,986.2,120678750,1084.8,887.6,1102.5,649.1,1003.5,19,1,1003.4,13,2,1003.3,250,3,1003.2,952,7,1003.1,790,10,1003.6,94,1,1003.7,13,2,1003.8,395,4,1003.9,1287,11,1004.0,6661,24
317,2025-11-26 11:29:45+05:30,1003.5,9,997.56,4948221,424842.0,466797.0,986.2,1004.9,981.3,986.2,120678750,1084.8,887.6,1102.5,649.1,1003.4,4,1,1003.3,5,1,1003.2,945,7,1003.1,730,8,1003.0,1050,10,1003.5,96,1,1003.7,233,5,1003.8,444,5,1003.9,1234,10,1004.0,6687,26
317,2025-11-26 11:29:45+05:30,1003.5,1,997.56,4948221,424842.0,466797.0,986.2,1004.9,981.3,986.2,120678750,1084.8,887.6,1102.5,649.1,1003.4,4,1,1003.3,5,1,1003.2,945,7,1003.1,730,8,1003.0,1050,10,1003.5,96,1,1003.7,233,5,1003.8,444,5,1003.9,1234,10,1004.0,6687,26
317,2025-11-26 11:29:46+05:30,1003.5,1,997.56,4948222,425167.0,467016.0,986.2,1004.9,981.3,986.2,120678750,1084.8,887.6,1102.5,649.1,1003.4,4,1,1003.3,5,1,1003.2,933,7,1003.1,797,10,1003.0,1063,11,1003.5,95,1,1003.7,233,5,1003.8,468,6,1003.9,1247,11,1004.0,6674,25
317,2025-11-26 11:29:47+05:30,1003.5,1,997.56,4948222,425134.0,467015.0,986.2,1004.9,981.3,986.2,120678750,1084.8,887.6,1102.5,649.1,1003.4,6,2,1003.3,5,1,1003.2,933,7,1003.1,773,9,1003.0,1076,12,1003.5,95,1,1003.7,233,5,1003.8,444,5,1003.9,1260,12,1004.0,6661,24
317,2025-11-26 11:29:48+05:30,1003.5,1,997.56,4948222,425714.0,467061.0,986.2,1004.9,981.3,986.2,120678750,1084.8,887.6,1102.5,649.1,1003.4,6,2,1003.3,5,1,1003.2,890,6,1003.1,773,9,1003.0,1710,14,1003.5,145,2,1003.7,351,7,1003.8,444,5,1003.9,1260,12,1004.0,6661,24
317,2025-11-26 11:29:49+05:30,1003.5,41,997.56,4948408,427772.0,467021.0,986.2,1004.9,981.3,986.2,120678750,1084.8,887.6,1102.5,649.1,1003.4,6,2,1003.3,5,1,1003.2,933,7,1003.1,753,9,1003.0,1734,15,1003.5,105,2,1003.7,308,6,1003.8,510,7,1003.9,1260,12,1004.0,6661,24
317,2025-11-26 11:29:49+05:30,1003.5,41,997.56,4948408,427772.0,467021.0,986.2,1004.9,981.3,986.2,120678750,1084.8,887.6,1102.5,649.1,1003.4,6,2,1003.3,5,1,1003.2,933,7,1003.1,753,9,1003.0,1734,15,1003.5,105,2,1003.7,308,6,1003.8,510,7,1003.9,1260,12,1004.0,6661,24
317,2025-11-26 11:29:50+05:30,1003.4,2,997.56,4948414,427054.0,467422.0,986.2,1004.9,981.3,986.2,120678750,1084.8,887.6,1102.5,649.1,1003.3,5,1,1003.2,824,5,1003.1,711,8,1003.0,1304,12,1002.9,1118,15,1003.4,145,2,1003.5,50,1,1003.6,143,2,1003.7,308,6,1003.8,582,8
317,2025-11-26 11:29:50+05:30,1003.4,2,997.56,4948414,427054.0,467422.0,986.2,1004.9,981.3,986.2,120678750,1084.8,887.6,1102.5,649.1,1003.3,5,1,1003.2,824,5,1003.1,711,8,1003.0,1304,12,1002.9,1118,15,1003.4,145,2,1003.5,50,1,1003.6,143,2,1003.7,308,6,1003.8,582,8
317,2025-11-26 11:29:51+05:30,1003.4,29,997.56,4949264,425429.0,467659.0,986.2,1004.9,981.3,986.2,120678750,1084.8,887.6,1102.5,649.1,1003.2,735,4,1003.1,240,2,1003.0,577,8,1002.9,1057,12,1002.8,2273,21,1003.4,163,2,1003.5,50,1,1003.6,401,4,1003.7,696,6,1003.8,671,12
317,2025-11-26 11:29:51+05:30,1003.4,29,997.56,4949264,425429.0,467659.0,986.2,1004.9,981.3,986.2,120678750,1084.8,887.6,1102.5,649.1,1003.2,735,4,1003.1,240,2,1003.0,577,8,1002.9,1057,12,1002.8,2273,21,1003.4,163,2,1003.5,50,1,1003.6,401,4,1003.7,696,6,1003.8,671,12
317,2025-11-26 11:29:52+05:30,1003.4,29,997.56,4949264,426061.0,468208.0,986.2,1004.9,981.3,986.2,120678750,1084.8,887.6,1102.5,649.1,1003.2,743,5,1003.1,240,2,1003.0,616,9,1002.9,1067,12,1002.8,2320,22,1003.4,239,3,1003.5,50,1,1003.6,579,5,1003.7,871,8,1003.8,618,8
317,2025-11-26 11:29:53+05:30,1003.4,29,997.56,4949264,427057.0,468160.0,986.2,1004.9,981.3,986.2,120678750,1084.8,887.6,1102.5,649.1,1003.2,743,5,1003.1,240,2,1003.0,616,9,1002.9,1639,14,1002.8,2570,23,1003.4,239,3,1003.5,50,1,1003.6,579,5,1003.7,824,8,1003.8,618,8
317,2025-11-26 11:29:54+05:30,1003.4,21,997.56,4949448,428476.0,468520.0,986.2,1004.9,981.3,986.2,120678750,1084.8,887.6,1102.5,649.1,1003.3,112,1,1003.2,974,9,1003.1,279,3,1003.0,884,11,1002.9,1639,14,1003.4,182,3,1003.5,60,2,1003.6,530,4,1003.7,348,7,1003.8,569,7
317,2025-11-26 11:29:54+05:30,1003.4,21,997.56,4949448,428476.0,468520.0,986.2,1004.9,981.3,986.2,120678750,1084.8,887.6,1102.5,649.1,1003.3,112,1,1003.2,974,9,1003.1,279,3,1003.0,884,11,1002.9,1639,14,1003.4,182,3,1003.5,60,2,1003.6,530,4,1003.7,348,7,1003.8,569,7
317,2025-11-26 11:29:55+05:30,1003.4,104,997.57,4950071,428050.0,468232.0,986.2,1004.9,981.3,986.2,120678750,1084.8,887.6,1102.5,649.1,1003.3,17,1,1003.2,381,8,1003.1,689,6,1003.0,810,9,1002.9,1566,13,1003.5,60,2,1003.6,283,3,1003.7,299,6,1003.8,1122,8,1003.9,815,9
317,2025-11-26 11:29:55+05:30,1003.4,104,997.57,4950071,428050.0,468232.0,986.2,1004.9,981.3,986.2,120678750,1084.8,887.6,1102.5,649.1,1003.3,17,1,1003.2,381,8,1003.1,689,6,1003.0,810,9,1002.9,1566,13,1003.5,60,2,1003.6,283,3,1003.7,299,6,1003.8,1122,8,1003.9,815,9
317,2025-11-26 11:29:56+05:30,1003.4,104,997.57,4950071,428080.0,468313.0,986.2,1004.9,981.3,986.2,120678750,1084.8,887.6,1102.5,649.1,1003.3,8,1,1003.2,390,8,1003.1,719,7,1003.0,810,9,1002.9,1592,15,1003.5,60,2,1003.6,283,3,1003.7,340,7,1003.8,1122,8,1003.9,815,9
317,2025-11-26 11:29:57+05:30,1003.5,1,997.57,4950071,428080.0,468313.0,986.2,1004.9,981.3,986.2,120678750,1084.8,887.6,1102.5,649.1,1003.3,8,1,1003.2,390,8,1003.1,719,7,1003.0,810,9,1002.9,1592,15,1003.5,60,2,1003.6,283,3,1003.7,340,7,1003.8,1122,8,1003.9,815,9
317,2025-11-26 11:29:57+05:30,1003.5,1,997.57,4950122,428079.0,468369.0,986.2,1004.9,981.3,986.2,120678750,1084.8,887.6,1102.5,649.1,1003.3,8,1,1003.2,389,7,1003.1,719,7,1003.0,810,9,1002.9,1592,15,1003.5,49,2,1003.6,283,3,1003.7,338,6,1003.8,1122,8,1003.9,817,10
317,2025-11-26 11:29:58+05:30,1003.4,5,997.57,4950122,428079.0,468369.0,986.2,1004.9,981.3,986.2,120678750,1084.8,887.6,1102.5,649.1,1003.3,8,1,1003.2,389,7,1003.1,719,7,1003.0,810,9,1002.9,1592,15,1003.5,49,2,1003.6,283,3,1003.7,338,6,1003.8,1122,8,1003.9,817,10
317,2025-11-26 11:29:58+05:30,1003.4,5,997.57,4950128,428055.0,468187.0,986.2,1004.9,981.3,986.2,120678750,1084.8,887.6,1102.5,649.1,1003.3,8,1,1003.2,371,5,1003.1,489,5,1003.0,1208,11,1002.9,1022,12,1003.4,23,1,1003.5,48,2,1003.6,283,3,1003.7,386,7,1003.8,1122,8
317,2025-11-26 11:29:59+05:30,1003.4,135,997.57,4950128,428055.0,468187.0,986.2,1004.9,981.3,986.2,120678750,1084.8,887.6,1102.5,649.1,1003.3,8,1,1003.2,371,5,1003.1,489,5,1003.0,1208,11,1002.9,1022,12,1003.4,23,1,1003.5,48,2,1003.6,283,3,1003.7,386,7,1003.8,1122,8
317,2025-11-26 11:29:59+05:30,1003.4,135,997.57,4950263,428578.0,468016.0,986.2,1004.9,981.3,986.2,120678750,1084.8,887.6,1102.5,649.1,1003.4,19,1,1003.3,24,2,1003.2,371,5,1003.1,801,8,1003.0,1221,12,1003.5,48,2,1003.6,105,2,1003.7,386,7,1003.8,1122,8,1003.9,823,11
317,2025-11-26 11:30:00+05:30,1003.4,8,997.57,4950263,428578.0,468016.0,986.2,1004.9,981.3,986.2,120678750,1084.8,887.6,1102.5,649.1,1003.4,19,1,1003.3,24,2,1003.2,371,5,1003.1,801,8,1003.0,1221,12,1003.5,48,2,1003.6,105,2,1003.7,386,7,1003.8,1122,8,1003.9,823,11
317,2025-11-26 11:30:00+05:30,1003.3,8,997.57,4950441,427403.0,468387.0,986.2,1004.9,981.3,986.2,120678750,1084.8,887.6,1102.5,649.1,1003.3,8,1,1003.2,276,3,1003.1,658,2,1003.0,563,10,1002.9,994,11,1003.4,88,1,1003.5,68,3,1003.6,326,4,1003.7,483,7,1003.8,655,9
317,2025-11-26 11:30:01+05:30,1003.3,8,997.57,4950441,427403.0,468387.0,986.2,1004.9,981.3,986.2,120678750,1084.8,887.6,1102.5,649.1,1003.3,8,1,1003.2,276,3,1003.1,658,2,1003.0,563,10,1002.9,994,11,1003.4,88,1,1003.5,68,3,1003.6,326,4,1003.7,483,7,1003.8,655,9
317,2025-11-26 11:30:01+05:30,1003.3,8,997.57,4950441,427174.0,468279.0,986.2,1004.9,981.3,986.2,120678750,1084.8,887.6,1102.5,649.1,1003.3,8,1,1003.2,318,4,1003.1,773,4,1003.0,623,10,1002.9,901,10,1003.4,88,1,1003.5,145,5,1003.6,139,2,1003.7,266,4,1003.8,520,6
317,2025-11-26 11:30:03+05:30,1003.3,8,997.57,4950441,426799.0,468964.0,986.2,1004.9,981.3,986.2,120678750,1084.8,887.6,1102.5,649.1,1003.3,13,2,1003.2,276,3,1003.1,18,1,1003.0,1040,9,1002.9,901,10,1003.4,88,1,1003.5,155,6,1003.6,301,4,1003.7,979,7,1003.8,567,7
317,2025-11-26 11:30:04+05:30,1003.4,185,997.57,4950626,426532.0,468760.0,986.2,1004.9,981.3,986.2,120678750,1084.8,887.6,1102.5,649.1,1003.3,13,2,1003.2,276,3,1003.1,554,1,1003.0,496,10,1002.9,901,10,1003.4,96,1,1003.5,155,6,1003.6,167,3,1003.7,411,5,1003.8,520,6
317,2025-11-26 11:30:04+05:30,1003.3,1,997.57,4950626,426532.0,468760.0,986.2,1004.9,981.3,986.2,120678750,1084.8,887.6,1102.5,649.1,1003.3,13,2,1003.2,276,3,1003.1,554,1,1003.0,496,10,1002.9,901,10,1003.4,96,1,1003.5,155,6,1003.6,167,3,1003.7,411,5,1003.8,520,6
317,2025-11-26 11:30:05+05:30,1003.3,141,997.57,4950780,426509.0,469163.0,986.2,1004.9,981.3,986.2,120678750,1084.8,887.6,1102.5,649.1,1003.2,276,3,1003.1,49,1,1003.0,986,8,1002.9,901,10,1002.8,2238,23,1003.3,96,1,1003.4,50,1,1003.5,155,6,1003.6,293,4,1003.7,906,7
317,2025-11-26 11:30:05+05:30,1003.3,141,997.57,4950780,426509.0,469163.0,986.2,1004.9,981.3,986.2,120678750,1084.8,887.6,1102.5,649.1,1003.2,276,3,1003.1,49,1,1003.0,986,8,1002.9,901,10,1002.8,2238,23,1003.3,96,1,1003.4,50,1,1003.5,155,6,1003.6,293,4,1003.7,906,7
317,2025-11-26 11:30:06+05:30,1003.7,1,997.57,4951805,428610.0,465865.0,986.2,1004.9,981.3,986.2,120678750,1084.8,887.6,1102.5,649.1,1003.5,463,5,1003.4,69,2,1003.3,866,7,1003.2,1392,18,1003.1,545,8,1003.8,1,1,1003.9,487,4,1004.0,6370,20,1004.1,575,10,1004.2,1425,11
317,2025-11-26 11:30:06+05:30,1003.9,140,997.57,4951805,428610.0,465865.0,986.2,1004.9,981.3,986.2,120678750,1084.8,887.6,1102.5,649.1,1003.5,463,5,1003.4,69,2,1003.3,866,7,1003.2,1392,18,1003.1,545,8,1003.8,1,1,1003.9,487,4,1004.0,6370,20,1004.1,575,10,1004.2,1425,11
317,2025-11-26 11:30:07+05:30,1004.0,112,997.57,4952248,430583.0,465347.0,986.2,1004.9,981.3,986.2,120678750,1084.8,887.6,1102.5,649.1,1003.6,126,3,1003.5,292,3,1003.4,1107,6,1003.3,754,7,1003.2,2295,23,1004.0,6084,20,1004.1,540,9,1004.2,767,11,1004.3,711,8,1004.4,1572,12
317,2025-11-26 11:30:07+05:30,1003.6,16,997.57,4952248,430583.0,465347.0,986.2,1004.9,981.3,986.2,120678750,1084.8,887.6,1102.5,649.1,1003.6,126,3,1003.5,292,3,1003.4,1107,6,1003.3,754,7,1003.2,2295,23,1004.0,6084,20,1004.1,540,9,1004.2,767,11,1004.3,711,8,1004.4,1572,12
317,2025-11-26 11:30:08+05:30,1004.0,100,997.57,4952366,429967.0,465199.0,986.2,1004.9,981.3,986.2,120678750,1084.8,887.6,1102.5,649.1,1003.6,116,3,1003.5,180,3,1003.4,1107,6,1003.3,557,7,1003.2,2287,22,1004.0,5949,19,1004.1,575,10,1004.2,767,11,1004.3,711,8,1004.4,1424,13
317,2025-11-26 11:30:08+05:30,1003.6,1,997.57,4952366,429967.0,465199.0,986.2,1004.9,981.3,986.2,120678750,1084.8,887.6,1102.5,649.1,1003.6,116,3,1003.5,180,3,1003.4,1107,6,1003.3,557,7,1003.2,2287,22,1004.0,5949,19,1004.1,575,10,1004.2,767,11,1004.3,711,8,1004.4,1424,13
317,2025-11-26 11:30:09+05:30,1004.2,50,997.58,4958595,434356.0,454890.0,986.2,1004.9,981.3,986.2,120678750,1084.8,887.6,1102.5,649.1,1004.2,21,1,1004.0,159,4,1003.9,202,1,1003.8,996,7,1003.7,997,5,1004.4,32,2,1004.5,4502,4,1004.6,384,6,1004.7,651,12,1004.8,1483,11
317,2025-11-26 11:30:09+05:30,1004.2,1,997.58,4958595,434356.0,454890.0,986.2,1004.9,981.3,986.2,120678750,1084.8,887.6,1102.5,649.1,1004.2,21,1,1004.0,159,4,1003.9,202,1,1003.8,996,7,1003.7,997,5,1004.4,32,2,1004.5,4502,4,1004.6,384,6,1004.7,651,12,1004.8,1483,11
317,2025-11-26 11:30:10+05:30,1004.2,1,997.58,4958596,433545.0,458200.0,986.2,1004.9,981.3,986.2,120678750,1084.8,887.6,1102.5,649.1,1004.0,121,3,1003.9,18,1,1003.8,401,5,1003.7,1234,7,1003.6,1893,19,1004.1,96,1,1004.3,483,1,1004.4,1435,7,1004.5,4918,8,1004.6,677,9
317,2025-11-26 11:30:10+05:30,1004.1,102,997.58,4958596,433545.0,458200.0,986.2,1004.9,981.3,986.2,120678750,1084.8,887.6,1102.5,649.1,1004.0,121,3,1003.9,18,1,1003.8,401,5,1003.7,1234,7,1003.6,1893,19,1004.1,96,1,1004.3,483,1,1004.4,1435,7,1004.5,4918,8,1004.6,677,9
317,2025-11-26 11:30:11+05:30,1004.1,102,997.58,4959126,432272.0,458097.0,986.2,1004.9,981.3,986.2,120678750,1084.8,887.6,1102.5,649.1,1004.0,41,2,1003.8,556,6,1003.7,1054,6,1003.6,1316,20,1003.5,742,13,1004.1,96,1,1004.2,285,1,1004.3,488,2,1004.4,1431,6,1004.5,4918,8
317,2025-11-26 11:30:12+05:30,1004.0,5,997.58,4959131,432098.0,458967.0,986.2,1004.9,981.3,986.2,120678750,1084.8,887.6,1102.5,649.1,1004.0,36,2,1003.8,396,5,1003.7,1054,6,1003.6,1316,20,1003.5,742,13,1004.1,96,1,1004.2,285,1,1004.3,489,3,1004.4,1431,6,1004.5,4967,9
317,2025-11-26 11:30:12+05:30,1004.0,5,997.58,4959131,432098.0,458967.0,986.2,1004.9,981.3,986.2,120678750,1084.8,887.6,1102.5,649.1,1004.0,36,2,1003.8,396,5,1003.7,1054,6,1003.6,1316,20,1003.5,742,13,1004.1,96,1,1004.2,285,1,1004.3,489,3,1004.4,1431,6,1004.5,4967,9
317,2025-11-26 11:30:13+05:30,1004.1,50,997.58,4959181,431895.0,459030.0,986.2,1004.9,981.3,986.2,120678750,1084.8,887.6,1102.5,649.1,1004.0,36,2,1003.8,373,4,1003.7,1021,6,1003.6,1316,20,1003.5,742,13,1004.1,46,1,1004.2,316,2,1004.3,545,4,1004.4,1487,7,1004.5,4967,9
317,2025-11-26 11:30:13+05:30,1004.1,50,997.58,4959181,431895.0,459030.0,986.2,1004.9,981.3,986.2,120678750,1084.8,887.6,1102.5,649.1,1004.0,36,2,1003.8,373,4,1003.7,1021,6,1003.6,1316,20,1003.5,742,13,1004.1,46,1,1004.2,316,2,1004.3,545,4,1004.4,1487,7,1004.5,4967,9
317,2025-11-26 11:30:14+05:30,1004.1,3,997.58,4959368,432420.0,459156.0,986.2,1004.9,981.3,986.2,120678750,1084.8,887.6,1102.5,649.1,1004.0,36,2,1003.8,373,4,1003.7,900,4,1003.6,1339,21,1003.5,840,14,1004.1,133,2,1004.2,316,2,1004.3,719,5,1004.4,1526,9,1004.5,4967,9
317,2025-11-26 11:30:14+05:30,1004.1,75,997.58,4959368,432420.0,459156.0,986.2,1004.9,981.3,986.2,120678750,1084.8,887.6,1102.5,649.1,1004.0,36,2,1003.8,373,4,1003.7,900,4,1003.6,1339,21,1003.5,840,14,1004.1,133,2,1004.2,316,2,1004.3,719,5,1004.4,1526,9,1004.5,4967,9
317,2025-11-26 11:30:15+05:30,1004.0,8,997.58,4959567,431652.0,460762.0,986.2,1004.9,981.3,986.2,120678750,1084.8,887.6,1102.5,649.1,1003.8,5,1,1003.7,174,1,1003.6,977,8,1003.5,718,10,1003.4,1393,15,1004.0,71,1,1004.1,41,1,1004.2,518,3,1004.3,762,7,1004.4,1486,10
317,2025-11-26 11:30:15+05:30,1003.8,10,997.58,4959567,431652.0,460762.0,986.2,1004.9,981.3,986.2,120678750,1084.8,887.6,1102.5,649.1,1003.8,5,1,1003.7,174,1,1003.6,977,8,1003.5,718,10,1003.4,1393,15,1004.0,71,1,1004.1,41,1,1004.2,518,3,1004.3,762,7,1004.4,1486,10
317,2025-11-26 11:30:16+05:30,1003.8,10,997.58,4959577,431631.0,461355.0,986.2,1004.9,981.3,986.2,120678750,1084.8,887.6,1102.5,649.1,1003.8,5,1,1003.6,977,8,1003.5,718,10,1003.4,1406,16,1003.3,1185,15,1004.0,371,2,1004.1,41,1,1004.2,805,7,1004.3,1069,9,1004.4,1126,11
317,2025-11-26 11:30:17+05:30,1003.8,10,997.58,4959577,431686.0,461348.0,986.2,1004.9,981.3,986.2,120678750,1084.8,887.6,1102.5,649.1,1003.8,8,2,1003.6,977,8,1003.5,718,10,1003.4,1419,17,1003.3,1172,14,1004.0,371,2,1004.1,41,1,1004.2,979,8,1004.3,1069,9,1004.4,1126,11
317,2025-11-26 11:30:18+05:30,1003.8,10,997.58,4959577,431686.0,461348.0,986.2,1004.9,981.3,986.2,120678750,1084.8,887.6,1102.5,649.1,1003.8,8,2,1003.6,977,8,1003.5,718,10,1003.4,1419,17,1003.3,1172,14,1004.0,371,2,1004.1,41,1,1004.2,979,8,1004.3,1069,9,1004.4,1126,11
317,2025-11-26 11:30:19+05:30,1004.0,59,997.58,4960445,430197.0,459935.0,986.2,1004.9,981.3,986.2,120678750,1084.8,887.6,1102.5,649.1,1003.9,19,1,1003.8,3,1,1003.6,267,4,1003.5,1028,10,1003.4,1107,10,1004.1,41,1,1004.2,573,4,1004.3,1214,11,1004.4,729,10,1004.5,5849,12
317,2025-11-26 11:30:19+05:30,1004.0,59,997.58,4960445,430197.0,459935.0,986.2,1004.9,981.3,986.2,120678750,1084.8,887.6,1102.5,649.1,1003.9,19,1,1003.8,3,1,1003.6,267,4,1003.5,1028,10,1003.4,1107,10,1004.1,41,1,1004.2,573,4,1004.3,1214,11,1004.4,729,10,1004.5,5849,12
317,2025-11-26 11:30:20+05:30,1004.0,59,997.58,4960445,430974.0,461298.0,986.2,1004.9,981.3,986.2,120678750,1084.8,887.6,1102.5,649.1,1003.9,27,2,1003.8,3,1,1003.6,291,5,1003.5,1043,11,1003.4,1120,11,1004.0,96,1,1004.1,41,1,1004.2,609,5,1004.3,1178,10,1004.4,750,10
317,2025-11-26 11:30:20+05:30,1004.0,4,997.58,4960445,430974.0,461298.0,986.2,1004.9,981.3,986.2,120678750,1084.8,887.6,1102.5,649.1,1003.9,27,2,1003.8,3,1,1003.6,291,5,1003.5,1043,11,1003.4,1120,11,1004.0,96,1,1004.1,41,1,1004.2,609,5,1004.3,1178,10,1004.4,750,10
317,2025-11-26 11:30:21+05:30,1004.0,69,997.58,4961277,431986.0,461029.0,986.2,1004.9,981.3,986.2,120678750,1084.8,887.6,1102.5,649.1,1003.9,85,3,1003.7,1054,5,1003.6,1074,11,1003.5,582,11,1003.4,1120,11,1004.0,23,1,1004.1,41,1,1004.2,363,2,1004.3,1056,8,1004.4,671,7
317,2025-11-26 11:30:21+05:30,1004.0,10,997.58,4961277,431986.0,461029.0,986.2,1004.9,981.3,986.2,120678750,1084.8,887.6,1102.5,649.1,1003.9,85,3,1003.7,1054,5,1003.6,1074,11,1003.5,582,11,1003.4,1120,11,1004.0,23,1,1004.1,41,1,1004.2,363,2,1004.3,1056,8,1004.4,671,7
317,2025-11-26 11:30:22+05:30,1003.9,20,997.58,4961307,432016.0,460578.0,986.2,1004.9,981.3,986.2,120678750,1084.8,887.6,1102.5,649.1,1003.9,82,4,1003.7,514,4,1003.6,1074,11,1003.5,1155,12,1003.4,1120,11,1004.0,13,1,1004.1,41,1,1004.2,417,3,1004.3,1056,8,1004.4,706,9
317,2025-11-26 11:30:22+05:30,1003.9,20,997.58,4961307,432016.0,460578.0,986.2,1004.9,981.3,986.2,120678750,1084.8,887.6,1102.5,649.1,1003.9,82,4,1003.7,514,4,1003.6,1074,11,1003.5,1155,12,1003.4,1120,11,1004.0,13,1,1004.1,41,1,1004.2,417,3,1004.3,1056,8,1004.4,706,9
317,2025-11-26 11:30:23+05:30,1003.9,20,997.58,4961307,432237.0,461056.0,986.2,1004.9,981.3,986.2,120678750,1084.8,887.6,1102.5,649.1,1003.9,82,4,1003.7,376,2,1003.6,1074,11,1003.5,1329,15,1003.4,1094,9,1004.0,13,1,1004.1,41,1,1004.2,363,2,1004.3,1056,8,1004.4,1210,11
317,2025-11-26 11:30:23+05:30,1004.2,45,997.58,4961307,432237.0,461056.0,986.2,1004.9,981.3,986.2,120678750,1084.8,887.6,1102.5,649.1,1003.9,82,4,1003.7,376,2,1003.6,1074,11,1003.5,1329,15,1003.4,1094,9,1004.0,13,1,1004.1,41,1,1004.2,363,2,1004.3,1056,8,1004.4,1210,11
317,2025-11-26 11:30:24+05:30,1004.1,1,997.58,4961546,433695.0,459170.0,986.2,1004.9,981.3,986.2,120678750,1084.8,887.6,1102.5,649.1,1004.1,106,1,1004.0,20,2,1003.9,86,4,1003.8,202,1,1003.7,1102,7,1004.2,240,1,1004.3,497,3,1004.4,431,6,1004.5,5202,11,1004.6,733,10
317,2025-11-26 11:30:24+05:30,1004.1,1,997.58,4961546,433695.0,459170.0,986.2,1004.9,981.3,986.2,120678750,1084.8,887.6,1102.5,649.1,1004.1,106,1,1004.0,20,2,1003.9,86,4,1003.8,202,1,1003.7,1102,7,1004.2,240,1,1004.3,497,3,1004.4,431,6,1004.5,5202,11,1004.6,733,10
317,2025-11-26 11:30:25+05:30,1004.1,1,997.58,4961546,433630.0,459224.0,986.2,1004.9,981.3,986.2,120678750,1084.8,887.6,1102.5,649.1,1004.1,111,2,1004.0,20,2,1003.9,81,3,1003.8,376,2,1003.7,1102,7,1004.2,241,2,1004.3,497,3,1004.4,431,6,1004.5,5202,11,1004.6,733,10
317,2025-11-26 11:30:26+05:30,1004.2,184,997.58,4961750,433611.0,459032.0,986.2,1004.9,981.3,986.2,120678750,1084.8,887.6,1102.5,649.1,1004.1,111,2,1004.0,1,1,1003.9,81,3,1003.8,376,2,1003.7,1102,7,1004.2,37,2,1004.3,497,3,1004.4,430,5,1004.5,5215,13,1004.6,733,10
317,2025-11-26 11:30:26+05:30,1004.2,78,997.58,4961750,433611.0,459032.0,986.2,1004.9,981.3,986.2,120678750,1084.8,887.6,1102.5,649.1,1004.1,111,2,1004.0,1,1,1003.9,81,3,1003.8,376,2,1003.7,1102,7,1004.2,37,2,1004.3,497,3,1004.4,430,5,1004.5,5215,13,1004.6,733,10
317,2025-11-26 11:30:27+05:30,1004.2,1,997.58,4961866,433588.0,459306.0,986.2,1004.9,981.3,986.2,120678750,1084.8,887.6,1102.5,649.1,1004.1,170,3,1003.9,22,2,1003.8,202,1,1003.7,1102,7,1003.6,2130,12,1004.2,325,3,1004.3,532,4,1004.4,396,4,1004.5,5238,14,1004.6,726,9
317,2025-11-26 11:30:27+05:30,1004.2,1,997.58,4961866,433588.0,459306.0,986.2,1004.9,981.3,986.2,120678750,1084.8,887.6,1102.5,649.1,1004.1,170,3,1003.9,22,2,1003.8,202,1,1003.7,1102,7,1003.6,2130,12,1004.2,325,3,1004.3,532,4,1004.4,396,4,1004.5,5238,14,1004.6,726,9
317,2025-11-26 11:30:28+05:30,1004.1,6,997.58,4961874,433610.0,459349.0,986.2,1004.9,981.3,986.2,120678750,1084.8,887.6,1102.5,649.1,1004.1,162,3,1003.9,22,2,1003.8,202,1,1003.7,585,5,1003.6,1967,12,1004.2,825,4,1004.3,532,4,1004.4,430,5,1004.5,5238,14,1004.6,752,11
317,2025-11-26 11:30:28+05:30,1004.1,6,997.58,4961874,433610.0,459349.0,986.2,1004.9,981.3,986.2,120678750,1084.8,887.6,1102.5,649.1,1004.1,162,3,1003.9,22,2,1003.8,202,1,1003.7,585,5,1003.6,1967,12,1004.2,825,4,1004.3,532,4,1004.4,430,5,1004.5,5238,14,1004.6,752,11
317,2025-11-26 11:30:29+05:30,1004.1,47,997.58,4962209,433222.0,459368.0,986.2,1004.9,981.3,986.2,120678750,1084.8,887.6,1102.5,649.1,1004.1,12,1,1003.9,22,2,1003.8,202,1,1003.7,665,6,1003.6,1967,12,1004.2,758,5,1004.3,875,9,1004.4,497,6,1004.5,5204,13,1004.6,752,11
317,2025-11-26 11:30:29+05:30,1004.1,47,997.58,4962209,433222.0,459368.0,986.2,1004.9,981.3,986.2,120678750,1084.8,887.6,1102.5,649.1,1004.1,12,1,1003.9,22,2,1003.8,202,1,1003.7,665,6,1003.6,1967,12,1004.2,758,5,1004.3,875,9,1004.4,497,6,1004.5,5204,13,1004.6,752,11
317,2025-11-26 11:30:30+05:30,1004.1,12,997.58,4962221,432740.0,460936.0,986.2,1004.9,981.3,986.2,120678750,1084.8,887.6,1102.5,649.1,1003.9,17,1,1003.7,785,3,1003.6,1281,11,1003.5,872,16,1003.4,1094,9,1004.1,84,1,1004.2,758,5,1004.3,919,9,1004.4,1241,9,1004.5,5288,14
317,2025-11-26 11:30:30+05:30,1004.1,12,997.58,4962221,432740.0,460936.0,986.2,1004.9,981.3,986.2,120678750,1084.8,887.6,1102.5,649.1,1003.9,17,1,1003.7,785,3,1003.6,1281,11,1003.5,872,16,1003.4,1094,9,1004.1,84,1,1004.2,758,5,1004.3,919,9,1004.4,1241,9,1004.5,5288,14
317,2025-11-26 11:30:31+05:30,1003.9,8,997.58,4962229,432714.0,461038.0,986.2,1004.9,981.3,986.2,120678750,1084.8,887.6,1102.5,649.1,1003.9,20,2,1003.7,254,2,1003.6,1281,11,1003.5,1374,17,1003.4,1094,9,1004.1,84,1,1004.2,758,5,1004.3,1004,11,1004.4,1207,8,1004.5,5288,14
317,2025-11-26 11:30:31+05:30,1003.9,8,997.58,4962229,432714.0,461038.0,986.2,1004.9,981.3,986.2,120678750,1084.8,887.6,1102.5,649.1,1003.9,20,2,1003.7,254,2,1003.6,1281,11,1003.5,1374,17,1003.4,1094,9,1004.1,84,1,1004.2,758,5,1004.3,1004,11,1004.4,1207,8,1004.5,5288,14
317,2025-11-26 11:30:32+05:30,1003.9,8,997.58,4962229,432807.0,461038.0,986.2,1004.9,981.3,986.2,120678750,1084.8,887.6,1102.5,649.1,1003.9,20,2,1003.7,755,3,1003.6,1345,12,1003.5,872,16,1003.4,1124,10,1004.1,84,1,1004.2,758,5,1004.3,1004,11,1004.4,1207,8,1004.5,5288,14
317,2025-11-26 11:30:33+05:30,1003.9,8,997.58,4962229,432465.0,461060.0,986.2,1004.9,981.3,986.2,120678750,1084.8,887.6,1102.5,649.1,1004.0,50,1,1003.9,21,3,1003.7,820,4,1003.6,1418,15,1003.5,872,16,1004.1,84,1,1004.2,910,6,1004.3,981,10,1004.4,1207,8,1004.5,5288,14
317,2025-11-26 11:30:34+05:30,1004.1,112,997.58,4962526,432977.0,460272.0,986.2,1004.9,981.3,986.2,120678750,1084.8,887.6,1102.5,649.1,1004.0,50,1,1003.9,26,4,1003.8,202,1,1003.7,370,4,1003.6,1405,14,1004.1,96,1,1004.2,954,7,1004.3,671,4,1004.4,1050,8,1004.5,5306,16
317,2025-11-26 11:30:34+05:30,1004.1,112,997.58,4962526,432977.0,460272.0,986.2,1004.9,981.3,986.2,120678750,1084.8,887.6,1102.5,649.1,1004.0,50,1,1003.9,26,4,1003.8,202,1,1003.7,370,4,1003.6,1405,14,1004.1,96,1,1004.2,954,7,1004.3,671,4,1004.4,1050,8,1004.5,5306,16
317,2025-11-26 11:30:35+05:30,1004.0,50,997.58,4962576,432419.0,460393.0,986.2,1004.9,981.3,986.2,120678750,1084.8,887.6,1102.5,649.1,1003.9,17,2,1003.7,319,3,1003.6,1059,12,1003.5,1441,18,1003.4,1167,10,1004.0,46,1,1004.2,1213,10,1004.3,881,7,1004.4,1016,7,1004.5,5306,16
317,2025-11-26 11:30:35+05:30,1004.0,50,997.58,4962576,432419.0,460393.0,986.2,1004.9,981.3,986.2,120678750,1084.8,887.6,1102.5,649.1,1003.9,17,2,1003.7,319,3,1003.6,1059,12,1003.5,1441,18,1003.4,1167,10,1004.0,46,1,1004.2,1213,10,1004.3,881,7,1004.4,1016,7,1004.5,5306,16
317,2025-11-26 11:30:36+05:30,1004.0,1,997.58,4962577,432416.0,460642.0,986.2,1004.9,981.3,986.2,120678750,1084.8,887.6,1102.5,649.1,1003.9,27,2,1003.7,145,2,1003.6,1063,13,1003.5,1438,17,1003.4,1167,10,1004.0,45,1,1004.2,1268,10,1004.3,1090,10,1004.4,1042,9,1004.5,5306,16
317,2025-11-26 11:30:36+05:30,1004.0,1,997.58,4962577,432416.0,460642.0,986.2,1004.9,981.3,986.2,120678750,1084.8,887.6,1102.5,649.1,1003.9,27,2,1003.7,145,2,1003.6,1063,13,1003.5,1438,17,1003.4,1167,10,1004.0,45,1,1004.2,1268,10,1004.3,1090,10,1004.4,1042,9,1004.5,5306,16
317,2025-11-26 11:30:37+05:30,1004.0,1,997.58,4962577,432415.0,460123.0,986.2,1004.9,981.3,986.2,120678750,1084.8,887.6,1102.5,649.1,1003.9,27,2,1003.7,145,2,1003.6,1063,13,1003.5,1438,17,1003.4,1167,10,1004.0,45,1,1004.2,1268,10,1004.3,1090,10,1004.4,538,9,1004.5,5306,16
317,2025-11-26 11:30:38+05:30,1004.0,4,997.58,4962581,432340.0,460052.0,986.2,1004.9,981.3,986.2,120678750,1084.8,887.6,1102.5,649.1,1003.9,27,2,1003.7,145,2,1003.6,881,10,1003.5,872,16,1003.4,1265,11,1004.0,41,1,1004.2,1395,12,1004.3,1228,12,1004.4,538,9,1004.5,5272,15
317,2025-11-26 11:30:38+05:30,1004.0,4,997.58,4962581,432340.0,460052.0,986.2,1004.9,981.3,986.2,120678750,1084.8,887.6,1102.5,649.1,1003.9,27,2,1003.7,145,2,1003.6,881,10,1003.5,872,16,1003.4,1265,11,1004.0,41,1,1004.2,1395,12,1004.3,1228,12,1004.4,538,9,1004.5,5272,15
317,2025-11-26 11:30:39+05:30,1004.0,185,997.58,4962766,431401.0,460821.0,986.2,1004.9,981.3,986.2,120678750,1084.8,887.6,1102.5,649.1,1003.9,27,2,1003.7,65,1,1003.6,351,8,1003.5,509,9,1003.4,1168,11,1004.0,96,1,1004.1,607,8,1004.2,1351,11,1004.3,1256,14,1004.4,977,13
317,2025-11-26 11:30:39+05:30,1004.0,185,997.58,4962766,431401.0,460821.0,986.2,1004.9,981.3,986.2,120678750,1084.8,887.6,1102.5,649.1,1003.9,27,2,1003.7,65,1,1003.6,351,8,1003.5,509,9,1003.4,1168,11,1004.0,96,1,1004.1,607,8,1004.2,1351,11,1004.3,1256,14,1004.4,977,13
317,2025-11-26 11:30:40+05:30,1003.9,142,997.58,4962935,429499.0,462158.0,986.2,1004.9,981.3,986.2,120678750,1084.8,887.6,1102.5,649.1,1003.8,82,1,1003.7,65,1,1003.6,131,3,1003.5,260,3,1003.4,1285,10,1003.9,192,2,1004.0,256,3,1004.1,481,8,1004.2,1458,12,1004.3,1232,12
317,2025-11-26 11:30:40+05:30,1003.9,142,997.58,4962935,429499.0,462158.0,986.2,1004.9,981.3,986.2,120678750,1084.8,887.6,1102.5,649.1,1003.8,82,1,1003.7,65,1,1003.6,131,3,1003.5,260,3,1003.4,1285,10,1003.9,192,2,1004.0,256,3,1004.1,481,8,1004.2,1458,12,1004.3,1232,12
317,2025-11-26 11:30:41+05:30,1003.8,47,997.58,4962982,425507.0,462515.0,986.2,1004.9,981.3,986.2,120678750,1084.8,887.6,1102.5,649.1,1003.8,35,1,1003.7,65,1,1003.6,131,3,1003.5,260,3,1003.4,1285,10,1003.9,218,3,1004.0,320,5,1004.1,469,7,1004.2,1481,13,1004.3,1232,12
317,2025-11-26 11:30:41+05:30,1003.8,47,997.58,4962982,425507.0,462515.0,986.2,1004.9,981.3,986.2,120678750,1084.8,887.6,1102.5,649.1,1003.8,35,1,1003.7,65,1,1003.6,131,3,1003.5,260,3,1003.4,1285,10,1003.9,218,3,1004.0,320,5,1004.1,469,7,1004.2,1481,13,1004.3,1232,12
317,2025-11-26 11:30:42+05:30,1003.8,47,997.58,4962982,425536.0,461962.0,986.2,1004.9,981.3,986.2,120678750,1084.8,887.6,1102.5,649.1,1003.8,35,1,1003.7,65,1,1003.6,131,3,1003.5,260,3,1003.4,1285,10,1003.9,218,3,1004.0,320,5,1004.1,484,8,1004.2,1481,13,1004.3,1232,12
317,2025-11-26 11:30:43+05:30,1003.8,47,997.58,4962982,425506.0,461481.0,986.2,1004.9,981.3,986.2,120678750,1084.8,887.6,1102.5,649.1,1003.8,35,1,1003.7,65,1,1003.6,131,3,1003.5,260,3,1003.4,1285,10,1003.9,218,3,1004.0,320,5,1004.1,487,9,1004.2,1481,13,1004.3,748,10
317,2025-11-26 11:30:44+05:30,1003.8,19,997.58,4963188,425391.0,461461.0,986.2,1004.9,981.3,986.2,120678750,1084.8,887.6,1102.5,649.1,1003.8,16,1,1003.7,65,1,1003.6,131,3,1003.5,260,3,1003.4,1222,6,1003.9,215,4,1004.0,403,8,1004.1,448,8,1004.2,1458,12,1004.3,748,10
317,2025-11-26 11:30:44+05:30,1003.8,19,997.58,4963188,425391.0,461461.0,986.2,1004.9,981.3,986.2,120678750,1084.8,887.6,1102.5,649.1,1003.8,16,1,1003.7,65,1,1003.6,131,3,1003.5,260,3,1003.4,1222,6,1003.9,215,4,1004.0,403,8,1004.1,448,8,1004.2,1458,12,1004.3,748,10
317,2025-11-26 11:30:45+05:30,1003.8,2,997.58,4963206,426380.0,461976.0,986.2,1004.9,981.3,986.2,120678750,1084.8,887.6,1102.5,649.1,1003.7,65,1,1003.6,131,3,1003.5,175,2,1003.4,1244,7,1003.3,879,13,1003.8,190,2,1004.0,94,3,1004.1,1167,12,1004.2,1461,13,1004.3,755,11
317,2025-11-26 11:30:45+05:30,1003.8,2,997.58,4963206,426380.0,461976.0,986.2,1004.9,981.3,986.2,120678750,1084.8,887.6,1102.5,649.1,1003.7,65,1,1003.6,131,3,1003.5,175,2,1003.4,1244,7,1003.3,879,13,1003.8,190,2,1004.0,94,3,1004.1,1167,12,1004.2,1461,13,1004.3,755,11
317,2025-11-26 11:30:46+05:30,1003.8,2,997.58,4963206,426749.0,461909.0,986.2,1004.9,981.3,986.2,120678750,1084.8,887.6,1102.5,649.1,1003.7,65,1,1003.6,131,3,1003.5,175,2,1003.4,1244,7,1003.3,899,14,1003.8,190,2,1004.0,94,3,1004.1,1167,12,1004.2,1287,10,1004.3,755,11
317,2025-11-26 11:30:47+05:30,1003.8,2,997.58,4963206,426763.0,461763.0,986.2,1004.9,981.3,986.2,120678750,1084.8,887.6,1102.5,649.1,1003.7,79,3,1003.6,131,3,1003.5,175,2,1003.4,1244,7,1003.3,899,14,1003.8,190,2,1004.0,153,5,1004.1,1118,11,1004.2,1318,11,1004.3,755,11
317,2025-11-26 11:30:48+05:30,1003.8,2,997.58,4963206,426763.0,461763.0,986.2,1004.9,981.3,986.2,120678750,1084.8,887.6,1102.5,649.1,1003.7,79,3,1003.6,131,3,1003.5,175,2,1003.4,1244,7,1003.3,899,14,1003.8,190,2,1004.0,153,5,1004.1,1118,11,1004.2,1318,11,1004.3,782,12
317,2025-11-26 11:30:49+05:30,1003.8,2,997.58,4963494,427059.0,461679.0,986.2,1004.9,981.3,986.2,120678750,1084.8,887.6,1102.5,649.1,1003.7,79,3,1003.6,136,3,1003.5,175,2,1003.4,1243,7,1003.3,899,14,1003.8,225,3,1003.9,47,1,1004.0,259,5,1004.1,1087,10,1004.2,1349,12
317,2025-11-26 11:30:49+05:30,1003.8,2,997.58,4963494,427059.0,461679.0,986.2,1004.9,981.3,986.2,120678750,1084.8,887.6,1102.5,649.1,1003.7,79,3,1003.6,136,3,1003.5,175,2,1003.4,1243,7,1003.3,899,14,1003.8,225,3,1003.9,47,1,1004.0,259,5,1004.1,1087,10,1004.2,1349,12
317,2025-11-26 11:30:50+05:30,1003.7,8,997.58,4963695,426578.0,463265.0,986.2,1004.9,981.3,986.2,120678750,1084.8,887.6,1102.5,649.1,1003.5,189,2,1003.4,512,3,1003.3,1305,12,1003.2,1623,20,1003.1,796,10,1003.7,190,3,1003.8,35,1,1003.9,97,2,1004.0,839,6,1004.1,588,12
317,2025-11-26 11:30:50+05:30,1003.7,8,997.58,4963695,426578.0,463265.0,986.2,1004.9,981.3,986.2,120678750,1084.8,887.6,1102.5,649.1,1003.5,189,2,1003.4,512,3,1003.3,1305,12,1003.2,1623,20,1003.1,796,10,1003.7,190,3,1003.8,35,1,1003.9,97,2,1004.0,839,6,1004.1,588,12
317,2025-11-26 11:30:51+05:30,1003.7,8,997.58,4963695,426615.0,463267.0,986.2,1004.9,981.3,986.2,120678750,1084.8,887.6,1102.5,649.1,1003.5,189,2,1003.4,512,3,1003.3,1335,13,1003.2,1623,20,1003.1,796,10,1003.7,190,3,1003.8,35,1,1003.9,245,3,1004.0,879,7,1004.1,588,12
317,2025-11-26 11:30:51+05:30,1003.5,1,997.58,4963695,426615.0,463267.0,986.2,1004.9,981.3,986.2,120678750,1084.8,887.6,1102.5,649.1,1003.5,189,2,1003.4,512,3,1003.3,1335,13,1003.2,1623,20,1003.1,796,10,1003.7,190,3,1003.8,35,1,1003.9,245,3,1004.0,879,7,1004.1,588,12
317,2025-11-26 11:30:52+05:30,1003.5,114,997.58,4963814,426415.0,463486.0,986.2,1004.9,981.3,986.2,120678750,1084.8,887.6,1102.5,649.1,1003.5,5,1,1003.4,338,2,1003.3,1192,11,1003.2,1595,19,1003.1,796,10,1003.7,190,3,1003.8,65,2,1003.9,453,7,1004.0,1103,12,1004.1,562,10
317,2025-11-26 11:30:52+05:30,1003.7,1,997.58,4963814,426415.0,463486.0,986.2,1004.9,981.3,986.2,120678750,1084.8,887.6,1102.5,649.1,1003.5,5,1,1003.4,338,2,1003.3,1192,11,1003.2,1595,19,1003.1,796,10,1003.7,190,3,1003.8,65,2,1003.9,453,7,1004.0,1103,12,1004.1,562,10
317,2025-11-26 11:30:53+05:30,1003.7,1,997.58,4963815,426364.0,463510.0,986.2,1004.9,981.3,986.2,120678750,1084.8,887.6,1102.5,649.1,1003.5,5,1,1003.4,335,2,1003.3,714,11,1003.2,1595,19,1003.1,1366,11,1003.7,189,3,1003.8,65,2,1003.9,453,7,1004.0,1105,13,1004.1,562,10
317,2025-11-26 11:30:54+05:30,1003.7,4,997.58,4963999,426454.0,463659.0,986.2,1004.9,981.3,986.2,120678750,1084.8,887.6,1102.5,649.1,1003.6,112,1,1003.5,5,1,1003.4,335,2,1003.3,714,11,1003.2,1595,19,1003.7,258,4,1003.8,81,2,1003.9,406,6,1004.0,1205,14,1004.1,562,10
317,2025-11-26 11:30:54+05:30,1003.7,4,997.58,4963999,426454.0,463659.0,986.2,1004.9,981.3,986.2,120678750,1084.8,887.6,1102.5,649.1,1003.6,112,1,1003.5,5,1,1003.4,335,2,1003.3,714,11,1003.2,1595,19,1003.7,258,4,1003.8,81,2,1003.9,406,6,1004.0,1205,14,1004.1,562,10
317,2025-11-26 11:30:55+05:30,1003.6,107,997.58,4964111,425662.0,463982.0,986.2,1004.9,981.3,986.2,120678750,1084.8,887.6,1102.5,649.1,1003.5,5,1,1003.4,335,2,1003.3,688,7,1003.2,1187,17,1003.1,796,10,1003.6,192,2,1003.7,61,1,1003.8,81,2,1003.9,406,6,1004.0,1211,15
317,2025-11-26 11:30:55+05:30,1003.6,107,997.58,4964111,425662.0,463982.0,986.2,1004.9,981.3,986.2,120678750,1084.8,887.6,1102.5,649.1,1003.5,5,1,1003.4,335,2,1003.3,688,7,1003.2,1187,17,1003.1,796,10,1003.6,192,2,1003.7,61,1,1003.8,81,2,1003.9,406,6,1004.0,1211,15
317,2025-11-26 11:30:56+05:30,1003.6,107,997.58,4964111,425688.0,463982.0,986.2,1004.9,981.3,986.2,120678750,1084.8,887.6,1102.5,649.1,1003.5,5,1,1003.4,335,2,1003.3,688,7,1003.2,1213,18,1003.1,796,10,1003.6,192,2,1003.7,61,1,1003.8,81,2,1003.9,406,6,1004.0,1211,15
317,2025-11-26 11:30:57+05:30,1003.8,2,997.58,4965442,431151.0,461692.0,986.2,1004.9,981.3,986.2,120678750,1084.8,887.6,1102.5,649.1,1003.7,572,1,1003.6,62,2,1003.5,29,1,1003.4,635,7,1003.3,1063,11,1003.8,49,1,1003.9,50,1,1004.0,214,6,1004.1,916,9,1004.2,1357,10
317,2025-11-26 11:30:57+05:30,1003.8,2,997.58,4965442,431151.0,461692.0,986.2,1004.9,981.3,986.2,120678750,1084.8,887.6,1102.5,649.1,1003.7,572,1,1003.6,62,2,1003.5,29,1,1003.4,635,7,1003.3,1063,11,1003.8,49,1,1003.9,50,1,1004.0,214,6,1004.1,916,9,1004.2,1357,10
317,2025-11-26 11:30:58+05:30,1003.8,2,997.58,4965442,431167.0,461718.0,986.2,1004.9,981.3,986.2,120678750,1084.8,887.6,1102.5,649.1,1003.7,572,1,1003.6,62,2,1003.5,29,1,1003.4,635,7,1003.3,1078,12,1003.8,49,1,1003.9,50,1,1004.0,214,6,1004.1,916,9,1004.2,1357,10
317,2025-11-26 11:30:59+05:30,1003.9,522,997.59,4966243,430111.0,460587.0,986.2,1004.9,981.3,986.2,120678750,1084.8,887.6,1102.5,649.1,1003.8,19,1,1003.6,28,1,1003.5,818,4,1003.4,710,5,1003.3,595,8,1004.0,476,10,1004.1,392,7,1004.2,1088,8,1004.3,819,12,1004.4,997,14
317,2025-11-26 11:30:59+05:30,1003.9,522,997.59,4966243,430111.0,460587.0,986.2,1004.9,981.3,986.2,120678750,1084.8,887.6,1102.5,649.1,1003.8,19,1,1003.6,28,1,1003.5,818,4,1003.4,710,5,1003.3,595,8,1004.0,476,10,1004.1,392,7,1004.2,1088,8,1004.3,819,12,1004.4,997,14
317,2025-11-26 11:31:00+05:30,1003.8,1,997.59,4966244,430201.0,461541.0,986.2,1004.9,981.3,986.2,120678750,1084.8,887.6,1102.5,649.1,1003.8,18,1,1003.5,818,4,1003.4,710,5,1003.3,595,8,1003.2,2164,20,1003.9,201,4,1004.0,438,8,1004.1,392,7,1004.2,1201,11,1004.3,1332,13
317,2025-11-26 11:31:00+05:30,1003.8,2,997.59,4966244,430201.0,461541.0,986.2,1004.9,981.3,986.2,120678750,1084.8,887.6,1102.5,649.1,1003.8,18,1,1003.5,818,4,1003.4,710,5,1003.3,595,8,1003.2,2164,20,1003.9,201,4,1004.0,438,8,1004.1,392,7,1004.2,1201,11,1004.3,1332,13
317,2025-11-26 11:31:01+05:30,1003.9,29,997.59,4966400,429521.0,461406.0,986.2,1004.9,981.3,986.2,120678750,1084.8,887.6,1102.5,649.1,1003.6,20,1,1003.5,619,2,1003.4,622,5,1003.3,575,7,1003.2,2164,20,1003.8,25,1,1003.9,116,2,1004.0,412,10,1004.1,496,8,1004.2,1200,12
317,2025-11-26 11:31:01+05:30,1003.4,145,997.59,4966400,429521.0,461406.0,986.2,1004.9,981.3,986.2,120678750,1084.8,887.6,1102.5,649.1,1003.6,20,1,1003.5,619,2,1003.4,622,5,1003.3,575,7,1003.2,2164,20,1003.8,25,1,1003.9,116,2,1004.0,412,10,1004.1,496,8,1004.2,1200,12
317,2025-11-26 11:31:02+05:30,1003.4,30,997.59,4966819,423400.0,464407.0,986.2,1004.9,981.3,986.2,120678750,1084.8,887.6,1102.5,649.1,1003.2,518,5,1003.1,333,4,1003.0,392,6,1002.9,1064,12,1002.8,1889,19,1003.7,310,4,1003.8,865,7,1003.9,706,11,1004.0,857,13,1004.1,1426,14
317,2025-11-26 11:31:02+05:30,1003.4,30,997.59,4966819,423400.0,464407.0,986.2,1004.9,981.3,986.2,120678750,1084.8,887.6,1102.5,649.1,1003.2,518,5,1003.1,333,4,1003.0,392,6,1002.9,1064,12,1002.8,1889,19,1003.7,310,4,1003.8,865,7,1003.9,706,11,1004.0,857,13,1004.1,1426,14
317,2025-11-26 11:31:03+05:30,1003.4,30,997.59,4966819,423507.0,465266.0,986.2,1004.9,981.3,986.2,120678750,1084.8,887.6,1102.5,649.1,1003.2,276,3,1003.1,224,3,1003.0,441,5,1002.9,827,12,1002.8,2296,20,1003.5,209,1,1003.7,310,4,1003.8,963,7,1003.9,732,13,1004.0,857,13
317,2025-11-26 11:31:04+05:30,1003.5,185,997.59,4967004,423586.0,465091.0,986.2,1004.9,981.3,986.2,120678750,1084.8,887.6,1102.5,649.1,1003.2,276,3,1003.1,224,3,1003.0,490,6,1002.9,827,12,1002.8,2296,20,1003.5,24,1,1003.7,261,3,1003.8,965,8,1003.9,732,13,1004.0,891,14
317,2025-11-26 11:31:04+05:30,1003.2,26,997.59,4967004,423586.0,465091.0,986.2,1004.9,981.3,986.2,120678750,1084.8,887.6,1102.5,649.1,1003.2,276,3,1003.1,224,3,1003.0,490,6,1002.9,827,12,1002.8,2296,20,1003.5,24,1,1003.7,261,3,1003.8,965,8,1003.9,732,13,1004.0,891,14
317,2025-11-26 11:31:05+05:30,1003.2,12,997.59,4967292,422861.0,468253.0,986.2,1004.9,981.3,986.2,120678750,1084.8,887.6,1102.5,649.1,1003.1,191,2,1003.0,14,2,1002.9,575,6,1002.8,788,14,1002.7,1777,12,1003.2,58,1,1003.5,445,4,1003.6,426,4,1003.7,420,5,1003.8,1038,9
317,2025-11-26 11:31:05+05:30,1003.2,12,997.59,4967292,422861.0,468253.0,986.2,1004.9,981.3,986.2,120678750,1084.8,887.6,1102.5,649.1,1003.1,191,2,1003.0,14,2,1002.9,575,6,1002.8,788,14,1002.7,1777,12,1003.2,58,1,1003.5,445,4,1003.6,426,4,1003.7,420,5,1003.8,1038,9
317,2025-11-26 11:31:06+05:30,1003.2,12,997.59,4967292,422883.0,463325.0,986.2,1004.9,981.3,986.2,120678750,1084.8,887.6,1102.5,649.1,1003.1,191,2,1003.0,1,1,1002.9,624,7,1002.8,788,14,1002.7,1790,13,1003.2,58,1,1003.5,445,4,1003.6,426,4,1003.7,433,6,1003.8,1038,9
317,2025-11-26 11:31:07+05:30,1003.2,12,997.59,4967292,422906.0,463287.0,986.2,1004.9,981.3,986.2,120678750,1084.8,887.6,1102.5,649.1,1003.1,191,2,1003.0,1,1,1002.9,575,6,1002.8,788,14,1002.7,1803,14,1003.2,58,1,1003.3,38,1,1003.5,445,4,1003.6,475,5,1003.7,420,5
317,2025-11-26 11:31:08+05:30,1003.1,1,997.59,4967293,422905.0,463102.0,986.2,1004.9,981.3,986.2,120678750,1084.8,887.6,1102.5,649.1,1003.1,190,2,1003.0,1,1,1002.9,575,6,1002.8,811,15,1002.7,1803,14,1003.2,58,1,1003.3,38,1,1003.5,468,5,1003.6,475,5,1003.7,446,7
317,2025-11-26 11:31:08+05:30,1003.2,5,997.59,4967293,422905.0,463102.0,986.2,1004.9,981.3,986.2,120678750,1084.8,887.6,1102.5,649.1,1003.1,190,2,1003.0,1,1,1002.9,575,6,1002.8,811,15,1002.7,1803,14,1003.2,58,1,1003.3,38,1,1003.5,468,5,1003.6,475,5,1003.7,446,7
317,2025-11-26 11:31:09+05:30,1003.2,185,997.59,4967483,424464.0,463092.0,986.2,1004.9,981.3,986.2,120678750,1084.8,887.6,1102.5,649.1,1003.1,190,2,1003.0,1,1,1002.9,623,7,1002.8,811,15,1002.7,1803,14,1003.2,96,1,1003.3,38,1,1003.5,445,4,1003.6,578,6,1003.7,574,8
317,2025-11-26 11:31:09+05:30,1003.2,185,997.59,4967483,424464.0,463092.0,986.2,1004.9,981.3,986.2,120678750,1084.8,887.6,1102.5,649.1,1003.1,190,2,1003.0,1,1,1002.9,623,7,1002.8,811,15,1002.7,1803,14,1003.2,96,1,1003.3,38,1,1003.5,445,4,1003.6,578,6,1003.7,574,8
317,2025-11-26 11:31:10+05:30,1003.1,184,997.59,4967673,422479.0,464018.0,986.2,1004.9,981.3,986.2,120678750,1084.8,887.6,1102.5,649.1,1003.0,1,1,1002.8,261,4,1002.7,1545,8,1002.6,1035,12,1002.5,1131,17,1003.1,192,2,1003.3,216,6,1003.4,445,5,1003.5,749,8,1003.6,870,13
317,2025-11-26 11:31:10+05:30,1003.1,184,997.59,4967673,422479.0,464018.0,986.2,1004.9,981.3,986.2,120678750,1084.8,887.6,1102.5,649.1,1003.0,1,1,1002.8,261,4,1002.7,1545,8,1002.6,1035,12,1002.5,1131,17,1003.1,192,2,1003.3,216,6,1003.4,445,5,1003.5,749,8,1003.6,870,13
317,2025-11-26 11:31:11+05:30,1003.1,82,997.59,4967755,423875.0,469423.0,986.2,1004.9,981.3,986.2,120678750,1084.8,887.6,1102.5,649.1,1003.0,1,1,1002.8,261,4,1002.7,1545,8,1002.6,1035,12,1002.5,881,16,1003.1,110,2,1003.3,192,5,1003.4,609,5,1003.5,848,12,1003.6,1362,12
317,2025-11-26 11:31:11+05:30,1003.1,82,997.59,4967755,423875.0,469423.0,986.2,1004.9,981.3,986.2,120678750,1084.8,887.6,1102.5,649.1,1003.0,1,1,1002.8,261,4,1002.7,1545,8,1002.6,1035,12,1002.5,881,16,1003.1,110,2,1003.3,192,5,1003.4,609,5,1003.5,848,12,1003.6,1362,12
317,2025-11-26 11:31:12+05:30,1003.1,82,997.59,4967755,423902.0,469303.0,986.2,1004.9,981.3,986.2,120678750,1084.8,887.6,1102.5,649.1,1003.0,2,2,1002.8,261,4,1002.7,1545,8,1002.6,1035,12,1002.5,881,16,1003.1,110,2,1003.2,48,1,1003.3,306,6,1003.4,609,5,1003.5,824,11
317,2025-11-26 11:31:13+05:30,1002.8,29,997.59,4967872,423961.0,470529.0,986.2,1004.9,981.3,986.2,120678750,1084.8,887.6,1102.5,649.1,1003.0,1,1,1002.8,146,3,1002.7,1357,5,1002.6,888,8,1002.5,855,14,1003.1,110,2,1003.2,144,2,1003.3,507,7,1003.4,615,6,1003.5,913,12
317,2025-11-26 11:31:13+05:30,1002.8,29,997.59,4967872,423961.0,470529.0,986.2,1004.9,981.3,986.2,120678750,1084.8,887.6,1102.5,649.1,1003.0,1,1,1002.8,146,3,1002.7,1357,5,1002.6,888,8,1002.5,855,14,1003.1,110,2,1003.2,144,2,1003.3,507,7,1003.4,615,6,1003.5,913,12
317,2025-11-26 11:31:14+05:30,1003.1,94,997.59,4968172,423971.0,469961.0,986.2,1004.9,981.3,986.2,120678750,1084.8,887.6,1102.5,649.1,1003.0,1,1,1002.8,61,2,1002.7,1357,5,1002.6,901,9,1002.5,1105,15,1003.1,98,2,1003.2,144,2,1003.3,483,6,1003.4,437,6,1003.5,711,11
317,2025-11-26 11:31:14+05:30,1003.1,94,997.59,4968172,423971.0,469961.0,986.2,1004.9,981.3,986.2,120678750,1084.8,887.6,1102.5,649.1,1003.0,1,1,1002.8,61,2,1002.7,1357,5,1002.6,901,9,1002.5,1105,15,1003.1,98,2,1003.2,144,2,1003.3,483,6,1003.4,437,6,1003.5,711,11
317,2025-11-26 11:31:15+05:30,1003.0,39,997.59,4968214,426293.0,469816.0,986.2,1004.9,981.3,986.2,120678750,1084.8,887.6,1102.5,649.1,1002.8,28,1,1002.7,1308,4,1002.6,480,6,1002.5,855,14,1002.4,2419,21,1003.0,153,2,1003.1,79,2,1003.2,149,2,1003.3,417,5,1003.4,1083,10
317,2025-11-26 11:31:15+05:30,1003.0,39,997.59,4968214,426293.0,469816.0,986.2,1004.9,981.3,986.2,120678750,1084.8,887.6,1102.5,649.1,1002.8,28,1,1002.7,1308,4,1002.6,480,6,1002.5,855,14,1002.4,2419,21,1003.0,153,2,1003.1,79,2,1003.2,149,2,1003.3,417,5,1003.4,1083,10
317,2025-11-26 11:31:16+05:30,1002.8,8,997.59,4968222,425129.0,471940.0,986.2,1004.9,981.3,986.2,120678750,1084.8,887.6,1102.5,649.1,1002.7,1029,2,1002.6,379,4,1002.5,723,11,1002.4,1496,17,1002.3,1298,14,1003.0,153,2,1003.1,166,3,1003.2,507,6,1003.3,567,13,1003.4,1072,9
317,2025-11-26 11:31:16+05:30,1002.8,8,997.59,4968222,425129.0,471940.0,986.2,1004.9,981.3,986.2,120678750,1084.8,887.6,1102.5,649.1,1002.7,1029,2,1002.6,379,4,1002.5,723,11,1002.4,1496,17,1002.3,1298,14,1003.0,153,2,1003.1,166,3,1003.2,507,6,1003.3,567,13,1003.4,1072,9
317,2025-11-26 11:31:17+05:30,1002.7,10,997.59,4968232,425741.0,471881.0,986.2,1004.9,981.3,986.2,120678750,1084.8,887.6,1102.5,649.1,1002.7,1019,2,1002.6,403,5,1002.5,1136,11,1002.4,1511,18,1002.3,1298,14,1003.0,153,2,1003.1,166,3,1003.2,444,4,1003.3,524,10,1003.4,1073,9
317,2025-11-26 11:31:17+05:30,1002.7,100,997.59,4968232,425741.0,471881.0,986.2,1004.9,981.3,986.2,120678750,1084.8,887.6,1102.5,649.1,1002.7,1019,2,1002.6,403,5,1002.5,1136,11,1002.4,1511,18,1002.3,1298,14,1003.0,153,2,1003.1,166,3,1003.2,444,4,1003.3,524,10,1003.4,1073,9
317,2025-11-26 11:31:18+05:30,1003.0,94,997.59,4968600,425390.0,471830.0,986.2,1004.9,981.3,986.2,120678750,1084.8,887.6,1102.5,649.1,1002.7,972,3,1002.6,342,4,1002.5,1043,11,1002.4,1553,19,1002.3,1161,14,1003.0,98,2,1003.1,166,3,1003.2,514,6,1003.3,410,8,1003.4,1099,11
317,2025-11-26 11:31:18+05:30,1003.0,94,997.59,4968600,425390.0,471830.0,986.2,1004.9,981.3,986.2,120678750,1084.8,887.6,1102.5,649.1,1002.7,972,3,1002.6,342,4,1002.5,1043,11,1002.4,1553,19,1002.3,1161,14,1003.0,98,2,1003.1,166,3,1003.2,514,6,1003.3,410,8,1003.4,1099,11
317,2025-11-26 11:31:19+05:30,1003.0,88,997.59,4968786,425362.0,471744.0,986.2,1004.9,981.3,986.2,120678750,1084.8,887.6,1102.5,649.1,1002.7,1010,4,1002.6,410,6,1002.5,1043,11,1002.4,1719,19,1002.3,911,13,1003.0,104,2,1003.1,166,3,1003.2,444,4,1003.3,413,10,1003.4,1073,9
317,2025-11-26 11:31:19+05:30,1003.0,30,997.59,4968786,425362.0,471744.0,986.2,1004.9,981.3,986.2,120678750,1084.8,887.6,1102.5,649.1,1002.7,1010,4,1002.6,410,6,1002.5,1043,11,1002.4,1719,19,1002.3,911,13,1003.0,104,2,1003.1,166,3,1003.2,444,4,1003.3,413,10,1003.4,1073,9
317,2025-11-26 11:31:20+05:30,1002.8,83,997.59,4968786,425362.0,471744.0,986.2,1004.9,981.3,986.2,120678750,1084.8,887.6,1102.5,649.1,1002.7,1010,4,1002.6,410,6,1002.5,1043,11,1002.4,1719,19,1002.3,911,13,1003.0,104,2,1003.1,166,3,1003.2,444,4,1003.3,413,10,1003.4,1073,9
317,2025-11-26 11:31:20+05:30,1002.8,83,997.59,4969345,423951.0,472303.0,986.2,1004.9,981.3,986.2,120678750,1084.8,887.6,1102.5,649.1,1002.7,473,3,1002.6,13,1,1002.5,417,7,1002.4,762,11,1002.3,1003,14,1002.8,13,1,1003.0,168,3,1003.1,437,6,1003.2,293,4,1003.3,1072,10
317,2025-11-26 11:31:21+05:30,1002.8,83,997.59,4969345,423951.0,472405.0,986.2,1004.9,981.3,986.2,120678750,1084.8,887.6,1102.5,649.1,1002.7,473,3,1002.6,13,1,1002.5,417,7,1002.4,762,11,1002.3,1003,14,1002.8,13,1,1003.0,168,3,1003.1,437,6,1003.2,293,4,1003.3,519,8
317,2025-11-26 11:31:22+05:30,1002.8,135,997.59,4969345,423951.0,472405.0,986.2,1004.9,981.3,986.2,120678750,1084.8,887.6,1102.5,649.1,1002.7,473,3,1002.6,13,1,1002.5,417,7,1002.4,762,11,1002.3,1003,14,1002.8,13,1,1003.0,168,3,1003.1,437,6,1003.2,293,4,1003.3,519,8
317,2025-11-26 11:31:22+05:30,1002.8,135,997.59,4969609,423724.0,472465.0,986.2,1004.9,981.3,986.2,120678750,1084.8,887.6,1102.5,649.1,1002.7,473,3,1002.6,13,1,1002.5,322,5,1002.4,740,10,1002.3,1003,14,1002.8,96,1,1002.9,126,3,1003.0,81,2,1003.1,431,5,1003.2,516,5
317,2025-11-26 11:31:22+05:30,1002.8,135,997.59,4969609,423724.0,472465.0,986.2,1004.9,981.3,986.2,120678750,1084.8,887.6,1102.5,649.1,1002.7,473,3,1002.6,13,1,1002.5,322,5,1002.4,740,10,1002.3,1003,14,1002.8,96,1,1002.9,126,3,1003.0,81,2,1003.1,431,5,1003.2,516,5
317,2025-11-26 11:31:23+05:30,1002.8,135,997.59,4969609,423724.0,472465.0,986.2,1004.9,981.3,986.2,120678750,1084.8,887.6,1102.5,649.1,1002.7,473,3,1002.6,13,1,1002.5,322,5,1002.4,740,10,1002.3,1003,14,1002.8,96,1,1002.9,126,3,1003.0,81,2,1003.1,431,5,1003.2,516,5
317,2025-11-26 11:31:23+05:30,1002.8,135,997.59,4969609,423637.0,472285.0,986.2,1004.9,981.3,986.2,120678750,1084.8,887.6,1102.5,649.1,1002.7,489,4,1002.6,13,1,1002.5,322,5,1002.4,763,11,1002.3,1003,14,1002.8,96,1,1002.9,126,3,1003.0,81,2,1003.1,432,6,1003.2,516,5
317,2025-11-26 11:31:23+05:30,1002.8,135,997.59,4969609,423637.0,472285.0,986.2,1004.9,981.3,986.2,120678750,1084.8,887.6,1102.5,649.1,1002.7,489,4,1002.6,13,1,1002.5,322,5,1002.4,763,11,1002.3,1003,14,1002.8,96,1,1002.9,126,3,1003.0,81,2,1003.1,432,6,1003.2,516,5
317,2025-11-26 11:31:24+05:30,1002.8,135,997.59,4969609,423637.0,472285.0,986.2,1004.9,981.3,986.2,120678750,1084.8,887.6,1102.5,649.1,1002.7,489,4,1002.6,13,1,1002.5,322,5,1002.4,763,11,1002.3,1003,14,1002.8,96,1,1002.9,126,3,1003.0,81,2,1003.1,432,6,1003.2,516,5
317,2025-11-26 11:31:24+05:30,1002.8,119,997.59,4969609,423637.0,472285.0,986.2,1004.9,981.3,986.2,120678750,1084.8,887.6,1102.5,649.1,1002.7,489,4,1002.6,13,1,1002.5,322,5,1002.4,763,11,1002.3,1003,14,1002.8,96,1,1002.9,126,3,1003.0,81,2,1003.1,432,6,1003.2,516,5
317,2025-11-26 11:31:24+05:30,1002.8,119,997.59,4970130,422864.0,472256.0,986.2,1004.9,981.3,986.2,120678750,1084.8,887.6,1102.5,649.1,1002.7,372,4,1002.6,13,1,1002.5,368,6,1002.4,712,10,1002.3,1003,14,1002.8,96,1,1002.9,76,2,1003.0,18,2,1003.1,466,6,1003.2,516,5
317,2025-11-26 11:31:24+05:30,1002.8,119,997.59,4970130,422864.0,472256.0,986.2,1004.9,981.3,986.2,120678750,1084.8,887.6,1102.5,649.1,1002.7,372,4,1002.6,13,1,1002.5,368,6,1002.4,712,10,1002.3,1003,14,1002.8,96,1,1002.9,76,2,1003.0,18,2,1003.1,466,6,1003.2,516,5
317,2025-11-26 11:31:25+05:30,1002.8,119,997.59,4970130,422864.0,472256.0,986.2,1004.9,981.3,986.2,120678750,1084.8,887.6,1102.5,649.1,1002.7,372,4,1002.6,13,1,1002.5,368,6,1002.4,712,10,1002.3,1003,14,1002.8,96,1,1002.9,76,2,1003.0,18,2,1003.1,466,6,1003.2,516,5
317,2025-11-26 11:31:25+05:30,1002.7,204,997.59,4970130,422864.0,472256.0,986.2,1004.9,981.3,986.2,120678750,1084.8,887.6,1102.5,649.1,1002.7,372,4,1002.6,13,1,1002.5,368,6,1002.4,712,10,1002.3,1003,14,1002.8,96,1,1002.9,76,2,1003.0,18,2,1003.1,466,6,1003.2,516,5
317,2025-11-26 11:31:25+05:30,1002.7,204,997.59,4970339,422371.0,472242.0,986.2,1004.9,981.3,986.2,120678750,1084.8,887.6,1102.5,649.1,1002.7,163,4,1002.6,13,1,1002.5,859,7,1002.4,683,9,1002.3,1003,14,1002.9,109,3,1003.0,81,2,1003.1,478,7,1003.2,516,5,1003.3,598,10
317,2025-11-26 11:31:25+05:30,1002.7,204,997.59,4970339,422371.0,472242.0,986.2,1004.9,981.3,986.2,120678750,1084.8,887.6,1102.5,649.1,1002.7,163,4,1002.6,13,1,1002.5,859,7,1002.4,683,9,1002.3,1003,14,1002.9,109,3,1003.0,81,2,1003.1,478,7,1003.2,516,5,1003.3,598,10
317,2025-11-26 11:31:26+05:30,1002.7,204,997.59,4970339,422371.0,472242.0,986.2,1004.9,981.3,986.2,120678750,1084.8,887.6,1102.5,649.1,1002.7,163,4,1002.6,13,1,1002.5,859,7,1002.4,683,9,1002.3,1003,14,1002.9,109,3,1003.0,81,2,1003.1,478,7,1003.2,516,5,1003.3,598,10
317,2025-11-26 11:31:26+05:30,1002.7,204,997.59,4970339,422371.0,472242.0,986.2,1004.9,981.3,986.2,120699750,1084.8,887.6,1102.5,649.1,1002.7,163,4,1002.6,13,1,1002.5,859,7,1002.4,683,9,1002.3,1003,14,1002.9,109,3,1003.0,81,2,1003.1,478,7,1003.2,516,5,1003.3,598,10
317,2025-11-26 11:31:26+05:30,1002.9,10,997.59,4970339,422371.0,472242.0,986.2,1004.9,981.3,986.2,120699750,1084.8,887.6,1102.5,649.1,1002.7,163,4,1002.6,13,1,1002.5,859,7,1002.4,683,9,1002.3,1003,14,1002.9,109,3,1003.0,81,2,1003.1,478,7,1003.2,516,5,1003.3,598,10
317,2025-11-26 11:31:26+05:30,1002.9,10,997.59,4970349,422362.0,472248.0,986.2,1004.9,981.3,986.2,120699750,1084.8,887.6,1102.5,649.1,1002.7,163,4,1002.6,13,1,1002.5,955,7,1002.4,683,9,1002.3,940,10,1002.9,116,3,1003.0,92,3,1003.1,445,6,1003.2,541,6,1003.3,592,9
317,2025-11-26 11:31:26+05:30,1002.9,10,997.59,4970349,422362.0,472248.0,986.2,1004.9,981.3,986.2,120699750,1084.8,887.6,1102.5,649.1,1002.7,163,4,1002.6,13,1,1002.5,955,7,1002.4,683,9,1002.3,940,10,1002.9,116,3,1003.0,92,3,1003.1,445,6,1003.2,541,6,1003.3,592,9
317,2025-11-26 11:31:27+05:30,1002.9,10,997.59,4970349,422362.0,472248.0,986.2,1004.9,981.3,986.2,120699750,1084.8,887.6,1102.5,649.1,1002.7,163,4,1002.6,13,1,1002.5,955,7,1002.4,683,9,1002.3,940,10,1002.9,116,3,1003.0,92,3,1003.1,445,6,1003.2,541,6,1003.3,592,9
317,2025-11-26 11:31:27+05:30,1002.9,10,997.59,4970349,421875.0,472277.0,986.2,1004.9,981.3,986.2,120699750,1084.8,887.6,1102.5,649.1,1002.7,163,4,1002.6,13,1,1002.5,368,6,1002.4,683,9,1002.3,940,10,1002.9,116,3,1003.0,92,3,1003.1,445,6,1003.2,541,6,1003.3,598,10
317,2025-11-26 11:31:28+05:30,1002.9,10,997.59,4970349,422003.0,472277.0,986.2,1004.9,981.3,986.2,120699750,1084.8,887.6,1102.5,649.1,1002.7,263,5,1002.6,13,1,1002.5,391,7,1002.4,683,9,1002.3,940,10,1002.9,116,3,1003.0,92,3,1003.1,468,7,1003.2,541,6,1003.3,598,10
317,2025-11-26 11:31:29+05:30,1002.9,24,997.59,4970349,422003.0,472277.0,986.2,1004.9,981.3,986.2,120699750,1084.8,887.6,1102.5,649.1,1002.7,263,5,1002.6,13,1,1002.5,391,7,1002.4,683,9,1002.3,940,10,1002.9,116,3,1003.0,92,3,1003.1,468,7,1003.2,541,6,1003.3,598,10
317,2025-11-26 11:31:29+05:30,1002.9,24,997.59,4970534,422049.0,472217.0,986.2,1004.9,981.3,986.2,120699750,1084.8,887.6,1102.5,649.1,1002.7,263,5,1002.6,13,1,1002.5,391,7,1002.4,683,9,1002.3,940,10,1002.9,52,2,1003.0,92,3,1003.1,445,6,1003.2,516,5,1003.3,623,11
317,2025-11-26 11:31:30+05:30,1002.7,12,997.59,4970534,422049.0,472217.0,986.2,1004.9,981.3,986.2,120699750,1084.8,887.6,1102.5,649.1,1002.7,263,5,1002.6,13,1,1002.5,391,7,1002.4,683,9,1002.3,940,10,1002.9,52,2,1003.0,92,3,1003.1,445,6,1003.2,516,5,1003.3,623,11
317,2025-11-26 11:31:30+05:30,1002.7,12,997.59,4970651,422389.0,472619.0,986.2,1004.9,981.3,986.2,120699750,1084.8,887.6,1102.5,649.1,1002.7,146,4,1002.5,152,4,1002.4,654,8,1002.3,690,9,1002.2,1954,17,1002.8,96,1,1002.9,70,2,1003.0,352,7,1003.1,561,8,1003.2,568,6
317,2025-11-26 11:31:31+05:30,1002.7,8,997.59,4970651,422389.0,472619.0,986.2,1004.9,981.3,986.2,120699750,1084.8,887.6,1102.5,649.1,1002.7,146,4,1002.5,152,4,1002.4,654,8,1002.3,690,9,1002.2,1954,17,1002.8,96,1,1002.9,70,2,1003.0,352,7,1003.1,561,8,1003.2,568,6
317,2025-11-26 11:31:31+05:30,1002.7,8,997.59,4970659,422356.0,472583.0,986.2,1004.9,981.3,986.2,120699750,1084.8,887.6,1102.5,649.1,1002.7,138,4,1002.5,152,4,1002.4,654,8,1002.3,690,9,1002.2,1967,18,1002.8,96,1,1002.9,59,1,1003.0,352,7,1003.1,561,8,1003.2,568,6
317,2025-11-26 11:31:32+05:30,1002.7,5,997.59,4970659,422356.0,472583.0,986.2,1004.9,981.3,986.2,120699750,1084.8,887.6,1102.5,649.1,1002.7,138,4,1002.5,152,4,1002.4,654,8,1002.3,690,9,1002.2,1967,18,1002.8,96,1,1002.9,59,1,1003.0,352,7,1003.1,561,8,1003.2,568,6
317,2025-11-26 11:31:33+05:30,1002.7,5,997.59,4970674,422362.0,473052.0,986.2,1004.9,981.3,986.2,120699750,1084.8,887.6,1102.5,649.1,1002.7,153,4,1002.5,152,4,1002.4,654,8,1002.3,690,9,1002.2,1717,17,1002.8,95,1,1002.9,208,5,1003.0,447,6,1003.1,561,8,1003.2,677,7
317,2025-11-26 11:31:34+05:30,1002.8,50,997.59,4970724,422183.0,473002.0,986.2,1004.9,981.3,986.2,120699750,1084.8,887.6,1102.5,649.1,1002.7,153,4,1002.5,152,4,1002.4,590,7,1002.3,681,9,1002.2,1717,17,1002.8,45,1,1002.9,158,3,1003.0,497,8,1003.1,561,8,1003.2,677,7
317,2025-11-26 11:31:34+05:30,1002.8,112,997.59,4970724,422183.0,473002.0,986.2,1004.9,981.3,986.2,120699750,1084.8,887.6,1102.5,649.1,1002.7,153,4,1002.5,152,4,1002.4,590,7,1002.3,681,9,1002.2,1717,17,1002.8,45,1,1002.9,158,3,1003.0,497,8,1003.1,561,8,1003.2,677,7
317,2025-11-26 11:31:35+05:30,1002.7,452,997.59,4971626,422906.0,472492.0,986.2,1004.9,981.3,986.2,120699750,1084.8,887.6,1102.5,649.1,1002.7,1193,3,1002.6,65,2,1002.5,272,5,1002.4,1171,10,1002.3,931,10,1002.9,103,3,1003.0,126,3,1003.1,539,8,1003.2,516,5,1003.3,623,11
317,2025-11-26 11:31:35+05:30,1002.9,20,997.59,4971626,422906.0,472492.0,986.2,1004.9,981.3,986.2,120699750,1084.8,887.6,1102.5,649.1,1002.7,1193,3,1002.6,65,2,1002.5,272,5,1002.4,1171,10,1002.3,931,10,1002.9,103,3,1003.0,126,3,1003.1,539,8,1003.2,516,5,1003.3,623,11
317,2025-11-26 11:31:36+05:30,1002.7,117,997.59,4971842,423328.0,472502.0,986.2,1004.9,981.3,986.2,120699750,1084.8,887.6,1102.5,649.1,1002.7,1068,3,1002.6,65,2,1002.5,754,6,1002.4,723,10,1002.3,707,11,1002.9,71,2,1003.0,50,2,1003.1,465,6,1003.2,566,7,1003.3,592,9
317,2025-11-26 11:31:36+05:30,1002.7,117,997.59,4971842,423328.0,472502.0,986.2,1004.9,981.3,986.2,120699750,1084.8,887.6,1102.5,649.1,1002.7,1068,3,1002.6,65,2,1002.5,754,6,1002.4,723,10,1002.3,707,11,1002.9,71,2,1003.0,50,2,1003.1,465,6,1003.2,566,7,1003.3,592,9
317,2025-11-26 11:31:37+05:30,1002.9,30,997.59,4971872,423563.0,472489.0,986.2,1004.9,981.3,986.2,120699750,1084.8,887.6,1102.5,649.1,1002.7,1081,4,1002.6,65,2,1002.5,754,6,1002.4,723,10,1002.3,707,11,1002.9,29,1,1003.0,50,2,1003.1,465,6,1003.2,566,7,1003.3,592,9
317,2025-11-26 11:31:37+05:30,1002.7,10,997.59,4971872,423563.0,472489.0,986.2,1004.9,981.3,986.2,120699750,1084.8,887.6,1102.5,649.1,1002.7,1081,4,1002.6,65,2,1002.5,754,6,1002.4,723,10,1002.3,707,11,1002.9,29,1,1003.0,50,2,1003.1,465,6,1003.2,566,7,1003.3,592,9
317,2025-11-26 11:31:38+05:30,1003.0,43,997.59,4972082,422961.0,471806.0,986.2,1004.9,981.3,986.2,120699750,1084.8,887.6,1102.5,649.1,1002.7,1207,6,1002.6,65,2,1002.5,803,7,1002.4,723,10,1002.3,957,12,1003.0,5,1,1003.1,420,5,1003.2,541,6,1003.3,617,10,1003.4,1268,12
317,2025-11-26 11:31:38+05:30,1003.0,1,997.59,4972082,422961.0,471806.0,986.2,1004.9,981.3,986.2,120699750,1084.8,887.6,1102.5,649.1,1002.7,1207,6,1002.6,65,2,1002.5,803,7,1002.4,723,10,1002.3,957,12,1003.0,5,1,1003.1,420,5,1003.2,541,6,1003.3,617,10,1003.4,1268,12
317,2025-11-26 11:31:39+05:30,1003.0,48,997.59,4972165,419538.0,471987.0,986.2,1004.9,981.3,986.2,120699750,1084.8,887.6,1102.5,649.1,1003.0,19,1,1002.7,1207,7,1002.6,115,2,1002.5,806,7,1002.4,1487,10,1003.1,475,7,1003.2,439,6,1003.3,956,8,1003.4,637,10,1003.5,658,11
317,2025-11-26 11:31:39+05:30,1003.0,48,997.59,4972165,419538.0,471987.0,986.2,1004.9,981.3,986.2,120699750,1084.8,887.6,1102.5,649.1,1003.0,19,1,1002.7,1207,7,1002.6,115,2,1002.5,806,7,1002.4,1487,10,1003.1,475,7,1003.2,439,6,1003.3,956,8,1003.4,637,10,1003.5,658,11
317,2025-11-26 11:31:40+05:30,1003.0,96,997.59,4972478,418558.0,471856.0,986.2,1004.9,981.3,986.2,120699750,1084.8,887.6,1102.5,649.1,1002.7,1178,5,1002.6,5,1,1002.5,642,5,1002.4,558,7,1002.3,1030,13,1003.0,96,1,1003.1,157,4,1003.2,504,8,1003.3,1080,10,1003.4,511,10
317,2025-11-26 11:31:40+05:30,1002.7,117,997.59,4972478,418558.0,471856.0,986.2,1004.9,981.3,986.2,120699750,1084.8,887.6,1102.5,649.1,1002.7,1178,5,1002.6,5,1,1002.5,642,5,1002.4,558,7,1002.3,1030,13,1003.0,96,1,1003.1,157,4,1003.2,504,8,1003.3,1080,10,1003.4,511,10
317,2025-11-26 11:31:41+05:30,1003.0,94,997.59,4972689,417921.0,472125.0,986.2,1004.9,981.3,986.2,120699750,1084.8,887.6,1102.5,649.1,1002.8,82,1,1002.7,1061,5,1002.6,131,2,1002.5,322,5,1002.4,1332,8,1003.0,2,1,1003.1,394,6,1003.2,595,9,1003.3,1077,11,1003.4,676,11
317,2025-11-26 11:31:41+05:30,1003.0,94,997.59,4972689,417921.0,472125.0,986.2,1004.9,981.3,986.2,120699750,1084.8,887.6,1102.5,649.1,1002.8,82,1,1002.7,1061,5,1002.6,131,2,1002.5,322,5,1002.4,1332,8,1003.0,2,1,1003.1,394,6,1003.2,595,9,1003.3,1077,11,1003.4,676,11
317,2025-11-26 11:31:42+05:30,1003.0,1,997.59,4972690,417931.0,472476.0,986.2,1004.9,981.3,986.2,120699750,1084.8,887.6,1102.5,649.1,1002.8,82,1,1002.7,1060,4,1002.6,131,2,1002.5,322,5,1002.4,1332,8,1003.0,1,1,1003.1,394,6,1003.2,595,9,1003.3,1083,12,1003.4,676,11
317,2025-11-26 11:31:42+05:30,1003.0,1,997.59,4972690,417931.0,472476.0,986.2,1004.9,981.3,986.2,120699750,1084.8,887.6,1102.5,649.1,1002.8,82,1,1002.7,1060,4,1002.6,131,2,1002.5,322,5,1002.4,1332,8,1003.0,1,1,1003.1,394,6,1003.2,595,9,1003.3,1083,12,1003.4,676,11
317,2025-11-26 11:31:43+05:30,1003.0,1,997.59,4972690,417901.0,472476.0,986.2,1004.9,981.3,986.2,120699750,1084.8,887.6,1102.5,649.1,1002.8,82,1,1002.7,1060,4,1002.6,131,2,1002.5,322,5,1002.4,1332,8,1003.0,1,1,1003.1,345,5,1003.2,626,10,1003.3,1052,11,1003.4,676,11
317,2025-11-26 11:31:43+05:30,1002.9,82,997.59,4972690,417901.0,472476.0,986.2,1004.9,981.3,986.2,120699750,1084.8,887.6,1102.5,649.1,1002.8,82,1,1002.7,1060,4,1002.6,131,2,1002.5,322,5,1002.4,1332,8,1003.0,1,1,1003.1,345,5,1003.2,626,10,1003.3,1052,11,1003.4,676,11
317,2025-11-26 11:31:44+05:30,1003.0,49,997.59,4972959,417454.0,472091.0,986.2,1004.9,981.3,986.2,120699750,1084.8,887.6,1102.5,649.1,1002.7,2310,5,1002.6,175,2,1002.5,365,6,1002.4,1287,8,1002.3,751,10,1003.0,47,1,1003.1,307,4,1003.2,607,7,1003.3,1008,10,1003.4,675,11
317,2025-11-26 11:31:44+05:30,1003.0,49,997.59,4972959,417454.0,472091.0,986.2,1004.9,981.3,986.2,120699750,1084.8,887.6,1102.5,649.1,1002.7,2310,5,1002.6,175,2,1002.5,365,6,1002.4,1287,8,1002.3,751,10,1003.0,47,1,1003.1,307,4,1003.2,607,7,1003.3,1008,10,1003.4,675,11
317,2025-11-26 11:31:45+05:30,1002.7,400,997.59,4973359,417377.0,471904.0,986.2,1004.9,981.3,986.2,120699750,1084.8,887.6,1102.5,649.1,1002.7,1940,6,1002.6,5,1,1002.5,661,7,1002.4,1064,8,1002.3,997,12,1003.1,465,6,1003.2,607,7,1003.3,1071,12,1003.4,649,9,1003.5,1451,13
317,2025-11-26 11:31:45+05:30,1002.7,400,997.59,4973359,417377.0,471904.0,986.2,1004.9,981.3,986.2,120699750,1084.8,887.6,1102.5,649.1,1002.7,1940,6,1002.6,5,1,1002.5,661,7,1002.4,1064,8,1002.3,997,12,1003.1,465,6,1003.2,607,7,1003.3,1071,12,1003.4,649,9,1003.5,1451,13
317,2025-11-26 11:31:46+05:30,1002.7,400,997.59,4973359,417399.0,472193.0,986.2,1004.9,981.3,986.2,120699750,1084.8,887.6,1102.5,649.1,1002.7,1940,6,1002.6,5,1,1002.5,661,7,1002.4,1037,7,1002.3,1020,13,1003.0,157,2,1003.1,475,7,1003.2,580,6,1003.3,1071,12,1003.4,698,10
317,2025-11-26 11:31:46+05:30,1003.0,20,997.59,4973359,417399.0,472193.0,986.2,1004.9,981.3,986.2,120699750,1084.8,887.6,1102.5,649.1,1002.7,1940,6,1002.6,5,1,1002.5,661,7,1002.4,1037,7,1002.3,1020,13,1003.0,157,2,1003.1,475,7,1003.2,580,6,1003.3,1071,12,1003.4,698,10
317,2025-11-26 11:31:47+05:30,1003.0,20,997.59,4973379,417398.0,472173.0,986.2,1004.9,981.3,986.2,120699750,1084.8,887.6,1102.5,649.1,1002.7,1940,6,1002.6,5,1,1002.5,661,7,1002.4,1037,7,1002.3,1020,13,1003.0,137,2,1003.1,475,7,1003.2,580,6,1003.3,1071,12,1003.4,698,10
317,2025-11-26 11:31:47+05:30,1002.8,45,997.59,4973379,417398.0,472173.0,986.2,1004.9,981.3,986.2,120699750,1084.8,887.6,1102.5,649.1,1002.7,1940,6,1002.6,5,1,1002.5,661,7,1002.4,1037,7,1002.3,1020,13,1003.0,137,2,1003.1,475,7,1003.2,580,6,1003.3,1071,12,1003.4,698,10
317,2025-11-26 11:31:48+05:30,1002.8,45,997.59,4973424,418079.0,473773.0,986.2,1004.9,981.3,986.2,120699750,1084.8,887.6,1102.5,649.1,1002.7,1895,5,1002.6,5,1,1002.5,618,6,1002.4,1037,7,1002.3,947,12,1002.8,205,1,1003.0,122,3,1003.1,711,10,1003.2,688,7,1003.3,1058,11
317,2025-11-26 11:31:49+05:30,1002.8,19,997.59,4973629,417258.0,472343.0,986.2,1004.9,981.3,986.2,120699750,1084.8,887.6,1102.5,649.1,1002.7,1895,5,1002.6,65,3,1002.5,618,6,1002.4,1037,7,1002.3,947,12,1003.0,5,1,1003.1,290,5,1003.2,580,6,1003.3,1082,11,1003.4,697,9
317,2025-11-26 11:31:49+05:30,1002.8,19,997.59,4973629,417258.0,472343.0,986.2,1004.9,981.3,986.2,120699750,1084.8,887.6,1102.5,649.1,1002.7,1895,5,1002.6,65,3,1002.5,618,6,1002.4,1037,7,1002.3,947,12,1003.0,5,1,1003.1,290,5,1003.2,580,6,1003.3,1082,11,1003.4,697,9
317,2025-11-26 11:31:50+05:30,1003.0,5,997.59,4973639,417276.0,473444.0,986.2,1004.9,981.3,986.2,120699750,1084.8,887.6,1102.5,649.1,1002.7,1895,5,1002.6,5,1,1002.5,511,6,1002.4,599,7,1002.3,1421,11,1002.8,96,1,1003.0,5,1,1003.1,296,6,1003.2,537,7,1003.3,1056,9
317,2025-11-26 11:31:50+05:30,1003.0,5,997.59,4973639,417276.0,473444.0,986.2,1004.9,981.3,986.2,120699750,1084.8,887.6,1102.5,649.1,1002.7,1895,5,1002.6,5,1,1002.5,511,6,1002.4,599,7,1002.3,1421,11,1002.8,96,1,1003.0,5,1,1003.1,296,6,1003.2,537,7,1003.3,1056,9
317,2025-11-26 11:31:51+05:30,1003.0,5,997.59,4973639,417778.0,473759.0,986.2,1004.9,981.3,986.2,120699750,1084.8,887.6,1102.5,649.1,1002.7,1896,6,1002.6,5,1,1002.5,622,6,1002.4,662,11,1002.3,1062,14,1002.8,96,1,1003.0,266,3,1003.1,879,7,1003.2,537,7,1003.3,538,8
317,2025-11-26 11:31:52+05:30,1003.0,5,997.59,4973639,417582.0,473843.0,986.2,1004.9,981.3,986.2,120699750,1084.8,887.6,1102.5,649.1,1002.7,1896,6,1002.6,5,1,1002.5,622,6,1002.4,685,12,1002.3,1628,15,1002.8,96,1,1003.0,266,3,1003.1,951,9,1003.2,538,8,1003.3,538,8
317,2025-11-26 11:31:52+05:30,1002.7,131,997.59,4973639,417582.0,473843.0,986.2,1004.9,981.3,986.2,120699750,1084.8,887.6,1102.5,649.1,1002.7,1896,6,1002.6,5,1,1002.5,622,6,1002.4,685,12,1002.3,1628,15,1002.8,96,1,1003.0,266,3,1003.1,951,9,1003.2,538,8,1003.3,538,8
317,2025-11-26 11:31:53+05:30,1002.7,131,997.59,4973770,417439.0,473967.0,986.2,1004.9,981.3,986.2,120699750,1084.8,887.6,1102.5,649.1,1002.7,1765,6,1002.6,5,1,1002.5,622,6,1002.4,610,10,1002.3,1318,14,1002.8,96,1,1002.9,54,1,1003.0,508,6,1003.1,345,7,1003.2,538,8
317,2025-11-26 11:31:53+05:30,1002.8,136,997.59,4973770,417439.0,473967.0,986.2,1004.9,981.3,986.2,120699750,1084.8,887.6,1102.5,649.1,1002.7,1765,6,1002.6,5,1,1002.5,622,6,1002.4,610,10,1002.3,1318,14,1002.8,96,1,1002.9,54,1,1003.0,508,6,1003.1,345,7,1003.2,538,8
317,2025-11-26 11:31:54+05:30,1002.8,112,997.59,4974204,417464.0,473332.0,986.2,1004.9,981.3,986.2,120699750,1084.8,887.6,1102.5,649.1,1002.7,1763,5,1002.6,5,1,1002.5,671,7,1002.4,676,12,1002.3,1568,15,1002.8,96,1,1002.9,54,1,1003.0,19,2,1003.1,289,5,1003.2,537,8
317,2025-11-26 11:31:54+05:30,1002.8,112,997.59,4974204,417464.0,473332.0,986.2,1004.9,981.3,986.2,120699750,1084.8,887.6,1102.5,649.1,1002.7,1763,5,1002.6,5,1,1002.5,671,7,1002.4,676,12,1002.3,1568,15,1002.8,96,1,1002.9,54,1,1003.0,19,2,1003.1,289,5,1003.2,537,8
317,2025-11-26 11:31:55+05:30,1002.7,37,997.59,4974724,416991.0,471566.0,986.2,1004.9,981.3,986.2,120699750,1084.8,887.6,1102.5,649.1,1002.7,1285,4,1002.6,5,1,1002.5,671,7,1002.4,683,12,1002.3,1568,15,1002.9,54,1,1003.0,19,2,1003.1,289,5,1003.2,537,8,1003.3,1150,9
317,2025-11-26 11:31:55+05:30,1002.7,37,997.59,4974724,416991.0,471566.0,986.2,1004.9,981.3,986.2,120699750,1084.8,887.6,1102.5,649.1,1002.7,1285,4,1002.6,5,1,1002.5,671,7,1002.4,683,12,1002.3,1568,15,1002.9,54,1,1003.0,19,2,1003.1,289,5,1003.2,537,8,1003.3,1150,9
317,2025-11-26 11:31:56+05:30,1002.7,37,997.59,4974724,417016.0,471591.0,986.2,1004.9,981.3,986.2,120699750,1084.8,887.6,1102.5,649.1,1002.7,1285,4,1002.6,5,1,1002.5,671,7,1002.4,683,12,1002.3,1568,15,1002.9,54,1,1003.0,19,2,1003.1,289,5,1003.2,537,8,1003.3,1150,9
317,2025-11-26 11:31:57+05:30,1002.7,131,997.6,4974855,416459.0,471732.0,986.2,1004.9,981.3,986.2,120699750,1084.8,887.6,1102.5,649.1,1002.7,1154,4,1002.6,5,1,1002.5,671,7,1002.4,683,12,1002.3,1142,14,1002.9,54,1,1003.0,87,3,1003.1,917,9,1003.2,537,8,1003.3,580,8
317,2025-11-26 11:31:57+05:30,1002.7,131,997.6,4974855,416459.0,471732.0,986.2,1004.9,981.3,986.2,120699750,1084.8,887.6,1102.5,649.1,1002.7,1154,4,1002.6,5,1,1002.5,671,7,1002.4,683,12,1002.3,1142,14,1002.9,54,1,1003.0,87,3,1003.1,917,9,1003.2,537,8,1003.3,580,8
317,2025-11-26 11:31:58+05:30,1002.7,131,997.6,4974855,416459.0,471794.0,986.2,1004.9,981.3,986.2,120699750,1084.8,887.6,1102.5,649.1,1002.7,1154,4,1002.6,5,1,1002.5,671,7,1002.4,683,12,1002.3,1142,14,1002.9,54,1,1003.0,130,4,1003.1,892,8,1003.2,581,9,1003.3,580,8
317,2025-11-26 11:31:59+05:30,1002.9,16,997.6,4974855,416459.0,471794.0,986.2,1004.9,981.3,986.2,120699750,1084.8,887.6,1102.5,649.1,1002.7,1154,4,1002.6,5,1,1002.5,671,7,1002.4,683,12,1002.3,1142,14,1002.9,54,1,1003.0,130,4,1003.1,892,8,1003.2,581,9,1003.3,580,8
317,2025-11-26 11:31:59+05:30,1002.9,16,997.6,4975056,416619.0,471875.0,986.2,1004.9,981.3,986.2,120699750,1084.8,887.6,1102.5,649.1,1002.7,1154,4,1002.6,73,2,1002.5,622,6,1002.4,683,12,1002.3,1392,15,1002.9,17,1,1003.0,105,3,1003.1,1001,7,1003.2,610,10,1003.3,580,8
317,2025-11-26 11:32:00+05:30,1002.8,82,997.6,4975056,416619.0,471875.0,986.2,1004.9,981.3,986.2,120699750,1084.8,887.6,1102.5,649.1,1002.7,1154,4,1002.6,73,2,1002.5,622,6,1002.4,683,12,1002.3,1392,15,1002.9,17,1,1003.0,105,3,1003.1,1001,7,1003.2,610,10,1003.3,580,8
317,2025-11-26 11:32:00+05:30,1002.8,82,997.6,4975138,417758.0,469781.0,986.2,1004.9,981.3,986.2,120699750,1084.8,887.6,1102.5,649.1,1002.7,1154,4,1002.6,163,4,1002.5,714,8,1002.4,739,15,1002.3,1366,13,1002.8,14,1,1002.9,17,1,1003.0,19,2,1003.1,246,4,1003.2,668,9
317,2025-11-26 11:32:01+05:30,1002.7,8,997.6,4975138,417758.0,469781.0,986.2,1004.9,981.3,986.2,120699750,1084.8,887.6,1102.5,649.1,1002.7,1154,4,1002.6,163,4,1002.5,714,8,1002.4,739,15,1002.3,1366,13,1002.8,14,1,1002.9,17,1,1003.0,19,2,1003.1,246,4,1003.2,668,9
317,2025-11-26 11:32:01+05:30,1002.7,8,997.6,4975146,417384.0,469833.0,986.2,1004.9,981.3,986.2,120699750,1084.8,887.6,1102.5,649.1,1002.7,1146,4,1002.6,163,4,1002.5,714,8,1002.4,739,15,1002.3,1000,12,1002.8,14,1,1002.9,17,1,1003.0,19,2,1003.1,246,4,1003.2,668,9
317,2025-11-26 11:32:02+05:30,1002.7,1,997.6,4975146,417384.0,469833.0,986.2,1004.9,981.3,986.2,120699750,1084.8,887.6,1102.5,649.1,1002.7,1146,4,1002.6,163,4,1002.5,714,8,1002.4,739,15,1002.3,1000,12,1002.8,14,1,1002.9,17,1,1003.0,19,2,1003.1,246,4,1003.2,668,9
317,2025-11-26 11:32:02+05:30,1002.7,1,997.6,4975147,417138.0,469781.0,986.2,1004.9,981.3,986.2,120699750,1084.8,887.6,1102.5,649.1,1002.7,1145,4,1002.6,71,2,1002.5,671,7,1002.4,739,15,1002.3,1000,12,1002.8,14,1,1002.9,33,1,1003.0,19,2,1003.1,246,4,1003.2,624,8
317,2025-11-26 11:32:03+05:30,1002.7,131,997.6,4975147,417138.0,469781.0,986.2,1004.9,981.3,986.2,120699750,1084.8,887.6,1102.5,649.1,1002.7,1145,4,1002.6,71,2,1002.5,671,7,1002.4,739,15,1002.3,1000,12,1002.8,14,1,1002.9,33,1,1003.0,19,2,1003.1,246,4,1003.2,624,8
317,2025-11-26 11:32:03+05:30,1002.8,99,997.6,4975452,417838.0,471328.0,986.2,1004.9,981.3,986.2,120699750,1084.8,887.6,1102.5,649.1,1002.7,1014,4,1002.6,5,1,1002.5,671,7,1002.4,1234,13,1002.3,1026,14,1002.8,96,1,1002.9,33,1,1003.0,203,5,1003.1,403,7,1003.2,714,10
317,2025-11-26 11:32:04+05:30,1002.8,186,997.6,4975452,417838.0,471328.0,986.2,1004.9,981.3,986.2,120699750,1084.8,887.6,1102.5,649.1,1002.7,1014,4,1002.6,5,1,1002.5,671,7,1002.4,1234,13,1002.3,1026,14,1002.8,96,1,1002.9,33,1,1003.0,203,5,1003.1,403,7,1003.2,714,10
317,2025-11-26 11:32:05+05:30,1002.8,186,997.6,4975638,417644.0,470891.0,986.2,1004.9,981.3,986.2,120699750,1084.8,887.6,1102.5,649.1,1002.7,1015,5,1002.6,5,1,1002.5,671,7,1002.4,1234,13,1002.3,1026,14,1002.8,96,1,1002.9,33,1,1003.0,19,2,1003.1,374,6,1003.2,740,11
317,2025-11-26 11:32:05+05:30,1002.7,512,997.6,4975638,417644.0,470891.0,986.2,1004.9,981.3,986.2,120699750,1084.8,887.6,1102.5,649.1,1002.7,1015,5,1002.6,5,1,1002.5,671,7,1002.4,1234,13,1002.3,1026,14,1002.8,96,1,1002.9,33,1,1003.0,19,2,1003.1,374,6,1003.2,740,11
317,2025-11-26 11:32:06+05:30,1002.7,512,997.6,4976150,415879.0,470819.0,986.2,1004.9,981.3,986.2,120699750,1084.8,887.6,1102.5,649.1,1002.7,503,5,1002.6,5,1,1002.5,671,7,1002.4,683,12,1002.3,776,13,1002.9,33,1,1003.0,19,2,1003.1,398,7,1003.2,740,11,1003.3,1152,11
317,2025-11-26 11:32:07+05:30,1002.7,512,997.6,4976150,415879.0,470819.0,986.2,1004.9,981.3,986.2,120699750,1084.8,887.6,1102.5,649.1,1002.7,503,5,1002.6,5,1,1002.5,671,7,1002.4,683,12,1002.3,776,13,1002.9,33,1,1003.0,19,2,1003.1,398,7,1003.2,740,11,1003.3,1152,11
317,2025-11-26 11:32:07+05:30,1002.7,20,997.6,4976150,415879.0,470819.0,986.2,1004.9,981.3,986.2,120699750,1084.8,887.6,1102.5,649.1,1002.7,503,5,1002.6,5,1,1002.5,671,7,1002.4,683,12,1002.3,776,13,1002.9,33,1,1003.0,19,2,1003.1,398,7,1003.2,740,11,1003.3,1152,11
317,2025-11-26 11:32:08+05:30,1002.9,1,997.6,4976171,415838.0,470722.0,986.2,1004.9,981.3,986.2,120699750,1084.8,887.6,1102.5,649.1,1002.7,482,4,1002.6,5,1,1002.5,671,7,1002.4,683,12,1002.3,776,13,1002.9,32,1,1003.0,85,3,1003.1,402,8,1003.2,740,11,1003.3,1152,11
317,2025-11-26 11:32:08+05:30,1002.9,1,997.6,4976171,415838.0,470722.0,986.2,1004.9,981.3,986.2,120699750,1084.8,887.6,1102.5,649.1,1002.7,482,4,1002.6,5,1,1002.5,671,7,1002.4,683,12,1002.3,776,13,1002.9,32,1,1003.0,85,3,1003.1,402,8,1003.2,740,11,1003.3,1152,11
317,2025-11-26 11:32:09+05:30,1002.7,28,997.6,4976866,416220.0,470129.0,986.2,1004.9,981.3,986.2,120699750,1084.8,887.6,1102.5,649.1,1002.7,5,2,1002.6,116,2,1002.5,916,6,1002.4,1291,12,1002.3,1026,14,1003.0,161,5,1003.1,416,8,1003.2,713,10,1003.3,1126,10,1003.4,2020,12
317,2025-11-26 11:32:09+05:30,1002.7,28,997.6,4976866,416220.0,470129.0,986.2,1004.9,981.3,986.2,120699750,1084.8,887.6,1102.5,649.1,1002.7,5,2,1002.6,116,2,1002.5,916,6,1002.4,1291,12,1002.3,1026,14,1003.0,161,5,1003.1,416,8,1003.2,713,10,1003.3,1126,10,1003.4,2020,12
317,2025-11-26 11:32:10+05:30,1002.7,28,997.6,4976866,415681.0,471488.0,986.2,1004.9,981.3,986.2,120699750,1084.8,887.6,1102.5,649.1,1002.6,5,1,1002.5,452,5,1002.4,653,11,1002.3,776,13,1002.2,1832,11,1002.8,96,1,1002.9,26,1,1003.0,421,7,1003.1,514,9,1003.2,819,11
317,2025-11-26 11:32:11+05:30,1002.5,3,997.6,4977060,414704.0,471212.0,986.2,1004.9,981.3,986.2,120699750,1084.8,887.6,1102.5,649.1,1002.5,324,2,1002.4,487,9,1002.3,625,11,1002.2,1618,11,1002.1,732,8,1002.8,96,1,1002.9,64,1,1003.0,489,9,1003.1,509,8,1003.2,819,11
317,2025-11-26 11:32:11+05:30,1002.5,3,997.6,4977060,414704.0,471212.0,986.2,1004.9,981.3,986.2,120699750,1084.8,887.6,1102.5,649.1,1002.5,324,2,1002.4,487,9,1002.3,625,11,1002.2,1618,11,1002.1,732,8,1002.8,96,1,1002.9,64,1,1003.0,489,9,1003.1,509,8,1003.2,819,11
317,2025-11-26 11:32:12+05:30,1002.5,3,997.6,4977060,414799.0,471199.0,986.2,1004.9,981.3,986.2,120699750,1084.8,887.6,1102.5,649.1,1002.5,324,2,1002.4,562,11,1002.3,667,12,1002.2,1868,12,1002.1,732,8,1002.8,96,1,1002.9,64,1,1003.0,447,8,1003.1,551,9,1003.2,819,11
317,2025-11-26 11:32:13+05:30,1002.5,3,997.6,4977060,415265.0,471461.0,986.2,1004.9,981.3,986.2,120699750,1084.8,887.6,1102.5,649.1,1002.5,337,3,1002.4,494,9,1002.3,709,13,1002.2,1545,10,1002.1,982,9,1002.7,232,1,1002.8,96,1,1003.0,422,8,1003.1,687,12,1003.2,855,10
317,2025-11-26 11:32:14+05:30,1002.7,3,997.6,4977060,415265.0,471461.0,986.2,1004.9,981.3,986.2,120699750,1084.8,887.6,1102.5,649.1,1002.5,337,3,1002.4,494,9,1002.3,709,13,1002.2,1545,10,1002.1,982,9,1002.7,232,1,1002.8,96,1,1003.0,422,8,1003.1,687,12,1003.2,855,10
317,2025-11-26 11:32:14+05:30,1002.7,3,997.6,4977247,415182.0,470999.0,986.2,1004.9,981.3,986.2,120699750,1084.8,887.6,1102.5,649.1,1002.6,112,1,1002.5,341,4,1002.4,578,11,1002.3,650,12,1002.2,1545,10,1002.7,45,1,1002.8,150,2,1003.0,422,8,1003.1,485,11,1003.2,855,10
317,2025-11-26 11:32:15+05:30,1002.6,112,997.6,4977247,415182.0,470999.0,986.2,1004.9,981.3,986.2,120699750,1084.8,887.6,1102.5,649.1,1002.6,112,1,1002.5,341,4,1002.4,578,11,1002.3,650,12,1002.2,1545,10,1002.7,45,1,1002.8,150,2,1003.0,422,8,1003.1,485,11,1003.2,855,10
317,2025-11-26 11:32:15+05:30,1002.6,112,997.6,4977359,415011.0,470318.0,986.2,1004.9,981.3,986.2,120699750,1084.8,887.6,1102.5,649.1,1002.5,341,4,1002.4,494,9,1002.3,666,12,1002.2,578,7,1002.1,982,9,1002.6,96,1,1002.7,45,1,1002.8,54,1,1003.0,422,8,1003.1,534,12
317,2025-11-26 11:32:16+05:30,1002.5,50,997.6,4977359,415011.0,470318.0,986.2,1004.9,981.3,986.2,120699750,1084.8,887.6,1102.5,649.1,1002.5,341,4,1002.4,494,9,1002.3,666,12,1002.2,578,7,1002.1,982,9,1002.6,96,1,1002.7,45,1,1002.8,54,1,1003.0,422,8,1003.1,534,12
317,2025-11-26 11:32:16+05:30,1002.5,50,997.6,4977412,415110.0,470482.0,986.2,1004.9,981.3,986.2,120699750,1084.8,887.6,1102.5,649.1,1002.5,291,4,1002.4,415,8,1002.3,709,13,1002.2,901,10,1002.1,733,8,1002.6,93,1,1002.7,45,1,1002.8,54,1,1003.0,452,9,1003.1,524,11
317,2025-11-26 11:32:17+05:30,1002.6,10,997.6,4977412,415110.0,470482.0,986.2,1004.9,981.3,986.2,120699750,1084.8,887.6,1102.5,649.1,1002.5,291,4,1002.4,415,8,1002.3,709,13,1002.2,901,10,1002.1,733,8,1002.6,93,1,1002.7,45,1,1002.8,54,1,1003.0,452,9,1003.1,524,11
317,2025-11-26 11:32:17+05:30,1002.6,10,997.6,4977472,415004.0,470191.0,986.2,1004.9,981.3,986.2,120699750,1084.8,887.6,1102.5,649.1,1002.5,291,4,1002.4,309,7,1002.3,709,13,1002.2,901,10,1002.1,733,8,1002.6,33,1,1002.7,45,1,1002.8,67,2,1002.9,263,2,1003.0,573,10
317,2025-11-26 11:32:18+05:30,1003.1,4,997.6,4977472,415004.0,470191.0,986.2,1004.9,981.3,986.2,120699750,1084.8,887.6,1102.5,649.1,1002.5,291,4,1002.4,309,7,1002.3,709,13,1002.2,901,10,1002.1,733,8,1002.6,33,1,1002.7,45,1,1002.8,67,2,1002.9,263,2,1003.0,573,10
317,2025-11-26 11:32:18+05:30,1003.0,1,997.6,4979231,422828.0,466893.0,986.2,1004.9,981.3,986.2,120699750,1084.8,887.6,1102.5,649.1,1003.0,11,1,1002.9,122,3,1002.8,726,8,1002.7,829,11,1002.6,1639,14,1003.4,337,4,1003.5,481,4,1003.6,704,9,1003.7,1248,9,1003.8,546,8
317,2025-11-26 11:32:19+05:30,1003.2,69,997.6,4979231,422828.0,466893.0,986.2,1004.9,981.3,986.2,120699750,1084.8,887.6,1102.5,649.1,1003.0,11,1,1002.9,122,3,1002.8,726,8,1002.7,829,11,1002.6,1639,14,1003.4,337,4,1003.5,481,4,1003.6,704,9,1003.7,1248,9,1003.8,546,8
317,2025-11-26 11:32:20+05:30,1003.2,69,997.6,4979360,423783.0,466402.0,986.2,1004.9,981.3,986.2,120699750,1084.8,887.6,1102.5,649.1,1003.2,19,1,1003.0,56,2,1002.9,879,6,1002.8,1356,11,1002.7,556,10,1003.4,88,2,1003.5,514,5,1003.6,540,7,1003.7,1274,11,1003.8,757,11
317,2025-11-26 11:32:21+05:30,1003.3,152,997.6,4979527,423623.0,466609.0,986.2,1004.9,981.3,986.2,120699750,1084.8,887.6,1102.5,649.1,1003.2,83,1,1003.0,209,2,1002.9,879,6,1002.8,1398,12,1002.7,556,10,1003.3,96,1,1003.4,131,2,1003.5,512,6,1003.6,579,8,1003.7,746,10
317,2025-11-26 11:32:21+05:30,1003.3,152,997.6,4979527,423623.0,466609.0,986.2,1004.9,981.3,986.2,120699750,1084.8,887.6,1102.5,649.1,1003.2,83,1,1003.0,209,2,1002.9,879,6,1002.8,1398,12,1002.7,556,10,1003.3,96,1,1003.4,131,2,1003.5,512,6,1003.6,579,8,1003.7,746,10
317,2025-11-26 11:32:22+05:30,1003.2,1,997.6,4979528,422950.0,467038.0,986.2,1004.9,981.3,986.2,120699750,1084.8,887.6,1102.5,649.1,1003.2,88,2,1002.9,567,5,1002.8,1437,13,1002.7,556,10,1002.6,1407,13,1003.3,185,2,1003.4,131,2,1003.5,594,8,1003.6,540,7,1003.7,746,10
317,2025-11-26 11:32:22+05:30,1003.2,1,997.6,4979528,422950.0,467038.0,986.2,1004.9,981.3,986.2,120699750,1084.8,887.6,1102.5,649.1,1003.2,88,2,1002.9,567,5,1002.8,1437,13,1002.7,556,10,1002.6,1407,13,1003.3,185,2,1003.4,131,2,1003.5,594,8,1003.6,540,7,1003.7,746,10
317,2025-11-26 11:32:23+05:30,1003.2,1,997.6,4979528,423007.0,466959.0,986.2,1004.9,981.3,986.2,120699750,1084.8,887.6,1102.5,649.1,1003.2,95,3,1002.9,567,5,1002.8,1437,13,1002.7,556,10,1002.6,1407,13,1003.3,185,2,1003.4,46,1,1003.5,594,8,1003.6,541,8,1003.7,746,10
317,2025-11-26 11:32:24+05:30,1003.3,88,997.6,4979712,422726.0,466921.0,986.2,1004.9,981.3,986.2,120699750,1084.8,887.6,1102.5,649.1,1003.2,95,3,1002.9,567,5,1002.8,1437,13,1002.7,556,10,1002.6,1432,14,1003.3,193,3,1003.5,594,8,1003.6,492,7,1003.7,746,10,1003.8,1275,12
317,2025-11-26 11:32:24+05:30,1003.3,88,997.6,4979712,422726.0,466921.0,986.2,1004.9,981.3,986.2,120699750,1084.8,887.6,1102.5,649.1,1003.2,95,3,1002.9,567,5,1002.8,1437,13,1002.7,556,10,1002.6,1432,14,1003.3,193,3,1003.5,594,8,1003.6,492,7,1003.7,746,10,1003.8,1275,12
317,2025-11-26 11:32:25+05:30,1002.9,40,997.6,4980522,423462.0,466896.0,986.2,1004.9,981.3,986.2,120699750,1084.8,887.6,1102.5,649.1,1002.8,691,15,1002.7,641,10,1002.6,680,11,1002.5,1063,12,1002.4,2220,18,1003.3,97,2,1003.4,674,2,1003.5,614,6,1003.6,679,10,1003.7,2197,10
317,2025-11-26 11:32:25+05:30,1002.9,40,997.6,4980522,423462.0,466896.0,986.2,1004.9,981.3,986.2,120699750,1084.8,887.6,1102.5,649.1,1002.8,691,15,1002.7,641,10,1002.6,680,11,1002.5,1063,12,1002.4,2220,18,1003.3,97,2,1003.4,674,2,1003.5,614,6,1003.6,679,10,1003.7,2197,10
317,2025-11-26 11:32:26+05:30,1003.2,1,997.6,4980523,424579.0,467874.0,986.2,1004.9,981.3,986.2,120699750,1084.8,887.6,1102.5,649.1,1003.2,49,2,1002.9,164,3,1002.8,910,12,1002.7,700,9,1002.6,1098,12,1003.3,97,2,1003.4,290,3,1003.5,982,7,1003.6,696,9,1003.7,2240,11
317,2025-11-26 11:32:26+05:30,1003.2,1,997.6,4980523,424579.0,467874.0,986.2,1004.9,981.3,986.2,120699750,1084.8,887.6,1102.5,649.1,1003.2,49,2,1002.9,164,3,1002.8,910,12,1002.7,700,9,1002.6,1098,12,1003.3,97,2,1003.4,290,3,1003.5,982,7,1003.6,696,9,1003.7,2240,11
317,2025-11-26 11:32:27+05:30,1003.3,86,997.6,4980748,424849.0,467412.0,986.2,1004.9,981.3,986.2,120699750,1084.8,887.6,1102.5,649.1,1003.2,49,2,1002.9,366,4,1002.8,973,16,1002.7,716,10,1002.6,1124,14,1003.3,10,1,1003.4,166,1,1003.5,928,7,1003.6,686,9,1003.7,2240,11
317,2025-11-26 11:32:27+05:30,1003.3,86,997.6,4980748,424849.0,467412.0,986.2,1004.9,981.3,986.2,120699750,1084.8,887.6,1102.5,649.1,1003.2,49,2,1002.9,366,4,1002.8,973,16,1002.7,716,10,1002.6,1124,14,1003.3,10,1,1003.4,166,1,1003.5,928,7,1003.6,686,9,1003.7,2240,11
317,2025-11-26 11:32:28+05:30,1003.2,2,997.6,4980750,424847.0,467444.0,986.2,1004.9,981.3,986.2,120699750,1084.8,887.6,1102.5,649.1,1003.2,47,2,1002.9,409,5,1002.8,973,16,1002.7,716,10,1002.6,1124,14,1003.3,10,1,1003.4,166,1,1003.5,928,7,1003.6,686,9,1003.7,2240,11
317,2025-11-26 11:32:28+05:30,1003.2,2,997.6,4980750,424847.0,467444.0,986.2,1004.9,981.3,986.2,120699750,1084.8,887.6,1102.5,649.1,1003.2,47,2,1002.9,409,5,1002.8,973,16,1002.7,716,10,1002.6,1124,14,1003.3,10,1,1003.4,166,1,1003.5,928,7,1003.6,686,9,1003.7,2240,11
317,2025-11-26 11:32:29+05:30,1003.3,49,997.6,4980804,426957.0,468190.0,986.2,1004.9,981.3,986.2,120699750,1084.8,887.6,1102.5,649.1,1003.3,19,1,1003.2,47,2,1003.0,399,4,1002.9,859,9,1002.8,1606,17,1003.5,940,9,1003.6,929,6,1003.7,2176,9,1003.8,2215,12,1003.9,584,11
317,2025-11-26 11:32:29+05:30,1003.3,49,997.6,4980804,426957.0,468190.0,986.2,1004.9,981.3,986.2,120699750,1084.8,887.6,1102.5,649.1,1003.3,19,1,1003.2,47,2,1003.0,399,4,1002.9,859,9,1002.8,1606,17,1003.5,940,9,1003.6,929,6,1003.7,2176,9,1003.8,2215,12,1003.9,584,11
317,2025-11-26 11:32:30+05:30,1003.3,3,997.6,4980807,427153.0,468390.0,986.2,1004.9,981.3,986.2,120699750,1084.8,887.6,1102.5,649.1,1003.3,17,2,1003.2,47,2,1003.0,399,4,1002.9,859,9,1002.8,1753,18,1003.4,181,3,1003.5,949,9,1003.6,978,7,1003.7,2245,11,1003.8,2215,12
317,2025-11-26 11:32:30+05:30,1003.3,3,997.6,4980807,427153.0,468390.0,986.2,1004.9,981.3,986.2,120699750,1084.8,887.6,1102.5,649.1,1003.3,17,2,1003.2,47,2,1003.0,399,4,1002.9,859,9,1002.8,1753,18,1003.4,181,3,1003.5,949,9,1003.6,978,7,1003.7,2245,11,1003.8,2215,12
317,2025-11-26 11:32:31+05:30,1003.4,40,997.6,4980940,427933.0,467851.0,986.2,1004.9,981.3,986.2,120699750,1084.8,887.6,1102.5,649.1,1003.3,13,3,1003.2,47,2,1003.0,399,4,1002.9,859,9,1002.8,1753,18,1003.4,56,1,1003.5,990,10,1003.6,469,6,1003.7,2245,11,1003.8,2215,12
317,2025-11-26 11:32:31+05:30,1003.4,40,997.6,4980940,427933.0,467851.0,986.2,1004.9,981.3,986.2,120699750,1084.8,887.6,1102.5,649.1,1003.3,13,3,1003.2,47,2,1003.0,399,4,1002.9,859,9,1002.8,1753,18,1003.4,56,1,1003.5,990,10,1003.6,469,6,1003.7,2245,11,1003.8,2215,12
317,2025-11-26 11:32:32+05:30,1003.4,10,997.6,4980950,427924.0,467870.0,986.2,1004.9,981.3,986.2,120699750,1084.8,887.6,1102.5,649.1,1003.3,13,3,1003.2,47,2,1003.0,399,4,1002.9,859,9,1002.8,1753,18,1003.4,75,2,1003.5,977,9,1003.6,482,7,1003.7,2245,11,1003.8,2215,12
317,2025-11-26 11:32:32+05:30,1003.4,10,997.6,4980950,427924.0,467870.0,986.2,1004.9,981.3,986.2,120699750,1084.8,887.6,1102.5,649.1,1003.3,13,3,1003.2,47,2,1003.0,399,4,1002.9,859,9,1002.8,1753,18,1003.4,75,2,1003.5,977,9,1003.6,482,7,1003.7,2245,11,1003.8,2215,12
317,2025-11-26 11:32:33+05:30,1003.4,1,997.6,4980951,427954.0,468406.0,986.2,1004.9,981.3,986.2,120699750,1084.8,887.6,1102.5,649.1,1003.3,12,2,1003.2,47,2,1003.0,399,4,1002.9,859,9,1002.8,1753,18,1003.4,74,2,1003.5,1013,9,1003.6,983,9,1003.7,2245,11,1003.8,2215,12
317,2025-11-26 11:32:33+05:30,1003.4,1,997.6,4980951,427954.0,468406.0,986.2,1004.9,981.3,986.2,120699750,1084.8,887.6,1102.5,649.1,1003.3,12,2,1003.2,47,2,1003.0,399,4,1002.9,859,9,1002.8,1753,18,1003.4,74,2,1003.5,1013,9,1003.6,983,9,1003.7,2245,11,1003.8,2215,12
317,2025-11-26 11:32:34+05:30,1003.4,50,997.6,4981570,427928.0,468655.0,986.2,1004.9,981.3,986.2,120699750,1084.8,887.6,1102.5,649.1,1003.3,11,1,1003.2,47,2,1003.0,399,4,1002.9,859,9,1002.8,1753,18,1003.4,131,2,1003.5,1048,10,1003.6,1024,10,1003.7,2245,11,1003.8,2215,12
317,2025-11-26 11:32:34+05:30,1003.4,50,997.6,4981570,427928.0,468655.0,986.2,1004.9,981.3,986.2,120699750,1084.8,887.6,1102.5,649.1,1003.3,11,1,1003.2,47,2,1003.0,399,4,1002.9,859,9,1002.8,1753,18,1003.4,131,2,1003.5,1048,10,1003.6,1024,10,1003.7,2245,11,1003.8,2215,12
317,2025-11-26 11:32:35+05:30,1003.3,2,997.6,4981588,427357.0,466762.0,986.2,1004.9,981.3,986.2,120699750,1084.8,887.6,1102.5,649.1,1003.2,42,2,1002.9,761,7,1002.8,1704,17,1002.7,828,13,1002.6,1419,13,1003.3,83,1,1003.4,83,2,1003.5,872,9,1003.6,604,11,1003.7,2223,11
317,2025-11-26 11:32:35+05:30,1003.3,2,997.6,4981588,427357.0,466762.0,986.2,1004.9,981.3,986.2,120699750,1084.8,887.6,1102.5,649.1,1003.2,42,2,1002.9,761,7,1002.8,1704,17,1002.7,828,13,1002.6,1419,13,1003.3,83,1,1003.4,83,2,1003.5,872,9,1003.6,604,11,1003.7,2223,11
317,2025-11-26 11:32:36+05:30,1003.3,2,997.6,4981588,426688.0,467423.0,986.2,1004.9,981.3,986.2,120699750,1084.8,887.6,1102.5,649.1,1003.2,42,2,1002.9,761,7,1002.8,1031,15,1002.7,742,12,1002.6,1419,13,1003.3,83,1,1003.4,83,2,1003.5,872,9,1003.6,1165,12,1003.7,2223,11
317,2025-11-26 11:32:37+05:30,1003.3,50,997.6,4981638,426517.0,467930.0,986.2,1004.9,981.3,986.2,120699750,1084.8,887.6,1102.5,649.1,1003.2,8,1,1002.9,802,8,1002.8,1016,15,1002.7,890,13,1002.6,1446,14,1003.3,33,1,1003.4,83,2,1003.5,872,9,1003.6,537,8,1003.7,785,11
317,2025-11-26 11:32:37+05:30,1003.3,50,997.6,4981638,426517.0,467930.0,986.2,1004.9,981.3,986.2,120699750,1084.8,887.6,1102.5,649.1,1003.2,8,1,1002.9,802,8,1002.8,1016,15,1002.7,890,13,1002.6,1446,14,1003.3,33,1,1003.4,83,2,1003.5,872,9,1003.6,537,8,1003.7,785,11
317,2025-11-26 11:32:38+05:30,1003.2,100,997.6,4981738,426523.0,468512.0,986.2,1004.9,981.3,986.2,120699750,1084.8,887.6,1102.5,649.1,1003.2,16,1,1002.9,802,8,1002.8,1016,15,1002.7,890,13,1002.6,1446,14,1003.3,70,2,1003.4,84,3,1003.5,872,9,1003.6,1117,10,1003.7,744,10
317,2025-11-26 11:32:38+05:30,1003.2,100,997.6,4981738,426523.0,468512.0,986.2,1004.9,981.3,986.2,120699750,1084.8,887.6,1102.5,649.1,1003.2,16,1,1002.9,802,8,1002.8,1016,15,1002.7,890,13,1002.6,1446,14,1003.3,70,2,1003.4,84,3,1003.5,872,9,1003.6,1117,10,1003.7,744,10
317,2025-11-26 11:32:39+05:30,1003.3,19,997.6,4981923,426828.0,468428.0,986.2,1004.9,981.3,986.2,120699750,1084.8,887.6,1102.5,649.1,1003.2,16,1,1002.9,802,8,1002.8,1016,15,1002.7,890,13,1002.6,1446,14,1003.3,114,2,1003.4,49,2,1003.5,782,7,1003.6,950,7,1003.7,785,11
317,2025-11-26 11:32:39+05:30,1003.3,19,997.6,4981923,426828.0,468428.0,986.2,1004.9,981.3,986.2,120699750,1084.8,887.6,1102.5,649.1,1003.2,16,1,1002.9,802,8,1002.8,1016,15,1002.7,890,13,1002.6,1446,14,1003.3,114,2,1003.4,49,2,1003.5,782,7,1003.6,950,7,1003.7,785,11
317,2025-11-26 11:32:40+05:30,1003.2,46,997.6,4981969,426037.0,469329.0,986.2,1004.9,981.3,986.2,120699750,1084.8,887.6,1102.5,649.1,1002.9,264,4,1002.8,926,14,1002.7,742,12,1002.6,1196,13,1002.5,2252,13,1003.2,146,2,1003.3,18,1,1003.4,177,3,1003.5,892,8,1003.6,1173,11
317,2025-11-26 11:32:40+05:30,1003.2,62,997.6,4981969,426037.0,469329.0,986.2,1004.9,981.3,986.2,120699750,1084.8,887.6,1102.5,649.1,1002.9,264,4,1002.8,926,14,1002.7,742,12,1002.6,1196,13,1002.5,2252,13,1003.2,146,2,1003.3,18,1,1003.4,177,3,1003.5,892,8,1003.6,1173,11
317,2025-11-26 11:32:41+05:30,1003.2,62,997.6,4982081,426114.0,469663.0,986.2,1004.9,981.3,986.2,120699750,1084.8,887.6,1102.5,649.1,1003.0,159,3,1002.9,348,5,1002.8,912,14,1002.7,742,12,1002.6,1446,14,1003.2,130,2,1003.3,18,1,1003.4,129,2,1003.5,844,7,1003.6,1261,11
317,2025-11-26 11:32:42+05:30,1003.2,62,997.6,4982081,426296.0,469588.0,986.2,1004.9,981.3,986.2,120699750,1084.8,887.6,1102.5,649.1,1003.0,109,2,1002.9,348,5,1002.8,962,15,1002.7,971,13,1002.6,1446,14,1003.2,180,3,1003.3,18,1,1003.4,622,3,1003.5,844,7,1003.6,671,9
317,2025-11-26 11:32:43+05:30,1003.0,1,997.6,4982107,426439.0,469506.0,986.2,1004.9,981.3,986.2,120699750,1084.8,887.6,1102.5,649.1,1003.0,63,2,1002.9,188,4,1002.8,914,14,1002.7,792,13,1002.6,1196,13,1003.2,199,4,1003.3,20,2,1003.4,128,1,1003.5,844,7,1003.6,1176,10
317,2025-11-26 11:32:43+05:30,1003.1,56,997.6,4982107,426439.0,469506.0,986.2,1004.9,981.3,986.2,120699750,1084.8,887.6,1102.5,649.1,1003.0,63,2,1002.9,188,4,1002.8,914,14,1002.7,792,13,1002.6,1196,13,1003.2,199,4,1003.3,20,2,1003.4,128,1,1003.5,844,7,1003.6,1176,10
317,2025-11-26 11:32:44+05:30,1003.2,2,997.6,4982234,426680.0,469195.0,986.2,1004.9,981.3,986.2,120699750,1084.8,887.6,1102.5,649.1,1003.1,19,1,1003.0,7,1,1002.9,94,3,1002.8,799,13,1002.7,792,13,1003.2,197,4,1003.3,25,3,1003.4,128,1,1003.5,844,7,1003.6,1255,11
317,2025-11-26 11:32:44+05:30,1003.2,2,997.6,4982234,426680.0,469195.0,986.2,1004.9,981.3,986.2,120699750,1084.8,887.6,1102.5,649.1,1003.1,19,1,1003.0,7,1,1002.9,94,3,1002.8,799,13,1002.7,792,13,1003.2,197,4,1003.3,25,3,1003.4,128,1,1003.5,844,7,1003.6,1255,11
317,2025-11-26 11:32:45+05:30,1003.1,115,997.6,4982349,425391.0,468323.0,986.2,1004.9,981.3,986.2,120699750,1084.8,887.6,1102.5,649.1,1003.0,7,1,1002.9,94,3,1002.8,642,12,1002.7,742,12,1002.6,1196,13,1003.1,192,2,1003.2,69,2,1003.3,25,3,1003.4,128,1,1003.5,803,6
317,2025-11-26 11:32:45+05:30,1003.1,115,997.6,4982349,425391.0,468323.0,986.2,1004.9,981.3,986.2,120699750,1084.8,887.6,1102.5,649.1,1003.0,7,1,1002.9,94,3,1002.8,642,12,1002.7,742,12,1002.6,1196,13,1003.1,192,2,1003.2,69,2,1003.3,25,3,1003.4,128,1,1003.5,803,6
317,2025-11-26 11:32:46+05:30,1003.1,1,997.6,4982351,425638.0,468241.0,986.2,1004.9,981.3,986.2,120699750,1084.8,887.6,1102.5,649.1,1003.0,7,1,1002.9,94,3,1002.8,592,11,1002.7,770,13,1002.6,1246,14,1003.1,190,2,1003.2,69,2,1003.3,145,4,1003.4,657,2,1003.5,803,6
317,2025-11-26 11:32:46+05:30,1003.1,1,997.6,4982351,425638.0,468241.0,986.2,1004.9,981.3,986.2,120699750,1084.8,887.6,1102.5,649.1,1003.0,7,1,1002.9,94,3,1002.8,592,11,1002.7,770,13,1002.6,1246,14,1003.1,190,2,1003.2,69,2,1003.3,145,4,1003.4,657,2,1003.5,803,6
317,2025-11-26 11:32:47+05:30,1002.9,12,997.6,4983226,420652.0,468004.0,986.2,1004.9,981.3,986.2,120699750,1084.8,887.6,1102.5,649.1,1002.9,30,2,1002.8,408,10,1002.7,770,13,1002.6,1196,13,1002.5,2616,16,1003.1,96,1,1003.2,115,3,1003.3,25,3,1003.4,206,2,1003.5,1469,9
317,2025-11-26 11:32:47+05:30,1002.9,12,997.6,4983226,420652.0,468004.0,986.2,1004.9,981.3,986.2,120699750,1084.8,887.6,1102.5,649.1,1002.9,30,2,1002.8,408,10,1002.7,770,13,1002.6,1196,13,1002.5,2616,16,1003.1,96,1,1003.2,115,3,1003.3,25,3,1003.4,206,2,1003.5,1469,9
317,2025-11-26 11:32:48+05:30,1002.9,12,997.6,4983226,420636.0,467984.0,986.2,1004.9,981.3,986.2,120699750,1084.8,887.6,1102.5,649.1,1002.9,30,2,1002.8,408,10,1002.7,770,13,1002.6,1196,13,1002.5,2616,16,1003.1,96,1,1003.2,115,3,1003.3,25,3,1003.4,206,2,1003.5,1469,9
317,2025-11-26 11:32:48+05:30,1003.1,20,997.6,4983226,420636.0,467984.0,986.2,1004.9,981.3,986.2,120699750,1084.8,887.6,1102.5,649.1,1002.9,30,2,1002.8,408,10,1002.7,770,13,1002.6,1196,13,1002.5,2616,16,1003.1,96,1,1003.2,115,3,1003.3,25,3,1003.4,206,2,1003.5,1469,9
317,2025-11-26 11:32:49+05:30,1003.0,6,997.6,4983453,421609.0,467845.0,986.2,1004.9,981.3,986.2,120699750,1084.8,887.6,1102.5,649.1,1003.0,44,1,1002.9,54,2,1002.8,793,14,1002.7,742,12,1002.6,1336,12,1003.2,115,3,1003.3,20,2,1003.4,202,1,1003.5,832,6,1003.6,740,11
317,2025-11-26 11:32:49+05:30,1003.2,5,997.6,4983453,421609.0,467845.0,986.2,1004.9,981.3,986.2,120699750,1084.8,887.6,1102.5,649.1,1003.0,44,1,1002.9,54,2,1002.8,793,14,1002.7,742,12,1002.6,1336,12,1003.2,115,3,1003.3,20,2,1003.4,202,1,1003.5,832,6,1003.6,740,11
317,2025-11-26 11:32:50+05:30,1003.0,1,997.6,4983459,420886.0,467920.0,986.2,1004.9,981.3,986.2,120699750,1084.8,887.6,1102.5,649.1,1002.9,55,2,1002.8,571,11,1002.7,788,13,1002.6,1086,11,1002.5,2558,15,1003.1,96,1,1003.2,110,3,1003.3,25,3,1003.4,368,2,1003.5,832,6
317,2025-11-26 11:32:50+05:30,1003.0,1,997.6,4983459,420886.0,467920.0,986.2,1004.9,981.3,986.2,120699750,1084.8,887.6,1102.5,649.1,1002.9,55,2,1002.8,571,11,1002.7,788,13,1002.6,1086,11,1002.5,2558,15,1003.1,96,1,1003.2,110,3,1003.3,25,3,1003.4,368,2,1003.5,832,6
317,2025-11-26 11:32:51+05:30,1003.0,2,997.6,4983461,420398.0,468432.0,986.2,1004.9,981.3,986.2,120699750,1084.8,887.6,1102.5,649.1,1002.9,18,2,1002.8,455,10,1002.7,788,13,1002.6,751,10,1002.5,2308,14,1003.0,5,1,1003.1,96,1,1003.2,110,3,1003.3,25,3,1003.4,368,2
317,2025-11-26 11:32:51+05:30,1003.1,96,997.6,4983461,420398.0,468432.0,986.2,1004.9,981.3,986.2,120699750,1084.8,887.6,1102.5,649.1,1002.9,18,2,1002.8,455,10,1002.7,788,13,1002.6,751,10,1002.5,2308,14,1003.0,5,1,1003.1,96,1,1003.2,110,3,1003.3,25,3,1003.4,368,2
317,2025-11-26 11:32:52+05:30,1003.1,99,997.61,4984406,421367.0,467627.0,986.2,1004.9,981.3,986.2,120699750,1084.8,887.6,1102.5,649.1,1002.9,215,6,1002.8,579,13,1002.7,815,14,1002.6,1000,12,1002.5,2665,17,1003.1,13,1,1003.2,110,3,1003.3,20,2,1003.5,785,5,1003.6,1159,10
317,2025-11-26 11:32:52+05:30,1003.1,99,997.61,4984406,421367.0,467627.0,986.2,1004.9,981.3,986.2,120699750,1084.8,887.6,1102.5,649.1,1002.9,215,6,1002.8,579,13,1002.7,815,14,1002.6,1000,12,1002.5,2665,17,1003.1,13,1,1003.2,110,3,1003.3,20,2,1003.5,785,5,1003.6,1159,10
317,2025-11-26 11:32:53+05:30,1003.1,99,997.61,4984406,421367.0,467382.0,986.2,1004.9,981.3,986.2,120699750,1084.8,887.6,1102.5,649.1,1002.9,215,6,1002.8,579,13,1002.7,815,14,1002.6,1000,12,1002.5,2665,17,1003.1,13,1,1003.2,113,4,1003.3,20,2,1003.5,785,5,1003.6,1185,12
317,2025-11-26 11:32:54+05:30,1003.1,13,997.61,4984419,422700.0,467773.0,986.2,1004.9,981.3,986.2,120699750,1084.8,887.6,1102.5,649.1,1003.1,6,1,1002.9,880,7,1002.8,918,15,1002.7,831,14,1002.6,1383,13,1003.2,113,4,1003.3,20,2,1003.4,205,2,1003.5,677,4,1003.6,1210,10
317,2025-11-26 11:32:54+05:30,1003.2,2,997.61,4984419,422700.0,467773.0,986.2,1004.9,981.3,986.2,120699750,1084.8,887.6,1102.5,649.1,1003.1,6,1,1002.9,880,7,1002.8,918,15,1002.7,831,14,1002.6,1383,13,1003.2,113,4,1003.3,20,2,1003.4,205,2,1003.5,677,4,1003.6,1210,10
317,2025-11-26 11:32:55+05:30,1003.2,2,997.61,4984531,422347.0,468388.0,986.2,1004.9,981.3,986.2,120699750,1084.8,887.6,1102.5,649.1,1003.1,10,2,1002.9,659,4,1002.8,714,14,1002.7,785,13,1002.6,1206,13,1003.2,106,3,1003.3,20,2,1003.4,361,4,1003.5,865,7,1003.6,1139,9
317,2025-11-26 11:32:56+05:30,1003.3,569,997.61,4985452,422347.0,466529.0,986.2,1004.9,981.3,986.2,120699750,1084.8,887.6,1102.5,649.1,1003.1,4,1,1003.0,49,1,1002.9,751,4,1002.8,708,16,1002.7,917,12,1003.3,468,2,1003.5,520,4,1003.6,652,7,1003.7,557,8,1003.8,1056,7
317,2025-11-26 11:32:56+05:30,1003.3,569,997.61,4985452,422347.0,466529.0,986.2,1004.9,981.3,986.2,120699750,1084.8,887.6,1102.5,649.1,1003.1,4,1,1003.0,49,1,1002.9,751,4,1002.8,708,16,1002.7,917,12,1003.3,468,2,1003.5,520,4,1003.6,652,7,1003.7,557,8,1003.8,1056,7
317,2025-11-26 11:32:57+05:30,1003.3,118,997.61,4985570,422421.0,467735.0,986.2,1004.9,981.3,986.2,120699750,1084.8,887.6,1102.5,649.1,1003.1,25,3,1003.0,79,2,1002.9,988,7,1002.8,828,16,1002.7,871,11,1003.3,350,2,1003.5,696,5,1003.6,652,7,1003.7,764,9,1003.8,1198,9
317,2025-11-26 11:32:57+05:30,1003.3,118,997.61,4985570,422421.0,467735.0,986.2,1004.9,981.3,986.2,120699750,1084.8,887.6,1102.5,649.1,1003.1,25,3,1003.0,79,2,1002.9,988,7,1002.8,828,16,1002.7,871,11,1003.3,350,2,1003.5,696,5,1003.6,652,7,1003.7,764,9,1003.8,1198,9
317,2025-11-26 11:32:58+05:30,1003.1,1,997.61,4985575,422601.0,467767.0,986.2,1004.9,981.3,986.2,120699750,1084.8,887.6,1102.5,649.1,1003.1,9,1,1003.0,209,4,1002.9,988,7,1002.8,868,17,1002.7,871,11,1003.3,350,2,1003.5,696,5,1003.6,652,7,1003.7,764,9,1003.8,1198,9
317,2025-11-26 11:32:58+05:30,1003.1,1,997.61,4985575,422601.0,467767.0,986.2,1004.9,981.3,986.2,120699750,1084.8,887.6,1102.5,649.1,1003.1,9,1,1003.0,209,4,1002.9,988,7,1002.8,868,17,1002.7,871,11,1003.3,350,2,1003.5,696,5,1003.6,652,7,1003.7,764,9,1003.8,1198,9
317,2025-11-26 11:32:59+05:30,1003.3,185,997.61,4985760,422601.0,467475.0,986.2,1004.9,981.3,986.2,120699750,1084.8,887.6,1102.5,649.1,1003.1,9,1,1003.0,209,4,1002.9,988,7,1002.8,868,17,1002.7,871,11,1003.3,165,2,1003.4,1,1,1003.5,530,4,1003.6,652,7,1003.7,764,9
317,2025-11-26 11:32:59+05:30,1003.3,185,997.61,4985760,422601.0,467475.0,986.2,1004.9,981.3,986.2,120699750,1084.8,887.6,1102.5,649.1,1003.1,9,1,1003.0,209,4,1002.9,988,7,1002.8,868,17,1002.7,871,11,1003.3,165,2,1003.4,1,1,1003.5,530,4,1003.6,652,7,1003.7,764,9
317,2025-11-26 11:33:00+05:30,1003.3,185,997.61,4985760,421281.0,468438.0,986.2,1004.9,981.3,986.2,120699750,1084.8,887.6,1102.5,649.1,1003.1,9,1,1003.0,46,1,1002.9,306,5,1002.8,742,14,1002.7,669,10,1003.2,96,1,1003.3,216,3,1003.4,1,1,1003.5,1002,4,1003.6,691,10
317,2025-11-26 11:33:01+05:30,1003.1,8,997.61,4985768,421975.0,468455.0,986.2,1004.9,981.3,986.2,120699750,1084.8,887.6,1102.5,649.1,1003.1,83,2,1002.9,775,6,1002.8,751,14,1002.7,669,10,1002.6,1219,13,1003.2,96,1,1003.3,216,3,1003.4,1,1,1003.5,636,4,1003.6,691,10
317,2025-11-26 11:33:01+05:30,1003.2,96,997.61,4985768,421975.0,468455.0,986.2,1004.9,981.3,986.2,120699750,1084.8,887.6,1102.5,649.1,1003.1,83,2,1002.9,775,6,1002.8,751,14,1002.7,669,10,1002.6,1219,13,1003.2,96,1,1003.3,216,3,1003.4,1,1,1003.5,636,4,1003.6,691,10
317,2025-11-26 11:33:02+05:30,1003.2,49,997.61,4986848,422200.0,468138.0,986.2,1004.9,981.3,986.2,120699750,1084.8,887.6,1102.5,649.1,1003.1,83,2,1003.0,82,1,1002.9,1000,9,1002.8,871,16,1002.7,744,11,1003.3,216,3,1003.4,1,1,1003.5,564,3,1003.6,576,6,1003.7,718,8
317,2025-11-26 11:33:02+05:30,1003.2,49,997.61,4986848,422200.0,468138.0,986.2,1004.9,981.3,986.2,120699750,1084.8,887.6,1102.5,649.1,1003.1,83,2,1003.0,82,1,1002.9,1000,9,1002.8,871,16,1002.7,744,11,1003.3,216,3,1003.4,1,1,1003.5,564,3,1003.6,576,6,1003.7,718,8
317,2025-11-26 11:33:03+05:30,1003.3,10,997.61,4986858,422394.0,467999.0,986.2,1004.9,981.3,986.2,120699750,1084.8,887.6,1102.5,649.1,1003.1,83,2,1003.0,82,1,1002.9,1000,9,1002.8,837,15,1002.7,744,11,1003.3,206,3,1003.4,1,1,1003.5,564,3,1003.6,576,6,1003.7,718,8
317,2025-11-26 11:33:03+05:30,1003.3,10,997.61,4986858,422394.0,467999.0,986.2,1004.9,981.3,986.2,120699750,1084.8,887.6,1102.5,649.1,1003.1,83,2,1003.0,82,1,1002.9,1000,9,1002.8,837,15,1002.7,744,11,1003.3,206,3,1003.4,1,1,1003.5,564,3,1003.6,576,6,1003.7,718,8
317,2025-11-26 11:33:04+05:30,1003.3,30,997.61,4987043,422505.0,468681.0,986.2,1004.9,981.3,986.2,120699750,1084.8,887.6,1102.5,649.1,1003.2,82,1,1003.1,42,2,1003.0,284,2,1002.9,959,8,1002.8,871,16,1003.3,38,3,1003.4,1,1,1003.5,402,2,1003.6,464,5,1003.7,744,10
317,2025-11-26 11:33:04+05:30,1003.3,30,997.61,4987043,422505.0,468681.0,986.2,1004.9,981.3,986.2,120699750,1084.8,887.6,1102.5,649.1,1003.2,82,1,1003.1,42,2,1003.0,284,2,1002.9,959,8,1002.8,871,16,1003.3,38,3,1003.4,1,1,1003.5,402,2,1003.6,464,5,1003.7,744,10
317,2025-11-26 11:33:05+05:30,1003.3,99,997.61,4987180,422467.0,468598.0,986.2,1004.9,981.3,986.2,120699750,1084.8,887.6,1102.5,649.1,1003.2,82,1,1003.1,1,1,1003.0,366,4,1002.9,959,8,1002.8,905,17,1003.4,1,1,1003.5,402,2,1003.6,435,4,1003.7,1310,13,1003.8,1407,8
317,2025-11-26 11:33:05+05:30,1003.3,99,997.61,4987180,422467.0,468598.0,986.2,1004.9,981.3,986.2,120699750,1084.8,887.6,1102.5,649.1,1003.2,82,1,1003.1,1,1,1003.0,366,4,1002.9,959,8,1002.8,905,17,1003.4,1,1,1003.5,402,2,1003.6,435,4,1003.7,1310,13,1003.8,1407,8
317,2025-11-26 11:33:06+05:30,1003.2,30,997.61,4987210,422234.0,468598.0,986.2,1004.9,981.3,986.2,120699750,1084.8,887.6,1102.5,649.1,1003.2,52,1,1003.0,325,3,1002.9,1000,9,1002.8,905,17,1002.7,744,11,1003.4,1,1,1003.5,402,2,1003.6,435,4,1003.7,1310,13,1003.8,1407,8
317,2025-11-26 11:33:06+05:30,1003.2,30,997.61,4987210,422234.0,468598.0,986.2,1004.9,981.3,986.2,120699750,1084.8,887.6,1102.5,649.1,1003.2,52,1,1003.0,325,3,1002.9,1000,9,1002.8,905,17,1002.7,744,11,1003.4,1,1,1003.5,402,2,1003.6,435,4,1003.7,1310,13,1003.8,1407,8
317,2025-11-26 11:33:07+05:30,1003.5,11,997.61,4987230,422833.0,468442.0,986.2,1004.9,981.3,986.2,120699750,1084.8,887.6,1102.5,649.1,1003.3,52,1,1003.0,432,4,1002.9,918,7,1002.8,946,18,1002.7,858,13,1003.4,125,1,1003.5,514,3,1003.6,452,5,1003.7,685,12,1003.8,1407,8
317,2025-11-26 11:33:07+05:30,1003.5,11,997.61,4987230,422833.0,468442.0,986.2,1004.9,981.3,986.2,120699750,1084.8,887.6,1102.5,649.1,1003.3,52,1,1003.0,432,4,1002.9,918,7,1002.8,946,18,1002.7,858,13,1003.4,125,1,1003.5,514,3,1003.6,452,5,1003.7,685,12,1003.8,1407,8
317,2025-11-26 11:33:08+05:30,1003.5,11,997.61,4987230,422686.0,468415.0,986.2,1004.9,981.3,986.2,120699750,1084.8,887.6,1102.5,649.1,1003.3,52,1,1003.0,432,4,1002.9,918,7,1002.8,946,18,1002.7,858,13,1003.4,125,1,1003.5,514,3,1003.6,452,5,1003.7,1170,13,1003.8,1407,8
317,2025-11-26 11:33:09+05:30,1003.4,125,997.61,4987355,423582.0,468035.0,986.2,1004.9,981.3,986.2,120699750,1084.8,887.6,1102.5,649.1,1003.4,19,1,1003.3,53,2,1003.1,251,2,1003.0,981,6,1002.9,594,10,1003.5,573,2,1003.6,494,7,1003.7,660,11,1003.8,1407,8,1003.9,1457,11
317,2025-11-26 11:33:09+05:30,1003.4,125,997.61,4987355,423582.0,468035.0,986.2,1004.9,981.3,986.2,120699750,1084.8,887.6,1102.5,649.1,1003.4,19,1,1003.3,53,2,1003.1,251,2,1003.0,981,6,1002.9,594,10,1003.5,573,2,1003.6,494,7,1003.7,660,11,1003.8,1407,8,1003.9,1457,11
317,2025-11-26 11:33:10+05:30,1003.4,41,997.61,4987480,423284.0,468327.0,986.2,1004.9,981.3,986.2,120699750,1084.8,887.6,1102.5,649.1,1003.3,1,1,1003.1,251,2,1003.0,932,5,1002.9,594,10,1002.8,1287,17,1003.4,96,1,1003.5,389,1,1003.6,412,5,1003.7,1379,16,1003.8,1407,8
317,2025-11-26 11:33:10+05:30,1003.4,41,997.61,4987480,423284.0,468327.0,986.2,1004.9,981.3,986.2,120699750,1084.8,887.6,1102.5,649.1,1003.3,1,1,1003.1,251,2,1003.0,932,5,1002.9,594,10,1002.8,1287,17,1003.4,96,1,1003.5,389,1,1003.6,412,5,1003.7,1379,16,1003.8,1407,8
317,2025-11-26 11:33:11+05:30,1003.1,3,997.61,4987485,422367.0,468411.0,986.2,1004.9,981.3,986.2,120699750,1084.8,887.6,1102.5,649.1,1003.0,710,5,1002.9,746,12,1002.8,1246,16,1002.7,817,12,1002.6,1378,14,1003.4,96,1,1003.5,551,2,1003.6,524,5,1003.7,1305,14,1003.8,1408,9
317,2025-11-26 11:33:11+05:30,1003.1,3,997.61,4987485,422367.0,468411.0,986.2,1004.9,981.3,986.2,120699750,1084.8,887.6,1102.5,649.1,1003.0,710,5,1002.9,746,12,1002.8,1246,16,1002.7,817,12,1002.6,1378,14,1003.4,96,1,1003.5,551,2,1003.6,524,5,1003.7,1305,14,1003.8,1408,9
317,2025-11-26 11:33:12+05:30,1003.1,3,997.61,4987485,422680.0,467840.0,986.2,1004.9,981.3,986.2,120699750,1084.8,887.6,1102.5,649.1,1003.1,99,2,1003.0,750,7,1002.9,733,11,1002.8,1172,15,1002.7,1067,13,1003.4,96,1,1003.5,389,1,1003.6,562,6,1003.7,741,10,1003.8,1214,11
317,2025-11-26 11:33:13+05:30,1003.1,3,997.61,4987485,422747.0,467919.0,986.2,1004.9,981.3,986.2,120699750,1084.8,887.6,1102.5,649.1,1003.1,99,2,1003.0,790,8,1002.9,733,11,1002.8,1199,16,1002.7,1067,13,1003.4,96,1,1003.5,389,1,1003.6,562,6,1003.7,741,10,1003.8,699,10
317,2025-11-26 11:33:13+05:30,1003.1,1,997.61,4987485,422747.0,467919.0,986.2,1004.9,981.3,986.2,120699750,1084.8,887.6,1102.5,649.1,1003.1,99,2,1003.0,790,8,1002.9,733,11,1002.8,1199,16,1002.7,1067,13,1003.4,96,1,1003.5,389,1,1003.6,562,6,1003.7,741,10,1003.8,699,10
317,2025-11-26 11:33:14+05:30,1003.6,2,997.61,4988706,424760.0,465224.0,986.2,1004.9,981.3,986.2,120699750,1084.8,887.6,1102.5,649.1,1003.3,17,1,1003.2,860,11,1003.1,584,6,1003.0,362,6,1002.9,1074,13,1003.6,37,2,1003.7,112,2,1003.8,203,4,1003.9,1053,6,1004.0,6209,16
317,2025-11-26 11:33:14+05:30,1003.6,1,997.61,4988706,424760.0,465224.0,986.2,1004.9,981.3,986.2,120699750,1084.8,887.6,1102.5,649.1,1003.3,17,1,1003.2,860,11,1003.1,584,6,1003.0,362,6,1002.9,1074,13,1003.6,37,2,1003.7,112,2,1003.8,203,4,1003.9,1053,6,1004.0,6209,16
317,2025-11-26 11:33:15+05:30,1003.6,1,997.61,4988782,426785.0,465262.0,986.2,1004.9,981.3,986.2,120699750,1084.8,887.6,1102.5,649.1,1003.4,129,2,1003.3,43,2,1003.2,1053,11,1003.1,681,7,1003.0,697,7,1003.6,39,2,1003.7,5,1,1003.8,315,5,1003.9,1075,6,1004.0,6371,17
317,2025-11-26 11:33:16+05:30,1003.6,1,997.61,4988782,426616.0,465446.0,986.2,1004.9,981.3,986.2,120699750,1084.8,887.6,1102.5,649.1,1003.4,129,2,1003.3,43,2,1003.2,1053,11,1003.1,681,7,1003.0,697,7,1003.6,39,2,1003.7,5,1,1003.8,311,3,1003.9,1083,9,1004.0,6420,18
317,2025-11-26 11:33:16+05:30,1003.4,2,997.61,4988782,426616.0,465446.0,986.2,1004.9,981.3,986.2,120699750,1084.8,887.6,1102.5,649.1,1003.4,129,2,1003.3,43,2,1003.2,1053,11,1003.1,681,7,1003.0,697,7,1003.6,39,2,1003.7,5,1,1003.8,311,3,1003.9,1083,9,1004.0,6420,18
317,2025-11-26 11:33:17+05:30,1003.4,2,997.61,4988784,426877.0,465612.0,986.2,1004.9,981.3,986.2,120699750,1084.8,887.6,1102.5,649.1,1003.4,110,1,1003.3,143,4,1003.2,1233,13,1003.1,681,7,1003.0,697,7,1003.6,39,2,1003.7,5,1,1003.8,311,3,1003.9,1083,9,1004.0,6420,18
317,2025-11-26 11:33:18+05:30,1003.4,2,997.61,4988784,426868.0,465899.0,986.2,1004.9,981.3,986.2,120699750,1084.8,887.6,1102.5,649.1,1003.4,127,2,1003.3,47,2,1003.2,1150,11,1003.1,780,7,1003.0,680,6,1003.5,74,1,1003.6,39,2,1003.7,5,1,1003.8,311,3,1003.9,1173,11
317,2025-11-26 11:33:19+05:30,1003.5,187,997.61,4988986,426853.0,465834.0,986.2,1004.9,981.3,986.2,120699750,1084.8,887.6,1102.5,649.1,1003.4,112,2,1003.3,47,2,1003.2,1150,11,1003.1,851,9,1003.0,680,6,1003.5,39,1,1003.6,39,2,1003.7,5,1,1003.8,311,3,1003.9,1173,11
317,2025-11-26 11:33:19+05:30,1003.5,187,997.61,4988986,426853.0,465834.0,986.2,1004.9,981.3,986.2,120699750,1084.8,887.6,1102.5,649.1,1003.4,112,2,1003.3,47,2,1003.2,1150,11,1003.1,851,9,1003.0,680,6,1003.5,39,1,1003.6,39,2,1003.7,5,1,1003.8,311,3,1003.9,1173,11
317,2025-11-26 11:33:20+05:30,1003.4,96,997.61,4989354,424854.0,465916.0,986.2,1004.9,981.3,986.2,120699750,1084.8,887.6,1102.5,649.1,1003.2,123,5,1003.1,529,5,1003.0,436,7,1002.9,859,11,1002.8,1617,22,1003.4,96,1,1003.5,39,1,1003.6,39,2,1003.7,167,2,1003.8,921,5
317,2025-11-26 11:33:20+05:30,1003.4,96,997.61,4989354,424854.0,465916.0,986.2,1004.9,981.3,986.2,120699750,1084.8,887.6,1102.5,649.1,1003.2,123,5,1003.1,529,5,1003.0,436,7,1002.9,859,11,1002.8,1617,22,1003.4,96,1,1003.5,39,1,1003.6,39,2,1003.7,167,2,1003.8,921,5
317,2025-11-26 11:33:21+05:30,1003.6,34,997.61,4990200,426448.0,464730.0,986.2,1004.9,981.3,986.2,120699750,1084.8,887.6,1102.5,649.1,1003.3,82,1,1003.2,946,10,1003.1,538,6,1003.0,737,8,1002.9,1098,13,1003.6,27,2,1003.7,5,1,1003.8,111,1,1003.9,782,7,1004.0,6320,17
317,2025-11-26 11:33:21+05:30,1003.6,34,997.61,4990200,426448.0,464730.0,986.2,1004.9,981.3,986.2,120699750,1084.8,887.6,1102.5,649.1,1003.3,82,1,1003.2,946,10,1003.1,538,6,1003.0,737,8,1002.9,1098,13,1003.6,27,2,1003.7,5,1,1003.8,111,1,1003.9,782,7,1004.0,6320,17
317,2025-11-26 11:33:22+05:30,1003.6,34,997.61,4990200,426436.0,465738.0,986.2,1004.9,981.3,986.2,120699750,1084.8,887.6,1102.5,649.1,1003.3,82,1,1003.2,946,10,1003.1,497,5,1003.0,737,8,1002.9,1098,13,1003.6,27,2,1003.7,183,3,1003.8,623,7,1003.9,1032,8,1004.0,6409,19
317,2025-11-26 11:33:23+05:30,1003.7,70,997.61,4990303,425930.0,466690.0,986.2,1004.9,981.3,986.2,120699750,1084.8,887.6,1102.5,649.1,1003.3,83,2,1003.2,946,10,1003.1,650,7,1003.0,870,8,1002.9,896,12,1003.8,532,5,1003.9,1222,9,1004.0,6532,19,1004.1,878,15,1004.2,1293,11
317,2025-11-26 11:33:23+05:30,1003.2,12,997.61,4990303,425930.0,466690.0,986.2,1004.9,981.3,986.2,120699750,1084.8,887.6,1102.5,649.1,1003.3,83,2,1003.2,946,10,1003.1,650,7,1003.0,870,8,1002.9,896,12,1003.8,532,5,1003.9,1222,9,1004.0,6532,19,1004.1,878,15,1004.2,1293,11
317,2025-11-26 11:33:24+05:30,1003.7,8,997.61,4990587,426482.0,466508.0,986.2,1004.9,981.3,986.2,120699750,1084.8,887.6,1102.5,649.1,1003.3,381,3,1003.2,949,9,1003.1,508,5,1003.0,826,8,1002.9,945,13,1003.7,1,1,1003.8,370,4,1003.9,1302,9,1004.0,6533,19,1004.1,878,15
317,2025-11-26 11:33:24+05:30,1003.7,8,997.61,4990587,426482.0,466508.0,986.2,1004.9,981.3,986.2,120699750,1084.8,887.6,1102.5,649.1,1003.3,381,3,1003.2,949,9,1003.1,508,5,1003.0,826,8,1002.9,945,13,1003.7,1,1,1003.8,370,4,1003.9,1302,9,1004.0,6533,19,1004.1,878,15
317,2025-11-26 11:33:25+05:30,1003.7,8,997.61,4990587,426511.0,466710.0,986.2,1004.9,981.3,986.2,120699750,1084.8,887.6,1102.5,649.1,1003.3,381,3,1003.2,949,9,1003.1,508,5,1003.0,826,8,1002.9,945,13,1003.7,1,1,1003.8,1060,7,1003.9,858,9,1004.0,6533,19,1004.1,883,16
317,2025-11-26 11:33:26+05:30,1003.7,8,997.61,4990587,425572.0,465452.0,986.2,1004.9,981.3,986.2,120699750,1084.8,887.6,1102.5,649.1,1003.2,307,5,1003.1,875,4,1003.0,457,6,1002.9,872,12,1002.8,1431,20,1003.5,132,1,1003.7,131,2,1003.8,622,6,1003.9,859,10,1004.0,6533,19
317,2025-11-26 11:33:27+05:30,1003.7,8,997.61,4990587,425635.0,465302.0,986.2,1004.9,981.3,986.2,120699750,1084.8,887.6,1102.5,649.1,1003.2,307,5,1003.1,904,5,1003.0,457,6,1002.9,872,12,1002.8,1465,21,1003.5,132,1,1003.7,131,2,1003.8,622,6,1003.9,1204,11,1004.0,6533,19
317,2025-11-26 11:33:28+05:30,1003.7,8,997.61,4990587,425686.0,465381.0,986.2,1004.9,981.3,986.2,120699750,1084.8,887.6,1102.5,649.1,1003.2,307,5,1003.1,953,6,1003.0,457,6,1002.9,872,12,1002.8,1465,21,1003.5,132,1,1003.7,131,2,1003.8,622,6,1003.9,1150,11,1004.0,6533,19
317,2025-11-26 11:33:29+05:30,1003.5,132,997.61,4990719,426377.0,467000.0,986.2,1004.9,981.3,986.2,120699750,1084.8,887.6,1102.5,649.1,1003.5,19,1,1003.2,398,7,1003.1,1071,7,1003.0,457,6,1002.9,872,12,1003.7,344,5,1003.8,497,5,1003.9,1193,12,1004.0,6533,19,1004.1,883,16
317,2025-11-26 11:33:29+05:30,1003.5,132,997.61,4990719,426377.0,467000.0,986.2,1004.9,981.3,986.2,120699750,1084.8,887.6,1102.5,649.1,1003.5,19,1,1003.2,398,7,1003.1,1071,7,1003.0,457,6,1002.9,872,12,1003.7,344,5,1003.8,497,5,1003.9,1193,12,1004.0,6533,19,1004.1,883,16
317,2025-11-26 11:33:30+05:30,1003.5,132,997.61,4990719,426061.0,466261.0,986.2,1004.9,981.3,986.2,120699750,1084.8,887.6,1102.5,649.1,1003.5,32,2,1003.3,506,1,1003.2,349,6,1003.1,498,5,1003.0,457,6,1003.6,96,1,1003.7,226,3,1003.8,532,6,1003.9,656,11,1004.0,6533,19
317,2025-11-26 11:33:31+05:30,1003.6,45,997.61,4990772,426042.0,466260.0,986.2,1004.9,981.3,986.2,120699750,1084.8,887.6,1102.5,649.1,1003.5,13,1,1003.3,506,1,1003.2,349,6,1003.1,498,5,1003.0,457,6,1003.6,51,1,1003.7,226,3,1003.8,532,6,1003.9,1182,12,1004.0,6533,19
317,2025-11-26 11:33:31+05:30,1003.6,2,997.61,4990772,426042.0,466260.0,986.2,1004.9,981.3,986.2,120699750,1084.8,887.6,1102.5,649.1,1003.5,13,1,1003.3,506,1,1003.2,349,6,1003.1,498,5,1003.0,457,6,1003.6,51,1,1003.7,226,3,1003.8,532,6,1003.9,1182,12,1004.0,6533,19
317,2025-11-26 11:33:32+05:30,1003.6,2,997.61,4990774,426147.0,466376.0,986.2,1004.9,981.3,986.2,120699750,1084.8,887.6,1102.5,649.1,1003.5,13,1,1003.2,935,7,1003.1,498,5,1003.0,457,6,1002.9,872,12,1003.6,49,1,1003.7,226,3,1003.8,581,7,1003.9,1150,12,1004.0,6683,20
317,2025-11-26 11:33:33+05:30,1003.6,2,997.61,4990774,426604.0,466478.0,986.2,1004.9,981.3,986.2,120699750,1084.8,887.6,1102.5,649.1,1003.5,13,1,1003.3,572,1,1003.2,307,5,1003.1,547,6,1003.0,533,9,1003.6,85,3,1003.7,271,5,1003.8,497,5,1003.9,656,11,1004.0,6673,19
317,2025-11-26 11:33:34+05:30,1003.6,80,997.61,4991071,426847.0,466619.0,986.2,1004.9,981.3,986.2,120699750,1084.8,887.6,1102.5,649.1,1003.5,13,1,1003.2,787,6,1003.1,547,6,1003.0,868,10,1002.9,919,11,1003.6,52,3,1003.7,278,5,1003.8,496,5,1003.9,656,11,1004.0,6867,21
317,2025-11-26 11:33:34+05:30,1003.6,80,997.61,4991071,426847.0,466619.0,986.2,1004.9,981.3,986.2,120699750,1084.8,887.6,1102.5,649.1,1003.5,13,1,1003.2,787,6,1003.1,547,6,1003.0,868,10,1002.9,919,11,1003.6,52,3,1003.7,278,5,1003.8,496,5,1003.9,656,11,1004.0,6867,21
317,2025-11-26 11:33:35+05:30,1003.6,1,997.61,4991072,426843.0,466707.0,986.2,1004.9,981.3,986.2,120699750,1084.8,887.6,1102.5,649.1,1003.5,13,1,1003.2,755,5,1003.1,547,6,1003.0,868,10,1002.9,947,12,1003.6,151,4,1003.7,278,5,1003.8,530,6,1003.9,1186,11,1004.0,6838,21
317,2025-11-26 11:33:35+05:30,1003.5,20,997.61,4991072,426843.0,466707.0,986.2,1004.9,981.3,986.2,120699750,1084.8,887.6,1102.5,649.1,1003.5,13,1,1003.2,755,5,1003.1,547,6,1003.0,868,10,1002.9,947,12,1003.6,151,4,1003.7,278,5,1003.8,530,6,1003.9,1186,11,1004.0,6838,21
317,2025-11-26 11:33:36+05:30,1003.5,20,997.61,4991105,425534.0,466912.0,986.2,1004.9,981.3,986.2,120699750,1084.8,887.6,1102.5,649.1,1003.2,275,4,1003.1,440,5,1003.0,533,9,1002.9,919,11,1002.8,1464,21,1003.5,96,1,1003.6,136,3,1003.7,53,3,1003.8,621,6,1003.9,1366,16
317,2025-11-26 11:33:37+05:30,1003.2,1,997.61,4991106,425476.0,466143.0,986.2,1004.9,981.3,986.2,120699750,1084.8,887.6,1102.5,649.1,1003.2,46,1,1003.1,351,3,1003.0,512,8,1002.9,935,16,1002.8,1567,18,1003.5,96,1,1003.6,223,5,1003.7,235,5,1003.8,656,9,1003.9,1280,14
317,2025-11-26 11:33:37+05:30,1003.2,1,997.61,4991106,425476.0,466143.0,986.2,1004.9,981.3,986.2,120699750,1084.8,887.6,1102.5,649.1,1003.2,46,1,1003.1,351,3,1003.0,512,8,1002.9,935,16,1002.8,1567,18,1003.5,96,1,1003.6,223,5,1003.7,235,5,1003.8,656,9,1003.9,1280,14
317,2025-11-26 11:33:38+05:30,1003.5,4,997.61,4991110,425476.0,466159.0,986.2,1004.9,981.3,986.2,120699750,1084.8,887.6,1102.5,649.1,1003.2,46,1,1003.1,351,3,1003.0,512,8,1002.9,935,16,1002.8,1567,18,1003.5,92,1,1003.6,223,5,1003.7,235,5,1003.8,626,7,1003.9,1280,14
317,2025-11-26 11:33:38+05:30,1003.5,4,997.61,4991110,425476.0,466159.0,986.2,1004.9,981.3,986.2,120699750,1084.8,887.6,1102.5,649.1,1003.2,46,1,1003.1,351,3,1003.0,512,8,1002.9,935,16,1002.8,1567,18,1003.5,92,1,1003.6,223,5,1003.7,235,5,1003.8,626,7,1003.9,1280,14
317,2025-11-26 11:33:39+05:30,1003.5,90,997.61,4991385,426167.0,466336.0,986.2,1004.9,981.3,986.2,120699750,1084.8,887.6,1102.5,649.1,1003.2,451,4,1003.1,497,7,1003.0,714,9,1002.9,1137,17,1002.8,1663,19,1003.5,6,1,1003.6,218,4,1003.7,53,3,1003.8,572,5,1003.9,1247,12
317,2025-11-26 11:33:39+05:30,1003.5,90,997.61,4991385,426167.0,466336.0,986.2,1004.9,981.3,986.2,120699750,1084.8,887.6,1102.5,649.1,1003.2,451,4,1003.1,497,7,1003.0,714,9,1002.9,1137,17,1002.8,1663,19,1003.5,6,1,1003.6,218,4,1003.7,53,3,1003.8,572,5,1003.9,1247,12
317,2025-11-26 11:33:40+05:30,1003.3,87,997.61,4992595,424702.0,467148.0,986.2,1004.9,981.3,986.2,120699750,1084.8,887.6,1102.5,649.1,1003.1,420,4,1003.0,400,7,1002.9,922,15,1002.8,1115,15,1002.7,962,11,1003.3,9,1,1003.5,41,1,1003.6,386,5,1003.7,925,7,1003.8,732,10
317,2025-11-26 11:33:40+05:30,1003.3,87,997.61,4992595,424702.0,467148.0,986.2,1004.9,981.3,986.2,120699750,1084.8,887.6,1102.5,649.1,1003.1,420,4,1003.0,400,7,1002.9,922,15,1002.8,1115,15,1002.7,962,11,1003.3,9,1,1003.5,41,1,1003.6,386,5,1003.7,925,7,1003.8,732,10
317,2025-11-26 11:33:41+05:30,1003.3,87,997.61,4992595,424840.0,467016.0,986.2,1004.9,981.3,986.2,120699750,1084.8,887.6,1102.5,649.1,1003.2,115,2,1003.1,420,4,1003.0,400,7,1002.9,945,16,1002.8,1115,15,1003.3,9,1,1003.5,41,1,1003.6,386,5,1003.7,925,7,1003.8,727,9
317,2025-11-26 11:33:42+05:30,1003.5,183,997.62,4992896,425715.0,466533.0,986.2,1004.9,981.3,986.2,120699750,1084.8,887.6,1102.5,649.1,1003.2,322,5,1003.1,655,7,1003.0,809,8,1002.9,962,16,1002.8,1370,17,1003.5,4,1,1003.6,219,5,1003.7,297,5,1003.8,1151,8,1003.9,740,9
317,2025-11-26 11:33:42+05:30,1003.5,183,997.62,4992896,425715.0,466533.0,986.2,1004.9,981.3,986.2,120699750,1084.8,887.6,1102.5,649.1,1003.2,322,5,1003.1,655,7,1003.0,809,8,1002.9,962,16,1002.8,1370,17,1003.5,4,1,1003.6,219,5,1003.7,297,5,1003.8,1151,8,1003.9,740,9
317,2025-11-26 11:33:43+05:30,1003.5,183,997.62,4992896,426076.0,466420.0,986.2,1004.9,981.3,986.2,120699750,1084.8,887.6,1102.5,649.1,1003.3,82,1,1003.2,240,4,1003.1,681,8,1003.0,809,8,1002.9,962,16,1003.5,4,1,1003.6,219,5,1003.7,297,5,1003.8,1151,8,1003.9,740,9
317,2025-11-26 11:33:43+05:30,1003.5,4,997.62,4992896,426076.0,466420.0,986.2,1004.9,981.3,986.2,120699750,1084.8,887.6,1102.5,649.1,1003.3,82,1,1003.2,240,4,1003.1,681,8,1003.0,809,8,1002.9,962,16,1003.5,4,1,1003.6,219,5,1003.7,297,5,1003.8,1151,8,1003.9,740,9
317,2025-11-26 11:33:44+05:30,1003.6,3,997.62,4992896,426076.0,466420.0,986.2,1004.9,981.3,986.2,120699750,1084.8,887.6,1102.5,649.1,1003.3,82,1,1003.2,240,4,1003.1,681,8,1003.0,809,8,1002.9,962,16,1003.5,4,1,1003.6,219,5,1003.7,297,5,1003.8,1151,8,1003.9,740,9
317,2025-11-26 11:33:44+05:30,1003.6,3,997.62,4993103,426777.0,466348.0,986.2,1004.9,981.3,986.2,120699750,1084.8,887.6,1102.5,649.1,1003.3,87,2,1003.2,400,6,1003.1,716,7,1003.0,1095,9,1002.9,1071,17,1003.6,220,5,1003.7,215,4,1003.8,621,8,1003.9,698,8,1004.0,7555,22
317,2025-11-26 11:33:45+05:30,1003.6,3,997.62,4993103,426502.0,466353.0,986.2,1004.9,981.3,986.2,120699750,1084.8,887.6,1102.5,649.1,1003.3,87,2,1003.2,400,6,1003.1,747,8,1003.0,1095,9,1002.9,1071,17,1003.5,100,1,1003.6,120,4,1003.7,215,4,1003.8,621,8,1003.9,1285,9
317,2025-11-26 11:33:46+05:30,1003.6,3,997.62,4993103,426577.0,466356.0,986.2,1004.9,981.3,986.2,120699750,1084.8,887.6,1102.5,649.1,1003.4,82,1,1003.3,5,1,1003.2,400,6,1003.1,716,7,1003.0,1095,9,1003.5,100,1,1003.6,120,4,1003.7,215,4,1003.8,651,9,1003.9,1285,9
317,2025-11-26 11:33:47+05:30,1003.5,30,997.62,4993103,426577.0,466356.0,986.2,1004.9,981.3,986.2,120699750,1084.8,887.6,1102.5,649.1,1003.4,82,1,1003.3,5,1,1003.2,400,6,1003.1,716,7,1003.0,1095,9,1003.5,100,1,1003.6,120,4,1003.7,215,4,1003.8,651,9,1003.9,1285,9
317,2025-11-26 11:33:48+05:30,1003.5,2,997.62,4993103,426577.0,466356.0,986.2,1004.9,981.3,986.2,120699750,1084.8,887.6,1102.5,649.1,1003.4,82,1,1003.3,5,1,1003.2,400,6,1003.1,716,7,1003.0,1095,9,1003.5,100,1,1003.6,120,4,1003.7,215,4,1003.8,651,9,1003.9,1285,9
317,2025-11-26 11:33:48+05:30,1003.5,2,997.62,4993158,426608.0,466187.0,986.2,1004.9,981.3,986.2,120699750,1084.8,887.6,1102.5,649.1,1003.4,73,3,1003.3,5,1,1003.2,440,7,1003.1,716,7,1003.0,1095,9,1003.5,68,1,1003.6,120,4,1003.7,215,4,1003.8,483,6,1003.9,1316,10
317,2025-11-26 11:33:49+05:30,1003.6,3,997.62,4993158,426608.0,466187.0,986.2,1004.9,981.3,986.2,120699750,1084.8,887.6,1102.5,649.1,1003.4,73,3,1003.3,5,1,1003.2,440,7,1003.1,716,7,1003.0,1095,9,1003.5,68,1,1003.6,120,4,1003.7,215,4,1003.8,483,6,1003.9,1316,10
317,2025-11-26 11:33:49+05:30,1003.6,3,997.62,4993231,427131.0,465919.0,986.2,1004.9,981.3,986.2,120699750,1084.8,887.6,1102.5,649.1,1003.5,19,1,1003.4,74,4,1003.3,5,1,1003.2,440,7,1003.1,765,8,1003.6,120,4,1003.7,297,5,1003.8,483,6,1003.9,1339,11,1004.0,7550,21
317,2025-11-26 11:33:50+05:30,1003.5,118,997.62,4993231,427131.0,465919.0,986.2,1004.9,981.3,986.2,120699750,1084.8,887.6,1102.5,649.1,1003.5,19,1,1003.4,74,4,1003.3,5,1,1003.2,440,7,1003.1,765,8,1003.6,120,4,1003.7,297,5,1003.8,483,6,1003.9,1339,11,1004.0,7550,21
317,2025-11-26 11:33:50+05:30,1003.5,118,997.62,4993349,427185.0,466423.0,986.2,1004.9,981.3,986.2,120699750,1084.8,887.6,1102.5,649.1,1003.4,74,4,1003.3,5,1,1003.2,328,6,1003.1,765,8,1003.0,1095,9,1003.5,96,1,1003.6,132,5,1003.7,256,4,1003.8,506,7,1003.9,1316,10
317,2025-11-26 11:33:51+05:30,1003.5,50,997.62,4993349,427185.0,466423.0,986.2,1004.9,981.3,986.2,120699750,1084.8,887.6,1102.5,649.1,1003.4,74,4,1003.3,5,1,1003.2,328,6,1003.1,765,8,1003.0,1095,9,1003.5,96,1,1003.6,132,5,1003.7,256,4,1003.8,506,7,1003.9,1316,10
317,2025-11-26 11:33:51+05:30,1003.5,50,997.62,4993400,427140.0,466367.0,986.2,1004.9,981.3,986.2,120699750,1084.8,887.6,1102.5,649.1,1003.4,73,3,1003.3,5,1,1003.2,288,5,1003.1,765,8,1003.0,1095,9,1003.5,45,1,1003.6,132,5,1003.7,256,4,1003.8,506,7,1003.9,1316,10
317,2025-11-26 11:33:52+05:30,1003.5,1,997.62,4993400,427140.0,466367.0,986.2,1004.9,981.3,986.2,120699750,1084.8,887.6,1102.5,649.1,1003.4,73,3,1003.3,5,1,1003.2,288,5,1003.1,765,8,1003.0,1095,9,1003.5,45,1,1003.6,132,5,1003.7,256,4,1003.8,506,7,1003.9,1316,10
317,2025-11-26 11:33:52+05:30,1003.5,1,997.62,4993401,426380.0,466366.0,986.2,1004.9,981.3,986.2,120699750,1084.8,887.6,1102.5,649.1,1003.4,72,2,1003.3,5,1,1003.2,288,5,1003.1,765,8,1003.0,1095,9,1003.5,44,1,1003.6,132,5,1003.7,256,4,1003.8,506,7,1003.9,1316,10
317,2025-11-26 11:33:53+05:30,1003.4,1,997.62,4993402,426358.0,466420.0,986.2,1004.9,981.3,986.2,120699750,1084.8,887.6,1102.5,649.1,1003.4,71,2,1003.3,5,1,1003.2,288,5,1003.1,765,8,1003.0,1095,9,1003.5,44,1,1003.6,132,5,1003.7,305,5,1003.8,506,7,1003.9,1316,10
317,2025-11-26 11:33:53+05:30,1003.4,1,997.62,4993402,426358.0,466420.0,986.2,1004.9,981.3,986.2,120699750,1084.8,887.6,1102.5,649.1,1003.4,71,2,1003.3,5,1,1003.2,288,5,1003.1,765,8,1003.0,1095,9,1003.5,44,1,1003.6,132,5,1003.7,305,5,1003.8,506,7,1003.9,1316,10
317,2025-11-26 11:33:54+05:30,1003.5,112,997.62,4993698,425905.0,466420.0,986.2,1004.9,981.3,986.2,120699750,1084.8,887.6,1102.5,649.1,1003.4,71,2,1003.3,5,1,1003.2,450,6,1003.1,765,8,1003.0,893,8,1003.5,96,1,1003.6,132,5,1003.7,164,4,1003.8,1041,8,1003.9,729,9
317,2025-11-26 11:33:54+05:30,1003.5,112,997.62,4993698,425905.0,466420.0,986.2,1004.9,981.3,986.2,120699750,1084.8,887.6,1102.5,649.1,1003.4,71,2,1003.3,5,1,1003.2,450,6,1003.1,765,8,1003.0,893,8,1003.5,96,1,1003.6,132,5,1003.7,164,4,1003.8,1041,8,1003.9,729,9
317,2025-11-26 11:33:55+05:30,1003.4,13,997.62,4993769,424453.0,466723.0,986.2,1004.9,981.3,986.2,120699750,1084.8,887.6,1102.5,649.1,1003.3,5,1,1003.2,246,4,1003.1,432,5,1003.0,372,5,1002.9,951,17,1003.4,25,1,1003.6,132,5,1003.7,413,7,1003.8,1186,10,1003.9,760,12
317,2025-11-26 11:33:55+05:30,1003.4,133,997.62,4993769,424453.0,466723.0,986.2,1004.9,981.3,986.2,120699750,1084.8,887.6,1102.5,649.1,1003.3,5,1,1003.2,246,4,1003.1,432,5,1003.0,372,5,1002.9,951,17,1003.4,25,1,1003.6,132,5,1003.7,413,7,1003.8,1186,10,1003.9,760,12
317,2025-11-26 11:33:56+05:30,1003.3,6,997.62,4993908,424944.0,466781.0,986.2,1004.9,981.3,986.2,120699750,1084.8,887.6,1102.5,649.1,1003.3,5,1,1003.2,192,3,1003.1,432,5,1003.0,870,6,1002.9,951,17,1003.4,96,1,1003.6,252,6,1003.7,953,9,1003.8,729,16,1003.9,1448,9
317,2025-11-26 11:33:56+05:30,1003.3,6,997.62,4993908,424944.0,466781.0,986.2,1004.9,981.3,986.2,120699750,1084.8,887.6,1102.5,649.1,1003.3,5,1,1003.2,192,3,1003.1,432,5,1003.0,870,6,1002.9,951,17,1003.4,96,1,1003.6,252,6,1003.7,953,9,1003.8,729,16,1003.9,1448,9
317,2025-11-26 11:33:57+05:30,1003.3,6,997.62,4993908,424886.0,466801.0,986.2,1004.9,981.3,986.2,120699750,1084.8,887.6,1102.5,649.1,1003.2,192,3,1003.1,281,3,1003.0,875,7,1002.9,938,16,1002.8,1538,17,1003.4,96,1,1003.5,52,2,1003.6,256,7,1003.7,930,7,1003.8,716,15
317,2025-11-26 11:33:58+05:30,1003.3,6,997.62,4993908,424943.0,466827.0,986.2,1004.9,981.3,986.2,120699750,1084.8,887.6,1102.5,649.1,1003.2,192,3,1003.1,281,3,1003.0,875,7,1002.9,938,16,1002.8,1569,18,1003.4,96,1,1003.5,52,2,1003.6,256,7,1003.7,930,7,1003.8,716,15
317,2025-11-26 11:33:59+05:30,1003.4,15,997.62,4993908,424943.0,466827.0,986.2,1004.9,981.3,986.2,120699750,1084.8,887.6,1102.5,649.1,1003.2,192,3,1003.1,281,3,1003.0,875,7,1002.9,938,16,1002.8,1569,18,1003.4,96,1,1003.5,52,2,1003.6,256,7,1003.7,930,7,1003.8,716,15
317,2025-11-26 11:33:59+05:30,1003.4,15,997.62,4994108,424987.0,466891.0,986.2,1004.9,981.3,986.2,120699750,1084.8,887.6,1102.5,649.1,1003.2,192,3,1003.1,825,4,1003.0,452,8,1002.9,938,16,1002.8,1524,17,1003.4,81,1,1003.5,52,2,1003.6,108,5,1003.7,414,7,1003.8,1295,14
317,2025-11-26 11:34:00+05:30,1003.1,1,997.62,4994108,424987.0,466891.0,986.2,1004.9,981.3,986.2,120699750,1084.8,887.6,1102.5,649.1,1003.2,192,3,1003.1,825,4,1003.0,452,8,1002.9,938,16,1002.8,1524,17,1003.4,81,1,1003.5,52,2,1003.6,108,5,1003.7,414,7,1003.8,1295,14
317,2025-11-26 11:34:00+05:30,1003.1,1,997.62,4994109,423159.0,468558.0,986.2,1004.9,981.3,986.2,120699750,1084.8,887.6,1102.5,649.1,1003.1,131,2,1003.0,146,3,1002.9,592,10,1002.8,1053,16,1002.7,870,11,1003.2,83,1,1003.3,96,1,1003.5,280,4,1003.6,1003,12,1003.7,1376,12
317,2025-11-26 11:34:01+05:30,1003.1,8,997.62,4994109,423159.0,468558.0,986.2,1004.9,981.3,986.2,120699750,1084.8,887.6,1102.5,649.1,1003.1,131,2,1003.0,146,3,1002.9,592,10,1002.8,1053,16,1002.7,870,11,1003.2,83,1,1003.3,96,1,1003.5,280,4,1003.6,1003,12,1003.7,1376,12
317,2025-11-26 11:34:01+05:30,1003.1,8,997.62,4994117,426514.0,468600.0,986.2,1004.9,981.3,986.2,120699750,1084.8,887.6,1102.5,649.1,1003.1,123,2,1003.0,146,3,1002.9,1108,11,1002.8,1043,15,1002.7,870,11,1003.2,83,1,1003.3,150,2,1003.5,233,3,1003.6,1062,14,1003.7,1366,11
317,2025-11-26 11:34:02+05:30,1003.1,8,997.62,4994117,426514.0,468573.0,986.2,1004.9,981.3,986.2,120699750,1084.8,887.6,1102.5,649.1,1003.1,123,2,1003.0,146,3,1002.9,1108,11,1002.8,1043,15,1002.7,870,11,1003.2,83,1,1003.3,150,2,1003.5,233,3,1003.6,1064,15,1003.7,1366,11
317,2025-11-26 11:34:03+05:30,1003.1,77,997.62,4994117,426514.0,468573.0,986.2,1004.9,981.3,986.2,120699750,1084.8,887.6,1102.5,649.1,1003.1,123,2,1003.0,146,3,1002.9,1108,11,1002.8,1043,15,1002.7,870,11,1003.2,83,1,1003.3,150,2,1003.5,233,3,1003.6,1064,15,1003.7,1366,11
317,2025-11-26 11:34:03+05:30,1003.1,77,997.62,4994235,425577.0,469131.0,986.2,1004.9,981.3,986.2,120699750,1084.8,887.6,1102.5,649.1,1003.1,5,1,1003.0,55,2,1002.9,889,8,1002.8,940,12,1002.7,818,11,1003.2,83,1,1003.3,150,2,1003.4,348,4,1003.5,512,8,1003.6,1064,15
317,2025-11-26 11:34:04+05:30,1003.2,83,997.62,4994235,425577.0,469131.0,986.2,1004.9,981.3,986.2,120699750,1084.8,887.6,1102.5,649.1,1003.1,5,1,1003.0,55,2,1002.9,889,8,1002.8,940,12,1002.7,818,11,1003.2,83,1,1003.3,150,2,1003.4,348,4,1003.5,512,8,1003.6,1064,15
317,2025-11-26 11:34:04+05:30,1003.2,83,997.62,4994318,425513.0,469016.0,986.2,1004.9,981.3,986.2,120699750,1084.8,887.6,1102.5,649.1,1003.2,19,1,1003.1,5,1,1003.0,55,2,1002.9,889,8,1002.8,991,14,1003.3,150,2,1003.4,253,3,1003.5,370,4,1003.6,748,16,1003.7,1364,10
317,2025-11-26 11:34:05+05:30,1003.2,102,997.62,4994318,425513.0,469016.0,986.2,1004.9,981.3,986.2,120699750,1084.8,887.6,1102.5,649.1,1003.2,19,1,1003.1,5,1,1003.0,55,2,1002.9,889,8,1002.8,991,14,1003.3,150,2,1003.4,253,3,1003.5,370,4,1003.6,748,16,1003.7,1364,10
317,2025-11-26 11:34:05+05:30,1003.2,102,997.62,4994420,425304.0,468773.0,986.2,1004.9,981.3,986.2,120699750,1084.8,887.6,1102.5,649.1,1003.1,5,1,1003.0,55,2,1002.9,723,7,1002.8,991,14,1002.7,795,10,1003.2,96,1,1003.3,54,1,1003.4,228,2,1003.5,483,8,1003.6,720,15
317,2025-11-26 11:34:06+05:30,1003.2,5,997.62,4994420,425304.0,468773.0,986.2,1004.9,981.3,986.2,120699750,1084.8,887.6,1102.5,649.1,1003.1,5,1,1003.0,55,2,1002.9,723,7,1002.8,991,14,1002.7,795,10,1003.2,96,1,1003.3,54,1,1003.4,228,2,1003.5,483,8,1003.6,720,15
317,2025-11-26 11:34:06+05:30,1003.2,5,997.62,4994425,425515.0,468799.0,986.2,1004.9,981.3,986.2,120699750,1084.8,887.6,1102.5,649.1,1003.1,5,1,1003.0,55,2,1002.9,723,7,1002.8,991,14,1002.7,795,10,1003.2,91,1,1003.3,54,1,1003.4,228,2,1003.5,1013,10,1003.6,708,14
317,2025-11-26 11:34:07+05:30,1003.2,5,997.62,4994425,425515.0,468717.0,986.2,1004.9,981.3,986.2,120699750,1084.8,887.6,1102.5,649.1,1003.1,5,1,1003.0,55,2,1002.9,723,7,1002.8,1015,15,1002.7,795,10,1003.2,91,1,1003.3,54,1,1003.4,228,2,1003.5,1013,10,1003.6,650,14
317,2025-11-26 11:34:08+05:30,1002.9,25,997.62,4994425,425515.0,468717.0,986.2,1004.9,981.3,986.2,120699750,1084.8,887.6,1102.5,649.1,1003.1,5,1,1003.0,55,2,1002.9,723,7,1002.8,1015,15,1002.7,795,10,1003.2,91,1,1003.3,54,1,1003.4,228,2,1003.5,1013,10,1003.6,650,14
317,2025-11-26 11:34:08+05:30,1002.9,25,997.62,4994543,425024.0,469352.0,986.2,1004.9,981.3,986.2,120699750,1084.8,887.6,1102.5,649.1,1003.1,3,1,1002.9,624,6,1002.8,725,12,1002.7,756,9,1002.6,1350,12,1003.2,91,1,1003.3,54,1,1003.4,290,4,1003.5,459,9,1003.6,1120,12
317,2025-11-26 11:34:09+05:30,1003.2,185,997.62,4994543,425024.0,469352.0,986.2,1004.9,981.3,986.2,120699750,1084.8,887.6,1102.5,649.1,1003.1,3,1,1002.9,624,6,1002.8,725,12,1002.7,756,9,1002.6,1350,12,1003.2,91,1,1003.3,54,1,1003.4,290,4,1003.5,459,9,1003.6,1120,12
317,2025-11-26 11:34:09+05:30,1003.2,185,997.62,4994728,425054.0,469264.0,986.2,1004.9,981.3,986.2,120699750,1084.8,887.6,1102.5,649.1,1003.1,3,1,1002.9,624,6,1002.8,725,12,1002.7,756,9,1002.6,1380,13,1003.2,96,1,1003.3,54,1,1003.4,265,3,1003.5,459,9,1003.6,1194,14
317,2025-11-26 11:34:10+05:30,1003.1,2,997.62,4994728,425054.0,469264.0,986.2,1004.9,981.3,986.2,120699750,1084.8,887.6,1102.5,649.1,1003.1,3,1,1002.9,624,6,1002.8,725,12,1002.7,756,9,1002.6,1380,13,1003.2,96,1,1003.3,54,1,1003.4,265,3,1003.5,459,9,1003.6,1194,14
317,2025-11-26 11:34:10+05:30,1003.1,2,997.62,4996251,423608.0,468970.0,986.2,1004.9,981.3,986.2,120699750,1084.8,887.6,1102.5,649.1,1002.8,366,8,1002.7,1111,10,1002.6,836,14,1002.5,2467,14,1002.4,1954,16,1003.1,49,1,1003.3,159,3,1003.4,607,5,1003.5,546,10,1003.6,1232,12
317,2025-11-26 11:34:11+05:30,1003.3,11,997.62,4996251,423608.0,468970.0,986.2,1004.9,981.3,986.2,120699750,1084.8,887.6,1102.5,649.1,1002.8,366,8,1002.7,1111,10,1002.6,836,14,1002.5,2467,14,1002.4,1954,16,1003.1,49,1,1003.3,159,3,1003.4,607,5,1003.5,546,10,1003.6,1232,12
317,2025-11-26 11:34:11+05:30,1003.3,11,997.62,4996503,424947.0,468860.0,986.2,1004.9,981.3,986.2,120699750,1084.8,887.6,1102.5,649.1,1002.9,148,3,1002.8,734,12,1002.7,1201,8,1002.6,1557,19,1002.5,2240,16,1003.3,128,3,1003.4,158,1,1003.5,1026,11,1003.6,670,11,1003.7,1455,13
317,2025-11-26 11:34:12+05:30,1003.0,178,997.62,4996503,424947.0,468860.0,986.2,1004.9,981.3,986.2,120699750,1084.8,887.6,1102.5,649.1,1002.9,148,3,1002.8,734,12,1002.7,1201,8,1002.6,1557,19,1002.5,2240,16,1003.3,128,3,1003.4,158,1,1003.5,1026,11,1003.6,670,11,1003.7,1455,13
317,2025-11-26 11:34:12+05:30,1003.0,178,997.62,4996770,424300.0,468442.0,986.2,1004.9,981.3,986.2,120699750,1084.8,887.6,1102.5,649.1,1002.9,32,1,1002.8,631,10,1002.7,584,6,1002.6,1212,20,1002.5,2477,16,1003.0,89,1,1003.3,67,2,1003.4,207,2,1003.5,1076,11,1003.6,670,11
317,2025-11-26 11:34:13+05:30,1002.9,87,997.62,4996770,424300.0,468442.0,986.2,1004.9,981.3,986.2,120699750,1084.8,887.6,1102.5,649.1,1002.9,32,1,1002.8,631,10,1002.7,584,6,1002.6,1212,20,1002.5,2477,16,1003.0,89,1,1003.3,67,2,1003.4,207,2,1003.5,1076,11,1003.6,670,11
317,2025-11-26 11:34:13+05:30,1002.9,87,997.62,4996889,424129.0,468862.0,986.2,1004.9,981.3,986.2,120699750,1084.8,887.6,1102.5,649.1,1002.9,17,1,1002.8,348,8,1002.7,1117,7,1002.6,911,16,1002.5,2253,17,1003.0,239,2,1003.2,28,2,1003.3,431,5,1003.4,731,3,1003.5,1354,15
317,2025-11-26 11:34:14+05:30,1003.0,2,997.62,4996889,424129.0,468862.0,986.2,1004.9,981.3,986.2,120699750,1084.8,887.6,1102.5,649.1,1002.9,17,1,1002.8,348,8,1002.7,1117,7,1002.6,911,16,1002.5,2253,17,1003.0,239,2,1003.2,28,2,1003.3,431,5,1003.4,731,3,1003.5,1354,15
317,2025-11-26 11:34:14+05:30,1003.0,2,997.62,4997202,424114.0,468905.0,986.2,1004.9,981.3,986.2,120699750,1084.8,887.6,1102.5,649.1,1002.9,10,2,1002.8,340,7,1002.7,1156,8,1002.6,911,16,1002.5,2503,18,1003.0,30,1,1003.2,54,2,1003.3,454,6,1003.4,796,6,1003.5,578,12
317,2025-11-26 11:34:15+05:30,1003.0,4,997.62,4997202,424114.0,468905.0,986.2,1004.9,981.3,986.2,120699750,1084.8,887.6,1102.5,649.1,1002.9,10,2,1002.8,340,7,1002.7,1156,8,1002.6,911,16,1002.5,2503,18,1003.0,30,1,1003.2,54,2,1003.3,454,6,1003.4,796,6,1003.5,578,12
317,2025-11-26 11:34:15+05:30,1003.0,4,997.62,4997206,424115.0,468959.0,986.2,1004.9,981.3,986.2,120699750,1084.8,887.6,1102.5,649.1,1002.9,11,3,1002.8,340,7,1002.7,1156,8,1002.6,911,16,1002.5,2503,18,1003.0,26,1,1003.1,86,2,1003.2,54,2,1003.3,400,5,1003.4,796,6
317,2025-11-26 11:34:16+05:30,1004.1,400,997.65,5017679,430688.0,453474.0,986.2,1004.9,981.3,986.2,120699750,1084.8,887.6,1102.5,649.1,1003.7,15,1,1003.6,542,8,1003.5,580,7,1003.4,830,11,1003.3,721,9,1004.3,970,8,1004.4,449,7,1004.5,6249,16,1004.6,471,8,1004.7,1000,12
317,2025-11-26 11:34:16+05:30,1004.1,400,997.65,5017679,430688.0,453474.0,986.2,1004.9,981.3,986.2,120699750,1084.8,887.6,1102.5,649.1,1003.7,15,1,1003.6,542,8,1003.5,580,7,1003.4,830,11,1003.3,721,9,1004.3,970,8,1004.4,449,7,1004.5,6249,16,1004.6,471,8,1004.7,1000,12
317,2025-11-26 11:34:17+05:30,1003.7,10,997.65,5019419,429308.0,455074.0,986.2,1004.9,981.3,986.2,120699750,1084.8,887.6,1102.5,649.1,1003.6,352,7,1003.5,273,4,1003.4,666,9,1003.3,1456,12,1003.2,1872,14,1004.2,1040,9,1004.3,1249,10,1004.4,642,10,1004.5,6262,16,1004.6,471,8
317,2025-11-26 11:34:17+05:30,1003.7,10,997.65,5019419,429308.0,455074.0,986.2,1004.9,981.3,986.2,120699750,1084.8,887.6,1102.5,649.1,1003.6,352,7,1003.5,273,4,1003.4,666,9,1003.3,1456,12,1003.2,1872,14,1004.2,1040,9,1004.3,1249,10,1004.4,642,10,1004.5,6262,16,1004.6,471,8
317,2025-11-26 11:34:18+05:30,1004.2,8,997.65,5019524,429145.0,455112.0,986.2,1004.9,981.3,986.2,120699750,1084.8,887.6,1102.5,649.1,1003.6,435,10,1003.5,290,5,1003.4,666,9,1003.3,955,12,1003.2,2189,17,1004.2,1828,10,1004.3,1085,7,1004.4,521,8,1004.5,5789,17,1004.6,471,8
317,2025-11-26 11:34:18+05:30,1004.2,8,997.65,5019524,429145.0,455112.0,986.2,1004.9,981.3,986.2,120699750,1084.8,887.6,1102.5,649.1,1003.6,435,10,1003.5,290,5,1003.4,666,9,1003.3,955,12,1003.2,2189,17,1004.2,1828,10,1004.3,1085,7,1004.4,521,8,1004.5,5789,17,1004.6,471,8
317,2025-11-26 11:34:19+05:30,1004.2,142,997.65,5019524,429145.0,455112.0,986.2,1004.9,981.3,986.2,120699750,1084.8,887.6,1102.5,649.1,1003.6,435,10,1003.5,290,5,1003.4,666,9,1003.3,955,12,1003.2,2189,17,1004.2,1828,10,1004.3,1085,7,1004.4,521,8,1004.5,5789,17,1004.6,471,8
317,2025-11-26 11:34:19+05:30,1004.2,142,997.65,5019710,428966.0,454926.0,986.2,1004.9,981.3,986.2,120699750,1084.8,887.6,1102.5,649.1,1003.6,435,10,1003.5,290,5,1003.4,666,9,1003.3,955,12,1003.2,2189,17,1004.2,1642,9,1004.3,1085,7,1004.4,521,8,1004.5,5789,17,1004.6,471,8
317,2025-11-26 11:34:21+05:30,1004.2,142,997.65,5019710,429549.0,455716.0,986.2,1004.9,981.3,986.2,120699750,1084.8,887.6,1102.5,649.1,1003.7,82,1,1003.6,333,8,1003.5,366,6,1003.4,1055,8,1003.3,971,12,1003.9,96,1,1004.1,159,2,1004.2,1047,7,1004.3,1082,8,1004.4,586,9
317,2025-11-26 11:34:21+05:30,1003.6,18,997.65,5019710,429549.0,455716.0,986.2,1004.9,981.3,986.2,120699750,1084.8,887.6,1102.5,649.1,1003.7,82,1,1003.6,333,8,1003.5,366,6,1003.4,1055,8,1003.3,971,12,1003.9,96,1,1004.1,159,2,1004.2,1047,7,1004.3,1082,8,1004.4,586,9
317,2025-11-26 11:34:22+05:30,1003.6,18,997.65,5019828,429184.0,456477.0,986.2,1004.9,981.3,986.2,120699750,1084.8,887.6,1102.5,649.1,1003.6,73,4,1003.5,235,6,1003.4,461,5,1003.3,1520,13,1003.2,2002,14,1003.8,90,1,1003.9,302,2,1004.0,167,3,1004.1,978,8,1004.2,1166,8
317,2025-11-26 11:34:22+05:30,1003.8,8,997.65,5019828,429184.0,456477.0,986.2,1004.9,981.3,986.2,120699750,1084.8,887.6,1102.5,649.1,1003.6,73,4,1003.5,235,6,1003.4,461,5,1003.3,1520,13,1003.2,2002,14,1003.8,90,1,1003.9,302,2,1004.0,167,3,1004.1,978,8,1004.2,1166,8
317,2025-11-26 11:34:23+05:30,1003.8,8,997.65,5019836,429376.0,455599.0,986.2,1004.9,981.3,986.2,120699750,1084.8,887.6,1102.5,649.1,1003.6,73,4,1003.5,248,7,1003.4,484,6,1003.3,995,13,1003.2,2037,15,1003.8,82,1,1003.9,302,2,1004.0,167,3,1004.1,957,7,1004.2,519,7
317,2025-11-26 11:34:23+05:30,1003.8,8,997.65,5019836,429376.0,455599.0,986.2,1004.9,981.3,986.2,120699750,1084.8,887.6,1102.5,649.1,1003.6,73,4,1003.5,248,7,1003.4,484,6,1003.3,995,13,1003.2,2037,15,1003.8,82,1,1003.9,302,2,1004.0,167,3,1004.1,957,7,1004.2,519,7
317,2025-11-26 11:34:23+05:30,1003.6,5,997.65,5019836,429376.0,455599.0,986.2,1004.9,981.3,986.2,120699750,1084.8,887.6,1102.5,649.1,1003.6,73,4,1003.5,248,7,1003.4,484,6,1003.3,995,13,1003.2,2037,15,1003.8,82,1,1003.9,302,2,1004.0,167,3,1004.1,957,7,1004.2,519,7
317,2025-11-26 11:34:23+05:30,1003.6,5,997.65,5019836,429376.0,455599.0,986.2,1004.9,981.3,986.2,120699750,1084.8,887.6,1102.5,649.1,1003.6,73,4,1003.5,248,7,1003.4,484,6,1003.3,995,13,1003.2,2037,15,1003.8,82,1,1003.9,302,2,1004.0,167,3,1004.1,957,7,1004.2,519,7
317,2025-11-26 11:34:24+05:30,1003.6,222,997.65,5020495,424584.0,459311.0,986.2,1004.9,981.3,986.2,120699750,1084.8,887.6,1102.5,649.1,1003.3,24,1,1003.2,328,3,1003.1,928,4,1003.0,656,4,1002.9,965,12,1003.7,287,5,1003.8,1319,10,1003.9,718,9,1004.0,748,12,1004.1,652,7
317,2025-11-26 11:34:24+05:30,1003.6,222,997.65,5020495,424584.0,459311.0,986.2,1004.9,981.3,986.2,120699750,1084.8,887.6,1102.5,649.1,1003.3,24,1,1003.2,328,3,1003.1,928,4,1003.0,656,4,1002.9,965,12,1003.7,287,5,1003.8,1319,10,1003.9,718,9,1004.0,748,12,1004.1,652,7
317,2025-11-26 11:34:24+05:30,1003.7,5,997.65,5020495,424584.0,459311.0,986.2,1004.9,981.3,986.2,120699750,1084.8,887.6,1102.5,649.1,1003.3,24,1,1003.2,328,3,1003.1,928,4,1003.0,656,4,1002.9,965,12,1003.7,287,5,1003.8,1319,10,1003.9,718,9,1004.0,748,12,1004.1,652,7
317,2025-11-26 11:34:24+05:30,1003.7,5,997.65,5020495,424584.0,459311.0,986.2,1004.9,981.3,986.2,120699750,1084.8,887.6,1102.5,649.1,1003.3,24,1,1003.2,328,3,1003.1,928,4,1003.0,656,4,1002.9,965,12,1003.7,287,5,1003.8,1319,10,1003.9,718,9,1004.0,748,12,1004.1,652,7
317,2025-11-26 11:34:25+05:30,1003.3,110,997.65,5020611,420936.0,458528.0,986.2,1004.9,981.3,986.2,120699750,1084.8,887.6,1102.5,649.1,1003.2,193,2,1003.1,346,4,1003.0,1153,10,1002.9,959,14,1002.8,1945,12,1003.3,96,1,1003.6,53,2,1003.7,293,5,1003.8,1196,8,1003.9,801,10
317,2025-11-26 11:34:25+05:30,1003.3,110,997.65,5020611,420936.0,458528.0,986.2,1004.9,981.3,986.2,120699750,1084.8,887.6,1102.5,649.1,1003.2,193,2,1003.1,346,4,1003.0,1153,10,1002.9,959,14,1002.8,1945,12,1003.3,96,1,1003.6,53,2,1003.7,293,5,1003.8,1196,8,1003.9,801,10
317,2025-11-26 11:34:25+05:30,1003.3,110,997.65,5020611,420936.0,458528.0,986.2,1004.9,981.3,986.2,120699750,1084.8,887.6,1102.5,649.1,1003.2,193,2,1003.1,346,4,1003.0,1153,10,1002.9,959,14,1002.8,1945,12,1003.3,96,1,1003.6,53,2,1003.7,293,5,1003.8,1196,8,1003.9,801,10
317,2025-11-26 11:34:25+05:30,1003.3,110,997.65,5020611,420936.0,458528.0,986.2,1004.9,981.3,986.2,120699750,1084.8,887.6,1102.5,649.1,1003.2,193,2,1003.1,346,4,1003.0,1153,10,1002.9,959,14,1002.8,1945,12,1003.3,96,1,1003.6,53,2,1003.7,293,5,1003.8,1196,8,1003.9,801,10
317,2025-11-26 11:34:26+05:30,1003.3,110,997.65,5020611,420936.0,458528.0,986.2,1004.9,981.3,986.2,120699750,1084.8,887.6,1102.5,649.1,1003.2,193,2,1003.1,346,4,1003.0,1153,10,1002.9,959,14,1002.8,1945,12,1003.3,96,1,1003.6,53,2,1003.7,293,5,1003.8,1196,8,1003.9,801,10
317,2025-11-26 11:34:26+05:30,1003.3,110,997.65,5020611,424605.0,458322.0,986.2,1004.9,981.3,986.2,120699750,1084.8,887.6,1102.5,649.1,1003.2,193,2,1003.1,346,4,1003.0,1153,10,1002.9,1258,16,1002.8,1720,12,1003.3,96,1,1003.6,53,2,1003.7,293,5,1003.8,1196,8,1003.9,595,9
317,2025-11-26 11:34:26+05:30,1003.3,110,997.65,5020611,424605.0,458322.0,986.2,1004.9,981.3,986.2,120699750,1084.8,887.6,1102.5,649.1,1003.2,193,2,1003.1,346,4,1003.0,1153,10,1002.9,1258,16,1002.8,1720,12,1003.3,96,1,1003.6,53,2,1003.7,293,5,1003.8,1196,8,1003.9,595,9
317,2025-11-26 11:34:27+05:30,1003.3,110,997.65,5020611,424605.0,458322.0,986.2,1004.9,981.3,986.2,120694500,1084.8,887.6,1102.5,649.1,1003.2,193,2,1003.1,346,4,1003.0,1153,10,1002.9,1258,16,1002.8,1720,12,1003.3,96,1,1003.6,53,2,1003.7,293,5,1003.8,1196,8,1003.9,595,9
317,2025-11-26 11:34:27+05:30,1003.3,110,997.65,5020611,425018.0,457997.0,986.2,1004.9,981.3,986.2,120694500,1084.8,887.6,1102.5,649.1,1003.2,378,4,1003.1,346,4,1003.0,1153,10,1002.9,1258,16,1002.8,1720,12,1003.3,96,1,1003.6,53,2,1003.7,277,4,1003.8,1217,9,1003.9,597,10
317,2025-11-26 11:34:27+05:30,1003.3,110,997.65,5020611,425018.0,457997.0,986.2,1004.9,981.3,986.2,120694500,1084.8,887.6,1102.5,649.1,1003.2,378,4,1003.1,346,4,1003.0,1153,10,1002.9,1258,16,1002.8,1720,12,1003.3,96,1,1003.6,53,2,1003.7,277,4,1003.8,1217,9,1003.9,597,10
317,2025-11-26 11:34:28+05:30,1003.3,110,997.65,5020611,424990.0,457795.0,986.2,1004.9,981.3,986.2,120694500,1084.8,887.6,1102.5,649.1,1003.2,378,4,1003.1,872,7,1003.0,570,7,1002.9,1287,17,1002.8,1720,12,1003.3,96,1,1003.6,53,2,1003.7,277,4,1003.8,1217,9,1003.9,597,10
317,2025-11-26 11:34:28+05:30,1003.3,1,997.65,5020611,424990.0,457795.0,986.2,1004.9,981.3,986.2,120694500,1084.8,887.6,1102.5,649.1,1003.2,378,4,1003.1,872,7,1003.0,570,7,1002.9,1287,17,1002.8,1720,12,1003.3,96,1,1003.6,53,2,1003.7,277,4,1003.8,1217,9,1003.9,597,10
317,2025-11-26 11:34:29+05:30,1003.3,185,997.65,5020798,425248.0,457168.0,986.2,1004.9,981.3,986.2,120694500,1084.8,887.6,1102.5,649.1,1003.2,383,5,1003.1,872,7,1003.0,570,7,1002.9,1274,16,1002.8,1784,13,1003.3,96,1,1003.6,53,2,1003.7,114,1,1003.8,1195,8,1003.9,618,11
317,2025-11-26 11:34:29+05:30,1003.3,185,997.65,5020798,425248.0,457168.0,986.2,1004.9,981.3,986.2,120694500,1084.8,887.6,1102.5,649.1,1003.2,383,5,1003.1,872,7,1003.0,570,7,1002.9,1274,16,1002.8,1784,13,1003.3,96,1,1003.6,53,2,1003.7,114,1,1003.8,1195,8,1003.9,618,11
317,2025-11-26 11:34:30+05:30,1003.2,19,997.65,5021326,423129.0,458407.0,986.2,1004.9,981.3,986.2,120694500,1084.8,887.6,1102.5,649.1,1003.1,26,2,1003.0,231,2,1002.9,1468,14,1002.8,812,12,1002.7,938,9,1003.2,161,2,1003.5,10,1,1003.6,319,4,1003.7,271,3,1003.8,1215,9
317,2025-11-26 11:34:30+05:30,1003.2,19,997.65,5021326,423129.0,458407.0,986.2,1004.9,981.3,986.2,120694500,1084.8,887.6,1102.5,649.1,1003.1,26,2,1003.0,231,2,1002.9,1468,14,1002.8,812,12,1002.7,938,9,1003.2,161,2,1003.5,10,1,1003.6,319,4,1003.7,271,3,1003.8,1215,9
317,2025-11-26 11:34:31+05:30,1003.1,8,997.65,5021334,423877.0,458118.0,986.2,1004.9,981.3,986.2,120694500,1084.8,887.6,1102.5,649.1,1003.1,13,1,1003.0,244,3,1002.9,1981,16,1002.8,833,13,1002.7,1096,10,1003.2,161,2,1003.5,64,1,1003.6,487,6,1003.7,382,4,1003.8,1215,9
317,2025-11-26 11:34:31+05:30,1003.1,8,997.65,5021334,423877.0,458118.0,986.2,1004.9,981.3,986.2,120694500,1084.8,887.6,1102.5,649.1,1003.1,13,1,1003.0,244,3,1002.9,1981,16,1002.8,833,13,1002.7,1096,10,1003.2,161,2,1003.5,64,1,1003.6,487,6,1003.7,382,4,1003.8,1215,9
317,2025-11-26 11:34:32+05:30,1003.1,8,997.65,5021334,423819.0,458557.0,986.2,1004.9,981.3,986.2,120694500,1084.8,887.6,1102.5,649.1,1003.1,13,1,1003.0,331,3,1002.9,1775,14,1002.8,846,14,1002.7,1096,10,1003.2,161,2,1003.5,64,1,1003.6,487,6,1003.7,382,4,1003.8,1228,10
317,2025-11-26 11:34:33+05:30,1003.1,8,997.65,5021334,423819.0,458558.0,986.2,1004.9,981.3,986.2,120694500,1084.8,887.6,1102.5,649.1,1003.1,13,1,1003.0,331,3,1002.9,1775,14,1002.8,846,14,1002.7,1096,10,1003.2,161,2,1003.5,64,1,1003.6,488,7,1003.7,382,4,1003.8,1228,10
317,2025-11-26 11:34:34+05:30,1003.2,25,997.65,5021520,423819.0,458606.0,986.2,1004.9,981.3,986.2,120694500,1084.8,887.6,1102.5,649.1,1003.1,13,1,1003.0,331,3,1002.9,1775,14,1002.8,846,14,1002.7,1096,10,1003.2,167,2,1003.5,64,1,1003.6,488,7,1003.7,382,4,1003.8,1228,10
317,2025-11-26 11:34:34+05:30,1003.2,41,997.65,5021520,423819.0,458606.0,986.2,1004.9,981.3,986.2,120694500,1084.8,887.6,1102.5,649.1,1003.1,13,1,1003.0,331,3,1002.9,1775,14,1002.8,846,14,1002.7,1096,10,1003.2,167,2,1003.5,64,1,1003.6,488,7,1003.7,382,4,1003.8,1228,10
317,2025-11-26 11:34:35+05:30,1003.1,13,997.65,5021645,423559.0,459244.0,986.2,1004.9,981.3,986.2,120694500,1084.8,887.6,1102.5,649.1,1003.0,100,1,1002.9,1074,10,1002.8,1253,11,1002.7,1126,12,1002.6,1137,11,1003.1,138,2,1003.5,606,5,1003.6,960,11,1003.7,407,6,1003.8,1228,10
317,2025-11-26 11:34:35+05:30,1003.1,13,997.65,5021645,423559.0,459244.0,986.2,1004.9,981.3,986.2,120694500,1084.8,887.6,1102.5,649.1,1003.0,100,1,1002.9,1074,10,1002.8,1253,11,1002.7,1126,12,1002.6,1137,11,1003.1,138,2,1003.5,606,5,1003.6,960,11,1003.7,407,6,1003.8,1228,10
317,2025-11-26 11:34:36+05:30,1003.1,13,997.65,5021645,423273.0,459078.0,986.2,1004.9,981.3,986.2,120694500,1084.8,887.6,1102.5,649.1,1003.0,100,1,1002.9,915,7,1002.8,1247,11,1002.7,1232,15,1002.6,1137,11,1003.1,138,2,1003.5,606,5,1003.6,960,11,1003.7,407,6,1003.8,1228,10
317,2025-11-26 11:34:37+05:30,1003.1,13,997.65,5021645,423286.0,459113.0,986.2,1004.9,981.3,986.2,120694500,1084.8,887.6,1102.5,649.1,1003.0,100,1,1002.9,915,7,1002.8,1197,11,1002.7,1232,15,1002.6,1137,11,1003.1,174,3,1003.5,606,5,1003.6,959,10,1003.7,407,6,1003.8,1228,10
317,2025-11-26 11:34:38+05:30,1003.1,58,997.65,5021863,422949.0,459978.0,986.2,1004.9,981.3,986.2,120694500,1084.8,887.6,1102.5,649.1,1002.9,739,6,1002.8,652,10,1002.7,1677,14,1002.6,1126,11,1002.5,2183,12,1003.1,170,3,1003.3,19,1,1003.4,333,4,1003.5,1098,8,1003.6,962,10
317,2025-11-26 11:34:38+05:30,1002.9,5,997.65,5021863,422949.0,459978.0,986.2,1004.9,981.3,986.2,120694500,1084.8,887.6,1102.5,649.1,1002.9,739,6,1002.8,652,10,1002.7,1677,14,1002.6,1126,11,1002.5,2183,12,1003.1,170,3,1003.3,19,1,1003.4,333,4,1003.5,1098,8,1003.6,962,10
317,2025-11-26 11:34:39+05:30,1003.1,15,997.65,5022053,423289.0,459772.0,986.2,1004.9,981.3,986.2,120694500,1084.8,887.6,1102.5,649.1,1002.9,734,6,1002.8,713,11,1002.7,1704,15,1002.6,1126,11,1002.5,2234,13,1003.1,177,2,1003.3,41,1,1003.4,352,5,1003.5,1098,8,1003.6,760,9
317,2025-11-26 11:34:39+05:30,1003.1,15,997.65,5022053,423289.0,459772.0,986.2,1004.9,981.3,986.2,120694500,1084.8,887.6,1102.5,649.1,1002.9,734,6,1002.8,713,11,1002.7,1704,15,1002.6,1126,11,1002.5,2234,13,1003.1,177,2,1003.3,41,1,1003.4,352,5,1003.5,1098,8,1003.6,760,9
317,2025-11-26 11:34:40+05:30,1002.9,153,997.65,5022575,422263.0,461067.0,986.2,1004.9,981.3,986.2,120694500,1084.8,887.6,1102.5,649.1,1002.9,46,3,1002.8,958,9,1002.7,862,11,1002.6,754,9,1002.5,2485,14,1003.0,96,1,1003.3,334,3,1003.4,623,8,1003.5,1237,9,1003.6,760,9
317,2025-11-26 11:34:40+05:30,1003.0,91,997.65,5022575,422263.0,461067.0,986.2,1004.9,981.3,986.2,120694500,1084.8,887.6,1102.5,649.1,1002.9,46,3,1002.8,958,9,1002.7,862,11,1002.6,754,9,1002.5,2485,14,1003.0,96,1,1003.3,334,3,1003.4,623,8,1003.5,1237,9,1003.6,760,9
317,2025-11-26 11:34:41+05:30,1003.0,91,997.65,5023530,424700.0,458043.0,986.2,1004.9,981.3,986.2,120694500,1084.8,887.6,1102.5,649.1,1002.9,451,9,1002.8,1668,16,1002.7,925,12,1002.6,1351,12,1002.5,2331,14,1003.3,41,1,1003.5,239,2,1003.6,638,7,1003.7,1042,7,1003.8,745,9
317,2025-11-26 11:34:42+05:30,1003.0,91,997.65,5023530,424900.0,458044.0,986.2,1004.9,981.3,986.2,120694500,1084.8,887.6,1102.5,649.1,1002.9,1110,13,1002.8,1271,17,1002.7,925,12,1002.6,1351,12,1002.5,2331,14,1003.3,41,1,1003.4,1,1,1003.5,239,2,1003.6,638,7,1003.7,1042,7
317,2025-11-26 11:34:42+05:30,1003.0,20,997.65,5023530,424900.0,458044.0,986.2,1004.9,981.3,986.2,120694500,1084.8,887.6,1102.5,649.1,1002.9,1110,13,1002.8,1271,17,1002.7,925,12,1002.6,1351,12,1002.5,2331,14,1003.3,41,1,1003.4,1,1,1003.5,239,2,1003.6,638,7,1003.7,1042,7
317,2025-11-26 11:34:43+05:30,1003.0,20,997.65,5023629,424980.0,459567.0,986.2,1004.9,981.3,986.2,120694500,1084.8,887.6,1102.5,649.1,1003.0,97,2,1002.9,1261,13,1002.8,1271,17,1002.7,925,12,1002.6,1351,12,1003.3,41,1,1003.5,158,1,1003.6,841,4,1003.7,589,7,1003.8,754,10
317,2025-11-26 11:34:43+05:30,1003.1,11,997.65,5023629,424980.0,459567.0,986.2,1004.9,981.3,986.2,120694500,1084.8,887.6,1102.5,649.1,1003.0,97,2,1002.9,1261,13,1002.8,1271,17,1002.7,925,12,1002.6,1351,12,1003.3,41,1,1003.5,158,1,1003.6,841,4,1003.7,589,7,1003.8,754,10
317,2025-11-26 11:34:44+05:30,1003.6,25,997.65,5023824,424587.0,458878.0,986.2,1004.9,981.3,986.2,120694500,1084.8,887.6,1102.5,649.1,1003.3,1,1,1003.1,71,1,1003.0,431,4,1002.9,1251,12,1002.8,2364,22,1003.6,242,3,1003.7,1078,9,1003.8,666,9,1003.9,1381,11,1004.0,550,10
317,2025-11-26 11:34:44+05:30,1003.6,3,997.65,5023824,424587.0,458878.0,986.2,1004.9,981.3,986.2,120694500,1084.8,887.6,1102.5,649.1,1003.3,1,1,1003.1,71,1,1003.0,431,4,1002.9,1251,12,1002.8,2364,22,1003.6,242,3,1003.7,1078,9,1003.8,666,9,1003.9,1381,11,1004.0,550,10
317,2025-11-26 11:34:45+05:30,1003.6,3,997.65,5023827,424428.0,458876.0,986.2,1004.9,981.3,986.2,120694500,1084.8,887.6,1102.5,649.1,1003.3,1,1,1003.1,71,1,1003.0,431,4,1002.9,1251,12,1002.8,2364,22,1003.6,239,3,1003.7,1078,9,1003.8,667,10,1003.9,1381,11,1004.0,550,10
317,2025-11-26 11:34:46+05:30,1003.6,3,997.65,5023827,424429.0,458926.0,986.2,1004.9,981.3,986.2,120694500,1084.8,887.6,1102.5,649.1,1003.3,1,1,1003.1,71,1,1003.0,432,5,1002.9,1251,12,1002.8,2364,22,1003.6,239,3,1003.7,1078,9,1003.8,667,10,1003.9,1381,11,1004.0,550,10
317,2025-11-26 11:34:47+05:30,1003.6,1,997.65,5023828,427511.0,458884.0,986.2,1004.9,981.3,986.2,120694500,1084.8,887.6,1102.5,649.1,1003.4,71,1,1003.2,81,1,1003.1,610,5,1003.0,432,5,1002.9,1144,13,1003.6,223,3,1003.7,962,6,1003.8,667,10,1003.9,1394,12,1004.0,550,10
317,2025-11-26 11:34:47+05:30,1003.2,72,997.65,5023828,427511.0,458884.0,986.2,1004.9,981.3,986.2,120694500,1084.8,887.6,1102.5,649.1,1003.4,71,1,1003.2,81,1,1003.1,610,5,1003.0,432,5,1002.9,1144,13,1003.6,223,3,1003.7,962,6,1003.8,667,10,1003.9,1394,12,1004.0,550,10
317,2025-11-26 11:34:48+05:30,1003.1,1,997.65,5023972,425385.0,458798.0,986.2,1004.9,981.3,986.2,120694500,1084.8,887.6,1102.5,649.1,1003.0,524,5,1002.9,1114,8,1002.8,1313,19,1002.7,769,12,1002.6,1001,11,1003.6,325,4,1003.7,1045,7,1003.8,684,11,1003.9,1144,10,1004.0,474,9
317,2025-11-26 11:34:48+05:30,1003.1,1,997.65,5023972,425385.0,458798.0,986.2,1004.9,981.3,986.2,120694500,1084.8,887.6,1102.5,649.1,1003.0,524,5,1002.9,1114,8,1002.8,1313,19,1002.7,769,12,1002.6,1001,11,1003.6,325,4,1003.7,1045,7,1003.8,684,11,1003.9,1144,10,1004.0,474,9
317,2025-11-26 11:34:49+05:30,1003.6,36,997.65,5024158,425446.0,458472.0,986.2,1004.9,981.3,986.2,120694500,1084.8,887.6,1102.5,649.1,1003.0,524,5,1002.9,1175,9,1002.8,1313,19,1002.7,769,12,1002.6,1001,11,1003.6,68,2,1003.7,1134,7,1003.8,526,10,1003.9,1144,10,1004.0,474,9
317,2025-11-26 11:34:49+05:30,1003.6,36,997.65,5024158,425446.0,458472.0,986.2,1004.9,981.3,986.2,120694500,1084.8,887.6,1102.5,649.1,1003.0,524,5,1002.9,1175,9,1002.8,1313,19,1002.7,769,12,1002.6,1001,11,1003.6,68,2,1003.7,1134,7,1003.8,526,10,1003.9,1144,10,1004.0,474,9
317,2025-11-26 11:34:50+05:30,1003.3,90,997.65,5024248,426034.0,458839.0,986.2,1004.9,981.3,986.2,120694500,1084.8,887.6,1102.5,649.1,1003.0,363,5,1002.9,1070,8,1002.8,1279,18,1002.7,769,12,1002.6,1001,11,1003.3,6,1,1003.6,653,6,1003.7,906,8,1003.8,556,10,1003.9,1154,10
317,2025-11-26 11:34:50+05:30,1003.3,90,997.65,5024248,426034.0,458839.0,986.2,1004.9,981.3,986.2,120694500,1084.8,887.6,1102.5,649.1,1003.0,363,5,1002.9,1070,8,1002.8,1279,18,1002.7,769,12,1002.6,1001,11,1003.3,6,1,1003.6,653,6,1003.7,906,8,1003.8,556,10,1003.9,1154,10
317,2025-11-26 11:34:51+05:30,1003.3,90,997.65,5024248,426083.0,459793.0,986.2,1004.9,981.3,986.2,120694500,1084.8,887.6,1102.5,649.1,1003.0,363,5,1002.9,1119,9,1002.8,1279,18,1002.7,769,12,1002.6,1001,11,1003.3,6,1,1003.6,653,6,1003.7,906,8,1003.8,556,10,1003.9,1163,11
317,2025-11-26 11:34:52+05:30,1003.3,90,997.65,5024248,426128.0,459756.0,986.2,1004.9,981.3,986.2,120694500,1084.8,887.6,1102.5,649.1,1003.0,457,7,1002.9,1070,8,1002.8,1230,17,1002.7,769,12,1002.6,1001,11,1003.3,6,1,1003.6,653,6,1003.7,906,8,1003.8,519,9,1003.9,1163,11
317,2025-11-26 11:34:52+05:30,1003.0,19,997.65,5024248,426128.0,459756.0,986.2,1004.9,981.3,986.2,120694500,1084.8,887.6,1102.5,649.1,1003.0,457,7,1002.9,1070,8,1002.8,1230,17,1002.7,769,12,1002.6,1001,11,1003.3,6,1,1003.6,653,6,1003.7,906,8,1003.8,519,9,1003.9,1163,11
317,2025-11-26 11:34:53+05:30,1003.0,19,997.65,5024267,426158.0,459756.0,986.2,1004.9,981.3,986.2,120694500,1084.8,887.6,1102.5,649.1,1003.0,438,7,1002.9,1070,8,1002.8,1279,18,1002.7,769,12,1002.6,1001,11,1003.3,6,1,1003.6,653,6,1003.7,906,8,1003.8,519,9,1003.9,1163,11
317,2025-11-26 11:34:54+05:30,1003.0,106,997.65,5024626,425591.0,461634.0,986.2,1004.9,981.3,986.2,120694500,1084.8,887.6,1102.5,649.1,1003.0,141,3,1002.9,2009,8,1002.8,918,15,1002.7,1019,13,1002.6,1001,11,1003.3,96,1,1003.5,110,2,1003.6,1302,10,1003.7,1308,11,1003.8,519,9
317,2025-11-26 11:34:54+05:30,1003.0,106,997.65,5024626,425591.0,461634.0,986.2,1004.9,981.3,986.2,120694500,1084.8,887.6,1102.5,649.1,1003.0,141,3,1002.9,2009,8,1002.8,918,15,1002.7,1019,13,1002.6,1001,11,1003.3,96,1,1003.5,110,2,1003.6,1302,10,1003.7,1308,11,1003.8,519,9
317,2025-11-26 11:34:55+05:30,1003.0,10,997.65,5025448,425584.0,460764.0,986.2,1004.9,981.3,986.2,120694500,1084.8,887.6,1102.5,649.1,1003.0,619,5,1002.9,1502,8,1002.8,1393,19,1002.7,769,12,1002.6,1111,10,1003.5,155,4,1003.6,838,6,1003.7,683,8,1003.8,1049,10,1003.9,1230,11
317,2025-11-26 11:34:55+05:30,1003.5,80,997.65,5025448,425584.0,460764.0,986.2,1004.9,981.3,986.2,120694500,1084.8,887.6,1102.5,649.1,1003.0,619,5,1002.9,1502,8,1002.8,1393,19,1002.7,769,12,1002.6,1111,10,1003.5,155,4,1003.6,838,6,1003.7,683,8,1003.8,1049,10,1003.9,1230,11
317,2025-11-26 11:34:56+05:30,1003.5,80,997.65,5025528,425444.0,460896.0,986.2,1004.9,981.3,986.2,120694500,1084.8,887.6,1102.5,649.1,1003.1,108,2,1003.0,834,8,1002.9,1502,8,1002.8,1643,20,1002.7,769,12,1003.5,87,2,1003.6,1006,7,1003.7,683,8,1003.8,1113,11,1003.9,1230,11
317,2025-11-26 11:34:57+05:30,1003.5,80,997.65,5025528,425444.0,460896.0,986.2,1004.9,981.3,986.2,120694500,1084.8,887.6,1102.5,649.1,1003.1,108,2,1003.0,834,8,1002.9,1502,8,1002.8,1643,20,1002.7,769,12,1003.5,87,2,1003.6,1006,7,1003.7,683,8,1003.8,1113,11,1003.9,1230,11
317,2025-11-26 11:34:58+05:30,1003.5,80,997.65,5025528,425444.0,460896.0,986.2,1004.9,981.3,986.2,120694500,1084.8,887.6,1102.5,649.1,1003.1,108,2,1003.0,834,8,1002.9,1502,8,1002.8,1643,20,1002.7,769,12,1003.5,87,2,1003.6,1006,7,1003.7,683,8,1003.8,1113,11,1003.9,1230,11
317,2025-11-26 11:34:59+05:30,1003.2,64,997.65,5025777,426005.0,460685.0,986.2,1004.9,981.3,986.2,120694500,1084.8,887.6,1102.5,649.1,1003.2,119,2,1003.1,440,3,1003.0,1044,9,1002.9,1637,11,1002.8,1859,19,1003.6,654,6,1003.7,533,6,1003.8,1141,9,1003.9,1195,10,1004.0,584,10
317,2025-11-26 11:34:59+05:30,1003.2,64,997.65,5025777,426005.0,460685.0,986.2,1004.9,981.3,986.2,120694500,1084.8,887.6,1102.5,649.1,1003.2,119,2,1003.1,440,3,1003.0,1044,9,1002.9,1637,11,1002.8,1859,19,1003.6,654,6,1003.7,533,6,1003.8,1141,9,1003.9,1195,10,1004.0,584,10
317,2025-11-26 11:35:00+05:30,1003.4,83,997.65,5025860,425997.0,460337.0,986.2,1004.9,981.3,986.2,120694500,1084.8,887.6,1102.5,649.1,1003.2,60,3,1003.1,501,4,1003.0,450,8,1002.9,1637,11,1002.8,1859,19,1003.4,13,1,1003.6,505,2,1003.7,555,7,1003.8,566,8,1003.9,1217,11
317,2025-11-26 11:35:00+05:30,1003.4,83,997.65,5025860,425997.0,460337.0,986.2,1004.9,981.3,986.2,120694500,1084.8,887.6,1102.5,649.1,1003.2,60,3,1003.1,501,4,1003.0,450,8,1002.9,1637,11,1002.8,1859,19,1003.4,13,1,1003.6,505,2,1003.7,555,7,1003.8,566,8,1003.9,1217,11
317,2025-11-26 11:35:01+05:30,1003.3,8,997.65,5025871,428090.0,457873.0,986.2,1004.9,981.3,986.2,120694500,1084.8,887.6,1102.5,649.1,1003.2,768,8,1003.1,734,10,1003.0,984,13,1002.9,1680,12,1002.8,1783,15,1003.4,10,1,1003.5,96,2,1003.6,505,2,1003.8,278,3,1003.9,422,4
317,2025-11-26 11:35:01+05:30,1003.3,8,997.65,5025871,428090.0,457873.0,986.2,1004.9,981.3,986.2,120694500,1084.8,887.6,1102.5,649.1,1003.2,768,8,1003.1,734,10,1003.0,984,13,1002.9,1680,12,1002.8,1783,15,1003.4,10,1,1003.5,96,2,1003.6,505,2,1003.8,278,3,1003.9,422,4
317,2025-11-26 11:35:02+05:30,1003.3,8,997.65,5025871,427641.0,457692.0,986.2,1004.9,981.3,986.2,120694500,1084.8,887.6,1102.5,649.1,1003.2,214,6,1003.1,1031,10,1003.0,764,14,1002.9,1887,12,1002.8,1783,15,1003.4,10,1,1003.5,96,2,1003.6,505,2,1003.7,4,1,1003.8,277,2
317,2025-11-26 11:35:03+05:30,1003.3,8,997.65,5025871,427641.0,457710.0,986.2,1004.9,981.3,986.2,120694500,1084.8,887.6,1102.5,649.1,1003.2,214,6,1003.1,1031,10,1003.0,764,14,1002.9,1887,12,1002.8,1783,15,1003.4,10,1,1003.5,96,2,1003.6,505,2,1003.7,4,1,1003.8,277,2
317,2025-11-26 11:35:04+05:30,1003.2,10,997.65,5025871,427641.0,457710.0,986.2,1004.9,981.3,986.2,120694500,1084.8,887.6,1102.5,649.1,1003.2,214,6,1003.1,1031,10,1003.0,764,14,1002.9,1887,12,1002.8,1783,15,1003.4,10,1,1003.5,96,2,1003.6,505,2,1003.7,4,1,1003.8,277,2
317,2025-11-26 11:35:04+05:30,1003.2,10,997.65,5026066,427362.0,458657.0,986.2,1004.9,981.3,986.2,120694500,1084.8,887.6,1102.5,649.1,1003.2,25,2,1003.1,535,9,1003.0,979,16,1002.9,1658,11,1002.8,2199,17,1003.4,96,1,1003.5,96,2,1003.6,505,2,1003.7,170,2,1003.8,277,2
317,2025-11-26 11:35:05+05:30,1003.2,111,997.65,5026066,427362.0,458657.0,986.2,1004.9,981.3,986.2,120694500,1084.8,887.6,1102.5,649.1,1003.2,25,2,1003.1,535,9,1003.0,979,16,1002.9,1658,11,1002.8,2199,17,1003.4,96,1,1003.5,96,2,1003.6,505,2,1003.7,170,2,1003.8,277,2
317,2025-11-26 11:35:06+05:30,1003.5,2,997.66,5026887,427747.0,459362.0,986.2,1004.9,981.3,986.2,120694500,1084.8,887.6,1102.5,649.1,1003.2,668,6,1003.1,571,11,1003.0,739,13,1002.9,1671,12,1002.8,2197,17,1003.5,94,2,1003.6,505,2,1003.7,146,2,1003.8,290,3,1003.9,455,6
317,2025-11-26 11:35:06+05:30,1003.2,9,997.66,5026887,427747.0,459362.0,986.2,1004.9,981.3,986.2,120694500,1084.8,887.6,1102.5,649.1,1003.2,668,6,1003.1,571,11,1003.0,739,13,1002.9,1671,12,1002.8,2197,17,1003.5,94,2,1003.6,505,2,1003.7,146,2,1003.8,290,3,1003.9,455,6
317,2025-11-26 11:35:07+05:30,1003.2,9,997.66,5026897,428236.0,457689.0,986.2,1004.9,981.3,986.2,120694500,1084.8,887.6,1102.5,649.1,1003.2,1016,10,1003.1,680,12,1003.0,941,14,1002.9,1908,12,1002.8,1781,15,1003.5,94,2,1003.6,505,2,1003.7,4,1,1003.8,277,2,1003.9,442,5
317,2025-11-26 11:35:07+05:30,1003.2,2,997.66,5026897,428236.0,457689.0,986.2,1004.9,981.3,986.2,120694500,1084.8,887.6,1102.5,649.1,1003.2,1016,10,1003.1,680,12,1003.0,941,14,1002.9,1908,12,1002.8,1781,15,1003.5,94,2,1003.6,505,2,1003.7,4,1,1003.8,277,2,1003.9,442,5
317,2025-11-26 11:35:08+05:30,1003.2,2,997.66,5026899,428279.0,457689.0,986.2,1004.9,981.3,986.2,120694500,1084.8,887.6,1102.5,649.1,1003.2,933,9,1003.1,680,12,1003.0,941,14,1002.9,1908,12,1002.8,1781,15,1003.5,94,2,1003.6,505,2,1003.7,4,1,1003.8,277,2,1003.9,442,5
317,2025-11-26 11:35:09+05:30,1003.5,35,997.66,5027084,428307.0,457862.0,986.2,1004.9,981.3,986.2,120694500,1084.8,887.6,1102.5,649.1,1003.2,1057,11,1003.1,680,12,1003.0,941,14,1002.9,1908,12,1002.8,1781,15,1003.5,61,2,1003.6,505,2,1003.8,277,2,1003.9,443,6,1004.0,711,10
317,2025-11-26 11:35:09+05:30,1003.2,97,997.66,5027084,428307.0,457862.0,986.2,1004.9,981.3,986.2,120694500,1084.8,887.6,1102.5,649.1,1003.2,1057,11,1003.1,680,12,1003.0,941,14,1002.9,1908,12,1002.8,1781,15,1003.5,61,2,1003.6,505,2,1003.8,277,2,1003.9,443,6,1004.0,711,10
317,2025-11-26 11:35:10+05:30,1003.5,1,997.66,5027228,427740.0,459705.0,986.2,1004.9,981.3,986.2,120694500,1084.8,887.6,1102.5,649.1,1003.2,424,6,1003.1,680,12,1003.0,941,14,1002.9,1658,11,1002.8,1781,15,1003.5,60,2,1003.6,505,2,1003.7,12,2,1003.8,290,3,1003.9,456,7
317,2025-11-26 11:35:10+05:30,1003.6,85,997.66,5027228,427740.0,459705.0,986.2,1004.9,981.3,986.2,120694500,1084.8,887.6,1102.5,649.1,1003.2,424,6,1003.1,680,12,1003.0,941,14,1002.9,1658,11,1002.8,1781,15,1003.5,60,2,1003.6,505,2,1003.7,12,2,1003.8,290,3,1003.9,456,7
317,2025-11-26 11:35:11+05:30,1003.6,85,997.66,5028349,431916.0,458156.0,986.2,1004.9,981.3,986.2,120694500,1084.8,887.6,1102.5,649.1,1003.5,672,1,1003.4,89,2,1003.3,394,6,1003.2,1356,16,1003.1,865,11,1003.6,420,2,1003.9,188,3,1004.0,567,8,1004.1,1154,9,1004.2,4702,12
317,2025-11-26 11:35:11+05:30,1003.5,1,997.66,5028349,431916.0,458156.0,986.2,1004.9,981.3,986.2,120694500,1084.8,887.6,1102.5,649.1,1003.5,672,1,1003.4,89,2,1003.3,394,6,1003.2,1356,16,1003.1,865,11,1003.6,420,2,1003.9,188,3,1004.0,567,8,1004.1,1154,9,1004.2,4702,12
317,2025-11-26 11:35:12+05:30,1003.5,1,997.66,5028450,431652.0,458228.0,986.2,1004.9,981.3,986.2,120694500,1084.8,887.6,1102.5,649.1,1003.5,591,2,1003.4,89,2,1003.3,394,6,1003.2,1356,16,1003.1,878,12,1003.6,420,2,1003.9,188,3,1004.0,567,8,1004.1,1154,9,1004.2,4868,13
317,2025-11-26 11:35:12+05:30,1003.5,143,997.66,5028450,431652.0,458228.0,986.2,1004.9,981.3,986.2,120694500,1084.8,887.6,1102.5,649.1,1003.5,591,2,1003.4,89,2,1003.3,394,6,1003.2,1356,16,1003.1,878,12,1003.6,420,2,1003.9,188,3,1004.0,567,8,1004.1,1154,9,1004.2,4868,13
317,2025-11-26 11:35:13+05:30,1003.5,143,997.66,5028593,431277.0,461351.0,986.2,1004.9,981.3,986.2,120694500,1084.8,887.6,1102.5,649.1,1003.5,461,3,1003.4,40,1,1003.3,944,7,1003.2,797,14,1003.1,704,11,1003.6,420,2,1003.9,865,4,1004.0,3368,10,1004.1,665,8,1004.2,4702,12
317,2025-11-26 11:35:14+05:30,1003.6,184,997.66,5028777,430334.0,461444.0,986.2,1004.9,981.3,986.2,120694500,1084.8,887.6,1102.5,649.1,1003.5,461,3,1003.4,40,1,1003.3,649,4,1003.2,598,11,1003.1,691,10,1003.6,508,3,1003.8,4,1,1003.9,844,4,1004.0,3368,10,1004.1,665,8
317,2025-11-26 11:35:14+05:30,1003.6,3,997.66,5028777,430334.0,461444.0,986.2,1004.9,981.3,986.2,120694500,1084.8,887.6,1102.5,649.1,1003.5,461,3,1003.4,40,1,1003.3,649,4,1003.2,598,11,1003.1,691,10,1003.6,508,3,1003.8,4,1,1003.9,844,4,1004.0,3368,10,1004.1,665,8
317,2025-11-26 11:35:15+05:30,1003.6,3,997.66,5028892,430465.0,461559.0,986.2,1004.9,981.3,986.2,120694500,1084.8,887.6,1102.5,649.1,1003.5,461,3,1003.4,99,2,1003.3,122,3,1003.2,598,11,1003.1,1262,11,1003.6,393,3,1003.8,206,2,1003.9,846,5,1004.0,3416,10,1004.1,665,8
317,2025-11-26 11:35:15+05:30,1003.6,13,997.66,5028892,430465.0,461559.0,986.2,1004.9,981.3,986.2,120694500,1084.8,887.6,1102.5,649.1,1003.5,461,3,1003.4,99,2,1003.3,122,3,1003.2,598,11,1003.1,1262,11,1003.6,393,3,1003.8,206,2,1003.9,846,5,1004.0,3416,10,1004.1,665,8
317,2025-11-26 11:35:16+05:30,1003.6,13,997.66,5029320,430384.0,461022.0,986.2,1004.9,981.3,986.2,120694500,1084.8,887.6,1102.5,649.1,1003.5,33,2,1003.4,40,1,1003.3,571,2,1003.2,630,11,1003.1,704,11,1003.6,264,2,1003.8,4,1,1003.9,602,5,1004.0,3404,9,1004.1,700,9
317,2025-11-26 11:35:16+05:30,1004.0,5,997.66,5029320,430384.0,461022.0,986.2,1004.9,981.3,986.2,120694500,1084.8,887.6,1102.5,649.1,1003.5,33,2,1003.4,40,1,1003.3,571,2,1003.2,630,11,1003.1,704,11,1003.6,264,2,1003.8,4,1,1003.9,602,5,1004.0,3404,9,1004.1,700,9
317,2025-11-26 11:35:17+05:30,1003.8,80,997.67,5034465,429514.0,461167.0,986.2,1004.9,981.3,986.2,120694500,1084.8,887.6,1102.5,649.1,1003.5,33,2,1003.4,40,1,1003.3,303,3,1003.2,894,11,1003.1,1203,11,1003.9,868,7,1004.0,3007,6,1004.1,450,6,1004.2,4452,7,1004.3,542,7
317,2025-11-26 11:35:17+05:30,1003.5,16,997.67,5034465,429514.0,461167.0,986.2,1004.9,981.3,986.2,120694500,1084.8,887.6,1102.5,649.1,1003.5,33,2,1003.4,40,1,1003.3,303,3,1003.2,894,11,1003.1,1203,11,1003.9,868,7,1004.0,3007,6,1004.1,450,6,1004.2,4452,7,1004.3,542,7
317,2025-11-26 11:35:18+05:30,1003.5,16,997.67,5034752,428915.0,461561.0,986.2,1004.9,981.3,986.2,120694500,1084.8,887.6,1102.5,649.1,1003.5,4,1,1003.4,40,1,1003.3,5,1,1003.2,781,9,1003.1,1171,10,1003.8,352,7,1003.9,732,9,1004.0,3214,8,1004.1,499,7,1004.2,4452,7
317,2025-11-26 11:35:19+05:30,1003.8,24,997.67,5035074,429029.0,461997.0,986.2,1004.9,981.3,986.2,120694500,1084.8,887.6,1102.5,649.1,1003.5,4,1,1003.4,40,1,1003.3,5,1,1003.2,781,9,1003.1,663,10,1003.8,438,3,1003.9,1094,9,1004.0,3248,8,1004.1,499,7,1004.2,4460,8
317,2025-11-26 11:35:19+05:30,1003.5,30,997.67,5035074,429029.0,461997.0,986.2,1004.9,981.3,986.2,120694500,1084.8,887.6,1102.5,649.1,1003.5,4,1,1003.4,40,1,1003.3,5,1,1003.2,781,9,1003.1,663,10,1003.8,438,3,1003.9,1094,9,1004.0,3248,8,1004.1,499,7,1004.2,4460,8
317,2025-11-26 11:35:19+05:30,1003.5,30,997.67,5035104,429548.0,462235.0,986.2,1004.9,981.3,986.2,120694500,1084.8,887.6,1102.5,649.1,1003.5,20,1,1003.4,40,1,1003.3,5,1,1003.2,781,9,1003.1,727,11,1003.7,143,1,1003.8,450,4,1003.9,845,7,1004.0,3195,7,1004.1,511,8
317,2025-11-26 11:35:20+05:30,1003.6,82,997.67,5035104,429548.0,462235.0,986.2,1004.9,981.3,986.2,120694500,1084.8,887.6,1102.5,649.1,1003.5,20,1,1003.4,40,1,1003.3,5,1,1003.2,781,9,1003.1,727,11,1003.7,143,1,1003.8,450,4,1003.9,845,7,1004.0,3195,7,1004.1,511,8
317,2025-11-26 11:35:21+05:30,1003.6,17,997.67,5035203,429322.0,461974.0,986.2,1004.9,981.3,986.2,120694500,1084.8,887.6,1102.5,649.1,1003.5,20,1,1003.4,40,1,1003.3,5,1,1003.2,340,7,1003.1,1220,12,1003.6,96,1,1003.7,143,1,1003.8,429,3,1003.9,989,7,1004.0,3267,9
317,2025-11-26 11:35:21+05:30,1003.6,17,997.67,5035203,429322.0,461974.0,986.2,1004.9,981.3,986.2,120694500,1084.8,887.6,1102.5,649.1,1003.5,20,1,1003.4,40,1,1003.3,5,1,1003.2,340,7,1003.1,1220,12,1003.6,96,1,1003.7,143,1,1003.8,429,3,1003.9,989,7,1004.0,3267,9
317,2025-11-26 11:35:22+05:30,1003.5,8,997.67,5035331,429368.0,462457.0,986.2,1004.9,981.3,986.2,120694500,1084.8,887.6,1102.5,649.1,1003.4,40,1,1003.2,307,6,1003.1,1289,11,1003.0,1124,13,1002.9,1796,12,1003.6,353,4,1003.7,312,2,1003.8,633,6,1003.9,1279,9,1004.0,3267,9
317,2025-11-26 11:35:22+05:30,1003.5,8,997.67,5035331,429368.0,462457.0,986.2,1004.9,981.3,986.2,120694500,1084.8,887.6,1102.5,649.1,1003.4,40,1,1003.2,307,6,1003.1,1289,11,1003.0,1124,13,1002.9,1796,12,1003.6,353,4,1003.7,312,2,1003.8,633,6,1003.9,1279,9,1004.0,3267,9
317,2025-11-26 11:35:23+05:30,1003.5,8,997.67,5035331,429519.0,462938.0,986.2,1004.9,981.3,986.2,120694500,1084.8,887.6,1102.5,649.1,1003.4,40,1,1003.2,307,6,1003.1,1240,10,1003.0,1075,12,1002.9,1796,12,1003.5,30,1,1003.6,184,3,1003.7,544,4,1003.8,1043,8,1003.9,891,8
317,2025-11-26 11:35:24+05:30,1003.5,21,997.67,5035515,428641.0,463222.0,986.2,1004.9,981.3,986.2,120694500,1084.8,887.6,1102.5,649.1,1003.4,40,1,1003.2,122,4,1003.1,979,8,1003.0,903,11,1002.9,1835,13,1003.6,767,8,1003.7,402,5,1003.8,761,8,1003.9,957,9,1004.0,3398,11
317,2025-11-26 11:35:24+05:30,1003.5,21,997.67,5035515,428641.0,463222.0,986.2,1004.9,981.3,986.2,120694500,1084.8,887.6,1102.5,649.1,1003.4,40,1,1003.2,122,4,1003.1,979,8,1003.0,903,11,1002.9,1835,13,1003.6,767,8,1003.7,402,5,1003.8,761,8,1003.9,957,9,1004.0,3398,11
317,2025-11-26 11:35:25+05:30,1003.2,15,997.67,5035964,426558.0,458740.0,986.2,1004.9,981.3,986.2,120694500,1084.8,887.6,1102.5,649.1,1003.1,138,2,1003.0,1048,7,1002.9,1755,13,1002.8,1131,10,1002.7,725,9,1003.4,126,2,1003.6,455,6,1003.7,563,5,1003.8,704,9,1003.9,1048,9
317,2025-11-26 11:35:25+05:30,1003.2,15,997.67,5035964,426558.0,458740.0,986.2,1004.9,981.3,986.2,120694500,1084.8,887.6,1102.5,649.1,1003.1,138,2,1003.0,1048,7,1002.9,1755,13,1002.8,1131,10,1002.7,725,9,1003.4,126,2,1003.6,455,6,1003.7,563,5,1003.8,704,9,1003.9,1048,9
317,2025-11-26 11:35:26+05:30,1003.2,15,997.67,5035964,426922.0,458417.0,986.2,1004.9,981.3,986.2,120694500,1084.8,887.6,1102.5,649.1,1003.1,292,4,1003.0,906,7,1002.9,2021,17,1002.8,1242,13,1002.7,975,10,1003.4,126,2,1003.6,391,5,1003.7,612,6,1003.8,376,8,1003.9,1061,10
317,2025-11-26 11:35:27+05:30,1003.2,15,997.67,5035964,426827.0,458298.0,986.2,1004.9,981.3,986.2,120694500,1084.8,887.6,1102.5,649.1,1003.1,225,4,1003.0,772,6,1002.9,2021,17,1002.8,1242,13,1002.7,975,10,1003.4,165,3,1003.6,626,6,1003.7,781,7,1003.8,335,7,1003.9,713,9
317,2025-11-26 11:35:28+05:30,1003.2,15,997.67,5035964,426997.0,458298.0,986.2,1004.9,981.3,986.2,120694500,1084.8,887.6,1102.5,649.1,1003.1,225,4,1003.0,773,7,1002.9,2190,18,1002.8,1242,13,1002.7,975,10,1003.4,165,3,1003.6,690,7,1003.7,781,7,1003.8,335,7,1003.9,713,9
317,2025-11-26 11:35:28+05:30,1003.4,69,997.67,5035964,426997.0,458298.0,986.2,1004.9,981.3,986.2,120694500,1084.8,887.6,1102.5,649.1,1003.1,225,4,1003.0,773,7,1002.9,2190,18,1002.8,1242,13,1002.7,975,10,1003.4,165,3,1003.6,690,7,1003.7,781,7,1003.8,335,7,1003.9,713,9
317,2025-11-26 11:35:29+05:30,1003.4,119,997.67,5036218,427048.0,457824.0,986.2,1004.9,981.3,986.2,120694500,1084.8,887.6,1102.5,649.1,1003.1,120,4,1003.0,835,6,1002.9,1911,11,1002.8,1213,11,1002.7,987,10,1003.4,96,1,1003.6,659,7,1003.7,611,6,1003.8,428,6,1003.9,507,8
317,2025-11-26 11:35:29+05:30,1003.4,119,997.67,5036218,427048.0,457824.0,986.2,1004.9,981.3,986.2,120694500,1084.8,887.6,1102.5,649.1,1003.1,120,4,1003.0,835,6,1002.9,1911,11,1002.8,1213,11,1002.7,987,10,1003.4,96,1,1003.6,659,7,1003.7,611,6,1003.8,428,6,1003.9,507,8
317,2025-11-26 11:35:30+05:30,1003.1,3,997.67,5036441,426249.0,459075.0,986.2,1004.9,981.3,986.2,120694500,1084.8,887.6,1102.5,649.1,1003.0,6,2,1002.9,1454,7,1002.8,1018,11,1002.7,1305,12,1002.6,1264,14,1003.1,17,1,1003.2,96,1,1003.5,269,3,1003.6,731,7,1003.7,455,6
317,2025-11-26 11:35:30+05:30,1003.1,3,997.67,5036441,426249.0,459075.0,986.2,1004.9,981.3,986.2,120694500,1084.8,887.6,1102.5,649.1,1003.0,6,2,1002.9,1454,7,1002.8,1018,11,1002.7,1305,12,1002.6,1264,14,1003.1,17,1,1003.2,96,1,1003.5,269,3,1003.6,731,7,1003.7,455,6
317,2025-11-26 11:35:31+05:30,1003.1,17,997.67,5036466,426464.0,458861.0,986.2,1004.9,981.3,986.2,120694500,1084.8,887.6,1102.5,649.1,1003.0,3,1,1002.9,1454,7,1002.8,943,12,1002.7,1500,14,1002.6,1474,16,1003.2,96,1,1003.5,269,3,1003.6,707,6,1003.7,465,8,1003.8,528,9
317,2025-11-26 11:35:31+05:30,1003.1,17,997.67,5036466,426464.0,458861.0,986.2,1004.9,981.3,986.2,120694500,1084.8,887.6,1102.5,649.1,1003.0,3,1,1002.9,1454,7,1002.8,943,12,1002.7,1500,14,1002.6,1474,16,1003.2,96,1,1003.5,269,3,1003.6,707,6,1003.7,465,8,1003.8,528,9
317,2025-11-26 11:35:32+05:30,1003.1,17,997.67,5036466,426749.0,459194.0,986.2,1004.9,981.3,986.2,120694500,1084.8,887.6,1102.5,649.1,1003.0,3,1,1002.9,1611,8,1002.8,894,11,1002.7,1343,13,1002.6,1474,16,1003.2,96,1,1003.4,345,3,1003.5,516,4,1003.6,664,5,1003.7,466,9
317,2025-11-26 11:35:33+05:30,1003.1,17,997.67,5036466,426767.0,459215.0,986.2,1004.9,981.3,986.2,120694500,1084.8,887.6,1102.5,649.1,1003.0,4,2,1002.9,1454,7,1002.8,1028,11,1002.7,803,12,1002.6,1474,16,1003.2,183,2,1003.4,345,3,1003.5,516,4,1003.6,664,5,1003.7,464,7
317,2025-11-26 11:35:34+05:30,1003.2,2,997.67,5036651,426879.0,459037.0,986.2,1004.9,981.3,986.2,120694500,1084.8,887.6,1102.5,649.1,1003.1,112,1,1003.0,4,2,1002.9,1611,8,1002.8,896,11,1002.7,1053,13,1003.2,94,1,1003.4,345,3,1003.5,516,4,1003.6,666,6,1003.7,464,7
317,2025-11-26 11:35:34+05:30,1003.2,2,997.67,5036651,426879.0,459037.0,986.2,1004.9,981.3,986.2,120694500,1084.8,887.6,1102.5,649.1,1003.1,112,1,1003.0,4,2,1002.9,1611,8,1002.8,896,11,1002.7,1053,13,1003.2,94,1,1003.4,345,3,1003.5,516,4,1003.6,666,6,1003.7,464,7
317,2025-11-26 11:35:35+05:30,1003.0,1,997.67,5036764,425498.0,459053.0,986.2,1004.9,981.3,986.2,120694500,1084.8,887.6,1102.5,649.1,1002.9,1217,4,1002.8,647,8,1002.7,1023,11,1002.6,1512,17,1002.5,1576,14,1003.1,96,1,1003.4,113,3,1003.5,378,4,1003.6,672,6,1003.7,464,7
317,2025-11-26 11:35:35+05:30,1003.1,137,997.67,5036764,425498.0,459053.0,986.2,1004.9,981.3,986.2,120694500,1084.8,887.6,1102.5,649.1,1002.9,1217,4,1002.8,647,8,1002.7,1023,11,1002.6,1512,17,1002.5,1576,14,1003.1,96,1,1003.4,113,3,1003.5,378,4,1003.6,672,6,1003.7,464,7
317,2025-11-26 11:35:36+05:30,1003.1,137,997.67,5036901,425457.0,458845.0,986.2,1004.9,981.3,986.2,120694500,1084.8,887.6,1102.5,649.1,1002.9,1570,7,1002.8,647,8,1002.7,762,11,1002.6,1164,15,1002.5,1576,14,1003.1,96,1,1003.4,129,3,1003.5,379,5,1003.6,712,6,1003.7,463,7
317,2025-11-26 11:35:37+05:30,1003.1,137,997.67,5036901,425451.0,459831.0,986.2,1004.9,981.3,986.2,120694500,1084.8,887.6,1102.5,649.1,1002.9,1051,3,1002.8,961,10,1002.7,639,8,1002.6,1177,16,1002.5,1742,15,1003.1,96,1,1003.4,129,3,1003.5,379,5,1003.6,712,6,1003.7,463,7
317,2025-11-26 11:35:38+05:30,1003.1,25,997.67,5036943,425531.0,459666.0,986.2,1004.9,981.3,986.2,120694500,1084.8,887.6,1102.5,649.1,1002.9,1131,4,1002.8,961,10,1002.7,688,9,1002.6,1177,16,1002.5,1742,15,1003.1,54,1,1003.4,129,3,1003.5,379,5,1003.6,648,5,1003.7,463,7
317,2025-11-26 11:35:38+05:30,1003.1,30,997.67,5036943,425531.0,459666.0,986.2,1004.9,981.3,986.2,120694500,1084.8,887.6,1102.5,649.1,1002.9,1131,4,1002.8,961,10,1002.7,688,9,1002.6,1177,16,1002.5,1742,15,1003.1,54,1,1003.4,129,3,1003.5,379,5,1003.6,648,5,1003.7,463,7
317,2025-11-26 11:35:39+05:30,1003.1,185,997.67,5037158,425284.0,459803.0,986.2,1004.9,981.3,986.2,120694500,1084.8,887.6,1102.5,649.1,1002.9,1290,6,1002.8,765,8,1002.7,639,8,1002.6,1176,16,1002.5,1576,15,1003.1,96,1,1003.3,42,1,1003.4,127,3,1003.5,427,6,1003.6,708,6
317,2025-11-26 11:35:39+05:30,1003.1,185,997.67,5037158,425284.0,459803.0,986.2,1004.9,981.3,986.2,120694500,1084.8,887.6,1102.5,649.1,1002.9,1290,6,1002.8,765,8,1002.7,639,8,1002.6,1176,16,1002.5,1576,15,1003.1,96,1,1003.3,42,1,1003.4,127,3,1003.5,427,6,1003.6,708,6
317,2025-11-26 11:35:40+05:30,1002.9,339,997.67,5037509,423072.0,459773.0,986.2,1004.9,981.3,986.2,120694500,1084.8,887.6,1102.5,649.1,1002.9,784,4,1002.8,44,2,1002.7,736,7,1002.6,1505,13,1002.5,1116,12,1003.0,96,1,1003.2,4,1,1003.3,101,2,1003.4,245,5,1003.5,718,8
317,2025-11-26 11:35:40+05:30,1002.9,339,997.67,5037509,423072.0,459773.0,986.2,1004.9,981.3,986.2,120694500,1084.8,887.6,1102.5,649.1,1002.9,784,4,1002.8,44,2,1002.7,736,7,1002.6,1505,13,1002.5,1116,12,1003.0,96,1,1003.2,4,1,1003.3,101,2,1003.4,245,5,1003.5,718,8
317,2025-11-26 11:35:41+05:30,1002.9,100,997.67,5037609,423365.0,461271.0,986.2,1004.9,981.3,986.2,120694500,1084.8,887.6,1102.5,649.1,1002.9,684,4,1002.8,44,2,1002.7,349,4,1002.6,577,7,1002.5,1512,14,1003.0,1096,2,1003.2,350,4,1003.3,181,3,1003.4,802,8,1003.5,348,7
317,2025-11-26 11:35:41+05:30,1002.9,100,997.67,5037609,423365.0,461271.0,986.2,1004.9,981.3,986.2,120694500,1084.8,887.6,1102.5,649.1,1002.9,684,4,1002.8,44,2,1002.7,349,4,1002.6,577,7,1002.5,1512,14,1003.0,1096,2,1003.2,350,4,1003.3,181,3,1003.4,802,8,1003.5,348,7
317,2025-11-26 11:35:42+05:30,1002.9,40,997.67,5037649,422992.0,461271.0,986.2,1004.9,981.3,986.2,120694500,1084.8,887.6,1102.5,649.1,1002.9,657,5,1002.8,44,2,1002.7,349,4,1002.6,600,8,1002.5,1372,13,1003.0,1096,2,1003.2,350,4,1003.3,181,3,1003.4,802,8,1003.5,348,7
317,2025-11-26 11:35:42+05:30,1002.9,40,997.67,5037649,422992.0,461271.0,986.2,1004.9,981.3,986.2,120694500,1084.8,887.6,1102.5,649.1,1002.9,657,5,1002.8,44,2,1002.7,349,4,1002.6,600,8,1002.5,1372,13,1003.0,1096,2,1003.2,350,4,1003.3,181,3,1003.4,802,8,1003.5,348,7
317,2025-11-26 11:35:43+05:30,1003.0,101,997.67,5038525,423198.0,460525.0,986.2,1004.9,981.3,986.2,120694500,1084.8,887.6,1102.5,649.1,1002.9,652,5,1002.8,31,1,1002.7,410,6,1002.6,877,10,1002.5,1364,17,1003.0,499,3,1003.1,38,1,1003.2,4,1,1003.3,272,3,1003.4,710,5
317,2025-11-26 11:35:43+05:30,1003.0,101,997.67,5038525,423198.0,460525.0,986.2,1004.9,981.3,986.2,120694500,1084.8,887.6,1102.5,649.1,1002.9,652,5,1002.8,31,1,1002.7,410,6,1002.6,877,10,1002.5,1364,17,1003.0,499,3,1003.1,38,1,1003.2,4,1,1003.3,272,3,1003.4,710,5
317,2025-11-26 11:35:44+05:30,1003.0,2,997.67,5038711,423926.0,460429.0,986.2,1004.9,981.3,986.2,120694500,1084.8,887.6,1102.5,649.1,1002.9,652,5,1002.8,31,1,1002.7,553,7,1002.6,1066,10,1002.5,1364,17,1003.0,313,3,1003.1,38,1,1003.2,4,1,1003.3,139,2,1003.4,503,6
317,2025-11-26 11:35:44+05:30,1003.0,2,997.67,5038711,423926.0,460429.0,986.2,1004.9,981.3,986.2,120694500,1084.8,887.6,1102.5,649.1,1002.9,652,5,1002.8,31,1,1002.7,553,7,1002.6,1066,10,1002.5,1364,17,1003.0,313,3,1003.1,38,1,1003.2,4,1,1003.3,139,2,1003.4,503,6
317,2025-11-26 11:35:45+05:30,1002.9,13,997.67,5039497,420044.0,460099.0,986.2,1004.9,981.3,986.2,120694500,1084.8,887.6,1102.5,649.1,1002.8,61,2,1002.7,79,3,1002.6,854,9,1002.5,1133,11,1002.4,1336,15,1002.9,77,1,1003.0,217,2,1003.1,38,1,1003.2,4,1,1003.3,613,4
317,2025-11-26 11:35:45+05:30,1002.9,13,997.67,5039497,420044.0,460099.0,986.2,1004.9,981.3,986.2,120694500,1084.8,887.6,1102.5,649.1,1002.8,61,2,1002.7,79,3,1002.6,854,9,1002.5,1133,11,1002.4,1336,15,1002.9,77,1,1003.0,217,2,1003.1,38,1,1003.2,4,1,1003.3,613,4
317,2025-11-26 11:35:46+05:30,1002.9,13,997.67,5039497,419686.0,459961.0,986.2,1004.9,981.3,986.2,120694500,1084.8,887.6,1102.5,649.1,1002.8,31,1,1002.7,6,2,1002.6,711,8,1002.5,990,10,1002.4,1492,17,1002.9,77,1,1003.0,217,2,1003.1,181,2,1003.2,63,2,1003.3,597,5
317,2025-11-26 11:35:47+05:30,1002.9,13,997.67,5039497,419434.0,459283.0,986.2,1004.9,981.3,986.2,120694500,1084.8,887.6,1102.5,649.1,1002.7,6,2,1002.6,633,7,1002.5,1114,11,1002.4,1275,15,1002.3,1028,15,1002.9,77,1,1003.0,217,2,1003.1,181,2,1003.2,63,2,1003.3,333,5
317,2025-11-26 11:35:48+05:30,1002.8,94,997.67,5039591,418996.0,461533.0,986.2,1004.9,981.3,986.2,120694500,1084.8,887.6,1102.5,649.1,1002.7,6,2,1002.6,44,1,1002.5,745,7,1002.4,1130,14,1002.3,1028,15,1002.8,79,1,1002.9,77,1,1003.0,360,3,1003.1,97,2,1003.2,76,3
317,2025-11-26 11:35:48+05:30,1002.8,94,997.67,5039591,418996.0,461533.0,986.2,1004.9,981.3,986.2,120694500,1084.8,887.6,1102.5,649.1,1002.7,6,2,1002.6,44,1,1002.5,745,7,1002.4,1130,14,1002.3,1028,15,1002.8,79,1,1002.9,77,1,1003.0,360,3,1003.1,97,2,1003.2,76,3
317,2025-11-26 11:35:49+05:30,1002.8,65,997.67,5039778,419384.0,459046.0,986.2,1004.9,981.3,986.2,120694500,1084.8,887.6,1102.5,649.1,1002.7,6,2,1002.6,173,3,1002.5,1081,10,1002.4,1267,15,1002.3,1062,16,1002.8,57,2,1002.9,116,2,1003.0,39,1,1003.1,143,1,1003.2,63,2
317,2025-11-26 11:35:49+05:30,1002.8,65,997.67,5039778,419384.0,459046.0,986.2,1004.9,981.3,986.2,120694500,1084.8,887.6,1102.5,649.1,1002.7,6,2,1002.6,173,3,1002.5,1081,10,1002.4,1267,15,1002.3,1062,16,1002.8,57,2,1002.9,116,2,1003.0,39,1,1003.1,143,1,1003.2,63,2
317,2025-11-26 11:35:50+05:30,1002.7,12,997.67,5039830,418825.0,459704.0,986.2,1004.9,981.3,986.2,120694500,1084.8,887.6,1102.5,649.1,1002.6,330,4,1002.5,938,9,1002.4,1229,14,1002.3,919,15,1002.2,921,11,1002.7,121,2,1002.8,57,2,1002.9,39,1,1003.0,45,2,1003.1,202,1
317,2025-11-26 11:35:50+05:30,1002.7,12,997.67,5039830,418825.0,459704.0,986.2,1004.9,981.3,986.2,120694500,1084.8,887.6,1102.5,649.1,1002.6,330,4,1002.5,938,9,1002.4,1229,14,1002.3,919,15,1002.2,921,11,1002.7,121,2,1002.8,57,2,1002.9,39,1,1003.0,45,2,1003.1,202,1
317,2025-11-26 11:35:51+05:30,1002.7,12,997.67,5039830,418968.0,459514.0,986.2,1004.9,981.3,986.2,120694500,1084.8,887.6,1102.5,649.1,1002.6,464,6,1002.5,938,9,1002.4,1229,14,1002.3,943,16,1002.2,921,11,1002.7,121,2,1002.8,57,2,1002.9,39,1,1003.0,45,2,1003.1,202,1
317,2025-11-26 11:35:52+05:30,1002.7,12,997.67,5039830,418968.0,459513.0,986.2,1004.9,981.3,986.2,120694500,1084.8,887.6,1102.5,649.1,1002.6,464,6,1002.5,938,9,1002.4,1229,14,1002.3,943,16,1002.2,921,11,1002.7,121,2,1002.8,57,2,1002.9,39,1,1003.0,45,2,1003.1,202,1
317,2025-11-26 11:35:53+05:30,1002.7,9,997.67,5039839,418891.0,459504.0,986.2,1004.9,981.3,986.2,120694500,1084.8,887.6,1102.5,649.1,1002.6,281,3,1002.5,937,9,1002.4,1229,14,1002.3,943,16,1002.2,921,11,1002.7,112,2,1002.8,57,2,1002.9,39,1,1003.0,45,2,1003.1,202,1
317,2025-11-26 11:35:53+05:30,1002.7,9,997.67,5039839,418891.0,459504.0,986.2,1004.9,981.3,986.2,120694500,1084.8,887.6,1102.5,649.1,1002.6,281,3,1002.5,937,9,1002.4,1229,14,1002.3,943,16,1002.2,921,11,1002.7,112,2,1002.8,57,2,1002.9,39,1,1003.0,45,2,1003.1,202,1
317,2025-11-26 11:35:54+05:30,1002.7,12,997.67,5041753,420497.0,460232.0,986.2,1004.9,981.3,986.2,120694500,1084.8,887.6,1102.5,649.1,1002.6,138,2,1002.5,900,9,1002.4,1206,16,1002.3,1169,16,1002.2,573,9,1002.7,41,1,1002.8,62,2,1003.0,45,2,1003.2,387,5,1003.3,717,7
317,2025-11-26 11:35:54+05:30,1002.7,12,997.67,5041753,420497.0,460232.0,986.2,1004.9,981.3,986.2,120694500,1084.8,887.6,1102.5,649.1,1002.6,138,2,1002.5,900,9,1002.4,1206,16,1002.3,1169,16,1002.2,573,9,1002.7,41,1,1002.8,62,2,1003.0,45,2,1003.2,387,5,1003.3,717,7
317,2025-11-26 11:35:55+05:30,1002.6,15,997.67,5042092,416701.0,460431.0,986.2,1004.9,981.3,986.2,120694500,1084.8,887.6,1102.5,649.1,1002.6,226,3,1002.5,841,8,1002.4,1122,17,1002.3,1169,16,1002.2,573,9,1002.8,51,1,1003.0,45,2,1003.2,955,6,1003.3,492,6,1003.4,549,9
317,2025-11-26 11:35:55+05:30,1002.6,15,997.67,5042092,416701.0,460431.0,986.2,1004.9,981.3,986.2,120694500,1084.8,887.6,1102.5,649.1,1002.6,226,3,1002.5,841,8,1002.4,1122,17,1002.3,1169,16,1002.2,573,9,1002.8,51,1,1003.0,45,2,1003.2,955,6,1003.3,492,6,1003.4,549,9
317,2025-11-26 11:35:56+05:30,1002.6,66,997.67,5042158,415885.0,460449.0,986.2,1004.9,981.3,986.2,120694500,1084.8,887.6,1102.5,649.1,1002.6,160,3,1002.5,841,8,1002.4,1122,17,1002.3,1169,16,1002.2,573,9,1002.8,51,1,1003.0,45,2,1003.2,542,6,1003.3,492,6,1003.4,980,10
317,2025-11-26 11:35:56+05:30,1002.6,66,997.67,5042158,415885.0,460449.0,986.2,1004.9,981.3,986.2,120694500,1084.8,887.6,1102.5,649.1,1002.6,160,3,1002.5,841,8,1002.4,1122,17,1002.3,1169,16,1002.2,573,9,1002.8,51,1,1003.0,45,2,1003.2,542,6,1003.3,492,6,1003.4,980,10
317,2025-11-26 11:35:57+05:30,1002.6,66,997.67,5042158,415885.0,460449.0,986.2,1004.9,981.3,986.2,120694500,1084.8,887.6,1102.5,649.1,1002.6,160,3,1002.5,841,8,1002.4,1122,17,1002.3,1169,16,1002.2,573,9,1002.8,51,1,1003.0,45,2,1003.2,542,6,1003.3,492,6,1003.4,980,10
317,2025-11-26 11:35:58+05:30,1002.6,66,997.67,5042158,415898.0,460449.0,986.2,1004.9,981.3,986.2,120694500,1084.8,887.6,1102.5,649.1,1002.6,173,4,1002.5,973,9,1002.4,990,16,1002.3,1169,16,1002.2,573,9,1002.8,51,1,1003.0,45,2,1003.2,542,6,1003.3,492,6,1003.4,980,10
317,2025-11-26 11:35:58+05:30,1002.6,15,997.67,5042158,415898.0,460449.0,986.2,1004.9,981.3,986.2,120694500,1084.8,887.6,1102.5,649.1,1002.6,173,4,1002.5,973,9,1002.4,990,16,1002.3,1169,16,1002.2,573,9,1002.8,51,1,1003.0,45,2,1003.2,542,6,1003.3,492,6,1003.4,980,10
317,2025-11-26 11:35:59+05:30,1002.8,78,997.67,5042252,417120.0,460337.0,986.2,1004.9,981.3,986.2,120694500,1084.8,887.6,1102.5,649.1,1002.8,52,2,1002.7,71,2,1002.6,981,8,1002.5,1007,10,1002.4,1336,16,1002.9,32,1,1003.0,145,3,1003.2,423,7,1003.3,758,8,1003.4,528,7
317,2025-11-26 11:35:59+05:30,1002.8,78,997.67,5042252,417120.0,460337.0,986.2,1004.9,981.3,986.2,120694500,1084.8,887.6,1102.5,649.1,1002.8,52,2,1002.7,71,2,1002.6,981,8,1002.5,1007,10,1002.4,1336,16,1002.9,32,1,1003.0,145,3,1003.2,423,7,1003.3,758,8,1003.4,528,7
317,2025-11-26 11:36:00+05:30,1002.8,13,997.67,5042405,416594.0,462525.0,986.2,1004.9,981.3,986.2,120694500,1084.8,887.6,1102.5,649.1,1002.7,87,2,1002.6,677,4,1002.5,792,7,1002.4,1100,16,1002.3,1139,11,1002.8,83,1,1002.9,32,1,1003.0,145,3,1003.1,415,3,1003.2,518,7
317,2025-11-26 11:36:00+05:30,1002.8,13,997.67,5042405,416594.0,462525.0,986.2,1004.9,981.3,986.2,120694500,1084.8,887.6,1102.5,649.1,1002.7,87,2,1002.6,677,4,1002.5,792,7,1002.4,1100,16,1002.3,1139,11,1002.8,83,1,1002.9,32,1,1003.0,145,3,1003.1,415,3,1003.2,518,7
317,2025-11-26 11:36:01+05:30,1002.8,80,997.67,5042493,416673.0,461553.0,986.2,1004.9,981.3,986.2,120694500,1084.8,887.6,1102.5,649.1,1002.7,84,2,1002.6,841,5,1002.5,792,7,1002.4,1100,16,1002.3,1181,13,1002.8,3,1,1002.9,32,1,1003.0,145,3,1003.1,202,1,1003.2,531,8
317,2025-11-26 11:36:01+05:30,1002.8,80,997.67,5042493,416673.0,461553.0,986.2,1004.9,981.3,986.2,120694500,1084.8,887.6,1102.5,649.1,1002.7,84,2,1002.6,841,5,1002.5,792,7,1002.4,1100,16,1002.3,1181,13,1002.8,3,1,1002.9,32,1,1003.0,145,3,1003.1,202,1,1003.2,531,8
317,2025-11-26 11:36:02+05:30,1002.8,1,997.67,5042493,416673.0,461553.0,986.2,1004.9,981.3,986.2,120694500,1084.8,887.6,1102.5,649.1,1002.7,84,2,1002.6,841,5,1002.5,792,7,1002.4,1100,16,1002.3,1181,13,1002.8,3,1,1002.9,32,1,1003.0,145,3,1003.1,202,1,1003.2,531,8
317,2025-11-26 11:36:02+05:30,1002.8,1,997.67,5042494,416672.0,461676.0,986.2,1004.9,981.3,986.2,120694500,1084.8,887.6,1102.5,649.1,1002.7,84,2,1002.6,840,4,1002.5,792,7,1002.4,1100,16,1002.3,1181,13,1002.8,2,1,1002.9,32,1,1003.0,145,3,1003.1,202,1,1003.2,922,9
317,2025-11-26 11:36:03+05:30,1002.7,11,997.67,5042494,416672.0,461676.0,986.2,1004.9,981.3,986.2,120694500,1084.8,887.6,1102.5,649.1,1002.7,84,2,1002.6,840,4,1002.5,792,7,1002.4,1100,16,1002.3,1181,13,1002.8,2,1,1002.9,32,1,1003.0,145,3,1003.1,202,1,1003.2,922,9
317,2025-11-26 11:36:03+05:30,1002.7,11,997.67,5042505,416688.0,461763.0,986.2,1004.9,981.3,986.2,120694500,1084.8,887.6,1102.5,649.1,1002.7,73,2,1002.6,840,4,1002.5,658,6,1002.4,1100,16,1002.3,1181,13,1002.8,2,1,1002.9,32,1,1003.0,145,3,1003.1,202,1,1003.2,531,8
317,2025-11-26 11:36:04+05:30,1002.8,133,997.67,5042505,416688.0,461763.0,986.2,1004.9,981.3,986.2,120694500,1084.8,887.6,1102.5,649.1,1002.7,73,2,1002.6,840,4,1002.5,658,6,1002.4,1100,16,1002.3,1181,13,1002.8,2,1,1002.9,32,1,1003.0,145,3,1003.1,202,1,1003.2,531,8
317,2025-11-26 11:36:04+05:30,1002.8,133,997.67,5042823,416655.0,461528.0,986.2,1004.9,981.3,986.2,120694500,1084.8,887.6,1102.5,649.1,1002.7,73,2,1002.6,840,4,1002.5,619,5,1002.4,1129,16,1002.3,1061,12,1002.8,96,1,1002.9,32,1,1003.0,345,4,1003.1,56,1,1003.2,465,8
317,2025-11-26 11:36:05+05:30,1002.7,34,997.67,5042823,416655.0,461528.0,986.2,1004.9,981.3,986.2,120694500,1084.8,887.6,1102.5,649.1,1002.7,73,2,1002.6,840,4,1002.5,619,5,1002.4,1129,16,1002.3,1061,12,1002.8,96,1,1002.9,32,1,1003.0,345,4,1003.1,56,1,1003.2,465,8
317,2025-11-26 11:36:06+05:30,1002.7,34,997.67,5042925,415917.0,462204.0,986.2,1004.9,981.3,986.2,120694500,1084.8,887.6,1102.5,649.1,1002.5,1197,7,1002.4,983,14,1002.3,1172,13,1002.2,1099,13,1002.1,844,14,1002.7,96,1,1002.9,32,1,1003.0,345,4,1003.1,177,2,1003.2,573,9
317,2025-11-26 11:36:06+05:30,1002.7,154,997.67,5042925,415917.0,462204.0,986.2,1004.9,981.3,986.2,120694500,1084.8,887.6,1102.5,649.1,1002.5,1197,7,1002.4,983,14,1002.3,1172,13,1002.2,1099,13,1002.1,844,14,1002.7,96,1,1002.9,32,1,1003.0,345,4,1003.1,177,2,1003.2,573,9
317,2025-11-26 11:36:07+05:30,1002.7,154,997.67,5043079,416297.0,462147.0,986.2,1004.9,981.3,986.2,120694500,1084.8,887.6,1102.5,649.1,1002.5,1474,10,1002.4,983,14,1002.3,1052,12,1002.2,1099,13,1002.1,844,14,1002.7,96,1,1002.9,32,1,1003.0,345,4,1003.1,113,2,1003.2,524,8
317,2025-11-26 11:36:08+05:30,1002.7,154,997.67,5043079,416297.0,462147.0,986.2,1004.9,981.3,986.2,120694500,1084.8,887.6,1102.5,649.1,1002.5,1474,10,1002.4,983,14,1002.3,1052,12,1002.2,1099,13,1002.1,844,14,1002.7,96,1,1002.9,32,1,1003.0,345,4,1003.1,113,2,1003.2,524,8
317,2025-11-26 11:36:09+05:30,1002.7,146,997.67,5043225,416522.0,462787.0,986.2,1004.9,981.3,986.2,120694500,1084.8,887.6,1102.5,649.1,1002.7,19,1,1002.6,114,1,1002.5,1130,7,1002.4,876,14,1002.3,1268,13,1002.9,32,1,1003.0,345,4,1003.1,397,4,1003.2,407,7,1003.3,778,9
317,2025-11-26 11:36:09+05:30,1002.7,1,997.67,5043225,416522.0,462787.0,986.2,1004.9,981.3,986.2,120694500,1084.8,887.6,1102.5,649.1,1002.7,19,1,1002.6,114,1,1002.5,1130,7,1002.4,876,14,1002.3,1268,13,1002.9,32,1,1003.0,345,4,1003.1,397,4,1003.2,407,7,1003.3,778,9
317,2025-11-26 11:36:10+05:30,1002.7,1,997.67,5043226,416017.0,463112.0,986.2,1004.9,981.3,986.2,120694500,1084.8,887.6,1102.5,649.1,1002.7,18,1,1002.6,114,1,1002.5,626,5,1002.4,876,14,1002.3,1018,12,1002.8,96,1,1002.9,32,1,1003.0,465,5,1003.1,277,3,1003.2,973,10
317,2025-11-26 11:36:10+05:30,1003.0,48,997.67,5043226,416017.0,463112.0,986.2,1004.9,981.3,986.2,120694500,1084.8,887.6,1102.5,649.1,1002.7,18,1,1002.6,114,1,1002.5,626,5,1002.4,876,14,1002.3,1018,12,1002.8,96,1,1002.9,32,1,1003.0,465,5,1003.1,277,3,1003.2,973,10
317,2025-11-26 11:36:11+05:30,1003.0,1,997.68,5044724,420069.0,460163.0,986.2,1004.9,981.3,986.2,120694500,1084.8,887.6,1102.5,649.1,1003.0,194,1,1002.8,331,7,1002.7,681,8,1002.6,524,6,1002.5,1910,17,1003.1,100,1,1003.2,33,2,1003.3,100,1,1003.4,833,4,1003.5,641,10
317,2025-11-26 11:36:11+05:30,1003.1,100,997.68,5044724,420069.0,460163.0,986.2,1004.9,981.3,986.2,120694500,1084.8,887.6,1102.5,649.1,1003.0,194,1,1002.8,331,7,1002.7,681,8,1002.6,524,6,1002.5,1910,17,1003.1,100,1,1003.2,33,2,1003.3,100,1,1003.4,833,4,1003.5,641,10
317,2025-11-26 11:36:12+05:30,1003.1,100,997.68,5044824,421175.0,459416.0,986.2,1004.9,981.3,986.2,120694500,1084.8,887.6,1102.5,649.1,1003.0,194,1,1002.9,140,2,1002.8,594,9,1002.7,765,10,1002.6,1087,11,1003.2,33,2,1003.3,100,1,1003.4,369,1,1003.5,386,5,1003.6,641,8
317,2025-11-26 11:36:13+05:30,1003.2,37,997.68,5044862,421121.0,459507.0,986.2,1004.9,981.3,986.2,120694500,1084.8,887.6,1102.5,649.1,1003.0,334,3,1002.9,307,3,1002.8,661,10,1002.7,967,11,1002.6,1087,11,1003.2,32,1,1003.3,102,2,1003.5,654,4,1003.6,633,7,1003.7,649,10
317,2025-11-26 11:36:13+05:30,1003.2,37,997.68,5044862,421121.0,459507.0,986.2,1004.9,981.3,986.2,120694500,1084.8,887.6,1102.5,649.1,1003.0,334,3,1002.9,307,3,1002.8,661,10,1002.7,967,11,1002.6,1087,11,1003.2,32,1,1003.3,102,2,1003.5,654,4,1003.6,633,7,1003.7,649,10
317,2025-11-26 11:36:14+05:30,1003.1,184,997.68,5045046,421571.0,459618.0,986.2,1004.9,981.3,986.2,120694500,1084.8,887.6,1102.5,649.1,1003.0,224,2,1002.9,140,1,1002.8,853,11,1002.7,1046,13,1002.6,1087,11,1003.1,34,1,1003.2,32,1,1003.3,2,1,1003.4,397,1,1003.5,383,5
317,2025-11-26 11:36:14+05:30,1003.3,90,997.68,5045046,421571.0,459618.0,986.2,1004.9,981.3,986.2,120694500,1084.8,887.6,1102.5,649.1,1003.0,224,2,1002.9,140,1,1002.8,853,11,1002.7,1046,13,1002.6,1087,11,1003.1,34,1,1003.2,32,1,1003.3,2,1,1003.4,397,1,1003.5,383,5
317,2025-11-26 11:36:15+05:30,1003.3,90,997.68,5045367,424130.0,459584.0,986.2,1004.9,981.3,986.2,120694500,1084.8,887.6,1102.5,649.1,1003.1,108,2,1003.0,5,1,1002.9,428,5,1002.8,1154,11,1002.7,969,11,1003.3,2,1,1003.5,742,6,1003.6,754,9,1003.7,641,9,1003.8,680,13
317,2025-11-26 11:36:16+05:30,1003.1,1,997.68,5045368,424103.0,459541.0,986.2,1004.9,981.3,986.2,120694500,1084.8,887.6,1102.5,649.1,1003.1,120,3,1003.0,5,1,1002.9,404,4,1002.8,821,10,1002.7,1333,13,1003.3,2,1,1003.4,412,1,1003.5,330,5,1003.6,754,9,1003.7,585,7
317,2025-11-26 11:36:16+05:30,1003.1,13,997.68,5045368,424103.0,459541.0,986.2,1004.9,981.3,986.2,120694500,1084.8,887.6,1102.5,649.1,1003.1,120,3,1003.0,5,1,1002.9,404,4,1002.8,821,10,1002.7,1333,13,1003.3,2,1,1003.4,412,1,1003.5,330,5,1003.6,754,9,1003.7,585,7
317,2025-11-26 11:36:17+05:30,1003.1,13,997.68,5045488,423330.0,459656.0,986.2,1004.9,981.3,986.2,120694500,1084.8,887.6,1102.5,649.1,1003.0,35,2,1002.9,372,4,1002.8,874,10,1002.7,1131,12,1002.6,1216,11,1003.3,2,1,1003.4,49,1,1003.5,728,6,1003.6,756,10,1003.7,598,8
317,2025-11-26 11:36:18+05:30,1003.1,13,997.68,5045488,425277.0,459782.0,986.2,1004.9,981.3,986.2,120694500,1084.8,887.6,1102.5,649.1,1003.0,35,2,1002.9,348,3,1002.8,898,11,1002.7,1131,12,1002.6,1216,11,1003.2,18,1,1003.3,2,1,1003.4,49,1,1003.5,728,6,1003.6,864,11
317,2025-11-26 11:36:19+05:30,1003.2,46,997.68,5045674,424569.0,460549.0,986.2,1004.9,981.3,986.2,120694500,1084.8,887.6,1102.5,649.1,1003.0,5,1,1002.9,79,1,1002.8,717,5,1002.7,841,11,1002.6,930,10,1003.3,228,3,1003.4,532,5,1003.5,903,8,1003.6,642,8,1003.7,598,8
317,2025-11-26 11:36:19+05:30,1003.2,46,997.68,5045674,424569.0,460549.0,986.2,1004.9,981.3,986.2,120694500,1084.8,887.6,1102.5,649.1,1003.0,5,1,1002.9,79,1,1002.8,717,5,1002.7,841,11,1002.6,930,10,1003.3,228,3,1003.4,532,5,1003.5,903,8,1003.6,642,8,1003.7,598,8
317,2025-11-26 11:36:20+05:30,1003.2,46,997.68,5045674,425290.0,460550.0,986.2,1004.9,981.3,986.2,120694500,1084.8,887.6,1102.5,649.1,1003.0,266,3,1002.9,79,1,1002.8,692,7,1002.7,1731,11,1002.6,979,11,1003.1,96,1,1003.3,44,2,1003.4,809,4,1003.5,684,9,1003.6,662,10
317,2025-11-26 11:36:21+05:30,1003.2,46,997.68,5045674,425207.0,460567.0,986.2,1004.9,981.3,986.2,120694500,1084.8,887.6,1102.5,649.1,1003.0,266,3,1002.9,79,1,1002.8,528,6,1002.7,1761,12,1002.6,979,11,1003.1,96,1,1003.3,12,2,1003.4,809,4,1003.5,684,9,1003.6,662,10
317,2025-11-26 11:36:22+05:30,1003.2,46,997.68,5045674,425795.0,460622.0,986.2,1004.9,981.3,986.2,120694500,1084.8,887.6,1102.5,649.1,1003.0,261,2,1002.8,264,3,1002.7,1907,14,1002.6,1008,13,1002.5,1929,13,1003.1,96,1,1003.3,61,3,1003.4,963,6,1003.5,684,9,1003.6,662,10
317,2025-11-26 11:36:22+05:30,1003.0,15,997.68,5045674,425795.0,460622.0,986.2,1004.9,981.3,986.2,120694500,1084.8,887.6,1102.5,649.1,1003.0,261,2,1002.8,264,3,1002.7,1907,14,1002.6,1008,13,1002.5,1929,13,1003.1,96,1,1003.3,61,3,1003.4,963,6,1003.5,684,9,1003.6,662,10
317,2025-11-26 11:36:23+05:30,1003.0,15,997.68,5045695,425851.0,461693.0,986.2,1004.9,981.3,986.2,120694500,1084.8,887.6,1102.5,649.1,1003.0,240,2,1002.8,187,2,1002.7,1737,14,1002.6,1094,13,1002.5,2070,15,1003.1,236,2,1003.3,445,8,1003.4,877,6,1003.5,561,7,1003.6,649,9
317,2025-11-26 11:36:24+05:30,1003.1,88,997.68,5045879,425565.0,460267.0,986.2,1004.9,981.3,986.2,120694500,1084.8,887.6,1102.5,649.1,1003.0,241,3,1002.8,187,2,1002.7,1820,16,1002.6,1022,14,1002.5,2368,16,1003.1,148,2,1003.2,33,1,1003.3,328,5,1003.4,571,3,1003.5,574,8
317,2025-11-26 11:36:24+05:30,1003.1,16,997.68,5045879,425565.0,460267.0,986.2,1004.9,981.3,986.2,120694500,1084.8,887.6,1102.5,649.1,1003.0,241,3,1002.8,187,2,1002.7,1820,16,1002.6,1022,14,1002.5,2368,16,1003.1,148,2,1003.2,33,1,1003.3,328,5,1003.4,571,3,1003.5,574,8
317,2025-11-26 11:36:25+05:30,1002.7,6,997.68,5046143,424490.0,459685.0,986.2,1004.9,981.3,986.2,120694500,1084.8,887.6,1102.5,649.1,1002.7,1929,16,1002.6,1117,10,1002.5,1925,15,1002.4,1199,12,1002.3,766,9,1003.0,11,1,1003.1,36,1,1003.2,38,2,1003.3,130,3,1003.4,371,4
317,2025-11-26 11:36:25+05:30,1002.7,6,997.68,5046143,424490.0,459685.0,986.2,1004.9,981.3,986.2,120694500,1084.8,887.6,1102.5,649.1,1002.7,1929,16,1002.6,1117,10,1002.5,1925,15,1002.4,1199,12,1002.3,766,9,1003.0,11,1,1003.1,36,1,1003.2,38,2,1003.3,130,3,1003.4,371,4
317,2025-11-26 11:36:26+05:30,1003.0,85,997.68,5046228,424823.0,460239.0,986.2,1004.9,981.3,986.2,120694500,1084.8,887.6,1102.5,649.1,1002.8,171,3,1002.7,1830,15,1002.6,655,11,1002.5,1925,15,1002.4,1936,16,1003.0,96,1,1003.1,36,1,1003.2,38,2,1003.3,184,4,1003.4,384,5
317,2025-11-26 11:36:26+05:30,1003.0,85,997.68,5046228,424823.0,460239.0,986.2,1004.9,981.3,986.2,120694500,1084.8,887.6,1102.5,649.1,1002.8,171,3,1002.7,1830,15,1002.6,655,11,1002.5,1925,15,1002.4,1936,16,1003.0,96,1,1003.1,36,1,1003.2,38,2,1003.3,184,4,1003.4,384,5
317,2025-11-26 11:36:27+05:30,1003.0,26,997.68,5046254,424902.0,460198.0,986.2,1004.9,981.3,986.2,120694500,1084.8,887.6,1102.5,649.1,1002.8,250,4,1002.7,1830,15,1002.6,655,11,1002.5,1925,15,1002.4,1936,16,1003.0,70,1,1003.1,36,1,1003.2,38,2,1003.3,184,4,1003.4,384,5
317,2025-11-26 11:36:27+05:30,1003.0,26,997.68,5046254,424902.0,460198.0,986.2,1004.9,981.3,986.2,120694500,1084.8,887.6,1102.5,649.1,1002.8,250,4,1002.7,1830,15,1002.6,655,11,1002.5,1925,15,1002.4,1936,16,1003.0,70,1,1003.1,36,1,1003.2,38,2,1003.3,184,4,1003.4,384,5
317,2025-11-26 11:36:28+05:30,1003.0,26,997.68,5046254,424900.0,460198.0,986.2,1004.9,981.3,986.2,120694500,1084.8,887.6,1102.5,649.1,1002.8,250,4,1002.7,1830,15,1002.6,655,11,1002.5,1877,14,1002.4,1936,16,1003.0,70,1,1003.1,36,1,1003.2,38,2,1003.3,184,4,1003.4,384,5
317,2025-11-26 11:36:29+05:30,1003.0,185,997.68,5046254,424900.0,460198.0,986.2,1004.9,981.3,986.2,120694500,1084.8,887.6,1102.5,649.1,1002.8,250,4,1002.7,1830,15,1002.6,655,11,1002.5,1877,14,1002.4,1936,16,1003.0,70,1,1003.1,36,1,1003.2,38,2,1003.3,184,4,1003.4,384,5
317,2025-11-26 11:36:29+05:30,1003.0,185,997.68,5046439,424582.0,459831.0,986.2,1004.9,981.3,986.2,120694500,1084.8,887.6,1102.5,649.1,1002.8,171,3,1002.7,1635,13,1002.6,725,11,1002.5,1877,14,1002.4,1513,15,1002.9,140,1,1003.0,96,1,1003.1,36,1,1003.2,33,1,1003.3,12,2
317,2025-11-26 11:36:30+05:30,1003.2,60,997.68,5046439,424582.0,459831.0,986.2,1004.9,981.3,986.2,120694500,1084.8,887.6,1102.5,649.1,1003.1,772,3,1003.0,346,6,1002.9,279,3,1002.8,1280,15,1002.7,2088,15,1003.3,12,2,1003.4,1,1,1003.5,463,3,1003.6,540,7,1003.7,635,9
317,2025-11-26 11:36:30+05:30,1003.2,60,997.68,5047998,429467.0,458721.0,986.2,1004.9,981.3,986.2,120694500,1084.8,887.6,1102.5,649.1,1003.1,772,3,1003.0,346,6,1002.9,279,3,1002.8,1280,15,1002.7,2088,15,1003.3,12,2,1003.4,1,1,1003.5,463,3,1003.6,540,7,1003.7,635,9
317,2025-11-26 11:36:31+05:30,1003.5,25,997.68,5047998,429467.0,458721.0,986.2,1004.9,981.3,986.2,120694500,1084.8,887.6,1102.5,649.1,1003.1,772,3,1003.0,346,6,1002.9,279,3,1002.8,1280,15,1002.7,2088,15,1003.3,12,2,1003.4,1,1,1003.5,463,3,1003.6,540,7,1003.7,635,9
317,2025-11-26 11:36:31+05:30,1003.5,25,997.68,5048823,426875.0,460678.0,986.2,1004.9,981.3,986.2,120694500,1084.8,887.6,1102.5,649.1,1003.0,29,1,1002.9,590,7,1002.8,1386,10,1002.7,1748,13,1002.6,1372,16,1003.4,180,2,1003.5,836,6,1003.6,475,8,1003.7,623,9,1003.8,636,10
317,2025-11-26 11:36:32+05:30,1003.5,25,997.68,5048823,426222.0,460625.0,986.2,1004.9,981.3,986.2,120694500,1084.8,887.6,1102.5,649.1,1003.1,100,1,1003.0,135,2,1002.9,590,7,1002.8,886,9,1002.7,1748,13,1003.5,1016,8,1003.6,475,8,1003.7,623,9,1003.8,636,10,1003.9,517,11
317,2025-11-26 11:36:33+05:30,1003.5,25,997.68,5048823,427213.0,460913.0,986.2,1004.9,981.3,986.2,120694500,1084.8,887.6,1102.5,649.1,1003.1,113,2,1003.0,135,2,1002.9,535,6,1002.8,886,9,1002.7,1748,13,1003.4,90,1,1003.5,1161,8,1003.6,475,8,1003.7,623,9,1003.8,636,10
317,2025-11-26 11:36:34+05:30,1003.5,112,997.68,5048823,427213.0,460913.0,986.2,1004.9,981.3,986.2,120694500,1084.8,887.6,1102.5,649.1,1003.4,19,1,1003.1,226,3,1003.0,501,4,1002.9,590,7,1002.8,1554,12,1003.5,489,6,1003.6,432,8,1003.7,515,9,1003.8,636,10,1003.9,681,12
317,2025-11-26 11:36:34+05:30,1003.5,112,997.68,5049044,428211.0,459765.0,986.2,1004.9,981.3,986.2,120694500,1084.8,887.6,1102.5,649.1,1003.4,19,1,1003.1,226,3,1003.0,501,4,1002.9,590,7,1002.8,1554,12,1003.5,489,6,1003.6,432,8,1003.7,515,9,1003.8,636,10,1003.9,681,12
317,2025-11-26 11:36:35+05:30,1003.4,90,997.68,5049044,428211.0,459765.0,986.2,1004.9,981.3,986.2,120694500,1084.8,887.6,1102.5,649.1,1003.4,19,1,1003.1,226,3,1003.0,501,4,1002.9,590,7,1002.8,1554,12,1003.5,489,6,1003.6,432,8,1003.7,515,9,1003.8,636,10,1003.9,681,12
317,2025-11-26 11:36:35+05:30,1003.4,90,997.68,5049354,426309.0,460726.0,986.2,1004.9,981.3,986.2,120694500,1084.8,887.6,1102.5,649.1,1003.0,225,3,1002.9,680,8,1002.8,886,9,1002.7,1748,13,1002.6,1372,16,1003.5,1024,7,1003.6,672,6,1003.7,720,12,1003.8,634,10,1003.9,517,11
317,2025-11-26 11:36:36+05:30,1003.4,90,997.68,5049354,426258.0,460826.0,986.2,1004.9,981.3,986.2,120694500,1084.8,887.6,1102.5,649.1,1003.0,225,3,1002.9,680,8,1002.8,886,9,1002.7,1748,13,1002.6,1372,16,1003.5,1024,7,1003.6,672,6,1003.7,719,11,1003.8,635,11,1003.9,517,11
317,2025-11-26 11:36:37+05:30,1003.0,1,997.68,5049354,426258.0,460826.0,986.2,1004.9,981.3,986.2,120694500,1084.8,887.6,1102.5,649.1,1003.0,225,3,1002.9,680,8,1002.8,886,9,1002.7,1748,13,1002.6,1372,16,1003.5,1024,7,1003.6,672,6,1003.7,719,11,1003.8,635,11,1003.9,517,11
317,2025-11-26 11:36:37+05:30,1003.0,1,997.68,5049355,426343.0,460881.0,986.2,1004.9,981.3,986.2,120694500,1084.8,887.6,1102.5,649.1,1003.0,134,2,1002.9,715,8,1002.8,886,9,1002.7,1748,13,1002.6,1399,17,1003.5,1024,7,1003.6,727,7,1003.7,719,11,1003.8,635,11,1003.9,517,11
317,2025-11-26 11:36:38+05:30,1003.0,1,997.68,5049355,426344.0,460881.0,986.2,1004.9,981.3,986.2,120694500,1084.8,887.6,1102.5,649.1,1003.0,134,2,1002.9,715,8,1002.8,886,9,1002.7,1748,13,1002.6,1399,17,1003.5,1024,7,1003.6,727,7,1003.7,719,11,1003.8,635,11,1003.9,517,11
317,2025-11-26 11:36:39+05:30,1003.5,133,997.68,5049355,426344.0,460881.0,986.2,1004.9,981.3,986.2,120694500,1084.8,887.6,1102.5,649.1,1003.0,134,2,1002.9,715,8,1002.8,886,9,1002.7,1748,13,1002.6,1399,17,1003.5,1024,7,1003.6,727,7,1003.7,719,11,1003.8,635,11,1003.9,517,11
317,2025-11-26 11:36:39+05:30,1003.5,133,997.68,5049540,426337.0,461862.0,986.2,1004.9,981.3,986.2,120694500,1084.8,887.6,1102.5,649.1,1002.9,462,5,1002.8,946,11,1002.7,1599,9,1002.6,1086,12,1002.5,1808,14,1003.4,559,4,1003.5,870,12,1003.6,1024,10,1003.7,575,8,1003.8,583,10
317,2025-11-26 11:36:40+05:30,1003.1,82,997.68,5049540,426337.0,461862.0,986.2,1004.9,981.3,986.2,120694500,1084.8,887.6,1102.5,649.1,1002.9,462,5,1002.8,946,11,1002.7,1599,9,1002.6,1086,12,1002.5,1808,14,1003.4,559,4,1003.5,870,12,1003.6,1024,10,1003.7,575,8,1003.8,583,10
317,2025-11-26 11:36:40+05:30,1003.1,82,997.68,5049623,425842.0,461617.0,986.2,1004.9,981.3,986.2,120694500,1084.8,887.6,1102.5,649.1,1002.9,252,3,1002.8,866,14,1002.7,1647,12,1002.6,1300,13,1002.5,1853,15,1003.1,14,1,1003.4,628,3,1003.5,815,9,1003.6,985,11,1003.7,665,9
317,2025-11-26 11:36:41+05:30,1003.1,82,997.68,5049623,425901.0,460826.0,986.2,1004.9,981.3,986.2,120694500,1084.8,887.6,1102.5,649.1,1002.9,252,3,1002.8,1388,15,1002.7,1647,12,1002.6,1014,13,1002.5,1603,14,1003.1,14,1,1003.4,628,3,1003.5,587,7,1003.6,582,10,1003.7,665,9
317,2025-11-26 11:36:42+05:30,1003.1,82,997.68,5049623,424938.0,461009.0,986.2,1004.9,981.3,986.2,120694500,1084.8,887.6,1102.5,649.1,1002.9,5,1,1002.8,748,14,1002.7,1571,10,1002.6,695,9,1002.5,2017,16,1003.0,26,1,1003.1,14,1,1003.3,48,1,1003.4,792,4,1003.5,593,7
317,2025-11-26 11:36:43+05:30,1002.9,10,997.68,5049623,424938.0,461009.0,986.2,1004.9,981.3,986.2,120694500,1084.8,887.6,1102.5,649.1,1002.9,5,1,1002.8,748,14,1002.7,1571,10,1002.6,695,9,1002.5,2017,16,1003.0,26,1,1003.1,14,1,1003.3,48,1,1003.4,792,4,1003.5,593,7
317,2025-11-26 11:36:43+05:30,1002.9,10,997.68,5049733,425608.0,461400.0,986.2,1004.9,981.3,986.2,120694500,1084.8,887.6,1102.5,649.1,1002.9,5,1,1002.8,1020,7,1002.7,1730,13,1002.6,974,12,1002.5,1767,15,1003.0,26,1,1003.1,14,1,1003.2,5,1,1003.3,389,4,1003.4,578,5
317,2025-11-26 11:36:44+05:30,1003.1,2,997.68,5049733,425608.0,461400.0,986.2,1004.9,981.3,986.2,120694500,1084.8,887.6,1102.5,649.1,1002.9,5,1,1002.8,1020,7,1002.7,1730,13,1002.6,974,12,1002.5,1767,15,1003.0,26,1,1003.1,14,1,1003.2,5,1,1003.3,389,4,1003.4,578,5
317,2025-11-26 11:36:44+05:30,1003.1,2,997.68,5049775,426115.0,460813.0,986.2,1004.9,981.3,986.2,120694500,1084.8,887.6,1102.5,649.1,1003.0,19,1,1002.9,84,2,1002.8,1074,8,1002.7,1979,19,1002.6,974,12,1003.1,12,1,1003.3,48,1,1003.4,829,5,1003.5,654,8,1003.6,575,9
317,2025-11-26 11:36:45+05:30,1003.0,144,997.68,5049775,426115.0,460813.0,986.2,1004.9,981.3,986.2,120694500,1084.8,887.6,1102.5,649.1,1003.0,19,1,1002.9,84,2,1002.8,1074,8,1002.7,1979,19,1002.6,974,12,1003.1,12,1,1003.3,48,1,1003.4,829,5,1003.5,654,8,1003.6,575,9
317,2025-11-26 11:36:45+05:30,1003.0,144,997.68,5049919,425781.0,461147.0,986.2,1004.9,981.3,986.2,120694500,1084.8,887.6,1102.5,649.1,1002.9,112,3,1002.8,602,9,1002.7,1779,16,1002.6,1000,13,1002.5,1764,15,1003.0,96,1,1003.3,250,2,1003.4,882,6,1003.5,725,10,1003.6,575,9
317,2025-11-26 11:36:46+05:30,1002.9,1,997.68,5049919,425781.0,461147.0,986.2,1004.9,981.3,986.2,120694500,1084.8,887.6,1102.5,649.1,1002.9,112,3,1002.8,602,9,1002.7,1779,16,1002.6,1000,13,1002.5,1764,15,1003.0,96,1,1003.3,250,2,1003.4,882,6,1003.5,725,10,1003.6,575,9
317,2025-11-26 11:36:46+05:30,1002.9,1,997.68,5049920,426324.0,461147.0,986.2,1004.9,981.3,986.2,120694500,1084.8,887.6,1102.5,649.1,1002.9,111,3,1002.8,736,10,1002.7,1779,16,1002.6,1000,13,1002.5,1864,16,1003.0,96,1,1003.3,250,2,1003.4,882,6,1003.5,725,10,1003.6,575,9
317,2025-11-26 11:36:47+05:30,1002.9,1,997.68,5049920,426047.0,461162.0,986.2,1004.9,981.3,986.2,120694500,1084.8,887.6,1102.5,649.1,1002.9,32,2,1002.8,602,9,1002.7,1779,16,1002.6,1510,14,1002.5,1864,16,1003.0,96,1,1003.3,250,2,1003.4,882,6,1003.5,740,11,1003.6,575,9
317,2025-11-26 11:36:48+05:30,1003.0,10,997.68,5049920,426047.0,461162.0,986.2,1004.9,981.3,986.2,120694500,1084.8,887.6,1102.5,649.1,1002.9,32,2,1002.8,602,9,1002.7,1779,16,1002.6,1510,14,1002.5,1864,16,1003.0,96,1,1003.3,250,2,1003.4,882,6,1003.5,740,11,1003.6,575,9
317,2025-11-26 11:36:48+05:30,1003.0,10,997.68,5049930,425701.0,461143.0,986.2,1004.9,981.3,986.2,120694500,1084.8,887.6,1102.5,649.1,1002.9,32,2,1002.8,515,8,1002.7,1866,17,1002.6,1000,13,1002.5,1864,16,1003.0,86,1,1003.1,39,1,1003.3,202,1,1003.4,882,6,1003.5,740,11
317,2025-11-26 11:36:49+05:30,1003.0,186,997.68,5049930,425701.0,461143.0,986.2,1004.9,981.3,986.2,120694500,1084.8,887.6,1102.5,649.1,1002.9,32,2,1002.8,515,8,1002.7,1866,17,1002.6,1000,13,1002.5,1864,16,1003.0,86,1,1003.1,39,1,1003.3,202,1,1003.4,882,6,1003.5,740,11
317,2025-11-26 11:36:49+05:30,1003.0,186,997.68,5050135,425887.0,460955.0,986.2,1004.9,981.3,986.2,120694500,1084.8,887.6,1102.5,649.1,1002.9,18,2,1002.8,428,7,1002.7,1953,18,1002.6,750,12,1002.5,2114,17,1003.0,153,2,1003.1,39,1,1003.4,842,6,1003.5,740,11,1003.6,562,8
317,2025-11-26 11:36:50+05:30,1002.9,1,997.68,5050135,425887.0,460955.0,986.2,1004.9,981.3,986.2,120694500,1084.8,887.6,1102.5,649.1,1002.9,18,2,1002.8,428,7,1002.7,1953,18,1002.6,750,12,1002.5,2114,17,1003.0,153,2,1003.1,39,1,1003.4,842,6,1003.5,740,11,1003.6,562,8
317,2025-11-26 11:36:50+05:30,1002.8,19,997.68,5052909,426239.0,459522.0,986.2,1004.9,981.3,986.2,120694500,1084.8,887.6,1102.5,649.1,1002.8,358,7,1002.7,1851,16,1002.6,1301,13,1002.5,2090,17,1002.4,2057,17,1003.1,1,1,1003.4,816,5,1003.5,668,11,1003.6,442,8,1003.7,569,8
317,2025-11-26 11:36:51+05:30,1003.3,87,997.68,5052909,426239.0,459522.0,986.2,1004.9,981.3,986.2,120694500,1084.8,887.6,1102.5,649.1,1002.8,358,7,1002.7,1851,16,1002.6,1301,13,1002.5,2090,17,1002.4,2057,17,1003.1,1,1,1003.4,816,5,1003.5,668,11,1003.6,442,8,1003.7,569,8
317,2025-11-26 11:36:51+05:30,1003.4,88,997.68,5053087,427618.0,458726.0,986.2,1004.9,981.3,986.2,120694500,1084.8,887.6,1102.5,649.1,1003.0,284,5,1002.9,804,9,1002.8,691,11,1002.7,1821,15,1002.6,1363,15,1003.4,14,1,1003.5,478,7,1003.6,449,9,1003.7,562,7,1003.8,569,8
317,2025-11-26 11:36:52+05:30,1003.4,88,997.68,5053087,427618.0,458726.0,986.2,1004.9,981.3,986.2,120694500,1084.8,887.6,1102.5,649.1,1003.0,284,5,1002.9,804,9,1002.8,691,11,1002.7,1821,15,1002.6,1363,15,1003.4,14,1,1003.5,478,7,1003.6,449,9,1003.7,562,7,1003.8,569,8
317,2025-11-26 11:36:52+05:30,1003.4,88,997.68,5053087,427588.0,458841.0,986.2,1004.9,981.3,986.2,120694500,1084.8,887.6,1102.5,649.1,1003.0,113,3,1002.9,864,10,1002.8,770,12,1002.7,1821,15,1002.6,1406,16,1003.4,14,1,1003.5,532,8,1003.6,449,9,1003.7,563,8,1003.8,569,8
317,2025-11-26 11:36:53+05:30,1003.4,88,997.68,5053087,427731.0,459440.0,986.2,1004.9,981.3,986.2,120694500,1084.8,887.6,1102.5,649.1,1003.0,113,3,1002.9,782,9,1002.8,852,13,1002.7,1821,15,1002.6,1406,16,1003.4,14,1,1003.5,828,10,1003.6,498,10,1003.7,563,8,1003.8,1319,9
317,2025-11-26 11:36:54+05:30,1003.4,171,997.68,5053087,427731.0,459440.0,986.2,1004.9,981.3,986.2,120694500,1084.8,887.6,1102.5,649.1,1003.0,113,3,1002.9,782,9,1002.8,852,13,1002.7,1821,15,1002.6,1406,16,1003.4,14,1,1003.5,828,10,1003.6,498,10,1003.7,563,8,1003.8,1319,9
317,2025-11-26 11:36:55+05:30,1003.4,171,997.68,5053272,428224.0,460190.0,986.2,1004.9,981.3,986.2,120694500,1084.8,887.6,1102.5,649.1,1003.1,112,1,1003.0,113,3,1002.9,699,7,1002.8,721,11,1002.7,1985,17,1003.4,416,5,1003.5,1340,14,1003.6,504,11,1003.7,563,8,1003.8,1319,9
317,2025-11-26 11:36:55+05:30,1003.4,171,997.68,5053272,428065.0,460388.0,986.2,1004.9,981.3,986.2,120694500,1084.8,887.6,1102.5,649.1,1003.1,125,2,1003.0,113,3,1002.9,699,7,1002.8,708,10,1002.7,1985,17,1003.3,140,1,1003.4,394,4,1003.5,1258,13,1003.6,504,11,1003.7,563,8
317,2025-11-26 11:36:56+05:30,1003.4,171,997.68,5053272,427970.0,460388.0,986.2,1004.9,981.3,986.2,120694500,1084.8,887.6,1102.5,649.1,1003.1,125,2,1003.0,113,3,1002.9,699,7,1002.8,708,10,1002.7,1985,17,1003.3,140,1,1003.4,394,4,1003.5,1258,13,1003.6,504,11,1003.7,563,8
317,2025-11-26 11:36:57+05:30,1003.4,171,997.68,5053272,427969.0,460395.0,986.2,1004.9,981.3,986.2,120694500,1084.8,887.6,1102.5,649.1,1003.1,125,2,1003.0,112,3,1002.9,699,7,1002.8,708,10,1002.7,1985,17,1003.3,140,1,1003.4,394,4,1003.5,1258,13,1003.6,504,11,1003.7,563,8
317,2025-11-26 11:36:58+05:30,1003.3,134,997.68,5053272,427969.0,460395.0,986.2,1004.9,981.3,986.2,120694500,1084.8,887.6,1102.5,649.1,1003.1,125,2,1003.0,112,3,1002.9,699,7,1002.8,708,10,1002.7,1985,17,1003.3,140,1,1003.4,394,4,1003.5,1258,13,1003.6,504,11,1003.7,563,8
317,2025-11-26 11:36:58+05:30,1003.3,134,997.69,5053598,427319.0,460520.0,986.2,1004.9,981.3,986.2,120694500,1084.8,887.6,1102.5,649.1,1003.0,19,1,1002.9,347,5,1002.8,692,10,1002.7,1854,15,1002.6,1461,16,1003.3,6,1,1003.4,476,4,1003.5,1195,13,1003.6,694,12,1003.7,563,8
317,2025-11-26 11:36:59+05:30,1003.3,13,997.69,5053598,427319.0,460520.0,986.2,1004.9,981.3,986.2,120694500,1084.8,887.6,1102.5,649.1,1003.0,19,1,1002.9,347,5,1002.8,692,10,1002.7,1854,15,1002.6,1461,16,1003.3,6,1,1003.4,476,4,1003.5,1195,13,1003.6,694,12,1003.7,563,8
317,2025-11-26 11:37:00+05:30,1003.3,13,997.69,5053617,428168.0,463127.0,986.2,1004.9,981.3,986.2,120694500,1084.8,887.6,1102.5,649.1,1003.3,19,1,1003.0,129,2,1002.9,509,5,1002.8,1256,13,1002.7,1743,12,1003.4,451,7,1003.5,1146,14,1003.6,485,9,1003.7,2067,11,1003.8,553,7
317,2025-11-26 11:37:00+05:30,1003.3,82,997.69,5053617,428168.0,463127.0,986.2,1004.9,981.3,986.2,120694500,1084.8,887.6,1102.5,649.1,1003.3,19,1,1003.0,129,2,1002.9,509,5,1002.8,1256,13,1002.7,1743,12,1003.4,451,7,1003.5,1146,14,1003.6,485,9,1003.7,2067,11,1003.8,553,7
317,2025-11-26 11:37:01+05:30,1003.0,8,997.69,5053873,426593.0,461994.0,986.2,1004.9,981.3,986.2,120694500,1084.8,887.6,1102.5,649.1,1003.0,11,1,1002.9,204,2,1002.8,617,11,1002.7,1689,11,1002.6,1124,14,1003.3,169,4,1003.4,596,9,1003.5,1194,15,1003.6,598,10,1003.7,1317,10
317,2025-11-26 11:37:01+05:30,1003.3,1,997.69,5053873,426593.0,461994.0,986.2,1004.9,981.3,986.2,120694500,1084.8,887.6,1102.5,649.1,1003.0,11,1,1002.9,204,2,1002.8,617,11,1002.7,1689,11,1002.6,1124,14,1003.3,169,4,1003.4,596,9,1003.5,1194,15,1003.6,598,10,1003.7,1317,10
317,2025-11-26 11:37:02+05:30,1002.7,201,997.69,5055234,421090.0,462374.0,986.2,1004.9,981.3,986.2,120694500,1084.8,887.6,1102.5,649.1,1002.8,718,4,1002.7,1412,11,1002.6,1109,12,1002.5,2037,16,1002.4,2028,17,1003.3,153,3,1003.4,702,10,1003.5,1307,17,1003.6,635,12,1003.7,1147,8
317,2025-11-26 11:37:02+05:30,1002.8,15,997.69,5055234,421090.0,462374.0,986.2,1004.9,981.3,986.2,120694500,1084.8,887.6,1102.5,649.1,1002.8,718,4,1002.7,1412,11,1002.6,1109,12,1002.5,2037,16,1002.4,2028,17,1003.3,153,3,1003.4,702,10,1003.5,1307,17,1003.6,635,12,1003.7,1147,8
317,2025-11-26 11:37:03+05:30,1002.8,15,997.69,5055249,421426.0,462569.0,986.2,1004.9,981.3,986.2,120694500,1084.8,887.6,1102.5,649.1,1002.8,725,6,1002.7,1637,16,1002.6,1109,12,1002.5,2080,17,1002.4,2067,18,1003.3,153,3,1003.4,702,10,1003.5,1307,17,1003.6,633,11,1003.7,1309,9
317,2025-11-26 11:37:04+05:30,1003.3,28,997.69,5055435,421339.0,461883.0,986.2,1004.9,981.3,986.2,120694500,1084.8,887.6,1102.5,649.1,1002.8,725,6,1002.7,1637,16,1002.6,1122,13,1002.5,2080,17,1002.4,2008,17,1003.3,147,3,1003.4,628,9,1003.5,1307,17,1003.6,633,11,1003.7,1309,9
317,2025-11-26 11:37:04+05:30,1003.3,28,997.69,5055435,421339.0,461883.0,986.2,1004.9,981.3,986.2,120694500,1084.8,887.6,1102.5,649.1,1002.8,725,6,1002.7,1637,16,1002.6,1122,13,1002.5,2080,17,1002.4,2008,17,1003.3,147,3,1003.4,628,9,1003.5,1307,17,1003.6,633,11,1003.7,1309,9
317,2025-11-26 11:37:05+05:30,1002.8,29,997.69,5056127,421691.0,461563.0,986.2,1004.9,981.3,986.2,120694500,1084.8,887.6,1102.5,649.1,1002.8,937,9,1002.7,1637,16,1002.6,1321,14,1002.5,1830,16,1002.4,2077,18,1003.3,5,1,1003.4,494,6,1003.5,1429,21,1003.6,672,10,1003.7,1146,7
317,2025-11-26 11:37:05+05:30,1002.8,29,997.69,5056127,421691.0,461563.0,986.2,1004.9,981.3,986.2,120694500,1084.8,887.6,1102.5,649.1,1002.8,937,9,1002.7,1637,16,1002.6,1321,14,1002.5,1830,16,1002.4,2077,18,1003.3,5,1,1003.4,494,6,1003.5,1429,21,1003.6,672,10,1003.7,1146,7
317,2025-11-26 11:37:06+05:30,1003.3,10,997.69,5056138,421935.0,460871.0,986.2,1004.9,981.3,986.2,120694500,1084.8,887.6,1102.5,649.1,1002.9,26,2,1002.8,894,7,1002.7,1644,17,1002.6,1421,15,1002.5,1830,16,1003.3,5,1,1003.4,342,5,1003.5,727,13,1003.6,580,8,1003.7,1353,10
317,2025-11-26 11:37:06+05:30,1003.3,10,997.69,5056138,421935.0,460871.0,986.2,1004.9,981.3,986.2,120694500,1084.8,887.6,1102.5,649.1,1002.9,26,2,1002.8,894,7,1002.7,1644,17,1002.6,1421,15,1002.5,1830,16,1003.3,5,1,1003.4,342,5,1003.5,727,13,1003.6,580,8,1003.7,1353,10
317,2025-11-26 11:37:07+05:30,1003.3,10,997.69,5056138,421896.0,461033.0,986.2,1004.9,981.3,986.2,120694500,1084.8,887.6,1102.5,649.1,1002.9,26,2,1002.8,1056,8,1002.7,1644,17,1002.6,1421,15,1002.5,1830,16,1003.3,5,1,1003.4,342,5,1003.5,938,15,1003.6,580,8,1003.7,1353,10
317,2025-11-26 11:37:08+05:30,1003.3,2,997.69,5056140,422393.0,460717.0,986.2,1004.9,981.3,986.2,120694500,1084.8,887.6,1102.5,649.1,1003.0,369,1,1002.9,108,3,1002.8,1024,7,1002.7,1693,18,1002.6,1421,15,1003.3,3,1,1003.4,268,4,1003.5,903,15,1003.6,580,8,1003.7,1353,10
317,2025-11-26 11:37:08+05:30,1003.3,2,997.69,5056140,422393.0,460717.0,986.2,1004.9,981.3,986.2,120694500,1084.8,887.6,1102.5,649.1,1003.0,369,1,1002.9,108,3,1002.8,1024,7,1002.7,1693,18,1002.6,1421,15,1003.3,3,1,1003.4,268,4,1003.5,903,15,1003.6,580,8,1003.7,1353,10
317,2025-11-26 11:37:09+05:30,1003.3,27,997.69,5056167,423116.0,459860.0,986.2,1004.9,981.3,986.2,120694500,1084.8,887.6,1102.5,649.1,1003.3,19,1,1003.0,369,1,1002.9,247,4,1002.8,587,8,1002.7,1619,17,1003.4,751,7,1003.5,854,15,1003.6,412,6,1003.7,1314,9,1003.8,550,7
317,2025-11-26 11:37:09+05:30,1003.3,27,997.69,5056167,423116.0,459860.0,986.2,1004.9,981.3,986.2,120694500,1084.8,887.6,1102.5,649.1,1003.3,19,1,1003.0,369,1,1002.9,247,4,1002.8,587,8,1002.7,1619,17,1003.4,751,7,1003.5,854,15,1003.6,412,6,1003.7,1314,9,1003.8,550,7
317,2025-11-26 11:37:10+05:30,1003.3,157,997.69,5056325,422440.0,460046.0,986.2,1004.9,981.3,986.2,120694500,1084.8,887.6,1102.5,649.1,1003.0,369,1,1002.9,111,2,1002.8,441,7,1002.7,1619,17,1002.6,1398,14,1003.3,96,1,1003.4,581,5,1003.5,1056,19,1003.6,579,8,1003.7,1314,9
317,2025-11-26 11:37:10+05:30,1003.3,157,997.69,5056325,422440.0,460046.0,986.2,1004.9,981.3,986.2,120694500,1084.8,887.6,1102.5,649.1,1003.0,369,1,1002.9,111,2,1002.8,441,7,1002.7,1619,17,1002.6,1398,14,1003.3,96,1,1003.4,581,5,1003.5,1056,19,1003.6,579,8,1003.7,1314,9
317,2025-11-26 11:37:11+05:30,1003.3,157,997.69,5056325,422395.0,460034.0,986.2,1004.9,981.3,986.2,120694500,1084.8,887.6,1102.5,649.1,1003.0,382,2,1002.9,111,2,1002.8,616,9,1002.7,1606,16,1002.6,1398,14,1003.3,97,2,1003.4,716,8,1003.5,908,17,1003.6,579,8,1003.7,1314,9
317,2025-11-26 11:37:12+05:30,1003.3,3,997.69,5056425,422430.0,460101.0,986.2,1004.9,981.3,986.2,120694500,1084.8,887.6,1102.5,649.1,1003.0,382,2,1002.9,111,2,1002.8,616,9,1002.7,1619,17,1002.6,1420,14,1003.3,93,1,1003.4,555,8,1003.5,908,17,1003.6,579,8,1003.7,1314,9
317,2025-11-26 11:37:12+05:30,1003.3,3,997.69,5056425,422430.0,460101.0,986.2,1004.9,981.3,986.2,120694500,1084.8,887.6,1102.5,649.1,1003.0,382,2,1002.9,111,2,1002.8,616,9,1002.7,1619,17,1002.6,1420,14,1003.3,93,1,1003.4,555,8,1003.5,908,17,1003.6,579,8,1003.7,1314,9
317,2025-11-26 11:37:13+05:30,1003.3,3,997.69,5056425,422440.0,460263.0,986.2,1004.9,981.3,986.2,120694500,1084.8,887.6,1102.5,649.1,1003.0,392,3,1002.9,111,2,1002.8,616,9,1002.7,1619,17,1002.6,1420,14,1003.3,93,1,1003.4,488,7,1003.5,975,18,1003.6,579,8,1003.7,1314,9
317,2025-11-26 11:37:14+05:30,1003.3,3,997.69,5056612,422448.0,460355.0,986.2,1004.9,981.3,986.2,120694500,1084.8,887.6,1102.5,649.1,1003.1,112,1,1003.0,392,3,1002.9,111,2,1002.8,599,9,1002.7,1619,17,1003.3,93,1,1003.4,421,6,1003.5,896,17,1003.6,646,9,1003.7,1314,9
317,2025-11-26 11:37:14+05:30,1003.3,3,997.69,5056612,422448.0,460355.0,986.2,1004.9,981.3,986.2,120694500,1084.8,887.6,1102.5,649.1,1003.1,112,1,1003.0,392,3,1002.9,111,2,1002.8,599,9,1002.7,1619,17,1003.3,93,1,1003.4,421,6,1003.5,896,17,1003.6,646,9,1003.7,1314,9
317,2025-11-26 11:37:15+05:30,1003.1,112,997.69,5056724,422374.0,460119.0,986.2,1004.9,981.3,986.2,120694500,1084.8,887.6,1102.5,649.1,1003.0,392,3,1002.9,167,2,1002.8,738,11,1002.7,1619,17,1002.6,1215,11,1003.1,96,1,1003.4,421,6,1003.5,956,17,1003.6,597,8,1003.7,557,7
317,2025-11-26 11:37:15+05:30,1003.1,112,997.69,5056724,422374.0,460119.0,986.2,1004.9,981.3,986.2,120694500,1084.8,887.6,1102.5,649.1,1003.0,392,3,1002.9,167,2,1002.8,738,11,1002.7,1619,17,1002.6,1215,11,1003.1,96,1,1003.4,421,6,1003.5,956,17,1003.6,597,8,1003.7,557,7
317,2025-11-26 11:37:16+05:30,1003.1,112,997.69,5056724,422310.0,459735.0,986.2,1004.9,981.3,986.2,120694500,1084.8,887.6,1102.5,649.1,1003.0,392,3,1002.9,167,2,1002.8,738,11,1002.7,1619,17,1002.6,1215,11,1003.1,96,1,1003.2,61,1,1003.4,474,7,1003.5,561,14,1003.6,648,11
317,2025-11-26 11:37:16+05:30,1003.0,1,997.69,5056724,422310.0,459735.0,986.2,1004.9,981.3,986.2,120694500,1084.8,887.6,1102.5,649.1,1003.0,392,3,1002.9,167,2,1002.8,738,11,1002.7,1619,17,1002.6,1215,11,1003.1,96,1,1003.2,61,1,1003.4,474,7,1003.5,561,14,1003.6,648,11
317,2025-11-26 11:37:17+05:30,1003.0,1,997.69,5056725,422309.0,459734.0,986.2,1004.9,981.3,986.2,120694500,1084.8,887.6,1102.5,649.1,1003.0,392,4,1002.9,167,2,1002.8,738,11,1002.7,1644,18,1002.6,1238,12,1003.1,96,1,1003.2,61,1,1003.4,473,6,1003.5,561,14,1003.6,648,11
317,2025-11-26 11:37:17+05:30,1003.1,15,997.69,5056725,422309.0,459734.0,986.2,1004.9,981.3,986.2,120694500,1084.8,887.6,1102.5,649.1,1003.0,392,4,1002.9,167,2,1002.8,738,11,1002.7,1644,18,1002.6,1238,12,1003.1,96,1,1003.2,61,1,1003.4,473,6,1003.5,561,14,1003.6,648,11
317,2025-11-26 11:37:18+05:30,1003.1,15,997.69,5056740,422308.0,459719.0,986.2,1004.9,981.3,986.2,120694500,1084.8,887.6,1102.5,649.1,1003.0,392,4,1002.9,167,2,1002.8,738,11,1002.7,1644,18,1002.6,1238,12,1003.1,81,1,1003.2,61,1,1003.4,473,6,1003.5,561,14,1003.6,648,11
317,2025-11-26 11:37:19+05:30,1003.1,186,997.69,5056926,422360.0,459761.0,986.2,1004.9,981.3,986.2,120694500,1084.8,887.6,1102.5,649.1,1003.0,392,4,1002.9,167,2,1002.8,787,12,1002.7,1644,18,1002.6,1238,12,1003.1,96,1,1003.2,61,1,1003.4,473,6,1003.5,561,14,1003.6,648,11
317,2025-11-26 11:37:19+05:30,1003.1,186,997.69,5056926,422360.0,459761.0,986.2,1004.9,981.3,986.2,120694500,1084.8,887.6,1102.5,649.1,1003.0,392,4,1002.9,167,2,1002.8,787,12,1002.7,1644,18,1002.6,1238,12,1003.1,96,1,1003.2,61,1,1003.4,473,6,1003.5,561,14,1003.6,648,11
317,2025-11-26 11:37:20+05:30,1003.0,10,997.69,5057318,420587.0,460593.0,986.2,1004.9,981.3,986.2,120694500,1084.8,887.6,1102.5,649.1,1002.9,5,1,1002.8,117,3,1002.7,1450,15,1002.6,1166,11,1002.5,2061,17,1003.0,168,2,1003.2,66,2,1003.3,190,3,1003.4,779,9,1003.5,692,15
317,2025-11-26 11:37:20+05:30,1003.0,10,997.69,5057318,420587.0,460593.0,986.2,1004.9,981.3,986.2,120694500,1084.8,887.6,1102.5,649.1,1002.9,5,1,1002.8,117,3,1002.7,1450,15,1002.6,1166,11,1002.5,2061,17,1003.0,168,2,1003.2,66,2,1003.3,190,3,1003.4,779,9,1003.5,692,15
317,2025-11-26 11:37:21+05:30,1003.0,10,997.69,5057318,421143.0,460441.0,986.2,1004.9,981.3,986.2,120694500,1084.8,887.6,1102.5,649.1,1002.9,87,2,1002.8,195,4,1002.7,1641,17,1002.6,1101,11,1002.5,2061,17,1003.0,168,2,1003.2,66,2,1003.3,190,3,1003.4,627,8,1003.5,692,15
317,2025-11-26 11:37:22+05:30,1003.0,10,997.69,5057318,421081.0,460330.0,986.2,1004.9,981.3,986.2,120694500,1084.8,887.6,1102.5,649.1,1002.9,87,2,1002.8,117,3,1002.7,1641,17,1002.6,1117,11,1002.5,2061,17,1003.0,229,3,1003.1,50,1,1003.2,5,1,1003.3,190,3,1003.4,627,8
317,2025-11-26 11:37:23+05:30,1003.0,10,997.69,5057318,421143.0,460630.0,986.2,1004.9,981.3,986.2,120694500,1084.8,887.6,1102.5,649.1,1002.9,87,2,1002.8,117,3,1002.7,1641,17,1002.6,1179,11,1002.5,2061,17,1003.0,229,3,1003.1,50,1,1003.2,5,1,1003.3,190,3,1003.4,627,8
317,2025-11-26 11:37:24+05:30,1003.0,10,997.69,5057318,421143.0,460630.0,986.2,1004.9,981.3,986.2,120694500,1084.8,887.6,1102.5,649.1,1002.9,87,2,1002.8,117,3,1002.7,1641,17,1002.6,1179,11,1002.5,2061,17,1003.0,229,3,1003.1,50,1,1003.2,5,1,1003.3,190,3,1003.4,627,8
317,2025-11-26 11:37:24+05:30,1003.0,16,997.69,5057502,421030.0,460638.0,986.2,1004.9,981.3,986.2,120694500,1084.8,887.6,1102.5,649.1,1002.9,87,2,1002.8,726,5,1002.7,1641,17,1002.6,672,11,1002.5,2061,17,1003.0,237,3,1003.1,50,1,1003.2,5,1,1003.3,190,3,1003.4,627,8
317,2025-11-26 11:37:24+05:30,1003.0,16,997.69,5057502,421030.0,460638.0,986.2,1004.9,981.3,986.2,120694500,1084.8,887.6,1102.5,649.1,1002.9,87,2,1002.8,726,5,1002.7,1641,17,1002.6,672,11,1002.5,2061,17,1003.0,237,3,1003.1,50,1,1003.2,5,1,1003.3,190,3,1003.4,627,8
317,2025-11-26 11:37:24+05:30,1003.0,16,997.69,5057502,421030.0,460638.0,986.2,1004.9,981.3,986.2,120694500,1084.8,887.6,1102.5,649.1,1002.9,87,2,1002.8,726,5,1002.7,1641,17,1002.6,672,11,1002.5,2061,17,1003.0,237,3,1003.1,50,1,1003.2,5,1,1003.3,190,3,1003.4,627,8
317,2025-11-26 11:37:25+05:30,1003.0,16,997.69,5057502,421030.0,460638.0,986.2,1004.9,981.3,986.2,120694500,1084.8,887.6,1102.5,649.1,1002.9,87,2,1002.8,726,5,1002.7,1641,17,1002.6,672,11,1002.5,2061,17,1003.0,237,3,1003.1,50,1,1003.2,5,1,1003.3,190,3,1003.4,627,8
317,2025-11-26 11:37:25+05:30,1003.1,29,997.69,5058658,426008.0,457932.0,986.2,1004.9,981.3,986.2,120694500,1084.8,887.6,1102.5,649.1,1003.3,750,1,1003.2,151,3,1003.1,127,4,1003.0,169,2,1002.9,720,11,1003.4,41,3,1003.5,156,3,1003.6,865,5,1003.7,396,5,1003.8,356,6
317,2025-11-26 11:37:25+05:30,1003.1,29,997.69,5058658,426008.0,457932.0,986.2,1004.9,981.3,986.2,120694500,1084.8,887.6,1102.5,649.1,1003.3,750,1,1003.2,151,3,1003.1,127,4,1003.0,169,2,1002.9,720,11,1003.4,41,3,1003.5,156,3,1003.6,865,5,1003.7,396,5,1003.8,356,6
317,2025-11-26 11:37:25+05:30,1003.4,97,997.69,5058658,426008.0,457932.0,986.2,1004.9,981.3,986.2,120694500,1084.8,887.6,1102.5,649.1,1003.3,750,1,1003.2,151,3,1003.1,127,4,1003.0,169,2,1002.9,720,11,1003.4,41,3,1003.5,156,3,1003.6,865,5,1003.7,396,5,1003.8,356,6
317,2025-11-26 11:37:26+05:30,1003.4,97,997.69,5058658,426008.0,457932.0,986.2,1004.9,981.3,986.2,120694500,1084.8,887.6,1102.5,649.1,1003.3,750,1,1003.2,151,3,1003.1,127,4,1003.0,169,2,1002.9,720,11,1003.4,41,3,1003.5,156,3,1003.6,865,5,1003.7,396,5,1003.8,356,6
317,2025-11-26 11:37:26+05:30,1003.4,97,997.69,5059546,423850.0,459589.0,986.2,1004.9,981.3,986.2,120694500,1084.8,887.6,1102.5,649.1,1003.2,91,2,1003.1,61,1,1003.0,109,1,1002.9,472,6,1002.8,859,11,1003.4,1048,6,1003.5,653,6,1003.6,452,6,1003.7,516,6,1003.8,628,12
317,2025-11-26 11:37:26+05:30,1003.4,97,997.69,5059546,423850.0,459589.0,986.2,1004.9,981.3,986.2,120694500,1084.8,887.6,1102.5,649.1,1003.2,91,2,1003.1,61,1,1003.0,109,1,1002.9,472,6,1002.8,859,11,1003.4,1048,6,1003.5,653,6,1003.6,452,6,1003.7,516,6,1003.8,628,12
317,2025-11-26 11:37:27+05:30,1003.4,97,997.69,5059546,423850.0,459589.0,986.2,1004.9,981.3,986.2,120694500,1084.8,887.6,1102.5,649.1,1003.2,91,2,1003.1,61,1,1003.0,109,1,1002.9,472,6,1002.8,859,11,1003.4,1048,6,1003.5,653,6,1003.6,452,6,1003.7,516,6,1003.8,628,12
317,2025-11-26 11:37:27+05:30,1003.4,97,997.69,5059546,423495.0,459026.0,986.2,1004.9,981.3,986.2,120694500,1084.8,887.6,1102.5,649.1,1003.2,91,2,1003.1,61,1,1003.0,109,1,1002.9,472,6,1002.8,872,12,1003.4,405,5,1003.5,653,6,1003.6,512,7,1003.7,516,6,1003.8,628,12
317,2025-11-26 11:37:27+05:30,1003.4,97,997.69,5059546,423495.0,459026.0,986.2,1004.9,981.3,986.2,120694500,1084.8,887.6,1102.5,649.1,1003.2,91,2,1003.1,61,1,1003.0,109,1,1002.9,472,6,1002.8,872,12,1003.4,405,5,1003.5,653,6,1003.6,512,7,1003.7,516,6,1003.8,628,12
317,2025-11-26 11:37:27+05:30,1003.4,97,997.69,5059546,423495.0,459026.0,986.2,1004.9,981.3,986.2,120717750,1084.8,887.6,1102.5,649.1,1003.2,91,2,1003.1,61,1,1003.0,109,1,1002.9,472,6,1002.8,872,12,1003.4,405,5,1003.5,653,6,1003.6,512,7,1003.7,516,6,1003.8,628,12
317,2025-11-26 11:37:28+05:30,1003.4,97,997.69,5059546,423495.0,459026.0,986.2,1004.9,981.3,986.2,120717750,1084.8,887.6,1102.5,649.1,1003.2,91,2,1003.1,61,1,1003.0,109,1,1002.9,472,6,1002.8,872,12,1003.4,405,5,1003.5,653,6,1003.6,512,7,1003.7,516,6,1003.8,628,12
317,2025-11-26 11:37:28+05:30,1003.2,38,997.69,5059546,423495.0,459026.0,986.2,1004.9,981.3,986.2,120717750,1084.8,887.6,1102.5,649.1,1003.2,91,2,1003.1,61,1,1003.0,109,1,1002.9,472,6,1002.8,872,12,1003.4,405,5,1003.5,653,6,1003.6,512,7,1003.7,516,6,1003.8,628,12
317,2025-11-26 11:37:28+05:30,1003.2,38,997.69,5059675,423470.0,459272.0,986.2,1004.9,981.3,986.2,120717750,1084.8,887.6,1102.5,649.1,1003.2,44,2,1003.1,61,1,1003.0,109,1,1002.9,472,6,1002.8,872,12,1003.4,525,7,1003.5,819,7,1003.6,458,7,1003.7,517,7,1003.8,628,12
317,2025-11-26 11:37:29+05:30,1003.4,16,997.69,5059860,423478.0,459352.0,986.2,1004.9,981.3,986.2,120717750,1084.8,887.6,1102.5,649.1,1003.2,44,2,1003.1,61,1,1003.0,109,1,1002.9,472,6,1002.8,872,12,1003.4,545,6,1003.5,879,8,1003.6,458,7,1003.7,517,7,1003.8,628,12
317,2025-11-26 11:37:29+05:30,1003.4,16,997.69,5059860,423478.0,459352.0,986.2,1004.9,981.3,986.2,120717750,1084.8,887.6,1102.5,649.1,1003.2,44,2,1003.1,61,1,1003.0,109,1,1002.9,472,6,1002.8,872,12,1003.4,545,6,1003.5,879,8,1003.6,458,7,1003.7,517,7,1003.8,628,12
317,2025-11-26 11:37:30+05:30,1003.2,11,997.69,5059860,423478.0,459352.0,986.2,1004.9,981.3,986.2,120717750,1084.8,887.6,1102.5,649.1,1003.2,44,2,1003.1,61,1,1003.0,109,1,1002.9,472,6,1002.8,872,12,1003.4,545,6,1003.5,879,8,1003.6,458,7,1003.7,517,7,1003.8,628,12
317,2025-11-26 11:37:30+05:30,1003.2,11,997.69,5059871,423307.0,460336.0,986.2,1004.9,981.3,986.2,120717750,1084.8,887.6,1102.5,649.1,1003.2,33,2,1003.1,61,1,1003.0,109,1,1002.9,472,6,1002.8,825,11,1003.3,414,2,1003.4,1084,8,1003.5,878,9,1003.6,458,7,1003.7,517,7
317,2025-11-26 11:37:31+05:30,1003.2,8,997.69,5059871,423307.0,460336.0,986.2,1004.9,981.3,986.2,120717750,1084.8,887.6,1102.5,649.1,1003.2,33,2,1003.1,61,1,1003.0,109,1,1002.9,472,6,1002.8,825,11,1003.3,414,2,1003.4,1084,8,1003.5,878,9,1003.6,458,7,1003.7,517,7
317,2025-11-26 11:37:31+05:30,1003.2,8,997.69,5059925,422594.0,460580.0,986.2,1004.9,981.3,986.2,120717750,1084.8,887.6,1102.5,649.1,1003.2,8,1,1003.1,61,1,1002.9,310,5,1002.8,680,9,1002.7,1446,13,1003.3,498,4,1003.4,1018,7,1003.5,932,10,1003.6,458,7,1003.7,517,7
317,2025-11-26 11:37:32+05:30,1003.2,8,997.69,5059925,422687.0,460687.0,986.2,1004.9,981.3,986.2,120717750,1084.8,887.6,1102.5,649.1,1003.2,36,2,1003.1,61,1,1002.9,310,5,1002.8,1228,10,1002.7,1474,14,1003.3,444,3,1003.4,647,8,1003.5,878,9,1003.6,458,7,1003.7,1103,8
317,2025-11-26 11:37:33+05:30,1003.2,1,997.69,5059926,422715.0,460686.0,986.2,1004.9,981.3,986.2,120717750,1084.8,887.6,1102.5,649.1,1003.2,35,2,1003.1,61,1,1002.9,310,5,1002.8,1255,11,1002.7,1474,14,1003.3,444,3,1003.4,593,7,1003.5,878,9,1003.6,458,7,1003.7,1103,8
317,2025-11-26 11:37:33+05:30,1003.2,1,997.69,5059926,422715.0,460686.0,986.2,1004.9,981.3,986.2,120717750,1084.8,887.6,1102.5,649.1,1003.2,35,2,1003.1,61,1,1002.9,310,5,1002.8,1255,11,1002.7,1474,14,1003.3,444,3,1003.4,593,7,1003.5,878,9,1003.6,458,7,1003.7,1103,8
317,2025-11-26 11:37:34+05:30,1003.3,112,997.69,5060223,422996.0,460388.0,986.2,1004.9,981.3,986.2,120717750,1084.8,887.6,1102.5,649.1,1003.2,35,2,1003.1,61,1,1002.9,472,6,1002.8,1297,12,1002.7,1523,15,1003.3,147,3,1003.4,1070,6,1003.5,986,11,1003.6,458,7,1003.7,517,7
317,2025-11-26 11:37:34+05:30,1003.3,112,997.69,5060223,422996.0,460388.0,986.2,1004.9,981.3,986.2,120717750,1084.8,887.6,1102.5,649.1,1003.2,35,2,1003.1,61,1,1002.9,472,6,1002.8,1297,12,1002.7,1523,15,1003.3,147,3,1003.4,1070,6,1003.5,986,11,1003.6,458,7,1003.7,517,7
317,2025-11-26 11:37:35+05:30,1003.2,102,997.69,5060445,422485.0,460855.0,986.2,1004.9,981.3,986.2,120717750,1084.8,887.6,1102.5,649.1,1003.1,61,1,1002.9,267,4,1002.8,659,12,1002.7,1523,15,1002.6,1575,15,1003.2,96,1,1003.3,21,1,1003.4,1113,7,1003.5,824,8,1003.6,573,8
317,2025-11-26 11:37:35+05:30,1003.2,102,997.69,5060445,422485.0,460855.0,986.2,1004.9,981.3,986.2,120717750,1084.8,887.6,1102.5,649.1,1003.1,61,1,1002.9,267,4,1002.8,659,12,1002.7,1523,15,1002.6,1575,15,1003.2,96,1,1003.3,21,1,1003.4,1113,7,1003.5,824,8,1003.6,573,8
317,2025-11-26 11:37:36+05:30,1003.2,1,997.69,5060446,422660.0,460934.0,986.2,1004.9,981.3,986.2,120717750,1084.8,887.6,1102.5,649.1,1003.1,61,1,1002.9,267,4,1002.8,1383,14,1002.7,1523,15,1002.6,1267,15,1003.2,95,1,1003.3,21,1,1003.4,1059,6,1003.5,824,8,1003.6,627,9
317,2025-11-26 11:37:36+05:30,1003.2,1,997.69,5060446,422660.0,460934.0,986.2,1004.9,981.3,986.2,120717750,1084.8,887.6,1102.5,649.1,1003.1,61,1,1002.9,267,4,1002.8,1383,14,1002.7,1523,15,1002.6,1267,15,1003.2,95,1,1003.3,21,1,1003.4,1059,6,1003.5,824,8,1003.6,627,9
317,2025-11-26 11:37:37+05:30,1003.1,8,997.69,5060454,422884.0,461014.0,986.2,1004.9,981.3,986.2,120717750,1084.8,887.6,1102.5,649.1,1003.1,53,1,1002.9,267,4,1002.8,821,13,1002.7,1523,15,1002.6,1858,16,1003.2,95,1,1003.3,21,1,1003.4,1059,6,1003.5,877,9,1003.6,627,9
317,2025-11-26 11:37:37+05:30,1003.1,8,997.69,5060454,422884.0,461014.0,986.2,1004.9,981.3,986.2,120717750,1084.8,887.6,1102.5,649.1,1003.1,53,1,1002.9,267,4,1002.8,821,13,1002.7,1523,15,1002.6,1858,16,1003.2,95,1,1003.3,21,1,1003.4,1059,6,1003.5,877,9,1003.6,627,9
317,2025-11-26 11:37:38+05:30,1003.2,24,997.69,5060478,422930.0,460992.0,986.2,1004.9,981.3,986.2,120717750,1084.8,887.6,1102.5,649.1,1003.1,53,1,1002.9,267,4,1002.8,798,12,1002.7,1523,15,1002.6,1858,16,1003.2,71,1,1003.3,21,1,1003.4,1059,6,1003.5,879,10,1003.6,627,9
317,2025-11-26 11:37:38+05:30,1003.2,24,997.69,5060478,422930.0,460992.0,986.2,1004.9,981.3,986.2,120717750,1084.8,887.6,1102.5,649.1,1003.1,53,1,1002.9,267,4,1002.8,798,12,1002.7,1523,15,1002.6,1858,16,1003.2,71,1,1003.3,21,1,1003.4,1059,6,1003.5,879,10,1003.6,627,9
317,2025-11-26 11:37:39+05:30,1003.2,185,997.69,5060663,422751.0,460762.0,986.2,1004.9,981.3,986.2,120717750,1084.8,887.6,1102.5,649.1,1003.1,53,1,1002.9,429,5,1002.8,1259,13,1002.7,1523,15,1002.6,1267,15,1003.2,96,1,1003.3,21,1,1003.4,897,5,1003.5,717,9,1003.6,573,8
317,2025-11-26 11:37:39+05:30,1003.2,185,997.69,5060663,422751.0,460762.0,986.2,1004.9,981.3,986.2,120717750,1084.8,887.6,1102.5,649.1,1003.1,53,1,1002.9,429,5,1002.8,1259,13,1002.7,1523,15,1002.6,1267,15,1003.2,96,1,1003.3,21,1,1003.4,897,5,1003.5,717,9,1003.6,573,8
317,2025-11-26 11:37:40+05:30,1003.1,53,997.69,5060716,422297.0,461195.0,986.2,1004.9,981.3,986.2,120717750,1084.8,887.6,1102.5,649.1,1003.0,83,1,1002.9,154,3,1002.8,687,11,1002.7,1552,16,1002.6,1570,15,1003.1,139,2,1003.3,268,3,1003.4,1005,5,1003.5,1048,13,1003.6,579,9
317,2025-11-26 11:37:40+05:30,1003.1,53,997.69,5060716,422297.0,461195.0,986.2,1004.9,981.3,986.2,120717750,1084.8,887.6,1102.5,649.1,1003.0,83,1,1002.9,154,3,1002.8,687,11,1002.7,1552,16,1002.6,1570,15,1003.1,139,2,1003.3,268,3,1003.4,1005,5,1003.5,1048,13,1003.6,579,9
317,2025-11-26 11:37:41+05:30,1003.1,53,997.69,5060716,422297.0,460808.0,986.2,1004.9,981.3,986.2,120717750,1084.8,887.6,1102.5,649.1,1003.0,83,1,1002.9,154,3,1002.8,687,11,1002.7,1552,16,1002.6,1820,16,1003.1,139,2,1003.3,268,3,1003.4,1005,5,1003.5,660,12,1003.6,579,9
317,2025-11-26 11:37:42+05:30,1003.1,53,997.69,5060716,421618.0,460807.0,986.2,1004.9,981.3,986.2,120717750,1084.8,887.6,1102.5,649.1,1003.0,84,2,1002.9,76,2,1002.8,479,7,1002.7,1512,14,1002.6,1029,15,1003.1,139,2,1003.3,268,3,1003.4,1122,8,1003.5,675,13,1003.6,579,9
317,2025-11-26 11:37:43+05:30,1003.1,53,997.69,5060716,421650.0,460761.0,986.2,1004.9,981.3,986.2,120717750,1084.8,887.6,1102.5,649.1,1003.0,85,3,1002.9,76,2,1002.8,479,7,1002.7,1512,14,1002.6,1060,17,1003.1,139,2,1003.3,272,4,1003.4,1056,5,1003.5,660,12,1003.6,595,10
317,2025-11-26 11:37:44+05:30,1003.1,3,997.69,5060903,422283.0,460757.0,986.2,1004.9,981.3,986.2,120717750,1084.8,887.6,1102.5,649.1,1003.0,85,3,1002.9,76,2,1002.8,479,7,1002.7,1525,15,1002.6,1060,17,1003.1,144,2,1003.2,36,1,1003.3,227,3,1003.4,1056,5,1003.5,660,12
317,2025-11-26 11:37:44+05:30,1003.1,3,997.69,5060903,422283.0,460757.0,986.2,1004.9,981.3,986.2,120717750,1084.8,887.6,1102.5,649.1,1003.0,85,3,1002.9,76,2,1002.8,479,7,1002.7,1525,15,1002.6,1060,17,1003.1,144,2,1003.2,36,1,1003.3,227,3,1003.4,1056,5,1003.5,660,12
317,2025-11-26 11:37:45+05:30,1003.0,5,997.69,5060994,421290.0,460993.0,986.2,1004.9,981.3,986.2,120717750,1084.8,887.6,1102.5,649.1,1002.9,76,2,1002.8,421,6,1002.7,1444,13,1002.6,752,17,1002.5,2228,18,1003.0,53,2,1003.2,41,2,1003.3,389,4,1003.4,1094,8,1003.5,666,13
317,2025-11-26 11:37:45+05:30,1003.0,1,997.69,5060994,421290.0,460993.0,986.2,1004.9,981.3,986.2,120717750,1084.8,887.6,1102.5,649.1,1002.9,76,2,1002.8,421,6,1002.7,1444,13,1002.6,752,17,1002.5,2228,18,1003.0,53,2,1003.2,41,2,1003.3,389,4,1003.4,1094,8,1003.5,666,13
317,2025-11-26 11:37:46+05:30,1003.0,5,997.69,5061005,421601.0,460465.0,986.2,1004.9,981.3,986.2,120717750,1084.8,887.6,1102.5,649.1,1002.9,76,2,1002.8,357,6,1002.7,1444,13,1002.6,1289,18,1002.5,2228,18,1003.0,138,2,1003.2,41,2,1003.3,389,4,1003.4,788,6,1003.5,613,12
317,2025-11-26 11:37:46+05:30,1003.0,5,997.69,5061005,421601.0,460465.0,986.2,1004.9,981.3,986.2,120717750,1084.8,887.6,1102.5,649.1,1002.9,76,2,1002.8,357,6,1002.7,1444,13,1002.6,1289,18,1002.5,2228,18,1003.0,138,2,1003.2,41,2,1003.3,389,4,1003.4,788,6,1003.5,613,12
317,2025-11-26 11:37:47+05:30,1002.9,88,997.69,5061156,421448.0,460802.0,986.2,1004.9,981.3,986.2,120717750,1084.8,887.6,1102.5,649.1,1002.9,13,1,1002.8,177,4,1002.7,1328,9,1002.6,1149,12,1002.5,2228,18,1003.0,138,2,1003.2,41,2,1003.3,577,7,1003.4,790,4,1003.5,711,16
317,2025-11-26 11:37:47+05:30,1002.9,88,997.69,5061156,421448.0,460802.0,986.2,1004.9,981.3,986.2,120717750,1084.8,887.6,1102.5,649.1,1002.9,13,1,1002.8,177,4,1002.7,1328,9,1002.6,1149,12,1002.5,2228,18,1003.0,138,2,1003.2,41,2,1003.3,577,7,1003.4,790,4,1003.5,711,16
317,2025-11-26 11:37:48+05:30,1002.9,88,997.69,5061156,421744.0,460806.0,986.2,1004.9,981.3,986.2,120717750,1084.8,887.6,1102.5,649.1,1002.9,13,1,1002.8,255,5,1002.7,1328,9,1002.6,1290,19,1002.5,2228,18,1003.0,138,2,1003.1,40,1,1003.2,5,1,1003.3,577,7,1003.4,790,4
317,2025-11-26 11:37:49+05:30,1003.0,105,997.69,5062202,421478.0,460140.0,986.2,1004.9,981.3,986.2,120717750,1084.8,887.6,1102.5,649.1,1002.9,13,1,1002.8,447,6,1002.7,1344,11,1002.6,950,17,1002.5,1978,17,1003.0,87,1,1003.1,40,1,1003.3,75,3,1003.4,634,3,1003.5,544,9
317,2025-11-26 11:37:49+05:30,1003.3,202,997.69,5062202,421478.0,460140.0,986.2,1004.9,981.3,986.2,120717750,1084.8,887.6,1102.5,649.1,1002.9,13,1,1002.8,447,6,1002.7,1344,11,1002.6,950,17,1002.5,1978,17,1003.0,87,1,1003.1,40,1,1003.3,75,3,1003.4,634,3,1003.5,544,9
317,2025-11-26 11:37:50+05:30,1002.9,100,997.7,5063905,422383.0,459639.0,986.2,1004.9,981.3,986.2,120717750,1084.8,887.6,1102.5,649.1,1002.8,1040,16,1002.7,1491,12,1002.6,1137,17,1002.5,2045,18,1002.4,2119,18,1003.3,87,1,1003.5,1089,10,1003.6,475,6,1003.7,710,13,1003.8,635,8
317,2025-11-26 11:37:50+05:30,1002.9,100,997.7,5063905,422383.0,459639.0,986.2,1004.9,981.3,986.2,120717750,1084.8,887.6,1102.5,649.1,1002.8,1040,16,1002.7,1491,12,1002.6,1137,17,1002.5,2045,18,1002.4,2119,18,1003.3,87,1,1003.5,1089,10,1003.6,475,6,1003.7,710,13,1003.8,635,8
317,2025-11-26 11:37:51+05:30,1003.3,87,997.7,5064001,423780.0,459558.0,986.2,1004.9,981.3,986.2,120717750,1084.8,887.6,1102.5,649.1,1002.9,644,9,1002.8,811,17,1002.7,1491,12,1002.6,1475,17,1002.5,2045,18,1003.4,309,1,1003.5,832,6,1003.6,506,8,1003.7,625,11,1003.8,659,10
317,2025-11-26 11:37:51+05:30,1003.3,87,997.7,5064001,423780.0,459558.0,986.2,1004.9,981.3,986.2,120717750,1084.8,887.6,1102.5,649.1,1002.9,644,9,1002.8,811,17,1002.7,1491,12,1002.6,1475,17,1002.5,2045,18,1003.4,309,1,1003.5,832,6,1003.6,506,8,1003.7,625,11,1003.8,659,10
317,2025-11-26 11:37:52+05:30,1003.4,111,997.7,5064112,423977.0,459478.0,986.2,1004.9,981.3,986.2,120717750,1084.8,887.6,1102.5,649.1,1002.9,778,11,1002.8,1086,20,1002.7,1491,12,1002.6,1475,17,1002.5,2045,18,1003.3,249,1,1003.4,680,2,1003.5,589,6,1003.6,299,4,1003.7,599,12
317,2025-11-26 11:37:52+05:30,1003.4,111,997.7,5064112,423977.0,459478.0,986.2,1004.9,981.3,986.2,120717750,1084.8,887.6,1102.5,649.1,1002.9,778,11,1002.8,1086,20,1002.7,1491,12,1002.6,1475,17,1002.5,2045,18,1003.3,249,1,1003.4,680,2,1003.5,589,6,1003.6,299,4,1003.7,599,12
317,2025-11-26 11:37:53+05:30,1003.4,111,997.7,5064112,423919.0,459929.0,986.2,1004.9,981.3,986.2,120717750,1084.8,887.6,1102.5,649.1,1002.9,791,12,1002.8,1024,18,1002.7,1491,12,1002.6,1475,17,1002.5,2045,18,1003.3,249,1,1003.4,842,3,1003.5,615,8,1003.6,348,5,1003.7,573,10
317,2025-11-26 11:37:54+05:30,1003.3,184,997.7,5064296,424033.0,459876.0,986.2,1004.9,981.3,986.2,120717750,1084.8,887.6,1102.5,649.1,1003.0,112,1,1002.9,923,13,1002.8,1024,18,1002.7,1491,12,1002.6,1475,17,1003.3,65,1,1003.4,842,3,1003.5,615,8,1003.6,348,5,1003.7,624,11
317,2025-11-26 11:37:54+05:30,1003.3,184,997.7,5064296,424033.0,459876.0,986.2,1004.9,981.3,986.2,120717750,1084.8,887.6,1102.5,649.1,1003.0,112,1,1002.9,923,13,1002.8,1024,18,1002.7,1491,12,1002.6,1475,17,1003.3,65,1,1003.4,842,3,1003.5,615,8,1003.6,348,5,1003.7,624,11
317,2025-11-26 11:37:55+05:30,1003.3,184,997.7,5064296,424041.0,460429.0,986.2,1004.9,981.3,986.2,120717750,1084.8,887.6,1102.5,649.1,1003.0,163,2,1002.9,923,13,1002.8,1024,18,1002.7,1491,12,1002.6,1475,17,1003.3,338,4,1003.4,1020,5,1003.5,664,9,1003.6,348,5,1003.7,624,11
317,2025-11-26 11:37:56+05:30,1003.3,184,997.7,5064296,424043.0,460672.0,986.2,1004.9,981.3,986.2,120717750,1084.8,887.6,1102.5,649.1,1003.0,176,3,1002.9,910,12,1002.8,1024,18,1002.7,1491,12,1002.6,1475,17,1003.3,338,4,1003.4,1020,5,1003.5,664,9,1003.6,348,5,1003.7,624,11
317,2025-11-26 11:37:57+05:30,1003.0,1,997.7,5064297,423809.0,460623.0,986.2,1004.9,981.3,986.2,120717750,1084.8,887.6,1102.5,649.1,1003.0,175,3,1002.9,910,12,1002.8,1024,18,1002.7,1491,12,1002.6,1475,17,1003.3,338,4,1003.4,1020,5,1003.5,615,8,1003.6,299,4,1003.7,624,11
317,2025-11-26 11:37:57+05:30,1003.0,1,997.7,5064297,423809.0,460623.0,986.2,1004.9,981.3,986.2,120717750,1084.8,887.6,1102.5,649.1,1003.0,175,3,1002.9,910,12,1002.8,1024,18,1002.7,1491,12,1002.6,1475,17,1003.3,338,4,1003.4,1020,5,1003.5,615,8,1003.6,299,4,1003.7,624,11
317,2025-11-26 11:37:58+05:30,1003.0,1,997.7,5064297,423834.0,460722.0,986.2,1004.9,981.3,986.2,120717750,1084.8,887.6,1102.5,649.1,1003.0,175,3,1002.9,910,12,1002.8,1024,18,1002.7,1491,12,1002.6,1475,17,1003.3,338,4,1003.4,1020,5,1003.5,665,9,1003.6,348,5,1003.7,624,11
317,2025-11-26 11:37:59+05:30,1003.3,120,997.7,5064482,423423.0,460699.0,986.2,1004.9,981.3,986.2,120717750,1084.8,887.6,1102.5,649.1,1003.0,175,3,1002.9,867,11,1002.8,1024,18,1002.7,1491,12,1002.6,1273,16,1003.3,315,4,1003.4,975,4,1003.5,710,10,1003.6,348,5,1003.7,624,11
317,2025-11-26 11:37:59+05:30,1003.3,120,997.7,5064482,423423.0,460699.0,986.2,1004.9,981.3,986.2,120717750,1084.8,887.6,1102.5,649.1,1003.0,175,3,1002.9,867,11,1002.8,1024,18,1002.7,1491,12,1002.6,1273,16,1003.3,315,4,1003.4,975,4,1003.5,710,10,1003.6,348,5,1003.7,624,11
317,2025-11-26 11:38:00+05:30,1003.3,1,997.7,5066001,423762.0,459283.0,986.2,1004.9,981.3,986.2,120717750,1084.8,887.6,1102.5,649.1,1003.1,113,2,1003.0,197,4,1002.9,609,5,1002.8,802,12,1002.7,1711,18,1003.4,331,2,1003.5,769,10,1003.6,816,6,1003.7,600,8,1003.8,604,11
317,2025-11-26 11:38:00+05:30,1003.4,130,997.7,5066001,423762.0,459283.0,986.2,1004.9,981.3,986.2,120717750,1084.8,887.6,1102.5,649.1,1003.1,113,2,1003.0,197,4,1002.9,609,5,1002.8,802,12,1002.7,1711,18,1003.4,331,2,1003.5,769,10,1003.6,816,6,1003.7,600,8,1003.8,604,11
317,2025-11-26 11:38:01+05:30,1003.2,8,997.7,5066169,424394.0,459700.0,986.2,1004.9,981.3,986.2,120717750,1084.8,887.6,1102.5,649.1,1003.2,145,3,1003.1,113,2,1003.0,323,5,1002.9,658,6,1002.8,1836,17,1003.4,204,3,1003.5,478,7,1003.6,811,6,1003.7,600,8,1003.8,610,12
317,2025-11-26 11:38:01+05:30,1003.2,8,997.7,5066169,424394.0,459700.0,986.2,1004.9,981.3,986.2,120717750,1084.8,887.6,1102.5,649.1,1003.2,145,3,1003.1,113,2,1003.0,323,5,1002.9,658,6,1002.8,1836,17,1003.4,204,3,1003.5,478,7,1003.6,811,6,1003.7,600,8,1003.8,610,12
317,2025-11-26 11:38:02+05:30,1003.4,5,997.7,5066174,424389.0,459706.0,986.2,1004.9,981.3,986.2,120717750,1084.8,887.6,1102.5,649.1,1003.2,158,4,1003.1,113,2,1003.0,310,4,1002.9,658,6,1002.8,1888,18,1003.4,203,4,1003.5,478,7,1003.6,851,7,1003.7,560,7,1003.8,610,12
317,2025-11-26 11:38:02+05:30,1003.4,5,997.7,5066174,424389.0,459706.0,986.2,1004.9,981.3,986.2,120717750,1084.8,887.6,1102.5,649.1,1003.2,158,4,1003.1,113,2,1003.0,310,4,1002.9,658,6,1002.8,1888,18,1003.4,203,4,1003.5,478,7,1003.6,851,7,1003.7,560,7,1003.8,610,12
317,2025-11-26 11:38:03+05:30,1003.3,82,997.7,5066174,424389.0,459706.0,986.2,1004.9,981.3,986.2,120717750,1084.8,887.6,1102.5,649.1,1003.2,158,4,1003.1,113,2,1003.0,310,4,1002.9,658,6,1002.8,1888,18,1003.4,203,4,1003.5,478,7,1003.6,851,7,1003.7,560,7,1003.8,610,12
317,2025-11-26 11:38:03+05:30,1003.3,82,997.7,5066256,424205.0,460560.0,986.2,1004.9,981.3,986.2,120717750,1084.8,887.6,1102.5,649.1,1003.2,86,2,1003.0,310,4,1002.9,456,5,1002.8,1501,16,1002.7,1679,17,1003.3,98,1,1003.4,243,5,1003.5,724,10,1003.6,943,8,1003.7,564,7
317,2025-11-26 11:38:04+05:30,1003.4,14,997.7,5066256,424205.0,460560.0,986.2,1004.9,981.3,986.2,120717750,1084.8,887.6,1102.5,649.1,1003.2,86,2,1003.0,310,4,1002.9,456,5,1002.8,1501,16,1002.7,1679,17,1003.3,98,1,1003.4,243,5,1003.5,724,10,1003.6,943,8,1003.7,564,7
317,2025-11-26 11:38:04+05:30,1003.4,38,997.7,5066628,424528.0,460128.0,986.2,1004.9,981.3,986.2,120717750,1084.8,887.6,1102.5,649.1,1003.2,13,1,1003.0,310,4,1002.9,849,7,1002.8,1789,18,1002.7,1929,18,1003.4,360,4,1003.5,527,7,1003.6,1082,9,1003.7,564,7,1003.8,650,13
317,2025-11-26 11:38:05+05:30,1003.4,38,997.7,5066628,424528.0,460128.0,986.2,1004.9,981.3,986.2,120717750,1084.8,887.6,1102.5,649.1,1003.2,13,1,1003.0,310,4,1002.9,849,7,1002.8,1789,18,1002.7,1929,18,1003.4,360,4,1003.5,527,7,1003.6,1082,9,1003.7,564,7,1003.8,650,13
317,2025-11-26 11:38:06+05:30,1003.4,38,997.7,5066628,425257.0,459588.0,986.2,1004.9,981.3,986.2,120717750,1084.8,887.6,1102.5,649.1,1003.2,13,1,1003.0,360,5,1002.9,545,6,1002.8,1852,19,1002.7,1929,18,1003.4,364,6,1003.5,719,9,1003.6,503,7,1003.7,565,8,1003.8,610,12
317,2025-11-26 11:38:06+05:30,1003.4,2,997.7,5066628,425257.0,459588.0,986.2,1004.9,981.3,986.2,120717750,1084.8,887.6,1102.5,649.1,1003.2,13,1,1003.0,360,5,1002.9,545,6,1002.8,1852,19,1002.7,1929,18,1003.4,364,6,1003.5,719,9,1003.6,503,7,1003.7,565,8,1003.8,610,12
317,2025-11-26 11:38:06+05:30,1003.4,2,997.7,5066630,425421.0,460054.0,986.2,1004.9,981.3,986.2,120717750,1084.8,887.6,1102.5,649.1,1003.2,13,1,1003.0,360,5,1002.9,545,6,1002.8,1852,19,1002.7,1962,19,1003.4,362,6,1003.5,668,8,1003.6,1022,8,1003.7,565,8,1003.8,610,12
317,2025-11-26 11:38:07+05:30,1003.4,2,997.7,5066630,425181.0,461806.0,986.2,1004.9,981.3,986.2,120717750,1084.8,887.6,1102.5,649.1,1003.2,13,1,1003.0,212,4,1002.9,747,7,1002.8,1262,18,1002.7,1712,18,1003.3,151,1,1003.4,965,8,1003.5,928,13,1003.6,463,6,1003.7,565,8
317,2025-11-26 11:38:08+05:30,1003.0,2,997.7,5066645,424533.0,462249.0,986.2,1004.9,981.3,986.2,120717750,1084.8,887.6,1102.5,649.1,1003.0,104,3,1002.9,698,6,1002.8,1181,16,1002.7,1712,18,1002.6,1286,11,1003.3,151,1,1003.4,1045,10,1003.5,897,12,1003.6,571,7,1003.7,565,8
317,2025-11-26 11:38:08+05:30,1003.0,2,997.7,5066645,424533.0,462249.0,986.2,1004.9,981.3,986.2,120717750,1084.8,887.6,1102.5,649.1,1003.0,104,3,1002.9,698,6,1002.8,1181,16,1002.7,1712,18,1002.6,1286,11,1003.3,151,1,1003.4,1045,10,1003.5,897,12,1003.6,571,7,1003.7,565,8
317,2025-11-26 11:38:09+05:30,1003.3,151,997.7,5066796,426333.0,460415.0,986.2,1004.9,981.3,986.2,120717750,1084.8,887.6,1102.5,649.1,1003.3,19,1,1003.0,415,6,1002.9,748,7,1002.8,1895,19,1002.7,1962,19,1003.4,362,6,1003.5,862,10,1003.6,503,7,1003.7,408,6,1003.8,664,11
317,2025-11-26 11:38:09+05:30,1003.3,151,997.7,5066796,426333.0,460415.0,986.2,1004.9,981.3,986.2,120717750,1084.8,887.6,1102.5,649.1,1003.3,19,1,1003.0,415,6,1002.9,748,7,1002.8,1895,19,1002.7,1962,19,1003.4,362,6,1003.5,862,10,1003.6,503,7,1003.7,408,6,1003.8,664,11
317,2025-11-26 11:38:10+05:30,1003.3,119,997.7,5067699,425458.0,461377.0,986.2,1004.9,981.3,986.2,120717750,1084.8,887.6,1102.5,649.1,1003.1,199,5,1003.0,542,11,1002.9,850,9,1002.8,1682,24,1002.7,1880,14,1003.3,50,1,1003.4,363,7,1003.5,476,6,1003.6,168,2,1003.7,1003,6
317,2025-11-26 11:38:11+05:30,1003.5,140,997.7,5069199,426863.0,459310.0,986.2,1004.9,981.3,986.2,120717750,1084.8,887.6,1102.5,649.1,1003.2,170,3,1003.1,429,9,1003.0,664,12,1002.9,1197,17,1002.8,2580,22,1003.4,21,5,1003.5,321,4,1003.6,10,1,1003.7,50,2,1003.8,749,6
317,2025-11-26 11:38:11+05:30,1003.5,140,997.7,5069199,426863.0,459310.0,986.2,1004.9,981.3,986.2,120717750,1084.8,887.6,1102.5,649.1,1003.2,170,3,1003.1,429,9,1003.0,664,12,1002.9,1197,17,1002.8,2580,22,1003.4,21,5,1003.5,321,4,1003.6,10,1,1003.7,50,2,1003.8,749,6
317,2025-11-26 11:38:12+05:30,1003.5,13,997.7,5070077,426680.0,460772.0,986.2,1004.9,981.3,986.2,120717750,1084.8,887.6,1102.5,649.1,1003.2,13,1,1003.1,583,7,1003.0,1156,11,1002.9,1091,17,1002.8,1988,17,1003.5,21,1,1003.6,10,1,1003.7,1068,9,1003.8,638,11,1003.9,644,12
317,2025-11-26 11:38:12+05:30,1003.5,13,997.7,5070077,426680.0,460772.0,986.2,1004.9,981.3,986.2,120717750,1084.8,887.6,1102.5,649.1,1003.2,13,1,1003.1,583,7,1003.0,1156,11,1002.9,1091,17,1002.8,1988,17,1003.5,21,1,1003.6,10,1,1003.7,1068,9,1003.8,638,11,1003.9,644,12
317,2025-11-26 11:38:13+05:30,1003.5,13,997.7,5070077,426418.0,461552.0,986.2,1004.9,981.3,986.2,120717750,1084.8,887.6,1102.5,649.1,1003.2,13,1,1003.1,583,7,1003.0,1181,12,1002.9,1091,17,1002.8,1954,16,1003.5,21,1,1003.6,488,2,1003.7,542,9,1003.8,625,10,1003.9,644,12
317,2025-11-26 11:38:14+05:30,1003.7,111,997.7,5070351,426292.0,460922.0,986.2,1004.9,981.3,986.2,120717750,1084.8,887.6,1102.5,649.1,1003.5,12,1,1003.2,518,5,1003.1,790,10,1003.0,1415,14,1002.9,1028,18,1003.7,797,4,1003.8,462,6,1003.9,648,13,1004.0,5034,17,1004.1,766,10
317,2025-11-26 11:38:14+05:30,1003.7,111,997.7,5070351,426292.0,460922.0,986.2,1004.9,981.3,986.2,120717750,1084.8,887.6,1102.5,649.1,1003.5,12,1,1003.2,518,5,1003.1,790,10,1003.0,1415,14,1002.9,1028,18,1003.7,797,4,1003.8,462,6,1003.9,648,13,1004.0,5034,17,1004.1,766,10
317,2025-11-26 11:38:15+05:30,1003.7,111,997.7,5070351,426056.0,460985.0,986.2,1004.9,981.3,986.2,120717750,1084.8,887.6,1102.5,649.1,1003.5,30,2,1003.2,411,4,1003.1,725,8,1003.0,1441,16,1002.9,1002,16,1003.6,452,3,1003.7,1508,8,1003.8,462,6,1003.9,648,13,1004.0,5034,17
317,2025-11-26 11:38:16+05:30,1003.6,135,997.7,5070486,425870.0,461126.0,986.2,1004.9,981.3,986.2,120717750,1084.8,887.6,1102.5,649.1,1003.5,31,2,1003.2,360,2,1003.1,725,8,1003.0,1441,16,1002.9,1002,16,1003.6,504,4,1003.7,1595,10,1003.8,462,6,1003.9,650,14,1004.0,5034,17
317,2025-11-26 11:38:16+05:30,1003.6,135,997.7,5070486,425870.0,461126.0,986.2,1004.9,981.3,986.2,120717750,1084.8,887.6,1102.5,649.1,1003.5,31,2,1003.2,360,2,1003.1,725,8,1003.0,1441,16,1002.9,1002,16,1003.6,504,4,1003.7,1595,10,1003.8,462,6,1003.9,650,14,1004.0,5034,17
317,2025-11-26 11:38:17+05:30,1003.6,2,997.7,5070488,425856.0,461184.0,986.2,1004.9,981.3,986.2,120717750,1084.8,887.6,1102.5,649.1,1003.5,31,2,1003.2,360,2,1003.1,789,9,1003.0,1441,16,1002.9,1002,16,1003.6,502,4,1003.7,1655,11,1003.8,462,6,1003.9,650,14,1004.0,5034,17
317,2025-11-26 11:38:17+05:30,1003.6,2,997.7,5070488,425856.0,461184.0,986.2,1004.9,981.3,986.2,120717750,1084.8,887.6,1102.5,649.1,1003.5,31,2,1003.2,360,2,1003.1,789,9,1003.0,1441,16,1002.9,1002,16,1003.6,502,4,1003.7,1655,11,1003.8,462,6,1003.9,650,14,1004.0,5034,17
317,2025-11-26 11:38:18+05:30,1003.6,2,997.7,5070488,425802.0,461256.0,986.2,1004.9,981.3,986.2,120717750,1084.8,887.6,1102.5,649.1,1003.5,31,2,1003.2,360,2,1003.1,737,8,1003.0,1441,16,1002.9,1002,16,1003.6,502,4,1003.7,1604,10,1003.8,463,7,1003.9,650,14,1004.0,5037,18
317,2025-11-26 11:38:19+05:30,1003.6,61,997.7,5070675,425783.0,461332.0,986.2,1004.9,981.3,986.2,120717750,1084.8,887.6,1102.5,649.1,1003.5,31,2,1003.2,360,2,1003.1,737,8,1003.0,1391,15,1002.9,1002,16,1003.6,578,4,1003.7,1604,10,1003.8,463,7,1003.9,650,14,1004.0,5037,18
317,2025-11-26 11:38:19+05:30,1003.6,61,997.7,5070675,425783.0,461332.0,986.2,1004.9,981.3,986.2,120717750,1084.8,887.6,1102.5,649.1,1003.5,31,2,1003.2,360,2,1003.1,737,8,1003.0,1391,15,1002.9,1002,16,1003.6,578,4,1003.7,1604,10,1003.8,463,7,1003.9,650,14,1004.0,5037,18
317,2025-11-26 11:38:20+05:30,1003.5,82,997.7,5070675,425783.0,461332.0,986.2,1004.9,981.3,986.2,120717750,1084.8,887.6,1102.5,649.1,1003.5,31,2,1003.2,360,2,1003.1,737,8,1003.0,1391,15,1002.9,1002,16,1003.6,578,4,1003.7,1604,10,1003.8,463,7,1003.9,650,14,1004.0,5037,18
317,2025-11-26 11:38:20+05:30,1003.5,82,997.71,5071799,424812.0,460515.0,986.2,1004.9,981.3,986.2,120717750,1084.8,887.6,1102.5,649.1,1003.1,460,5,1003.0,980,11,1002.9,860,9,1002.8,1814,14,1002.7,1919,15,1003.5,14,1,1003.6,860,5,1003.7,833,6,1003.8,582,9,1003.9,670,15
317,2025-11-26 11:38:21+05:30,1003.5,44,997.71,5071799,424812.0,460515.0,986.2,1004.9,981.3,986.2,120717750,1084.8,887.6,1102.5,649.1,1003.1,460,5,1003.0,980,11,1002.9,860,9,1002.8,1814,14,1002.7,1919,15,1003.5,14,1,1003.6,860,5,1003.7,833,6,1003.8,582,9,1003.9,670,15
317,2025-11-26 11:38:22+05:30,1003.5,215,997.71,5071799,424812.0,460515.0,986.2,1004.9,981.3,986.2,120717750,1084.8,887.6,1102.5,649.1,1003.1,460,5,1003.0,980,11,1002.9,860,9,1002.8,1814,14,1002.7,1919,15,1003.5,14,1,1003.6,860,5,1003.7,833,6,1003.8,582,9,1003.9,670,15
317,2025-11-26 11:38:22+05:30,1003.5,215,997.71,5072634,425714.0,460846.0,986.2,1004.9,981.3,986.2,120717750,1084.8,887.6,1102.5,649.1,1003.2,82,2,1003.1,488,7,1003.0,849,9,1002.9,1652,11,1002.8,2181,17,1003.6,833,6,1003.7,849,8,1003.8,417,7,1003.9,651,14,1004.0,4898,18
317,2025-11-26 11:38:23+05:30,1003.5,215,997.71,5072634,425692.0,460138.0,986.2,1004.9,981.3,986.2,120717750,1084.8,887.6,1102.5,649.1,1003.2,82,2,1003.1,488,7,1003.0,849,9,1002.9,1606,18,1002.8,2202,18,1003.6,806,6,1003.7,883,9,1003.8,417,7,1003.9,651,14,1004.0,4898,18
317,2025-11-26 11:38:24+05:30,1003.6,95,997.71,5072819,426368.0,460367.0,986.2,1004.9,981.3,986.2,120717750,1084.8,887.6,1102.5,649.1,1003.2,142,4,1003.1,1356,9,1003.0,1151,12,1002.9,1027,18,1002.8,2181,17,1003.6,374,4,1003.7,814,4,1003.8,773,8,1003.9,661,15,1004.0,5090,20
317,2025-11-26 11:38:24+05:30,1003.6,95,997.71,5072819,426368.0,460367.0,986.2,1004.9,981.3,986.2,120717750,1084.8,887.6,1102.5,649.1,1003.2,142,4,1003.1,1356,9,1003.0,1151,12,1002.9,1027,18,1002.8,2181,17,1003.6,374,4,1003.7,814,4,1003.8,773,8,1003.9,661,15,1004.0,5090,20
317,2025-11-26 11:38:25+05:30,1003.6,1,997.71,5072820,426064.0,460365.0,986.2,1004.9,981.3,986.2,120717750,1084.8,887.6,1102.5,649.1,1003.2,120,3,1003.1,668,8,1003.0,1151,12,1002.9,1229,19,1002.8,2181,17,1003.6,653,5,1003.7,814,4,1003.8,492,7,1003.9,661,15,1004.0,5090,20
317,2025-11-26 11:38:25+05:30,1003.6,1,997.71,5072820,426064.0,460365.0,986.2,1004.9,981.3,986.2,120717750,1084.8,887.6,1102.5,649.1,1003.2,120,3,1003.1,668,8,1003.0,1151,12,1002.9,1229,19,1002.8,2181,17,1003.6,653,5,1003.7,814,4,1003.8,492,7,1003.9,661,15,1004.0,5090,20
317,2025-11-26 11:38:26+05:30,1003.6,1,997.71,5072820,426445.0,460365.0,986.2,1004.9,981.3,986.2,120717750,1084.8,887.6,1102.5,649.1,1003.2,120,3,1003.1,668,8,1003.0,1151,12,1002.9,1229,19,1002.8,2181,17,1003.6,653,5,1003.7,814,4,1003.8,492,7,1003.9,661,15,1004.0,5090,20
317,2025-11-26 11:38:27+05:30,1003.6,1,997.71,5072820,426364.0,460411.0,986.2,1004.9,981.3,986.2,120717750,1084.8,887.6,1102.5,649.1,1003.2,120,3,1003.1,668,8,1003.0,1151,12,1002.9,1229,19,1002.8,2181,17,1003.6,703,6,1003.7,898,6,1003.8,458,6,1003.9,661,15,1004.0,4990,19
317,2025-11-26 11:38:28+05:30,1003.6,1,997.71,5072820,426396.0,460411.0,986.2,1004.9,981.3,986.2,120717750,1084.8,887.6,1102.5,649.1,1003.2,120,3,1003.1,668,8,1003.0,1151,12,1002.9,1229,19,1002.8,2181,17,1003.6,703,6,1003.7,898,6,1003.8,458,6,1003.9,661,15,1004.0,4990,19
317,2025-11-26 11:38:29+05:30,1003.6,111,997.71,5072820,426396.0,460411.0,986.2,1004.9,981.3,986.2,120717750,1084.8,887.6,1102.5,649.1,1003.2,120,3,1003.1,668,8,1003.0,1151,12,1002.9,1229,19,1002.8,2181,17,1003.6,703,6,1003.7,898,6,1003.8,458,6,1003.9,661,15,1004.0,4990,19
317,2025-11-26 11:38:29+05:30,1003.6,111,997.71,5073116,431327.0,460045.0,986.2,1004.9,981.3,986.2,120717750,1084.8,887.6,1102.5,649.1,1003.2,258,6,1003.1,536,7,1003.0,1673,12,1002.9,1479,20,1002.8,1773,15,1003.6,325,5,1003.7,629,3,1003.8,646,7,1003.9,655,14,1004.0,4962,19
317,2025-11-26 11:38:30+05:30,1003.6,111,997.71,5073116,431023.0,461307.0,986.2,1004.9,981.3,986.2,120717750,1084.8,887.6,1102.5,649.1,1003.2,59,2,1003.1,487,6,1003.0,1127,12,1002.9,1229,19,1002.8,2150,16,1003.4,96,1,1003.6,554,6,1003.7,813,6,1003.8,329,5,1003.9,704,15
317,2025-11-26 11:38:31+05:30,1003.2,8,997.71,5073116,431023.0,461307.0,986.2,1004.9,981.3,986.2,120717750,1084.8,887.6,1102.5,649.1,1003.2,59,2,1003.1,487,6,1003.0,1127,12,1002.9,1229,19,1002.8,2150,16,1003.4,96,1,1003.6,554,6,1003.7,813,6,1003.8,329,5,1003.9,704,15
317,2025-11-26 11:38:31+05:30,1003.2,8,997.71,5073124,430398.0,461429.0,986.2,1004.9,981.3,986.2,120717750,1084.8,887.6,1102.5,649.1,1003.1,615,7,1003.0,977,12,1002.9,934,16,1002.8,2150,16,1002.7,1483,12,1003.4,96,1,1003.6,554,6,1003.7,960,8,1003.8,329,5,1003.9,704,15
317,2025-11-26 11:38:33+05:30,1003.2,8,997.71,5073124,430524.0,461429.0,986.2,1004.9,981.3,986.2,120717750,1084.8,887.6,1102.5,649.1,1003.1,628,8,1003.0,977,12,1002.9,934,16,1002.8,2150,16,1002.7,1483,12,1003.4,96,1,1003.6,520,5,1003.7,994,9,1003.8,329,5,1003.9,704,15
317,2025-11-26 11:38:34+05:30,1003.4,185,997.71,5073309,430512.0,461717.0,986.2,1004.9,981.3,986.2,120717750,1084.8,887.6,1102.5,649.1,1003.1,628,8,1003.0,977,12,1002.9,1449,17,1002.8,2150,16,1002.7,1483,12,1003.4,96,1,1003.6,566,6,1003.7,994,9,1003.8,329,5,1003.9,651,14
317,2025-11-26 11:38:34+05:30,1003.4,21,997.71,5073309,430512.0,461717.0,986.2,1004.9,981.3,986.2,120717750,1084.8,887.6,1102.5,649.1,1003.1,628,8,1003.0,977,12,1002.9,1449,17,1002.8,2150,16,1002.7,1483,12,1003.4,96,1,1003.6,566,6,1003.7,994,9,1003.8,329,5,1003.9,651,14
317,2025-11-26 11:38:34+05:30,1003.4,21,997.71,5073330,430377.0,461691.0,986.2,1004.9,981.3,986.2,120717750,1084.8,887.6,1102.5,649.1,1003.2,112,1,1003.1,618,8,1003.0,927,11,1002.9,1411,17,1002.8,2098,15,1003.4,75,1,1003.6,643,7,1003.7,976,8,1003.8,329,5,1003.9,636,14
317,2025-11-26 11:38:36+05:30,1003.6,50,997.71,5074482,435339.0,460322.0,986.2,1004.9,981.3,986.2,120717750,1084.8,887.6,1102.5,649.1,1003.5,472,1,1003.3,35,2,1003.2,290,5,1003.1,911,11,1003.0,1530,13,1003.6,308,6,1003.7,724,5,1003.8,593,7,1003.9,677,16,1004.0,4940,17
317,2025-11-26 11:38:36+05:30,1003.6,3,997.71,5074482,435339.0,460322.0,986.2,1004.9,981.3,986.2,120717750,1084.8,887.6,1102.5,649.1,1003.5,472,1,1003.3,35,2,1003.2,290,5,1003.1,911,11,1003.0,1530,13,1003.6,308,6,1003.7,724,5,1003.8,593,7,1003.9,677,16,1004.0,4940,17
317,2025-11-26 11:38:37+05:30,1003.6,3,997.71,5074485,435787.0,460054.0,986.2,1004.9,981.3,986.2,120717750,1084.8,887.6,1102.5,649.1,1003.5,485,2,1003.3,35,2,1003.2,290,5,1003.1,898,10,1003.0,1530,13,1003.6,454,8,1003.7,848,5,1003.8,388,7,1003.9,587,10,1004.0,5030,23
317,2025-11-26 11:38:38+05:30,1003.6,3,997.71,5074485,435772.0,460054.0,986.2,1004.9,981.3,986.2,120717750,1084.8,887.6,1102.5,649.1,1003.5,485,2,1003.3,35,2,1003.2,290,5,1003.1,948,11,1003.0,1530,13,1003.6,454,8,1003.7,848,5,1003.8,388,7,1003.9,587,10,1004.0,5030,23
317,2025-11-26 11:38:39+05:30,1003.6,40,997.71,5074670,435791.0,459987.0,986.2,1004.9,981.3,986.2,120717750,1084.8,887.6,1102.5,649.1,1003.5,485,2,1003.3,35,2,1003.2,290,5,1003.1,1018,12,1003.0,1530,13,1003.6,323,8,1003.7,912,6,1003.8,388,7,1003.9,587,10,1004.0,5030,23
317,2025-11-26 11:38:39+05:30,1003.1,107,997.71,5074670,435791.0,459987.0,986.2,1004.9,981.3,986.2,120717750,1084.8,887.6,1102.5,649.1,1003.5,485,2,1003.3,35,2,1003.2,290,5,1003.1,1018,12,1003.0,1530,13,1003.6,323,8,1003.7,912,6,1003.8,388,7,1003.9,587,10,1004.0,5030,23
317,2025-11-26 11:38:40+05:30,1003.1,107,997.71,5075655,433313.0,460221.0,986.2,1004.9,981.3,986.2,120717750,1084.8,887.6,1102.5,649.1,1003.2,112,2,1003.1,417,5,1003.0,1448,11,1002.9,1036,18,1002.8,2218,16,1003.4,96,1,1003.6,783,11,1003.7,1113,9,1003.8,510,8,1003.9,627,12
317,2025-11-26 11:38:41+05:30,1003.4,398,997.71,5076053,433591.0,460400.0,986.2,1004.9,981.3,986.2,120717750,1084.8,887.6,1102.5,649.1,1003.3,82,1,1003.2,112,2,1003.1,575,6,1003.0,893,10,1002.9,1617,19,1003.4,96,1,1003.6,689,10,1003.7,872,9,1003.8,516,9,1003.9,587,10
317,2025-11-26 11:38:41+05:30,1003.4,94,997.71,5076053,433591.0,460400.0,986.2,1004.9,981.3,986.2,120717750,1084.8,887.6,1102.5,649.1,1003.3,82,1,1003.2,112,2,1003.1,575,6,1003.0,893,10,1002.9,1617,19,1003.4,96,1,1003.6,689,10,1003.7,872,9,1003.8,516,9,1003.9,587,10
317,2025-11-26 11:38:42+05:30,1003.4,94,997.71,5076147,433857.0,460628.0,986.2,1004.9,981.3,986.2,120717750,1084.8,887.6,1102.5,649.1,1003.3,112,2,1003.2,112,2,1003.1,575,6,1003.0,893,10,1002.9,1036,18,1003.4,59,2,1003.6,718,11,1003.7,996,9,1003.8,510,8,1003.9,593,11
317,2025-11-26 11:38:42+05:30,1003.4,240,997.71,5076147,433857.0,460628.0,986.2,1004.9,981.3,986.2,120717750,1084.8,887.6,1102.5,649.1,1003.3,112,2,1003.2,112,2,1003.1,575,6,1003.0,893,10,1002.9,1036,18,1003.4,59,2,1003.6,718,11,1003.7,996,9,1003.8,510,8,1003.9,593,11
317,2025-11-26 11:38:43+05:30,1003.4,240,997.71,5076897,433630.0,460561.0,986.2,1004.9,981.3,986.2,120717750,1084.8,887.6,1102.5,649.1,1003.3,112,2,1003.2,112,2,1003.1,417,5,1003.0,844,9,1002.9,1394,18,1003.4,28,1,1003.5,56,1,1003.6,733,10,1003.7,952,8,1003.8,547,10
317,2025-11-26 11:38:44+05:30,1003.5,3,997.71,5076928,433984.0,461332.0,986.2,1004.9,981.3,986.2,120717750,1084.8,887.6,1102.5,649.1,1003.4,19,1,1003.3,112,2,1003.2,112,2,1003.1,712,8,1003.0,867,9,1003.5,53,1,1003.6,469,9,1003.7,965,9,1003.8,678,9,1003.9,623,12
317,2025-11-26 11:38:44+05:30,1003.4,1,997.71,5076928,433984.0,461332.0,986.2,1004.9,981.3,986.2,120717750,1084.8,887.6,1102.5,649.1,1003.4,19,1,1003.3,112,2,1003.2,112,2,1003.1,712,8,1003.0,867,9,1003.5,53,1,1003.6,469,9,1003.7,965,9,1003.8,678,9,1003.9,623,12
317,2025-11-26 11:38:45+05:30,1003.4,1,997.71,5076929,434034.0,461217.0,986.2,1004.9,981.3,986.2,120717750,1084.8,887.6,1102.5,649.1,1003.4,18,1,1003.3,112,2,1003.2,112,2,1003.1,712,8,1003.0,918,10,1003.5,53,1,1003.6,677,9,1003.7,944,9,1003.8,409,8,1003.9,592,11
317,2025-11-26 11:38:46+05:30,1003.5,155,997.71,5077084,433904.0,460740.0,986.2,1004.9,981.3,986.2,120717750,1084.8,887.6,1102.5,649.1,1003.3,112,2,1003.2,112,2,1003.1,761,9,1003.0,918,10,1002.9,1391,19,1003.5,56,1,1003.6,677,9,1003.7,922,8,1003.8,385,7,1003.9,592,11
317,2025-11-26 11:38:46+05:30,1003.5,155,997.71,5077084,433904.0,460740.0,986.2,1004.9,981.3,986.2,120717750,1084.8,887.6,1102.5,649.1,1003.3,112,2,1003.2,112,2,1003.1,761,9,1003.0,918,10,1002.9,1391,19,1003.5,56,1,1003.6,677,9,1003.7,922,8,1003.8,385,7,1003.9,592,11
317,2025-11-26 11:38:47+05:30,1003.5,1,997.71,5077085,433945.0,460716.0,986.2,1004.9,981.3,986.2,120717750,1084.8,887.6,1102.5,649.1,1003.4,82,1,1003.3,30,1,1003.2,112,2,1003.1,761,9,1003.0,918,10,1003.5,55,1,1003.6,705,9,1003.7,902,8,1003.8,354,6,1003.9,592,11
317,2025-11-26 11:38:47+05:30,1003.4,19,997.71,5077085,433945.0,460716.0,986.2,1004.9,981.3,986.2,120717750,1084.8,887.6,1102.5,649.1,1003.4,82,1,1003.3,30,1,1003.2,112,2,1003.1,761,9,1003.0,918,10,1003.5,55,1,1003.6,705,9,1003.7,902,8,1003.8,354,6,1003.9,592,11
317,2025-11-26 11:38:48+05:30,1003.5,10,997.71,5077114,433631.0,460783.0,986.2,1004.9,981.3,986.2,120717750,1084.8,887.6,1102.5,649.1,1003.4,63,1,1003.3,30,1,1003.2,112,2,1003.1,735,8,1003.0,918,10,1003.5,45,1,1003.6,705,9,1003.7,902,8,1003.8,354,6,1003.9,592,11
317,2025-11-26 11:38:48+05:30,1003.5,10,997.71,5077114,433631.0,460783.0,986.2,1004.9,981.3,986.2,120717750,1084.8,887.6,1102.5,649.1,1003.4,63,1,1003.3,30,1,1003.2,112,2,1003.1,735,8,1003.0,918,10,1003.5,45,1,1003.6,705,9,1003.7,902,8,1003.8,354,6,1003.9,592,11
317,2025-11-26 11:38:49+05:30,1003.5,61,997.71,5077300,429614.0,460699.0,986.2,1004.9,981.3,986.2,120717750,1084.8,887.6,1102.5,649.1,1003.4,63,1,1003.3,30,1,1003.2,314,3,1003.1,765,9,1003.0,918,10,1003.5,20,1,1003.6,705,9,1003.7,952,9,1003.8,403,7,1003.9,592,11
317,2025-11-26 11:38:49+05:30,1003.2,37,997.71,5077300,429614.0,460699.0,986.2,1004.9,981.3,986.2,120717750,1084.8,887.6,1102.5,649.1,1003.4,63,1,1003.3,30,1,1003.2,314,3,1003.1,765,9,1003.0,918,10,1003.5,20,1,1003.6,705,9,1003.7,952,9,1003.8,403,7,1003.9,592,11
317,2025-11-26 11:38:50+05:30,1003.2,37,997.71,5077400,429316.0,460273.0,986.2,1004.9,981.3,986.2,120717750,1084.8,887.6,1102.5,649.1,1003.2,75,2,1003.1,347,4,1003.0,1018,16,1002.9,1064,13,1002.8,2271,17,1003.4,96,1,1003.5,20,1,1003.6,863,10,1003.7,911,10,1003.8,512,7
317,2025-11-26 11:38:50+05:30,1003.4,126,997.71,5077400,429316.0,460273.0,986.2,1004.9,981.3,986.2,120717750,1084.8,887.6,1102.5,649.1,1003.2,75,2,1003.1,347,4,1003.0,1018,16,1002.9,1064,13,1002.8,2271,17,1003.4,96,1,1003.5,20,1,1003.6,863,10,1003.7,911,10,1003.8,512,7
317,2025-11-26 11:38:51+05:30,1003.4,126,997.71,5077526,429370.0,460213.0,986.2,1004.9,981.3,986.2,120717750,1084.8,887.6,1102.5,649.1,1003.2,45,1,1003.1,347,4,1003.0,1003,15,1002.9,1051,12,1002.8,2311,18,1003.4,96,1,1003.5,20,1,1003.6,841,10,1003.7,893,8,1003.8,512,7
317,2025-11-26 11:38:52+05:30,1003.4,126,997.71,5077526,429468.0,460277.0,986.2,1004.9,981.3,986.2,120717750,1084.8,887.6,1102.5,649.1,1003.2,45,1,1003.1,347,4,1003.0,1018,16,1002.9,957,13,1002.8,2311,18,1003.4,96,1,1003.5,20,1,1003.6,866,11,1003.7,893,8,1003.8,513,8
317,2025-11-26 11:38:52+05:30,1003.4,1,997.71,5077526,429468.0,460277.0,986.2,1004.9,981.3,986.2,120717750,1084.8,887.6,1102.5,649.1,1003.2,45,1,1003.1,347,4,1003.0,1018,16,1002.9,957,13,1002.8,2311,18,1003.4,96,1,1003.5,20,1,1003.6,866,11,1003.7,893,8,1003.8,513,8
317,2025-11-26 11:38:53+05:30,1003.4,1,997.71,5077527,429480.0,460276.0,986.2,1004.9,981.3,986.2,120717750,1084.8,887.6,1102.5,649.1,1003.2,45,1,1003.1,347,4,1003.0,1018,16,1002.9,957,13,1002.8,2311,18,1003.4,95,1,1003.5,20,1,1003.6,866,11,1003.7,893,8,1003.8,513,8
317,2025-11-26 11:38:54+05:30,1003.4,76,997.71,5078353,430806.0,460789.0,986.2,1004.9,981.3,986.2,120717750,1084.8,887.6,1102.5,649.1,1003.4,19,1,1003.3,112,1,1003.2,298,4,1003.1,701,8,1003.0,1199,16,1003.5,20,1,1003.6,482,10,1003.7,830,6,1003.8,513,8,1003.9,706,17
317,2025-11-26 11:38:54+05:30,1003.5,92,997.71,5078353,430806.0,460789.0,986.2,1004.9,981.3,986.2,120717750,1084.8,887.6,1102.5,649.1,1003.4,19,1,1003.3,112,1,1003.2,298,4,1003.1,701,8,1003.0,1199,16,1003.5,20,1,1003.6,482,10,1003.7,830,6,1003.8,513,8,1003.9,706,17
317,2025-11-26 11:38:55+05:30,1003.5,92,997.71,5078465,430294.0,459952.0,986.2,1004.9,981.3,986.2,120717750,1084.8,887.6,1102.5,649.1,1003.4,49,3,1003.2,83,2,1003.1,671,7,1003.0,1407,16,1002.9,1220,15,1003.6,482,10,1003.7,879,7,1003.8,403,7,1003.9,637,15,1004.0,5055,19
317,2025-11-26 11:38:56+05:30,1003.6,94,997.71,5078573,430230.0,459971.0,986.2,1004.9,981.3,986.2,120717750,1084.8,887.6,1102.5,649.1,1003.4,30,2,1003.2,83,2,1003.1,671,7,1003.0,1407,16,1002.9,1220,15,1003.6,500,11,1003.7,879,7,1003.8,402,6,1003.9,639,17,1004.0,5055,19
317,2025-11-26 11:38:56+05:30,1003.6,94,997.71,5078573,430230.0,459971.0,986.2,1004.9,981.3,986.2,120717750,1084.8,887.6,1102.5,649.1,1003.4,30,2,1003.2,83,2,1003.1,671,7,1003.0,1407,16,1002.9,1220,15,1003.6,500,11,1003.7,879,7,1003.8,402,6,1003.9,639,17,1004.0,5055,19
317,2025-11-26 11:38:57+05:30,1003.6,94,997.71,5078573,432283.0,461188.0,986.2,1004.9,981.3,986.2,120717750,1084.8,887.6,1102.5,649.1,1003.4,30,2,1003.1,513,6,1003.0,1407,16,1002.9,970,14,1002.8,2112,14,1003.5,140,1,1003.6,896,13,1003.7,1041,10,1003.8,512,7,1003.9,639,17
317,2025-11-26 11:38:58+05:30,1003.6,94,997.71,5078573,432423.0,461193.0,986.2,1004.9,981.3,986.2,120717750,1084.8,887.6,1102.5,649.1,1003.4,30,2,1003.1,513,6,1003.0,1481,17,1002.9,970,14,1002.8,2112,14,1003.5,140,1,1003.6,896,13,1003.7,1054,11,1003.8,512,7,1003.9,639,17
317,2025-11-26 11:38:59+05:30,1003.5,140,997.71,5078713,433016.0,460139.0,986.2,1004.9,981.3,986.2,120717750,1084.8,887.6,1102.5,649.1,1003.5,19,1,1003.4,30,2,1003.2,420,4,1003.1,671,7,1003.0,1507,19,1003.6,684,12,1003.7,1041,10,1003.8,402,6,1003.9,575,13,1004.0,4861,21
317,2025-11-26 11:38:59+05:30,1003.5,140,997.71,5078713,433016.0,460139.0,986.2,1004.9,981.3,986.2,120717750,1084.8,887.6,1102.5,649.1,1003.5,19,1,1003.4,30,2,1003.2,420,4,1003.1,671,7,1003.0,1507,19,1003.6,684,12,1003.7,1041,10,1003.8,402,6,1003.9,575,13,1004.0,4861,21
317,2025-11-26 11:39:00+05:30,1003.5,2,997.71,5078761,432629.0,461109.0,986.2,1004.9,981.3,986.2,120717750,1084.8,887.6,1102.5,649.1,1003.4,113,3,1003.2,40,1,1003.1,671,7,1003.0,1507,19,1002.9,944,12,1003.5,48,1,1003.6,683,12,1003.7,1036,11,1003.8,402,6,1003.9,575,13
317,2025-11-26 11:39:00+05:30,1003.5,2,997.71,5078761,432629.0,461109.0,986.2,1004.9,981.3,986.2,120717750,1084.8,887.6,1102.5,649.1,1003.4,113,3,1003.2,40,1,1003.1,671,7,1003.0,1507,19,1002.9,944,12,1003.5,48,1,1003.6,683,12,1003.7,1036,11,1003.8,402,6,1003.9,575,13
317,2025-11-26 11:39:01+05:30,1003.4,8,997.71,5078761,432629.0,461109.0,986.2,1004.9,981.3,986.2,120717750,1084.8,887.6,1102.5,649.1,1003.4,113,3,1003.2,40,1,1003.1,671,7,1003.0,1507,19,1002.9,944,12,1003.5,48,1,1003.6,683,12,1003.7,1036,11,1003.8,402,6,1003.9,575,13
317,2025-11-26 11:39:01+05:30,1003.4,8,997.71,5078769,432669.0,461109.0,986.2,1004.9,981.3,986.2,120717750,1084.8,887.6,1102.5,649.1,1003.4,106,4,1003.2,40,1,1003.1,671,7,1003.0,1507,19,1002.9,944,12,1003.5,48,1,1003.6,655,11,1003.7,1064,12,1003.8,402,6,1003.9,575,13
317,2025-11-26 11:39:02+05:30,1003.4,8,997.71,5078769,432684.0,461131.0,986.2,1004.9,981.3,986.2,120717750,1084.8,887.6,1102.5,649.1,1003.4,106,4,1003.2,40,1,1003.1,613,6,1003.0,1456,18,1002.9,944,12,1003.5,48,1,1003.6,677,11,1003.7,1064,12,1003.8,402,6,1003.9,575,13
317,2025-11-26 11:39:03+05:30,1003.5,2,997.71,5078769,432684.0,461131.0,986.2,1004.9,981.3,986.2,120717750,1084.8,887.6,1102.5,649.1,1003.4,106,4,1003.2,40,1,1003.1,613,6,1003.0,1456,18,1002.9,944,12,1003.5,48,1,1003.6,677,11,1003.7,1064,12,1003.8,402,6,1003.9,575,13
317,2025-11-26 11:39:03+05:30,1003.5,1,997.71,5078785,432770.0,461188.0,986.2,1004.9,981.3,986.2,120717750,1084.8,887.6,1102.5,649.1,1003.4,106,4,1003.2,40,1,1003.1,613,6,1003.0,1456,18,1002.9,944,12,1003.5,109,2,1003.6,782,14,1003.7,1005,10,1003.8,402,6,1003.9,575,13
317,2025-11-26 11:39:04+05:30,1003.5,77,997.71,5078785,432770.0,461188.0,986.2,1004.9,981.3,986.2,120717750,1084.8,887.6,1102.5,649.1,1003.4,106,4,1003.2,40,1,1003.1,613,6,1003.0,1456,18,1002.9,944,12,1003.5,109,2,1003.6,782,14,1003.7,1005,10,1003.8,402,6,1003.9,575,13
317,2025-11-26 11:39:04+05:30,1003.5,77,997.71,5078971,432733.0,461161.0,986.2,1004.9,981.3,986.2,120717750,1084.8,887.6,1102.5,649.1,1003.4,105,3,1003.2,40,1,1003.1,613,6,1003.0,1456,18,1002.9,944,12,1003.5,82,2,1003.6,754,13,1003.7,1033,11,1003.8,402,6,1003.9,575,13
317,2025-11-26 11:39:05+05:30,1003.4,146,997.71,5078971,432733.0,461161.0,986.2,1004.9,981.3,986.2,120717750,1084.8,887.6,1102.5,649.1,1003.4,105,3,1003.2,40,1,1003.1,613,6,1003.0,1456,18,1002.9,944,12,1003.5,82,2,1003.6,754,13,1003.7,1033,11,1003.8,402,6,1003.9,575,13
317,2025-11-26 11:39:05+05:30,1003.4,146,997.71,5079222,431798.0,460378.0,986.2,1004.9,981.3,986.2,120717750,1084.8,887.6,1102.5,649.1,1003.2,40,1,1003.1,591,7,1003.0,1103,17,1002.9,944,12,1002.8,2215,16,1003.4,96,1,1003.5,63,1,1003.6,817,12,1003.7,1031,11,1003.8,541,8
317,2025-11-26 11:39:06+05:30,1003.5,15,997.71,5079222,431798.0,460378.0,986.2,1004.9,981.3,986.2,120717750,1084.8,887.6,1102.5,649.1,1003.2,40,1,1003.1,591,7,1003.0,1103,17,1002.9,944,12,1002.8,2215,16,1003.4,96,1,1003.5,63,1,1003.6,817,12,1003.7,1031,11,1003.8,541,8
317,2025-11-26 11:39:07+05:30,1003.5,15,997.71,5080075,431531.0,460319.0,986.2,1004.9,981.3,986.2,120717750,1084.8,887.6,1102.5,649.1,1003.2,45,2,1003.1,680,7,1003.0,1008,14,1002.9,918,10,1002.8,2122,16,1003.6,505,12,1003.7,837,6,1003.8,512,8,1003.9,549,9,1004.0,5098,24
317,2025-11-26 11:39:08+05:30,1003.6,17,997.71,5080105,431593.0,460295.0,986.2,1004.9,981.3,986.2,120717750,1084.8,887.6,1102.5,649.1,1003.2,74,3,1003.1,680,7,1003.0,1070,16,1002.9,931,11,1002.8,2122,16,1003.6,481,11,1003.7,837,6,1003.8,512,8,1003.9,575,11,1004.0,5072,22
317,2025-11-26 11:39:08+05:30,1003.2,1,997.71,5080105,431593.0,460295.0,986.2,1004.9,981.3,986.2,120717750,1084.8,887.6,1102.5,649.1,1003.2,74,3,1003.1,680,7,1003.0,1070,16,1002.9,931,11,1002.8,2122,16,1003.6,481,11,1003.7,837,6,1003.8,512,8,1003.9,575,11,1004.0,5072,22
317,2025-11-26 11:39:09+05:30,1003.6,6,997.71,5080291,431574.0,460255.0,986.2,1004.9,981.3,986.2,120717750,1084.8,887.6,1102.5,649.1,1003.2,73,3,1003.1,680,7,1003.0,1070,16,1002.9,931,11,1002.8,2122,16,1003.6,440,10,1003.7,837,6,1003.8,513,9,1003.9,575,11,1004.0,5072,22
317,2025-11-26 11:39:09+05:30,1003.6,6,997.71,5080291,431574.0,460255.0,986.2,1004.9,981.3,986.2,120717750,1084.8,887.6,1102.5,649.1,1003.2,73,3,1003.1,680,7,1003.0,1070,16,1002.9,931,11,1002.8,2122,16,1003.6,440,10,1003.7,837,6,1003.8,513,9,1003.9,575,11,1004.0,5072,22
317,2025-11-26 11:39:10+05:30,1003.6,6,997.71,5080291,431345.0,461075.0,986.2,1004.9,981.3,986.2,120717750,1084.8,887.6,1102.5,649.1,1003.2,44,2,1003.1,373,6,1003.0,990,15,1002.9,918,10,1002.8,2088,15,1003.5,140,1,1003.6,528,11,1003.7,863,8,1003.8,513,9,1003.9,549,9
317,2025-11-26 11:39:10+05:30,1003.5,407,997.71,5080291,431345.0,461075.0,986.2,1004.9,981.3,986.2,120717750,1084.8,887.6,1102.5,649.1,1003.2,44,2,1003.1,373,6,1003.0,990,15,1002.9,918,10,1002.8,2088,15,1003.5,140,1,1003.6,528,11,1003.7,863,8,1003.8,513,9,1003.9,549,9
317,2025-11-26 11:39:11+05:30,1003.5,13,997.72,5081886,431428.0,459433.0,986.2,1004.9,981.3,986.2,120717750,1084.8,887.6,1102.5,649.1,1003.1,391,6,1003.0,867,13,1002.9,1087,12,1002.8,2036,14,1002.7,1683,15,1003.6,396,9,1003.7,1094,10,1003.8,545,9,1003.9,602,12,1004.0,4914,21
317,2025-11-26 11:39:11+05:30,1003.5,13,997.72,5081886,431428.0,459433.0,986.2,1004.9,981.3,986.2,120717750,1084.8,887.6,1102.5,649.1,1003.1,391,6,1003.0,867,13,1002.9,1087,12,1002.8,2036,14,1002.7,1683,15,1003.6,396,9,1003.7,1094,10,1003.8,545,9,1003.9,602,12,1004.0,4914,21
317,2025-11-26 11:39:12+05:30,1003.5,13,997.72,5081886,431530.0,459444.0,986.2,1004.9,981.3,986.2,120717750,1084.8,887.6,1102.5,649.1,1003.1,391,6,1003.0,916,14,1002.9,1074,11,1002.8,2119,16,1002.7,1702,16,1003.6,401,11,1003.7,1094,10,1003.8,551,10,1003.9,602,12,1004.0,4914,21
317,2025-11-26 11:39:13+05:30,1003.5,13,997.72,5081886,431677.0,460064.0,986.2,1004.9,981.3,986.2,120717750,1084.8,887.6,1102.5,649.1,1003.2,188,5,1003.1,562,6,1003.0,1012,15,1002.9,1137,13,1002.8,2178,17,1003.6,313,10,1003.7,886,7,1003.8,551,10,1003.9,562,10,1004.0,5099,23
317,2025-11-26 11:39:14+05:30,1003.6,33,997.72,5082070,431676.0,460649.0,986.2,1004.9,981.3,986.2,120717750,1084.8,887.6,1102.5,649.1,1003.2,201,6,1003.1,562,6,1003.0,1012,15,1002.9,1137,13,1002.8,2178,17,1003.6,246,6,1003.7,886,7,1003.8,577,12,1003.9,549,9,1004.0,5099,23
317,2025-11-26 11:39:14+05:30,1003.6,3,997.72,5082070,431676.0,460649.0,986.2,1004.9,981.3,986.2,120717750,1084.8,887.6,1102.5,649.1,1003.2,201,6,1003.1,562,6,1003.0,1012,15,1002.9,1137,13,1002.8,2178,17,1003.6,246,6,1003.7,886,7,1003.8,577,12,1003.9,549,9,1004.0,5099,23
317,2025-11-26 11:39:15+05:30,1003.6,10,997.72,5082209,432037.0,460223.0,986.2,1004.9,981.3,986.2,120717750,1084.8,887.6,1102.5,649.1,1003.3,482,3,1003.2,164,5,1003.1,722,8,1003.0,722,15,1002.9,1187,13,1003.6,115,4,1003.7,768,5,1003.8,397,8,1003.9,500,8,1004.0,5072,22
317,2025-11-26 11:39:15+05:30,1003.6,10,997.72,5082209,432037.0,460223.0,986.2,1004.9,981.3,986.2,120717750,1084.8,887.6,1102.5,649.1,1003.3,482,3,1003.2,164,5,1003.1,722,8,1003.0,722,15,1002.9,1187,13,1003.6,115,4,1003.7,768,5,1003.8,397,8,1003.9,500,8,1004.0,5072,22
317,2025-11-26 11:39:16+05:30,1003.3,20,997.72,5082229,431814.0,460754.0,986.2,1004.9,981.3,986.2,120717750,1084.8,887.6,1102.5,649.1,1003.3,476,5,1003.2,124,3,1003.1,470,6,1003.0,722,15,1002.9,937,12,1003.6,119,5,1003.7,1053,10,1003.8,684,13,1003.9,549,9,1004.0,5072,22
317,2025-11-26 11:39:16+05:30,1003.3,10,997.72,5082229,431814.0,460754.0,986.2,1004.9,981.3,986.2,120717750,1084.8,887.6,1102.5,649.1,1003.3,476,5,1003.2,124,3,1003.1,470,6,1003.0,722,15,1002.9,937,12,1003.6,119,5,1003.7,1053,10,1003.8,684,13,1003.9,549,9,1004.0,5072,22
317,2025-11-26 11:39:17+05:30,1003.3,10,997.72,5082239,431833.0,460771.0,986.2,1004.9,981.3,986.2,120717750,1084.8,887.6,1102.5,649.1,1003.3,466,5,1003.2,124,3,1003.1,470,6,1003.0,732,16,1002.9,937,12,1003.6,124,6,1003.7,1053,10,1003.8,684,13,1003.9,549,9,1004.0,5072,22
317,2025-11-26 11:39:18+05:30,1003.3,10,997.72,5082239,431835.0,460856.0,986.2,1004.9,981.3,986.2,120717750,1084.8,887.6,1102.5,649.1,1003.3,466,5,1003.2,124,3,1003.1,470,6,1003.0,732,16,1002.9,937,12,1003.6,124,6,1003.7,1053,10,1003.8,684,13,1003.9,549,9,1004.0,5072,22
317,2025-11-26 11:39:18+05:30,1003.6,5,997.72,5082239,431835.0,460856.0,986.2,1004.9,981.3,986.2,120717750,1084.8,887.6,1102.5,649.1,1003.3,466,5,1003.2,124,3,1003.1,470,6,1003.0,732,16,1002.9,937,12,1003.6,124,6,1003.7,1053,10,1003.8,684,13,1003.9,549,9,1004.0,5072,22
317,2025-11-26 11:39:19+05:30,1003.6,4,997.72,5082430,432014.0,460736.0,986.2,1004.9,981.3,986.2,120717750,1084.8,887.6,1102.5,649.1,1003.3,436,4,1003.2,119,2,1003.1,376,6,1003.0,874,15,1002.9,949,13,1003.6,55,3,1003.7,936,8,1003.8,691,13,1003.9,501,8,1004.0,5048,21
317,2025-11-26 11:39:19+05:30,1003.6,4,997.72,5082430,432014.0,460736.0,986.2,1004.9,981.3,986.2,120717750,1084.8,887.6,1102.5,649.1,1003.3,436,4,1003.2,119,2,1003.1,376,6,1003.0,874,15,1002.9,949,13,1003.6,55,3,1003.7,936,8,1003.8,691,13,1003.9,501,8,1004.0,5048,21
317,2025-11-26 11:39:20+05:30,1003.3,50,997.72,5082480,431585.0,460733.0,986.2,1004.9,981.3,986.2,120717750,1084.8,887.6,1102.5,649.1,1003.3,386,4,1003.2,87,1,1003.1,344,5,1003.0,539,14,1002.9,949,13,1003.4,96,1,1003.6,208,4,1003.7,1242,11,1003.8,653,12,1003.9,550,9
317,2025-11-26 11:39:20+05:30,1003.3,1,997.72,5082480,431585.0,460733.0,986.2,1004.9,981.3,986.2,120717750,1084.8,887.6,1102.5,649.1,1003.3,386,4,1003.2,87,1,1003.1,344,5,1003.0,539,14,1002.9,949,13,1003.4,96,1,1003.6,208,4,1003.7,1242,11,1003.8,653,12,1003.9,550,9
317,2025-11-26 11:39:21+05:30,1003.3,1,997.72,5082491,431541.0,460722.0,986.2,1004.9,981.3,986.2,120717750,1084.8,887.6,1102.5,649.1,1003.3,467,5,1003.2,87,1,1003.1,344,5,1003.0,567,15,1002.9,949,13,1003.4,86,1,1003.6,231,4,1003.7,1267,12,1003.8,653,12,1003.9,550,9
317,2025-11-26 11:39:22+05:30,1003.3,1,997.72,5082491,431179.0,460722.0,986.2,1004.9,981.3,986.2,120717750,1084.8,887.6,1102.5,649.1,1003.3,467,5,1003.2,87,1,1003.1,344,5,1003.0,567,15,1002.9,949,13,1003.4,86,1,1003.6,231,4,1003.7,1267,12,1003.8,653,12,1003.9,550,9
317,2025-11-26 11:39:23+05:30,1003.3,1,997.72,5082491,431147.0,460744.0,986.2,1004.9,981.3,986.2,120717750,1084.8,887.6,1102.5,649.1,1003.3,467,5,1003.2,87,1,1003.1,344,5,1003.0,567,15,1002.9,949,13,1003.4,86,1,1003.6,231,4,1003.7,1264,11,1003.8,653,12,1003.9,550,9
317,2025-11-26 11:39:24+05:30,1003.4,184,997.72,5082675,431220.0,460711.0,986.2,1004.9,981.3,986.2,120717750,1084.8,887.6,1102.5,649.1,1003.3,467,5,1003.2,87,1,1003.1,344,5,1003.0,616,16,1002.9,960,13,1003.4,96,1,1003.6,188,4,1003.7,1264,11,1003.8,653,12,1003.9,550,9
317,2025-11-26 11:39:24+05:30,1003.4,31,997.72,5082675,431220.0,460711.0,986.2,1004.9,981.3,986.2,120717750,1084.8,887.6,1102.5,649.1,1003.3,467,5,1003.2,87,1,1003.1,344,5,1003.0,616,16,1002.9,960,13,1003.4,96,1,1003.6,188,4,1003.7,1264,11,1003.8,653,12,1003.9,550,9
317,2025-11-26 11:39:25+05:30,1003.3,82,997.72,5083142,430695.0,461176.0,986.2,1004.9,981.3,986.2,120717750,1084.8,887.6,1102.5,649.1,1003.1,165,5,1003.0,503,14,1002.9,1530,12,1002.8,2131,15,1002.7,1539,14,1003.3,96,1,1003.6,524,6,1003.7,1352,12,1003.8,652,11,1003.9,550,9
317,2025-11-26 11:39:25+05:30,1003.5,8,997.72,5083142,430695.0,461176.0,986.2,1004.9,981.3,986.2,120717750,1084.8,887.6,1102.5,649.1,1003.1,165,5,1003.0,503,14,1002.9,1530,12,1002.8,2131,15,1002.7,1539,14,1003.3,96,1,1003.6,524,6,1003.7,1352,12,1003.8,652,11,1003.9,550,9
317,2025-11-26 11:39:26+05:30,1003.5,8,997.72,5084017,430639.0,459867.0,986.2,1004.9,981.3,986.2,120717750,1084.8,887.6,1102.5,649.1,1003.2,145,3,1003.1,393,6,1003.0,940,17,1002.9,1461,11,1002.8,1737,13,1003.5,43,1,1003.6,164,4,1003.7,554,5,1003.8,624,12,1003.9,550,9
317,2025-11-26 11:39:27+05:30,1003.5,8,997.72,5084017,430640.0,459724.0,986.2,1004.9,981.3,986.2,120717750,1084.8,887.6,1102.5,649.1,1003.2,146,4,1003.1,393,6,1003.0,940,17,1002.9,1461,11,1002.8,1737,13,1003.5,43,1,1003.6,178,5,1003.7,554,5,1003.8,624,12,1003.9,550,9
317,2025-11-26 11:39:28+05:30,1003.5,8,997.72,5084017,430612.0,459724.0,986.2,1004.9,981.3,986.2,120717750,1084.8,887.6,1102.5,649.1,1003.2,146,4,1003.1,393,6,1003.0,940,17,1002.9,1461,11,1002.8,1737,13,1003.5,43,1,1003.6,178,5,1003.7,554,5,1003.8,624,12,1003.9,550,9
317,2025-11-26 11:39:29+05:30,1003.5,185,997.72,5084202,430383.0,459649.0,986.2,1004.9,981.3,986.2,120717750,1084.8,887.6,1102.5,649.1,1003.2,146,4,1003.1,574,8,1003.0,989,18,1002.9,1463,12,1002.8,1737,13,1003.5,50,1,1003.6,178,5,1003.7,506,4,1003.8,526,10,1003.9,501,8
317,2025-11-26 11:39:29+05:30,1003.5,185,997.72,5084202,430383.0,459649.0,986.2,1004.9,981.3,986.2,120717750,1084.8,887.6,1102.5,649.1,1003.2,146,4,1003.1,574,8,1003.0,989,18,1002.9,1463,12,1002.8,1737,13,1003.5,50,1,1003.6,178,5,1003.7,506,4,1003.8,526,10,1003.9,501,8
317,2025-11-26 11:39:30+05:30,1003.2,8,997.72,5084211,429802.0,460236.0,986.2,1004.9,981.3,986.2,120717750,1084.8,887.6,1102.5,649.1,1003.1,163,4,1003.0,445,7,1002.9,1449,11,1002.8,2072,14,1002.7,1518,13,1003.3,96,1,1003.6,350,7,1003.7,615,5,1003.8,623,12,1003.9,677,15
317,2025-11-26 11:39:30+05:30,1003.2,8,997.72,5084211,429802.0,460236.0,986.2,1004.9,981.3,986.2,120717750,1084.8,887.6,1102.5,649.1,1003.1,163,4,1003.0,445,7,1002.9,1449,11,1002.8,2072,14,1002.7,1518,13,1003.3,96,1,1003.6,350,7,1003.7,615,5,1003.8,623,12,1003.9,677,15
317,2025-11-26 11:39:31+05:30,1003.2,8,997.72,5084211,430927.0,459966.0,986.2,1004.9,981.3,986.2,120717750,1084.8,887.6,1102.5,649.1,1003.1,369,7,1003.0,585,14,1002.9,1471,12,1002.8,2072,14,1002.7,1676,14,1003.3,96,1,1003.6,350,7,1003.7,628,6,1003.8,610,11,1003.9,677,15
317,2025-11-26 11:39:31+05:30,1003.1,1,997.72,5084211,430927.0,459966.0,986.2,1004.9,981.3,986.2,120717750,1084.8,887.6,1102.5,649.1,1003.1,369,7,1003.0,585,14,1002.9,1471,12,1002.8,2072,14,1002.7,1676,14,1003.3,96,1,1003.6,350,7,1003.7,628,6,1003.8,610,11,1003.9,677,15
317,2025-11-26 11:39:32+05:30,1003.1,1,997.72,5084217,430895.0,460076.0,986.2,1004.9,981.3,986.2,120717750,1084.8,887.6,1102.5,649.1,1003.1,157,4,1003.0,600,16,1002.9,937,11,1002.8,1881,14,1002.7,1960,16,1003.3,96,1,1003.6,450,8,1003.7,641,7,1003.8,597,10,1003.9,677,15
317,2025-11-26 11:39:33+05:30,1003.1,1,997.72,5084217,430574.0,461663.0,986.2,1004.9,981.3,986.2,120717750,1084.8,887.6,1102.5,649.1,1003.1,112,4,1003.0,287,7,1002.9,642,8,1002.8,1945,18,1002.7,1960,16,1003.3,96,1,1003.5,290,3,1003.6,745,12,1003.7,712,7,1003.8,676,15
317,2025-11-26 11:39:33+05:30,1003.3,35,997.72,5084217,430574.0,461663.0,986.2,1004.9,981.3,986.2,120717750,1084.8,887.6,1102.5,649.1,1003.1,112,4,1003.0,287,7,1002.9,642,8,1002.8,1945,18,1002.7,1960,16,1003.3,96,1,1003.5,290,3,1003.6,745,12,1003.7,712,7,1003.8,676,15
317,2025-11-26 11:39:34+05:30,1003.3,35,997.72,5084252,430647.0,461628.0,986.2,1004.9,981.3,986.2,120717750,1084.8,887.6,1102.5,649.1,1003.1,145,5,1003.0,287,7,1002.9,749,12,1002.8,1945,18,1002.7,1960,16,1003.3,61,1,1003.5,290,3,1003.6,723,11,1003.7,734,8,1003.8,676,15
317,2025-11-26 11:39:34+05:30,1003.3,186,997.72,5084252,430647.0,461628.0,986.2,1004.9,981.3,986.2,120717750,1084.8,887.6,1102.5,649.1,1003.1,145,5,1003.0,287,7,1002.9,749,12,1002.8,1945,18,1002.7,1960,16,1003.3,61,1,1003.5,290,3,1003.6,723,11,1003.7,734,8,1003.8,676,15
317,2025-11-26 11:39:35+05:30,1003.4,18,997.72,5085188,431295.0,458954.0,986.2,1004.9,981.3,986.2,120717750,1084.8,887.6,1102.5,649.1,1003.2,152,2,1003.1,143,5,1003.0,642,10,1002.9,951,12,1002.8,2316,23,1003.4,29,1,1003.6,341,8,1003.7,437,4,1003.8,359,7,1003.9,669,11
317,2025-11-26 11:39:35+05:30,1003.4,3,997.72,5085188,431295.0,458954.0,986.2,1004.9,981.3,986.2,120717750,1084.8,887.6,1102.5,649.1,1003.2,152,2,1003.1,143,5,1003.0,642,10,1002.9,951,12,1002.8,2316,23,1003.4,29,1,1003.6,341,8,1003.7,437,4,1003.8,359,7,1003.9,669,11
317,2025-11-26 11:39:35+05:30,1003.4,3,997.72,5085191,431289.0,460657.0,986.2,1004.9,981.3,986.2,120717750,1084.8,887.6,1102.5,649.1,1003.2,165,3,1003.1,130,4,1003.0,612,9,1002.9,951,12,1002.8,2304,22,1003.4,26,1,1003.5,200,1,1003.6,698,12,1003.7,852,9,1003.8,359,7
317,2025-11-26 11:39:36+05:30,1003.4,1,997.72,5085191,431289.0,460657.0,986.2,1004.9,981.3,986.2,120717750,1084.8,887.6,1102.5,649.1,1003.2,165,3,1003.1,130,4,1003.0,612,9,1002.9,951,12,1002.8,2304,22,1003.4,26,1,1003.5,200,1,1003.6,698,12,1003.7,852,9,1003.8,359,7
317,2025-11-26 11:39:36+05:30,1003.4,1,997.72,5085192,431080.0,460860.0,986.2,1004.9,981.3,986.2,120717750,1084.8,887.6,1102.5,649.1,1003.2,125,2,1003.1,204,5,1003.0,640,10,1002.9,951,12,1002.8,2304,22,1003.4,25,1,1003.5,200,1,1003.6,890,13,1003.7,852,9,1003.8,359,7
317,2025-11-26 11:39:37+05:30,1003.4,1,997.72,5085192,431072.0,460860.0,986.2,1004.9,981.3,986.2,120717750,1084.8,887.6,1102.5,649.1,1003.2,125,2,1003.1,204,5,1003.0,640,10,1002.9,951,12,1002.8,2304,22,1003.4,25,1,1003.5,200,1,1003.6,841,12,1003.7,852,9,1003.8,359,7
317,2025-11-26 11:39:39+05:30,1003.4,1,997.72,5085192,431182.0,460739.0,986.2,1004.9,981.3,986.2,120717750,1084.8,887.6,1102.5,649.1,1003.2,126,3,1003.1,204,5,1003.0,640,10,1002.9,951,12,1002.8,2378,23,1003.4,25,1,1003.5,200,1,1003.6,841,12,1003.7,852,9,1003.8,359,7
317,2025-11-26 11:39:39+05:30,1003.4,174,997.72,5085192,431182.0,460739.0,986.2,1004.9,981.3,986.2,120717750,1084.8,887.6,1102.5,649.1,1003.2,126,3,1003.1,204,5,1003.0,640,10,1002.9,951,12,1002.8,2378,23,1003.4,25,1,1003.5,200,1,1003.6,841,12,1003.7,852,9,1003.8,359,7
317,2025-11-26 11:39:40+05:30,1003.4,11,997.72,5085489,432080.0,460622.0,986.2,1004.9,981.3,986.2,120717750,1084.8,887.6,1102.5,649.1,1003.2,14,2,1003.1,204,5,1003.0,695,11,1002.9,1065,14,1002.8,2346,22,1003.4,85,1,1003.5,88,1,1003.6,632,9,1003.7,624,6,1003.8,519,9
317,2025-11-26 11:39:40+05:30,1003.4,11,997.72,5085489,432080.0,460622.0,986.2,1004.9,981.3,986.2,120717750,1084.8,887.6,1102.5,649.1,1003.2,14,2,1003.1,204,5,1003.0,695,11,1002.9,1065,14,1002.8,2346,22,1003.4,85,1,1003.5,88,1,1003.6,632,9,1003.7,624,6,1003.8,519,9
317,2025-11-26 11:39:41+05:30,1003.3,1,997.72,5085490,431959.0,460665.0,986.2,1004.9,981.3,986.2,120717750,1084.8,887.6,1102.5,649.1,1003.3,81,1,1003.2,14,2,1003.1,204,5,1003.0,771,13,1002.9,1632,15,1003.4,85,1,1003.5,88,1,1003.6,652,10,1003.7,624,6,1003.8,542,9
317,2025-11-26 11:39:41+05:30,1003.3,1,997.72,5085490,431959.0,460665.0,986.2,1004.9,981.3,986.2,120717750,1084.8,887.6,1102.5,649.1,1003.3,81,1,1003.2,14,2,1003.1,204,5,1003.0,771,13,1002.9,1632,15,1003.4,85,1,1003.5,88,1,1003.6,652,10,1003.7,624,6,1003.8,542,9
317,2025-11-26 11:39:42+05:30,1003.4,117,997.72,5085608,432134.0,460454.0,986.2,1004.9,981.3,986.2,120717750,1084.8,887.6,1102.5,649.1,1003.3,94,2,1003.1,130,4,1003.0,771,13,1002.9,863,13,1002.8,2386,23,1003.4,96,1,1003.5,88,1,1003.6,632,9,1003.7,624,6,1003.8,555,8
317,2025-11-26 11:39:42+05:30,1003.4,117,997.72,5085608,432134.0,460454.0,986.2,1004.9,981.3,986.2,120717750,1084.8,887.6,1102.5,649.1,1003.3,94,2,1003.1,130,4,1003.0,771,13,1002.9,863,13,1002.8,2386,23,1003.4,96,1,1003.5,88,1,1003.6,632,9,1003.7,624,6,1003.8,555,8
317,2025-11-26 11:39:43+05:30,1003.4,117,997.72,5085608,432175.0,460462.0,986.2,1004.9,981.3,986.2,120717750,1084.8,887.6,1102.5,649.1,1003.3,94,2,1003.1,130,4,1003.0,771,13,1002.9,863,13,1002.8,2386,23,1003.4,96,1,1003.5,88,1,1003.6,632,9,1003.7,626,7,1003.8,555,8
317,2025-11-26 11:39:44+05:30,1003.3,14,997.72,5085806,432142.0,460643.0,986.2,1004.9,981.3,986.2,120717750,1084.8,887.6,1102.5,649.1,1003.3,80,2,1003.1,177,5,1003.0,771,13,1002.9,1478,15,1002.8,2386,23,1003.4,96,1,1003.5,88,1,1003.6,618,8,1003.7,626,7,1003.8,555,8
317,2025-11-26 11:39:44+05:30,1003.3,50,997.72,5085806,432142.0,460643.0,986.2,1004.9,981.3,986.2,120717750,1084.8,887.6,1102.5,649.1,1003.3,80,2,1003.1,177,5,1003.0,771,13,1002.9,1478,15,1002.8,2386,23,1003.4,96,1,1003.5,88,1,1003.6,618,8,1003.7,626,7,1003.8,555,8
317,2025-11-26 11:39:45+05:30,1003.3,13,997.72,5085888,431615.0,460650.0,986.2,1004.9,981.3,986.2,120717750,1084.8,887.6,1102.5,649.1,1003.1,130,4,1003.0,696,11,1002.9,1417,13,1002.8,2386,23,1002.7,1702,14,1003.3,64,1,1003.5,88,1,1003.6,618,8,1003.7,614,8,1003.8,555,8
317,2025-11-26 11:39:45+05:30,1003.3,13,997.72,5085888,431615.0,460650.0,986.2,1004.9,981.3,986.2,120717750,1084.8,887.6,1102.5,649.1,1003.1,130,4,1003.0,696,11,1002.9,1417,13,1002.8,2386,23,1002.7,1702,14,1003.3,64,1,1003.5,88,1,1003.6,618,8,1003.7,614,8,1003.8,555,8
317,2025-11-26 11:39:46+05:30,1003.3,13,997.72,5085888,431663.0,460766.0,986.2,1004.9,981.3,986.2,120717750,1084.8,887.6,1102.5,649.1,1003.1,130,4,1003.0,696,11,1002.9,1441,14,1002.8,2386,23,1002.7,1726,15,1003.3,64,1,1003.5,88,1,1003.6,618,8,1003.7,725,9,1003.8,560,9
317,2025-11-26 11:39:47+05:30,1003.1,21,997.72,5086054,430715.0,462041.0,986.2,1004.9,981.3,986.2,120717750,1084.8,887.6,1102.5,649.1,1003.1,5,1,1003.0,198,6,1002.9,1381,12,1002.8,2020,20,1002.7,1911,15,1003.3,55,2,1003.4,86,4,1003.5,610,8,1003.6,731,12,1003.7,699,7
317,2025-11-26 11:39:47+05:30,1003.1,21,997.72,5086054,430715.0,462041.0,986.2,1004.9,981.3,986.2,120717750,1084.8,887.6,1102.5,649.1,1003.1,5,1,1003.0,198,6,1002.9,1381,12,1002.8,2020,20,1002.7,1911,15,1003.3,55,2,1003.4,86,4,1003.5,610,8,1003.6,731,12,1003.7,699,7
317,2025-11-26 11:39:48+05:30,1003.1,21,997.72,5086054,430888.0,462051.0,986.2,1004.9,981.3,986.2,120717750,1084.8,887.6,1102.5,649.1,1003.1,5,1,1003.0,198,6,1002.9,1370,12,1002.8,2020,20,1002.7,1911,15,1003.3,55,2,1003.4,86,4,1003.5,610,8,1003.6,731,12,1003.7,699,7
317,2025-11-26 11:39:49+05:30,1003.3,29,997.72,5086240,430679.0,462034.0,986.2,1004.9,981.3,986.2,120717750,1084.8,887.6,1102.5,649.1,1003.1,5,1,1003.0,198,6,1002.9,1409,14,1002.8,2020,20,1002.7,1911,15,1003.3,73,2,1003.4,32,2,1003.5,588,7,1003.6,731,12,1003.7,699,7
317,2025-11-26 11:39:49+05:30,1003.3,75,997.72,5086240,430679.0,462034.0,986.2,1004.9,981.3,986.2,120717750,1084.8,887.6,1102.5,649.1,1003.1,5,1,1003.0,198,6,1002.9,1409,14,1002.8,2020,20,1002.7,1911,15,1003.3,73,2,1003.4,32,2,1003.5,588,7,1003.6,731,12,1003.7,699,7
317,2025-11-26 11:39:50+05:30,1003.1,126,997.72,5087379,431390.0,460727.0,986.2,1004.9,981.3,986.2,120717750,1084.8,887.6,1102.5,649.1,1003.0,161,5,1002.9,248,3,1002.8,1395,14,1002.7,1821,13,1002.6,1002,13,1003.1,49,1,1003.2,96,1,1003.3,6,1,1003.4,63,2,1003.5,220,4
317,2025-11-26 11:39:50+05:30,1003.4,145,997.72,5087379,431390.0,460727.0,986.2,1004.9,981.3,986.2,120717750,1084.8,887.6,1102.5,649.1,1003.0,161,5,1002.9,248,3,1002.8,1395,14,1002.7,1821,13,1002.6,1002,13,1003.1,49,1,1003.2,96,1,1003.3,6,1,1003.4,63,2,1003.5,220,4
317,2025-11-26 11:39:51+05:30,1003.4,145,997.72,5087873,433128.0,460760.0,986.2,1004.9,981.3,986.2,120717750,1084.8,887.6,1102.5,649.1,1003.4,256,1,1003.1,335,4,1003.0,420,9,1002.9,1070,8,1002.8,1912,16,1003.5,93,2,1003.6,617,8,1003.7,732,8,1003.8,561,10,1003.9,794,18
317,2025-11-26 11:39:52+05:30,1003.4,145,997.72,5087873,432951.0,460610.0,986.2,1004.9,981.3,986.2,120717750,1084.8,887.6,1102.5,649.1,1003.4,256,1,1003.1,335,4,1003.0,420,9,1002.9,1070,8,1002.8,1912,16,1003.5,93,2,1003.6,672,10,1003.7,683,7,1003.8,512,9,1003.9,794,18
317,2025-11-26 11:39:53+05:30,1003.4,145,997.72,5087873,432980.0,460198.0,986.2,1004.9,981.3,986.2,120717750,1084.8,887.6,1102.5,649.1,1003.4,270,3,1003.1,493,5,1003.0,523,9,1002.9,1120,12,1002.8,1936,16,1003.5,93,2,1003.6,745,8,1003.7,637,6,1003.8,494,8,1003.9,619,10
317,2025-11-26 11:39:54+05:30,1003.2,44,997.72,5088405,436177.0,459994.0,986.2,1004.9,981.3,986.2,120717750,1084.8,887.6,1102.5,649.1,1003.2,133,2,1003.1,345,5,1003.0,696,11,1002.9,1284,12,1002.8,2152,20,1003.6,653,6,1003.7,511,5,1003.8,489,8,1003.9,668,11,1004.0,5041,26
317,2025-11-26 11:39:54+05:30,1003.6,49,997.72,5088405,436177.0,459994.0,986.2,1004.9,981.3,986.2,120717750,1084.8,887.6,1102.5,649.1,1003.2,133,2,1003.1,345,5,1003.0,696,11,1002.9,1284,12,1002.8,2152,20,1003.6,653,6,1003.7,511,5,1003.8,489,8,1003.9,668,11,1004.0,5041,26
317,2025-11-26 11:39:55+05:30,1003.3,1,997.72,5088538,436110.0,460181.0,986.2,1004.9,981.3,986.2,120717750,1084.8,887.6,1102.5,649.1,1003.3,141,2,1003.2,133,2,1003.1,483,6,1003.0,696,11,1002.9,695,11,1003.6,358,3,1003.7,896,5,1003.8,511,10,1003.9,681,13,1004.0,5153,25
317,2025-11-26 11:39:55+05:30,1003.3,1,997.72,5088538,436110.0,460181.0,986.2,1004.9,981.3,986.2,120717750,1084.8,887.6,1102.5,649.1,1003.3,141,2,1003.2,133,2,1003.1,483,6,1003.0,696,11,1002.9,695,11,1003.6,358,3,1003.7,896,5,1003.8,511,10,1003.9,681,13,1004.0,5153,25
317,2025-11-26 11:39:56+05:30,1003.3,1,997.72,5088538,435598.0,461172.0,986.2,1004.9,981.3,986.2,120717750,1084.8,887.6,1102.5,649.1,1003.3,111,1,1003.2,34,1,1003.1,281,5,1003.0,696,11,1002.9,669,9,1003.6,451,5,1003.7,1022,6,1003.8,542,10,1003.9,773,19,1004.0,5074,20
317,2025-11-26 11:39:57+05:30,1003.3,1,997.72,5088538,435770.0,460422.0,986.2,1004.9,981.3,986.2,120717750,1084.8,887.6,1102.5,649.1,1003.3,111,1,1003.2,34,1,1003.1,281,5,1003.0,696,11,1002.9,669,9,1003.6,451,5,1003.7,1022,6,1003.8,542,10,1003.9,773,19,1004.0,5074,20
317,2025-11-26 11:39:58+05:30,1003.3,1,997.72,5088538,435737.0,460422.0,986.2,1004.9,981.3,986.2,120717750,1084.8,887.6,1102.5,649.1,1003.3,111,1,1003.2,34,1,1003.1,281,5,1003.0,696,11,1002.9,669,9,1003.6,451,5,1003.7,1022,6,1003.8,542,10,1003.9,773,19,1004.0,5074,20
317,2025-11-26 11:39:59+05:30,1003.6,74,997.72,5088872,435288.0,459961.0,986.2,1004.9,981.3,986.2,120717750,1084.8,887.6,1102.5,649.1,1003.1,122,4,1003.0,523,9,1002.9,1153,9,1002.8,2384,23,1002.7,1666,15,1003.6,598,6,1003.7,1182,9,1003.8,542,10,1003.9,755,17,1004.0,4916,19
317,2025-11-26 11:39:59+05:30,1003.6,74,997.72,5088872,435288.0,459961.0,986.2,1004.9,981.3,986.2,120717750,1084.8,887.6,1102.5,649.1,1003.1,122,4,1003.0,523,9,1002.9,1153,9,1002.8,2384,23,1002.7,1666,15,1003.6,598,6,1003.7,1182,9,1003.8,542,10,1003.9,755,17,1004.0,4916,19
317,2025-11-26 11:40:00+05:30,1003.3,675,997.72,5089637,435023.0,460904.0,986.2,1004.9,981.3,986.2,120717750,1084.8,887.6,1102.5,649.1,1003.1,311,6,1003.0,471,9,1002.9,1067,8,1002.8,1763,19,1002.7,1818,18,1003.3,96,1,1003.5,5,1,1003.6,445,5,1003.7,1177,8,1003.8,584,13
317,2025-11-26 11:40:00+05:30,1003.3,675,997.72,5089637,435023.0,460904.0,986.2,1004.9,981.3,986.2,120717750,1084.8,887.6,1102.5,649.1,1003.1,311,6,1003.0,471,9,1002.9,1067,8,1002.8,1763,19,1002.7,1818,18,1003.3,96,1,1003.5,5,1,1003.6,445,5,1003.7,1177,8,1003.8,584,13
317,2025-11-26 11:40:01+05:30,1003.3,4,997.72,5089641,435050.0,460707.0,986.2,1004.9,981.3,986.2,120717750,1084.8,887.6,1102.5,649.1,1003.1,121,4,1003.0,471,9,1002.9,1078,9,1002.8,2013,20,1002.7,1720,18,1003.3,92,1,1003.5,5,1,1003.6,487,5,1003.7,800,9,1003.8,563,12
317,2025-11-26 11:40:01+05:30,1003.3,4,997.72,5089641,435050.0,460707.0,986.2,1004.9,981.3,986.2,120717750,1084.8,887.6,1102.5,649.1,1003.1,121,4,1003.0,471,9,1002.9,1078,9,1002.8,2013,20,1002.7,1720,18,1003.3,92,1,1003.5,5,1,1003.6,487,5,1003.7,800,9,1003.8,563,12
317,2025-11-26 11:40:02+05:30,1003.3,4,997.72,5089641,435178.0,460707.0,986.2,1004.9,981.3,986.2,120717750,1084.8,887.6,1102.5,649.1,1003.1,249,5,1003.0,424,8,1002.9,1078,9,1002.8,1998,19,1002.7,1656,14,1003.3,92,1,1003.5,5,1,1003.6,487,5,1003.7,800,9,1003.8,563,12
317,2025-11-26 11:40:02+05:30,1003.3,2,997.72,5089641,435178.0,460707.0,986.2,1004.9,981.3,986.2,120717750,1084.8,887.6,1102.5,649.1,1003.1,249,5,1003.0,424,8,1002.9,1078,9,1002.8,1998,19,1002.7,1656,14,1003.3,92,1,1003.5,5,1,1003.6,487,5,1003.7,800,9,1003.8,563,12
317,2025-11-26 11:40:03+05:30,1003.3,2,997.72,5089643,435178.0,460475.0,986.2,1004.9,981.3,986.2,120717750,1084.8,887.6,1102.5,649.1,1003.1,249,5,1003.0,424,8,1002.9,1078,9,1002.8,1998,19,1002.7,1656,14,1003.3,90,1,1003.5,5,1,1003.6,487,5,1003.7,570,8,1003.8,563,12
317,2025-11-26 11:40:04+05:30,1003.3,185,997.73,5089828,435009.0,460353.0,986.2,1004.9,981.3,986.2,120717750,1084.8,887.6,1102.5,649.1,1003.1,221,4,1003.0,414,8,1002.9,1246,10,1002.8,1998,19,1002.7,1504,13,1003.3,6,1,1003.6,487,5,1003.7,572,8,1003.8,556,12,1003.9,669,15
317,2025-11-26 11:40:04+05:30,1003.3,185,997.73,5089828,435009.0,460353.0,986.2,1004.9,981.3,986.2,120717750,1084.8,887.6,1102.5,649.1,1003.1,221,4,1003.0,414,8,1002.9,1246,10,1002.8,1998,19,1002.7,1504,13,1003.3,6,1,1003.6,487,5,1003.7,572,8,1003.8,556,12,1003.9,669,15
317,2025-11-26 11:40:05+05:30,1003.1,7,997.73,5089983,430236.0,459547.0,986.2,1004.9,981.3,986.2,120717750,1084.8,887.6,1102.5,649.1,1003.1,52,3,1003.0,520,9,1002.9,945,8,1002.8,1737,19,1002.7,1695,15,1003.5,8,1,1003.6,591,6,1003.7,529,7,1003.8,607,12,1003.9,695,17
317,2025-11-26 11:40:05+05:30,1003.1,7,997.73,5089983,430236.0,459547.0,986.2,1004.9,981.3,986.2,120717750,1084.8,887.6,1102.5,649.1,1003.1,52,3,1003.0,520,9,1002.9,945,8,1002.8,1737,19,1002.7,1695,15,1003.5,8,1,1003.6,591,6,1003.7,529,7,1003.8,607,12,1003.9,695,17
317,2025-11-26 11:40:06+05:30,1003.1,7,997.73,5089983,430246.0,459703.0,986.2,1004.9,981.3,986.2,120717750,1084.8,887.6,1102.5,649.1,1003.1,145,6,1003.0,638,10,1002.9,971,10,1002.8,1711,17,1002.7,1543,14,1003.5,8,1,1003.6,738,7,1003.7,529,7,1003.8,586,10,1003.9,695,17
317,2025-11-26 11:40:07+05:30,1003.1,7,997.73,5089983,430270.0,459608.0,986.2,1004.9,981.3,986.2,120717750,1084.8,887.6,1102.5,649.1,1003.1,334,9,1003.0,520,9,1002.9,971,10,1002.8,1711,17,1002.7,1543,14,1003.5,8,1,1003.6,738,7,1003.7,482,6,1003.8,538,9,1003.9,695,17
317,2025-11-26 11:40:08+05:30,1003.1,7,997.73,5089983,430270.0,459608.0,986.2,1004.9,981.3,986.2,120717750,1084.8,887.6,1102.5,649.1,1003.1,334,9,1003.0,520,9,1002.9,971,10,1002.8,1711,17,1002.7,1543,14,1003.5,8,1,1003.6,738,7,1003.7,482,6,1003.8,538,9,1003.9,695,17
317,2025-11-26 11:40:09+05:30,1003.5,8,997.73,5089991,431938.0,460718.0,986.2,1004.9,981.3,986.2,120717750,1084.8,887.6,1102.5,649.1,1003.5,11,1,1003.2,202,1,1003.1,453,10,1003.0,578,10,1002.9,1244,11,1003.6,938,9,1003.7,529,7,1003.8,585,10,1003.9,736,16,1004.0,4877,20
317,2025-11-26 11:40:09+05:30,1003.5,8,997.73,5089991,431938.0,460718.0,986.2,1004.9,981.3,986.2,120717750,1084.8,887.6,1102.5,649.1,1003.5,11,1,1003.2,202,1,1003.1,453,10,1003.0,578,10,1002.9,1244,11,1003.6,938,9,1003.7,529,7,1003.8,585,10,1003.9,736,16,1004.0,4877,20
317,2025-11-26 11:40:10+05:30,1003.5,180,997.73,5090473,431737.0,461173.0,986.2,1004.9,981.3,986.2,120717750,1084.8,887.6,1102.5,649.1,1003.2,182,3,1003.1,463,7,1003.0,791,11,1002.9,1239,12,1002.8,2188,16,1003.5,96,1,1003.6,586,6,1003.7,862,6,1003.8,552,10,1003.9,687,15
317,2025-11-26 11:40:10+05:30,1003.5,180,997.73,5090473,431737.0,461173.0,986.2,1004.9,981.3,986.2,120717750,1084.8,887.6,1102.5,649.1,1003.2,182,3,1003.1,463,7,1003.0,791,11,1002.9,1239,12,1002.8,2188,16,1003.5,96,1,1003.6,586,6,1003.7,862,6,1003.8,552,10,1003.9,687,15
317,2025-11-26 11:40:11+05:30,1003.5,88,997.73,5090561,431678.0,460532.0,986.2,1004.9,981.3,986.2,120717750,1084.8,887.6,1102.5,649.1,1003.2,117,2,1003.1,503,6,1003.0,791,11,1002.9,862,12,1002.8,2157,15,1003.5,165,2,1003.6,716,7,1003.7,933,7,1003.8,598,11,1003.9,692,17
317,2025-11-26 11:40:11+05:30,1003.5,88,997.73,5090561,431678.0,460532.0,986.2,1004.9,981.3,986.2,120717750,1084.8,887.6,1102.5,649.1,1003.2,117,2,1003.1,503,6,1003.0,791,11,1002.9,862,12,1002.8,2157,15,1003.5,165,2,1003.6,716,7,1003.7,933,7,1003.8,598,11,1003.9,692,17
317,2025-11-26 11:40:12+05:30,1003.6,53,997.73,5091331,431972.0,460382.0,986.2,1004.9,981.3,986.2,120717750,1084.8,887.6,1102.5,649.1,1003.2,186,4,1003.1,613,7,1003.0,791,11,1002.9,897,14,1002.8,2168,16,1003.5,9,1,1003.6,429,5,1003.7,729,5,1003.8,552,10,1003.9,697,18
317,2025-11-26 11:40:12+05:30,1003.5,17,997.73,5091331,431972.0,460382.0,986.2,1004.9,981.3,986.2,120717750,1084.8,887.6,1102.5,649.1,1003.2,186,4,1003.1,613,7,1003.0,791,11,1002.9,897,14,1002.8,2168,16,1003.5,9,1,1003.6,429,5,1003.7,729,5,1003.8,552,10,1003.9,697,18
317,2025-11-26 11:40:13+05:30,1003.5,17,997.73,5091497,431095.0,460291.0,986.2,1004.9,981.3,986.2,120717750,1084.8,887.6,1102.5,649.1,1003.1,451,5,1003.0,791,11,1002.9,739,16,1002.8,1554,15,1002.7,1774,18,1003.6,653,7,1003.7,1036,8,1003.8,585,10,1003.9,792,20,1004.0,4984,20
317,2025-11-26 11:40:14+05:30,1003.6,3,997.73,5091748,431983.0,460677.0,986.2,1004.9,981.3,986.2,120717750,1084.8,887.6,1102.5,649.1,1003.2,53,1,1003.1,451,5,1003.0,823,11,1002.9,941,17,1002.8,2200,17,1003.6,464,8,1003.7,928,7,1003.8,585,10,1003.9,787,19,1004.0,4984,20
317,2025-11-26 11:40:14+05:30,1003.6,3,997.73,5091748,431983.0,460677.0,986.2,1004.9,981.3,986.2,120717750,1084.8,887.6,1102.5,649.1,1003.2,53,1,1003.1,451,5,1003.0,823,11,1002.9,941,17,1002.8,2200,17,1003.6,464,8,1003.7,928,7,1003.8,585,10,1003.9,787,19,1004.0,4984,20
317,2025-11-26 11:40:15+05:30,1003.6,42,997.73,5091881,433106.0,460387.0,986.2,1004.9,981.3,986.2,120717750,1084.8,887.6,1102.5,649.1,1003.5,49,2,1003.2,202,1,1003.1,652,7,1003.0,1184,14,1002.9,1332,19,1003.6,673,8,1003.7,940,7,1003.8,539,11,1003.9,694,18,1004.0,4840,18
317,2025-11-26 11:40:15+05:30,1003.6,42,997.73,5091881,433106.0,460387.0,986.2,1004.9,981.3,986.2,120717750,1084.8,887.6,1102.5,649.1,1003.5,49,2,1003.2,202,1,1003.1,652,7,1003.0,1184,14,1002.9,1332,19,1003.6,673,8,1003.7,940,7,1003.8,539,11,1003.9,694,18,1004.0,4840,18
317,2025-11-26 11:40:16+05:30,1003.6,10,997.73,5091895,432951.0,460421.0,986.2,1004.9,981.3,986.2,120717750,1084.8,887.6,1102.5,649.1,1003.5,49,2,1003.2,202,1,1003.1,652,7,1003.0,1184,14,1002.9,1332,19,1003.6,661,10,1003.7,940,7,1003.8,539,11,1003.9,694,18,1004.0,4840,18
317,2025-11-26 11:40:16+05:30,1003.6,10,997.73,5091895,432951.0,460421.0,986.2,1004.9,981.3,986.2,120717750,1084.8,887.6,1102.5,649.1,1003.5,49,2,1003.2,202,1,1003.1,652,7,1003.0,1184,14,1002.9,1332,19,1003.6,661,10,1003.7,940,7,1003.8,539,11,1003.9,694,18,1004.0,4840,18
317,2025-11-26 11:40:17+05:30,1003.6,10,997.73,5091895,432951.0,460446.0,986.2,1004.9,981.3,986.2,120717750,1084.8,887.6,1102.5,649.1,1003.5,49,2,1003.2,202,1,1003.1,652,7,1003.0,1184,14,1002.9,1332,19,1003.6,661,10,1003.7,940,7,1003.8,490,10,1003.9,694,18,1004.0,4865,19
317,2025-11-26 11:40:18+05:30,1003.6,10,997.73,5091895,432922.0,460522.0,986.2,1004.9,981.3,986.2,120717750,1084.8,887.6,1102.5,649.1,1003.5,50,3,1003.2,202,1,1003.1,652,7,1003.0,1184,14,1002.9,1332,19,1003.6,837,12,1003.7,954,8,1003.8,376,8,1003.9,694,18,1004.0,4865,19
317,2025-11-26 11:40:18+05:30,1003.5,1,997.73,5091895,432922.0,460522.0,986.2,1004.9,981.3,986.2,120717750,1084.8,887.6,1102.5,649.1,1003.5,50,3,1003.2,202,1,1003.1,652,7,1003.0,1184,14,1002.9,1332,19,1003.6,837,12,1003.7,954,8,1003.8,376,8,1003.9,694,18,1004.0,4865,19
317,2025-11-26 11:40:19+05:30,1003.5,1,997.73,5091966,433008.0,460767.0,986.2,1004.9,981.3,986.2,120717750,1084.8,887.6,1102.5,649.1,1003.5,18,1,1003.2,289,2,1003.1,900,8,1003.0,916,13,1002.9,1496,18,1003.6,1022,14,1003.7,907,7,1003.8,538,10,1003.9,694,18,1004.0,4945,20
317,2025-11-26 11:40:19+05:30,1003.5,149,997.73,5091966,433008.0,460767.0,986.2,1004.9,981.3,986.2,120717750,1084.8,887.6,1102.5,649.1,1003.5,18,1,1003.2,289,2,1003.1,900,8,1003.0,916,13,1002.9,1496,18,1003.6,1022,14,1003.7,907,7,1003.8,538,10,1003.9,694,18,1004.0,4945,20
317,2025-11-26 11:40:20+05:30,1003.5,4,997.73,5092233,430714.0,460805.0,986.2,1004.9,981.3,986.2,120717750,1084.8,887.6,1102.5,649.1,1003.1,446,4,1003.0,611,10,1002.9,877,17,1002.8,1558,15,1002.7,1655,14,1003.5,122,2,1003.6,858,14,1003.7,955,8,1003.8,522,12,1003.9,668,16
317,2025-11-26 11:40:20+05:30,1003.5,4,997.73,5092233,430714.0,460805.0,986.2,1004.9,981.3,986.2,120717750,1084.8,887.6,1102.5,649.1,1003.1,446,4,1003.0,611,10,1002.9,877,17,1002.8,1558,15,1002.7,1655,14,1003.5,122,2,1003.6,858,14,1003.7,955,8,1003.8,522,12,1003.9,668,16
317,2025-11-26 11:40:21+05:30,1003.5,4,997.73,5092233,430923.0,460805.0,986.2,1004.9,981.3,986.2,120717750,1084.8,887.6,1102.5,649.1,1003.1,471,5,1003.0,646,11,1002.9,877,17,1002.8,1558,15,1002.7,1742,16,1003.5,122,2,1003.6,858,14,1003.7,955,8,1003.8,522,12,1003.9,668,16
317,2025-11-26 11:40:22+05:30,1003.5,4,997.73,5092233,430929.0,460805.0,986.2,1004.9,981.3,986.2,120717750,1084.8,887.6,1102.5,649.1,1003.1,471,5,1003.0,646,11,1002.9,877,17,1002.8,1558,15,1002.7,1742,16,1003.5,122,2,1003.6,858,14,1003.7,955,8,1003.8,522,12,1003.9,668,16
317,2025-11-26 11:40:23+05:30,1003.5,4,997.73,5092233,430449.0,462242.0,986.2,1004.9,981.3,986.2,120717750,1084.8,887.6,1102.5,649.1,1003.1,244,3,1003.0,212,5,1002.9,675,10,1002.8,1323,17,1002.7,1742,16,1003.4,19,1,1003.5,544,8,1003.6,1030,20,1003.7,1072,9,1003.8,535,10
317,2025-11-26 11:40:24+05:30,1003.5,4,997.73,5092233,432066.0,462456.0,986.2,1004.9,981.3,986.2,120717750,1084.8,887.6,1102.5,649.1,1003.4,19,1,1003.1,244,3,1003.0,326,6,1002.9,697,10,1002.8,1969,20,1003.5,586,10,1003.6,993,18,1003.7,920,7,1003.8,540,11,1003.9,516,15
317,2025-11-26 11:40:24+05:30,1003.5,1,997.73,5092233,432066.0,462456.0,986.2,1004.9,981.3,986.2,120717750,1084.8,887.6,1102.5,649.1,1003.4,19,1,1003.1,244,3,1003.0,326,6,1002.9,697,10,1002.8,1969,20,1003.5,586,10,1003.6,993,18,1003.7,920,7,1003.8,540,11,1003.9,516,15
317,2025-11-26 11:40:24+05:30,1003.5,1,997.73,5092233,432066.0,462456.0,986.2,1004.9,981.3,986.2,120717750,1084.8,887.6,1102.5,649.1,1003.4,19,1,1003.1,244,3,1003.0,326,6,1002.9,697,10,1002.8,1969,20,1003.5,586,10,1003.6,993,18,1003.7,920,7,1003.8,540,11,1003.9,516,15
317,2025-11-26 11:40:25+05:30,1003.5,1,997.73,5092233,432066.0,462456.0,986.2,1004.9,981.3,986.2,120717750,1084.8,887.6,1102.5,649.1,1003.4,19,1,1003.1,244,3,1003.0,326,6,1002.9,697,10,1002.8,1969,20,1003.5,586,10,1003.6,993,18,1003.7,920,7,1003.8,540,11,1003.9,516,15
317,2025-11-26 11:40:25+05:30,1003.4,184,997.73,5092418,430403.0,462760.0,986.2,1004.9,981.3,986.2,120717750,1084.8,887.6,1102.5,649.1,1003.3,10,1,1003.1,118,2,1003.0,86,4,1002.9,653,9,1002.8,1351,19,1003.4,115,2,1003.5,408,9,1003.6,1181,17,1003.7,1052,10,1003.8,540,11
317,2025-11-26 11:40:25+05:30,1003.4,184,997.73,5092418,430403.0,462760.0,986.2,1004.9,981.3,986.2,120717750,1084.8,887.6,1102.5,649.1,1003.3,10,1,1003.1,118,2,1003.0,86,4,1002.9,653,9,1002.8,1351,19,1003.4,115,2,1003.5,408,9,1003.6,1181,17,1003.7,1052,10,1003.8,540,11
317,2025-11-26 11:40:25+05:30,1003.4,184,997.73,5092418,430403.0,462760.0,986.2,1004.9,981.3,986.2,120717750,1084.8,887.6,1102.5,649.1,1003.3,10,1,1003.1,118,2,1003.0,86,4,1002.9,653,9,1002.8,1351,19,1003.4,115,2,1003.5,408,9,1003.6,1181,17,1003.7,1052,10,1003.8,540,11
317,2025-11-26 11:40:26+05:30,1003.4,184,997.73,5092418,430403.0,462760.0,986.2,1004.9,981.3,986.2,120717750,1084.8,887.6,1102.5,649.1,1003.3,10,1,1003.1,118,2,1003.0,86,4,1002.9,653,9,1002.8,1351,19,1003.4,115,2,1003.5,408,9,1003.6,1181,17,1003.7,1052,10,1003.8,540,11
317,2025-11-26 11:40:26+05:30,1003.1,60,997.73,5092567,430233.0,463539.0,986.2,1004.9,981.3,986.2,120717750,1084.8,887.6,1102.5,649.1,1003.1,39,1,1003.0,86,4,1002.9,472,7,1002.8,1274,18,1002.7,1699,15,1003.4,276,4,1003.5,595,14,1003.6,1341,19,1003.7,1000,9,1003.8,463,8
317,2025-11-26 11:40:26+05:30,1003.1,60,997.73,5092567,430233.0,463539.0,986.2,1004.9,981.3,986.2,120717750,1084.8,887.6,1102.5,649.1,1003.1,39,1,1003.0,86,4,1002.9,472,7,1002.8,1274,18,1002.7,1699,15,1003.4,276,4,1003.5,595,14,1003.6,1341,19,1003.7,1000,9,1003.8,463,8
317,2025-11-26 11:40:26+05:30,1003.1,60,997.73,5092567,430233.0,463539.0,986.2,1004.9,981.3,986.2,120717750,1084.8,887.6,1102.5,649.1,1003.1,39,1,1003.0,86,4,1002.9,472,7,1002.8,1274,18,1002.7,1699,15,1003.4,276,4,1003.5,595,14,1003.6,1341,19,1003.7,1000,9,1003.8,463,8
317,2025-11-26 11:40:27+05:30,1003.1,60,997.73,5092567,430233.0,463539.0,986.2,1004.9,981.3,986.2,120717750,1084.8,887.6,1102.5,649.1,1003.1,39,1,1003.0,86,4,1002.9,472,7,1002.8,1274,18,1002.7,1699,15,1003.4,276,4,1003.5,595,14,1003.6,1341,19,1003.7,1000,9,1003.8,463,8
317,2025-11-26 11:40:27+05:30,1003.4,1,997.73,5092568,430333.0,463538.0,986.2,1004.9,981.3,986.2,120717750,1084.8,887.6,1102.5,649.1,1003.1,39,1,1003.0,86,4,1002.9,472,7,1002.8,1274,18,1002.7,1723,16,1003.4,275,4,1003.5,590,13,1003.6,1341,19,1003.7,1005,10,1003.8,463,8
317,2025-11-26 11:40:27+05:30,1003.4,1,997.73,5092568,430333.0,463538.0,986.2,1004.9,981.3,986.2,120717750,1084.8,887.6,1102.5,649.1,1003.1,39,1,1003.0,86,4,1002.9,472,7,1002.8,1274,18,1002.7,1723,16,1003.4,275,4,1003.5,590,13,1003.6,1341,19,1003.7,1005,10,1003.8,463,8
317,2025-11-26 11:40:27+05:30,1003.4,1,997.73,5092568,430333.0,463538.0,986.2,1004.9,981.3,986.2,120717750,1084.8,887.6,1102.5,649.1,1003.1,39,1,1003.0,86,4,1002.9,472,7,1002.8,1274,18,1002.7,1723,16,1003.4,275,4,1003.5,590,13,1003.6,1341,19,1003.7,1005,10,1003.8,463,8
317,2025-11-26 11:40:27+05:30,1003.4,1,997.73,5092568,430333.0,463538.0,986.2,1004.9,981.3,986.2,120717750,1084.8,887.6,1102.5,649.1,1003.1,39,1,1003.0,86,4,1002.9,472,7,1002.8,1274,18,1002.7,1723,16,1003.4,275,4,1003.5,590,13,1003.6,1341,19,1003.7,1005,10,1003.8,463,8
317,2025-11-26 11:40:28+05:30,1003.4,1,997.73,5092568,430333.0,463538.0,986.2,1004.9,981.3,986.2,120717750,1084.8,887.6,1102.5,649.1,1003.1,39,1,1003.0,86,4,1002.9,472,7,1002.8,1274,18,1002.7,1723,16,1003.4,275,4,1003.5,590,13,1003.6,1341,19,1003.7,1005,10,1003.8,463,8
317,2025-11-26 11:40:28+05:30,1003.4,1,997.73,5092568,430333.0,463538.0,986.2,1004.9,981.3,986.2,120723000,1084.8,887.6,1102.5,649.1,1003.1,39,1,1003.0,86,4,1002.9,472,7,1002.8,1274,18,1002.7,1723,16,1003.4,275,4,1003.5,590,13,1003.6,1341,19,1003.7,1005,10,1003.8,463,8
317,2025-11-26 11:40:28+05:30,1003.4,1,997.73,5092568,430256.0,463536.0,986.2,1004.9,981.3,986.2,120723000,1084.8,887.6,1102.5,649.1,1003.0,86,4,1002.9,472,7,1002.8,1274,18,1002.7,1723,16,1002.6,1145,9,1003.4,275,4,1003.5,590,13,1003.6,1341,19,1003.7,1005,10,1003.8,463,8
317,2025-11-26 11:40:28+05:30,1003.4,1,997.73,5092568,430256.0,463536.0,986.2,1004.9,981.3,986.2,120723000,1084.8,887.6,1102.5,649.1,1003.0,86,4,1002.9,472,7,1002.8,1274,18,1002.7,1723,16,1002.6,1145,9,1003.4,275,4,1003.5,590,13,1003.6,1341,19,1003.7,1005,10,1003.8,463,8
317,2025-11-26 11:40:29+05:30,1003.4,1,997.73,5092568,430256.0,463536.0,986.2,1004.9,981.3,986.2,120723000,1084.8,887.6,1102.5,649.1,1003.0,86,4,1002.9,472,7,1002.8,1274,18,1002.7,1723,16,1002.6,1145,9,1003.4,275,4,1003.5,590,13,1003.6,1341,19,1003.7,1005,10,1003.8,463,8
317,2025-11-26 11:40:29+05:30,1003.4,16,997.73,5092568,430256.0,463536.0,986.2,1004.9,981.3,986.2,120723000,1084.8,887.6,1102.5,649.1,1003.0,86,4,1002.9,472,7,1002.8,1274,18,1002.7,1723,16,1002.6,1145,9,1003.4,275,4,1003.5,590,13,1003.6,1341,19,1003.7,1005,10,1003.8,463,8
317,2025-11-26 11:40:29+05:30,1003.4,16,997.73,5092753,429314.0,463586.0,986.2,1004.9,981.3,986.2,120723000,1084.8,887.6,1102.5,649.1,1003.0,86,4,1002.9,151,4,1002.8,560,12,1002.7,1723,16,1002.6,1145,9,1003.3,158,1,1003.4,336,6,1003.5,553,11,1003.6,1333,21,1003.7,974,7
317,2025-11-26 11:40:30+05:30,1003.0,13,997.73,5092753,429314.0,463586.0,986.2,1004.9,981.3,986.2,120723000,1084.8,887.6,1102.5,649.1,1003.0,86,4,1002.9,151,4,1002.8,560,12,1002.7,1723,16,1002.6,1145,9,1003.3,158,1,1003.4,336,6,1003.5,553,11,1003.6,1333,21,1003.7,974,7
317,2025-11-26 11:40:30+05:30,1003.0,13,997.73,5092941,427467.0,465330.0,986.2,1004.9,981.3,986.2,120723000,1084.8,887.6,1102.5,649.1,1002.8,150,2,1002.7,1059,6,1002.6,740,7,1002.5,6854,23,1002.4,1900,15,1003.0,83,1,1003.2,131,3,1003.3,553,8,1003.4,661,8,1003.5,699,14
317,2025-11-26 11:40:31+05:30,1003.0,13,997.73,5092941,427442.0,464184.0,986.2,1004.9,981.3,986.2,120723000,1084.8,887.6,1102.5,649.1,1002.8,150,2,1002.7,1059,6,1002.6,740,7,1002.5,6903,24,1002.4,1900,15,1003.0,83,1,1003.2,131,3,1003.3,504,7,1003.4,689,10,1003.5,699,14
317,2025-11-26 11:40:32+05:30,1003.0,13,997.73,5092941,427367.0,464073.0,986.2,1004.9,981.3,986.2,120723000,1084.8,887.6,1102.5,649.1,1002.8,22,1,1002.7,1059,6,1002.6,740,7,1002.5,6903,24,1002.4,1836,14,1003.0,83,1,1003.1,50,1,1003.2,283,4,1003.3,504,7,1003.4,689,10
317,2025-11-26 11:40:33+05:30,1003.0,10,997.73,5092941,427367.0,464073.0,986.2,1004.9,981.3,986.2,120723000,1084.8,887.6,1102.5,649.1,1002.8,22,1,1002.7,1059,6,1002.6,740,7,1002.5,6903,24,1002.4,1836,14,1003.0,83,1,1003.1,50,1,1003.2,283,4,1003.3,504,7,1003.4,689,10
317,2025-11-26 11:40:33+05:30,1003.0,10,997.73,5092951,427050.0,463936.0,986.2,1004.9,981.3,986.2,120723000,1084.8,887.6,1102.5,649.1,1002.7,1223,8,1002.6,789,8,1002.5,6943,25,1002.4,1810,13,1002.3,762,9,1003.0,73,1,1003.1,50,1,1003.2,101,2,1003.3,504,7,1003.4,487,9
317,2025-11-26 11:40:34+05:30,1003.0,185,997.73,5092951,427050.0,463936.0,986.2,1004.9,981.3,986.2,120723000,1084.8,887.6,1102.5,649.1,1002.7,1223,8,1002.6,789,8,1002.5,6943,25,1002.4,1810,13,1002.3,762,9,1003.0,73,1,1003.1,50,1,1003.2,101,2,1003.3,504,7,1003.4,487,9
317,2025-11-26 11:40:34+05:30,1003.0,185,997.73,5093285,427035.0,464281.0,986.2,1004.9,981.3,986.2,120723000,1084.8,887.6,1102.5,649.1,1002.8,112,1,1002.7,960,6,1002.6,739,7,1002.5,6937,25,1002.4,1840,13,1003.0,96,1,1003.1,93,2,1003.2,254,4,1003.3,505,8,1003.4,486,9
317,2025-11-26 11:40:35+05:30,1003.1,65,997.73,5093285,427035.0,464281.0,986.2,1004.9,981.3,986.2,120723000,1084.8,887.6,1102.5,649.1,1002.8,112,1,1002.7,960,6,1002.6,739,7,1002.5,6937,25,1002.4,1840,13,1003.0,96,1,1003.1,93,2,1003.2,254,4,1003.3,505,8,1003.4,486,9
317,2025-11-26 11:40:35+05:30,1003.1,65,997.73,5094556,428368.0,462725.0,986.2,1004.9,981.3,986.2,120723000,1084.8,887.6,1102.5,649.1,1002.8,610,10,1002.7,1660,17,1002.6,764,8,1002.5,6943,24,1002.4,1987,17,1003.1,43,1,1003.2,127,5,1003.3,159,2,1003.4,197,3,1003.5,460,9
317,2025-11-26 11:40:36+05:30,1003.1,65,997.73,5094556,428346.0,462564.0,986.2,1004.9,981.3,986.2,120723000,1084.8,887.6,1102.5,649.1,1002.8,561,8,1002.7,1611,16,1002.6,715,7,1002.5,6851,18,1002.4,2066,22,1003.1,43,1,1003.2,63,1,1003.3,311,3,1003.4,223,5,1003.5,460,9
317,2025-11-26 11:40:37+05:30,1003.0,1,997.73,5094556,428346.0,462564.0,986.2,1004.9,981.3,986.2,120723000,1084.8,887.6,1102.5,649.1,1002.8,561,8,1002.7,1611,16,1002.6,715,7,1002.5,6851,18,1002.4,2066,22,1003.1,43,1,1003.2,63,1,1003.3,311,3,1003.4,223,5,1003.5,460,9
317,2025-11-26 11:40:38+05:30,1003.0,1,997.73,5094558,427977.0,462637.0,986.2,1004.9,981.3,986.2,120723000,1084.8,887.6,1102.5,649.1,1002.8,480,6,1002.7,1342,13,1002.6,838,10,1002.5,6930,23,1002.4,1987,17,1003.1,42,1,1003.2,63,1,1003.3,311,3,1003.4,197,3,1003.5,460,9
317,2025-11-26 11:40:38+05:30,1002.8,2,997.73,5094558,427977.0,462637.0,986.2,1004.9,981.3,986.2,120723000,1084.8,887.6,1102.5,649.1,1002.8,480,6,1002.7,1342,13,1002.6,838,10,1002.5,6930,23,1002.4,1987,17,1003.1,42,1,1003.2,63,1,1003.3,311,3,1003.4,197,3,1003.5,460,9
317,2025-11-26 11:40:39+05:30,1003.1,99,997.73,5094661,428619.0,462870.0,986.2,1004.9,981.3,986.2,120723000,1084.8,887.6,1102.5,649.1,1003.1,19,1,1002.9,283,3,1002.8,617,8,1002.7,1487,13,1002.6,931,11,1003.2,63,1,1003.3,310,2,1003.4,90,1,1003.5,441,8,1003.6,666,16
317,2025-11-26 11:40:39+05:30,1003.4,1,997.73,5094661,428619.0,462870.0,986.2,1004.9,981.3,986.2,120723000,1084.8,887.6,1102.5,649.1,1003.1,19,1,1002.9,283,3,1002.8,617,8,1002.7,1487,13,1002.6,931,11,1003.2,63,1,1003.3,310,2,1003.4,90,1,1003.5,441,8,1003.6,666,16
317,2025-11-26 11:40:40+05:30,1003.4,537,997.73,5096083,429493.0,461431.0,986.2,1004.9,981.3,986.2,120723000,1084.8,887.6,1102.5,649.1,1003.4,78,1,1003.1,221,2,1003.0,605,5,1002.9,502,12,1002.8,2024,14,1003.5,308,7,1003.6,378,9,1003.7,449,6,1003.8,458,13,1003.9,475,10
317,2025-11-26 11:40:40+05:30,1003.5,2,997.73,5096083,429493.0,461431.0,986.2,1004.9,981.3,986.2,120723000,1084.8,887.6,1102.5,649.1,1003.4,78,1,1003.1,221,2,1003.0,605,5,1002.9,502,12,1002.8,2024,14,1003.5,308,7,1003.6,378,9,1003.7,449,6,1003.8,458,13,1003.9,475,10
317,2025-11-26 11:40:41+05:30,1003.5,1,997.73,5096278,427334.0,462678.0,986.2,1004.9,981.3,986.2,120723000,1084.8,887.6,1102.5,649.1,1003.4,160,2,1003.1,209,2,1003.0,803,7,1002.9,644,15,1002.8,1907,16,1003.5,523,4,1003.6,826,10,1003.7,492,8,1003.8,610,14,1003.9,587,10
317,2025-11-26 11:40:41+05:30,1003.5,7,997.73,5096278,427334.0,462678.0,986.2,1004.9,981.3,986.2,120723000,1084.8,887.6,1102.5,649.1,1003.4,160,2,1003.1,209,2,1003.0,803,7,1002.9,644,15,1002.8,1907,16,1003.5,523,4,1003.6,826,10,1003.7,492,8,1003.8,610,14,1003.9,587,10
317,2025-11-26 11:40:42+05:30,1003.5,133,997.73,5096428,427044.0,462355.0,986.2,1004.9,981.3,986.2,120723000,1084.8,887.6,1102.5,649.1,1003.4,160,2,1003.1,219,3,1003.0,803,7,1002.9,644,15,1002.8,2157,17,1003.5,184,2,1003.6,842,11,1003.7,492,8,1003.8,610,14,1003.9,587,10
317,2025-11-26 11:40:42+05:30,1003.4,1,997.73,5096428,427044.0,462355.0,986.2,1004.9,981.3,986.2,120723000,1084.8,887.6,1102.5,649.1,1003.4,160,2,1003.1,219,3,1003.0,803,7,1002.9,644,15,1002.8,2157,17,1003.5,184,2,1003.6,842,11,1003.7,492,8,1003.8,610,14,1003.9,587,10
317,2025-11-26 11:40:43+05:30,1003.4,1,997.73,5096429,427089.0,462441.0,986.2,1004.9,981.3,986.2,120723000,1084.8,887.6,1102.5,649.1,1003.4,159,2,1003.2,24,1,1003.1,219,3,1003.0,803,7,1002.9,644,15,1003.5,342,3,1003.6,768,10,1003.7,492,8,1003.8,612,15,1003.9,587,10
317,2025-11-26 11:40:44+05:30,1003.5,11,997.73,5096613,427015.0,462581.0,986.2,1004.9,981.3,986.2,120723000,1084.8,887.6,1102.5,649.1,1003.4,159,2,1003.2,24,1,1003.1,219,3,1003.0,803,7,1002.9,688,16,1003.5,482,3,1003.6,752,9,1003.7,508,9,1003.8,612,15,1003.9,587,10
317,2025-11-26 11:40:44+05:30,1003.5,12,997.73,5096613,427015.0,462581.0,986.2,1004.9,981.3,986.2,120723000,1084.8,887.6,1102.5,649.1,1003.4,159,2,1003.2,24,1,1003.1,219,3,1003.0,803,7,1002.9,688,16,1003.5,482,3,1003.6,752,9,1003.7,508,9,1003.8,612,15,1003.9,587,10
317,2025-11-26 11:40:45+05:30,1003.5,12,997.73,5097096,427429.0,461866.0,986.2,1004.9,981.3,986.2,120723000,1084.8,887.6,1102.5,649.1,1003.4,111,3,1003.2,68,2,1003.1,219,3,1003.0,898,9,1002.9,818,17,1003.5,19,2,1003.6,770,8,1003.7,520,8,1003.8,546,14,1003.9,592,11
317,2025-11-26 11:40:46+05:30,1003.5,12,997.73,5097096,427401.0,461866.0,986.2,1004.9,981.3,986.2,120723000,1084.8,887.6,1102.5,649.1,1003.4,111,3,1003.2,68,2,1003.1,219,3,1003.0,898,9,1002.9,818,17,1003.5,19,2,1003.6,770,8,1003.7,569,9,1003.8,546,14,1003.9,592,11
317,2025-11-26 11:40:47+05:30,1003.5,12,997.73,5097096,427573.0,460344.0,986.2,1004.9,981.3,986.2,120723000,1084.8,887.6,1102.5,649.1,1003.4,111,3,1003.2,73,3,1003.1,371,4,1003.0,978,10,1002.9,818,17,1003.5,19,2,1003.6,544,6,1003.7,403,6,1003.8,575,9,1003.9,603,11
317,2025-11-26 11:40:47+05:30,1003.5,10,997.73,5097096,427573.0,460344.0,986.2,1004.9,981.3,986.2,120723000,1084.8,887.6,1102.5,649.1,1003.4,111,3,1003.2,73,3,1003.1,371,4,1003.0,978,10,1002.9,818,17,1003.5,19,2,1003.6,544,6,1003.7,403,6,1003.8,575,9,1003.9,603,11
317,2025-11-26 11:40:48+05:30,1003.6,51,997.73,5098343,429516.0,459943.0,986.2,1004.9,981.3,986.2,120723000,1084.8,887.6,1102.5,649.1,1003.4,189,3,1003.3,446,5,1003.2,1037,15,1003.1,644,7,1003.0,1004,12,1003.7,2,1,1003.8,118,3,1003.9,492,8,1004.0,4832,17,1004.1,631,12
317,2025-11-26 11:40:48+05:30,1004.0,1168,997.73,5098343,429516.0,459943.0,986.2,1004.9,981.3,986.2,120723000,1084.8,887.6,1102.5,649.1,1003.4,189,3,1003.3,446,5,1003.2,1037,15,1003.1,644,7,1003.0,1004,12,1003.7,2,1,1003.8,118,3,1003.9,492,8,1004.0,4832,17,1004.1,631,12
317,2025-11-26 11:40:49+05:30,1004.0,187,997.74,5106289,434699.0,448824.0,986.2,1004.9,981.3,986.2,120723000,1084.8,887.6,1102.5,649.1,1003.9,70,3,1003.8,21,1,1003.7,207,2,1003.6,713,10,1003.5,877,11,1004.0,1313,1,1004.1,110,1,1004.2,4343,5,1004.3,521,8,1004.4,614,11
317,2025-11-26 11:40:49+05:30,1004.0,2793,997.74,5106289,434699.0,448824.0,986.2,1004.9,981.3,986.2,120723000,1084.8,887.6,1102.5,649.1,1003.9,70,3,1003.8,21,1,1003.7,207,2,1003.6,713,10,1003.5,877,11,1004.0,1313,1,1004.1,110,1,1004.2,4343,5,1004.3,521,8,1004.4,614,11
317,2025-11-26 11:40:50+05:30,1003.9,5,997.77,5128578,434305.0,449950.0,986.2,1004.9,981.3,986.2,120723000,1084.8,887.6,1102.5,649.1,1003.9,94,3,1003.8,75,2,1003.7,1079,8,1003.6,1008,13,1003.5,1029,13,1004.2,4115,3,1004.3,118,2,1004.4,133,3,1004.5,1308,18,1004.6,342,3
317,2025-11-26 11:40:50+05:30,1004.1,3,997.77,5128578,434305.0,449950.0,986.2,1004.9,981.3,986.2,120723000,1084.8,887.6,1102.5,649.1,1003.9,94,3,1003.8,75,2,1003.7,1079,8,1003.6,1008,13,1003.5,1029,13,1004.2,4115,3,1004.3,118,2,1004.4,133,3,1004.5,1308,18,1004.6,342,3
317,2025-11-26 11:40:51+05:30,1004.1,10,997.77,5130871,434172.0,449763.0,986.2,1004.9,981.3,986.2,120723000,1084.8,887.6,1102.5,649.1,1004.0,83,1,1003.9,82,2,1003.8,493,5,1003.7,703,8,1003.6,1888,16,1004.2,3799,3,1004.3,145,4,1004.4,359,5,1004.5,1652,21,1004.6,569,6
317,2025-11-26 11:40:51+05:30,1004.2,47,997.77,5130871,434172.0,449763.0,986.2,1004.9,981.3,986.2,120723000,1084.8,887.6,1102.5,649.1,1004.0,83,1,1003.9,82,2,1003.8,493,5,1003.7,703,8,1003.6,1888,16,1004.2,3799,3,1004.3,145,4,1004.4,359,5,1004.5,1652,21,1004.6,569,6
317,2025-11-26 11:40:52+05:30,1004.5,33,997.78,5136544,437994.0,437714.0,986.2,1004.9,981.3,986.2,120723000,1084.8,887.6,1102.5,649.1,1004.5,21,1,1004.4,176,5,1004.3,231,5,1004.2,1291,10,1004.1,843,14,1004.7,40,2,1004.8,586,7,1004.9,619,8,1005.0,60550,142,1005.1,570,9
317,2025-11-26 11:40:52+05:30,1004.6,43,997.78,5136544,437994.0,437714.0,986.2,1004.9,981.3,986.2,120723000,1084.8,887.6,1102.5,649.1,1004.5,21,1,1004.4,176,5,1004.3,231,5,1004.2,1291,10,1004.1,843,14,1004.7,40,2,1004.8,586,7,1004.9,619,8,1005.0,60550,142,1005.1,570,9
317,2025-11-26 11:40:53+05:30,1004.7,30,997.78,5138864,436602.0,439766.0,986.2,1004.9,981.3,986.2,120723000,1084.8,887.6,1102.5,649.1,1004.5,13,1,1004.4,74,1,1004.2,5,1,1004.1,369,8,1004.0,2042,20,1004.7,1243,4,1004.8,910,12,1004.9,1075,15,1005.0,60851,145,1005.1,799,13
317,2025-11-26 11:40:53+05:30,1004.7,30,997.78,5138864,436602.0,439766.0,986.2,1004.9,981.3,986.2,120723000,1084.8,887.6,1102.5,649.1,1004.5,13,1,1004.4,74,1,1004.2,5,1,1004.1,369,8,1004.0,2042,20,1004.7,1243,4,1004.8,910,12,1004.9,1075,15,1005.0,60851,145,1005.1,799,13
317,2025-11-26 11:40:54+05:30,1004.7,245,997.78,5139293,437949.0,439855.0,986.2,1004.9,981.3,986.2,120723000,1084.8,887.6,1102.5,649.1,1004.6,112,1,1004.5,73,2,1004.4,104,2,1004.2,1013,7,1004.1,487,6,1004.7,208,1,1004.8,745,10,1004.9,947,12,1005.0,60821,144,1005.1,657,8
317,2025-11-26 11:40:54+05:30,1004.7,245,997.78,5139293,437949.0,439855.0,986.2,1004.9,981.3,986.2,120723000,1084.8,887.6,1102.5,649.1,1004.6,112,1,1004.5,73,2,1004.4,104,2,1004.2,1013,7,1004.1,487,6,1004.7,208,1,1004.8,745,10,1004.9,947,12,1005.0,60821,144,1005.1,657,8
317,2025-11-26 11:40:55+05:30,1004.7,245,997.78,5139293,437632.0,440699.0,986.2,1004.9,981.3,986.2,120723000,1084.8,887.6,1102.5,649.1,1004.6,112,1,1004.5,73,2,1004.4,136,3,1004.2,1039,9,1004.1,875,8,1004.8,677,10,1004.9,1387,13,1005.0,60865,144,1005.1,760,13,1005.2,723,12
317,2025-11-26 11:40:55+05:30,1004.8,68,997.78,5139293,437632.0,440699.0,986.2,1004.9,981.3,986.2,120723000,1084.8,887.6,1102.5,649.1,1004.6,112,1,1004.5,73,2,1004.4,136,3,1004.2,1039,9,1004.1,875,8,1004.8,677,10,1004.9,1387,13,1005.0,60865,144,1005.1,760,13,1005.2,723,12
317,2025-11-26 11:40:56+05:30,1004.8,68,997.79,5139458,437525.0,439364.0,986.2,1004.9,981.3,986.2,120723000,1084.8,887.6,1102.5,649.1,1004.6,155,3,1004.5,60,1,1004.4,106,2,1004.3,549,7,1004.2,1054,10,1004.8,328,7,1004.9,842,10,1005.0,60831,144,1005.1,626,8,1005.2,777,16
317,2025-11-26 11:40:57+05:30,1004.8,68,997.79,5139458,437822.0,439406.0,986.2,1004.9,981.3,986.2,120723000,1084.8,887.6,1102.5,649.1,1004.6,156,4,1004.5,60,1,1004.4,106,2,1004.3,201,2,1004.2,1039,9,1004.8,326,6,1004.9,844,11,1005.0,60831,144,1005.1,626,8,1005.2,764,15
317,2025-11-26 11:40:58+05:30,1004.8,68,997.79,5139458,437823.0,439953.0,986.2,1004.9,981.3,986.2,120723000,1084.8,887.6,1102.5,649.1,1004.6,156,4,1004.5,60,1,1004.4,106,2,1004.3,201,2,1004.2,1039,9,1004.8,326,6,1004.9,1342,13,1005.0,60880,145,1005.1,639,9,1005.2,751,14
317,2025-11-26 11:40:59+05:30,1004.8,17,997.79,5140255,438356.0,439268.0,986.2,1004.9,981.3,986.2,120723000,1084.8,887.6,1102.5,649.1,1004.7,801,2,1004.6,14,2,1004.5,90,2,1004.4,281,4,1004.3,370,4,1004.8,359,4,1004.9,519,8,1005.0,60493,140,1005.1,619,11,1005.2,790,13
317,2025-11-26 11:40:59+05:30,1005.5,30,997.79,5140255,438356.0,439268.0,986.2,1004.9,981.3,986.2,120723000,1084.8,887.6,1102.5,649.1,1004.7,801,2,1004.6,14,2,1004.5,90,2,1004.4,281,4,1004.3,370,4,1004.8,359,4,1004.9,519,8,1005.0,60493,140,1005.1,619,11,1005.2,790,13
317,2025-11-26 11:41:00+05:30,1005.0,10,997.88,5204399,434304.0,371665.0,986.2,1005.5,981.3,986.2,120723000,1084.8,887.6,1102.5,649.1,1005.0,390,9,1004.9,524,7,1004.8,1188,14,1004.7,836,13,1004.6,871,8,1005.4,87,1,1005.5,4353,8,1005.6,148,5,1005.7,288,5,1005.8,894,6
317,2025-11-26 11:41:00+05:30,1005.3,3,997.88,5204399,434304.0,371665.0,986.2,1005.5,981.3,986.2,120723000,1084.8,887.6,1102.5,649.1,1005.0,390,9,1004.9,524,7,1004.8,1188,14,1004.7,836,13,1004.6,871,8,1005.4,87,1,1005.5,4353,8,1005.6,148,5,1005.7,288,5,1005.8,894,6
317,2025-11-26 11:41:01+05:30,1005.4,2,997.88,5207437,437458.0,372709.0,986.2,1005.5,981.3,986.2,120723000,1084.8,887.6,1102.5,649.1,1005.1,282,5,1005.0,308,6,1004.9,701,14,1004.8,1304,17,1004.7,980,13,1005.5,4354,9,1005.6,148,5,1005.7,288,5,1005.8,474,8,1005.9,1815,25
317,2025-11-26 11:41:01+05:30,1005.6,716,997.88,5207437,437458.0,372709.0,986.2,1005.5,981.3,986.2,120723000,1084.8,887.6,1102.5,649.1,1005.1,282,5,1005.0,308,6,1004.9,701,14,1004.8,1304,17,1004.7,980,13,1005.5,4354,9,1005.6,148,5,1005.7,288,5,1005.8,474,8,1005.9,1815,25
317,2025-11-26 11:41:02+05:30,1005.4,1,997.89,5214682,439058.0,366568.0,986.2,1005.8,981.3,986.2,120723000,1084.8,887.6,1102.5,649.1,1005.4,353,5,1005.3,584,12,1005.2,1290,14,1005.1,790,13,1005.0,1099,13,1005.6,1,1,1005.8,196,4,1005.9,1062,14,1006.0,8900,42,1006.1,280,2
317,2025-11-26 11:41:02+05:30,1005.5,45,997.89,5214682,439058.0,366568.0,986.2,1005.8,981.3,986.2,120723000,1084.8,887.6,1102.5,649.1,1005.4,353,5,1005.3,584,12,1005.2,1290,14,1005.1,790,13,1005.0,1099,13,1005.6,1,1,1005.8,196,4,1005.9,1062,14,1006.0,8900,42,1006.1,280,2
317,2025-11-26 11:41:03+05:30,1006.0,368,997.89,5217946,441112.0,363204.0,986.2,1006.0,981.3,986.2,120723000,1084.8,887.6,1102.5,649.1,1005.8,114,4,1005.7,462,8,1005.6,1152,15,1005.5,872,10,1005.4,1107,10,1006.0,6978,29,1006.2,115,4,1006.3,165,3,1006.4,3951,6,1006.5,558,12
317,2025-11-26 11:41:03+05:30,1006.0,368,997.89,5217946,441112.0,363204.0,986.2,1006.0,981.3,986.2,120723000,1084.8,887.6,1102.5,649.1,1005.8,114,4,1005.7,462,8,1005.6,1152,15,1005.5,872,10,1005.4,1107,10,1006.0,6978,29,1006.2,115,4,1006.3,165,3,1006.4,3951,6,1006.5,558,12
317,2025-11-26 11:41:04+05:30,1006.0,1,997.92,5233182,438628.0,354383.0,986.2,1006.7,981.3,986.2,120723000,1084.8,887.6,1102.5,649.1,1006.0,87,2,1005.9,71,1,1005.8,474,4,1005.7,658,8,1005.6,1573,21,1006.3,18,2,1006.4,261,3,1006.5,256,3,1006.6,636,6,1006.7,858,15
317,2025-11-26 11:41:04+05:30,1006.3,33,997.92,5233182,438628.0,354383.0,986.2,1006.7,981.3,986.2,120723000,1084.8,887.6,1102.5,649.1,1006.0,87,2,1005.9,71,1,1005.8,474,4,1005.7,658,8,1005.6,1573,21,1006.3,18,2,1006.4,261,3,1006.5,256,3,1006.6,636,6,1006.7,858,15
317,2025-11-26 11:41:05+05:30,1006.3,750,997.92,5234883,440712.0,355285.0,986.2,1006.7,981.3,986.2,120723000,1084.8,887.6,1102.5,649.1,1006.1,222,5,1006.0,681,13,1005.9,489,4,1005.8,1046,8,1005.7,665,12,1006.3,496,1,1006.4,667,1,1006.5,115,3,1006.6,187,2,1006.7,795,7
317,2025-11-26 11:41:05+05:30,1006.3,750,997.92,5234883,440712.0,355285.0,986.2,1006.7,981.3,986.2,120723000,1084.8,887.6,1102.5,649.1,1006.1,222,5,1006.0,681,13,1005.9,489,4,1005.8,1046,8,1005.7,665,12,1006.3,496,1,1006.4,667,1,1006.5,115,3,1006.6,187,2,1006.7,795,7
317,2025-11-26 11:41:06+05:30,1006.2,1,997.92,5235040,439616.0,355788.0,986.2,1006.7,981.3,986.2,120723000,1084.8,887.6,1102.5,649.1,1006.2,30,1,1006.0,372,8,1005.9,312,3,1005.8,825,7,1005.7,848,14,1006.3,402,2,1006.4,790,3,1006.5,456,6,1006.6,653,5,1006.7,954,14
317,2025-11-26 11:41:06+05:30,1006.2,1,997.92,5235040,439616.0,355788.0,986.2,1006.7,981.3,986.2,120723000,1084.8,887.6,1102.5,649.1,1006.2,30,1,1006.0,372,8,1005.9,312,3,1005.8,825,7,1005.7,848,14,1006.3,402,2,1006.4,790,3,1006.5,456,6,1006.6,653,5,1006.7,954,14
317,2025-11-26 11:41:07+05:30,1006.3,144,997.92,5235609,439485.0,355929.0,986.2,1006.7,981.3,986.2,120723000,1084.8,887.6,1102.5,649.1,1006.1,41,1,1006.0,391,8,1005.9,312,3,1005.8,825,7,1005.7,930,16,1006.3,343,5,1006.4,667,1,1006.5,435,7,1006.6,810,8,1006.7,910,15
317,2025-11-26 11:41:07+05:30,1006.3,144,997.92,5235609,439485.0,355929.0,986.2,1006.7,981.3,986.2,120723000,1084.8,887.6,1102.5,649.1,1006.1,41,1,1006.0,391,8,1005.9,312,3,1005.8,825,7,1005.7,930,16,1006.3,343,5,1006.4,667,1,1006.5,435,7,1006.6,810,8,1006.7,910,15
317,2025-11-26 11:41:08+05:30,1006.3,140,997.92,5235609,439485.0,355929.0,986.2,1006.7,981.3,986.2,120723000,1084.8,887.6,1102.5,649.1,1006.1,41,1,1006.0,391,8,1005.9,312,3,1005.8,825,7,1005.7,930,16,1006.3,343,5,1006.4,667,1,1006.5,435,7,1006.6,810,8,1006.7,910,15
317,2025-11-26 11:41:08+05:30,1006.3,140,997.92,5236097,439423.0,355979.0,986.2,1006.7,981.3,986.2,120723000,1084.8,887.6,1102.5,649.1,1006.1,84,3,1006.0,378,7,1005.9,312,3,1005.8,874,8,1005.7,930,16,1006.3,325,5,1006.4,667,1,1006.5,407,5,1006.6,802,8,1006.7,900,14
317,2025-11-26 11:41:09+05:30,1006.2,44,997.92,5236097,439423.0,355979.0,986.2,1006.7,981.3,986.2,120723000,1084.8,887.6,1102.5,649.1,1006.1,84,3,1006.0,378,7,1005.9,312,3,1005.8,874,8,1005.7,930,16,1006.3,325,5,1006.4,667,1,1006.5,407,5,1006.6,802,8,1006.7,900,14
317,2025-11-26 11:41:10+05:30,1006.2,44,997.92,5236200,439444.0,355080.0,986.2,1006.7,981.3,986.2,120723000,1084.8,887.6,1102.5,649.1,1006.2,63,2,1006.1,126,2,1006.0,319,6,1005.9,312,3,1005.8,814,7,1006.3,24,1,1006.4,149,1,1006.5,432,4,1006.6,530,6,1006.7,918,15
317,2025-11-26 11:41:10+05:30,1006.2,251,997.92,5236200,439444.0,355080.0,986.2,1006.7,981.3,986.2,120723000,1084.8,887.6,1102.5,649.1,1006.2,63,2,1006.1,126,2,1006.0,319,6,1005.9,312,3,1005.8,814,7,1006.3,24,1,1006.4,149,1,1006.5,432,4,1006.6,530,6,1006.7,918,15
317,2025-11-26 11:41:11+05:30,1006.2,251,997.92,5236901,440079.0,354687.0,986.2,1006.7,981.3,986.2,120723000,1084.8,887.6,1102.5,649.1,1006.1,484,5,1006.0,446,7,1005.9,595,6,1005.8,812,7,1005.7,917,15,1006.2,96,1,1006.3,24,1,1006.4,149,1,1006.5,540,5,1006.6,530,6
317,2025-11-26 11:41:11+05:30,1006.1,9,997.92,5236901,440079.0,354687.0,986.2,1006.7,981.3,986.2,120723000,1084.8,887.6,1102.5,649.1,1006.1,484,5,1006.0,446,7,1005.9,595,6,1005.8,812,7,1005.7,917,15,1006.2,96,1,1006.3,24,1,1006.4,149,1,1006.5,540,5,1006.6,530,6
317,2025-11-26 11:41:12+05:30,1006.2,51,997.93,5237162,439847.0,355558.0,986.2,1006.7,981.3,986.2,120723000,1084.8,887.6,1102.5,649.1,1006.1,308,5,1006.0,768,9,1005.9,348,4,1005.8,782,6,1005.7,930,16,1006.3,24,1,1006.4,149,1,1006.5,577,5,1006.6,594,7,1006.7,979,15
317,2025-11-26 11:41:12+05:30,1006.1,100,997.93,5237162,439847.0,355558.0,986.2,1006.7,981.3,986.2,120723000,1084.8,887.6,1102.5,649.1,1006.1,308,5,1006.0,768,9,1005.9,348,4,1005.8,782,6,1005.7,930,16,1006.3,24,1,1006.4,149,1,1006.5,577,5,1006.6,594,7,1006.7,979,15
317,2025-11-26 11:41:13+05:30,1006.1,111,997.93,5238040,438799.0,354913.0,986.2,1006.7,981.3,986.2,120723000,1084.8,887.6,1102.5,649.1,1006.1,113,1,1006.0,249,5,1005.9,74,1,1005.8,892,6,1005.7,927,18,1006.2,199,1,1006.3,25,2,1006.4,376,3,1006.5,714,8,1006.6,540,7
317,2025-11-26 11:41:13+05:30,1006.1,113,997.93,5238040,438799.0,354913.0,986.2,1006.7,981.3,986.2,120723000,1084.8,887.6,1102.5,649.1,1006.1,113,1,1006.0,249,5,1005.9,74,1,1005.8,892,6,1005.7,927,18,1006.2,199,1,1006.3,25,2,1006.4,376,3,1006.5,714,8,1006.6,540,7
317,2025-11-26 11:41:14+05:30,1005.5,175,997.93,5239604,430831.0,368515.0,986.2,1006.7,981.3,986.2,120723000,1084.8,887.6,1102.5,649.1,1005.3,112,1,1005.2,321,3,1005.1,738,9,1005.0,989,16,1004.9,725,8,1005.5,21,1,1005.7,94,2,1005.8,250,3,1005.9,710,6,1006.0,574,10
317,2025-11-26 11:41:14+05:30,1005.5,1,997.93,5239604,430831.0,368515.0,986.2,1006.7,981.3,986.2,120723000,1084.8,887.6,1102.5,649.1,1005.3,112,1,1005.2,321,3,1005.1,738,9,1005.0,989,16,1004.9,725,8,1005.5,21,1,1005.7,94,2,1005.8,250,3,1005.9,710,6,1006.0,574,10
317,2025-11-26 11:41:15+05:30,1005.5,1,997.93,5239605,431929.0,369815.0,986.2,1006.7,981.3,986.2,120723000,1084.8,887.6,1102.5,649.1,1005.3,112,1,1005.2,235,2,1005.1,787,10,1005.0,1017,18,1004.9,1179,11,1005.7,432,5,1005.8,782,7,1005.9,927,8,1006.0,629,10,1006.1,958,14
317,2025-11-26 11:41:15+05:30,1005.7,5,997.93,5239605,431929.0,369815.0,986.2,1006.7,981.3,986.2,120723000,1084.8,887.6,1102.5,649.1,1005.3,112,1,1005.2,235,2,1005.1,787,10,1005.0,1017,18,1004.9,1179,11,1005.7,432,5,1005.8,782,7,1005.9,927,8,1006.0,629,10,1006.1,958,14
317,2025-11-26 11:41:16+05:30,1005.7,5,997.93,5239699,432424.0,368945.0,986.2,1006.7,981.3,986.2,120723000,1084.8,887.6,1102.5,649.1,1005.3,112,1,1005.2,313,4,1005.1,787,10,1005.0,1161,18,1004.9,1179,11,1005.7,201,2,1005.8,903,7,1005.9,724,6,1006.0,566,9,1006.1,806,10
317,2025-11-26 11:41:17+05:30,1005.7,5,997.93,5239699,432608.0,369382.0,986.2,1006.7,981.3,986.2,120723000,1084.8,887.6,1102.5,649.1,1005.3,112,1,1005.2,277,3,1005.1,813,12,1005.0,1152,16,1004.9,1179,11,1005.7,244,3,1005.8,1071,8,1005.9,724,6,1006.0,566,9,1006.1,806,10
317,2025-11-26 11:41:18+05:30,1005.7,5,997.93,5239699,432608.0,370411.0,986.2,1006.7,981.3,986.2,120723000,1084.8,887.6,1102.5,649.1,1005.3,112,1,1005.2,277,3,1005.1,813,12,1005.0,1152,16,1004.9,1179,11,1005.7,244,3,1005.8,1071,8,1005.9,792,8,1006.0,616,10,1006.1,806,10
317,2025-11-26 11:41:19+05:30,1005.7,5,997.93,5239699,432330.0,369704.0,986.2,1006.7,981.3,986.2,120723000,1084.8,887.6,1102.5,649.1,1005.3,112,1,1005.2,277,3,1005.1,733,11,1005.0,1136,16,1004.9,1179,11,1005.6,43,1,1005.7,293,4,1005.8,891,7,1005.9,972,9,1006.0,642,12
317,2025-11-26 11:41:19+05:30,1005.8,5,997.93,5239699,432330.0,369704.0,986.2,1006.7,981.3,986.2,120723000,1084.8,887.6,1102.5,649.1,1005.3,112,1,1005.2,277,3,1005.1,733,11,1005.0,1136,16,1004.9,1179,11,1005.6,43,1,1005.7,293,4,1005.8,891,7,1005.9,972,9,1006.0,642,12
317,2025-11-26 11:41:20+05:30,1005.4,53,997.93,5241409,434586.0,370805.0,986.2,1006.7,981.3,986.2,120723000,1084.8,887.6,1102.5,649.1,1005.4,431,4,1005.3,670,9,1005.2,1046,13,1005.1,831,13,1005.0,1333,19,1005.9,250,4,1006.0,702,7,1006.1,990,13,1006.2,7123,13,1006.3,473,9
317,2025-11-26 11:41:20+05:30,1005.4,53,997.93,5241409,434586.0,370805.0,986.2,1006.7,981.3,986.2,120723000,1084.8,887.6,1102.5,649.1,1005.4,431,4,1005.3,670,9,1005.2,1046,13,1005.1,831,13,1005.0,1333,19,1005.9,250,4,1006.0,702,7,1006.1,990,13,1006.2,7123,13,1006.3,473,9
317,2025-11-26 11:41:21+05:30,1005.4,5,997.93,5241866,433601.0,371655.0,986.2,1006.7,981.3,986.2,120723000,1084.8,887.6,1102.5,649.1,1005.4,5,1,1005.3,178,3,1005.2,774,8,1005.1,717,12,1005.0,1073,17,1005.8,677,6,1005.9,418,7,1006.0,898,11,1006.1,1016,15,1006.2,6990,11
317,2025-11-26 11:41:21+05:30,1005.4,5,997.93,5241866,433601.0,371655.0,986.2,1006.7,981.3,986.2,120723000,1084.8,887.6,1102.5,649.1,1005.4,5,1,1005.3,178,3,1005.2,774,8,1005.1,717,12,1005.0,1073,17,1005.8,677,6,1005.9,418,7,1006.0,898,11,1006.1,1016,15,1006.2,6990,11
317,2025-11-26 11:41:22+05:30,1005.4,20,997.93,5242069,429726.0,376355.0,986.2,1006.7,981.3,986.2,120723000,1084.8,887.6,1102.5,649.1,1005.0,51,3,1004.9,400,5,1004.8,889,6,1004.7,870,10,1004.6,1509,18,1005.4,306,3,1005.5,726,8,1005.6,492,8,1005.7,729,13,1005.8,915,12
317,2025-11-26 11:41:22+05:30,1005.4,20,997.93,5242069,429726.0,376355.0,986.2,1006.7,981.3,986.2,120723000,1084.8,887.6,1102.5,649.1,1005.0,51,3,1004.9,400,5,1004.8,889,6,1004.7,870,10,1004.6,1509,18,1005.4,306,3,1005.5,726,8,1005.6,492,8,1005.7,729,13,1005.8,915,12
317,2025-11-26 11:41:23+05:30,1005.4,20,997.93,5242199,430128.0,376486.0,986.2,1006.7,981.3,986.2,120723000,1084.8,887.6,1102.5,649.1,1005.0,22,2,1004.9,465,4,1004.8,856,5,1004.7,857,9,1004.6,1531,19,1005.4,419,3,1005.5,687,7,1005.6,492,8,1005.7,755,15,1005.8,759,11
317,2025-11-26 11:41:23+05:30,1005.4,20,997.93,5242199,430128.0,376486.0,986.2,1006.7,981.3,986.2,120723000,1084.8,887.6,1102.5,649.1,1005.0,22,2,1004.9,465,4,1004.8,856,5,1004.7,857,9,1004.6,1531,19,1005.4,419,3,1005.5,687,7,1005.6,492,8,1005.7,755,15,1005.8,759,11
317,2025-11-26 11:41:24+05:30,1005.4,25,997.93,5242474,430278.0,375549.0,986.2,1006.7,981.3,986.2,120723000,1084.8,887.6,1102.5,649.1,1005.0,42,3,1004.9,633,5,1004.8,776,6,1004.7,1058,13,1004.6,1505,17,1005.4,106,2,1005.5,859,9,1005.6,493,9,1005.7,688,14,1005.8,696,10
317,2025-11-26 11:41:24+05:30,1005.4,25,997.93,5242474,430278.0,375549.0,986.2,1006.7,981.3,986.2,120723000,1084.8,887.6,1102.5,649.1,1005.0,42,3,1004.9,633,5,1004.8,776,6,1004.7,1058,13,1004.6,1505,17,1005.4,106,2,1005.5,859,9,1005.6,493,9,1005.7,688,14,1005.8,696,10
317,2025-11-26 11:41:25+05:30,1005.5,10,997.93,5242647,430635.0,375425.0,986.2,1006.7,981.3,986.2,120723000,1084.8,887.6,1102.5,649.1,1005.0,120,5,1004.9,746,7,1004.8,1114,9,1004.7,1146,13,1004.6,1255,16,1005.5,443,4,1005.6,803,10,1005.7,721,15,1005.8,696,10,1005.9,824,15
317,2025-11-26 11:41:25+05:30,1005.5,10,997.93,5242647,430635.0,375425.0,986.2,1006.7,981.3,986.2,120723000,1084.8,887.6,1102.5,649.1,1005.0,120,5,1004.9,746,7,1004.8,1114,9,1004.7,1146,13,1004.6,1255,16,1005.5,443,4,1005.6,803,10,1005.7,721,15,1005.8,696,10,1005.9,824,15
317,2025-11-26 11:41:26+05:30,1005.5,10,997.93,5242647,430010.0,375871.0,986.2,1006.7,981.3,986.2,120723000,1084.8,887.6,1102.5,649.1,1005.0,38,3,1004.9,391,3,1004.8,743,5,1004.7,1065,12,1004.6,1439,13,1005.4,266,3,1005.5,816,8,1005.6,572,10,1005.7,755,15,1005.8,760,11
317,2025-11-26 11:41:27+05:30,1005.5,10,997.93,5242647,430446.0,376189.0,986.2,1006.7,981.3,986.2,120723000,1084.8,887.6,1102.5,649.1,1005.0,30,2,1004.9,465,4,1004.8,743,5,1004.7,1065,12,1004.6,1452,14,1005.4,96,2,1005.5,1076,10,1005.6,652,10,1005.7,755,15,1005.8,760,11
317,2025-11-26 11:41:28+05:30,1004.9,91,997.93,5242945,430388.0,375346.0,986.2,1006.7,981.3,986.2,120723000,1084.8,887.6,1102.5,649.1,1005.0,67,1,1004.9,602,7,1004.8,903,6,1004.7,785,10,1004.6,1452,14,1005.5,839,8,1005.6,801,10,1005.7,799,14,1005.8,865,18,1005.9,577,9
317,2025-11-26 11:41:28+05:30,1004.9,91,997.93,5242945,430388.0,375346.0,986.2,1006.7,981.3,986.2,120723000,1084.8,887.6,1102.5,649.1,1005.0,67,1,1004.9,602,7,1004.8,903,6,1004.7,785,10,1004.6,1452,14,1005.5,839,8,1005.6,801,10,1005.7,799,14,1005.8,865,18,1005.9,577,9
317,2025-11-26 11:41:29+05:30,1004.9,91,997.93,5242945,429565.0,376121.0,986.2,1006.7,981.3,986.2,120723000,1084.8,887.6,1102.5,649.1,1005.0,87,2,1004.9,531,6,1004.8,743,5,1004.7,943,11,1004.6,1452,14,1005.5,1069,10,1005.6,800,10,1005.7,609,13,1005.8,865,18,1005.9,577,9
317,2025-11-26 11:41:30+05:30,1005.0,8,997.93,5242945,429565.0,376121.0,986.2,1006.7,981.3,986.2,120723000,1084.8,887.6,1102.5,649.1,1005.0,87,2,1004.9,531,6,1004.8,743,5,1004.7,943,11,1004.6,1452,14,1005.5,1069,10,1005.6,800,10,1005.7,609,13,1005.8,865,18,1005.9,577,9
317,2025-11-26 11:41:30+05:30,1005.0,8,997.93,5242962,431817.0,376645.0,986.2,1006.7,981.3,986.2,120723000,1084.8,887.6,1102.5,649.1,1005.0,492,5,1004.9,696,6,1004.8,1303,8,1004.7,785,10,1004.6,1452,14,1005.2,96,1,1005.4,370,2,1005.5,828,9,1005.6,675,10,1005.7,884,14
317,2025-11-26 11:41:31+05:30,1005.2,10,997.93,5242972,432428.0,376882.0,986.2,1006.7,981.3,986.2,120723000,1084.8,887.6,1102.5,649.1,1005.0,687,7,1004.9,921,8,1004.8,1224,8,1004.7,1061,13,1004.6,1176,11,1005.2,86,1,1005.5,567,6,1005.6,701,12,1005.7,576,12,1005.8,1049,16
317,2025-11-26 11:41:31+05:30,1005.2,10,997.93,5242972,432428.0,376882.0,986.2,1006.7,981.3,986.2,120723000,1084.8,887.6,1102.5,649.1,1005.0,687,7,1004.9,921,8,1004.8,1224,8,1004.7,1061,13,1004.6,1176,11,1005.2,86,1,1005.5,567,6,1005.6,701,12,1005.7,576,12,1005.8,1049,16
317,2025-11-26 11:41:32+05:30,1005.2,2,997.93,5242984,431499.0,377108.0,986.2,1006.7,981.3,986.2,120723000,1084.8,887.6,1102.5,649.1,1005.0,464,4,1004.9,812,6,1004.8,1017,7,1004.7,831,11,1004.6,1452,14,1005.2,74,1,1005.5,752,7,1005.6,675,10,1005.7,576,12,1005.8,1075,18
317,2025-11-26 11:41:32+05:30,1005.2,2,997.93,5242984,431499.0,377108.0,986.2,1006.7,981.3,986.2,120723000,1084.8,887.6,1102.5,649.1,1005.0,464,4,1004.9,812,6,1004.8,1017,7,1004.7,831,11,1004.6,1452,14,1005.2,74,1,1005.5,752,7,1005.6,675,10,1005.7,576,12,1005.8,1075,18
317,2025-11-26 11:41:33+05:30,1005.0,3,997.93,5242984,431499.0,377108.0,986.2,1006.7,981.3,986.2,120723000,1084.8,887.6,1102.5,649.1,1005.0,464,4,1004.9,812,6,1004.8,1017,7,1004.7,831,11,1004.6,1452,14,1005.2,74,1,1005.5,752,7,1005.6,675,10,1005.7,576,12,1005.8,1075,18
317,2025-11-26 11:41:33+05:30,1005.0,3,997.93,5242987,431544.0,376821.0,986.2,1006.7,981.3,986.2,120723000,1084.8,887.6,1102.5,649.1,1005.0,461,4,1004.9,860,7,1004.8,1017,7,1004.7,831,11,1004.6,1452,14,1005.2,74,1,1005.5,752,7,1005.6,675,10,1005.7,579,13,1005.8,1029,15
317,2025-11-26 11:41:34+05:30,1005.1,1,997.93,5242987,431544.0,376821.0,986.2,1006.7,981.3,986.2,120723000,1084.8,887.6,1102.5,649.1,1005.0,461,4,1004.9,860,7,1004.8,1017,7,1004.7,831,11,1004.6,1452,14,1005.2,74,1,1005.5,752,7,1005.6,675,10,1005.7,579,13,1005.8,1029,15
317,2025-11-26 11:41:35+05:30,1005.2,3,997.93,5242991,431853.0,376807.0,986.2,1006.7,981.3,986.2,120723000,1084.8,887.6,1102.5,649.1,1005.1,492,2,1005.0,482,5,1004.9,859,7,1004.8,633,6,1004.7,831,11,1005.2,71,1,1005.3,43,1,1005.5,645,6,1005.6,675,10,1005.7,532,12
317,2025-11-26 11:41:35+05:30,1005.1,13,997.93,5242991,431853.0,376807.0,986.2,1006.7,981.3,986.2,120723000,1084.8,887.6,1102.5,649.1,1005.1,492,2,1005.0,482,5,1004.9,859,7,1004.8,633,6,1004.7,831,11,1005.2,71,1,1005.3,43,1,1005.5,645,6,1005.6,675,10,1005.7,532,12
317,2025-11-26 11:41:36+05:30,1005.1,24,997.94,5244231,429582.0,377125.0,986.2,1006.7,981.3,986.2,120723000,1084.8,887.6,1102.5,649.1,1005.0,44,4,1004.9,386,2,1004.8,397,5,1004.7,791,9,1004.6,819,9,1005.1,72,1,1005.3,211,2,1005.4,360,3,1005.5,615,6,1005.6,708,10
317,2025-11-26 11:41:36+05:30,1005.1,24,997.94,5244231,429582.0,377125.0,986.2,1006.7,981.3,986.2,120723000,1084.8,887.6,1102.5,649.1,1005.0,44,4,1004.9,386,2,1004.8,397,5,1004.7,791,9,1004.6,819,9,1005.1,72,1,1005.3,211,2,1005.4,360,3,1005.5,615,6,1005.6,708,10
317,2025-11-26 11:41:37+05:30,1005.1,24,997.94,5244231,430024.0,377406.0,986.2,1006.7,981.3,986.2,120723000,1084.8,887.6,1102.5,649.1,1005.0,25,4,1004.9,386,2,1004.8,202,3,1004.7,937,10,1004.6,819,9,1005.1,72,1,1005.3,212,3,1005.4,360,3,1005.5,615,6,1005.6,738,11
317,2025-11-26 11:41:38+05:30,1005.1,24,997.94,5244231,430402.0,377559.0,986.2,1006.7,981.3,986.2,120723000,1084.8,887.6,1102.5,649.1,1005.0,36,5,1004.9,386,2,1004.8,202,3,1004.7,937,10,1004.6,1154,10,1005.1,72,1,1005.3,334,4,1005.4,360,3,1005.5,615,6,1005.6,738,11
317,2025-11-26 11:41:38+05:30,1005.3,64,997.94,5244231,430402.0,377559.0,986.2,1006.7,981.3,986.2,120723000,1084.8,887.6,1102.5,649.1,1005.0,36,5,1004.9,386,2,1004.8,202,3,1004.7,937,10,1004.6,1154,10,1005.1,72,1,1005.3,334,4,1005.4,360,3,1005.5,615,6,1005.6,738,11
317,2025-11-26 11:41:39+05:30,1005.3,1,997.94,5244813,430660.0,379778.0,986.2,1006.7,981.3,986.2,120723000,1084.8,887.6,1102.5,649.1,1005.0,66,6,1004.9,381,1,1004.8,202,3,1004.7,670,10,1004.6,1298,11,1005.3,495,6,1005.4,765,7,1005.5,645,7,1005.6,639,9,1005.7,578,10
317,2025-11-26 11:41:39+05:30,1005.3,1,997.94,5244813,430660.0,379778.0,986.2,1006.7,981.3,986.2,120723000,1084.8,887.6,1102.5,649.1,1005.0,66,6,1004.9,381,1,1004.8,202,3,1004.7,670,10,1004.6,1298,11,1005.3,495,6,1005.4,765,7,1005.5,645,7,1005.6,639,9,1005.7,578,10
317,2025-11-26 11:41:40+05:30,1005.3,1,997.94,5244814,430246.0,379050.0,986.2,1006.7,981.3,986.2,120723000,1084.8,887.6,1102.5,649.1,1005.0,65,5,1004.9,381,1,1004.8,135,2,1004.7,621,9,1004.6,1298,11,1005.1,96,1,1005.3,420,5,1005.4,765,7,1005.5,645,7,1005.6,639,9
317,2025-11-26 11:41:40+05:30,1005.3,1,997.94,5244814,430246.0,379050.0,986.2,1006.7,981.3,986.2,120723000,1084.8,887.6,1102.5,649.1,1005.0,65,5,1004.9,381,1,1004.8,135,2,1004.7,621,9,1004.6,1298,11,1005.1,96,1,1005.3,420,5,1005.4,765,7,1005.5,645,7,1005.6,639,9
317,2025-11-26 11:41:41+05:30,1005.3,1,997.94,5244814,430605.0,379401.0,986.2,1006.7,981.3,986.2,120723000,1084.8,887.6,1102.5,649.1,1005.0,148,6,1004.9,381,1,1004.8,135,2,1004.7,763,10,1004.6,1154,10,1005.1,96,1,1005.2,40,1,1005.3,379,5,1005.4,423,5,1005.5,787,8
317,2025-11-26 11:41:41+05:30,1005.0,18,997.94,5244814,430605.0,379401.0,986.2,1006.7,981.3,986.2,120723000,1084.8,887.6,1102.5,649.1,1005.0,148,6,1004.9,381,1,1004.8,135,2,1004.7,763,10,1004.6,1154,10,1005.1,96,1,1005.2,40,1,1005.3,379,5,1005.4,423,5,1005.5,787,8
317,2025-11-26 11:41:42+05:30,1005.0,21,997.94,5245490,428550.0,380503.0,986.2,1006.7,981.3,986.2,120723000,1084.8,887.6,1102.5,649.1,1005.0,21,1,1004.8,135,2,1004.7,144,4,1004.6,692,6,1004.5,641,9,1005.1,307,3,1005.2,485,6,1005.3,369,6,1005.4,497,7,1005.5,663,9
317,2025-11-26 11:41:42+05:30,1004.6,21,997.94,5245490,428550.0,380503.0,986.2,1006.7,981.3,986.2,120723000,1084.8,887.6,1102.5,649.1,1005.0,21,1,1004.8,135,2,1004.7,144,4,1004.6,692,6,1004.5,641,9,1005.1,307,3,1005.2,485,6,1005.3,369,6,1005.4,497,7,1005.5,663,9
317,2025-11-26 11:41:43+05:30,1005.1,569,997.94,5247393,427175.0,378239.0,986.2,1006.7,981.3,986.2,120723000,1084.8,887.6,1102.5,649.1,1004.7,485,7,1004.6,517,9,1004.5,1021,9,1004.4,1427,14,1004.3,915,13,1005.1,96,1,1005.2,40,1,1005.3,1,1,1005.4,285,3,1005.5,693,7
317,2025-11-26 11:41:43+05:30,1005.1,569,997.94,5247393,427175.0,378239.0,986.2,1006.7,981.3,986.2,120723000,1084.8,887.6,1102.5,649.1,1004.7,485,7,1004.6,517,9,1004.5,1021,9,1004.4,1427,14,1004.3,915,13,1005.1,96,1,1005.2,40,1,1005.3,1,1,1005.4,285,3,1005.5,693,7
317,2025-11-26 11:41:44+05:30,1005.1,7,997.94,5247499,429317.0,380032.0,986.2,1006.7,981.3,986.2,120723000,1084.8,887.6,1102.5,649.1,1005.0,21,1,1004.8,269,3,1004.7,99,2,1004.6,1146,14,1004.5,1781,12,1005.1,86,1,1005.2,41,2,1005.3,358,5,1005.4,547,6,1005.5,848,7
317,2025-11-26 11:41:44+05:30,1005.1,7,997.94,5247499,429317.0,380032.0,986.2,1006.7,981.3,986.2,120723000,1084.8,887.6,1102.5,649.1,1005.0,21,1,1004.8,269,3,1004.7,99,2,1004.6,1146,14,1004.5,1781,12,1005.1,86,1,1005.2,41,2,1005.3,358,5,1005.4,547,6,1005.5,848,7
317,2025-11-26 11:41:45+05:30,1005.0,87,997.94,5247586,429440.0,379951.0,986.2,1006.7,981.3,986.2,120723000,1084.8,887.6,1102.5,649.1,1005.0,21,1,1004.9,145,2,1004.8,517,5,1004.7,293,4,1004.6,1102,12,1005.2,41,2,1005.3,169,2,1005.4,231,3,1005.5,784,7,1005.6,1007,11
317,2025-11-26 11:41:45+05:30,1005.0,87,997.94,5247586,429440.0,379951.0,986.2,1006.7,981.3,986.2,120723000,1084.8,887.6,1102.5,649.1,1005.0,21,1,1004.9,145,2,1004.8,517,5,1004.7,293,4,1004.6,1102,12,1005.2,41,2,1005.3,169,2,1005.4,231,3,1005.5,784,7,1005.6,1007,11
317,2025-11-26 11:41:46+05:30,1005.0,12,997.94,5247598,429029.0,380806.0,986.2,1006.7,981.3,986.2,120723000,1084.8,887.6,1102.5,649.1,1005.0,9,1,1004.9,5,1,1004.8,657,6,1004.7,293,4,1004.6,900,11,1005.2,41,2,1005.3,169,2,1005.4,280,4,1005.5,784,7,1005.6,1007,11
317,2025-11-26 11:41:46+05:30,1005.0,12,997.94,5247598,429029.0,380806.0,986.2,1006.7,981.3,986.2,120723000,1084.8,887.6,1102.5,649.1,1005.0,9,1,1004.9,5,1,1004.8,657,6,1004.7,293,4,1004.6,900,11,1005.2,41,2,1005.3,169,2,1005.4,280,4,1005.5,784,7,1005.6,1007,11
317,2025-11-26 11:41:47+05:30,1005.0,1,997.94,5247599,429016.0,382069.0,986.2,1006.7,981.3,986.2,120723000,1084.8,887.6,1102.5,649.1,1005.0,8,1,1004.9,5,1,1004.8,517,5,1004.7,431,5,1004.6,900,11,1005.2,41,2,1005.3,300,4,1005.4,480,6,1005.5,810,9,1005.6,981,9
317,2025-11-26 11:41:47+05:30,1005.0,1,997.94,5247599,429016.0,382069.0,986.2,1006.7,981.3,986.2,120723000,1084.8,887.6,1102.5,649.1,1005.0,8,1,1004.9,5,1,1004.8,517,5,1004.7,431,5,1004.6,900,11,1005.2,41,2,1005.3,300,4,1005.4,480,6,1005.5,810,9,1005.6,981,9
317,2025-11-26 11:41:48+05:30,1005.5,113,997.94,5248492,432875.0,379619.0,986.2,1006.7,981.3,986.2,120723000,1084.8,887.6,1102.5,649.1,1005.1,137,1,1005.0,195,2,1004.9,417,6,1004.8,1131,13,1004.7,819,9,1005.5,171,3,1005.6,515,4,1005.7,740,8,1005.8,624,7,1005.9,912,9
317,2025-11-26 11:41:48+05:30,1005.5,113,997.94,5248492,432875.0,379619.0,986.2,1006.7,981.3,986.2,120723000,1084.8,887.6,1102.5,649.1,1005.1,137,1,1005.0,195,2,1004.9,417,6,1004.8,1131,13,1004.7,819,9,1005.5,171,3,1005.6,515,4,1005.7,740,8,1005.8,624,7,1005.9,912,9
317,2025-11-26 11:41:49+05:30,1005.5,15,997.94,5249246,433020.0,379119.0,986.2,1006.7,981.3,986.2,120723000,1084.8,887.6,1102.5,649.1,1005.0,804,9,1004.9,681,13,1004.8,1253,13,1004.7,557,7,1004.6,917,8,1005.3,1,1,1005.5,43,1,1005.6,680,9,1005.7,750,12,1005.8,668,10
317,2025-11-26 11:41:49+05:30,1005.5,15,997.94,5249246,433020.0,379119.0,986.2,1006.7,981.3,986.2,120723000,1084.8,887.6,1102.5,649.1,1005.0,804,9,1004.9,681,13,1004.8,1253,13,1004.7,557,7,1004.6,917,8,1005.3,1,1,1005.5,43,1,1005.6,680,9,1005.7,750,12,1005.8,668,10
317,2025-11-26 11:41:50+05:30,1005.5,133,997.94,5250709,433595.0,378986.0,986.2,1006.7,981.3,986.2,120723000,1084.8,887.6,1102.5,649.1,1005.2,130,2,1005.1,202,1,1005.0,561,4,1004.9,380,7,1004.8,1445,15,1005.5,149,3,1005.6,520,7,1005.7,593,10,1005.8,728,8,1005.9,899,9
317,2025-11-26 11:41:50+05:30,1005.5,133,997.94,5250709,433595.0,378986.0,986.2,1006.7,981.3,986.2,120723000,1084.8,887.6,1102.5,649.1,1005.2,130,2,1005.1,202,1,1005.0,561,4,1004.9,380,7,1004.8,1445,15,1005.5,149,3,1005.6,520,7,1005.7,593,10,1005.8,728,8,1005.9,899,9
317,2025-11-26 11:41:51+05:30,1005.5,43,997.94,5250785,432930.0,379094.0,986.2,1006.7,981.3,986.2,120723000,1084.8,887.6,1102.5,649.1,1005.2,198,5,1005.1,569,5,1005.0,907,10,1004.9,548,15,1004.8,1960,16,1005.6,218,4,1005.7,497,10,1005.8,706,8,1005.9,1286,11,1006.0,5576,18
317,2025-11-26 11:41:51+05:30,1005.5,43,997.94,5250785,432930.0,379094.0,986.2,1006.7,981.3,986.2,120723000,1084.8,887.6,1102.5,649.1,1005.2,198,5,1005.1,569,5,1005.0,907,10,1004.9,548,15,1004.8,1960,16,1005.6,218,4,1005.7,497,10,1005.8,706,8,1005.9,1286,11,1006.0,5576,18
317,2025-11-26 11:41:52+05:30,1005.6,14,997.94,5250785,432930.0,379094.0,986.2,1006.7,981.3,986.2,120723000,1084.8,887.6,1102.5,649.1,1005.2,198,5,1005.1,569,5,1005.0,907,10,1004.9,548,15,1004.8,1960,16,1005.6,218,4,1005.7,497,10,1005.8,706,8,1005.9,1286,11,1006.0,5576,18
317,2025-11-26 11:41:52+05:30,1005.6,14,997.94,5250917,432689.0,379397.0,986.2,1006.7,981.3,986.2,120723000,1084.8,887.6,1102.5,649.1,1005.2,66,3,1005.1,75,2,1005.0,747,8,1004.9,890,18,1004.8,2049,18,1005.6,391,5,1005.7,607,12,1005.8,670,10,1005.9,1332,12,1006.0,5392,17
317,2025-11-26 11:41:53+05:30,1005.6,63,997.94,5250917,432689.0,379397.0,986.2,1006.7,981.3,986.2,120723000,1084.8,887.6,1102.5,649.1,1005.2,66,3,1005.1,75,2,1005.0,747,8,1004.9,890,18,1004.8,2049,18,1005.6,391,5,1005.7,607,12,1005.8,670,10,1005.9,1332,12,1006.0,5392,17
317,2025-11-26 11:41:53+05:30,1005.6,63,997.94,5250996,432796.0,379292.0,986.2,1006.7,981.3,986.2,120723000,1084.8,887.6,1102.5,649.1,1005.2,95,4,1005.1,240,4,1005.0,747,8,1004.9,755,17,1004.8,2188,19,1005.6,11,2,1005.7,992,15,1005.8,665,9,1005.9,1067,10,1006.0,5604,18
317,2025-11-26 11:41:54+05:30,1005.6,63,997.94,5250996,433850.0,379531.0,986.2,1006.7,981.3,986.2,120723000,1084.8,887.6,1102.5,649.1,1005.3,112,1,1005.2,95,4,1005.1,168,3,1005.0,876,10,1004.9,755,17,1005.6,150,3,1005.7,860,15,1005.8,665,9,1005.9,1067,10,1006.0,5604,18
317,2025-11-26 11:41:55+05:30,1005.3,43,997.94,5250996,433850.0,379531.0,986.2,1006.7,981.3,986.2,120723000,1084.8,887.6,1102.5,649.1,1005.3,112,1,1005.2,95,4,1005.1,168,3,1005.0,876,10,1004.9,755,17,1005.6,150,3,1005.7,860,15,1005.8,665,9,1005.9,1067,10,1006.0,5604,18
317,2025-11-26 11:41:55+05:30,1005.3,43,997.95,5251151,433520.0,379531.0,986.2,1006.7,981.3,986.2,120723000,1084.8,887.6,1102.5,649.1,1005.3,17,1,1005.2,65,3,1005.1,396,3,1005.0,788,8,1004.9,548,15,1005.6,336,5,1005.7,782,15,1005.8,665,9,1005.9,1067,10,1006.0,5669,19
317,2025-11-26 11:41:56+05:30,1005.3,43,997.95,5251151,433563.0,379611.0,986.2,1006.7,981.3,986.2,120723000,1084.8,887.6,1102.5,649.1,1005.3,28,2,1005.2,52,2,1005.1,396,3,1005.0,788,8,1004.9,548,15,1005.6,336,5,1005.7,787,16,1005.8,670,10,1005.9,1077,11,1006.0,5679,20
317,2025-11-26 11:41:57+05:30,1005.3,16,997.95,5251167,433552.0,379749.0,986.2,1006.7,981.3,986.2,120723000,1084.8,887.6,1102.5,649.1,1005.3,12,2,1005.2,52,2,1005.1,280,2,1005.0,767,7,1004.9,548,15,1005.6,575,7,1005.7,573,15,1005.8,920,11,1005.9,1077,11,1006.0,5511,19
317,2025-11-26 11:41:57+05:30,1005.3,16,997.95,5251167,433552.0,379749.0,986.2,1006.7,981.3,986.2,120723000,1084.8,887.6,1102.5,649.1,1005.3,12,2,1005.2,52,2,1005.1,280,2,1005.0,767,7,1004.9,548,15,1005.6,575,7,1005.7,573,15,1005.8,920,11,1005.9,1077,11,1006.0,5511,19
317,2025-11-26 11:41:58+05:30,1005.2,2,997.95,5253584,430981.0,381042.0,986.2,1006.7,981.3,986.2,120723000,1084.8,887.6,1102.5,649.1,1005.0,189,4,1004.9,907,16,1004.8,701,9,1004.7,647,7,1004.6,1131,9,1005.2,900,2,1005.5,78,1,1005.6,485,6,1005.7,499,14,1005.8,984,13
317,2025-11-26 11:41:58+05:30,1005.2,2,997.95,5253584,430981.0,381042.0,986.2,1006.7,981.3,986.2,120723000,1084.8,887.6,1102.5,649.1,1005.0,189,4,1004.9,907,16,1004.8,701,9,1004.7,647,7,1004.6,1131,9,1005.2,900,2,1005.5,78,1,1005.6,485,6,1005.7,499,14,1005.8,984,13
317,2025-11-26 11:41:59+05:30,1005.2,127,997.95,5253711,431263.0,380938.0,986.2,1006.7,981.3,986.2,120723000,1084.8,887.6,1102.5,649.1,1005.0,249,6,1004.9,663,15,1004.8,767,10,1004.7,647,7,1004.6,1131,9,1005.2,773,2,1005.5,251,3,1005.6,475,5,1005.7,633,7,1005.8,742,10
317,2025-11-26 11:41:59+05:30,1005.2,127,997.95,5253711,431263.0,380938.0,986.2,1006.7,981.3,986.2,120723000,1084.8,887.6,1102.5,649.1,1005.0,249,6,1004.9,663,15,1004.8,767,10,1004.7,647,7,1004.6,1131,9,1005.2,773,2,1005.5,251,3,1005.6,475,5,1005.7,633,7,1005.8,742,10
317,2025-11-26 11:42:00+05:30,1005.1,50,997.95,5253855,431059.0,381706.0,986.2,1006.7,981.3,986.2,120723000,1084.8,887.6,1102.5,649.1,1005.0,225,6,1004.9,339,7,1004.8,652,13,1004.7,707,8,1004.6,907,9,1005.1,96,1,1005.2,773,2,1005.4,281,3,1005.5,373,4,1005.6,676,7
317,2025-11-26 11:42:00+05:30,1005.1,50,997.95,5253855,431059.0,381706.0,986.2,1006.7,981.3,986.2,120723000,1084.8,887.6,1102.5,649.1,1005.0,225,6,1004.9,339,7,1004.8,652,13,1004.7,707,8,1004.6,907,9,1005.1,96,1,1005.2,773,2,1005.4,281,3,1005.5,373,4,1005.6,676,7
317,2025-11-26 11:42:01+05:30,1005.1,113,997.95,5253855,431059.0,381706.0,986.2,1006.7,981.3,986.2,120723000,1084.8,887.6,1102.5,649.1,1005.0,225,6,1004.9,339,7,1004.8,652,13,1004.7,707,8,1004.6,907,9,1005.1,96,1,1005.2,773,2,1005.4,281,3,1005.5,373,4,1005.6,676,7
317,2025-11-26 11:42:01+05:30,1005.1,9,997.95,5254825,429497.0,381077.0,986.2,1006.7,981.3,986.2,120723000,1084.8,887.6,1102.5,649.1,1005.0,223,6,1004.9,379,8,1004.8,866,15,1004.7,864,9,1004.6,1031,10,1005.2,773,2,1005.5,360,3,1005.6,700,7,1005.7,537,9,1005.8,1058,14
317,2025-11-26 11:42:02+05:30,1005.1,9,997.95,5254825,429497.0,381077.0,986.2,1006.7,981.3,986.2,120723000,1084.8,887.6,1102.5,649.1,1005.0,223,6,1004.9,379,8,1004.8,866,15,1004.7,864,9,1004.6,1031,10,1005.2,773,2,1005.5,360,3,1005.6,700,7,1005.7,537,9,1005.8,1058,14
317,2025-11-26 11:42:03+05:30,1005.1,9,997.95,5254825,429422.0,381096.0,986.2,1006.7,981.3,986.2,120723000,1084.8,887.6,1102.5,649.1,1005.0,203,6,1004.9,481,9,1004.8,866,15,1004.7,889,10,1004.6,1281,11,1005.2,773,2,1005.5,360,3,1005.6,700,7,1005.7,537,9,1005.8,1240,15
317,2025-11-26 11:42:04+05:30,1005.1,9,997.95,5254825,429740.0,381846.0,986.2,1006.7,981.3,986.2,120723000,1084.8,887.6,1102.5,649.1,1005.1,190,1,1005.0,343,7,1004.9,340,8,1004.8,866,15,1004.7,1018,11,1005.2,773,2,1005.5,360,3,1005.6,700,7,1005.7,537,9,1005.8,1240,15
317,2025-11-26 11:42:04+05:30,1005.1,5,997.95,5254825,429740.0,381846.0,986.2,1006.7,981.3,986.2,120723000,1084.8,887.6,1102.5,649.1,1005.1,190,1,1005.0,343,7,1004.9,340,8,1004.8,866,15,1004.7,1018,11,1005.2,773,2,1005.5,360,3,1005.6,700,7,1005.7,537,9,1005.8,1240,15
317,2025-11-26 11:42:05+05:30,1005.1,5,997.95,5254830,429757.0,381801.0,986.2,1006.7,981.3,986.2,120723000,1084.8,887.6,1102.5,649.1,1005.1,185,1,1005.0,365,8,1004.9,340,8,1004.8,866,15,1004.7,1018,11,1005.2,773,2,1005.5,360,3,1005.6,700,7,1005.7,537,9,1005.8,1240,15
317,2025-11-26 11:42:05+05:30,1005.2,30,997.95,5254830,429757.0,381801.0,986.2,1006.7,981.3,986.2,120723000,1084.8,887.6,1102.5,649.1,1005.1,185,1,1005.0,365,8,1004.9,340,8,1004.8,866,15,1004.7,1018,11,1005.2,773,2,1005.5,360,3,1005.6,700,7,1005.7,537,9,1005.8,1240,15
317,2025-11-26 11:42:06+05:30,1005.2,1,997.95,5254862,429756.0,381854.0,986.2,1006.7,981.3,986.2,120723000,1084.8,887.6,1102.5,649.1,1005.1,185,1,1005.0,364,7,1004.9,340,8,1004.8,866,15,1004.7,1018,11,1005.2,741,2,1005.3,34,1,1005.5,360,3,1005.6,700,7,1005.7,537,9
317,2025-11-26 11:42:06+05:30,1005.6,1,997.95,5254862,429756.0,381854.0,986.2,1006.7,981.3,986.2,120723000,1084.8,887.6,1102.5,649.1,1005.1,185,1,1005.0,364,7,1004.9,340,8,1004.8,866,15,1004.7,1018,11,1005.2,741,2,1005.3,34,1,1005.5,360,3,1005.6,700,7,1005.7,537,9
317,2025-11-26 11:42:07+05:30,1005.6,1,997.96,5258563,434069.0,377930.0,986.2,1006.7,981.3,986.2,120723000,1084.8,887.6,1102.5,649.1,1005.4,324,2,1005.3,184,2,1005.2,654,15,1005.1,466,6,1005.0,985,11,1005.6,101,2,1005.7,1,1,1005.8,179,1,1005.9,850,6,1006.0,4931,17
317,2025-11-26 11:42:08+05:30,1005.6,1,997.96,5258563,434870.0,378126.0,986.2,1006.7,981.3,986.2,120723000,1084.8,887.6,1102.5,649.1,1005.5,329,2,1005.4,179,2,1005.3,199,4,1005.2,624,14,1005.1,508,7,1005.6,101,2,1005.7,1,1,1005.9,659,4,1006.0,4852,16,1006.1,1068,16
317,2025-11-26 11:42:08+05:30,1005.6,83,997.96,5258563,434870.0,378126.0,986.2,1006.7,981.3,986.2,120723000,1084.8,887.6,1102.5,649.1,1005.5,329,2,1005.4,179,2,1005.3,199,4,1005.2,624,14,1005.1,508,7,1005.6,101,2,1005.7,1,1,1005.9,659,4,1006.0,4852,16,1006.1,1068,16
317,2025-11-26 11:42:09+05:30,1005.6,83,997.96,5258789,434857.0,378276.0,986.2,1006.7,981.3,986.2,120723000,1084.8,887.6,1102.5,649.1,1005.5,45,1,1005.4,379,4,1005.3,376,5,1005.2,624,14,1005.1,534,9,1005.6,18,2,1005.9,812,7,1006.0,4852,16,1006.1,1068,16,1006.2,4910,11
317,2025-11-26 11:42:09+05:30,1005.5,40,997.96,5258789,434857.0,378276.0,986.2,1006.7,981.3,986.2,120723000,1084.8,887.6,1102.5,649.1,1005.5,45,1,1005.4,379,4,1005.3,376,5,1005.2,624,14,1005.1,534,9,1005.6,18,2,1005.9,812,7,1006.0,4852,16,1006.1,1068,16,1006.2,4910,11
317,2025-11-26 11:42:10+05:30,1005.5,567,997.96,5259416,433999.0,377343.0,986.2,1006.7,981.3,986.2,120723000,1084.8,887.6,1102.5,649.1,1005.4,155,1,1005.3,214,4,1005.2,754,14,1005.1,425,8,1005.0,1191,14,1005.5,96,1,1005.6,16,2,1005.9,771,7,1006.0,4857,17,1006.1,1068,16
317,2025-11-26 11:42:10+05:30,1005.5,567,997.96,5259416,433999.0,377343.0,986.2,1006.7,981.3,986.2,120723000,1084.8,887.6,1102.5,649.1,1005.4,155,1,1005.3,214,4,1005.2,754,14,1005.1,425,8,1005.0,1191,14,1005.5,96,1,1005.6,16,2,1005.9,771,7,1006.0,4857,17,1006.1,1068,16
317,2025-11-26 11:42:11+05:30,1005.5,8,997.96,5259424,433197.0,377459.0,986.2,1006.7,981.3,986.2,120723000,1084.8,887.6,1102.5,649.1,1005.4,9,1,1005.3,117,3,1005.2,890,14,1005.1,357,5,1005.0,1191,14,1005.5,88,1,1005.6,16,2,1005.9,771,7,1006.0,4927,18,1006.1,1068,16
317,2025-11-26 11:42:11+05:30,1005.5,8,997.96,5259424,433197.0,377459.0,986.2,1006.7,981.3,986.2,120723000,1084.8,887.6,1102.5,649.1,1005.4,9,1,1005.3,117,3,1005.2,890,14,1005.1,357,5,1005.0,1191,14,1005.5,88,1,1005.6,16,2,1005.9,771,7,1006.0,4927,18,1006.1,1068,16
317,2025-11-26 11:42:12+05:30,1005.5,8,997.96,5259424,433999.0,377408.0,986.2,1006.7,981.3,986.2,120723000,1084.8,887.6,1102.5,649.1,1005.4,9,1,1005.3,30,1,1005.2,890,14,1005.1,357,5,1005.0,1191,14,1005.5,88,1,1005.6,16,2,1005.9,995,8,1006.0,4927,18,1006.1,1068,16
317,2025-11-26 11:42:12+05:30,1005.5,10,997.96,5259424,433999.0,377408.0,986.2,1006.7,981.3,986.2,120723000,1084.8,887.6,1102.5,649.1,1005.4,9,1,1005.3,30,1,1005.2,890,14,1005.1,357,5,1005.0,1191,14,1005.5,88,1,1005.6,16,2,1005.9,995,8,1006.0,4927,18,1006.1,1068,16
317,2025-11-26 11:42:13+05:30,1005.5,10,997.96,5259434,434097.0,377409.0,986.2,1006.7,981.3,986.2,120723000,1084.8,887.6,1102.5,649.1,1005.4,9,1,1005.3,30,1,1005.2,814,13,1005.1,357,5,1005.0,1169,13,1005.5,78,1,1005.6,16,2,1005.9,771,7,1006.0,4927,18,1006.1,1068,16
317,2025-11-26 11:42:14+05:30,1005.5,10,997.96,5259434,434104.0,377568.0,986.2,1006.7,981.3,986.2,120723000,1084.8,887.6,1102.5,649.1,1005.4,9,1,1005.3,30,1,1005.2,814,13,1005.1,357,5,1005.0,1176,14,1005.5,78,1,1005.6,16,2,1005.9,771,7,1006.0,4927,18,1006.1,1068,16
317,2025-11-26 11:42:14+05:30,1005.3,79,997.96,5259434,434104.0,377568.0,986.2,1006.7,981.3,986.2,120723000,1084.8,887.6,1102.5,649.1,1005.4,9,1,1005.3,30,1,1005.2,814,13,1005.1,357,5,1005.0,1176,14,1005.5,78,1,1005.6,16,2,1005.9,771,7,1006.0,4927,18,1006.1,1068,16
317,2025-11-26 11:42:15+05:30,1005.3,79,997.96,5259694,432384.0,378192.0,986.2,1006.7,981.3,986.2,120723000,1084.8,887.6,1102.5,649.1,1005.4,1,1,1005.2,438,8,1005.1,463,5,1005.0,973,13,1004.9,1100,14,1005.5,93,1,1005.6,16,2,1005.7,171,2,1005.8,249,4,1005.9,1145,10
317,2025-11-26 11:42:15+05:30,1005.4,1,997.96,5259694,432384.0,378192.0,986.2,1006.7,981.3,986.2,120723000,1084.8,887.6,1102.5,649.1,1005.4,1,1,1005.2,438,8,1005.1,463,5,1005.0,973,13,1004.9,1100,14,1005.5,93,1,1005.6,16,2,1005.7,171,2,1005.8,249,4,1005.9,1145,10
317,2025-11-26 11:42:16+05:30,1005.4,1,997.96,5259695,432053.0,378423.0,986.2,1006.7,981.3,986.2,120723000,1084.8,887.6,1102.5,649.1,1005.2,494,7,1005.1,529,6,1005.0,814,12,1004.9,980,14,1004.8,1829,18,1005.4,92,1,1005.6,16,2,1005.7,27,1,1005.8,807,9,1005.9,1225,11
317,2025-11-26 11:42:16+05:30,1005.4,20,997.96,5259695,432053.0,378423.0,986.2,1006.7,981.3,986.2,120723000,1084.8,887.6,1102.5,649.1,1005.2,494,7,1005.1,529,6,1005.0,814,12,1004.9,980,14,1004.8,1829,18,1005.4,92,1,1005.6,16,2,1005.7,27,1,1005.8,807,9,1005.9,1225,11
317,2025-11-26 11:42:16+05:30,1005.4,20,997.96,5259715,432208.0,378189.0,986.2,1006.7,981.3,986.2,120723000,1084.8,887.6,1102.5,649.1,1005.2,509,7,1005.1,529,6,1005.0,814,12,1004.9,980,14,1004.8,1863,19,1005.4,72,1,1005.6,16,2,1005.7,27,1,1005.8,544,6,1005.9,1223,9
317,2025-11-26 11:42:17+05:30,1005.2,1,997.96,5259715,432208.0,378189.0,986.2,1006.7,981.3,986.2,120723000,1084.8,887.6,1102.5,649.1,1005.2,509,7,1005.1,529,6,1005.0,814,12,1004.9,980,14,1004.8,1863,19,1005.4,72,1,1005.6,16,2,1005.7,27,1,1005.8,544,6,1005.9,1223,9
317,2025-11-26 11:42:17+05:30,1005.2,1,997.96,5259716,432276.0,378190.0,986.2,1006.7,981.3,986.2,120723000,1084.8,887.6,1102.5,649.1,1005.2,600,8,1005.1,529,6,1005.0,791,11,1004.9,980,14,1004.8,1863,19,1005.4,72,1,1005.6,16,2,1005.7,27,1,1005.8,545,7,1005.9,1223,9
317,2025-11-26 11:42:18+05:30,1005.4,41,997.96,5259716,432276.0,378190.0,986.2,1006.7,981.3,986.2,120723000,1084.8,887.6,1102.5,649.1,1005.2,600,8,1005.1,529,6,1005.0,791,11,1004.9,980,14,1004.8,1863,19,1005.4,72,1,1005.6,16,2,1005.7,27,1,1005.8,545,7,1005.9,1223,9
317,2025-11-26 11:42:18+05:30,1005.4,41,997.96,5259757,432276.0,378759.0,986.2,1006.7,981.3,986.2,120723000,1084.8,887.6,1102.5,649.1,1005.2,600,8,1005.1,529,6,1005.0,791,11,1004.9,980,14,1004.8,1863,19,1005.4,31,1,1005.6,16,2,1005.7,27,1,1005.8,545,7,1005.9,1223,9
317,2025-11-26 11:42:19+05:30,1005.4,41,997.96,5259757,429943.0,378759.0,986.2,1006.7,981.3,986.2,120723000,1084.8,887.6,1102.5,649.1,1005.2,600,8,1005.1,529,6,1005.0,815,12,1004.9,980,14,1004.8,1863,19,1005.4,31,1,1005.6,16,2,1005.7,27,1,1005.8,545,7,1005.9,1223,9
317,2025-11-26 11:42:20+05:30,1005.3,96,997.96,5259757,429943.0,378759.0,986.2,1006.7,981.3,986.2,120723000,1084.8,887.6,1102.5,649.1,1005.2,600,8,1005.1,529,6,1005.0,815,12,1004.9,980,14,1004.8,1863,19,1005.4,31,1,1005.6,16,2,1005.7,27,1,1005.8,545,7,1005.9,1223,9
317,2025-11-26 11:42:21+05:30,1005.3,134,997.96,5260337,429983.0,378882.0,986.2,1006.7,981.3,986.2,120723000,1084.8,887.6,1102.5,649.1,1005.2,199,5,1005.1,921,6,1005.0,508,10,1004.9,993,14,1004.8,2295,21,1005.3,96,1,1005.6,52,3,1005.7,288,2,1005.8,584,6,1005.9,1002,10
317,2025-11-26 11:42:21+05:30,1005.2,95,997.96,5260337,429983.0,378882.0,986.2,1006.7,981.3,986.2,120723000,1084.8,887.6,1102.5,649.1,1005.2,199,5,1005.1,921,6,1005.0,508,10,1004.9,993,14,1004.8,2295,21,1005.3,96,1,1005.6,52,3,1005.7,288,2,1005.8,584,6,1005.9,1002,10
317,2025-11-26 11:42:22+05:30,1005.2,95,997.96,5260482,430029.0,379168.0,986.2,1006.7,981.3,986.2,120723000,1084.8,887.6,1102.5,649.1,1005.2,171,4,1005.1,970,6,1005.0,427,8,1004.9,993,14,1004.8,2295,21,1005.3,96,1,1005.6,272,5,1005.7,320,4,1005.8,594,7,1005.9,1040,12
317,2025-11-26 11:42:22+05:30,1005.2,3,997.96,5260482,430029.0,379168.0,986.2,1006.7,981.3,986.2,120723000,1084.8,887.6,1102.5,649.1,1005.2,171,4,1005.1,970,6,1005.0,427,8,1004.9,993,14,1004.8,2295,21,1005.3,96,1,1005.6,272,5,1005.7,320,4,1005.8,594,7,1005.9,1040,12
317,2025-11-26 11:42:23+05:30,1005.2,3,997.96,5260487,429741.0,379186.0,986.2,1006.7,981.3,986.2,120723000,1084.8,887.6,1102.5,649.1,1005.2,166,3,1005.1,971,7,1005.0,432,9,1004.9,993,14,1004.8,2295,21,1005.3,96,1,1005.6,272,5,1005.7,310,3,1005.8,594,7,1005.9,1040,12
317,2025-11-26 11:42:24+05:30,1005.2,3,997.96,5260487,429771.0,379146.0,986.2,1006.7,981.3,986.2,120723000,1084.8,887.6,1102.5,649.1,1005.2,166,3,1005.1,971,7,1005.0,460,11,1004.9,993,14,1004.8,2295,21,1005.3,96,1,1005.6,272,5,1005.7,310,3,1005.8,594,7,1005.9,1040,12
317,2025-11-26 11:42:25+05:30,1005.1,264,997.96,5261034,429046.0,378605.0,986.2,1006.7,981.3,986.2,120723000,1084.8,887.6,1102.5,649.1,1005.2,246,4,1005.1,633,8,1005.0,765,12,1004.9,899,10,1004.8,1575,15,1005.6,205,4,1005.7,433,4,1005.8,955,10,1005.9,1076,15,1006.0,4770,19
317,2025-11-26 11:42:25+05:30,1005.6,2,997.96,5261034,429046.0,378605.0,986.2,1006.7,981.3,986.2,120723000,1084.8,887.6,1102.5,649.1,1005.2,246,4,1005.1,633,8,1005.0,765,12,1004.9,899,10,1004.8,1575,15,1005.6,205,4,1005.7,433,4,1005.8,955,10,1005.9,1076,15,1006.0,4770,19
317,2025-11-26 11:42:26+05:30,1005.6,2,997.96,5261054,429752.0,378321.0,986.2,1006.7,981.3,986.2,120723000,1084.8,887.6,1102.5,649.1,1005.2,287,6,1005.1,561,7,1005.0,995,14,1004.9,1101,11,1004.8,1680,22,1005.6,203,4,1005.7,433,4,1005.8,955,10,1005.9,1076,15,1006.0,4770,19
317,2025-11-26 11:42:26+05:30,1005.6,13,997.96,5261054,429752.0,378321.0,986.2,1006.7,981.3,986.2,120723000,1084.8,887.6,1102.5,649.1,1005.2,287,6,1005.1,561,7,1005.0,995,14,1004.9,1101,11,1004.8,1680,22,1005.6,203,4,1005.7,433,4,1005.8,955,10,1005.9,1076,15,1006.0,4770,19
317,2025-11-26 11:42:27+05:30,1005.6,13,997.96,5261134,429708.0,378518.0,986.2,1006.7,981.3,986.2,120723000,1084.8,887.6,1102.5,649.1,1005.2,287,6,1005.1,723,8,1005.0,971,13,1004.9,1101,11,1004.8,1680,22,1005.6,36,1,1005.7,559,5,1005.8,955,10,1005.9,1076,15,1006.0,4952,20
317,2025-11-26 11:42:27+05:30,1005.2,19,997.96,5261134,429708.0,378518.0,986.2,1006.7,981.3,986.2,120723000,1084.8,887.6,1102.5,649.1,1005.2,287,6,1005.1,723,8,1005.0,971,13,1004.9,1101,11,1004.8,1680,22,1005.6,36,1,1005.7,559,5,1005.8,955,10,1005.9,1076,15,1006.0,4952,20
317,2025-11-26 11:42:28+05:30,1005.2,19,997.96,5261234,429346.0,378591.0,986.2,1006.7,981.3,986.2,120723000,1084.8,887.6,1102.5,649.1,1005.2,159,4,1005.1,432,6,1005.0,1128,15,1004.9,819,9,1004.8,1430,21,1005.6,72,2,1005.7,688,6,1005.8,848,10,1005.9,1535,16,1006.0,4770,19
317,2025-11-26 11:42:28+05:30,1005.1,7,997.96,5261234,429346.0,378591.0,986.2,1006.7,981.3,986.2,120723000,1084.8,887.6,1102.5,649.1,1005.2,159,4,1005.1,432,6,1005.0,1128,15,1004.9,819,9,1004.8,1430,21,1005.6,72,2,1005.7,688,6,1005.8,848,10,1005.9,1535,16,1006.0,4770,19
317,2025-11-26 11:42:29+05:30,1005.1,7,997.96,5261379,429037.0,378863.0,986.2,1006.7,981.3,986.2,120723000,1084.8,887.6,1102.5,649.1,1005.2,1,1,1005.1,57,1,1005.0,478,11,1004.9,832,10,1004.8,1897,18,1005.5,43,1,1005.6,516,10,1005.7,438,5,1005.8,855,13,1005.9,1528,17
317,2025-11-26 11:42:29+05:30,1005.5,6,997.96,5261379,429037.0,378863.0,986.2,1006.7,981.3,986.2,120723000,1084.8,887.6,1102.5,649.1,1005.2,1,1,1005.1,57,1,1005.0,478,11,1004.9,832,10,1004.8,1897,18,1005.5,43,1,1005.6,516,10,1005.7,438,5,1005.8,855,13,1005.9,1528,17
317,2025-11-26 11:42:30+05:30,1005.1,1,997.96,5261394,428046.0,379352.0,986.2,1006.7,981.3,986.2,120723000,1084.8,887.6,1102.5,649.1,1005.0,145,8,1004.9,693,7,1004.8,1087,15,1004.7,1295,12,1004.6,1295,11,1005.3,96,1,1005.5,398,5,1005.6,588,11,1005.7,598,7,1005.8,833,12
317,2025-11-26 11:42:30+05:30,1005.1,1,997.96,5261394,428046.0,379352.0,986.2,1006.7,981.3,986.2,120723000,1084.8,887.6,1102.5,649.1,1005.0,145,8,1004.9,693,7,1004.8,1087,15,1004.7,1295,12,1004.6,1295,11,1005.3,96,1,1005.5,398,5,1005.6,588,11,1005.7,598,7,1005.8,833,12
317,2025-11-26 11:42:31+05:30,1005.1,1,997.96,5261394,427762.0,379453.0,986.2,1006.7,981.3,986.2,120723000,1084.8,887.6,1102.5,649.1,1005.0,314,11,1004.9,744,10,1004.8,989,12,1004.7,1188,12,1004.6,1613,10,1005.3,96,1,1005.5,212,3,1005.6,330,9,1005.7,598,7,1005.8,1079,13
317,2025-11-26 11:42:32+05:30,1005.1,2,997.96,5261396,429078.0,379245.0,986.2,1006.7,981.3,986.2,120723000,1084.8,887.6,1102.5,649.1,1005.1,630,4,1005.0,219,11,1004.9,718,8,1004.8,989,12,1004.7,1975,14,1005.3,96,1,1005.5,54,2,1005.6,180,7,1005.7,599,8,1005.8,1298,12
317,2025-11-26 11:42:32+05:30,1005.1,2,997.96,5261396,429078.0,379245.0,986.2,1006.7,981.3,986.2,120723000,1084.8,887.6,1102.5,649.1,1005.1,630,4,1005.0,219,11,1004.9,718,8,1004.8,989,12,1004.7,1975,14,1005.3,96,1,1005.5,54,2,1005.6,180,7,1005.7,599,8,1005.8,1298,12
317,2025-11-26 11:42:33+05:30,1005.1,2,997.96,5261396,429299.0,379245.0,986.2,1006.7,981.3,986.2,120723000,1084.8,887.6,1102.5,649.1,1005.1,630,4,1005.0,219,11,1004.9,718,8,1004.8,989,12,1004.7,1975,14,1005.3,96,1,1005.5,54,2,1005.6,180,7,1005.7,599,8,1005.8,1298,12
317,2025-11-26 11:42:34+05:30,1005.3,5,997.96,5261401,429882.0,378920.0,986.2,1006.7,981.3,986.2,120723000,1084.8,887.6,1102.5,649.1,1005.2,142,2,1005.1,644,4,1005.0,266,13,1004.9,824,9,1004.8,1083,14,1005.3,91,1,1005.5,54,2,1005.6,178,6,1005.7,545,6,1005.8,1299,10
317,2025-11-26 11:42:34+05:30,1005.3,5,997.96,5261401,429882.0,378920.0,986.2,1006.7,981.3,986.2,120723000,1084.8,887.6,1102.5,649.1,1005.2,142,2,1005.1,644,4,1005.0,266,13,1004.9,824,9,1004.8,1083,14,1005.3,91,1,1005.5,54,2,1005.6,178,6,1005.7,545,6,1005.8,1299,10
317,2025-11-26 11:42:35+05:30,1005.1,145,997.96,5261692,430835.0,380124.0,986.2,1006.7,981.3,986.2,120723000,1084.8,887.6,1102.5,649.1,1005.1,354,2,1005.0,176,10,1004.9,793,9,1004.8,1326,18,1004.7,1803,14,1005.2,62,1,1005.5,54,2,1005.6,256,7,1005.7,1155,10,1005.8,837,10
317,2025-11-26 11:42:35+05:30,1005.1,145,997.96,5261692,430835.0,380124.0,986.2,1006.7,981.3,986.2,120723000,1084.8,887.6,1102.5,649.1,1005.1,354,2,1005.0,176,10,1004.9,793,9,1004.8,1326,18,1004.7,1803,14,1005.2,62,1,1005.5,54,2,1005.6,256,7,1005.7,1155,10,1005.8,837,10
317,2025-11-26 11:42:36+05:30,1005.1,145,997.96,5261692,429948.0,381764.0,986.2,1006.7,981.3,986.2,120723000,1084.8,887.6,1102.5,649.1,1005.1,1654,4,1005.0,126,7,1004.9,839,8,1004.8,1143,21,1004.7,992,12,1005.2,62,1,1005.4,5,1,1005.5,236,3,1005.6,256,7,1005.7,1200,11
317,2025-11-26 11:42:37+05:30,1005.1,145,997.96,5261692,430094.0,381767.0,986.2,1006.7,981.3,986.2,120723000,1084.8,887.6,1102.5,649.1,1005.1,1701,6,1005.0,100,6,1004.9,718,8,1004.8,1047,20,1004.7,1234,13,1005.2,62,1,1005.4,5,1,1005.5,236,3,1005.6,256,7,1005.7,1200,11
317,2025-11-26 11:42:37+05:30,1005.1,2,997.96,5261692,430094.0,381767.0,986.2,1006.7,981.3,986.2,120723000,1084.8,887.6,1102.5,649.1,1005.1,1701,6,1005.0,100,6,1004.9,718,8,1004.8,1047,20,1004.7,1234,13,1005.2,62,1,1005.4,5,1,1005.5,236,3,1005.6,256,7,1005.7,1200,11
317,2025-11-26 11:42:38+05:30,1005.1,2,997.96,5261694,430092.0,382257.0,986.2,1006.7,981.3,986.2,120723000,1084.8,887.6,1102.5,649.1,1005.1,1699,6,1005.0,100,6,1004.9,718,8,1004.8,1047,20,1004.7,1234,13,1005.2,62,1,1005.3,44,1,1005.4,5,1,1005.5,187,2,1005.6,256,7
317,2025-11-26 11:42:39+05:30,1005.1,2,997.96,5261694,430120.0,382377.0,986.2,1006.7,981.3,986.2,120723000,1084.8,887.6,1102.5,649.1,1005.1,1699,6,1005.0,128,7,1004.9,718,8,1004.8,1047,20,1004.7,1234,13,1005.2,62,1,1005.3,44,1,1005.5,187,2,1005.6,256,7,1005.7,1200,11
317,2025-11-26 11:42:39+05:30,1005.2,3,997.96,5261694,430120.0,382377.0,986.2,1006.7,981.3,986.2,120723000,1084.8,887.6,1102.5,649.1,1005.1,1699,6,1005.0,128,7,1004.9,718,8,1004.8,1047,20,1004.7,1234,13,1005.2,62,1,1005.3,44,1,1005.5,187,2,1005.6,256,7,1005.7,1200,11
317,2025-11-26 11:42:40+05:30,1005.1,4,997.96,5263475,429576.0,382243.0,986.2,1006.7,981.3,986.2,120723000,1084.8,887.6,1102.5,649.1,1005.1,47,2,1005.0,237,9,1004.9,453,7,1004.8,991,17,1004.7,1742,13,1005.3,44,1,1005.5,202,1,1005.6,398,6,1005.7,686,7,1005.8,1458,15
317,2025-11-26 11:42:40+05:30,1005.3,116,997.96,5263475,429576.0,382243.0,986.2,1006.7,981.3,986.2,120723000,1084.8,887.6,1102.5,649.1,1005.1,47,2,1005.0,237,9,1004.9,453,7,1004.8,991,17,1004.7,1742,13,1005.3,44,1,1005.5,202,1,1005.6,398,6,1005.7,686,7,1005.8,1458,15
317,2025-11-26 11:42:41+05:30,1005.2,1,997.96,5263592,429973.0,381857.0,986.2,1006.7,981.3,986.2,120723000,1084.8,887.6,1102.5,649.1,1005.2,111,2,1005.1,169,5,1005.0,364,11,1004.9,728,8,1004.8,1193,18,1005.3,44,1,1005.6,320,5,1005.7,686,7,1005.8,983,15,1005.9,1511,11
317,2025-11-26 11:42:41+05:30,1005.2,1,997.96,5263592,429973.0,381857.0,986.2,1006.7,981.3,986.2,120723000,1084.8,887.6,1102.5,649.1,1005.2,111,2,1005.1,169,5,1005.0,364,11,1004.9,728,8,1004.8,1193,18,1005.3,44,1,1005.6,320,5,1005.7,686,7,1005.8,983,15,1005.9,1511,11
317,2025-11-26 11:42:42+05:30,1005.1,4,997.96,5263737,429236.0,382558.0,986.2,1006.7,981.3,986.2,120723000,1084.8,887.6,1102.5,649.1,1005.1,43,2,1005.0,271,9,1004.9,728,8,1004.8,991,17,1004.7,1685,11,1005.3,44,1,1005.5,112,2,1005.6,345,7,1005.7,1158,9,1005.8,983,15
317,2025-11-26 11:42:42+05:30,1005.3,10,997.96,5263737,429236.0,382558.0,986.2,1006.7,981.3,986.2,120723000,1084.8,887.6,1102.5,649.1,1005.1,43,2,1005.0,271,9,1004.9,728,8,1004.8,991,17,1004.7,1685,11,1005.3,44,1,1005.5,112,2,1005.6,345,7,1005.7,1158,9,1005.8,983,15
317,2025-11-26 11:42:43+05:30,1005.3,10,997.96,5263747,429338.0,382553.0,986.2,1006.7,981.3,986.2,120723000,1084.8,887.6,1102.5,649.1,1005.1,96,4,1005.0,344,11,1004.9,756,9,1004.8,1011,18,1004.7,1718,12,1005.3,39,2,1005.5,4,1,1005.6,345,7,1005.7,1266,10,1005.8,983,15
317,2025-11-26 11:42:43+05:30,1005.1,1,997.96,5263747,429338.0,382553.0,986.2,1006.7,981.3,986.2,120723000,1084.8,887.6,1102.5,649.1,1005.1,96,4,1005.0,344,11,1004.9,756,9,1004.8,1011,18,1004.7,1718,12,1005.3,39,2,1005.5,4,1,1005.6,345,7,1005.7,1266,10,1005.8,983,15
317,2025-11-26 11:42:44+05:30,1005.1,1,997.96,5263908,429161.0,381835.0,986.2,1006.7,981.3,986.2,120723000,1084.8,887.6,1102.5,649.1,1005.1,183,6,1005.0,479,12,1004.9,759,9,1004.8,1553,21,1004.7,1968,13,1005.6,571,9,1005.7,458,6,1005.8,1003,16,1005.9,1486,11,1006.0,6014,20
317,2025-11-26 11:42:44+05:30,1005.6,2,997.96,5263908,429161.0,381835.0,986.2,1006.7,981.3,986.2,120723000,1084.8,887.6,1102.5,649.1,1005.1,183,6,1005.0,479,12,1004.9,759,9,1004.8,1553,21,1004.7,1968,13,1005.6,571,9,1005.7,458,6,1005.8,1003,16,1005.9,1486,11,1006.0,6014,20
317,2025-11-26 11:42:45+05:30,1005.6,2,997.96,5263910,431797.0,382564.0,986.2,1006.7,981.3,986.2,120723000,1084.8,887.6,1102.5,649.1,1005.1,55,3,1005.0,368,11,1004.9,728,8,1004.8,1351,20,1004.7,1718,12,1005.2,50,1,1005.3,36,1,1005.6,544,8,1005.7,642,8,1005.8,1124,18
317,2025-11-26 11:42:45+05:30,1005.1,10,997.96,5263910,431797.0,382564.0,986.2,1006.7,981.3,986.2,120723000,1084.8,887.6,1102.5,649.1,1005.1,55,3,1005.0,368,11,1004.9,728,8,1004.8,1351,20,1004.7,1718,12,1005.2,50,1,1005.3,36,1,1005.6,544,8,1005.7,642,8,1005.8,1124,18
317,2025-11-26 11:42:46+05:30,1005.1,8,997.96,5263930,431797.0,382394.0,986.2,1006.7,981.3,986.2,120723000,1084.8,887.6,1102.5,649.1,1005.1,52,3,1005.0,342,9,1004.9,754,10,1004.8,1351,20,1004.7,1718,12,1005.2,50,1,1005.3,36,1,1005.6,544,8,1005.7,642,8,1005.8,1124,18
317,2025-11-26 11:42:46+05:30,1005.1,8,997.96,5263930,431797.0,382394.0,986.2,1006.7,981.3,986.2,120723000,1084.8,887.6,1102.5,649.1,1005.1,52,3,1005.0,342,9,1004.9,754,10,1004.8,1351,20,1004.7,1718,12,1005.2,50,1,1005.3,36,1,1005.6,544,8,1005.7,642,8,1005.8,1124,18
317,2025-11-26 11:42:47+05:30,1005.1,8,997.96,5263930,431759.0,382394.0,986.2,1006.7,981.3,986.2,120723000,1084.8,887.6,1102.5,649.1,1005.1,52,3,1005.0,314,8,1004.9,754,10,1004.8,1351,20,1004.7,1718,12,1005.2,50,1,1005.3,36,1,1005.6,544,8,1005.7,642,8,1005.8,1124,18
317,2025-11-26 11:42:47+05:30,1005.1,20,997.96,5263930,431759.0,382394.0,986.2,1006.7,981.3,986.2,120723000,1084.8,887.6,1102.5,649.1,1005.1,52,3,1005.0,314,8,1004.9,754,10,1004.8,1351,20,1004.7,1718,12,1005.2,50,1,1005.3,36,1,1005.6,544,8,1005.7,642,8,1005.8,1124,18
317,2025-11-26 11:42:48+05:30,1005.1,20,997.96,5263950,431739.0,382603.0,986.2,1006.7,981.3,986.2,120723000,1084.8,887.6,1102.5,649.1,1005.1,32,3,1005.0,314,8,1004.9,754,10,1004.8,1351,20,1004.7,1718,12,1005.2,50,1,1005.3,36,1,1005.5,202,1,1005.6,544,8,1005.7,1116,9
317,2025-11-26 11:42:48+05:30,1005.2,1,997.96,5263950,431739.0,382603.0,986.2,1006.7,981.3,986.2,120723000,1084.8,887.6,1102.5,649.1,1005.1,32,3,1005.0,314,8,1004.9,754,10,1004.8,1351,20,1004.7,1718,12,1005.2,50,1,1005.3,36,1,1005.5,202,1,1005.6,544,8,1005.7,1116,9
317,2025-11-26 11:42:49+05:30,1005.2,1,997.96,5263952,431879.0,382668.0,986.2,1006.7,981.3,986.2,120723000,1084.8,887.6,1102.5,649.1,1005.1,32,3,1005.0,132,7,1004.9,755,10,1004.8,1351,20,1004.7,1718,12,1005.2,52,2,1005.3,36,1,1005.5,394,3,1005.6,552,9,1005.7,1116,9
317,2025-11-26 11:42:49+05:30,1005.1,58,997.96,5263952,431879.0,382668.0,986.2,1006.7,981.3,986.2,120723000,1084.8,887.6,1102.5,649.1,1005.1,32,3,1005.0,132,7,1004.9,755,10,1004.8,1351,20,1004.7,1718,12,1005.2,52,2,1005.3,36,1,1005.5,394,3,1005.6,552,9,1005.7,1116,9
317,2025-11-26 11:42:50+05:30,1005.1,4,997.96,5264140,432936.0,382434.0,986.2,1006.7,981.3,986.2,120723000,1084.8,887.6,1102.5,649.1,1005.0,83,6,1004.9,527,8,1004.8,835,14,1004.7,1629,12,1004.6,2063,13,1005.1,53,1,1005.2,52,2,1005.3,36,1,1005.4,262,3,1005.5,589,6
317,2025-11-26 11:42:50+05:30,1005.1,4,997.96,5264140,432936.0,382434.0,986.2,1006.7,981.3,986.2,120723000,1084.8,887.6,1102.5,649.1,1005.0,83,6,1004.9,527,8,1004.8,835,14,1004.7,1629,12,1004.6,2063,13,1005.1,53,1,1005.2,52,2,1005.3,36,1,1005.4,262,3,1005.5,589,6
317,2025-11-26 11:42:51+05:30,1005.1,50,997.96,5264190,432958.0,382254.0,986.2,1006.7,981.3,986.2,120723000,1084.8,887.6,1102.5,649.1,1005.0,83,6,1004.9,527,8,1004.8,835,14,1004.7,1624,11,1004.6,2090,14,1005.1,75,2,1005.2,52,2,1005.3,36,1,1005.4,262,3,1005.5,387,5
317,2025-11-26 11:42:51+05:30,1005.1,50,997.96,5264190,432958.0,382254.0,986.2,1006.7,981.3,986.2,120723000,1084.8,887.6,1102.5,649.1,1005.0,83,6,1004.9,527,8,1004.8,835,14,1004.7,1624,11,1004.6,2090,14,1005.1,75,2,1005.2,52,2,1005.3,36,1,1005.4,262,3,1005.5,387,5
317,2025-11-26 11:42:52+05:30,1005.1,50,997.96,5264190,433153.0,382257.0,986.2,1006.7,981.3,986.2,120723000,1084.8,887.6,1102.5,649.1,1005.0,104,6,1004.9,527,8,1004.8,835,14,1004.7,1650,12,1004.6,2090,14,1005.1,75,2,1005.2,91,3,1005.4,262,3,1005.5,388,6,1005.6,657,11
317,2025-11-26 11:42:52+05:30,1005.1,47,997.96,5264190,433153.0,382257.0,986.2,1006.7,981.3,986.2,120723000,1084.8,887.6,1102.5,649.1,1005.0,104,6,1004.9,527,8,1004.8,835,14,1004.7,1650,12,1004.6,2090,14,1005.1,75,2,1005.2,91,3,1005.4,262,3,1005.5,388,6,1005.6,657,11
317,2025-11-26 11:42:53+05:30,1005.2,16,997.97,5265742,431925.0,379166.0,986.2,1006.7,981.3,986.2,120723000,1084.8,887.6,1102.5,649.1,1005.2,372,8,1005.1,393,8,1005.0,788,15,1004.9,997,13,1004.8,2786,22,1005.5,11,2,1005.6,4131,5,1005.7,45,1,1005.8,671,6,1005.9,735,9
317,2025-11-26 11:42:53+05:30,1005.2,16,997.97,5265742,431925.0,379166.0,986.2,1006.7,981.3,986.2,120723000,1084.8,887.6,1102.5,649.1,1005.2,372,8,1005.1,393,8,1005.0,788,15,1004.9,997,13,1004.8,2786,22,1005.5,11,2,1005.6,4131,5,1005.7,45,1,1005.8,671,6,1005.9,735,9
317,2025-11-26 11:42:54+05:30,1005.2,16,997.97,5265742,432754.0,379613.0,986.2,1006.7,981.3,986.2,120723000,1084.8,887.6,1102.5,649.1,1005.3,112,1,1005.2,363,8,1005.1,477,9,1005.0,947,16,1004.9,984,12,1005.5,12,3,1005.6,4010,4,1005.7,185,2,1005.8,689,8,1005.9,997,13
317,2025-11-26 11:42:54+05:30,1005.6,93,997.97,5265742,432754.0,379613.0,986.2,1006.7,981.3,986.2,120723000,1084.8,887.6,1102.5,649.1,1005.3,112,1,1005.2,363,8,1005.1,477,9,1005.0,947,16,1004.9,984,12,1005.5,12,3,1005.6,4010,4,1005.7,185,2,1005.8,689,8,1005.9,997,13
317,2025-11-26 11:42:55+05:30,1005.6,93,997.97,5265857,433113.0,379296.0,986.2,1006.7,981.3,986.2,120723000,1084.8,887.6,1102.5,649.1,1005.3,190,3,1005.2,397,10,1005.1,496,9,1005.0,940,15,1004.9,1831,14,1005.6,3916,3,1005.7,185,2,1005.8,491,5,1005.9,997,13,1006.0,6110,19
317,2025-11-26 11:42:56+05:30,1005.6,93,997.97,5265857,433113.0,379297.0,986.2,1006.7,981.3,986.2,120723000,1084.8,887.6,1102.5,649.1,1005.3,190,3,1005.2,397,10,1005.1,496,9,1005.0,966,17,1004.9,1805,12,1005.6,4105,4,1005.7,185,2,1005.8,492,6,1005.9,997,13,1006.0,6110,19
317,2025-11-26 11:42:57+05:30,1005.6,1,997.97,5265858,433587.0,379571.0,986.2,1006.7,981.3,986.2,120723000,1084.8,887.6,1102.5,649.1,1005.3,190,3,1005.2,945,11,1005.1,501,10,1005.0,936,16,1004.9,1805,12,1005.6,4104,4,1005.7,185,2,1005.8,497,7,1005.9,997,13,1006.0,6110,19
317,2025-11-26 11:42:57+05:30,1005.6,1,997.97,5265858,433587.0,379571.0,986.2,1006.7,981.3,986.2,120723000,1084.8,887.6,1102.5,649.1,1005.3,190,3,1005.2,945,11,1005.1,501,10,1005.0,936,16,1004.9,1805,12,1005.6,4104,4,1005.7,185,2,1005.8,497,7,1005.9,997,13,1006.0,6110,19
317,2025-11-26 11:42:58+05:30,1005.3,1,997.97,5265860,432652.0,379686.0,986.2,1006.7,981.3,986.2,120723000,1084.8,887.6,1102.5,649.1,1005.3,111,1,1005.2,873,7,1005.1,949,10,1005.0,622,13,1004.9,1603,11,1005.6,4103,4,1005.7,391,4,1005.8,556,9,1005.9,918,8,1006.0,6264,25
317,2025-11-26 11:42:58+05:30,1005.3,50,997.97,5265860,432652.0,379686.0,986.2,1006.7,981.3,986.2,120723000,1084.8,887.6,1102.5,649.1,1005.3,111,1,1005.2,873,7,1005.1,949,10,1005.0,622,13,1004.9,1603,11,1005.6,4103,4,1005.7,391,4,1005.8,556,9,1005.9,918,8,1006.0,6264,25
317,2025-11-26 11:42:59+05:30,1005.3,50,997.97,5265910,431736.0,380156.0,986.2,1006.7,981.3,986.2,120723000,1084.8,887.6,1102.5,649.1,1005.3,61,1,1005.2,824,6,1005.1,393,7,1005.0,623,16,1004.9,1651,14,1005.6,4178,5,1005.7,495,5,1005.8,762,11,1005.9,918,8,1006.0,6264,25
317,2025-11-26 11:43:00+05:30,1005.4,18,997.97,5265936,434805.0,379965.0,986.2,1006.7,981.3,986.2,120723000,1084.8,887.6,1102.5,649.1,1005.3,267,5,1005.2,873,7,1005.1,393,7,1005.0,971,18,1004.9,1651,14,1005.4,78,1,1005.6,4103,4,1005.7,310,3,1005.8,642,9,1005.9,935,9
317,2025-11-26 11:43:00+05:30,1005.4,18,997.97,5265936,434805.0,379965.0,986.2,1006.7,981.3,986.2,120723000,1084.8,887.6,1102.5,649.1,1005.3,267,5,1005.2,873,7,1005.1,393,7,1005.0,971,18,1004.9,1651,14,1005.4,78,1,1005.6,4103,4,1005.7,310,3,1005.8,642,9,1005.9,935,9
317,2025-11-26 11:43:01+05:30,1005.4,18,997.97,5265954,434296.0,380019.0,986.2,1006.7,981.3,986.2,120723000,1084.8,887.6,1102.5,649.1,1005.3,218,4,1005.2,873,7,1005.1,393,7,1005.0,620,15,1004.9,1616,12,1005.4,60,1,1005.5,45,1,1005.6,4103,4,1005.7,310,3,1005.8,600,8
317,2025-11-26 11:43:01+05:30,1005.4,18,997.97,5265954,434296.0,380019.0,986.2,1006.7,981.3,986.2,120723000,1084.8,887.6,1102.5,649.1,1005.3,218,4,1005.2,873,7,1005.1,393,7,1005.0,620,15,1004.9,1616,12,1005.4,60,1,1005.5,45,1,1005.6,4103,4,1005.7,310,3,1005.8,600,8
317,2025-11-26 11:43:02+05:30,1005.3,6,997.97,5265960,433240.0,380115.0,986.2,1006.7,981.3,986.2,120723000,1084.8,887.6,1102.5,649.1,1005.3,411,5,1005.2,873,7,1005.1,393,7,1005.0,548,12,1004.9,879,12,1005.4,60,1,1005.5,45,1,1005.6,4103,4,1005.7,310,3,1005.8,600,8
317,2025-11-26 11:43:02+05:30,1005.3,6,997.97,5265960,433240.0,380115.0,986.2,1006.7,981.3,986.2,120723000,1084.8,887.6,1102.5,649.1,1005.3,411,5,1005.2,873,7,1005.1,393,7,1005.0,548,12,1004.9,879,12,1005.4,60,1,1005.5,45,1,1005.6,4103,4,1005.7,310,3,1005.8,600,8
317,2025-11-26 11:43:03+05:30,1005.3,6,997.97,5265960,434196.0,380162.0,986.2,1006.7,981.3,986.2,120723000,1084.8,887.6,1102.5,649.1,1005.3,411,5,1005.2,873,7,1005.1,393,7,1005.0,600,15,1004.9,1603,11,1005.4,60,1,1005.5,45,1,1005.6,4104,5,1005.7,310,3,1005.8,600,8
317,2025-11-26 11:43:04+05:30,1005.4,27,997.97,5266010,434231.0,380132.0,986.2,1006.7,981.3,986.2,120723000,1084.8,887.6,1102.5,649.1,1005.3,413,5,1005.2,873,7,1005.1,393,7,1005.0,633,16,1004.9,1603,11,1005.4,30,1,1005.5,45,1,1005.6,4104,5,1005.7,310,3,1005.8,600,8
317,2025-11-26 11:43:04+05:30,1005.3,1,997.97,5266010,434231.0,380132.0,986.2,1006.7,981.3,986.2,120723000,1084.8,887.6,1102.5,649.1,1005.3,413,5,1005.2,873,7,1005.1,393,7,1005.0,633,16,1004.9,1603,11,1005.4,30,1,1005.5,45,1,1005.6,4104,5,1005.7,310,3,1005.8,600,8
317,2025-11-26 11:43:05+05:30,1005.4,10,997.97,5266910,432862.0,379929.0,986.2,1006.7,981.3,986.2,120723000,1084.8,887.6,1102.5,649.1,1005.3,199,3,1005.2,902,8,1005.1,467,8,1005.0,699,16,1004.9,1603,11,1005.5,45,1,1005.6,4104,5,1005.7,310,3,1005.8,600,8,1005.9,918,8
317,2025-11-26 11:43:05+05:30,1005.4,10,997.97,5266910,432862.0,379929.0,986.2,1006.7,981.3,986.2,120723000,1084.8,887.6,1102.5,649.1,1005.3,199,3,1005.2,902,8,1005.1,467,8,1005.0,699,16,1004.9,1603,11,1005.5,45,1,1005.6,4104,5,1005.7,310,3,1005.8,600,8,1005.9,918,8
317,2025-11-26 11:43:06+05:30,1005.4,178,997.97,5269613,423217.0,381463.0,986.2,1006.7,981.3,986.2,120723000,1084.8,887.6,1102.5,649.1,1005.0,86,1,1004.9,347,5,1004.8,749,6,1004.7,1049,11,1004.6,1343,16,1005.4,513,2,1005.5,50,2,1005.6,4613,9,1005.7,763,9,1005.8,916,11
317,2025-11-26 11:43:06+05:30,1005.4,178,997.97,5269613,423217.0,381463.0,986.2,1006.7,981.3,986.2,120723000,1084.8,887.6,1102.5,649.1,1005.0,86,1,1004.9,347,5,1004.8,749,6,1004.7,1049,11,1004.6,1343,16,1005.4,513,2,1005.5,50,2,1005.6,4613,9,1005.7,763,9,1005.8,916,11
317,2025-11-26 11:43:07+05:30,1005.2,124,997.97,5269737,423008.0,383581.0,986.2,1006.7,981.3,986.2,120723000,1084.8,887.6,1102.5,649.1,1004.9,86,1,1004.8,299,4,1004.7,832,10,1004.6,1013,14,1004.5,1964,15,1005.2,116,1,1005.4,926,6,1005.5,1041,6,1005.6,4537,10,1005.7,861,11
317,2025-11-26 11:43:07+05:30,1005.2,124,997.97,5269737,423008.0,383581.0,986.2,1006.7,981.3,986.2,120723000,1084.8,887.6,1102.5,649.1,1004.9,86,1,1004.8,299,4,1004.7,832,10,1004.6,1013,14,1004.5,1964,15,1005.2,116,1,1005.4,926,6,1005.5,1041,6,1005.6,4537,10,1005.7,861,11
317,2025-11-26 11:43:08+05:30,1005.2,124,997.97,5269737,423438.0,383776.0,986.2,1006.7,981.3,986.2,120723000,1084.8,887.6,1102.5,649.1,1004.9,86,1,1004.8,299,4,1004.7,832,10,1004.6,1013,14,1004.5,1964,15,1005.2,116,1,1005.4,926,6,1005.5,1041,6,1005.6,4537,10,1005.7,861,11
317,2025-11-26 11:43:09+05:30,1005.2,260,997.97,5270002,424466.0,382398.0,986.2,1006.7,981.3,986.2,120723000,1084.8,887.6,1102.5,649.1,1005.0,172,5,1004.9,328,5,1004.8,642,6,1004.7,1044,12,1004.6,1987,14,1005.4,579,3,1005.5,808,3,1005.6,4450,8,1005.7,692,9,1005.8,789,12
317,2025-11-26 11:43:09+05:30,1005.2,260,997.97,5270002,424466.0,382398.0,986.2,1006.7,981.3,986.2,120723000,1084.8,887.6,1102.5,649.1,1005.0,172,5,1004.9,328,5,1004.8,642,6,1004.7,1044,12,1004.6,1987,14,1005.4,579,3,1005.5,808,3,1005.6,4450,8,1005.7,692,9,1005.8,789,12
317,2025-11-26 11:43:10+05:30,1005.1,344,997.97,5270846,427704.0,383493.0,986.2,1006.7,981.3,986.2,120723000,1084.8,887.6,1102.5,649.1,1005.0,221,5,1004.9,412,5,1004.8,770,7,1004.7,1084,14,1004.6,1834,14,1005.1,96,1,1005.4,578,3,1005.5,712,2,1005.6,4482,9,1005.7,692,9
317,2025-11-26 11:43:10+05:30,1005.1,344,997.97,5270846,427704.0,383493.0,986.2,1006.7,981.3,986.2,120723000,1084.8,887.6,1102.5,649.1,1005.0,221,5,1004.9,412,5,1004.8,770,7,1004.7,1084,14,1004.6,1834,14,1005.1,96,1,1005.4,578,3,1005.5,712,2,1005.6,4482,9,1005.7,692,9
317,2025-11-26 11:43:11+05:30,1005.1,344,997.97,5270846,428012.0,383322.0,986.2,1006.7,981.3,986.2,120723000,1084.8,887.6,1102.5,649.1,1005.0,103,3,1004.9,412,5,1004.8,728,6,1004.7,1060,13,1004.6,1762,14,1005.1,763,2,1005.3,20,1,1005.4,578,3,1005.5,704,4,1005.6,4492,10
317,2025-11-26 11:43:11+05:30,1005.0,100,997.97,5270846,428012.0,383322.0,986.2,1006.7,981.3,986.2,120723000,1084.8,887.6,1102.5,649.1,1005.0,103,3,1004.9,412,5,1004.8,728,6,1004.7,1060,13,1004.6,1762,14,1005.1,763,2,1005.3,20,1,1005.4,578,3,1005.5,704,4,1005.6,4492,10
317,2025-11-26 11:43:12+05:30,1005.1,129,997.97,5271470,428274.0,384259.0,986.2,1006.7,981.3,986.2,120723000,1084.8,887.6,1102.5,649.1,1004.8,184,3,1004.7,779,11,1004.6,1670,13,1004.5,1040,14,1004.4,2539,12,1005.1,551,2,1005.2,547,1,1005.3,322,6,1005.4,928,6,1005.5,507,7
317,2025-11-26 11:43:12+05:30,1005.1,129,997.97,5271470,428274.0,384259.0,986.2,1006.7,981.3,986.2,120723000,1084.8,887.6,1102.5,649.1,1004.8,184,3,1004.7,779,11,1004.6,1670,13,1004.5,1040,14,1004.4,2539,12,1005.1,551,2,1005.2,547,1,1005.3,322,6,1005.4,928,6,1005.5,507,7
317,2025-11-26 11:43:13+05:30,1004.9,49,997.97,5272503,425791.0,383369.0,986.2,1006.7,981.3,986.2,120723000,1084.8,887.6,1102.5,649.1,1004.8,107,2,1004.7,424,6,1004.6,521,7,1004.5,995,15,1004.4,2148,11,1005.1,434,1,1005.2,577,2,1005.3,206,4,1005.4,692,5,1005.5,913,6
317,2025-11-26 11:43:13+05:30,1005.1,91,997.97,5272503,425791.0,383369.0,986.2,1006.7,981.3,986.2,120723000,1084.8,887.6,1102.5,649.1,1004.8,107,2,1004.7,424,6,1004.6,521,7,1004.5,995,15,1004.4,2148,11,1005.1,434,1,1005.2,577,2,1005.3,206,4,1005.4,692,5,1005.5,913,6
317,2025-11-26 11:43:14+05:30,1005.0,3,997.97,5272926,426914.0,386124.0,986.2,1006.7,981.3,986.2,120723000,1084.8,887.6,1102.5,649.1,1004.8,112,1,1004.7,5,1,1004.6,202,3,1004.5,637,7,1004.4,1144,16,1005.0,144,2,1005.1,796,5,1005.2,894,7,1005.3,561,7,1005.4,1160,9
317,2025-11-26 11:43:14+05:30,1005.0,59,997.97,5272926,426914.0,386124.0,986.2,1006.7,981.3,986.2,120723000,1084.8,887.6,1102.5,649.1,1004.8,112,1,1004.7,5,1,1004.6,202,3,1004.5,637,7,1004.4,1144,16,1005.0,144,2,1005.1,796,5,1005.2,894,7,1005.3,561,7,1005.4,1160,9
317,2025-11-26 11:43:15+05:30,1005.0,59,997.98,5273046,428169.0,385553.0,986.2,1006.7,981.3,986.2,120723000,1084.8,887.6,1102.5,649.1,1004.8,125,2,1004.7,71,2,1004.6,452,6,1004.5,637,7,1004.4,1768,18,1005.0,215,2,1005.1,429,2,1005.2,964,7,1005.3,561,7,1005.4,1095,7
317,2025-11-26 11:43:16+05:30,1005.0,10,997.98,5273056,428169.0,385543.0,986.2,1006.7,981.3,986.2,120723000,1084.8,887.6,1102.5,649.1,1004.8,125,2,1004.7,71,2,1004.6,452,6,1004.5,637,7,1004.4,1768,18,1005.0,205,2,1005.1,343,1,1005.2,1050,8,1005.3,561,7,1005.4,1095,7
317,2025-11-26 11:43:16+05:30,1005.0,10,997.98,5273056,428169.0,385543.0,986.2,1006.7,981.3,986.2,120723000,1084.8,887.6,1102.5,649.1,1004.8,125,2,1004.7,71,2,1004.6,452,6,1004.5,637,7,1004.4,1768,18,1005.0,205,2,1005.1,343,1,1005.2,1050,8,1005.3,561,7,1005.4,1095,7
317,2025-11-26 11:43:17+05:30,1005.0,10,997.98,5273056,428214.0,385546.0,986.2,1006.7,981.3,986.2,120723000,1084.8,887.6,1102.5,649.1,1004.8,170,3,1004.7,71,2,1004.6,452,6,1004.5,637,7,1004.4,1768,18,1005.0,205,2,1005.1,347,2,1005.2,964,7,1005.3,648,9,1005.4,1095,7
317,2025-11-26 11:43:18+05:30,1004.8,20,997.98,5273076,428065.0,386736.0,986.2,1006.7,981.3,986.2,120723000,1084.8,887.6,1102.5,649.1,1004.8,150,3,1004.7,120,3,1004.6,274,5,1004.5,637,7,1004.4,1768,18,1005.0,205,2,1005.1,525,3,1005.2,964,7,1005.3,599,8,1005.4,1072,8
317,2025-11-26 11:43:18+05:30,1004.8,20,997.98,5273076,428065.0,386736.0,986.2,1006.7,981.3,986.2,120723000,1084.8,887.6,1102.5,649.1,1004.8,150,3,1004.7,120,3,1004.6,274,5,1004.5,637,7,1004.4,1768,18,1005.0,205,2,1005.1,525,3,1005.2,964,7,1005.3,599,8,1005.4,1072,8
317,2025-11-26 11:43:19+05:30,1005.0,124,997.98,5273405,428469.0,386693.0,986.2,1006.7,981.3,986.2,120723000,1084.8,887.6,1102.5,649.1,1004.8,150,3,1004.7,120,3,1004.6,476,6,1004.5,637,7,1004.4,1768,18,1005.0,149,2,1005.1,487,3,1005.2,878,6,1005.3,686,10,1005.4,1121,9
317,2025-11-26 11:43:19+05:30,1005.0,124,997.98,5273405,428469.0,386693.0,986.2,1006.7,981.3,986.2,120723000,1084.8,887.6,1102.5,649.1,1004.8,150,3,1004.7,120,3,1004.6,476,6,1004.5,637,7,1004.4,1768,18,1005.0,149,2,1005.1,487,3,1005.2,878,6,1005.3,686,10,1005.4,1121,9
317,2025-11-26 11:43:20+05:30,1004.8,82,997.98,5273405,428469.0,386693.0,986.2,1006.7,981.3,986.2,120723000,1084.8,887.6,1102.5,649.1,1004.8,150,3,1004.7,120,3,1004.6,476,6,1004.5,637,7,1004.4,1768,18,1005.0,149,2,1005.1,487,3,1005.2,878,6,1005.3,686,10,1005.4,1121,9
317,2025-11-26 11:43:20+05:30,1004.8,82,997.98,5273605,430598.0,386578.0,986.2,1006.7,981.3,986.2,120723000,1084.8,887.6,1102.5,649.1,1004.7,5,1,1004.6,91,2,1004.5,609,7,1004.4,1174,17,1004.3,1886,12,1004.8,101,2,1004.9,129,1,1005.0,276,2,1005.1,847,8,1005.2,858,5
317,2025-11-26 11:43:21+05:30,1004.8,82,997.98,5273605,431078.0,391558.0,986.2,1006.7,981.3,986.2,120723000,1084.8,887.6,1102.5,649.1,1004.7,39,3,1004.6,140,3,1004.5,609,7,1004.4,1174,17,1004.3,1667,12,1004.8,101,2,1004.9,129,1,1005.0,276,2,1005.1,847,8,1005.2,859,6
317,2025-11-26 11:43:22+05:30,1004.8,82,997.98,5273605,431078.0,391558.0,986.2,1006.7,981.3,986.2,120723000,1084.8,887.6,1102.5,649.1,1004.7,39,3,1004.6,140,3,1004.5,609,7,1004.4,1174,17,1004.3,1667,12,1004.8,101,2,1004.9,129,1,1005.0,276,2,1005.1,847,8,1005.2,859,6
317,2025-11-26 11:43:23+05:30,1004.8,82,997.98,5273605,430993.0,391572.0,986.2,1006.7,981.3,986.2,120723000,1084.8,887.6,1102.5,649.1,1004.7,6,2,1004.6,25,1,1004.5,445,6,1004.4,1174,17,1004.3,1667,12,1004.8,147,3,1004.9,173,2,1005.0,276,2,1005.1,847,8,1005.2,861,7
317,2025-11-26 11:43:24+05:30,1004.8,41,997.98,5273935,430918.0,391360.0,986.2,1006.7,981.3,986.2,120723000,1084.8,887.6,1102.5,649.1,1004.7,5,1,1004.6,140,3,1004.5,609,7,1004.4,1174,17,1004.3,1667,12,1004.8,101,2,1004.9,173,2,1005.0,110,1,1005.1,847,8,1005.2,861,7
317,2025-11-26 11:43:24+05:30,1004.8,41,997.98,5273935,430918.0,391360.0,986.2,1006.7,981.3,986.2,120723000,1084.8,887.6,1102.5,649.1,1004.7,5,1,1004.6,140,3,1004.5,609,7,1004.4,1174,17,1004.3,1667,12,1004.8,101,2,1004.9,173,2,1005.0,110,1,1005.1,847,8,1005.2,861,7
317,2025-11-26 11:43:25+05:30,1004.8,41,997.98,5273935,430918.0,391360.0,986.2,1006.7,981.3,986.2,120723000,1084.8,887.6,1102.5,649.1,1004.7,5,1,1004.6,140,3,1004.5,609,7,1004.4,1174,17,1004.3,1667,12,1004.8,101,2,1004.9,173,2,1005.0,110,1,1005.1,847,8,1005.2,861,7
317,2025-11-26 11:43:25+05:30,1004.7,2,997.98,5273984,430948.0,391327.0,986.2,1006.7,981.3,986.2,120723000,1084.8,887.6,1102.5,649.1,1004.5,178,4,1004.4,1418,14,1004.3,1583,12,1004.2,1913,12,1004.1,2240,15,1004.7,84,2,1004.8,46,1,1004.9,178,3,1005.0,288,2,1005.1,1023,9
317,2025-11-26 11:43:25+05:30,1004.7,2,997.98,5273984,430948.0,391327.0,986.2,1006.7,981.3,986.2,120723000,1084.8,887.6,1102.5,649.1,1004.5,178,4,1004.4,1418,14,1004.3,1583,12,1004.2,1913,12,1004.1,2240,15,1004.7,84,2,1004.8,46,1,1004.9,178,3,1005.0,288,2,1005.1,1023,9
317,2025-11-26 11:43:26+05:30,1004.7,2,997.98,5273984,430948.0,391327.0,986.2,1006.7,981.3,986.2,120723000,1084.8,887.6,1102.5,649.1,1004.5,178,4,1004.4,1418,14,1004.3,1583,12,1004.2,1913,12,1004.1,2240,15,1004.7,84,2,1004.8,46,1,1004.9,178,3,1005.0,288,2,1005.1,1023,9
317,2025-11-26 11:43:26+05:30,1004.7,6,997.98,5273996,431043.0,391351.0,986.2,1006.7,981.3,986.2,120723000,1084.8,887.6,1102.5,649.1,1004.5,178,4,1004.4,1418,14,1004.3,1583,12,1004.2,1913,12,1004.1,2282,16,1004.7,168,2,1004.8,146,2,1004.9,178,3,1005.0,288,2,1005.1,1576,10
317,2025-11-26 11:43:26+05:30,1004.7,6,997.98,5273996,431043.0,391351.0,986.2,1006.7,981.3,986.2,120723000,1084.8,887.6,1102.5,649.1,1004.5,178,4,1004.4,1418,14,1004.3,1583,12,1004.2,1913,12,1004.1,2282,16,1004.7,168,2,1004.8,146,2,1004.9,178,3,1005.0,288,2,1005.1,1576,10
317,2025-11-26 11:43:26+05:30,1004.7,6,997.98,5273996,431043.0,391351.0,986.2,1006.7,981.3,986.2,120723000,1084.8,887.6,1102.5,649.1,1004.5,178,4,1004.4,1418,14,1004.3,1583,12,1004.2,1913,12,1004.1,2282,16,1004.7,168,2,1004.8,146,2,1004.9,178,3,1005.0,288,2,1005.1,1576,10
317,2025-11-26 11:43:27+05:30,1004.7,6,997.98,5273996,431043.0,391351.0,986.2,1006.7,981.3,986.2,120723000,1084.8,887.6,1102.5,649.1,1004.5,178,4,1004.4,1418,14,1004.3,1583,12,1004.2,1913,12,1004.1,2282,16,1004.7,168,2,1004.8,146,2,1004.9,178,3,1005.0,288,2,1005.1,1576,10
317,2025-11-26 11:43:27+05:30,1004.5,35,997.98,5274033,429544.0,391157.0,986.2,1006.7,981.3,986.2,120723000,1084.8,887.6,1102.5,649.1,1004.5,143,4,1004.4,1418,14,1004.3,1583,12,1004.2,1913,12,1004.1,2282,16,1004.7,166,2,1004.8,146,2,1004.9,178,3,1005.0,288,2,1005.1,1023,9
317,2025-11-26 11:43:27+05:30,1004.5,35,997.98,5274033,429544.0,391157.0,986.2,1006.7,981.3,986.2,120723000,1084.8,887.6,1102.5,649.1,1004.5,143,4,1004.4,1418,14,1004.3,1583,12,1004.2,1913,12,1004.1,2282,16,1004.7,166,2,1004.8,146,2,1004.9,178,3,1005.0,288,2,1005.1,1023,9
317,2025-11-26 11:43:28+05:30,1004.5,35,997.98,5274033,429544.0,391157.0,986.2,1006.7,981.3,986.2,120723000,1084.8,887.6,1102.5,649.1,1004.5,143,4,1004.4,1418,14,1004.3,1583,12,1004.2,1913,12,1004.1,2282,16,1004.7,166,2,1004.8,146,2,1004.9,178,3,1005.0,288,2,1005.1,1023,9
317,2025-11-26 11:43:28+05:30,1004.5,1,997.98,5274034,430927.0,391524.0,986.2,1006.7,981.3,986.2,120723000,1084.8,887.6,1102.5,649.1,1004.5,142,4,1004.4,1418,14,1004.3,1503,11,1004.2,1913,12,1004.1,2282,16,1004.7,286,3,1004.8,176,3,1004.9,178,3,1005.0,288,2,1005.1,1023,9
317,2025-11-26 11:43:28+05:30,1004.5,1,997.98,5274034,430927.0,391524.0,986.2,1006.7,981.3,986.2,120723000,1084.8,887.6,1102.5,649.1,1004.5,142,4,1004.4,1418,14,1004.3,1503,11,1004.2,1913,12,1004.1,2282,16,1004.7,286,3,1004.8,176,3,1004.9,178,3,1005.0,288,2,1005.1,1023,9
317,2025-11-26 11:43:29+05:30,1004.5,1,997.98,5274034,430927.0,391524.0,986.2,1006.7,981.3,986.2,120723000,1084.8,887.6,1102.5,649.1,1004.5,142,4,1004.4,1418,14,1004.3,1503,11,1004.2,1913,12,1004.1,2282,16,1004.7,286,3,1004.8,176,3,1004.9,178,3,1005.0,288,2,1005.1,1023,9
317,2025-11-26 11:43:29+05:30,1004.5,1,997.98,5274034,430927.0,391524.0,986.2,1006.7,981.3,986.2,120629250,1084.8,887.6,1102.5,649.1,1004.5,142,4,1004.4,1418,14,1004.3,1503,11,1004.2,1913,12,1004.1,2282,16,1004.7,286,3,1004.8,176,3,1004.9,178,3,1005.0,288,2,1005.1,1023,9
317,2025-11-26 11:43:29+05:30,1004.7,117,997.98,5274488,431550.0,391414.0,986.2,1006.7,981.3,986.2,120629250,1084.8,887.6,1102.5,649.1,1004.5,160,6,1004.4,1474,15,1004.3,1577,12,1004.2,1913,12,1004.1,2282,16,1004.7,96,1,1004.8,167,3,1004.9,178,3,1005.0,817,4,1005.1,1008,8
317,2025-11-26 11:43:29+05:30,1004.7,27,997.98,5274488,431550.0,391414.0,986.2,1006.7,981.3,986.2,120629250,1084.8,887.6,1102.5,649.1,1004.5,160,6,1004.4,1474,15,1004.3,1577,12,1004.2,1913,12,1004.1,2282,16,1004.7,96,1,1004.8,167,3,1004.9,178,3,1005.0,817,4,1005.1,1008,8
317,2025-11-26 11:43:29+05:30,1004.7,27,997.98,5274488,431550.0,391414.0,986.2,1006.7,981.3,986.2,120629250,1084.8,887.6,1102.5,649.1,1004.5,160,6,1004.4,1474,15,1004.3,1577,12,1004.2,1913,12,1004.1,2282,16,1004.7,96,1,1004.8,167,3,1004.9,178,3,1005.0,817,4,1005.1,1008,8
317,2025-11-26 11:43:30+05:30,1004.7,27,997.98,5274488,431550.0,391414.0,986.2,1006.7,981.3,986.2,120629250,1084.8,887.6,1102.5,649.1,1004.5,160,6,1004.4,1474,15,1004.3,1577,12,1004.2,1913,12,1004.1,2282,16,1004.7,96,1,1004.8,167,3,1004.9,178,3,1005.0,817,4,1005.1,1008,8
317,2025-11-26 11:43:30+05:30,1004.5,49,997.98,5274697,432750.0,391508.0,986.2,1006.7,981.3,986.2,120629250,1084.8,887.6,1102.5,649.1,1004.4,1145,7,1004.3,1463,11,1004.2,2327,16,1004.1,1111,14,1004.0,3721,18,1004.5,96,1,1004.6,96,1,1004.8,167,3,1004.9,479,6,1005.0,662,5
317,2025-11-26 11:43:30+05:30,1004.5,49,997.98,5274697,432750.0,391508.0,986.2,1006.7,981.3,986.2,120629250,1084.8,887.6,1102.5,649.1,1004.4,1145,7,1004.3,1463,11,1004.2,2327,16,1004.1,1111,14,1004.0,3721,18,1004.5,96,1,1004.6,96,1,1004.8,167,3,1004.9,479,6,1005.0,662,5
317,2025-11-26 11:43:31+05:30,1004.5,49,997.98,5274697,432808.0,391350.0,986.2,1006.7,981.3,986.2,120629250,1084.8,887.6,1102.5,649.1,1004.4,1162,8,1004.3,1463,11,1004.2,2327,16,1004.1,1111,14,1004.0,3762,19,1004.5,96,1,1004.6,96,1,1004.8,167,3,1004.9,479,6,1005.0,662,5
317,2025-11-26 11:43:32+05:30,1004.5,27,997.98,5274724,430369.0,392828.0,986.2,1006.7,981.3,986.2,120629250,1084.8,887.6,1102.5,649.1,1004.4,106,4,1004.3,2009,9,1004.2,685,10,1004.1,2014,20,1004.0,3319,19,1004.5,199,3,1004.6,96,1,1004.8,167,3,1004.9,479,6,1005.0,726,9
317,2025-11-26 11:43:32+05:30,1004.5,27,997.98,5274724,430369.0,392828.0,986.2,1006.7,981.3,986.2,120629250,1084.8,887.6,1102.5,649.1,1004.4,106,4,1004.3,2009,9,1004.2,685,10,1004.1,2014,20,1004.0,3319,19,1004.5,199,3,1004.6,96,1,1004.8,167,3,1004.9,479,6,1005.0,726,9
317,2025-11-26 11:43:33+05:30,1004.5,27,997.98,5274724,430515.0,393081.0,986.2,1006.7,981.3,986.2,120629250,1084.8,887.6,1102.5,649.1,1004.4,150,6,1004.3,1259,8,1004.2,1410,10,1004.1,1764,19,1004.0,3569,20,1004.5,199,3,1004.6,96,1,1004.7,77,1,1004.8,473,5,1004.9,479,6
317,2025-11-26 11:43:34+05:30,1004.6,112,997.98,5275089,431507.0,392845.0,986.2,1006.7,981.3,986.2,120629250,1084.8,887.6,1102.5,649.1,1004.5,148,3,1004.4,401,8,1004.3,1210,7,1004.2,1609,12,1004.1,1737,18,1004.6,96,1,1004.8,167,3,1004.9,541,6,1005.0,788,5,1005.1,1816,18
317,2025-11-26 11:43:34+05:30,1004.6,112,997.98,5275089,431507.0,392845.0,986.2,1006.7,981.3,986.2,120629250,1084.8,887.6,1102.5,649.1,1004.5,148,3,1004.4,401,8,1004.3,1210,7,1004.2,1609,12,1004.1,1737,18,1004.6,96,1,1004.8,167,3,1004.9,541,6,1005.0,788,5,1005.1,1816,18
317,2025-11-26 11:43:35+05:30,1004.5,13,997.98,5275308,431160.0,392718.0,986.2,1006.7,981.3,986.2,120629250,1084.8,887.6,1102.5,649.1,1004.4,150,6,1004.3,1388,8,1004.2,1638,12,1004.1,1760,19,1004.0,4017,21,1004.5,82,1,1004.8,369,4,1004.9,541,6,1005.0,1432,10,1005.1,1278,16
317,2025-11-26 11:43:35+05:30,1004.5,13,997.98,5275308,431160.0,392718.0,986.2,1006.7,981.3,986.2,120629250,1084.8,887.6,1102.5,649.1,1004.4,150,6,1004.3,1388,8,1004.2,1638,12,1004.1,1760,19,1004.0,4017,21,1004.5,82,1,1004.8,369,4,1004.9,541,6,1005.0,1432,10,1005.1,1278,16
317,2025-11-26 11:43:36+05:30,1004.5,49,997.98,5275358,430443.0,392854.0,986.2,1006.7,981.3,986.2,120629250,1084.8,887.6,1102.5,649.1,1004.4,100,4,1004.3,1210,7,1004.2,1388,11,1004.1,2010,20,1004.0,4068,22,1004.5,189,2,1004.6,97,2,1004.8,332,3,1004.9,497,5,1005.0,864,9
317,2025-11-26 11:43:36+05:30,1004.4,1,997.98,5275358,430443.0,392854.0,986.2,1006.7,981.3,986.2,120629250,1084.8,887.6,1102.5,649.1,1004.4,100,4,1004.3,1210,7,1004.2,1388,11,1004.1,2010,20,1004.0,4068,22,1004.5,189,2,1004.6,97,2,1004.8,332,3,1004.9,497,5,1005.0,864,9
317,2025-11-26 11:43:37+05:30,1004.4,1,997.98,5275359,430508.0,393990.0,986.2,1006.7,981.3,986.2,120629250,1084.8,887.6,1102.5,649.1,1004.4,99,4,1004.3,1210,7,1004.2,1373,10,1004.1,2010,20,1004.0,3465,22,1004.5,318,3,1004.6,97,2,1004.8,332,3,1004.9,497,5,1005.0,864,9
317,2025-11-26 11:43:38+05:30,1004.4,1,997.98,5275359,429909.0,393991.0,986.2,1006.7,981.3,986.2,120629250,1084.8,887.6,1102.5,649.1,1004.4,99,4,1004.3,1210,7,1004.2,1373,10,1004.1,2010,20,1004.0,3367,21,1004.5,318,3,1004.6,97,2,1004.7,7,1,1004.8,510,4,1004.9,497,5
317,2025-11-26 11:43:39+05:30,1004.5,11,997.98,5275688,429974.0,393709.0,986.2,1006.7,981.3,986.2,120629250,1084.8,887.6,1102.5,649.1,1004.4,99,4,1004.3,1210,7,1004.2,1373,10,1004.1,2010,20,1004.0,3367,21,1004.5,85,1,1004.6,97,2,1004.7,7,1,1004.8,130,2,1004.9,497,5
317,2025-11-26 11:43:39+05:30,1004.5,11,997.98,5275688,429974.0,393709.0,986.2,1006.7,981.3,986.2,120629250,1084.8,887.6,1102.5,649.1,1004.4,99,4,1004.3,1210,7,1004.2,1373,10,1004.1,2010,20,1004.0,3367,21,1004.5,85,1,1004.6,97,2,1004.7,7,1,1004.8,130,2,1004.9,497,5
317,2025-11-26 11:43:40+05:30,1004.4,14,997.98,5276215,431732.0,393919.0,986.2,1006.7,981.3,986.2,120629250,1084.8,887.6,1102.5,649.1,1004.3,887,4,1004.2,974,4,1004.1,2596,20,1004.0,3339,20,1003.9,2039,13,1004.4,167,2,1004.6,97,2,1004.7,209,2,1004.8,308,3,1004.9,518,6
317,2025-11-26 11:43:40+05:30,1004.4,14,997.98,5276215,431732.0,393919.0,986.2,1006.7,981.3,986.2,120629250,1084.8,887.6,1102.5,649.1,1004.3,887,4,1004.2,974,4,1004.1,2596,20,1004.0,3339,20,1003.9,2039,13,1004.4,167,2,1004.6,97,2,1004.7,209,2,1004.8,308,3,1004.9,518,6
317,2025-11-26 11:43:41+05:30,1004.4,14,997.98,5276215,431852.0,393937.0,986.2,1006.7,981.3,986.2,120629250,1084.8,887.6,1102.5,649.1,1004.3,936,5,1004.2,1152,5,1004.1,2609,21,1004.0,3363,21,1003.9,2073,14,1004.4,167,2,1004.5,89,2,1004.7,209,2,1004.8,308,3,1004.9,531,7
317,2025-11-26 11:43:42+05:30,1004.4,1,997.98,5276216,431852.0,392907.0,986.2,1006.7,981.3,986.2,120629250,1084.8,887.6,1102.5,649.1,1004.3,936,5,1004.2,1152,5,1004.1,2609,21,1004.0,3363,21,1003.9,2073,14,1004.4,166,2,1004.5,89,2,1004.7,209,2,1004.8,308,3,1004.9,545,9
317,2025-11-26 11:43:42+05:30,1004.4,1,997.98,5276216,431852.0,392907.0,986.2,1006.7,981.3,986.2,120629250,1084.8,887.6,1102.5,649.1,1004.3,936,5,1004.2,1152,5,1004.1,2609,21,1004.0,3363,21,1003.9,2073,14,1004.4,166,2,1004.5,89,2,1004.7,209,2,1004.8,308,3,1004.9,545,9
317,2025-11-26 11:43:43+05:30,1004.4,1,997.98,5276216,431852.0,393002.0,986.2,1006.7,981.3,986.2,120629250,1084.8,887.6,1102.5,649.1,1004.3,936,5,1004.2,1152,5,1004.1,2609,21,1004.0,3363,21,1003.9,2073,14,1004.4,166,2,1004.5,89,2,1004.7,209,2,1004.8,308,3,1004.9,545,9
317,2025-11-26 11:43:44+05:30,1004.4,2,997.98,5276594,431843.0,393110.0,986.2,1006.7,981.3,986.2,120629250,1084.8,887.6,1102.5,649.1,1004.3,949,6,1004.2,1267,7,1004.1,2517,15,1004.0,3411,24,1003.9,2073,14,1004.4,172,2,1004.5,89,2,1004.7,209,2,1004.8,308,3,1004.9,545,9
317,2025-11-26 11:43:44+05:30,1004.4,2,997.98,5276594,431843.0,393110.0,986.2,1006.7,981.3,986.2,120629250,1084.8,887.6,1102.5,649.1,1004.3,949,6,1004.2,1267,7,1004.1,2517,15,1004.0,3411,24,1003.9,2073,14,1004.4,172,2,1004.5,89,2,1004.7,209,2,1004.8,308,3,1004.9,545,9
317,2025-11-26 11:43:45+05:30,1004.5,45,997.98,5277259,430643.0,391966.0,986.2,1006.7,981.3,986.2,120629250,1084.8,887.6,1102.5,649.1,1004.3,799,7,1004.2,1569,8,1004.1,1654,14,1004.0,3372,21,1003.9,2073,14,1004.5,89,2,1004.7,7,1,1004.8,130,2,1004.9,556,6,1005.0,885,7
317,2025-11-26 11:43:45+05:30,1004.5,45,997.98,5277259,430643.0,391966.0,986.2,1006.7,981.3,986.2,120629250,1084.8,887.6,1102.5,649.1,1004.3,799,7,1004.2,1569,8,1004.1,1654,14,1004.0,3372,21,1003.9,2073,14,1004.5,89,2,1004.7,7,1,1004.8,130,2,1004.9,556,6,1005.0,885,7
317,2025-11-26 11:43:46+05:30,1004.5,11,997.98,5277259,430643.0,391966.0,986.2,1006.7,981.3,986.2,120629250,1084.8,887.6,1102.5,649.1,1004.3,799,7,1004.2,1569,8,1004.1,1654,14,1004.0,3372,21,1003.9,2073,14,1004.5,89,2,1004.7,7,1,1004.8,130,2,1004.9,556,6,1005.0,885,7
317,2025-11-26 11:43:46+05:30,1004.5,11,997.98,5277359,430210.0,390911.0,986.2,1006.7,981.3,986.2,120629250,1084.8,887.6,1102.5,649.1,1004.4,68,4,1004.3,1001,8,1004.2,1569,8,1004.1,1711,17,1004.0,4079,28,1004.5,34,2,1004.7,7,1,1004.8,130,2,1004.9,556,6,1005.0,772,6
317,2025-11-26 11:43:47+05:30,1004.4,165,997.98,5277359,430210.0,390911.0,986.2,1006.7,981.3,986.2,120629250,1084.8,887.6,1102.5,649.1,1004.4,68,4,1004.3,1001,8,1004.2,1569,8,1004.1,1711,17,1004.0,4079,28,1004.5,34,2,1004.7,7,1,1004.8,130,2,1004.9,556,6,1005.0,772,6
317,2025-11-26 11:43:48+05:30,1004.4,165,997.98,5277659,430232.0,391688.0,986.2,1006.7,981.3,986.2,120629250,1084.8,887.6,1102.5,649.1,1004.3,799,7,1004.2,1588,8,1004.1,1656,15,1004.0,3461,27,1003.9,1885,12,1004.5,1,1,1004.7,7,1,1004.8,130,2,1004.9,612,7,1005.0,920,7
317,2025-11-26 11:43:48+05:30,1004.8,87,997.98,5277659,430232.0,391688.0,986.2,1006.7,981.3,986.2,120629250,1084.8,887.6,1102.5,649.1,1004.3,799,7,1004.2,1588,8,1004.1,1656,15,1004.0,3461,27,1003.9,1885,12,1004.5,1,1,1004.7,7,1,1004.8,130,2,1004.9,612,7,1005.0,920,7
317,2025-11-26 11:43:49+05:30,1004.9,128,997.98,5278275,430164.0,389356.0,986.2,1006.7,981.3,986.2,120629250,1084.8,887.6,1102.5,649.1,1004.6,5,1,1004.5,511,6,1004.4,1286,12,1004.3,1490,15,1004.2,1246,8,1004.9,56,1,1005.0,664,4,1005.1,781,10,1005.2,1026,11,1005.3,727,9
317,2025-11-26 11:43:49+05:30,1004.9,128,997.98,5278275,430164.0,389356.0,986.2,1006.7,981.3,986.2,120629250,1084.8,887.6,1102.5,649.1,1004.6,5,1,1004.5,511,6,1004.4,1286,12,1004.3,1490,15,1004.2,1246,8,1004.9,56,1,1005.0,664,4,1005.1,781,10,1005.2,1026,11,1005.3,727,9
317,2025-11-26 11:43:50+05:30,1004.6,20,997.98,5278296,431478.0,390152.0,986.2,1006.7,981.3,986.2,120629250,1084.8,887.6,1102.5,649.1,1004.6,5,1,1004.4,1150,8,1004.3,1206,11,1004.2,1057,8,1004.1,1777,18,1004.7,96,1,1004.9,454,6,1005.0,927,6,1005.1,856,13,1005.2,1108,10
317,2025-11-26 11:43:50+05:30,1004.7,10,997.98,5278296,431478.0,390152.0,986.2,1006.7,981.3,986.2,120629250,1084.8,887.6,1102.5,649.1,1004.6,5,1,1004.4,1150,8,1004.3,1206,11,1004.2,1057,8,1004.1,1777,18,1004.7,96,1,1004.9,454,6,1005.0,927,6,1005.1,856,13,1005.2,1108,10
317,2025-11-26 11:43:51+05:30,1004.7,10,997.98,5278306,432343.0,390153.0,986.2,1006.7,981.3,986.2,120629250,1084.8,887.6,1102.5,649.1,1004.6,8,2,1004.5,68,1,1004.4,1267,10,1004.3,1214,11,1004.2,1807,9,1004.7,86,1,1004.9,381,6,1005.0,927,6,1005.1,930,14,1005.2,1108,10
317,2025-11-26 11:43:51+05:30,1004.6,1,997.98,5278306,432343.0,390153.0,986.2,1006.7,981.3,986.2,120629250,1084.8,887.6,1102.5,649.1,1004.6,8,2,1004.5,68,1,1004.4,1267,10,1004.3,1214,11,1004.2,1807,9,1004.7,86,1,1004.9,381,6,1005.0,927,6,1005.1,930,14,1005.2,1108,10
317,2025-11-26 11:43:52+05:30,1004.5,65,997.98,5278392,431858.0,390486.0,986.2,1006.7,981.3,986.2,120629250,1084.8,887.6,1102.5,649.1,1004.4,1218,9,1004.3,1176,10,1004.2,1496,9,1004.1,1599,15,1004.0,3197,26,1004.7,86,1,1004.9,628,7,1005.0,976,7,1005.1,856,13,1005.2,1182,11
317,2025-11-26 11:43:52+05:30,1004.7,15,997.98,5278392,431858.0,390486.0,986.2,1006.7,981.3,986.2,120629250,1084.8,887.6,1102.5,649.1,1004.4,1218,9,1004.3,1176,10,1004.2,1496,9,1004.1,1599,15,1004.0,3197,26,1004.7,86,1,1004.9,628,7,1005.0,976,7,1005.1,856,13,1005.2,1182,11
317,2025-11-26 11:43:53+05:30,1004.7,15,997.98,5278407,430999.0,390895.0,986.2,1006.7,981.3,986.2,120629250,1084.8,887.6,1102.5,649.1,1004.4,291,5,1004.3,1155,9,1004.2,1246,8,1004.1,1877,17,1004.0,3205,25,1004.6,44,1,1004.7,73,2,1004.9,613,7,1005.0,990,9,1005.1,1172,16
317,2025-11-26 11:43:54+05:30,1004.6,10,997.98,5278707,432333.0,390432.0,986.2,1006.7,981.3,986.2,120629250,1084.8,887.6,1102.5,649.1,1004.6,23,1,1004.5,180,2,1004.4,580,8,1004.3,1130,9,1004.2,2362,11,1004.7,54,2,1004.9,310,6,1005.0,941,8,1005.1,1067,15,1005.2,1246,11
317,2025-11-26 11:43:54+05:30,1004.7,133,997.98,5278707,432333.0,390432.0,986.2,1006.7,981.3,986.2,120629250,1084.8,887.6,1102.5,649.1,1004.6,23,1,1004.5,180,2,1004.4,580,8,1004.3,1130,9,1004.2,2362,11,1004.7,54,2,1004.9,310,6,1005.0,941,8,1005.1,1067,15,1005.2,1246,11
317,2025-11-26 11:43:55+05:30,1004.6,9,997.98,5279019,431672.0,390552.0,986.2,1006.7,981.3,986.2,120629250,1084.8,887.6,1102.5,649.1,1004.4,500,6,1004.3,1237,10,1004.2,1483,8,1004.1,1599,15,1004.0,3168,24,1004.6,29,1,1004.9,390,6,1005.0,1365,8,1005.1,1249,17,1005.2,1170,10
317,2025-11-26 11:43:55+05:30,1004.4,19,997.98,5279019,431672.0,390552.0,986.2,1006.7,981.3,986.2,120629250,1084.8,887.6,1102.5,649.1,1004.4,500,6,1004.3,1237,10,1004.2,1483,8,1004.1,1599,15,1004.0,3168,24,1004.6,29,1,1004.9,390,6,1005.0,1365,8,1005.1,1249,17,1005.2,1170,10
317,2025-11-26 11:43:56+05:30,1004.4,19,997.98,5279038,432620.0,390744.0,986.2,1006.7,981.3,986.2,120629250,1084.8,887.6,1102.5,649.1,1004.4,481,6,1004.3,1188,9,1004.2,2262,10,1004.1,1599,15,1004.0,3250,26,1004.6,30,2,1004.9,752,9,1005.0,1365,8,1005.1,1249,17,1005.2,1170,10
317,2025-11-26 11:43:57+05:30,1004.4,19,997.98,5279038,432079.0,390668.0,986.2,1006.7,981.3,986.2,120629250,1084.8,887.6,1102.5,649.1,1004.4,481,6,1004.3,1188,9,1004.2,2262,10,1004.1,1627,16,1004.0,3250,26,1004.6,30,2,1004.9,752,9,1005.0,816,7,1005.1,1249,17,1005.2,1170,10
317,2025-11-26 11:43:58+05:30,1004.4,19,997.98,5279038,432004.0,391213.0,986.2,1006.7,981.3,986.2,120629250,1084.8,887.6,1102.5,649.1,1004.4,169,3,1004.3,1010,8,1004.2,1877,6,1004.1,1819,17,1004.0,3390,26,1004.5,145,1,1004.6,30,2,1004.7,141,2,1004.8,214,2,1004.9,777,11
317,2025-11-26 11:43:58+05:30,1004.5,50,997.98,5279038,432004.0,391213.0,986.2,1006.7,981.3,986.2,120629250,1084.8,887.6,1102.5,649.1,1004.4,169,3,1004.3,1010,8,1004.2,1877,6,1004.1,1819,17,1004.0,3390,26,1004.5,145,1,1004.6,30,2,1004.7,141,2,1004.8,214,2,1004.9,777,11
317,2025-11-26 11:43:59+05:30,1004.5,95,997.98,5279183,432322.0,390886.0,986.2,1006.7,981.3,986.2,120629250,1084.8,887.6,1102.5,649.1,1004.5,34,1,1004.4,216,4,1004.3,1237,10,1004.2,2198,9,1004.1,1547,15,1004.6,30,2,1004.8,129,1,1004.9,550,8,1005.0,814,6,1005.1,1429,19
317,2025-11-26 11:43:59+05:30,1004.5,95,997.98,5279183,432322.0,390886.0,986.2,1006.7,981.3,986.2,120629250,1084.8,887.6,1102.5,649.1,1004.5,34,1,1004.4,216,4,1004.3,1237,10,1004.2,2198,9,1004.1,1547,15,1004.6,30,2,1004.8,129,1,1004.9,550,8,1005.0,814,6,1005.1,1429,19
317,2025-11-26 11:44:00+05:30,1004.5,12,997.98,5280744,432624.0,389562.0,986.2,1006.7,981.3,986.2,120629250,1084.8,887.6,1102.5,649.1,1004.4,417,10,1004.3,1290,11,1004.2,2381,10,1004.1,1518,13,1004.0,3483,31,1004.6,1,1,1004.9,131,4,1005.0,977,4,1005.1,1127,9,1005.2,1186,15
317,2025-11-26 11:44:00+05:30,1004.9,34,997.98,5280744,432624.0,389562.0,986.2,1006.7,981.3,986.2,120629250,1084.8,887.6,1102.5,649.1,1004.4,417,10,1004.3,1290,11,1004.2,2381,10,1004.1,1518,13,1004.0,3483,31,1004.6,1,1,1004.9,131,4,1005.0,977,4,1005.1,1127,9,1005.2,1186,15
317,2025-11-26 11:44:01+05:30,1004.9,34,997.99,5281441,430733.0,390697.0,986.2,1006.7,981.3,986.2,120629250,1084.8,887.6,1102.5,649.1,1004.4,1080,12,1004.3,1499,13,1004.2,2071,12,1004.1,1592,13,1004.0,3310,31,1004.9,97,4,1005.0,1179,6,1005.1,888,7,1005.2,1255,16,1005.3,728,9
317,2025-11-26 11:44:02+05:30,1004.9,34,997.99,5281441,430733.0,388803.0,986.2,1006.7,981.3,986.2,120629250,1084.8,887.6,1102.5,649.1,1004.4,1080,12,1004.3,1499,13,1004.2,2071,12,1004.1,1592,13,1004.0,3310,31,1004.9,97,4,1005.0,1498,7,1005.1,888,7,1005.2,1229,14,1005.3,754,11
317,2025-11-26 11:44:03+05:30,1004.9,34,997.99,5281441,433514.0,390553.0,986.2,1006.7,981.3,986.2,120629250,1084.8,887.6,1102.5,649.1,1004.6,517,5,1004.5,512,6,1004.4,1981,16,1004.3,1361,15,1004.2,2445,12,1004.9,54,3,1005.0,1367,5,1005.1,810,7,1005.2,972,11,1005.3,821,12
317,2025-11-26 11:44:04+05:30,1004.9,17,997.99,5281591,433570.0,390179.0,986.2,1006.7,981.3,986.2,120629250,1084.8,887.6,1102.5,649.1,1004.9,2,1,1004.8,143,3,1004.7,239,2,1004.6,678,8,1004.5,663,6,1005.0,1193,4,1005.1,627,5,1005.2,918,7,1005.3,602,12,1005.4,711,9
317,2025-11-26 11:44:04+05:30,1004.9,145,997.99,5281591,433570.0,390179.0,986.2,1006.7,981.3,986.2,120629250,1084.8,887.6,1102.5,649.1,1004.9,2,1,1004.8,143,3,1004.7,239,2,1004.6,678,8,1004.5,663,6,1005.0,1193,4,1005.1,627,5,1005.2,918,7,1005.3,602,12,1005.4,711,9
317,2025-11-26 11:44:05+05:30,1004.9,145,997.99,5281737,435137.0,390504.0,986.2,1006.7,981.3,986.2,120629250,1084.8,887.6,1102.5,649.1,1004.9,204,2,1004.8,143,3,1004.7,117,2,1004.6,786,10,1004.5,1447,9,1005.0,1260,8,1005.1,627,5,1005.2,985,8,1005.3,505,7,1005.4,790,14
317,2025-11-26 11:44:05+05:30,1005.0,84,997.99,5281737,435137.0,390504.0,986.2,1006.7,981.3,986.2,120629250,1084.8,887.6,1102.5,649.1,1004.9,204,2,1004.8,143,3,1004.7,117,2,1004.6,786,10,1004.5,1447,9,1005.0,1260,8,1005.1,627,5,1005.2,985,8,1005.3,505,7,1005.4,790,14
317,2025-11-26 11:44:06+05:30,1005.0,9,997.99,5281855,435143.0,389321.0,986.2,1006.7,981.3,986.2,120629250,1084.8,887.6,1102.5,649.1,1004.9,236,3,1004.8,222,5,1004.7,117,2,1004.6,867,9,1004.5,1342,9,1005.0,1145,8,1005.1,449,4,1005.2,875,6,1005.3,430,4,1005.4,792,11
317,2025-11-26 11:44:06+05:30,1005.0,9,997.99,5281855,435143.0,389321.0,986.2,1006.7,981.3,986.2,120629250,1084.8,887.6,1102.5,649.1,1004.9,236,3,1004.8,222,5,1004.7,117,2,1004.6,867,9,1004.5,1342,9,1005.0,1145,8,1005.1,449,4,1005.2,875,6,1005.3,430,4,1005.4,792,11
317,2025-11-26 11:44:07+05:30,1005.0,9,997.99,5281855,434983.0,389332.0,986.2,1006.7,981.3,986.2,120629250,1084.8,887.6,1102.5,649.1,1004.9,184,2,1004.8,173,4,1004.7,68,1,1004.6,867,9,1004.5,1342,9,1005.0,1145,8,1005.1,447,3,1005.2,877,7,1005.3,430,4,1005.4,803,12
317,2025-11-26 11:44:08+05:30,1005.0,9,997.99,5281855,438262.0,389153.0,986.2,1006.7,981.3,986.2,120629250,1084.8,887.6,1102.5,649.1,1004.9,233,3,1004.8,974,6,1004.7,968,5,1004.6,2956,12,1004.5,801,9,1005.0,1145,8,1005.1,499,4,1005.2,810,6,1005.3,430,4,1005.4,612,9
317,2025-11-26 11:44:09+05:30,1005.0,5,997.99,5282934,437753.0,387865.0,986.2,1006.7,981.3,986.2,120629250,1084.8,887.6,1102.5,649.1,1004.9,184,2,1004.8,139,3,1004.7,427,4,1004.6,1491,11,1004.5,1551,10,1005.0,648,7,1005.1,499,4,1005.2,804,5,1005.3,430,4,1005.4,565,9
317,2025-11-26 11:44:09+05:30,1005.0,5,997.99,5282934,437753.0,387865.0,986.2,1006.7,981.3,986.2,120629250,1084.8,887.6,1102.5,649.1,1004.9,184,2,1004.8,139,3,1004.7,427,4,1004.6,1491,11,1004.5,1551,10,1005.0,648,7,1005.1,499,4,1005.2,804,5,1005.3,430,4,1005.4,565,9
317,2025-11-26 11:44:10+05:30,1004.9,88,997.99,5283720,436020.0,389115.0,986.2,1006.7,981.3,986.2,120629250,1084.8,887.6,1102.5,649.1,1004.6,845,7,1004.5,1636,11,1004.4,2391,18,1004.3,1634,23,1004.2,1908,12,1004.9,125,2,1005.0,653,8,1005.1,673,5,1005.2,804,5,1005.3,564,7
317,2025-11-26 11:44:10+05:30,1004.9,88,997.99,5283720,436020.0,389115.0,986.2,1006.7,981.3,986.2,120629250,1084.8,887.6,1102.5,649.1,1004.6,845,7,1004.5,1636,11,1004.4,2391,18,1004.3,1634,23,1004.2,1908,12,1004.9,125,2,1005.0,653,8,1005.1,673,5,1005.2,804,5,1005.3,564,7
317,2025-11-26 11:44:11+05:30,1004.9,88,997.99,5283720,428365.0,391710.0,986.2,1006.7,981.3,986.2,120629250,1084.8,887.6,1102.5,649.1,1004.7,27,1,1004.6,46,1,1004.5,737,3,1004.4,1334,10,1004.3,492,8,1004.9,369,5,1005.0,1182,14,1005.1,794,7,1005.2,1095,14,1005.3,602,10
317,2025-11-26 11:44:11+05:30,1004.7,1,997.99,5283720,428365.0,391710.0,986.2,1006.7,981.3,986.2,120629250,1084.8,887.6,1102.5,649.1,1004.7,27,1,1004.6,46,1,1004.5,737,3,1004.4,1334,10,1004.3,492,8,1004.9,369,5,1005.0,1182,14,1005.1,794,7,1005.2,1095,14,1005.3,602,10
317,2025-11-26 11:44:12+05:30,1004.7,1,997.99,5283721,431605.0,391680.0,986.2,1006.7,981.3,986.2,120629250,1084.8,887.6,1102.5,649.1,1004.8,66,2,1004.7,68,3,1004.6,319,4,1004.5,956,7,1004.4,1487,14,1004.9,126,3,1005.0,817,9,1005.1,897,8,1005.2,1051,8,1005.3,739,8
317,2025-11-26 11:44:12+05:30,1004.9,63,997.99,5283721,431605.0,391680.0,986.2,1006.7,981.3,986.2,120629250,1084.8,887.6,1102.5,649.1,1004.8,66,2,1004.7,68,3,1004.6,319,4,1004.5,956,7,1004.4,1487,14,1004.9,126,3,1005.0,817,9,1005.1,897,8,1005.2,1051,8,1005.3,739,8
317,2025-11-26 11:44:13+05:30,1004.9,63,997.99,5284034,435381.0,392227.0,986.2,1006.7,981.3,986.2,120629250,1084.8,887.6,1102.5,649.1,1004.9,26,1,1004.8,42,3,1004.7,265,4,1004.6,1008,6,1004.5,1435,10,1005.0,917,10,1005.1,815,7,1005.2,1062,10,1005.3,657,9,1005.4,844,14
317,2025-11-26 11:44:13+05:30,1005.0,31,997.99,5284034,435381.0,392227.0,986.2,1006.7,981.3,986.2,120629250,1084.8,887.6,1102.5,649.1,1004.9,26,1,1004.8,42,3,1004.7,265,4,1004.6,1008,6,1004.5,1435,10,1005.0,917,10,1005.1,815,7,1005.2,1062,10,1005.3,657,9,1005.4,844,14
317,2025-11-26 11:44:14+05:30,1005.0,3,997.99,5284574,434079.0,391137.0,986.2,1006.7,981.3,986.2,120629250,1084.8,887.6,1102.5,649.1,1004.9,56,2,1004.8,108,4,1004.7,305,4,1004.6,456,6,1004.5,1472,10,1005.0,340,11,1005.1,800,7,1005.2,1062,10,1005.3,631,7,1005.4,870,16
317,2025-11-26 11:44:14+05:30,1004.9,24,997.99,5284574,434079.0,391137.0,986.2,1006.7,981.3,986.2,120629250,1084.8,887.6,1102.5,649.1,1004.9,56,2,1004.8,108,4,1004.7,305,4,1004.6,456,6,1004.5,1472,10,1005.0,340,11,1005.1,800,7,1005.2,1062,10,1005.3,631,7,1005.4,870,16
317,2025-11-26 11:44:15+05:30,1004.9,50,997.99,5284675,431495.0,392650.0,986.2,1006.7,981.3,986.2,120629250,1084.8,887.6,1102.5,649.1,1004.9,27,1,1004.8,42,3,1004.7,32,1,1004.6,223,3,1004.5,1109,5,1005.0,906,16,1005.1,861,8,1005.2,951,9,1005.3,1170,10,1005.4,670,13
317,2025-11-26 11:44:15+05:30,1004.9,10,997.99,5284675,431495.0,392650.0,986.2,1006.7,981.3,986.2,120629250,1084.8,887.6,1102.5,649.1,1004.9,27,1,1004.8,42,3,1004.7,32,1,1004.6,223,3,1004.5,1109,5,1005.0,906,16,1005.1,861,8,1005.2,951,9,1005.3,1170,10,1005.4,670,13
317,2025-11-26 11:44:16+05:30,1005.0,1,997.99,5284687,430838.0,392655.0,986.2,1006.7,981.3,986.2,120629250,1084.8,887.6,1102.5,649.1,1004.9,16,1,1004.8,1,1,1004.7,32,1,1004.6,223,3,1004.5,359,4,1005.0,905,16,1005.1,903,9,1005.2,1047,12,1005.3,1144,8,1005.4,670,13
317,2025-11-26 11:44:16+05:30,1005.0,39,997.99,5284687,430838.0,392655.0,986.2,1006.7,981.3,986.2,120629250,1084.8,887.6,1102.5,649.1,1004.9,16,1,1004.8,1,1,1004.7,32,1,1004.6,223,3,1004.5,359,4,1005.0,905,16,1005.1,903,9,1005.2,1047,12,1005.3,1144,8,1005.4,670,13
317,2025-11-26 11:44:17+05:30,1005.0,39,997.99,5284837,430805.0,392508.0,986.2,1006.7,981.3,986.2,120629250,1084.8,887.6,1102.5,649.1,1004.9,16,1,1004.8,1,1,1004.7,32,1,1004.6,223,3,1004.5,359,4,1005.0,874,17,1005.1,842,8,1005.2,951,9,1005.3,1170,10,1005.4,670,13
317,2025-11-26 11:44:18+05:30,1004.6,29,997.99,5284922,429568.0,392047.0,986.2,1006.7,981.3,986.2,120629250,1084.8,887.6,1102.5,649.1,1004.6,17,1,1004.5,784,4,1004.4,671,10,1004.3,695,9,1004.2,1197,11,1004.9,61,1,1005.0,965,18,1005.1,842,8,1005.2,1065,13,1005.3,744,8
317,2025-11-26 11:44:18+05:30,1004.6,29,997.99,5284922,429568.0,392047.0,986.2,1006.7,981.3,986.2,120629250,1084.8,887.6,1102.5,649.1,1004.6,17,1,1004.5,784,4,1004.4,671,10,1004.3,695,9,1004.2,1197,11,1004.9,61,1,1005.0,965,18,1005.1,842,8,1005.2,1065,13,1005.3,744,8
317,2025-11-26 11:44:19+05:30,1004.9,167,997.99,5285251,427101.0,390551.0,986.2,1006.7,981.3,986.2,120629250,1084.8,887.6,1102.5,649.1,1004.6,17,1,1004.5,355,4,1004.4,484,7,1004.3,1079,8,1004.2,1988,12,1004.9,15,1,1005.0,716,17,1005.1,793,7,1005.2,1041,11,1005.3,744,8
317,2025-11-26 11:44:19+05:30,1004.5,30,997.99,5285251,427101.0,390551.0,986.2,1006.7,981.3,986.2,120629250,1084.8,887.6,1102.5,649.1,1004.6,17,1,1004.5,355,4,1004.4,484,7,1004.3,1079,8,1004.2,1988,12,1004.9,15,1,1005.0,716,17,1005.1,793,7,1005.2,1041,11,1005.3,744,8
317,2025-11-26 11:44:20+05:30,1004.5,30,997.99,5285281,426924.0,392365.0,986.2,1006.7,981.3,986.2,120629250,1084.8,887.6,1102.5,649.1,1004.6,11,1,1004.5,70,1,1004.4,214,4,1004.3,1019,8,1004.2,1102,10,1004.7,96,1,1004.9,324,5,1005.0,791,17,1005.1,982,11,1005.2,1150,13
317,2025-11-26 11:44:21+05:30,1004.5,30,997.99,5285281,427103.0,392292.0,986.2,1006.7,981.3,986.2,120629250,1084.8,887.6,1102.5,649.1,1004.6,94,2,1004.5,70,1,1004.4,388,5,1004.3,1046,9,1004.2,1102,10,1004.7,96,1,1004.9,190,3,1005.0,661,16,1005.1,921,10,1005.2,1201,13
317,2025-11-26 11:44:22+05:30,1004.7,95,997.99,5285377,428759.0,391747.0,986.2,1006.7,981.3,986.2,120629250,1084.8,887.6,1102.5,649.1,1004.6,94,2,1004.5,166,3,1004.4,554,8,1004.3,1123,10,1004.2,1930,12,1004.7,96,1,1004.9,20,2,1005.0,488,13,1005.1,970,10,1005.2,1121,10
317,2025-11-26 11:44:22+05:30,1004.7,95,997.99,5285377,428759.0,391747.0,986.2,1006.7,981.3,986.2,120629250,1084.8,887.6,1102.5,649.1,1004.6,94,2,1004.5,166,3,1004.4,554,8,1004.3,1123,10,1004.2,1930,12,1004.7,96,1,1004.9,20,2,1005.0,488,13,1005.1,970,10,1005.2,1121,10
317,2025-11-26 11:44:23+05:30,1004.7,95,997.99,5285377,428597.0,391976.0,986.2,1006.7,981.3,986.2,120629250,1084.8,887.6,1102.5,649.1,1004.6,94,2,1004.5,100,2,1004.4,485,7,1004.3,1051,9,1004.2,1930,12,1004.7,96,1,1004.8,47,1,1004.9,20,2,1005.0,662,14,1005.1,928,10
317,2025-11-26 11:44:24+05:30,1004.7,329,997.99,5285706,428915.0,392158.0,986.2,1006.7,981.3,986.2,120629250,1084.8,887.6,1102.5,649.1,1004.6,94,2,1004.5,100,2,1004.4,504,7,1004.3,1331,12,1004.2,2007,13,1004.7,96,1,1004.8,47,1,1004.9,20,2,1005.0,710,15,1005.1,918,9
317,2025-11-26 11:44:24+05:30,1004.7,329,997.99,5285706,428915.0,392158.0,986.2,1006.7,981.3,986.2,120629250,1084.8,887.6,1102.5,649.1,1004.6,94,2,1004.5,100,2,1004.4,504,7,1004.3,1331,12,1004.2,2007,13,1004.7,96,1,1004.8,47,1,1004.9,20,2,1005.0,710,15,1005.1,918,9
317,2025-11-26 11:44:25+05:30,1004.6,83,997.99,5285800,430752.0,392867.0,986.2,1006.7,981.3,986.2,120629250,1084.8,887.6,1102.5,649.1,1004.5,100,2,1004.4,427,6,1004.3,1121,10,1004.2,2422,13,1004.1,2698,14,1004.6,2,1,1004.7,95,1,1004.8,47,1,1004.9,300,4,1005.0,908,17
317,2025-11-26 11:44:25+05:30,1004.6,83,997.99,5285800,430752.0,392867.0,986.2,1006.7,981.3,986.2,120629250,1084.8,887.6,1102.5,649.1,1004.5,100,2,1004.4,427,6,1004.3,1121,10,1004.2,2422,13,1004.1,2698,14,1004.6,2,1,1004.7,95,1,1004.8,47,1,1004.9,300,4,1005.0,908,17
317,2025-11-26 11:44:26+05:30,1004.6,83,997.99,5285800,431502.0,392715.0,986.2,1006.7,981.3,986.2,120629250,1084.8,887.6,1102.5,649.1,1004.5,100,2,1004.4,427,6,1004.3,1121,10,1004.2,2448,14,1004.1,3461,16,1004.6,2,1,1004.7,95,1,1004.8,47,1,1004.9,300,4,1005.0,907,17
317,2025-11-26 11:44:26+05:30,1004.6,140,997.99,5285800,431502.0,392715.0,986.2,1006.7,981.3,986.2,120629250,1084.8,887.6,1102.5,649.1,1004.5,100,2,1004.4,427,6,1004.3,1121,10,1004.2,2448,14,1004.1,3461,16,1004.6,2,1,1004.7,95,1,1004.8,47,1,1004.9,300,4,1005.0,907,17
317,2025-11-26 11:44:27+05:30,1004.6,140,997.99,5285940,430304.0,393021.0,986.2,1006.7,981.3,986.2,120629250,1084.8,887.6,1102.5,649.1,1004.5,100,2,1004.4,383,6,1004.3,1124,10,1004.2,1617,12,1004.1,4338,18,1004.6,96,1,1004.7,95,1,1004.8,47,1,1004.9,474,5,1005.0,868,17
317,2025-11-26 11:44:28+05:30,1004.6,140,997.99,5285940,429315.0,393696.0,986.2,1006.7,981.3,986.2,120629250,1084.8,887.6,1102.5,649.1,1004.5,100,2,1004.4,143,4,1004.3,917,8,1004.2,867,11,1004.1,4338,18,1004.6,96,1,1004.7,95,1,1004.8,47,1,1004.9,474,5,1005.0,917,18
317,2025-11-26 11:44:29+05:30,1004.6,295,997.99,5286235,428065.0,393980.0,986.2,1006.7,981.3,986.2,120629250,1084.8,887.6,1102.5,649.1,1004.6,33,1,1004.5,100,2,1004.4,143,4,1004.3,1091,9,1004.2,844,10,1004.7,204,3,1004.9,597,7,1005.0,1002,19,1005.1,994,11,1005.2,1199,10
317,2025-11-26 11:44:29+05:30,1004.5,65,997.99,5286235,428065.0,393980.0,986.2,1006.7,981.3,986.2,120629250,1084.8,887.6,1102.5,649.1,1004.6,33,1,1004.5,100,2,1004.4,143,4,1004.3,1091,9,1004.2,844,10,1004.7,204,3,1004.9,597,7,1005.0,1002,19,1005.1,994,11,1005.2,1199,10
317,2025-11-26 11:44:30+05:30,1004.6,1,997.99,5287296,431113.0,393301.0,986.2,1006.7,981.3,986.2,120629250,1084.8,887.6,1102.5,649.1,1004.6,1138,1,1004.5,101,3,1004.4,631,9,1004.3,1224,10,1004.2,2757,14,1004.7,204,3,1004.9,20,2,1005.0,660,14,1005.1,848,9,1005.2,1212,11
317,2025-11-26 11:44:30+05:30,1004.6,1,997.99,5287296,431113.0,393301.0,986.2,1006.7,981.3,986.2,120629250,1084.8,887.6,1102.5,649.1,1004.6,1138,1,1004.5,101,3,1004.4,631,9,1004.3,1224,10,1004.2,2757,14,1004.7,204,3,1004.9,20,2,1005.0,660,14,1005.1,848,9,1005.2,1212,11
317,2025-11-26 11:44:31+05:30,1004.6,1,997.99,5287297,431159.0,393587.0,986.2,1006.7,981.3,986.2,120629250,1084.8,887.6,1102.5,649.1,1004.6,1154,2,1004.5,101,3,1004.4,631,9,1004.3,1224,10,1004.2,2757,14,1004.7,204,3,1004.9,20,2,1005.0,908,15,1005.1,848,9,1005.2,1225,12
317,2025-11-26 11:44:31+05:30,1004.6,30,997.99,5287297,431159.0,393587.0,986.2,1006.7,981.3,986.2,120629250,1084.8,887.6,1102.5,649.1,1004.6,1154,2,1004.5,101,3,1004.4,631,9,1004.3,1224,10,1004.2,2757,14,1004.7,204,3,1004.9,20,2,1005.0,908,15,1005.1,848,9,1005.2,1225,12
317,2025-11-26 11:44:32+05:30,1004.6,30,997.99,5287327,431005.0,393735.0,986.2,1006.7,981.3,986.2,120629250,1084.8,887.6,1102.5,649.1,1004.6,1124,2,1004.5,46,3,1004.4,565,8,1004.3,1221,10,1004.2,2757,14,1004.7,204,3,1004.9,20,2,1005.0,908,15,1005.1,916,10,1005.2,1225,12
317,2025-11-26 11:44:32+05:30,1004.7,3,997.99,5287327,431005.0,393735.0,986.2,1006.7,981.3,986.2,120629250,1084.8,887.6,1102.5,649.1,1004.6,1124,2,1004.5,46,3,1004.4,565,8,1004.3,1221,10,1004.2,2757,14,1004.7,204,3,1004.9,20,2,1005.0,908,15,1005.1,916,10,1005.2,1225,12
317,2025-11-26 11:44:33+05:30,1004.7,3,997.99,5287330,429924.0,393980.0,986.2,1006.7,981.3,986.2,120629250,1084.8,887.6,1102.5,649.1,1004.6,1144,3,1004.5,46,3,1004.4,206,4,1004.3,430,7,1004.2,2757,14,1004.7,202,4,1004.9,920,7,1005.0,1191,18,1005.1,916,10,1005.2,1212,11
317,2025-11-26 11:44:34+05:30,1004.7,25,997.99,5287771,430776.0,392596.0,986.2,1006.7,981.3,986.2,120629250,1084.8,887.6,1102.5,649.1,1004.6,1190,4,1004.5,92,4,1004.4,491,7,1004.3,822,10,1004.2,2757,14,1004.7,82,2,1004.9,580,3,1005.0,957,16,1005.1,792,8,1005.2,1264,12
317,2025-11-26 11:44:34+05:30,1004.7,25,997.99,5287771,430776.0,392596.0,986.2,1006.7,981.3,986.2,120629250,1084.8,887.6,1102.5,649.1,1004.6,1190,4,1004.5,92,4,1004.4,491,7,1004.3,822,10,1004.2,2757,14,1004.7,82,2,1004.9,580,3,1005.0,957,16,1005.1,792,8,1005.2,1264,12
317,2025-11-26 11:44:35+05:30,1004.7,5,997.99,5287776,430809.0,392591.0,986.2,1006.7,981.3,986.2,120629250,1084.8,887.6,1102.5,649.1,1004.6,1190,4,1004.5,92,4,1004.4,491,7,1004.3,822,10,1004.2,2757,14,1004.7,77,2,1004.9,580,3,1005.0,957,16,1005.1,792,8,1005.2,1264,12
317,2025-11-26 11:44:35+05:30,1004.7,5,997.99,5287776,430809.0,392591.0,986.2,1006.7,981.3,986.2,120629250,1084.8,887.6,1102.5,649.1,1004.6,1190,4,1004.5,92,4,1004.4,491,7,1004.3,822,10,1004.2,2757,14,1004.7,77,2,1004.9,580,3,1005.0,957,16,1005.1,792,8,1005.2,1264,12
317,2025-11-26 11:44:36+05:30,1004.7,5,997.99,5287776,430857.0,393406.0,986.2,1006.7,981.3,986.2,120629250,1084.8,887.6,1102.5,649.1,1004.6,1190,4,1004.5,92,4,1004.4,491,7,1004.3,871,11,1004.2,2757,14,1004.7,77,2,1004.9,580,3,1005.0,955,15,1005.1,859,9,1005.2,1290,14
317,2025-11-26 11:44:36+05:30,1004.7,7,997.99,5287776,430857.0,393406.0,986.2,1006.7,981.3,986.2,120629250,1084.8,887.6,1102.5,649.1,1004.6,1190,4,1004.5,92,4,1004.4,491,7,1004.3,871,11,1004.2,2757,14,1004.7,77,2,1004.9,580,3,1005.0,955,15,1005.1,859,9,1005.2,1290,14
317,2025-11-26 11:44:37+05:30,1004.7,7,997.99,5287783,430925.0,393956.0,986.2,1006.7,981.3,986.2,120629250,1084.8,887.6,1102.5,649.1,1004.6,1190,4,1004.5,92,4,1004.4,491,7,1004.3,864,10,1004.2,2757,14,1004.7,70,2,1004.9,585,4,1005.0,955,15,1005.1,859,9,1005.2,1290,14
317,2025-11-26 11:44:37+05:30,1004.7,1,997.99,5287783,430925.0,393956.0,986.2,1006.7,981.3,986.2,120629250,1084.8,887.6,1102.5,649.1,1004.6,1190,4,1004.5,92,4,1004.4,491,7,1004.3,864,10,1004.2,2757,14,1004.7,70,2,1004.9,585,4,1005.0,955,15,1005.1,859,9,1005.2,1290,14
317,2025-11-26 11:44:38+05:30,1004.7,1,997.99,5287866,430735.0,394344.0,986.2,1006.7,981.3,986.2,120629250,1084.8,887.6,1102.5,649.1,1004.6,1220,5,1004.5,128,4,1004.4,491,7,1004.3,662,9,1004.2,2757,14,1004.7,34,1,1004.9,550,4,1005.0,981,17,1005.1,859,9,1005.2,1254,11
317,2025-11-26 11:44:38+05:30,1004.7,1,997.99,5287866,430735.0,394344.0,986.2,1006.7,981.3,986.2,120629250,1084.8,887.6,1102.5,649.1,1004.6,1220,5,1004.5,128,4,1004.4,491,7,1004.3,662,9,1004.2,2757,14,1004.7,34,1,1004.9,550,4,1005.0,981,17,1005.1,859,9,1005.2,1254,11
317,2025-11-26 11:44:39+05:30,1004.7,1,997.99,5287901,431514.0,393841.0,986.2,1006.7,981.3,986.2,120629250,1084.8,887.6,1102.5,649.1,1004.7,109,3,1004.6,1221,6,1004.5,242,5,1004.4,584,8,1004.3,751,10,1004.9,103,4,1005.0,1223,20,1005.1,792,8,1005.2,1026,8,1005.3,826,14
317,2025-11-26 11:44:39+05:30,1004.7,31,997.99,5287901,431514.0,393841.0,986.2,1006.7,981.3,986.2,120629250,1084.8,887.6,1102.5,649.1,1004.7,109,3,1004.6,1221,6,1004.5,242,5,1004.4,584,8,1004.3,751,10,1004.9,103,4,1005.0,1223,20,1005.1,792,8,1005.2,1026,8,1005.3,826,14
317,2025-11-26 11:44:40+05:30,1004.6,42,998.0,5289796,429531.0,396385.0,986.2,1006.7,981.3,986.2,120629250,1084.8,887.6,1102.5,649.1,1004.5,16,2,1004.4,153,2,1004.3,378,3,1004.2,997,8,1004.1,2995,10,1004.6,39,1,1004.8,218,4,1004.9,911,10,1005.0,1457,22,1005.1,1179,16
317,2025-11-26 11:44:40+05:30,1004.6,42,998.0,5289796,429531.0,396385.0,986.2,1006.7,981.3,986.2,120629250,1084.8,887.6,1102.5,649.1,1004.5,16,2,1004.4,153,2,1004.3,378,3,1004.2,997,8,1004.1,2995,10,1004.6,39,1,1004.8,218,4,1004.9,911,10,1005.0,1457,22,1005.1,1179,16
317,2025-11-26 11:44:41+05:30,1004.6,75,998.0,5289871,431016.0,396411.0,986.2,1006.7,981.3,986.2,120629250,1084.8,887.6,1102.5,649.1,1004.5,128,4,1004.4,253,2,1004.3,320,3,1004.2,848,7,1004.1,3102,13,1004.6,96,1,1004.8,127,2,1004.9,268,7,1005.0,1388,20,1005.1,1123,12
317,2025-11-26 11:44:41+05:30,1004.6,75,998.0,5289871,431016.0,396411.0,986.2,1006.7,981.3,986.2,120629250,1084.8,887.6,1102.5,649.1,1004.5,128,4,1004.4,253,2,1004.3,320,3,1004.2,848,7,1004.1,3102,13,1004.6,96,1,1004.8,127,2,1004.9,268,7,1005.0,1388,20,1005.1,1123,12
317,2025-11-26 11:44:42+05:30,1004.6,75,998.0,5289871,432228.0,396382.0,986.2,1006.7,981.3,986.2,120629250,1084.8,887.6,1102.5,649.1,1004.5,128,4,1004.4,84,3,1004.3,1336,6,1004.2,1602,13,1004.1,3299,13,1004.6,97,2,1004.9,268,7,1005.0,1388,20,1005.1,1151,14,1005.2,1326,16
317,2025-11-26 11:44:42+05:30,1004.6,1,998.0,5289871,432228.0,396382.0,986.2,1006.7,981.3,986.2,120629250,1084.8,887.6,1102.5,649.1,1004.5,128,4,1004.4,84,3,1004.3,1336,6,1004.2,1602,13,1004.1,3299,13,1004.6,97,2,1004.9,268,7,1005.0,1388,20,1005.1,1151,14,1005.2,1326,16
317,2025-11-26 11:44:43+05:30,1004.6,1,998.0,5289872,433032.0,396372.0,986.2,1006.7,981.3,986.2,120629250,1084.8,887.6,1102.5,649.1,1004.5,128,4,1004.4,172,4,1004.3,848,6,1004.2,1430,13,1004.1,3471,13,1004.6,96,2,1004.9,268,7,1005.0,1388,20,1005.1,1151,14,1005.2,1326,16
317,2025-11-26 11:44:44+05:30,1004.6,247,998.0,5290448,434105.0,395748.0,986.2,1006.7,981.3,986.2,120629250,1084.8,887.6,1102.5,649.1,1004.5,149,6,1004.4,418,7,1004.3,956,11,1004.2,2435,14,1004.1,2455,10,1004.6,96,1,1004.9,20,2,1005.0,1106,17,1005.1,1079,13,1005.2,1261,14
317,2025-11-26 11:44:44+05:30,1004.6,3,998.0,5290448,434105.0,395748.0,986.2,1006.7,981.3,986.2,120629250,1084.8,887.6,1102.5,649.1,1004.5,149,6,1004.4,418,7,1004.3,956,11,1004.2,2435,14,1004.1,2455,10,1004.6,96,1,1004.9,20,2,1005.0,1106,17,1005.1,1079,13,1005.2,1261,14
317,2025-11-26 11:44:45+05:30,1004.5,61,998.0,5290695,432930.0,395448.0,986.2,1006.7,981.3,986.2,120629250,1084.8,887.6,1102.5,649.1,1004.4,256,7,1004.3,1845,12,1004.2,1593,9,1004.1,2950,11,1004.0,2179,18,1004.7,130,1,1004.9,355,5,1005.0,1141,18,1005.1,1166,15,1005.2,1248,13
317,2025-11-26 11:44:45+05:30,1004.5,61,998.0,5290695,432930.0,395448.0,986.2,1006.7,981.3,986.2,120629250,1084.8,887.6,1102.5,649.1,1004.4,256,7,1004.3,1845,12,1004.2,1593,9,1004.1,2950,11,1004.0,2179,18,1004.7,130,1,1004.9,355,5,1005.0,1141,18,1005.1,1166,15,1005.2,1248,13
317,2025-11-26 11:44:46+05:30,1004.5,61,998.0,5290695,431997.0,395505.0,986.2,1006.7,981.3,986.2,120629250,1084.8,887.6,1102.5,649.1,1004.4,84,3,1004.3,664,10,1004.2,1921,9,1004.1,2785,12,1004.0,2996,21,1004.7,130,1,1004.9,534,7,1005.0,1141,18,1005.1,1166,15,1005.2,1248,13
317,2025-11-26 11:44:47+05:30,1004.4,31,998.0,5290795,429291.0,395590.0,986.2,1006.7,981.3,986.2,120629250,1084.8,887.6,1102.5,649.1,1004.4,33,1,1004.3,536,6,1004.2,590,7,1004.1,1798,11,1004.0,3998,24,1004.7,193,2,1004.8,284,3,1004.9,738,9,1005.0,1136,18,1005.1,1107,15
317,2025-11-26 11:44:47+05:30,1004.4,31,998.0,5290795,429291.0,395590.0,986.2,1006.7,981.3,986.2,120629250,1084.8,887.6,1102.5,649.1,1004.4,33,1,1004.3,536,6,1004.2,590,7,1004.1,1798,11,1004.0,3998,24,1004.7,193,2,1004.8,284,3,1004.9,738,9,1005.0,1136,18,1005.1,1107,15
317,2025-11-26 11:44:48+05:30,1004.4,31,998.0,5290795,429291.0,395423.0,986.2,1006.7,981.3,986.2,120629250,1084.8,887.6,1102.5,649.1,1004.4,33,1,1004.3,536,6,1004.2,590,7,1004.1,2061,13,1004.0,3735,22,1004.7,130,1,1004.8,138,1,1004.9,662,8,1005.0,1254,18,1005.1,1107,15
317,2025-11-26 11:44:48+05:30,1004.7,130,998.0,5290795,429291.0,395423.0,986.2,1006.7,981.3,986.2,120629250,1084.8,887.6,1102.5,649.1,1004.4,33,1,1004.3,536,6,1004.2,590,7,1004.1,2061,13,1004.0,3735,22,1004.7,130,1,1004.8,138,1,1004.9,662,8,1005.0,1254,18,1005.1,1107,15
317,2025-11-26 11:44:49+05:30,1004.7,130,998.0,5290925,430268.0,394608.0,986.2,1006.7,981.3,986.2,120629250,1084.8,887.6,1102.5,649.1,1004.7,33,1,1004.4,311,6,1004.3,585,7,1004.2,952,8,1004.1,2160,14,1004.9,460,6,1005.0,1185,18,1005.1,902,12,1005.2,1301,15,1005.3,641,10
317,2025-11-26 11:44:50+05:30,1004.7,122,998.0,5291048,430396.0,394887.0,986.2,1006.7,981.3,986.2,120629250,1084.8,887.6,1102.5,649.1,1004.7,33,1,1004.4,281,5,1004.3,491,6,1004.2,880,7,1004.1,1811,12,1004.8,145,2,1004.9,600,9,1005.0,1146,17,1005.1,876,10,1005.2,1334,17
317,2025-11-26 11:44:50+05:30,1004.7,122,998.0,5291048,430396.0,394887.0,986.2,1006.7,981.3,986.2,120629250,1084.8,887.6,1102.5,649.1,1004.7,33,1,1004.4,281,5,1004.3,491,6,1004.2,880,7,1004.1,1811,12,1004.8,145,2,1004.9,600,9,1005.0,1146,17,1005.1,876,10,1005.2,1334,17
317,2025-11-26 11:44:51+05:30,1004.4,4,998.0,5291259,429651.0,395469.0,986.2,1006.7,981.3,986.2,120629250,1084.8,887.6,1102.5,649.1,1004.4,138,3,1004.3,382,4,1004.2,831,6,1004.1,2061,13,1004.0,3681,21,1004.8,158,2,1004.9,996,9,1005.0,1295,20,1005.1,1290,15,1005.2,790,17
317,2025-11-26 11:44:51+05:30,1004.4,4,998.0,5291259,429651.0,395469.0,986.2,1006.7,981.3,986.2,120629250,1084.8,887.6,1102.5,649.1,1004.4,138,3,1004.3,382,4,1004.2,831,6,1004.1,2061,13,1004.0,3681,21,1004.8,158,2,1004.9,996,9,1005.0,1295,20,1005.1,1290,15,1005.2,790,17
317,2025-11-26 11:44:52+05:30,1004.8,60,998.0,5291319,429895.0,395468.0,986.2,1006.7,981.3,986.2,120629250,1084.8,887.6,1102.5,649.1,1004.4,138,3,1004.3,616,6,1004.2,831,6,1004.1,2061,13,1004.0,3733,22,1004.8,147,3,1004.9,1006,10,1005.0,1344,21,1005.1,1241,14,1005.2,790,17
317,2025-11-26 11:44:52+05:30,1004.8,60,998.0,5291319,429895.0,395468.0,986.2,1006.7,981.3,986.2,120629250,1084.8,887.6,1102.5,649.1,1004.4,138,3,1004.3,616,6,1004.2,831,6,1004.1,2061,13,1004.0,3733,22,1004.8,147,3,1004.9,1006,10,1005.0,1344,21,1005.1,1241,14,1005.2,790,17
317,2025-11-26 11:44:53+05:30,1004.8,60,998.0,5291319,430042.0,395543.0,986.2,1006.7,981.3,986.2,120629250,1084.8,887.6,1102.5,649.1,1004.4,178,4,1004.3,616,6,1004.2,831,6,1004.1,2061,13,1004.0,3733,22,1004.8,147,3,1004.9,1006,10,1005.0,1344,21,1005.1,1241,14,1005.2,790,17
317,2025-11-26 11:44:54+05:30,1004.8,74,998.0,5291648,430425.0,396150.0,986.2,1006.7,981.3,986.2,120629250,1084.8,887.6,1102.5,649.1,1004.5,112,1,1004.4,138,3,1004.3,198,4,1004.2,831,6,1004.1,1981,12,1004.8,291,5,1004.9,1267,14,1005.0,1295,20,1005.1,1192,13,1005.2,790,17
317,2025-11-26 11:44:54+05:30,1004.8,74,998.0,5291648,430425.0,396150.0,986.2,1006.7,981.3,986.2,120629250,1084.8,887.6,1102.5,649.1,1004.5,112,1,1004.4,138,3,1004.3,198,4,1004.2,831,6,1004.1,1981,12,1004.8,291,5,1004.9,1267,14,1005.0,1295,20,1005.1,1192,13,1005.2,790,17
317,2025-11-26 11:44:55+05:30,1004.5,112,998.0,5291760,431923.0,396346.0,986.2,1006.7,981.3,986.2,120629250,1084.8,887.6,1102.5,649.1,1004.3,27,2,1004.2,420,4,1004.1,1704,11,1004.0,3804,20,1003.9,1740,17,1004.5,96,1,1004.8,554,6,1004.9,1027,11,1005.0,1515,24,1005.1,1192,13
317,2025-11-26 11:44:55+05:30,1004.5,112,998.0,5291760,431923.0,396346.0,986.2,1006.7,981.3,986.2,120629250,1084.8,887.6,1102.5,649.1,1004.3,27,2,1004.2,420,4,1004.1,1704,11,1004.0,3804,20,1003.9,1740,17,1004.5,96,1,1004.8,554,6,1004.9,1027,11,1005.0,1515,24,1005.1,1192,13
317,2025-11-26 11:44:56+05:30,1004.5,112,998.0,5291760,431267.0,397096.0,986.2,1006.7,981.3,986.2,120629250,1084.8,887.6,1102.5,649.1,1004.3,22,1,1004.2,985,9,1004.1,1717,12,1004.0,2935,18,1003.9,1920,14,1004.5,96,1,1004.8,555,7,1004.9,1091,12,1005.0,1515,24,1005.1,1285,15
317,2025-11-26 11:44:57+05:30,1004.3,50,998.0,5291810,426353.0,400451.0,986.2,1006.7,981.3,986.2,120629250,1084.8,887.6,1102.5,649.1,1004.1,1046,2,1004.0,1618,10,1003.9,635,5,1003.8,966,11,1003.7,1387,14,1004.5,406,5,1004.6,483,7,1004.7,1230,11,1004.8,900,14,1004.9,676,12
317,2025-11-26 11:44:57+05:30,1004.3,50,998.0,5291810,426353.0,400451.0,986.2,1006.7,981.3,986.2,120629250,1084.8,887.6,1102.5,649.1,1004.1,1046,2,1004.0,1618,10,1003.9,635,5,1003.8,966,11,1003.7,1387,14,1004.5,406,5,1004.6,483,7,1004.7,1230,11,1004.8,900,14,1004.9,676,12
317,2025-11-26 11:44:58+05:30,1004.1,40,998.0,5291972,425989.0,400466.0,986.2,1006.7,981.3,986.2,120629250,1084.8,887.6,1102.5,649.1,1004.1,884,2,1004.0,761,7,1003.9,318,3,1003.8,1216,12,1003.7,891,13,1004.4,108,2,1004.5,613,9,1004.6,557,9,1004.7,1151,9,1004.8,848,14
317,2025-11-26 11:44:58+05:30,1004.1,40,998.0,5291972,425989.0,400466.0,986.2,1006.7,981.3,986.2,120629250,1084.8,887.6,1102.5,649.1,1004.1,884,2,1004.0,761,7,1003.9,318,3,1003.8,1216,12,1003.7,891,13,1004.4,108,2,1004.5,613,9,1004.6,557,9,1004.7,1151,9,1004.8,848,14
317,2025-11-26 11:44:59+05:30,1004.1,40,998.0,5291972,425999.0,400253.0,986.2,1006.7,981.3,986.2,120629250,1084.8,887.6,1102.5,649.1,1004.1,884,2,1004.0,761,7,1003.9,318,3,1003.8,1216,12,1003.7,1389,14,1004.5,637,9,1004.6,451,7,1004.7,1160,10,1004.8,886,15,1004.9,677,13
317,2025-11-26 11:45:00+05:30,1004.3,82,998.0,5292527,425720.0,400220.0,986.2,1006.7,981.3,986.2,120629250,1084.8,887.6,1102.5,649.1,1004.1,424,3,1004.0,692,6,1003.9,380,4,1003.8,1216,12,1003.7,1389,14,1004.3,14,1,1004.5,397,6,1004.6,500,8,1004.7,1273,11,1004.8,886,15
317,2025-11-26 11:45:00+05:30,1004.1,10,998.0,5292527,425720.0,400220.0,986.2,1006.7,981.3,986.2,120629250,1084.8,887.6,1102.5,649.1,1004.1,424,3,1004.0,692,6,1003.9,380,4,1003.8,1216,12,1003.7,1389,14,1004.3,14,1,1004.5,397,6,1004.6,500,8,1004.7,1273,11,1004.8,886,15
317,2025-11-26 11:45:01+05:30,1004.1,10,998.0,5292537,425455.0,399548.0,986.2,1006.7,981.3,986.2,120629250,1084.8,887.6,1102.5,649.1,1004.1,580,4,1004.0,720,7,1003.9,1012,8,1003.8,1951,12,1003.7,865,11,1004.3,14,1,1004.5,370,5,1004.6,574,9,1004.7,1322,13,1004.8,684,14
317,2025-11-26 11:45:01+05:30,1004.1,166,998.0,5292537,425455.0,399548.0,986.2,1006.7,981.3,986.2,120629250,1084.8,887.6,1102.5,649.1,1004.1,580,4,1004.0,720,7,1003.9,1012,8,1003.8,1951,12,1003.7,865,11,1004.3,14,1,1004.5,370,5,1004.6,574,9,1004.7,1322,13,1004.8,684,14
317,2025-11-26 11:45:02+05:30,1003.8,107,998.01,5298712,423896.0,399928.0,986.2,1006.7,981.3,986.2,120629250,1084.8,887.6,1102.5,649.1,1003.6,202,3,1003.5,1297,14,1003.4,774,9,1003.3,2231,11,1003.2,2721,11,1003.8,21,1,1003.9,47,1,1004.0,114,3,1004.1,118,4,1004.2,267,5
317,2025-11-26 11:45:02+05:30,1004.0,34,998.01,5298712,423896.0,399928.0,986.2,1006.7,981.3,986.2,120629250,1084.8,887.6,1102.5,649.1,1003.6,202,3,1003.5,1297,14,1003.4,774,9,1003.3,2231,11,1003.2,2721,11,1003.8,21,1,1003.9,47,1,1004.0,114,3,1004.1,118,4,1004.2,267,5
317,2025-11-26 11:45:03+05:30,1004.1,30,998.01,5300073,426498.0,397033.0,986.2,1006.7,981.3,986.2,120629250,1084.8,887.6,1102.5,649.1,1004.1,16,1,1003.8,307,3,1003.7,1407,9,1003.6,1668,16,1003.5,1066,16,1004.3,73,3,1004.4,360,5,1004.5,950,5,1004.6,403,7,1004.7,523,8
317,2025-11-26 11:45:03+05:30,1004.1,30,998.01,5300073,426498.0,397033.0,986.2,1006.7,981.3,986.2,120629250,1084.8,887.6,1102.5,649.1,1004.1,16,1,1003.8,307,3,1003.7,1407,9,1003.6,1668,16,1003.5,1066,16,1004.3,73,3,1004.4,360,5,1004.5,950,5,1004.6,403,7,1004.7,523,8
317,2025-11-26 11:45:04+05:30,1004.1,30,998.01,5300073,426503.0,396878.0,986.2,1006.7,981.3,986.2,120629250,1084.8,887.6,1102.5,649.1,1004.1,16,1,1003.9,107,1,1003.8,412,4,1003.7,1569,11,1003.6,1668,16,1004.3,73,3,1004.4,360,5,1004.5,950,5,1004.6,403,7,1004.7,695,9
317,2025-11-26 11:45:05+05:30,1004.1,1,998.01,5300209,426172.0,397049.0,986.2,1006.7,981.3,986.2,120629250,1084.8,887.6,1102.5,649.1,1003.8,409,4,1003.7,1131,12,1003.6,1337,15,1003.5,2366,17,1003.4,1892,15,1004.1,8,1,1004.3,82,3,1004.4,236,3,1004.5,950,5,1004.6,776,12
317,2025-11-26 11:45:05+05:30,1004.1,1,998.01,5300209,426172.0,397049.0,986.2,1006.7,981.3,986.2,120629250,1084.8,887.6,1102.5,649.1,1003.8,409,4,1003.7,1131,12,1003.6,1337,15,1003.5,2366,17,1003.4,1892,15,1004.1,8,1,1004.3,82,3,1004.4,236,3,1004.5,950,5,1004.6,776,12
317,2025-11-26 11:45:06+05:30,1004.1,1,998.01,5300209,426236.0,397000.0,986.2,1006.7,981.3,986.2,120629250,1084.8,887.6,1102.5,649.1,1003.8,409,4,1003.7,1144,13,1003.6,1324,14,1003.5,2399,18,1003.4,1921,16,1004.1,8,1,1004.3,82,3,1004.4,187,2,1004.5,950,5,1004.6,776,12
317,2025-11-26 11:45:07+05:30,1004.1,5,998.01,5300214,426434.0,396845.0,986.2,1006.7,981.3,986.2,120629250,1084.8,887.6,1102.5,649.1,1003.8,409,4,1003.7,1205,17,1003.6,1531,15,1003.5,2338,14,1003.4,1903,15,1004.1,3,1,1004.3,82,3,1004.4,187,2,1004.5,950,5,1004.6,784,13
317,2025-11-26 11:45:07+05:30,1004.1,1,998.01,5300214,426434.0,396845.0,986.2,1006.7,981.3,986.2,120629250,1084.8,887.6,1102.5,649.1,1003.8,409,4,1003.7,1205,17,1003.6,1531,15,1003.5,2338,14,1003.4,1903,15,1004.1,3,1,1004.3,82,3,1004.4,187,2,1004.5,950,5,1004.6,784,13
317,2025-11-26 11:45:08+05:30,1004.0,10,998.01,5300330,418446.0,399708.0,986.2,1006.7,981.3,986.2,120629250,1084.8,887.6,1102.5,649.1,1003.7,30,1,1003.6,753,5,1003.5,709,7,1003.4,780,7,1003.3,1082,7,1004.0,37,1,1004.1,454,7,1004.2,1069,10,1004.3,624,10,1004.4,287,4
317,2025-11-26 11:45:08+05:30,1004.0,10,998.01,5300330,418446.0,399708.0,986.2,1006.7,981.3,986.2,120629250,1084.8,887.6,1102.5,649.1,1003.7,30,1,1003.6,753,5,1003.5,709,7,1003.4,780,7,1003.3,1082,7,1004.0,37,1,1004.1,454,7,1004.2,1069,10,1004.3,624,10,1004.4,287,4
317,2025-11-26 11:45:09+05:30,1004.0,90,998.01,5300420,419566.0,400326.0,986.2,1006.7,981.3,986.2,120629250,1084.8,887.6,1102.5,649.1,1003.6,925,6,1003.5,706,7,1003.4,553,8,1003.3,1295,12,1003.2,4249,20,1004.0,91,1,1004.1,291,7,1004.2,1027,7,1004.3,536,7,1004.4,285,4
317,2025-11-26 11:45:09+05:30,1004.0,1,998.01,5300420,419566.0,400326.0,986.2,1006.7,981.3,986.2,120629250,1084.8,887.6,1102.5,649.1,1003.6,925,6,1003.5,706,7,1003.4,553,8,1003.3,1295,12,1003.2,4249,20,1004.0,91,1,1004.1,291,7,1004.2,1027,7,1004.3,536,7,1004.4,285,4
317,2025-11-26 11:45:10+05:30,1003.6,3,998.01,5301297,420213.0,402368.0,986.2,1006.7,981.3,986.2,120629250,1084.8,887.6,1102.5,649.1,1003.5,2,1,1003.4,107,2,1003.3,749,7,1003.2,2072,11,1003.1,2327,17,1003.6,137,2,1003.7,36,1,1003.8,96,1,1003.9,464,4,1004.0,324,5
317,2025-11-26 11:45:10+05:30,1003.6,3,998.01,5301297,420213.0,402368.0,986.2,1006.7,981.3,986.2,120629250,1084.8,887.6,1102.5,649.1,1003.5,2,1,1003.4,107,2,1003.3,749,7,1003.2,2072,11,1003.1,2327,17,1003.6,137,2,1003.7,36,1,1003.8,96,1,1003.9,464,4,1004.0,324,5
317,2025-11-26 11:45:11+05:30,1003.6,3,998.01,5301297,420241.0,402164.0,986.2,1006.7,981.3,986.2,120629250,1084.8,887.6,1102.5,649.1,1003.5,2,1,1003.4,107,2,1003.3,749,7,1003.2,2826,12,1003.1,1601,17,1003.6,137,2,1003.7,36,1,1003.8,96,1,1003.9,464,4,1004.0,324,5
317,2025-11-26 11:45:12+05:30,1003.6,3,998.01,5301297,415572.0,404512.0,986.2,1006.7,981.3,986.2,120629250,1084.8,887.6,1102.5,649.1,1003.5,2,1,1003.4,1,1,1003.3,108,1,1003.2,837,4,1003.1,809,9,1003.6,137,2,1003.7,122,3,1003.8,853,4,1003.9,642,7,1004.0,713,10
317,2025-11-26 11:45:12+05:30,1003.2,231,998.01,5301297,415572.0,404512.0,986.2,1006.7,981.3,986.2,120629250,1084.8,887.6,1102.5,649.1,1003.5,2,1,1003.4,1,1,1003.3,108,1,1003.2,837,4,1003.1,809,9,1003.6,137,2,1003.7,122,3,1003.8,853,4,1003.9,642,7,1004.0,713,10
317,2025-11-26 11:45:13+05:30,1003.2,231,998.01,5301639,411553.0,404627.0,986.2,1006.7,981.3,986.2,120629250,1084.8,887.6,1102.5,649.1,1003.2,606,4,1003.1,240,5,1003.0,1665,11,1002.9,1508,16,1002.8,2408,13,1003.6,420,6,1003.7,510,8,1003.8,1031,7,1003.9,450,7,1004.0,825,12
317,2025-11-26 11:45:13+05:30,1003.6,2,998.01,5301639,411553.0,404627.0,986.2,1006.7,981.3,986.2,120629250,1084.8,887.6,1102.5,649.1,1003.2,606,4,1003.1,240,5,1003.0,1665,11,1002.9,1508,16,1002.8,2408,13,1003.6,420,6,1003.7,510,8,1003.8,1031,7,1003.9,450,7,1004.0,825,12
317,2025-11-26 11:45:14+05:30,1003.6,2,998.01,5301643,412962.0,404538.0,986.2,1006.7,981.3,986.2,120629250,1084.8,887.6,1102.5,649.1,1003.3,112,1,1003.2,606,4,1003.1,216,4,1003.0,1585,10,1002.9,1522,17,1003.6,359,5,1003.7,411,6,1003.8,972,7,1003.9,494,8,1004.0,885,16
317,2025-11-26 11:45:14+05:30,1003.6,2,998.01,5301643,412962.0,404538.0,986.2,1006.7,981.3,986.2,120629250,1084.8,887.6,1102.5,649.1,1003.3,112,1,1003.2,606,4,1003.1,216,4,1003.0,1585,10,1002.9,1522,17,1003.6,359,5,1003.7,411,6,1003.8,972,7,1003.9,494,8,1004.0,885,16
317,2025-11-26 11:45:15+05:30,1003.2,44,998.01,5302782,416539.0,396567.0,986.2,1006.7,981.3,986.2,120629250,1084.8,887.6,1102.5,649.1,1003.2,367,6,1003.1,1458,10,1003.0,1967,13,1002.9,1508,14,1002.8,1798,17,1003.6,38,2,1003.7,86,1,1003.8,708,2,1003.9,470,7,1004.0,650,9
317,2025-11-26 11:45:15+05:30,1003.2,44,998.01,5302782,416539.0,396567.0,986.2,1006.7,981.3,986.2,120629250,1084.8,887.6,1102.5,649.1,1003.2,367,6,1003.1,1458,10,1003.0,1967,13,1002.9,1508,14,1002.8,1798,17,1003.6,38,2,1003.7,86,1,1003.8,708,2,1003.9,470,7,1004.0,650,9
317,2025-11-26 11:45:16+05:30,1003.2,44,998.01,5302782,416680.0,395321.0,986.2,1006.7,981.3,986.2,120629250,1084.8,887.6,1102.5,649.1,1003.3,110,1,1003.2,731,9,1003.1,1168,8,1003.0,1941,11,1002.9,2223,12,1003.6,38,2,1003.8,182,2,1003.9,1004,7,1004.0,560,7,1004.1,846,12
317,2025-11-26 11:45:17+05:30,1003.2,44,998.01,5302782,418190.0,395429.0,986.2,1006.7,981.3,986.2,120629250,1084.8,887.6,1102.5,649.1,1003.3,110,1,1003.2,764,10,1003.1,1977,12,1003.0,1830,15,1002.9,1663,12,1003.6,38,2,1003.8,182,2,1003.9,1004,7,1004.0,560,7,1004.1,846,12
317,2025-11-26 11:45:18+05:30,1003.5,500,998.01,5303282,415116.0,396591.0,986.2,1006.7,981.3,986.2,120629250,1084.8,887.6,1102.5,649.1,1003.5,500,1,1003.3,174,2,1003.2,916,7,1003.1,1471,12,1003.0,2415,17,1003.6,40,4,1003.8,429,3,1003.9,1047,8,1004.0,560,7,1004.1,735,10
317,2025-11-26 11:45:18+05:30,1003.5,1,998.01,5303282,415116.0,396591.0,986.2,1006.7,981.3,986.2,120629250,1084.8,887.6,1102.5,649.1,1003.5,500,1,1003.3,174,2,1003.2,916,7,1003.1,1471,12,1003.0,2415,17,1003.6,40,4,1003.8,429,3,1003.9,1047,8,1004.0,560,7,1004.1,735,10
317,2025-11-26 11:45:19+05:30,1003.5,25,998.01,5303437,414835.0,396732.0,986.2,1006.7,981.3,986.2,120629250,1084.8,887.6,1102.5,649.1,1003.5,358,2,1003.3,174,2,1003.2,937,7,1003.1,1471,12,1003.0,2415,17,1003.6,40,4,1003.7,43,1,1003.8,472,4,1003.9,1017,8,1004.0,560,7
317,2025-11-26 11:45:19+05:30,1003.5,25,998.01,5303437,414835.0,396732.0,986.2,1006.7,981.3,986.2,120629250,1084.8,887.6,1102.5,649.1,1003.5,358,2,1003.3,174,2,1003.2,937,7,1003.1,1471,12,1003.0,2415,17,1003.6,40,4,1003.7,43,1,1003.8,472,4,1003.9,1017,8,1004.0,560,7
317,2025-11-26 11:45:20+05:30,1003.5,596,998.01,5304391,414167.0,398433.0,986.2,1006.7,981.3,986.2,120629250,1084.8,887.6,1102.5,649.1,1003.5,582,2,1003.3,110,1,1003.2,135,2,1003.1,1228,9,1003.0,2526,13,1003.6,390,9,1003.7,246,6,1003.8,521,10,1003.9,1066,9,1004.0,636,9
317,2025-11-26 11:45:20+05:30,1003.7,22,998.01,5304391,414167.0,398433.0,986.2,1006.7,981.3,986.2,120629250,1084.8,887.6,1102.5,649.1,1003.5,582,2,1003.3,110,1,1003.2,135,2,1003.1,1228,9,1003.0,2526,13,1003.6,390,9,1003.7,246,6,1003.8,521,10,1003.9,1066,9,1004.0,636,9
317,2025-11-26 11:45:21+05:30,1003.8,33,998.01,5305071,414505.0,395128.0,986.2,1006.7,981.3,986.2,120629250,1084.8,887.6,1102.5,649.1,1003.5,787,5,1003.4,174,2,1003.3,1129,6,1003.2,510,7,1003.1,880,14,1003.9,213,4,1004.0,291,5,1004.1,1060,6,1004.2,679,8,1004.3,629,9
317,2025-11-26 11:45:21+05:30,1003.8,33,998.01,5305071,414505.0,395128.0,986.2,1006.7,981.3,986.2,120629250,1084.8,887.6,1102.5,649.1,1003.5,787,5,1003.4,174,2,1003.3,1129,6,1003.2,510,7,1003.1,880,14,1003.9,213,4,1004.0,291,5,1004.1,1060,6,1004.2,679,8,1004.3,629,9
317,2025-11-26 11:45:22+05:30,1003.8,33,998.01,5305071,415645.0,400925.0,986.2,1006.7,981.3,986.2,120629250,1084.8,887.6,1102.5,649.1,1003.5,787,5,1003.4,174,2,1003.3,1129,6,1003.2,858,9,1003.1,1617,14,1003.9,213,4,1004.0,291,5,1004.1,1060,6,1004.2,679,8,1004.3,642,10
317,2025-11-26 11:45:23+05:30,1003.7,82,998.01,5305153,415189.0,402843.0,986.2,1006.7,981.3,986.2,120629250,1084.8,887.6,1102.5,649.1,1003.5,500,1,1003.4,110,1,1003.3,629,3,1003.2,1016,8,1003.1,867,13,1003.8,208,4,1003.9,497,8,1004.0,1139,12,1004.1,515,6,1004.2,850,12
317,2025-11-26 11:45:23+05:30,1003.7,82,998.01,5305153,415189.0,402843.0,986.2,1006.7,981.3,986.2,120629250,1084.8,887.6,1102.5,649.1,1003.5,500,1,1003.4,110,1,1003.3,629,3,1003.2,1016,8,1003.1,867,13,1003.8,208,4,1003.9,497,8,1004.0,1139,12,1004.1,515,6,1004.2,850,12
317,2025-11-26 11:45:24+05:30,1003.7,82,998.01,5305153,415419.0,402764.0,986.2,1006.7,981.3,986.2,120629250,1084.8,887.6,1102.5,649.1,1003.5,500,1,1003.4,174,2,1003.3,866,5,1003.2,1003,7,1003.1,880,14,1003.8,1,1,1003.9,671,9,1004.0,1075,11,1004.1,517,8,1004.2,863,13
317,2025-11-26 11:45:25+05:30,1003.5,1,998.01,5305154,414787.0,401661.0,986.2,1006.7,981.3,986.2,120629250,1084.8,887.6,1102.5,649.1,1003.5,499,1,1003.4,110,1,1003.3,175,2,1003.2,670,9,1003.1,1345,14,1003.8,127,5,1003.9,974,8,1004.0,600,10,1004.1,526,9,1004.2,665,10
317,2025-11-26 11:45:25+05:30,1003.5,1,998.01,5305154,414787.0,401661.0,986.2,1006.7,981.3,986.2,120629250,1084.8,887.6,1102.5,649.1,1003.5,499,1,1003.4,110,1,1003.3,175,2,1003.2,670,9,1003.1,1345,14,1003.8,127,5,1003.9,974,8,1004.0,600,10,1004.1,526,9,1004.2,665,10
317,2025-11-26 11:45:26+05:30,1003.5,1,998.01,5305284,414675.0,402912.0,986.2,1006.7,981.3,986.2,120629250,1084.8,887.6,1102.5,649.1,1003.5,369,1,1003.4,110,1,1003.3,110,1,1003.2,1179,7,1003.1,784,11,1003.8,91,3,1003.9,1120,10,1004.0,600,10,1004.1,524,7,1004.2,691,12
317,2025-11-26 11:45:26+05:30,1003.5,1,998.01,5305284,414675.0,402912.0,986.2,1006.7,981.3,986.2,120629250,1084.8,887.6,1102.5,649.1,1003.5,369,1,1003.4,110,1,1003.3,110,1,1003.2,1179,7,1003.1,784,11,1003.8,91,3,1003.9,1120,10,1004.0,600,10,1004.1,524,7,1004.2,691,12
317,2025-11-26 11:45:27+05:30,1003.5,200,998.01,5305494,414533.0,402309.0,986.2,1006.7,981.3,986.2,120629250,1084.8,887.6,1102.5,649.1,1003.5,169,1,1003.4,110,1,1003.3,175,2,1003.2,1179,7,1003.1,797,12,1003.8,100,3,1003.9,1007,8,1004.0,601,11,1004.1,524,7,1004.2,691,12
317,2025-11-26 11:45:27+05:30,1003.5,200,998.01,5305494,414533.0,402309.0,986.2,1006.7,981.3,986.2,120629250,1084.8,887.6,1102.5,649.1,1003.5,169,1,1003.4,110,1,1003.3,175,2,1003.2,1179,7,1003.1,797,12,1003.8,100,3,1003.9,1007,8,1004.0,601,11,1004.1,524,7,1004.2,691,12
317,2025-11-26 11:45:28+05:30,1004.2,51,998.02,5310965,422922.0,399686.0,986.2,1006.7,981.3,986.2,120629250,1084.8,887.6,1102.5,649.1,1003.7,697,7,1003.6,789,9,1003.5,1738,12,1003.4,935,10,1003.3,851,14,1004.2,5,1,1004.3,393,4,1004.4,663,7,1004.5,657,7,1004.6,530,8
317,2025-11-26 11:45:28+05:30,1004.2,5,998.02,5310965,422922.0,399686.0,986.2,1006.7,981.3,986.2,120629250,1084.8,887.6,1102.5,649.1,1003.7,697,7,1003.6,789,9,1003.5,1738,12,1003.4,935,10,1003.3,851,14,1004.2,5,1,1004.3,393,4,1004.4,663,7,1004.5,657,7,1004.6,530,8
317,2025-11-26 11:45:29+05:30,1003.7,5,998.02,5311098,422533.0,399315.0,986.2,1006.7,981.3,986.2,120629250,1084.8,887.6,1102.5,649.1,1003.7,630,6,1003.6,789,9,1003.5,1008,9,1003.4,1008,13,1003.3,1333,15,1004.3,308,4,1004.4,445,5,1004.5,697,8,1004.6,702,9,1004.7,759,12
317,2025-11-26 11:45:29+05:30,1004.3,10,998.02,5311098,422533.0,399315.0,986.2,1006.7,981.3,986.2,120629250,1084.8,887.6,1102.5,649.1,1003.7,630,6,1003.6,789,9,1003.5,1008,9,1003.4,1008,13,1003.3,1333,15,1004.3,308,4,1004.4,445,5,1004.5,697,8,1004.6,702,9,1004.7,759,12
317,2025-11-26 11:45:30+05:30,1004.0,5,998.02,5311122,422826.0,399723.0,986.2,1006.7,981.3,986.2,120629250,1084.8,887.6,1102.5,649.1,1003.7,530,7,1003.6,609,9,1003.5,1141,12,1003.4,982,11,1003.3,1442,17,1004.0,91,1,1004.2,5,1,1004.3,301,5,1004.4,552,6,1004.5,697,8
317,2025-11-26 11:45:30+05:30,1004.0,5,998.02,5311122,422826.0,399723.0,986.2,1006.7,981.3,986.2,120629250,1084.8,887.6,1102.5,649.1,1003.7,530,7,1003.6,609,9,1003.5,1141,12,1003.4,982,11,1003.3,1442,17,1004.0,91,1,1004.2,5,1,1004.3,301,5,1004.4,552,6,1004.5,697,8
317,2025-11-26 11:45:31+05:30,1004.0,5,998.02,5311122,422735.0,399801.0,986.2,1006.7,981.3,986.2,120629250,1084.8,887.6,1102.5,649.1,1003.7,531,8,1003.6,1115,9,1003.5,891,11,1003.4,1232,12,1003.3,950,15,1003.9,237,1,1004.0,91,1,1004.2,158,3,1004.3,405,6,1004.4,552,6
317,2025-11-26 11:45:32+05:30,1004.0,5,998.02,5311122,422906.0,399902.0,986.2,1006.7,981.3,986.2,120629250,1084.8,887.6,1102.5,649.1,1003.7,531,8,1003.6,587,8,1003.5,1485,13,1003.4,1232,12,1003.3,950,15,1003.9,237,1,1004.0,91,1,1004.2,158,3,1004.3,405,6,1004.4,553,7
317,2025-11-26 11:45:33+05:30,1003.9,1,998.02,5311122,422906.0,399902.0,986.2,1006.7,981.3,986.2,120629250,1084.8,887.6,1102.5,649.1,1003.7,531,8,1003.6,587,8,1003.5,1485,13,1003.4,1232,12,1003.3,950,15,1003.9,237,1,1004.0,91,1,1004.2,158,3,1004.3,405,6,1004.4,553,7
317,2025-11-26 11:45:33+05:30,1003.9,1,998.02,5311124,422831.0,399882.0,986.2,1006.7,981.3,986.2,120629250,1084.8,887.6,1102.5,649.1,1003.7,456,5,1003.6,587,8,1003.5,1485,13,1003.4,1232,12,1003.3,950,15,1003.9,235,1,1004.0,91,1,1004.2,158,3,1004.3,405,6,1004.4,585,8
317,2025-11-26 11:45:34+05:30,1003.7,100,998.02,5311124,422831.0,399882.0,986.2,1006.7,981.3,986.2,120629250,1084.8,887.6,1102.5,649.1,1003.7,456,5,1003.6,587,8,1003.5,1485,13,1003.4,1232,12,1003.3,950,15,1003.9,235,1,1004.0,91,1,1004.2,158,3,1004.3,405,6,1004.4,585,8
317,2025-11-26 11:45:34+05:30,1003.7,100,998.02,5311224,422885.0,400128.0,986.2,1006.7,981.3,986.2,120629250,1084.8,887.6,1102.5,649.1,1003.8,112,1,1003.7,184,4,1003.6,413,5,1003.5,1554,13,1003.4,1232,12,1003.9,235,1,1004.0,91,1,1004.1,116,2,1004.2,460,5,1004.3,405,6
317,2025-11-26 11:45:35+05:30,1004.0,232,998.02,5311224,422885.0,400128.0,986.2,1006.7,981.3,986.2,120629250,1084.8,887.6,1102.5,649.1,1003.8,112,1,1003.7,184,4,1003.6,413,5,1003.5,1554,13,1003.4,1232,12,1003.9,235,1,1004.0,91,1,1004.1,116,2,1004.2,460,5,1004.3,405,6
317,2025-11-26 11:45:36+05:30,1004.0,2,998.02,5314602,421092.0,400432.0,986.2,1006.7,981.3,986.2,120629250,1084.8,887.6,1102.5,649.1,1003.6,158,3,1003.5,460,5,1003.4,1508,14,1003.3,1043,15,1003.2,874,7,1004.1,241,5,1004.2,458,8,1004.3,639,9,1004.4,730,11,1004.5,456,6
317,2025-11-26 11:45:36+05:30,1004.0,2,998.02,5314602,421092.0,400432.0,986.2,1006.7,981.3,986.2,120629250,1084.8,887.6,1102.5,649.1,1003.6,158,3,1003.5,460,5,1003.4,1508,14,1003.3,1043,15,1003.2,874,7,1004.1,241,5,1004.2,458,8,1004.3,639,9,1004.4,730,11,1004.5,456,6
317,2025-11-26 11:45:37+05:30,1004.0,2,998.02,5314602,421125.0,400167.0,986.2,1006.7,981.3,986.2,120629250,1084.8,887.6,1102.5,649.1,1003.6,114,2,1003.5,509,6,1003.4,840,12,1003.3,1043,15,1003.2,1046,8,1004.1,339,6,1004.2,458,8,1004.3,509,8,1004.4,740,12,1004.5,492,9
317,2025-11-26 11:45:37+05:30,1004.1,65,998.02,5314602,421125.0,400167.0,986.2,1006.7,981.3,986.2,120629250,1084.8,887.6,1102.5,649.1,1003.6,114,2,1003.5,509,6,1003.4,840,12,1003.3,1043,15,1003.2,1046,8,1004.1,339,6,1004.2,458,8,1004.3,509,8,1004.4,740,12,1004.5,492,9
317,2025-11-26 11:45:38+05:30,1003.7,50,998.02,5314987,421957.0,399338.0,986.2,1006.7,981.3,986.2,120629250,1084.8,887.6,1102.5,649.1,1003.7,181,4,1003.6,470,8,1003.5,722,8,1003.4,1175,13,1003.3,1090,16,1004.1,32,1,1004.2,334,4,1004.3,404,5,1004.4,666,10,1004.5,554,7
317,2025-11-26 11:45:38+05:30,1003.7,50,998.02,5314987,421957.0,399338.0,986.2,1006.7,981.3,986.2,120629250,1084.8,887.6,1102.5,649.1,1003.7,181,4,1003.6,470,8,1003.5,722,8,1003.4,1175,13,1003.3,1090,16,1004.1,32,1,1004.2,334,4,1004.3,404,5,1004.4,666,10,1004.5,554,7
317,2025-11-26 11:45:39+05:30,1003.7,50,998.02,5314987,420556.0,401706.0,986.2,1006.7,981.3,986.2,120629250,1084.8,887.6,1102.5,649.1,1003.6,13,1,1003.5,306,4,1003.4,408,4,1003.3,1228,13,1003.2,1380,13,1003.9,65,1,1004.0,537,6,1004.1,551,8,1004.2,570,7,1004.3,371,5
317,2025-11-26 11:45:40+05:30,1003.7,400,998.02,5315387,420766.0,402477.0,986.2,1006.7,981.3,986.2,120629250,1084.8,887.6,1102.5,649.1,1003.6,13,1,1003.5,136,2,1003.4,175,2,1003.3,533,11,1003.2,1130,12,1003.7,96,1,1003.8,116,2,1003.9,407,5,1004.0,688,8,1004.1,475,7
317,2025-11-26 11:45:40+05:30,1003.7,400,998.02,5315387,420766.0,402477.0,986.2,1006.7,981.3,986.2,120629250,1084.8,887.6,1102.5,649.1,1003.6,13,1,1003.5,136,2,1003.4,175,2,1003.3,533,11,1003.2,1130,12,1003.7,96,1,1003.8,116,2,1003.9,407,5,1004.0,688,8,1004.1,475,7
317,2025-11-26 11:45:41+05:30,1003.7,400,998.02,5315387,421294.0,402150.0,986.2,1006.7,981.3,986.2,120629250,1084.8,887.6,1102.5,649.1,1003.6,96,2,1003.5,195,3,1003.4,374,4,1003.3,1439,14,1003.2,1196,13,1003.7,96,1,1003.8,39,1,1003.9,264,4,1004.0,537,6,1004.1,443,6
317,2025-11-26 11:45:42+05:30,1003.7,400,998.02,5315387,421323.0,402162.0,986.2,1006.7,981.3,986.2,120629250,1084.8,887.6,1102.5,649.1,1003.6,96,2,1003.5,195,3,1003.4,374,4,1003.3,1465,16,1003.2,1199,12,1003.7,96,1,1003.8,39,1,1003.9,264,4,1004.0,538,7,1004.1,443,6
317,2025-11-26 11:45:42+05:30,1003.6,2,998.02,5315387,421323.0,402162.0,986.2,1006.7,981.3,986.2,120629250,1084.8,887.6,1102.5,649.1,1003.6,96,2,1003.5,195,3,1003.4,374,4,1003.3,1465,16,1003.2,1199,12,1003.7,96,1,1003.8,39,1,1003.9,264,4,1004.0,538,7,1004.1,443,6
317,2025-11-26 11:45:43+05:30,1004.0,500,998.03,5320419,421637.0,398812.0,986.2,1006.7,981.3,986.2,120629250,1084.8,887.6,1102.5,649.1,1004.0,298,1,1003.8,109,1,1003.7,204,2,1003.6,1106,13,1003.5,754,11,1004.3,66,1,1004.4,692,10,1004.5,354,5,1004.6,465,7,1004.7,634,9
317,2025-11-26 11:45:43+05:30,1004.2,28,998.03,5320419,421637.0,398812.0,986.2,1006.7,981.3,986.2,120629250,1084.8,887.6,1102.5,649.1,1004.0,298,1,1003.8,109,1,1003.7,204,2,1003.6,1106,13,1003.5,754,11,1004.3,66,1,1004.4,692,10,1004.5,354,5,1004.6,465,7,1004.7,634,9
317,2025-11-26 11:45:44+05:30,1004.0,30,998.03,5321070,421872.0,401472.0,986.2,1006.7,981.3,986.2,120629250,1084.8,887.6,1102.5,649.1,1003.7,87,1,1003.6,190,5,1003.5,528,8,1003.4,894,11,1003.3,929,10,1004.0,4959,1,1004.1,258,4,1004.2,312,5,1004.3,530,8,1004.4,730,11
317,2025-11-26 11:45:44+05:30,1004.0,4,998.03,5321070,421872.0,401472.0,986.2,1006.7,981.3,986.2,120629250,1084.8,887.6,1102.5,649.1,1003.7,87,1,1003.6,190,5,1003.5,528,8,1003.4,894,11,1003.3,929,10,1004.0,4959,1,1004.1,258,4,1004.2,312,5,1004.3,530,8,1004.4,730,11
317,2025-11-26 11:45:45+05:30,1004.0,4,998.03,5321074,421705.0,401562.0,986.2,1006.7,981.3,986.2,120629250,1084.8,887.6,1102.5,649.1,1003.7,87,1,1003.6,190,5,1003.5,398,7,1003.4,894,11,1003.3,929,10,1004.0,5049,3,1004.1,274,4,1004.2,312,5,1004.3,531,9,1004.4,743,12
317,2025-11-26 11:45:46+05:30,1004.0,4,998.03,5321074,420986.0,401797.0,986.2,1006.7,981.3,986.2,120629250,1084.8,887.6,1102.5,649.1,1003.6,115,4,1003.5,434,7,1003.4,527,9,1003.3,929,10,1003.2,1082,9,1003.9,129,1,1004.0,5049,3,1004.1,274,4,1004.2,312,5,1004.3,531,9
317,2025-11-26 11:45:46+05:30,1004.0,111,998.03,5321074,420986.0,401797.0,986.2,1006.7,981.3,986.2,120629250,1084.8,887.6,1102.5,649.1,1003.6,115,4,1003.5,434,7,1003.4,527,9,1003.3,929,10,1003.2,1082,9,1003.9,129,1,1004.0,5049,3,1004.1,274,4,1004.2,312,5,1004.3,531,9
317,2025-11-26 11:45:47+05:30,1004.0,111,998.03,5321685,421215.0,400754.0,986.2,1006.7,981.3,986.2,120629250,1084.8,887.6,1102.5,649.1,1003.6,115,4,1003.5,664,9,1003.4,527,9,1003.3,1492,11,1003.2,1363,11,1004.0,4501,2,1004.1,340,5,1004.2,312,5,1004.3,537,9,1004.4,839,14
317,2025-11-26 11:45:48+05:30,1004.0,500,998.03,5322185,421254.0,400254.0,986.2,1006.7,981.3,986.2,120629250,1084.8,887.6,1102.5,649.1,1003.6,173,5,1003.5,664,9,1003.4,527,9,1003.3,1179,11,1003.2,941,9,1004.0,4001,2,1004.1,291,4,1004.2,312,5,1004.3,537,9,1004.4,839,14
317,2025-11-26 11:45:48+05:30,1004.0,500,998.03,5322185,421254.0,400254.0,986.2,1006.7,981.3,986.2,120629250,1084.8,887.6,1102.5,649.1,1003.6,173,5,1003.5,664,9,1003.4,527,9,1003.3,1179,11,1003.2,941,9,1004.0,4001,2,1004.1,291,4,1004.2,312,5,1004.3,537,9,1004.4,839,14
317,2025-11-26 11:45:49+05:30,1004.0,500,998.03,5322185,421234.0,400175.0,986.2,1006.7,981.3,986.2,120629250,1084.8,887.6,1102.5,649.1,1003.6,220,6,1003.5,798,13,1003.4,567,8,1003.3,1179,11,1003.2,941,9,1004.0,4001,2,1004.1,225,3,1004.2,299,5,1004.3,521,8,1004.4,829,13
317,2025-11-26 11:45:49+05:30,1003.6,101,998.03,5322185,421234.0,400175.0,986.2,1006.7,981.3,986.2,120629250,1084.8,887.6,1102.5,649.1,1003.6,220,6,1003.5,798,13,1003.4,567,8,1003.3,1179,11,1003.2,941,9,1004.0,4001,2,1004.1,225,3,1004.2,299,5,1004.3,521,8,1004.4,829,13
317,2025-11-26 11:45:50+05:30,1003.6,1,998.03,5322507,421670.0,400746.0,986.2,1006.7,981.3,986.2,120629250,1084.8,887.6,1102.5,649.1,1003.7,10,1,1003.6,227,2,1003.5,871,13,1003.4,664,12,1003.3,865,9,1003.8,96,1,1004.0,4051,3,1004.1,331,3,1004.2,567,7,1004.3,531,9
317,2025-11-26 11:45:50+05:30,1003.6,1,998.03,5322507,421670.0,400746.0,986.2,1006.7,981.3,986.2,120629250,1084.8,887.6,1102.5,649.1,1003.7,10,1,1003.6,227,2,1003.5,871,13,1003.4,664,12,1003.3,865,9,1003.8,96,1,1004.0,4051,3,1004.1,331,3,1004.2,567,7,1004.3,531,9
317,2025-11-26 11:45:51+05:30,1003.6,1,998.03,5322507,421696.0,400587.0,986.2,1006.7,981.3,986.2,120629250,1084.8,887.6,1102.5,649.1,1003.7,10,1,1003.6,227,2,1003.5,871,13,1003.4,664,12,1003.3,865,9,1003.8,96,1,1004.0,4051,3,1004.1,331,3,1004.2,567,7,1004.3,531,9
317,2025-11-26 11:45:52+05:30,1003.7,3,998.03,5322510,421543.0,400895.0,986.2,1006.7,981.3,986.2,120629250,1084.8,887.6,1102.5,649.1,1003.7,7,1,1003.6,227,2,1003.5,656,11,1003.4,565,11,1003.3,1063,11,1003.8,150,3,1004.0,4150,4,1004.1,331,3,1004.2,469,7,1004.3,531,9
317,2025-11-26 11:45:52+05:30,1003.7,3,998.03,5322510,421543.0,400895.0,986.2,1006.7,981.3,986.2,120629250,1084.8,887.6,1102.5,649.1,1003.7,7,1,1003.6,227,2,1003.5,656,11,1003.4,565,11,1003.3,1063,11,1003.8,150,3,1004.0,4150,4,1004.1,331,3,1004.2,469,7,1004.3,531,9
317,2025-11-26 11:45:53+05:30,1003.7,3,998.03,5322510,421090.0,401329.0,986.2,1006.7,981.3,986.2,120629250,1084.8,887.6,1102.5,649.1,1003.7,7,1,1003.6,227,2,1003.5,656,11,1003.4,565,11,1003.3,1063,11,1003.8,150,3,1004.0,4170,5,1004.1,331,3,1004.2,469,7,1004.3,531,9
317,2025-11-26 11:45:54+05:30,1003.8,15,998.03,5322622,420731.0,401281.0,986.2,1006.7,981.3,986.2,120629250,1084.8,887.6,1102.5,649.1,1003.7,7,1,1003.6,227,2,1003.5,597,10,1003.4,565,11,1003.3,1193,11,1003.8,134,2,1003.9,87,2,1004.0,4181,5,1004.1,406,4,1004.2,469,7
317,2025-11-26 11:45:54+05:30,1003.8,15,998.03,5322622,420731.0,401281.0,986.2,1006.7,981.3,986.2,120629250,1084.8,887.6,1102.5,649.1,1003.7,7,1,1003.6,227,2,1003.5,597,10,1003.4,565,11,1003.3,1193,11,1003.8,134,2,1003.9,87,2,1004.0,4181,5,1004.1,406,4,1004.2,469,7
317,2025-11-26 11:45:55+05:30,1003.5,19,998.03,5322738,419713.0,401654.0,986.2,1006.7,981.3,986.2,120629250,1084.8,887.6,1102.5,649.1,1003.5,189,6,1003.4,725,12,1003.3,951,10,1003.2,1082,9,1003.1,2186,17,1003.7,96,1,1003.8,38,1,1003.9,183,5,1004.0,4382,6,1004.1,554,6
317,2025-11-26 11:45:55+05:30,1003.5,19,998.03,5322738,419713.0,401654.0,986.2,1006.7,981.3,986.2,120629250,1084.8,887.6,1102.5,649.1,1003.5,189,6,1003.4,725,12,1003.3,951,10,1003.2,1082,9,1003.1,2186,17,1003.7,96,1,1003.8,38,1,1003.9,183,5,1004.0,4382,6,1004.1,554,6
317,2025-11-26 11:45:56+05:30,1003.5,19,998.03,5322738,419759.0,401501.0,986.2,1006.7,981.3,986.2,120629250,1084.8,887.6,1102.5,649.1,1003.5,206,7,1003.4,725,12,1003.3,951,10,1003.2,1321,10,1003.1,2218,18,1003.7,96,1,1003.8,38,1,1003.9,183,5,1004.0,4386,7,1004.1,555,7
317,2025-11-26 11:45:57+05:30,1003.7,1,998.03,5322739,417601.0,403248.0,986.2,1006.7,981.3,986.2,120629250,1084.8,887.6,1102.5,649.1,1003.5,135,4,1003.4,88,2,1003.3,375,4,1003.2,477,6,1003.1,1110,15,1003.7,99,2,1003.8,308,5,1003.9,522,8,1004.0,4546,9,1004.1,485,8
317,2025-11-26 11:45:57+05:30,1003.7,1,998.03,5322739,417601.0,403248.0,986.2,1006.7,981.3,986.2,120629250,1084.8,887.6,1102.5,649.1,1003.5,135,4,1003.4,88,2,1003.3,375,4,1003.2,477,6,1003.1,1110,15,1003.7,99,2,1003.8,308,5,1003.9,522,8,1004.0,4546,9,1004.1,485,8
317,2025-11-26 11:45:58+05:30,1003.7,1,998.03,5322739,417973.0,403197.0,986.2,1006.7,981.3,986.2,120629250,1084.8,887.6,1102.5,649.1,1003.5,193,6,1003.4,88,2,1003.3,302,4,1003.2,789,9,1003.1,1079,17,1003.7,99,2,1003.8,130,2,1003.9,621,9,1004.0,4546,9,1004.1,485,8
317,2025-11-26 11:45:59+05:30,1003.7,1,998.03,5322740,417990.0,403596.0,986.2,1006.7,981.3,986.2,120629250,1084.8,887.6,1102.5,649.1,1003.5,193,6,1003.4,88,2,1003.3,523,6,1003.2,815,11,1003.1,1034,15,1003.7,98,2,1003.8,130,2,1003.9,522,8,1004.0,4645,10,1004.1,485,8
317,2025-11-26 11:45:59+05:30,1003.7,1,998.03,5322740,417990.0,403596.0,986.2,1006.7,981.3,986.2,120629250,1084.8,887.6,1102.5,649.1,1003.5,193,6,1003.4,88,2,1003.3,523,6,1003.2,815,11,1003.1,1034,15,1003.7,98,2,1003.8,130,2,1003.9,522,8,1004.0,4645,10,1004.1,485,8
317,2025-11-26 11:46:00+05:30,1003.4,8,998.03,5323251,417035.0,403661.0,986.2,1006.7,981.3,986.2,120629250,1084.8,887.6,1102.5,649.1,1003.4,103,2,1003.3,384,6,1003.2,510,7,1003.1,1034,16,1003.0,1999,16,1003.5,96,1,1003.6,96,1,1003.7,4,1,1003.8,240,2,1003.9,359,6
317,2025-11-26 11:46:00+05:30,1003.4,8,998.03,5323251,417035.0,403661.0,986.2,1006.7,981.3,986.2,120629250,1084.8,887.6,1102.5,649.1,1003.4,103,2,1003.3,384,6,1003.2,510,7,1003.1,1034,16,1003.0,1999,16,1003.5,96,1,1003.6,96,1,1003.7,4,1,1003.8,240,2,1003.9,359,6
317,2025-11-26 11:46:01+05:30,1003.4,79,998.03,5323351,416896.0,403336.0,986.2,1006.7,981.3,986.2,120629250,1084.8,887.6,1102.5,649.1,1003.4,32,2,1003.3,294,5,1003.2,665,7,1003.1,1007,19,1003.0,1664,14,1003.5,121,2,1003.6,96,1,1003.7,4,1,1003.8,240,2,1003.9,359,6
317,2025-11-26 11:46:01+05:30,1003.4,79,998.03,5323351,416896.0,403336.0,986.2,1006.7,981.3,986.2,120629250,1084.8,887.6,1102.5,649.1,1003.4,32,2,1003.3,294,5,1003.2,665,7,1003.1,1007,19,1003.0,1664,14,1003.5,121,2,1003.6,96,1,1003.7,4,1,1003.8,240,2,1003.9,359,6
317,2025-11-26 11:46:02+05:30,1003.5,1,998.03,5323367,416896.0,403160.0,986.2,1006.7,981.3,986.2,120629250,1084.8,887.6,1102.5,649.1,1003.4,32,2,1003.3,294,5,1003.2,665,7,1003.1,1007,19,1003.0,1664,14,1003.5,105,2,1003.6,96,1,1003.7,4,1,1003.8,240,2,1003.9,370,7
317,2025-11-26 11:46:02+05:30,1003.5,1,998.03,5323367,416896.0,403160.0,986.2,1006.7,981.3,986.2,120629250,1084.8,887.6,1102.5,649.1,1003.4,32,2,1003.3,294,5,1003.2,665,7,1003.1,1007,19,1003.0,1664,14,1003.5,105,2,1003.6,96,1,1003.7,4,1,1003.8,240,2,1003.9,370,7
317,2025-11-26 11:46:03+05:30,1003.5,1,998.03,5323368,417067.0,403231.0,986.2,1006.7,981.3,986.2,120629250,1084.8,887.6,1102.5,649.1,1003.4,32,2,1003.3,294,5,1003.2,826,7,1003.1,917,18,1003.0,1754,15,1003.5,172,3,1003.6,146,2,1003.7,4,1,1003.8,240,2,1003.9,324,6
317,2025-11-26 11:46:03+05:30,1003.4,21,998.03,5323368,417067.0,403231.0,986.2,1006.7,981.3,986.2,120629250,1084.8,887.6,1102.5,649.1,1003.4,32,2,1003.3,294,5,1003.2,826,7,1003.1,917,18,1003.0,1754,15,1003.5,172,3,1003.6,146,2,1003.7,4,1,1003.8,240,2,1003.9,324,6
317,2025-11-26 11:46:04+05:30,1003.4,21,998.03,5323392,417019.0,403231.0,986.2,1006.7,981.3,986.2,120629250,1084.8,887.6,1102.5,649.1,1003.4,8,1,1003.3,294,5,1003.2,826,7,1003.1,893,17,1003.0,1754,15,1003.5,172,3,1003.6,146,2,1003.7,4,1,1003.8,240,2,1003.9,324,6
317,2025-11-26 11:46:06+05:30,1003.4,21,998.03,5323392,416150.0,405160.0,986.2,1006.7,981.3,986.2,120629250,1084.8,887.6,1102.5,649.1,1003.3,30,1,1003.2,335,6,1003.1,878,8,1003.0,1315,13,1002.9,1031,12,1003.4,175,2,1003.5,93,2,1003.6,132,3,1003.7,308,3,1003.8,641,6
317,2025-11-26 11:46:07+05:30,1003.4,21,998.03,5323392,416284.0,404969.0,986.2,1006.7,981.3,986.2,120629250,1084.8,887.6,1102.5,649.1,1003.3,30,1,1003.2,245,5,1003.1,878,8,1003.0,1510,21,1002.9,1031,12,1003.4,176,3,1003.5,93,2,1003.6,132,3,1003.7,308,3,1003.8,641,6
317,2025-11-26 11:46:08+05:30,1003.4,24,998.03,5323592,416185.0,404532.0,986.2,1006.7,981.3,986.2,120629250,1084.8,887.6,1102.5,649.1,1003.3,30,1,1003.2,343,6,1003.1,994,11,1003.0,1283,16,1002.9,1121,13,1003.4,168,2,1003.5,179,4,1003.6,5,1,1003.7,222,3,1003.8,392,6
317,2025-11-26 11:46:08+05:30,1003.4,24,998.03,5323592,416185.0,404532.0,986.2,1006.7,981.3,986.2,120629250,1084.8,887.6,1102.5,649.1,1003.3,30,1,1003.2,343,6,1003.1,994,11,1003.0,1283,16,1002.9,1121,13,1003.4,168,2,1003.5,179,4,1003.6,5,1,1003.7,222,3,1003.8,392,6
317,2025-11-26 11:46:09+05:30,1003.4,24,998.03,5323592,416234.0,404574.0,986.2,1006.7,981.3,986.2,120629250,1084.8,887.6,1102.5,649.1,1003.3,31,2,1003.2,343,6,1003.1,1084,12,1003.0,1308,17,1002.9,1054,13,1003.4,168,2,1003.5,179,4,1003.6,5,1,1003.7,132,2,1003.8,392,6
317,2025-11-26 11:46:10+05:30,1003.2,3,998.03,5323626,416501.0,404973.0,986.2,1006.7,981.3,986.2,120629250,1084.8,887.6,1102.5,649.1,1003.2,172,4,1003.1,594,8,1003.0,1609,21,1002.9,1054,13,1002.8,984,11,1003.3,233,3,1003.5,179,4,1003.6,5,1,1003.7,142,3,1003.8,567,6
317,2025-11-26 11:46:10+05:30,1003.2,20,998.03,5323626,416501.0,404973.0,986.2,1006.7,981.3,986.2,120629250,1084.8,887.6,1102.5,649.1,1003.2,172,4,1003.1,594,8,1003.0,1609,21,1002.9,1054,13,1002.8,984,11,1003.3,233,3,1003.5,179,4,1003.6,5,1,1003.7,142,3,1003.8,567,6
317,2025-11-26 11:46:11+05:30,1003.2,20,998.03,5323676,416991.0,404802.0,986.2,1006.7,981.3,986.2,120629250,1084.8,887.6,1102.5,649.1,1003.2,192,5,1003.1,681,9,1003.0,1522,20,1002.9,1084,14,1002.8,1734,12,1003.3,239,4,1003.4,3,1,1003.5,179,4,1003.6,5,1,1003.7,132,2
317,2025-11-26 11:46:11+05:30,1003.3,10,998.03,5323676,416991.0,404802.0,986.2,1006.7,981.3,986.2,120629250,1084.8,887.6,1102.5,649.1,1003.2,192,5,1003.1,681,9,1003.0,1522,20,1002.9,1084,14,1002.8,1734,12,1003.3,239,4,1003.4,3,1,1003.5,179,4,1003.6,5,1,1003.7,132,2
317,2025-11-26 11:46:12+05:30,1003.3,20,998.03,5323761,417030.0,405560.0,986.2,1006.7,981.3,986.2,120629250,1084.8,887.6,1102.5,649.1,1003.2,150,4,1003.1,684,10,1003.0,1522,20,1002.9,1084,14,1002.8,1496,12,1003.3,250,4,1003.4,3,1,1003.5,179,4,1003.7,132,2,1003.8,567,6
317,2025-11-26 11:46:12+05:30,1003.3,20,998.03,5323761,417030.0,405560.0,986.2,1006.7,981.3,986.2,120629250,1084.8,887.6,1102.5,649.1,1003.2,150,4,1003.1,684,10,1003.0,1522,20,1002.9,1084,14,1002.8,1496,12,1003.3,250,4,1003.4,3,1,1003.5,179,4,1003.7,132,2,1003.8,567,6
317,2025-11-26 11:46:13+05:30,1003.3,20,998.03,5323761,417101.0,405615.0,986.2,1006.7,981.3,986.2,120629250,1084.8,887.6,1102.5,649.1,1003.2,192,5,1003.1,710,12,1003.0,1496,18,1002.9,1084,14,1002.8,1524,13,1003.3,335,5,1003.4,123,3,1003.5,93,2,1003.7,132,2,1003.8,577,7
317,2025-11-26 11:46:13+05:30,1003.3,3,998.03,5323761,417101.0,405615.0,986.2,1006.7,981.3,986.2,120629250,1084.8,887.6,1102.5,649.1,1003.2,192,5,1003.1,710,12,1003.0,1496,18,1002.9,1084,14,1002.8,1524,13,1003.3,335,5,1003.4,123,3,1003.5,93,2,1003.7,132,2,1003.8,577,7
317,2025-11-26 11:46:14+05:30,1003.3,63,998.03,5323883,417094.0,405597.0,986.2,1006.7,981.3,986.2,120629250,1084.8,887.6,1102.5,649.1,1003.2,185,5,1003.1,710,12,1003.0,1496,18,1002.9,1084,14,1002.8,1524,13,1003.3,316,5,1003.4,123,3,1003.5,93,2,1003.7,132,2,1003.8,578,8
317,2025-11-26 11:46:14+05:30,1003.3,63,998.03,5323883,417094.0,405597.0,986.2,1006.7,981.3,986.2,120629250,1084.8,887.6,1102.5,649.1,1003.2,185,5,1003.1,710,12,1003.0,1496,18,1002.9,1084,14,1002.8,1524,13,1003.3,316,5,1003.4,123,3,1003.5,93,2,1003.7,132,2,1003.8,578,8
317,2025-11-26 11:46:15+05:30,1003.9,70,998.04,5329100,425069.0,397416.0,986.2,1006.7,981.3,986.2,120629250,1084.8,887.6,1102.5,649.1,1003.7,246,4,1003.6,878,8,1003.5,491,8,1003.4,984,11,1003.3,1300,18,1004.0,3249,4,1004.2,257,2,1004.3,260,4,1004.4,543,8,1004.5,588,8
317,2025-11-26 11:46:15+05:30,1003.9,70,998.04,5329100,425069.0,397416.0,986.2,1006.7,981.3,986.2,120629250,1084.8,887.6,1102.5,649.1,1003.7,246,4,1003.6,878,8,1003.5,491,8,1003.4,984,11,1003.3,1300,18,1004.0,3249,4,1004.2,257,2,1004.3,260,4,1004.4,543,8,1004.5,588,8
317,2025-11-26 11:46:16+05:30,1004.5,5,998.04,5332375,427659.0,390363.0,986.2,1006.7,981.3,986.2,120629250,1084.8,887.6,1102.5,649.1,1004.0,358,6,1003.9,816,7,1003.8,1095,11,1003.7,1054,18,1003.6,1833,16,1004.5,95,1,1004.6,10,2,1004.7,428,4,1004.8,513,7,1004.9,842,17
317,2025-11-26 11:46:16+05:30,1004.1,4,998.04,5332375,427659.0,390363.0,986.2,1006.7,981.3,986.2,120629250,1084.8,887.6,1102.5,649.1,1004.0,358,6,1003.9,816,7,1003.8,1095,11,1003.7,1054,18,1003.6,1833,16,1004.5,95,1,1004.6,10,2,1004.7,428,4,1004.8,513,7,1004.9,842,17
317,2025-11-26 11:46:17+05:30,1004.1,4,998.04,5332383,427427.0,392013.0,986.2,1006.7,981.3,986.2,120629250,1084.8,887.6,1102.5,649.1,1004.0,543,10,1003.9,992,8,1003.8,1008,10,1003.7,1098,20,1003.6,1312,13,1004.1,4,1,1004.5,95,1,1004.6,213,4,1004.7,501,5,1004.8,480,6
317,2025-11-26 11:46:17+05:30,1004.1,28,998.04,5332383,427427.0,392013.0,986.2,1006.7,981.3,986.2,120629250,1084.8,887.6,1102.5,649.1,1004.0,543,10,1003.9,992,8,1003.8,1008,10,1003.7,1098,20,1003.6,1312,13,1004.1,4,1,1004.5,95,1,1004.6,213,4,1004.7,501,5,1004.8,480,6
317,2025-11-26 11:46:18+05:30,1004.1,1,998.04,5332883,424543.0,391117.0,986.2,1006.7,981.3,986.2,120629250,1084.8,887.6,1102.5,649.1,1004.1,129,2,1004.0,327,7,1003.9,815,9,1003.8,578,6,1003.7,848,13,1004.4,6,1,1004.6,190,4,1004.7,449,5,1004.8,482,7,1004.9,651,12
317,2025-11-26 11:46:18+05:30,1004.1,1,998.04,5332883,424543.0,391117.0,986.2,1006.7,981.3,986.2,120629250,1084.8,887.6,1102.5,649.1,1004.1,129,2,1004.0,327,7,1003.9,815,9,1003.8,578,6,1003.7,848,13,1004.4,6,1,1004.6,190,4,1004.7,449,5,1004.8,482,7,1004.9,651,12
317,2025-11-26 11:46:19+05:30,1004.1,1,998.04,5332883,425454.0,390930.0,986.2,1006.7,981.3,986.2,120629250,1084.8,887.6,1102.5,649.1,1004.1,269,5,1004.0,284,5,1003.9,815,9,1003.8,578,6,1003.7,1403,13,1004.4,6,1,1004.6,141,3,1004.7,362,4,1004.8,569,8,1004.9,652,13
317,2025-11-26 11:46:20+05:30,1004.1,1,998.04,5332883,425678.0,391739.0,986.2,1006.7,981.3,986.2,120629250,1084.8,887.6,1102.5,649.1,1004.1,165,4,1004.0,287,5,1003.9,815,9,1003.8,604,7,1003.7,1098,14,1004.2,96,1,1004.4,7,2,1004.6,343,4,1004.7,362,4,1004.8,579,9
317,2025-11-26 11:46:21+05:30,1004.1,1,998.04,5332883,426203.0,391386.0,986.2,1006.7,981.3,986.2,120629250,1084.8,887.6,1102.5,649.1,1004.1,201,4,1004.0,370,5,1003.9,815,9,1003.8,604,7,1003.7,1098,14,1004.2,96,1,1004.4,7,2,1004.6,267,3,1004.7,236,3,1004.8,640,9
317,2025-11-26 11:46:22+05:30,1004.1,1,998.04,5332883,426745.0,391339.0,986.2,1006.7,981.3,986.2,120629250,1084.8,887.6,1102.5,649.1,1004.1,201,4,1004.0,370,5,1003.9,815,9,1003.8,903,8,1003.7,1098,14,1004.2,96,1,1004.4,7,2,1004.6,267,3,1004.7,236,3,1004.8,650,10
317,2025-11-26 11:46:23+05:30,1004.1,1,998.04,5332883,426989.0,391481.0,986.2,1006.7,981.3,986.2,120629250,1084.8,887.6,1102.5,649.1,1004.1,202,5,1004.0,370,5,1003.9,815,9,1003.8,903,8,1003.7,1098,14,1004.2,238,2,1004.4,7,2,1004.6,267,3,1004.7,236,3,1004.8,650,10
317,2025-11-26 11:46:24+05:30,1004.1,10,998.04,5332900,426767.0,391804.0,986.2,1006.7,981.3,986.2,120629250,1084.8,887.6,1102.5,649.1,1004.1,116,4,1004.0,244,4,1003.9,815,9,1003.8,903,8,1003.7,1098,14,1004.2,231,2,1004.3,45,1,1004.4,7,2,1004.6,267,3,1004.7,307,4
317,2025-11-26 11:46:24+05:30,1004.1,10,998.04,5332900,426767.0,391804.0,986.2,1006.7,981.3,986.2,120629250,1084.8,887.6,1102.5,649.1,1004.1,116,4,1004.0,244,4,1003.9,815,9,1003.8,903,8,1003.7,1098,14,1004.2,231,2,1004.3,45,1,1004.4,7,2,1004.6,267,3,1004.7,307,4
317,2025-11-26 11:46:25+05:30,1004.1,1,998.04,5333016,426206.0,392647.0,986.2,1006.7,981.3,986.2,120629250,1084.8,887.6,1102.5,649.1,1004.0,644,4,1003.9,475,6,1003.8,909,8,1003.7,876,14,1003.6,1481,19,1004.1,95,1,1004.2,142,1,1004.3,45,1,1004.4,7,2,1004.6,498,6
317,2025-11-26 11:46:25+05:30,1004.1,1,998.04,5333016,426206.0,392647.0,986.2,1006.7,981.3,986.2,120629250,1084.8,887.6,1102.5,649.1,1004.0,644,4,1003.9,475,6,1003.8,909,8,1003.7,876,14,1003.6,1481,19,1004.1,95,1,1004.2,142,1,1004.3,45,1,1004.4,7,2,1004.6,498,6
317,2025-11-26 11:46:26+05:30,1004.1,1,998.04,5333016,426206.0,392647.0,986.2,1006.7,981.3,986.2,120629250,1084.8,887.6,1102.5,649.1,1004.0,644,4,1003.9,475,6,1003.8,909,8,1003.7,876,14,1003.6,1481,19,1004.1,95,1,1004.2,142,1,1004.3,45,1,1004.4,7,2,1004.6,498,6
317,2025-11-26 11:46:26+05:30,1004.1,1,998.04,5333016,424415.0,395092.0,986.2,1006.7,981.3,986.2,120629250,1084.8,887.6,1102.5,649.1,1004.0,500,1,1003.9,170,3,1003.8,336,3,1003.7,707,5,1003.6,565,7,1004.1,100,2,1004.2,142,1,1004.3,333,5,1004.4,287,6,1004.5,338,5
317,2025-11-26 11:46:27+05:30,1004.1,1,998.04,5333016,424415.0,395092.0,986.2,1006.7,981.3,986.2,120629250,1084.8,887.6,1102.5,649.1,1004.0,500,1,1003.9,170,3,1003.8,336,3,1003.7,707,5,1003.6,565,7,1004.1,100,2,1004.2,142,1,1004.3,333,5,1004.4,287,6,1004.5,338,5
317,2025-11-26 11:46:27+05:30,1004.1,1,998.04,5333016,424921.0,395132.0,986.2,1006.7,981.3,986.2,120629250,1084.8,887.6,1102.5,649.1,1004.0,500,1,1003.9,170,3,1003.8,336,3,1003.7,751,5,1003.6,591,9,1004.1,100,2,1004.2,142,1,1004.3,273,4,1004.4,287,6,1004.5,438,6
317,2025-11-26 11:46:28+05:30,1004.1,1,998.04,5333016,424921.0,395132.0,986.2,1006.7,981.3,986.2,120629250,1084.8,887.6,1102.5,649.1,1004.0,500,1,1003.9,170,3,1003.8,336,3,1003.7,751,5,1003.6,591,9,1004.1,100,2,1004.2,142,1,1004.3,273,4,1004.4,287,6,1004.5,438,6
317,2025-11-26 11:46:28+05:30,1004.1,1,998.04,5333016,424941.0,395132.0,986.2,1006.7,981.3,986.2,120629250,1084.8,887.6,1102.5,649.1,1004.0,500,1,1003.9,170,3,1003.8,336,3,1003.7,773,6,1003.6,591,9,1004.1,100,2,1004.2,142,1,1004.3,273,4,1004.4,287,6,1004.5,438,6
317,2025-11-26 11:46:28+05:30,1004.1,1,998.04,5333016,424941.0,395132.0,986.2,1006.7,981.3,986.2,120629250,1084.8,887.6,1102.5,649.1,1004.0,500,1,1003.9,170,3,1003.8,336,3,1003.7,773,6,1003.6,591,9,1004.1,100,2,1004.2,142,1,1004.3,273,4,1004.4,287,6,1004.5,438,6
317,2025-11-26 11:46:29+05:30,1004.1,1,998.04,5333016,424941.0,395132.0,986.2,1006.7,981.3,986.2,120629250,1084.8,887.6,1102.5,649.1,1004.0,500,1,1003.9,170,3,1003.8,336,3,1003.7,773,6,1003.6,591,9,1004.1,100,2,1004.2,142,1,1004.3,273,4,1004.4,287,6,1004.5,438,6
317,2025-11-26 11:46:29+05:30,1004.1,1,998.04,5333016,424616.0,395099.0,986.2,1006.7,981.3,986.2,120629250,1084.8,887.6,1102.5,649.1,1004.0,501,2,1003.9,170,3,1003.8,461,5,1003.7,979,8,1003.6,927,12,1004.1,130,3,1004.2,142,1,1004.3,118,3,1004.4,367,7,1004.5,509,7
317,2025-11-26 11:46:29+05:30,1004.1,1,998.04,5333016,424616.0,395099.0,986.2,1006.7,981.3,986.2,120629250,1084.8,887.6,1102.5,649.1,1004.0,501,2,1003.9,170,3,1003.8,461,5,1003.7,979,8,1003.6,927,12,1004.1,130,3,1004.2,142,1,1004.3,118,3,1004.4,367,7,1004.5,509,7
317,2025-11-26 11:46:30+05:30,1004.1,1,998.04,5333016,424616.0,395099.0,986.2,1006.7,981.3,986.2,120629250,1084.8,887.6,1102.5,649.1,1004.0,501,2,1003.9,170,3,1003.8,461,5,1003.7,979,8,1003.6,927,12,1004.1,130,3,1004.2,142,1,1004.3,118,3,1004.4,367,7,1004.5,509,7
317,2025-11-26 11:46:30+05:30,1004.1,1,998.04,5333016,424616.0,395099.0,986.2,1006.7,981.3,986.2,120618750,1084.8,887.6,1102.5,649.1,1004.0,501,2,1003.9,170,3,1003.8,461,5,1003.7,979,8,1003.6,927,12,1004.1,130,3,1004.2,142,1,1004.3,118,3,1004.4,367,7,1004.5,509,7
317,2025-11-26 11:46:30+05:30,1004.0,832,998.05,5334809,424129.0,395211.0,986.2,1006.7,981.3,986.2,120618750,1084.8,887.6,1102.5,649.1,1004.0,500,1,1003.9,80,2,1003.8,293,4,1003.7,1015,8,1003.6,716,12,1004.1,35,2,1004.2,142,1,1004.3,190,4,1004.4,318,6,1004.5,429,6
317,2025-11-26 11:46:30+05:30,1004.0,832,998.05,5334809,424129.0,395211.0,986.2,1006.7,981.3,986.2,120618750,1084.8,887.6,1102.5,649.1,1004.0,500,1,1003.9,80,2,1003.8,293,4,1003.7,1015,8,1003.6,716,12,1004.1,35,2,1004.2,142,1,1004.3,190,4,1004.4,318,6,1004.5,429,6
317,2025-11-26 11:46:30+05:30,1004.0,832,998.05,5334809,424129.0,395211.0,986.2,1006.7,981.3,986.2,120618750,1084.8,887.6,1102.5,649.1,1004.0,500,1,1003.9,80,2,1003.8,293,4,1003.7,1015,8,1003.6,716,12,1004.1,35,2,1004.2,142,1,1004.3,190,4,1004.4,318,6,1004.5,429,6
317,2025-11-26 11:46:31+05:30,1004.0,832,998.05,5334809,424129.0,395211.0,986.2,1006.7,981.3,986.2,120618750,1084.8,887.6,1102.5,649.1,1004.0,500,1,1003.9,80,2,1003.8,293,4,1003.7,1015,8,1003.6,716,12,1004.1,35,2,1004.2,142,1,1004.3,190,4,1004.4,318,6,1004.5,429,6
317,2025-11-26 11:46:31+05:30,1004.1,96,998.05,5334960,424466.0,394283.0,986.2,1006.7,981.3,986.2,120618750,1084.8,887.6,1102.5,649.1,1004.0,563,4,1003.9,243,5,1003.8,549,7,1003.7,1015,8,1003.6,1088,15,1004.1,46,1,1004.2,182,2,1004.3,5,1,1004.4,7,2,1004.5,121,3
317,2025-11-26 11:46:31+05:30,1004.1,96,998.05,5334960,424466.0,394283.0,986.2,1006.7,981.3,986.2,120618750,1084.8,887.6,1102.5,649.1,1004.0,563,4,1003.9,243,5,1003.8,549,7,1003.7,1015,8,1003.6,1088,15,1004.1,46,1,1004.2,182,2,1004.3,5,1,1004.4,7,2,1004.5,121,3
317,2025-11-26 11:46:32+05:30,1004.1,96,998.05,5334960,424466.0,394325.0,986.2,1006.7,981.3,986.2,120618750,1084.8,887.6,1102.5,649.1,1004.0,563,4,1003.9,243,5,1003.8,549,7,1003.7,1015,8,1003.6,1088,15,1004.1,46,1,1004.2,182,2,1004.3,5,1,1004.4,7,2,1004.5,121,3
317,2025-11-26 11:46:33+05:30,1004.1,96,998.05,5334960,424896.0,393697.0,986.2,1006.7,981.3,986.2,120618750,1084.8,887.6,1102.5,649.1,1004.0,617,6,1003.9,391,7,1003.8,534,7,1003.7,1042,9,1003.6,1312,19,1004.1,46,1,1004.2,182,2,1004.4,7,2,1004.5,120,2,1004.6,447,6
317,2025-11-26 11:46:34+05:30,1004.1,46,998.05,5335006,425220.0,393861.0,986.2,1006.7,981.3,986.2,120618750,1084.8,887.6,1102.5,649.1,1004.1,112,3,1004.0,617,6,1003.9,339,7,1003.8,498,6,1003.7,1041,10,1004.2,182,2,1004.4,7,2,1004.5,71,1,1004.6,452,7,1004.7,581,10
317,2025-11-26 11:46:34+05:30,1004.1,46,998.05,5335006,425220.0,393861.0,986.2,1006.7,981.3,986.2,120618750,1084.8,887.6,1102.5,649.1,1004.1,112,3,1004.0,617,6,1003.9,339,7,1003.8,498,6,1003.7,1041,10,1004.2,182,2,1004.4,7,2,1004.5,71,1,1004.6,452,7,1004.7,581,10
317,2025-11-26 11:46:35+05:30,1004.1,46,998.05,5335006,425242.0,394065.0,986.2,1006.7,981.3,986.2,120618750,1084.8,887.6,1102.5,649.1,1004.1,125,4,1004.0,604,5,1003.9,339,7,1003.8,498,6,1003.7,1041,10,1004.2,183,3,1004.4,7,2,1004.5,71,1,1004.6,453,8,1004.7,581,10
317,2025-11-26 11:46:36+05:30,1004.1,1,998.05,5335007,425241.0,394065.0,986.2,1006.7,981.3,986.2,120618750,1084.8,887.6,1102.5,649.1,1004.1,124,4,1004.0,604,5,1003.9,339,7,1003.8,498,6,1003.7,1041,10,1004.2,183,3,1004.4,7,2,1004.5,71,1,1004.6,453,8,1004.7,581,10
317,2025-11-26 11:46:36+05:30,1004.2,67,998.05,5335007,425241.0,394065.0,986.2,1006.7,981.3,986.2,120618750,1084.8,887.6,1102.5,649.1,1004.1,124,4,1004.0,604,5,1003.9,339,7,1003.8,498,6,1003.7,1041,10,1004.2,183,3,1004.4,7,2,1004.5,71,1,1004.6,453,8,1004.7,581,10
317,2025-11-26 11:46:37+05:30,1004.1,1,998.05,5335258,425112.0,393766.0,986.2,1006.7,981.3,986.2,120618750,1084.8,887.6,1102.5,649.1,1004.1,123,4,1004.0,814,7,1003.9,379,8,1003.8,498,6,1003.7,1087,9,1004.4,7,2,1004.5,72,1,1004.6,382,8,1004.7,581,10,1004.8,631,12
317,2025-11-26 11:46:37+05:30,1004.1,1,998.05,5335258,425112.0,393766.0,986.2,1006.7,981.3,986.2,120618750,1084.8,887.6,1102.5,649.1,1004.1,123,4,1004.0,814,7,1003.9,379,8,1003.8,498,6,1003.7,1087,9,1004.4,7,2,1004.5,72,1,1004.6,382,8,1004.7,581,10,1004.8,631,12
317,2025-11-26 11:46:38+05:30,1004.1,1,998.05,5335258,425112.0,393866.0,986.2,1006.7,981.3,986.2,120618750,1084.8,887.6,1102.5,649.1,1004.1,123,4,1004.0,814,7,1003.9,379,8,1003.8,498,6,1003.7,1087,9,1004.4,7,2,1004.5,72,1,1004.6,382,8,1004.7,581,10,1004.8,631,12
317,2025-11-26 11:46:39+05:30,1004.1,1,998.05,5335258,425135.0,394003.0,986.2,1006.7,981.3,986.2,120618750,1084.8,887.6,1102.5,649.1,1004.1,123,4,1004.0,814,7,1003.9,379,8,1003.8,498,6,1003.7,1087,9,1004.4,72,3,1004.5,144,2,1004.6,381,7,1004.7,582,11,1004.8,631,12
317,2025-11-26 11:46:40+05:30,1004.1,1,998.05,5335258,424403.0,394149.0,986.2,1006.7,981.3,986.2,120618750,1084.8,887.6,1102.5,649.1,1004.1,205,5,1004.0,563,4,1003.9,330,7,1003.8,522,6,1003.7,678,7,1004.2,96,1,1004.3,44,1,1004.4,72,3,1004.5,195,3,1004.6,414,7
317,2025-11-26 11:46:41+05:30,1004.1,1,998.05,5335258,424683.0,394068.0,986.2,1006.7,981.3,986.2,120618750,1084.8,887.6,1102.5,649.1,1004.1,205,5,1004.0,563,4,1003.9,377,7,1003.8,571,7,1003.7,678,7,1004.2,96,1,1004.3,44,1,1004.4,72,3,1004.5,195,3,1004.6,334,6
317,2025-11-26 11:46:42+05:30,1004.1,1,998.05,5335258,424683.0,394401.0,986.2,1006.7,981.3,986.2,120618750,1084.8,887.6,1102.5,649.1,1004.1,205,5,1004.0,563,4,1003.9,328,6,1003.8,571,7,1003.7,678,7,1004.2,96,1,1004.3,44,1,1004.4,72,3,1004.5,123,2,1004.6,335,7
317,2025-11-26 11:46:43+05:30,1004.1,26,998.05,5335358,424823.0,395875.0,986.2,1006.7,981.3,986.2,120618750,1084.8,887.6,1102.5,649.1,1004.1,105,3,1004.0,533,3,1003.9,252,5,1003.8,498,6,1003.7,1081,8,1004.2,96,1,1004.3,44,1,1004.4,400,8,1004.5,338,5,1004.6,601,12
317,2025-11-26 11:46:43+05:30,1004.2,2,998.05,5335358,424823.0,395875.0,986.2,1006.7,981.3,986.2,120618750,1084.8,887.6,1102.5,649.1,1004.1,105,3,1004.0,533,3,1003.9,252,5,1003.8,498,6,1003.7,1081,8,1004.2,96,1,1004.3,44,1,1004.4,400,8,1004.5,338,5,1004.6,601,12
317,2025-11-26 11:46:44+05:30,1004.2,2,998.05,5335360,424823.0,395153.0,986.2,1006.7,981.3,986.2,120618750,1084.8,887.6,1102.5,649.1,1004.1,105,3,1004.0,533,3,1003.9,252,5,1003.8,498,6,1003.7,1081,8,1004.2,94,1,1004.3,44,1,1004.4,400,8,1004.5,327,5,1004.6,552,9
317,2025-11-26 11:46:45+05:30,1004.1,82,998.05,5335465,424098.0,395112.0,986.2,1006.7,981.3,986.2,120618750,1084.8,887.6,1102.5,649.1,1004.0,533,3,1003.9,142,4,1003.8,332,4,1003.7,1105,8,1003.6,974,13,1004.1,96,1,1004.3,49,2,1004.4,327,7,1004.5,400,6,1004.6,659,10
317,2025-11-26 11:46:45+05:30,1004.1,82,998.05,5335465,424098.0,395112.0,986.2,1006.7,981.3,986.2,120618750,1084.8,887.6,1102.5,649.1,1004.0,533,3,1003.9,142,4,1003.8,332,4,1003.7,1105,8,1003.6,974,13,1004.1,96,1,1004.3,49,2,1004.4,327,7,1004.5,400,6,1004.6,659,10
317,2025-11-26 11:46:46+05:30,1004.1,708,998.05,5336469,423950.0,395973.0,986.2,1006.7,981.3,986.2,120618750,1084.8,887.6,1102.5,649.1,1004.0,529,3,1003.9,64,3,1003.8,108,2,1003.7,906,6,1003.6,974,13,1004.1,43,1,1004.2,41,1,1004.3,151,3,1004.4,253,6,1004.5,327,5
317,2025-11-26 11:46:46+05:30,1004.1,708,998.05,5336469,423950.0,395973.0,986.2,1006.7,981.3,986.2,120618750,1084.8,887.6,1102.5,649.1,1004.0,529,3,1003.9,64,3,1003.8,108,2,1003.7,906,6,1003.6,974,13,1004.1,43,1,1004.2,41,1,1004.3,151,3,1004.4,253,6,1004.5,327,5
317,2025-11-26 11:46:47+05:30,1004.1,43,998.05,5336512,424086.0,395286.0,986.2,1006.7,981.3,986.2,120618750,1084.8,887.6,1102.5,649.1,1004.0,529,3,1003.9,264,6,1003.8,293,4,1003.7,955,7,1003.6,1224,14,1004.1,1,1,1004.2,41,1,1004.3,5,1,1004.4,204,5,1004.5,327,5
317,2025-11-26 11:46:47+05:30,1004.1,43,998.05,5336512,424086.0,395286.0,986.2,1006.7,981.3,986.2,120618750,1084.8,887.6,1102.5,649.1,1004.0,529,3,1003.9,264,6,1003.8,293,4,1003.7,955,7,1003.6,1224,14,1004.1,1,1,1004.2,41,1,1004.3,5,1,1004.4,204,5,1004.5,327,5
317,2025-11-26 11:46:48+05:30,1004.1,43,998.05,5336512,424115.0,395265.0,986.2,1006.7,981.3,986.2,120618750,1084.8,887.6,1102.5,649.1,1004.0,530,4,1003.9,264,6,1003.8,293,4,1003.7,983,8,1003.6,1224,14,1004.1,1,1,1004.2,41,1,1004.3,5,1,1004.4,204,5,1004.5,327,5
317,2025-11-26 11:46:49+05:30,1003.9,59,998.05,5340028,418126.0,398820.0,986.2,1006.7,981.3,986.2,120618750,1084.8,887.6,1102.5,649.1,1003.9,16,1,1003.7,112,1,1003.6,334,3,1003.5,423,4,1003.4,454,5,1004.1,410,6,1004.2,256,5,1004.3,275,6,1004.4,631,15,1004.5,797,10
317,2025-11-26 11:46:49+05:30,1003.9,59,998.05,5340028,418126.0,398820.0,986.2,1006.7,981.3,986.2,120618750,1084.8,887.6,1102.5,649.1,1003.9,16,1,1003.7,112,1,1003.6,334,3,1003.5,423,4,1003.4,454,5,1004.1,410,6,1004.2,256,5,1004.3,275,6,1004.4,631,15,1004.5,797,10
317,2025-11-26 11:46:50+05:30,1004.0,19,998.05,5340177,420371.0,398303.0,986.2,1006.7,981.3,986.2,120618750,1084.8,887.6,1102.5,649.1,1003.9,27,2,1003.6,581,4,1003.5,423,4,1003.4,955,10,1003.3,719,17,1004.0,96,1,1004.1,97,2,1004.2,417,8,1004.3,333,6,1004.4,669,13
317,2025-11-26 11:46:50+05:30,1004.0,19,998.05,5340177,420371.0,398303.0,986.2,1006.7,981.3,986.2,120618750,1084.8,887.6,1102.5,649.1,1003.9,27,2,1003.6,581,4,1003.5,423,4,1003.4,955,10,1003.3,719,17,1004.0,96,1,1004.1,97,2,1004.2,417,8,1004.3,333,6,1004.4,669,13
317,2025-11-26 11:46:51+05:30,1004.0,19,998.05,5340177,420449.0,398323.0,986.2,1006.7,981.3,986.2,120618750,1084.8,887.6,1102.5,649.1,1003.9,27,2,1003.6,613,5,1003.5,425,5,1003.4,955,10,1003.3,719,17,1004.0,96,1,1004.1,193,3,1004.2,321,7,1004.3,333,6,1004.4,679,14
317,2025-11-26 11:46:52+05:30,1003.9,16,998.05,5340204,419259.0,398229.0,986.2,1006.7,981.3,986.2,120618750,1084.8,887.6,1102.5,649.1,1003.7,87,1,1003.6,366,4,1003.5,1051,8,1003.4,536,8,1003.3,969,18,1004.0,277,4,1004.1,216,5,1004.2,334,9,1004.3,642,9,1004.4,634,13
317,2025-11-26 11:46:52+05:30,1003.9,16,998.05,5340204,419259.0,398229.0,986.2,1006.7,981.3,986.2,120618750,1084.8,887.6,1102.5,649.1,1003.7,87,1,1003.6,366,4,1003.5,1051,8,1003.4,536,8,1003.3,969,18,1004.0,277,4,1004.1,216,5,1004.2,334,9,1004.3,642,9,1004.4,634,13
317,2025-11-26 11:46:53+05:30,1003.9,16,998.05,5340204,419504.0,398294.0,986.2,1006.7,981.3,986.2,120618750,1084.8,887.6,1102.5,649.1,1003.7,87,1,1003.6,366,4,1003.5,1051,8,1003.4,536,8,1003.3,969,18,1004.0,151,2,1004.1,206,4,1004.2,430,10,1004.3,652,10,1004.4,634,13
317,2025-11-26 11:46:54+05:30,1003.9,16,998.05,5340204,420231.0,398013.0,986.2,1006.7,981.3,986.2,120618750,1084.8,887.6,1102.5,649.1,1003.8,112,1,1003.7,87,1,1003.6,371,5,1003.5,1100,9,1003.4,786,9,1004.0,96,1,1004.1,1,1,1004.2,469,10,1004.3,543,10,1004.4,634,13
317,2025-11-26 11:46:55+05:30,1003.8,112,998.05,5340316,419531.0,398064.0,986.2,1006.7,981.3,986.2,120618750,1084.8,887.6,1102.5,649.1,1003.6,264,4,1003.5,877,8,1003.4,826,10,1003.3,1071,19,1003.2,851,11,1003.8,96,1,1004.0,5,1,1004.1,252,3,1004.2,456,10,1004.3,640,13
317,2025-11-26 11:46:55+05:30,1003.8,112,998.05,5340316,419531.0,398064.0,986.2,1006.7,981.3,986.2,120618750,1084.8,887.6,1102.5,649.1,1003.6,264,4,1003.5,877,8,1003.4,826,10,1003.3,1071,19,1003.2,851,11,1003.8,96,1,1004.0,5,1,1004.1,252,3,1004.2,456,10,1004.3,640,13
317,2025-11-26 11:46:56+05:30,1003.8,86,998.05,5340402,418896.0,397673.0,986.2,1006.7,981.3,986.2,120618750,1084.8,887.6,1102.5,649.1,1003.6,360,5,1003.5,594,9,1003.4,667,10,1003.3,1071,19,1003.2,514,9,1003.8,10,1,1004.0,5,1,1004.1,252,3,1004.2,447,10,1004.3,522,9
317,2025-11-26 11:46:56+05:30,1003.8,86,998.05,5340402,418896.0,397673.0,986.2,1006.7,981.3,986.2,120618750,1084.8,887.6,1102.5,649.1,1003.6,360,5,1003.5,594,9,1003.4,667,10,1003.3,1071,19,1003.2,514,9,1003.8,10,1,1004.0,5,1,1004.1,252,3,1004.2,447,10,1004.3,522,9
317,2025-11-26 11:46:58+05:30,1003.8,86,998.05,5340402,418945.0,397467.0,986.2,1006.7,981.3,986.2,120618750,1084.8,887.6,1102.5,649.1,1003.6,409,6,1003.5,594,9,1003.4,667,10,1003.3,1071,19,1003.2,514,9,1003.8,11,2,1004.0,5,1,1004.1,202,1,1004.2,447,10,1004.3,522,9
317,2025-11-26 11:46:59+05:30,1003.8,86,998.05,5340402,419242.0,397264.0,986.2,1006.7,981.3,986.2,120618750,1084.8,887.6,1102.5,649.1,1003.6,556,8,1003.5,653,8,1003.4,697,14,1003.3,1045,17,1003.2,510,7,1003.8,11,2,1004.1,202,1,1004.2,323,7,1004.3,513,9,1004.4,668,13
317,2025-11-26 11:47:00+05:30,1003.8,1,998.05,5342016,422580.0,394588.0,986.2,1006.7,981.3,986.2,120618750,1084.8,887.6,1102.5,649.1,1003.8,225,3,1003.7,556,7,1003.6,764,13,1003.5,756,9,1003.4,1055,13,1004.2,85,4,1004.3,203,2,1004.4,197,3,1004.5,442,6,1004.6,474,10
317,2025-11-26 11:47:00+05:30,1004.0,83,998.05,5342016,422580.0,394588.0,986.2,1006.7,981.3,986.2,120618750,1084.8,887.6,1102.5,649.1,1003.8,225,3,1003.7,556,7,1003.6,764,13,1003.5,756,9,1003.4,1055,13,1004.2,85,4,1004.3,203,2,1004.4,197,3,1004.5,442,6,1004.6,474,10
317,2025-11-26 11:47:01+05:30,1003.9,1,998.05,5342108,423176.0,395762.0,986.2,1006.7,981.3,986.2,120618750,1084.8,887.6,1102.5,649.1,1003.8,143,2,1003.7,589,7,1003.6,656,11,1003.5,922,11,1003.4,1229,18,1004.2,85,4,1004.3,458,6,1004.4,207,4,1004.5,320,5,1004.6,482,10
317,2025-11-26 11:47:01+05:30,1004.2,7,998.05,5342108,423176.0,395762.0,986.2,1006.7,981.3,986.2,120618750,1084.8,887.6,1102.5,649.1,1003.8,143,2,1003.7,589,7,1003.6,656,11,1003.5,922,11,1003.4,1229,18,1004.2,85,4,1004.3,458,6,1004.4,207,4,1004.5,320,5,1004.6,482,10
317,2025-11-26 11:47:02+05:30,1004.2,7,998.05,5342200,420565.0,394345.0,986.2,1006.7,981.3,986.2,120618750,1084.8,887.6,1102.5,649.1,1003.9,153,3,1003.8,493,7,1003.7,566,7,1003.6,637,11,1003.5,997,14,1004.2,70,3,1004.3,6,2,1004.4,197,3,1004.5,320,5,1004.6,541,8
317,2025-11-26 11:47:03+05:30,1004.2,7,998.05,5342200,420396.0,394409.0,986.2,1006.7,981.3,986.2,120618750,1084.8,887.6,1102.5,649.1,1003.9,153,3,1003.8,423,5,1003.7,566,7,1003.6,586,10,1003.5,993,13,1004.2,70,3,1004.3,5,1,1004.4,197,3,1004.5,320,5,1004.6,542,9
317,2025-11-26 11:47:04+05:30,1004.2,7,998.05,5342200,420426.0,394444.0,986.2,1006.7,981.3,986.2,120618750,1084.8,887.6,1102.5,649.1,1003.9,67,2,1003.8,453,6,1003.7,652,8,1003.6,586,10,1003.5,993,13,1004.2,71,4,1004.3,5,1,1004.4,197,3,1004.5,320,5,1004.6,542,9
317,2025-11-26 11:47:05+05:30,1004.2,7,998.05,5342200,420425.0,394444.0,986.2,1006.7,981.3,986.2,120618750,1084.8,887.6,1102.5,649.1,1003.9,67,2,1003.8,423,5,1003.7,652,8,1003.6,586,10,1003.5,993,13,1004.2,71,4,1004.3,5,1,1004.4,197,3,1004.5,320,5,1004.6,542,9
317,2025-11-26 11:47:06+05:30,1004.2,7,998.05,5342200,420425.0,394444.0,986.2,1006.7,981.3,986.2,120618750,1084.8,887.6,1102.5,649.1,1003.9,67,2,1003.8,423,5,1003.7,652,8,1003.6,586,10,1003.5,993,13,1004.2,71,4,1004.3,5,1,1004.4,197,3,1004.5,320,5,1004.6,568,11
317,2025-11-26 11:47:07+05:30,1004.2,7,998.05,5342200,420204.0,394501.0,986.2,1006.7,981.3,986.2,120618750,1084.8,887.6,1102.5,649.1,1003.9,45,2,1003.8,223,2,1003.7,614,8,1003.6,586,10,1003.5,993,13,1004.2,71,4,1004.3,5,1,1004.4,254,4,1004.5,425,12,1004.6,551,10
317,2025-11-26 11:47:08+05:30,1004.2,7,998.05,5342200,420048.0,395504.0,986.2,1006.7,981.3,986.2,120618750,1084.8,887.6,1102.5,649.1,1003.9,15,1,1003.8,57,1,1003.7,442,6,1003.6,525,8,1003.5,723,10,1004.0,5034,2,1004.1,46,1,1004.2,149,4,1004.3,169,3,1004.4,484,7
317,2025-11-26 11:47:09+05:30,1004.2,7,998.05,5342200,420038.0,395503.0,986.2,1006.7,981.3,986.2,120618750,1084.8,887.6,1102.5,649.1,1003.9,15,1,1003.8,57,1,1003.7,442,6,1003.6,525,8,1003.5,723,10,1004.0,5034,2,1004.1,46,1,1004.2,149,4,1004.3,169,3,1004.4,484,7
317,2025-11-26 11:47:09+05:30,1004.0,200,998.05,5342200,420038.0,395503.0,986.2,1006.7,981.3,986.2,120618750,1084.8,887.6,1102.5,649.1,1003.9,15,1,1003.8,57,1,1003.7,442,6,1003.6,525,8,1003.5,723,10,1004.0,5034,2,1004.1,46,1,1004.2,149,4,1004.3,169,3,1004.4,484,7
317,2025-11-26 11:47:10+05:30,1004.0,200,998.05,5342400,419890.0,395248.0,986.2,1006.7,981.3,986.2,120618750,1084.8,887.6,1102.5,649.1,1003.9,15,1,1003.8,171,2,1003.7,442,6,1003.6,525,8,1003.5,723,10,1004.0,4834,2,1004.1,46,1,1004.2,149,4,1004.3,169,3,1004.4,417,7
317,2025-11-26 11:47:10+05:30,1003.9,15,998.05,5342400,419890.0,395248.0,986.2,1006.7,981.3,986.2,120618750,1084.8,887.6,1102.5,649.1,1003.9,15,1,1003.8,171,2,1003.7,442,6,1003.6,525,8,1003.5,723,10,1004.0,4834,2,1004.1,46,1,1004.2,149,4,1004.3,169,3,1004.4,417,7
317,2025-11-26 11:47:11+05:30,1003.9,15,998.05,5342415,420022.0,395468.0,986.2,1006.7,981.3,986.2,120618750,1084.8,887.6,1102.5,649.1,1003.7,418,6,1003.6,453,7,1003.5,663,11,1003.4,1159,18,1003.3,2373,21,1003.9,81,1,1004.0,4834,2,1004.1,46,1,1004.2,4,2,1004.3,207,4
317,2025-11-26 11:47:11+05:30,1003.9,81,998.05,5342415,420022.0,395468.0,986.2,1006.7,981.3,986.2,120618750,1084.8,887.6,1102.5,649.1,1003.7,418,6,1003.6,453,7,1003.5,663,11,1003.4,1159,18,1003.3,2373,21,1003.9,81,1,1004.0,4834,2,1004.1,46,1,1004.2,4,2,1004.3,207,4
317,2025-11-26 11:47:12+05:30,1003.9,81,998.05,5342546,420451.0,395611.0,986.2,1006.7,981.3,986.2,120618750,1084.8,887.6,1102.5,649.1,1003.7,516,8,1003.6,425,8,1003.5,864,11,1003.4,1933,20,1003.3,1873,21,1003.9,96,1,1004.0,4834,2,1004.1,46,1,1004.2,4,2,1004.3,114,2
317,2025-11-26 11:47:13+05:30,1003.9,81,998.05,5342546,420451.0,395610.0,986.2,1006.7,981.3,986.2,120618750,1084.8,887.6,1102.5,649.1,1003.7,516,8,1003.6,425,8,1003.5,864,11,1003.4,1933,20,1003.3,1873,21,1003.9,96,1,1004.0,4834,2,1004.1,46,1,1004.2,4,2,1004.3,114,2
317,2025-11-26 11:47:13+05:30,1003.7,81,998.05,5342546,420451.0,395610.0,986.2,1006.7,981.3,986.2,120618750,1084.8,887.6,1102.5,649.1,1003.7,516,8,1003.6,425,8,1003.5,864,11,1003.4,1933,20,1003.3,1873,21,1003.9,96,1,1004.0,4834,2,1004.1,46,1,1004.2,4,2,1004.3,114,2
317,2025-11-26 11:47:14+05:30,1003.9,3,998.05,5342689,417691.0,396270.0,986.2,1006.7,981.3,986.2,120618750,1084.8,887.6,1102.5,649.1,1003.6,453,6,1003.5,577,10,1003.4,792,17,1003.3,1886,19,1003.2,1887,13,1003.9,95,3,1004.0,4834,2,1004.1,133,2,1004.2,297,4,1004.3,300,4
317,2025-11-26 11:47:14+05:30,1003.9,3,998.05,5342689,417691.0,396270.0,986.2,1006.7,981.3,986.2,120618750,1084.8,887.6,1102.5,649.1,1003.6,453,6,1003.5,577,10,1003.4,792,17,1003.3,1886,19,1003.2,1887,13,1003.9,95,3,1004.0,4834,2,1004.1,133,2,1004.2,297,4,1004.3,300,4
317,2025-11-26 11:47:15+05:30,1003.9,3,998.05,5342689,418137.0,396407.0,986.2,1006.7,981.3,986.2,120618750,1084.8,887.6,1102.5,649.1,1003.7,283,5,1003.6,369,5,1003.5,648,11,1003.4,721,16,1003.3,1886,19,1003.9,95,3,1004.0,4834,2,1004.1,133,2,1004.2,288,3,1004.3,300,4
317,2025-11-26 11:47:15+05:30,1003.7,5,998.05,5342689,418137.0,396407.0,986.2,1006.7,981.3,986.2,120618750,1084.8,887.6,1102.5,649.1,1003.7,283,5,1003.6,369,5,1003.5,648,11,1003.4,721,16,1003.3,1886,19,1003.9,95,3,1004.0,4834,2,1004.1,133,2,1004.2,288,3,1004.3,300,4
317,2025-11-26 11:47:16+05:30,1003.7,5,998.06,5343548,417376.0,395844.0,986.2,1006.7,981.3,986.2,120618750,1084.8,887.6,1102.5,649.1,1003.7,79,1,1003.6,486,7,1003.5,654,12,1003.4,897,16,1003.3,1696,16,1003.9,2,2,1004.0,4834,2,1004.1,46,1,1004.2,179,2,1004.3,617,8
317,2025-11-26 11:47:16+05:30,1003.7,70,998.06,5343548,417376.0,395844.0,986.2,1006.7,981.3,986.2,120618750,1084.8,887.6,1102.5,649.1,1003.7,79,1,1003.6,486,7,1003.5,654,12,1003.4,897,16,1003.3,1696,16,1003.9,2,2,1004.0,4834,2,1004.1,46,1,1004.2,179,2,1004.3,617,8
317,2025-11-26 11:47:17+05:30,1003.7,70,998.06,5343618,417306.0,395697.0,986.2,1006.7,981.3,986.2,120618750,1084.8,887.6,1102.5,649.1,1003.7,9,1,1003.6,486,7,1003.5,654,12,1003.4,897,16,1003.3,1696,16,1003.9,2,2,1004.0,4834,2,1004.1,46,1,1004.2,179,2,1004.3,618,9
317,2025-11-26 11:47:17+05:30,1004.0,49,998.06,5343618,417306.0,395697.0,986.2,1006.7,981.3,986.2,120618750,1084.8,887.6,1102.5,649.1,1003.7,9,1,1003.6,486,7,1003.5,654,12,1003.4,897,16,1003.3,1696,16,1003.9,2,2,1004.0,4834,2,1004.1,46,1,1004.2,179,2,1004.3,618,9
317,2025-11-26 11:47:18+05:30,1004.0,49,998.06,5344044,420967.0,394020.0,986.2,1006.7,981.3,986.2,120618750,1084.8,887.6,1102.5,649.1,1003.8,324,5,1003.7,320,6,1003.6,806,12,1003.5,604,12,1003.4,799,17,1004.0,4410,2,1004.1,46,1,1004.2,3,1,1004.3,115,3,1004.4,517,8
317,2025-11-26 11:47:19+05:30,1004.0,49,998.06,5344044,421048.0,394200.0,986.2,1006.7,981.3,986.2,120618750,1084.8,887.6,1102.5,649.1,1003.8,401,6,1003.7,320,6,1003.6,806,12,1003.5,608,13,1003.4,799,17,1004.0,4410,2,1004.1,46,1,1004.2,3,1,1004.3,114,2,1004.4,694,10
317,2025-11-26 11:47:19+05:30,1003.8,72,998.06,5344044,421048.0,394200.0,986.2,1006.7,981.3,986.2,120618750,1084.8,887.6,1102.5,649.1,1003.8,401,6,1003.7,320,6,1003.6,806,12,1003.5,608,13,1003.4,799,17,1004.0,4410,2,1004.1,46,1,1004.2,3,1,1004.3,114,2,1004.4,694,10
317,2025-11-26 11:47:20+05:30,1003.8,72,998.06,5344230,420675.0,395219.0,986.2,1006.7,981.3,986.2,120618750,1084.8,887.6,1102.5,649.1,1003.7,83,2,1003.6,760,9,1003.5,608,13,1003.4,746,17,1003.3,2316,19,1003.9,96,1,1004.0,4695,3,1004.1,125,2,1004.2,220,3,1004.3,397,4
317,2025-11-26 11:47:20+05:30,1003.6,10,998.06,5344230,420675.0,395219.0,986.2,1006.7,981.3,986.2,120618750,1084.8,887.6,1102.5,649.1,1003.7,83,2,1003.6,760,9,1003.5,608,13,1003.4,746,17,1003.3,2316,19,1003.9,96,1,1004.0,4695,3,1004.1,125,2,1004.2,220,3,1004.3,397,4
317,2025-11-26 11:47:21+05:30,1003.6,10,998.06,5344400,419921.0,395688.0,986.2,1006.7,981.3,986.2,120618750,1084.8,887.6,1102.5,649.1,1003.6,627,8,1003.5,554,11,1003.4,746,17,1003.3,2876,20,1003.2,1746,14,1003.9,96,1,1004.0,4695,3,1004.1,125,2,1004.2,229,4,1004.3,402,5
317,2025-11-26 11:47:22+05:30,1003.6,10,998.06,5344400,419993.0,395696.0,986.2,1006.7,981.3,986.2,120618750,1084.8,887.6,1102.5,649.1,1003.6,640,10,1003.5,609,14,1003.4,681,13,1003.3,2876,20,1003.2,2024,16,1003.9,96,1,1004.0,4695,3,1004.1,46,1,1004.2,309,5,1004.3,402,5
317,2025-11-26 11:47:22+05:30,1003.9,1,998.06,5344400,419993.0,395696.0,986.2,1006.7,981.3,986.2,120618750,1084.8,887.6,1102.5,649.1,1003.6,640,10,1003.5,609,14,1003.4,681,13,1003.3,2876,20,1003.2,2024,16,1003.9,96,1,1004.0,4695,3,1004.1,46,1,1004.2,309,5,1004.3,402,5
317,2025-11-26 11:47:23+05:30,1003.9,1,998.06,5344401,420070.0,395692.0,986.2,1006.7,981.3,986.2,120618750,1084.8,887.6,1102.5,649.1,1003.6,717,11,1003.5,609,14,1003.4,681,13,1003.3,2876,20,1003.2,2024,16,1003.9,95,1,1004.0,4695,3,1004.1,46,1,1004.2,306,4,1004.3,402,5
317,2025-11-26 11:47:24+05:30,1003.9,1,998.06,5344401,420097.0,395647.0,986.2,1006.7,981.3,986.2,120618750,1084.8,887.6,1102.5,649.1,1003.6,730,12,1003.5,638,15,1003.4,681,13,1003.3,2876,20,1003.2,2024,16,1003.9,95,1,1004.0,4701,4,1004.1,46,1,1004.2,306,4,1004.3,402,5
317,2025-11-26 11:47:24+05:30,1003.6,1,998.06,5344401,420097.0,395647.0,986.2,1006.7,981.3,986.2,120618750,1084.8,887.6,1102.5,649.1,1003.6,730,12,1003.5,638,15,1003.4,681,13,1003.3,2876,20,1003.2,2024,16,1003.9,95,1,1004.0,4701,4,1004.1,46,1,1004.2,306,4,1004.3,402,5
317,2025-11-26 11:47:25+05:30,1003.6,13,998.06,5345355,418937.0,395792.0,986.2,1006.7,981.3,986.2,120618750,1084.8,887.6,1102.5,649.1,1003.6,203,6,1003.5,415,13,1003.4,532,10,1003.3,2803,19,1003.2,2024,16,1004.0,4701,4,1004.1,222,2,1004.2,232,4,1004.3,558,7,1004.4,803,12
317,2025-11-26 11:47:25+05:30,1003.6,13,998.06,5345355,418937.0,395792.0,986.2,1006.7,981.3,986.2,120618750,1084.8,887.6,1102.5,649.1,1003.6,203,6,1003.5,415,13,1003.4,532,10,1003.3,2803,19,1003.2,2024,16,1004.0,4701,4,1004.1,222,2,1004.2,232,4,1004.3,558,7,1004.4,803,12
317,2025-11-26 11:47:26+05:30,1003.6,13,998.06,5345355,419161.0,395793.0,986.2,1006.7,981.3,986.2,120618750,1084.8,887.6,1102.5,649.1,1003.6,237,7,1003.5,364,11,1003.4,634,15,1003.3,2719,13,1003.2,2200,17,1004.0,4701,4,1004.1,222,2,1004.2,232,4,1004.3,559,8,1004.4,803,12
317,2025-11-26 11:47:27+05:30,1003.6,13,998.06,5345355,420260.0,395251.0,986.2,1006.7,981.3,986.2,120618750,1084.8,887.6,1102.5,649.1,1003.7,13,1,1003.6,334,9,1003.5,1128,12,1003.4,1226,18,1003.3,2219,13,1004.0,4702,5,1004.1,46,1,1004.2,232,4,1004.3,559,8,1004.4,803,12
317,2025-11-26 11:47:27+05:30,1003.6,9,998.06,5345355,420260.0,395251.0,986.2,1006.7,981.3,986.2,120618750,1084.8,887.6,1102.5,649.1,1003.7,13,1,1003.6,334,9,1003.5,1128,12,1003.4,1226,18,1003.3,2219,13,1004.0,4702,5,1004.1,46,1,1004.2,232,4,1004.3,559,8,1004.4,803,12
317,2025-11-26 11:47:28+05:30,1004.0,136,998.06,5345632,420512.0,395995.0,986.2,1006.7,981.3,986.2,120618750,1084.8,887.6,1102.5,649.1,1003.9,10,1,1003.7,8,1,1003.6,438,8,1003.5,347,9,1003.4,912,14,1004.0,4566,5,1004.1,167,3,1004.2,522,7,1004.3,547,7,1004.4,736,9
317,2025-11-26 11:47:28+05:30,1004.0,136,998.06,5345632,420512.0,395995.0,986.2,1006.7,981.3,986.2,120618750,1084.8,887.6,1102.5,649.1,1003.9,10,1,1003.7,8,1,1003.6,438,8,1003.5,347,9,1003.4,912,14,1004.0,4566,5,1004.1,167,3,1004.2,522,7,1004.3,547,7,1004.4,736,9
317,2025-11-26 11:47:29+05:30,1004.0,136,998.06,5345632,420672.0,396004.0,986.2,1006.7,981.3,986.2,120618750,1084.8,887.6,1102.5,649.1,1003.9,10,1,1003.7,8,1,1003.6,433,7,1003.5,347,9,1003.4,938,16,1004.0,4566,5,1004.1,167,3,1004.2,522,7,1004.3,547,7,1004.4,744,10
317,2025-11-26 11:47:29+05:30,1004.0,1,998.06,5345632,420672.0,396004.0,986.2,1006.7,981.3,986.2,120618750,1084.8,887.6,1102.5,649.1,1003.9,10,1,1003.7,8,1,1003.6,433,7,1003.5,347,9,1003.4,938,16,1004.0,4566,5,1004.1,167,3,1004.2,522,7,1004.3,547,7,1004.4,744,10
317,2025-11-26 11:47:30+05:30,1003.5,2,998.06,5346219,420221.0,398995.0,986.2,1006.7,981.3,986.2,120618750,1084.8,887.6,1102.5,649.1,1003.5,52,6,1003.4,309,8,1003.3,1332,4,1003.2,1039,9,1003.1,925,14,1003.9,771,7,1004.0,5037,12,1004.1,510,7,1004.2,701,10,1004.3,853,11
317,2025-11-26 11:47:30+05:30,1003.7,42,998.06,5346219,420221.0,398995.0,986.2,1006.7,981.3,986.2,120618750,1084.8,887.6,1102.5,649.1,1003.5,52,6,1003.4,309,8,1003.3,1332,4,1003.2,1039,9,1003.1,925,14,1003.9,771,7,1004.0,5037,12,1004.1,510,7,1004.2,701,10,1004.3,853,11
317,2025-11-26 11:47:31+05:30,1003.7,42,998.06,5346492,420181.0,399881.0,986.2,1006.7,981.3,986.2,120618750,1084.8,887.6,1102.5,649.1,1003.6,48,1,1003.5,111,7,1003.4,175,7,1003.3,1114,3,1003.2,616,6,1003.8,321,6,1003.9,956,9,1004.0,5270,13,1004.1,631,8,1004.2,701,10
317,2025-11-26 11:47:31+05:30,1003.6,1,998.06,5346492,420181.0,399881.0,986.2,1006.7,981.3,986.2,120618750,1084.8,887.6,1102.5,649.1,1003.6,48,1,1003.5,111,7,1003.4,175,7,1003.3,1114,3,1003.2,616,6,1003.8,321,6,1003.9,956,9,1004.0,5270,13,1004.1,631,8,1004.2,701,10
317,2025-11-26 11:47:32+05:30,1003.6,1,998.06,5346513,420424.0,399958.0,986.2,1006.7,981.3,986.2,120618750,1084.8,887.6,1102.5,649.1,1003.6,27,1,1003.5,111,7,1003.4,175,7,1003.3,1290,4,1003.2,616,6,1003.8,124,3,1003.9,1020,9,1004.0,5270,13,1004.1,640,10,1004.2,701,10
317,2025-11-26 11:47:32+05:30,1003.9,14,998.06,5346513,420424.0,399958.0,986.2,1006.7,981.3,986.2,120618750,1084.8,887.6,1102.5,649.1,1003.6,27,1,1003.5,111,7,1003.4,175,7,1003.3,1290,4,1003.2,616,6,1003.8,124,3,1003.9,1020,9,1004.0,5270,13,1004.1,640,10,1004.2,701,10
317,2025-11-26 11:47:33+05:30,1003.9,14,998.06,5346532,420656.0,398347.0,986.2,1006.7,981.3,986.2,120618750,1084.8,887.6,1102.5,649.1,1003.6,27,1,1003.5,217,8,1003.4,356,9,1003.3,1350,5,1003.2,908,9,1003.9,164,2,1004.0,5159,12,1004.1,699,9,1004.2,691,9,1004.3,850,10
317,2025-11-26 11:47:34+05:30,1003.7,112,998.06,5346644,420727.0,398473.0,986.2,1006.7,981.3,986.2,120618750,1084.8,887.6,1102.5,649.1,1003.7,1,1,1003.6,27,1,1003.5,217,8,1003.4,181,8,1003.3,1398,5,1003.9,266,4,1004.0,5087,11,1004.1,699,9,1004.2,595,9,1004.3,886,13
317,2025-11-26 11:47:34+05:30,1003.7,112,998.06,5346644,420727.0,398473.0,986.2,1006.7,981.3,986.2,120618750,1084.8,887.6,1102.5,649.1,1003.7,1,1,1003.6,27,1,1003.5,217,8,1003.4,181,8,1003.3,1398,5,1003.9,266,4,1004.0,5087,11,1004.1,699,9,1004.2,595,9,1004.3,886,13
317,2025-11-26 11:47:35+05:30,1003.7,1,998.06,5346645,420745.0,399507.0,986.2,1006.7,981.3,986.2,120618750,1084.8,887.6,1102.5,649.1,1003.6,27,1,1003.5,111,7,1003.4,357,9,1003.3,1377,5,1003.2,1106,11,1003.7,95,1,1003.9,145,2,1004.0,5412,15,1004.1,699,9,1004.2,706,10
317,2025-11-26 11:47:35+05:30,1003.7,1,998.06,5346645,420745.0,399507.0,986.2,1006.7,981.3,986.2,120618750,1084.8,887.6,1102.5,649.1,1003.6,27,1,1003.5,111,7,1003.4,357,9,1003.3,1377,5,1003.2,1106,11,1003.7,95,1,1003.9,145,2,1004.0,5412,15,1004.1,699,9,1004.2,706,10
317,2025-11-26 11:47:36+05:30,1003.6,5,998.06,5346650,421229.0,399371.0,986.2,1006.7,981.3,986.2,120618750,1084.8,887.6,1102.5,649.1,1003.6,22,1,1003.5,215,8,1003.4,466,11,1003.3,1452,8,1003.2,2080,11,1003.7,95,1,1004.0,4876,10,1004.1,704,10,1004.2,850,12,1004.3,860,11
317,2025-11-26 11:47:36+05:30,1003.6,5,998.06,5346650,421229.0,399371.0,986.2,1006.7,981.3,986.2,120618750,1084.8,887.6,1102.5,649.1,1003.6,22,1,1003.5,215,8,1003.4,466,11,1003.3,1452,8,1003.2,2080,11,1003.7,95,1,1004.0,4876,10,1004.1,704,10,1004.2,850,12,1004.3,860,11
317,2025-11-26 11:47:37+05:30,1003.6,5,998.06,5346650,421308.0,399551.0,986.2,1006.7,981.3,986.2,120618750,1084.8,887.6,1102.5,649.1,1003.6,22,1,1003.5,215,8,1003.4,492,13,1003.3,1426,6,1003.2,2130,12,1003.7,96,2,1004.0,5055,10,1004.1,704,10,1004.2,850,12,1004.3,886,13
317,2025-11-26 11:47:37+05:30,1003.6,15,998.06,5346650,421308.0,399551.0,986.2,1006.7,981.3,986.2,120618750,1084.8,887.6,1102.5,649.1,1003.6,22,1,1003.5,215,8,1003.4,492,13,1003.3,1426,6,1003.2,2130,12,1003.7,96,2,1004.0,5055,10,1004.1,704,10,1004.2,850,12,1004.3,886,13
317,2025-11-26 11:47:38+05:30,1003.6,15,998.06,5346665,421527.0,399586.0,986.2,1006.7,981.3,986.2,120618750,1084.8,887.6,1102.5,649.1,1003.6,7,1,1003.5,111,7,1003.4,383,11,1003.3,1377,5,1003.2,1880,11,1003.7,140,3,1003.8,91,2,1004.0,5270,12,1004.1,658,9,1004.2,737,10
317,2025-11-26 11:47:38+05:30,1003.5,1,998.06,5346665,421527.0,399586.0,986.2,1006.7,981.3,986.2,120618750,1084.8,887.6,1102.5,649.1,1003.6,7,1,1003.5,111,7,1003.4,383,11,1003.3,1377,5,1003.2,1880,11,1003.7,140,3,1003.8,91,2,1004.0,5270,12,1004.1,658,9,1004.2,737,10
317,2025-11-26 11:47:39+05:30,1003.5,1,998.06,5346790,420790.0,399943.0,986.2,1006.7,981.3,986.2,120618750,1084.8,887.6,1102.5,649.1,1003.5,66,8,1003.4,378,9,1003.3,1377,5,1003.2,1880,11,1003.1,1854,19,1003.7,140,3,1003.8,91,2,1003.9,371,4,1004.0,5312,13,1004.1,730,10
317,2025-11-26 11:47:40+05:30,1003.5,1,998.06,5347148,422329.0,400396.0,986.2,1006.7,981.3,986.2,120618750,1084.8,887.6,1102.5,649.1,1003.4,76,5,1003.3,1141,3,1003.2,1259,8,1003.1,989,16,1003.0,2301,15,1003.5,25,1,1003.6,96,1,1003.7,123,3,1003.8,227,4,1003.9,652,6
317,2025-11-26 11:47:40+05:30,1003.5,498,998.06,5347148,422329.0,400396.0,986.2,1006.7,981.3,986.2,120618750,1084.8,887.6,1102.5,649.1,1003.4,76,5,1003.3,1141,3,1003.2,1259,8,1003.1,989,16,1003.0,2301,15,1003.5,25,1,1003.6,96,1,1003.7,123,3,1003.8,227,4,1003.9,652,6
317,2025-11-26 11:47:41+05:30,1003.5,498,998.06,5347646,422124.0,400340.0,986.2,1006.7,981.3,986.2,120618750,1084.8,887.6,1102.5,649.1,1003.5,301,2,1003.4,195,7,1003.3,1449,7,1003.2,600,9,1003.1,1989,18,1003.6,286,2,1003.7,45,2,1003.8,51,2,1003.9,487,5,1004.0,5438,13
317,2025-11-26 11:47:41+05:30,1003.6,91,998.06,5347646,422124.0,400340.0,986.2,1006.7,981.3,986.2,120618750,1084.8,887.6,1102.5,649.1,1003.5,301,2,1003.4,195,7,1003.3,1449,7,1003.2,600,9,1003.1,1989,18,1003.6,286,2,1003.7,45,2,1003.8,51,2,1003.9,487,5,1004.0,5438,13
317,2025-11-26 11:47:42+05:30,1003.6,91,998.06,5347737,422581.0,399090.0,986.2,1006.7,981.3,986.2,120618750,1084.8,887.6,1102.5,649.1,1003.5,314,3,1003.4,434,10,1003.3,1580,8,1003.2,629,10,1003.1,2018,19,1003.6,195,2,1003.7,45,2,1003.8,46,1,1003.9,15,1,1004.0,5165,10
317,2025-11-26 11:47:42+05:30,1003.5,1,998.06,5347737,422581.0,399090.0,986.2,1006.7,981.3,986.2,120618750,1084.8,887.6,1102.5,649.1,1003.5,314,3,1003.4,434,10,1003.3,1580,8,1003.2,629,10,1003.1,2018,19,1003.6,195,2,1003.7,45,2,1003.8,46,1,1003.9,15,1,1004.0,5165,10
317,2025-11-26 11:47:43+05:30,1003.5,1,998.06,5347739,422568.0,398939.0,986.2,1006.7,981.3,986.2,120618750,1084.8,887.6,1102.5,649.1,1003.5,355,3,1003.4,434,10,1003.3,1580,8,1003.2,629,10,1003.1,2018,19,1003.6,195,2,1003.7,45,2,1003.8,46,1,1003.9,15,1,1004.0,5165,10
317,2025-11-26 11:47:43+05:30,1003.5,124,998.06,5347739,422568.0,398939.0,986.2,1006.7,981.3,986.2,120618750,1084.8,887.6,1102.5,649.1,1003.5,355,3,1003.4,434,10,1003.3,1580,8,1003.2,629,10,1003.1,2018,19,1003.6,195,2,1003.7,45,2,1003.8,46,1,1003.9,15,1,1004.0,5165,10
317,2025-11-26 11:47:44+05:30,1003.6,3,998.06,5347866,422880.0,399198.0,986.2,1006.7,981.3,986.2,120618750,1084.8,887.6,1102.5,649.1,1003.5,313,4,1003.4,717,9,1003.3,1580,8,1003.2,755,11,1003.1,1768,18,1003.6,192,2,1003.7,45,2,1003.8,46,1,1003.9,22,2,1004.0,5116,9
317,2025-11-26 11:47:44+05:30,1003.6,3,998.06,5347866,422880.0,399198.0,986.2,1006.7,981.3,986.2,120618750,1084.8,887.6,1102.5,649.1,1003.5,313,4,1003.4,717,9,1003.3,1580,8,1003.2,755,11,1003.1,1768,18,1003.6,192,2,1003.7,45,2,1003.8,46,1,1003.9,22,2,1004.0,5116,9
317,2025-11-26 11:47:45+05:30,1003.5,1,998.06,5348180,422922.0,400786.0,986.2,1006.7,981.3,986.2,120618750,1084.8,887.6,1102.5,649.1,1003.4,76,5,1003.3,1220,5,1003.2,570,8,1003.1,1768,18,1003.0,2056,14,1003.5,95,1,1003.6,1190,2,1003.7,45,2,1003.8,220,4,1003.9,538,6
317,2025-11-26 11:47:45+05:30,1003.4,7,998.06,5348180,422922.0,400786.0,986.2,1006.7,981.3,986.2,120618750,1084.8,887.6,1102.5,649.1,1003.4,76,5,1003.3,1220,5,1003.2,570,8,1003.1,1768,18,1003.0,2056,14,1003.5,95,1,1003.6,1190,2,1003.7,45,2,1003.8,220,4,1003.9,538,6
317,2025-11-26 11:47:46+05:30,1003.4,7,998.06,5348215,423113.0,400841.0,986.2,1006.7,981.3,986.2,120618750,1084.8,887.6,1102.5,649.1,1003.4,44,4,1003.3,1220,5,1003.2,570,8,1003.1,1768,18,1003.0,2232,15,1003.5,95,1,1003.6,1190,2,1003.7,45,2,1003.8,220,4,1003.9,538,6
317,2025-11-26 11:47:47+05:30,1003.5,10,998.06,5348225,423334.0,400861.0,986.2,1006.7,981.3,986.2,120618750,1084.8,887.6,1102.5,649.1,1003.4,44,4,1003.3,1220,5,1003.2,570,8,1003.1,1768,18,1003.0,2327,17,1003.5,171,2,1003.6,1190,2,1003.7,1,1,1003.8,174,3,1003.9,538,6
317,2025-11-26 11:47:47+05:30,1003.5,10,998.06,5348225,423334.0,400861.0,986.2,1006.7,981.3,986.2,120618750,1084.8,887.6,1102.5,649.1,1003.4,44,4,1003.3,1220,5,1003.2,570,8,1003.1,1768,18,1003.0,2327,17,1003.5,171,2,1003.6,1190,2,1003.7,1,1,1003.8,174,3,1003.9,538,6
317,2025-11-26 11:47:48+05:30,1003.5,10,998.06,5348225,423334.0,400861.0,986.2,1006.7,981.3,986.2,120618750,1084.8,887.6,1102.5,649.1,1003.4,44,4,1003.3,1220,5,1003.2,570,8,1003.1,1768,18,1003.0,2327,17,1003.5,171,2,1003.6,1190,2,1003.7,1,1,1003.8,174,3,1003.9,538,6
317,2025-11-26 11:47:48+05:30,1003.4,1,998.06,5348225,423334.0,400861.0,986.2,1006.7,981.3,986.2,120618750,1084.8,887.6,1102.5,649.1,1003.4,44,4,1003.3,1220,5,1003.2,570,8,1003.1,1768,18,1003.0,2327,17,1003.5,171,2,1003.6,1190,2,1003.7,1,1,1003.8,174,3,1003.9,538,6
317,2025-11-26 11:47:49+05:30,1003.4,1,998.06,5348276,423250.0,400826.0,986.2,1006.7,981.3,986.2,120618750,1084.8,887.6,1102.5,649.1,1003.4,69,5,1003.3,1273,6,1003.2,570,8,1003.1,1792,19,1003.0,2327,17,1003.5,121,2,1003.6,1190,2,1003.7,1,1,1003.8,174,3,1003.9,532,6
317,2025-11-26 11:47:49+05:30,1003.4,4,998.06,5348276,423250.0,400826.0,986.2,1006.7,981.3,986.2,120618750,1084.8,887.6,1102.5,649.1,1003.4,69,5,1003.3,1273,6,1003.2,570,8,1003.1,1792,19,1003.0,2327,17,1003.5,121,2,1003.6,1190,2,1003.7,1,1,1003.8,174,3,1003.9,532,6
317,2025-11-26 11:47:50+05:30,1003.4,2,998.06,5348711,423664.0,399980.0,986.2,1006.7,981.3,986.2,120618750,1084.8,887.6,1102.5,649.1,1003.3,1077,3,1003.2,946,7,1003.1,1656,18,1003.0,1930,16,1002.9,1177,12,1003.4,512,4,1003.5,35,3,1003.6,1000,1,1003.8,350,4,1003.9,776,10
317,2025-11-26 11:47:50+05:30,1003.3,1000,998.06,5348711,423664.0,399980.0,986.2,1006.7,981.3,986.2,120618750,1084.8,887.6,1102.5,649.1,1003.3,1077,3,1003.2,946,7,1003.1,1656,18,1003.0,1930,16,1002.9,1177,12,1003.4,512,4,1003.5,35,3,1003.6,1000,1,1003.8,350,4,1003.9,776,10
317,2025-11-26 11:47:51+05:30,1003.2,18,998.06,5349851,422299.0,399172.0,986.2,1006.7,981.3,986.2,120618750,1084.8,887.6,1102.5,649.1,1003.2,1057,9,1003.1,1520,12,1003.0,1666,18,1002.9,2328,17,1002.8,1039,12,1003.4,486,4,1003.5,35,3,1003.8,272,3,1003.9,735,10,1004.0,6171,18
317,2025-11-26 11:47:51+05:30,1003.4,181,998.06,5349851,422299.0,399172.0,986.2,1006.7,981.3,986.2,120618750,1084.8,887.6,1102.5,649.1,1003.2,1057,9,1003.1,1520,12,1003.0,1666,18,1002.9,2328,17,1002.8,1039,12,1003.4,486,4,1003.5,35,3,1003.8,272,3,1003.9,735,10,1004.0,6171,18
317,2025-11-26 11:47:52+05:30,1003.4,181,998.06,5350079,421821.0,399195.0,986.2,1006.7,981.3,986.2,120618750,1084.8,887.6,1102.5,649.1,1003.2,1057,9,1003.1,770,11,1003.0,2416,19,1002.9,1578,16,1002.8,1171,14,1003.4,354,4,1003.5,35,3,1003.8,374,4,1003.9,735,10,1004.0,6171,18
317,2025-11-26 11:47:53+05:30,1003.4,114,998.06,5350079,421821.0,399195.0,986.2,1006.7,981.3,986.2,120618750,1084.8,887.6,1102.5,649.1,1003.2,1057,9,1003.1,770,11,1003.0,2416,19,1002.9,1578,16,1002.8,1171,14,1003.4,354,4,1003.5,35,3,1003.8,374,4,1003.9,735,10,1004.0,6171,18
317,2025-11-26 11:47:53+05:30,1003.4,114,998.06,5350202,421821.0,399072.0,986.2,1006.7,981.3,986.2,120618750,1084.8,887.6,1102.5,649.1,1003.2,1057,9,1003.1,770,11,1003.0,2416,19,1002.9,1578,16,1002.8,1171,14,1003.4,231,3,1003.5,35,3,1003.8,374,4,1003.9,735,10,1004.0,6171,18
317,2025-11-26 11:47:54+05:30,1003.4,15,998.06,5350202,421821.0,399072.0,986.2,1006.7,981.3,986.2,120618750,1084.8,887.6,1102.5,649.1,1003.2,1057,9,1003.1,770,11,1003.0,2416,19,1002.9,1578,16,1002.8,1171,14,1003.4,231,3,1003.5,35,3,1003.8,374,4,1003.9,735,10,1004.0,6171,18
317,2025-11-26 11:47:54+05:30,1003.4,10,998.06,5350362,420836.0,399262.0,986.2,1006.7,981.3,986.2,120618750,1084.8,887.6,1102.5,649.1,1003.2,653,10,1003.1,721,10,1003.0,2416,19,1002.9,1578,16,1002.8,937,14,1003.4,167,2,1003.5,35,3,1003.8,305,6,1003.9,814,9,1004.0,6238,21
317,2025-11-26 11:47:55+05:30,1003.8,19,998.06,5350362,420836.0,399262.0,986.2,1006.7,981.3,986.2,120618750,1084.8,887.6,1102.5,649.1,1003.2,653,10,1003.1,721,10,1003.0,2416,19,1002.9,1578,16,1002.8,937,14,1003.4,167,2,1003.5,35,3,1003.8,305,6,1003.9,814,9,1004.0,6238,21
317,2025-11-26 11:47:55+05:30,1003.5,17,998.06,5351669,422028.0,396712.0,986.2,1006.7,981.3,986.2,120618750,1084.8,887.6,1102.5,649.1,1003.5,165,4,1003.4,791,9,1003.3,538,7,1003.2,1819,15,1003.1,954,14,1003.8,68,1,1003.9,130,3,1004.0,5296,11,1004.1,562,8,1004.2,733,9
317,2025-11-26 11:47:56+05:30,1003.9,102,998.06,5351669,422028.0,396712.0,986.2,1006.7,981.3,986.2,120618750,1084.8,887.6,1102.5,649.1,1003.5,165,4,1003.4,791,9,1003.3,538,7,1003.2,1819,15,1003.1,954,14,1003.8,68,1,1003.9,130,3,1004.0,5296,11,1004.1,562,8,1004.2,733,9
317,2025-11-26 11:47:56+05:30,1003.9,102,998.06,5351854,426409.0,396304.0,986.2,1006.7,981.3,986.2,120618750,1084.8,887.6,1102.5,649.1,1003.8,2,1,1003.6,441,7,1003.5,1111,9,1003.4,877,9,1003.3,1003,14,1003.9,1,1,1004.0,4850,7,1004.1,254,2,1004.2,434,5,1004.3,858,10
317,2025-11-26 11:47:57+05:30,1004.0,4,998.06,5351854,426409.0,396304.0,986.2,1006.7,981.3,986.2,120618750,1084.8,887.6,1102.5,649.1,1003.8,2,1,1003.6,441,7,1003.5,1111,9,1003.4,877,9,1003.3,1003,14,1003.9,1,1,1004.0,4850,7,1004.1,254,2,1004.2,434,5,1004.3,858,10
317,2025-11-26 11:47:57+05:30,1004.0,4,998.06,5351858,426563.0,398913.0,986.2,1006.7,981.3,986.2,120618750,1084.8,887.6,1102.5,649.1,1003.8,2,1,1003.6,498,7,1003.5,1142,10,1003.4,877,9,1003.3,1003,14,1004.0,5089,9,1004.1,317,4,1004.2,372,5,1004.3,682,9,1004.4,668,10
317,2025-11-26 11:47:58+05:30,1003.8,19,998.06,5351877,425324.0,399280.0,986.2,1006.7,981.3,986.2,120618750,1084.8,887.6,1102.5,649.1,1003.8,1,1,1003.6,551,8,1003.5,642,9,1003.4,675,8,1003.3,816,14,1004.0,5090,10,1004.1,317,4,1004.2,434,6,1004.3,682,9,1004.4,668,10
317,2025-11-26 11:47:59+05:30,1003.8,19,998.06,5351877,425324.0,399280.0,986.2,1006.7,981.3,986.2,120618750,1084.8,887.6,1102.5,649.1,1003.8,1,1,1003.6,551,8,1003.5,642,9,1003.4,675,8,1003.3,816,14,1004.0,5090,10,1004.1,317,4,1004.2,434,6,1004.3,682,9,1004.4,668,10
317,2025-11-26 11:47:59+05:30,1003.8,19,998.06,5351877,425118.0,399174.0,986.2,1006.7,981.3,986.2,120618750,1084.8,887.6,1102.5,649.1,1003.8,2,2,1003.6,498,7,1003.5,642,9,1003.4,675,8,1003.3,816,14,1004.0,5090,10,1004.1,308,5,1004.2,434,6,1004.3,708,11,1004.4,642,8
317,2025-11-26 11:48:00+05:30,1003.6,6,998.06,5351885,424008.0,398960.0,986.2,1006.7,981.3,986.2,120618750,1084.8,887.6,1102.5,649.1,1003.6,131,4,1003.5,691,10,1003.4,675,8,1003.3,816,14,1003.2,2337,19,1003.9,96,1,1004.0,4979,11,1004.1,295,5,1004.2,538,7,1004.3,816,12
317,2025-11-26 11:48:01+05:30,1003.6,56,998.06,5351885,424008.0,398960.0,986.2,1006.7,981.3,986.2,120618750,1084.8,887.6,1102.5,649.1,1003.6,131,4,1003.5,691,10,1003.4,675,8,1003.3,816,14,1003.2,2337,19,1003.9,96,1,1004.0,4979,11,1004.1,295,5,1004.2,538,7,1004.3,816,12
317,2025-11-26 11:48:01+05:30,1003.6,56,998.06,5352009,423464.0,399610.0,986.2,1006.7,981.3,986.2,120618750,1084.8,887.6,1102.5,649.1,1003.7,82,1,1003.6,22,3,1003.5,237,4,1003.4,646,7,1003.3,722,13,1003.9,96,1,1004.0,5372,15,1004.1,630,7,1004.2,629,8,1004.3,914,14
317,2025-11-26 11:48:02+05:30,1003.6,56,998.06,5352009,424079.0,399371.0,986.2,1006.7,981.3,986.2,120618750,1084.8,887.6,1102.5,649.1,1003.8,3,1,1003.7,86,2,1003.6,22,3,1003.5,237,4,1003.4,646,7,1003.9,96,1,1004.0,5170,13,1004.1,686,8,1004.2,524,8,1004.3,924,15
317,2025-11-26 11:48:03+05:30,1003.6,56,998.06,5352009,424105.0,399312.0,986.2,1006.7,981.3,986.2,120618750,1084.8,887.6,1102.5,649.1,1003.8,5,2,1003.7,86,2,1003.6,71,3,1003.5,245,5,1003.4,646,7,1003.9,96,1,1004.0,5170,13,1004.1,686,8,1004.2,454,7,1004.3,923,14
317,2025-11-26 11:48:04+05:30,1003.8,3,998.06,5352009,424105.0,399312.0,986.2,1006.7,981.3,986.2,120618750,1084.8,887.6,1102.5,649.1,1003.8,5,2,1003.7,86,2,1003.6,71,3,1003.5,245,5,1003.4,646,7,1003.9,96,1,1004.0,5170,13,1004.1,686,8,1004.2,454,7,1004.3,923,14
317,2025-11-26 11:48:04+05:30,1004.1,7,998.07,5358402,428726.0,391671.0,986.2,1006.7,981.3,986.2,120618750,1084.8,887.6,1102.5,649.1,1004.1,117,2,1004.0,471,5,1003.9,201,5,1003.8,516,8,1003.7,476,11,1004.2,6,2,1004.5,37,2,1004.6,385,3,1004.7,964,10,1004.8,777,11
317,2025-11-26 11:48:05+05:30,1004.1,5,998.07,5358402,428726.0,391671.0,986.2,1006.7,981.3,986.2,120618750,1084.8,887.6,1102.5,649.1,1004.1,117,2,1004.0,471,5,1003.9,201,5,1003.8,516,8,1003.7,476,11,1004.2,6,2,1004.5,37,2,1004.6,385,3,1004.7,964,10,1004.8,777,11
317,2025-11-26 11:48:05+05:30,1004.6,30,998.07,5358470,426300.0,388729.0,986.2,1006.7,981.3,986.2,120618750,1084.8,887.6,1102.5,649.1,1004.2,121,3,1004.1,478,7,1004.0,899,9,1003.9,594,8,1003.8,1298,14,1004.7,241,3,1004.8,646,7,1004.9,1124,12,1005.0,8316,30,1005.1,1309,17
317,2025-11-26 11:48:06+05:30,1004.9,21,998.07,5358470,426300.0,388729.0,986.2,1006.7,981.3,986.2,120618750,1084.8,887.6,1102.5,649.1,1004.2,121,3,1004.1,478,7,1004.0,899,9,1003.9,594,8,1003.8,1298,14,1004.7,241,3,1004.8,646,7,1004.9,1124,12,1005.0,8316,30,1005.1,1309,17
317,2025-11-26 11:48:06+05:30,1004.9,21,998.07,5358963,427420.0,385766.0,986.2,1006.7,981.3,986.2,120618750,1084.8,887.6,1102.5,649.1,1004.3,388,8,1004.2,639,12,1004.1,680,13,1004.0,1393,16,1003.9,1068,10,1005.0,7967,24,1005.1,1410,13,1005.2,741,11,1005.3,850,14,1005.4,658,9
317,2025-11-26 11:48:07+05:30,1004.9,21,998.07,5358963,428672.0,386553.0,986.2,1006.7,981.3,986.2,120618750,1084.8,887.6,1102.5,649.1,1004.6,82,1,1004.5,5,1,1004.4,668,9,1004.3,539,8,1004.2,861,11,1005.0,7958,26,1005.1,1123,10,1005.2,549,8,1005.3,850,14,1005.4,658,9
317,2025-11-26 11:48:08+05:30,1004.9,21,998.07,5358963,429508.0,386952.0,986.2,1006.7,981.3,986.2,120618750,1084.8,887.6,1102.5,649.1,1004.6,82,1,1004.5,5,1,1004.4,560,8,1004.3,539,8,1004.2,861,11,1004.9,435,4,1005.0,8156,28,1005.1,1216,10,1005.2,549,8,1005.3,850,14
317,2025-11-26 11:48:09+05:30,1004.9,1,998.07,5358963,429508.0,386952.0,986.2,1006.7,981.3,986.2,120618750,1084.8,887.6,1102.5,649.1,1004.6,82,1,1004.5,5,1,1004.4,560,8,1004.3,539,8,1004.2,861,11,1004.9,435,4,1005.0,8156,28,1005.1,1216,10,1005.2,549,8,1005.3,850,14
317,2025-11-26 11:48:09+05:30,1004.9,1,998.07,5358964,429120.0,386996.0,986.2,1006.7,981.3,986.2,120618750,1084.8,887.6,1102.5,649.1,1004.6,111,3,1004.5,5,1,1004.4,499,7,1004.3,539,8,1004.2,848,9,1004.9,427,4,1005.0,8213,30,1005.1,1203,9,1005.2,651,11,1005.3,850,14
317,2025-11-26 11:48:10+05:30,1004.9,1,998.07,5358964,429120.0,386996.0,986.2,1006.7,981.3,986.2,120618750,1084.8,887.6,1102.5,649.1,1004.6,111,3,1004.5,5,1,1004.4,499,7,1004.3,539,8,1004.2,848,9,1004.9,427,4,1005.0,8213,30,1005.1,1203,9,1005.2,651,11,1005.3,850,14
317,2025-11-26 11:48:10+05:30,1004.9,1,998.07,5359047,428520.0,389646.0,986.2,1006.7,981.3,986.2,120618750,1084.8,887.6,1102.5,649.1,1004.6,29,2,1004.3,379,4,1004.2,383,6,1004.1,727,15,1004.0,1949,13,1004.7,96,1,1004.8,151,3,1004.9,806,8,1005.0,8300,32,1005.1,1288,11
317,2025-11-26 11:48:11+05:30,1004.9,1,998.07,5359047,428242.0,389646.0,986.2,1006.7,981.3,986.2,120618750,1084.8,887.6,1102.5,649.1,1004.6,29,2,1004.3,379,4,1004.2,383,6,1004.1,727,15,1004.0,1976,14,1004.7,96,1,1004.8,151,3,1004.9,806,8,1005.0,8300,32,1005.1,1288,11
317,2025-11-26 11:48:12+05:30,1004.6,1,998.07,5359048,428520.0,389656.0,986.2,1006.7,981.3,986.2,120618750,1084.8,887.6,1102.5,649.1,1004.6,28,2,1004.3,379,4,1004.2,383,6,1004.1,763,16,1004.0,1976,14,1004.7,96,1,1004.8,151,3,1004.9,816,9,1005.0,8300,32,1005.1,1288,11
317,2025-11-26 11:48:13+05:30,1004.6,1,998.07,5359048,428520.0,389656.0,986.2,1006.7,981.3,986.2,120618750,1084.8,887.6,1102.5,649.1,1004.6,28,2,1004.3,379,4,1004.2,383,6,1004.1,763,16,1004.0,1976,14,1004.7,96,1,1004.8,151,3,1004.9,816,9,1005.0,8300,32,1005.1,1288,11
317,2025-11-26 11:48:13+05:30,1004.6,1,998.07,5359048,428524.0,389656.0,986.2,1006.7,981.3,986.2,120618750,1084.8,887.6,1102.5,649.1,1004.6,28,2,1004.3,379,4,1004.2,383,6,1004.1,763,16,1004.0,1976,14,1004.7,96,1,1004.8,151,3,1004.9,816,9,1005.0,8300,32,1005.1,1288,11
317,2025-11-26 11:48:14+05:30,1004.7,2,998.07,5359162,429018.0,389728.0,986.2,1006.7,981.3,986.2,120618750,1084.8,887.6,1102.5,649.1,1004.6,28,2,1004.3,479,3,1004.2,526,8,1004.1,763,16,1004.0,1976,14,1004.7,94,1,1004.9,992,12,1005.0,8293,31,1005.1,1288,11,1005.2,648,11
317,2025-11-26 11:48:15+05:30,1004.7,2,998.07,5359162,429018.0,389728.0,986.2,1006.7,981.3,986.2,120618750,1084.8,887.6,1102.5,649.1,1004.6,28,2,1004.3,479,3,1004.2,526,8,1004.1,763,16,1004.0,1976,14,1004.7,94,1,1004.9,992,12,1005.0,8293,31,1005.1,1288,11,1005.2,648,11
317,2025-11-26 11:48:15+05:30,1004.6,164,998.07,5359337,426448.0,390273.0,986.2,1006.7,981.3,986.2,120618750,1084.8,887.6,1102.5,649.1,1004.3,87,2,1004.2,366,6,1004.1,763,16,1004.0,1336,12,1003.9,657,8,1004.6,96,1,1004.8,123,2,1004.9,734,7,1005.0,8073,29,1005.1,1307,13
317,2025-11-26 11:48:16+05:30,1004.6,164,998.07,5359337,426448.0,390273.0,986.2,1006.7,981.3,986.2,120618750,1084.8,887.6,1102.5,649.1,1004.3,87,2,1004.2,366,6,1004.1,763,16,1004.0,1336,12,1003.9,657,8,1004.6,96,1,1004.8,123,2,1004.9,734,7,1005.0,8073,29,1005.1,1307,13
317,2025-11-26 11:48:16+05:30,1004.6,164,998.07,5359337,427215.0,390342.0,986.2,1006.7,981.3,986.2,120618750,1084.8,887.6,1102.5,649.1,1004.3,166,3,1004.2,498,7,1004.1,763,16,1004.0,1336,12,1003.9,827,9,1004.6,96,1,1004.7,61,1,1004.8,123,2,1004.9,734,7,1005.0,8073,29
317,2025-11-26 11:48:17+05:30,1004.6,164,998.07,5359337,427366.0,395667.0,986.2,1006.7,981.3,986.2,120618750,1084.8,887.6,1102.5,649.1,1004.3,166,3,1004.2,498,7,1004.1,752,16,1004.0,1395,13,1003.9,827,9,1004.6,97,2,1004.7,61,1,1004.8,123,2,1004.9,734,7,1005.0,8072,28
317,2025-11-26 11:48:18+05:30,1004.6,164,998.07,5359337,427438.0,395788.0,986.2,1006.7,981.3,986.2,120618750,1084.8,887.6,1102.5,649.1,1004.3,100,3,1004.2,520,8,1004.1,727,15,1004.0,1395,13,1003.9,827,9,1004.6,97,2,1004.7,61,1,1004.8,285,4,1004.9,923,9,1005.0,8072,28
317,2025-11-26 11:48:19+05:30,1004.6,164,998.07,5359337,427439.0,395788.0,986.2,1006.7,981.3,986.2,120618750,1084.8,887.6,1102.5,649.1,1004.3,100,3,1004.2,520,8,1004.1,727,15,1004.0,1395,13,1003.9,827,9,1004.6,97,2,1004.7,61,1,1004.8,285,4,1004.9,923,9,1005.0,8072,28
317,2025-11-26 11:48:19+05:30,1004.6,164,998.07,5359337,427335.0,396027.0,986.2,1006.7,981.3,986.2,120618750,1084.8,887.6,1102.5,649.1,1004.3,100,3,1004.2,520,8,1004.1,727,15,1004.0,1395,13,1003.9,827,9,1004.6,97,2,1004.7,61,1,1004.8,364,5,1004.9,2555,11,1005.0,6572,27
317,2025-11-26 11:48:20+05:30,1004.3,13,998.07,5359437,430378.0,395818.0,986.2,1006.7,981.3,986.2,120618750,1084.8,887.6,1102.5,649.1,1004.2,219,4,1004.1,669,7,1004.0,3881,16,1003.9,1238,13,1003.8,1620,13,1004.3,96,1,1004.4,96,1,1004.6,1,1,1004.7,263,2,1004.8,583,7
317,2025-11-26 11:48:21+05:30,1004.3,13,998.07,5359437,430378.0,395818.0,986.2,1006.7,981.3,986.2,120618750,1084.8,887.6,1102.5,649.1,1004.2,219,4,1004.1,669,7,1004.0,3881,16,1003.9,1238,13,1003.8,1620,13,1004.3,96,1,1004.4,96,1,1004.6,1,1,1004.7,263,2,1004.8,583,7
317,2025-11-26 11:48:22+05:30,1004.3,13,998.07,5359437,431407.0,395632.0,986.2,1006.7,981.3,986.2,120618750,1084.8,887.6,1102.5,649.1,1004.2,324,11,1004.1,669,7,1004.0,3881,16,1003.9,1988,14,1003.8,1612,12,1004.3,96,1,1004.4,96,1,1004.6,1,1,1004.7,263,2,1004.8,583,7
317,2025-11-26 11:48:23+05:30,1004.3,7,998.07,5359444,431862.0,395478.0,986.2,1006.7,981.3,986.2,120618750,1084.8,887.6,1102.5,649.1,1004.2,403,12,1004.1,669,7,1004.0,3931,17,1003.9,2016,15,1003.8,1612,13,1004.3,89,1,1004.4,96,1,1004.6,1,1,1004.7,263,2,1004.8,583,7
317,2025-11-26 11:48:24+05:30,1004.3,7,998.07,5359444,431862.0,395478.0,986.2,1006.7,981.3,986.2,120618750,1084.8,887.6,1102.5,649.1,1004.2,403,12,1004.1,669,7,1004.0,3931,17,1003.9,2016,15,1003.8,1612,13,1004.3,89,1,1004.4,96,1,1004.6,1,1,1004.7,263,2,1004.8,583,7
317,2025-11-26 11:48:24+05:30,1004.3,7,998.07,5359444,431782.0,395624.0,986.2,1006.7,981.3,986.2,120618750,1084.8,887.6,1102.5,649.1,1004.2,324,11,1004.1,669,7,1004.0,3181,16,1003.9,2766,16,1003.8,1612,13,1004.3,89,1,1004.4,96,1,1004.6,3,2,1004.7,263,2,1004.8,584,8
317,2025-11-26 11:48:25+05:30,1004.2,35,998.07,5359444,431782.0,395624.0,986.2,1006.7,981.3,986.2,120618750,1084.8,887.6,1102.5,649.1,1004.2,324,11,1004.1,669,7,1004.0,3181,16,1003.9,2766,16,1003.8,1612,13,1004.3,89,1,1004.4,96,1,1004.6,3,2,1004.7,263,2,1004.8,584,8
317,2025-11-26 11:48:25+05:30,1004.2,66,998.07,5360107,430933.0,395123.0,986.2,1006.7,981.3,986.2,120618750,1084.8,887.6,1102.5,649.1,1004.1,337,7,1004.0,3284,19,1003.9,2430,13,1003.8,1657,14,1003.7,1720,23,1004.2,30,1,1004.4,44,1,1004.6,3,2,1004.7,542,5,1004.8,559,7
317,2025-11-26 11:48:26+05:30,1004.2,66,998.07,5360107,430933.0,395123.0,986.2,1006.7,981.3,986.2,120618750,1084.8,887.6,1102.5,649.1,1004.1,337,7,1004.0,3284,19,1003.9,2430,13,1003.8,1657,14,1003.7,1720,23,1004.2,30,1,1004.4,44,1,1004.6,3,2,1004.7,542,5,1004.8,559,7
317,2025-11-26 11:48:26+05:30,1004.2,66,998.07,5360107,431180.0,395123.0,986.2,1006.7,981.3,986.2,120618750,1084.8,887.6,1102.5,649.1,1004.1,391,11,1004.0,3335,22,1003.9,2680,14,1003.8,1437,14,1003.7,1744,26,1004.2,30,1,1004.4,44,1,1004.6,3,2,1004.7,542,5,1004.8,559,7
317,2025-11-26 11:48:27+05:30,1004.2,66,998.07,5360107,431226.0,395077.0,986.2,1006.7,981.3,986.2,120618750,1084.8,887.6,1102.5,649.1,1004.1,352,10,1004.0,3335,22,1003.9,2430,13,1003.8,1687,15,1003.7,1764,30,1004.2,32,3,1004.4,44,1,1004.6,2,1,1004.7,537,4,1004.8,853,8
317,2025-11-26 11:48:28+05:30,1004.1,6,998.07,5360263,431562.0,395141.0,986.2,1006.7,981.3,986.2,120618750,1084.8,887.6,1102.5,649.1,1004.1,301,7,1004.0,3324,23,1003.9,2430,13,1003.8,1687,15,1003.7,1758,26,1004.2,96,1,1004.4,44,1,1004.6,2,1,1004.7,538,5,1004.8,852,7
317,2025-11-26 11:48:29+05:30,1004.1,6,998.07,5360263,431562.0,395141.0,986.2,1006.7,981.3,986.2,120618750,1084.8,887.6,1102.5,649.1,1004.1,301,7,1004.0,3324,23,1003.9,2430,13,1003.8,1687,15,1003.7,1758,26,1004.2,96,1,1004.4,44,1,1004.6,2,1,1004.7,538,5,1004.8,852,7
317,2025-11-26 11:48:29+05:30,1004.1,6,998.07,5360263,433222.0,395193.0,986.2,1006.7,981.3,986.2,120618750,1084.8,887.6,1102.5,649.1,1004.1,301,7,1004.0,3324,23,1003.9,2430,13,1003.8,1687,15,1003.7,1759,27,1004.2,96,1,1004.4,44,1,1004.6,3,2,1004.7,543,6,1004.8,558,6
317,2025-11-26 11:48:30+05:30,1004.0,144,998.07,5360891,434080.0,396444.0,986.2,1006.7,981.3,986.2,120618750,1084.8,887.6,1102.5,649.1,1004.0,2787,18,1003.9,2313,12,1003.8,2558,23,1003.7,1204,33,1003.6,2828,26,1004.1,110,2,1004.4,44,1,1004.5,202,1,1004.6,181,4,1004.7,711,7
317,2025-11-26 11:48:31+05:30,1004.0,144,998.07,5360891,434080.0,396444.0,986.2,1006.7,981.3,986.2,120618750,1084.8,887.6,1102.5,649.1,1004.0,2787,18,1003.9,2313,12,1003.8,2558,23,1003.7,1204,33,1003.6,2828,26,1004.1,110,2,1004.4,44,1,1004.5,202,1,1004.6,181,4,1004.7,711,7
317,2025-11-26 11:48:31+05:30,1004.1,10,998.07,5360902,432062.0,396516.0,986.2,1006.7,981.3,986.2,120618750,1084.8,887.6,1102.5,649.1,1004.0,1421,13,1003.9,2151,12,1003.8,2420,20,1003.7,2096,40,1003.6,1392,27,1004.1,99,2,1004.2,53,1,1004.5,372,2,1004.6,290,5,1004.7,474,8
317,2025-11-26 11:48:32+05:30,1004.1,10,998.07,5360902,432062.0,396516.0,986.2,1006.7,981.3,986.2,120618750,1084.8,887.6,1102.5,649.1,1004.0,1421,13,1003.9,2151,12,1003.8,2420,20,1003.7,2096,40,1003.6,1392,27,1004.1,99,2,1004.2,53,1,1004.5,372,2,1004.6,290,5,1004.7,474,8
317,2025-11-26 11:48:33+05:30,1004.1,10,998.07,5360902,432087.0,396508.0,986.2,1006.7,981.3,986.2,120618750,1084.8,887.6,1102.5,649.1,1004.0,1422,14,1003.9,2151,12,1003.8,2416,18,1003.7,2112,39,1003.6,1404,31,1004.1,99,2,1004.2,53,1,1004.5,372,2,1004.6,360,6,1004.7,487,9
317,2025-11-26 11:48:33+05:30,1004.1,10,998.07,5360902,431805.0,396752.0,986.2,1006.7,981.3,986.2,120618750,1084.8,887.6,1102.5,649.1,1004.0,1422,14,1003.9,2151,12,1003.8,2418,19,1003.7,2070,37,1003.6,1447,33,1004.1,100,3,1004.2,53,1,1004.5,372,2,1004.6,360,6,1004.7,487,9
317,2025-11-26 11:48:34+05:30,1004.1,12,998.07,5361014,431786.0,396838.0,986.2,1006.7,981.3,986.2,120618750,1084.8,887.6,1102.5,649.1,1004.0,1475,15,1003.9,2151,12,1003.8,2415,18,1003.7,2073,38,1003.6,1447,33,1004.1,180,2,1004.2,53,1,1004.5,372,2,1004.6,360,6,1004.7,461,7
317,2025-11-26 11:48:35+05:30,1004.1,12,998.07,5361014,431786.0,396838.0,986.2,1006.7,981.3,986.2,120618750,1084.8,887.6,1102.5,649.1,1004.0,1475,15,1003.9,2151,12,1003.8,2415,18,1003.7,2073,38,1003.6,1447,33,1004.1,180,2,1004.2,53,1,1004.5,372,2,1004.6,360,6,1004.7,461,7
317,2025-11-26 11:48:36+05:30,1004.5,1,998.07,5361014,431786.0,396838.0,986.2,1006.7,981.3,986.2,120618750,1084.8,887.6,1102.5,649.1,1004.0,1475,15,1003.9,2151,12,1003.8,2415,18,1003.7,2073,38,1003.6,1447,33,1004.1,180,2,1004.2,53,1,1004.5,372,2,1004.6,360,6,1004.7,461,7
317,2025-11-26 11:48:36+05:30,1004.5,1,998.08,5362207,429444.0,397003.0,986.2,1006.7,981.3,986.2,120618750,1084.8,887.6,1102.5,649.1,1004.1,85,2,1004.0,2021,13,1003.9,2160,12,1003.8,2194,18,1003.7,1823,37,1004.5,662,6,1004.6,517,8,1004.7,357,6,1004.8,994,9,1004.9,2384,17
317,2025-11-26 11:48:37+05:30,1004.5,107,998.08,5362314,428839.0,396758.0,986.2,1006.7,981.3,986.2,120618750,1084.8,887.6,1102.5,649.1,1004.1,85,2,1004.0,2025,13,1003.9,2160,12,1003.8,1448,18,1003.7,1782,36,1004.5,365,3,1004.6,544,9,1004.7,687,8,1004.8,713,8,1004.9,2384,17
317,2025-11-26 11:48:37+05:30,1004.5,107,998.08,5362314,428839.0,396758.0,986.2,1006.7,981.3,986.2,120618750,1084.8,887.6,1102.5,649.1,1004.1,85,2,1004.0,2025,13,1003.9,2160,12,1003.8,1448,18,1003.7,1782,36,1004.5,365,3,1004.6,544,9,1004.7,687,8,1004.8,713,8,1004.9,2384,17
317,2025-11-26 11:48:38+05:30,1004.0,26,998.08,5362314,428839.0,396758.0,986.2,1006.7,981.3,986.2,120618750,1084.8,887.6,1102.5,649.1,1004.1,85,2,1004.0,2025,13,1003.9,2160,12,1003.8,1448,18,1003.7,1782,36,1004.5,365,3,1004.6,544,9,1004.7,687,8,1004.8,713,8,1004.9,2384,17
317,2025-11-26 11:48:38+05:30,1004.0,26,998.08,5362458,429520.0,397210.0,986.2,1006.7,981.3,986.2,120618750,1084.8,887.6,1102.5,649.1,1004.0,1999,13,1003.9,2059,11,1003.8,1018,17,1003.7,1963,38,1003.6,1499,30,1004.4,48,1,1004.5,413,4,1004.6,622,10,1004.7,779,9,1004.8,823,10
317,2025-11-26 11:48:39+05:30,1004.4,25,998.08,5362458,429520.0,397210.0,986.2,1006.7,981.3,986.2,120618750,1084.8,887.6,1102.5,649.1,1004.0,1999,13,1003.9,2059,11,1003.8,1018,17,1003.7,1963,38,1003.6,1499,30,1004.4,48,1,1004.5,413,4,1004.6,622,10,1004.7,779,9,1004.8,823,10
317,2025-11-26 11:48:39+05:30,1004.4,25,998.08,5362483,429847.0,397121.0,986.2,1006.7,981.3,986.2,120618750,1084.8,887.6,1102.5,649.1,1004.0,1999,13,1003.9,2059,11,1003.8,1271,21,1003.7,1721,40,1003.6,1491,27,1004.4,23,1,1004.5,286,2,1004.6,539,11,1004.7,796,8,1004.8,823,10
317,2025-11-26 11:48:40+05:30,1004.5,5,998.08,5362483,429847.0,397121.0,986.2,1006.7,981.3,986.2,120618750,1084.8,887.6,1102.5,649.1,1004.0,1999,13,1003.9,2059,11,1003.8,1271,21,1003.7,1721,40,1003.6,1491,27,1004.4,23,1,1004.5,286,2,1004.6,539,11,1004.7,796,8,1004.8,823,10
317,2025-11-26 11:48:40+05:30,1004.5,5,998.08,5362488,430247.0,397236.0,986.2,1006.7,981.3,986.2,120618750,1084.8,887.6,1102.5,649.1,1004.0,1967,13,1003.9,1481,10,1003.8,1058,19,1003.7,2396,43,1003.6,1509,28,1004.2,96,1,1004.5,281,2,1004.6,506,9,1004.7,774,16,1004.8,1026,11
317,2025-11-26 11:48:41+05:30,1004.1,5,998.08,5362488,430247.0,397236.0,986.2,1006.7,981.3,986.2,120618750,1084.8,887.6,1102.5,649.1,1004.0,1967,13,1003.9,1481,10,1003.8,1058,19,1003.7,2396,43,1003.6,1509,28,1004.2,96,1,1004.5,281,2,1004.6,506,9,1004.7,774,16,1004.8,1026,11
317,2025-11-26 11:48:41+05:30,1004.1,19,998.08,5362512,429636.0,398633.0,986.2,1006.7,981.3,986.2,120618750,1084.8,887.6,1102.5,649.1,1004.1,114,2,1004.0,1967,13,1003.9,675,8,1003.8,616,14,1003.7,3121,38,1004.2,96,1,1004.4,88,2,1004.5,284,3,1004.6,506,9,1004.7,774,16
317,2025-11-26 11:48:42+05:30,1004.1,19,998.08,5362512,429636.0,398633.0,986.2,1006.7,981.3,986.2,120618750,1084.8,887.6,1102.5,649.1,1004.1,114,2,1004.0,1967,13,1003.9,675,8,1003.8,616,14,1003.7,3121,38,1004.2,96,1,1004.4,88,2,1004.5,284,3,1004.6,506,9,1004.7,774,16
317,2025-11-26 11:48:42+05:30,1004.1,19,998.08,5362512,429636.0,398832.0,986.2,1006.7,981.3,986.2,120618750,1084.8,887.6,1102.5,649.1,1004.1,127,3,1004.0,1954,12,1003.9,675,8,1003.8,616,14,1003.7,3066,32,1004.2,96,1,1004.4,88,2,1004.5,284,3,1004.6,506,9,1004.7,774,16
317,2025-11-26 11:48:43+05:30,1004.1,36,998.08,5362512,429636.0,398832.0,986.2,1006.7,981.3,986.2,120618750,1084.8,887.6,1102.5,649.1,1004.1,127,3,1004.0,1954,12,1003.9,675,8,1003.8,616,14,1003.7,3066,32,1004.2,96,1,1004.4,88,2,1004.5,284,3,1004.6,506,9,1004.7,774,16
317,2025-11-26 11:48:43+05:30,1004.1,36,998.08,5362548,432304.0,398034.0,986.2,1006.7,981.3,986.2,120618750,1084.8,887.6,1102.5,649.1,1004.1,91,3,1004.0,1954,12,1003.9,675,8,1003.8,2220,18,1003.7,2514,33,1004.2,96,1,1004.4,88,2,1004.5,284,3,1004.6,506,9,1004.7,748,14
317,2025-11-26 11:48:44+05:30,1004.0,29,998.08,5362548,432304.0,398034.0,986.2,1006.7,981.3,986.2,120618750,1084.8,887.6,1102.5,649.1,1004.1,91,3,1004.0,1954,12,1003.9,675,8,1003.8,2220,18,1003.7,2514,33,1004.2,96,1,1004.4,88,2,1004.5,284,3,1004.6,506,9,1004.7,748,14
317,2025-11-26 11:48:44+05:30,1004.2,3,998.08,5362695,431028.0,398461.0,986.2,1006.7,981.3,986.2,120618750,1084.8,887.6,1102.5,649.1,1004.0,1783,8,1003.9,926,9,1003.8,613,13,1003.7,3315,33,1003.6,2254,26,1004.2,93,1,1004.4,88,2,1004.5,284,3,1004.6,463,8,1004.7,943,19
317,2025-11-26 11:48:45+05:30,1004.2,3,998.08,5362695,431028.0,398461.0,986.2,1006.7,981.3,986.2,120618750,1084.8,887.6,1102.5,649.1,1004.0,1783,8,1003.9,926,9,1003.8,613,13,1003.7,3315,33,1003.6,2254,26,1004.2,93,1,1004.4,88,2,1004.5,284,3,1004.6,463,8,1004.7,943,19
317,2025-11-26 11:48:45+05:30,1004.0,909,998.08,5363696,425751.0,398261.0,986.2,1006.7,981.3,986.2,120618750,1084.8,887.6,1102.5,649.1,1004.0,839,5,1003.9,526,7,1003.8,443,12,1003.7,2311,30,1003.6,1420,26,1004.4,326,5,1004.5,385,4,1004.6,463,8,1004.7,902,17,1004.8,952,11
317,2025-11-26 11:48:46+05:30,1004.4,1,998.08,5363696,425751.0,398261.0,986.2,1006.7,981.3,986.2,120618750,1084.8,887.6,1102.5,649.1,1004.0,839,5,1003.9,526,7,1003.8,443,12,1003.7,2311,30,1003.6,1420,26,1004.4,326,5,1004.5,385,4,1004.6,463,8,1004.7,902,17,1004.8,952,11
317,2025-11-26 11:48:46+05:30,1004.4,1,998.08,5363697,425731.0,398238.0,986.2,1006.7,981.3,986.2,120618750,1084.8,887.6,1102.5,649.1,1004.0,886,6,1003.9,557,7,1003.8,613,13,1003.7,2537,28,1003.6,1221,29,1004.4,325,5,1004.5,433,6,1004.6,463,8,1004.7,859,16,1004.8,925,11
317,2025-11-26 11:48:47+05:30,1004.4,1,998.08,5363697,425736.0,398231.0,986.2,1006.7,981.3,986.2,120618750,1084.8,887.6,1102.5,649.1,1004.0,933,7,1003.9,557,7,1003.8,605,10,1003.7,2516,22,1003.6,1221,29,1004.4,326,6,1004.5,434,7,1004.6,463,8,1004.7,885,18,1004.8,890,9
317,2025-11-26 11:48:48+05:30,1004.4,1,998.08,5363697,425736.0,398231.0,986.2,1006.7,981.3,986.2,120618750,1084.8,887.6,1102.5,649.1,1004.0,933,7,1003.9,557,7,1003.8,605,10,1003.7,2516,22,1003.6,1221,29,1004.4,326,6,1004.5,434,7,1004.6,463,8,1004.7,885,18,1004.8,890,9
317,2025-11-26 11:48:48+05:30,1004.4,1,998.08,5363698,426044.0,398209.0,986.2,1006.7,981.3,986.2,120618750,1084.8,887.6,1102.5,649.1,1004.0,958,7,1003.9,557,7,1003.8,603,8,1003.7,2503,17,1003.6,1524,29,1004.4,325,6,1004.5,434,7,1004.6,463,8,1004.7,885,18,1004.8,890,9
317,2025-11-26 11:48:49+05:30,1004.4,1,998.08,5363698,425987.0,398343.0,986.2,1006.7,981.3,986.2,120618750,1084.8,887.6,1102.5,649.1,1004.0,958,7,1003.9,557,7,1003.8,602,7,1003.7,2479,14,1003.6,1467,29,1004.4,325,6,1004.5,434,7,1004.6,463,8,1004.7,885,18,1004.8,948,9
317,2025-11-26 11:48:50+05:30,1004.4,1,998.08,5363698,428041.0,398306.0,986.2,1006.7,981.3,986.2,120618750,1084.8,887.6,1102.5,649.1,1004.0,745,5,1003.9,557,7,1003.8,598,6,1003.7,3149,14,1003.6,1473,30,1004.2,96,1,1004.4,223,6,1004.5,290,5,1004.6,450,8,1004.7,912,18
317,2025-11-26 11:48:51+05:30,1004.2,100,998.08,5363698,428041.0,398306.0,986.2,1006.7,981.3,986.2,120618750,1084.8,887.6,1102.5,649.1,1004.0,745,5,1003.9,557,7,1003.8,598,6,1003.7,3149,14,1003.6,1473,30,1004.2,96,1,1004.4,223,6,1004.5,290,5,1004.6,450,8,1004.7,912,18
317,2025-11-26 11:48:51+05:30,1004.2,23,998.08,5364795,426537.0,397512.0,986.2,1006.7,981.3,986.2,120618750,1084.8,887.6,1102.5,649.1,1004.0,915,11,1003.9,697,7,1003.8,800,7,1003.7,2474,14,1003.6,1565,33,1004.4,87,3,1004.5,1669,4,1004.6,173,3,1004.7,730,14,1004.8,463,7
317,2025-11-26 11:48:52+05:30,1004.2,23,998.08,5364795,426537.0,397512.0,986.2,1006.7,981.3,986.2,120618750,1084.8,887.6,1102.5,649.1,1004.0,915,11,1003.9,697,7,1003.8,800,7,1003.7,2474,14,1003.6,1565,33,1004.4,87,3,1004.5,1669,4,1004.6,173,3,1004.7,730,14,1004.8,463,7
317,2025-11-26 11:48:52+05:30,1004.2,23,998.08,5364795,426542.0,397510.0,986.2,1006.7,981.3,986.2,120618750,1084.8,887.6,1102.5,649.1,1004.0,915,11,1003.9,697,7,1003.8,800,7,1003.7,2474,14,1003.6,1565,33,1004.4,87,3,1004.5,1669,4,1004.6,173,3,1004.7,730,14,1004.8,463,7
317,2025-11-26 11:48:53+05:30,1004.2,23,998.08,5364795,426716.0,398172.0,986.2,1006.7,981.3,986.2,120618750,1084.8,887.6,1102.5,649.1,1004.2,3,1,1004.1,91,1,1004.0,888,10,1003.9,710,8,1003.8,887,8,1004.4,87,3,1004.5,1669,4,1004.6,222,4,1004.7,618,13,1004.8,701,9
317,2025-11-26 11:48:54+05:30,1004.2,23,998.08,5364795,427141.0,398796.0,986.2,1006.7,981.3,986.2,120618750,1084.8,887.6,1102.5,649.1,1004.3,112,1,1004.2,5,2,1004.1,91,1,1004.0,1115,10,1003.9,553,7,1004.4,87,3,1004.5,1738,5,1004.6,469,7,1004.7,744,14,1004.8,701,9
317,2025-11-26 11:48:55+05:30,1004.3,3,998.08,5364795,427141.0,398796.0,986.2,1006.7,981.3,986.2,120618750,1084.8,887.6,1102.5,649.1,1004.3,112,1,1004.2,5,2,1004.1,91,1,1004.0,1115,10,1003.9,553,7,1004.4,87,3,1004.5,1738,5,1004.6,469,7,1004.7,744,14,1004.8,701,9
317,2025-11-26 11:48:55+05:30,1004.3,20,998.08,5364818,426720.0,399314.0,986.2,1006.7,981.3,986.2,120618750,1084.8,887.6,1102.5,649.1,1004.3,100,2,1004.2,5,2,1004.1,91,1,1004.0,1131,10,1003.9,342,5,1004.4,87,3,1004.5,1718,5,1004.6,417,7,1004.7,812,15,1004.8,655,9
317,2025-11-26 11:48:56+05:30,1004.3,20,998.08,5364818,426720.0,399314.0,986.2,1006.7,981.3,986.2,120618750,1084.8,887.6,1102.5,649.1,1004.3,100,2,1004.2,5,2,1004.1,91,1,1004.0,1131,10,1003.9,342,5,1004.4,87,3,1004.5,1718,5,1004.6,417,7,1004.7,812,15,1004.8,655,9
317,2025-11-26 11:48:56+05:30,1004.3,20,998.08,5364818,427062.0,399462.0,986.2,1006.7,981.3,986.2,120618750,1084.8,887.6,1102.5,649.1,1004.3,100,2,1004.2,3,1,1004.0,1131,10,1003.9,561,7,1003.8,1027,8,1004.4,87,3,1004.5,1669,4,1004.6,368,6,1004.7,872,17,1004.8,812,9
317,2025-11-26 11:48:57+05:30,1004.0,41,998.08,5364818,427062.0,399462.0,986.2,1006.7,981.3,986.2,120618750,1084.8,887.6,1102.5,649.1,1004.3,100,2,1004.2,3,1,1004.0,1131,10,1003.9,561,7,1003.8,1027,8,1004.4,87,3,1004.5,1669,4,1004.6,368,6,1004.7,872,17,1004.8,812,9
317,2025-11-26 11:48:57+05:30,1004.4,4,998.08,5364968,425377.0,399153.0,986.2,1006.7,981.3,986.2,120618750,1084.8,887.6,1102.5,649.1,1004.0,895,8,1003.9,371,5,1003.8,605,6,1003.7,2435,11,1003.6,1472,24,1004.4,83,3,1004.5,1773,6,1004.6,434,9,1004.7,1001,20,1004.8,685,8
317,2025-11-26 11:48:58+05:30,1004.4,4,998.08,5364968,425377.0,399153.0,986.2,1006.7,981.3,986.2,120618750,1084.8,887.6,1102.5,649.1,1004.0,895,8,1003.9,371,5,1003.8,605,6,1003.7,2435,11,1003.6,1472,24,1004.4,83,3,1004.5,1773,6,1004.6,434,9,1004.7,1001,20,1004.8,685,8
317,2025-11-26 11:48:58+05:30,1004.4,5,998.08,5364973,425949.0,398811.0,986.2,1006.7,981.3,986.2,120618750,1084.8,887.6,1102.5,649.1,1004.0,913,8,1003.9,637,6,1003.8,807,7,1003.7,2483,13,1003.6,1514,32,1004.4,78,3,1004.5,1773,6,1004.6,427,8,1004.7,907,17,1004.8,643,9
317,2025-11-26 11:48:59+05:30,1004.4,5,998.08,5364973,425949.0,398811.0,986.2,1006.7,981.3,986.2,120618750,1084.8,887.6,1102.5,649.1,1004.0,913,8,1003.9,637,6,1003.8,807,7,1003.7,2483,13,1003.6,1514,32,1004.4,78,3,1004.5,1773,6,1004.6,427,8,1004.7,907,17,1004.8,643,9
317,2025-11-26 11:48:59+05:30,1004.0,1,998.08,5364974,425978.0,398833.0,986.2,1006.7,981.3,986.2,120618750,1084.8,887.6,1102.5,649.1,1004.0,942,10,1003.9,637,6,1003.8,807,7,1003.7,2483,13,1003.6,1565,38,1004.4,85,4,1004.5,1773,6,1004.6,427,8,1004.7,933,19,1004.8,617,7
317,2025-11-26 11:49:00+05:30,1004.0,1,998.08,5364974,425978.0,398833.0,986.2,1006.7,981.3,986.2,120618750,1084.8,887.6,1102.5,649.1,1004.0,942,10,1003.9,637,6,1003.8,807,7,1003.7,2483,13,1003.6,1565,38,1004.4,85,4,1004.5,1773,6,1004.6,427,8,1004.7,933,19,1004.8,617,7
317,2025-11-26 11:49:00+05:30,1004.2,59,998.08,5365123,427980.0,398909.0,986.2,1006.7,981.3,986.2,120618750,1084.8,887.6,1102.5,649.1,1004.0,905,9,1003.9,449,6,1003.8,633,7,1003.7,3153,13,1003.6,1265,47,1004.2,96,1,1004.4,85,4,1004.5,1773,6,1004.6,458,7,1004.7,973,18
317,2025-11-26 11:49:01+05:30,1004.2,75,998.08,5365123,427980.0,398909.0,986.2,1006.7,981.3,986.2,120618750,1084.8,887.6,1102.5,649.1,1004.0,905,9,1003.9,449,6,1003.8,633,7,1003.7,3153,13,1003.6,1265,47,1004.2,96,1,1004.4,85,4,1004.5,1773,6,1004.6,458,7,1004.7,973,18
317,2025-11-26 11:49:01+05:30,1004.2,75,998.08,5365198,431227.0,398297.0,986.2,1006.7,981.3,986.2,120618750,1084.8,887.6,1102.5,649.1,1004.0,906,10,1003.9,479,7,1003.8,2210,13,1003.7,2588,13,1003.6,1904,56,1004.2,21,1,1004.3,42,1,1004.4,94,5,1004.5,1675,5,1004.6,333,5
317,2025-11-26 11:49:02+05:30,1004.7,1,998.08,5365198,431227.0,398297.0,986.2,1006.7,981.3,986.2,120618750,1084.8,887.6,1102.5,649.1,1004.0,906,10,1003.9,479,7,1003.8,2210,13,1003.7,2588,13,1003.6,1904,56,1004.2,21,1,1004.3,42,1,1004.4,94,5,1004.5,1675,5,1004.6,333,5
317,2025-11-26 11:49:02+05:30,1004.7,1,998.08,5368229,433860.0,391566.0,986.2,1006.7,981.3,986.2,120618750,1084.8,887.6,1102.5,649.1,1004.6,3,1,1004.5,21,1,1004.4,649,8,1004.3,404,3,1004.2,1770,10,1004.9,56,3,1005.0,6802,31,1005.1,1122,9,1005.2,535,9,1005.3,641,9
317,2025-11-26 11:49:03+05:30,1004.5,21,998.08,5368229,433860.0,391566.0,986.2,1006.7,981.3,986.2,120618750,1084.8,887.6,1102.5,649.1,1004.6,3,1,1004.5,21,1,1004.4,649,8,1004.3,404,3,1004.2,1770,10,1004.9,56,3,1005.0,6802,31,1005.1,1122,9,1005.2,535,9,1005.3,641,9
317,2025-11-26 11:49:03+05:30,1004.8,41,998.08,5368478,430202.0,392751.0,986.2,1006.7,981.3,986.2,120618750,1084.8,887.6,1102.5,649.1,1004.4,314,6,1004.3,466,5,1004.2,1149,6,1004.1,451,5,1004.0,1972,19,1004.8,2,1,1004.9,113,3,1005.0,6791,33,1005.1,1366,11,1005.2,535,9
317,2025-11-26 11:49:04+05:30,1004.4,26,998.08,5368478,430202.0,392751.0,986.2,1006.7,981.3,986.2,120618750,1084.8,887.6,1102.5,649.1,1004.4,314,6,1004.3,466,5,1004.2,1149,6,1004.1,451,5,1004.0,1972,19,1004.8,2,1,1004.9,113,3,1005.0,6791,33,1005.1,1366,11,1005.2,535,9
317,2025-11-26 11:49:04+05:30,1004.8,1,998.08,5368612,429740.0,393069.0,986.2,1006.7,981.3,986.2,120618750,1084.8,887.6,1102.5,649.1,1004.4,191,4,1004.3,517,5,1004.2,1144,6,1004.1,464,5,1004.0,2043,20,1004.8,2,1,1004.9,467,11,1005.0,6853,32,1005.1,1257,11,1005.2,708,11
317,2025-11-26 11:49:05+05:30,1004.8,1,998.08,5368612,429740.0,393069.0,986.2,1006.7,981.3,986.2,120618750,1084.8,887.6,1102.5,649.1,1004.4,191,4,1004.3,517,5,1004.2,1144,6,1004.1,464,5,1004.0,2043,20,1004.8,2,1,1004.9,467,11,1005.0,6853,32,1005.1,1257,11,1005.2,708,11
317,2025-11-26 11:49:05+05:30,1004.9,1,998.08,5368737,435695.0,387900.0,986.2,1006.7,981.3,986.2,120618750,1084.8,887.6,1102.5,649.1,1004.5,876,9,1004.4,969,14,1004.3,3357,13,1004.2,1545,14,1004.1,1540,9,1004.9,14,2,1005.0,6228,22,1005.1,710,4,1005.2,411,5,1005.3,657,7
317,2025-11-26 11:49:06+05:30,1004.9,1,998.08,5368737,435695.0,387900.0,986.2,1006.7,981.3,986.2,120618750,1084.8,887.6,1102.5,649.1,1004.5,876,9,1004.4,969,14,1004.3,3357,13,1004.2,1545,14,1004.1,1540,9,1004.9,14,2,1005.0,6228,22,1005.1,710,4,1005.2,411,5,1005.3,657,7
317,2025-11-26 11:49:06+05:30,1004.5,59,998.08,5368868,435219.0,389336.0,986.2,1006.7,981.3,986.2,120618750,1084.8,887.6,1102.5,649.1,1004.5,908,10,1004.4,1113,15,1004.3,3061,12,1004.2,1467,14,1004.1,1426,8,1004.9,14,2,1005.0,6228,22,1005.1,710,4,1005.2,416,6,1005.3,706,8
317,2025-11-26 11:49:07+05:30,1004.5,59,998.08,5368868,435219.0,389336.0,986.2,1006.7,981.3,986.2,120618750,1084.8,887.6,1102.5,649.1,1004.5,908,10,1004.4,1113,15,1004.3,3061,12,1004.2,1467,14,1004.1,1426,8,1004.9,14,2,1005.0,6228,22,1005.1,710,4,1005.2,416,6,1005.3,706,8
317,2025-11-26 11:49:07+05:30,1004.5,11,998.08,5368879,435234.0,389297.0,986.2,1006.7,981.3,986.2,120618750,1084.8,887.6,1102.5,649.1,1004.5,897,10,1004.4,1113,15,1004.3,3113,14,1004.2,1477,14,1004.1,1450,9,1004.9,15,3,1005.0,6228,22,1005.1,710,4,1005.2,416,6,1005.3,706,8
317,2025-11-26 11:49:08+05:30,1004.5,11,998.08,5368879,435234.0,389297.0,986.2,1006.7,981.3,986.2,120618750,1084.8,887.6,1102.5,649.1,1004.5,897,10,1004.4,1113,15,1004.3,3113,14,1004.2,1477,14,1004.1,1450,9,1004.9,15,3,1005.0,6228,22,1005.1,710,4,1005.2,416,6,1005.3,706,8
317,2025-11-26 11:49:08+05:30,1004.5,11,998.08,5368879,435124.0,389310.0,986.2,1006.7,981.3,986.2,120618750,1084.8,887.6,1102.5,649.1,1004.5,914,11,1004.4,1086,14,1004.3,3113,14,1004.2,1477,14,1004.1,1450,9,1004.9,15,3,1005.0,6228,22,1005.1,710,4,1005.2,416,6,1005.3,706,8
317,2025-11-26 11:49:09+05:30,1004.5,11,998.08,5368879,431960.0,391059.0,986.2,1006.7,981.3,986.2,120618750,1084.8,887.6,1102.5,649.1,1004.5,615,6,1004.4,600,9,1004.3,1334,7,1004.2,1989,16,1004.1,871,9,1004.9,235,6,1005.0,6745,26,1005.1,829,6,1005.2,543,9,1005.3,805,12
317,2025-11-26 11:49:10+05:30,1004.5,11,998.08,5368879,432622.0,391383.0,986.2,1006.7,981.3,986.2,120618750,1084.8,887.6,1102.5,649.1,1004.5,324,5,1004.4,395,7,1004.3,584,6,1004.2,1385,13,1004.1,2895,13,1004.7,96,1,1004.9,162,6,1005.0,6624,26,1005.1,1150,11,1005.2,702,12
317,2025-11-26 11:49:11+05:30,1004.7,5,998.08,5368884,432960.0,391389.0,986.2,1006.7,981.3,986.2,120618750,1084.8,887.6,1102.5,649.1,1004.5,101,4,1004.4,850,7,1004.3,609,7,1004.2,1385,13,1004.1,2895,13,1004.7,91,1,1004.9,172,7,1005.0,6624,26,1005.1,1150,11,1005.2,702,12
317,2025-11-26 11:49:12+05:30,1004.7,5,998.08,5368884,432960.0,391389.0,986.2,1006.7,981.3,986.2,120618750,1084.8,887.6,1102.5,649.1,1004.5,101,4,1004.4,850,7,1004.3,609,7,1004.2,1385,13,1004.1,2895,13,1004.7,91,1,1004.9,172,7,1005.0,6624,26,1005.1,1150,11,1005.2,702,12
317,2025-11-26 11:49:12+05:30,1004.7,5,998.08,5368884,433603.0,391369.0,986.2,1006.7,981.3,986.2,120618750,1084.8,887.6,1102.5,649.1,1004.5,114,5,1004.4,850,7,1004.3,609,7,1004.2,1385,13,1004.1,2895,13,1004.7,91,1,1004.9,162,6,1005.0,6614,25,1005.1,1150,11,1005.2,702,12
317,2025-11-26 11:49:13+05:30,1004.5,17,998.08,5369015,433532.0,391474.0,986.2,1006.7,981.3,986.2,120618750,1084.8,887.6,1102.5,649.1,1004.5,84,3,1004.4,833,6,1004.3,584,6,1004.2,1385,13,1004.1,2895,13,1004.7,91,1,1004.8,35,1,1004.9,365,8,1005.0,6614,25,1005.1,1150,11
317,2025-11-26 11:49:14+05:30,1004.5,17,998.08,5369015,433532.0,391474.0,986.2,1006.7,981.3,986.2,120618750,1084.8,887.6,1102.5,649.1,1004.5,84,3,1004.4,833,6,1004.3,584,6,1004.2,1385,13,1004.1,2895,13,1004.7,91,1,1004.8,35,1,1004.9,365,8,1005.0,6614,25,1005.1,1150,11
317,2025-11-26 11:49:14+05:30,1004.7,3,998.08,5369018,433822.0,392280.0,986.2,1006.7,981.3,986.2,120618750,1084.8,887.6,1102.5,649.1,1004.6,112,1,1004.5,66,2,1004.4,833,6,1004.3,584,6,1004.2,1385,13,1004.7,88,1,1004.8,39,1,1004.9,330,7,1005.0,6649,26,1005.1,1185,12
317,2025-11-26 11:49:15+05:30,1004.7,750,998.08,5369018,433822.0,392280.0,986.2,1006.7,981.3,986.2,120618750,1084.8,887.6,1102.5,649.1,1004.6,112,1,1004.5,66,2,1004.4,833,6,1004.3,584,6,1004.2,1385,13,1004.7,88,1,1004.8,39,1,1004.9,330,7,1005.0,6649,26,1005.1,1185,12
317,2025-11-26 11:49:15+05:30,1004.5,20,998.08,5369983,429505.0,391318.0,986.2,1006.7,981.3,986.2,120618750,1084.8,887.6,1102.5,649.1,1004.5,27,2,1004.4,186,4,1004.3,939,6,1004.2,635,12,1004.1,2186,13,1004.8,39,1,1004.9,297,6,1005.0,6614,25,1005.1,1134,9,1005.2,700,11
317,2025-11-26 11:49:16+05:30,1004.5,20,998.08,5369983,429505.0,391318.0,986.2,1006.7,981.3,986.2,120618750,1084.8,887.6,1102.5,649.1,1004.5,27,2,1004.4,186,4,1004.3,939,6,1004.2,635,12,1004.1,2186,13,1004.8,39,1,1004.9,297,6,1005.0,6614,25,1005.1,1134,9,1005.2,700,11
317,2025-11-26 11:49:16+05:30,1004.5,20,998.08,5369983,432035.0,391085.0,986.2,1006.7,981.3,986.2,120618750,1084.8,887.6,1102.5,649.1,1004.5,115,4,1004.4,990,9,1004.3,786,7,1004.2,2965,19,1004.1,1082,10,1004.8,39,1,1004.9,109,4,1005.0,6499,24,1005.1,1183,9,1005.2,700,11
317,2025-11-26 11:49:17+05:30,1004.5,20,998.08,5369983,432914.0,391205.0,986.2,1006.7,981.3,986.2,120618750,1084.8,887.6,1102.5,649.1,1004.5,115,4,1004.4,1129,9,1004.3,816,8,1004.2,2965,19,1004.1,1082,10,1004.7,1,1,1004.8,39,1,1004.9,109,4,1005.0,6499,24,1005.1,1134,8
317,2025-11-26 11:49:18+05:30,1004.5,20,998.08,5369983,433003.0,391184.0,986.2,1006.7,981.3,986.2,120618750,1084.8,887.6,1102.5,649.1,1004.5,115,4,1004.4,1217,9,1004.3,816,8,1004.2,2965,19,1004.1,1082,10,1004.7,1,1,1004.8,39,1,1004.9,111,5,1005.0,6499,24,1005.1,1134,8
317,2025-11-26 11:49:19+05:30,1004.8,112,998.09,5370227,436943.0,391056.0,986.2,1006.7,981.3,986.2,120618750,1084.8,887.6,1102.5,649.1,1004.5,546,8,1004.4,2830,17,1004.3,1467,8,1004.2,1248,14,1004.1,994,10,1004.8,39,1,1004.9,111,5,1005.0,6331,23,1005.1,1134,8,1005.2,700,11
317,2025-11-26 11:49:20+05:30,1004.8,112,998.09,5370227,436943.0,391056.0,986.2,1006.7,981.3,986.2,120618750,1084.8,887.6,1102.5,649.1,1004.5,546,8,1004.4,2830,17,1004.3,1467,8,1004.2,1248,14,1004.1,994,10,1004.8,39,1,1004.9,111,5,1005.0,6331,23,1005.1,1134,8,1005.2,700,11
317,2025-11-26 11:49:21+05:30,1004.8,35,998.09,5370227,436943.0,391056.0,986.2,1006.7,981.3,986.2,120618750,1084.8,887.6,1102.5,649.1,1004.5,546,8,1004.4,2830,17,1004.3,1467,8,1004.2,1248,14,1004.1,994,10,1004.8,39,1,1004.9,111,5,1005.0,6331,23,1005.1,1134,8,1005.2,700,11
317,2025-11-26 11:49:21+05:30,1004.8,35,998.09,5371255,435816.0,391079.0,986.2,1006.7,981.3,986.2,120618750,1084.8,887.6,1102.5,649.1,1004.6,211,4,1004.5,607,9,1004.4,2891,17,1004.3,799,10,1004.2,1744,17,1004.9,17,4,1005.0,6228,22,1005.1,924,7,1005.2,632,10,1005.3,774,9
317,2025-11-26 11:49:22+05:30,1004.6,1,998.09,5371255,435816.0,391079.0,986.2,1006.7,981.3,986.2,120618750,1084.8,887.6,1102.5,649.1,1004.6,211,4,1004.5,607,9,1004.4,2891,17,1004.3,799,10,1004.2,1744,17,1004.9,17,4,1005.0,6228,22,1005.1,924,7,1005.2,632,10,1005.3,774,9
317,2025-11-26 11:49:22+05:30,1004.6,1,998.09,5371256,435804.0,391117.0,986.2,1006.7,981.3,986.2,120618750,1084.8,887.6,1102.5,649.1,1004.6,363,4,1004.5,547,8,1004.4,2861,16,1004.3,799,10,1004.2,1744,17,1004.9,18,5,1005.0,6228,22,1005.1,931,8,1005.2,632,10,1005.3,779,10
317,2025-11-26 11:49:23+05:30,1004.6,1,998.09,5371256,435804.0,391117.0,986.2,1006.7,981.3,986.2,120618750,1084.8,887.6,1102.5,649.1,1004.6,363,4,1004.5,547,8,1004.4,2861,16,1004.3,799,10,1004.2,1744,17,1004.9,18,5,1005.0,6228,22,1005.1,931,8,1005.2,632,10,1005.3,779,10
317,2025-11-26 11:49:23+05:30,1004.6,1,998.09,5371267,435782.0,391092.0,986.2,1006.7,981.3,986.2,120618750,1084.8,887.6,1102.5,649.1,1004.6,362,4,1004.5,524,7,1004.4,2861,16,1004.3,799,10,1004.2,1744,17,1004.9,8,4,1005.0,6396,23,1005.1,931,8,1005.2,632,10,1005.3,779,10
317,2025-11-26 11:49:24+05:30,1004.8,4,998.09,5371267,435782.0,391092.0,986.2,1006.7,981.3,986.2,120618750,1084.8,887.6,1102.5,649.1,1004.6,362,4,1004.5,524,7,1004.4,2861,16,1004.3,799,10,1004.2,1744,17,1004.9,8,4,1005.0,6396,23,1005.1,931,8,1005.2,632,10,1005.3,779,10
317,2025-11-26 11:49:24+05:30,1004.8,4,998.09,5371281,436997.0,391112.0,986.2,1006.7,981.3,986.2,120618750,1084.8,887.6,1102.5,649.1,1004.7,101,3,1004.6,55,2,1004.5,374,6,1004.4,2884,17,1004.3,799,10,1004.8,181,1,1004.9,8,4,1005.0,6396,23,1005.1,924,7,1005.2,632,10
317,2025-11-26 11:49:25+05:30,1004.6,29,998.09,5371412,436803.0,390490.0,986.2,1006.7,981.3,986.2,120618750,1084.8,887.6,1102.5,649.1,1004.6,5,1,1004.5,459,3,1004.4,2845,14,1004.3,1549,11,1004.2,1598,13,1004.8,181,1,1004.9,8,4,1005.0,6434,25,1005.1,924,7,1005.2,642,11
317,2025-11-26 11:49:26+05:30,1004.8,75,998.09,5371412,436803.0,390490.0,986.2,1006.7,981.3,986.2,120618750,1084.8,887.6,1102.5,649.1,1004.6,5,1,1004.5,459,3,1004.4,2845,14,1004.3,1549,11,1004.2,1598,13,1004.8,181,1,1004.9,8,4,1005.0,6434,25,1005.1,924,7,1005.2,642,11
317,2025-11-26 11:49:26+05:30,1004.8,75,998.09,5371487,434255.0,390039.0,986.2,1006.7,981.3,986.2,120618750,1084.8,887.6,1102.5,649.1,1004.6,80,3,1004.5,459,3,1004.4,599,10,1004.3,605,7,1004.2,3176,17,1004.8,106,1,1004.9,166,5,1005.0,6396,23,1005.1,907,6,1005.2,702,15
317,2025-11-26 11:49:27+05:30,1004.6,1,998.09,5371487,434255.0,390039.0,986.2,1006.7,981.3,986.2,120618750,1084.8,887.6,1102.5,649.1,1004.6,80,3,1004.5,459,3,1004.4,599,10,1004.3,605,7,1004.2,3176,17,1004.8,106,1,1004.9,166,5,1005.0,6396,23,1005.1,907,6,1005.2,702,15
317,2025-11-26 11:49:27+05:30,1004.6,1,998.09,5371588,434795.0,390248.0,986.2,1006.7,981.3,986.2,120618750,1084.8,887.6,1102.5,649.1,1004.6,4,1,1004.5,400,2,1004.4,599,10,1004.3,605,7,1004.2,3176,17,1004.8,106,1,1004.9,166,5,1005.0,6460,25,1005.1,956,7,1005.2,715,16
317,2025-11-26 11:49:27+05:30,1004.6,1,998.09,5371588,434795.0,390248.0,986.2,1006.7,981.3,986.2,120618750,1084.8,887.6,1102.5,649.1,1004.6,4,1,1004.5,400,2,1004.4,599,10,1004.3,605,7,1004.2,3176,17,1004.8,106,1,1004.9,166,5,1005.0,6460,25,1005.1,956,7,1005.2,715,16
317,2025-11-26 11:49:28+05:30,1004.6,1,998.09,5371588,434795.0,390248.0,986.2,1006.7,981.3,986.2,120618750,1084.8,887.6,1102.5,649.1,1004.6,4,1,1004.5,400,2,1004.4,599,10,1004.3,605,7,1004.2,3176,17,1004.8,106,1,1004.9,166,5,1005.0,6460,25,1005.1,956,7,1005.2,715,16
317,2025-11-26 11:49:28+05:30,1004.6,1,998.09,5371588,434871.0,390248.0,986.2,1006.7,981.3,986.2,120618750,1084.8,887.6,1102.5,649.1,1004.6,4,1,1004.5,449,3,1004.4,626,11,1004.3,605,7,1004.2,3176,17,1004.8,106,1,1004.9,166,5,1005.0,6428,24,1005.1,988,8,1005.2,715,16
317,2025-11-26 11:49:28+05:30,1004.6,1,998.09,5371588,434871.0,390248.0,986.2,1006.7,981.3,986.2,120618750,1084.8,887.6,1102.5,649.1,1004.6,4,1,1004.5,449,3,1004.4,626,11,1004.3,605,7,1004.2,3176,17,1004.8,106,1,1004.9,166,5,1005.0,6428,24,1005.1,988,8,1005.2,715,16
317,2025-11-26 11:49:29+05:30,1004.6,1,998.09,5371588,435063.0,390240.0,986.2,1006.7,981.3,986.2,120618750,1084.8,887.6,1102.5,649.1,1004.6,4,1,1004.5,449,3,1004.4,626,11,1004.3,605,7,1004.2,3176,17,1004.8,106,1,1004.9,166,5,1005.0,6420,24,1005.1,988,8,1005.2,715,16
317,2025-11-26 11:49:29+05:30,1004.6,1,998.09,5371588,435063.0,390240.0,986.2,1006.7,981.3,986.2,120618750,1084.8,887.6,1102.5,649.1,1004.6,4,1,1004.5,449,3,1004.4,626,11,1004.3,605,7,1004.2,3176,17,1004.8,106,1,1004.9,166,5,1005.0,6420,24,1005.1,988,8,1005.2,715,16
317,2025-11-26 11:49:30+05:30,1004.6,1,998.09,5371588,435063.0,390240.0,986.2,1006.7,981.3,986.2,120618750,1084.8,887.6,1102.5,649.1,1004.6,4,1,1004.5,449,3,1004.4,626,11,1004.3,605,7,1004.2,3176,17,1004.8,106,1,1004.9,166,5,1005.0,6420,24,1005.1,988,8,1005.2,715,16
317,2025-11-26 11:49:30+05:30,1004.6,8,998.09,5371596,435609.0,389918.0,986.2,1006.7,981.3,986.2,120618750,1084.8,887.6,1102.5,649.1,1004.6,5,1,1004.5,400,2,1004.4,599,10,1004.3,549,6,1004.2,3176,17,1004.7,96,1,1004.8,106,1,1004.9,241,7,1005.0,6514,25,1005.1,1163,10
317,2025-11-26 11:49:30+05:30,1004.6,8,998.09,5371596,435609.0,389918.0,986.2,1006.7,981.3,986.2,120618750,1084.8,887.6,1102.5,649.1,1004.6,5,1,1004.5,400,2,1004.4,599,10,1004.3,549,6,1004.2,3176,17,1004.7,96,1,1004.8,106,1,1004.9,241,7,1005.0,6514,25,1005.1,1163,10
317,2025-11-26 11:49:31+05:30,1004.6,8,998.09,5371596,435609.0,389918.0,986.2,1006.7,981.3,986.2,120618750,1084.8,887.6,1102.5,649.1,1004.6,5,1,1004.5,400,2,1004.4,599,10,1004.3,549,6,1004.2,3176,17,1004.7,96,1,1004.8,106,1,1004.9,241,7,1005.0,6514,25,1005.1,1163,10
317,2025-11-26 11:49:31+05:30,1004.6,8,998.09,5371596,435609.0,389918.0,986.2,1006.7,981.3,986.2,120654000,1084.8,887.6,1102.5,649.1,1004.6,5,1,1004.5,400,2,1004.4,599,10,1004.3,549,6,1004.2,3176,17,1004.7,96,1,1004.8,106,1,1004.9,241,7,1005.0,6514,25,1005.1,1163,10
317,2025-11-26 11:49:31+05:30,1004.6,8,998.09,5371596,435455.0,389968.0,986.2,1006.7,981.3,986.2,120654000,1084.8,887.6,1102.5,649.1,1004.6,5,1,1004.5,60,2,1004.4,599,10,1004.3,549,6,1004.2,3176,17,1004.7,96,1,1004.8,106,1,1004.9,241,7,1005.0,6514,25,1005.1,1163,10
317,2025-11-26 11:49:31+05:30,1004.6,8,998.09,5371596,435455.0,389968.0,986.2,1006.7,981.3,986.2,120654000,1084.8,887.6,1102.5,649.1,1004.6,5,1,1004.5,60,2,1004.4,599,10,1004.3,549,6,1004.2,3176,17,1004.7,96,1,1004.8,106,1,1004.9,241,7,1005.0,6514,25,1005.1,1163,10
317,2025-11-26 11:49:32+05:30,1004.5,53,998.09,5371596,435455.0,389968.0,986.2,1006.7,981.3,986.2,120654000,1084.8,887.6,1102.5,649.1,1004.6,5,1,1004.5,60,2,1004.4,599,10,1004.3,549,6,1004.2,3176,17,1004.7,96,1,1004.8,106,1,1004.9,241,7,1005.0,6514,25,1005.1,1163,10
317,2025-11-26 11:49:32+05:30,1004.5,53,998.09,5371655,435212.0,389232.0,986.2,1006.7,981.3,986.2,120654000,1084.8,887.6,1102.5,649.1,1004.5,17,1,1004.4,498,10,1004.3,717,7,1004.2,2841,16,1004.1,914,11,1004.7,96,1,1004.8,106,1,1004.9,286,8,1005.0,6514,25,1005.1,1163,10
317,2025-11-26 11:49:33+05:30,1004.5,53,998.09,5371655,435605.0,389233.0,986.2,1006.7,981.3,986.2,120654000,1084.8,887.6,1102.5,649.1,1004.5,28,2,1004.4,774,11,1004.3,745,8,1004.2,2841,16,1004.1,1164,12,1004.7,98,3,1004.8,106,1,1004.9,285,7,1005.0,6514,25,1005.1,1131,9
317,2025-11-26 11:49:34+05:30,1004.7,2,998.09,5371655,435605.0,389233.0,986.2,1006.7,981.3,986.2,120654000,1084.8,887.6,1102.5,649.1,1004.5,28,2,1004.4,774,11,1004.3,745,8,1004.2,2841,16,1004.1,1164,12,1004.7,98,3,1004.8,106,1,1004.9,285,7,1005.0,6514,25,1005.1,1131,9
317,2025-11-26 11:49:34+05:30,1004.7,2,998.09,5371657,434616.0,390150.0,986.2,1006.7,981.3,986.2,120654000,1084.8,887.6,1102.5,649.1,1004.6,155,2,1004.5,101,4,1004.4,770,11,1004.3,549,6,1004.2,1434,9,1004.7,96,3,1004.8,153,2,1004.9,286,8,1005.0,6482,24,1005.1,1163,10
317,2025-11-26 11:49:35+05:30,1004.6,119,998.09,5372160,436955.0,389049.0,986.2,1006.7,981.3,986.2,120654000,1084.8,887.6,1102.5,649.1,1004.5,140,4,1004.4,867,12,1004.3,551,7,1004.2,2012,10,1004.1,2032,15,1004.6,96,1,1004.7,2,2,1004.8,153,2,1004.9,128,7,1005.0,6595,25
317,2025-11-26 11:49:36+05:30,1004.6,76,998.09,5372160,436955.0,389049.0,986.2,1006.7,981.3,986.2,120654000,1084.8,887.6,1102.5,649.1,1004.5,140,4,1004.4,867,12,1004.3,551,7,1004.2,2012,10,1004.1,2032,15,1004.6,96,1,1004.7,2,2,1004.8,153,2,1004.9,128,7,1005.0,6595,25
317,2025-11-26 11:49:36+05:30,1004.6,176,998.09,5372608,437020.0,389551.0,986.2,1006.7,981.3,986.2,120654000,1084.8,887.6,1102.5,649.1,1004.6,406,4,1004.5,110,3,1004.4,997,14,1004.3,945,9,1004.2,2999,13,1004.7,2,2,1004.8,106,1,1004.9,123,6,1005.0,6482,24,1005.1,1017,7
317,2025-11-26 11:49:37+05:30,1004.6,176,998.09,5372608,437020.0,389551.0,986.2,1006.7,981.3,986.2,120654000,1084.8,887.6,1102.5,649.1,1004.6,406,4,1004.5,110,3,1004.4,997,14,1004.3,945,9,1004.2,2999,13,1004.7,2,2,1004.8,106,1,1004.9,123,6,1005.0,6482,24,1005.1,1017,7
317,2025-11-26 11:49:37+05:30,1004.9,150,998.09,5373576,437421.0,387386.0,986.2,1006.7,981.3,986.2,120654000,1084.8,887.6,1102.5,649.1,1004.9,33,1,1004.8,180,4,1004.7,315,3,1004.6,774,7,1004.5,496,6,1005.0,6220,22,1005.1,542,3,1005.2,477,7,1005.3,544,5,1005.4,459,5
317,2025-11-26 11:49:38+05:30,1004.9,5,998.09,5373576,437421.0,387386.0,986.2,1006.7,981.3,986.2,120654000,1084.8,887.6,1102.5,649.1,1004.9,33,1,1004.8,180,4,1004.7,315,3,1004.6,774,7,1004.5,496,6,1005.0,6220,22,1005.1,542,3,1005.2,477,7,1005.3,544,5,1005.4,459,5
317,2025-11-26 11:49:38+05:30,1004.9,20,998.09,5373678,437165.0,387678.0,986.2,1006.7,981.3,986.2,120654000,1084.8,887.6,1102.5,649.1,1004.9,120,6,1004.8,223,15,1004.7,454,4,1004.6,1007,9,1004.5,854,7,1005.0,6167,19,1005.1,542,3,1005.2,312,5,1005.3,544,5,1005.4,708,8
317,2025-11-26 11:49:39+05:30,1005.0,122,998.09,5373678,437165.0,387678.0,986.2,1006.7,981.3,986.2,120654000,1084.8,887.6,1102.5,649.1,1004.9,120,6,1004.8,223,15,1004.7,454,4,1004.6,1007,9,1004.5,854,7,1005.0,6167,19,1005.1,542,3,1005.2,312,5,1005.3,544,5,1005.4,708,8
317,2025-11-26 11:49:39+05:30,1005.0,122,998.09,5377196,435073.0,386928.0,986.2,1006.7,981.3,986.2,120654000,1084.8,887.6,1102.5,649.1,1004.9,32,2,1004.8,33,1,1004.7,289,2,1004.6,573,5,1004.5,432,5,1005.0,6229,19,1005.1,869,7,1005.2,445,6,1005.3,768,10,1005.4,816,11
317,2025-11-26 11:49:40+05:30,1004.9,1,998.09,5377196,435073.0,386928.0,986.2,1006.7,981.3,986.2,120654000,1084.8,887.6,1102.5,649.1,1004.9,32,2,1004.8,33,1,1004.7,289,2,1004.6,573,5,1004.5,432,5,1005.0,6229,19,1005.1,869,7,1005.2,445,6,1005.3,768,10,1005.4,816,11
317,2025-11-26 11:49:40+05:30,1004.9,1,998.09,5377197,433639.0,387916.0,986.2,1006.7,981.3,986.2,120654000,1084.8,887.6,1102.5,649.1,1004.9,69,11,1004.8,33,1,1004.7,348,3,1004.6,573,5,1004.5,600,6,1005.0,6229,19,1005.1,869,7,1005.2,448,7,1005.3,768,10,1005.4,816,11
317,2025-11-26 11:49:41+05:30,1005.0,147,998.09,5377197,433639.0,387916.0,986.2,1006.7,981.3,986.2,120654000,1084.8,887.6,1102.5,649.1,1004.9,69,11,1004.8,33,1,1004.7,348,3,1004.6,573,5,1004.5,600,6,1005.0,6229,19,1005.1,869,7,1005.2,448,7,1005.3,768,10,1005.4,816,11
317,2025-11-26 11:49:41+05:30,1005.0,147,998.1,5379220,437422.0,386458.0,986.2,1006.7,981.3,986.2,120654000,1084.8,887.6,1102.5,649.1,1004.9,201,17,1004.8,191,5,1004.7,397,4,1004.6,1721,11,1004.5,2130,9,1005.0,5768,20,1005.1,542,3,1005.2,448,7,1005.3,544,5,1005.4,851,10
317,2025-11-26 11:49:42+05:30,1005.1,48,998.1,5379220,437422.0,386458.0,986.2,1006.7,981.3,986.2,120654000,1084.8,887.6,1102.5,649.1,1004.9,201,17,1004.8,191,5,1004.7,397,4,1004.6,1721,11,1004.5,2130,9,1005.0,5768,20,1005.1,542,3,1005.2,448,7,1005.3,544,5,1005.4,851,10
317,2025-11-26 11:49:42+05:30,1005.1,48,998.11,5390521,442044.0,374189.0,986.2,1006.7,981.3,986.2,120654000,1084.8,887.6,1102.5,649.1,1005.1,312,6,1005.0,1762,10,1004.9,1666,40,1004.8,1068,14,1004.7,1863,12,1005.6,3319,3,1005.7,572,9,1005.8,654,9,1005.9,785,9,1006.0,10385,29
317,2025-11-26 11:49:42+05:30,1005.0,56,998.12,5395282,435757.0,377013.0,986.2,1006.7,981.3,986.2,120654000,1084.8,887.6,1102.5,649.1,1004.9,1969,33,1004.8,928,7,1004.7,934,13,1004.6,1965,11,1004.5,827,9,1005.4,502,6,1005.5,1008,6,1005.6,2355,5,1005.7,504,8,1005.8,634,8
317,2025-11-26 11:49:43+05:30,1005.0,56,998.12,5395282,435757.0,377013.0,986.2,1006.7,981.3,986.2,120654000,1084.8,887.6,1102.5,649.1,1004.9,1969,33,1004.8,928,7,1004.7,934,13,1004.6,1965,11,1004.5,827,9,1005.4,502,6,1005.5,1008,6,1005.6,2355,5,1005.7,504,8,1005.8,634,8
317,2025-11-26 11:49:44+05:30,1005.5,21,998.12,5395282,435757.0,377013.0,986.2,1006.7,981.3,986.2,120654000,1084.8,887.6,1102.5,649.1,1004.9,1969,33,1004.8,928,7,1004.7,934,13,1004.6,1965,11,1004.5,827,9,1005.4,502,6,1005.5,1008,6,1005.6,2355,5,1005.7,504,8,1005.8,634,8
317,2025-11-26 11:49:44+05:30,1005.5,21,998.12,5396890,438142.0,375941.0,986.2,1006.7,981.3,986.2,120654000,1084.8,887.6,1102.5,649.1,1005.2,113,2,1005.1,388,6,1005.0,767,8,1004.9,1312,33,1004.8,1015,13,1005.5,36,1,1005.6,2642,2,1005.7,327,5,1005.8,522,11,1005.9,1067,13
317,2025-11-26 11:49:45+05:30,1005.5,77,998.12,5396890,438142.0,375941.0,986.2,1006.7,981.3,986.2,120654000,1084.8,887.6,1102.5,649.1,1005.2,113,2,1005.1,388,6,1005.0,767,8,1004.9,1312,33,1004.8,1015,13,1005.5,36,1,1005.6,2642,2,1005.7,327,5,1005.8,522,11,1005.9,1067,13
317,2025-11-26 11:49:45+05:30,1005.5,14,998.12,5399506,436945.0,376282.0,986.2,1006.7,981.3,986.2,120654000,1084.8,887.6,1102.5,649.1,1005.0,226,5,1004.9,1481,35,1004.8,630,11,1004.7,2283,15,1004.6,1579,13,1005.5,1358,5,1005.6,3114,6,1005.7,410,6,1005.8,708,13,1005.9,925,14
317,2025-11-26 11:49:46+05:30,1005.5,18,998.12,5399506,436945.0,376282.0,986.2,1006.7,981.3,986.2,120654000,1084.8,887.6,1102.5,649.1,1005.0,226,5,1004.9,1481,35,1004.8,630,11,1004.7,2283,15,1004.6,1579,13,1005.5,1358,5,1005.6,3114,6,1005.7,410,6,1005.8,708,13,1005.9,925,14
317,2025-11-26 11:49:46+05:30,1005.6,110,998.13,5404038,438234.0,373283.0,986.2,1006.7,981.3,986.2,120654000,1084.8,887.6,1102.5,649.1,1005.1,298,6,1005.0,1039,11,1004.9,1504,36,1004.8,1137,14,1004.7,2470,17,1005.6,563,2,1005.7,302,5,1005.8,587,11,1005.9,895,10,1006.0,10651,34
317,2025-11-26 11:49:47+05:30,1005.7,3,998.13,5404038,438234.0,373283.0,986.2,1006.7,981.3,986.2,120654000,1084.8,887.6,1102.5,649.1,1005.1,298,6,1005.0,1039,11,1004.9,1504,36,1004.8,1137,14,1004.7,2470,17,1005.6,563,2,1005.7,302,5,1005.8,587,11,1005.9,895,10,1006.0,10651,34
317,2025-11-26 11:49:47+05:30,1005.8,21,998.14,5408992,438692.0,370458.0,986.2,1006.7,981.3,986.2,120654000,1084.8,887.6,1102.5,649.1,1005.3,861,6,1005.2,978,8,1005.1,702,13,1005.0,964,11,1004.9,3341,41,1005.9,108,4,1006.0,10139,27,1006.1,563,7,1006.2,667,10,1006.3,1028,13
317,2025-11-26 11:49:48+05:30,1005.9,3,998.14,5408992,438692.0,370458.0,986.2,1006.7,981.3,986.2,120654000,1084.8,887.6,1102.5,649.1,1005.3,861,6,1005.2,978,8,1005.1,702,13,1005.0,964,11,1004.9,3341,41,1005.9,108,4,1006.0,10139,27,1006.1,563,7,1006.2,667,10,1006.3,1028,13
317,2025-11-26 11:49:48+05:30,1005.9,3,998.14,5409852,444022.0,365101.0,986.2,1006.7,981.3,986.2,120654000,1084.8,887.6,1102.5,649.1,1005.9,23,2,1005.6,361,4,1005.5,1315,9,1005.4,709,12,1005.3,837,9,1006.0,8991,19,1006.2,195,2,1006.3,574,8,1006.4,591,6,1006.5,1419,17
317,2025-11-26 11:49:49+05:30,1005.9,16,998.14,5409852,444022.0,365101.0,986.2,1006.7,981.3,986.2,120654000,1084.8,887.6,1102.5,649.1,1005.9,23,2,1005.6,361,4,1005.5,1315,9,1005.4,709,12,1005.3,837,9,1006.0,8991,19,1006.2,195,2,1006.3,574,8,1006.4,591,6,1006.5,1419,17
317,2025-11-26 11:49:49+05:30,1005.9,16,998.14,5410926,440875.0,370174.0,986.2,1006.7,981.3,986.2,120654000,1084.8,887.6,1102.5,649.1,1005.5,87,1,1005.4,459,4,1005.3,863,11,1005.2,467,6,1005.1,2367,16,1005.9,347,3,1006.0,10150,26,1006.1,731,6,1006.2,653,7,1006.3,751,11
317,2025-11-26 11:49:50+05:30,1005.9,16,998.14,5410926,439857.0,370772.0,986.2,1006.7,981.3,986.2,120654000,1084.8,887.6,1102.5,649.1,1005.4,314,3,1005.3,249,2,1005.2,652,10,1005.1,1735,16,1005.0,823,8,1005.7,96,1,1005.8,34,2,1005.9,906,6,1006.0,10264,27,1006.1,811,8
317,2025-11-26 11:49:51+05:30,1005.7,85,998.14,5410926,439857.0,370772.0,986.2,1006.7,981.3,986.2,120654000,1084.8,887.6,1102.5,649.1,1005.4,314,3,1005.3,249,2,1005.2,652,10,1005.1,1735,16,1005.0,823,8,1005.7,96,1,1005.8,34,2,1005.9,906,6,1006.0,10264,27,1006.1,811,8
317,2025-11-26 11:49:51+05:30,1005.7,85,998.14,5411631,438836.0,373525.0,986.2,1006.7,981.3,986.2,120654000,1084.8,887.6,1102.5,649.1,1005.4,27,1,1005.3,295,4,1005.2,222,2,1005.1,894,10,1005.0,1049,17,1005.6,1,1,1005.7,96,1,1005.8,257,4,1005.9,1175,9,1006.0,10390,29
317,2025-11-26 11:49:52+05:30,1005.9,98,998.14,5411631,438836.0,373525.0,986.2,1006.7,981.3,986.2,120654000,1084.8,887.6,1102.5,649.1,1005.4,27,1,1005.3,295,4,1005.2,222,2,1005.1,894,10,1005.0,1049,17,1005.6,1,1,1005.7,96,1,1005.8,257,4,1005.9,1175,9,1006.0,10390,29
317,2025-11-26 11:49:52+05:30,1005.4,19,998.14,5412607,439798.0,372524.0,986.2,1006.7,981.3,986.2,120654000,1084.8,887.6,1102.5,649.1,1005.4,190,4,1005.3,356,8,1005.2,633,8,1005.1,973,10,1005.0,1434,16,1005.9,1372,5,1006.0,10058,24,1006.1,464,5,1006.2,955,14,1006.3,667,14
317,2025-11-26 11:49:53+05:30,1005.4,19,998.14,5412607,439798.0,372524.0,986.2,1006.7,981.3,986.2,120654000,1084.8,887.6,1102.5,649.1,1005.4,190,4,1005.3,356,8,1005.2,633,8,1005.1,973,10,1005.0,1434,16,1005.9,1372,5,1006.0,10058,24,1006.1,464,5,1006.2,955,14,1006.3,667,14
317,2025-11-26 11:49:53+05:30,1005.4,19,998.14,5412607,439345.0,372567.0,986.2,1006.7,981.3,986.2,120654000,1084.8,887.6,1102.5,649.1,1005.4,109,3,1005.3,473,8,1005.2,633,8,1005.1,973,10,1005.0,1434,16,1005.9,1478,9,1006.0,10147,26,1006.1,543,6,1006.2,955,14,1006.3,667,14
317,2025-11-26 11:49:54+05:30,1005.8,1,998.14,5412607,439345.0,372567.0,986.2,1006.7,981.3,986.2,120654000,1084.8,887.6,1102.5,649.1,1005.4,109,3,1005.3,473,8,1005.2,633,8,1005.1,973,10,1005.0,1434,16,1005.9,1478,9,1006.0,10147,26,1006.1,543,6,1006.2,955,14,1006.3,667,14
317,2025-11-26 11:49:54+05:30,1005.5,112,998.14,5412844,435174.0,373302.0,986.2,1006.7,981.3,986.2,120654000,1084.8,887.6,1102.5,649.1,1005.4,19,2,1005.3,173,3,1005.2,475,6,1005.1,1407,11,1005.0,1481,16,1005.7,28,1,1005.8,390,5,1005.9,1559,7,1006.0,10019,29,1006.1,553,7
317,2025-11-26 11:49:55+05:30,1005.5,112,998.14,5412844,435174.0,373302.0,986.2,1006.7,981.3,986.2,120654000,1084.8,887.6,1102.5,649.1,1005.4,19,2,1005.3,173,3,1005.2,475,6,1005.1,1407,11,1005.0,1481,16,1005.7,28,1,1005.8,390,5,1005.9,1559,7,1006.0,10019,29,1006.1,553,7
317,2025-11-26 11:49:55+05:30,1005.4,1,998.14,5412845,435469.0,374188.0,986.2,1006.7,981.3,986.2,120654000,1084.8,887.6,1102.5,649.1,1005.4,18,2,1005.3,92,2,1005.2,340,5,1005.1,973,10,1005.0,1481,16,1005.8,683,8,1005.9,1826,11,1006.0,10019,29,1006.1,553,7,1006.2,880,14
317,2025-11-26 11:49:56+05:30,1005.8,9,998.14,5412845,435469.0,374188.0,986.2,1006.7,981.3,986.2,120654000,1084.8,887.6,1102.5,649.1,1005.4,18,2,1005.3,92,2,1005.2,340,5,1005.1,973,10,1005.0,1481,16,1005.8,683,8,1005.9,1826,11,1006.0,10019,29,1006.1,553,7,1006.2,880,14
317,2025-11-26 11:49:56+05:30,1005.8,9,998.14,5412855,438279.0,374398.0,986.2,1006.7,981.3,986.2,120654000,1084.8,887.6,1102.5,649.1,1005.4,18,2,1005.3,87,1,1005.2,275,3,1005.1,767,8,1005.0,1507,18,1005.8,781,11,1005.9,1732,9,1006.0,10019,29,1006.1,688,9,1006.2,880,14
317,2025-11-26 11:49:57+05:30,1005.8,9,998.14,5412855,438704.0,374443.0,986.2,1006.7,981.3,986.2,120654000,1084.8,887.6,1102.5,649.1,1005.4,18,2,1005.3,87,1,1005.2,188,3,1005.1,671,8,1005.0,1110,15,1005.5,46,1,1005.7,54,2,1005.8,851,12,1005.9,1755,9,1006.0,10019,29
317,2025-11-26 11:49:58+05:30,1005.8,9,998.14,5412855,438734.0,376655.0,986.2,1006.7,981.3,986.2,120654000,1084.8,887.6,1102.5,649.1,1005.4,18,2,1005.3,87,1,1005.2,188,3,1005.1,684,9,1005.0,1097,14,1005.5,46,1,1005.7,64,3,1005.8,851,12,1005.9,1834,10,1006.0,9772,28
317,2025-11-26 11:49:59+05:30,1005.5,46,998.14,5412855,438734.0,376655.0,986.2,1006.7,981.3,986.2,120654000,1084.8,887.6,1102.5,649.1,1005.4,18,2,1005.3,87,1,1005.2,188,3,1005.1,684,9,1005.0,1097,14,1005.5,46,1,1005.7,64,3,1005.8,851,12,1005.9,1834,10,1006.0,9772,28
317,2025-11-26 11:49:59+05:30,1005.5,46,998.14,5412901,438092.0,376351.0,986.2,1006.7,981.3,986.2,120654000,1084.8,887.6,1102.5,649.1,1005.4,18,2,1005.3,87,1,1005.2,188,3,1005.1,598,9,1005.0,1146,15,1005.7,111,3,1005.8,806,10,1005.9,1796,8,1006.0,9767,27,1006.1,716,9
317,2025-11-26 11:50:00+05:30,1005.4,82,998.14,5413239,433721.0,380658.0,986.2,1006.7,981.3,986.2,120654000,1084.8,887.6,1102.5,649.1,1005.1,39,1,1005.0,492,2,1004.9,999,3,1004.8,1219,6,1004.7,545,9,1005.4,119,3,1005.5,673,10,1005.6,888,11,1005.7,622,7,1005.8,763,11
317,2025-11-26 11:50:01+05:30,1005.4,2,998.14,5413239,433721.0,380658.0,986.2,1006.7,981.3,986.2,120654000,1084.8,887.6,1102.5,649.1,1005.1,39,1,1005.0,492,2,1004.9,999,3,1004.8,1219,6,1004.7,545,9,1005.4,119,3,1005.5,673,10,1005.6,888,11,1005.7,622,7,1005.8,763,11
317,2025-11-26 11:50:01+05:30,1005.4,2,998.14,5413243,430987.0,380924.0,986.2,1006.7,981.3,986.2,120654000,1084.8,887.6,1102.5,649.1,1005.1,39,1,1005.0,492,2,1004.9,999,3,1004.8,530,6,1004.7,754,12,1005.3,89,1,1005.4,140,3,1005.5,491,8,1005.6,995,12,1005.7,633,9
317,2025-11-26 11:50:02+05:30,1005.0,324,998.14,5413243,430987.0,380924.0,986.2,1006.7,981.3,986.2,120654000,1084.8,887.6,1102.5,649.1,1005.1,39,1,1005.0,492,2,1004.9,999,3,1004.8,530,6,1004.7,754,12,1005.3,89,1,1005.4,140,3,1005.5,491,8,1005.6,995,12,1005.7,633,9
317,2025-11-26 11:50:02+05:30,1005.0,324,998.14,5413735,432826.0,382419.0,986.2,1006.7,981.3,986.2,120654000,1084.8,887.6,1102.5,649.1,1005.0,50,1,1004.9,750,1,1004.7,586,6,1004.6,1059,14,1004.5,846,8,1005.3,484,6,1005.4,559,9,1005.5,926,10,1005.6,1180,14,1005.7,697,9
317,2025-11-26 11:50:03+05:30,1005.0,324,998.14,5413735,430190.0,382218.0,986.2,1006.7,981.3,986.2,120654000,1084.8,887.6,1102.5,649.1,1005.1,50,1,1005.0,1,1,1004.9,750,1,1004.8,287,2,1004.7,612,8,1005.3,352,4,1005.4,487,9,1005.5,820,9,1005.6,1143,12,1005.7,710,9
317,2025-11-26 11:50:04+05:30,1005.0,324,998.14,5413735,430230.0,376777.0,986.2,1006.7,981.3,986.2,120654000,1084.8,887.6,1102.5,649.1,1005.1,50,1,1005.0,1,1,1004.9,930,2,1004.8,287,2,1004.7,612,8,1005.3,119,2,1005.4,307,8,1005.5,941,11,1005.6,1270,14,1005.7,710,9
317,2025-11-26 11:50:05+05:30,1005.1,200,998.14,5413935,432672.0,375452.0,986.2,1006.7,981.3,986.2,120654000,1084.8,887.6,1102.5,649.1,1005.0,1,1,1004.9,1075,5,1004.8,564,7,1004.7,708,8,1004.6,1018,14,1005.1,96,1,1005.3,90,2,1005.4,132,3,1005.5,645,6,1005.6,918,12
317,2025-11-26 11:50:06+05:30,1005.1,1,998.14,5413935,432672.0,375452.0,986.2,1006.7,981.3,986.2,120654000,1084.8,887.6,1102.5,649.1,1005.0,1,1,1004.9,1075,5,1004.8,564,7,1004.7,708,8,1004.6,1018,14,1005.1,96,1,1005.3,90,2,1005.4,132,3,1005.5,645,6,1005.6,918,12
317,2025-11-26 11:50:06+05:30,1005.1,118,998.14,5414689,432521.0,373768.0,986.2,1006.7,981.3,986.2,120654000,1084.8,887.6,1102.5,649.1,1005.0,163,2,1004.9,1157,8,1004.8,561,7,1004.7,938,8,1004.6,1587,17,1005.3,90,2,1005.4,10,1,1005.5,91,1,1005.6,560,7,1005.7,566,8
317,2025-11-26 11:50:07+05:30,1005.1,118,998.14,5414689,432521.0,373768.0,986.2,1006.7,981.3,986.2,120654000,1084.8,887.6,1102.5,649.1,1005.0,163,2,1004.9,1157,8,1004.8,561,7,1004.7,938,8,1004.6,1587,17,1005.3,90,2,1005.4,10,1,1005.5,91,1,1005.6,560,7,1005.7,566,8
317,2025-11-26 11:50:07+05:30,1005.1,50,998.14,5414739,433068.0,374556.0,986.2,1006.7,981.3,986.2,120654000,1084.8,887.6,1102.5,649.1,1005.1,31,1,1005.0,317,3,1004.9,1184,9,1004.8,641,8,1004.7,938,8,1005.3,90,2,1005.4,10,1,1005.5,180,3,1005.6,493,6,1005.7,566,8
317,2025-11-26 11:50:08+05:30,1005.3,168,998.14,5414739,433068.0,374556.0,986.2,1006.7,981.3,986.2,120654000,1084.8,887.6,1102.5,649.1,1005.1,31,1,1005.0,317,3,1004.9,1184,9,1004.8,641,8,1004.7,938,8,1005.3,90,2,1005.4,10,1,1005.5,180,3,1005.6,493,6,1005.7,566,8
317,2025-11-26 11:50:08+05:30,1005.3,3,998.14,5415108,433204.0,374459.0,986.2,1006.7,981.3,986.2,120654000,1084.8,887.6,1102.5,649.1,1005.2,68,1,1005.1,59,4,1005.0,595,6,1004.9,1251,8,1004.8,628,7,1005.4,210,2,1005.5,180,3,1005.6,337,4,1005.7,566,8,1005.8,773,11
317,2025-11-26 11:50:09+05:30,1005.5,22,998.14,5415108,433204.0,374459.0,986.2,1006.7,981.3,986.2,120654000,1084.8,887.6,1102.5,649.1,1005.2,68,1,1005.1,59,4,1005.0,595,6,1004.9,1251,8,1004.8,628,7,1005.4,210,2,1005.5,180,3,1005.6,337,4,1005.7,566,8,1005.8,773,11
317,2025-11-26 11:50:09+05:30,1005.5,15,998.15,5415424,437016.0,372974.0,986.2,1006.7,981.3,986.2,120654000,1084.8,887.6,1102.5,649.1,1005.2,181,3,1005.1,672,11,1005.0,894,12,1004.9,2148,10,1004.8,2095,10,1005.5,118,3,1005.6,2,1,1005.7,291,4,1005.8,577,8,1005.9,1704,9
317,2025-11-26 11:50:10+05:30,1005.8,8,998.15,5415424,437016.0,372974.0,986.2,1006.7,981.3,986.2,120654000,1084.8,887.6,1102.5,649.1,1005.2,181,3,1005.1,672,11,1005.0,894,12,1004.9,2148,10,1004.8,2095,10,1005.5,118,3,1005.6,2,1,1005.7,291,4,1005.8,577,8,1005.9,1704,9
317,2025-11-26 11:50:10+05:30,1005.8,1,998.15,5417034,443632.0,368912.0,986.2,1006.7,981.3,986.2,120654000,1084.8,887.6,1102.5,649.1,1005.8,71,2,1005.6,5,1,1005.5,457,3,1005.4,837,7,1005.3,892,14,1005.9,869,3,1006.0,3996,18,1006.1,360,4,1006.2,761,8,1006.3,730,10
317,2025-11-26 11:50:11+05:30,1005.8,71,998.15,5417034,443632.0,368912.0,986.2,1006.7,981.3,986.2,120654000,1084.8,887.6,1102.5,649.1,1005.8,71,2,1005.6,5,1,1005.5,457,3,1005.4,837,7,1005.3,892,14,1005.9,869,3,1006.0,3996,18,1006.1,360,4,1006.2,761,8,1006.3,730,10
317,2025-11-26 11:50:11+05:30,1005.7,100,998.15,5417205,442169.0,369728.0,986.2,1006.7,981.3,986.2,120654000,1084.8,887.6,1102.5,649.1,1005.7,34,1,1005.5,183,2,1005.4,898,7,1005.3,779,16,1005.2,857,8,1005.9,894,5,1006.0,4640,22,1006.1,625,9,1006.2,771,9,1006.3,761,13
317,2025-11-26 11:50:12+05:30,1005.7,100,998.15,5417205,442169.0,369728.0,986.2,1006.7,981.3,986.2,120654000,1084.8,887.6,1102.5,649.1,1005.7,34,1,1005.5,183,2,1005.4,898,7,1005.3,779,16,1005.2,857,8,1005.9,894,5,1006.0,4640,22,1006.1,625,9,1006.2,771,9,1006.3,761,13
317,2025-11-26 11:50:12+05:30,1005.7,100,998.15,5417205,441483.0,369471.0,986.2,1006.7,981.3,986.2,120654000,1084.8,887.6,1102.5,649.1,1005.6,9,1,1005.5,194,3,1005.4,824,6,1005.3,792,18,1005.2,932,9,1005.9,894,5,1006.0,4673,25,1006.1,576,7,1006.2,798,10,1006.3,748,12
317,2025-11-26 11:50:13+05:30,1005.7,100,998.15,5417205,441982.0,369756.0,986.2,1006.7,981.3,986.2,120654000,1084.8,887.6,1102.5,649.1,1005.8,9,1,1005.6,6,1,1005.5,194,3,1005.4,981,8,1005.3,838,20,1005.9,894,5,1006.0,4652,25,1006.1,419,6,1006.2,716,9,1006.3,748,12
317,2025-11-26 11:50:14+05:30,1005.9,1,998.15,5417321,440878.0,370096.0,986.2,1006.7,981.3,986.2,120654000,1084.8,887.6,1102.5,649.1,1005.8,9,1,1005.6,6,1,1005.5,118,3,1005.4,483,7,1005.3,1205,20,1005.9,888,4,1006.0,4679,26,1006.1,392,5,1006.2,772,10,1006.3,761,13
317,2025-11-26 11:50:15+05:30,1005.4,179,998.15,5417321,440878.0,370096.0,986.2,1006.7,981.3,986.2,120654000,1084.8,887.6,1102.5,649.1,1005.8,9,1,1005.6,6,1,1005.5,118,3,1005.4,483,7,1005.3,1205,20,1005.9,888,4,1006.0,4679,26,1006.1,392,5,1006.2,772,10,1006.3,761,13
317,2025-11-26 11:50:15+05:30,1005.4,179,998.15,5417821,441113.0,369428.0,986.2,1006.7,981.3,986.2,120654000,1084.8,887.6,1102.5,649.1,1005.7,95,3,1005.5,87,1,1005.4,417,6,1005.3,994,20,1005.2,1321,12,1005.8,380,1,1005.9,903,6,1006.0,4652,25,1006.1,529,7,1006.2,793,11
317,2025-11-26 11:50:16+05:30,1005.8,50,998.15,5417821,441113.0,369428.0,986.2,1006.7,981.3,986.2,120654000,1084.8,887.6,1102.5,649.1,1005.7,95,3,1005.5,87,1,1005.4,417,6,1005.3,994,20,1005.2,1321,12,1005.8,380,1,1005.9,903,6,1006.0,4652,25,1006.1,529,7,1006.2,793,11
317,2025-11-26 11:50:16+05:30,1005.8,11,998.15,5417895,443705.0,369599.0,986.2,1006.7,981.3,986.2,120654000,1084.8,887.6,1102.5,649.1,1005.7,117,5,1005.6,51,1,1005.5,655,7,1005.4,1135,12,1005.3,1236,20,1005.8,306,1,1005.9,864,3,1006.0,4387,21,1006.1,499,6,1006.2,701,9
317,2025-11-26 11:50:17+05:30,1005.8,5,998.15,5417895,443705.0,369599.0,986.2,1006.7,981.3,986.2,120654000,1084.8,887.6,1102.5,649.1,1005.7,117,5,1005.6,51,1,1005.5,655,7,1005.4,1135,12,1005.3,1236,20,1005.8,306,1,1005.9,864,3,1006.0,4387,21,1006.1,499,6,1006.2,701,9
317,2025-11-26 11:50:17+05:30,1005.8,28,998.15,5417950,443657.0,367336.0,986.2,1006.7,981.3,986.2,120654000,1084.8,887.6,1102.5,649.1,1005.7,118,6,1005.6,51,1,1005.5,655,7,1005.4,1140,12,1005.3,1236,20,1005.8,253,2,1005.9,864,3,1006.0,4422,22,1006.1,504,7,1006.2,714,10
317,2025-11-26 11:50:18+05:30,1005.8,28,998.15,5417950,443657.0,367336.0,986.2,1006.7,981.3,986.2,120654000,1084.8,887.6,1102.5,649.1,1005.7,118,6,1005.6,51,1,1005.5,655,7,1005.4,1140,12,1005.3,1236,20,1005.8,253,2,1005.9,864,3,1006.0,4422,22,1006.1,504,7,1006.2,714,10
317,2025-11-26 11:50:18+05:30,1005.8,28,998.15,5417950,441645.0,367010.0,986.2,1006.7,981.3,986.2,120654000,1084.8,887.6,1102.5,649.1,1005.7,118,6,1005.5,323,4,1005.4,965,7,1005.3,1300,24,1005.2,868,8,1005.8,253,2,1005.9,912,4,1006.0,4494,23,1006.1,531,8,1006.2,714,10
317,2025-11-26 11:50:19+05:30,1005.8,136,998.15,5417950,441645.0,367010.0,986.2,1006.7,981.3,986.2,120654000,1084.8,887.6,1102.5,649.1,1005.7,118,6,1005.5,323,4,1005.4,965,7,1005.3,1300,24,1005.2,868,8,1005.8,253,2,1005.9,912,4,1006.0,4494,23,1006.1,531,8,1006.2,714,10
317,2025-11-26 11:50:19+05:30,1005.8,136,998.15,5418086,443087.0,366743.0,986.2,1006.7,981.3,986.2,120654000,1084.8,887.6,1102.5,649.1,1005.7,118,6,1005.5,318,3,1005.4,1059,10,1005.3,1339,27,1005.2,2211,11,1005.8,117,2,1005.9,912,4,1006.0,4679,25,1006.1,524,7,1006.2,768,9
317,2025-11-26 11:50:20+05:30,1005.8,1,998.15,5418086,443087.0,366743.0,986.2,1006.7,981.3,986.2,120654000,1084.8,887.6,1102.5,649.1,1005.7,118,6,1005.5,318,3,1005.4,1059,10,1005.3,1339,27,1005.2,2211,11,1005.8,117,2,1005.9,912,4,1006.0,4679,25,1006.1,524,7,1006.2,768,9
317,2025-11-26 11:50:20+05:30,1005.7,254,998.15,5419041,442333.0,366417.0,986.2,1006.7,981.3,986.2,120654000,1084.8,887.6,1102.5,649.1,1005.6,82,1,1005.5,449,6,1005.4,1076,15,1005.3,1303,24,1005.2,2078,14,1005.8,116,2,1005.9,864,3,1006.0,4427,23,1006.1,364,4,1006.2,571,8
317,2025-11-26 11:50:21+05:30,1005.7,254,998.15,5419041,442333.0,366417.0,986.2,1006.7,981.3,986.2,120654000,1084.8,887.6,1102.5,649.1,1005.6,82,1,1005.5,449,6,1005.4,1076,15,1005.3,1303,24,1005.2,2078,14,1005.8,116,2,1005.9,864,3,1006.0,4427,23,1006.1,364,4,1006.2,571,8
317,2025-11-26 11:50:21+05:30,1005.6,64,998.15,5419105,442217.0,366637.0,986.2,1006.7,981.3,986.2,120654000,1084.8,887.6,1102.5,649.1,1005.6,188,3,1005.5,268,4,1005.4,1046,14,1005.3,1069,24,1005.2,2078,14,1005.8,116,2,1005.9,864,3,1006.0,4427,23,1006.1,364,4,1006.2,570,7
317,2025-11-26 11:50:22+05:30,1005.9,384,998.15,5419105,442217.0,366637.0,986.2,1006.7,981.3,986.2,120654000,1084.8,887.6,1102.5,649.1,1005.6,188,3,1005.5,268,4,1005.4,1046,14,1005.3,1069,24,1005.2,2078,14,1005.8,116,2,1005.9,864,3,1006.0,4427,23,1006.1,364,4,1006.2,570,7
317,2025-11-26 11:50:22+05:30,1005.9,478,998.15,5420091,447286.0,361346.0,986.2,1006.7,981.3,986.2,120654000,1084.8,887.6,1102.5,649.1,1005.8,223,4,1005.7,183,3,1005.6,1186,15,1005.5,1222,16,1005.4,2206,17,1006.0,4427,23,1006.2,100,1,1006.3,110,2,1006.4,240,3,1006.5,1178,14
317,2025-11-26 11:50:23+05:30,1005.9,478,998.15,5420091,447286.0,361346.0,986.2,1006.7,981.3,986.2,120654000,1084.8,887.6,1102.5,649.1,1005.8,223,4,1005.7,183,3,1005.6,1186,15,1005.5,1222,16,1005.4,2206,17,1006.0,4427,23,1006.2,100,1,1006.3,110,2,1006.4,240,3,1006.5,1178,14
317,2025-11-26 11:50:23+05:30,1006.1,5,998.16,5427299,448538.0,354043.0,986.2,1006.7,981.3,986.2,120654000,1084.8,887.6,1102.5,649.1,1006.1,349,5,1006.0,530,11,1005.9,1274,8,1005.8,2196,19,1005.7,1146,17,1006.5,488,5,1006.7,493,5,1006.8,772,9,1006.9,1942,17,1007.0,8993,54
317,2025-11-26 11:50:24+05:30,1006.1,5,998.16,5427299,448538.0,354043.0,986.2,1006.7,981.3,986.2,120654000,1084.8,887.6,1102.5,649.1,1006.1,349,5,1006.0,530,11,1005.9,1274,8,1005.8,2196,19,1005.7,1146,17,1006.5,488,5,1006.7,493,5,1006.8,772,9,1006.9,1942,17,1007.0,8993,54
317,2025-11-26 11:50:24+05:30,1006.5,105,998.17,5430769,446126.0,353375.0,986.2,1006.8,981.3,986.2,120654000,1084.8,887.6,1102.5,649.1,1006.5,33,2,1006.4,55,2,1006.3,107,2,1006.2,498,6,1006.1,1170,10,1006.8,25,1,1006.9,1746,11,1007.0,8932,50,1007.1,652,10,1007.2,606,7
317,2025-11-26 11:50:25+05:30,1006.5,9,998.17,5430769,446126.0,353375.0,986.2,1006.8,981.3,986.2,120654000,1084.8,887.6,1102.5,649.1,1006.5,33,2,1006.4,55,2,1006.3,107,2,1006.2,498,6,1006.1,1170,10,1006.8,25,1,1006.9,1746,11,1007.0,8932,50,1007.1,652,10,1007.2,606,7
317,2025-11-26 11:50:25+05:30,1006.9,162,998.17,5431449,445467.0,355362.0,986.2,1006.9,981.3,986.2,120654000,1084.8,887.6,1102.5,649.1,1006.5,107,2,1006.4,268,4,1006.3,235,3,1006.2,824,13,1006.1,1349,12,1006.7,31,1,1006.8,667,1,1006.9,1751,5,1007.0,8721,48,1007.1,712,10
317,2025-11-26 11:50:26+05:30,1006.9,162,998.17,5431449,445467.0,355362.0,986.2,1006.9,981.3,986.2,120654000,1084.8,887.6,1102.5,649.1,1006.5,107,2,1006.4,268,4,1006.3,235,3,1006.2,824,13,1006.1,1349,12,1006.7,31,1,1006.8,667,1,1006.9,1751,5,1007.0,8721,48,1007.1,712,10
317,2025-11-26 11:50:27+05:30,1006.8,2,998.17,5431449,445467.0,355362.0,986.2,1006.9,981.3,986.2,120654000,1084.8,887.6,1102.5,649.1,1006.5,107,2,1006.4,268,4,1006.3,235,3,1006.2,824,13,1006.1,1349,12,1006.7,31,1,1006.8,667,1,1006.9,1751,5,1007.0,8721,48,1007.1,712,10
317,2025-11-26 11:50:27+05:30,1006.8,2,998.17,5435411,449278.0,349817.0,986.2,1007.0,981.3,986.2,120654000,1084.8,887.6,1102.5,649.1,1006.8,59,3,1006.7,136,4,1006.6,422,4,1006.5,1187,11,1006.4,1966,20,1007.0,8071,37,1007.2,185,2,1007.3,438,5,1007.4,568,5,1007.5,994,20
317,2025-11-26 11:50:28+05:30,1007.0,12,998.17,5435411,449278.0,349817.0,986.2,1007.0,981.3,986.2,120654000,1084.8,887.6,1102.5,649.1,1006.8,59,3,1006.7,136,4,1006.6,422,4,1006.5,1187,11,1006.4,1966,20,1007.0,8071,37,1007.2,185,2,1007.3,438,5,1007.4,568,5,1007.5,994,20
317,2025-11-26 11:50:28+05:30,1007.0,12,998.18,5435617,448949.0,350445.0,986.2,1007.0,981.3,986.2,120654000,1084.8,887.6,1102.5,649.1,1006.8,39,2,1006.7,103,2,1006.6,399,5,1006.5,1187,11,1006.4,1911,18,1007.0,8195,34,1007.1,286,1,1007.2,241,3,1007.3,487,6,1007.4,602,5
317,2025-11-26 11:50:29+05:30,1007.0,91,998.18,5435617,448949.0,350445.0,986.2,1007.0,981.3,986.2,120654000,1084.8,887.6,1102.5,649.1,1006.8,39,2,1006.7,103,2,1006.6,399,5,1006.5,1187,11,1006.4,1911,18,1007.0,8195,34,1007.1,286,1,1007.2,241,3,1007.3,487,6,1007.4,602,5
317,2025-11-26 11:50:29+05:30,1007.0,91,998.18,5435808,450748.0,352151.0,986.2,1007.0,981.3,986.2,120654000,1084.8,887.6,1102.5,649.1,1006.8,141,7,1006.7,363,7,1006.6,534,7,1006.5,1831,11,1006.4,2769,15,1007.0,8004,31,1007.1,286,1,1007.2,61,2,1007.3,366,5,1007.4,481,4
317,2025-11-26 11:50:30+05:30,1006.9,857,998.18,5436761,453139.0,352440.0,986.2,1007.0,981.3,986.2,120654000,1084.8,887.6,1102.5,649.1,1006.8,318,9,1006.7,828,10,1006.6,1485,9,1006.5,2069,11,1006.4,2044,14,1007.0,8004,31,1007.1,287,2,1007.2,56,1,1007.3,137,3,1007.4,342,3
317,2025-11-26 11:50:31+05:30,1006.8,8,998.18,5436761,453139.0,352440.0,986.2,1007.0,981.3,986.2,120654000,1084.8,887.6,1102.5,649.1,1006.8,318,9,1006.7,828,10,1006.6,1485,9,1006.5,2069,11,1006.4,2044,14,1007.0,8004,31,1007.1,287,2,1007.2,56,1,1007.3,137,3,1007.4,342,3
317,2025-11-26 11:50:31+05:30,1006.8,8,998.18,5436769,452210.0,353052.0,986.2,1007.0,981.3,986.2,120654000,1084.8,887.6,1102.5,649.1,1006.8,105,2,1006.7,749,12,1006.6,613,6,1006.5,1991,11,1006.4,2788,15,1007.0,8005,32,1007.1,5787,3,1007.2,81,2,1007.3,322,5,1007.4,357,4
317,2025-11-26 11:50:32+05:30,1007.0,750,998.18,5436769,452210.0,353052.0,986.2,1007.0,981.3,986.2,120654000,1084.8,887.6,1102.5,649.1,1006.8,105,2,1006.7,749,12,1006.6,613,6,1006.5,1991,11,1006.4,2788,15,1007.0,8005,32,1007.1,5787,3,1007.2,81,2,1007.3,322,5,1007.4,357,4
317,2025-11-26 11:50:32+05:30,1007.0,750,998.18,5437653,450903.0,352331.0,986.2,1007.0,981.3,986.2,120654000,1084.8,887.6,1102.5,649.1,1006.8,74,2,1006.7,627,12,1006.6,662,7,1006.5,1991,11,1006.4,2065,15,1007.0,7171,33,1007.1,5787,3,1007.2,81,2,1007.3,371,6,1007.4,697,5
317,2025-11-26 11:50:33+05:30,1006.8,92,998.18,5437653,450903.0,352331.0,986.2,1007.0,981.3,986.2,120654000,1084.8,887.6,1102.5,649.1,1006.8,74,2,1006.7,627,12,1006.6,662,7,1006.5,1991,11,1006.4,2065,15,1007.0,7171,33,1007.1,5787,3,1007.2,81,2,1007.3,371,6,1007.4,697,5
317,2025-11-26 11:50:33+05:30,1006.8,92,998.18,5437854,450894.0,352455.0,986.2,1007.0,981.3,986.2,120654000,1084.8,887.6,1102.5,649.1,1006.8,32,1,1006.7,436,10,1006.6,662,7,1006.5,1991,11,1006.4,2065,15,1007.0,7171,33,1007.1,5787,3,1007.2,261,3,1007.3,371,6,1007.4,697,5
317,2025-11-26 11:50:34+05:30,1006.8,1,998.18,5437854,450894.0,352455.0,986.2,1007.0,981.3,986.2,120654000,1084.8,887.6,1102.5,649.1,1006.8,32,1,1006.7,436,10,1006.6,662,7,1006.5,1991,11,1006.4,2065,15,1007.0,7171,33,1007.1,5787,3,1007.2,261,3,1007.3,371,6,1007.4,697,5
317,2025-11-26 11:50:34+05:30,1006.8,1,998.18,5438003,450234.0,353504.0,986.2,1007.0,981.3,986.2,120654000,1084.8,887.6,1102.5,649.1,1006.8,44,2,1006.7,153,8,1006.6,678,8,1006.5,1979,10,1006.4,2065,15,1007.0,7171,33,1007.1,5787,3,1007.2,261,3,1007.3,371,6,1007.4,697,5
317,2025-11-26 11:50:35+05:30,1007.0,83,998.18,5438003,450234.0,353504.0,986.2,1007.0,981.3,986.2,120654000,1084.8,887.6,1102.5,649.1,1006.8,44,2,1006.7,153,8,1006.6,678,8,1006.5,1979,10,1006.4,2065,15,1007.0,7171,33,1007.1,5787,3,1007.2,261,3,1007.3,371,6,1007.4,697,5
317,2025-11-26 11:50:35+05:30,1007.0,83,998.18,5438250,449139.0,353516.0,986.2,1007.0,981.3,986.2,120654000,1084.8,887.6,1102.5,649.1,1006.7,94,7,1006.6,404,5,1006.5,1930,9,1006.4,1828,11,1006.3,1586,13,1007.0,7088,33,1007.1,5812,4,1007.2,484,6,1007.3,492,7,1007.4,797,7
317,2025-11-26 11:50:36+05:30,1006.8,100,998.18,5438250,449139.0,353516.0,986.2,1007.0,981.3,986.2,120654000,1084.8,887.6,1102.5,649.1,1006.7,94,7,1006.6,404,5,1006.5,1930,9,1006.4,1828,11,1006.3,1586,13,1007.0,7088,33,1007.1,5812,4,1007.2,484,6,1007.3,492,7,1007.4,797,7
317,2025-11-26 11:50:36+05:30,1006.8,100,998.18,5438360,449329.0,356070.0,986.2,1007.0,981.3,986.2,120654000,1084.8,887.6,1102.5,649.1,1006.7,94,7,1006.6,353,4,1006.5,1879,8,1006.4,1846,11,1006.3,1570,12,1007.0,6829,33,1007.1,5787,3,1007.2,392,6,1007.3,605,10,1007.4,928,9
317,2025-11-26 11:50:37+05:30,1006.8,100,998.18,5438360,449621.0,356932.0,986.2,1007.0,981.3,986.2,120654000,1084.8,887.6,1102.5,649.1,1006.7,94,7,1006.6,353,4,1006.5,1937,9,1006.4,1862,12,1006.3,1526,11,1006.9,100,1,1007.0,6829,33,1007.1,5967,4,1007.2,560,7,1007.3,842,13
317,2025-11-26 11:50:38+05:30,1006.8,100,998.18,5438360,448283.0,356674.0,986.2,1007.0,981.3,986.2,120654000,1084.8,887.6,1102.5,649.1,1006.8,250,1,1006.6,49,3,1006.5,1192,11,1006.4,2669,12,1006.3,1687,11,1006.9,101,2,1007.0,6839,35,1007.1,6093,7,1007.2,681,9,1007.3,842,13
317,2025-11-26 11:50:39+05:30,1006.8,250,998.18,5438360,448283.0,356674.0,986.2,1007.0,981.3,986.2,120654000,1084.8,887.6,1102.5,649.1,1006.8,250,1,1006.6,49,3,1006.5,1192,11,1006.4,2669,12,1006.3,1687,11,1006.9,101,2,1007.0,6839,35,1007.1,6093,7,1007.2,681,9,1007.3,842,13
317,2025-11-26 11:50:39+05:30,1006.8,250,998.18,5438612,434719.0,362964.0,986.2,1007.0,981.3,986.2,120654000,1084.8,887.6,1102.5,649.1,1006.5,144,3,1006.4,777,2,1006.3,135,1,1006.2,804,6,1006.1,759,7,1006.8,191,5,1006.9,976,12,1007.0,7513,44,1007.1,6506,15,1007.2,854,11
317,2025-11-26 11:50:40+05:30,1006.5,23,998.18,5438612,434719.0,362964.0,986.2,1007.0,981.3,986.2,120654000,1084.8,887.6,1102.5,649.1,1006.5,144,3,1006.4,777,2,1006.3,135,1,1006.2,804,6,1006.1,759,7,1006.8,191,5,1006.9,976,12,1007.0,7513,44,1007.1,6506,15,1007.2,854,11
317,2025-11-26 11:50:40+05:30,1006.5,23,998.18,5438859,433880.0,366155.0,986.2,1007.0,981.3,986.2,120654000,1084.8,887.6,1102.5,649.1,1006.4,27,1,1006.0,707,7,1005.9,1187,8,1005.8,1285,16,1005.7,2041,31,1006.5,251,4,1006.6,278,3,1006.7,595,8,1006.8,801,12,1006.9,1136,13
317,2025-11-26 11:50:41+05:30,1006.0,3,998.18,5438859,433880.0,366155.0,986.2,1007.0,981.3,986.2,120654000,1084.8,887.6,1102.5,649.1,1006.4,27,1,1006.0,707,7,1005.9,1187,8,1005.8,1285,16,1005.7,2041,31,1006.5,251,4,1006.6,278,3,1006.7,595,8,1006.8,801,12,1006.9,1136,13
317,2025-11-26 11:50:41+05:30,1006.0,3,998.18,5439359,436266.0,365173.0,986.2,1007.0,981.3,986.2,120654000,1084.8,887.6,1102.5,649.1,1006.4,83,1,1006.1,87,1,1006.0,1081,5,1005.9,824,11,1005.8,1013,13,1006.5,96,1,1006.6,596,7,1006.7,331,6,1006.8,794,11,1006.9,1023,14
317,2025-11-26 11:50:42+05:30,1006.5,44,998.18,5439359,436266.0,365173.0,986.2,1007.0,981.3,986.2,120654000,1084.8,887.6,1102.5,649.1,1006.4,83,1,1006.1,87,1,1006.0,1081,5,1005.9,824,11,1005.8,1013,13,1006.5,96,1,1006.6,596,7,1006.7,331,6,1006.8,794,11,1006.9,1023,14
317,2025-11-26 11:50:42+05:30,1006.5,44,998.18,5439593,437742.0,364256.0,986.2,1007.0,981.3,986.2,120654000,1084.8,887.6,1102.5,649.1,1006.4,84,2,1006.2,54,2,1006.1,582,8,1006.0,1156,8,1005.9,798,9,1006.5,96,1,1006.7,194,4,1006.8,472,7,1006.9,949,12,1007.0,7692,47
317,2025-11-26 11:50:43+05:30,1006.5,1,998.18,5439593,437742.0,364256.0,986.2,1007.0,981.3,986.2,120654000,1084.8,887.6,1102.5,649.1,1006.4,84,2,1006.2,54,2,1006.1,582,8,1006.0,1156,8,1005.9,798,9,1006.5,96,1,1006.7,194,4,1006.8,472,7,1006.9,949,12,1007.0,7692,47
317,2025-11-26 11:50:43+05:30,1006.5,75,998.18,5439824,439830.0,363447.0,986.2,1007.0,981.3,986.2,120654000,1084.8,887.6,1102.5,649.1,1006.4,85,3,1006.3,251,2,1006.2,921,7,1006.1,903,14,1006.0,1037,11,1006.5,15,1,1006.8,230,3,1006.9,777,9,1007.0,7698,45,1007.1,588,8
317,2025-11-26 11:50:44+05:30,1006.5,2,998.18,5439824,439830.0,363447.0,986.2,1007.0,981.3,986.2,120654000,1084.8,887.6,1102.5,649.1,1006.4,85,3,1006.3,251,2,1006.2,921,7,1006.1,903,14,1006.0,1037,11,1006.5,15,1,1006.8,230,3,1006.9,777,9,1007.0,7698,45,1007.1,588,8
317,2025-11-26 11:50:44+05:30,1006.5,2,998.18,5439826,439859.0,363776.0,986.2,1007.0,981.3,986.2,120654000,1084.8,887.6,1102.5,649.1,1006.4,85,3,1006.3,83,1,1006.2,932,7,1006.1,880,13,1006.0,1037,11,1006.5,13,1,1006.6,51,1,1006.8,410,4,1006.9,793,11,1007.0,7654,45
317,2025-11-26 11:50:45+05:30,1006.4,1,998.18,5439826,439859.0,363776.0,986.2,1007.0,981.3,986.2,120654000,1084.8,887.6,1102.5,649.1,1006.4,85,3,1006.3,83,1,1006.2,932,7,1006.1,880,13,1006.0,1037,11,1006.5,13,1,1006.6,51,1,1006.8,410,4,1006.9,793,11,1007.0,7654,45
317,2025-11-26 11:50:45+05:30,1006.4,1,998.18,5439911,436327.0,367340.0,986.2,1007.0,981.3,986.2,120654000,1084.8,887.6,1102.5,649.1,1006.2,5,1,1006.1,336,8,1006.0,974,10,1005.9,929,11,1005.8,2314,11,1006.4,13,1,1006.5,251,2,1006.6,150,2,1006.7,570,7,1006.8,517,8
317,2025-11-26 11:50:46+05:30,1006.1,11,998.18,5439911,436327.0,367340.0,986.2,1007.0,981.3,986.2,120654000,1084.8,887.6,1102.5,649.1,1006.2,5,1,1006.1,336,8,1006.0,974,10,1005.9,929,11,1005.8,2314,11,1006.4,13,1,1006.5,251,2,1006.6,150,2,1006.7,570,7,1006.8,517,8
317,2025-11-26 11:50:46+05:30,1006.1,11,998.18,5440047,434705.0,369372.0,986.2,1007.0,981.3,986.2,120654000,1084.8,887.6,1102.5,649.1,1006.1,41,2,1006.0,211,2,1005.9,1198,9,1005.8,1063,14,1005.7,2248,14,1006.4,162,2,1006.5,515,7,1006.6,797,10,1006.7,543,6,1006.8,833,10
317,2025-11-26 11:50:47+05:30,1006.1,10,998.18,5440057,434731.0,369507.0,986.2,1007.0,981.3,986.2,120654000,1084.8,887.6,1102.5,649.1,1006.1,31,2,1006.0,510,2,1005.9,713,8,1005.8,1063,14,1005.7,2263,15,1006.4,364,3,1006.5,843,10,1006.6,744,9,1006.7,543,6,1006.8,860,13
317,2025-11-26 11:50:48+05:30,1006.1,10,998.18,5440057,434731.0,369507.0,986.2,1007.0,981.3,986.2,120654000,1084.8,887.6,1102.5,649.1,1006.1,31,2,1006.0,510,2,1005.9,713,8,1005.8,1063,14,1005.7,2263,15,1006.4,364,3,1006.5,843,10,1006.6,744,9,1006.7,543,6,1006.8,860,13
317,2025-11-26 11:50:48+05:30,1006.1,10,998.18,5440057,434077.0,371043.0,986.2,1007.0,981.3,986.2,120654000,1084.8,887.6,1102.5,649.1,1006.1,31,2,1006.0,510,2,1005.9,633,7,1005.8,1076,15,1005.7,2291,16,1006.4,420,6,1006.5,849,11,1006.6,827,10,1006.7,681,7,1006.8,859,12
317,2025-11-26 11:50:49+05:30,1006.1,10,998.18,5440057,434035.0,371853.0,986.2,1007.0,981.3,986.2,120654000,1084.8,887.6,1102.5,649.1,1006.1,25,1,1006.0,31,1,1005.9,996,6,1005.8,1076,15,1005.7,2291,16,1006.4,547,8,1006.5,844,11,1006.6,828,11,1006.7,681,7,1006.8,891,14
317,2025-11-26 11:50:50+05:30,1006.1,25,998.18,5440082,436208.0,373403.0,986.2,1007.0,981.3,986.2,120654000,1084.8,887.6,1102.5,649.1,1005.9,226,3,1005.8,924,12,1005.7,2295,17,1005.6,1923,20,1005.5,1244,12,1006.1,96,1,1006.2,96,1,1006.4,477,6,1006.5,930,11,1006.6,970,13
317,2025-11-26 11:50:51+05:30,1006.1,10,998.18,5440082,436208.0,373403.0,986.2,1007.0,981.3,986.2,120654000,1084.8,887.6,1102.5,649.1,1005.9,226,3,1005.8,924,12,1005.7,2295,17,1005.6,1923,20,1005.5,1244,12,1006.1,96,1,1006.2,96,1,1006.4,477,6,1006.5,930,11,1006.6,970,13
317,2025-11-26 11:50:51+05:30,1006.1,10,998.18,5440400,437060.0,377156.0,986.2,1007.0,981.3,986.2,120654000,1084.8,887.6,1102.5,649.1,1006.0,4,1,1005.9,95,2,1005.8,668,5,1005.7,376,10,1005.6,904,23,1006.1,50,1,1006.2,97,2,1006.3,350,3,1006.4,543,8,1006.5,1029,14
317,2025-11-26 11:50:52+05:30,1006.1,66,998.18,5440400,437060.0,377156.0,986.2,1007.0,981.3,986.2,120654000,1084.8,887.6,1102.5,649.1,1006.0,4,1,1005.9,95,2,1005.8,668,5,1005.7,376,10,1005.6,904,23,1006.1,50,1,1006.2,97,2,1006.3,350,3,1006.4,543,8,1006.5,1029,14
317,2025-11-26 11:50:52+05:30,1006.1,66,998.18,5440466,436315.0,376972.0,986.2,1007.0,981.3,986.2,120654000,1084.8,887.6,1102.5,649.1,1006.0,4,1,1005.9,95,2,1005.8,847,7,1005.7,516,19,1005.6,862,23,1006.1,96,1,1006.2,97,2,1006.3,71,1,1006.4,690,6,1006.5,1029,14
317,2025-11-26 11:50:53+05:30,1006.1,66,998.18,5440466,436373.0,376809.0,986.2,1007.0,981.3,986.2,120654000,1084.8,887.6,1102.5,649.1,1006.0,4,1,1005.9,12,1,1005.8,349,6,1005.7,1119,33,1005.6,783,18,1006.1,96,1,1006.2,97,2,1006.3,322,3,1006.4,714,7,1006.5,958,13
317,2025-11-26 11:50:54+05:30,1006.1,75,998.18,5440653,439846.0,375168.0,986.2,1007.0,981.3,986.2,120654000,1084.8,887.6,1102.5,649.1,1006.0,4,1,1005.9,283,4,1005.8,1212,11,1005.7,1231,42,1005.6,1816,22,1006.1,21,1,1006.2,97,2,1006.4,287,4,1006.5,791,10,1006.6,653,7
317,2025-11-26 11:50:55+05:30,1006.1,75,998.18,5440653,439846.0,375168.0,986.2,1007.0,981.3,986.2,120654000,1084.8,887.6,1102.5,649.1,1006.0,4,1,1005.9,283,4,1005.8,1212,11,1005.7,1231,42,1005.6,1816,22,1006.1,21,1,1006.2,97,2,1006.4,287,4,1006.5,791,10,1006.6,653,7
317,2025-11-26 11:50:55+05:30,1006.0,4,998.18,5440657,436849.0,376397.0,986.2,1007.0,981.3,986.2,120654000,1084.8,887.6,1102.5,649.1,1005.9,12,1,1005.8,9,4,1005.7,1164,35,1005.6,786,18,1005.5,1008,26,1006.0,114,3,1006.1,52,1,1006.2,46,2,1006.3,562,5,1006.4,826,9
317,2025-11-26 11:50:56+05:30,1005.9,1,998.18,5440657,436849.0,376397.0,986.2,1007.0,981.3,986.2,120654000,1084.8,887.6,1102.5,649.1,1005.9,12,1,1005.8,9,4,1005.7,1164,35,1005.6,786,18,1005.5,1008,26,1006.0,114,3,1006.1,52,1,1006.2,46,2,1006.3,562,5,1006.4,826,9
317,2025-11-26 11:50:56+05:30,1006.1,100,998.19,5442483,435038.0,376292.0,986.2,1007.0,981.3,986.2,120654000,1084.8,887.6,1102.5,649.1,1005.8,87,1,1005.7,580,35,1005.6,682,15,1005.5,1310,26,1005.4,2801,17,1006.2,187,3,1006.3,500,5,1006.4,672,8,1006.5,663,7,1006.6,759,12
317,2025-11-26 11:50:57+05:30,1006.1,100,998.19,5442483,435038.0,376292.0,986.2,1007.0,981.3,986.2,120654000,1084.8,887.6,1102.5,649.1,1005.8,87,1,1005.7,580,35,1005.6,682,15,1005.5,1310,26,1005.4,2801,17,1006.2,187,3,1006.3,500,5,1006.4,672,8,1006.5,663,7,1006.6,759,12
317,2025-11-26 11:50:57+05:30,1005.8,1,998.19,5442484,434864.0,377585.0,986.2,1007.0,981.3,986.2,120654000,1084.8,887.6,1102.5,649.1,1005.8,91,2,1005.7,474,32,1005.6,682,15,1005.5,1376,32,1005.4,2787,17,1006.2,213,4,1006.3,719,9,1006.4,982,13,1006.5,861,14,1006.6,733,10
317,2025-11-26 11:50:58+05:30,1005.8,1,998.19,5442484,434864.0,377585.0,986.2,1007.0,981.3,986.2,120654000,1084.8,887.6,1102.5,649.1,1005.8,91,2,1005.7,474,32,1005.6,682,15,1005.5,1376,32,1005.4,2787,17,1006.2,213,4,1006.3,719,9,1006.4,982,13,1006.5,861,14,1006.6,733,10
317,2025-11-26 11:50:58+05:30,1005.8,1,998.19,5442484,435276.0,377714.0,986.2,1007.0,981.3,986.2,120654000,1084.8,887.6,1102.5,649.1,1006.1,10,1,1005.8,91,2,1005.7,629,34,1005.6,1015,15,1005.5,1392,34,1006.2,187,3,1006.3,705,8,1006.4,982,13,1006.5,797,15,1006.6,733,10
317,2025-11-26 11:50:59+05:30,1005.8,84,998.19,5442484,435276.0,377714.0,986.2,1007.0,981.3,986.2,120654000,1084.8,887.6,1102.5,649.1,1006.1,10,1,1005.8,91,2,1005.7,629,34,1005.6,1015,15,1005.5,1392,34,1006.2,187,3,1006.3,705,8,1006.4,982,13,1006.5,797,15,1006.6,733,10
317,2025-11-26 11:50:59+05:30,1006.2,55,998.19,5442678,433709.0,378337.0,986.2,1007.0,981.3,986.2,120654000,1084.8,887.6,1102.5,649.1,1005.8,5,1,1005.7,257,30,1005.6,983,8,1005.5,891,36,1005.4,1457,13,1006.2,662,7,1006.3,705,8,1006.4,1075,13,1006.5,906,10,1006.6,553,9
317,2025-11-26 11:51:00+05:30,1006.2,55,998.19,5442678,433709.0,378337.0,986.2,1007.0,981.3,986.2,120654000,1084.8,887.6,1102.5,649.1,1005.8,5,1,1005.7,257,30,1005.6,983,8,1005.5,891,36,1005.4,1457,13,1006.2,662,7,1006.3,705,8,1006.4,1075,13,1006.5,906,10,1006.6,553,9
317,2025-11-26 11:51:00+05:30,1006.0,83,998.19,5442771,434790.0,379165.0,986.2,1007.0,981.3,986.2,120654000,1084.8,887.6,1102.5,649.1,1005.7,198,24,1005.6,1003,10,1005.5,1234,44,1005.4,1356,12,1005.3,2313,15,1006.0,11,1,1006.1,15,2,1006.2,525,8,1006.3,741,9,1006.4,1087,12
317,2025-11-26 11:51:01+05:30,1006.0,83,998.19,5442771,434790.0,379165.0,986.2,1007.0,981.3,986.2,120654000,1084.8,887.6,1102.5,649.1,1005.7,198,24,1005.6,1003,10,1005.5,1234,44,1005.4,1356,12,1005.3,2313,15,1006.0,11,1,1006.1,15,2,1006.2,525,8,1006.3,741,9,1006.4,1087,12
317,2025-11-26 11:51:01+05:30,1006.0,83,998.19,5442771,435384.0,380658.0,986.2,1007.0,981.3,986.2,120654000,1084.8,887.6,1102.5,649.1,1005.7,174,17,1005.6,973,9,1005.5,940,48,1005.4,1009,12,1005.3,2563,16,1005.9,129,1,1006.0,61,2,1006.1,18,3,1006.2,525,8,1006.3,851,10
317,2025-11-26 11:51:02+05:30,1005.7,19,998.19,5442771,435384.0,380658.0,986.2,1007.0,981.3,986.2,120654000,1084.8,887.6,1102.5,649.1,1005.7,174,17,1005.6,973,9,1005.5,940,48,1005.4,1009,12,1005.3,2563,16,1005.9,129,1,1006.0,61,2,1006.1,18,3,1006.2,525,8,1006.3,851,10
317,2025-11-26 11:51:02+05:30,1005.9,75,998.19,5442971,438947.0,380486.0,986.2,1007.0,981.3,986.2,120654000,1084.8,887.6,1102.5,649.1,1005.7,420,15,1005.6,1440,19,1005.5,1391,51,1005.4,2124,13,1005.3,1740,11,1005.9,54,1,1006.0,61,2,1006.1,18,3,1006.2,175,5,1006.3,554,6
317,2025-11-26 11:51:03+05:30,1005.9,75,998.19,5442971,438947.0,380486.0,986.2,1007.0,981.3,986.2,120654000,1084.8,887.6,1102.5,649.1,1005.7,420,15,1005.6,1440,19,1005.5,1391,51,1005.4,2124,13,1005.3,1740,11,1005.9,54,1,1006.0,61,2,1006.1,18,3,1006.2,175,5,1006.3,554,6
317,2025-11-26 11:51:03+05:30,1005.8,10,998.19,5442981,433887.0,381451.0,986.2,1007.0,981.3,986.2,120654000,1084.8,887.6,1102.5,649.1,1005.8,17,1,1005.7,173,5,1005.6,1486,26,1005.5,1232,50,1005.4,2400,16,1005.9,54,1,1006.0,61,2,1006.1,43,4,1006.2,175,5,1006.3,554,6
317,2025-11-26 11:51:04+05:30,1005.8,10,998.19,5442981,433887.0,381451.0,986.2,1007.0,981.3,986.2,120654000,1084.8,887.6,1102.5,649.1,1005.8,17,1,1005.7,173,5,1005.6,1486,26,1005.5,1232,50,1005.4,2400,16,1005.9,54,1,1006.0,61,2,1006.1,43,4,1006.2,175,5,1006.3,554,6
317,2025-11-26 11:51:04+05:30,1005.9,75,998.19,5443057,435328.0,381595.0,986.2,1007.0,981.3,986.2,120654000,1084.8,887.6,1102.5,649.1,1005.8,17,1,1005.7,1037,9,1005.6,791,29,1005.5,2169,51,1005.4,1593,13,1005.9,129,1,1006.0,96,3,1006.1,65,5,1006.2,5,3,1006.3,467,5
317,2025-11-26 11:51:05+05:30,1005.9,75,998.19,5443057,435328.0,381595.0,986.2,1007.0,981.3,986.2,120654000,1084.8,887.6,1102.5,649.1,1005.8,17,1,1005.7,1037,9,1005.6,791,29,1005.5,2169,51,1005.4,1593,13,1005.9,129,1,1006.0,96,3,1006.1,65,5,1006.2,5,3,1006.3,467,5
317,2025-11-26 11:51:05+05:30,1006.0,28,998.19,5444860,434463.0,380932.0,986.2,1007.0,981.3,986.2,120654000,1084.8,887.6,1102.5,649.1,1005.9,5,1,1005.8,146,2,1005.7,1028,8,1005.6,1129,36,1005.5,1835,46,1006.0,491,1,1006.3,185,2,1006.4,687,5,1006.5,1016,11,1006.6,911,14
317,2025-11-26 11:51:06+05:30,1006.0,112,998.19,5444860,434463.0,380932.0,986.2,1007.0,981.3,986.2,120654000,1084.8,887.6,1102.5,649.1,1005.9,5,1,1005.8,146,2,1005.7,1028,8,1005.6,1129,36,1005.5,1835,46,1006.0,491,1,1006.3,185,2,1006.4,687,5,1006.5,1016,11,1006.6,911,14
317,2025-11-26 11:51:06+05:30,1006.0,112,998.19,5444972,435143.0,380935.0,986.2,1007.0,981.3,986.2,120654000,1084.8,887.6,1102.5,649.1,1005.9,85,2,1005.8,146,2,1005.7,1049,8,1005.6,1155,38,1005.5,1137,46,1006.0,480,3,1006.2,1,1,1006.3,185,2,1006.4,658,5,1006.5,1016,11
317,2025-11-26 11:51:07+05:30,1006.0,10,998.19,5444982,435887.0,380904.0,986.2,1007.0,981.3,986.2,120654000,1084.8,887.6,1102.5,649.1,1005.9,85,2,1005.8,146,2,1005.7,1049,8,1005.6,1155,38,1005.5,1098,41,1006.0,470,3,1006.2,1,1,1006.3,185,2,1006.4,671,6,1006.5,1016,11
317,2025-11-26 11:51:08+05:30,1006.0,10,998.19,5444982,435887.0,380904.0,986.2,1007.0,981.3,986.2,120654000,1084.8,887.6,1102.5,649.1,1005.9,85,2,1005.8,146,2,1005.7,1049,8,1005.6,1155,38,1005.5,1098,41,1006.0,470,3,1006.2,1,1,1006.3,185,2,1006.4,671,6,1006.5,1016,11
317,2025-11-26 11:51:08+05:30,1005.9,45,998.19,5445107,436524.0,380937.0,986.2,1007.0,981.3,986.2,120654000,1084.8,887.6,1102.5,649.1,1005.9,140,3,1005.8,83,1,1005.7,1097,9,1005.6,1154,38,1005.5,1096,40,1006.0,395,3,1006.2,1,1,1006.3,184,1,1006.4,681,5,1006.5,1033,13
317,2025-11-26 11:51:09+05:30,1006.0,75,998.19,5445107,436524.0,380937.0,986.2,1007.0,981.3,986.2,120654000,1084.8,887.6,1102.5,649.1,1005.9,140,3,1005.8,83,1,1005.7,1097,9,1005.6,1154,38,1005.5,1096,40,1006.0,395,3,1006.2,1,1,1006.3,184,1,1006.4,681,5,1006.5,1033,13
317,2025-11-26 11:51:09+05:30,1006.0,75,998.19,5445182,438026.0,380932.0,986.2,1007.0,981.3,986.2,120654000,1084.8,887.6,1102.5,649.1,1005.9,257,5,1005.8,347,4,1005.7,1095,9,1005.6,1035,36,1005.5,2636,40,1006.0,320,3,1006.2,1,1,1006.4,437,4,1006.5,992,10,1006.6,873,12
317,2025-11-26 11:51:10+05:30,1005.9,3,998.19,5445618,437165.0,381206.0,986.2,1007.0,981.3,986.2,120654000,1084.8,887.6,1102.5,649.1,1005.8,51,1,1005.7,251,5,1005.6,1588,36,1005.5,1299,31,1005.4,3063,20,1005.9,92,1,1006.0,320,3,1006.1,46,1,1006.2,1,1,1006.4,713,6
317,2025-11-26 11:51:11+05:30,1005.9,75,998.19,5445618,437165.0,381206.0,986.2,1007.0,981.3,986.2,120654000,1084.8,887.6,1102.5,649.1,1005.8,51,1,1005.7,251,5,1005.6,1588,36,1005.5,1299,31,1005.4,3063,20,1005.9,92,1,1006.0,320,3,1006.1,46,1,1006.2,1,1,1006.4,713,6
317,2025-11-26 11:51:11+05:30,1005.9,265,998.19,5446157,439183.0,381297.0,986.2,1007.0,981.3,986.2,120654000,1084.8,887.6,1102.5,649.1,1005.9,536,2,1005.8,558,7,1005.7,337,7,1005.6,1752,36,1005.5,2663,28,1006.0,320,3,1006.1,46,1,1006.2,1,1,1006.4,293,3,1006.5,785,7
317,2025-11-26 11:51:12+05:30,1005.9,265,998.19,5446157,439183.0,381297.0,986.2,1007.0,981.3,986.2,120654000,1084.8,887.6,1102.5,649.1,1005.9,536,2,1005.8,558,7,1005.7,337,7,1005.6,1752,36,1005.5,2663,28,1006.0,320,3,1006.1,46,1,1006.2,1,1,1006.4,293,3,1006.5,785,7
317,2025-11-26 11:51:12+05:30,1006.0,49,998.19,5446281,438967.0,381088.0,986.2,1007.0,981.3,986.2,120654000,1084.8,887.6,1102.5,649.1,1005.9,552,3,1005.8,451,6,1005.7,441,8,1005.6,1739,31,1005.5,2663,28,1006.0,196,3,1006.1,46,1,1006.2,1,1,1006.4,612,4,1006.5,785,7
317,2025-11-26 11:51:13+05:30,1006.0,49,998.19,5446281,438967.0,381088.0,986.2,1007.0,981.3,986.2,120654000,1084.8,887.6,1102.5,649.1,1005.9,552,3,1005.8,451,6,1005.7,441,8,1005.6,1739,31,1005.5,2663,28,1006.0,196,3,1006.1,46,1,1006.2,1,1,1006.4,612,4,1006.5,785,7
317,2025-11-26 11:51:13+05:30,1005.9,50,998.19,5446406,437938.0,380793.0,986.2,1007.0,981.3,986.2,120654000,1084.8,887.6,1102.5,649.1,1005.9,502,3,1005.8,366,4,1005.7,441,8,1005.6,1137,23,1005.5,2461,27,1006.0,121,3,1006.1,46,1,1006.2,1,1,1006.3,202,1,1006.4,602,4
317,2025-11-26 11:51:14+05:30,1006.0,3,998.19,5446406,437938.0,380793.0,986.2,1007.0,981.3,986.2,120654000,1084.8,887.6,1102.5,649.1,1005.9,502,3,1005.8,366,4,1005.7,441,8,1005.6,1137,23,1005.5,2461,27,1006.0,121,3,1006.1,46,1,1006.2,1,1,1006.3,202,1,1006.4,602,4
317,2025-11-26 11:51:14+05:30,1006.1,1,998.19,5446598,436783.0,381741.0,986.2,1007.0,981.3,986.2,120654000,1084.8,887.6,1102.5,649.1,1005.9,502,3,1005.8,81,1,1005.7,395,6,1005.6,1356,13,1005.5,2688,25,1006.1,45,1,1006.2,1,1,1006.3,291,2,1006.4,597,6,1006.5,962,11
317,2025-11-26 11:51:15+05:30,1006.0,51,998.19,5446598,436783.0,381741.0,986.2,1007.0,981.3,986.2,120654000,1084.8,887.6,1102.5,649.1,1005.9,502,3,1005.8,81,1,1005.7,395,6,1005.6,1356,13,1005.5,2688,25,1006.1,45,1,1006.2,1,1,1006.3,291,2,1006.4,597,6,1006.5,962,11
317,2025-11-26 11:51:15+05:30,1006.0,51,998.19,5446720,435988.0,382358.0,986.2,1007.0,981.3,986.2,120654000,1084.8,887.6,1102.5,649.1,1006.0,71,2,1005.9,464,3,1005.7,375,6,1005.6,1126,11,1005.5,2307,20,1006.1,25,1,1006.2,1,1,1006.3,408,5,1006.4,781,8,1006.5,1097,12
317,2025-11-26 11:51:16+05:30,1006.0,51,998.19,5446720,435988.0,382358.0,986.2,1007.0,981.3,986.2,120654000,1084.8,887.6,1102.5,649.1,1006.0,71,2,1005.9,464,3,1005.7,375,6,1005.6,1126,11,1005.5,2307,20,1006.1,25,1,1006.2,1,1,1006.3,408,5,1006.4,781,8,1006.5,1097,12
317,2025-11-26 11:51:16+05:30,1006.0,51,998.19,5446720,436387.0,382359.0,986.2,1007.0,981.3,986.2,120654000,1084.8,887.6,1102.5,649.1,1006.0,71,2,1005.9,464,3,1005.8,86,2,1005.7,510,7,1005.6,1121,10,1006.1,26,2,1006.2,108,2,1006.3,301,4,1006.4,781,8,1006.5,1097,12
317,2025-11-26 11:51:17+05:30,1006.0,20,998.19,5446831,436020.0,382508.0,986.2,1007.0,981.3,986.2,120654000,1084.8,887.6,1102.5,649.1,1006.0,51,1,1005.9,451,2,1005.8,5,1,1005.7,386,7,1005.6,1066,10,1006.1,139,2,1006.2,108,2,1006.3,243,4,1006.4,712,7,1006.5,1097,12
317,2025-11-26 11:51:18+05:30,1006.0,20,998.19,5446831,436020.0,382508.0,986.2,1007.0,981.3,986.2,120654000,1084.8,887.6,1102.5,649.1,1006.0,51,1,1005.9,451,2,1005.8,5,1,1005.7,386,7,1005.6,1066,10,1006.1,139,2,1006.2,108,2,1006.3,243,4,1006.4,712,7,1006.5,1097,12
317,2025-11-26 11:51:18+05:30,1006.0,20,998.19,5446831,436000.0,382543.0,986.2,1007.0,981.3,986.2,120654000,1084.8,887.6,1102.5,649.1,1006.0,64,2,1005.9,451,2,1005.8,5,1,1005.7,386,7,1005.6,1094,11,1006.1,32,1,1006.2,108,2,1006.3,350,5,1006.4,805,9,1006.5,1110,13
317,2025-11-26 11:51:19+05:30,1006.0,13,998.19,5446995,435776.0,382790.0,986.2,1007.0,981.3,986.2,120654000,1084.8,887.6,1102.5,649.1,1006.0,1,1,1005.9,451,2,1005.8,5,1,1005.7,229,5,1005.6,1080,10,1006.1,46,1,1006.2,551,6,1006.3,402,5,1006.4,902,10,1006.5,1097,12
317,2025-11-26 11:51:20+05:30,1006.0,13,998.19,5446995,435776.0,382790.0,986.2,1007.0,981.3,986.2,120654000,1084.8,887.6,1102.5,649.1,1006.0,1,1,1005.9,451,2,1005.8,5,1,1005.7,229,5,1005.6,1080,10,1006.1,46,1,1006.2,551,6,1006.3,402,5,1006.4,902,10,1006.5,1097,12
317,2025-11-26 11:51:20+05:30,1006.0,1,998.19,5446996,438183.0,381648.0,986.2,1007.0,981.3,986.2,120654000,1084.8,887.6,1102.5,649.1,1005.9,533,3,1005.8,135,3,1005.7,960,6,1005.6,1011,11,1005.5,2235,14,1006.0,95,1,1006.1,1,1,1006.2,1,1,1006.3,511,6,1006.4,741,8
317,2025-11-26 11:51:21+05:30,1006.0,1,998.19,5446996,438183.0,381648.0,986.2,1007.0,981.3,986.2,120654000,1084.8,887.6,1102.5,649.1,1005.9,533,3,1005.8,135,3,1005.7,960,6,1005.6,1011,11,1005.5,2235,14,1006.0,95,1,1006.1,1,1,1006.2,1,1,1006.3,511,6,1006.4,741,8
317,2025-11-26 11:51:21+05:30,1005.9,1,998.19,5446997,438371.0,381631.0,986.2,1007.0,981.3,986.2,120654000,1084.8,887.6,1102.5,649.1,1005.9,533,4,1005.8,86,2,1005.7,1160,8,1005.6,911,10,1005.5,2266,15,1006.0,95,1,1006.1,1,1,1006.2,1,1,1006.3,311,4,1006.4,510,7
317,2025-11-26 11:51:22+05:30,1005.9,1,998.19,5446997,438371.0,381631.0,986.2,1007.0,981.3,986.2,120654000,1084.8,887.6,1102.5,649.1,1005.9,533,4,1005.8,86,2,1005.7,1160,8,1005.6,911,10,1005.5,2266,15,1006.0,95,1,1006.1,1,1,1006.2,1,1,1006.3,311,4,1006.4,510,7
317,2025-11-26 11:51:22+05:30,1006.0,75,998.19,5447147,441005.0,380979.0,986.2,1007.0,981.3,986.2,120654000,1084.8,887.6,1102.5,649.1,1005.9,533,4,1005.8,468,6,1005.7,1121,9,1005.6,2293,13,1005.5,964,15,1006.0,96,1,1006.1,1,1,1006.2,1,1,1006.4,252,3,1006.5,1039,10
317,2025-11-26 11:51:23+05:30,1006.0,75,998.19,5447147,441005.0,380979.0,986.2,1007.0,981.3,986.2,120654000,1084.8,887.6,1102.5,649.1,1005.9,533,4,1005.8,468,6,1005.7,1121,9,1005.6,2293,13,1005.5,964,15,1006.0,96,1,1006.1,1,1,1006.2,1,1,1006.4,252,3,1006.5,1039,10
317,2025-11-26 11:51:23+05:30,1006.0,75,998.19,5447353,441600.0,381960.0,986.2,1007.0,981.3,986.2,120654000,1084.8,887.6,1102.5,649.1,1005.9,633,5,1005.8,423,6,1005.7,1373,10,1005.6,2026,13,1005.5,1796,17,1006.0,110,2,1006.1,1,1,1006.2,1,1,1006.4,184,1,1006.5,1052,12
317,2025-11-26 11:51:24+05:30,1006.0,1,998.19,5447353,441600.0,381960.0,986.2,1007.0,981.3,986.2,120654000,1084.8,887.6,1102.5,649.1,1005.9,633,5,1005.8,423,6,1005.7,1373,10,1005.6,2026,13,1005.5,1796,17,1006.0,110,2,1006.1,1,1,1006.2,1,1,1006.4,184,1,1006.5,1052,12
317,2025-11-26 11:51:24+05:30,1006.0,20,998.19,5447883,441491.0,380828.0,986.2,1007.0,981.3,986.2,120654000,1084.8,887.6,1102.5,649.1,1005.9,357,6,1005.8,479,7,1005.7,1473,11,1005.6,2026,13,1005.5,1796,17,1006.0,76,1,1006.1,46,2,1006.2,1,1,1006.4,184,1,1006.5,918,12
317,2025-11-26 11:51:25+05:30,1006.0,20,998.19,5447883,441491.0,380828.0,986.2,1007.0,981.3,986.2,120654000,1084.8,887.6,1102.5,649.1,1005.9,357,6,1005.8,479,7,1005.7,1473,11,1005.6,2026,13,1005.5,1796,17,1006.0,76,1,1006.1,46,2,1006.2,1,1,1006.4,184,1,1006.5,918,12
317,2025-11-26 11:51:25+05:30,1006.1,5,998.19,5448130,444364.0,380207.0,986.2,1007.0,981.3,986.2,120654000,1084.8,887.6,1102.5,649.1,1005.9,216,5,1005.8,591,8,1005.7,1712,13,1005.6,2808,14,1005.5,1046,16,1006.1,40,1,1006.2,1,1,1006.5,675,9,1006.6,861,8,1006.7,863,9
317,2025-11-26 11:51:26+05:30,1006.1,5,998.19,5448130,444364.0,380207.0,986.2,1007.0,981.3,986.2,120654000,1084.8,887.6,1102.5,649.1,1005.9,216,5,1005.8,591,8,1005.7,1712,13,1005.6,2808,14,1005.5,1046,16,1006.1,40,1,1006.2,1,1,1006.5,675,9,1006.6,861,8,1006.7,863,9
317,2025-11-26 11:51:26+05:30,1006.1,5,998.19,5448130,444286.0,380278.0,986.2,1007.0,981.3,986.2,120654000,1084.8,887.6,1102.5,649.1,1005.9,138,3,1005.8,591,8,1005.7,2290,14,1005.6,2230,13,1005.5,1046,16,1006.1,40,1,1006.2,1,1,1006.5,675,9,1006.6,909,9,1006.7,841,10
317,2025-11-26 11:51:27+05:30,1006.5,240,998.19,5448580,444177.0,378591.0,986.2,1007.0,981.3,986.2,120654000,1084.8,887.6,1102.5,649.1,1006.0,1240,7,1005.9,1262,8,1005.8,1580,13,1005.7,2581,18,1005.6,2228,23,1006.5,116,5,1006.6,297,3,1006.7,921,7,1006.8,1548,14,1006.9,1297,17
317,2025-11-26 11:51:28+05:30,1006.5,1,998.19,5448580,444177.0,378591.0,986.2,1007.0,981.3,986.2,120654000,1084.8,887.6,1102.5,649.1,1006.0,1240,7,1005.9,1262,8,1005.8,1580,13,1005.7,2581,18,1005.6,2228,23,1006.5,116,5,1006.6,297,3,1006.7,921,7,1006.8,1548,14,1006.9,1297,17
317,2025-11-26 11:51:28+05:30,1006.5,1,998.19,5448581,443409.0,378643.0,986.2,1007.0,981.3,986.2,120654000,1084.8,887.6,1102.5,649.1,1006.0,1279,8,1005.9,1274,9,1005.8,1602,14,1005.7,2596,18,1005.6,1491,23,1006.5,96,6,1006.6,197,2,1006.7,1021,8,1006.8,1548,14,1006.9,1297,17
317,2025-11-26 11:51:29+05:30,1006.0,4,998.19,5448585,443443.0,378667.0,986.2,1007.0,981.3,986.2,120654000,1084.8,887.6,1102.5,649.1,1006.0,1417,10,1005.9,1534,11,1005.8,1514,14,1005.7,2496,17,1005.6,1504,24,1006.5,18,6,1006.6,297,3,1006.7,921,7,1006.8,1648,15,1006.9,1297,17
317,2025-11-26 11:51:30+05:30,1006.0,4,998.19,5448585,443443.0,378667.0,986.2,1007.0,981.3,986.2,120654000,1084.8,887.6,1102.5,649.1,1006.0,1417,10,1005.9,1534,11,1005.8,1514,14,1005.7,2496,17,1005.6,1504,24,1006.5,18,6,1006.6,297,3,1006.7,921,7,1006.8,1648,15,1006.9,1297,17
317,2025-11-26 11:51:30+05:30,1006.0,8,998.19,5448643,445394.0,379672.0,986.2,1007.0,981.3,986.2,120654000,1084.8,887.6,1102.5,649.1,1006.0,688,1,1005.9,970,6,1005.8,958,11,1005.7,2542,17,1005.6,2307,24,1006.1,1,1,1006.2,96,1,1006.5,251,8,1006.6,359,4,1006.7,1179,10
317,2025-11-26 11:51:31+05:30,1006.0,8,998.19,5448643,445394.0,379672.0,986.2,1007.0,981.3,986.2,120654000,1084.8,887.6,1102.5,649.1,1006.0,688,1,1005.9,970,6,1005.8,958,11,1005.7,2542,17,1005.6,2307,24,1006.1,1,1,1006.2,96,1,1006.5,251,8,1006.6,359,4,1006.7,1179,10
317,2025-11-26 11:51:32+05:30,1006.0,8,998.19,5448643,446092.0,379508.0,986.2,1007.0,981.3,986.2,120654000,1084.8,887.6,1102.5,649.1,1006.0,688,1,1005.9,970,6,1005.8,1256,12,1005.7,2244,16,1005.6,3057,25,1006.1,1,1,1006.2,96,1,1006.5,249,6,1006.6,359,4,1006.7,1181,12
317,2025-11-26 11:51:33+05:30,1006.0,1,998.19,5448643,446092.0,379508.0,986.2,1007.0,981.3,986.2,120654000,1084.8,887.6,1102.5,649.1,1006.0,688,1,1005.9,970,6,1005.8,1256,12,1005.7,2244,16,1005.6,3057,25,1006.1,1,1,1006.2,96,1,1006.5,249,6,1006.6,359,4,1006.7,1181,12
317,2025-11-26 11:51:33+05:30,1006.0,1,998.19,5448644,446233.0,379583.0,986.2,1007.0,981.3,986.2,120654000,1084.8,887.6,1102.5,649.1,1006.0,696,2,1005.9,1164,8,1005.8,1062,10,1005.7,2244,16,1005.6,3057,25,1006.1,1,1,1006.2,96,1,1006.5,249,6,1006.6,359,4,1006.7,1084,11
317,2025-11-26 11:51:34+05:30,1006.2,74,998.19,5448719,446052.0,379523.0,986.2,1007.0,981.3,986.2,120654000,1084.8,887.6,1102.5,649.1,1006.0,961,4,1005.9,1158,8,1005.8,1189,12,1005.7,2535,17,1005.6,2873,24,1006.2,22,1,1006.5,77,6,1006.6,359,4,1006.7,1112,10,1006.8,1597,14
317,2025-11-26 11:51:34+05:30,1006.2,74,998.19,5448719,446052.0,379523.0,986.2,1007.0,981.3,986.2,120654000,1084.8,887.6,1102.5,649.1,1006.0,961,4,1005.9,1158,8,1005.8,1189,12,1005.7,2535,17,1005.6,2873,24,1006.2,22,1,1006.5,77,6,1006.6,359,4,1006.7,1112,10,1006.8,1597,14
317,2025-11-26 11:51:35+05:30,1006.2,74,998.19,5448719,445745.0,380069.0,986.2,1007.0,981.3,986.2,120654000,1084.8,887.6,1102.5,649.1,1006.1,113,2,1006.0,961,4,1005.9,1303,9,1005.8,794,10,1005.7,2736,17,1006.2,22,1,1006.5,261,7,1006.6,694,5,1006.7,768,9,1006.8,1597,14
317,2025-11-26 11:51:36+05:30,1006.1,47,998.19,5448984,446749.0,380326.0,986.2,1007.0,981.3,986.2,120654000,1084.8,887.6,1102.5,649.1,1006.0,777,3,1005.9,645,8,1005.8,1379,10,1005.7,2459,17,1005.6,2748,23,1006.1,49,1,1006.4,98,1,1006.5,249,6,1006.6,355,4,1006.7,757,7
317,2025-11-26 11:51:36+05:30,1006.1,47,998.19,5448984,446749.0,380326.0,986.2,1007.0,981.3,986.2,120654000,1084.8,887.6,1102.5,649.1,1006.0,777,3,1005.9,645,8,1005.8,1379,10,1005.7,2459,17,1005.6,2748,23,1006.1,49,1,1006.4,98,1,1006.5,249,6,1006.6,355,4,1006.7,757,7
317,2025-11-26 11:51:37+05:30,1006.1,5,998.19,5448991,446620.0,380475.0,986.2,1007.0,981.3,986.2,120654000,1084.8,887.6,1102.5,649.1,1006.0,696,2,1005.9,596,7,1005.8,1032,8,1005.7,2757,18,1005.6,2748,23,1006.1,42,1,1006.4,98,1,1006.5,261,7,1006.6,356,5,1006.7,1117,10
317,2025-11-26 11:51:37+05:30,1006.1,5,998.19,5448991,446620.0,380475.0,986.2,1007.0,981.3,986.2,120654000,1084.8,887.6,1102.5,649.1,1006.0,696,2,1005.9,596,7,1005.8,1032,8,1005.7,2757,18,1005.6,2748,23,1006.1,42,1,1006.4,98,1,1006.5,261,7,1006.6,356,5,1006.7,1117,10
317,2025-11-26 11:51:38+05:30,1006.1,119,998.19,5449110,447115.0,380732.0,986.2,1007.0,981.3,986.2,120654000,1084.8,887.6,1102.5,649.1,1006.0,705,3,1005.9,402,5,1005.8,1275,11,1005.7,2757,18,1005.6,2748,23,1006.1,96,1,1006.2,100,1,1006.4,282,2,1006.5,261,7,1006.6,709,6
317,2025-11-26 11:51:38+05:30,1006.1,119,998.19,5449110,447115.0,380732.0,986.2,1007.0,981.3,986.2,120654000,1084.8,887.6,1102.5,649.1,1006.0,705,3,1005.9,402,5,1005.8,1275,11,1005.7,2757,18,1005.6,2748,23,1006.1,96,1,1006.2,100,1,1006.4,282,2,1006.5,261,7,1006.6,709,6
317,2025-11-26 11:51:38+05:30,1006.1,1,998.2,5449486,446222.0,380826.0,986.2,1007.0,981.3,986.2,120654000,1084.8,887.6,1102.5,649.1,1006.0,330,3,1005.9,97,2,1005.8,1139,10,1005.7,2558,18,1005.6,3058,25,1006.1,95,1,1006.2,100,1,1006.4,282,2,1006.5,261,7,1006.6,792,9
317,2025-11-26 11:51:39+05:30,1006.1,1,998.2,5449486,446222.0,380826.0,986.2,1007.0,981.3,986.2,120654000,1084.8,887.6,1102.5,649.1,1006.0,330,3,1005.9,97,2,1005.8,1139,10,1005.7,2558,18,1005.6,3058,25,1006.1,95,1,1006.2,100,1,1006.4,282,2,1006.5,261,7,1006.6,792,9
317,2025-11-26 11:51:39+05:30,1006.1,1,998.2,5449486,446223.0,380920.0,986.2,1007.0,981.3,986.2,120654000,1084.8,887.6,1102.5,649.1,1006.0,330,3,1005.9,97,2,1005.8,1139,10,1005.7,2856,19,1005.6,2760,24,1006.1,95,1,1006.2,100,1,1006.4,282,2,1006.5,261,7,1006.6,792,9
317,2025-11-26 11:51:41+05:30,1006.0,9,998.2,5449486,446223.0,380920.0,986.2,1007.0,981.3,986.2,120654000,1084.8,887.6,1102.5,649.1,1006.0,330,3,1005.9,97,2,1005.8,1139,10,1005.7,2856,19,1005.6,2760,24,1006.1,95,1,1006.2,100,1,1006.4,282,2,1006.5,261,7,1006.6,792,9
317,2025-11-26 11:51:41+05:30,1006.0,9,998.2,5449816,445964.0,381602.0,986.2,1007.0,981.3,986.2,120654000,1084.8,887.6,1102.5,649.1,1005.9,98,2,1005.8,927,8,1005.7,3430,17,1005.6,2623,23,1005.5,1562,12,1006.0,173,2,1006.1,3,2,1006.2,100,1,1006.4,331,3,1006.5,286,8
317,2025-11-26 11:51:42+05:30,1006.0,27,998.2,5449816,445964.0,381602.0,986.2,1007.0,981.3,986.2,120654000,1084.8,887.6,1102.5,649.1,1005.9,98,2,1005.8,927,8,1005.7,3430,17,1005.6,2623,23,1005.5,1562,12,1006.0,173,2,1006.1,3,2,1006.2,100,1,1006.4,331,3,1006.5,286,8
317,2025-11-26 11:51:42+05:30,1006.0,27,998.2,5450116,445871.0,381528.0,986.2,1007.0,981.3,986.2,120654000,1084.8,887.6,1102.5,649.1,1005.9,14,1,1005.8,1022,8,1005.7,3519,18,1005.6,2623,23,1005.5,1562,12,1006.0,300,3,1006.1,3,2,1006.2,100,1,1006.4,331,3,1006.5,286,8
317,2025-11-26 11:51:43+05:30,1006.0,49,998.2,5450116,445871.0,381528.0,986.2,1007.0,981.3,986.2,120654000,1084.8,887.6,1102.5,649.1,1005.9,14,1,1005.8,1022,8,1005.7,3519,18,1005.6,2623,23,1005.5,1562,12,1006.0,300,3,1006.1,3,2,1006.2,100,1,1006.4,331,3,1006.5,286,8
317,2025-11-26 11:51:43+05:30,1006.6,1,998.2,5455418,442710.0,376888.0,986.2,1007.0,981.3,986.2,120654000,1084.8,887.6,1102.5,649.1,1006.1,57,1,1006.0,321,4,1005.9,612,8,1005.8,1546,11,1005.7,2329,15,1006.5,24,1,1006.6,311,4,1006.7,958,7,1006.8,1039,7,1006.9,786,12
317,2025-11-26 11:51:44+05:30,1006.5,81,998.2,5455418,442710.0,376888.0,986.2,1007.0,981.3,986.2,120654000,1084.8,887.6,1102.5,649.1,1006.1,57,1,1006.0,321,4,1005.9,612,8,1005.8,1546,11,1005.7,2329,15,1006.5,24,1,1006.6,311,4,1006.7,958,7,1006.8,1039,7,1006.9,786,12
317,2025-11-26 11:51:44+05:30,1006.6,3,998.21,5455937,442987.0,378118.0,986.2,1007.0,981.3,986.2,120654000,1084.8,887.6,1102.5,649.1,1006.3,20,1,1006.1,59,2,1006.0,695,7,1005.9,681,7,1005.8,1614,15,1006.6,364,5,1006.7,582,6,1006.8,1243,9,1006.9,996,15,1007.0,8413,49
317,2025-11-26 11:51:45+05:30,1006.4,1,998.21,5455937,442987.0,378118.0,986.2,1007.0,981.3,986.2,120654000,1084.8,887.6,1102.5,649.1,1006.3,20,1,1006.1,59,2,1006.0,695,7,1005.9,681,7,1005.8,1614,15,1006.6,364,5,1006.7,582,6,1006.8,1243,9,1006.9,996,15,1007.0,8413,49
317,2025-11-26 11:51:45+05:30,1006.4,1,998.21,5456360,444525.0,377315.0,986.2,1007.0,981.3,986.2,120654000,1084.8,887.6,1102.5,649.1,1006.4,30,1,1006.3,216,4,1006.2,657,5,1006.1,793,8,1006.0,1228,15,1006.8,635,4,1006.9,862,10,1007.0,8435,45,1007.1,1488,11,1007.2,1407,13
317,2025-11-26 11:51:46+05:30,1006.4,1,998.21,5456360,444531.0,377315.0,986.2,1007.0,981.3,986.2,120654000,1084.8,887.6,1102.5,649.1,1006.4,30,1,1006.3,216,4,1006.2,657,5,1006.1,793,8,1006.0,1241,16,1006.8,635,4,1006.9,862,10,1007.0,8435,45,1007.1,1488,11,1007.2,1407,13
317,2025-11-26 11:51:47+05:30,1006.4,3,998.21,5456360,444531.0,377315.0,986.2,1007.0,981.3,986.2,120654000,1084.8,887.6,1102.5,649.1,1006.4,30,1,1006.3,216,4,1006.2,657,5,1006.1,793,8,1006.0,1241,16,1006.8,635,4,1006.9,862,10,1007.0,8435,45,1007.1,1488,11,1007.2,1407,13
317,2025-11-26 11:51:47+05:30,1006.4,3,998.21,5456363,444930.0,378701.0,986.2,1007.0,981.3,986.2,120654000,1084.8,887.6,1102.5,649.1,1006.4,50,2,1006.3,7,2,1006.2,552,4,1006.1,680,8,1006.0,1242,17,1006.5,800,1,1006.8,869,7,1006.9,1009,12,1007.0,8454,46,1007.1,1514,13
317,2025-11-26 11:51:48+05:30,1006.4,3,998.21,5456363,444913.0,378720.0,986.2,1007.0,981.3,986.2,120654000,1084.8,887.6,1102.5,649.1,1006.4,50,2,1006.3,7,2,1006.2,552,4,1006.1,680,8,1006.0,1242,17,1006.5,800,1,1006.8,869,7,1006.9,1009,12,1007.0,8454,46,1007.1,1514,13
317,2025-11-26 11:51:49+05:30,1006.4,3,998.21,5456363,444735.0,378816.0,986.2,1007.0,981.3,986.2,120654000,1084.8,887.6,1102.5,649.1,1006.4,50,2,1006.3,7,2,1006.2,261,2,1006.1,769,9,1006.0,1242,17,1006.5,800,1,1006.6,48,1,1006.7,50,2,1006.8,812,6,1006.9,1009,12
317,2025-11-26 11:51:50+05:30,1006.4,23,998.21,5456363,444735.0,378816.0,986.2,1007.0,981.3,986.2,120654000,1084.8,887.6,1102.5,649.1,1006.4,50,2,1006.3,7,2,1006.2,261,2,1006.1,769,9,1006.0,1242,17,1006.5,800,1,1006.6,48,1,1006.7,50,2,1006.8,812,6,1006.9,1009,12
317,2025-11-26 11:51:50+05:30,1006.4,50,998.21,5456703,444364.0,380161.0,986.2,1007.0,981.3,986.2,120654000,1084.8,887.6,1102.5,649.1,1006.3,2,1,1006.0,1327,12,1005.9,904,12,1005.8,2504,16,1005.7,1094,12,1006.4,46,1,1006.5,934,3,1006.6,408,5,1006.7,564,9,1006.8,1116,10
317,2025-11-26 11:51:51+05:30,1006.4,76,998.21,5456703,444364.0,380161.0,986.2,1007.0,981.3,986.2,120654000,1084.8,887.6,1102.5,649.1,1006.3,2,1,1006.0,1327,12,1005.9,904,12,1005.8,2504,16,1005.7,1094,12,1006.4,46,1,1006.5,934,3,1006.6,408,5,1006.7,564,9,1006.8,1116,10
317,2025-11-26 11:51:51+05:30,1006.4,76,998.21,5456779,444630.0,380027.0,986.2,1007.0,981.3,986.2,120654000,1084.8,887.6,1102.5,649.1,1006.3,2,1,1006.0,1327,12,1005.9,904,12,1005.8,2840,18,1005.7,980,12,1006.4,96,1,1006.5,934,3,1006.6,385,5,1006.7,453,6,1006.8,1085,8
317,2025-11-26 11:51:52+05:30,1006.4,76,998.21,5456779,444326.0,385006.0,986.2,1007.0,981.3,986.2,120654000,1084.8,887.6,1102.5,649.1,1006.3,2,1,1006.0,1327,12,1005.9,904,12,1005.8,2840,18,1005.7,980,12,1006.4,96,1,1006.5,934,3,1006.6,385,5,1006.7,453,6,1006.8,1111,10
317,2025-11-26 11:51:53+05:30,1006.0,165,998.21,5457385,443421.0,385027.0,986.2,1007.0,981.3,986.2,120654000,1084.8,887.6,1102.5,649.1,1006.1,87,1,1006.0,864,6,1005.9,878,12,1005.8,2197,15,1005.7,1278,13,1006.4,96,1,1006.5,853,2,1006.6,385,5,1006.7,453,6,1006.8,1238,12
317,2025-11-26 11:51:54+05:30,1006.0,165,998.21,5457385,443421.0,385027.0,986.2,1007.0,981.3,986.2,120654000,1084.8,887.6,1102.5,649.1,1006.1,87,1,1006.0,864,6,1005.9,878,12,1005.8,2197,15,1005.7,1278,13,1006.4,96,1,1006.5,853,2,1006.6,385,5,1006.7,453,6,1006.8,1238,12
317,2025-11-26 11:51:54+05:30,1006.0,13,998.21,5457485,443537.0,385569.0,986.2,1007.0,981.3,986.2,120654000,1084.8,887.6,1102.5,649.1,1006.1,112,1,1006.0,882,7,1005.9,842,11,1005.8,2234,18,1005.7,1278,13,1006.4,96,1,1006.5,853,2,1006.6,319,4,1006.7,559,7,1006.8,1238,12
317,2025-11-26 11:51:55+05:30,1006.1,85,998.21,5457485,443537.0,385569.0,986.2,1007.0,981.3,986.2,120654000,1084.8,887.6,1102.5,649.1,1006.1,112,1,1006.0,882,7,1005.9,842,11,1005.8,2234,18,1005.7,1278,13,1006.4,96,1,1006.5,853,2,1006.6,319,4,1006.7,559,7,1006.8,1238,12
317,2025-11-26 11:51:55+05:30,1006.1,35,998.21,5458157,443131.0,384912.0,986.2,1007.0,981.3,986.2,120654000,1084.8,887.6,1102.5,649.1,1006.1,209,3,1006.0,501,10,1005.9,1267,11,1005.8,2484,17,1005.7,796,11,1006.5,853,2,1006.6,172,2,1006.7,546,6,1006.8,1213,11,1006.9,1098,15
317,2025-11-26 11:51:56+05:30,1006.5,128,998.21,5458157,443131.0,384912.0,986.2,1007.0,981.3,986.2,120654000,1084.8,887.6,1102.5,649.1,1006.1,209,3,1006.0,501,10,1005.9,1267,11,1005.8,2484,17,1005.7,796,11,1006.5,853,2,1006.6,172,2,1006.7,546,6,1006.8,1213,11,1006.9,1098,15
317,2025-11-26 11:51:56+05:30,1006.5,128,998.21,5458285,443238.0,384959.0,986.2,1007.0,981.3,986.2,120654000,1084.8,887.6,1102.5,649.1,1006.1,266,5,1006.0,551,11,1005.9,1267,11,1005.8,2484,17,1005.7,796,11,1006.5,725,2,1006.6,91,1,1006.7,460,5,1006.8,1302,14,1006.9,1052,14
317,2025-11-26 11:51:57+05:30,1006.5,128,998.21,5458285,443983.0,387144.0,986.2,1007.0,981.3,986.2,120654000,1084.8,887.6,1102.5,649.1,1006.1,105,2,1006.0,631,11,1005.9,1176,10,1005.8,2288,18,1005.7,1094,12,1006.4,5,1,1006.5,2827,5,1006.6,96,2,1006.7,460,5,1006.8,1273,12
317,2025-11-26 11:51:58+05:30,1006.5,128,998.21,5458285,446961.0,388003.0,986.2,1007.0,981.3,986.2,120654000,1084.8,887.6,1102.5,649.1,1006.1,13,1,1006.0,684,11,1005.9,1042,9,1005.8,2230,18,1005.7,2778,15,1006.2,19,1,1006.4,5,1,1006.5,2827,5,1006.6,394,5,1006.7,482,6
317,2025-11-26 11:51:59+05:30,1006.1,5,998.21,5458290,447099.0,388108.0,986.2,1007.0,981.3,986.2,120654000,1084.8,887.6,1102.5,649.1,1006.1,8,1,1006.0,593,10,1005.9,1133,10,1005.8,2230,18,1005.7,2817,16,1006.2,19,1,1006.3,82,2,1006.4,5,1,1006.5,2775,5,1006.6,394,5
317,2025-11-26 11:52:00+05:30,1006.1,5,998.21,5458290,447099.0,388108.0,986.2,1007.0,981.3,986.2,120654000,1084.8,887.6,1102.5,649.1,1006.1,8,1,1006.0,593,10,1005.9,1133,10,1005.8,2230,18,1005.7,2817,16,1006.2,19,1,1006.3,82,2,1006.4,5,1,1006.5,2775,5,1006.6,394,5
317,2025-11-26 11:52:00+05:30,1006.2,19,998.21,5459276,447513.0,387426.0,986.2,1007.0,981.3,986.2,120654000,1084.8,887.6,1102.5,649.1,1006.0,893,14,1005.9,1516,13,1005.8,2415,17,1005.7,2519,15,1005.6,1572,16,1006.3,82,2,1006.4,5,1,1006.5,2775,5,1006.7,184,3,1006.8,1288,12
317,2025-11-26 11:52:01+05:30,1006.2,19,998.21,5459276,447513.0,387426.0,986.2,1007.0,981.3,986.2,120654000,1084.8,887.6,1102.5,649.1,1006.0,893,14,1005.9,1516,13,1005.8,2415,17,1005.7,2519,15,1005.6,1572,16,1006.3,82,2,1006.4,5,1,1006.5,2775,5,1006.7,184,3,1006.8,1288,12
317,2025-11-26 11:52:01+05:30,1006.3,8,998.21,5460162,444328.0,387552.0,986.2,1007.0,981.3,986.2,120654000,1084.8,887.6,1102.5,649.1,1006.3,13,1,1006.2,4,1,1006.1,513,5,1006.0,900,15,1005.9,1219,11,1006.5,2400,6,1006.6,81,1,1006.7,318,3,1006.8,1089,8,1006.9,1243,16
317,2025-11-26 11:52:02+05:30,1006.2,29,998.21,5460162,444328.0,387552.0,986.2,1007.0,981.3,986.2,120654000,1084.8,887.6,1102.5,649.1,1006.3,13,1,1006.2,4,1,1006.1,513,5,1006.0,900,15,1005.9,1219,11,1006.5,2400,6,1006.6,81,1,1006.7,318,3,1006.8,1089,8,1006.9,1243,16
317,2025-11-26 11:52:02+05:30,1006.2,29,998.21,5460644,448166.0,387893.0,986.2,1007.0,981.3,986.2,120654000,1084.8,887.6,1102.5,649.1,1006.3,198,1,1006.1,1576,9,1006.0,890,14,1005.9,1232,12,1005.8,2484,17,1006.5,2432,8,1006.7,318,3,1006.8,1288,10,1006.9,984,13,1007.0,9241,52
317,2025-11-26 11:52:03+05:30,1006.5,1,998.22,5463254,450232.0,383228.0,986.2,1007.0,981.3,986.2,120654000,1084.8,887.6,1102.5,649.1,1006.5,1,1,1006.4,198,3,1006.3,357,5,1006.2,666,6,1006.1,1670,8,1006.7,1,1,1006.8,608,4,1006.9,389,6,1007.0,8808,47,1007.1,1183,10
317,2025-11-26 11:52:04+05:30,1006.6,198,998.22,5463254,450232.0,383228.0,986.2,1007.0,981.3,986.2,120654000,1084.8,887.6,1102.5,649.1,1006.5,1,1,1006.4,198,3,1006.3,357,5,1006.2,666,6,1006.1,1670,8,1006.7,1,1,1006.8,608,4,1006.9,389,6,1007.0,8808,47,1007.1,1183,10
317,2025-11-26 11:52:04+05:30,1006.6,198,998.22,5463452,449103.0,383552.0,986.2,1007.0,981.3,986.2,120654000,1084.8,887.6,1102.5,649.1,1006.6,198,1,1006.5,1,1,1006.4,82,1,1006.3,481,6,1006.2,985,6,1006.7,28,2,1006.8,608,4,1006.9,566,7,1007.0,8837,51,1007.1,1380,13
317,2025-11-26 11:52:05+05:30,1006.6,198,998.22,5463989,449739.0,383435.0,986.2,1007.0,981.3,986.2,120654000,1084.8,887.6,1102.5,649.1,1006.6,198,1,1006.5,1,1,1006.4,82,1,1006.3,116,2,1006.2,401,6,1006.7,96,4,1006.8,387,7,1006.9,615,8,1007.0,8820,51,1007.1,1380,13
317,2025-11-26 11:52:06+05:30,1006.6,198,998.22,5463989,449739.0,383435.0,986.2,1007.0,981.3,986.2,120654000,1084.8,887.6,1102.5,649.1,1006.6,198,1,1006.5,1,1,1006.4,82,1,1006.3,116,2,1006.2,401,6,1006.7,96,4,1006.8,387,7,1006.9,615,8,1007.0,8820,51,1007.1,1380,13
317,2025-11-26 11:52:06+05:30,1006.6,82,998.22,5464357,449974.0,382923.0,986.2,1007.0,981.3,986.2,120654000,1084.8,887.6,1102.5,649.1,1006.6,3,1,1006.5,1,1,1006.4,202,1,1006.3,469,5,1006.2,391,5,1006.7,22,4,1006.8,433,7,1006.9,759,8,1007.0,8927,51,1007.1,1328,9
317,2025-11-26 11:52:07+05:30,1006.7,1,998.22,5464357,449974.0,382923.0,986.2,1007.0,981.3,986.2,120654000,1084.8,887.6,1102.5,649.1,1006.6,3,1,1006.5,1,1,1006.4,202,1,1006.3,469,5,1006.2,391,5,1006.7,22,4,1006.8,433,7,1006.9,759,8,1007.0,8927,51,1007.1,1328,9
317,2025-11-26 11:52:07+05:30,1006.7,2,998.22,5464688,448788.0,383470.0,986.2,1007.0,981.3,986.2,120654000,1084.8,887.6,1102.5,649.1,1006.4,1,1,1006.3,5,1,1006.2,463,4,1006.1,1942,12,1006.0,1077,17,1006.7,38,5,1006.8,529,9,1006.9,846,12,1007.0,9222,54,1007.1,1255,10
317,2025-11-26 11:52:08+05:30,1006.7,2,998.22,5464688,448788.0,383470.0,986.2,1007.0,981.3,986.2,120654000,1084.8,887.6,1102.5,649.1,1006.4,1,1,1006.3,5,1,1006.2,463,4,1006.1,1942,12,1006.0,1077,17,1006.7,38,5,1006.8,529,9,1006.9,846,12,1007.0,9222,54,1007.1,1255,10
317,2025-11-26 11:52:08+05:30,1006.3,1,998.22,5464889,449592.0,384958.0,986.2,1007.0,981.3,986.2,120654000,1084.8,887.6,1102.5,649.1,1006.3,86,1,1006.2,751,3,1006.1,1884,12,1006.0,2400,18,1005.9,1136,14,1006.7,293,8,1006.8,731,10,1006.9,1059,14,1007.0,9217,53,1007.1,1437,11
317,2025-11-26 11:52:09+05:30,1006.7,58,998.22,5464889,449592.0,384958.0,986.2,1007.0,981.3,986.2,120654000,1084.8,887.6,1102.5,649.1,1006.3,86,1,1006.2,751,3,1006.1,1884,12,1006.0,2400,18,1005.9,1136,14,1006.7,293,8,1006.8,731,10,1006.9,1059,14,1007.0,9217,53,1007.1,1437,11
317,2025-11-26 11:52:09+05:30,1006.7,58,998.22,5464989,449716.0,384697.0,986.2,1007.0,981.3,986.2,120654000,1084.8,887.6,1102.5,649.1,1006.3,86,1,1006.2,838,6,1006.1,1995,14,1006.0,2698,19,1005.9,825,12,1006.6,1,1,1006.7,46,7,1006.8,731,10,1006.9,1006,13,1007.0,9218,54
317,2025-11-26 11:52:10+05:30,1006.4,311,998.22,5465942,454467.0,383438.0,986.2,1007.0,981.3,986.2,120654000,1084.8,887.6,1102.5,649.1,1006.3,850,8,1006.2,2063,16,1006.1,2893,16,1006.0,2526,20,1005.9,965,12,1006.6,2,2,1006.7,46,7,1006.8,150,2,1006.9,765,6,1007.0,8923,50
317,2025-11-26 11:52:11+05:30,1006.4,311,998.22,5465942,454467.0,383438.0,986.2,1007.0,981.3,986.2,120654000,1084.8,887.6,1102.5,649.1,1006.3,850,8,1006.2,2063,16,1006.1,2893,16,1006.0,2526,20,1005.9,965,12,1006.6,2,2,1006.7,46,7,1006.8,150,2,1006.9,765,6,1007.0,8923,50
317,2025-11-26 11:52:11+05:30,1006.8,46,998.22,5466272,455645.0,382381.0,986.2,1007.0,981.3,986.2,120654000,1084.8,887.6,1102.5,649.1,1006.4,1064,8,1006.3,2377,12,1006.2,2413,16,1006.1,2822,16,1006.0,2077,21,1006.8,191,3,1006.9,348,3,1007.0,8700,49,1007.1,1256,8,1007.2,751,11
317,2025-11-26 11:52:12+05:30,1006.8,46,998.22,5466272,455645.0,382381.0,986.2,1007.0,981.3,986.2,120654000,1084.8,887.6,1102.5,649.1,1006.4,1064,8,1006.3,2377,12,1006.2,2413,16,1006.1,2822,16,1006.0,2077,21,1006.8,191,3,1006.9,348,3,1007.0,8700,49,1007.1,1256,8,1007.2,751,11
317,2025-11-26 11:52:12+05:30,1006.8,1,998.22,5466412,455755.0,382112.0,986.2,1007.0,981.3,986.2,120654000,1084.8,887.6,1102.5,649.1,1006.4,1196,10,1006.3,2535,16,1006.2,1724,14,1006.1,2774,15,1006.0,2087,22,1006.8,55,2,1006.9,348,3,1007.0,8518,48,1007.1,1256,8,1007.2,765,12
317,2025-11-26 11:52:13+05:30,1006.8,1,998.22,5466412,455755.0,382112.0,986.2,1007.0,981.3,986.2,120654000,1084.8,887.6,1102.5,649.1,1006.4,1196,10,1006.3,2535,16,1006.2,1724,14,1006.1,2774,15,1006.0,2087,22,1006.8,55,2,1006.9,348,3,1007.0,8518,48,1007.1,1256,8,1007.2,765,12
317,2025-11-26 11:52:13+05:30,1006.8,10,998.22,5466422,455581.0,382301.0,986.2,1007.0,981.3,986.2,120654000,1084.8,887.6,1102.5,649.1,1006.4,1103,9,1006.3,2402,16,1006.2,1724,14,1006.1,2774,15,1006.0,2087,22,1006.8,59,5,1006.9,560,5,1007.0,8764,51,1007.1,1288,10,1007.2,691,8
317,2025-11-26 11:52:14+05:30,1006.7,1,998.22,5466422,455581.0,382301.0,986.2,1007.0,981.3,986.2,120654000,1084.8,887.6,1102.5,649.1,1006.4,1103,9,1006.3,2402,16,1006.2,1724,14,1006.1,2774,15,1006.0,2087,22,1006.8,59,5,1006.9,560,5,1007.0,8764,51,1007.1,1288,10,1007.2,691,8
317,2025-11-26 11:52:14+05:30,1006.5,112,998.22,5466537,448763.0,385560.0,986.2,1007.0,981.3,986.2,120654000,1084.8,887.6,1102.5,649.1,1006.4,13,1,1006.3,815,3,1006.2,143,2,1006.1,1405,7,1006.0,900,17,1006.7,525,7,1006.8,647,15,1006.9,1361,17,1007.0,9143,53,1007.1,1189,11
317,2025-11-26 11:52:15+05:30,1006.5,112,998.22,5466537,448763.0,385560.0,986.2,1007.0,981.3,986.2,120654000,1084.8,887.6,1102.5,649.1,1006.4,13,1,1006.3,815,3,1006.2,143,2,1006.1,1405,7,1006.0,900,17,1006.7,525,7,1006.8,647,15,1006.9,1361,17,1007.0,9143,53,1007.1,1189,11
317,2025-11-26 11:52:15+05:30,1006.7,1,998.22,5466790,449113.0,384378.0,986.2,1007.0,981.3,986.2,120654000,1084.8,887.6,1102.5,649.1,1006.4,13,1,1006.3,267,3,1006.2,915,5,1006.1,1449,8,1006.0,2415,19,1006.7,12,2,1006.8,444,13,1006.9,1338,16,1007.0,9169,55,1007.1,1189,11
317,2025-11-26 11:52:16+05:30,1006.7,1,998.22,5466790,449113.0,384378.0,986.2,1007.0,981.3,986.2,120654000,1084.8,887.6,1102.5,649.1,1006.4,13,1,1006.3,267,3,1006.2,915,5,1006.1,1449,8,1006.0,2415,19,1006.7,12,2,1006.8,444,13,1006.9,1338,16,1007.0,9169,55,1007.1,1189,11
317,2025-11-26 11:52:17+05:30,1006.7,1,998.22,5466790,449208.0,384325.0,986.2,1007.0,981.3,986.2,120654000,1084.8,887.6,1102.5,649.1,1006.4,13,1,1006.3,267,3,1006.2,915,5,1006.1,1449,8,1006.0,2415,19,1006.7,15,3,1006.8,395,12,1006.9,1122,14,1007.0,9169,55,1007.1,1371,12
317,2025-11-26 11:52:18+05:30,1006.7,1,998.22,5466790,449517.0,384325.0,986.2,1007.0,981.3,986.2,120654000,1084.8,887.6,1102.5,649.1,1006.4,13,1,1006.3,267,3,1006.2,915,5,1006.1,1449,8,1006.0,2415,19,1006.7,15,3,1006.8,395,12,1006.9,1197,17,1007.0,9143,53,1007.1,1371,12
317,2025-11-26 11:52:19+05:30,1006.7,1,998.22,5466790,449466.0,383981.0,986.2,1007.0,981.3,986.2,120654000,1084.8,887.6,1102.5,649.1,1006.4,13,1,1006.3,267,3,1006.2,915,5,1006.1,1449,8,1006.0,2415,19,1006.7,15,3,1006.8,400,13,1006.9,1197,17,1007.0,8750,52,1007.1,1371,12
317,2025-11-26 11:52:20+05:30,1006.4,8,998.22,5466790,449466.0,383981.0,986.2,1007.0,981.3,986.2,120654000,1084.8,887.6,1102.5,649.1,1006.4,13,1,1006.3,267,3,1006.2,915,5,1006.1,1449,8,1006.0,2415,19,1006.7,15,3,1006.8,400,13,1006.9,1197,17,1007.0,8750,52,1007.1,1371,12
317,2025-11-26 11:52:20+05:30,1006.4,8,998.22,5466798,451348.0,385430.0,986.2,1007.0,981.3,986.2,120654000,1084.8,887.6,1102.5,649.1,1006.4,5,1,1006.3,65,2,1006.2,804,4,1006.1,1498,9,1006.0,2415,19,1006.5,96,1,1006.7,130,5,1006.8,435,15,1006.9,1210,18,1007.0,8750,52
317,2025-11-26 11:52:21+05:30,1006.4,83,998.22,5466798,451348.0,385430.0,986.2,1007.0,981.3,986.2,120654000,1084.8,887.6,1102.5,649.1,1006.4,5,1,1006.3,65,2,1006.2,804,4,1006.1,1498,9,1006.0,2415,19,1006.5,96,1,1006.7,130,5,1006.8,435,15,1006.9,1210,18,1007.0,8750,52
317,2025-11-26 11:52:21+05:30,1006.3,12,998.22,5466898,451147.0,386251.0,986.2,1007.0,981.3,986.2,120654000,1084.8,887.6,1102.5,649.1,1006.3,53,2,1006.2,496,2,1006.1,1428,7,1006.0,2158,17,1005.9,1565,13,1006.5,96,1,1006.6,95,1,1006.7,570,10,1006.8,504,15,1006.9,1281,17
317,2025-11-26 11:52:22+05:30,1006.3,31,998.22,5466898,451147.0,386251.0,986.2,1007.0,981.3,986.2,120654000,1084.8,887.6,1102.5,649.1,1006.3,53,2,1006.2,496,2,1006.1,1428,7,1006.0,2158,17,1005.9,1565,13,1006.5,96,1,1006.6,95,1,1006.7,570,10,1006.8,504,15,1006.9,1281,17
317,2025-11-26 11:52:22+05:30,1006.3,31,998.22,5466982,452421.0,387336.0,986.2,1007.0,981.3,986.2,120654000,1084.8,887.6,1102.5,649.1,1006.3,34,2,1006.2,187,2,1006.1,1419,6,1006.0,2319,19,1005.9,2613,15,1006.4,5,1,1006.5,97,2,1006.6,148,2,1006.7,619,11,1006.8,502,14
317,2025-11-26 11:52:23+05:30,1006.3,14,998.22,5466982,452421.0,387336.0,986.2,1007.0,981.3,986.2,120654000,1084.8,887.6,1102.5,649.1,1006.3,34,2,1006.2,187,2,1006.1,1419,6,1006.0,2319,19,1005.9,2613,15,1006.4,5,1,1006.5,97,2,1006.6,148,2,1006.7,619,11,1006.8,502,14
317,2025-11-26 11:52:23+05:30,1006.3,14,998.22,5466996,453075.0,387378.0,986.2,1007.0,981.3,986.2,120654000,1084.8,887.6,1102.5,649.1,1006.3,16,1,1006.2,826,4,1006.1,1483,7,1006.0,2346,20,1005.9,2613,15,1006.4,6,2,1006.5,97,2,1006.6,53,1,1006.7,714,12,1006.8,500,13
317,2025-11-26 11:52:24+05:30,1006.3,1,998.22,5466996,453075.0,387378.0,986.2,1007.0,981.3,986.2,120654000,1084.8,887.6,1102.5,649.1,1006.3,16,1,1006.2,826,4,1006.1,1483,7,1006.0,2346,20,1005.9,2613,15,1006.4,6,2,1006.5,97,2,1006.6,53,1,1006.7,714,12,1006.8,500,13
317,2025-11-26 11:52:24+05:30,1006.4,3,998.22,5467000,453277.0,387344.0,986.2,1007.0,981.3,986.2,120654000,1084.8,887.6,1102.5,649.1,1006.3,15,1,1006.2,826,4,1006.1,1466,6,1006.0,2273,15,1005.9,2598,14,1006.4,4,3,1006.5,97,2,1006.6,53,1,1006.7,714,12,1006.8,499,12
317,2025-11-26 11:52:25+05:30,1006.4,1,998.22,5467000,453277.0,387344.0,986.2,1007.0,981.3,986.2,120654000,1084.8,887.6,1102.5,649.1,1006.3,15,1,1006.2,826,4,1006.1,1466,6,1006.0,2273,15,1005.9,2598,14,1006.4,4,3,1006.5,97,2,1006.6,53,1,1006.7,714,12,1006.8,499,12
317,2025-11-26 11:52:25+05:30,1006.3,120,998.22,5467134,453485.0,387582.0,986.2,1007.0,981.3,986.2,120654000,1084.8,887.6,1102.5,649.1,1006.2,100,1,1006.1,1497,7,1006.0,2153,15,1005.9,2626,15,1005.8,2025,11,1006.3,96,1,1006.4,3,3,1006.5,1,1,1006.6,255,2,1006.7,833,8
317,2025-11-26 11:52:26+05:30,1006.2,26,998.22,5467134,453485.0,387582.0,986.2,1007.0,981.3,986.2,120654000,1084.8,887.6,1102.5,649.1,1006.2,100,1,1006.1,1497,7,1006.0,2153,15,1005.9,2626,15,1005.8,2025,11,1006.3,96,1,1006.4,3,3,1006.5,1,1,1006.6,255,2,1006.7,833,8
317,2025-11-26 11:52:26+05:30,1006.2,26,998.22,5467196,453448.0,387604.0,986.2,1007.0,981.3,986.2,120654000,1084.8,887.6,1102.5,649.1,1006.2,38,1,1006.1,1338,5,1006.0,2153,15,1005.9,2721,16,1005.8,2052,12,1006.3,98,2,1006.4,43,4,1006.5,1,1,1006.6,255,2,1006.7,858,7
317,2025-11-26 11:52:27+05:30,1006.3,10,998.22,5467196,453448.0,387604.0,986.2,1007.0,981.3,986.2,120654000,1084.8,887.6,1102.5,649.1,1006.2,38,1,1006.1,1338,5,1006.0,2153,15,1005.9,2721,16,1005.8,2052,12,1006.3,98,2,1006.4,43,4,1006.5,1,1,1006.6,255,2,1006.7,858,7
317,2025-11-26 11:52:27+05:30,1006.3,10,998.22,5467206,453450.0,387499.0,986.2,1007.0,981.3,986.2,120654000,1084.8,887.6,1102.5,649.1,1006.2,39,2,1006.1,1289,4,1006.0,2153,15,1005.9,2626,15,1005.8,2137,12,1006.3,91,5,1006.4,43,4,1006.5,1,1,1006.6,255,2,1006.7,907,8
317,2025-11-26 11:52:28+05:30,1006.3,10,998.22,5467206,453450.0,387499.0,986.2,1007.0,981.3,986.2,120654000,1084.8,887.6,1102.5,649.1,1006.2,39,2,1006.1,1289,4,1006.0,2153,15,1005.9,2626,15,1005.8,2137,12,1006.3,91,5,1006.4,43,4,1006.5,1,1,1006.6,255,2,1006.7,907,8
317,2025-11-26 11:52:28+05:30,1006.3,5,998.22,5467211,453450.0,387544.0,986.2,1007.0,981.3,986.2,120654000,1084.8,887.6,1102.5,649.1,1006.2,39,2,1006.1,1289,4,1006.0,2153,15,1005.9,2626,15,1005.8,2137,12,1006.3,87,6,1006.4,43,4,1006.5,1,1,1006.6,317,3,1006.7,909,9
317,2025-11-26 11:52:28+05:30,1006.3,5,998.22,5467211,453450.0,387544.0,986.2,1007.0,981.3,986.2,120654000,1084.8,887.6,1102.5,649.1,1006.2,39,2,1006.1,1289,4,1006.0,2153,15,1005.9,2626,15,1005.8,2137,12,1006.3,87,6,1006.4,43,4,1006.5,1,1,1006.6,317,3,1006.7,909,9
317,2025-11-26 11:52:29+05:30,1006.3,5,998.22,5467211,453450.0,387544.0,986.2,1007.0,981.3,986.2,120654000,1084.8,887.6,1102.5,649.1,1006.2,39,2,1006.1,1289,4,1006.0,2153,15,1005.9,2626,15,1005.8,2137,12,1006.3,87,6,1006.4,43,4,1006.5,1,1,1006.6,317,3,1006.7,909,9
317,2025-11-26 11:52:29+05:30,1006.3,5,998.22,5467211,453450.0,387544.0,986.2,1007.0,981.3,986.2,120654000,1084.8,887.6,1102.5,649.1,1006.2,39,2,1006.1,1289,4,1006.0,2153,15,1005.9,2626,15,1005.8,2137,12,1006.3,87,6,1006.4,43,4,1006.5,1,1,1006.6,317,3,1006.7,909,9
317,2025-11-26 11:52:29+05:30,1006.3,5,998.22,5467211,453969.0,387568.0,986.2,1007.0,981.3,986.2,120654000,1084.8,887.6,1102.5,649.1,1006.2,39,2,1006.1,1289,4,1006.0,2153,15,1005.9,2626,15,1005.8,2137,12,1006.3,88,7,1006.4,43,4,1006.5,1,1,1006.6,317,3,1006.7,909,9
317,2025-11-26 11:52:29+05:30,1006.3,5,998.22,5467211,453969.0,387568.0,986.2,1007.0,981.3,986.2,120654000,1084.8,887.6,1102.5,649.1,1006.2,39,2,1006.1,1289,4,1006.0,2153,15,1005.9,2626,15,1005.8,2137,12,1006.3,88,7,1006.4,43,4,1006.5,1,1,1006.6,317,3,1006.7,909,9
317,2025-11-26 11:52:30+05:30,1006.3,5,998.22,5467211,453969.0,387568.0,986.2,1007.0,981.3,986.2,120654000,1084.8,887.6,1102.5,649.1,1006.2,39,2,1006.1,1289,4,1006.0,2153,15,1005.9,2626,15,1005.8,2137,12,1006.3,88,7,1006.4,43,4,1006.5,1,1,1006.6,317,3,1006.7,909,9
317,2025-11-26 11:52:30+05:30,1006.2,38,998.22,5467211,453969.0,387568.0,986.2,1007.0,981.3,986.2,120654000,1084.8,887.6,1102.5,649.1,1006.2,39,2,1006.1,1289,4,1006.0,2153,15,1005.9,2626,15,1005.8,2137,12,1006.3,88,7,1006.4,43,4,1006.5,1,1,1006.6,317,3,1006.7,909,9
317,2025-11-26 11:52:30+05:30,1006.2,38,998.22,5467211,453969.0,387568.0,986.2,1007.0,981.3,986.2,120654000,1084.8,887.6,1102.5,649.1,1006.2,39,2,1006.1,1289,4,1006.0,2153,15,1005.9,2626,15,1005.8,2137,12,1006.3,88,7,1006.4,43,4,1006.5,1,1,1006.6,317,3,1006.7,909,9
317,2025-11-26 11:52:30+05:30,1006.1,8,998.22,5467258,452525.0,387047.0,986.2,1007.0,981.3,986.2,120654000,1084.8,887.6,1102.5,649.1,1006.1,1201,3,1006.0,1893,12,1005.9,2337,13,1005.8,1614,12,1005.7,1764,17,1006.2,138,2,1006.3,7,6,1006.4,43,4,1006.5,203,2,1006.6,548,5
317,2025-11-26 11:52:30+05:30,1006.1,8,998.22,5467258,452525.0,387047.0,986.2,1007.0,981.3,986.2,120654000,1084.8,887.6,1102.5,649.1,1006.1,1201,3,1006.0,1893,12,1005.9,2337,13,1005.8,1614,12,1005.7,1764,17,1006.2,138,2,1006.3,7,6,1006.4,43,4,1006.5,203,2,1006.6,548,5
317,2025-11-26 11:52:31+05:30,1006.1,8,998.22,5467258,452525.0,387047.0,986.2,1007.0,981.3,986.2,120654000,1084.8,887.6,1102.5,649.1,1006.1,1201,3,1006.0,1893,12,1005.9,2337,13,1005.8,1614,12,1005.7,1764,17,1006.2,138,2,1006.3,7,6,1006.4,43,4,1006.5,203,2,1006.6,548,5
317,2025-11-26 11:52:31+05:30,1006.1,8,998.22,5467258,452525.0,387047.0,986.2,1007.0,981.3,986.2,120654000,1084.8,887.6,1102.5,649.1,1006.1,1201,3,1006.0,1893,12,1005.9,2337,13,1005.8,1614,12,1005.7,1764,17,1006.2,138,2,1006.3,7,6,1006.4,43,4,1006.5,203,2,1006.6,548,5
317,2025-11-26 11:52:31+05:30,1006.1,94,998.22,5468453,442989.0,392599.0,986.2,1007.0,981.3,986.2,120654000,1084.8,887.6,1102.5,649.1,1006.0,900,5,1005.9,971,5,1005.8,142,3,1005.7,423,6,1005.6,655,9,1006.2,470,4,1006.3,147,10,1006.4,294,9,1006.5,841,9,1006.6,819,8
317,2025-11-26 11:52:31+05:30,1006.1,94,998.22,5468453,442989.0,392599.0,986.2,1007.0,981.3,986.2,120670500,1084.8,887.6,1102.5,649.1,1006.0,900,5,1005.9,971,5,1005.8,142,3,1005.7,423,6,1005.6,655,9,1006.2,470,4,1006.3,147,10,1006.4,294,9,1006.5,841,9,1006.6,819,8
317,2025-11-26 11:52:32+05:30,1006.1,94,998.22,5468453,442989.0,392599.0,986.2,1007.0,981.3,986.2,120670500,1084.8,887.6,1102.5,649.1,1006.0,900,5,1005.9,971,5,1005.8,142,3,1005.7,423,6,1005.6,655,9,1006.2,470,4,1006.3,147,10,1006.4,294,9,1006.5,841,9,1006.6,819,8
317,2025-11-26 11:52:32+05:30,1006.1,94,998.22,5468453,442989.0,392599.0,986.2,1007.0,981.3,986.2,120670500,1084.8,887.6,1102.5,649.1,1006.0,900,5,1005.9,971,5,1005.8,142,3,1005.7,423,6,1005.6,655,9,1006.2,470,4,1006.3,147,10,1006.4,294,9,1006.5,841,9,1006.6,819,8
317,2025-11-26 11:52:32+05:30,1006.1,2,998.22,5468929,443478.0,394267.0,986.2,1007.0,981.3,986.2,120670500,1084.8,887.6,1102.5,649.1,1005.9,41,2,1005.7,228,4,1005.6,994,6,1005.5,2677,16,1005.4,1134,12,1006.1,72,1,1006.2,824,7,1006.3,267,10,1006.4,346,9,1006.5,965,11
317,2025-11-26 11:52:32+05:30,1006.1,2,998.22,5468929,443478.0,394267.0,986.2,1007.0,981.3,986.2,120670500,1084.8,887.6,1102.5,649.1,1005.9,41,2,1005.7,228,4,1005.6,994,6,1005.5,2677,16,1005.4,1134,12,1006.1,72,1,1006.2,824,7,1006.3,267,10,1006.4,346,9,1006.5,965,11
317,2025-11-26 11:52:33+05:30,1006.1,2,998.22,5468929,443478.0,394267.0,986.2,1007.0,981.3,986.2,120670500,1084.8,887.6,1102.5,649.1,1005.9,41,2,1005.7,228,4,1005.6,994,6,1005.5,2677,16,1005.4,1134,12,1006.1,72,1,1006.2,824,7,1006.3,267,10,1006.4,346,9,1006.5,965,11
317,2025-11-26 11:52:33+05:30,1005.9,126,998.22,5469067,445679.0,393703.0,986.2,1007.0,981.3,986.2,120670500,1084.8,887.6,1102.5,649.1,1005.7,120,3,1005.6,1212,6,1005.5,2358,16,1005.4,2299,13,1005.3,1436,10,1005.9,38,2,1006.1,298,4,1006.2,959,9,1006.3,327,11,1006.4,427,9
317,2025-11-26 11:52:34+05:30,1005.9,126,998.22,5469067,445679.0,393703.0,986.2,1007.0,981.3,986.2,120670500,1084.8,887.6,1102.5,649.1,1005.7,120,3,1005.6,1212,6,1005.5,2358,16,1005.4,2299,13,1005.3,1436,10,1005.9,38,2,1006.1,298,4,1006.2,959,9,1006.3,327,11,1006.4,427,9
317,2025-11-26 11:52:34+05:30,1005.7,112,998.23,5469479,444084.0,394039.0,986.2,1007.0,981.3,986.2,120670500,1084.8,887.6,1102.5,649.1,1005.5,286,5,1005.4,2730,13,1005.3,2908,19,1005.2,1284,10,1005.1,2503,13,1005.7,2089,2,1005.9,40,3,1006.0,224,3,1006.1,299,5,1006.2,997,12
317,2025-11-26 11:52:35+05:30,1005.5,93,998.23,5469479,444084.0,394039.0,986.2,1007.0,981.3,986.2,120670500,1084.8,887.6,1102.5,649.1,1005.5,286,5,1005.4,2730,13,1005.3,2908,19,1005.2,1284,10,1005.1,2503,13,1005.7,2089,2,1005.9,40,3,1006.0,224,3,1006.1,299,5,1006.2,997,12
317,2025-11-26 11:52:35+05:30,1005.5,93,998.23,5470394,442565.0,396136.0,986.2,1007.0,981.3,986.2,120670500,1084.8,887.6,1102.5,649.1,1005.3,1379,8,1005.2,779,9,1005.1,1438,13,1005.0,5194,72,1004.9,2299,15,1005.5,82,2,1005.7,2175,5,1005.8,187,2,1005.9,368,7,1006.0,366,4
317,2025-11-26 11:52:36+05:30,1005.3,1,998.23,5470394,442565.0,396136.0,986.2,1007.0,981.3,986.2,120670500,1084.8,887.6,1102.5,649.1,1005.3,1379,8,1005.2,779,9,1005.1,1438,13,1005.0,5194,72,1004.9,2299,15,1005.5,82,2,1005.7,2175,5,1005.8,187,2,1005.9,368,7,1006.0,366,4
317,2025-11-26 11:52:36+05:30,1005.3,6,998.23,5470650,441171.0,396539.0,986.2,1007.0,981.3,986.2,120670500,1084.8,887.6,1102.5,649.1,1005.2,1974,9,1005.1,1583,12,1005.0,4974,70,1004.9,1675,24,1004.8,1883,76,1005.5,88,3,1005.7,2357,6,1005.8,187,2,1005.9,635,11,1006.0,659,8
317,2025-11-26 11:52:37+05:30,1005.3,6,998.23,5470650,441171.0,396539.0,986.2,1007.0,981.3,986.2,120670500,1084.8,887.6,1102.5,649.1,1005.2,1974,9,1005.1,1583,12,1005.0,4974,70,1004.9,1675,24,1004.8,1883,76,1005.5,88,3,1005.7,2357,6,1005.8,187,2,1005.9,635,11,1006.0,659,8
317,2025-11-26 11:52:37+05:30,1005.2,1,998.23,5470710,440475.0,396249.0,986.2,1007.0,981.3,986.2,120670500,1084.8,887.6,1102.5,649.1,1005.2,1405,9,1005.1,774,11,1005.0,5810,72,1004.9,1772,37,1004.8,1632,64,1005.5,36,7,1005.7,2357,6,1005.8,197,3,1005.9,635,11,1006.0,659,8
317,2025-11-26 11:52:38+05:30,1005.2,1,998.23,5470710,440475.0,396249.0,986.2,1007.0,981.3,986.2,120670500,1084.8,887.6,1102.5,649.1,1005.2,1405,9,1005.1,774,11,1005.0,5810,72,1004.9,1772,37,1004.8,1632,64,1005.5,36,7,1005.7,2357,6,1005.8,197,3,1005.9,635,11,1006.0,659,8
317,2025-11-26 11:52:38+05:30,1005.2,1,998.23,5470711,440478.0,396170.0,986.2,1007.0,981.3,986.2,120670500,1084.8,887.6,1102.5,649.1,1005.2,1188,7,1005.1,688,10,1005.0,5896,73,1004.9,1853,50,1004.8,1771,53,1005.5,37,8,1005.7,2362,7,1005.8,197,3,1005.9,635,11,1006.0,659,8
317,2025-11-26 11:52:39+05:30,1005.2,1,998.23,5470711,440478.0,396170.0,986.2,1007.0,981.3,986.2,120670500,1084.8,887.6,1102.5,649.1,1005.2,1188,7,1005.1,688,10,1005.0,5896,73,1004.9,1853,50,1004.8,1771,53,1005.5,37,8,1005.7,2362,7,1005.8,197,3,1005.9,635,11,1006.0,659,8
317,2025-11-26 11:52:39+05:30,1005.2,1,998.23,5470711,440479.0,396843.0,986.2,1007.0,981.3,986.2,120670500,1084.8,887.6,1102.5,649.1,1005.2,1189,8,1005.1,688,10,1005.0,5896,73,1004.9,1969,63,1004.8,1655,40,1005.5,187,9,1005.7,2362,7,1005.8,197,3,1005.9,635,11,1006.0,659,8
317,2025-11-26 11:52:41+05:30,1005.2,4,998.23,5471552,441335.0,397785.0,986.2,1007.0,981.3,986.2,120670500,1084.8,887.6,1102.5,649.1,1005.2,88,1,1005.1,880,8,1005.0,4503,65,1004.9,3554,83,1004.8,1668,28,1005.3,167,2,1005.4,38,1,1005.5,170,8,1005.6,182,1,1005.7,2281,5
317,2025-11-26 11:52:41+05:30,1005.2,4,998.23,5471552,441335.0,397785.0,986.2,1007.0,981.3,986.2,120670500,1084.8,887.6,1102.5,649.1,1005.2,88,1,1005.1,880,8,1005.0,4503,65,1004.9,3554,83,1004.8,1668,28,1005.3,167,2,1005.4,38,1,1005.5,170,8,1005.6,182,1,1005.7,2281,5
317,2025-11-26 11:52:42+05:30,1005.2,1,998.23,5471641,440861.0,398560.0,986.2,1007.0,981.3,986.2,120670500,1084.8,887.6,1102.5,649.1,1005.1,342,7,1005.0,4503,65,1004.9,4283,96,1004.8,1596,12,1004.7,1659,14,1005.2,11,1,1005.3,303,4,1005.4,38,1,1005.5,170,8,1005.6,182,1
317,2025-11-26 11:52:42+05:30,1005.2,1,998.23,5471641,440861.0,398560.0,986.2,1007.0,981.3,986.2,120670500,1084.8,887.6,1102.5,649.1,1005.1,342,7,1005.0,4503,65,1004.9,4283,96,1004.8,1596,12,1004.7,1659,14,1005.2,11,1,1005.3,303,4,1005.4,38,1,1005.5,170,8,1005.6,182,1
317,2025-11-26 11:52:43+05:30,1005.1,47,998.23,5471688,440915.0,398623.0,986.2,1007.0,981.3,986.2,120670500,1084.8,887.6,1102.5,649.1,1005.1,192,5,1005.0,4370,51,1004.9,4416,110,1004.8,1627,13,1004.7,1659,14,1005.2,12,2,1005.3,303,4,1005.4,38,1,1005.5,175,9,1005.6,191,2
317,2025-11-26 11:52:43+05:30,1005.1,47,998.23,5471688,440915.0,398623.0,986.2,1007.0,981.3,986.2,120670500,1084.8,887.6,1102.5,649.1,1005.1,192,5,1005.0,4370,51,1004.9,4416,110,1004.8,1627,13,1004.7,1659,14,1005.2,12,2,1005.3,303,4,1005.4,38,1,1005.5,175,9,1005.6,191,2
317,2025-11-26 11:52:44+05:30,1005.3,2,998.23,5471764,440230.0,398575.0,986.2,1007.0,981.3,986.2,120670500,1084.8,887.6,1102.5,649.1,1005.1,141,4,1005.0,4312,48,1004.9,3700,112,1004.8,1596,12,1004.7,1696,15,1005.3,301,4,1005.4,38,1,1005.5,175,9,1005.6,191,2,1005.7,2325,5
317,2025-11-26 11:52:44+05:30,1005.3,2,998.23,5471764,440230.0,398575.0,986.2,1007.0,981.3,986.2,120670500,1084.8,887.6,1102.5,649.1,1005.1,141,4,1005.0,4312,48,1004.9,3700,112,1004.8,1596,12,1004.7,1696,15,1005.3,301,4,1005.4,38,1,1005.5,175,9,1005.6,191,2,1005.7,2325,5
317,2025-11-26 11:52:45+05:30,1005.3,62,998.23,5471764,440230.0,398575.0,986.2,1007.0,981.3,986.2,120670500,1084.8,887.6,1102.5,649.1,1005.1,141,4,1005.0,4312,48,1004.9,3700,112,1004.8,1596,12,1004.7,1696,15,1005.3,301,4,1005.4,38,1,1005.5,175,9,1005.6,191,2,1005.7,2325,5
317,2025-11-26 11:52:45+05:30,1005.3,62,998.23,5473311,440357.0,397312.0,986.2,1007.0,981.3,986.2,120670500,1084.8,887.6,1102.5,649.1,1005.1,545,6,1005.0,3953,33,1004.9,3432,109,1004.8,1759,14,1004.7,1566,14,1005.3,59,3,1005.4,38,1,1005.5,170,8,1005.7,2270,2,1005.8,296,4
317,2025-11-26 11:52:46+05:30,1005.1,75,998.23,5473311,440357.0,397312.0,986.2,1007.0,981.3,986.2,120670500,1084.8,887.6,1102.5,649.1,1005.1,545,6,1005.0,3953,33,1004.9,3432,109,1004.8,1759,14,1004.7,1566,14,1005.3,59,3,1005.4,38,1,1005.5,170,8,1005.7,2270,2,1005.8,296,4
317,2025-11-26 11:52:46+05:30,1005.1,75,998.23,5473416,442053.0,397982.0,986.2,1007.0,981.3,986.2,120670500,1084.8,887.6,1102.5,649.1,1005.1,1283,8,1005.0,5507,21,1004.9,2846,106,1004.8,2447,22,1004.7,1701,12,1005.3,75,4,1005.4,43,2,1005.5,158,6,1005.7,2324,4,1005.8,306,4
317,2025-11-26 11:52:47+05:30,1005.1,26,998.23,5473416,442053.0,397982.0,986.2,1007.0,981.3,986.2,120670500,1084.8,887.6,1102.5,649.1,1005.1,1283,8,1005.0,5507,21,1004.9,2846,106,1004.8,2447,22,1004.7,1701,12,1005.3,75,4,1005.4,43,2,1005.5,158,6,1005.7,2324,4,1005.8,306,4
317,2025-11-26 11:52:47+05:30,1005.1,26,998.23,5473442,441536.0,398040.0,986.2,1007.0,981.3,986.2,120670500,1084.8,887.6,1102.5,649.1,1005.1,547,5,1005.0,6205,22,1004.9,2973,96,1004.8,1697,21,1004.7,951,11,1005.3,260,6,1005.4,43,2,1005.5,155,5,1005.7,2329,5,1005.8,332,6
317,2025-11-26 11:52:48+05:30,1005.1,6,998.23,5473442,441536.0,398040.0,986.2,1007.0,981.3,986.2,120670500,1084.8,887.6,1102.5,649.1,1005.1,547,5,1005.0,6205,22,1004.9,2973,96,1004.8,1697,21,1004.7,951,11,1005.3,260,6,1005.4,43,2,1005.5,155,5,1005.7,2329,5,1005.8,332,6
317,2025-11-26 11:52:48+05:30,1005.1,6,998.23,5473448,441593.0,397981.0,986.2,1007.0,981.3,986.2,120670500,1084.8,887.6,1102.5,649.1,1005.1,489,4,1005.0,6204,22,1004.9,2823,84,1004.8,1697,21,1004.7,1032,12,1005.3,266,11,1005.4,43,2,1005.5,150,1,1005.7,2355,7,1005.8,306,4
317,2025-11-26 11:52:49+05:30,1005.1,6,998.23,5473448,441464.0,398026.0,986.2,1007.0,981.3,986.2,120670500,1084.8,887.6,1102.5,649.1,1005.1,200,3,1005.0,6107,19,1004.9,2823,72,1004.8,1697,21,1004.7,951,11,1005.3,266,11,1005.4,43,2,1005.5,150,1,1005.6,656,2,1005.7,2413,8
317,2025-11-26 11:52:50+05:30,1005.1,6,998.23,5473448,441375.0,398904.0,986.2,1007.0,981.3,986.2,120670500,1084.8,887.6,1102.5,649.1,1005.1,200,3,1005.0,5659,17,1004.9,2785,57,1004.8,1807,21,1004.7,951,11,1005.2,96,1,1005.3,266,11,1005.4,43,2,1005.5,441,5,1005.6,801,5
317,2025-11-26 11:52:51+05:30,1005.0,50,998.23,5473448,441375.0,398904.0,986.2,1007.0,981.3,986.2,120670500,1084.8,887.6,1102.5,649.1,1005.1,200,3,1005.0,5659,17,1004.9,2785,57,1004.8,1807,21,1004.7,951,11,1005.2,96,1,1005.3,266,11,1005.4,43,2,1005.5,441,5,1005.6,801,5
317,2025-11-26 11:52:51+05:30,1005.0,50,998.23,5473753,442713.0,399719.0,986.2,1007.0,981.3,986.2,120670500,1084.8,887.6,1102.5,649.1,1005.0,4790,15,1004.9,3522,45,1004.8,2077,15,1004.7,871,10,1004.6,2711,68,1005.1,9,1,1005.2,96,1,1005.3,257,10,1005.4,284,4,1005.5,441,5
317,2025-11-26 11:52:52+05:30,1005.2,13,998.23,5473753,442713.0,399719.0,986.2,1007.0,981.3,986.2,120670500,1084.8,887.6,1102.5,649.1,1005.0,4790,15,1004.9,3522,45,1004.8,2077,15,1004.7,871,10,1004.6,2711,68,1005.1,9,1,1005.2,96,1,1005.3,257,10,1005.4,284,4,1005.5,441,5
317,2025-11-26 11:52:52+05:30,1005.2,13,998.23,5474121,441277.0,399577.0,986.2,1007.0,981.3,986.2,120670500,1084.8,887.6,1102.5,649.1,1005.0,5268,20,1004.9,3191,30,1004.8,1287,12,1004.7,977,13,1004.6,2711,68,1005.2,83,1,1005.3,257,10,1005.4,102,3,1005.5,432,4,1005.6,328,5
317,2025-11-26 11:52:53+05:30,1005.2,13,998.23,5474121,443490.0,399659.0,986.2,1007.0,981.3,986.2,120670500,1084.8,887.6,1102.5,649.1,1005.1,2253,6,1005.0,4844,21,1004.9,2832,16,1004.8,724,13,1004.7,1701,12,1005.2,87,2,1005.3,257,10,1005.4,102,3,1005.5,337,3,1005.6,208,3
317,2025-11-26 11:52:54+05:30,1005.1,5,998.23,5474121,443490.0,399659.0,986.2,1007.0,981.3,986.2,120670500,1084.8,887.6,1102.5,649.1,1005.1,2253,6,1005.0,4844,21,1004.9,2832,16,1004.8,724,13,1004.7,1701,12,1005.2,87,2,1005.3,257,10,1005.4,102,3,1005.5,337,3,1005.6,208,3
317,2025-11-26 11:52:54+05:30,1005.1,5,998.23,5474732,442488.0,398262.0,986.2,1007.0,981.3,986.2,120670500,1084.8,887.6,1102.5,649.1,1005.1,3473,11,1005.0,4856,22,1004.9,1427,14,1004.8,881,15,1004.7,1701,12,1005.3,256,9,1005.4,102,3,1005.5,151,2,1005.7,2415,5,1005.8,316,3
317,2025-11-26 11:52:55+05:30,1005.4,20,998.23,5474732,442488.0,398262.0,986.2,1007.0,981.3,986.2,120670500,1084.8,887.6,1102.5,649.1,1005.1,3473,11,1005.0,4856,22,1004.9,1427,14,1004.8,881,15,1004.7,1701,12,1005.3,256,9,1005.4,102,3,1005.5,151,2,1005.7,2415,5,1005.8,316,3
317,2025-11-26 11:52:55+05:30,1005.5,109,998.23,5475771,445138.0,397948.0,986.2,1007.0,981.3,986.2,120670500,1084.8,887.6,1102.5,649.1,1005.4,20,1,1005.2,667,9,1005.1,3883,16,1005.0,4752,22,1004.9,1369,10,1005.5,41,1,1005.7,2089,2,1005.8,223,4,1005.9,596,10,1006.0,1178,9
317,2025-11-26 11:52:56+05:30,1005.5,1,998.23,5475771,445138.0,397948.0,986.2,1007.0,981.3,986.2,120670500,1084.8,887.6,1102.5,649.1,1005.4,20,1,1005.2,667,9,1005.1,3883,16,1005.0,4752,22,1004.9,1369,10,1005.5,41,1,1005.7,2089,2,1005.8,223,4,1005.9,596,10,1006.0,1178,9
317,2025-11-26 11:52:56+05:30,1005.5,1,998.23,5475886,445957.0,397345.0,986.2,1007.0,981.3,986.2,120670500,1084.8,887.6,1102.5,649.1,1005.3,363,3,1005.2,1275,10,1005.1,3768,16,1005.0,4797,23,1004.9,1369,10,1005.5,9,1,1005.7,2276,4,1005.8,228,5,1005.9,624,10,1006.0,604,8
317,2025-11-26 11:52:57+05:30,1005.5,1,998.23,5475886,445814.0,396499.0,986.2,1007.0,981.3,986.2,120670500,1084.8,887.6,1102.5,649.1,1005.3,363,3,1005.2,1275,10,1005.1,3792,17,1005.0,4797,23,1004.9,1369,10,1005.5,13,3,1005.7,2276,4,1005.8,228,5,1005.9,624,10,1006.0,604,8
317,2025-11-26 11:52:58+05:30,1005.4,75,998.23,5475886,445814.0,396499.0,986.2,1007.0,981.3,986.2,120670500,1084.8,887.6,1102.5,649.1,1005.3,363,3,1005.2,1275,10,1005.1,3792,17,1005.0,4797,23,1004.9,1369,10,1005.5,13,3,1005.7,2276,4,1005.8,228,5,1005.9,624,10,1006.0,604,8
317,2025-11-26 11:52:58+05:30,1005.4,7,998.23,5475968,443015.0,396521.0,986.2,1007.0,981.3,986.2,120670500,1084.8,887.6,1102.5,649.1,1005.2,546,8,1005.1,1879,12,1005.0,5357,24,1004.9,1530,10,1004.8,1662,19,1005.4,63,1,1005.5,13,3,1005.6,2,1,1005.7,2276,4,1005.8,245,4
317,2025-11-26 11:52:59+05:30,1005.4,7,998.23,5475968,443015.0,396521.0,986.2,1007.0,981.3,986.2,120670500,1084.8,887.6,1102.5,649.1,1005.2,546,8,1005.1,1879,12,1005.0,5357,24,1004.9,1530,10,1004.8,1662,19,1005.4,63,1,1005.5,13,3,1005.6,2,1,1005.7,2276,4,1005.8,245,4
317,2025-11-26 11:52:59+05:30,1005.4,7,998.23,5475968,443735.0,396871.0,986.2,1007.0,981.3,986.2,120670500,1084.8,887.6,1102.5,649.1,1005.2,423,6,1005.1,1879,12,1005.0,5431,25,1004.9,2308,12,1004.8,1653,18,1005.4,64,2,1005.5,13,3,1005.6,2,1,1005.7,2276,4,1005.8,245,4
317,2025-11-26 11:53:00+05:30,1005.7,169,998.23,5475968,443735.0,396871.0,986.2,1007.0,981.3,986.2,120670500,1084.8,887.6,1102.5,649.1,1005.2,423,6,1005.1,1879,12,1005.0,5431,25,1004.9,2308,12,1004.8,1653,18,1005.4,64,2,1005.5,13,3,1005.6,2,1,1005.7,2276,4,1005.8,245,4
317,2025-11-26 11:53:00+05:30,1005.2,8,998.23,5476588,442868.0,396763.0,986.2,1007.0,981.3,986.2,120670500,1084.8,887.6,1102.5,649.1,1005.2,974,6,1005.1,2708,14,1005.0,5491,25,1004.9,806,12,1004.8,2252,18,1005.5,96,1,1005.7,1877,3,1005.8,245,4,1005.9,592,6,1006.0,850,12
317,2025-11-26 11:53:01+05:30,1005.5,6,998.23,5476588,442868.0,396763.0,986.2,1007.0,981.3,986.2,120670500,1084.8,887.6,1102.5,649.1,1005.2,974,6,1005.1,2708,14,1005.0,5491,25,1004.9,806,12,1004.8,2252,18,1005.5,96,1,1005.7,1877,3,1005.8,245,4,1005.9,592,6,1006.0,850,12
317,2025-11-26 11:53:01+05:30,1005.5,6,998.23,5476697,442814.0,397207.0,986.2,1007.0,981.3,986.2,120670500,1084.8,887.6,1102.5,649.1,1005.3,82,1,1005.2,1154,7,1005.1,1761,13,1005.0,6241,26,1004.9,793,11,1005.5,127,3,1005.7,2057,4,1005.8,236,3,1005.9,618,8,1006.0,824,10
317,2025-11-26 11:53:02+05:30,1005.5,6,998.23,5476697,444640.0,397132.0,986.2,1007.0,981.3,986.2,120670500,1084.8,887.6,1102.5,649.1,1005.4,198,1,1005.3,150,3,1005.2,1549,10,1005.1,2818,14,1005.0,5651,23,1005.5,129,4,1005.6,1,1,1005.7,2125,5,1005.8,304,4,1005.9,550,7
317,2025-11-26 11:53:03+05:30,1005.5,9,998.23,5476697,444640.0,397132.0,986.2,1007.0,981.3,986.2,120670500,1084.8,887.6,1102.5,649.1,1005.4,198,1,1005.3,150,3,1005.2,1549,10,1005.1,2818,14,1005.0,5651,23,1005.5,129,4,1005.6,1,1,1005.7,2125,5,1005.8,304,4,1005.9,550,7
317,2025-11-26 11:53:03+05:30,1005.5,9,998.24,5477505,444710.0,396995.0,986.2,1007.0,981.3,986.2,120670500,1084.8,887.6,1102.5,649.1,1005.4,53,1,1005.3,235,5,1005.2,1706,13,1005.1,2813,13,1005.0,5583,22,1005.5,94,2,1005.6,1,1,1005.7,1877,3,1005.8,253,3,1005.9,524,5
317,2025-11-26 11:53:04+05:30,1005.5,9,998.24,5477505,445429.0,396637.0,986.2,1007.0,981.3,986.2,120670500,1084.8,887.6,1102.5,649.1,1005.4,135,2,1005.3,122,4,1005.2,3711,15,1005.1,2240,12,1005.0,5503,24,1005.5,103,3,1005.6,1,1,1005.7,1939,2,1005.8,185,2,1005.9,525,6
317,2025-11-26 11:53:05+05:30,1005.4,56,998.24,5477505,445429.0,396637.0,986.2,1007.0,981.3,986.2,120670500,1084.8,887.6,1102.5,649.1,1005.4,135,2,1005.3,122,4,1005.2,3711,15,1005.1,2240,12,1005.0,5503,24,1005.5,103,3,1005.6,1,1,1005.7,1939,2,1005.8,185,2,1005.9,525,6
317,2025-11-26 11:53:05+05:30,1005.4,56,998.24,5477905,445590.0,392715.0,986.2,1007.0,981.3,986.2,120670500,1084.8,887.6,1102.5,649.1,1005.4,142,1,1005.3,609,9,1005.2,3804,17,1005.1,2172,11,1005.0,5419,23,1005.5,5,1,1005.6,1,1,1005.7,1871,1,1005.9,525,6,1006.0,927,14
317,2025-11-26 11:53:06+05:30,1005.5,1,998.24,5477905,445590.0,392715.0,986.2,1007.0,981.3,986.2,120670500,1084.8,887.6,1102.5,649.1,1005.4,142,1,1005.3,609,9,1005.2,3804,17,1005.1,2172,11,1005.0,5419,23,1005.5,5,1,1005.6,1,1,1005.7,1871,1,1005.9,525,6,1006.0,927,14
317,2025-11-26 11:53:06+05:30,1005.5,1,998.24,5477906,445621.0,396568.0,986.2,1007.0,981.3,986.2,120670500,1084.8,887.6,1102.5,649.1,1005.4,142,1,1005.3,238,6,1005.2,3872,18,1005.1,2236,15,1005.0,5434,24,1005.5,8,2,1005.6,1,1,1005.7,1871,1,1005.9,525,6,1006.0,927,14
317,2025-11-26 11:53:07+05:30,1005.5,5,998.24,5477906,445621.0,396568.0,986.2,1007.0,981.3,986.2,120670500,1084.8,887.6,1102.5,649.1,1005.4,142,1,1005.3,238,6,1005.2,3872,18,1005.1,2236,15,1005.0,5434,24,1005.5,8,2,1005.6,1,1,1005.7,1871,1,1005.9,525,6,1006.0,927,14
317,2025-11-26 11:53:07+05:30,1005.5,5,998.24,5477971,445768.0,396594.0,986.2,1007.0,981.3,986.2,120670500,1084.8,887.6,1102.5,649.1,1005.4,155,2,1005.3,402,7,1005.2,3776,16,1005.1,2304,16,1005.0,5434,24,1005.5,83,3,1005.6,1,1,1005.7,1871,1,1005.9,476,5,1006.0,927,14
317,2025-11-26 11:53:08+05:30,1005.5,5,998.24,5477971,445602.0,396619.0,986.2,1007.0,981.3,986.2,120670500,1084.8,887.6,1102.5,649.1,1005.4,207,3,1005.3,238,6,1005.2,3708,15,1005.1,2372,17,1005.0,5434,24,1005.5,84,4,1005.6,1,1,1005.7,1871,1,1005.9,476,5,1006.0,927,14
317,2025-11-26 11:53:09+05:30,1005.5,1,998.24,5477971,445602.0,396619.0,986.2,1007.0,981.3,986.2,120670500,1084.8,887.6,1102.5,649.1,1005.4,207,3,1005.3,238,6,1005.2,3708,15,1005.1,2372,17,1005.0,5434,24,1005.5,84,4,1005.6,1,1,1005.7,1871,1,1005.9,476,5,1006.0,927,14
317,2025-11-26 11:53:09+05:30,1005.5,1,998.24,5477998,445598.0,396602.0,986.2,1007.0,981.3,986.2,120670500,1084.8,887.6,1102.5,649.1,1005.4,207,3,1005.3,238,6,1005.2,3776,16,1005.1,2304,16,1005.0,5434,24,1005.5,71,5,1005.6,1,1,1005.7,1871,1,1005.9,481,6,1006.0,927,14
317,2025-11-26 11:53:10+05:30,1005.4,399,998.24,5477998,445598.0,396602.0,986.2,1007.0,981.3,986.2,120670500,1084.8,887.6,1102.5,649.1,1005.4,207,3,1005.3,238,6,1005.2,3776,16,1005.1,2304,16,1005.0,5434,24,1005.5,71,5,1005.6,1,1,1005.7,1871,1,1005.9,481,6,1006.0,927,14
317,2025-11-26 11:53:10+05:30,1005.4,399,998.24,5478614,445581.0,396601.0,986.2,1007.0,981.3,986.2,120670500,1084.8,887.6,1102.5,649.1,1005.3,303,5,1005.2,3554,15,1005.1,2282,15,1005.0,5448,25,1004.9,1346,9,1005.4,96,1,1005.5,62,6,1005.6,47,2,1005.7,1871,1,1005.9,556,9
317,2025-11-26 11:53:11+05:30,1005.4,399,998.24,5478614,444492.0,395884.0,986.2,1007.0,981.3,986.2,120670500,1084.8,887.6,1102.5,649.1,1005.3,19,2,1005.2,3223,13,1005.1,1863,16,1005.0,5474,26,1004.9,1526,10,1005.4,103,2,1005.5,62,6,1005.6,47,2,1005.7,1871,1,1005.9,556,9
317,2025-11-26 11:53:12+05:30,1005.4,2,998.24,5478614,444492.0,395884.0,986.2,1007.0,981.3,986.2,120670500,1084.8,887.6,1102.5,649.1,1005.3,19,2,1005.2,3223,13,1005.1,1863,16,1005.0,5474,26,1004.9,1526,10,1005.4,103,2,1005.5,62,6,1005.6,47,2,1005.7,1871,1,1005.9,556,9
317,2025-11-26 11:53:12+05:30,1005.4,12,998.24,5478832,444451.0,395842.0,986.2,1007.0,981.3,986.2,120670500,1084.8,887.6,1102.5,649.1,1005.3,57,3,1005.2,3208,13,1005.1,1798,15,1005.0,5448,24,1004.9,1552,12,1005.4,91,2,1005.5,62,6,1005.6,47,2,1005.7,1871,1,1005.9,580,7
317,2025-11-26 11:53:13+05:30,1005.4,1,998.24,5478832,444451.0,395842.0,986.2,1007.0,981.3,986.2,120670500,1084.8,887.6,1102.5,649.1,1005.3,57,3,1005.2,3208,13,1005.1,1798,15,1005.0,5448,24,1004.9,1552,12,1005.4,91,2,1005.5,62,6,1005.6,47,2,1005.7,1871,1,1005.9,580,7
317,2025-11-26 11:53:13+05:30,1005.4,1,998.24,5478833,444451.0,395998.0,986.2,1007.0,981.3,986.2,120670500,1084.8,887.6,1102.5,649.1,1005.3,57,3,1005.2,3143,12,1005.1,1863,16,1005.0,5448,24,1004.9,1552,12,1005.4,93,3,1005.5,62,6,1005.6,47,2,1005.7,1875,2,1005.9,580,7
317,2025-11-26 11:53:14+05:30,1005.4,5,998.24,5478833,444451.0,395998.0,986.2,1007.0,981.3,986.2,120670500,1084.8,887.6,1102.5,649.1,1005.3,57,3,1005.2,3143,12,1005.1,1863,16,1005.0,5448,24,1004.9,1552,12,1005.4,93,3,1005.5,62,6,1005.6,47,2,1005.7,1875,2,1005.9,580,7
317,2025-11-26 11:53:14+05:30,1005.4,1,998.24,5479045,444721.0,397053.0,986.2,1007.0,981.3,986.2,120670500,1084.8,887.6,1102.5,649.1,1005.3,288,5,1005.2,3556,15,1005.1,1529,14,1005.0,5448,24,1004.9,1552,12,1005.4,4,2,1005.5,96,6,1005.6,1,1,1005.7,1875,2,1005.9,580,7
317,2025-11-26 11:53:15+05:30,1005.5,3,998.24,5479045,444721.0,397053.0,986.2,1007.0,981.3,986.2,120670500,1084.8,887.6,1102.5,649.1,1005.3,288,5,1005.2,3556,15,1005.1,1529,14,1005.0,5448,24,1004.9,1552,12,1005.4,4,2,1005.5,96,6,1005.6,1,1,1005.7,1875,2,1005.9,580,7
317,2025-11-26 11:53:15+05:30,1005.5,3,998.24,5479095,444808.0,397054.0,986.2,1007.0,981.3,986.2,120670500,1084.8,887.6,1102.5,649.1,1005.4,67,1,1005.3,104,4,1005.2,3290,14,1005.1,1821,16,1005.0,5422,23,1005.5,91,6,1005.6,1,1,1005.7,1875,2,1005.9,480,5,1006.0,859,13
317,2025-11-26 11:53:16+05:30,1005.4,16,998.24,5479113,444346.0,397046.0,986.2,1007.0,981.3,986.2,120670500,1084.8,887.6,1102.5,649.1,1005.4,51,1,1005.3,63,3,1005.2,3290,14,1005.1,1795,15,1005.0,5422,23,1005.5,86,6,1005.6,1,1,1005.7,1875,2,1005.9,480,5,1006.0,859,13
317,2025-11-26 11:53:16+05:30,1005.4,16,998.24,5479113,444346.0,397046.0,986.2,1007.0,981.3,986.2,120670500,1084.8,887.6,1102.5,649.1,1005.4,51,1,1005.3,63,3,1005.2,3290,14,1005.1,1795,15,1005.0,5422,23,1005.5,86,6,1005.6,1,1,1005.7,1875,2,1005.9,480,5,1006.0,859,13
317,2025-11-26 11:53:17+05:30,1005.5,10,998.24,5479124,444345.0,397036.0,986.2,1007.0,981.3,986.2,120670500,1084.8,887.6,1102.5,649.1,1005.4,51,1,1005.3,63,3,1005.2,3225,13,1005.1,1887,17,1005.0,5422,23,1005.5,76,7,1005.6,1,1,1005.7,1875,2,1005.9,480,5,1006.0,859,13
317,2025-11-26 11:53:17+05:30,1005.5,10,998.24,5479124,444345.0,397036.0,986.2,1007.0,981.3,986.2,120670500,1084.8,887.6,1102.5,649.1,1005.4,51,1,1005.3,63,3,1005.2,3225,13,1005.1,1887,17,1005.0,5422,23,1005.5,76,7,1005.6,1,1,1005.7,1875,2,1005.9,480,5,1006.0,859,13
317,2025-11-26 11:53:18+05:30,1005.4,7,998.24,5479131,444339.0,397029.0,986.2,1007.0,981.3,986.2,120670500,1084.8,887.6,1102.5,649.1,1005.4,45,2,1005.3,112,4,1005.2,3225,13,1005.1,1887,17,1005.0,5422,23,1005.5,76,7,1005.6,1,1,1005.7,1875,2,1005.9,480,5,1006.0,859,13
317,2025-11-26 11:53:18+05:30,1005.4,5,998.24,5479131,444339.0,397029.0,986.2,1007.0,981.3,986.2,120670500,1084.8,887.6,1102.5,649.1,1005.4,45,2,1005.3,112,4,1005.2,3225,13,1005.1,1887,17,1005.0,5422,23,1005.5,76,7,1005.6,1,1,1005.7,1875,2,1005.9,480,5,1006.0,859,13
317,2025-11-26 11:53:19+05:30,1005.5,40,998.24,5479206,443970.0,397906.0,986.2,1007.0,981.3,986.2,120670500,1084.8,887.6,1102.5,649.1,1005.4,41,3,1005.3,15,2,1005.2,2993,11,1005.1,1860,16,1005.0,5422,23,1005.5,78,7,1005.6,1,1,1005.7,2055,3,1005.8,206,3,1005.9,575,7
317,2025-11-26 11:53:19+05:30,1005.5,40,998.24,5479206,443970.0,397906.0,986.2,1007.0,981.3,986.2,120670500,1084.8,887.6,1102.5,649.1,1005.4,41,3,1005.3,15,2,1005.2,2993,11,1005.1,1860,16,1005.0,5422,23,1005.5,78,7,1005.6,1,1,1005.7,2055,3,1005.8,206,3,1005.9,575,7
317,2025-11-26 11:53:19+05:30,1005.4,1,998.24,5479209,444135.0,398099.0,986.2,1007.0,981.3,986.2,120670500,1084.8,887.6,1102.5,649.1,1005.4,39,3,1005.3,15,2,1005.2,3039,12,1005.1,1795,15,1005.0,5487,24,1005.5,77,7,1005.6,1,1,1005.7,2120,4,1005.8,295,5,1005.9,583,7
317,2025-11-26 11:53:20+05:30,1005.4,3,998.24,5479209,444135.0,398099.0,986.2,1007.0,981.3,986.2,120670500,1084.8,887.6,1102.5,649.1,1005.4,39,3,1005.3,15,2,1005.2,3039,12,1005.1,1795,15,1005.0,5487,24,1005.5,77,7,1005.6,1,1,1005.7,2120,4,1005.8,295,5,1005.9,583,7
317,2025-11-26 11:53:21+05:30,1005.4,3,998.24,5479251,444246.0,397223.0,986.2,1007.0,981.3,986.2,120670500,1084.8,887.6,1102.5,649.1,1005.3,142,4,1005.2,2310,11,1005.1,2539,16,1005.0,5450,24,1004.9,1552,12,1005.4,54,1,1005.5,78,8,1005.6,1,1,1005.7,2055,3,1005.8,206,3
317,2025-11-26 11:53:22+05:30,1005.4,28,998.24,5479251,444246.0,397223.0,986.2,1007.0,981.3,986.2,120670500,1084.8,887.6,1102.5,649.1,1005.3,142,4,1005.2,2310,11,1005.1,2539,16,1005.0,5450,24,1004.9,1552,12,1005.4,54,1,1005.5,78,8,1005.6,1,1,1005.7,2055,3,1005.8,206,3
317,2025-11-26 11:53:22+05:30,1005.4,1,998.24,5479627,444257.0,397168.0,986.2,1007.0,981.3,986.2,120670500,1084.8,887.6,1102.5,649.1,1005.3,191,5,1005.2,2517,11,1005.1,2332,16,1005.0,5450,24,1004.9,1552,12,1005.4,67,2,1005.5,78,8,1005.6,1,1,1005.7,2055,3,1005.8,206,3
317,2025-11-26 11:53:23+05:30,1005.4,4,998.24,5479627,444257.0,397168.0,986.2,1007.0,981.3,986.2,120670500,1084.8,887.6,1102.5,649.1,1005.3,191,5,1005.2,2517,11,1005.1,2332,16,1005.0,5450,24,1004.9,1552,12,1005.4,67,2,1005.5,78,8,1005.6,1,1,1005.7,2055,3,1005.8,206,3
317,2025-11-26 11:53:23+05:30,1005.4,4,998.24,5479636,444466.0,397163.0,986.2,1007.0,981.3,986.2,120670500,1084.8,887.6,1102.5,649.1,1005.3,191,5,1005.2,2517,11,1005.1,2273,15,1005.0,5509,25,1004.9,1552,12,1005.4,62,3,1005.5,78,8,1005.6,1,1,1005.7,2055,3,1005.8,206,3
317,2025-11-26 11:53:24+05:30,1005.4,3,998.24,5479636,444466.0,397163.0,986.2,1007.0,981.3,986.2,120670500,1084.8,887.6,1102.5,649.1,1005.3,191,5,1005.2,2517,11,1005.1,2273,15,1005.0,5509,25,1004.9,1552,12,1005.4,62,3,1005.5,78,8,1005.6,1,1,1005.7,2055,3,1005.8,206,3
317,2025-11-26 11:53:24+05:30,1005.4,3,998.24,5479639,444417.0,397211.0,986.2,1007.0,981.3,986.2,120670500,1084.8,887.6,1102.5,649.1,1005.3,142,4,1005.2,2517,11,1005.1,2273,15,1005.0,5509,25,1004.9,1552,12,1005.4,60,4,1005.5,78,8,1005.6,1,1,1005.7,2055,3,1005.8,206,3
317,2025-11-26 11:53:25+05:30,1005.3,11,998.24,5479639,444417.0,397211.0,986.2,1007.0,981.3,986.2,120670500,1084.8,887.6,1102.5,649.1,1005.3,142,4,1005.2,2517,11,1005.1,2273,15,1005.0,5509,25,1004.9,1552,12,1005.4,60,4,1005.5,78,8,1005.6,1,1,1005.7,2055,3,1005.8,206,3
317,2025-11-26 11:53:25+05:30,1005.3,11,998.24,5479996,445179.0,398263.0,986.2,1007.0,981.3,986.2,120670500,1084.8,887.6,1102.5,649.1,1005.2,2249,8,1005.1,1853,17,1005.0,6172,24,1004.9,1552,12,1004.8,791,11,1005.3,49,2,1005.4,6,3,1005.5,77,7,1005.6,203,2,1005.7,2055,3
317,2025-11-26 11:53:26+05:30,1005.2,2,998.24,5479996,445179.0,398263.0,986.2,1007.0,981.3,986.2,120670500,1084.8,887.6,1102.5,649.1,1005.2,2249,8,1005.1,1853,17,1005.0,6172,24,1004.9,1552,12,1004.8,791,11,1005.3,49,2,1005.4,6,3,1005.5,77,7,1005.6,203,2,1005.7,2055,3
317,2025-11-26 11:53:26+05:30,1005.2,2,998.24,5479998,445381.0,398249.0,986.2,1007.0,981.3,986.2,120670500,1084.8,887.6,1102.5,649.1,1005.2,2198,7,1005.1,1794,16,1005.0,6231,25,1004.9,1576,13,1004.8,971,12,1005.3,53,3,1005.4,6,3,1005.5,76,6,1005.6,203,2,1005.7,2055,3
317,2025-11-26 11:53:27+05:30,1005.2,1,998.24,5479998,445381.0,398249.0,986.2,1007.0,981.3,986.2,120670500,1084.8,887.6,1102.5,649.1,1005.2,2198,7,1005.1,1794,16,1005.0,6231,25,1004.9,1576,13,1004.8,971,12,1005.3,53,3,1005.4,6,3,1005.5,76,6,1005.6,203,2,1005.7,2055,3
317,2025-11-26 11:53:27+05:30,1005.2,1,998.24,5480116,445823.0,397868.0,986.2,1007.0,981.3,986.2,120670500,1084.8,887.6,1102.5,649.1,1005.2,2443,10,1005.1,1853,17,1005.0,6172,24,1004.9,1576,13,1004.8,971,12,1005.3,37,3,1005.4,6,3,1005.5,75,5,1005.6,1,1,1005.7,2055,3
317,2025-11-26 11:53:28+05:30,1005.2,1,998.24,5480116,445823.0,397868.0,986.2,1007.0,981.3,986.2,120670500,1084.8,887.6,1102.5,649.1,1005.2,2443,10,1005.1,1853,17,1005.0,6172,24,1004.9,1576,13,1004.8,971,12,1005.3,37,3,1005.4,6,3,1005.5,75,5,1005.6,1,1,1005.7,2055,3
317,2025-11-26 11:53:28+05:30,1005.2,32,998.24,5480167,445772.0,398162.0,986.2,1007.0,981.3,986.2,120670500,1084.8,887.6,1102.5,649.1,1005.2,2392,9,1005.1,1794,16,1005.0,6231,25,1004.9,1576,13,1004.8,971,12,1005.3,39,4,1005.4,6,3,1005.5,74,4,1005.6,1,1,1005.7,2081,5
317,2025-11-26 11:53:29+05:30,1005.2,3,998.24,5480167,445772.0,398162.0,986.2,1007.0,981.3,986.2,120670500,1084.8,887.6,1102.5,649.1,1005.2,2392,9,1005.1,1794,16,1005.0,6231,25,1004.9,1576,13,1004.8,971,12,1005.3,39,4,1005.4,6,3,1005.5,74,4,1005.6,1,1,1005.7,2081,5
317,2025-11-26 11:53:29+05:30,1005.2,3,998.24,5480446,443530.0,397294.0,986.2,1007.0,981.3,986.2,120670500,1084.8,887.6,1102.5,649.1,1005.2,1796,10,1005.1,1791,17,1005.0,5471,23,1004.9,1543,11,1004.8,791,11,1005.6,1,1,1005.7,2081,5,1005.8,221,2,1005.9,632,9,1006.0,953,14
317,2025-11-26 11:53:30+05:30,1005.2,8,998.24,5480581,444614.0,397528.0,986.2,1007.0,981.3,986.2,120670500,1084.8,887.6,1102.5,649.1,1005.2,2753,12,1005.1,1787,17,1005.0,5413,23,1004.9,1543,11,1004.8,717,10,1005.4,69,1,1005.6,93,4,1005.7,1993,5,1005.8,453,5,1005.9,687,10
317,2025-11-26 11:53:31+05:30,1005.2,8,998.24,5480581,444614.0,397528.0,986.2,1007.0,981.3,986.2,120670500,1084.8,887.6,1102.5,649.1,1005.2,2753,12,1005.1,1787,17,1005.0,5413,23,1004.9,1543,11,1004.8,717,10,1005.4,69,1,1005.6,93,4,1005.7,1993,5,1005.8,453,5,1005.9,687,10
317,2025-11-26 11:53:31+05:30,1005.2,8,998.24,5480581,444601.0,397826.0,986.2,1007.0,981.3,986.2,120670500,1084.8,887.6,1102.5,649.1,1005.2,2618,12,1005.1,1828,17,1005.0,5486,25,1004.9,1551,12,1004.8,717,10,1005.4,71,2,1005.6,95,5,1005.7,2173,6,1005.8,453,5,1005.9,687,10
317,2025-11-26 11:53:32+05:30,1005.2,8,998.24,5480581,445332.0,399156.0,986.2,1007.0,981.3,986.2,120670500,1084.8,887.6,1102.5,649.1,1005.2,1433,6,1005.1,2258,17,1005.0,6508,27,1004.9,1551,12,1004.8,897,11,1005.3,190,1,1005.4,71,2,1005.6,95,5,1005.7,2173,6,1005.8,453,5
317,2025-11-26 11:53:33+05:30,1005.2,2,998.24,5480581,445332.0,399156.0,986.2,1007.0,981.3,986.2,120670500,1084.8,887.6,1102.5,649.1,1005.2,1433,6,1005.1,2258,17,1005.0,6508,27,1004.9,1551,12,1004.8,897,11,1005.3,190,1,1005.4,71,2,1005.6,95,5,1005.7,2173,6,1005.8,453,5
317,2025-11-26 11:53:33+05:30,1005.2,2,998.24,5480592,445405.0,399190.0,986.2,1007.0,981.3,986.2,120670500,1084.8,887.6,1102.5,649.1,1005.2,1431,6,1005.1,2524,18,1005.0,6242,26,1004.9,1573,13,1004.8,897,11,1005.3,181,1,1005.4,149,4,1005.6,94,4,1005.7,2173,6,1005.8,453,5
317,2025-11-26 11:53:34+05:30,1005.4,6,998.24,5480592,445405.0,399190.0,986.2,1007.0,981.3,986.2,120670500,1084.8,887.6,1102.5,649.1,1005.2,1431,6,1005.1,2524,18,1005.0,6242,26,1004.9,1573,13,1004.8,897,11,1005.3,181,1,1005.4,149,4,1005.6,94,4,1005.7,2173,6,1005.8,453,5
317,2025-11-26 11:53:34+05:30,1005.4,1,998.24,5481170,443714.0,399517.0,986.2,1007.0,981.3,986.2,120670500,1084.8,887.6,1102.5,649.1,1005.3,341,1,1005.2,1431,6,1005.1,2553,15,1005.0,5488,24,1004.9,814,12,1005.4,165,4,1005.5,3,1,1005.6,94,4,1005.7,2213,7,1005.8,461,6
317,2025-11-26 11:53:35+05:30,1005.3,49,998.24,5481170,443714.0,399517.0,986.2,1007.0,981.3,986.2,120670500,1084.8,887.6,1102.5,649.1,1005.3,341,1,1005.2,1431,6,1005.1,2553,15,1005.0,5488,24,1004.9,814,12,1005.4,165,4,1005.5,3,1,1005.6,94,4,1005.7,2213,7,1005.8,461,6
317,2025-11-26 11:53:35+05:30,1005.3,49,998.24,5481573,444887.0,399406.0,986.2,1007.0,981.3,986.2,120670500,1084.8,887.6,1102.5,649.1,1005.2,2257,8,1005.1,1803,14,1005.0,6169,24,1004.9,814,12,1004.8,1531,15,1005.3,34,1,1005.4,75,4,1005.5,3,1,1005.6,296,5,1005.7,2173,6
317,2025-11-26 11:53:36+05:30,1005.3,79,998.24,5481573,444887.0,399406.0,986.2,1007.0,981.3,986.2,120670500,1084.8,887.6,1102.5,649.1,1005.2,2257,8,1005.1,1803,14,1005.0,6169,24,1004.9,814,12,1004.8,1531,15,1005.3,34,1,1005.4,75,4,1005.5,3,1,1005.6,296,5,1005.7,2173,6
317,2025-11-26 11:53:36+05:30,1005.3,79,998.24,5481690,445291.0,399178.0,986.2,1007.0,981.3,986.2,120670500,1084.8,887.6,1102.5,649.1,1005.2,2312,9,1005.1,1803,14,1005.0,6114,23,1004.9,836,13,1004.8,1711,16,1005.3,21,2,1005.4,75,4,1005.5,3,1,1005.6,94,4,1005.7,2173,6
317,2025-11-26 11:53:37+05:30,1005.3,12,998.24,5481690,445291.0,399178.0,986.2,1007.0,981.3,986.2,120670500,1084.8,887.6,1102.5,649.1,1005.2,2312,9,1005.1,1803,14,1005.0,6114,23,1004.9,836,13,1004.8,1711,16,1005.3,21,2,1005.4,75,4,1005.5,3,1,1005.6,94,4,1005.7,2173,6
317,2025-11-26 11:53:37+05:30,1005.3,12,998.24,5482106,442509.0,400618.0,986.2,1007.0,981.3,986.2,120670500,1084.8,887.6,1102.5,649.1,1005.3,364,1,1005.2,666,4,1005.1,1294,9,1005.0,6159,23,1004.9,741,11,1005.4,75,4,1005.5,3,1,1005.6,345,6,1005.7,2242,5,1005.8,487,8
317,2025-11-26 11:53:38+05:30,1005.3,12,998.24,5482106,442509.0,400592.0,986.2,1007.0,981.3,986.2,120670500,1084.8,887.6,1102.5,649.1,1005.3,396,3,1005.2,108,3,1005.1,1012,8,1005.0,6300,25,1004.9,1408,11,1005.4,80,5,1005.5,3,1,1005.6,345,6,1005.7,2242,5,1005.8,487,8
317,2025-11-26 11:53:39+05:30,1005.4,2,998.24,5482106,442509.0,400592.0,986.2,1007.0,981.3,986.2,120670500,1084.8,887.6,1102.5,649.1,1005.3,396,3,1005.2,108,3,1005.1,1012,8,1005.0,6300,25,1004.9,1408,11,1005.4,80,5,1005.5,3,1,1005.6,345,6,1005.7,2242,5,1005.8,487,8
317,2025-11-26 11:53:39+05:30,1005.4,3,998.24,5482473,438231.0,399777.0,986.2,1007.0,981.3,986.2,120670500,1084.8,887.6,1102.5,649.1,1005.3,32,2,1005.2,108,3,1005.1,1278,9,1005.0,5902,21,1004.9,1518,13,1005.4,8,2,1005.5,3,1,1005.6,94,4,1005.7,2147,4,1005.8,598,8
317,2025-11-26 11:53:40+05:30,1005.2,6,998.24,5482473,438231.0,399777.0,986.2,1007.0,981.3,986.2,120670500,1084.8,887.6,1102.5,649.1,1005.3,32,2,1005.2,108,3,1005.1,1278,9,1005.0,5902,21,1004.9,1518,13,1005.4,8,2,1005.5,3,1,1005.6,94,4,1005.7,2147,4,1005.8,598,8
317,2025-11-26 11:53:40+05:30,1005.2,6,998.24,5482511,439386.0,400587.0,986.2,1007.0,981.3,986.2,120670500,1084.8,887.6,1102.5,649.1,1005.2,102,3,1005.1,1426,11,1005.0,6216,25,1004.9,2158,12,1004.8,1416,12,1005.3,96,1,1005.4,12,3,1005.5,3,1,1005.6,91,3,1005.7,2196,5
317,2025-11-26 11:53:41+05:30,1005.3,55,998.24,5482511,439386.0,400587.0,986.2,1007.0,981.3,986.2,120670500,1084.8,887.6,1102.5,649.1,1005.2,102,3,1005.1,1426,11,1005.0,6216,25,1004.9,2158,12,1004.8,1416,12,1005.3,96,1,1005.4,12,3,1005.5,3,1,1005.6,91,3,1005.7,2196,5
317,2025-11-26 11:53:41+05:30,1005.3,378,998.24,5483599,440807.0,399022.0,986.2,1007.0,981.3,986.2,120670500,1084.8,887.6,1102.5,649.1,1005.3,266,2,1005.2,1041,9,1005.1,2187,12,1005.0,5601,25,1004.9,2038,15,1005.4,12,3,1005.5,3,1,1005.7,1875,2,1005.8,422,4,1005.9,769,9
317,2025-11-26 11:53:42+05:30,1005.3,378,998.24,5483599,440807.0,399022.0,986.2,1007.0,981.3,986.2,120670500,1084.8,887.6,1102.5,649.1,1005.3,266,2,1005.2,1041,9,1005.1,2187,12,1005.0,5601,25,1004.9,2038,15,1005.4,12,3,1005.5,3,1,1005.7,1875,2,1005.8,422,4,1005.9,769,9
317,2025-11-26 11:53:42+05:30,1005.4,7,998.24,5483741,444747.0,399282.0,986.2,1007.0,981.3,986.2,120670500,1084.8,887.6,1102.5,649.1,1005.3,468,3,1005.2,620,7,1005.1,3021,15,1005.0,5601,25,1004.9,1288,14,1005.4,8,2,1005.5,3,1,1005.6,10,1,1005.7,1875,2,1005.8,484,6
317,2025-11-26 11:53:43+05:30,1005.3,1,998.24,5483741,444747.0,399282.0,986.2,1007.0,981.3,986.2,120670500,1084.8,887.6,1102.5,649.1,1005.3,468,3,1005.2,620,7,1005.1,3021,15,1005.0,5601,25,1004.9,1288,14,1005.4,8,2,1005.5,3,1,1005.6,10,1,1005.7,1875,2,1005.8,484,6
317,2025-11-26 11:53:43+05:30,1005.3,3,998.24,5483988,443696.0,399459.0,986.2,1007.0,981.3,986.2,120670500,1084.8,887.6,1102.5,649.1,1005.3,28,1,1005.2,399,5,1005.1,3021,15,1005.0,5590,25,1004.9,1270,14,1005.4,16,3,1005.5,3,1,1005.6,15,2,1005.7,2055,3,1005.8,497,7
317,2025-11-26 11:53:44+05:30,1005.3,3,998.24,5483988,443696.0,399459.0,986.2,1007.0,981.3,986.2,120670500,1084.8,887.6,1102.5,649.1,1005.3,28,1,1005.2,399,5,1005.1,3021,15,1005.0,5590,25,1004.9,1270,14,1005.4,16,3,1005.5,3,1,1005.6,15,2,1005.7,2055,3,1005.8,497,7
317,2025-11-26 11:53:44+05:30,1005.7,326,998.24,5484465,441400.0,398273.0,986.2,1007.0,981.3,986.2,120670500,1084.8,887.6,1102.5,649.1,1005.3,260,4,1005.2,831,6,1005.1,2228,13,1005.0,5641,25,1004.9,1354,16,1005.7,1649,4,1005.8,227,4,1005.9,544,7,1006.0,1551,15,1006.1,989,13
317,2025-11-26 11:53:45+05:30,1005.7,2,998.24,5484465,441400.0,398273.0,986.2,1007.0,981.3,986.2,120670500,1084.8,887.6,1102.5,649.1,1005.3,260,4,1005.2,831,6,1005.1,2228,13,1005.0,5641,25,1004.9,1354,16,1005.7,1649,4,1005.8,227,4,1005.9,544,7,1006.0,1551,15,1006.1,989,13
317,2025-11-26 11:53:45+05:30,1005.6,1,998.24,5484490,440826.0,399980.0,986.2,1007.0,981.3,986.2,120670500,1084.8,887.6,1102.5,649.1,1005.3,220,4,1005.2,713,5,1005.1,1992,14,1005.0,5158,25,1004.9,1309,15,1005.6,112,2,1005.7,1901,8,1005.8,532,5,1005.9,598,9,1006.0,1551,15
317,2025-11-26 11:53:46+05:30,1005.6,3,998.24,5484490,440826.0,399980.0,986.2,1007.0,981.3,986.2,120670500,1084.8,887.6,1102.5,649.1,1005.3,220,4,1005.2,713,5,1005.1,1992,14,1005.0,5158,25,1004.9,1309,15,1005.6,112,2,1005.7,1901,8,1005.8,532,5,1005.9,598,9,1006.0,1551,15
317,2025-11-26 11:53:46+05:30,1005.6,47,998.25,5484653,439828.0,399990.0,986.2,1007.0,981.3,986.2,120670500,1084.8,887.6,1102.5,649.1,1005.3,125,4,1005.2,189,3,1005.1,1021,10,1005.0,6554,31,1004.9,659,10,1005.6,35,2,1005.7,1951,10,1005.8,572,6,1005.9,641,9,1006.0,1317,16
317,2025-11-26 11:53:47+05:30,1005.6,47,998.25,5484653,439828.0,399990.0,986.2,1007.0,981.3,986.2,120670500,1084.8,887.6,1102.5,649.1,1005.3,125,4,1005.2,189,3,1005.1,1021,10,1005.0,6554,31,1004.9,659,10,1005.6,35,2,1005.7,1951,10,1005.8,572,6,1005.9,641,9,1006.0,1317,16
317,2025-11-26 11:53:47+05:30,1005.6,47,998.25,5484653,440057.0,400060.0,986.2,1007.0,981.3,986.2,120670500,1084.8,887.6,1102.5,649.1,1005.4,132,2,1005.3,42,3,1005.2,140,2,1005.1,1021,10,1005.0,6554,31,1005.6,3,2,1005.7,1951,10,1005.8,622,7,1005.9,591,8,1006.0,1019,15
317,2025-11-26 11:53:48+05:30,1005.6,1,998.25,5484653,440057.0,400060.0,986.2,1007.0,981.3,986.2,120670500,1084.8,887.6,1102.5,649.1,1005.4,132,2,1005.3,42,3,1005.2,140,2,1005.1,1021,10,1005.0,6554,31,1005.6,3,2,1005.7,1951,10,1005.8,622,7,1005.9,591,8,1006.0,1019,15
317,2025-11-26 11:53:48+05:30,1005.6,1,998.25,5484654,440120.0,400017.0,986.2,1007.0,981.3,986.2,120670500,1084.8,887.6,1102.5,649.1,1005.4,145,3,1005.3,68,2,1005.2,410,5,1005.1,1201,11,1005.0,6504,30,1005.6,3,2,1005.7,1822,5,1005.8,582,6,1005.9,618,11,1006.0,1019,15
317,2025-11-26 11:53:49+05:30,1005.7,149,998.25,5484654,440120.0,400017.0,986.2,1007.0,981.3,986.2,120670500,1084.8,887.6,1102.5,649.1,1005.4,145,3,1005.3,68,2,1005.2,410,5,1005.1,1201,11,1005.0,6504,30,1005.6,3,2,1005.7,1822,5,1005.8,582,6,1005.9,618,11,1006.0,1019,15
317,2025-11-26 11:53:49+05:30,1005.7,149,998.25,5485174,441041.0,399345.0,986.2,1007.0,981.3,986.2,120670500,1084.8,887.6,1102.5,649.1,1005.4,145,3,1005.3,186,4,1005.2,410,5,1005.1,1522,13,1005.0,5488,28,1005.5,74,1,1005.7,1046,3,1005.8,361,4,1005.9,640,12,1006.0,841,12
317,2025-11-26 11:53:50+05:30,1005.4,13,998.25,5485174,441041.0,399345.0,986.2,1007.0,981.3,986.2,120670500,1084.8,887.6,1102.5,649.1,1005.4,145,3,1005.3,186,4,1005.2,410,5,1005.1,1522,13,1005.0,5488,28,1005.5,74,1,1005.7,1046,3,1005.8,361,4,1005.9,640,12,1006.0,841,12
317,2025-11-26 11:53:50+05:30,1005.3,19,998.25,5485361,441867.0,398977.0,986.2,1007.0,981.3,986.2,120670500,1084.8,887.6,1102.5,649.1,1005.3,14,2,1005.2,140,2,1005.1,1514,12,1005.0,5540,29,1004.9,1370,10,1005.4,83,1,1005.5,58,3,1005.6,46,2,1005.7,1226,4,1005.8,401,5
317,2025-11-26 11:53:51+05:30,1005.4,71,998.25,5485361,441867.0,398977.0,986.2,1007.0,981.3,986.2,120670500,1084.8,887.6,1102.5,649.1,1005.3,14,2,1005.2,140,2,1005.1,1514,12,1005.0,5540,29,1004.9,1370,10,1005.4,83,1,1005.5,58,3,1005.6,46,2,1005.7,1226,4,1005.8,401,5
317,2025-11-26 11:53:51+05:30,1005.4,2,998.25,5485542,438499.0,399146.0,986.2,1007.0,981.3,986.2,120670500,1084.8,887.6,1102.5,649.1,1005.3,14,2,1005.2,320,3,1005.1,1465,11,1005.0,5573,31,1004.9,2152,12,1005.4,98,2,1005.5,58,3,1005.6,46,2,1005.7,1467,7,1005.8,401,5
317,2025-11-26 11:53:52+05:30,1005.3,1,998.25,5485542,438499.0,399146.0,986.2,1007.0,981.3,986.2,120670500,1084.8,887.6,1102.5,649.1,1005.3,14,2,1005.2,320,3,1005.1,1465,11,1005.0,5573,31,1004.9,2152,12,1005.4,98,2,1005.5,58,3,1005.6,46,2,1005.7,1467,7,1005.8,401,5
317,2025-11-26 11:53:52+05:30,1005.3,1,998.25,5485646,442149.0,399086.0,986.2,1007.0,981.3,986.2,120670500,1084.8,887.6,1102.5,649.1,1005.3,4,1,1005.2,140,2,1005.1,1413,10,1005.0,5725,33,1004.9,2152,12,1005.4,8,3,1005.5,58,3,1005.6,46,2,1005.7,1467,7,1005.8,401,5
317,2025-11-26 11:53:53+05:30,1005.4,5,998.25,5485646,442149.0,399086.0,986.2,1007.0,981.3,986.2,120670500,1084.8,887.6,1102.5,649.1,1005.3,4,1,1005.2,140,2,1005.1,1413,10,1005.0,5725,33,1004.9,2152,12,1005.4,8,3,1005.5,58,3,1005.6,46,2,1005.7,1467,7,1005.8,401,5
317,2025-11-26 11:53:53+05:30,1005.4,5,998.25,5485722,442322.0,399247.0,986.2,1007.0,981.3,986.2,120670500,1084.8,887.6,1102.5,649.1,1005.3,4,1,1005.2,140,2,1005.1,1413,10,1005.0,5621,31,1004.9,2241,13,1005.4,33,4,1005.5,58,3,1005.6,46,2,1005.7,1519,8,1005.8,351,4
317,2025-11-26 11:53:54+05:30,1005.3,2,998.25,5485762,441971.0,400543.0,986.2,1007.0,981.3,986.2,120670500,1084.8,887.6,1102.5,649.1,1005.2,34,1,1005.1,1097,9,1005.0,6655,32,1004.9,2137,11,1004.8,1431,13,1005.3,3,1,1005.4,34,5,1005.5,58,3,1005.6,248,3,1005.7,1451,6
317,2025-11-26 11:53:55+05:30,1005.3,13,998.25,5485762,441971.0,400543.0,986.2,1007.0,981.3,986.2,120670500,1084.8,887.6,1102.5,649.1,1005.2,34,1,1005.1,1097,9,1005.0,6655,32,1004.9,2137,11,1004.8,1431,13,1005.3,3,1,1005.4,34,5,1005.5,58,3,1005.6,248,3,1005.7,1451,6
317,2025-11-26 11:53:55+05:30,1005.3,6,998.25,5485893,442262.0,400701.0,986.2,1007.0,981.3,986.2,120670500,1084.8,887.6,1102.5,649.1,1005.2,34,1,1005.1,501,8,1005.0,6643,29,1004.9,2201,15,1004.8,1449,13,1005.3,77,1,1005.4,25,5,1005.5,58,3,1005.6,248,3,1005.7,1462,6
317,2025-11-26 11:53:56+05:30,1005.3,36,998.25,5485893,442262.0,400701.0,986.2,1007.0,981.3,986.2,120670500,1084.8,887.6,1102.5,649.1,1005.2,34,1,1005.1,501,8,1005.0,6643,29,1004.9,2201,15,1004.8,1449,13,1005.3,77,1,1005.4,25,5,1005.5,58,3,1005.6,248,3,1005.7,1462,6
317,2025-11-26 11:53:56+05:30,1005.3,36,998.25,5486008,442882.0,400522.0,986.2,1007.0,981.3,986.2,120670500,1084.8,887.6,1102.5,649.1,1005.1,553,9,1005.0,6511,27,1004.9,2918,13,1004.8,1513,17,1004.7,880,11,1005.3,62,2,1005.4,25,5,1005.5,58,3,1005.6,248,3,1005.7,1469,7
317,2025-11-26 11:53:57+05:30,1005.3,53,998.25,5486008,442882.0,400522.0,986.2,1007.0,981.3,986.2,120670500,1084.8,887.6,1102.5,649.1,1005.1,553,9,1005.0,6511,27,1004.9,2918,13,1004.8,1513,17,1004.7,880,11,1005.3,62,2,1005.4,25,5,1005.5,58,3,1005.6,248,3,1005.7,1469,7
317,2025-11-26 11:53:57+05:30,1005.3,53,998.25,5486125,442886.0,400516.0,986.2,1007.0,981.3,986.2,120670500,1084.8,887.6,1102.5,649.1,1005.1,603,11,1005.0,6511,27,1004.9,2918,13,1004.8,1480,16,1004.7,880,11,1005.3,47,3,1005.4,25,5,1005.5,58,3,1005.6,248,3,1005.7,1469,7
317,2025-11-26 11:53:58+05:30,1005.3,1,998.25,5486175,442660.0,400447.0,986.2,1007.0,981.3,986.2,120670500,1084.8,887.6,1102.5,649.1,1005.2,30,1,1005.1,473,8,1005.0,6411,25,1004.9,2918,13,1004.8,1480,16,1005.3,82,4,1005.4,25,5,1005.5,58,3,1005.6,248,3,1005.7,1499,7
317,2025-11-26 11:53:59+05:30,1005.4,1,998.25,5486175,442660.0,400447.0,986.2,1007.0,981.3,986.2,120670500,1084.8,887.6,1102.5,649.1,1005.2,30,1,1005.1,473,8,1005.0,6411,25,1004.9,2918,13,1004.8,1480,16,1005.3,82,4,1005.4,25,5,1005.5,58,3,1005.6,248,3,1005.7,1499,7
317,2025-11-26 11:53:59+05:30,1005.2,52,998.25,5486409,442947.0,399928.0,986.2,1007.0,981.3,986.2,120670500,1084.8,887.6,1102.5,649.1,1005.1,1478,13,1005.0,6270,27,1004.9,2124,10,1004.8,1395,11,1004.7,1686,15,1005.4,24,5,1005.5,52,2,1005.6,234,3,1005.7,1317,4,1005.8,538,5
317,2025-11-26 11:54:00+05:30,1005.4,1,998.25,5486409,442947.0,399928.0,986.2,1007.0,981.3,986.2,120670500,1084.8,887.6,1102.5,649.1,1005.1,1478,13,1005.0,6270,27,1004.9,2124,10,1004.8,1395,11,1004.7,1686,15,1005.4,24,5,1005.5,52,2,1005.6,234,3,1005.7,1317,4,1005.8,538,5
317,2025-11-26 11:54:00+05:30,1005.2,11,998.25,5487388,444901.0,399158.0,986.2,1007.0,981.3,986.2,120670500,1084.8,887.6,1102.5,649.1,1005.3,212,4,1005.2,2809,9,1005.1,3037,13,1005.0,4817,27,1004.9,628,9,1005.4,26,5,1005.5,52,2,1005.6,41,1,1005.7,1041,2,1005.8,297,5
317,2025-11-26 11:54:01+05:30,1005.4,7,998.25,5487388,444901.0,399158.0,986.2,1007.0,981.3,986.2,120670500,1084.8,887.6,1102.5,649.1,1005.3,212,4,1005.2,2809,9,1005.1,3037,13,1005.0,4817,27,1004.9,628,9,1005.4,26,5,1005.5,52,2,1005.6,41,1,1005.7,1041,2,1005.8,297,5
317,2025-11-26 11:54:01+05:30,1005.3,14,998.25,5487413,444824.0,399052.0,986.2,1007.0,981.3,986.2,120670500,1084.8,887.6,1102.5,649.1,1005.3,66,1,1005.2,2911,11,1005.1,3037,13,1005.0,4817,27,1004.9,596,8,1005.4,27,5,1005.5,52,2,1005.6,41,1,1005.7,1041,2,1005.8,297,5
317,2025-11-26 11:54:02+05:30,1005.3,14,998.25,5487413,444824.0,399052.0,986.2,1007.0,981.3,986.2,120670500,1084.8,887.6,1102.5,649.1,1005.3,66,1,1005.2,2911,11,1005.1,3037,13,1005.0,4817,27,1004.9,596,8,1005.4,27,5,1005.5,52,2,1005.6,41,1,1005.7,1041,2,1005.8,297,5
317,2025-11-26 11:54:02+05:30,1005.3,9,998.25,5487422,444816.0,399110.0,986.2,1007.0,981.3,986.2,120670500,1084.8,887.6,1102.5,649.1,1005.3,57,1,1005.2,2161,10,1005.1,3787,14,1005.0,4817,27,1004.9,596,8,1005.4,27,5,1005.5,96,3,1005.7,1041,2,1005.8,297,5,1005.9,741,12
317,2025-11-26 11:54:03+05:30,1005.4,3,998.25,5487422,444816.0,399110.0,986.2,1007.0,981.3,986.2,120670500,1084.8,887.6,1102.5,649.1,1005.3,57,1,1005.2,2161,10,1005.1,3787,14,1005.0,4817,27,1004.9,596,8,1005.4,27,5,1005.5,96,3,1005.7,1041,2,1005.8,297,5,1005.9,741,12
317,2025-11-26 11:54:03+05:30,1005.3,7,998.25,5487447,444818.0,399110.0,986.2,1007.0,981.3,986.2,120670500,1084.8,887.6,1102.5,649.1,1005.3,50,1,1005.2,2161,10,1005.1,3829,15,1005.0,4784,26,1004.9,596,8,1005.4,33,7,1005.5,95,2,1005.7,1041,2,1005.8,302,6,1005.9,741,12
317,2025-11-26 11:54:04+05:30,1005.3,7,998.25,5487447,444818.0,399110.0,986.2,1007.0,981.3,986.2,120670500,1084.8,887.6,1102.5,649.1,1005.3,50,1,1005.2,2161,10,1005.1,3829,15,1005.0,4784,26,1004.9,596,8,1005.4,33,7,1005.5,95,2,1005.7,1041,2,1005.8,302,6,1005.9,741,12
317,2025-11-26 11:54:04+05:30,1005.3,7,998.25,5487447,444939.0,399136.0,986.2,1007.0,981.3,986.2,120670500,1084.8,887.6,1102.5,649.1,1005.3,171,2,1005.2,2161,10,1005.1,3829,15,1005.0,4784,26,1004.9,596,8,1005.4,34,8,1005.5,95,2,1005.7,1041,2,1005.8,302,6,1005.9,742,13
317,2025-11-26 11:54:05+05:30,1005.5,11,998.25,5487447,444939.0,399136.0,986.2,1007.0,981.3,986.2,120670500,1084.8,887.6,1102.5,649.1,1005.3,171,2,1005.2,2161,10,1005.1,3829,15,1005.0,4784,26,1004.9,596,8,1005.4,34,8,1005.5,95,2,1005.7,1041,2,1005.8,302,6,1005.9,742,13
317,2025-11-26 11:54:05+05:30,1005.5,2,998.25,5487897,445859.0,398570.0,986.2,1007.0,981.3,986.2,120670500,1084.8,887.6,1102.5,649.1,1005.4,121,1,1005.3,1103,6,1005.2,2238,11,1005.1,3173,19,1005.0,4812,25,1005.5,42,1,1005.7,1041,2,1005.8,5,1,1005.9,942,7,1006.0,1014,15
317,2025-11-26 11:54:06+05:30,1005.5,2,998.25,5487897,445859.0,398570.0,986.2,1007.0,981.3,986.2,120670500,1084.8,887.6,1102.5,649.1,1005.4,121,1,1005.3,1103,6,1005.2,2238,11,1005.1,3173,19,1005.0,4812,25,1005.5,42,1,1005.7,1041,2,1005.8,5,1,1005.9,942,7,1006.0,1014,15
317,2025-11-26 11:54:06+05:30,1005.5,2,998.25,5487897,445396.0,398415.0,986.2,1007.0,981.3,986.2,120670500,1084.8,887.6,1102.5,649.1,1005.4,219,4,1005.3,1053,5,1005.2,2238,11,1005.1,3109,15,1005.0,4812,25,1005.5,48,3,1005.6,52,1,1005.7,1041,2,1005.8,5,1,1005.9,429,7
317,2025-11-26 11:54:07+05:30,1005.4,10,998.25,5487897,445396.0,398415.0,986.2,1007.0,981.3,986.2,120670500,1084.8,887.6,1102.5,649.1,1005.4,219,4,1005.3,1053,5,1005.2,2238,11,1005.1,3109,15,1005.0,4812,25,1005.5,48,3,1005.6,52,1,1005.7,1041,2,1005.8,5,1,1005.9,429,7
317,2025-11-26 11:54:07+05:30,1005.4,10,998.25,5487908,445395.0,398433.0,986.2,1007.0,981.3,986.2,120670500,1084.8,887.6,1102.5,649.1,1005.4,208,4,1005.3,879,4,1005.2,2238,11,1005.1,3109,15,1005.0,4812,25,1005.5,48,3,1005.6,52,1,1005.7,1041,2,1005.8,179,2,1005.9,429,7
317,2025-11-26 11:54:08+05:30,1005.4,26,998.25,5487908,445395.0,398433.0,986.2,1007.0,981.3,986.2,120670500,1084.8,887.6,1102.5,649.1,1005.4,208,4,1005.3,879,4,1005.2,2238,11,1005.1,3109,15,1005.0,4812,25,1005.5,48,3,1005.6,52,1,1005.7,1041,2,1005.8,179,2,1005.9,429,7
317,2025-11-26 11:54:08+05:30,1005.5,19,998.25,5488027,445609.0,398651.0,986.2,1007.0,981.3,986.2,120670500,1084.8,887.6,1102.5,649.1,1005.4,147,3,1005.3,797,2,1005.2,2238,11,1005.1,3156,16,1005.0,4725,25,1005.5,103,2,1005.6,52,1,1005.7,1041,2,1005.8,5,1,1005.9,429,7
317,2025-11-26 11:54:09+05:30,1005.5,31,998.25,5488027,445609.0,398651.0,986.2,1007.0,981.3,986.2,120670500,1084.8,887.6,1102.5,649.1,1005.4,147,3,1005.3,797,2,1005.2,2238,11,1005.1,3156,16,1005.0,4725,25,1005.5,103,2,1005.6,52,1,1005.7,1041,2,1005.8,5,1,1005.9,429,7
317,2025-11-26 11:54:09+05:30,1005.5,31,998.25,5488080,445730.0,398499.0,986.2,1007.0,981.3,986.2,120670500,1084.8,887.6,1102.5,649.1,1005.4,164,4,1005.3,3176,9,1005.2,1698,10,1005.1,2198,14,1005.0,4149,25,1005.5,74,3,1005.6,52,1,1005.7,1041,2,1005.8,179,2,1005.9,429,7
317,2025-11-26 11:54:10+05:30,1005.4,13,998.25,5488080,445730.0,398499.0,986.2,1007.0,981.3,986.2,120670500,1084.8,887.6,1102.5,649.1,1005.4,164,4,1005.3,3176,9,1005.2,1698,10,1005.1,2198,14,1005.0,4149,25,1005.5,74,3,1005.6,52,1,1005.7,1041,2,1005.8,179,2,1005.9,429,7
317,2025-11-26 11:54:10+05:30,1005.4,13,998.25,5488621,447981.0,398590.0,986.2,1007.0,981.3,986.2,120670500,1084.8,887.6,1102.5,649.1,1005.3,2348,7,1005.2,2491,13,1005.1,2918,14,1005.0,4171,26,1004.9,2338,15,1005.4,83,1,1005.5,75,4,1005.6,52,1,1005.7,1041,2,1005.8,205,4
317,2025-11-26 11:54:11+05:30,1005.4,13,998.25,5488621,448082.0,398607.0,986.2,1007.0,981.3,986.2,120670500,1084.8,887.6,1102.5,649.1,1005.3,2444,10,1005.2,2491,13,1005.1,2918,14,1005.0,4171,26,1004.9,2338,15,1005.4,90,3,1005.5,75,4,1005.6,52,1,1005.7,1041,2,1005.8,205,4
317,2025-11-26 11:54:12+05:30,1005.6,6,998.25,5489351,446946.0,398928.0,986.2,1007.0,981.3,986.2,120670500,1084.8,887.6,1102.5,649.1,1005.5,103,2,1005.4,83,3,1005.3,3291,14,1005.2,1836,13,1005.1,2306,16,1005.6,46,1,1005.7,1041,2,1005.8,5,1,1005.9,373,5,1006.0,716,10
317,2025-11-26 11:54:13+05:30,1005.6,6,998.25,5489351,446946.0,398928.0,986.2,1007.0,981.3,986.2,120670500,1084.8,887.6,1102.5,649.1,1005.5,103,2,1005.4,83,3,1005.3,3291,14,1005.2,1836,13,1005.1,2306,16,1005.6,46,1,1005.7,1041,2,1005.8,5,1,1005.9,373,5,1006.0,716,10
317,2025-11-26 11:54:13+05:30,1005.6,6,998.25,5489463,447872.0,399149.0,986.2,1007.0,981.3,986.2,120670500,1084.8,887.6,1102.5,649.1,1005.5,1238,4,1005.4,83,3,1005.3,3291,14,1005.2,1836,13,1005.1,2306,16,1005.6,54,2,1005.7,1041,2,1005.8,5,1,1005.9,373,5,1006.0,716,10
317,2025-11-26 11:54:14+05:30,1005.6,2,998.25,5489463,447872.0,399149.0,986.2,1007.0,981.3,986.2,120670500,1084.8,887.6,1102.5,649.1,1005.5,1238,4,1005.4,83,3,1005.3,3291,14,1005.2,1836,13,1005.1,2306,16,1005.6,54,2,1005.7,1041,2,1005.8,5,1,1005.9,373,5,1006.0,716,10
317,2025-11-26 11:54:14+05:30,1005.6,4,998.25,5489605,447809.0,400079.0,986.2,1007.0,981.3,986.2,120670500,1084.8,887.6,1102.5,649.1,1005.5,1212,3,1005.4,210,3,1005.3,3379,13,1005.2,1922,14,1005.1,2306,16,1005.6,5,2,1005.7,1141,3,1005.8,5,1,1005.9,423,6,1006.0,695,12
317,2025-11-26 11:54:15+05:30,1005.6,4,998.25,5489605,447809.0,400079.0,986.2,1007.0,981.3,986.2,120670500,1084.8,887.6,1102.5,649.1,1005.5,1212,3,1005.4,210,3,1005.3,3379,13,1005.2,1922,14,1005.1,2306,16,1005.6,5,2,1005.7,1141,3,1005.8,5,1,1005.9,423,6,1006.0,695,12
317,2025-11-26 11:54:15+05:30,1005.6,1,998.25,5489756,447875.0,400133.0,986.2,1007.0,981.3,986.2,120670500,1084.8,887.6,1102.5,649.1,1005.5,1212,3,1005.4,210,3,1005.3,3389,14,1005.2,1943,14,1005.1,2306,16,1005.6,26,3,1005.7,1141,3,1005.8,5,1,1005.9,423,6,1006.0,664,11
317,2025-11-26 11:54:16+05:30,1005.6,4,998.25,5489756,447875.0,400133.0,986.2,1007.0,981.3,986.2,120670500,1084.8,887.6,1102.5,649.1,1005.5,1212,3,1005.4,210,3,1005.3,3389,14,1005.2,1943,14,1005.1,2306,16,1005.6,26,3,1005.7,1141,3,1005.8,5,1,1005.9,423,6,1006.0,664,11
317,2025-11-26 11:54:16+05:30,1005.6,2,998.25,5489762,448681.0,399266.0,986.2,1007.0,981.3,986.2,120670500,1084.8,887.6,1102.5,649.1,1005.5,1258,4,1005.4,2305,7,1005.3,3105,13,1005.2,1542,15,1005.1,984,13,1005.6,22,4,1005.7,1141,3,1005.8,5,1,1005.9,223,3,1006.0,690,13
317,2025-11-26 11:54:17+05:30,1005.6,2,998.25,5489762,448681.0,399266.0,986.2,1007.0,981.3,986.2,120670500,1084.8,887.6,1102.5,649.1,1005.5,1258,4,1005.4,2305,7,1005.3,3105,13,1005.2,1542,15,1005.1,984,13,1005.6,22,4,1005.7,1141,3,1005.8,5,1,1005.9,223,3,1006.0,690,13
317,2025-11-26 11:54:17+05:30,1005.6,2,998.25,5489762,448564.0,399219.0,986.2,1007.0,981.3,986.2,120670500,1084.8,887.6,1102.5,649.1,1005.5,1212,3,1005.4,2305,7,1005.3,3105,13,1005.2,1542,15,1005.1,1141,14,1005.6,23,5,1005.7,1140,2,1005.8,9,3,1005.9,223,3,1006.0,690,13
317,2025-11-26 11:54:18+05:30,1005.7,67,998.25,5489947,448694.0,398663.0,986.2,1007.0,981.3,986.2,120670500,1084.8,887.6,1102.5,649.1,1005.5,1384,4,1005.4,2341,7,1005.3,3146,15,1005.2,1580,16,1005.1,1068,13,1005.7,1011,2,1005.8,9,3,1005.9,223,3,1006.0,510,12,1006.1,763,13
317,2025-11-26 11:54:19+05:30,1005.5,2,998.25,5489947,448694.0,398663.0,986.2,1007.0,981.3,986.2,120670500,1084.8,887.6,1102.5,649.1,1005.5,1384,4,1005.4,2341,7,1005.3,3146,15,1005.2,1580,16,1005.1,1068,13,1005.7,1011,2,1005.8,9,3,1005.9,223,3,1006.0,510,12,1006.1,763,13
317,2025-11-26 11:54:19+05:30,1005.7,18,998.25,5489967,448760.0,398821.0,986.2,1007.0,981.3,986.2,120670500,1084.8,887.6,1102.5,649.1,1005.5,1382,4,1005.4,2341,7,1005.3,3146,15,1005.2,1580,16,1005.1,1068,13,1005.7,995,3,1005.8,9,3,1005.9,223,3,1006.0,684,13,1006.1,763,13
317,2025-11-26 11:54:20+05:30,1005.9,954,998.25,5489967,448760.0,398821.0,986.2,1007.0,981.3,986.2,120670500,1084.8,887.6,1102.5,649.1,1005.5,1382,4,1005.4,2341,7,1005.3,3146,15,1005.2,1580,16,1005.1,1068,13,1005.7,995,3,1005.8,9,3,1005.9,223,3,1006.0,684,13,1006.1,763,13
317,2025-11-26 11:54:20+05:30,1005.9,1,998.26,5492199,446106.0,395412.0,986.2,1007.0,981.3,986.2,120670500,1084.8,887.6,1102.5,649.1,1005.9,169,2,1005.8,36,1,1005.7,560,2,1005.6,606,8,1005.5,2739,11,1006.0,273,6,1006.2,223,3,1006.3,561,8,1006.4,804,11,1006.5,1177,15
317,2025-11-26 11:54:21+05:30,1006.0,1,998.26,5492199,446106.0,395412.0,986.2,1007.0,981.3,986.2,120670500,1084.8,887.6,1102.5,649.1,1005.9,169,2,1005.8,36,1,1005.7,560,2,1005.6,606,8,1005.5,2739,11,1006.0,273,6,1006.2,223,3,1006.3,561,8,1006.4,804,11,1006.5,1177,15
317,2025-11-26 11:54:21+05:30,1006.0,15,998.26,5492657,447717.0,392949.0,986.2,1007.0,981.3,986.2,120670500,1084.8,887.6,1102.5,649.1,1005.9,187,3,1005.8,301,4,1005.7,1690,6,1005.6,1930,10,1005.5,1841,12,1006.0,120,2,1006.2,1,1,1006.4,1043,8,1006.5,973,10,1006.6,875,14
317,2025-11-26 11:54:22+05:30,1006.0,1,998.26,5492657,447717.0,392949.0,986.2,1007.0,981.3,986.2,120670500,1084.8,887.6,1102.5,649.1,1005.9,187,3,1005.8,301,4,1005.7,1690,6,1005.6,1930,10,1005.5,1841,12,1006.0,120,2,1006.2,1,1,1006.4,1043,8,1006.5,973,10,1006.6,875,14
317,2025-11-26 11:54:23+05:30,1006.0,4,998.26,5492789,448585.0,392542.0,986.2,1007.0,981.3,986.2,120670500,1084.8,887.6,1102.5,649.1,1005.9,223,4,1005.8,390,6,1005.7,3823,11,1005.6,2245,13,1005.5,1749,15,1006.0,42,3,1006.2,1,1,1006.4,538,8,1006.5,675,9,1006.6,1667,15
317,2025-11-26 11:54:23+05:30,1006.0,4,998.26,5492789,448585.0,392542.0,986.2,1007.0,981.3,986.2,120670500,1084.8,887.6,1102.5,649.1,1005.9,223,4,1005.8,390,6,1005.7,3823,11,1005.6,2245,13,1005.5,1749,15,1006.0,42,3,1006.2,1,1,1006.4,538,8,1006.5,675,9,1006.6,1667,15
317,2025-11-26 11:54:24+05:30,1006.0,4,998.26,5492789,448445.0,392462.0,986.2,1007.0,981.3,986.2,120670500,1084.8,887.6,1102.5,649.1,1005.9,305,5,1005.8,2430,9,1005.7,2073,12,1005.6,2043,15,1005.5,1134,12,1006.0,45,5,1006.2,1,1,1006.4,538,8,1006.5,675,9,1006.6,1134,14
317,2025-11-26 11:54:25+05:30,1006.0,11,998.26,5492895,444740.0,391771.0,986.2,1007.0,981.3,986.2,120670500,1084.8,887.6,1102.5,649.1,1005.9,500,6,1005.8,1683,9,1005.7,2181,13,1005.6,2660,19,1005.5,901,11,1006.2,95,2,1006.4,51,2,1006.5,1049,7,1006.6,1052,13,1006.7,7674,14
317,2025-11-26 11:54:25+05:30,1006.0,11,998.26,5492895,444740.0,391771.0,986.2,1007.0,981.3,986.2,120670500,1084.8,887.6,1102.5,649.1,1005.9,500,6,1005.8,1683,9,1005.7,2181,13,1005.6,2660,19,1005.5,901,11,1006.2,95,2,1006.4,51,2,1006.5,1049,7,1006.6,1052,13,1006.7,7674,14
317,2025-11-26 11:54:26+05:30,1006.2,10,998.26,5493004,445233.0,388517.0,986.2,1007.0,981.3,986.2,120670500,1084.8,887.6,1102.5,649.1,1006.0,73,1,1005.9,598,6,1005.8,1635,8,1005.7,2181,13,1005.6,2687,20,1006.2,37,3,1006.4,90,3,1006.5,1008,7,1006.6,1052,13,1006.7,7674,14
317,2025-11-26 11:54:26+05:30,1006.2,10,998.26,5493004,445233.0,388517.0,986.2,1007.0,981.3,986.2,120670500,1084.8,887.6,1102.5,649.1,1006.0,73,1,1005.9,598,6,1005.8,1635,8,1005.7,2181,13,1005.6,2687,20,1006.2,37,3,1006.4,90,3,1006.5,1008,7,1006.6,1052,13,1006.7,7674,14
317,2025-11-26 11:54:27+05:30,1006.2,10,998.26,5493004,446488.0,392282.0,986.2,1007.0,981.3,986.2,120670500,1084.8,887.6,1102.5,649.1,1006.1,82,1,1006.0,86,2,1005.9,986,5,1005.8,1776,10,1005.7,2278,14,1006.2,39,4,1006.3,49,1,1006.4,129,4,1006.5,969,6,1006.6,1065,14
317,2025-11-26 11:54:28+05:30,1006.2,10,998.26,5493004,446521.0,392335.0,986.2,1007.0,981.3,986.2,120670500,1084.8,887.6,1102.5,649.1,1006.1,158,2,1006.0,13,1,1005.9,986,5,1005.8,1776,10,1005.7,2278,14,1006.2,39,4,1006.3,49,1,1006.4,89,2,1006.5,1010,9,1006.6,1065,14
317,2025-11-26 11:54:29+05:30,1006.2,1,998.26,5493008,444691.0,392713.0,986.2,1007.0,981.3,986.2,120670500,1084.8,887.6,1102.5,649.1,1006.1,171,3,1005.9,265,2,1005.8,1809,10,1005.7,2754,11,1005.6,2506,20,1006.2,35,4,1006.3,96,2,1006.4,246,5,1006.5,1084,10,1006.6,1150,15
317,2025-11-26 11:54:29+05:30,1006.2,1,998.26,5493008,444691.0,392713.0,986.2,1007.0,981.3,986.2,120670500,1084.8,887.6,1102.5,649.1,1006.1,171,3,1005.9,265,2,1005.8,1809,10,1005.7,2754,11,1005.6,2506,20,1006.2,35,4,1006.3,96,2,1006.4,246,5,1006.5,1084,10,1006.6,1150,15
317,2025-11-26 11:54:30+05:30,1006.4,19,998.26,5493432,441508.0,392417.0,986.2,1007.0,981.3,986.2,120670500,1084.8,887.6,1102.5,649.1,1006.2,76,1,1006.1,95,2,1005.9,128,2,1005.8,1127,10,1005.7,2214,10,1006.4,260,4,1006.5,1124,10,1006.6,1122,13,1006.7,7689,15,1006.8,774,18
317,2025-11-26 11:54:30+05:30,1006.2,307,998.26,5493432,441508.0,392417.0,986.2,1007.0,981.3,986.2,120670500,1084.8,887.6,1102.5,649.1,1006.2,76,1,1006.1,95,2,1005.9,128,2,1005.8,1127,10,1005.7,2214,10,1006.4,260,4,1006.5,1124,10,1006.6,1122,13,1006.7,7689,15,1006.8,774,18
317,2025-11-26 11:54:31+05:30,1005.9,44,998.26,5493432,441508.0,392417.0,986.2,1007.0,981.3,986.2,120670500,1084.8,887.6,1102.5,649.1,1006.2,76,1,1006.1,95,2,1005.9,128,2,1005.8,1127,10,1005.7,2214,10,1006.4,260,4,1006.5,1124,10,1006.6,1122,13,1006.7,7689,15,1006.8,774,18
317,2025-11-26 11:54:31+05:30,1005.9,44,998.26,5493967,447712.0,391209.0,986.2,1007.0,981.3,986.2,120670500,1084.8,887.6,1102.5,649.1,1005.9,608,6,1005.8,2673,13,1005.7,2039,11,1005.6,2036,19,1005.5,1554,13,1006.2,42,1,1006.4,58,4,1006.5,680,9,1006.6,1724,13,1006.7,7762,17
317,2025-11-26 11:54:32+05:30,1006.2,26,998.26,5493967,447712.0,391209.0,986.2,1007.0,981.3,986.2,120670500,1084.8,887.6,1102.5,649.1,1005.9,608,6,1005.8,2673,13,1005.7,2039,11,1005.6,2036,19,1005.5,1554,13,1006.2,42,1,1006.4,58,4,1006.5,680,9,1006.6,1724,13,1006.7,7762,17
317,2025-11-26 11:54:32+05:30,1005.9,3,998.26,5493996,445024.0,390947.0,986.2,1007.0,981.3,986.2,120670500,1084.8,887.6,1102.5,649.1,1005.9,282,3,1005.8,874,7,1005.7,2152,10,1005.6,2217,18,1005.5,933,14,1006.2,22,2,1006.3,28,2,1006.4,267,6,1006.5,1026,12,1006.6,1414,13
317,2025-11-26 11:54:33+05:30,1006.1,5,998.26,5493996,445024.0,390947.0,986.2,1007.0,981.3,986.2,120670500,1084.8,887.6,1102.5,649.1,1005.9,282,3,1005.8,874,7,1005.7,2152,10,1005.6,2217,18,1005.5,933,14,1006.2,22,2,1006.3,28,2,1006.4,267,6,1006.5,1026,12,1006.6,1414,13
317,2025-11-26 11:54:33+05:30,1006.1,5,998.26,5494046,447016.0,392513.0,986.2,1007.0,981.3,986.2,120670500,1084.8,887.6,1102.5,649.1,1005.9,295,4,1005.8,920,8,1005.7,2720,12,1005.6,1703,19,1005.5,2512,15,1006.1,129,1,1006.2,85,3,1006.3,1,1,1006.4,434,6,1006.5,768,13
317,2025-11-26 11:54:34+05:30,1006.1,5,998.26,5494046,445735.0,392393.0,986.2,1007.0,981.3,986.2,120670500,1084.8,887.6,1102.5,649.1,1005.9,80,2,1005.8,920,8,1005.7,1402,9,1005.6,2217,18,1005.5,2873,18,1006.1,130,2,1006.2,85,3,1006.3,6,2,1006.4,444,7,1006.5,1066,14
317,2025-11-26 11:54:35+05:30,1005.9,340,998.26,5494046,445735.0,392393.0,986.2,1007.0,981.3,986.2,120670500,1084.8,887.6,1102.5,649.1,1005.9,80,2,1005.8,920,8,1005.7,1402,9,1005.6,2217,18,1005.5,2873,18,1006.1,130,2,1006.2,85,3,1006.3,6,2,1006.4,444,7,1006.5,1066,14
317,2025-11-26 11:54:35+05:30,1005.9,340,998.26,5494593,446610.0,391765.0,986.2,1007.0,981.3,986.2,120670500,1084.8,887.6,1102.5,649.1,1005.9,760,1,1005.8,599,4,1005.7,2148,10,1005.6,2109,17,1005.5,2090,16,1006.1,115,2,1006.2,7,2,1006.3,6,2,1006.4,303,7,1006.5,1564,13
317,2025-11-26 11:54:36+05:30,1006.1,2,998.26,5494593,446610.0,391765.0,986.2,1007.0,981.3,986.2,120670500,1084.8,887.6,1102.5,649.1,1005.9,760,1,1005.8,599,4,1005.7,2148,10,1005.6,2109,17,1005.5,2090,16,1006.1,115,2,1006.2,7,2,1006.3,6,2,1006.4,303,7,1006.5,1564,13
317,2025-11-26 11:54:36+05:30,1006.1,2,998.26,5494731,447869.0,392164.0,986.2,1007.0,981.3,986.2,120670500,1084.8,887.6,1102.5,649.1,1005.9,760,1,1005.8,333,6,1005.7,3438,12,1005.6,1861,19,1005.5,2424,15,1006.0,1,1,1006.1,5,2,1006.2,7,2,1006.3,50,2,1006.4,493,8
317,2025-11-26 11:54:37+05:30,1005.9,1,998.26,5494731,447869.0,392164.0,986.2,1007.0,981.3,986.2,120670500,1084.8,887.6,1102.5,649.1,1005.9,760,1,1005.8,333,6,1005.7,3438,12,1005.6,1861,19,1005.5,2424,15,1006.0,1,1,1006.1,5,2,1006.2,7,2,1006.3,50,2,1006.4,493,8
317,2025-11-26 11:54:37+05:30,1005.9,1,998.26,5494732,447950.0,391982.0,986.2,1007.0,981.3,986.2,120670500,1084.8,887.6,1102.5,649.1,1005.9,761,3,1005.8,333,6,1005.7,3438,12,1005.6,1888,20,1005.5,2424,15,1006.0,3,2,1006.1,5,2,1006.2,7,2,1006.3,50,2,1006.4,493,8
317,2025-11-26 11:54:38+05:30,1005.9,10,998.26,5494732,447950.0,391982.0,986.2,1007.0,981.3,986.2,120670500,1084.8,887.6,1102.5,649.1,1005.9,761,3,1005.8,333,6,1005.7,3438,12,1005.6,1888,20,1005.5,2424,15,1006.0,3,2,1006.1,5,2,1006.2,7,2,1006.3,50,2,1006.4,493,8
317,2025-11-26 11:54:38+05:30,1005.9,10,998.26,5494742,447040.0,391987.0,986.2,1007.0,981.3,986.2,120670500,1084.8,887.6,1102.5,649.1,1005.9,751,3,1005.8,183,5,1005.7,3438,12,1005.6,1622,19,1005.5,2690,16,1006.0,3,2,1006.1,5,2,1006.2,7,2,1006.3,50,2,1006.4,493,8
317,2025-11-26 11:54:39+05:30,1005.9,10,998.26,5494742,447849.0,392151.0,986.2,1007.0,981.3,986.2,120670500,1084.8,887.6,1102.5,649.1,1005.9,751,3,1005.8,287,5,1005.7,3393,11,1005.6,1596,17,1005.5,2716,18,1006.0,142,4,1006.1,5,2,1006.2,7,2,1006.3,50,2,1006.4,493,8
317,2025-11-26 11:54:40+05:30,1005.9,43,998.26,5494742,447849.0,392151.0,986.2,1007.0,981.3,986.2,120670500,1084.8,887.6,1102.5,649.1,1005.9,751,3,1005.8,287,5,1005.7,3393,11,1005.6,1596,17,1005.5,2716,18,1006.0,142,4,1006.1,5,2,1006.2,7,2,1006.3,50,2,1006.4,493,8
317,2025-11-26 11:54:40+05:30,1005.9,43,998.26,5496115,447858.0,392099.0,986.2,1007.0,981.3,986.2,120670500,1084.8,887.6,1102.5,649.1,1005.9,503,1,1005.8,103,3,1005.7,2643,10,1005.6,2319,17,1005.5,2716,18,1006.0,119,2,1006.1,5,2,1006.2,8,3,1006.3,224,3,1006.4,489,8
317,2025-11-26 11:54:41+05:30,1006.0,12,998.26,5496293,446775.0,392762.0,986.2,1007.0,981.3,986.2,120670500,1084.8,887.6,1102.5,649.1,1005.9,538,2,1005.8,71,2,1005.7,825,6,1005.6,1919,10,1005.5,3759,24,1006.0,54,3,1006.1,5,2,1006.2,174,5,1006.3,415,5,1006.4,463,7
317,2025-11-26 11:54:42+05:30,1006.0,2,998.26,5496293,446775.0,392762.0,986.2,1007.0,981.3,986.2,120670500,1084.8,887.6,1102.5,649.1,1005.9,538,2,1005.8,71,2,1005.7,825,6,1005.6,1919,10,1005.5,3759,24,1006.0,54,3,1006.1,5,2,1006.2,174,5,1006.3,415,5,1006.4,463,7
317,2025-11-26 11:54:42+05:30,1006.0,2,998.26,5496457,428287.0,373264.0,986.2,1007.0,981.3,986.2,120670500,1084.8,887.6,1102.5,649.1,1005.9,571,3,1005.8,389,6,1005.7,918,8,1005.6,2813,12,1005.5,2996,22,1006.0,14,2,1006.1,45,3,1006.2,1,1,1006.3,175,2,1006.4,820,8
317,2025-11-26 11:54:43+05:30,1006.4,24,998.26,5496457,428287.0,373264.0,986.2,1007.0,981.3,986.2,120670500,1084.8,887.6,1102.5,649.1,1005.9,571,3,1005.8,389,6,1005.7,918,8,1005.6,2813,12,1005.5,2996,22,1006.0,14,2,1006.1,45,3,1006.2,1,1,1006.3,175,2,1006.4,820,8
317,2025-11-26 11:54:43+05:30,1006.4,7,998.26,5496837,425967.0,371244.0,986.2,1007.0,981.3,986.2,120670500,1084.8,887.6,1102.5,649.1,1006.0,87,1,1005.9,1440,7,1005.8,1197,8,1005.7,1856,9,1005.6,1357,14,1006.4,85,3,1006.5,610,7,1006.6,1667,11,1006.7,7755,16,1006.8,783,15
317,2025-11-26 11:54:44+05:30,1006.3,3,998.26,5496837,425967.0,371244.0,986.2,1007.0,981.3,986.2,120670500,1084.8,887.6,1102.5,649.1,1006.0,87,1,1005.9,1440,7,1005.8,1197,8,1005.7,1856,9,1005.6,1357,14,1006.4,85,3,1006.5,610,7,1006.6,1667,11,1006.7,7755,16,1006.8,783,15
317,2025-11-26 11:54:44+05:30,1006.3,3,998.26,5496842,428770.0,380849.0,986.2,1007.0,981.3,986.2,120670500,1084.8,887.6,1102.5,649.1,1006.2,82,1,1006.0,128,3,1005.9,1358,6,1005.8,1243,9,1005.7,2043,13,1006.3,1,1,1006.4,95,3,1006.5,1185,9,1006.6,1062,10,1006.7,7796,18
317,2025-11-26 11:54:45+05:30,1006.4,1,998.26,5496842,428770.0,380849.0,986.2,1007.0,981.3,986.2,120670500,1084.8,887.6,1102.5,649.1,1006.2,82,1,1006.0,128,3,1005.9,1358,6,1005.8,1243,9,1005.7,2043,13,1006.3,1,1,1006.4,95,3,1006.5,1185,9,1006.6,1062,10,1006.7,7796,18
317,2025-11-26 11:54:45+05:30,1006.4,1,998.26,5496947,427792.0,381369.0,986.2,1007.0,981.3,986.2,120670500,1084.8,887.6,1102.5,649.1,1006.2,82,1,1006.0,128,3,1005.9,614,4,1005.8,353,7,1005.7,1270,12,1006.3,85,2,1006.4,324,6,1006.5,1457,11,1006.6,764,9,1006.7,7770,16
317,2025-11-26 11:54:46+05:30,1006.3,2,998.26,5496947,427792.0,381369.0,986.2,1007.0,981.3,986.2,120670500,1084.8,887.6,1102.5,649.1,1006.2,82,1,1006.0,128,3,1005.9,614,4,1005.8,353,7,1005.7,1270,12,1006.3,85,2,1006.4,324,6,1006.5,1457,11,1006.6,764,9,1006.7,7770,16
317,2025-11-26 11:54:46+05:30,1006.3,2,998.26,5497013,428114.0,381350.0,986.2,1007.0,981.3,986.2,120670500,1084.8,887.6,1102.5,649.1,1006.2,82,1,1006.0,128,3,1005.9,614,4,1005.8,527,8,1005.7,1270,12,1006.3,62,3,1006.4,324,6,1006.5,1457,11,1006.6,768,11,1006.7,7770,16
317,2025-11-26 11:54:47+05:30,1006.3,26,998.26,5497013,428114.0,381350.0,986.2,1007.0,981.3,986.2,120670500,1084.8,887.6,1102.5,649.1,1006.2,82,1,1006.0,128,3,1005.9,614,4,1005.8,527,8,1005.7,1270,12,1006.3,62,3,1006.4,324,6,1006.5,1457,11,1006.6,768,11,1006.7,7770,16
317,2025-11-26 11:54:47+05:30,1006.3,26,998.26,5497040,430490.0,379574.0,986.2,1007.0,981.3,986.2,120670500,1084.8,887.6,1102.5,649.1,1006.2,111,3,1006.0,592,2,1005.9,868,10,1005.8,1830,11,1005.7,1655,12,1006.3,18,3,1006.4,9,2,1006.5,521,5,1006.6,854,13,1006.7,7979,15
317,2025-11-26 11:54:48+05:30,1006.3,9,998.26,5497113,429204.0,379773.0,986.2,1007.0,981.3,986.2,120670500,1084.8,887.6,1102.5,649.1,1006.2,111,3,1006.0,259,2,1005.9,1429,7,1005.8,1317,11,1005.7,2156,12,1006.3,6,4,1006.4,9,2,1006.5,567,7,1006.6,1523,13,1006.7,7717,14
317,2025-11-26 11:54:49+05:30,1006.3,9,998.26,5497113,429204.0,379773.0,986.2,1007.0,981.3,986.2,120670500,1084.8,887.6,1102.5,649.1,1006.2,111,3,1006.0,259,2,1005.9,1429,7,1005.8,1317,11,1005.7,2156,12,1006.3,6,4,1006.4,9,2,1006.5,567,7,1006.6,1523,13,1006.7,7717,14
317,2025-11-26 11:54:49+05:30,1006.2,5,998.26,5497123,431705.0,379799.0,986.2,1007.0,981.3,986.2,120670500,1084.8,887.6,1102.5,649.1,1006.2,106,3,1006.0,259,2,1005.9,1969,8,1005.8,1394,16,1005.7,3003,15,1006.3,4,4,1006.4,9,2,1006.5,567,7,1006.6,1233,13,1006.7,7972,14
317,2025-11-26 11:54:50+05:30,1006.2,155,998.26,5497123,431705.0,379799.0,986.2,1007.0,981.3,986.2,120670500,1084.8,887.6,1102.5,649.1,1006.2,106,3,1006.0,259,2,1005.9,1969,8,1005.8,1394,16,1005.7,3003,15,1006.3,4,4,1006.4,9,2,1006.5,567,7,1006.6,1233,13,1006.7,7972,14
317,2025-11-26 11:54:50+05:30,1006.2,155,998.26,5497368,428094.0,381806.0,986.2,1007.0,981.3,986.2,120670500,1084.8,887.6,1102.5,649.1,1005.9,486,2,1005.8,1057,6,1005.7,615,9,1005.6,2222,16,1005.5,1849,17,1006.2,96,1,1006.3,101,8,1006.4,1050,8,1006.5,1157,14,1006.6,973,12
317,2025-11-26 11:54:51+05:30,1006.2,58,998.26,5497368,428094.0,381806.0,986.2,1007.0,981.3,986.2,120670500,1084.8,887.6,1102.5,649.1,1005.9,486,2,1005.8,1057,6,1005.7,615,9,1005.6,2222,16,1005.5,1849,17,1006.2,96,1,1006.3,101,8,1006.4,1050,8,1006.5,1157,14,1006.6,973,12
317,2025-11-26 11:54:51+05:30,1006.2,58,998.26,5497525,426994.0,382303.0,986.2,1007.0,981.3,986.2,120670500,1084.8,887.6,1102.5,649.1,1005.9,486,2,1005.8,307,5,1005.7,620,10,1005.6,2222,16,1005.5,1836,16,1006.2,41,2,1006.3,270,8,1006.4,1011,10,1006.5,1034,12,1006.6,1081,14
317,2025-11-26 11:54:52+05:30,1006.2,58,998.26,5497525,426853.0,382305.0,986.2,1007.0,981.3,986.2,120670500,1084.8,887.6,1102.5,649.1,1005.9,486,2,1005.8,307,5,1005.7,549,8,1005.6,2260,17,1005.5,2133,18,1006.2,43,3,1006.3,270,8,1006.4,971,9,1006.5,1074,13,1006.6,1081,14
317,2025-11-26 11:54:53+05:30,1006.2,5,998.26,5497525,426853.0,382305.0,986.2,1007.0,981.3,986.2,120670500,1084.8,887.6,1102.5,649.1,1005.9,486,2,1005.8,307,5,1005.7,549,8,1005.6,2260,17,1005.5,2133,18,1006.2,43,3,1006.3,270,8,1006.4,971,9,1006.5,1074,13,1006.6,1081,14
317,2025-11-26 11:54:53+05:30,1005.9,34,998.26,5497568,428562.0,382957.0,986.2,1007.0,981.3,986.2,120670500,1084.8,887.6,1102.5,649.1,1005.9,452,2,1005.8,199,4,1005.7,515,7,1005.6,3010,18,1005.5,2133,18,1006.1,138,1,1006.2,35,4,1006.3,747,9,1006.4,553,9,1006.5,1034,12
317,2025-11-26 11:54:54+05:30,1006.0,1,998.26,5497568,428562.0,382957.0,986.2,1007.0,981.3,986.2,120670500,1084.8,887.6,1102.5,649.1,1005.9,452,2,1005.8,199,4,1005.7,515,7,1005.6,3010,18,1005.5,2133,18,1006.1,138,1,1006.2,35,4,1006.3,747,9,1006.4,553,9,1006.5,1034,12
317,2025-11-26 11:54:54+05:30,1006.1,112,998.26,5497782,428120.0,381837.0,986.2,1007.0,981.3,986.2,120670500,1084.8,887.6,1102.5,649.1,1005.9,380,2,1005.8,199,4,1005.7,515,7,1005.6,3010,18,1005.5,2133,18,1006.1,27,2,1006.2,35,4,1006.3,207,6,1006.4,814,6,1006.5,1080,14
317,2025-11-26 11:54:55+05:30,1005.9,133,998.26,5497782,428120.0,381837.0,986.2,1007.0,981.3,986.2,120670500,1084.8,887.6,1102.5,649.1,1005.9,380,2,1005.8,199,4,1005.7,515,7,1005.6,3010,18,1005.5,2133,18,1006.1,27,2,1006.2,35,4,1006.3,207,6,1006.4,814,6,1006.5,1080,14
317,2025-11-26 11:54:55+05:30,1006.1,13,998.26,5498389,430510.0,380566.0,986.2,1007.0,981.3,986.2,120670500,1084.8,887.6,1102.5,649.1,1005.9,1108,5,1005.8,708,9,1005.7,2145,12,1005.6,3710,23,1005.5,1680,15,1006.2,7,4,1006.3,5,5,1006.4,38,2,1006.5,1260,11,1006.6,825,10
317,2025-11-26 11:54:56+05:30,1005.9,6,998.26,5498389,430510.0,380566.0,986.2,1007.0,981.3,986.2,120670500,1084.8,887.6,1102.5,649.1,1005.9,1108,5,1005.8,708,9,1005.7,2145,12,1005.6,3710,23,1005.5,1680,15,1006.2,7,4,1006.3,5,5,1006.4,38,2,1006.5,1260,11,1006.6,825,10
317,2025-11-26 11:54:56+05:30,1005.9,6,998.26,5498395,430534.0,380632.0,986.2,1007.0,981.3,986.2,120670500,1084.8,887.6,1102.5,649.1,1005.9,1102,5,1005.8,738,10,1005.7,2895,13,1005.6,2960,22,1005.5,1680,15,1006.2,43,6,1006.3,4,4,1006.4,38,2,1006.5,1260,11,1006.6,827,11
317,2025-11-26 11:54:57+05:30,1005.9,4,998.26,5498395,430534.0,380632.0,986.2,1007.0,981.3,986.2,120670500,1084.8,887.6,1102.5,649.1,1005.9,1102,5,1005.8,738,10,1005.7,2895,13,1005.6,2960,22,1005.5,1680,15,1006.2,43,6,1006.3,4,4,1006.4,38,2,1006.5,1260,11,1006.6,827,11
317,2025-11-26 11:54:57+05:30,1005.9,1,998.26,5498400,429679.0,380663.0,986.2,1007.0,981.3,986.2,120670500,1084.8,887.6,1102.5,649.1,1005.9,1139,5,1005.8,536,9,1005.7,2584,11,1005.6,2210,21,1005.5,1806,16,1006.2,44,7,1006.3,2,2,1006.4,586,3,1006.5,735,11,1006.6,1125,12
317,2025-11-26 11:54:58+05:30,1005.9,1,998.26,5498400,429679.0,380663.0,986.2,1007.0,981.3,986.2,120670500,1084.8,887.6,1102.5,649.1,1005.9,1139,5,1005.8,536,9,1005.7,2584,11,1005.6,2210,21,1005.5,1806,16,1006.2,44,7,1006.3,2,2,1006.4,586,3,1006.5,735,11,1006.6,1125,12
317,2025-11-26 11:54:58+05:30,1006.2,18,998.26,5498676,430285.0,380240.0,986.2,1007.0,981.3,986.2,120670500,1084.8,887.6,1102.5,649.1,1006.2,481,1,1006.0,5,1,1005.9,1079,3,1005.8,530,8,1005.7,1438,11,1006.3,1,1,1006.4,5,1,1006.5,934,7,1006.6,1047,11,1006.7,7628,13
317,2025-11-26 11:54:59+05:30,1006.2,18,998.26,5498676,430285.0,380240.0,986.2,1007.0,981.3,986.2,120670500,1084.8,887.6,1102.5,649.1,1006.2,481,1,1006.0,5,1,1005.9,1079,3,1005.8,530,8,1005.7,1438,11,1006.3,1,1,1006.4,5,1,1006.5,934,7,1006.6,1047,11,1006.7,7628,13
317,2025-11-26 11:54:59+05:30,1006.2,18,998.26,5498676,430182.0,380774.0,986.2,1007.0,981.3,986.2,120670500,1084.8,887.6,1102.5,649.1,1006.2,483,2,1006.0,5,1,1005.9,1253,4,1005.8,1280,9,1005.7,1970,11,1006.3,4,2,1006.4,49,3,1006.5,1191,10,1006.6,1077,12,1006.7,7635,16
317,2025-11-26 11:55:00+05:30,1006.2,2,998.26,5498676,430182.0,380774.0,986.2,1007.0,981.3,986.2,120670500,1084.8,887.6,1102.5,649.1,1006.2,483,2,1006.0,5,1,1005.9,1253,4,1005.8,1280,9,1005.7,1970,11,1006.3,4,2,1006.4,49,3,1006.5,1191,10,1006.6,1077,12,1006.7,7635,16
317,2025-11-26 11:55:00+05:30,1006.0,8,998.26,5499167,428998.0,381881.0,986.2,1007.0,981.3,986.2,120670500,1084.8,887.6,1102.5,649.1,1006.1,83,1,1006.0,42,1,1005.9,971,2,1005.8,879,6,1005.7,1395,10,1006.2,40,1,1006.3,3,1,1006.4,542,8,1006.5,1481,11,1006.6,835,11
317,2025-11-26 11:55:01+05:30,1006.0,8,998.26,5499167,428998.0,381881.0,986.2,1007.0,981.3,986.2,120670500,1084.8,887.6,1102.5,649.1,1006.1,83,1,1006.0,42,1,1005.9,971,2,1005.8,879,6,1005.7,1395,10,1006.2,40,1,1006.3,3,1,1006.4,542,8,1006.5,1481,11,1006.6,835,11
317,2025-11-26 11:55:01+05:30,1006.2,49,998.27,5499256,429180.0,379756.0,986.2,1007.0,981.3,986.2,120670500,1084.8,887.6,1102.5,649.1,1006.1,83,1,1006.0,42,1,1005.9,1179,6,1005.8,1289,8,1005.7,1968,11,1006.3,3,1,1006.4,48,2,1006.5,627,10,1006.6,1596,14,1006.7,7733,16
317,2025-11-26 11:55:02+05:30,1006.2,49,998.27,5499256,429180.0,379756.0,986.2,1007.0,981.3,986.2,120670500,1084.8,887.6,1102.5,649.1,1006.1,83,1,1006.0,42,1,1005.9,1179,6,1005.8,1289,8,1005.7,1968,11,1006.3,3,1,1006.4,48,2,1006.5,627,10,1006.6,1596,14,1006.7,7733,16
317,2025-11-26 11:55:02+05:30,1006.3,1,998.27,5499262,429630.0,381331.0,986.2,1007.0,981.3,986.2,120670500,1084.8,887.6,1102.5,649.1,1006.2,65,1,1006.1,83,1,1006.0,74,2,1005.9,1292,7,1005.8,808,9,1006.3,3,2,1006.4,48,2,1006.5,1076,8,1006.6,1189,15,1006.7,7733,16
317,2025-11-26 11:55:03+05:30,1006.3,1,998.27,5499262,429630.0,381331.0,986.2,1007.0,981.3,986.2,120670500,1084.8,887.6,1102.5,649.1,1006.2,65,1,1006.1,83,1,1006.0,74,2,1005.9,1292,7,1005.8,808,9,1006.3,3,2,1006.4,48,2,1006.5,1076,8,1006.6,1189,15,1006.7,7733,16
317,2025-11-26 11:55:03+05:30,1006.3,1,998.27,5499266,429888.0,381150.0,986.2,1007.0,981.3,986.2,120670500,1084.8,887.6,1102.5,649.1,1006.2,162,4,1006.0,74,2,1005.9,1291,6,1005.8,899,10,1005.7,2798,13,1006.3,4,3,1006.4,48,2,1006.5,1117,10,1006.6,1150,14,1006.7,7707,14
317,2025-11-26 11:55:04+05:30,1006.3,1,998.27,5499266,429579.0,381156.0,986.2,1007.0,981.3,986.2,120670500,1084.8,887.6,1102.5,649.1,1006.2,162,4,1006.0,74,2,1005.9,1291,6,1005.8,899,10,1005.7,2798,13,1006.3,4,3,1006.4,48,2,1006.5,1117,10,1006.6,1150,14,1006.7,7707,14
317,2025-11-26 11:55:05+05:30,1006.2,2,998.27,5499268,429603.0,381156.0,986.2,1007.0,981.3,986.2,120670500,1084.8,887.6,1102.5,649.1,1006.2,160,4,1006.0,74,2,1005.9,1291,6,1005.8,899,10,1005.7,2798,13,1006.3,4,3,1006.4,48,2,1006.5,1117,10,1006.6,1150,14,1006.7,7707,14
317,2025-11-26 11:55:06+05:30,1006.3,1,998.27,5499268,429603.0,381156.0,986.2,1007.0,981.3,986.2,120670500,1084.8,887.6,1102.5,649.1,1006.2,160,4,1006.0,74,2,1005.9,1291,6,1005.8,899,10,1005.7,2798,13,1006.3,4,3,1006.4,48,2,1006.5,1117,10,1006.6,1150,14,1006.7,7707,14
317,2025-11-26 11:55:06+05:30,1006.3,1,998.27,5499269,429626.0,381241.0,986.2,1007.0,981.3,986.2,120670500,1084.8,887.6,1102.5,649.1,1006.2,159,3,1006.0,74,2,1005.9,1291,6,1005.8,899,10,1005.7,2798,13,1006.3,84,4,1006.4,48,2,1006.5,1156,11,1006.6,1150,14,1006.7,7668,13
317,2025-11-26 11:55:07+05:30,1006.3,1,998.27,5499269,429555.0,381282.0,986.2,1007.0,981.3,986.2,120670500,1084.8,887.6,1102.5,649.1,1006.2,159,3,1006.0,42,1,1005.9,1291,6,1005.8,899,10,1005.7,2798,13,1006.3,85,5,1006.4,65,3,1006.5,1156,11,1006.6,1150,14,1006.7,7668,13
317,2025-11-26 11:55:08+05:30,1006.2,19,998.27,5499288,429758.0,381251.0,986.2,1007.0,981.3,986.2,120670500,1084.8,887.6,1102.5,649.1,1006.2,140,3,1006.0,74,2,1005.9,1291,6,1005.8,1121,10,1005.7,2798,13,1006.3,84,4,1006.4,65,3,1006.5,1156,11,1006.6,1150,14,1006.7,7668,13
317,2025-11-26 11:55:09+05:30,1006.2,1,998.27,5499288,429758.0,381251.0,986.2,1007.0,981.3,986.2,120670500,1084.8,887.6,1102.5,649.1,1006.2,140,3,1006.0,74,2,1005.9,1291,6,1005.8,1121,10,1005.7,2798,13,1006.3,84,4,1006.4,65,3,1006.5,1156,11,1006.6,1150,14,1006.7,7668,13
317,2025-11-26 11:55:09+05:30,1006.2,1,998.27,5499289,429758.0,381248.0,986.2,1007.0,981.3,986.2,120670500,1084.8,887.6,1102.5,649.1,1006.2,139,3,1006.0,74,2,1005.9,1291,6,1005.8,1121,10,1005.7,2798,13,1006.3,85,5,1006.4,65,3,1006.5,1156,11,1006.6,1150,14,1006.7,7668,13
317,2025-11-26 11:55:10+05:30,1006.2,67,998.27,5499289,429758.0,381248.0,986.2,1007.0,981.3,986.2,120670500,1084.8,887.6,1102.5,649.1,1006.2,139,3,1006.0,74,2,1005.9,1291,6,1005.8,1121,10,1005.7,2798,13,1006.3,85,5,1006.4,65,3,1006.5,1156,11,1006.6,1150,14,1006.7,7668,13
317,2025-11-26 11:55:10+05:30,1006.2,67,998.27,5499412,431894.0,381068.0,986.2,1007.0,981.3,986.2,120670500,1084.8,887.6,1102.5,649.1,1006.2,81,2,1006.1,31,1,1006.0,574,3,1005.9,1333,7,1005.8,2683,12,1006.3,85,5,1006.4,65,3,1006.5,615,10,1006.6,1329,14,1006.7,7992,16
317,2025-11-26 11:55:11+05:30,1006.2,5,998.27,5499412,431894.0,381068.0,986.2,1007.0,981.3,986.2,120670500,1084.8,887.6,1102.5,649.1,1006.2,81,2,1006.1,31,1,1006.0,574,3,1005.9,1333,7,1005.8,2683,12,1006.3,85,5,1006.4,65,3,1006.5,615,10,1006.6,1329,14,1006.7,7992,16
317,2025-11-26 11:55:11+05:30,1006.2,7,998.27,5499425,431889.0,381189.0,986.2,1007.0,981.3,986.2,120670500,1084.8,887.6,1102.5,649.1,1006.2,68,2,1006.0,542,2,1005.9,1333,7,1005.8,1933,11,1005.7,2284,14,1006.3,86,5,1006.4,65,3,1006.5,615,10,1006.6,1348,14,1006.7,7992,16
317,2025-11-26 11:55:12+05:30,1006.2,7,998.27,5499425,431889.0,381189.0,986.2,1007.0,981.3,986.2,120670500,1084.8,887.6,1102.5,649.1,1006.2,68,2,1006.0,542,2,1005.9,1333,7,1005.8,1933,11,1005.7,2284,14,1006.3,86,5,1006.4,65,3,1006.5,615,10,1006.6,1348,14,1006.7,7992,16
317,2025-11-26 11:55:12+05:30,1006.3,6,998.27,5499458,431866.0,381177.0,986.2,1007.0,981.3,986.2,120670500,1084.8,887.6,1102.5,649.1,1006.2,45,1,1006.0,542,2,1005.9,1333,7,1005.8,1933,11,1005.7,2284,14,1006.3,78,6,1006.4,100,4,1006.5,576,9,1006.6,1348,14,1006.7,7992,16
317,2025-11-26 11:55:13+05:30,1006.3,6,998.27,5499458,431866.0,381177.0,986.2,1007.0,981.3,986.2,120670500,1084.8,887.6,1102.5,649.1,1006.2,45,1,1006.0,542,2,1005.9,1333,7,1005.8,1933,11,1005.7,2284,14,1006.3,78,6,1006.4,100,4,1006.5,576,9,1006.6,1348,14,1006.7,7992,16
317,2025-11-26 11:55:13+05:30,1006.3,6,998.27,5499458,431561.0,381148.0,986.2,1007.0,981.3,986.2,120670500,1084.8,887.6,1102.5,649.1,1006.1,43,1,1006.0,72,2,1005.9,1220,6,1005.8,1933,11,1005.7,2284,14,1006.3,79,7,1006.4,65,3,1006.5,652,11,1006.6,1320,13,1006.7,7992,16
317,2025-11-26 11:55:14+05:30,1006.3,2,998.27,5499460,432196.0,381242.0,986.2,1007.0,981.3,986.2,120670500,1084.8,887.6,1102.5,649.1,1006.2,112,1,1006.1,43,1,1006.0,86,3,1005.9,1333,7,1005.8,1933,11,1006.3,77,7,1006.4,65,3,1006.5,652,11,1006.6,1416,14,1006.7,7992,16
317,2025-11-26 11:55:15+05:30,1006.3,2,998.27,5499460,432196.0,381242.0,986.2,1007.0,981.3,986.2,120670500,1084.8,887.6,1102.5,649.1,1006.2,112,1,1006.1,43,1,1006.0,86,3,1005.9,1333,7,1005.8,1933,11,1006.3,77,7,1006.4,65,3,1006.5,652,11,1006.6,1416,14,1006.7,7992,16
317,2025-11-26 11:55:15+05:30,1006.3,2,998.27,5499460,431725.0,381331.0,986.2,1007.0,981.3,986.2,120670500,1084.8,887.6,1102.5,649.1,1006.2,156,3,1006.0,86,3,1005.9,1759,8,1005.8,1933,11,1005.7,2284,14,1006.3,78,8,1006.4,104,4,1006.5,661,11,1006.6,1416,14,1006.7,7992,16
317,2025-11-26 11:55:16+05:30,1006.2,1,998.27,5499461,432096.0,381332.0,986.2,1007.0,981.3,986.2,120670500,1084.8,887.6,1102.5,649.1,1006.2,155,3,1006.0,86,3,1005.9,1822,8,1005.8,1933,11,1005.7,2284,14,1006.3,79,9,1006.4,104,4,1006.5,661,11,1006.6,1714,15,1006.7,7694,15
317,2025-11-26 11:55:17+05:30,1006.2,43,998.27,5499461,432096.0,381332.0,986.2,1007.0,981.3,986.2,120670500,1084.8,887.6,1102.5,649.1,1006.2,155,3,1006.0,86,3,1005.9,1822,8,1005.8,1933,11,1005.7,2284,14,1006.3,79,9,1006.4,104,4,1006.5,661,11,1006.6,1714,15,1006.7,7694,15
317,2025-11-26 11:55:17+05:30,1006.1,1,998.27,5499660,429491.0,381505.0,986.2,1007.0,981.3,986.2,120670500,1084.8,887.6,1102.5,649.1,1006.1,21,1,1006.0,86,3,1005.9,1114,4,1005.8,611,12,1005.7,1914,11,1006.3,80,10,1006.4,257,6,1006.5,863,15,1006.6,1439,16,1006.7,7734,17
317,2025-11-26 11:55:18+05:30,1006.1,1,998.27,5499660,429491.0,381505.0,986.2,1007.0,981.3,986.2,120670500,1084.8,887.6,1102.5,649.1,1006.1,21,1,1006.0,86,3,1005.9,1114,4,1005.8,611,12,1005.7,1914,11,1006.3,80,10,1006.4,257,6,1006.5,863,15,1006.6,1439,16,1006.7,7734,17
317,2025-11-26 11:55:18+05:30,1006.1,1,998.27,5499660,429491.0,381507.0,986.2,1007.0,981.3,986.2,120670500,1084.8,887.6,1102.5,649.1,1006.1,21,1,1006.0,86,3,1005.9,1114,4,1005.8,611,12,1005.7,1914,11,1006.3,82,11,1006.4,292,7,1006.5,828,14,1006.6,1439,16,1006.7,7734,17
317,2025-11-26 11:55:19+05:30,1006.1,2,998.27,5499660,429491.0,381507.0,986.2,1007.0,981.3,986.2,120670500,1084.8,887.6,1102.5,649.1,1006.1,21,1,1006.0,86,3,1005.9,1114,4,1005.8,611,12,1005.7,1914,11,1006.3,82,11,1006.4,292,7,1006.5,828,14,1006.6,1439,16,1006.7,7734,17
317,2025-11-26 11:55:19+05:30,1006.3,20,998.27,5499682,429751.0,381831.0,986.2,1007.0,981.3,986.2,120670500,1084.8,887.6,1102.5,649.1,1006.1,19,1,1006.0,205,4,1005.9,1284,5,1005.8,1032,13,1005.7,2664,12,1006.3,61,10,1006.4,104,4,1006.5,797,13,1006.6,1722,16,1006.7,7734,17
317,2025-11-26 11:55:20+05:30,1006.3,20,998.27,5499682,429751.0,381831.0,986.2,1007.0,981.3,986.2,120670500,1084.8,887.6,1102.5,649.1,1006.1,19,1,1006.0,205,4,1005.9,1284,5,1005.8,1032,13,1005.7,2664,12,1006.3,61,10,1006.4,104,4,1006.5,797,13,1006.6,1722,16,1006.7,7734,17
317,2025-11-26 11:55:20+05:30,1006.3,20,998.27,5499682,430930.0,381402.0,986.2,1007.0,981.3,986.2,120670500,1084.8,887.6,1102.5,649.1,1006.1,131,3,1006.0,205,4,1005.9,1324,6,1005.8,611,12,1005.7,2664,12,1006.2,8,1,1006.3,62,11,1006.4,179,6,1006.5,727,11,1006.6,1279,17
317,2025-11-26 11:55:21+05:30,1006.2,74,998.27,5499682,430930.0,381402.0,986.2,1007.0,981.3,986.2,120670500,1084.8,887.6,1102.5,649.1,1006.1,131,3,1006.0,205,4,1005.9,1324,6,1005.8,611,12,1005.7,2664,12,1006.2,8,1,1006.3,62,11,1006.4,179,6,1006.5,727,11,1006.6,1279,17
317,2025-11-26 11:55:21+05:30,1006.2,74,998.27,5499769,428355.0,381320.0,986.2,1007.0,981.3,986.2,120670500,1084.8,887.6,1102.5,649.1,1006.2,34,2,1006.1,82,1,1006.0,677,4,1005.9,1324,6,1005.8,611,12,1006.3,97,11,1006.4,171,6,1006.5,758,12,1006.6,1147,13,1006.7,7734,17
317,2025-11-26 11:55:22+05:30,1006.2,1,998.27,5499769,428355.0,381320.0,986.2,1007.0,981.3,986.2,120670500,1084.8,887.6,1102.5,649.1,1006.2,34,2,1006.1,82,1,1006.0,677,4,1005.9,1324,6,1005.8,611,12,1006.3,97,11,1006.4,171,6,1006.5,758,12,1006.6,1147,13,1006.7,7734,17
317,2025-11-26 11:55:22+05:30,1006.3,4,998.27,5499779,428338.0,381683.0,986.2,1007.0,981.3,986.2,120670500,1084.8,887.6,1102.5,649.1,1006.2,45,3,1006.1,82,1,1006.0,204,4,1005.9,1324,6,1005.8,1113,13,1006.3,488,11,1006.4,140,5,1006.5,791,14,1006.6,1117,12,1006.7,7734,17
317,2025-11-26 11:55:23+05:30,1006.2,3,998.27,5499779,428338.0,381683.0,986.2,1007.0,981.3,986.2,120670500,1084.8,887.6,1102.5,649.1,1006.2,45,3,1006.1,82,1,1006.0,204,4,1005.9,1324,6,1005.8,1113,13,1006.3,488,11,1006.4,140,5,1006.5,791,14,1006.6,1117,12,1006.7,7734,17
317,2025-11-26 11:55:23+05:30,1006.2,3,998.27,5499782,428080.0,381684.0,986.2,1007.0,981.3,986.2,120670500,1084.8,887.6,1102.5,649.1,1006.2,124,4,1006.0,204,4,1005.9,1284,5,1005.8,611,12,1005.7,2635,11,1006.3,488,11,1006.4,141,6,1006.5,791,14,1006.6,1117,12,1006.7,7734,17
317,2025-11-26 11:55:24+05:30,1006.2,3,998.27,5499782,428142.0,381685.0,986.2,1007.0,981.3,986.2,120670500,1084.8,887.6,1102.5,649.1,1006.2,124,4,1006.0,204,4,1005.9,1284,5,1005.8,611,12,1005.7,2673,12,1006.3,489,12,1006.4,172,7,1006.5,760,13,1006.6,1117,12,1006.7,7734,17
317,2025-11-26 11:55:25+05:30,1006.2,1,998.27,5499782,428142.0,381685.0,986.2,1007.0,981.3,986.2,120670500,1084.8,887.6,1102.5,649.1,1006.2,124,4,1006.0,204,4,1005.9,1284,5,1005.8,611,12,1005.7,2673,12,1006.3,489,12,1006.4,172,7,1006.5,760,13,1006.6,1117,12,1006.7,7734,17
317,2025-11-26 11:55:25+05:30,1006.2,1,998.27,5499783,431841.0,381940.0,986.2,1007.0,981.3,986.2,120670500,1084.8,887.6,1102.5,649.1,1006.2,123,4,1006.0,204,4,1005.9,2574,7,1005.8,2217,17,1005.7,1488,11,1006.3,488,11,1006.4,141,6,1006.5,791,14,1006.6,848,12,1006.7,8032,18
317,2025-11-26 11:55:26+05:30,1006.5,98,998.27,5499783,431841.0,381940.0,986.2,1007.0,981.3,986.2,120670500,1084.8,887.6,1102.5,649.1,1006.2,123,4,1006.0,204,4,1005.9,2574,7,1005.8,2217,17,1005.7,1488,11,1006.3,488,11,1006.4,141,6,1006.5,791,14,1006.6,848,12,1006.7,8032,18
317,2025-11-26 11:55:26+05:30,1006.5,98,998.27,5501539,426262.0,377887.0,986.2,1007.0,981.3,986.2,120670500,1084.8,887.6,1102.5,649.1,1006.5,18,1,1006.4,32,1,1006.3,15,2,1006.2,317,5,1006.1,843,8,1006.6,151,4,1006.7,6957,5,1006.8,616,8,1006.9,625,11,1007.0,7377,55
317,2025-11-26 11:55:27+05:30,1006.6,96,998.27,5501640,425728.0,378106.0,986.2,1007.0,981.3,986.2,120670500,1084.8,887.6,1102.5,649.1,1006.5,30,2,1006.4,32,1,1006.3,30,3,1006.2,474,5,1006.1,843,8,1006.6,68,4,1006.7,6868,4,1006.8,359,8,1006.9,656,12,1007.0,7611,52
317,2025-11-26 11:55:28+05:30,1006.6,96,998.27,5501640,425728.0,378106.0,986.2,1007.0,981.3,986.2,120670500,1084.8,887.6,1102.5,649.1,1006.5,30,2,1006.4,32,1,1006.3,30,3,1006.2,474,5,1006.1,843,8,1006.6,68,4,1006.7,6868,4,1006.8,359,8,1006.9,656,12,1007.0,7611,52
317,2025-11-26 11:55:28+05:30,1006.6,96,998.27,5501640,425587.0,378465.0,986.2,1007.0,981.3,986.2,120670500,1084.8,887.6,1102.5,649.1,1006.5,30,2,1006.4,32,1,1006.3,30,3,1006.2,474,5,1006.1,843,8,1006.6,70,5,1006.7,6868,4,1006.8,391,10,1006.9,625,11,1007.0,7611,52
317,2025-11-26 11:55:28+05:30,1006.6,96,998.27,5501640,425587.0,378465.0,986.2,1007.0,981.3,986.2,120670500,1084.8,887.6,1102.5,649.1,1006.5,30,2,1006.4,32,1,1006.3,30,3,1006.2,474,5,1006.1,843,8,1006.6,70,5,1006.7,6868,4,1006.8,391,10,1006.9,625,11,1007.0,7611,52
317,2025-11-26 11:55:29+05:30,1006.6,1,998.27,5501640,425587.0,378465.0,986.2,1007.0,981.3,986.2,120670500,1084.8,887.6,1102.5,649.1,1006.5,30,2,1006.4,32,1,1006.3,30,3,1006.2,474,5,1006.1,843,8,1006.6,70,5,1006.7,6868,4,1006.8,391,10,1006.9,625,11,1007.0,7611,52
317,2025-11-26 11:55:29+05:30,1006.6,1,998.27,5501640,425587.0,378465.0,986.2,1007.0,981.3,986.2,120670500,1084.8,887.6,1102.5,649.1,1006.5,30,2,1006.4,32,1,1006.3,30,3,1006.2,474,5,1006.1,843,8,1006.6,70,5,1006.7,6868,4,1006.8,391,10,1006.9,625,11,1007.0,7611,52
317,2025-11-26 11:55:29+05:30,1006.6,1,998.27,5501641,426151.0,377892.0,986.2,1007.0,981.3,986.2,120670500,1084.8,887.6,1102.5,649.1,1006.5,113,4,1006.4,32,1,1006.3,561,5,1006.2,392,4,1006.1,751,7,1006.6,69,5,1006.7,6868,4,1006.8,617,9,1006.9,625,11,1007.0,7313,51
317,2025-11-26 11:55:30+05:30,1006.6,1,998.27,5501641,426151.0,377892.0,986.2,1007.0,981.3,986.2,120670500,1084.8,887.6,1102.5,649.1,1006.5,113,4,1006.4,32,1,1006.3,561,5,1006.2,392,4,1006.1,751,7,1006.6,69,5,1006.7,6868,4,1006.8,617,9,1006.9,625,11,1007.0,7313,51
317,2025-11-26 11:55:30+05:30,1006.5,55,998.27,5501641,426151.0,377892.0,986.2,1007.0,981.3,986.2,120670500,1084.8,887.6,1102.5,649.1,1006.5,113,4,1006.4,32,1,1006.3,561,5,1006.2,392,4,1006.1,751,7,1006.6,69,5,1006.7,6868,4,1006.8,617,9,1006.9,625,11,1007.0,7313,51
317,2025-11-26 11:55:30+05:30,1006.5,55,998.27,5501641,426151.0,377892.0,986.2,1007.0,981.3,986.2,120670500,1084.8,887.6,1102.5,649.1,1006.5,113,4,1006.4,32,1,1006.3,561,5,1006.2,392,4,1006.1,751,7,1006.6,69,5,1006.7,6868,4,1006.8,617,9,1006.9,625,11,1007.0,7313,51
317,2025-11-26 11:55:30+05:30,1006.5,93,998.27,5501962,426223.0,378428.0,986.2,1007.0,981.3,986.2,120670500,1084.8,887.6,1102.5,649.1,1006.4,42,2,1006.3,548,5,1006.2,292,3,1006.1,508,5,1006.0,2426,21,1006.5,40,1,1006.6,107,6,1006.7,7079,6,1006.8,497,11,1006.9,937,14
317,2025-11-26 11:55:31+05:30,1006.5,32,998.27,5501962,426223.0,378428.0,986.2,1007.0,981.3,986.2,120670500,1084.8,887.6,1102.5,649.1,1006.4,42,2,1006.3,548,5,1006.2,292,3,1006.1,508,5,1006.0,2426,21,1006.5,40,1,1006.6,107,6,1006.7,7079,6,1006.8,497,11,1006.9,937,14
317,2025-11-26 11:55:31+05:30,1006.5,32,998.27,5501962,426223.0,378428.0,986.2,1007.0,981.3,986.2,120670500,1084.8,887.6,1102.5,649.1,1006.4,42,2,1006.3,548,5,1006.2,292,3,1006.1,508,5,1006.0,2426,21,1006.5,40,1,1006.6,107,6,1006.7,7079,6,1006.8,497,11,1006.9,937,14
317,2025-11-26 11:55:32+05:30,1006.5,32,998.27,5502038,427425.0,377123.0,986.2,1007.0,981.3,986.2,120670500,1084.8,887.6,1102.5,649.1,1006.4,175,3,1006.3,538,4,1006.2,322,4,1006.1,960,7,1006.0,2485,20,1006.5,76,3,1006.6,107,6,1006.7,5485,3,1006.8,440,8,1006.9,934,14
317,2025-11-26 11:55:32+05:30,1006.5,32,998.27,5502038,427425.0,377123.0,986.2,1007.0,981.3,986.2,120670500,1084.8,887.6,1102.5,649.1,1006.4,175,3,1006.3,538,4,1006.2,322,4,1006.1,960,7,1006.0,2485,20,1006.5,76,3,1006.6,107,6,1006.7,5485,3,1006.8,440,8,1006.9,934,14
317,2025-11-26 11:55:32+05:30,1006.5,32,998.27,5502038,427425.0,377123.0,986.2,1007.0,981.3,986.2,120626250,1084.8,887.6,1102.5,649.1,1006.4,175,3,1006.3,538,4,1006.2,322,4,1006.1,960,7,1006.0,2485,20,1006.5,76,3,1006.6,107,6,1006.7,5485,3,1006.8,440,8,1006.9,934,14
317,2025-11-26 11:55:33+05:30,1006.5,1,998.27,5502047,425902.0,377315.0,986.2,1007.0,981.3,986.2,120626250,1084.8,887.6,1102.5,649.1,1006.4,175,3,1006.3,538,4,1006.2,322,4,1006.1,960,7,1006.0,1930,18,1006.5,72,5,1006.6,107,6,1006.7,5696,5,1006.8,763,10,1006.9,649,14
317,2025-11-26 11:55:33+05:30,1006.5,1,998.27,5502047,425902.0,377315.0,986.2,1007.0,981.3,986.2,120626250,1084.8,887.6,1102.5,649.1,1006.4,175,3,1006.3,538,4,1006.2,322,4,1006.1,960,7,1006.0,1930,18,1006.5,72,5,1006.6,107,6,1006.7,5696,5,1006.8,763,10,1006.9,649,14
317,2025-11-26 11:55:33+05:30,1006.5,1,998.27,5502047,425902.0,377315.0,986.2,1007.0,981.3,986.2,120626250,1084.8,887.6,1102.5,649.1,1006.4,175,3,1006.3,538,4,1006.2,322,4,1006.1,960,7,1006.0,1930,18,1006.5,72,5,1006.6,107,6,1006.7,5696,5,1006.8,763,10,1006.9,649,14
317,2025-11-26 11:55:34+05:30,1006.5,35,998.27,5502159,425931.0,375086.0,986.2,1007.0,981.3,986.2,120626250,1084.8,887.6,1102.5,649.1,1006.4,175,3,1006.3,538,4,1006.2,292,3,1006.1,548,6,1006.0,1609,17,1006.5,34,3,1006.6,107,6,1006.7,2985,2,1006.8,440,8,1006.9,899,13
317,2025-11-26 11:55:35+05:30,1006.5,20,998.27,5502159,425931.0,375086.0,986.2,1007.0,981.3,986.2,120626250,1084.8,887.6,1102.5,649.1,1006.4,175,3,1006.3,538,4,1006.2,292,3,1006.1,548,6,1006.0,1609,17,1006.5,34,3,1006.6,107,6,1006.7,2985,2,1006.8,440,8,1006.9,899,13
317,2025-11-26 11:55:35+05:30,1006.5,20,998.27,5502179,425884.0,372168.0,986.2,1007.0,981.3,986.2,120626250,1084.8,887.6,1102.5,649.1,1006.4,151,2,1006.3,538,4,1006.2,307,4,1006.1,907,7,1006.0,925,14,1006.5,16,4,1006.6,107,6,1006.7,529,3,1006.8,637,12,1006.9,1552,13
317,2025-11-26 11:55:36+05:30,1006.4,202,998.27,5502179,425884.0,372168.0,986.2,1007.0,981.3,986.2,120626250,1084.8,887.6,1102.5,649.1,1006.4,151,2,1006.3,538,4,1006.2,307,4,1006.1,907,7,1006.0,925,14,1006.5,16,4,1006.6,107,6,1006.7,529,3,1006.8,637,12,1006.9,1552,13
317,2025-11-26 11:55:36+05:30,1006.4,202,998.27,5502399,429806.0,372152.0,986.2,1007.0,981.3,986.2,120626250,1084.8,887.6,1102.5,649.1,1006.4,151,2,1006.3,708,5,1006.2,842,5,1006.1,1699,10,1006.0,2783,20,1006.5,19,6,1006.6,107,6,1006.7,529,3,1006.8,503,10,1006.9,718,12
317,2025-11-26 11:55:37+05:30,1006.4,15,998.27,5502399,429806.0,372152.0,986.2,1007.0,981.3,986.2,120626250,1084.8,887.6,1102.5,649.1,1006.4,151,2,1006.3,708,5,1006.2,842,5,1006.1,1699,10,1006.0,2783,20,1006.5,19,6,1006.6,107,6,1006.7,529,3,1006.8,503,10,1006.9,718,12
317,2025-11-26 11:55:37+05:30,1006.4,15,998.27,5502589,431123.0,372100.0,986.2,1007.0,981.3,986.2,120626250,1084.8,887.6,1102.5,649.1,1006.4,96,2,1006.3,774,10,1006.2,1689,10,1006.1,3780,13,1006.0,2033,19,1006.5,22,7,1006.6,89,5,1006.7,529,3,1006.8,421,9,1006.9,718,12
317,2025-11-26 11:55:38+05:30,1006.4,11,998.27,5502589,431123.0,372100.0,986.2,1007.0,981.3,986.2,120626250,1084.8,887.6,1102.5,649.1,1006.4,96,2,1006.3,774,10,1006.2,1689,10,1006.1,3780,13,1006.0,2033,19,1006.5,22,7,1006.6,89,5,1006.7,529,3,1006.8,421,9,1006.9,718,12
317,2025-11-26 11:55:38+05:30,1006.4,11,998.27,5502638,430970.0,372089.0,986.2,1007.0,981.3,986.2,120626250,1084.8,887.6,1102.5,649.1,1006.4,85,2,1006.3,632,9,1006.2,1689,10,1006.1,3030,12,1006.0,2783,20,1006.5,63,7,1006.6,87,4,1006.7,529,3,1006.8,421,9,1006.9,718,12
317,2025-11-26 11:55:39+05:30,1006.5,36,998.27,5502738,425792.0,373217.0,986.2,1007.0,981.3,986.2,120626250,1084.8,887.6,1102.5,649.1,1006.4,85,2,1006.3,533,3,1006.2,148,3,1006.1,663,7,1006.0,1390,15,1006.5,453,8,1006.6,143,6,1006.7,739,5,1006.8,652,11,1006.9,1766,15
317,2025-11-26 11:55:40+05:30,1006.4,67,998.27,5502738,425792.0,373217.0,986.2,1007.0,981.3,986.2,120626250,1084.8,887.6,1102.5,649.1,1006.4,85,2,1006.3,533,3,1006.2,148,3,1006.1,663,7,1006.0,1390,15,1006.5,453,8,1006.6,143,6,1006.7,739,5,1006.8,652,11,1006.9,1766,15
317,2025-11-26 11:55:40+05:30,1006.4,67,998.27,5502904,430575.0,373057.0,986.2,1007.0,981.3,986.2,120626250,1084.8,887.6,1102.5,649.1,1006.3,533,3,1006.2,148,3,1006.1,663,7,1006.0,1411,16,1005.9,3366,19,1006.4,22,1,1006.5,454,9,1006.6,87,4,1006.7,768,6,1006.8,602,12
317,2025-11-26 11:55:41+05:30,1006.3,12,998.27,5502904,430575.0,373057.0,986.2,1007.0,981.3,986.2,120626250,1084.8,887.6,1102.5,649.1,1006.3,533,3,1006.2,148,3,1006.1,663,7,1006.0,1411,16,1005.9,3366,19,1006.4,22,1,1006.5,454,9,1006.6,87,4,1006.7,768,6,1006.8,602,12
317,2025-11-26 11:55:41+05:30,1006.3,12,998.27,5502916,431626.0,373054.0,986.2,1007.0,981.3,986.2,120626250,1084.8,887.6,1102.5,649.1,1006.3,603,4,1006.2,696,4,1006.1,663,7,1006.0,924,16,1005.9,3419,20,1006.4,24,2,1006.5,493,9,1006.6,49,3,1006.7,739,5,1006.8,567,11
317,2025-11-26 11:55:42+05:30,1006.5,3,998.27,5502916,431626.0,373054.0,986.2,1007.0,981.3,986.2,120626250,1084.8,887.6,1102.5,649.1,1006.3,603,4,1006.2,696,4,1006.1,663,7,1006.0,924,16,1005.9,3419,20,1006.4,24,2,1006.5,493,9,1006.6,49,3,1006.7,739,5,1006.8,567,11
317,2025-11-26 11:55:42+05:30,1006.5,3,998.28,5510285,427310.0,371473.0,986.2,1007.0,981.3,986.2,120626250,1084.8,887.6,1102.5,649.1,1006.4,599,2,1006.2,88,1,1006.1,403,3,1006.0,900,16,1005.9,2999,12,1006.6,49,3,1006.7,490,2,1006.8,841,8,1006.9,1099,14,1007.0,8441,53
317,2025-11-26 11:55:43+05:30,1006.6,5,998.28,5510285,427310.0,371473.0,986.2,1007.0,981.3,986.2,120626250,1084.8,887.6,1102.5,649.1,1006.4,599,2,1006.2,88,1,1006.1,403,3,1006.0,900,16,1005.9,2999,12,1006.6,49,3,1006.7,490,2,1006.8,841,8,1006.9,1099,14,1007.0,8441,53
317,2025-11-26 11:55:43+05:30,1006.6,5,998.28,5510520,428145.0,371852.0,986.2,1007.0,981.3,986.2,120626250,1084.8,887.6,1102.5,649.1,1006.4,668,3,1006.2,192,2,1006.1,554,5,1006.0,1153,18,1005.9,3383,17,1006.6,54,2,1006.7,490,2,1006.8,529,10,1006.9,1328,13,1007.0,8451,54
317,2025-11-26 11:55:44+05:30,1006.6,10,998.28,5510520,428145.0,371852.0,986.2,1007.0,981.3,986.2,120626250,1084.8,887.6,1102.5,649.1,1006.4,651,3,1006.2,209,2,1006.1,603,6,1006.0,1153,18,1005.9,4133,18,1006.6,47,3,1006.7,490,2,1006.8,419,7,1006.9,1218,11,1007.0,8749,55
317,2025-11-26 11:55:44+05:30,1006.6,10,998.28,5510530,427983.0,371500.0,986.2,1007.0,981.3,986.2,120626250,1084.8,887.6,1102.5,649.1,1006.4,651,3,1006.2,209,2,1006.1,603,6,1006.0,1153,18,1005.9,4133,18,1006.6,47,3,1006.7,490,2,1006.8,419,7,1006.9,1218,11,1007.0,8749,55
317,2025-11-26 11:55:45+05:30,1006.5,50,998.28,5510530,427983.0,371500.0,986.2,1007.0,981.3,986.2,120626250,1084.8,887.6,1102.5,649.1,1006.4,582,2,1006.2,5,1,1006.1,603,6,1006.0,1106,15,1005.9,4120,17,1006.5,181,1,1006.6,50,5,1006.7,927,6,1006.8,602,10,1006.9,1537,13
317,2025-11-26 11:55:45+05:30,1006.5,50,998.28,5510583,427678.0,372421.0,986.2,1007.0,981.3,986.2,120626250,1084.8,887.6,1102.5,649.1,1006.4,582,2,1006.2,5,1,1006.1,603,6,1006.0,1106,15,1005.9,4120,17,1006.5,181,1,1006.6,50,5,1006.7,927,6,1006.8,602,10,1006.9,1537,13
317,2025-11-26 11:55:46+05:30,1006.5,50,998.28,5510583,427678.0,372421.0,986.2,1007.0,981.3,986.2,120626250,1084.8,887.6,1102.5,649.1,1006.4,582,2,1006.3,39,1,1006.2,44,2,1006.1,603,6,1006.0,1035,15,1006.5,133,3,1006.6,50,5,1006.7,927,6,1006.8,602,10,1006.9,982,12
317,2025-11-26 11:55:46+05:30,1006.5,50,998.28,5510633,428434.0,372378.0,986.2,1007.0,981.3,986.2,120626250,1084.8,887.6,1102.5,649.1,1006.4,582,2,1006.3,39,1,1006.2,44,2,1006.1,603,6,1006.0,1035,15,1006.5,133,3,1006.6,50,5,1006.7,927,6,1006.8,602,10,1006.9,982,12
317,2025-11-26 11:55:47+05:30,1006.5,50,998.28,5510633,428410.0,372452.0,986.2,1007.0,981.3,986.2,120626250,1084.8,887.6,1102.5,649.1,1006.4,582,2,1006.3,39,1,1006.2,44,2,1006.1,603,6,1006.0,1035,15,1006.5,134,4,1006.6,91,6,1006.7,927,6,1006.8,602,10,1006.9,1545,13
317,2025-11-26 11:55:48+05:30,1006.5,50,998.28,5510633,430926.0,372726.0,986.2,1007.0,981.3,986.2,120626250,1084.8,887.6,1102.5,649.1,1006.4,582,2,1006.3,39,1,1006.2,44,2,1006.1,632,7,1006.0,2482,21,1006.5,134,4,1006.6,91,6,1006.7,807,4,1006.8,625,11,1006.9,1182,12
317,2025-11-26 11:55:49+05:30,1006.4,5,998.28,5510633,430926.0,372726.0,986.2,1007.0,981.3,986.2,120626250,1084.8,887.6,1102.5,649.1,1006.4,582,2,1006.3,39,1,1006.2,44,2,1006.1,632,7,1006.0,2482,21,1006.5,134,4,1006.6,91,6,1006.7,807,4,1006.8,625,11,1006.9,1182,12
317,2025-11-26 11:55:49+05:30,1006.4,5,998.28,5510639,430915.0,372727.0,986.2,1007.0,981.3,986.2,120626250,1084.8,887.6,1102.5,649.1,1006.4,576,2,1006.3,39,1,1006.2,44,2,1006.1,603,6,1006.0,2482,21,1006.5,134,4,1006.6,91,6,1006.7,807,4,1006.8,602,10,1006.9,1182,12
317,2025-11-26 11:55:50+05:30,1006.4,164,998.28,5510639,430915.0,372727.0,986.2,1007.0,981.3,986.2,120626250,1084.8,887.6,1102.5,649.1,1006.4,576,2,1006.3,39,1,1006.2,44,2,1006.1,603,6,1006.0,2482,21,1006.5,134,4,1006.6,91,6,1006.7,807,4,1006.8,602,10,1006.9,1182,12
317,2025-11-26 11:55:50+05:30,1006.4,164,998.28,5511362,431580.0,371802.0,986.2,1007.0,981.3,986.2,120626250,1084.8,887.6,1102.5,649.1,1006.2,5,1,1006.1,563,5,1006.0,2218,18,1005.9,4421,16,1005.8,1289,10,1006.4,158,1,1006.5,135,5,1006.6,91,6,1006.7,856,5,1006.8,713,11
317,2025-11-26 11:55:51+05:30,1006.4,90,998.28,5511362,431580.0,371802.0,986.2,1007.0,981.3,986.2,120626250,1084.8,887.6,1102.5,649.1,1006.2,5,1,1006.1,563,5,1006.0,2218,18,1005.9,4421,16,1005.8,1289,10,1006.4,158,1,1006.5,135,5,1006.6,91,6,1006.7,856,5,1006.8,713,11
317,2025-11-26 11:55:51+05:30,1006.4,90,998.28,5511618,432472.0,371849.0,986.2,1007.0,981.3,986.2,120626250,1084.8,887.6,1102.5,649.1,1006.2,5,1,1006.1,603,6,1006.0,2240,19,1005.9,4490,18,1005.8,2039,11,1006.4,76,2,1006.5,235,6,1006.6,91,6,1006.7,807,4,1006.8,713,11
317,2025-11-26 11:55:52+05:30,1006.4,10,998.28,5511628,432512.0,371869.0,986.2,1007.0,981.3,986.2,120626250,1084.8,887.6,1102.5,649.1,1006.2,5,1,1006.1,563,5,1006.0,2240,19,1005.9,4490,18,1005.8,2079,12,1006.4,69,3,1006.5,235,6,1006.6,111,7,1006.7,807,4,1006.8,720,12
317,2025-11-26 11:55:52+05:30,1006.4,10,998.28,5511628,432512.0,371869.0,986.2,1007.0,981.3,986.2,120626250,1084.8,887.6,1102.5,649.1,1006.2,5,1,1006.1,563,5,1006.0,2240,19,1005.9,4490,18,1005.8,2079,12,1006.4,69,3,1006.5,235,6,1006.6,111,7,1006.7,807,4,1006.8,720,12
317,2025-11-26 11:55:53+05:30,1006.2,5,998.28,5511689,433146.0,372643.0,986.2,1007.0,981.3,986.2,120626250,1084.8,887.6,1102.5,649.1,1006.1,587,4,1006.0,2155,14,1005.9,5278,22,1005.8,2111,14,1005.7,697,10,1006.2,51,1,1006.4,70,4,1006.5,235,6,1006.6,334,9,1006.7,1006,8
317,2025-11-26 11:55:53+05:30,1006.2,5,998.28,5511689,433146.0,372643.0,986.2,1007.0,981.3,986.2,120626250,1084.8,887.6,1102.5,649.1,1006.1,587,4,1006.0,2155,14,1005.9,5278,22,1005.8,2111,14,1005.7,697,10,1006.2,51,1,1006.4,70,4,1006.5,235,6,1006.6,334,9,1006.7,1006,8
317,2025-11-26 11:55:54+05:30,1006.2,68,998.28,5511689,433146.0,372643.0,986.2,1007.0,981.3,986.2,120626250,1084.8,887.6,1102.5,649.1,1006.1,587,4,1006.0,2155,14,1005.9,5278,22,1005.8,2111,14,1005.7,697,10,1006.2,51,1,1006.4,70,4,1006.5,235,6,1006.6,334,9,1006.7,1006,8
317,2025-11-26 11:55:54+05:30,1006.2,68,998.28,5512208,433642.0,372621.0,986.2,1007.0,981.3,986.2,120626250,1084.8,887.6,1102.5,649.1,1006.3,255,1,1006.1,801,7,1006.0,2317,15,1005.9,4554,23,1005.8,2083,13,1006.4,70,4,1006.5,235,6,1006.6,73,5,1006.7,809,5,1006.8,674,10
317,2025-11-26 11:55:55+05:30,1006.3,1,998.28,5512208,433642.0,372621.0,986.2,1007.0,981.3,986.2,120626250,1084.8,887.6,1102.5,649.1,1006.3,255,1,1006.1,801,7,1006.0,2317,15,1005.9,4554,23,1005.8,2083,13,1006.4,70,4,1006.5,235,6,1006.6,73,5,1006.7,809,5,1006.8,674,10
317,2025-11-26 11:55:55+05:30,1006.3,1,998.28,5512715,434156.0,372069.0,986.2,1007.0,981.3,986.2,120626250,1084.8,887.6,1102.5,649.1,1006.2,43,1,1006.1,885,6,1006.0,2289,14,1005.9,5304,24,1005.8,2078,13,1006.3,123,2,1006.4,17,3,1006.5,234,5,1006.6,72,4,1006.7,865,7
317,2025-11-26 11:55:56+05:30,1006.2,5,998.28,5512720,434186.0,372186.0,986.2,1007.0,981.3,986.2,120626250,1084.8,887.6,1102.5,649.1,1006.2,38,1,1006.1,385,5,1006.0,2289,14,1005.9,5332,25,1005.8,2578,14,1006.3,129,3,1006.4,51,4,1006.5,233,4,1006.6,31,3,1006.7,904,8
317,2025-11-26 11:55:57+05:30,1006.3,1,998.28,5512720,434186.0,372186.0,986.2,1007.0,981.3,986.2,120626250,1084.8,887.6,1102.5,649.1,1006.2,38,1,1006.1,385,5,1006.0,2289,14,1005.9,5332,25,1005.8,2578,14,1006.3,129,3,1006.4,51,4,1006.5,233,4,1006.6,31,3,1006.7,904,8
317,2025-11-26 11:55:57+05:30,1006.3,1,998.28,5512721,431139.0,373739.0,986.2,1007.0,981.3,986.2,120626250,1084.8,887.6,1102.5,649.1,1006.2,38,1,1006.1,191,3,1006.0,833,10,1005.9,1877,13,1005.8,3530,15,1006.3,129,4,1006.4,101,5,1006.5,233,4,1006.6,403,5,1006.7,904,8
317,2025-11-26 11:55:58+05:30,1006.3,1,998.28,5512721,431152.0,373750.0,986.2,1007.0,981.3,986.2,120626250,1084.8,887.6,1102.5,649.1,1006.2,51,2,1006.1,191,3,1006.0,833,10,1005.9,1877,13,1005.8,3530,15,1006.3,129,4,1006.4,101,5,1006.5,233,4,1006.6,403,5,1006.7,419,7
317,2025-11-26 11:55:59+05:30,1006.3,1,998.28,5512721,430952.0,373779.0,986.2,1007.0,981.3,986.2,120626250,1084.8,887.6,1102.5,649.1,1006.2,51,2,1006.1,191,3,1006.0,833,10,1005.9,1877,13,1005.8,3530,15,1006.3,129,4,1006.4,101,5,1006.5,233,4,1006.6,403,5,1006.7,419,7
317,2025-11-26 11:55:59+05:30,1006.2,19,998.28,5512721,430952.0,373779.0,986.2,1007.0,981.3,986.2,120626250,1084.8,887.6,1102.5,649.1,1006.2,51,2,1006.1,191,3,1006.0,833,10,1005.9,1877,13,1005.8,3530,15,1006.3,129,4,1006.4,101,5,1006.5,233,4,1006.6,403,5,1006.7,419,7
317,2025-11-26 11:56:00+05:30,1006.2,10,998.28,5512750,431049.0,373753.0,986.2,1007.0,981.3,986.2,120626250,1084.8,887.6,1102.5,649.1,1006.2,22,2,1006.1,191,3,1006.0,833,10,1005.9,1877,13,1005.8,3530,15,1006.3,130,5,1006.4,101,5,1006.5,235,4,1006.6,452,6,1006.7,419,7
317,2025-11-26 11:56:00+05:30,1006.2,13,998.28,5512750,431049.0,373753.0,986.2,1007.0,981.3,986.2,120626250,1084.8,887.6,1102.5,649.1,1006.2,22,2,1006.1,191,3,1006.0,833,10,1005.9,1877,13,1005.8,3530,15,1006.3,130,5,1006.4,101,5,1006.5,235,4,1006.6,452,6,1006.7,419,7
317,2025-11-26 11:56:01+05:30,1006.2,60,998.28,5512750,431049.0,373753.0,986.2,1007.0,981.3,986.2,120626250,1084.8,887.6,1102.5,649.1,1006.2,22,2,1006.1,191,3,1006.0,833,10,1005.9,1877,13,1005.8,3530,15,1006.3,130,5,1006.4,101,5,1006.5,235,4,1006.6,452,6,1006.7,419,7
317,2025-11-26 11:56:01+05:30,1006.2,60,998.28,5512862,430769.0,373000.0,986.2,1007.0,981.3,986.2,120626250,1084.8,887.6,1102.5,649.1,1006.0,481,5,1005.9,1683,9,1005.8,1524,14,1005.7,2920,16,1005.6,2438,17,1006.2,113,3,1006.3,10,5,1006.4,98,5,1006.5,474,6,1006.6,383,7
317,2025-11-26 11:56:02+05:30,1006.2,25,998.28,5512906,432949.0,372547.0,986.2,1007.0,981.3,986.2,120626250,1084.8,887.6,1102.5,649.1,1006.0,836,9,1005.9,1683,9,1005.8,3529,16,1005.7,2451,17,1005.6,2353,19,1006.2,90,4,1006.3,10,5,1006.4,95,4,1006.5,474,6,1006.6,383,7
317,2025-11-26 11:56:02+05:30,1006.2,25,998.28,5512906,432949.0,372547.0,986.2,1007.0,981.3,986.2,120626250,1084.8,887.6,1102.5,649.1,1006.0,836,9,1005.9,1683,9,1005.8,3529,16,1005.7,2451,17,1005.6,2353,19,1006.2,90,4,1006.3,10,5,1006.4,95,4,1006.5,474,6,1006.6,383,7
317,2025-11-26 11:56:03+05:30,1006.2,4,998.28,5512906,432949.0,372547.0,986.2,1007.0,981.3,986.2,120626250,1084.8,887.6,1102.5,649.1,1006.0,836,9,1005.9,1683,9,1005.8,3529,16,1005.7,2451,17,1005.6,2353,19,1006.2,90,4,1006.3,10,5,1006.4,95,4,1006.5,474,6,1006.6,383,7
317,2025-11-26 11:56:03+05:30,1006.2,4,998.29,5513038,431101.0,372829.0,986.2,1007.0,981.3,986.2,120626250,1084.8,887.6,1102.5,649.1,1006.0,232,2,1005.9,1431,7,1005.8,1382,11,1005.7,2897,16,1005.6,3440,21,1006.2,83,5,1006.3,10,5,1006.4,167,5,1006.5,481,7,1006.6,383,7
317,2025-11-26 11:56:04+05:30,1006.2,4,998.29,5513038,430133.0,373039.0,986.2,1007.0,981.3,986.2,120626250,1084.8,887.6,1102.5,649.1,1006.1,21,1,1006.0,781,3,1005.9,1431,7,1005.8,1382,11,1005.7,2897,16,1006.2,85,6,1006.3,89,7,1006.4,133,4,1006.5,581,8,1006.6,383,7
317,2025-11-26 11:56:05+05:30,1006.1,38,998.29,5513038,430133.0,373039.0,986.2,1007.0,981.3,986.2,120626250,1084.8,887.6,1102.5,649.1,1006.1,21,1,1006.0,781,3,1005.9,1431,7,1005.8,1382,11,1005.7,2897,16,1006.2,85,6,1006.3,89,7,1006.4,133,4,1006.5,581,8,1006.6,383,7
317,2025-11-26 11:56:05+05:30,1006.1,38,998.29,5513123,431185.0,374298.0,986.2,1007.0,981.3,986.2,120626250,1084.8,887.6,1102.5,649.1,1006.0,416,3,1005.9,1350,6,1005.8,1007,8,1005.7,3163,17,1005.6,2645,19,1006.1,34,2,1006.2,13,4,1006.3,89,7,1006.4,127,3,1006.5,660,9
317,2025-11-26 11:56:06+05:30,1006.0,24,998.29,5513123,431185.0,374298.0,986.2,1007.0,981.3,986.2,120626250,1084.8,887.6,1102.5,649.1,1006.0,416,3,1005.9,1350,6,1005.8,1007,8,1005.7,3163,17,1005.6,2645,19,1006.1,34,2,1006.2,13,4,1006.3,89,7,1006.4,127,3,1006.5,660,9
317,2025-11-26 11:56:06+05:30,1006.0,24,998.29,5513179,431811.0,374603.0,986.2,1007.0,981.3,986.2,120626250,1084.8,887.6,1102.5,649.1,1006.0,230,3,1005.9,1350,6,1005.8,1007,8,1005.7,3193,18,1005.6,3427,21,1006.1,35,3,1006.2,13,4,1006.3,82,5,1006.4,329,4,1006.5,660,9
317,2025-11-26 11:56:07+05:30,1006.0,1,998.29,5513180,433854.0,375009.0,986.2,1007.0,981.3,986.2,120626250,1084.8,887.6,1102.5,649.1,1006.0,277,4,1005.9,1438,7,1005.8,2563,11,1005.7,1637,15,1005.6,3427,21,1006.1,36,4,1006.2,13,4,1006.3,81,4,1006.4,329,4,1006.5,660,9
317,2025-11-26 11:56:07+05:30,1006.0,1,998.29,5513180,433854.0,375009.0,986.2,1007.0,981.3,986.2,120626250,1084.8,887.6,1102.5,649.1,1006.0,277,4,1005.9,1438,7,1005.8,2563,11,1005.7,1637,15,1005.6,3427,21,1006.1,36,4,1006.2,13,4,1006.3,81,4,1006.4,329,4,1006.5,660,9
317,2025-11-26 11:56:08+05:30,1006.0,124,998.29,5513180,433854.0,375009.0,986.2,1007.0,981.3,986.2,120626250,1084.8,887.6,1102.5,649.1,1006.0,277,4,1005.9,1438,7,1005.8,2563,11,1005.7,1637,15,1005.6,3427,21,1006.1,36,4,1006.2,13,4,1006.3,81,4,1006.4,329,4,1006.5,660,9
317,2025-11-26 11:56:08+05:30,1006.0,124,998.29,5513470,433852.0,374205.0,986.2,1007.0,981.3,986.2,120626250,1084.8,887.6,1102.5,649.1,1006.0,105,3,1005.9,1320,5,1005.8,3076,12,1005.7,3137,17,1005.6,2208,20,1006.1,9,3,1006.2,13,4,1006.3,81,4,1006.4,302,5,1006.5,610,8
317,2025-11-26 11:56:09+05:30,1006.0,124,998.29,5513470,434284.0,374356.0,986.2,1007.0,981.3,986.2,120626250,1084.8,887.6,1102.5,649.1,1006.0,105,3,1005.9,1320,5,1005.8,4092,14,1005.7,2243,16,1005.6,2518,19,1006.1,12,4,1006.2,90,6,1006.3,2,2,1006.4,295,4,1006.5,610,8
317,2025-11-26 11:56:10+05:30,1006.0,3,998.29,5513470,434284.0,374356.0,986.2,1007.0,981.3,986.2,120626250,1084.8,887.6,1102.5,649.1,1006.0,105,3,1005.9,1320,5,1005.8,4092,14,1005.7,2243,16,1005.6,2518,19,1006.1,12,4,1006.2,90,6,1006.3,2,2,1006.4,295,4,1006.5,610,8
317,2025-11-26 11:56:10+05:30,1006.0,6,998.29,5513854,436336.0,373326.0,986.2,1007.0,981.3,986.2,120626250,1084.8,887.6,1102.5,649.1,1005.9,1397,7,1005.8,4073,15,1005.7,2200,14,1005.6,2497,19,1005.5,1056,12,1006.1,5,3,1006.2,90,6,1006.3,1,1,1006.4,50,1,1006.5,559,8
317,2025-11-26 11:56:11+05:30,1006.0,9,998.29,5513903,436154.0,374015.0,986.2,1007.0,981.3,986.2,120626250,1084.8,887.6,1102.5,649.1,1006.0,20,2,1005.9,1292,6,1005.8,4072,14,1005.7,2224,15,1005.6,2510,21,1006.1,9,4,1006.2,82,5,1006.3,1,1,1006.4,50,1,1006.5,559,8
317,2025-11-26 11:56:11+05:30,1006.0,9,998.29,5513903,436154.0,374015.0,986.2,1007.0,981.3,986.2,120626250,1084.8,887.6,1102.5,649.1,1006.0,20,2,1005.9,1292,6,1005.8,4072,14,1005.7,2224,15,1005.6,2510,21,1006.1,9,4,1006.2,82,5,1006.3,1,1,1006.4,50,1,1006.5,559,8
317,2025-11-26 11:56:12+05:30,1006.1,1,998.29,5513996,438375.0,372913.0,986.2,1007.0,981.3,986.2,120626250,1084.8,887.6,1102.5,649.1,1006.1,7,1,1006.0,812,7,1005.9,3534,11,1005.8,4282,14,1005.7,667,9,1006.2,80,4,1006.4,50,1,1006.5,403,5,1006.6,357,8,1006.7,692,8
317,2025-11-26 11:56:12+05:30,1006.1,4,998.29,5513996,438375.0,372913.0,986.2,1007.0,981.3,986.2,120626250,1084.8,887.6,1102.5,649.1,1006.1,7,1,1006.0,812,7,1005.9,3534,11,1005.8,4282,14,1005.7,667,9,1006.2,80,4,1006.4,50,1,1006.5,403,5,1006.6,357,8,1006.7,692,8
317,2025-11-26 11:56:13+05:30,1006.2,3,998.29,5513996,438375.0,372913.0,986.2,1007.0,981.3,986.2,120626250,1084.8,887.6,1102.5,649.1,1006.1,7,1,1006.0,812,7,1005.9,3534,11,1005.8,4282,14,1005.7,667,9,1006.2,80,4,1006.4,50,1,1006.5,403,5,1006.6,357,8,1006.7,692,8
317,2025-11-26 11:56:13+05:30,1006.2,3,998.29,5514375,437235.0,372774.0,986.2,1007.0,981.3,986.2,120626250,1084.8,887.6,1102.5,649.1,1006.2,13,1,1006.1,587,4,1006.0,686,13,1005.9,3050,11,1005.8,4096,14,1006.4,50,1,1006.5,235,4,1006.6,139,6,1006.7,457,5,1006.8,1370,13
317,2025-11-26 11:56:14+05:30,1006.0,33,998.29,5514610,439631.0,371671.0,986.2,1007.0,981.3,986.2,120626250,1084.8,887.6,1102.5,649.1,1006.1,1142,3,1006.0,2224,14,1005.9,4730,15,1005.8,1817,10,1005.7,635,10,1006.4,54,2,1006.5,235,4,1006.6,307,7,1006.7,495,7,1006.8,814,14
317,2025-11-26 11:56:14+05:30,1006.0,33,998.29,5514610,439631.0,371671.0,986.2,1007.0,981.3,986.2,120626250,1084.8,887.6,1102.5,649.1,1006.1,1142,3,1006.0,2224,14,1005.9,4730,15,1005.8,1817,10,1005.7,635,10,1006.4,54,2,1006.5,235,4,1006.6,307,7,1006.7,495,7,1006.8,814,14
317,2025-11-26 11:56:15+05:30,1006.4,3,998.29,5514610,439631.0,371671.0,986.2,1007.0,981.3,986.2,120626250,1084.8,887.6,1102.5,649.1,1006.1,1142,3,1006.0,2224,14,1005.9,4730,15,1005.8,1817,10,1005.7,635,10,1006.4,54,2,1006.5,235,4,1006.6,307,7,1006.7,495,7,1006.8,814,14
317,2025-11-26 11:56:15+05:30,1006.4,3,998.29,5514613,437109.0,372551.0,986.2,1007.0,981.3,986.2,120626250,1084.8,887.6,1102.5,649.1,1006.3,55,1,1006.2,112,1,1006.1,712,3,1006.0,1148,10,1005.9,2641,12,1006.4,54,3,1006.5,104,3,1006.6,341,9,1006.7,495,7,1006.8,1385,15
317,2025-11-26 11:56:16+05:30,1006.4,6,998.29,5514613,437109.0,372551.0,986.2,1007.0,981.3,986.2,120626250,1084.8,887.6,1102.5,649.1,1006.3,55,1,1006.2,112,1,1006.1,712,3,1006.0,1148,10,1005.9,2641,12,1006.4,54,3,1006.5,104,3,1006.6,341,9,1006.7,495,7,1006.8,1385,15
317,2025-11-26 11:56:16+05:30,1006.4,6,998.29,5514722,436573.0,372078.0,986.2,1007.0,981.3,986.2,120626250,1084.8,887.6,1102.5,649.1,1006.4,58,2,1006.3,13,1,1006.1,712,3,1006.0,2008,13,1005.9,2705,16,1006.5,104,3,1006.6,315,7,1006.7,550,10,1006.8,1174,12,1006.9,2154,18
317,2025-11-26 11:56:17+05:30,1006.4,12,998.29,5514737,436483.0,373255.0,986.2,1007.0,981.3,986.2,120626250,1084.8,887.6,1102.5,649.1,1006.4,43,1,1006.3,13,1,1006.1,712,3,1006.0,2039,14,1005.9,2705,16,1006.5,106,4,1006.6,344,8,1006.7,521,9,1006.8,1199,13,1006.9,2154,18
317,2025-11-26 11:56:17+05:30,1006.4,12,998.29,5514737,436483.0,373255.0,986.2,1007.0,981.3,986.2,120626250,1084.8,887.6,1102.5,649.1,1006.4,43,1,1006.3,13,1,1006.1,712,3,1006.0,2039,14,1005.9,2705,16,1006.5,106,4,1006.6,344,8,1006.7,521,9,1006.8,1199,13,1006.9,2154,18
317,2025-11-26 11:56:18+05:30,1006.4,12,998.29,5514737,436464.0,373399.0,986.2,1007.0,981.3,986.2,120626250,1084.8,887.6,1102.5,649.1,1006.4,13,1,1006.2,52,1,1006.1,712,3,1006.0,1939,12,1005.9,2773,18,1006.5,107,5,1006.6,361,8,1006.7,585,11,1006.8,1128,13,1006.9,2154,18
317,2025-11-26 11:56:19+05:30,1006.4,12,998.29,5514737,436359.0,373399.0,986.2,1007.0,981.3,986.2,120626250,1084.8,887.6,1102.5,649.1,1006.4,65,2,1006.1,712,3,1006.0,1939,12,1005.9,2773,18,1005.8,2714,14,1006.5,107,5,1006.6,361,8,1006.7,585,11,1006.8,1128,13,1006.9,2154,18
317,2025-11-26 11:56:20+05:30,1006.4,111,998.29,5514861,436208.0,373839.0,986.2,1007.0,981.3,986.2,120626250,1084.8,887.6,1102.5,649.1,1006.4,52,1,1006.1,1115,4,1006.0,1331,10,1005.9,2354,12,1005.8,2881,12,1006.5,136,6,1006.6,454,9,1006.7,475,9,1006.8,1727,16,1006.9,1856,17
317,2025-11-26 11:56:20+05:30,1006.4,97,998.29,5514861,436208.0,373839.0,986.2,1007.0,981.3,986.2,120626250,1084.8,887.6,1102.5,649.1,1006.4,52,1,1006.1,1115,4,1006.0,1331,10,1005.9,2354,12,1005.8,2881,12,1006.5,136,6,1006.6,454,9,1006.7,475,9,1006.8,1727,16,1006.9,1856,17
317,2025-11-26 11:56:21+05:30,1006.4,74,998.29,5514861,436208.0,373839.0,986.2,1007.0,981.3,986.2,120626250,1084.8,887.6,1102.5,649.1,1006.4,52,1,1006.1,1115,4,1006.0,1331,10,1005.9,2354,12,1005.8,2881,12,1006.5,136,6,1006.6,454,9,1006.7,475,9,1006.8,1727,16,1006.9,1856,17
317,2025-11-26 11:56:21+05:30,1006.4,74,998.29,5515115,435300.0,373867.0,986.2,1007.0,981.3,986.2,120626250,1084.8,887.6,1102.5,649.1,1006.4,16,1,1006.2,49,1,1006.1,728,5,1006.0,1759,9,1005.9,2384,12,1006.5,109,6,1006.6,497,8,1006.7,421,9,1006.8,751,13,1006.9,2177,19
317,2025-11-26 11:56:22+05:30,1006.4,74,998.29,5515115,436247.0,373803.0,986.2,1007.0,981.3,986.2,120626250,1084.8,887.6,1102.5,649.1,1006.4,71,2,1006.2,1049,2,1006.1,673,4,1006.0,1759,9,1005.9,2650,13,1006.5,112,7,1006.6,408,7,1006.7,412,9,1006.8,1354,15,1006.9,2151,18
317,2025-11-26 11:56:23+05:30,1006.5,4,998.29,5515123,436195.0,373804.0,986.2,1007.0,981.3,986.2,120626250,1084.8,887.6,1102.5,649.1,1006.4,71,2,1006.2,1049,2,1006.1,673,4,1006.0,1759,9,1005.9,2650,13,1006.5,104,6,1006.6,408,7,1006.7,411,8,1006.8,1364,17,1006.9,2151,18
317,2025-11-26 11:56:23+05:30,1006.5,4,998.29,5515123,436195.0,373804.0,986.2,1007.0,981.3,986.2,120626250,1084.8,887.6,1102.5,649.1,1006.4,71,2,1006.2,1049,2,1006.1,673,4,1006.0,1759,9,1005.9,2650,13,1006.5,104,6,1006.6,408,7,1006.7,411,8,1006.8,1364,17,1006.9,2151,18
317,2025-11-26 11:56:24+05:30,1006.5,1,998.29,5515123,436195.0,373804.0,986.2,1007.0,981.3,986.2,120626250,1084.8,887.6,1102.5,649.1,1006.4,71,2,1006.2,1049,2,1006.1,673,4,1006.0,1759,9,1005.9,2650,13,1006.5,104,6,1006.6,408,7,1006.7,411,8,1006.8,1364,17,1006.9,2151,18
317,2025-11-26 11:56:24+05:30,1006.5,1,998.29,5515124,436169.0,373709.0,986.2,1007.0,981.3,986.2,120626250,1084.8,887.6,1102.5,649.1,1006.4,71,2,1006.2,1083,3,1006.1,672,3,1006.0,1805,10,1005.9,2650,13,1006.5,104,7,1006.6,408,7,1006.7,385,7,1006.8,780,16,1006.9,2151,18
317,2025-11-26 11:56:25+05:30,1006.4,50,998.29,5515124,436169.0,373709.0,986.2,1007.0,981.3,986.2,120626250,1084.8,887.6,1102.5,649.1,1006.4,71,2,1006.2,1083,3,1006.1,672,3,1006.0,1805,10,1005.9,2650,13,1006.5,104,7,1006.6,408,7,1006.7,385,7,1006.8,780,16,1006.9,2151,18
317,2025-11-26 11:56:25+05:30,1006.4,50,998.29,5515283,436020.0,374611.0,986.2,1007.0,981.3,986.2,120626250,1084.8,887.6,1102.5,649.1,1006.4,21,2,1006.2,1000,1,1006.1,148,2,1006.0,1810,11,1005.9,2410,14,1006.5,110,8,1006.6,629,13,1006.7,481,7,1006.8,1788,19,1006.9,2055,18
317,2025-11-26 11:56:26+05:30,1006.5,50,998.29,5515283,436020.0,374611.0,986.2,1007.0,981.3,986.2,120626250,1084.8,887.6,1102.5,649.1,1006.4,21,2,1006.2,1000,1,1006.1,148,2,1006.0,1810,11,1005.9,2410,14,1006.5,110,8,1006.6,629,13,1006.7,481,7,1006.8,1788,19,1006.9,2055,18
317,2025-11-26 11:56:26+05:30,1006.5,50,998.29,5515333,435668.0,374333.0,986.2,1007.0,981.3,986.2,120626250,1084.8,887.6,1102.5,649.1,1006.3,28,1,1006.2,1000,1,1006.1,614,3,1006.0,1838,15,1005.9,2676,15,1006.5,36,8,1006.6,620,13,1006.7,532,7,1006.8,1261,16,1006.9,2151,18
317,2025-11-26 11:56:27+05:30,1006.3,1,998.29,5515333,435668.0,374333.0,986.2,1007.0,981.3,986.2,120626250,1084.8,887.6,1102.5,649.1,1006.3,28,1,1006.2,1000,1,1006.1,614,3,1006.0,1838,15,1005.9,2676,15,1006.5,36,8,1006.6,620,13,1006.7,532,7,1006.8,1261,16,1006.9,2151,18
317,2025-11-26 11:56:27+05:30,1006.3,1,998.29,5515345,435777.0,374543.0,986.2,1007.0,981.3,986.2,120626250,1084.8,887.6,1102.5,649.1,1006.3,16,1,1006.2,1000,1,1006.1,659,3,1006.0,1838,15,1005.9,2676,15,1006.5,34,7,1006.6,531,12,1006.7,532,7,1006.8,1261,16,1006.9,2151,18
317,2025-11-26 11:56:28+05:30,1006.5,3,998.29,5515345,435777.0,374543.0,986.2,1007.0,981.3,986.2,120626250,1084.8,887.6,1102.5,649.1,1006.3,16,1,1006.2,1000,1,1006.1,659,3,1006.0,1838,15,1005.9,2676,15,1006.5,34,7,1006.6,531,12,1006.7,532,7,1006.8,1261,16,1006.9,2151,18
317,2025-11-26 11:56:28+05:30,1006.5,3,998.29,5515348,436523.0,374725.0,986.2,1007.0,981.3,986.2,120626250,1084.8,887.6,1102.5,649.1,1006.3,16,1,1006.2,1000,1,1006.1,624,2,1006.0,1838,15,1005.9,2676,15,1006.4,50,1,1006.5,58,9,1006.6,505,11,1006.7,590,9,1006.8,1369,17
317,2025-11-26 11:56:29+05:30,1006.3,1,998.29,5515348,436523.0,374725.0,986.2,1007.0,981.3,986.2,120626250,1084.8,887.6,1102.5,649.1,1006.3,16,1,1006.2,1000,1,1006.1,624,2,1006.0,1838,15,1005.9,2676,15,1006.4,50,1,1006.5,58,9,1006.6,505,11,1006.7,590,9,1006.8,1369,17
317,2025-11-26 11:56:29+05:30,1006.3,1,998.29,5515349,437509.0,375049.0,986.2,1007.0,981.3,986.2,120626250,1084.8,887.6,1102.5,649.1,1006.3,15,1,1006.2,1000,1,1006.1,624,2,1006.0,1743,10,1005.9,3519,21,1006.4,50,1,1006.5,532,9,1006.6,536,13,1006.7,566,9,1006.8,1438,15
317,2025-11-26 11:56:30+05:30,1006.3,1,998.29,5515349,437542.0,375359.0,986.2,1007.0,981.3,986.2,120626250,1084.8,887.6,1102.5,649.1,1006.3,15,1,1006.2,1000,1,1006.1,657,3,1006.0,1743,10,1005.9,3519,21,1006.4,50,1,1006.5,538,11,1006.6,536,13,1006.7,566,9,1006.8,859,14
317,2025-11-26 11:56:30+05:30,1006.3,102,998.29,5515349,437542.0,375359.0,986.2,1007.0,981.3,986.2,120626250,1084.8,887.6,1102.5,649.1,1006.3,15,1,1006.2,1000,1,1006.1,657,3,1006.0,1743,10,1005.9,3519,21,1006.4,50,1,1006.5,538,11,1006.6,536,13,1006.7,566,9,1006.8,859,14
317,2025-11-26 11:56:31+05:30,1006.2,8,998.29,5515349,437542.0,375359.0,986.2,1007.0,981.3,986.2,120626250,1084.8,887.6,1102.5,649.1,1006.3,15,1,1006.2,1000,1,1006.1,657,3,1006.0,1743,10,1005.9,3519,21,1006.4,50,1,1006.5,538,11,1006.6,536,13,1006.7,566,9,1006.8,859,14
317,2025-11-26 11:56:31+05:30,1006.2,8,998.29,5515512,437770.0,375348.0,986.2,1007.0,981.3,986.2,120626250,1084.8,887.6,1102.5,649.1,1006.3,65,2,1006.2,1022,2,1006.1,796,4,1006.0,1874,12,1005.9,3519,21,1006.4,30,1,1006.5,1536,11,1006.6,484,11,1006.7,591,10,1006.8,907,16
317,2025-11-26 11:56:32+05:30,1006.5,376,998.29,5515512,437770.0,375348.0,986.2,1007.0,981.3,986.2,120626250,1084.8,887.6,1102.5,649.1,1006.3,65,2,1006.2,1022,2,1006.1,796,4,1006.0,1874,12,1005.9,3519,21,1006.4,30,1,1006.5,1536,11,1006.6,484,11,1006.7,591,10,1006.8,907,16
317,2025-11-26 11:56:32+05:30,1006.5,376,998.29,5515987,437441.0,374450.0,986.2,1007.0,981.3,986.2,120626250,1084.8,887.6,1102.5,649.1,1006.4,58,2,1006.3,30,1,1006.2,1022,2,1006.1,766,3,1006.0,2081,13,1006.5,1136,7,1006.6,549,13,1006.7,579,10,1006.8,780,14,1006.9,1582,17
317,2025-11-26 11:56:33+05:30,1006.5,5,998.29,5516187,436221.0,375081.0,986.2,1007.0,981.3,986.2,120626250,1084.8,887.6,1102.5,649.1,1006.3,31,2,1006.2,976,1,1006.1,641,3,1006.0,1995,12,1005.9,2618,17,1006.5,1297,8,1006.6,627,14,1006.7,595,12,1006.8,820,14,1006.9,1524,17
317,2025-11-26 11:56:33+05:30,1006.5,5,998.29,5516187,436221.0,375081.0,986.2,1007.0,981.3,986.2,120626250,1084.8,887.6,1102.5,649.1,1006.3,31,2,1006.2,976,1,1006.1,641,3,1006.0,1995,12,1005.9,2618,17,1006.5,1297,8,1006.6,627,14,1006.7,595,12,1006.8,820,14,1006.9,1524,17
317,2025-11-26 11:56:34+05:30,1006.2,87,998.29,5516187,436221.0,375081.0,986.2,1007.0,981.3,986.2,120626250,1084.8,887.6,1102.5,649.1,1006.3,31,2,1006.2,976,1,1006.1,641,3,1006.0,1995,12,1005.9,2618,17,1006.5,1297,8,1006.6,627,14,1006.7,595,12,1006.8,820,14,1006.9,1524,17
317,2025-11-26 11:56:34+05:30,1006.2,87,998.29,5516499,436304.0,374280.0,986.2,1007.0,981.3,986.2,120626250,1084.8,887.6,1102.5,649.1,1006.2,834,1,1006.1,642,4,1006.0,1995,12,1005.9,2706,18,1005.8,3363,14,1006.5,1005,5,1006.6,478,12,1006.7,504,11,1006.8,722,13,1006.9,1563,15
317,2025-11-26 11:56:35+05:30,1006.5,1,998.29,5516499,436304.0,374280.0,986.2,1007.0,981.3,986.2,120626250,1084.8,887.6,1102.5,649.1,1006.2,834,1,1006.1,642,4,1006.0,1995,12,1005.9,2706,18,1005.8,3363,14,1006.5,1005,5,1006.6,478,12,1006.7,504,11,1006.8,722,13,1006.9,1563,15
317,2025-11-26 11:56:35+05:30,1006.3,14,998.29,5516514,436244.0,374097.0,986.2,1007.0,981.3,986.2,120626250,1084.8,887.6,1102.5,649.1,1006.3,98,1,1006.2,834,1,1006.1,642,4,1006.0,1962,11,1005.9,2476,18,1006.5,1006,5,1006.6,366,10,1006.7,528,11,1006.8,724,15,1006.9,1607,15
317,2025-11-26 11:56:36+05:30,1006.3,14,998.29,5516514,436244.0,374097.0,986.2,1007.0,981.3,986.2,120626250,1084.8,887.6,1102.5,649.1,1006.3,98,1,1006.2,834,1,1006.1,642,4,1006.0,1962,11,1005.9,2476,18,1006.5,1006,5,1006.6,366,10,1006.7,528,11,1006.8,724,15,1006.9,1607,15
317,2025-11-26 11:56:36+05:30,1006.3,4,998.29,5516518,438326.0,374370.0,986.2,1007.0,981.3,986.2,120626250,1084.8,887.6,1102.5,649.1,1006.3,94,1,1006.2,834,1,1006.1,717,6,1006.0,1962,11,1005.9,3492,20,1006.4,232,1,1006.5,1056,6,1006.6,225,6,1006.7,526,10,1006.8,774,18
317,2025-11-26 11:56:37+05:30,1006.3,4,998.29,5516518,438326.0,374370.0,986.2,1007.0,981.3,986.2,120626250,1084.8,887.6,1102.5,649.1,1006.3,94,1,1006.2,834,1,1006.1,717,6,1006.0,1962,11,1005.9,3492,20,1006.4,232,1,1006.5,1056,6,1006.6,225,6,1006.7,526,10,1006.8,774,18
317,2025-11-26 11:56:37+05:30,1006.3,4,998.29,5516518,438296.0,376131.0,986.2,1007.0,981.3,986.2,120626250,1084.8,887.6,1102.5,649.1,1006.3,94,1,1006.2,834,1,1006.1,674,5,1006.0,1918,10,1005.9,3226,19,1006.4,232,1,1006.5,2686,7,1006.6,268,7,1006.7,526,10,1006.8,917,20
317,2025-11-26 11:56:38+05:30,1006.3,1,998.29,5516518,438296.0,376131.0,986.2,1007.0,981.3,986.2,120626250,1084.8,887.6,1102.5,649.1,1006.3,94,1,1006.2,834,1,1006.1,674,5,1006.0,1918,10,1005.9,3226,19,1006.4,232,1,1006.5,2686,7,1006.6,268,7,1006.7,526,10,1006.8,917,20
317,2025-11-26 11:56:38+05:30,1006.3,1,998.29,5516519,438273.0,376134.0,986.2,1007.0,981.3,986.2,120626250,1084.8,887.6,1102.5,649.1,1006.3,93,1,1006.2,834,1,1006.1,642,4,1006.0,1918,10,1005.9,3226,19,1006.4,232,1,1006.5,2686,7,1006.6,268,7,1006.7,526,10,1006.8,1215,21
317,2025-11-26 11:56:39+05:30,1006.3,10,998.29,5516529,438263.0,376205.0,986.2,1007.0,981.3,986.2,120626250,1084.8,887.6,1102.5,649.1,1006.3,83,1,1006.2,834,1,1006.1,642,4,1006.0,1918,10,1005.9,3226,19,1006.4,232,1,1006.5,2686,7,1006.6,268,7,1006.7,526,10,1006.8,1215,21
317,2025-11-26 11:56:39+05:30,1006.3,10,998.29,5516529,438263.0,376205.0,986.2,1007.0,981.3,986.2,120626250,1084.8,887.6,1102.5,649.1,1006.3,83,1,1006.2,834,1,1006.1,642,4,1006.0,1918,10,1005.9,3226,19,1006.4,232,1,1006.5,2686,7,1006.6,268,7,1006.7,526,10,1006.8,1215,21
317,2025-11-26 11:56:40+05:30,1006.3,79,998.29,5516613,438827.0,374754.0,986.2,1007.0,981.3,986.2,120626250,1084.8,887.6,1102.5,649.1,1006.2,1018,2,1006.1,2831,9,1006.0,2797,14,1005.9,3305,18,1005.8,1270,11,1006.3,24,1,1006.4,232,2,1006.5,2686,7,1006.6,300,8,1006.7,477,8
317,2025-11-26 11:56:40+05:30,1006.3,79,998.29,5516613,438827.0,374754.0,986.2,1007.0,981.3,986.2,120626250,1084.8,887.6,1102.5,649.1,1006.2,1018,2,1006.1,2831,9,1006.0,2797,14,1005.9,3305,18,1005.8,1270,11,1006.3,24,1,1006.4,232,2,1006.5,2686,7,1006.6,300,8,1006.7,477,8
317,2025-11-26 11:56:41+05:30,1006.3,79,998.29,5516613,440721.0,374634.0,986.2,1007.0,981.3,986.2,120626250,1084.8,887.6,1102.5,649.1,1006.2,3167,7,1006.1,1912,11,1006.0,2655,14,1005.9,2673,17,1005.8,2026,13,1006.3,25,2,1006.4,232,2,1006.5,2686,7,1006.6,225,6,1006.7,482,9
317,2025-11-26 11:56:42+05:30,1006.3,79,998.29,5516613,438608.0,375071.0,986.2,1007.0,981.3,986.2,120626250,1084.8,887.6,1102.5,649.1,1006.2,943,3,1006.1,1676,9,1006.0,3643,20,1005.9,3195,14,1005.8,1255,10,1006.3,25,2,1006.4,232,2,1006.5,2686,7,1006.6,225,6,1006.7,482,9
317,2025-11-26 11:56:43+05:30,1006.3,5,998.29,5516674,438171.0,375005.0,986.2,1007.0,981.3,986.2,120626250,1084.8,887.6,1102.5,649.1,1006.2,896,3,1006.1,1676,9,1006.0,3656,21,1005.9,3210,15,1005.8,1255,10,1006.3,11,2,1006.4,232,2,1006.5,2681,6,1006.6,225,6,1006.7,477,8
317,2025-11-26 11:56:43+05:30,1006.2,20,998.29,5516674,438171.0,375005.0,986.2,1007.0,981.3,986.2,120626250,1084.8,887.6,1102.5,649.1,1006.2,896,3,1006.1,1676,9,1006.0,3656,21,1005.9,3210,15,1005.8,1255,10,1006.3,11,2,1006.4,232,2,1006.5,2681,6,1006.6,225,6,1006.7,477,8
317,2025-11-26 11:56:44+05:30,1006.2,20,998.29,5516694,438118.0,375062.0,986.2,1007.0,981.3,986.2,120626250,1084.8,887.6,1102.5,649.1,1006.2,876,3,1006.1,1676,9,1006.0,3623,20,1005.9,3210,15,1005.8,1255,10,1006.3,12,3,1006.4,335,4,1006.5,2629,4,1006.6,225,6,1006.7,477,8
317,2025-11-26 11:56:45+05:30,1006.2,142,998.29,5517161,437407.0,377083.0,986.2,1007.0,981.3,986.2,120626250,1084.8,887.6,1102.5,649.1,1006.2,411,3,1006.1,1435,6,1006.0,3422,18,1005.9,2912,13,1005.8,1521,11,1006.3,3,3,1006.4,335,4,1006.5,2625,3,1006.6,266,7,1006.7,503,10
317,2025-11-26 11:56:45+05:30,1006.2,142,998.29,5517161,437407.0,377083.0,986.2,1007.0,981.3,986.2,120626250,1084.8,887.6,1102.5,649.1,1006.2,411,3,1006.1,1435,6,1006.0,3422,18,1005.9,2912,13,1005.8,1521,11,1006.3,3,3,1006.4,335,4,1006.5,2625,3,1006.6,266,7,1006.7,503,10
317,2025-11-26 11:56:46+05:30,1006.2,2,998.29,5517163,437116.0,377648.0,986.2,1007.0,981.3,986.2,120626250,1084.8,887.6,1102.5,649.1,1006.2,409,3,1006.1,1435,6,1006.0,3621,20,1005.9,2185,13,1005.8,2271,12,1006.3,8,4,1006.4,335,4,1006.5,2624,2,1006.6,266,7,1006.7,513,11
317,2025-11-26 11:56:46+05:30,1006.2,2,998.29,5517163,437116.0,377648.0,986.2,1007.0,981.3,986.2,120626250,1084.8,887.6,1102.5,649.1,1006.2,409,3,1006.1,1435,6,1006.0,3621,20,1005.9,2185,13,1005.8,2271,12,1006.3,8,4,1006.4,335,4,1006.5,2624,2,1006.6,266,7,1006.7,513,11
317,2025-11-26 11:56:47+05:30,1006.2,2,998.29,5517167,437092.0,377716.0,986.2,1007.0,981.3,986.2,120626250,1084.8,887.6,1102.5,649.1,1006.2,408,4,1006.1,1435,6,1006.0,3621,20,1005.9,2162,12,1005.8,2271,12,1006.3,59,5,1006.4,287,3,1006.5,2706,3,1006.6,184,6,1006.7,513,11
317,2025-11-26 11:56:47+05:30,1006.2,2,998.29,5517167,437092.0,377716.0,986.2,1007.0,981.3,986.2,120626250,1084.8,887.6,1102.5,649.1,1006.2,408,4,1006.1,1435,6,1006.0,3621,20,1005.9,2162,12,1005.8,2271,12,1006.3,59,5,1006.4,287,3,1006.5,2706,3,1006.6,184,6,1006.7,513,11
317,2025-11-26 11:56:48+05:30,1006.2,2,998.29,5517167,437445.0,377462.0,986.2,1007.0,981.3,986.2,120626250,1084.8,887.6,1102.5,649.1,1006.2,408,4,1006.1,97,3,1006.0,2560,13,1005.9,3785,13,1005.8,2968,18,1006.3,109,6,1006.4,287,3,1006.5,2874,4,1006.6,251,9,1006.7,513,11
317,2025-11-26 11:56:49+05:30,1006.2,2,998.29,5517167,437137.0,377462.0,986.2,1007.0,981.3,986.2,120626250,1084.8,887.6,1102.5,649.1,1006.2,408,4,1006.1,6,2,1006.0,2471,12,1005.9,3785,13,1005.8,2968,18,1006.3,109,6,1006.4,287,3,1006.5,2874,4,1006.6,251,9,1006.7,513,11
317,2025-11-26 11:56:49+05:30,1006.2,1,998.29,5517167,437137.0,377462.0,986.2,1007.0,981.3,986.2,120626250,1084.8,887.6,1102.5,649.1,1006.2,408,4,1006.1,6,2,1006.0,2471,12,1005.9,3785,13,1005.8,2968,18,1006.3,109,6,1006.4,287,3,1006.5,2874,4,1006.6,251,9,1006.7,513,11
317,2025-11-26 11:56:50+05:30,1006.2,127,998.29,5517298,435863.0,377383.0,986.2,1007.0,981.3,986.2,120626250,1084.8,887.6,1102.5,649.1,1006.2,279,3,1006.1,6,2,1006.0,220,7,1005.9,2812,11,1005.8,3766,19,1006.3,107,6,1006.4,286,2,1006.5,2953,6,1006.6,312,9,1006.7,487,9
317,2025-11-26 11:56:50+05:30,1006.2,8,998.29,5517298,435863.0,377383.0,986.2,1007.0,981.3,986.2,120626250,1084.8,887.6,1102.5,649.1,1006.2,279,3,1006.1,6,2,1006.0,220,7,1005.9,2812,11,1005.8,3766,19,1006.3,107,6,1006.4,286,2,1006.5,2953,6,1006.6,312,9,1006.7,487,9
317,2025-11-26 11:56:51+05:30,1006.2,8,998.29,5517306,435837.0,377906.0,986.2,1007.0,981.3,986.2,120626250,1084.8,887.6,1102.5,649.1,1006.2,271,3,1006.1,6,2,1006.0,188,6,1005.9,2812,11,1005.8,3802,21,1006.3,108,6,1006.4,286,2,1006.5,2986,7,1006.6,345,10,1006.7,513,11
317,2025-11-26 11:56:52+05:30,1006.3,41,998.29,5517462,435850.0,377713.0,986.2,1007.0,981.3,986.2,120626250,1084.8,887.6,1102.5,649.1,1006.2,284,4,1006.1,6,2,1006.0,188,6,1005.9,2812,11,1005.8,3815,22,1006.3,18,4,1006.4,286,2,1006.5,2986,7,1006.6,345,10,1006.7,513,11
317,2025-11-26 11:56:52+05:30,1006.3,41,998.29,5517462,435850.0,377713.0,986.2,1007.0,981.3,986.2,120626250,1084.8,887.6,1102.5,649.1,1006.2,284,4,1006.1,6,2,1006.0,188,6,1005.9,2812,11,1005.8,3815,22,1006.3,18,4,1006.4,286,2,1006.5,2986,7,1006.6,345,10,1006.7,513,11
317,2025-11-26 11:56:53+05:30,1006.3,5,998.29,5517473,436084.0,377903.0,986.2,1007.0,981.3,986.2,120626250,1084.8,887.6,1102.5,649.1,1006.2,283,4,1006.1,6,2,1006.0,188,6,1005.9,2812,11,1005.8,3815,22,1006.3,61,5,1006.4,286,2,1006.5,3026,8,1006.6,375,11,1006.7,513,11
317,2025-11-26 11:56:53+05:30,1006.2,3,998.29,5517473,436084.0,377903.0,986.2,1007.0,981.3,986.2,120626250,1084.8,887.6,1102.5,649.1,1006.2,283,4,1006.1,6,2,1006.0,188,6,1005.9,2812,11,1005.8,3815,22,1006.3,61,5,1006.4,286,2,1006.5,3026,8,1006.6,375,11,1006.7,513,11
317,2025-11-26 11:56:54+05:30,1006.2,3,998.29,5517476,435746.0,378024.0,986.2,1007.0,981.3,986.2,120626250,1084.8,887.6,1102.5,649.1,1006.2,280,4,1006.1,6,2,1006.0,188,6,1005.9,2812,11,1005.8,3815,22,1006.3,61,5,1006.4,286,2,1006.5,2957,7,1006.6,376,12,1006.7,513,11
317,2025-11-26 11:56:54+05:30,1006.3,42,998.29,5517476,435746.0,378024.0,986.2,1007.0,981.3,986.2,120626250,1084.8,887.6,1102.5,649.1,1006.2,280,4,1006.1,6,2,1006.0,188,6,1005.9,2812,11,1005.8,3815,22,1006.3,61,5,1006.4,286,2,1006.5,2957,7,1006.6,376,12,1006.7,513,11
317,2025-11-26 11:56:55+05:30,1006.3,1,998.29,5517589,435790.0,377919.0,986.2,1007.0,981.3,986.2,120626250,1084.8,887.6,1102.5,649.1,1006.2,280,4,1006.1,35,3,1006.0,356,7,1005.9,2812,11,1005.8,3815,22,1006.3,17,4,1006.4,286,2,1006.5,2917,6,1006.6,226,9,1006.7,513,11
317,2025-11-26 11:56:55+05:30,1006.2,27,998.29,5517589,435790.0,377919.0,986.2,1007.0,981.3,986.2,120626250,1084.8,887.6,1102.5,649.1,1006.2,280,4,1006.1,35,3,1006.0,356,7,1005.9,2812,11,1005.8,3815,22,1006.3,17,4,1006.4,286,2,1006.5,2917,6,1006.6,226,9,1006.7,513,11
317,2025-11-26 11:56:56+05:30,1006.2,27,998.29,5517616,435967.0,378004.0,986.2,1007.0,981.3,986.2,120626250,1084.8,887.6,1102.5,649.1,1006.2,453,5,1006.1,35,3,1006.0,338,7,1005.9,2812,11,1005.8,3815,22,1006.3,15,5,1006.4,286,2,1006.5,2917,6,1006.6,192,7,1006.7,546,12
317,2025-11-26 11:56:57+05:30,1006.5,138,998.29,5518481,438529.0,373720.0,986.2,1007.0,981.3,986.2,120626250,1084.8,887.6,1102.5,649.1,1006.3,745,1,1006.2,523,7,1006.1,1035,9,1006.0,2390,19,1005.9,4894,19,1006.5,2568,3,1006.6,33,4,1006.7,271,5,1006.8,491,9,1006.9,627,19
317,2025-11-26 11:56:57+05:30,1006.5,138,998.29,5518481,438529.0,373720.0,986.2,1007.0,981.3,986.2,120626250,1084.8,887.6,1102.5,649.1,1006.3,745,1,1006.2,523,7,1006.1,1035,9,1006.0,2390,19,1005.9,4894,19,1006.5,2568,3,1006.6,33,4,1006.7,271,5,1006.8,491,9,1006.9,627,19
317,2025-11-26 11:56:58+05:30,1006.3,100,998.29,5518581,438709.0,374613.0,986.2,1007.0,981.3,986.2,120626250,1084.8,887.6,1102.5,649.1,1006.3,658,2,1006.2,2688,9,1006.1,2754,12,1006.0,2519,20,1005.9,2212,16,1006.5,2577,4,1006.6,33,4,1006.7,180,4,1006.8,341,9,1006.9,886,21
317,2025-11-26 11:56:58+05:30,1006.3,100,998.29,5518581,438709.0,374613.0,986.2,1007.0,981.3,986.2,120626250,1084.8,887.6,1102.5,649.1,1006.3,658,2,1006.2,2688,9,1006.1,2754,12,1006.0,2519,20,1005.9,2212,16,1006.5,2577,4,1006.6,33,4,1006.7,180,4,1006.8,341,9,1006.9,886,21
317,2025-11-26 11:56:59+05:30,1006.5,200,998.29,5518781,439005.0,374326.0,986.2,1007.0,981.3,986.2,120626250,1084.8,887.6,1102.5,649.1,1006.4,82,1,1006.3,826,3,1006.2,2475,7,1006.1,2838,15,1006.0,2943,21,1006.5,2378,5,1006.6,33,4,1006.7,12,3,1006.8,173,8,1006.9,886,21
317,2025-11-26 11:56:59+05:30,1006.5,200,998.29,5518781,439005.0,374326.0,986.2,1007.0,981.3,986.2,120626250,1084.8,887.6,1102.5,649.1,1006.4,82,1,1006.3,826,3,1006.2,2475,7,1006.1,2838,15,1006.0,2943,21,1006.5,2378,5,1006.6,33,4,1006.7,12,3,1006.8,173,8,1006.9,886,21
317,2025-11-26 11:57:00+05:30,1006.6,242,998.3,5521690,442195.0,367828.0,986.2,1007.0,981.3,986.2,120626250,1084.8,887.6,1102.5,649.1,1006.6,78,2,1006.5,1043,7,1006.4,1594,16,1006.3,2806,17,1006.2,3218,15,1006.8,102,5,1006.9,50,6,1007.0,9415,51,1007.1,835,2,1007.2,501,9
317,2025-11-26 11:57:00+05:30,1006.8,20,998.3,5521690,442195.0,367828.0,986.2,1007.0,981.3,986.2,120626250,1084.8,887.6,1102.5,649.1,1006.6,78,2,1006.5,1043,7,1006.4,1594,16,1006.3,2806,17,1006.2,3218,15,1006.8,102,5,1006.9,50,6,1007.0,9415,51,1007.1,835,2,1007.2,501,9
317,2025-11-26 11:57:01+05:30,1006.7,144,998.3,5522667,444525.0,368074.0,986.2,1007.0,981.3,986.2,120626250,1084.8,887.6,1102.5,649.1,1006.6,668,9,1006.5,4006,12,1006.4,3381,22,1006.3,2328,17,1006.2,1636,11,1006.8,67,2,1006.9,51,7,1007.0,9415,51,1007.1,667,1,1007.2,359,10
317,2025-11-26 11:57:01+05:30,1006.7,144,998.3,5522667,444525.0,368074.0,986.2,1007.0,981.3,986.2,120626250,1084.8,887.6,1102.5,649.1,1006.6,668,9,1006.5,4006,12,1006.4,3381,22,1006.3,2328,17,1006.2,1636,11,1006.8,67,2,1006.9,51,7,1007.0,9415,51,1007.1,667,1,1007.2,359,10
317,2025-11-26 11:57:01+05:30,1006.8,1,998.3,5523093,445407.0,366395.0,986.2,1007.0,981.3,986.2,120626250,1084.8,887.6,1102.5,649.1,1006.8,172,6,1006.7,858,6,1006.6,2950,16,1006.5,4119,16,1006.4,2417,18,1006.9,54,8,1007.0,9415,51,1007.1,667,1,1007.2,194,2,1007.3,552,13
317,2025-11-26 11:57:02+05:30,1006.8,1,998.3,5523093,445407.0,366395.0,986.2,1007.0,981.3,986.2,120626250,1084.8,887.6,1102.5,649.1,1006.8,172,6,1006.7,858,6,1006.6,2950,16,1006.5,4119,16,1006.4,2417,18,1006.9,54,8,1007.0,9415,51,1007.1,667,1,1007.2,194,2,1007.3,552,13
317,2025-11-26 11:57:02+05:30,1007.1,667,998.32,5534009,438288.0,350845.0,986.2,1007.1,981.3,986.2,120626250,1084.8,887.6,1102.5,649.1,1007.0,64,3,1006.9,90,2,1006.8,1299,11,1006.7,2308,13,1006.6,2705,19,1007.1,667,1,1007.2,30,1,1007.3,134,3,1007.4,229,2,1007.5,726,13
317,2025-11-26 11:57:03+05:30,1007.1,9,998.32,5534009,438288.0,350845.0,986.2,1007.1,981.3,986.2,120626250,1084.8,887.6,1102.5,649.1,1007.0,64,3,1006.9,90,2,1006.8,1299,11,1006.7,2308,13,1006.6,2705,19,1007.1,667,1,1007.2,30,1,1007.3,134,3,1007.4,229,2,1007.5,726,13
317,2025-11-26 11:57:04+05:30,1007.0,5,998.32,5535090,439336.0,350313.0,986.2,1007.1,981.3,986.2,120626250,1084.8,887.6,1102.5,649.1,1007.0,366,4,1006.9,274,3,1006.8,3196,18,1006.7,3333,16,1006.6,2160,18,1007.1,324,5,1007.2,30,1,1007.3,177,4,1007.4,213,5,1007.5,654,13
317,2025-11-26 11:57:04+05:30,1007.0,5,998.32,5535090,439336.0,350313.0,986.2,1007.1,981.3,986.2,120626250,1084.8,887.6,1102.5,649.1,1007.0,366,4,1006.9,274,3,1006.8,3196,18,1006.7,3333,16,1006.6,2160,18,1007.1,324,5,1007.2,30,1,1007.3,177,4,1007.4,213,5,1007.5,654,13
317,2025-11-26 11:57:05+05:30,1007.0,195,998.32,5535815,443181.0,350500.0,986.2,1007.1,981.3,986.2,120626250,1084.8,887.6,1102.5,649.1,1006.9,2081,4,1006.8,3177,15,1006.7,2562,19,1006.6,1524,13,1006.5,3763,18,1007.1,690,7,1007.2,30,1,1007.3,177,4,1007.4,262,6,1007.5,742,18
317,2025-11-26 11:57:05+05:30,1007.0,195,998.32,5535815,443181.0,350500.0,986.2,1007.1,981.3,986.2,120626250,1084.8,887.6,1102.5,649.1,1006.9,2081,4,1006.8,3177,15,1006.7,2562,19,1006.6,1524,13,1006.5,3763,18,1007.1,690,7,1007.2,30,1,1007.3,177,4,1007.4,262,6,1007.5,742,18
317,2025-11-26 11:57:06+05:30,1007.0,187,998.32,5536267,445844.0,351078.0,986.2,1007.1,981.3,986.2,120626250,1084.8,887.6,1102.5,649.1,1006.9,2314,6,1006.8,3166,16,1006.7,3284,19,1006.6,1508,12,1006.5,3763,18,1007.0,309,1,1007.1,606,9,1007.2,698,3,1007.3,177,4,1007.4,262,6
317,2025-11-26 11:57:06+05:30,1007.0,187,998.32,5536267,445844.0,351078.0,986.2,1007.1,981.3,986.2,120626250,1084.8,887.6,1102.5,649.1,1006.9,2314,6,1006.8,3166,16,1006.7,3284,19,1006.6,1508,12,1006.5,3763,18,1007.0,309,1,1007.1,606,9,1007.2,698,3,1007.3,177,4,1007.4,262,6
317,2025-11-26 11:57:07+05:30,1007.0,1,998.33,5539261,444695.0,350013.0,986.2,1007.1,981.3,986.2,120626250,1084.8,887.6,1102.5,649.1,1006.9,2649,10,1006.8,3297,20,1006.7,2718,21,1006.6,1492,11,1006.5,2958,14,1007.1,161,8,1007.2,698,3,1007.3,177,4,1007.4,1,1,1007.5,489,14
317,2025-11-26 11:57:07+05:30,1007.0,1,998.33,5539261,444695.0,350013.0,986.2,1007.1,981.3,986.2,120626250,1084.8,887.6,1102.5,649.1,1006.9,2649,10,1006.8,3297,20,1006.7,2718,21,1006.6,1492,11,1006.5,2958,14,1007.1,161,8,1007.2,698,3,1007.3,177,4,1007.4,1,1,1007.5,489,14
317,2025-11-26 11:57:08+05:30,1007.1,34,998.33,5543040,446202.0,347712.0,986.2,1007.1,981.3,986.2,120626250,1084.8,887.6,1102.5,649.1,1007.0,2248,9,1006.9,2166,7,1006.8,4105,22,1006.7,1945,17,1006.6,1476,12,1007.1,2,1,1007.2,6248,5,1007.3,134,3,1007.4,165,2,1007.5,472,14
317,2025-11-26 11:57:08+05:30,1007.1,34,998.33,5543040,446202.0,347712.0,986.2,1007.1,981.3,986.2,120626250,1084.8,887.6,1102.5,649.1,1007.0,2248,9,1006.9,2166,7,1006.8,4105,22,1006.7,1945,17,1006.6,1476,12,1007.1,2,1,1007.2,6248,5,1007.3,134,3,1007.4,165,2,1007.5,472,14
317,2025-11-26 11:57:09+05:30,1007.1,133,998.34,5545804,443850.0,348397.0,986.2,1007.1,981.3,986.2,120626250,1084.8,887.6,1102.5,649.1,1006.9,2166,7,1006.8,3838,18,1006.7,1396,14,1006.6,1649,12,1006.5,3872,16,1007.1,154,3,1007.2,5885,5,1007.3,134,3,1007.4,220,4,1007.5,553,14
317,2025-11-26 11:57:09+05:30,1007.1,133,998.34,5545804,443850.0,348397.0,986.2,1007.1,981.3,986.2,120626250,1084.8,887.6,1102.5,649.1,1006.9,2166,7,1006.8,3838,18,1006.7,1396,14,1006.6,1649,12,1006.5,3872,16,1007.1,154,3,1007.2,5885,5,1007.3,134,3,1007.4,220,4,1007.5,553,14
317,2025-11-26 11:57:10+05:30,1007.1,10,998.34,5546646,443932.0,352168.0,986.2,1007.1,981.3,986.2,120626250,1084.8,887.6,1102.5,649.1,1006.9,2132,7,1006.8,3513,15,1006.7,1966,13,1006.6,1357,9,1006.5,4164,19,1007.0,1172,2,1007.1,723,4,1007.2,5885,5,1007.3,298,4,1007.4,220,4
317,2025-11-26 11:57:10+05:30,1007.0,83,998.34,5546646,443932.0,352168.0,986.2,1007.1,981.3,986.2,120626250,1084.8,887.6,1102.5,649.1,1006.9,2132,7,1006.8,3513,15,1006.7,1966,13,1006.6,1357,9,1006.5,4164,19,1007.0,1172,2,1007.1,723,4,1007.2,5885,5,1007.3,298,4,1007.4,220,4
317,2025-11-26 11:57:11+05:30,1007.0,96,998.34,5547493,438195.0,355658.0,986.2,1007.1,981.3,986.2,120626250,1084.8,887.6,1102.5,649.1,1006.9,65,3,1006.8,267,5,1006.6,781,4,1006.5,3452,14,1006.4,2623,16,1007.0,1019,4,1007.1,963,7,1007.2,6731,13,1007.3,638,9,1007.4,674,6
317,2025-11-26 11:57:11+05:30,1007.0,96,998.34,5547493,438195.0,355658.0,986.2,1007.1,981.3,986.2,120626250,1084.8,887.6,1102.5,649.1,1006.9,65,3,1006.8,267,5,1006.6,781,4,1006.5,3452,14,1006.4,2623,16,1007.0,1019,4,1007.1,963,7,1007.2,6731,13,1007.3,638,9,1007.4,674,6
317,2025-11-26 11:57:12+05:30,1007.0,96,998.34,5547493,438390.0,356079.0,986.2,1007.1,981.3,986.2,120626250,1084.8,887.6,1102.5,649.1,1006.9,66,4,1006.8,267,5,1006.6,781,4,1006.5,3452,14,1006.4,2623,16,1007.0,1398,8,1007.1,936,6,1007.2,6731,13,1007.3,611,8,1007.4,674,6
317,2025-11-26 11:57:12+05:30,1007.0,1,998.34,5547493,438390.0,356079.0,986.2,1007.1,981.3,986.2,120626250,1084.8,887.6,1102.5,649.1,1006.9,66,4,1006.8,267,5,1006.6,781,4,1006.5,3452,14,1006.4,2623,16,1007.0,1398,8,1007.1,936,6,1007.2,6731,13,1007.3,611,8,1007.4,674,6
317,2025-11-26 11:57:13+05:30,1007.0,6,998.34,5550283,437728.0,357697.0,986.2,1007.1,981.3,986.2,120626250,1084.8,887.6,1102.5,649.1,1006.9,19,2,1006.8,50,1,1006.6,760,3,1006.5,3815,10,1006.4,1673,12,1007.0,1144,8,1007.1,1206,11,1007.2,6752,14,1007.3,915,11,1007.4,684,7
317,2025-11-26 11:57:13+05:30,1007.0,6,998.34,5550283,437728.0,357697.0,986.2,1007.1,981.3,986.2,120626250,1084.8,887.6,1102.5,649.1,1006.9,19,2,1006.8,50,1,1006.6,760,3,1006.5,3815,10,1006.4,1673,12,1007.0,1144,8,1007.1,1206,11,1007.2,6752,14,1007.3,915,11,1007.4,684,7
317,2025-11-26 11:57:14+05:30,1006.9,15,998.34,5550283,437728.0,357697.0,986.2,1007.1,981.3,986.2,120626250,1084.8,887.6,1102.5,649.1,1006.9,19,2,1006.8,50,1,1006.6,760,3,1006.5,3815,10,1006.4,1673,12,1007.0,1144,8,1007.1,1206,11,1007.2,6752,14,1007.3,915,11,1007.4,684,7
317,2025-11-26 11:57:14+05:30,1006.9,15,998.34,5550298,438512.0,357350.0,986.2,1007.1,981.3,986.2,120626250,1084.8,887.6,1102.5,649.1,1006.9,4,2,1006.8,50,1,1006.6,760,3,1006.5,4028,12,1006.4,2423,13,1007.0,1199,10,1007.1,1179,10,1007.2,6762,15,1007.3,915,11,1007.4,684,7
317,2025-11-26 11:57:15+05:30,1006.9,66,998.34,5550298,438512.0,357350.0,986.2,1007.1,981.3,986.2,120626250,1084.8,887.6,1102.5,649.1,1006.9,4,2,1006.8,50,1,1006.6,760,3,1006.5,4028,12,1006.4,2423,13,1007.0,1199,10,1007.1,1179,10,1007.2,6762,15,1007.3,915,11,1007.4,684,7
317,2025-11-26 11:57:15+05:30,1006.9,66,998.34,5550483,438208.0,358103.0,986.2,1007.1,981.3,986.2,120626250,1084.8,887.6,1102.5,649.1,1006.8,50,1,1006.6,760,3,1006.5,4056,13,1006.4,1725,13,1006.3,1878,16,1006.9,246,1,1007.0,879,9,1007.1,1146,12,1007.2,6734,13,1007.3,941,13
317,2025-11-26 11:57:16+05:30,1006.8,48,998.34,5550483,438208.0,358103.0,986.2,1007.1,981.3,986.2,120626250,1084.8,887.6,1102.5,649.1,1006.8,50,1,1006.6,760,3,1006.5,4056,13,1006.4,1725,13,1006.3,1878,16,1006.9,246,1,1007.0,879,9,1007.1,1146,12,1007.2,6734,13,1007.3,941,13
317,2025-11-26 11:57:16+05:30,1006.8,48,998.34,5550533,438415.0,357672.0,986.2,1007.1,981.3,986.2,120626250,1084.8,887.6,1102.5,649.1,1006.6,65,1,1006.5,3853,11,1006.4,3126,14,1006.3,1878,16,1006.2,1227,14,1006.9,276,4,1007.0,775,11,1007.1,1131,12,1007.2,6823,15,1007.3,1047,13
317,2025-11-26 11:57:17+05:30,1006.9,2,998.34,5550533,438415.0,357672.0,986.2,1007.1,981.3,986.2,120626250,1084.8,887.6,1102.5,649.1,1006.6,65,1,1006.5,3853,11,1006.4,3126,14,1006.3,1878,16,1006.2,1227,14,1006.9,276,4,1007.0,775,11,1007.1,1131,12,1007.2,6823,15,1007.3,1047,13
317,2025-11-26 11:57:17+05:30,1006.9,2,998.34,5550617,439967.0,358111.0,986.2,1007.1,981.3,986.2,120626250,1084.8,887.6,1102.5,649.1,1006.5,4584,12,1006.4,2964,12,1006.3,1909,17,1006.2,903,14,1006.1,2179,13,1006.8,170,1,1006.9,175,5,1007.0,950,13,1007.1,1131,12,1007.2,6956,17
317,2025-11-26 11:57:18+05:30,1006.8,136,998.34,5550617,439967.0,358111.0,986.2,1007.1,981.3,986.2,120626250,1084.8,887.6,1102.5,649.1,1006.5,4584,12,1006.4,2964,12,1006.3,1909,17,1006.2,903,14,1006.1,2179,13,1006.8,170,1,1006.9,175,5,1007.0,950,13,1007.1,1131,12,1007.2,6956,17
317,2025-11-26 11:57:18+05:30,1006.5,264,998.34,5551017,439809.0,357836.0,986.2,1007.1,981.3,986.2,120626250,1084.8,887.6,1102.5,649.1,1006.5,4271,11,1006.4,2986,13,1006.3,1909,17,1006.2,903,14,1006.1,2222,14,1006.8,35,2,1006.9,175,5,1007.0,944,12,1007.1,1061,9,1007.2,6946,16
317,2025-11-26 11:57:19+05:30,1006.5,15,998.34,5551017,439809.0,357836.0,986.2,1007.1,981.3,986.2,120626250,1084.8,887.6,1102.5,649.1,1006.5,4271,11,1006.4,2986,13,1006.3,1909,17,1006.2,903,14,1006.1,2222,14,1006.8,35,2,1006.9,175,5,1007.0,944,12,1007.1,1061,9,1007.2,6946,16
317,2025-11-26 11:57:19+05:30,1006.5,238,998.34,5551270,439099.0,357959.0,986.2,1007.1,981.3,986.2,120626250,1084.8,887.6,1102.5,649.1,1006.5,4114,12,1006.4,2986,13,1006.3,1643,16,1006.2,1908,15,1006.1,1483,14,1006.8,39,3,1006.9,175,5,1007.0,1048,14,1007.1,1043,8,1007.2,6946,16
317,2025-11-26 11:57:20+05:30,1006.6,750,998.34,5551270,439099.0,357959.0,986.2,1007.1,981.3,986.2,120626250,1084.8,887.6,1102.5,649.1,1006.5,4114,12,1006.4,2986,13,1006.3,1643,16,1006.2,1908,15,1006.1,1483,14,1006.8,39,3,1006.9,175,5,1007.0,1048,14,1007.1,1043,8,1007.2,6946,16
317,2025-11-26 11:57:20+05:30,1006.5,4,998.35,5555728,439168.0,359440.0,986.2,1007.1,981.3,986.2,120626250,1084.8,887.6,1102.5,649.1,1006.4,4442,14,1006.3,1017,12,1006.2,2484,12,1006.1,806,12,1006.0,3518,25,1006.5,5,1,1006.6,105,1,1006.8,41,4,1006.9,370,5,1007.0,1086,12
317,2025-11-26 11:57:21+05:30,1006.5,42,998.35,5555728,439168.0,359440.0,986.2,1007.1,981.3,986.2,120626250,1084.8,887.6,1102.5,649.1,1006.4,4442,14,1006.3,1017,12,1006.2,2484,12,1006.1,806,12,1006.0,3518,25,1006.5,5,1,1006.6,105,1,1006.8,41,4,1006.9,370,5,1007.0,1086,12
317,2025-11-26 11:57:21+05:30,1006.5,40,998.35,5556110,439783.0,359446.0,986.2,1007.1,981.3,986.2,120626250,1084.8,887.6,1102.5,649.1,1006.4,3006,14,1006.3,2524,14,1006.2,2318,12,1006.1,1547,13,1006.0,3557,26,1006.5,7,2,1006.6,105,1,1006.8,41,4,1006.9,396,7,1007.0,1079,12
317,2025-11-26 11:57:22+05:30,1006.5,9,998.35,5556110,439783.0,359446.0,986.2,1007.1,981.3,986.2,120626250,1084.8,887.6,1102.5,649.1,1006.4,3006,14,1006.3,2524,14,1006.2,2318,12,1006.1,1547,13,1006.0,3557,26,1006.5,7,2,1006.6,105,1,1006.8,41,4,1006.9,396,7,1007.0,1079,12
317,2025-11-26 11:57:22+05:30,1006.5,9,998.35,5556130,439750.0,360565.0,986.2,1007.1,981.3,986.2,120626250,1084.8,887.6,1102.5,649.1,1006.4,3509,12,1006.3,2024,9,1006.2,2684,14,1006.1,1573,14,1006.0,3515,23,1006.5,190,3,1006.6,168,2,1006.8,246,8,1006.9,168,4,1007.0,1092,13
317,2025-11-26 11:57:23+05:30,1006.6,7,998.35,5556130,439750.0,360565.0,986.2,1007.1,981.3,986.2,120626250,1084.8,887.6,1102.5,649.1,1006.4,3509,12,1006.3,2024,9,1006.2,2684,14,1006.1,1573,14,1006.0,3515,23,1006.5,190,3,1006.6,168,2,1006.8,246,8,1006.9,168,4,1007.0,1092,13
317,2025-11-26 11:57:23+05:30,1006.8,4,998.35,5557462,439028.0,359805.0,986.2,1007.1,981.3,986.2,120626250,1084.8,887.6,1102.5,649.1,1006.8,140,3,1006.6,207,2,1006.5,2255,9,1006.4,3118,16,1006.3,1670,14,1006.9,168,4,1007.0,991,10,1007.1,1320,10,1007.2,6766,14,1007.3,996,13
317,2025-11-26 11:57:24+05:30,1006.8,4,998.35,5557462,439028.0,359805.0,986.2,1007.1,981.3,986.2,120626250,1084.8,887.6,1102.5,649.1,1006.8,140,3,1006.6,207,2,1006.5,2255,9,1006.4,3118,16,1006.3,1670,14,1006.9,168,4,1007.0,991,10,1007.1,1320,10,1007.2,6766,14,1007.3,996,13
317,2025-11-26 11:57:24+05:30,1006.8,1,998.35,5557463,438733.0,359978.0,986.2,1007.1,981.3,986.2,120626250,1084.8,887.6,1102.5,649.1,1006.8,32,1,1006.6,207,2,1006.5,2255,9,1006.4,3182,16,1006.3,1770,15,1006.9,18,4,1007.0,991,10,1007.1,1333,11,1007.2,6833,13,1007.3,1192,16
317,2025-11-26 11:57:25+05:30,1006.8,1,998.35,5557463,438733.0,359978.0,986.2,1007.1,981.3,986.2,120626250,1084.8,887.6,1102.5,649.1,1006.8,32,1,1006.6,207,2,1006.5,2255,9,1006.4,3182,16,1006.3,1770,15,1006.9,18,4,1007.0,991,10,1007.1,1333,11,1007.2,6833,13,1007.3,1192,16
317,2025-11-26 11:57:25+05:30,1006.8,19,998.35,5557482,438827.0,358938.0,986.2,1007.1,981.3,986.2,120626250,1084.8,887.6,1102.5,649.1,1006.8,13,1,1006.6,320,3,1006.5,2255,9,1006.4,3182,16,1006.3,1770,15,1006.9,16,3,1007.0,989,9,1007.1,1270,10,1007.2,6744,14,1007.3,1292,17
317,2025-11-26 11:57:26+05:30,1006.9,3,998.35,5557482,438827.0,358938.0,986.2,1007.1,981.3,986.2,120626250,1084.8,887.6,1102.5,649.1,1006.8,13,1,1006.6,320,3,1006.5,2255,9,1006.4,3182,16,1006.3,1770,15,1006.9,16,3,1007.0,989,9,1007.1,1270,10,1007.2,6744,14,1007.3,1292,17
317,2025-11-26 11:57:26+05:30,1006.9,1,998.35,5557492,438567.0,355378.0,986.2,1007.1,981.3,986.2,120626250,1084.8,887.6,1102.5,649.1,1006.8,91,2,1006.6,320,3,1006.5,1894,6,1006.4,3182,16,1006.3,1770,15,1006.9,11,2,1007.0,1089,10,1007.1,1726,11,1007.2,6729,13,1007.3,1009,17
317,2025-11-26 11:57:27+05:30,1006.9,1,998.35,5557492,438567.0,355378.0,986.2,1007.1,981.3,986.2,120626250,1084.8,887.6,1102.5,649.1,1006.8,91,2,1006.6,320,3,1006.5,1894,6,1006.4,3182,16,1006.3,1770,15,1006.9,11,2,1007.0,1089,10,1007.1,1726,11,1007.2,6729,13,1007.3,1009,17
317,2025-11-26 11:57:27+05:30,1006.8,1,998.35,5557493,439358.0,359269.0,986.2,1007.1,981.3,986.2,120626250,1084.8,887.6,1102.5,649.1,1006.8,103,3,1006.6,383,4,1006.5,2644,7,1006.4,3182,16,1006.3,1770,15,1006.9,12,3,1007.0,1033,10,1007.1,1845,11,1007.2,6666,12,1007.3,1307,18
317,2025-11-26 11:57:28+05:30,1006.8,1,998.35,5557493,439358.0,359269.0,986.2,1007.1,981.3,986.2,120626250,1084.8,887.6,1102.5,649.1,1006.8,103,3,1006.6,383,4,1006.5,2644,7,1006.4,3182,16,1006.3,1770,15,1006.9,12,3,1007.0,1033,10,1007.1,1845,11,1007.2,6666,12,1007.3,1307,18
317,2025-11-26 11:57:28+05:30,1006.8,62,998.35,5557563,439516.0,359316.0,986.2,1007.1,981.3,986.2,120626250,1084.8,887.6,1102.5,649.1,1006.8,60,3,1006.6,383,4,1006.5,2666,8,1006.4,3182,16,1006.3,1770,15,1006.9,12,3,1007.0,1033,10,1007.1,1270,10,1007.2,6751,14,1007.3,1307,18
317,2025-11-26 11:57:29+05:30,1006.9,57,998.35,5557563,439516.0,359316.0,986.2,1007.1,981.3,986.2,120626250,1084.8,887.6,1102.5,649.1,1006.8,60,3,1006.6,383,4,1006.5,2666,8,1006.4,3182,16,1006.3,1770,15,1006.9,12,3,1007.0,1033,10,1007.1,1270,10,1007.2,6751,14,1007.3,1307,18
317,2025-11-26 11:57:30+05:30,1006.9,57,998.35,5557632,440332.0,359349.0,986.2,1007.1,981.3,986.2,120626250,1084.8,887.6,1102.5,649.1,1006.8,60,3,1006.7,62,1,1006.6,383,4,1006.5,3424,9,1006.4,3185,17,1006.9,73,4,1007.0,1133,11,1007.1,1270,10,1007.2,6729,13,1007.3,1230,18
317,2025-11-26 11:57:30+05:30,1006.8,27,998.35,5557632,440332.0,359349.0,986.2,1007.1,981.3,986.2,120626250,1084.8,887.6,1102.5,649.1,1006.8,60,3,1006.7,62,1,1006.6,383,4,1006.5,3424,9,1006.4,3185,17,1006.9,73,4,1007.0,1133,11,1007.1,1270,10,1007.2,6729,13,1007.3,1230,18
317,2025-11-26 11:57:31+05:30,1006.6,8,998.35,5557632,440332.0,359349.0,986.2,1007.1,981.3,986.2,120626250,1084.8,887.6,1102.5,649.1,1006.8,60,3,1006.7,62,1,1006.6,383,4,1006.5,3424,9,1006.4,3185,17,1006.9,73,4,1007.0,1133,11,1007.1,1270,10,1007.2,6729,13,1007.3,1230,18
317,2025-11-26 11:57:31+05:30,1006.6,8,998.35,5557751,441052.0,359216.0,986.2,1007.1,981.3,986.2,120626250,1084.8,887.6,1102.5,649.1,1006.6,227,3,1006.5,4649,15,1006.4,3408,20,1006.3,1669,14,1006.2,1897,17,1006.8,22,1,1006.9,74,5,1007.0,1033,10,1007.1,1170,9,1007.2,6821,14
317,2025-11-26 11:57:32+05:30,1006.6,8,998.35,5557751,441055.0,359230.0,986.2,1007.1,981.3,986.2,120626250,1084.8,887.6,1102.5,649.1,1006.6,227,3,1006.5,4721,15,1006.4,3714,21,1006.3,1403,13,1006.2,1897,17,1006.8,24,2,1006.9,74,5,1007.0,1033,10,1007.1,1170,9,1007.2,6821,14
317,2025-11-26 11:57:33+05:30,1006.9,1,998.35,5557751,441055.0,359230.0,986.2,1007.1,981.3,986.2,120626250,1084.8,887.6,1102.5,649.1,1006.6,227,3,1006.5,4721,15,1006.4,3714,21,1006.3,1403,13,1006.2,1897,17,1006.8,24,2,1006.9,74,5,1007.0,1033,10,1007.1,1170,9,1007.2,6821,14
317,2025-11-26 11:57:33+05:30,1006.8,1,998.36,5559103,442329.0,357875.0,986.2,1007.1,981.3,986.2,120626250,1084.8,887.6,1102.5,649.1,1006.8,1223,6,1006.7,111,2,1006.6,1231,7,1006.5,3179,13,1006.4,4108,20,1006.9,15,3,1007.0,856,8,1007.1,868,4,1007.2,6436,10,1007.3,850,16
317,2025-11-26 11:57:34+05:30,1007.0,19,998.36,5559103,442329.0,357875.0,986.2,1007.1,981.3,986.2,120626250,1084.8,887.6,1102.5,649.1,1006.8,1223,6,1006.7,111,2,1006.6,1231,7,1006.5,3179,13,1006.4,4108,20,1006.9,15,3,1007.0,856,8,1007.1,868,4,1007.2,6436,10,1007.3,850,16
317,2025-11-26 11:57:34+05:30,1007.0,19,998.36,5559943,441600.0,357336.0,986.2,1007.1,981.3,986.2,120626250,1084.8,887.6,1102.5,649.1,1006.8,1100,5,1006.6,327,4,1006.5,4021,15,1006.4,3535,20,1006.3,1588,16,1007.0,504,7,1007.1,1047,7,1007.2,6869,14,1007.3,572,11,1007.4,1113,13
317,2025-11-26 11:57:35+05:30,1007.0,278,998.36,5559943,441600.0,357336.0,986.2,1007.1,981.3,986.2,120626250,1084.8,887.6,1102.5,649.1,1006.8,1100,5,1006.6,327,4,1006.5,4021,15,1006.4,3535,20,1006.3,1588,16,1007.0,504,7,1007.1,1047,7,1007.2,6869,14,1007.3,572,11,1007.4,1113,13
317,2025-11-26 11:57:35+05:30,1007.0,16,998.36,5561667,441972.0,356763.0,986.2,1007.1,981.3,986.2,120626250,1084.8,887.6,1102.5,649.1,1006.9,273,2,1006.8,1172,8,1006.7,177,2,1006.6,2140,8,1006.5,3743,15,1007.0,668,3,1007.1,704,3,1007.2,6466,9,1007.3,347,5,1007.4,606,8
317,2025-11-26 11:57:36+05:30,1007.1,387,998.36,5561667,441972.0,356763.0,986.2,1007.1,981.3,986.2,120626250,1084.8,887.6,1102.5,649.1,1006.9,273,2,1006.8,1172,8,1006.7,177,2,1006.6,2140,8,1006.5,3743,15,1007.0,668,3,1007.1,704,3,1007.2,6466,9,1007.3,347,5,1007.4,606,8
317,2025-11-26 11:57:36+05:30,1006.9,1,998.36,5563970,439477.0,356046.0,986.2,1007.1,981.3,986.2,120626250,1084.8,887.6,1102.5,649.1,1006.9,272,2,1006.8,1177,6,1006.7,323,4,1006.6,1419,7,1006.5,3205,15,1007.0,2,1,1007.1,317,3,1007.2,6562,10,1007.3,684,9,1007.4,766,10
317,2025-11-26 11:57:37+05:30,1007.0,3,998.36,5563970,439477.0,356046.0,986.2,1007.1,981.3,986.2,120626250,1084.8,887.6,1102.5,649.1,1006.9,272,2,1006.8,1177,6,1006.7,323,4,1006.6,1419,7,1006.5,3205,15,1007.0,2,1,1007.1,317,3,1007.2,6562,10,1007.3,684,9,1007.4,766,10
317,2025-11-26 11:57:37+05:30,1007.1,158,998.36,5564132,441479.0,356959.0,986.2,1007.1,981.3,986.2,120626250,1084.8,887.6,1102.5,649.1,1006.9,271,2,1006.8,1235,7,1006.7,286,4,1006.6,2411,11,1006.5,3913,17,1007.0,667,1,1007.1,440,4,1007.2,6374,8,1007.3,538,7,1007.4,698,9
317,2025-11-26 11:57:38+05:30,1007.1,7,998.36,5564132,441479.0,356959.0,986.2,1007.1,981.3,986.2,120626250,1084.8,887.6,1102.5,649.1,1006.9,271,2,1006.8,1235,7,1006.7,286,4,1006.6,2411,11,1006.5,3913,17,1007.0,667,1,1007.1,440,4,1007.2,6374,8,1007.3,538,7,1007.4,698,9
317,2025-11-26 11:57:38+05:30,1007.0,3,998.37,5565977,441451.0,356976.0,986.2,1007.1,981.3,986.2,120626250,1084.8,887.6,1102.5,649.1,1007.0,5,2,1006.9,92,1,1006.8,1139,6,1006.7,183,3,1006.6,2236,9,1007.1,928,4,1007.2,6374,8,1007.3,701,8,1007.4,580,6,1007.5,1106,18
317,2025-11-26 11:57:39+05:30,1007.1,103,998.37,5565977,441451.0,356976.0,986.2,1007.1,981.3,986.2,120626250,1084.8,887.6,1102.5,649.1,1007.0,5,2,1006.9,92,1,1006.8,1139,6,1006.7,183,3,1006.6,2236,9,1007.1,928,4,1007.2,6374,8,1007.3,701,8,1007.4,580,6,1007.5,1106,18
317,2025-11-26 11:57:39+05:30,1006.9,1,998.37,5566836,440417.0,355909.0,986.2,1007.1,981.3,986.2,120626250,1084.8,887.6,1102.5,649.1,1006.9,160,1,1006.8,1285,8,1006.7,262,3,1006.6,2988,11,1006.5,2827,17,1007.1,748,6,1007.2,5850,7,1007.3,819,10,1007.4,593,7,1007.5,1359,21
317,2025-11-26 11:57:40+05:30,1007.1,2,998.37,5566836,440417.0,355909.0,986.2,1007.1,981.3,986.2,120626250,1084.8,887.6,1102.5,649.1,1006.9,160,1,1006.8,1285,8,1006.7,262,3,1006.6,2988,11,1006.5,2827,17,1007.1,748,6,1007.2,5850,7,1007.3,819,10,1007.4,593,7,1007.5,1359,21
317,2025-11-26 11:57:40+05:30,1007.0,83,998.37,5567790,441214.0,356217.0,986.2,1007.1,981.3,986.2,120626250,1084.8,887.6,1102.5,649.1,1006.9,160,1,1006.8,1140,7,1006.7,1105,4,1006.6,2337,11,1006.5,3578,19,1007.0,187,1,1007.1,426,6,1007.2,6014,8,1007.3,786,9,1007.4,607,8
317,2025-11-26 11:57:41+05:30,1006.9,24,998.37,5567790,441214.0,356217.0,986.2,1007.1,981.3,986.2,120626250,1084.8,887.6,1102.5,649.1,1006.9,160,1,1006.8,1140,7,1006.7,1105,4,1006.6,2337,11,1006.5,3578,19,1007.0,187,1,1007.1,426,6,1007.2,6014,8,1007.3,786,9,1007.4,607,8
317,2025-11-26 11:57:41+05:30,1006.8,2,998.37,5570610,432868.0,362181.0,986.2,1007.1,981.3,986.2,120626250,1084.8,887.6,1102.5,649.1,1006.5,781,4,1006.4,165,3,1006.3,755,4,1006.2,2048,8,1006.1,1833,12,1006.8,295,4,1006.9,1004,12,1007.0,1453,10,1007.1,1222,14,1007.2,7010,17
317,2025-11-26 11:57:42+05:30,1006.8,2,998.37,5570610,432868.0,362181.0,986.2,1007.1,981.3,986.2,120626250,1084.8,887.6,1102.5,649.1,1006.5,781,4,1006.4,165,3,1006.3,755,4,1006.2,2048,8,1006.1,1833,12,1006.8,295,4,1006.9,1004,12,1007.0,1453,10,1007.1,1222,14,1007.2,7010,17
317,2025-11-26 11:57:42+05:30,1006.7,5,998.37,5570619,434703.0,362743.0,986.2,1007.1,981.3,986.2,120626250,1084.8,887.6,1102.5,649.1,1006.5,781,4,1006.4,111,2,1006.3,775,4,1006.2,2249,8,1006.1,1616,12,1006.7,141,1,1006.8,461,5,1006.9,1018,14,1007.0,1441,8,1007.1,1351,16
317,2025-11-26 11:57:43+05:30,1006.7,5,998.37,5570619,434703.0,362743.0,986.2,1007.1,981.3,986.2,120626250,1084.8,887.6,1102.5,649.1,1006.5,781,4,1006.4,111,2,1006.3,775,4,1006.2,2249,8,1006.1,1616,12,1006.7,141,1,1006.8,461,5,1006.9,1018,14,1007.0,1441,8,1007.1,1351,16
317,2025-11-26 11:57:43+05:30,1006.5,19,998.37,5570785,434578.0,361576.0,986.2,1007.1,981.3,986.2,120626250,1084.8,887.6,1102.5,649.1,1006.5,3,1,1006.4,111,2,1006.3,656,6,1006.2,2363,10,1006.1,2470,14,1006.7,25,1,1006.8,278,3,1006.9,875,12,1007.0,1331,8,1007.1,1175,16
317,2025-11-26 11:57:44+05:30,1006.5,19,998.37,5570785,434578.0,361576.0,986.2,1007.1,981.3,986.2,120626250,1084.8,887.6,1102.5,649.1,1006.5,3,1,1006.4,111,2,1006.3,656,6,1006.2,2363,10,1006.1,2470,14,1006.7,25,1,1006.8,278,3,1006.9,875,12,1007.0,1331,8,1007.1,1175,16
317,2025-11-26 11:57:45+05:30,1006.8,2,998.37,5570887,431654.0,361114.0,986.2,1007.1,981.3,986.2,120626250,1084.8,887.6,1102.5,649.1,1006.5,21,3,1006.4,142,3,1006.3,693,4,1006.2,2097,9,1006.1,1168,13,1006.8,348,4,1006.9,673,11,1007.0,1595,9,1007.1,1449,17,1007.2,6518,11
317,2025-11-26 11:57:45+05:30,1006.5,100,998.37,5570887,431654.0,361114.0,986.2,1007.1,981.3,986.2,120626250,1084.8,887.6,1102.5,649.1,1006.5,21,3,1006.4,142,3,1006.3,693,4,1006.2,2097,9,1006.1,1168,13,1006.8,348,4,1006.9,673,11,1007.0,1595,9,1007.1,1449,17,1007.2,6518,11
317,2025-11-26 11:57:46+05:30,1006.5,16,998.37,5571131,436176.0,362839.0,986.2,1007.1,981.3,986.2,120626250,1084.8,887.6,1102.5,649.1,1006.4,3,1,1006.3,118,3,1006.2,2146,9,1006.1,3513,17,1006.0,6491,23,1006.5,171,1,1006.7,1,1,1006.8,375,4,1006.9,1044,12,1007.0,1499,12
317,2025-11-26 11:57:46+05:30,1006.5,16,998.37,5571131,436176.0,362839.0,986.2,1007.1,981.3,986.2,120626250,1084.8,887.6,1102.5,649.1,1006.4,3,1,1006.3,118,3,1006.2,2146,9,1006.1,3513,17,1006.0,6491,23,1006.5,171,1,1006.7,1,1,1006.8,375,4,1006.9,1044,12,1007.0,1499,12
317,2025-11-26 11:57:47+05:30,1006.5,16,998.37,5571131,436937.0,362698.0,986.2,1007.1,981.3,986.2,120626250,1084.8,887.6,1102.5,649.1,1006.4,3,1,1006.3,118,3,1006.2,2348,9,1006.1,3247,16,1006.0,7241,24,1006.5,171,1,1006.7,1,1,1006.8,375,4,1006.9,495,11,1007.0,1499,12
317,2025-11-26 11:57:48+05:30,1006.5,5,998.37,5571136,436937.0,362601.0,986.2,1007.1,981.3,986.2,120626250,1084.8,887.6,1102.5,649.1,1006.4,3,1,1006.3,118,3,1006.2,1998,7,1006.1,3597,18,1006.0,7241,24,1006.5,166,1,1006.7,65,2,1006.8,375,4,1006.9,495,11,1007.0,1499,12
317,2025-11-26 11:57:48+05:30,1006.5,5,998.37,5571136,436937.0,362601.0,986.2,1007.1,981.3,986.2,120626250,1084.8,887.6,1102.5,649.1,1006.4,3,1,1006.3,118,3,1006.2,1998,7,1006.1,3597,18,1006.0,7241,24,1006.5,166,1,1006.7,65,2,1006.8,375,4,1006.9,495,11,1007.0,1499,12
317,2025-11-26 11:57:49+05:30,1006.4,3,998.37,5571139,428521.0,366826.0,986.2,1007.1,981.3,986.2,120626250,1084.8,887.6,1102.5,649.1,1006.3,2,1,1006.2,176,2,1006.1,2398,6,1006.0,4268,11,1005.9,1721,9,1006.5,637,7,1006.6,512,7,1006.7,857,14,1006.8,920,12,1006.9,1538,14
317,2025-11-26 11:57:49+05:30,1006.4,3,998.37,5571139,428521.0,366826.0,986.2,1007.1,981.3,986.2,120626250,1084.8,887.6,1102.5,649.1,1006.3,2,1,1006.2,176,2,1006.1,2398,6,1006.0,4268,11,1005.9,1721,9,1006.5,637,7,1006.6,512,7,1006.7,857,14,1006.8,920,12,1006.9,1538,14
317,2025-11-26 11:57:50+05:30,1006.4,3,998.37,5571139,427877.0,367610.0,986.2,1007.1,981.3,986.2,120626250,1084.8,887.6,1102.5,649.1,1006.3,2,1,1006.2,131,1,1006.1,148,3,1006.0,4203,10,1005.9,1455,8,1006.4,450,5,1006.5,469,5,1006.6,522,8,1006.7,925,16,1006.8,1033,13
317,2025-11-26 11:57:50+05:30,1006.3,2,998.37,5571139,427877.0,367610.0,986.2,1007.1,981.3,986.2,120626250,1084.8,887.6,1102.5,649.1,1006.3,2,1,1006.2,131,1,1006.1,148,3,1006.0,4203,10,1005.9,1455,8,1006.4,450,5,1006.5,469,5,1006.6,522,8,1006.7,925,16,1006.8,1033,13
317,2025-11-26 11:57:51+05:30,1006.2,1,998.37,5571142,431514.0,368365.0,986.2,1007.1,981.3,986.2,120626250,1084.8,887.6,1102.5,649.1,1006.2,131,2,1006.1,1,1,1006.0,4501,11,1005.9,1499,9,1005.8,3302,11,1006.3,164,1,1006.4,237,2,1006.5,399,5,1006.6,522,8,1006.7,897,15
317,2025-11-26 11:57:51+05:30,1006.2,1,998.37,5571142,431514.0,368365.0,986.2,1007.1,981.3,986.2,120626250,1084.8,887.6,1102.5,649.1,1006.2,131,2,1006.1,1,1,1006.0,4501,11,1005.9,1499,9,1005.8,3302,11,1006.3,164,1,1006.4,237,2,1006.5,399,5,1006.6,522,8,1006.7,897,15
317,2025-11-26 11:57:52+05:30,1006.2,20,998.37,5571318,431507.0,367535.0,986.2,1007.1,981.3,986.2,120626250,1084.8,887.6,1102.5,649.1,1006.2,111,2,1006.1,1,1,1006.0,4504,11,1005.9,2249,10,1005.8,2552,10,1006.3,8,1,1006.4,237,2,1006.5,49,1,1006.6,673,10,1006.7,897,15
317,2025-11-26 11:57:52+05:30,1006.2,20,998.37,5571318,431507.0,367535.0,986.2,1007.1,981.3,986.2,120626250,1084.8,887.6,1102.5,649.1,1006.2,111,2,1006.1,1,1,1006.0,4504,11,1005.9,2249,10,1005.8,2552,10,1006.3,8,1,1006.4,237,2,1006.5,49,1,1006.6,673,10,1006.7,897,15
317,2025-11-26 11:57:53+05:30,1006.3,5,998.37,5571327,431591.0,367514.0,986.2,1007.1,981.3,986.2,120626250,1084.8,887.6,1102.5,649.1,1006.2,111,2,1006.1,1,1,1006.0,4566,12,1005.9,1521,9,1005.8,3302,11,1006.3,187,1,1006.4,237,2,1006.5,49,1,1006.6,673,10,1006.7,897,15
317,2025-11-26 11:57:53+05:30,1006.3,5,998.37,5571327,431591.0,367514.0,986.2,1007.1,981.3,986.2,120626250,1084.8,887.6,1102.5,649.1,1006.2,111,2,1006.1,1,1,1006.0,4566,12,1005.9,1521,9,1005.8,3302,11,1006.3,187,1,1006.4,237,2,1006.5,49,1,1006.6,673,10,1006.7,897,15
317,2025-11-26 11:57:54+05:30,1006.2,56,998.37,5571384,431534.0,367374.0,986.2,1007.1,981.3,986.2,120626250,1084.8,887.6,1102.5,649.1,1006.2,54,1,1006.1,1,1,1006.0,4474,10,1005.9,1551,10,1005.8,3302,11,1006.3,186,1,1006.4,330,4,1006.5,436,5,1006.6,593,9,1006.7,857,14
317,2025-11-26 11:57:54+05:30,1006.3,40,998.37,5571384,431534.0,367374.0,986.2,1007.1,981.3,986.2,120626250,1084.8,887.6,1102.5,649.1,1006.2,54,1,1006.1,1,1,1006.0,4474,10,1005.9,1551,10,1005.8,3302,11,1006.3,186,1,1006.4,330,4,1006.5,436,5,1006.6,593,9,1006.7,857,14
317,2025-11-26 11:57:55+05:30,1006.3,40,998.37,5571536,431534.0,367271.0,986.2,1007.1,981.3,986.2,120626250,1084.8,887.6,1102.5,649.1,1006.2,54,1,1006.1,1,1,1006.0,4474,10,1005.9,1551,10,1005.8,3302,11,1006.3,34,1,1006.4,276,3,1006.5,356,4,1006.6,673,10,1006.7,857,14
317,2025-11-26 11:57:55+05:30,1006.2,54,998.37,5571536,431534.0,367271.0,986.2,1007.1,981.3,986.2,120626250,1084.8,887.6,1102.5,649.1,1006.2,54,1,1006.1,1,1,1006.0,4474,10,1005.9,1551,10,1005.8,3302,11,1006.3,34,1,1006.4,276,3,1006.5,356,4,1006.6,673,10,1006.7,857,14
317,2025-11-26 11:57:56+05:30,1006.2,54,998.37,5571590,431466.0,366132.0,986.2,1007.1,981.3,986.2,120626250,1084.8,887.6,1102.5,649.1,1006.1,1,1,1006.0,4169,10,1005.9,1814,8,1005.8,2005,12,1005.7,2920,12,1006.2,67,2,1006.3,10,1,1006.4,330,4,1006.5,369,5,1006.6,534,9
317,2025-11-26 11:57:57+05:30,1006.2,54,998.37,5571590,431853.0,365956.0,986.2,1007.1,981.3,986.2,120626250,1084.8,887.6,1102.5,649.1,1006.1,1,1,1006.0,4935,12,1005.9,1597,8,1005.8,2005,12,1005.7,2920,12,1006.2,68,3,1006.3,10,1,1006.4,250,3,1006.5,449,6,1006.6,534,9
317,2025-11-26 11:57:58+05:30,1006.2,54,998.37,5571590,432166.0,367008.0,986.2,1007.1,981.3,986.2,120626250,1084.8,887.6,1102.5,649.1,1006.1,1,1,1006.0,4577,10,1005.9,1814,8,1005.8,1175,10,1005.7,3763,15,1006.2,68,3,1006.3,36,3,1006.4,410,5,1006.5,369,5,1006.6,1059,13
317,2025-11-26 11:57:59+05:30,1006.2,54,998.37,5571590,432133.0,367584.0,986.2,1007.1,981.3,986.2,120626250,1084.8,887.6,1102.5,649.1,1006.1,1,1,1006.0,4544,9,1005.9,1814,8,1005.8,1925,11,1005.7,3013,14,1006.2,68,3,1006.3,112,5,1006.4,371,4,1006.5,396,6,1006.6,1059,13
317,2025-11-26 11:58:00+05:30,1006.0,1032,998.37,5571590,432133.0,367584.0,986.2,1007.1,981.3,986.2,120626250,1084.8,887.6,1102.5,649.1,1006.1,1,1,1006.0,4544,9,1005.9,1814,8,1005.8,1925,11,1005.7,3013,14,1006.2,68,3,1006.3,112,5,1006.4,371,4,1006.5,396,6,1006.6,1059,13
317,2025-11-26 11:58:00+05:30,1006.0,1032,998.38,5573487,430691.0,367882.0,986.2,1007.1,981.3,986.2,120626250,1084.8,887.6,1102.5,649.1,1006.0,2723,4,1005.9,1358,6,1005.8,1809,7,1005.7,3005,14,1005.6,2628,21,1006.1,9,1,1006.2,1,1,1006.3,249,8,1006.4,720,6,1006.5,571,6
317,2025-11-26 11:58:01+05:30,1006.0,8,998.38,5573495,432049.0,368350.0,986.2,1007.1,981.3,986.2,120626250,1084.8,887.6,1102.5,649.1,1006.0,2824,6,1005.9,1195,5,1005.8,1122,7,1005.7,3778,16,1005.6,3410,23,1006.1,9,1,1006.2,65,2,1006.3,391,8,1006.4,712,6,1006.5,571,6
317,2025-11-26 11:58:01+05:30,1006.0,8,998.38,5573495,432049.0,368350.0,986.2,1007.1,981.3,986.2,120626250,1084.8,887.6,1102.5,649.1,1006.0,2824,6,1005.9,1195,5,1005.8,1122,7,1005.7,3778,16,1005.6,3410,23,1006.1,9,1,1006.2,65,2,1006.3,391,8,1006.4,712,6,1006.5,571,6
317,2025-11-26 11:58:02+05:30,1006.1,2,998.38,5573495,432049.0,368350.0,986.2,1007.1,981.3,986.2,120626250,1084.8,887.6,1102.5,649.1,1006.0,2824,6,1005.9,1195,5,1005.8,1122,7,1005.7,3778,16,1005.6,3410,23,1006.1,9,1,1006.2,65,2,1006.3,391,8,1006.4,712,6,1006.5,571,6
317,2025-11-26 11:58:02+05:30,1006.1,2,998.38,5573497,432763.0,368132.0,986.2,1007.1,981.3,986.2,120626250,1084.8,887.6,1102.5,649.1,1006.0,2824,6,1005.9,1461,6,1005.8,1034,7,1005.7,3733,16,1005.6,3450,23,1006.1,7,1,1006.2,65,2,1006.3,391,8,1006.4,712,6,1006.5,571,6
317,2025-11-26 11:58:03+05:30,1006.1,4,998.38,5573497,432763.0,368132.0,986.2,1007.1,981.3,986.2,120626250,1084.8,887.6,1102.5,649.1,1006.0,2824,6,1005.9,1461,6,1005.8,1034,7,1005.7,3733,16,1005.6,3450,23,1006.1,7,1,1006.2,65,2,1006.3,391,8,1006.4,712,6,1006.5,571,6
317,2025-11-26 11:58:03+05:30,1006.0,1,998.38,5573516,432910.0,366187.0,986.2,1007.1,981.3,986.2,120626250,1084.8,887.6,1102.5,649.1,1006.0,2927,9,1005.9,2501,9,1005.8,1106,8,1005.7,2983,15,1005.6,3418,23,1006.1,9,1,1006.2,66,3,1006.3,81,3,1006.4,413,3,1006.5,356,4
317,2025-11-26 11:58:04+05:30,1006.0,1,998.38,5573516,432910.0,366187.0,986.2,1007.1,981.3,986.2,120626250,1084.8,887.6,1102.5,649.1,1006.0,2927,9,1005.9,2501,9,1005.8,1106,8,1005.7,2983,15,1005.6,3418,23,1006.1,9,1,1006.2,66,3,1006.3,81,3,1006.4,413,3,1006.5,356,4
317,2025-11-26 11:58:04+05:30,1006.0,1,998.38,5573516,432704.0,366233.0,986.2,1007.1,981.3,986.2,120626250,1084.8,887.6,1102.5,649.1,1006.0,2878,8,1005.9,2524,10,1005.8,1253,10,1005.7,2956,14,1005.6,3418,23,1006.1,9,1,1006.2,146,5,1006.3,5,1,1006.4,413,3,1006.5,356,4
317,2025-11-26 11:58:05+05:30,1006.0,80,998.38,5573516,432704.0,366233.0,986.2,1007.1,981.3,986.2,120626250,1084.8,887.6,1102.5,649.1,1006.0,2878,8,1005.9,2524,10,1005.8,1253,10,1005.7,2956,14,1005.6,3418,23,1006.1,9,1,1006.2,146,5,1006.3,5,1,1006.4,413,3,1006.5,356,4
317,2025-11-26 11:58:05+05:30,1006.0,80,998.38,5573596,431774.0,367319.0,986.2,1007.1,981.3,986.2,120626250,1084.8,887.6,1102.5,649.1,1006.1,52,1,1006.0,2642,7,1005.9,2524,10,1005.8,1204,10,1005.7,3005,14,1006.2,146,5,1006.4,486,5,1006.5,356,4,1006.6,545,9,1006.7,1435,16
317,2025-11-26 11:58:06+05:30,1006.0,80,998.38,5573596,432851.0,367137.0,986.2,1007.1,981.3,986.2,120626250,1084.8,887.6,1102.5,649.1,1006.1,52,1,1006.0,3319,13,1005.9,3819,12,1005.8,3454,13,1005.7,2120,15,1006.2,146,5,1006.4,486,5,1006.5,275,3,1006.6,545,9,1006.7,906,15
317,2025-11-26 11:58:07+05:30,1006.0,80,998.38,5573596,433248.0,366486.0,986.2,1007.1,981.3,986.2,120626250,1084.8,887.6,1102.5,649.1,1006.1,490,6,1006.0,3359,14,1005.9,3915,14,1005.8,3447,13,1005.7,2014,13,1006.2,146,5,1006.4,151,2,1006.6,382,8,1006.7,655,11,1006.8,865,12
317,2025-11-26 11:58:08+05:30,1006.2,1,998.38,5573596,433248.0,366486.0,986.2,1007.1,981.3,986.2,120626250,1084.8,887.6,1102.5,649.1,1006.1,490,6,1006.0,3359,14,1005.9,3915,14,1005.8,3447,13,1005.7,2014,13,1006.2,146,5,1006.4,151,2,1006.6,382,8,1006.7,655,11,1006.8,865,12
317,2025-11-26 11:58:08+05:30,1006.2,1,998.38,5573597,433553.0,366485.0,986.2,1007.1,981.3,986.2,120626250,1084.8,887.6,1102.5,649.1,1006.1,503,7,1006.0,5728,17,1005.9,2343,11,1005.8,4062,16,1005.7,649,9,1006.2,145,4,1006.4,151,2,1006.6,382,8,1006.7,655,11,1006.8,865,12
317,2025-11-26 11:58:09+05:30,1006.2,11,998.38,5573597,433553.0,366485.0,986.2,1007.1,981.3,986.2,120626250,1084.8,887.6,1102.5,649.1,1006.1,503,7,1006.0,5728,17,1005.9,2343,11,1005.8,4062,16,1005.7,649,9,1006.2,145,4,1006.4,151,2,1006.6,382,8,1006.7,655,11,1006.8,865,12
317,2025-11-26 11:58:09+05:30,1006.4,103,998.38,5574133,434756.0,360358.0,986.2,1007.1,981.3,986.2,120626250,1084.8,887.6,1102.5,649.1,1006.2,507,6,1006.1,1183,13,1006.0,5044,19,1005.9,4658,15,1005.8,1643,13,1006.4,47,1,1006.7,93,2,1006.8,1003,5,1006.9,767,11,1007.0,811,11
317,2025-11-26 11:58:10+05:30,1006.3,210,998.38,5574133,434756.0,360358.0,986.2,1007.1,981.3,986.2,120626250,1084.8,887.6,1102.5,649.1,1006.2,507,6,1006.1,1183,13,1006.0,5044,19,1005.9,4658,15,1005.8,1643,13,1006.4,47,1,1006.7,93,2,1006.8,1003,5,1006.9,767,11,1007.0,811,11
317,2025-11-26 11:58:10+05:30,1006.2,1,998.38,5574800,435080.0,363940.0,986.2,1007.1,981.3,986.2,120626250,1084.8,887.6,1102.5,649.1,1006.2,262,3,1006.1,761,8,1006.0,6431,21,1005.9,3939,15,1005.8,1821,14,1006.3,59,1,1006.4,47,1,1006.7,380,5,1006.8,1078,8,1006.9,767,11
317,2025-11-26 11:58:11+05:30,1006.2,87,998.38,5574800,435080.0,363940.0,986.2,1007.1,981.3,986.2,120626250,1084.8,887.6,1102.5,649.1,1006.2,262,3,1006.1,761,8,1006.0,6431,21,1005.9,3939,15,1005.8,1821,14,1006.3,59,1,1006.4,47,1,1006.7,380,5,1006.8,1078,8,1006.9,767,11
317,2025-11-26 11:58:11+05:30,1006.2,87,998.38,5574900,435122.0,363936.0,986.2,1007.1,981.3,986.2,120626250,1084.8,887.6,1102.5,649.1,1006.2,389,4,1006.1,765,8,1006.0,6388,21,1005.9,3939,15,1005.8,1775,13,1006.3,59,1,1006.4,47,1,1006.7,379,4,1006.8,1080,10,1006.9,767,11
317,2025-11-26 11:58:12+05:30,1006.3,5,998.38,5574906,435226.0,363905.0,986.2,1007.1,981.3,986.2,120626250,1084.8,887.6,1102.5,649.1,1006.2,488,5,1006.1,765,8,1006.0,6393,22,1005.9,3939,15,1005.8,1749,11,1006.3,54,1,1006.4,47,1,1006.7,379,4,1006.8,1080,10,1006.9,767,11
317,2025-11-26 11:58:13+05:30,1006.3,1,998.38,5574906,435226.0,363905.0,986.2,1007.1,981.3,986.2,120626250,1084.8,887.6,1102.5,649.1,1006.2,488,5,1006.1,765,8,1006.0,6393,22,1005.9,3939,15,1005.8,1749,11,1006.3,54,1,1006.4,47,1,1006.7,379,4,1006.8,1080,10,1006.9,767,11
317,2025-11-26 11:58:13+05:30,1006.3,1,998.38,5574918,435102.0,364047.0,986.2,1007.1,981.3,986.2,120626250,1084.8,887.6,1102.5,649.1,1006.2,240,2,1006.1,824,9,1006.0,6458,23,1005.9,3939,15,1005.8,1749,11,1006.3,166,2,1006.4,47,1,1006.5,7,1,1006.7,405,6,1006.8,1054,8
317,2025-11-26 11:58:14+05:30,1006.3,70,998.38,5574918,435102.0,364047.0,986.2,1007.1,981.3,986.2,120626250,1084.8,887.6,1102.5,649.1,1006.2,240,2,1006.1,824,9,1006.0,6458,23,1005.9,3939,15,1005.8,1749,11,1006.3,166,2,1006.4,47,1,1006.5,7,1,1006.7,405,6,1006.8,1054,8
317,2025-11-26 11:58:14+05:30,1006.3,3,998.38,5575033,435163.0,363993.0,986.2,1007.1,981.3,986.2,120626250,1084.8,887.6,1102.5,649.1,1006.2,298,3,1006.1,824,9,1006.0,6461,24,1005.9,3939,15,1005.8,1749,11,1006.3,110,2,1006.4,47,1,1006.5,7,1,1006.7,379,4,1006.8,1080,10
317,2025-11-26 11:58:15+05:30,1006.3,15,998.38,5575033,435163.0,363993.0,986.2,1007.1,981.3,986.2,120626250,1084.8,887.6,1102.5,649.1,1006.2,298,3,1006.1,824,9,1006.0,6461,24,1005.9,3939,15,1005.8,1749,11,1006.3,110,2,1006.4,47,1,1006.5,7,1,1006.7,379,4,1006.8,1080,10
317,2025-11-26 11:58:15+05:30,1006.4,53,998.38,5575497,436312.0,365071.0,986.2,1007.1,981.3,986.2,120626250,1084.8,887.6,1102.5,649.1,1006.4,48,2,1006.3,251,3,1006.2,1173,8,1006.1,2320,12,1006.0,5864,25,1006.5,11,2,1006.7,1,1,1006.8,178,1,1006.9,918,7,1007.0,3993,19
317,2025-11-26 11:58:16+05:30,1006.4,53,998.38,5575497,436312.0,365071.0,986.2,1007.1,981.3,986.2,120626250,1084.8,887.6,1102.5,649.1,1006.4,48,2,1006.3,251,3,1006.2,1173,8,1006.1,2320,12,1006.0,5864,25,1006.5,11,2,1006.7,1,1,1006.8,178,1,1006.9,918,7,1007.0,3993,19
317,2025-11-26 11:58:16+05:30,1006.4,53,998.38,5575497,434256.0,366915.0,986.2,1007.1,981.3,986.2,120626250,1084.8,887.6,1102.5,649.1,1006.4,166,2,1006.3,1461,5,1006.2,2563,12,1006.1,4113,13,1006.0,3454,20,1006.5,15,3,1006.6,51,1,1006.7,163,2,1006.8,204,3,1006.9,433,6
317,2025-11-26 11:58:17+05:30,1006.4,53,998.38,5575497,434283.0,367006.0,986.2,1007.1,981.3,986.2,120626250,1084.8,887.6,1102.5,649.1,1006.4,172,2,1006.3,1412,4,1006.2,2280,11,1006.1,2379,13,1006.0,4175,20,1006.5,15,3,1006.6,51,1,1006.7,162,1,1006.8,204,3,1006.9,434,7
317,2025-11-26 11:58:18+05:30,1006.4,53,998.38,5575497,435993.0,367263.0,986.2,1007.1,981.3,986.2,120626250,1084.8,887.6,1102.5,649.1,1006.4,139,1,1006.3,662,3,1006.2,715,8,1006.1,3194,15,1006.0,5675,22,1006.5,15,3,1006.6,51,1,1006.7,340,2,1006.8,228,4,1006.9,434,7
317,2025-11-26 11:58:19+05:30,1006.4,53,998.38,5575497,436818.0,367317.0,986.2,1007.1,981.3,986.2,120626250,1084.8,887.6,1102.5,649.1,1006.4,165,2,1006.3,2211,6,1006.2,3981,13,1006.1,2017,13,1006.0,3451,21,1006.5,92,4,1006.6,51,1,1006.7,340,2,1006.8,204,3,1006.9,434,7
317,2025-11-26 11:58:20+05:30,1006.4,34,998.38,5575497,436818.0,367317.0,986.2,1007.1,981.3,986.2,120626250,1084.8,887.6,1102.5,649.1,1006.4,165,2,1006.3,2211,6,1006.2,3981,13,1006.1,2017,13,1006.0,3451,21,1006.5,92,4,1006.6,51,1,1006.7,340,2,1006.8,204,3,1006.9,434,7
317,2025-11-26 11:58:20+05:30,1006.4,34,998.38,5575696,436855.0,367121.0,986.2,1007.1,981.3,986.2,120626250,1084.8,887.6,1102.5,649.1,1006.4,187,2,1006.3,2236,7,1006.2,4105,15,1006.1,1887,11,1006.0,3451,21,1006.5,92,4,1006.6,51,1,1006.7,162,1,1006.8,204,3,1006.9,434,7
317,2025-11-26 11:58:21+05:30,1006.4,10,998.38,5575696,436855.0,367121.0,986.2,1007.1,981.3,986.2,120626250,1084.8,887.6,1102.5,649.1,1006.4,187,2,1006.3,2236,7,1006.2,4105,15,1006.1,1887,11,1006.0,3451,21,1006.5,92,4,1006.6,51,1,1006.7,162,1,1006.8,204,3,1006.9,434,7
317,2025-11-26 11:58:21+05:30,1006.5,2,998.38,5575862,436846.0,367268.0,986.2,1007.1,981.3,986.2,120626250,1084.8,887.6,1102.5,649.1,1006.4,177,2,1006.3,2419,9,1006.2,4105,15,1006.1,1887,11,1006.0,3451,21,1006.5,13,3,1006.6,51,1,1006.8,204,3,1006.9,434,7,1007.0,4369,18
317,2025-11-26 11:58:22+05:30,1006.5,2,998.38,5575862,436846.0,367268.0,986.2,1007.1,981.3,986.2,120626250,1084.8,887.6,1102.5,649.1,1006.4,177,2,1006.3,2419,9,1006.2,4105,15,1006.1,1887,11,1006.0,3451,21,1006.5,13,3,1006.6,51,1,1006.8,204,3,1006.9,434,7,1007.0,4369,18
317,2025-11-26 11:58:22+05:30,1006.5,3,998.38,5575870,436846.0,367442.0,986.2,1007.1,981.3,986.2,120626250,1084.8,887.6,1102.5,649.1,1006.4,177,2,1006.3,2419,9,1006.2,4105,15,1006.1,1887,11,1006.0,3451,21,1006.5,12,3,1006.6,51,1,1006.8,204,3,1006.9,434,7,1007.0,4369,18
317,2025-11-26 11:58:23+05:30,1006.5,3,998.38,5575870,436846.0,367442.0,986.2,1007.1,981.3,986.2,120626250,1084.8,887.6,1102.5,649.1,1006.4,177,2,1006.3,2419,9,1006.2,4105,15,1006.1,1887,11,1006.0,3451,21,1006.5,12,3,1006.6,51,1,1006.8,204,3,1006.9,434,7,1007.0,4369,18
317,2025-11-26 11:58:23+05:30,1006.5,3,998.38,5575870,437231.0,367353.0,986.2,1007.1,981.3,986.2,120626250,1084.8,887.6,1102.5,649.1,1006.4,190,3,1006.3,2241,8,1006.2,4059,15,1006.1,2012,16,1006.0,4229,23,1006.5,112,4,1006.6,51,1,1006.8,204,3,1006.9,434,7,1007.0,4369,18
317,2025-11-26 11:58:24+05:30,1006.4,1,998.38,5575871,437146.0,367549.0,986.2,1007.1,981.3,986.2,120626250,1084.8,887.6,1102.5,649.1,1006.4,189,3,1006.3,2241,8,1006.2,4121,16,1006.1,1950,15,1006.0,4229,23,1006.5,112,4,1006.6,51,1,1006.7,26,2,1006.8,178,1,1006.9,449,8
317,2025-11-26 11:58:25+05:30,1006.4,1,998.38,5575871,437146.0,367549.0,986.2,1007.1,981.3,986.2,120626250,1084.8,887.6,1102.5,649.1,1006.4,189,3,1006.3,2241,8,1006.2,4121,16,1006.1,1950,15,1006.0,4229,23,1006.5,112,4,1006.6,51,1,1006.7,26,2,1006.8,178,1,1006.9,449,8
317,2025-11-26 11:58:25+05:30,1006.4,28,998.38,5575993,436357.0,367709.0,986.2,1007.1,981.3,986.2,120626250,1084.8,887.6,1102.5,649.1,1006.4,206,3,1006.3,1743,7,1006.2,4059,15,1006.1,2012,16,1006.0,4229,23,1006.5,236,5,1006.6,51,1,1006.7,26,2,1006.8,227,2,1006.9,449,8
317,2025-11-26 11:58:26+05:30,1006.4,28,998.38,5575993,436357.0,367709.0,986.2,1007.1,981.3,986.2,120626250,1084.8,887.6,1102.5,649.1,1006.4,206,3,1006.3,1743,7,1006.2,4059,15,1006.1,2012,16,1006.0,4229,23,1006.5,236,5,1006.6,51,1,1006.7,26,2,1006.8,227,2,1006.9,449,8
317,2025-11-26 11:58:26+05:30,1006.4,28,998.38,5575993,435813.0,367737.0,986.2,1007.1,981.3,986.2,120626250,1084.8,887.6,1102.5,649.1,1006.4,206,3,1006.3,1743,7,1006.2,4121,16,1006.1,1950,15,1006.0,4229,23,1006.5,236,5,1006.6,51,1,1006.7,26,2,1006.8,227,2,1006.9,449,8
317,2025-11-26 11:58:27+05:30,1006.4,1,998.38,5575993,435813.0,367737.0,986.2,1007.1,981.3,986.2,120626250,1084.8,887.6,1102.5,649.1,1006.4,206,3,1006.3,1743,7,1006.2,4121,16,1006.1,1950,15,1006.0,4229,23,1006.5,236,5,1006.6,51,1,1006.7,26,2,1006.8,227,2,1006.9,449,8
317,2025-11-26 11:58:27+05:30,1006.4,1,998.38,5575994,435822.0,367907.0,986.2,1007.1,981.3,986.2,120626250,1084.8,887.6,1102.5,649.1,1006.4,205,3,1006.3,1743,7,1006.2,4121,16,1006.1,1950,15,1006.0,4229,23,1006.5,236,5,1006.6,51,1,1006.7,26,2,1006.8,227,2,1006.9,449,8
317,2025-11-26 11:58:28+05:30,1006.4,244,998.38,5576304,431371.0,368746.0,986.2,1007.1,981.3,986.2,120626250,1084.8,887.6,1102.5,649.1,1006.4,35,1,1006.3,882,3,1006.2,1753,5,1006.1,1642,7,1006.0,3247,18,1006.5,236,5,1006.6,175,3,1006.7,431,6,1006.8,756,6,1006.9,651,9
317,2025-11-26 11:58:29+05:30,1006.3,5,998.38,5576304,431371.0,368746.0,986.2,1007.1,981.3,986.2,120626250,1084.8,887.6,1102.5,649.1,1006.4,35,1,1006.3,882,3,1006.2,1753,5,1006.1,1642,7,1006.0,3247,18,1006.5,236,5,1006.6,175,3,1006.7,431,6,1006.8,756,6,1006.9,651,9
317,2025-11-26 11:58:29+05:30,1006.3,5,998.38,5576475,433881.0,369727.0,986.2,1007.1,981.3,986.2,120626250,1084.8,887.6,1102.5,649.1,1006.4,6,1,1006.3,25,1,1006.2,261,3,1006.1,742,6,1006.0,5594,17,1006.5,236,5,1006.6,346,5,1006.7,500,6,1006.8,980,10,1006.9,745,10
317,2025-11-26 11:58:29+05:30,1006.3,5,998.38,5576475,433881.0,369727.0,986.2,1007.1,981.3,986.2,120626250,1084.8,887.6,1102.5,649.1,1006.4,6,1,1006.3,25,1,1006.2,261,3,1006.1,742,6,1006.0,5594,17,1006.5,236,5,1006.6,346,5,1006.7,500,6,1006.8,980,10,1006.9,745,10
317,2025-11-26 11:58:30+05:30,1006.3,5,998.38,5576475,433881.0,369727.0,986.2,1007.1,981.3,986.2,120626250,1084.8,887.6,1102.5,649.1,1006.4,6,1,1006.3,25,1,1006.2,261,3,1006.1,742,6,1006.0,5594,17,1006.5,236,5,1006.6,346,5,1006.7,500,6,1006.8,980,10,1006.9,745,10
317,2025-11-26 11:58:30+05:30,1006.4,25,998.38,5576475,433881.0,369727.0,986.2,1007.1,981.3,986.2,120626250,1084.8,887.6,1102.5,649.1,1006.4,6,1,1006.3,25,1,1006.2,261,3,1006.1,742,6,1006.0,5594,17,1006.5,236,5,1006.6,346,5,1006.7,500,6,1006.8,980,10,1006.9,745,10
317,2025-11-26 11:58:30+05:30,1006.4,25,998.38,5576475,433881.0,369727.0,986.2,1007.1,981.3,986.2,120626250,1084.8,887.6,1102.5,649.1,1006.4,6,1,1006.3,25,1,1006.2,261,3,1006.1,742,6,1006.0,5594,17,1006.5,236,5,1006.6,346,5,1006.7,500,6,1006.8,980,10,1006.9,745,10
317,2025-11-26 11:58:30+05:30,1006.3,8,998.38,5576562,434544.0,369433.0,986.2,1007.1,981.3,986.2,120626250,1084.8,887.6,1102.5,649.1,1006.3,18,2,1006.2,261,3,1006.1,742,6,1006.0,5624,18,1005.9,3975,16,1006.4,20,1,1006.5,236,5,1006.6,222,3,1006.7,638,8,1006.8,780,10
317,2025-11-26 11:58:30+05:30,1006.3,8,998.38,5576562,434544.0,369433.0,986.2,1007.1,981.3,986.2,120626250,1084.8,887.6,1102.5,649.1,1006.3,18,2,1006.2,261,3,1006.1,742,6,1006.0,5624,18,1005.9,3975,16,1006.4,20,1,1006.5,236,5,1006.6,222,3,1006.7,638,8,1006.8,780,10
317,2025-11-26 11:58:31+05:30,1006.3,8,998.38,5576562,434544.0,369433.0,986.2,1007.1,981.3,986.2,120626250,1084.8,887.6,1102.5,649.1,1006.3,18,2,1006.2,261,3,1006.1,742,6,1006.0,5624,18,1005.9,3975,16,1006.4,20,1,1006.5,236,5,1006.6,222,3,1006.7,638,8,1006.8,780,10
317,2025-11-26 11:58:31+05:30,1006.3,8,998.38,5576562,434544.0,369433.0,986.2,1007.1,981.3,986.2,120626250,1084.8,887.6,1102.5,649.1,1006.3,18,2,1006.2,261,3,1006.1,742,6,1006.0,5624,18,1005.9,3975,16,1006.4,20,1,1006.5,236,5,1006.6,222,3,1006.7,638,8,1006.8,780,10
317,2025-11-26 11:58:31+05:30,1006.3,8,998.38,5576562,434777.0,368671.0,986.2,1007.1,981.3,986.2,120626250,1084.8,887.6,1102.5,649.1,1006.3,91,4,1006.2,333,4,1006.1,814,7,1006.0,5693,19,1005.9,3975,16,1006.4,20,1,1006.5,236,5,1006.6,222,3,1006.7,638,8,1006.8,780,10
317,2025-11-26 11:58:31+05:30,1006.3,8,998.38,5576562,434777.0,368671.0,986.2,1007.1,981.3,986.2,120626250,1084.8,887.6,1102.5,649.1,1006.3,91,4,1006.2,333,4,1006.1,814,7,1006.0,5693,19,1005.9,3975,16,1006.4,20,1,1006.5,236,5,1006.6,222,3,1006.7,638,8,1006.8,780,10
317,2025-11-26 11:58:32+05:30,1006.3,8,998.38,5576562,434777.0,368671.0,986.2,1007.1,981.3,986.2,120626250,1084.8,887.6,1102.5,649.1,1006.3,91,4,1006.2,333,4,1006.1,814,7,1006.0,5693,19,1005.9,3975,16,1006.4,20,1,1006.5,236,5,1006.6,222,3,1006.7,638,8,1006.8,780,10
317,2025-11-26 11:58:32+05:30,1006.3,74,998.38,5576562,434777.0,368671.0,986.2,1007.1,981.3,986.2,120626250,1084.8,887.6,1102.5,649.1,1006.3,91,4,1006.2,333,4,1006.1,814,7,1006.0,5693,19,1005.9,3975,16,1006.4,20,1,1006.5,236,5,1006.6,222,3,1006.7,638,8,1006.8,780,10
317,2025-11-26 11:58:32+05:30,1006.3,74,998.38,5576562,434777.0,368671.0,986.2,1007.1,981.3,986.2,120626250,1084.8,887.6,1102.5,649.1,1006.3,91,4,1006.2,333,4,1006.1,814,7,1006.0,5693,19,1005.9,3975,16,1006.4,20,1,1006.5,236,5,1006.6,222,3,1006.7,638,8,1006.8,780,10
317,2025-11-26 11:58:32+05:30,1006.3,74,998.38,5576727,434818.0,369523.0,986.2,1007.1,981.3,986.2,120626250,1084.8,887.6,1102.5,649.1,1006.3,87,2,1006.2,327,5,1006.1,741,6,1006.0,5762,20,1005.9,3975,16,1006.4,21,2,1006.5,236,5,1006.6,379,5,1006.7,555,7,1006.8,859,12
317,2025-11-26 11:58:32+05:30,1006.3,74,998.38,5576727,434818.0,369523.0,986.2,1007.1,981.3,986.2,120626250,1084.8,887.6,1102.5,649.1,1006.3,87,2,1006.2,327,5,1006.1,741,6,1006.0,5762,20,1005.9,3975,16,1006.4,21,2,1006.5,236,5,1006.6,379,5,1006.7,555,7,1006.8,859,12
317,2025-11-26 11:58:33+05:30,1006.3,74,998.38,5576727,434818.0,369523.0,986.2,1007.1,981.3,986.2,120626250,1084.8,887.6,1102.5,649.1,1006.3,87,2,1006.2,327,5,1006.1,741,6,1006.0,5762,20,1005.9,3975,16,1006.4,21,2,1006.5,236,5,1006.6,379,5,1006.7,555,7,1006.8,859,12
317,2025-11-26 11:58:33+05:30,1006.4,5,998.38,5576727,434818.0,369523.0,986.2,1007.1,981.3,986.2,120626250,1084.8,887.6,1102.5,649.1,1006.3,87,2,1006.2,327,5,1006.1,741,6,1006.0,5762,20,1005.9,3975,16,1006.4,21,2,1006.5,236,5,1006.6,379,5,1006.7,555,7,1006.8,859,12
317,2025-11-26 11:58:33+05:30,1006.4,5,998.38,5576727,434818.0,369523.0,986.2,1007.1,981.3,986.2,120626250,1084.8,887.6,1102.5,649.1,1006.3,87,2,1006.2,327,5,1006.1,741,6,1006.0,5762,20,1005.9,3975,16,1006.4,21,2,1006.5,236,5,1006.6,379,5,1006.7,555,7,1006.8,859,12
317,2025-11-26 11:58:33+05:30,1006.4,5,998.38,5576727,434818.0,369523.0,986.2,1007.1,981.3,986.2,120618000,1084.8,887.6,1102.5,649.1,1006.3,87,2,1006.2,327,5,1006.1,741,6,1006.0,5762,20,1005.9,3975,16,1006.4,21,2,1006.5,236,5,1006.6,379,5,1006.7,555,7,1006.8,859,12
317,2025-11-26 11:58:33+05:30,1006.4,5,998.38,5576736,434719.0,369547.0,986.2,1007.1,981.3,986.2,120618000,1084.8,887.6,1102.5,649.1,1006.3,87,2,1006.2,327,5,1006.1,741,6,1006.0,5762,20,1005.9,3975,16,1006.4,12,2,1006.5,236,5,1006.6,310,4,1006.7,637,9,1006.8,846,11
317,2025-11-26 11:58:33+05:30,1006.4,5,998.38,5576736,434719.0,369547.0,986.2,1007.1,981.3,986.2,120618000,1084.8,887.6,1102.5,649.1,1006.3,87,2,1006.2,327,5,1006.1,741,6,1006.0,5762,20,1005.9,3975,16,1006.4,12,2,1006.5,236,5,1006.6,310,4,1006.7,637,9,1006.8,846,11
317,2025-11-26 11:58:34+05:30,1006.4,96,998.38,5576736,434719.0,369547.0,986.2,1007.1,981.3,986.2,120618000,1084.8,887.6,1102.5,649.1,1006.3,87,2,1006.2,327,5,1006.1,741,6,1006.0,5762,20,1005.9,3975,16,1006.4,12,2,1006.5,236,5,1006.6,310,4,1006.7,637,9,1006.8,846,11
317,2025-11-26 11:58:34+05:30,1006.4,96,998.38,5576736,434719.0,369547.0,986.2,1007.1,981.3,986.2,120618000,1084.8,887.6,1102.5,649.1,1006.3,87,2,1006.2,327,5,1006.1,741,6,1006.0,5762,20,1005.9,3975,16,1006.4,12,2,1006.5,236,5,1006.6,310,4,1006.7,637,9,1006.8,846,11
317,2025-11-26 11:58:34+05:30,1006.4,96,998.38,5576844,434124.0,369610.0,986.2,1007.1,981.3,986.2,120618000,1084.8,887.6,1102.5,649.1,1006.4,4,1,1006.3,87,2,1006.2,278,4,1006.1,870,6,1006.0,5594,17,1006.5,236,5,1006.6,310,4,1006.7,587,8,1006.8,846,11,1006.9,1224,11
317,2025-11-26 11:58:35+05:30,1006.4,96,998.38,5576844,433365.0,369704.0,986.2,1007.1,981.3,986.2,120618000,1084.8,887.6,1102.5,649.1,1006.4,4,1,1006.3,87,2,1006.2,278,4,1006.1,692,5,1006.0,4872,17,1006.5,236,5,1006.6,424,6,1006.7,649,10,1006.8,791,10,1006.9,1224,11
317,2025-11-26 11:58:36+05:30,1006.4,1,998.38,5576845,433305.0,369570.0,986.2,1007.1,981.3,986.2,120618000,1084.8,887.6,1102.5,649.1,1006.4,3,1,1006.3,87,2,1006.2,278,4,1006.1,692,5,1006.0,4872,17,1006.5,236,5,1006.6,424,6,1006.7,649,10,1006.8,764,9,1006.9,1426,12
317,2025-11-26 11:58:37+05:30,1006.4,1,998.38,5576845,433305.0,369570.0,986.2,1007.1,981.3,986.2,120618000,1084.8,887.6,1102.5,649.1,1006.4,3,1,1006.3,87,2,1006.2,278,4,1006.1,692,5,1006.0,4872,17,1006.5,236,5,1006.6,424,6,1006.7,649,10,1006.8,764,9,1006.9,1426,12
317,2025-11-26 11:58:37+05:30,1006.4,1,998.38,5576845,433331.0,369594.0,986.2,1007.1,981.3,986.2,120618000,1084.8,887.6,1102.5,649.1,1006.4,3,1,1006.3,87,2,1006.2,278,4,1006.1,692,5,1006.0,4872,17,1006.5,236,5,1006.6,424,6,1006.7,649,10,1006.8,764,9,1006.9,1426,12
317,2025-11-26 11:58:38+05:30,1006.5,20,998.38,5576877,430310.0,369720.0,986.2,1007.1,981.3,986.2,120618000,1084.8,887.6,1102.5,649.1,1006.4,3,1,1006.3,87,2,1006.2,278,4,1006.1,687,4,1006.0,3106,14,1006.5,365,7,1006.6,596,9,1006.7,580,9,1006.8,790,10,1006.9,1692,13
317,2025-11-26 11:58:39+05:30,1006.5,20,998.38,5576877,430310.0,369720.0,986.2,1007.1,981.3,986.2,120618000,1084.8,887.6,1102.5,649.1,1006.4,3,1,1006.3,87,2,1006.2,278,4,1006.1,687,4,1006.0,3106,14,1006.5,365,7,1006.6,596,9,1006.7,580,9,1006.8,790,10,1006.9,1692,13
317,2025-11-26 11:58:39+05:30,1006.5,20,998.38,5576877,430379.0,369957.0,986.2,1007.1,981.3,986.2,120618000,1084.8,887.6,1102.5,649.1,1006.4,3,1,1006.3,87,2,1006.2,278,4,1006.1,687,4,1006.0,3106,14,1006.5,219,5,1006.6,542,8,1006.7,526,8,1006.8,764,9,1006.9,1129,11
317,2025-11-26 11:58:40+05:30,1006.4,3,998.38,5576877,430379.0,369957.0,986.2,1007.1,981.3,986.2,120618000,1084.8,887.6,1102.5,649.1,1006.4,3,1,1006.3,87,2,1006.2,278,4,1006.1,687,4,1006.0,3106,14,1006.5,219,5,1006.6,542,8,1006.7,526,8,1006.8,764,9,1006.9,1129,11
317,2025-11-26 11:58:40+05:30,1006.4,3,998.38,5576880,433104.0,369948.0,986.2,1007.1,981.3,986.2,120618000,1084.8,887.6,1102.5,649.1,1006.3,169,3,1006.2,332,5,1006.1,692,5,1006.0,3459,17,1005.9,3208,15,1006.4,7,2,1006.5,314,7,1006.6,259,3,1006.7,589,9,1006.8,827,10
317,2025-11-26 11:58:41+05:30,1006.4,9,998.38,5576880,433104.0,369948.0,986.2,1007.1,981.3,986.2,120618000,1084.8,887.6,1102.5,649.1,1006.3,169,3,1006.2,332,5,1006.1,692,5,1006.0,3459,17,1005.9,3208,15,1006.4,7,2,1006.5,314,7,1006.6,259,3,1006.7,589,9,1006.8,827,10
317,2025-11-26 11:58:41+05:30,1006.4,9,998.38,5576896,433830.0,370332.0,986.2,1007.1,981.3,986.2,120618000,1084.8,887.6,1102.5,649.1,1006.3,169,3,1006.2,332,5,1006.1,870,6,1006.0,3435,16,1005.9,3208,15,1006.4,9,1,1006.5,314,7,1006.6,259,3,1006.7,589,9,1006.8,827,10
317,2025-11-26 11:58:42+05:30,1006.4,9,998.38,5576896,430406.0,371321.0,986.2,1007.1,981.3,986.2,120618000,1084.8,887.6,1102.5,649.1,1006.3,169,3,1006.2,227,4,1006.1,313,5,1006.0,2923,11,1005.9,2060,15,1006.4,148,8,1006.5,330,8,1006.6,497,7,1006.7,558,8,1006.8,966,10
317,2025-11-26 11:58:43+05:30,1006.4,1,998.38,5576896,430406.0,371321.0,986.2,1007.1,981.3,986.2,120618000,1084.8,887.6,1102.5,649.1,1006.3,169,3,1006.2,227,4,1006.1,313,5,1006.0,2923,11,1005.9,2060,15,1006.4,148,8,1006.5,330,8,1006.6,497,7,1006.7,558,8,1006.8,966,10
317,2025-11-26 11:58:43+05:30,1006.4,1,998.38,5576906,430283.0,370751.0,986.2,1007.1,981.3,986.2,120618000,1084.8,887.6,1102.5,649.1,1006.3,169,3,1006.2,227,4,1006.1,204,4,1006.0,2923,11,1005.9,2768,15,1006.4,59,2,1006.5,314,7,1006.6,497,7,1006.7,584,10,1006.8,660,8
317,2025-11-26 11:58:44+05:30,1006.4,3,998.38,5576906,430283.0,370751.0,986.2,1007.1,981.3,986.2,120618000,1084.8,887.6,1102.5,649.1,1006.3,169,3,1006.2,227,4,1006.1,204,4,1006.0,2923,11,1005.9,2768,15,1006.4,59,2,1006.5,314,7,1006.6,497,7,1006.7,584,10,1006.8,660,8
317,2025-11-26 11:58:44+05:30,1006.4,30,998.38,5576939,429996.0,370819.0,986.2,1007.1,981.3,986.2,120618000,1084.8,887.6,1102.5,649.1,1006.3,182,4,1006.2,227,4,1006.1,204,4,1006.0,2923,11,1005.9,2768,15,1006.4,26,2,1006.5,307,6,1006.6,442,8,1006.7,647,11,1006.8,660,8
317,2025-11-26 11:58:45+05:30,1006.3,54,998.38,5576939,429996.0,370819.0,986.2,1007.1,981.3,986.2,120618000,1084.8,887.6,1102.5,649.1,1006.3,182,4,1006.2,227,4,1006.1,204,4,1006.0,2923,11,1005.9,2768,15,1006.4,26,2,1006.5,307,6,1006.6,442,8,1006.7,647,11,1006.8,660,8
317,2025-11-26 11:58:45+05:30,1006.3,54,998.38,5576993,430376.0,370839.0,986.2,1007.1,981.3,986.2,120618000,1084.8,887.6,1102.5,649.1,1006.3,128,4,1006.2,227,4,1006.1,204,4,1006.0,3023,12,1005.9,2801,16,1006.4,88,2,1006.5,264,5,1006.6,505,9,1006.7,612,11,1006.8,660,8
317,2025-11-26 11:58:46+05:30,1006.3,5,998.38,5576998,430371.0,370811.0,986.2,1007.1,981.3,986.2,120618000,1084.8,887.6,1102.5,649.1,1006.3,123,4,1006.2,227,4,1006.1,204,4,1006.0,3023,12,1005.9,2801,16,1006.4,88,2,1006.5,264,5,1006.6,505,9,1006.7,584,10,1006.8,660,8
317,2025-11-26 11:58:47+05:30,1006.3,17,998.38,5576998,430371.0,370811.0,986.2,1007.1,981.3,986.2,120618000,1084.8,887.6,1102.5,649.1,1006.3,123,4,1006.2,227,4,1006.1,204,4,1006.0,3023,12,1005.9,2801,16,1006.4,88,2,1006.5,264,5,1006.6,505,9,1006.7,584,10,1006.8,660,8
317,2025-11-26 11:58:47+05:30,1006.4,183,998.38,5577243,432394.0,369813.0,986.2,1007.1,981.3,986.2,120618000,1084.8,887.6,1102.5,649.1,1006.3,150,3,1006.2,152,3,1006.1,381,6,1006.0,3414,15,1005.9,3212,14,1006.4,24,1,1006.5,264,5,1006.6,456,8,1006.7,558,8,1006.8,686,10
317,2025-11-26 11:58:48+05:30,1006.4,183,998.38,5577243,432394.0,369813.0,986.2,1007.1,981.3,986.2,120618000,1084.8,887.6,1102.5,649.1,1006.3,150,3,1006.2,152,3,1006.1,381,6,1006.0,3414,15,1005.9,3212,14,1006.4,24,1,1006.5,264,5,1006.6,456,8,1006.7,558,8,1006.8,686,10
317,2025-11-26 11:58:48+05:30,1006.3,1,998.38,5577244,431037.0,371639.0,986.2,1007.1,981.3,986.2,120618000,1084.8,887.6,1102.5,649.1,1006.3,198,4,1006.2,152,3,1006.1,444,7,1006.0,3211,15,1005.9,3478,15,1006.4,24,1,1006.5,264,5,1006.6,330,6,1006.7,710,12,1006.8,660,8
317,2025-11-26 11:58:49+05:30,1006.3,1,998.38,5577244,431037.0,371639.0,986.2,1007.1,981.3,986.2,120618000,1084.8,887.6,1102.5,649.1,1006.3,198,4,1006.2,152,3,1006.1,444,7,1006.0,3211,15,1005.9,3478,15,1006.4,24,1,1006.5,264,5,1006.6,330,6,1006.7,710,12,1006.8,660,8
317,2025-11-26 11:58:49+05:30,1006.3,1,998.38,5577244,430557.0,372100.0,986.2,1007.1,981.3,986.2,120618000,1084.8,887.6,1102.5,649.1,1006.3,149,3,1006.2,152,3,1006.1,203,5,1006.0,3148,14,1005.9,2791,15,1006.4,93,1,1006.5,264,5,1006.6,456,8,1006.7,614,11,1006.8,660,8
317,2025-11-26 11:58:50+05:30,1006.3,9,998.38,5577244,430557.0,372100.0,986.2,1007.1,981.3,986.2,120618000,1084.8,887.6,1102.5,649.1,1006.3,149,3,1006.2,152,3,1006.1,203,5,1006.0,3148,14,1005.9,2791,15,1006.4,93,1,1006.5,264,5,1006.6,456,8,1006.7,614,11,1006.8,660,8
317,2025-11-26 11:58:50+05:30,1006.3,1,998.38,5577318,433078.0,371175.0,986.2,1007.1,981.3,986.2,120618000,1084.8,887.6,1102.5,649.1,1006.3,75,2,1006.2,152,3,1006.1,203,5,1006.0,3338,14,1005.9,4025,16,1006.4,93,1,1006.5,264,5,1006.6,242,5,1006.7,652,10,1006.8,724,9
317,2025-11-26 11:58:51+05:30,1006.3,1,998.38,5577318,433078.0,371175.0,986.2,1007.1,981.3,986.2,120618000,1084.8,887.6,1102.5,649.1,1006.3,75,2,1006.2,152,3,1006.1,203,5,1006.0,3338,14,1005.9,4025,16,1006.4,93,1,1006.5,264,5,1006.6,242,5,1006.7,652,10,1006.8,724,9
317,2025-11-26 11:58:51+05:30,1006.4,250,998.38,5577724,433988.0,371839.0,986.2,1007.1,981.3,986.2,120618000,1084.8,887.6,1102.5,649.1,1006.3,75,2,1006.2,152,3,1006.1,460,7,1006.0,4321,18,1005.9,3989,16,1006.4,93,1,1006.5,264,5,1006.6,191,4,1006.7,556,8,1006.8,750,11
317,2025-11-26 11:58:52+05:30,1006.4,10,998.38,5577724,433988.0,371839.0,986.2,1007.1,981.3,986.2,120618000,1084.8,887.6,1102.5,649.1,1006.3,75,2,1006.2,152,3,1006.1,460,7,1006.0,4321,18,1005.9,3989,16,1006.4,93,1,1006.5,264,5,1006.6,191,4,1006.7,556,8,1006.8,750,11
317,2025-11-26 11:58:52+05:30,1006.4,5,998.38,5577743,434495.0,371044.0,986.2,1007.1,981.3,986.2,120618000,1084.8,887.6,1102.5,649.1,1006.3,75,2,1006.2,152,3,1006.1,558,8,1006.0,3819,19,1005.9,4005,17,1006.4,74,1,1006.5,264,5,1006.6,62,4,1006.7,556,8,1006.8,750,11
317,2025-11-26 11:58:53+05:30,1006.3,72,998.38,5577743,434495.0,371044.0,986.2,1007.1,981.3,986.2,120618000,1084.8,887.6,1102.5,649.1,1006.3,75,2,1006.2,152,3,1006.1,558,8,1006.0,3819,19,1005.9,4005,17,1006.4,74,1,1006.5,264,5,1006.6,62,4,1006.7,556,8,1006.8,750,11
317,2025-11-26 11:58:53+05:30,1006.3,72,998.38,5577818,434034.0,372010.0,986.2,1007.1,981.3,986.2,120618000,1084.8,887.6,1102.5,649.1,1006.2,101,2,1006.1,429,8,1006.0,3469,17,1005.9,4300,19,1005.8,3482,17,1006.3,125,1,1006.4,74,1,1006.5,264,5,1006.6,191,4,1006.7,559,8
317,2025-11-26 11:58:54+05:30,1006.3,49,998.38,5577818,434034.0,372010.0,986.2,1007.1,981.3,986.2,120618000,1084.8,887.6,1102.5,649.1,1006.2,101,2,1006.1,429,8,1006.0,3469,17,1005.9,4300,19,1005.8,3482,17,1006.3,125,1,1006.4,74,1,1006.5,264,5,1006.6,191,4,1006.7,559,8
317,2025-11-26 11:58:54+05:30,1006.3,1,998.38,5577944,434582.0,371825.0,986.2,1007.1,981.3,986.2,120618000,1084.8,887.6,1102.5,649.1,1006.3,40,1,1006.2,146,3,1006.1,557,9,1006.0,3700,18,1005.9,4069,18,1006.4,74,1,1006.5,264,5,1006.6,191,4,1006.7,495,6,1006.8,756,11
317,2025-11-26 11:58:55+05:30,1006.3,1,998.38,5577944,434582.0,371825.0,986.2,1007.1,981.3,986.2,120618000,1084.8,887.6,1102.5,649.1,1006.3,40,1,1006.2,146,3,1006.1,557,9,1006.0,3700,18,1005.9,4069,18,1006.4,74,1,1006.5,264,5,1006.6,191,4,1006.7,495,6,1006.8,756,11
317,2025-11-26 11:58:55+05:30,1006.4,2,998.38,5577946,434842.0,372154.0,986.2,1007.1,981.3,986.2,120618000,1084.8,887.6,1102.5,649.1,1006.3,40,1,1006.2,146,3,1006.1,1307,10,1006.0,5136,19,1005.9,4748,22,1006.4,72,1,1006.5,264,5,1006.6,191,4,1006.7,570,9,1006.8,730,9
317,2025-11-26 11:58:56+05:30,1006.4,2,998.38,5577946,434842.0,372154.0,986.2,1007.1,981.3,986.2,120618000,1084.8,887.6,1102.5,649.1,1006.3,40,1,1006.2,146,3,1006.1,1307,10,1006.0,5136,19,1005.9,4748,22,1006.4,72,1,1006.5,264,5,1006.6,191,4,1006.7,570,9,1006.8,730,9
317,2025-11-26 11:58:56+05:30,1006.4,2,998.38,5577946,435645.0,372226.0,986.2,1007.1,981.3,986.2,120618000,1084.8,887.6,1102.5,649.1,1006.3,40,1,1006.2,146,3,1006.1,2057,11,1006.0,7439,23,1005.9,3248,20,1006.4,72,1,1006.5,307,6,1006.6,191,4,1006.7,570,9,1006.8,730,9
317,2025-11-26 11:58:57+05:30,1006.4,2,998.38,5577946,435646.0,372129.0,986.2,1007.1,981.3,986.2,120618000,1084.8,887.6,1102.5,649.1,1006.3,41,2,1006.2,146,3,1006.1,2185,13,1006.0,7439,23,1005.9,3120,18,1006.4,72,1,1006.5,183,5,1006.6,191,4,1006.7,571,10,1006.8,666,8
317,2025-11-26 11:58:58+05:30,1006.4,2,998.38,5577946,435664.0,372088.0,986.2,1007.1,981.3,986.2,120618000,1084.8,887.6,1102.5,649.1,1006.3,51,3,1006.2,146,3,1006.1,2185,13,1006.0,7439,23,1005.9,3120,18,1006.4,72,1,1006.5,183,5,1006.6,191,4,1006.7,571,10,1006.8,666,8
317,2025-11-26 11:58:59+05:30,1006.4,1,998.38,5577946,435664.0,372088.0,986.2,1007.1,981.3,986.2,120618000,1084.8,887.6,1102.5,649.1,1006.3,51,3,1006.2,146,3,1006.1,2185,13,1006.0,7439,23,1005.9,3120,18,1006.4,72,1,1006.5,183,5,1006.6,191,4,1006.7,571,10,1006.8,666,8
317,2025-11-26 11:58:59+05:30,1006.4,1,998.38,5577947,435664.0,372395.0,986.2,1007.1,981.3,986.2,120618000,1084.8,887.6,1102.5,649.1,1006.3,51,3,1006.2,146,3,1006.1,2121,12,1006.0,7503,24,1005.9,3120,18,1006.4,119,2,1006.5,140,4,1006.6,191,4,1006.7,571,10,1006.8,666,8
317,2025-11-26 11:59:00+05:30,1006.3,10,998.38,5577947,435664.0,372395.0,986.2,1007.1,981.3,986.2,120618000,1084.8,887.6,1102.5,649.1,1006.3,51,3,1006.2,146,3,1006.1,2121,12,1006.0,7503,24,1005.9,3120,18,1006.4,119,2,1006.5,140,4,1006.6,191,4,1006.7,571,10,1006.8,666,8
317,2025-11-26 11:59:00+05:30,1006.2,8,998.38,5578107,436076.0,371641.0,986.2,1007.1,981.3,986.2,120618000,1084.8,887.6,1102.5,649.1,1006.2,475,6,1006.1,2121,12,1006.0,7410,22,1005.9,3141,19,1005.8,1950,14,1006.3,4,1,1006.4,33,2,1006.5,140,4,1006.6,13,3,1006.7,571,10
317,2025-11-26 11:59:01+05:30,1006.2,8,998.38,5578107,436076.0,371641.0,986.2,1007.1,981.3,986.2,120618000,1084.8,887.6,1102.5,649.1,1006.2,475,6,1006.1,2121,12,1006.0,7410,22,1005.9,3141,19,1005.8,1950,14,1006.3,4,1,1006.4,33,2,1006.5,140,4,1006.6,13,3,1006.7,571,10
317,2025-11-26 11:59:01+05:30,1006.2,8,998.38,5578107,436076.0,371668.0,986.2,1007.1,981.3,986.2,120618000,1084.8,887.6,1102.5,649.1,1006.2,475,6,1006.1,2121,12,1006.0,7410,22,1005.9,3141,19,1005.8,1950,14,1006.3,4,1,1006.4,33,2,1006.5,140,4,1006.6,13,3,1006.7,571,10
317,2025-11-26 11:59:02+05:30,1006.2,3,998.38,5578107,436076.0,371668.0,986.2,1007.1,981.3,986.2,120618000,1084.8,887.6,1102.5,649.1,1006.2,475,6,1006.1,2121,12,1006.0,7410,22,1005.9,3141,19,1005.8,1950,14,1006.3,4,1,1006.4,33,2,1006.5,140,4,1006.6,13,3,1006.7,571,10
317,2025-11-26 11:59:02+05:30,1006.2,3,998.38,5578110,436279.0,372408.0,986.2,1007.1,981.3,986.2,120618000,1084.8,887.6,1102.5,649.1,1006.2,482,7,1006.1,2457,14,1006.0,7144,21,1005.9,3267,20,1005.8,1950,14,1006.3,4,1,1006.4,33,2,1006.5,140,4,1006.6,13,3,1006.7,566,9
317,2025-11-26 11:59:03+05:30,1006.3,4,998.38,5578110,436279.0,372408.0,986.2,1007.1,981.3,986.2,120618000,1084.8,887.6,1102.5,649.1,1006.2,482,7,1006.1,2457,14,1006.0,7144,21,1005.9,3267,20,1005.8,1950,14,1006.3,4,1,1006.4,33,2,1006.5,140,4,1006.6,13,3,1006.7,566,9
317,2025-11-26 11:59:03+05:30,1006.3,4,998.38,5578118,436279.0,372485.0,986.2,1007.1,981.3,986.2,120618000,1084.8,887.6,1102.5,649.1,1006.2,482,7,1006.1,2191,13,1006.0,7410,22,1005.9,3267,20,1005.8,1950,14,1006.3,57,2,1006.4,70,2,1006.5,88,3,1006.6,13,3,1006.7,566,9
317,2025-11-26 11:59:04+05:30,1006.3,4,998.38,5578118,436292.0,372396.0,986.2,1007.1,981.3,986.2,120618000,1084.8,887.6,1102.5,649.1,1006.2,495,8,1006.1,2191,13,1006.0,7410,22,1005.9,3267,20,1005.8,1950,14,1006.3,57,2,1006.4,70,2,1006.5,88,3,1006.6,13,3,1006.7,566,9
317,2025-11-26 11:59:05+05:30,1006.2,40,998.38,5578118,436292.0,372396.0,986.2,1007.1,981.3,986.2,120618000,1084.8,887.6,1102.5,649.1,1006.2,495,8,1006.1,2191,13,1006.0,7410,22,1005.9,3267,20,1005.8,1950,14,1006.3,57,2,1006.4,70,2,1006.5,88,3,1006.6,13,3,1006.7,566,9
317,2025-11-26 11:59:05+05:30,1006.2,40,998.38,5578248,436170.0,372411.0,986.2,1007.1,981.3,986.2,120618000,1084.8,887.6,1102.5,649.1,1006.2,320,5,1006.1,2127,12,1006.0,7480,23,1005.9,3241,18,1005.8,1976,16,1006.3,46,1,1006.4,70,2,1006.5,88,3,1006.6,13,3,1006.7,566,9
317,2025-11-26 11:59:06+05:30,1006.2,2,998.38,5578248,436170.0,372411.0,986.2,1007.1,981.3,986.2,120618000,1084.8,887.6,1102.5,649.1,1006.2,320,5,1006.1,2127,12,1006.0,7480,23,1005.9,3241,18,1005.8,1976,16,1006.3,46,1,1006.4,70,2,1006.5,88,3,1006.6,13,3,1006.7,566,9
317,2025-11-26 11:59:06+05:30,1006.3,2,998.38,5578252,436168.0,372365.0,986.2,1007.1,981.3,986.2,120618000,1084.8,887.6,1102.5,649.1,1006.2,269,4,1006.1,2393,13,1006.0,8864,23,1005.9,3241,18,1005.8,1976,16,1006.3,44,1,1006.4,70,2,1006.5,88,3,1006.6,183,4,1006.7,566,9
317,2025-11-26 11:59:07+05:30,1006.3,2,998.38,5578252,436168.0,372365.0,986.2,1007.1,981.3,986.2,120618000,1084.8,887.6,1102.5,649.1,1006.2,269,4,1006.1,2393,13,1006.0,8864,23,1005.9,3241,18,1005.8,1976,16,1006.3,44,1,1006.4,70,2,1006.5,88,3,1006.6,183,4,1006.7,566,9
317,2025-11-26 11:59:07+05:30,1006.3,2,998.38,5578252,436148.0,372394.0,986.2,1007.1,981.3,986.2,120618000,1084.8,887.6,1102.5,649.1,1006.2,269,4,1006.1,2393,13,1006.0,8904,24,1005.9,3181,16,1005.8,1976,16,1006.3,44,1,1006.4,70,2,1006.5,88,3,1006.6,183,4,1006.7,566,9
317,2025-11-26 11:59:08+05:30,1006.3,2,998.38,5578252,436148.0,372365.0,986.2,1007.1,981.3,986.2,120618000,1084.8,887.6,1102.5,649.1,1006.2,269,4,1006.1,3143,14,1006.0,8154,23,1005.9,3181,16,1005.8,1976,16,1006.3,44,1,1006.4,70,2,1006.5,88,3,1006.6,183,4,1006.7,566,9
317,2025-11-26 11:59:09+05:30,1006.3,2,998.38,5578252,436899.0,372485.0,986.2,1007.1,981.3,986.2,120618000,1084.8,887.6,1102.5,649.1,1006.2,270,5,1006.1,3213,15,1006.0,8084,22,1005.9,3181,16,1005.8,1976,16,1006.3,44,1,1006.4,70,2,1006.5,88,3,1006.6,183,4,1006.7,566,9
317,2025-11-26 11:59:10+05:30,1006.2,61,998.38,5578252,436899.0,372485.0,986.2,1007.1,981.3,986.2,120618000,1084.8,887.6,1102.5,649.1,1006.2,270,5,1006.1,3213,15,1006.0,8084,22,1005.9,3181,16,1005.8,1976,16,1006.3,44,1,1006.4,70,2,1006.5,88,3,1006.6,183,4,1006.7,566,9
317,2025-11-26 11:59:10+05:30,1006.2,61,998.38,5578313,436691.0,372299.0,986.2,1007.1,981.3,986.2,120618000,1084.8,887.6,1102.5,649.1,1006.2,67,4,1006.1,2807,12,1006.0,8485,25,1005.9,3181,16,1005.8,1976,16,1006.3,64,2,1006.4,95,3,1006.5,88,3,1006.6,183,4,1006.7,566,9
317,2025-11-26 11:59:11+05:30,1006.2,5,998.38,5578318,436967.0,372299.0,986.2,1007.1,981.3,986.2,120618000,1084.8,887.6,1102.5,649.1,1006.2,62,4,1006.1,2807,12,1006.0,8485,25,1005.9,3181,16,1005.8,1976,16,1006.3,64,2,1006.4,95,3,1006.5,88,3,1006.6,183,4,1006.7,566,9
317,2025-11-26 11:59:11+05:30,1006.2,5,998.38,5578318,436967.0,372299.0,986.2,1007.1,981.3,986.2,120618000,1084.8,887.6,1102.5,649.1,1006.2,62,4,1006.1,2807,12,1006.0,8485,25,1005.9,3181,16,1005.8,1976,16,1006.3,64,2,1006.4,95,3,1006.5,88,3,1006.6,183,4,1006.7,566,9
317,2025-11-26 11:59:12+05:30,1006.3,1,998.38,5578325,436967.0,372267.0,986.2,1007.1,981.3,986.2,120618000,1084.8,887.6,1102.5,649.1,1006.2,160,4,1006.1,2872,13,1006.0,8420,24,1005.9,3181,16,1005.8,1976,16,1006.3,58,2,1006.4,95,3,1006.5,88,3,1006.6,183,4,1006.7,566,9
317,2025-11-26 11:59:12+05:30,1006.3,1,998.38,5578325,436967.0,372267.0,986.2,1007.1,981.3,986.2,120618000,1084.8,887.6,1102.5,649.1,1006.2,160,4,1006.1,2872,13,1006.0,8420,24,1005.9,3181,16,1005.8,1976,16,1006.3,58,2,1006.4,95,3,1006.5,88,3,1006.6,183,4,1006.7,566,9
317,2025-11-26 11:59:13+05:30,1006.3,6,998.38,5578335,436967.0,372257.0,986.2,1007.1,981.3,986.2,120618000,1084.8,887.6,1102.5,649.1,1006.2,160,4,1006.1,3138,14,1006.0,8154,23,1005.9,3181,16,1005.8,1976,16,1006.3,48,2,1006.4,95,3,1006.5,88,3,1006.6,183,4,1006.7,566,9
317,2025-11-26 11:59:13+05:30,1006.3,6,998.38,5578335,436967.0,372257.0,986.2,1007.1,981.3,986.2,120618000,1084.8,887.6,1102.5,649.1,1006.2,160,4,1006.1,3138,14,1006.0,8154,23,1005.9,3181,16,1005.8,1976,16,1006.3,48,2,1006.4,95,3,1006.5,88,3,1006.6,183,4,1006.7,566,9
317,2025-11-26 11:59:14+05:30,1006.3,64,998.38,5578447,438023.0,372348.0,986.2,1007.1,981.3,986.2,120618000,1084.8,887.6,1102.5,649.1,1006.2,253,6,1006.1,3203,15,1006.0,8056,21,1005.9,3181,16,1005.8,1976,16,1006.3,46,1,1006.4,95,3,1006.5,88,3,1006.6,13,3,1006.7,517,8
317,2025-11-26 11:59:14+05:30,1006.3,20,998.38,5578447,438023.0,372348.0,986.2,1007.1,981.3,986.2,120618000,1084.8,887.6,1102.5,649.1,1006.2,253,6,1006.1,3203,15,1006.0,8056,21,1005.9,3181,16,1005.8,1976,16,1006.3,46,1,1006.4,95,3,1006.5,88,3,1006.6,13,3,1006.7,517,8
317,2025-11-26 11:59:15+05:30,1006.3,46,998.38,5578516,438058.0,372140.0,986.2,1007.1,981.3,986.2,120618000,1084.8,887.6,1102.5,649.1,1006.2,317,7,1006.1,3138,14,1006.0,8103,23,1005.9,3160,15,1005.8,1976,16,1006.4,95,3,1006.5,88,3,1006.6,13,3,1006.7,517,8,1006.8,1121,7
317,2025-11-26 11:59:15+05:30,1006.3,46,998.38,5578516,438058.0,372140.0,986.2,1007.1,981.3,986.2,120618000,1084.8,887.6,1102.5,649.1,1006.2,317,7,1006.1,3138,14,1006.0,8103,23,1005.9,3160,15,1005.8,1976,16,1006.4,95,3,1006.5,88,3,1006.6,13,3,1006.7,517,8,1006.8,1121,7
317,2025-11-26 11:59:16+05:30,1006.4,36,998.38,5578782,437190.0,372649.0,986.2,1007.1,981.3,986.2,120618000,1084.8,887.6,1102.5,649.1,1006.3,31,2,1006.2,266,4,1006.1,2106,11,1006.0,8243,22,1005.9,3163,16,1006.5,88,3,1006.6,77,2,1006.7,639,10,1006.8,1194,9,1006.9,1196,15
317,2025-11-26 11:59:16+05:30,1006.4,36,998.38,5578782,437190.0,372649.0,986.2,1007.1,981.3,986.2,120618000,1084.8,887.6,1102.5,649.1,1006.3,31,2,1006.2,266,4,1006.1,2106,11,1006.0,8243,22,1005.9,3163,16,1006.5,88,3,1006.6,77,2,1006.7,639,10,1006.8,1194,9,1006.9,1196,15
317,2025-11-26 11:59:17+05:30,1006.5,5,998.38,5578787,438417.0,371974.0,986.2,1007.1,981.3,986.2,120618000,1084.8,887.6,1102.5,649.1,1006.4,26,1,1006.3,48,2,1006.2,1005,7,1006.1,2333,12,1006.0,9005,25,1006.5,93,4,1006.6,77,2,1006.7,671,8,1006.8,823,10,1006.9,1044,13
317,2025-11-26 11:59:17+05:30,1006.5,5,998.38,5578787,438417.0,371974.0,986.2,1007.1,981.3,986.2,120618000,1084.8,887.6,1102.5,649.1,1006.4,26,1,1006.3,48,2,1006.2,1005,7,1006.1,2333,12,1006.0,9005,25,1006.5,93,4,1006.6,77,2,1006.7,671,8,1006.8,823,10,1006.9,1044,13
317,2025-11-26 11:59:18+05:30,1006.5,5,998.38,5578787,438414.0,372305.0,986.2,1007.1,981.3,986.2,120618000,1084.8,887.6,1102.5,649.1,1006.4,39,2,1006.3,48,2,1006.2,1057,7,1006.1,2330,12,1006.0,8940,24,1006.5,93,4,1006.6,77,2,1006.7,606,7,1006.8,860,10,1006.9,1057,14
317,2025-11-26 11:59:19+05:30,1006.4,4,998.38,5578787,438414.0,372305.0,986.2,1007.1,981.3,986.2,120618000,1084.8,887.6,1102.5,649.1,1006.4,39,2,1006.3,48,2,1006.2,1057,7,1006.1,2330,12,1006.0,8940,24,1006.5,93,4,1006.6,77,2,1006.7,606,7,1006.8,860,10,1006.9,1057,14
317,2025-11-26 11:59:19+05:30,1006.4,4,998.38,5578791,438387.0,371995.0,986.2,1007.1,981.3,986.2,120618000,1084.8,887.6,1102.5,649.1,1006.4,40,3,1006.3,43,1,1006.2,992,6,1006.1,2372,12,1006.0,8940,24,1006.5,94,5,1006.6,77,2,1006.7,606,7,1006.8,860,10,1006.9,1646,15
317,2025-11-26 11:59:20+05:30,1006.4,67,998.38,5578791,438387.0,371995.0,986.2,1007.1,981.3,986.2,120618000,1084.8,887.6,1102.5,649.1,1006.4,40,3,1006.3,43,1,1006.2,992,6,1006.1,2372,12,1006.0,8940,24,1006.5,94,5,1006.6,77,2,1006.7,606,7,1006.8,860,10,1006.9,1646,15
317,2025-11-26 11:59:22+05:30,1006.4,13,998.38,5578791,438387.0,371995.0,986.2,1007.1,981.3,986.2,120618000,1084.8,887.6,1102.5,649.1,1006.4,40,3,1006.3,43,1,1006.2,992,6,1006.1,2372,12,1006.0,8940,24,1006.5,94,5,1006.6,77,2,1006.7,606,7,1006.8,860,10,1006.9,1646,15
317,2025-11-26 11:59:23+05:30,1006.3,87,998.39,5579359,438135.0,371230.0,986.2,1007.1,981.3,986.2,120618000,1084.8,887.6,1102.5,649.1,1006.3,93,3,1006.2,366,6,1006.1,2866,11,1006.0,9058,25,1005.9,2502,14,1006.4,18,1,1006.5,61,1,1006.6,127,1,1006.7,272,4,1006.8,483,6
317,2025-11-26 11:59:24+05:30,1006.3,87,998.39,5579359,438135.0,371230.0,986.2,1007.1,981.3,986.2,120618000,1084.8,887.6,1102.5,649.1,1006.3,93,3,1006.2,366,6,1006.1,2866,11,1006.0,9058,25,1005.9,2502,14,1006.4,18,1,1006.5,61,1,1006.6,127,1,1006.7,272,4,1006.8,483,6
317,2025-11-26 11:59:26+05:30,1006.4,50,998.39,5579359,438135.0,371230.0,986.2,1007.1,981.3,986.2,120618000,1084.8,887.6,1102.5,649.1,1006.3,93,3,1006.2,366,6,1006.1,2866,11,1006.0,9058,25,1005.9,2502,14,1006.4,18,1,1006.5,61,1,1006.6,127,1,1006.7,272,4,1006.8,483,6
317,2025-11-26 11:59:28+05:30,1006.4,100,998.39,5579359,438135.0,371230.0,986.2,1007.1,981.3,986.2,120618000,1084.8,887.6,1102.5,649.1,1006.3,93,3,1006.2,366,6,1006.1,2866,11,1006.0,9058,25,1005.9,2502,14,1006.4,18,1,1006.5,61,1,1006.6,127,1,1006.7,272,4,1006.8,483,6
317,2025-11-26 11:59:30+05:30,1006.5,24,998.39,5579359,438135.0,371230.0,986.2,1007.1,981.3,986.2,120618000,1084.8,887.6,1102.5,649.1,1006.3,93,3,1006.2,366,6,1006.1,2866,11,1006.0,9058,25,1005.9,2502,14,1006.4,18,1,1006.5,61,1,1006.6,127,1,1006.7,272,4,1006.8,483,6
317,2025-11-26 11:59:31+05:30,1006.6,2,998.39,5580144,437461.0,373520.0,986.2,1007.1,981.3,986.2,120618000,1084.8,887.6,1102.5,649.1,1006.5,19,1,1006.4,8,1,1006.3,156,3,1006.2,443,6,1006.1,2411,11,1006.6,118,3,1006.7,224,2,1006.8,643,9,1006.9,917,7,1007.0,5561,26
317,2025-11-26 11:59:32+05:30,1006.5,19,998.39,5580144,437461.0,373520.0,986.2,1007.1,981.3,986.2,120618000,1084.8,887.6,1102.5,649.1,1006.5,19,1,1006.4,8,1,1006.3,156,3,1006.2,443,6,1006.1,2411,11,1006.6,118,3,1006.7,224,2,1006.8,643,9,1006.9,917,7,1007.0,5561,26
317,2025-11-26 11:59:34+05:30,1006.5,3,998.39,5580144,437461.0,373520.0,986.2,1007.1,981.3,986.2,120618000,1084.8,887.6,1102.5,649.1,1006.5,19,1,1006.4,8,1,1006.3,156,3,1006.2,443,6,1006.1,2411,11,1006.6,118,3,1006.7,224,2,1006.8,643,9,1006.9,917,7,1007.0,5561,26
317,2025-11-26 11:59:35+05:30,1006.6,2,998.39,5580320,437151.0,373751.0,986.2,1007.1,981.3,986.2,120618000,1084.8,887.6,1102.5,649.1,1006.5,12,1,1006.4,12,1,1006.3,211,5,1006.2,443,6,1006.1,2411,11,1006.6,130,3,1006.7,224,2,1006.8,642,8,1006.9,1478,11,1007.0,5868,28
317,2025-11-26 11:59:36+05:30,1006.6,2,998.39,5580320,437151.0,373751.0,986.2,1007.1,981.3,986.2,120618000,1084.8,887.6,1102.5,649.1,1006.5,12,1,1006.4,12,1,1006.3,211,5,1006.2,443,6,1006.1,2411,11,1006.6,130,3,1006.7,224,2,1006.8,642,8,1006.9,1478,11,1007.0,5868,28
317,2025-11-26 11:59:38+05:30,1006.3,1,998.39,5580320,437151.0,373751.0,986.2,1007.1,981.3,986.2,120618000,1084.8,887.6,1102.5,649.1,1006.5,12,1,1006.4,12,1,1006.3,211,5,1006.2,443,6,1006.1,2411,11,1006.6,130,3,1006.7,224,2,1006.8,642,8,1006.9,1478,11,1007.0,5868,28
317,2025-11-26 11:59:39+05:30,1006.3,1,998.39,5580405,438844.0,374747.0,986.2,1007.1,981.3,986.2,120618000,1084.8,887.6,1102.5,649.1,1006.3,17,2,1006.2,254,5,1006.1,2956,12,1006.0,9764,28,1005.9,2567,15,1006.4,1500,1,1006.6,308,4,1006.7,250,3,1006.8,682,10,1006.9,1070,11
317,2025-11-26 11:59:40+05:30,1006.3,13,998.39,5580405,438844.0,374747.0,986.2,1007.1,981.3,986.2,120618000,1084.8,887.6,1102.5,649.1,1006.3,17,2,1006.2,254,5,1006.1,2956,12,1006.0,9764,28,1005.9,2567,15,1006.4,1500,1,1006.6,308,4,1006.7,250,3,1006.8,682,10,1006.9,1070,11
317,2025-11-26 11:59:42+05:30,1006.4,13,998.39,5580405,438844.0,374747.0,986.2,1007.1,981.3,986.2,120618000,1084.8,887.6,1102.5,649.1,1006.3,17,2,1006.2,254,5,1006.1,2956,12,1006.0,9764,28,1005.9,2567,15,1006.4,1500,1,1006.6,308,4,1006.7,250,3,1006.8,682,10,1006.9,1070,11
317,2025-11-26 11:59:43+05:30,1006.2,49,998.39,5580702,438287.0,378073.0,986.2,1007.1,981.3,986.2,120618000,1084.8,887.6,1102.5,649.1,1006.2,95,3,1006.1,2587,9,1006.0,9389,26,1005.9,2625,16,1005.8,2017,16,1006.4,1509,3,1006.5,3005,2,1006.6,392,6,1006.7,240,4,1006.8,597,11
317,2025-11-26 11:59:44+05:30,1006.2,49,998.39,5580702,438287.0,378073.0,986.2,1007.1,981.3,986.2,120618000,1084.8,887.6,1102.5,649.1,1006.2,95,3,1006.1,2587,9,1006.0,9389,26,1005.9,2625,16,1005.8,2017,16,1006.4,1509,3,1006.5,3005,2,1006.6,392,6,1006.7,240,4,1006.8,597,11
317,2025-11-26 11:59:46+05:30,1006.4,3,998.39,5580702,438287.0,378073.0,986.2,1007.1,981.3,986.2,120618000,1084.8,887.6,1102.5,649.1,1006.2,95,3,1006.1,2587,9,1006.0,9389,26,1005.9,2625,16,1005.8,2017,16,1006.4,1509,3,1006.5,3005,2,1006.6,392,6,1006.7,240,4,1006.8,597,11
317,2025-11-26 11:59:47+05:30,1006.4,3,998.39,5580705,438361.0,378228.0,986.2,1007.1,981.3,986.2,120618000,1084.8,887.6,1102.5,649.1,1006.2,53,2,1006.1,2587,9,1006.0,8702,26,1005.9,3554,17,1005.8,1959,15,1006.3,50,1,1006.4,1506,3,1006.5,3005,2,1006.6,308,4,1006.7,353,8
317,2025-11-26 11:59:48+05:30,1006.4,20,998.39,5580705,438361.0,378228.0,986.2,1007.1,981.3,986.2,120618000,1084.8,887.6,1102.5,649.1,1006.2,53,2,1006.1,2587,9,1006.0,8702,26,1005.9,3554,17,1005.8,1959,15,1006.3,50,1,1006.4,1506,3,1006.5,3005,2,1006.6,308,4,1006.7,353,8
317,2025-11-26 11:59:51+05:30,1006.4,7,998.39,5582539,435439.0,377951.0,986.2,1007.1,981.3,986.2,120618000,1084.8,887.6,1102.5,649.1,1006.3,16,1,1006.1,372,3,1006.0,8226,23,1005.9,2712,16,1005.8,2761,15,1006.5,3175,3,1006.6,815,15,1006.7,634,8,1006.8,860,14,1006.9,1282,11
317,2025-11-26 11:59:52+05:30,1006.5,98,998.39,5582539,435439.0,377951.0,986.2,1007.1,981.3,986.2,120618000,1084.8,887.6,1102.5,649.1,1006.3,16,1,1006.1,372,3,1006.0,8226,23,1005.9,2712,16,1005.8,2761,15,1006.5,3175,3,1006.6,815,15,1006.7,634,8,1006.8,860,14,1006.9,1282,11
317,2025-11-26 11:59:54+05:30,1006.3,12,998.39,5582539,435439.0,377951.0,986.2,1007.1,981.3,986.2,120618000,1084.8,887.6,1102.5,649.1,1006.3,16,1,1006.1,372,3,1006.0,8226,23,1005.9,2712,16,1005.8,2761,15,1006.5,3175,3,1006.6,815,15,1006.7,634,8,1006.8,860,14,1006.9,1282,11
317,2025-11-26 11:59:55+05:30,1006.3,12,998.39,5582776,436410.0,378238.0,986.2,1007.1,981.3,986.2,120618000,1084.8,887.6,1102.5,649.1,1006.4,112,1,1006.3,20,2,1006.2,114,1,1006.1,181,3,1006.0,8417,25,1006.5,3134,5,1006.6,650,10,1006.7,1129,12,1006.8,787,12,1006.9,1282,12
317,2025-11-26 11:59:58+05:30,1006.5,92,998.39,5582776,436410.0,378238.0,986.2,1007.1,981.3,986.2,120618000,1084.8,887.6,1102.5,649.1,1006.4,112,1,1006.3,20,2,1006.2,114,1,1006.1,181,3,1006.0,8417,25,1006.5,3134,5,1006.6,650,10,1006.7,1129,12,1006.8,787,12,1006.9,1282,12
317,2025-11-26 11:59:59+05:30,1006.5,15,998.39,5582883,435828.0,377704.0,986.2,1007.1,981.3,986.2,120618000,1084.8,887.6,1102.5,649.1,1006.4,125,2,1006.3,4,1,1006.2,191,4,1006.1,230,4,1006.0,8418,24,1006.5,2857,4,1006.6,389,7,1006.7,1242,15,1006.8,787,12,1006.9,1452,13
317,2025-11-26 12:00:00+05:30,1006.4,13,998.39,5582883,435828.0,377704.0,986.2,1007.1,981.3,986.2,120618000,1084.8,887.6,1102.5,649.1,1006.4,125,2,1006.3,4,1,1006.2,191,4,1006.1,230,4,1006.0,8418,24,1006.5,2857,4,1006.6,389,7,1006.7,1242,15,1006.8,787,12,1006.9,1452,13
317,2025-11-26 12:00:02+05:30,1006.4,1,998.39,5582883,435828.0,377704.0,986.2,1007.1,981.3,986.2,120618000,1084.8,887.6,1102.5,649.1,1006.4,125,2,1006.3,4,1,1006.2,191,4,1006.1,230,4,1006.0,8418,24,1006.5,2857,4,1006.6,389,7,1006.7,1242,15,1006.8,787,12,1006.9,1452,13
317,2025-11-26 12:00:03+05:30,1006.4,4,998.39,5583465,435656.0,377304.0,986.2,1007.1,981.3,986.2,120618000,1084.8,887.6,1102.5,649.1,1006.1,134,2,1006.0,6128,21,1005.9,3916,12,1005.8,2812,13,1005.7,814,9,1006.3,100,1,1006.4,529,2,1006.5,2991,4,1006.6,475,8,1006.7,623,11
317,2025-11-26 12:00:05+05:30,1006.2,158,998.39,5583465,435656.0,377304.0,986.2,1007.1,981.3,986.2,120618000,1084.8,887.6,1102.5,649.1,1006.1,134,2,1006.0,6128,21,1005.9,3916,12,1005.8,2812,13,1005.7,814,9,1006.3,100,1,1006.4,529,2,1006.5,2991,4,1006.6,475,8,1006.7,623,11
317,2025-11-26 12:00:07+05:30,1006.2,126,998.39,5583465,435656.0,377304.0,986.2,1007.1,981.3,986.2,120618000,1084.8,887.6,1102.5,649.1,1006.1,134,2,1006.0,6128,21,1005.9,3916,12,1005.8,2812,13,1005.7,814,9,1006.3,100,1,1006.4,529,2,1006.5,2991,4,1006.6,475,8,1006.7,623,11
317,2025-11-26 12:00:07+05:30,1006.2,126,998.39,5583876,435509.0,379398.0,986.2,1007.1,981.3,986.2,120618000,1084.8,887.6,1102.5,649.1,1006.2,198,1,1006.1,68,2,1006.0,5229,20,1005.9,3128,9,1005.8,2624,12,1006.3,101,2,1006.4,735,5,1006.5,3063,7,1006.6,459,7,1006.7,628,12
317,2025-11-26 12:00:11+05:30,1006.2,6,998.39,5583876,435509.0,379398.0,986.2,1007.1,981.3,986.2,120618000,1084.8,887.6,1102.5,649.1,1006.2,198,1,1006.1,68,2,1006.0,5229,20,1005.9,3128,9,1005.8,2624,12,1006.3,101,2,1006.4,735,5,1006.5,3063,7,1006.6,459,7,1006.7,628,12
317,2025-11-26 12:00:11+05:30,1006.2,6,998.39,5584102,436166.0,379970.0,986.2,1007.1,981.3,986.2,120618000,1084.8,887.6,1102.5,649.1,1006.2,192,1,1006.1,31,1,1006.0,7479,23,1005.9,4861,14,1005.8,1699,12,1006.3,470,4,1006.4,591,3,1006.5,3528,7,1006.6,435,7,1006.7,628,12
317,2025-11-26 12:00:13+05:30,1006.3,6,998.39,5584102,436166.0,379970.0,986.2,1007.1,981.3,986.2,120618000,1084.8,887.6,1102.5,649.1,1006.2,192,1,1006.1,31,1,1006.0,7479,23,1005.9,4861,14,1005.8,1699,12,1006.3,470,4,1006.4,591,3,1006.5,3528,7,1006.6,435,7,1006.7,628,12
317,2025-11-26 12:00:15+05:30,1006.3,51,998.39,5584102,436166.0,379970.0,986.2,1007.1,981.3,986.2,120618000,1084.8,887.6,1102.5,649.1,1006.2,192,1,1006.1,31,1,1006.0,7479,23,1005.9,4861,14,1005.8,1699,12,1006.3,470,4,1006.4,591,3,1006.5,3528,7,1006.6,435,7,1006.7,628,12
317,2025-11-26 12:00:15+05:30,1006.3,4,998.39,5584698,439220.0,377811.0,986.2,1007.1,981.3,986.2,120618000,1084.8,887.6,1102.5,649.1,1006.3,440,2,1006.2,113,3,1006.1,2096,10,1006.0,7509,28,1005.9,4656,15,1006.4,545,2,1006.5,3292,3,1006.6,12,1,1006.7,526,7,1006.8,966,13
317,2025-11-26 12:00:17+05:30,1006.3,25,998.39,5584698,439220.0,377811.0,986.2,1007.1,981.3,986.2,120618000,1084.8,887.6,1102.5,649.1,1006.3,440,2,1006.2,113,3,1006.1,2096,10,1006.0,7509,28,1005.9,4656,15,1006.4,545,2,1006.5,3292,3,1006.6,12,1,1006.7,526,7,1006.8,966,13
317,2025-11-26 12:00:19+05:30,1006.4,1,998.39,5584698,439220.0,377811.0,986.2,1007.1,981.3,986.2,120618000,1084.8,887.6,1102.5,649.1,1006.3,440,2,1006.2,113,3,1006.1,2096,10,1006.0,7509,28,1005.9,4656,15,1006.4,545,2,1006.5,3292,3,1006.6,12,1,1006.7,526,7,1006.8,966,13
317,2025-11-26 12:00:19+05:30,1006.4,1,998.39,5584845,436570.0,379258.0,986.2,1007.1,981.3,986.2,120618000,1084.8,887.6,1102.5,649.1,1006.3,352,4,1006.1,2779,9,1006.0,8058,30,1005.9,3304,12,1005.8,1201,14,1006.4,896,3,1006.5,3328,4,1006.6,212,3,1006.7,592,9,1006.8,832,16
317,2025-11-26 12:00:20+05:30,1006.3,194,998.39,5585039,438194.0,379180.0,986.2,1007.1,981.3,986.2,120618000,1084.8,887.6,1102.5,649.1,1006.3,158,4,1006.1,2615,8,1006.0,8046,29,1005.9,3304,12,1005.8,1201,14,1006.4,896,3,1006.5,3292,3,1006.6,176,2,1006.7,592,9,1006.8,832,16
317,2025-11-26 12:00:21+05:30,1006.3,194,998.39,5585039,438194.0,379180.0,986.2,1007.1,981.3,986.2,120618000,1084.8,887.6,1102.5,649.1,1006.3,158,4,1006.1,2615,8,1006.0,8046,29,1005.9,3304,12,1005.8,1201,14,1006.4,896,3,1006.5,3292,3,1006.6,176,2,1006.7,592,9,1006.8,832,16
317,2025-11-26 12:00:21+05:30,1006.4,156,998.39,5585195,438358.0,379008.0,986.2,1007.1,981.3,986.2,120618000,1084.8,887.6,1102.5,649.1,1006.3,158,4,1006.1,2779,9,1006.0,8046,29,1005.9,3304,12,1005.8,1201,14,1006.4,740,3,1006.5,3292,3,1006.6,260,4,1006.7,562,8,1006.8,832,16
317,2025-11-26 12:00:22+05:30,1006.3,4,998.39,5585195,438358.0,379008.0,986.2,1007.1,981.3,986.2,120618000,1084.8,887.6,1102.5,649.1,1006.3,158,4,1006.1,2779,9,1006.0,8046,29,1005.9,3304,12,1005.8,1201,14,1006.4,740,3,1006.5,3292,3,1006.6,260,4,1006.7,562,8,1006.8,832,16
317,2025-11-26 12:00:22+05:30,1006.3,4,998.39,5585401,438546.0,378524.0,986.2,1007.1,981.3,986.2,120618000,1084.8,887.6,1102.5,649.1,1006.3,47,2,1006.2,1500,2,1006.1,2820,10,1006.0,8168,31,1005.9,1725,11,1006.4,645,3,1006.5,3322,4,1006.6,260,4,1006.7,570,8,1006.8,651,12
317,2025-11-26 12:00:23+05:30,1006.4,4,998.39,5585401,438546.0,378524.0,986.2,1007.1,981.3,986.2,120618000,1084.8,887.6,1102.5,649.1,1006.3,47,2,1006.2,1500,2,1006.1,2820,10,1006.0,8168,31,1005.9,1725,11,1006.4,645,3,1006.5,3322,4,1006.6,260,4,1006.7,570,8,1006.8,651,12
317,2025-11-26 12:00:23+05:30,1006.3,119,998.39,5585530,436093.0,379764.0,986.2,1007.1,981.3,986.2,120618000,1084.8,887.6,1102.5,649.1,1006.3,45,1,1006.2,750,1,1006.1,3365,9,1006.0,7222,26,1005.9,2538,10,1006.4,637,3,1006.5,3398,6,1006.6,260,4,1006.7,593,10,1006.8,731,13
317,2025-11-26 12:00:24+05:30,1006.3,119,998.39,5585530,436093.0,379764.0,986.2,1007.1,981.3,986.2,120618000,1084.8,887.6,1102.5,649.1,1006.3,45,1,1006.2,750,1,1006.1,3365,9,1006.0,7222,26,1005.9,2538,10,1006.4,637,3,1006.5,3398,6,1006.6,260,4,1006.7,593,10,1006.8,731,13
317,2025-11-26 12:00:24+05:30,1006.3,119,998.39,5585530,433867.0,379523.0,986.2,1007.1,981.3,986.2,120618000,1084.8,887.6,1102.5,649.1,1006.3,225,2,1006.2,750,1,1006.1,1758,6,1006.0,8561,28,1005.9,2601,14,1006.4,637,3,1006.5,3322,4,1006.6,472,6,1006.7,590,9,1006.8,842,16
317,2025-11-26 12:00:25+05:30,1006.3,1,998.39,5585530,433867.0,379523.0,986.2,1007.1,981.3,986.2,120618000,1084.8,887.6,1102.5,649.1,1006.3,225,2,1006.2,750,1,1006.1,1758,6,1006.0,8561,28,1005.9,2601,14,1006.4,637,3,1006.5,3322,4,1006.6,472,6,1006.7,590,9,1006.8,842,16
317,2025-11-26 12:00:25+05:30,1006.4,11,998.39,5585557,437753.0,379524.0,986.2,1007.1,981.3,986.2,120618000,1084.8,887.6,1102.5,649.1,1006.3,222,2,1006.2,750,1,1006.1,1758,6,1006.0,8538,27,1005.9,2601,14,1006.4,613,3,1006.5,3322,4,1006.6,431,5,1006.7,608,9,1006.8,881,17
317,2025-11-26 12:00:26+05:30,1006.4,11,998.39,5585557,437753.0,379524.0,986.2,1007.1,981.3,986.2,120618000,1084.8,887.6,1102.5,649.1,1006.3,222,2,1006.2,750,1,1006.1,1758,6,1006.0,8538,27,1005.9,2601,14,1006.4,613,3,1006.5,3322,4,1006.6,431,5,1006.7,608,9,1006.8,881,17
317,2025-11-26 12:00:26+05:30,1006.4,11,998.39,5585557,437753.0,379488.0,986.2,1007.1,981.3,986.2,120618000,1084.8,887.6,1102.5,649.1,1006.3,222,2,1006.2,750,1,1006.1,1758,6,1006.0,8538,27,1005.9,2601,14,1006.4,613,3,1006.5,3322,4,1006.6,431,5,1006.7,604,7,1006.8,881,17
317,2025-11-26 12:00:27+05:30,1006.4,11,998.39,5585557,433807.0,379520.0,986.2,1007.1,981.3,986.2,120618000,1084.8,887.6,1102.5,649.1,1006.3,223,3,1006.2,750,1,1006.1,1758,6,1006.0,8579,28,1005.9,2601,14,1006.4,613,3,1006.5,3422,5,1006.6,397,5,1006.7,645,8,1006.8,881,17
317,2025-11-26 12:00:28+05:30,1006.4,1,998.39,5585557,433807.0,379520.0,986.2,1007.1,981.3,986.2,120618000,1084.8,887.6,1102.5,649.1,1006.3,223,3,1006.2,750,1,1006.1,1758,6,1006.0,8579,28,1005.9,2601,14,1006.4,613,3,1006.5,3422,5,1006.6,397,5,1006.7,645,8,1006.8,881,17
317,2025-11-26 12:00:28+05:30,1006.3,79,998.39,5585679,438052.0,380381.0,986.2,1007.1,981.3,986.2,120618000,1084.8,887.6,1102.5,649.1,1006.3,118,3,1006.2,750,1,1006.1,1669,5,1006.0,8420,26,1005.9,2335,13,1006.4,612,3,1006.5,3497,7,1006.6,484,7,1006.7,614,9,1006.8,855,15
317,2025-11-26 12:00:29+05:30,1006.3,79,998.39,5585679,438052.0,380381.0,986.2,1007.1,981.3,986.2,120618000,1084.8,887.6,1102.5,649.1,1006.3,118,3,1006.2,750,1,1006.1,1669,5,1006.0,8420,26,1005.9,2335,13,1006.4,612,3,1006.5,3497,7,1006.6,484,7,1006.7,614,9,1006.8,855,15
317,2025-11-26 12:00:29+05:30,1006.3,79,998.39,5585679,437926.0,380376.0,986.2,1007.1,981.3,986.2,120618000,1084.8,887.6,1102.5,649.1,1006.3,17,2,1006.2,750,1,1006.1,1669,5,1006.0,8420,26,1005.9,2601,14,1006.4,612,3,1006.5,3456,6,1006.6,525,8,1006.7,614,9,1006.8,855,15
317,2025-11-26 12:00:30+05:30,1006.3,26,998.39,5585679,437926.0,380376.0,986.2,1007.1,981.3,986.2,120618000,1084.8,887.6,1102.5,649.1,1006.3,17,2,1006.2,750,1,1006.1,1669,5,1006.0,8420,26,1005.9,2601,14,1006.4,612,3,1006.5,3456,6,1006.6,525,8,1006.7,614,9,1006.8,855,15
317,2025-11-26 12:00:30+05:30,1006.2,2,998.39,5585760,437837.0,379514.0,986.2,1007.1,981.3,986.2,120618000,1084.8,887.6,1102.5,649.1,1006.2,763,2,1006.1,1657,7,1006.0,8443,27,1005.9,2628,15,1005.8,1903,12,1006.3,18,1,1006.4,611,3,1006.5,3427,6,1006.6,443,6,1006.7,589,8
317,2025-11-26 12:00:31+05:30,1006.2,2,998.39,5585760,437837.0,379514.0,986.2,1007.1,981.3,986.2,120618000,1084.8,887.6,1102.5,649.1,1006.2,763,2,1006.1,1657,7,1006.0,8443,27,1005.9,2628,15,1005.8,1903,12,1006.3,18,1,1006.4,611,3,1006.5,3427,6,1006.6,443,6,1006.7,589,8
317,2025-11-26 12:00:31+05:30,1006.4,68,998.4,5586028,425559.0,380093.0,986.2,1007.1,981.3,986.2,120618000,1084.8,887.6,1102.5,649.1,1006.2,53,2,1006.1,475,4,1006.0,5207,19,1005.9,1477,6,1005.8,2896,13,1006.4,444,3,1006.5,3825,12,1006.6,546,7,1006.7,579,7,1006.8,1106,13
317,2025-11-26 12:00:32+05:30,1006.4,68,998.4,5586028,425559.0,380093.0,986.2,1007.1,981.3,986.2,120618000,1084.8,887.6,1102.5,649.1,1006.2,53,2,1006.1,475,4,1006.0,5207,19,1005.9,1477,6,1005.8,2896,13,1006.4,444,3,1006.5,3825,12,1006.6,546,7,1006.7,579,7,1006.8,1106,13
317,2025-11-26 12:00:32+05:30,1006.3,5,998.4,5586043,430904.0,380109.0,986.2,1007.1,981.3,986.2,120618000,1084.8,887.6,1102.5,649.1,1006.2,53,2,1006.1,83,3,1006.0,5179,19,1005.9,1477,6,1005.8,2940,13,1006.3,26,1,1006.4,484,4,1006.5,3645,8,1006.6,577,10,1006.7,553,5
317,2025-11-26 12:00:33+05:30,1006.3,5,998.4,5586043,430904.0,380109.0,986.2,1007.1,981.3,986.2,120618000,1084.8,887.6,1102.5,649.1,1006.2,53,2,1006.1,83,3,1006.0,5179,19,1005.9,1477,6,1005.8,2940,13,1006.3,26,1,1006.4,484,4,1006.5,3645,8,1006.6,577,10,1006.7,553,5
317,2025-11-26 12:00:33+05:30,1006.2,20,998.4,5586063,431499.0,380027.0,986.2,1007.1,981.3,986.2,120618000,1084.8,887.6,1102.5,649.1,1006.2,46,3,1006.1,83,3,1006.0,5179,19,1005.9,1477,6,1005.8,2940,13,1006.3,26,1,1006.4,444,3,1006.5,3685,9,1006.6,577,10,1006.7,553,5
317,2025-11-26 12:00:34+05:30,1006.2,1,998.4,5586063,431499.0,380027.0,986.2,1007.1,981.3,986.2,120618000,1084.8,887.6,1102.5,649.1,1006.2,46,3,1006.1,83,3,1006.0,5179,19,1005.9,1477,6,1005.8,2940,13,1006.3,26,1,1006.4,444,3,1006.5,3685,9,1006.6,577,10,1006.7,553,5
317,2025-11-26 12:00:34+05:30,1006.4,28,998.4,5586310,431210.0,379470.0,986.2,1007.1,981.3,986.2,120618000,1084.8,887.6,1102.5,649.1,1006.3,494,4,1006.2,15,2,1006.1,190,4,1006.0,4853,19,1005.9,3389,13,1006.4,369,2,1006.5,3397,5,1006.6,487,7,1006.7,558,6,1006.8,803,12
317,2025-11-26 12:00:35+05:30,1006.4,28,998.4,5586310,431210.0,379470.0,986.2,1007.1,981.3,986.2,120618000,1084.8,887.6,1102.5,649.1,1006.3,494,4,1006.2,15,2,1006.1,190,4,1006.0,4853,19,1005.9,3389,13,1006.4,369,2,1006.5,3397,5,1006.6,487,7,1006.7,558,6,1006.8,803,12
317,2025-11-26 12:00:35+05:30,1006.3,5,998.4,5586436,431021.0,379928.0,986.2,1007.1,981.3,986.2,120618000,1084.8,887.6,1102.5,649.1,1006.3,381,5,1006.2,2,1,1006.1,190,4,1006.0,4689,18,1005.9,3083,11,1006.4,409,3,1006.5,3671,10,1006.6,440,6,1006.7,594,9,1006.8,845,11
317,2025-11-26 12:00:36+05:30,1006.3,5,998.4,5586436,431021.0,379928.0,986.2,1007.1,981.3,986.2,120618000,1084.8,887.6,1102.5,649.1,1006.3,381,5,1006.2,2,1,1006.1,190,4,1006.0,4689,18,1005.9,3083,11,1006.4,409,3,1006.5,3671,10,1006.6,440,6,1006.7,594,9,1006.8,845,11
317,2025-11-26 12:00:36+05:30,1006.3,1,998.4,5586437,431763.0,379851.0,986.2,1007.1,981.3,986.2,120618000,1084.8,887.6,1102.5,649.1,1006.3,380,5,1006.2,2,1,1006.1,780,5,1006.0,4689,18,1005.9,3083,11,1006.4,369,2,1006.5,3711,11,1006.6,407,5,1006.7,594,9,1006.8,850,12
317,2025-11-26 12:00:37+05:30,1006.3,1,998.4,5586437,431763.0,379851.0,986.2,1007.1,981.3,986.2,120618000,1084.8,887.6,1102.5,649.1,1006.3,380,5,1006.2,2,1,1006.1,780,5,1006.0,4689,18,1005.9,3083,11,1006.4,369,2,1006.5,3711,11,1006.6,407,5,1006.7,594,9,1006.8,850,12
317,2025-11-26 12:00:37+05:30,1006.3,1,998.4,5586437,431785.0,379946.0,986.2,1007.1,981.3,986.2,120618000,1084.8,887.6,1102.5,649.1,1006.3,400,6,1006.2,2,1,1006.1,780,5,1006.0,4689,18,1005.9,3349,12,1006.4,369,2,1006.5,3671,10,1006.6,447,6,1006.7,594,9,1006.8,850,12
317,2025-11-26 12:00:38+05:30,1006.3,1,998.4,5586437,431781.0,379998.0,986.2,1007.1,981.3,986.2,120618000,1084.8,887.6,1102.5,649.1,1006.3,400,6,1006.2,2,1,1006.1,780,5,1006.0,4689,18,1005.9,3349,12,1006.4,369,2,1006.5,3722,11,1006.6,447,6,1006.7,594,9,1006.8,850,12
317,2025-11-26 12:00:39+05:30,1006.3,30,998.4,5586467,431645.0,380187.0,986.2,1007.1,981.3,986.2,120618000,1084.8,887.6,1102.5,649.1,1006.3,370,6,1006.2,2,1,1006.1,780,5,1006.0,4656,17,1005.9,3349,12,1006.4,453,5,1006.5,3764,13,1006.6,439,6,1006.7,594,9,1006.8,850,12
317,2025-11-26 12:00:40+05:30,1006.3,152,998.4,5586467,431645.0,380187.0,986.2,1007.1,981.3,986.2,120618000,1084.8,887.6,1102.5,649.1,1006.3,370,6,1006.2,2,1,1006.1,780,5,1006.0,4656,17,1005.9,3349,12,1006.4,453,5,1006.5,3764,13,1006.6,439,6,1006.7,594,9,1006.8,850,12
317,2025-11-26 12:00:40+05:30,1006.3,101,998.4,5586740,430646.0,380280.0,986.2,1007.1,981.3,986.2,120618000,1084.8,887.6,1102.5,649.1,1006.3,67,4,1006.2,2,1,1006.1,222,5,1006.0,4656,17,1005.9,3083,11,1006.4,370,3,1006.5,3776,13,1006.6,521,8,1006.7,594,9,1006.8,1072,16
317,2025-11-26 12:00:41+05:30,1006.3,1,998.4,5586740,430646.0,380280.0,986.2,1007.1,981.3,986.2,120618000,1084.8,887.6,1102.5,649.1,1006.3,67,4,1006.2,2,1,1006.1,222,5,1006.0,4656,17,1005.9,3083,11,1006.4,370,3,1006.5,3776,13,1006.6,521,8,1006.7,594,9,1006.8,1072,16
317,2025-11-26 12:00:41+05:30,1006.4,1,998.4,5586742,431206.0,380073.0,986.2,1007.1,981.3,986.2,120618000,1084.8,887.6,1102.5,649.1,1006.3,71,6,1006.2,2,1,1006.1,779,6,1006.0,4656,17,1005.9,3349,12,1006.4,369,3,1006.5,3812,14,1006.6,489,7,1006.7,596,9,1006.8,1072,16
317,2025-11-26 12:00:42+05:30,1006.3,1,998.4,5586742,431206.0,380073.0,986.2,1007.1,981.3,986.2,120618000,1084.8,887.6,1102.5,649.1,1006.3,71,6,1006.2,2,1,1006.1,779,6,1006.0,4656,17,1005.9,3349,12,1006.4,369,3,1006.5,3812,14,1006.6,489,7,1006.7,596,9,1006.8,1072,16
317,2025-11-26 12:00:42+05:30,1006.4,5,998.4,5586852,431125.0,380192.0,986.2,1007.1,981.3,986.2,120618000,1084.8,887.6,1102.5,649.1,1006.3,90,7,1006.2,2,1,1006.1,779,6,1006.0,4720,17,1005.9,3349,12,1006.4,605,4,1006.5,3816,14,1006.6,489,7,1006.7,596,9,1006.8,1072,16
317,2025-11-26 12:00:43+05:30,1006.4,5,998.4,5586852,431125.0,380192.0,986.2,1007.1,981.3,986.2,120618000,1084.8,887.6,1102.5,649.1,1006.3,90,7,1006.2,2,1,1006.1,779,6,1006.0,4720,17,1005.9,3349,12,1006.4,605,4,1006.5,3816,14,1006.6,489,7,1006.7,596,9,1006.8,1072,16
317,2025-11-26 12:00:43+05:30,1006.4,5,998.4,5586852,431152.0,380256.0,986.2,1007.1,981.3,986.2,120618000,1084.8,887.6,1102.5,649.1,1006.3,90,7,1006.2,2,1,1006.1,779,6,1006.0,4720,17,1005.9,3349,12,1006.4,605,4,1006.5,3816,14,1006.6,489,7,1006.7,596,9,1006.8,1072,16
317,2025-11-26 12:00:44+05:30,1006.4,1,998.4,5586852,431152.0,380256.0,986.2,1007.1,981.3,986.2,120618000,1084.8,887.6,1102.5,649.1,1006.3,90,7,1006.2,2,1,1006.1,779,6,1006.0,4720,17,1005.9,3349,12,1006.4,605,4,1006.5,3816,14,1006.6,489,7,1006.7,596,9,1006.8,1072,16
317,2025-11-26 12:00:44+05:30,1006.4,88,998.4,5590531,425983.0,375259.0,986.2,1007.1,981.3,986.2,120618000,1084.8,887.6,1102.5,649.1,1006.1,157,5,1006.0,3145,19,1005.9,3349,12,1005.8,2662,13,1005.7,1488,13,1006.5,738,9,1006.6,19,2,1006.7,48,2,1006.8,1226,11,1006.9,1276,15
317,2025-11-26 12:00:45+05:30,1006.4,88,998.4,5590531,425983.0,375259.0,986.2,1007.1,981.3,986.2,120618000,1084.8,887.6,1102.5,649.1,1006.1,157,5,1006.0,3145,19,1005.9,3349,12,1005.8,2662,13,1005.7,1488,13,1006.5,738,9,1006.6,19,2,1006.7,48,2,1006.8,1226,11,1006.9,1276,15
317,2025-11-26 12:00:45+05:30,1006.5,125,998.4,5590656,425402.0,375878.0,986.2,1007.1,981.3,986.2,120618000,1084.8,887.6,1102.5,649.1,1006.1,64,3,1006.0,3253,21,1005.9,3365,13,1005.8,1968,14,1005.7,1501,14,1006.5,613,9,1006.6,397,6,1006.7,963,6,1006.8,698,10,1006.9,1138,14
317,2025-11-26 12:00:46+05:30,1006.5,125,998.4,5590656,425402.0,375878.0,986.2,1007.1,981.3,986.2,120618000,1084.8,887.6,1102.5,649.1,1006.1,64,3,1006.0,3253,21,1005.9,3365,13,1005.8,1968,14,1005.7,1501,14,1006.5,613,9,1006.6,397,6,1006.7,963,6,1006.8,698,10,1006.9,1138,14
317,2025-11-26 12:00:46+05:30,1006.5,125,998.4,5590656,432756.0,375856.0,986.2,1007.1,981.3,986.2,120618000,1084.8,887.6,1102.5,649.1,1006.1,172,4,1006.0,3209,20,1005.9,3409,14,1005.8,2718,15,1005.7,1460,13,1006.4,30,1,1006.5,613,9,1006.6,397,6,1006.7,963,6,1006.8,667,9
317,2025-11-26 12:00:47+05:30,1006.5,125,998.4,5590656,433499.0,375838.0,986.2,1007.1,981.3,986.2,120618000,1084.8,887.6,1102.5,649.1,1006.1,172,4,1006.0,3279,22,1005.9,3365,13,1005.8,3468,16,1005.7,1460,13,1006.4,30,1,1006.5,613,9,1006.6,397,6,1006.7,377,5,1006.8,1273,11
317,2025-11-26 12:00:48+05:30,1007.0,222,998.4,5590656,433499.0,375838.0,986.2,1007.1,981.3,986.2,120618000,1084.8,887.6,1102.5,649.1,1006.1,172,4,1006.0,3279,22,1005.9,3365,13,1005.8,3468,16,1005.7,1460,13,1006.4,30,1,1006.5,613,9,1006.6,397,6,1006.7,377,5,1006.8,1273,11
317,2025-11-26 12:00:48+05:30,1006.4,1,998.41,5597925,434319.0,372036.0,986.2,1007.1,981.3,986.2,120618000,1084.8,887.6,1102.5,649.1,1006.4,1,1,1006.2,744,7,1006.1,635,7,1006.0,5275,28,1005.9,3432,16,1006.5,121,1,1006.8,498,7,1006.9,1156,9,1007.0,5444,21,1007.1,1644,20
317,2025-11-26 12:00:49+05:30,1006.4,1,998.41,5597925,434319.0,372036.0,986.2,1007.1,981.3,986.2,120618000,1084.8,887.6,1102.5,649.1,1006.4,1,1,1006.2,744,7,1006.1,635,7,1006.0,5275,28,1005.9,3432,16,1006.5,121,1,1006.8,498,7,1006.9,1156,9,1007.0,5444,21,1007.1,1644,20
317,2025-11-26 12:00:49+05:30,1006.4,1,998.41,5597925,434963.0,372100.0,986.2,1007.1,981.3,986.2,120618000,1084.8,887.6,1102.5,649.1,1006.4,21,2,1006.2,788,8,1006.1,613,7,1006.0,5275,28,1005.9,4182,17,1006.5,121,1,1006.7,51,2,1006.8,410,5,1006.9,1353,12,1007.0,5557,22
317,2025-11-26 12:00:50+05:30,1006.2,10,998.41,5597925,434963.0,372100.0,986.2,1007.1,981.3,986.2,120618000,1084.8,887.6,1102.5,649.1,1006.4,21,2,1006.2,788,8,1006.1,613,7,1006.0,5275,28,1005.9,4182,17,1006.5,121,1,1006.7,51,2,1006.8,410,5,1006.9,1353,12,1007.0,5557,22
317,2025-11-26 12:00:50+05:30,1006.2,10,998.41,5598275,434710.0,372760.0,986.2,1007.1,981.3,986.2,120618000,1084.8,887.6,1102.5,649.1,1006.3,1,1,1006.2,609,8,1006.1,1403,9,1006.0,5095,31,1005.9,5007,18,1006.4,16,1,1006.7,204,2,1006.8,916,6,1006.9,738,11,1007.0,5326,23
317,2025-11-26 12:00:51+05:30,1006.2,10,998.41,5598275,435164.0,373090.0,986.2,1007.1,981.3,986.2,120618000,1084.8,887.6,1102.5,649.1,1006.3,1,1,1006.2,1362,10,1006.1,2487,13,1006.0,5755,31,1005.9,3507,16,1006.4,16,1,1006.7,204,2,1006.8,446,6,1006.9,738,11,1007.0,5287,22
317,2025-11-26 12:00:52+05:30,1006.4,5,998.41,5598284,433044.0,372720.0,986.2,1007.1,981.3,986.2,120618000,1084.8,887.6,1102.5,649.1,1006.3,40,2,1006.2,2012,7,1006.1,4002,15,1006.0,4988,29,1005.9,2032,14,1006.4,10,2,1006.7,2,1,1006.8,446,6,1006.9,734,10,1007.0,5291,23
317,2025-11-26 12:00:53+05:30,1006.4,5,998.41,5598284,433044.0,372720.0,986.2,1007.1,981.3,986.2,120618000,1084.8,887.6,1102.5,649.1,1006.3,40,2,1006.2,2012,7,1006.1,4002,15,1006.0,4988,29,1005.9,2032,14,1006.4,10,2,1006.7,2,1,1006.8,446,6,1006.9,734,10,1007.0,5291,23
317,2025-11-26 12:00:53+05:30,1006.4,5,998.41,5598284,433044.0,372660.0,986.2,1007.1,981.3,986.2,120618000,1084.8,887.6,1102.5,649.1,1006.3,1,1,1006.2,2051,8,1006.1,4002,15,1006.0,4988,29,1005.9,2032,14,1006.4,10,2,1006.5,3,1,1006.7,2,1,1006.8,446,6,1006.9,734,10
317,2025-11-26 12:00:54+05:30,1006.4,82,998.41,5598396,432975.0,372765.0,986.2,1007.1,981.3,986.2,120618000,1084.8,887.6,1102.5,649.1,1006.3,1,1,1006.2,1014,5,1006.1,2203,14,1006.0,5477,32,1005.9,3558,18,1006.4,168,2,1006.5,219,3,1006.6,5,1,1006.7,97,3,1006.8,446,6
317,2025-11-26 12:00:55+05:30,1006.3,1,998.41,5598396,432975.0,372765.0,986.2,1007.1,981.3,986.2,120618000,1084.8,887.6,1102.5,649.1,1006.3,1,1,1006.2,1014,5,1006.1,2203,14,1006.0,5477,32,1005.9,3558,18,1006.4,168,2,1006.5,219,3,1006.6,5,1,1006.7,97,3,1006.8,446,6
317,2025-11-26 12:00:55+05:30,1006.3,12,998.41,5598424,433013.0,373539.0,986.2,1007.1,981.3,986.2,120618000,1084.8,887.6,1102.5,649.1,1006.2,189,2,1006.1,748,13,1006.0,6117,31,1005.9,5083,21,1005.8,2038,10,1006.3,120,1,1006.4,20,1,1006.5,219,3,1006.6,51,2,1006.7,261,4
317,2025-11-26 12:00:56+05:30,1006.3,12,998.41,5598424,433013.0,373539.0,986.2,1007.1,981.3,986.2,120618000,1084.8,887.6,1102.5,649.1,1006.2,189,2,1006.1,748,13,1006.0,6117,31,1005.9,5083,21,1005.8,2038,10,1006.3,120,1,1006.4,20,1,1006.5,219,3,1006.6,51,2,1006.7,261,4
317,2025-11-26 12:00:56+05:30,1006.3,12,998.41,5598424,435005.0,373567.0,986.2,1007.1,981.3,986.2,120618000,1084.8,887.6,1102.5,649.1,1006.2,189,2,1006.1,759,13,1006.0,6078,30,1005.9,5109,22,1005.8,2038,10,1006.3,120,1,1006.4,20,1,1006.5,219,3,1006.6,51,2,1006.7,261,4
317,2025-11-26 12:00:57+05:30,1006.3,12,998.41,5598424,433011.0,373251.0,986.2,1007.1,981.3,986.2,120618000,1084.8,887.6,1102.5,649.1,1006.2,189,2,1006.1,759,13,1006.0,6078,30,1005.9,5109,22,1005.8,2038,10,1006.3,120,1,1006.4,20,1,1006.5,219,3,1006.6,51,2,1006.7,261,4
317,2025-11-26 12:00:58+05:30,1006.3,10,998.41,5598424,433011.0,373251.0,986.2,1007.1,981.3,986.2,120618000,1084.8,887.6,1102.5,649.1,1006.2,189,2,1006.1,759,13,1006.0,6078,30,1005.9,5109,22,1005.8,2038,10,1006.3,120,1,1006.4,20,1,1006.5,219,3,1006.6,51,2,1006.7,261,4
317,2025-11-26 12:00:58+05:30,1006.3,10,998.41,5598434,433014.0,373244.0,986.2,1007.1,981.3,986.2,120618000,1084.8,887.6,1102.5,649.1,1006.2,189,2,1006.1,759,13,1006.0,6078,30,1005.9,5109,22,1005.8,2041,11,1006.3,110,1,1006.4,25,2,1006.5,219,3,1006.6,51,2,1006.7,261,4
317,2025-11-26 12:00:59+05:30,1006.2,52,998.41,5598486,436950.0,373222.0,986.2,1007.1,981.3,986.2,120618000,1084.8,887.6,1102.5,649.1,1006.2,137,2,1006.1,720,12,1006.0,6117,31,1005.9,5109,22,1005.8,2041,11,1006.3,110,1,1006.4,25,2,1006.5,219,3,1006.6,51,2,1006.7,261,4
317,2025-11-26 12:01:00+05:30,1006.4,81,998.41,5598486,436950.0,373222.0,986.2,1007.1,981.3,986.2,120618000,1084.8,887.6,1102.5,649.1,1006.2,137,2,1006.1,720,12,1006.0,6117,31,1005.9,5109,22,1005.8,2041,11,1006.3,110,1,1006.4,25,2,1006.5,219,3,1006.6,51,2,1006.7,261,4
317,2025-11-26 12:01:00+05:30,1006.5,88,998.42,5600755,435356.0,372423.0,986.2,1007.1,981.3,986.2,120618000,1084.8,887.6,1102.5,649.1,1006.3,23,2,1006.2,402,4,1006.1,1352,14,1006.0,5482,33,1005.9,4355,22,1006.5,113,1,1006.7,77,3,1006.8,957,10,1006.9,756,10,1007.0,5259,20
317,2025-11-26 12:01:01+05:30,1006.5,1,998.42,5600755,435356.0,372423.0,986.2,1007.1,981.3,986.2,120618000,1084.8,887.6,1102.5,649.1,1006.3,23,2,1006.2,402,4,1006.1,1352,14,1006.0,5482,33,1005.9,4355,22,1006.5,113,1,1006.7,77,3,1006.8,957,10,1006.9,756,10,1007.0,5259,20
317,2025-11-26 12:01:01+05:30,1006.5,1,998.42,5600758,435327.0,372660.0,986.2,1007.1,981.3,986.2,120618000,1084.8,887.6,1102.5,649.1,1006.2,485,6,1006.1,1315,13,1006.0,5482,33,1005.9,4355,22,1005.8,1539,8,1006.5,110,1,1006.7,60,2,1006.8,970,9,1006.9,773,11,1007.0,5292,22
317,2025-11-26 12:01:02+05:30,1006.5,4,998.42,5600766,436438.0,371750.0,986.2,1007.1,981.3,986.2,120618000,1084.8,887.6,1102.5,649.1,1006.3,67,2,1006.2,899,6,1006.1,2468,15,1006.0,5957,34,1005.9,3431,20,1006.5,102,1,1006.7,60,2,1006.8,405,6,1006.9,773,11,1007.0,5318,24
317,2025-11-26 12:01:03+05:30,1006.5,4,998.42,5600766,436438.0,371750.0,986.2,1007.1,981.3,986.2,120618000,1084.8,887.6,1102.5,649.1,1006.3,67,2,1006.2,899,6,1006.1,2468,15,1006.0,5957,34,1005.9,3431,20,1006.5,102,1,1006.7,60,2,1006.8,405,6,1006.9,773,11,1007.0,5318,24
317,2025-11-26 12:01:03+05:30,1006.5,4,998.42,5600766,437132.0,372131.0,986.2,1007.1,981.3,986.2,120618000,1084.8,887.6,1102.5,649.1,1006.2,901,6,1006.1,3162,14,1006.0,5970,35,1005.9,3418,19,1005.8,1700,8,1006.4,102,1,1006.5,103,2,1006.7,60,2,1006.8,450,7,1006.9,1348,13
317,2025-11-26 12:01:04+05:30,1006.2,9,998.42,5600766,437132.0,372131.0,986.2,1007.1,981.3,986.2,120618000,1084.8,887.6,1102.5,649.1,1006.2,901,6,1006.1,3162,14,1006.0,5970,35,1005.9,3418,19,1005.8,1700,8,1006.4,102,1,1006.5,103,2,1006.7,60,2,1006.8,450,7,1006.9,1348,13
317,2025-11-26 12:01:04+05:30,1006.2,9,998.42,5600816,439533.0,371710.0,986.2,1007.1,981.3,986.2,120618000,1084.8,887.6,1102.5,649.1,1006.3,1549,4,1006.2,1914,6,1006.1,4489,17,1006.0,3715,31,1005.9,2788,17,1006.4,102,1,1006.5,103,2,1006.7,262,3,1006.8,450,7,1006.9,799,13
317,2025-11-26 12:01:05+05:30,1006.4,2,998.42,5600816,439533.0,371710.0,986.2,1007.1,981.3,986.2,120618000,1084.8,887.6,1102.5,649.1,1006.3,1549,4,1006.2,1914,6,1006.1,4489,17,1006.0,3715,31,1005.9,2788,17,1006.4,102,1,1006.5,103,2,1006.7,262,3,1006.8,450,7,1006.9,799,13
317,2025-11-26 12:01:05+05:30,1006.4,1,998.42,5600956,438071.0,371430.0,986.2,1007.1,981.3,986.2,120618000,1084.8,887.6,1102.5,649.1,1006.2,2726,9,1006.1,3913,16,1006.0,4273,30,1005.9,1927,14,1005.8,2456,10,1006.4,41,1,1006.5,103,2,1006.7,60,2,1006.8,448,7,1006.9,1364,14
317,2025-11-26 12:01:06+05:30,1006.4,1,998.42,5600956,438071.0,371430.0,986.2,1007.1,981.3,986.2,120618000,1084.8,887.6,1102.5,649.1,1006.2,2726,9,1006.1,3913,16,1006.0,4273,30,1005.9,1927,14,1005.8,2456,10,1006.4,41,1,1006.5,103,2,1006.7,60,2,1006.8,448,7,1006.9,1364,14
317,2025-11-26 12:01:06+05:30,1006.4,1,998.42,5600956,435110.0,371903.0,986.2,1007.1,981.3,986.2,120618000,1084.8,887.6,1102.5,649.1,1006.3,88,2,1006.2,500,8,1006.1,2842,13,1006.0,7039,38,1005.9,2516,15,1006.4,41,1,1006.5,103,2,1006.7,60,2,1006.8,454,8,1006.9,799,13
317,2025-11-26 12:01:07+05:30,1006.4,40,998.42,5600996,437164.0,372311.0,986.2,1007.1,981.3,986.2,120618000,1084.8,887.6,1102.5,649.1,1006.3,89,3,1006.2,2039,11,1006.1,3150,15,1006.0,5840,35,1005.9,1927,14,1006.4,1,1,1006.5,103,2,1006.7,60,2,1006.8,454,8,1006.9,799,13
317,2025-11-26 12:01:08+05:30,1006.4,40,998.42,5600996,437164.0,372311.0,986.2,1007.1,981.3,986.2,120618000,1084.8,887.6,1102.5,649.1,1006.3,89,3,1006.2,2039,11,1006.1,3150,15,1006.0,5840,35,1005.9,1927,14,1006.4,1,1,1006.5,103,2,1006.7,60,2,1006.8,454,8,1006.9,799,13
317,2025-11-26 12:01:08+05:30,1006.3,11,998.42,5601096,433115.0,372273.0,986.2,1007.1,981.3,986.2,120618000,1084.8,887.6,1102.5,649.1,1006.3,39,1,1006.2,2789,12,1006.1,3900,16,1006.0,4340,33,1005.9,1927,14,1006.4,1,1,1006.5,168,3,1006.7,2,1,1006.8,409,7,1006.9,755,12
317,2025-11-26 12:01:09+05:30,1006.4,1,998.42,5601096,433115.0,372273.0,986.2,1007.1,981.3,986.2,120618000,1084.8,887.6,1102.5,649.1,1006.3,39,1,1006.2,2789,12,1006.1,3900,16,1006.0,4340,33,1005.9,1927,14,1006.4,1,1,1006.5,168,3,1006.7,2,1,1006.8,409,7,1006.9,755,12
317,2025-11-26 12:01:09+05:30,1006.5,17,998.42,5601217,438192.0,372909.0,986.2,1007.1,981.3,986.2,120618000,1084.8,887.6,1102.5,649.1,1006.4,72,3,1006.3,553,4,1006.2,2775,10,1006.1,3921,17,1006.0,4364,33,1006.5,48,1,1006.7,2,1,1006.8,409,7,1006.9,1235,13,1007.0,5292,22
317,2025-11-26 12:01:10+05:30,1006.4,1,998.42,5601217,438192.0,372909.0,986.2,1007.1,981.3,986.2,120618000,1084.8,887.6,1102.5,649.1,1006.4,72,3,1006.3,553,4,1006.2,2775,10,1006.1,3921,17,1006.0,4364,33,1006.5,48,1,1006.7,2,1,1006.8,409,7,1006.9,1235,13,1007.0,5292,22
317,2025-11-26 12:01:10+05:30,1006.4,10,998.42,5601405,437514.0,372386.0,986.2,1007.1,981.3,986.2,120618000,1084.8,887.6,1102.5,649.1,1006.3,35,2,1006.2,2833,11,1006.1,3900,16,1006.0,4391,34,1005.9,2733,16,1006.4,45,1,1006.5,48,1,1006.7,2,1,1006.8,447,7,1006.9,1352,15
317,2025-11-26 12:01:11+05:30,1006.4,2,998.42,5601405,437514.0,372386.0,986.2,1007.1,981.3,986.2,120618000,1084.8,887.6,1102.5,649.1,1006.3,35,2,1006.2,2833,11,1006.1,3900,16,1006.0,4391,34,1005.9,2733,16,1006.4,45,1,1006.5,48,1,1006.7,2,1,1006.8,447,7,1006.9,1352,15
317,2025-11-26 12:01:11+05:30,1006.4,2,998.42,5601407,433619.0,372425.0,986.2,1007.1,981.3,986.2,120618000,1084.8,887.6,1102.5,649.1,1006.3,128,4,1006.2,2083,10,1006.1,4624,15,1006.0,4417,36,1005.9,2733,16,1006.4,43,1,1006.5,48,1,1006.7,2,1,1006.8,447,7,1006.9,1337,15
317,2025-11-26 12:01:12+05:30,1006.4,6,998.42,5601429,433176.0,372520.0,986.2,1007.1,981.3,986.2,120618000,1084.8,887.6,1102.5,649.1,1006.3,86,3,1006.2,2048,9,1006.1,4361,15,1006.0,4715,37,1005.9,2733,16,1006.4,118,2,1006.5,48,1,1006.7,2,1,1006.8,447,7,1006.9,1337,15
317,2025-11-26 12:01:13+05:30,1006.4,4,998.42,5601429,433176.0,372520.0,986.2,1007.1,981.3,986.2,120618000,1084.8,887.6,1102.5,649.1,1006.3,86,3,1006.2,2048,9,1006.1,4361,15,1006.0,4715,37,1005.9,2733,16,1006.4,118,2,1006.5,48,1,1006.7,2,1,1006.8,447,7,1006.9,1337,15
317,2025-11-26 12:01:13+05:30,1006.4,4,998.42,5601433,437866.0,372596.0,986.2,1007.1,981.3,986.2,120618000,1084.8,887.6,1102.5,649.1,1006.3,86,3,1006.2,2048,9,1006.1,4659,16,1006.0,4417,36,1005.9,2733,16,1006.4,114,2,1006.5,48,1,1006.7,2,1,1006.8,447,7,1006.9,1337,15
317,2025-11-26 12:01:14+05:30,1006.4,1,998.42,5601548,437971.0,372708.0,986.2,1007.1,981.3,986.2,120618000,1084.8,887.6,1102.5,649.1,1006.3,86,3,1006.2,1999,8,1006.1,4659,16,1006.0,4333,35,1005.9,2653,15,1006.4,119,2,1006.5,48,1,1006.7,51,2,1006.8,1035,8,1006.9,807,15
317,2025-11-26 12:01:15+05:30,1006.3,2,998.42,5601548,437971.0,372708.0,986.2,1007.1,981.3,986.2,120618000,1084.8,887.6,1102.5,649.1,1006.3,86,3,1006.2,1999,8,1006.1,4659,16,1006.0,4333,35,1005.9,2653,15,1006.4,119,2,1006.5,48,1,1006.7,51,2,1006.8,1035,8,1006.9,807,15
317,2025-11-26 12:01:16+05:30,1006.3,1,998.42,5601859,439305.0,373313.0,986.2,1007.1,981.3,986.2,120618000,1084.8,887.6,1102.5,649.1,1006.2,1810,7,1006.1,4624,15,1006.0,4958,34,1005.9,2648,15,1005.8,2456,10,1006.3,12,1,1006.4,222,3,1006.7,415,4,1006.8,473,9,1006.9,1286,14
317,2025-11-26 12:01:16+05:30,1006.3,1,998.42,5601859,439305.0,373313.0,986.2,1007.1,981.3,986.2,120618000,1084.8,887.6,1102.5,649.1,1006.2,1810,7,1006.1,4624,15,1006.0,4958,34,1005.9,2648,15,1005.8,2456,10,1006.3,12,1,1006.4,222,3,1006.7,415,4,1006.8,473,9,1006.9,1286,14
317,2025-11-26 12:01:17+05:30,1006.3,1,998.42,5601866,439388.0,373881.0,986.2,1007.1,981.3,986.2,120618000,1084.8,887.6,1102.5,649.1,1006.2,1654,6,1006.1,4637,18,1006.0,4900,30,1005.9,2631,14,1005.8,2618,11,1006.3,6,1,1006.4,222,3,1006.6,207,2,1006.7,415,4,1006.8,473,9
317,2025-11-26 12:01:17+05:30,1006.3,1,998.42,5601866,439388.0,373881.0,986.2,1007.1,981.3,986.2,120618000,1084.8,887.6,1102.5,649.1,1006.2,1654,6,1006.1,4637,18,1006.0,4900,30,1005.9,2631,14,1005.8,2618,11,1006.3,6,1,1006.4,222,3,1006.6,207,2,1006.7,415,4,1006.8,473,9
317,2025-11-26 12:01:18+05:30,1006.3,1,998.42,5601866,439450.0,373967.0,986.2,1007.1,981.3,986.2,120618000,1084.8,887.6,1102.5,649.1,1006.2,1619,5,1006.1,4721,20,1006.0,4913,31,1005.9,2631,14,1005.8,2618,11,1006.3,6,1,1006.4,222,3,1006.6,207,2,1006.7,415,4,1006.8,581,10
317,2025-11-26 12:01:19+05:30,1006.4,13,998.42,5601886,437878.0,373885.0,986.2,1007.1,981.3,986.2,120618000,1084.8,887.6,1102.5,649.1,1006.2,1578,4,1006.1,4721,20,1006.0,4161,30,1005.9,2602,13,1005.8,2612,10,1006.4,209,3,1006.6,207,2,1006.7,415,4,1006.8,555,8,1006.9,1292,15
317,2025-11-26 12:01:19+05:30,1006.4,1,998.42,5601886,437878.0,373885.0,986.2,1007.1,981.3,986.2,120618000,1084.8,887.6,1102.5,649.1,1006.2,1578,4,1006.1,4721,20,1006.0,4161,30,1005.9,2602,13,1005.8,2612,10,1006.4,209,3,1006.6,207,2,1006.7,415,4,1006.8,555,8,1006.9,1292,15
317,2025-11-26 12:01:20+05:30,1006.4,1,998.42,5601887,437135.0,373866.0,986.2,1007.1,981.3,986.2,120618000,1084.8,887.6,1102.5,649.1,1006.3,53,1,1006.2,1538,4,1006.1,4672,19,1006.0,4194,31,1005.9,2602,13,1006.4,208,3,1006.5,1,1,1006.6,207,2,1006.7,455,5,1006.8,447,7
317,2025-11-26 12:01:20+05:30,1006.4,2,998.42,5601887,437135.0,373866.0,986.2,1007.1,981.3,986.2,120618000,1084.8,887.6,1102.5,649.1,1006.3,53,1,1006.2,1538,4,1006.1,4672,19,1006.0,4194,31,1005.9,2602,13,1006.4,208,3,1006.5,1,1,1006.6,207,2,1006.7,455,5,1006.8,447,7
317,2025-11-26 12:01:21+05:30,1006.4,1,998.42,5602024,437131.0,373624.0,986.2,1007.1,981.3,986.2,120618000,1084.8,887.6,1102.5,649.1,1006.3,53,1,1006.2,1538,4,1006.1,4686,19,1006.0,4227,32,1005.9,2602,13,1006.4,205,3,1006.5,1,1,1006.6,5,1,1006.7,453,4,1006.8,447,7
317,2025-11-26 12:01:21+05:30,1006.4,1,998.42,5602024,437131.0,373624.0,986.2,1007.1,981.3,986.2,120618000,1084.8,887.6,1102.5,649.1,1006.3,53,1,1006.2,1538,4,1006.1,4686,19,1006.0,4227,32,1005.9,2602,13,1006.4,205,3,1006.5,1,1,1006.6,5,1,1006.7,453,4,1006.8,447,7
317,2025-11-26 12:01:22+05:30,1006.4,1,998.42,5602027,437289.0,373465.0,986.2,1007.1,981.3,986.2,120618000,1084.8,887.6,1102.5,649.1,1006.3,51,1,1006.2,1696,6,1006.1,4719,20,1006.0,4194,31,1005.9,2602,13,1006.4,204,3,1006.5,1,1,1006.6,11,2,1006.7,453,4,1006.8,447,7
317,2025-11-26 12:01:22+05:30,1006.4,1,998.42,5602027,437289.0,373465.0,986.2,1007.1,981.3,986.2,120618000,1084.8,887.6,1102.5,649.1,1006.3,51,1,1006.2,1696,6,1006.1,4719,20,1006.0,4194,31,1005.9,2602,13,1006.4,204,3,1006.5,1,1,1006.6,11,2,1006.7,453,4,1006.8,447,7
317,2025-11-26 12:01:23+05:30,1006.4,4,998.42,5602035,437315.0,373713.0,986.2,1007.1,981.3,986.2,120618000,1084.8,887.6,1102.5,649.1,1006.3,64,2,1006.2,1722,6,1006.1,4747,21,1006.0,4194,31,1005.9,2602,13,1006.4,205,4,1006.5,1,1,1006.6,11,2,1006.7,453,4,1006.8,447,7
317,2025-11-26 12:01:23+05:30,1006.4,4,998.42,5602035,437315.0,373713.0,986.2,1007.1,981.3,986.2,120618000,1084.8,887.6,1102.5,649.1,1006.3,64,2,1006.2,1722,6,1006.1,4747,21,1006.0,4194,31,1005.9,2602,13,1006.4,205,4,1006.5,1,1,1006.6,11,2,1006.7,453,4,1006.8,447,7
317,2025-11-26 12:01:24+05:30,1006.4,39,998.42,5602395,433727.0,373303.0,986.2,1007.1,981.3,986.2,120618000,1084.8,887.6,1102.5,649.1,1006.3,60,2,1006.2,1884,7,1006.1,4714,20,1006.0,4194,31,1005.9,2635,14,1006.4,26,2,1006.5,1,1,1006.6,11,2,1006.7,40,1,1006.8,285,6
317,2025-11-26 12:01:24+05:30,1006.4,39,998.42,5602395,433727.0,373303.0,986.2,1007.1,981.3,986.2,120618000,1084.8,887.6,1102.5,649.1,1006.3,60,2,1006.2,1884,7,1006.1,4714,20,1006.0,4194,31,1005.9,2635,14,1006.4,26,2,1006.5,1,1,1006.6,11,2,1006.7,40,1,1006.8,285,6
317,2025-11-26 12:01:25+05:30,1006.4,2,998.42,5602398,437715.0,373431.0,986.2,1007.1,981.3,986.2,120618000,1084.8,887.6,1102.5,649.1,1006.3,60,2,1006.2,1884,7,1006.1,4714,20,1006.0,4194,31,1005.9,2635,14,1006.4,23,2,1006.5,1,1,1006.6,11,2,1006.7,40,1,1006.8,447,7
317,2025-11-26 12:01:25+05:30,1006.4,1,998.42,5602398,437715.0,373431.0,986.2,1007.1,981.3,986.2,120618000,1084.8,887.6,1102.5,649.1,1006.3,60,2,1006.2,1884,7,1006.1,4714,20,1006.0,4194,31,1005.9,2635,14,1006.4,23,2,1006.5,1,1,1006.6,11,2,1006.7,40,1,1006.8,447,7
317,2025-11-26 12:01:26+05:30,1006.4,2,998.42,5602425,437598.0,373699.0,986.2,1007.1,981.3,986.2,120618000,1084.8,887.6,1102.5,649.1,1006.3,60,2,1006.2,1796,5,1006.1,4747,21,1006.0,4165,30,1005.9,2602,13,1006.4,103,3,1006.5,50,2,1006.6,11,2,1006.8,471,8,1006.9,777,13
317,2025-11-26 12:01:26+05:30,1006.4,2,998.42,5602425,437598.0,373699.0,986.2,1007.1,981.3,986.2,120618000,1084.8,887.6,1102.5,649.1,1006.3,60,2,1006.2,1796,5,1006.1,4747,21,1006.0,4165,30,1005.9,2602,13,1006.4,103,3,1006.5,50,2,1006.6,11,2,1006.8,471,8,1006.9,777,13
317,2025-11-26 12:01:27+05:30,1006.4,1,998.42,5602428,437625.0,373796.0,986.2,1007.1,981.3,986.2,120618000,1084.8,887.6,1102.5,649.1,1006.3,60,2,1006.2,1796,5,1006.1,4747,21,1006.0,4192,31,1005.9,2602,13,1006.4,100,3,1006.5,50,2,1006.6,11,2,1006.8,471,8,1006.9,1354,14
317,2025-11-26 12:01:27+05:30,1006.4,1,998.42,5602428,437625.0,373796.0,986.2,1007.1,981.3,986.2,120618000,1084.8,887.6,1102.5,649.1,1006.3,60,2,1006.2,1796,5,1006.1,4747,21,1006.0,4192,31,1005.9,2602,13,1006.4,100,3,1006.5,50,2,1006.6,11,2,1006.8,471,8,1006.9,1354,14
317,2025-11-26 12:01:28+05:30,1006.2,30,998.42,5602428,437625.0,373796.0,986.2,1007.1,981.3,986.2,120618000,1084.8,887.6,1102.5,649.1,1006.3,60,2,1006.2,1796,5,1006.1,4747,21,1006.0,4192,31,1005.9,2602,13,1006.4,100,3,1006.5,50,2,1006.6,11,2,1006.8,471,8,1006.9,1354,14
317,2025-11-26 12:01:28+05:30,1006.2,30,998.42,5602654,436955.0,373839.0,986.2,1007.1,981.3,986.2,120618000,1084.8,887.6,1102.5,649.1,1006.3,28,1,1006.2,2334,5,1006.1,3997,20,1006.0,4165,30,1005.9,2602,13,1006.4,100,3,1006.5,50,2,1006.6,11,2,1006.7,248,3,1006.8,472,9
317,2025-11-26 12:01:29+05:30,1006.4,1,998.42,5602654,436955.0,373839.0,986.2,1007.1,981.3,986.2,120618000,1084.8,887.6,1102.5,649.1,1006.3,28,1,1006.2,2334,5,1006.1,3997,20,1006.0,4165,30,1005.9,2602,13,1006.4,100,3,1006.5,50,2,1006.6,11,2,1006.7,248,3,1006.8,472,9
317,2025-11-26 12:01:29+05:30,1006.4,1,998.42,5602655,436750.0,373857.0,986.2,1007.1,981.3,986.2,120618000,1084.8,887.6,1102.5,649.1,1006.3,28,1,1006.2,2172,4,1006.1,3853,14,1006.0,4106,27,1005.9,2602,13,1006.4,99,3,1006.5,50,2,1006.6,11,2,1006.7,248,3,1006.8,472,9
317,2025-11-26 12:01:30+05:30,1006.3,24,998.42,5602655,436750.0,373857.0,986.2,1007.1,981.3,986.2,120618000,1084.8,887.6,1102.5,649.1,1006.3,28,1,1006.2,2172,4,1006.1,3853,14,1006.0,4106,27,1005.9,2602,13,1006.4,99,3,1006.5,50,2,1006.6,11,2,1006.7,248,3,1006.8,472,9
317,2025-11-26 12:01:30+05:30,1006.4,1,998.42,5602839,437624.0,373038.0,986.2,1007.1,981.3,986.2,120618000,1084.8,887.6,1102.5,649.1,1006.2,1599,7,1006.1,4706,20,1006.0,4165,30,1005.9,2602,13,1005.8,2612,10,1006.4,72,3,1006.5,50,2,1006.6,11,2,1006.7,248,3,1006.8,996,10
317,2025-11-26 12:01:30+05:30,1006.4,1,998.42,5602839,437624.0,373038.0,986.2,1007.1,981.3,986.2,120618000,1084.8,887.6,1102.5,649.1,1006.2,1599,7,1006.1,4706,20,1006.0,4165,30,1005.9,2602,13,1005.8,2612,10,1006.4,72,3,1006.5,50,2,1006.6,11,2,1006.7,248,3,1006.8,996,10
317,2025-11-26 12:01:31+05:30,1006.4,1,998.42,5602839,437624.0,373038.0,986.2,1007.1,981.3,986.2,120618000,1084.8,887.6,1102.5,649.1,1006.2,1599,7,1006.1,4706,20,1006.0,4165,30,1005.9,2602,13,1005.8,2612,10,1006.4,72,3,1006.5,50,2,1006.6,11,2,1006.7,248,3,1006.8,996,10
317,2025-11-26 12:01:31+05:30,1006.4,1,998.42,5602849,437071.0,373083.0,986.2,1007.1,981.3,986.2,120618000,1084.8,887.6,1102.5,649.1,1006.3,67,2,1006.2,1692,7,1006.1,4770,21,1006.0,4165,30,1005.9,2602,13,1006.4,70,3,1006.5,50,2,1006.6,11,2,1006.7,248,3,1006.8,472,9
317,2025-11-26 12:01:31+05:30,1006.4,1,998.42,5602849,437071.0,373083.0,986.2,1007.1,981.3,986.2,120618000,1084.8,887.6,1102.5,649.1,1006.3,67,2,1006.2,1692,7,1006.1,4770,21,1006.0,4165,30,1005.9,2602,13,1006.4,70,3,1006.5,50,2,1006.6,11,2,1006.7,248,3,1006.8,472,9
317,2025-11-26 12:01:32+05:30,1006.4,1,998.42,5602849,437071.0,373083.0,986.2,1007.1,981.3,986.2,120618000,1084.8,887.6,1102.5,649.1,1006.3,67,2,1006.2,1692,7,1006.1,4770,21,1006.0,4165,30,1005.9,2602,13,1006.4,70,3,1006.5,50,2,1006.6,11,2,1006.7,248,3,1006.8,472,9
317,2025-11-26 12:01:32+05:30,1006.4,2,998.42,5602849,437071.0,373083.0,986.2,1007.1,981.3,986.2,120618000,1084.8,887.6,1102.5,649.1,1006.3,67,2,1006.2,1692,7,1006.1,4770,21,1006.0,4165,30,1005.9,2602,13,1006.4,70,3,1006.5,50,2,1006.6,11,2,1006.7,248,3,1006.8,472,9
317,2025-11-26 12:01:32+05:30,1006.4,2,998.42,5602851,436997.0,373083.0,986.2,1007.1,981.3,986.2,120618000,1084.8,887.6,1102.5,649.1,1006.3,67,2,1006.2,1583,6,1006.1,4805,22,1006.0,4165,30,1005.9,2602,13,1006.4,68,3,1006.5,50,2,1006.6,11,2,1006.7,248,3,1006.8,472,9
317,2025-11-26 12:01:32+05:30,1006.4,2,998.42,5602851,436997.0,373083.0,986.2,1007.1,981.3,986.2,120618000,1084.8,887.6,1102.5,649.1,1006.3,67,2,1006.2,1583,6,1006.1,4805,22,1006.0,4165,30,1005.9,2602,13,1006.4,68,3,1006.5,50,2,1006.6,11,2,1006.7,248,3,1006.8,472,9
317,2025-11-26 12:01:33+05:30,1006.4,5,998.42,5602851,436997.0,373083.0,986.2,1007.1,981.3,986.2,120618000,1084.8,887.6,1102.5,649.1,1006.3,67,2,1006.2,1583,6,1006.1,4805,22,1006.0,4165,30,1005.9,2602,13,1006.4,68,3,1006.5,50,2,1006.6,11,2,1006.7,248,3,1006.8,472,9
317,2025-11-26 12:01:33+05:30,1006.4,5,998.42,5602851,436997.0,373083.0,986.2,1007.1,981.3,986.2,120618000,1084.8,887.6,1102.5,649.1,1006.3,67,2,1006.2,1583,6,1006.1,4805,22,1006.0,4165,30,1005.9,2602,13,1006.4,68,3,1006.5,50,2,1006.6,11,2,1006.7,248,3,1006.8,472,9
317,2025-11-26 12:01:33+05:30,1006.4,5,998.42,5602860,437033.0,373093.0,986.2,1007.1,981.3,986.2,120618000,1084.8,887.6,1102.5,649.1,1006.3,68,3,1006.2,1618,7,1006.1,4805,22,1006.0,4165,30,1005.9,2602,13,1006.4,62,4,1006.5,50,2,1006.6,11,2,1006.7,248,3,1006.8,478,10
317,2025-11-26 12:01:33+05:30,1006.4,5,998.42,5602860,437033.0,373093.0,986.2,1007.1,981.3,986.2,120618000,1084.8,887.6,1102.5,649.1,1006.3,68,3,1006.2,1618,7,1006.1,4805,22,1006.0,4165,30,1005.9,2602,13,1006.4,62,4,1006.5,50,2,1006.6,11,2,1006.7,248,3,1006.8,478,10
317,2025-11-26 12:01:34+05:30,1006.4,5,998.42,5602860,437033.0,373093.0,986.2,1007.1,981.3,986.2,120618000,1084.8,887.6,1102.5,649.1,1006.3,68,3,1006.2,1618,7,1006.1,4805,22,1006.0,4165,30,1005.9,2602,13,1006.4,62,4,1006.5,50,2,1006.6,11,2,1006.7,248,3,1006.8,478,10
317,2025-11-26 12:01:34+05:30,1006.4,7,998.42,5602860,437033.0,373093.0,986.2,1007.1,981.3,986.2,120618000,1084.8,887.6,1102.5,649.1,1006.3,68,3,1006.2,1618,7,1006.1,4805,22,1006.0,4165,30,1005.9,2602,13,1006.4,62,4,1006.5,50,2,1006.6,11,2,1006.7,248,3,1006.8,478,10
317,2025-11-26 12:01:34+05:30,1006.4,7,998.42,5602860,437033.0,373093.0,986.2,1007.1,981.3,986.2,120618000,1084.8,887.6,1102.5,649.1,1006.3,68,3,1006.2,1618,7,1006.1,4805,22,1006.0,4165,30,1005.9,2602,13,1006.4,62,4,1006.5,50,2,1006.6,11,2,1006.7,248,3,1006.8,478,10
317,2025-11-26 12:01:34+05:30,1006.4,7,998.42,5602993,434993.0,372997.0,986.2,1007.1,981.3,986.2,120618000,1084.8,887.6,1102.5,649.1,1006.3,50,3,1006.2,1641,5,1006.1,4769,21,1006.0,4165,30,1005.9,2638,14,1006.4,47,3,1006.5,50,2,1006.6,11,2,1006.7,162,1,1006.8,469,9
317,2025-11-26 12:01:34+05:30,1006.4,7,998.42,5602993,434993.0,372997.0,986.2,1007.1,981.3,986.2,120583500,1084.8,887.6,1102.5,649.1,1006.3,50,3,1006.2,1641,5,1006.1,4769,21,1006.0,4165,30,1005.9,2638,14,1006.4,47,3,1006.5,50,2,1006.6,11,2,1006.7,162,1,1006.8,469,9
317,2025-11-26 12:01:35+05:30,1006.4,7,998.42,5602993,434993.0,372997.0,986.2,1007.1,981.3,986.2,120583500,1084.8,887.6,1102.5,649.1,1006.3,50,3,1006.2,1641,5,1006.1,4769,21,1006.0,4165,30,1005.9,2638,14,1006.4,47,3,1006.5,50,2,1006.6,11,2,1006.7,162,1,1006.8,469,9
317,2025-11-26 12:01:35+05:30,1006.4,2,998.42,5602993,434993.0,372997.0,986.2,1007.1,981.3,986.2,120583500,1084.8,887.6,1102.5,649.1,1006.3,50,3,1006.2,1641,5,1006.1,4769,21,1006.0,4165,30,1005.9,2638,14,1006.4,47,3,1006.5,50,2,1006.6,11,2,1006.7,162,1,1006.8,469,9
317,2025-11-26 12:01:35+05:30,1006.4,2,998.42,5602993,434993.0,372997.0,986.2,1007.1,981.3,986.2,120583500,1084.8,887.6,1102.5,649.1,1006.3,50,3,1006.2,1641,5,1006.1,4769,21,1006.0,4165,30,1005.9,2638,14,1006.4,47,3,1006.5,50,2,1006.6,11,2,1006.7,162,1,1006.8,469,9
317,2025-11-26 12:01:35+05:30,1006.4,2,998.42,5602995,437000.0,373010.0,986.2,1007.1,981.3,986.2,120583500,1084.8,887.6,1102.5,649.1,1006.3,63,4,1006.2,1641,5,1006.1,4770,21,1006.0,4165,30,1005.9,2602,13,1006.4,54,3,1006.5,50,2,1006.6,11,2,1006.7,162,1,1006.8,469,9
317,2025-11-26 12:01:36+05:30,1006.3,1,998.42,5602995,437000.0,373010.0,986.2,1007.1,981.3,986.2,120583500,1084.8,887.6,1102.5,649.1,1006.3,63,4,1006.2,1641,5,1006.1,4770,21,1006.0,4165,30,1005.9,2602,13,1006.4,54,3,1006.5,50,2,1006.6,11,2,1006.7,162,1,1006.8,469,9
317,2025-11-26 12:01:36+05:30,1006.2,250,998.42,5603946,436502.0,372174.0,986.2,1007.1,981.3,986.2,120583500,1084.8,887.6,1102.5,649.1,1006.2,713,4,1006.1,3518,13,1006.0,4437,28,1005.9,2762,15,1005.8,2658,12,1006.6,411,2,1006.7,433,8,1006.8,518,9,1006.9,1417,13,1007.0,5302,23
317,2025-11-26 12:01:37+05:30,1006.6,272,998.42,5603946,436502.0,372174.0,986.2,1007.1,981.3,986.2,120583500,1084.8,887.6,1102.5,649.1,1006.2,713,4,1006.1,3518,13,1006.0,4437,28,1005.9,2762,15,1005.8,2658,12,1006.6,411,2,1006.7,433,8,1006.8,518,9,1006.9,1417,13,1007.0,5302,23
317,2025-11-26 12:01:37+05:30,1006.7,4,998.42,5604325,435894.0,371539.0,986.2,1007.1,981.3,986.2,120583500,1084.8,887.6,1102.5,649.1,1006.2,1118,6,1006.1,3281,18,1006.0,4371,32,1005.9,2762,15,1005.8,2460,10,1006.6,1,1,1006.7,171,5,1006.8,510,11,1006.9,1092,12,1007.0,5302,23
317,2025-11-26 12:01:38+05:30,1006.2,2,998.42,5604325,435894.0,371539.0,986.2,1007.1,981.3,986.2,120583500,1084.8,887.6,1102.5,649.1,1006.2,1118,6,1006.1,3281,18,1006.0,4371,32,1005.9,2762,15,1005.8,2460,10,1006.6,1,1,1006.7,171,5,1006.8,510,11,1006.9,1092,12,1007.0,5302,23
317,2025-11-26 12:01:38+05:30,1006.6,1,998.42,5604549,436474.0,371533.0,986.2,1007.1,981.3,986.2,120583500,1084.8,887.6,1102.5,649.1,1006.2,896,6,1006.1,4031,19,1006.0,4281,30,1005.9,2742,15,1005.8,2460,10,1006.7,377,9,1006.8,474,10,1006.9,1092,12,1007.0,5302,23,1007.1,1792,21
317,2025-11-26 12:01:39+05:30,1006.7,4,998.42,5604549,436474.0,371533.0,986.2,1007.1,981.3,986.2,120583500,1084.8,887.6,1102.5,649.1,1006.2,896,6,1006.1,4031,19,1006.0,4281,30,1005.9,2742,15,1005.8,2460,10,1006.7,377,9,1006.8,474,10,1006.9,1092,12,1007.0,5302,23,1007.1,1792,21
317,2025-11-26 12:01:39+05:30,1006.7,4,998.42,5604553,436888.0,372958.0,986.2,1007.1,981.3,986.2,120583500,1084.8,887.6,1102.5,649.1,1006.2,1437,7,1006.1,4067,20,1006.0,4216,29,1005.9,2706,14,1005.8,2460,10,1006.5,298,1,1006.7,335,8,1006.8,1063,12,1006.9,733,13,1007.0,5302,23
317,2025-11-26 12:01:40+05:30,1006.3,1,998.42,5604553,436888.0,372958.0,986.2,1007.1,981.3,986.2,120583500,1084.8,887.6,1102.5,649.1,1006.2,1437,7,1006.1,4067,20,1006.0,4216,29,1005.9,2706,14,1005.8,2460,10,1006.5,298,1,1006.7,335,8,1006.8,1063,12,1006.9,733,13,1007.0,5302,23
317,2025-11-26 12:01:40+05:30,1006.3,2,998.42,5604556,438326.0,374277.0,986.2,1007.1,981.3,986.2,120583500,1084.8,887.6,1102.5,649.1,1006.2,412,4,1006.1,4425,20,1006.0,5203,30,1005.9,2672,13,1005.8,2612,10,1006.3,35,1,1006.4,5,1,1006.5,298,1,1006.7,335,8,1006.8,574,10
317,2025-11-26 12:01:41+05:30,1006.3,4,998.42,5604556,438326.0,374277.0,986.2,1007.1,981.3,986.2,120583500,1084.8,887.6,1102.5,649.1,1006.2,412,4,1006.1,4425,20,1006.0,5203,30,1005.9,2672,13,1005.8,2612,10,1006.3,35,1,1006.4,5,1,1006.5,298,1,1006.7,335,8,1006.8,574,10
317,2025-11-26 12:01:42+05:30,1006.3,20,998.42,5604580,435904.0,374820.0,986.2,1007.1,981.3,986.2,120583500,1084.8,887.6,1102.5,649.1,1006.2,100,2,1006.1,1318,8,1006.0,5433,23,1005.9,3393,14,1005.8,1267,13,1006.3,11,1,1006.4,34,2,1006.5,343,2,1006.6,345,4,1006.7,498,10
317,2025-11-26 12:01:42+05:30,1006.3,20,998.42,5604580,435904.0,374820.0,986.2,1007.1,981.3,986.2,120583500,1084.8,887.6,1102.5,649.1,1006.2,100,2,1006.1,1318,8,1006.0,5433,23,1005.9,3393,14,1005.8,1267,13,1006.3,11,1,1006.4,34,2,1006.5,343,2,1006.6,345,4,1006.7,498,10
317,2025-11-26 12:01:43+05:30,1006.3,3,998.42,5604595,435966.0,374628.0,986.2,1007.1,981.3,986.2,120583500,1084.8,887.6,1102.5,649.1,1006.2,100,2,1006.1,1523,11,1006.0,6758,28,1005.9,2403,14,1005.8,2017,14,1006.3,35,1,1006.4,5,1,1006.5,298,1,1006.6,266,2,1006.7,491,11
317,2025-11-26 12:01:43+05:30,1006.3,3,998.42,5604595,435966.0,374628.0,986.2,1007.1,981.3,986.2,120583500,1084.8,887.6,1102.5,649.1,1006.2,100,2,1006.1,1523,11,1006.0,6758,28,1005.9,2403,14,1005.8,2017,14,1006.3,35,1,1006.4,5,1,1006.5,298,1,1006.6,266,2,1006.7,491,11
317,2025-11-26 12:01:44+05:30,1006.3,3,998.42,5604595,435948.0,374601.0,986.2,1007.1,981.3,986.2,120583500,1084.8,887.6,1102.5,649.1,1006.2,100,2,1006.1,1523,11,1006.0,6758,28,1005.9,2403,14,1005.8,2060,15,1006.3,35,1,1006.4,5,1,1006.5,298,1,1006.6,310,3,1006.7,491,11
317,2025-11-26 12:01:45+05:30,1006.2,65,998.42,5604595,435948.0,374601.0,986.2,1007.1,981.3,986.2,120583500,1084.8,887.6,1102.5,649.1,1006.2,100,2,1006.1,1523,11,1006.0,6758,28,1005.9,2403,14,1005.8,2060,15,1006.3,35,1,1006.4,5,1,1006.5,298,1,1006.6,310,3,1006.7,491,11
317,2025-11-26 12:01:45+05:30,1006.2,65,998.42,5604849,437176.0,373975.0,986.2,1007.1,981.3,986.2,120583500,1084.8,887.6,1102.5,649.1,1006.1,1418,8,1006.0,6696,27,1005.9,3178,16,1005.8,2060,15,1005.7,713,10,1006.2,38,1,1006.4,5,1,1006.5,298,1,1006.6,162,1,1006.7,388,10
317,2025-11-26 12:01:46+05:30,1006.2,1,998.42,5604849,437176.0,373975.0,986.2,1007.1,981.3,986.2,120583500,1084.8,887.6,1102.5,649.1,1006.1,1418,8,1006.0,6696,27,1005.9,3178,16,1005.8,2060,15,1005.7,713,10,1006.2,38,1,1006.4,5,1,1006.5,298,1,1006.6,162,1,1006.7,388,10
317,2025-11-26 12:01:46+05:30,1006.2,1,998.42,5604854,433272.0,374081.0,986.2,1007.1,981.3,986.2,120583500,1084.8,887.6,1102.5,649.1,1006.1,1418,8,1006.0,6696,27,1005.9,3178,16,1005.8,2088,16,1005.7,713,10,1006.2,33,1,1006.3,51,1,1006.4,5,1,1006.5,298,1,1006.6,162,1
317,2025-11-26 12:01:47+05:30,1006.2,10,998.42,5604940,435158.0,373796.0,986.2,1007.1,981.3,986.2,120583500,1084.8,887.6,1102.5,649.1,1006.2,129,1,1006.1,1418,8,1006.0,6630,25,1005.9,2489,17,1005.8,2060,15,1006.3,51,1,1006.4,5,1,1006.5,298,1,1006.6,194,2,1006.7,285,11
317,2025-11-26 12:01:47+05:30,1006.2,10,998.42,5604940,435158.0,373796.0,986.2,1007.1,981.3,986.2,120583500,1084.8,887.6,1102.5,649.1,1006.2,129,1,1006.1,1418,8,1006.0,6630,25,1005.9,2489,17,1005.8,2060,15,1006.3,51,1,1006.4,5,1,1006.5,298,1,1006.6,194,2,1006.7,285,11
317,2025-11-26 12:01:48+05:30,1006.7,162,998.43,5606952,432840.0,370435.0,986.2,1007.1,981.3,986.2,120583500,1084.8,887.6,1102.5,649.1,1006.2,738,3,1006.1,832,8,1006.0,6710,25,1005.9,2190,11,1005.8,1879,9,1006.6,123,3,1006.7,369,6,1006.8,630,10,1006.9,968,12,1007.0,5175,25
317,2025-11-26 12:01:48+05:30,1006.6,57,998.43,5606952,432840.0,370435.0,986.2,1007.1,981.3,986.2,120583500,1084.8,887.6,1102.5,649.1,1006.2,738,3,1006.1,832,8,1006.0,6710,25,1005.9,2190,11,1005.8,1879,9,1006.6,123,3,1006.7,369,6,1006.8,630,10,1006.9,968,12,1007.0,5175,25
317,2025-11-26 12:01:49+05:30,1006.2,1,998.43,5607043,429151.0,370587.0,986.2,1007.1,981.3,986.2,120583500,1084.8,887.6,1102.5,649.1,1006.2,946,6,1006.1,1806,14,1006.0,5545,29,1005.9,2257,13,1005.8,1727,9,1006.7,227,5,1006.8,561,7,1006.9,976,14,1007.0,5531,25,1007.1,1632,20
317,2025-11-26 12:01:49+05:30,1006.2,1,998.43,5607043,429151.0,370587.0,986.2,1007.1,981.3,986.2,120583500,1084.8,887.6,1102.5,649.1,1006.2,946,6,1006.1,1806,14,1006.0,5545,29,1005.9,2257,13,1005.8,1727,9,1006.7,227,5,1006.8,561,7,1006.9,976,14,1007.0,5531,25,1007.1,1632,20
317,2025-11-26 12:01:50+05:30,1006.3,1,998.43,5607043,429151.0,370587.0,986.2,1007.1,981.3,986.2,120583500,1084.8,887.6,1102.5,649.1,1006.2,946,6,1006.1,1806,14,1006.0,5545,29,1005.9,2257,13,1005.8,1727,9,1006.7,227,5,1006.8,561,7,1006.9,976,14,1007.0,5531,25,1007.1,1632,20
317,2025-11-26 12:01:50+05:30,1006.3,1,998.43,5607553,431339.0,373083.0,986.2,1007.1,981.3,986.2,120583500,1084.8,887.6,1102.5,649.1,1006.1,1708,14,1006.0,7009,32,1005.9,2117,10,1005.8,1787,9,1005.7,1456,10,1006.3,1,1,1006.7,417,6,1006.8,657,8,1006.9,1277,14,1007.0,5973,28
317,2025-11-26 12:01:51+05:30,1006.3,1,998.43,5607554,436809.0,369917.0,986.2,1007.1,981.3,986.2,120583500,1084.8,887.6,1102.5,649.1,1006.3,586,3,1006.2,1471,9,1006.1,3310,17,1006.0,5189,32,1005.9,1776,11,1006.6,1,1,1006.7,115,2,1006.8,566,8,1006.9,571,13,1007.0,5255,25
317,2025-11-26 12:01:51+05:30,1006.3,1,998.43,5607554,436809.0,369917.0,986.2,1007.1,981.3,986.2,120583500,1084.8,887.6,1102.5,649.1,1006.3,586,3,1006.2,1471,9,1006.1,3310,17,1006.0,5189,32,1005.9,1776,11,1006.6,1,1,1006.7,115,2,1006.8,566,8,1006.9,571,13,1007.0,5255,25
317,2025-11-26 12:01:52+05:30,1006.6,1,998.43,5607554,436809.0,369917.0,986.2,1007.1,981.3,986.2,120583500,1084.8,887.6,1102.5,649.1,1006.3,586,3,1006.2,1471,9,1006.1,3310,17,1006.0,5189,32,1005.9,1776,11,1006.6,1,1,1006.7,115,2,1006.8,566,8,1006.9,571,13,1007.0,5255,25
317,2025-11-26 12:01:52+05:30,1006.6,1,998.43,5607556,438393.0,370796.0,986.2,1007.1,981.3,986.2,120583500,1084.8,887.6,1102.5,649.1,1006.2,2065,11,1006.1,4090,19,1006.0,5189,32,1005.9,2526,12,1005.8,1630,9,1006.5,271,1,1006.6,1,1,1006.7,143,3,1006.8,566,8,1006.9,654,14
317,2025-11-26 12:01:53+05:30,1006.5,8,998.43,5607556,438393.0,370796.0,986.2,1007.1,981.3,986.2,120583500,1084.8,887.6,1102.5,649.1,1006.2,2065,11,1006.1,4090,19,1006.0,5189,32,1005.9,2526,12,1005.8,1630,9,1006.5,271,1,1006.6,1,1,1006.7,143,3,1006.8,566,8,1006.9,654,14
317,2025-11-26 12:01:53+05:30,1006.5,8,998.43,5607573,438940.0,370310.0,986.2,1007.1,981.3,986.2,120583500,1084.8,887.6,1102.5,649.1,1006.2,2213,13,1006.1,4115,20,1006.0,5153,31,1005.9,2683,12,1005.8,1630,9,1006.5,254,1,1006.6,1,1,1006.7,33,2,1006.8,384,8,1006.9,654,14
317,2025-11-26 12:01:54+05:30,1006.5,8,998.43,5607573,437760.0,371278.0,986.2,1007.1,981.3,986.2,120583500,1084.8,887.6,1102.5,649.1,1006.3,112,1,1006.2,1671,12,1006.1,3365,19,1006.0,5903,32,1005.9,2683,12,1006.5,254,1,1006.6,1,1,1006.7,28,1,1006.8,339,7,1006.9,701,17
317,2025-11-26 12:01:55+05:30,1006.5,2,998.43,5607573,437760.0,371278.0,986.2,1007.1,981.3,986.2,120583500,1084.8,887.6,1102.5,649.1,1006.3,112,1,1006.2,1671,12,1006.1,3365,19,1006.0,5903,32,1005.9,2683,12,1006.5,254,1,1006.6,1,1,1006.7,28,1,1006.8,339,7,1006.9,701,17
317,2025-11-26 12:01:55+05:30,1006.5,12,998.43,5607608,435975.0,371374.0,986.2,1007.1,981.3,986.2,120583500,1084.8,887.6,1102.5,649.1,1006.3,726,4,1006.2,2421,13,1006.1,3365,19,1006.0,5153,31,1005.9,2683,12,1006.5,219,1,1006.6,1,1,1006.7,28,1,1006.8,383,8,1006.9,701,17
317,2025-11-26 12:01:56+05:30,1006.5,2,998.43,5607608,435975.0,371374.0,986.2,1007.1,981.3,986.2,120583500,1084.8,887.6,1102.5,649.1,1006.3,726,4,1006.2,2421,13,1006.1,3365,19,1006.0,5153,31,1005.9,2683,12,1006.5,219,1,1006.6,1,1,1006.7,28,1,1006.8,383,8,1006.9,701,17
317,2025-11-26 12:01:56+05:30,1006.5,2,998.43,5607610,433986.0,371430.0,986.2,1007.1,981.3,986.2,120583500,1084.8,887.6,1102.5,649.1,1006.3,726,4,1006.2,1671,12,1006.1,4115,20,1006.0,5158,32,1005.9,2683,12,1006.5,217,1,1006.6,1,1,1006.7,128,2,1006.8,383,8,1006.9,600,17
317,2025-11-26 12:01:57+05:30,1006.5,3,998.43,5607610,433986.0,371430.0,986.2,1007.1,981.3,986.2,120583500,1084.8,887.6,1102.5,649.1,1006.3,726,4,1006.2,1671,12,1006.1,4115,20,1006.0,5158,32,1005.9,2683,12,1006.5,217,1,1006.6,1,1,1006.7,128,2,1006.8,383,8,1006.9,600,17
317,2025-11-26 12:01:57+05:30,1006.5,3,998.43,5607619,437423.0,370947.0,986.2,1007.1,981.3,986.2,120583500,1084.8,887.6,1102.5,649.1,1006.3,145,2,1006.2,1640,11,1006.1,4146,21,1006.0,5158,32,1005.9,2683,12,1006.5,208,1,1006.6,1,1,1006.7,128,2,1006.8,383,8,1006.9,600,17
317,2025-11-26 12:01:58+05:30,1006.5,132,998.43,5607619,437423.0,370947.0,986.2,1007.1,981.3,986.2,120583500,1084.8,887.6,1102.5,649.1,1006.3,145,2,1006.2,1640,11,1006.1,4146,21,1006.0,5158,32,1005.9,2683,12,1006.5,208,1,1006.6,1,1,1006.7,128,2,1006.8,383,8,1006.9,600,17
317,2025-11-26 12:01:58+05:30,1006.5,132,998.43,5607759,437328.0,371352.0,986.2,1007.1,981.3,986.2,120583500,1084.8,887.6,1102.5,649.1,1006.3,188,3,1006.2,2390,12,1006.1,3396,20,1006.0,5020,30,1005.9,2683,12,1006.5,68,1,1006.6,3,2,1006.7,128,2,1006.8,383,8,1006.9,594,16
317,2025-11-26 12:01:59+05:30,1006.5,20,998.43,5607759,437328.0,371352.0,986.2,1007.1,981.3,986.2,120583500,1084.8,887.6,1102.5,649.1,1006.3,188,3,1006.2,2390,12,1006.1,3396,20,1006.0,5020,30,1005.9,2683,12,1006.5,68,1,1006.6,3,2,1006.7,128,2,1006.8,383,8,1006.9,594,16
317,2025-11-26 12:01:59+05:30,1006.5,20,998.43,5607783,437329.0,371455.0,986.2,1007.1,981.3,986.2,120583500,1084.8,887.6,1102.5,649.1,1006.3,189,4,1006.2,2421,13,1006.1,3365,19,1006.0,5020,30,1005.9,2683,12,1006.5,44,1,1006.6,3,2,1006.7,128,2,1006.8,383,8,1006.9,594,16
317,2025-11-26 12:02:00+05:30,1006.4,4,998.43,5607783,437329.0,371455.0,986.2,1007.1,981.3,986.2,120583500,1084.8,887.6,1102.5,649.1,1006.3,189,4,1006.2,2421,13,1006.1,3365,19,1006.0,5020,30,1005.9,2683,12,1006.5,44,1,1006.6,3,2,1006.7,128,2,1006.8,383,8,1006.9,594,16
317,2025-11-26 12:02:00+05:30,1006.4,4,998.43,5607789,433466.0,371027.0,986.2,1007.1,981.3,986.2,120583500,1084.8,887.6,1102.5,649.1,1006.3,143,3,1006.2,550,8,1006.1,680,9,1006.0,5041,29,1005.9,3992,12,1006.4,10,1,1006.5,44,1,1006.6,8,3,1006.7,290,3,1006.8,441,10
317,2025-11-26 12:02:01+05:30,1006.4,1,998.43,5607789,433466.0,371027.0,986.2,1007.1,981.3,986.2,120583500,1084.8,887.6,1102.5,649.1,1006.3,143,3,1006.2,550,8,1006.1,680,9,1006.0,5041,29,1005.9,3992,12,1006.4,10,1,1006.5,44,1,1006.6,8,3,1006.7,290,3,1006.8,441,10
317,2025-11-26 12:02:01+05:30,1006.4,1,998.43,5607798,434453.0,371081.0,986.2,1007.1,981.3,986.2,120583500,1084.8,887.6,1102.5,649.1,1006.3,119,3,1006.2,550,8,1006.1,611,7,1006.0,5079,31,1005.9,4804,14,1006.4,9,1,1006.5,44,1,1006.6,8,3,1006.7,290,3,1006.8,411,9
317,2025-11-26 12:02:02+05:30,1006.4,1,998.43,5607798,434453.0,371081.0,986.2,1007.1,981.3,986.2,120583500,1084.8,887.6,1102.5,649.1,1006.3,119,3,1006.2,550,8,1006.1,611,7,1006.0,5079,31,1005.9,4804,14,1006.4,9,1,1006.5,44,1,1006.6,8,3,1006.7,290,3,1006.8,411,9
317,2025-11-26 12:02:02+05:30,1006.4,1,998.43,5608225,430252.0,371796.0,986.2,1007.1,981.3,986.2,120583500,1084.8,887.6,1102.5,649.1,1006.5,15,1,1006.4,27,1,1006.3,101,1,1006.2,970,7,1006.1,742,9,1006.6,8,3,1006.7,266,4,1006.8,519,8,1006.9,591,16,1007.0,5513,24
317,2025-11-26 12:02:03+05:30,1006.6,9,998.43,5608225,430252.0,371796.0,986.2,1007.1,981.3,986.2,120583500,1084.8,887.6,1102.5,649.1,1006.5,15,1,1006.4,27,1,1006.3,101,1,1006.2,970,7,1006.1,742,9,1006.6,8,3,1006.7,266,4,1006.8,519,8,1006.9,591,16,1007.0,5513,24
317,2025-11-26 12:02:03+05:30,1006.6,9,998.43,5608273,433674.0,370550.0,986.2,1007.1,981.3,986.2,120583500,1084.8,887.6,1102.5,649.1,1006.6,70,4,1006.4,129,2,1006.3,308,2,1006.2,970,7,1006.1,1012,9,1006.7,289,3,1006.8,462,6,1006.9,562,15,1007.0,5157,25,1007.1,1896,20
317,2025-11-26 12:02:04+05:30,1006.7,4,998.43,5608273,433674.0,370550.0,986.2,1007.1,981.3,986.2,120583500,1084.8,887.6,1102.5,649.1,1006.6,70,4,1006.4,129,2,1006.3,308,2,1006.2,970,7,1006.1,1012,9,1006.7,289,3,1006.8,462,6,1006.9,562,15,1007.0,5157,25,1007.1,1896,20
317,2025-11-26 12:02:04+05:30,1006.7,1,998.43,5608278,433104.0,370572.0,986.2,1007.1,981.3,986.2,120583500,1084.8,887.6,1102.5,649.1,1006.6,83,5,1006.4,129,2,1006.3,308,2,1006.2,508,7,1006.1,1245,9,1006.7,313,5,1006.8,475,6,1006.9,562,15,1007.0,5157,25,1007.1,1896,20
317,2025-11-26 12:02:05+05:30,1006.4,22,998.43,5608278,433104.0,370572.0,986.2,1007.1,981.3,986.2,120583500,1084.8,887.6,1102.5,649.1,1006.6,83,5,1006.4,129,2,1006.3,308,2,1006.2,508,7,1006.1,1245,9,1006.7,313,5,1006.8,475,6,1006.9,562,15,1007.0,5157,25,1007.1,1896,20
317,2025-11-26 12:02:05+05:30,1006.7,3,998.43,5608466,432806.0,370692.0,986.2,1007.1,981.3,986.2,120583500,1084.8,887.6,1102.5,649.1,1006.4,113,2,1006.3,308,2,1006.2,548,8,1006.1,1299,10,1006.0,4987,30,1006.7,119,3,1006.8,520,7,1006.9,594,16,1007.0,5272,27,1007.1,1619,19
317,2025-11-26 12:02:06+05:30,1006.7,1,998.43,5608466,432806.0,370692.0,986.2,1007.1,981.3,986.2,120583500,1084.8,887.6,1102.5,649.1,1006.4,113,2,1006.3,308,2,1006.2,548,8,1006.1,1299,10,1006.0,4987,30,1006.7,119,3,1006.8,520,7,1006.9,594,16,1007.0,5272,27,1007.1,1619,19
317,2025-11-26 12:02:06+05:30,1006.5,100,998.43,5608567,432856.0,370798.0,986.2,1007.1,981.3,986.2,120583500,1084.8,887.6,1102.5,649.1,1006.5,61,1,1006.4,113,2,1006.3,308,2,1006.2,548,8,1006.1,1299,10,1006.7,118,3,1006.8,576,9,1006.9,552,15,1007.0,5272,27,1007.1,1911,20
317,2025-11-26 12:02:07+05:30,1006.7,3,998.43,5608567,432856.0,370798.0,986.2,1007.1,981.3,986.2,120583500,1084.8,887.6,1102.5,649.1,1006.5,61,1,1006.4,113,2,1006.3,308,2,1006.2,548,8,1006.1,1299,10,1006.7,118,3,1006.8,576,9,1006.9,552,15,1007.0,5272,27,1007.1,1911,20
317,2025-11-26 12:02:07+05:30,1006.7,3,998.43,5608570,428900.0,370931.0,986.2,1007.1,981.3,986.2,120583500,1084.8,887.6,1102.5,649.1,1006.5,61,1,1006.4,113,2,1006.3,308,2,1006.2,548,8,1006.1,1299,10,1006.7,115,3,1006.8,576,9,1006.9,523,13,1007.0,5288,29,1007.1,1619,19
317,2025-11-26 12:02:08+05:30,1006.6,5,998.43,5608570,428900.0,370931.0,986.2,1007.1,981.3,986.2,120583500,1084.8,887.6,1102.5,649.1,1006.5,61,1,1006.4,113,2,1006.3,308,2,1006.2,548,8,1006.1,1299,10,1006.7,115,3,1006.8,576,9,1006.9,523,13,1007.0,5288,29,1007.1,1619,19
317,2025-11-26 12:02:08+05:30,1006.6,5,998.43,5608576,429442.0,371066.0,986.2,1007.1,981.3,986.2,120583500,1084.8,887.6,1102.5,649.1,1006.5,60,1,1006.4,113,2,1006.3,106,1,1006.2,1084,9,1006.1,768,9,1006.6,84,1,1006.7,143,4,1006.8,548,8,1006.9,523,13,1007.0,5580,30
317,2025-11-26 12:02:09+05:30,1006.6,3,998.43,5608576,429442.0,371066.0,986.2,1007.1,981.3,986.2,120583500,1084.8,887.6,1102.5,649.1,1006.5,60,1,1006.4,113,2,1006.3,106,1,1006.2,1084,9,1006.1,768,9,1006.6,84,1,1006.7,143,4,1006.8,548,8,1006.9,523,13,1007.0,5580,30
317,2025-11-26 12:02:09+05:30,1006.6,3,998.43,5608579,429178.0,371950.0,986.2,1007.1,981.3,986.2,120583500,1084.8,887.6,1102.5,649.1,1006.4,36,1,1006.3,605,3,1006.2,588,9,1006.1,843,12,1006.0,4999,30,1006.6,81,1,1006.7,252,5,1006.8,492,7,1006.9,514,13,1007.0,5535,27
317,2025-11-26 12:02:10+05:30,1006.5,2,998.43,5608579,429178.0,371950.0,986.2,1007.1,981.3,986.2,120583500,1084.8,887.6,1102.5,649.1,1006.4,36,1,1006.3,605,3,1006.2,588,9,1006.1,843,12,1006.0,4999,30,1006.6,81,1,1006.7,252,5,1006.8,492,7,1006.9,514,13,1007.0,5535,27
317,2025-11-26 12:02:10+05:30,1006.5,2,998.43,5608585,435366.0,372654.0,986.2,1007.1,981.3,986.2,120583500,1084.8,887.6,1102.5,649.1,1006.4,36,1,1006.3,499,2,1006.2,588,9,1006.1,897,14,1006.0,5004,30,1006.5,11,1,1006.6,81,1,1006.7,252,5,1006.8,504,7,1006.9,514,13
317,2025-11-26 12:02:11+05:30,1006.5,2,998.43,5608585,435366.0,372654.0,986.2,1007.1,981.3,986.2,120583500,1084.8,887.6,1102.5,649.1,1006.4,36,1,1006.3,499,2,1006.2,588,9,1006.1,897,14,1006.0,5004,30,1006.5,11,1,1006.6,81,1,1006.7,252,5,1006.8,504,7,1006.9,514,13
317,2025-11-26 12:02:11+05:30,1006.5,100,998.43,5609085,434439.0,369664.0,986.2,1007.1,981.3,986.2,120583500,1084.8,887.6,1102.5,649.1,1006.5,36,1,1006.4,542,7,1006.3,1134,8,1006.2,1970,15,1006.1,2362,13,1006.7,49,3,1006.8,65,2,1006.9,267,8,1007.0,4716,19,1007.1,1574,19
317,2025-11-26 12:02:12+05:30,1006.5,100,998.43,5609085,434439.0,369664.0,986.2,1007.1,981.3,986.2,120583500,1084.8,887.6,1102.5,649.1,1006.5,36,1,1006.4,542,7,1006.3,1134,8,1006.2,1970,15,1006.1,2362,13,1006.7,49,3,1006.8,65,2,1006.9,267,8,1007.0,4716,19,1007.1,1574,19
317,2025-11-26 12:02:12+05:30,1006.7,6,998.43,5609098,438621.0,369128.0,986.2,1007.1,981.3,986.2,120583500,1084.8,887.6,1102.5,649.1,1006.5,36,1,1006.4,678,10,1006.3,1164,9,1006.2,2000,16,1006.1,3138,16,1006.7,36,3,1006.8,65,2,1006.9,267,8,1007.0,4716,19,1007.1,1574,19
317,2025-11-26 12:02:13+05:30,1006.7,6,998.43,5609098,438621.0,369128.0,986.2,1007.1,981.3,986.2,120583500,1084.8,887.6,1102.5,649.1,1006.5,36,1,1006.4,678,10,1006.3,1164,9,1006.2,2000,16,1006.1,3138,16,1006.7,36,3,1006.8,65,2,1006.9,267,8,1007.0,4716,19,1007.1,1574,19
317,2025-11-26 12:02:13+05:30,1006.5,30,998.43,5609128,438449.0,369661.0,986.2,1007.1,981.3,986.2,120583500,1084.8,887.6,1102.5,649.1,1006.5,6,1,1006.4,526,7,1006.3,1164,9,1006.2,2000,16,1006.1,3138,16,1006.7,36,3,1006.8,65,2,1006.9,267,8,1007.0,4716,19,1007.1,1574,19
317,2025-11-26 12:02:14+05:30,1006.7,2,998.43,5609128,438449.0,369661.0,986.2,1007.1,981.3,986.2,120583500,1084.8,887.6,1102.5,649.1,1006.5,6,1,1006.4,526,7,1006.3,1164,9,1006.2,2000,16,1006.1,3138,16,1006.7,36,3,1006.8,65,2,1006.9,267,8,1007.0,4716,19,1007.1,1574,19
317,2025-11-26 12:02:14+05:30,1006.6,1,998.43,5609370,438380.0,368648.0,986.2,1007.1,981.3,986.2,120583500,1084.8,887.6,1102.5,649.1,1006.6,210,4,1006.5,362,6,1006.4,786,12,1006.3,2194,11,1006.2,3558,22,1006.7,29,2,1006.8,65,2,1006.9,96,6,1007.0,4524,17,1007.1,1378,16
317,2025-11-26 12:02:15+05:30,1006.7,15,998.43,5609370,438380.0,368648.0,986.2,1007.1,981.3,986.2,120583500,1084.8,887.6,1102.5,649.1,1006.6,210,4,1006.5,362,6,1006.4,786,12,1006.3,2194,11,1006.2,3558,22,1006.7,29,2,1006.8,65,2,1006.9,96,6,1007.0,4524,17,1007.1,1378,16
317,2025-11-26 12:02:15+05:30,1006.7,1,998.43,5609417,438863.0,367474.0,986.2,1007.1,981.3,986.2,120583500,1084.8,887.6,1102.5,649.1,1006.7,4,2,1006.6,319,5,1006.5,946,7,1006.4,1862,14,1006.3,4163,17,1006.8,63,2,1006.9,26,5,1007.0,4524,17,1007.1,1044,12,1007.2,673,8
317,2025-11-26 12:02:16+05:30,1006.8,23,998.43,5609417,438863.0,367474.0,986.2,1007.1,981.3,986.2,120583500,1084.8,887.6,1102.5,649.1,1006.7,4,2,1006.6,319,5,1006.5,946,7,1006.4,1862,14,1006.3,4163,17,1006.8,63,2,1006.9,26,5,1007.0,4524,17,1007.1,1044,12,1007.2,673,8
317,2025-11-26 12:02:16+05:30,1006.9,1,998.43,5609505,439593.0,367894.0,986.2,1007.1,981.3,986.2,120583500,1084.8,887.6,1102.5,649.1,1006.8,153,4,1006.7,29,1,1006.6,138,2,1006.5,1082,9,1006.4,1985,16,1006.9,25,5,1007.0,4524,17,1007.1,1157,14,1007.2,563,7,1007.3,1234,14
317,2025-11-26 12:02:17+05:30,1006.8,1,998.43,5609505,439593.0,367894.0,986.2,1007.1,981.3,986.2,120583500,1084.8,887.6,1102.5,649.1,1006.8,153,4,1006.7,29,1,1006.6,138,2,1006.5,1082,9,1006.4,1985,16,1006.9,25,5,1007.0,4524,17,1007.1,1157,14,1007.2,563,7,1007.3,1234,14
317,2025-11-26 12:02:17+05:30,1007.0,3,998.43,5609762,437926.0,365644.0,986.2,1007.1,981.3,986.2,120583500,1084.8,887.6,1102.5,649.1,1006.8,180,5,1006.7,67,2,1006.6,501,7,1006.5,1325,10,1006.4,2050,17,1007.0,4353,18,1007.1,968,12,1007.2,526,6,1007.3,803,9,1007.4,753,11
317,2025-11-26 12:02:18+05:30,1006.9,80,998.43,5609762,437926.0,365644.0,986.2,1007.1,981.3,986.2,120583500,1084.8,887.6,1102.5,649.1,1006.8,180,5,1006.7,67,2,1006.6,501,7,1006.5,1325,10,1006.4,2050,17,1007.0,4353,18,1007.1,968,12,1007.2,526,6,1007.3,803,9,1007.4,753,11
317,2025-11-26 12:02:18+05:30,1006.9,80,998.43,5609861,443117.0,366681.0,986.2,1007.1,981.3,986.2,120583500,1084.8,887.6,1102.5,649.1,1006.8,161,4,1006.7,65,2,1006.6,471,6,1006.5,1351,11,1006.4,2527,19,1006.9,27,1,1007.0,4353,18,1007.1,968,12,1007.2,495,5,1007.3,900,12
317,2025-11-26 12:02:19+05:30,1006.9,3,998.43,5609866,439696.0,367711.0,986.2,1007.1,981.3,986.2,120583500,1084.8,887.6,1102.5,649.1,1006.8,172,5,1006.6,375,3,1006.5,1288,9,1006.4,1312,14,1006.3,2673,14,1006.9,24,1,1007.0,4353,18,1007.1,969,13,1007.2,532,6,1007.3,1192,13
317,2025-11-26 12:02:20+05:30,1006.9,1,998.43,5609866,439696.0,367711.0,986.2,1007.1,981.3,986.2,120583500,1084.8,887.6,1102.5,649.1,1006.8,172,5,1006.6,375,3,1006.5,1288,9,1006.4,1312,14,1006.3,2673,14,1006.9,24,1,1007.0,4353,18,1007.1,969,13,1007.2,532,6,1007.3,1192,13
317,2025-11-26 12:02:21+05:30,1006.9,1,998.43,5610127,439055.0,367999.0,986.2,1007.1,981.3,986.2,120583500,1084.8,887.6,1102.5,649.1,1006.8,35,1,1006.7,28,1,1006.6,245,3,1006.5,1322,10,1006.4,1034,13,1006.9,24,2,1007.0,4430,20,1007.1,1164,15,1007.2,562,7,1007.3,1161,12
317,2025-11-26 12:02:21+05:30,1006.9,1,998.43,5610127,439055.0,367999.0,986.2,1007.1,981.3,986.2,120583500,1084.8,887.6,1102.5,649.1,1006.8,35,1,1006.7,28,1,1006.6,245,3,1006.5,1322,10,1006.4,1034,13,1006.9,24,2,1007.0,4430,20,1007.1,1164,15,1007.2,562,7,1007.3,1161,12
317,2025-11-26 12:02:22+05:30,1006.8,5,998.43,5610134,438985.0,367871.0,986.2,1007.1,981.3,986.2,120583500,1084.8,887.6,1102.5,649.1,1006.8,30,1,1006.7,28,1,1006.6,245,3,1006.5,1322,10,1006.4,1074,14,1006.9,22,2,1007.0,4393,19,1007.1,1164,15,1007.2,569,7,1007.3,869,11
317,2025-11-26 12:02:22+05:30,1006.8,5,998.43,5610134,438985.0,367871.0,986.2,1007.1,981.3,986.2,120583500,1084.8,887.6,1102.5,649.1,1006.8,30,1,1006.7,28,1,1006.6,245,3,1006.5,1322,10,1006.4,1074,14,1006.9,22,2,1007.0,4393,19,1007.1,1164,15,1007.2,569,7,1007.3,869,11
317,2025-11-26 12:02:23+05:30,1006.9,2,998.43,5610146,441717.0,367928.0,986.2,1007.1,981.3,986.2,120583500,1084.8,887.6,1102.5,649.1,1006.8,30,1,1006.7,28,1,1006.6,281,4,1006.5,1322,10,1006.4,2102,16,1006.9,18,3,1007.0,4393,19,1007.1,1164,15,1007.2,532,6,1007.3,869,11
317,2025-11-26 12:02:23+05:30,1006.9,2,998.43,5610146,441717.0,367928.0,986.2,1007.1,981.3,986.2,120583500,1084.8,887.6,1102.5,649.1,1006.8,30,1,1006.7,28,1,1006.6,281,4,1006.5,1322,10,1006.4,2102,16,1006.9,18,3,1007.0,4393,19,1007.1,1164,15,1007.2,532,6,1007.3,869,11
317,2025-11-26 12:02:24+05:30,1006.8,1,998.43,5610148,441911.0,367924.0,986.2,1007.1,981.3,986.2,120583500,1084.8,887.6,1102.5,649.1,1006.8,29,2,1006.7,28,1,1006.6,172,3,1006.5,1359,11,1006.4,2102,16,1006.9,43,4,1007.0,4393,19,1007.1,1164,15,1007.2,532,6,1007.3,869,11
317,2025-11-26 12:02:24+05:30,1006.8,1,998.43,5610148,441911.0,367924.0,986.2,1007.1,981.3,986.2,120583500,1084.8,887.6,1102.5,649.1,1006.8,29,2,1006.7,28,1,1006.6,172,3,1006.5,1359,11,1006.4,2102,16,1006.9,43,4,1007.0,4393,19,1007.1,1164,15,1007.2,532,6,1007.3,869,11
317,2025-11-26 12:02:25+05:30,1006.9,1,998.43,5610152,441607.0,367947.0,986.2,1007.1,981.3,986.2,120583500,1084.8,887.6,1102.5,649.1,1006.8,29,3,1006.7,28,1,1006.6,172,3,1006.5,1359,11,1006.4,2102,16,1006.9,40,4,1007.0,4393,19,1007.1,1164,15,1007.2,532,6,1007.3,869,11
317,2025-11-26 12:02:25+05:30,1006.9,1,998.43,5610152,441607.0,367947.0,986.2,1007.1,981.3,986.2,120583500,1084.8,887.6,1102.5,649.1,1006.8,29,3,1006.7,28,1,1006.6,172,3,1006.5,1359,11,1006.4,2102,16,1006.9,40,4,1007.0,4393,19,1007.1,1164,15,1007.2,532,6,1007.3,869,11
317,2025-11-26 12:02:26+05:30,1006.9,2,998.43,5610177,441915.0,367197.0,986.2,1007.1,981.3,986.2,120583500,1084.8,887.6,1102.5,649.1,1006.8,29,3,1006.7,28,1,1006.6,374,4,1006.5,1481,13,1006.4,2465,18,1006.9,17,2,1007.0,4393,19,1007.1,1164,15,1007.2,532,6,1007.3,869,11
317,2025-11-26 12:02:26+05:30,1006.9,2,998.43,5610177,441915.0,367197.0,986.2,1007.1,981.3,986.2,120583500,1084.8,887.6,1102.5,649.1,1006.8,29,3,1006.7,28,1,1006.6,374,4,1006.5,1481,13,1006.4,2465,18,1006.9,17,2,1007.0,4393,19,1007.1,1164,15,1007.2,532,6,1007.3,869,11
317,2025-11-26 12:02:27+05:30,1006.9,1,998.43,5610178,441914.0,367128.0,986.2,1007.1,981.3,986.2,120583500,1084.8,887.6,1102.5,649.1,1006.8,28,2,1006.7,28,1,1006.6,374,4,1006.5,1481,13,1006.4,2465,18,1006.9,16,2,1007.0,4393,19,1007.1,1164,15,1007.2,532,6,1007.3,869,11
317,2025-11-26 12:02:27+05:30,1006.9,1,998.43,5610178,441914.0,367128.0,986.2,1007.1,981.3,986.2,120583500,1084.8,887.6,1102.5,649.1,1006.8,28,2,1006.7,28,1,1006.6,374,4,1006.5,1481,13,1006.4,2465,18,1006.9,16,2,1007.0,4393,19,1007.1,1164,15,1007.2,532,6,1007.3,869,11
317,2025-11-26 12:02:28+05:30,1006.9,1,998.43,5610178,441914.0,367128.0,986.2,1007.1,981.3,986.2,120583500,1084.8,887.6,1102.5,649.1,1006.8,28,2,1006.7,28,1,1006.6,374,4,1006.5,1481,13,1006.4,2465,18,1006.9,16,2,1007.0,4393,19,1007.1,1164,15,1007.2,532,6,1007.3,869,11
317,2025-11-26 12:02:28+05:30,1006.9,1,998.43,5610189,441912.0,367877.0,986.2,1007.1,981.3,986.2,120583500,1084.8,887.6,1102.5,649.1,1006.8,27,1,1006.7,28,1,1006.6,374,4,1006.5,1490,13,1006.4,2465,18,1006.9,5,2,1007.0,4393,19,1007.1,1164,15,1007.2,532,6,1007.3,895,13
317,2025-11-26 12:02:29+05:30,1006.9,5,998.43,5610189,441912.0,367877.0,986.2,1007.1,981.3,986.2,120583500,1084.8,887.6,1102.5,649.1,1006.8,27,1,1006.7,28,1,1006.6,374,4,1006.5,1490,13,1006.4,2465,18,1006.9,5,2,1007.0,4393,19,1007.1,1164,15,1007.2,532,6,1007.3,895,13
317,2025-11-26 12:02:29+05:30,1006.9,5,998.43,5610199,442027.0,367980.0,986.2,1007.1,981.3,986.2,120583500,1084.8,887.6,1102.5,649.1,1006.8,120,2,1006.7,28,1,1006.6,374,4,1006.5,1490,13,1006.4,2465,18,1006.9,22,2,1007.0,4393,19,1007.1,1164,15,1007.2,532,6,1007.3,895,13
317,2025-11-26 12:02:30+05:30,1006.9,8,998.43,5610199,442027.0,367980.0,986.2,1007.1,981.3,986.2,120583500,1084.8,887.6,1102.5,649.1,1006.8,120,2,1006.7,28,1,1006.6,374,4,1006.5,1490,13,1006.4,2465,18,1006.9,22,2,1007.0,4393,19,1007.1,1164,15,1007.2,532,6,1007.3,895,13
317,2025-11-26 12:02:30+05:30,1007.0,10,998.43,5610381,439904.0,367635.0,986.2,1007.1,981.3,986.2,120583500,1084.8,887.6,1102.5,649.1,1006.9,28,1,1006.8,174,2,1006.7,89,2,1006.6,806,7,1006.5,1500,14,1007.0,4383,19,1007.1,1127,14,1007.2,529,6,1007.3,1075,13,1007.4,781,12
317,2025-11-26 12:02:31+05:30,1007.0,2,998.43,5610381,439904.0,367635.0,986.2,1007.1,981.3,986.2,120583500,1084.8,887.6,1102.5,649.1,1006.9,28,1,1006.8,174,2,1006.7,89,2,1006.6,806,7,1006.5,1500,14,1007.0,4383,19,1007.1,1127,14,1007.2,529,6,1007.3,1075,13,1007.4,781,12
317,2025-11-26 12:02:31+05:30,1007.0,2,998.43,5610393,442422.0,367731.0,986.2,1007.1,981.3,986.2,120583500,1084.8,887.6,1102.5,649.1,1006.9,109,3,1006.8,81,2,1006.7,264,4,1006.6,604,6,1006.5,1970,14,1007.0,4382,20,1007.1,1161,15,1007.2,711,7,1007.3,808,13,1007.4,781,12
317,2025-11-26 12:02:32+05:30,1007.0,1,998.43,5610393,442422.0,367731.0,986.2,1007.1,981.3,986.2,120583500,1084.8,887.6,1102.5,649.1,1006.9,109,3,1006.8,81,2,1006.7,264,4,1006.6,604,6,1006.5,1970,14,1007.0,4382,20,1007.1,1161,15,1007.2,711,7,1007.3,808,13,1007.4,781,12
317,2025-11-26 12:02:32+05:30,1007.0,1,998.43,5610394,442207.0,367913.0,986.2,1007.1,981.3,986.2,120583500,1084.8,887.6,1102.5,649.1,1006.9,109,3,1006.8,81,2,1006.7,264,4,1006.6,604,6,1006.5,1970,14,1007.0,4381,20,1007.1,1152,15,1007.2,711,7,1007.3,842,14,1007.4,1073,13
317,2025-11-26 12:02:33+05:30,1007.0,5,998.43,5610394,442207.0,367913.0,986.2,1007.1,981.3,986.2,120583500,1084.8,887.6,1102.5,649.1,1006.9,109,3,1006.8,81,2,1006.7,264,4,1006.6,604,6,1006.5,1970,14,1007.0,4381,20,1007.1,1152,15,1007.2,711,7,1007.3,842,14,1007.4,1073,13
317,2025-11-26 12:02:33+05:30,1007.0,19,998.43,5610422,442186.0,367883.0,986.2,1007.1,981.3,986.2,120583500,1084.8,887.6,1102.5,649.1,1006.9,90,2,1006.8,81,2,1006.7,264,4,1006.6,604,6,1006.5,1970,14,1007.0,4353,20,1007.1,1152,15,1007.2,711,7,1007.3,817,13,1007.4,1073,13
317,2025-11-26 12:02:34+05:30,1007.0,112,998.43,5610422,442186.0,367883.0,986.2,1007.1,981.3,986.2,120583500,1084.8,887.6,1102.5,649.1,1006.9,90,2,1006.8,81,2,1006.7,264,4,1006.6,604,6,1006.5,1970,14,1007.0,4353,20,1007.1,1152,15,1007.2,711,7,1007.3,817,13,1007.4,1073,13
317,2025-11-26 12:02:34+05:30,1007.0,112,998.43,5610535,442227.0,367728.0,986.2,1007.1,981.3,986.2,120583500,1084.8,887.6,1102.5,649.1,1006.9,90,2,1006.8,81,2,1006.7,264,4,1006.6,604,6,1006.5,1970,14,1007.0,4240,20,1007.1,994,14,1007.2,786,9,1007.3,842,14,1007.4,1073,13
317,2025-11-26 12:02:35+05:30,1007.0,3,998.43,5610535,442227.0,367728.0,986.2,1007.1,981.3,986.2,120583500,1084.8,887.6,1102.5,649.1,1006.9,90,2,1006.8,81,2,1006.7,264,4,1006.6,604,6,1006.5,1970,14,1007.0,4240,20,1007.1,994,14,1007.2,786,9,1007.3,842,14,1007.4,1073,13
317,2025-11-26 12:02:35+05:30,1007.0,1,998.43,5610541,442171.0,367424.0,986.2,1007.1,981.3,986.2,120583500,1084.8,887.6,1102.5,649.1,1006.9,103,3,1006.8,81,2,1006.7,264,4,1006.6,604,6,1006.5,1970,14,1007.0,4234,20,1007.1,1103,15,1007.2,819,10,1007.3,840,14,1007.4,6573,14
317,2025-11-26 12:02:36+05:30,1007.1,1,998.43,5610541,442171.0,367424.0,986.2,1007.1,981.3,986.2,120583500,1084.8,887.6,1102.5,649.1,1006.9,103,3,1006.8,81,2,1006.7,264,4,1006.6,604,6,1006.5,1970,14,1007.0,4234,20,1007.1,1103,15,1007.2,819,10,1007.3,840,14,1007.4,6573,14
317,2025-11-26 12:02:37+05:30,1007.2,1,998.44,5618723,441275.0,358397.0,986.2,1007.2,981.3,986.2,120583500,1084.8,887.6,1102.5,649.1,1007.2,209,5,1007.0,136,5,1006.9,381,4,1006.8,818,11,1006.7,1012,15,1007.3,220,3,1007.4,5625,7,1007.5,765,17,1007.6,889,11,1007.7,754,12
317,2025-11-26 12:02:37+05:30,1007.0,38,998.44,5618723,441275.0,358397.0,986.2,1007.2,981.3,986.2,120583500,1084.8,887.6,1102.5,649.1,1007.2,209,5,1007.0,136,5,1006.9,381,4,1006.8,818,11,1006.7,1012,15,1007.3,220,3,1007.4,5625,7,1007.5,765,17,1007.6,889,11,1007.7,754,12
317,2025-11-26 12:02:37+05:30,1007.2,39,998.44,5619368,439130.0,360764.0,986.2,1007.2,981.3,986.2,120583500,1084.8,887.6,1102.5,649.1,1007.0,13,1,1006.9,13,1,1006.8,391,5,1006.7,656,8,1006.6,1384,10,1007.2,89,3,1007.3,1072,8,1007.4,6098,12,1007.5,1288,18,1007.6,796,13
317,2025-11-26 12:02:38+05:30,1007.1,490,998.44,5619368,439130.0,360764.0,986.2,1007.2,981.3,986.2,120583500,1084.8,887.6,1102.5,649.1,1007.0,13,1,1006.9,13,1,1006.8,391,5,1006.7,656,8,1006.6,1384,10,1007.2,89,3,1007.3,1072,8,1007.4,6098,12,1007.5,1288,18,1007.6,796,13
317,2025-11-26 12:02:38+05:30,1007.1,490,998.44,5619880,438809.0,362225.0,986.2,1007.2,981.3,986.2,120583500,1084.8,887.6,1102.5,649.1,1006.9,13,1,1006.8,85,2,1006.7,564,7,1006.6,824,13,1006.5,2177,18,1007.1,69,2,1007.2,867,5,1007.3,1501,11,1007.4,6519,14,1007.5,1029,18
317,2025-11-26 12:02:40+05:30,1007.0,1,998.45,5624929,440988.0,361079.0,986.2,1007.4,981.3,986.2,120583500,1084.8,887.6,1102.5,649.1,1006.9,4,1,1006.8,52,1,1006.7,647,6,1006.6,1151,15,1006.5,2472,19,1007.0,195,1,1007.1,1,1,1007.2,102,3,1007.3,967,8,1007.4,6046,11
317,2025-11-26 12:02:40+05:30,1007.0,341,998.45,5624929,440988.0,361079.0,986.2,1007.4,981.3,986.2,120583500,1084.8,887.6,1102.5,649.1,1006.9,4,1,1006.8,52,1,1006.7,647,6,1006.6,1151,15,1006.5,2472,19,1007.0,195,1,1007.1,1,1,1007.2,102,3,1007.3,967,8,1007.4,6046,11
317,2025-11-26 12:02:41+05:30,1007.0,22,998.45,5626346,440341.0,361175.0,986.2,1007.4,981.3,986.2,120583500,1084.8,887.6,1102.5,649.1,1006.9,84,3,1006.8,210,2,1006.7,739,8,1006.6,994,15,1006.5,2174,18,1007.0,174,1,1007.1,1,1,1007.2,102,3,1007.3,273,5,1007.4,5997,10
317,2025-11-26 12:02:41+05:30,1007.4,657,998.45,5626346,440341.0,361175.0,986.2,1007.4,981.3,986.2,120583500,1084.8,887.6,1102.5,649.1,1006.9,84,3,1006.8,210,2,1006.7,739,8,1006.6,994,15,1006.5,2174,18,1007.0,174,1,1007.1,1,1,1007.2,102,3,1007.3,273,5,1007.4,5997,10
317,2025-11-26 12:02:42+05:30,1007.0,81,998.46,5627969,439370.0,361336.0,986.2,1007.4,981.3,986.2,120583500,1084.8,887.6,1102.5,649.1,1006.9,195,3,1006.8,446,5,1006.7,1547,11,1006.6,1113,15,1006.5,4545,22,1007.0,119,1,1007.1,2,1,1007.2,2,1,1007.3,204,2,1007.4,5107,9
317,2025-11-26 12:02:42+05:30,1007.0,81,998.46,5627969,439370.0,361336.0,986.2,1007.4,981.3,986.2,120583500,1084.8,887.6,1102.5,649.1,1006.9,195,3,1006.8,446,5,1006.7,1547,11,1006.6,1113,15,1006.5,4545,22,1007.0,119,1,1007.1,2,1,1007.2,2,1,1007.3,204,2,1007.4,5107,9
317,2025-11-26 12:02:43+05:30,1007.0,23,998.46,5628001,437451.0,360800.0,986.2,1007.4,981.3,986.2,120583500,1084.8,887.6,1102.5,649.1,1006.9,14,2,1006.8,785,7,1006.7,970,10,1006.6,835,14,1006.5,3323,21,1007.0,92,2,1007.1,2,1,1007.2,3,2,1007.3,204,2,1007.4,5107,9
317,2025-11-26 12:02:43+05:30,1007.0,23,998.46,5628001,437451.0,360800.0,986.2,1007.4,981.3,986.2,120583500,1084.8,887.6,1102.5,649.1,1006.9,14,2,1006.8,785,7,1006.7,970,10,1006.6,835,14,1006.5,3323,21,1007.0,92,2,1007.1,2,1,1007.2,3,2,1007.3,204,2,1007.4,5107,9
317,2025-11-26 12:02:44+05:30,1007.4,1690,998.46,5630001,441201.0,358046.0,986.2,1007.4,981.3,986.2,120583500,1084.8,887.6,1102.5,649.1,1006.9,126,3,1006.8,1220,8,1006.7,970,10,1006.6,1333,19,1006.5,1499,16,1007.2,74,1,1007.3,272,2,1007.4,3515,8,1007.5,542,13,1007.6,780,7
317,2025-11-26 12:02:44+05:30,1007.2,74,998.46,5630001,441201.0,358046.0,986.2,1007.4,981.3,986.2,120583500,1084.8,887.6,1102.5,649.1,1006.9,126,3,1006.8,1220,8,1006.7,970,10,1006.6,1333,19,1006.5,1499,16,1007.2,74,1,1007.3,272,2,1007.4,3515,8,1007.5,542,13,1007.6,780,7
317,2025-11-26 12:02:45+05:30,1007.4,2,998.46,5630001,441201.0,358046.0,986.2,1007.4,981.3,986.2,120583500,1084.8,887.6,1102.5,649.1,1006.9,126,3,1006.8,1220,8,1006.7,970,10,1006.6,1333,19,1006.5,1499,16,1007.2,74,1,1007.3,272,2,1007.4,3515,8,1007.5,542,13,1007.6,780,7
317,2025-11-26 12:02:45+05:30,1007.4,2,998.46,5630171,439012.0,357913.0,986.2,1007.4,981.3,986.2,120583500,1084.8,887.6,1102.5,649.1,1007.0,106,1,1006.9,704,7,1006.8,924,11,1006.7,824,10,1006.6,1423,18,1007.4,3159,6,1007.5,718,13,1007.6,995,10,1007.7,1097,13,1007.8,2524,15
317,2025-11-26 12:02:46+05:30,1007.4,1,998.46,5630171,439012.0,357913.0,986.2,1007.4,981.3,986.2,120583500,1084.8,887.6,1102.5,649.1,1007.0,106,1,1006.9,704,7,1006.8,924,11,1006.7,824,10,1006.6,1423,18,1007.4,3159,6,1007.5,718,13,1007.6,995,10,1007.7,1097,13,1007.8,2524,15
317,2025-11-26 12:02:46+05:30,1007.4,1,998.46,5630187,437408.0,357633.0,986.2,1007.4,981.3,986.2,120583500,1084.8,887.6,1102.5,649.1,1007.0,256,2,1006.9,758,9,1006.8,924,11,1006.7,1362,12,1006.6,1410,17,1007.4,3143,6,1007.5,718,13,1007.6,968,9,1007.7,1155,13,1007.8,2524,15
317,2025-11-26 12:02:47+05:30,1007.9,150,998.46,5630187,437408.0,357633.0,986.2,1007.4,981.3,986.2,120583500,1084.8,887.6,1102.5,649.1,1007.0,256,2,1006.9,758,9,1006.8,924,11,1006.7,1362,12,1006.6,1410,17,1007.4,3143,6,1007.5,718,13,1007.6,968,9,1007.7,1155,13,1007.8,2524,15
317,2025-11-26 12:02:47+05:30,1007.9,150,998.48,5640583,444233.0,345251.0,986.2,1007.9,981.3,986.2,120583500,1084.8,887.6,1102.5,649.1,1007.8,503,5,1007.7,204,3,1007.6,469,8,1007.5,151,5,1007.4,945,5,1007.9,145,2,1008.0,5147,55,1008.1,109,1,1008.2,365,7,1008.3,761,8
317,2025-11-26 12:02:48+05:30,1008.0,10,998.48,5640583,444233.0,345251.0,986.2,1007.9,981.3,986.2,120583500,1084.8,887.6,1102.5,649.1,1007.8,503,5,1007.7,204,3,1007.6,469,8,1007.5,151,5,1007.4,945,5,1007.9,145,2,1008.0,5147,55,1008.1,109,1,1008.2,365,7,1008.3,761,8
317,2025-11-26 12:02:48+05:30,1008.0,59,998.48,5643190,439832.0,345126.0,986.2,1008.0,981.3,986.2,120583500,1084.8,887.6,1102.5,649.1,1007.8,181,1,1007.7,531,7,1007.6,811,10,1007.5,605,7,1007.4,560,8,1008.0,4753,45,1008.2,60,4,1008.3,818,12,1008.4,774,9,1008.5,994,13
317,2025-11-26 12:02:49+05:30,1008.0,1,998.48,5643190,439832.0,345126.0,986.2,1008.0,981.3,986.2,120583500,1084.8,887.6,1102.5,649.1,1007.8,181,1,1007.7,531,7,1007.6,811,10,1007.5,605,7,1007.4,560,8,1008.0,4753,45,1008.2,60,4,1008.3,818,12,1008.4,774,9,1008.5,994,13
317,2025-11-26 12:02:49+05:30,1007.8,77,998.48,5644199,447294.0,347681.0,986.2,1008.0,981.3,986.2,120583500,1084.8,887.6,1102.5,649.1,1007.8,721,5,1007.7,4473,16,1007.6,2206,14,1007.5,2271,13,1007.4,1707,11,1007.9,500,1,1008.0,4631,43,1008.1,27,1,1008.2,8,3,1008.3,383,3
317,2025-11-26 12:02:50+05:30,1007.9,305,998.48,5644199,447294.0,347681.0,986.2,1008.0,981.3,986.2,120583500,1084.8,887.6,1102.5,649.1,1007.8,721,5,1007.7,4473,16,1007.6,2206,14,1007.5,2271,13,1007.4,1707,11,1007.9,500,1,1008.0,4631,43,1008.1,27,1,1008.2,8,3,1008.3,383,3
317,2025-11-26 12:02:50+05:30,1007.8,26,998.49,5650088,451752.0,348134.0,986.2,1008.0,981.3,986.2,120583500,1084.8,887.6,1102.5,649.1,1007.8,1452,12,1007.7,4436,17,1007.6,1384,11,1007.5,2593,13,1007.4,1409,10,1008.0,5154,45,1008.1,27,1,1008.2,8,3,1008.3,225,2,1008.4,640,8
317,2025-11-26 12:02:51+05:30,1008.0,6,998.49,5650088,451752.0,348134.0,986.2,1008.0,981.3,986.2,120583500,1084.8,887.6,1102.5,649.1,1007.8,1452,12,1007.7,4436,17,1007.6,1384,11,1007.5,2593,13,1007.4,1409,10,1008.0,5154,45,1008.1,27,1,1008.2,8,3,1008.3,225,2,1008.4,640,8
317,2025-11-26 12:02:51+05:30,1008.0,6,998.49,5650679,451567.0,348012.0,986.2,1008.0,981.3,986.2,120583500,1084.8,887.6,1102.5,649.1,1007.9,39,4,1007.8,1533,13,1007.7,4429,16,1007.6,2134,12,1007.5,1890,14,1008.0,4563,41,1008.1,335,3,1008.2,8,3,1008.3,225,2,1008.4,482,7
317,2025-11-26 12:02:52+05:30,1008.0,63,998.49,5650679,451567.0,348012.0,986.2,1008.0,981.3,986.2,120583500,1084.8,887.6,1102.5,649.1,1007.9,39,4,1007.8,1533,13,1007.7,4429,16,1007.6,2134,12,1007.5,1890,14,1008.0,4563,41,1008.1,335,3,1008.2,8,3,1008.3,225,2,1008.4,482,7
317,2025-11-26 12:02:52+05:30,1008.0,63,998.5,5651150,451608.0,348291.0,986.2,1008.0,981.3,986.2,120583500,1084.8,887.6,1102.5,649.1,1007.9,167,5,1007.8,1367,12,1007.7,4630,17,1007.6,2226,14,1007.5,1890,14,1008.0,4092,41,1008.1,335,3,1008.2,8,3,1008.3,225,2,1008.4,506,7
317,2025-11-26 12:02:53+05:30,1008.0,1,998.5,5651150,451608.0,348291.0,986.2,1008.0,981.3,986.2,120583500,1084.8,887.6,1102.5,649.1,1007.9,167,5,1007.8,1367,12,1007.7,4630,17,1007.6,2226,14,1007.5,1890,14,1008.0,4092,41,1008.1,335,3,1008.2,8,3,1008.3,225,2,1008.4,506,7
317,2025-11-26 12:02:53+05:30,1008.0,35,998.5,5651196,451138.0,348358.0,986.2,1008.0,981.3,986.2,120583500,1084.8,887.6,1102.5,649.1,1007.9,190,6,1007.8,1354,11,1007.7,4630,17,1007.6,2226,14,1007.5,1891,15,1008.0,4046,41,1008.1,335,3,1008.2,6,2,1008.3,225,2,1008.4,507,8
317,2025-11-26 12:02:54+05:30,1007.9,1,998.5,5651196,451138.0,348358.0,986.2,1008.0,981.3,986.2,120583500,1084.8,887.6,1102.5,649.1,1007.9,190,6,1007.8,1354,11,1007.7,4630,17,1007.6,2226,14,1007.5,1891,15,1008.0,4046,41,1008.1,335,3,1008.2,6,2,1008.3,225,2,1008.4,507,8
317,2025-11-26 12:02:54+05:30,1008.0,112,998.5,5651400,451306.0,348267.0,986.2,1008.0,981.3,986.2,120583500,1084.8,887.6,1102.5,649.1,1007.9,384,5,1007.8,1354,11,1007.7,4630,17,1007.6,2199,13,1007.5,1891,15,1008.0,3844,42,1008.1,335,3,1008.2,6,2,1008.3,225,2,1008.4,507,8
317,2025-11-26 12:02:55+05:30,1008.0,2,998.5,5651400,451306.0,348267.0,986.2,1008.0,981.3,986.2,120583500,1084.8,887.6,1102.5,649.1,1007.9,384,5,1007.8,1354,11,1007.7,4630,17,1007.6,2199,13,1007.5,1891,15,1008.0,3844,42,1008.1,335,3,1008.2,6,2,1008.3,225,2,1008.4,507,8
317,2025-11-26 12:02:55+05:30,1008.0,750,998.5,5652239,451586.0,347591.0,986.2,1008.0,981.3,986.2,120583500,1084.8,887.6,1102.5,649.1,1007.9,13,1,1007.8,1500,8,1007.7,4452,17,1007.6,2475,19,1007.5,1891,15,1008.0,3036,43,1008.1,335,3,1008.2,6,2,1008.3,230,3,1008.4,507,8
317,2025-11-26 12:02:56+05:30,1008.0,50,998.5,5652239,451586.0,347591.0,986.2,1008.0,981.3,986.2,120583500,1084.8,887.6,1102.5,649.1,1007.9,13,1,1007.8,1500,8,1007.7,4452,17,1007.6,2475,19,1007.5,1891,15,1008.0,3036,43,1008.1,335,3,1008.2,6,2,1008.3,230,3,1008.4,507,8
317,2025-11-26 12:02:56+05:30,1007.8,100,998.5,5652550,452123.0,348020.0,986.2,1008.0,981.3,986.2,120583500,1084.8,887.6,1102.5,649.1,1007.8,1056,5,1007.7,4697,19,1007.6,2181,16,1007.5,2601,15,1007.4,1459,12,1007.9,25,1,1008.0,2855,43,1008.1,335,3,1008.2,55,3,1008.3,225,2
317,2025-11-26 12:02:57+05:30,1008.0,24,998.5,5652550,452123.0,348020.0,986.2,1008.0,981.3,986.2,120583500,1084.8,887.6,1102.5,649.1,1007.8,1056,5,1007.7,4697,19,1007.6,2181,16,1007.5,2601,15,1007.4,1459,12,1007.9,25,1,1008.0,2855,43,1008.1,335,3,1008.2,55,3,1008.3,225,2
317,2025-11-26 12:02:57+05:30,1008.0,24,998.5,5652599,448140.0,349545.0,986.2,1008.0,981.3,986.2,120583500,1084.8,887.6,1102.5,649.1,1007.9,836,2,1007.8,633,1,1007.7,2276,10,1007.6,1093,12,1007.5,836,11,1008.0,2832,44,1008.1,335,3,1008.2,55,3,1008.3,602,7,1008.4,990,11
317,2025-11-26 12:02:58+05:30,1008.0,20,998.5,5652599,448140.0,349545.0,986.2,1008.0,981.3,986.2,120583500,1084.8,887.6,1102.5,649.1,1007.9,836,2,1007.8,633,1,1007.7,2276,10,1007.6,1093,12,1007.5,836,11,1008.0,2832,44,1008.1,335,3,1008.2,55,3,1008.3,602,7,1008.4,990,11
317,2025-11-26 12:02:58+05:30,1008.0,20,998.5,5652619,449052.0,350234.0,986.2,1008.0,981.3,986.2,120583500,1084.8,887.6,1102.5,649.1,1007.9,836,2,1007.7,635,8,1007.6,853,11,1007.5,1667,13,1007.4,2777,16,1008.0,2852,45,1008.1,532,4,1008.2,252,4,1008.3,484,8,1008.4,1019,13
317,2025-11-26 12:02:59+05:30,1007.9,100,998.5,5652619,449052.0,350234.0,986.2,1008.0,981.3,986.2,120583500,1084.8,887.6,1102.5,649.1,1007.9,836,2,1007.7,635,8,1007.6,853,11,1007.5,1667,13,1007.4,2777,16,1008.0,2852,45,1008.1,532,4,1008.2,252,4,1008.3,484,8,1008.4,1019,13
317,2025-11-26 12:02:59+05:30,1007.9,1,998.5,5652740,448898.0,349851.0,986.2,1008.0,981.3,986.2,120583500,1084.8,887.6,1102.5,649.1,1007.9,735,2,1007.7,528,6,1007.6,728,9,1007.5,1667,13,1007.4,2777,16,1008.0,2832,45,1008.1,335,3,1008.2,298,5,1008.3,686,7,1008.4,1514,12
317,2025-11-26 12:03:00+05:30,1007.9,2,998.5,5652740,448898.0,349851.0,986.2,1008.0,981.3,986.2,120583500,1084.8,887.6,1102.5,649.1,1007.9,735,2,1007.7,528,6,1007.6,728,9,1007.5,1667,13,1007.4,2777,16,1008.0,2832,45,1008.1,335,3,1008.2,298,5,1008.3,686,7,1008.4,1514,12
317,2025-11-26 12:03:00+05:30,1007.9,16,998.5,5653551,445559.0,349670.0,986.2,1008.0,981.3,986.2,120583500,1084.8,887.6,1102.5,649.1,1007.7,178,2,1007.6,483,5,1007.5,1848,14,1007.4,3378,18,1007.3,2452,19,1007.9,12,2,1008.0,3137,47,1008.1,392,4,1008.2,634,8,1008.3,784,8
317,2025-11-26 12:03:01+05:30,1007.9,1,998.5,5653551,445559.0,349670.0,986.2,1008.0,981.3,986.2,120583500,1084.8,887.6,1102.5,649.1,1007.7,178,2,1007.6,483,5,1007.5,1848,14,1007.4,3378,18,1007.3,2452,19,1007.9,12,2,1008.0,3137,47,1008.1,392,4,1008.2,634,8,1008.3,784,8
317,2025-11-26 12:03:01+05:30,1007.7,21,998.5,5653652,446387.0,349867.0,986.2,1008.0,981.3,986.2,120583500,1084.8,887.6,1102.5,649.1,1007.7,235,3,1007.6,643,5,1007.5,1601,12,1007.4,4871,20,1007.3,1702,18,1007.9,11,2,1008.0,3177,48,1008.1,391,4,1008.2,440,7,1008.3,1014,12
317,2025-11-26 12:03:02+05:30,1007.9,4,998.5,5653652,446387.0,349867.0,986.2,1008.0,981.3,986.2,120583500,1084.8,887.6,1102.5,649.1,1007.7,235,3,1007.6,643,5,1007.5,1601,12,1007.4,4871,20,1007.3,1702,18,1007.9,11,2,1008.0,3177,48,1008.1,391,4,1008.2,440,7,1008.3,1014,12
317,2025-11-26 12:03:02+05:30,1007.9,4,998.5,5653672,447365.0,350937.0,986.2,1008.0,981.3,986.2,120583500,1084.8,887.6,1102.5,649.1,1007.8,77,1,1007.7,187,2,1007.6,648,6,1007.5,1575,11,1007.4,4927,21,1007.9,186,1,1008.0,3177,48,1008.1,335,3,1008.2,441,8,1008.3,1328,12
317,2025-11-26 12:03:03+05:30,1007.9,5,998.5,5653672,447365.0,350937.0,986.2,1008.0,981.3,986.2,120583500,1084.8,887.6,1102.5,649.1,1007.8,77,1,1007.7,187,2,1007.6,648,6,1007.5,1575,11,1007.4,4927,21,1007.9,186,1,1008.0,3177,48,1008.1,335,3,1008.2,441,8,1008.3,1328,12
317,2025-11-26 12:03:03+05:30,1007.9,5,998.5,5653685,448025.0,350992.0,986.2,1008.0,981.3,986.2,120583500,1084.8,887.6,1102.5,649.1,1007.8,78,2,1007.7,372,3,1007.6,516,6,1007.5,1631,12,1007.4,4927,21,1007.9,173,1,1008.0,3178,49,1008.1,335,3,1008.2,441,8,1008.3,827,11
317,2025-11-26 12:03:04+05:30,1007.9,5,998.5,5653685,447934.0,350983.0,986.2,1008.0,981.3,986.2,120583500,1084.8,887.6,1102.5,649.1,1007.8,78,2,1007.7,187,2,1007.6,645,6,1007.5,1631,12,1007.4,4927,21,1007.9,174,2,1008.0,3177,48,1008.1,335,3,1008.2,441,8,1008.3,827,11
317,2025-11-26 12:03:05+05:30,1007.9,1,998.5,5653685,447934.0,350983.0,986.2,1008.0,981.3,986.2,120583500,1084.8,887.6,1102.5,649.1,1007.8,78,2,1007.7,187,2,1007.6,645,6,1007.5,1631,12,1007.4,4927,21,1007.9,174,2,1008.0,3177,48,1008.1,335,3,1008.2,441,8,1008.3,827,11
317,2025-11-26 12:03:05+05:30,1008.7,10,998.52,5663555,441412.0,342029.0,986.2,1008.7,981.3,986.2,120583500,1084.8,887.6,1102.5,649.1,1008.0,187,3,1007.9,723,8,1007.8,664,7,1007.7,1341,15,1007.6,1449,13,1008.5,570,5,1008.6,1179,4,1008.7,411,4,1008.8,1364,12,1008.9,5484,16
317,2025-11-26 12:03:06+05:30,1007.9,6,998.52,5663555,441412.0,342029.0,986.2,1008.7,981.3,986.2,120583500,1084.8,887.6,1102.5,649.1,1008.0,187,3,1007.9,723,8,1007.8,664,7,1007.7,1341,15,1007.6,1449,13,1008.5,570,5,1008.6,1179,4,1008.7,411,4,1008.8,1364,12,1008.9,5484,16
317,2025-11-26 12:03:06+05:30,1008.1,50,998.52,5663626,440629.0,345319.0,986.2,1008.7,981.3,986.2,120583500,1084.8,887.6,1102.5,649.1,1008.1,31,1,1008.0,34,2,1007.9,234,3,1007.8,870,7,1007.7,1161,14,1008.4,905,3,1008.5,1292,8,1008.6,930,6,1008.7,648,8,1008.8,1425,15
317,2025-11-26 12:03:07+05:30,1008.0,33,998.52,5663626,440629.0,345319.0,986.2,1008.7,981.3,986.2,120583500,1084.8,887.6,1102.5,649.1,1008.1,31,1,1008.0,34,2,1007.9,234,3,1007.8,870,7,1007.7,1161,14,1008.4,905,3,1008.5,1292,8,1008.6,930,6,1008.7,648,8,1008.8,1425,15
317,2025-11-26 12:03:07+05:30,1008.4,27,998.52,5665420,441528.0,350704.0,986.2,1008.7,981.3,986.2,120583500,1084.8,887.6,1102.5,649.1,1007.9,261,4,1007.8,924,6,1007.7,934,16,1007.6,1897,15,1007.5,3326,17,1008.4,1220,7,1008.5,1032,7,1008.6,564,6,1008.7,655,8,1008.8,1931,18
317,2025-11-26 12:03:08+05:30,1008.4,13,998.52,5665420,441528.0,350704.0,986.2,1008.7,981.3,986.2,120583500,1084.8,887.6,1102.5,649.1,1007.9,261,4,1007.8,924,6,1007.7,934,16,1007.6,1897,15,1007.5,3326,17,1008.4,1220,7,1008.5,1032,7,1008.6,564,6,1008.7,655,8,1008.8,1931,18
317,2025-11-26 12:03:08+05:30,1008.4,78,998.52,5665517,440447.0,349818.0,986.2,1008.7,981.3,986.2,120583500,1084.8,887.6,1102.5,649.1,1008.0,124,3,1007.9,1141,8,1007.8,346,4,1007.7,934,16,1007.6,1897,15,1008.4,759,4,1008.5,968,6,1008.6,655,6,1008.7,822,8,1008.8,1296,14
317,2025-11-26 12:03:09+05:30,1008.4,397,998.52,5665517,440447.0,349818.0,986.2,1008.7,981.3,986.2,120583500,1084.8,887.6,1102.5,649.1,1008.0,124,3,1007.9,1141,8,1007.8,346,4,1007.7,934,16,1007.6,1897,15,1008.4,759,4,1008.5,968,6,1008.6,655,6,1008.7,822,8,1008.8,1296,14
317,2025-11-26 12:03:09+05:30,1008.4,90,998.52,5666504,439571.0,349460.0,986.2,1008.7,981.3,986.2,120583500,1084.8,887.6,1102.5,649.1,1008.0,248,2,1007.9,559,5,1007.8,807,9,1007.7,753,15,1007.6,1897,15,1008.4,275,5,1008.5,739,4,1008.6,718,5,1008.7,642,7,1008.8,1561,17
317,2025-11-26 12:03:10+05:30,1008.0,10,998.52,5666504,439571.0,349460.0,986.2,1008.7,981.3,986.2,120583500,1084.8,887.6,1102.5,649.1,1008.0,248,2,1007.9,559,5,1007.8,807,9,1007.7,753,15,1007.6,1897,15,1008.4,275,5,1008.5,739,4,1008.6,718,5,1008.7,642,7,1008.8,1561,17
317,2025-11-26 12:03:10+05:30,1008.0,1,998.52,5666725,440623.0,349776.0,986.2,1008.7,981.3,986.2,120583500,1084.8,887.6,1102.5,649.1,1008.0,46,1,1007.9,495,4,1007.8,1052,10,1007.7,766,16,1007.6,1599,14,1008.2,289,1,1008.4,78,3,1008.5,964,7,1008.6,832,7,1008.7,670,10
317,2025-11-26 12:03:11+05:30,1008.2,1,998.52,5666725,440623.0,349776.0,986.2,1008.7,981.3,986.2,120583500,1084.8,887.6,1102.5,649.1,1008.0,46,1,1007.9,495,4,1007.8,1052,10,1007.7,766,16,1007.6,1599,14,1008.2,289,1,1008.4,78,3,1008.5,964,7,1008.6,832,7,1008.7,670,10
317,2025-11-26 12:03:11+05:30,1008.2,10,998.52,5666738,440023.0,351639.0,986.2,1008.7,981.3,986.2,120583500,1084.8,887.6,1102.5,649.1,1008.0,500,1,1007.8,561,4,1007.7,1115,18,1007.6,903,13,1007.5,1988,15,1008.2,276,1,1008.4,1103,7,1008.5,1110,9,1008.6,845,8,1008.7,657,9
317,2025-11-26 12:03:12+05:30,1008.2,75,998.52,5666738,440023.0,351639.0,986.2,1008.7,981.3,986.2,120583500,1084.8,887.6,1102.5,649.1,1008.0,500,1,1007.8,561,4,1007.7,1115,18,1007.6,903,13,1007.5,1988,15,1008.2,276,1,1008.4,1103,7,1008.5,1110,9,1008.6,845,8,1008.7,657,9
317,2025-11-26 12:03:12+05:30,1008.2,6,998.52,5666848,440038.0,352264.0,986.2,1008.7,981.3,986.2,120583500,1084.8,887.6,1102.5,649.1,1008.0,500,1,1007.8,561,4,1007.7,1115,18,1007.6,903,13,1007.5,2001,16,1008.2,230,2,1008.4,1103,7,1008.5,1110,9,1008.6,845,8,1008.7,657,9
317,2025-11-26 12:03:13+05:30,1008.2,6,998.52,5666848,440038.0,352264.0,986.2,1008.7,981.3,986.2,120583500,1084.8,887.6,1102.5,649.1,1008.0,500,1,1007.8,561,4,1007.7,1115,18,1007.6,903,13,1007.5,2001,16,1008.2,230,2,1008.4,1103,7,1008.5,1110,9,1008.6,845,8,1008.7,657,9
317,2025-11-26 12:03:13+05:30,1008.2,1,998.52,5666849,440065.0,351756.0,986.2,1008.7,981.3,986.2,120583500,1084.8,887.6,1102.5,649.1,1008.0,500,1,1007.8,733,5,1007.7,940,17,1007.6,903,13,1007.5,2001,16,1008.2,229,2,1008.4,423,5,1008.5,1283,10,1008.6,832,7,1008.7,657,9
317,2025-11-26 12:03:14+05:30,1008.2,3,998.52,5666849,440065.0,351756.0,986.2,1008.7,981.3,986.2,120583500,1084.8,887.6,1102.5,649.1,1008.0,500,1,1007.8,733,5,1007.7,940,17,1007.6,903,13,1007.5,2001,16,1008.2,229,2,1008.4,423,5,1008.5,1283,10,1008.6,832,7,1008.7,657,9
317,2025-11-26 12:03:14+05:30,1008.0,190,998.52,5667204,439213.0,353250.0,986.2,1008.7,981.3,986.2,120583500,1084.8,887.6,1102.5,649.1,1008.0,312,2,1007.8,210,2,1007.7,546,13,1007.6,1457,13,1007.5,1936,16,1008.2,347,3,1008.3,235,3,1008.4,562,8,1008.5,1318,11,1008.6,1077,9
317,2025-11-26 12:03:15+05:30,1008.1,2,998.52,5667204,439213.0,353250.0,986.2,1008.7,981.3,986.2,120583500,1084.8,887.6,1102.5,649.1,1008.0,312,2,1007.8,210,2,1007.7,546,13,1007.6,1457,13,1007.5,1936,16,1008.2,347,3,1008.3,235,3,1008.4,562,8,1008.5,1318,11,1008.6,1077,9
317,2025-11-26 12:03:15+05:30,1008.1,1,998.52,5667322,440817.0,351378.0,986.2,1008.7,981.3,986.2,120583500,1084.8,887.6,1102.5,649.1,1008.0,312,2,1007.8,719,6,1007.7,915,16,1007.6,1328,12,1007.5,1943,16,1008.1,19,1,1008.2,39,1,1008.3,2,1,1008.4,382,5,1008.5,1263,9
317,2025-11-26 12:03:16+05:30,1008.0,50,998.52,5667322,440817.0,351378.0,986.2,1008.7,981.3,986.2,120583500,1084.8,887.6,1102.5,649.1,1008.0,312,2,1007.8,719,6,1007.7,915,16,1007.6,1328,12,1007.5,1943,16,1008.1,19,1,1008.2,39,1,1008.3,2,1,1008.4,382,5,1008.5,1263,9
317,2025-11-26 12:03:16+05:30,1008.0,10,998.52,5667382,440698.0,351702.0,986.2,1008.7,981.3,986.2,120583500,1084.8,887.6,1102.5,649.1,1008.0,252,2,1007.8,657,5,1007.7,894,15,1007.6,1256,11,1007.5,1943,16,1008.1,19,1,1008.2,39,1,1008.3,63,2,1008.4,1006,7,1008.5,844,8
317,2025-11-26 12:03:17+05:30,1008.0,10,998.52,5667382,440698.0,351702.0,986.2,1008.7,981.3,986.2,120583500,1084.8,887.6,1102.5,649.1,1008.0,252,2,1007.8,657,5,1007.7,894,15,1007.6,1256,11,1007.5,1943,16,1008.1,19,1,1008.2,39,1,1008.3,63,2,1008.4,1006,7,1008.5,844,8
317,2025-11-26 12:03:17+05:30,1008.0,10,998.52,5667382,440619.0,352686.0,986.2,1008.7,981.3,986.2,120583500,1084.8,887.6,1102.5,649.1,1008.0,253,3,1007.8,427,3,1007.7,1060,16,1007.6,1323,13,1007.5,1915,14,1008.1,19,1,1008.2,49,2,1008.3,265,3,1008.4,1027,8,1008.5,844,8
317,2025-11-26 12:03:18+05:30,1008.0,1,998.52,5667382,440619.0,352686.0,986.2,1008.7,981.3,986.2,120583500,1084.8,887.6,1102.5,649.1,1008.0,253,3,1007.8,427,3,1007.7,1060,16,1007.6,1323,13,1007.5,1915,14,1008.1,19,1,1008.2,49,2,1008.3,265,3,1008.4,1027,8,1008.5,844,8
317,2025-11-26 12:03:18+05:30,1008.1,320,998.52,5667952,440476.0,352822.0,986.2,1008.7,981.3,986.2,120583500,1084.8,887.6,1102.5,649.1,1008.0,3,2,1007.8,257,2,1007.7,823,14,1007.6,957,12,1007.5,2020,16,1008.1,290,1,1008.2,110,3,1008.3,650,6,1008.4,1046,8,1008.5,689,8
317,2025-11-26 12:03:19+05:30,1008.1,320,998.52,5667952,440476.0,352822.0,986.2,1008.7,981.3,986.2,120583500,1084.8,887.6,1102.5,649.1,1008.0,3,2,1007.8,257,2,1007.7,823,14,1007.6,957,12,1007.5,2020,16,1008.1,290,1,1008.2,110,3,1008.3,650,6,1008.4,1046,8,1008.5,689,8
317,2025-11-26 12:03:20+05:30,1008.2,10,998.53,5670315,440844.0,350799.0,986.2,1008.7,981.3,986.2,120583500,1084.8,887.6,1102.5,649.1,1008.1,192,4,1008.0,137,3,1007.9,381,3,1007.8,371,5,1007.7,922,17,1008.2,39,1,1008.3,2,1,1008.4,30,2,1008.5,199,3,1008.6,1014,7
317,2025-11-26 12:03:20+05:30,1008.2,10,998.53,5670315,440844.0,350799.0,986.2,1008.7,981.3,986.2,120583500,1084.8,887.6,1102.5,649.1,1008.1,192,4,1008.0,137,3,1007.9,381,3,1007.8,371,5,1007.7,922,17,1008.2,39,1,1008.3,2,1,1008.4,30,2,1008.5,199,3,1008.6,1014,7
317,2025-11-26 12:03:21+05:30,1008.2,19,998.53,5670315,440844.0,350799.0,986.2,1008.7,981.3,986.2,120583500,1084.8,887.6,1102.5,649.1,1008.1,192,4,1008.0,137,3,1007.9,381,3,1007.8,371,5,1007.7,922,17,1008.2,39,1,1008.3,2,1,1008.4,30,2,1008.5,199,3,1008.6,1014,7
317,2025-11-26 12:03:21+05:30,1008.2,19,998.53,5670462,440764.0,351860.0,986.2,1008.7,981.3,986.2,120583500,1084.8,887.6,1102.5,649.1,1008.1,187,4,1008.0,137,3,1007.9,349,3,1007.8,541,6,1007.7,922,17,1008.2,39,1,1008.3,2,1,1008.4,643,4,1008.5,432,5,1008.6,1184,8
317,2025-11-26 12:03:22+05:30,1008.0,33,998.53,5670462,440764.0,351860.0,986.2,1008.7,981.3,986.2,120583500,1084.8,887.6,1102.5,649.1,1008.1,187,4,1008.0,137,3,1007.9,349,3,1007.8,541,6,1007.7,922,17,1008.2,39,1,1008.3,2,1,1008.4,643,4,1008.5,432,5,1008.6,1184,8
317,2025-11-26 12:03:22+05:30,1008.0,33,998.53,5670699,439792.0,351748.0,986.2,1008.7,981.3,986.2,120583500,1084.8,887.6,1102.5,649.1,1008.0,151,2,1007.9,170,1,1007.8,661,6,1007.7,922,17,1007.6,1065,13,1008.3,167,3,1008.4,847,7,1008.5,453,7,1008.6,1061,10,1008.7,660,9
317,2025-11-26 12:03:23+05:30,1008.0,99,998.53,5670699,439792.0,351748.0,986.2,1008.7,981.3,986.2,120583500,1084.8,887.6,1102.5,649.1,1008.0,151,2,1007.9,170,1,1007.8,661,6,1007.7,922,17,1007.6,1065,13,1008.3,167,3,1008.4,847,7,1008.5,453,7,1008.6,1061,10,1008.7,660,9
317,2025-11-26 12:03:23+05:30,1008.0,99,998.53,5670914,440020.0,353145.0,986.2,1008.7,981.3,986.2,120583500,1084.8,887.6,1102.5,649.1,1008.0,93,3,1007.8,110,1,1007.7,818,14,1007.6,1655,15,1007.5,2376,20,1008.3,567,7,1008.4,591,9,1008.5,832,9,1008.6,1075,11,1008.7,853,9
317,2025-11-26 12:03:24+05:30,1008.0,99,998.53,5670914,440197.0,353470.0,986.2,1008.7,981.3,986.2,120583500,1084.8,887.6,1102.5,649.1,1008.0,93,3,1007.8,110,1,1007.7,638,8,1007.6,1503,13,1007.5,2056,17,1008.2,293,3,1008.3,409,6,1008.4,591,9,1008.5,832,9,1008.6,1075,11
317,2025-11-26 12:03:25+05:30,1008.3,5,998.53,5670921,439920.0,352007.0,986.2,1008.7,981.3,986.2,120583500,1084.8,887.6,1102.5,649.1,1008.2,1,1,1008.0,93,3,1007.9,202,1,1007.8,432,7,1007.7,761,11,1008.3,468,5,1008.4,477,7,1008.5,617,7,1008.6,1111,13,1008.7,661,9
317,2025-11-26 12:03:25+05:30,1008.3,1,998.53,5670921,439920.0,352007.0,986.2,1008.7,981.3,986.2,120583500,1084.8,887.6,1102.5,649.1,1008.2,1,1,1008.0,93,3,1007.9,202,1,1007.8,432,7,1007.7,761,11,1008.3,468,5,1008.4,477,7,1008.5,617,7,1008.6,1111,13,1008.7,661,9
317,2025-11-26 12:03:26+05:30,1008.2,1,998.53,5670952,441599.0,351309.0,986.2,1008.7,981.3,986.2,120583500,1084.8,887.6,1102.5,649.1,1008.0,308,5,1007.9,486,4,1007.8,857,12,1007.7,948,15,1007.6,2289,15,1008.2,2,1,1008.4,63,3,1008.5,889,6,1008.6,928,8,1008.7,800,9
317,2025-11-26 12:03:26+05:30,1008.2,1,998.53,5670952,441599.0,351309.0,986.2,1008.7,981.3,986.2,120583500,1084.8,887.6,1102.5,649.1,1008.0,308,5,1007.9,486,4,1007.8,857,12,1007.7,948,15,1007.6,2289,15,1008.2,2,1,1008.4,63,3,1008.5,889,6,1008.6,928,8,1008.7,800,9
317,2025-11-26 12:03:27+05:30,1008.2,1,998.53,5670952,441261.0,352220.0,986.2,1008.7,981.3,986.2,120583500,1084.8,887.6,1102.5,649.1,1008.0,105,4,1007.9,277,2,1007.8,1089,12,1007.7,948,15,1007.6,1999,16,1008.2,2,1,1008.4,598,6,1008.5,435,6,1008.6,928,8,1008.7,647,8
317,2025-11-26 12:03:28+05:30,1008.2,93,998.53,5671052,439034.0,354481.0,986.2,1008.7,981.3,986.2,120583500,1084.8,887.6,1102.5,649.1,1008.0,573,4,1007.8,344,6,1007.7,414,8,1007.6,1331,10,1007.5,2932,16,1008.3,219,3,1008.4,1169,13,1008.5,1219,9,1008.6,1133,11,1008.7,660,9
317,2025-11-26 12:03:28+05:30,1008.2,93,998.53,5671052,439034.0,354481.0,986.2,1008.7,981.3,986.2,120583500,1084.8,887.6,1102.5,649.1,1008.0,573,4,1007.8,344,6,1007.7,414,8,1007.6,1331,10,1007.5,2932,16,1008.3,219,3,1008.4,1169,13,1008.5,1219,9,1008.6,1133,11,1008.7,660,9
317,2025-11-26 12:03:29+05:30,1008.3,29,998.53,5671081,439024.0,354482.0,986.2,1008.7,981.3,986.2,120583500,1084.8,887.6,1102.5,649.1,1008.0,573,4,1007.8,174,5,1007.7,414,8,1007.6,1331,10,1007.5,2976,17,1008.3,341,4,1008.4,1046,13,1008.5,1220,10,1008.6,1133,11,1008.7,660,9
317,2025-11-26 12:03:29+05:30,1008.3,29,998.53,5671081,439024.0,354482.0,986.2,1008.7,981.3,986.2,120583500,1084.8,887.6,1102.5,649.1,1008.0,573,4,1007.8,174,5,1007.7,414,8,1007.6,1331,10,1007.5,2976,17,1008.3,341,4,1008.4,1046,13,1008.5,1220,10,1008.6,1133,11,1008.7,660,9
317,2025-11-26 12:03:30+05:30,1008.2,1,998.53,5671776,440943.0,355907.0,986.2,1008.7,981.3,986.2,120583500,1084.8,887.6,1102.5,649.1,1007.8,64,4,1007.7,150,4,1007.6,1504,11,1007.5,3660,17,1007.4,1447,12,1008.0,76,1,1008.2,294,5,1008.3,628,8,1008.4,1492,16,1008.5,1462,12
317,2025-11-26 12:03:30+05:30,1008.0,1,998.53,5671776,440943.0,355907.0,986.2,1008.7,981.3,986.2,120583500,1084.8,887.6,1102.5,649.1,1007.8,64,4,1007.7,150,4,1007.6,1504,11,1007.5,3660,17,1007.4,1447,12,1008.0,76,1,1008.2,294,5,1008.3,628,8,1008.4,1492,16,1008.5,1462,12
317,2025-11-26 12:03:31+05:30,1008.0,1,998.53,5671854,443580.0,355234.0,986.2,1008.7,981.3,986.2,120583500,1084.8,887.6,1102.5,649.1,1007.8,274,4,1007.7,495,6,1007.6,1859,15,1007.5,5314,20,1007.4,1471,13,1008.0,131,3,1008.2,490,5,1008.3,1025,7,1008.4,1096,13,1008.5,911,10
317,2025-11-26 12:03:31+05:30,1008.0,1,998.53,5671854,443580.0,355234.0,986.2,1008.7,981.3,986.2,120583500,1084.8,887.6,1102.5,649.1,1007.8,274,4,1007.7,495,6,1007.6,1859,15,1007.5,5314,20,1007.4,1471,13,1008.0,131,3,1008.2,490,5,1008.3,1025,7,1008.4,1096,13,1008.5,911,10
317,2025-11-26 12:03:32+05:30,1008.0,1,998.53,5671854,443580.0,355234.0,986.2,1008.7,981.3,986.2,120583500,1084.8,887.6,1102.5,649.1,1007.8,274,4,1007.7,495,6,1007.6,1859,15,1007.5,5314,20,1007.4,1471,13,1008.0,131,3,1008.2,490,5,1008.3,1025,7,1008.4,1096,13,1008.5,911,10
317,2025-11-26 12:03:32+05:30,1008.0,1,998.53,5671855,443703.0,355259.0,986.2,1008.7,981.3,986.2,120583500,1084.8,887.6,1102.5,649.1,1007.8,288,5,1007.7,602,7,1007.6,1859,15,1007.5,5316,20,1007.4,1471,13,1008.0,131,4,1008.2,532,6,1008.3,1036,7,1008.4,1063,12,1008.5,911,10
317,2025-11-26 12:03:33+05:30,1008.0,1,998.53,5671855,443703.0,355259.0,986.2,1008.7,981.3,986.2,120583500,1084.8,887.6,1102.5,649.1,1007.8,288,5,1007.7,602,7,1007.6,1859,15,1007.5,5316,20,1007.4,1471,13,1008.0,131,4,1008.2,532,6,1008.3,1036,7,1008.4,1063,12,1008.5,911,10
317,2025-11-26 12:03:33+05:30,1008.0,1,998.53,5671865,443765.0,355323.0,986.2,1008.7,981.3,986.2,120583500,1084.8,887.6,1102.5,649.1,1007.8,281,4,1007.7,615,8,1007.6,2020,16,1007.5,5211,20,1007.4,1471,13,1008.0,121,4,1008.2,583,7,1008.3,1038,8,1008.4,1063,12,1008.5,924,11
317,2025-11-26 12:03:34+05:30,1007.7,70,998.53,5671865,443765.0,355323.0,986.2,1008.7,981.3,986.2,120583500,1084.8,887.6,1102.5,649.1,1007.8,281,4,1007.7,615,8,1007.6,2020,16,1007.5,5211,20,1007.4,1471,13,1008.0,121,4,1008.2,583,7,1008.3,1038,8,1008.4,1063,12,1008.5,924,11
317,2025-11-26 12:03:34+05:30,1007.7,1,998.53,5672217,443520.0,355560.0,986.2,1008.7,981.3,986.2,120583500,1084.8,887.6,1102.5,649.1,1007.7,558,9,1007.6,1986,15,1007.5,5126,18,1007.4,1437,12,1007.3,919,10,1008.0,121,4,1008.1,253,2,1008.2,583,7,1008.3,1038,8,1008.4,994,11
317,2025-11-26 12:03:35+05:30,1007.5,14,998.53,5672217,443520.0,355560.0,986.2,1008.7,981.3,986.2,120583500,1084.8,887.6,1102.5,649.1,1007.7,558,9,1007.6,1986,15,1007.5,5126,18,1007.4,1437,12,1007.3,919,10,1008.0,121,4,1008.1,253,2,1008.2,583,7,1008.3,1038,8,1008.4,994,11
317,2025-11-26 12:03:35+05:30,1007.5,14,998.53,5673493,435529.0,357167.0,986.2,1008.7,981.3,986.2,120583500,1084.8,887.6,1102.5,649.1,1007.5,404,6,1007.4,1761,12,1007.3,2476,15,1007.2,3983,21,1007.1,920,11,1007.9,107,2,1008.0,332,6,1008.1,351,4,1008.2,823,9,1008.3,927,12
317,2025-11-26 12:03:36+05:30,1007.9,45,998.53,5673493,435529.0,357167.0,986.2,1008.7,981.3,986.2,120583500,1084.8,887.6,1102.5,649.1,1007.5,404,6,1007.4,1761,12,1007.3,2476,15,1007.2,3983,21,1007.1,920,11,1007.9,107,2,1008.0,332,6,1008.1,351,4,1008.2,823,9,1008.3,927,12
317,2025-11-26 12:03:37+05:30,1007.6,99,998.53,5673493,435529.0,357167.0,986.2,1008.7,981.3,986.2,120583500,1084.8,887.6,1102.5,649.1,1007.5,404,6,1007.4,1761,12,1007.3,2476,15,1007.2,3983,21,1007.1,920,11,1007.9,107,2,1008.0,332,6,1008.1,351,4,1008.2,823,9,1008.3,927,12
317,2025-11-26 12:03:37+05:30,1007.6,99,998.53,5673644,432395.0,357361.0,986.2,1008.7,981.3,986.2,120583500,1084.8,887.6,1102.5,649.1,1007.6,186,2,1007.5,490,7,1007.4,2254,13,1007.3,2439,14,1007.2,2636,19,1008.0,230,6,1008.1,465,5,1008.2,972,8,1008.3,689,11,1008.4,869,14
317,2025-11-26 12:03:38+05:30,1007.9,1,998.53,5673644,432395.0,357361.0,986.2,1008.7,981.3,986.2,120583500,1084.8,887.6,1102.5,649.1,1007.6,186,2,1007.5,490,7,1007.4,2254,13,1007.3,2439,14,1007.2,2636,19,1008.0,230,6,1008.1,465,5,1008.2,972,8,1008.3,689,11,1008.4,869,14
317,2025-11-26 12:03:38+05:30,1007.9,1,998.53,5673645,434653.0,358241.0,986.2,1008.7,981.3,986.2,120583500,1084.8,887.6,1102.5,649.1,1007.5,513,8,1007.4,2418,14,1007.3,3189,15,1007.2,2636,19,1007.1,920,11,1007.9,236,2,1008.0,230,6,1008.1,514,6,1008.2,972,8,1008.3,1275,12
317,2025-11-26 12:03:39+05:30,1007.9,1,998.53,5673645,434653.0,358327.0,986.2,1008.7,981.3,986.2,120583500,1084.8,887.6,1102.5,649.1,1007.5,513,8,1007.4,2418,14,1007.3,3189,15,1007.2,2636,19,1007.1,920,11,1007.9,239,3,1008.0,230,6,1008.1,568,7,1008.2,972,8,1008.3,1275,12
317,2025-11-26 12:03:40+05:30,1007.7,1,998.53,5673645,434653.0,358327.0,986.2,1008.7,981.3,986.2,120583500,1084.8,887.6,1102.5,649.1,1007.5,513,8,1007.4,2418,14,1007.3,3189,15,1007.2,2636,19,1007.1,920,11,1007.9,239,3,1008.0,230,6,1008.1,568,7,1008.2,972,8,1008.3,1275,12
317,2025-11-26 12:03:40+05:30,1007.7,1,998.53,5673996,435838.0,358981.0,986.2,1008.7,981.3,986.2,120583500,1084.8,887.6,1102.5,649.1,1007.5,366,6,1007.4,3089,13,1007.3,3232,17,1007.2,2602,18,1007.1,920,11,1007.7,37,1,1007.9,189,3,1008.0,281,7,1008.1,1170,9,1008.2,1348,12
317,2025-11-26 12:03:41+05:30,1007.7,2,998.53,5673996,435838.0,358981.0,986.2,1008.7,981.3,986.2,120583500,1084.8,887.6,1102.5,649.1,1007.5,366,6,1007.4,3089,13,1007.3,3232,17,1007.2,2602,18,1007.1,920,11,1007.7,37,1,1007.9,189,3,1008.0,281,7,1008.1,1170,9,1008.2,1348,12
317,2025-11-26 12:03:41+05:30,1007.7,2,998.53,5674200,437429.0,359706.0,986.2,1008.7,981.3,986.2,120583500,1084.8,887.6,1102.5,649.1,1007.5,430,8,1007.4,3089,13,1007.3,4759,20,1007.2,2602,18,1007.1,920,11,1007.7,36,1,1007.9,189,3,1008.0,281,7,1008.1,1170,9,1008.2,1364,13
317,2025-11-26 12:03:42+05:30,1007.7,226,998.53,5674200,437429.0,359706.0,986.2,1008.7,981.3,986.2,120583500,1084.8,887.6,1102.5,649.1,1007.5,430,8,1007.4,3089,13,1007.3,4759,20,1007.2,2602,18,1007.1,920,11,1007.7,36,1,1007.9,189,3,1008.0,281,7,1008.1,1170,9,1008.2,1364,13
317,2025-11-26 12:03:42+05:30,1007.7,226,998.54,5674600,430698.0,360909.0,986.2,1008.7,981.3,986.2,120583500,1084.8,887.6,1102.5,649.1,1007.5,5,2,1007.4,767,3,1007.3,2134,9,1007.2,2151,15,1007.1,990,15,1007.8,422,3,1007.9,821,13,1008.0,903,15,1008.1,752,10,1008.2,1185,12
317,2025-11-26 12:03:43+05:30,1007.8,5,998.54,5674600,430698.0,360909.0,986.2,1008.7,981.3,986.2,120583500,1084.8,887.6,1102.5,649.1,1007.5,5,2,1007.4,767,3,1007.3,2134,9,1007.2,2151,15,1007.1,990,15,1007.8,422,3,1007.9,821,13,1008.0,903,15,1008.1,752,10,1008.2,1185,12
317,2025-11-26 12:03:43+05:30,1007.8,5,998.54,5674609,431147.0,360906.0,986.2,1008.7,981.3,986.2,120583500,1084.8,887.6,1102.5,649.1,1007.5,6,3,1007.4,134,2,1007.3,1326,9,1007.2,2151,15,1007.1,1623,16,1007.8,413,3,1007.9,731,10,1008.0,882,14,1008.1,769,11,1008.2,1216,14
317,2025-11-26 12:03:44+05:30,1007.8,2,998.54,5674611,430503.0,361878.0,986.2,1008.7,981.3,986.2,120583500,1084.8,887.6,1102.5,649.1,1007.5,6,3,1007.4,134,2,1007.3,540,5,1007.2,1838,13,1007.1,1847,12,1007.8,610,5,1007.9,780,11,1008.0,951,14,1008.1,566,10,1008.2,1418,15
317,2025-11-26 12:03:45+05:30,1007.8,1,998.54,5674611,430503.0,361878.0,986.2,1008.7,981.3,986.2,120583500,1084.8,887.6,1102.5,649.1,1007.5,6,3,1007.4,134,2,1007.3,540,5,1007.2,1838,13,1007.1,1847,12,1007.8,610,5,1007.9,780,11,1008.0,951,14,1008.1,566,10,1008.2,1418,15
317,2025-11-26 12:03:45+05:30,1007.8,1,998.54,5674613,436691.0,360621.0,986.2,1008.7,981.3,986.2,120583500,1084.8,887.6,1102.5,649.1,1007.8,1,1,1007.5,363,5,1007.4,506,4,1007.3,2361,14,1007.2,2680,16,1007.9,551,9,1008.0,638,9,1008.1,786,12,1008.2,1270,13,1008.3,1169,12
317,2025-11-26 12:03:46+05:30,1007.9,1,998.54,5674613,436691.0,360621.0,986.2,1008.7,981.3,986.2,120583500,1084.8,887.6,1102.5,649.1,1007.8,1,1,1007.5,363,5,1007.4,506,4,1007.3,2361,14,1007.2,2680,16,1007.9,551,9,1008.0,638,9,1008.1,786,12,1008.2,1270,13,1008.3,1169,12
317,2025-11-26 12:03:46+05:30,1007.9,1,998.54,5674619,436800.0,360371.0,986.2,1008.7,981.3,986.2,120583500,1084.8,887.6,1102.5,649.1,1007.8,1,1,1007.7,8,1,1007.5,362,4,1007.4,506,4,1007.3,2374,15,1007.9,544,9,1008.0,588,8,1008.1,763,10,1008.2,1293,13,1008.3,708,12
317,2025-11-26 12:03:47+05:30,1008.0,16,998.54,5674619,436800.0,360371.0,986.2,1008.7,981.3,986.2,120583500,1084.8,887.6,1102.5,649.1,1007.8,1,1,1007.7,8,1,1007.5,362,4,1007.4,506,4,1007.3,2374,15,1007.9,544,9,1008.0,588,8,1008.1,763,10,1008.2,1293,13,1008.3,708,12
317,2025-11-26 12:03:47+05:30,1008.0,16,998.54,5675819,435816.0,359236.0,986.2,1008.7,981.3,986.2,120583500,1084.8,887.6,1102.5,649.1,1007.8,1,1,1007.7,8,1,1007.6,113,1,1007.5,537,6,1007.4,942,9,1008.0,161,3,1008.1,337,6,1008.2,1136,9,1008.3,562,10,1008.4,712,11
317,2025-11-26 12:03:48+05:30,1008.0,45,998.54,5675819,435816.0,359236.0,986.2,1008.7,981.3,986.2,120583500,1084.8,887.6,1102.5,649.1,1007.8,1,1,1007.7,8,1,1007.6,113,1,1007.5,537,6,1007.4,942,9,1008.0,161,3,1008.1,337,6,1008.2,1136,9,1008.3,562,10,1008.4,712,11
317,2025-11-26 12:03:48+05:30,1008.0,45,998.54,5675934,435866.0,357984.0,986.2,1008.7,981.3,986.2,120583500,1084.8,887.6,1102.5,649.1,1007.8,1,1,1007.7,120,2,1007.6,535,6,1007.5,1022,13,1007.4,1207,12,1008.1,269,4,1008.2,664,4,1008.3,502,6,1008.4,678,9,1008.5,676,9
317,2025-11-26 12:03:49+05:30,1008.0,45,998.54,5675934,437074.0,357984.0,986.2,1008.7,981.3,986.2,120583500,1084.8,887.6,1102.5,649.1,1008.0,1,1,1007.8,1,1,1007.7,322,3,1007.6,614,7,1007.5,1109,14,1008.1,304,5,1008.2,883,6,1008.3,516,8,1008.4,714,11,1008.5,693,10
317,2025-11-26 12:03:50+05:30,1007.9,2,998.54,5675934,437074.0,357984.0,986.2,1008.7,981.3,986.2,120583500,1084.8,887.6,1102.5,649.1,1008.0,1,1,1007.8,1,1,1007.7,322,3,1007.6,614,7,1007.5,1109,14,1008.1,304,5,1008.2,883,6,1008.3,516,8,1008.4,714,11,1008.5,693,10
317,2025-11-26 12:03:50+05:30,1007.9,2,998.54,5675938,443279.0,357068.0,986.2,1008.7,981.3,986.2,120583500,1084.8,887.6,1102.5,649.1,1007.8,682,6,1007.7,601,7,1007.6,2038,13,1007.5,2702,14,1007.4,2359,13,1007.9,43,1,1008.1,55,2,1008.2,450,2,1008.3,291,5,1008.4,597,7
317,2025-11-26 12:03:51+05:30,1007.8,4,998.54,5675938,443279.0,357068.0,986.2,1008.7,981.3,986.2,120583500,1084.8,887.6,1102.5,649.1,1007.8,682,6,1007.7,601,7,1007.6,2038,13,1007.5,2702,14,1007.4,2359,13,1007.9,43,1,1008.1,55,2,1008.2,450,2,1008.3,291,5,1008.4,597,7
317,2025-11-26 12:03:51+05:30,1007.8,1,998.54,5676699,444532.0,357244.0,986.2,1008.7,981.3,986.2,120583500,1084.8,887.6,1102.5,649.1,1007.8,18,4,1007.7,942,10,1007.6,1409,11,1007.5,4973,18,1007.4,1544,11,1007.9,42,1,1008.1,55,2,1008.2,450,2,1008.3,184,4,1008.4,419,6
317,2025-11-26 12:03:52+05:30,1007.9,136,998.54,5676699,444532.0,357244.0,986.2,1008.7,981.3,986.2,120583500,1084.8,887.6,1102.5,649.1,1007.8,18,4,1007.7,942,10,1007.6,1409,11,1007.5,4973,18,1007.4,1544,11,1007.9,42,1,1008.1,55,2,1008.2,450,2,1008.3,184,4,1008.4,419,6
317,2025-11-26 12:03:52+05:30,1007.9,136,998.54,5677078,445501.0,357567.0,986.2,1008.7,981.3,986.2,120583500,1084.8,887.6,1102.5,649.1,1007.8,95,2,1007.7,778,11,1007.6,1576,12,1007.5,5122,22,1007.4,1594,11,1007.9,46,1,1008.1,53,1,1008.2,451,3,1008.3,629,3,1008.4,519,7
317,2025-11-26 12:03:53+05:30,1007.9,5,998.54,5677078,445501.0,357567.0,986.2,1008.7,981.3,986.2,120583500,1084.8,887.6,1102.5,649.1,1007.8,95,2,1007.7,778,11,1007.6,1576,12,1007.5,5122,22,1007.4,1594,11,1007.9,46,1,1008.1,53,1,1008.2,451,3,1008.3,629,3,1008.4,519,7
317,2025-11-26 12:03:53+05:30,1007.9,5,998.54,5677088,445542.0,357690.0,986.2,1008.7,981.3,986.2,120583500,1084.8,887.6,1102.5,649.1,1007.8,107,3,1007.7,731,8,1007.6,1576,12,1007.5,5122,22,1007.4,1641,14,1007.9,37,1,1008.1,53,1,1008.2,499,4,1008.3,678,4,1008.4,519,7
317,2025-11-26 12:03:54+05:30,1007.9,62,998.54,5677088,445542.0,357690.0,986.2,1008.7,981.3,986.2,120583500,1084.8,887.6,1102.5,649.1,1007.8,107,3,1007.7,731,8,1007.6,1576,12,1007.5,5122,22,1007.4,1641,14,1007.9,37,1,1008.1,53,1,1008.2,499,4,1008.3,678,4,1008.4,519,7
317,2025-11-26 12:03:54+05:30,1007.9,62,998.54,5677155,445098.0,357801.0,986.2,1008.7,981.3,986.2,120583500,1084.8,887.6,1102.5,649.1,1007.9,63,2,1007.8,123,3,1007.7,1650,12,1007.6,2016,16,1007.5,4093,20,1008.0,100,1,1008.1,53,1,1008.2,450,2,1008.3,49,2,1008.4,412,7
317,2025-11-26 12:03:55+05:30,1008.0,12,998.54,5677155,445098.0,357801.0,986.2,1008.7,981.3,986.2,120583500,1084.8,887.6,1102.5,649.1,1007.9,63,2,1007.8,123,3,1007.7,1650,12,1007.6,2016,16,1007.5,4093,20,1008.0,100,1,1008.1,53,1,1008.2,450,2,1008.3,49,2,1008.4,412,7
317,2025-11-26 12:03:55+05:30,1008.0,168,998.54,5677511,442889.0,356791.0,986.2,1008.7,981.3,986.2,120583500,1084.8,887.6,1102.5,649.1,1008.0,2832,1,1007.9,103,2,1007.8,198,3,1007.7,695,7,1007.6,1262,12,1008.1,53,1,1008.2,450,2,1008.3,275,4,1008.4,412,7,1008.5,753,11
317,2025-11-26 12:03:56+05:30,1008.0,203,998.54,5677511,442889.0,356791.0,986.2,1008.7,981.3,986.2,120583500,1084.8,887.6,1102.5,649.1,1008.0,2832,1,1007.9,103,2,1007.8,198,3,1007.7,695,7,1007.6,1262,12,1008.1,53,1,1008.2,450,2,1008.3,275,4,1008.4,412,7,1008.5,753,11
317,2025-11-26 12:03:56+05:30,1008.0,203,998.55,5681525,441137.0,356980.0,986.2,1008.7,981.3,986.2,120583500,1084.8,887.6,1102.5,649.1,1007.8,123,3,1007.7,1195,8,1007.6,1171,15,1007.5,1114,17,1007.4,1996,16,1008.0,72,1,1008.1,54,1,1008.2,488,3,1008.3,397,4,1008.4,792,7
317,2025-11-26 12:03:57+05:30,1007.8,96,998.55,5681525,441137.0,356980.0,986.2,1008.7,981.3,986.2,120583500,1084.8,887.6,1102.5,649.1,1007.8,123,3,1007.7,1195,8,1007.6,1171,15,1007.5,1114,17,1007.4,1996,16,1008.0,72,1,1008.1,54,1,1008.2,488,3,1008.3,397,4,1008.4,792,7
317,2025-11-26 12:03:57+05:30,1007.8,96,998.55,5684753,439072.0,354556.0,986.2,1008.7,981.3,986.2,120583500,1084.8,887.6,1102.5,649.1,1007.8,15,2,1007.7,303,5,1007.6,1271,11,1007.5,1539,18,1007.4,1691,14,1008.2,147,1,1008.3,316,4,1008.4,102,2,1008.5,464,5,1008.6,956,10
317,2025-11-26 12:03:58+05:30,1008.2,7,998.55,5685125,439088.0,357347.0,986.2,1008.7,981.3,986.2,120583500,1084.8,887.6,1102.5,649.1,1007.7,8,1,1007.6,694,8,1007.5,945,14,1007.4,1385,11,1007.3,2002,14,1008.2,852,7,1008.3,1003,8,1008.4,702,8,1008.5,263,5,1008.6,975,9
317,2025-11-26 12:03:58+05:30,1008.2,7,998.55,5685125,439088.0,357347.0,986.2,1008.7,981.3,986.2,120583500,1084.8,887.6,1102.5,649.1,1007.7,8,1,1007.6,694,8,1007.5,945,14,1007.4,1385,11,1007.3,2002,14,1008.2,852,7,1008.3,1003,8,1008.4,702,8,1008.5,263,5,1008.6,975,9
317,2025-11-26 12:03:59+05:30,1008.1,28,998.55,5685153,437076.0,357593.0,986.2,1008.7,981.3,986.2,120583500,1084.8,887.6,1102.5,649.1,1007.7,8,1,1007.6,675,8,1007.5,945,14,1007.4,1398,12,1007.3,2002,14,1008.1,517,4,1008.2,469,5,1008.3,511,7,1008.4,801,9,1008.5,288,7
317,2025-11-26 12:03:59+05:30,1008.1,1,998.55,5685153,437076.0,357593.0,986.2,1008.7,981.3,986.2,120583500,1084.8,887.6,1102.5,649.1,1007.7,8,1,1007.6,675,8,1007.5,945,14,1007.4,1398,12,1007.3,2002,14,1008.1,517,4,1008.2,469,5,1008.3,511,7,1008.4,801,9,1008.5,288,7
317,2025-11-26 12:04:00+05:30,1007.8,1,998.55,5685155,437124.0,359611.0,986.2,1008.7,981.3,986.2,120583500,1084.8,887.6,1102.5,649.1,1007.7,8,1,1007.6,106,2,1007.5,601,6,1007.4,1075,13,1007.3,1398,16,1007.8,184,1,1008.0,429,6,1008.1,813,7,1008.2,508,6,1008.3,666,9
317,2025-11-26 12:04:00+05:30,1007.8,1,998.55,5685155,437124.0,359611.0,986.2,1008.7,981.3,986.2,120583500,1084.8,887.6,1102.5,649.1,1007.7,8,1,1007.6,106,2,1007.5,601,6,1007.4,1075,13,1007.3,1398,16,1007.8,184,1,1008.0,429,6,1008.1,813,7,1008.2,508,6,1008.3,666,9
317,2025-11-26 12:04:01+05:30,1007.8,1,998.55,5685325,437971.0,359041.0,986.2,1008.7,981.3,986.2,120583500,1084.8,887.6,1102.5,649.1,1007.6,146,3,1007.5,675,7,1007.4,1478,16,1007.3,1151,16,1007.2,2608,16,1007.8,27,2,1008.0,113,3,1008.1,529,5,1008.2,421,6,1008.3,786,9
317,2025-11-26 12:04:01+05:30,1007.8,1,998.55,5685325,437971.0,359041.0,986.2,1008.7,981.3,986.2,120583500,1084.8,887.6,1102.5,649.1,1007.6,146,3,1007.5,675,7,1007.4,1478,16,1007.3,1151,16,1007.2,2608,16,1007.8,27,2,1008.0,113,3,1008.1,529,5,1008.2,421,6,1008.3,786,9
317,2025-11-26 12:04:02+05:30,1007.8,1,998.55,5685325,438279.0,358971.0,986.2,1008.7,981.3,986.2,120583500,1084.8,887.6,1102.5,649.1,1007.7,82,1,1007.6,146,3,1007.5,946,9,1007.4,1312,15,1007.3,1151,16,1007.8,27,2,1008.0,113,3,1008.1,529,5,1008.2,618,7,1008.3,786,9
317,2025-11-26 12:04:03+05:30,1007.8,4,998.55,5685333,437917.0,358512.0,986.2,1008.7,981.3,986.2,120583500,1084.8,887.6,1102.5,649.1,1007.7,82,1,1007.6,40,2,1007.5,436,6,1007.4,1455,15,1007.3,1315,17,1007.8,19,2,1008.0,163,4,1008.1,691,6,1008.2,386,10,1008.3,635,9
317,2025-11-26 12:04:03+05:30,1007.8,4,998.55,5685333,437917.0,358512.0,986.2,1008.7,981.3,986.2,120583500,1084.8,887.6,1102.5,649.1,1007.7,82,1,1007.6,40,2,1007.5,436,6,1007.4,1455,15,1007.3,1315,17,1007.8,19,2,1008.0,163,4,1008.1,691,6,1008.2,386,10,1008.3,635,9
317,2025-11-26 12:04:04+05:30,1007.8,1,998.55,5685333,437917.0,358512.0,986.2,1008.7,981.3,986.2,120583500,1084.8,887.6,1102.5,649.1,1007.7,82,1,1007.6,40,2,1007.5,436,6,1007.4,1455,15,1007.3,1315,17,1007.8,19,2,1008.0,163,4,1008.1,691,6,1008.2,386,10,1008.3,635,9
317,2025-11-26 12:04:04+05:30,1007.8,1,998.55,5685334,436954.0,359444.0,986.2,1008.7,981.3,986.2,120583500,1084.8,887.6,1102.5,649.1,1007.7,82,1,1007.6,40,2,1007.5,335,4,1007.4,1694,15,1007.3,1613,18,1007.8,18,2,1007.9,106,1,1008.0,797,8,1008.1,529,5,1008.2,668,11
317,2025-11-26 12:04:05+05:30,1007.7,2,998.55,5685334,436954.0,359444.0,986.2,1008.7,981.3,986.2,120583500,1084.8,887.6,1102.5,649.1,1007.7,82,1,1007.6,40,2,1007.5,335,4,1007.4,1694,15,1007.3,1613,18,1007.8,18,2,1007.9,106,1,1008.0,797,8,1008.1,529,5,1008.2,668,11
317,2025-11-26 12:04:05+05:30,1007.7,2,998.55,5685936,436081.0,361896.0,986.2,1008.7,981.3,986.2,120583500,1084.8,887.6,1102.5,649.1,1007.6,27,1,1007.5,60,2,1007.4,579,9,1007.3,1151,16,1007.2,1808,16,1007.7,179,1,1007.9,202,1,1008.0,898,7,1008.1,1018,8,1008.2,676,12
317,2025-11-26 12:04:06+05:30,1007.9,70,998.55,5685936,436081.0,361896.0,986.2,1008.7,981.3,986.2,120583500,1084.8,887.6,1102.5,649.1,1007.6,27,1,1007.5,60,2,1007.4,579,9,1007.3,1151,16,1007.2,1808,16,1007.7,179,1,1007.9,202,1,1008.0,898,7,1008.1,1018,8,1008.2,676,12
317,2025-11-26 12:04:06+05:30,1007.9,70,998.56,5687086,434735.0,359864.0,986.2,1008.7,981.3,986.2,120583500,1084.8,887.6,1102.5,649.1,1007.6,116,1,1007.5,167,3,1007.4,817,12,1007.3,1449,17,1007.2,1534,16,1008.0,689,6,1008.1,706,6,1008.2,550,10,1008.3,481,9,1008.4,1258,12
317,2025-11-26 12:04:07+05:30,1008.0,1,998.56,5687086,434735.0,359864.0,986.2,1008.7,981.3,986.2,120583500,1084.8,887.6,1102.5,649.1,1007.6,116,1,1007.5,167,3,1007.4,817,12,1007.3,1449,17,1007.2,1534,16,1008.0,689,6,1008.1,706,6,1008.2,550,10,1008.3,481,9,1008.4,1258,12
317,2025-11-26 12:04:07+05:30,1008.0,21,998.56,5687186,434739.0,364364.0,986.2,1008.7,981.3,986.2,120583500,1084.8,887.6,1102.5,649.1,1007.6,116,1,1007.5,167,3,1007.4,817,12,1007.3,1151,16,1007.2,1677,16,1008.0,284,3,1008.1,880,6,1008.2,469,9,1008.3,468,8,1008.4,1258,12
317,2025-11-26 12:04:08+05:30,1008.0,1,998.56,5687187,434739.0,364700.0,986.2,1008.7,981.3,986.2,120583500,1084.8,887.6,1102.5,649.1,1007.6,116,1,1007.5,167,3,1007.4,817,12,1007.3,1151,16,1007.2,1677,16,1008.0,283,3,1008.1,929,7,1008.2,469,9,1008.3,498,9,1008.4,1271,13
317,2025-11-26 12:04:08+05:30,1008.0,1,998.56,5687187,434739.0,364700.0,986.2,1008.7,981.3,986.2,120583500,1084.8,887.6,1102.5,649.1,1007.6,116,1,1007.5,167,3,1007.4,817,12,1007.3,1151,16,1007.2,1677,16,1008.0,283,3,1008.1,929,7,1008.2,469,9,1008.3,498,9,1008.4,1271,13
317,2025-11-26 12:04:09+05:30,1008.0,1,998.56,5687187,434768.0,364919.0,986.2,1008.7,981.3,986.2,120583500,1084.8,887.6,1102.5,649.1,1007.6,117,2,1007.5,111,2,1007.4,817,12,1007.3,1104,15,1007.2,1677,16,1008.0,283,3,1008.1,777,6,1008.2,620,10,1008.3,468,8,1008.4,1271,13
317,2025-11-26 12:04:10+05:30,1007.8,1,998.56,5687221,436363.0,364438.0,986.2,1008.7,981.3,986.2,120583500,1084.8,887.6,1102.5,649.1,1007.7,116,1,1007.6,1,1,1007.5,206,2,1007.4,1188,16,1007.3,1402,16,1007.8,43,1,1008.0,349,3,1008.1,573,4,1008.2,595,11,1008.3,617,9
317,2025-11-26 12:04:10+05:30,1007.8,1,998.56,5687221,436363.0,364438.0,986.2,1008.7,981.3,986.2,120583500,1084.8,887.6,1102.5,649.1,1007.7,116,1,1007.6,1,1,1007.5,206,2,1007.4,1188,16,1007.3,1402,16,1007.8,43,1,1008.0,349,3,1008.1,573,4,1008.2,595,11,1008.3,617,9
317,2025-11-26 12:04:11+05:30,1007.8,2,998.56,5687224,436788.0,364487.0,986.2,1008.7,981.3,986.2,120583500,1084.8,887.6,1102.5,649.1,1007.7,116,1,1007.6,1,1,1007.5,219,3,1007.4,1039,15,1007.3,1536,16,1007.8,40,1,1007.9,5,1,1008.0,200,2,1008.1,769,6,1008.2,595,11
317,2025-11-26 12:04:11+05:30,1007.8,1,998.56,5687224,436788.0,364487.0,986.2,1008.7,981.3,986.2,120583500,1084.8,887.6,1102.5,649.1,1007.7,116,1,1007.6,1,1,1007.5,219,3,1007.4,1039,15,1007.3,1536,16,1007.8,40,1,1007.9,5,1,1008.0,200,2,1008.1,769,6,1008.2,595,11
317,2025-11-26 12:04:12+05:30,1007.5,32,998.56,5687726,436042.0,365565.0,986.2,1008.7,981.3,986.2,120583500,1084.8,887.6,1102.5,649.1,1007.4,927,12,1007.3,959,13,1007.2,2111,14,1007.1,1874,12,1007.0,2136,13,1007.8,38,1,1007.9,250,3,1008.0,735,4,1008.1,677,5,1008.2,595,11
317,2025-11-26 12:04:12+05:30,1007.8,5,998.56,5687726,436042.0,365565.0,986.2,1008.7,981.3,986.2,120583500,1084.8,887.6,1102.5,649.1,1007.4,927,12,1007.3,959,13,1007.2,2111,14,1007.1,1874,12,1007.0,2136,13,1007.8,38,1,1007.9,250,3,1008.0,735,4,1008.1,677,5,1008.2,595,11
317,2025-11-26 12:04:13+05:30,1007.8,24,998.56,5687767,435983.0,365255.0,986.2,1008.7,981.3,986.2,120583500,1084.8,887.6,1102.5,649.1,1007.5,147,1,1007.4,865,14,1007.3,1523,14,1007.2,2111,14,1007.1,1874,12,1007.8,44,1,1007.9,250,3,1008.0,402,3,1008.1,726,6,1008.2,601,11
317,2025-11-26 12:04:13+05:30,1007.8,24,998.56,5687767,435983.0,365255.0,986.2,1008.7,981.3,986.2,120583500,1084.8,887.6,1102.5,649.1,1007.5,147,1,1007.4,865,14,1007.3,1523,14,1007.2,2111,14,1007.1,1874,12,1007.8,44,1,1007.9,250,3,1008.0,402,3,1008.1,726,6,1008.2,601,11
317,2025-11-26 12:04:14+05:30,1007.8,136,998.56,5687903,435022.0,365157.0,986.2,1008.7,981.3,986.2,120583500,1084.8,887.6,1102.5,649.1,1007.5,169,2,1007.4,510,9,1007.3,1457,14,1007.2,1478,13,1007.1,1757,12,1007.8,45,2,1007.9,49,3,1008.0,471,5,1008.1,726,6,1008.2,541,7
317,2025-11-26 12:04:14+05:30,1007.8,136,998.56,5687903,435022.0,365157.0,986.2,1008.7,981.3,986.2,120583500,1084.8,887.6,1102.5,649.1,1007.5,169,2,1007.4,510,9,1007.3,1457,14,1007.2,1478,13,1007.1,1757,12,1007.8,45,2,1007.9,49,3,1008.0,471,5,1008.1,726,6,1008.2,541,7
317,2025-11-26 12:04:15+05:30,1007.4,5,998.56,5688588,434728.0,365039.0,986.2,1008.7,981.3,986.2,120583500,1084.8,887.6,1102.5,649.1,1007.8,1,1,1007.4,444,5,1007.3,1145,12,1007.2,1561,14,1007.1,1685,11,1007.9,346,6,1008.0,709,8,1008.1,624,6,1008.2,469,9,1008.3,495,9
317,2025-11-26 12:04:15+05:30,1007.8,1,998.56,5688588,434728.0,365039.0,986.2,1008.7,981.3,986.2,120583500,1084.8,887.6,1102.5,649.1,1007.8,1,1,1007.4,444,5,1007.3,1145,12,1007.2,1561,14,1007.1,1685,11,1007.9,346,6,1008.0,709,8,1008.1,624,6,1008.2,469,9,1008.3,495,9
317,2025-11-26 12:04:16+05:30,1007.9,2,998.56,5688593,434654.0,367724.0,986.2,1008.7,981.3,986.2,120583500,1084.8,887.6,1102.5,649.1,1007.8,2,1,1007.5,110,1,1007.4,444,5,1007.3,880,14,1007.2,1469,16,1007.9,92,4,1008.0,610,7,1008.1,624,6,1008.2,482,10,1008.3,482,8
317,2025-11-26 12:04:16+05:30,1007.9,2,998.56,5688593,434654.0,367724.0,986.2,1008.7,981.3,986.2,120583500,1084.8,887.6,1102.5,649.1,1007.8,2,1,1007.5,110,1,1007.4,444,5,1007.3,880,14,1007.2,1469,16,1007.9,92,4,1008.0,610,7,1008.1,624,6,1008.2,482,10,1008.3,482,8
317,2025-11-26 12:04:17+05:30,1007.8,1,998.56,5688837,438371.0,366424.0,986.2,1008.7,981.3,986.2,120583500,1084.8,887.6,1102.5,649.1,1007.8,260,6,1007.7,456,8,1007.6,860,7,1007.5,1423,9,1007.4,2198,17,1008.0,215,2,1008.1,245,2,1008.2,47,2,1008.3,157,3,1008.4,643,7
317,2025-11-26 12:04:17+05:30,1007.8,1,998.56,5688837,438371.0,366424.0,986.2,1008.7,981.3,986.2,120583500,1084.8,887.6,1102.5,649.1,1007.8,260,6,1007.7,456,8,1007.6,860,7,1007.5,1423,9,1007.4,2198,17,1008.0,215,2,1008.1,245,2,1008.2,47,2,1008.3,157,3,1008.4,643,7
317,2025-11-26 12:04:18+05:30,1008.0,5,998.56,5688842,438698.0,366399.0,986.2,1008.7,981.3,986.2,120583500,1084.8,887.6,1102.5,649.1,1007.8,364,7,1007.7,570,9,1007.6,896,9,1007.5,835,8,1007.4,2185,16,1008.0,210,2,1008.1,245,2,1008.2,1,1,1008.3,157,3,1008.4,643,7
317,2025-11-26 12:04:18+05:30,1008.0,5,998.56,5688842,438698.0,366399.0,986.2,1008.7,981.3,986.2,120583500,1084.8,887.6,1102.5,649.1,1007.8,364,7,1007.7,570,9,1007.6,896,9,1007.5,835,8,1007.4,2185,16,1008.0,210,2,1008.1,245,2,1008.2,1,1,1008.3,157,3,1008.4,643,7
317,2025-11-26 12:04:19+05:30,1008.0,5,998.56,5688842,438779.0,366689.0,986.2,1008.7,981.3,986.2,120583500,1084.8,887.6,1102.5,649.1,1007.8,285,5,1007.7,570,9,1007.6,955,11,1007.5,835,8,1007.4,2172,15,1008.0,210,2,1008.1,243,1,1008.2,1,1,1008.3,466,5,1008.4,644,8
317,2025-11-26 12:04:20+05:30,1008.0,20,998.56,5689376,439098.0,364304.0,986.2,1008.7,981.3,986.2,120583500,1084.8,887.6,1102.5,649.1,1008.0,126,2,1007.9,87,2,1007.8,657,9,1007.7,578,10,1007.6,1103,13,1008.1,243,1,1008.2,1,1,1008.3,5,1,1008.4,449,4,1008.5,5311,8
317,2025-11-26 12:04:20+05:30,1008.0,20,998.56,5689376,439098.0,364304.0,986.2,1008.7,981.3,986.2,120583500,1084.8,887.6,1102.5,649.1,1008.0,126,2,1007.9,87,2,1007.8,657,9,1007.7,578,10,1007.6,1103,13,1008.1,243,1,1008.2,1,1,1008.3,5,1,1008.4,449,4,1008.5,5311,8
317,2025-11-26 12:04:21+05:30,1008.1,1,998.56,5689507,434920.0,364136.0,986.2,1008.7,981.3,986.2,120583500,1084.8,887.6,1102.5,649.1,1007.9,87,2,1007.8,545,9,1007.7,833,14,1007.6,892,11,1007.5,1400,9,1008.1,112,1,1008.2,1,1,1008.3,6,2,1008.4,455,4,1008.5,5360,9
317,2025-11-26 12:04:21+05:30,1008.1,1,998.56,5689507,434920.0,364136.0,986.2,1008.7,981.3,986.2,120583500,1084.8,887.6,1102.5,649.1,1007.9,87,2,1007.8,545,9,1007.7,833,14,1007.6,892,11,1007.5,1400,9,1008.1,112,1,1008.2,1,1,1008.3,6,2,1008.4,455,4,1008.5,5360,9
317,2025-11-26 12:04:22+05:30,1007.9,1,998.56,5689507,434920.0,364136.0,986.2,1008.7,981.3,986.2,120583500,1084.8,887.6,1102.5,649.1,1007.9,87,2,1007.8,545,9,1007.7,833,14,1007.6,892,11,1007.5,1400,9,1008.1,112,1,1008.2,1,1,1008.3,6,2,1008.4,455,4,1008.5,5360,9
317,2025-11-26 12:04:22+05:30,1007.9,1,998.56,5689508,439592.0,364430.0,986.2,1008.7,981.3,986.2,120583500,1084.8,887.6,1102.5,649.1,1007.8,347,7,1007.7,989,15,1007.6,961,12,1007.5,1400,9,1007.4,2063,13,1008.1,112,1,1008.2,1,1,1008.3,208,3,1008.4,455,4,1008.5,5360,9
317,2025-11-26 12:04:23+05:30,1007.8,1,998.56,5689508,439592.0,364430.0,986.2,1008.7,981.3,986.2,120583500,1084.8,887.6,1102.5,649.1,1007.8,347,7,1007.7,989,15,1007.6,961,12,1007.5,1400,9,1007.4,2063,13,1008.1,112,1,1008.2,1,1,1008.3,208,3,1008.4,455,4,1008.5,5360,9
317,2025-11-26 12:04:23+05:30,1007.8,1,998.56,5689517,438853.0,365196.0,986.2,1008.7,981.3,986.2,120583500,1084.8,887.6,1102.5,649.1,1007.8,86,4,1007.7,433,8,1007.6,1313,16,1007.5,767,8,1007.4,1677,13,1008.0,100,1,1008.1,104,1,1008.2,1,1,1008.3,252,3,1008.4,617,7
317,2025-11-26 12:04:24+05:30,1007.8,1,998.56,5689517,438957.0,365196.0,986.2,1008.7,981.3,986.2,120583500,1084.8,887.6,1102.5,649.1,1007.8,99,5,1007.7,641,10,1007.6,1150,15,1007.5,767,8,1007.4,1677,13,1008.0,100,1,1008.1,104,1,1008.2,1,1,1008.3,252,3,1008.4,617,7
317,2025-11-26 12:04:25+05:30,1008.0,1,998.56,5689517,438957.0,365196.0,986.2,1008.7,981.3,986.2,120583500,1084.8,887.6,1102.5,649.1,1007.8,99,5,1007.7,641,10,1007.6,1150,15,1007.5,767,8,1007.4,1677,13,1008.0,100,1,1008.1,104,1,1008.2,1,1,1008.3,252,3,1008.4,617,7
317,2025-11-26 12:04:25+05:30,1007.8,3,998.56,5689685,439217.0,365225.0,986.2,1008.7,981.3,986.2,120583500,1084.8,887.6,1102.5,649.1,1007.8,283,7,1007.7,527,10,1007.6,1174,16,1007.5,816,9,1007.4,1975,14,1008.0,64,1,1008.1,105,2,1008.2,1,1,1008.3,543,4,1008.4,344,7
317,2025-11-26 12:04:26+05:30,1008.1,85,998.56,5689685,439217.0,365225.0,986.2,1008.7,981.3,986.2,120583500,1084.8,887.6,1102.5,649.1,1007.8,283,7,1007.7,527,10,1007.6,1174,16,1007.5,816,9,1007.4,1975,14,1008.0,64,1,1008.1,105,2,1008.2,1,1,1008.3,543,4,1008.4,344,7
317,2025-11-26 12:04:26+05:30,1008.1,85,998.56,5690205,440061.0,364559.0,986.2,1008.7,981.3,986.2,120583500,1084.8,887.6,1102.5,649.1,1007.8,700,13,1007.7,553,12,1007.6,960,12,1007.5,816,9,1007.4,2725,15,1008.1,20,2,1008.2,1,1,1008.3,309,2,1008.4,237,4,1008.5,5307,8
317,2025-11-26 12:04:27+05:30,1008.2,8,998.56,5690205,440061.0,364559.0,986.2,1008.7,981.3,986.2,120583500,1084.8,887.6,1102.5,649.1,1007.8,700,13,1007.7,553,12,1007.6,960,12,1007.5,816,9,1007.4,2725,15,1008.1,20,2,1008.2,1,1,1008.3,309,2,1008.4,237,4,1008.5,5307,8
317,2025-11-26 12:04:27+05:30,1008.0,55,998.56,5690948,440413.0,362654.0,986.2,1008.7,981.3,986.2,120583500,1084.8,887.6,1102.5,649.1,1008.0,212,3,1007.9,362,6,1007.8,1341,15,1007.7,1456,14,1007.6,1875,15,1008.3,1,1,1008.4,124,2,1008.5,5171,4,1008.6,464,12,1008.7,694,8
317,2025-11-26 12:04:28+05:30,1008.0,55,998.56,5690948,440413.0,362654.0,986.2,1008.7,981.3,986.2,120583500,1084.8,887.6,1102.5,649.1,1008.0,212,3,1007.9,362,6,1007.8,1341,15,1007.7,1456,14,1007.6,1875,15,1008.3,1,1,1008.4,124,2,1008.5,5171,4,1008.6,464,12,1008.7,694,8
317,2025-11-26 12:04:28+05:30,1008.0,55,998.56,5690948,440286.0,362512.0,986.2,1008.7,981.3,986.2,120583500,1084.8,887.6,1102.5,649.1,1008.0,346,7,1007.9,505,7,1007.8,1156,12,1007.7,1486,15,1007.6,1914,16,1008.3,2,2,1008.4,124,2,1008.5,5067,3,1008.6,233,10,1008.7,694,8
317,2025-11-26 12:04:29+05:30,1008.4,37,998.56,5690948,440286.0,362512.0,986.2,1008.7,981.3,986.2,120583500,1084.8,887.6,1102.5,649.1,1008.0,346,7,1007.9,505,7,1007.8,1156,12,1007.7,1486,15,1007.6,1914,16,1008.3,2,2,1008.4,124,2,1008.5,5067,3,1008.6,233,10,1008.7,694,8
317,2025-11-26 12:04:29+05:30,1008.4,37,998.56,5691111,441881.0,361112.0,986.2,1008.7,981.3,986.2,120583500,1084.8,887.6,1102.5,649.1,1008.2,242,3,1008.1,423,5,1008.0,1565,18,1007.9,644,7,1007.8,1434,14,1008.4,4,1,1008.5,5050,2,1008.6,26,2,1008.7,202,3,1008.8,452,11
317,2025-11-26 12:04:30+05:30,1008.2,84,998.56,5691111,441881.0,361112.0,986.2,1008.7,981.3,986.2,120583500,1084.8,887.6,1102.5,649.1,1008.2,242,3,1008.1,423,5,1008.0,1565,18,1007.9,644,7,1007.8,1434,14,1008.4,4,1,1008.5,5050,2,1008.6,26,2,1008.7,202,3,1008.8,452,11
317,2025-11-26 12:04:30+05:30,1007.9,13,998.57,5692780,437194.0,366534.0,986.2,1008.7,981.3,986.2,120583500,1084.8,887.6,1102.5,649.1,1007.8,56,2,1007.7,1267,7,1007.6,833,14,1007.5,1065,11,1007.4,1034,10,1008.0,1,1,1008.2,856,6,1008.3,596,5,1008.4,722,6,1008.5,5777,11
317,2025-11-26 12:04:31+05:30,1007.8,13,998.57,5692780,437194.0,366534.0,986.2,1008.7,981.3,986.2,120583500,1084.8,887.6,1102.5,649.1,1007.8,56,2,1007.7,1267,7,1007.6,833,14,1007.5,1065,11,1007.4,1034,10,1008.0,1,1,1008.2,856,6,1008.3,596,5,1008.4,722,6,1008.5,5777,11
317,2025-11-26 12:04:31+05:30,1007.8,13,998.57,5692780,437194.0,366534.0,986.2,1008.7,981.3,986.2,120583500,1084.8,887.6,1102.5,649.1,1007.8,56,2,1007.7,1267,7,1007.6,833,14,1007.5,1065,11,1007.4,1034,10,1008.0,1,1,1008.2,856,6,1008.3,596,5,1008.4,722,6,1008.5,5777,11
317,2025-11-26 12:04:31+05:30,1008.0,61,998.57,5693899,434073.0,369117.0,986.2,1008.7,981.3,986.2,120583500,1084.8,887.6,1102.5,649.1,1007.7,43,2,1007.5,286,2,1007.4,683,7,1007.3,1071,14,1007.2,1615,16,1008.0,740,6,1008.1,648,4,1008.2,653,8,1008.3,830,9,1008.4,615,11
317,2025-11-26 12:04:31+05:30,1008.0,61,998.57,5693899,434073.0,369117.0,986.2,1008.7,981.3,986.2,120583500,1084.8,887.6,1102.5,649.1,1007.7,43,2,1007.5,286,2,1007.4,683,7,1007.3,1071,14,1007.2,1615,16,1008.0,740,6,1008.1,648,4,1008.2,653,8,1008.3,830,9,1008.4,615,11
317,2025-11-26 12:04:32+05:30,1008.0,61,998.57,5693899,434073.0,369117.0,986.2,1008.7,981.3,986.2,120583500,1084.8,887.6,1102.5,649.1,1007.7,43,2,1007.5,286,2,1007.4,683,7,1007.3,1071,14,1007.2,1615,16,1008.0,740,6,1008.1,648,4,1008.2,653,8,1008.3,830,9,1008.4,615,11
317,2025-11-26 12:04:32+05:30,1008.0,61,998.57,5693899,434073.0,369117.0,986.2,1008.7,981.3,986.2,120583500,1084.8,887.6,1102.5,649.1,1007.7,43,2,1007.5,286,2,1007.4,683,7,1007.3,1071,14,1007.2,1615,16,1008.0,740,6,1008.1,648,4,1008.2,653,8,1008.3,830,9,1008.4,615,11
317,2025-11-26 12:04:32+05:30,1008.0,61,998.57,5693899,434073.0,369117.0,986.2,1008.7,981.3,986.2,120583500,1084.8,887.6,1102.5,649.1,1007.7,43,2,1007.5,286,2,1007.4,683,7,1007.3,1071,14,1007.2,1615,16,1008.0,740,6,1008.1,648,4,1008.2,653,8,1008.3,830,9,1008.4,615,11
317,2025-11-26 12:04:32+05:30,1008.0,5,998.57,5693908,434180.0,368928.0,986.2,1008.7,981.3,986.2,120583500,1084.8,887.6,1102.5,649.1,1007.7,30,1,1007.5,286,2,1007.4,683,7,1007.3,1621,16,1007.2,1558,17,1008.0,736,7,1008.1,673,5,1008.2,653,8,1008.3,856,11,1008.4,615,11
317,2025-11-26 12:04:33+05:30,1008.0,5,998.57,5693908,434180.0,368928.0,986.2,1008.7,981.3,986.2,120583500,1084.8,887.6,1102.5,649.1,1007.7,30,1,1007.5,286,2,1007.4,683,7,1007.3,1621,16,1007.2,1558,17,1008.0,736,7,1008.1,673,5,1008.2,653,8,1008.3,856,11,1008.4,615,11
317,2025-11-26 12:04:33+05:30,1008.0,1,998.57,5693908,434180.0,368928.0,986.2,1008.7,981.3,986.2,120583500,1084.8,887.6,1102.5,649.1,1007.7,30,1,1007.5,286,2,1007.4,683,7,1007.3,1621,16,1007.2,1558,17,1008.0,736,7,1008.1,673,5,1008.2,653,8,1008.3,856,11,1008.4,615,11
317,2025-11-26 12:04:33+05:30,1008.0,1,998.57,5693908,434180.0,368928.0,986.2,1008.7,981.3,986.2,120583500,1084.8,887.6,1102.5,649.1,1007.7,30,1,1007.5,286,2,1007.4,683,7,1007.3,1621,16,1007.2,1558,17,1008.0,736,7,1008.1,673,5,1008.2,653,8,1008.3,856,11,1008.4,615,11
317,2025-11-26 12:04:33+05:30,1008.0,1,998.57,5694165,436662.0,368348.0,986.2,1008.7,981.3,986.2,120583500,1084.8,887.6,1102.5,649.1,1007.8,30,1,1007.6,109,1,1007.5,482,5,1007.4,980,11,1007.3,1764,20,1008.0,316,3,1008.1,276,3,1008.2,780,7,1008.3,438,9,1008.4,470,9
317,2025-11-26 12:04:34+05:30,1008.0,1,998.57,5694165,436662.0,368348.0,986.2,1008.7,981.3,986.2,120583500,1084.8,887.6,1102.5,649.1,1007.8,30,1,1007.6,109,1,1007.5,482,5,1007.4,980,11,1007.3,1764,20,1008.0,316,3,1008.1,276,3,1008.2,780,7,1008.3,438,9,1008.4,470,9
317,2025-11-26 12:04:34+05:30,1007.9,1,998.57,5694324,436320.0,368507.0,986.2,1008.7,981.3,986.2,120583500,1084.8,887.6,1102.5,649.1,1007.9,75,1,1007.8,106,2,1007.7,76,1,1007.6,290,3,1007.5,554,6,1008.0,436,3,1008.1,239,3,1008.2,479,5,1008.3,466,10,1008.4,747,12
317,2025-11-26 12:04:35+05:30,1007.9,1,998.57,5694324,436320.0,368507.0,986.2,1008.7,981.3,986.2,120583500,1084.8,887.6,1102.5,649.1,1007.9,75,1,1007.8,106,2,1007.7,76,1,1007.6,290,3,1007.5,554,6,1008.0,436,3,1008.1,239,3,1008.2,479,5,1008.3,466,10,1008.4,747,12
317,2025-11-26 12:04:35+05:30,1007.8,1,998.57,5694324,436320.0,368507.0,986.2,1008.7,981.3,986.2,120583500,1084.8,887.6,1102.5,649.1,1007.9,75,1,1007.8,106,2,1007.7,76,1,1007.6,290,3,1007.5,554,6,1008.0,436,3,1008.1,239,3,1008.2,479,5,1008.3,466,10,1008.4,747,12
317,2025-11-26 12:04:35+05:30,1007.8,1,998.57,5694324,436320.0,368507.0,986.2,1008.7,981.3,986.2,120516000,1084.8,887.6,1102.5,649.1,1007.9,75,1,1007.8,106,2,1007.7,76,1,1007.6,290,3,1007.5,554,6,1008.0,436,3,1008.1,239,3,1008.2,479,5,1008.3,466,10,1008.4,747,12
317,2025-11-26 12:04:36+05:30,1007.9,1,998.57,5694707,435811.0,368101.0,986.2,1008.7,981.3,986.2,120516000,1084.8,887.6,1102.5,649.1,1007.7,76,1,1007.6,389,3,1007.5,470,4,1007.4,1154,8,1007.3,1327,17,1007.9,46,1,1008.0,271,3,1008.1,326,2,1008.2,600,5,1008.3,645,12
317,2025-11-26 12:04:36+05:30,1007.9,1,998.57,5694707,435811.0,368101.0,986.2,1008.7,981.3,986.2,120516000,1084.8,887.6,1102.5,649.1,1007.7,76,1,1007.6,389,3,1007.5,470,4,1007.4,1154,8,1007.3,1327,17,1007.9,46,1,1008.0,271,3,1008.1,326,2,1008.2,600,5,1008.3,645,12
317,2025-11-26 12:04:36+05:30,1007.9,1,998.57,5694707,435811.0,368101.0,986.2,1008.7,981.3,986.2,120516000,1084.8,887.6,1102.5,649.1,1007.7,76,1,1007.6,389,3,1007.5,470,4,1007.4,1154,8,1007.3,1327,17,1007.9,46,1,1008.0,271,3,1008.1,326,2,1008.2,600,5,1008.3,645,12
317,2025-11-26 12:04:37+05:30,1007.9,1,998.57,5694707,439598.0,368152.0,986.2,1008.7,981.3,986.2,120516000,1084.8,887.6,1102.5,649.1,1007.7,76,1,1007.6,522,6,1007.5,4066,8,1007.4,938,8,1007.3,1110,17,1007.9,46,1,1008.0,271,3,1008.1,326,2,1008.2,324,4,1008.3,645,12
317,2025-11-26 12:04:37+05:30,1007.9,3,998.57,5694707,439598.0,368152.0,986.2,1008.7,981.3,986.2,120516000,1084.8,887.6,1102.5,649.1,1007.7,76,1,1007.6,522,6,1007.5,4066,8,1007.4,938,8,1007.3,1110,17,1007.9,46,1,1008.0,271,3,1008.1,326,2,1008.2,324,4,1008.3,645,12
317,2025-11-26 12:04:38+05:30,1007.9,3,998.57,5694762,439463.0,368195.0,986.2,1008.7,981.3,986.2,120516000,1084.8,887.6,1102.5,649.1,1007.7,76,1,1007.6,436,5,1007.5,4066,8,1007.4,938,8,1007.3,1110,17,1007.9,43,1,1008.0,271,3,1008.1,375,3,1008.2,628,5,1008.3,645,12
317,2025-11-26 12:04:39+05:30,1007.9,4,998.57,5694766,439706.0,368159.0,986.2,1008.7,981.3,986.2,120516000,1084.8,887.6,1102.5,649.1,1007.7,76,1,1007.6,436,5,1007.5,4066,8,1007.4,938,8,1007.3,1110,17,1007.9,39,1,1008.0,271,3,1008.1,375,3,1008.2,632,5,1008.3,634,11
317,2025-11-26 12:04:39+05:30,1007.9,4,998.57,5694766,439706.0,368159.0,986.2,1008.7,981.3,986.2,120516000,1084.8,887.6,1102.5,649.1,1007.7,76,1,1007.6,436,5,1007.5,4066,8,1007.4,938,8,1007.3,1110,17,1007.9,39,1,1008.0,271,3,1008.1,375,3,1008.2,632,5,1008.3,634,11
317,2025-11-26 12:04:39+05:30,1007.9,4,998.57,5694766,439648.0,368329.0,986.2,1008.7,981.3,986.2,120516000,1084.8,887.6,1102.5,649.1,1007.7,76,1,1007.6,290,3,1007.5,4024,7,1007.4,1067,8,1007.3,1110,17,1007.9,39,1,1008.0,271,3,1008.1,375,3,1008.2,673,6,1008.3,645,12
317,2025-11-26 12:04:40+05:30,1007.7,2,998.57,5694766,439648.0,368329.0,986.2,1008.7,981.3,986.2,120516000,1084.8,887.6,1102.5,649.1,1007.7,76,1,1007.6,290,3,1007.5,4024,7,1007.4,1067,8,1007.3,1110,17,1007.9,39,1,1008.0,271,3,1008.1,375,3,1008.2,673,6,1008.3,645,12
317,2025-11-26 12:04:40+05:30,1007.7,2,998.57,5694846,441118.0,370628.0,986.2,1008.7,981.3,986.2,120516000,1084.8,887.6,1102.5,649.1,1007.6,181,2,1007.5,3725,4,1007.4,822,6,1007.3,1614,20,1007.2,927,12,1007.7,42,1,1007.8,74,1,1008.0,276,4,1008.1,517,5,1008.2,849,7
317,2025-11-26 12:04:41+05:30,1007.7,2,998.57,5694846,441118.0,370628.0,986.2,1008.7,981.3,986.2,120516000,1084.8,887.6,1102.5,649.1,1007.6,181,2,1007.5,3725,4,1007.4,822,6,1007.3,1614,20,1007.2,927,12,1007.7,42,1,1007.8,74,1,1008.0,276,4,1008.1,517,5,1008.2,849,7
317,2025-11-26 12:04:41+05:30,1007.7,2,998.57,5694846,441076.0,370479.0,986.2,1008.7,981.3,986.2,120516000,1084.8,887.6,1102.5,649.1,1007.6,181,2,1007.5,3725,4,1007.4,1000,7,1007.3,1438,19,1007.2,927,12,1007.7,42,1,1007.8,118,2,1008.0,317,5,1008.1,468,4,1008.2,849,7
317,2025-11-26 12:04:42+05:30,1007.5,67,998.57,5694846,441076.0,370479.0,986.2,1008.7,981.3,986.2,120516000,1084.8,887.6,1102.5,649.1,1007.6,181,2,1007.5,3725,4,1007.4,1000,7,1007.3,1438,19,1007.2,927,12,1007.7,42,1,1007.8,118,2,1008.0,317,5,1008.1,468,4,1008.2,849,7
317,2025-11-26 12:04:42+05:30,1007.7,77,998.57,5695051,441203.0,370489.0,986.2,1008.7,981.3,986.2,120516000,1084.8,887.6,1102.5,649.1,1007.5,4037,8,1007.4,766,9,1007.3,1371,18,1007.2,1092,12,1007.1,1609,12,1007.7,46,1,1007.8,118,2,1007.9,76,1,1008.0,381,5,1008.1,482,4
317,2025-11-26 12:04:43+05:30,1007.7,77,998.57,5695051,441203.0,370489.0,986.2,1008.7,981.3,986.2,120516000,1084.8,887.6,1102.5,649.1,1007.5,4037,8,1007.4,766,9,1007.3,1371,18,1007.2,1092,12,1007.1,1609,12,1007.7,46,1,1007.8,118,2,1007.9,76,1,1008.0,381,5,1008.1,482,4
317,2025-11-26 12:04:43+05:30,1007.5,1,998.57,5695052,445576.0,370429.0,986.2,1008.7,981.3,986.2,120516000,1084.8,887.6,1102.5,649.1,1007.5,4036,8,1007.4,1053,9,1007.3,1073,17,1007.2,1103,13,1007.1,1609,12,1007.7,46,1,1007.8,118,2,1007.9,76,1,1008.0,382,6,1008.1,482,4
317,2025-11-26 12:04:44+05:30,1007.5,1,998.57,5695052,445576.0,370429.0,986.2,1008.7,981.3,986.2,120516000,1084.8,887.6,1102.5,649.1,1007.5,4036,8,1007.4,1053,9,1007.3,1073,17,1007.2,1103,13,1007.1,1609,12,1007.7,46,1,1007.8,118,2,1007.9,76,1,1008.0,382,6,1008.1,482,4
317,2025-11-26 12:04:44+05:30,1007.7,1,998.57,5695055,445627.0,370337.0,986.2,1008.7,981.3,986.2,120516000,1084.8,887.6,1102.5,649.1,1007.5,3853,7,1007.4,1237,10,1007.3,1073,17,1007.2,1171,14,1007.1,1609,12,1007.7,43,1,1007.8,118,2,1007.9,76,1,1008.0,382,6,1008.1,482,4
317,2025-11-26 12:04:45+05:30,1007.5,1,998.57,5695055,445627.0,370337.0,986.2,1008.7,981.3,986.2,120516000,1084.8,887.6,1102.5,649.1,1007.5,3853,7,1007.4,1237,10,1007.3,1073,17,1007.2,1171,14,1007.1,1609,12,1007.7,43,1,1007.8,118,2,1007.9,76,1,1008.0,382,6,1008.1,482,4
317,2025-11-26 12:04:45+05:30,1007.7,1,998.57,5695853,444632.0,370048.0,986.2,1008.7,981.3,986.2,120516000,1084.8,887.6,1102.5,649.1,1007.5,3090,5,1007.4,758,8,1007.3,1411,18,1007.2,1303,16,1007.1,1609,12,1007.7,96,1,1007.8,44,1,1008.0,423,7,1008.1,482,4,1008.2,476,6
317,2025-11-26 12:04:46+05:30,1007.7,1,998.57,5695853,444632.0,370048.0,986.2,1008.7,981.3,986.2,120516000,1084.8,887.6,1102.5,649.1,1007.5,3090,5,1007.4,758,8,1007.3,1411,18,1007.2,1303,16,1007.1,1609,12,1007.7,96,1,1007.8,44,1,1008.0,423,7,1008.1,482,4,1008.2,476,6
317,2025-11-26 12:04:47+05:30,1007.5,1,998.57,5695854,444283.0,370248.0,986.2,1008.7,981.3,986.2,120516000,1084.8,887.6,1102.5,649.1,1007.5,3089,5,1007.4,572,7,1007.3,1597,19,1007.2,1303,16,1007.1,1609,12,1007.7,96,1,1007.8,44,1,1008.0,625,8,1008.1,459,5,1008.2,476,6
317,2025-11-26 12:04:47+05:30,1007.5,1,998.57,5695854,444283.0,370248.0,986.2,1008.7,981.3,986.2,120516000,1084.8,887.6,1102.5,649.1,1007.5,3089,5,1007.4,572,7,1007.3,1597,19,1007.2,1303,16,1007.1,1609,12,1007.7,96,1,1007.8,44,1,1008.0,625,8,1008.1,459,5,1008.2,476,6
317,2025-11-26 12:04:48+05:30,1007.5,132,998.57,5695986,435893.0,371583.0,986.2,1008.7,981.3,986.2,120516000,1084.8,887.6,1102.5,649.1,1007.5,2687,2,1007.4,572,7,1007.3,905,15,1007.2,1641,18,1007.1,2083,14,1007.7,96,1,1007.8,44,1,1007.9,317,3,1008.0,679,9,1008.1,508,6
317,2025-11-26 12:04:48+05:30,1007.5,132,998.57,5695986,435893.0,371583.0,986.2,1008.7,981.3,986.2,120516000,1084.8,887.6,1102.5,649.1,1007.5,2687,2,1007.4,572,7,1007.3,905,15,1007.2,1641,18,1007.1,2083,14,1007.7,96,1,1007.8,44,1,1007.9,317,3,1008.0,679,9,1008.1,508,6
317,2025-11-26 12:04:49+05:30,1007.5,1,998.57,5695987,443973.0,371597.0,986.2,1008.7,981.3,986.2,120516000,1084.8,887.6,1102.5,649.1,1007.5,2686,2,1007.4,572,7,1007.3,905,15,1007.2,1939,19,1007.1,1785,13,1007.7,96,1,1007.8,44,1,1007.9,131,2,1008.0,865,10,1008.1,508,6
317,2025-11-26 12:04:49+05:30,1007.5,1,998.57,5695987,443973.0,371597.0,986.2,1008.7,981.3,986.2,120516000,1084.8,887.6,1102.5,649.1,1007.5,2686,2,1007.4,572,7,1007.3,905,15,1007.2,1939,19,1007.1,1785,13,1007.7,96,1,1007.8,44,1,1007.9,131,2,1008.0,865,10,1008.1,508,6
317,2025-11-26 12:04:50+05:30,1007.5,1,998.57,5695987,445512.0,372812.0,986.2,1008.7,981.3,986.2,120516000,1084.8,887.6,1102.5,649.1,1007.5,2686,2,1007.4,531,6,1007.3,1531,17,1007.2,1269,16,1007.1,1785,13,1007.6,25,1,1007.7,96,1,1007.8,44,1,1007.9,131,2,1008.0,868,11
317,2025-11-26 12:04:50+05:30,1007.6,1,998.57,5695987,445512.0,372812.0,986.2,1008.7,981.3,986.2,120516000,1084.8,887.6,1102.5,649.1,1007.5,2686,2,1007.4,531,6,1007.3,1531,17,1007.2,1269,16,1007.1,1785,13,1007.6,25,1,1007.7,96,1,1007.8,44,1,1007.9,131,2,1008.0,868,11
317,2025-11-26 12:04:51+05:30,1007.5,1,998.57,5695990,445622.0,372818.0,986.2,1008.7,981.3,986.2,120516000,1084.8,887.6,1102.5,649.1,1007.5,2685,2,1007.4,570,7,1007.3,1199,16,1007.2,1672,19,1007.1,1785,13,1007.6,24,2,1007.7,96,1,1007.8,44,1,1007.9,144,3,1008.0,868,11
317,2025-11-26 12:04:51+05:30,1007.5,1,998.57,5695990,445622.0,372818.0,986.2,1008.7,981.3,986.2,120516000,1084.8,887.6,1102.5,649.1,1007.5,2685,2,1007.4,570,7,1007.3,1199,16,1007.2,1672,19,1007.1,1785,13,1007.6,24,2,1007.7,96,1,1007.8,44,1,1007.9,144,3,1008.0,868,11
317,2025-11-26 12:04:52+05:30,1007.5,1,998.57,5695990,444683.0,372628.0,986.2,1008.7,981.3,986.2,120516000,1084.8,887.6,1102.5,649.1,1007.5,2685,2,1007.4,570,7,1007.3,1199,16,1007.2,1672,19,1007.1,1785,13,1007.6,24,2,1007.7,96,1,1007.8,57,2,1007.9,131,2,1008.0,868,11
317,2025-11-26 12:04:53+05:30,1007.6,5,998.57,5695999,444683.0,372611.0,986.2,1008.7,981.3,986.2,120516000,1084.8,887.6,1102.5,649.1,1007.5,2685,2,1007.4,570,7,1007.3,1199,16,1007.2,1672,19,1007.1,1785,13,1007.6,15,2,1007.7,96,1,1007.8,57,2,1007.9,131,2,1008.0,868,11
317,2025-11-26 12:04:53+05:30,1007.6,5,998.57,5695999,444683.0,372611.0,986.2,1008.7,981.3,986.2,120516000,1084.8,887.6,1102.5,649.1,1007.5,2685,2,1007.4,570,7,1007.3,1199,16,1007.2,1672,19,1007.1,1785,13,1007.6,15,2,1007.7,96,1,1007.8,57,2,1007.9,131,2,1008.0,868,11
317,2025-11-26 12:04:54+05:30,1007.6,97,998.57,5696253,443918.0,372624.0,986.2,1008.7,981.3,986.2,120516000,1084.8,887.6,1102.5,649.1,1007.5,2543,2,1007.4,291,3,1007.3,726,14,1007.2,1160,14,1007.1,2270,15,1007.6,25,1,1007.7,198,4,1007.9,280,3,1008.0,1052,13,1008.1,547,6
317,2025-11-26 12:04:54+05:30,1007.6,97,998.57,5696253,443918.0,372624.0,986.2,1008.7,981.3,986.2,120516000,1084.8,887.6,1102.5,649.1,1007.5,2543,2,1007.4,291,3,1007.3,726,14,1007.2,1160,14,1007.1,2270,15,1007.6,25,1,1007.7,198,4,1007.9,280,3,1008.0,1052,13,1008.1,547,6
317,2025-11-26 12:04:55+05:30,1007.7,2,998.57,5696553,437822.0,371348.0,986.2,1008.7,981.3,986.2,120516000,1084.8,887.6,1102.5,649.1,1007.6,1,1,1007.5,2470,3,1007.4,482,5,1007.3,1567,18,1007.2,1160,14,1007.7,86,3,1007.9,235,3,1008.0,947,12,1008.1,116,4,1008.2,671,8
317,2025-11-26 12:04:55+05:30,1007.7,12,998.57,5696553,437822.0,371348.0,986.2,1008.7,981.3,986.2,120516000,1084.8,887.6,1102.5,649.1,1007.6,1,1,1007.5,2470,3,1007.4,482,5,1007.3,1567,18,1007.2,1160,14,1007.7,86,3,1007.9,235,3,1008.0,947,12,1008.1,116,4,1008.2,671,8
317,2025-11-26 12:04:56+05:30,1007.7,3,998.57,5696670,437511.0,371512.0,986.2,1008.7,981.3,986.2,120516000,1084.8,887.6,1102.5,649.1,1007.5,2470,3,1007.4,666,6,1007.3,1109,17,1007.2,1458,15,1007.1,1775,13,1007.7,71,3,1007.9,38,1,1008.0,678,9,1008.1,300,5,1008.2,476,6
317,2025-11-26 12:04:56+05:30,1007.7,3,998.57,5696670,437511.0,371512.0,986.2,1008.7,981.3,986.2,120516000,1084.8,887.6,1102.5,649.1,1007.5,2470,3,1007.4,666,6,1007.3,1109,17,1007.2,1458,15,1007.1,1775,13,1007.7,71,3,1007.9,38,1,1008.0,678,9,1008.1,300,5,1008.2,476,6
317,2025-11-26 12:04:57+05:30,1007.5,20,998.57,5696690,437553.0,371512.0,986.2,1008.7,981.3,986.2,120516000,1084.8,887.6,1102.5,649.1,1007.5,2450,3,1007.4,482,5,1007.3,1292,18,1007.2,1458,15,1007.1,1775,13,1007.7,71,3,1007.9,38,1,1008.0,678,9,1008.1,300,5,1008.2,476,6
317,2025-11-26 12:04:57+05:30,1007.5,20,998.57,5696690,437553.0,371512.0,986.2,1008.7,981.3,986.2,120516000,1084.8,887.6,1102.5,649.1,1007.5,2450,3,1007.4,482,5,1007.3,1292,18,1007.2,1458,15,1007.1,1775,13,1007.7,71,3,1007.9,38,1,1008.0,678,9,1008.1,300,5,1008.2,476,6
317,2025-11-26 12:04:58+05:30,1007.7,10,998.57,5696700,437585.0,371468.0,986.2,1008.7,981.3,986.2,120516000,1084.8,887.6,1102.5,649.1,1007.5,2450,3,1007.4,482,5,1007.3,1292,18,1007.2,1458,15,1007.1,1809,14,1007.7,17,2,1007.9,38,1,1008.0,678,9,1008.1,300,5,1008.2,476,6
317,2025-11-26 12:04:58+05:30,1007.7,10,998.57,5696700,437585.0,371468.0,986.2,1008.7,981.3,986.2,120516000,1084.8,887.6,1102.5,649.1,1007.5,2450,3,1007.4,482,5,1007.3,1292,18,1007.2,1458,15,1007.1,1809,14,1007.7,17,2,1007.9,38,1,1008.0,678,9,1008.1,300,5,1008.2,476,6
317,2025-11-26 12:04:59+05:30,1007.7,10,998.57,5696700,437586.0,371972.0,986.2,1008.7,981.3,986.2,120516000,1084.8,887.6,1102.5,649.1,1007.5,2450,3,1007.4,664,6,1007.3,1109,17,1007.2,1458,15,1007.1,1809,14,1007.7,17,2,1007.9,183,2,1008.0,678,9,1008.1,633,6,1008.2,476,6
317,2025-11-26 12:05:00+05:30,1007.6,1,998.57,5696701,439866.0,371838.0,986.2,1008.7,981.3,986.2,120516000,1084.8,887.6,1102.5,649.1,1007.5,2550,4,1007.4,664,6,1007.3,1379,17,1007.2,1160,14,1007.1,1809,14,1007.6,14,1,1007.7,17,2,1007.9,183,2,1008.0,678,9,1008.1,449,5
317,2025-11-26 12:05:00+05:30,1007.6,1,998.57,5696701,439866.0,371838.0,986.2,1008.7,981.3,986.2,120516000,1084.8,887.6,1102.5,649.1,1007.5,2550,4,1007.4,664,6,1007.3,1379,17,1007.2,1160,14,1007.1,1809,14,1007.6,14,1,1007.7,17,2,1007.9,183,2,1008.0,678,9,1008.1,449,5
317,2025-11-26 12:05:01+05:30,1007.5,130,998.57,5696972,439836.0,371793.0,986.2,1008.7,981.3,986.2,120516000,1084.8,887.6,1102.5,649.1,1007.5,2293,5,1007.4,895,8,1007.3,1159,15,1007.2,1196,16,1007.1,1799,13,1007.6,13,1,1007.7,17,2,1007.9,190,3,1008.0,678,9,1008.1,433,4
317,2025-11-26 12:05:01+05:30,1007.5,130,998.57,5696972,439836.0,371793.0,986.2,1008.7,981.3,986.2,120516000,1084.8,887.6,1102.5,649.1,1007.5,2293,5,1007.4,895,8,1007.3,1159,15,1007.2,1196,16,1007.1,1799,13,1007.6,13,1,1007.7,17,2,1007.9,190,3,1008.0,678,9,1008.1,433,4
317,2025-11-26 12:05:02+05:30,1007.6,4,998.57,5696972,439836.0,371793.0,986.2,1008.7,981.3,986.2,120516000,1084.8,887.6,1102.5,649.1,1007.5,2293,5,1007.4,895,8,1007.3,1159,15,1007.2,1196,16,1007.1,1799,13,1007.6,13,1,1007.7,17,2,1007.9,190,3,1008.0,678,9,1008.1,433,4
317,2025-11-26 12:05:02+05:30,1007.6,4,998.57,5696976,439896.0,371524.0,986.2,1008.7,981.3,986.2,120516000,1084.8,887.6,1102.5,649.1,1007.5,2293,5,1007.4,895,8,1007.3,1159,15,1007.2,1196,16,1007.1,1799,13,1007.6,9,1,1007.7,17,2,1007.9,190,3,1008.0,413,8,1008.1,433,4
317,2025-11-26 12:05:03+05:30,1007.7,36,998.57,5696976,439896.0,371524.0,986.2,1008.7,981.3,986.2,120516000,1084.8,887.6,1102.5,649.1,1007.5,2293,5,1007.4,895,8,1007.3,1159,15,1007.2,1196,16,1007.1,1799,13,1007.6,9,1,1007.7,17,2,1007.9,190,3,1008.0,413,8,1008.1,433,4
317,2025-11-26 12:05:03+05:30,1007.7,36,998.57,5697229,437982.0,371580.0,986.2,1008.7,981.3,986.2,120516000,1084.8,887.6,1102.5,649.1,1007.6,1,1,1007.5,2317,6,1007.4,895,8,1007.3,1159,15,1007.2,1170,15,1007.7,22,2,1007.9,190,3,1008.0,417,9,1008.1,433,4,1008.2,481,7
317,2025-11-26 12:05:04+05:30,1007.7,1,998.57,5697229,437982.0,371580.0,986.2,1008.7,981.3,986.2,120516000,1084.8,887.6,1102.5,649.1,1007.6,1,1,1007.5,2317,6,1007.4,895,8,1007.3,1159,15,1007.2,1170,15,1007.7,22,2,1007.9,190,3,1008.0,417,9,1008.1,433,4,1008.2,481,7
317,2025-11-26 12:05:04+05:30,1007.7,1,998.57,5697230,437970.0,371655.0,986.2,1008.7,981.3,986.2,120516000,1084.8,887.6,1102.5,649.1,1007.6,1,1,1007.5,2304,5,1007.4,892,8,1007.3,1159,15,1007.2,1170,15,1007.7,10,1,1007.9,190,3,1008.0,417,9,1008.1,510,6,1008.2,481,7
317,2025-11-26 12:05:05+05:30,1007.7,3,998.57,5697230,437970.0,371655.0,986.2,1008.7,981.3,986.2,120516000,1084.8,887.6,1102.5,649.1,1007.6,1,1,1007.5,2304,5,1007.4,892,8,1007.3,1159,15,1007.2,1170,15,1007.7,10,1,1007.9,190,3,1008.0,417,9,1008.1,510,6,1008.2,481,7
317,2025-11-26 12:05:05+05:30,1007.7,3,998.57,5697238,437537.0,371677.0,986.2,1008.7,981.3,986.2,120516000,1084.8,887.6,1102.5,649.1,1007.5,2300,5,1007.4,713,7,1007.3,1068,16,1007.2,1468,16,1007.1,1665,11,1007.7,7,1,1007.9,190,3,1008.0,417,9,1008.1,533,7,1008.2,481,7
317,2025-11-26 12:05:06+05:30,1007.9,5,998.57,5697238,437537.0,371677.0,986.2,1008.7,981.3,986.2,120516000,1084.8,887.6,1102.5,649.1,1007.5,2300,5,1007.4,713,7,1007.3,1068,16,1007.2,1468,16,1007.1,1665,11,1007.7,7,1,1007.9,190,3,1008.0,417,9,1008.1,533,7,1008.2,481,7
317,2025-11-26 12:05:06+05:30,1007.9,5,998.57,5697413,437193.0,369710.0,986.2,1008.7,981.3,986.2,120516000,1084.8,887.6,1102.5,649.1,1007.7,1,1,1007.6,58,1,1007.5,2512,8,1007.4,757,9,1007.3,1370,17,1007.9,17,2,1008.0,525,8,1008.1,283,3,1008.2,667,6,1008.3,742,14
317,2025-11-26 12:05:07+05:30,1007.8,57,998.57,5697413,437193.0,369710.0,986.2,1008.7,981.3,986.2,120516000,1084.8,887.6,1102.5,649.1,1007.7,1,1,1007.6,58,1,1007.5,2512,8,1007.4,757,9,1007.3,1370,17,1007.9,17,2,1008.0,525,8,1008.1,283,3,1008.2,667,6,1008.3,742,14
317,2025-11-26 12:05:07+05:30,1007.9,39,998.57,5697715,431273.0,368737.0,986.2,1008.7,981.3,986.2,120516000,1084.8,887.6,1102.5,649.1,1007.6,520,3,1007.5,2766,11,1007.4,632,7,1007.3,1739,11,1007.2,1724,13,1008.0,319,7,1008.1,113,2,1008.2,659,6,1008.3,600,8,1008.4,455,6
317,2025-11-26 12:05:08+05:30,1007.9,39,998.57,5697715,431273.0,368737.0,986.2,1008.7,981.3,986.2,120516000,1084.8,887.6,1102.5,649.1,1007.6,520,3,1007.5,2766,11,1007.4,632,7,1007.3,1739,11,1007.2,1724,13,1008.0,319,7,1008.1,113,2,1008.2,659,6,1008.3,600,8,1008.4,455,6
317,2025-11-26 12:05:08+05:30,1007.9,39,998.57,5697715,436681.0,368684.0,986.2,1008.7,981.3,986.2,120516000,1084.8,887.6,1102.5,649.1,1007.7,82,1,1007.6,150,3,1007.5,2944,11,1007.4,850,11,1007.3,1756,12,1008.0,319,7,1008.1,113,2,1008.2,659,6,1008.3,492,7,1008.4,464,7
317,2025-11-26 12:05:09+05:30,1007.7,1,998.57,5697715,436681.0,368684.0,986.2,1008.7,981.3,986.2,120516000,1084.8,887.6,1102.5,649.1,1007.7,82,1,1007.6,150,3,1007.5,2944,11,1007.4,850,11,1007.3,1756,12,1008.0,319,7,1008.1,113,2,1008.2,659,6,1008.3,492,7,1008.4,464,7
317,2025-11-26 12:05:09+05:30,1007.7,1,998.57,5697735,436234.0,369559.0,986.2,1008.7,981.3,986.2,120516000,1084.8,887.6,1102.5,649.1,1007.7,67,1,1007.6,150,3,1007.5,2779,11,1007.4,893,14,1007.3,1929,13,1008.0,314,6,1008.1,241,3,1008.2,798,6,1008.3,492,7,1008.4,533,8
317,2025-11-26 12:05:10+05:30,1007.8,1,998.57,5697735,436234.0,369559.0,986.2,1008.7,981.3,986.2,120516000,1084.8,887.6,1102.5,649.1,1007.7,67,1,1007.6,150,3,1007.5,2779,11,1007.4,893,14,1007.3,1929,13,1008.0,314,6,1008.1,241,3,1008.2,798,6,1008.3,492,7,1008.4,533,8
317,2025-11-26 12:05:10+05:30,1007.8,1,998.57,5697737,439566.0,369659.0,986.2,1008.7,981.3,986.2,120516000,1084.8,887.6,1102.5,649.1,1007.7,79,2,1007.6,280,4,1007.5,3125,13,1007.4,1018,14,1007.3,1458,11,1007.8,19,1,1008.0,314,6,1008.1,68,2,1008.2,659,6,1008.3,771,9
317,2025-11-26 12:05:11+05:30,1007.8,2,998.57,5697737,439566.0,369659.0,986.2,1008.7,981.3,986.2,120516000,1084.8,887.6,1102.5,649.1,1007.7,79,2,1007.6,280,4,1007.5,3125,13,1007.4,1018,14,1007.3,1458,11,1007.8,19,1,1008.0,314,6,1008.1,68,2,1008.2,659,6,1008.3,771,9
317,2025-11-26 12:05:11+05:30,1007.8,2,998.57,5697739,439582.0,369705.0,986.2,1008.7,981.3,986.2,120516000,1084.8,887.6,1102.5,649.1,1007.7,79,2,1007.6,280,4,1007.5,3125,13,1007.4,1041,15,1007.3,1458,11,1007.8,17,1,1008.0,313,5,1008.1,91,3,1008.2,686,9,1008.3,771,9
317,2025-11-26 12:05:12+05:30,1007.7,53,998.57,5697871,439765.0,369968.0,986.2,1008.7,981.3,986.2,120516000,1084.8,887.6,1102.5,649.1,1007.7,29,1,1007.6,33,1,1007.5,2769,10,1007.4,893,14,1007.3,1458,11,1007.8,17,1,1007.9,61,2,1008.0,486,6,1008.1,89,2,1008.2,696,10
317,2025-11-26 12:05:13+05:30,1007.5,22,998.57,5697871,439765.0,369968.0,986.2,1008.7,981.3,986.2,120516000,1084.8,887.6,1102.5,649.1,1007.7,29,1,1007.6,33,1,1007.5,2769,10,1007.4,893,14,1007.3,1458,11,1007.8,17,1,1007.9,61,2,1008.0,486,6,1008.1,89,2,1008.2,696,10
317,2025-11-26 12:05:13+05:30,1007.9,121,998.58,5698888,437939.0,370164.0,986.2,1008.7,981.3,986.2,120516000,1084.8,887.6,1102.5,649.1,1007.7,87,2,1007.6,209,2,1007.5,2652,10,1007.4,756,8,1007.3,1017,15,1007.9,60,1,1008.0,791,8,1008.1,105,3,1008.2,770,7,1008.3,576,9
317,2025-11-26 12:05:14+05:30,1007.9,106,998.58,5698888,437939.0,370164.0,986.2,1008.7,981.3,986.2,120516000,1084.8,887.6,1102.5,649.1,1007.7,87,2,1007.6,209,2,1007.5,2652,10,1007.4,756,8,1007.3,1017,15,1007.9,60,1,1008.0,791,8,1008.1,105,3,1008.2,770,7,1008.3,576,9
317,2025-11-26 12:05:14+05:30,1007.9,3,998.58,5698997,435267.0,369154.0,986.2,1008.7,981.3,986.2,120516000,1084.8,887.6,1102.5,649.1,1007.8,169,2,1007.7,202,2,1007.6,936,9,1007.5,2850,13,1007.4,1067,10,1007.9,7,1,1008.0,308,4,1008.1,1,1,1008.2,287,5,1008.3,740,6
317,2025-11-26 12:05:15+05:30,1007.9,2,998.58,5698997,435267.0,369154.0,986.2,1008.7,981.3,986.2,120516000,1084.8,887.6,1102.5,649.1,1007.8,169,2,1007.7,202,2,1007.6,936,9,1007.5,2850,13,1007.4,1067,10,1007.9,7,1,1008.0,308,4,1008.1,1,1,1008.2,287,5,1008.3,740,6
317,2025-11-26 12:05:15+05:30,1007.9,1,998.58,5699000,435294.0,369208.0,986.2,1008.7,981.3,986.2,120516000,1084.8,887.6,1102.5,649.1,1007.8,182,3,1007.7,202,2,1007.6,936,9,1007.5,2864,13,1007.4,1067,10,1007.9,4,1,1008.0,308,4,1008.1,1,1,1008.2,287,5,1008.3,740,6
317,2025-11-26 12:05:16+05:30,1007.8,5,998.58,5699000,435294.0,369208.0,986.2,1008.7,981.3,986.2,120516000,1084.8,887.6,1102.5,649.1,1007.8,182,3,1007.7,202,2,1007.6,936,9,1007.5,2864,13,1007.4,1067,10,1007.9,4,1,1008.0,308,4,1008.1,1,1,1008.2,287,5,1008.3,740,6
317,2025-11-26 12:05:16+05:30,1007.8,5,998.58,5699005,435030.0,369201.0,986.2,1008.7,981.3,986.2,120516000,1084.8,887.6,1102.5,649.1,1007.8,177,3,1007.7,30,1,1007.6,735,8,1007.5,2981,11,1007.4,1093,12,1007.9,5,2,1008.0,308,4,1008.1,1,1,1008.2,504,5,1008.3,397,5
317,2025-11-26 12:05:17+05:30,1007.8,5,998.58,5699005,435064.0,369187.0,986.2,1008.7,981.3,986.2,120516000,1084.8,887.6,1102.5,649.1,1007.8,190,4,1007.7,80,2,1007.6,908,9,1007.5,2834,12,1007.4,1067,10,1007.9,5,2,1008.0,308,4,1008.1,1,1,1008.2,503,4,1008.3,399,7
317,2025-11-26 12:05:18+05:30,1007.9,1,998.58,5699005,435064.0,369187.0,986.2,1008.7,981.3,986.2,120516000,1084.8,887.6,1102.5,649.1,1007.8,190,4,1007.7,80,2,1007.6,908,9,1007.5,2834,12,1007.4,1067,10,1007.9,5,2,1008.0,308,4,1008.1,1,1,1008.2,503,4,1008.3,399,7
317,2025-11-26 12:05:18+05:30,1007.9,1,998.58,5699007,437169.0,369236.0,986.2,1008.7,981.3,986.2,120516000,1084.8,887.6,1102.5,649.1,1007.8,190,4,1007.7,271,5,1007.6,921,10,1007.5,2881,12,1007.4,1067,10,1007.9,4,3,1008.0,363,5,1008.1,1,1,1008.2,184,3,1008.3,714,8
317,2025-11-26 12:05:20+05:30,1007.8,80,998.58,5699139,434472.0,369677.0,986.2,1008.7,981.3,986.2,120516000,1084.8,887.6,1102.5,649.1,1007.8,154,5,1007.7,113,3,1007.6,913,10,1007.5,2872,11,1007.4,1709,12,1007.9,4,3,1008.0,363,5,1008.1,6,2,1008.2,268,5,1008.3,910,11
317,2025-11-26 12:05:20+05:30,1008.0,223,998.58,5699139,434472.0,369677.0,986.2,1008.7,981.3,986.2,120516000,1084.8,887.6,1102.5,649.1,1007.8,154,5,1007.7,113,3,1007.6,913,10,1007.5,2872,11,1007.4,1709,12,1007.9,4,3,1008.0,363,5,1008.1,6,2,1008.2,268,5,1008.3,910,11
317,2025-11-26 12:05:20+05:30,1008.1,1,998.58,5699956,439085.0,366670.0,986.2,1008.7,981.3,986.2,120516000,1084.8,887.6,1102.5,649.1,1007.9,3,1,1007.8,289,4,1007.7,725,7,1007.6,967,11,1007.5,3100,19,1008.1,1,1,1008.3,552,5,1008.4,346,4,1008.5,5595,10,1008.6,832,15
317,2025-11-26 12:05:21+05:30,1008.2,83,998.58,5699956,439085.0,366670.0,986.2,1008.7,981.3,986.2,120516000,1084.8,887.6,1102.5,649.1,1007.9,3,1,1007.8,289,4,1007.7,725,7,1007.6,967,11,1007.5,3100,19,1008.1,1,1,1008.3,552,5,1008.4,346,4,1008.5,5595,10,1008.6,832,15
317,2025-11-26 12:05:22+05:30,1008.2,1,998.58,5700070,437581.0,367930.0,986.2,1008.7,981.3,986.2,120516000,1084.8,887.6,1102.5,649.1,1007.9,13,2,1007.8,43,2,1007.7,380,5,1007.6,543,10,1007.5,3265,19,1008.2,656,4,1008.3,652,9,1008.4,346,4,1008.5,5595,10,1008.6,672,15
317,2025-11-26 12:05:22+05:30,1008.2,1,998.58,5700070,437581.0,367930.0,986.2,1008.7,981.3,986.2,120516000,1084.8,887.6,1102.5,649.1,1007.9,13,2,1007.8,43,2,1007.7,380,5,1007.6,543,10,1007.5,3265,19,1008.2,656,4,1008.3,652,9,1008.4,346,4,1008.5,5595,10,1008.6,672,15
317,2025-11-26 12:05:22+05:30,1008.1,4,998.58,5700079,437792.0,368424.0,986.2,1008.7,981.3,986.2,120516000,1084.8,887.6,1102.5,649.1,1008.0,3,1,1007.9,10,1,1007.8,13,1,1007.7,298,5,1007.6,556,11,1008.1,174,1,1008.2,1022,7,1008.3,577,7,1008.4,375,5,1008.5,5595,10
317,2025-11-26 12:05:23+05:30,1008.1,4,998.58,5700079,437792.0,368424.0,986.2,1008.7,981.3,986.2,120516000,1084.8,887.6,1102.5,649.1,1008.0,3,1,1007.9,10,1,1007.8,13,1,1007.7,298,5,1007.6,556,11,1008.1,174,1,1008.2,1022,7,1008.3,577,7,1008.4,375,5,1008.5,5595,10
317,2025-11-26 12:05:24+05:30,1008.1,4,998.58,5700079,437570.0,368447.0,986.2,1008.7,981.3,986.2,120516000,1084.8,887.6,1102.5,649.1,1008.0,3,1,1007.9,10,1,1007.8,13,1,1007.7,298,5,1007.6,556,11,1008.1,174,1,1008.2,1022,7,1008.3,578,8,1008.4,375,5,1008.5,5597,11
317,2025-11-26 12:05:25+05:30,1008.1,146,998.58,5700226,438071.0,368445.0,986.2,1008.7,981.3,986.2,120516000,1084.8,887.6,1102.5,649.1,1008.0,2,1,1007.9,10,1,1007.8,13,1,1007.7,552,9,1007.6,564,10,1008.1,28,1,1008.2,557,5,1008.3,769,9,1008.4,566,6,1008.5,5588,10
317,2025-11-26 12:05:25+05:30,1008.1,11,998.58,5700226,438071.0,368445.0,986.2,1008.7,981.3,986.2,120516000,1084.8,887.6,1102.5,649.1,1008.0,2,1,1007.9,10,1,1007.8,13,1,1007.7,552,9,1007.6,564,10,1008.1,28,1,1008.2,557,5,1008.3,769,9,1008.4,566,6,1008.5,5588,10
317,2025-11-26 12:05:26+05:30,1008.1,2,998.58,5700279,437709.0,368578.0,986.2,1008.7,981.3,986.2,120516000,1084.8,887.6,1102.5,649.1,1008.0,2,1,1007.9,10,1,1007.8,13,1,1007.7,569,8,1007.6,1167,13,1008.1,180,1,1008.2,512,4,1008.3,733,6,1008.4,873,8,1008.5,5596,11
317,2025-11-26 12:05:26+05:30,1008.1,2,998.58,5700279,437709.0,368578.0,986.2,1008.7,981.3,986.2,120516000,1084.8,887.6,1102.5,649.1,1008.0,2,1,1007.9,10,1,1007.8,13,1,1007.7,569,8,1007.6,1167,13,1008.1,180,1,1008.2,512,4,1008.3,733,6,1008.4,873,8,1008.5,5596,11
317,2025-11-26 12:05:27+05:30,1008.1,2,998.58,5700279,437625.0,368083.0,986.2,1008.7,981.3,986.2,120516000,1084.8,887.6,1102.5,649.1,1008.0,2,1,1007.9,10,1,1007.8,13,1,1007.7,569,8,1007.6,590,12,1008.1,180,1,1008.2,512,4,1008.3,733,6,1008.4,873,8,1008.5,5596,11
317,2025-11-26 12:05:28+05:30,1008.1,2,998.58,5700279,437654.0,367945.0,986.2,1008.7,981.3,986.2,120516000,1084.8,887.6,1102.5,649.1,1008.0,2,1,1007.9,10,1,1007.8,13,1,1007.7,569,8,1007.6,590,12,1008.1,180,1,1008.2,512,4,1008.3,733,6,1008.4,548,6,1008.5,5611,13
317,2025-11-26 12:05:28+05:30,1008.1,100,998.58,5700279,437654.0,367945.0,986.2,1008.7,981.3,986.2,120516000,1084.8,887.6,1102.5,649.1,1008.0,2,1,1007.9,10,1,1007.8,13,1,1007.7,569,8,1007.6,590,12,1008.1,180,1,1008.2,512,4,1008.3,733,6,1008.4,548,6,1008.5,5611,13
317,2025-11-26 12:05:28+05:30,1008.0,1,998.58,5700380,437684.0,367850.0,986.2,1008.7,981.3,986.2,120516000,1084.8,887.6,1102.5,649.1,1008.0,1,1,1007.9,10,1,1007.8,13,1,1007.7,569,8,1007.6,590,12,1008.1,80,1,1008.2,512,4,1008.3,688,5,1008.4,548,6,1008.5,5611,13
317,2025-11-26 12:05:29+05:30,1008.0,1,998.58,5700380,437684.0,367850.0,986.2,1008.7,981.3,986.2,120516000,1084.8,887.6,1102.5,649.1,1008.0,1,1,1007.9,10,1,1007.8,13,1,1007.7,569,8,1007.6,590,12,1008.1,80,1,1008.2,512,4,1008.3,688,5,1008.4,548,6,1008.5,5611,13
317,2025-11-26 12:05:29+05:30,1008.1,115,998.58,5700576,437974.0,367655.0,986.2,1008.7,981.3,986.2,120516000,1084.8,887.6,1102.5,649.1,1008.0,31,2,1007.9,10,1,1007.8,389,4,1007.7,760,9,1007.6,590,12,1008.1,99,2,1008.2,328,3,1008.3,688,5,1008.4,526,5,1008.5,5603,12
317,2025-11-26 12:05:30+05:30,1008.0,28,998.58,5700576,437974.0,367655.0,986.2,1008.7,981.3,986.2,120516000,1084.8,887.6,1102.5,649.1,1008.0,31,2,1007.9,10,1,1007.8,389,4,1007.7,760,9,1007.6,590,12,1008.1,99,2,1008.2,328,3,1008.3,688,5,1008.4,526,5,1008.5,5603,12
317,2025-11-26 12:05:30+05:30,1008.0,1,998.58,5700782,436161.0,368988.0,986.2,1008.7,981.3,986.2,120516000,1084.8,887.6,1102.5,649.1,1007.9,38,2,1007.8,49,2,1007.7,160,4,1007.6,418,6,1007.5,2678,8,1008.0,280,4,1008.1,619,7,1008.2,957,9,1008.3,716,10,1008.4,461,6
317,2025-11-26 12:05:31+05:30,1008.0,27,998.58,5700782,436161.0,368988.0,986.2,1008.7,981.3,986.2,120516000,1084.8,887.6,1102.5,649.1,1007.9,38,2,1007.8,49,2,1007.7,160,4,1007.6,418,6,1007.5,2678,8,1008.0,280,4,1008.1,619,7,1008.2,957,9,1008.3,716,10,1008.4,461,6
317,2025-11-26 12:05:32+05:30,1008.0,27,998.58,5700832,436001.0,370100.0,986.2,1008.7,981.3,986.2,120516000,1084.8,887.6,1102.5,649.1,1007.9,38,2,1007.8,49,2,1007.7,160,4,1007.6,241,4,1007.5,2747,10,1008.0,599,6,1008.1,275,5,1008.2,980,11,1008.3,742,11,1008.4,461,6
317,2025-11-26 12:05:32+05:30,1008.0,5,998.58,5700921,435780.0,370006.0,986.2,1008.7,981.3,986.2,120516000,1084.8,887.6,1102.5,649.1,1007.9,37,2,1007.8,49,2,1007.7,160,4,1007.6,241,4,1007.5,2747,10,1008.0,243,5,1008.1,619,7,1008.2,699,11,1008.3,742,11,1008.4,671,8
317,2025-11-26 12:05:33+05:30,1008.0,1,998.58,5700921,435780.0,370006.0,986.2,1008.7,981.3,986.2,120516000,1084.8,887.6,1102.5,649.1,1007.9,37,2,1007.8,49,2,1007.7,160,4,1007.6,241,4,1007.5,2747,10,1008.0,243,5,1008.1,619,7,1008.2,699,11,1008.3,742,11,1008.4,671,8
317,2025-11-26 12:05:33+05:30,1007.8,36,998.58,5701021,435471.0,370867.0,986.2,1008.7,981.3,986.2,120516000,1084.8,887.6,1102.5,649.1,1007.8,49,2,1007.7,68,2,1007.6,120,2,1007.5,2608,7,1007.4,815,7,1007.9,371,4,1008.0,383,6,1008.1,613,9,1008.2,709,11,1008.3,874,15
317,2025-11-26 12:05:34+05:30,1007.8,36,998.58,5701021,435471.0,370867.0,986.2,1008.7,981.3,986.2,120516000,1084.8,887.6,1102.5,649.1,1007.8,49,2,1007.7,68,2,1007.6,120,2,1007.5,2608,7,1007.4,815,7,1007.9,371,4,1008.0,383,6,1008.1,613,9,1008.2,709,11,1008.3,874,15
317,2025-11-26 12:05:34+05:30,1007.8,13,998.58,5701195,435542.0,371118.0,986.2,1008.7,981.3,986.2,120516000,1084.8,887.6,1102.5,649.1,1007.8,13,1,1007.7,68,2,1007.6,120,2,1007.5,2436,6,1007.4,815,7,1007.9,551,6,1008.0,534,8,1008.1,312,8,1008.2,709,11,1008.3,563,14
317,2025-11-26 12:05:35+05:30,1007.9,30,998.58,5701195,435542.0,371118.0,986.2,1008.7,981.3,986.2,120516000,1084.8,887.6,1102.5,649.1,1007.8,13,1,1007.7,68,2,1007.6,120,2,1007.5,2436,6,1007.4,815,7,1007.9,551,6,1008.0,534,8,1008.1,312,8,1008.2,709,11,1008.3,563,14
317,2025-11-26 12:05:35+05:30,1007.9,2,998.58,5701701,434663.0,371105.0,986.2,1008.7,981.3,986.2,120516000,1084.8,887.6,1102.5,649.1,1007.7,17,1,1007.6,7,1,1007.5,2505,6,1007.4,609,5,1007.3,1085,12,1007.9,502,5,1008.0,916,10,1008.1,313,7,1008.2,673,9,1008.3,545,12
317,2025-11-26 12:05:36+05:30,1007.9,2,998.58,5701701,434663.0,371105.0,986.2,1008.7,981.3,986.2,120516000,1084.8,887.6,1102.5,649.1,1007.7,17,1,1007.6,7,1,1007.5,2505,6,1007.4,609,5,1007.3,1085,12,1007.9,502,5,1008.0,916,10,1008.1,313,7,1008.2,673,9,1008.3,545,12
317,2025-11-26 12:05:36+05:30,1007.9,100,998.58,5701801,434702.0,371100.0,986.2,1008.7,981.3,986.2,120516000,1084.8,887.6,1102.5,649.1,1007.7,17,1,1007.6,7,1,1007.5,2505,6,1007.4,609,5,1007.3,1085,12,1007.9,230,4,1008.0,1088,11,1008.1,283,6,1008.2,698,10,1008.3,545,12
317,2025-11-26 12:05:37+05:30,1007.9,100,998.58,5701801,434702.0,371100.0,986.2,1008.7,981.3,986.2,120516000,1084.8,887.6,1102.5,649.1,1007.7,17,1,1007.6,7,1,1007.5,2505,6,1007.4,609,5,1007.3,1085,12,1007.9,230,4,1008.0,1088,11,1008.1,283,6,1008.2,698,10,1008.3,545,12
317,2025-11-26 12:05:37+05:30,1007.9,100,998.58,5701801,434768.0,371321.0,986.2,1008.7,981.3,986.2,120516000,1084.8,887.6,1102.5,649.1,1007.7,17,1,1007.6,7,1,1007.5,2505,6,1007.4,609,5,1007.3,1085,12,1007.9,402,5,1008.0,1086,11,1008.1,283,6,1008.2,698,10,1008.3,545,12
317,2025-11-26 12:05:38+05:30,1007.9,100,998.58,5701801,434697.0,371047.0,986.2,1008.7,981.3,986.2,120516000,1084.8,887.6,1102.5,649.1,1007.7,17,1,1007.6,7,1,1007.5,2505,6,1007.4,609,5,1007.3,1085,12,1007.9,127,3,1008.0,1086,11,1008.1,283,6,1008.2,699,11,1008.3,545,12
317,2025-11-26 12:05:39+05:30,1007.7,2,998.58,5701803,434790.0,371147.0,986.2,1008.7,981.3,986.2,120516000,1084.8,887.6,1102.5,649.1,1007.7,15,1,1007.6,7,1,1007.5,2453,5,1007.4,609,5,1007.3,1085,12,1007.9,128,4,1008.0,1086,11,1008.1,332,7,1008.2,699,11,1008.3,545,12
317,2025-11-26 12:05:40+05:30,1008.0,2,998.58,5701803,434790.0,371147.0,986.2,1008.7,981.3,986.2,120516000,1084.8,887.6,1102.5,649.1,1007.7,15,1,1007.6,7,1,1007.5,2453,5,1007.4,609,5,1007.3,1085,12,1007.9,128,4,1008.0,1086,11,1008.1,332,7,1008.2,699,11,1008.3,545,12
317,2025-11-26 12:05:40+05:30,1008.0,2,998.58,5702678,434989.0,370999.0,986.2,1008.7,981.3,986.2,120516000,1084.8,887.6,1102.5,649.1,1007.7,14,1,1007.6,7,1,1007.5,2388,4,1007.4,642,8,1007.3,1099,11,1008.0,612,7,1008.1,482,7,1008.2,699,11,1008.3,552,13,1008.4,554,8
317,2025-11-26 12:05:41+05:30,1008.0,2,998.58,5702678,434989.0,370999.0,986.2,1008.7,981.3,986.2,120516000,1084.8,887.6,1102.5,649.1,1007.7,14,1,1007.6,7,1,1007.5,2388,4,1007.4,642,8,1007.3,1099,11,1008.0,612,7,1008.1,482,7,1008.2,699,11,1008.3,552,13,1008.4,554,8
317,2025-11-26 12:05:41+05:30,1007.6,79,998.58,5702890,434974.0,371033.0,986.2,1008.7,981.3,986.2,120516000,1084.8,887.6,1102.5,649.1,1007.5,2705,6,1007.4,926,10,1007.3,1101,12,1007.2,1385,21,1007.1,1550,13,1008.0,816,5,1008.1,640,8,1008.2,706,12,1008.3,545,12,1008.4,525,7
317,2025-11-26 12:05:42+05:30,1007.6,79,998.58,5702890,434974.0,371033.0,986.2,1008.7,981.3,986.2,120516000,1084.8,887.6,1102.5,649.1,1007.5,2705,6,1007.4,926,10,1007.3,1101,12,1007.2,1385,21,1007.1,1550,13,1008.0,816,5,1008.1,640,8,1008.2,706,12,1008.3,545,12,1008.4,525,7
317,2025-11-26 12:05:43+05:30,1008.0,5,998.58,5702899,435170.0,371358.0,986.2,1008.7,981.3,986.2,120516000,1084.8,887.6,1102.5,649.1,1007.5,2729,7,1007.4,1091,12,1007.3,1101,12,1007.2,1378,20,1007.1,1550,13,1008.0,808,6,1008.1,482,7,1008.2,864,13,1008.3,828,13,1008.4,525,7
317,2025-11-26 12:05:43+05:30,1008.0,5,998.58,5702899,435170.0,371358.0,986.2,1008.7,981.3,986.2,120516000,1084.8,887.6,1102.5,649.1,1007.5,2729,7,1007.4,1091,12,1007.3,1101,12,1007.2,1378,20,1007.1,1550,13,1008.0,808,6,1008.1,482,7,1008.2,864,13,1008.3,828,13,1008.4,525,7
317,2025-11-26 12:05:44+05:30,1008.0,5,998.58,5702904,434902.0,371353.0,986.2,1008.7,981.3,986.2,120516000,1084.8,887.6,1102.5,649.1,1007.5,2705,6,1007.4,1084,11,1007.3,803,11,1007.2,1683,22,1007.1,1583,14,1008.0,803,6,1008.1,489,8,1008.2,857,12,1008.3,828,13,1008.4,525,7
317,2025-11-26 12:05:44+05:30,1008.0,3,998.58,5702904,434902.0,371353.0,986.2,1008.7,981.3,986.2,120516000,1084.8,887.6,1102.5,649.1,1007.5,2705,6,1007.4,1084,11,1007.3,803,11,1007.2,1683,22,1007.1,1583,14,1008.0,803,6,1008.1,489,8,1008.2,857,12,1008.3,828,13,1008.4,525,7
317,2025-11-26 12:05:45+05:30,1008.0,3,998.58,5702907,436362.0,372107.0,986.2,1008.7,981.3,986.2,120516000,1084.8,887.6,1102.5,649.1,1007.9,5,1,1007.6,106,1,1007.5,2804,11,1007.4,677,6,1007.3,1003,10,1008.0,1040,10,1008.1,591,7,1008.2,682,10,1008.3,743,12,1008.4,572,10
317,2025-11-26 12:05:45+05:30,1008.0,2,998.58,5702907,436362.0,372107.0,986.2,1008.7,981.3,986.2,120516000,1084.8,887.6,1102.5,649.1,1007.9,5,1,1007.6,106,1,1007.5,2804,11,1007.4,677,6,1007.3,1003,10,1008.0,1040,10,1008.1,591,7,1008.2,682,10,1008.3,743,12,1008.4,572,10
317,2025-11-26 12:05:46+05:30,1008.0,1,998.58,5702910,437522.0,372134.0,986.2,1008.7,981.3,986.2,120516000,1084.8,887.6,1102.5,649.1,1007.9,5,1,1007.6,308,2,1007.5,2804,11,1007.4,677,6,1007.3,1043,11,1008.0,1037,10,1008.1,591,7,1008.2,682,10,1008.3,773,13,1008.4,572,10
317,2025-11-26 12:05:46+05:30,1008.0,1,998.58,5702910,437522.0,372134.0,986.2,1008.7,981.3,986.2,120516000,1084.8,887.6,1102.5,649.1,1007.9,5,1,1007.6,308,2,1007.5,2804,11,1007.4,677,6,1007.3,1043,11,1008.0,1037,10,1008.1,591,7,1008.2,682,10,1008.3,773,13,1008.4,572,10
317,2025-11-26 12:05:47+05:30,1007.6,5,998.58,5702920,436155.0,371285.0,986.2,1008.7,981.3,986.2,120516000,1084.8,887.6,1102.5,649.1,1007.6,101,1,1007.5,2774,10,1007.4,646,5,1007.3,1038,11,1007.2,2361,25,1008.0,1009,10,1008.1,433,6,1008.2,682,10,1008.3,855,13,1008.4,572,10
317,2025-11-26 12:05:47+05:30,1007.6,5,998.58,5702920,436155.0,371285.0,986.2,1008.7,981.3,986.2,120516000,1084.8,887.6,1102.5,649.1,1007.6,101,1,1007.5,2774,10,1007.4,646,5,1007.3,1038,11,1007.2,2361,25,1008.0,1009,10,1008.1,433,6,1008.2,682,10,1008.3,855,13,1008.4,572,10
317,2025-11-26 12:05:48+05:30,1008.0,58,998.58,5703227,436536.0,370893.0,986.2,1008.7,981.3,986.2,120516000,1084.8,887.6,1102.5,649.1,1007.6,132,2,1007.5,2773,9,1007.4,995,10,1007.3,1070,14,1007.2,1188,17,1007.9,274,1,1008.0,474,5,1008.1,242,4,1008.2,839,11,1008.3,565,11
317,2025-11-26 12:05:48+05:30,1008.0,58,998.58,5703227,436536.0,370893.0,986.2,1008.7,981.3,986.2,120516000,1084.8,887.6,1102.5,649.1,1007.6,132,2,1007.5,2773,9,1007.4,995,10,1007.3,1070,14,1007.2,1188,17,1007.9,274,1,1008.0,474,5,1008.1,242,4,1008.2,839,11,1008.3,565,11
317,2025-11-26 12:05:48+05:30,1008.0,58,998.58,5703227,436557.0,370950.0,986.2,1008.7,981.3,986.2,120516000,1084.8,887.6,1102.5,649.1,1007.6,182,3,1007.5,2931,10,1007.4,867,10,1007.3,1100,15,1007.2,1188,17,1007.9,274,1,1008.0,514,6,1008.1,272,5,1008.2,839,11,1008.3,522,8
317,2025-11-26 12:05:50+05:30,1007.6,20,998.58,5703247,436558.0,371024.0,986.2,1008.7,981.3,986.2,120516000,1084.8,887.6,1102.5,649.1,1007.6,162,3,1007.5,2773,9,1007.4,1025,11,1007.3,1100,15,1007.2,1188,17,1007.9,274,1,1008.0,544,7,1008.1,272,5,1008.2,860,12,1008.3,522,8
317,2025-11-26 12:05:50+05:30,1007.7,1,998.58,5703247,436558.0,371024.0,986.2,1008.7,981.3,986.2,120516000,1084.8,887.6,1102.5,649.1,1007.6,162,3,1007.5,2773,9,1007.4,1025,11,1007.3,1100,15,1007.2,1188,17,1007.9,274,1,1008.0,544,7,1008.1,272,5,1008.2,860,12,1008.3,522,8
317,2025-11-26 12:05:51+05:30,1007.7,1,998.58,5703249,437594.0,373093.0,986.2,1008.7,981.3,986.2,120516000,1084.8,887.6,1102.5,649.1,1007.6,93,3,1007.5,2321,5,1007.4,980,10,1007.3,972,15,1007.2,1648,18,1007.7,27,1,1007.8,50,1,1007.9,304,2,1008.0,544,7,1008.1,616,7
317,2025-11-26 12:05:51+05:30,1007.7,1,998.58,5703249,437594.0,373093.0,986.2,1008.7,981.3,986.2,120516000,1084.8,887.6,1102.5,649.1,1007.6,93,3,1007.5,2321,5,1007.4,980,10,1007.3,972,15,1007.2,1648,18,1007.7,27,1,1007.8,50,1,1007.9,304,2,1008.0,544,7,1008.1,616,7
317,2025-11-26 12:05:52+05:30,1007.7,1,998.58,5703249,439291.0,372541.0,986.2,1008.7,981.3,986.2,120516000,1084.8,887.6,1102.5,649.1,1007.6,93,3,1007.5,2347,7,1007.4,954,8,1007.3,1296,17,1007.2,1983,18,1007.7,27,1,1007.8,50,1,1007.9,304,2,1008.0,544,7,1008.1,245,5
317,2025-11-26 12:05:52+05:30,1007.7,5,998.58,5703258,439301.0,372506.0,986.2,1008.7,981.3,986.2,120516000,1084.8,887.6,1102.5,649.1,1007.6,93,3,1007.5,2347,7,1007.4,811,7,1007.3,1439,18,1007.2,1983,18,1007.7,19,2,1007.8,50,1,1007.9,304,2,1008.0,543,6,1008.1,245,5
317,2025-11-26 12:05:53+05:30,1007.7,5,998.58,5703258,439301.0,372506.0,986.2,1008.7,981.3,986.2,120516000,1084.8,887.6,1102.5,649.1,1007.6,93,3,1007.5,2347,7,1007.4,811,7,1007.3,1439,18,1007.2,1983,18,1007.7,19,2,1007.8,50,1,1007.9,304,2,1008.0,543,6,1008.1,245,5
317,2025-11-26 12:05:53+05:30,1007.7,81,998.58,5703358,439336.0,372509.0,986.2,1008.7,981.3,986.2,120516000,1084.8,887.6,1102.5,649.1,1007.6,93,3,1007.5,2347,7,1007.4,796,7,1007.3,1439,18,1007.2,1983,18,1007.7,29,1,1007.8,50,1,1007.9,304,2,1008.0,563,7,1008.1,566,6
317,2025-11-26 12:05:54+05:30,1007.7,81,998.58,5703358,439336.0,372509.0,986.2,1008.7,981.3,986.2,120516000,1084.8,887.6,1102.5,649.1,1007.6,93,3,1007.5,2347,7,1007.4,796,7,1007.3,1439,18,1007.2,1983,18,1007.7,29,1,1007.8,50,1,1007.9,304,2,1008.0,563,7,1008.1,566,6
317,2025-11-26 12:05:54+05:30,1007.7,63,998.58,5703533,437494.0,372252.0,986.2,1008.7,981.3,986.2,120516000,1084.8,887.6,1102.5,649.1,1007.7,70,1,1007.6,155,4,1007.5,2704,11,1007.4,966,10,1007.3,1301,17,1007.8,50,1,1007.9,274,1,1008.0,493,5,1008.1,517,5,1008.2,645,11
317,2025-11-26 12:05:55+05:30,1007.8,13,998.58,5703533,437494.0,372252.0,986.2,1008.7,981.3,986.2,120516000,1084.8,887.6,1102.5,649.1,1007.7,70,1,1007.6,155,4,1007.5,2704,11,1007.4,966,10,1007.3,1301,17,1007.8,50,1,1007.9,274,1,1008.0,493,5,1008.1,517,5,1008.2,645,11
317,2025-11-26 12:05:55+05:30,1007.8,2,998.58,5703566,437521.0,371212.0,986.2,1008.7,981.3,986.2,120516000,1084.8,887.6,1102.5,649.1,1007.7,83,2,1007.6,142,3,1007.5,2821,13,1007.4,966,10,1007.3,1301,17,1007.8,17,1,1007.9,279,2,1008.0,493,5,1008.1,238,4,1008.2,645,11
317,2025-11-26 12:05:56+05:30,1007.7,1,998.58,5703566,437521.0,371212.0,986.2,1008.7,981.3,986.2,120516000,1084.8,887.6,1102.5,649.1,1007.7,83,2,1007.6,142,3,1007.5,2821,13,1007.4,966,10,1007.3,1301,17,1007.8,17,1,1007.9,279,2,1008.0,493,5,1008.1,238,4,1008.2,645,11
317,2025-11-26 12:05:56+05:30,1007.8,104,998.58,5703689,437410.0,371302.0,986.2,1008.7,981.3,986.2,120516000,1084.8,887.6,1102.5,649.1,1007.7,112,3,1007.6,112,2,1007.5,2821,13,1007.4,966,10,1007.3,1301,17,1007.8,45,1,1007.9,279,2,1008.0,493,5,1008.1,525,5,1008.2,488,11
317,2025-11-26 12:05:57+05:30,1008.0,119,998.58,5703689,437410.0,371302.0,986.2,1008.7,981.3,986.2,120516000,1084.8,887.6,1102.5,649.1,1007.7,112,3,1007.6,112,2,1007.5,2821,13,1007.4,966,10,1007.3,1301,17,1007.8,45,1,1007.9,279,2,1008.0,493,5,1008.1,525,5,1008.2,488,11
317,2025-11-26 12:05:57+05:30,1008.0,119,998.58,5704808,436737.0,368801.0,986.2,1008.7,981.3,986.2,120516000,1084.8,887.6,1102.5,649.1,1007.7,112,3,1007.6,429,5,1007.5,2714,12,1007.4,1148,11,1007.3,1308,18,1008.1,401,5,1008.2,572,10,1008.3,357,5,1008.4,623,8,1008.5,6245,19
317,2025-11-26 12:05:58+05:30,1008.0,119,998.58,5704808,436320.0,369582.0,986.2,1008.7,981.3,986.2,120516000,1084.8,887.6,1102.5,649.1,1007.7,82,2,1007.6,374,5,1007.5,2724,9,1007.4,887,14,1007.3,1254,14,1008.1,299,4,1008.2,875,10,1008.3,477,7,1008.4,832,10,1008.5,6232,18
317,2025-11-26 12:05:59+05:30,1008.0,119,998.58,5704808,436248.0,369407.0,986.2,1008.7,981.3,986.2,120516000,1084.8,887.6,1102.5,649.1,1008.0,1,1,1007.8,6,1,1007.7,188,3,1007.6,374,5,1007.5,2581,8,1008.1,832,7,1008.2,728,9,1008.3,357,5,1008.4,827,10,1008.5,6212,17
317,2025-11-26 12:06:00+05:30,1008.0,1,998.58,5704808,436248.0,369407.0,986.2,1008.7,981.3,986.2,120516000,1084.8,887.6,1102.5,649.1,1008.0,1,1,1007.8,6,1,1007.7,188,3,1007.6,374,5,1007.5,2581,8,1008.1,832,7,1008.2,728,9,1008.3,357,5,1008.4,827,10,1008.5,6212,17
317,2025-11-26 12:06:00+05:30,1007.7,2,998.58,5704820,436131.0,369636.0,986.2,1008.7,981.3,986.2,120516000,1084.8,887.6,1102.5,649.1,1007.7,67,1,1007.6,404,6,1007.5,2611,9,1007.4,917,15,1007.3,1223,13,1008.0,29,2,1008.1,435,3,1008.2,830,9,1008.3,470,6,1008.4,625,9
317,2025-11-26 12:06:01+05:30,1008.0,1,998.58,5704820,436131.0,369636.0,986.2,1008.7,981.3,986.2,120516000,1084.8,887.6,1102.5,649.1,1007.7,67,1,1007.6,404,6,1007.5,2611,9,1007.4,917,15,1007.3,1223,13,1008.0,29,2,1008.1,435,3,1008.2,830,9,1008.3,470,6,1008.4,625,9
317,2025-11-26 12:06:01+05:30,1008.0,1,998.58,5704821,436374.0,369571.0,986.2,1008.7,981.3,986.2,120516000,1084.8,887.6,1102.5,649.1,1007.7,79,2,1007.6,536,7,1007.5,2743,10,1007.4,917,15,1007.3,1223,13,1008.0,28,2,1008.1,435,3,1008.2,555,7,1008.3,734,8,1008.4,625,9
317,2025-11-26 12:06:02+05:30,1007.9,4,998.59,5705091,435854.0,370197.0,986.2,1008.7,981.3,986.2,120516000,1084.8,887.6,1102.5,649.1,1007.7,79,2,1007.6,259,3,1007.5,2581,8,1007.4,909,14,1007.3,1360,14,1007.9,12,1,1008.0,189,4,1008.1,568,5,1008.2,555,7,1008.3,469,6
317,2025-11-26 12:06:03+05:30,1007.7,1,998.59,5705091,435854.0,370197.0,986.2,1008.7,981.3,986.2,120516000,1084.8,887.6,1102.5,649.1,1007.7,79,2,1007.6,259,3,1007.5,2581,8,1007.4,909,14,1007.3,1360,14,1007.9,12,1,1008.0,189,4,1008.1,568,5,1008.2,555,7,1008.3,469,6
317,2025-11-26 12:06:03+05:30,1007.7,1,998.59,5705092,435855.0,370428.0,986.2,1008.7,981.3,986.2,120516000,1084.8,887.6,1102.5,649.1,1007.7,78,2,1007.6,259,3,1007.5,2581,8,1007.4,909,14,1007.3,1360,14,1008.0,350,6,1008.1,680,8,1008.2,584,8,1008.3,469,6,1008.4,627,8
317,2025-11-26 12:06:04+05:30,1007.7,22,998.59,5705092,435855.0,370428.0,986.2,1008.7,981.3,986.2,120516000,1084.8,887.6,1102.5,649.1,1007.7,78,2,1007.6,259,3,1007.5,2581,8,1007.4,909,14,1007.3,1360,14,1008.0,350,6,1008.1,680,8,1008.2,584,8,1008.3,469,6,1008.4,627,8
317,2025-11-26 12:06:04+05:30,1007.7,22,998.59,5705192,435947.0,370527.0,986.2,1008.7,981.3,986.2,120516000,1084.8,887.6,1102.5,649.1,1007.8,91,1,1007.7,48,1,1007.6,315,3,1007.5,2588,9,1007.4,882,13,1008.0,194,5,1008.1,645,6,1008.2,584,8,1008.3,675,8,1008.4,829,9
317,2025-11-26 12:06:05+05:30,1008.0,787,998.59,5705192,435947.0,370527.0,986.2,1008.7,981.3,986.2,120516000,1084.8,887.6,1102.5,649.1,1007.8,91,1,1007.7,48,1,1007.6,315,3,1007.5,2588,9,1007.4,882,13,1008.0,194,5,1008.1,645,6,1008.2,584,8,1008.3,675,8,1008.4,829,9
317,2025-11-26 12:06:05+05:30,1008.0,787,998.59,5706355,436153.0,369136.0,986.2,1008.7,981.3,986.2,120516000,1084.8,887.6,1102.5,649.1,1007.8,67,2,1007.7,48,1,1007.6,426,4,1007.5,2617,10,1007.4,1209,15,1008.0,132,1,1008.1,615,6,1008.2,755,11,1008.3,366,7,1008.4,919,11
317,2025-11-26 12:06:06+05:30,1008.1,141,998.59,5706355,436153.0,369136.0,986.2,1008.7,981.3,986.2,120516000,1084.8,887.6,1102.5,649.1,1007.8,67,2,1007.7,48,1,1007.6,426,4,1007.5,2617,10,1007.4,1209,15,1008.0,132,1,1008.1,615,6,1008.2,755,11,1008.3,366,7,1008.4,919,11
317,2025-11-26 12:06:06+05:30,1008.1,141,998.59,5707417,436948.0,367680.0,986.2,1008.7,981.3,986.2,120516000,1084.8,887.6,1102.5,649.1,1008.0,1,1,1007.9,143,3,1007.8,20,2,1007.7,363,4,1007.6,634,9,1008.1,213,3,1008.2,375,6,1008.3,219,4,1008.4,568,7,1008.5,6289,14
317,2025-11-26 12:06:07+05:30,1008.1,15,998.59,5707417,436948.0,367680.0,986.2,1008.7,981.3,986.2,120516000,1084.8,887.6,1102.5,649.1,1008.0,1,1,1007.9,143,3,1007.8,20,2,1007.7,363,4,1007.6,634,9,1008.1,213,3,1008.2,375,6,1008.3,219,4,1008.4,568,7,1008.5,6289,14
317,2025-11-26 12:06:07+05:30,1008.1,10,998.59,5707584,437271.0,367159.0,986.2,1008.7,981.3,986.2,120516000,1084.8,887.6,1102.5,649.1,1008.0,43,2,1007.9,100,1,1007.8,210,4,1007.7,979,9,1007.6,676,10,1008.1,68,5,1008.2,345,6,1008.3,45,2,1008.4,432,6,1008.5,5988,11
317,2025-11-26 12:06:08+05:30,1008.1,2,998.59,5707584,437271.0,367159.0,986.2,1008.7,981.3,986.2,120516000,1084.8,887.6,1102.5,649.1,1008.0,43,2,1007.9,100,1,1007.8,210,4,1007.7,979,9,1007.6,676,10,1008.1,68,5,1008.2,345,6,1008.3,45,2,1008.4,432,6,1008.5,5988,11
317,2025-11-26 12:06:08+05:30,1007.7,2,998.59,5708086,436720.0,367594.0,986.2,1008.7,981.3,986.2,120516000,1084.8,887.6,1102.5,649.1,1007.7,1147,10,1007.6,920,13,1007.5,2678,12,1007.4,1155,14,1007.3,739,10,1008.1,66,5,1008.2,345,6,1008.3,55,2,1008.4,708,6,1008.5,5876,11
317,2025-11-26 12:06:09+05:30,1007.8,7,998.59,5708086,436720.0,367594.0,986.2,1008.7,981.3,986.2,120516000,1084.8,887.6,1102.5,649.1,1007.7,1147,10,1007.6,920,13,1007.5,2678,12,1007.4,1155,14,1007.3,739,10,1008.1,66,5,1008.2,345,6,1008.3,55,2,1008.4,708,6,1008.5,5876,11
317,2025-11-26 12:06:09+05:30,1007.8,7,998.59,5708143,437055.0,367344.0,986.2,1008.7,981.3,986.2,120516000,1084.8,887.6,1102.5,649.1,1007.9,50,1,1007.8,102,1,1007.7,1006,10,1007.6,1090,14,1007.5,2739,14,1008.0,100,1,1008.1,72,5,1008.2,344,5,1008.3,13,1,1008.4,708,6
317,2025-11-26 12:06:10+05:30,1007.9,1,998.59,5708143,437055.0,367344.0,986.2,1008.7,981.3,986.2,120516000,1084.8,887.6,1102.5,649.1,1007.9,50,1,1007.8,102,1,1007.7,1006,10,1007.6,1090,14,1007.5,2739,14,1008.0,100,1,1008.1,72,5,1008.2,344,5,1008.3,13,1,1008.4,708,6
317,2025-11-26 12:06:10+05:30,1007.9,1,998.59,5708347,437862.0,368435.0,986.2,1008.7,981.3,986.2,120516000,1084.8,887.6,1102.5,649.1,1007.8,238,2,1007.7,487,6,1007.6,1073,13,1007.5,2739,14,1007.4,1155,14,1007.9,67,1,1008.0,100,1,1008.1,72,5,1008.2,344,5,1008.3,193,4
317,2025-11-26 12:06:11+05:30,1007.9,3,998.59,5708347,437862.0,368435.0,986.2,1008.7,981.3,986.2,120516000,1084.8,887.6,1102.5,649.1,1007.8,238,2,1007.7,487,6,1007.6,1073,13,1007.5,2739,14,1007.4,1155,14,1007.9,67,1,1008.0,100,1,1008.1,72,5,1008.2,344,5,1008.3,193,4
317,2025-11-26 12:06:11+05:30,1007.9,3,998.59,5708350,437965.0,368430.0,986.2,1008.7,981.3,986.2,120516000,1084.8,887.6,1102.5,649.1,1007.8,238,2,1007.7,565,7,1007.6,1042,12,1007.5,2739,14,1007.4,1155,14,1007.9,64,1,1008.0,159,2,1008.1,17,4,1008.2,371,6,1008.3,193,4
317,2025-11-26 12:06:12+05:30,1007.9,3,998.59,5708350,437928.0,368438.0,986.2,1008.7,981.3,986.2,120516000,1084.8,887.6,1102.5,649.1,1007.8,238,2,1007.7,565,7,1007.6,1042,12,1007.5,2763,15,1007.4,1155,14,1007.9,64,1,1008.0,159,2,1008.1,17,4,1008.2,371,6,1008.3,193,4
317,2025-11-26 12:06:13+05:30,1007.9,6,998.59,5708350,437928.0,368438.0,986.2,1008.7,981.3,986.2,120516000,1084.8,887.6,1102.5,649.1,1007.8,238,2,1007.7,565,7,1007.6,1042,12,1007.5,2763,15,1007.4,1155,14,1007.9,64,1,1008.0,159,2,1008.1,17,4,1008.2,371,6,1008.3,193,4
317,2025-11-26 12:06:13+05:30,1007.9,6,998.59,5708360,437998.0,368401.0,986.2,1008.7,981.3,986.2,120516000,1084.8,887.6,1102.5,649.1,1007.8,238,2,1007.7,471,7,1007.6,1209,14,1007.5,2762,15,1007.4,1155,14,1007.9,54,1,1008.0,159,2,1008.1,17,4,1008.2,344,5,1008.3,193,4
317,2025-11-26 12:06:14+05:30,1007.9,2,998.59,5708360,437998.0,368401.0,986.2,1008.7,981.3,986.2,120516000,1084.8,887.6,1102.5,649.1,1007.8,238,2,1007.7,471,7,1007.6,1209,14,1007.5,2762,15,1007.4,1155,14,1007.9,54,1,1008.0,159,2,1008.1,17,4,1008.2,344,5,1008.3,193,4
317,2025-11-26 12:06:14+05:30,1008.0,33,998.59,5709163,436855.0,366406.0,986.2,1008.7,981.3,986.2,120516000,1084.8,887.6,1102.5,649.1,1007.9,197,3,1007.8,412,6,1007.7,652,11,1007.6,1607,16,1007.5,3115,14,1008.1,17,4,1008.2,394,6,1008.4,196,2,1008.5,5876,11,1008.6,570,10
317,2025-11-26 12:06:15+05:30,1008.2,15,998.59,5709163,436855.0,366406.0,986.2,1008.7,981.3,986.2,120516000,1084.8,887.6,1102.5,649.1,1007.9,197,3,1007.8,412,6,1007.7,652,11,1007.6,1607,16,1007.5,3115,14,1008.1,17,4,1008.2,394,6,1008.4,196,2,1008.5,5876,11,1008.6,570,10
317,2025-11-26 12:06:15+05:30,1008.4,18,998.6,5715660,436054.0,357895.0,986.2,1008.7,981.3,986.2,120516000,1084.8,887.6,1102.5,649.1,1008.4,3,1,1008.2,213,3,1008.1,737,8,1008.0,566,9,1007.9,770,9,1008.5,30,1,1008.6,26,2,1008.7,74,5,1008.8,1930,10,1008.9,2890,15
317,2025-11-26 12:06:16+05:30,1008.7,1,998.6,5715660,436054.0,357895.0,986.2,1008.7,981.3,986.2,120516000,1084.8,887.6,1102.5,649.1,1008.4,3,1,1008.2,213,3,1008.1,737,8,1008.0,566,9,1007.9,770,9,1008.5,30,1,1008.6,26,2,1008.7,74,5,1008.8,1930,10,1008.9,2890,15
317,2025-11-26 12:06:16+05:30,1008.8,22,998.6,5716048,436788.0,358697.0,986.2,1008.8,981.3,986.2,120516000,1084.8,887.6,1102.5,649.1,1008.5,22,2,1008.4,181,5,1008.3,771,6,1008.2,638,6,1008.1,644,7,1008.8,1800,3,1008.9,2521,11,1009.0,11742,79,1009.1,1013,12,1009.2,1136,12
317,2025-11-26 12:06:17+05:30,1008.5,66,998.6,5716048,436788.0,358697.0,986.2,1008.8,981.3,986.2,120516000,1084.8,887.6,1102.5,649.1,1008.5,22,2,1008.4,181,5,1008.3,771,6,1008.2,638,6,1008.1,644,7,1008.8,1800,3,1008.9,2521,11,1009.0,11742,79,1009.1,1013,12,1009.2,1136,12
317,2025-11-26 12:06:17+05:30,1008.5,66,998.61,5717044,435432.0,362544.0,986.2,1008.8,981.3,986.2,120516000,1084.8,887.6,1102.5,649.1,1008.4,16,1,1008.2,5,1,1008.1,375,3,1008.0,1126,15,1007.9,755,11,1008.5,529,1,1008.6,5,1,1008.7,914,11,1008.8,2324,10,1008.9,2809,15
317,2025-11-26 12:06:18+05:30,1008.5,33,998.61,5717044,435432.0,362544.0,986.2,1008.8,981.3,986.2,120516000,1084.8,887.6,1102.5,649.1,1008.4,16,1,1008.2,5,1,1008.1,375,3,1008.0,1126,15,1007.9,755,11,1008.5,529,1,1008.6,5,1,1008.7,914,11,1008.8,2324,10,1008.9,2809,15
317,2025-11-26 12:06:18+05:30,1008.5,33,998.61,5717404,434923.0,362194.0,986.2,1008.8,981.3,986.2,120516000,1084.8,887.6,1102.5,649.1,1008.1,622,7,1008.0,1135,15,1007.9,777,11,1007.8,803,9,1007.7,1430,12,1008.5,371,2,1008.6,373,3,1008.7,430,7,1008.8,2590,13,1008.9,2977,17
317,2025-11-26 12:06:19+05:30,1008.0,29,998.61,5717404,434923.0,362194.0,986.2,1008.8,981.3,986.2,120516000,1084.8,887.6,1102.5,649.1,1008.1,622,7,1008.0,1135,15,1007.9,777,11,1007.8,803,9,1007.7,1430,12,1008.5,371,2,1008.6,373,3,1008.7,430,7,1008.8,2590,13,1008.9,2977,17
317,2025-11-26 12:06:19+05:30,1008.5,320,998.61,5719124,438216.0,363538.0,986.2,1008.8,981.3,986.2,120516000,1084.8,887.6,1102.5,649.1,1008.1,302,3,1008.0,901,10,1007.9,766,10,1007.8,828,12,1007.7,1417,12,1008.5,55,3,1008.6,499,3,1008.7,611,7,1008.8,2674,12,1008.9,3053,17
317,2025-11-26 12:06:20+05:30,1008.6,105,998.61,5719124,438216.0,363538.0,986.2,1008.8,981.3,986.2,120516000,1084.8,887.6,1102.5,649.1,1008.1,302,3,1008.0,901,10,1007.9,766,10,1007.8,828,12,1007.7,1417,12,1008.5,55,3,1008.6,499,3,1008.7,611,7,1008.8,2674,12,1008.9,3053,17
317,2025-11-26 12:06:20+05:30,1008.6,105,998.61,5722221,436222.0,359227.0,986.2,1008.8,981.3,986.2,120516000,1084.8,887.6,1102.5,649.1,1008.5,6,2,1008.4,189,3,1008.3,259,4,1008.2,339,4,1008.1,607,8,1008.6,188,2,1008.7,125,2,1008.8,1793,3,1008.9,3017,14,1009.0,12179,80
317,2025-11-26 12:06:21+05:30,1008.6,2,998.61,5722221,436222.0,359227.0,986.2,1008.8,981.3,986.2,120516000,1084.8,887.6,1102.5,649.1,1008.5,6,2,1008.4,189,3,1008.3,259,4,1008.2,339,4,1008.1,607,8,1008.6,188,2,1008.7,125,2,1008.8,1793,3,1008.9,3017,14,1009.0,12179,80
317,2025-11-26 12:06:21+05:30,1008.6,2,998.61,5722224,434171.0,359473.0,986.2,1008.8,981.3,986.2,120516000,1084.8,887.6,1102.5,649.1,1008.5,4,1,1008.4,189,3,1008.3,238,3,1008.2,510,5,1008.1,633,10,1008.6,189,4,1008.7,395,3,1008.8,1839,4,1008.9,3017,14,1009.0,12179,80
317,2025-11-26 12:06:22+05:30,1007.9,80,998.61,5722224,434171.0,359473.0,986.2,1008.8,981.3,986.2,120516000,1084.8,887.6,1102.5,649.1,1008.5,4,1,1008.4,189,3,1008.3,238,3,1008.2,510,5,1008.1,633,10,1008.6,189,4,1008.7,395,3,1008.8,1839,4,1008.9,3017,14,1009.0,12179,80
317,2025-11-26 12:06:22+05:30,1008.3,81,998.62,5725594,434861.0,362729.0,986.2,1008.8,981.3,986.2,120516000,1084.8,887.6,1102.5,649.1,1008.2,74,2,1008.1,934,5,1008.0,719,10,1007.9,917,16,1007.8,638,9,1008.6,71,4,1008.7,752,7,1008.8,2265,8,1008.9,3058,14,1009.0,12114,82
317,2025-11-26 12:06:23+05:30,1008.6,7,998.62,5725594,434861.0,362729.0,986.2,1008.8,981.3,986.2,120516000,1084.8,887.6,1102.5,649.1,1008.2,74,2,1008.1,934,5,1008.0,719,10,1007.9,917,16,1007.8,638,9,1008.6,71,4,1008.7,752,7,1008.8,2265,8,1008.9,3058,14,1009.0,12114,82
317,2025-11-26 12:06:23+05:30,1008.6,7,998.62,5725734,435249.0,363328.0,986.2,1008.8,981.3,986.2,120516000,1084.8,887.6,1102.5,649.1,1008.2,109,4,1008.1,1275,7,1008.0,825,11,1007.9,855,17,1007.8,804,10,1008.6,348,5,1008.7,474,6,1008.8,2446,10,1008.9,3234,16,1009.0,12119,83
317,2025-11-26 12:06:24+05:30,1008.4,160,998.62,5725734,435249.0,363328.0,986.2,1008.8,981.3,986.2,120516000,1084.8,887.6,1102.5,649.1,1008.2,109,4,1008.1,1275,7,1008.0,825,11,1007.9,855,17,1007.8,804,10,1008.6,348,5,1008.7,474,6,1008.8,2446,10,1008.9,3234,16,1009.0,12119,83
317,2025-11-26 12:06:24+05:30,1008.7,223,998.62,5726854,440425.0,358122.0,986.2,1008.8,981.3,986.2,120516000,1084.8,887.6,1102.5,649.1,1008.5,10,1,1008.4,184,3,1008.3,563,5,1008.2,888,11,1008.1,2068,10,1008.7,85,2,1008.8,1793,3,1008.9,2422,10,1009.0,11977,78,1009.1,782,12
317,2025-11-26 12:06:25+05:30,1008.6,1,998.62,5726854,440425.0,358122.0,986.2,1008.8,981.3,986.2,120516000,1084.8,887.6,1102.5,649.1,1008.5,10,1,1008.4,184,3,1008.3,563,5,1008.2,888,11,1008.1,2068,10,1008.7,85,2,1008.8,1793,3,1008.9,2422,10,1009.0,11977,78,1009.1,782,12
317,2025-11-26 12:06:25+05:30,1008.7,11,998.62,5726920,442378.0,360115.0,986.2,1008.8,981.3,986.2,120516000,1084.8,887.6,1102.5,649.1,1008.4,184,3,1008.3,61,1,1008.2,305,6,1008.1,837,8,1008.0,1089,16,1008.7,295,3,1008.8,2445,10,1008.9,3004,15,1009.0,12021,80,1009.1,1010,15
317,2025-11-26 12:06:26+05:30,1008.7,2,998.62,5726920,442378.0,360115.0,986.2,1008.8,981.3,986.2,120516000,1084.8,887.6,1102.5,649.1,1008.4,184,3,1008.3,61,1,1008.2,305,6,1008.1,837,8,1008.0,1089,16,1008.7,295,3,1008.8,2445,10,1008.9,3004,15,1009.0,12021,80,1009.1,1010,15
317,2025-11-26 12:06:26+05:30,1008.7,1,998.62,5727212,441134.0,361089.0,986.2,1008.8,981.3,986.2,120516000,1084.8,887.6,1102.5,649.1,1008.2,304,5,1008.1,1400,9,1008.0,833,12,1007.9,1046,16,1007.8,1410,10,1008.7,496,5,1008.8,2261,8,1008.9,3167,16,1009.0,12169,82,1009.1,1010,15
317,2025-11-26 12:06:27+05:30,1008.7,1,998.62,5727212,441134.0,361089.0,986.2,1008.8,981.3,986.2,120516000,1084.8,887.6,1102.5,649.1,1008.2,304,5,1008.1,1400,9,1008.0,833,12,1007.9,1046,16,1007.8,1410,10,1008.7,496,5,1008.8,2261,8,1008.9,3167,16,1009.0,12169,82,1009.1,1010,15
317,2025-11-26 12:06:27+05:30,1008.2,5,998.62,5727222,441628.0,362059.0,986.2,1008.8,981.3,986.2,120516000,1084.8,887.6,1102.5,649.1,1008.2,251,4,1008.1,850,7,1008.0,1381,13,1007.9,1206,18,1007.8,1410,10,1008.5,100,1,1008.7,266,4,1008.8,2483,11,1008.9,3214,17,1009.0,12368,82
317,2025-11-26 12:06:28+05:30,1008.5,93,998.62,5727222,441628.0,362059.0,986.2,1008.8,981.3,986.2,120516000,1084.8,887.6,1102.5,649.1,1008.2,251,4,1008.1,850,7,1008.0,1381,13,1007.9,1206,18,1007.8,1410,10,1008.5,100,1,1008.7,266,4,1008.8,2483,11,1008.9,3214,17,1009.0,12368,82
317,2025-11-26 12:06:29+05:30,1008.6,110,998.62,5727222,441628.0,362059.0,986.2,1008.8,981.3,986.2,120516000,1084.8,887.6,1102.5,649.1,1008.2,251,4,1008.1,850,7,1008.0,1381,13,1007.9,1206,18,1007.8,1410,10,1008.5,100,1,1008.7,266,4,1008.8,2483,11,1008.9,3214,17,1009.0,12368,82
317,2025-11-26 12:06:29+05:30,1008.7,107,998.62,5727895,440916.0,360791.0,986.2,1008.8,981.3,986.2,120516000,1084.8,887.6,1102.5,649.1,1008.2,142,4,1008.1,1253,8,1008.0,1714,17,1007.9,1000,11,1007.8,1735,12,1008.7,187,4,1008.8,2406,8,1008.9,2951,15,1009.0,12093,81,1009.1,1112,15
317,2025-11-26 12:06:30+05:30,1008.4,921,998.62,5727895,440916.0,360791.0,986.2,1008.8,981.3,986.2,120516000,1084.8,887.6,1102.5,649.1,1008.2,142,4,1008.1,1253,8,1008.0,1714,17,1007.9,1000,11,1007.8,1735,12,1008.7,187,4,1008.8,2406,8,1008.9,2951,15,1009.0,12093,81,1009.1,1112,15
317,2025-11-26 12:06:30+05:30,1008.4,750,998.63,5729628,442967.0,361972.0,986.2,1008.8,981.3,986.2,120516000,1084.8,887.6,1102.5,649.1,1008.2,756,8,1008.1,1278,9,1008.0,1602,18,1007.9,1095,12,1007.8,1735,12,1008.4,58,1,1008.7,58,4,1008.8,2166,5,1008.9,2783,14,1009.0,11867,79
317,2025-11-26 12:06:31+05:30,1008.4,1,998.63,5729628,442967.0,361972.0,986.2,1008.8,981.3,986.2,120516000,1084.8,887.6,1102.5,649.1,1008.2,756,8,1008.1,1278,9,1008.0,1602,18,1007.9,1095,12,1007.8,1735,12,1008.4,58,1,1008.7,58,4,1008.8,2166,5,1008.9,2783,14,1009.0,11867,79
317,2025-11-26 12:06:31+05:30,1008.6,87,998.63,5729774,445658.0,360828.0,986.2,1008.8,981.3,986.2,120516000,1084.8,887.6,1102.5,649.1,1008.4,45,1,1008.3,1553,12,1008.2,902,12,1008.1,811,8,1008.0,2061,19,1008.7,45,3,1008.8,1806,4,1008.9,3019,15,1009.0,12173,79,1009.1,1388,21
317,2025-11-26 12:06:32+05:30,1008.6,87,998.63,5729774,445658.0,360828.0,986.2,1008.8,981.3,986.2,120516000,1084.8,887.6,1102.5,649.1,1008.4,45,1,1008.3,1553,12,1008.2,902,12,1008.1,811,8,1008.0,2061,19,1008.7,45,3,1008.8,1806,4,1008.9,3019,15,1009.0,12173,79,1009.1,1388,21
317,2025-11-26 12:06:32+05:30,1008.7,5,998.63,5729784,445541.0,361164.0,986.2,1008.8,981.3,986.2,120516000,1084.8,887.6,1102.5,649.1,1008.4,89,2,1008.3,1420,13,1008.2,1144,16,1008.1,1441,8,1008.0,2061,19,1008.7,36,3,1008.8,2102,4,1008.9,3032,16,1009.0,12203,80,1009.1,1212,19
317,2025-11-26 12:06:33+05:30,1008.7,5,998.63,5729784,445541.0,361164.0,986.2,1008.8,981.3,986.2,120516000,1084.8,887.6,1102.5,649.1,1008.4,89,2,1008.3,1420,13,1008.2,1144,16,1008.1,1441,8,1008.0,2061,19,1008.7,36,3,1008.8,2102,4,1008.9,3032,16,1009.0,12203,80,1009.1,1212,19
317,2025-11-26 12:06:33+05:30,1008.7,5,998.63,5729827,445604.0,361136.0,986.2,1008.8,981.3,986.2,120516000,1084.8,887.6,1102.5,649.1,1008.4,44,1,1008.3,1460,13,1008.2,1144,16,1008.1,1474,10,1008.0,2061,19,1008.7,10,1,1008.8,2115,5,1008.9,3019,15,1009.0,12176,80,1009.1,1225,20
317,2025-11-26 12:06:34+05:30,1008.7,5,998.63,5729827,445604.0,361136.0,986.2,1008.8,981.3,986.2,120516000,1084.8,887.6,1102.5,649.1,1008.4,44,1,1008.3,1460,13,1008.2,1144,16,1008.1,1474,10,1008.0,2061,19,1008.7,10,1,1008.8,2115,5,1008.9,3019,15,1009.0,12176,80,1009.1,1225,20
317,2025-11-26 12:06:34+05:30,1008.7,5,998.63,5729827,445306.0,361035.0,986.2,1008.8,981.3,986.2,120516000,1084.8,887.6,1102.5,649.1,1008.5,157,2,1008.4,293,3,1008.3,1045,8,1008.2,1137,10,1008.1,1474,10,1008.7,10,1,1008.8,2115,5,1008.9,2909,14,1009.0,12128,79,1009.1,1187,20
317,2025-11-26 12:06:35+05:30,1008.7,1,998.63,5729827,445306.0,361035.0,986.2,1008.8,981.3,986.2,120516000,1084.8,887.6,1102.5,649.1,1008.5,157,2,1008.4,293,3,1008.3,1045,8,1008.2,1137,10,1008.1,1474,10,1008.7,10,1,1008.8,2115,5,1008.9,2909,14,1009.0,12128,79,1009.1,1187,20
317,2025-11-26 12:06:36+05:30,1008.7,1,998.63,5729830,441501.0,361062.0,986.2,1008.8,981.3,986.2,120516000,1084.8,887.6,1102.5,649.1,1008.5,250,3,1008.4,417,4,1008.3,688,9,1008.2,1169,15,1008.1,1516,11,1008.7,8,1,1008.8,2115,5,1008.9,2909,14,1009.0,12175,80,1009.1,1196,18
317,2025-11-26 12:06:36+05:30,1008.5,1,998.63,5729830,441501.0,361062.0,986.2,1008.8,981.3,986.2,120516000,1084.8,887.6,1102.5,649.1,1008.5,250,3,1008.4,417,4,1008.3,688,9,1008.2,1169,15,1008.1,1516,11,1008.7,8,1,1008.8,2115,5,1008.9,2909,14,1009.0,12175,80,1009.1,1196,18
317,2025-11-26 12:06:37+05:30,1008.7,1,998.63,5729832,440600.0,361253.0,986.2,1008.8,981.3,986.2,120516000,1084.8,887.6,1102.5,649.1,1008.5,262,4,1008.4,251,3,1008.3,659,8,1008.2,1566,13,1008.1,1542,12,1008.7,7,1,1008.8,2115,5,1008.9,3072,15,1009.0,12190,81,1009.1,1209,19
317,2025-11-26 12:06:37+05:30,1008.7,1,998.63,5729832,440600.0,361253.0,986.2,1008.8,981.3,986.2,120516000,1084.8,887.6,1102.5,649.1,1008.5,262,4,1008.4,251,3,1008.3,659,8,1008.2,1566,13,1008.1,1542,12,1008.7,7,1,1008.8,2115,5,1008.9,3072,15,1009.0,12190,81,1009.1,1209,19
317,2025-11-26 12:06:38+05:30,1008.7,1,998.63,5729834,444730.0,361277.0,986.2,1008.8,981.3,986.2,120516000,1084.8,887.6,1102.5,649.1,1008.5,262,4,1008.4,251,3,1008.3,685,9,1008.2,1552,15,1008.1,1542,12,1008.7,5,1,1008.8,2115,5,1008.9,3072,15,1009.0,12200,81,1009.1,1224,20
317,2025-11-26 12:06:38+05:30,1008.5,1,998.63,5729834,444730.0,361277.0,986.2,1008.8,981.3,986.2,120516000,1084.8,887.6,1102.5,649.1,1008.5,262,4,1008.4,251,3,1008.3,685,9,1008.2,1552,15,1008.1,1542,12,1008.7,5,1,1008.8,2115,5,1008.9,3072,15,1009.0,12200,81,1009.1,1224,20
317,2025-11-26 12:06:39+05:30,1008.5,1,998.63,5729835,444767.0,361285.0,986.2,1008.8,981.3,986.2,120516000,1084.8,887.6,1102.5,649.1,1008.5,261,4,1008.4,251,3,1008.3,659,8,1008.2,1598,16,1008.1,1542,12,1008.7,5,1,1008.8,2115,5,1008.9,8073,16,1009.0,12175,80,1009.1,1224,20
317,2025-11-26 12:06:40+05:30,1008.8,32,998.63,5731671,443558.0,359843.0,986.2,1008.8,981.3,986.2,120516000,1084.8,887.6,1102.5,649.1,1008.5,260,4,1008.4,480,6,1008.3,768,9,1008.2,1448,15,1008.1,1542,12,1008.8,290,2,1008.9,7790,14,1009.0,10962,76,1009.1,1174,19,1009.2,1432,10
317,2025-11-26 12:06:40+05:30,1008.6,5,998.63,5731671,443558.0,359843.0,986.2,1008.8,981.3,986.2,120516000,1084.8,887.6,1102.5,649.1,1008.5,260,4,1008.4,480,6,1008.3,768,9,1008.2,1448,15,1008.1,1542,12,1008.8,290,2,1008.9,7790,14,1009.0,10962,76,1009.1,1174,19,1009.2,1432,10
317,2025-11-26 12:06:41+05:30,1008.6,2,998.63,5731684,447025.0,360230.0,986.2,1008.8,981.3,986.2,120516000,1084.8,887.6,1102.5,649.1,1008.5,260,4,1008.4,417,4,1008.3,659,8,1008.2,1197,17,1008.1,1379,11,1008.6,70,1,1008.7,45,1,1008.8,291,3,1008.9,8224,16,1009.0,11057,78
317,2025-11-26 12:06:41+05:30,1008.6,2,998.63,5731684,447025.0,360230.0,986.2,1008.8,981.3,986.2,120516000,1084.8,887.6,1102.5,649.1,1008.5,260,4,1008.4,417,4,1008.3,659,8,1008.2,1197,17,1008.1,1379,11,1008.6,70,1,1008.7,45,1,1008.8,291,3,1008.9,8224,16,1009.0,11057,78
317,2025-11-26 12:06:42+05:30,1008.6,89,998.63,5731773,446704.0,360315.0,986.2,1008.8,981.3,986.2,120516000,1084.8,887.6,1102.5,649.1,1008.5,260,4,1008.4,417,4,1008.3,611,7,1008.2,1701,18,1008.1,1379,11,1008.6,83,1,1008.7,45,1,1008.8,306,4,1008.9,8107,16,1009.0,11067,79
317,2025-11-26 12:06:42+05:30,1008.6,89,998.63,5731773,446704.0,360315.0,986.2,1008.8,981.3,986.2,120516000,1084.8,887.6,1102.5,649.1,1008.5,260,4,1008.4,417,4,1008.3,611,7,1008.2,1701,18,1008.1,1379,11,1008.6,83,1,1008.7,45,1,1008.8,306,4,1008.9,8107,16,1009.0,11067,79
317,2025-11-26 12:06:43+05:30,1008.6,5,998.63,5731783,441597.0,360851.0,986.2,1008.8,981.3,986.2,120516000,1084.8,887.6,1102.5,649.1,1008.5,260,4,1008.4,49,2,1008.3,575,3,1008.2,918,13,1008.1,2129,12,1008.6,73,1,1008.7,65,2,1008.8,293,3,1008.9,8169,18,1009.0,11067,79
317,2025-11-26 12:06:43+05:30,1008.6,5,998.63,5731783,441597.0,360851.0,986.2,1008.8,981.3,986.2,120516000,1084.8,887.6,1102.5,649.1,1008.5,260,4,1008.4,49,2,1008.3,575,3,1008.2,918,13,1008.1,2129,12,1008.6,73,1,1008.7,65,2,1008.8,293,3,1008.9,8169,18,1009.0,11067,79
317,2025-11-26 12:06:44+05:30,1008.6,3,998.63,5731783,441597.0,360851.0,986.2,1008.8,981.3,986.2,120516000,1084.8,887.6,1102.5,649.1,1008.5,260,4,1008.4,49,2,1008.3,575,3,1008.2,918,13,1008.1,2129,12,1008.6,73,1,1008.7,65,2,1008.8,293,3,1008.9,8169,18,1009.0,11067,79
317,2025-11-26 12:06:44+05:30,1008.6,3,998.63,5731787,445672.0,361170.0,986.2,1008.8,981.3,986.2,120516000,1084.8,887.6,1102.5,649.1,1008.5,259,4,1008.4,49,2,1008.3,757,5,1008.2,995,16,1008.1,2129,12,1008.6,70,1,1008.7,65,2,1008.8,351,5,1008.9,8156,17,1009.0,11067,79
317,2025-11-26 12:06:45+05:30,1008.5,3,998.63,5731787,445672.0,361170.0,986.2,1008.8,981.3,986.2,120516000,1084.8,887.6,1102.5,649.1,1008.5,259,4,1008.4,49,2,1008.3,757,5,1008.2,995,16,1008.1,2129,12,1008.6,70,1,1008.7,65,2,1008.8,351,5,1008.9,8156,17,1009.0,11067,79
317,2025-11-26 12:06:45+05:30,1008.5,3,998.63,5732050,445336.0,361854.0,986.2,1008.8,981.3,986.2,120516000,1084.8,887.6,1102.5,649.1,1008.4,49,2,1008.3,90,2,1008.2,843,4,1008.1,2231,12,1008.0,1841,15,1008.5,66,1,1008.6,1,1,1008.7,272,4,1008.8,517,6,1008.9,8285,19
317,2025-11-26 12:06:46+05:30,1008.5,106,998.63,5732050,445336.0,361854.0,986.2,1008.8,981.3,986.2,120516000,1084.8,887.6,1102.5,649.1,1008.4,49,2,1008.3,90,2,1008.2,843,4,1008.1,2231,12,1008.0,1841,15,1008.5,66,1,1008.6,1,1,1008.7,272,4,1008.8,517,6,1008.9,8285,19
317,2025-11-26 12:06:46+05:30,1008.5,106,998.63,5732257,446749.0,360879.0,986.2,1008.8,981.3,986.2,120516000,1084.8,887.6,1102.5,649.1,1008.4,200,3,1008.3,413,3,1008.2,950,7,1008.1,2160,13,1008.0,2723,23,1008.5,83,1,1008.6,1,1,1008.7,71,4,1008.8,447,6,1008.9,8083,18
317,2025-11-26 12:06:47+05:30,1008.5,50,998.63,5732257,446749.0,360879.0,986.2,1008.8,981.3,986.2,120516000,1084.8,887.6,1102.5,649.1,1008.4,200,3,1008.3,413,3,1008.2,950,7,1008.1,2160,13,1008.0,2723,23,1008.5,83,1,1008.6,1,1,1008.7,71,4,1008.8,447,6,1008.9,8083,18
317,2025-11-26 12:06:47+05:30,1008.5,50,998.63,5732307,446898.0,360810.0,986.2,1008.8,981.3,986.2,120516000,1084.8,887.6,1102.5,649.1,1008.4,49,2,1008.3,764,6,1008.2,754,5,1008.1,2160,13,1008.0,2723,23,1008.5,33,1,1008.6,85,3,1008.7,26,3,1008.8,447,6,1008.9,8083,18
317,2025-11-26 12:06:48+05:30,1008.5,12,998.63,5732307,446898.0,360810.0,986.2,1008.8,981.3,986.2,120516000,1084.8,887.6,1102.5,649.1,1008.4,49,2,1008.3,764,6,1008.2,754,5,1008.1,2160,13,1008.0,2723,23,1008.5,33,1,1008.6,85,3,1008.7,26,3,1008.8,447,6,1008.9,8083,18
317,2025-11-26 12:06:48+05:30,1008.5,12,998.63,5732319,447168.0,360977.0,986.2,1008.8,981.3,986.2,120516000,1084.8,887.6,1102.5,649.1,1008.4,49,2,1008.3,714,6,1008.2,1074,7,1008.1,2160,13,1008.0,2723,23,1008.5,22,2,1008.6,85,3,1008.7,26,3,1008.8,306,4,1008.9,8038,17
317,2025-11-26 12:06:49+05:30,1008.5,6,998.63,5732319,447168.0,360977.0,986.2,1008.8,981.3,986.2,120516000,1084.8,887.6,1102.5,649.1,1008.4,49,2,1008.3,714,6,1008.2,1074,7,1008.1,2160,13,1008.0,2723,23,1008.5,22,2,1008.6,85,3,1008.7,26,3,1008.8,306,4,1008.9,8038,17
317,2025-11-26 12:06:49+05:30,1008.8,248,998.63,5733163,445490.0,357632.0,986.2,1008.8,981.3,986.2,120516000,1084.8,887.6,1102.5,649.1,1008.5,644,3,1008.4,554,8,1008.3,956,10,1008.2,1462,11,1008.1,2141,13,1008.8,45,3,1008.9,7528,13,1009.0,10896,77,1009.1,772,9,1009.2,1097,8
317,2025-11-26 12:06:50+05:30,1008.5,480,998.63,5733163,445490.0,357632.0,986.2,1008.8,981.3,986.2,120516000,1084.8,887.6,1102.5,649.1,1008.5,644,3,1008.4,554,8,1008.3,956,10,1008.2,1462,11,1008.1,2141,13,1008.8,45,3,1008.9,7528,13,1009.0,10896,77,1009.1,772,9,1009.2,1097,8
317,2025-11-26 12:06:50+05:30,1008.5,480,998.63,5733644,446203.0,359089.0,986.2,1008.8,981.3,986.2,120516000,1084.8,887.6,1102.5,649.1,1008.5,164,3,1008.4,113,3,1008.3,442,5,1008.2,1440,13,1008.1,2297,15,1008.6,29,1,1008.7,13,1,1008.8,335,6,1008.9,8291,19,1009.0,11113,82
317,2025-11-26 12:06:51+05:30,1008.6,1,998.63,5733644,446203.0,359089.0,986.2,1008.8,981.3,986.2,120516000,1084.8,887.6,1102.5,649.1,1008.5,164,3,1008.4,113,3,1008.3,442,5,1008.2,1440,13,1008.1,2297,15,1008.6,29,1,1008.7,13,1,1008.8,335,6,1008.9,8291,19,1009.0,11113,82
317,2025-11-26 12:06:51+05:30,1008.6,52,998.63,5734241,442706.0,358866.0,986.2,1008.8,981.3,986.2,120516000,1084.8,887.6,1102.5,649.1,1008.5,633,4,1008.4,332,6,1008.3,876,9,1008.2,1286,12,1008.1,2141,13,1008.8,197,6,1008.9,7942,16,1009.0,11007,79,1009.1,938,12,1009.2,1058,7
317,2025-11-26 12:06:52+05:30,1008.8,8,998.63,5734241,442706.0,358866.0,986.2,1008.8,981.3,986.2,120516000,1084.8,887.6,1102.5,649.1,1008.5,633,4,1008.4,332,6,1008.3,876,9,1008.2,1286,12,1008.1,2141,13,1008.8,197,6,1008.9,7942,16,1009.0,11007,79,1009.1,938,12,1009.2,1058,7
317,2025-11-26 12:06:52+05:30,1008.8,8,998.63,5734249,439755.0,359075.0,986.2,1008.8,981.3,986.2,120516000,1084.8,887.6,1102.5,649.1,1008.5,604,3,1008.4,301,7,1008.3,392,5,1008.2,1543,13,1008.1,1375,11,1008.8,189,6,1008.9,8247,18,1009.0,10898,78,1009.1,938,12,1009.2,1103,8
317,2025-11-26 12:06:53+05:30,1008.5,10,998.63,5734249,439755.0,359075.0,986.2,1008.8,981.3,986.2,120516000,1084.8,887.6,1102.5,649.1,1008.5,604,3,1008.4,301,7,1008.3,392,5,1008.2,1543,13,1008.1,1375,11,1008.8,189,6,1008.9,8247,18,1009.0,10898,78,1009.1,938,12,1009.2,1103,8
317,2025-11-26 12:06:53+05:30,1008.5,10,998.64,5734268,441524.0,359321.0,986.2,1008.8,981.3,986.2,120516000,1084.8,887.6,1102.5,649.1,1008.5,594,3,1008.4,488,9,1008.3,697,7,1008.2,1433,14,1008.1,1421,14,1008.8,180,6,1008.9,8007,16,1009.0,10868,78,1009.1,1098,15,1009.2,1272,9
317,2025-11-26 12:06:54+05:30,1008.5,90,998.64,5734268,441524.0,359321.0,986.2,1008.8,981.3,986.2,120516000,1084.8,887.6,1102.5,649.1,1008.5,594,3,1008.4,488,9,1008.3,697,7,1008.2,1433,14,1008.1,1421,14,1008.8,180,6,1008.9,8007,16,1009.0,10868,78,1009.1,1098,15,1009.2,1272,9
317,2025-11-26 12:06:54+05:30,1008.5,90,998.64,5734358,445700.0,359539.0,986.2,1008.8,981.3,986.2,120516000,1084.8,887.6,1102.5,649.1,1008.6,168,3,1008.5,460,2,1008.4,265,6,1008.3,697,7,1008.2,1417,13,1008.8,180,6,1008.9,8007,16,1009.0,11007,79,1009.1,1164,17,1009.2,1272,9
317,2025-11-26 12:06:55+05:30,1008.8,1,998.64,5734358,445700.0,359539.0,986.2,1008.8,981.3,986.2,120516000,1084.8,887.6,1102.5,649.1,1008.6,168,3,1008.5,460,2,1008.4,265,6,1008.3,697,7,1008.2,1417,13,1008.8,180,6,1008.9,8007,16,1009.0,11007,79,1009.1,1164,17,1009.2,1272,9
317,2025-11-26 12:06:55+05:30,1008.8,13,998.64,5734544,445440.0,359926.0,986.2,1008.8,981.3,986.2,120516000,1084.8,887.6,1102.5,649.1,1008.6,168,3,1008.5,460,2,1008.4,410,6,1008.3,558,6,1008.2,1556,14,1008.8,434,5,1008.9,8298,19,1009.0,10822,79,1009.1,1132,15,1009.2,1282,10
317,2025-11-26 12:06:56+05:30,1008.8,3,998.64,5734544,445440.0,359926.0,986.2,1008.8,981.3,986.2,120516000,1084.8,887.6,1102.5,649.1,1008.6,168,3,1008.5,460,2,1008.4,410,6,1008.3,558,6,1008.2,1556,14,1008.8,434,5,1008.9,8298,19,1009.0,10822,79,1009.1,1132,15,1009.2,1282,10
317,2025-11-26 12:06:56+05:30,1008.8,3,998.64,5734547,443489.0,359923.0,986.2,1008.8,981.3,986.2,120516000,1084.8,887.6,1102.5,649.1,1008.6,168,3,1008.5,460,2,1008.4,287,6,1008.3,598,7,1008.2,1556,14,1008.8,431,5,1008.9,8159,18,1009.0,10961,80,1009.1,1132,15,1009.2,1282,10
317,2025-11-26 12:06:57+05:30,1008.8,3,998.64,5734547,445466.0,360034.0,986.2,1008.8,981.3,986.2,120516000,1084.8,887.6,1102.5,649.1,1008.6,156,2,1008.5,460,2,1008.4,620,10,1008.3,598,7,1008.2,1404,12,1008.8,431,5,1008.9,8229,16,1009.0,11051,79,1009.1,1039,11,1009.2,1272,9
317,2025-11-26 12:06:58+05:30,1008.8,3,998.64,5734547,441511.0,360245.0,986.2,1008.8,981.3,986.2,120516000,1084.8,887.6,1102.5,649.1,1008.6,156,2,1008.5,460,2,1008.4,466,8,1008.3,737,8,1008.2,1404,12,1008.8,431,5,1008.9,8242,17,1009.0,11120,82,1009.1,1129,15,1009.2,1288,10
317,2025-11-26 12:06:59+05:30,1008.6,39,998.64,5735032,442717.0,360231.0,986.2,1008.8,981.3,986.2,120516000,1084.8,887.6,1102.5,649.1,1008.6,5,1,1008.5,460,2,1008.4,244,5,1008.3,939,6,1008.2,723,10,1008.8,245,5,1008.9,8285,18,1009.0,10991,82,1009.1,1167,18,1009.2,1298,11
317,2025-11-26 12:07:00+05:30,1008.7,10,998.64,5735032,442717.0,360231.0,986.2,1008.8,981.3,986.2,120516000,1084.8,887.6,1102.5,649.1,1008.6,5,1,1008.5,460,2,1008.4,244,5,1008.3,939,6,1008.2,723,10,1008.8,245,5,1008.9,8285,18,1009.0,10991,82,1009.1,1167,18,1009.2,1298,11
317,2025-11-26 12:07:00+05:30,1008.7,1,998.64,5735145,444254.0,359886.0,986.2,1008.8,981.3,986.2,120516000,1084.8,887.6,1102.5,649.1,1008.5,445,1,1008.4,649,9,1008.3,1310,10,1008.2,723,10,1008.1,1372,12,1008.7,27,1,1008.8,106,4,1008.9,8090,15,1009.0,11071,81,1009.1,1230,13
317,2025-11-26 12:07:01+05:30,1008.7,1,998.64,5735145,444254.0,359886.0,986.2,1008.8,981.3,986.2,120516000,1084.8,887.6,1102.5,649.1,1008.5,445,1,1008.4,649,9,1008.3,1310,10,1008.2,723,10,1008.1,1372,12,1008.7,27,1,1008.8,106,4,1008.9,8090,15,1009.0,11071,81,1009.1,1230,13
317,2025-11-26 12:07:01+05:30,1008.7,1,998.64,5735145,444276.0,359992.0,986.2,1008.8,981.3,986.2,120516000,1084.8,887.6,1102.5,649.1,1008.6,198,1,1008.5,445,1,1008.4,501,6,1008.3,1332,11,1008.2,723,10,1008.7,27,1,1008.8,107,5,1008.9,8245,17,1009.0,11116,83,1009.1,1147,16
317,2025-11-26 12:07:02+05:30,1008.7,4,998.64,5735153,444279.0,360020.0,986.2,1008.8,981.3,986.2,120516000,1084.8,887.6,1102.5,649.1,1008.6,198,1,1008.5,445,1,1008.4,359,5,1008.3,1477,12,1008.2,723,10,1008.7,19,1,1008.8,107,5,1008.9,8103,16,1009.0,11254,84,1009.1,1147,16
317,2025-11-26 12:07:03+05:30,1008.7,1,998.64,5735153,444279.0,360020.0,986.2,1008.8,981.3,986.2,120516000,1084.8,887.6,1102.5,649.1,1008.6,198,1,1008.5,445,1,1008.4,359,5,1008.3,1477,12,1008.2,723,10,1008.7,19,1,1008.8,107,5,1008.9,8103,16,1009.0,11254,84,1009.1,1147,16
317,2025-11-26 12:07:03+05:30,1008.6,100,998.64,5735255,443533.0,365220.0,986.2,1008.8,981.3,986.2,120516000,1084.8,887.6,1102.5,649.1,1008.6,97,1,1008.5,445,1,1008.4,69,2,1008.3,593,8,1008.2,1421,12,1008.7,19,2,1008.8,158,7,1008.9,8245,17,1009.0,11261,84,1009.1,1147,16
317,2025-11-26 12:07:04+05:30,1008.8,1,998.64,5735255,443533.0,365220.0,986.2,1008.8,981.3,986.2,120516000,1084.8,887.6,1102.5,649.1,1008.6,97,1,1008.5,445,1,1008.4,69,2,1008.3,593,8,1008.2,1421,12,1008.7,19,2,1008.8,158,7,1008.9,8245,17,1009.0,11261,84,1009.1,1147,16
317,2025-11-26 12:07:04+05:30,1008.8,5,998.64,5736610,443154.0,363010.0,986.2,1008.9,981.3,986.2,120516000,1084.8,887.6,1102.5,649.1,1008.6,198,1,1008.5,531,2,1008.4,377,5,1008.3,1125,9,1008.2,812,11,1008.8,7,1,1008.9,7273,13,1009.0,10812,80,1009.1,1147,16,1009.2,6298,12
317,2025-11-26 12:07:05+05:30,1008.6,1,998.64,5736610,443154.0,363010.0,986.2,1008.9,981.3,986.2,120516000,1084.8,887.6,1102.5,649.1,1008.6,198,1,1008.5,531,2,1008.4,377,5,1008.3,1125,9,1008.2,812,11,1008.8,7,1,1008.9,7273,13,1009.0,10812,80,1009.1,1147,16,1009.2,6298,12
317,2025-11-26 12:07:05+05:30,1008.6,1,998.64,5736725,438522.0,364729.0,986.2,1008.9,981.3,986.2,120516000,1084.8,887.6,1102.5,649.1,1008.8,136,2,1008.6,17,1,1008.5,445,1,1008.4,577,7,1008.3,1190,10,1008.9,7451,16,1009.0,11123,82,1009.1,1039,15,1009.2,6319,13,1009.3,732,8
317,2025-11-26 12:07:06+05:30,1008.8,1,998.64,5736725,438522.0,364729.0,986.2,1008.9,981.3,986.2,120516000,1084.8,887.6,1102.5,649.1,1008.8,136,2,1008.6,17,1,1008.5,445,1,1008.4,577,7,1008.3,1190,10,1008.9,7451,16,1009.0,11123,82,1009.1,1039,15,1009.2,6319,13,1009.3,732,8
317,2025-11-26 12:07:06+05:30,1008.8,1,998.64,5736729,442268.0,365038.0,986.2,1008.9,981.3,986.2,120516000,1084.8,887.6,1102.5,649.1,1008.8,134,1,1008.6,17,1,1008.5,445,1,1008.4,405,6,1008.3,1190,10,1008.9,7393,14,1009.0,11439,85,1009.1,1026,14,1009.2,6332,14,1009.3,732,8
317,2025-11-26 12:07:07+05:30,1008.8,1,998.64,5736729,442268.0,365038.0,986.2,1008.9,981.3,986.2,120516000,1084.8,887.6,1102.5,649.1,1008.8,134,1,1008.6,17,1,1008.5,445,1,1008.4,405,6,1008.3,1190,10,1008.9,7393,14,1009.0,11439,85,1009.1,1026,14,1009.2,6332,14,1009.3,732,8
317,2025-11-26 12:07:07+05:30,1008.8,10,998.64,5736740,441848.0,365053.0,986.2,1008.9,981.3,986.2,120516000,1084.8,887.6,1102.5,649.1,1008.8,123,1,1008.6,17,1,1008.5,445,1,1008.4,405,6,1008.3,1018,9,1008.9,7251,13,1009.0,11581,86,1009.1,1026,14,1009.2,6332,14,1009.3,732,8
317,2025-11-26 12:07:08+05:30,1008.8,1,998.64,5736740,441848.0,365053.0,986.2,1008.9,981.3,986.2,120516000,1084.8,887.6,1102.5,649.1,1008.8,123,1,1008.6,17,1,1008.5,445,1,1008.4,405,6,1008.3,1018,9,1008.9,7251,13,1009.0,11581,86,1009.1,1026,14,1009.2,6332,14,1009.3,732,8
317,2025-11-26 12:07:08+05:30,1008.8,1,998.64,5736741,437706.0,365203.0,986.2,1008.9,981.3,986.2,120516000,1084.8,887.6,1102.5,649.1,1008.8,144,2,1008.6,17,1,1008.5,445,1,1008.4,405,6,1008.3,1171,10,1008.9,7472,15,1009.0,11581,86,1009.1,1026,14,1009.2,6332,14,1009.3,560,7
317,2025-11-26 12:07:09+05:30,1008.9,60,998.64,5736741,437706.0,365203.0,986.2,1008.9,981.3,986.2,120516000,1084.8,887.6,1102.5,649.1,1008.8,144,2,1008.6,17,1,1008.5,445,1,1008.4,405,6,1008.3,1171,10,1008.9,7472,15,1009.0,11581,86,1009.1,1026,14,1009.2,6332,14,1009.3,560,7
317,2025-11-26 12:07:09+05:30,1008.8,10,998.64,5736811,439513.0,365293.0,986.2,1008.9,981.3,986.2,120516000,1084.8,887.6,1102.5,649.1,1008.8,134,2,1008.6,17,1,1008.5,445,1,1008.4,405,6,1008.3,999,9,1008.9,7363,14,1009.0,11581,86,1009.1,1026,14,1009.2,6332,14,1009.3,560,7
317,2025-11-26 12:07:10+05:30,1008.9,2,998.64,5736811,439513.0,365293.0,986.2,1008.9,981.3,986.2,120516000,1084.8,887.6,1102.5,649.1,1008.8,134,2,1008.6,17,1,1008.5,445,1,1008.4,405,6,1008.3,999,9,1008.9,7363,14,1009.0,11581,86,1009.1,1026,14,1009.2,6332,14,1009.3,560,7
317,2025-11-26 12:07:10+05:30,1008.9,2,998.64,5737194,437227.0,364400.0,986.2,1008.9,981.3,986.2,120516000,1084.8,887.6,1102.5,649.1,1008.8,132,1,1008.6,17,1,1008.5,445,1,1008.4,445,7,1008.3,1171,10,1008.9,7026,14,1009.0,11315,85,1009.1,983,14,1009.2,6314,14,1009.3,564,7
317,2025-11-26 12:07:11+05:30,1008.9,2,998.64,5737194,437227.0,364400.0,986.2,1008.9,981.3,986.2,120516000,1084.8,887.6,1102.5,649.1,1008.8,132,1,1008.6,17,1,1008.5,445,1,1008.4,445,7,1008.3,1171,10,1008.9,7026,14,1009.0,11315,85,1009.1,983,14,1009.2,6314,14,1009.3,564,7
317,2025-11-26 12:07:11+05:30,1008.9,2,998.64,5737196,441218.0,365361.0,986.2,1008.9,981.3,986.2,120516000,1084.8,887.6,1102.5,649.1,1008.8,37,1,1008.6,17,1,1008.5,445,1,1008.4,445,7,1008.3,1341,12,1008.9,7082,15,1009.0,11244,83,1009.1,996,15,1009.2,6279,12,1009.3,570,8
317,2025-11-26 12:07:12+05:30,1009.6,1,998.64,5737196,441218.0,365361.0,986.2,1008.9,981.3,986.2,120516000,1084.8,887.6,1102.5,649.1,1008.8,37,1,1008.6,17,1,1008.5,445,1,1008.4,445,7,1008.3,1341,12,1008.9,7082,15,1009.0,11244,83,1009.1,996,15,1009.2,6279,12,1009.3,570,8
317,2025-11-26 12:07:12+05:30,1009.7,517,998.69,5763316,445054.0,333842.0,986.2,1009.7,981.3,986.2,120516000,1084.8,887.6,1102.5,649.1,1009.5,118,1,1009.4,144,3,1009.3,1097,9,1009.2,953,13,1009.1,875,12,1009.7,443,3,1009.8,525,11,1009.9,1035,32,1010.0,17172,192,1010.1,993,7
317,2025-11-26 12:07:13+05:30,1009.6,97,998.69,5763316,445054.0,333842.0,986.2,1009.7,981.3,986.2,120516000,1084.8,887.6,1102.5,649.1,1009.5,118,1,1009.4,144,3,1009.3,1097,9,1009.2,953,13,1009.1,875,12,1009.7,443,3,1009.8,525,11,1009.9,1035,32,1010.0,17172,192,1010.1,993,7
317,2025-11-26 12:07:13+05:30,1009.5,2,998.7,5768303,445475.0,338182.0,986.2,1009.8,981.3,986.2,120516000,1084.8,887.6,1102.5,649.1,1009.5,15,1,1009.4,414,4,1009.3,325,5,1009.2,957,11,1009.1,1022,14,1009.6,200,1,1009.8,722,3,1009.9,1185,31,1010.0,17289,190,1010.1,871,7
317,2025-11-26 12:07:14+05:30,1009.6,112,998.7,5768303,445475.0,338182.0,986.2,1009.8,981.3,986.2,120516000,1084.8,887.6,1102.5,649.1,1009.5,15,1,1009.4,414,4,1009.3,325,5,1009.2,957,11,1009.1,1022,14,1009.6,200,1,1009.8,722,3,1009.9,1185,31,1010.0,17289,190,1010.1,871,7
317,2025-11-26 12:07:14+05:30,1009.6,3,998.7,5768419,445407.0,338811.0,986.2,1009.8,981.3,986.2,120516000,1084.8,887.6,1102.5,649.1,1009.5,15,1,1009.4,445,4,1009.3,495,6,1009.2,964,11,1009.1,1022,14,1009.6,101,2,1009.7,316,1,1009.8,644,2,1009.9,1190,32,1010.0,17340,192
317,2025-11-26 12:07:15+05:30,1009.6,2,998.7,5768419,445407.0,338811.0,986.2,1009.8,981.3,986.2,120516000,1084.8,887.6,1102.5,649.1,1009.5,15,1,1009.4,445,4,1009.3,495,6,1009.2,964,11,1009.1,1022,14,1009.6,101,2,1009.7,316,1,1009.8,644,2,1009.9,1190,32,1010.0,17340,192
317,2025-11-26 12:07:15+05:30,1009.5,4,998.7,5768520,446256.0,338354.0,986.2,1009.8,981.3,986.2,120516000,1084.8,887.6,1102.5,649.1,1009.5,11,1,1009.4,312,3,1009.3,583,6,1009.2,977,12,1009.1,1224,15,1009.6,10,2,1009.7,316,1,1009.8,200,1,1009.9,1190,32,1010.0,17340,192
317,2025-11-26 12:07:16+05:30,1009.6,1,998.7,5768520,446256.0,338354.0,986.2,1009.8,981.3,986.2,120516000,1084.8,887.6,1102.5,649.1,1009.5,11,1,1009.4,312,3,1009.3,583,6,1009.2,977,12,1009.1,1224,15,1009.6,10,2,1009.7,316,1,1009.8,200,1,1009.9,1190,32,1010.0,17340,192
317,2025-11-26 12:07:16+05:30,1009.7,230,998.7,5768823,445539.0,338183.0,986.2,1009.8,981.3,986.2,120516000,1084.8,887.6,1102.5,649.1,1009.5,11,1,1009.4,312,3,1009.3,583,6,1009.2,1032,13,1009.1,1224,15,1009.7,45,1,1009.8,200,1,1009.9,1018,31,1010.0,17378,193,1010.1,940,7
317,2025-11-26 12:07:17+05:30,1009.7,1,998.7,5768823,445539.0,338183.0,986.2,1009.8,981.3,986.2,120516000,1084.8,887.6,1102.5,649.1,1009.5,11,1,1009.4,312,3,1009.3,583,6,1009.2,1032,13,1009.1,1224,15,1009.7,45,1,1009.8,200,1,1009.9,1018,31,1010.0,17378,193,1010.1,940,7
317,2025-11-26 12:07:17+05:30,1009.7,1,998.7,5768887,445857.0,339022.0,986.2,1009.8,981.3,986.2,120516000,1084.8,887.6,1102.5,649.1,1009.5,357,5,1009.4,403,4,1009.3,660,7,1009.2,1723,18,1009.1,1273,14,1009.7,311,2,1009.8,450,2,1009.9,1018,31,1010.0,17511,194,1010.1,856,4
317,2025-11-26 12:07:18+05:30,1009.5,34,998.7,5769116,445472.0,339327.0,986.2,1009.8,981.3,986.2,120516000,1084.8,887.6,1102.5,649.1,1009.5,104,2,1009.4,106,2,1009.3,1023,6,1009.2,1413,19,1009.1,1273,14,1009.7,253,2,1009.8,450,2,1009.9,1028,32,1010.0,17594,196,1010.1,886,6
317,2025-11-26 12:07:19+05:30,1009.7,30,998.7,5769116,445472.0,339327.0,986.2,1009.8,981.3,986.2,120516000,1084.8,887.6,1102.5,649.1,1009.5,104,2,1009.4,106,2,1009.3,1023,6,1009.2,1413,19,1009.1,1273,14,1009.7,253,2,1009.8,450,2,1009.9,1028,32,1010.0,17594,196,1010.1,886,6
317,2025-11-26 12:07:19+05:30,1009.6,50,998.7,5769388,441572.0,339256.0,986.2,1009.8,981.3,986.2,120516000,1084.8,887.6,1102.5,649.1,1009.5,66,2,1009.4,521,5,1009.3,704,8,1009.2,1238,15,1009.1,1692,12,1009.7,31,2,1009.8,450,2,1009.9,1203,33,1010.0,17451,194,1010.1,1006,6
317,2025-11-26 12:07:20+05:30,1009.6,1,998.7,5769388,441572.0,339256.0,986.2,1009.8,981.3,986.2,120516000,1084.8,887.6,1102.5,649.1,1009.5,66,2,1009.4,521,5,1009.3,704,8,1009.2,1238,15,1009.1,1692,12,1009.7,31,2,1009.8,450,2,1009.9,1203,33,1010.0,17451,194,1010.1,1006,6
317,2025-11-26 12:07:20+05:30,1009.6,1,998.7,5769389,441477.0,340434.0,986.2,1009.8,981.3,986.2,120516000,1084.8,887.6,1102.5,649.1,1009.5,17,1,1009.4,61,1,1009.3,587,8,1009.2,1275,17,1009.1,1089,13,1009.6,652,1,1009.7,31,2,1009.8,450,2,1009.9,1691,34,1010.0,17464,195
317,2025-11-26 12:07:21+05:30,1009.6,5,998.7,5769389,441477.0,340434.0,986.2,1009.8,981.3,986.2,120516000,1084.8,887.6,1102.5,649.1,1009.5,17,1,1009.4,61,1,1009.3,587,8,1009.2,1275,17,1009.1,1089,13,1009.6,652,1,1009.7,31,2,1009.8,450,2,1009.9,1691,34,1010.0,17464,195
317,2025-11-26 12:07:21+05:30,1009.6,5,998.7,5769397,441392.0,340317.0,986.2,1009.8,981.3,986.2,120516000,1084.8,887.6,1102.5,649.1,1009.5,15,1,1009.4,128,2,1009.3,415,7,1009.2,1145,16,1009.1,1219,14,1009.6,647,2,1009.7,79,3,1009.8,401,3,1009.9,1691,34,1010.0,17464,195
317,2025-11-26 12:07:22+05:30,1009.6,555,998.7,5769397,441392.0,340317.0,986.2,1009.8,981.3,986.2,120516000,1084.8,887.6,1102.5,649.1,1009.5,15,1,1009.4,128,2,1009.3,415,7,1009.2,1145,16,1009.1,1219,14,1009.6,647,2,1009.7,79,3,1009.8,401,3,1009.9,1691,34,1010.0,17464,195
317,2025-11-26 12:07:22+05:30,1009.6,555,998.7,5769952,441406.0,339883.0,986.2,1009.8,981.3,986.2,120516000,1084.8,887.6,1102.5,649.1,1009.5,15,1,1009.4,67,1,1009.3,587,8,1009.2,1145,16,1009.1,1219,14,1009.6,92,2,1009.7,79,3,1009.8,703,3,1009.9,1333,34,1010.0,17513,196
317,2025-11-26 12:07:23+05:30,1009.6,25,998.7,5769952,441406.0,339883.0,986.2,1009.8,981.3,986.2,120516000,1084.8,887.6,1102.5,649.1,1009.5,15,1,1009.4,67,1,1009.3,587,8,1009.2,1145,16,1009.1,1219,14,1009.6,92,2,1009.7,79,3,1009.8,703,3,1009.9,1333,34,1010.0,17513,196
317,2025-11-26 12:07:23+05:30,1009.6,25,998.7,5769985,441491.0,340102.0,986.2,1009.8,981.3,986.2,120516000,1084.8,887.6,1102.5,649.1,1009.5,15,1,1009.4,67,1,1009.3,587,8,1009.2,1145,16,1009.1,1219,14,1009.6,59,2,1009.7,80,4,1009.8,703,3,1009.9,1333,34,1010.0,17513,196
317,2025-11-26 12:07:24+05:30,1009.6,5,998.7,5769985,441491.0,340102.0,986.2,1009.8,981.3,986.2,120516000,1084.8,887.6,1102.5,649.1,1009.5,15,1,1009.4,67,1,1009.3,587,8,1009.2,1145,16,1009.1,1219,14,1009.6,59,2,1009.7,80,4,1009.8,703,3,1009.9,1333,34,1010.0,17513,196
317,2025-11-26 12:07:24+05:30,1009.6,5,998.7,5769990,441522.0,340029.0,986.2,1009.8,981.3,986.2,120516000,1084.8,887.6,1102.5,649.1,1009.5,15,1,1009.4,116,2,1009.3,587,8,1009.2,1174,17,1009.1,1235,15,1009.6,54,2,1009.7,95,5,1009.8,271,2,1009.9,1520,34,1010.0,17543,197
317,2025-11-26 12:07:25+05:30,1009.5,1,998.7,5769990,441522.0,340029.0,986.2,1009.8,981.3,986.2,120516000,1084.8,887.6,1102.5,649.1,1009.5,15,1,1009.4,116,2,1009.3,587,8,1009.2,1174,17,1009.1,1235,15,1009.6,54,2,1009.7,95,5,1009.8,271,2,1009.9,1520,34,1010.0,17543,197
317,2025-11-26 12:07:25+05:30,1009.5,11,998.7,5770914,442923.0,342369.0,986.2,1009.8,981.3,986.2,120516000,1084.8,887.6,1102.5,649.1,1009.3,318,5,1009.2,923,13,1009.1,1486,12,1009.0,1656,17,1008.9,3653,15,1009.5,627,1,1009.6,152,4,1009.7,64,3,1009.8,814,3,1009.9,1626,36
317,2025-11-26 12:07:26+05:30,1009.5,74,998.7,5770914,442923.0,342369.0,986.2,1009.8,981.3,986.2,120516000,1084.8,887.6,1102.5,649.1,1009.3,318,5,1009.2,923,13,1009.1,1486,12,1009.0,1656,17,1008.9,3653,15,1009.5,627,1,1009.6,152,4,1009.7,64,3,1009.8,814,3,1009.9,1626,36
317,2025-11-26 12:07:26+05:30,1009.5,74,998.7,5771246,442317.0,343063.0,986.2,1009.8,981.3,986.2,120516000,1084.8,887.6,1102.5,649.1,1009.3,13,1,1009.2,907,12,1009.1,1474,14,1009.0,1594,17,1008.9,3338,13,1009.5,446,1,1009.6,152,4,1009.7,64,3,1009.8,926,4,1009.9,2298,38
317,2025-11-26 12:07:27+05:30,1009.3,9,998.7,5771246,442317.0,343063.0,986.2,1009.8,981.3,986.2,120516000,1084.8,887.6,1102.5,649.1,1009.3,13,1,1009.2,907,12,1009.1,1474,14,1009.0,1594,17,1008.9,3338,13,1009.5,446,1,1009.6,152,4,1009.7,64,3,1009.8,926,4,1009.9,2298,38
317,2025-11-26 12:07:27+05:30,1009.5,377,998.7,5771632,442822.0,343138.0,986.2,1009.8,981.3,986.2,120516000,1084.8,887.6,1102.5,649.1,1009.3,239,5,1009.2,1033,14,1009.1,1087,14,1009.0,1796,18,1008.9,3706,15,1009.5,69,1,1009.6,213,6,1009.7,64,3,1009.8,869,4,1009.9,2315,39
317,2025-11-26 12:07:28+05:30,1009.5,377,998.7,5771632,442822.0,343138.0,986.2,1009.8,981.3,986.2,120516000,1084.8,887.6,1102.5,649.1,1009.3,239,5,1009.2,1033,14,1009.1,1087,14,1009.0,1796,18,1008.9,3706,15,1009.5,69,1,1009.6,213,6,1009.7,64,3,1009.8,869,4,1009.9,2315,39
317,2025-11-26 12:07:28+05:30,1009.3,1,998.7,5771637,442854.0,342695.0,986.2,1009.8,981.3,986.2,120516000,1084.8,887.6,1102.5,649.1,1009.3,251,6,1009.2,1033,14,1009.1,1087,14,1009.0,1796,18,1008.9,3706,15,1009.5,69,1,1009.6,213,6,1009.7,64,3,1009.8,397,3,1009.9,2315,39
317,2025-11-26 12:07:29+05:30,1009.3,1,998.7,5771637,442854.0,342695.0,986.2,1009.8,981.3,986.2,120516000,1084.8,887.6,1102.5,649.1,1009.3,251,6,1009.2,1033,14,1009.1,1087,14,1009.0,1796,18,1008.9,3706,15,1009.5,69,1,1009.6,213,6,1009.7,64,3,1009.8,397,3,1009.9,2315,39
317,2025-11-26 12:07:29+05:30,1009.3,1,998.7,5771637,442854.0,342772.0,986.2,1009.8,981.3,986.2,120516000,1084.8,887.6,1102.5,649.1,1009.3,251,6,1009.2,1033,14,1009.1,1087,14,1009.0,1796,18,1008.9,3706,15,1009.5,69,1,1009.6,213,6,1009.7,64,3,1009.8,398,4,1009.9,2315,39
317,2025-11-26 12:07:30+05:30,1009.3,28,998.7,5771637,442854.0,342772.0,986.2,1009.8,981.3,986.2,120516000,1084.8,887.6,1102.5,649.1,1009.3,251,6,1009.2,1033,14,1009.1,1087,14,1009.0,1796,18,1008.9,3706,15,1009.5,69,1,1009.6,213,6,1009.7,64,3,1009.8,398,4,1009.9,2315,39
317,2025-11-26 12:07:30+05:30,1009.4,460,998.71,5776545,441309.0,341695.0,986.2,1009.8,981.3,986.2,120516000,1084.8,887.6,1102.5,649.1,1009.4,73,4,1009.3,870,5,1009.2,885,16,1009.1,1254,13,1009.0,1998,20,1009.6,213,6,1009.7,64,3,1009.8,226,3,1009.9,1842,34,1010.0,18375,195
317,2025-11-26 12:07:31+05:30,1009.6,1,998.71,5776545,441309.0,341695.0,986.2,1009.8,981.3,986.2,120516000,1084.8,887.6,1102.5,649.1,1009.4,73,4,1009.3,870,5,1009.2,885,16,1009.1,1254,13,1009.0,1998,20,1009.6,213,6,1009.7,64,3,1009.8,226,3,1009.9,1842,34,1010.0,18375,195
317,2025-11-26 12:07:31+05:30,1009.7,169,998.71,5777000,440270.0,340762.0,986.2,1009.8,981.3,986.2,120516000,1084.8,887.6,1102.5,649.1,1009.6,791,3,1009.4,361,4,1009.3,829,7,1009.2,1246,19,1009.1,1254,13,1009.8,226,3,1009.9,1730,33,1010.0,18431,198,1010.1,1779,10,1010.2,398,4
317,2025-11-26 12:07:32+05:30,1009.7,169,998.71,5777000,440270.0,340762.0,986.2,1009.8,981.3,986.2,120516000,1084.8,887.6,1102.5,649.1,1009.6,791,3,1009.4,361,4,1009.3,829,7,1009.2,1246,19,1009.1,1254,13,1009.8,226,3,1009.9,1730,33,1010.0,18431,198,1010.1,1779,10,1010.2,398,4
317,2025-11-26 12:07:32+05:30,1009.9,79,998.71,5777000,440270.0,340762.0,986.2,1009.8,981.3,986.2,120516000,1084.8,887.6,1102.5,649.1,1009.6,791,3,1009.4,361,4,1009.3,829,7,1009.2,1246,19,1009.1,1254,13,1009.8,226,3,1009.9,1730,33,1010.0,18431,198,1010.1,1779,10,1010.2,398,4
317,2025-11-26 12:07:32+05:30,1009.6,1,998.72,5779913,440236.0,337305.0,986.2,1010.0,981.3,986.2,120516000,1084.8,887.6,1102.5,649.1,1009.6,896,8,1009.5,385,4,1009.4,904,8,1009.3,1672,13,1009.2,1027,16,1010.0,17483,175,1010.1,1344,7,1010.2,412,5,1010.3,616,6,1010.4,697,5
317,2025-11-26 12:07:32+05:30,1009.6,1,998.72,5779913,440236.0,337305.0,986.2,1010.0,981.3,986.2,120516000,1084.8,887.6,1102.5,649.1,1009.6,896,8,1009.5,385,4,1009.4,904,8,1009.3,1672,13,1009.2,1027,16,1010.0,17483,175,1010.1,1344,7,1010.2,412,5,1010.3,616,6,1010.4,697,5
317,2025-11-26 12:07:33+05:30,1009.6,1,998.72,5779913,440236.0,337305.0,986.2,1010.0,981.3,986.2,120516000,1084.8,887.6,1102.5,649.1,1009.6,896,8,1009.5,385,4,1009.4,904,8,1009.3,1672,13,1009.2,1027,16,1010.0,17483,175,1010.1,1344,7,1010.2,412,5,1010.3,616,6,1010.4,697,5
317,2025-11-26 12:07:33+05:30,1009.6,1,998.72,5779913,440236.0,337305.0,986.2,1010.0,981.3,986.2,120516000,1084.8,887.6,1102.5,649.1,1009.6,896,8,1009.5,385,4,1009.4,904,8,1009.3,1672,13,1009.2,1027,16,1010.0,17483,175,1010.1,1344,7,1010.2,412,5,1010.3,616,6,1010.4,697,5
317,2025-11-26 12:07:33+05:30,1009.6,1,998.72,5779913,440236.0,337305.0,986.2,1010.0,981.3,986.2,120516000,1084.8,887.6,1102.5,649.1,1009.6,896,8,1009.5,385,4,1009.4,904,8,1009.3,1672,13,1009.2,1027,16,1010.0,17483,175,1010.1,1344,7,1010.2,412,5,1010.3,616,6,1010.4,697,5
317,2025-11-26 12:07:33+05:30,1009.6,1,998.72,5780894,437427.0,341570.0,986.2,1010.0,981.3,986.2,120516000,1084.8,887.6,1102.5,649.1,1009.5,174,2,1009.4,149,2,1009.3,820,9,1009.2,1305,15,1009.1,1095,14,1009.6,159,1,1009.8,50,1,1009.9,586,3,1010.0,16889,179,1010.1,1637,10
317,2025-11-26 12:07:33+05:30,1009.6,1,998.72,5780894,437427.0,341570.0,986.2,1010.0,981.3,986.2,120516000,1084.8,887.6,1102.5,649.1,1009.5,174,2,1009.4,149,2,1009.3,820,9,1009.2,1305,15,1009.1,1095,14,1009.6,159,1,1009.8,50,1,1009.9,586,3,1010.0,16889,179,1010.1,1637,10
317,2025-11-26 12:07:34+05:30,1009.6,1,998.72,5780894,437427.0,341570.0,986.2,1010.0,981.3,986.2,120516000,1084.8,887.6,1102.5,649.1,1009.5,174,2,1009.4,149,2,1009.3,820,9,1009.2,1305,15,1009.1,1095,14,1009.6,159,1,1009.8,50,1,1009.9,586,3,1010.0,16889,179,1010.1,1637,10
317,2025-11-26 12:07:34+05:30,1009.4,16,998.72,5780894,437427.0,341570.0,986.2,1010.0,981.3,986.2,120516000,1084.8,887.6,1102.5,649.1,1009.5,174,2,1009.4,149,2,1009.3,820,9,1009.2,1305,15,1009.1,1095,14,1009.6,159,1,1009.8,50,1,1009.9,586,3,1010.0,16889,179,1010.1,1637,10
317,2025-11-26 12:07:34+05:30,1009.4,16,998.72,5780894,437427.0,341570.0,986.2,1010.0,981.3,986.2,120516000,1084.8,887.6,1102.5,649.1,1009.5,174,2,1009.4,149,2,1009.3,820,9,1009.2,1305,15,1009.1,1095,14,1009.6,159,1,1009.8,50,1,1009.9,586,3,1010.0,16889,179,1010.1,1637,10
317,2025-11-26 12:07:34+05:30,1009.8,39,998.72,5781448,436482.0,339627.0,986.2,1010.0,981.3,986.2,120516000,1084.8,887.6,1102.5,649.1,1009.5,87,1,1009.4,196,3,1009.3,606,7,1009.2,1434,17,1009.1,1299,17,1009.9,730,4,1010.0,17110,181,1010.1,1849,11,1010.2,681,10,1010.3,837,11
317,2025-11-26 12:07:34+05:30,1009.8,39,998.72,5781448,436482.0,339627.0,986.2,1010.0,981.3,986.2,120516000,1084.8,887.6,1102.5,649.1,1009.5,87,1,1009.4,196,3,1009.3,606,7,1009.2,1434,17,1009.1,1299,17,1009.9,730,4,1010.0,17110,181,1010.1,1849,11,1010.2,681,10,1010.3,837,11
317,2025-11-26 12:07:35+05:30,1009.8,39,998.72,5781448,436482.0,339627.0,986.2,1010.0,981.3,986.2,120516000,1084.8,887.6,1102.5,649.1,1009.5,87,1,1009.4,196,3,1009.3,606,7,1009.2,1434,17,1009.1,1299,17,1009.9,730,4,1010.0,17110,181,1010.1,1849,11,1010.2,681,10,1010.3,837,11
317,2025-11-26 12:07:35+05:30,1010.0,3,998.72,5781448,436482.0,339627.0,986.2,1010.0,981.3,986.2,120516000,1084.8,887.6,1102.5,649.1,1009.5,87,1,1009.4,196,3,1009.3,606,7,1009.2,1434,17,1009.1,1299,17,1009.9,730,4,1010.0,17110,181,1010.1,1849,11,1010.2,681,10,1010.3,837,11
317,2025-11-26 12:07:35+05:30,1010.0,3,998.72,5781448,436482.0,339627.0,986.2,1010.0,981.3,986.2,120516000,1084.8,887.6,1102.5,649.1,1009.5,87,1,1009.4,196,3,1009.3,606,7,1009.2,1434,17,1009.1,1299,17,1009.9,730,4,1010.0,17110,181,1010.1,1849,11,1010.2,681,10,1010.3,837,11
317,2025-11-26 12:07:35+05:30,1009.8,50,998.72,5781615,438053.0,338806.0,986.2,1010.0,981.3,986.2,120516000,1084.8,887.6,1102.5,649.1,1009.8,50,1,1009.7,200,1,1009.6,33,1,1009.5,87,1,1009.4,322,4,1010.0,17271,183,1010.1,1720,11,1010.2,681,10,1010.3,805,10,1010.4,570,7
317,2025-11-26 12:07:35+05:30,1009.8,50,998.72,5781615,438053.0,338806.0,986.2,1010.0,981.3,986.2,120516000,1084.8,887.6,1102.5,649.1,1009.8,50,1,1009.7,200,1,1009.6,33,1,1009.5,87,1,1009.4,322,4,1010.0,17271,183,1010.1,1720,11,1010.2,681,10,1010.3,805,10,1010.4,570,7
317,2025-11-26 12:07:36+05:30,1009.8,50,998.72,5781615,438053.0,338806.0,986.2,1010.0,981.3,986.2,120465000,1084.8,887.6,1102.5,649.1,1009.8,50,1,1009.7,200,1,1009.6,33,1,1009.5,87,1,1009.4,322,4,1010.0,17271,183,1010.1,1720,11,1010.2,681,10,1010.3,805,10,1010.4,570,7
317,2025-11-26 12:07:36+05:30,1010.0,2,998.72,5781615,438053.0,338806.0,986.2,1010.0,981.3,986.2,120465000,1084.8,887.6,1102.5,649.1,1009.8,50,1,1009.7,200,1,1009.6,33,1,1009.5,87,1,1009.4,322,4,1010.0,17271,183,1010.1,1720,11,1010.2,681,10,1010.3,805,10,1010.4,570,7
317,2025-11-26 12:07:36+05:30,1010.0,2,998.72,5781615,438053.0,338806.0,986.2,1010.0,981.3,986.2,120465000,1084.8,887.6,1102.5,649.1,1009.8,50,1,1009.7,200,1,1009.6,33,1,1009.5,87,1,1009.4,322,4,1010.0,17271,183,1010.1,1720,11,1010.2,681,10,1010.3,805,10,1010.4,570,7
317,2025-11-26 12:07:36+05:30,1010.0,2,998.72,5781667,436971.0,338848.0,986.2,1010.0,981.3,986.2,120465000,1084.8,887.6,1102.5,649.1,1009.7,200,1,1009.6,33,1,1009.5,87,1,1009.4,824,5,1009.3,692,9,1010.0,17269,183,1010.1,1745,12,1010.2,681,10,1010.3,805,10,1010.4,570,7
317,2025-11-26 12:07:36+05:30,1010.0,2,998.72,5781667,436971.0,338848.0,986.2,1010.0,981.3,986.2,120465000,1084.8,887.6,1102.5,649.1,1009.7,200,1,1009.6,33,1,1009.5,87,1,1009.4,824,5,1009.3,692,9,1010.0,17269,183,1010.1,1745,12,1010.2,681,10,1010.3,805,10,1010.4,570,7
317,2025-11-26 12:07:37+05:30,1009.7,2,998.72,5781667,436971.0,338848.0,986.2,1010.0,981.3,986.2,120465000,1084.8,887.6,1102.5,649.1,1009.7,200,1,1009.6,33,1,1009.5,87,1,1009.4,824,5,1009.3,692,9,1010.0,17269,183,1010.1,1745,12,1010.2,681,10,1010.3,805,10,1010.4,570,7
317,2025-11-26 12:07:37+05:30,1010.0,18,998.73,5785469,438541.0,333035.0,986.2,1010.0,981.3,986.2,120465000,1084.8,887.6,1102.5,649.1,1009.7,198,1,1009.6,470,7,1009.5,637,5,1009.4,371,5,1009.3,1255,10,1010.0,12736,119,1010.1,1303,5,1010.2,402,8,1010.3,465,7,1010.4,431,4
317,2025-11-26 12:07:38+05:30,1010.0,151,998.73,5785469,438541.0,333035.0,986.2,1010.0,981.3,986.2,120465000,1084.8,887.6,1102.5,649.1,1009.7,198,1,1009.6,470,7,1009.5,637,5,1009.4,371,5,1009.3,1255,10,1010.0,12736,119,1010.1,1303,5,1010.2,402,8,1010.3,465,7,1010.4,431,4
317,2025-11-26 12:07:38+05:30,1010.0,151,998.73,5785665,437458.0,333854.0,986.2,1010.0,981.3,986.2,120465000,1084.8,887.6,1102.5,649.1,1009.7,198,1,1009.6,189,4,1009.5,259,2,1009.4,550,7,1009.3,1413,12,1010.0,12471,119,1010.1,1684,8,1010.2,644,10,1010.3,762,10,1010.4,658,6
317,2025-11-26 12:07:39+05:30,1009.7,151,998.73,5785665,437458.0,333854.0,986.2,1010.0,981.3,986.2,120465000,1084.8,887.6,1102.5,649.1,1009.7,198,1,1009.6,189,4,1009.5,259,2,1009.4,550,7,1009.3,1413,12,1010.0,12471,119,1010.1,1684,8,1010.2,644,10,1010.3,762,10,1010.4,658,6
317,2025-11-26 12:07:39+05:30,1010.0,43,998.73,5785929,437203.0,333965.0,986.2,1010.0,981.3,986.2,120465000,1084.8,887.6,1102.5,649.1,1009.7,47,1,1009.6,134,3,1009.5,259,2,1009.4,511,6,1009.3,1482,12,1010.0,12299,115,1010.1,1763,8,1010.2,916,12,1010.3,775,11,1010.4,604,6
317,2025-11-26 12:07:40+05:30,1009.8,1,998.73,5785929,437203.0,333965.0,986.2,1010.0,981.3,986.2,120465000,1084.8,887.6,1102.5,649.1,1009.7,47,1,1009.6,134,3,1009.5,259,2,1009.4,511,6,1009.3,1482,12,1010.0,12299,115,1010.1,1763,8,1010.2,916,12,1010.3,775,11,1010.4,604,6
317,2025-11-26 12:07:40+05:30,1009.8,100,998.73,5786030,437070.0,334583.0,986.2,1010.0,981.3,986.2,120465000,1084.8,887.6,1102.5,649.1,1009.7,47,1,1009.6,134,3,1009.5,259,2,1009.4,530,6,1009.3,897,11,1009.8,184,1,1010.0,12299,115,1010.1,1871,9,1010.2,916,12,1010.3,775,11
317,2025-11-26 12:07:41+05:30,1009.8,2,998.73,5786030,437070.0,334583.0,986.2,1010.0,981.3,986.2,120465000,1084.8,887.6,1102.5,649.1,1009.7,47,1,1009.6,134,3,1009.5,259,2,1009.4,530,6,1009.3,897,11,1009.8,184,1,1010.0,12299,115,1010.1,1871,9,1010.2,916,12,1010.3,775,11
317,2025-11-26 12:07:41+05:30,1009.8,2,998.73,5786032,436551.0,334633.0,986.2,1010.0,981.3,986.2,120465000,1084.8,887.6,1102.5,649.1,1009.7,47,1,1009.6,134,3,1009.5,259,2,1009.4,1068,8,1009.3,1037,12,1009.8,182,1,1009.9,31,1,1010.0,12130,114,1010.1,1938,10,1010.2,916,12
317,2025-11-26 12:07:42+05:30,1009.8,5,998.73,5786041,436551.0,334673.0,986.2,1010.0,981.3,986.2,120465000,1084.8,887.6,1102.5,649.1,1009.7,47,1,1009.6,134,3,1009.5,259,2,1009.4,1068,8,1009.3,1037,12,1009.8,173,1,1009.9,98,2,1010.0,12399,117,1010.1,1959,11,1010.2,916,12
317,2025-11-26 12:07:43+05:30,1009.6,20,998.73,5786041,436551.0,334673.0,986.2,1010.0,981.3,986.2,120465000,1084.8,887.6,1102.5,649.1,1009.7,47,1,1009.6,134,3,1009.5,259,2,1009.4,1068,8,1009.3,1037,12,1009.8,173,1,1009.9,98,2,1010.0,12399,117,1010.1,1959,11,1010.2,916,12
317,2025-11-26 12:07:43+05:30,1009.6,20,998.73,5786288,436291.0,334938.0,986.2,1010.0,981.3,986.2,120465000,1084.8,887.6,1102.5,649.1,1009.6,181,3,1009.5,87,1,1009.4,1097,9,1009.3,932,11,1009.2,979,19,1009.8,26,1,1009.9,31,1,1010.0,12332,116,1010.1,1871,9,1010.2,945,13
317,2025-11-26 12:07:44+05:30,1009.8,40,998.73,5786288,436291.0,334938.0,986.2,1010.0,981.3,986.2,120465000,1084.8,887.6,1102.5,649.1,1009.6,181,3,1009.5,87,1,1009.4,1097,9,1009.3,932,11,1009.2,979,19,1009.8,26,1,1009.9,31,1,1010.0,12332,116,1010.1,1871,9,1010.2,945,13
317,2025-11-26 12:07:44+05:30,1009.8,2,998.73,5786331,436371.0,336298.0,986.2,1010.0,981.3,986.2,120465000,1084.8,887.6,1102.5,649.1,1009.6,181,3,1009.5,87,1,1009.4,453,6,1009.3,1058,12,1009.2,1577,21,1009.8,283,1,1009.9,133,2,1010.0,12626,120,1010.1,1937,10,1010.2,916,12
317,2025-11-26 12:07:45+05:30,1010.0,309,998.73,5786331,436371.0,336298.0,986.2,1010.0,981.3,986.2,120465000,1084.8,887.6,1102.5,649.1,1009.6,181,3,1009.5,87,1,1009.4,453,6,1009.3,1058,12,1009.2,1577,21,1009.8,283,1,1009.9,133,2,1010.0,12626,120,1010.1,1937,10,1010.2,916,12
317,2025-11-26 12:07:45+05:30,1010.0,166,998.74,5789632,436014.0,333740.0,986.2,1010.0,981.3,986.2,120465000,1084.8,887.6,1102.5,649.1,1009.6,168,3,1009.5,361,5,1009.4,961,7,1009.3,1144,14,1009.2,1136,18,1010.0,11865,117,1010.1,1720,8,1010.2,913,12,1010.3,777,11,1010.4,855,6
317,2025-11-26 12:07:46+05:30,1010.0,1,998.74,5789632,436014.0,333740.0,986.2,1010.0,981.3,986.2,120465000,1084.8,887.6,1102.5,649.1,1009.6,168,3,1009.5,361,5,1009.4,961,7,1009.3,1144,14,1009.2,1136,18,1010.0,11865,117,1010.1,1720,8,1010.2,913,12,1010.3,777,11,1010.4,855,6
317,2025-11-26 12:07:46+05:30,1009.6,1,998.74,5789634,435657.0,333731.0,986.2,1010.0,981.3,986.2,120465000,1084.8,887.6,1102.5,649.1,1009.6,180,4,1009.5,344,4,1009.4,1001,7,1009.3,858,12,1009.2,1185,19,1009.8,4,1,1010.0,11572,113,1010.1,1892,9,1010.2,1039,13,1010.3,777,11
317,2025-11-26 12:07:47+05:30,1009.8,36,998.74,5789634,435657.0,333731.0,986.2,1010.0,981.3,986.2,120465000,1084.8,887.6,1102.5,649.1,1009.6,180,4,1009.5,344,4,1009.4,1001,7,1009.3,858,12,1009.2,1185,19,1009.8,4,1,1010.0,11572,113,1010.1,1892,9,1010.2,1039,13,1010.3,777,11
317,2025-11-26 12:07:47+05:30,1010.0,50,998.74,5789720,435707.0,335272.0,986.2,1010.0,981.3,986.2,120465000,1084.8,887.6,1102.5,649.1,1009.6,180,4,1009.5,350,4,1009.4,884,5,1009.3,1018,13,1009.2,1311,20,1010.0,13239,119,1010.1,1892,9,1010.2,913,12,1010.3,777,11,1010.4,1044,8
317,2025-11-26 12:07:48+05:30,1009.6,1,998.74,5789720,435707.0,335272.0,986.2,1010.0,981.3,986.2,120465000,1084.8,887.6,1102.5,649.1,1009.6,180,4,1009.5,350,4,1009.4,884,5,1009.3,1018,13,1009.2,1311,20,1010.0,13239,119,1010.1,1892,9,1010.2,913,12,1010.3,777,11,1010.4,1044,8
317,2025-11-26 12:07:48+05:30,1009.6,1,998.74,5790639,435371.0,336304.0,986.2,1010.0,981.3,986.2,120465000,1084.8,887.6,1102.5,649.1,1009.5,100,2,1009.4,590,2,1009.3,828,10,1009.2,1165,17,1009.1,1341,18,1009.9,355,3,1010.0,13505,119,1010.1,1760,9,1010.2,764,11,1010.3,923,13
317,2025-11-26 12:07:49+05:30,1009.9,2,998.74,5790639,435371.0,336304.0,986.2,1010.0,981.3,986.2,120465000,1084.8,887.6,1102.5,649.1,1009.5,100,2,1009.4,590,2,1009.3,828,10,1009.2,1165,17,1009.1,1341,18,1009.9,355,3,1010.0,13505,119,1010.1,1760,9,1010.2,764,11,1010.3,923,13
317,2025-11-26 12:07:49+05:30,1009.9,1,998.74,5790723,436585.0,335757.0,986.2,1010.0,981.3,986.2,120465000,1084.8,887.6,1102.5,649.1,1009.8,100,1,1009.6,30,1,1009.5,275,2,1009.4,811,4,1009.3,754,10,1010.0,13986,123,1010.1,1630,7,1010.2,764,11,1010.3,777,11,1010.4,537,6
317,2025-11-26 12:07:50+05:30,1009.7,6,998.74,5790723,436585.0,335757.0,986.2,1010.0,981.3,986.2,120465000,1084.8,887.6,1102.5,649.1,1009.8,100,1,1009.6,30,1,1009.5,275,2,1009.4,811,4,1009.3,754,10,1010.0,13986,123,1010.1,1630,7,1010.2,764,11,1010.3,777,11,1010.4,537,6
317,2025-11-26 12:07:50+05:30,1010.0,8,998.74,5792340,436200.0,335507.0,986.2,1010.0,981.3,986.2,120465000,1084.8,887.6,1102.5,649.1,1009.6,20,1,1009.5,73,1,1009.4,811,4,1009.3,742,9,1009.2,1195,19,1010.0,13132,108,1010.1,1862,9,1010.2,883,12,1010.3,777,11,1010.4,855,6
317,2025-11-26 12:07:51+05:30,1010.0,1,998.74,5792340,436200.0,335507.0,986.2,1010.0,981.3,986.2,120465000,1084.8,887.6,1102.5,649.1,1009.6,20,1,1009.5,73,1,1009.4,811,4,1009.3,742,9,1009.2,1195,19,1010.0,13132,108,1010.1,1862,9,1010.2,883,12,1010.3,777,11,1010.4,855,6
317,2025-11-26 12:07:51+05:30,1009.5,59,998.74,5792541,435516.0,335107.0,986.2,1010.0,981.3,986.2,120465000,1084.8,887.6,1102.5,649.1,1009.5,14,1,1009.4,902,4,1009.3,882,10,1009.2,1134,16,1009.1,1358,19,1010.0,13095,108,1010.1,1753,8,1010.2,781,12,1010.3,777,11,1010.4,520,5
317,2025-11-26 12:07:52+05:30,1010.0,399,998.74,5792541,435516.0,335107.0,986.2,1010.0,981.3,986.2,120465000,1084.8,887.6,1102.5,649.1,1009.5,14,1,1009.4,902,4,1009.3,882,10,1009.2,1134,16,1009.1,1358,19,1010.0,13095,108,1010.1,1753,8,1010.2,781,12,1010.3,777,11,1010.4,520,5
317,2025-11-26 12:07:52+05:30,1010.0,5,998.74,5793434,434299.0,334214.0,986.2,1010.0,981.3,986.2,120465000,1084.8,887.6,1102.5,649.1,1009.5,215,4,1009.4,1236,8,1009.3,1096,12,1009.2,985,15,1009.1,1052,17,1010.0,11507,99,1010.1,1463,5,1010.2,574,9,1010.3,777,11,1010.4,692,6
317,2025-11-26 12:07:53+05:30,1010.0,37,998.74,5793434,434299.0,334214.0,986.2,1010.0,981.3,986.2,120465000,1084.8,887.6,1102.5,649.1,1009.5,215,4,1009.4,1236,8,1009.3,1096,12,1009.2,985,15,1009.1,1052,17,1010.0,11507,99,1010.1,1463,5,1010.2,574,9,1010.3,777,11,1010.4,692,6
317,2025-11-26 12:07:53+05:30,1010.0,2,998.75,5793976,434670.0,333494.0,986.2,1010.0,981.3,986.2,120465000,1084.8,887.6,1102.5,649.1,1009.6,105,4,1009.5,401,7,1009.4,1420,9,1009.3,1096,12,1009.2,997,16,1010.0,11010,87,1010.1,1527,6,1010.2,712,10,1010.3,776,11,1010.4,568,5
317,2025-11-26 12:07:54+05:30,1010.0,2,998.75,5793976,434670.0,333494.0,986.2,1010.0,981.3,986.2,120465000,1084.8,887.6,1102.5,649.1,1009.6,105,4,1009.5,401,7,1009.4,1420,9,1009.3,1096,12,1009.2,997,16,1010.0,11010,87,1010.1,1527,6,1010.2,712,10,1010.3,776,11,1010.4,568,5
317,2025-11-26 12:07:54+05:30,1010.0,2,998.75,5793979,435321.0,333803.0,986.2,1010.0,981.3,986.2,120465000,1084.8,887.6,1102.5,649.1,1009.7,111,1,1009.6,84,4,1009.5,401,7,1009.4,1415,9,1009.3,1202,12,1010.0,11126,90,1010.1,1697,7,1010.2,729,11,1010.3,776,11,1010.4,568,5
317,2025-11-26 12:07:55+05:30,1010.0,1,998.75,5793979,435321.0,333803.0,986.2,1010.0,981.3,986.2,120465000,1084.8,887.6,1102.5,649.1,1009.7,111,1,1009.6,84,4,1009.5,401,7,1009.4,1415,9,1009.3,1202,12,1010.0,11126,90,1010.1,1697,7,1010.2,729,11,1010.3,776,11,1010.4,568,5
317,2025-11-26 12:07:55+05:30,1010.0,2,998.75,5794133,435549.0,333486.0,986.2,1010.0,981.3,986.2,120465000,1084.8,887.6,1102.5,649.1,1009.7,112,2,1009.6,171,6,1009.5,462,8,1009.4,1415,9,1009.3,1202,12,1010.0,10921,91,1010.1,1633,6,1010.2,648,9,1010.3,776,11,1010.4,568,5
317,2025-11-26 12:07:56+05:30,1010.0,2,998.75,5794133,435549.0,333486.0,986.2,1010.0,981.3,986.2,120465000,1084.8,887.6,1102.5,649.1,1009.7,112,2,1009.6,171,6,1009.5,462,8,1009.4,1415,9,1009.3,1202,12,1010.0,10921,91,1010.1,1633,6,1010.2,648,9,1010.3,776,11,1010.4,568,5
317,2025-11-26 12:07:56+05:30,1010.0,2,998.75,5794133,435549.0,333516.0,986.2,1010.0,981.3,986.2,120465000,1084.8,887.6,1102.5,649.1,1009.7,112,2,1009.6,171,6,1009.5,462,8,1009.4,1415,9,1009.3,1202,12,1010.0,10921,91,1010.1,1633,6,1010.2,648,9,1010.3,776,11,1010.4,598,6
317,2025-11-26 12:07:57+05:30,1010.0,2,998.75,5794133,435474.0,333622.0,986.2,1010.0,981.3,986.2,120465000,1084.8,887.6,1102.5,649.1,1009.7,112,2,1009.6,110,4,1009.5,448,7,1009.4,1415,9,1009.3,1202,12,1010.0,10921,91,1010.1,1633,6,1010.2,697,10,1010.3,776,11,1010.4,568,5
317,2025-11-26 12:07:58+05:30,1009.7,22,998.75,5794155,435530.0,333742.0,986.2,1010.0,981.3,986.2,120465000,1084.8,887.6,1102.5,649.1,1009.7,90,2,1009.6,99,5,1009.5,387,6,1009.4,1464,10,1009.3,1202,12,1010.0,10923,92,1010.1,1659,7,1010.2,808,12,1010.3,776,11,1010.4,568,5
317,2025-11-26 12:07:59+05:30,1009.7,22,998.75,5794155,435530.0,333742.0,986.2,1010.0,981.3,986.2,120465000,1084.8,887.6,1102.5,649.1,1009.7,90,2,1009.6,99,5,1009.5,387,6,1009.4,1464,10,1009.3,1202,12,1010.0,10923,92,1010.1,1659,7,1010.2,808,12,1010.3,776,11,1010.4,568,5
317,2025-11-26 12:07:59+05:30,1009.7,3,998.75,5794200,435318.0,333815.0,986.2,1010.0,981.3,986.2,120465000,1084.8,887.6,1102.5,649.1,1009.7,47,2,1009.6,94,4,1009.5,224,4,1009.4,1338,10,1009.3,1145,12,1010.0,11093,93,1010.1,1778,8,1010.2,825,13,1010.3,776,11,1010.4,396,4
317,2025-11-26 12:08:00+05:30,1009.8,100,998.75,5794200,435318.0,333815.0,986.2,1010.0,981.3,986.2,120465000,1084.8,887.6,1102.5,649.1,1009.7,47,2,1009.6,94,4,1009.5,224,4,1009.4,1338,10,1009.3,1145,12,1010.0,11093,93,1010.1,1778,8,1010.2,825,13,1010.3,776,11,1010.4,396,4
317,2025-11-26 12:08:00+05:30,1009.8,1,998.75,5794441,432577.0,324227.0,986.2,1010.0,981.3,986.2,120465000,1084.8,887.6,1102.5,649.1,1009.5,20,1,1009.4,834,5,1009.3,999,12,1009.2,972,14,1009.1,1240,18,1009.8,40,1,1009.9,202,1,1010.0,11303,95,1010.1,1940,10,1010.2,762,9
317,2025-11-26 12:08:01+05:30,1009.8,1,998.75,5794441,432577.0,324227.0,986.2,1010.0,981.3,986.2,120465000,1084.8,887.6,1102.5,649.1,1009.5,20,1,1009.4,834,5,1009.3,999,12,1009.2,972,14,1009.1,1240,18,1009.8,40,1,1009.9,202,1,1010.0,11303,95,1010.1,1940,10,1010.2,762,9
317,2025-11-26 12:08:01+05:30,1009.8,52,998.75,5794832,431467.0,324027.0,986.2,1010.0,981.3,986.2,120465000,1084.8,887.6,1102.5,649.1,1009.4,23,1,1009.3,852,10,1009.2,958,13,1009.1,1156,16,1009.0,1752,17,1009.8,71,1,1009.9,390,2,1010.0,11584,100,1010.1,1829,9,1010.2,765,9
317,2025-11-26 12:08:02+05:30,1010.0,99,998.75,5794832,431467.0,324027.0,986.2,1010.0,981.3,986.2,120465000,1084.8,887.6,1102.5,649.1,1009.4,23,1,1009.3,852,10,1009.2,958,13,1009.1,1156,16,1009.0,1752,17,1009.8,71,1,1009.9,390,2,1010.0,11584,100,1010.1,1829,9,1010.2,765,9
317,2025-11-26 12:08:02+05:30,1010.0,4,998.75,5795939,432456.0,323424.0,986.2,1010.0,981.3,986.2,120465000,1084.8,887.6,1102.5,649.1,1009.5,175,2,1009.4,1023,7,1009.3,1151,12,1009.2,980,14,1009.1,1056,16,1010.0,11289,101,1010.1,1780,8,1010.2,761,9,1010.3,839,14,1010.4,824,9
317,2025-11-26 12:08:03+05:30,1010.0,4,998.75,5795939,432456.0,323424.0,986.2,1010.0,981.3,986.2,120465000,1084.8,887.6,1102.5,649.1,1009.5,175,2,1009.4,1023,7,1009.3,1151,12,1009.2,980,14,1009.1,1056,16,1010.0,11289,101,1010.1,1780,8,1010.2,761,9,1010.3,839,14,1010.4,824,9
317,2025-11-26 12:08:03+05:30,1010.0,10,998.75,5795999,432190.0,323331.0,986.2,1010.0,981.3,986.2,120465000,1084.8,887.6,1102.5,649.1,1009.6,148,1,1009.5,125,2,1009.4,1018,6,1009.3,1177,14,1009.2,980,14,1010.0,11263,102,1010.1,1780,8,1010.2,761,9,1010.3,839,14,1010.4,824,9
317,2025-11-26 12:08:04+05:30,1010.0,22,998.75,5795999,432190.0,323331.0,986.2,1010.0,981.3,986.2,120465000,1084.8,887.6,1102.5,649.1,1009.6,148,1,1009.5,125,2,1009.4,1018,6,1009.3,1177,14,1009.2,980,14,1010.0,11263,102,1010.1,1780,8,1010.2,761,9,1010.3,839,14,1010.4,824,9
317,2025-11-26 12:08:04+05:30,1010.0,120,998.75,5797278,433659.0,323604.0,986.2,1010.0,981.3,986.2,120465000,1084.8,887.6,1102.5,649.1,1009.8,140,1,1009.6,31,2,1009.5,258,2,1009.4,915,8,1009.3,995,11,1010.0,10904,97,1010.1,1718,6,1010.2,639,7,1010.3,839,14,1010.4,678,8
317,2025-11-26 12:08:05+05:30,1010.0,2,998.75,5797278,433659.0,323604.0,986.2,1010.0,981.3,986.2,120465000,1084.8,887.6,1102.5,649.1,1009.8,140,1,1009.6,31,2,1009.5,258,2,1009.4,915,8,1009.3,995,11,1010.0,10904,97,1010.1,1718,6,1010.2,639,7,1010.3,839,14,1010.4,678,8
317,2025-11-26 12:08:05+05:30,1010.0,2,998.75,5797280,454467.0,344328.0,986.2,1010.0,981.3,986.2,120465000,1084.8,887.6,1102.5,649.1,1009.9,49,1,1009.8,157,2,1009.7,200,1,1009.6,233,3,1009.5,399,4,1010.0,10714,96,1010.1,1620,5,1010.2,590,7,1010.3,950,15,1010.4,723,7
317,2025-11-26 12:08:06+05:30,1010.0,20,998.75,5797280,454467.0,344328.0,986.2,1010.0,981.3,986.2,120465000,1084.8,887.6,1102.5,649.1,1009.9,49,1,1009.8,157,2,1009.7,200,1,1009.6,233,3,1009.5,399,4,1010.0,10714,96,1010.1,1620,5,1010.2,590,7,1010.3,950,15,1010.4,723,7
317,2025-11-26 12:08:06+05:30,1010.0,10,998.75,5797688,454368.0,343657.0,986.2,1010.0,981.3,986.2,120465000,1084.8,887.6,1102.5,649.1,1009.9,79,2,1009.8,157,2,1009.7,271,3,1009.6,288,4,1009.5,501,5,1010.0,10301,94,1010.1,1339,3,1010.2,645,7,1010.3,790,13,1010.4,674,6
317,2025-11-26 12:08:07+05:30,1009.9,6,998.75,5797688,454368.0,343657.0,986.2,1010.0,981.3,986.2,120465000,1084.8,887.6,1102.5,649.1,1009.9,79,2,1009.8,157,2,1009.7,271,3,1009.6,288,4,1009.5,501,5,1010.0,10301,94,1010.1,1339,3,1010.2,645,7,1010.3,790,13,1010.4,674,6
317,2025-11-26 12:08:07+05:30,1009.9,6,998.75,5797773,454209.0,343613.0,986.2,1010.0,981.3,986.2,120465000,1084.8,887.6,1102.5,649.1,1009.9,43,1,1009.8,157,2,1009.7,200,1,1009.6,399,5,1009.5,949,10,1010.0,10301,94,1010.1,1339,3,1010.2,645,7,1010.3,777,12,1010.4,700,8
317,2025-11-26 12:08:08+05:30,1010.0,9,998.75,5797773,454209.0,343613.0,986.2,1010.0,981.3,986.2,120465000,1084.8,887.6,1102.5,649.1,1009.9,43,1,1009.8,157,2,1009.7,200,1,1009.6,399,5,1009.5,949,10,1010.0,10301,94,1010.1,1339,3,1010.2,645,7,1010.3,777,12,1010.4,700,8
317,2025-11-26 12:08:08+05:30,1010.0,4,998.75,5797856,453954.0,343521.0,986.2,1010.0,981.3,986.2,120465000,1084.8,887.6,1102.5,649.1,1009.9,43,1,1009.8,157,2,1009.7,200,1,1009.6,452,7,1009.5,1014,11,1010.0,10223,94,1010.1,1450,4,1010.2,645,7,1010.3,721,11,1010.4,713,9
317,2025-11-26 12:08:09+05:30,1010.0,2,998.75,5797856,453954.0,343521.0,986.2,1010.0,981.3,986.2,120465000,1084.8,887.6,1102.5,649.1,1009.9,43,1,1009.8,157,2,1009.7,200,1,1009.6,452,7,1009.5,1014,11,1010.0,10223,94,1010.1,1450,4,1010.2,645,7,1010.3,721,11,1010.4,713,9
317,2025-11-26 12:08:09+05:30,1009.9,10,998.75,5797899,453480.0,344014.0,986.2,1010.0,981.3,986.2,120465000,1084.8,887.6,1102.5,649.1,1009.9,33,1,1009.8,157,2,1009.7,200,1,1009.6,197,4,1009.5,812,10,1010.0,10315,92,1010.1,1700,7,1010.2,481,5,1010.3,845,14,1010.4,749,9
317,2025-11-26 12:08:10+05:30,1009.9,1,998.75,5797899,453480.0,344014.0,986.2,1010.0,981.3,986.2,120465000,1084.8,887.6,1102.5,649.1,1009.9,33,1,1009.8,157,2,1009.7,200,1,1009.6,197,4,1009.5,812,10,1010.0,10315,92,1010.1,1700,7,1010.2,481,5,1010.3,845,14,1010.4,749,9
317,2025-11-26 12:08:10+05:30,1009.9,2,998.75,5798035,453411.0,343243.0,986.2,1010.0,981.3,986.2,120465000,1084.8,887.6,1102.5,649.1,1009.8,157,2,1009.7,200,1,1009.6,31,2,1009.5,809,10,1009.4,818,9,1009.9,72,1,1010.0,10212,91,1010.1,1594,7,1010.2,510,6,1010.3,941,13
317,2025-11-26 12:08:11+05:30,1009.9,2,998.75,5798035,453411.0,343243.0,986.2,1010.0,981.3,986.2,120465000,1084.8,887.6,1102.5,649.1,1009.8,157,2,1009.7,200,1,1009.6,31,2,1009.5,809,10,1009.4,818,9,1009.9,72,1,1010.0,10212,91,1010.1,1594,7,1010.2,510,6,1010.3,941,13
317,2025-11-26 12:08:11+05:30,1009.9,2,998.75,5798035,453361.0,343243.0,986.2,1010.0,981.3,986.2,120465000,1084.8,887.6,1102.5,649.1,1009.8,157,2,1009.7,200,1,1009.6,31,2,1009.5,809,10,1009.4,818,9,1009.9,72,1,1010.0,10212,91,1010.1,1594,7,1010.2,510,6,1010.3,941,13
317,2025-11-26 12:08:12+05:30,1009.9,4,998.75,5798044,455793.0,342948.0,986.2,1010.0,981.3,986.2,120465000,1084.8,887.6,1102.5,649.1,1009.8,188,3,1009.7,461,5,1009.6,778,12,1009.5,943,16,1009.4,818,9,1009.9,63,1,1010.0,10312,92,1010.1,1209,4,1010.2,188,1,1010.3,373,6
317,2025-11-26 12:08:13+05:30,1009.9,140,998.75,5798044,455793.0,342948.0,986.2,1010.0,981.3,986.2,120465000,1084.8,887.6,1102.5,649.1,1009.8,188,3,1009.7,461,5,1009.6,778,12,1009.5,943,16,1009.4,818,9,1009.9,63,1,1010.0,10312,92,1010.1,1209,4,1010.2,188,1,1010.3,373,6
317,2025-11-26 12:08:13+05:30,1009.9,140,998.75,5798190,455721.0,343135.0,986.2,1010.0,981.3,986.2,120465000,1084.8,887.6,1102.5,649.1,1009.8,17,1,1009.7,461,5,1009.6,778,12,1009.5,943,16,1009.4,818,9,1009.9,125,2,1010.0,10372,93,1010.1,1209,4,1010.2,188,1,1010.3,320,5
317,2025-11-26 12:08:14+05:30,1010.0,10,998.75,5798190,455721.0,343135.0,986.2,1010.0,981.3,986.2,120465000,1084.8,887.6,1102.5,649.1,1009.8,17,1,1009.7,461,5,1009.6,778,12,1009.5,943,16,1009.4,818,9,1009.9,125,2,1010.0,10372,93,1010.1,1209,4,1010.2,188,1,1010.3,320,5
317,2025-11-26 12:08:14+05:30,1010.1,3,998.78,5812810,456147.0,325577.0,986.2,1010.3,981.3,986.2,120465000,1084.8,887.6,1102.5,649.1,1010.1,34,2,1010.0,406,8,1009.9,719,12,1009.8,839,8,1009.7,1278,12,1010.3,9,1,1010.4,1,1,1010.5,262,11,1010.6,783,5,1010.7,529,7
317,2025-11-26 12:08:15+05:30,1010.0,14,998.78,5812810,456147.0,325577.0,986.2,1010.3,981.3,986.2,120465000,1084.8,887.6,1102.5,649.1,1010.1,34,2,1010.0,406,8,1009.9,719,12,1009.8,839,8,1009.7,1278,12,1010.3,9,1,1010.4,1,1,1010.5,262,11,1010.6,783,5,1010.7,529,7
317,2025-11-26 12:08:15+05:30,1010.0,22,998.78,5813451,454393.0,326735.0,986.2,1010.3,981.3,986.2,120465000,1084.8,887.6,1102.5,649.1,1010.0,179,6,1009.9,640,8,1009.8,1228,10,1009.7,1098,12,1009.6,1869,19,1010.3,1,1,1010.4,1,1,1010.5,320,12,1010.6,1010,8,1010.7,509,6
317,2025-11-26 12:08:16+05:30,1009.9,8,998.78,5813451,454393.0,326735.0,986.2,1010.3,981.3,986.2,120465000,1084.8,887.6,1102.5,649.1,1010.0,179,6,1009.9,640,8,1009.8,1228,10,1009.7,1098,12,1009.6,1869,19,1010.3,1,1,1010.4,1,1,1010.5,320,12,1010.6,1010,8,1010.7,509,6
317,2025-11-26 12:08:16+05:30,1010.2,87,998.79,5816571,452766.0,329814.0,986.2,1010.3,981.3,986.2,120465000,1084.8,887.6,1102.5,649.1,1009.8,708,8,1009.7,1315,9,1009.6,1084,14,1009.5,955,16,1009.4,1275,10,1010.3,108,3,1010.4,971,3,1010.5,642,15,1010.6,523,9,1010.7,733,8
317,2025-11-26 12:08:17+05:30,1010.0,118,998.79,5816571,452766.0,329814.0,986.2,1010.3,981.3,986.2,120465000,1084.8,887.6,1102.5,649.1,1009.8,708,8,1009.7,1315,9,1009.6,1084,14,1009.5,955,16,1009.4,1275,10,1010.3,108,3,1010.4,971,3,1010.5,642,15,1010.6,523,9,1010.7,733,8
317,2025-11-26 12:08:17+05:30,1010.0,100,998.79,5817188,451288.0,335856.0,986.2,1010.3,981.3,986.2,120465000,1084.8,887.6,1102.5,649.1,1009.6,284,5,1009.5,714,14,1009.4,1405,11,1009.3,2119,13,1009.2,1473,11,1010.0,600,1,1010.1,236,3,1010.2,1016,6,1010.3,1577,9,1010.4,601,9
317,2025-11-26 12:08:18+05:30,1009.6,1,998.79,5817188,451288.0,335856.0,986.2,1010.3,981.3,986.2,120465000,1084.8,887.6,1102.5,649.1,1009.6,284,5,1009.5,714,14,1009.4,1405,11,1009.3,2119,13,1009.2,1473,11,1010.0,600,1,1010.1,236,3,1010.2,1016,6,1010.3,1577,9,1010.4,601,9
317,2025-11-26 12:08:18+05:30,1009.5,24,998.79,5817658,447265.0,339903.0,986.2,1010.3,981.3,986.2,120465000,1084.8,887.6,1102.5,649.1,1009.5,41,1,1009.4,545,1,1009.3,539,6,1009.2,1007,11,1009.1,1538,12,1009.9,641,6,1010.0,1250,8,1010.1,1271,8,1010.2,650,6,1010.3,1563,13
317,2025-11-26 12:08:19+05:30,1009.9,50,998.79,5817658,447265.0,339903.0,986.2,1010.3,981.3,986.2,120465000,1084.8,887.6,1102.5,649.1,1009.5,41,1,1009.4,545,1,1009.3,539,6,1009.2,1007,11,1009.1,1538,12,1009.9,641,6,1010.0,1250,8,1010.1,1271,8,1010.2,650,6,1010.3,1563,13
317,2025-11-26 12:08:19+05:30,1009.9,3,998.79,5818253,449680.0,338989.0,986.2,1010.3,981.3,986.2,120465000,1084.8,887.6,1102.5,649.1,1009.5,282,6,1009.4,805,4,1009.3,1125,9,1009.2,1226,18,1009.1,1538,12,1009.9,32,1,1010.0,729,3,1010.1,1290,7,1010.2,633,7,1010.3,1540,11
317,2025-11-26 12:08:20+05:30,1009.7,1,998.79,5818253,449680.0,338989.0,986.2,1010.3,981.3,986.2,120465000,1084.8,887.6,1102.5,649.1,1009.5,282,6,1009.4,805,4,1009.3,1125,9,1009.2,1226,18,1009.1,1538,12,1009.9,32,1,1010.0,729,3,1010.1,1290,7,1010.2,633,7,1010.3,1540,11
317,2025-11-26 12:08:21+05:30,1009.7,1,998.79,5818300,450647.0,341337.0,986.2,1010.3,981.3,986.2,120465000,1084.8,887.6,1102.5,649.1,1009.3,1225,8,1009.2,1140,13,1009.1,1689,14,1009.0,1755,16,1008.9,1442,17,1009.7,382,1,1010.0,932,5,1010.1,1497,9,1010.2,713,9,1010.3,1540,11
317,2025-11-26 12:08:21+05:30,1009.7,1,998.79,5818300,450647.0,341337.0,986.2,1010.3,981.3,986.2,120465000,1084.8,887.6,1102.5,649.1,1009.3,1225,8,1009.2,1140,13,1009.1,1689,14,1009.0,1755,16,1008.9,1442,17,1009.7,382,1,1010.0,932,5,1010.1,1497,9,1010.2,713,9,1010.3,1540,11
317,2025-11-26 12:08:22+05:30,1009.7,1,998.79,5818300,451565.0,341113.0,986.2,1010.3,981.3,986.2,120465000,1084.8,887.6,1102.5,649.1,1009.3,1238,9,1009.2,1140,13,1009.1,1689,14,1009.0,1785,17,1008.9,1467,18,1009.7,382,1,1010.0,932,5,1010.1,1497,9,1010.2,713,9,1010.3,1540,11
317,2025-11-26 12:08:23+05:30,1009.7,4,998.79,5818308,451854.0,340994.0,986.2,1010.3,981.3,986.2,120465000,1084.8,887.6,1102.5,649.1,1009.3,1339,10,1009.2,1140,13,1009.1,1689,14,1009.0,1785,17,1008.9,1467,18,1009.7,374,1,1010.0,1003,7,1010.1,1497,9,1010.2,650,8,1010.3,1540,11
317,2025-11-26 12:08:23+05:30,1009.7,4,998.79,5818308,451854.0,340994.0,986.2,1010.3,981.3,986.2,120465000,1084.8,887.6,1102.5,649.1,1009.3,1339,10,1009.2,1140,13,1009.1,1689,14,1009.0,1785,17,1008.9,1467,18,1009.7,374,1,1010.0,1003,7,1010.1,1497,9,1010.2,650,8,1010.3,1540,11
317,2025-11-26 12:08:24+05:30,1009.7,315,998.79,5818623,452261.0,341249.0,986.2,1010.3,981.3,986.2,120465000,1084.8,887.6,1102.5,649.1,1009.4,538,6,1009.3,1368,10,1009.2,1044,13,1009.1,1674,13,1009.0,1785,17,1009.7,59,1,1010.0,1350,6,1010.1,1353,7,1010.2,781,8,1010.3,1540,11
317,2025-11-26 12:08:24+05:30,1009.4,1,998.79,5818623,452261.0,341249.0,986.2,1010.3,981.3,986.2,120465000,1084.8,887.6,1102.5,649.1,1009.4,538,6,1009.3,1368,10,1009.2,1044,13,1009.1,1674,13,1009.0,1785,17,1009.7,59,1,1010.0,1350,6,1010.1,1353,7,1010.2,781,8,1010.3,1540,11
317,2025-11-26 12:08:25+05:30,1009.4,11,998.8,5819724,454631.0,341294.0,986.2,1010.3,981.3,986.2,120465000,1084.8,887.6,1102.5,649.1,1009.3,179,3,1009.2,778,10,1009.1,1351,11,1009.0,5093,20,1008.9,1048,15,1009.4,401,1,1009.8,188,1,1009.9,602,2,1010.0,1670,15,1010.1,2126,9
317,2025-11-26 12:08:25+05:30,1009.4,1,998.8,5819724,454631.0,341294.0,986.2,1010.3,981.3,986.2,120465000,1084.8,887.6,1102.5,649.1,1009.3,179,3,1009.2,778,10,1009.1,1351,11,1009.0,5093,20,1008.9,1048,15,1009.4,401,1,1009.8,188,1,1009.9,602,2,1010.0,1670,15,1010.1,2126,9
317,2025-11-26 12:08:26+05:30,1009.4,750,998.8,5822638,458890.0,341649.0,986.2,1010.3,981.3,986.2,120465000,1084.8,887.6,1102.5,649.1,1009.3,11,1,1009.2,720,9,1009.1,1207,8,1009.0,6730,23,1008.9,1869,13,1009.4,177,1,1009.8,239,2,1009.9,672,3,1010.0,1281,6,1010.1,1241,5
317,2025-11-26 12:08:26+05:30,1009.4,750,998.8,5822638,458890.0,341649.0,986.2,1010.3,981.3,986.2,120465000,1084.8,887.6,1102.5,649.1,1009.3,11,1,1009.2,720,9,1009.1,1207,8,1009.0,6730,23,1008.9,1869,13,1009.4,177,1,1009.8,239,2,1009.9,672,3,1010.0,1281,6,1010.1,1241,5
317,2025-11-26 12:08:27+05:30,1009.8,12,998.8,5823082,457056.0,339033.0,986.2,1010.3,981.3,986.2,120465000,1084.8,887.6,1102.5,649.1,1009.3,1111,10,1009.2,1373,13,1009.1,1586,12,1009.0,5767,21,1008.9,1649,11,1009.8,75,1,1009.9,448,1,1010.0,1899,8,1010.1,1448,13,1010.2,596,8
317,2025-11-26 12:08:27+05:30,1009.8,12,998.8,5823082,457056.0,339033.0,986.2,1010.3,981.3,986.2,120465000,1084.8,887.6,1102.5,649.1,1009.3,1111,10,1009.2,1373,13,1009.1,1586,12,1009.0,5767,21,1008.9,1649,11,1009.8,75,1,1009.9,448,1,1010.0,1899,8,1010.1,1448,13,1010.2,596,8
317,2025-11-26 12:08:28+05:30,1009.3,94,998.8,5823580,455521.0,339457.0,986.2,1010.3,981.3,986.2,120465000,1084.8,887.6,1102.5,649.1,1009.4,144,3,1009.3,1141,8,1009.2,1270,14,1009.1,1581,11,1009.0,4267,19,1009.8,75,1,1009.9,758,3,1010.0,2047,10,1010.1,1549,14,1010.2,595,7
317,2025-11-26 12:08:28+05:30,1009.3,94,998.8,5823580,455521.0,339457.0,986.2,1010.3,981.3,986.2,120465000,1084.8,887.6,1102.5,649.1,1009.4,144,3,1009.3,1141,8,1009.2,1270,14,1009.1,1581,11,1009.0,4267,19,1009.8,75,1,1009.9,758,3,1010.0,2047,10,1010.1,1549,14,1010.2,595,7
317,2025-11-26 12:08:29+05:30,1009.7,44,998.8,5823839,452976.0,341345.0,986.2,1010.3,981.3,986.2,120465000,1084.8,887.6,1102.5,649.1,1009.3,5,1,1009.2,916,7,1009.1,1631,11,1009.0,4490,25,1008.9,1618,10,1009.7,26,1,1009.8,1146,8,1009.9,1173,7,1010.0,1717,11,1010.1,1549,14
317,2025-11-26 12:08:29+05:30,1009.7,44,998.8,5823839,452976.0,341345.0,986.2,1010.3,981.3,986.2,120465000,1084.8,887.6,1102.5,649.1,1009.3,5,1,1009.2,916,7,1009.1,1631,11,1009.0,4490,25,1008.9,1618,10,1009.7,26,1,1009.8,1146,8,1009.9,1173,7,1010.0,1717,11,1010.1,1549,14
317,2025-11-26 12:08:30+05:30,1009.5,10,998.81,5825816,455883.0,342117.0,986.2,1010.3,981.3,986.2,120465000,1084.8,887.6,1102.5,649.1,1009.3,285,4,1009.2,1385,9,1009.1,1333,10,1009.0,5196,26,1008.9,1618,10,1009.5,74,1,1009.9,1025,6,1010.0,1756,13,1010.1,1548,14,1010.2,1411,9
317,2025-11-26 12:08:30+05:30,1009.5,10,998.81,5825816,455883.0,342117.0,986.2,1010.3,981.3,986.2,120465000,1084.8,887.6,1102.5,649.1,1009.3,285,4,1009.2,1385,9,1009.1,1333,10,1009.0,5196,26,1008.9,1618,10,1009.5,74,1,1009.9,1025,6,1010.0,1756,13,1010.1,1548,14,1010.2,1411,9
317,2025-11-26 12:08:31+05:30,1009.3,5,998.81,5825816,455883.0,342117.0,986.2,1010.3,981.3,986.2,120465000,1084.8,887.6,1102.5,649.1,1009.3,285,4,1009.2,1385,9,1009.1,1333,10,1009.0,5196,26,1008.9,1618,10,1009.5,74,1,1009.9,1025,6,1010.0,1756,13,1010.1,1548,14,1010.2,1411,9
317,2025-11-26 12:08:31+05:30,1009.5,50,998.81,5826107,456601.0,341992.0,986.2,1010.3,981.3,986.2,120465000,1084.8,887.6,1102.5,649.1,1009.3,391,4,1009.2,1160,11,1009.1,1557,12,1009.0,5946,27,1008.9,1618,10,1009.5,127,1,1009.9,1326,6,1010.0,1750,13,1010.1,1548,14,1010.2,1411,9
317,2025-11-26 12:08:32+05:30,1009.8,373,998.81,5826107,456601.0,341992.0,986.2,1010.3,981.3,986.2,120465000,1084.8,887.6,1102.5,649.1,1009.3,391,4,1009.2,1160,11,1009.1,1557,12,1009.0,5946,27,1008.9,1618,10,1009.5,127,1,1009.9,1326,6,1010.0,1750,13,1010.1,1548,14,1010.2,1411,9
317,2025-11-26 12:08:32+05:30,1009.8,373,998.81,5826608,455703.0,340663.0,986.2,1010.3,981.3,986.2,120465000,1084.8,887.6,1102.5,649.1,1009.4,317,3,1009.3,968,7,1009.2,1027,10,1009.1,1392,11,1009.0,5539,29,1009.8,296,2,1009.9,792,6,1010.0,2303,15,1010.1,1373,12,1010.2,688,10
317,2025-11-26 12:08:33+05:30,1009.4,21,998.81,5826608,455703.0,340663.0,986.2,1010.3,981.3,986.2,120465000,1084.8,887.6,1102.5,649.1,1009.4,317,3,1009.3,968,7,1009.2,1027,10,1009.1,1392,11,1009.0,5539,29,1009.8,296,2,1009.9,792,6,1010.0,2303,15,1010.1,1373,12,1010.2,688,10
317,2025-11-26 12:08:33+05:30,1009.4,21,998.81,5826664,454613.0,340857.0,986.2,1010.3,981.3,986.2,120465000,1084.8,887.6,1102.5,649.1,1009.4,262,3,1009.3,987,7,1009.2,1194,11,1009.1,1534,11,1009.0,4465,26,1009.8,475,3,1009.9,876,5,1010.0,2848,20,1010.1,1436,13,1010.2,500,9
317,2025-11-26 12:08:34+05:30,1009.8,118,998.81,5826664,454613.0,340857.0,986.2,1010.3,981.3,986.2,120465000,1084.8,887.6,1102.5,649.1,1009.4,262,3,1009.3,987,7,1009.2,1194,11,1009.1,1534,11,1009.0,4465,26,1009.8,475,3,1009.9,876,5,1010.0,2848,20,1010.1,1436,13,1010.2,500,9
317,2025-11-26 12:08:34+05:30,1009.8,118,998.81,5827079,456174.0,339351.0,986.2,1010.3,981.3,986.2,120465000,1084.8,887.6,1102.5,649.1,1009.5,1115,5,1009.4,1123,8,1009.3,980,10,1009.2,1268,13,1009.1,1996,16,1009.9,497,3,1010.0,2061,15,1010.1,1245,6,1010.2,757,14,1010.3,1412,9
317,2025-11-26 12:08:35+05:30,1009.8,195,998.81,5827079,456174.0,339351.0,986.2,1010.3,981.3,986.2,120465000,1084.8,887.6,1102.5,649.1,1009.5,1115,5,1009.4,1123,8,1009.3,980,10,1009.2,1268,13,1009.1,1996,16,1009.9,497,3,1010.0,2061,15,1010.1,1245,6,1010.2,757,14,1010.3,1412,9
317,2025-11-26 12:08:35+05:30,1009.8,195,998.81,5827280,450390.0,339948.0,986.2,1010.3,981.3,986.2,120465000,1084.8,887.6,1102.5,649.1,1009.5,311,2,1009.4,229,2,1009.3,799,8,1009.2,1558,10,1009.1,1667,12,1009.8,151,2,1009.9,252,4,1010.0,2159,16,1010.1,1355,8,1010.2,746,14
317,2025-11-26 12:08:36+05:30,1009.8,1,998.81,5827280,450390.0,339948.0,986.2,1010.3,981.3,986.2,120465000,1084.8,887.6,1102.5,649.1,1009.5,311,2,1009.4,229,2,1009.3,799,8,1009.2,1558,10,1009.1,1667,12,1009.8,151,2,1009.9,252,4,1010.0,2159,16,1010.1,1355,8,1010.2,746,14
317,2025-11-26 12:08:36+05:30,1009.8,12,998.81,5827496,451019.0,340946.0,986.2,1010.3,981.3,986.2,120465000,1084.8,887.6,1102.5,649.1,1009.5,190,1,1009.4,515,5,1009.3,1508,11,1009.2,1289,10,1009.1,1938,16,1009.8,36,1,1009.9,725,5,1010.0,1973,14,1010.1,1355,8,1010.2,999,15
317,2025-11-26 12:08:37+05:30,1009.8,12,998.81,5827496,451019.0,340946.0,986.2,1010.3,981.3,986.2,120465000,1084.8,887.6,1102.5,649.1,1009.5,190,1,1009.4,515,5,1009.3,1508,11,1009.2,1289,10,1009.1,1938,16,1009.8,36,1,1009.9,725,5,1010.0,1973,14,1010.1,1355,8,1010.2,999,15
317,2025-11-26 12:08:37+05:30,1009.9,17,998.81,5827746,451044.0,339428.0,986.2,1010.3,981.3,986.2,120465000,1084.8,887.6,1102.5,649.1,1009.5,213,2,1009.4,834,7,1009.3,1520,11,1009.2,1289,10,1009.1,2093,17,1009.9,150,2,1010.0,1973,14,1010.1,1374,9,1010.2,991,15,1010.3,1601,10
317,2025-11-26 12:08:38+05:30,1009.9,17,998.81,5827746,451044.0,339428.0,986.2,1010.3,981.3,986.2,120465000,1084.8,887.6,1102.5,649.1,1009.5,213,2,1009.4,834,7,1009.3,1520,11,1009.2,1289,10,1009.1,2093,17,1009.9,150,2,1010.0,1973,14,1010.1,1374,9,1010.2,991,15,1010.3,1601,10
317,2025-11-26 12:08:38+05:30,1009.9,26,998.81,5828999,450028.0,339957.0,986.2,1010.3,981.3,986.2,120465000,1084.8,887.6,1102.5,649.1,1009.5,261,4,1009.4,556,6,1009.3,901,9,1009.2,1477,11,1009.1,2035,15,1009.9,251,7,1010.0,2111,17,1010.1,1342,7,1010.2,666,11,1010.3,1413,9
317,2025-11-26 12:08:39+05:30,1009.5,34,998.81,5828999,450028.0,339957.0,986.2,1010.3,981.3,986.2,120465000,1084.8,887.6,1102.5,649.1,1009.5,261,4,1009.4,556,6,1009.3,901,9,1009.2,1477,11,1009.1,2035,15,1009.9,251,7,1010.0,2111,17,1010.1,1342,7,1010.2,666,11,1010.3,1413,9
317,2025-11-26 12:08:39+05:30,1009.5,34,998.81,5829033,450930.0,340351.0,986.2,1010.3,981.3,986.2,120465000,1084.8,887.6,1102.5,649.1,1009.5,227,4,1009.4,537,5,1009.3,901,9,1009.2,889,12,1009.1,1905,14,1009.9,635,11,1010.0,1838,16,1010.1,1361,8,1010.2,715,12,1010.3,1413,9
317,2025-11-26 12:08:40+05:30,1009.7,1,998.81,5829033,450930.0,340351.0,986.2,1010.3,981.3,986.2,120465000,1084.8,887.6,1102.5,649.1,1009.5,227,4,1009.4,537,5,1009.3,901,9,1009.2,889,12,1009.1,1905,14,1009.9,635,11,1010.0,1838,16,1010.1,1361,8,1010.2,715,12,1010.3,1413,9
317,2025-11-26 12:08:41+05:30,1009.7,79,998.81,5829215,450860.0,341411.0,986.2,1010.3,981.3,986.2,120465000,1084.8,887.6,1102.5,649.1,1009.5,166,2,1009.4,230,3,1009.3,1036,10,1009.2,811,10,1009.1,1924,15,1009.7,3,1,1009.9,549,11,1010.0,1833,15,1010.1,1361,8,1010.2,870,13
317,2025-11-26 12:08:41+05:30,1009.7,15,998.81,5829215,450860.0,341411.0,986.2,1010.3,981.3,986.2,120465000,1084.8,887.6,1102.5,649.1,1009.5,166,2,1009.4,230,3,1009.3,1036,10,1009.2,811,10,1009.1,1924,15,1009.7,3,1,1009.9,549,11,1010.0,1833,15,1010.1,1361,8,1010.2,870,13
317,2025-11-26 12:08:42+05:30,1009.5,121,998.81,5829354,452853.0,341410.0,986.2,1010.3,981.3,986.2,120465000,1084.8,887.6,1102.5,649.1,1009.5,42,2,1009.4,230,3,1009.3,247,7,1009.2,1234,10,1009.1,2203,15,1009.7,84,1,1009.8,368,3,1009.9,391,10,1010.0,1987,16,1010.1,1474,9
317,2025-11-26 12:08:42+05:30,1009.7,50,998.81,5829354,452853.0,341410.0,986.2,1010.3,981.3,986.2,120465000,1084.8,887.6,1102.5,649.1,1009.5,42,2,1009.4,230,3,1009.3,247,7,1009.2,1234,10,1009.1,2203,15,1009.7,84,1,1009.8,368,3,1009.9,391,10,1010.0,1987,16,1010.1,1474,9
317,2025-11-26 12:08:43+05:30,1009.7,5,998.81,5829492,446120.0,341722.0,986.2,1010.3,981.3,986.2,120465000,1084.8,887.6,1102.5,649.1,1009.5,42,2,1009.4,230,3,1009.3,784,8,1009.2,1105,11,1009.1,1905,14,1009.7,75,1,1009.8,213,2,1009.9,567,12,1010.0,1832,15,1010.1,1455,8
317,2025-11-26 12:08:43+05:30,1009.7,5,998.81,5829492,446120.0,341722.0,986.2,1010.3,981.3,986.2,120465000,1084.8,887.6,1102.5,649.1,1009.5,42,2,1009.4,230,3,1009.3,784,8,1009.2,1105,11,1009.1,1905,14,1009.7,75,1,1009.8,213,2,1009.9,567,12,1010.0,1832,15,1010.1,1455,8
317,2025-11-26 12:08:44+05:30,1009.5,1,998.81,5829493,448013.0,341751.0,986.2,1010.3,981.3,986.2,120465000,1084.8,887.6,1102.5,649.1,1009.5,41,2,1009.4,230,3,1009.3,1237,10,1009.2,807,10,1009.1,1905,14,1009.7,75,1,1009.8,257,3,1009.9,511,11,1010.0,1832,15,1010.1,1455,8
317,2025-11-26 12:08:44+05:30,1009.7,25,998.81,5829493,448013.0,341751.0,986.2,1010.3,981.3,986.2,120465000,1084.8,887.6,1102.5,649.1,1009.5,41,2,1009.4,230,3,1009.3,1237,10,1009.2,807,10,1009.1,1905,14,1009.7,75,1,1009.8,257,3,1009.9,511,11,1010.0,1832,15,1010.1,1455,8
317,2025-11-26 12:08:45+05:30,1009.5,1,998.81,5829568,449395.0,342905.0,986.2,1010.3,981.3,986.2,120465000,1084.8,887.6,1102.5,649.1,1009.4,200,2,1009.3,317,6,1009.2,1131,11,1009.1,1701,12,1009.0,5169,23,1009.5,84,1,1009.8,271,3,1009.9,215,8,1010.0,1788,17,1010.1,1610,9
317,2025-11-26 12:08:45+05:30,1009.5,1,998.81,5829568,449395.0,342905.0,986.2,1010.3,981.3,986.2,120465000,1084.8,887.6,1102.5,649.1,1009.4,200,2,1009.3,317,6,1009.2,1131,11,1009.1,1701,12,1009.0,5169,23,1009.5,84,1,1009.8,271,3,1009.9,215,8,1010.0,1788,17,1010.1,1610,9
317,2025-11-26 12:08:46+05:30,1009.5,1,998.81,5829569,450291.0,342958.0,986.2,1010.3,981.3,986.2,120465000,1084.8,887.6,1102.5,649.1,1009.4,200,2,1009.3,615,7,1009.2,833,10,1009.1,1749,14,1009.0,5919,24,1009.5,83,1,1009.8,459,4,1009.9,298,9,1010.0,1856,19,1010.1,1629,10
317,2025-11-26 12:08:46+05:30,1009.5,1,998.81,5829569,450291.0,342958.0,986.2,1010.3,981.3,986.2,120465000,1084.8,887.6,1102.5,649.1,1009.4,200,2,1009.3,615,7,1009.2,833,10,1009.1,1749,14,1009.0,5919,24,1009.5,83,1,1009.8,459,4,1009.9,298,9,1010.0,1856,19,1010.1,1629,10
317,2025-11-26 12:08:47+05:30,1009.5,1,998.81,5829569,450418.0,342781.0,986.2,1010.3,981.3,986.2,120465000,1084.8,887.6,1102.5,649.1,1009.4,200,2,1009.3,615,7,1009.2,833,10,1009.1,1749,14,1009.0,6090,26,1009.5,83,1,1009.8,459,4,1009.9,298,9,1010.0,1905,20,1010.1,1629,10
317,2025-11-26 12:08:47+05:30,1009.5,1,998.81,5829569,450418.0,342781.0,986.2,1010.3,981.3,986.2,120465000,1084.8,887.6,1102.5,649.1,1009.4,200,2,1009.3,615,7,1009.2,833,10,1009.1,1749,14,1009.0,6090,26,1009.5,83,1,1009.8,459,4,1009.9,298,9,1010.0,1905,20,1010.1,1629,10
317,2025-11-26 12:08:48+05:30,1009.5,133,998.81,5829569,450418.0,342781.0,986.2,1010.3,981.3,986.2,120465000,1084.8,887.6,1102.5,649.1,1009.4,200,2,1009.3,615,7,1009.2,833,10,1009.1,1749,14,1009.0,6090,26,1009.5,83,1,1009.8,459,4,1009.9,298,9,1010.0,1905,20,1010.1,1629,10
317,2025-11-26 12:08:48+05:30,1009.5,133,998.81,5830008,450520.0,342571.0,986.2,1010.3,981.3,986.2,120465000,1084.8,887.6,1102.5,649.1,1009.4,79,2,1009.3,57,3,1009.2,890,9,1009.1,2059,16,1009.0,6090,26,1009.5,125,2,1009.6,39,1,1009.8,227,2,1009.9,505,10,1010.0,1844,19
317,2025-11-26 12:08:49+05:30,1009.5,133,998.81,5830008,450520.0,342784.0,986.2,1010.3,981.3,986.2,120465000,1084.8,887.6,1102.5,649.1,1009.4,79,2,1009.3,57,3,1009.2,890,9,1009.1,2059,16,1009.0,6090,26,1009.5,125,2,1009.6,39,1,1009.7,7,1,1009.8,415,3,1009.9,579,11
317,2025-11-26 12:08:50+05:30,1009.4,2,998.81,5830008,450520.0,342784.0,986.2,1010.3,981.3,986.2,120465000,1084.8,887.6,1102.5,649.1,1009.4,79,2,1009.3,57,3,1009.2,890,9,1009.1,2059,16,1009.0,6090,26,1009.5,125,2,1009.6,39,1,1009.7,7,1,1009.8,415,3,1009.9,579,11
317,2025-11-26 12:08:50+05:30,1009.4,40,998.81,5830152,450606.0,341931.0,986.2,1010.3,981.3,986.2,120465000,1084.8,887.6,1102.5,649.1,1009.3,57,3,1009.2,803,8,1009.1,1741,13,1009.0,6090,26,1008.9,1806,11,1009.4,70,2,1009.5,41,1,1009.6,39,1,1009.7,200,3,1009.8,213,2
317,2025-11-26 12:08:51+05:30,1009.4,30,998.81,5830152,450606.0,341931.0,986.2,1010.3,981.3,986.2,120465000,1084.8,887.6,1102.5,649.1,1009.3,57,3,1009.2,803,8,1009.1,1741,13,1009.0,6090,26,1008.9,1806,11,1009.4,70,2,1009.5,41,1,1009.6,39,1,1009.7,200,3,1009.8,213,2
317,2025-11-26 12:08:51+05:30,1009.7,16,998.82,5830943,449585.0,340539.0,986.2,1010.3,981.3,986.2,120465000,1084.8,887.6,1102.5,649.1,1009.3,662,9,1009.2,888,11,1009.1,1788,13,1009.0,6090,26,1008.9,1806,11,1009.7,7,1,1009.8,213,2,1009.9,555,12,1010.0,1900,19,1010.1,1267,7
317,2025-11-26 12:08:52+05:30,1009.7,40,998.82,5830943,449585.0,340539.0,986.2,1010.3,981.3,986.2,120465000,1084.8,887.6,1102.5,649.1,1009.3,662,9,1009.2,888,11,1009.1,1788,13,1009.0,6090,26,1008.9,1806,11,1009.7,7,1,1009.8,213,2,1009.9,555,12,1010.0,1900,19,1010.1,1267,7
317,2025-11-26 12:08:52+05:30,1009.4,34,998.82,5831427,446829.0,342568.0,986.2,1010.3,981.3,986.2,120465000,1084.8,887.6,1102.5,649.1,1009.4,35,1,1009.3,760,6,1009.2,643,8,1009.1,1641,11,1009.0,5638,26,1009.7,140,1,1009.8,227,3,1009.9,409,8,1010.0,2316,23,1010.1,1372,8
317,2025-11-26 12:08:53+05:30,1009.7,5,998.82,5831427,446829.0,342568.0,986.2,1010.3,981.3,986.2,120465000,1084.8,887.6,1102.5,649.1,1009.4,35,1,1009.3,760,6,1009.2,643,8,1009.1,1641,11,1009.0,5638,26,1009.7,140,1,1009.8,227,3,1009.9,409,8,1010.0,2316,23,1010.1,1372,8
317,2025-11-26 12:08:53+05:30,1009.8,3,998.82,5831527,445686.0,342494.0,986.2,1010.3,981.3,986.2,120465000,1084.8,887.6,1102.5,649.1,1009.4,64,2,1009.3,1104,9,1009.2,993,10,1009.1,1703,13,1009.0,4536,23,1009.8,137,1,1009.9,569,8,1010.0,2114,21,1010.1,1372,8,1010.2,709,8
317,2025-11-26 12:08:54+05:30,1009.8,3,998.82,5831527,445686.0,342494.0,986.2,1010.3,981.3,986.2,120465000,1084.8,887.6,1102.5,649.1,1009.4,64,2,1009.3,1104,9,1009.2,993,10,1009.1,1703,13,1009.0,4536,23,1009.8,137,1,1009.9,569,8,1010.0,2114,21,1010.1,1372,8,1010.2,709,8
317,2025-11-26 12:08:54+05:30,1009.8,3,998.82,5831527,446234.0,342369.0,986.2,1010.3,981.3,986.2,120465000,1084.8,887.6,1102.5,649.1,1009.5,112,1,1009.4,64,2,1009.3,812,7,1009.2,1173,13,1009.1,2019,17,1009.8,197,2,1009.9,648,9,1010.0,2135,23,1010.1,1372,8,1010.2,709,8
317,2025-11-26 12:08:55+05:30,1009.8,1,998.82,5831527,446234.0,342369.0,986.2,1010.3,981.3,986.2,120465000,1084.8,887.6,1102.5,649.1,1009.5,112,1,1009.4,64,2,1009.3,812,7,1009.2,1173,13,1009.1,2019,17,1009.8,197,2,1009.9,648,9,1010.0,2135,23,1010.1,1372,8,1010.2,709,8
317,2025-11-26 12:08:55+05:30,1009.5,5,998.82,5831766,447751.0,342625.0,986.2,1010.3,981.3,986.2,120465000,1084.8,887.6,1102.5,649.1,1009.3,370,7,1009.2,1167,12,1009.1,1514,12,1009.0,5286,24,1008.9,1806,11,1009.5,32,1,1009.8,415,3,1009.9,609,10,1010.0,2185,24,1010.1,1618,10
317,2025-11-26 12:08:56+05:30,1009.5,60,998.82,5831766,447751.0,342625.0,986.2,1010.3,981.3,986.2,120465000,1084.8,887.6,1102.5,649.1,1009.3,370,7,1009.2,1167,12,1009.1,1514,12,1009.0,5286,24,1008.9,1806,11,1009.5,32,1,1009.8,415,3,1009.9,609,10,1010.0,2185,24,1010.1,1618,10
317,2025-11-26 12:08:56+05:30,1009.4,1,998.82,5831830,450285.0,343042.0,986.2,1010.3,981.3,986.2,120465000,1084.8,887.6,1102.5,649.1,1009.3,248,5,1009.2,1167,12,1009.1,1514,12,1009.0,6036,25,1008.9,1806,11,1009.4,36,1,1009.5,50,1,1009.8,415,3,1009.9,612,10,1010.0,2348,26
317,2025-11-26 12:08:57+05:30,1009.4,5,998.82,5831830,450285.0,343042.0,986.2,1010.3,981.3,986.2,120465000,1084.8,887.6,1102.5,649.1,1009.3,248,5,1009.2,1167,12,1009.1,1514,12,1009.0,6036,25,1008.9,1806,11,1009.4,36,1,1009.5,50,1,1009.8,415,3,1009.9,612,10,1010.0,2348,26
317,2025-11-26 12:08:57+05:30,1009.4,5,998.82,5831835,451312.0,343344.0,986.2,1010.3,981.3,986.2,120465000,1084.8,887.6,1102.5,649.1,1009.3,57,3,1009.2,701,9,1009.1,1812,13,1009.0,6719,21,1008.9,1043,9,1009.4,31,1,1009.5,50,1,1009.7,395,3,1009.8,415,3,1009.9,536,9
317,2025-11-26 12:08:58+05:30,1009.2,30,998.82,5831956,454197.0,344042.0,986.2,1010.3,981.3,986.2,120465000,1084.8,887.6,1102.5,649.1,1009.2,236,5,1009.1,1730,10,1009.0,6773,21,1008.9,1101,13,1008.8,1911,17,1009.4,31,1,1009.5,87,2,1009.6,40,2,1009.7,558,5,1009.8,420,4
317,2025-11-26 12:08:59+05:30,1009.2,70,998.82,5831956,454197.0,344042.0,986.2,1010.3,981.3,986.2,120465000,1084.8,887.6,1102.5,649.1,1009.2,236,5,1009.1,1730,10,1009.0,6773,21,1008.9,1101,13,1008.8,1911,17,1009.4,31,1,1009.5,87,2,1009.6,40,2,1009.7,558,5,1009.8,420,4
317,2025-11-26 12:08:59+05:30,1009.2,70,998.82,5832262,454160.0,343992.0,986.2,1010.3,981.3,986.2,120465000,1084.8,887.6,1102.5,649.1,1009.2,69,3,1009.1,1899,12,1009.0,6613,21,1008.9,1101,13,1008.8,1911,17,1009.4,31,1,1009.5,87,2,1009.6,226,2,1009.7,418,4,1009.8,420,4
317,2025-11-26 12:09:00+05:30,1009.2,1,998.82,5832262,454160.0,343992.0,986.2,1010.3,981.3,986.2,120465000,1084.8,887.6,1102.5,649.1,1009.2,69,3,1009.1,1899,12,1009.0,6613,21,1008.9,1101,13,1008.8,1911,17,1009.4,31,1,1009.5,87,2,1009.6,226,2,1009.7,418,4,1009.8,420,4
317,2025-11-26 12:09:00+05:30,1009.3,1,998.82,5832442,454015.0,343381.0,986.2,1010.3,981.3,986.2,120465000,1084.8,887.6,1102.5,649.1,1009.2,87,5,1009.1,1325,11,1009.0,5098,17,1008.9,2556,12,1008.8,1981,20,1009.3,21,1,1009.4,37,1,1009.5,87,2,1009.6,24,1,1009.7,218,3
317,2025-11-26 12:09:01+05:30,1009.3,1,998.82,5832442,454015.0,343381.0,986.2,1010.3,981.3,986.2,120465000,1084.8,887.6,1102.5,649.1,1009.2,87,5,1009.1,1325,11,1009.0,5098,17,1008.9,2556,12,1008.8,1981,20,1009.3,21,1,1009.4,37,1,1009.5,87,2,1009.6,24,1,1009.7,218,3
317,2025-11-26 12:09:02+05:30,1009.3,385,998.82,5833085,454580.0,345337.0,986.2,1010.3,981.3,986.2,120465000,1084.8,887.6,1102.5,649.1,1009.1,678,7,1009.0,5178,17,1008.9,3320,13,1008.8,2009,22,1008.7,1959,16,1009.3,75,2,1009.5,87,2,1009.7,220,3,1009.8,579,8,1009.9,1166,13
317,2025-11-26 12:09:02+05:30,1009.3,385,998.82,5833085,454580.0,345337.0,986.2,1010.3,981.3,986.2,120465000,1084.8,887.6,1102.5,649.1,1009.1,678,7,1009.0,5178,17,1008.9,3320,13,1008.8,2009,22,1008.7,1959,16,1009.3,75,2,1009.5,87,2,1009.7,220,3,1009.8,579,8,1009.9,1166,13
317,2025-11-26 12:09:03+05:30,1009.2,50,998.82,5833553,449943.0,345947.0,986.2,1010.3,981.3,986.2,120465000,1084.8,887.6,1102.5,649.1,1009.2,17,1,1009.1,457,7,1009.0,5003,14,1008.9,3253,13,1008.8,1913,19,1009.3,67,2,1009.4,1,1,1009.5,87,2,1009.6,396,2,1009.7,219,2
317,2025-11-26 12:09:03+05:30,1009.2,50,998.82,5833553,449943.0,345947.0,986.2,1010.3,981.3,986.2,120465000,1084.8,887.6,1102.5,649.1,1009.2,17,1,1009.1,457,7,1009.0,5003,14,1008.9,3253,13,1008.8,1913,19,1009.3,67,2,1009.4,1,1,1009.5,87,2,1009.6,396,2,1009.7,219,2
317,2025-11-26 12:09:04+05:30,1009.2,2,998.82,5833555,453960.0,345740.0,986.2,1010.3,981.3,986.2,120465000,1084.8,887.6,1102.5,649.1,1009.2,15,1,1009.1,167,5,1009.0,5195,16,1008.9,3445,15,1008.8,1100,14,1009.3,67,2,1009.4,43,2,1009.5,50,1,1009.6,396,2,1009.7,219,2
317,2025-11-26 12:09:04+05:30,1009.2,2,998.82,5833555,453960.0,345740.0,986.2,1010.3,981.3,986.2,120465000,1084.8,887.6,1102.5,649.1,1009.2,15,1,1009.1,167,5,1009.0,5195,16,1008.9,3445,15,1008.8,1100,14,1009.3,67,2,1009.4,43,2,1009.5,50,1,1009.6,396,2,1009.7,219,2
317,2025-11-26 12:09:05+05:30,1009.3,2,998.82,5833607,453973.0,345740.0,986.2,1010.3,981.3,986.2,120465000,1084.8,887.6,1102.5,649.1,1009.2,15,1,1009.1,465,6,1009.0,5042,16,1008.9,3300,14,1008.8,1100,14,1009.3,15,2,1009.4,43,2,1009.5,50,1,1009.6,396,2,1009.7,219,2
317,2025-11-26 12:09:05+05:30,1009.2,1,998.82,5833607,453973.0,345740.0,986.2,1010.3,981.3,986.2,120465000,1084.8,887.6,1102.5,649.1,1009.2,15,1,1009.1,465,6,1009.0,5042,16,1008.9,3300,14,1008.8,1100,14,1009.3,15,2,1009.4,43,2,1009.5,50,1,1009.6,396,2,1009.7,219,2
317,2025-11-26 12:09:06+05:30,1009.3,1,998.82,5833639,450744.0,346272.0,986.2,1010.3,981.3,986.2,120465000,1084.8,887.6,1102.5,649.1,1009.2,599,3,1009.1,550,8,1009.0,5122,17,1008.9,3235,13,1008.8,1850,15,1009.3,32,3,1009.4,43,2,1009.5,50,1,1009.6,396,2,1009.7,219,2
317,2025-11-26 12:09:06+05:30,1009.3,40,998.82,5833639,450744.0,346272.0,986.2,1010.3,981.3,986.2,120465000,1084.8,887.6,1102.5,649.1,1009.2,599,3,1009.1,550,8,1009.0,5122,17,1008.9,3235,13,1008.8,1850,15,1009.3,32,3,1009.4,43,2,1009.5,50,1,1009.6,396,2,1009.7,219,2
317,2025-11-26 12:09:07+05:30,1009.3,1,998.82,5834056,454423.0,346271.0,986.2,1010.3,981.3,986.2,120465000,1084.8,887.6,1102.5,649.1,1009.2,300,3,1009.1,554,8,1009.0,4977,16,1008.9,3380,14,1008.8,1850,15,1009.3,21,1,1009.4,43,2,1009.5,50,1,1009.6,396,2,1009.7,219,2
317,2025-11-26 12:09:07+05:30,1009.3,1,998.82,5834056,454423.0,346271.0,986.2,1010.3,981.3,986.2,120465000,1084.8,887.6,1102.5,649.1,1009.2,300,3,1009.1,554,8,1009.0,4977,16,1008.9,3380,14,1008.8,1850,15,1009.3,21,1,1009.4,43,2,1009.5,50,1,1009.6,396,2,1009.7,219,2
317,2025-11-26 12:09:08+05:30,1009.3,79,998.82,5835136,451988.0,345425.0,986.2,1010.3,981.3,986.2,120465000,1084.8,887.6,1102.5,649.1,1009.2,34,1,1009.1,881,8,1009.0,6959,20,1008.9,958,9,1008.8,1844,16,1009.4,42,1,1009.5,50,1,1009.6,493,3,1009.7,366,5,1009.8,262,5
317,2025-11-26 12:09:08+05:30,1009.4,5,998.82,5835136,451988.0,345425.0,986.2,1010.3,981.3,986.2,120465000,1084.8,887.6,1102.5,649.1,1009.2,34,1,1009.1,881,8,1009.0,6959,20,1008.9,958,9,1008.8,1844,16,1009.4,42,1,1009.5,50,1,1009.6,493,3,1009.7,366,5,1009.8,262,5
317,2025-11-26 12:09:09+05:30,1009.2,20,998.82,5835136,451988.0,345425.0,986.2,1010.3,981.3,986.2,120465000,1084.8,887.6,1102.5,649.1,1009.2,34,1,1009.1,881,8,1009.0,6959,20,1008.9,958,9,1008.8,1844,16,1009.4,42,1,1009.5,50,1,1009.6,493,3,1009.7,366,5,1009.8,262,5
317,2025-11-26 12:09:09+05:30,1009.3,3,998.82,5835165,452754.0,346051.0,986.2,1010.3,981.3,986.2,120465000,1084.8,887.6,1102.5,649.1,1009.2,14,1,1009.1,1631,9,1009.0,6932,19,1008.9,1736,11,1008.8,1094,15,1009.3,27,1,1009.4,69,2,1009.5,150,2,1009.6,396,2,1009.7,366,5
317,2025-11-26 12:09:10+05:30,1009.3,266,998.82,5835165,452754.0,346051.0,986.2,1010.3,981.3,986.2,120465000,1084.8,887.6,1102.5,649.1,1009.2,14,1,1009.1,1631,9,1009.0,6932,19,1008.9,1736,11,1008.8,1094,15,1009.3,27,1,1009.4,69,2,1009.5,150,2,1009.6,396,2,1009.7,366,5
317,2025-11-26 12:09:10+05:30,1009.3,266,998.82,5835462,454706.0,345988.0,986.2,1010.3,981.3,986.2,120465000,1084.8,887.6,1102.5,649.1,1009.3,224,1,1009.2,14,1,1009.1,1904,10,1009.0,6542,18,1008.9,1773,11,1009.4,69,2,1009.5,150,2,1009.6,425,3,1009.7,366,5,1009.8,414,7
317,2025-11-26 12:09:11+05:30,1009.4,2,998.82,5835462,454706.0,345988.0,986.2,1010.3,981.3,986.2,120465000,1084.8,887.6,1102.5,649.1,1009.3,224,1,1009.2,14,1,1009.1,1904,10,1009.0,6542,18,1008.9,1773,11,1009.4,69,2,1009.5,150,2,1009.6,425,3,1009.7,366,5,1009.8,414,7
317,2025-11-26 12:09:11+05:30,1009.4,2,998.82,5835490,454779.0,345823.0,986.2,1010.3,981.3,986.2,120465000,1084.8,887.6,1102.5,649.1,1009.3,253,2,1009.2,93,2,1009.1,2389,14,1009.0,6397,17,1008.9,1835,15,1009.4,41,2,1009.5,150,2,1009.7,245,4,1009.8,414,7,1009.9,863,15
317,2025-11-26 12:09:12+05:30,1009.7,7,998.82,5835490,454779.0,345823.0,986.2,1010.3,981.3,986.2,120465000,1084.8,887.6,1102.5,649.1,1009.3,253,2,1009.2,93,2,1009.1,2389,14,1009.0,6397,17,1008.9,1835,15,1009.4,41,2,1009.5,150,2,1009.7,245,4,1009.8,414,7,1009.9,863,15
317,2025-11-26 12:09:12+05:30,1009.3,49,998.83,5837968,452415.0,348941.0,986.2,1010.3,981.3,986.2,120465000,1084.8,887.6,1102.5,649.1,1009.1,1526,4,1009.0,3663,9,1008.9,538,5,1008.8,2121,6,1008.7,1899,14,1009.3,87,1,1009.4,351,4,1009.5,761,11,1009.6,680,10,1009.7,593,7
317,2025-11-26 12:09:13+05:30,1009.3,121,998.83,5837968,452415.0,348941.0,986.2,1010.3,981.3,986.2,120465000,1084.8,887.6,1102.5,649.1,1009.1,1526,4,1009.0,3663,9,1008.9,538,5,1008.8,2121,6,1008.7,1899,14,1009.3,87,1,1009.4,351,4,1009.5,761,11,1009.6,680,10,1009.7,593,7
317,2025-11-26 12:09:13+05:30,1009.3,121,998.83,5838267,451646.0,348094.0,986.2,1010.3,981.3,986.2,120465000,1084.8,887.6,1102.5,649.1,1009.2,28,1,1009.1,789,4,1009.0,2937,9,1008.9,1995,13,1008.8,2178,9,1009.4,44,1,1009.5,458,5,1009.6,558,6,1009.7,876,8,1009.8,870,13
317,2025-11-26 12:09:14+05:30,1009.4,48,998.83,5838267,451646.0,348094.0,986.2,1010.3,981.3,986.2,120465000,1084.8,887.6,1102.5,649.1,1009.2,28,1,1009.1,789,4,1009.0,2937,9,1008.9,1995,13,1008.8,2178,9,1009.4,44,1,1009.5,458,5,1009.6,558,6,1009.7,876,8,1009.8,870,13
317,2025-11-26 12:09:14+05:30,1009.4,48,998.83,5838315,447776.0,348011.0,986.2,1010.3,981.3,986.2,120465000,1084.8,887.6,1102.5,649.1,1009.2,28,1,1009.1,789,4,1009.0,3031,11,1008.9,1995,13,1008.8,2178,9,1009.4,44,1,1009.5,458,5,1009.6,549,5,1009.7,918,13,1009.8,838,11
317,2025-11-26 12:09:15+05:30,1009.4,49,998.83,5838315,447776.0,348011.0,986.2,1010.3,981.3,986.2,120465000,1084.8,887.6,1102.5,649.1,1009.2,28,1,1009.1,789,4,1009.0,3031,11,1008.9,1995,13,1008.8,2178,9,1009.4,44,1,1009.5,458,5,1009.6,549,5,1009.7,918,13,1009.8,838,11
317,2025-11-26 12:09:15+05:30,1009.4,338,998.83,5838707,451272.0,347995.0,986.2,1010.3,981.3,986.2,120465000,1084.8,887.6,1102.5,649.1,1009.4,1312,1,1009.3,140,2,1009.2,109,1,1009.1,1482,9,1009.0,4224,13,1009.6,211,2,1009.7,782,12,1009.8,852,10,1009.9,676,9,1010.0,3608,25
317,2025-11-26 12:09:16+05:30,1009.4,13,998.83,5838707,451272.0,347995.0,986.2,1010.3,981.3,986.2,120465000,1084.8,887.6,1102.5,649.1,1009.4,1312,1,1009.3,140,2,1009.2,109,1,1009.1,1482,9,1009.0,4224,13,1009.6,211,2,1009.7,782,12,1009.8,852,10,1009.9,676,9,1010.0,3608,25
317,2025-11-26 12:09:16+05:30,1009.4,13,998.83,5840361,451237.0,348941.0,986.2,1010.3,981.3,986.2,120465000,1084.8,887.6,1102.5,649.1,1009.3,19,1,1009.1,872,3,1009.0,3681,12,1008.9,1587,11,1008.8,2928,10,1009.4,18,1,1009.5,490,7,1009.6,484,5,1009.7,656,11,1009.8,769,13
317,2025-11-26 12:09:17+05:30,1009.5,34,998.83,5840361,451237.0,348941.0,986.2,1010.3,981.3,986.2,120465000,1084.8,887.6,1102.5,649.1,1009.3,19,1,1009.1,872,3,1009.0,3681,12,1008.9,1587,11,1008.8,2928,10,1009.4,18,1,1009.5,490,7,1009.6,484,5,1009.7,656,11,1009.8,769,13
317,2025-11-26 12:09:17+05:30,1009.5,34,998.84,5843389,448925.0,347915.0,986.2,1010.3,981.3,986.2,120465000,1084.8,887.6,1102.5,649.1,1009.1,322,4,1009.0,2323,10,1008.9,2051,14,1008.8,2052,11,1008.7,1924,17,1009.4,1,1,1009.5,100,2,1009.6,405,4,1009.7,616,9,1009.8,916,13
317,2025-11-26 12:09:18+05:30,1009.2,87,998.84,5843389,448925.0,347915.0,986.2,1010.3,981.3,986.2,120465000,1084.8,887.6,1102.5,649.1,1009.1,322,4,1009.0,2323,10,1008.9,2051,14,1008.8,2052,11,1008.7,1924,17,1009.4,1,1,1009.5,100,2,1009.6,405,4,1009.7,616,9,1009.8,916,13
317,2025-11-26 12:09:18+05:30,1009.2,4,998.84,5843963,444671.0,348806.0,986.2,1010.3,981.3,986.2,120465000,1084.8,887.6,1102.5,649.1,1009.1,8,2,1009.0,2150,9,1008.9,2121,14,1008.8,2346,13,1008.7,1956,18,1009.2,5,1,1009.4,1,1,1009.5,289,2,1009.6,370,6,1009.7,690,10
317,2025-11-26 12:09:19+05:30,1009.2,49,998.84,5843963,444671.0,348806.0,986.2,1010.3,981.3,986.2,120465000,1084.8,887.6,1102.5,649.1,1009.1,8,2,1009.0,2150,9,1008.9,2121,14,1008.8,2346,13,1008.7,1956,18,1009.2,5,1,1009.4,1,1,1009.5,289,2,1009.6,370,6,1009.7,690,10
317,2025-11-26 12:09:19+05:30,1009.2,49,998.84,5844012,450617.0,348666.0,986.2,1010.3,981.3,986.2,120465000,1084.8,887.6,1102.5,649.1,1009.1,8,2,1009.0,2014,8,1008.9,2260,16,1008.8,3846,15,1008.7,1956,18,1009.2,148,2,1009.4,1,1,1009.5,289,2,1009.6,368,5,1009.7,706,12
317,2025-11-26 12:09:20+05:30,1009.2,6,998.84,5844012,450617.0,348666.0,986.2,1010.3,981.3,986.2,120465000,1084.8,887.6,1102.5,649.1,1009.1,8,2,1009.0,2014,8,1008.9,2260,16,1008.8,3846,15,1008.7,1956,18,1009.2,148,2,1009.4,1,1,1009.5,289,2,1009.6,368,5,1009.7,706,12
317,2025-11-26 12:09:20+05:30,1009.0,50,998.84,5847060,448289.0,348399.0,986.2,1010.3,981.3,986.2,120465000,1084.8,887.6,1102.5,649.1,1009.0,51,4,1008.9,2148,16,1008.8,3411,18,1008.7,1956,18,1008.6,877,12,1009.3,25,1,1009.4,1,1,1009.6,505,7,1009.7,680,10,1009.8,1077,14
317,2025-11-26 12:09:21+05:30,1009.3,2,998.84,5847060,448289.0,348399.0,986.2,1010.3,981.3,986.2,120465000,1084.8,887.6,1102.5,649.1,1009.0,51,4,1008.9,2148,16,1008.8,3411,18,1008.7,1956,18,1008.6,877,12,1009.3,25,1,1009.4,1,1,1009.6,505,7,1009.7,680,10,1009.8,1077,14
317,2025-11-26 12:09:21+05:30,1009.1,5,998.84,5847068,448380.0,348809.0,986.2,1010.3,981.3,986.2,120465000,1084.8,887.6,1102.5,649.1,1009.0,46,5,1008.9,1770,13,1008.8,3684,19,1008.7,1846,19,1008.6,877,12,1009.1,91,1,1009.3,22,1,1009.4,1,1,1009.6,479,5,1009.7,819,12
317,2025-11-26 12:09:22+05:30,1009.1,49,998.84,5847068,448380.0,348809.0,986.2,1010.3,981.3,986.2,120465000,1084.8,887.6,1102.5,649.1,1009.0,46,5,1008.9,1770,13,1008.8,3684,19,1008.7,1846,19,1008.6,877,12,1009.1,91,1,1009.3,22,1,1009.4,1,1,1009.6,479,5,1009.7,819,12
317,2025-11-26 12:09:23+05:30,1009.1,4,998.84,5847175,448752.0,349195.0,986.2,1010.3,981.3,986.2,120465000,1084.8,887.6,1102.5,649.1,1009.0,46,5,1008.9,1209,9,1008.8,4373,19,1008.7,1846,19,1008.6,920,13,1009.1,88,1,1009.3,22,1,1009.4,195,2,1009.5,196,2,1009.6,429,7
317,2025-11-26 12:09:23+05:30,1009.1,4,998.84,5847175,448752.0,349195.0,986.2,1010.3,981.3,986.2,120465000,1084.8,887.6,1102.5,649.1,1009.0,46,5,1008.9,1209,9,1008.8,4373,19,1008.7,1846,19,1008.6,920,13,1009.1,88,1,1009.3,22,1,1009.4,195,2,1009.5,196,2,1009.6,429,7
317,2025-11-26 12:09:24+05:30,1009.1,4,998.84,5847175,449061.0,349017.0,986.2,1010.3,981.3,986.2,120465000,1084.8,887.6,1102.5,649.1,1009.0,146,6,1008.9,1357,10,1008.8,4419,19,1008.7,1846,19,1008.6,935,14,1009.1,88,1,1009.3,22,1,1009.4,195,2,1009.5,209,3,1009.6,214,5
317,2025-11-26 12:09:24+05:30,1009.1,1,998.84,5847176,449255.0,351971.0,986.2,1010.3,981.3,986.2,120465000,1084.8,887.6,1102.5,649.1,1009.0,146,6,1008.9,1357,10,1008.8,4419,19,1008.7,1846,19,1008.6,935,14,1009.1,87,1,1009.3,27,2,1009.4,195,2,1009.5,222,4,1009.6,201,4
317,2025-11-26 12:09:25+05:30,1009.1,5,998.84,5847176,449255.0,351971.0,986.2,1010.3,981.3,986.2,120465000,1084.8,887.6,1102.5,649.1,1009.0,146,6,1008.9,1357,10,1008.8,4419,19,1008.7,1846,19,1008.6,935,14,1009.1,87,1,1009.3,27,2,1009.4,195,2,1009.5,222,4,1009.6,201,4
317,2025-11-26 12:09:25+05:30,1009.0,3,998.84,5847215,449314.0,352168.0,986.2,1010.3,981.3,986.2,120465000,1084.8,887.6,1102.5,649.1,1009.0,154,6,1008.9,1357,10,1008.8,4419,19,1008.7,1846,19,1008.6,935,14,1009.1,54,1,1009.3,27,2,1009.4,195,2,1009.5,222,4,1009.6,200,3
317,2025-11-26 12:09:26+05:30,1009.0,3,998.84,5847215,449314.0,352168.0,986.2,1010.3,981.3,986.2,120465000,1084.8,887.6,1102.5,649.1,1009.0,154,6,1008.9,1357,10,1008.8,4419,19,1008.7,1846,19,1008.6,935,14,1009.1,54,1,1009.3,27,2,1009.4,195,2,1009.5,222,4,1009.6,200,3
317,2025-11-26 12:09:27+05:30,1009.0,3,998.85,5847427,447089.0,351566.0,986.2,1010.3,981.3,986.2,120465000,1084.8,887.6,1102.5,649.1,1008.9,1086,8,1008.8,4160,17,1008.7,2524,18,1008.6,909,12,1008.5,2628,14,1009.0,6,1,1009.1,145,2,1009.3,27,2,1009.4,397,3,1009.5,398,3
317,2025-11-26 12:09:28+05:30,1009.0,1,998.85,5847428,446993.0,352137.0,986.2,1010.3,981.3,986.2,120465000,1084.8,887.6,1102.5,649.1,1008.9,889,6,1008.8,3653,13,1008.7,2766,20,1008.6,940,13,1008.5,2628,14,1009.0,7,3,1009.1,145,2,1009.3,246,4,1009.4,570,9,1009.5,399,4
317,2025-11-26 12:09:28+05:30,1009.0,1,998.85,5847428,446993.0,352137.0,986.2,1010.3,981.3,986.2,120465000,1084.8,887.6,1102.5,649.1,1008.9,889,6,1008.8,3653,13,1008.7,2766,20,1008.6,940,13,1008.5,2628,14,1009.0,7,3,1009.1,145,2,1009.3,246,4,1009.4,570,9,1009.5,399,4
317,2025-11-26 12:09:29+05:30,1008.9,1,998.85,5847435,445005.0,352640.0,986.2,1010.3,981.3,986.2,120465000,1084.8,887.6,1102.5,649.1,1008.9,888,6,1008.8,3380,12,1008.7,2678,18,1008.6,1204,13,1008.5,2645,15,1009.0,97,2,1009.1,145,2,1009.3,698,12,1009.4,833,9,1009.5,448,5
317,2025-11-26 12:09:29+05:30,1008.9,1,998.85,5847435,445005.0,352640.0,986.2,1010.3,981.3,986.2,120465000,1084.8,887.6,1102.5,649.1,1008.9,888,6,1008.8,3380,12,1008.7,2678,18,1008.6,1204,13,1008.5,2645,15,1009.0,97,2,1009.1,145,2,1009.3,698,12,1009.4,833,9,1009.5,448,5
317,2025-11-26 12:09:30+05:30,1009.0,27,998.85,5847487,447514.0,352284.0,986.2,1010.3,981.3,986.2,120465000,1084.8,887.6,1102.5,649.1,1008.9,871,6,1008.8,3619,12,1008.7,2627,15,1008.6,970,15,1008.5,2700,17,1009.0,45,1,1009.1,145,2,1009.3,640,8,1009.4,627,8,1009.5,307,7
317,2025-11-26 12:09:30+05:30,1009.0,27,998.85,5847487,447514.0,352284.0,986.2,1010.3,981.3,986.2,120465000,1084.8,887.6,1102.5,649.1,1008.9,871,6,1008.8,3619,12,1008.7,2627,15,1008.6,970,15,1008.5,2700,17,1009.0,45,1,1009.1,145,2,1009.3,640,8,1009.4,627,8,1009.5,307,7
317,2025-11-26 12:09:31+05:30,1009.1,18,998.85,5847487,447514.0,352284.0,986.2,1010.3,981.3,986.2,120465000,1084.8,887.6,1102.5,649.1,1008.9,871,6,1008.8,3619,12,1008.7,2627,15,1008.6,970,15,1008.5,2700,17,1009.0,45,1,1009.1,145,2,1009.3,640,8,1009.4,627,8,1009.5,307,7
317,2025-11-26 12:09:31+05:30,1009.1,18,998.85,5848360,443700.0,352407.0,986.2,1010.3,981.3,986.2,120465000,1084.8,887.6,1102.5,649.1,1008.9,360,6,1008.8,3755,13,1008.7,1772,14,1008.6,940,15,1008.5,2700,17,1009.1,67,2,1009.3,549,8,1009.4,432,6,1009.5,409,8,1009.6,641,7
317,2025-11-26 12:09:32+05:30,1009.1,32,998.85,5848360,443700.0,352407.0,986.2,1010.3,981.3,986.2,120465000,1084.8,887.6,1102.5,649.1,1008.9,360,6,1008.8,3755,13,1008.7,1772,14,1008.6,940,15,1008.5,2700,17,1009.1,67,2,1009.3,549,8,1009.4,432,6,1009.5,409,8,1009.6,641,7
317,2025-11-26 12:09:32+05:30,1009.1,32,998.85,5848471,446752.0,352217.0,986.2,1010.3,981.3,986.2,120465000,1084.8,887.6,1102.5,649.1,1008.9,389,7,1008.8,4061,15,1008.7,2343,13,1008.6,940,15,1008.5,2700,17,1009.0,10,1,1009.1,9,1,1009.3,27,2,1009.4,432,6,1009.5,493,7
317,2025-11-26 12:09:33+05:30,1009.1,116,998.85,5848471,446752.0,352217.0,986.2,1010.3,981.3,986.2,120465000,1084.8,887.6,1102.5,649.1,1008.9,389,7,1008.8,4061,15,1008.7,2343,13,1008.6,940,15,1008.5,2700,17,1009.0,10,1,1009.1,9,1,1009.3,27,2,1009.4,432,6,1009.5,493,7
317,2025-11-26 12:09:33+05:30,1009.1,116,998.85,5848597,446619.0,350980.0,986.2,1010.3,981.3,986.2,120465000,1084.8,887.6,1102.5,649.1,1008.9,728,10,1008.8,4144,18,1008.7,1658,13,1008.6,974,16,1008.5,2672,15,1009.3,27,2,1009.4,221,4,1009.5,418,4,1009.6,489,4,1009.7,794,7
317,2025-11-26 12:09:34+05:30,1008.9,10,998.85,5848597,446619.0,350980.0,986.2,1010.3,981.3,986.2,120465000,1084.8,887.6,1102.5,649.1,1008.9,728,10,1008.8,4144,18,1008.7,1658,13,1008.6,974,16,1008.5,2672,15,1009.3,27,2,1009.4,221,4,1009.5,418,4,1009.6,489,4,1009.7,794,7
317,2025-11-26 12:09:34+05:30,1009.3,9,998.85,5848626,445817.0,351463.0,986.2,1010.3,981.3,986.2,120465000,1084.8,887.6,1102.5,649.1,1009.0,463,5,1008.9,712,10,1008.8,3290,14,1008.7,1658,13,1008.6,946,16,1009.3,18,2,1009.4,415,5,1009.5,448,6,1009.6,610,10,1009.7,722,8
317,2025-11-26 12:09:35+05:30,1009.2,2,998.85,5848626,445817.0,351463.0,986.2,1010.3,981.3,986.2,120465000,1084.8,887.6,1102.5,649.1,1009.0,463,5,1008.9,712,10,1008.8,3290,14,1008.7,1658,13,1008.6,946,16,1009.3,18,2,1009.4,415,5,1009.5,448,6,1009.6,610,10,1009.7,722,8
317,2025-11-26 12:09:35+05:30,1009.2,2,998.85,5848628,446868.0,351509.0,986.2,1010.3,981.3,986.2,120465000,1084.8,887.6,1102.5,649.1,1009.0,447,5,1008.9,563,8,1008.8,4065,16,1008.7,1794,14,1008.6,946,16,1009.2,146,1,1009.3,18,2,1009.4,551,6,1009.5,461,7,1009.6,597,9
317,2025-11-26 12:09:36+05:30,1009.0,1,998.85,5848628,446868.0,351509.0,986.2,1010.3,981.3,986.2,120465000,1084.8,887.6,1102.5,649.1,1009.0,447,5,1008.9,563,8,1008.8,4065,16,1008.7,1794,14,1008.6,946,16,1009.2,146,1,1009.3,18,2,1009.4,551,6,1009.5,461,7,1009.6,597,9
317,2025-11-26 12:09:36+05:30,1009.0,1,998.85,5848631,445734.0,352081.0,986.2,1010.3,981.3,986.2,120465000,1084.8,887.6,1102.5,649.1,1009.0,273,5,1008.9,563,8,1008.8,3846,14,1008.7,1817,15,1008.6,946,16,1009.1,25,1,1009.2,144,1,1009.3,18,2,1009.4,415,5,1009.5,461,7
317,2025-11-26 12:09:37+05:30,1009.2,107,998.85,5848631,445734.0,352081.0,986.2,1010.3,981.3,986.2,120465000,1084.8,887.6,1102.5,649.1,1009.0,273,5,1008.9,563,8,1008.8,3846,14,1008.7,1817,15,1008.6,946,16,1009.1,25,1,1009.2,144,1,1009.3,18,2,1009.4,415,5,1009.5,461,7
317,2025-11-26 12:09:37+05:30,1009.2,107,998.85,5849285,445946.0,351882.0,986.2,1010.3,981.3,986.2,120465000,1084.8,887.6,1102.5,649.1,1008.9,289,7,1008.8,3982,15,1008.7,1659,14,1008.6,946,16,1008.5,2596,14,1009.1,1,1,1009.2,15,1,1009.3,18,2,1009.4,415,5,1009.5,461,7
317,2025-11-26 12:09:38+05:30,1008.9,11,998.85,5849304,449260.0,351921.0,986.2,1010.3,981.3,986.2,120465000,1084.8,887.6,1102.5,649.1,1008.9,1161,8,1008.8,3846,14,1008.7,1688,15,1008.6,946,16,1008.5,2645,15,1009.1,1,1,1009.2,15,1,1009.3,18,2,1009.4,415,5,1009.5,461,7
317,2025-11-26 12:09:39+05:30,1009.0,10,998.85,5849304,449260.0,351921.0,986.2,1010.3,981.3,986.2,120465000,1084.8,887.6,1102.5,649.1,1008.9,1161,8,1008.8,3846,14,1008.7,1688,15,1008.6,946,16,1008.5,2645,15,1009.1,1,1,1009.2,15,1,1009.3,18,2,1009.4,415,5,1009.5,461,7
317,2025-11-26 12:09:39+05:30,1009.0,10,998.85,5849314,447007.0,354099.0,986.2,1010.3,981.3,986.2,120465000,1084.8,887.6,1102.5,649.1,1009.0,1350,5,1008.9,2797,11,1008.8,2404,12,1008.7,1687,14,1008.6,972,18,1009.1,1,1,1009.2,117,3,1009.3,18,2,1009.4,296,4,1009.5,461,7
317,2025-11-26 12:09:40+05:30,1009.1,1,998.85,5849314,447007.0,354099.0,986.2,1010.3,981.3,986.2,120465000,1084.8,887.6,1102.5,649.1,1009.0,1350,5,1008.9,2797,11,1008.8,2404,12,1008.7,1687,14,1008.6,972,18,1009.1,1,1,1009.2,117,3,1009.3,18,2,1009.4,296,4,1009.5,461,7
317,2025-11-26 12:09:40+05:30,1009.1,1,998.85,5849315,446193.0,354091.0,986.2,1010.3,981.3,986.2,120465000,1084.8,887.6,1102.5,649.1,1009.1,1,1,1009.0,1360,6,1008.9,2525,9,1008.8,1973,14,1008.7,1658,13,1009.2,155,4,1009.3,18,2,1009.4,321,5,1009.5,436,6,1009.6,620,10
317,2025-11-26 12:09:41+05:30,1009.0,338,998.85,5849315,446193.0,354091.0,986.2,1010.3,981.3,986.2,120465000,1084.8,887.6,1102.5,649.1,1009.1,1,1,1009.0,1360,6,1008.9,2525,9,1008.8,1973,14,1008.7,1658,13,1009.2,155,4,1009.3,18,2,1009.4,321,5,1009.5,436,6,1009.6,620,10
317,2025-11-26 12:09:41+05:30,1009.1,108,998.85,5849919,446519.0,354291.0,986.2,1010.3,981.3,986.2,120465000,1084.8,887.6,1102.5,649.1,1009.0,838,5,1008.9,2525,9,1008.8,2549,13,1008.7,1827,15,1008.6,1025,19,1009.1,39,1,1009.2,153,4,1009.3,18,2,1009.4,321,5,1009.5,451,7
317,2025-11-26 12:09:42+05:30,1009.2,1,998.85,5849919,446519.0,354291.0,986.2,1010.3,981.3,986.2,120465000,1084.8,887.6,1102.5,649.1,1009.0,838,5,1008.9,2525,9,1008.8,2549,13,1008.7,1827,15,1008.6,1025,19,1009.1,39,1,1009.2,153,4,1009.3,18,2,1009.4,321,5,1009.5,451,7
317,2025-11-26 12:09:43+05:30,1009.2,15,998.85,5850123,444969.0,354273.0,986.2,1010.3,981.3,986.2,120465000,1084.8,887.6,1102.5,649.1,1009.1,93,3,1009.0,1580,8,1008.9,3009,12,1008.8,769,9,1008.7,2408,14,1009.2,23,1,1009.3,18,2,1009.4,127,4,1009.5,451,7,1009.6,605,9
317,2025-11-26 12:09:43+05:30,1009.2,70,998.85,5850123,444969.0,354273.0,986.2,1010.3,981.3,986.2,120465000,1084.8,887.6,1102.5,649.1,1009.1,93,3,1009.0,1580,8,1008.9,3009,12,1008.8,769,9,1008.7,2408,14,1009.2,23,1,1009.3,18,2,1009.4,127,4,1009.5,451,7,1009.6,605,9
317,2025-11-26 12:09:44+05:30,1009.2,1,998.85,5850194,449446.0,354254.0,986.2,1010.3,981.3,986.2,120465000,1084.8,887.6,1102.5,649.1,1009.1,93,3,1009.0,1580,8,1008.9,2549,10,1008.8,1059,11,1008.7,2408,14,1009.2,37,1,1009.3,18,2,1009.4,321,5,1009.5,451,7,1009.6,605,9
317,2025-11-26 12:09:44+05:30,1009.2,3,998.85,5850194,449446.0,354254.0,986.2,1010.3,981.3,986.2,120465000,1084.8,887.6,1102.5,649.1,1009.1,93,3,1009.0,1580,8,1008.9,2549,10,1008.8,1059,11,1008.7,2408,14,1009.2,37,1,1009.3,18,2,1009.4,321,5,1009.5,451,7,1009.6,605,9
317,2025-11-26 12:09:45+05:30,1009.2,2,998.85,5850206,449783.0,354234.0,986.2,1010.3,981.3,986.2,120465000,1084.8,887.6,1102.5,649.1,1009.1,88,3,1009.0,1580,8,1008.9,2743,11,1008.8,1059,11,1008.7,2408,14,1009.2,31,1,1009.3,18,2,1009.4,101,2,1009.5,448,6,1009.6,620,11
317,2025-11-26 12:09:45+05:30,1009.2,2,998.85,5850206,449783.0,354234.0,986.2,1010.3,981.3,986.2,120465000,1084.8,887.6,1102.5,649.1,1009.1,88,3,1009.0,1580,8,1008.9,2743,11,1008.8,1059,11,1008.7,2408,14,1009.2,31,1,1009.3,18,2,1009.4,101,2,1009.5,448,6,1009.6,620,11
317,2025-11-26 12:09:46+05:30,1009.2,1,998.85,5850216,449302.0,354508.0,986.2,1010.3,981.3,986.2,120465000,1084.8,887.6,1102.5,649.1,1009.1,121,2,1009.0,341,7,1008.9,1054,9,1008.8,4103,15,1008.7,1843,14,1009.3,19,3,1009.4,295,3,1009.5,752,9,1009.6,670,11,1009.7,722,8
317,2025-11-26 12:09:46+05:30,1009.2,1,998.85,5850216,449302.0,354508.0,986.2,1010.3,981.3,986.2,120465000,1084.8,887.6,1102.5,649.1,1009.1,121,2,1009.0,341,7,1008.9,1054,9,1008.8,4103,15,1008.7,1843,14,1009.3,19,3,1009.4,295,3,1009.5,752,9,1009.6,670,11,1009.7,722,8
317,2025-11-26 12:09:47+05:30,1009.3,1,998.85,5850217,446686.0,354953.0,986.2,1010.3,981.3,986.2,120465000,1084.8,887.6,1102.5,649.1,1009.1,86,1,1009.0,341,7,1008.9,1030,8,1008.8,3353,14,1008.7,1843,14,1009.2,70,1,1009.3,18,3,1009.4,440,4,1009.5,620,9,1009.6,685,12
317,2025-11-26 12:09:47+05:30,1009.3,1,998.85,5850217,446686.0,354953.0,986.2,1010.3,981.3,986.2,120465000,1084.8,887.6,1102.5,649.1,1009.1,86,1,1009.0,341,7,1008.9,1030,8,1008.8,3353,14,1008.7,1843,14,1009.2,70,1,1009.3,18,3,1009.4,440,4,1009.5,620,9,1009.6,685,12
317,2025-11-26 12:09:48+05:30,1009.5,36,998.85,5851235,444090.0,353765.0,986.2,1010.3,981.3,986.2,120465000,1084.8,887.6,1102.5,649.1,1009.1,364,4,1009.0,669,7,1008.9,1030,8,1008.8,3343,16,1008.7,1988,15,1009.5,87,1,1009.6,1064,13,1009.7,650,7,1009.8,841,9,1009.9,1100,14
317,2025-11-26 12:09:48+05:30,1009.5,36,998.85,5851235,444090.0,353765.0,986.2,1010.3,981.3,986.2,120465000,1084.8,887.6,1102.5,649.1,1009.1,364,4,1009.0,669,7,1008.9,1030,8,1008.8,3343,16,1008.7,1988,15,1009.5,87,1,1009.6,1064,13,1009.7,650,7,1009.8,841,9,1009.9,1100,14
317,2025-11-26 12:09:49+05:30,1009.4,10,998.85,5851301,449519.0,353822.0,986.2,1010.3,981.3,986.2,120465000,1084.8,887.6,1102.5,649.1,1009.2,751,2,1009.1,134,2,1009.0,912,8,1008.9,1551,10,1008.8,2175,13,1009.4,3,1,1009.5,87,1,1009.6,889,13,1009.7,676,9,1009.8,952,10
317,2025-11-26 12:09:49+05:30,1009.4,10,998.85,5851301,449519.0,353822.0,986.2,1010.3,981.3,986.2,120465000,1084.8,887.6,1102.5,649.1,1009.2,751,2,1009.1,134,2,1009.0,912,8,1008.9,1551,10,1008.8,2175,13,1009.4,3,1,1009.5,87,1,1009.6,889,13,1009.7,676,9,1009.8,952,10
317,2025-11-26 12:09:50+05:30,1009.4,17,998.85,5851318,448745.0,354315.0,986.2,1010.3,981.3,986.2,120465000,1084.8,887.6,1102.5,649.1,1009.4,92,2,1009.2,751,2,1009.1,1092,6,1009.0,773,10,1008.9,1419,10,1009.5,146,1,1009.6,745,12,1009.7,691,8,1009.8,638,6,1009.9,1274,15
317,2025-11-26 12:09:50+05:30,1009.4,17,998.85,5851318,448745.0,354315.0,986.2,1010.3,981.3,986.2,120465000,1084.8,887.6,1102.5,649.1,1009.4,92,2,1009.2,751,2,1009.1,1092,6,1009.0,773,10,1008.9,1419,10,1009.5,146,1,1009.6,745,12,1009.7,691,8,1009.8,638,6,1009.9,1274,15
317,2025-11-26 12:09:51+05:30,1009.4,91,998.85,5851318,448745.0,354315.0,986.2,1010.3,981.3,986.2,120465000,1084.8,887.6,1102.5,649.1,1009.4,92,2,1009.2,751,2,1009.1,1092,6,1009.0,773,10,1008.9,1419,10,1009.5,146,1,1009.6,745,12,1009.7,691,8,1009.8,638,6,1009.9,1274,15
317,2025-11-26 12:09:51+05:30,1009.4,49,998.85,5851460,448058.0,353685.0,986.2,1010.3,981.3,986.2,120465000,1084.8,887.6,1102.5,649.1,1009.2,793,3,1009.1,1981,8,1009.0,2279,13,1008.9,1706,13,1008.8,1660,12,1009.4,39,1,1009.5,124,3,1009.6,515,5,1009.7,694,12,1009.8,680,7
317,2025-11-26 12:09:52+05:30,1009.4,49,998.85,5851460,448058.0,353685.0,986.2,1010.3,981.3,986.2,120465000,1084.8,887.6,1102.5,649.1,1009.2,793,3,1009.1,1981,8,1009.0,2279,13,1008.9,1706,13,1008.8,1660,12,1009.4,39,1,1009.5,124,3,1009.6,515,5,1009.7,694,12,1009.8,680,7
317,2025-11-26 12:09:52+05:30,1009.4,91,998.85,5851551,453155.0,353451.0,986.2,1010.3,981.3,986.2,120465000,1084.8,887.6,1102.5,649.1,1009.2,793,3,1009.1,1860,8,1009.0,3471,16,1008.9,1433,12,1008.8,1713,15,1009.4,39,1,1009.5,124,3,1009.6,564,6,1009.7,694,12,1009.8,768,8
317,2025-11-26 12:09:53+05:30,1009.4,5,998.85,5851551,453155.0,353451.0,986.2,1010.3,981.3,986.2,120465000,1084.8,887.6,1102.5,649.1,1009.2,793,3,1009.1,1860,8,1009.0,3471,16,1008.9,1433,12,1008.8,1713,15,1009.4,39,1,1009.5,124,3,1009.6,564,6,1009.7,694,12,1009.8,768,8
317,2025-11-26 12:09:53+05:30,1009.4,5,998.85,5851561,451376.0,353795.0,986.2,1010.3,981.3,986.2,120465000,1084.8,887.6,1102.5,649.1,1009.2,750,2,1009.1,912,5,1009.0,2238,14,1008.9,2456,14,1008.8,1687,13,1009.4,30,1,1009.5,124,3,1009.6,570,8,1009.7,589,5,1009.8,768,8
317,2025-11-26 12:09:54+05:30,1009.4,5,998.85,5851561,452244.0,353914.0,986.2,1010.3,981.3,986.2,120465000,1084.8,887.6,1102.5,649.1,1009.3,113,2,1009.2,749,1,1009.1,1009,5,1009.0,2115,14,1008.9,3206,15,1009.4,30,1,1009.5,124,3,1009.6,570,8,1009.7,611,6,1009.8,772,13
317,2025-11-26 12:09:55+05:30,1009.3,12,998.85,5851561,452244.0,353914.0,986.2,1010.3,981.3,986.2,120465000,1084.8,887.6,1102.5,649.1,1009.3,113,2,1009.2,749,1,1009.1,1009,5,1009.0,2115,14,1008.9,3206,15,1009.4,30,1,1009.5,124,3,1009.6,570,8,1009.7,611,6,1009.8,772,13
317,2025-11-26 12:09:55+05:30,1009.3,12,998.85,5852361,452888.0,353701.0,986.2,1010.3,981.3,986.2,120465000,1084.8,887.6,1102.5,649.1,1009.2,749,1,1009.1,1099,6,1009.0,2018,15,1008.9,5057,17,1008.8,1660,12,1009.3,6,1,1009.6,52,3,1009.7,392,3,1009.8,916,16,1009.9,1101,14
317,2025-11-26 12:09:56+05:30,1009.3,2,998.85,5852361,452888.0,353701.0,986.2,1010.3,981.3,986.2,120465000,1084.8,887.6,1102.5,649.1,1009.2,749,1,1009.1,1099,6,1009.0,2018,15,1008.9,5057,17,1008.8,1660,12,1009.3,6,1,1009.6,52,3,1009.7,392,3,1009.8,916,16,1009.9,1101,14
317,2025-11-26 12:09:56+05:30,1009.3,2,998.85,5852363,455901.0,353750.0,986.2,1010.3,981.3,986.2,120465000,1084.8,887.6,1102.5,649.1,1009.2,749,1,1009.1,1346,8,1009.0,2041,15,1008.9,5850,19,1008.8,1686,13,1009.3,4,1,1009.4,30,1,1009.6,52,3,1009.7,392,3,1009.8,916,16
317,2025-11-26 12:09:57+05:30,1009.3,2,998.85,5852363,454776.0,354303.0,986.2,1010.3,981.3,986.2,120465000,1084.8,887.6,1102.5,649.1,1009.2,749,1,1009.1,1006,6,1009.0,1203,14,1008.9,4584,18,1008.8,2436,14,1009.3,4,1,1009.4,880,2,1009.6,251,5,1009.7,502,6,1009.8,810,14
317,2025-11-26 12:09:58+05:30,1009.2,25,998.85,5852491,453841.0,354750.0,986.2,1010.3,981.3,986.2,120465000,1084.8,887.6,1102.5,649.1,1009.2,621,1,1009.1,780,3,1009.0,452,7,1008.9,4430,14,1008.8,2734,13,1009.3,4,1,1009.4,931,3,1009.5,124,3,1009.6,669,9,1009.7,535,7
317,2025-11-26 12:09:59+05:30,1009.2,25,998.85,5852491,453841.0,354750.0,986.2,1010.3,981.3,986.2,120465000,1084.8,887.6,1102.5,649.1,1009.2,621,1,1009.1,780,3,1009.0,452,7,1008.9,4430,14,1008.8,2734,13,1009.3,4,1,1009.4,931,3,1009.5,124,3,1009.6,669,9,1009.7,535,7
317,2025-11-26 12:09:59+05:30,1009.3,2,998.85,5852493,449626.0,354847.0,986.2,1010.3,981.3,986.2,120465000,1084.8,887.6,1102.5,649.1,1009.1,1442,5,1009.0,382,7,1008.9,4291,13,1008.8,2893,15,1008.7,1836,14,1009.3,2,1,1009.4,1000,4,1009.5,411,5,1009.6,523,8,1009.7,733,11
317,2025-11-26 12:10:00+05:30,1009.4,767,998.85,5852493,449626.0,354847.0,986.2,1010.3,981.3,986.2,120465000,1084.8,887.6,1102.5,649.1,1009.1,1442,5,1009.0,382,7,1008.9,4291,13,1008.8,2893,15,1008.7,1836,14,1009.3,2,1,1009.4,1000,4,1009.5,411,5,1009.6,523,8,1009.7,733,11
317,2025-11-26 12:10:00+05:30,1009.5,17,998.86,5853601,452042.0,352778.0,986.2,1010.3,981.3,986.2,120465000,1084.8,887.6,1102.5,649.1,1009.3,1,1,1009.2,613,1,1009.1,893,4,1009.0,1476,13,1008.9,5389,16,1009.6,1002,11,1009.7,717,7,1009.8,895,15,1009.9,974,14,1010.0,4088,32
317,2025-11-26 12:10:01+05:30,1009.6,19,998.86,5853601,452042.0,352778.0,986.2,1010.3,981.3,986.2,120465000,1084.8,887.6,1102.5,649.1,1009.3,1,1,1009.2,613,1,1009.1,893,4,1009.0,1476,13,1008.9,5389,16,1009.6,1002,11,1009.7,717,7,1009.8,895,15,1009.9,974,14,1010.0,4088,32
317,2025-11-26 12:10:01+05:30,1009.4,1,998.86,5853722,453621.0,352560.0,986.2,1010.3,981.3,986.2,120465000,1084.8,887.6,1102.5,649.1,1009.2,613,1,1009.1,893,4,1009.0,1303,11,1008.9,4673,16,1008.8,1065,13,1009.4,65,1,1009.5,133,1,1009.6,422,6,1009.7,850,8,1009.8,983,16
317,2025-11-26 12:10:02+05:30,1009.4,655,998.86,5853722,453621.0,352560.0,986.2,1010.3,981.3,986.2,120465000,1084.8,887.6,1102.5,649.1,1009.2,613,1,1009.1,893,4,1009.0,1303,11,1008.9,4673,16,1008.8,1065,13,1009.4,65,1,1009.5,133,1,1009.6,422,6,1009.7,850,8,1009.8,983,16
317,2025-11-26 12:10:03+05:30,1009.5,2,998.86,5856673,449100.0,350837.0,986.2,1010.3,981.3,986.2,120465000,1084.8,887.6,1102.5,649.1,1009.5,549,1,1009.4,2,2,1009.3,109,1,1009.2,1082,5,1009.1,1199,7,1009.7,133,1,1009.8,588,7,1009.9,717,11,1010.0,3878,34,1010.1,1809,10
317,2025-11-26 12:10:03+05:30,1009.5,2,998.86,5856673,449100.0,350837.0,986.2,1010.3,981.3,986.2,120465000,1084.8,887.6,1102.5,649.1,1009.5,549,1,1009.4,2,2,1009.3,109,1,1009.2,1082,5,1009.1,1199,7,1009.7,133,1,1009.8,588,7,1009.9,717,11,1010.0,3878,34,1010.1,1809,10
317,2025-11-26 12:10:04+05:30,1009.9,41,998.86,5857060,447958.0,351050.0,986.2,1010.3,981.3,986.2,120465000,1084.8,887.6,1102.5,649.1,1009.6,93,1,1009.5,438,1,1009.4,103,3,1009.3,620,5,1009.2,1237,7,1009.9,504,11,1010.0,4124,37,1010.1,1703,10,1010.2,651,6,1010.3,1852,12
317,2025-11-26 12:10:04+05:30,1009.9,41,998.86,5857060,447958.0,351050.0,986.2,1010.3,981.3,986.2,120465000,1084.8,887.6,1102.5,649.1,1009.6,93,1,1009.5,438,1,1009.4,103,3,1009.3,620,5,1009.2,1237,7,1009.9,504,11,1010.0,4124,37,1010.1,1703,10,1010.2,651,6,1010.3,1852,12
317,2025-11-26 12:10:05+05:30,1009.8,3,998.86,5857155,450076.0,349634.0,986.2,1010.3,981.3,986.2,120465000,1084.8,887.6,1102.5,649.1,1009.6,1,1,1009.5,438,1,1009.4,22,3,1009.3,264,4,1009.2,1338,8,1009.8,130,1,1009.9,692,10,1010.0,3239,37,1010.1,1768,11,1010.2,586,5
317,2025-11-26 12:10:05+05:30,1009.8,3,998.86,5857155,450076.0,349634.0,986.2,1010.3,981.3,986.2,120465000,1084.8,887.6,1102.5,649.1,1009.6,1,1,1009.5,438,1,1009.4,22,3,1009.3,264,4,1009.2,1338,8,1009.8,130,1,1009.9,692,10,1010.0,3239,37,1010.1,1768,11,1010.2,586,5
317,2025-11-26 12:10:06+05:30,1009.9,83,998.86,5857936,452585.0,348789.0,986.2,1010.3,981.3,986.2,120465000,1084.8,887.6,1102.5,649.1,1009.8,2,2,1009.6,1,1,1009.5,438,1,1009.4,323,3,1009.3,655,7,1009.9,105,3,1010.0,3234,37,1010.1,1420,9,1010.2,911,8,1010.3,1721,10
317,2025-11-26 12:10:06+05:30,1009.9,83,998.86,5857936,452585.0,348789.0,986.2,1010.3,981.3,986.2,120465000,1084.8,887.6,1102.5,649.1,1009.8,2,2,1009.6,1,1,1009.5,438,1,1009.4,323,3,1009.3,655,7,1009.9,105,3,1010.0,3234,37,1010.1,1420,9,1010.2,911,8,1010.3,1721,10
317,2025-11-26 12:10:07+05:30,1010.0,4,998.86,5857936,452585.0,348789.0,986.2,1010.3,981.3,986.2,120465000,1084.8,887.6,1102.5,649.1,1009.8,2,2,1009.6,1,1,1009.5,438,1,1009.4,323,3,1009.3,655,7,1009.9,105,3,1010.0,3234,37,1010.1,1420,9,1010.2,911,8,1010.3,1721,10
317,2025-11-26 12:10:07+05:30,1010.0,4,998.87,5862234,454553.0,342954.0,986.2,1010.3,981.3,986.2,120465000,1084.8,887.6,1102.5,649.1,1010.0,523,1,1009.8,73,4,1009.6,1034,4,1009.5,827,9,1009.4,848,11,1010.1,919,2,1010.2,250,5,1010.3,1683,10,1010.4,733,9,1010.5,3159,19
317,2025-11-26 12:10:08+05:30,1010.0,2638,998.87,5862234,454553.0,342954.0,986.2,1010.3,981.3,986.2,120465000,1084.8,887.6,1102.5,649.1,1010.0,523,1,1009.8,73,4,1009.6,1034,4,1009.5,827,9,1009.4,848,11,1010.1,919,2,1010.2,250,5,1010.3,1683,10,1010.4,733,9,1010.5,3159,19
317,2025-11-26 12:10:08+05:30,1010.0,2638,998.89,5870918,453603.0,343894.0,986.2,1010.3,981.3,986.2,120465000,1084.8,887.6,1102.5,649.1,1010.0,655,2,1009.8,19,4,1009.6,913,3,1009.5,381,6,1009.4,1430,13,1010.1,550,2,1010.2,590,5,1010.3,1089,9,1010.4,1032,13,1010.5,3082,22
317,2025-11-26 12:10:09+05:30,1010.7,69,998.89,5870918,453603.0,343894.0,986.2,1010.3,981.3,986.2,120465000,1084.8,887.6,1102.5,649.1,1010.0,655,2,1009.8,19,4,1009.6,913,3,1009.5,381,6,1009.4,1430,13,1010.1,550,2,1010.2,590,5,1010.3,1089,9,1010.4,1032,13,1010.5,3082,22
317,2025-11-26 12:10:09+05:30,1010.7,69,998.9,5876133,456806.0,336098.0,986.2,1010.7,981.3,986.2,120465000,1084.8,887.6,1102.5,649.1,1010.5,104,1,1010.4,105,1,1010.3,221,3,1010.2,179,4,1010.1,831,14,1010.7,37,1,1010.8,401,3,1010.9,490,13,1011.0,4965,50,1011.1,1483,15
317,2025-11-26 12:10:10+05:30,1010.6,267,998.9,5876133,456806.0,336098.0,986.2,1010.7,981.3,986.2,120465000,1084.8,887.6,1102.5,649.1,1010.5,104,1,1010.4,105,1,1010.3,221,3,1010.2,179,4,1010.1,831,14,1010.7,37,1,1010.8,401,3,1010.9,490,13,1011.0,4965,50,1011.1,1483,15
317,2025-11-26 12:10:10+05:30,1010.6,267,998.9,5876694,457535.0,337482.0,986.2,1010.7,981.3,986.2,120465000,1084.8,887.6,1102.5,649.1,1010.5,104,1,1010.4,196,1,1010.3,263,3,1010.2,504,6,1010.1,2224,17,1010.6,49,1,1010.7,510,2,1010.8,403,4,1010.9,731,15,1011.0,5020,50
317,2025-11-26 12:10:11+05:30,1010.6,4,998.9,5876694,457535.0,337482.0,986.2,1010.7,981.3,986.2,120465000,1084.8,887.6,1102.5,649.1,1010.5,104,1,1010.4,196,1,1010.3,263,3,1010.2,504,6,1010.1,2224,17,1010.6,49,1,1010.7,510,2,1010.8,403,4,1010.9,731,15,1011.0,5020,50
317,2025-11-26 12:10:11+05:30,1010.6,4,998.9,5876735,459379.0,339754.0,986.2,1010.7,981.3,986.2,120465000,1084.8,887.6,1102.5,649.1,1010.4,104,1,1010.3,71,2,1010.2,698,7,1010.1,2169,17,1010.0,1619,12,1010.5,324,1,1010.6,267,4,1010.7,510,2,1010.8,595,5,1010.9,1087,17
317,2025-11-26 12:10:12+05:30,1010.4,1,998.9,5876735,459379.0,339754.0,986.2,1010.7,981.3,986.2,120465000,1084.8,887.6,1102.5,649.1,1010.4,104,1,1010.3,71,2,1010.2,698,7,1010.1,2169,17,1010.0,1619,12,1010.5,324,1,1010.6,267,4,1010.7,510,2,1010.8,595,5,1010.9,1087,17
317,2025-11-26 12:10:12+05:30,1010.4,1,998.9,5877093,459805.0,340684.0,986.2,1010.7,981.3,986.2,120465000,1084.8,887.6,1102.5,649.1,1010.4,103,1,1010.2,500,5,1010.1,2361,16,1010.0,1644,13,1009.9,2700,15,1010.5,534,2,1010.6,273,6,1010.7,659,4,1010.8,878,9,1010.9,1152,18
317,2025-11-26 12:10:13+05:30,1010.5,6,998.9,5877093,459805.0,340684.0,986.2,1010.7,981.3,986.2,120465000,1084.8,887.6,1102.5,649.1,1010.4,103,1,1010.2,500,5,1010.1,2361,16,1010.0,1644,13,1009.9,2700,15,1010.5,534,2,1010.6,273,6,1010.7,659,4,1010.8,878,9,1010.9,1152,18
317,2025-11-26 12:10:13+05:30,1010.5,6,998.9,5877103,460556.0,340832.0,986.2,1010.7,981.3,986.2,120465000,1084.8,887.6,1102.5,649.1,1010.3,103,1,1010.2,192,1,1010.1,2253,12,1010.0,2263,13,1009.9,1267,13,1010.5,524,2,1010.6,273,6,1010.7,697,6,1010.8,1015,11,1010.9,1152,18
317,2025-11-26 12:10:14+05:30,1010.5,310,998.9,5877103,460556.0,340832.0,986.2,1010.7,981.3,986.2,120465000,1084.8,887.6,1102.5,649.1,1010.3,103,1,1010.2,192,1,1010.1,2253,12,1010.0,2263,13,1009.9,1267,13,1010.5,524,2,1010.6,273,6,1010.7,697,6,1010.8,1015,11,1010.9,1152,18
317,2025-11-26 12:10:14+05:30,1010.5,310,998.9,5878936,458179.0,339974.0,986.2,1010.7,981.3,986.2,120465000,1084.8,887.6,1102.5,649.1,1010.2,190,1,1010.1,1289,14,1010.0,1937,14,1009.9,1879,12,1009.8,1469,9,1010.5,324,1,1010.6,298,5,1010.7,851,5,1010.8,948,9,1010.9,1316,23
317,2025-11-26 12:10:15+05:30,1010.5,2,998.9,5878936,458179.0,339974.0,986.2,1010.7,981.3,986.2,120465000,1084.8,887.6,1102.5,649.1,1010.2,190,1,1010.1,1289,14,1010.0,1937,14,1009.9,1879,12,1009.8,1469,9,1010.5,324,1,1010.6,298,5,1010.7,851,5,1010.8,948,9,1010.9,1316,23
317,2025-11-26 12:10:15+05:30,1010.5,111,998.91,5879325,456595.0,339843.0,986.2,1010.7,981.3,986.2,120465000,1084.8,887.6,1102.5,649.1,1010.2,190,1,1010.1,1411,16,1010.0,1937,14,1009.9,1879,12,1009.8,1534,10,1010.5,324,1,1010.6,279,4,1010.7,659,4,1010.8,985,9,1010.9,1001,21
317,2025-11-26 12:10:16+05:30,1010.2,257,998.91,5879325,456595.0,339843.0,986.2,1010.7,981.3,986.2,120465000,1084.8,887.6,1102.5,649.1,1010.2,190,1,1010.1,1411,16,1010.0,1937,14,1009.9,1879,12,1009.8,1534,10,1010.5,324,1,1010.6,279,4,1010.7,659,4,1010.8,985,9,1010.9,1001,21
317,2025-11-26 12:10:16+05:30,1010.2,257,998.91,5881519,457524.0,339703.0,986.2,1010.7,981.3,986.2,120465000,1084.8,887.6,1102.5,649.1,1010.2,188,1,1010.1,1172,5,1010.0,1985,16,1009.9,1662,10,1009.8,823,11,1010.6,425,6,1010.7,813,6,1010.8,1208,11,1010.9,916,22,1011.0,5422,51
317,2025-11-26 12:10:17+05:30,1010.6,97,998.91,5881519,457524.0,339703.0,986.2,1010.7,981.3,986.2,120465000,1084.8,887.6,1102.5,649.1,1010.2,188,1,1010.1,1172,5,1010.0,1985,16,1009.9,1662,10,1009.8,823,11,1010.6,425,6,1010.7,813,6,1010.8,1208,11,1010.9,916,22,1011.0,5422,51
317,2025-11-26 12:10:17+05:30,1010.6,97,998.91,5881669,457969.0,339382.0,986.2,1010.7,981.3,986.2,120465000,1084.8,887.6,1102.5,649.1,1010.1,1326,8,1010.0,1812,19,1009.9,2324,12,1009.8,810,10,1009.7,1673,11,1010.6,273,3,1010.7,816,6,1010.8,1208,11,1010.9,919,22,1011.0,5490,52
317,2025-11-26 12:10:18+05:30,1010.6,97,998.91,5881669,458245.0,338428.0,986.2,1010.7,981.3,986.2,120465000,1084.8,887.6,1102.5,649.1,1010.2,185,1,1010.1,1475,10,1010.0,2408,20,1009.9,2011,12,1009.8,810,10,1010.6,276,4,1010.7,748,5,1010.8,1208,11,1010.9,919,22,1011.0,5450,51
317,2025-11-26 12:10:19+05:30,1010.6,5,998.91,5881669,458245.0,338428.0,986.2,1010.7,981.3,986.2,120465000,1084.8,887.6,1102.5,649.1,1010.2,185,1,1010.1,1475,10,1010.0,2408,20,1009.9,2011,12,1009.8,810,10,1010.6,276,4,1010.7,748,5,1010.8,1208,11,1010.9,919,22,1011.0,5450,51
317,2025-11-26 12:10:19+05:30,1010.6,1,998.91,5881804,458372.0,338435.0,986.2,1010.7,981.3,986.2,120465000,1084.8,887.6,1102.5,649.1,1010.2,183,1,1010.1,2270,12,1010.0,1795,19,1009.9,2168,13,1009.8,810,10,1010.6,366,4,1010.7,679,3,1010.8,1140,10,1010.9,959,24,1011.0,5140,50
317,2025-11-26 12:10:20+05:30,1010.6,1,998.91,5881804,458372.0,338435.0,986.2,1010.7,981.3,986.2,120465000,1084.8,887.6,1102.5,649.1,1010.2,183,1,1010.1,2270,12,1010.0,1795,19,1009.9,2168,13,1009.8,810,10,1010.6,366,4,1010.7,679,3,1010.8,1140,10,1010.9,959,24,1011.0,5140,50
317,2025-11-26 12:10:20+05:30,1010.6,1,998.91,5882270,458795.0,336391.0,986.2,1010.7,981.3,986.2,120465000,1084.8,887.6,1102.5,649.1,1010.3,186,2,1010.2,1190,6,1010.1,1658,12,1010.0,2163,20,1009.9,1960,13,1010.7,473,1,1010.8,762,6,1010.9,647,15,1011.0,5120,46,1011.1,1051,14
317,2025-11-26 12:10:21+05:30,1010.6,93,998.91,5882270,458795.0,336391.0,986.2,1010.7,981.3,986.2,120465000,1084.8,887.6,1102.5,649.1,1010.3,186,2,1010.2,1190,6,1010.1,1658,12,1010.0,2163,20,1009.9,1960,13,1010.7,473,1,1010.8,762,6,1010.9,647,15,1011.0,5120,46,1011.1,1051,14
317,2025-11-26 12:10:22+05:30,1010.7,1,998.91,5883360,458718.0,337178.0,986.2,1010.7,981.3,986.2,120465000,1084.8,887.6,1102.5,649.1,1010.4,180,1,1010.3,121,3,1010.2,1256,7,1010.1,1716,13,1010.0,2920,18,1010.7,354,1,1010.8,687,5,1010.9,501,13,1011.0,5073,47,1011.1,1144,17
317,2025-11-26 12:10:22+05:30,1010.7,1,998.91,5883360,458718.0,337178.0,986.2,1010.7,981.3,986.2,120465000,1084.8,887.6,1102.5,649.1,1010.4,180,1,1010.3,121,3,1010.2,1256,7,1010.1,1716,13,1010.0,2920,18,1010.7,354,1,1010.8,687,5,1010.9,501,13,1011.0,5073,47,1011.1,1144,17
317,2025-11-26 12:10:23+05:30,1011.1,4,998.94,5898383,455721.0,327062.0,986.2,1011.3,981.3,986.2,120465000,1084.8,887.6,1102.5,649.1,1011.0,6,3,1010.7,79,5,1010.6,550,4,1010.5,615,5,1010.4,1478,6,1011.1,249,3,1011.2,356,4,1011.3,718,10,1011.4,792,13,1011.5,1008,13
317,2025-11-26 12:10:23+05:30,1011.1,4,998.94,5898383,455721.0,327062.0,986.2,1011.3,981.3,986.2,120465000,1084.8,887.6,1102.5,649.1,1011.0,6,3,1010.7,79,5,1010.6,550,4,1010.5,615,5,1010.4,1478,6,1011.1,249,3,1011.2,356,4,1011.3,718,10,1011.4,792,13,1011.5,1008,13
317,2025-11-26 12:10:24+05:30,1010.9,10,998.94,5898709,454403.0,331856.0,986.2,1011.3,981.3,986.2,120465000,1084.8,887.6,1102.5,649.1,1010.9,30,1,1010.7,87,1,1010.6,402,3,1010.5,602,4,1010.4,497,5,1011.1,882,5,1011.2,746,7,1011.3,787,12,1011.4,875,13,1011.5,1410,18
317,2025-11-26 12:10:24+05:30,1011.1,280,998.94,5898709,454403.0,331856.0,986.2,1011.3,981.3,986.2,120465000,1084.8,887.6,1102.5,649.1,1010.9,30,1,1010.7,87,1,1010.6,402,3,1010.5,602,4,1010.4,497,5,1011.1,882,5,1011.2,746,7,1011.3,787,12,1011.4,875,13,1011.5,1410,18
317,2025-11-26 12:10:25+05:30,1011.0,10,998.95,5900859,456021.0,331055.0,986.2,1011.3,981.3,986.2,120465000,1084.8,887.6,1102.5,649.1,1011.1,1,1,1011.0,12,1,1010.9,30,1,1010.8,294,2,1010.7,637,8,1011.2,14,1,1011.3,133,4,1011.4,656,9,1011.5,1314,16,1011.6,832,13
317,2025-11-26 12:10:25+05:30,1011.2,12,998.95,5900859,456021.0,331055.0,986.2,1011.3,981.3,986.2,120465000,1084.8,887.6,1102.5,649.1,1011.1,1,1,1011.0,12,1,1010.9,30,1,1010.8,294,2,1010.7,637,8,1011.2,14,1,1011.3,133,4,1011.4,656,9,1011.5,1314,16,1011.6,832,13
317,2025-11-26 12:10:26+05:30,1011.3,25,998.95,5901141,464038.0,331222.0,986.2,1011.3,981.3,986.2,120465000,1084.8,887.6,1102.5,649.1,1011.2,1,1,1011.1,1,1,1011.0,12,1,1010.9,390,3,1010.8,770,5,1011.3,72,3,1011.4,85,4,1011.5,1267,13,1011.6,942,14,1011.7,1064,11
317,2025-11-26 12:10:26+05:30,1011.3,10,998.95,5901141,464038.0,331222.0,986.2,1011.3,981.3,986.2,120465000,1084.8,887.6,1102.5,649.1,1011.2,1,1,1011.1,1,1,1011.0,12,1,1010.9,390,3,1010.8,770,5,1011.3,72,3,1011.4,85,4,1011.5,1267,13,1011.6,942,14,1011.7,1064,11
317,2025-11-26 12:10:27+05:30,1010.9,2,998.95,5901463,463649.0,332604.0,986.2,1011.3,981.3,986.2,120465000,1084.8,887.6,1102.5,649.1,1011.2,1,1,1010.9,94,2,1010.8,311,3,1010.7,877,9,1010.6,1186,17,1011.3,164,3,1011.4,890,11,1011.5,1126,16,1011.6,996,17,1011.7,1157,12
317,2025-11-26 12:10:27+05:30,1010.9,2,998.95,5901463,463649.0,332604.0,986.2,1011.3,981.3,986.2,120465000,1084.8,887.6,1102.5,649.1,1011.2,1,1,1010.9,94,2,1010.8,311,3,1010.7,877,9,1010.6,1186,17,1011.3,164,3,1011.4,890,11,1011.5,1126,16,1011.6,996,17,1011.7,1157,12
317,2025-11-26 12:10:28+05:30,1010.9,4,998.95,5901468,464639.0,333330.0,986.2,1011.3,981.3,986.2,120465000,1084.8,887.6,1102.5,649.1,1011.0,750,1,1010.9,90,2,1010.8,503,4,1010.7,597,7,1010.6,1329,18,1011.3,386,5,1011.4,856,10,1011.5,1295,17,1011.6,915,13,1011.7,1112,14
317,2025-11-26 12:10:28+05:30,1010.9,4,998.95,5901468,464639.0,333330.0,986.2,1011.3,981.3,986.2,120465000,1084.8,887.6,1102.5,649.1,1011.0,750,1,1010.9,90,2,1010.8,503,4,1010.7,597,7,1010.6,1329,18,1011.3,386,5,1011.4,856,10,1011.5,1295,17,1011.6,915,13,1011.7,1112,14
317,2025-11-26 12:10:29+05:30,1011.0,9,998.95,5901562,463724.0,333312.0,986.2,1011.3,981.3,986.2,120465000,1084.8,887.6,1102.5,649.1,1011.0,752,2,1010.9,320,4,1010.8,864,8,1010.7,979,7,1010.6,862,16,1011.3,296,3,1011.4,484,9,1011.5,1264,15,1011.6,977,11,1011.7,1086,12
317,2025-11-26 12:10:29+05:30,1011.0,9,998.95,5901562,463724.0,333312.0,986.2,1011.3,981.3,986.2,120465000,1084.8,887.6,1102.5,649.1,1011.0,752,2,1010.9,320,4,1010.8,864,8,1010.7,979,7,1010.6,862,16,1011.3,296,3,1011.4,484,9,1011.5,1264,15,1011.6,977,11,1011.7,1086,12
317,2025-11-26 12:10:30+05:30,1011.3,25,998.95,5901589,463292.0,333539.0,986.2,1011.3,981.3,986.2,120465000,1084.8,887.6,1102.5,649.1,1011.0,752,2,1010.9,220,3,1010.8,529,6,1010.7,784,6,1010.6,1118,16,1011.3,269,1,1011.4,747,12,1011.5,1281,16,1011.6,823,11,1011.7,1152,16
317,2025-11-26 12:10:30+05:30,1011.3,29,998.95,5901589,463292.0,333539.0,986.2,1011.3,981.3,986.2,120465000,1084.8,887.6,1102.5,649.1,1011.0,752,2,1010.9,220,3,1010.8,529,6,1010.7,784,6,1010.6,1118,16,1011.3,269,1,1011.4,747,12,1011.5,1281,16,1011.6,823,11,1011.7,1152,16
317,2025-11-26 12:10:31+05:30,1011.3,163,998.95,5901847,463413.0,333110.0,986.2,1011.3,981.3,986.2,120465000,1084.8,887.6,1102.5,649.1,1011.0,730,2,1010.9,382,4,1010.8,529,6,1010.7,1082,7,1010.6,820,15,1011.3,33,1,1011.4,511,8,1011.5,1190,13,1011.6,813,10,1011.7,1279,15
317,2025-11-26 12:10:31+05:30,1011.3,163,998.95,5901847,463413.0,333110.0,986.2,1011.3,981.3,986.2,120465000,1084.8,887.6,1102.5,649.1,1011.0,730,2,1010.9,382,4,1010.8,529,6,1010.7,1082,7,1010.6,820,15,1011.3,33,1,1011.4,511,8,1011.5,1190,13,1011.6,813,10,1011.7,1279,15
317,2025-11-26 12:10:32+05:30,1011.1,97,998.95,5902936,462890.0,333285.0,986.2,1011.3,981.3,986.2,120465000,1084.8,887.6,1102.5,649.1,1011.0,104,4,1010.9,40,1,1010.8,354,3,1010.7,508,4,1010.6,1089,16,1011.1,96,1,1011.3,407,4,1011.4,800,9,1011.5,1259,14,1011.6,713,8
317,2025-11-26 12:10:32+05:30,1011.1,97,998.95,5902936,462890.0,333285.0,986.2,1011.3,981.3,986.2,120465000,1084.8,887.6,1102.5,649.1,1011.0,104,4,1010.9,40,1,1010.8,354,3,1010.7,508,4,1010.6,1089,16,1011.1,96,1,1011.3,407,4,1011.4,800,9,1011.5,1259,14,1011.6,713,8
317,2025-11-26 12:10:33+05:30,1011.1,97,998.95,5902936,462890.0,333285.0,986.2,1011.3,981.3,986.2,120465000,1084.8,887.6,1102.5,649.1,1011.0,104,4,1010.9,40,1,1010.8,354,3,1010.7,508,4,1010.6,1089,16,1011.1,96,1,1011.3,407,4,1011.4,800,9,1011.5,1259,14,1011.6,713,8
317,2025-11-26 12:10:33+05:30,1010.9,8,998.95,5902953,462684.0,333486.0,986.2,1011.3,981.3,986.2,120465000,1084.8,887.6,1102.5,649.1,1010.9,32,1,1010.8,387,5,1010.7,521,5,1010.6,1171,16,1010.5,6211,12,1011.1,87,1,1011.2,79,1,1011.3,533,6,1011.4,927,11,1011.5,1206,14
317,2025-11-26 12:10:33+05:30,1010.9,8,998.95,5902953,462684.0,333486.0,986.2,1011.3,981.3,986.2,120465000,1084.8,887.6,1102.5,649.1,1010.9,32,1,1010.8,387,5,1010.7,521,5,1010.6,1171,16,1010.5,6211,12,1011.1,87,1,1011.2,79,1,1011.3,533,6,1011.4,927,11,1011.5,1206,14
317,2025-11-26 12:10:33+05:30,1011.1,1,998.95,5902953,462684.0,333486.0,986.2,1011.3,981.3,986.2,120465000,1084.8,887.6,1102.5,649.1,1010.9,32,1,1010.8,387,5,1010.7,521,5,1010.6,1171,16,1010.5,6211,12,1011.1,87,1,1011.2,79,1,1011.3,533,6,1011.4,927,11,1011.5,1206,14
317,2025-11-26 12:10:33+05:30,1011.1,1,998.95,5902953,462684.0,333486.0,986.2,1011.3,981.3,986.2,120465000,1084.8,887.6,1102.5,649.1,1010.9,32,1,1010.8,387,5,1010.7,521,5,1010.6,1171,16,1010.5,6211,12,1011.1,87,1,1011.2,79,1,1011.3,533,6,1011.4,927,11,1011.5,1206,14
317,2025-11-26 12:10:34+05:30,1010.9,1,998.95,5903205,462737.0,333759.0,986.2,1011.3,981.3,986.2,120465000,1084.8,887.6,1102.5,649.1,1010.9,31,1,1010.8,387,5,1010.7,521,5,1010.6,1220,17,1010.5,6211,12,1011.1,97,2,1011.2,128,2,1011.3,602,6,1011.4,811,10,1011.5,1160,14
317,2025-11-26 12:10:34+05:30,1010.9,1,998.95,5903205,462737.0,333759.0,986.2,1011.3,981.3,986.2,120465000,1084.8,887.6,1102.5,649.1,1010.9,31,1,1010.8,387,5,1010.7,521,5,1010.6,1220,17,1010.5,6211,12,1011.1,97,2,1011.2,128,2,1011.3,602,6,1011.4,811,10,1011.5,1160,14
317,2025-11-26 12:10:34+05:30,1010.9,1,998.95,5903205,462737.0,333759.0,986.2,1011.3,981.3,986.2,120465000,1084.8,887.6,1102.5,649.1,1010.9,31,1,1010.8,387,5,1010.7,521,5,1010.6,1220,17,1010.5,6211,12,1011.1,97,2,1011.2,128,2,1011.3,602,6,1011.4,811,10,1011.5,1160,14
317,2025-11-26 12:10:34+05:30,1010.9,1,998.95,5903205,462737.0,333759.0,986.2,1011.3,981.3,986.2,120465000,1084.8,887.6,1102.5,649.1,1010.9,31,1,1010.8,387,5,1010.7,521,5,1010.6,1220,17,1010.5,6211,12,1011.1,97,2,1011.2,128,2,1011.3,602,6,1011.4,811,10,1011.5,1160,14
317,2025-11-26 12:10:35+05:30,1011.1,2,998.95,5903207,463109.0,333940.0,986.2,1011.3,981.3,986.2,120465000,1084.8,887.6,1102.5,649.1,1011.0,112,1,1010.9,31,1,1010.8,290,4,1010.7,685,6,1010.6,1268,18,1011.1,95,2,1011.2,49,1,1011.3,654,8,1011.4,811,10,1011.5,1251,15
317,2025-11-26 12:10:35+05:30,1011.1,2,998.95,5903207,463109.0,333940.0,986.2,1011.3,981.3,986.2,120465000,1084.8,887.6,1102.5,649.1,1011.0,112,1,1010.9,31,1,1010.8,290,4,1010.7,685,6,1010.6,1268,18,1011.1,95,2,1011.2,49,1,1011.3,654,8,1011.4,811,10,1011.5,1251,15
317,2025-11-26 12:10:35+05:30,1011.1,2,998.95,5903207,463109.0,333940.0,986.2,1011.3,981.3,986.2,120465000,1084.8,887.6,1102.5,649.1,1011.0,112,1,1010.9,31,1,1010.8,290,4,1010.7,685,6,1010.6,1268,18,1011.1,95,2,1011.2,49,1,1011.3,654,8,1011.4,811,10,1011.5,1251,15
317,2025-11-26 12:10:35+05:30,1011.1,2,998.95,5903207,463109.0,333940.0,986.2,1011.3,981.3,986.2,120465000,1084.8,887.6,1102.5,649.1,1011.0,112,1,1010.9,31,1,1010.8,290,4,1010.7,685,6,1010.6,1268,18,1011.1,95,2,1011.2,49,1,1011.3,654,8,1011.4,811,10,1011.5,1251,15
317,2025-11-26 12:10:36+05:30,1011.1,1,998.95,5903258,462881.0,334180.0,986.2,1011.3,981.3,986.2,120465000,1084.8,887.6,1102.5,649.1,1011.0,62,1,1010.9,31,1,1010.8,290,4,1010.7,685,6,1010.6,1268,18,1011.1,94,2,1011.2,124,2,1011.3,654,8,1011.4,995,12,1011.5,1251,15
317,2025-11-26 12:10:36+05:30,1011.1,1,998.95,5903258,462881.0,334180.0,986.2,1011.3,981.3,986.2,120465000,1084.8,887.6,1102.5,649.1,1011.0,62,1,1010.9,31,1,1010.8,290,4,1010.7,685,6,1010.6,1268,18,1011.1,94,2,1011.2,124,2,1011.3,654,8,1011.4,995,12,1011.5,1251,15
317,2025-11-26 12:10:36+05:30,1011.0,13,998.95,5903258,462881.0,334180.0,986.2,1011.3,981.3,986.2,120465000,1084.8,887.6,1102.5,649.1,1011.0,62,1,1010.9,31,1,1010.8,290,4,1010.7,685,6,1010.6,1268,18,1011.1,94,2,1011.2,124,2,1011.3,654,8,1011.4,995,12,1011.5,1251,15
317,2025-11-26 12:10:36+05:30,1011.0,13,998.95,5903258,462881.0,334180.0,986.2,1011.3,981.3,986.2,120465000,1084.8,887.6,1102.5,649.1,1011.0,62,1,1010.9,31,1,1010.8,290,4,1010.7,685,6,1010.6,1268,18,1011.1,94,2,1011.2,124,2,1011.3,654,8,1011.4,995,12,1011.5,1251,15
317,2025-11-26 12:10:36+05:30,1011.0,13,998.95,5903258,462881.0,334180.0,986.2,1011.3,981.3,986.2,120471750,1084.8,887.6,1102.5,649.1,1011.0,62,1,1010.9,31,1,1010.8,290,4,1010.7,685,6,1010.6,1268,18,1011.1,94,2,1011.2,124,2,1011.3,654,8,1011.4,995,12,1011.5,1251,15
317,2025-11-26 12:10:37+05:30,1011.0,13,998.95,5903258,462881.0,334180.0,986.2,1011.3,981.3,986.2,120471750,1084.8,887.6,1102.5,649.1,1011.0,62,1,1010.9,31,1,1010.8,290,4,1010.7,685,6,1010.6,1268,18,1011.1,94,2,1011.2,124,2,1011.3,654,8,1011.4,995,12,1011.5,1251,15
317,2025-11-26 12:10:37+05:30,1011.0,635,998.96,5903985,461781.0,334863.0,986.2,1011.3,981.3,986.2,120471750,1084.8,887.6,1102.5,649.1,1010.9,57,3,1010.8,377,3,1010.7,734,7,1010.6,1059,16,1010.5,6154,12,1011.0,211,2,1011.1,2,1,1011.2,149,2,1011.3,462,8,1011.4,926,11
317,2025-11-26 12:10:37+05:30,1011.0,635,998.96,5903985,461781.0,334863.0,986.2,1011.3,981.3,986.2,120471750,1084.8,887.6,1102.5,649.1,1010.9,57,3,1010.8,377,3,1010.7,734,7,1010.6,1059,16,1010.5,6154,12,1011.0,211,2,1011.1,2,1,1011.2,149,2,1011.3,462,8,1011.4,926,11
317,2025-11-26 12:10:37+05:30,1011.0,635,998.96,5903985,461781.0,334863.0,986.2,1011.3,981.3,986.2,120471750,1084.8,887.6,1102.5,649.1,1010.9,57,3,1010.8,377,3,1010.7,734,7,1010.6,1059,16,1010.5,6154,12,1011.0,211,2,1011.1,2,1,1011.2,149,2,1011.3,462,8,1011.4,926,11
317,2025-11-26 12:10:37+05:30,1011.0,635,998.96,5903985,461781.0,334863.0,986.2,1011.3,981.3,986.2,120471750,1084.8,887.6,1102.5,649.1,1010.9,57,3,1010.8,377,3,1010.7,734,7,1010.6,1059,16,1010.5,6154,12,1011.0,211,2,1011.1,2,1,1011.2,149,2,1011.3,462,8,1011.4,926,11
317,2025-11-26 12:10:38+05:30,1011.0,101,998.96,5904324,463232.0,334214.0,986.2,1011.3,981.3,986.2,120471750,1084.8,887.6,1102.5,649.1,1010.8,194,3,1010.7,709,6,1010.6,1144,16,1010.5,6048,11,1010.4,1300,12,1011.0,110,2,1011.1,75,2,1011.2,177,2,1011.3,357,7,1011.4,750,11
317,2025-11-26 12:10:38+05:30,1011.0,101,998.96,5904324,463232.0,334214.0,986.2,1011.3,981.3,986.2,120471750,1084.8,887.6,1102.5,649.1,1010.8,194,3,1010.7,709,6,1010.6,1144,16,1010.5,6048,11,1010.4,1300,12,1011.0,110,2,1011.1,75,2,1011.2,177,2,1011.3,357,7,1011.4,750,11
317,2025-11-26 12:10:39+05:30,1011.4,90,998.96,5907079,460302.0,333477.0,986.2,1011.4,981.3,986.2,120471750,1084.8,887.6,1102.5,649.1,1010.9,87,1,1010.8,349,5,1010.7,605,6,1010.6,1387,17,1010.5,6114,11,1011.3,176,3,1011.4,283,7,1011.5,1276,16,1011.6,802,10,1011.7,1268,14
317,2025-11-26 12:10:39+05:30,1011.2,2,998.96,5907079,460302.0,333477.0,986.2,1011.4,981.3,986.2,120471750,1084.8,887.6,1102.5,649.1,1010.9,87,1,1010.8,349,5,1010.7,605,6,1010.6,1387,17,1010.5,6114,11,1011.3,176,3,1011.4,283,7,1011.5,1276,16,1011.6,802,10,1011.7,1268,14
317,2025-11-26 12:10:40+05:30,1010.8,1,998.96,5907208,460189.0,332922.0,986.2,1011.4,981.3,986.2,120471750,1084.8,887.6,1102.5,649.1,1010.8,4,1,1010.7,631,8,1010.6,1075,14,1010.5,6306,13,1010.4,1226,11,1011.2,613,7,1011.3,215,5,1011.4,544,8,1011.5,1203,16,1011.6,851,11
317,2025-11-26 12:10:40+05:30,1011.2,1,998.96,5907208,460189.0,332922.0,986.2,1011.4,981.3,986.2,120471750,1084.8,887.6,1102.5,649.1,1010.8,4,1,1010.7,631,8,1010.6,1075,14,1010.5,6306,13,1010.4,1226,11,1011.2,613,7,1011.3,215,5,1011.4,544,8,1011.5,1203,16,1011.6,851,11
317,2025-11-26 12:10:41+05:30,1011.3,2,998.96,5907522,460754.0,333870.0,986.2,1011.4,981.3,986.2,120471750,1084.8,887.6,1102.5,649.1,1010.9,176,1,1010.8,549,5,1010.7,725,10,1010.6,1182,15,1010.5,6112,11,1011.3,37,2,1011.4,110,3,1011.5,1085,15,1011.6,802,10,1011.7,1317,15
317,2025-11-26 12:10:41+05:30,1011.3,2,998.96,5907522,460754.0,333870.0,986.2,1011.4,981.3,986.2,120471750,1084.8,887.6,1102.5,649.1,1010.9,176,1,1010.8,549,5,1010.7,725,10,1010.6,1182,15,1010.5,6112,11,1011.3,37,2,1011.4,110,3,1011.5,1085,15,1011.6,802,10,1011.7,1317,15
317,2025-11-26 12:10:42+05:30,1011.3,2,998.96,5907522,454227.0,336399.0,986.2,1011.4,981.3,986.2,120471750,1084.8,887.6,1102.5,649.1,1010.6,209,4,1010.5,6126,9,1010.4,1325,11,1010.3,1477,11,1010.2,651,8,1011.0,26,2,1011.1,358,4,1011.2,562,9,1011.3,1113,12,1011.4,1392,13
317,2025-11-26 12:10:42+05:30,1011.0,51,998.96,5907522,454227.0,336399.0,986.2,1011.4,981.3,986.2,120471750,1084.8,887.6,1102.5,649.1,1010.6,209,4,1010.5,6126,9,1010.4,1325,11,1010.3,1477,11,1010.2,651,8,1011.0,26,2,1011.1,358,4,1011.2,562,9,1011.3,1113,12,1011.4,1392,13
317,2025-11-26 12:10:43+05:30,1011.0,15,998.96,5907872,453605.0,337012.0,986.2,1011.4,981.3,986.2,120471750,1084.8,887.6,1102.5,649.1,1010.6,150,5,1010.5,5913,7,1010.4,898,12,1010.3,877,11,1010.2,651,8,1011.0,485,1,1011.1,595,6,1011.2,1011,11,1011.3,556,7,1011.4,779,9
317,2025-11-26 12:10:43+05:30,1011.0,15,998.96,5907872,453605.0,337012.0,986.2,1011.4,981.3,986.2,120471750,1084.8,887.6,1102.5,649.1,1010.6,150,5,1010.5,5913,7,1010.4,898,12,1010.3,877,11,1010.2,651,8,1011.0,485,1,1011.1,595,6,1011.2,1011,11,1011.3,556,7,1011.4,779,9
317,2025-11-26 12:10:44+05:30,1011.0,2,998.96,5907974,457726.0,336963.0,986.2,1011.4,981.3,986.2,120471750,1084.8,887.6,1102.5,649.1,1010.6,25,4,1010.5,5915,7,1010.4,1083,13,1010.3,877,11,1010.2,651,8,1011.0,384,2,1011.1,880,8,1011.2,846,11,1011.3,557,8,1011.4,818,12
317,2025-11-26 12:10:44+05:30,1011.0,2,998.96,5907974,457726.0,336963.0,986.2,1011.4,981.3,986.2,120471750,1084.8,887.6,1102.5,649.1,1010.6,25,4,1010.5,5915,7,1010.4,1083,13,1010.3,877,11,1010.2,651,8,1011.0,384,2,1011.1,880,8,1011.2,846,11,1011.3,557,8,1011.4,818,12
317,2025-11-26 12:10:45+05:30,1011.0,2,998.96,5907974,457726.0,336963.0,986.2,1011.4,981.3,986.2,120471750,1084.8,887.6,1102.5,649.1,1010.6,25,4,1010.5,5915,7,1010.4,1083,13,1010.3,877,11,1010.2,651,8,1011.0,384,2,1011.1,880,8,1011.2,846,11,1011.3,557,8,1011.4,818,12
317,2025-11-26 12:10:45+05:30,1011.0,2,998.97,5908976,413488.0,337976.0,986.2,1011.4,981.3,986.2,120471750,1084.8,887.6,1102.5,649.1,1010.6,87,1,1010.5,4745,7,1010.4,1351,9,1010.3,871,11,1010.2,1530,14,1011.0,382,2,1011.1,880,8,1011.2,1245,14,1011.3,821,11,1011.4,810,10
317,2025-11-26 12:10:46+05:30,1010.6,10,998.97,5908976,413488.0,337976.0,986.2,1011.4,981.3,986.2,120471750,1084.8,887.6,1102.5,649.1,1010.6,87,1,1010.5,4745,7,1010.4,1351,9,1010.3,871,11,1010.2,1530,14,1011.0,382,2,1011.1,880,8,1011.2,1245,14,1011.3,821,11,1011.4,810,10
317,2025-11-26 12:10:46+05:30,1010.6,10,998.97,5910597,414751.0,339444.0,986.2,1011.4,981.3,986.2,120471750,1084.8,887.6,1102.5,649.1,1010.5,4829,8,1010.4,1259,10,1010.3,707,9,1010.2,1465,12,1010.1,960,12,1010.8,8,1,1011.0,382,2,1011.1,289,3,1011.2,748,10,1011.3,719,11
317,2025-11-26 12:10:47+05:30,1010.8,82,998.97,5910597,414751.0,339444.0,986.2,1011.4,981.3,986.2,120471750,1084.8,887.6,1102.5,649.1,1010.5,4829,8,1010.4,1259,10,1010.3,707,9,1010.2,1465,12,1010.1,960,12,1010.8,8,1,1011.0,382,2,1011.1,289,3,1011.2,748,10,1011.3,719,11
317,2025-11-26 12:10:47+05:30,1010.5,135,998.97,5910814,414740.0,342478.0,986.2,1011.4,981.3,986.2,120471750,1084.8,887.6,1102.5,649.1,1010.5,4558,7,1010.4,1702,10,1010.3,931,9,1010.2,871,12,1010.1,997,13,1010.8,96,1,1011.0,401,3,1011.1,555,5,1011.2,737,10,1011.3,941,13
317,2025-11-26 12:10:48+05:30,1010.5,1,998.97,5910814,414740.0,342478.0,986.2,1011.4,981.3,986.2,120471750,1084.8,887.6,1102.5,649.1,1010.5,4558,7,1010.4,1702,10,1010.3,931,9,1010.2,871,12,1010.1,997,13,1010.8,96,1,1011.0,401,3,1011.1,555,5,1011.2,737,10,1011.3,941,13
317,2025-11-26 12:10:48+05:30,1010.5,1,998.97,5910815,414890.0,341954.0,986.2,1011.4,981.3,986.2,120471750,1084.8,887.6,1102.5,649.1,1010.5,4574,8,1010.4,2104,13,1010.3,706,9,1010.2,852,11,1010.1,997,13,1010.8,96,1,1011.0,382,2,1011.1,604,6,1011.2,737,10,1011.3,713,10
317,2025-11-26 12:10:49+05:30,1010.5,1,998.97,5910815,414887.0,341976.0,986.2,1011.4,981.3,986.2,120471750,1084.8,887.6,1102.5,649.1,1010.5,4574,8,1010.4,2085,12,1010.3,706,9,1010.2,871,12,1010.1,997,13,1010.8,96,1,1011.0,425,3,1011.1,604,6,1011.2,737,10,1011.3,717,12
317,2025-11-26 12:10:50+05:30,1011.0,28,998.97,5910815,414887.0,341976.0,986.2,1011.4,981.3,986.2,120471750,1084.8,887.6,1102.5,649.1,1010.5,4574,8,1010.4,2085,12,1010.3,706,9,1010.2,871,12,1010.1,997,13,1010.8,96,1,1011.0,425,3,1011.1,604,6,1011.2,737,10,1011.3,717,12
317,2025-11-26 12:10:50+05:30,1010.6,19,998.97,5911618,409154.0,341451.0,986.2,1011.4,981.3,986.2,120471750,1084.8,887.6,1102.5,649.1,1010.6,74,3,1010.5,4478,7,1010.4,1808,13,1010.3,1077,12,1010.2,852,11,1011.0,507,4,1011.1,599,6,1011.2,763,10,1011.3,653,8,1011.4,1017,14
317,2025-11-26 12:10:51+05:30,1011.0,60,998.97,5911618,409154.0,341451.0,986.2,1011.4,981.3,986.2,120471750,1084.8,887.6,1102.5,649.1,1010.6,74,3,1010.5,4478,7,1010.4,1808,13,1010.3,1077,12,1010.2,852,11,1011.0,507,4,1011.1,599,6,1011.2,763,10,1011.3,653,8,1011.4,1017,14
317,2025-11-26 12:10:51+05:30,1011.0,2,998.97,5912041,414738.0,338877.0,986.2,1011.4,981.3,986.2,120471750,1084.8,887.6,1102.5,649.1,1011.0,89,1,1010.7,303,3,1010.6,838,9,1010.5,4795,10,1010.4,2466,14,1011.1,100,1,1011.2,351,5,1011.3,528,7,1011.4,665,10,1011.5,2136,17
317,2025-11-26 12:10:52+05:30,1011.0,50,998.97,5912041,414738.0,338877.0,986.2,1011.4,981.3,986.2,120471750,1084.8,887.6,1102.5,649.1,1011.0,89,1,1010.7,303,3,1010.6,838,9,1010.5,4795,10,1010.4,2466,14,1011.1,100,1,1011.2,351,5,1011.3,528,7,1011.4,665,10,1011.5,2136,17
317,2025-11-26 12:10:52+05:30,1011.1,5,998.97,5912111,416691.0,338237.0,986.2,1011.4,981.3,986.2,120471750,1084.8,887.6,1102.5,649.1,1011.0,128,2,1010.8,1,1,1010.7,495,4,1010.6,1136,10,1010.5,4562,10,1011.1,91,1,1011.2,351,5,1011.3,553,6,1011.4,620,10,1011.5,1867,15
317,2025-11-26 12:10:53+05:30,1011.0,25,998.97,5912111,416691.0,338237.0,986.2,1011.4,981.3,986.2,120471750,1084.8,887.6,1102.5,649.1,1011.0,128,2,1010.8,1,1,1010.7,495,4,1010.6,1136,10,1010.5,4562,10,1011.1,91,1,1011.2,351,5,1011.3,553,6,1011.4,620,10,1011.5,1867,15
317,2025-11-26 12:10:53+05:30,1011.0,34,998.97,5912273,414174.0,339621.0,986.2,1011.4,981.3,986.2,120471750,1084.8,887.6,1102.5,649.1,1011.0,166,1,1010.7,394,2,1010.6,504,6,1010.5,4744,12,1010.4,2236,11,1011.1,91,1,1011.2,597,7,1011.3,460,8,1011.4,670,10,1011.5,1964,18
317,2025-11-26 12:10:54+05:30,1011.1,91,998.97,5912273,414174.0,339621.0,986.2,1011.4,981.3,986.2,120471750,1084.8,887.6,1102.5,649.1,1011.0,166,1,1010.7,394,2,1010.6,504,6,1010.5,4744,12,1010.4,2236,11,1011.1,91,1,1011.2,597,7,1011.3,460,8,1011.4,670,10,1011.5,1964,18
317,2025-11-26 12:10:55+05:30,1011.3,12,998.97,5912273,414174.0,339621.0,986.2,1011.4,981.3,986.2,120471750,1084.8,887.6,1102.5,649.1,1011.0,166,1,1010.7,394,2,1010.6,504,6,1010.5,4744,12,1010.4,2236,11,1011.1,91,1,1011.2,597,7,1011.3,460,8,1011.4,670,10,1011.5,1964,18
317,2025-11-26 12:10:56+05:30,1011.3,20,998.98,5913937,418815.0,340118.0,986.2,1011.4,981.3,986.2,120471750,1084.8,887.6,1102.5,649.1,1011.1,1,1,1011.0,243,3,1010.8,309,3,1010.7,678,6,1010.6,1082,14,1011.3,644,6,1011.4,777,9,1011.5,1045,16,1011.6,913,14,1011.7,1264,12
317,2025-11-26 12:10:56+05:30,1011.3,20,998.98,5913937,418815.0,340118.0,986.2,1011.4,981.3,986.2,120471750,1084.8,887.6,1102.5,649.1,1011.1,1,1,1011.0,243,3,1010.8,309,3,1010.7,678,6,1010.6,1082,14,1011.3,644,6,1011.4,777,9,1011.5,1045,16,1011.6,913,14,1011.7,1264,12
317,2025-11-26 12:10:56+05:30,1011.9,10,998.98,5915252,423219.0,330419.0,986.2,1011.9,981.3,986.2,120471750,1084.8,887.6,1102.5,649.1,1011.9,21,1,1011.8,265,2,1011.7,239,4,1011.6,558,6,1011.5,243,4,1012.0,4221,53,1012.1,15,1,1012.2,1752,3,1012.3,658,8,1012.4,1210,9
317,2025-11-26 12:10:57+05:30,1012.0,30,998.98,5915252,423219.0,330419.0,986.2,1011.9,981.3,986.2,120471750,1084.8,887.6,1102.5,649.1,1011.9,21,1,1011.8,265,2,1011.7,239,4,1011.6,558,6,1011.5,243,4,1012.0,4221,53,1012.1,15,1,1012.2,1752,3,1012.3,658,8,1012.4,1210,9
317,2025-11-26 12:10:58+05:30,1012.0,100,998.99,5920731,421395.0,326317.0,986.2,1012.0,981.3,986.2,120471750,1084.8,887.6,1102.5,649.1,1011.8,194,1,1011.7,742,6,1011.6,701,13,1011.5,1132,10,1011.4,842,9,1012.0,28,1,1012.1,15,1,1012.2,1563,3,1012.3,176,4,1012.4,1239,10
317,2025-11-26 12:10:58+05:30,1011.8,1,998.99,5920731,421395.0,326317.0,986.2,1012.0,981.3,986.2,120471750,1084.8,887.6,1102.5,649.1,1011.8,194,1,1011.7,742,6,1011.6,701,13,1011.5,1132,10,1011.4,842,9,1012.0,28,1,1012.1,15,1,1012.2,1563,3,1012.3,176,4,1012.4,1239,10
317,2025-11-26 12:10:59+05:30,1011.6,1,998.99,5922501,420734.0,328869.0,986.2,1012.2,981.3,986.2,120471750,1084.8,887.6,1102.5,649.1,1011.6,551,6,1011.5,722,10,1011.4,627,8,1011.3,1309,11,1011.2,2040,14,1011.9,418,1,1012.1,193,4,1012.2,956,3,1012.3,347,7,1012.4,1623,11
317,2025-11-26 12:10:59+05:30,1011.6,1,998.99,5922501,420734.0,328869.0,986.2,1012.2,981.3,986.2,120471750,1084.8,887.6,1102.5,649.1,1011.6,551,6,1011.5,722,10,1011.4,627,8,1011.3,1309,11,1011.2,2040,14,1011.9,418,1,1012.1,193,4,1012.2,956,3,1012.3,347,7,1012.4,1623,11
317,2025-11-26 12:11:00+05:30,1011.6,5,998.99,5922501,420734.0,328869.0,986.2,1012.2,981.3,986.2,120471750,1084.8,887.6,1102.5,649.1,1011.6,551,6,1011.5,722,10,1011.4,627,8,1011.3,1309,11,1011.2,2040,14,1011.9,418,1,1012.1,193,4,1012.2,956,3,1012.3,347,7,1012.4,1623,11
317,2025-11-26 12:11:01+05:30,1011.8,74,999.0,5923434,420352.0,335536.0,986.2,1012.2,981.3,986.2,120471750,1084.8,887.6,1102.5,649.1,1011.4,430,5,1011.3,947,12,1011.2,796,7,1011.1,993,10,1011.0,1566,12,1011.8,325,1,1011.9,497,2,1012.0,160,3,1012.1,803,9,1012.2,1595,9
317,2025-11-26 12:11:01+05:30,1011.8,70,999.0,5923434,420352.0,335536.0,986.2,1012.2,981.3,986.2,120471750,1084.8,887.6,1102.5,649.1,1011.4,430,5,1011.3,947,12,1011.2,796,7,1011.1,993,10,1011.0,1566,12,1011.8,325,1,1011.9,497,2,1012.0,160,3,1012.1,803,9,1012.2,1595,9
317,2025-11-26 12:11:02+05:30,1011.8,70,999.0,5923610,420504.0,335544.0,986.2,1012.2,981.3,986.2,120471750,1084.8,887.6,1102.5,649.1,1011.5,187,1,1011.4,662,7,1011.3,720,13,1011.2,867,8,1011.1,1043,11,1011.8,149,1,1011.9,497,2,1012.0,160,3,1012.1,694,7,1012.2,1570,8
317,2025-11-26 12:11:02+05:30,1011.8,20,999.0,5923610,420504.0,335544.0,986.2,1012.2,981.3,986.2,120471750,1084.8,887.6,1102.5,649.1,1011.5,187,1,1011.4,662,7,1011.3,720,13,1011.2,867,8,1011.1,1043,11,1011.8,149,1,1011.9,497,2,1012.0,160,3,1012.1,694,7,1012.2,1570,8
317,2025-11-26 12:11:03+05:30,1011.8,4,999.0,5923788,420884.0,335481.0,986.2,1012.2,981.3,986.2,120471750,1084.8,887.6,1102.5,649.1,1011.5,185,1,1011.4,647,8,1011.3,860,11,1011.2,894,11,1011.1,1776,14,1011.8,44,3,1011.9,497,2,1012.0,96,2,1012.1,694,7,1012.2,1654,13
317,2025-11-26 12:11:03+05:30,1011.8,10,999.0,5923788,420884.0,335481.0,986.2,1012.2,981.3,986.2,120471750,1084.8,887.6,1102.5,649.1,1011.5,185,1,1011.4,647,8,1011.3,860,11,1011.2,894,11,1011.1,1776,14,1011.8,44,3,1011.9,497,2,1012.0,96,2,1012.1,694,7,1012.2,1654,13
317,2025-11-26 12:11:04+05:30,1011.5,5,999.0,5923951,420626.0,334869.0,986.2,1012.2,981.3,986.2,120471750,1084.8,887.6,1102.5,649.1,1011.5,57,4,1011.4,632,8,1011.3,976,9,1011.2,901,11,1011.1,1520,13,1011.8,4,2,1011.9,406,1,1012.0,15,2,1012.1,248,4,1012.2,1258,6
317,2025-11-26 12:11:04+05:30,1011.8,135,999.0,5923951,420626.0,334869.0,986.2,1012.2,981.3,986.2,120471750,1084.8,887.6,1102.5,649.1,1011.5,57,4,1011.4,632,8,1011.3,976,9,1011.2,901,11,1011.1,1520,13,1011.8,4,2,1011.9,406,1,1012.0,15,2,1012.1,248,4,1012.2,1258,6
317,2025-11-26 12:11:04+05:30,1011.8,135,999.0,5924096,421377.0,337490.0,986.2,1012.2,981.3,986.2,120471750,1084.8,887.6,1102.5,649.1,1011.8,1,1,1011.5,18,2,1011.4,451,6,1011.3,1261,9,1011.2,1775,17,1011.9,167,1,1012.0,745,7,1012.1,782,8,1012.2,1722,15,1012.3,650,10
317,2025-11-26 12:11:05+05:30,1011.2,90,999.0,5924096,421377.0,337490.0,986.2,1012.2,981.3,986.2,120471750,1084.8,887.6,1102.5,649.1,1011.8,1,1,1011.5,18,2,1011.4,451,6,1011.3,1261,9,1011.2,1775,17,1011.9,167,1,1012.0,745,7,1012.1,782,8,1012.2,1722,15,1012.3,650,10
317,2025-11-26 12:11:06+05:30,1011.8,921,999.0,5927021,424812.0,336955.0,986.2,1012.2,981.3,986.2,120471750,1084.8,887.6,1102.5,649.1,1011.5,178,1,1011.4,269,3,1011.3,1558,7,1011.2,994,16,1011.1,1130,11,1011.8,33,1,1011.9,165,1,1012.0,581,7,1012.1,1121,8,1012.2,1750,17
317,2025-11-26 12:11:06+05:30,1011.5,1,999.0,5927021,424812.0,336955.0,986.2,1012.2,981.3,986.2,120471750,1084.8,887.6,1102.5,649.1,1011.5,178,1,1011.4,269,3,1011.3,1558,7,1011.2,994,16,1011.1,1130,11,1011.8,33,1,1011.9,165,1,1012.0,581,7,1012.1,1121,8,1012.2,1750,17
317,2025-11-26 12:11:07+05:30,1011.9,25,999.0,5927387,426752.0,337321.0,986.2,1012.2,981.3,986.2,120471750,1084.8,887.6,1102.5,649.1,1011.7,177,1,1011.6,127,2,1011.5,406,4,1011.4,514,5,1011.3,1994,10,1011.9,9,1,1012.0,879,7,1012.1,421,5,1012.2,1454,12,1012.3,1200,11
317,2025-11-26 12:11:07+05:30,1011.6,17,999.0,5927387,426752.0,337321.0,986.2,1012.2,981.3,986.2,120471750,1084.8,887.6,1102.5,649.1,1011.7,177,1,1011.6,127,2,1011.5,406,4,1011.4,514,5,1011.3,1994,10,1011.9,9,1,1012.0,879,7,1012.1,421,5,1012.2,1454,12,1012.3,1200,11
317,2025-11-26 12:11:08+05:30,1011.8,50,999.01,5927732,426430.0,337651.0,986.2,1012.2,981.3,986.2,120471750,1084.8,887.6,1102.5,649.1,1011.6,65,1,1011.5,189,2,1011.4,961,4,1011.3,1552,10,1011.2,864,16,1011.9,9,1,1012.0,1075,9,1012.1,1060,6,1012.2,1438,8,1012.3,881,17
317,2025-11-26 12:11:08+05:30,1011.8,50,999.01,5927732,426430.0,337651.0,986.2,1012.2,981.3,986.2,120471750,1084.8,887.6,1102.5,649.1,1011.6,65,1,1011.5,189,2,1011.4,961,4,1011.3,1552,10,1011.2,864,16,1011.9,9,1,1012.0,1075,9,1012.1,1060,6,1012.2,1438,8,1012.3,881,17
317,2025-11-26 12:11:08+05:30,1011.7,119,999.01,5927851,427497.0,339244.0,986.2,1012.2,981.3,986.2,120471750,1084.8,887.6,1102.5,649.1,1011.6,65,1,1011.5,257,3,1011.4,911,8,1011.3,1166,10,1011.2,1136,15,1011.7,100,1,1011.9,9,1,1012.0,884,8,1012.1,504,4,1012.2,1572,11
317,2025-11-26 12:11:09+05:30,1011.7,119,999.01,5927851,427497.0,339244.0,986.2,1012.2,981.3,986.2,120471750,1084.8,887.6,1102.5,649.1,1011.6,65,1,1011.5,257,3,1011.4,911,8,1011.3,1166,10,1011.2,1136,15,1011.7,100,1,1011.9,9,1,1012.0,884,8,1012.1,504,4,1012.2,1572,11
317,2025-11-26 12:11:09+05:30,1011.5,3,999.01,5928244,429473.0,338912.0,986.2,1012.2,981.3,986.2,120471750,1084.8,887.6,1102.5,649.1,1011.5,452,4,1011.4,640,7,1011.3,1140,8,1011.2,1136,15,1011.1,1934,14,1011.6,94,1,1011.7,102,2,1011.9,211,2,1012.0,1094,9,1012.1,534,5
317,2025-11-26 12:11:10+05:30,1011.6,1,999.01,5928244,429473.0,338912.0,986.2,1012.2,981.3,986.2,120471750,1084.8,887.6,1102.5,649.1,1011.5,452,4,1011.4,640,7,1011.3,1140,8,1011.2,1136,15,1011.1,1934,14,1011.6,94,1,1011.7,102,2,1011.9,211,2,1012.0,1094,9,1012.1,534,5
317,2025-11-26 12:11:11+05:30,1011.6,2,999.01,5928247,430653.0,339636.0,986.2,1012.2,981.3,986.2,120471750,1084.8,887.6,1102.5,649.1,1011.5,501,5,1011.4,739,8,1011.3,1438,9,1011.2,1407,16,1011.1,2032,16,1011.6,91,1,1011.7,102,2,1011.9,9,1,1012.0,1468,9,1012.1,535,6
317,2025-11-26 12:11:11+05:30,1011.6,2,999.01,5928247,430653.0,339636.0,986.2,1012.2,981.3,986.2,120471750,1084.8,887.6,1102.5,649.1,1011.5,501,5,1011.4,739,8,1011.3,1438,9,1011.2,1407,16,1011.1,2032,16,1011.6,91,1,1011.7,102,2,1011.9,9,1,1012.0,1468,9,1012.1,535,6
317,2025-11-26 12:11:12+05:30,1011.6,2,999.01,5928249,434655.0,339733.0,986.2,1012.2,981.3,986.2,120471750,1084.8,887.6,1102.5,649.1,1011.5,92,2,1011.4,726,7,1011.3,1140,8,1011.2,1691,16,1011.1,2032,16,1011.6,89,1,1011.7,145,3,1011.9,29,2,1012.0,1468,9,1012.1,535,6
317,2025-11-26 12:11:12+05:30,1011.6,2,999.01,5928249,434655.0,339733.0,986.2,1012.2,981.3,986.2,120471750,1084.8,887.6,1102.5,649.1,1011.5,92,2,1011.4,726,7,1011.3,1140,8,1011.2,1691,16,1011.1,2032,16,1011.6,89,1,1011.7,145,3,1011.9,29,2,1012.0,1468,9,1012.1,535,6
317,2025-11-26 12:11:13+05:30,1011.6,6,999.01,5928264,434124.0,338271.0,986.2,1012.2,981.3,986.2,120471750,1084.8,887.6,1102.5,649.1,1011.5,92,2,1011.4,523,4,1011.3,1342,11,1011.2,1161,16,1011.1,2032,16,1011.6,74,1,1011.7,145,3,1011.8,50,1,1011.9,29,2,1012.0,1471,10
317,2025-11-26 12:11:13+05:30,1011.6,6,999.01,5928264,434124.0,338271.0,986.2,1012.2,981.3,986.2,120471750,1084.8,887.6,1102.5,649.1,1011.5,92,2,1011.4,523,4,1011.3,1342,11,1011.2,1161,16,1011.1,2032,16,1011.6,74,1,1011.7,145,3,1011.8,50,1,1011.9,29,2,1012.0,1471,10
317,2025-11-26 12:11:14+05:30,1011.6,6,999.01,5928264,434063.0,339071.0,986.2,1012.2,981.3,986.2,120471750,1084.8,887.6,1102.5,649.1,1011.5,92,2,1011.4,572,5,1011.3,1342,11,1011.2,1161,16,1011.1,2032,16,1011.6,74,1,1011.7,145,3,1011.8,50,1,1011.9,29,2,1012.0,1471,10
317,2025-11-26 12:11:14+05:30,1011.6,3,999.01,5928264,434063.0,339071.0,986.2,1012.2,981.3,986.2,120471750,1084.8,887.6,1102.5,649.1,1011.5,92,2,1011.4,572,5,1011.3,1342,11,1011.2,1161,16,1011.1,2032,16,1011.6,74,1,1011.7,145,3,1011.8,50,1,1011.9,29,2,1012.0,1471,10
317,2025-11-26 12:11:15+05:30,1011.5,2,999.01,5928805,433286.0,339525.0,986.2,1012.2,981.3,986.2,120471750,1084.8,887.6,1102.5,649.1,1011.4,458,4,1011.3,1374,11,1011.2,911,12,1011.1,1988,16,1011.0,3279,16,1011.5,3,1,1011.7,145,3,1011.8,50,1,1011.9,431,4,1012.0,1596,12
317,2025-11-26 12:11:15+05:30,1011.5,2,999.01,5928805,433286.0,339525.0,986.2,1012.2,981.3,986.2,120471750,1084.8,887.6,1102.5,649.1,1011.4,458,4,1011.3,1374,11,1011.2,911,12,1011.1,1988,16,1011.0,3279,16,1011.5,3,1,1011.7,145,3,1011.8,50,1,1011.9,431,4,1012.0,1596,12
317,2025-11-26 12:11:16+05:30,1011.7,19,999.01,5928805,433286.0,339525.0,986.2,1012.2,981.3,986.2,120471750,1084.8,887.6,1102.5,649.1,1011.4,458,4,1011.3,1374,11,1011.2,911,12,1011.1,1988,16,1011.0,3279,16,1011.5,3,1,1011.7,145,3,1011.8,50,1,1011.9,431,4,1012.0,1596,12
317,2025-11-26 12:11:16+05:30,1011.7,19,999.01,5928929,433284.0,339157.0,986.2,1012.2,981.3,986.2,120471750,1084.8,887.6,1102.5,649.1,1011.6,500,1,1011.5,224,2,1011.4,626,6,1011.3,1525,12,1011.2,1316,15,1011.7,124,2,1011.8,50,1,1011.9,212,2,1012.0,1534,12,1012.1,522,10
317,2025-11-26 12:11:17+05:30,1011.7,25,999.01,5928929,433284.0,339157.0,986.2,1012.2,981.3,986.2,120471750,1084.8,887.6,1102.5,649.1,1011.6,500,1,1011.5,224,2,1011.4,626,6,1011.3,1525,12,1011.2,1316,15,1011.7,124,2,1011.8,50,1,1011.9,212,2,1012.0,1534,12,1012.1,522,10
317,2025-11-26 12:11:17+05:30,1011.7,25,999.01,5929264,432487.0,339271.0,986.2,1012.2,981.3,986.2,120471750,1084.8,887.6,1102.5,649.1,1011.6,500,1,1011.5,1,1,1011.4,582,6,1011.3,1372,11,1011.2,1115,14,1011.7,118,2,1011.8,50,1,1011.9,10,1,1012.0,1538,13,1012.1,1017,11
317,2025-11-26 12:11:18+05:30,1011.7,1,999.01,5929264,432487.0,339271.0,986.2,1012.2,981.3,986.2,120471750,1084.8,887.6,1102.5,649.1,1011.6,500,1,1011.5,1,1,1011.4,582,6,1011.3,1372,11,1011.2,1115,14,1011.7,118,2,1011.8,50,1,1011.9,10,1,1012.0,1538,13,1012.1,1017,11
317,2025-11-26 12:11:18+05:30,1011.7,50,999.01,5929442,432789.0,339278.0,986.2,1012.2,981.3,986.2,120471750,1084.8,887.6,1102.5,649.1,1011.6,500,1,1011.5,251,3,1011.4,804,8,1011.3,616,10,1011.2,1611,15,1011.7,78,2,1011.8,50,1,1011.9,10,1,1012.0,1333,13,1012.1,571,11
317,2025-11-26 12:11:19+05:30,1011.6,135,999.01,5929442,432789.0,339278.0,986.2,1012.2,981.3,986.2,120471750,1084.8,887.6,1102.5,649.1,1011.6,500,1,1011.5,251,3,1011.4,804,8,1011.3,616,10,1011.2,1611,15,1011.7,78,2,1011.8,50,1,1011.9,10,1,1012.0,1333,13,1012.1,571,11
317,2025-11-26 12:11:20+05:30,1011.6,13,999.01,5929957,434432.0,339589.0,986.2,1012.2,981.3,986.2,120471750,1084.8,887.6,1102.5,649.1,1011.5,50,1,1011.4,271,4,1011.3,1279,10,1011.2,1066,15,1011.1,2630,15,1011.6,81,1,1011.7,78,2,1011.8,56,2,1011.9,212,2,1012.0,1685,18
317,2025-11-26 12:11:20+05:30,1011.6,13,999.01,5929957,434432.0,339589.0,986.2,1012.2,981.3,986.2,120471750,1084.8,887.6,1102.5,649.1,1011.5,50,1,1011.4,271,4,1011.3,1279,10,1011.2,1066,15,1011.1,2630,15,1011.6,81,1,1011.7,78,2,1011.8,56,2,1011.9,212,2,1012.0,1685,18
317,2025-11-26 12:11:21+05:30,1011.6,1,999.01,5929958,434729.0,339901.0,986.2,1012.2,981.3,986.2,120471750,1084.8,887.6,1102.5,649.1,1011.5,50,1,1011.4,406,5,1011.3,1278,10,1011.2,1648,15,1011.1,2017,14,1011.6,83,2,1011.7,89,4,1011.8,56,2,1011.9,202,1,1012.0,1749,22
317,2025-11-26 12:11:21+05:30,1011.6,1,999.01,5929958,434729.0,339901.0,986.2,1012.2,981.3,986.2,120471750,1084.8,887.6,1102.5,649.1,1011.5,50,1,1011.4,406,5,1011.3,1278,10,1011.2,1648,15,1011.1,2017,14,1011.6,83,2,1011.7,89,4,1011.8,56,2,1011.9,202,1,1012.0,1749,22
317,2025-11-26 12:11:22+05:30,1011.6,9,999.01,5929958,434729.0,339901.0,986.2,1012.2,981.3,986.2,120471750,1084.8,887.6,1102.5,649.1,1011.5,50,1,1011.4,406,5,1011.3,1278,10,1011.2,1648,15,1011.1,2017,14,1011.6,83,2,1011.7,89,4,1011.8,56,2,1011.9,202,1,1012.0,1749,22
317,2025-11-26 12:11:22+05:30,1011.5,1,999.01,5929968,434751.0,340002.0,986.2,1012.2,981.3,986.2,120471750,1084.8,887.6,1102.5,649.1,1011.5,49,1,1011.4,1286,6,1011.3,1576,11,1011.2,1373,15,1011.1,2017,14,1011.6,74,2,1011.7,112,4,1011.8,56,2,1011.9,202,1,1012.0,1759,23
317,2025-11-26 12:11:23+05:30,1011.6,4,999.01,5929968,434751.0,340002.0,986.2,1012.2,981.3,986.2,120471750,1084.8,887.6,1102.5,649.1,1011.5,49,1,1011.4,1286,6,1011.3,1576,11,1011.2,1373,15,1011.1,2017,14,1011.6,74,2,1011.7,112,4,1011.8,56,2,1011.9,202,1,1012.0,1759,23
317,2025-11-26 12:11:23+05:30,1011.6,4,999.01,5929976,434233.0,341379.0,986.2,1012.2,981.3,986.2,120471750,1084.8,887.6,1102.5,649.1,1011.5,49,1,1011.4,1150,5,1011.3,658,7,1011.2,1699,18,1011.1,2017,14,1011.6,67,3,1011.7,112,4,1011.8,56,2,1011.9,823,4,1012.0,1807,20
317,2025-11-26 12:11:24+05:30,1011.5,1,999.01,5929976,434233.0,341379.0,986.2,1012.2,981.3,986.2,120471750,1084.8,887.6,1102.5,649.1,1011.5,49,1,1011.4,1150,5,1011.3,658,7,1011.2,1699,18,1011.1,2017,14,1011.6,67,3,1011.7,112,4,1011.8,56,2,1011.9,823,4,1012.0,1807,20
317,2025-11-26 12:11:24+05:30,1011.5,48,999.01,5930025,433761.0,342104.0,986.2,1012.2,981.3,986.2,120471750,1084.8,887.6,1102.5,649.1,1011.4,885,2,1011.3,530,6,1011.2,985,15,1011.1,2630,15,1011.0,3249,15,1011.5,15,1,1011.6,4,2,1011.7,112,4,1011.8,267,5,1011.9,883,5
317,2025-11-26 12:11:25+05:30,1011.5,1,999.01,5930025,433761.0,342104.0,986.2,1012.2,981.3,986.2,120471750,1084.8,887.6,1102.5,649.1,1011.4,885,2,1011.3,530,6,1011.2,985,15,1011.1,2630,15,1011.0,3249,15,1011.5,15,1,1011.6,4,2,1011.7,112,4,1011.8,267,5,1011.9,883,5
317,2025-11-26 12:11:25+05:30,1011.4,5,999.01,5930191,434551.0,342598.0,986.2,1012.2,981.3,986.2,120471750,1084.8,887.6,1102.5,649.1,1011.4,968,4,1011.3,566,6,1011.2,936,14,1011.1,2529,14,1011.0,4090,18,1011.5,85,1,1011.6,84,4,1011.7,51,3,1011.8,267,5,1011.9,1008,6
317,2025-11-26 12:11:26+05:30,1011.5,3,999.01,5930191,434551.0,342598.0,986.2,1012.2,981.3,986.2,120471750,1084.8,887.6,1102.5,649.1,1011.4,968,4,1011.3,566,6,1011.2,936,14,1011.1,2529,14,1011.0,4090,18,1011.5,85,1,1011.6,84,4,1011.7,51,3,1011.8,267,5,1011.9,1008,6
317,2025-11-26 12:11:26+05:30,1011.5,3,999.01,5930194,434577.0,342492.0,986.2,1012.2,981.3,986.2,120471750,1084.8,887.6,1102.5,649.1,1011.4,968,4,1011.3,566,6,1011.2,936,14,1011.1,1942,14,1011.0,4703,19,1011.5,82,1,1011.6,84,4,1011.7,51,3,1011.8,267,5,1011.9,806,5
317,2025-11-26 12:11:27+05:30,1011.4,1,999.01,5930194,434577.0,342492.0,986.2,1012.2,981.3,986.2,120471750,1084.8,887.6,1102.5,649.1,1011.4,968,4,1011.3,566,6,1011.2,936,14,1011.1,1942,14,1011.0,4703,19,1011.5,82,1,1011.6,84,4,1011.7,51,3,1011.8,267,5,1011.9,806,5
317,2025-11-26 12:11:27+05:30,1011.5,20,999.01,5930215,434681.0,342581.0,986.2,1012.2,981.3,986.2,120471750,1084.8,887.6,1102.5,649.1,1011.4,749,2,1011.3,491,5,1011.2,936,14,1011.1,1942,14,1011.0,4703,19,1011.5,62,1,1011.6,84,4,1011.7,261,5,1011.8,275,5,1011.9,806,5
317,2025-11-26 12:11:28+05:30,1011.5,1,999.01,5930215,434681.0,342581.0,986.2,1012.2,981.3,986.2,120471750,1084.8,887.6,1102.5,649.1,1011.4,749,2,1011.3,491,5,1011.2,936,14,1011.1,1942,14,1011.0,4703,19,1011.5,62,1,1011.6,84,4,1011.7,261,5,1011.8,275,5,1011.9,806,5
317,2025-11-26 12:11:28+05:30,1011.5,1,999.01,5930216,435577.0,346050.0,986.2,1012.2,981.3,986.2,120471750,1084.8,887.6,1102.5,649.1,1011.4,749,2,1011.3,152,3,1011.2,1252,10,1011.1,3305,16,1011.0,3340,17,1011.5,61,1,1011.6,93,5,1011.7,252,4,1011.8,275,5,1011.9,806,5
317,2025-11-26 12:11:29+05:30,1011.4,2,999.01,5930216,435577.0,346050.0,986.2,1012.2,981.3,986.2,120471750,1084.8,887.6,1102.5,649.1,1011.4,749,2,1011.3,152,3,1011.2,1252,10,1011.1,3305,16,1011.0,3340,17,1011.5,61,1,1011.6,93,5,1011.7,252,4,1011.8,275,5,1011.9,806,5
317,2025-11-26 12:11:29+05:30,1011.4,29,999.01,5931054,434260.0,348302.0,986.2,1012.2,981.3,986.2,120471750,1084.8,887.6,1102.5,649.1,1011.3,124,3,1011.2,617,12,1011.1,3476,16,1011.0,3340,17,1010.9,1944,13,1011.4,63,2,1011.6,270,5,1011.7,567,7,1011.8,441,6,1011.9,1318,7
317,2025-11-26 12:11:30+05:30,1011.4,7,999.01,5931054,434260.0,348302.0,986.2,1012.2,981.3,986.2,120471750,1084.8,887.6,1102.5,649.1,1011.3,124,3,1011.2,617,12,1011.1,3476,16,1011.0,3340,17,1010.9,1944,13,1011.4,63,2,1011.6,270,5,1011.7,567,7,1011.8,441,6,1011.9,1318,7
317,2025-11-26 12:11:30+05:30,1011.4,1,999.01,5931402,436393.0,348009.0,986.2,1012.2,981.3,986.2,120471750,1084.8,887.6,1102.5,649.1,1011.3,392,5,1011.2,1140,10,1011.1,3378,22,1011.0,4100,19,1010.9,2694,14,1011.4,83,2,1011.6,68,4,1011.7,258,5,1011.8,347,6,1011.9,1004,7
317,2025-11-26 12:11:31+05:30,1011.3,13,999.01,5931402,436393.0,348009.0,986.2,1012.2,981.3,986.2,120471750,1084.8,887.6,1102.5,649.1,1011.3,392,5,1011.2,1140,10,1011.1,3378,22,1011.0,4100,19,1010.9,2694,14,1011.4,83,2,1011.6,68,4,1011.7,258,5,1011.8,347,6,1011.9,1004,7
317,2025-11-26 12:11:31+05:30,1011.3,13,999.01,5931415,436443.0,348388.0,986.2,1012.2,981.3,986.2,120471750,1084.8,887.6,1102.5,649.1,1011.3,562,6,1011.2,660,8,1011.1,3676,23,1011.0,4122,20,1010.9,2733,15,1011.4,83,2,1011.5,71,2,1011.6,4,2,1011.7,274,7,1011.8,336,4
317,2025-11-26 12:11:32+05:30,1011.4,6,999.01,5931427,436483.0,348418.0,986.2,1012.2,981.3,986.2,120471750,1084.8,887.6,1102.5,649.1,1011.3,379,5,1011.2,829,8,1011.1,3691,24,1011.0,4122,20,1010.9,2733,15,1011.4,78,4,1011.5,71,2,1011.6,11,2,1011.7,264,6,1011.8,336,4
317,2025-11-26 12:11:33+05:30,1011.3,5,999.01,5931427,436483.0,348418.0,986.2,1012.2,981.3,986.2,120471750,1084.8,887.6,1102.5,649.1,1011.3,379,5,1011.2,829,8,1011.1,3691,24,1011.0,4122,20,1010.9,2733,15,1011.4,78,4,1011.5,71,2,1011.6,11,2,1011.7,264,6,1011.8,336,4
317,2025-11-26 12:11:33+05:30,1011.4,22,999.01,5931533,434399.0,354960.0,986.2,1012.2,981.3,986.2,120471750,1084.8,887.6,1102.5,649.1,1011.3,149,3,1011.2,198,3,1011.1,2414,13,1011.0,3836,20,1010.9,1294,17,1011.4,74,1,1011.5,71,2,1011.6,270,3,1011.7,761,10,1011.8,555,8
317,2025-11-26 12:11:34+05:30,1011.4,100,999.01,5931533,434399.0,354960.0,986.2,1012.2,981.3,986.2,120471750,1084.8,887.6,1102.5,649.1,1011.3,149,3,1011.2,198,3,1011.1,2414,13,1011.0,3836,20,1010.9,1294,17,1011.4,74,1,1011.5,71,2,1011.6,270,3,1011.7,761,10,1011.8,555,8
317,2025-11-26 12:11:34+05:30,1011.5,129,999.01,5932012,432231.0,354011.0,986.2,1012.2,981.3,986.2,120471750,1084.8,887.6,1102.5,649.1,1011.4,113,2,1011.3,227,4,1011.2,371,5,1011.1,2046,13,1011.0,2833,18,1011.5,61,1,1011.6,22,3,1011.7,568,9,1011.8,666,9,1011.9,1690,13
317,2025-11-26 12:11:35+05:30,1011.5,2,999.01,5932012,432231.0,354011.0,986.2,1012.2,981.3,986.2,120471750,1084.8,887.6,1102.5,649.1,1011.4,113,2,1011.3,227,4,1011.2,371,5,1011.1,2046,13,1011.0,2833,18,1011.5,61,1,1011.6,22,3,1011.7,568,9,1011.8,666,9,1011.9,1690,13
317,2025-11-26 12:11:35+05:30,1011.5,2,999.01,5932057,432323.0,353786.0,986.2,1012.2,981.3,986.2,120471750,1084.8,887.6,1102.5,649.1,1011.4,73,2,1011.3,227,4,1011.2,766,5,1011.1,1544,13,1011.0,2833,18,1011.5,56,1,1011.6,12,2,1011.7,578,10,1011.8,454,7,1011.9,1901,16
317,2025-11-26 12:11:36+05:30,1011.5,6,999.01,5932057,432323.0,353786.0,986.2,1012.2,981.3,986.2,120471750,1084.8,887.6,1102.5,649.1,1011.4,73,2,1011.3,227,4,1011.2,766,5,1011.1,1544,13,1011.0,2833,18,1011.5,56,1,1011.6,12,2,1011.7,578,10,1011.8,454,7,1011.9,1901,16
317,2025-11-26 12:11:36+05:30,1011.6,1,999.02,5932450,430413.0,354880.0,986.2,1012.2,981.3,986.2,120471750,1084.8,887.6,1102.5,649.1,1011.3,81,4,1011.2,197,3,1011.1,1618,10,1011.0,2362,15,1010.9,1945,17,1011.6,8,1,1011.7,1029,13,1011.8,608,7,1011.9,1359,13,1012.0,3882,29
317,2025-11-26 12:11:37+05:30,1011.7,18,999.02,5932450,430413.0,354880.0,986.2,1012.2,981.3,986.2,120471750,1084.8,887.6,1102.5,649.1,1011.3,81,4,1011.2,197,3,1011.1,1618,10,1011.0,2362,15,1010.9,1945,17,1011.6,8,1,1011.7,1029,13,1011.8,608,7,1011.9,1359,13,1012.0,3882,29
317,2025-11-26 12:11:38+05:30,1011.7,31,999.02,5932523,431404.0,356199.0,986.2,1012.2,981.3,986.2,120471750,1084.8,887.6,1102.5,649.1,1011.3,102,6,1011.2,246,4,1011.1,1129,10,1011.0,2991,17,1010.9,1973,19,1011.5,200,1,1011.7,798,9,1011.8,726,7,1011.9,1497,12,1012.0,4013,31
317,2025-11-26 12:11:38+05:30,1011.7,31,999.02,5932523,431404.0,356199.0,986.2,1012.2,981.3,986.2,120471750,1084.8,887.6,1102.5,649.1,1011.3,102,6,1011.2,246,4,1011.1,1129,10,1011.0,2991,17,1010.9,1973,19,1011.5,200,1,1011.7,798,9,1011.8,726,7,1011.9,1497,12,1012.0,4013,31
317,2025-11-26 12:11:39+05:30,1011.3,1,999.02,5932529,432492.0,356957.0,986.2,1012.2,981.3,986.2,120471750,1084.8,887.6,1102.5,649.1,1011.4,250,2,1011.3,96,6,1011.2,502,5,1011.1,1629,11,1011.0,3251,20,1011.5,200,1,1011.7,655,9,1011.8,553,7,1011.9,1481,11,1012.0,4374,33
317,2025-11-26 12:11:39+05:30,1011.3,1,999.02,5932529,432492.0,356957.0,986.2,1012.2,981.3,986.2,120471750,1084.8,887.6,1102.5,649.1,1011.4,250,2,1011.3,96,6,1011.2,502,5,1011.1,1629,11,1011.0,3251,20,1011.5,200,1,1011.7,655,9,1011.8,553,7,1011.9,1481,11,1012.0,4374,33
317,2025-11-26 12:11:40+05:30,1011.4,1,999.02,5932924,433968.0,356348.0,986.2,1012.2,981.3,986.2,120471750,1084.8,887.6,1102.5,649.1,1011.3,256,6,1011.2,100,2,1011.1,1852,12,1011.0,2545,19,1010.9,2095,21,1011.4,95,1,1011.5,200,1,1011.7,467,7,1011.8,854,6,1011.9,971,9
317,2025-11-26 12:11:40+05:30,1011.3,4,999.02,5932924,433968.0,356348.0,986.2,1012.2,981.3,986.2,120471750,1084.8,887.6,1102.5,649.1,1011.3,256,6,1011.2,100,2,1011.1,1852,12,1011.0,2545,19,1010.9,2095,21,1011.4,95,1,1011.5,200,1,1011.7,467,7,1011.8,854,6,1011.9,971,9
317,2025-11-26 12:11:41+05:30,1011.4,2,999.02,5932957,433854.0,356060.0,986.2,1012.2,981.3,986.2,120471750,1084.8,887.6,1102.5,649.1,1011.3,19,3,1011.2,282,3,1011.1,1742,11,1011.0,2545,19,1010.9,2095,21,1011.4,92,1,1011.5,200,1,1011.7,467,7,1011.8,854,6,1011.9,971,9
317,2025-11-26 12:11:41+05:30,1011.4,2,999.02,5932957,433854.0,356060.0,986.2,1012.2,981.3,986.2,120471750,1084.8,887.6,1102.5,649.1,1011.3,19,3,1011.2,282,3,1011.1,1742,11,1011.0,2545,19,1010.9,2095,21,1011.4,92,1,1011.5,200,1,1011.7,467,7,1011.8,854,6,1011.9,971,9
317,2025-11-26 12:11:42+05:30,1011.4,2,999.02,5932957,433787.0,356910.0,986.2,1012.2,981.3,986.2,120471750,1084.8,887.6,1102.5,649.1,1011.3,19,3,1011.2,51,1,1011.1,1923,12,1011.0,2523,18,1010.9,2051,18,1011.4,92,1,1011.5,638,3,1011.7,427,6,1011.8,854,6,1011.9,971,9
317,2025-11-26 12:11:42+05:30,1011.1,147,999.02,5932957,433787.0,356910.0,986.2,1012.2,981.3,986.2,120471750,1084.8,887.6,1102.5,649.1,1011.3,19,3,1011.2,51,1,1011.1,1923,12,1011.0,2523,18,1010.9,2051,18,1011.4,92,1,1011.5,638,3,1011.7,427,6,1011.8,854,6,1011.9,971,9
317,2025-11-26 12:11:43+05:30,1011.4,5,999.02,5933512,432766.0,356865.0,986.2,1012.2,981.3,986.2,120471750,1084.8,887.6,1102.5,649.1,1011.1,1483,10,1011.0,2525,18,1010.9,1852,19,1010.8,2499,12,1010.7,2341,11,1011.4,87,1,1011.5,644,4,1011.6,15,1,1011.7,431,7,1011.8,620,10
317,2025-11-26 12:11:43+05:30,1011.4,5,999.02,5933512,432766.0,356865.0,986.2,1012.2,981.3,986.2,120471750,1084.8,887.6,1102.5,649.1,1011.1,1483,10,1011.0,2525,18,1010.9,1852,19,1010.8,2499,12,1010.7,2341,11,1011.4,87,1,1011.5,644,4,1011.6,15,1,1011.7,431,7,1011.8,620,10
317,2025-11-26 12:11:43+05:30,1011.4,10,999.02,5933722,433568.0,358115.0,986.2,1012.2,981.3,986.2,120471750,1084.8,887.6,1102.5,649.1,1011.1,1667,11,1011.0,2199,16,1010.9,2150,20,1010.8,2499,12,1010.7,2341,11,1011.3,1,1,1011.4,39,1,1011.5,644,4,1011.6,225,2,1011.7,836,8
317,2025-11-26 12:11:44+05:30,1011.4,10,999.02,5933722,433568.0,358115.0,986.2,1012.2,981.3,986.2,120471750,1084.8,887.6,1102.5,649.1,1011.1,1667,11,1011.0,2199,16,1010.9,2150,20,1010.8,2499,12,1010.7,2341,11,1011.3,1,1,1011.4,39,1,1011.5,644,4,1011.6,225,2,1011.7,836,8
317,2025-11-26 12:11:45+05:30,1011.5,339,999.02,5934339,432081.0,356361.0,986.2,1012.2,981.3,986.2,120471750,1084.8,887.6,1102.5,649.1,1011.1,883,10,1011.0,2653,19,1010.9,2609,15,1010.8,2540,13,1010.7,2375,12,1011.5,105,3,1011.7,693,9,1011.8,954,8,1011.9,1105,10,1012.0,6840,31
317,2025-11-26 12:11:45+05:30,1011.5,3,999.02,5934339,432081.0,356361.0,986.2,1012.2,981.3,986.2,120471750,1084.8,887.6,1102.5,649.1,1011.1,883,10,1011.0,2653,19,1010.9,2609,15,1010.8,2540,13,1010.7,2375,12,1011.5,105,3,1011.7,693,9,1011.8,954,8,1011.9,1105,10,1012.0,6840,31
317,2025-11-26 12:11:46+05:30,1011.5,1,999.02,5934348,431476.0,356524.0,986.2,1012.2,981.3,986.2,120471750,1084.8,887.6,1102.5,649.1,1011.1,925,12,1011.0,2653,19,1010.9,2714,22,1010.8,1790,12,1010.7,2375,12,1011.5,96,3,1011.7,563,9,1011.8,967,9,1011.9,1117,10,1012.0,6815,30
317,2025-11-26 12:11:46+05:30,1011.5,803,999.02,5934348,431476.0,356524.0,986.2,1012.2,981.3,986.2,120471750,1084.8,887.6,1102.5,649.1,1011.1,925,12,1011.0,2653,19,1010.9,2714,22,1010.8,1790,12,1010.7,2375,12,1011.5,96,3,1011.7,563,9,1011.8,967,9,1011.9,1117,10,1012.0,6815,30
317,2025-11-26 12:11:47+05:30,1011.1,23,999.02,5935411,430326.0,356510.0,986.2,1012.2,981.3,986.2,120471750,1084.8,887.6,1102.5,649.1,1011.1,375,7,1011.0,1968,14,1010.9,2318,21,1010.8,2535,13,1010.7,2585,13,1011.6,1000,6,1011.7,706,11,1011.8,798,12,1011.9,1201,12,1012.0,6386,30
317,2025-11-26 12:11:47+05:30,1011.6,79,999.02,5935411,430326.0,356510.0,986.2,1012.2,981.3,986.2,120471750,1084.8,887.6,1102.5,649.1,1011.1,375,7,1011.0,1968,14,1010.9,2318,21,1010.8,2535,13,1010.7,2585,13,1011.6,1000,6,1011.7,706,11,1011.8,798,12,1011.9,1201,12,1012.0,6386,30
317,2025-11-26 12:11:48+05:30,1011.6,1,999.02,5935526,430454.0,356894.0,986.2,1012.2,981.3,986.2,120471750,1084.8,887.6,1102.5,649.1,1011.1,817,7,1011.0,2266,15,1010.9,2924,23,1010.8,1833,12,1010.7,2600,14,1011.6,879,5,1011.7,926,11,1011.8,617,11,1011.9,1111,10,1012.0,6409,30
317,2025-11-26 12:11:48+05:30,1011.6,1,999.02,5935526,430454.0,356894.0,986.2,1012.2,981.3,986.2,120471750,1084.8,887.6,1102.5,649.1,1011.1,817,7,1011.0,2266,15,1010.9,2924,23,1010.8,1833,12,1010.7,2600,14,1011.6,879,5,1011.7,926,11,1011.8,617,11,1011.9,1111,10,1012.0,6409,30
317,2025-11-26 12:11:49+05:30,1011.6,1,999.02,5935527,430822.0,356451.0,986.2,1012.2,981.3,986.2,120471750,1084.8,887.6,1102.5,649.1,1011.1,1102,10,1011.0,2472,17,1010.9,2733,22,1010.8,1862,13,1010.7,2585,13,1011.6,108,4,1011.7,877,10,1011.8,1076,12,1011.9,1277,10,1012.0,6403,30
317,2025-11-26 12:11:50+05:30,1011.3,1,999.02,5935528,434140.0,359099.0,986.2,1012.2,981.3,986.2,120471750,1084.8,887.6,1102.5,649.1,1011.1,155,4,1011.0,2051,14,1010.9,2343,21,1010.8,3795,14,1010.7,2585,13,1011.3,95,1,1011.6,344,6,1011.7,777,13,1011.8,1354,12,1011.9,1111,10
317,2025-11-26 12:11:50+05:30,1011.3,1,999.02,5935528,434140.0,359099.0,986.2,1012.2,981.3,986.2,120471750,1084.8,887.6,1102.5,649.1,1011.1,155,4,1011.0,2051,14,1010.9,2343,21,1010.8,3795,14,1010.7,2585,13,1011.3,95,1,1011.6,344,6,1011.7,777,13,1011.8,1354,12,1011.9,1111,10
317,2025-11-26 12:11:51+05:30,1011.1,1,999.02,5935530,434197.0,359211.0,986.2,1012.2,981.3,986.2,120471750,1084.8,887.6,1102.5,649.1,1011.1,154,4,1011.0,2051,14,1010.9,2956,22,1010.8,3209,14,1010.7,2551,12,1011.3,94,1,1011.6,344,6,1011.7,777,13,1011.8,1354,12,1011.9,1111,10
317,2025-11-26 12:11:51+05:30,1011.1,1,999.02,5935530,434197.0,359211.0,986.2,1012.2,981.3,986.2,120471750,1084.8,887.6,1102.5,649.1,1011.1,154,4,1011.0,2051,14,1010.9,2956,22,1010.8,3209,14,1010.7,2551,12,1011.3,94,1,1011.6,344,6,1011.7,777,13,1011.8,1354,12,1011.9,1111,10
317,2025-11-26 12:11:52+05:30,1011.4,1,999.02,5936926,433844.0,355106.0,986.2,1012.2,981.3,986.2,120471750,1084.8,887.6,1102.5,649.1,1011.4,189,1,1011.3,306,4,1011.2,1482,10,1011.1,1515,15,1011.0,3124,20,1011.7,69,2,1011.8,544,5,1011.9,822,4,1012.0,6181,26,1012.1,709,8
317,2025-11-26 12:11:52+05:30,1011.4,1,999.02,5936926,433844.0,355106.0,986.2,1012.2,981.3,986.2,120471750,1084.8,887.6,1102.5,649.1,1011.4,189,1,1011.3,306,4,1011.2,1482,10,1011.1,1515,15,1011.0,3124,20,1011.7,69,2,1011.8,544,5,1011.9,822,4,1012.0,6181,26,1012.1,709,8
317,2025-11-26 12:11:53+05:30,1011.8,2,999.03,5938247,432357.0,354188.0,986.2,1012.2,981.3,986.2,120471750,1084.8,887.6,1102.5,649.1,1011.4,29,2,1011.3,67,2,1011.2,1662,11,1011.1,1571,16,1011.0,3137,21,1011.8,711,5,1011.9,792,7,1012.0,6284,29,1012.1,674,8,1012.2,2550,7
317,2025-11-26 12:11:53+05:30,1011.8,2,999.03,5938247,432357.0,354188.0,986.2,1012.2,981.3,986.2,120471750,1084.8,887.6,1102.5,649.1,1011.4,29,2,1011.3,67,2,1011.2,1662,11,1011.1,1571,16,1011.0,3137,21,1011.8,711,5,1011.9,792,7,1012.0,6284,29,1012.1,674,8,1012.2,2550,7
317,2025-11-26 12:11:54+05:30,1011.8,18,999.03,5938247,432357.0,354188.0,986.2,1012.2,981.3,986.2,120471750,1084.8,887.6,1102.5,649.1,1011.4,29,2,1011.3,67,2,1011.2,1662,11,1011.1,1571,16,1011.0,3137,21,1011.8,711,5,1011.9,792,7,1012.0,6284,29,1012.1,674,8,1012.2,2550,7
317,2025-11-26 12:11:54+05:30,1011.8,18,999.03,5938468,434204.0,353035.0,986.2,1012.2,981.3,986.2,120471750,1084.8,887.6,1102.5,649.1,1011.4,16,1,1011.3,888,5,1011.2,1903,15,1011.1,2118,15,1011.0,2400,18,1011.8,176,3,1011.9,779,6,1012.0,6535,32,1012.1,660,7,1012.2,2760,8
317,2025-11-26 12:11:55+05:30,1011.8,13,999.03,5938732,433148.0,355230.0,986.2,1012.2,981.3,986.2,120471750,1084.8,887.6,1102.5,649.1,1011.4,15,1,1011.3,649,4,1011.2,1570,11,1011.1,1999,14,1011.0,4512,22,1011.8,340,4,1011.9,997,8,1012.0,6711,33,1012.1,733,10,1012.2,2770,9
317,2025-11-26 12:11:55+05:30,1011.8,12,999.03,5938732,433148.0,355230.0,986.2,1012.2,981.3,986.2,120471750,1084.8,887.6,1102.5,649.1,1011.4,15,1,1011.3,649,4,1011.2,1570,11,1011.1,1999,14,1011.0,4512,22,1011.8,340,4,1011.9,997,8,1012.0,6711,33,1012.1,733,10,1012.2,2770,9
317,2025-11-26 12:11:56+05:30,1011.8,1,999.03,5938749,432975.0,355327.0,986.2,1012.2,981.3,986.2,120471750,1084.8,887.6,1102.5,649.1,1011.4,61,3,1011.3,649,4,1011.2,1774,13,1011.1,1809,13,1011.0,4498,21,1011.8,134,3,1011.9,1187,9,1012.0,6725,34,1012.1,782,11,1012.2,2770,9
317,2025-11-26 12:11:56+05:30,1011.8,1,999.03,5938749,432975.0,355327.0,986.2,1012.2,981.3,986.2,120471750,1084.8,887.6,1102.5,649.1,1011.4,61,3,1011.3,649,4,1011.2,1774,13,1011.1,1809,13,1011.0,4498,21,1011.8,134,3,1011.9,1187,9,1012.0,6725,34,1012.1,782,11,1012.2,2770,9
317,2025-11-26 12:11:57+05:30,1011.8,141,999.03,5939024,433187.0,355612.0,986.2,1012.2,981.3,986.2,120471750,1084.8,887.6,1102.5,649.1,1011.4,115,5,1011.3,859,5,1011.2,2029,18,1011.1,2306,16,1011.0,3485,19,1011.8,64,3,1011.9,876,6,1012.0,6880,33,1012.1,772,10,1012.2,2760,8
317,2025-11-26 12:11:57+05:30,1011.8,141,999.03,5939024,433187.0,355612.0,986.2,1012.2,981.3,986.2,120471750,1084.8,887.6,1102.5,649.1,1011.4,115,5,1011.3,859,5,1011.2,2029,18,1011.1,2306,16,1011.0,3485,19,1011.8,64,3,1011.9,876,6,1012.0,6880,33,1012.1,772,10,1012.2,2760,8
317,2025-11-26 12:11:58+05:30,1011.8,2,999.03,5939046,433029.0,356714.0,986.2,1012.2,981.3,986.2,120471750,1084.8,887.6,1102.5,649.1,1011.4,31,2,1011.3,549,2,1011.2,1675,17,1011.1,2496,17,1011.0,3675,20,1011.8,276,5,1011.9,987,7,1012.0,6827,34,1012.1,772,10,1012.2,2760,8
317,2025-11-26 12:11:58+05:30,1011.8,114,999.03,5939046,433029.0,356714.0,986.2,1012.2,981.3,986.2,120471750,1084.8,887.6,1102.5,649.1,1011.4,31,2,1011.3,549,2,1011.2,1675,17,1011.1,2496,17,1011.0,3675,20,1011.8,276,5,1011.9,987,7,1012.0,6827,34,1012.1,772,10,1012.2,2760,8
317,2025-11-26 12:11:59+05:30,1011.4,67,999.03,5939449,433284.0,357101.0,986.2,1012.2,981.3,986.2,120471750,1084.8,887.6,1102.5,649.1,1011.3,850,6,1011.2,1728,16,1011.1,2306,16,1011.0,3485,19,1010.9,1889,13,1011.8,3,1,1011.9,879,7,1012.0,7040,35,1012.1,987,12,1012.2,2760,8
317,2025-11-26 12:11:59+05:30,1011.4,67,999.03,5939449,433284.0,357101.0,986.2,1012.2,981.3,986.2,120471750,1084.8,887.6,1102.5,649.1,1011.3,850,6,1011.2,1728,16,1011.1,2306,16,1011.0,3485,19,1010.9,1889,13,1011.8,3,1,1011.9,879,7,1012.0,7040,35,1012.1,987,12,1012.2,2760,8
317,2025-11-26 12:12:00+05:30,1011.5,1,999.03,5939453,436305.0,357809.0,986.2,1012.2,981.3,986.2,120471750,1084.8,887.6,1102.5,649.1,1011.5,199,1,1011.3,1270,7,1011.2,2097,19,1011.1,3019,16,1011.0,4098,20,1011.6,93,1,1011.8,13,2,1011.9,873,7,1012.0,7242,35,1012.1,797,11
317,2025-11-26 12:12:00+05:30,1011.5,1,999.03,5939453,436305.0,357809.0,986.2,1012.2,981.3,986.2,120471750,1084.8,887.6,1102.5,649.1,1011.5,199,1,1011.3,1270,7,1011.2,2097,19,1011.1,3019,16,1011.0,4098,20,1011.6,93,1,1011.8,13,2,1011.9,873,7,1012.0,7242,35,1012.1,797,11
317,2025-11-26 12:12:01+05:30,1011.6,1,999.03,5939463,437046.0,357853.0,986.2,1012.2,981.3,986.2,120471750,1084.8,887.6,1102.5,649.1,1011.5,190,1,1011.3,1270,7,1011.2,2097,19,1011.1,3769,17,1011.0,3485,19,1011.6,92,1,1011.8,28,3,1011.9,876,7,1012.0,7242,35,1012.1,797,11
317,2025-11-26 12:12:01+05:30,1011.6,1,999.03,5939463,437046.0,357853.0,986.2,1012.2,981.3,986.2,120471750,1084.8,887.6,1102.5,649.1,1011.5,190,1,1011.3,1270,7,1011.2,2097,19,1011.1,3769,17,1011.0,3485,19,1011.6,92,1,1011.8,28,3,1011.9,876,7,1012.0,7242,35,1012.1,797,11
317,2025-11-26 12:12:02+05:30,1011.5,100,999.03,5941432,431852.0,358073.0,986.2,1012.2,981.3,986.2,120471750,1084.8,887.6,1102.5,649.1,1011.5,90,1,1011.3,526,3,1011.2,948,10,1011.1,1336,17,1011.0,3265,21,1011.8,535,3,1011.9,720,7,1012.0,7415,35,1012.1,800,9,1012.2,2760,8
317,2025-11-26 12:12:02+05:30,1011.5,100,999.03,5941432,431852.0,358073.0,986.2,1012.2,981.3,986.2,120471750,1084.8,887.6,1102.5,649.1,1011.5,90,1,1011.3,526,3,1011.2,948,10,1011.1,1336,17,1011.0,3265,21,1011.8,535,3,1011.9,720,7,1012.0,7415,35,1012.1,800,9,1012.2,2760,8
317,2025-11-26 12:12:03+05:30,1011.8,124,999.03,5941564,432332.0,357471.0,986.2,1012.2,981.3,986.2,120471750,1084.8,887.6,1102.5,649.1,1011.6,197,1,1011.5,90,1,1011.3,526,3,1011.2,948,10,1011.1,1551,19,1011.8,111,2,1011.9,962,9,1012.0,6933,33,1012.1,814,10,1012.2,2779,9
317,2025-11-26 12:12:03+05:30,1011.6,172,999.03,5941564,432332.0,357471.0,986.2,1012.2,981.3,986.2,120471750,1084.8,887.6,1102.5,649.1,1011.6,197,1,1011.5,90,1,1011.3,526,3,1011.2,948,10,1011.1,1551,19,1011.8,111,2,1011.9,962,9,1012.0,6933,33,1012.1,814,10,1012.2,2779,9
317,2025-11-26 12:12:04+05:30,1011.6,197,999.03,5941564,432332.0,357471.0,986.2,1012.2,981.3,986.2,120471750,1084.8,887.6,1102.5,649.1,1011.6,197,1,1011.5,90,1,1011.3,526,3,1011.2,948,10,1011.1,1551,19,1011.8,111,2,1011.9,962,9,1012.0,6933,33,1012.1,814,10,1012.2,2779,9
317,2025-11-26 12:12:04+05:30,1011.6,197,999.04,5942352,431504.0,360202.0,986.2,1012.2,981.3,986.2,120471750,1084.8,887.6,1102.5,649.1,1011.6,3,1,1011.5,90,1,1011.2,983,6,1011.1,1341,16,1011.0,2527,19,1011.8,596,10,1011.9,978,11,1012.0,7086,36,1012.1,800,9,1012.2,2754,8
317,2025-11-26 12:12:05+05:30,1011.7,2,999.04,5942352,431504.0,360202.0,986.2,1012.2,981.3,986.2,120471750,1084.8,887.6,1102.5,649.1,1011.6,3,1,1011.5,90,1,1011.2,983,6,1011.1,1341,16,1011.0,2527,19,1011.8,596,10,1011.9,978,11,1012.0,7086,36,1012.1,800,9,1012.2,2754,8
317,2025-11-26 12:12:05+05:30,1011.7,2,999.04,5942447,431134.0,360109.0,986.2,1012.2,981.3,986.2,120471750,1084.8,887.6,1102.5,649.1,1011.2,1012,5,1011.1,1633,13,1011.0,2867,23,1010.9,2496,16,1010.8,1621,11,1011.7,141,2,1011.8,556,12,1011.9,994,11,1012.0,7306,40,1012.1,818,11
317,2025-11-26 12:12:06+05:30,1011.7,1,999.04,5942447,431134.0,360109.0,986.2,1012.2,981.3,986.2,120471750,1084.8,887.6,1102.5,649.1,1011.2,1012,5,1011.1,1633,13,1011.0,2867,23,1010.9,2496,16,1010.8,1621,11,1011.7,141,2,1011.8,556,12,1011.9,994,11,1012.0,7306,40,1012.1,818,11
317,2025-11-26 12:12:06+05:30,1011.7,27,999.04,5942615,431519.0,360625.0,986.2,1012.2,981.3,986.2,120471750,1084.8,887.6,1102.5,649.1,1011.2,859,6,1011.1,1865,15,1011.0,2941,24,1010.9,2533,16,1010.8,1669,12,1011.7,243,3,1011.8,570,9,1011.9,797,10,1012.0,7259,37,1012.1,808,10
317,2025-11-26 12:12:07+05:30,1011.7,81,999.04,5942615,431519.0,360625.0,986.2,1012.2,981.3,986.2,120471750,1084.8,887.6,1102.5,649.1,1011.2,859,6,1011.1,1865,15,1011.0,2941,24,1010.9,2533,16,1010.8,1669,12,1011.7,243,3,1011.8,570,9,1011.9,797,10,1012.0,7259,37,1012.1,808,10
317,2025-11-26 12:12:07+05:30,1011.0,99,999.04,5945604,430215.0,361551.0,986.2,1012.2,981.3,986.2,120471750,1084.8,887.6,1102.5,649.1,1011.2,114,2,1011.1,534,4,1011.0,2389,22,1010.9,2212,14,1010.8,2380,14,1011.6,81,1,1011.7,421,5,1011.8,852,12,1011.9,1731,14,1012.0,7074,33
317,2025-11-26 12:12:08+05:30,1011.0,99,999.04,5945604,430215.0,361551.0,986.2,1012.2,981.3,986.2,120471750,1084.8,887.6,1102.5,649.1,1011.2,114,2,1011.1,534,4,1011.0,2389,22,1010.9,2212,14,1010.8,2380,14,1011.6,81,1,1011.7,421,5,1011.8,852,12,1011.9,1731,14,1012.0,7074,33
317,2025-11-26 12:12:08+05:30,1011.0,99,999.04,5945604,431640.0,361619.0,986.2,1012.2,981.3,986.2,120471750,1084.8,887.6,1102.5,649.1,1011.4,380,1,1011.2,128,3,1011.1,1138,6,1011.0,2905,24,1010.9,3262,15,1011.7,421,5,1011.8,1007,11,1011.9,1379,11,1012.0,7108,34,1012.1,755,10
317,2025-11-26 12:12:09+05:30,1011.4,230,999.04,5945604,431640.0,361619.0,986.2,1012.2,981.3,986.2,120471750,1084.8,887.6,1102.5,649.1,1011.4,380,1,1011.2,128,3,1011.1,1138,6,1011.0,2905,24,1010.9,3262,15,1011.7,421,5,1011.8,1007,11,1011.9,1379,11,1012.0,7108,34,1012.1,755,10
317,2025-11-26 12:12:09+05:30,1011.4,230,999.04,5945834,433089.0,361993.0,986.2,1012.2,981.3,986.2,120471750,1084.8,887.6,1102.5,649.1,1011.4,150,1,1011.2,128,3,1011.1,1211,7,1011.0,2905,24,1010.9,3262,15,1011.5,96,1,1011.7,639,6,1011.8,571,9,1011.9,1597,12,1012.0,7188,35
317,2025-11-26 12:12:10+05:30,1011.5,2,999.04,5945834,433089.0,361993.0,986.2,1012.2,981.3,986.2,120471750,1084.8,887.6,1102.5,649.1,1011.4,150,1,1011.2,128,3,1011.1,1211,7,1011.0,2905,24,1010.9,3262,15,1011.5,96,1,1011.7,639,6,1011.8,571,9,1011.9,1597,12,1012.0,7188,35
317,2025-11-26 12:12:10+05:30,1011.5,1,999.04,5945839,432895.0,362396.0,986.2,1012.2,981.3,986.2,120471750,1084.8,887.6,1102.5,649.1,1011.4,163,2,1011.2,128,3,1011.1,1083,8,1011.0,2909,24,1010.9,2919,16,1011.5,91,1,1011.6,55,1,1011.7,802,7,1011.8,571,9,1011.9,1467,13
317,2025-11-26 12:12:11+05:30,1011.2,83,999.04,5945839,432895.0,362396.0,986.2,1012.2,981.3,986.2,120471750,1084.8,887.6,1102.5,649.1,1011.4,163,2,1011.2,128,3,1011.1,1083,8,1011.0,2909,24,1010.9,2919,16,1011.5,91,1,1011.6,55,1,1011.7,802,7,1011.8,571,9,1011.9,1467,13
317,2025-11-26 12:12:11+05:30,1011.1,1,999.04,5946135,431851.0,363489.0,986.2,1012.2,981.3,986.2,120471750,1084.8,887.6,1102.5,649.1,1011.1,1160,6,1011.0,2178,18,1010.9,2825,17,1010.8,1855,13,1010.7,2459,10,1011.5,91,1,1011.6,531,5,1011.7,372,6,1011.8,951,16,1011.9,1861,18
317,2025-11-26 12:12:12+05:30,1011.1,1,999.04,5946135,431851.0,363489.0,986.2,1012.2,981.3,986.2,120471750,1084.8,887.6,1102.5,649.1,1011.1,1160,6,1011.0,2178,18,1010.9,2825,17,1010.8,1855,13,1010.7,2459,10,1011.5,91,1,1011.6,531,5,1011.7,372,6,1011.8,951,16,1011.9,1861,18
317,2025-11-26 12:12:12+05:30,1011.5,6,999.04,5946377,432181.0,362257.0,986.2,1012.2,981.3,986.2,120471750,1084.8,887.6,1102.5,649.1,1011.2,217,1,1011.1,883,5,1011.0,2709,21,1010.9,2527,16,1010.8,1873,13,1011.5,89,1,1011.6,55,1,1011.7,131,3,1011.8,587,11,1011.9,1602,15
317,2025-11-26 12:12:13+05:30,1011.5,6,999.04,5946377,432181.0,362257.0,986.2,1012.2,981.3,986.2,120471750,1084.8,887.6,1102.5,649.1,1011.2,217,1,1011.1,883,5,1011.0,2709,21,1010.9,2527,16,1010.8,1873,13,1011.5,89,1,1011.6,55,1,1011.7,131,3,1011.8,587,11,1011.9,1602,15
317,2025-11-26 12:12:13+05:30,1011.5,6,999.04,5946377,432236.0,362475.0,986.2,1012.2,981.3,986.2,120471750,1084.8,887.6,1102.5,649.1,1011.2,217,1,1011.1,883,5,1011.0,2729,22,1010.9,1914,15,1010.8,2486,14,1011.5,89,1,1011.6,55,1,1011.7,335,4,1011.8,587,11,1011.9,1602,15
317,2025-11-26 12:12:14+05:30,1011.2,1,999.04,5946377,432236.0,362475.0,986.2,1012.2,981.3,986.2,120471750,1084.8,887.6,1102.5,649.1,1011.2,217,1,1011.1,883,5,1011.0,2729,22,1010.9,1914,15,1010.8,2486,14,1011.5,89,1,1011.6,55,1,1011.7,335,4,1011.8,587,11,1011.9,1602,15
317,2025-11-26 12:12:14+05:30,1011.5,1,999.05,5947099,433467.0,361347.0,986.2,1012.2,981.3,986.2,120471750,1084.8,887.6,1102.5,649.1,1011.3,104,1,1011.2,263,2,1011.1,810,9,1011.0,2449,20,1010.9,2447,15,1011.5,1,1,1011.6,55,1,1011.7,335,4,1011.8,482,9,1011.9,827,13
317,2025-11-26 12:12:15+05:30,1011.3,9,999.05,5947099,433467.0,361347.0,986.2,1012.2,981.3,986.2,120471750,1084.8,887.6,1102.5,649.1,1011.3,104,1,1011.2,263,2,1011.1,810,9,1011.0,2449,20,1010.9,2447,15,1011.5,1,1,1011.6,55,1,1011.7,335,4,1011.8,482,9,1011.9,827,13
317,2025-11-26 12:12:16+05:30,1011.6,95,999.05,5947207,434029.0,361556.0,986.2,1012.2,981.3,986.2,120471750,1084.8,887.6,1102.5,649.1,1011.5,2,1,1011.3,10,1,1011.2,281,2,1011.1,1177,10,1011.0,2530,17,1011.6,55,1,1011.7,416,2,1011.8,631,9,1011.9,710,12,1012.0,7139,32
317,2025-11-26 12:12:16+05:30,1011.6,95,999.05,5947207,434029.0,361556.0,986.2,1012.2,981.3,986.2,120471750,1084.8,887.6,1102.5,649.1,1011.5,2,1,1011.3,10,1,1011.2,281,2,1011.1,1177,10,1011.0,2530,17,1011.6,55,1,1011.7,416,2,1011.8,631,9,1011.9,710,12,1012.0,7139,32
317,2025-11-26 12:12:17+05:30,1011.6,95,999.05,5947302,433776.0,361124.0,986.2,1012.2,981.3,986.2,120471750,1084.8,887.6,1102.5,649.1,1011.5,2,1,1011.3,10,1,1011.2,617,5,1011.1,798,10,1011.0,2530,17,1011.6,55,1,1011.7,204,1,1011.8,639,9,1011.9,710,12,1012.0,7114,31
317,2025-11-26 12:12:18+05:30,1011.6,95,999.05,5947302,434052.0,361230.0,986.2,1012.2,981.3,986.2,120471750,1084.8,887.6,1102.5,649.1,1011.5,2,1,1011.3,10,1,1011.2,617,5,1011.1,1028,11,1011.0,2530,17,1011.6,55,1,1011.7,204,1,1011.8,639,9,1011.9,710,12,1012.0,7141,33
317,2025-11-26 12:12:19+05:30,1011.6,2,999.05,5947304,432892.0,361524.0,986.2,1012.2,981.3,986.2,120471750,1084.8,887.6,1102.5,649.1,1011.5,2,1,1011.3,10,1,1011.2,405,4,1011.1,1028,11,1011.0,3007,20,1011.6,53,1,1011.7,204,1,1011.8,689,10,1011.9,710,12,1012.0,7141,33
317,2025-11-26 12:12:19+05:30,1011.6,2,999.05,5947304,432892.0,361524.0,986.2,1012.2,981.3,986.2,120471750,1084.8,887.6,1102.5,649.1,1011.5,2,1,1011.3,10,1,1011.2,405,4,1011.1,1028,11,1011.0,3007,20,1011.6,53,1,1011.7,204,1,1011.8,689,10,1011.9,710,12,1012.0,7141,33
317,2025-11-26 12:12:20+05:30,1011.5,1,999.05,5947307,432139.0,362057.0,986.2,1012.2,981.3,986.2,120471750,1084.8,887.6,1102.5,649.1,1011.3,10,1,1011.2,203,3,1011.1,1152,12,1011.0,2795,19,1010.9,2226,22,1011.5,93,1,1011.6,53,1,1011.7,276,2,1011.8,678,11,1011.9,889,17
317,2025-11-26 12:12:20+05:30,1011.5,1,999.05,5947307,432139.0,362057.0,986.2,1012.2,981.3,986.2,120471750,1084.8,887.6,1102.5,649.1,1011.3,10,1,1011.2,203,3,1011.1,1152,12,1011.0,2795,19,1010.9,2226,22,1011.5,93,1,1011.6,53,1,1011.7,276,2,1011.8,678,11,1011.9,889,17
317,2025-11-26 12:12:21+05:30,1011.5,49,999.05,5947307,432139.0,362057.0,986.2,1012.2,981.3,986.2,120471750,1084.8,887.6,1102.5,649.1,1011.3,10,1,1011.2,203,3,1011.1,1152,12,1011.0,2795,19,1010.9,2226,22,1011.5,93,1,1011.6,53,1,1011.7,276,2,1011.8,678,11,1011.9,889,17
317,2025-11-26 12:12:21+05:30,1011.5,49,999.05,5947357,432191.0,362081.0,986.2,1012.2,981.3,986.2,120471750,1084.8,887.6,1102.5,649.1,1011.3,10,1,1011.2,203,3,1011.1,1152,12,1011.0,2795,19,1010.9,2226,22,1011.5,43,1,1011.7,342,3,1011.8,654,10,1011.9,898,17,1012.0,7320,33
317,2025-11-26 12:12:22+05:30,1011.5,10,999.05,5947357,432191.0,362081.0,986.2,1012.2,981.3,986.2,120471750,1084.8,887.6,1102.5,649.1,1011.3,10,1,1011.2,203,3,1011.1,1152,12,1011.0,2795,19,1010.9,2226,22,1011.5,43,1,1011.7,342,3,1011.8,654,10,1011.9,898,17,1012.0,7320,33
317,2025-11-26 12:12:22+05:30,1011.5,10,999.05,5947368,432398.0,362796.0,986.2,1012.2,981.3,986.2,120471750,1084.8,887.6,1102.5,649.1,1011.3,9,1,1011.2,153,2,1011.1,533,5,1011.0,2703,18,1010.9,2275,15,1011.5,33,1,1011.7,718,6,1011.8,654,10,1011.9,898,17,1012.0,7320,33
317,2025-11-26 12:12:23+05:30,1011.5,4,999.05,5947368,432398.0,362796.0,986.2,1012.2,981.3,986.2,120471750,1084.8,887.6,1102.5,649.1,1011.3,9,1,1011.2,153,2,1011.1,533,5,1011.0,2703,18,1010.9,2275,15,1011.5,33,1,1011.7,718,6,1011.8,654,10,1011.9,898,17,1012.0,7320,33
317,2025-11-26 12:12:23+05:30,1011.5,73,999.05,5947476,433349.0,363920.0,986.2,1012.2,981.3,986.2,120471750,1084.8,887.6,1102.5,649.1,1011.3,9,1,1011.2,202,1,1011.1,786,7,1011.0,2816,23,1010.9,2308,18,1011.5,23,1,1011.7,839,10,1011.8,654,10,1011.9,1872,16,1012.0,7370,34
317,2025-11-26 12:12:24+05:30,1011.5,73,999.05,5947476,433349.0,363920.0,986.2,1012.2,981.3,986.2,120471750,1084.8,887.6,1102.5,649.1,1011.3,9,1,1011.2,202,1,1011.1,786,7,1011.0,2816,23,1010.9,2308,18,1011.5,23,1,1011.7,839,10,1011.8,654,10,1011.9,1872,16,1012.0,7370,34
317,2025-11-26 12:12:24+05:30,1011.3,9,999.05,5947485,431582.0,365396.0,986.2,1012.2,981.3,986.2,120471750,1084.8,887.6,1102.5,649.1,1011.1,929,6,1011.0,2215,19,1010.9,2163,16,1010.8,3213,15,1010.7,3208,12,1011.3,14,1,1011.4,100,1,1011.6,455,3,1011.7,636,9,1011.8,548,10
317,2025-11-26 12:12:25+05:30,1011.3,11,999.05,5947485,431582.0,365396.0,986.2,1012.2,981.3,986.2,120471750,1084.8,887.6,1102.5,649.1,1011.1,929,6,1011.0,2215,19,1010.9,2163,16,1010.8,3213,15,1010.7,3208,12,1011.3,14,1,1011.4,100,1,1011.6,455,3,1011.7,636,9,1011.8,548,10
317,2025-11-26 12:12:25+05:30,1011.1,32,999.05,5947648,433381.0,366433.0,986.2,1012.2,981.3,986.2,120471750,1084.8,887.6,1102.5,649.1,1011.1,387,3,1011.0,2578,20,1010.9,1795,15,1010.8,3914,16,1010.7,3253,13,1011.3,84,1,1011.4,100,1,1011.5,91,1,1011.6,569,4,1011.7,636,9
317,2025-11-26 12:12:26+05:30,1011.3,49,999.05,5947648,433381.0,366433.0,986.2,1012.2,981.3,986.2,120471750,1084.8,887.6,1102.5,649.1,1011.1,387,3,1011.0,2578,20,1010.9,1795,15,1010.8,3914,16,1010.7,3253,13,1011.3,84,1,1011.4,100,1,1011.5,91,1,1011.6,569,4,1011.7,636,9
317,2025-11-26 12:12:26+05:30,1011.3,5,999.05,5947704,432679.0,365651.0,986.2,1012.2,981.3,986.2,120471750,1084.8,887.6,1102.5,649.1,1011.1,594,4,1011.0,2355,16,1010.9,2157,20,1010.8,3914,16,1010.7,3253,13,1011.3,28,1,1011.4,100,1,1011.5,154,2,1011.6,619,5,1011.7,570,8
317,2025-11-26 12:12:27+05:30,1011.3,5,999.05,5947704,432679.0,365651.0,986.2,1012.2,981.3,986.2,120471750,1084.8,887.6,1102.5,649.1,1011.1,594,4,1011.0,2355,16,1010.9,2157,20,1010.8,3914,16,1010.7,3253,13,1011.3,28,1,1011.4,100,1,1011.5,154,2,1011.6,619,5,1011.7,570,8
317,2025-11-26 12:12:27+05:30,1011.3,5,999.05,5947704,432623.0,365756.0,986.2,1012.2,981.3,986.2,120471750,1084.8,887.6,1102.5,649.1,1011.1,203,2,1011.0,2564,17,1010.9,2157,20,1010.8,3914,16,1010.7,3253,13,1011.3,29,2,1011.4,150,2,1011.5,154,2,1011.6,619,5,1011.7,570,8
317,2025-11-26 12:12:28+05:30,1011.3,21,999.05,5947704,432623.0,365756.0,986.2,1012.2,981.3,986.2,120471750,1084.8,887.6,1102.5,649.1,1011.1,203,2,1011.0,2564,17,1010.9,2157,20,1010.8,3914,16,1010.7,3253,13,1011.3,29,2,1011.4,150,2,1011.5,154,2,1011.6,619,5,1011.7,570,8
317,2025-11-26 12:12:28+05:30,1011.3,21,999.05,5947754,432969.0,365610.0,986.2,1012.2,981.3,986.2,120471750,1084.8,887.6,1102.5,649.1,1011.1,804,8,1011.0,2355,16,1010.9,2770,21,1010.8,3301,15,1010.7,3253,13,1011.3,76,2,1011.4,150,2,1011.5,229,3,1011.6,417,4,1011.7,570,8
317,2025-11-26 12:12:29+05:30,1011.4,23,999.05,5949504,433014.0,363785.0,986.2,1012.2,981.3,986.2,120471750,1084.8,887.6,1102.5,649.1,1011.3,20,1,1011.2,213,1,1011.1,616,6,1011.0,2620,19,1010.9,2548,19,1011.5,229,3,1011.6,50,1,1011.7,440,6,1011.8,464,10,1011.9,1815,14
317,2025-11-26 12:12:30+05:30,1011.2,116,999.05,5949504,433014.0,363785.0,986.2,1012.2,981.3,986.2,120471750,1084.8,887.6,1102.5,649.1,1011.3,20,1,1011.2,213,1,1011.1,616,6,1011.0,2620,19,1010.9,2548,19,1011.5,229,3,1011.6,50,1,1011.7,440,6,1011.8,464,10,1011.9,1815,14
317,2025-11-26 12:12:30+05:30,1011.5,1,999.05,5949879,433731.0,363551.0,986.2,1012.2,981.3,986.2,120471750,1084.8,887.6,1102.5,649.1,1011.2,240,2,1011.1,951,7,1011.0,2819,19,1010.9,2524,19,1010.8,2601,16,1011.5,63,1,1011.6,50,1,1011.7,355,5,1011.8,553,12,1011.9,1793,13
317,2025-11-26 12:12:31+05:30,1011.4,50,999.05,5949879,433731.0,363551.0,986.2,1012.2,981.3,986.2,120471750,1084.8,887.6,1102.5,649.1,1011.2,240,2,1011.1,951,7,1011.0,2819,19,1010.9,2524,19,1010.8,2601,16,1011.5,63,1,1011.6,50,1,1011.7,355,5,1011.8,553,12,1011.9,1793,13
317,2025-11-26 12:12:31+05:30,1011.5,121,999.05,5950283,435908.0,363655.0,986.2,1012.2,981.3,986.2,120471750,1084.8,887.6,1102.5,649.1,1011.4,1517,2,1011.3,67,1,1011.2,482,3,1011.1,1243,9,1011.0,2684,19,1011.5,64,1,1011.6,50,1,1011.7,105,2,1011.8,465,11,1011.9,1680,12
317,2025-11-26 12:12:32+05:30,1011.5,121,999.05,5950283,435908.0,363655.0,986.2,1012.2,981.3,986.2,120471750,1084.8,887.6,1102.5,649.1,1011.4,1517,2,1011.3,67,1,1011.2,482,3,1011.1,1243,9,1011.0,2684,19,1011.5,64,1,1011.6,50,1,1011.7,105,2,1011.8,465,11,1011.9,1680,12
317,2025-11-26 12:12:32+05:30,1011.5,5,999.05,5950292,436041.0,364088.0,986.2,1012.2,981.3,986.2,120471750,1084.8,887.6,1102.5,649.1,1011.4,1517,2,1011.3,67,1,1011.2,369,3,1011.1,934,9,1011.0,2634,18,1011.5,56,2,1011.6,50,1,1011.7,105,2,1011.8,539,12,1011.9,1685,13
317,2025-11-26 12:12:33+05:30,1011.5,29,999.05,5950292,436041.0,364088.0,986.2,1012.2,981.3,986.2,120471750,1084.8,887.6,1102.5,649.1,1011.4,1517,2,1011.3,67,1,1011.2,369,3,1011.1,934,9,1011.0,2634,18,1011.5,56,2,1011.6,50,1,1011.7,105,2,1011.8,539,12,1011.9,1685,13
317,2025-11-26 12:12:33+05:30,1011.5,29,999.05,5950321,436050.0,364107.0,986.2,1012.2,981.3,986.2,120471750,1084.8,887.6,1102.5,649.1,1011.4,1517,2,1011.3,67,1,1011.2,165,2,1011.1,695,7,1011.0,2843,19,1011.5,76,3,1011.6,50,1,1011.7,309,3,1011.8,539,12,1011.9,1684,12
317,2025-11-26 12:12:34+05:30,1011.5,40,999.05,5950321,436050.0,364107.0,986.2,1012.2,981.3,986.2,120471750,1084.8,887.6,1102.5,649.1,1011.4,1517,2,1011.3,67,1,1011.2,165,2,1011.1,695,7,1011.0,2843,19,1011.5,76,3,1011.6,50,1,1011.7,309,3,1011.8,539,12,1011.9,1684,12
317,2025-11-26 12:12:34+05:30,1011.5,10,999.05,5950477,434996.0,364250.0,986.2,1012.2,981.3,986.2,120471750,1084.8,887.6,1102.5,649.1,1011.5,5,1,1011.4,1517,2,1011.3,67,1,1011.2,165,2,1011.1,1092,9,1011.6,50,1,1011.7,594,7,1011.8,514,12,1011.9,1707,13,1012.0,7417,36
317,2025-11-26 12:12:35+05:30,1011.5,3,999.05,5950477,434996.0,364250.0,986.2,1012.2,981.3,986.2,120471750,1084.8,887.6,1102.5,649.1,1011.5,5,1,1011.4,1517,2,1011.3,67,1,1011.2,165,2,1011.1,1092,9,1011.6,50,1,1011.7,594,7,1011.8,514,12,1011.9,1707,13,1012.0,7417,36
317,2025-11-26 12:12:36+05:30,1011.5,1,999.05,5950486,435438.0,364296.0,986.2,1012.2,981.3,986.2,120471750,1084.8,887.6,1102.5,649.1,1011.4,1517,2,1011.3,67,1,1011.2,382,4,1011.1,1173,10,1011.0,2859,19,1011.5,1,1,1011.6,52,2,1011.7,136,4,1011.8,619,16,1011.9,1874,12
317,2025-11-26 12:12:36+05:30,1011.4,1,999.05,5950486,435438.0,364296.0,986.2,1012.2,981.3,986.2,120471750,1084.8,887.6,1102.5,649.1,1011.4,1517,2,1011.3,67,1,1011.2,382,4,1011.1,1173,10,1011.0,2859,19,1011.5,1,1,1011.6,52,2,1011.7,136,4,1011.8,619,16,1011.9,1874,12
317,2025-11-26 12:12:37+05:30,1011.4,1,999.05,5950487,435647.0,364298.0,986.2,1012.2,981.3,986.2,120471750,1084.8,887.6,1102.5,649.1,1011.4,1526,3,1011.3,67,1,1011.2,588,5,1011.1,812,10,1011.0,3335,20,1011.5,1,1,1011.6,52,2,1011.7,136,4,1011.8,608,16,1011.9,1887,13
317,2025-11-26 12:12:37+05:30,1011.4,274,999.05,5950487,435647.0,364298.0,986.2,1012.2,981.3,986.2,120471750,1084.8,887.6,1102.5,649.1,1011.4,1526,3,1011.3,67,1,1011.2,588,5,1011.1,812,10,1011.0,3335,20,1011.5,1,1,1011.6,52,2,1011.7,136,4,1011.8,608,16,1011.9,1887,13
317,2025-11-26 12:12:38+05:30,1011.6,24,999.05,5950786,434614.0,364297.0,986.2,1012.2,981.3,986.2,120471750,1084.8,887.6,1102.5,649.1,1011.4,1277,4,1011.3,67,1,1011.2,369,3,1011.1,776,8,1011.0,3593,22,1011.6,28,2,1011.7,136,4,1011.8,660,19,1011.9,1973,14,1012.0,7366,33
317,2025-11-26 12:12:38+05:30,1011.4,1,999.05,5950786,434614.0,364297.0,986.2,1012.2,981.3,986.2,120471750,1084.8,887.6,1102.5,649.1,1011.4,1277,4,1011.3,67,1,1011.2,369,3,1011.1,776,8,1011.0,3593,22,1011.6,28,2,1011.7,136,4,1011.8,660,19,1011.9,1973,14,1012.0,7366,33
317,2025-11-26 12:12:39+05:30,1011.6,1,999.05,5950801,434631.0,364415.0,986.2,1012.2,981.3,986.2,120471750,1084.8,887.6,1102.5,649.1,1011.4,1265,4,1011.3,67,1,1011.2,165,2,1011.1,572,7,1011.0,3799,23,1011.6,25,2,1011.7,483,6,1011.8,660,19,1011.9,1765,13,1012.0,7366,33
317,2025-11-26 12:12:39+05:30,1011.4,100,999.05,5950801,434631.0,364415.0,986.2,1012.2,981.3,986.2,120471750,1084.8,887.6,1102.5,649.1,1011.4,1265,4,1011.3,67,1,1011.2,165,2,1011.1,572,7,1011.0,3799,23,1011.6,25,2,1011.7,483,6,1011.8,660,19,1011.9,1765,13,1012.0,7366,33
317,2025-11-26 12:12:40+05:30,1011.4,5,999.05,5951028,435615.0,365161.0,986.2,1012.2,981.3,986.2,120471750,1084.8,887.6,1102.5,649.1,1011.4,1160,4,1011.3,67,1,1011.2,67,1,1011.1,527,6,1011.0,3467,21,1011.5,120,2,1011.6,25,2,1011.7,477,8,1011.8,1003,19,1011.9,1653,10
317,2025-11-26 12:12:40+05:30,1011.5,1,999.05,5951028,435615.0,365161.0,986.2,1012.2,981.3,986.2,120471750,1084.8,887.6,1102.5,649.1,1011.4,1160,4,1011.3,67,1,1011.2,67,1,1011.1,527,6,1011.0,3467,21,1011.5,120,2,1011.6,25,2,1011.7,477,8,1011.8,1003,19,1011.9,1653,10
317,2025-11-26 12:12:41+05:30,1011.5,2,999.05,5951118,435499.0,365760.0,986.2,1012.2,981.3,986.2,120471750,1084.8,887.6,1102.5,649.1,1011.4,1160,4,1011.3,67,1,1011.2,67,1,1011.1,570,7,1011.0,2847,19,1011.5,530,2,1011.6,25,2,1011.7,947,10,1011.8,622,18,1011.9,1653,10
317,2025-11-26 12:12:41+05:30,1011.4,1,999.05,5951118,435499.0,365760.0,986.2,1012.2,981.3,986.2,120471750,1084.8,887.6,1102.5,649.1,1011.4,1160,4,1011.3,67,1,1011.2,67,1,1011.1,570,7,1011.0,2847,19,1011.5,530,2,1011.6,25,2,1011.7,947,10,1011.8,622,18,1011.9,1653,10
317,2025-11-26 12:12:42+05:30,1011.4,1,999.05,5951169,435568.0,365773.0,986.2,1012.2,981.3,986.2,120471750,1084.8,887.6,1102.5,649.1,1011.4,1159,4,1011.3,67,1,1011.2,109,2,1011.1,570,7,1011.0,3460,20,1011.5,576,2,1011.6,25,2,1011.7,904,9,1011.8,593,17,1011.9,1653,10
317,2025-11-26 12:12:43+05:30,1011.5,619,999.06,5952304,435075.0,364991.0,986.2,1012.2,981.3,986.2,120471750,1084.8,887.6,1102.5,649.1,1011.4,1123,4,1011.3,67,1,1011.2,67,1,1011.1,659,8,1011.0,3460,20,1011.5,96,1,1011.6,31,3,1011.7,224,5,1011.8,837,18,1011.9,1668,11
317,2025-11-26 12:12:43+05:30,1011.5,619,999.06,5952304,435075.0,364991.0,986.2,1012.2,981.3,986.2,120471750,1084.8,887.6,1102.5,649.1,1011.4,1123,4,1011.3,67,1,1011.2,67,1,1011.1,659,8,1011.0,3460,20,1011.5,96,1,1011.6,31,3,1011.7,224,5,1011.8,837,18,1011.9,1668,11
317,2025-11-26 12:12:44+05:30,1011.5,619,999.06,5952304,434740.0,365341.0,986.2,1012.2,981.3,986.2,120471750,1084.8,887.6,1102.5,649.1,1011.4,1123,4,1011.3,67,1,1011.2,67,1,1011.1,659,8,1011.0,2847,19,1011.5,96,1,1011.6,81,4,1011.7,424,6,1011.8,863,19,1011.9,1668,11
317,2025-11-26 12:12:44+05:30,1011.5,101,999.06,5952304,434740.0,365341.0,986.2,1012.2,981.3,986.2,120471750,1084.8,887.6,1102.5,649.1,1011.4,1123,4,1011.3,67,1,1011.2,67,1,1011.1,659,8,1011.0,2847,19,1011.5,96,1,1011.6,81,4,1011.7,424,6,1011.8,863,19,1011.9,1668,11
317,2025-11-26 12:12:45+05:30,1011.6,3,999.06,5952450,434816.0,364724.0,986.2,1012.2,981.3,986.2,120471750,1084.8,887.6,1102.5,649.1,1011.4,1081,4,1011.3,67,1,1011.2,67,1,1011.1,859,9,1011.0,2847,19,1011.6,78,4,1011.7,421,6,1011.8,635,16,1011.9,1694,13,1012.0,7266,30
317,2025-11-26 12:12:45+05:30,1011.6,2,999.06,5952450,434816.0,364724.0,986.2,1012.2,981.3,986.2,120471750,1084.8,887.6,1102.5,649.1,1011.4,1081,4,1011.3,67,1,1011.2,67,1,1011.1,859,9,1011.0,2847,19,1011.6,78,4,1011.7,421,6,1011.8,635,16,1011.9,1694,13,1012.0,7266,30
317,2025-11-26 12:12:46+05:30,1011.6,1,999.06,5952454,434533.0,364724.0,986.2,1012.2,981.3,986.2,120471750,1084.8,887.6,1102.5,649.1,1011.4,1081,4,1011.3,67,1,1011.2,271,2,1011.1,859,9,1011.0,2847,19,1011.6,74,4,1011.7,217,5,1011.8,613,15,1011.9,1694,13,1012.0,7291,31
317,2025-11-26 12:12:46+05:30,1011.6,1,999.06,5952454,434533.0,364724.0,986.2,1012.2,981.3,986.2,120471750,1084.8,887.6,1102.5,649.1,1011.4,1081,4,1011.3,67,1,1011.2,271,2,1011.1,859,9,1011.0,2847,19,1011.6,74,4,1011.7,217,5,1011.8,613,15,1011.9,1694,13,1012.0,7291,31
317,2025-11-26 12:12:47+05:30,1011.6,1,999.06,5952454,434712.0,364704.0,986.2,1012.2,981.3,986.2,120471750,1084.8,887.6,1102.5,649.1,1011.4,1094,5,1011.3,67,1,1011.2,669,4,1011.1,659,8,1011.0,2847,19,1011.6,74,4,1011.7,136,4,1011.8,686,16,1011.9,1694,13,1012.0,7291,31
317,2025-11-26 12:12:48+05:30,1011.6,53,999.06,5952535,434372.0,364793.0,986.2,1012.2,981.3,986.2,120471750,1084.8,887.6,1102.5,649.1,1011.4,1090,5,1011.3,67,1,1011.2,271,2,1011.1,1061,10,1011.0,2847,19,1011.6,50,1,1011.7,178,5,1011.8,686,16,1011.9,1694,13,1012.0,7291,31
317,2025-11-26 12:12:48+05:30,1011.5,2,999.06,5952535,434372.0,364793.0,986.2,1012.2,981.3,986.2,120471750,1084.8,887.6,1102.5,649.1,1011.4,1090,5,1011.3,67,1,1011.2,271,2,1011.1,1061,10,1011.0,2847,19,1011.6,50,1,1011.7,178,5,1011.8,686,16,1011.9,1694,13,1012.0,7291,31
317,2025-11-26 12:12:49+05:30,1011.4,51,999.06,5952588,435340.0,365095.0,986.2,1012.2,981.3,986.2,120471750,1084.8,887.6,1102.5,649.1,1011.4,1039,5,1011.3,67,1,1011.2,67,1,1011.1,1061,10,1011.0,2847,19,1011.5,3,1,1011.6,50,1,1011.7,413,6,1011.8,3363,16,1011.9,1694,13
317,2025-11-26 12:12:49+05:30,1011.6,17,999.06,5952588,435340.0,365095.0,986.2,1012.2,981.3,986.2,120471750,1084.8,887.6,1102.5,649.1,1011.4,1039,5,1011.3,67,1,1011.2,67,1,1011.1,1061,10,1011.0,2847,19,1011.5,3,1,1011.6,50,1,1011.7,413,6,1011.8,3363,16,1011.9,1694,13
317,2025-11-26 12:12:50+05:30,1011.6,86,999.06,5954082,434234.0,365883.0,986.2,1012.2,981.3,986.2,120471750,1084.8,887.6,1102.5,649.1,1011.4,85,4,1011.3,67,1,1011.2,67,1,1011.1,803,7,1011.0,2549,18,1011.5,3,1,1011.6,252,2,1011.7,955,10,1011.8,3471,19,1011.9,1779,12
317,2025-11-26 12:12:50+05:30,1011.5,99,999.06,5954082,434234.0,365883.0,986.2,1012.2,981.3,986.2,120471750,1084.8,887.6,1102.5,649.1,1011.4,85,4,1011.3,67,1,1011.2,67,1,1011.1,803,7,1011.0,2549,18,1011.5,3,1,1011.6,252,2,1011.7,955,10,1011.8,3471,19,1011.9,1779,12
317,2025-11-26 12:12:51+05:30,1011.6,1,999.06,5954327,433551.0,365657.0,986.2,1012.2,981.3,986.2,120471750,1084.8,887.6,1102.5,649.1,1011.3,15,1,1011.2,166,2,1011.1,996,6,1011.0,2975,20,1010.9,2779,24,1011.6,45,2,1011.7,1137,11,1011.8,3400,15,1011.9,1843,16,1012.0,4556,31
317,2025-11-26 12:12:51+05:30,1011.2,18,999.06,5954327,433551.0,365657.0,986.2,1012.2,981.3,986.2,120471750,1084.8,887.6,1102.5,649.1,1011.3,15,1,1011.2,166,2,1011.1,996,6,1011.0,2975,20,1010.9,2779,24,1011.6,45,2,1011.7,1137,11,1011.8,3400,15,1011.9,1843,16,1012.0,4556,31
317,2025-11-26 12:12:52+05:30,1011.6,1,999.06,5954433,433359.0,365577.0,986.2,1012.2,981.3,986.2,120471750,1084.8,887.6,1102.5,649.1,1011.2,1,1,1011.1,830,5,1011.0,3763,22,1010.9,2166,23,1010.8,1889,15,1011.6,201,5,1011.7,1180,12,1011.8,3411,16,1011.9,1832,16,1012.0,4363,30
317,2025-11-26 12:12:52+05:30,1011.6,1,999.06,5954433,433359.0,365577.0,986.2,1012.2,981.3,986.2,120471750,1084.8,887.6,1102.5,649.1,1011.2,1,1,1011.1,830,5,1011.0,3763,22,1010.9,2166,23,1010.8,1889,15,1011.6,201,5,1011.7,1180,12,1011.8,3411,16,1011.9,1832,16,1012.0,4363,30
317,2025-11-26 12:12:53+05:30,1011.6,5,999.06,5954447,433879.0,365530.0,986.2,1012.2,981.3,986.2,120471750,1084.8,887.6,1102.5,649.1,1011.2,1,1,1011.1,830,5,1011.0,3950,22,1010.9,2779,24,1010.8,1917,16,1011.6,71,3,1011.7,1263,13,1011.8,3411,16,1011.9,1807,15,1012.0,4363,30
317,2025-11-26 12:12:53+05:30,1011.6,5,999.06,5954447,433879.0,365530.0,986.2,1012.2,981.3,986.2,120471750,1084.8,887.6,1102.5,649.1,1011.2,1,1,1011.1,830,5,1011.0,3950,22,1010.9,2779,24,1010.8,1917,16,1011.6,71,3,1011.7,1263,13,1011.8,3411,16,1011.9,1807,15,1012.0,4363,30
317,2025-11-26 12:12:54+05:30,1011.6,5,999.06,5954447,433754.0,365726.0,986.2,1012.2,981.3,986.2,120471750,1084.8,887.6,1102.5,649.1,1011.2,1,1,1011.1,468,1,1011.0,3660,18,1010.9,3030,17,1010.8,1874,15,1011.6,901,10,1011.7,788,11,1011.8,3370,13,1011.9,1847,17,1012.0,4363,30
317,2025-11-26 12:12:54+05:30,1011.0,7,999.06,5954447,433754.0,365726.0,986.2,1012.2,981.3,986.2,120471750,1084.8,887.6,1102.5,649.1,1011.2,1,1,1011.1,468,1,1011.0,3660,18,1010.9,3030,17,1010.8,1874,15,1011.6,901,10,1011.7,788,11,1011.8,3370,13,1011.9,1847,17,1012.0,4363,30
317,2025-11-26 12:12:55+05:30,1011.6,62,999.06,5955331,435762.0,366806.0,986.2,1012.2,981.3,986.2,120471750,1084.8,887.6,1102.5,649.1,1011.5,15,1,1011.3,112,1,1011.1,269,4,1011.0,3769,25,1010.9,2775,16,1011.6,1187,4,1011.7,1000,12,1011.8,3260,11,1011.9,1796,17,1012.0,4341,29
317,2025-11-26 12:12:55+05:30,1011.6,12,999.06,5955331,435762.0,366806.0,986.2,1012.2,981.3,986.2,120471750,1084.8,887.6,1102.5,649.1,1011.5,15,1,1011.3,112,1,1011.1,269,4,1011.0,3769,25,1010.9,2775,16,1011.6,1187,4,1011.7,1000,12,1011.8,3260,11,1011.9,1796,17,1012.0,4341,29
317,2025-11-26 12:12:56+05:30,1011.6,6,999.06,5955497,435529.0,366199.0,986.2,1012.2,981.3,986.2,120471750,1084.8,887.6,1102.5,649.1,1011.2,232,2,1011.1,795,6,1011.0,4336,25,1010.9,2621,14,1010.8,1035,11,1011.6,1056,3,1011.7,467,5,1011.8,3425,12,1011.9,2121,20,1012.0,4650,33
317,2025-11-26 12:12:56+05:30,1011.6,6,999.06,5955497,435529.0,366199.0,986.2,1012.2,981.3,986.2,120471750,1084.8,887.6,1102.5,649.1,1011.2,232,2,1011.1,795,6,1011.0,4336,25,1010.9,2621,14,1010.8,1035,11,1011.6,1056,3,1011.7,467,5,1011.8,3425,12,1011.9,2121,20,1012.0,4650,33
317,2025-11-26 12:12:57+05:30,1011.1,4,999.06,5955634,434869.0,366438.0,986.2,1012.2,981.3,986.2,120471750,1084.8,887.6,1102.5,649.1,1011.1,117,6,1011.0,3862,19,1010.9,3065,16,1010.8,1303,14,1010.7,3050,12,1011.6,1179,6,1011.7,964,11,1011.8,3430,13,1011.9,1827,14,1012.0,4607,34
317,2025-11-26 12:12:57+05:30,1011.1,4,999.06,5955634,434869.0,366438.0,986.2,1012.2,981.3,986.2,120471750,1084.8,887.6,1102.5,649.1,1011.1,117,6,1011.0,3862,19,1010.9,3065,16,1010.8,1303,14,1010.7,3050,12,1011.6,1179,6,1011.7,964,11,1011.8,3430,13,1011.9,1827,14,1012.0,4607,34
317,2025-11-26 12:12:58+05:30,1011.6,125,999.06,5955800,435789.0,366014.0,986.2,1012.2,981.3,986.2,120471750,1084.8,887.6,1102.5,649.1,1011.2,633,6,1011.1,1021,10,1011.0,4833,23,1010.9,1943,13,1010.8,2377,13,1011.6,1083,8,1011.7,302,4,1011.8,3429,11,1011.9,1765,13,1012.0,4612,35
317,2025-11-26 12:12:58+05:30,1011.5,75,999.06,5955800,435789.0,366014.0,986.2,1012.2,981.3,986.2,120471750,1084.8,887.6,1102.5,649.1,1011.2,633,6,1011.1,1021,10,1011.0,4833,23,1010.9,1943,13,1010.8,2377,13,1011.6,1083,8,1011.7,302,4,1011.8,3429,11,1011.9,1765,13,1012.0,4612,35
317,2025-11-26 12:12:59+05:30,1011.5,25,999.06,5955908,435762.0,366252.0,986.2,1012.2,981.3,986.2,120471750,1084.8,887.6,1102.5,649.1,1011.2,264,2,1011.1,1117,11,1011.0,4438,23,1010.9,2593,15,1010.8,2535,13,1011.6,1075,8,1011.7,401,5,1011.8,3545,11,1011.9,1793,14,1012.0,4634,36
317,2025-11-26 12:12:59+05:30,1011.6,101,999.06,5955908,435762.0,366252.0,986.2,1012.2,981.3,986.2,120471750,1084.8,887.6,1102.5,649.1,1011.2,264,2,1011.1,1117,11,1011.0,4438,23,1010.9,2593,15,1010.8,2535,13,1011.6,1075,8,1011.7,401,5,1011.8,3545,11,1011.9,1793,14,1012.0,4634,36
317,2025-11-26 12:13:00+05:30,1011.6,5,999.07,5956823,439904.0,366105.0,986.2,1012.2,981.3,986.2,120471750,1084.8,887.6,1102.5,649.1,1011.2,934,7,1011.1,1572,15,1011.0,4768,26,1010.9,3306,15,1010.8,3088,14,1011.5,106,2,1011.6,165,6,1011.7,73,3,1011.8,3168,9,1011.9,2008,15
317,2025-11-26 12:13:00+05:30,1011.5,2,999.07,5956823,439904.0,366105.0,986.2,1012.2,981.3,986.2,120471750,1084.8,887.6,1102.5,649.1,1011.2,934,7,1011.1,1572,15,1011.0,4768,26,1010.9,3306,15,1010.8,3088,14,1011.5,106,2,1011.6,165,6,1011.7,73,3,1011.8,3168,9,1011.9,2008,15
317,2025-11-26 12:13:01+05:30,1011.5,7,999.07,5957004,440041.0,365864.0,986.2,1012.2,981.3,986.2,120471750,1084.8,887.6,1102.5,649.1,1011.2,1225,9,1011.1,1357,13,1011.0,5407,29,1010.9,2693,14,1010.8,3123,15,1011.5,79,1,1011.6,165,6,1011.7,80,4,1011.8,3168,9,1011.9,1782,13
317,2025-11-26 12:13:01+05:30,1011.5,7,999.07,5957004,440041.0,365864.0,986.2,1012.2,981.3,986.2,120471750,1084.8,887.6,1102.5,649.1,1011.2,1225,9,1011.1,1357,13,1011.0,5407,29,1010.9,2693,14,1010.8,3123,15,1011.5,79,1,1011.6,165,6,1011.7,80,4,1011.8,3168,9,1011.9,1782,13
317,2025-11-26 12:13:02+05:30,1011.2,16,999.07,5957255,435827.0,365934.0,986.2,1012.2,981.3,986.2,120471750,1084.8,887.6,1102.5,649.1,1011.1,860,5,1011.0,3997,16,1010.9,2751,13,1010.8,1038,11,1010.7,3271,15,1011.5,79,1,1011.6,403,10,1011.7,340,7,1011.8,3531,13,1011.9,1748,14
317,2025-11-26 12:13:02+05:30,1011.2,16,999.07,5957255,435827.0,365934.0,986.2,1012.2,981.3,986.2,120471750,1084.8,887.6,1102.5,649.1,1011.1,860,5,1011.0,3997,16,1010.9,2751,13,1010.8,1038,11,1010.7,3271,15,1011.5,79,1,1011.6,403,10,1011.7,340,7,1011.8,3531,13,1011.9,1748,14
317,2025-11-26 12:13:03+05:30,1011.5,7,999.07,5957278,435712.0,366180.0,986.2,1012.2,981.3,986.2,120471750,1084.8,887.6,1102.5,649.1,1011.2,48,1,1011.1,1285,8,1011.0,3113,16,1010.9,3550,20,1010.8,1067,12,1011.5,64,1,1011.6,200,8,1011.7,329,6,1011.8,3531,13,1011.9,1723,13
317,2025-11-26 12:13:03+05:30,1011.5,7,999.07,5957278,435712.0,366180.0,986.2,1012.2,981.3,986.2,120471750,1084.8,887.6,1102.5,649.1,1011.2,48,1,1011.1,1285,8,1011.0,3113,16,1010.9,3550,20,1010.8,1067,12,1011.5,64,1,1011.6,200,8,1011.7,329,6,1011.8,3531,13,1011.9,1723,13
317,2025-11-26 12:13:04+05:30,1011.2,25,999.07,5957303,436880.0,366439.0,986.2,1012.2,981.3,986.2,120471750,1084.8,887.6,1102.5,649.1,1011.3,48,1,1011.2,13,1,1011.1,1285,8,1011.0,3449,17,1010.9,2639,18,1011.5,64,1,1011.6,195,7,1011.7,374,8,1011.8,3526,12,1011.9,1806,17
317,2025-11-26 12:13:04+05:30,1011.2,25,999.07,5957303,436880.0,366439.0,986.2,1012.2,981.3,986.2,120471750,1084.8,887.6,1102.5,649.1,1011.3,48,1,1011.2,13,1,1011.1,1285,8,1011.0,3449,17,1010.9,2639,18,1011.5,64,1,1011.6,195,7,1011.7,374,8,1011.8,3526,12,1011.9,1806,17
317,2025-11-26 12:13:05+05:30,1011.2,2,999.07,5957927,439104.0,368774.0,986.2,1012.2,981.3,986.2,120471750,1084.8,887.6,1102.5,649.1,1011.1,370,5,1011.0,3511,17,1010.9,3405,19,1010.8,1745,12,1010.7,3261,14,1011.2,77,1,1011.3,36,1,1011.5,202,1,1011.6,760,10,1011.7,694,8
317,2025-11-26 12:13:05+05:30,1011.2,2,999.07,5957927,439104.0,368774.0,986.2,1012.2,981.3,986.2,120471750,1084.8,887.6,1102.5,649.1,1011.1,370,5,1011.0,3511,17,1010.9,3405,19,1010.8,1745,12,1010.7,3261,14,1011.2,77,1,1011.3,36,1,1011.5,202,1,1011.6,760,10,1011.7,694,8
317,2025-11-26 12:13:06+05:30,1011.1,15,999.07,5957956,440624.0,368240.0,986.2,1012.2,981.3,986.2,120471750,1084.8,887.6,1102.5,649.1,1011.1,355,5,1011.0,3511,17,1010.9,3107,18,1010.8,3274,15,1010.7,3559,15,1011.2,76,1,1011.3,36,1,1011.5,202,1,1011.6,768,11,1011.7,468,5
317,2025-11-26 12:13:06+05:30,1011.1,15,999.07,5957956,440624.0,368240.0,986.2,1012.2,981.3,986.2,120471750,1084.8,887.6,1102.5,649.1,1011.1,355,5,1011.0,3511,17,1010.9,3107,18,1010.8,3274,15,1010.7,3559,15,1011.2,76,1,1011.3,36,1,1011.5,202,1,1011.6,768,11,1011.7,468,5
317,2025-11-26 12:13:07+05:30,1011.2,7,999.07,5957963,440522.0,368009.0,986.2,1012.2,981.3,986.2,120471750,1084.8,887.6,1102.5,649.1,1011.1,633,8,1011.0,3664,18,1010.9,3107,18,1010.8,3274,15,1010.7,3261,14,1011.2,69,1,1011.3,36,1,1011.5,202,1,1011.6,768,11,1011.7,468,5
317,2025-11-26 12:13:07+05:30,1011.2,7,999.07,5957963,440522.0,368009.0,986.2,1012.2,981.3,986.2,120471750,1084.8,887.6,1102.5,649.1,1011.1,633,8,1011.0,3664,18,1010.9,3107,18,1010.8,3274,15,1010.7,3261,14,1011.2,69,1,1011.3,36,1,1011.5,202,1,1011.6,768,11,1011.7,468,5
317,2025-11-26 12:13:08+05:30,1011.2,6,999.07,5957969,440527.0,368096.0,986.2,1012.2,981.3,986.2,120471750,1084.8,887.6,1102.5,649.1,1011.1,633,8,1011.0,3664,18,1010.9,3107,18,1010.8,3274,15,1010.7,3261,14,1011.2,63,1,1011.3,38,3,1011.5,202,1,1011.6,602,9,1011.7,377,6
317,2025-11-26 12:13:08+05:30,1011.0,167,999.07,5957969,440527.0,368096.0,986.2,1012.2,981.3,986.2,120471750,1084.8,887.6,1102.5,649.1,1011.1,633,8,1011.0,3664,18,1010.9,3107,18,1010.8,3274,15,1010.7,3261,14,1011.2,63,1,1011.3,38,3,1011.5,202,1,1011.6,602,9,1011.7,377,6
317,2025-11-26 12:13:09+05:30,1011.2,13,999.07,5957969,440527.0,368096.0,986.2,1012.2,981.3,986.2,120471750,1084.8,887.6,1102.5,649.1,1011.1,633,8,1011.0,3664,18,1010.9,3107,18,1010.8,3274,15,1010.7,3261,14,1011.2,63,1,1011.3,38,3,1011.5,202,1,1011.6,602,9,1011.7,377,6
317,2025-11-26 12:13:09+05:30,1011.1,13,999.07,5960240,439722.0,369805.0,986.2,1012.2,981.3,986.2,120471750,1084.8,887.6,1102.5,649.1,1011.0,2335,11,1010.9,3629,15,1010.8,3434,23,1010.7,3261,14,1010.6,844,10,1011.1,166,2,1011.2,33,1,1011.3,38,3,1011.5,402,2,1011.6,602,9
317,2025-11-26 12:13:10+05:30,1011.1,66,999.07,5960240,439722.0,369805.0,986.2,1012.2,981.3,986.2,120471750,1084.8,887.6,1102.5,649.1,1011.0,2335,11,1010.9,3629,15,1010.8,3434,23,1010.7,3261,14,1010.6,844,10,1011.1,166,2,1011.2,33,1,1011.3,38,3,1011.5,402,2,1011.6,602,9
317,2025-11-26 12:13:10+05:30,1011.1,66,999.07,5960767,439459.0,369397.0,986.2,1012.2,981.3,986.2,120471750,1084.8,887.6,1102.5,649.1,1011.0,2234,14,1010.9,3130,13,1010.8,3732,24,1010.7,3292,15,1010.6,1044,11,1011.1,113,2,1011.2,33,1,1011.3,38,3,1011.5,402,2,1011.6,607,10
317,2025-11-26 12:13:11+05:30,1011.3,83,999.07,5960767,439459.0,369397.0,986.2,1012.2,981.3,986.2,120471750,1084.8,887.6,1102.5,649.1,1011.0,2234,14,1010.9,3130,13,1010.8,3732,24,1010.7,3292,15,1010.6,1044,11,1011.1,113,2,1011.2,33,1,1011.3,38,3,1011.5,402,2,1011.6,607,10
317,2025-11-26 12:13:11+05:30,1011.3,83,999.08,5961286,436587.0,367825.0,986.2,1012.2,981.3,986.2,120471750,1084.8,887.6,1102.5,649.1,1011.2,17,1,1011.1,539,4,1011.0,2605,14,1010.9,3313,15,1010.8,2684,22,1011.6,853,13,1011.7,514,7,1011.8,3434,15,1011.9,1881,16,1012.0,4570,33
317,2025-11-26 12:13:12+05:30,1011.2,1,999.08,5961286,436587.0,367825.0,986.2,1012.2,981.3,986.2,120471750,1084.8,887.6,1102.5,649.1,1011.2,17,1,1011.1,539,4,1011.0,2605,14,1010.9,3313,15,1010.8,2684,22,1011.6,853,13,1011.7,514,7,1011.8,3434,15,1011.9,1881,16,1012.0,4570,33
317,2025-11-26 12:13:12+05:30,1011.2,1,999.08,5961289,438851.0,369882.0,986.2,1012.2,981.3,986.2,120471750,1084.8,887.6,1102.5,649.1,1011.2,16,1,1011.1,90,2,1011.0,2010,12,1010.9,3418,17,1010.8,2961,23,1011.3,23,1,1011.5,87,1,1011.6,754,13,1011.7,829,9,1011.8,3719,18
317,2025-11-26 12:13:13+05:30,1011.0,141,999.08,5961551,434596.0,371269.0,986.2,1012.2,981.3,986.2,120471750,1084.8,887.6,1102.5,649.1,1011.0,1354,8,1010.9,993,3,1010.8,3269,10,1010.7,3157,12,1010.6,905,9,1011.3,200,3,1011.4,2975,5,1011.5,457,5,1011.6,1085,18,1011.7,804,9
317,2025-11-26 12:13:13+05:30,1011.0,141,999.08,5961551,434596.0,371269.0,986.2,1012.2,981.3,986.2,120471750,1084.8,887.6,1102.5,649.1,1011.0,1354,8,1010.9,993,3,1010.8,3269,10,1010.7,3157,12,1010.6,905,9,1011.3,200,3,1011.4,2975,5,1011.5,457,5,1011.6,1085,18,1011.7,804,9
317,2025-11-26 12:13:14+05:30,1011.4,279,999.08,5962019,436384.0,371176.0,986.2,1012.2,981.3,986.2,120471750,1084.8,887.6,1102.5,649.1,1011.0,1328,8,1010.9,2093,9,1010.8,3788,18,1010.7,3261,14,1010.6,905,9,1011.4,2471,1,1011.5,397,3,1011.6,1133,23,1011.7,812,10,1011.8,976,13
317,2025-11-26 12:13:14+05:30,1011.4,279,999.08,5962019,436384.0,371176.0,986.2,1012.2,981.3,986.2,120471750,1084.8,887.6,1102.5,649.1,1011.0,1328,8,1010.9,2093,9,1010.8,3788,18,1010.7,3261,14,1010.6,905,9,1011.4,2471,1,1011.5,397,3,1011.6,1133,23,1011.7,812,10,1011.8,976,13
317,2025-11-26 12:13:15+05:30,1011.4,15,999.08,5964129,435423.0,368193.0,986.2,1012.2,981.3,986.2,120471750,1084.8,887.6,1102.5,649.1,1011.1,100,1,1011.0,1920,12,1010.9,1525,10,1010.8,3186,19,1010.7,3261,14,1011.4,373,1,1011.5,197,2,1011.6,1192,22,1011.7,747,9,1011.8,677,11
317,2025-11-26 12:13:15+05:30,1011.4,15,999.08,5964129,435423.0,368193.0,986.2,1012.2,981.3,986.2,120471750,1084.8,887.6,1102.5,649.1,1011.1,100,1,1011.0,1920,12,1010.9,1525,10,1010.8,3186,19,1010.7,3261,14,1011.4,373,1,1011.5,197,2,1011.6,1192,22,1011.7,747,9,1011.8,677,11
317,2025-11-26 12:13:16+05:30,1011.0,105,999.08,5964129,435423.0,368193.0,986.2,1012.2,981.3,986.2,120471750,1084.8,887.6,1102.5,649.1,1011.1,100,1,1011.0,1920,12,1010.9,1525,10,1010.8,3186,19,1010.7,3261,14,1011.4,373,1,1011.5,197,2,1011.6,1192,22,1011.7,747,9,1011.8,677,11
317,2025-11-26 12:13:16+05:30,1011.0,105,999.08,5964721,435600.0,369208.0,986.2,1012.2,981.3,986.2,120471750,1084.8,887.6,1102.5,649.1,1011.0,1019,5,1010.9,1403,9,1010.8,3263,20,1010.7,3261,14,1010.6,705,8,1011.2,99,1,1011.4,249,2,1011.5,301,3,1011.6,922,21,1011.7,976,10
317,2025-11-26 12:13:17+05:30,1011.4,19,999.08,5964721,435600.0,369208.0,986.2,1012.2,981.3,986.2,120471750,1084.8,887.6,1102.5,649.1,1011.0,1019,5,1010.9,1403,9,1010.8,3263,20,1010.7,3261,14,1010.6,705,8,1011.2,99,1,1011.4,249,2,1011.5,301,3,1011.6,922,21,1011.7,976,10
317,2025-11-26 12:13:17+05:30,1011.4,19,999.08,5964839,437293.0,368497.0,986.2,1012.2,981.3,986.2,120471750,1084.8,887.6,1102.5,649.1,1011.1,227,1,1011.0,1468,11,1010.9,2272,11,1010.8,3999,21,1010.7,3316,15,1011.4,230,2,1011.5,101,2,1011.6,911,20,1011.7,747,9,1011.8,904,12
317,2025-11-26 12:13:18+05:30,1011.0,3,999.08,5964839,437293.0,368497.0,986.2,1012.2,981.3,986.2,120471750,1084.8,887.6,1102.5,649.1,1011.1,227,1,1011.0,1468,11,1010.9,2272,11,1010.8,3999,21,1010.7,3316,15,1011.4,230,2,1011.5,101,2,1011.6,911,20,1011.7,747,9,1011.8,904,12
317,2025-11-26 12:13:18+05:30,1011.0,3,999.08,5964842,435627.0,368549.0,986.2,1012.2,981.3,986.2,120471750,1084.8,887.6,1102.5,649.1,1011.0,1541,10,1010.9,1646,9,1010.8,3112,20,1010.7,3327,16,1010.6,710,9,1011.4,468,3,1011.5,102,3,1011.6,968,22,1011.7,747,9,1011.8,851,10
317,2025-11-26 12:13:19+05:30,1011.0,26,999.08,5964842,435627.0,368549.0,986.2,1012.2,981.3,986.2,120471750,1084.8,887.6,1102.5,649.1,1011.0,1541,10,1010.9,1646,9,1010.8,3112,20,1010.7,3327,16,1010.6,710,9,1011.4,468,3,1011.5,102,3,1011.6,968,22,1011.7,747,9,1011.8,851,10
317,2025-11-26 12:13:19+05:30,1011.0,26,999.08,5965960,434889.0,374154.0,986.2,1012.2,981.3,986.2,120471750,1084.8,887.6,1102.5,649.1,1011.0,119,2,1010.9,1567,9,1010.8,3345,20,1010.7,3327,16,1010.6,905,9,1011.2,96,1,1011.4,450,3,1011.5,280,4,1011.6,1227,23,1011.7,758,10
317,2025-11-26 12:13:20+05:30,1011.2,1,999.08,5965960,434889.0,374154.0,986.2,1012.2,981.3,986.2,120471750,1084.8,887.6,1102.5,649.1,1011.0,119,2,1010.9,1567,9,1010.8,3345,20,1010.7,3327,16,1010.6,905,9,1011.2,96,1,1011.4,450,3,1011.5,280,4,1011.6,1227,23,1011.7,758,10
317,2025-11-26 12:13:20+05:30,1011.2,1,999.09,5966265,435381.0,374444.0,986.2,1012.2,981.3,986.2,120471750,1084.8,887.6,1102.5,649.1,1010.9,823,5,1010.8,4524,20,1010.7,3341,14,1010.6,863,8,1010.5,6192,16,1011.2,93,1,1011.4,872,6,1011.5,380,5,1011.6,1006,22,1011.7,958,10
317,2025-11-26 12:13:21+05:30,1011.2,921,999.09,5966265,435381.0,374444.0,986.2,1012.2,981.3,986.2,120471750,1084.8,887.6,1102.5,649.1,1010.9,823,5,1010.8,4524,20,1010.7,3341,14,1010.6,863,8,1010.5,6192,16,1011.2,93,1,1011.4,872,6,1011.5,380,5,1011.6,1006,22,1011.7,958,10
317,2025-11-26 12:13:21+05:30,1011.2,921,999.09,5967206,436604.0,373739.0,986.2,1012.2,981.3,986.2,120471750,1084.8,887.6,1102.5,649.1,1010.9,1814,11,1010.8,4555,21,1010.7,3297,16,1010.6,863,8,1010.5,6000,15,1011.2,10,1,1011.4,450,3,1011.5,202,4,1011.6,1006,22,1011.7,747,9
317,2025-11-26 12:13:22+05:30,1011.0,135,999.09,5967206,436604.0,373739.0,986.2,1012.2,981.3,986.2,120471750,1084.8,887.6,1102.5,649.1,1010.9,1814,11,1010.8,4555,21,1010.7,3297,16,1010.6,863,8,1010.5,6000,15,1011.2,10,1,1011.4,450,3,1011.5,202,4,1011.6,1006,22,1011.7,747,9
317,2025-11-26 12:13:22+05:30,1011.0,135,999.09,5968359,435614.0,374094.0,986.2,1012.2,981.3,986.2,120471750,1084.8,887.6,1102.5,649.1,1010.9,1639,6,1010.8,3290,14,1010.7,3868,22,1010.6,863,8,1010.5,5781,14,1011.2,100,1,1011.3,189,1,1011.4,342,4,1011.5,825,9,1011.6,1150,24
317,2025-11-26 12:13:23+05:30,1011.3,158,999.09,5968359,435614.0,374094.0,986.2,1012.2,981.3,986.2,120471750,1084.8,887.6,1102.5,649.1,1010.9,1639,6,1010.8,3290,14,1010.7,3868,22,1010.6,863,8,1010.5,5781,14,1011.2,100,1,1011.3,189,1,1011.4,342,4,1011.5,825,9,1011.6,1150,24
317,2025-11-26 12:13:23+05:30,1011.3,158,999.09,5968621,436584.0,374393.0,986.2,1012.2,981.3,986.2,120471750,1084.8,887.6,1102.5,649.1,1010.9,1678,10,1010.8,4694,17,1010.7,3359,20,1010.6,874,9,1010.5,5804,14,1011.1,135,1,1011.3,31,1,1011.4,142,2,1011.5,614,8,1011.6,1365,25
317,2025-11-26 12:13:24+05:30,1011.1,21,999.09,5968621,436584.0,374393.0,986.2,1012.2,981.3,986.2,120471750,1084.8,887.6,1102.5,649.1,1010.9,1678,10,1010.8,4694,17,1010.7,3359,20,1010.6,874,9,1010.5,5804,14,1011.1,135,1,1011.3,31,1,1011.4,142,2,1011.5,614,8,1011.6,1365,25
317,2025-11-26 12:13:24+05:30,1011.1,21,999.09,5968661,436823.0,374383.0,986.2,1012.2,981.3,986.2,120471750,1084.8,887.6,1102.5,649.1,1010.9,1778,11,1010.8,4694,17,1010.7,3390,21,1010.6,874,9,1010.5,5804,14,1011.1,95,1,1011.3,31,1,1011.4,142,2,1011.5,603,7,1011.6,1365,25
317,2025-11-26 12:13:25+05:30,1011.1,11,999.09,5968661,436823.0,374383.0,986.2,1012.2,981.3,986.2,120471750,1084.8,887.6,1102.5,649.1,1010.9,1778,11,1010.8,4694,17,1010.7,3390,21,1010.6,874,9,1010.5,5804,14,1011.1,95,1,1011.3,31,1,1011.4,142,2,1011.5,603,7,1011.6,1365,25
317,2025-11-26 12:13:25+05:30,1010.9,1,999.09,5968690,436721.0,374402.0,986.2,1012.2,981.3,986.2,120471750,1084.8,887.6,1102.5,649.1,1010.9,1633,9,1010.8,4694,17,1010.7,3390,21,1010.6,874,9,1010.5,5804,14,1011.1,67,1,1011.3,31,1,1011.4,151,3,1011.5,611,8,1011.6,1376,26
317,2025-11-26 12:13:26+05:30,1011.1,17,999.09,5968690,436721.0,374402.0,986.2,1012.2,981.3,986.2,120471750,1084.8,887.6,1102.5,649.1,1010.9,1633,9,1010.8,4694,17,1010.7,3390,21,1010.6,874,9,1010.5,5804,14,1011.1,67,1,1011.3,31,1,1011.4,151,3,1011.5,611,8,1011.6,1376,26
317,2025-11-26 12:13:26+05:30,1010.9,1,999.09,5968710,436863.0,374485.0,986.2,1012.2,981.3,986.2,120471750,1084.8,887.6,1102.5,649.1,1010.9,1775,11,1010.8,4694,17,1010.7,3390,21,1010.6,874,9,1010.5,5804,14,1011.1,49,2,1011.3,131,2,1011.4,151,3,1011.5,612,9,1011.6,1365,25
317,2025-11-26 12:13:27+05:30,1010.9,1,999.09,5968710,436863.0,374485.0,986.2,1012.2,981.3,986.2,120471750,1084.8,887.6,1102.5,649.1,1010.9,1775,11,1010.8,4694,17,1010.7,3390,21,1010.6,874,9,1010.5,5804,14,1011.1,49,2,1011.3,131,2,1011.4,151,3,1011.5,612,9,1011.6,1365,25
317,2025-11-26 12:13:27+05:30,1011.1,1,999.09,5968711,436436.0,374563.0,986.2,1012.2,981.3,986.2,120471750,1084.8,887.6,1102.5,649.1,1010.9,880,6,1010.8,5162,18,1010.7,3390,21,1010.6,874,9,1010.5,5804,14,1011.1,48,2,1011.2,13,1,1011.3,131,2,1011.4,351,4,1011.5,604,8
317,2025-11-26 12:13:28+05:30,1011.1,14,999.09,5968711,436436.0,374563.0,986.2,1012.2,981.3,986.2,120471750,1084.8,887.6,1102.5,649.1,1010.9,880,6,1010.8,5162,18,1010.7,3390,21,1010.6,874,9,1010.5,5804,14,1011.1,48,2,1011.2,13,1,1011.3,131,2,1011.4,351,4,1011.5,604,8
317,2025-11-26 12:13:28+05:30,1010.9,48,999.09,5968825,436700.0,374559.0,986.2,1012.2,981.3,986.2,120471750,1084.8,887.6,1102.5,649.1,1010.9,1145,8,1010.8,4951,17,1010.7,3390,21,1010.6,874,9,1010.5,6004,15,1011.1,34,2,1011.2,13,1,1011.3,131,2,1011.4,351,4,1011.5,604,8
317,2025-11-26 12:13:29+05:30,1010.9,3,999.09,5968825,436700.0,374559.0,986.2,1012.2,981.3,986.2,120471750,1084.8,887.6,1102.5,649.1,1010.9,1145,8,1010.8,4951,17,1010.7,3390,21,1010.6,874,9,1010.5,6004,15,1011.1,34,2,1011.2,13,1,1011.3,131,2,1011.4,351,4,1011.5,604,8
317,2025-11-26 12:13:29+05:30,1011.0,11,999.09,5968840,438115.0,374873.0,986.2,1012.2,981.3,986.2,120471750,1084.8,887.6,1102.5,649.1,1010.9,1127,8,1010.8,4569,14,1010.7,4109,21,1010.6,874,9,1010.5,6004,15,1011.0,85,1,1011.1,97,3,1011.2,13,1,1011.3,136,3,1011.4,297,3
317,2025-11-26 12:13:30+05:30,1010.8,14,999.09,5968840,438115.0,374873.0,986.2,1012.2,981.3,986.2,120471750,1084.8,887.6,1102.5,649.1,1010.9,1127,8,1010.8,4569,14,1010.7,4109,21,1010.6,874,9,1010.5,6004,15,1011.0,85,1,1011.1,97,3,1011.2,13,1,1011.3,136,3,1011.4,297,3
317,2025-11-26 12:13:30+05:30,1010.6,8,999.1,5973196,423541.0,374898.0,986.2,1012.2,981.3,986.2,120471750,1084.8,887.6,1102.5,649.1,1010.6,54,1,1010.5,4219,3,1010.4,445,4,1010.3,472,5,1010.2,1268,8,1010.9,862,7,1011.0,503,7,1011.1,867,11,1011.2,793,14,1011.3,838,11
317,2025-11-26 12:13:31+05:30,1011.0,136,999.1,5973196,423541.0,374898.0,986.2,1012.2,981.3,986.2,120471750,1084.8,887.6,1102.5,649.1,1010.6,54,1,1010.5,4219,3,1010.4,445,4,1010.3,472,5,1010.2,1268,8,1010.9,862,7,1011.0,503,7,1011.1,867,11,1011.2,793,14,1011.3,838,11
317,2025-11-26 12:13:31+05:30,1011.0,32,999.1,5975703,419737.0,373509.0,986.2,1012.2,981.3,986.2,120471750,1084.8,887.6,1102.5,649.1,1010.6,134,2,1010.5,4597,5,1010.4,394,4,1010.3,567,5,1010.2,994,9,1010.9,462,4,1011.0,437,6,1011.1,670,8,1011.2,775,14,1011.3,908,13
317,2025-11-26 12:13:32+05:30,1011.0,32,999.1,5975703,419737.0,373509.0,986.2,1012.2,981.3,986.2,120471750,1084.8,887.6,1102.5,649.1,1010.6,134,2,1010.5,4597,5,1010.4,394,4,1010.3,567,5,1010.2,994,9,1010.9,462,4,1011.0,437,6,1011.1,670,8,1011.2,775,14,1011.3,908,13
317,2025-11-26 12:13:32+05:30,1010.9,5,999.1,5975712,421161.0,372702.0,986.2,1012.2,981.3,986.2,120471750,1084.8,887.6,1102.5,649.1,1010.6,134,2,1010.5,4597,5,1010.4,443,5,1010.3,616,6,1010.2,1409,9,1011.0,807,7,1011.1,671,9,1011.2,754,13,1011.3,933,14,1011.4,567,10
317,2025-11-26 12:13:33+05:30,1011.0,31,999.1,5975712,421161.0,372702.0,986.2,1012.2,981.3,986.2,120471750,1084.8,887.6,1102.5,649.1,1010.6,134,2,1010.5,4597,5,1010.4,443,5,1010.3,616,6,1010.2,1409,9,1011.0,807,7,1011.1,671,9,1011.2,754,13,1011.3,933,14,1011.4,567,10
317,2025-11-26 12:13:33+05:30,1011.0,31,999.1,5975712,421161.0,372702.0,986.2,1012.2,981.3,986.2,120471750,1084.8,887.6,1102.5,649.1,1010.6,134,2,1010.5,4597,5,1010.4,443,5,1010.3,616,6,1010.2,1409,9,1011.0,807,7,1011.1,671,9,1011.2,754,13,1011.3,933,14,1011.4,567,10
317,2025-11-26 12:13:33+05:30,1011.0,31,999.1,5975744,421780.0,372496.0,986.2,1012.2,981.3,986.2,120471750,1084.8,887.6,1102.5,649.1,1010.6,134,2,1010.5,4597,5,1010.4,443,5,1010.3,724,8,1010.2,1534,11,1011.0,524,5,1011.1,873,10,1011.2,767,15,1011.3,912,13,1011.4,560,9
317,2025-11-26 12:13:34+05:30,1011.0,31,999.1,5975744,421780.0,372496.0,986.2,1012.2,981.3,986.2,120471750,1084.8,887.6,1102.5,649.1,1010.6,134,2,1010.5,4597,5,1010.4,443,5,1010.3,724,8,1010.2,1534,11,1011.0,524,5,1011.1,873,10,1011.2,767,15,1011.3,912,13,1011.4,560,9
317,2025-11-26 12:13:34+05:30,1010.6,10,999.1,5975754,422705.0,373258.0,986.2,1012.2,981.3,986.2,120471750,1084.8,887.6,1102.5,649.1,1010.7,192,2,1010.6,216,3,1010.5,4947,8,1010.4,523,6,1010.3,1563,12,1011.0,144,3,1011.1,824,9,1011.2,980,15,1011.3,912,13,1011.4,767,11
317,2025-11-26 12:13:34+05:30,1010.6,10,999.1,5975754,422705.0,373258.0,986.2,1012.2,981.3,986.2,120471750,1084.8,887.6,1102.5,649.1,1010.7,192,2,1010.6,216,3,1010.5,4947,8,1010.4,523,6,1010.3,1563,12,1011.0,144,3,1011.1,824,9,1011.2,980,15,1011.3,912,13,1011.4,767,11
317,2025-11-26 12:13:35+05:30,1010.6,10,999.1,5975754,422705.0,373258.0,986.2,1012.2,981.3,986.2,120471750,1084.8,887.6,1102.5,649.1,1010.7,192,2,1010.6,216,3,1010.5,4947,8,1010.4,523,6,1010.3,1563,12,1011.0,144,3,1011.1,824,9,1011.2,980,15,1011.3,912,13,1011.4,767,11
317,2025-11-26 12:13:35+05:30,1011.0,2,999.1,5975754,422705.0,373258.0,986.2,1012.2,981.3,986.2,120471750,1084.8,887.6,1102.5,649.1,1010.7,192,2,1010.6,216,3,1010.5,4947,8,1010.4,523,6,1010.3,1563,12,1011.0,144,3,1011.1,824,9,1011.2,980,15,1011.3,912,13,1011.4,767,11
317,2025-11-26 12:13:35+05:30,1011.0,2,999.1,5975754,422705.0,373258.0,986.2,1012.2,981.3,986.2,120471750,1084.8,887.6,1102.5,649.1,1010.7,192,2,1010.6,216,3,1010.5,4947,8,1010.4,523,6,1010.3,1563,12,1011.0,144,3,1011.1,824,9,1011.2,980,15,1011.3,912,13,1011.4,767,11
317,2025-11-26 12:13:35+05:30,1011.0,2,999.1,5976083,419152.0,373174.0,986.2,1012.2,981.3,986.2,120471750,1084.8,887.6,1102.5,649.1,1010.7,142,2,1010.6,216,3,1010.5,5015,9,1010.4,779,9,1010.3,1563,12,1011.0,106,2,1011.1,777,8,1011.2,760,13,1011.3,1129,15,1011.4,695,9
317,2025-11-26 12:13:36+05:30,1011.0,2,999.1,5976083,419152.0,373174.0,986.2,1012.2,981.3,986.2,120471750,1084.8,887.6,1102.5,649.1,1010.7,142,2,1010.6,216,3,1010.5,5015,9,1010.4,779,9,1010.3,1563,12,1011.0,106,2,1011.1,777,8,1011.2,760,13,1011.3,1129,15,1011.4,695,9
317,2025-11-26 12:13:36+05:30,1011.1,125,999.1,5976083,419152.0,373174.0,986.2,1012.2,981.3,986.2,120471750,1084.8,887.6,1102.5,649.1,1010.7,142,2,1010.6,216,3,1010.5,5015,9,1010.4,779,9,1010.3,1563,12,1011.0,106,2,1011.1,777,8,1011.2,760,13,1011.3,1129,15,1011.4,695,9
317,2025-11-26 12:13:36+05:30,1011.1,125,999.1,5976083,419152.0,373174.0,986.2,1012.2,981.3,986.2,120471750,1084.8,887.6,1102.5,649.1,1010.7,142,2,1010.6,216,3,1010.5,5015,9,1010.4,779,9,1010.3,1563,12,1011.0,106,2,1011.1,777,8,1011.2,760,13,1011.3,1129,15,1011.4,695,9
317,2025-11-26 12:13:36+05:30,1011.1,5,999.11,5976777,425090.0,371712.0,986.2,1012.2,981.3,986.2,120471750,1084.8,887.6,1102.5,649.1,1010.8,80,1,1010.7,85,2,1010.6,1396,7,1010.5,5087,12,1010.4,1027,12,1011.1,80,4,1011.2,617,10,1011.3,911,13,1011.4,883,9,1011.5,1060,13
317,2025-11-26 12:13:37+05:30,1011.1,5,999.11,5976777,425090.0,371712.0,986.2,1012.2,981.3,986.2,120471750,1084.8,887.6,1102.5,649.1,1010.8,80,1,1010.7,85,2,1010.6,1396,7,1010.5,5087,12,1010.4,1027,12,1011.1,80,4,1011.2,617,10,1011.3,911,13,1011.4,883,9,1011.5,1060,13
317,2025-11-26 12:13:37+05:30,1011.1,5,999.11,5976777,425090.0,371712.0,986.2,1012.2,981.3,986.2,120471750,1084.8,887.6,1102.5,649.1,1010.8,80,1,1010.7,85,2,1010.6,1396,7,1010.5,5087,12,1010.4,1027,12,1011.1,80,4,1011.2,617,10,1011.3,911,13,1011.4,883,9,1011.5,1060,13
317,2025-11-26 12:13:37+05:30,1011.1,5,999.11,5976777,425090.0,371712.0,986.2,1012.2,981.3,986.2,120536250,1084.8,887.6,1102.5,649.1,1010.8,80,1,1010.7,85,2,1010.6,1396,7,1010.5,5087,12,1010.4,1027,12,1011.1,80,4,1011.2,617,10,1011.3,911,13,1011.4,883,9,1011.5,1060,13
317,2025-11-26 12:13:37+05:30,1011.1,5,999.11,5976777,426529.0,371788.0,986.2,1012.2,981.3,986.2,120536250,1084.8,887.6,1102.5,649.1,1011.0,280,2,1010.8,80,1,1010.7,16,2,1010.6,1364,7,1010.5,5063,12,1011.1,80,4,1011.2,617,10,1011.3,1056,12,1011.4,689,9,1011.5,1049,12
317,2025-11-26 12:13:38+05:30,1011.1,5,999.11,5976777,426529.0,371788.0,986.2,1012.2,981.3,986.2,120536250,1084.8,887.6,1102.5,649.1,1011.0,280,2,1010.8,80,1,1010.7,16,2,1010.6,1364,7,1010.5,5063,12,1011.1,80,4,1011.2,617,10,1011.3,1056,12,1011.4,689,9,1011.5,1049,12
317,2025-11-26 12:13:38+05:30,1011.0,985,999.11,5976777,426529.0,371788.0,986.2,1012.2,981.3,986.2,120536250,1084.8,887.6,1102.5,649.1,1011.0,280,2,1010.8,80,1,1010.7,16,2,1010.6,1364,7,1010.5,5063,12,1011.1,80,4,1011.2,617,10,1011.3,1056,12,1011.4,689,9,1011.5,1049,12
317,2025-11-26 12:13:38+05:30,1011.0,80,999.11,5978342,425116.0,371398.0,986.2,1012.2,981.3,986.2,120536250,1084.8,887.6,1102.5,649.1,1011.0,200,1,1010.6,1147,6,1010.5,4958,11,1010.4,1538,10,1010.3,1583,9,1011.1,388,6,1011.2,439,8,1011.3,809,7,1011.4,679,8,1011.5,1124,18
317,2025-11-26 12:13:39+05:30,1011.1,49,999.11,5978342,425116.0,371398.0,986.2,1012.2,981.3,986.2,120536250,1084.8,887.6,1102.5,649.1,1011.0,200,1,1010.6,1147,6,1010.5,4958,11,1010.4,1538,10,1010.3,1583,9,1011.1,388,6,1011.2,439,8,1011.3,809,7,1011.4,679,8,1011.5,1124,18
317,2025-11-26 12:13:39+05:30,1011.0,615,999.11,5979066,424208.0,372345.0,986.2,1012.2,981.3,986.2,120536250,1084.8,887.6,1102.5,649.1,1010.6,1152,5,1010.5,5000,12,1010.4,1631,17,1010.3,1611,10,1010.2,2471,12,1011.0,106,2,1011.1,214,6,1011.2,843,14,1011.3,1011,8,1011.4,675,7
317,2025-11-26 12:13:40+05:30,1011.0,22,999.11,5979066,424208.0,372345.0,986.2,1012.2,981.3,986.2,120536250,1084.8,887.6,1102.5,649.1,1010.6,1152,5,1010.5,5000,12,1010.4,1631,17,1010.3,1611,10,1010.2,2471,12,1011.0,106,2,1011.1,214,6,1011.2,843,14,1011.3,1011,8,1011.4,675,7
317,2025-11-26 12:13:40+05:30,1011.0,2,999.11,5979387,425756.0,372500.0,986.2,1012.2,981.3,986.2,120536250,1084.8,887.6,1102.5,649.1,1010.6,67,2,1010.5,4932,9,1010.4,1992,18,1010.3,1611,10,1010.2,1158,10,1011.0,131,3,1011.1,340,6,1011.2,801,15,1011.3,811,7,1011.4,904,10
317,2025-11-26 12:13:41+05:30,1010.8,1,999.11,5979387,425756.0,372500.0,986.2,1012.2,981.3,986.2,120536250,1084.8,887.6,1102.5,649.1,1010.6,67,2,1010.5,4932,9,1010.4,1992,18,1010.3,1611,10,1010.2,1158,10,1011.0,131,3,1011.1,340,6,1011.2,801,15,1011.3,811,7,1011.4,904,10
317,2025-11-26 12:13:41+05:30,1010.8,139,999.11,5979686,424043.0,373573.0,986.2,1012.2,981.3,986.2,120536250,1084.8,887.6,1102.5,649.1,1010.6,319,5,1010.5,5030,11,1010.4,2039,18,1010.3,1637,12,1010.2,1363,8,1010.8,86,1,1011.0,181,4,1011.1,448,7,1011.2,740,12,1011.3,845,10
317,2025-11-26 12:13:42+05:30,1010.8,22,999.11,5979686,424043.0,373573.0,986.2,1012.2,981.3,986.2,120536250,1084.8,887.6,1102.5,649.1,1010.6,319,5,1010.5,5030,11,1010.4,2039,18,1010.3,1637,12,1010.2,1363,8,1010.8,86,1,1011.0,181,4,1011.1,448,7,1011.2,740,12,1011.3,845,10
317,2025-11-26 12:13:42+05:30,1010.8,5,999.11,5979717,428835.0,374370.0,986.2,1012.2,981.3,986.2,120536250,1084.8,887.6,1102.5,649.1,1010.6,871,8,1010.5,5024,12,1010.4,1766,18,1010.3,3111,12,1010.2,2113,9,1010.8,190,2,1011.0,181,4,1011.1,246,6,1011.2,703,12,1011.3,837,9
317,2025-11-26 12:13:43+05:30,1010.8,5,999.11,5979717,428835.0,374370.0,986.2,1012.2,981.3,986.2,120536250,1084.8,887.6,1102.5,649.1,1010.6,871,8,1010.5,5024,12,1010.4,1766,18,1010.3,3111,12,1010.2,2113,9,1010.8,190,2,1011.0,181,4,1011.1,246,6,1011.2,703,12,1011.3,837,9
317,2025-11-26 12:13:43+05:30,1011.1,4,999.11,5980919,429136.0,369496.0,986.2,1012.2,981.3,986.2,120536250,1084.8,887.6,1102.5,649.1,1010.8,1428,9,1010.7,926,7,1010.6,1347,13,1010.5,5882,15,1010.4,3565,24,1011.1,76,3,1011.2,257,6,1011.4,300,2,1011.5,1813,10,1011.6,713,14
317,2025-11-26 12:13:44+05:30,1011.1,4,999.11,5980919,429136.0,369496.0,986.2,1012.2,981.3,986.2,120536250,1084.8,887.6,1102.5,649.1,1010.8,1428,9,1010.7,926,7,1010.6,1347,13,1010.5,5882,15,1010.4,3565,24,1011.1,76,3,1011.2,257,6,1011.4,300,2,1011.5,1813,10,1011.6,713,14
317,2025-11-26 12:13:44+05:30,1011.1,1,999.11,5980980,431090.0,370042.0,986.2,1012.2,981.3,986.2,120536250,1084.8,887.6,1102.5,649.1,1010.8,1480,9,1010.7,822,6,1010.6,1334,12,1010.5,5929,16,1010.4,3565,24,1011.1,45,3,1011.2,256,5,1011.4,300,2,1011.5,1864,12,1011.6,962,16
317,2025-11-26 12:13:45+05:30,1010.8,1,999.11,5980980,431090.0,370042.0,986.2,1012.2,981.3,986.2,120536250,1084.8,887.6,1102.5,649.1,1010.8,1480,9,1010.7,822,6,1010.6,1334,12,1010.5,5929,16,1010.4,3565,24,1011.1,45,3,1011.2,256,5,1011.4,300,2,1011.5,1864,12,1011.6,962,16
317,2025-11-26 12:13:45+05:30,1011.0,1,999.11,5981037,429388.0,370258.0,986.2,1012.2,981.3,986.2,120536250,1084.8,887.6,1102.5,649.1,1010.8,1192,7,1010.7,615,5,1010.6,1091,11,1010.5,5929,16,1010.4,3557,23,1011.0,76,1,1011.1,43,3,1011.2,256,5,1011.3,74,1,1011.4,308,3
317,2025-11-26 12:13:46+05:30,1011.0,76,999.11,5981037,429388.0,370258.0,986.2,1012.2,981.3,986.2,120536250,1084.8,887.6,1102.5,649.1,1010.8,1192,7,1010.7,615,5,1010.6,1091,11,1010.5,5929,16,1010.4,3557,23,1011.0,76,1,1011.1,43,3,1011.2,256,5,1011.3,74,1,1011.4,308,3
317,2025-11-26 12:13:46+05:30,1011.0,76,999.11,5981148,432716.0,370206.0,986.2,1012.2,981.3,986.2,120536250,1084.8,887.6,1102.5,649.1,1011.0,1916,2,1010.8,1101,6,1010.7,820,6,1010.6,526,9,1010.5,6702,17,1011.1,43,3,1011.2,256,5,1011.3,74,1,1011.4,308,3,1011.5,1917,14
317,2025-11-26 12:13:47+05:30,1011.1,19,999.11,5981148,432716.0,370206.0,986.2,1012.2,981.3,986.2,120536250,1084.8,887.6,1102.5,649.1,1011.0,1916,2,1010.8,1101,6,1010.7,820,6,1010.6,526,9,1010.5,6702,17,1011.1,43,3,1011.2,256,5,1011.3,74,1,1011.4,308,3,1011.5,1917,14
317,2025-11-26 12:13:47+05:30,1011.1,1,999.12,5982088,430255.0,371488.0,986.2,1012.2,981.3,986.2,120536250,1084.8,887.6,1102.5,649.1,1011.0,1153,3,1010.8,937,5,1010.7,862,8,1010.6,1061,9,1010.5,5929,16,1011.1,25,3,1011.2,256,5,1011.3,74,1,1011.4,398,5,1011.5,2106,12
317,2025-11-26 12:13:48+05:30,1011.0,25,999.12,5982088,430255.0,371488.0,986.2,1012.2,981.3,986.2,120536250,1084.8,887.6,1102.5,649.1,1011.0,1153,3,1010.8,937,5,1010.7,862,8,1010.6,1061,9,1010.5,5929,16,1011.1,25,3,1011.2,256,5,1011.3,74,1,1011.4,398,5,1011.5,2106,12
317,2025-11-26 12:13:48+05:30,1011.0,25,999.12,5982198,434787.0,371319.0,986.2,1012.2,981.3,986.2,120536250,1084.8,887.6,1102.5,649.1,1011.0,1167,4,1010.9,49,1,1010.8,1653,10,1010.7,665,8,1010.6,2063,10,1011.1,15,3,1011.2,256,5,1011.3,74,1,1011.4,300,2,1011.5,1864,11
317,2025-11-26 12:13:49+05:30,1011.0,1,999.12,5982198,434787.0,371319.0,986.2,1012.2,981.3,986.2,120536250,1084.8,887.6,1102.5,649.1,1011.0,1167,4,1010.9,49,1,1010.8,1653,10,1010.7,665,8,1010.6,2063,10,1011.1,15,3,1011.2,256,5,1011.3,74,1,1011.4,300,2,1011.5,1864,11
317,2025-11-26 12:13:49+05:30,1011.0,954,999.12,5983172,428764.0,371403.0,986.2,1012.2,981.3,986.2,120536250,1084.8,887.6,1102.5,649.1,1011.0,212,4,1010.8,1099,6,1010.7,543,7,1010.6,1409,9,1010.5,5833,14,1011.1,15,2,1011.2,256,5,1011.3,274,2,1011.4,340,5,1011.5,1917,13
317,2025-11-26 12:13:50+05:30,1011.2,2,999.12,5983172,428764.0,371403.0,986.2,1012.2,981.3,986.2,120536250,1084.8,887.6,1102.5,649.1,1011.0,212,4,1010.8,1099,6,1010.7,543,7,1010.6,1409,9,1010.5,5833,14,1011.1,15,2,1011.2,256,5,1011.3,274,2,1011.4,340,5,1011.5,1917,13
317,2025-11-26 12:13:50+05:30,1011.2,19,999.12,5983341,429883.0,371507.0,986.2,1012.2,981.3,986.2,120536250,1084.8,887.6,1102.5,649.1,1011.0,212,4,1010.8,841,5,1010.7,467,6,1010.6,1485,10,1010.5,6088,16,1011.2,151,2,1011.3,282,3,1011.4,644,6,1011.5,1905,12,1011.6,1697,21
317,2025-11-26 12:13:51+05:30,1011.0,90,999.12,5983341,429883.0,371507.0,986.2,1012.2,981.3,986.2,120536250,1084.8,887.6,1102.5,649.1,1011.0,212,4,1010.8,841,5,1010.7,467,6,1010.6,1485,10,1010.5,6088,16,1011.2,151,2,1011.3,282,3,1011.4,644,6,1011.5,1905,12,1011.6,1697,21
317,2025-11-26 12:13:51+05:30,1011.2,5,999.12,5983653,428860.0,372462.0,986.2,1012.2,981.3,986.2,120536250,1084.8,887.6,1102.5,649.1,1010.8,714,2,1010.7,156,4,1010.6,1355,9,1010.5,6088,16,1010.4,2204,22,1011.2,454,4,1011.3,728,8,1011.4,778,11,1011.5,2021,14,1011.6,1688,25
317,2025-11-26 12:13:52+05:30,1011.2,88,999.12,5983653,428860.0,372462.0,986.2,1012.2,981.3,986.2,120536250,1084.8,887.6,1102.5,649.1,1010.8,714,2,1010.7,156,4,1010.6,1355,9,1010.5,6088,16,1010.4,2204,22,1011.2,454,4,1011.3,728,8,1011.4,778,11,1011.5,2021,14,1011.6,1688,25
317,2025-11-26 12:13:52+05:30,1011.2,2,999.12,5983936,429170.0,372231.0,986.2,1012.2,981.3,986.2,120536250,1084.8,887.6,1102.5,649.1,1010.8,686,3,1010.7,653,7,1010.6,1302,9,1010.5,6125,17,1010.4,2082,22,1011.2,46,1,1011.3,470,5,1011.4,857,9,1011.5,2198,14,1011.6,1695,25
317,2025-11-26 12:13:53+05:30,1011.0,18,999.12,5983936,429170.0,372231.0,986.2,1012.2,981.3,986.2,120536250,1084.8,887.6,1102.5,649.1,1010.8,686,3,1010.7,653,7,1010.6,1302,9,1010.5,6125,17,1010.4,2082,22,1011.2,46,1,1011.3,470,5,1011.4,857,9,1011.5,2198,14,1011.6,1695,25
317,2025-11-26 12:13:53+05:30,1010.9,7,999.12,5984966,428080.0,373057.0,986.2,1012.2,981.3,986.2,120536250,1084.8,887.6,1102.5,649.1,1010.8,664,2,1010.7,111,3,1010.6,1508,9,1010.5,6280,17,1010.4,2698,20,1011.0,1012,2,1011.2,4,1,1011.3,307,5,1011.4,1022,11,1011.5,2218,16
317,2025-11-26 12:13:54+05:30,1010.8,20,999.12,5984966,428080.0,373057.0,986.2,1012.2,981.3,986.2,120536250,1084.8,887.6,1102.5,649.1,1010.8,664,2,1010.7,111,3,1010.6,1508,9,1010.5,6280,17,1010.4,2698,20,1011.0,1012,2,1011.2,4,1,1011.3,307,5,1011.4,1022,11,1011.5,2218,16
317,2025-11-26 12:13:54+05:30,1010.8,20,999.12,5984986,432674.0,373209.0,986.2,1012.2,981.3,986.2,120536250,1084.8,887.6,1102.5,649.1,1010.9,112,1,1010.8,1144,3,1010.7,111,3,1010.6,1738,11,1010.5,6130,17,1011.0,1012,2,1011.2,4,1,1011.3,468,6,1011.4,1022,11,1011.5,2244,18
317,2025-11-26 12:13:55+05:30,1011.0,13,999.12,5984986,432674.0,373209.0,986.2,1012.2,981.3,986.2,120536250,1084.8,887.6,1102.5,649.1,1010.9,112,1,1010.8,1144,3,1010.7,111,3,1010.6,1738,11,1010.5,6130,17,1011.0,1012,2,1011.2,4,1,1011.3,468,6,1011.4,1022,11,1011.5,2244,18
317,2025-11-26 12:13:55+05:30,1011.0,19,999.12,5985035,432639.0,373761.0,986.2,1012.2,981.3,986.2,120536250,1084.8,887.6,1102.5,649.1,1010.9,112,1,1010.8,1144,3,1010.7,111,3,1010.6,1301,9,1010.5,6504,19,1011.0,975,2,1011.2,4,1,1011.3,457,4,1011.4,1013,11,1011.5,2012,13
317,2025-11-26 12:13:56+05:30,1011.0,9,999.12,5985035,432639.0,373761.0,986.2,1012.2,981.3,986.2,120536250,1084.8,887.6,1102.5,649.1,1010.9,112,1,1010.8,1144,3,1010.7,111,3,1010.6,1301,9,1010.5,6504,19,1011.0,975,2,1011.2,4,1,1011.3,457,4,1011.4,1013,11,1011.5,2012,13
317,2025-11-26 12:13:56+05:30,1011.0,639,999.12,5985685,432290.0,373050.0,986.2,1012.2,981.3,986.2,120536250,1084.8,887.6,1102.5,649.1,1010.9,112,1,1010.8,505,2,1010.7,298,4,1010.6,840,9,1010.5,6325,19,1011.0,325,2,1011.2,1004,2,1011.3,462,5,1011.4,1013,11,1011.5,2012,13
317,2025-11-26 12:13:57+05:30,1011.0,278,999.12,5985685,432290.0,373050.0,986.2,1012.2,981.3,986.2,120536250,1084.8,887.6,1102.5,649.1,1010.9,112,1,1010.8,505,2,1010.7,298,4,1010.6,840,9,1010.5,6325,19,1011.0,325,2,1011.2,1004,2,1011.3,462,5,1011.4,1013,11,1011.5,2012,13
317,2025-11-26 12:13:57+05:30,1011.0,278,999.12,5985994,429187.0,372824.0,986.2,1012.2,981.3,986.2,120536250,1084.8,887.6,1102.5,649.1,1010.9,181,2,1010.8,601,4,1010.7,298,4,1010.6,1711,12,1010.5,6138,18,1011.0,47,2,1011.1,151,2,1011.2,1004,2,1011.3,262,4,1011.4,554,8
317,2025-11-26 12:13:58+05:30,1011.0,2,999.12,5985994,429187.0,372824.0,986.2,1012.2,981.3,986.2,120536250,1084.8,887.6,1102.5,649.1,1010.9,181,2,1010.8,601,4,1010.7,298,4,1010.6,1711,12,1010.5,6138,18,1011.0,47,2,1011.1,151,2,1011.2,1004,2,1011.3,262,4,1011.4,554,8
317,2025-11-26 12:13:58+05:30,1011.0,2,999.12,5985996,433151.0,372821.0,986.2,1012.2,981.3,986.2,120536250,1084.8,887.6,1102.5,649.1,1010.9,181,2,1010.8,601,4,1010.7,111,3,1010.6,1898,13,1010.5,6138,18,1011.0,45,2,1011.1,151,2,1011.2,1004,2,1011.3,462,5,1011.4,601,9
317,2025-11-26 12:13:59+05:30,1010.9,100,999.12,5986177,430750.0,373810.0,986.2,1012.2,981.3,986.2,120536250,1084.8,887.6,1102.5,649.1,1010.8,554,3,1010.7,164,3,1010.6,1001,9,1010.5,6086,17,1010.4,2438,16,1010.9,96,1,1011.0,45,2,1011.1,151,2,1011.2,1004,2,1011.3,509,6
317,2025-11-26 12:14:00+05:30,1010.9,19,999.12,5986177,430750.0,373810.0,986.2,1012.2,981.3,986.2,120536250,1084.8,887.6,1102.5,649.1,1010.8,554,3,1010.7,164,3,1010.6,1001,9,1010.5,6086,17,1010.4,2438,16,1010.9,96,1,1011.0,45,2,1011.1,151,2,1011.2,1004,2,1011.3,509,6
317,2025-11-26 12:14:00+05:30,1010.8,4,999.12,5986206,431515.0,373970.0,986.2,1012.2,981.3,986.2,120536250,1084.8,887.6,1102.5,649.1,1010.8,501,2,1010.7,96,2,1010.6,814,8,1010.5,5969,18,1010.4,3570,20,1010.9,321,3,1011.0,322,5,1011.1,100,1,1011.2,1377,4,1011.3,521,7
317,2025-11-26 12:14:01+05:30,1010.9,1,999.12,5986206,431515.0,373970.0,986.2,1012.2,981.3,986.2,120536250,1084.8,887.6,1102.5,649.1,1010.8,501,2,1010.7,96,2,1010.6,814,8,1010.5,5969,18,1010.4,3570,20,1010.9,321,3,1011.0,322,5,1011.1,100,1,1011.2,1377,4,1011.3,521,7
317,2025-11-26 12:14:01+05:30,1010.9,1,999.12,5986207,429735.0,374020.0,986.2,1012.2,981.3,986.2,120536250,1084.8,887.6,1102.5,649.1,1010.8,501,2,1010.7,96,2,1010.6,814,8,1010.5,5969,18,1010.4,3570,20,1010.9,320,3,1011.0,322,5,1011.1,100,1,1011.2,1377,4,1011.3,522,8
317,2025-11-26 12:14:02+05:30,1010.9,103,999.12,5986207,429735.0,374020.0,986.2,1012.2,981.3,986.2,120536250,1084.8,887.6,1102.5,649.1,1010.8,501,2,1010.7,96,2,1010.6,814,8,1010.5,5969,18,1010.4,3570,20,1010.9,320,3,1011.0,322,5,1011.1,100,1,1011.2,1377,4,1011.3,522,8
317,2025-11-26 12:14:02+05:30,1010.9,103,999.13,5986630,431787.0,372925.0,986.2,1012.2,981.3,986.2,120536250,1084.8,887.6,1102.5,649.1,1010.8,594,4,1010.7,273,3,1010.6,1156,10,1010.5,5969,18,1010.4,3228,18,1010.9,96,1,1011.0,322,5,1011.1,114,2,1011.2,1004,2,1011.3,510,7
317,2025-11-26 12:14:03+05:30,1010.9,5,999.13,5986630,431787.0,372925.0,986.2,1012.2,981.3,986.2,120536250,1084.8,887.6,1102.5,649.1,1010.8,594,4,1010.7,273,3,1010.6,1156,10,1010.5,5969,18,1010.4,3228,18,1010.9,96,1,1011.0,322,5,1011.1,114,2,1011.2,1004,2,1011.3,510,7
317,2025-11-26 12:14:03+05:30,1010.9,5,999.13,5986739,431741.0,374156.0,986.2,1012.2,981.3,986.2,120536250,1084.8,887.6,1102.5,649.1,1010.8,594,4,1010.7,398,3,1010.6,985,9,1010.5,5969,18,1010.4,3228,18,1010.9,83,1,1011.0,323,6,1011.1,114,2,1011.2,1004,2,1011.3,510,7
317,2025-11-26 12:14:04+05:30,1010.8,455,999.13,5987204,429263.0,375300.0,986.2,1012.2,981.3,986.2,120536250,1084.8,887.6,1102.5,649.1,1010.8,139,4,1010.7,46,1,1010.6,927,8,1010.5,6117,18,1010.4,3228,18,1011.0,328,7,1011.1,114,2,1011.2,1206,3,1011.3,522,8,1011.4,637,8
317,2025-11-26 12:14:05+05:30,1010.6,18,999.13,5987204,429263.0,375300.0,986.2,1012.2,981.3,986.2,120536250,1084.8,887.6,1102.5,649.1,1010.8,139,4,1010.7,46,1,1010.6,927,8,1010.5,6117,18,1010.4,3228,18,1011.0,328,7,1011.1,114,2,1011.2,1206,3,1011.3,522,8,1011.4,637,8
317,2025-11-26 12:14:05+05:30,1010.6,1,999.13,5988228,432926.0,372789.0,986.2,1012.2,981.3,986.2,120536250,1084.8,887.6,1102.5,649.1,1010.6,646,7,1010.5,6062,16,1010.4,2662,21,1010.3,2567,13,1010.2,948,8,1011.0,315,7,1011.1,114,2,1011.2,272,4,1011.3,681,8,1011.4,698,13
317,2025-11-26 12:14:06+05:30,1011.0,50,999.13,5988228,432926.0,372789.0,986.2,1012.2,981.3,986.2,120536250,1084.8,887.6,1102.5,649.1,1010.6,646,7,1010.5,6062,16,1010.4,2662,21,1010.3,2567,13,1010.2,948,8,1011.0,315,7,1011.1,114,2,1011.2,272,4,1011.3,681,8,1011.4,698,13
317,2025-11-26 12:14:06+05:30,1011.0,393,999.13,5988938,429285.0,373555.0,986.2,1012.2,981.3,986.2,120536250,1084.8,887.6,1102.5,649.1,1010.8,41,1,1010.7,660,7,1010.6,1077,11,1010.5,6232,17,1010.4,2650,20,1011.0,276,4,1011.1,114,2,1011.2,272,4,1011.3,634,7,1011.4,686,12
317,2025-11-26 12:14:07+05:30,1010.9,2,999.13,5988938,429285.0,373555.0,986.2,1012.2,981.3,986.2,120536250,1084.8,887.6,1102.5,649.1,1010.8,41,1,1010.7,660,7,1010.6,1077,11,1010.5,6232,17,1010.4,2650,20,1011.0,276,4,1011.1,114,2,1011.2,272,4,1011.3,634,7,1011.4,686,12
317,2025-11-26 12:14:08+05:30,1010.9,10,999.13,5988950,429613.0,373669.0,986.2,1012.2,981.3,986.2,120536250,1084.8,887.6,1102.5,649.1,1010.9,74,2,1010.8,41,1,1010.7,342,5,1010.6,1248,12,1010.5,6232,17,1011.0,276,4,1011.1,114,2,1011.2,273,5,1011.3,634,7,1011.4,663,10
317,2025-11-26 12:14:08+05:30,1011.0,9,999.13,5988950,429613.0,373669.0,986.2,1012.2,981.3,986.2,120536250,1084.8,887.6,1102.5,649.1,1010.9,74,2,1010.8,41,1,1010.7,342,5,1010.6,1248,12,1010.5,6232,17,1011.0,276,4,1011.1,114,2,1011.2,273,5,1011.3,634,7,1011.4,663,10
317,2025-11-26 12:14:09+05:30,1011.0,9,999.13,5989247,429003.0,374007.0,986.2,1012.2,981.3,986.2,120536250,1084.8,887.6,1102.5,649.1,1010.9,75,3,1010.8,41,1,1010.7,495,5,1010.6,1077,11,1010.5,6403,18,1011.0,307,4,1011.1,114,2,1011.2,177,4,1011.3,465,6,1011.4,663,10
317,2025-11-26 12:14:10+05:30,1010.9,13,999.13,5989537,428873.0,374075.0,986.2,1012.2,981.3,986.2,120536250,1084.8,887.6,1102.5,649.1,1010.8,92,2,1010.7,91,3,1010.6,739,7,1010.5,6433,19,1010.4,2654,20,1010.9,80,1,1011.0,309,4,1011.1,119,3,1011.2,208,4,1011.3,758,11
317,2025-11-26 12:14:10+05:30,1010.9,1,999.13,5989537,428873.0,374075.0,986.2,1012.2,981.3,986.2,120536250,1084.8,887.6,1102.5,649.1,1010.8,92,2,1010.7,91,3,1010.6,739,7,1010.5,6433,19,1010.4,2654,20,1010.9,80,1,1011.0,309,4,1011.1,119,3,1011.2,208,4,1011.3,758,11
317,2025-11-26 12:14:11+05:30,1011.1,22,999.13,5990752,426618.0,375016.0,986.2,1012.2,981.3,986.2,120536250,1084.8,887.6,1102.5,649.1,1010.8,51,1,1010.7,93,3,1010.6,776,6,1010.5,6204,16,1010.4,2654,20,1011.1,248,4,1011.2,310,6,1011.3,1220,11,1011.4,819,11,1011.5,1085,13
317,2025-11-26 12:14:11+05:30,1011.1,22,999.13,5990752,426618.0,375016.0,986.2,1012.2,981.3,986.2,120536250,1084.8,887.6,1102.5,649.1,1010.8,51,1,1010.7,93,3,1010.6,776,6,1010.5,6204,16,1010.4,2654,20,1011.1,248,4,1011.2,310,6,1011.3,1220,11,1011.4,819,11,1011.5,1085,13
317,2025-11-26 12:14:12+05:30,1011.2,24,999.13,5991126,424876.0,373303.0,986.2,1012.2,981.3,986.2,120536250,1084.8,887.6,1102.5,649.1,1010.8,51,1,1010.7,93,3,1010.6,622,5,1010.5,6050,15,1010.4,2095,21,1011.2,459,7,1011.3,562,8,1011.4,665,10,1011.5,1085,13,1011.6,1529,18
317,2025-11-26 12:14:12+05:30,1011.2,24,999.13,5991126,424876.0,373303.0,986.2,1012.2,981.3,986.2,120536250,1084.8,887.6,1102.5,649.1,1010.8,51,1,1010.7,93,3,1010.6,622,5,1010.5,6050,15,1010.4,2095,21,1011.2,459,7,1011.3,562,8,1011.4,665,10,1011.5,1085,13,1011.6,1529,18
317,2025-11-26 12:14:13+05:30,1011.1,80,999.13,5991217,425758.0,373389.0,986.2,1012.2,981.3,986.2,120536250,1084.8,887.6,1102.5,649.1,1011.1,51,1,1011.0,242,1,1010.7,174,4,1010.6,662,5,1010.5,6050,15,1011.2,406,5,1011.3,672,9,1011.4,652,9,1011.5,1032,13,1011.6,1529,18
317,2025-11-26 12:14:13+05:30,1011.0,242,999.13,5991217,425758.0,373389.0,986.2,1012.2,981.3,986.2,120536250,1084.8,887.6,1102.5,649.1,1011.1,51,1,1011.0,242,1,1010.7,174,4,1010.6,662,5,1010.5,6050,15,1011.2,406,5,1011.3,672,9,1011.4,652,9,1011.5,1032,13,1011.6,1529,18
317,2025-11-26 12:14:14+05:30,1010.8,21,999.14,5991608,427885.0,375972.0,986.2,1012.2,981.3,986.2,120536250,1084.8,887.6,1102.5,649.1,1010.6,592,5,1010.5,6216,15,1010.4,3465,23,1010.3,2647,16,1010.2,613,7,1010.8,26,1,1011.0,60,1,1011.1,292,3,1011.2,459,7,1011.3,449,8
317,2025-11-26 12:14:14+05:30,1010.8,21,999.14,5991608,427885.0,375972.0,986.2,1012.2,981.3,986.2,120536250,1084.8,887.6,1102.5,649.1,1010.6,592,5,1010.5,6216,15,1010.4,3465,23,1010.3,2647,16,1010.2,613,7,1010.8,26,1,1011.0,60,1,1011.1,292,3,1011.2,459,7,1011.3,449,8
317,2025-11-26 12:14:15+05:30,1010.8,20,999.14,5991628,428582.0,376081.0,986.2,1012.2,981.3,986.2,120536250,1084.8,887.6,1102.5,649.1,1010.7,112,1,1010.6,1019,7,1010.5,5789,13,1010.4,4215,24,1010.3,2647,16,1010.8,6,1,1011.0,560,2,1011.1,140,3,1011.2,336,6,1011.3,411,8
317,2025-11-26 12:14:15+05:30,1010.8,3,999.14,5991628,428582.0,376081.0,986.2,1012.2,981.3,986.2,120536250,1084.8,887.6,1102.5,649.1,1010.7,112,1,1010.6,1019,7,1010.5,5789,13,1010.4,4215,24,1010.3,2647,16,1010.8,6,1,1011.0,560,2,1011.1,140,3,1011.2,336,6,1011.3,411,8
317,2025-11-26 12:14:16+05:30,1010.8,2,999.14,5991633,428600.0,376112.0,986.2,1012.2,981.3,986.2,120536250,1084.8,887.6,1102.5,649.1,1010.7,112,1,1010.6,865,6,1010.5,5948,15,1010.4,4215,24,1010.3,2647,16,1010.8,60,2,1011.0,560,2,1011.1,140,3,1011.2,336,6,1011.3,411,8
317,2025-11-26 12:14:16+05:30,1010.7,2,999.14,5991633,428600.0,376112.0,986.2,1012.2,981.3,986.2,120536250,1084.8,887.6,1102.5,649.1,1010.7,112,1,1010.6,865,6,1010.5,5948,15,1010.4,4215,24,1010.3,2647,16,1010.8,60,2,1011.0,560,2,1011.1,140,3,1011.2,336,6,1011.3,411,8
317,2025-11-26 12:14:17+05:30,1010.7,2,999.14,5991635,429001.0,376138.0,986.2,1012.2,981.3,986.2,120536250,1084.8,887.6,1102.5,649.1,1010.7,110,1,1010.6,865,6,1010.5,5948,15,1010.4,4215,24,1010.3,2647,16,1010.8,60,2,1011.0,560,2,1011.1,140,3,1011.2,336,6,1011.3,459,8
317,2025-11-26 12:14:17+05:30,1011.0,428,999.14,5991635,429001.0,376138.0,986.2,1012.2,981.3,986.2,120536250,1084.8,887.6,1102.5,649.1,1010.7,110,1,1010.6,865,6,1010.5,5948,15,1010.4,4215,24,1010.3,2647,16,1010.8,60,2,1011.0,560,2,1011.1,140,3,1011.2,336,6,1011.3,459,8
317,2025-11-26 12:14:18+05:30,1010.9,10,999.14,5992281,427261.0,375678.0,986.2,1012.2,981.3,986.2,120536250,1084.8,887.6,1102.5,649.1,1010.9,629,1,1010.7,110,1,1010.6,510,4,1010.5,5639,11,1010.4,3415,22,1011.0,192,2,1011.1,143,4,1011.2,725,10,1011.3,459,8,1011.4,678,11
317,2025-11-26 12:14:18+05:30,1011.0,38,999.14,5992281,427261.0,375678.0,986.2,1012.2,981.3,986.2,120536250,1084.8,887.6,1102.5,649.1,1010.9,629,1,1010.7,110,1,1010.6,510,4,1010.5,5639,11,1010.4,3415,22,1011.0,192,2,1011.1,143,4,1011.2,725,10,1011.3,459,8,1011.4,678,11
317,2025-11-26 12:14:19+05:30,1011.1,45,999.14,5992523,425112.0,373846.0,986.2,1012.2,981.3,986.2,120536250,1084.8,887.6,1102.5,649.1,1010.9,629,1,1010.7,356,2,1010.6,1064,6,1010.5,5930,14,1010.4,1915,20,1011.1,10,2,1011.2,57,5,1011.3,552,8,1011.4,677,11,1011.5,1081,12
317,2025-11-26 12:14:19+05:30,1011.1,45,999.14,5992523,425112.0,373846.0,986.2,1012.2,981.3,986.2,120536250,1084.8,887.6,1102.5,649.1,1010.9,629,1,1010.7,356,2,1010.6,1064,6,1010.5,5930,14,1010.4,1915,20,1011.1,10,2,1011.2,57,5,1011.3,552,8,1011.4,677,11,1011.5,1081,12
317,2025-11-26 12:14:20+05:30,1010.9,629,999.14,5993152,426477.0,375185.0,986.2,1012.2,981.3,986.2,120536250,1084.8,887.6,1102.5,649.1,1010.7,154,1,1010.6,871,7,1010.5,5920,14,1010.4,3317,21,1010.3,2612,15,1010.9,96,1,1011.1,116,3,1011.2,316,8,1011.3,446,7,1011.4,827,12
317,2025-11-26 12:14:20+05:30,1010.9,1,999.14,5993152,426477.0,375185.0,986.2,1012.2,981.3,986.2,120536250,1084.8,887.6,1102.5,649.1,1010.7,154,1,1010.6,871,7,1010.5,5920,14,1010.4,3317,21,1010.3,2612,15,1010.9,96,1,1011.1,116,3,1011.2,316,8,1011.3,446,7,1011.4,827,12
317,2025-11-26 12:14:21+05:30,1010.9,1,999.14,5993179,426711.0,375518.0,986.2,1012.2,981.3,986.2,120536250,1084.8,887.6,1102.5,649.1,1010.7,13,1,1010.6,1057,9,1010.5,5905,14,1010.4,3317,21,1010.3,2602,14,1010.9,71,2,1011.1,116,3,1011.2,354,8,1011.3,446,7,1011.4,837,12
317,2025-11-26 12:14:21+05:30,1010.9,1,999.14,5993179,426711.0,375518.0,986.2,1012.2,981.3,986.2,120536250,1084.8,887.6,1102.5,649.1,1010.7,13,1,1010.6,1057,9,1010.5,5905,14,1010.4,3317,21,1010.3,2602,14,1010.9,71,2,1011.1,116,3,1011.2,354,8,1011.3,446,7,1011.4,837,12
317,2025-11-26 12:14:22+05:30,1010.9,1,999.14,5993179,426291.0,375879.0,986.2,1012.2,981.3,986.2,120536250,1084.8,887.6,1102.5,649.1,1010.7,13,1,1010.6,668,5,1010.5,6171,15,1010.4,3324,22,1010.3,2602,14,1010.8,42,1,1010.9,71,2,1011.1,116,3,1011.2,354,8,1011.3,446,7
317,2025-11-26 12:14:23+05:30,1010.8,4,999.14,5993179,426291.0,375879.0,986.2,1012.2,981.3,986.2,120536250,1084.8,887.6,1102.5,649.1,1010.7,13,1,1010.6,668,5,1010.5,6171,15,1010.4,3324,22,1010.3,2602,14,1010.8,42,1,1010.9,71,2,1011.1,116,3,1011.2,354,8,1011.3,446,7
317,2025-11-26 12:14:23+05:30,1010.8,1,999.14,5993211,427358.0,375886.0,986.2,1012.2,981.3,986.2,120536250,1084.8,887.6,1102.5,649.1,1010.6,733,7,1010.5,5959,13,1010.4,4109,25,1010.3,2602,14,1010.2,643,9,1010.8,33,1,1010.9,71,2,1011.1,122,4,1011.2,305,7,1011.3,457,8
317,2025-11-26 12:14:24+05:30,1010.6,1,999.14,5993211,427358.0,375886.0,986.2,1012.2,981.3,986.2,120536250,1084.8,887.6,1102.5,649.1,1010.6,733,7,1010.5,5959,13,1010.4,4109,25,1010.3,2602,14,1010.2,643,9,1010.8,33,1,1010.9,71,2,1011.1,122,4,1011.2,305,7,1011.3,457,8
317,2025-11-26 12:14:24+05:30,1010.6,108,999.14,5993511,427159.0,375991.0,986.2,1012.2,981.3,986.2,120536250,1084.8,887.6,1102.5,649.1,1010.6,579,7,1010.5,5913,12,1010.4,4092,23,1010.3,2602,14,1010.2,613,7,1010.8,33,1,1010.9,1,1,1011.1,324,5,1011.2,305,7,1011.3,483,10
317,2025-11-26 12:14:25+05:30,1010.8,11,999.14,5993511,427159.0,375991.0,986.2,1012.2,981.3,986.2,120536250,1084.8,887.6,1102.5,649.1,1010.6,579,7,1010.5,5913,12,1010.4,4092,23,1010.3,2602,14,1010.2,613,7,1010.8,33,1,1010.9,1,1,1011.1,324,5,1011.2,305,7,1011.3,483,10
317,2025-11-26 12:14:25+05:30,1010.8,2,999.14,5993673,427109.0,375828.0,986.2,1012.2,981.3,986.2,120536250,1084.8,887.6,1102.5,649.1,1010.6,443,6,1010.5,5963,14,1010.4,4101,24,1010.3,2602,14,1010.2,643,9,1010.8,14,1,1010.9,1,1,1011.1,571,7,1011.2,305,7,1011.3,484,11
317,2025-11-26 12:14:26+05:30,1011.1,92,999.14,5993673,427109.0,375828.0,986.2,1012.2,981.3,986.2,120536250,1084.8,887.6,1102.5,649.1,1010.6,443,6,1010.5,5963,14,1010.4,4101,24,1010.3,2602,14,1010.2,643,9,1010.8,14,1,1010.9,1,1,1011.1,571,7,1011.2,305,7,1011.3,484,11
317,2025-11-26 12:14:26+05:30,1011.1,92,999.14,5994016,428979.0,374233.0,986.2,1012.2,981.3,986.2,120536250,1084.8,887.6,1102.5,649.1,1010.7,87,1,1010.6,1171,9,1010.5,5816,13,1010.4,3306,20,1010.3,2602,14,1011.1,6,1,1011.2,396,7,1011.3,372,9,1011.4,804,12,1011.5,1220,15
317,2025-11-26 12:14:27+05:30,1011.1,92,999.14,5994016,427854.0,374655.0,986.2,1012.2,981.3,986.2,120536250,1084.8,887.6,1102.5,649.1,1010.7,87,1,1010.6,1095,8,1010.5,6078,15,1010.4,1964,20,1010.3,2617,15,1011.1,12,4,1011.2,698,8,1011.3,383,10,1011.4,804,12,1011.5,1220,15
317,2025-11-26 12:14:28+05:30,1011.1,146,999.14,5994016,427854.0,374655.0,986.2,1012.2,981.3,986.2,120536250,1084.8,887.6,1102.5,649.1,1010.7,87,1,1010.6,1095,8,1010.5,6078,15,1010.4,1964,20,1010.3,2617,15,1011.1,12,4,1011.2,698,8,1011.3,383,10,1011.4,804,12,1011.5,1220,15
317,2025-11-26 12:14:28+05:30,1011.1,146,999.14,5994216,427132.0,375498.0,986.2,1012.2,981.3,986.2,120536250,1084.8,887.6,1102.5,649.1,1010.8,100,1,1010.7,188,2,1010.6,926,6,1010.5,6056,14,1010.4,1855,17,1011.1,401,4,1011.2,706,9,1011.3,494,11,1011.4,702,13,1011.5,1023,12
317,2025-11-26 12:14:29+05:30,1011.1,24,999.14,5994216,427132.0,375498.0,986.2,1012.2,981.3,986.2,120536250,1084.8,887.6,1102.5,649.1,1010.8,100,1,1010.7,188,2,1010.6,926,6,1010.5,6056,14,1010.4,1855,17,1011.1,401,4,1011.2,706,9,1011.3,494,11,1011.4,702,13,1011.5,1023,12
317,2025-11-26 12:14:29+05:30,1011.1,24,999.14,5994240,425431.0,376475.0,986.2,1012.2,981.3,986.2,120536250,1084.8,887.6,1102.5,649.1,1010.8,100,1,1010.7,188,2,1010.6,926,6,1010.5,6040,14,1010.4,2632,20,1010.9,94,1,1011.0,189,2,1011.1,439,5,1011.2,439,9,1011.3,517,10
317,2025-11-26 12:14:30+05:30,1010.9,100,999.14,5994395,425857.0,376198.0,986.2,1012.2,981.3,986.2,120536250,1084.8,887.6,1102.5,649.1,1010.8,100,1,1010.7,188,2,1010.6,1041,7,1010.5,5949,14,1010.4,3368,20,1010.9,94,1,1011.0,147,1,1011.1,146,4,1011.2,575,10,1011.3,653,11
317,2025-11-26 12:14:30+05:30,1010.9,100,999.14,5994395,425857.0,376198.0,986.2,1012.2,981.3,986.2,120536250,1084.8,887.6,1102.5,649.1,1010.8,100,1,1010.7,188,2,1010.6,1041,7,1010.5,5949,14,1010.4,3368,20,1010.9,94,1,1011.0,147,1,1011.1,146,4,1011.2,575,10,1011.3,653,11
317,2025-11-26 12:14:31+05:30,1010.9,1,999.14,5994404,425987.0,376493.0,986.2,1012.2,981.3,986.2,120536250,1084.8,887.6,1102.5,649.1,1010.8,92,1,1010.7,188,2,1010.6,1090,8,1010.5,5949,14,1010.4,3416,22,1010.9,93,1,1011.0,147,1,1011.1,151,5,1011.2,575,10,1011.3,640,10
317,2025-11-26 12:14:31+05:30,1010.9,1,999.14,5994404,425987.0,376493.0,986.2,1012.2,981.3,986.2,120536250,1084.8,887.6,1102.5,649.1,1010.8,92,1,1010.7,188,2,1010.6,1090,8,1010.5,5949,14,1010.4,3416,22,1010.9,93,1,1011.0,147,1,1011.1,151,5,1011.2,575,10,1011.3,640,10
317,2025-11-26 12:14:32+05:30,1010.9,10,999.14,5994535,425614.0,376575.0,986.2,1012.2,981.3,986.2,120536250,1084.8,887.6,1102.5,649.1,1010.8,90,1,1010.7,101,1,1010.6,495,5,1010.5,5859,11,1010.4,3318,15,1010.9,108,2,1011.0,147,1,1011.1,287,6,1011.2,618,11,1011.3,518,11
317,2025-11-26 12:14:32+05:30,1010.9,10,999.14,5994535,425614.0,376575.0,986.2,1012.2,981.3,986.2,120536250,1084.8,887.6,1102.5,649.1,1010.8,90,1,1010.7,101,1,1010.6,495,5,1010.5,5859,11,1010.4,3318,15,1010.9,108,2,1011.0,147,1,1011.1,287,6,1011.2,618,11,1011.3,518,11
317,2025-11-26 12:14:33+05:30,1010.9,5,999.14,5994545,425466.0,376561.0,986.2,1012.2,981.3,986.2,120536250,1084.8,887.6,1102.5,649.1,1010.8,89,1,1010.7,101,1,1010.6,495,5,1010.5,5990,15,1010.4,3452,22,1010.9,99,2,1011.0,147,1,1011.1,151,5,1011.2,759,13,1011.3,518,11
317,2025-11-26 12:14:33+05:30,1010.9,5,999.14,5994545,425466.0,376561.0,986.2,1012.2,981.3,986.2,120536250,1084.8,887.6,1102.5,649.1,1010.8,89,1,1010.7,101,1,1010.6,495,5,1010.5,5990,15,1010.4,3452,22,1010.9,99,2,1011.0,147,1,1011.1,151,5,1011.2,759,13,1011.3,518,11
317,2025-11-26 12:14:34+05:30,1010.8,5,999.14,5994563,425980.0,376766.0,986.2,1012.2,981.3,986.2,120536250,1084.8,887.6,1102.5,649.1,1010.8,84,1,1010.7,101,1,1010.6,1014,6,1010.5,5990,15,1010.4,3452,22,1010.9,86,1,1011.0,147,1,1011.1,151,5,1011.2,759,13,1011.3,518,11
317,2025-11-26 12:14:34+05:30,1010.9,112,999.14,5994563,425980.0,376766.0,986.2,1012.2,981.3,986.2,120536250,1084.8,887.6,1102.5,649.1,1010.8,84,1,1010.7,101,1,1010.6,1014,6,1010.5,5990,15,1010.4,3452,22,1010.9,86,1,1011.0,147,1,1011.1,151,5,1011.2,759,13,1011.3,518,11
317,2025-11-26 12:14:35+05:30,1010.6,95,999.14,5994861,428244.0,376730.0,986.2,1012.2,981.3,986.2,120536250,1084.8,887.6,1102.5,649.1,1010.6,2679,10,1010.5,5963,14,1010.4,4090,24,1010.3,2594,15,1010.2,613,7,1010.8,8,1,1011.0,190,2,1011.1,193,6,1011.2,486,11,1011.3,582,11
317,2025-11-26 12:14:35+05:30,1010.6,95,999.14,5994861,428244.0,376730.0,986.2,1012.2,981.3,986.2,120536250,1084.8,887.6,1102.5,649.1,1010.6,2679,10,1010.5,5963,14,1010.4,4090,24,1010.3,2594,15,1010.2,613,7,1010.8,8,1,1011.0,190,2,1011.1,193,6,1011.2,486,11,1011.3,582,11
317,2025-11-26 12:14:36+05:30,1010.6,1,999.14,5995087,428493.0,376973.0,986.2,1012.2,981.3,986.2,120536250,1084.8,887.6,1102.5,649.1,1010.6,2568,10,1010.5,6099,15,1010.4,4039,21,1010.3,2600,16,1010.2,630,8,1010.7,25,1,1010.8,79,1,1011.0,190,2,1011.1,193,6,1011.2,502,13
317,2025-11-26 12:14:36+05:30,1010.6,1,999.14,5995087,428493.0,376973.0,986.2,1012.2,981.3,986.2,120536250,1084.8,887.6,1102.5,649.1,1010.6,2568,10,1010.5,6099,15,1010.4,4039,21,1010.3,2600,16,1010.2,630,8,1010.7,25,1,1010.8,79,1,1011.0,190,2,1011.1,193,6,1011.2,502,13
317,2025-11-26 12:14:37+05:30,1010.7,24,999.14,5995112,432626.0,376854.0,986.2,1012.2,981.3,986.2,120536250,1084.8,887.6,1102.5,649.1,1010.6,2579,9,1010.5,6061,14,1010.4,4066,22,1010.3,2613,15,1010.2,613,7,1010.8,79,1,1011.0,190,2,1011.1,188,5,1011.2,475,10,1011.3,556,9
317,2025-11-26 12:14:37+05:30,1010.7,24,999.14,5995112,432626.0,376854.0,986.2,1012.2,981.3,986.2,120536250,1084.8,887.6,1102.5,649.1,1010.6,2579,9,1010.5,6061,14,1010.4,4066,22,1010.3,2613,15,1010.2,613,7,1010.8,79,1,1011.0,190,2,1011.1,188,5,1011.2,475,10,1011.3,556,9
317,2025-11-26 12:14:38+05:30,1010.7,24,999.14,5995112,432729.0,377174.0,986.2,1012.2,981.3,986.2,120536250,1084.8,887.6,1102.5,649.1,1010.6,2682,11,1010.5,6061,14,1010.4,4066,22,1010.3,2613,15,1010.2,613,7,1010.8,79,1,1011.0,190,2,1011.1,188,5,1011.2,485,11,1011.3,644,15
317,2025-11-26 12:14:39+05:30,1010.7,24,999.14,5995112,432742.0,377341.0,986.2,1012.2,981.3,986.2,120536250,1084.8,887.6,1102.5,649.1,1010.6,2654,11,1010.5,6061,14,1010.4,4066,22,1010.3,2613,15,1010.2,613,7,1010.8,79,1,1011.0,290,3,1011.1,188,5,1011.2,485,11,1011.3,644,15
317,2025-11-26 12:14:40+05:30,1010.7,2,999.14,5995491,432499.0,377239.0,986.2,1012.2,981.3,986.2,120536250,1084.8,887.6,1102.5,649.1,1010.6,2033,6,1010.5,6236,14,1010.4,3902,14,1010.3,2639,16,1010.2,613,7,1010.7,16,1,1011.0,290,3,1011.1,390,6,1011.2,511,13,1011.3,618,13
317,2025-11-26 12:14:40+05:30,1010.7,2,999.14,5995491,432499.0,377239.0,986.2,1012.2,981.3,986.2,120536250,1084.8,887.6,1102.5,649.1,1010.6,2033,6,1010.5,6236,14,1010.4,3902,14,1010.3,2639,16,1010.2,613,7,1010.7,16,1,1011.0,290,3,1011.1,390,6,1011.2,511,13,1011.3,618,13
317,2025-11-26 12:14:41+05:30,1010.7,2,999.14,5995493,432598.0,377505.0,986.2,1012.2,981.3,986.2,120536250,1084.8,887.6,1102.5,649.1,1010.6,2315,9,1010.5,5935,13,1010.4,3968,16,1010.3,2727,22,1010.2,815,8,1010.7,14,1,1011.0,570,4,1011.1,390,6,1011.2,511,13,1011.3,618,13
317,2025-11-26 12:14:41+05:30,1010.7,2,999.14,5995493,432598.0,377505.0,986.2,1012.2,981.3,986.2,120536250,1084.8,887.6,1102.5,649.1,1010.6,2315,9,1010.5,5935,13,1010.4,3968,16,1010.3,2727,22,1010.2,815,8,1010.7,14,1,1011.0,570,4,1011.1,390,6,1011.2,511,13,1011.3,618,13
317,2025-11-26 12:14:42+05:30,1010.7,1,999.14,5995494,432588.0,377491.0,986.2,1012.2,981.3,986.2,120536250,1084.8,887.6,1102.5,649.1,1010.6,2315,9,1010.5,5925,13,1010.4,3968,16,1010.3,2727,22,1010.2,815,8,1010.7,18,3,1011.0,570,4,1011.1,394,6,1011.2,485,11,1011.3,644,15
317,2025-11-26 12:14:42+05:30,1010.7,1,999.14,5995494,432588.0,377491.0,986.2,1012.2,981.3,986.2,120536250,1084.8,887.6,1102.5,649.1,1010.6,2315,9,1010.5,5925,13,1010.4,3968,16,1010.3,2727,22,1010.2,815,8,1010.7,18,3,1011.0,570,4,1011.1,394,6,1011.2,485,11,1011.3,644,15
317,2025-11-26 12:14:43+05:30,1010.7,5,999.14,5995503,432589.0,377554.0,986.2,1012.2,981.3,986.2,120536250,1084.8,887.6,1102.5,649.1,1010.6,2315,9,1010.5,5925,13,1010.4,3968,16,1010.3,2727,22,1010.2,815,8,1010.7,9,3,1011.0,620,5,1011.1,394,6,1011.2,485,11,1011.3,644,15
317,2025-11-26 12:14:43+05:30,1010.7,5,999.14,5995503,432589.0,377554.0,986.2,1012.2,981.3,986.2,120536250,1084.8,887.6,1102.5,649.1,1010.6,2315,9,1010.5,5925,13,1010.4,3968,16,1010.3,2727,22,1010.2,815,8,1010.7,9,3,1011.0,620,5,1011.1,394,6,1011.2,485,11,1011.3,644,15
317,2025-11-26 12:14:44+05:30,1010.7,1,999.14,5995506,432589.0,377480.0,986.2,1012.2,981.3,986.2,120536250,1084.8,887.6,1102.5,649.1,1010.6,2189,8,1010.5,6051,14,1010.4,3968,16,1010.3,2727,22,1010.2,815,8,1010.7,8,4,1011.0,620,5,1011.1,352,5,1011.2,485,11,1011.3,644,15
317,2025-11-26 12:14:44+05:30,1010.7,1,999.14,5995506,432589.0,377480.0,986.2,1012.2,981.3,986.2,120536250,1084.8,887.6,1102.5,649.1,1010.6,2189,8,1010.5,6051,14,1010.4,3968,16,1010.3,2727,22,1010.2,815,8,1010.7,8,4,1011.0,620,5,1011.1,352,5,1011.2,485,11,1011.3,644,15
317,2025-11-26 12:14:45+05:30,1010.7,2,999.14,5995506,432589.0,377480.0,986.2,1012.2,981.3,986.2,120536250,1084.8,887.6,1102.5,649.1,1010.6,2189,8,1010.5,6051,14,1010.4,3968,16,1010.3,2727,22,1010.2,815,8,1010.7,8,4,1011.0,620,5,1011.1,352,5,1011.2,485,11,1011.3,644,15
317,2025-11-26 12:14:45+05:30,1010.7,2,999.14,5995689,432408.0,377732.0,986.2,1012.2,981.3,986.2,120536250,1084.8,887.6,1102.5,649.1,1010.6,2008,8,1010.5,6051,14,1010.4,3968,16,1010.3,2727,22,1010.2,815,8,1010.7,5,3,1011.0,620,5,1011.1,352,5,1011.2,485,11,1011.3,644,15
317,2025-11-26 12:14:46+05:30,1010.7,1,999.14,5995689,432408.0,377732.0,986.2,1012.2,981.3,986.2,120536250,1084.8,887.6,1102.5,649.1,1010.6,2008,8,1010.5,6051,14,1010.4,3968,16,1010.3,2727,22,1010.2,815,8,1010.7,5,3,1011.0,620,5,1011.1,352,5,1011.2,485,11,1011.3,644,15
317,2025-11-26 12:14:46+05:30,1010.7,1,999.14,5995841,432356.0,378134.0,986.2,1012.2,981.3,986.2,120536250,1084.8,887.6,1102.5,649.1,1010.6,1701,6,1010.5,6040,14,1010.4,4094,17,1010.3,2727,22,1010.2,815,8,1010.7,4,3,1010.8,89,2,1010.9,202,1,1011.0,577,4,1011.1,357,6
317,2025-11-26 12:14:47+05:30,1010.7,1,999.14,5995841,432448.0,378238.0,986.2,1012.2,981.3,986.2,120536250,1084.8,887.6,1102.5,649.1,1010.6,1701,6,1010.5,5979,13,1010.4,4094,17,1010.3,2727,22,1010.2,815,8,1010.7,4,3,1010.8,89,2,1010.9,202,1,1011.0,677,5,1011.1,357,6
317,2025-11-26 12:14:48+05:30,1010.7,1,999.14,5995841,432102.0,378569.0,986.2,1012.2,981.3,986.2,120536250,1084.8,887.6,1102.5,649.1,1010.6,1701,6,1010.5,5979,13,1010.4,4094,17,1010.3,2727,22,1010.2,815,8,1010.7,4,3,1010.8,89,2,1010.9,202,1,1011.0,677,5,1011.1,357,6
317,2025-11-26 12:14:49+05:30,1010.8,1,999.14,5995841,432102.0,378569.0,986.2,1012.2,981.3,986.2,120536250,1084.8,887.6,1102.5,649.1,1010.6,1701,6,1010.5,5979,13,1010.4,4094,17,1010.3,2727,22,1010.2,815,8,1010.7,4,3,1010.8,89,2,1010.9,202,1,1011.0,677,5,1011.1,357,6
317,2025-11-26 12:14:49+05:30,1010.6,145,999.14,5995991,427275.0,378557.0,986.2,1012.2,981.3,986.2,120536250,1084.8,887.6,1102.5,649.1,1010.6,1556,6,1010.5,5759,10,1010.4,4116,15,1010.3,1103,12,1010.2,2315,10,1010.8,88,2,1010.9,165,2,1011.0,1133,8,1011.1,446,8,1011.2,511,13
317,2025-11-26 12:14:50+05:30,1010.8,1,999.14,5995991,427275.0,378557.0,986.2,1012.2,981.3,986.2,120536250,1084.8,887.6,1102.5,649.1,1010.6,1556,6,1010.5,5759,10,1010.4,4116,15,1010.3,1103,12,1010.2,2315,10,1010.8,88,2,1010.9,165,2,1011.0,1133,8,1011.1,446,8,1011.2,511,13
317,2025-11-26 12:14:50+05:30,1010.8,17,999.14,5996042,426467.0,379082.0,986.2,1012.2,981.3,986.2,120536250,1084.8,887.6,1102.5,649.1,1010.6,1551,5,1010.5,4487,5,1010.4,2522,12,1010.3,2566,13,1010.2,867,12,1010.8,72,2,1010.9,62,1,1011.0,1079,8,1011.1,667,10,1011.2,534,14
317,2025-11-26 12:14:51+05:30,1010.8,3,999.14,5996042,426467.0,379082.0,986.2,1012.2,981.3,986.2,120536250,1084.8,887.6,1102.5,649.1,1010.6,1551,5,1010.5,4487,5,1010.4,2522,12,1010.3,2566,13,1010.2,867,12,1010.8,72,2,1010.9,62,1,1011.0,1079,8,1011.1,667,10,1011.2,534,14
317,2025-11-26 12:14:51+05:30,1010.8,3,999.14,5996431,426514.0,381100.0,986.2,1012.2,981.3,986.2,120536250,1084.8,887.6,1102.5,649.1,1010.7,20,1,1010.6,1551,5,1010.5,4487,5,1010.4,203,4,1010.3,435,6,1010.8,253,4,1010.9,589,8,1011.0,1340,11,1011.1,679,10,1011.2,688,12
317,2025-11-26 12:14:52+05:30,1010.8,28,999.14,5996431,426514.0,381100.0,986.2,1012.2,981.3,986.2,120536250,1084.8,887.6,1102.5,649.1,1010.7,20,1,1010.6,1551,5,1010.5,4487,5,1010.4,203,4,1010.3,435,6,1010.8,253,4,1010.9,589,8,1011.0,1340,11,1011.1,679,10,1011.2,688,12
317,2025-11-26 12:14:52+05:30,1010.8,28,999.15,5996619,425495.0,381903.0,986.2,1012.2,981.3,986.2,120536250,1084.8,887.6,1102.5,649.1,1010.7,10,1,1010.6,1551,5,1010.5,4487,5,1010.4,270,3,1010.3,522,6,1010.8,252,5,1010.9,785,13,1011.0,1357,12,1011.1,689,12,1011.2,818,13
317,2025-11-26 12:14:53+05:30,1010.6,70,999.15,5996619,425495.0,381903.0,986.2,1012.2,981.3,986.2,120536250,1084.8,887.6,1102.5,649.1,1010.7,10,1,1010.6,1551,5,1010.5,4487,5,1010.4,270,3,1010.3,522,6,1010.8,252,5,1010.9,785,13,1011.0,1357,12,1011.1,689,12,1011.2,818,13
317,2025-11-26 12:14:53+05:30,1010.6,70,999.15,5996708,425502.0,382059.0,986.2,1012.2,981.3,986.2,120536250,1084.8,887.6,1102.5,649.1,1010.7,7,1,1010.6,1468,4,1010.5,4487,5,1010.4,194,3,1010.3,435,6,1010.8,85,3,1010.9,841,10,1011.0,1340,11,1011.1,908,17,1011.2,835,14
317,2025-11-26 12:14:54+05:30,1010.6,70,999.15,5996708,425829.0,382092.0,986.2,1012.2,981.3,986.2,120536250,1084.8,887.6,1102.5,649.1,1010.7,7,1,1010.6,1468,4,1010.5,4987,6,1010.4,309,4,1010.3,320,5,1010.8,86,4,1010.9,841,10,1011.0,1340,11,1011.1,908,17,1011.2,835,14
317,2025-11-26 12:14:55+05:30,1010.9,12,999.15,5996708,425829.0,382092.0,986.2,1012.2,981.3,986.2,120536250,1084.8,887.6,1102.5,649.1,1010.7,7,1,1010.6,1468,4,1010.5,4987,6,1010.4,309,4,1010.3,320,5,1010.8,86,4,1010.9,841,10,1011.0,1340,11,1011.1,908,17,1011.2,835,14
317,2025-11-26 12:14:55+05:30,1010.9,12,999.15,5996827,425407.0,382000.0,986.2,1012.2,981.3,986.2,120536250,1084.8,887.6,1102.5,649.1,1010.8,25,1,1010.7,7,1,1010.6,1468,4,1010.5,4987,6,1010.4,391,5,1010.9,460,6,1011.0,1365,13,1011.1,908,17,1011.2,633,13,1011.3,717,9
317,2025-11-26 12:14:56+05:30,1011.3,21,999.15,5996827,425407.0,382000.0,986.2,1012.2,981.3,986.2,120536250,1084.8,887.6,1102.5,649.1,1010.8,25,1,1010.7,7,1,1010.6,1468,4,1010.5,4987,6,1010.4,391,5,1010.9,460,6,1011.0,1365,13,1011.1,908,17,1011.2,633,13,1011.3,717,9
317,2025-11-26 12:14:56+05:30,1011.3,21,999.15,5999184,429802.0,373471.0,986.2,1012.2,981.3,986.2,120536250,1084.8,887.6,1102.5,649.1,1011.2,50,2,1011.1,167,3,1010.9,575,4,1010.8,827,11,1010.7,1319,11,1011.4,205,2,1011.5,591,6,1011.6,1177,15,1011.7,507,8,1011.8,892,10
317,2025-11-26 12:14:57+05:30,1011.2,91,999.15,5999184,429802.0,373471.0,986.2,1012.2,981.3,986.2,120536250,1084.8,887.6,1102.5,649.1,1011.2,50,2,1011.1,167,3,1010.9,575,4,1010.8,827,11,1010.7,1319,11,1011.4,205,2,1011.5,591,6,1011.6,1177,15,1011.7,507,8,1011.8,892,10
317,2025-11-26 12:14:57+05:30,1011.2,91,999.15,6000127,427996.0,375219.0,986.2,1012.2,981.3,986.2,120536250,1084.8,887.6,1102.5,649.1,1011.0,118,1,1010.9,205,2,1010.8,648,13,1010.7,1239,9,1010.6,2234,12,1011.4,281,4,1011.5,1286,15,1011.6,1543,22,1011.7,1112,11,1011.8,728,10
317,2025-11-26 12:14:58+05:30,1011.4,52,999.15,6000127,427996.0,375219.0,986.2,1012.2,981.3,986.2,120536250,1084.8,887.6,1102.5,649.1,1011.0,118,1,1010.9,205,2,1010.8,648,13,1010.7,1239,9,1010.6,2234,12,1011.4,281,4,1011.5,1286,15,1011.6,1543,22,1011.7,1112,11,1011.8,728,10
317,2025-11-26 12:14:58+05:30,1011.4,52,999.15,6000260,429211.0,374989.0,986.2,1012.2,981.3,986.2,120536250,1084.8,887.6,1102.5,649.1,1011.1,29,1,1011.0,18,1,1010.9,609,4,1010.8,1004,15,1010.7,781,10,1011.4,7,2,1011.5,1331,15,1011.6,1394,19,1011.7,1069,9,1011.8,731,10
317,2025-11-26 12:14:59+05:30,1011.0,1,999.15,6000260,429211.0,374989.0,986.2,1012.2,981.3,986.2,120536250,1084.8,887.6,1102.5,649.1,1011.1,29,1,1011.0,18,1,1010.9,609,4,1010.8,1004,15,1010.7,781,10,1011.4,7,2,1011.5,1331,15,1011.6,1394,19,1011.7,1069,9,1011.8,731,10
317,2025-11-26 12:14:59+05:30,1011.0,1,999.15,6000265,428551.0,376237.0,986.2,1012.2,981.3,986.2,120536250,1084.8,887.6,1102.5,649.1,1011.0,17,1,1010.9,205,2,1010.8,350,9,1010.7,617,8,1010.6,2424,13,1011.1,91,1,1011.3,97,1,1011.4,342,7,1011.5,1381,17,1011.6,1733,21
317,2025-11-26 12:15:00+05:30,1011.0,1,999.15,6000265,428551.0,376237.0,986.2,1012.2,981.3,986.2,120536250,1084.8,887.6,1102.5,649.1,1011.0,17,1,1010.9,205,2,1010.8,350,9,1010.7,617,8,1010.6,2424,13,1011.1,91,1,1011.3,97,1,1011.4,342,7,1011.5,1381,17,1011.6,1733,21
317,2025-11-26 12:15:00+05:30,1011.0,1,999.15,6000268,428712.0,376280.0,986.2,1012.2,981.3,986.2,120536250,1084.8,887.6,1102.5,649.1,1011.0,15,1,1010.9,87,1,1010.8,467,10,1010.7,617,8,1010.6,2424,13,1011.1,90,1,1011.3,196,1,1011.4,342,7,1011.5,1381,17,1011.6,1733,21
317,2025-11-26 12:15:01+05:30,1011.1,1,999.15,6000268,428712.0,376280.0,986.2,1012.2,981.3,986.2,120536250,1084.8,887.6,1102.5,649.1,1011.0,15,1,1010.9,87,1,1010.8,467,10,1010.7,617,8,1010.6,2424,13,1011.1,90,1,1011.3,196,1,1011.4,342,7,1011.5,1381,17,1011.6,1733,21
317,2025-11-26 12:15:01+05:30,1011.1,1,999.15,6000285,429263.0,376626.0,986.2,1012.2,981.3,986.2,120536250,1084.8,887.6,1102.5,649.1,1010.8,68,6,1010.7,831,10,1010.6,2350,11,1010.5,7874,19,1010.4,2648,14,1011.1,88,1,1011.3,309,3,1011.4,554,9,1011.5,1386,18,1011.6,1743,22
317,2025-11-26 12:15:02+05:30,1011.1,1,999.15,6000285,431363.0,377036.0,986.2,1012.2,981.3,986.2,120536250,1084.8,887.6,1102.5,649.1,1010.9,203,2,1010.8,486,9,1010.7,740,9,1010.6,2259,11,1010.5,7911,20,1011.0,105,1,1011.1,88,1,1011.3,310,4,1011.4,553,8,1011.5,1268,17
317,2025-11-26 12:15:03+05:30,1011.0,236,999.15,6000285,431363.0,377036.0,986.2,1012.2,981.3,986.2,120536250,1084.8,887.6,1102.5,649.1,1010.9,203,2,1010.8,486,9,1010.7,740,9,1010.6,2259,11,1010.5,7911,20,1011.0,105,1,1011.1,88,1,1011.3,310,4,1011.4,553,8,1011.5,1268,17
317,2025-11-26 12:15:03+05:30,1011.0,236,999.15,6000768,429424.0,376037.0,986.2,1012.2,981.3,986.2,120536250,1084.8,887.6,1102.5,649.1,1011.0,103,1,1010.9,217,2,1010.8,185,7,1010.7,1387,12,1010.6,2235,10,1011.1,88,1,1011.3,103,1,1011.4,356,7,1011.5,1254,15,1011.6,1432,20
317,2025-11-26 12:15:04+05:30,1011.1,64,999.15,6000768,429424.0,376037.0,986.2,1012.2,981.3,986.2,120536250,1084.8,887.6,1102.5,649.1,1011.0,103,1,1010.9,217,2,1010.8,185,7,1010.7,1387,12,1010.6,2235,10,1011.1,88,1,1011.3,103,1,1011.4,356,7,1011.5,1254,15,1011.6,1432,20
317,2025-11-26 12:15:04+05:30,1011.1,64,999.15,6001335,431377.0,377237.0,986.2,1012.2,981.3,986.2,120536250,1084.8,887.6,1102.5,649.1,1010.9,175,2,1010.8,180,6,1010.7,1245,10,1010.6,2218,13,1010.5,7665,16,1011.0,91,1,1011.1,31,1,1011.3,496,5,1011.4,730,9,1011.5,1371,16
317,2025-11-26 12:15:05+05:30,1011.0,3,999.15,6001335,431377.0,377237.0,986.2,1012.2,981.3,986.2,120536250,1084.8,887.6,1102.5,649.1,1010.9,175,2,1010.8,180,6,1010.7,1245,10,1010.6,2218,13,1010.5,7665,16,1011.0,91,1,1011.1,31,1,1011.3,496,5,1011.4,730,9,1011.5,1371,16
317,2025-11-26 12:15:05+05:30,1011.0,10,999.15,6001492,431340.0,377289.0,986.2,1012.2,981.3,986.2,120536250,1084.8,887.6,1102.5,649.1,1010.9,171,2,1010.8,63,5,1010.7,1377,9,1010.6,2235,14,1010.5,8525,18,1011.0,80,1,1011.1,52,1,1011.3,692,6,1011.4,528,8,1011.5,1254,15
317,2025-11-26 12:15:06+05:30,1011.0,10,999.15,6001492,431340.0,377289.0,986.2,1012.2,981.3,986.2,120536250,1084.8,887.6,1102.5,649.1,1010.9,171,2,1010.8,63,5,1010.7,1377,9,1010.6,2235,14,1010.5,8525,18,1011.0,80,1,1011.1,52,1,1011.3,692,6,1011.4,528,8,1011.5,1254,15
317,2025-11-26 12:15:07+05:30,1011.0,10,999.15,6001492,430944.0,379506.0,986.2,1012.2,981.3,986.2,120536250,1084.8,887.6,1102.5,649.1,1010.9,171,2,1010.8,63,5,1010.7,537,6,1010.6,2584,17,1010.5,8525,18,1011.0,201,2,1011.1,52,1,1011.3,692,6,1011.4,538,10,1011.5,3254,16
317,2025-11-26 12:15:08+05:30,1011.0,10,999.16,6001582,430730.0,379075.0,986.2,1012.2,981.3,986.2,120536250,1084.8,887.6,1102.5,649.1,1010.9,171,2,1010.8,242,8,1010.7,693,8,1010.6,2337,14,1010.5,8525,18,1011.0,202,2,1011.1,52,1,1011.3,447,4,1011.4,515,11,1011.5,3254,16
317,2025-11-26 12:15:08+05:30,1011.0,10,999.16,6001582,430730.0,379075.0,986.2,1012.2,981.3,986.2,120536250,1084.8,887.6,1102.5,649.1,1010.9,171,2,1010.8,242,8,1010.7,693,8,1010.6,2337,14,1010.5,8525,18,1011.0,202,2,1011.1,52,1,1011.3,447,4,1011.4,515,11,1011.5,3254,16
317,2025-11-26 12:15:09+05:30,1011.0,10,999.16,6001582,430877.0,379286.0,986.2,1012.2,981.3,986.2,120536250,1084.8,887.6,1102.5,649.1,1010.9,171,2,1010.8,193,7,1010.7,654,7,1010.6,2337,14,1010.5,8525,18,1011.0,202,2,1011.1,52,1,1011.3,643,5,1011.4,564,12,1011.5,3254,16
317,2025-11-26 12:15:09+05:30,1011.0,20,999.16,6001582,430877.0,379286.0,986.2,1012.2,981.3,986.2,120536250,1084.8,887.6,1102.5,649.1,1010.9,171,2,1010.8,193,7,1010.7,654,7,1010.6,2337,14,1010.5,8525,18,1011.0,202,2,1011.1,52,1,1011.3,643,5,1011.4,564,12,1011.5,3254,16
317,2025-11-26 12:15:10+05:30,1010.9,27,999.16,6001998,430272.0,379730.0,986.2,1012.2,981.3,986.2,120536250,1084.8,887.6,1102.5,649.1,1010.8,260,7,1010.7,280,5,1010.6,2503,14,1010.5,8371,18,1010.4,2536,14,1010.9,64,1,1011.0,91,1,1011.1,57,2,1011.2,197,2,1011.3,692,6
317,2025-11-26 12:15:10+05:30,1010.9,15,999.16,6001998,430272.0,379730.0,986.2,1012.2,981.3,986.2,120536250,1084.8,887.6,1102.5,649.1,1010.8,260,7,1010.7,280,5,1010.6,2503,14,1010.5,8371,18,1010.4,2536,14,1010.9,64,1,1011.0,91,1,1011.1,57,2,1011.2,197,2,1011.3,692,6
317,2025-11-26 12:15:11+05:30,1010.9,2,999.16,6002016,431069.0,379586.0,986.2,1012.2,981.3,986.2,120536250,1084.8,887.6,1102.5,649.1,1010.8,279,8,1010.7,163,4,1010.6,2658,16,1010.5,8371,18,1010.4,3286,15,1010.9,50,3,1011.0,91,1,1011.1,57,2,1011.2,197,2,1011.3,692,6
317,2025-11-26 12:15:11+05:30,1010.8,64,999.16,6002016,431069.0,379586.0,986.2,1012.2,981.3,986.2,120536250,1084.8,887.6,1102.5,649.1,1010.8,279,8,1010.7,163,4,1010.6,2658,16,1010.5,8371,18,1010.4,3286,15,1010.9,50,3,1011.0,91,1,1011.1,57,2,1011.2,197,2,1011.3,692,6
317,2025-11-26 12:15:12+05:30,1010.8,64,999.16,6002156,431189.0,379740.0,986.2,1012.2,981.3,986.2,120536250,1084.8,887.6,1102.5,649.1,1010.8,19,1,1010.7,74,2,1010.6,2682,19,1010.5,8421,19,1010.4,3286,15,1010.9,50,3,1011.0,139,2,1011.1,43,2,1011.2,235,3,1011.3,692,6
317,2025-11-26 12:15:12+05:30,1010.8,34,999.16,6002156,431189.0,379740.0,986.2,1012.2,981.3,986.2,120536250,1084.8,887.6,1102.5,649.1,1010.8,19,1,1010.7,74,2,1010.6,2682,19,1010.5,8421,19,1010.4,3286,15,1010.9,50,3,1011.0,139,2,1011.1,43,2,1011.2,235,3,1011.3,692,6
317,2025-11-26 12:15:13+05:30,1010.8,68,999.16,6002344,430794.0,379986.0,986.2,1012.2,981.3,986.2,120536250,1084.8,887.6,1102.5,649.1,1010.8,44,2,1010.7,174,2,1010.6,2342,17,1010.5,8347,18,1010.4,3286,15,1010.9,87,1,1011.0,140,3,1011.1,5,1,1011.2,235,3,1011.3,693,7
317,2025-11-26 12:15:13+05:30,1010.8,68,999.16,6002344,430794.0,379986.0,986.2,1012.2,981.3,986.2,120536250,1084.8,887.6,1102.5,649.1,1010.8,44,2,1010.7,174,2,1010.6,2342,17,1010.5,8347,18,1010.4,3286,15,1010.9,87,1,1011.0,140,3,1011.1,5,1,1011.2,235,3,1011.3,693,7
317,2025-11-26 12:15:14+05:30,1010.9,1,999.16,6002350,430818.0,380062.0,986.2,1012.2,981.3,986.2,120536250,1084.8,887.6,1102.5,649.1,1010.8,55,3,1010.7,70,2,1010.6,2459,18,1010.5,8347,18,1010.4,3286,15,1010.9,84,2,1011.0,190,4,1011.1,5,1,1011.2,235,3,1011.3,693,7
317,2025-11-26 12:15:14+05:30,1010.9,28,999.16,6002350,430818.0,380062.0,986.2,1012.2,981.3,986.2,120536250,1084.8,887.6,1102.5,649.1,1010.8,55,3,1010.7,70,2,1010.6,2459,18,1010.5,8347,18,1010.4,3286,15,1010.9,84,2,1011.0,190,4,1011.1,5,1,1011.2,235,3,1011.3,693,7
317,2025-11-26 12:15:15+05:30,1010.8,2,999.16,6002524,431539.0,380006.0,986.2,1012.2,981.3,986.2,120536250,1084.8,887.6,1102.5,649.1,1010.7,567,5,1010.6,2166,15,1010.5,8325,17,1010.4,4049,16,1010.3,2413,11,1010.8,1,1,1010.9,51,1,1011.0,142,3,1011.1,5,1,1011.2,284,4
317,2025-11-26 12:15:15+05:30,1010.8,2,999.16,6002524,431539.0,380006.0,986.2,1012.2,981.3,986.2,120536250,1084.8,887.6,1102.5,649.1,1010.7,567,5,1010.6,2166,15,1010.5,8325,17,1010.4,4049,16,1010.3,2413,11,1010.8,1,1,1010.9,51,1,1011.0,142,3,1011.1,5,1,1011.2,284,4
317,2025-11-26 12:15:16+05:30,1010.8,1,999.16,6002525,431604.0,379858.0,986.2,1012.2,981.3,986.2,120536250,1084.8,887.6,1102.5,649.1,1010.7,567,5,1010.6,2166,15,1010.5,8325,17,1010.4,4049,16,1010.3,2413,11,1010.8,91,1,1010.9,51,1,1011.0,142,3,1011.1,5,1,1011.2,235,3
317,2025-11-26 12:15:16+05:30,1010.8,1,999.16,6002525,431604.0,379858.0,986.2,1012.2,981.3,986.2,120536250,1084.8,887.6,1102.5,649.1,1010.7,567,5,1010.6,2166,15,1010.5,8325,17,1010.4,4049,16,1010.3,2413,11,1010.8,91,1,1010.9,51,1,1011.0,142,3,1011.1,5,1,1011.2,235,3
317,2025-11-26 12:15:17+05:30,1010.8,1,999.16,6002525,431604.0,380068.0,986.2,1012.2,981.3,986.2,120536250,1084.8,887.6,1102.5,649.1,1010.7,567,5,1010.6,2166,15,1010.5,8325,17,1010.4,4049,16,1010.3,2413,11,1010.8,91,1,1010.9,51,1,1011.0,341,4,1011.1,5,1,1011.2,235,3
317,2025-11-26 12:15:18+05:30,1010.8,1,999.16,6002525,431704.0,380082.0,986.2,1012.2,981.3,986.2,120536250,1084.8,887.6,1102.5,649.1,1010.7,450,4,1010.6,2266,16,1010.5,8442,18,1010.4,4049,16,1010.3,2413,11,1010.8,102,3,1010.9,51,1,1011.0,341,4,1011.1,5,1,1011.2,235,3
317,2025-11-26 12:15:19+05:30,1010.7,30,999.16,6002625,431613.0,380148.0,986.2,1012.2,981.3,986.2,120536250,1084.8,887.6,1102.5,649.1,1010.7,350,2,1010.6,2231,15,1010.5,8442,18,1010.4,4090,17,1010.3,2413,11,1010.8,102,3,1010.9,51,1,1011.0,341,4,1011.1,5,1,1011.2,235,3
317,2025-11-26 12:15:19+05:30,1010.7,30,999.16,6002625,431613.0,380148.0,986.2,1012.2,981.3,986.2,120536250,1084.8,887.6,1102.5,649.1,1010.7,350,2,1010.6,2231,15,1010.5,8442,18,1010.4,4090,17,1010.3,2413,11,1010.8,102,3,1010.9,51,1,1011.0,341,4,1011.1,5,1,1011.2,235,3
317,2025-11-26 12:15:20+05:30,1010.8,104,999.16,6002625,431613.0,380148.0,986.2,1012.2,981.3,986.2,120536250,1084.8,887.6,1102.5,649.1,1010.7,350,2,1010.6,2231,15,1010.5,8442,18,1010.4,4090,17,1010.3,2413,11,1010.8,102,3,1010.9,51,1,1011.0,341,4,1011.1,5,1,1011.2,235,3
317,2025-11-26 12:15:20+05:30,1010.8,104,999.16,6003354,424488.0,382767.0,986.2,1012.2,981.3,986.2,120536250,1084.8,887.6,1102.5,649.1,1010.6,1479,3,1010.5,5845,6,1010.4,1526,8,1010.3,841,7,1010.2,847,11,1010.9,51,1,1011.0,1550,7,1011.1,493,6,1011.2,805,10,1011.3,715,10
317,2025-11-26 12:15:21+05:30,1010.9,1,999.16,6003354,424488.0,382767.0,986.2,1012.2,981.3,986.2,120536250,1084.8,887.6,1102.5,649.1,1010.6,1479,3,1010.5,5845,6,1010.4,1526,8,1010.3,841,7,1010.2,847,11,1010.9,51,1,1011.0,1550,7,1011.1,493,6,1011.2,805,10,1011.3,715,10
317,2025-11-26 12:15:21+05:30,1010.9,1,999.16,6003455,424575.0,382279.0,986.2,1012.2,981.3,986.2,120536250,1084.8,887.6,1102.5,649.1,1010.7,1,1,1010.6,1479,3,1010.5,6213,10,1010.4,1297,6,1010.3,992,9,1010.9,50,1,1011.0,1740,11,1011.1,649,7,1011.2,627,8,1011.3,602,10
317,2025-11-26 12:15:22+05:30,1010.9,1,999.16,6003455,424575.0,382279.0,986.2,1012.2,981.3,986.2,120536250,1084.8,887.6,1102.5,649.1,1010.7,1,1,1010.6,1479,3,1010.5,6213,10,1010.4,1297,6,1010.3,992,9,1010.9,50,1,1011.0,1740,11,1011.1,649,7,1011.2,627,8,1011.3,602,10
317,2025-11-26 12:15:22+05:30,1010.9,1,999.16,6003456,424654.0,381977.0,986.2,1012.2,981.3,986.2,120536250,1084.8,887.6,1102.5,649.1,1010.6,1479,3,1010.5,6205,9,1010.4,1297,6,1010.3,1000,10,1010.2,851,11,1010.9,49,1,1011.0,1740,11,1011.1,698,8,1011.2,627,8,1011.3,601,9
317,2025-11-26 12:15:23+05:30,1010.9,4,999.16,6003456,424654.0,381977.0,986.2,1012.2,981.3,986.2,120536250,1084.8,887.6,1102.5,649.1,1010.6,1479,3,1010.5,6205,9,1010.4,1297,6,1010.3,1000,10,1010.2,851,11,1010.9,49,1,1011.0,1740,11,1011.1,698,8,1011.2,627,8,1011.3,601,9
317,2025-11-26 12:15:23+05:30,1010.6,1,999.16,6003465,425009.0,382413.0,986.2,1012.2,981.3,986.2,120536250,1084.8,887.6,1102.5,649.1,1010.6,1478,3,1010.5,6009,8,1010.4,1297,6,1010.3,1000,10,1010.2,851,11,1010.9,359,3,1011.0,1859,13,1011.1,584,7,1011.2,743,11,1011.3,601,9
317,2025-11-26 12:15:24+05:30,1010.6,1,999.16,6003465,425009.0,382413.0,986.2,1012.2,981.3,986.2,120536250,1084.8,887.6,1102.5,649.1,1010.6,1478,3,1010.5,6009,8,1010.4,1297,6,1010.3,1000,10,1010.2,851,11,1010.9,359,3,1011.0,1859,13,1011.1,584,7,1011.2,743,11,1011.3,601,9
317,2025-11-26 12:15:24+05:30,1010.6,2,999.16,6003467,425011.0,382376.0,986.2,1012.2,981.3,986.2,120536250,1084.8,887.6,1102.5,649.1,1010.6,1476,3,1010.5,5959,7,1010.4,1256,5,1010.3,960,9,1010.2,851,11,1010.9,323,2,1011.0,1744,12,1011.1,698,8,1011.2,742,10,1011.3,602,10
317,2025-11-26 12:15:25+05:30,1010.9,11,999.16,6003467,425011.0,382376.0,986.2,1012.2,981.3,986.2,120536250,1084.8,887.6,1102.5,649.1,1010.6,1476,3,1010.5,5959,7,1010.4,1256,5,1010.3,960,9,1010.2,851,11,1010.9,323,2,1011.0,1744,12,1011.1,698,8,1011.2,742,10,1011.3,602,10
317,2025-11-26 12:15:25+05:30,1010.9,11,999.16,6003531,424889.0,383045.0,986.2,1012.2,981.3,986.2,120536250,1084.8,887.6,1102.5,649.1,1010.6,1448,3,1010.5,5795,5,1010.4,1322,5,1010.3,846,8,1010.2,930,16,1010.9,617,7,1011.0,1908,12,1011.1,756,10,1011.2,604,7,1011.3,714,11
317,2025-11-26 12:15:26+05:30,1010.9,2,999.16,6003531,424889.0,383045.0,986.2,1012.2,981.3,986.2,120536250,1084.8,887.6,1102.5,649.1,1010.6,1448,3,1010.5,5795,5,1010.4,1322,5,1010.3,846,8,1010.2,930,16,1010.9,617,7,1011.0,1908,12,1011.1,756,10,1011.2,604,7,1011.3,714,11
317,2025-11-26 12:15:26+05:30,1010.9,2,999.16,6003956,424971.0,383077.0,986.2,1012.2,981.3,986.2,120536250,1084.8,887.6,1102.5,649.1,1010.6,1448,3,1010.5,5847,7,1010.4,1517,8,1010.3,846,8,1010.2,917,15,1010.9,164,3,1011.0,2420,11,1011.1,642,9,1011.2,678,7,1011.3,667,8
317,2025-11-26 12:15:27+05:30,1010.9,2,999.16,6003956,426892.0,384913.0,986.2,1012.2,981.3,986.2,120536250,1084.8,887.6,1102.5,649.1,1010.6,1632,4,1010.5,6067,9,1010.4,1580,8,1010.3,871,9,1010.2,917,15,1010.7,50,1,1010.9,51,1,1011.0,2432,12,1011.1,663,10,1011.2,670,7
317,2025-11-26 12:15:28+05:30,1010.6,24,999.16,6004330,421850.0,385805.0,986.2,1012.2,981.3,986.2,120536250,1084.8,887.6,1102.5,649.1,1010.6,1074,3,1010.5,5800,6,1010.4,1235,5,1010.3,841,8,1010.2,917,15,1010.7,178,2,1010.8,47,1,1010.9,433,3,1011.0,2440,13,1011.1,618,9
317,2025-11-26 12:15:29+05:30,1010.6,24,999.16,6004330,421850.0,385805.0,986.2,1012.2,981.3,986.2,120536250,1084.8,887.6,1102.5,649.1,1010.6,1074,3,1010.5,5800,6,1010.4,1235,5,1010.3,841,8,1010.2,917,15,1010.7,178,2,1010.8,47,1,1010.9,433,3,1011.0,2440,13,1011.1,618,9
317,2025-11-26 12:15:29+05:30,1010.7,122,999.16,6004979,425873.0,385551.0,986.2,1012.2,981.3,986.2,120536250,1084.8,887.6,1102.5,649.1,1010.6,738,4,1010.5,5800,6,1010.4,1431,6,1010.3,923,8,1010.2,1031,16,1010.7,78,1,1010.8,47,1,1010.9,244,3,1011.0,2350,12,1011.1,618,9
317,2025-11-26 12:15:30+05:30,1010.7,78,999.16,6004979,425873.0,385551.0,986.2,1012.2,981.3,986.2,120536250,1084.8,887.6,1102.5,649.1,1010.6,738,4,1010.5,5800,6,1010.4,1431,6,1010.3,923,8,1010.2,1031,16,1010.7,78,1,1010.8,47,1,1010.9,244,3,1011.0,2350,12,1011.1,618,9
317,2025-11-26 12:15:30+05:30,1010.7,7,999.16,6005065,425293.0,385668.0,986.2,1012.2,981.3,986.2,120536250,1084.8,887.6,1102.5,649.1,1010.7,84,4,1010.6,777,5,1010.5,5834,6,1010.4,1735,10,1010.3,846,7,1010.8,47,1,1010.9,103,3,1011.0,2514,13,1011.1,618,9,1011.2,670,7
317,2025-11-26 12:15:31+05:30,1010.8,1,999.16,6005065,425293.0,385668.0,986.2,1012.2,981.3,986.2,120536250,1084.8,887.6,1102.5,649.1,1010.7,84,4,1010.6,777,5,1010.5,5834,6,1010.4,1735,10,1010.3,846,7,1010.8,47,1,1010.9,103,3,1011.0,2514,13,1011.1,618,9,1011.2,670,7
317,2025-11-26 12:15:31+05:30,1010.8,1,999.16,6005066,425316.0,385769.0,986.2,1012.2,981.3,986.2,120536250,1084.8,887.6,1102.5,649.1,1010.7,97,5,1010.6,764,4,1010.5,5834,6,1010.4,1735,10,1010.3,846,7,1010.8,46,1,1010.9,103,3,1011.0,2514,13,1011.1,618,9,1011.2,669,6
317,2025-11-26 12:15:32+05:30,1010.8,1,999.16,6005066,425316.0,385769.0,986.2,1012.2,981.3,986.2,120536250,1084.8,887.6,1102.5,649.1,1010.7,97,5,1010.6,764,4,1010.5,5834,6,1010.4,1735,10,1010.3,846,7,1010.8,46,1,1010.9,103,3,1011.0,2514,13,1011.1,618,9,1011.2,669,6
317,2025-11-26 12:15:32+05:30,1010.8,5,999.16,6005076,424815.0,385874.0,986.2,1012.2,981.3,986.2,120536250,1084.8,887.6,1102.5,649.1,1010.7,96,4,1010.6,764,4,1010.5,5334,5,1010.4,1735,10,1010.3,846,7,1010.8,106,2,1010.9,105,4,1011.0,2514,13,1011.1,618,9,1011.2,670,7
317,2025-11-26 12:15:33+05:30,1010.8,8,999.16,6005076,424815.0,385874.0,986.2,1012.2,981.3,986.2,120536250,1084.8,887.6,1102.5,649.1,1010.7,96,4,1010.6,764,4,1010.5,5334,5,1010.4,1735,10,1010.3,846,7,1010.8,106,2,1010.9,105,4,1011.0,2514,13,1011.1,618,9,1011.2,670,7
317,2025-11-26 12:15:33+05:30,1010.8,8,999.16,6005120,424771.0,385835.0,986.2,1012.2,981.3,986.2,120536250,1084.8,887.6,1102.5,649.1,1010.7,52,2,1010.6,764,4,1010.5,5334,5,1010.4,1735,10,1010.3,881,8,1010.8,109,2,1010.9,70,3,1011.0,2514,13,1011.1,618,9,1011.2,670,7
317,2025-11-26 12:15:34+05:30,1010.8,12,999.16,6005120,424771.0,385835.0,986.2,1012.2,981.3,986.2,120536250,1084.8,887.6,1102.5,649.1,1010.7,52,2,1010.6,764,4,1010.5,5334,5,1010.4,1735,10,1010.3,881,8,1010.8,109,2,1010.9,70,3,1011.0,2514,13,1011.1,618,9,1011.2,670,7
317,2025-11-26 12:15:34+05:30,1010.8,54,999.16,6005354,424442.0,385658.0,986.2,1012.2,981.3,986.2,120536250,1084.8,887.6,1102.5,649.1,1010.7,52,2,1010.6,764,4,1010.5,5339,6,1010.4,1489,8,1010.3,1127,10,1010.8,47,1,1010.9,85,4,1011.0,2411,12,1011.1,741,10,1011.2,670,7
317,2025-11-26 12:15:35+05:30,1010.8,2,999.16,6005354,424442.0,385658.0,986.2,1012.2,981.3,986.2,120536250,1084.8,887.6,1102.5,649.1,1010.7,52,2,1010.6,764,4,1010.5,5339,6,1010.4,1489,8,1010.3,1127,10,1010.8,47,1,1010.9,85,4,1011.0,2411,12,1011.1,741,10,1011.2,670,7
317,2025-11-26 12:15:35+05:30,1010.8,2,999.16,6005356,424382.0,385803.0,986.2,1012.2,981.3,986.2,120536250,1084.8,887.6,1102.5,649.1,1010.7,52,2,1010.6,764,4,1010.5,5334,5,1010.4,1489,8,1010.3,1127,10,1010.8,45,1,1010.9,86,5,1011.0,2411,12,1011.1,741,10,1011.2,670,7
317,2025-11-26 12:15:36+05:30,1010.7,1,999.16,6005356,424382.0,385803.0,986.2,1012.2,981.3,986.2,120536250,1084.8,887.6,1102.5,649.1,1010.7,52,2,1010.6,764,4,1010.5,5334,5,1010.4,1489,8,1010.3,1127,10,1010.8,45,1,1010.9,86,5,1011.0,2411,12,1011.1,741,10,1011.2,670,7
317,2025-11-26 12:15:36+05:30,1010.7,1,999.16,6005359,424018.0,385355.0,986.2,1012.2,981.3,986.2,120536250,1084.8,887.6,1102.5,649.1,1010.7,51,2,1010.6,764,4,1010.5,5339,6,1010.4,1489,8,1010.3,1127,10,1010.9,86,5,1011.0,2411,12,1011.1,889,11,1011.2,577,7,1011.3,675,9
317,2025-11-26 12:15:37+05:30,1010.7,15,999.16,6005374,424003.0,385355.0,986.2,1012.2,981.3,986.2,120536250,1084.8,887.6,1102.5,649.1,1010.7,36,2,1010.6,764,4,1010.5,5339,6,1010.4,1489,8,1010.3,1127,10,1010.9,86,5,1011.0,2398,11,1011.1,902,12,1011.2,577,7,1011.3,675,9
317,2025-11-26 12:15:38+05:30,1010.9,1,999.16,6005374,424003.0,385355.0,986.2,1012.2,981.3,986.2,120536250,1084.8,887.6,1102.5,649.1,1010.7,36,2,1010.6,764,4,1010.5,5339,6,1010.4,1489,8,1010.3,1127,10,1010.9,86,5,1011.0,2398,11,1011.1,902,12,1011.2,577,7,1011.3,675,9
317,2025-11-26 12:15:38+05:30,1010.8,1,999.16,6005441,424137.0,385410.0,986.2,1012.2,981.3,986.2,120536250,1084.8,887.6,1102.5,649.1,1010.8,33,1,1010.7,36,2,1010.6,764,4,1010.5,5454,7,1010.4,1564,10,1010.9,33,4,1011.0,2302,9,1011.1,851,11,1011.2,577,7,1011.3,667,8
317,2025-11-26 12:15:39+05:30,1010.9,1,999.16,6005441,424137.0,385410.0,986.2,1012.2,981.3,986.2,120536250,1084.8,887.6,1102.5,649.1,1010.8,33,1,1010.7,36,2,1010.6,764,4,1010.5,5454,7,1010.4,1564,10,1010.9,33,4,1011.0,2302,9,1011.1,851,11,1011.2,577,7,1011.3,667,8
317,2025-11-26 12:15:39+05:30,1010.8,13,999.16,6005488,424527.0,385802.0,986.2,1012.2,981.3,986.2,120536250,1084.8,887.6,1102.5,649.1,1010.7,23,1,1010.6,764,4,1010.5,5408,6,1010.4,1326,6,1010.3,1269,11,1010.8,10,1,1010.9,107,6,1011.0,2442,12,1011.1,926,13,1011.2,585,8
317,2025-11-26 12:15:40+05:30,1010.8,39,999.16,6005488,424527.0,385802.0,986.2,1012.2,981.3,986.2,120536250,1084.8,887.6,1102.5,649.1,1010.7,23,1,1010.6,764,4,1010.5,5408,6,1010.4,1326,6,1010.3,1269,11,1010.8,10,1,1010.9,107,6,1011.0,2442,12,1011.1,926,13,1011.2,585,8
317,2025-11-26 12:15:40+05:30,1010.8,2,999.16,6005530,424491.0,385646.0,986.2,1012.2,981.3,986.2,120536250,1084.8,887.6,1102.5,649.1,1010.7,23,1,1010.6,725,3,1010.5,5300,5,1010.4,1599,9,1010.3,1129,14,1010.8,36,2,1010.9,106,6,1011.0,2336,10,1011.1,755,11,1011.2,690,8
317,2025-11-26 12:15:41+05:30,1010.7,23,999.16,6005530,424491.0,385646.0,986.2,1012.2,981.3,986.2,120536250,1084.8,887.6,1102.5,649.1,1010.7,23,1,1010.6,725,3,1010.5,5300,5,1010.4,1599,9,1010.3,1129,14,1010.8,36,2,1010.9,106,6,1011.0,2336,10,1011.1,755,11,1011.2,690,8
317,2025-11-26 12:15:41+05:30,1010.7,23,999.16,6005553,425080.0,386330.0,986.2,1012.2,981.3,986.2,120536250,1084.8,887.6,1102.5,649.1,1010.6,725,3,1010.5,5295,4,1010.4,1554,8,1010.3,1020,9,1010.2,856,10,1010.7,47,1,1010.8,36,2,1010.9,307,7,1011.0,2403,12,1011.1,620,10
317,2025-11-26 12:15:42+05:30,1010.6,100,999.16,6005553,425080.0,386330.0,986.2,1012.2,981.3,986.2,120536250,1084.8,887.6,1102.5,649.1,1010.6,725,3,1010.5,5295,4,1010.4,1554,8,1010.3,1020,9,1010.2,856,10,1010.7,47,1,1010.8,36,2,1010.9,307,7,1011.0,2403,12,1011.1,620,10
317,2025-11-26 12:15:43+05:30,1010.6,50,999.16,6005712,425113.0,386568.0,986.2,1012.2,981.3,986.2,120536250,1084.8,887.6,1102.5,649.1,1010.6,591,4,1010.5,4999,3,1010.4,1711,10,1010.3,941,9,1010.2,961,17,1010.7,38,1,1010.8,36,2,1010.9,568,9,1011.0,2463,12,1011.1,620,10
317,2025-11-26 12:15:43+05:30,1010.6,3,999.16,6005712,425113.0,386568.0,986.2,1012.2,981.3,986.2,120536250,1084.8,887.6,1102.5,649.1,1010.6,591,4,1010.5,4999,3,1010.4,1711,10,1010.3,941,9,1010.2,961,17,1010.7,38,1,1010.8,36,2,1010.9,568,9,1011.0,2463,12,1011.1,620,10
317,2025-11-26 12:15:44+05:30,1010.7,3,999.16,6005718,425110.0,386631.0,986.2,1012.2,981.3,986.2,120536250,1084.8,887.6,1102.5,649.1,1010.6,588,4,1010.5,4999,3,1010.4,1590,8,1010.3,1054,10,1010.2,969,18,1010.7,35,1,1010.8,71,3,1010.9,528,8,1011.0,2463,12,1011.1,621,11
317,2025-11-26 12:15:44+05:30,1010.7,3,999.16,6005718,425110.0,386631.0,986.2,1012.2,981.3,986.2,120536250,1084.8,887.6,1102.5,649.1,1010.6,588,4,1010.5,4999,3,1010.4,1590,8,1010.3,1054,10,1010.2,969,18,1010.7,35,1,1010.8,71,3,1010.9,528,8,1011.0,2463,12,1011.1,621,11
317,2025-11-26 12:15:45+05:30,1010.6,135,999.16,6005853,424937.0,386678.0,986.2,1012.2,981.3,986.2,120536250,1084.8,887.6,1102.5,649.1,1010.6,466,5,1010.5,4999,3,1010.4,1546,7,1010.3,941,9,1010.2,1082,19,1010.7,68,3,1010.8,82,3,1010.9,641,9,1011.0,2463,12,1011.1,621,11
317,2025-11-26 12:15:45+05:30,1010.7,2,999.16,6005853,424937.0,386678.0,986.2,1012.2,981.3,986.2,120536250,1084.8,887.6,1102.5,649.1,1010.6,466,5,1010.5,4999,3,1010.4,1546,7,1010.3,941,9,1010.2,1082,19,1010.7,68,3,1010.8,82,3,1010.9,641,9,1011.0,2463,12,1011.1,621,11
317,2025-11-26 12:15:46+05:30,1010.7,1,999.16,6005856,424149.0,387350.0,986.2,1012.2,981.3,986.2,120536250,1084.8,887.6,1102.5,649.1,1010.6,466,5,1010.5,4999,3,1010.4,530,4,1010.3,1282,12,1010.2,969,18,1010.7,73,3,1010.8,50,2,1010.9,495,7,1011.0,2485,12,1011.1,613,10
317,2025-11-26 12:15:46+05:30,1010.7,1,999.16,6005856,424149.0,387350.0,986.2,1012.2,981.3,986.2,120536250,1084.8,887.6,1102.5,649.1,1010.6,466,5,1010.5,4999,3,1010.4,530,4,1010.3,1282,12,1010.2,969,18,1010.7,73,3,1010.8,50,2,1010.9,495,7,1011.0,2485,12,1011.1,613,10
317,2025-11-26 12:15:47+05:30,1010.7,1,999.16,6005856,424149.0,387350.0,986.2,1012.2,981.3,986.2,120536250,1084.8,887.6,1102.5,649.1,1010.6,466,5,1010.5,4999,3,1010.4,530,4,1010.3,1282,12,1010.2,969,18,1010.7,73,3,1010.8,50,2,1010.9,495,7,1011.0,2485,12,1011.1,613,10
317,2025-11-26 12:15:47+05:30,1010.6,1,999.16,6005856,424149.0,387350.0,986.2,1012.2,981.3,986.2,120536250,1084.8,887.6,1102.5,649.1,1010.6,466,5,1010.5,4999,3,1010.4,530,4,1010.3,1282,12,1010.2,969,18,1010.7,73,3,1010.8,50,2,1010.9,495,7,1011.0,2485,12,1011.1,613,10
317,2025-11-26 12:15:48+05:30,1010.6,49,999.16,6005906,422954.0,388054.0,986.2,1012.2,981.3,986.2,120536250,1084.8,887.6,1102.5,649.1,1010.6,416,5,1010.5,4999,3,1010.4,48,1,1010.3,757,8,1010.2,958,13,1010.7,105,4,1010.8,119,4,1010.9,987,12,1011.0,2576,13,1011.1,620,11
317,2025-11-26 12:15:48+05:30,1010.6,49,999.16,6005906,422954.0,388054.0,986.2,1012.2,981.3,986.2,120536250,1084.8,887.6,1102.5,649.1,1010.6,416,5,1010.5,4999,3,1010.4,48,1,1010.3,757,8,1010.2,958,13,1010.7,105,4,1010.8,119,4,1010.9,987,12,1011.0,2576,13,1011.1,620,11
317,2025-11-26 12:15:49+05:30,1010.8,1,999.16,6005980,420956.0,387208.0,986.2,1012.2,981.3,986.2,120536250,1084.8,887.6,1102.5,649.1,1010.6,416,5,1010.5,4999,3,1010.4,578,7,1010.3,881,9,1010.2,933,16,1010.8,86,3,1010.9,401,7,1011.0,2516,11,1011.1,600,9,1011.2,984,9
317,2025-11-26 12:15:49+05:30,1010.8,1,999.16,6005980,420956.0,387208.0,986.2,1012.2,981.3,986.2,120536250,1084.8,887.6,1102.5,649.1,1010.6,416,5,1010.5,4999,3,1010.4,578,7,1010.3,881,9,1010.2,933,16,1010.8,86,3,1010.9,401,7,1011.0,2516,11,1011.1,600,9,1011.2,984,9
317,2025-11-26 12:15:50+05:30,1010.7,1,999.16,6005981,423289.0,387333.0,986.2,1012.2,981.3,986.2,120536250,1084.8,887.6,1102.5,649.1,1010.6,416,5,1010.5,4999,3,1010.4,591,8,1010.3,881,9,1010.2,933,16,1010.7,10,1,1010.8,86,3,1010.9,402,8,1011.0,2548,12,1011.1,664,13
317,2025-11-26 12:15:50+05:30,1010.7,1,999.16,6005981,423289.0,387333.0,986.2,1012.2,981.3,986.2,120536250,1084.8,887.6,1102.5,649.1,1010.6,416,5,1010.5,4999,3,1010.4,591,8,1010.3,881,9,1010.2,933,16,1010.7,10,1,1010.8,86,3,1010.9,402,8,1011.0,2548,12,1011.1,664,13
317,2025-11-26 12:15:51+05:30,1010.7,100,999.16,6006182,423243.0,387685.0,986.2,1012.2,981.3,986.2,120536250,1084.8,887.6,1102.5,649.1,1010.6,316,5,1010.5,4999,3,1010.4,61,2,1010.3,1148,11,1010.2,933,16,1010.7,5,1,1010.8,118,4,1010.9,630,10,1011.0,2548,12,1011.1,664,13
317,2025-11-26 12:15:51+05:30,1010.7,100,999.16,6006182,423243.0,387685.0,986.2,1012.2,981.3,986.2,120536250,1084.8,887.6,1102.5,649.1,1010.6,316,5,1010.5,4999,3,1010.4,61,2,1010.3,1148,11,1010.2,933,16,1010.7,5,1,1010.8,118,4,1010.9,630,10,1011.0,2548,12,1011.1,664,13
317,2025-11-26 12:15:52+05:30,1010.6,3,999.16,6006185,423240.0,387695.0,986.2,1012.2,981.3,986.2,120536250,1084.8,887.6,1102.5,649.1,1010.6,313,5,1010.5,4999,3,1010.4,61,2,1010.3,1148,11,1010.2,933,16,1010.7,5,1,1010.8,118,4,1010.9,630,10,1011.0,2558,13,1011.1,664,13
317,2025-11-26 12:15:52+05:30,1010.6,3,999.16,6006185,423240.0,387695.0,986.2,1012.2,981.3,986.2,120536250,1084.8,887.6,1102.5,649.1,1010.6,313,5,1010.5,4999,3,1010.4,61,2,1010.3,1148,11,1010.2,933,16,1010.7,5,1,1010.8,118,4,1010.9,630,10,1011.0,2558,13,1011.1,664,13
317,2025-11-26 12:15:53+05:30,1010.7,1,999.16,6006200,422731.0,387606.0,986.2,1012.2,981.3,986.2,120536250,1084.8,887.6,1102.5,649.1,1010.7,1,1,1010.6,303,5,1010.5,4999,3,1010.4,284,4,1010.3,920,9,1010.8,118,4,1010.9,629,9,1011.0,2768,15,1011.1,664,13,1011.2,807,12
317,2025-11-26 12:15:53+05:30,1010.7,1,999.16,6006200,422731.0,387606.0,986.2,1012.2,981.3,986.2,120536250,1084.8,887.6,1102.5,649.1,1010.7,1,1,1010.6,303,5,1010.5,4999,3,1010.4,284,4,1010.3,920,9,1010.8,118,4,1010.9,629,9,1011.0,2768,15,1011.1,664,13,1011.2,807,12
317,2025-11-26 12:15:54+05:30,1010.8,2,999.16,6006565,422528.0,386884.0,986.2,1012.2,981.3,986.2,120536250,1084.8,887.6,1102.5,649.1,1010.7,2,2,1010.6,290,4,1010.5,5004,4,1010.4,558,7,1010.3,846,9,1010.8,7,1,1010.9,232,5,1011.0,2401,12,1011.1,664,13,1011.2,2391,11
317,2025-11-26 12:15:54+05:30,1010.8,2,999.16,6006565,422528.0,386884.0,986.2,1012.2,981.3,986.2,120536250,1084.8,887.6,1102.5,649.1,1010.7,2,2,1010.6,290,4,1010.5,5004,4,1010.4,558,7,1010.3,846,9,1010.8,7,1,1010.9,232,5,1011.0,2401,12,1011.1,664,13,1011.2,2391,11
317,2025-11-26 12:15:55+05:30,1010.9,4,999.17,6006808,422141.0,386975.0,986.2,1012.2,981.3,986.2,120536250,1084.8,887.6,1102.5,649.1,1010.8,1,1,1010.7,2,2,1010.6,290,4,1010.5,5110,5,1010.4,634,7,1010.9,492,7,1011.0,2726,15,1011.1,664,13,1011.2,2175,9,1011.3,964,8
317,2025-11-26 12:15:55+05:30,1010.9,12,999.17,6006808,422141.0,386975.0,986.2,1012.2,981.3,986.2,120536250,1084.8,887.6,1102.5,649.1,1010.8,1,1,1010.7,2,2,1010.6,290,4,1010.5,5110,5,1010.4,634,7,1010.9,492,7,1011.0,2726,15,1011.1,664,13,1011.2,2175,9,1011.3,964,8
317,2025-11-26 12:15:56+05:30,1010.9,3,999.17,6006862,422209.0,386853.0,986.2,1012.2,981.3,986.2,120536250,1084.8,887.6,1102.5,649.1,1010.7,1,1,1010.6,290,4,1010.5,5110,5,1010.4,634,7,1010.3,1117,11,1010.9,370,6,1011.0,2516,13,1011.1,874,15,1011.2,2175,9,1011.3,673,8
317,2025-11-26 12:15:56+05:30,1010.9,3,999.17,6006862,422209.0,386853.0,986.2,1012.2,981.3,986.2,120536250,1084.8,887.6,1102.5,649.1,1010.7,1,1,1010.6,290,4,1010.5,5110,5,1010.4,634,7,1010.3,1117,11,1010.9,370,6,1011.0,2516,13,1011.1,874,15,1011.2,2175,9,1011.3,673,8
317,2025-11-26 12:15:57+05:30,1010.9,1,999.17,6006900,422069.0,386984.0,986.2,1012.2,981.3,986.2,120536250,1084.8,887.6,1102.5,649.1,1010.6,254,4,1010.5,5004,4,1010.4,634,7,1010.3,1117,11,1010.2,944,15,1010.9,338,5,1011.0,2542,14,1011.1,874,15,1011.2,2283,10,1011.3,971,9
317,2025-11-26 12:15:57+05:30,1010.9,1,999.17,6006900,422069.0,386984.0,986.2,1012.2,981.3,986.2,120536250,1084.8,887.6,1102.5,649.1,1010.6,254,4,1010.5,5004,4,1010.4,634,7,1010.3,1117,11,1010.2,944,15,1010.9,338,5,1011.0,2542,14,1011.1,874,15,1011.2,2283,10,1011.3,971,9
317,2025-11-26 12:15:58+05:30,1010.6,1,999.17,6006901,422366.0,386976.0,986.2,1012.2,981.3,986.2,120536250,1084.8,887.6,1102.5,649.1,1010.6,265,5,1010.5,5004,4,1010.4,844,9,1010.3,1117,11,1010.2,944,15,1010.9,339,6,1011.0,2516,13,1011.1,769,14,1011.2,2388,11,1011.3,971,9
317,2025-11-26 12:15:58+05:30,1010.6,1,999.17,6006901,422366.0,386976.0,986.2,1012.2,981.3,986.2,120536250,1084.8,887.6,1102.5,649.1,1010.6,265,5,1010.5,5004,4,1010.4,844,9,1010.3,1117,11,1010.2,944,15,1010.9,339,6,1011.0,2516,13,1011.1,769,14,1011.2,2388,11,1011.3,971,9
317,2025-11-26 12:15:59+05:30,1010.9,1,999.17,6006902,422269.0,386974.0,986.2,1012.2,981.3,986.2,120536250,1084.8,887.6,1102.5,649.1,1010.6,265,5,1010.5,5004,4,1010.4,844,9,1010.3,1117,11,1010.2,944,15,1010.9,338,6,1011.0,2516,13,1011.1,769,14,1011.2,2388,11,1011.3,971,9
317,2025-11-26 12:15:59+05:30,1010.9,1,999.17,6006902,422269.0,386974.0,986.2,1012.2,981.3,986.2,120536250,1084.8,887.6,1102.5,649.1,1010.6,265,5,1010.5,5004,4,1010.4,844,9,1010.3,1117,11,1010.2,944,15,1010.9,338,6,1011.0,2516,13,1011.1,769,14,1011.2,2388,11,1011.3,971,9
317,2025-11-26 12:16:00+05:30,1010.7,1,999.17,6006903,423605.0,387317.0,986.2,1012.2,981.3,986.2,120536250,1084.8,887.6,1102.5,649.1,1010.6,278,6,1010.5,5105,6,1010.4,619,7,1010.3,992,9,1010.2,907,14,1010.7,18,1,1010.9,338,6,1011.0,2474,12,1011.1,664,13,1011.2,2379,11
317,2025-11-26 12:16:00+05:30,1010.7,1,999.17,6006903,423605.0,387317.0,986.2,1012.2,981.3,986.2,120536250,1084.8,887.6,1102.5,649.1,1010.6,278,6,1010.5,5105,6,1010.4,619,7,1010.3,992,9,1010.2,907,14,1010.7,18,1,1010.9,338,6,1011.0,2474,12,1011.1,664,13,1011.2,2379,11
317,2025-11-26 12:16:01+05:30,1010.6,39,999.17,6007170,423700.0,387217.0,986.2,1012.2,981.3,986.2,120536250,1084.8,887.6,1102.5,649.1,1010.6,310,6,1010.5,5213,7,1010.4,812,9,1010.3,1004,9,1010.2,900,13,1010.7,19,1,1010.9,412,5,1011.0,1259,10,1011.1,688,16,1011.2,2283,10
317,2025-11-26 12:16:01+05:30,1010.6,39,999.17,6007170,423700.0,387217.0,986.2,1012.2,981.3,986.2,120536250,1084.8,887.6,1102.5,649.1,1010.6,310,6,1010.5,5213,7,1010.4,812,9,1010.3,1004,9,1010.2,900,13,1010.7,19,1,1010.9,412,5,1011.0,1259,10,1011.1,688,16,1011.2,2283,10
317,2025-11-26 12:16:02+05:30,1010.6,39,999.17,6007170,424049.0,387294.0,986.2,1012.2,981.3,986.2,120536250,1084.8,887.6,1102.5,649.1,1010.6,441,7,1010.5,5243,8,1010.4,812,9,1010.3,1025,10,1010.2,904,14,1010.7,19,1,1010.9,412,5,1011.0,1259,10,1011.1,688,16,1011.2,2288,11
317,2025-11-26 12:16:03+05:30,1010.7,4,999.17,6007178,424049.0,387336.0,986.2,1012.2,981.3,986.2,120536250,1084.8,887.6,1102.5,649.1,1010.6,441,7,1010.5,5243,8,1010.4,927,10,1010.3,1025,10,1010.2,904,14,1010.7,11,1,1010.8,31,1,1010.9,412,5,1011.0,1289,11,1011.1,688,16
317,2025-11-26 12:16:03+05:30,1010.7,4,999.17,6007178,424049.0,387336.0,986.2,1012.2,981.3,986.2,120536250,1084.8,887.6,1102.5,649.1,1010.6,441,7,1010.5,5243,8,1010.4,927,10,1010.3,1025,10,1010.2,904,14,1010.7,11,1,1010.8,31,1,1010.9,412,5,1011.0,1289,11,1011.1,688,16
317,2025-11-26 12:16:04+05:30,1010.9,68,999.17,6008390,422216.0,386374.0,986.2,1012.2,981.3,986.2,120536250,1084.8,887.6,1102.5,649.1,1010.6,480,7,1010.5,5192,5,1010.4,778,8,1010.3,1096,11,1010.2,985,15,1010.9,255,4,1011.0,1399,12,1011.1,348,11,1011.2,2184,8,1011.3,602,7
317,2025-11-26 12:16:04+05:30,1010.9,68,999.17,6008390,422216.0,386374.0,986.2,1012.2,981.3,986.2,120536250,1084.8,887.6,1102.5,649.1,1010.6,480,7,1010.5,5192,5,1010.4,778,8,1010.3,1096,11,1010.2,985,15,1010.9,255,4,1011.0,1399,12,1011.1,348,11,1011.2,2184,8,1011.3,602,7
317,2025-11-26 12:16:05+05:30,1010.9,2,999.17,6008402,422205.0,387462.0,986.2,1012.2,981.3,986.2,120536250,1084.8,887.6,1102.5,649.1,1010.7,121,1,1010.6,349,6,1010.5,5004,4,1010.4,451,4,1010.3,895,8,1010.9,486,7,1011.0,1773,17,1011.1,376,12,1011.2,2266,10,1011.3,1075,8
317,2025-11-26 12:16:05+05:30,1010.9,2,999.17,6008402,422205.0,387462.0,986.2,1012.2,981.3,986.2,120536250,1084.8,887.6,1102.5,649.1,1010.7,121,1,1010.6,349,6,1010.5,5004,4,1010.4,451,4,1010.3,895,8,1010.9,486,7,1011.0,1773,17,1011.1,376,12,1011.2,2266,10,1011.3,1075,8
317,2025-11-26 12:16:06+05:30,1010.9,1,999.17,6008403,421313.0,386929.0,986.2,1012.2,981.3,986.2,120536250,1084.8,887.6,1102.5,649.1,1010.7,146,2,1010.6,156,3,1010.5,5013,6,1010.4,604,6,1010.3,821,8,1010.9,306,4,1011.0,1773,17,1011.1,283,6,1011.2,2361,16,1011.3,575,6
317,2025-11-26 12:16:06+05:30,1010.8,128,999.17,6008403,421313.0,386929.0,986.2,1012.2,981.3,986.2,120536250,1084.8,887.6,1102.5,649.1,1010.7,146,2,1010.6,156,3,1010.5,5013,6,1010.4,604,6,1010.3,821,8,1010.9,306,4,1011.0,1773,17,1011.1,283,6,1011.2,2361,16,1011.3,575,6
317,2025-11-26 12:16:07+05:30,1010.8,128,999.17,6008531,420927.0,388378.0,986.2,1012.2,981.3,986.2,120536250,1084.8,887.6,1102.5,649.1,1010.8,128,1,1010.7,25,1,1010.6,156,3,1010.5,5115,5,1010.4,520,6,1010.9,508,8,1011.0,1415,14,1011.1,454,8,1011.2,2277,17,1011.3,945,10
317,2025-11-26 12:16:08+05:30,1010.8,1,999.17,6008532,420922.0,389279.0,986.2,1012.2,981.3,986.2,120536250,1084.8,887.6,1102.5,649.1,1010.8,24,1,1010.7,96,1,1010.6,156,3,1010.5,5115,5,1010.4,520,6,1010.9,746,10,1011.0,1476,15,1011.1,455,9,1011.2,2327,18,1011.3,954,10
317,2025-11-26 12:16:08+05:30,1010.8,1,999.17,6008532,420922.0,389279.0,986.2,1012.2,981.3,986.2,120536250,1084.8,887.6,1102.5,649.1,1010.8,24,1,1010.7,96,1,1010.6,156,3,1010.5,5115,5,1010.4,520,6,1010.9,746,10,1011.0,1476,15,1011.1,455,9,1011.2,2327,18,1011.3,954,10
317,2025-11-26 12:16:09+05:30,1010.8,3,999.17,6009402,421541.0,388187.0,986.2,1012.2,981.3,986.2,120536250,1084.8,887.6,1102.5,649.1,1010.8,93,1,1010.6,156,3,1010.5,5295,6,1010.4,743,8,1010.3,813,10,1010.9,313,3,1011.0,1386,13,1011.1,447,8,1011.2,2248,16,1011.3,944,9
317,2025-11-26 12:16:09+05:30,1010.8,3,999.17,6009402,421541.0,388187.0,986.2,1012.2,981.3,986.2,120536250,1084.8,887.6,1102.5,649.1,1010.8,93,1,1010.6,156,3,1010.5,5295,6,1010.4,743,8,1010.3,813,10,1010.9,313,3,1011.0,1386,13,1011.1,447,8,1011.2,2248,16,1011.3,944,9
317,2025-11-26 12:16:10+05:30,1010.9,4,999.17,6009814,421371.0,388392.0,986.2,1012.2,981.3,986.2,120536250,1084.8,887.6,1102.5,649.1,1010.8,1,1,1010.7,65,1,1010.6,207,4,1010.5,5004,4,1010.4,795,9,1010.9,244,3,1011.0,1334,14,1011.1,547,10,1011.2,2355,13,1011.3,775,13
317,2025-11-26 12:16:10+05:30,1010.9,4,999.17,6009814,421371.0,388392.0,986.2,1012.2,981.3,986.2,120536250,1084.8,887.6,1102.5,649.1,1010.8,1,1,1010.7,65,1,1010.6,207,4,1010.5,5004,4,1010.4,795,9,1010.9,244,3,1011.0,1334,14,1011.1,547,10,1011.2,2355,13,1011.3,775,13
317,2025-11-26 12:16:11+05:30,1010.8,1,999.17,6009817,421872.0,388040.0,986.2,1012.2,981.3,986.2,120536250,1084.8,887.6,1102.5,649.1,1010.8,235,2,1010.6,207,4,1010.5,5096,6,1010.4,708,8,1010.3,957,12,1010.9,371,6,1011.0,1543,15,1011.1,527,7,1011.2,2366,13,1011.3,1195,19
317,2025-11-26 12:16:11+05:30,1010.8,1,999.17,6009817,421872.0,388040.0,986.2,1012.2,981.3,986.2,120536250,1084.8,887.6,1102.5,649.1,1010.8,235,2,1010.6,207,4,1010.5,5096,6,1010.4,708,8,1010.3,957,12,1010.9,371,6,1011.0,1543,15,1011.1,527,7,1011.2,2366,13,1011.3,1195,19
317,2025-11-26 12:16:12+05:30,1010.8,1,999.17,6009818,421870.0,388140.0,986.2,1012.2,981.3,986.2,120536250,1084.8,887.6,1102.5,649.1,1010.8,234,2,1010.6,207,4,1010.5,5009,5,1010.4,795,9,1010.3,957,12,1010.9,440,6,1011.0,1553,16,1011.1,615,9,1011.2,2366,13,1011.3,1107,17
317,2025-11-26 12:16:12+05:30,1010.8,1,999.17,6009818,421870.0,388140.0,986.2,1012.2,981.3,986.2,120536250,1084.8,887.6,1102.5,649.1,1010.8,234,2,1010.6,207,4,1010.5,5009,5,1010.4,795,9,1010.3,957,12,1010.9,440,6,1011.0,1553,16,1011.1,615,9,1011.2,2366,13,1011.3,1107,17
317,2025-11-26 12:16:13+05:30,1010.9,6,999.17,6009828,419990.0,388074.0,986.2,1012.2,981.3,986.2,120536250,1084.8,887.6,1102.5,649.1,1010.8,234,2,1010.6,207,4,1010.5,5009,5,1010.4,795,9,1010.3,957,12,1010.9,430,6,1011.0,1553,16,1011.1,527,7,1011.2,2379,11,1011.3,811,18
317,2025-11-26 12:16:13+05:30,1010.9,6,999.17,6009828,419990.0,388074.0,986.2,1012.2,981.3,986.2,120536250,1084.8,887.6,1102.5,649.1,1010.8,234,2,1010.6,207,4,1010.5,5009,5,1010.4,795,9,1010.3,957,12,1010.9,430,6,1011.0,1553,16,1011.1,527,7,1011.2,2379,11,1011.3,811,18
317,2025-11-26 12:16:14+05:30,1010.8,20,999.17,6010214,421937.0,388393.0,986.2,1012.2,981.3,986.2,120536250,1084.8,887.6,1102.5,649.1,1010.8,214,2,1010.6,207,4,1010.5,5197,6,1010.4,795,9,1010.3,957,12,1010.9,610,5,1011.0,1324,14,1011.1,614,8,1011.2,2158,8,1011.3,805,17
317,2025-11-26 12:16:14+05:30,1010.9,48,999.17,6010214,421937.0,388393.0,986.2,1012.2,981.3,986.2,120536250,1084.8,887.6,1102.5,649.1,1010.8,214,2,1010.6,207,4,1010.5,5197,6,1010.4,795,9,1010.3,957,12,1010.9,610,5,1011.0,1324,14,1011.1,614,8,1011.2,2158,8,1011.3,805,17
317,2025-11-26 12:16:15+05:30,1010.9,2,999.17,6010331,421937.0,387972.0,986.2,1012.2,981.3,986.2,120536250,1084.8,887.6,1102.5,649.1,1010.8,214,2,1010.6,207,4,1010.5,5197,6,1010.4,795,9,1010.3,957,12,1010.9,344,2,1011.0,1143,13,1011.1,614,8,1011.2,2182,9,1011.3,806,18
317,2025-11-26 12:16:15+05:30,1010.9,2,999.17,6010331,421937.0,387972.0,986.2,1012.2,981.3,986.2,120536250,1084.8,887.6,1102.5,649.1,1010.8,214,2,1010.6,207,4,1010.5,5197,6,1010.4,795,9,1010.3,957,12,1010.9,344,2,1011.0,1143,13,1011.1,614,8,1011.2,2182,9,1011.3,806,18
317,2025-11-26 12:16:16+05:30,1010.9,2,999.17,6010334,419965.0,387965.0,986.2,1012.2,981.3,986.2,120536250,1084.8,887.6,1102.5,649.1,1010.8,214,2,1010.6,217,5,1010.5,5197,6,1010.4,795,9,1010.3,957,12,1010.9,341,2,1011.0,1143,13,1011.1,527,7,1011.2,2266,10,1011.3,805,17
317,2025-11-26 12:16:16+05:30,1010.9,2,999.17,6010334,419965.0,387965.0,986.2,1012.2,981.3,986.2,120536250,1084.8,887.6,1102.5,649.1,1010.8,214,2,1010.6,217,5,1010.5,5197,6,1010.4,795,9,1010.3,957,12,1010.9,341,2,1011.0,1143,13,1011.1,527,7,1011.2,2266,10,1011.3,805,17
317,2025-11-26 12:16:17+05:30,1010.9,2,999.17,6010334,417996.0,387954.0,986.2,1012.2,981.3,986.2,120536250,1084.8,887.6,1102.5,649.1,1010.8,227,3,1010.6,217,5,1010.5,5197,6,1010.4,795,9,1010.3,957,12,1010.9,351,3,1011.0,1143,13,1011.1,527,7,1011.2,2245,9,1011.3,805,17
317,2025-11-26 12:16:17+05:30,1010.8,56,999.17,6010334,417996.0,387954.0,986.2,1012.2,981.3,986.2,120536250,1084.8,887.6,1102.5,649.1,1010.8,227,3,1010.6,217,5,1010.5,5197,6,1010.4,795,9,1010.3,957,12,1010.9,351,3,1011.0,1143,13,1011.1,527,7,1011.2,2245,9,1011.3,805,17
317,2025-11-26 12:16:18+05:30,1010.8,56,999.17,6010434,421926.0,388998.0,986.2,1012.2,981.3,986.2,120536250,1084.8,887.6,1102.5,649.1,1010.8,193,3,1010.6,217,5,1010.5,5009,5,1010.4,808,10,1010.3,944,11,1010.9,351,3,1011.0,1344,14,1011.1,613,8,1011.2,2183,9,1011.3,805,17
317,2025-11-26 12:16:18+05:30,1010.9,26,999.17,6010434,421926.0,388998.0,986.2,1012.2,981.3,986.2,120536250,1084.8,887.6,1102.5,649.1,1010.8,193,3,1010.6,217,5,1010.5,5009,5,1010.4,808,10,1010.3,944,11,1010.9,351,3,1011.0,1344,14,1011.1,613,8,1011.2,2183,9,1011.3,805,17
317,2025-11-26 12:16:19+05:30,1010.9,26,999.17,6010755,421954.0,388592.0,986.2,1012.2,981.3,986.2,120536250,1084.8,887.6,1102.5,649.1,1010.8,193,3,1010.6,304,6,1010.5,5197,6,1010.4,762,10,1010.3,957,12,1010.9,54,3,1011.0,1168,13,1011.1,439,6,1011.2,2245,9,1011.3,805,17
317,2025-11-26 12:16:20+05:30,1010.6,3,999.17,6010755,421954.0,388592.0,986.2,1012.2,981.3,986.2,120536250,1084.8,887.6,1102.5,649.1,1010.8,193,3,1010.6,304,6,1010.5,5197,6,1010.4,762,10,1010.3,957,12,1010.9,54,3,1011.0,1168,13,1011.1,439,6,1011.2,2245,9,1011.3,805,17
317,2025-11-26 12:16:20+05:30,1010.6,3,999.17,6011574,421318.0,392280.0,986.2,1012.2,981.3,986.2,120536250,1084.8,887.6,1102.5,649.1,1010.6,64,2,1010.5,5117,6,1010.4,880,10,1010.3,1036,11,1010.2,893,14,1010.9,892,6,1011.0,1577,18,1011.1,792,9,1011.2,2265,9,1011.3,1103,18
317,2025-11-26 12:16:21+05:30,1010.9,1,999.17,6011574,421318.0,392280.0,986.2,1012.2,981.3,986.2,120536250,1084.8,887.6,1102.5,649.1,1010.6,64,2,1010.5,5117,6,1010.4,880,10,1010.3,1036,11,1010.2,893,14,1010.9,892,6,1011.0,1577,18,1011.1,792,9,1011.2,2265,9,1011.3,1103,18
317,2025-11-26 12:16:21+05:30,1010.9,1,999.17,6011575,421327.0,392413.0,986.2,1012.2,981.3,986.2,120536250,1084.8,887.6,1102.5,649.1,1010.6,64,2,1010.5,5196,7,1010.4,753,8,1010.3,1001,10,1010.2,893,14,1010.9,891,6,1011.0,1790,18,1011.1,792,9,1011.2,2265,9,1011.3,1103,18
317,2025-11-26 12:16:22+05:30,1010.6,51,999.17,6011575,421327.0,392413.0,986.2,1012.2,981.3,986.2,120536250,1084.8,887.6,1102.5,649.1,1010.6,64,2,1010.5,5196,7,1010.4,753,8,1010.3,1001,10,1010.2,893,14,1010.9,891,6,1011.0,1790,18,1011.1,792,9,1011.2,2265,9,1011.3,1103,18
317,2025-11-26 12:16:22+05:30,1010.6,51,999.17,6011690,421244.0,392420.0,986.2,1012.2,981.3,986.2,120536250,1084.8,887.6,1102.5,649.1,1010.6,67,2,1010.5,5009,5,1010.4,753,8,1010.3,1080,11,1010.2,893,14,1010.9,891,6,1011.0,1845,18,1011.1,713,8,1011.2,2278,10,1011.3,1103,18
317,2025-11-26 12:16:23+05:30,1010.9,1,999.17,6011690,421244.0,392420.0,986.2,1012.2,981.3,986.2,120536250,1084.8,887.6,1102.5,649.1,1010.6,67,2,1010.5,5009,5,1010.4,753,8,1010.3,1080,11,1010.2,893,14,1010.9,891,6,1011.0,1845,18,1011.1,713,8,1011.2,2278,10,1011.3,1103,18
317,2025-11-26 12:16:23+05:30,1010.9,1,999.17,6011699,417151.0,393557.0,986.2,1012.2,981.3,986.2,120536250,1084.8,887.6,1102.5,649.1,1010.6,67,2,1010.5,5009,5,1010.4,669,6,1010.3,895,8,1010.2,1050,16,1010.8,1,1,1010.9,1346,10,1011.0,2225,23,1011.1,738,11,1011.2,2265,9
317,2025-11-26 12:16:24+05:30,1010.6,10,999.17,6011699,417151.0,393557.0,986.2,1012.2,981.3,986.2,120536250,1084.8,887.6,1102.5,649.1,1010.6,67,2,1010.5,5009,5,1010.4,669,6,1010.3,895,8,1010.2,1050,16,1010.8,1,1,1010.9,1346,10,1011.0,2225,23,1011.1,738,11,1011.2,2265,9
317,2025-11-26 12:16:24+05:30,1010.6,10,999.17,6011709,421121.0,393735.0,986.2,1012.2,981.3,986.2,120536250,1084.8,887.6,1102.5,649.1,1010.6,57,2,1010.5,5004,4,1010.4,669,6,1010.3,895,8,1010.2,1050,16,1010.8,1,1,1010.9,1347,11,1011.0,2200,22,1011.1,738,11,1011.2,2265,9
317,2025-11-26 12:16:25+05:30,1010.9,11,999.18,6013011,419489.0,391100.0,986.2,1012.2,981.3,986.2,120536250,1084.8,887.6,1102.5,649.1,1010.6,98,3,1010.5,5088,6,1010.4,1095,13,1010.3,808,7,1010.2,892,14,1010.9,291,3,1011.0,1703,16,1011.1,522,8,1011.2,2357,15,1011.3,724,13
317,2025-11-26 12:16:25+05:30,1010.9,11,999.18,6013011,419489.0,391100.0,986.2,1012.2,981.3,986.2,120536250,1084.8,887.6,1102.5,649.1,1010.6,98,3,1010.5,5088,6,1010.4,1095,13,1010.3,808,7,1010.2,892,14,1010.9,291,3,1011.0,1703,16,1011.1,522,8,1011.2,2357,15,1011.3,724,13
317,2025-11-26 12:16:26+05:30,1010.9,2,999.18,6013143,421507.0,391136.0,986.2,1012.2,981.3,986.2,120536250,1084.8,887.6,1102.5,649.1,1010.6,98,3,1010.5,5088,6,1010.4,1095,13,1010.3,839,8,1010.2,892,14,1010.9,327,2,1011.0,1703,16,1011.1,522,8,1011.2,2357,15,1011.3,718,12
317,2025-11-26 12:16:26+05:30,1010.9,2,999.18,6013143,421507.0,391136.0,986.2,1012.2,981.3,986.2,120536250,1084.8,887.6,1102.5,649.1,1010.6,98,3,1010.5,5088,6,1010.4,1095,13,1010.3,839,8,1010.2,892,14,1010.9,327,2,1011.0,1703,16,1011.1,522,8,1011.2,2357,15,1011.3,718,12
317,2025-11-26 12:16:27+05:30,1010.9,2,999.18,6013143,417543.0,391188.0,986.2,1012.2,981.3,986.2,120536250,1084.8,887.6,1102.5,649.1,1010.6,98,3,1010.5,5009,5,1010.4,1059,13,1010.3,954,9,1010.2,892,14,1010.9,369,3,1011.0,1703,16,1011.1,522,8,1011.2,2357,15,1011.3,1016,13
317,2025-11-26 12:16:28+05:30,1010.9,75,999.18,6013378,421576.0,391001.0,986.2,1012.2,981.3,986.2,120536250,1084.8,887.6,1102.5,649.1,1010.6,105,3,1010.5,5119,7,1010.4,1126,14,1010.3,839,8,1010.2,892,14,1010.9,125,1,1011.0,1672,15,1011.1,491,7,1011.2,2357,15,1011.3,1016,13
317,2025-11-26 12:16:28+05:30,1010.9,75,999.18,6013378,421576.0,391001.0,986.2,1012.2,981.3,986.2,120536250,1084.8,887.6,1102.5,649.1,1010.6,105,3,1010.5,5119,7,1010.4,1126,14,1010.3,839,8,1010.2,892,14,1010.9,125,1,1011.0,1672,15,1011.1,491,7,1011.2,2357,15,1011.3,1016,13
317,2025-11-26 12:16:29+05:30,1010.8,1,999.18,6013379,421548.0,390783.0,986.2,1012.2,981.3,986.2,120536250,1084.8,887.6,1102.5,649.1,1010.6,105,3,1010.5,5009,5,1010.4,1205,15,1010.3,839,8,1010.2,892,14,1010.8,114,1,1010.9,125,1,1011.0,1672,15,1011.1,528,9,1011.2,2357,15
317,2025-11-26 12:16:29+05:30,1010.8,1,999.18,6013379,421548.0,390783.0,986.2,1012.2,981.3,986.2,120536250,1084.8,887.6,1102.5,649.1,1010.6,105,3,1010.5,5009,5,1010.4,1205,15,1010.3,839,8,1010.2,892,14,1010.8,114,1,1010.9,125,1,1011.0,1672,15,1011.1,528,9,1011.2,2357,15
317,2025-11-26 12:16:30+05:30,1010.7,29,999.18,6013435,421926.0,391746.0,986.2,1012.2,981.3,986.2,120536250,1084.8,887.6,1102.5,649.1,1010.6,64,2,1010.5,5009,5,1010.4,1136,14,1010.3,925,9,1010.2,892,14,1010.7,53,1,1010.8,114,1,1010.9,126,2,1011.0,1703,16,1011.1,527,8
317,2025-11-26 12:16:30+05:30,1010.7,29,999.18,6013435,421926.0,391746.0,986.2,1012.2,981.3,986.2,120536250,1084.8,887.6,1102.5,649.1,1010.6,64,2,1010.5,5009,5,1010.4,1136,14,1010.3,925,9,1010.2,892,14,1010.7,53,1,1010.8,114,1,1010.9,126,2,1011.0,1703,16,1011.1,527,8
317,2025-11-26 12:16:31+05:30,1010.7,1,999.18,6013444,421991.0,391750.0,986.2,1012.2,981.3,986.2,120536250,1084.8,887.6,1102.5,649.1,1010.6,56,2,1010.5,5009,5,1010.4,1136,14,1010.3,950,10,1010.2,892,14,1010.7,52,1,1010.8,114,1,1010.9,125,1,1011.0,1703,16,1011.1,533,10
317,2025-11-26 12:16:31+05:30,1010.7,1,999.18,6013444,421991.0,391750.0,986.2,1012.2,981.3,986.2,120536250,1084.8,887.6,1102.5,649.1,1010.6,56,2,1010.5,5009,5,1010.4,1136,14,1010.3,950,10,1010.2,892,14,1010.7,52,1,1010.8,114,1,1010.9,125,1,1011.0,1703,16,1011.1,533,10
317,2025-11-26 12:16:32+05:30,1010.7,1,999.18,6013444,424028.0,392595.0,986.2,1012.2,981.3,986.2,120536250,1084.8,887.6,1102.5,649.1,1010.6,2061,4,1010.5,5090,5,1010.4,947,9,1010.3,958,15,1010.2,867,10,1010.7,52,1,1010.8,174,2,1010.9,367,4,1011.0,1647,15,1011.1,454,9
317,2025-11-26 12:16:33+05:30,1010.7,5,999.18,6013444,424028.0,392595.0,986.2,1012.2,981.3,986.2,120536250,1084.8,887.6,1102.5,649.1,1010.6,2061,4,1010.5,5090,5,1010.4,947,9,1010.3,958,15,1010.2,867,10,1010.7,52,1,1010.8,174,2,1010.9,367,4,1011.0,1647,15,1011.1,454,9
317,2025-11-26 12:16:33+05:30,1010.7,5,999.18,6013458,424023.0,392614.0,986.2,1012.2,981.3,986.2,120536250,1084.8,887.6,1102.5,649.1,1010.6,2056,4,1010.5,5090,5,1010.4,947,9,1010.3,958,15,1010.2,867,10,1010.7,43,1,1010.8,174,2,1010.9,367,4,1011.0,1922,16,1011.1,454,9
317,2025-11-26 12:16:34+05:30,1010.7,1,999.18,6013571,424139.0,392534.0,986.2,1012.2,981.3,986.2,120536250,1084.8,887.6,1102.5,649.1,1010.6,2056,4,1010.5,5004,4,1010.4,1033,10,1010.3,917,14,1010.2,867,10,1010.7,52,1,1010.8,174,2,1010.9,428,5,1011.0,2004,17,1011.1,455,10
317,2025-11-26 12:16:34+05:30,1010.7,1,999.18,6013571,424139.0,392534.0,986.2,1012.2,981.3,986.2,120536250,1084.8,887.6,1102.5,649.1,1010.6,2056,4,1010.5,5004,4,1010.4,1033,10,1010.3,917,14,1010.2,867,10,1010.7,52,1,1010.8,174,2,1010.9,428,5,1011.0,2004,17,1011.1,455,10
317,2025-11-26 12:16:34+05:30,1010.7,1,999.18,6013571,424139.0,392534.0,986.2,1012.2,981.3,986.2,120536250,1084.8,887.6,1102.5,649.1,1010.6,2056,4,1010.5,5004,4,1010.4,1033,10,1010.3,917,14,1010.2,867,10,1010.7,52,1,1010.8,174,2,1010.9,428,5,1011.0,2004,17,1011.1,455,10
317,2025-11-26 12:16:35+05:30,1010.7,1,999.18,6013571,424139.0,392534.0,986.2,1012.2,981.3,986.2,120536250,1084.8,887.6,1102.5,649.1,1010.6,2056,4,1010.5,5004,4,1010.4,1033,10,1010.3,917,14,1010.2,867,10,1010.7,52,1,1010.8,174,2,1010.9,428,5,1011.0,2004,17,1011.1,455,10
317,2025-11-26 12:16:35+05:30,1010.8,2,999.18,6013571,424139.0,392534.0,986.2,1012.2,981.3,986.2,120536250,1084.8,887.6,1102.5,649.1,1010.6,2056,4,1010.5,5004,4,1010.4,1033,10,1010.3,917,14,1010.2,867,10,1010.7,52,1,1010.8,174,2,1010.9,428,5,1011.0,2004,17,1011.1,455,10
317,2025-11-26 12:16:35+05:30,1010.8,2,999.18,6014091,421105.0,392322.0,986.2,1012.2,981.3,986.2,120536250,1084.8,887.6,1102.5,649.1,1010.7,28,1,1010.6,1739,4,1010.5,5004,4,1010.4,861,8,1010.3,1016,15,1010.8,29,2,1010.9,375,6,1011.0,2190,19,1011.1,534,9,1011.2,2450,18
317,2025-11-26 12:16:35+05:30,1010.8,2,999.18,6014091,421105.0,392322.0,986.2,1012.2,981.3,986.2,120536250,1084.8,887.6,1102.5,649.1,1010.7,28,1,1010.6,1739,4,1010.5,5004,4,1010.4,861,8,1010.3,1016,15,1010.8,29,2,1010.9,375,6,1011.0,2190,19,1011.1,534,9,1011.2,2450,18
317,2025-11-26 12:16:36+05:30,1010.8,2,999.18,6014091,421105.0,392322.0,986.2,1012.2,981.3,986.2,120536250,1084.8,887.6,1102.5,649.1,1010.7,28,1,1010.6,1739,4,1010.5,5004,4,1010.4,861,8,1010.3,1016,15,1010.8,29,2,1010.9,375,6,1011.0,2190,19,1011.1,534,9,1011.2,2450,18
317,2025-11-26 12:16:36+05:30,1010.8,1,999.18,6014091,421105.0,392322.0,986.2,1012.2,981.3,986.2,120536250,1084.8,887.6,1102.5,649.1,1010.7,28,1,1010.6,1739,4,1010.5,5004,4,1010.4,861,8,1010.3,1016,15,1010.8,29,2,1010.9,375,6,1011.0,2190,19,1011.1,534,9,1011.2,2450,18
317,2025-11-26 12:16:36+05:30,1010.8,1,999.18,6014093,423087.0,392379.0,986.2,1012.2,981.3,986.2,120536250,1084.8,887.6,1102.5,649.1,1010.7,28,1,1010.6,1739,4,1010.5,5004,4,1010.4,861,8,1010.3,1016,15,1010.8,115,3,1010.9,375,6,1011.0,2332,20,1011.1,448,8,1011.2,2363,16
317,2025-11-26 12:16:36+05:30,1010.8,1,999.18,6014093,423087.0,392379.0,986.2,1012.2,981.3,986.2,120536250,1084.8,887.6,1102.5,649.1,1010.7,28,1,1010.6,1739,4,1010.5,5004,4,1010.4,861,8,1010.3,1016,15,1010.8,115,3,1010.9,375,6,1011.0,2332,20,1011.1,448,8,1011.2,2363,16
317,2025-11-26 12:16:37+05:30,1010.8,1,999.18,6014093,423087.0,392379.0,986.2,1012.2,981.3,986.2,120536250,1084.8,887.6,1102.5,649.1,1010.7,28,1,1010.6,1739,4,1010.5,5004,4,1010.4,861,8,1010.3,1016,15,1010.8,115,3,1010.9,375,6,1011.0,2332,20,1011.1,448,8,1011.2,2363,16
317,2025-11-26 12:16:37+05:30,1010.6,834,999.18,6014968,420293.0,394067.0,986.2,1012.2,981.3,986.2,120536250,1084.8,887.6,1102.5,649.1,1010.6,892,3,1010.5,4999,3,1010.4,209,2,1010.3,228,2,1010.2,391,6,1010.8,321,8,1010.9,646,9,1011.0,2256,21,1011.1,633,13,1011.2,2516,17
317,2025-11-26 12:16:37+05:30,1010.6,834,999.18,6014968,420293.0,394067.0,986.2,1012.2,981.3,986.2,120536250,1084.8,887.6,1102.5,649.1,1010.6,892,3,1010.5,4999,3,1010.4,209,2,1010.3,228,2,1010.2,391,6,1010.8,321,8,1010.9,646,9,1011.0,2256,21,1011.1,633,13,1011.2,2516,17
317,2025-11-26 12:16:38+05:30,1010.6,834,999.18,6014968,420293.0,394067.0,986.2,1012.2,981.3,986.2,120536250,1084.8,887.6,1102.5,649.1,1010.6,892,3,1010.5,4999,3,1010.4,209,2,1010.3,228,2,1010.2,391,6,1010.8,321,8,1010.9,646,9,1011.0,2256,21,1011.1,633,13,1011.2,2516,17
317,2025-11-26 12:16:38+05:30,1010.6,834,999.18,6014968,420293.0,394067.0,986.2,1012.2,981.3,986.2,120508500,1084.8,887.6,1102.5,649.1,1010.6,892,3,1010.5,4999,3,1010.4,209,2,1010.3,228,2,1010.2,391,6,1010.8,321,8,1010.9,646,9,1011.0,2256,21,1011.1,633,13,1011.2,2516,17
317,2025-11-26 12:16:38+05:30,1010.8,13,999.18,6015239,421257.0,393606.0,986.2,1012.2,981.3,986.2,120508500,1084.8,887.6,1102.5,649.1,1010.6,749,3,1010.5,4999,3,1010.4,110,1,1010.3,241,3,1010.2,688,9,1010.8,272,6,1010.9,711,10,1011.0,2285,21,1011.1,521,10,1011.2,2208,15
317,2025-11-26 12:16:38+05:30,1010.8,13,999.18,6015239,421257.0,393606.0,986.2,1012.2,981.3,986.2,120508500,1084.8,887.6,1102.5,649.1,1010.6,749,3,1010.5,4999,3,1010.4,110,1,1010.3,241,3,1010.2,688,9,1010.8,272,6,1010.9,711,10,1011.0,2285,21,1011.1,521,10,1011.2,2208,15
317,2025-11-26 12:16:39+05:30,1010.8,13,999.18,6015239,421257.0,393606.0,986.2,1012.2,981.3,986.2,120508500,1084.8,887.6,1102.5,649.1,1010.6,749,3,1010.5,4999,3,1010.4,110,1,1010.3,241,3,1010.2,688,9,1010.8,272,6,1010.9,711,10,1011.0,2285,21,1011.1,521,10,1011.2,2208,15
317,2025-11-26 12:16:39+05:30,1010.8,43,999.18,6015239,421257.0,393606.0,986.2,1012.2,981.3,986.2,120508500,1084.8,887.6,1102.5,649.1,1010.6,749,3,1010.5,4999,3,1010.4,110,1,1010.3,241,3,1010.2,688,9,1010.8,272,6,1010.9,711,10,1011.0,2285,21,1011.1,521,10,1011.2,2208,15
317,2025-11-26 12:16:39+05:30,1010.8,43,999.18,6015468,422572.0,394287.0,986.2,1012.2,981.3,986.2,120508500,1084.8,887.6,1102.5,649.1,1010.6,749,3,1010.5,4999,3,1010.3,544,5,1010.2,573,8,1010.1,1283,17,1010.7,42,1,1010.8,160,4,1010.9,797,11,1011.0,2335,22,1011.1,635,12
317,2025-11-26 12:16:40+05:30,1010.6,30,999.18,6015468,422572.0,394287.0,986.2,1012.2,981.3,986.2,120508500,1084.8,887.6,1102.5,649.1,1010.6,749,3,1010.5,4999,3,1010.3,544,5,1010.2,573,8,1010.1,1283,17,1010.7,42,1,1010.8,160,4,1010.9,797,11,1011.0,2335,22,1011.1,635,12
317,2025-11-26 12:16:40+05:30,1010.6,30,999.18,6015639,422595.0,394377.0,986.2,1012.2,981.3,986.2,120508500,1084.8,887.6,1102.5,649.1,1010.6,579,3,1010.5,4999,3,1010.3,241,3,1010.2,688,9,1010.1,1283,17,1010.7,41,1,1010.8,458,7,1010.9,712,11,1011.0,2353,21,1011.1,635,12
317,2025-11-26 12:16:41+05:30,1010.7,3,999.18,6015639,422595.0,394377.0,986.2,1012.2,981.3,986.2,120508500,1084.8,887.6,1102.5,649.1,1010.6,579,3,1010.5,4999,3,1010.3,241,3,1010.2,688,9,1010.1,1283,17,1010.7,41,1,1010.8,458,7,1010.9,712,11,1011.0,2353,21,1011.1,635,12
317,2025-11-26 12:16:41+05:30,1010.7,1,999.18,6015643,422593.0,394358.0,986.2,1012.2,981.3,986.2,120508500,1084.8,887.6,1102.5,649.1,1010.6,579,3,1010.5,4999,3,1010.3,356,4,1010.2,573,8,1010.1,1283,17,1010.7,37,1,1010.8,458,7,1010.9,723,12,1011.0,2327,20,1011.1,635,12
317,2025-11-26 12:16:42+05:30,1011.0,92,999.18,6015643,422593.0,394358.0,986.2,1012.2,981.3,986.2,120508500,1084.8,887.6,1102.5,649.1,1010.6,579,3,1010.5,4999,3,1010.3,356,4,1010.2,573,8,1010.1,1283,17,1010.7,37,1,1010.8,458,7,1010.9,723,12,1011.0,2327,20,1011.1,635,12
317,2025-11-26 12:16:42+05:30,1010.9,1,999.19,6020674,422283.0,390403.0,986.2,1012.2,981.3,986.2,120508500,1084.8,887.6,1102.5,649.1,1010.6,579,3,1010.5,5124,5,1010.4,508,5,1010.3,683,7,1010.2,856,9,1010.9,199,4,1011.0,690,9,1011.1,690,12,1011.2,2234,14,1011.3,748,8
317,2025-11-26 12:16:43+05:30,1010.9,21,999.19,6020674,422283.0,390403.0,986.2,1012.2,981.3,986.2,120508500,1084.8,887.6,1102.5,649.1,1010.6,579,3,1010.5,5124,5,1010.4,508,5,1010.3,683,7,1010.2,856,9,1010.9,199,4,1011.0,690,9,1011.1,690,12,1011.2,2234,14,1011.3,748,8
317,2025-11-26 12:16:43+05:30,1010.8,52,999.19,6020946,422203.0,390851.0,986.2,1012.2,981.3,986.2,120508500,1084.8,887.6,1102.5,649.1,1010.6,579,3,1010.5,4999,3,1010.4,470,4,1010.3,867,8,1010.2,803,10,1010.8,90,1,1010.9,117,3,1011.0,761,10,1011.1,783,12,1011.2,2353,16
317,2025-11-26 12:16:44+05:30,1010.8,81,999.19,6020946,422203.0,390851.0,986.2,1012.2,981.3,986.2,120508500,1084.8,887.6,1102.5,649.1,1010.6,579,3,1010.5,4999,3,1010.4,470,4,1010.3,867,8,1010.2,803,10,1010.8,90,1,1010.9,117,3,1011.0,761,10,1011.1,783,12,1011.2,2353,16
317,2025-11-26 12:16:44+05:30,1010.8,81,999.19,6021030,422360.0,390616.0,986.2,1012.2,981.3,986.2,120508500,1084.8,887.6,1102.5,649.1,1010.6,600,4,1010.5,5282,6,1010.4,473,5,1010.3,877,13,1010.2,803,10,1010.8,6,1,1010.9,87,2,1011.0,417,7,1011.1,499,10,1011.2,2429,16
317,2025-11-26 12:16:45+05:30,1010.9,85,999.19,6021030,422360.0,390616.0,986.2,1012.2,981.3,986.2,120508500,1084.8,887.6,1102.5,649.1,1010.6,600,4,1010.5,5282,6,1010.4,473,5,1010.3,877,13,1010.2,803,10,1010.8,6,1,1010.9,87,2,1011.0,417,7,1011.1,499,10,1011.2,2429,16
317,2025-11-26 12:16:45+05:30,1010.9,85,999.19,6021208,418640.0,391132.0,986.2,1012.2,981.3,986.2,120508500,1084.8,887.6,1102.5,649.1,1010.6,700,5,1010.5,5205,6,1010.4,966,9,1010.3,893,14,1010.2,790,9,1011.0,336,6,1011.1,634,11,1011.2,2291,15,1011.3,644,9,1011.4,1524,14
317,2025-11-26 12:16:46+05:30,1011.0,1,999.19,6021208,418640.0,391132.0,986.2,1012.2,981.3,986.2,120508500,1084.8,887.6,1102.5,649.1,1010.6,700,5,1010.5,5205,6,1010.4,966,9,1010.3,893,14,1010.2,790,9,1011.0,336,6,1011.1,634,11,1011.2,2291,15,1011.3,644,9,1011.4,1524,14
317,2025-11-26 12:16:46+05:30,1011.0,1,999.19,6021209,422939.0,391154.0,986.2,1012.2,981.3,986.2,120508500,1084.8,887.6,1102.5,649.1,1010.6,700,5,1010.5,5205,6,1010.4,966,9,1010.3,893,14,1010.2,790,9,1011.0,335,6,1011.1,634,11,1011.2,2291,15,1011.3,644,9,1011.4,1524,14
317,2025-11-26 12:16:47+05:30,1011.0,1,999.19,6021209,422939.0,391154.0,986.2,1012.2,981.3,986.2,120508500,1084.8,887.6,1102.5,649.1,1010.6,700,5,1010.5,5205,6,1010.4,966,9,1010.3,893,14,1010.2,790,9,1011.0,335,6,1011.1,634,11,1011.2,2291,15,1011.3,644,9,1011.4,1524,14
317,2025-11-26 12:16:48+05:30,1011.0,93,999.19,6021209,422939.0,391154.0,986.2,1012.2,981.3,986.2,120508500,1084.8,887.6,1102.5,649.1,1010.6,700,5,1010.5,5205,6,1010.4,966,9,1010.3,893,14,1010.2,790,9,1011.0,335,6,1011.1,634,11,1011.2,2291,15,1011.3,644,9,1011.4,1524,14
317,2025-11-26 12:16:48+05:30,1011.0,93,999.19,6021320,422916.0,390604.0,986.2,1012.2,981.3,986.2,120508500,1084.8,887.6,1102.5,649.1,1010.6,689,5,1010.5,5205,6,1010.4,966,9,1010.3,893,14,1010.2,773,9,1011.0,546,9,1011.1,625,11,1011.2,2371,16,1011.3,644,9,1011.4,1524,14
317,2025-11-26 12:16:49+05:30,1011.0,1,999.19,6021320,422916.0,390604.0,986.2,1012.2,981.3,986.2,120508500,1084.8,887.6,1102.5,649.1,1010.6,689,5,1010.5,5205,6,1010.4,966,9,1010.3,893,14,1010.2,773,9,1011.0,546,9,1011.1,625,11,1011.2,2371,16,1011.3,644,9,1011.4,1524,14
317,2025-11-26 12:16:49+05:30,1010.6,143,999.19,6021464,418710.0,389801.0,986.2,1012.2,981.3,986.2,120508500,1084.8,887.6,1102.5,649.1,1010.6,628,6,1010.5,5395,8,1010.4,1144,14,1010.3,719,7,1010.2,773,9,1010.8,117,1,1011.0,304,6,1011.1,365,8,1011.2,2279,10,1011.3,726,10
317,2025-11-26 12:16:50+05:30,1010.7,120,999.19,6021464,418710.0,389801.0,986.2,1012.2,981.3,986.2,120508500,1084.8,887.6,1102.5,649.1,1010.6,628,6,1010.5,5395,8,1010.4,1144,14,1010.3,719,7,1010.2,773,9,1010.8,117,1,1011.0,304,6,1011.1,365,8,1011.2,2279,10,1011.3,726,10
317,2025-11-26 12:16:50+05:30,1010.7,120,999.19,6021585,418991.0,390707.0,986.2,1012.2,981.3,986.2,120508500,1084.8,887.6,1102.5,649.1,1010.6,988,8,1010.5,5395,8,1010.4,1229,16,1010.3,768,9,1010.2,585,8,1010.7,22,1,1010.8,116,1,1011.0,390,8,1011.1,365,8,1011.2,2285,11
317,2025-11-26 12:16:51+05:30,1010.7,1,999.19,6021585,418991.0,390707.0,986.2,1012.2,981.3,986.2,120508500,1084.8,887.6,1102.5,649.1,1010.6,988,8,1010.5,5395,8,1010.4,1229,16,1010.3,768,9,1010.2,585,8,1010.7,22,1,1010.8,116,1,1011.0,390,8,1011.1,365,8,1011.2,2285,11
317,2025-11-26 12:16:51+05:30,1010.7,1,999.19,6021601,422870.0,390900.0,986.2,1012.2,981.3,986.2,120508500,1084.8,887.6,1102.5,649.1,1010.6,973,8,1010.5,5395,8,1010.4,1229,16,1010.3,794,10,1010.2,585,8,1010.7,21,1,1010.8,177,2,1011.0,491,10,1011.1,365,8,1011.2,2285,11
317,2025-11-26 12:16:52+05:30,1010.7,1,999.19,6021601,423126.0,391235.0,986.2,1012.2,981.3,986.2,120508500,1084.8,887.6,1102.5,649.1,1010.6,986,9,1010.5,5395,8,1010.4,1229,16,1010.3,794,10,1010.2,585,8,1010.7,21,1,1010.8,177,2,1011.0,491,10,1011.1,365,8,1011.2,2285,11
317,2025-11-26 12:16:53+05:30,1010.7,11,999.19,6021601,423126.0,391235.0,986.2,1012.2,981.3,986.2,120508500,1084.8,887.6,1102.5,649.1,1010.6,986,9,1010.5,5395,8,1010.4,1229,16,1010.3,794,10,1010.2,585,8,1010.7,21,1,1010.8,177,2,1011.0,491,10,1011.1,365,8,1011.2,2285,11
317,2025-11-26 12:16:53+05:30,1010.7,11,999.19,6021875,422756.0,392674.0,986.2,1012.2,981.3,986.2,120508500,1084.8,887.6,1102.5,649.1,1010.6,361,7,1010.5,5395,8,1010.4,905,6,1010.3,933,15,1010.2,773,9,1010.8,212,3,1010.9,285,3,1011.0,1766,11,1011.1,552,8,1011.2,2291,13
317,2025-11-26 12:16:54+05:30,1010.6,188,999.19,6021875,422756.0,392674.0,986.2,1012.2,981.3,986.2,120508500,1084.8,887.6,1102.5,649.1,1010.6,361,7,1010.5,5395,8,1010.4,905,6,1010.3,933,15,1010.2,773,9,1010.8,212,3,1010.9,285,3,1011.0,1766,11,1011.1,552,8,1011.2,2291,13
317,2025-11-26 12:16:54+05:30,1010.7,40,999.2,6023547,416233.0,392066.0,986.2,1012.2,981.3,986.2,120508500,1084.8,887.6,1102.5,649.1,1010.5,5004,4,1010.4,320,4,1010.3,909,8,1010.2,952,10,1010.1,1930,15,1010.9,191,4,1011.0,2115,18,1011.1,411,7,1011.2,2258,12,1011.3,1149,11
317,2025-11-26 12:16:55+05:30,1010.8,12,999.2,6023547,416233.0,392066.0,986.2,1012.2,981.3,986.2,120508500,1084.8,887.6,1102.5,649.1,1010.5,5004,4,1010.4,320,4,1010.3,909,8,1010.2,952,10,1010.1,1930,15,1010.9,191,4,1011.0,2115,18,1011.1,411,7,1011.2,2258,12,1011.3,1149,11
317,2025-11-26 12:16:55+05:30,1010.8,12,999.2,6023737,421489.0,392278.0,986.2,1012.2,981.3,986.2,120508500,1084.8,887.6,1102.5,649.1,1010.5,5228,6,1010.4,449,5,1010.3,1125,12,1010.2,961,15,1010.1,935,11,1010.8,10,1,1011.0,1850,13,1011.1,666,10,1011.2,2317,10,1011.3,1172,12
317,2025-11-26 12:16:56+05:30,1010.8,57,999.2,6023737,421489.0,392278.0,986.2,1012.2,981.3,986.2,120508500,1084.8,887.6,1102.5,649.1,1010.5,5228,6,1010.4,449,5,1010.3,1125,12,1010.2,961,15,1010.1,935,11,1010.8,10,1,1011.0,1850,13,1011.1,666,10,1011.2,2317,10,1011.3,1172,12
317,2025-11-26 12:16:56+05:30,1010.8,57,999.2,6023797,422980.0,392910.0,986.2,1012.2,981.3,986.2,120508500,1084.8,887.6,1102.5,649.1,1010.5,5293,8,1010.4,739,7,1010.3,1070,12,1010.2,968,16,1010.1,928,10,1010.7,5,1,1011.0,1711,13,1011.1,572,7,1011.2,2318,10,1011.3,1172,12
317,2025-11-26 12:16:57+05:30,1010.8,57,999.2,6023797,419792.0,393859.0,986.2,1012.2,981.3,986.2,120508500,1084.8,887.6,1102.5,649.1,1010.5,5021,5,1010.4,490,3,1010.3,1141,12,1010.2,904,12,1010.1,1081,14,1010.6,40,1,1010.7,5,1,1010.9,251,2,1011.0,1988,17,1011.1,572,7
317,2025-11-26 12:16:58+05:30,1010.5,1,999.2,6023797,419792.0,393859.0,986.2,1012.2,981.3,986.2,120508500,1084.8,887.6,1102.5,649.1,1010.5,5021,5,1010.4,490,3,1010.3,1141,12,1010.2,904,12,1010.1,1081,14,1010.6,40,1,1010.7,5,1,1010.9,251,2,1011.0,1988,17,1011.1,572,7
317,2025-11-26 12:16:58+05:30,1010.5,1,999.2,6023799,419631.0,393727.0,986.2,1012.2,981.3,986.2,120508500,1084.8,887.6,1102.5,649.1,1010.5,5020,5,1010.4,391,3,1010.3,1059,11,1010.2,925,13,1010.1,1081,14,1010.6,39,1,1010.7,5,1,1010.9,252,3,1011.0,1988,17,1011.1,572,7
317,2025-11-26 12:16:59+05:30,1010.5,496,999.2,6023799,419631.0,393727.0,986.2,1012.2,981.3,986.2,120508500,1084.8,887.6,1102.5,649.1,1010.5,5020,5,1010.4,391,3,1010.3,1059,11,1010.2,925,13,1010.1,1081,14,1010.6,39,1,1010.7,5,1,1010.9,252,3,1011.0,1988,17,1011.1,572,7
317,2025-11-26 12:16:59+05:30,1010.5,496,999.2,6024295,419122.0,394135.0,986.2,1012.2,981.3,986.2,120508500,1084.8,887.6,1102.5,649.1,1010.5,4524,5,1010.3,941,9,1010.2,931,10,1010.1,1096,15,1010.0,9984,32,1010.6,39,1,1010.7,5,1,1010.8,243,3,1010.9,556,6,1011.0,2089,18
317,2025-11-26 12:17:00+05:30,1010.6,163,999.2,6024295,419122.0,394135.0,986.2,1012.2,981.3,986.2,120508500,1084.8,887.6,1102.5,649.1,1010.5,4524,5,1010.3,941,9,1010.2,931,10,1010.1,1096,15,1010.0,9984,32,1010.6,39,1,1010.7,5,1,1010.8,243,3,1010.9,556,6,1011.0,2089,18
317,2025-11-26 12:17:01+05:30,1010.6,40,999.2,6024572,422560.0,393837.0,986.2,1012.2,981.3,986.2,120508500,1084.8,887.6,1102.5,649.1,1010.6,1,1,1010.5,4491,5,1010.4,250,2,1010.3,974,9,1010.2,952,11,1010.7,5,1,1010.8,5,1,1010.9,415,5,1011.0,2079,16,1011.1,572,7
317,2025-11-26 12:17:01+05:30,1010.7,91,999.2,6024572,422560.0,393837.0,986.2,1012.2,981.3,986.2,120508500,1084.8,887.6,1102.5,649.1,1010.6,1,1,1010.5,4491,5,1010.4,250,2,1010.3,974,9,1010.2,952,11,1010.7,5,1,1010.8,5,1,1010.9,415,5,1011.0,2079,16,1011.1,572,7
317,2025-11-26 12:17:02+05:30,1010.8,1,999.2,6024669,421849.0,394414.0,986.2,1012.2,981.3,986.2,120508500,1084.8,887.6,1102.5,649.1,1010.5,4486,4,1010.3,775,7,1010.2,1058,11,1010.1,1173,16,1010.0,9918,30,1010.8,70,3,1010.9,873,10,1011.0,2334,18,1011.1,610,10,1011.2,2541,12
317,2025-11-26 12:17:02+05:30,1010.8,1,999.2,6024669,421849.0,394414.0,986.2,1012.2,981.3,986.2,120508500,1084.8,887.6,1102.5,649.1,1010.5,4486,4,1010.3,775,7,1010.2,1058,11,1010.1,1173,16,1010.0,9918,30,1010.8,70,3,1010.9,873,10,1011.0,2334,18,1011.1,610,10,1011.2,2541,12
317,2025-11-26 12:17:03+05:30,1010.8,4,999.2,6024678,422273.0,394412.0,986.2,1012.2,981.3,986.2,120508500,1084.8,887.6,1102.5,649.1,1010.6,131,1,1010.5,4486,4,1010.3,890,8,1010.2,943,10,1010.1,1180,17,1010.8,33,3,1010.9,873,10,1011.0,2334,18,1011.1,610,10,1011.2,2243,11
317,2025-11-26 12:17:03+05:30,1010.8,4,999.2,6024678,422273.0,394412.0,986.2,1012.2,981.3,986.2,120508500,1084.8,887.6,1102.5,649.1,1010.6,131,1,1010.5,4486,4,1010.3,890,8,1010.2,943,10,1010.1,1180,17,1010.8,33,3,1010.9,873,10,1011.0,2334,18,1011.1,610,10,1011.2,2243,11
317,2025-11-26 12:17:04+05:30,1010.8,4,999.2,6024678,422030.0,394399.0,986.2,1012.2,981.3,986.2,120508500,1084.8,887.6,1102.5,649.1,1010.6,131,1,1010.5,4486,4,1010.3,890,8,1010.2,943,10,1010.1,1180,17,1010.8,68,4,1010.9,873,10,1011.0,2360,19,1011.1,505,10,1011.2,2243,11
317,2025-11-26 12:17:04+05:30,1010.6,1,999.2,6024678,422030.0,394399.0,986.2,1012.2,981.3,986.2,120508500,1084.8,887.6,1102.5,649.1,1010.6,131,1,1010.5,4486,4,1010.3,890,8,1010.2,943,10,1010.1,1180,17,1010.8,68,4,1010.9,873,10,1011.0,2360,19,1011.1,505,10,1011.2,2243,11
317,2025-11-26 12:17:05+05:30,1010.8,2,999.2,6024681,422091.0,394202.0,986.2,1012.2,981.3,986.2,120508500,1084.8,887.6,1102.5,649.1,1010.6,130,1,1010.5,4486,4,1010.3,890,8,1010.2,943,10,1010.1,1180,17,1010.8,66,4,1010.9,799,9,1011.0,2408,19,1011.1,505,10,1011.2,2243,11
317,2025-11-26 12:17:05+05:30,1010.8,2,999.2,6024681,422091.0,394202.0,986.2,1012.2,981.3,986.2,120508500,1084.8,887.6,1102.5,649.1,1010.6,130,1,1010.5,4486,4,1010.3,890,8,1010.2,943,10,1010.1,1180,17,1010.8,66,4,1010.9,799,9,1011.0,2408,19,1011.1,505,10,1011.2,2243,11
317,2025-11-26 12:17:06+05:30,1010.8,1,999.2,6024782,417875.0,394418.0,986.2,1012.2,981.3,986.2,120508500,1084.8,887.6,1102.5,649.1,1010.6,30,1,1010.5,4486,4,1010.3,890,8,1010.2,943,10,1010.1,1180,17,1010.7,99,1,1010.8,65,4,1010.9,873,10,1011.0,2334,18,1011.1,505,10
317,2025-11-26 12:17:06+05:30,1010.6,4,999.2,6024782,417875.0,394418.0,986.2,1012.2,981.3,986.2,120508500,1084.8,887.6,1102.5,649.1,1010.6,30,1,1010.5,4486,4,1010.3,890,8,1010.2,943,10,1010.1,1180,17,1010.7,99,1,1010.8,65,4,1010.9,873,10,1011.0,2334,18,1011.1,505,10
317,2025-11-26 12:17:07+05:30,1010.6,4,999.21,6030198,412668.0,396796.0,986.2,1012.2,981.3,986.2,120508500,1084.8,887.6,1102.5,649.1,1010.2,269,2,1010.1,1103,5,1010.0,9072,27,1009.9,1082,12,1009.8,1345,10,1010.7,701,10,1010.8,689,14,1010.9,1035,12,1011.0,2783,21,1011.1,767,11
317,2025-11-26 12:17:08+05:30,1010.1,145,999.21,6031343,415293.0,399110.0,986.2,1012.2,981.3,986.2,120508500,1084.8,887.6,1102.5,649.1,1010.2,87,1,1010.0,9224,26,1009.9,949,13,1009.8,689,13,1009.7,1764,11,1010.6,805,7,1010.7,978,10,1010.8,823,16,1010.9,1028,12,1011.0,2465,19
317,2025-11-26 12:17:08+05:30,1010.1,145,999.21,6031343,415293.0,399110.0,986.2,1012.2,981.3,986.2,120508500,1084.8,887.6,1102.5,649.1,1010.2,87,1,1010.0,9224,26,1009.9,949,13,1009.8,689,13,1009.7,1764,11,1010.6,805,7,1010.7,978,10,1010.8,823,16,1010.9,1028,12,1011.0,2465,19
317,2025-11-26 12:17:09+05:30,1010.6,1,999.21,6031497,415565.0,398838.0,986.2,1012.2,981.3,986.2,120508500,1084.8,887.6,1102.5,649.1,1010.2,87,1,1010.1,107,1,1010.0,9413,28,1009.9,834,12,1009.8,689,13,1010.6,717,5,1010.7,1125,10,1010.8,832,16,1010.9,1028,12,1011.0,2465,19
317,2025-11-26 12:17:09+05:30,1010.6,28,999.21,6031497,415565.0,398838.0,986.2,1012.2,981.3,986.2,120508500,1084.8,887.6,1102.5,649.1,1010.2,87,1,1010.1,107,1,1010.0,9413,28,1009.9,834,12,1009.8,689,13,1010.6,717,5,1010.7,1125,10,1010.8,832,16,1010.9,1028,12,1011.0,2465,19
317,2025-11-26 12:17:10+05:30,1010.1,5,999.21,6032547,412824.0,398258.0,986.2,1012.2,981.3,986.2,120508500,1084.8,887.6,1102.5,649.1,1010.1,337,5,1010.0,9336,29,1009.9,768,8,1009.8,845,15,1009.7,869,10,1010.4,155,1,1010.6,625,4,1010.7,738,7,1010.8,829,14,1010.9,787,11
317,2025-11-26 12:17:10+05:30,1010.4,125,999.21,6032547,412824.0,398258.0,986.2,1012.2,981.3,986.2,120508500,1084.8,887.6,1102.5,649.1,1010.1,337,5,1010.0,9336,29,1009.9,768,8,1009.8,845,15,1009.7,869,10,1010.4,155,1,1010.6,625,4,1010.7,738,7,1010.8,829,14,1010.9,787,11
317,2025-11-26 12:17:11+05:30,1010.4,100,999.21,6032774,414988.0,398750.0,986.2,1012.2,981.3,986.2,120508500,1084.8,887.6,1102.5,649.1,1010.1,399,7,1010.0,9287,28,1009.9,781,9,1009.8,845,15,1009.7,856,9,1010.4,155,1,1010.6,486,2,1010.7,875,7,1010.8,806,14,1010.9,750,10
317,2025-11-26 12:17:11+05:30,1010.4,100,999.21,6032774,414988.0,398750.0,986.2,1012.2,981.3,986.2,120508500,1084.8,887.6,1102.5,649.1,1010.1,399,7,1010.0,9287,28,1009.9,781,9,1009.8,845,15,1009.7,856,9,1010.4,155,1,1010.6,486,2,1010.7,875,7,1010.8,806,14,1010.9,750,10
317,2025-11-26 12:17:12+05:30,1010.0,83,999.22,6035598,416528.0,398398.0,986.2,1012.2,981.3,986.2,120508500,1084.8,887.6,1102.5,649.1,1010.1,67,1,1010.0,10903,30,1009.9,802,9,1009.8,787,15,1009.7,1042,10,1010.4,25,2,1010.6,432,3,1010.7,863,8,1010.8,807,13,1010.9,1092,12
317,2025-11-26 12:17:12+05:30,1010.0,83,999.22,6035598,416528.0,398398.0,986.2,1012.2,981.3,986.2,120508500,1084.8,887.6,1102.5,649.1,1010.1,67,1,1010.0,10903,30,1009.9,802,9,1009.8,787,15,1009.7,1042,10,1010.4,25,2,1010.6,432,3,1010.7,863,8,1010.8,807,13,1010.9,1092,12
317,2025-11-26 12:17:13+05:30,1010.2,82,999.22,6035783,417591.0,398503.0,986.2,1012.2,981.3,986.2,120508500,1084.8,887.6,1102.5,649.1,1010.1,394,7,1010.0,10879,29,1009.9,774,8,1009.8,787,15,1009.7,1054,10,1010.2,83,1,1010.4,11,2,1010.5,49,1,1010.6,432,3,1010.7,977,9
317,2025-11-26 12:17:13+05:30,1010.2,83,999.22,6035783,417591.0,398503.0,986.2,1012.2,981.3,986.2,120508500,1084.8,887.6,1102.5,649.1,1010.1,394,7,1010.0,10879,29,1009.9,774,8,1009.8,787,15,1009.7,1054,10,1010.2,83,1,1010.4,11,2,1010.5,49,1,1010.6,432,3,1010.7,977,9
317,2025-11-26 12:17:14+05:30,1010.2,78,999.22,6036434,414860.0,398214.0,986.2,1012.2,981.3,986.2,120508500,1084.8,887.6,1102.5,649.1,1010.1,507,8,1010.0,10886,30,1009.9,801,9,1009.8,780,14,1009.7,868,9,1010.3,56,1,1010.4,11,2,1010.6,388,2,1010.7,732,7,1010.8,1059,13
317,2025-11-26 12:17:14+05:30,1010.2,67,999.22,6036434,414860.0,398214.0,986.2,1012.2,981.3,986.2,120508500,1084.8,887.6,1102.5,649.1,1010.1,507,8,1010.0,10886,30,1009.9,801,9,1009.8,780,14,1009.7,868,9,1010.3,56,1,1010.4,11,2,1010.6,388,2,1010.7,732,7,1010.8,1059,13
317,2025-11-26 12:17:15+05:30,1010.4,1,999.22,6036898,421444.0,392787.0,986.2,1012.2,981.3,986.2,120508500,1084.8,887.6,1102.5,649.1,1010.4,355,4,1010.3,923,11,1010.2,1218,11,1010.1,856,12,1010.0,11750,34,1010.7,101,2,1010.8,16,2,1010.9,857,3,1011.0,1945,12,1011.1,219,3
317,2025-11-26 12:17:15+05:30,1010.4,1,999.22,6036898,421444.0,392787.0,986.2,1012.2,981.3,986.2,120508500,1084.8,887.6,1102.5,649.1,1010.4,355,4,1010.3,923,11,1010.2,1218,11,1010.1,856,12,1010.0,11750,34,1010.7,101,2,1010.8,16,2,1010.9,857,3,1011.0,1945,12,1011.1,219,3
317,2025-11-26 12:17:16+05:30,1010.7,1,999.22,6036963,422374.0,393473.0,986.2,1012.2,981.3,986.2,120508500,1084.8,887.6,1102.5,649.1,1010.4,844,8,1010.3,741,9,1010.2,1265,14,1010.1,869,13,1010.0,11750,34,1010.7,165,3,1010.8,3,1,1010.9,1152,6,1011.0,1957,12,1011.1,420,5
317,2025-11-26 12:17:16+05:30,1010.4,5,999.22,6036963,422374.0,393473.0,986.2,1012.2,981.3,986.2,120508500,1084.8,887.6,1102.5,649.1,1010.4,844,8,1010.3,741,9,1010.2,1265,14,1010.1,869,13,1010.0,11750,34,1010.7,165,3,1010.8,3,1,1010.9,1152,6,1011.0,1957,12,1011.1,420,5
317,2025-11-26 12:17:17+05:30,1010.7,102,999.22,6037106,424002.0,393142.0,986.2,1012.2,981.3,986.2,120508500,1084.8,887.6,1102.5,649.1,1010.5,535,8,1010.4,1181,11,1010.3,984,13,1010.2,958,9,1010.1,1951,14,1010.7,57,2,1010.8,7,2,1010.9,966,5,1011.0,1846,11,1011.1,420,5
317,2025-11-26 12:17:17+05:30,1010.8,36,999.22,6037106,424002.0,393142.0,986.2,1012.2,981.3,986.2,120508500,1084.8,887.6,1102.5,649.1,1010.5,535,8,1010.4,1181,11,1010.3,984,13,1010.2,958,9,1010.1,1951,14,1010.7,57,2,1010.8,7,2,1010.9,966,5,1011.0,1846,11,1011.1,420,5
317,2025-11-26 12:17:18+05:30,1010.6,144,999.22,6037682,425338.0,391892.0,986.2,1012.2,981.3,986.2,120508500,1084.8,887.6,1102.5,649.1,1010.6,649,9,1010.5,475,8,1010.4,1476,18,1010.3,1451,16,1010.2,1997,13,1010.9,949,4,1011.0,1651,10,1011.1,5,1,1011.2,1904,5,1011.3,454,6
317,2025-11-26 12:17:18+05:30,1011.1,5,999.22,6037682,425338.0,391892.0,986.2,1012.2,981.3,986.2,120508500,1084.8,887.6,1102.5,649.1,1010.6,649,9,1010.5,475,8,1010.4,1476,18,1010.3,1451,16,1010.2,1997,13,1010.9,949,4,1011.0,1651,10,1011.1,5,1,1011.2,1904,5,1011.3,454,6
317,2025-11-26 12:17:19+05:30,1011.2,921,999.23,6043182,424205.0,384676.0,986.2,1012.2,981.3,986.2,120508500,1084.8,887.6,1102.5,649.1,1011.0,533,7,1010.9,666,7,1010.8,1195,13,1010.7,1190,18,1010.6,2060,17,1011.2,437,3,1011.3,17,1,1011.4,184,4,1011.5,3166,10,1011.6,1191,12
317,2025-11-26 12:17:19+05:30,1011.0,51,999.23,6043182,424205.0,384676.0,986.2,1012.2,981.3,986.2,120508500,1084.8,887.6,1102.5,649.1,1011.0,533,7,1010.9,666,7,1010.8,1195,13,1010.7,1190,18,1010.6,2060,17,1011.2,437,3,1011.3,17,1,1011.4,184,4,1011.5,3166,10,1011.6,1191,12
317,2025-11-26 12:17:20+05:30,1011.2,190,999.24,6043905,424158.0,385112.0,986.2,1012.2,981.3,986.2,120508500,1084.8,887.6,1102.5,649.1,1010.9,358,6,1010.8,1412,16,1010.7,1018,14,1010.6,3237,16,1010.5,1046,12,1011.2,365,4,1011.3,17,1,1011.4,370,5,1011.5,3166,10,1011.6,1408,15
317,2025-11-26 12:17:20+05:30,1011.2,118,999.24,6043905,424158.0,385112.0,986.2,1012.2,981.3,986.2,120508500,1084.8,887.6,1102.5,649.1,1010.9,358,6,1010.8,1412,16,1010.7,1018,14,1010.6,3237,16,1010.5,1046,12,1011.2,365,4,1011.3,17,1,1011.4,370,5,1011.5,3166,10,1011.6,1408,15
317,2025-11-26 12:17:20+05:30,1011.1,64,999.24,6046995,425880.0,380237.0,986.2,1012.2,981.3,986.2,120508500,1084.8,887.6,1102.5,649.1,1011.2,110,4,1011.1,215,4,1011.0,2082,13,1010.9,3242,13,1010.8,3131,19,1011.4,76,3,1011.5,2831,7,1011.6,737,7,1011.7,476,5,1011.8,904,9
317,2025-11-26 12:17:21+05:30,1011.4,1,999.24,6046995,425880.0,380237.0,986.2,1012.2,981.3,986.2,120508500,1084.8,887.6,1102.5,649.1,1011.2,110,4,1011.1,215,4,1011.0,2082,13,1010.9,3242,13,1010.8,3131,19,1011.4,76,3,1011.5,2831,7,1011.6,737,7,1011.7,476,5,1011.8,904,9
317,2025-11-26 12:17:21+05:30,1011.3,1,999.24,6047118,426276.0,381160.0,986.2,1012.2,981.3,986.2,120508500,1084.8,887.6,1102.5,649.1,1011.2,286,4,1011.1,525,6,1011.0,2009,15,1010.9,3280,15,1010.8,3131,19,1011.3,95,1,1011.4,75,3,1011.5,2831,7,1011.6,737,7,1011.7,476,5
317,2025-11-26 12:17:22+05:30,1011.5,122,999.24,6047118,426276.0,381160.0,986.2,1012.2,981.3,986.2,120508500,1084.8,887.6,1102.5,649.1,1011.2,286,4,1011.1,525,6,1011.0,2009,15,1010.9,3280,15,1010.8,3131,19,1011.3,95,1,1011.4,75,3,1011.5,2831,7,1011.6,737,7,1011.7,476,5
317,2025-11-26 12:17:22+05:30,1011.5,53,999.26,6053608,423387.0,377509.0,986.2,1012.2,981.3,986.2,120508500,1084.8,887.6,1102.5,649.1,1011.2,420,5,1011.1,918,7,1011.0,1553,15,1010.9,3335,15,1010.8,2139,8,1011.5,87,1,1011.6,551,6,1011.7,192,4,1011.8,941,9,1011.9,1903,12
317,2025-11-26 12:17:23+05:30,1011.7,4,999.26,6053608,423387.0,377509.0,986.2,1012.2,981.3,986.2,120508500,1084.8,887.6,1102.5,649.1,1011.2,420,5,1011.1,918,7,1011.0,1553,15,1010.9,3335,15,1010.8,2139,8,1011.5,87,1,1011.6,551,6,1011.7,192,4,1011.8,941,9,1011.9,1903,12
317,2025-11-26 12:17:23+05:30,1011.7,12,999.26,6055891,422565.0,376974.0,986.2,1012.2,981.3,986.2,120508500,1084.8,887.6,1102.5,649.1,1011.3,246,6,1011.2,891,9,1011.1,1399,10,1011.0,1988,16,1010.9,2730,17,1011.7,87,1,1011.8,333,8,1011.9,1929,14,1012.0,6775,48,1012.1,777,11
317,2025-11-26 12:17:24+05:30,1011.7,13,999.26,6055891,422565.0,376974.0,986.2,1012.2,981.3,986.2,120508500,1084.8,887.6,1102.5,649.1,1011.3,246,6,1011.2,891,9,1011.1,1399,10,1011.0,1988,16,1010.9,2730,17,1011.7,87,1,1011.8,333,8,1011.9,1929,14,1012.0,6775,48,1012.1,777,11
317,2025-11-26 12:17:24+05:30,1011.8,27,999.26,6056482,422749.0,377389.0,986.2,1012.2,981.3,986.2,120508500,1084.8,887.6,1102.5,649.1,1011.4,152,2,1011.3,300,4,1011.2,989,9,1011.1,1440,12,1011.0,1975,15,1011.8,441,4,1011.9,1793,17,1012.0,6846,48,1012.1,878,12,1012.2,2656,9
317,2025-11-26 12:17:25+05:30,1011.7,12,999.26,6056482,422749.0,377389.0,986.2,1012.2,981.3,986.2,120508500,1084.8,887.6,1102.5,649.1,1011.4,152,2,1011.3,300,4,1011.2,989,9,1011.1,1440,12,1011.0,1975,15,1011.8,441,4,1011.9,1793,17,1012.0,6846,48,1012.1,878,12,1012.2,2656,9
317,2025-11-26 12:17:25+05:30,1011.5,100,999.26,6056963,424408.0,376177.0,986.2,1012.2,981.3,986.2,120508500,1084.8,887.6,1102.5,649.1,1011.7,1,1,1011.5,49,1,1011.4,333,3,1011.3,559,8,1011.2,1493,10,1011.8,189,3,1011.9,1575,15,1012.0,7064,49,1012.1,725,9,1012.2,2842,10
317,2025-11-26 12:17:26+05:30,1011.4,120,999.26,6056963,424408.0,376177.0,986.2,1012.2,981.3,986.2,120508500,1084.8,887.6,1102.5,649.1,1011.7,1,1,1011.5,49,1,1011.4,333,3,1011.3,559,8,1011.2,1493,10,1011.8,189,3,1011.9,1575,15,1012.0,7064,49,1012.1,725,9,1012.2,2842,10
317,2025-11-26 12:17:26+05:30,1011.4,120,999.26,6057199,421595.0,377307.0,986.2,1012.2,981.3,986.2,120508500,1084.8,887.6,1102.5,649.1,1011.4,65,1,1011.3,211,5,1011.2,904,7,1011.1,1508,11,1011.0,992,15,1011.8,598,8,1011.9,2121,21,1012.0,6922,50,1012.1,725,9,1012.2,2679,10
317,2025-11-26 12:17:27+05:30,1011.8,81,999.26,6057199,421595.0,377307.0,986.2,1012.2,981.3,986.2,120508500,1084.8,887.6,1102.5,649.1,1011.4,65,1,1011.3,211,5,1011.2,904,7,1011.1,1508,11,1011.0,992,15,1011.8,598,8,1011.9,2121,21,1012.0,6922,50,1012.1,725,9,1012.2,2679,10
317,2025-11-26 12:17:28+05:30,1011.4,40,999.26,6057822,422444.0,377193.0,986.2,1012.2,981.3,986.2,120508500,1084.8,887.6,1102.5,649.1,1011.4,38,2,1011.3,519,6,1011.2,1023,8,1011.1,1707,12,1011.0,1384,17,1011.8,254,4,1011.9,1914,12,1012.0,7012,56,1012.1,685,8,1012.2,2865,11
317,2025-11-26 12:17:28+05:30,1011.4,11,999.26,6057822,422444.0,377193.0,986.2,1012.2,981.3,986.2,120508500,1084.8,887.6,1102.5,649.1,1011.4,38,2,1011.3,519,6,1011.2,1023,8,1011.1,1707,12,1011.0,1384,17,1011.8,254,4,1011.9,1914,12,1012.0,7012,56,1012.1,685,8,1012.2,2865,11
317,2025-11-26 12:17:29+05:30,1011.8,8,999.26,6057942,420044.0,377400.0,986.2,1012.2,981.3,986.2,120508500,1084.8,887.6,1102.5,649.1,1011.3,264,6,1011.2,428,6,1011.1,732,8,1011.0,1526,19,1010.9,1894,14,1011.8,512,8,1011.9,1652,13,1012.0,6946,54,1012.1,681,8,1012.2,2972,11
317,2025-11-26 12:17:29+05:30,1011.8,8,999.26,6057942,420044.0,377400.0,986.2,1012.2,981.3,986.2,120508500,1084.8,887.6,1102.5,649.1,1011.3,264,6,1011.2,428,6,1011.1,732,8,1011.0,1526,19,1010.9,1894,14,1011.8,512,8,1011.9,1652,13,1012.0,6946,54,1012.1,681,8,1012.2,2972,11
317,2025-11-26 12:17:30+05:30,1011.7,1,999.26,6057948,419416.0,377817.0,986.2,1012.2,981.3,986.2,120508500,1084.8,887.6,1102.5,649.1,1011.3,209,6,1011.2,554,7,1011.1,732,8,1011.0,1536,20,1010.9,2009,15,1011.7,4,1,1011.8,512,8,1011.9,1999,15,1012.0,6949,55,1012.1,691,9
317,2025-11-26 12:17:30+05:30,1011.7,4,999.26,6057948,419416.0,377817.0,986.2,1012.2,981.3,986.2,120508500,1084.8,887.6,1102.5,649.1,1011.3,209,6,1011.2,554,7,1011.1,732,8,1011.0,1536,20,1010.9,2009,15,1011.7,4,1,1011.8,512,8,1011.9,1999,15,1012.0,6949,55,1012.1,691,9
317,2025-11-26 12:17:31+05:30,1011.9,21,999.27,6059665,427196.0,372186.0,986.2,1012.2,981.3,986.2,120508500,1084.8,887.6,1102.5,649.1,1011.8,171,2,1011.7,378,7,1011.6,476,7,1011.5,601,9,1011.4,1117,8,1011.9,969,7,1012.0,6197,44,1012.1,206,2,1012.2,2421,7,1012.3,727,13
317,2025-11-26 12:17:31+05:30,1011.9,21,999.27,6059665,427196.0,372186.0,986.2,1012.2,981.3,986.2,120508500,1084.8,887.6,1102.5,649.1,1011.8,171,2,1011.7,378,7,1011.6,476,7,1011.5,601,9,1011.4,1117,8,1011.9,969,7,1012.0,6197,44,1012.1,206,2,1012.2,2421,7,1012.3,727,13
317,2025-11-26 12:17:32+05:30,1011.7,170,999.27,6060382,428110.0,372336.0,986.2,1012.2,981.3,986.2,120508500,1084.8,887.6,1102.5,649.1,1011.6,293,6,1011.5,642,14,1011.4,1429,8,1011.3,3306,16,1011.2,2489,16,1011.7,96,1,1011.9,981,8,1012.0,6198,45,1012.1,312,3,1012.2,2693,6
317,2025-11-26 12:17:32+05:30,1011.5,27,999.27,6060382,428110.0,372336.0,986.2,1012.2,981.3,986.2,120508500,1084.8,887.6,1102.5,649.1,1011.6,293,6,1011.5,642,14,1011.4,1429,8,1011.3,3306,16,1011.2,2489,16,1011.7,96,1,1011.9,981,8,1012.0,6198,45,1012.1,312,3,1012.2,2693,6
317,2025-11-26 12:17:33+05:30,1011.7,34,999.27,6061130,426588.0,372403.0,986.2,1012.2,981.3,986.2,120508500,1084.8,887.6,1102.5,649.1,1011.5,398,6,1011.4,1106,9,1011.3,3829,14,1011.2,2555,15,1011.1,989,11,1011.7,47,1,1011.9,981,8,1012.0,6384,46,1012.1,312,3,1012.2,2421,7
317,2025-11-26 12:17:33+05:30,1011.9,10,999.27,6061130,426588.0,372403.0,986.2,1012.2,981.3,986.2,120508500,1084.8,887.6,1102.5,649.1,1011.5,398,6,1011.4,1106,9,1011.3,3829,14,1011.2,2555,15,1011.1,989,11,1011.7,47,1,1011.9,981,8,1012.0,6384,46,1012.1,312,3,1012.2,2421,7
317,2025-11-26 12:17:34+05:30,1011.9,32,999.27,6062127,421907.0,379695.0,986.2,1012.2,981.3,986.2,120508500,1084.8,887.6,1102.5,649.1,1011.6,112,1,1011.5,1,1,1011.3,185,3,1011.2,990,12,1011.1,1364,10,1011.7,418,2,1011.8,5306,4,1011.9,512,8,1012.0,6900,52,1012.1,505,7
317,2025-11-26 12:17:34+05:30,1011.3,24,999.27,6062127,421907.0,379695.0,986.2,1012.2,981.3,986.2,120508500,1084.8,887.6,1102.5,649.1,1011.6,112,1,1011.5,1,1,1011.3,185,3,1011.2,990,12,1011.1,1364,10,1011.7,418,2,1011.8,5306,4,1011.9,512,8,1012.0,6900,52,1012.1,505,7
317,2025-11-26 12:17:35+05:30,1011.7,50,999.27,6062531,425864.0,379209.0,986.2,1012.2,981.3,986.2,120508500,1084.8,887.6,1102.5,649.1,1011.6,1,1,1011.4,464,6,1011.3,1371,15,1011.2,3294,18,1011.1,2468,12,1011.7,202,2,1011.8,4945,1,1011.9,423,7,1012.0,6847,51,1012.1,321,4
317,2025-11-26 12:17:35+05:30,1011.7,50,999.27,6062531,425864.0,379209.0,986.2,1012.2,981.3,986.2,120508500,1084.8,887.6,1102.5,649.1,1011.6,1,1,1011.4,464,6,1011.3,1371,15,1011.2,3294,18,1011.1,2468,12,1011.7,202,2,1011.8,4945,1,1011.9,423,7,1012.0,6847,51,1012.1,321,4
317,2025-11-26 12:17:36+05:30,1011.8,233,999.27,6062981,424177.0,378593.0,986.2,1012.2,981.3,986.2,120508500,1084.8,887.6,1102.5,649.1,1011.7,2,2,1011.5,49,1,1011.4,678,8,1011.3,1447,15,1011.2,3294,18,1011.8,4712,1,1011.9,149,5,1012.0,6442,47,1012.1,802,6,1012.2,2871,15
317,2025-11-26 12:17:36+05:30,1011.8,233,999.27,6062981,424177.0,378593.0,986.2,1012.2,981.3,986.2,120508500,1084.8,887.6,1102.5,649.1,1011.7,2,2,1011.5,49,1,1011.4,678,8,1011.3,1447,15,1011.2,3294,18,1011.8,4712,1,1011.9,149,5,1012.0,6442,47,1012.1,802,6,1012.2,2871,15
317,2025-11-26 12:17:37+05:30,1011.8,2,999.27,6062983,423662.0,378705.0,986.2,1012.2,981.3,986.2,120508500,1084.8,887.6,1102.5,649.1,1011.7,1,1,1011.5,49,1,1011.4,650,7,1011.3,1447,15,1011.2,2544,17,1011.8,4710,1,1011.9,149,5,1012.0,6447,48,1012.1,851,7,1012.2,2871,15
317,2025-11-26 12:17:37+05:30,1011.8,3,999.27,6062983,423662.0,378705.0,986.2,1012.2,981.3,986.2,120508500,1084.8,887.6,1102.5,649.1,1011.7,1,1,1011.5,49,1,1011.4,650,7,1011.3,1447,15,1011.2,2544,17,1011.8,4710,1,1011.9,149,5,1012.0,6447,48,1012.1,851,7,1012.2,2871,15
317,2025-11-26 12:17:38+05:30,1011.8,3638,999.28,6066624,424418.0,374811.0,986.2,1012.2,981.3,986.2,120508500,1084.8,887.6,1102.5,649.1,1011.5,218,4,1011.4,1031,11,1011.3,1722,17,1011.2,2784,19,1011.1,2639,13,1011.8,1079,2,1011.9,131,4,1012.0,6384,46,1012.1,553,6,1012.2,3204,15
317,2025-11-26 12:17:38+05:30,1011.8,171,999.28,6066624,424418.0,374811.0,986.2,1012.2,981.3,986.2,120508500,1084.8,887.6,1102.5,649.1,1011.5,218,4,1011.4,1031,11,1011.3,1722,17,1011.2,2784,19,1011.1,2639,13,1011.8,1079,2,1011.9,131,4,1012.0,6384,46,1012.1,553,6,1012.2,3204,15
317,2025-11-26 12:17:39+05:30,1011.8,171,999.28,6066795,424376.0,374908.0,986.2,1012.2,981.3,986.2,120508500,1084.8,887.6,1102.5,649.1,1011.5,415,6,1011.4,1031,11,1011.3,1722,17,1011.2,2779,18,1011.1,2537,14,1011.8,1144,3,1011.9,131,4,1012.0,6198,45,1012.1,473,5,1012.2,2806,13
317,2025-11-26 12:17:39+05:30,1011.8,50,999.28,6066795,424376.0,374908.0,986.2,1012.2,981.3,986.2,120508500,1084.8,887.6,1102.5,649.1,1011.5,415,6,1011.4,1031,11,1011.3,1722,17,1011.2,2779,18,1011.1,2537,14,1011.8,1144,3,1011.9,131,4,1012.0,6198,45,1012.1,473,5,1012.2,2806,13
317,2025-11-26 12:17:40+05:30,1011.5,3,999.28,6067676,424101.0,374336.0,986.2,1012.2,981.3,986.2,120508500,1084.8,887.6,1102.5,649.1,1011.5,57,3,1011.4,121,3,1011.3,1180,10,1011.2,3123,16,1011.1,2656,16,1011.8,1095,4,1011.9,391,6,1012.0,6442,47,1012.1,776,7,1012.2,2771,13
317,2025-11-26 12:17:40+05:30,1011.8,26,999.28,6067676,424101.0,374336.0,986.2,1012.2,981.3,986.2,120508500,1084.8,887.6,1102.5,649.1,1011.5,57,3,1011.4,121,3,1011.3,1180,10,1011.2,3123,16,1011.1,2656,16,1011.8,1095,4,1011.9,391,6,1012.0,6442,47,1012.1,776,7,1012.2,2771,13
317,2025-11-26 12:17:41+05:30,1011.8,1,999.28,6067855,425059.0,374030.0,986.2,1012.2,981.3,986.2,120508500,1084.8,887.6,1102.5,649.1,1011.7,480,1,1011.5,208,3,1011.4,1008,10,1011.3,1490,12,1011.2,3206,17,1011.8,916,4,1011.9,205,5,1012.0,6195,44,1012.1,412,7,1012.2,2920,10
317,2025-11-26 12:17:41+05:30,1011.7,118,999.28,6067855,425059.0,374030.0,986.2,1012.2,981.3,986.2,120508500,1084.8,887.6,1102.5,649.1,1011.7,480,1,1011.5,208,3,1011.4,1008,10,1011.3,1490,12,1011.2,3206,17,1011.8,916,4,1011.9,205,5,1012.0,6195,44,1012.1,412,7,1012.2,2920,10
317,2025-11-26 12:17:42+05:30,1011.7,78,999.29,6068902,422330.0,376034.0,986.2,1012.2,981.3,986.2,120508500,1084.8,887.6,1102.5,649.1,1011.4,60,1,1011.3,509,8,1011.2,1969,10,1011.1,1686,12,1011.0,1402,12,1011.7,23,2,1011.8,934,6,1011.9,400,4,1012.0,6611,52,1012.1,677,11
317,2025-11-26 12:17:42+05:30,1011.7,78,999.29,6068902,422330.0,376034.0,986.2,1012.2,981.3,986.2,120508500,1084.8,887.6,1102.5,649.1,1011.4,60,1,1011.3,509,8,1011.2,1969,10,1011.1,1686,12,1011.0,1402,12,1011.7,23,2,1011.8,934,6,1011.9,400,4,1012.0,6611,52,1012.1,677,11
317,2025-11-26 12:17:43+05:30,1011.7,5,999.29,6068934,422315.0,375847.0,986.2,1012.2,981.3,986.2,120508500,1084.8,887.6,1102.5,649.1,1011.4,60,1,1011.3,670,8,1011.2,2043,12,1011.1,1686,12,1011.0,1402,12,1011.7,88,1,1011.8,938,7,1011.9,635,6,1012.0,6909,53,1012.1,750,12
317,2025-11-26 12:17:43+05:30,1011.7,103,999.29,6068934,422315.0,375847.0,986.2,1012.2,981.3,986.2,120508500,1084.8,887.6,1102.5,649.1,1011.4,60,1,1011.3,670,8,1011.2,2043,12,1011.1,1686,12,1011.0,1402,12,1011.7,88,1,1011.8,938,7,1011.9,635,6,1012.0,6909,53,1012.1,750,12
317,2025-11-26 12:17:44+05:30,1011.3,30,999.29,6069433,418740.0,376816.0,986.2,1012.2,981.3,986.2,120508500,1084.8,887.6,1102.5,649.1,1011.3,85,2,1011.2,577,7,1011.1,923,9,1011.0,1619,12,1010.9,2361,17,1011.7,94,1,1011.8,1292,10,1011.9,1062,13,1012.0,6735,51,1012.1,745,12
317,2025-11-26 12:17:44+05:30,1011.3,30,999.29,6069433,418740.0,376816.0,986.2,1012.2,981.3,986.2,120508500,1084.8,887.6,1102.5,649.1,1011.3,85,2,1011.2,577,7,1011.1,923,9,1011.0,1619,12,1010.9,2361,17,1011.7,94,1,1011.8,1292,10,1011.9,1062,13,1012.0,6735,51,1012.1,745,12
317,2025-11-26 12:17:45+05:30,1011.7,2,999.29,6069435,418646.0,377822.0,986.2,1012.2,981.3,986.2,120508500,1084.8,887.6,1102.5,649.1,1011.3,374,6,1011.2,834,11,1011.1,994,9,1011.0,1605,11,1010.9,1956,16,1011.7,92,1,1011.8,1124,8,1011.9,1060,10,1012.0,6933,53,1012.1,933,15
317,2025-11-26 12:17:45+05:30,1011.7,2,999.29,6069435,418646.0,377822.0,986.2,1012.2,981.3,986.2,120508500,1084.8,887.6,1102.5,649.1,1011.3,374,6,1011.2,834,11,1011.1,994,9,1011.0,1605,11,1010.9,1956,16,1011.7,92,1,1011.8,1124,8,1011.9,1060,10,1012.0,6933,53,1012.1,933,15
317,2025-11-26 12:17:46+05:30,1011.7,1,999.29,6069437,418701.0,379856.0,986.2,1012.2,981.3,986.2,120508500,1084.8,887.6,1102.5,649.1,1011.3,38,2,1011.2,820,10,1011.1,1001,9,1011.0,1650,13,1010.9,1956,16,1011.7,91,1,1011.8,1184,9,1011.9,1039,11,1012.0,6969,56,1012.1,907,13
317,2025-11-26 12:17:46+05:30,1011.7,1,999.29,6069437,418701.0,379856.0,986.2,1012.2,981.3,986.2,120508500,1084.8,887.6,1102.5,649.1,1011.3,38,2,1011.2,820,10,1011.1,1001,9,1011.0,1650,13,1010.9,1956,16,1011.7,91,1,1011.8,1184,9,1011.9,1039,11,1012.0,6969,56,1012.1,907,13
317,2025-11-26 12:17:47+05:30,1011.3,121,999.29,6069571,421349.0,383604.0,986.2,1012.2,981.3,986.2,120508500,1084.8,887.6,1102.5,649.1,1011.2,121,4,1011.1,246,2,1011.0,739,6,1010.9,887,11,1010.8,1359,11,1011.3,81,1,1011.6,414,2,1011.7,543,6,1011.8,1808,12,1011.9,764,9
317,2025-11-26 12:17:47+05:30,1011.3,121,999.29,6069571,421349.0,383604.0,986.2,1012.2,981.3,986.2,120508500,1084.8,887.6,1102.5,649.1,1011.2,121,4,1011.1,246,2,1011.0,739,6,1010.9,887,11,1010.8,1359,11,1011.3,81,1,1011.6,414,2,1011.7,543,6,1011.8,1808,12,1011.9,764,9
317,2025-11-26 12:17:48+05:30,1011.4,20,999.29,6069672,424147.0,379615.0,986.2,1012.2,981.3,986.2,120508500,1084.8,887.6,1102.5,649.1,1011.4,730,1,1011.3,173,2,1011.2,723,9,1011.1,1161,13,1011.0,2789,16,1011.7,60,1,1011.8,1055,8,1011.9,730,10,1012.0,7259,57,1012.1,772,10
317,2025-11-26 12:17:48+05:30,1011.4,100,999.29,6069672,424147.0,379615.0,986.2,1012.2,981.3,986.2,120508500,1084.8,887.6,1102.5,649.1,1011.4,730,1,1011.3,173,2,1011.2,723,9,1011.1,1161,13,1011.0,2789,16,1011.7,60,1,1011.8,1055,8,1011.9,730,10,1012.0,7259,57,1012.1,772,10
317,2025-11-26 12:17:49+05:30,1011.8,1,999.29,6070203,422564.0,379310.0,986.2,1012.2,981.3,986.2,120508500,1084.8,887.6,1102.5,649.1,1011.4,652,2,1011.3,359,3,1011.2,767,9,1011.1,1683,14,1011.0,3119,16,1011.8,502,6,1011.9,837,11,1012.0,7258,57,1012.1,830,12,1012.2,2868,11
317,2025-11-26 12:17:49+05:30,1011.8,1,999.29,6070203,422564.0,379310.0,986.2,1012.2,981.3,986.2,120508500,1084.8,887.6,1102.5,649.1,1011.4,652,2,1011.3,359,3,1011.2,767,9,1011.1,1683,14,1011.0,3119,16,1011.8,502,6,1011.9,837,11,1012.0,7258,57,1012.1,830,12,1012.2,2868,11
317,2025-11-26 12:17:50+05:30,1011.8,1,999.29,6070204,421888.0,379296.0,986.2,1012.2,981.3,986.2,120508500,1084.8,887.6,1102.5,649.1,1011.4,652,2,1011.3,359,3,1011.2,767,9,1011.1,1720,15,1011.0,2406,16,1011.8,501,6,1011.9,837,11,1012.0,7258,57,1012.1,817,11,1012.2,2868,11
317,2025-11-26 12:17:50+05:30,1011.8,1,999.29,6070204,421888.0,379296.0,986.2,1012.2,981.3,986.2,120508500,1084.8,887.6,1102.5,649.1,1011.4,652,2,1011.3,359,3,1011.2,767,9,1011.1,1720,15,1011.0,2406,16,1011.8,501,6,1011.9,837,11,1012.0,7258,57,1012.1,817,11,1012.2,2868,11
317,2025-11-26 12:17:51+05:30,1011.6,1,999.29,6070836,416277.0,382002.0,986.2,1012.2,981.3,986.2,120508500,1084.8,887.6,1102.5,649.1,1011.3,25,1,1011.2,56,2,1011.1,37,1,1011.0,870,7,1010.9,948,10,1011.6,289,6,1011.7,887,12,1011.8,1406,14,1011.9,1010,13,1012.0,6885,59
317,2025-11-26 12:17:51+05:30,1011.6,1,999.29,6070836,416277.0,382002.0,986.2,1012.2,981.3,986.2,120508500,1084.8,887.6,1102.5,649.1,1011.3,25,1,1011.2,56,2,1011.1,37,1,1011.0,870,7,1010.9,948,10,1011.6,289,6,1011.7,887,12,1011.8,1406,14,1011.9,1010,13,1012.0,6885,59
317,2025-11-26 12:17:52+05:30,1011.4,200,999.29,6071156,418480.0,382741.0,986.2,1012.2,981.3,986.2,120508500,1084.8,887.6,1102.5,649.1,1011.2,49,2,1011.1,61,1,1011.0,783,7,1010.9,881,10,1010.8,1418,12,1011.4,96,1,1011.6,195,3,1011.7,761,9,1011.8,1593,17,1011.9,1303,13
317,2025-11-26 12:17:52+05:30,1011.4,200,999.29,6071156,418480.0,382741.0,986.2,1012.2,981.3,986.2,120508500,1084.8,887.6,1102.5,649.1,1011.2,49,2,1011.1,61,1,1011.0,783,7,1010.9,881,10,1010.8,1418,12,1011.4,96,1,1011.6,195,3,1011.7,761,9,1011.8,1593,17,1011.9,1303,13
317,2025-11-26 12:17:53+05:30,1011.4,5,999.29,6071166,418582.0,384106.0,986.2,1012.2,981.3,986.2,120508500,1084.8,887.6,1102.5,649.1,1011.2,49,2,1011.0,747,7,1010.9,881,10,1010.8,1222,10,1010.7,1982,15,1011.4,86,1,1011.5,54,1,1011.6,240,4,1011.7,883,11,1011.8,1590,17
317,2025-11-26 12:17:53+05:30,1011.4,5,999.29,6071166,418582.0,384106.0,986.2,1012.2,981.3,986.2,120508500,1084.8,887.6,1102.5,649.1,1011.2,49,2,1011.0,747,7,1010.9,881,10,1010.8,1222,10,1010.7,1982,15,1011.4,86,1,1011.5,54,1,1011.6,240,4,1011.7,883,11,1011.8,1590,17
317,2025-11-26 12:17:54+05:30,1011.4,28,999.29,6071195,418503.0,383911.0,986.2,1012.2,981.3,986.2,120508500,1084.8,887.6,1102.5,649.1,1011.2,49,2,1011.0,698,6,1010.9,881,10,1010.8,1222,10,1010.7,2009,16,1011.4,57,1,1011.5,54,1,1011.6,240,4,1011.7,883,11,1011.8,1591,18
317,2025-11-26 12:17:54+05:30,1011.4,30,999.29,6071195,418503.0,383911.0,986.2,1012.2,981.3,986.2,120508500,1084.8,887.6,1102.5,649.1,1011.2,49,2,1011.0,698,6,1010.9,881,10,1010.8,1222,10,1010.7,2009,16,1011.4,57,1,1011.5,54,1,1011.6,240,4,1011.7,883,11,1011.8,1591,18
317,2025-11-26 12:17:55+05:30,1011.3,12,999.29,6071756,416437.0,388185.0,986.2,1012.2,981.3,986.2,120508500,1084.8,887.6,1102.5,649.1,1010.8,111,1,1010.7,795,9,1010.6,861,9,1010.5,894,10,1010.4,1348,13,1011.3,444,7,1011.4,735,12,1011.5,723,12,1011.6,1096,14,1011.7,968,10
317,2025-11-26 12:17:55+05:30,1011.3,12,999.29,6071756,416437.0,388185.0,986.2,1012.2,981.3,986.2,120508500,1084.8,887.6,1102.5,649.1,1010.8,111,1,1010.7,795,9,1010.6,861,9,1010.5,894,10,1010.4,1348,13,1011.3,444,7,1011.4,735,12,1011.5,723,12,1011.6,1096,14,1011.7,968,10
317,2025-11-26 12:17:56+05:30,1011.3,4,999.29,6071762,416770.0,387126.0,986.2,1012.2,981.3,986.2,120508500,1084.8,887.6,1102.5,649.1,1010.9,87,1,1010.8,350,4,1010.7,856,10,1010.6,861,9,1010.5,1314,11,1011.3,205,3,1011.4,519,7,1011.5,676,11,1011.6,824,15,1011.7,1066,11
317,2025-11-26 12:17:56+05:30,1011.3,4,999.29,6071762,416770.0,387126.0,986.2,1012.2,981.3,986.2,120508500,1084.8,887.6,1102.5,649.1,1010.9,87,1,1010.8,350,4,1010.7,856,10,1010.6,861,9,1010.5,1314,11,1011.3,205,3,1011.4,519,7,1011.5,676,11,1011.6,824,15,1011.7,1066,11
317,2025-11-26 12:17:57+05:30,1010.8,31,999.29,6072334,416632.0,386055.0,986.2,1012.2,981.3,986.2,120508500,1084.8,887.6,1102.5,649.1,1010.8,76,3,1010.7,353,6,1010.6,755,9,1010.5,1390,12,1010.4,913,13,1011.3,236,3,1011.4,560,6,1011.5,820,10,1011.6,886,11,1011.7,962,8
317,2025-11-26 12:17:57+05:30,1010.8,31,999.29,6072334,416632.0,386055.0,986.2,1012.2,981.3,986.2,120508500,1084.8,887.6,1102.5,649.1,1010.8,76,3,1010.7,353,6,1010.6,755,9,1010.5,1390,12,1010.4,913,13,1011.3,236,3,1011.4,560,6,1011.5,820,10,1011.6,886,11,1011.7,962,8
317,2025-11-26 12:17:58+05:30,1011.3,5,999.29,6072339,416750.0,386627.0,986.2,1012.2,981.3,986.2,120508500,1084.8,887.6,1102.5,649.1,1010.8,76,3,1010.7,448,6,1010.6,755,9,1010.5,1403,13,1010.4,926,14,1011.3,231,3,1011.4,622,8,1011.5,820,10,1011.6,886,11,1011.7,998,8
317,2025-11-26 12:17:58+05:30,1011.3,5,999.29,6072339,416750.0,386627.0,986.2,1012.2,981.3,986.2,120508500,1084.8,887.6,1102.5,649.1,1010.8,76,3,1010.7,448,6,1010.6,755,9,1010.5,1403,13,1010.4,926,14,1011.3,231,3,1011.4,622,8,1011.5,820,10,1011.6,886,11,1011.7,998,8
317,2025-11-26 12:17:59+05:30,1011.3,5,999.29,6072339,420229.0,390239.0,986.2,1012.2,981.3,986.2,120508500,1084.8,887.6,1102.5,649.1,1010.7,291,4,1010.6,701,9,1010.5,934,10,1010.4,2045,13,1010.3,1620,12,1010.9,50,1,1011.3,277,4,1011.4,829,9,1011.5,1136,14,1011.6,1694,12
317,2025-11-26 12:18:00+05:30,1010.8,2,999.29,6072461,418993.0,390869.0,986.2,1012.2,981.3,986.2,120508500,1084.8,887.6,1102.5,649.1,1010.7,47,2,1010.6,332,4,1010.5,916,9,1010.4,1240,11,1010.3,2651,13,1010.8,48,1,1010.9,50,1,1011.2,249,3,1011.3,420,6,1011.4,833,10
317,2025-11-26 12:18:00+05:30,1010.7,1,999.29,6072461,418993.0,390869.0,986.2,1012.2,981.3,986.2,120508500,1084.8,887.6,1102.5,649.1,1010.7,47,2,1010.6,332,4,1010.5,916,9,1010.4,1240,11,1010.3,2651,13,1010.8,48,1,1010.9,50,1,1011.2,249,3,1011.3,420,6,1011.4,833,10
317,2025-11-26 12:18:01+05:30,1010.8,1,999.29,6072471,418879.0,390824.0,986.2,1012.2,981.3,986.2,120508500,1084.8,887.6,1102.5,649.1,1010.7,38,2,1010.6,52,2,1010.5,800,7,1010.4,811,10,1010.3,2321,13,1010.8,128,2,1010.9,98,3,1011.1,217,3,1011.2,262,4,1011.3,433,7
317,2025-11-26 12:18:01+05:30,1010.7,1,999.29,6072471,418879.0,390824.0,986.2,1012.2,981.3,986.2,120508500,1084.8,887.6,1102.5,649.1,1010.7,38,2,1010.6,52,2,1010.5,800,7,1010.4,811,10,1010.3,2321,13,1010.8,128,2,1010.9,98,3,1011.1,217,3,1011.2,262,4,1011.3,433,7
317,2025-11-26 12:18:02+05:30,1010.7,95,999.3,6073428,418382.0,390820.0,986.2,1012.2,981.3,986.2,120508500,1084.8,887.6,1102.5,649.1,1010.7,13,1,1010.6,13,1,1010.5,764,7,1010.4,775,9,1010.3,2334,14,1010.8,131,4,1010.9,98,3,1011.1,230,4,1011.2,345,7,1011.3,434,8
317,2025-11-26 12:18:02+05:30,1010.7,95,999.3,6073428,418382.0,390820.0,986.2,1012.2,981.3,986.2,120508500,1084.8,887.6,1102.5,649.1,1010.7,13,1,1010.6,13,1,1010.5,764,7,1010.4,775,9,1010.3,2334,14,1010.8,131,4,1010.9,98,3,1011.1,230,4,1011.2,345,7,1011.3,434,8
317,2025-11-26 12:18:03+05:30,1010.8,4,999.3,6073436,418590.0,391052.0,986.2,1012.2,981.3,986.2,120508500,1084.8,887.6,1102.5,649.1,1010.7,81,2,1010.6,619,4,1010.5,764,7,1010.4,977,10,1010.3,1584,13,1010.8,123,4,1010.9,98,3,1011.1,200,2,1011.2,341,7,1011.3,470,10
317,2025-11-26 12:18:03+05:30,1010.8,4,999.3,6073436,418590.0,391052.0,986.2,1012.2,981.3,986.2,120508500,1084.8,887.6,1102.5,649.1,1010.7,81,2,1010.6,619,4,1010.5,764,7,1010.4,977,10,1010.3,1584,13,1010.8,123,4,1010.9,98,3,1011.1,200,2,1011.2,341,7,1011.3,470,10
317,2025-11-26 12:18:04+05:30,1010.8,18,999.3,6073454,418590.0,390806.0,986.2,1012.2,981.3,986.2,120508500,1084.8,887.6,1102.5,649.1,1010.7,81,2,1010.6,619,4,1010.5,764,7,1010.4,977,10,1010.3,1584,13,1010.8,105,4,1010.9,98,3,1011.1,200,2,1011.2,341,7,1011.3,471,11
317,2025-11-26 12:18:04+05:30,1010.8,18,999.3,6073454,418590.0,390806.0,986.2,1012.2,981.3,986.2,120508500,1084.8,887.6,1102.5,649.1,1010.7,81,2,1010.6,619,4,1010.5,764,7,1010.4,977,10,1010.3,1584,13,1010.8,105,4,1010.9,98,3,1011.1,200,2,1011.2,341,7,1011.3,471,11
317,2025-11-26 12:18:05+05:30,1010.8,2,999.3,6073456,418590.0,390860.0,986.2,1012.2,981.3,986.2,120508500,1084.8,887.6,1102.5,649.1,1010.7,81,2,1010.6,619,4,1010.5,764,7,1010.4,977,10,1010.3,1584,13,1010.8,103,4,1010.9,98,3,1011.1,200,2,1011.2,341,7,1011.3,471,11
317,2025-11-26 12:18:05+05:30,1010.8,2,999.3,6073456,418590.0,390860.0,986.2,1012.2,981.3,986.2,120508500,1084.8,887.6,1102.5,649.1,1010.7,81,2,1010.6,619,4,1010.5,764,7,1010.4,977,10,1010.3,1584,13,1010.8,103,4,1010.9,98,3,1011.1,200,2,1011.2,341,7,1011.3,471,11
317,2025-11-26 12:18:06+05:30,1010.8,5,999.3,6073462,418590.0,390897.0,986.2,1012.2,981.3,986.2,120508500,1084.8,887.6,1102.5,649.1,1010.7,81,2,1010.6,619,4,1010.5,764,7,1010.4,977,10,1010.3,1584,13,1010.8,97,4,1010.9,139,4,1011.1,200,2,1011.2,341,7,1011.3,471,11
317,2025-11-26 12:18:06+05:30,1010.7,10,999.3,6073462,418590.0,390897.0,986.2,1012.2,981.3,986.2,120508500,1084.8,887.6,1102.5,649.1,1010.7,81,2,1010.6,619,4,1010.5,764,7,1010.4,977,10,1010.3,1584,13,1010.8,97,4,1010.9,139,4,1011.1,200,2,1011.2,341,7,1011.3,471,11
317,2025-11-26 12:18:07+05:30,1011.2,23,999.3,6076614,414686.0,386614.0,986.2,1012.2,981.3,986.2,120508500,1084.8,887.6,1102.5,649.1,1010.9,45,1,1010.8,411,8,1010.7,734,8,1010.6,1556,14,1010.5,1460,13,1011.3,82,1,1011.4,250,2,1011.5,874,9,1011.6,499,5,1011.7,1016,10
317,2025-11-26 12:18:07+05:30,1011.3,82,999.3,6076614,414686.0,386614.0,986.2,1012.2,981.3,986.2,120508500,1084.8,887.6,1102.5,649.1,1010.9,45,1,1010.8,411,8,1010.7,734,8,1010.6,1556,14,1010.5,1460,13,1011.3,82,1,1011.4,250,2,1011.5,874,9,1011.6,499,5,1011.7,1016,10
317,2025-11-26 12:18:08+05:30,1011.0,68,999.3,6076902,413649.0,389878.0,986.2,1012.2,981.3,986.2,120508500,1084.8,887.6,1102.5,649.1,1011.0,68,1,1010.8,108,1,1010.7,111,2,1010.6,1144,8,1010.5,1014,10,1011.2,561,9,1011.3,666,9,1011.4,844,11,1011.5,1337,12,1011.6,1035,11
317,2025-11-26 12:18:08+05:30,1010.7,11,999.3,6076902,413649.0,389878.0,986.2,1012.2,981.3,986.2,120508500,1084.8,887.6,1102.5,649.1,1011.0,68,1,1010.8,108,1,1010.7,111,2,1010.6,1144,8,1010.5,1014,10,1011.2,561,9,1011.3,666,9,1011.4,844,11,1011.5,1337,12,1011.6,1035,11
317,2025-11-26 12:18:09+05:30,1010.8,120,999.3,6077107,413271.0,390707.0,986.2,1012.2,981.3,986.2,120508500,1084.8,887.6,1102.5,649.1,1010.8,88,1,1010.7,97,1,1010.6,940,5,1010.5,995,10,1010.4,780,12,1011.1,85,2,1011.2,694,15,1011.3,747,10,1011.4,857,10,1011.5,1473,14
317,2025-11-26 12:18:09+05:30,1010.8,1,999.3,6077107,413271.0,390707.0,986.2,1012.2,981.3,986.2,120508500,1084.8,887.6,1102.5,649.1,1010.8,88,1,1010.7,97,1,1010.6,940,5,1010.5,995,10,1010.4,780,12,1011.1,85,2,1011.2,694,15,1011.3,747,10,1011.4,857,10,1011.5,1473,14
317,2025-11-26 12:18:10+05:30,1011.0,1,999.3,6077109,413647.0,392593.0,986.2,1012.2,981.3,986.2,120508500,1084.8,887.6,1102.5,649.1,1010.8,87,1,1010.6,832,4,1010.5,814,9,1010.4,780,12,1010.3,1539,14,1011.0,228,2,1011.1,338,3,1011.2,605,13,1011.3,769,11,1011.4,963,11
317,2025-11-26 12:18:10+05:30,1011.0,1,999.3,6077109,413647.0,392593.0,986.2,1012.2,981.3,986.2,120508500,1084.8,887.6,1102.5,649.1,1010.8,87,1,1010.6,832,4,1010.5,814,9,1010.4,780,12,1010.3,1539,14,1011.0,228,2,1011.1,338,3,1011.2,605,13,1011.3,769,11,1011.4,963,11
317,2025-11-26 12:18:11+05:30,1011.0,2,999.3,6077111,414162.0,392280.0,986.2,1012.2,981.3,986.2,120508500,1084.8,887.6,1102.5,649.1,1010.7,58,1,1010.6,636,3,1010.5,767,8,1010.4,785,12,1010.3,1568,15,1010.9,1,1,1011.0,83,1,1011.1,330,3,1011.2,626,13,1011.3,882,11
317,2025-11-26 12:18:11+05:30,1011.0,2,999.3,6077111,414162.0,392280.0,986.2,1012.2,981.3,986.2,120508500,1084.8,887.6,1102.5,649.1,1010.7,58,1,1010.6,636,3,1010.5,767,8,1010.4,785,12,1010.3,1568,15,1010.9,1,1,1011.0,83,1,1011.1,330,3,1011.2,626,13,1011.3,882,11
317,2025-11-26 12:18:12+05:30,1011.0,2,999.3,6077111,416443.0,392470.0,986.2,1012.2,981.3,986.2,120508500,1084.8,887.6,1102.5,649.1,1010.7,58,1,1010.6,722,3,1010.5,910,9,1010.4,785,12,1010.3,1509,14,1010.8,96,1,1010.9,1,1,1011.0,83,1,1011.1,134,2,1011.2,483,12
317,2025-11-26 12:18:13+05:30,1010.8,6,999.3,6077121,417486.0,396196.0,986.2,1012.2,981.3,986.2,120508500,1084.8,887.6,1102.5,649.1,1010.7,58,1,1010.6,722,3,1010.5,910,9,1010.4,806,13,1010.3,1509,14,1010.8,86,1,1010.9,1,1,1011.0,83,1,1011.1,330,3,1011.2,483,12
317,2025-11-26 12:18:13+05:30,1010.8,6,999.3,6077121,417486.0,396196.0,986.2,1012.2,981.3,986.2,120508500,1084.8,887.6,1102.5,649.1,1010.7,58,1,1010.6,722,3,1010.5,910,9,1010.4,806,13,1010.3,1509,14,1010.8,86,1,1010.9,1,1,1011.0,83,1,1011.1,330,3,1011.2,483,12
317,2025-11-26 12:18:14+05:30,1010.8,6,999.3,6077121,417256.0,396232.0,986.2,1012.2,981.3,986.2,120508500,1084.8,887.6,1102.5,649.1,1010.7,58,1,1010.6,526,2,1010.5,910,9,1010.4,785,12,1010.3,1509,14,1010.8,86,1,1010.9,1,1,1011.0,183,2,1011.1,330,3,1011.2,483,12
317,2025-11-26 12:18:14+05:30,1010.8,3,999.3,6077121,417256.0,396232.0,986.2,1012.2,981.3,986.2,120508500,1084.8,887.6,1102.5,649.1,1010.7,58,1,1010.6,526,2,1010.5,910,9,1010.4,785,12,1010.3,1509,14,1010.8,86,1,1010.9,1,1,1011.0,183,2,1011.1,330,3,1011.2,483,12
317,2025-11-26 12:18:15+05:30,1010.8,2,999.3,6077360,417694.0,396041.0,986.2,1012.2,981.3,986.2,120508500,1084.8,887.6,1102.5,649.1,1010.7,58,1,1010.6,632,3,1010.5,1029,9,1010.4,807,13,1010.3,1509,14,1010.8,90,1,1010.9,1,1,1011.0,183,2,1011.1,379,4,1011.2,503,12
317,2025-11-26 12:18:15+05:30,1010.8,78,999.3,6077360,417694.0,396041.0,986.2,1012.2,981.3,986.2,120508500,1084.8,887.6,1102.5,649.1,1010.7,58,1,1010.6,632,3,1010.5,1029,9,1010.4,807,13,1010.3,1509,14,1010.8,90,1,1010.9,1,1,1011.0,183,2,1011.1,379,4,1011.2,503,12
317,2025-11-26 12:18:16+05:30,1010.8,2,999.3,6077440,418287.0,395185.0,986.2,1012.2,981.3,986.2,120508500,1084.8,887.6,1102.5,649.1,1010.7,74,2,1010.6,3114,7,1010.5,792,8,1010.4,807,13,1010.3,1711,15,1010.8,10,1,1010.9,1,1,1011.0,183,2,1011.2,351,9,1011.3,650,9
317,2025-11-26 12:18:16+05:30,1010.8,2,999.3,6077440,418287.0,395185.0,986.2,1012.2,981.3,986.2,120508500,1084.8,887.6,1102.5,649.1,1010.7,74,2,1010.6,3114,7,1010.5,792,8,1010.4,807,13,1010.3,1711,15,1010.8,10,1,1010.9,1,1,1011.0,183,2,1011.2,351,9,1011.3,650,9
317,2025-11-26 12:18:17+05:30,1010.7,196,999.3,6077907,418566.0,394703.0,986.2,1012.2,981.3,986.2,120508500,1084.8,887.6,1102.5,649.1,1010.6,2762,5,1010.5,1264,12,1010.4,721,8,1010.3,1573,18,1010.2,3083,14,1010.7,96,1,1010.9,1,1,1011.0,208,3,1011.2,320,8,1011.3,637,8
317,2025-11-26 12:18:17+05:30,1010.7,196,999.3,6077907,418566.0,394703.0,986.2,1012.2,981.3,986.2,120508500,1084.8,887.6,1102.5,649.1,1010.6,2762,5,1010.5,1264,12,1010.4,721,8,1010.3,1573,18,1010.2,3083,14,1010.7,96,1,1010.9,1,1,1011.0,208,3,1011.2,320,8,1011.3,637,8
317,2025-11-26 12:18:18+05:30,1010.7,196,999.3,6077907,418808.0,393921.0,986.2,1012.2,981.3,986.2,120508500,1084.8,887.6,1102.5,649.1,1010.6,2762,5,1010.5,1264,12,1010.4,721,8,1010.3,1603,19,1010.2,3139,15,1010.7,116,2,1010.9,1,1,1011.0,258,4,1011.2,320,8,1011.3,650,9
317,2025-11-26 12:18:18+05:30,1010.7,4,999.3,6077907,418808.0,393921.0,986.2,1012.2,981.3,986.2,120508500,1084.8,887.6,1102.5,649.1,1010.6,2762,5,1010.5,1264,12,1010.4,721,8,1010.3,1603,19,1010.2,3139,15,1010.7,116,2,1010.9,1,1,1011.0,258,4,1011.2,320,8,1011.3,650,9
317,2025-11-26 12:18:19+05:30,1010.7,4,999.3,6077911,418771.0,394289.0,986.2,1012.2,981.3,986.2,120508500,1084.8,887.6,1102.5,649.1,1010.6,2566,4,1010.5,691,8,1010.4,1007,10,1010.3,1603,19,1010.2,3335,16,1010.7,113,3,1010.9,1,1,1011.0,770,6,1011.1,55,1,1011.2,307,7
317,2025-11-26 12:18:20+05:30,1010.7,1,999.3,6077912,418877.0,394257.0,986.2,1012.2,981.3,986.2,120508500,1084.8,887.6,1102.5,649.1,1010.6,2566,4,1010.5,930,10,1010.4,864,9,1010.3,1603,19,1010.2,3335,16,1010.7,112,3,1010.9,1,1,1011.0,770,6,1011.1,251,2,1011.2,307,7
317,2025-11-26 12:18:20+05:30,1010.7,1,999.3,6077912,418877.0,394257.0,986.2,1012.2,981.3,986.2,120508500,1084.8,887.6,1102.5,649.1,1010.6,2566,4,1010.5,930,10,1010.4,864,9,1010.3,1603,19,1010.2,3335,16,1010.7,112,3,1010.9,1,1,1011.0,770,6,1011.1,251,2,1011.2,307,7
317,2025-11-26 12:18:21+05:30,1010.7,1,999.3,6078013,418817.0,394155.0,986.2,1012.2,981.3,986.2,120508500,1084.8,887.6,1102.5,649.1,1010.6,2479,5,1010.5,666,8,1010.4,987,10,1010.3,1603,19,1010.2,3335,16,1010.7,111,3,1010.9,12,2,1011.0,658,4,1011.1,251,2,1011.2,307,7
317,2025-11-26 12:18:21+05:30,1010.7,1,999.3,6078013,418817.0,394155.0,986.2,1012.2,981.3,986.2,120508500,1084.8,887.6,1102.5,649.1,1010.6,2479,5,1010.5,666,8,1010.4,987,10,1010.3,1603,19,1010.2,3335,16,1010.7,111,3,1010.9,12,2,1011.0,658,4,1011.1,251,2,1011.2,307,7
317,2025-11-26 12:18:22+05:30,1010.6,276,999.31,6079246,418536.0,394253.0,986.2,1012.2,981.3,986.2,120508500,1084.8,887.6,1102.5,649.1,1010.6,1272,4,1010.5,494,3,1010.4,1434,9,1010.3,1644,14,1010.2,2692,14,1010.7,21,2,1010.8,49,1,1010.9,268,4,1011.0,946,7,1011.1,357,3
317,2025-11-26 12:18:22+05:30,1010.6,4,999.31,6079246,418536.0,394253.0,986.2,1012.2,981.3,986.2,120508500,1084.8,887.6,1102.5,649.1,1010.6,1272,4,1010.5,494,3,1010.4,1434,9,1010.3,1644,14,1010.2,2692,14,1010.7,21,2,1010.8,49,1,1010.9,268,4,1011.0,946,7,1011.1,357,3
317,2025-11-26 12:18:23+05:30,1010.8,106,999.31,6079457,418527.0,393742.0,986.2,1012.2,981.3,986.2,120508500,1084.8,887.6,1102.5,649.1,1010.7,40,1,1010.6,1526,7,1010.5,695,8,1010.4,1535,11,1010.3,1584,14,1010.8,49,1,1010.9,1,1,1011.0,865,6,1011.1,352,3,1011.2,281,5
317,2025-11-26 12:18:23+05:30,1010.8,50,999.31,6079457,418527.0,393742.0,986.2,1012.2,981.3,986.2,120508500,1084.8,887.6,1102.5,649.1,1010.7,40,1,1010.6,1526,7,1010.5,695,8,1010.4,1535,11,1010.3,1584,14,1010.8,49,1,1010.9,1,1,1011.0,865,6,1011.1,352,3,1011.2,281,5
317,2025-11-26 12:18:24+05:30,1010.8,50,999.31,6079508,418471.0,393802.0,986.2,1012.2,981.3,986.2,120508500,1084.8,887.6,1102.5,649.1,1010.7,40,1,1010.6,1393,6,1010.5,828,9,1010.4,1535,11,1010.3,1584,14,1010.8,29,1,1010.9,13,2,1011.0,854,5,1011.1,352,3,1011.2,281,5
317,2025-11-26 12:18:25+05:30,1010.9,11,999.31,6079561,415334.0,393453.0,986.2,1012.2,981.3,986.2,120508500,1084.8,887.6,1102.5,649.1,1010.8,1,1,1010.7,53,2,1010.6,1604,8,1010.5,812,9,1010.4,1638,11,1011.0,701,5,1011.1,403,3,1011.2,538,6,1011.3,603,12,1011.4,764,10
317,2025-11-26 12:18:25+05:30,1011.0,434,999.31,6079561,415334.0,393453.0,986.2,1012.2,981.3,986.2,120508500,1084.8,887.6,1102.5,649.1,1010.8,1,1,1010.7,53,2,1010.6,1604,8,1010.5,812,9,1010.4,1638,11,1011.0,701,5,1011.1,403,3,1011.2,538,6,1011.3,603,12,1011.4,764,10
317,2025-11-26 12:18:26+05:30,1011.0,1,999.31,6080159,417212.0,392628.0,986.2,1012.2,981.3,986.2,120508500,1084.8,887.6,1102.5,649.1,1010.9,40,1,1010.8,30,1,1010.7,79,2,1010.6,1679,10,1010.5,1010,11,1011.0,189,3,1011.1,196,1,1011.2,307,4,1011.3,539,8,1011.4,737,8
317,2025-11-26 12:18:26+05:30,1011.0,1,999.31,6080159,417212.0,392628.0,986.2,1012.2,981.3,986.2,120508500,1084.8,887.6,1102.5,649.1,1010.9,40,1,1010.8,30,1,1010.7,79,2,1010.6,1679,10,1010.5,1010,11,1011.0,189,3,1011.1,196,1,1011.2,307,4,1011.3,539,8,1011.4,737,8
317,2025-11-26 12:18:27+05:30,1011.0,47,999.31,6080309,417103.0,392491.0,986.2,1012.2,981.3,986.2,120508500,1084.8,887.6,1102.5,649.1,1010.9,40,1,1010.8,30,1,1010.7,231,4,1010.6,2006,12,1010.5,877,10,1011.0,40,2,1011.2,266,3,1011.3,539,8,1011.4,673,9,1011.5,1062,16
317,2025-11-26 12:18:27+05:30,1011.0,47,999.31,6080309,417103.0,392491.0,986.2,1012.2,981.3,986.2,120508500,1084.8,887.6,1102.5,649.1,1010.9,40,1,1010.8,30,1,1010.7,231,4,1010.6,2006,12,1010.5,877,10,1011.0,40,2,1011.2,266,3,1011.3,539,8,1011.4,673,9,1011.5,1062,16
317,2025-11-26 12:18:28+05:30,1011.0,1,999.31,6080410,417603.0,392642.0,986.2,1012.2,981.3,986.2,120508500,1084.8,887.6,1102.5,649.1,1010.9,53,2,1010.8,30,1,1010.7,218,3,1010.6,1988,12,1010.5,1028,11,1011.0,108,3,1011.2,266,3,1011.3,566,9,1011.4,673,9,1011.5,1031,15
317,2025-11-26 12:18:28+05:30,1011.0,1,999.31,6080410,417603.0,392642.0,986.2,1012.2,981.3,986.2,120508500,1084.8,887.6,1102.5,649.1,1010.9,53,2,1010.8,30,1,1010.7,218,3,1010.6,1988,12,1010.5,1028,11,1011.0,108,3,1011.2,266,3,1011.3,566,9,1011.4,673,9,1011.5,1031,15
317,2025-11-26 12:18:29+05:30,1011.0,1,999.31,6080410,417683.0,392633.0,986.2,1012.2,981.3,986.2,120508500,1084.8,887.6,1102.5,649.1,1010.9,53,2,1010.8,30,1,1010.7,293,4,1010.6,1988,12,1010.5,1028,11,1011.0,108,3,1011.2,266,3,1011.3,539,8,1011.4,703,10,1011.5,1402,16
317,2025-11-26 12:18:30+05:30,1011.0,12,999.31,6080822,417379.0,392691.0,986.2,1012.2,981.3,986.2,120508500,1084.8,887.6,1102.5,649.1,1010.7,234,3,1010.6,2148,12,1010.5,888,11,1010.4,1433,10,1010.3,2385,14,1011.0,96,3,1011.2,133,2,1011.3,532,8,1011.4,780,10,1011.5,1462,17
317,2025-11-26 12:18:30+05:30,1011.0,12,999.31,6080822,417379.0,392691.0,986.2,1012.2,981.3,986.2,120508500,1084.8,887.6,1102.5,649.1,1010.7,234,3,1010.6,2148,12,1010.5,888,11,1010.4,1433,10,1010.3,2385,14,1011.0,96,3,1011.2,133,2,1011.3,532,8,1011.4,780,10,1011.5,1462,17
317,2025-11-26 12:18:31+05:30,1011.0,13,999.31,6080939,420345.0,392621.0,986.2,1012.2,981.3,986.2,120508500,1084.8,887.6,1102.5,649.1,1010.8,88,2,1010.7,742,6,1010.6,2216,13,1010.5,773,10,1010.4,1457,11,1010.9,1,1,1011.0,86,2,1011.2,133,2,1011.3,532,8,1011.4,780,10
317,2025-11-26 12:18:31+05:30,1011.0,13,999.31,6080939,420345.0,392621.0,986.2,1012.2,981.3,986.2,120508500,1084.8,887.6,1102.5,649.1,1010.8,88,2,1010.7,742,6,1010.6,2216,13,1010.5,773,10,1010.4,1457,11,1010.9,1,1,1011.0,86,2,1011.2,133,2,1011.3,532,8,1011.4,780,10
317,2025-11-26 12:18:32+05:30,1010.8,1,999.31,6080942,420310.0,392715.0,986.2,1012.2,981.3,986.2,120508500,1084.8,887.6,1102.5,649.1,1010.8,85,1,1010.7,505,4,1010.6,2216,13,1010.5,926,12,1010.4,1457,11,1010.9,97,2,1011.0,86,2,1011.2,133,2,1011.3,543,9,1011.4,780,10
317,2025-11-26 12:18:32+05:30,1010.8,1,999.31,6080942,420310.0,392715.0,986.2,1012.2,981.3,986.2,120508500,1084.8,887.6,1102.5,649.1,1010.8,85,1,1010.7,505,4,1010.6,2216,13,1010.5,926,12,1010.4,1457,11,1010.9,97,2,1011.0,86,2,1011.2,133,2,1011.3,543,9,1011.4,780,10
317,2025-11-26 12:18:33+05:30,1010.8,1,999.31,6080952,420309.0,392780.0,986.2,1012.2,981.3,986.2,120508500,1084.8,887.6,1102.5,649.1,1010.8,84,1,1010.7,505,4,1010.6,2216,13,1010.5,926,12,1010.4,1457,11,1010.9,88,1,1011.0,86,2,1011.2,133,2,1011.3,543,9,1011.4,780,10
317,2025-11-26 12:18:33+05:30,1010.8,1,999.31,6080952,420309.0,392780.0,986.2,1012.2,981.3,986.2,120508500,1084.8,887.6,1102.5,649.1,1010.8,84,1,1010.7,505,4,1010.6,2216,13,1010.5,926,12,1010.4,1457,11,1010.9,88,1,1011.0,86,2,1011.2,133,2,1011.3,543,9,1011.4,780,10
317,2025-11-26 12:18:34+05:30,1010.9,112,999.31,6081064,420324.0,392703.0,986.2,1012.2,981.3,986.2,120508500,1084.8,887.6,1102.5,649.1,1010.8,184,2,1010.7,707,5,1010.6,2347,14,1010.5,808,12,1010.4,1457,11,1010.9,96,1,1011.0,91,3,1011.2,133,2,1011.3,543,9,1011.4,780,10
317,2025-11-26 12:18:34+05:30,1010.9,112,999.31,6081064,420324.0,392703.0,986.2,1012.2,981.3,986.2,120508500,1084.8,887.6,1102.5,649.1,1010.8,184,2,1010.7,707,5,1010.6,2347,14,1010.5,808,12,1010.4,1457,11,1010.9,96,1,1011.0,91,3,1011.2,133,2,1011.3,543,9,1011.4,780,10
317,2025-11-26 12:18:35+05:30,1010.9,47,999.31,6081116,421221.0,392626.0,986.2,1012.2,981.3,986.2,120508500,1084.8,887.6,1102.5,649.1,1010.8,181,2,1010.7,707,5,1010.6,2347,14,1010.5,808,12,1010.4,1457,11,1010.9,47,1,1011.0,91,3,1011.2,133,2,1011.3,543,9,1011.4,780,10
317,2025-11-26 12:18:35+05:30,1010.9,47,999.31,6081116,421221.0,392626.0,986.2,1012.2,981.3,986.2,120508500,1084.8,887.6,1102.5,649.1,1010.8,181,2,1010.7,707,5,1010.6,2347,14,1010.5,808,12,1010.4,1457,11,1010.9,47,1,1011.0,91,3,1011.2,133,2,1011.3,543,9,1011.4,780,10
317,2025-11-26 12:18:36+05:30,1010.8,1,999.31,6081118,421220.0,393017.0,986.2,1012.2,981.3,986.2,120508500,1084.8,887.6,1102.5,649.1,1010.8,180,2,1010.7,707,5,1010.6,2347,14,1010.5,808,12,1010.4,1457,11,1010.9,46,1,1011.0,91,3,1011.2,183,3,1011.3,543,9,1011.4,780,10
317,2025-11-26 12:18:36+05:30,1010.8,1,999.31,6081118,421220.0,393017.0,986.2,1012.2,981.3,986.2,120508500,1084.8,887.6,1102.5,649.1,1010.8,180,2,1010.7,707,5,1010.6,2347,14,1010.5,808,12,1010.4,1457,11,1010.9,46,1,1011.0,91,3,1011.2,183,3,1011.3,543,9,1011.4,780,10
317,2025-11-26 12:18:37+05:30,1010.8,156,999.31,6081904,419430.0,392181.0,986.2,1012.2,981.3,986.2,120508500,1084.8,887.6,1102.5,649.1,1010.8,133,2,1010.7,946,7,1010.6,2608,14,1010.5,773,10,1010.4,1485,12,1011.0,328,4,1011.2,170,2,1011.3,480,7,1011.4,728,9,1011.5,1481,15
317,2025-11-26 12:18:37+05:30,1010.8,156,999.31,6081904,419430.0,392181.0,986.2,1012.2,981.3,986.2,120508500,1084.8,887.6,1102.5,649.1,1010.8,133,2,1010.7,946,7,1010.6,2608,14,1010.5,773,10,1010.4,1485,12,1011.0,328,4,1011.2,170,2,1011.3,480,7,1011.4,728,9,1011.5,1481,15
317,2025-11-26 12:18:38+05:30,1011.0,25,999.31,6082565,417484.0,390528.0,986.2,1012.2,981.3,986.2,120508500,1084.8,887.6,1102.5,649.1,1010.8,155,5,1010.7,669,8,1010.6,2116,13,1010.5,762,9,1010.4,1485,12,1011.2,213,3,1011.3,370,5,1011.4,524,6,1011.5,1019,14,1011.6,1555,9
317,2025-11-26 12:18:38+05:30,1011.0,25,999.31,6082565,417484.0,390528.0,986.2,1012.2,981.3,986.2,120508500,1084.8,887.6,1102.5,649.1,1010.8,155,5,1010.7,669,8,1010.6,2116,13,1010.5,762,9,1010.4,1485,12,1011.2,213,3,1011.3,370,5,1011.4,524,6,1011.5,1019,14,1011.6,1555,9
317,2025-11-26 12:18:39+05:30,1011.0,25,999.31,6082565,417589.0,390602.0,986.2,1012.2,981.3,986.2,120508500,1084.8,887.6,1102.5,649.1,1010.8,171,5,1010.7,823,9,1010.6,2247,14,1010.5,762,9,1010.4,1485,12,1011.2,213,3,1011.3,370,5,1011.4,524,6,1011.5,1019,14,1011.6,1566,10
317,2025-11-26 12:18:40+05:30,1011.2,109,999.31,6082737,418123.0,390538.0,986.2,1012.2,981.3,986.2,120508500,1084.8,887.6,1102.5,649.1,1010.8,313,6,1010.7,1222,10,1010.6,2030,12,1010.5,800,10,1010.4,1485,12,1011.2,93,2,1011.3,206,4,1011.4,691,8,1011.5,1019,14,1011.6,1257,8
317,2025-11-26 12:18:40+05:30,1011.2,50,999.31,6082737,418123.0,390538.0,986.2,1012.2,981.3,986.2,120508500,1084.8,887.6,1102.5,649.1,1010.8,313,6,1010.7,1222,10,1010.6,2030,12,1010.5,800,10,1010.4,1485,12,1011.2,93,2,1011.3,206,4,1011.4,691,8,1011.5,1019,14,1011.6,1257,8
317,2025-11-26 12:18:41+05:30,1011.2,2,999.31,6082789,418962.0,390592.0,986.2,1012.2,981.3,986.2,120508500,1084.8,887.6,1102.5,649.1,1010.8,237,4,1010.7,822,7,1010.6,2148,13,1010.5,811,11,1010.4,1337,12,1011.0,118,1,1011.2,41,1,1011.3,312,5,1011.4,584,8,1011.5,1150,16
317,2025-11-26 12:18:41+05:30,1010.8,19,999.31,6082789,418962.0,390592.0,986.2,1012.2,981.3,986.2,120508500,1084.8,887.6,1102.5,649.1,1010.8,237,4,1010.7,822,7,1010.6,2148,13,1010.5,811,11,1010.4,1337,12,1011.0,118,1,1011.2,41,1,1011.3,312,5,1011.4,584,8,1011.5,1150,16
317,2025-11-26 12:18:42+05:30,1011.0,65,999.31,6083024,418760.0,390555.0,986.2,1012.2,981.3,986.2,120508500,1084.8,887.6,1102.5,649.1,1010.8,185,2,1010.7,821,7,1010.6,2179,14,1010.5,811,11,1010.4,1350,13,1011.0,55,2,1011.2,242,3,1011.3,361,6,1011.4,623,8,1011.5,1137,15
317,2025-11-26 12:18:42+05:30,1011.0,65,999.31,6083024,418760.0,390555.0,986.2,1012.2,981.3,986.2,120508500,1084.8,887.6,1102.5,649.1,1010.8,185,2,1010.7,821,7,1010.6,2179,14,1010.5,811,11,1010.4,1350,13,1011.0,55,2,1011.2,242,3,1011.3,361,6,1011.4,623,8,1011.5,1137,15
317,2025-11-26 12:18:43+05:30,1011.0,5,999.31,6083033,418564.0,391150.0,986.2,1012.2,981.3,986.2,120508500,1084.8,887.6,1102.5,649.1,1010.8,67,1,1010.7,625,6,1010.6,2297,15,1010.5,811,11,1010.4,1350,13,1011.0,286,4,1011.2,242,3,1011.3,361,6,1011.4,623,8,1011.5,1137,15
317,2025-11-26 12:18:43+05:30,1011.0,5,999.31,6083033,418564.0,391150.0,986.2,1012.2,981.3,986.2,120508500,1084.8,887.6,1102.5,649.1,1010.8,67,1,1010.7,625,6,1010.6,2297,15,1010.5,811,11,1010.4,1350,13,1011.0,286,4,1011.2,242,3,1011.3,361,6,1011.4,623,8,1011.5,1137,15
317,2025-11-26 12:18:44+05:30,1011.0,1,999.31,6083036,418760.0,391263.0,986.2,1012.2,981.3,986.2,120508500,1084.8,887.6,1102.5,649.1,1010.8,67,1,1010.7,625,6,1010.6,2179,14,1010.5,929,12,1010.4,1350,13,1011.0,288,5,1011.2,365,5,1011.3,360,5,1011.4,623,8,1011.5,1019,14
317,2025-11-26 12:18:44+05:30,1011.0,1,999.31,6083036,418760.0,391263.0,986.2,1012.2,981.3,986.2,120508500,1084.8,887.6,1102.5,649.1,1010.8,67,1,1010.7,625,6,1010.6,2179,14,1010.5,929,12,1010.4,1350,13,1011.0,288,5,1011.2,365,5,1011.3,360,5,1011.4,623,8,1011.5,1019,14
317,2025-11-26 12:18:45+05:30,1011.0,2,999.31,6083079,418720.0,392015.0,986.2,1012.2,981.3,986.2,120508500,1084.8,887.6,1102.5,649.1,1010.8,27,1,1010.7,625,6,1010.6,2064,13,1010.5,1044,13,1010.4,1350,13,1011.0,386,7,1011.2,365,5,1011.3,408,6,1011.4,732,9,1011.5,1304,14
317,2025-11-26 12:18:45+05:30,1011.0,2,999.31,6083079,418720.0,392015.0,986.2,1012.2,981.3,986.2,120508500,1084.8,887.6,1102.5,649.1,1010.8,27,1,1010.7,625,6,1010.6,2064,13,1010.5,1044,13,1010.4,1350,13,1011.0,386,7,1011.2,365,5,1011.3,408,6,1011.4,732,9,1011.5,1304,14
317,2025-11-26 12:18:46+05:30,1011.0,1,999.31,6083100,418498.0,392277.0,986.2,1012.2,981.3,986.2,120508500,1084.8,887.6,1102.5,649.1,1010.8,7,1,1010.7,526,4,1010.6,2015,12,1010.5,925,11,1010.4,1350,13,1011.0,385,7,1011.2,365,5,1011.3,526,7,1011.4,732,9,1011.5,1343,16
317,2025-11-26 12:18:46+05:30,1011.0,1,999.31,6083100,418498.0,392277.0,986.2,1012.2,981.3,986.2,120508500,1084.8,887.6,1102.5,649.1,1010.8,7,1,1010.7,526,4,1010.6,2015,12,1010.5,925,11,1010.4,1350,13,1011.0,385,7,1011.2,365,5,1011.3,526,7,1011.4,732,9,1011.5,1343,16
317,2025-11-26 12:18:47+05:30,1011.0,69,999.32,6084069,418672.0,391953.0,986.2,1012.2,981.3,986.2,120508500,1084.8,887.6,1102.5,649.1,1010.8,118,1,1010.7,768,6,1010.6,2313,14,1010.5,596,8,1010.4,1553,15,1011.0,277,5,1011.2,242,3,1011.3,373,6,1011.4,682,8,1011.5,1450,15
317,2025-11-26 12:18:47+05:30,1011.0,69,999.32,6084069,418672.0,391953.0,986.2,1012.2,981.3,986.2,120508500,1084.8,887.6,1102.5,649.1,1010.8,118,1,1010.7,768,6,1010.6,2313,14,1010.5,596,8,1010.4,1553,15,1011.0,277,5,1011.2,242,3,1011.3,373,6,1011.4,682,8,1011.5,1450,15
317,2025-11-26 12:18:48+05:30,1010.8,500,999.32,6084801,419012.0,391994.0,986.2,1012.2,981.3,986.2,120508500,1084.8,887.6,1102.5,649.1,1010.8,254,3,1010.7,550,6,1010.6,1856,10,1010.5,700,9,1010.4,1831,17,1011.0,54,2,1011.2,242,3,1011.3,324,5,1011.4,731,9,1011.5,1391,15
317,2025-11-26 12:18:48+05:30,1010.8,500,999.32,6084801,419012.0,391994.0,986.2,1012.2,981.3,986.2,120508500,1084.8,887.6,1102.5,649.1,1010.8,254,3,1010.7,550,6,1010.6,1856,10,1010.5,700,9,1010.4,1831,17,1011.0,54,2,1011.2,242,3,1011.3,324,5,1011.4,731,9,1011.5,1391,15
317,2025-11-26 12:18:49+05:30,1010.8,500,999.32,6084801,421117.0,391918.0,986.2,1012.2,981.3,986.2,120508500,1084.8,887.6,1102.5,649.1,1010.7,120,3,1010.6,1925,10,1010.5,818,10,1010.4,1818,16,1010.3,3259,21,1010.9,130,2,1011.0,54,2,1011.2,242,3,1011.3,373,6,1011.4,731,9
317,2025-11-26 12:18:50+05:30,1010.9,2,999.32,6084803,421274.0,391934.0,986.2,1012.2,981.3,986.2,120508500,1084.8,887.6,1102.5,649.1,1010.7,120,3,1010.6,1974,11,1010.5,842,11,1010.4,1818,16,1010.3,3333,22,1010.9,128,2,1011.0,54,2,1011.2,242,3,1011.3,373,6,1011.4,731,9
317,2025-11-26 12:18:50+05:30,1010.9,2,999.32,6084803,421274.0,391934.0,986.2,1012.2,981.3,986.2,120508500,1084.8,887.6,1102.5,649.1,1010.7,120,3,1010.6,1974,11,1010.5,842,11,1010.4,1818,16,1010.3,3333,22,1010.9,128,2,1011.0,54,2,1011.2,242,3,1011.3,373,6,1011.4,731,9
317,2025-11-26 12:18:51+05:30,1011.2,2,999.32,6085304,416777.0,390788.0,986.2,1012.2,981.3,986.2,120508500,1084.8,887.6,1102.5,649.1,1010.8,87,1,1010.7,411,5,1010.6,1741,9,1010.5,893,12,1010.4,1834,17,1011.2,356,5,1011.3,373,6,1011.4,622,8,1011.5,1407,15,1011.6,1166,10
317,2025-11-26 12:18:51+05:30,1011.2,2,999.32,6085304,416777.0,390788.0,986.2,1012.2,981.3,986.2,120508500,1084.8,887.6,1102.5,649.1,1010.8,87,1,1010.7,411,5,1010.6,1741,9,1010.5,893,12,1010.4,1834,17,1011.2,356,5,1011.3,373,6,1011.4,622,8,1011.5,1407,15,1011.6,1166,10
317,2025-11-26 12:18:52+05:30,1011.2,2,999.32,6085304,420339.0,392751.0,986.2,1012.2,981.3,986.2,120508500,1084.8,887.6,1102.5,649.1,1010.7,72,2,1010.6,1528,7,1010.5,1089,12,1010.4,1642,16,1010.3,3241,16,1010.8,96,1,1011.1,5,1,1011.2,187,4,1011.3,543,9,1011.4,1262,11
317,2025-11-26 12:18:53+05:30,1010.8,22,999.32,6085469,420360.0,392657.0,986.2,1012.2,981.3,986.2,120508500,1084.8,887.6,1102.5,649.1,1010.7,72,2,1010.6,1696,8,1010.5,871,10,1010.4,1642,16,1010.3,3254,17,1010.8,74,1,1011.1,5,1,1011.2,236,5,1011.3,434,8,1011.4,1119,10
317,2025-11-26 12:18:53+05:30,1010.8,22,999.32,6085469,420360.0,392657.0,986.2,1012.2,981.3,986.2,120508500,1084.8,887.6,1102.5,649.1,1010.7,72,2,1010.6,1696,8,1010.5,871,10,1010.4,1642,16,1010.3,3254,17,1010.8,74,1,1011.1,5,1,1011.2,236,5,1011.3,434,8,1011.4,1119,10
317,2025-11-26 12:18:54+05:30,1010.8,1,999.32,6085469,420360.0,392657.0,986.2,1012.2,981.3,986.2,120508500,1084.8,887.6,1102.5,649.1,1010.7,72,2,1010.6,1696,8,1010.5,871,10,1010.4,1642,16,1010.3,3254,17,1010.8,74,1,1011.1,5,1,1011.2,236,5,1011.3,434,8,1011.4,1119,10
317,2025-11-26 12:18:54+05:30,1010.8,1,999.32,6086261,418110.0,390126.0,986.2,1012.2,981.3,986.2,120508500,1084.8,887.6,1102.5,649.1,1010.8,308,3,1010.7,624,8,1010.6,2167,14,1010.5,1228,13,1010.4,1958,15,1011.2,46,2,1011.3,304,2,1011.4,481,6,1011.5,840,9,1011.6,949,12
317,2025-11-26 12:18:55+05:30,1011.0,12,999.32,6086261,418110.0,390126.0,986.2,1012.2,981.3,986.2,120508500,1084.8,887.6,1102.5,649.1,1010.8,308,3,1010.7,624,8,1010.6,2167,14,1010.5,1228,13,1010.4,1958,15,1011.2,46,2,1011.3,304,2,1011.4,481,6,1011.5,840,9,1011.6,949,12
317,2025-11-26 12:18:55+05:30,1011.0,12,999.32,6086419,418889.0,390974.0,986.2,1012.2,981.3,986.2,120508500,1084.8,887.6,1102.5,649.1,1010.8,199,3,1010.7,734,9,1010.6,2198,16,1010.5,808,12,1010.4,1830,16,1011.0,6,1,1011.2,9,2,1011.3,196,1,1011.4,350,6,1011.5,863,11
317,2025-11-26 12:18:56+05:30,1011.0,3,999.32,6086419,418889.0,390974.0,986.2,1012.2,981.3,986.2,120508500,1084.8,887.6,1102.5,649.1,1010.8,199,3,1010.7,734,9,1010.6,2198,16,1010.5,808,12,1010.4,1830,16,1011.0,6,1,1011.2,9,2,1011.3,196,1,1011.4,350,6,1011.5,863,11
317,2025-11-26 12:18:56+05:30,1010.8,1,999.32,6086423,421360.0,390965.0,986.2,1012.2,981.3,986.2,120508500,1084.8,887.6,1102.5,649.1,1010.8,102,3,1010.7,843,10,1010.6,2070,15,1010.5,1228,13,1010.4,2940,19,1011.0,3,1,1011.2,61,2,1011.3,196,1,1011.4,349,5,1011.5,864,12
317,2025-11-26 12:18:57+05:30,1010.8,5,999.32,6086423,421360.0,390965.0,986.2,1012.2,981.3,986.2,120508500,1084.8,887.6,1102.5,649.1,1010.8,102,3,1010.7,843,10,1010.6,2070,15,1010.5,1228,13,1010.4,2940,19,1011.0,3,1,1011.2,61,2,1011.3,196,1,1011.4,349,5,1011.5,864,12
317,2025-11-26 12:18:57+05:30,1010.8,5,999.32,6086428,421385.0,390955.0,986.2,1012.2,981.3,986.2,120508500,1084.8,887.6,1102.5,649.1,1010.8,127,4,1010.7,952,11,1010.6,1961,14,1010.5,1228,13,1010.4,2953,20,1011.0,3,1,1011.2,61,2,1011.3,196,1,1011.4,349,5,1011.5,865,13
317,2025-11-26 12:18:58+05:30,1010.8,5,999.32,6086428,421286.0,391059.0,986.2,1012.2,981.3,986.2,120508500,1084.8,887.6,1102.5,649.1,1010.8,127,4,1010.7,952,11,1010.6,1961,14,1010.5,1228,13,1010.4,2854,19,1011.0,3,1,1011.2,61,2,1011.3,196,1,1011.4,349,5,1011.5,865,13
317,2025-11-26 12:18:59+05:30,1010.8,5,999.32,6086428,421390.0,391028.0,986.2,1012.2,981.3,986.2,120508500,1084.8,887.6,1102.5,649.1,1010.8,331,6,1010.7,952,11,1010.6,1961,14,1010.5,1228,13,1010.4,2854,19,1011.0,3,1,1011.2,61,2,1011.3,196,1,1011.4,349,5,1011.5,865,13
317,2025-11-26 12:19:00+05:30,1011.2,1,999.32,6086428,421390.0,391028.0,986.2,1012.2,981.3,986.2,120508500,1084.8,887.6,1102.5,649.1,1010.8,331,6,1010.7,952,11,1010.6,1961,14,1010.5,1228,13,1010.4,2854,19,1011.0,3,1,1011.2,61,2,1011.3,196,1,1011.4,349,5,1011.5,865,13
317,2025-11-26 12:19:00+05:30,1010.8,8,999.32,6086441,418857.0,391100.0,986.2,1012.2,981.3,986.2,120508500,1084.8,887.6,1102.5,649.1,1010.8,219,5,1010.7,956,11,1010.6,1935,13,1010.5,1318,14,1010.4,2104,18,1011.1,3,1,1011.2,59,2,1011.3,196,1,1011.4,304,5,1011.5,853,12
317,2025-11-26 12:19:01+05:30,1011.2,1,999.32,6086441,418857.0,391100.0,986.2,1012.2,981.3,986.2,120508500,1084.8,887.6,1102.5,649.1,1010.8,219,5,1010.7,956,11,1010.6,1935,13,1010.5,1318,14,1010.4,2104,18,1011.1,3,1,1011.2,59,2,1011.3,196,1,1011.4,304,5,1011.5,853,12
317,2025-11-26 12:19:01+05:30,1011.2,1,999.32,6086643,421480.0,393460.0,986.2,1012.2,981.3,986.2,120508500,1084.8,887.6,1102.5,649.1,1010.8,143,3,1010.7,382,6,1010.6,1971,12,1010.5,1433,15,1010.4,1341,16,1010.9,62,1,1011.2,52,3,1011.3,334,3,1011.4,587,7,1011.5,830,11
317,2025-11-26 12:19:02+05:30,1010.9,76,999.32,6086643,421480.0,393460.0,986.2,1012.2,981.3,986.2,120508500,1084.8,887.6,1102.5,649.1,1010.8,143,3,1010.7,382,6,1010.6,1971,12,1010.5,1433,15,1010.4,1341,16,1010.9,62,1,1011.2,52,3,1011.3,334,3,1011.4,587,7,1011.5,830,11
317,2025-11-26 12:19:02+05:30,1010.9,4,999.32,6086790,420253.0,393374.0,986.2,1012.2,981.3,986.2,120508500,1084.8,887.6,1102.5,649.1,1010.8,142,3,1010.7,229,4,1010.6,1745,10,1010.5,1267,17,1010.4,1517,15,1010.9,80,2,1011.2,444,5,1011.3,239,2,1011.4,460,7,1011.5,1218,10
317,2025-11-26 12:19:03+05:30,1010.9,195,999.32,6086790,420253.0,393374.0,986.2,1012.2,981.3,986.2,120508500,1084.8,887.6,1102.5,649.1,1010.8,142,3,1010.7,229,4,1010.6,1745,10,1010.5,1267,17,1010.4,1517,15,1010.9,80,2,1011.2,444,5,1011.3,239,2,1011.4,460,7,1011.5,1218,10
317,2025-11-26 12:19:03+05:30,1010.9,1,999.32,6087091,420317.0,393390.0,986.2,1012.2,981.3,986.2,120508500,1084.8,887.6,1102.5,649.1,1010.8,248,4,1010.7,229,4,1010.6,1971,12,1010.5,1041,15,1010.4,1427,14,1010.9,61,1,1011.2,354,5,1011.3,249,3,1011.4,461,8,1011.5,1286,10
317,2025-11-26 12:19:04+05:30,1011.2,66,999.32,6087091,420317.0,393390.0,986.2,1012.2,981.3,986.2,120508500,1084.8,887.6,1102.5,649.1,1010.8,248,4,1010.7,229,4,1010.6,1971,12,1010.5,1041,15,1010.4,1427,14,1010.9,61,1,1011.2,354,5,1011.3,249,3,1011.4,461,8,1011.5,1286,10
317,2025-11-26 12:19:04+05:30,1010.9,1,999.32,6087508,416856.0,392684.0,986.2,1012.2,981.3,986.2,120508500,1084.8,887.6,1102.5,649.1,1010.9,105,1,1010.8,142,3,1010.7,343,5,1010.6,1860,11,1010.5,898,13,1011.2,341,5,1011.3,493,4,1011.4,636,10,1011.5,828,9,1011.6,1780,14
317,2025-11-26 12:19:05+05:30,1011.2,2,999.32,6087508,416856.0,392684.0,986.2,1012.2,981.3,986.2,120508500,1084.8,887.6,1102.5,649.1,1010.9,105,1,1010.8,142,3,1010.7,343,5,1010.6,1860,11,1010.5,898,13,1011.2,341,5,1011.3,493,4,1011.4,636,10,1011.5,828,9,1011.6,1780,14
317,2025-11-26 12:19:05+05:30,1011.2,2,999.32,6087510,417792.0,392400.0,986.2,1012.2,981.3,986.2,120508500,1084.8,887.6,1102.5,649.1,1011.0,105,1,1010.9,12,1,1010.8,130,2,1010.7,343,5,1010.6,1860,11,1011.2,226,4,1011.3,606,5,1011.4,636,10,1011.5,828,9,1011.6,1780,14
317,2025-11-26 12:19:06+05:30,1011.0,173,999.32,6087510,417792.0,392400.0,986.2,1012.2,981.3,986.2,120508500,1084.8,887.6,1102.5,649.1,1011.0,105,1,1010.9,12,1,1010.8,130,2,1010.7,343,5,1010.6,1860,11,1011.2,226,4,1011.3,606,5,1011.4,636,10,1011.5,828,9,1011.6,1780,14
317,2025-11-26 12:19:06+05:30,1011.0,173,999.32,6088109,418433.0,394409.0,986.2,1012.2,981.3,986.2,120508500,1084.8,887.6,1102.5,649.1,1010.9,103,2,1010.8,130,2,1010.7,231,3,1010.6,2002,13,1010.5,1123,14,1011.0,403,1,1011.2,297,4,1011.3,634,6,1011.4,749,11,1011.5,1126,10
317,2025-11-26 12:19:07+05:30,1011.0,291,999.32,6088109,418433.0,394409.0,986.2,1012.2,981.3,986.2,120508500,1084.8,887.6,1102.5,649.1,1010.9,103,2,1010.8,130,2,1010.7,231,3,1010.6,2002,13,1010.5,1123,14,1011.0,403,1,1011.2,297,4,1011.3,634,6,1011.4,749,11,1011.5,1126,10
317,2025-11-26 12:19:07+05:30,1011.0,291,999.32,6088400,418758.0,394133.0,986.2,1012.2,981.3,986.2,120508500,1084.8,887.6,1102.5,649.1,1010.9,103,2,1010.8,176,3,1010.7,417,4,1010.6,1891,12,1010.5,1234,15,1011.0,240,3,1011.2,337,5,1011.3,493,4,1011.4,661,11,1011.5,1520,11
317,2025-11-26 12:19:08+05:30,1010.9,1,999.32,6088400,418758.0,394133.0,986.2,1012.2,981.3,986.2,120508500,1084.8,887.6,1102.5,649.1,1010.9,103,2,1010.8,176,3,1010.7,417,4,1010.6,1891,12,1010.5,1234,15,1011.0,240,3,1011.2,337,5,1011.3,493,4,1011.4,661,11,1011.5,1520,11
317,2025-11-26 12:19:08+05:30,1011.0,3,999.32,6088404,418869.0,394445.0,986.2,1012.2,981.3,986.2,120508500,1084.8,887.6,1102.5,649.1,1010.9,102,2,1010.8,176,3,1010.7,740,5,1010.6,1882,12,1010.5,1234,15,1011.0,237,3,1011.2,111,3,1011.3,719,6,1011.4,636,10,1011.5,1222,10
317,2025-11-26 12:19:09+05:30,1011.0,3,999.32,6088404,418869.0,394445.0,986.2,1012.2,981.3,986.2,120508500,1084.8,887.6,1102.5,649.1,1010.9,102,2,1010.8,176,3,1010.7,740,5,1010.6,1882,12,1010.5,1234,15,1011.0,237,3,1011.2,111,3,1011.3,719,6,1011.4,636,10,1011.5,1222,10
317,2025-11-26 12:19:09+05:30,1011.0,3,999.32,6088404,418773.0,395949.0,986.2,1012.2,981.3,986.2,120508500,1084.8,887.6,1102.5,649.1,1010.9,102,2,1010.8,130,2,1010.7,690,4,1010.6,1767,11,1010.5,1349,16,1011.0,242,4,1011.1,45,1,1011.2,101,2,1011.3,719,6,1011.4,636,10
317,2025-11-26 12:19:10+05:30,1011.0,1,999.32,6088404,418773.0,395949.0,986.2,1012.2,981.3,986.2,120508500,1084.8,887.6,1102.5,649.1,1010.9,102,2,1010.8,130,2,1010.7,690,4,1010.6,1767,11,1010.5,1349,16,1011.0,242,4,1011.1,45,1,1011.2,101,2,1011.3,719,6,1011.4,636,10
317,2025-11-26 12:19:10+05:30,1011.0,1,999.32,6088451,418717.0,395923.0,986.2,1012.2,981.3,986.2,120508500,1084.8,887.6,1102.5,649.1,1010.9,102,2,1010.8,130,2,1010.7,736,5,1010.6,1918,13,1010.5,1234,15,1011.0,195,4,1011.1,45,1,1011.2,101,2,1011.3,719,6,1011.4,657,11
317,2025-11-26 12:19:11+05:30,1010.9,39,999.32,6088451,418717.0,395923.0,986.2,1012.2,981.3,986.2,120508500,1084.8,887.6,1102.5,649.1,1010.9,102,2,1010.8,130,2,1010.7,736,5,1010.6,1918,13,1010.5,1234,15,1011.0,195,4,1011.1,45,1,1011.2,101,2,1011.3,719,6,1011.4,657,11
317,2025-11-26 12:19:11+05:30,1010.9,327,999.32,6088910,420323.0,396591.0,986.2,1012.2,981.3,986.2,120508500,1084.8,887.6,1102.5,649.1,1010.8,130,2,1010.7,67,1,1010.6,1853,11,1010.5,1236,15,1010.4,2661,19,1010.9,41,1,1011.0,113,2,1011.1,50,2,1011.2,287,3,1011.3,538,5
317,2025-11-26 12:19:12+05:30,1010.8,1,999.32,6088910,420323.0,396591.0,986.2,1012.2,981.3,986.2,120508500,1084.8,887.6,1102.5,649.1,1010.8,130,2,1010.7,67,1,1010.6,1853,11,1010.5,1236,15,1010.4,2661,19,1010.9,41,1,1011.0,113,2,1011.1,50,2,1011.2,287,3,1011.3,538,5
317,2025-11-26 12:19:12+05:30,1010.8,1,999.32,6088911,420651.0,396577.0,986.2,1012.2,981.3,986.2,120508500,1084.8,887.6,1102.5,649.1,1010.8,129,2,1010.7,400,2,1010.6,1902,12,1010.5,1259,16,1010.4,2585,18,1010.9,41,1,1011.0,113,2,1011.1,50,2,1011.2,287,3,1011.3,548,6
317,2025-11-26 12:19:13+05:30,1010.8,10,999.32,6088911,420651.0,396577.0,986.2,1012.2,981.3,986.2,120508500,1084.8,887.6,1102.5,649.1,1010.8,129,2,1010.7,400,2,1010.6,1902,12,1010.5,1259,16,1010.4,2585,18,1010.9,41,1,1011.0,113,2,1011.1,50,2,1011.2,287,3,1011.3,548,6
317,2025-11-26 12:19:13+05:30,1010.8,10,999.33,6089573,416758.0,395200.0,986.2,1012.2,981.3,986.2,120508500,1084.8,887.6,1102.5,649.1,1010.8,119,2,1010.7,812,6,1010.6,2096,16,1010.5,995,12,1010.4,1947,18,1011.2,219,3,1011.3,463,5,1011.4,623,8,1011.5,831,10,1011.6,1075,8
317,2025-11-26 12:19:14+05:30,1011.0,3,999.33,6089573,416758.0,395200.0,986.2,1012.2,981.3,986.2,120508500,1084.8,887.6,1102.5,649.1,1010.8,119,2,1010.7,812,6,1010.6,2096,16,1010.5,995,12,1010.4,1947,18,1011.2,219,3,1011.3,463,5,1011.4,623,8,1011.5,831,10,1011.6,1075,8
317,2025-11-26 12:19:14+05:30,1011.0,3,999.33,6089576,418473.0,395954.0,986.2,1012.2,981.3,986.2,120508500,1084.8,887.6,1102.5,649.1,1010.9,112,1,1010.8,119,2,1010.7,812,6,1010.6,2242,18,1010.5,995,12,1011.0,316,1,1011.2,397,4,1011.3,463,5,1011.4,623,8,1011.5,852,11
317,2025-11-26 12:19:15+05:30,1011.0,3,999.33,6089576,418473.0,395954.0,986.2,1012.2,981.3,986.2,120508500,1084.8,887.6,1102.5,649.1,1010.9,112,1,1010.8,119,2,1010.7,812,6,1010.6,2242,18,1010.5,995,12,1011.0,316,1,1011.2,397,4,1011.3,463,5,1011.4,623,8,1011.5,852,11
317,2025-11-26 12:19:15+05:30,1011.0,3,999.33,6089599,418429.0,396111.0,986.2,1012.2,981.3,986.2,120508500,1084.8,887.6,1102.5,649.1,1010.9,105,2,1010.8,179,3,1010.7,622,5,1010.6,2122,17,1010.5,1115,13,1011.0,483,2,1011.2,257,3,1011.3,583,6,1011.4,654,9,1011.5,831,10
317,2025-11-26 12:19:16+05:30,1011.0,1,999.33,6089599,418429.0,396111.0,986.2,1012.2,981.3,986.2,120508500,1084.8,887.6,1102.5,649.1,1010.9,105,2,1010.8,179,3,1010.7,622,5,1010.6,2122,17,1010.5,1115,13,1011.0,483,2,1011.2,257,3,1011.3,583,6,1011.4,654,9,1011.5,831,10
317,2025-11-26 12:19:16+05:30,1011.0,1,999.33,6089600,421598.0,395922.0,986.2,1012.2,981.3,986.2,120508500,1084.8,887.6,1102.5,649.1,1010.9,105,2,1010.8,223,4,1010.7,861,7,1010.6,2242,18,1010.5,1665,16,1011.0,609,3,1011.2,79,2,1011.3,343,4,1011.4,850,9,1011.5,674,9
317,2025-11-26 12:19:17+05:30,1010.9,3,999.33,6089600,421598.0,395922.0,986.2,1012.2,981.3,986.2,120508500,1084.8,887.6,1102.5,649.1,1010.9,105,2,1010.8,223,4,1010.7,861,7,1010.6,2242,18,1010.5,1665,16,1011.0,609,3,1011.2,79,2,1011.3,343,4,1011.4,850,9,1011.5,674,9
317,2025-11-26 12:19:17+05:30,1010.9,1,999.33,6089604,421594.0,395926.0,986.2,1012.2,981.3,986.2,120508500,1084.8,887.6,1102.5,649.1,1010.9,101,2,1010.8,223,4,1010.7,861,7,1010.6,2242,18,1010.5,1665,16,1011.0,609,3,1011.2,79,2,1011.3,342,3,1011.4,851,10,1011.5,674,9
317,2025-11-26 12:19:18+05:30,1010.9,1,999.33,6089604,421594.0,395926.0,986.2,1012.2,981.3,986.2,120508500,1084.8,887.6,1102.5,649.1,1010.9,101,2,1010.8,223,4,1010.7,861,7,1010.6,2242,18,1010.5,1665,16,1011.0,609,3,1011.2,79,2,1011.3,342,3,1011.4,851,10,1011.5,674,9
317,2025-11-26 12:19:18+05:30,1010.9,1,999.33,6089604,417587.0,396675.0,986.2,1012.2,981.3,986.2,120508500,1084.8,887.6,1102.5,649.1,1010.9,101,2,1010.8,179,3,1010.7,577,4,1010.6,1776,13,1010.5,1565,15,1011.0,610,4,1011.2,483,6,1011.3,465,5,1011.4,745,11,1011.5,972,10
317,2025-11-26 12:19:19+05:30,1011.1,105,999.33,6089604,417587.0,396675.0,986.2,1012.2,981.3,986.2,120508500,1084.8,887.6,1102.5,649.1,1010.9,101,2,1010.8,179,3,1010.7,577,4,1010.6,1776,13,1010.5,1565,15,1011.0,610,4,1011.2,483,6,1011.3,465,5,1011.4,745,11,1011.5,972,10
317,2025-11-26 12:19:19+05:30,1011.1,105,999.33,6091544,416113.0,395954.0,986.2,1012.2,981.3,986.2,120508500,1084.8,887.6,1102.5,649.1,1010.9,101,2,1010.8,184,4,1010.7,784,4,1010.6,1961,14,1010.5,936,12,1011.2,437,4,1011.3,563,5,1011.4,627,11,1011.5,670,9,1011.6,1416,10
317,2025-11-26 12:19:20+05:30,1011.1,1,999.33,6091544,416113.0,395954.0,986.2,1012.2,981.3,986.2,120508500,1084.8,887.6,1102.5,649.1,1010.9,101,2,1010.8,184,4,1010.7,784,4,1010.6,1961,14,1010.5,936,12,1011.2,437,4,1011.3,563,5,1011.4,627,11,1011.5,670,9,1011.6,1416,10
317,2025-11-26 12:19:20+05:30,1011.2,74,999.33,6091739,416665.0,394695.0,986.2,1012.2,981.3,986.2,120508500,1084.8,887.6,1102.5,649.1,1010.9,101,2,1010.8,302,6,1010.7,1037,5,1010.6,1961,14,1010.5,1019,12,1011.3,273,3,1011.4,632,12,1011.5,772,9,1011.6,1135,9,1011.7,1106,14
317,2025-11-26 12:19:21+05:30,1010.9,13,999.33,6091739,416665.0,394695.0,986.2,1012.2,981.3,986.2,120508500,1084.8,887.6,1102.5,649.1,1010.9,101,2,1010.8,302,6,1010.7,1037,5,1010.6,1961,14,1010.5,1019,12,1011.3,273,3,1011.4,632,12,1011.5,772,9,1011.6,1135,9,1011.7,1106,14
317,2025-11-26 12:19:21+05:30,1010.9,13,999.33,6091938,418050.0,399113.0,986.2,1012.2,981.3,986.2,120508500,1084.8,887.6,1102.5,649.1,1010.8,179,3,1010.7,112,2,1010.6,1832,11,1010.5,2129,15,1010.4,1946,17,1010.9,1399,1,1011.1,193,2,1011.3,723,6,1011.4,836,12,1011.5,902,9
317,2025-11-26 12:19:22+05:30,1010.9,1,999.33,6091938,418050.0,399113.0,986.2,1012.2,981.3,986.2,120508500,1084.8,887.6,1102.5,649.1,1010.8,179,3,1010.7,112,2,1010.6,1832,11,1010.5,2129,15,1010.4,1946,17,1010.9,1399,1,1011.1,193,2,1011.3,723,6,1011.4,836,12,1011.5,902,9
317,2025-11-26 12:19:22+05:30,1010.9,1,999.33,6091939,418101.0,399604.0,986.2,1012.2,981.3,986.2,120508500,1084.8,887.6,1102.5,649.1,1010.8,179,3,1010.7,112,2,1010.6,1832,11,1010.5,2153,16,1010.4,1973,18,1010.9,1398,1,1011.0,5,1,1011.1,193,2,1011.3,723,6,1011.4,836,12
317,2025-11-26 12:19:23+05:30,1010.9,4,999.33,6091939,418101.0,399604.0,986.2,1012.2,981.3,986.2,120508500,1084.8,887.6,1102.5,649.1,1010.8,179,3,1010.7,112,2,1010.6,1832,11,1010.5,2153,16,1010.4,1973,18,1010.9,1398,1,1011.0,5,1,1011.1,193,2,1011.3,723,6,1011.4,836,12
317,2025-11-26 12:19:23+05:30,1010.9,4,999.33,6091947,418494.0,399398.0,986.2,1012.2,981.3,986.2,120508500,1084.8,887.6,1102.5,649.1,1010.8,179,3,1010.7,505,3,1010.6,1832,11,1010.5,2268,17,1010.4,1858,17,1010.9,1390,1,1011.0,5,1,1011.1,193,2,1011.3,723,6,1011.4,836,12
317,2025-11-26 12:19:24+05:30,1010.9,124,999.33,6091947,418494.0,399398.0,986.2,1012.2,981.3,986.2,120508500,1084.8,887.6,1102.5,649.1,1010.8,179,3,1010.7,505,3,1010.6,1832,11,1010.5,2268,17,1010.4,1858,17,1010.9,1390,1,1011.0,5,1,1011.1,193,2,1011.3,723,6,1011.4,836,12
317,2025-11-26 12:19:24+05:30,1010.9,124,999.33,6092272,418641.0,399402.0,986.2,1012.2,981.3,986.2,120508500,1084.8,887.6,1102.5,649.1,1010.8,179,3,1010.7,695,4,1010.6,1881,12,1010.5,2268,17,1010.4,1947,19,1010.9,1065,1,1011.0,5,1,1011.1,193,2,1011.3,723,6,1011.4,845,13
317,2025-11-26 12:19:25+05:30,1010.9,11,999.33,6092272,418641.0,399402.0,986.2,1012.2,981.3,986.2,120508500,1084.8,887.6,1102.5,649.1,1010.8,179,3,1010.7,695,4,1010.6,1881,12,1010.5,2268,17,1010.4,1947,19,1010.9,1065,1,1011.0,5,1,1011.1,193,2,1011.3,723,6,1011.4,845,13
317,2025-11-26 12:19:25+05:30,1010.9,11,999.33,6092299,418452.0,399426.0,986.2,1012.2,981.3,986.2,120508500,1084.8,887.6,1102.5,649.1,1010.8,179,3,1010.7,402,4,1010.6,1881,12,1010.5,2164,17,1010.4,1952,18,1010.9,1038,1,1011.0,305,2,1011.1,193,2,1011.3,737,8,1011.4,845,13
317,2025-11-26 12:19:26+05:30,1010.9,60,999.33,6092299,418452.0,399426.0,986.2,1012.2,981.3,986.2,120508500,1084.8,887.6,1102.5,649.1,1010.8,179,3,1010.7,402,4,1010.6,1881,12,1010.5,2164,17,1010.4,1952,18,1010.9,1038,1,1011.0,305,2,1011.1,193,2,1011.3,737,8,1011.4,845,13
317,2025-11-26 12:19:26+05:30,1010.8,100,999.33,6092505,418456.0,398883.0,986.2,1012.2,981.3,986.2,120508500,1084.8,887.6,1102.5,649.1,1010.7,510,3,1010.6,2041,11,1010.5,2078,15,1010.4,1152,16,1010.3,2046,16,1010.8,66,1,1010.9,951,1,1011.0,305,2,1011.1,127,1,1011.3,741,8
317,2025-11-26 12:19:27+05:30,1010.8,100,999.33,6092505,418456.0,398883.0,986.2,1012.2,981.3,986.2,120508500,1084.8,887.6,1102.5,649.1,1010.7,510,3,1010.6,2041,11,1010.5,2078,15,1010.4,1152,16,1010.3,2046,16,1010.8,66,1,1010.9,951,1,1011.0,305,2,1011.1,127,1,1011.3,741,8
317,2025-11-26 12:19:27+05:30,1010.8,100,999.33,6092505,418186.0,398905.0,986.2,1012.2,981.3,986.2,120508500,1084.8,887.6,1102.5,649.1,1010.7,67,1,1010.6,1976,10,1010.5,2187,16,1010.4,1071,16,1010.3,2046,16,1010.8,66,1,1010.9,951,1,1011.0,305,2,1011.1,127,1,1011.3,741,8
317,2025-11-26 12:19:28+05:30,1010.8,3,999.33,6092508,418186.0,398846.0,986.2,1012.2,981.3,986.2,120508500,1084.8,887.6,1102.5,649.1,1010.7,67,1,1010.6,1976,10,1010.5,2187,16,1010.4,1071,16,1010.3,2046,16,1010.8,63,1,1010.9,997,2,1011.0,305,2,1011.1,127,1,1011.3,741,8
317,2025-11-26 12:19:29+05:30,1010.8,3,999.33,6092508,418186.0,398846.0,986.2,1012.2,981.3,986.2,120508500,1084.8,887.6,1102.5,649.1,1010.7,67,1,1010.6,1976,10,1010.5,2187,16,1010.4,1071,16,1010.3,2046,16,1010.8,63,1,1010.9,997,2,1011.0,305,2,1011.1,127,1,1011.3,741,8
317,2025-11-26 12:19:29+05:30,1010.8,3,999.33,6092508,418187.0,398926.0,986.2,1012.2,981.3,986.2,120508500,1084.8,887.6,1102.5,649.1,1010.7,67,1,1010.6,1939,9,1010.5,2187,16,1010.4,1109,17,1010.3,2046,16,1010.8,63,1,1010.9,997,2,1011.0,305,2,1011.1,127,1,1011.3,741,8
317,2025-11-26 12:19:30+05:30,1010.8,385,999.33,6092508,418187.0,398926.0,986.2,1012.2,981.3,986.2,120508500,1084.8,887.6,1102.5,649.1,1010.7,67,1,1010.6,1939,9,1010.5,2187,16,1010.4,1109,17,1010.3,2046,16,1010.8,63,1,1010.9,997,2,1011.0,305,2,1011.1,127,1,1011.3,741,8
317,2025-11-26 12:19:31+05:30,1010.8,1,999.33,6092955,418281.0,398965.0,986.2,1012.2,981.3,986.2,120508500,1084.8,887.6,1102.5,649.1,1010.7,59,1,1010.6,2074,10,1010.5,1969,14,1010.4,1207,18,1010.3,2133,17,1010.8,65,1,1010.9,997,2,1011.0,310,3,1011.1,127,1,1011.2,233,2
317,2025-11-26 12:19:31+05:30,1010.8,1,999.33,6092955,418281.0,398965.0,986.2,1012.2,981.3,986.2,120508500,1084.8,887.6,1102.5,649.1,1010.7,59,1,1010.6,2074,10,1010.5,1969,14,1010.4,1207,18,1010.3,2133,17,1010.8,65,1,1010.9,997,2,1011.0,310,3,1011.1,127,1,1011.2,233,2
317,2025-11-26 12:19:32+05:30,1010.7,10,999.33,6093024,418064.0,398706.0,986.2,1012.2,981.3,986.2,120508500,1084.8,887.6,1102.5,649.1,1010.6,1600,6,1010.5,2002,14,1010.4,1033,13,1010.3,2112,18,1010.2,2460,13,1010.7,80,2,1010.9,997,2,1011.0,310,3,1011.1,317,2,1011.2,233,2
317,2025-11-26 12:19:32+05:30,1010.7,10,999.33,6093024,418064.0,398706.0,986.2,1012.2,981.3,986.2,120508500,1084.8,887.6,1102.5,649.1,1010.6,1600,6,1010.5,2002,14,1010.4,1033,13,1010.3,2112,18,1010.2,2460,13,1010.7,80,2,1010.9,997,2,1011.0,310,3,1011.1,317,2,1011.2,233,2
317,2025-11-26 12:19:33+05:30,1010.7,5,999.33,6093033,417970.0,399362.0,986.2,1012.2,981.3,986.2,120508500,1084.8,887.6,1102.5,649.1,1010.6,1787,8,1010.5,2002,14,1010.4,967,12,1010.3,2141,19,1010.2,2507,14,1010.7,71,2,1010.9,997,2,1011.0,323,4,1011.1,330,3,1011.2,242,3
317,2025-11-26 12:19:33+05:30,1010.7,5,999.33,6093033,417970.0,399362.0,986.2,1012.2,981.3,986.2,120508500,1084.8,887.6,1102.5,649.1,1010.6,1787,8,1010.5,2002,14,1010.4,967,12,1010.3,2141,19,1010.2,2507,14,1010.7,71,2,1010.9,997,2,1011.0,323,4,1011.1,330,3,1011.2,242,3
317,2025-11-26 12:19:34+05:30,1010.9,124,999.33,6093422,420725.0,398766.0,986.2,1012.2,981.3,986.2,120508500,1084.8,887.6,1102.5,649.1,1010.6,2007,11,1010.5,1933,14,1010.4,1191,14,1010.3,2112,18,1010.2,1757,13,1010.9,873,2,1011.0,318,3,1011.1,330,3,1011.2,190,1,1011.3,633,4
317,2025-11-26 12:19:34+05:30,1010.9,124,999.33,6093422,420725.0,398766.0,986.2,1012.2,981.3,986.2,120508500,1084.8,887.6,1102.5,649.1,1010.6,2007,11,1010.5,1933,14,1010.4,1191,14,1010.3,2112,18,1010.2,1757,13,1010.9,873,2,1011.0,318,3,1011.1,330,3,1011.2,190,1,1011.3,633,4
317,2025-11-26 12:19:35+05:30,1010.9,10,999.33,6093432,415869.0,398754.0,986.2,1012.2,981.3,986.2,120508500,1084.8,887.6,1102.5,649.1,1010.7,207,3,1010.6,2053,12,1010.5,1979,15,1010.4,996,13,1010.3,2144,19,1010.9,863,2,1011.0,318,3,1011.1,330,3,1011.2,190,1,1011.3,682,5
317,2025-11-26 12:19:35+05:30,1010.9,10,999.33,6093432,415869.0,398754.0,986.2,1012.2,981.3,986.2,120508500,1084.8,887.6,1102.5,649.1,1010.7,207,3,1010.6,2053,12,1010.5,1979,15,1010.4,996,13,1010.3,2144,19,1010.9,863,2,1011.0,318,3,1011.1,330,3,1011.2,190,1,1011.3,682,5
317,2025-11-26 12:19:35+05:30,1010.9,82,999.33,6093432,415869.0,398754.0,986.2,1012.2,981.3,986.2,120508500,1084.8,887.6,1102.5,649.1,1010.7,207,3,1010.6,2053,12,1010.5,1979,15,1010.4,996,13,1010.3,2144,19,1010.9,863,2,1011.0,318,3,1011.1,330,3,1011.2,190,1,1011.3,682,5
317,2025-11-26 12:19:35+05:30,1010.9,82,999.33,6093432,415869.0,398754.0,986.2,1012.2,981.3,986.2,120508500,1084.8,887.6,1102.5,649.1,1010.7,207,3,1010.6,2053,12,1010.5,1979,15,1010.4,996,13,1010.3,2144,19,1010.9,863,2,1011.0,318,3,1011.1,330,3,1011.2,190,1,1011.3,682,5
317,2025-11-26 12:19:36+05:30,1010.9,2,999.33,6093528,418706.0,398326.0,986.2,1012.2,981.3,986.2,120508500,1084.8,887.6,1102.5,649.1,1010.7,392,7,1010.6,2317,13,1010.5,2496,17,1010.4,1738,16,1010.3,3996,21,1010.9,777,2,1011.0,305,2,1011.1,127,1,1011.2,190,1,1011.3,646,5
317,2025-11-26 12:19:36+05:30,1010.9,2,999.33,6093528,418706.0,398326.0,986.2,1012.2,981.3,986.2,120508500,1084.8,887.6,1102.5,649.1,1010.7,392,7,1010.6,2317,13,1010.5,2496,17,1010.4,1738,16,1010.3,3996,21,1010.9,777,2,1011.0,305,2,1011.1,127,1,1011.2,190,1,1011.3,646,5
317,2025-11-26 12:19:36+05:30,1010.6,108,999.33,6093528,418706.0,398326.0,986.2,1012.2,981.3,986.2,120508500,1084.8,887.6,1102.5,649.1,1010.7,392,7,1010.6,2317,13,1010.5,2496,17,1010.4,1738,16,1010.3,3996,21,1010.9,777,2,1011.0,305,2,1011.1,127,1,1011.2,190,1,1011.3,646,5
317,2025-11-26 12:19:36+05:30,1010.6,108,999.33,6093528,418706.0,398326.0,986.2,1012.2,981.3,986.2,120508500,1084.8,887.6,1102.5,649.1,1010.7,392,7,1010.6,2317,13,1010.5,2496,17,1010.4,1738,16,1010.3,3996,21,1010.9,777,2,1011.0,305,2,1011.1,127,1,1011.2,190,1,1011.3,646,5
317,2025-11-26 12:19:37+05:30,1010.6,108,999.33,6094028,418469.0,399217.0,986.2,1012.2,981.3,986.2,120508500,1084.8,887.6,1102.5,649.1,1010.7,236,4,1010.6,2267,14,1010.5,2365,16,1010.4,1725,15,1010.3,3996,21,1010.9,777,2,1011.0,1305,3,1011.1,127,1,1011.2,190,1,1011.3,696,7
317,2025-11-26 12:19:37+05:30,1010.6,108,999.33,6094028,418469.0,399217.0,986.2,1012.2,981.3,986.2,120508500,1084.8,887.6,1102.5,649.1,1010.7,236,4,1010.6,2267,14,1010.5,2365,16,1010.4,1725,15,1010.3,3996,21,1010.9,777,2,1011.0,1305,3,1011.1,127,1,1011.2,190,1,1011.3,696,7
317,2025-11-26 12:19:38+05:30,1010.6,108,999.33,6094028,418469.0,399217.0,986.2,1012.2,981.3,986.2,120508500,1084.8,887.6,1102.5,649.1,1010.7,236,4,1010.6,2267,14,1010.5,2365,16,1010.4,1725,15,1010.3,3996,21,1010.9,777,2,1011.0,1305,3,1011.1,127,1,1011.2,190,1,1011.3,696,7
317,2025-11-26 12:19:38+05:30,1010.9,115,999.33,6094143,418521.0,399095.0,986.2,1012.2,981.3,986.2,120508500,1084.8,887.6,1102.5,649.1,1010.7,236,4,1010.6,2169,13,1010.5,2463,17,1010.4,1725,15,1010.3,3996,21,1010.9,662,2,1011.0,1305,3,1011.1,127,1,1011.2,190,1,1011.3,696,7
317,2025-11-26 12:19:38+05:30,1010.9,115,999.33,6094143,418521.0,399095.0,986.2,1012.2,981.3,986.2,120508500,1084.8,887.6,1102.5,649.1,1010.7,236,4,1010.6,2169,13,1010.5,2463,17,1010.4,1725,15,1010.3,3996,21,1010.9,662,2,1011.0,1305,3,1011.1,127,1,1011.2,190,1,1011.3,696,7
317,2025-11-26 12:19:38+05:30,1010.7,57,999.33,6094143,418521.0,399095.0,986.2,1012.2,981.3,986.2,120508500,1084.8,887.6,1102.5,649.1,1010.7,236,4,1010.6,2169,13,1010.5,2463,17,1010.4,1725,15,1010.3,3996,21,1010.9,662,2,1011.0,1305,3,1011.1,127,1,1011.2,190,1,1011.3,696,7
317,2025-11-26 12:19:38+05:30,1010.7,57,999.33,6094143,418521.0,399095.0,986.2,1012.2,981.3,986.2,120508500,1084.8,887.6,1102.5,649.1,1010.7,236,4,1010.6,2169,13,1010.5,2463,17,1010.4,1725,15,1010.3,3996,21,1010.9,662,2,1011.0,1305,3,1011.1,127,1,1011.2,190,1,1011.3,696,7
317,2025-11-26 12:19:39+05:30,1010.7,57,999.33,6094143,418521.0,399095.0,986.2,1012.2,981.3,986.2,120461250,1084.8,887.6,1102.5,649.1,1010.7,236,4,1010.6,2169,13,1010.5,2463,17,1010.4,1725,15,1010.3,3996,21,1010.9,662,2,1011.0,1305,3,1011.1,127,1,1011.2,190,1,1011.3,696,7
317,2025-11-26 12:19:39+05:30,1010.9,143,999.34,6094343,418399.0,399748.0,986.2,1012.2,981.3,986.2,120461250,1084.8,887.6,1102.5,649.1,1010.7,179,4,1010.6,2265,14,1010.5,2529,21,1010.4,1725,15,1010.3,3930,17,1010.9,519,2,1011.0,1305,3,1011.1,127,1,1011.2,195,2,1011.3,696,7
317,2025-11-26 12:19:39+05:30,1010.9,143,999.34,6094343,418399.0,399748.0,986.2,1012.2,981.3,986.2,120461250,1084.8,887.6,1102.5,649.1,1010.7,179,4,1010.6,2265,14,1010.5,2529,21,1010.4,1725,15,1010.3,3930,17,1010.9,519,2,1011.0,1305,3,1011.1,127,1,1011.2,195,2,1011.3,696,7
317,2025-11-26 12:19:39+05:30,1010.9,143,999.34,6094343,418399.0,399748.0,986.2,1012.2,981.3,986.2,120461250,1084.8,887.6,1102.5,649.1,1010.7,179,4,1010.6,2265,14,1010.5,2529,21,1010.4,1725,15,1010.3,3930,17,1010.9,519,2,1011.0,1305,3,1011.1,127,1,1011.2,195,2,1011.3,696,7
317,2025-11-26 12:19:39+05:30,1010.9,143,999.34,6094343,418399.0,399748.0,986.2,1012.2,981.3,986.2,120461250,1084.8,887.6,1102.5,649.1,1010.7,179,4,1010.6,2265,14,1010.5,2529,21,1010.4,1725,15,1010.3,3930,17,1010.9,519,2,1011.0,1305,3,1011.1,127,1,1011.2,195,2,1011.3,696,7
317,2025-11-26 12:19:40+05:30,1010.9,2,999.34,6094345,418468.0,400303.0,986.2,1012.2,981.3,986.2,120461250,1084.8,887.6,1102.5,649.1,1010.7,138,3,1010.6,2075,13,1010.5,2036,15,1010.4,1461,19,1010.3,3284,17,1010.9,567,3,1011.0,1315,4,1011.1,421,3,1011.2,195,2,1011.3,704,8
317,2025-11-26 12:19:40+05:30,1010.8,1,999.34,6094345,418468.0,400303.0,986.2,1012.2,981.3,986.2,120461250,1084.8,887.6,1102.5,649.1,1010.7,138,3,1010.6,2075,13,1010.5,2036,15,1010.4,1461,19,1010.3,3284,17,1010.9,567,3,1011.0,1315,4,1011.1,421,3,1011.2,195,2,1011.3,704,8
317,2025-11-26 12:19:41+05:30,1010.8,1,999.34,6094349,418058.0,400452.0,986.2,1012.2,981.3,986.2,120461250,1084.8,887.6,1102.5,649.1,1010.7,46,1,1010.6,1767,10,1010.5,1743,11,1010.4,1618,16,1010.3,3324,20,1010.8,1,1,1010.9,567,3,1011.0,1315,4,1011.1,421,3,1011.2,195,2
317,2025-11-26 12:19:41+05:30,1010.8,1,999.34,6094349,418058.0,400452.0,986.2,1012.2,981.3,986.2,120461250,1084.8,887.6,1102.5,649.1,1010.7,46,1,1010.6,1767,10,1010.5,1743,11,1010.4,1618,16,1010.3,3324,20,1010.8,1,1,1010.9,567,3,1011.0,1315,4,1011.1,421,3,1011.2,195,2
317,2025-11-26 12:19:42+05:30,1010.7,46,999.34,6094395,417850.0,401025.0,986.2,1012.2,981.3,986.2,120461250,1084.8,887.6,1102.5,649.1,1010.6,1767,10,1010.5,1734,11,1010.4,1488,14,1010.3,3366,22,1010.2,2494,15,1010.7,28,1,1010.8,1,1,1010.9,567,3,1011.0,1315,4,1011.1,317,2
317,2025-11-26 12:19:42+05:30,1010.7,46,999.34,6094395,417850.0,401025.0,986.2,1012.2,981.3,986.2,120461250,1084.8,887.6,1102.5,649.1,1010.6,1767,10,1010.5,1734,11,1010.4,1488,14,1010.3,3366,22,1010.2,2494,15,1010.7,28,1,1010.8,1,1,1010.9,567,3,1011.0,1315,4,1011.1,317,2
317,2025-11-26 12:19:43+05:30,1010.7,26,999.34,6094628,418800.0,401194.0,986.2,1012.2,981.3,986.2,120461250,1084.8,887.6,1102.5,649.1,1010.7,126,5,1010.6,1784,10,1010.5,1850,13,1010.4,1097,14,1010.3,2882,18,1010.8,2,2,1010.9,567,3,1011.0,1315,4,1011.1,317,2,1011.2,195,2
317,2025-11-26 12:19:43+05:30,1010.7,26,999.34,6094628,418800.0,401194.0,986.2,1012.2,981.3,986.2,120461250,1084.8,887.6,1102.5,649.1,1010.7,126,5,1010.6,1784,10,1010.5,1850,13,1010.4,1097,14,1010.3,2882,18,1010.8,2,2,1010.9,567,3,1011.0,1315,4,1011.1,317,2,1011.2,195,2
317,2025-11-26 12:19:44+05:30,1010.7,1,999.34,6094632,416446.0,400990.0,986.2,1012.2,981.3,986.2,120461250,1084.8,887.6,1102.5,649.1,1010.7,120,3,1010.6,1888,11,1010.5,1890,14,1010.4,1057,13,1010.3,2132,17,1010.9,566,3,1011.0,1315,4,1011.1,420,3,1011.2,367,3,1011.3,745,8
317,2025-11-26 12:19:44+05:30,1010.7,1,999.34,6094632,416446.0,400990.0,986.2,1012.2,981.3,986.2,120461250,1084.8,887.6,1102.5,649.1,1010.7,120,3,1010.6,1888,11,1010.5,1890,14,1010.4,1057,13,1010.3,2132,17,1010.9,566,3,1011.0,1315,4,1011.1,420,3,1011.2,367,3,1011.3,745,8
317,2025-11-26 12:19:45+05:30,1010.7,1,999.34,6094632,415788.0,401118.0,986.2,1012.2,981.3,986.2,120461250,1084.8,887.6,1102.5,649.1,1010.7,46,1,1010.6,1729,9,1010.5,1965,14,1010.4,953,12,1010.3,2236,18,1010.9,566,3,1011.0,1315,4,1011.1,524,4,1011.2,367,3,1011.3,746,9
317,2025-11-26 12:19:45+05:30,1010.7,5,999.34,6094632,415788.0,401118.0,986.2,1012.2,981.3,986.2,120461250,1084.8,887.6,1102.5,649.1,1010.7,46,1,1010.6,1729,9,1010.5,1965,14,1010.4,953,12,1010.3,2236,18,1010.9,566,3,1011.0,1315,4,1011.1,524,4,1011.2,367,3,1011.3,746,9
317,2025-11-26 12:19:46+05:30,1010.9,20,999.34,6094660,418228.0,401063.0,986.2,1012.2,981.3,986.2,120461250,1084.8,887.6,1102.5,649.1,1010.7,41,1,1010.6,1770,10,1010.5,1992,15,1010.4,953,12,1010.3,3714,20,1010.9,543,3,1011.0,1315,4,1011.1,421,3,1011.2,236,3,1011.3,828,8
317,2025-11-26 12:19:46+05:30,1010.9,296,999.34,6094660,418228.0,401063.0,986.2,1012.2,981.3,986.2,120461250,1084.8,887.6,1102.5,649.1,1010.7,41,1,1010.6,1770,10,1010.5,1992,15,1010.4,953,12,1010.3,3714,20,1010.9,543,3,1011.0,1315,4,1011.1,421,3,1011.2,236,3,1011.3,828,8
317,2025-11-26 12:19:47+05:30,1010.7,4,999.34,6094960,418236.0,400559.0,986.2,1012.2,981.3,986.2,120461250,1084.8,887.6,1102.5,649.1,1010.7,261,5,1010.6,2055,12,1010.5,1965,14,1010.4,1401,14,1010.3,3190,18,1010.8,2,1,1010.9,247,3,1011.0,1315,4,1011.1,127,1,1011.2,196,3
317,2025-11-26 12:19:47+05:30,1010.7,4,999.34,6094960,418236.0,400559.0,986.2,1012.2,981.3,986.2,120461250,1084.8,887.6,1102.5,649.1,1010.7,261,5,1010.6,2055,12,1010.5,1965,14,1010.4,1401,14,1010.3,3190,18,1010.8,2,1,1010.9,247,3,1011.0,1315,4,1011.1,127,1,1011.2,196,3
317,2025-11-26 12:19:48+05:30,1010.7,4,999.34,6094960,417880.0,400831.0,986.2,1012.2,981.3,986.2,120461250,1084.8,887.6,1102.5,649.1,1010.7,68,2,1010.6,1894,11,1010.5,1965,14,1010.4,1401,14,1010.3,3190,18,1010.8,2,1,1010.9,247,3,1011.0,1532,5,1011.1,127,1,1011.2,196,3
317,2025-11-26 12:19:48+05:30,1010.8,2,999.34,6094960,417880.0,400831.0,986.2,1012.2,981.3,986.2,120461250,1084.8,887.6,1102.5,649.1,1010.7,68,2,1010.6,1894,11,1010.5,1965,14,1010.4,1401,14,1010.3,3190,18,1010.8,2,1,1010.9,247,3,1011.0,1532,5,1011.1,127,1,1011.2,196,3
317,2025-11-26 12:19:49+05:30,1010.8,2,999.34,6094963,420182.0,400562.0,986.2,1012.2,981.3,986.2,120461250,1084.8,887.6,1102.5,649.1,1010.8,835,3,1010.7,231,5,1010.6,2002,12,1010.5,2355,16,1010.4,2485,16,1010.9,247,3,1011.0,1593,6,1011.1,127,1,1011.2,195,2,1011.3,671,5
317,2025-11-26 12:19:49+05:30,1010.8,100,999.34,6094963,420182.0,400562.0,986.2,1012.2,981.3,986.2,120461250,1084.8,887.6,1102.5,649.1,1010.8,835,3,1010.7,231,5,1010.6,2002,12,1010.5,2355,16,1010.4,2485,16,1010.9,247,3,1011.0,1593,6,1011.1,127,1,1011.2,195,2,1011.3,671,5
317,2025-11-26 12:19:50+05:30,1010.8,3,999.34,6095287,419684.0,400462.0,986.2,1012.2,981.3,986.2,120461250,1084.8,887.6,1102.5,649.1,1010.8,565,2,1010.7,114,3,1010.6,2173,13,1010.5,2454,17,1010.4,2485,16,1010.9,144,3,1011.0,1593,6,1011.1,127,1,1011.2,195,2,1011.3,671,5
317,2025-11-26 12:19:50+05:30,1010.9,1,999.34,6095287,419684.0,400462.0,986.2,1012.2,981.3,986.2,120461250,1084.8,887.6,1102.5,649.1,1010.8,565,2,1010.7,114,3,1010.6,2173,13,1010.5,2454,17,1010.4,2485,16,1010.9,144,3,1011.0,1593,6,1011.1,127,1,1011.2,195,2,1011.3,671,5
317,2025-11-26 12:19:51+05:30,1010.9,1,999.34,6095289,418891.0,400083.0,986.2,1012.2,981.3,986.2,120461250,1084.8,887.6,1102.5,649.1,1010.8,565,2,1010.7,71,2,1010.6,2173,13,1010.5,2454,17,1010.4,1735,15,1010.9,142,3,1011.0,1593,6,1011.1,127,1,1011.2,195,2,1011.3,679,6
317,2025-11-26 12:19:51+05:30,1010.9,136,999.34,6095289,418891.0,400083.0,986.2,1012.2,981.3,986.2,120461250,1084.8,887.6,1102.5,649.1,1010.8,565,2,1010.7,71,2,1010.6,2173,13,1010.5,2454,17,1010.4,1735,15,1010.9,142,3,1011.0,1593,6,1011.1,127,1,1011.2,195,2,1011.3,679,6
317,2025-11-26 12:19:52+05:30,1011.0,86,999.34,6095846,418900.0,399097.0,986.2,1012.2,981.3,986.2,120461250,1084.8,887.6,1102.5,649.1,1010.8,415,3,1010.7,437,5,1010.6,1975,12,1010.5,2392,16,1010.4,1748,16,1011.0,1502,5,1011.1,137,2,1011.2,195,2,1011.3,671,5,1011.4,713,8
317,2025-11-26 12:19:52+05:30,1011.0,86,999.34,6095846,418900.0,399097.0,986.2,1012.2,981.3,986.2,120461250,1084.8,887.6,1102.5,649.1,1010.8,415,3,1010.7,437,5,1010.6,1975,12,1010.5,2392,16,1010.4,1748,16,1011.0,1502,5,1011.1,137,2,1011.2,195,2,1011.3,671,5,1011.4,713,8
317,2025-11-26 12:19:52+05:30,1011.0,5,999.34,6095855,418712.0,399741.0,986.2,1012.2,981.3,986.2,120461250,1084.8,887.6,1102.5,649.1,1010.8,421,4,1010.7,217,4,1010.6,2191,14,1010.5,2392,16,1010.4,1748,16,1011.0,1493,5,1011.1,137,2,1011.2,195,2,1011.3,672,6,1011.4,713,8
317,2025-11-26 12:19:53+05:30,1011.0,30,999.34,6095855,418712.0,399741.0,986.2,1012.2,981.3,986.2,120461250,1084.8,887.6,1102.5,649.1,1010.8,421,4,1010.7,217,4,1010.6,2191,14,1010.5,2392,16,1010.4,1748,16,1011.0,1493,5,1011.1,137,2,1011.2,195,2,1011.3,672,6,1011.4,713,8
317,2025-11-26 12:19:53+05:30,1011.0,30,999.34,6095885,418781.0,399791.0,986.2,1012.2,981.3,986.2,120461250,1084.8,887.6,1102.5,649.1,1010.8,460,5,1010.7,312,5,1010.6,2317,15,1010.5,2392,16,1010.4,1748,16,1011.0,1463,5,1011.1,137,2,1011.2,195,2,1011.3,672,6,1011.4,713,8
317,2025-11-26 12:19:54+05:30,1011.0,111,999.34,6095885,418781.0,399791.0,986.2,1012.2,981.3,986.2,120461250,1084.8,887.6,1102.5,649.1,1010.8,460,5,1010.7,312,5,1010.6,2317,15,1010.5,2392,16,1010.4,1748,16,1011.0,1463,5,1011.1,137,2,1011.2,195,2,1011.3,672,6,1011.4,713,8
317,2025-11-26 12:19:54+05:30,1011.0,111,999.34,6096114,418764.0,399691.0,986.2,1012.2,981.3,986.2,120461250,1084.8,887.6,1102.5,649.1,1010.9,30,1,1010.8,398,4,1010.7,124,4,1010.6,2316,15,1010.5,2489,17,1011.0,1360,6,1011.1,137,2,1011.2,102,2,1011.3,697,7,1011.4,713,8
317,2025-11-26 12:19:55+05:30,1011.0,12,999.34,6096114,418764.0,399691.0,986.2,1012.2,981.3,986.2,120461250,1084.8,887.6,1102.5,649.1,1010.9,30,1,1010.8,398,4,1010.7,124,4,1010.6,2316,15,1010.5,2489,17,1011.0,1360,6,1011.1,137,2,1011.2,102,2,1011.3,697,7,1011.4,713,8
317,2025-11-26 12:19:55+05:30,1011.0,12,999.34,6096143,418778.0,399931.0,986.2,1012.2,981.3,986.2,120461250,1084.8,887.6,1102.5,649.1,1010.9,47,2,1010.8,398,4,1010.7,221,5,1010.6,2202,13,1010.5,2489,17,1011.0,1331,6,1011.1,10,1,1011.2,292,3,1011.3,672,6,1011.4,713,8
317,2025-11-26 12:19:56+05:30,1011.0,2,999.34,6096143,418778.0,399931.0,986.2,1012.2,981.3,986.2,120461250,1084.8,887.6,1102.5,649.1,1010.9,47,2,1010.8,398,4,1010.7,221,5,1010.6,2202,13,1010.5,2489,17,1011.0,1331,6,1011.1,10,1,1011.2,292,3,1011.3,672,6,1011.4,713,8
317,2025-11-26 12:19:56+05:30,1011.0,2,999.34,6096145,419523.0,399924.0,986.2,1012.2,981.3,986.2,120461250,1084.8,887.6,1102.5,649.1,1010.9,60,3,1010.8,385,3,1010.7,221,5,1010.6,2336,15,1010.5,2461,17,1011.0,1329,6,1011.1,15,2,1011.2,195,2,1011.3,769,7,1011.4,713,8
317,2025-11-26 12:19:57+05:30,1011.0,2,999.34,6096145,419549.0,399906.0,986.2,1012.2,981.3,986.2,120461250,1084.8,887.6,1102.5,649.1,1010.9,60,3,1010.8,385,3,1010.7,247,6,1010.6,2336,15,1010.5,2461,17,1011.0,1329,6,1011.1,15,2,1011.2,195,2,1011.3,818,8,1011.4,734,9
317,2025-11-26 12:19:58+05:30,1010.9,5,999.34,6096145,419549.0,399906.0,986.2,1012.2,981.3,986.2,120461250,1084.8,887.6,1102.5,649.1,1010.9,60,3,1010.8,385,3,1010.7,247,6,1010.6,2336,15,1010.5,2461,17,1011.0,1329,6,1011.1,15,2,1011.2,195,2,1011.3,818,8,1011.4,734,9
317,2025-11-26 12:19:58+05:30,1010.9,5,999.34,6096150,419518.0,399890.0,986.2,1012.2,981.3,986.2,120461250,1084.8,887.6,1102.5,649.1,1010.9,55,3,1010.8,385,3,1010.7,124,4,1010.6,2433,16,1010.5,2461,17,1011.0,1329,6,1011.1,15,2,1011.2,195,2,1011.3,818,8,1011.4,713,8
317,2025-11-26 12:19:59+05:30,1011.0,2,999.34,6096150,419518.0,399890.0,986.2,1012.2,981.3,986.2,120461250,1084.8,887.6,1102.5,649.1,1010.9,55,3,1010.8,385,3,1010.7,124,4,1010.6,2433,16,1010.5,2461,17,1011.0,1329,6,1011.1,15,2,1011.2,195,2,1011.3,818,8,1011.4,713,8
317,2025-11-26 12:19:59+05:30,1011.0,1,999.34,6096153,419556.0,400304.0,986.2,1012.2,981.3,986.2,120461250,1084.8,887.6,1102.5,649.1,1010.9,55,3,1010.8,385,3,1010.7,124,4,1010.6,2336,15,1010.5,2598,19,1011.0,1326,6,1011.1,15,2,1011.2,195,2,1011.3,818,8,1011.4,713,8
317,2025-11-26 12:20:00+05:30,1010.9,63,999.34,6096153,419556.0,400304.0,986.2,1012.2,981.3,986.2,120461250,1084.8,887.6,1102.5,649.1,1010.9,55,3,1010.8,385,3,1010.7,124,4,1010.6,2336,15,1010.5,2598,19,1011.0,1326,6,1011.1,15,2,1011.2,195,2,1011.3,818,8,1011.4,713,8
317,2025-11-26 12:20:00+05:30,1010.9,63,999.34,6096272,419403.0,401030.0,986.2,1012.2,981.3,986.2,120461250,1084.8,887.6,1102.5,649.1,1010.9,17,1,1010.8,423,4,1010.7,339,6,1010.6,2950,18,1010.5,3387,18,1011.0,1325,6,1011.1,15,2,1011.2,371,4,1011.3,726,8,1011.4,718,9
317,2025-11-26 12:20:01+05:30,1011.0,313,999.34,6096272,419403.0,401030.0,986.2,1012.2,981.3,986.2,120461250,1084.8,887.6,1102.5,649.1,1010.9,17,1,1010.8,423,4,1010.7,339,6,1010.6,2950,18,1010.5,3387,18,1011.0,1325,6,1011.1,15,2,1011.2,371,4,1011.3,726,8,1011.4,718,9
317,2025-11-26 12:20:01+05:30,1010.9,77,999.34,6096700,418880.0,400095.0,986.2,1012.2,981.3,986.2,120461250,1084.8,887.6,1102.5,649.1,1010.8,44,2,1010.7,123,4,1010.6,2810,16,1010.5,3530,20,1010.4,2511,16,1010.9,20,1,1011.0,982,5,1011.1,15,2,1011.2,5,1,1011.3,721,7
317,2025-11-26 12:20:02+05:30,1010.9,77,999.34,6096700,418880.0,400095.0,986.2,1012.2,981.3,986.2,120461250,1084.8,887.6,1102.5,649.1,1010.8,44,2,1010.7,123,4,1010.6,2810,16,1010.5,3530,20,1010.4,2511,16,1010.9,20,1,1011.0,982,5,1011.1,15,2,1011.2,5,1,1011.3,721,7
317,2025-11-26 12:20:02+05:30,1010.9,77,999.34,6096700,420026.0,400617.0,986.2,1012.2,981.3,986.2,120461250,1084.8,887.6,1102.5,649.1,1010.8,202,3,1010.7,211,5,1010.6,2837,16,1010.5,4192,21,1010.4,2412,15,1010.9,20,1,1011.0,982,5,1011.1,15,2,1011.2,189,2,1011.3,721,7
317,2025-11-26 12:20:03+05:30,1011.0,78,999.34,6096700,420026.0,400617.0,986.2,1012.2,981.3,986.2,120461250,1084.8,887.6,1102.5,649.1,1010.8,202,3,1010.7,211,5,1010.6,2837,16,1010.5,4192,21,1010.4,2412,15,1010.9,20,1,1011.0,982,5,1011.1,15,2,1011.2,189,2,1011.3,721,7
317,2025-11-26 12:20:03+05:30,1011.0,78,999.34,6097140,419818.0,400086.0,986.2,1012.2,981.3,986.2,120461250,1084.8,887.6,1102.5,649.1,1010.9,158,1,1010.8,130,4,1010.7,454,7,1010.6,2952,18,1010.5,3588,24,1011.0,665,5,1011.1,15,2,1011.2,5,1,1011.3,455,4,1011.4,530,7
317,2025-11-26 12:20:04+05:30,1010.9,43,999.34,6097140,419818.0,400086.0,986.2,1012.2,981.3,986.2,120461250,1084.8,887.6,1102.5,649.1,1010.9,158,1,1010.8,130,4,1010.7,454,7,1010.6,2952,18,1010.5,3588,24,1011.0,665,5,1011.1,15,2,1011.2,5,1,1011.3,455,4,1011.4,530,7
317,2025-11-26 12:20:04+05:30,1010.9,43,999.34,6097183,419769.0,400039.0,986.2,1012.2,981.3,986.2,120461250,1084.8,887.6,1102.5,649.1,1010.9,115,1,1010.8,130,4,1010.7,447,6,1010.6,2864,17,1010.5,3584,19,1011.0,665,5,1011.1,15,2,1011.2,5,1,1011.3,455,4,1011.4,530,7
317,2025-11-26 12:20:05+05:30,1011.0,3,999.34,6097183,419769.0,400039.0,986.2,1012.2,981.3,986.2,120461250,1084.8,887.6,1102.5,649.1,1010.9,115,1,1010.8,130,4,1010.7,447,6,1010.6,2864,17,1010.5,3584,19,1011.0,665,5,1011.1,15,2,1011.2,5,1,1011.3,455,4,1011.4,530,7
317,2025-11-26 12:20:05+05:30,1010.9,50,999.34,6097236,420367.0,400313.0,986.2,1012.2,981.3,986.2,120461250,1084.8,887.6,1102.5,649.1,1010.9,65,1,1010.8,81,3,1010.7,867,7,1010.6,3856,17,1010.5,2834,18,1011.0,694,7,1011.1,15,2,1011.2,93,2,1011.3,455,4,1011.4,530,7
317,2025-11-26 12:20:06+05:30,1010.9,118,999.34,6097236,420367.0,400313.0,986.2,1012.2,981.3,986.2,120461250,1084.8,887.6,1102.5,649.1,1010.9,65,1,1010.8,81,3,1010.7,867,7,1010.6,3856,17,1010.5,2834,18,1011.0,694,7,1011.1,15,2,1011.2,93,2,1011.3,455,4,1011.4,530,7
317,2025-11-26 12:20:06+05:30,1010.9,118,999.34,6097360,420082.0,400472.0,986.2,1012.2,981.3,986.2,120461250,1084.8,887.6,1102.5,649.1,1010.9,164,2,1010.8,75,2,1010.7,665,6,1010.6,3930,18,1010.5,4236,24,1011.0,717,8,1011.1,56,3,1011.2,93,2,1011.3,543,5,1011.4,452,7
317,2025-11-26 12:20:07+05:30,1010.9,1,999.34,6097360,420082.0,400472.0,986.2,1012.2,981.3,986.2,120461250,1084.8,887.6,1102.5,649.1,1010.9,164,2,1010.8,75,2,1010.7,665,6,1010.6,3930,18,1010.5,4236,24,1011.0,717,8,1011.1,56,3,1011.2,93,2,1011.3,543,5,1011.4,452,7
317,2025-11-26 12:20:07+05:30,1010.9,1,999.34,6097361,419849.0,400448.0,986.2,1012.2,981.3,986.2,120461250,1084.8,887.6,1102.5,649.1,1010.9,163,2,1010.8,124,3,1010.7,665,6,1010.6,3957,19,1010.5,4236,24,1011.0,717,8,1011.1,56,3,1011.2,5,1,1011.3,543,5,1011.4,540,8
317,2025-11-26 12:20:08+05:30,1010.9,1,999.34,6097361,419849.0,400479.0,986.2,1012.2,981.3,986.2,120461250,1084.8,887.6,1102.5,649.1,1010.9,163,2,1010.8,124,3,1010.7,665,6,1010.6,3957,19,1010.5,4236,24,1011.0,717,8,1011.1,56,3,1011.2,5,1,1011.3,543,5,1011.4,540,8
317,2025-11-26 12:20:09+05:30,1010.9,1,999.34,6097361,419849.0,400596.0,986.2,1012.2,981.3,986.2,120461250,1084.8,887.6,1102.5,649.1,1010.9,163,2,1010.8,124,3,1010.7,665,6,1010.6,3957,19,1010.5,4236,24,1011.0,717,8,1011.1,56,3,1011.2,5,1,1011.3,543,5,1011.4,540,8
317,2025-11-26 12:20:10+05:30,1011.0,1,999.34,6097361,419849.0,400596.0,986.2,1012.2,981.3,986.2,120461250,1084.8,887.6,1102.5,649.1,1010.9,163,2,1010.8,124,3,1010.7,665,6,1010.6,3957,19,1010.5,4236,24,1011.0,717,8,1011.1,56,3,1011.2,5,1,1011.3,543,5,1011.4,540,8
317,2025-11-26 12:20:10+05:30,1011.0,1,999.34,6097362,419900.0,400606.0,986.2,1012.2,981.3,986.2,120461250,1084.8,887.6,1102.5,649.1,1010.9,163,2,1010.8,75,2,1010.7,665,6,1010.6,3957,19,1010.5,4236,24,1011.0,716,8,1011.1,56,3,1011.2,5,1,1011.3,543,5,1011.4,540,8
317,2025-11-26 12:20:11+05:30,1011.0,2,999.34,6097362,419900.0,400606.0,986.2,1012.2,981.3,986.2,120461250,1084.8,887.6,1102.5,649.1,1010.9,163,2,1010.8,75,2,1010.7,665,6,1010.6,3957,19,1010.5,4236,24,1011.0,716,8,1011.1,56,3,1011.2,5,1,1011.3,543,5,1011.4,540,8
317,2025-11-26 12:20:11+05:30,1010.9,59,999.34,6097586,420117.0,400574.0,986.2,1012.2,981.3,986.2,120461250,1084.8,887.6,1102.5,649.1,1010.9,99,1,1010.8,75,2,1010.7,665,6,1010.6,3930,18,1010.5,4236,24,1011.0,724,9,1011.1,56,3,1011.2,5,1,1011.3,543,5,1011.4,540,8
317,2025-11-26 12:20:12+05:30,1011.0,1,999.34,6097586,420117.0,400574.0,986.2,1012.2,981.3,986.2,120461250,1084.8,887.6,1102.5,649.1,1010.9,99,1,1010.8,75,2,1010.7,665,6,1010.6,3930,18,1010.5,4236,24,1011.0,724,9,1011.1,56,3,1011.2,5,1,1011.3,543,5,1011.4,540,8
317,2025-11-26 12:20:12+05:30,1011.0,105,999.34,6097904,421161.0,399987.0,986.2,1012.2,981.3,986.2,120461250,1084.8,887.6,1102.5,649.1,1010.9,795,2,1010.8,334,6,1010.7,867,7,1010.6,4020,20,1010.5,4236,24,1011.0,563,9,1011.1,56,3,1011.2,5,1,1011.3,442,3,1011.4,442,6
317,2025-11-26 12:20:13+05:30,1011.0,77,999.34,6097904,421161.0,399987.0,986.2,1012.2,981.3,986.2,120461250,1084.8,887.6,1102.5,649.1,1010.9,795,2,1010.8,334,6,1010.7,867,7,1010.6,4020,20,1010.5,4236,24,1011.0,563,9,1011.1,56,3,1011.2,5,1,1011.3,442,3,1011.4,442,6
317,2025-11-26 12:20:13+05:30,1011.0,77,999.34,6097991,421005.0,399756.0,986.2,1012.2,981.3,986.2,120461250,1084.8,887.6,1102.5,649.1,1010.9,808,3,1010.8,277,6,1010.7,1158,10,1010.6,3930,19,1010.5,4236,24,1011.0,476,9,1011.1,56,3,1011.2,5,1,1011.3,258,2,1011.4,343,6
317,2025-11-26 12:20:14+05:30,1011.0,112,999.34,6097991,421005.0,399756.0,986.2,1012.2,981.3,986.2,120461250,1084.8,887.6,1102.5,649.1,1010.9,808,3,1010.8,277,6,1010.7,1158,10,1010.6,3930,19,1010.5,4236,24,1011.0,476,9,1011.1,56,3,1011.2,5,1,1011.3,258,2,1011.4,343,6
317,2025-11-26 12:20:14+05:30,1011.0,112,999.34,6098105,421125.0,399505.0,986.2,1012.2,981.3,986.2,120461250,1084.8,887.6,1102.5,649.1,1010.9,808,3,1010.8,397,7,1010.7,1158,10,1010.6,3930,19,1010.5,4236,24,1011.0,362,8,1011.1,56,3,1011.2,5,1,1011.3,442,3,1011.4,343,6
317,2025-11-26 12:20:15+05:30,1011.0,2,999.34,6098105,421125.0,399505.0,986.2,1012.2,981.3,986.2,120461250,1084.8,887.6,1102.5,649.1,1010.9,808,3,1010.8,397,7,1010.7,1158,10,1010.6,3930,19,1010.5,4236,24,1011.0,362,8,1011.1,56,3,1011.2,5,1,1011.3,442,3,1011.4,343,6
317,2025-11-26 12:20:15+05:30,1011.0,2,999.34,6098109,421435.0,399079.0,986.2,1012.2,981.3,986.2,120461250,1084.8,887.6,1102.5,649.1,1010.9,843,4,1010.8,500,8,1010.7,1330,11,1010.6,3930,19,1010.5,4236,24,1011.0,358,8,1011.1,56,3,1011.2,5,1,1011.3,442,3,1011.4,343,6
317,2025-11-26 12:20:16+05:30,1011.0,2,999.34,6098109,421435.0,399079.0,986.2,1012.2,981.3,986.2,120461250,1084.8,887.6,1102.5,649.1,1010.9,843,4,1010.8,500,8,1010.7,1330,11,1010.6,3930,19,1010.5,4236,24,1011.0,358,8,1011.1,56,3,1011.2,5,1,1011.3,442,3,1011.4,343,6
317,2025-11-26 12:20:16+05:30,1011.0,2,999.34,6098109,421443.0,400080.0,986.2,1012.2,981.3,986.2,120461250,1084.8,887.6,1102.5,649.1,1010.9,890,5,1010.8,187,5,1010.7,1420,12,1010.6,3930,19,1010.5,4236,24,1011.0,373,9,1011.1,56,3,1011.2,5,1,1011.3,442,3,1011.4,343,6
317,2025-11-26 12:20:17+05:30,1010.9,143,999.34,6098109,421443.0,400080.0,986.2,1012.2,981.3,986.2,120461250,1084.8,887.6,1102.5,649.1,1010.9,890,5,1010.8,187,5,1010.7,1420,12,1010.6,3930,19,1010.5,4236,24,1011.0,373,9,1011.1,56,3,1011.2,5,1,1011.3,442,3,1011.4,343,6
317,2025-11-26 12:20:17+05:30,1010.9,143,999.34,6098273,420707.0,400891.0,986.2,1012.2,981.3,986.2,120461250,1084.8,887.6,1102.5,649.1,1010.9,645,4,1010.8,128,4,1010.7,1128,10,1010.6,4025,20,1010.5,4236,24,1011.0,712,10,1011.1,56,3,1011.2,5,1,1011.3,442,3,1011.4,433,7
317,2025-11-26 12:20:18+05:30,1011.0,42,999.34,6098273,420707.0,400891.0,986.2,1012.2,981.3,986.2,120461250,1084.8,887.6,1102.5,649.1,1010.9,645,4,1010.8,128,4,1010.7,1128,10,1010.6,4025,20,1010.5,4236,24,1011.0,712,10,1011.1,56,3,1011.2,5,1,1011.3,442,3,1011.4,433,7
317,2025-11-26 12:20:18+05:30,1011.0,42,999.34,6098689,421101.0,400287.0,986.2,1012.2,981.3,986.2,120461250,1084.8,887.6,1102.5,649.1,1010.9,644,4,1010.8,218,5,1010.7,1128,10,1010.6,3935,19,1010.5,4236,24,1011.0,382,3,1011.1,56,3,1011.2,5,1,1011.3,442,3,1011.4,336,5
317,2025-11-26 12:20:19+05:30,1011.0,103,999.34,6098689,421101.0,400287.0,986.2,1012.2,981.3,986.2,120461250,1084.8,887.6,1102.5,649.1,1010.9,644,4,1010.8,218,5,1010.7,1128,10,1010.6,3935,19,1010.5,4236,24,1011.0,382,3,1011.1,56,3,1011.2,5,1,1011.3,442,3,1011.4,336,5
317,2025-11-26 12:20:19+05:30,1011.0,103,999.34,6098792,421287.0,400206.0,986.2,1012.2,981.3,986.2,120461250,1084.8,887.6,1102.5,649.1,1010.9,679,5,1010.8,604,7,1010.7,2703,13,1010.6,4621,22,1010.5,1907,16,1011.0,280,4,1011.1,56,3,1011.2,5,1,1011.3,442,3,1011.4,343,6
317,2025-11-26 12:20:20+05:30,1011.0,1,999.34,6098792,421287.0,400206.0,986.2,1012.2,981.3,986.2,120461250,1084.8,887.6,1102.5,649.1,1010.9,679,5,1010.8,604,7,1010.7,2703,13,1010.6,4621,22,1010.5,1907,16,1011.0,280,4,1011.1,56,3,1011.2,5,1,1011.3,442,3,1011.4,343,6
317,2025-11-26 12:20:21+05:30,1011.0,1,999.34,6098795,424007.0,400254.0,986.2,1012.2,981.3,986.2,120461250,1084.8,887.6,1102.5,649.1,1010.9,1146,7,1010.8,2009,10,1010.7,2344,14,1010.6,3899,23,1010.5,1894,15,1011.0,277,4,1011.1,56,3,1011.2,5,1,1011.3,442,3,1011.4,343,6
317,2025-11-26 12:20:21+05:30,1011.0,1,999.34,6098795,424007.0,400254.0,986.2,1012.2,981.3,986.2,120461250,1084.8,887.6,1102.5,649.1,1010.9,1146,7,1010.8,2009,10,1010.7,2344,14,1010.6,3899,23,1010.5,1894,15,1011.0,277,4,1011.1,56,3,1011.2,5,1,1011.3,442,3,1011.4,343,6
317,2025-11-26 12:20:22+05:30,1011.0,111,999.34,6099192,423693.0,399806.0,986.2,1012.2,981.3,986.2,120461250,1084.8,887.6,1102.5,649.1,1010.9,948,9,1010.8,1926,9,1010.7,2344,14,1010.6,3899,23,1010.5,1866,14,1011.0,192,5,1011.1,46,2,1011.2,15,2,1011.3,258,2,1011.4,287,4
317,2025-11-26 12:20:22+05:30,1011.0,111,999.34,6099192,423693.0,399806.0,986.2,1012.2,981.3,986.2,120461250,1084.8,887.6,1102.5,649.1,1010.9,948,9,1010.8,1926,9,1010.7,2344,14,1010.6,3899,23,1010.5,1866,14,1011.0,192,5,1011.1,46,2,1011.2,15,2,1011.3,258,2,1011.4,287,4
317,2025-11-26 12:20:23+05:30,1011.0,1,999.34,6099201,423469.0,400097.0,986.2,1012.2,981.3,986.2,120461250,1084.8,887.6,1102.5,649.1,1010.9,830,7,1010.8,1742,8,1010.7,2427,15,1010.6,3899,23,1010.5,1866,14,1011.0,183,5,1011.1,46,2,1011.2,20,3,1011.3,258,2,1011.4,287,4
317,2025-11-26 12:20:23+05:30,1011.0,1,999.34,6099201,423469.0,400097.0,986.2,1012.2,981.3,986.2,120461250,1084.8,887.6,1102.5,649.1,1010.9,830,7,1010.8,1742,8,1010.7,2427,15,1010.6,3899,23,1010.5,1866,14,1011.0,183,5,1011.1,46,2,1011.2,20,3,1011.3,258,2,1011.4,287,4
317,2025-11-26 12:20:24+05:30,1010.9,1,999.34,6099206,423651.0,400087.0,986.2,1012.2,981.3,986.2,120461250,1084.8,887.6,1102.5,649.1,1010.9,828,7,1010.8,1843,8,1010.7,2510,16,1010.6,3899,23,1010.5,1866,14,1011.0,189,6,1011.1,46,2,1011.2,20,3,1011.3,441,2,1011.4,293,5
317,2025-11-26 12:20:24+05:30,1010.9,1,999.34,6099206,423651.0,400087.0,986.2,1012.2,981.3,986.2,120461250,1084.8,887.6,1102.5,649.1,1010.9,828,7,1010.8,1843,8,1010.7,2510,16,1010.6,3899,23,1010.5,1866,14,1011.0,189,6,1011.1,46,2,1011.2,20,3,1011.3,441,2,1011.4,293,5
317,2025-11-26 12:20:25+05:30,1011.0,1,999.34,6099209,423671.0,400074.0,986.2,1012.2,981.3,986.2,120461250,1084.8,887.6,1102.5,649.1,1010.9,828,7,1010.8,1926,9,1010.7,2427,15,1010.6,3899,23,1010.5,1866,14,1011.0,187,7,1011.1,80,3,1011.2,20,3,1011.3,441,2,1011.4,293,5
317,2025-11-26 12:20:25+05:30,1010.9,1,999.34,6099209,423671.0,400074.0,986.2,1012.2,981.3,986.2,120461250,1084.8,887.6,1102.5,649.1,1010.9,828,7,1010.8,1926,9,1010.7,2427,15,1010.6,3899,23,1010.5,1866,14,1011.0,187,7,1011.1,80,3,1011.2,20,3,1011.3,441,2,1011.4,293,5
317,2025-11-26 12:20:26+05:30,1011.1,34,999.35,6100201,421454.0,398748.0,986.2,1012.2,981.3,986.2,120461250,1084.8,887.6,1102.5,649.1,1010.9,677,4,1010.8,1849,9,1010.7,1610,14,1010.6,3871,22,1010.5,1905,15,1011.1,97,3,1011.2,15,2,1011.3,257,1,1011.4,287,4,1011.5,711,12
317,2025-11-26 12:20:26+05:30,1011.1,34,999.35,6100201,421454.0,398748.0,986.2,1012.2,981.3,986.2,120461250,1084.8,887.6,1102.5,649.1,1010.9,677,4,1010.8,1849,9,1010.7,1610,14,1010.6,3871,22,1010.5,1905,15,1011.1,97,3,1011.2,15,2,1011.3,257,1,1011.4,287,4,1011.5,711,12
317,2025-11-26 12:20:27+05:30,1011.0,67,999.35,6101897,421253.0,397230.0,986.2,1012.2,981.3,986.2,120461250,1084.8,887.6,1102.5,649.1,1010.9,788,5,1010.8,2596,9,1010.7,2098,10,1010.6,2279,14,1010.5,2859,18,1011.4,578,8,1011.5,1132,15,1011.6,719,8,1011.7,1289,9,1011.8,672,15
317,2025-11-26 12:20:27+05:30,1011.0,67,999.35,6101897,421253.0,397230.0,986.2,1012.2,981.3,986.2,120461250,1084.8,887.6,1102.5,649.1,1010.9,788,5,1010.8,2596,9,1010.7,2098,10,1010.6,2279,14,1010.5,2859,18,1011.4,578,8,1011.5,1132,15,1011.6,719,8,1011.7,1289,9,1011.8,672,15
317,2025-11-26 12:20:28+05:30,1011.4,18,999.35,6102018,419496.0,395377.0,986.2,1012.2,981.3,986.2,120461250,1084.8,887.6,1102.5,649.1,1011.0,31,1,1010.9,1215,9,1010.8,1985,20,1010.7,2418,16,1010.6,2292,15,1011.5,510,9,1011.6,1020,8,1011.7,1287,9,1011.8,869,17,1011.9,1078,14
317,2025-11-26 12:20:28+05:30,1011.0,36,999.35,6102018,419496.0,395377.0,986.2,1012.2,981.3,986.2,120461250,1084.8,887.6,1102.5,649.1,1011.0,31,1,1010.9,1215,9,1010.8,1985,20,1010.7,2418,16,1010.6,2292,15,1011.5,510,9,1011.6,1020,8,1011.7,1287,9,1011.8,869,17,1011.9,1078,14
317,2025-11-26 12:20:29+05:30,1011.0,36,999.35,6102168,420925.0,397207.0,986.2,1012.2,981.3,986.2,120461250,1084.8,887.6,1102.5,649.1,1011.0,50,1,1010.9,902,7,1010.8,2127,15,1010.7,2419,14,1010.6,2329,16,1011.3,1,1,1011.4,139,4,1011.5,757,12,1011.6,1144,11,1011.7,1292,10
317,2025-11-26 12:20:29+05:30,1011.0,50,999.35,6102168,420925.0,397207.0,986.2,1012.2,981.3,986.2,120461250,1084.8,887.6,1102.5,649.1,1011.0,50,1,1010.9,902,7,1010.8,2127,15,1010.7,2419,14,1010.6,2329,16,1011.3,1,1,1011.4,139,4,1011.5,757,12,1011.6,1144,11,1011.7,1292,10
317,2025-11-26 12:20:30+05:30,1011.3,1,999.35,6102220,420854.0,397300.0,986.2,1012.2,981.3,986.2,120461250,1084.8,887.6,1102.5,649.1,1011.0,13,1,1010.9,1087,7,1010.8,2127,15,1010.7,2304,13,1010.6,2444,17,1011.3,2,2,1011.4,223,6,1011.5,674,11,1011.6,1138,10,1011.7,1292,10
317,2025-11-26 12:20:30+05:30,1011.3,8,999.35,6102220,420854.0,397300.0,986.2,1012.2,981.3,986.2,120461250,1084.8,887.6,1102.5,649.1,1011.0,13,1,1010.9,1087,7,1010.8,2127,15,1010.7,2304,13,1010.6,2444,17,1011.3,2,2,1011.4,223,6,1011.5,674,11,1011.6,1138,10,1011.7,1292,10
317,2025-11-26 12:20:31+05:30,1011.3,82,999.35,6102638,420716.0,398514.0,986.2,1012.2,981.3,986.2,120461250,1084.8,887.6,1102.5,649.1,1011.0,113,3,1010.9,1309,11,1010.8,2431,17,1010.7,2419,14,1010.6,2329,16,1011.3,15,1,1011.4,50,1,1011.5,628,9,1011.6,1137,9,1011.7,989,8
317,2025-11-26 12:20:31+05:30,1011.0,35,999.35,6102638,420716.0,398514.0,986.2,1012.2,981.3,986.2,120461250,1084.8,887.6,1102.5,649.1,1011.0,113,3,1010.9,1309,11,1010.8,2431,17,1010.7,2419,14,1010.6,2329,16,1011.3,15,1,1011.4,50,1,1011.5,628,9,1011.6,1137,9,1011.7,989,8
317,2025-11-26 12:20:32+05:30,1011.0,35,999.35,6102751,422244.0,400189.0,986.2,1012.2,981.3,986.2,120461250,1084.8,887.6,1102.5,649.1,1010.9,921,6,1010.8,2629,9,1010.7,3359,18,1010.6,2359,18,1010.5,2751,16,1011.0,97,1,1011.1,76,1,1011.3,57,2,1011.4,483,4,1011.5,797,13
317,2025-11-26 12:20:33+05:30,1011.0,267,999.35,6103027,422539.0,399960.0,986.2,1012.2,981.3,986.2,120461250,1084.8,887.6,1102.5,649.1,1010.9,1016,9,1010.8,2795,11,1010.7,3387,20,1010.6,2336,17,1010.5,2751,16,1011.0,48,1,1011.1,76,1,1011.3,42,1,1011.4,519,6,1011.5,793,13
317,2025-11-26 12:20:33+05:30,1011.0,267,999.35,6103027,422539.0,399960.0,986.2,1012.2,981.3,986.2,120461250,1084.8,887.6,1102.5,649.1,1010.9,1016,9,1010.8,2795,11,1010.7,3387,20,1010.6,2336,17,1010.5,2751,16,1011.0,48,1,1011.1,76,1,1011.3,42,1,1011.4,519,6,1011.5,793,13
317,2025-11-26 12:20:34+05:30,1011.0,267,999.35,6103027,422585.0,399769.0,986.2,1012.2,981.3,986.2,120461250,1084.8,887.6,1102.5,649.1,1010.9,950,8,1010.8,2795,11,1010.7,3387,20,1010.6,2366,18,1010.5,2751,16,1011.0,48,1,1011.1,76,1,1011.3,42,1,1011.4,519,6,1011.5,793,13
317,2025-11-26 12:20:34+05:30,1011.0,48,999.35,6103027,422585.0,399769.0,986.2,1012.2,981.3,986.2,120461250,1084.8,887.6,1102.5,649.1,1010.9,950,8,1010.8,2795,11,1010.7,3387,20,1010.6,2366,18,1010.5,2751,16,1011.0,48,1,1011.1,76,1,1011.3,42,1,1011.4,519,6,1011.5,793,13
317,2025-11-26 12:20:35+05:30,1011.0,64,999.35,6103141,421345.0,399803.0,986.2,1012.2,981.3,986.2,120461250,1084.8,887.6,1102.5,649.1,1010.9,874,7,1010.8,2719,10,1010.7,2628,20,1010.6,2444,17,1010.5,2751,16,1011.1,144,2,1011.3,118,2,1011.4,253,3,1011.5,806,14,1011.6,1167,8
317,2025-11-26 12:20:35+05:30,1011.0,64,999.35,6103141,421345.0,399803.0,986.2,1012.2,981.3,986.2,120461250,1084.8,887.6,1102.5,649.1,1010.9,874,7,1010.8,2719,10,1010.7,2628,20,1010.6,2444,17,1010.5,2751,16,1011.1,144,2,1011.3,118,2,1011.4,253,3,1011.5,806,14,1011.6,1167,8
317,2025-11-26 12:20:36+05:30,1011.1,21,999.36,6104997,418476.0,399960.0,986.2,1012.2,981.3,986.2,120461250,1084.8,887.6,1102.5,649.1,1010.8,781,2,1010.7,1803,8,1010.6,3804,16,1010.5,3001,17,1010.4,737,10,1011.1,55,1,1011.2,123,3,1011.3,465,5,1011.4,833,13,1011.5,839,11
317,2025-11-26 12:20:36+05:30,1011.1,21,999.36,6104997,418476.0,399960.0,986.2,1012.2,981.3,986.2,120461250,1084.8,887.6,1102.5,649.1,1010.8,781,2,1010.7,1803,8,1010.6,3804,16,1010.5,3001,17,1010.4,737,10,1011.1,55,1,1011.2,123,3,1011.3,465,5,1011.4,833,13,1011.5,839,11
317,2025-11-26 12:20:37+05:30,1011.2,69,999.36,6106936,417022.0,400479.0,986.2,1012.2,981.3,986.2,120461250,1084.8,887.6,1102.5,649.1,1011.1,1,1,1010.8,286,2,1010.7,898,5,1010.6,2047,13,1010.5,2622,13,1011.2,12,2,1011.3,312,4,1011.4,1069,9,1011.5,960,17,1011.6,478,7
317,2025-11-26 12:20:37+05:30,1011.2,69,999.36,6106936,417022.0,400479.0,986.2,1012.2,981.3,986.2,120461250,1084.8,887.6,1102.5,649.1,1011.1,1,1,1010.8,286,2,1010.7,898,5,1010.6,2047,13,1010.5,2622,13,1011.2,12,2,1011.3,312,4,1011.4,1069,9,1011.5,960,17,1011.6,478,7
317,2025-11-26 12:20:38+05:30,1011.2,1,999.36,6106937,416556.0,400738.0,986.2,1012.2,981.3,986.2,120461250,1084.8,887.6,1102.5,649.1,1010.8,286,2,1010.7,1001,6,1010.6,2261,14,1010.5,2622,13,1010.4,1897,15,1011.2,24,2,1011.3,357,5,1011.4,1006,9,1011.5,960,17,1011.6,976,9
317,2025-11-26 12:20:38+05:30,1011.2,1,999.36,6106937,416556.0,400738.0,986.2,1012.2,981.3,986.2,120461250,1084.8,887.6,1102.5,649.1,1010.8,286,2,1010.7,1001,6,1010.6,2261,14,1010.5,2622,13,1010.4,1897,15,1011.2,24,2,1011.3,357,5,1011.4,1006,9,1011.5,960,17,1011.6,976,9
317,2025-11-26 12:20:39+05:30,1010.8,2,999.36,6106987,416174.0,400320.0,986.2,1012.2,981.3,986.2,120461250,1084.8,887.6,1102.5,649.1,1010.8,82,1,1010.7,1040,7,1010.6,2337,15,1010.5,2698,14,1010.4,1851,15,1011.2,143,1,1011.3,426,5,1011.4,943,10,1011.5,973,18,1011.6,678,8
317,2025-11-26 12:20:39+05:30,1010.8,2,999.36,6106987,416174.0,400320.0,986.2,1012.2,981.3,986.2,120461250,1084.8,887.6,1102.5,649.1,1010.8,82,1,1010.7,1040,7,1010.6,2337,15,1010.5,2698,14,1010.4,1851,15,1011.2,143,1,1011.3,426,5,1011.4,943,10,1011.5,973,18,1011.6,678,8
317,2025-11-26 12:20:40+05:30,1011.2,1,999.36,6106988,418570.0,401169.0,986.2,1012.2,981.3,986.2,120461250,1084.8,887.6,1102.5,649.1,1010.8,82,1,1010.7,1042,7,1010.6,2301,15,1010.5,2622,13,1010.4,1851,15,1011.0,10,1,1011.2,147,2,1011.3,274,3,1011.4,1163,12,1011.5,1070,18
317,2025-11-26 12:20:40+05:30,1011.2,1,999.36,6106988,418570.0,401169.0,986.2,1012.2,981.3,986.2,120461250,1084.8,887.6,1102.5,649.1,1010.8,82,1,1010.7,1042,7,1010.6,2301,15,1010.5,2622,13,1010.4,1851,15,1011.0,10,1,1011.2,147,2,1011.3,274,3,1011.4,1163,12,1011.5,1070,18
317,2025-11-26 12:20:41+05:30,1010.8,1,999.36,6106991,418659.0,401700.0,986.2,1012.2,981.3,986.2,120461250,1084.8,887.6,1102.5,649.1,1010.8,81,1,1010.7,932,6,1010.6,2411,16,1010.5,2662,14,1010.4,1851,15,1011.0,8,1,1011.2,147,2,1011.3,274,3,1011.4,689,11,1011.5,1653,19
317,2025-11-26 12:20:41+05:30,1010.8,1,999.36,6106991,418659.0,401700.0,986.2,1012.2,981.3,986.2,120461250,1084.8,887.6,1102.5,649.1,1010.8,81,1,1010.7,932,6,1010.6,2411,16,1010.5,2662,14,1010.4,1851,15,1011.0,8,1,1011.2,147,2,1011.3,274,3,1011.4,689,11,1011.5,1653,19
317,2025-11-26 12:20:42+05:30,1010.8,1,999.36,6106991,417901.0,403679.0,986.2,1012.2,981.3,986.2,120461250,1084.8,887.6,1102.5,649.1,1010.7,232,2,1010.6,1793,8,1010.5,2878,17,1010.4,2659,21,1010.3,2938,15,1010.9,89,1,1011.0,8,1,1011.1,202,1,1011.2,418,5,1011.3,522,6
317,2025-11-26 12:20:43+05:30,1010.9,6,999.36,6107002,418070.0,403137.0,986.2,1012.2,981.3,986.2,120461250,1084.8,887.6,1102.5,649.1,1010.7,232,2,1010.6,1941,10,1010.5,2768,16,1010.4,2659,21,1010.3,2951,16,1010.9,79,2,1011.0,8,1,1011.1,39,1,1011.2,419,6,1011.3,481,5
317,2025-11-26 12:20:43+05:30,1010.9,6,999.36,6107002,418070.0,403137.0,986.2,1012.2,981.3,986.2,120461250,1084.8,887.6,1102.5,649.1,1010.7,232,2,1010.6,1941,10,1010.5,2768,16,1010.4,2659,21,1010.3,2951,16,1010.9,79,2,1011.0,8,1,1011.1,39,1,1011.2,419,6,1011.3,481,5
317,2025-11-26 12:20:44+05:30,1010.9,3,999.36,6107055,418400.0,403184.0,986.2,1012.2,981.3,986.2,120461250,1084.8,887.6,1102.5,649.1,1010.7,48,1,1010.6,1683,7,1010.5,3284,16,1010.4,2634,15,1010.3,3109,15,1010.9,26,2,1011.0,8,1,1011.1,39,1,1011.2,419,6,1011.3,481,5
317,2025-11-26 12:20:44+05:30,1010.9,111,999.36,6107055,418400.0,403184.0,986.2,1012.2,981.3,986.2,120461250,1084.8,887.6,1102.5,649.1,1010.7,48,1,1010.6,1683,7,1010.5,3284,16,1010.4,2634,15,1010.3,3109,15,1010.9,26,2,1011.0,8,1,1011.1,39,1,1011.2,419,6,1011.3,481,5
317,2025-11-26 12:20:45+05:30,1010.9,2,999.36,6107194,418715.0,403095.0,986.2,1012.2,981.3,986.2,120461250,1084.8,887.6,1102.5,649.1,1010.7,164,2,1010.6,1977,9,1010.5,3181,16,1010.4,2637,19,1010.3,3140,17,1010.9,87,1,1011.0,8,1,1011.1,39,1,1011.2,419,6,1011.3,481,5
317,2025-11-26 12:20:45+05:30,1010.9,2,999.36,6107194,418715.0,403095.0,986.2,1012.2,981.3,986.2,120461250,1084.8,887.6,1102.5,649.1,1010.7,164,2,1010.6,1977,9,1010.5,3181,16,1010.4,2637,19,1010.3,3140,17,1010.9,87,1,1011.0,8,1,1011.1,39,1,1011.2,419,6,1011.3,481,5
317,2025-11-26 12:20:46+05:30,1010.8,143,999.36,6107444,418834.0,403098.0,986.2,1012.2,981.3,986.2,120461250,1084.8,887.6,1102.5,649.1,1010.7,328,3,1010.6,2178,12,1010.5,3128,16,1010.4,2665,20,1010.3,2956,16,1010.9,109,2,1011.0,8,1,1011.1,39,1,1011.2,381,5,1011.3,481,5
317,2025-11-26 12:20:46+05:30,1010.8,143,999.36,6107444,418834.0,403098.0,986.2,1012.2,981.3,986.2,120461250,1084.8,887.6,1102.5,649.1,1010.7,328,3,1010.6,2178,12,1010.5,3128,16,1010.4,2665,20,1010.3,2956,16,1010.9,109,2,1011.0,8,1,1011.1,39,1,1011.2,381,5,1011.3,481,5
317,2025-11-26 12:20:47+05:30,1010.7,23,999.36,6108042,419070.0,403411.0,986.2,1012.2,981.3,986.2,120461250,1084.8,887.6,1102.5,649.1,1010.7,110,1,1010.6,2258,13,1010.5,3083,15,1010.4,2665,20,1010.3,3147,18,1010.9,20,1,1011.0,8,1,1011.1,241,2,1011.2,332,4,1011.3,481,5
317,2025-11-26 12:20:47+05:30,1010.7,23,999.36,6108042,419070.0,403411.0,986.2,1012.2,981.3,986.2,120461250,1084.8,887.6,1102.5,649.1,1010.7,110,1,1010.6,2258,13,1010.5,3083,15,1010.4,2665,20,1010.3,3147,18,1010.9,20,1,1011.0,8,1,1011.1,241,2,1011.2,332,4,1011.3,481,5
317,2025-11-26 12:20:48+05:30,1010.7,23,999.36,6108042,419071.0,403691.0,986.2,1012.2,981.3,986.2,120461250,1084.8,887.6,1102.5,649.1,1010.7,110,1,1010.6,2258,13,1010.5,3083,15,1010.4,2665,20,1010.3,3147,18,1010.9,20,1,1011.0,8,1,1011.1,241,2,1011.2,332,4,1011.3,481,5
317,2025-11-26 12:20:48+05:30,1010.9,15,999.36,6108042,419071.0,403691.0,986.2,1012.2,981.3,986.2,120461250,1084.8,887.6,1102.5,649.1,1010.7,110,1,1010.6,2258,13,1010.5,3083,15,1010.4,2665,20,1010.3,3147,18,1010.9,20,1,1011.0,8,1,1011.1,241,2,1011.2,332,4,1011.3,481,5
317,2025-11-26 12:20:49+05:30,1011.0,5,999.36,6108067,419335.0,403040.0,986.2,1012.2,981.3,986.2,120461250,1084.8,887.6,1102.5,649.1,1010.7,110,1,1010.6,2413,15,1010.5,3055,14,1010.4,2628,19,1010.3,3147,18,1011.0,3,1,1011.1,39,1,1011.2,331,3,1011.3,482,6,1011.4,1208,11
317,2025-11-26 12:20:49+05:30,1011.0,5,999.36,6108067,419335.0,403040.0,986.2,1012.2,981.3,986.2,120461250,1084.8,887.6,1102.5,649.1,1010.7,110,1,1010.6,2413,15,1010.5,3055,14,1010.4,2628,19,1010.3,3147,18,1011.0,3,1,1011.1,39,1,1011.2,331,3,1011.3,482,6,1011.4,1208,11
317,2025-11-26 12:20:50+05:30,1011.0,1,999.36,6108068,419999.0,403002.0,986.2,1012.2,981.3,986.2,120461250,1084.8,887.6,1102.5,649.1,1010.7,741,4,1010.6,2446,15,1010.5,3055,14,1010.4,2628,19,1010.3,3147,18,1011.0,2,1,1011.1,39,1,1011.2,331,3,1011.3,374,5,1011.4,1208,11
317,2025-11-26 12:20:50+05:30,1011.0,1,999.36,6108068,419999.0,403002.0,986.2,1012.2,981.3,986.2,120461250,1084.8,887.6,1102.5,649.1,1010.7,741,4,1010.6,2446,15,1010.5,3055,14,1010.4,2628,19,1010.3,3147,18,1011.0,2,1,1011.1,39,1,1011.2,331,3,1011.3,374,5,1011.4,1208,11
317,2025-11-26 12:20:51+05:30,1011.0,1,999.36,6108119,421013.0,402070.0,986.2,1012.2,981.3,986.2,120461250,1084.8,887.6,1102.5,649.1,1010.7,1042,7,1010.6,3374,18,1010.5,3055,14,1010.4,3404,22,1010.3,1430,12,1011.0,1,1,1011.1,39,1,1011.2,147,2,1011.3,325,4,1011.4,609,9
317,2025-11-26 12:20:51+05:30,1011.0,1,999.36,6108119,421013.0,402070.0,986.2,1012.2,981.3,986.2,120461250,1084.8,887.6,1102.5,649.1,1010.7,1042,7,1010.6,3374,18,1010.5,3055,14,1010.4,3404,22,1010.3,1430,12,1011.0,1,1,1011.1,39,1,1011.2,147,2,1011.3,325,4,1011.4,609,9
317,2025-11-26 12:20:52+05:30,1011.1,49,999.36,6108515,421807.0,401808.0,986.2,1012.2,981.3,986.2,120461250,1084.8,887.6,1102.5,649.1,1010.7,948,7,1010.6,3264,17,1010.5,3055,14,1010.4,3341,17,1010.3,1415,11,1011.1,39,1,1011.2,142,1,1011.3,287,3,1011.4,1158,10,1011.5,1150,18
317,2025-11-26 12:20:52+05:30,1011.1,49,999.36,6108515,421807.0,401808.0,986.2,1012.2,981.3,986.2,120461250,1084.8,887.6,1102.5,649.1,1010.7,948,7,1010.6,3264,17,1010.5,3055,14,1010.4,3341,17,1010.3,1415,11,1011.1,39,1,1011.2,142,1,1011.3,287,3,1011.4,1158,10,1011.5,1150,18
317,2025-11-26 12:20:53+05:30,1011.0,2,999.36,6108517,424024.0,401173.0,986.2,1012.2,981.3,986.2,120461250,1084.8,887.6,1102.5,649.1,1011.0,2,2,1010.8,113,3,1010.7,1472,9,1010.6,3038,15,1010.5,3221,16,1011.1,39,1,1011.2,451,3,1011.3,388,4,1011.4,462,8,1011.5,1200,20
317,2025-11-26 12:20:53+05:30,1011.0,4,999.36,6108517,424024.0,401173.0,986.2,1012.2,981.3,986.2,120461250,1084.8,887.6,1102.5,649.1,1011.0,2,2,1010.8,113,3,1010.7,1472,9,1010.6,3038,15,1010.5,3221,16,1011.1,39,1,1011.2,451,3,1011.3,388,4,1011.4,462,8,1011.5,1200,20
317,2025-11-26 12:20:54+05:30,1011.0,4,999.36,6108525,423393.0,401412.0,986.2,1012.2,981.3,986.2,120461250,1084.8,887.6,1102.5,649.1,1010.9,6,1,1010.8,113,3,1010.7,1085,9,1010.6,3031,14,1010.5,3080,14,1011.1,64,2,1011.2,415,4,1011.3,392,4,1011.4,523,11,1011.5,1221,23
317,2025-11-26 12:20:54+05:30,1011.1,5,999.36,6108525,423393.0,401412.0,986.2,1012.2,981.3,986.2,120461250,1084.8,887.6,1102.5,649.1,1010.9,6,1,1010.8,113,3,1010.7,1085,9,1010.6,3031,14,1010.5,3080,14,1011.1,64,2,1011.2,415,4,1011.3,392,4,1011.4,523,11,1011.5,1221,23
317,2025-11-26 12:20:55+05:30,1011.1,2,999.36,6108537,423208.0,401173.0,986.2,1012.2,981.3,986.2,120461250,1084.8,887.6,1102.5,649.1,1011.0,111,1,1010.9,10,2,1010.8,113,3,1010.7,1098,9,1010.6,3117,16,1011.1,98,2,1011.2,130,2,1011.3,391,4,1011.4,893,11,1011.5,1200,22
317,2025-11-26 12:20:55+05:30,1011.1,13,999.36,6108537,423208.0,401173.0,986.2,1012.2,981.3,986.2,120461250,1084.8,887.6,1102.5,649.1,1011.0,111,1,1010.9,10,2,1010.8,113,3,1010.7,1098,9,1010.6,3117,16,1011.1,98,2,1011.2,130,2,1011.3,391,4,1011.4,893,11,1011.5,1200,22
317,2025-11-26 12:20:56+05:30,1011.1,3,999.36,6108568,423403.0,400873.0,986.2,1012.2,981.3,986.2,120461250,1084.8,887.6,1102.5,649.1,1011.0,119,2,1010.9,47,3,1010.8,161,4,1010.7,1124,10,1010.6,4682,19,1011.1,106,2,1011.2,181,3,1011.3,184,1,1011.4,573,11,1011.5,1200,22
317,2025-11-26 12:20:56+05:30,1011.1,3,999.36,6108568,423403.0,400873.0,986.2,1012.2,981.3,986.2,120461250,1084.8,887.6,1102.5,649.1,1011.0,119,2,1010.9,47,3,1010.8,161,4,1010.7,1124,10,1010.6,4682,19,1011.1,106,2,1011.2,181,3,1011.3,184,1,1011.4,573,11,1011.5,1200,22
317,2025-11-26 12:20:57+05:30,1011.1,66,999.36,6108796,421470.0,400588.0,986.2,1012.2,981.3,986.2,120461250,1084.8,887.6,1102.5,649.1,1010.9,6,1,1010.8,711,5,1010.7,1402,10,1010.6,3187,17,1010.5,3688,13,1011.1,54,2,1011.2,181,3,1011.4,460,8,1011.5,1190,21,1011.6,1272,9
317,2025-11-26 12:20:57+05:30,1011.1,66,999.36,6108796,421470.0,400588.0,986.2,1012.2,981.3,986.2,120461250,1084.8,887.6,1102.5,649.1,1010.9,6,1,1010.8,711,5,1010.7,1402,10,1010.6,3187,17,1010.5,3688,13,1011.1,54,2,1011.2,181,3,1011.4,460,8,1011.5,1190,21,1011.6,1272,9
317,2025-11-26 12:20:58+05:30,1011.0,1,999.36,6108811,423839.0,400883.0,986.2,1012.2,981.3,986.2,120461250,1084.8,887.6,1102.5,649.1,1010.9,6,1,1010.8,711,5,1010.7,1398,10,1010.6,4723,21,1010.5,3767,16,1011.0,85,1,1011.1,54,2,1011.2,181,3,1011.3,285,2,1011.4,359,7
317,2025-11-26 12:20:58+05:30,1011.0,1,999.36,6108811,423839.0,400883.0,986.2,1012.2,981.3,986.2,120461250,1084.8,887.6,1102.5,649.1,1010.9,6,1,1010.8,711,5,1010.7,1398,10,1010.6,4723,21,1010.5,3767,16,1011.0,85,1,1011.1,54,2,1011.2,181,3,1011.3,285,2,1011.4,359,7
317,2025-11-26 12:20:59+05:30,1011.0,1,999.36,6108814,423839.0,400911.0,986.2,1012.2,981.3,986.2,120461250,1084.8,887.6,1102.5,649.1,1010.9,6,1,1010.8,711,5,1010.7,1398,10,1010.6,4723,21,1010.5,3767,16,1011.0,128,2,1011.1,39,1,1011.2,282,4,1011.3,184,1,1011.4,359,7
317,2025-11-26 12:20:59+05:30,1011.0,1,999.36,6108814,423839.0,400911.0,986.2,1012.2,981.3,986.2,120461250,1084.8,887.6,1102.5,649.1,1010.9,6,1,1010.8,711,5,1010.7,1398,10,1010.6,4723,21,1010.5,3767,16,1011.0,128,2,1011.1,39,1,1011.2,282,4,1011.3,184,1,1011.4,359,7
317,2025-11-26 12:21:00+05:30,1011.0,1,999.36,6108815,423867.0,400927.0,986.2,1012.2,981.3,986.2,120461250,1084.8,887.6,1102.5,649.1,1010.9,6,1,1010.8,711,5,1010.7,1398,10,1010.6,4723,21,1010.5,3767,16,1011.0,128,3,1011.1,39,1,1011.2,282,4,1011.3,184,1,1011.4,406,8
317,2025-11-26 12:21:00+05:30,1010.8,3,999.36,6108815,423867.0,400927.0,986.2,1012.2,981.3,986.2,120461250,1084.8,887.6,1102.5,649.1,1010.9,6,1,1010.8,711,5,1010.7,1398,10,1010.6,4723,21,1010.5,3767,16,1011.0,128,3,1011.1,39,1,1011.2,282,4,1011.3,184,1,1011.4,406,8
317,2025-11-26 12:21:01+05:30,1011.0,1,999.36,6108833,423269.0,401894.0,986.2,1012.2,981.3,986.2,120461250,1084.8,887.6,1102.5,649.1,1010.8,149,4,1010.7,1182,8,1010.6,4703,19,1010.5,3860,17,1010.4,1883,18,1011.0,127,3,1011.1,56,1,1011.2,130,2,1011.3,277,2,1011.4,994,10
317,2025-11-26 12:21:01+05:30,1010.8,20,999.36,6108833,423269.0,401894.0,986.2,1012.2,981.3,986.2,120461250,1084.8,887.6,1102.5,649.1,1010.8,149,4,1010.7,1182,8,1010.6,4703,19,1010.5,3860,17,1010.4,1883,18,1011.0,127,3,1011.1,56,1,1011.2,130,2,1011.3,277,2,1011.4,994,10
317,2025-11-26 12:21:02+05:30,1010.8,20,999.36,6108853,422559.0,402631.0,986.2,1012.2,981.3,986.2,120461250,1084.8,887.6,1102.5,649.1,1010.8,81,3,1010.7,1083,6,1010.6,4694,18,1010.5,3796,17,1010.4,1071,18,1010.9,15,1,1011.0,127,3,1011.1,56,1,1011.2,137,3,1011.3,184,1
317,2025-11-26 12:21:03+05:30,1010.9,4,999.36,6108861,422792.0,402548.0,986.2,1012.2,981.3,986.2,120461250,1084.8,887.6,1102.5,649.1,1010.8,313,5,1010.7,1269,8,1010.6,4500,16,1010.5,3796,17,1010.4,1071,18,1010.9,7,1,1011.0,127,3,1011.1,56,1,1011.2,137,3,1011.3,184,1
317,2025-11-26 12:21:03+05:30,1010.9,4,999.36,6108861,422792.0,402548.0,986.2,1012.2,981.3,986.2,120461250,1084.8,887.6,1102.5,649.1,1010.8,313,5,1010.7,1269,8,1010.6,4500,16,1010.5,3796,17,1010.4,1071,18,1010.9,7,1,1011.0,127,3,1011.1,56,1,1011.2,137,3,1011.3,184,1
317,2025-11-26 12:21:04+05:30,1010.8,35,999.36,6108896,422766.0,402652.0,986.2,1012.2,981.3,986.2,120461250,1084.8,887.6,1102.5,649.1,1010.8,242,4,1010.7,1083,6,1010.6,4686,18,1010.5,3796,17,1010.4,1071,18,1010.9,7,1,1011.0,127,3,1011.1,63,3,1011.2,137,3,1011.3,184,1
317,2025-11-26 12:21:04+05:30,1010.8,35,999.36,6108896,422766.0,402652.0,986.2,1012.2,981.3,986.2,120461250,1084.8,887.6,1102.5,649.1,1010.8,242,4,1010.7,1083,6,1010.6,4686,18,1010.5,3796,17,1010.4,1071,18,1010.9,7,1,1011.0,127,3,1011.1,63,3,1011.2,137,3,1011.3,184,1
317,2025-11-26 12:21:05+05:30,1010.9,2,999.36,6108898,422582.0,402627.0,986.2,1012.2,981.3,986.2,120461250,1084.8,887.6,1102.5,649.1,1010.8,58,3,1010.7,1083,6,1010.6,4686,18,1010.5,3796,17,1010.4,1071,18,1010.9,5,1,1011.0,191,5,1011.1,7,2,1011.2,137,3,1011.3,184,1
317,2025-11-26 12:21:05+05:30,1010.9,2,999.36,6108898,422582.0,402627.0,986.2,1012.2,981.3,986.2,120461250,1084.8,887.6,1102.5,649.1,1010.8,58,3,1010.7,1083,6,1010.6,4686,18,1010.5,3796,17,1010.4,1071,18,1010.9,5,1,1011.0,191,5,1011.1,7,2,1011.2,137,3,1011.3,184,1
317,2025-11-26 12:21:06+05:30,1010.8,1,999.36,6108900,422574.0,402621.0,986.2,1012.2,981.3,986.2,120461250,1084.8,887.6,1102.5,649.1,1010.8,50,2,1010.7,1083,6,1010.6,4686,18,1010.5,3796,17,1010.4,1071,18,1010.9,4,1,1011.0,191,5,1011.1,7,2,1011.2,137,3,1011.3,184,1
317,2025-11-26 12:21:06+05:30,1010.9,100,999.36,6108900,422574.0,402621.0,986.2,1012.2,981.3,986.2,120461250,1084.8,887.6,1102.5,649.1,1010.8,50,2,1010.7,1083,6,1010.6,4686,18,1010.5,3796,17,1010.4,1071,18,1010.9,4,1,1011.0,191,5,1011.1,7,2,1011.2,137,3,1011.3,184,1
317,2025-11-26 12:21:07+05:30,1011.0,3,999.36,6109274,422526.0,402717.0,986.2,1012.2,981.3,986.2,120461250,1084.8,887.6,1102.5,649.1,1010.9,41,1,1010.8,76,2,1010.7,1046,5,1010.6,4711,19,1010.5,3934,17,1011.0,156,3,1011.1,7,2,1011.2,130,2,1011.3,350,4,1011.4,1176,10
317,2025-11-26 12:21:07+05:30,1011.0,3,999.36,6109274,422526.0,402717.0,986.2,1012.2,981.3,986.2,120461250,1084.8,887.6,1102.5,649.1,1010.9,41,1,1010.8,76,2,1010.7,1046,5,1010.6,4711,19,1010.5,3934,17,1011.0,156,3,1011.1,7,2,1011.2,130,2,1011.3,350,4,1011.4,1176,10
317,2025-11-26 12:21:08+05:30,1010.9,1,999.36,6109275,422514.0,403832.0,986.2,1012.2,981.3,986.2,120461250,1084.8,887.6,1102.5,649.1,1010.9,40,1,1010.8,76,2,1010.7,1123,7,1010.6,4711,19,1010.5,3934,17,1011.0,156,3,1011.1,7,2,1011.2,130,2,1011.3,350,4,1011.4,1179,11
317,2025-11-26 12:21:08+05:30,1010.9,1,999.36,6109275,422514.0,403832.0,986.2,1012.2,981.3,986.2,120461250,1084.8,887.6,1102.5,649.1,1010.9,40,1,1010.8,76,2,1010.7,1123,7,1010.6,4711,19,1010.5,3934,17,1011.0,156,3,1011.1,7,2,1011.2,130,2,1011.3,350,4,1011.4,1179,11
317,2025-11-26 12:21:09+05:30,1010.9,1,999.36,6109275,423057.0,403879.0,986.2,1012.2,981.3,986.2,120461250,1084.8,887.6,1102.5,649.1,1010.9,40,1,1010.8,606,4,1010.7,1123,7,1010.6,4755,20,1010.5,4115,19,1011.0,156,3,1011.1,7,2,1011.2,130,2,1011.3,350,4,1011.4,623,10
317,2025-11-26 12:21:10+05:30,1011.0,1,999.36,6109276,423068.0,403950.0,986.2,1012.2,981.3,986.2,120461250,1084.8,887.6,1102.5,649.1,1010.9,53,2,1010.8,137,4,1010.7,1123,7,1010.6,4746,20,1010.5,4115,19,1011.0,155,3,1011.1,55,3,1011.2,130,2,1011.3,836,4,1011.4,716,11
317,2025-11-26 12:21:10+05:30,1011.0,1,999.36,6109276,423068.0,403950.0,986.2,1012.2,981.3,986.2,120461250,1084.8,887.6,1102.5,649.1,1010.9,53,2,1010.8,137,4,1010.7,1123,7,1010.6,4746,20,1010.5,4115,19,1011.0,155,3,1011.1,55,3,1011.2,130,2,1011.3,836,4,1011.4,716,11
317,2025-11-26 12:21:11+05:30,1010.9,5,999.36,6109283,422587.0,403855.0,986.2,1012.2,981.3,986.2,120461250,1084.8,887.6,1102.5,649.1,1010.9,48,2,1010.8,137,4,1010.7,1123,7,1010.6,4746,20,1010.5,4115,19,1011.0,153,3,1011.1,55,3,1011.2,130,2,1011.3,257,3,1011.4,1202,12
317,2025-11-26 12:21:11+05:30,1010.9,5,999.36,6109283,422587.0,403855.0,986.2,1012.2,981.3,986.2,120461250,1084.8,887.6,1102.5,649.1,1010.9,48,2,1010.8,137,4,1010.7,1123,7,1010.6,4746,20,1010.5,4115,19,1011.0,153,3,1011.1,55,3,1011.2,130,2,1011.3,257,3,1011.4,1202,12
317,2025-11-26 12:21:12+05:30,1010.9,64,999.36,6109395,422571.0,403881.0,986.2,1012.2,981.3,986.2,120461250,1084.8,887.6,1102.5,649.1,1010.9,41,1,1010.8,137,4,1010.7,1123,7,1010.6,4653,19,1010.5,4199,20,1011.0,153,3,1011.1,55,3,1011.2,130,2,1011.3,257,3,1011.4,1228,13
317,2025-11-26 12:21:12+05:30,1010.9,64,999.36,6109395,422571.0,403881.0,986.2,1012.2,981.3,986.2,120461250,1084.8,887.6,1102.5,649.1,1010.9,41,1,1010.8,137,4,1010.7,1123,7,1010.6,4653,19,1010.5,4199,20,1011.0,153,3,1011.1,55,3,1011.2,130,2,1011.3,257,3,1011.4,1228,13
317,2025-11-26 12:21:13+05:30,1011.0,6,999.36,6109420,422978.0,404218.0,986.2,1012.2,981.3,986.2,120461250,1084.8,887.6,1102.5,649.1,1010.9,26,1,1010.8,588,5,1010.7,1123,7,1010.6,4624,18,1010.5,4199,20,1011.0,143,3,1011.1,55,3,1011.2,130,2,1011.3,341,4,1011.4,716,11
317,2025-11-26 12:21:13+05:30,1010.8,8,999.36,6109420,422978.0,404218.0,986.2,1012.2,981.3,986.2,120461250,1084.8,887.6,1102.5,649.1,1010.9,26,1,1010.8,588,5,1010.7,1123,7,1010.6,4624,18,1010.5,4199,20,1011.0,143,3,1011.1,55,3,1011.2,130,2,1011.3,341,4,1011.4,716,11
317,2025-11-26 12:21:14+05:30,1010.7,40,999.36,6109618,422829.0,404722.0,986.2,1012.2,981.3,986.2,120461250,1084.8,887.6,1102.5,649.1,1010.7,1765,10,1010.6,4654,19,1010.5,4181,23,1010.4,972,13,1010.3,2186,14,1011.0,143,3,1011.1,55,3,1011.2,316,4,1011.3,257,3,1011.4,717,12
317,2025-11-26 12:21:14+05:30,1011.0,1,999.36,6109618,422829.0,404722.0,986.2,1012.2,981.3,986.2,120461250,1084.8,887.6,1102.5,649.1,1010.7,1765,10,1010.6,4654,19,1010.5,4181,23,1010.4,972,13,1010.3,2186,14,1011.0,143,3,1011.1,55,3,1011.2,316,4,1011.3,257,3,1011.4,717,12
317,2025-11-26 12:21:15+05:30,1011.0,1,999.36,6109622,422361.0,404745.0,986.2,1012.2,981.3,986.2,120461250,1084.8,887.6,1102.5,649.1,1010.9,51,1,1010.8,112,1,1010.7,1156,9,1010.6,4738,20,1010.5,4194,24,1011.0,139,3,1011.1,55,3,1011.2,136,3,1011.3,267,4,1011.4,717,12
317,2025-11-26 12:21:15+05:30,1011.0,2,999.36,6109622,422361.0,404745.0,986.2,1012.2,981.3,986.2,120461250,1084.8,887.6,1102.5,649.1,1010.9,51,1,1010.8,112,1,1010.7,1156,9,1010.6,4738,20,1010.5,4194,24,1011.0,139,3,1011.1,55,3,1011.2,136,3,1011.3,267,4,1011.4,717,12
317,2025-11-26 12:21:16+05:30,1011.0,1,999.36,6109737,422326.0,404681.0,986.2,1012.2,981.3,986.2,120461250,1084.8,887.6,1102.5,649.1,1010.8,93,2,1010.7,1336,11,1010.6,4654,19,1010.5,4113,23,1010.4,959,12,1011.0,70,2,1011.1,55,3,1011.2,136,3,1011.3,267,4,1011.4,717,12
317,2025-11-26 12:21:16+05:30,1011.0,1,999.36,6109737,422326.0,404681.0,986.2,1012.2,981.3,986.2,120461250,1084.8,887.6,1102.5,649.1,1010.8,93,2,1010.7,1336,11,1010.6,4654,19,1010.5,4113,23,1010.4,959,12,1011.0,70,2,1011.1,55,3,1011.2,136,3,1011.3,267,4,1011.4,717,12
317,2025-11-26 12:21:17+05:30,1010.9,16,999.36,6109753,422833.0,404881.0,986.2,1012.2,981.3,986.2,120461250,1084.8,887.6,1102.5,649.1,1010.9,35,1,1010.8,1095,3,1010.7,1302,11,1010.6,4708,19,1010.5,3613,22,1011.0,86,5,1011.1,55,3,1011.2,220,4,1011.3,351,5,1011.4,633,11
317,2025-11-26 12:21:17+05:30,1011.0,5,999.36,6109753,422833.0,404881.0,986.2,1012.2,981.3,986.2,120461250,1084.8,887.6,1102.5,649.1,1010.9,35,1,1010.8,1095,3,1010.7,1302,11,1010.6,4708,19,1010.5,3613,22,1011.0,86,5,1011.1,55,3,1011.2,220,4,1011.3,351,5,1011.4,633,11
317,2025-11-26 12:21:18+05:30,1011.0,5,999.36,6109768,422863.0,404866.0,986.2,1012.2,981.3,986.2,120461250,1084.8,887.6,1102.5,649.1,1010.9,35,1,1010.8,1095,3,1010.7,1302,11,1010.6,4738,20,1010.5,3617,23,1011.0,71,5,1011.1,55,3,1011.2,220,4,1011.3,351,5,1011.4,633,11
317,2025-11-26 12:21:18+05:30,1010.9,1,999.36,6109768,422863.0,404866.0,986.2,1012.2,981.3,986.2,120461250,1084.8,887.6,1102.5,649.1,1010.9,35,1,1010.8,1095,3,1010.7,1302,11,1010.6,4738,20,1010.5,3617,23,1011.0,71,5,1011.1,55,3,1011.2,220,4,1011.3,351,5,1011.4,633,11
317,2025-11-26 12:21:19+05:30,1010.9,25,999.36,6109799,422685.0,404819.0,986.2,1012.2,981.3,986.2,120461250,1084.8,887.6,1102.5,649.1,1010.9,4,1,1010.8,993,2,1010.7,1270,10,1010.6,4708,19,1010.5,3709,24,1011.0,71,5,1011.1,55,3,1011.2,136,3,1011.3,435,6,1011.4,633,11
317,2025-11-26 12:21:19+05:30,1010.9,118,999.36,6109799,422685.0,404819.0,986.2,1012.2,981.3,986.2,120461250,1084.8,887.6,1102.5,649.1,1010.9,4,1,1010.8,993,2,1010.7,1270,10,1010.6,4708,19,1010.5,3709,24,1011.0,71,5,1011.1,55,3,1011.2,136,3,1011.3,435,6,1011.4,633,11
317,2025-11-26 12:21:20+05:30,1010.9,118,999.36,6109917,422188.0,404466.0,986.2,1012.2,981.3,986.2,120461250,1084.8,887.6,1102.5,649.1,1010.9,40,1,1010.8,500,1,1010.7,1354,11,1010.6,4540,17,1010.5,3705,23,1011.0,71,5,1011.1,139,4,1011.2,316,4,1011.3,315,5,1011.4,717,12
317,2025-11-26 12:21:20+05:30,1010.9,10,999.36,6109917,422188.0,404466.0,986.2,1012.2,981.3,986.2,120461250,1084.8,887.6,1102.5,649.1,1010.9,40,1,1010.8,500,1,1010.7,1354,11,1010.6,4540,17,1010.5,3705,23,1011.0,71,5,1011.1,139,4,1011.2,316,4,1011.3,315,5,1011.4,717,12
317,2025-11-26 12:21:21+05:30,1011.0,1,999.36,6109930,422915.0,404408.0,986.2,1012.2,981.3,986.2,120461250,1084.8,887.6,1102.5,649.1,1010.9,30,1,1010.8,602,2,1010.7,1624,9,1010.6,4643,19,1010.5,3705,23,1011.0,68,5,1011.1,55,3,1011.2,395,5,1011.3,339,6,1011.4,717,12
317,2025-11-26 12:21:21+05:30,1011.0,1,999.36,6109930,422915.0,404408.0,986.2,1012.2,981.3,986.2,120461250,1084.8,887.6,1102.5,649.1,1010.9,30,1,1010.8,602,2,1010.7,1624,9,1010.6,4643,19,1010.5,3705,23,1011.0,68,5,1011.1,55,3,1011.2,395,5,1011.3,339,6,1011.4,717,12
317,2025-11-26 12:21:22+05:30,1010.9,30,999.37,6109960,422353.0,404317.0,986.2,1012.2,981.3,986.2,120461250,1084.8,887.6,1102.5,649.1,1010.8,500,1,1010.7,1141,8,1010.6,4698,19,1010.5,3732,24,1010.4,886,12,1010.9,60,2,1011.0,114,5,1011.1,7,2,1011.2,338,5,1011.3,394,6
317,2025-11-26 12:21:22+05:30,1010.9,30,999.37,6109960,422353.0,404317.0,986.2,1012.2,981.3,986.2,120461250,1084.8,887.6,1102.5,649.1,1010.8,500,1,1010.7,1141,8,1010.6,4698,19,1010.5,3732,24,1010.4,886,12,1010.9,60,2,1011.0,114,5,1011.1,7,2,1011.2,338,5,1011.3,394,6
317,2025-11-26 12:21:23+05:30,1010.9,64,999.37,6110084,422522.0,403726.0,986.2,1012.2,981.3,986.2,120461250,1084.8,887.6,1102.5,649.1,1010.8,635,3,1010.7,1070,9,1010.6,4619,18,1010.5,3732,24,1010.4,886,12,1010.9,146,3,1011.0,114,5,1011.1,7,2,1011.2,316,4,1011.3,258,4
317,2025-11-26 12:21:23+05:30,1010.8,50,999.37,6110084,422522.0,403726.0,986.2,1012.2,981.3,986.2,120461250,1084.8,887.6,1102.5,649.1,1010.8,635,3,1010.7,1070,9,1010.6,4619,18,1010.5,3732,24,1010.4,886,12,1010.9,146,3,1011.0,114,5,1011.1,7,2,1011.2,316,4,1011.3,258,4
317,2025-11-26 12:21:24+05:30,1010.8,50,999.37,6110134,422474.0,403821.0,986.2,1012.2,981.3,986.2,120461250,1084.8,887.6,1102.5,649.1,1010.8,585,3,1010.7,1466,12,1010.6,4540,17,1010.5,3688,21,1010.4,886,12,1010.9,146,3,1011.0,114,5,1011.1,7,2,1011.2,316,4,1011.3,214,3
317,2025-11-26 12:21:25+05:30,1010.9,11,999.37,6110163,422410.0,403816.0,986.2,1012.2,981.3,986.2,120461250,1084.8,887.6,1102.5,649.1,1010.8,483,2,1010.7,1141,8,1010.6,4698,19,1010.5,3732,24,1010.4,886,12,1010.9,132,3,1011.0,219,7,1011.1,7,2,1011.2,316,4,1011.3,213,2
317,2025-11-26 12:21:25+05:30,1010.8,118,999.37,6110163,422410.0,403816.0,986.2,1012.2,981.3,986.2,120461250,1084.8,887.6,1102.5,649.1,1010.8,483,2,1010.7,1141,8,1010.6,4698,19,1010.5,3732,24,1010.4,886,12,1010.9,132,3,1011.0,219,7,1011.1,7,2,1011.2,316,4,1011.3,213,2
317,2025-11-26 12:21:26+05:30,1010.9,26,999.37,6110393,422507.0,403717.0,986.2,1012.2,981.3,986.2,120461250,1084.8,887.6,1102.5,649.1,1010.8,364,2,1010.7,1248,10,1010.6,4619,18,1010.5,3732,24,1010.4,886,12,1010.9,34,2,1011.0,219,7,1011.1,7,2,1011.2,157,3,1011.3,213,2
317,2025-11-26 12:21:26+05:30,1010.9,26,999.37,6110393,422507.0,403717.0,986.2,1012.2,981.3,986.2,120461250,1084.8,887.6,1102.5,649.1,1010.8,364,2,1010.7,1248,10,1010.6,4619,18,1010.5,3732,24,1010.4,886,12,1010.9,34,2,1011.0,219,7,1011.1,7,2,1011.2,157,3,1011.3,213,2
317,2025-11-26 12:21:27+05:30,1010.9,2,999.37,6110469,422458.0,404267.0,986.2,1012.2,981.3,986.2,120461250,1084.8,887.6,1102.5,649.1,1010.8,290,2,1010.7,1169,9,1010.6,4698,19,1010.5,3732,24,1010.4,886,12,1010.9,20,2,1011.0,218,6,1011.1,7,2,1011.2,337,4,1011.3,213,2
317,2025-11-26 12:21:27+05:30,1010.9,2,999.37,6110469,422458.0,404267.0,986.2,1012.2,981.3,986.2,120461250,1084.8,887.6,1102.5,649.1,1010.8,290,2,1010.7,1169,9,1010.6,4698,19,1010.5,3732,24,1010.4,886,12,1010.9,20,2,1011.0,218,6,1011.1,7,2,1011.2,337,4,1011.3,213,2
317,2025-11-26 12:21:28+05:30,1010.9,2,999.37,6110469,422637.0,404327.0,986.2,1012.2,981.3,986.2,120461250,1084.8,887.6,1102.5,649.1,1010.8,469,4,1010.7,1248,10,1010.6,4619,18,1010.5,3732,24,1010.4,886,12,1010.9,1,1,1011.0,218,6,1011.1,7,2,1011.2,256,4,1011.3,213,2
317,2025-11-26 12:21:29+05:30,1010.9,1,999.37,6110470,422626.0,404244.0,986.2,1012.2,981.3,986.2,120461250,1084.8,887.6,1102.5,649.1,1010.8,469,4,1010.7,1169,9,1010.6,4725,20,1010.5,3613,22,1010.4,886,12,1011.0,223,7,1011.1,7,2,1011.2,256,4,1011.3,213,2,1011.4,710,11
317,2025-11-26 12:21:29+05:30,1010.8,5,999.37,6110470,422626.0,404244.0,986.2,1012.2,981.3,986.2,120461250,1084.8,887.6,1102.5,649.1,1010.8,469,4,1010.7,1169,9,1010.6,4725,20,1010.5,3613,22,1010.4,886,12,1011.0,223,7,1011.1,7,2,1011.2,256,4,1011.3,213,2,1011.4,710,11
317,2025-11-26 12:21:30+05:30,1011.0,6,999.37,6110722,422446.0,404082.0,986.2,1012.2,981.3,986.2,120461250,1084.8,887.6,1102.5,649.1,1010.9,46,1,1010.8,416,3,1010.7,1096,9,1010.6,4725,20,1010.5,3615,23,1011.0,220,8,1011.1,4,1,1011.2,256,4,1011.3,371,4,1011.4,513,9
317,2025-11-26 12:21:30+05:30,1011.0,6,999.37,6110722,422446.0,404082.0,986.2,1012.2,981.3,986.2,120461250,1084.8,887.6,1102.5,649.1,1010.9,46,1,1010.8,416,3,1010.7,1096,9,1010.6,4725,20,1010.5,3615,23,1011.0,220,8,1011.1,4,1,1011.2,256,4,1011.3,371,4,1011.4,513,9
317,2025-11-26 12:21:31+05:30,1011.0,1,999.37,6110731,422625.0,404081.0,986.2,1012.2,981.3,986.2,120461250,1084.8,887.6,1102.5,649.1,1010.9,70,2,1010.8,539,5,1010.7,1207,11,1010.6,4646,19,1010.5,3615,23,1011.0,219,8,1011.1,4,1,1011.2,256,4,1011.3,292,3,1011.4,593,11
317,2025-11-26 12:21:31+05:30,1011.0,2,999.37,6110731,422625.0,404081.0,986.2,1012.2,981.3,986.2,120461250,1084.8,887.6,1102.5,649.1,1010.9,70,2,1010.8,539,5,1010.7,1207,11,1010.6,4646,19,1010.5,3615,23,1011.0,219,8,1011.1,4,1,1011.2,256,4,1011.3,292,3,1011.4,593,11
317,2025-11-26 12:21:32+05:30,1011.0,4,999.37,6111007,422761.0,404323.0,986.2,1012.2,981.3,986.2,120461250,1084.8,887.6,1102.5,649.1,1010.9,91,3,1010.8,591,6,1010.7,1364,11,1010.6,4699,20,1010.5,3615,23,1011.0,165,7,1011.1,4,1,1011.2,282,6,1011.3,180,1,1011.4,567,9
317,2025-11-26 12:21:32+05:30,1011.0,4,999.37,6111007,422761.0,404323.0,986.2,1012.2,981.3,986.2,120461250,1084.8,887.6,1102.5,649.1,1010.9,91,3,1010.8,591,6,1010.7,1364,11,1010.6,4699,20,1010.5,3615,23,1011.0,165,7,1011.1,4,1,1011.2,282,6,1011.3,180,1,1011.4,567,9
317,2025-11-26 12:21:33+05:30,1010.9,5,999.37,6111067,423836.0,403892.0,986.2,1012.2,981.3,986.2,120461250,1084.8,887.6,1102.5,649.1,1010.9,86,3,1010.8,1341,7,1010.7,2452,15,1010.6,4596,21,1010.5,2180,20,1011.0,400,5,1011.1,4,1,1011.2,71,2,1011.3,180,1,1011.4,514,10
317,2025-11-26 12:21:33+05:30,1010.9,5,999.37,6111067,423836.0,403892.0,986.2,1012.2,981.3,986.2,120461250,1084.8,887.6,1102.5,649.1,1010.9,86,3,1010.8,1341,7,1010.7,2452,15,1010.6,4596,21,1010.5,2180,20,1011.0,400,5,1011.1,4,1,1011.2,71,2,1011.3,180,1,1011.4,514,10
317,2025-11-26 12:21:34+05:30,1010.9,5,999.37,6111067,423634.0,403920.0,986.2,1012.2,981.3,986.2,120461250,1084.8,887.6,1102.5,649.1,1010.9,86,3,1010.8,591,6,1010.7,1623,13,1010.6,4649,20,1010.5,3706,24,1011.0,400,5,1011.1,4,1,1011.2,71,2,1011.3,180,1,1011.4,514,10
317,2025-11-26 12:21:34+05:30,1011.0,2,999.37,6111067,423634.0,403920.0,986.2,1012.2,981.3,986.2,120461250,1084.8,887.6,1102.5,649.1,1010.9,86,3,1010.8,591,6,1010.7,1623,13,1010.6,4649,20,1010.5,3706,24,1011.0,400,5,1011.1,4,1,1011.2,71,2,1011.3,180,1,1011.4,514,10
317,2025-11-26 12:21:35+05:30,1011.0,1,999.37,6111067,423634.0,403920.0,986.2,1012.2,981.3,986.2,120461250,1084.8,887.6,1102.5,649.1,1010.9,86,3,1010.8,591,6,1010.7,1623,13,1010.6,4649,20,1010.5,3706,24,1011.0,400,5,1011.1,4,1,1011.2,71,2,1011.3,180,1,1011.4,514,10
317,2025-11-26 12:21:35+05:30,1011.0,1,999.37,6111182,423597.0,403835.0,986.2,1012.2,981.3,986.2,120461250,1084.8,887.6,1102.5,649.1,1010.9,86,3,1010.8,554,5,1010.7,1544,12,1010.6,4728,21,1010.5,3706,24,1011.0,383,3,1011.1,41,1,1011.2,35,3,1011.3,180,1,1011.4,514,10
317,2025-11-26 12:21:36+05:30,1010.9,1,999.37,6111182,423597.0,403835.0,986.2,1012.2,981.3,986.2,120461250,1084.8,887.6,1102.5,649.1,1010.9,86,3,1010.8,554,5,1010.7,1544,12,1010.6,4728,21,1010.5,3706,24,1011.0,383,3,1011.1,41,1,1011.2,35,3,1011.3,180,1,1011.4,514,10
317,2025-11-26 12:21:36+05:30,1010.9,1,999.37,6111185,423660.0,403833.0,986.2,1012.2,981.3,986.2,120461250,1084.8,887.6,1102.5,649.1,1010.9,112,4,1010.8,591,6,1010.7,1702,14,1010.6,4570,19,1010.5,3706,24,1011.0,381,3,1011.1,41,1,1011.2,35,3,1011.3,180,1,1011.4,514,10
317,2025-11-26 12:21:37+05:30,1010.8,30,999.37,6111185,423660.0,403833.0,986.2,1012.2,981.3,986.2,120461250,1084.8,887.6,1102.5,649.1,1010.9,112,4,1010.8,591,6,1010.7,1702,14,1010.6,4570,19,1010.5,3706,24,1011.0,381,3,1011.1,41,1,1011.2,35,3,1011.3,180,1,1011.4,514,10
317,2025-11-26 12:21:37+05:30,1010.8,30,999.37,6111303,422457.0,404326.0,986.2,1012.2,981.3,986.2,120461250,1084.8,887.6,1102.5,649.1,1010.8,636,6,1010.7,1276,10,1010.6,4386,17,1010.5,3783,24,1010.4,917,11,1011.0,481,4,1011.1,41,1,1011.2,35,3,1011.3,312,4,1011.4,675,13
317,2025-11-26 12:21:38+05:30,1010.8,30,999.37,6111303,422869.0,404361.0,986.2,1012.2,981.3,986.2,120461250,1084.8,887.6,1102.5,649.1,1010.9,3,2,1010.8,672,7,1010.7,1276,10,1010.6,4464,17,1010.5,3704,23,1011.0,481,4,1011.1,41,1,1011.2,215,4,1011.3,322,5,1011.4,675,13
317,2025-11-26 12:21:39+05:30,1011.0,37,999.37,6111623,422796.0,404136.0,986.2,1012.2,981.3,986.2,120461250,1084.8,887.6,1102.5,649.1,1010.9,3,2,1010.8,636,6,1010.7,1372,11,1010.6,4617,19,1010.5,3704,23,1011.0,161,3,1011.1,41,1,1011.2,85,4,1011.3,925,7,1011.4,675,13
317,2025-11-26 12:21:39+05:30,1011.0,37,999.37,6111623,422796.0,404136.0,986.2,1012.2,981.3,986.2,120461250,1084.8,887.6,1102.5,649.1,1010.9,3,2,1010.8,636,6,1010.7,1372,11,1010.6,4617,19,1010.5,3704,23,1011.0,161,3,1011.1,41,1,1011.2,85,4,1011.3,925,7,1011.4,675,13
317,2025-11-26 12:21:40+05:30,1011.0,18,999.37,6111623,422796.0,404136.0,986.2,1012.2,981.3,986.2,120461250,1084.8,887.6,1102.5,649.1,1010.9,3,2,1010.8,636,6,1010.7,1372,11,1010.6,4617,19,1010.5,3704,23,1011.0,161,3,1011.1,41,1,1011.2,85,4,1011.3,925,7,1011.4,675,13
317,2025-11-26 12:21:40+05:30,1011.0,18,999.37,6111703,423359.0,404432.0,986.2,1012.2,981.3,986.2,120461250,1084.8,887.6,1102.5,649.1,1010.9,2,2,1010.8,663,7,1010.7,1475,12,1010.6,4631,18,1010.5,3850,25,1011.0,680,4,1011.1,41,1,1011.2,181,5,1011.3,237,4,1011.4,1178,12
317,2025-11-26 12:21:41+05:30,1011.0,33,999.37,6112043,423115.0,403989.0,986.2,1012.2,981.3,986.2,120461250,1084.8,887.6,1102.5,649.1,1010.8,436,6,1010.7,1566,9,1010.6,4752,19,1010.5,3704,23,1010.4,953,12,1011.0,565,3,1011.1,41,1,1011.2,87,4,1011.3,248,4,1011.4,1219,12
317,2025-11-26 12:21:41+05:30,1011.0,33,999.37,6112043,423115.0,403989.0,986.2,1012.2,981.3,986.2,120461250,1084.8,887.6,1102.5,649.1,1010.8,436,6,1010.7,1566,9,1010.6,4752,19,1010.5,3704,23,1010.4,953,12,1011.0,565,3,1011.1,41,1,1011.2,87,4,1011.3,248,4,1011.4,1219,12
317,2025-11-26 12:21:42+05:30,1010.8,1,999.37,6112043,423115.0,403989.0,986.2,1012.2,981.3,986.2,120461250,1084.8,887.6,1102.5,649.1,1010.8,436,6,1010.7,1566,9,1010.6,4752,19,1010.5,3704,23,1010.4,953,12,1011.0,565,3,1011.1,41,1,1011.2,87,4,1011.3,248,4,1011.4,1219,12
317,2025-11-26 12:21:42+05:30,1011.0,18,999.37,6112957,423439.0,401174.0,986.2,1012.2,981.3,986.2,120461250,1084.8,887.6,1102.5,649.1,1010.9,85,2,1010.8,1151,14,1010.7,2553,16,1010.6,3741,15,1010.5,3704,23,1011.1,41,1,1011.2,87,4,1011.4,277,7,1011.5,1035,16,1011.6,662,7
317,2025-11-26 12:21:43+05:30,1011.1,92,999.37,6113058,425159.0,403319.0,986.2,1012.2,981.3,986.2,120461250,1084.8,887.6,1102.5,649.1,1010.9,294,6,1010.8,2116,17,1010.7,2553,16,1010.6,4517,18,1010.5,2178,19,1011.1,41,1,1011.2,87,4,1011.4,215,5,1011.5,935,16,1011.6,662,7
317,2025-11-26 12:21:43+05:30,1011.1,92,999.37,6113058,425159.0,403319.0,986.2,1012.2,981.3,986.2,120461250,1084.8,887.6,1102.5,649.1,1010.9,294,6,1010.8,2116,17,1010.7,2553,16,1010.6,4517,18,1010.5,2178,19,1011.1,41,1,1011.2,87,4,1011.4,215,5,1011.5,935,16,1011.6,662,7
317,2025-11-26 12:21:44+05:30,1011.1,2,999.37,6113060,425137.0,403475.0,986.2,1012.2,981.3,986.2,120461250,1084.8,887.6,1102.5,649.1,1010.9,199,5,1010.8,2189,18,1010.7,2503,15,1010.6,4517,18,1010.5,2228,20,1011.1,40,2,1011.2,87,4,1011.4,215,5,1011.5,937,17,1011.6,662,7
317,2025-11-26 12:21:44+05:30,1011.1,2,999.37,6113060,425137.0,403475.0,986.2,1012.2,981.3,986.2,120461250,1084.8,887.6,1102.5,649.1,1010.9,199,5,1010.8,2189,18,1010.7,2503,15,1010.6,4517,18,1010.5,2228,20,1011.1,40,2,1011.2,87,4,1011.4,215,5,1011.5,937,17,1011.6,662,7
317,2025-11-26 12:21:45+05:30,1011.0,3,999.37,6113063,424527.0,404913.0,986.2,1012.2,981.3,986.2,120461250,1084.8,887.6,1102.5,649.1,1010.9,45,2,1010.8,1599,11,1010.7,2439,14,1010.6,4729,21,1010.5,2228,20,1011.0,1211,3,1011.1,40,2,1011.2,87,4,1011.4,432,7,1011.5,950,18
317,2025-11-26 12:21:45+05:30,1011.0,1,999.37,6113063,424527.0,404913.0,986.2,1012.2,981.3,986.2,120461250,1084.8,887.6,1102.5,649.1,1010.9,45,2,1010.8,1599,11,1010.7,2439,14,1010.6,4729,21,1010.5,2228,20,1011.0,1211,3,1011.1,40,2,1011.2,87,4,1011.4,432,7,1011.5,950,18
317,2025-11-26 12:21:46+05:30,1011.0,1,999.37,6113065,424527.0,404944.0,986.2,1012.2,981.3,986.2,120461250,1084.8,887.6,1102.5,649.1,1010.9,45,2,1010.8,1599,11,1010.7,2439,14,1010.6,4729,21,1010.5,2228,20,1011.0,1209,3,1011.1,40,2,1011.2,87,4,1011.4,433,8,1011.5,947,16
317,2025-11-26 12:21:46+05:30,1011.0,1,999.37,6113065,424527.0,404944.0,986.2,1012.2,981.3,986.2,120461250,1084.8,887.6,1102.5,649.1,1010.9,45,2,1010.8,1599,11,1010.7,2439,14,1010.6,4729,21,1010.5,2228,20,1011.0,1209,3,1011.1,40,2,1011.2,87,4,1011.4,433,8,1011.5,947,16
317,2025-11-26 12:21:47+05:30,1011.0,159,999.37,6113224,424434.0,404800.0,986.2,1012.2,981.3,986.2,120461250,1084.8,887.6,1102.5,649.1,1010.9,45,2,1010.8,1519,11,1010.7,2439,14,1010.6,4729,21,1010.5,2228,20,1011.0,1050,3,1011.1,40,2,1011.2,87,4,1011.4,438,9,1011.5,947,16
317,2025-11-26 12:21:47+05:30,1011.0,159,999.37,6113224,424434.0,404800.0,986.2,1012.2,981.3,986.2,120461250,1084.8,887.6,1102.5,649.1,1010.9,45,2,1010.8,1519,11,1010.7,2439,14,1010.6,4729,21,1010.5,2228,20,1011.0,1050,3,1011.1,40,2,1011.2,87,4,1011.4,438,9,1011.5,947,16
317,2025-11-26 12:21:48+05:30,1010.9,2,999.37,6113226,424116.0,404795.0,986.2,1012.2,981.3,986.2,120461250,1084.8,887.6,1102.5,649.1,1010.9,43,2,1010.8,1317,10,1010.7,2237,13,1010.6,4588,18,1010.5,2149,15,1011.0,1050,3,1011.1,63,2,1011.2,35,3,1011.4,438,9,1011.5,947,16
317,2025-11-26 12:21:48+05:30,1010.9,2,999.37,6113226,424116.0,404795.0,986.2,1012.2,981.3,986.2,120461250,1084.8,887.6,1102.5,649.1,1010.9,43,2,1010.8,1317,10,1010.7,2237,13,1010.6,4588,18,1010.5,2149,15,1011.0,1050,3,1011.1,63,2,1011.2,35,3,1011.4,438,9,1011.5,947,16
317,2025-11-26 12:21:49+05:30,1010.9,2,999.37,6113226,424193.0,404970.0,986.2,1012.2,981.3,986.2,120461250,1084.8,887.6,1102.5,649.1,1010.9,43,2,1010.8,1317,10,1010.7,2237,13,1010.6,4780,24,1010.5,2149,15,1011.0,1050,3,1011.1,63,2,1011.2,35,3,1011.4,438,9,1011.5,947,16
317,2025-11-26 12:21:50+05:30,1011.0,1,999.37,6113227,424210.0,405053.0,986.2,1012.2,981.3,986.2,120461250,1084.8,887.6,1102.5,649.1,1010.9,43,2,1010.8,1354,11,1010.7,2237,13,1010.6,4795,25,1010.5,2149,15,1011.0,1049,3,1011.1,63,2,1011.2,35,3,1011.4,438,9,1011.5,947,16
317,2025-11-26 12:21:50+05:30,1011.0,1,999.37,6113227,424210.0,405053.0,986.2,1012.2,981.3,986.2,120461250,1084.8,887.6,1102.5,649.1,1010.9,43,2,1010.8,1354,11,1010.7,2237,13,1010.6,4795,25,1010.5,2149,15,1011.0,1049,3,1011.1,63,2,1011.2,35,3,1011.4,438,9,1011.5,947,16
317,2025-11-26 12:21:51+05:30,1011.0,100,999.37,6114172,424319.0,404042.0,986.2,1012.2,981.3,986.2,120461250,1084.8,887.6,1102.5,649.1,1010.9,196,5,1010.8,1773,15,1010.7,2279,13,1010.6,4620,24,1010.5,2149,15,1011.0,104,1,1011.1,63,2,1011.2,35,3,1011.4,433,8,1011.5,947,16
317,2025-11-26 12:21:51+05:30,1011.0,100,999.37,6114172,424319.0,404042.0,986.2,1012.2,981.3,986.2,120461250,1084.8,887.6,1102.5,649.1,1010.9,196,5,1010.8,1773,15,1010.7,2279,13,1010.6,4620,24,1010.5,2149,15,1011.0,104,1,1011.1,63,2,1011.2,35,3,1011.4,433,8,1011.5,947,16
317,2025-11-26 12:21:52+05:30,1011.0,1,999.37,6114599,424236.0,405539.0,986.2,1012.2,981.3,986.2,120461250,1084.8,887.6,1102.5,649.1,1010.9,123,3,1010.8,1426,12,1010.7,2171,12,1010.6,4709,23,1010.5,2175,17,1011.0,103,1,1011.1,63,2,1011.2,35,3,1011.3,202,1,1011.4,396,7
317,2025-11-26 12:21:52+05:30,1011.0,1,999.37,6114599,424236.0,405539.0,986.2,1012.2,981.3,986.2,120461250,1084.8,887.6,1102.5,649.1,1010.9,123,3,1010.8,1426,12,1010.7,2171,12,1010.6,4709,23,1010.5,2175,17,1011.0,103,1,1011.1,63,2,1011.2,35,3,1011.3,202,1,1011.4,396,7
317,2025-11-26 12:21:53+05:30,1011.0,5,999.37,6114613,424381.0,405459.0,986.2,1012.2,981.3,986.2,120461250,1084.8,887.6,1102.5,649.1,1010.9,88,2,1010.8,1606,13,1010.7,2286,13,1010.6,4594,22,1010.5,2175,17,1011.0,89,1,1011.1,63,2,1011.2,35,3,1011.3,202,1,1011.4,396,7
317,2025-11-26 12:21:53+05:30,1011.0,5,999.37,6114613,424381.0,405459.0,986.2,1012.2,981.3,986.2,120461250,1084.8,887.6,1102.5,649.1,1010.9,88,2,1010.8,1606,13,1010.7,2286,13,1010.6,4594,22,1010.5,2175,17,1011.0,89,1,1011.1,63,2,1011.2,35,3,1011.3,202,1,1011.4,396,7
317,2025-11-26 12:21:54+05:30,1010.9,50,999.37,6114923,425907.0,402430.0,986.2,1012.2,981.3,986.2,120461250,1084.8,887.6,1102.5,649.1,1010.9,783,6,1010.8,2827,21,1010.7,2526,16,1010.6,3741,15,1010.5,3161,24,1011.1,62,1,1011.2,35,3,1011.4,231,3,1011.5,522,9,1011.6,739,12
317,2025-11-26 12:21:54+05:30,1010.9,50,999.37,6114923,425907.0,402430.0,986.2,1012.2,981.3,986.2,120461250,1084.8,887.6,1102.5,649.1,1010.9,783,6,1010.8,2827,21,1010.7,2526,16,1010.6,3741,15,1010.5,3161,24,1011.1,62,1,1011.2,35,3,1011.4,231,3,1011.5,522,9,1011.6,739,12
317,2025-11-26 12:21:55+05:30,1011.1,72,999.37,6115169,425038.0,402829.0,986.2,1012.2,981.3,986.2,120461250,1084.8,887.6,1102.5,649.1,1010.9,49,2,1010.8,2822,17,1010.7,2560,16,1010.6,3433,15,1010.5,2999,16,1011.1,77,2,1011.2,35,3,1011.4,231,3,1011.5,968,9,1011.6,752,13
317,2025-11-26 12:21:55+05:30,1011.1,72,999.37,6115169,425038.0,402829.0,986.2,1012.2,981.3,986.2,120461250,1084.8,887.6,1102.5,649.1,1010.9,49,2,1010.8,2822,17,1010.7,2560,16,1010.6,3433,15,1010.5,2999,16,1011.1,77,2,1011.2,35,3,1011.4,231,3,1011.5,968,9,1011.6,752,13
317,2025-11-26 12:21:56+05:30,1011.0,1,999.37,6115177,425323.0,403183.0,986.2,1012.2,981.3,986.2,120461250,1084.8,887.6,1102.5,649.1,1010.9,49,2,1010.8,2934,18,1010.7,2645,17,1010.6,3361,14,1010.5,3132,24,1011.1,62,1,1011.2,35,3,1011.4,300,5,1011.5,1054,10,1011.6,824,14
317,2025-11-26 12:21:56+05:30,1011.0,1,999.37,6115177,425323.0,403183.0,986.2,1012.2,981.3,986.2,120461250,1084.8,887.6,1102.5,649.1,1010.9,49,2,1010.8,2934,18,1010.7,2645,17,1010.6,3361,14,1010.5,3132,24,1011.1,62,1,1011.2,35,3,1011.4,300,5,1011.5,1054,10,1011.6,824,14
317,2025-11-26 12:21:57+05:30,1011.1,40,999.37,6115217,425230.0,403164.0,986.2,1012.2,981.3,986.2,120461250,1084.8,887.6,1102.5,649.1,1010.9,76,3,1010.8,2898,19,1010.7,2501,15,1010.6,3384,15,1010.5,3132,24,1011.0,61,1,1011.1,122,2,1011.2,35,3,1011.4,300,5,1011.5,535,10
317,2025-11-26 12:21:57+05:30,1011.1,40,999.37,6115217,425230.0,403164.0,986.2,1012.2,981.3,986.2,120461250,1084.8,887.6,1102.5,649.1,1010.9,76,3,1010.8,2898,19,1010.7,2501,15,1010.6,3384,15,1010.5,3132,24,1011.0,61,1,1011.1,122,2,1011.2,35,3,1011.4,300,5,1011.5,535,10
317,2025-11-26 12:21:58+05:30,1011.2,4,999.38,6115653,427482.0,401886.0,986.2,1012.2,981.3,986.2,120461250,1084.8,887.6,1102.5,649.1,1011.0,412,5,1010.9,2082,14,1010.8,3258,22,1010.7,3190,16,1010.6,1984,16,1011.4,50,1,1011.5,320,5,1011.6,1005,8,1011.7,821,9,1011.8,1142,15
317,2025-11-26 12:21:58+05:30,1011.2,4,999.38,6115653,427482.0,401886.0,986.2,1012.2,981.3,986.2,120461250,1084.8,887.6,1102.5,649.1,1011.0,412,5,1010.9,2082,14,1010.8,3258,22,1010.7,3190,16,1010.6,1984,16,1011.4,50,1,1011.5,320,5,1011.6,1005,8,1011.7,821,9,1011.8,1142,15
317,2025-11-26 12:21:59+05:30,1011.0,42,999.38,6115653,427482.0,401886.0,986.2,1012.2,981.3,986.2,120461250,1084.8,887.6,1102.5,649.1,1011.0,412,5,1010.9,2082,14,1010.8,3258,22,1010.7,3190,16,1010.6,1984,16,1011.4,50,1,1011.5,320,5,1011.6,1005,8,1011.7,821,9,1011.8,1142,15
317,2025-11-26 12:21:59+05:30,1011.0,42,999.38,6116065,425561.0,401743.0,986.2,1012.2,981.3,986.2,120461250,1084.8,887.6,1102.5,649.1,1010.9,1880,11,1010.8,3105,20,1010.7,2622,16,1010.6,1984,16,1010.5,2962,21,1011.3,72,1,1011.4,327,4,1011.5,486,9,1011.6,745,11,1011.7,1132,11
317,2025-11-26 12:22:00+05:30,1011.4,1,999.38,6116065,425561.0,401743.0,986.2,1012.2,981.3,986.2,120461250,1084.8,887.6,1102.5,649.1,1010.9,1880,11,1010.8,3105,20,1010.7,2622,16,1010.6,1984,16,1010.5,2962,21,1011.3,72,1,1011.4,327,4,1011.5,486,9,1011.6,745,11,1011.7,1132,11
317,2025-11-26 12:22:00+05:30,1011.4,1,999.38,6116124,426002.0,400443.0,986.2,1012.2,981.3,986.2,120461250,1084.8,887.6,1102.5,649.1,1011.0,47,1,1010.9,1221,9,1010.8,3317,23,1010.7,2481,14,1010.6,1984,16,1011.4,50,2,1011.5,1004,10,1011.6,604,10,1011.7,823,10,1011.8,1108,15
317,2025-11-26 12:22:01+05:30,1011.4,1,999.38,6116124,426002.0,400443.0,986.2,1012.2,981.3,986.2,120461250,1084.8,887.6,1102.5,649.1,1011.0,47,1,1010.9,1221,9,1010.8,3317,23,1010.7,2481,14,1010.6,1984,16,1011.4,50,2,1011.5,1004,10,1011.6,604,10,1011.7,823,10,1011.8,1108,15
317,2025-11-26 12:22:01+05:30,1011.5,289,999.38,6117053,425002.0,401276.0,986.2,1012.2,981.3,986.2,120461250,1084.8,887.6,1102.5,649.1,1010.9,1111,8,1010.8,3144,21,1010.7,2597,16,1010.6,1984,16,1010.5,2962,21,1011.2,40,1,1011.4,87,1,1011.5,443,5,1011.6,766,12,1011.7,1120,11
317,2025-11-26 12:22:02+05:30,1011.2,100,999.38,6117053,425002.0,401276.0,986.2,1012.2,981.3,986.2,120461250,1084.8,887.6,1102.5,649.1,1010.9,1111,8,1010.8,3144,21,1010.7,2597,16,1010.6,1984,16,1010.5,2962,21,1011.2,40,1,1011.4,87,1,1011.5,443,5,1011.6,766,12,1011.7,1120,11
317,2025-11-26 12:22:02+05:30,1011.0,108,999.38,6118035,426189.0,401963.0,986.2,1012.2,981.3,986.2,120461250,1084.8,887.6,1102.5,649.1,1010.9,1058,8,1010.8,3683,19,1010.7,2381,13,1010.6,1974,16,1010.5,2962,21,1011.2,93,2,1011.3,66,1,1011.4,87,1,1011.5,577,6,1011.6,707,8
317,2025-11-26 12:22:03+05:30,1011.2,4,999.38,6118035,426189.0,401963.0,986.2,1012.2,981.3,986.2,120461250,1084.8,887.6,1102.5,649.1,1010.9,1058,8,1010.8,3683,19,1010.7,2381,13,1010.6,1974,16,1010.5,2962,21,1011.2,93,2,1011.3,66,1,1011.4,87,1,1011.5,577,6,1011.6,707,8
317,2025-11-26 12:22:03+05:30,1011.2,4,999.38,6118043,426779.0,402165.0,986.2,1012.2,981.3,986.2,120461250,1084.8,887.6,1102.5,649.1,1011.0,75,1,1010.9,1813,11,1010.8,4000,22,1010.7,2381,13,1010.6,1975,17,1011.2,85,2,1011.4,137,3,1011.5,577,6,1011.6,791,14,1011.7,1088,11
317,2025-11-26 12:22:04+05:30,1011.0,301,999.38,6118344,425354.0,402328.0,986.2,1012.2,981.3,986.2,120461250,1084.8,887.6,1102.5,649.1,1010.9,997,6,1010.8,3752,18,1010.7,2447,14,1010.6,2063,15,1010.5,2949,17,1011.2,85,2,1011.4,137,3,1011.5,231,5,1011.6,854,15,1011.7,1088,11
317,2025-11-26 12:22:05+05:30,1011.2,98,999.38,6118344,425354.0,402328.0,986.2,1012.2,981.3,986.2,120461250,1084.8,887.6,1102.5,649.1,1010.9,997,6,1010.8,3752,18,1010.7,2447,14,1010.6,2063,15,1010.5,2949,17,1011.2,85,2,1011.4,137,3,1011.5,231,5,1011.6,854,15,1011.7,1088,11
317,2025-11-26 12:22:05+05:30,1011.2,98,999.38,6118948,426567.0,402489.0,986.2,1012.2,981.3,986.2,120461250,1084.8,887.6,1102.5,649.1,1011.0,66,1,1010.9,1387,11,1010.8,3952,21,1010.7,2382,14,1010.6,2053,21,1011.2,40,1,1011.4,132,2,1011.5,591,5,1011.6,717,12,1011.7,719,8
317,2025-11-26 12:22:06+05:30,1011.4,71,999.38,6119085,426528.0,401016.0,986.2,1012.2,981.3,986.2,120461250,1084.8,887.6,1102.5,649.1,1011.2,86,2,1011.0,171,2,1010.9,1670,13,1010.8,3137,20,1010.7,2419,15,1011.4,61,2,1011.5,248,4,1011.6,1007,13,1011.7,609,7,1011.8,1074,14
317,2025-11-26 12:22:06+05:30,1011.4,71,999.38,6119085,426528.0,401016.0,986.2,1012.2,981.3,986.2,120461250,1084.8,887.6,1102.5,649.1,1011.2,86,2,1011.0,171,2,1010.9,1670,13,1010.8,3137,20,1010.7,2419,15,1011.4,61,2,1011.5,248,4,1011.6,1007,13,1011.7,609,7,1011.8,1074,14
317,2025-11-26 12:22:07+05:30,1011.5,6,999.38,6119740,424220.0,399644.0,986.2,1012.2,981.3,986.2,120461250,1084.8,887.6,1102.5,649.1,1011.2,264,3,1011.0,548,5,1010.9,1149,12,1010.8,2457,20,1010.7,2636,17,1011.5,66,1,1011.6,459,8,1011.7,779,13,1011.8,1026,14,1011.9,1184,17
317,2025-11-26 12:22:07+05:30,1011.5,6,999.38,6119740,424220.0,399644.0,986.2,1012.2,981.3,986.2,120461250,1084.8,887.6,1102.5,649.1,1011.2,264,3,1011.0,548,5,1010.9,1149,12,1010.8,2457,20,1010.7,2636,17,1011.5,66,1,1011.6,459,8,1011.7,779,13,1011.8,1026,14,1011.9,1184,17
317,2025-11-26 12:22:08+05:30,1011.0,2,999.39,6120554,424992.0,400363.0,986.2,1012.2,981.3,986.2,120461250,1084.8,887.6,1102.5,649.1,1011.0,87,1,1010.9,1005,9,1010.8,2969,17,1010.7,2479,16,1010.6,1959,17,1011.4,252,3,1011.5,299,9,1011.6,643,12,1011.7,940,13,1011.8,1023,14
317,2025-11-26 12:22:08+05:30,1011.0,2,999.39,6120554,424992.0,400363.0,986.2,1012.2,981.3,986.2,120461250,1084.8,887.6,1102.5,649.1,1011.0,87,1,1010.9,1005,9,1010.8,2969,17,1010.7,2479,16,1010.6,1959,17,1011.4,252,3,1011.5,299,9,1011.6,643,12,1011.7,940,13,1011.8,1023,14
317,2025-11-26 12:22:09+05:30,1011.4,3,999.39,6120554,424992.0,400363.0,986.2,1012.2,981.3,986.2,120461250,1084.8,887.6,1102.5,649.1,1011.0,87,1,1010.9,1005,9,1010.8,2969,17,1010.7,2479,16,1010.6,1959,17,1011.4,252,3,1011.5,299,9,1011.6,643,12,1011.7,940,13,1011.8,1023,14
317,2025-11-26 12:22:09+05:30,1011.4,3,999.39,6121017,424850.0,399290.0,986.2,1012.2,981.3,986.2,120461250,1084.8,887.6,1102.5,649.1,1011.4,21,1,1011.2,76,1,1011.1,271,3,1011.0,507,5,1010.9,872,9,1011.5,6,2,1011.6,327,4,1011.7,763,12,1011.8,933,13,1011.9,969,15
317,2025-11-26 12:22:10+05:30,1011.2,48,999.39,6121017,424850.0,399290.0,986.2,1012.2,981.3,986.2,120461250,1084.8,887.6,1102.5,649.1,1011.4,21,1,1011.2,76,1,1011.1,271,3,1011.0,507,5,1010.9,872,9,1011.5,6,2,1011.6,327,4,1011.7,763,12,1011.8,933,13,1011.9,969,15
317,2025-11-26 12:22:10+05:30,1011.2,48,999.39,6121164,424338.0,401543.0,986.2,1012.2,981.3,986.2,120461250,1084.8,887.6,1102.5,649.1,1011.3,24,1,1011.2,92,2,1011.0,699,3,1010.9,847,7,1010.8,3117,20,1011.5,180,3,1011.6,421,5,1011.7,929,15,1011.8,1135,14,1011.9,974,16
317,2025-11-26 12:22:11+05:30,1011.5,1,999.39,6121164,424338.0,401543.0,986.2,1012.2,981.3,986.2,120461250,1084.8,887.6,1102.5,649.1,1011.3,24,1,1011.2,92,2,1011.0,699,3,1010.9,851,8,1010.8,3968,21,1011.5,179,3,1011.6,446,6,1011.7,929,15,1011.8,1135,14,1011.9,974,16
317,2025-11-26 12:22:11+05:30,1011.5,1,999.39,6121165,425049.0,401387.0,986.2,1012.2,981.3,986.2,120461250,1084.8,887.6,1102.5,649.1,1011.3,24,1,1011.2,92,2,1011.0,699,3,1010.9,851,8,1010.8,3968,21,1011.5,179,3,1011.6,446,6,1011.7,929,15,1011.8,1135,14,1011.9,974,16
317,2025-11-26 12:22:12+05:30,1011.3,1,999.39,6121165,425049.0,401387.0,986.2,1012.2,981.3,986.2,120461250,1084.8,887.6,1102.5,649.1,1011.3,23,1,1011.2,91,1,1011.0,699,3,1010.9,882,9,1010.8,3874,20,1011.4,99,1,1011.5,376,6,1011.6,472,8,1011.7,903,13,1011.8,1041,13
317,2025-11-26 12:22:12+05:30,1011.3,1,999.39,6121168,426632.0,401631.0,986.2,1012.2,981.3,986.2,120461250,1084.8,887.6,1102.5,649.1,1011.3,23,1,1011.2,91,1,1011.0,699,3,1010.9,882,9,1010.8,3874,20,1011.4,99,1,1011.5,376,6,1011.6,472,8,1011.7,903,13,1011.8,1041,13
317,2025-11-26 12:22:13+05:30,1011.4,28,999.39,6121168,426632.0,401631.0,986.2,1012.2,981.3,986.2,120461250,1084.8,887.6,1102.5,649.1,1011.3,23,1,1011.2,91,1,1011.0,699,3,1010.9,882,9,1010.8,3874,20,1011.4,99,1,1011.5,376,6,1011.6,472,8,1011.7,903,13,1011.8,1041,13
317,2025-11-26 12:22:13+05:30,1011.4,28,999.39,6121299,426507.0,401554.0,986.2,1012.2,981.3,986.2,120461250,1084.8,887.6,1102.5,649.1,1011.3,19,1,1011.2,91,1,1011.1,96,1,1011.0,826,4,1010.9,788,8,1011.4,121,2,1011.5,292,5,1011.6,472,8,1011.7,903,13,1011.8,718,13
317,2025-11-26 12:22:14+05:30,1011.4,3,999.39,6121299,426507.0,401554.0,986.2,1012.2,981.3,986.2,120461250,1084.8,887.6,1102.5,649.1,1011.3,19,1,1011.2,91,1,1011.1,96,1,1011.0,951,6,1010.9,788,8,1011.4,97,2,1011.5,184,4,1011.6,378,7,1011.7,997,14,1011.8,618,11
317,2025-11-26 12:22:14+05:30,1011.4,3,999.39,6121520,426575.0,401262.0,986.2,1012.2,981.3,986.2,120461250,1084.8,887.6,1102.5,649.1,1011.3,19,1,1011.2,91,1,1011.1,96,1,1011.0,951,6,1010.9,788,8,1011.4,97,2,1011.5,184,4,1011.6,378,7,1011.7,997,14,1011.8,618,11
317,2025-11-26 12:22:15+05:30,1011.4,2,999.39,6121520,426575.0,401262.0,986.2,1012.2,981.3,986.2,120461250,1084.8,887.6,1102.5,649.1,1011.3,19,1,1011.2,91,1,1011.1,96,1,1011.0,951,6,1010.9,788,8,1011.4,97,2,1011.5,184,4,1011.6,378,7,1011.7,997,14,1011.8,618,11
317,2025-11-26 12:22:15+05:30,1011.4,2,999.39,6121522,426550.0,401470.0,986.2,1012.2,981.3,986.2,120461250,1084.8,887.6,1102.5,649.1,1011.3,19,1,1011.2,91,1,1011.1,96,1,1011.0,951,6,1010.9,788,8,1011.4,95,2,1011.5,314,6,1011.6,378,7,1011.7,997,14,1011.8,916,12
317,2025-11-26 12:22:16+05:30,1011.4,4,999.39,6121522,426550.0,401470.0,986.2,1012.2,981.3,986.2,120461250,1084.8,887.6,1102.5,649.1,1011.3,19,1,1011.2,91,1,1011.1,96,1,1011.0,951,6,1010.9,788,8,1011.4,95,2,1011.5,314,6,1011.6,378,7,1011.7,997,14,1011.8,916,12
317,2025-11-26 12:22:16+05:30,1011.4,4,999.39,6121573,426550.0,401531.0,986.2,1012.2,981.3,986.2,120461250,1084.8,887.6,1102.5,649.1,1011.3,19,1,1011.2,91,1,1011.1,96,1,1011.0,857,5,1010.9,882,9,1011.4,145,2,1011.5,327,7,1011.6,429,7,1011.7,903,13,1011.8,916,12
317,2025-11-26 12:22:17+05:30,1011.3,100,999.39,6121573,426550.0,401531.0,986.2,1012.2,981.3,986.2,120461250,1084.8,887.6,1102.5,649.1,1011.3,19,1,1011.2,91,1,1011.1,96,1,1011.0,857,5,1010.9,882,9,1011.4,145,2,1011.5,327,7,1011.6,429,7,1011.7,903,13,1011.8,916,12
317,2025-11-26 12:22:17+05:30,1011.3,100,999.39,6121969,424343.0,402072.0,986.2,1012.2,981.3,986.2,120461250,1084.8,887.6,1102.5,649.1,1011.1,94,1,1011.0,150,5,1010.9,828,8,1010.8,3184,20,1010.7,2738,23,1011.3,1,1,1011.4,44,1,1011.5,350,8,1011.6,520,8,1011.7,1183,15
317,2025-11-26 12:22:18+05:30,1011.0,32,999.39,6121969,424343.0,402072.0,986.2,1012.2,981.3,986.2,120461250,1084.8,887.6,1102.5,649.1,1011.1,94,1,1011.0,150,5,1010.9,828,8,1010.8,3184,20,1010.7,2738,23,1011.3,1,1,1011.4,44,1,1011.5,350,8,1011.6,520,8,1011.7,1183,15
317,2025-11-26 12:22:18+05:30,1011.0,32,999.39,6122028,424434.0,402655.0,986.2,1012.2,981.3,986.2,120461250,1084.8,887.6,1102.5,649.1,1011.0,62,1,1010.9,867,7,1010.8,3184,20,1010.7,2738,23,1010.6,1880,12,1011.3,101,1,1011.4,393,3,1011.5,484,8,1011.6,520,8,1011.7,1189,16
317,2025-11-26 12:22:19+05:30,1011.0,32,999.39,6122028,424046.0,402683.0,986.2,1012.2,981.3,986.2,120461250,1084.8,887.6,1102.5,649.1,1011.0,94,1,1010.9,894,8,1010.8,3184,20,1010.7,2738,23,1010.6,1913,13,1011.3,101,1,1011.4,370,2,1011.5,440,9,1011.6,622,10,1011.7,1213,15
317,2025-11-26 12:22:20+05:30,1011.3,50,999.39,6122028,424046.0,402683.0,986.2,1012.2,981.3,986.2,120461250,1084.8,887.6,1102.5,649.1,1011.0,94,1,1010.9,894,8,1010.8,3184,20,1010.7,2738,23,1010.6,1913,13,1011.3,101,1,1011.4,370,2,1011.5,440,9,1011.6,622,10,1011.7,1213,15
317,2025-11-26 12:22:20+05:30,1011.3,50,999.39,6122079,423759.0,402706.0,986.2,1012.2,981.3,986.2,120461250,1084.8,887.6,1102.5,649.1,1010.9,924,9,1010.8,3278,21,1010.7,2738,23,1010.6,1913,13,1010.5,2856,17,1011.3,50,1,1011.4,326,1,1011.5,440,9,1011.6,686,11,1011.7,1186,14
317,2025-11-26 12:22:21+05:30,1011.3,8,999.39,6122079,423759.0,402706.0,986.2,1012.2,981.3,986.2,120461250,1084.8,887.6,1102.5,649.1,1010.9,924,9,1010.8,3278,21,1010.7,2738,23,1010.6,1913,13,1010.5,2856,17,1011.3,50,1,1011.4,326,1,1011.5,440,9,1011.6,686,11,1011.7,1186,14
317,2025-11-26 12:22:21+05:30,1011.4,277,999.39,6122978,425138.0,400791.0,986.2,1012.2,981.3,986.2,120461250,1084.8,887.6,1102.5,649.1,1011.1,87,1,1011.0,383,6,1010.9,937,10,1010.8,3389,23,1010.7,2622,22,1011.4,49,1,1011.5,331,8,1011.6,322,5,1011.7,863,11,1011.8,652,13
317,2025-11-26 12:22:22+05:30,1011.0,2,999.39,6122978,425138.0,400791.0,986.2,1012.2,981.3,986.2,120461250,1084.8,887.6,1102.5,649.1,1011.1,87,1,1011.0,383,6,1010.9,937,10,1010.8,3389,23,1010.7,2622,22,1011.4,49,1,1011.5,331,8,1011.6,322,5,1011.7,863,11,1011.8,652,13
317,2025-11-26 12:22:22+05:30,1011.3,4,999.39,6122998,425317.0,401649.0,986.2,1012.2,981.3,986.2,120461250,1084.8,887.6,1102.5,649.1,1011.0,381,6,1010.9,1024,11,1010.8,3415,25,1010.7,2619,21,1010.6,1739,12,1011.3,2,1,1011.4,39,1,1011.5,505,9,1011.6,335,6,1011.7,878,12
317,2025-11-26 12:22:23+05:30,1011.0,1,999.39,6122998,425317.0,401649.0,986.2,1012.2,981.3,986.2,120461250,1084.8,887.6,1102.5,649.1,1011.0,381,6,1010.9,1024,11,1010.8,3415,25,1010.7,2619,21,1010.6,1739,12,1011.3,2,1,1011.4,39,1,1011.5,505,9,1011.6,335,6,1011.7,878,12
317,2025-11-26 12:22:23+05:30,1011.0,1,999.39,6123301,425263.0,401945.0,986.2,1012.2,981.3,986.2,120461250,1084.8,887.6,1102.5,649.1,1011.0,272,7,1010.9,1104,11,1010.8,3316,23,1010.7,2521,20,1010.6,1913,13,1011.3,2,1,1011.4,115,3,1011.5,502,9,1011.6,380,7,1011.7,890,15
317,2025-11-26 12:22:24+05:30,1011.3,2,999.39,6123301,425263.0,401945.0,986.2,1012.2,981.3,986.2,120461250,1084.8,887.6,1102.5,649.1,1011.0,272,7,1010.9,1104,11,1010.8,3316,23,1010.7,2521,20,1010.6,1913,13,1011.3,2,1,1011.4,115,3,1011.5,502,9,1011.6,380,7,1011.7,890,15
317,2025-11-26 12:22:25+05:30,1011.3,2,999.39,6123303,425370.0,401840.0,986.2,1012.2,981.3,986.2,120461250,1084.8,887.6,1102.5,649.1,1011.1,87,1,1011.0,121,5,1010.9,988,8,1010.8,3251,21,1010.7,2521,20,1011.4,115,3,1011.5,503,8,1011.6,375,6,1011.7,880,14,1011.8,691,13
317,2025-11-26 12:22:25+05:30,1011.4,11,999.39,6123303,425370.0,401840.0,986.2,1012.2,981.3,986.2,120461250,1084.8,887.6,1102.5,649.1,1011.1,87,1,1011.0,121,5,1010.9,988,8,1010.8,3251,21,1010.7,2521,20,1011.4,115,3,1011.5,503,8,1011.6,375,6,1011.7,880,14,1011.8,691,13
317,2025-11-26 12:22:26+05:30,1011.4,2,999.39,6123333,425451.0,401880.0,986.2,1012.2,981.3,986.2,120461250,1084.8,887.6,1102.5,649.1,1011.0,205,5,1010.9,1016,9,1010.8,3254,22,1010.7,2521,20,1010.6,1821,11,1011.4,85,3,1011.5,470,7,1011.6,350,5,1011.7,840,8,1011.8,1056,19
317,2025-11-26 12:22:26+05:30,1011.4,4,999.39,6123333,425451.0,401880.0,986.2,1012.2,981.3,986.2,120461250,1084.8,887.6,1102.5,649.1,1011.0,205,5,1010.9,1016,9,1010.8,3254,22,1010.7,2521,20,1010.6,1821,11,1011.4,85,3,1011.5,470,7,1011.6,350,5,1011.7,840,8,1011.8,1056,19
317,2025-11-26 12:22:26+05:30,1011.4,4,999.39,6123524,425774.0,401258.0,986.2,1012.2,981.3,986.2,120461250,1084.8,887.6,1102.5,649.1,1011.1,174,2,1011.0,432,8,1010.9,1039,9,1010.8,3365,23,1010.7,2596,21,1011.4,9,1,1011.5,190,5,1011.6,344,6,1011.7,659,7,1011.8,796,20
317,2025-11-26 12:22:27+05:30,1011.1,28,999.39,6123524,425774.0,401258.0,986.2,1012.2,981.3,986.2,120461250,1084.8,887.6,1102.5,649.1,1011.1,174,2,1011.0,432,8,1010.9,1039,9,1010.8,3365,23,1010.7,2596,21,1011.4,9,1,1011.5,190,5,1011.6,344,6,1011.7,659,7,1011.8,796,20
317,2025-11-26 12:22:27+05:30,1011.1,28,999.39,6123552,425756.0,401408.0,986.2,1012.2,981.3,986.2,120461250,1084.8,887.6,1102.5,649.1,1011.1,72,2,1011.0,503,7,1010.9,1042,10,1010.8,3365,23,1010.7,2596,21,1011.4,9,1,1011.5,334,6,1011.6,344,6,1011.7,686,8,1011.8,1094,21
317,2025-11-26 12:22:28+05:30,1011.4,25,999.39,6123552,425756.0,401408.0,986.2,1012.2,981.3,986.2,120461250,1084.8,887.6,1102.5,649.1,1011.1,72,2,1011.0,503,7,1010.9,1042,10,1010.8,3365,23,1010.7,2596,21,1011.4,9,1,1011.5,334,6,1011.6,344,6,1011.7,686,8,1011.8,1094,21
317,2025-11-26 12:22:28+05:30,1011.4,25,999.39,6123577,425945.0,400695.0,986.2,1012.2,981.3,986.2,120461250,1084.8,887.6,1102.5,649.1,1011.1,13,1,1011.0,806,10,1010.9,1100,11,1010.8,3365,23,1010.7,2596,21,1011.4,13,1,1011.5,186,4,1011.6,344,6,1011.7,472,5,1011.8,1060,21
317,2025-11-26 12:22:29+05:30,1011.4,5,999.39,6123577,425945.0,400695.0,986.2,1012.2,981.3,986.2,120461250,1084.8,887.6,1102.5,649.1,1011.1,13,1,1011.0,806,10,1010.9,1100,11,1010.8,3365,23,1010.7,2596,21,1011.4,13,1,1011.5,186,4,1011.6,344,6,1011.7,472,5,1011.8,1060,21
317,2025-11-26 12:22:29+05:30,1011.4,5,999.39,6123584,426001.0,400787.0,986.2,1012.2,981.3,986.2,120461250,1084.8,887.6,1102.5,649.1,1011.1,12,1,1011.0,582,7,1010.9,1030,9,1010.8,3365,23,1010.7,2596,21,1011.4,7,1,1011.5,353,7,1011.6,426,8,1011.7,508,7,1011.8,1047,20
317,2025-11-26 12:22:30+05:30,1011.4,29,999.39,6123584,426001.0,400787.0,986.2,1012.2,981.3,986.2,120461250,1084.8,887.6,1102.5,649.1,1011.1,12,1,1011.0,582,7,1010.9,1030,9,1010.8,3365,23,1010.7,2596,21,1011.4,7,1,1011.5,353,7,1011.6,426,8,1011.7,508,7,1011.8,1047,20
317,2025-11-26 12:22:30+05:30,1011.1,8,999.39,6123647,425364.0,401220.0,986.2,1012.2,981.3,986.2,120461250,1084.8,887.6,1102.5,649.1,1011.1,4,1,1011.0,207,4,1010.9,1260,13,1010.8,3365,23,1010.7,2596,21,1011.4,5,1,1011.5,454,8,1011.6,594,9,1011.7,527,8,1011.8,1018,18
317,2025-11-26 12:22:31+05:30,1011.4,1,999.39,6123647,425364.0,401220.0,986.2,1012.2,981.3,986.2,120461250,1084.8,887.6,1102.5,649.1,1011.1,4,1,1011.0,207,4,1010.9,1260,13,1010.8,3365,23,1010.7,2596,21,1011.4,5,1,1011.5,454,8,1011.6,594,9,1011.7,527,8,1011.8,1018,18
317,2025-11-26 12:22:31+05:30,1011.2,22,999.39,6123931,425742.0,400815.0,986.2,1012.2,981.3,986.2,120461250,1084.8,887.6,1102.5,649.1,1011.1,225,4,1011.0,637,9,1010.9,1148,12,1010.8,3365,23,1010.7,2596,21,1011.4,4,1,1011.5,191,5,1011.6,172,5,1011.7,600,8,1011.8,691,16
317,2025-11-26 12:22:32+05:30,1011.5,20,999.39,6123931,425742.0,400815.0,986.2,1012.2,981.3,986.2,120461250,1084.8,887.6,1102.5,649.1,1011.1,225,4,1011.0,637,9,1010.9,1148,12,1010.8,3365,23,1010.7,2596,21,1011.4,4,1,1011.5,191,5,1011.6,172,5,1011.7,600,8,1011.8,691,16
317,2025-11-26 12:22:33+05:30,1011.5,5,999.39,6124129,424050.0,399620.0,986.2,1012.2,981.3,986.2,120461250,1084.8,887.6,1102.5,649.1,1011.2,126,2,1011.1,256,3,1011.0,661,11,1010.9,1197,12,1010.8,2761,24,1011.5,1,1,1011.6,305,6,1011.7,445,5,1011.8,928,18,1011.9,1126,17
317,2025-11-26 12:22:33+05:30,1011.5,5,999.39,6124129,424050.0,399620.0,986.2,1012.2,981.3,986.2,120461250,1084.8,887.6,1102.5,649.1,1011.2,126,2,1011.1,256,3,1011.0,661,11,1010.9,1197,12,1010.8,2761,24,1011.5,1,1,1011.6,305,6,1011.7,445,5,1011.8,928,18,1011.9,1126,17
317,2025-11-26 12:22:33+05:30,1011.5,5,999.39,6124129,423990.0,399622.0,986.2,1012.2,981.3,986.2,120461250,1084.8,887.6,1102.5,649.1,1011.2,130,3,1011.1,252,2,1011.0,742,12,1010.9,1197,12,1010.8,2680,23,1011.5,1,1,1011.6,304,5,1011.7,446,6,1011.8,928,18,1011.9,1126,17
317,2025-11-26 12:22:34+05:30,1011.3,10,999.39,6124129,423990.0,399622.0,986.2,1012.2,981.3,986.2,120461250,1084.8,887.6,1102.5,649.1,1011.2,130,3,1011.1,252,2,1011.0,742,12,1010.9,1197,12,1010.8,2680,23,1011.5,1,1,1011.6,304,5,1011.7,446,6,1011.8,928,18,1011.9,1126,17
317,2025-11-26 12:22:35+05:30,1011.3,10,999.39,6124144,426685.0,399572.0,986.2,1012.2,981.3,986.2,120461250,1084.8,887.6,1102.5,649.1,1011.3,147,2,1011.2,130,3,1011.1,79,2,1011.0,611,10,1010.9,1278,13,1011.4,30,2,1011.5,1,1,1011.6,385,6,1011.7,397,7,1011.8,941,19
317,2025-11-26 12:22:35+05:30,1011.4,65,999.39,6124144,426685.0,399572.0,986.2,1012.2,981.3,986.2,120461250,1084.8,887.6,1102.5,649.1,1011.3,147,2,1011.2,130,3,1011.1,79,2,1011.0,611,10,1010.9,1278,13,1011.4,30,2,1011.5,1,1,1011.6,385,6,1011.7,397,7,1011.8,941,19
317,2025-11-26 12:22:36+05:30,1011.4,65,999.39,6124144,426685.0,399572.0,986.2,1012.2,981.3,986.2,120461250,1084.8,887.6,1102.5,649.1,1011.3,147,2,1011.2,130,3,1011.1,79,2,1011.0,611,10,1010.9,1278,13,1011.4,30,2,1011.5,1,1,1011.6,385,6,1011.7,397,7,1011.8,941,19
317,2025-11-26 12:22:36+05:30,1011.5,1,999.39,6124417,426108.0,398718.0,986.2,1012.2,981.3,986.2,120461250,1084.8,887.6,1102.5,649.1,1011.5,52,3,1011.4,71,2,1011.3,156,4,1011.2,450,5,1011.1,784,6,1011.6,78,3,1011.7,51,2,1011.8,520,16,1011.9,1061,16,1012.0,9569,62
317,2025-11-26 12:22:36+05:30,1011.5,1,999.39,6124417,426108.0,398718.0,986.2,1012.2,981.3,986.2,120461250,1084.8,887.6,1102.5,649.1,1011.5,52,3,1011.4,71,2,1011.3,156,4,1011.2,450,5,1011.1,784,6,1011.6,78,3,1011.7,51,2,1011.8,520,16,1011.9,1061,16,1012.0,9569,62
317,2025-11-26 12:22:36+05:30,1011.6,177,999.39,6124417,426108.0,398718.0,986.2,1012.2,981.3,986.2,120461250,1084.8,887.6,1102.5,649.1,1011.5,52,3,1011.4,71,2,1011.3,156,4,1011.2,450,5,1011.1,784,6,1011.6,78,3,1011.7,51,2,1011.8,520,16,1011.9,1061,16,1012.0,9569,62
317,2025-11-26 12:22:37+05:30,1011.6,177,999.39,6124417,426108.0,398718.0,986.2,1012.2,981.3,986.2,120461250,1084.8,887.6,1102.5,649.1,1011.5,52,3,1011.4,71,2,1011.3,156,4,1011.2,450,5,1011.1,784,6,1011.6,78,3,1011.7,51,2,1011.8,520,16,1011.9,1061,16,1012.0,9569,62
317,2025-11-26 12:22:37+05:30,1011.7,1,999.39,6124698,425833.0,398431.0,986.2,1012.2,981.3,986.2,120461250,1084.8,887.6,1102.5,649.1,1011.5,50,1,1011.4,50,1,1011.3,290,5,1011.2,436,6,1011.1,1334,11,1011.7,50,2,1011.8,339,14,1011.9,1440,18,1012.0,9271,61,1012.1,874,11
317,2025-11-26 12:22:37+05:30,1011.7,1,999.39,6124698,425833.0,398431.0,986.2,1012.2,981.3,986.2,120461250,1084.8,887.6,1102.5,649.1,1011.5,50,1,1011.4,50,1,1011.3,290,5,1011.2,436,6,1011.1,1334,11,1011.7,50,2,1011.8,339,14,1011.9,1440,18,1012.0,9271,61,1012.1,874,11
317,2025-11-26 12:22:37+05:30,1011.7,1,999.39,6124698,425833.0,398431.0,986.2,1012.2,981.3,986.2,120461250,1084.8,887.6,1102.5,649.1,1011.5,50,1,1011.4,50,1,1011.3,290,5,1011.2,436,6,1011.1,1334,11,1011.7,50,2,1011.8,339,14,1011.9,1440,18,1012.0,9271,61,1012.1,874,11
317,2025-11-26 12:22:37+05:30,1011.7,1,999.39,6124698,425833.0,398431.0,986.2,1012.2,981.3,986.2,120461250,1084.8,887.6,1102.5,649.1,1011.5,50,1,1011.4,50,1,1011.3,290,5,1011.2,436,6,1011.1,1334,11,1011.7,50,2,1011.8,339,14,1011.9,1440,18,1012.0,9271,61,1012.1,874,11
317,2025-11-26 12:22:38+05:30,1011.7,81,999.39,6124829,426484.0,398255.0,986.2,1012.2,981.3,986.2,120461250,1084.8,887.6,1102.5,649.1,1011.5,156,3,1011.4,571,3,1011.3,485,7,1011.2,428,6,1011.1,1173,9,1011.7,37,1,1011.8,275,10,1011.9,1008,20,1012.0,9124,59,1012.1,899,10
317,2025-11-26 12:22:38+05:30,1011.7,81,999.39,6124829,426484.0,398255.0,986.2,1012.2,981.3,986.2,120461250,1084.8,887.6,1102.5,649.1,1011.5,156,3,1011.4,571,3,1011.3,485,7,1011.2,428,6,1011.1,1173,9,1011.7,37,1,1011.8,275,10,1011.9,1008,20,1012.0,9124,59,1012.1,899,10
317,2025-11-26 12:22:38+05:30,1011.7,81,999.39,6124829,426484.0,398255.0,986.2,1012.2,981.3,986.2,120461250,1084.8,887.6,1102.5,649.1,1011.5,156,3,1011.4,571,3,1011.3,485,7,1011.2,428,6,1011.1,1173,9,1011.7,37,1,1011.8,275,10,1011.9,1008,20,1012.0,9124,59,1012.1,899,10
317,2025-11-26 12:22:38+05:30,1011.7,81,999.39,6124829,426484.0,398255.0,986.2,1012.2,981.3,986.2,120461250,1084.8,887.6,1102.5,649.1,1011.5,156,3,1011.4,571,3,1011.3,485,7,1011.2,428,6,1011.1,1173,9,1011.7,37,1,1011.8,275,10,1011.9,1008,20,1012.0,9124,59,1012.1,899,10
317,2025-11-26 12:22:39+05:30,1011.7,81,999.39,6124829,426484.0,398255.0,986.2,1012.2,981.3,986.2,120461250,1084.8,887.6,1102.5,649.1,1011.5,156,3,1011.4,571,3,1011.3,485,7,1011.2,428,6,1011.1,1173,9,1011.7,37,1,1011.8,275,10,1011.9,1008,20,1012.0,9124,59,1012.1,899,10
317,2025-11-26 12:22:39+05:30,1011.7,81,999.39,6124829,425553.0,398346.0,986.2,1012.2,981.3,986.2,120461250,1084.8,887.6,1102.5,649.1,1011.5,54,2,1011.4,55,3,1011.3,257,3,1011.2,572,8,1011.1,1293,11,1011.7,38,2,1011.8,296,10,1011.9,1290,23,1012.0,9163,60,1012.1,938,11
317,2025-11-26 12:22:39+05:30,1011.7,81,999.39,6124829,425553.0,398346.0,986.2,1012.2,981.3,986.2,120461250,1084.8,887.6,1102.5,649.1,1011.5,54,2,1011.4,55,3,1011.3,257,3,1011.2,572,8,1011.1,1293,11,1011.7,38,2,1011.8,296,10,1011.9,1290,23,1012.0,9163,60,1012.1,938,11
317,2025-11-26 12:22:40+05:30,1011.7,81,999.39,6124829,425553.0,398346.0,986.2,1012.2,981.3,986.2,120431250,1084.8,887.6,1102.5,649.1,1011.5,54,2,1011.4,55,3,1011.3,257,3,1011.2,572,8,1011.1,1293,11,1011.7,38,2,1011.8,296,10,1011.9,1290,23,1012.0,9163,60,1012.1,938,11
317,2025-11-26 12:22:40+05:30,1011.8,1,999.39,6125332,424833.0,398472.0,986.2,1012.2,981.3,986.2,120431250,1084.8,887.6,1102.5,649.1,1011.5,54,2,1011.4,55,3,1011.3,416,4,1011.2,653,8,1011.1,1293,11,1011.8,154,4,1011.9,1052,22,1012.0,9245,61,1012.1,858,10,1012.2,3599,13
317,2025-11-26 12:22:40+05:30,1011.8,1,999.39,6125332,424833.0,398472.0,986.2,1012.2,981.3,986.2,120431250,1084.8,887.6,1102.5,649.1,1011.5,54,2,1011.4,55,3,1011.3,416,4,1011.2,653,8,1011.1,1293,11,1011.8,154,4,1011.9,1052,22,1012.0,9245,61,1012.1,858,10,1012.2,3599,13
317,2025-11-26 12:22:40+05:30,1011.8,1,999.39,6125332,424833.0,398472.0,986.2,1012.2,981.3,986.2,120431250,1084.8,887.6,1102.5,649.1,1011.5,54,2,1011.4,55,3,1011.3,416,4,1011.2,653,8,1011.1,1293,11,1011.8,154,4,1011.9,1052,22,1012.0,9245,61,1012.1,858,10,1012.2,3599,13
317,2025-11-26 12:22:40+05:30,1011.8,1,999.39,6125332,424833.0,398472.0,986.2,1012.2,981.3,986.2,120431250,1084.8,887.6,1102.5,649.1,1011.5,54,2,1011.4,55,3,1011.3,416,4,1011.2,653,8,1011.1,1293,11,1011.8,154,4,1011.9,1052,22,1012.0,9245,61,1012.1,858,10,1012.2,3599,13
317,2025-11-26 12:22:41+05:30,1011.8,2,999.39,6125334,424770.0,398564.0,986.2,1012.2,981.3,986.2,120431250,1084.8,887.6,1102.5,649.1,1011.5,67,3,1011.4,57,4,1011.3,416,4,1011.2,650,7,1011.1,1357,15,1011.8,257,5,1011.9,1319,17,1012.0,9113,59,1012.1,858,10,1012.2,3599,13
317,2025-11-26 12:22:41+05:30,1011.8,2,999.39,6125334,424770.0,398564.0,986.2,1012.2,981.3,986.2,120431250,1084.8,887.6,1102.5,649.1,1011.5,67,3,1011.4,57,4,1011.3,416,4,1011.2,650,7,1011.1,1357,15,1011.8,257,5,1011.9,1319,17,1012.0,9113,59,1012.1,858,10,1012.2,3599,13
317,2025-11-26 12:22:42+05:30,1011.4,13,999.39,6125414,427332.0,398502.0,986.2,1012.2,981.3,986.2,120431250,1084.8,887.6,1102.5,649.1,1011.4,42,3,1011.3,563,4,1011.2,2061,11,1011.1,1051,14,1011.0,1660,14,1011.6,35,1,1011.7,1,1,1011.8,331,6,1011.9,1083,19,1012.0,9572,66
317,2025-11-26 12:22:42+05:30,1011.4,13,999.39,6125414,427332.0,398502.0,986.2,1012.2,981.3,986.2,120431250,1084.8,887.6,1102.5,649.1,1011.4,42,3,1011.3,563,4,1011.2,2061,11,1011.1,1051,14,1011.0,1660,14,1011.6,35,1,1011.7,1,1,1011.8,331,6,1011.9,1083,19,1012.0,9572,66
317,2025-11-26 12:22:43+05:30,1011.6,5,999.39,6125423,428587.0,398976.0,986.2,1012.2,981.3,986.2,120431250,1084.8,887.6,1102.5,649.1,1011.4,42,3,1011.3,645,5,1011.2,2788,13,1011.1,2265,15,1011.0,1005,15,1011.6,26,1,1011.7,1,1,1011.8,230,5,1011.9,1088,19,1012.0,9572,66
317,2025-11-26 12:22:43+05:30,1011.6,5,999.39,6125423,428587.0,398976.0,986.2,1012.2,981.3,986.2,120431250,1084.8,887.6,1102.5,649.1,1011.4,42,3,1011.3,645,5,1011.2,2788,13,1011.1,2265,15,1011.0,1005,15,1011.6,26,1,1011.7,1,1,1011.8,230,5,1011.9,1088,19,1012.0,9572,66
317,2025-11-26 12:22:44+05:30,1011.6,3,999.39,6125431,428432.0,399187.0,986.2,1012.2,981.3,986.2,120431250,1084.8,887.6,1102.5,649.1,1011.4,42,3,1011.3,819,6,1011.2,2817,14,1011.1,2310,16,1011.0,1005,15,1011.6,18,1,1011.7,1,1,1011.8,326,6,1011.9,1025,18,1012.0,9212,65
317,2025-11-26 12:22:44+05:30,1011.6,3,999.39,6125431,428432.0,399187.0,986.2,1012.2,981.3,986.2,120431250,1084.8,887.6,1102.5,649.1,1011.4,42,3,1011.3,819,6,1011.2,2817,14,1011.1,2310,16,1011.0,1005,15,1011.6,18,1,1011.7,1,1,1011.8,326,6,1011.9,1025,18,1012.0,9212,65
317,2025-11-26 12:22:45+05:30,1011.6,2,999.39,6125433,428432.0,399206.0,986.2,1012.2,981.3,986.2,120431250,1084.8,887.6,1102.5,649.1,1011.4,42,3,1011.3,819,6,1011.2,2817,14,1011.1,2310,16,1011.0,1005,15,1011.6,16,1,1011.7,1,1,1011.8,326,6,1011.9,1025,18,1012.0,9233,66
317,2025-11-26 12:22:45+05:30,1011.6,2,999.39,6125433,428432.0,399206.0,986.2,1012.2,981.3,986.2,120431250,1084.8,887.6,1102.5,649.1,1011.4,42,3,1011.3,819,6,1011.2,2817,14,1011.1,2310,16,1011.0,1005,15,1011.6,16,1,1011.7,1,1,1011.8,326,6,1011.9,1025,18,1012.0,9233,66
317,2025-11-26 12:22:46+05:30,1011.6,1,999.39,6125434,428751.0,399400.0,986.2,1012.2,981.3,986.2,120431250,1084.8,887.6,1102.5,649.1,1011.4,42,3,1011.3,857,7,1011.2,2919,15,1011.1,2480,17,1011.0,1005,15,1011.6,15,1,1011.7,1,1,1011.8,326,6,1011.9,999,16,1012.0,9461,62
317,2025-11-26 12:22:46+05:30,1011.6,1,999.39,6125434,428751.0,399400.0,986.2,1012.2,981.3,986.2,120431250,1084.8,887.6,1102.5,649.1,1011.4,42,3,1011.3,857,7,1011.2,2919,15,1011.1,2480,17,1011.0,1005,15,1011.6,15,1,1011.7,1,1,1011.8,326,6,1011.9,999,16,1012.0,9461,62
317,2025-11-26 12:22:47+05:30,1011.4,1,999.4,6125767,427454.0,398879.0,986.2,1012.2,981.3,986.2,120431250,1084.8,887.6,1102.5,649.1,1011.4,80,2,1011.3,361,3,1011.2,3191,16,1011.1,2401,16,1011.0,940,14,1011.7,100,1,1011.8,161,4,1011.9,1039,19,1012.0,9622,67,1012.1,824,10
317,2025-11-26 12:22:47+05:30,1011.4,5,999.4,6125767,427454.0,398879.0,986.2,1012.2,981.3,986.2,120431250,1084.8,887.6,1102.5,649.1,1011.4,80,2,1011.3,361,3,1011.2,3191,16,1011.1,2401,16,1011.0,940,14,1011.7,100,1,1011.8,161,4,1011.9,1039,19,1012.0,9622,67,1012.1,824,10
317,2025-11-26 12:22:48+05:30,1011.4,1,999.4,6125774,427363.0,398873.0,986.2,1012.2,981.3,986.2,120431250,1084.8,887.6,1102.5,649.1,1011.4,1,1,1011.3,361,3,1011.2,2441,15,1011.1,2483,17,1011.0,1005,15,1011.7,99,1,1011.8,459,8,1011.9,1039,19,1012.0,9622,67,1012.1,824,10
317,2025-11-26 12:22:48+05:30,1011.4,1,999.4,6125774,427363.0,398873.0,986.2,1012.2,981.3,986.2,120431250,1084.8,887.6,1102.5,649.1,1011.4,1,1,1011.3,361,3,1011.2,2441,15,1011.1,2483,17,1011.0,1005,15,1011.7,99,1,1011.8,459,8,1011.9,1039,19,1012.0,9622,67,1012.1,824,10
317,2025-11-26 12:22:49+05:30,1011.4,1,999.4,6125774,427373.0,398878.0,986.2,1012.2,981.3,986.2,120431250,1084.8,887.6,1102.5,649.1,1011.4,11,2,1011.3,443,4,1011.2,2359,14,1011.1,2483,17,1011.0,1005,15,1011.7,99,1,1011.8,459,8,1011.9,1039,19,1012.0,9622,67,1012.1,824,10
317,2025-11-26 12:22:50+05:30,1011.7,1,999.4,6125775,427372.0,398931.0,986.2,1012.2,981.3,986.2,120431250,1084.8,887.6,1102.5,649.1,1011.4,11,2,1011.3,443,4,1011.2,2357,13,1011.1,2483,17,1011.0,1006,16,1011.7,98,1,1011.8,459,8,1011.9,1073,20,1012.0,9622,67,1012.1,824,10
317,2025-11-26 12:22:50+05:30,1011.6,1,999.4,6125775,427372.0,398931.0,986.2,1012.2,981.3,986.2,120431250,1084.8,887.6,1102.5,649.1,1011.4,11,2,1011.3,443,4,1011.2,2357,13,1011.1,2483,17,1011.0,1006,16,1011.7,98,1,1011.8,459,8,1011.9,1073,20,1012.0,9622,67,1012.1,824,10
317,2025-11-26 12:22:51+05:30,1011.5,73,999.4,6126596,426626.0,399420.0,986.2,1012.2,981.3,986.2,120431250,1084.8,887.6,1102.5,649.1,1011.5,108,1,1011.3,513,4,1011.2,2055,11,1011.1,2471,17,1011.0,1146,16,1011.7,62,1,1011.8,161,4,1011.9,1100,24,1012.0,9556,63,1012.1,824,10
317,2025-11-26 12:22:51+05:30,1011.5,50,999.4,6126596,426626.0,399420.0,986.2,1012.2,981.3,986.2,120431250,1084.8,887.6,1102.5,649.1,1011.5,108,1,1011.3,513,4,1011.2,2055,11,1011.1,2471,17,1011.0,1146,16,1011.7,62,1,1011.8,161,4,1011.9,1100,24,1012.0,9556,63,1012.1,824,10
317,2025-11-26 12:22:52+05:30,1011.5,50,999.4,6126646,427451.0,399221.0,986.2,1012.2,981.3,986.2,120431250,1084.8,887.6,1102.5,649.1,1011.5,558,2,1011.3,339,3,1011.2,2027,10,1011.1,2397,16,1011.0,1220,17,1011.6,27,1,1011.7,164,2,1011.8,470,8,1011.9,1026,23,1012.0,9556,63
317,2025-11-26 12:22:52+05:30,1011.6,208,999.4,6126646,427451.0,399221.0,986.2,1012.2,981.3,986.2,120431250,1084.8,887.6,1102.5,649.1,1011.5,558,2,1011.3,339,3,1011.2,2027,10,1011.1,2397,16,1011.0,1220,17,1011.6,27,1,1011.7,164,2,1011.8,470,8,1011.9,1026,23,1012.0,9556,63
317,2025-11-26 12:22:53+05:30,1011.5,1,999.4,6127018,427872.0,399096.0,986.2,1012.2,981.3,986.2,120431250,1084.8,887.6,1102.5,649.1,1011.5,557,2,1011.4,28,1,1011.3,404,3,1011.2,2951,14,1011.1,2462,17,1011.6,48,1,1011.7,62,1,1011.8,167,4,1011.9,998,22,1012.0,9334,64
317,2025-11-26 12:22:53+05:30,1011.5,1,999.4,6127018,427872.0,399096.0,986.2,1012.2,981.3,986.2,120431250,1084.8,887.6,1102.5,649.1,1011.5,557,2,1011.4,28,1,1011.3,404,3,1011.2,2951,14,1011.1,2462,17,1011.6,48,1,1011.7,62,1,1011.8,167,4,1011.9,998,22,1012.0,9334,64
317,2025-11-26 12:22:54+05:30,1011.5,1,999.4,6127018,428389.0,398972.0,986.2,1012.2,981.3,986.2,120431250,1084.8,887.6,1102.5,649.1,1011.5,557,2,1011.3,556,5,1011.2,3064,16,1011.1,2370,13,1011.0,1205,16,1011.6,48,1,1011.7,62,1,1011.8,167,4,1011.9,998,22,1012.0,9632,65
317,2025-11-26 12:22:54+05:30,1011.6,112,999.4,6127018,428389.0,398972.0,986.2,1012.2,981.3,986.2,120431250,1084.8,887.6,1102.5,649.1,1011.5,557,2,1011.3,556,5,1011.2,3064,16,1011.1,2370,13,1011.0,1205,16,1011.6,48,1,1011.7,62,1,1011.8,167,4,1011.9,998,22,1012.0,9632,65
317,2025-11-26 12:22:55+05:30,1011.7,11,999.4,6127160,428238.0,399172.0,986.2,1012.2,981.3,986.2,120431250,1084.8,887.6,1102.5,649.1,1011.5,557,2,1011.3,596,6,1011.2,3054,15,1011.1,857,10,1011.0,2034,22,1011.7,51,1,1011.8,167,4,1011.9,908,16,1012.0,9632,65,1012.1,824,10
317,2025-11-26 12:22:55+05:30,1011.7,11,999.4,6127160,428238.0,399172.0,986.2,1012.2,981.3,986.2,120431250,1084.8,887.6,1102.5,649.1,1011.5,557,2,1011.3,596,6,1011.2,3054,15,1011.1,857,10,1011.0,2034,22,1011.7,51,1,1011.8,167,4,1011.9,908,16,1012.0,9632,65,1012.1,824,10
317,2025-11-26 12:22:56+05:30,1011.8,123,999.4,6127365,427761.0,394775.0,986.2,1012.2,981.3,986.2,120431250,1084.8,887.6,1102.5,649.1,1011.7,6,1,1011.6,241,3,1011.5,703,4,1011.4,395,5,1011.3,922,10,1011.9,442,12,1012.0,8816,58,1012.1,560,6,1012.2,3142,12,1012.3,686,11
317,2025-11-26 12:22:56+05:30,1011.7,1,999.4,6127365,427761.0,394775.0,986.2,1012.2,981.3,986.2,120431250,1084.8,887.6,1102.5,649.1,1011.7,6,1,1011.6,241,3,1011.5,703,4,1011.4,395,5,1011.3,922,10,1011.9,442,12,1012.0,8816,58,1012.1,560,6,1012.2,3142,12,1012.3,686,11
317,2025-11-26 12:22:57+05:30,1011.9,3,999.4,6127369,423737.0,397613.0,986.2,1012.2,981.3,986.2,120431250,1084.8,887.6,1102.5,649.1,1011.7,5,1,1011.6,102,1,1011.5,500,1,1011.4,109,1,1011.3,346,6,1011.9,506,14,1012.0,9582,65,1012.1,495,8,1012.2,3278,15,1012.3,906,14
317,2025-11-26 12:22:57+05:30,1011.9,3,999.4,6127369,423737.0,397613.0,986.2,1012.2,981.3,986.2,120431250,1084.8,887.6,1102.5,649.1,1011.7,5,1,1011.6,102,1,1011.5,500,1,1011.4,109,1,1011.3,346,6,1011.9,506,14,1012.0,9582,65,1012.1,495,8,1012.2,3278,15,1012.3,906,14
317,2025-11-26 12:22:58+05:30,1011.7,1,999.4,6127370,423836.0,397550.0,986.2,1012.2,981.3,986.2,120431250,1084.8,887.6,1102.5,649.1,1011.7,4,1,1011.6,102,1,1011.5,500,1,1011.4,109,1,1011.3,520,7,1011.9,691,17,1012.0,9508,64,1012.1,495,8,1012.2,3278,15,1012.3,732,13
317,2025-11-26 12:22:58+05:30,1011.7,1,999.4,6127370,423836.0,397550.0,986.2,1012.2,981.3,986.2,120431250,1084.8,887.6,1102.5,649.1,1011.7,4,1,1011.6,102,1,1011.5,500,1,1011.4,109,1,1011.3,520,7,1011.9,691,17,1012.0,9508,64,1012.1,495,8,1012.2,3278,15,1012.3,732,13
317,2025-11-26 12:22:59+05:30,1011.9,15,999.4,6127974,424945.0,397233.0,986.2,1012.2,981.3,986.2,120431250,1084.8,887.6,1102.5,649.1,1011.6,102,1,1011.4,1061,5,1011.3,1453,11,1011.2,1254,13,1011.1,1745,13,1011.9,280,3,1012.0,9226,62,1012.1,879,9,1012.2,3252,13,1012.3,732,13
317,2025-11-26 12:22:59+05:30,1011.9,15,999.4,6127974,424945.0,397233.0,986.2,1012.2,981.3,986.2,120431250,1084.8,887.6,1102.5,649.1,1011.6,102,1,1011.4,1061,5,1011.3,1453,11,1011.2,1254,13,1011.1,1745,13,1011.9,280,3,1012.0,9226,62,1012.1,879,9,1012.2,3252,13,1012.3,732,13
317,2025-11-26 12:23:00+05:30,1011.9,2,999.4,6127976,425104.0,397128.0,986.2,1012.2,981.3,986.2,120431250,1084.8,887.6,1102.5,649.1,1011.6,89,2,1011.4,1269,8,1011.3,1477,13,1011.2,1254,13,1011.1,1899,15,1011.9,278,3,1012.0,9193,61,1012.1,957,10,1012.2,3275,14,1012.3,932,16
317,2025-11-26 12:23:00+05:30,1011.9,2,999.4,6127976,425104.0,397128.0,986.2,1012.2,981.3,986.2,120431250,1084.8,887.6,1102.5,649.1,1011.6,89,2,1011.4,1269,8,1011.3,1477,13,1011.2,1254,13,1011.1,1899,15,1011.9,278,3,1012.0,9193,61,1012.1,957,10,1012.2,3275,14,1012.3,932,16
317,2025-11-26 12:23:01+05:30,1011.9,197,999.4,6128217,425197.0,397614.0,986.2,1012.2,981.3,986.2,120431250,1084.8,887.6,1102.5,649.1,1011.6,89,2,1011.5,78,1,1011.4,1089,6,1011.3,1307,12,1011.2,1356,14,1011.9,185,4,1012.0,9443,62,1012.1,581,8,1012.2,3348,14,1012.3,919,15
317,2025-11-26 12:23:01+05:30,1011.6,84,999.4,6128217,425197.0,397614.0,986.2,1012.2,981.3,986.2,120431250,1084.8,887.6,1102.5,649.1,1011.6,89,2,1011.5,78,1,1011.4,1089,6,1011.3,1307,12,1011.2,1356,14,1011.9,185,4,1012.0,9443,62,1012.1,581,8,1012.2,3348,14,1012.3,919,15
317,2025-11-26 12:23:02+05:30,1011.7,140,999.4,6128761,427115.0,399064.0,986.2,1012.2,981.3,986.2,120431250,1084.8,887.6,1102.5,649.1,1011.7,31,1,1011.5,49,1,1011.4,704,7,1011.3,1400,13,1011.2,2340,13,1011.8,10,1,1011.9,185,4,1012.0,9438,63,1012.1,819,8,1012.2,3257,13
317,2025-11-26 12:23:02+05:30,1011.7,140,999.4,6128761,427115.0,399064.0,986.2,1012.2,981.3,986.2,120431250,1084.8,887.6,1102.5,649.1,1011.7,31,1,1011.5,49,1,1011.4,704,7,1011.3,1400,13,1011.2,2340,13,1011.8,10,1,1011.9,185,4,1012.0,9438,63,1012.1,819,8,1012.2,3257,13
317,2025-11-26 12:23:03+05:30,1011.8,4,999.4,6128769,426938.0,399100.0,986.2,1012.2,981.3,986.2,120431250,1084.8,887.6,1102.5,649.1,1011.6,83,1,1011.5,170,1,1011.4,782,8,1011.3,908,11,1011.2,2262,12,1011.8,2,1,1011.9,300,5,1012.0,9842,65,1012.1,664,10,1012.2,3252,13
317,2025-11-26 12:23:03+05:30,1011.8,4,999.4,6128769,426938.0,399100.0,986.2,1012.2,981.3,986.2,120431250,1084.8,887.6,1102.5,649.1,1011.6,83,1,1011.5,170,1,1011.4,782,8,1011.3,908,11,1011.2,2262,12,1011.8,2,1,1011.9,300,5,1012.0,9842,65,1012.1,664,10,1012.2,3252,13
317,2025-11-26 12:23:04+05:30,1011.9,18,999.4,6128789,424765.0,397918.0,986.2,1012.2,981.3,986.2,120431250,1084.8,887.6,1102.5,649.1,1011.6,83,1,1011.5,33,2,1011.4,704,7,1011.3,1413,13,1011.2,1562,12,1011.9,182,4,1012.0,9732,64,1012.1,664,10,1012.2,3252,13,1012.3,938,17
317,2025-11-26 12:23:04+05:30,1011.9,18,999.4,6128789,424765.0,397918.0,986.2,1012.2,981.3,986.2,120431250,1084.8,887.6,1102.5,649.1,1011.6,83,1,1011.5,33,2,1011.4,704,7,1011.3,1413,13,1011.2,1562,12,1011.9,182,4,1012.0,9732,64,1012.1,664,10,1012.2,3252,13,1012.3,938,17
317,2025-11-26 12:23:05+05:30,1011.7,83,999.4,6128990,424677.0,397797.0,986.2,1012.2,981.3,986.2,120431250,1084.8,887.6,1102.5,649.1,1011.7,83,1,1011.6,100,1,1011.5,207,2,1011.4,337,4,1011.3,1002,11,1011.9,97,3,1012.0,9460,62,1012.1,561,10,1012.2,3252,13,1012.3,910,16
317,2025-11-26 12:23:05+05:30,1011.7,83,999.4,6128990,424677.0,397797.0,986.2,1012.2,981.3,986.2,120431250,1084.8,887.6,1102.5,649.1,1011.7,83,1,1011.6,100,1,1011.5,207,2,1011.4,337,4,1011.3,1002,11,1011.9,97,3,1012.0,9460,62,1012.1,561,10,1012.2,3252,13,1012.3,910,16
317,2025-11-26 12:23:06+05:30,1011.9,1,999.4,6129389,425137.0,397963.0,986.2,1012.2,981.3,986.2,120431250,1084.8,887.6,1102.5,649.1,1011.7,83,1,1011.6,100,1,1011.5,207,2,1011.4,493,5,1011.3,1459,13,1011.9,52,2,1012.0,9671,64,1012.1,591,11,1012.2,3252,13,1012.3,910,16
317,2025-11-26 12:23:06+05:30,1011.9,1,999.4,6129389,425137.0,397963.0,986.2,1012.2,981.3,986.2,120431250,1084.8,887.6,1102.5,649.1,1011.7,83,1,1011.6,100,1,1011.5,207,2,1011.4,493,5,1011.3,1459,13,1011.9,52,2,1012.0,9671,64,1012.1,591,11,1012.2,3252,13,1012.3,910,16
317,2025-11-26 12:23:07+05:30,1011.9,20,999.4,6129492,424495.0,398387.0,986.2,1012.2,981.3,986.2,120431250,1084.8,887.6,1102.5,649.1,1011.7,26,1,1011.6,100,1,1011.5,1,1,1011.3,827,9,1011.2,1672,15,1011.9,417,7,1012.0,9786,68,1012.1,630,12,1012.2,3252,13,1012.3,912,15
317,2025-11-26 12:23:07+05:30,1011.9,20,999.4,6129492,424495.0,398387.0,986.2,1012.2,981.3,986.2,120431250,1084.8,887.6,1102.5,649.1,1011.7,26,1,1011.6,100,1,1011.5,1,1,1011.3,827,9,1011.2,1672,15,1011.9,417,7,1012.0,9786,68,1012.1,630,12,1012.2,3252,13,1012.3,912,15
317,2025-11-26 12:23:08+05:30,1011.3,16,999.4,6129894,425423.0,399874.0,986.2,1012.2,981.3,986.2,120431250,1084.8,887.6,1102.5,649.1,1011.4,87,1,1011.3,382,3,1011.2,2237,13,1011.1,2411,12,1011.0,1271,20,1011.8,491,7,1011.9,772,12,1012.0,10119,74,1012.1,574,11,1012.2,3269,13
317,2025-11-26 12:23:08+05:30,1011.3,16,999.4,6129894,425423.0,399874.0,986.2,1012.2,981.3,986.2,120431250,1084.8,887.6,1102.5,649.1,1011.4,87,1,1011.3,382,3,1011.2,2237,13,1011.1,2411,12,1011.0,1271,20,1011.8,491,7,1011.9,772,12,1012.0,10119,74,1012.1,574,11,1012.2,3269,13
317,2025-11-26 12:23:09+05:30,1011.8,1,999.4,6129895,425539.0,400809.0,986.2,1012.2,981.3,986.2,120431250,1084.8,887.6,1102.5,649.1,1011.4,87,1,1011.3,552,4,1011.2,2237,13,1011.1,2411,12,1011.0,1271,20,1011.8,412,6,1011.9,1350,14,1012.0,10119,74,1012.1,574,11,1012.2,3269,13
317,2025-11-26 12:23:09+05:30,1011.8,1,999.4,6129895,425539.0,400809.0,986.2,1012.2,981.3,986.2,120431250,1084.8,887.6,1102.5,649.1,1011.4,87,1,1011.3,552,4,1011.2,2237,13,1011.1,2411,12,1011.0,1271,20,1011.8,412,6,1011.9,1350,14,1012.0,10119,74,1012.1,574,11,1012.2,3269,13
317,2025-11-26 12:23:10+05:30,1011.8,2,999.4,6129946,426643.0,399769.0,986.2,1012.2,981.3,986.2,120431250,1084.8,887.6,1102.5,649.1,1011.7,3,1,1011.4,87,1,1011.3,754,7,1011.2,2237,13,1011.1,2411,12,1011.8,95,2,1011.9,1272,13,1012.0,9981,73,1012.1,574,11,1012.2,3247,12
317,2025-11-26 12:23:10+05:30,1011.8,2,999.4,6129946,426643.0,399769.0,986.2,1012.2,981.3,986.2,120431250,1084.8,887.6,1102.5,649.1,1011.7,3,1,1011.4,87,1,1011.3,754,7,1011.2,2237,13,1011.1,2411,12,1011.8,95,2,1011.9,1272,13,1012.0,9981,73,1012.1,574,11,1012.2,3247,12
317,2025-11-26 12:23:11+05:30,1011.9,61,999.4,6130322,425227.0,399704.0,986.2,1012.2,981.3,986.2,120431250,1084.8,887.6,1102.5,649.1,1011.7,3,1,1011.5,2,1,1011.4,289,2,1011.3,584,6,1011.2,1492,13,1011.9,1115,11,1012.0,9871,69,1012.1,599,11,1012.2,3242,12,1012.3,777,14
317,2025-11-26 12:23:11+05:30,1011.9,61,999.4,6130322,425227.0,399704.0,986.2,1012.2,981.3,986.2,120431250,1084.8,887.6,1102.5,649.1,1011.7,3,1,1011.5,2,1,1011.4,289,2,1011.3,584,6,1011.2,1492,13,1011.9,1115,11,1012.0,9871,69,1012.1,599,11,1012.2,3242,12,1012.3,777,14
317,2025-11-26 12:23:12+05:30,1011.4,138,999.41,6130698,426510.0,399563.0,986.2,1012.2,981.3,986.2,120431250,1084.8,887.6,1102.5,649.1,1011.4,215,4,1011.3,1470,11,1011.2,2372,14,1011.1,2485,12,1011.0,1300,18,1011.8,43,1,1011.9,852,6,1012.0,9539,65,1012.1,937,12,1012.2,3259,12
317,2025-11-26 12:23:12+05:30,1011.4,138,999.41,6130698,426510.0,399563.0,986.2,1012.2,981.3,986.2,120431250,1084.8,887.6,1102.5,649.1,1011.4,215,4,1011.3,1470,11,1011.2,2372,14,1011.1,2485,12,1011.0,1300,18,1011.8,43,1,1011.9,852,6,1012.0,9539,65,1012.1,937,12,1012.2,3259,12
317,2025-11-26 12:23:13+05:30,1011.8,6,999.41,6130708,426654.0,399524.0,986.2,1012.2,981.3,986.2,120431250,1084.8,887.6,1102.5,649.1,1011.5,70,1,1011.4,248,4,1011.3,1357,9,1011.2,2408,15,1011.1,2523,13,1011.8,33,1,1011.9,848,5,1012.0,9811,66,1012.1,679,12,1012.2,3259,12
317,2025-11-26 12:23:13+05:30,1011.8,6,999.41,6130708,426654.0,399524.0,986.2,1012.2,981.3,986.2,120431250,1084.8,887.6,1102.5,649.1,1011.5,70,1,1011.4,248,4,1011.3,1357,9,1011.2,2408,15,1011.1,2523,13,1011.8,33,1,1011.9,848,5,1012.0,9811,66,1012.1,679,12,1012.2,3259,12
317,2025-11-26 12:23:14+05:30,1011.8,2,999.41,6130710,426597.0,399734.0,986.2,1012.2,981.3,986.2,120431250,1084.8,887.6,1102.5,649.1,1011.5,70,1,1011.4,178,3,1011.3,854,9,1011.2,2408,15,1011.1,2523,13,1011.8,31,1,1011.9,751,4,1012.0,9472,66,1012.1,679,12,1012.2,3259,12
317,2025-11-26 12:23:14+05:30,1011.6,112,999.41,6130710,426597.0,399734.0,986.2,1012.2,981.3,986.2,120431250,1084.8,887.6,1102.5,649.1,1011.5,70,1,1011.4,178,3,1011.3,854,9,1011.2,2408,15,1011.1,2523,13,1011.8,31,1,1011.9,751,4,1012.0,9472,66,1012.1,679,12,1012.2,3259,12
317,2025-11-26 12:23:15+05:30,1011.8,2,999.41,6130824,426278.0,399942.0,986.2,1012.2,981.3,986.2,120431250,1084.8,887.6,1102.5,649.1,1011.4,178,3,1011.3,854,9,1011.2,2404,15,1011.1,2408,12,1011.0,1415,19,1011.8,29,1,1011.9,824,5,1012.0,9417,69,1012.1,759,14,1012.2,3269,13
317,2025-11-26 12:23:15+05:30,1011.8,2,999.41,6130824,426278.0,399942.0,986.2,1012.2,981.3,986.2,120431250,1084.8,887.6,1102.5,649.1,1011.4,178,3,1011.3,854,9,1011.2,2404,15,1011.1,2408,12,1011.0,1415,19,1011.8,29,1,1011.9,824,5,1012.0,9417,69,1012.1,759,14,1012.2,3269,13
317,2025-11-26 12:23:16+05:30,1011.8,1,999.41,6130827,426252.0,399968.0,986.2,1012.2,981.3,986.2,120431250,1084.8,887.6,1102.5,649.1,1011.4,178,3,1011.3,854,9,1011.2,2404,15,1011.1,2408,12,1011.0,1415,19,1011.8,26,1,1011.9,824,5,1012.0,9417,69,1012.1,759,14,1012.2,3269,13
317,2025-11-26 12:23:16+05:30,1011.8,1,999.41,6130827,426252.0,399968.0,986.2,1012.2,981.3,986.2,120431250,1084.8,887.6,1102.5,649.1,1011.4,178,3,1011.3,854,9,1011.2,2404,15,1011.1,2408,12,1011.0,1415,19,1011.8,26,1,1011.9,824,5,1012.0,9417,69,1012.1,759,14,1012.2,3269,13
317,2025-11-26 12:23:17+05:30,1011.9,350,999.41,6131631,424617.0,398413.0,986.2,1012.2,981.3,986.2,120431250,1084.8,887.6,1102.5,649.1,1011.4,117,2,1011.3,1043,10,1011.2,1649,13,1011.1,2506,13,1011.0,1715,22,1011.9,465,5,1012.0,9529,68,1012.1,596,10,1012.2,3222,11,1012.3,969,14
317,2025-11-26 12:23:17+05:30,1011.9,350,999.41,6131631,424617.0,398413.0,986.2,1012.2,981.3,986.2,120431250,1084.8,887.6,1102.5,649.1,1011.4,117,2,1011.3,1043,10,1011.2,1649,13,1011.1,2506,13,1011.0,1715,22,1011.9,465,5,1012.0,9529,68,1012.1,596,10,1012.2,3222,11,1012.3,969,14
317,2025-11-26 12:23:18+05:30,1011.9,115,999.41,6131746,425071.0,398192.0,986.2,1012.2,981.3,986.2,120431250,1084.8,887.6,1102.5,649.1,1011.4,304,6,1011.3,1273,11,1011.2,1840,14,1011.1,2621,14,1011.0,1600,21,1011.9,243,4,1012.0,9025,65,1012.1,899,12,1012.2,3222,11,1012.3,947,15
317,2025-11-26 12:23:18+05:30,1011.9,115,999.41,6131746,425071.0,398192.0,986.2,1012.2,981.3,986.2,120431250,1084.8,887.6,1102.5,649.1,1011.4,304,6,1011.3,1273,11,1011.2,1840,14,1011.1,2621,14,1011.0,1600,21,1011.9,243,4,1012.0,9025,65,1012.1,899,12,1012.2,3222,11,1012.3,947,15
317,2025-11-26 12:23:19+05:30,1011.9,115,999.41,6131746,424680.0,398022.0,986.2,1012.2,981.3,986.2,120431250,1084.8,887.6,1102.5,649.1,1011.4,248,5,1011.3,1283,12,1011.2,1737,14,1011.1,2621,14,1011.0,1600,21,1011.9,264,5,1012.0,9287,66,1012.1,601,11,1012.2,3286,14,1012.3,947,15
317,2025-11-26 12:23:19+05:30,1011.9,36,999.41,6131746,424680.0,398022.0,986.2,1012.2,981.3,986.2,120431250,1084.8,887.6,1102.5,649.1,1011.4,248,5,1011.3,1283,12,1011.2,1737,14,1011.1,2621,14,1011.0,1600,21,1011.9,264,5,1012.0,9287,66,1012.1,601,11,1012.2,3286,14,1012.3,947,15
317,2025-11-26 12:23:20+05:30,1011.8,1,999.41,6132097,425967.0,399945.0,986.2,1012.2,981.3,986.2,120431250,1084.8,887.6,1102.5,649.1,1011.4,33,3,1011.3,546,4,1011.2,2166,11,1011.1,2476,13,1011.0,1696,23,1011.8,209,4,1011.9,668,16,1012.0,9504,70,1012.1,620,12,1012.2,3260,12
317,2025-11-26 12:23:20+05:30,1011.8,1,999.41,6132097,425967.0,399945.0,986.2,1012.2,981.3,986.2,120431250,1084.8,887.6,1102.5,649.1,1011.4,33,3,1011.3,546,4,1011.2,2166,11,1011.1,2476,13,1011.0,1696,23,1011.8,209,4,1011.9,668,16,1012.0,9504,70,1012.1,620,12,1012.2,3260,12
317,2025-11-26 12:23:21+05:30,1011.8,1,999.41,6132099,426560.0,400132.0,986.2,1012.2,981.3,986.2,120431250,1084.8,887.6,1102.5,649.1,1011.7,18,1,1011.4,33,3,1011.3,692,6,1011.2,2168,11,1011.1,2406,12,1011.8,312,5,1011.9,960,18,1012.0,9460,70,1012.1,662,13,1012.2,3248,12
317,2025-11-26 12:23:21+05:30,1011.9,15,999.41,6132099,426560.0,400132.0,986.2,1012.2,981.3,986.2,120431250,1084.8,887.6,1102.5,649.1,1011.7,18,1,1011.4,33,3,1011.3,692,6,1011.2,2168,11,1011.1,2406,12,1011.8,312,5,1011.9,960,18,1012.0,9460,70,1012.1,662,13,1012.2,3248,12
317,2025-11-26 12:23:22+05:30,1011.8,5,999.41,6132534,427030.0,399726.0,986.2,1012.2,981.3,986.2,120431250,1084.8,887.6,1102.5,649.1,1011.7,18,1,1011.4,552,6,1011.3,946,8,1011.2,2238,12,1011.1,2521,13,1011.8,142,2,1011.9,726,16,1012.0,9175,68,1012.1,961,13,1012.2,3243,12
317,2025-11-26 12:23:22+05:30,1011.8,5,999.41,6132534,427030.0,399726.0,986.2,1012.2,981.3,986.2,120431250,1084.8,887.6,1102.5,649.1,1011.7,18,1,1011.4,552,6,1011.3,946,8,1011.2,2238,12,1011.1,2521,13,1011.8,142,2,1011.9,726,16,1012.0,9175,68,1012.1,961,13,1012.2,3243,12
317,2025-11-26 12:23:23+05:30,1011.8,50,999.41,6132692,426707.0,399631.0,986.2,1012.2,981.3,986.2,120431250,1084.8,887.6,1102.5,649.1,1011.7,30,2,1011.4,539,5,1011.3,946,8,1011.2,2239,13,1011.1,2521,13,1011.8,45,1,1011.9,633,16,1012.0,9270,69,1012.1,961,13,1012.2,3243,12
317,2025-11-26 12:23:23+05:30,1011.8,50,999.41,6132692,426707.0,399631.0,986.2,1012.2,981.3,986.2,120431250,1084.8,887.6,1102.5,649.1,1011.7,30,2,1011.4,539,5,1011.3,946,8,1011.2,2239,13,1011.1,2521,13,1011.8,45,1,1011.9,633,16,1012.0,9270,69,1012.1,961,13,1012.2,3243,12
317,2025-11-26 12:23:24+05:30,1011.7,1,999.41,6132693,426736.0,399630.0,986.2,1012.2,981.3,986.2,120431250,1084.8,887.6,1102.5,649.1,1011.7,29,2,1011.5,88,1,1011.4,539,5,1011.3,776,7,1011.2,2323,14,1011.8,45,1,1011.9,722,17,1012.0,9473,69,1012.1,663,12,1012.2,3243,12
317,2025-11-26 12:23:24+05:30,1011.7,1,999.41,6132693,426736.0,399630.0,986.2,1012.2,981.3,986.2,120431250,1084.8,887.6,1102.5,649.1,1011.7,29,2,1011.5,88,1,1011.4,539,5,1011.3,776,7,1011.2,2323,14,1011.8,45,1,1011.9,722,17,1012.0,9473,69,1012.1,663,12,1012.2,3243,12
317,2025-11-26 12:23:25+05:30,1011.8,1,999.41,6133100,426337.0,400168.0,986.2,1012.2,981.3,986.2,120431250,1084.8,887.6,1102.5,649.1,1011.5,63,1,1011.4,16,1,1011.3,736,7,1011.2,2017,11,1011.1,2418,13,1011.8,98,3,1011.9,872,19,1012.0,9700,73,1012.1,661,14,1012.2,3248,12
317,2025-11-26 12:23:25+05:30,1011.8,11,999.41,6133100,426337.0,400168.0,986.2,1012.2,981.3,986.2,120431250,1084.8,887.6,1102.5,649.1,1011.5,63,1,1011.4,16,1,1011.3,736,7,1011.2,2017,11,1011.1,2418,13,1011.8,98,3,1011.9,872,19,1012.0,9700,73,1012.1,661,14,1012.2,3248,12
317,2025-11-26 12:23:26+05:30,1011.8,24,999.41,6133222,426436.0,399721.0,986.2,1012.2,981.3,986.2,120431250,1084.8,887.6,1102.5,649.1,1011.5,63,1,1011.4,112,3,1011.3,1133,9,1011.2,2264,13,1011.1,2635,14,1011.8,91,3,1011.9,814,17,1012.0,9594,71,1012.1,651,12,1012.2,3238,11
317,2025-11-26 12:23:26+05:30,1011.8,24,999.41,6133222,426436.0,399721.0,986.2,1012.2,981.3,986.2,120431250,1084.8,887.6,1102.5,649.1,1011.5,63,1,1011.4,112,3,1011.3,1133,9,1011.2,2264,13,1011.1,2635,14,1011.8,91,3,1011.9,814,17,1012.0,9594,71,1012.1,651,12,1012.2,3238,11
317,2025-11-26 12:23:27+05:30,1011.5,63,999.41,6133285,426869.0,401839.0,986.2,1012.2,981.3,986.2,120431250,1084.8,887.6,1102.5,649.1,1011.4,395,5,1011.3,686,6,1011.2,2810,11,1011.1,2581,16,1011.0,1752,23,1011.5,45,1,1011.6,44,1,1011.8,277,4,1011.9,566,15,1012.0,9395,69
317,2025-11-26 12:23:27+05:30,1011.5,63,999.41,6133285,426869.0,401839.0,986.2,1012.2,981.3,986.2,120431250,1084.8,887.6,1102.5,649.1,1011.4,395,5,1011.3,686,6,1011.2,2810,11,1011.1,2581,16,1011.0,1752,23,1011.5,45,1,1011.6,44,1,1011.8,277,4,1011.9,566,15,1012.0,9395,69
317,2025-11-26 12:23:28+05:30,1011.5,1,999.41,6133286,427134.0,402251.0,986.2,1012.2,981.3,986.2,120431250,1084.8,887.6,1102.5,649.1,1011.4,488,6,1011.3,856,7,1011.2,2810,11,1011.1,2581,16,1011.0,1777,24,1011.5,44,1,1011.6,44,1,1011.8,778,6,1011.9,618,16,1012.0,9343,68
317,2025-11-26 12:23:28+05:30,1011.5,1,999.41,6133286,427134.0,402251.0,986.2,1012.2,981.3,986.2,120431250,1084.8,887.6,1102.5,649.1,1011.4,488,6,1011.3,856,7,1011.2,2810,11,1011.1,2581,16,1011.0,1777,24,1011.5,44,1,1011.6,44,1,1011.8,778,6,1011.9,618,16,1012.0,9343,68
317,2025-11-26 12:23:29+05:30,1011.5,100,999.41,6133386,427125.0,401827.0,986.2,1012.2,981.3,986.2,120431250,1084.8,887.6,1102.5,649.1,1011.4,393,5,1011.3,951,8,1011.2,2810,11,1011.1,2581,16,1011.0,1777,24,1011.5,45,1,1011.6,44,1,1011.7,25,1,1011.8,778,6,1011.9,444,16
317,2025-11-26 12:23:29+05:30,1011.5,100,999.41,6133386,427125.0,401827.0,986.2,1012.2,981.3,986.2,120431250,1084.8,887.6,1102.5,649.1,1011.4,393,5,1011.3,951,8,1011.2,2810,11,1011.1,2581,16,1011.0,1777,24,1011.5,45,1,1011.6,44,1,1011.7,25,1,1011.8,778,6,1011.9,444,16
317,2025-11-26 12:23:30+05:30,1011.5,20,999.41,6133431,426940.0,401982.0,986.2,1012.2,981.3,986.2,120431250,1084.8,887.6,1102.5,649.1,1011.5,7,1,1011.4,114,3,1011.3,1041,9,1011.2,3003,13,1011.1,2555,15,1011.6,44,1,1011.7,25,1,1011.8,791,7,1011.9,392,14,1012.0,9323,68
317,2025-11-26 12:23:30+05:30,1011.5,20,999.41,6133431,426940.0,401982.0,986.2,1012.2,981.3,986.2,120431250,1084.8,887.6,1102.5,649.1,1011.5,7,1,1011.4,114,3,1011.3,1041,9,1011.2,3003,13,1011.1,2555,15,1011.6,44,1,1011.7,25,1,1011.8,791,7,1011.9,392,14,1012.0,9323,68
317,2025-11-26 12:23:31+05:30,1011.6,1,999.41,6133440,426981.0,402010.0,986.2,1012.2,981.3,986.2,120431250,1084.8,887.6,1102.5,649.1,1011.4,241,5,1011.3,834,8,1011.2,3014,12,1011.1,2555,15,1011.0,1751,20,1011.6,43,1,1011.7,25,1,1011.8,791,7,1011.9,419,15,1012.0,9323,68
317,2025-11-26 12:23:31+05:30,1011.6,1,999.41,6133440,426981.0,402010.0,986.2,1012.2,981.3,986.2,120431250,1084.8,887.6,1102.5,649.1,1011.4,241,5,1011.3,834,8,1011.2,3014,12,1011.1,2555,15,1011.0,1751,20,1011.6,43,1,1011.7,25,1,1011.8,791,7,1011.9,419,15,1012.0,9323,68
317,2025-11-26 12:23:32+05:30,1011.6,1,999.41,6133440,427238.0,402161.0,986.2,1012.2,981.3,986.2,120431250,1084.8,887.6,1102.5,649.1,1011.4,335,5,1011.3,924,9,1011.2,3119,19,1011.1,2554,14,1011.0,1751,20,1011.5,19,1,1011.6,43,1,1011.7,25,1,1011.8,796,8,1011.9,420,16
317,2025-11-26 12:23:33+05:30,1011.5,5,999.41,6133449,427260.0,402174.0,986.2,1012.2,981.3,986.2,120431250,1084.8,887.6,1102.5,649.1,1011.4,335,5,1011.3,924,9,1011.2,3119,19,1011.1,2576,15,1011.0,1751,20,1011.5,10,1,1011.6,43,1,1011.7,25,1,1011.8,796,8,1011.9,420,16
317,2025-11-26 12:23:33+05:30,1011.5,5,999.41,6133449,427260.0,402174.0,986.2,1012.2,981.3,986.2,120431250,1084.8,887.6,1102.5,649.1,1011.4,335,5,1011.3,924,9,1011.2,3119,19,1011.1,2576,15,1011.0,1751,20,1011.5,10,1,1011.6,43,1,1011.7,25,1,1011.8,796,8,1011.9,420,16
317,2025-11-26 12:23:34+05:30,1011.5,5,999.41,6133449,427212.0,402174.0,986.2,1012.2,981.3,986.2,120431250,1084.8,887.6,1102.5,649.1,1011.4,335,5,1011.3,924,9,1011.2,3119,19,1011.1,2554,14,1011.0,1751,20,1011.5,10,1,1011.6,43,1,1011.7,25,1,1011.8,796,8,1011.9,420,16
317,2025-11-26 12:23:34+05:30,1011.5,112,999.41,6133449,427212.0,402174.0,986.2,1012.2,981.3,986.2,120431250,1084.8,887.6,1102.5,649.1,1011.4,335,5,1011.3,924,9,1011.2,3119,19,1011.1,2554,14,1011.0,1751,20,1011.5,10,1,1011.6,43,1,1011.7,25,1,1011.8,796,8,1011.9,420,16
317,2025-11-26 12:23:35+05:30,1011.5,2,999.41,6133563,426902.0,402263.0,986.2,1012.2,981.3,986.2,120431250,1084.8,887.6,1102.5,649.1,1011.4,151,4,1011.3,754,8,1011.2,3119,19,1011.1,2554,14,1011.0,1751,20,1011.5,17,1,1011.6,43,1,1011.7,25,1,1011.8,796,8,1011.9,456,17
317,2025-11-26 12:23:35+05:30,1011.5,2,999.41,6133563,426902.0,402263.0,986.2,1012.2,981.3,986.2,120431250,1084.8,887.6,1102.5,649.1,1011.4,151,4,1011.3,754,8,1011.2,3119,19,1011.1,2554,14,1011.0,1751,20,1011.5,17,1,1011.6,43,1,1011.7,25,1,1011.8,796,8,1011.9,456,17
317,2025-11-26 12:23:36+05:30,1011.6,116,999.41,6133767,427033.0,402255.0,986.2,1012.2,981.3,986.2,120431250,1084.8,887.6,1102.5,649.1,1011.4,151,4,1011.3,531,5,1011.2,3261,20,1011.1,2554,14,1011.0,1751,20,1011.6,44,1,1011.7,25,1,1011.8,1098,12,1011.9,555,18,1012.0,9392,69
317,2025-11-26 12:23:36+05:30,1011.6,116,999.41,6133767,427033.0,402255.0,986.2,1012.2,981.3,986.2,120431250,1084.8,887.6,1102.5,649.1,1011.4,151,4,1011.3,531,5,1011.2,3261,20,1011.1,2554,14,1011.0,1751,20,1011.6,44,1,1011.7,25,1,1011.8,1098,12,1011.9,555,18,1012.0,9392,69
317,2025-11-26 12:23:37+05:30,1011.6,10,999.41,6133777,427098.0,402116.0,986.2,1012.2,981.3,986.2,120431250,1084.8,887.6,1102.5,649.1,1011.4,164,5,1011.3,711,7,1011.2,3081,18,1011.1,2554,14,1011.0,1751,20,1011.6,11,1,1011.7,25,1,1011.8,1032,9,1011.9,619,19,1012.0,9402,70
317,2025-11-26 12:23:37+05:30,1011.6,10,999.41,6133777,427098.0,402116.0,986.2,1012.2,981.3,986.2,120431250,1084.8,887.6,1102.5,649.1,1011.4,164,5,1011.3,711,7,1011.2,3081,18,1011.1,2554,14,1011.0,1751,20,1011.6,11,1,1011.7,25,1,1011.8,1032,9,1011.9,619,19,1012.0,9402,70
317,2025-11-26 12:23:38+05:30,1011.6,10,999.41,6133777,427062.0,402062.0,986.2,1012.2,981.3,986.2,120431250,1084.8,887.6,1102.5,649.1,1011.4,164,5,1011.3,1002,7,1011.2,3261,20,1011.1,2554,14,1011.0,1841,21,1011.7,38,2,1011.8,1239,12,1011.9,661,19,1012.0,9402,70,1012.1,667,10
317,2025-11-26 12:23:39+05:30,1011.5,203,999.41,6133980,425787.0,403224.0,986.2,1012.2,981.3,986.2,120431250,1084.8,887.6,1102.5,649.1,1011.4,159,4,1011.3,123,3,1011.2,1561,7,1011.1,1691,11,1011.0,1776,24,1011.5,297,1,1011.7,25,1,1011.8,1172,12,1011.9,1033,22,1012.0,9194,70
317,2025-11-26 12:23:39+05:30,1011.5,203,999.41,6133980,425787.0,403224.0,986.2,1012.2,981.3,986.2,120431250,1084.8,887.6,1102.5,649.1,1011.4,159,4,1011.3,123,3,1011.2,1561,7,1011.1,1691,11,1011.0,1776,24,1011.5,297,1,1011.7,25,1,1011.8,1172,12,1011.9,1033,22,1012.0,9194,70
317,2025-11-26 12:23:40+05:30,1011.4,1,999.41,6133987,426780.0,403555.0,986.2,1012.2,981.3,986.2,120431250,1084.8,887.6,1102.5,649.1,1011.4,153,4,1011.3,123,3,1011.2,1566,8,1011.1,2427,14,1011.0,1905,26,1011.5,597,3,1011.7,125,3,1011.8,1165,11,1011.9,1033,22,1012.0,9402,70
317,2025-11-26 12:23:40+05:30,1011.4,1,999.41,6133987,426780.0,403555.0,986.2,1012.2,981.3,986.2,120431250,1084.8,887.6,1102.5,649.1,1011.4,153,4,1011.3,123,3,1011.2,1566,8,1011.1,2427,14,1011.0,1905,26,1011.5,597,3,1011.7,125,3,1011.8,1165,11,1011.9,1033,22,1012.0,9402,70
317,2025-11-26 12:23:41+05:30,1011.5,5,999.41,6133994,426472.0,403548.0,986.2,1012.2,981.3,986.2,120431250,1084.8,887.6,1102.5,649.1,1011.4,153,4,1011.3,123,3,1011.2,1566,8,1011.1,2427,14,1011.0,1905,26,1011.5,590,3,1011.7,125,3,1011.8,1165,11,1011.9,1033,22,1012.0,9402,70
317,2025-11-26 12:23:41+05:30,1011.4,13,999.41,6133994,426472.0,403548.0,986.2,1012.2,981.3,986.2,120431250,1084.8,887.6,1102.5,649.1,1011.4,153,4,1011.3,123,3,1011.2,1566,8,1011.1,2427,14,1011.0,1905,26,1011.5,590,3,1011.7,125,3,1011.8,1165,11,1011.9,1033,22,1012.0,9402,70
317,2025-11-26 12:23:42+05:30,1011.2,16,999.41,6134658,425065.0,403710.0,986.2,1012.2,981.3,986.2,120431250,1084.8,887.6,1102.5,649.1,1011.2,1081,4,1011.1,2427,14,1011.0,1336,21,1010.9,3395,16,1010.8,2219,14,1011.5,690,4,1011.7,392,7,1011.8,1232,14,1011.9,1277,25,1012.0,9173,69
317,2025-11-26 12:23:42+05:30,1011.2,16,999.41,6134658,425065.0,403710.0,986.2,1012.2,981.3,986.2,120431250,1084.8,887.6,1102.5,649.1,1011.2,1081,4,1011.1,2427,14,1011.0,1336,21,1010.9,3395,16,1010.8,2219,14,1011.5,690,4,1011.7,392,7,1011.8,1232,14,1011.9,1277,25,1012.0,9173,69
317,2025-11-26 12:23:43+05:30,1011.5,5,999.41,6134667,426375.0,403771.0,986.2,1012.2,981.3,986.2,120431250,1084.8,887.6,1102.5,649.1,1011.2,1218,6,1011.1,2630,17,1011.0,1336,21,1010.9,3440,17,1010.8,2248,15,1011.5,681,4,1011.7,280,6,1011.8,1191,14,1011.9,1213,24,1012.0,9173,69
317,2025-11-26 12:23:43+05:30,1011.5,3,999.41,6134667,426375.0,403771.0,986.2,1012.2,981.3,986.2,120431250,1084.8,887.6,1102.5,649.1,1011.2,1218,6,1011.1,2630,17,1011.0,1336,21,1010.9,3440,17,1010.8,2248,15,1011.5,681,4,1011.7,280,6,1011.8,1191,14,1011.9,1213,24,1012.0,9173,69
317,2025-11-26 12:23:44+05:30,1011.5,3,999.41,6134744,427270.0,403668.0,986.2,1012.2,981.3,986.2,120431250,1084.8,887.6,1102.5,649.1,1011.2,1381,7,1011.1,2630,17,1011.0,1451,22,1010.9,3325,16,1010.8,2164,15,1011.5,611,4,1011.7,110,5,1011.8,1017,12,1011.9,1387,26,1012.0,9173,69
317,2025-11-26 12:23:44+05:30,1011.5,25,999.41,6134744,427270.0,403668.0,986.2,1012.2,981.3,986.2,120431250,1084.8,887.6,1102.5,649.1,1011.2,1381,7,1011.1,2630,17,1011.0,1451,22,1010.9,3325,16,1010.8,2164,15,1011.5,611,4,1011.7,110,5,1011.8,1017,12,1011.9,1387,26,1012.0,9173,69
317,2025-11-26 12:23:45+05:30,1011.5,9,999.41,6134861,427454.0,403519.0,986.2,1012.2,981.3,986.2,120431250,1084.8,887.6,1102.5,649.1,1011.2,1381,7,1011.1,2630,17,1011.0,1451,22,1010.9,3325,16,1010.8,2164,15,1011.5,494,2,1011.6,9,1,1011.7,99,3,1011.8,1007,11,1011.9,1305,25
317,2025-11-26 12:23:45+05:30,1011.5,9,999.41,6134861,427454.0,403519.0,986.2,1012.2,981.3,986.2,120431250,1084.8,887.6,1102.5,649.1,1011.2,1381,7,1011.1,2630,17,1011.0,1451,22,1010.9,3325,16,1010.8,2164,15,1011.5,494,2,1011.6,9,1,1011.7,99,3,1011.8,1007,11,1011.9,1305,25
317,2025-11-26 12:23:46+05:30,1011.5,1,999.41,6134863,426515.0,404020.0,986.2,1012.2,981.3,986.2,120431250,1084.8,887.6,1102.5,649.1,1011.2,1381,7,1011.1,2536,15,1011.0,1336,21,1010.9,3395,16,1010.8,1310,14,1011.5,492,2,1011.6,509,2,1011.7,104,4,1011.8,1007,11,1011.9,1290,24
317,2025-11-26 12:23:46+05:30,1011.5,1,999.41,6134863,426515.0,404020.0,986.2,1012.2,981.3,986.2,120431250,1084.8,887.6,1102.5,649.1,1011.2,1381,7,1011.1,2536,15,1011.0,1336,21,1010.9,3395,16,1010.8,1310,14,1011.5,492,2,1011.6,509,2,1011.7,104,4,1011.8,1007,11,1011.9,1290,24
317,2025-11-26 12:23:47+05:30,1011.5,59,999.41,6135184,426537.0,403698.0,986.2,1012.2,981.3,986.2,120431250,1084.8,887.6,1102.5,649.1,1011.2,1381,7,1011.1,2558,16,1011.0,1336,21,1010.9,3395,16,1010.8,1310,14,1011.5,171,1,1011.6,509,2,1011.7,104,4,1011.8,1007,11,1011.9,1290,24
317,2025-11-26 12:23:47+05:30,1011.5,59,999.41,6135184,426537.0,403698.0,986.2,1012.2,981.3,986.2,120431250,1084.8,887.6,1102.5,649.1,1011.2,1381,7,1011.1,2558,16,1011.0,1336,21,1010.9,3395,16,1010.8,1310,14,1011.5,171,1,1011.6,509,2,1011.7,104,4,1011.8,1007,11,1011.9,1290,24
317,2025-11-26 12:23:48+05:30,1011.5,59,999.41,6135184,426536.0,403690.0,986.2,1012.2,981.3,986.2,120431250,1084.8,887.6,1102.5,649.1,1011.2,1345,6,1011.1,2558,16,1011.0,1336,21,1010.9,3395,16,1010.8,1310,14,1011.5,171,1,1011.6,509,2,1011.7,104,4,1011.8,980,10,1011.9,1304,25
317,2025-11-26 12:23:49+05:30,1011.5,114,999.42,6136213,426020.0,403796.0,986.2,1012.2,981.3,986.2,120431250,1084.8,887.6,1102.5,649.1,1011.3,87,1,1011.2,517,4,1011.1,2360,10,1011.0,1407,23,1010.9,3394,16,1011.6,509,2,1011.7,100,3,1011.8,1032,13,1011.9,1264,22,1012.0,9304,66
317,2025-11-26 12:23:49+05:30,1011.5,114,999.42,6136213,426020.0,403796.0,986.2,1012.2,981.3,986.2,120431250,1084.8,887.6,1102.5,649.1,1011.3,87,1,1011.2,517,4,1011.1,2360,10,1011.0,1407,23,1010.9,3394,16,1011.6,509,2,1011.7,100,3,1011.8,1032,13,1011.9,1264,22,1012.0,9304,66
317,2025-11-26 12:23:50+05:30,1011.7,23,999.42,6136871,427055.0,403172.0,986.2,1012.2,981.3,986.2,120431250,1084.8,887.6,1102.5,649.1,1011.5,1,1,1011.3,49,1,1011.2,627,5,1011.1,1560,9,1011.0,1562,26,1011.7,299,4,1011.8,1033,13,1011.9,767,19,1012.0,9585,67,1012.1,654,10
317,2025-11-26 12:23:50+05:30,1011.7,23,999.42,6136871,427055.0,403172.0,986.2,1012.2,981.3,986.2,120431250,1084.8,887.6,1102.5,649.1,1011.5,1,1,1011.3,49,1,1011.2,627,5,1011.1,1560,9,1011.0,1562,26,1011.7,299,4,1011.8,1033,13,1011.9,767,19,1012.0,9585,67,1012.1,654,10
317,2025-11-26 12:23:51+05:30,1011.6,1,999.42,6136872,428145.0,403446.0,986.2,1012.2,981.3,986.2,120431250,1084.8,887.6,1102.5,649.1,1011.5,1,1,1011.2,803,7,1011.1,1717,13,1011.0,1523,23,1010.9,4513,20,1011.6,1,1,1011.7,67,2,1011.8,1116,12,1011.9,796,20,1012.0,10028,68
317,2025-11-26 12:23:51+05:30,1011.6,1,999.42,6136872,428145.0,403446.0,986.2,1012.2,981.3,986.2,120431250,1084.8,887.6,1102.5,649.1,1011.5,1,1,1011.2,803,7,1011.1,1717,13,1011.0,1523,23,1010.9,4513,20,1011.6,1,1,1011.7,67,2,1011.8,1116,12,1011.9,796,20,1012.0,10028,68
317,2025-11-26 12:23:52+05:30,1011.5,109,999.42,6136982,426200.0,403739.0,986.2,1012.2,981.3,986.2,120431250,1084.8,887.6,1102.5,649.1,1011.2,959,10,1011.1,2486,15,1011.0,1461,23,1010.9,3482,17,1010.8,1384,16,1011.5,59,1,1011.6,1,1,1011.7,54,2,1011.8,895,10,1011.9,1145,20
317,2025-11-26 12:23:52+05:30,1011.2,19,999.42,6136982,426200.0,403739.0,986.2,1012.2,981.3,986.2,120431250,1084.8,887.6,1102.5,649.1,1011.2,959,10,1011.1,2486,15,1011.0,1461,23,1010.9,3482,17,1010.8,1384,16,1011.5,59,1,1011.6,1,1,1011.7,54,2,1011.8,895,10,1011.9,1145,20
317,2025-11-26 12:23:53+05:30,1011.2,5,999.42,6137261,426274.0,403729.0,986.2,1012.2,981.3,986.2,120431250,1084.8,887.6,1102.5,649.1,1011.2,751,7,1011.1,2574,15,1011.0,1562,25,1010.9,3482,17,1010.8,1429,17,1011.5,50,1,1011.6,1,1,1011.7,39,1,1011.8,902,11,1011.9,1174,21
317,2025-11-26 12:23:53+05:30,1011.2,5,999.42,6137261,426274.0,403729.0,986.2,1012.2,981.3,986.2,120431250,1084.8,887.6,1102.5,649.1,1011.2,751,7,1011.1,2574,15,1011.0,1562,25,1010.9,3482,17,1010.8,1429,17,1011.5,50,1,1011.6,1,1,1011.7,39,1,1011.8,902,11,1011.9,1174,21
317,2025-11-26 12:23:54+05:30,1011.2,5,999.42,6137261,426846.0,403760.0,986.2,1012.2,981.3,986.2,120431250,1084.8,887.6,1102.5,649.1,1011.2,927,10,1011.1,2574,15,1011.0,1637,25,1010.9,3367,16,1010.8,1329,16,1011.5,50,1,1011.6,1,1,1011.7,53,2,1011.8,886,10,1011.9,1179,22
317,2025-11-26 12:23:55+05:30,1011.5,12,999.42,6137291,427768.0,403657.0,986.2,1012.2,981.3,986.2,120431250,1084.8,887.6,1102.5,649.1,1011.3,112,1,1011.2,1014,11,1011.1,2548,13,1011.0,1553,26,1010.9,3367,16,1011.5,20,1,1011.6,1,1,1011.7,39,1,1011.8,849,9,1011.9,876,20
317,2025-11-26 12:23:55+05:30,1011.5,12,999.42,6137291,427768.0,403657.0,986.2,1012.2,981.3,986.2,120431250,1084.8,887.6,1102.5,649.1,1011.3,112,1,1011.2,1014,11,1011.1,2548,13,1011.0,1553,26,1010.9,3367,16,1011.5,20,1,1011.6,1,1,1011.7,39,1,1011.8,849,9,1011.9,876,20
317,2025-11-26 12:23:56+05:30,1011.5,60,999.42,6137453,427207.0,404801.0,986.2,1012.2,981.3,986.2,120431250,1084.8,887.6,1102.5,649.1,1011.3,95,1,1011.2,405,7,1011.1,1261,8,1011.0,1724,20,1010.9,2732,16,1011.5,83,2,1011.6,1,1,1011.7,630,7,1011.8,1000,11,1011.9,891,21
317,2025-11-26 12:23:56+05:30,1011.5,60,999.42,6137453,427207.0,404801.0,986.2,1012.2,981.3,986.2,120431250,1084.8,887.6,1102.5,649.1,1011.3,95,1,1011.2,405,7,1011.1,1261,8,1011.0,1724,20,1010.9,2732,16,1011.5,83,2,1011.6,1,1,1011.7,630,7,1011.8,1000,11,1011.9,891,21
317,2025-11-26 12:23:57+05:30,1011.3,3,999.42,6137592,424720.0,406757.0,986.2,1012.2,981.3,986.2,120431250,1084.8,887.6,1102.5,649.1,1011.2,343,7,1011.1,565,5,1011.0,1295,17,1010.9,2167,16,1010.8,2505,18,1011.3,5,1,1011.5,24,1,1011.6,257,4,1011.7,533,8,1011.8,1724,14
317,2025-11-26 12:23:57+05:30,1011.3,3,999.42,6137592,424720.0,406757.0,986.2,1012.2,981.3,986.2,120431250,1084.8,887.6,1102.5,649.1,1011.2,343,7,1011.1,565,5,1011.0,1295,17,1010.9,2167,16,1010.8,2505,18,1011.3,5,1,1011.5,24,1,1011.6,257,4,1011.7,533,8,1011.8,1724,14
317,2025-11-26 12:23:58+05:30,1011.5,5,999.42,6137592,424720.0,406757.0,986.2,1012.2,981.3,986.2,120431250,1084.8,887.6,1102.5,649.1,1011.2,343,7,1011.1,565,5,1011.0,1295,17,1010.9,2167,16,1010.8,2505,18,1011.3,5,1,1011.5,24,1,1011.6,257,4,1011.7,533,8,1011.8,1724,14
317,2025-11-26 12:23:58+05:30,1011.5,5,999.42,6137602,426981.0,404563.0,986.2,1012.2,981.3,986.2,120431250,1084.8,887.6,1102.5,649.1,1011.2,343,7,1011.1,716,7,1011.0,1458,17,1010.9,3482,17,1010.8,1698,19,1011.5,30,2,1011.6,122,3,1011.7,499,7,1011.8,990,11,1011.9,1447,23
317,2025-11-26 12:23:59+05:30,1011.5,5,999.42,6137602,426981.0,404563.0,986.2,1012.2,981.3,986.2,120431250,1084.8,887.6,1102.5,649.1,1011.2,343,7,1011.1,716,7,1011.0,1458,17,1010.9,3482,17,1010.8,1698,19,1011.5,30,2,1011.6,122,3,1011.7,499,7,1011.8,990,11,1011.9,1447,23
317,2025-11-26 12:23:59+05:30,1011.5,5,999.42,6137607,426341.0,404531.0,986.2,1012.2,981.3,986.2,120431250,1084.8,887.6,1102.5,649.1,1011.2,393,8,1011.1,745,8,1011.0,1600,19,1010.9,2732,16,1010.8,1582,18,1011.5,25,2,1011.6,6,2,1011.7,615,8,1011.8,990,11,1011.9,1447,23
317,2025-11-26 12:24:00+05:30,1011.2,1,999.42,6137607,426341.0,404531.0,986.2,1012.2,981.3,986.2,120431250,1084.8,887.6,1102.5,649.1,1011.2,393,8,1011.1,745,8,1011.0,1600,19,1010.9,2732,16,1010.8,1582,18,1011.5,25,2,1011.6,6,2,1011.7,615,8,1011.8,990,11,1011.9,1447,23
317,2025-11-26 12:24:00+05:30,1011.2,1,999.42,6137709,426337.0,404895.0,986.2,1012.2,981.3,986.2,120431250,1084.8,887.6,1102.5,649.1,1011.2,328,7,1011.1,629,7,1011.0,1600,19,1010.9,2667,15,1010.8,1689,19,1011.5,29,3,1011.6,124,4,1011.7,499,7,1011.8,990,11,1011.9,1442,22
317,2025-11-26 12:24:01+05:30,1011.5,1,999.42,6137709,426337.0,404895.0,986.2,1012.2,981.3,986.2,120431250,1084.8,887.6,1102.5,649.1,1011.2,328,7,1011.1,629,7,1011.0,1600,19,1010.9,2667,15,1010.8,1689,19,1011.5,29,3,1011.6,124,4,1011.7,499,7,1011.8,990,11,1011.9,1442,22
317,2025-11-26 12:24:01+05:30,1011.5,1,999.42,6137718,425936.0,404603.0,986.2,1012.2,981.3,986.2,120431250,1084.8,887.6,1102.5,649.1,1011.2,320,7,1011.1,629,7,1011.0,1547,18,1010.9,2667,15,1010.8,3189,21,1011.5,28,3,1011.6,171,5,1011.7,452,5,1011.8,1200,12,1011.9,1447,23
317,2025-11-26 12:24:02+05:30,1011.3,1,999.42,6137718,425936.0,404603.0,986.2,1012.2,981.3,986.2,120431250,1084.8,887.6,1102.5,649.1,1011.2,320,7,1011.1,629,7,1011.0,1547,18,1010.9,2667,15,1010.8,3189,21,1011.5,28,3,1011.6,171,5,1011.7,452,5,1011.8,1200,12,1011.9,1447,23
317,2025-11-26 12:24:02+05:30,1011.3,1,999.42,6137719,425997.0,406653.0,986.2,1012.2,981.3,986.2,120431250,1084.8,887.6,1102.5,649.1,1011.2,246,6,1011.1,600,6,1011.0,1482,17,1010.9,2681,16,1010.8,2991,19,1011.3,16,1,1011.5,29,4,1011.6,282,6,1011.7,593,7,1011.8,1582,13
317,2025-11-26 12:24:03+05:30,1011.2,145,999.42,6137719,425997.0,406653.0,986.2,1012.2,981.3,986.2,120431250,1084.8,887.6,1102.5,649.1,1011.2,246,6,1011.1,600,6,1011.0,1482,17,1010.9,2681,16,1010.8,2991,19,1011.3,16,1,1011.5,29,4,1011.6,282,6,1011.7,593,7,1011.8,1582,13
317,2025-11-26 12:24:03+05:30,1011.2,145,999.42,6138207,424831.0,407146.0,986.2,1012.2,981.3,986.2,120431250,1084.8,887.6,1102.5,649.1,1011.1,1234,5,1011.0,1447,16,1010.9,2432,14,1010.8,3243,24,1010.7,856,10,1011.2,100,1,1011.3,8,1,1011.5,280,6,1011.6,446,7,1011.7,589,7
317,2025-11-26 12:24:04+05:30,1011.1,57,999.42,6138207,424831.0,407146.0,986.2,1012.2,981.3,986.2,120431250,1084.8,887.6,1102.5,649.1,1011.1,1234,5,1011.0,1447,16,1010.9,2432,14,1010.8,3243,24,1010.7,856,10,1011.2,100,1,1011.3,8,1,1011.5,280,6,1011.6,446,7,1011.7,589,7
317,2025-11-26 12:24:04+05:30,1011.1,57,999.42,6139291,425696.0,404079.0,986.2,1012.2,981.3,986.2,120431250,1084.8,887.6,1102.5,649.1,1011.1,1338,9,1011.0,1518,17,1010.9,3139,16,1010.8,3152,25,1010.7,708,11,1011.5,29,4,1011.6,50,3,1011.7,253,5,1011.8,1224,15,1011.9,1285,18
317,2025-11-26 12:24:05+05:30,1011.3,3,999.42,6139291,425696.0,404079.0,986.2,1012.2,981.3,986.2,120431250,1084.8,887.6,1102.5,649.1,1011.1,1338,9,1011.0,1518,17,1010.9,3139,16,1010.8,3152,25,1010.7,708,11,1011.5,29,4,1011.6,50,3,1011.7,253,5,1011.8,1224,15,1011.9,1285,18
317,2025-11-26 12:24:05+05:30,1011.3,3,999.43,6140799,421148.0,404301.0,986.2,1012.2,981.3,986.2,120431250,1084.8,887.6,1102.5,649.1,1011.2,205,2,1011.1,348,5,1011.0,1297,14,1010.9,1497,13,1010.8,3111,24,1011.6,53,3,1011.7,738,8,1011.8,1265,14,1011.9,862,12,1012.0,9847,68
317,2025-11-26 12:24:06+05:30,1011.6,35,999.43,6140799,421148.0,404301.0,986.2,1012.2,981.3,986.2,120431250,1084.8,887.6,1102.5,649.1,1011.2,205,2,1011.1,348,5,1011.0,1297,14,1010.9,1497,13,1010.8,3111,24,1011.6,53,3,1011.7,738,8,1011.8,1265,14,1011.9,862,12,1012.0,9847,68
317,2025-11-26 12:24:06+05:30,1011.6,35,999.43,6140928,423297.0,404628.0,986.2,1012.2,981.3,986.2,120431250,1084.8,887.6,1102.5,649.1,1011.3,33,1,1011.2,98,1,1011.1,818,6,1011.0,1322,15,1010.9,1339,16,1011.6,72,4,1011.7,624,8,1011.8,1185,16,1011.9,952,14,1012.0,9825,70
317,2025-11-26 12:24:07+05:30,1011.6,35,999.43,6140928,423172.0,404673.0,986.2,1012.2,981.3,986.2,120431250,1084.8,887.6,1102.5,649.1,1011.3,33,1,1011.2,98,1,1011.1,818,6,1011.0,1322,15,1010.9,1339,16,1011.6,72,4,1011.7,612,8,1011.8,1121,12,1011.9,1314,19,1012.0,9794,69
317,2025-11-26 12:24:08+05:30,1011.3,25,999.43,6140928,423172.0,404673.0,986.2,1012.2,981.3,986.2,120431250,1084.8,887.6,1102.5,649.1,1011.3,33,1,1011.2,98,1,1011.1,818,6,1011.0,1322,15,1010.9,1339,16,1011.6,72,4,1011.7,612,8,1011.8,1121,12,1011.9,1314,19,1012.0,9794,69
317,2025-11-26 12:24:08+05:30,1011.3,25,999.43,6142760,423988.0,407202.0,986.2,1012.2,981.3,986.2,120431250,1084.8,887.6,1102.5,649.1,1011.2,91,1,1011.1,814,10,1011.0,1218,14,1010.9,2476,15,1010.8,3226,25,1011.3,1168,1,1011.6,72,4,1011.7,374,6,1011.8,1533,15,1011.9,1123,19
317,2025-11-26 12:24:09+05:30,1011.3,750,999.43,6142760,423988.0,407202.0,986.2,1012.2,981.3,986.2,120431250,1084.8,887.6,1102.5,649.1,1011.2,91,1,1011.1,814,10,1011.0,1218,14,1010.9,2476,15,1010.8,3226,25,1011.3,1168,1,1011.6,72,4,1011.7,374,6,1011.8,1533,15,1011.9,1123,19
317,2025-11-26 12:24:09+05:30,1011.3,750,999.43,6143510,424547.0,406550.0,986.2,1012.2,981.3,986.2,120431250,1084.8,887.6,1102.5,649.1,1011.2,165,2,1011.1,707,9,1011.0,1325,15,1010.9,2476,15,1010.8,3226,25,1011.3,760,3,1011.5,5,1,1011.6,72,4,1011.7,374,6,1011.8,1560,16
317,2025-11-26 12:24:10+05:30,1011.3,86,999.43,6143510,424547.0,406550.0,986.2,1012.2,981.3,986.2,120431250,1084.8,887.6,1102.5,649.1,1011.2,165,2,1011.1,707,9,1011.0,1325,15,1010.9,2476,15,1010.8,3226,25,1011.3,760,3,1011.5,5,1,1011.6,72,4,1011.7,374,6,1011.8,1560,16
317,2025-11-26 12:24:10+05:30,1011.3,86,999.43,6144415,424694.0,405955.0,986.2,1012.2,981.3,986.2,120431250,1084.8,887.6,1102.5,649.1,1011.2,172,3,1011.1,682,8,1011.0,1297,14,1010.9,2585,16,1010.8,3168,25,1011.3,163,2,1011.4,61,1,1011.5,5,1,1011.6,25,3,1011.7,281,7
317,2025-11-26 12:24:11+05:30,1011.3,34,999.43,6144415,424694.0,405955.0,986.2,1012.2,981.3,986.2,120431250,1084.8,887.6,1102.5,649.1,1011.2,172,3,1011.1,682,8,1011.0,1297,14,1010.9,2585,16,1010.8,3168,25,1011.3,163,2,1011.4,61,1,1011.5,5,1,1011.6,25,3,1011.7,281,7
317,2025-11-26 12:24:11+05:30,1011.3,34,999.43,6144638,424336.0,405997.0,986.2,1012.2,981.3,986.2,120431250,1084.8,887.6,1102.5,649.1,1011.2,490,6,1011.1,573,7,1011.0,1334,15,1010.9,2589,17,1010.8,3168,25,1011.3,15,1,1011.4,61,1,1011.5,6,2,1011.6,35,4,1011.7,336,7
317,2025-11-26 12:24:12+05:30,1011.2,100,999.43,6144638,424336.0,405997.0,986.2,1012.2,981.3,986.2,120431250,1084.8,887.6,1102.5,649.1,1011.2,490,6,1011.1,573,7,1011.0,1334,15,1010.9,2589,17,1010.8,3168,25,1011.3,15,1,1011.4,61,1,1011.5,6,2,1011.6,35,4,1011.7,336,7
317,2025-11-26 12:24:12+05:30,1011.2,100,999.43,6145649,423842.0,406803.0,986.2,1012.2,981.3,986.2,120431250,1084.8,887.6,1102.5,649.1,1011.1,477,6,1011.0,1261,13,1010.9,2521,19,1010.8,3155,20,1010.7,1027,13,1011.2,137,1,1011.3,15,1,1011.4,61,1,1011.5,6,2,1011.6,448,8
317,2025-11-26 12:24:13+05:30,1011.2,6,999.43,6145649,423842.0,406803.0,986.2,1012.2,981.3,986.2,120431250,1084.8,887.6,1102.5,649.1,1011.1,477,6,1011.0,1261,13,1010.9,2521,19,1010.8,3155,20,1010.7,1027,13,1011.2,137,1,1011.3,15,1,1011.4,61,1,1011.5,6,2,1011.6,448,8
317,2025-11-26 12:24:13+05:30,1011.2,6,999.43,6145659,423937.0,406825.0,986.2,1012.2,981.3,986.2,120431250,1084.8,887.6,1102.5,649.1,1011.1,140,3,1011.0,1108,12,1010.9,2630,20,1010.8,3183,22,1010.7,1027,13,1011.2,374,2,1011.3,58,1,1011.5,6,2,1011.6,448,8,1011.7,438,8
317,2025-11-26 12:24:14+05:30,1011.2,3,999.43,6145774,423950.0,407680.0,986.2,1012.2,981.3,986.2,120431250,1084.8,887.6,1102.5,649.1,1011.1,262,5,1011.0,1108,12,1010.9,2521,19,1010.8,3183,22,1010.7,1027,13,1011.2,259,2,1011.3,58,1,1011.5,7,3,1011.6,448,8,1011.7,432,7
317,2025-11-26 12:24:14+05:30,1011.2,3,999.43,6145774,423950.0,407680.0,986.2,1012.2,981.3,986.2,120431250,1084.8,887.6,1102.5,649.1,1011.1,262,5,1011.0,1108,12,1010.9,2521,19,1010.8,3183,22,1010.7,1027,13,1011.2,259,2,1011.3,58,1,1011.5,7,3,1011.6,448,8,1011.7,432,7
317,2025-11-26 12:24:15+05:30,1011.2,210,999.44,6146562,423140.0,407903.0,986.2,1012.2,981.3,986.2,120431250,1084.8,887.6,1102.5,649.1,1011.0,548,6,1010.9,2352,15,1010.8,3119,20,1010.7,970,12,1010.6,2413,11,1011.2,174,2,1011.3,58,1,1011.5,285,7,1011.6,685,10,1011.7,448,8
317,2025-11-26 12:24:15+05:30,1011.2,210,999.44,6146562,423140.0,407903.0,986.2,1012.2,981.3,986.2,120431250,1084.8,887.6,1102.5,649.1,1011.0,548,6,1010.9,2352,15,1010.8,3119,20,1010.7,970,12,1010.6,2413,11,1011.2,174,2,1011.3,58,1,1011.5,285,7,1011.6,685,10,1011.7,448,8
317,2025-11-26 12:24:16+05:30,1011.2,25,999.44,6146689,423565.0,407685.0,986.2,1012.2,981.3,986.2,120431250,1084.8,887.6,1102.5,649.1,1011.0,757,8,1010.9,2506,17,1010.8,3041,20,1010.7,855,11,1010.6,2624,13,1011.2,160,2,1011.3,58,1,1011.5,285,7,1011.6,374,8,1011.7,455,10
317,2025-11-26 12:24:16+05:30,1011.2,25,999.44,6146689,423565.0,407685.0,986.2,1012.2,981.3,986.2,120431250,1084.8,887.6,1102.5,649.1,1011.0,757,8,1010.9,2506,17,1010.8,3041,20,1010.7,855,11,1010.6,2624,13,1011.2,160,2,1011.3,58,1,1011.5,285,7,1011.6,374,8,1011.7,455,10
317,2025-11-26 12:24:17+05:30,1011.0,51,999.44,6146818,423411.0,407602.0,986.2,1012.2,981.3,986.2,120431250,1084.8,887.6,1102.5,649.1,1011.0,756,8,1010.9,2397,12,1010.8,1527,17,1010.7,2434,18,1010.6,2624,13,1011.2,113,1,1011.3,78,2,1011.4,33,1,1011.5,206,6,1011.6,276,8
317,2025-11-26 12:24:17+05:30,1011.0,51,999.44,6146818,423411.0,407602.0,986.2,1012.2,981.3,986.2,120431250,1084.8,887.6,1102.5,649.1,1011.0,756,8,1010.9,2397,12,1010.8,1527,17,1010.7,2434,18,1010.6,2624,13,1011.2,113,1,1011.3,78,2,1011.4,33,1,1011.5,206,6,1011.6,276,8
317,2025-11-26 12:24:18+05:30,1011.0,51,999.44,6146818,424233.0,407633.0,986.2,1012.2,981.3,986.2,120431250,1084.8,887.6,1102.5,649.1,1011.0,756,8,1010.9,3191,14,1010.8,1527,17,1010.7,2421,18,1010.6,2624,13,1011.2,113,1,1011.3,78,2,1011.4,33,1,1011.5,206,6,1011.6,276,8
317,2025-11-26 12:24:19+05:30,1011.8,9,999.49,6175311,418512.0,389727.0,986.2,1012.2,981.3,986.2,120431250,1084.8,887.6,1102.5,649.1,1011.3,362,5,1011.2,997,9,1011.1,1344,15,1011.0,1523,11,1010.9,2684,18,1011.7,140,2,1011.8,264,4,1011.9,447,6,1012.0,579,10,1012.1,429,9
317,2025-11-26 12:24:19+05:30,1011.8,9,999.49,6175311,418512.0,389727.0,986.2,1012.2,981.3,986.2,120431250,1084.8,887.6,1102.5,649.1,1011.3,362,5,1011.2,997,9,1011.1,1344,15,1011.0,1523,11,1010.9,2684,18,1011.7,140,2,1011.8,264,4,1011.9,447,6,1012.0,579,10,1012.1,429,9
317,2025-11-26 12:24:20+05:30,1012.0,36,999.51,6183209,418337.0,390311.0,986.2,1012.2,981.3,986.2,120431250,1084.8,887.6,1102.5,649.1,1011.6,224,2,1011.5,278,4,1011.4,641,8,1011.3,739,14,1011.2,1709,13,1012.1,160,3,1012.2,3110,12,1012.3,1040,15,1012.4,1052,13,1012.5,2314,25
317,2025-11-26 12:24:20+05:30,1012.0,36,999.51,6183209,418337.0,390311.0,986.2,1012.2,981.3,986.2,120431250,1084.8,887.6,1102.5,649.1,1011.6,224,2,1011.5,278,4,1011.4,641,8,1011.3,739,14,1011.2,1709,13,1012.1,160,3,1012.2,3110,12,1012.3,1040,15,1012.4,1052,13,1012.5,2314,25
317,2025-11-26 12:24:21+05:30,1011.6,1,999.52,6189073,419408.0,389142.0,986.2,1012.2,981.3,986.2,120431250,1084.8,887.6,1102.5,649.1,1011.6,167,2,1011.5,589,5,1011.4,614,8,1011.3,564,8,1011.2,1638,13,1012.1,301,2,1012.2,1230,12,1012.3,1119,13,1012.4,1325,18,1012.5,1893,23
317,2025-11-26 12:24:21+05:30,1012.1,10,999.52,6189073,419408.0,389142.0,986.2,1012.2,981.3,986.2,120431250,1084.8,887.6,1102.5,649.1,1011.6,167,2,1011.5,589,5,1011.4,614,8,1011.3,564,8,1011.2,1638,13,1012.1,301,2,1012.2,1230,12,1012.3,1119,13,1012.4,1325,18,1012.5,1893,23
317,2025-11-26 12:24:22+05:30,1011.4,34,999.52,6190593,415636.0,397132.0,986.2,1012.2,981.3,986.2,120431250,1084.8,887.6,1102.5,649.1,1011.3,44,1,1011.2,250,3,1011.1,335,3,1011.0,1178,8,1010.9,1926,19,1011.7,469,8,1011.8,929,13,1011.9,1264,12,1012.0,3212,16,1012.1,1059,15
317,2025-11-26 12:24:22+05:30,1011.4,34,999.52,6190593,415636.0,397132.0,986.2,1012.2,981.3,986.2,120431250,1084.8,887.6,1102.5,649.1,1011.3,44,1,1011.2,250,3,1011.1,335,3,1011.0,1178,8,1010.9,1926,19,1011.7,469,8,1011.8,929,13,1011.9,1264,12,1012.0,3212,16,1012.1,1059,15
317,2025-11-26 12:24:23+05:30,1011.7,1,999.52,6190602,417875.0,393747.0,986.2,1012.2,981.3,986.2,120431250,1084.8,887.6,1102.5,649.1,1011.6,10,1,1011.3,158,2,1011.2,302,3,1011.1,398,4,1011.0,1627,12,1011.8,345,5,1011.9,722,11,1012.0,1371,10,1012.1,1073,15,1012.2,1471,17
317,2025-11-26 12:24:23+05:30,1011.8,19,999.52,6190602,417875.0,393747.0,986.2,1012.2,981.3,986.2,120431250,1084.8,887.6,1102.5,649.1,1011.6,10,1,1011.3,158,2,1011.2,302,3,1011.1,398,4,1011.0,1627,12,1011.8,345,5,1011.9,722,11,1012.0,1371,10,1012.1,1073,15,1012.2,1471,17
317,2025-11-26 12:24:24+05:30,1011.2,74,999.53,6191955,415927.0,393491.0,986.2,1012.2,981.3,986.2,120431250,1084.8,887.6,1102.5,649.1,1011.2,287,4,1011.1,919,6,1011.0,1078,11,1010.9,1991,20,1010.8,1828,12,1011.8,877,11,1011.9,1010,12,1012.0,1654,11,1012.1,689,9,1012.2,1365,13
317,2025-11-26 12:24:24+05:30,1011.2,74,999.53,6191955,415927.0,393491.0,986.2,1012.2,981.3,986.2,120431250,1084.8,887.6,1102.5,649.1,1011.2,287,4,1011.1,919,6,1011.0,1078,11,1010.9,1991,20,1010.8,1828,12,1011.8,877,11,1011.9,1010,12,1012.0,1654,11,1012.1,689,9,1012.2,1365,13
317,2025-11-26 12:24:25+05:30,1011.8,12,999.53,6191994,416081.0,394013.0,986.2,1012.2,981.3,986.2,120431250,1084.8,887.6,1102.5,649.1,1011.3,86,1,1011.2,580,7,1011.1,423,6,1011.0,1645,12,1010.9,1991,20,1011.8,641,9,1011.9,1023,13,1012.0,1924,13,1012.1,668,8,1012.2,1401,16
317,2025-11-26 12:24:25+05:30,1011.9,83,999.53,6191994,416081.0,394013.0,986.2,1012.2,981.3,986.2,120431250,1084.8,887.6,1102.5,649.1,1011.3,86,1,1011.2,580,7,1011.1,423,6,1011.0,1645,12,1010.9,1991,20,1011.8,641,9,1011.9,1023,13,1012.0,1924,13,1012.1,668,8,1012.2,1401,16
317,2025-11-26 12:24:26+05:30,1011.9,8,999.53,6192683,420239.0,391683.0,986.2,1012.2,981.3,986.2,120431250,1084.8,887.6,1102.5,649.1,1011.8,1,1,1011.6,4,1,1011.5,343,3,1011.4,483,5,1011.3,644,6,1011.9,112,4,1012.0,1095,5,1012.1,568,6,1012.2,1054,12,1012.3,1235,18
317,2025-11-26 12:24:26+05:30,1011.9,8,999.53,6192683,420239.0,391683.0,986.2,1012.2,981.3,986.2,120431250,1084.8,887.6,1102.5,649.1,1011.8,1,1,1011.6,4,1,1011.5,343,3,1011.4,483,5,1011.3,644,6,1011.9,112,4,1012.0,1095,5,1012.1,568,6,1012.2,1054,12,1012.3,1235,18
317,2025-11-26 12:24:27+05:30,1011.8,2,999.53,6192685,416840.0,393002.0,986.2,1012.2,981.3,986.2,120431250,1084.8,887.6,1102.5,649.1,1011.4,87,1,1011.3,3,1,1011.2,845,11,1011.1,1115,9,1011.0,2108,17,1011.8,699,2,1011.9,426,6,1012.0,614,7,1012.1,1058,8,1012.2,1679,17
317,2025-11-26 12:24:27+05:30,1011.4,1,999.53,6192685,416840.0,393002.0,986.2,1012.2,981.3,986.2,120431250,1084.8,887.6,1102.5,649.1,1011.4,87,1,1011.3,3,1,1011.2,845,11,1011.1,1115,9,1011.0,2108,17,1011.8,699,2,1011.9,426,6,1012.0,614,7,1012.1,1058,8,1012.2,1679,17
317,2025-11-26 12:24:28+05:30,1011.4,1,999.53,6192686,416870.0,393279.0,986.2,1012.2,981.3,986.2,120431250,1084.8,887.6,1102.5,649.1,1011.4,86,1,1011.3,3,1,1011.2,662,9,1011.1,1227,10,1011.0,1419,16,1011.8,949,5,1011.9,462,7,1012.0,915,9,1012.1,1058,8,1012.2,1580,17
317,2025-11-26 12:24:29+05:30,1011.4,1,999.53,6192686,416792.0,394350.0,986.2,1012.2,981.3,986.2,120431250,1084.8,887.6,1102.5,649.1,1011.3,61,1,1011.2,445,5,1011.1,544,7,1011.0,1713,12,1010.9,2182,22,1011.7,340,3,1011.8,1113,7,1011.9,664,8,1012.0,1692,13,1012.1,760,7
317,2025-11-26 12:24:30+05:30,1011.3,50,999.53,6192984,415574.0,394348.0,986.2,1012.2,981.3,986.2,120431250,1084.8,887.6,1102.5,649.1,1011.3,37,1,1011.2,198,2,1011.1,960,7,1011.0,1121,12,1010.9,1984,18,1011.7,316,2,1011.8,1088,7,1011.9,687,10,1012.0,1355,14,1012.1,584,8
317,2025-11-26 12:24:30+05:30,1011.3,50,999.53,6192984,415574.0,394348.0,986.2,1012.2,981.3,986.2,120431250,1084.8,887.6,1102.5,649.1,1011.3,37,1,1011.2,198,2,1011.1,960,7,1011.0,1121,12,1010.9,1984,18,1011.7,316,2,1011.8,1088,7,1011.9,687,10,1012.0,1355,14,1012.1,584,8
317,2025-11-26 12:24:31+05:30,1011.6,10,999.53,6193003,414070.0,397654.0,986.2,1012.2,981.3,986.2,120431250,1084.8,887.6,1102.5,649.1,1011.1,175,2,1011.0,1257,8,1010.9,1027,12,1010.8,908,17,1010.7,2328,13,1011.6,309,6,1011.7,767,8,1011.8,1402,11,1011.9,1100,12,1012.0,2468,20
317,2025-11-26 12:24:31+05:30,1011.6,15,999.53,6193003,414070.0,397654.0,986.2,1012.2,981.3,986.2,120431250,1084.8,887.6,1102.5,649.1,1011.1,175,2,1011.0,1257,8,1010.9,1027,12,1010.8,908,17,1010.7,2328,13,1011.6,309,6,1011.7,767,8,1011.8,1402,11,1011.9,1100,12,1012.0,2468,20
317,2025-11-26 12:24:32+05:30,1011.1,753,999.54,6200791,418529.0,395103.0,986.2,1012.2,981.3,986.2,120431250,1084.8,887.6,1102.5,649.1,1011.0,1267,11,1010.9,1110,12,1010.8,1232,18,1010.7,1785,19,1010.6,2341,10,1011.3,189,1,1011.6,164,1,1011.7,358,4,1011.8,874,9,1011.9,982,11
317,2025-11-26 12:24:32+05:30,1011.0,10,999.54,6200791,418529.0,395103.0,986.2,1012.2,981.3,986.2,120431250,1084.8,887.6,1102.5,649.1,1011.0,1267,11,1010.9,1110,12,1010.8,1232,18,1010.7,1785,19,1010.6,2341,10,1011.3,189,1,1011.6,164,1,1011.7,358,4,1011.8,874,9,1011.9,982,11
317,2025-11-26 12:24:33+05:30,1011.0,68,999.55,6203935,415760.0,396361.0,986.2,1012.2,981.3,986.2,120431250,1084.8,887.6,1102.5,649.1,1011.0,37,2,1010.9,290,5,1010.8,686,10,1010.7,1725,14,1010.6,2617,17,1011.3,181,2,1011.5,396,3,1011.6,357,5,1011.7,1155,9,1011.8,1237,11
317,2025-11-26 12:24:33+05:30,1011.0,68,999.55,6203935,415760.0,396361.0,986.2,1012.2,981.3,986.2,120431250,1084.8,887.6,1102.5,649.1,1011.0,37,2,1010.9,290,5,1010.8,686,10,1010.7,1725,14,1010.6,2617,17,1011.3,181,2,1011.5,396,3,1011.6,357,5,1011.7,1155,9,1011.8,1237,11
317,2025-11-26 12:24:34+05:30,1011.3,68,999.55,6204063,416900.0,396469.0,986.2,1012.2,981.3,986.2,120431250,1084.8,887.6,1102.5,649.1,1011.1,112,1,1011.0,37,2,1010.9,446,7,1010.8,894,13,1010.7,2475,15,1011.3,242,2,1011.5,405,3,1011.6,341,4,1011.7,645,7,1011.8,945,10
317,2025-11-26 12:24:34+05:30,1011.1,100,999.55,6204063,416900.0,396469.0,986.2,1012.2,981.3,986.2,120431250,1084.8,887.6,1102.5,649.1,1011.1,112,1,1011.0,37,2,1010.9,446,7,1010.8,894,13,1010.7,2475,15,1011.3,242,2,1011.5,405,3,1011.6,341,4,1011.7,645,7,1011.8,945,10
317,2025-11-26 12:24:35+05:30,1011.3,2,999.55,6204225,417513.0,396482.0,986.2,1012.2,981.3,986.2,120431250,1084.8,887.6,1102.5,649.1,1011.1,229,2,1011.0,264,3,1010.9,709,8,1010.8,717,11,1010.7,1839,15,1011.3,299,3,1011.4,1,1,1011.5,317,3,1011.6,342,5,1011.7,645,7
317,2025-11-26 12:24:35+05:30,1011.3,62,999.55,6204225,417513.0,396482.0,986.2,1012.2,981.3,986.2,120431250,1084.8,887.6,1102.5,649.1,1011.1,229,2,1011.0,264,3,1010.9,709,8,1010.8,717,11,1010.7,1839,15,1011.3,299,3,1011.4,1,1,1011.5,317,3,1011.6,342,5,1011.7,645,7
317,2025-11-26 12:24:36+05:30,1011.3,1,999.55,6204598,420059.0,396737.0,986.2,1012.2,981.3,986.2,120431250,1084.8,887.6,1102.5,649.1,1011.1,229,2,1011.0,560,4,1010.9,713,9,1010.8,1507,12,1010.7,2504,18,1011.3,224,2,1011.4,1,1,1011.5,39,1,1011.6,356,5,1011.7,495,7
317,2025-11-26 12:24:36+05:30,1011.1,1,999.55,6204598,420059.0,396737.0,986.2,1012.2,981.3,986.2,120431250,1084.8,887.6,1102.5,649.1,1011.1,229,2,1011.0,560,4,1010.9,713,9,1010.8,1507,12,1010.7,2504,18,1011.3,224,2,1011.4,1,1,1011.5,39,1,1011.6,356,5,1011.7,495,7
317,2025-11-26 12:24:37+05:30,1011.1,163,999.55,6205588,419435.0,396173.0,986.2,1012.2,981.3,986.2,120431250,1084.8,887.6,1102.5,649.1,1011.0,493,6,1010.9,1094,12,1010.8,1831,17,1010.7,2491,17,1010.6,3373,16,1011.3,109,1,1011.4,1,1,1011.5,39,1,1011.6,170,3,1011.7,888,5
317,2025-11-26 12:24:37+05:30,1011.1,163,999.55,6205588,419435.0,396173.0,986.2,1012.2,981.3,986.2,120431250,1084.8,887.6,1102.5,649.1,1011.0,493,6,1010.9,1094,12,1010.8,1831,17,1010.7,2491,17,1010.6,3373,16,1011.3,109,1,1011.4,1,1,1011.5,39,1,1011.6,170,3,1011.7,888,5
317,2025-11-26 12:24:38+05:30,1011.3,10,999.55,6205598,419457.0,396170.0,986.2,1012.2,981.3,986.2,120431250,1084.8,887.6,1102.5,649.1,1011.0,493,6,1010.9,1116,13,1010.8,1831,17,1010.7,2491,17,1010.6,3379,17,1011.3,99,1,1011.4,1,1,1011.5,39,1,1011.6,170,3,1011.7,904,6
317,2025-11-26 12:24:38+05:30,1011.3,10,999.55,6205598,419457.0,396170.0,986.2,1012.2,981.3,986.2,120431250,1084.8,887.6,1102.5,649.1,1011.0,493,6,1010.9,1116,13,1010.8,1831,17,1010.7,2491,17,1010.6,3379,17,1011.3,99,1,1011.4,1,1,1011.5,39,1,1011.6,170,3,1011.7,904,6
317,2025-11-26 12:24:39+05:30,1011.3,10,999.55,6205598,419476.0,396200.0,986.2,1012.2,981.3,986.2,120431250,1084.8,887.6,1102.5,649.1,1011.0,493,6,1010.9,1116,13,1010.8,1831,17,1010.7,2491,17,1010.6,3379,17,1011.3,99,1,1011.4,1,1,1011.5,39,1,1011.6,169,2,1011.7,910,8
317,2025-11-26 12:24:39+05:30,1011.0,50,999.55,6205598,419476.0,396200.0,986.2,1012.2,981.3,986.2,120431250,1084.8,887.6,1102.5,649.1,1011.0,493,6,1010.9,1116,13,1010.8,1831,17,1010.7,2491,17,1010.6,3379,17,1011.3,99,1,1011.4,1,1,1011.5,39,1,1011.6,169,2,1011.7,910,8
317,2025-11-26 12:24:40+05:30,1011.3,2,999.55,6205964,418849.0,396596.0,986.2,1012.2,981.3,986.2,120431250,1084.8,887.6,1102.5,649.1,1011.0,107,3,1010.9,704,8,1010.8,1722,14,1010.7,2489,16,1010.6,1894,16,1011.3,96,1,1011.4,1,1,1011.5,203,2,1011.6,169,2,1011.7,1031,11
317,2025-11-26 12:24:40+05:30,1011.3,1,999.55,6205964,418849.0,396596.0,986.2,1012.2,981.3,986.2,120431250,1084.8,887.6,1102.5,649.1,1011.0,107,3,1010.9,704,8,1010.8,1722,14,1010.7,2489,16,1010.6,1894,16,1011.3,96,1,1011.4,1,1,1011.5,203,2,1011.6,169,2,1011.7,1031,11
317,2025-11-26 12:24:41+05:30,1011.3,100,999.55,6206067,418972.0,396606.0,986.2,1012.2,981.3,986.2,120431250,1084.8,887.6,1102.5,649.1,1011.0,107,3,1010.9,782,9,1010.8,1722,14,1010.7,2489,16,1010.6,1888,15,1011.3,39,1,1011.4,1,1,1011.5,203,2,1011.6,236,3,1011.7,1031,11
317,2025-11-26 12:24:41+05:30,1011.3,100,999.55,6206067,418972.0,396606.0,986.2,1012.2,981.3,986.2,120431250,1084.8,887.6,1102.5,649.1,1011.0,107,3,1010.9,782,9,1010.8,1722,14,1010.7,2489,16,1010.6,1888,15,1011.3,39,1,1011.4,1,1,1011.5,203,2,1011.6,236,3,1011.7,1031,11
317,2025-11-26 12:24:42+05:30,1011.1,224,999.55,6206291,418798.0,396975.0,986.2,1012.2,981.3,986.2,120431250,1084.8,887.6,1102.5,649.1,1011.0,107,3,1010.9,819,9,1010.8,1656,13,1010.7,2424,15,1010.6,1892,16,1011.1,38,1,1011.3,39,1,1011.4,50,2,1011.5,203,2,1011.6,821,6
317,2025-11-26 12:24:42+05:30,1011.1,1,999.55,6206291,418798.0,396975.0,986.2,1012.2,981.3,986.2,120431250,1084.8,887.6,1102.5,649.1,1011.0,107,3,1010.9,819,9,1010.8,1656,13,1010.7,2424,15,1010.6,1892,16,1011.1,38,1,1011.3,39,1,1011.4,50,2,1011.5,203,2,1011.6,821,6
317,2025-11-26 12:24:43+05:30,1011.1,5,999.55,6206397,419713.0,397176.0,986.2,1012.2,981.3,986.2,120431250,1084.8,887.6,1102.5,649.1,1011.0,107,3,1010.9,760,8,1010.8,1656,13,1010.7,3206,18,1010.6,1892,16,1011.1,266,2,1011.3,39,1,1011.4,50,2,1011.5,203,2,1011.6,285,4
317,2025-11-26 12:24:43+05:30,1011.1,5,999.55,6206397,419713.0,397176.0,986.2,1012.2,981.3,986.2,120431250,1084.8,887.6,1102.5,649.1,1011.0,107,3,1010.9,760,8,1010.8,1656,13,1010.7,3206,18,1010.6,1892,16,1011.1,266,2,1011.3,39,1,1011.4,50,2,1011.5,203,2,1011.6,285,4
317,2025-11-26 12:24:44+05:30,1011.1,2,999.55,6206399,420015.0,397267.0,986.2,1012.2,981.3,986.2,120431250,1084.8,887.6,1102.5,649.1,1011.0,107,3,1010.9,596,7,1010.8,1660,14,1010.7,3206,18,1010.6,1892,16,1011.1,264,2,1011.2,37,1,1011.3,39,1,1011.4,214,3,1011.5,164,1
317,2025-11-26 12:24:44+05:30,1011.1,2,999.55,6206399,420015.0,397267.0,986.2,1012.2,981.3,986.2,120431250,1084.8,887.6,1102.5,649.1,1011.0,107,3,1010.9,596,7,1010.8,1660,14,1010.7,3206,18,1010.6,1892,16,1011.1,264,2,1011.2,37,1,1011.3,39,1,1011.4,214,3,1011.5,164,1
317,2025-11-26 12:24:45+05:30,1011.1,2,999.55,6206399,420023.0,397277.0,986.2,1012.2,981.3,986.2,120431250,1084.8,887.6,1102.5,649.1,1011.0,107,3,1010.9,596,7,1010.8,1660,14,1010.7,3206,18,1010.6,1892,16,1011.1,264,2,1011.2,37,1,1011.3,39,1,1011.4,214,3,1011.5,164,1
317,2025-11-26 12:24:45+05:30,1011.1,2,999.55,6206399,420023.0,397277.0,986.2,1012.2,981.3,986.2,120431250,1084.8,887.6,1102.5,649.1,1011.0,107,3,1010.9,596,7,1010.8,1660,14,1010.7,3206,18,1010.6,1892,16,1011.1,264,2,1011.2,37,1,1011.3,39,1,1011.4,214,3,1011.5,164,1
317,2025-11-26 12:24:46+05:30,1011.0,44,999.55,6206806,420495.0,396985.0,986.2,1012.2,981.3,986.2,120431250,1084.8,887.6,1102.5,649.1,1011.0,288,3,1010.9,809,6,1010.8,1660,14,1010.7,3206,18,1010.6,1892,16,1011.1,57,2,1011.2,37,1,1011.3,39,1,1011.4,165,2,1011.5,164,1
317,2025-11-26 12:24:46+05:30,1011.1,43,999.55,6206806,420495.0,396985.0,986.2,1012.2,981.3,986.2,120431250,1084.8,887.6,1102.5,649.1,1011.0,288,3,1010.9,809,6,1010.8,1660,14,1010.7,3206,18,1010.6,1892,16,1011.1,57,2,1011.2,37,1,1011.3,39,1,1011.4,165,2,1011.5,164,1
317,2025-11-26 12:24:47+05:30,1011.0,20,999.56,6208954,417866.0,396579.0,986.2,1012.2,981.3,986.2,120431250,1084.8,887.6,1102.5,649.1,1010.9,842,7,1010.8,1648,15,1010.7,2402,14,1010.6,1918,18,1010.5,3759,16,1011.2,37,1,1011.3,39,1,1011.4,1,1,1011.5,384,3,1011.6,285,4
317,2025-11-26 12:24:47+05:30,1011.0,20,999.56,6208954,417866.0,396579.0,986.2,1012.2,981.3,986.2,120431250,1084.8,887.6,1102.5,649.1,1010.9,842,7,1010.8,1648,15,1010.7,2402,14,1010.6,1918,18,1010.5,3759,16,1011.2,37,1,1011.3,39,1,1011.4,1,1,1011.5,384,3,1011.6,285,4
317,2025-11-26 12:24:48+05:30,1011.2,136,999.56,6209090,416955.0,395556.0,986.2,1012.2,981.3,986.2,120431250,1084.8,887.6,1102.5,649.1,1011.0,213,3,1010.9,1174,12,1010.8,1690,16,1010.7,1636,12,1010.6,1918,18,1011.4,1,1,1011.5,164,1,1011.6,285,4,1011.7,950,12,1011.8,1144,13
317,2025-11-26 12:24:48+05:30,1011.2,136,999.56,6209090,416955.0,395556.0,986.2,1012.2,981.3,986.2,120431250,1084.8,887.6,1102.5,649.1,1011.0,213,3,1010.9,1174,12,1010.8,1690,16,1010.7,1636,12,1010.6,1918,18,1011.4,1,1,1011.5,164,1,1011.6,285,4,1011.7,950,12,1011.8,1144,13
317,2025-11-26 12:24:49+05:30,1011.2,136,999.56,6209090,416688.0,396022.0,986.2,1012.2,981.3,986.2,120431250,1084.8,887.6,1102.5,649.1,1011.0,213,3,1010.9,1190,13,1010.8,1690,16,1010.7,1638,13,1010.6,3428,21,1011.4,1,1,1011.5,164,1,1011.6,285,4,1011.7,950,12,1011.8,1144,13
317,2025-11-26 12:24:50+05:30,1011.4,1,999.56,6209291,416394.0,396120.0,986.2,1012.2,981.3,986.2,120431250,1084.8,887.6,1102.5,649.1,1011.0,632,3,1010.9,683,11,1010.8,1708,17,1010.7,1638,13,1010.6,3428,21,1011.4,69,1,1011.5,165,2,1011.6,285,4,1011.7,950,12,1011.8,1144,13
317,2025-11-26 12:24:50+05:30,1011.0,471,999.56,6209291,416394.0,396120.0,986.2,1012.2,981.3,986.2,120431250,1084.8,887.6,1102.5,649.1,1011.0,632,3,1010.9,683,11,1010.8,1708,17,1010.7,1638,13,1010.6,3428,21,1011.4,69,1,1011.5,165,2,1011.6,285,4,1011.7,950,12,1011.8,1144,13
317,2025-11-26 12:24:51+05:30,1011.3,1,999.56,6209776,418155.0,397175.0,986.2,1012.2,981.3,986.2,120431250,1084.8,887.6,1102.5,649.1,1011.0,100,1,1010.9,488,8,1010.8,1862,19,1010.7,2386,13,1010.6,1918,18,1011.3,86,1,1011.4,247,3,1011.5,530,7,1011.6,663,9,1011.7,630,15
317,2025-11-26 12:24:51+05:30,1011.1,1,999.56,6209776,418155.0,397175.0,986.2,1012.2,981.3,986.2,120431250,1084.8,887.6,1102.5,649.1,1011.0,100,1,1010.9,488,8,1010.8,1862,19,1010.7,2386,13,1010.6,1918,18,1011.3,86,1,1011.4,247,3,1011.5,530,7,1011.6,663,9,1011.7,630,15
317,2025-11-26 12:24:52+05:30,1011.1,1,999.56,6209863,418733.0,397317.0,986.2,1012.2,981.3,986.2,120431250,1084.8,887.6,1102.5,649.1,1011.0,159,5,1010.9,615,10,1010.8,1820,17,1010.7,2414,14,1010.6,1918,18,1011.1,76,1,1011.3,99,1,1011.4,122,2,1011.5,384,5,1011.6,391,4
317,2025-11-26 12:24:53+05:30,1011.1,5,999.56,6209872,419186.0,397310.0,986.2,1012.2,981.3,986.2,120431250,1084.8,887.6,1102.5,649.1,1011.0,122,4,1010.9,439,9,1010.8,1656,16,1010.7,3164,15,1010.6,1918,18,1011.1,67,1,1011.2,43,1,1011.3,99,1,1011.4,286,3,1011.5,384,5
317,2025-11-26 12:24:53+05:30,1011.1,5,999.56,6209872,419186.0,397310.0,986.2,1012.2,981.3,986.2,120431250,1084.8,887.6,1102.5,649.1,1011.0,122,4,1010.9,439,9,1010.8,1656,16,1010.7,3164,15,1010.6,1918,18,1011.1,67,1,1011.2,43,1,1011.3,99,1,1011.4,286,3,1011.5,384,5
317,2025-11-26 12:24:54+05:30,1011.1,5,999.56,6209872,419134.0,397378.0,986.2,1012.2,981.3,986.2,120431250,1084.8,887.6,1102.5,649.1,1011.0,122,4,1010.9,439,9,1010.8,1656,16,1010.7,3164,15,1010.6,1918,18,1011.1,67,1,1011.2,43,1,1011.3,99,1,1011.4,286,3,1011.5,384,5
317,2025-11-26 12:24:54+05:30,1011.1,42,999.56,6209872,419134.0,397378.0,986.2,1012.2,981.3,986.2,120431250,1084.8,887.6,1102.5,649.1,1011.0,122,4,1010.9,439,9,1010.8,1656,16,1010.7,3164,15,1010.6,1918,18,1011.1,67,1,1011.2,43,1,1011.3,99,1,1011.4,286,3,1011.5,384,5
317,2025-11-26 12:24:55+05:30,1011.1,42,999.56,6210026,419176.0,397746.0,986.2,1012.2,981.3,986.2,120431250,1084.8,887.6,1102.5,649.1,1011.0,118,3,1010.9,361,8,1010.8,1517,14,1010.7,3164,15,1010.6,1918,18,1011.1,34,1,1011.2,58,2,1011.3,99,1,1011.4,286,3,1011.5,335,4
317,2025-11-26 12:24:55+05:30,1011.1,12,999.56,6210026,419176.0,397746.0,986.2,1012.2,981.3,986.2,120431250,1084.8,887.6,1102.5,649.1,1011.0,118,3,1010.9,361,8,1010.8,1517,14,1010.7,3164,15,1010.6,1918,18,1011.1,34,1,1011.2,58,2,1011.3,99,1,1011.4,286,3,1011.5,335,4
317,2025-11-26 12:24:56+05:30,1011.1,3,999.56,6210059,419531.0,397686.0,986.2,1012.2,981.3,986.2,120431250,1084.8,887.6,1102.5,649.1,1011.0,118,3,1010.9,265,6,1010.8,1669,15,1010.7,3164,15,1010.6,2050,20,1011.1,2,2,1011.2,58,2,1011.3,99,1,1011.4,286,3,1011.5,335,4
317,2025-11-26 12:24:56+05:30,1011.1,6,999.56,6210059,419531.0,397686.0,986.2,1012.2,981.3,986.2,120431250,1084.8,887.6,1102.5,649.1,1011.0,118,3,1010.9,265,6,1010.8,1669,15,1010.7,3164,15,1010.6,2050,20,1011.1,2,2,1011.2,58,2,1011.3,99,1,1011.4,286,3,1011.5,335,4
317,2025-11-26 12:24:57+05:30,1011.0,1,999.56,6210220,418330.0,398286.0,986.2,1012.2,981.3,986.2,120431250,1084.8,887.6,1102.5,649.1,1010.9,45,3,1010.8,1370,12,1010.7,3259,16,1010.6,1986,16,1010.5,4004,22,1011.0,23,1,1011.2,58,2,1011.3,310,4,1011.4,286,3,1011.5,401,6
317,2025-11-26 12:24:57+05:30,1011.0,1,999.56,6210220,418330.0,398286.0,986.2,1012.2,981.3,986.2,120431250,1084.8,887.6,1102.5,649.1,1010.9,45,3,1010.8,1370,12,1010.7,3259,16,1010.6,1986,16,1010.5,4004,22,1011.0,23,1,1011.2,58,2,1011.3,310,4,1011.4,286,3,1011.5,401,6
317,2025-11-26 12:24:58+05:30,1010.9,9,999.56,6210354,417940.0,399561.0,986.2,1012.2,981.3,986.2,120431250,1084.8,887.6,1102.5,649.1,1010.9,31,2,1010.8,990,7,1010.7,3010,12,1010.6,1951,13,1010.5,4201,24,1011.0,57,2,1011.2,58,2,1011.3,690,7,1011.4,465,4,1011.5,1272,7
317,2025-11-26 12:24:58+05:30,1011.0,6,999.56,6210354,417940.0,399561.0,986.2,1012.2,981.3,986.2,120431250,1084.8,887.6,1102.5,649.1,1010.9,31,2,1010.8,990,7,1010.7,3010,12,1010.6,1951,13,1010.5,4201,24,1011.0,57,2,1011.2,58,2,1011.3,690,7,1011.4,465,4,1011.5,1272,7
317,2025-11-26 12:24:59+05:30,1011.0,6,999.56,6210361,418102.0,399364.0,986.2,1012.2,981.3,986.2,120431250,1084.8,887.6,1102.5,649.1,1010.9,31,2,1010.8,990,7,1010.7,3010,12,1010.6,1951,13,1010.5,4201,24,1011.0,50,2,1011.1,48,1,1011.2,15,1,1011.3,690,7,1011.4,536,5
317,2025-11-26 12:25:00+05:30,1011.0,6,999.56,6210361,418100.0,399407.0,986.2,1012.2,981.3,986.2,120431250,1084.8,887.6,1102.5,649.1,1010.9,31,2,1010.8,914,6,1010.7,3010,12,1010.6,2025,14,1010.5,4201,24,1011.0,100,3,1011.1,48,1,1011.2,15,1,1011.3,690,7,1011.4,536,5
317,2025-11-26 12:25:00+05:30,1011.0,1,999.56,6210361,418100.0,399407.0,986.2,1012.2,981.3,986.2,120431250,1084.8,887.6,1102.5,649.1,1010.9,31,2,1010.8,914,6,1010.7,3010,12,1010.6,2025,14,1010.5,4201,24,1011.0,100,3,1011.1,48,1,1011.2,15,1,1011.3,690,7,1011.4,536,5
317,2025-11-26 12:25:01+05:30,1011.0,2,999.56,6210373,418218.0,399877.0,986.2,1012.2,981.3,986.2,120431250,1084.8,887.6,1102.5,649.1,1010.9,23,2,1010.8,914,6,1010.7,3132,14,1010.6,2025,14,1010.5,4201,24,1011.0,96,3,1011.1,48,1,1011.2,15,1,1011.3,454,5,1011.4,752,7
317,2025-11-26 12:25:01+05:30,1011.0,26,999.56,6210373,418218.0,399877.0,986.2,1012.2,981.3,986.2,120431250,1084.8,887.6,1102.5,649.1,1010.9,23,2,1010.8,914,6,1010.7,3132,14,1010.6,2025,14,1010.5,4201,24,1011.0,96,3,1011.1,48,1,1011.2,15,1,1011.3,454,5,1011.4,752,7
317,2025-11-26 12:25:02+05:30,1010.9,97,999.56,6211226,419156.0,399881.0,986.2,1012.2,981.3,986.2,120431250,1084.8,887.6,1102.5,649.1,1010.8,529,2,1010.7,3011,13,1010.6,2795,14,1010.5,3916,22,1010.4,1740,13,1010.9,76,1,1011.0,58,2,1011.1,48,1,1011.2,15,1,1011.3,375,4
317,2025-11-26 12:25:02+05:30,1010.9,97,999.56,6211226,419156.0,399881.0,986.2,1012.2,981.3,986.2,120431250,1084.8,887.6,1102.5,649.1,1010.8,529,2,1010.7,3011,13,1010.6,2795,14,1010.5,3916,22,1010.4,1740,13,1010.9,76,1,1011.0,58,2,1011.1,48,1,1011.2,15,1,1011.3,375,4
317,2025-11-26 12:25:02+05:30,1010.9,4,999.56,6211234,419231.0,400034.0,986.2,1012.2,981.3,986.2,120431250,1084.8,887.6,1102.5,649.1,1010.8,577,3,1010.7,3011,13,1010.6,2795,14,1010.5,3943,23,1010.4,1740,13,1010.9,68,1,1011.0,113,3,1011.2,15,1,1011.3,407,5,1011.4,477,11
317,2025-11-26 12:25:03+05:30,1010.9,100,999.56,6211234,419231.0,400034.0,986.2,1012.2,981.3,986.2,120431250,1084.8,887.6,1102.5,649.1,1010.8,577,3,1010.7,3011,13,1010.6,2795,14,1010.5,3943,23,1010.4,1740,13,1010.9,68,1,1011.0,113,3,1011.2,15,1,1011.3,407,5,1011.4,477,11
317,2025-11-26 12:25:03+05:30,1010.9,100,999.56,6211584,417162.0,400409.0,986.2,1012.2,981.3,986.2,120431250,1084.8,887.6,1102.5,649.1,1010.9,48,1,1010.8,1269,3,1010.7,2140,10,1010.6,3472,13,1010.5,2333,15,1011.0,134,3,1011.2,15,1,1011.3,407,5,1011.4,477,11,1011.5,1505,10
317,2025-11-26 12:25:04+05:30,1010.9,95,999.56,6211584,417162.0,400409.0,986.2,1012.2,981.3,986.2,120431250,1084.8,887.6,1102.5,649.1,1010.9,48,1,1010.8,1269,3,1010.7,2140,10,1010.6,3472,13,1010.5,2333,15,1011.0,134,3,1011.2,15,1,1011.3,407,5,1011.4,477,11,1011.5,1505,10
317,2025-11-26 12:25:04+05:30,1010.9,95,999.56,6211679,418744.0,402499.0,986.2,1012.2,981.3,986.2,120431250,1084.8,887.6,1102.5,649.1,1010.8,1269,3,1010.7,2189,11,1010.6,3515,13,1010.5,3125,19,1010.4,1719,16,1010.9,205,1,1011.0,135,4,1011.2,195,2,1011.3,407,5,1011.4,502,12
317,2025-11-26 12:25:05+05:30,1010.9,100,999.56,6211679,418744.0,402499.0,986.2,1012.2,981.3,986.2,120431250,1084.8,887.6,1102.5,649.1,1010.8,1269,3,1010.7,2189,11,1010.6,3515,13,1010.5,3125,19,1010.4,1719,16,1010.9,205,1,1011.0,135,4,1011.2,195,2,1011.3,407,5,1011.4,502,12
317,2025-11-26 12:25:05+05:30,1010.9,1,999.56,6211783,418937.0,402214.0,986.2,1012.2,981.3,986.2,120431250,1084.8,887.6,1102.5,649.1,1010.8,1345,4,1010.7,2259,12,1010.6,3515,13,1010.5,3149,20,1010.4,1742,17,1010.9,101,1,1011.0,135,4,1011.2,195,2,1011.3,205,4,1011.4,502,12
317,2025-11-26 12:25:06+05:30,1010.9,1,999.56,6211783,418937.0,402214.0,986.2,1012.2,981.3,986.2,120431250,1084.8,887.6,1102.5,649.1,1010.8,1345,4,1010.7,2259,12,1010.6,3515,13,1010.5,3149,20,1010.4,1742,17,1010.9,101,1,1011.0,135,4,1011.2,195,2,1011.3,205,4,1011.4,502,12
317,2025-11-26 12:25:06+05:30,1011.0,105,999.56,6212224,418701.0,400566.0,986.2,1012.2,981.3,986.2,120431250,1084.8,887.6,1102.5,649.1,1011.0,309,1,1010.9,637,2,1010.8,1865,10,1010.7,2408,13,1010.6,2830,13,1011.2,15,1,1011.3,36,2,1011.4,127,3,1011.5,362,3,1011.6,892,8
317,2025-11-26 12:25:07+05:30,1011.1,10,999.56,6212224,418701.0,400566.0,986.2,1012.2,981.3,986.2,120431250,1084.8,887.6,1102.5,649.1,1011.0,309,1,1010.9,637,2,1010.8,1865,10,1010.7,2408,13,1010.6,2830,13,1011.2,15,1,1011.3,36,2,1011.4,127,3,1011.5,362,3,1011.6,892,8
317,2025-11-26 12:25:07+05:30,1011.1,10,999.56,6212234,417903.0,401342.0,986.2,1012.2,981.3,986.2,120431250,1084.8,887.6,1102.5,649.1,1011.1,66,1,1011.0,309,1,1010.9,118,2,1010.8,1659,8,1010.7,1658,12,1011.2,94,2,1011.3,211,4,1011.4,371,8,1011.5,474,8,1011.6,1024,9
317,2025-11-26 12:25:08+05:30,1011.1,10,999.56,6212234,420044.0,401386.0,986.2,1012.2,981.3,986.2,120431250,1084.8,887.6,1102.5,649.1,1011.1,66,1,1011.0,309,1,1010.9,118,2,1010.8,1610,7,1010.7,1658,12,1011.2,94,2,1011.3,211,4,1011.4,369,7,1011.5,453,8,1011.6,1024,9
317,2025-11-26 12:25:09+05:30,1011.4,10,999.56,6212234,420044.0,401386.0,986.2,1012.2,981.3,986.2,120431250,1084.8,887.6,1102.5,649.1,1011.1,66,1,1011.0,309,1,1010.9,118,2,1010.8,1610,7,1010.7,1658,12,1011.2,94,2,1011.3,211,4,1011.4,369,7,1011.5,453,8,1011.6,1024,9
317,2025-11-26 12:25:09+05:30,1011.4,130,999.57,6213557,417611.0,399999.0,986.2,1012.2,981.3,986.2,120431250,1084.8,887.6,1102.5,649.1,1011.1,66,1,1011.0,424,3,1010.9,646,5,1010.8,1885,9,1010.7,972,12,1011.5,641,12,1011.6,885,6,1011.7,508,9,1011.8,1425,12,1011.9,652,10
317,2025-11-26 12:25:10+05:30,1011.4,1,999.57,6213557,417611.0,399999.0,986.2,1012.2,981.3,986.2,120431250,1084.8,887.6,1102.5,649.1,1011.1,66,1,1011.0,424,3,1010.9,646,5,1010.8,1885,9,1010.7,972,12,1011.5,641,12,1011.6,885,6,1011.7,508,9,1011.8,1425,12,1011.9,652,10
317,2025-11-26 12:25:10+05:30,1011.4,2,999.57,6213685,419095.0,400503.0,986.2,1012.2,981.3,986.2,120431250,1084.8,887.6,1102.5,649.1,1011.2,73,1,1011.1,13,1,1011.0,312,2,1010.9,960,6,1010.8,743,8,1011.4,118,1,1011.5,552,7,1011.6,476,5,1011.7,1245,17,1011.8,1438,13
317,2025-11-26 12:25:11+05:30,1011.4,2,999.57,6213685,419095.0,400503.0,986.2,1012.2,981.3,986.2,120431250,1084.8,887.6,1102.5,649.1,1011.2,73,1,1011.1,13,1,1011.0,312,2,1010.9,960,6,1010.8,743,8,1011.4,118,1,1011.5,552,7,1011.6,476,5,1011.7,1245,17,1011.8,1438,13
317,2025-11-26 12:25:11+05:30,1011.4,2,999.57,6213685,420235.0,401465.0,986.2,1012.2,981.3,986.2,120431250,1084.8,887.6,1102.5,649.1,1011.2,73,1,1011.1,113,2,1011.0,312,2,1010.9,1030,7,1010.8,743,8,1011.3,62,1,1011.4,118,1,1011.5,368,6,1011.6,517,6,1011.7,1245,17
317,2025-11-26 12:25:12+05:30,1011.5,37,999.57,6213685,420235.0,401465.0,986.2,1012.2,981.3,986.2,120431250,1084.8,887.6,1102.5,649.1,1011.2,73,1,1011.1,113,2,1011.0,312,2,1010.9,1030,7,1010.8,743,8,1011.3,62,1,1011.4,118,1,1011.5,368,6,1011.6,517,6,1011.7,1245,17
317,2025-11-26 12:25:12+05:30,1011.6,83,999.57,6216960,424964.0,395776.0,986.2,1012.2,981.3,986.2,120431250,1084.8,887.6,1102.5,649.1,1011.6,1,1,1011.4,152,4,1011.3,1127,6,1011.2,766,9,1011.1,829,10,1011.8,30,2,1011.9,288,4,1012.0,2564,12,1012.1,603,8,1012.2,1369,15
317,2025-11-26 12:25:13+05:30,1011.8,64,999.57,6216960,424964.0,395776.0,986.2,1012.2,981.3,986.2,120431250,1084.8,887.6,1102.5,649.1,1011.6,1,1,1011.4,152,4,1011.3,1127,6,1011.2,766,9,1011.1,829,10,1011.8,30,2,1011.9,288,4,1012.0,2564,12,1012.1,603,8,1012.2,1369,15
317,2025-11-26 12:25:13+05:30,1011.8,64,999.58,6218313,426081.0,394219.0,986.2,1012.2,981.3,986.2,120431250,1084.8,887.6,1102.5,649.1,1011.6,56,2,1011.5,921,8,1011.4,949,10,1011.3,1425,10,1011.2,681,8,1011.9,23,2,1012.0,1930,7,1012.1,566,5,1012.2,1057,11,1012.3,1206,12
317,2025-11-26 12:25:14+05:30,1011.6,1,999.58,6218313,426081.0,394219.0,986.2,1012.2,981.3,986.2,120431250,1084.8,887.6,1102.5,649.1,1011.6,56,2,1011.5,921,8,1011.4,949,10,1011.3,1425,10,1011.2,681,8,1011.9,23,2,1012.0,1930,7,1012.1,566,5,1012.2,1057,11,1012.3,1206,12
317,2025-11-26 12:25:15+05:30,1011.9,2,999.58,6218313,426081.0,394219.0,986.2,1012.2,981.3,986.2,120431250,1084.8,887.6,1102.5,649.1,1011.6,56,2,1011.5,921,8,1011.4,949,10,1011.3,1425,10,1011.2,681,8,1011.9,23,2,1012.0,1930,7,1012.1,566,5,1012.2,1057,11,1012.3,1206,12
317,2025-11-26 12:25:15+05:30,1011.9,1,999.58,6218416,427718.0,394199.0,986.2,1012.2,981.3,986.2,120431250,1084.8,887.6,1102.5,649.1,1011.8,135,2,1011.6,186,3,1011.5,593,7,1011.4,991,12,1011.3,1287,12,1011.9,10,1,1012.0,1880,8,1012.1,446,4,1012.2,1137,10,1012.3,1039,13
317,2025-11-26 12:25:16+05:30,1011.8,10,999.58,6218416,427718.0,394199.0,986.2,1012.2,981.3,986.2,120431250,1084.8,887.6,1102.5,649.1,1011.8,135,2,1011.6,186,3,1011.5,593,7,1011.4,991,12,1011.3,1287,12,1011.9,10,1,1012.0,1880,8,1012.1,446,4,1012.2,1137,10,1012.3,1039,13
317,2025-11-26 12:25:16+05:30,1011.8,10,999.58,6218426,427436.0,393918.0,986.2,1012.2,981.3,986.2,120431250,1084.8,887.6,1102.5,649.1,1011.8,137,3,1011.6,128,2,1011.5,498,6,1011.4,953,10,1011.3,1338,15,1011.9,83,3,1012.0,1880,8,1012.1,446,4,1012.2,1088,12,1012.3,1409,14
317,2025-11-26 12:25:17+05:30,1011.9,1,999.58,6218426,427436.0,393918.0,986.2,1012.2,981.3,986.2,120431250,1084.8,887.6,1102.5,649.1,1011.8,137,3,1011.6,128,2,1011.5,498,6,1011.4,953,10,1011.3,1338,15,1011.9,83,3,1012.0,1880,8,1012.1,446,4,1012.2,1088,12,1012.3,1409,14
317,2025-11-26 12:25:17+05:30,1011.9,1,999.58,6218427,427187.0,394038.0,986.2,1012.2,981.3,986.2,120431250,1084.8,887.6,1102.5,649.1,1011.8,137,3,1011.6,128,2,1011.5,476,5,1011.4,953,10,1011.3,1338,15,1011.9,83,4,1012.0,1880,8,1012.1,566,5,1012.2,1088,12,1012.3,1409,14
317,2025-11-26 12:25:18+05:30,1011.5,85,999.58,6218427,427187.0,394038.0,986.2,1012.2,981.3,986.2,120431250,1084.8,887.6,1102.5,649.1,1011.8,137,3,1011.6,128,2,1011.5,476,5,1011.4,953,10,1011.3,1338,15,1011.9,83,4,1012.0,1880,8,1012.1,566,5,1012.2,1088,12,1012.3,1409,14
317,2025-11-26 12:25:18+05:30,1011.5,85,999.58,6218952,426103.0,394040.0,986.2,1012.2,981.3,986.2,120431250,1084.8,887.6,1102.5,649.1,1011.6,120,1,1011.5,766,6,1011.4,820,8,1011.3,1227,11,1011.2,1040,15,1011.9,83,4,1012.0,1880,8,1012.1,495,5,1012.2,1034,12,1012.3,1042,14
317,2025-11-26 12:25:19+05:30,1011.6,50,999.58,6218952,426103.0,394040.0,986.2,1012.2,981.3,986.2,120431250,1084.8,887.6,1102.5,649.1,1011.6,120,1,1011.5,766,6,1011.4,820,8,1011.3,1227,11,1011.2,1040,15,1011.9,83,4,1012.0,1880,8,1012.1,495,5,1012.2,1034,12,1012.3,1042,14
317,2025-11-26 12:25:19+05:30,1011.6,50,999.58,6219156,425517.0,393978.0,986.2,1012.2,981.3,986.2,120431250,1084.8,887.6,1102.5,649.1,1011.5,313,6,1011.4,1360,9,1011.3,1227,11,1011.2,1040,15,1011.1,1744,13,1011.9,105,4,1012.0,1880,8,1012.1,494,5,1012.2,967,11,1012.3,1592,15
317,2025-11-26 12:25:20+05:30,1011.6,44,999.58,6219156,425517.0,393978.0,986.2,1012.2,981.3,986.2,120431250,1084.8,887.6,1102.5,649.1,1011.5,313,6,1011.4,1360,9,1011.3,1227,11,1011.2,1040,15,1011.1,1744,13,1011.9,105,4,1012.0,1880,8,1012.1,494,5,1012.2,967,11,1012.3,1592,15
317,2025-11-26 12:25:20+05:30,1011.6,44,999.58,6219586,424940.0,393051.0,986.2,1012.2,981.3,986.2,120431250,1084.8,887.6,1102.5,649.1,1011.6,126,2,1011.5,468,7,1011.4,821,7,1011.3,1265,12,1011.2,1072,16,1012.0,1719,7,1012.1,555,7,1012.2,1001,11,1012.3,923,13,1012.4,2215,17
317,2025-11-26 12:25:21+05:30,1012.0,10,999.58,6219586,424940.0,393051.0,986.2,1012.2,981.3,986.2,120431250,1084.8,887.6,1102.5,649.1,1011.6,126,2,1011.5,468,7,1011.4,821,7,1011.3,1265,12,1011.2,1072,16,1012.0,1719,7,1012.1,555,7,1012.2,1001,11,1012.3,923,13,1012.4,2215,17
317,2025-11-26 12:25:21+05:30,1012.0,10,999.58,6219733,428040.0,393542.0,986.2,1012.2,981.3,986.2,120431250,1084.8,887.6,1102.5,649.1,1011.6,182,2,1011.5,238,5,1011.4,913,8,1011.3,1280,13,1011.2,1822,17,1011.8,121,1,1012.0,1572,6,1012.1,876,6,1012.2,923,10,1012.3,1042,15
317,2025-11-26 12:25:22+05:30,1011.6,15,999.58,6219748,428014.0,393914.0,986.2,1012.2,981.3,986.2,120431250,1084.8,887.6,1102.5,649.1,1011.6,167,2,1011.5,238,5,1011.4,938,9,1011.3,1777,14,1011.2,1822,17,1011.8,121,1,1012.0,1857,7,1012.1,1056,7,1012.2,999,12,1012.3,1042,15
317,2025-11-26 12:25:23+05:30,1011.6,2,999.58,6219748,428014.0,393914.0,986.2,1012.2,981.3,986.2,120431250,1084.8,887.6,1102.5,649.1,1011.6,167,2,1011.5,238,5,1011.4,938,9,1011.3,1777,14,1011.2,1822,17,1011.8,121,1,1012.0,1857,7,1012.1,1056,7,1012.2,999,12,1012.3,1042,15
317,2025-11-26 12:25:23+05:30,1011.6,2,999.58,6219759,428053.0,394135.0,986.2,1012.2,981.3,986.2,120431250,1084.8,887.6,1102.5,649.1,1011.6,71,1,1011.5,314,5,1011.4,938,9,1011.3,1314,14,1011.2,1851,18,1011.8,113,1,1012.0,1867,8,1012.1,1166,9,1012.2,1009,13,1012.3,1052,16
317,2025-11-26 12:25:24+05:30,1011.8,9,999.58,6219759,428053.0,394135.0,986.2,1012.2,981.3,986.2,120431250,1084.8,887.6,1102.5,649.1,1011.6,71,1,1011.5,314,5,1011.4,938,9,1011.3,1314,14,1011.2,1851,18,1011.8,113,1,1012.0,1867,8,1012.1,1166,9,1012.2,1009,13,1012.3,1052,16
317,2025-11-26 12:25:24+05:30,1011.8,9,999.58,6219768,428200.0,393550.0,986.2,1012.2,981.3,986.2,120431250,1084.8,887.6,1102.5,649.1,1011.6,71,1,1011.5,314,5,1011.4,938,9,1011.3,1314,14,1011.2,1851,18,1011.8,105,2,1012.0,1867,8,1012.1,589,8,1012.2,1009,13,1012.3,1052,16
317,2025-11-26 12:25:25+05:30,1011.8,50,999.58,6219768,428200.0,393550.0,986.2,1012.2,981.3,986.2,120431250,1084.8,887.6,1102.5,649.1,1011.6,71,1,1011.5,314,5,1011.4,938,9,1011.3,1314,14,1011.2,1851,18,1011.8,105,2,1012.0,1867,8,1012.1,589,8,1012.2,1009,13,1012.3,1052,16
317,2025-11-26 12:25:25+05:30,1011.8,50,999.58,6219845,428167.0,394100.0,986.2,1012.2,981.3,986.2,120431250,1084.8,887.6,1102.5,649.1,1011.6,71,1,1011.5,314,5,1011.4,938,9,1011.3,1868,15,1011.2,1834,17,1011.8,28,2,1012.0,1902,9,1012.1,589,8,1012.2,1571,14,1012.3,1052,16
317,2025-11-26 12:25:26+05:30,1011.8,2,999.58,6219845,428167.0,394100.0,986.2,1012.2,981.3,986.2,120431250,1084.8,887.6,1102.5,649.1,1011.6,71,1,1011.5,314,5,1011.4,938,9,1011.3,1868,15,1011.2,1834,17,1011.8,28,2,1012.0,1902,9,1012.1,589,8,1012.2,1571,14,1012.3,1052,16
317,2025-11-26 12:25:26+05:30,1011.8,2,999.58,6219847,426349.0,395313.0,986.2,1012.2,981.3,986.2,120431250,1084.8,887.6,1102.5,649.1,1011.5,409,5,1011.4,494,5,1011.3,1361,13,1011.2,1822,15,1011.1,1989,18,1011.6,25,1,1011.8,11,2,1011.9,15,2,1012.0,1951,10,1012.1,1546,12
317,2025-11-26 12:25:27+05:30,1011.6,91,999.58,6220038,427246.0,395230.0,986.2,1012.2,981.3,986.2,120431250,1084.8,887.6,1102.5,649.1,1011.5,409,5,1011.4,375,3,1011.3,1261,10,1011.2,2625,19,1011.1,2020,19,1011.6,30,1,1011.8,11,2,1011.9,5,1,1012.0,2006,10,1012.1,843,10
317,2025-11-26 12:25:28+05:30,1012.0,4,999.58,6220038,427246.0,395230.0,986.2,1012.2,981.3,986.2,120431250,1084.8,887.6,1102.5,649.1,1011.5,409,5,1011.4,375,3,1011.3,1261,10,1011.2,2625,19,1011.1,2020,19,1011.6,30,1,1011.8,11,2,1011.9,5,1,1012.0,2006,10,1012.1,843,10
317,2025-11-26 12:25:28+05:30,1012.1,38,999.59,6224404,425955.0,388880.0,986.2,1012.2,981.3,986.2,120431250,1084.8,887.6,1102.5,649.1,1011.7,51,1,1011.6,687,8,1011.5,1284,11,1011.4,495,5,1011.3,1432,13,1012.2,307,7,1012.3,673,10,1012.4,1625,17,1012.5,2663,28,1012.6,3013,14
317,2025-11-26 12:25:29+05:30,1011.7,34,999.59,6224404,425955.0,388880.0,986.2,1012.2,981.3,986.2,120431250,1084.8,887.6,1102.5,649.1,1011.7,51,1,1011.6,687,8,1011.5,1284,11,1011.4,495,5,1011.3,1432,13,1012.2,307,7,1012.3,673,10,1012.4,1625,17,1012.5,2663,28,1012.6,3013,14
317,2025-11-26 12:25:29+05:30,1011.7,34,999.59,6224537,426341.0,388767.0,986.2,1012.2,981.3,986.2,120431250,1084.8,887.6,1102.5,649.1,1011.6,1031,11,1011.5,1671,11,1011.4,1284,9,1011.3,1485,12,1011.2,2891,20,1012.2,211,6,1012.3,951,12,1012.4,1124,14,1012.5,2286,27,1012.6,3147,14
317,2025-11-26 12:25:30+05:30,1012.2,78,999.59,6224537,426341.0,388767.0,986.2,1012.2,981.3,986.2,120431250,1084.8,887.6,1102.5,649.1,1011.6,1031,11,1011.5,1671,11,1011.4,1284,9,1011.3,1485,12,1011.2,2891,20,1012.2,211,6,1012.3,951,12,1012.4,1124,14,1012.5,2286,27,1012.6,3147,14
317,2025-11-26 12:25:30+05:30,1011.8,8,999.59,6224727,426931.0,388898.0,986.2,1012.2,981.3,986.2,120431250,1084.8,887.6,1102.5,649.1,1011.8,151,3,1011.7,627,7,1011.6,1245,13,1011.5,1920,14,1011.4,1258,7,1012.2,43,3,1012.3,559,8,1012.4,1160,14,1012.5,2165,25,1012.6,3253,15
317,2025-11-26 12:25:31+05:30,1011.8,1,999.59,6224727,426931.0,388898.0,986.2,1012.2,981.3,986.2,120431250,1084.8,887.6,1102.5,649.1,1011.8,151,3,1011.7,627,7,1011.6,1245,13,1011.5,1920,14,1011.4,1258,7,1012.2,43,3,1012.3,559,8,1012.4,1160,14,1012.5,2165,25,1012.6,3253,15
317,2025-11-26 12:25:31+05:30,1011.8,50,999.59,6224789,428682.0,389556.0,986.2,1012.2,981.3,986.2,120431250,1084.8,887.6,1102.5,649.1,1011.8,91,2,1011.7,245,3,1011.6,1162,13,1011.5,1383,15,1011.4,2038,9,1012.0,104,1,1012.2,398,9,1012.3,813,11,1012.4,1560,14,1012.5,2228,24
317,2025-11-26 12:25:32+05:30,1011.8,2,999.59,6224789,428682.0,389556.0,986.2,1012.2,981.3,986.2,120431250,1084.8,887.6,1102.5,649.1,1011.8,91,2,1011.7,245,3,1011.6,1162,13,1011.5,1383,15,1011.4,2038,9,1012.0,104,1,1012.2,398,9,1012.3,813,11,1012.4,1560,14,1012.5,2228,24
317,2025-11-26 12:25:32+05:30,1012.0,5,999.59,6224801,428858.0,389910.0,986.2,1012.2,981.3,986.2,120431250,1084.8,887.6,1102.5,649.1,1011.8,102,3,1011.7,245,3,1011.6,1245,14,1011.5,1383,15,1011.4,2038,9,1012.0,94,1,1012.2,398,9,1012.3,839,13,1012.4,1742,20,1012.5,2241,25
317,2025-11-26 12:25:33+05:30,1012.0,5,999.59,6224801,428858.0,389910.0,986.2,1012.2,981.3,986.2,120431250,1084.8,887.6,1102.5,649.1,1011.8,102,3,1011.7,245,3,1011.6,1245,14,1011.5,1383,15,1011.4,2038,9,1012.0,94,1,1012.2,398,9,1012.3,839,13,1012.4,1742,20,1012.5,2241,25
317,2025-11-26 12:25:33+05:30,1012.0,5,999.59,6224801,428858.0,389962.0,986.2,1012.2,981.3,986.2,120431250,1084.8,887.6,1102.5,649.1,1011.8,102,3,1011.7,245,3,1011.6,1245,14,1011.5,1383,15,1011.4,2038,9,1012.0,94,1,1012.2,398,9,1012.3,841,14,1012.4,1767,21,1012.5,2241,25
317,2025-11-26 12:25:34+05:30,1012.0,5,999.59,6224801,428858.0,389962.0,986.2,1012.2,981.3,986.2,120431250,1084.8,887.6,1102.5,649.1,1011.8,102,3,1011.7,245,3,1011.6,1245,14,1011.5,1383,15,1011.4,2038,9,1012.0,94,1,1012.2,398,9,1012.3,841,14,1012.4,1767,21,1012.5,2241,25
317,2025-11-26 12:25:34+05:30,1012.0,5,999.59,6224806,430297.0,389748.0,986.2,1012.2,981.3,986.2,120431250,1084.8,887.6,1102.5,649.1,1011.9,234,2,1011.8,102,3,1011.7,342,4,1011.6,1075,13,1011.5,1383,15,1012.0,89,1,1012.2,196,8,1012.3,868,15,1012.4,1429,18,1012.5,2539,26
317,2025-11-26 12:25:35+05:30,1011.9,45,999.59,6224806,430297.0,389748.0,986.2,1012.2,981.3,986.2,120431250,1084.8,887.6,1102.5,649.1,1011.9,234,2,1011.8,102,3,1011.7,342,4,1011.6,1075,13,1011.5,1383,15,1012.0,89,1,1012.2,196,8,1012.3,868,15,1012.4,1429,18,1012.5,2539,26
317,2025-11-26 12:25:35+05:30,1011.9,45,999.59,6224854,430061.0,389509.0,986.2,1012.2,981.3,986.2,120431250,1084.8,887.6,1102.5,649.1,1011.9,201,3,1011.8,199,3,1011.7,448,5,1011.6,967,12,1011.5,1383,15,1012.0,87,1,1012.2,196,8,1012.3,725,12,1012.4,1363,14,1012.5,2526,25
317,2025-11-26 12:25:36+05:30,1012.0,1,999.59,6224854,430061.0,389509.0,986.2,1012.2,981.3,986.2,120431250,1084.8,887.6,1102.5,649.1,1011.9,201,3,1011.8,199,3,1011.7,448,5,1011.6,967,12,1011.5,1383,15,1012.0,87,1,1012.2,196,8,1012.3,725,12,1012.4,1363,14,1012.5,2526,25
317,2025-11-26 12:25:36+05:30,1011.9,13,999.59,6225058,428607.0,390416.0,986.2,1012.2,981.3,986.2,120431250,1084.8,887.6,1102.5,649.1,1011.8,89,2,1011.7,342,4,1011.6,930,10,1011.5,1317,14,1011.4,2040,9,1011.9,91,1,1012.1,10,1,1012.2,358,10,1012.3,877,12,1012.4,2005,15
317,2025-11-26 12:25:37+05:30,1011.9,13,999.59,6225058,428607.0,390416.0,986.2,1012.2,981.3,986.2,120431250,1084.8,887.6,1102.5,649.1,1011.8,89,2,1011.7,342,4,1011.6,930,10,1011.5,1317,14,1011.4,2040,9,1011.9,91,1,1012.1,10,1,1012.2,358,10,1012.3,877,12,1012.4,2005,15
317,2025-11-26 12:25:37+05:30,1011.9,1,999.59,6225058,428607.0,390416.0,986.2,1012.2,981.3,986.2,120431250,1084.8,887.6,1102.5,649.1,1011.8,89,2,1011.7,342,4,1011.6,930,10,1011.5,1317,14,1011.4,2040,9,1011.9,91,1,1012.1,10,1,1012.2,358,10,1012.3,877,12,1012.4,2005,15
317,2025-11-26 12:25:37+05:30,1011.9,1,999.59,6225058,428607.0,390416.0,986.2,1012.2,981.3,986.2,120431250,1084.8,887.6,1102.5,649.1,1011.8,89,2,1011.7,342,4,1011.6,930,10,1011.5,1317,14,1011.4,2040,9,1011.9,91,1,1012.1,10,1,1012.2,358,10,1012.3,877,12,1012.4,2005,15
317,2025-11-26 12:25:37+05:30,1011.9,1,999.59,6225059,428678.0,390477.0,986.2,1012.2,981.3,986.2,120431250,1084.8,887.6,1102.5,649.1,1011.8,89,2,1011.7,342,4,1011.6,979,11,1011.5,1339,15,1011.4,2074,10,1011.9,90,1,1012.1,10,1,1012.2,358,10,1012.3,877,12,1012.4,2005,15
317,2025-11-26 12:25:38+05:30,1011.9,1,999.59,6225059,428678.0,390477.0,986.2,1012.2,981.3,986.2,120431250,1084.8,887.6,1102.5,649.1,1011.8,89,2,1011.7,342,4,1011.6,979,11,1011.5,1339,15,1011.4,2074,10,1011.9,90,1,1012.1,10,1,1012.2,358,10,1012.3,877,12,1012.4,2005,15
317,2025-11-26 12:25:38+05:30,1011.8,1,999.59,6225059,428678.0,390477.0,986.2,1012.2,981.3,986.2,120431250,1084.8,887.6,1102.5,649.1,1011.8,89,2,1011.7,342,4,1011.6,979,11,1011.5,1339,15,1011.4,2074,10,1011.9,90,1,1012.1,10,1,1012.2,358,10,1012.3,877,12,1012.4,2005,15
317,2025-11-26 12:25:38+05:30,1011.8,1,999.59,6225066,428790.0,390452.0,986.2,1012.2,981.3,986.2,120431250,1084.8,887.6,1102.5,649.1,1011.8,83,2,1011.7,245,3,1011.6,1076,12,1011.5,1339,15,1011.4,2137,11,1011.9,90,2,1012.1,10,1,1012.2,358,10,1012.3,877,12,1012.4,2005,15
317,2025-11-26 12:25:38+05:30,1011.8,1,999.59,6225066,428790.0,390452.0,986.2,1012.2,981.3,986.2,120431250,1084.8,887.6,1102.5,649.1,1011.8,83,2,1011.7,245,3,1011.6,1076,12,1011.5,1339,15,1011.4,2137,11,1011.9,90,2,1012.1,10,1,1012.2,358,10,1012.3,877,12,1012.4,2005,15
317,2025-11-26 12:25:39+05:30,1011.8,1,999.59,6225066,428790.0,390452.0,986.2,1012.2,981.3,986.2,120431250,1084.8,887.6,1102.5,649.1,1011.8,83,2,1011.7,245,3,1011.6,1076,12,1011.5,1339,15,1011.4,2137,11,1011.9,90,2,1012.1,10,1,1012.2,358,10,1012.3,877,12,1012.4,2005,15
317,2025-11-26 12:25:39+05:30,1011.8,112,999.59,6225066,428790.0,390452.0,986.2,1012.2,981.3,986.2,120431250,1084.8,887.6,1102.5,649.1,1011.8,83,2,1011.7,245,3,1011.6,1076,12,1011.5,1339,15,1011.4,2137,11,1011.9,90,2,1012.1,10,1,1012.2,358,10,1012.3,877,12,1012.4,2005,15
317,2025-11-26 12:25:39+05:30,1011.8,112,999.59,6225066,428790.0,390452.0,986.2,1012.2,981.3,986.2,120431250,1084.8,887.6,1102.5,649.1,1011.8,83,2,1011.7,245,3,1011.6,1076,12,1011.5,1339,15,1011.4,2137,11,1011.9,90,2,1012.1,10,1,1012.2,358,10,1012.3,877,12,1012.4,2005,15
317,2025-11-26 12:25:39+05:30,1011.8,112,999.59,6225241,428274.0,390456.0,986.2,1012.2,981.3,986.2,120431250,1084.8,887.6,1102.5,649.1,1011.8,142,2,1011.7,5,1,1011.6,913,10,1011.5,1279,15,1011.4,2270,13,1011.9,90,2,1012.0,46,1,1012.1,10,1,1012.2,538,11,1012.3,904,13
317,2025-11-26 12:25:40+05:30,1011.8,112,999.59,6225241,428274.0,390456.0,986.2,1012.2,981.3,986.2,120431250,1084.8,887.6,1102.5,649.1,1011.8,142,2,1011.7,5,1,1011.6,913,10,1011.5,1279,15,1011.4,2270,13,1011.9,90,2,1012.0,46,1,1012.1,10,1,1012.2,538,11,1012.3,904,13
317,2025-11-26 12:25:40+05:30,1011.9,1,999.59,6225241,428274.0,390456.0,986.2,1012.2,981.3,986.2,120431250,1084.8,887.6,1102.5,649.1,1011.8,142,2,1011.7,5,1,1011.6,913,10,1011.5,1279,15,1011.4,2270,13,1011.9,90,2,1012.0,46,1,1012.1,10,1,1012.2,538,11,1012.3,904,13
317,2025-11-26 12:25:40+05:30,1011.9,1,999.59,6225241,428274.0,390456.0,986.2,1012.2,981.3,986.2,120431250,1084.8,887.6,1102.5,649.1,1011.8,142,2,1011.7,5,1,1011.6,913,10,1011.5,1279,15,1011.4,2270,13,1011.9,90,2,1012.0,46,1,1012.1,10,1,1012.2,538,11,1012.3,904,13
317,2025-11-26 12:25:40+05:30,1011.9,1,999.59,6225241,428274.0,390456.0,986.2,1012.2,981.3,986.2,120427500,1084.8,887.6,1102.5,649.1,1011.8,142,2,1011.7,5,1,1011.6,913,10,1011.5,1279,15,1011.4,2270,13,1011.9,90,2,1012.0,46,1,1012.1,10,1,1012.2,538,11,1012.3,904,13
317,2025-11-26 12:25:41+05:30,1011.9,1,999.59,6225241,428274.0,390456.0,986.2,1012.2,981.3,986.2,120427500,1084.8,887.6,1102.5,649.1,1011.8,142,2,1011.7,5,1,1011.6,913,10,1011.5,1279,15,1011.4,2270,13,1011.9,90,2,1012.0,46,1,1012.1,10,1,1012.2,538,11,1012.3,904,13
317,2025-11-26 12:25:41+05:30,1011.9,2,999.59,6225241,428274.0,390456.0,986.2,1012.2,981.3,986.2,120427500,1084.8,887.6,1102.5,649.1,1011.8,142,2,1011.7,5,1,1011.6,913,10,1011.5,1279,15,1011.4,2270,13,1011.9,90,2,1012.0,46,1,1012.1,10,1,1012.2,538,11,1012.3,904,13
317,2025-11-26 12:25:41+05:30,1011.9,2,999.59,6225241,428274.0,390456.0,986.2,1012.2,981.3,986.2,120427500,1084.8,887.6,1102.5,649.1,1011.8,142,2,1011.7,5,1,1011.6,913,10,1011.5,1279,15,1011.4,2270,13,1011.9,90,2,1012.0,46,1,1012.1,10,1,1012.2,538,11,1012.3,904,13
317,2025-11-26 12:25:41+05:30,1011.8,68,999.59,6225454,427842.0,391354.0,986.2,1012.2,981.3,986.2,120427500,1084.8,887.6,1102.5,649.1,1011.7,226,3,1011.6,453,6,1011.5,1417,16,1011.4,2431,14,1011.3,2590,14,1011.8,104,1,1011.9,1,1,1012.0,46,1,1012.1,202,1,1012.2,538,11
317,2025-11-26 12:25:42+05:30,1011.8,283,999.59,6225454,427842.0,391354.0,986.2,1012.2,981.3,986.2,120427500,1084.8,887.6,1102.5,649.1,1011.7,226,3,1011.6,453,6,1011.5,1417,16,1011.4,2431,14,1011.3,2590,14,1011.8,104,1,1011.9,1,1,1012.0,46,1,1012.1,202,1,1012.2,538,11
317,2025-11-26 12:25:43+05:30,1011.8,5,999.59,6225746,429617.0,390549.0,986.2,1012.2,981.3,986.2,120427500,1084.8,887.6,1102.5,649.1,1011.7,412,5,1011.6,719,7,1011.5,1857,15,1011.4,3210,16,1011.3,2456,14,1011.8,95,1,1011.9,1,1,1012.0,46,1,1012.2,291,8,1012.3,934,12
317,2025-11-26 12:25:43+05:30,1011.8,5,999.59,6225746,429617.0,390549.0,986.2,1012.2,981.3,986.2,120427500,1084.8,887.6,1102.5,649.1,1011.7,412,5,1011.6,719,7,1011.5,1857,15,1011.4,3210,16,1011.3,2456,14,1011.8,95,1,1011.9,1,1,1012.0,46,1,1012.2,291,8,1012.3,934,12
317,2025-11-26 12:25:44+05:30,1011.8,2,999.59,6226123,428196.0,394258.0,986.2,1012.2,981.3,986.2,120427500,1084.8,887.6,1102.5,649.1,1011.7,5,1,1011.6,517,6,1011.5,1777,13,1011.4,3002,15,1011.3,2367,13,1011.8,93,1,1011.9,1,1,1012.0,46,1,1012.1,205,2,1012.2,537,11
317,2025-11-26 12:25:44+05:30,1011.8,2,999.59,6226123,428196.0,394258.0,986.2,1012.2,981.3,986.2,120427500,1084.8,887.6,1102.5,649.1,1011.7,5,1,1011.6,517,6,1011.5,1777,13,1011.4,3002,15,1011.3,2367,13,1011.8,93,1,1011.9,1,1,1012.0,46,1,1012.1,205,2,1012.2,537,11
317,2025-11-26 12:25:45+05:30,1011.8,2,999.59,6226277,428414.0,394355.0,986.2,1012.2,981.3,986.2,120427500,1084.8,887.6,1102.5,649.1,1011.7,111,2,1011.6,549,7,1011.5,1928,14,1011.4,3118,16,1011.3,2367,13,1011.8,102,1,1011.9,1,1,1012.0,51,2,1012.1,3,1,1012.2,539,12
317,2025-11-26 12:25:45+05:30,1011.8,2,999.59,6226277,428414.0,394355.0,986.2,1012.2,981.3,986.2,120427500,1084.8,887.6,1102.5,649.1,1011.7,111,2,1011.6,549,7,1011.5,1928,14,1011.4,3118,16,1011.3,2367,13,1011.8,102,1,1011.9,1,1,1012.0,51,2,1012.1,3,1,1012.2,539,12
317,2025-11-26 12:25:46+05:30,1011.7,20,999.59,6226435,427984.0,395875.0,986.2,1012.2,981.3,986.2,120427500,1084.8,887.6,1102.5,649.1,1011.7,5,1,1011.6,515,6,1011.5,1988,15,1011.4,3133,16,1011.3,2547,14,1011.8,103,1,1011.9,42,2,1012.0,5,1,1012.1,3,1,1012.2,531,11
317,2025-11-26 12:25:46+05:30,1011.8,1,999.59,6226435,427984.0,395875.0,986.2,1012.2,981.3,986.2,120427500,1084.8,887.6,1102.5,649.1,1011.7,5,1,1011.6,515,6,1011.5,1988,15,1011.4,3133,16,1011.3,2547,14,1011.8,103,1,1011.9,42,2,1012.0,5,1,1012.1,3,1,1012.2,531,11
317,2025-11-26 12:25:47+05:30,1011.7,4,999.59,6226557,428391.0,396662.0,986.2,1012.2,981.3,986.2,120427500,1084.8,887.6,1102.5,649.1,1011.6,391,4,1011.5,1950,13,1011.4,3161,19,1011.3,2547,14,1011.2,861,12,1011.7,20,1,1011.8,19,1,1011.9,42,2,1012.0,5,1,1012.1,202,1
317,2025-11-26 12:25:47+05:30,1011.7,4,999.59,6226557,428391.0,396662.0,986.2,1012.2,981.3,986.2,120427500,1084.8,887.6,1102.5,649.1,1011.6,391,4,1011.5,1950,13,1011.4,3161,19,1011.3,2547,14,1011.2,861,12,1011.7,20,1,1011.8,19,1,1011.9,42,2,1012.0,5,1,1012.1,202,1
317,2025-11-26 12:25:48+05:30,1011.7,4,999.59,6226557,428363.0,396712.0,986.2,1012.2,981.3,986.2,120427500,1084.8,887.6,1102.5,649.1,1011.6,391,4,1011.5,1950,13,1011.4,3161,19,1011.3,2572,15,1011.2,861,12,1011.7,20,1,1011.8,19,1,1011.9,42,2,1012.0,5,1,1012.1,202,1
317,2025-11-26 12:25:48+05:30,1011.6,1,999.59,6226557,428363.0,396712.0,986.2,1012.2,981.3,986.2,120427500,1084.8,887.6,1102.5,649.1,1011.6,391,4,1011.5,1950,13,1011.4,3161,19,1011.3,2572,15,1011.2,861,12,1011.7,20,1,1011.8,19,1,1011.9,42,2,1012.0,5,1,1012.1,202,1
317,2025-11-26 12:25:49+05:30,1011.6,1,999.59,6226563,428379.0,396653.0,986.2,1012.2,981.3,986.2,120427500,1084.8,887.6,1102.5,649.1,1011.6,83,1,1011.5,1935,12,1011.4,3176,20,1011.3,2572,15,1011.2,1041,13,1011.7,17,3,1011.8,19,1,1011.9,41,1,1012.0,5,1,1012.1,425,3
317,2025-11-26 12:25:49+05:30,1011.7,10,999.59,6226563,428379.0,396653.0,986.2,1012.2,981.3,986.2,120427500,1084.8,887.6,1102.5,649.1,1011.6,83,1,1011.5,1935,12,1011.4,3176,20,1011.3,2572,15,1011.2,1041,13,1011.7,17,3,1011.8,19,1,1011.9,41,1,1012.0,5,1,1012.1,425,3
317,2025-11-26 12:25:50+05:30,1011.8,6,999.59,6226586,428574.0,396580.0,986.2,1012.2,981.3,986.2,120427500,1084.8,887.6,1102.5,649.1,1011.6,83,1,1011.5,1935,12,1011.4,3201,21,1011.3,2547,14,1011.2,1041,13,1011.8,14,2,1011.9,41,1,1012.0,15,2,1012.1,426,4,1012.2,500,10
317,2025-11-26 12:25:50+05:30,1011.8,1,999.59,6226586,428574.0,396580.0,986.2,1012.2,981.3,986.2,120427500,1084.8,887.6,1102.5,649.1,1011.6,83,1,1011.5,1935,12,1011.4,3201,21,1011.3,2547,14,1011.2,1041,13,1011.8,14,2,1011.9,41,1,1012.0,15,2,1012.1,426,4,1012.2,500,10
317,2025-11-26 12:25:51+05:30,1011.9,201,999.59,6226803,430012.0,394574.0,986.2,1012.2,981.3,986.2,120427500,1084.8,887.6,1102.5,649.1,1011.8,1,1,1011.6,1038,11,1011.5,1837,11,1011.4,3228,20,1011.3,2509,13,1012.0,15,2,1012.1,1,1,1012.2,425,8,1012.3,765,9,1012.4,2198,16
317,2025-11-26 12:25:51+05:30,1011.6,8,999.59,6226803,430012.0,394574.0,986.2,1012.2,981.3,986.2,120427500,1084.8,887.6,1102.5,649.1,1011.8,1,1,1011.6,1038,11,1011.5,1837,11,1011.4,3228,20,1011.3,2509,13,1012.0,15,2,1012.1,1,1,1012.2,425,8,1012.3,765,9,1012.4,2198,16
317,2025-11-26 12:25:52+05:30,1011.6,8,999.59,6227053,428728.0,394665.0,986.2,1012.2,981.3,986.2,120427500,1084.8,887.6,1102.5,649.1,1011.6,647,9,1011.5,1927,12,1011.4,2478,19,1011.3,2509,13,1011.2,1199,14,1011.9,32,1,1012.0,106,3,1012.1,1,1,1012.2,466,10,1012.3,876,10
317,2025-11-26 12:25:53+05:30,1011.9,5,999.59,6227062,429072.0,394446.0,986.2,1012.2,981.3,986.2,120427500,1084.8,887.6,1102.5,649.1,1011.8,5,1,1011.7,250,1,1011.6,737,10,1011.5,1889,13,1011.4,2478,19,1011.9,23,1,1012.0,206,4,1012.1,5,1,1012.2,366,9,1012.3,767,11
317,2025-11-26 12:25:53+05:30,1011.9,5,999.59,6227062,429072.0,394446.0,986.2,1012.2,981.3,986.2,120427500,1084.8,887.6,1102.5,649.1,1011.8,5,1,1011.7,250,1,1011.6,737,10,1011.5,1889,13,1011.4,2478,19,1011.9,23,1,1012.0,206,4,1012.1,5,1,1012.2,366,9,1012.3,767,11
317,2025-11-26 12:25:54+05:30,1011.9,19,999.59,6227081,428099.0,394454.0,986.2,1012.2,981.3,986.2,120427500,1084.8,887.6,1102.5,649.1,1011.8,5,1,1011.7,250,1,1011.6,737,10,1011.5,1889,13,1011.4,2478,19,1011.9,4,1,1012.0,206,4,1012.1,5,1,1012.2,366,9,1012.3,767,11
317,2025-11-26 12:25:54+05:30,1012.0,34,999.59,6227081,428099.0,394454.0,986.2,1012.2,981.3,986.2,120427500,1084.8,887.6,1102.5,649.1,1011.8,5,1,1011.7,250,1,1011.6,737,10,1011.5,1889,13,1011.4,2478,19,1011.9,4,1,1012.0,206,4,1012.1,5,1,1012.2,366,9,1012.3,767,11
317,2025-11-26 12:25:55+05:30,1011.8,4,999.59,6227575,426468.0,392338.0,986.2,1012.2,981.3,986.2,120427500,1084.8,887.6,1102.5,649.1,1011.8,1,1,1011.7,430,4,1011.6,793,11,1011.5,1865,12,1011.4,1713,17,1012.1,5,1,1012.2,254,8,1012.3,653,9,1012.4,1094,13,1012.5,2294,29
317,2025-11-26 12:25:55+05:30,1011.7,4,999.59,6227575,426468.0,392338.0,986.2,1012.2,981.3,986.2,120427500,1084.8,887.6,1102.5,649.1,1011.8,1,1,1011.7,430,4,1011.6,793,11,1011.5,1865,12,1011.4,1713,17,1012.1,5,1,1012.2,254,8,1012.3,653,9,1012.4,1094,13,1012.5,2294,29
317,2025-11-26 12:25:56+05:30,1012.2,2,999.59,6227658,425402.0,393543.0,986.2,1012.2,981.3,986.2,120427500,1084.8,887.6,1102.5,649.1,1011.7,245,1,1011.6,793,11,1011.5,1878,13,1011.4,1708,16,1011.3,2581,14,1012.2,1270,10,1012.3,797,11,1012.4,1194,13,1012.5,2294,29,1012.6,3004,16
317,2025-11-26 12:25:56+05:30,1011.5,36,999.59,6227658,425402.0,393543.0,986.2,1012.2,981.3,986.2,120427500,1084.8,887.6,1102.5,649.1,1011.7,245,1,1011.6,793,11,1011.5,1878,13,1011.4,1708,16,1011.3,2581,14,1012.2,1270,10,1012.3,797,11,1012.4,1194,13,1012.5,2294,29,1012.6,3004,16
317,2025-11-26 12:25:57+05:30,1011.5,36,999.6,6229600,426918.0,394508.0,986.2,1012.2,981.3,986.2,120427500,1084.8,887.6,1102.5,649.1,1011.6,1367,7,1011.5,2598,12,1011.4,694,13,1011.3,2497,13,1011.2,2256,18,1012.1,204,3,1012.2,1330,11,1012.3,962,16,1012.4,1253,16,1012.5,2124,29
317,2025-11-26 12:25:57+05:30,1012.1,38,999.6,6229600,426918.0,394508.0,986.2,1012.2,981.3,986.2,120427500,1084.8,887.6,1102.5,649.1,1011.6,1367,7,1011.5,2598,12,1011.4,694,13,1011.3,2497,13,1011.2,2256,18,1012.1,204,3,1012.2,1330,11,1012.3,962,16,1012.4,1253,16,1012.5,2124,29
317,2025-11-26 12:25:58+05:30,1012.1,38,999.6,6229728,425610.0,394532.0,986.2,1012.2,981.3,986.2,120427500,1084.8,887.6,1102.5,649.1,1011.7,111,1,1011.6,1144,10,1011.5,2281,13,1011.4,833,8,1011.3,2497,13,1012.2,1579,12,1012.3,759,13,1012.4,1068,12,1012.5,2221,28,1012.6,2638,15
317,2025-11-26 12:25:59+05:30,1012.1,38,999.6,6229728,428077.0,394635.0,986.2,1012.2,981.3,986.2,120427500,1084.8,887.6,1102.5,649.1,1011.6,1159,11,1011.5,2918,12,1011.4,2269,11,1011.3,1063,15,1011.2,2005,18,1012.0,1,1,1012.1,180,1,1012.2,1399,10,1012.3,773,13,1012.4,1272,14
317,2025-11-26 12:25:59+05:30,1012.2,89,999.6,6229728,428077.0,394635.0,986.2,1012.2,981.3,986.2,120427500,1084.8,887.6,1102.5,649.1,1011.6,1159,11,1011.5,2918,12,1011.4,2269,11,1011.3,1063,15,1011.2,2005,18,1012.0,1,1,1012.1,180,1,1012.2,1399,10,1012.3,773,13,1012.4,1272,14
317,2025-11-26 12:26:00+05:30,1012.2,1,999.6,6231737,425076.0,392486.0,986.2,1012.2,981.3,986.2,120427500,1084.8,887.6,1102.5,649.1,1011.7,438,7,1011.6,1673,14,1011.5,2202,13,1011.4,2373,13,1011.3,966,16,1012.2,83,2,1012.3,580,9,1012.4,910,11,1012.5,2421,31,1012.6,1929,15
317,2025-11-26 12:26:00+05:30,1012.2,1,999.6,6231737,425076.0,392486.0,986.2,1012.2,981.3,986.2,120427500,1084.8,887.6,1102.5,649.1,1011.7,438,7,1011.6,1673,14,1011.5,2202,13,1011.4,2373,13,1011.3,966,16,1012.2,83,2,1012.3,580,9,1012.4,910,11,1012.5,2421,31,1012.6,1929,15
317,2025-11-26 12:26:01+05:30,1012.2,1,999.6,6231747,424970.0,392646.0,986.2,1012.2,981.3,986.2,120427500,1084.8,887.6,1102.5,649.1,1011.7,354,5,1011.6,1673,14,1011.5,2202,13,1011.4,2373,13,1011.3,966,16,1012.2,1045,5,1012.3,645,10,1012.4,910,11,1012.5,2331,30,1012.6,1929,15
317,2025-11-26 12:26:01+05:30,1012.2,1,999.6,6231747,424970.0,392646.0,986.2,1012.2,981.3,986.2,120427500,1084.8,887.6,1102.5,649.1,1011.7,354,5,1011.6,1673,14,1011.5,2202,13,1011.4,2373,13,1011.3,966,16,1012.2,1045,5,1012.3,645,10,1012.4,910,11,1012.5,2331,30,1012.6,1929,15
317,2025-11-26 12:26:02+05:30,1011.6,46,999.6,6232127,427776.0,395926.0,986.2,1012.2,981.3,986.2,120427500,1084.8,887.6,1102.5,649.1,1011.6,1460,13,1011.5,2941,14,1011.4,2384,14,1011.3,918,14,1011.2,1928,15,1011.9,100,1,1012.1,5,1,1012.2,1126,5,1012.3,800,12,1012.4,2070,15
317,2025-11-26 12:26:02+05:30,1011.6,1,999.6,6232127,427776.0,395926.0,986.2,1012.2,981.3,986.2,120427500,1084.8,887.6,1102.5,649.1,1011.6,1460,13,1011.5,2941,14,1011.4,2384,14,1011.3,918,14,1011.2,1928,15,1011.9,100,1,1012.1,5,1,1012.2,1126,5,1012.3,800,12,1012.4,2070,15
317,2025-11-26 12:26:03+05:30,1011.9,4,999.6,6232137,428643.0,396076.0,986.2,1012.2,981.3,986.2,120427500,1084.8,887.6,1102.5,649.1,1011.7,197,1,1011.6,937,9,1011.5,3715,16,1011.4,2384,14,1011.3,1098,15,1011.9,326,2,1012.1,5,1,1012.2,1126,5,1012.3,800,12,1012.4,2070,15
317,2025-11-26 12:26:03+05:30,1011.9,4,999.6,6232137,428643.0,396076.0,986.2,1012.2,981.3,986.2,120427500,1084.8,887.6,1102.5,649.1,1011.7,197,1,1011.6,937,9,1011.5,3715,16,1011.4,2384,14,1011.3,1098,15,1011.9,326,2,1012.1,5,1,1012.2,1126,5,1012.3,800,12,1012.4,2070,15
317,2025-11-26 12:26:04+05:30,1011.9,60,999.6,6232197,428611.0,395786.0,986.2,1012.2,981.3,986.2,120427500,1084.8,887.6,1102.5,649.1,1011.7,197,1,1011.6,937,9,1011.5,3715,16,1011.4,2384,14,1011.3,1098,15,1011.9,266,2,1012.1,5,1,1012.2,1126,5,1012.3,800,12,1012.4,2070,15
317,2025-11-26 12:26:04+05:30,1011.9,60,999.6,6232197,428611.0,395786.0,986.2,1012.2,981.3,986.2,120427500,1084.8,887.6,1102.5,649.1,1011.7,197,1,1011.6,937,9,1011.5,3715,16,1011.4,2384,14,1011.3,1098,15,1011.9,266,2,1012.1,5,1,1012.2,1126,5,1012.3,800,12,1012.4,2070,15
317,2025-11-26 12:26:05+05:30,1011.9,2,999.6,6232516,429215.0,396061.0,986.2,1012.2,981.3,986.2,120427500,1084.8,887.6,1102.5,649.1,1011.7,202,2,1011.6,1028,9,1011.5,3715,16,1011.4,2384,14,1011.3,1103,16,1011.9,123,2,1012.1,45,2,1012.2,1585,5,1012.3,800,12,1012.4,1772,14
317,2025-11-26 12:26:05+05:30,1011.9,2,999.6,6232516,429215.0,396061.0,986.2,1012.2,981.3,986.2,120427500,1084.8,887.6,1102.5,649.1,1011.7,202,2,1011.6,1028,9,1011.5,3715,16,1011.4,2384,14,1011.3,1103,16,1011.9,123,2,1012.1,45,2,1012.2,1585,5,1012.3,800,12,1012.4,1772,14
317,2025-11-26 12:26:06+05:30,1011.9,1,999.6,6232665,429030.0,395873.0,986.2,1012.2,981.3,986.2,120427500,1084.8,887.6,1102.5,649.1,1011.8,172,1,1011.7,5,1,1011.6,1136,10,1011.5,3715,16,1011.4,2384,14,1011.9,99,1,1012.1,41,2,1012.2,1585,5,1012.3,691,11,1012.4,1673,13
317,2025-11-26 12:26:06+05:30,1011.9,3,999.6,6232665,429030.0,395873.0,986.2,1012.2,981.3,986.2,120427500,1084.8,887.6,1102.5,649.1,1011.8,172,1,1011.7,5,1,1011.6,1136,10,1011.5,3715,16,1011.4,2384,14,1011.9,99,1,1012.1,41,2,1012.2,1585,5,1012.3,691,11,1012.4,1673,13
317,2025-11-26 12:26:07+05:30,1011.8,3,999.61,6233436,428785.0,395770.0,986.2,1012.2,981.3,986.2,120427500,1084.8,887.6,1102.5,649.1,1011.6,1081,10,1011.5,3762,16,1011.4,2447,16,1011.3,1069,15,1011.2,1673,15,1011.8,19,1,1011.9,5,1,1012.1,39,1,1012.2,1610,7,1012.3,756,11
317,2025-11-26 12:26:07+05:30,1011.8,3,999.61,6233436,428785.0,395770.0,986.2,1012.2,981.3,986.2,120427500,1084.8,887.6,1102.5,649.1,1011.6,1081,10,1011.5,3762,16,1011.4,2447,16,1011.3,1069,15,1011.2,1673,15,1011.8,19,1,1011.9,5,1,1012.1,39,1,1012.2,1610,7,1012.3,756,11
317,2025-11-26 12:26:08+05:30,1011.8,3,999.61,6233436,428839.0,395558.0,986.2,1012.2,981.3,986.2,120427500,1084.8,887.6,1102.5,649.1,1011.6,1028,9,1011.5,3762,16,1011.4,2447,16,1011.3,1069,15,1011.2,1707,16,1011.8,19,1,1011.9,5,1,1012.0,49,1,1012.1,39,1,1012.2,1610,7
317,2025-11-26 12:26:08+05:30,1011.8,4,999.61,6233436,428839.0,395558.0,986.2,1012.2,981.3,986.2,120427500,1084.8,887.6,1102.5,649.1,1011.6,1028,9,1011.5,3762,16,1011.4,2447,16,1011.3,1069,15,1011.2,1707,16,1011.8,19,1,1011.9,5,1,1012.0,49,1,1012.1,39,1,1012.2,1610,7
317,2025-11-26 12:26:09+05:30,1011.8,4,999.61,6233440,428754.0,395487.0,986.2,1012.2,981.3,986.2,120427500,1084.8,887.6,1102.5,649.1,1011.6,828,6,1011.5,3866,18,1011.4,2447,16,1011.3,1069,15,1011.2,1707,16,1011.8,15,1,1011.9,5,1,1012.0,49,1,1012.1,39,1,1012.2,1610,7
317,2025-11-26 12:26:10+05:30,1011.8,1,999.61,6233656,428751.0,396181.0,986.2,1012.2,981.3,986.2,120427500,1084.8,887.6,1102.5,649.1,1011.6,613,6,1011.5,3867,17,1011.4,2447,16,1011.3,1069,15,1011.2,1887,17,1011.8,34,1,1011.9,5,1,1012.0,54,2,1012.1,220,2,1012.2,1663,8
317,2025-11-26 12:26:10+05:30,1011.8,1,999.61,6233656,428751.0,396181.0,986.2,1012.2,981.3,986.2,120427500,1084.8,887.6,1102.5,649.1,1011.6,613,6,1011.5,3867,17,1011.4,2447,16,1011.3,1069,15,1011.2,1887,17,1011.8,34,1,1011.9,5,1,1012.0,54,2,1012.1,220,2,1012.2,1663,8
317,2025-11-26 12:26:11+05:30,1011.8,4,999.61,6233662,428743.0,396150.0,986.2,1012.2,981.3,986.2,120427500,1084.8,887.6,1102.5,649.1,1011.6,613,6,1011.5,3867,17,1011.4,2447,16,1011.3,1069,15,1011.2,1887,17,1011.8,29,2,1011.9,5,1,1012.0,54,2,1012.1,220,2,1012.2,1663,8
317,2025-11-26 12:26:11+05:30,1011.8,4,999.61,6233662,428743.0,396150.0,986.2,1012.2,981.3,986.2,120427500,1084.8,887.6,1102.5,649.1,1011.6,613,6,1011.5,3867,17,1011.4,2447,16,1011.3,1069,15,1011.2,1887,17,1011.8,29,2,1011.9,5,1,1012.0,54,2,1012.1,220,2,1012.2,1663,8
317,2025-11-26 12:26:12+05:30,1011.8,4,999.61,6233662,430069.0,396786.0,986.2,1012.2,981.3,986.2,120427500,1084.8,887.6,1102.5,649.1,1011.6,571,4,1011.5,3920,18,1011.4,3171,16,1011.3,1092,16,1011.2,1887,17,1011.7,39,1,1011.8,154,3,1011.9,5,1,1012.0,54,2,1012.1,220,2
317,2025-11-26 12:26:12+05:30,1011.6,20,999.61,6233662,430069.0,396786.0,986.2,1012.2,981.3,986.2,120427500,1084.8,887.6,1102.5,649.1,1011.6,571,4,1011.5,3920,18,1011.4,3171,16,1011.3,1092,16,1011.2,1887,17,1011.7,39,1,1011.8,154,3,1011.9,5,1,1012.0,54,2,1012.1,220,2
317,2025-11-26 12:26:13+05:30,1011.8,10,999.61,6234476,431858.0,393022.0,986.2,1012.2,981.3,986.2,120427500,1084.8,887.6,1102.5,649.1,1011.8,1721,6,1011.7,1838,8,1011.6,1297,15,1011.5,3247,18,1011.4,1830,18,1012.2,1385,4,1012.3,587,6,1012.4,564,6,1012.5,1984,22,1012.6,1853,12
317,2025-11-26 12:26:13+05:30,1012.2,49,999.61,6234476,431858.0,393022.0,986.2,1012.2,981.3,986.2,120427500,1084.8,887.6,1102.5,649.1,1011.8,1721,6,1011.7,1838,8,1011.6,1297,15,1011.5,3247,18,1011.4,1830,18,1012.2,1385,4,1012.3,587,6,1012.4,564,6,1012.5,1984,22,1012.6,1853,12
317,2025-11-26 12:26:14+05:30,1012.1,1,999.61,6234551,430887.0,393446.0,986.2,1012.2,981.3,986.2,120427500,1084.8,887.6,1102.5,649.1,1011.9,422,1,1011.8,2694,10,1011.7,2017,8,1011.6,977,17,1011.5,2535,18,1012.1,24,1,1012.2,1336,4,1012.3,419,5,1012.4,612,10,1012.5,2132,26
317,2025-11-26 12:26:14+05:30,1012.1,24,999.61,6234551,430887.0,393446.0,986.2,1012.2,981.3,986.2,120427500,1084.8,887.6,1102.5,649.1,1011.9,422,1,1011.8,2694,10,1011.7,2017,8,1011.6,977,17,1011.5,2535,18,1012.1,24,1,1012.2,1336,4,1012.3,419,5,1012.4,612,10,1012.5,2132,26
317,2025-11-26 12:26:15+05:30,1012.2,108,999.61,6235803,433217.0,392834.0,986.2,1012.2,981.3,986.2,120427500,1084.8,887.6,1102.5,649.1,1012.1,1,1,1012.0,188,2,1011.9,529,4,1011.8,2736,12,1011.7,2183,15,1012.2,111,3,1012.3,157,3,1012.4,515,10,1012.5,2084,24,1012.6,2144,15
317,2025-11-26 12:26:15+05:30,1012.2,4,999.61,6235803,433217.0,392834.0,986.2,1012.2,981.3,986.2,120427500,1084.8,887.6,1102.5,649.1,1012.1,1,1,1012.0,188,2,1011.9,529,4,1011.8,2736,12,1011.7,2183,15,1012.2,111,3,1012.3,157,3,1012.4,515,10,1012.5,2084,24,1012.6,2144,15
317,2025-11-26 12:26:16+05:30,1012.2,2,999.61,6235919,432706.0,392646.0,986.2,1012.2,981.3,986.2,120427500,1084.8,887.6,1102.5,649.1,1012.0,76,1,1011.9,479,3,1011.8,2894,14,1011.7,2288,16,1011.6,951,15,1012.2,3,1,1012.3,157,3,1012.4,349,9,1012.5,1915,23,1012.6,2144,15
317,2025-11-26 12:26:16+05:30,1012.2,2,999.61,6235919,432706.0,392646.0,986.2,1012.2,981.3,986.2,120427500,1084.8,887.6,1102.5,649.1,1012.0,76,1,1011.9,479,3,1011.8,2894,14,1011.7,2288,16,1011.6,951,15,1012.2,3,1,1012.3,157,3,1012.4,349,9,1012.5,1915,23,1012.6,2144,15
317,2025-11-26 12:26:17+05:30,1012.2,1,999.61,6236070,432806.0,393623.0,986.2,1012.2,981.3,986.2,120427500,1084.8,887.6,1102.5,649.1,1012.0,89,2,1011.9,585,4,1011.8,2821,12,1011.7,2190,16,1011.6,940,14,1012.2,84,1,1012.3,157,3,1012.4,513,11,1012.5,2125,25,1012.6,2846,15
317,2025-11-26 12:26:17+05:30,1012.2,1,999.61,6236070,432806.0,393623.0,986.2,1012.2,981.3,986.2,120427500,1084.8,887.6,1102.5,649.1,1012.0,89,2,1011.9,585,4,1011.8,2821,12,1011.7,2190,16,1011.6,940,14,1012.2,84,1,1012.3,157,3,1012.4,513,11,1012.5,2125,25,1012.6,2846,15
317,2025-11-26 12:26:18+05:30,1012.2,1,999.61,6236070,432672.0,393540.0,986.2,1012.2,981.3,986.2,120427500,1084.8,887.6,1102.5,649.1,1012.0,89,2,1011.9,427,2,1011.8,2782,13,1011.7,2146,13,1011.6,940,14,1012.2,225,3,1012.3,157,3,1012.4,513,11,1012.5,2125,25,1012.6,3144,16
317,2025-11-26 12:26:19+05:30,1012.0,5,999.61,6236124,433332.0,393491.0,986.2,1012.2,981.3,986.2,120427500,1084.8,887.6,1102.5,649.1,1012.0,84,2,1011.9,427,2,1011.8,2986,15,1011.7,2190,16,1011.6,940,14,1012.2,176,3,1012.3,157,3,1012.4,495,9,1012.5,2143,27,1012.6,3144,16
317,2025-11-26 12:26:19+05:30,1012.0,5,999.61,6236124,433332.0,393491.0,986.2,1012.2,981.3,986.2,120427500,1084.8,887.6,1102.5,649.1,1012.0,84,2,1011.9,427,2,1011.8,2986,15,1011.7,2190,16,1011.6,940,14,1012.2,176,3,1012.3,157,3,1012.4,495,9,1012.5,2143,27,1012.6,3144,16
317,2025-11-26 12:26:20+05:30,1012.2,2,999.61,6236390,433275.0,393777.0,986.2,1012.2,981.3,986.2,120427500,1084.8,887.6,1102.5,649.1,1012.0,100,3,1011.9,427,2,1011.8,2934,14,1011.7,2190,16,1011.6,924,13,1012.2,134,3,1012.3,157,3,1012.4,487,9,1012.5,2148,28,1012.6,2871,16
317,2025-11-26 12:26:20+05:30,1012.2,2,999.61,6236390,433275.0,393777.0,986.2,1012.2,981.3,986.2,120427500,1084.8,887.6,1102.5,649.1,1012.0,100,3,1011.9,427,2,1011.8,2934,14,1011.7,2190,16,1011.6,924,13,1012.2,134,3,1012.3,157,3,1012.4,487,9,1012.5,2148,28,1012.6,2871,16
317,2025-11-26 12:26:21+05:30,1012.2,1,999.61,6236391,433312.0,393776.0,986.2,1012.2,981.3,986.2,120427500,1084.8,887.6,1102.5,649.1,1012.0,100,3,1011.9,427,2,1011.8,2934,14,1011.7,2190,16,1011.6,924,13,1012.2,133,3,1012.3,157,3,1012.4,487,9,1012.5,2173,29,1012.6,2846,15
317,2025-11-26 12:26:21+05:30,1012.0,23,999.61,6236391,433312.0,393776.0,986.2,1012.2,981.3,986.2,120427500,1084.8,887.6,1102.5,649.1,1012.0,100,3,1011.9,427,2,1011.8,2934,14,1011.7,2190,16,1011.6,924,13,1012.2,133,3,1012.3,157,3,1012.4,487,9,1012.5,2173,29,1012.6,2846,15
317,2025-11-26 12:26:22+05:30,1012.1,81,999.61,6237353,430902.0,394798.0,986.2,1012.2,981.3,986.2,120427500,1084.8,887.6,1102.5,649.1,1011.9,432,3,1011.8,2579,9,1011.7,2187,14,1011.6,860,13,1011.5,2474,16,1012.1,85,2,1012.2,135,4,1012.3,157,3,1012.4,544,10,1012.5,2317,31
317,2025-11-26 12:26:22+05:30,1012.1,81,999.61,6237353,430902.0,394798.0,986.2,1012.2,981.3,986.2,120427500,1084.8,887.6,1102.5,649.1,1011.9,432,3,1011.8,2579,9,1011.7,2187,14,1011.6,860,13,1011.5,2474,16,1012.1,85,2,1012.2,135,4,1012.3,157,3,1012.4,544,10,1012.5,2317,31
317,2025-11-26 12:26:23+05:30,1012.1,49,999.61,6237494,431367.0,395050.0,986.2,1012.2,981.3,986.2,120427500,1084.8,887.6,1102.5,649.1,1011.9,432,3,1011.8,2763,11,1011.7,2385,17,1011.6,860,13,1011.5,2474,16,1012.1,29,2,1012.2,136,5,1012.3,212,4,1012.4,549,10,1012.5,2306,30
317,2025-11-26 12:26:23+05:30,1012.1,49,999.61,6237494,431367.0,395050.0,986.2,1012.2,981.3,986.2,120427500,1084.8,887.6,1102.5,649.1,1011.9,432,3,1011.8,2763,11,1011.7,2385,17,1011.6,860,13,1011.5,2474,16,1012.1,29,2,1012.2,136,5,1012.3,212,4,1012.4,549,10,1012.5,2306,30
317,2025-11-26 12:26:24+05:30,1011.9,1,999.61,6237495,432032.0,395073.0,986.2,1012.2,981.3,986.2,120427500,1084.8,887.6,1102.5,649.1,1011.9,431,3,1011.8,2629,10,1011.7,3111,17,1011.6,887,14,1011.5,2513,17,1012.0,40,1,1012.1,279,3,1012.2,136,5,1012.3,212,4,1012.4,534,9
317,2025-11-26 12:26:24+05:30,1011.9,1,999.61,6237495,432032.0,395073.0,986.2,1012.2,981.3,986.2,120427500,1084.8,887.6,1102.5,649.1,1011.9,431,3,1011.8,2629,10,1011.7,3111,17,1011.6,887,14,1011.5,2513,17,1012.0,40,1,1012.1,279,3,1012.2,136,5,1012.3,212,4,1012.4,534,9
317,2025-11-26 12:26:25+05:30,1012.1,211,999.61,6237825,432896.0,394852.0,986.2,1012.2,981.3,986.2,120427500,1084.8,887.6,1102.5,649.1,1011.9,382,3,1011.8,2425,8,1011.7,2394,12,1011.6,860,13,1011.5,2503,16,1012.1,124,3,1012.2,136,5,1012.3,212,4,1012.4,496,8,1012.5,2332,32
317,2025-11-26 12:26:25+05:30,1011.9,30,999.61,6237825,432896.0,394852.0,986.2,1012.2,981.3,986.2,120427500,1084.8,887.6,1102.5,649.1,1011.9,382,3,1011.8,2425,8,1011.7,2394,12,1011.6,860,13,1011.5,2503,16,1012.1,124,3,1012.2,136,5,1012.3,212,4,1012.4,496,8,1012.5,2332,32
317,2025-11-26 12:26:26+05:30,1012.1,20,999.61,6237876,433195.0,395496.0,986.2,1012.2,981.3,986.2,120427500,1084.8,887.6,1102.5,649.1,1012.0,88,2,1011.9,352,3,1011.8,2501,9,1011.7,2460,16,1011.6,886,15,1012.1,104,3,1012.2,181,6,1012.3,392,5,1012.4,587,10,1012.5,2218,29
317,2025-11-26 12:26:26+05:30,1012.1,65,999.61,6237876,433195.0,395496.0,986.2,1012.2,981.3,986.2,120427500,1084.8,887.6,1102.5,649.1,1012.0,88,2,1011.9,352,3,1011.8,2501,9,1011.7,2460,16,1011.6,886,15,1012.1,104,3,1012.2,181,6,1012.3,392,5,1012.4,587,10,1012.5,2218,29
317,2025-11-26 12:26:27+05:30,1012.0,13,999.62,6238028,433731.0,395740.0,986.2,1012.2,981.3,986.2,120427500,1084.8,887.6,1102.5,649.1,1011.9,352,3,1011.8,2301,7,1011.7,3183,16,1011.6,915,16,1011.5,2464,15,1012.0,67,1,1012.1,66,2,1012.2,231,7,1012.3,385,5,1012.4,585,10
317,2025-11-26 12:26:27+05:30,1012.0,13,999.62,6238028,433731.0,395740.0,986.2,1012.2,981.3,986.2,120427500,1084.8,887.6,1102.5,649.1,1011.9,352,3,1011.8,2301,7,1011.7,3183,16,1011.6,915,16,1011.5,2464,15,1012.0,67,1,1012.1,66,2,1012.2,231,7,1012.3,385,5,1012.4,585,10
317,2025-11-26 12:26:28+05:30,1012.0,5,999.62,6238033,434301.0,395977.0,986.2,1012.2,981.3,986.2,120427500,1084.8,887.6,1102.5,649.1,1011.9,353,4,1011.8,2300,6,1011.7,3183,16,1011.6,915,16,1011.5,2504,16,1012.0,62,1,1012.1,66,2,1012.2,431,8,1012.3,338,5,1012.4,585,10
317,2025-11-26 12:26:28+05:30,1012.0,5,999.62,6238033,434301.0,395977.0,986.2,1012.2,981.3,986.2,120427500,1084.8,887.6,1102.5,649.1,1011.9,353,4,1011.8,2300,6,1011.7,3183,16,1011.6,915,16,1011.5,2504,16,1012.0,62,1,1012.1,66,2,1012.2,431,8,1012.3,338,5,1012.4,585,10
317,2025-11-26 12:26:29+05:30,1012.0,5,999.62,6238033,434348.0,395977.0,986.2,1012.2,981.3,986.2,120427500,1084.8,887.6,1102.5,649.1,1011.9,353,4,1011.8,2347,7,1011.7,3183,16,1011.6,915,16,1011.5,2504,16,1012.0,62,1,1012.1,66,2,1012.2,431,8,1012.3,338,5,1012.4,585,10
317,2025-11-26 12:26:30+05:30,1012.0,28,999.62,6238087,434298.0,395923.0,986.2,1012.2,981.3,986.2,120427500,1084.8,887.6,1102.5,649.1,1011.9,353,4,1011.8,2347,7,1011.7,3183,16,1011.6,915,16,1011.5,2504,16,1012.0,8,1,1012.1,66,2,1012.2,431,8,1012.3,338,5,1012.4,585,10
317,2025-11-26 12:26:30+05:30,1012.0,11,999.62,6238087,434298.0,395923.0,986.2,1012.2,981.3,986.2,120427500,1084.8,887.6,1102.5,649.1,1011.9,353,4,1011.8,2347,7,1011.7,3183,16,1011.6,915,16,1011.5,2504,16,1012.0,8,1,1012.1,66,2,1012.2,431,8,1012.3,338,5,1012.4,585,10
317,2025-11-26 12:26:31+05:30,1012.0,1,999.62,6238107,434147.0,395994.0,986.2,1012.2,981.3,986.2,120427500,1084.8,887.6,1102.5,649.1,1011.9,397,5,1011.8,2399,8,1011.7,3235,17,1011.6,915,16,1011.5,2504,16,1012.0,79,1,1012.1,66,2,1012.2,431,8,1012.3,338,5,1012.4,585,10
317,2025-11-26 12:26:31+05:30,1012.0,50,999.62,6238107,434147.0,395994.0,986.2,1012.2,981.3,986.2,120427500,1084.8,887.6,1102.5,649.1,1011.9,397,5,1011.8,2399,8,1011.7,3235,17,1011.6,915,16,1011.5,2504,16,1012.0,79,1,1012.1,66,2,1012.2,431,8,1012.3,338,5,1012.4,585,10
317,2025-11-26 12:26:32+05:30,1012.2,129,999.62,6239456,434488.0,395022.0,986.2,1012.2,981.3,986.2,120427500,1084.8,887.6,1102.5,649.1,1012.0,327,4,1011.9,750,1,1011.8,2550,10,1011.7,2249,11,1011.6,1018,19,1012.2,165,4,1012.3,295,6,1012.4,607,8,1012.5,2218,29,1012.6,2846,15
317,2025-11-26 12:26:32+05:30,1012.2,129,999.62,6239456,434488.0,395022.0,986.2,1012.2,981.3,986.2,120427500,1084.8,887.6,1102.5,649.1,1012.0,327,4,1011.9,750,1,1011.8,2550,10,1011.7,2249,11,1011.6,1018,19,1012.2,165,4,1012.3,295,6,1012.4,607,8,1012.5,2218,29,1012.6,2846,15
317,2025-11-26 12:26:33+05:30,1012.2,23,999.62,6239489,429983.0,396756.0,986.2,1012.2,981.3,986.2,120427500,1084.8,887.6,1102.5,649.1,1012.0,330,4,1011.8,958,5,1011.7,140,2,1011.6,616,8,1011.5,2417,15,1012.2,1400,8,1012.3,724,11,1012.4,848,11,1012.5,2514,29,1012.6,2666,14
317,2025-11-26 12:26:33+05:30,1012.2,44,999.62,6239489,429983.0,396756.0,986.2,1012.2,981.3,986.2,120427500,1084.8,887.6,1102.5,649.1,1012.0,330,4,1011.8,958,5,1011.7,140,2,1011.6,616,8,1011.5,2417,15,1012.2,1400,8,1012.3,724,11,1012.4,848,11,1012.5,2514,29,1012.6,2666,14
317,2025-11-26 12:26:34+05:30,1012.0,10,999.62,6239625,429802.0,396482.0,986.2,1012.2,981.3,986.2,120427500,1084.8,887.6,1102.5,649.1,1012.0,776,5,1011.8,208,4,1011.7,142,3,1011.6,632,8,1011.5,2415,14,1012.2,1325,6,1012.3,535,8,1012.4,646,10,1012.5,2216,28,1012.6,2666,14
317,2025-11-26 12:26:34+05:30,1012.1,112,999.62,6239625,429802.0,396482.0,986.2,1012.2,981.3,986.2,120427500,1084.8,887.6,1102.5,649.1,1012.0,776,5,1011.8,208,4,1011.7,142,3,1011.6,632,8,1011.5,2415,14,1012.2,1325,6,1012.3,535,8,1012.4,646,10,1012.5,2216,28,1012.6,2666,14
317,2025-11-26 12:26:35+05:30,1012.2,2,999.62,6239792,433788.0,396882.0,986.2,1012.2,981.3,986.2,120427500,1084.8,887.6,1102.5,649.1,1012.0,756,4,1011.9,750,1,1011.8,2362,7,1011.7,390,6,1011.6,570,8,1012.2,1296,5,1012.3,628,10,1012.4,760,13,1012.5,2203,29,1012.6,3154,17
317,2025-11-26 12:26:35+05:30,1012.2,1,999.62,6239792,433788.0,396882.0,986.2,1012.2,981.3,986.2,120427500,1084.8,887.6,1102.5,649.1,1012.0,756,4,1011.9,750,1,1011.8,2362,7,1011.7,390,6,1011.6,570,8,1012.2,1296,5,1012.3,628,10,1012.4,760,13,1012.5,2203,29,1012.6,3154,17
317,2025-11-26 12:26:36+05:30,1012.2,1,999.62,6239923,433791.0,396869.0,986.2,1012.2,981.3,986.2,120427500,1084.8,887.6,1102.5,649.1,1012.0,806,5,1011.9,750,1,1011.8,2362,7,1011.7,390,6,1011.6,570,8,1012.2,1259,5,1012.3,628,10,1012.4,791,14,1012.5,2203,29,1012.6,3154,17
317,2025-11-26 12:26:36+05:30,1012.2,1,999.62,6239923,433791.0,396869.0,986.2,1012.2,981.3,986.2,120427500,1084.8,887.6,1102.5,649.1,1012.0,806,5,1011.9,750,1,1011.8,2362,7,1011.7,390,6,1011.6,570,8,1012.2,1259,5,1012.3,628,10,1012.4,791,14,1012.5,2203,29,1012.6,3154,17
317,2025-11-26 12:26:37+05:30,1012.2,162,999.62,6241001,433600.0,395145.0,986.2,1012.2,981.3,986.2,120427500,1084.8,887.6,1102.5,649.1,1012.0,836,6,1011.9,750,1,1011.8,2364,8,1011.7,390,6,1011.6,570,8,1012.2,181,4,1012.3,342,7,1012.4,520,9,1012.5,2304,30,1012.6,2846,15
317,2025-11-26 12:26:37+05:30,1012.2,40,999.62,6241001,433600.0,395145.0,986.2,1012.2,981.3,986.2,120427500,1084.8,887.6,1102.5,649.1,1012.0,836,6,1011.9,750,1,1011.8,2364,8,1011.7,390,6,1011.6,570,8,1012.2,181,4,1012.3,342,7,1012.4,520,9,1012.5,2304,30,1012.6,2846,15
317,2025-11-26 12:26:38+05:30,1012.2,40,999.62,6241128,433564.0,395548.0,986.2,1012.2,981.3,986.2,120427500,1084.8,887.6,1102.5,649.1,1012.0,836,6,1011.9,750,1,1011.8,2364,8,1011.7,441,6,1011.6,483,7,1012.2,303,4,1012.3,242,6,1012.4,634,10,1012.5,2198,28,1012.6,2846,15
317,2025-11-26 12:26:39+05:30,1012.2,40,999.62,6241128,429447.0,399034.0,986.2,1012.2,981.3,986.2,120427500,1084.8,887.6,1102.5,649.1,1012.0,836,6,1011.8,166,4,1011.7,140,2,1011.6,421,5,1011.5,2377,14,1012.2,907,11,1012.3,574,9,1012.4,3451,14,1012.5,2178,28,1012.6,3012,16
317,2025-11-26 12:26:40+05:30,1012.2,40,999.62,6241128,429354.0,399140.0,986.2,1012.2,981.3,986.2,120427500,1084.8,887.6,1102.5,649.1,1012.0,836,6,1011.8,57,3,1011.7,106,1,1011.6,421,5,1011.5,2422,15,1012.2,907,11,1012.3,574,9,1012.4,3451,14,1012.5,2284,29,1012.6,3012,16
317,2025-11-26 12:26:40+05:30,1012.2,1,999.62,6241128,429354.0,399140.0,986.2,1012.2,981.3,986.2,120427500,1084.8,887.6,1102.5,649.1,1012.0,836,6,1011.8,57,3,1011.7,106,1,1011.6,421,5,1011.5,2422,15,1012.2,907,11,1012.3,574,9,1012.4,3451,14,1012.5,2284,29,1012.6,3012,16
317,2025-11-26 12:26:41+05:30,1012.2,2,999.62,6241131,429352.0,399382.0,986.2,1012.2,981.3,986.2,120427500,1084.8,887.6,1102.5,649.1,1012.0,836,6,1011.8,57,3,1011.7,106,1,1011.6,421,5,1011.5,2420,14,1012.2,1142,13,1012.3,574,9,1012.4,3451,14,1012.5,2284,29,1012.6,3012,16
317,2025-11-26 12:26:41+05:30,1012.2,2,999.62,6241131,429352.0,399382.0,986.2,1012.2,981.3,986.2,120427500,1084.8,887.6,1102.5,649.1,1012.0,836,6,1011.8,57,3,1011.7,106,1,1011.6,421,5,1011.5,2420,14,1012.2,1142,13,1012.3,574,9,1012.4,3451,14,1012.5,2284,29,1012.6,3012,16
317,2025-11-26 12:26:41+05:30,1012.2,2,999.62,6241131,430125.0,399423.0,986.2,1012.2,981.3,986.2,120427500,1084.8,887.6,1102.5,649.1,1012.0,837,7,1011.9,100,1,1011.8,57,3,1011.7,106,1,1011.6,421,5,1012.1,60,1,1012.2,1049,11,1012.3,534,8,1012.4,3451,14,1012.5,2284,29
317,2025-11-26 12:26:42+05:30,1012.0,5,999.62,6241131,430125.0,399423.0,986.2,1012.2,981.3,986.2,120427500,1084.8,887.6,1102.5,649.1,1012.0,837,7,1011.9,100,1,1011.8,57,3,1011.7,106,1,1011.6,421,5,1012.1,60,1,1012.2,1049,11,1012.3,534,8,1012.4,3451,14,1012.5,2284,29
317,2025-11-26 12:26:42+05:30,1012.1,5,999.62,6241355,432308.0,399174.0,986.2,1012.2,981.3,986.2,120427500,1084.8,887.6,1102.5,649.1,1012.0,622,6,1011.9,100,1,1011.8,57,3,1011.7,106,1,1011.6,1256,7,1012.1,51,1,1012.2,766,8,1012.3,755,11,1012.4,3451,14,1012.5,2284,29
317,2025-11-26 12:26:43+05:30,1012.1,23,999.62,6241355,432308.0,399174.0,986.2,1012.2,981.3,986.2,120427500,1084.8,887.6,1102.5,649.1,1012.0,622,6,1011.9,100,1,1011.8,57,3,1011.7,106,1,1011.6,1256,7,1012.1,51,1,1012.2,766,8,1012.3,755,11,1012.4,3451,14,1012.5,2284,29
317,2025-11-26 12:26:43+05:30,1012.1,23,999.62,6241378,429987.0,399368.0,986.2,1012.2,981.3,986.2,120427500,1084.8,887.6,1102.5,649.1,1012.0,622,6,1011.9,100,1,1011.8,57,3,1011.7,106,1,1011.6,461,5,1012.1,66,3,1012.2,1066,11,1012.3,534,8,1012.4,3425,12,1012.5,2310,31
317,2025-11-26 12:26:44+05:30,1012.1,3,999.62,6241378,429987.0,399368.0,986.2,1012.2,981.3,986.2,120427500,1084.8,887.6,1102.5,649.1,1012.0,622,6,1011.9,100,1,1011.8,57,3,1011.7,106,1,1011.6,461,5,1012.1,66,3,1012.2,1066,11,1012.3,534,8,1012.4,3425,12,1012.5,2310,31
317,2025-11-26 12:26:44+05:30,1012.1,3,999.62,6241381,429967.0,399384.0,986.2,1012.2,981.3,986.2,120427500,1084.8,887.6,1102.5,649.1,1012.0,622,6,1011.9,100,1,1011.8,57,3,1011.7,106,1,1011.6,461,5,1012.1,63,3,1012.2,1115,12,1012.3,534,8,1012.4,3425,12,1012.5,2310,31
317,2025-11-26 12:26:45+05:30,1012.1,3,999.62,6241381,429967.0,399384.0,986.2,1012.2,981.3,986.2,120427500,1084.8,887.6,1102.5,649.1,1012.0,622,6,1011.9,100,1,1011.8,57,3,1011.7,106,1,1011.6,461,5,1012.1,63,3,1012.2,1115,12,1012.3,534,8,1012.4,3425,12,1012.5,2310,31
317,2025-11-26 12:26:45+05:30,1012.1,3,999.62,6241384,430101.0,399233.0,986.2,1012.2,981.3,986.2,120427500,1084.8,887.6,1102.5,649.1,1012.0,635,7,1011.9,100,1,1011.8,57,3,1011.7,106,1,1011.6,530,6,1012.1,23,2,1012.2,885,9,1012.3,757,11,1012.4,3425,12,1012.5,2218,25
317,2025-11-26 12:26:46+05:30,1012.0,19,999.62,6241384,430101.0,399233.0,986.2,1012.2,981.3,986.2,120427500,1084.8,887.6,1102.5,649.1,1012.0,635,7,1011.9,100,1,1011.8,57,3,1011.7,106,1,1011.6,530,6,1012.1,23,2,1012.2,885,9,1012.3,757,11,1012.4,3425,12,1012.5,2218,25
317,2025-11-26 12:26:46+05:30,1012.0,33,999.62,6241964,429347.0,399374.0,986.2,1012.2,981.3,986.2,120427500,1084.8,887.6,1102.5,649.1,1012.0,61,4,1011.9,100,1,1011.8,57,3,1011.7,106,1,1011.6,350,5,1012.1,3,2,1012.2,1131,12,1012.3,534,8,1012.4,3425,12,1012.5,2064,26
317,2025-11-26 12:26:47+05:30,1011.9,39,999.62,6241964,429347.0,399374.0,986.2,1012.2,981.3,986.2,120427500,1084.8,887.6,1102.5,649.1,1012.0,61,4,1011.9,100,1,1011.8,57,3,1011.7,106,1,1011.6,350,5,1012.1,3,2,1012.2,1131,12,1012.3,534,8,1012.4,3425,12,1012.5,2064,26
317,2025-11-26 12:26:47+05:30,1012.1,90,999.63,6243307,428259.0,398664.0,986.2,1012.2,981.3,986.2,120427500,1084.8,887.6,1102.5,649.1,1011.9,61,1,1011.8,147,4,1011.7,106,1,1011.6,530,6,1011.5,2508,17,1012.2,297,7,1012.3,558,8,1012.4,3195,11,1012.5,2531,26,1012.6,3361,22
317,2025-11-26 12:26:48+05:30,1012.1,90,999.63,6243307,428259.0,398664.0,986.2,1012.2,981.3,986.2,120427500,1084.8,887.6,1102.5,649.1,1011.9,61,1,1011.8,147,4,1011.7,106,1,1011.6,530,6,1011.5,2508,17,1012.2,297,7,1012.3,558,8,1012.4,3195,11,1012.5,2531,26,1012.6,3361,22
317,2025-11-26 12:26:48+05:30,1012.1,90,999.63,6243307,429003.0,398697.0,986.2,1012.2,981.3,986.2,120427500,1084.8,887.6,1102.5,649.1,1011.9,61,1,1011.8,57,3,1011.7,196,2,1011.6,1309,8,1011.5,2454,17,1012.2,339,7,1012.3,711,11,1012.4,3401,10,1012.5,2259,27,1012.6,3155,19
317,2025-11-26 12:26:49+05:30,1011.9,1,999.63,6243307,429003.0,398697.0,986.2,1012.2,981.3,986.2,120427500,1084.8,887.6,1102.5,649.1,1011.9,61,1,1011.8,57,3,1011.7,196,2,1011.6,1309,8,1011.5,2454,17,1012.2,339,7,1012.3,711,11,1012.4,3401,10,1012.5,2259,27,1012.6,3155,19
317,2025-11-26 12:26:49+05:30,1011.9,1,999.63,6243448,429302.0,398604.0,986.2,1012.2,981.3,986.2,120427500,1084.8,887.6,1102.5,649.1,1011.9,60,1,1011.8,217,3,1011.7,376,3,1011.6,1373,9,1011.5,2415,18,1012.2,74,4,1012.3,523,8,1012.4,3323,9,1012.5,2269,28,1012.6,3345,21
317,2025-11-26 12:26:50+05:30,1012.2,1,999.63,6243448,429302.0,398604.0,986.2,1012.2,981.3,986.2,120427500,1084.8,887.6,1102.5,649.1,1011.9,60,1,1011.8,217,3,1011.7,376,3,1011.6,1373,9,1011.5,2415,18,1012.2,74,4,1012.3,523,8,1012.4,3323,9,1012.5,2269,28,1012.6,3345,21
317,2025-11-26 12:26:50+05:30,1012.2,1,999.63,6243450,432451.0,397831.0,986.2,1012.2,981.3,986.2,120427500,1084.8,887.6,1102.5,649.1,1011.9,164,3,1011.8,2107,15,1011.7,2342,8,1011.6,1402,10,1011.5,2495,16,1012.2,172,5,1012.3,162,4,1012.4,2914,7,1012.5,2178,25,1012.6,3314,22
317,2025-11-26 12:26:51+05:30,1012.2,1,999.63,6243450,432451.0,397831.0,986.2,1012.2,981.3,986.2,120427500,1084.8,887.6,1102.5,649.1,1011.9,164,3,1011.8,2107,15,1011.7,2342,8,1011.6,1402,10,1011.5,2495,16,1012.2,172,5,1012.3,162,4,1012.4,2914,7,1012.5,2178,25,1012.6,3314,22
317,2025-11-26 12:26:51+05:30,1012.2,1,999.63,6243461,434539.0,398138.0,986.2,1012.2,981.3,986.2,120427500,1084.8,887.6,1102.5,649.1,1011.9,953,5,1011.8,2955,17,1011.7,3170,11,1011.6,928,11,1011.5,2495,16,1012.0,47,1,1012.2,171,5,1012.3,162,4,1012.4,2924,8,1012.5,2178,25
317,2025-11-26 12:26:52+05:30,1012.1,133,999.63,6243461,434539.0,398138.0,986.2,1012.2,981.3,986.2,120427500,1084.8,887.6,1102.5,649.1,1011.9,953,5,1011.8,2955,17,1011.7,3170,11,1011.6,928,11,1011.5,2495,16,1012.0,47,1,1012.2,171,5,1012.3,162,4,1012.4,2924,8,1012.5,2178,25
317,2025-11-26 12:26:52+05:30,1012.1,133,999.63,6244211,430076.0,398541.0,986.2,1012.2,981.3,986.2,120427500,1084.8,887.6,1102.5,649.1,1012.0,3,1,1011.9,800,2,1011.8,798,4,1011.7,450,5,1011.6,1016,12,1012.2,171,5,1012.3,987,14,1012.4,3442,12,1012.5,2202,27,1012.6,2971,21
317,2025-11-26 12:26:53+05:30,1012.2,5,999.63,6244211,430076.0,398541.0,986.2,1012.2,981.3,986.2,120427500,1084.8,887.6,1102.5,649.1,1012.0,3,1,1011.9,800,2,1011.8,798,4,1011.7,450,5,1011.6,1016,12,1012.2,171,5,1012.3,987,14,1012.4,3442,12,1012.5,2202,27,1012.6,2971,21
317,2025-11-26 12:26:53+05:30,1012.2,5,999.63,6244220,429326.0,398890.0,986.2,1012.2,981.3,986.2,120427500,1084.8,887.6,1102.5,649.1,1012.0,3,1,1011.9,50,1,1011.8,48,3,1011.7,805,6,1011.6,1779,14,1012.2,162,5,1012.3,987,14,1012.4,3474,14,1012.5,2196,25,1012.6,2971,21
317,2025-11-26 12:26:54+05:30,1012.1,112,999.63,6244220,429326.0,398890.0,986.2,1012.2,981.3,986.2,120427500,1084.8,887.6,1102.5,649.1,1012.0,3,1,1011.9,50,1,1011.8,48,3,1011.7,805,6,1011.6,1779,14,1012.2,162,5,1012.3,987,14,1012.4,3474,14,1012.5,2196,25,1012.6,2971,21
317,2025-11-26 12:26:54+05:30,1012.1,112,999.63,6244532,429106.0,398976.0,986.2,1012.2,981.3,986.2,120427500,1084.8,887.6,1102.5,649.1,1012.0,9,2,1011.9,50,1,1011.8,53,4,1011.7,378,4,1011.6,1561,11,1012.2,163,4,1012.3,774,11,1012.4,3449,13,1012.5,2189,25,1012.6,2971,21
317,2025-11-26 12:26:55+05:30,1012.2,30,999.63,6244532,429106.0,398976.0,986.2,1012.2,981.3,986.2,120427500,1084.8,887.6,1102.5,649.1,1012.0,9,2,1011.9,50,1,1011.8,53,4,1011.7,378,4,1011.6,1561,11,1012.2,163,4,1012.3,774,11,1012.4,3449,13,1012.5,2189,25,1012.6,2971,21
317,2025-11-26 12:26:55+05:30,1012.2,30,999.63,6244912,429104.0,398172.0,986.2,1012.2,981.3,986.2,120427500,1084.8,887.6,1102.5,649.1,1012.0,9,2,1011.9,50,1,1011.8,187,6,1011.7,378,4,1011.6,1618,12,1012.2,26,2,1012.3,297,6,1012.4,3382,11,1012.5,2169,23,1012.6,2961,20
317,2025-11-26 12:26:56+05:30,1012.0,34,999.63,6244978,431236.0,399459.0,986.2,1012.2,981.3,986.2,120427500,1084.8,887.6,1102.5,649.1,1011.9,50,1,1011.8,96,5,1011.7,223,2,1011.6,1731,14,1011.5,3402,24,1012.0,848,2,1012.2,92,3,1012.3,617,9,1012.4,3499,12,1012.5,2195,25
317,2025-11-26 12:26:56+05:30,1012.0,34,999.63,6244978,431236.0,399459.0,986.2,1012.2,981.3,986.2,120427500,1084.8,887.6,1102.5,649.1,1011.9,50,1,1011.8,96,5,1011.7,223,2,1011.6,1731,14,1011.5,3402,24,1012.0,848,2,1012.2,92,3,1012.3,617,9,1012.4,3499,12,1012.5,2195,25
317,2025-11-26 12:26:57+05:30,1012.0,34,999.63,6244978,431182.0,399486.0,986.2,1012.2,981.3,986.2,120427500,1084.8,887.6,1102.5,649.1,1011.9,50,1,1011.8,96,5,1011.7,223,2,1011.6,1731,14,1011.5,3441,25,1012.0,848,2,1012.2,92,3,1012.3,644,10,1012.4,3499,12,1012.5,2195,25
317,2025-11-26 12:26:58+05:30,1012.0,28,999.63,6244978,431182.0,399486.0,986.2,1012.2,981.3,986.2,120427500,1084.8,887.6,1102.5,649.1,1011.9,50,1,1011.8,96,5,1011.7,223,2,1011.6,1731,14,1011.5,3441,25,1012.0,848,2,1012.2,92,3,1012.3,644,10,1012.4,3499,12,1012.5,2195,25
317,2025-11-26 12:26:58+05:30,1012.0,28,999.63,6245006,431223.0,399498.0,986.2,1012.2,981.3,986.2,120427500,1084.8,887.6,1102.5,649.1,1011.9,50,1,1011.8,96,5,1011.7,630,3,1011.6,1731,14,1011.5,3413,24,1012.0,820,2,1012.2,92,3,1012.3,644,10,1012.4,3499,12,1012.5,2195,25
317,2025-11-26 12:26:59+05:30,1012.0,28,999.63,6245006,431133.0,399472.0,986.2,1012.2,981.3,986.2,120427500,1084.8,887.6,1102.5,649.1,1011.9,50,1,1011.8,96,5,1011.7,223,2,1011.6,1709,13,1011.5,3413,24,1012.0,820,2,1012.2,92,3,1012.3,617,9,1012.4,3499,12,1012.5,2195,25
317,2025-11-26 12:27:00+05:30,1011.9,1,999.63,6245006,431133.0,399472.0,986.2,1012.2,981.3,986.2,120427500,1084.8,887.6,1102.5,649.1,1011.9,50,1,1011.8,96,5,1011.7,223,2,1011.6,1709,13,1011.5,3413,24,1012.0,820,2,1012.2,92,3,1012.3,617,9,1012.4,3499,12,1012.5,2195,25
317,2025-11-26 12:27:00+05:30,1011.9,1,999.63,6245810,431141.0,398182.0,986.2,1012.2,981.3,986.2,120427500,1084.8,887.6,1102.5,649.1,1011.9,47,1,1011.8,333,8,1011.7,611,6,1011.6,1705,14,1011.5,3393,24,1012.0,19,1,1012.2,87,2,1012.3,222,6,1012.4,2896,8,1012.5,2477,25
317,2025-11-26 12:27:01+05:30,1012.2,109,999.63,6245810,431141.0,398182.0,986.2,1012.2,981.3,986.2,120427500,1084.8,887.6,1102.5,649.1,1011.9,47,1,1011.8,333,8,1011.7,611,6,1011.6,1705,14,1011.5,3393,24,1012.0,19,1,1012.2,87,2,1012.3,222,6,1012.4,2896,8,1012.5,2477,25
317,2025-11-26 12:27:01+05:30,1012.2,109,999.63,6245949,431643.0,398063.0,986.2,1012.2,981.3,986.2,120427500,1084.8,887.6,1102.5,649.1,1011.9,131,2,1011.8,199,6,1011.7,721,7,1011.6,1754,13,1011.5,3393,24,1012.0,48,1,1012.2,5,1,1012.3,202,5,1012.4,2785,7,1012.5,2467,24
317,2025-11-26 12:27:02+05:30,1012.2,109,999.63,6245949,432010.0,398120.0,986.2,1012.2,981.3,986.2,120427500,1084.8,887.6,1102.5,649.1,1011.9,84,2,1011.8,452,9,1011.7,1250,8,1011.6,1779,14,1011.5,3393,24,1012.0,50,2,1012.2,55,2,1012.3,162,4,1012.4,2785,7,1012.5,2467,24
317,2025-11-26 12:27:03+05:30,1012.0,23,999.63,6245949,432010.0,398120.0,986.2,1012.2,981.3,986.2,120427500,1084.8,887.6,1102.5,649.1,1011.9,84,2,1011.8,452,9,1011.7,1250,8,1011.6,1779,14,1011.5,3393,24,1012.0,50,2,1012.2,55,2,1012.3,162,4,1012.4,2785,7,1012.5,2467,24
317,2025-11-26 12:27:03+05:30,1012.0,27,999.63,6246176,431378.0,398160.0,986.2,1012.2,981.3,986.2,120427500,1084.8,887.6,1102.5,649.1,1011.9,273,4,1011.8,434,8,1011.7,721,7,1011.6,1871,15,1011.5,3187,21,1012.0,23,2,1012.2,55,2,1012.3,162,4,1012.4,2609,6,1012.5,2418,23
317,2025-11-26 12:27:04+05:30,1011.9,2,999.63,6246311,431015.0,398603.0,986.2,1012.2,981.3,986.2,120427500,1084.8,887.6,1102.5,649.1,1011.9,56,2,1011.8,314,7,1011.7,813,8,1011.6,1779,14,1011.5,3363,22,1012.0,84,3,1012.2,67,3,1012.3,200,5,1012.4,2785,7,1012.5,2467,24
317,2025-11-26 12:27:04+05:30,1011.9,2,999.63,6246311,431015.0,398603.0,986.2,1012.2,981.3,986.2,120427500,1084.8,887.6,1102.5,649.1,1011.9,56,2,1011.8,314,7,1011.7,813,8,1011.6,1779,14,1011.5,3363,22,1012.0,84,3,1012.2,67,3,1012.3,200,5,1012.4,2785,7,1012.5,2467,24
317,2025-11-26 12:27:05+05:30,1012.0,2,999.63,6246313,431116.0,398428.0,986.2,1012.2,981.3,986.2,120427500,1084.8,887.6,1102.5,649.1,1011.9,56,2,1011.8,270,6,1011.7,813,8,1011.6,1779,14,1011.5,3363,22,1012.0,82,3,1012.2,67,3,1012.3,204,5,1012.4,2875,9,1012.5,2496,25
317,2025-11-26 12:27:05+05:30,1012.0,2,999.63,6246313,431116.0,398428.0,986.2,1012.2,981.3,986.2,120427500,1084.8,887.6,1102.5,649.1,1011.9,56,2,1011.8,270,6,1011.7,813,8,1011.6,1779,14,1011.5,3363,22,1012.0,82,3,1012.2,67,3,1012.3,204,5,1012.4,2875,9,1012.5,2496,25
317,2025-11-26 12:27:06+05:30,1012.0,44,999.63,6246670,432443.0,398231.0,986.2,1012.2,981.3,986.2,120427500,1084.8,887.6,1102.5,649.1,1012.0,289,1,1011.9,217,5,1011.8,591,11,1011.7,1543,10,1011.6,2515,15,1012.2,67,3,1012.3,162,4,1012.4,2609,6,1012.5,2077,21,1012.6,3627,21
317,2025-11-26 12:27:06+05:30,1012.0,44,999.63,6246670,432443.0,398231.0,986.2,1012.2,981.3,986.2,120427500,1084.8,887.6,1102.5,649.1,1012.0,289,1,1011.9,217,5,1011.8,591,11,1011.7,1543,10,1011.6,2515,15,1012.2,67,3,1012.3,162,4,1012.4,2609,6,1012.5,2077,21,1012.6,3627,21
317,2025-11-26 12:27:07+05:30,1012.0,44,999.63,6246670,432076.0,397830.0,986.2,1012.2,981.3,986.2,120427500,1084.8,887.6,1102.5,649.1,1012.1,33,1,1012.0,300,2,1011.9,206,2,1011.8,623,10,1011.7,1543,10,1012.2,67,3,1012.3,162,4,1012.4,2509,6,1012.5,2406,23,1012.6,2884,17
317,2025-11-26 12:27:07+05:30,1012.1,11,999.63,6246670,432076.0,397830.0,986.2,1012.2,981.3,986.2,120427500,1084.8,887.6,1102.5,649.1,1012.1,33,1,1012.0,300,2,1011.9,206,2,1011.8,623,10,1011.7,1543,10,1012.2,67,3,1012.3,162,4,1012.4,2509,6,1012.5,2406,23,1012.6,2884,17
317,2025-11-26 12:27:08+05:30,1012.2,47,999.63,6246733,431963.0,397764.0,986.2,1012.2,981.3,986.2,120427500,1084.8,887.6,1102.5,649.1,1012.1,22,1,1012.0,300,2,1011.9,40,1,1011.8,531,9,1011.7,1543,10,1012.2,61,4,1012.3,215,5,1012.4,2777,8,1012.5,2427,24,1012.6,2884,17
317,2025-11-26 12:27:08+05:30,1012.2,47,999.63,6246733,431963.0,397764.0,986.2,1012.2,981.3,986.2,120427500,1084.8,887.6,1102.5,649.1,1012.1,22,1,1012.0,300,2,1011.9,40,1,1011.8,531,9,1011.7,1543,10,1012.2,61,4,1012.3,215,5,1012.4,2777,8,1012.5,2427,24,1012.6,2884,17
317,2025-11-26 12:27:09+05:30,1012.2,1,999.63,6246734,431974.0,398115.0,986.2,1012.2,981.3,986.2,120427500,1084.8,887.6,1102.5,649.1,1012.1,22,1,1012.0,301,3,1011.9,226,3,1011.8,531,9,1011.7,1543,10,1012.2,61,5,1012.3,215,5,1012.4,2739,7,1012.5,2426,23,1012.6,2884,17
317,2025-11-26 12:27:09+05:30,1012.1,30,999.63,6246734,431974.0,398115.0,986.2,1012.2,981.3,986.2,120427500,1084.8,887.6,1102.5,649.1,1012.1,22,1,1012.0,301,3,1011.9,226,3,1011.8,531,9,1011.7,1543,10,1012.2,61,5,1012.3,215,5,1012.4,2739,7,1012.5,2426,23,1012.6,2884,17
317,2025-11-26 12:27:10+05:30,1012.2,2,999.63,6246786,432059.0,397803.0,986.2,1012.2,981.3,986.2,120427500,1084.8,887.6,1102.5,649.1,1012.1,33,1,1012.0,899,5,1011.9,186,2,1011.8,580,10,1011.7,1543,10,1012.2,110,5,1012.3,215,5,1012.4,2741,7,1012.5,2405,22,1012.6,2884,17
317,2025-11-26 12:27:10+05:30,1012.2,2,999.63,6246786,432059.0,397803.0,986.2,1012.2,981.3,986.2,120427500,1084.8,887.6,1102.5,649.1,1012.1,33,1,1012.0,899,5,1011.9,186,2,1011.8,580,10,1011.7,1543,10,1012.2,110,5,1012.3,215,5,1012.4,2741,7,1012.5,2405,22,1012.6,2884,17
317,2025-11-26 12:27:11+05:30,1012.2,40,999.63,6246853,431917.0,398096.0,986.2,1012.2,981.3,986.2,120427500,1084.8,887.6,1102.5,649.1,1012.1,29,2,1012.0,888,4,1011.9,98,3,1011.8,768,12,1011.7,1451,9,1012.2,70,5,1012.3,215,5,1012.4,2634,5,1012.5,2382,22,1012.6,2846,15
317,2025-11-26 12:27:11+05:30,1012.1,41,999.63,6246853,431917.0,398096.0,986.2,1012.2,981.3,986.2,120427500,1084.8,887.6,1102.5,649.1,1012.1,29,2,1012.0,888,4,1011.9,98,3,1011.8,768,12,1011.7,1451,9,1012.2,70,5,1012.3,215,5,1012.4,2634,5,1012.5,2382,22,1012.6,2846,15
317,2025-11-26 12:27:12+05:30,1012.1,80,999.63,6247047,431874.0,398067.0,986.2,1012.2,981.3,986.2,120427500,1084.8,887.6,1102.5,649.1,1012.0,1031,5,1011.9,201,3,1011.8,579,10,1011.7,1449,9,1011.6,1776,14,1012.1,19,1,1012.2,70,5,1012.3,215,5,1012.4,2639,6,1012.5,2055,22
317,2025-11-26 12:27:12+05:30,1012.1,80,999.63,6247047,431874.0,398067.0,986.2,1012.2,981.3,986.2,120427500,1084.8,887.6,1102.5,649.1,1012.0,1031,5,1011.9,201,3,1011.8,579,10,1011.7,1449,9,1011.6,1776,14,1012.1,19,1,1012.2,70,5,1012.3,215,5,1012.4,2639,6,1012.5,2055,22
317,2025-11-26 12:27:13+05:30,1012.1,98,999.63,6247047,431874.0,398067.0,986.2,1012.2,981.3,986.2,120427500,1084.8,887.6,1102.5,649.1,1012.0,1031,5,1011.9,201,3,1011.8,579,10,1011.7,1449,9,1011.6,1776,14,1012.1,19,1,1012.2,70,5,1012.3,215,5,1012.4,2639,6,1012.5,2055,22
317,2025-11-26 12:27:14+05:30,1012.2,2,999.63,6247181,432555.0,398127.0,986.2,1012.2,981.3,986.2,120427500,1084.8,887.6,1102.5,649.1,1012.1,57,2,1012.0,887,4,1011.9,107,2,1011.8,1070,11,1011.7,1637,11,1012.2,188,3,1012.3,215,5,1012.4,2733,7,1012.5,2476,25,1012.6,2859,16
317,2025-11-26 12:27:14+05:30,1012.2,54,999.63,6247181,432555.0,398127.0,986.2,1012.2,981.3,986.2,120427500,1084.8,887.6,1102.5,649.1,1012.1,57,2,1012.0,887,4,1011.9,107,2,1011.8,1070,11,1011.7,1637,11,1012.2,188,3,1012.3,215,5,1012.4,2733,7,1012.5,2476,25,1012.6,2859,16
317,2025-11-26 12:27:15+05:30,1012.2,2,999.63,6247295,431791.0,398045.0,986.2,1012.2,981.3,986.2,120427500,1084.8,887.6,1102.5,649.1,1012.1,57,2,1012.0,887,4,1011.9,144,3,1011.8,459,9,1011.7,1663,13,1012.2,137,3,1012.3,216,6,1012.4,2639,6,1012.5,2476,25,1012.6,2962,18
317,2025-11-26 12:27:15+05:30,1012.2,49,999.63,6247295,431791.0,398045.0,986.2,1012.2,981.3,986.2,120427500,1084.8,887.6,1102.5,649.1,1012.1,57,2,1012.0,887,4,1011.9,144,3,1011.8,459,9,1011.7,1663,13,1012.2,137,3,1012.3,216,6,1012.4,2639,6,1012.5,2476,25,1012.6,2962,18
317,2025-11-26 12:27:16+05:30,1012.2,1,999.63,6247355,431999.0,398005.0,986.2,1012.2,981.3,986.2,120427500,1084.8,887.6,1102.5,649.1,1012.1,54,1,1012.0,887,4,1011.9,144,3,1011.8,635,10,1011.7,1663,13,1012.2,77,3,1012.3,216,6,1012.4,2639,6,1012.5,2476,25,1012.6,2962,18
317,2025-11-26 12:27:16+05:30,1012.1,400,999.63,6247355,431999.0,398005.0,986.2,1012.2,981.3,986.2,120427500,1084.8,887.6,1102.5,649.1,1012.1,54,1,1012.0,887,4,1011.9,144,3,1011.8,635,10,1011.7,1663,13,1012.2,77,3,1012.3,216,6,1012.4,2639,6,1012.5,2476,25,1012.6,2962,18
317,2025-11-26 12:27:17+05:30,1012.1,400,999.63,6247755,432103.0,398135.0,986.2,1012.2,981.3,986.2,120427500,1084.8,887.6,1102.5,649.1,1012.1,113,1,1012.0,887,4,1011.9,369,5,1011.8,790,11,1011.7,1663,13,1012.2,77,3,1012.3,216,6,1012.4,2639,6,1012.5,2334,23,1012.6,2936,16
317,2025-11-26 12:27:17+05:30,1012.2,9,999.63,6247755,432103.0,398135.0,986.2,1012.2,981.3,986.2,120427500,1084.8,887.6,1102.5,649.1,1012.1,113,1,1012.0,887,4,1011.9,369,5,1011.8,790,11,1011.7,1663,13,1012.2,77,3,1012.3,216,6,1012.4,2639,6,1012.5,2334,23,1012.6,2936,16
317,2025-11-26 12:27:18+05:30,1012.1,1,999.63,6247765,432030.0,398089.0,986.2,1012.2,981.3,986.2,120427500,1084.8,887.6,1102.5,649.1,1012.1,112,1,1012.0,936,5,1011.9,454,6,1011.8,1663,15,1011.7,2343,17,1012.2,68,3,1012.3,216,6,1012.4,2639,6,1012.5,2006,21,1012.6,3153,16
317,2025-11-26 12:27:18+05:30,1012.1,1,999.63,6247765,432030.0,398089.0,986.2,1012.2,981.3,986.2,120427500,1084.8,887.6,1102.5,649.1,1012.1,112,1,1012.0,936,5,1011.9,454,6,1011.8,1663,15,1011.7,2343,17,1012.2,68,3,1012.3,216,6,1012.4,2639,6,1012.5,2006,21,1012.6,3153,16
317,2025-11-26 12:27:19+05:30,1012.1,1,999.63,6247766,431583.0,398717.0,986.2,1012.2,981.3,986.2,120427500,1084.8,887.6,1102.5,649.1,1012.1,111,1,1012.0,887,4,1011.9,454,6,1011.8,1735,15,1011.7,2249,16,1012.2,181,7,1012.3,216,6,1012.4,2639,6,1012.5,2034,22,1012.6,3131,15
317,2025-11-26 12:27:19+05:30,1012.2,44,999.63,6247766,431583.0,398717.0,986.2,1012.2,981.3,986.2,120427500,1084.8,887.6,1102.5,649.1,1012.1,111,1,1012.0,887,4,1011.9,454,6,1011.8,1735,15,1011.7,2249,16,1012.2,181,7,1012.3,216,6,1012.4,2639,6,1012.5,2034,22,1012.6,3131,15
317,2025-11-26 12:27:20+05:30,1012.2,34,999.64,6248147,430922.0,398633.0,986.2,1012.2,981.3,986.2,120427500,1084.8,887.6,1102.5,649.1,1012.1,110,1,1012.0,821,4,1011.9,453,6,1011.8,1491,13,1011.7,2248,16,1012.2,80,4,1012.3,210,4,1012.4,2472,7,1012.5,2304,22,1012.6,2833,14
317,2025-11-26 12:27:20+05:30,1012.2,34,999.64,6248147,430922.0,398633.0,986.2,1012.2,981.3,986.2,120427500,1084.8,887.6,1102.5,649.1,1012.1,110,1,1012.0,821,4,1011.9,453,6,1011.8,1491,13,1011.7,2248,16,1012.2,80,4,1012.3,210,4,1012.4,2472,7,1012.5,2304,22,1012.6,2833,14
317,2025-11-26 12:27:21+05:30,1012.1,110,999.64,6248260,430745.0,398475.0,986.2,1012.2,981.3,986.2,120427500,1084.8,887.6,1102.5,649.1,1012.0,785,3,1011.9,323,4,1011.8,1452,12,1011.7,2248,16,1011.6,1758,14,1012.1,28,1,1012.2,97,5,1012.3,220,5,1012.4,2502,8,1012.5,2352,23
317,2025-11-26 12:27:21+05:30,1012.1,110,999.64,6248260,430745.0,398475.0,986.2,1012.2,981.3,986.2,120427500,1084.8,887.6,1102.5,649.1,1012.0,785,3,1011.9,323,4,1011.8,1452,12,1011.7,2248,16,1011.6,1758,14,1012.1,28,1,1012.2,97,5,1012.3,220,5,1012.4,2502,8,1012.5,2352,23
317,2025-11-26 12:27:22+05:30,1012.1,2,999.64,6248260,430745.0,398475.0,986.2,1012.2,981.3,986.2,120427500,1084.8,887.6,1102.5,649.1,1012.0,785,3,1011.9,323,4,1011.8,1452,12,1011.7,2248,16,1011.6,1758,14,1012.1,28,1,1012.2,97,5,1012.3,220,5,1012.4,2502,8,1012.5,2352,23
317,2025-11-26 12:27:22+05:30,1012.1,4,999.64,6248266,431667.0,398445.0,986.2,1012.2,981.3,986.2,120427500,1084.8,887.6,1102.5,649.1,1012.0,814,5,1011.9,234,3,1011.8,1572,14,1011.7,2998,17,1011.6,1788,15,1012.1,47,2,1012.2,155,6,1012.3,167,4,1012.4,2640,7,1012.5,2358,24
317,2025-11-26 12:27:23+05:30,1012.1,2,999.64,6248266,431667.0,398445.0,986.2,1012.2,981.3,986.2,120427500,1084.8,887.6,1102.5,649.1,1012.0,814,5,1011.9,234,3,1011.8,1572,14,1011.7,2998,17,1011.6,1788,15,1012.1,47,2,1012.2,155,6,1012.3,167,4,1012.4,2640,7,1012.5,2358,24
317,2025-11-26 12:27:23+05:30,1012.1,2,999.64,6248295,431735.0,398419.0,986.2,1012.2,981.3,986.2,120427500,1084.8,887.6,1102.5,649.1,1012.0,814,5,1011.9,234,3,1011.8,1572,14,1011.7,3021,18,1011.6,1914,16,1012.1,46,2,1012.2,155,6,1012.3,167,4,1012.4,2640,7,1012.5,2358,24
317,2025-11-26 12:27:24+05:30,1012.1,2,999.64,6248297,431659.0,398432.0,986.2,1012.2,981.3,986.2,120427500,1084.8,887.6,1102.5,649.1,1012.0,814,5,1011.9,234,3,1011.8,1572,14,1011.7,2998,17,1011.6,1914,16,1012.1,44,2,1012.2,170,7,1012.3,167,4,1012.4,2640,7,1012.5,2358,24
317,2025-11-26 12:27:25+05:30,1012.1,11,999.64,6248297,431659.0,398432.0,986.2,1012.2,981.3,986.2,120427500,1084.8,887.6,1102.5,649.1,1012.0,814,5,1011.9,234,3,1011.8,1572,14,1011.7,2998,17,1011.6,1914,16,1012.1,44,2,1012.2,170,7,1012.3,167,4,1012.4,2640,7,1012.5,2358,24
317,2025-11-26 12:27:25+05:30,1012.1,5,999.64,6248333,431741.0,399085.0,986.2,1012.2,981.3,986.2,120427500,1084.8,887.6,1102.5,649.1,1012.0,814,5,1011.9,268,4,1011.8,1572,14,1011.7,2998,17,1011.6,1914,16,1012.1,9,2,1012.2,797,8,1012.3,167,4,1012.4,2640,7,1012.5,2358,24
317,2025-11-26 12:27:26+05:30,1012.0,114,999.64,6248333,431741.0,399085.0,986.2,1012.2,981.3,986.2,120427500,1084.8,887.6,1102.5,649.1,1012.0,814,5,1011.9,268,4,1011.8,1572,14,1011.7,2998,17,1011.6,1914,16,1012.1,9,2,1012.2,797,8,1012.3,167,4,1012.4,2640,7,1012.5,2358,24
317,2025-11-26 12:27:27+05:30,1012.1,1,999.64,6248449,431666.0,399103.0,986.2,1012.2,981.3,986.2,120427500,1084.8,887.6,1102.5,649.1,1012.0,700,5,1011.9,44,2,1011.8,1215,11,1011.7,3087,18,1011.6,2003,17,1012.1,49,1,1012.2,797,8,1012.3,167,4,1012.4,2674,8,1012.5,2355,24
317,2025-11-26 12:27:27+05:30,1011.8,52,999.64,6248449,431666.0,399103.0,986.2,1012.2,981.3,986.2,120427500,1084.8,887.6,1102.5,649.1,1012.0,700,5,1011.9,44,2,1011.8,1215,11,1011.7,3087,18,1011.6,2003,17,1012.1,49,1,1012.2,797,8,1012.3,167,4,1012.4,2674,8,1012.5,2355,24
317,2025-11-26 12:27:28+05:30,1012.1,49,999.64,6249448,427292.0,400418.0,986.2,1012.2,981.3,986.2,120427500,1084.8,887.6,1102.5,649.1,1012.1,1,1,1011.8,178,3,1011.7,490,5,1011.6,1490,11,1011.5,2528,18,1012.2,1040,11,1012.3,640,8,1012.4,3536,15,1012.5,2359,31,1012.6,2880,18
317,2025-11-26 12:27:28+05:30,1012.1,49,999.64,6249448,427292.0,400418.0,986.2,1012.2,981.3,986.2,120427500,1084.8,887.6,1102.5,649.1,1012.1,1,1,1011.8,178,3,1011.7,490,5,1011.6,1490,11,1011.5,2528,18,1012.2,1040,11,1012.3,640,8,1012.4,3536,15,1012.5,2359,31,1012.6,2880,18
317,2025-11-26 12:27:29+05:30,1012.2,1,999.64,6249449,426061.0,400366.0,986.2,1012.2,981.3,986.2,120427500,1084.8,887.6,1102.5,649.1,1011.8,33,1,1011.7,490,5,1011.6,1401,10,1011.5,2528,18,1011.4,2141,15,1012.2,1390,13,1012.3,682,10,1012.4,3447,14,1012.5,2437,30,1012.6,2700,18
317,2025-11-26 12:27:29+05:30,1012.2,1,999.64,6249449,426061.0,400366.0,986.2,1012.2,981.3,986.2,120427500,1084.8,887.6,1102.5,649.1,1011.8,33,1,1011.7,490,5,1011.6,1401,10,1011.5,2528,18,1011.4,2141,15,1012.2,1390,13,1012.3,682,10,1012.4,3447,14,1012.5,2437,30,1012.6,2700,18
317,2025-11-26 12:27:30+05:30,1012.2,12,999.64,6249474,425558.0,400975.0,986.2,1012.2,981.3,986.2,120427500,1084.8,887.6,1102.5,649.1,1011.7,202,2,1011.6,1480,11,1011.5,2401,16,1011.4,2089,15,1011.3,1061,15,1012.2,1559,15,1012.3,892,13,1012.4,3555,15,1012.5,2485,33,1012.6,2674,16
317,2025-11-26 12:27:30+05:30,1012.2,22,999.64,6249474,425558.0,400975.0,986.2,1012.2,981.3,986.2,120427500,1084.8,887.6,1102.5,649.1,1011.7,202,2,1011.6,1480,11,1011.5,2401,16,1011.4,2089,15,1011.3,1061,15,1012.2,1559,15,1012.3,892,13,1012.4,3555,15,1012.5,2485,33,1012.6,2674,16
317,2025-11-26 12:27:31+05:30,1011.7,8,999.64,6249510,425710.0,400986.0,986.2,1012.2,981.3,986.2,120427500,1084.8,887.6,1102.5,649.1,1011.7,61,2,1011.6,1572,12,1011.5,2405,16,1011.4,2089,15,1011.3,1148,15,1012.2,1473,14,1012.3,887,13,1012.4,3555,15,1012.5,2485,33,1012.6,2674,16
317,2025-11-26 12:27:31+05:30,1011.7,8,999.64,6249510,425710.0,400986.0,986.2,1012.2,981.3,986.2,120427500,1084.8,887.6,1102.5,649.1,1011.7,61,2,1011.6,1572,12,1011.5,2405,16,1011.4,2089,15,1011.3,1148,15,1012.2,1473,14,1012.3,887,13,1012.4,3555,15,1012.5,2485,33,1012.6,2674,16
317,2025-11-26 12:27:32+05:30,1011.7,2,999.64,6249530,428197.0,403669.0,986.2,1012.2,981.3,986.2,120427500,1084.8,887.6,1102.5,649.1,1011.7,67,2,1011.6,1358,8,1011.5,3119,17,1011.4,1689,13,1011.3,1143,14,1011.9,31,1,1012.1,251,2,1012.2,1485,14,1012.3,930,11,1012.4,4195,16
317,2025-11-26 12:27:32+05:30,1011.7,2,999.64,6249530,428197.0,403669.0,986.2,1012.2,981.3,986.2,120427500,1084.8,887.6,1102.5,649.1,1011.7,67,2,1011.6,1358,8,1011.5,3119,17,1011.4,1689,13,1011.3,1143,14,1011.9,31,1,1012.1,251,2,1012.2,1485,14,1012.3,930,11,1012.4,4195,16
317,2025-11-26 12:27:33+05:30,1011.9,23,999.64,6249562,429085.0,404063.0,986.2,1012.2,981.3,986.2,120427500,1084.8,887.6,1102.5,649.1,1011.7,67,2,1011.6,1126,6,1011.5,3918,18,1011.4,1539,12,1011.3,1143,14,1011.9,31,1,1012.0,58,1,1012.1,560,5,1012.2,1475,14,1012.3,975,12
317,2025-11-26 12:27:33+05:30,1011.9,23,999.64,6249562,429085.0,404063.0,986.2,1012.2,981.3,986.2,120427500,1084.8,887.6,1102.5,649.1,1011.7,67,2,1011.6,1126,6,1011.5,3918,18,1011.4,1539,12,1011.3,1143,14,1011.9,31,1,1012.0,58,1,1012.1,560,5,1012.2,1475,14,1012.3,975,12
317,2025-11-26 12:27:34+05:30,1011.9,100,999.64,6249662,428897.0,403614.0,986.2,1012.2,981.3,986.2,120427500,1084.8,887.6,1102.5,649.1,1011.8,155,2,1011.7,243,3,1011.6,1220,7,1011.5,3814,17,1011.4,1539,12,1011.9,31,1,1012.0,63,2,1012.1,276,2,1012.2,1430,13,1012.3,1009,13
317,2025-11-26 12:27:34+05:30,1011.9,100,999.64,6249662,428897.0,403614.0,986.2,1012.2,981.3,986.2,120427500,1084.8,887.6,1102.5,649.1,1011.8,155,2,1011.7,243,3,1011.6,1220,7,1011.5,3814,17,1011.4,1539,12,1011.9,31,1,1012.0,63,2,1012.1,276,2,1012.2,1430,13,1012.3,1009,13
317,2025-11-26 12:27:35+05:30,1011.9,3,999.64,6249665,429130.0,403478.0,986.2,1012.2,981.3,986.2,120427500,1084.8,887.6,1102.5,649.1,1011.8,155,2,1011.7,67,2,1011.6,1220,7,1011.5,3785,16,1011.4,1539,12,1011.9,28,1,1012.0,63,2,1012.1,309,3,1012.2,1434,14,1012.3,1009,13
317,2025-11-26 12:27:35+05:30,1011.9,3,999.64,6249665,429130.0,403478.0,986.2,1012.2,981.3,986.2,120427500,1084.8,887.6,1102.5,649.1,1011.8,155,2,1011.7,67,2,1011.6,1220,7,1011.5,3785,16,1011.4,1539,12,1011.9,28,1,1012.0,63,2,1012.1,309,3,1012.2,1434,14,1012.3,1009,13
317,2025-11-26 12:27:36+05:30,1011.8,1,999.64,6249668,429539.0,403265.0,986.2,1012.2,981.3,986.2,120427500,1084.8,887.6,1102.5,649.1,1011.8,154,2,1011.7,67,2,1011.6,1539,7,1011.5,3904,18,1011.4,1539,12,1011.9,26,1,1012.0,63,2,1012.1,324,4,1012.2,1434,14,1012.3,711,12
317,2025-11-26 12:27:36+05:30,1012.0,1,999.64,6249668,429539.0,403265.0,986.2,1012.2,981.3,986.2,120427500,1084.8,887.6,1102.5,649.1,1011.8,154,2,1011.7,67,2,1011.6,1539,7,1011.5,3904,18,1011.4,1539,12,1011.9,26,1,1012.0,63,2,1012.1,324,4,1012.2,1434,14,1012.3,711,12
317,2025-11-26 12:27:37+05:30,1011.8,1,999.64,6250791,428720.0,402276.0,986.2,1012.2,981.3,986.2,120427500,1084.8,887.6,1102.5,649.1,1011.8,153,2,1011.7,67,2,1011.6,1473,6,1011.5,3035,15,1011.4,1604,13,1012.1,482,5,1012.2,1842,19,1012.3,654,9,1012.4,3669,19,1012.5,2580,32
317,2025-11-26 12:27:37+05:30,1011.8,1,999.64,6250791,428720.0,402276.0,986.2,1012.2,981.3,986.2,120427500,1084.8,887.6,1102.5,649.1,1011.8,153,2,1011.7,67,2,1011.6,1473,6,1011.5,3035,15,1011.4,1604,13,1012.1,482,5,1012.2,1842,19,1012.3,654,9,1012.4,3669,19,1012.5,2580,32
317,2025-11-26 12:27:38+05:30,1012.1,75,999.64,6250791,428720.0,402276.0,986.2,1012.2,981.3,986.2,120427500,1084.8,887.6,1102.5,649.1,1011.8,153,2,1011.7,67,2,1011.6,1473,6,1011.5,3035,15,1011.4,1604,13,1012.1,482,5,1012.2,1842,19,1012.3,654,9,1012.4,3669,19,1012.5,2580,32
317,2025-11-26 12:27:38+05:30,1012.1,75,999.64,6250906,428717.0,402172.0,986.2,1012.2,981.3,986.2,120427500,1084.8,887.6,1102.5,649.1,1011.8,153,2,1011.7,67,2,1011.6,1130,6,1011.5,3035,15,1011.4,1604,13,1012.1,311,3,1012.2,1865,18,1012.3,690,10,1012.4,3279,17,1012.5,2580,32
317,2025-11-26 12:27:39+05:30,1012.2,18,999.64,6250906,428717.0,402172.0,986.2,1012.2,981.3,986.2,120427500,1084.8,887.6,1102.5,649.1,1011.8,153,2,1011.7,67,2,1011.6,1130,6,1011.5,3035,15,1011.4,1604,13,1012.1,311,3,1012.2,1865,18,1012.3,690,10,1012.4,3279,17,1012.5,2580,32
317,2025-11-26 12:27:39+05:30,1012.2,18,999.64,6251237,426862.0,401213.0,986.2,1012.2,981.3,986.2,120427500,1084.8,887.6,1102.5,649.1,1011.8,152,2,1011.7,715,7,1011.6,1299,9,1011.5,2290,15,1011.4,1694,14,1012.2,1236,13,1012.3,705,9,1012.4,3444,15,1012.5,2544,30,1012.6,3314,19
317,2025-11-26 12:27:40+05:30,1012.2,63,999.64,6251237,426862.0,401213.0,986.2,1012.2,981.3,986.2,120427500,1084.8,887.6,1102.5,649.1,1011.8,152,2,1011.7,715,7,1011.6,1299,9,1011.5,2290,15,1011.4,1694,14,1012.2,1236,13,1012.3,705,9,1012.4,3444,15,1012.5,2544,30,1012.6,3314,19
317,2025-11-26 12:27:40+05:30,1012.2,2,999.64,6252302,428162.0,399997.0,986.2,1012.2,981.3,986.2,120427500,1084.8,887.6,1102.5,649.1,1011.9,43,1,1011.8,474,6,1011.7,1187,12,1011.6,1351,9,1011.5,2726,17,1012.2,200,6,1012.3,210,5,1012.4,2776,10,1012.5,2803,31,1012.6,3314,19
317,2025-11-26 12:27:41+05:30,1012.2,8,999.64,6252302,428162.0,399997.0,986.2,1012.2,981.3,986.2,120427500,1084.8,887.6,1102.5,649.1,1011.9,43,1,1011.8,474,6,1011.7,1187,12,1011.6,1351,9,1011.5,2726,17,1012.2,200,6,1012.3,210,5,1012.4,2776,10,1012.5,2803,31,1012.6,3314,19
317,2025-11-26 12:27:41+05:30,1012.2,8,999.64,6252310,431795.0,399204.0,986.2,1012.2,981.3,986.2,120427500,1084.8,887.6,1102.5,649.1,1012.0,150,2,1011.9,181,4,1011.8,700,9,1011.7,2043,12,1011.6,1764,14,1012.1,56,1,1012.2,197,7,1012.3,197,4,1012.4,2640,7,1012.5,2336,23
317,2025-11-26 12:27:42+05:30,1012.1,253,999.64,6252310,431795.0,399204.0,986.2,1012.2,981.3,986.2,120427500,1084.8,887.6,1102.5,649.1,1012.0,150,2,1011.9,181,4,1011.8,700,9,1011.7,2043,12,1011.6,1764,14,1012.1,56,1,1012.2,197,7,1012.3,197,4,1012.4,2640,7,1012.5,2336,23
317,2025-11-26 12:27:43+05:30,1012.1,5,999.64,6252688,431761.0,399366.0,986.2,1012.2,981.3,986.2,120427500,1084.8,887.6,1102.5,649.1,1012.0,163,3,1011.9,450,6,1011.8,700,9,1011.7,2043,12,1011.6,1716,14,1012.1,25,1,1012.2,278,7,1012.3,61,3,1012.4,2640,7,1012.5,2546,24
317,2025-11-26 12:27:43+05:30,1012.1,9,999.64,6252688,431761.0,399366.0,986.2,1012.2,981.3,986.2,120427500,1084.8,887.6,1102.5,649.1,1012.0,163,3,1011.9,450,6,1011.8,700,9,1011.7,2043,12,1011.6,1716,14,1012.1,25,1,1012.2,278,7,1012.3,61,3,1012.4,2640,7,1012.5,2546,24
317,2025-11-26 12:27:44+05:30,1012.1,9,999.64,6252697,431752.0,399615.0,986.2,1012.2,981.3,986.2,120427500,1084.8,887.6,1102.5,649.1,1012.0,163,3,1011.9,175,3,1011.8,618,9,1011.7,2043,12,1011.6,1716,14,1012.1,454,3,1012.2,278,7,1012.3,61,3,1012.4,2640,7,1012.5,2611,27
317,2025-11-26 12:27:44+05:30,1012.1,1,999.64,6252697,431752.0,399615.0,986.2,1012.2,981.3,986.2,120427500,1084.8,887.6,1102.5,649.1,1012.0,163,3,1011.9,175,3,1011.8,618,9,1011.7,2043,12,1011.6,1716,14,1012.1,454,3,1012.2,278,7,1012.3,61,3,1012.4,2640,7,1012.5,2611,27
317,2025-11-26 12:27:45+05:30,1012.1,1,999.64,6252701,431343.0,399684.0,986.2,1012.2,981.3,986.2,120427500,1084.8,887.6,1102.5,649.1,1012.0,163,3,1011.9,43,1,1011.8,802,10,1011.7,1775,12,1011.6,1716,14,1012.1,450,3,1012.2,278,7,1012.3,61,3,1012.4,2640,7,1012.5,2285,25
317,2025-11-26 12:27:45+05:30,1012.1,2,999.64,6252701,431343.0,399684.0,986.2,1012.2,981.3,986.2,120427500,1084.8,887.6,1102.5,649.1,1012.0,163,3,1011.9,43,1,1011.8,802,10,1011.7,1775,12,1011.6,1716,14,1012.1,450,3,1012.2,278,7,1012.3,61,3,1012.4,2640,7,1012.5,2285,25
317,2025-11-26 12:27:46+05:30,1012.1,1,999.64,6252704,431434.0,399771.0,986.2,1012.2,981.3,986.2,120427500,1084.8,887.6,1102.5,649.1,1012.0,163,3,1011.9,43,1,1011.8,524,8,1011.7,1775,12,1011.6,1716,14,1012.1,447,3,1012.2,323,8,1012.3,61,3,1012.4,2640,7,1012.5,2285,25
317,2025-11-26 12:27:46+05:30,1012.0,5,999.64,6252704,431434.0,399771.0,986.2,1012.2,981.3,986.2,120427500,1084.8,887.6,1102.5,649.1,1012.0,163,3,1011.9,43,1,1011.8,524,8,1011.7,1775,12,1011.6,1716,14,1012.1,447,3,1012.2,323,8,1012.3,61,3,1012.4,2640,7,1012.5,2285,25
317,2025-11-26 12:27:47+05:30,1012.0,5,999.64,6252960,431266.0,399430.0,986.2,1012.2,981.3,986.2,120427500,1084.8,887.6,1102.5,649.1,1012.0,51,2,1011.9,43,1,1011.8,346,5,1011.7,1871,14,1011.6,1716,14,1012.1,346,2,1012.2,328,9,1012.3,237,4,1012.4,2640,7,1012.5,2604,27
317,2025-11-26 12:27:47+05:30,1012.1,1,999.64,6252960,431266.0,399430.0,986.2,1012.2,981.3,986.2,120427500,1084.8,887.6,1102.5,649.1,1012.0,51,2,1011.9,43,1,1011.8,346,5,1011.7,1871,14,1011.6,1716,14,1012.1,346,2,1012.2,328,9,1012.3,237,4,1012.4,2640,7,1012.5,2604,27
317,2025-11-26 12:27:48+05:30,1012.1,10,999.65,6252971,431169.0,399398.0,986.2,1012.2,981.3,986.2,120427500,1084.8,887.6,1102.5,649.1,1012.0,51,2,1011.9,77,2,1011.8,661,8,1011.7,1777,13,1011.6,1716,14,1012.1,335,2,1012.2,328,9,1012.3,237,4,1012.4,2640,7,1012.5,2583,26
317,2025-11-26 12:27:48+05:30,1012.1,10,999.65,6252971,431169.0,399398.0,986.2,1012.2,981.3,986.2,120427500,1084.8,887.6,1102.5,649.1,1012.0,51,2,1011.9,77,2,1011.8,661,8,1011.7,1777,13,1011.6,1716,14,1012.1,335,2,1012.2,328,9,1012.3,237,4,1012.4,2640,7,1012.5,2583,26
317,2025-11-26 12:27:49+05:30,1012.1,202,999.65,6253173,431496.0,399078.0,986.2,1012.2,981.3,986.2,120427500,1084.8,887.6,1102.5,649.1,1012.0,51,2,1011.9,77,2,1011.8,261,4,1011.7,1653,11,1011.6,1904,16,1012.1,271,4,1012.2,328,9,1012.3,237,4,1012.4,2805,11,1012.5,2583,26
317,2025-11-26 12:27:49+05:30,1012.1,1,999.65,6253173,431496.0,399078.0,986.2,1012.2,981.3,986.2,120427500,1084.8,887.6,1102.5,649.1,1012.0,51,2,1011.9,77,2,1011.8,261,4,1011.7,1653,11,1011.6,1904,16,1012.1,271,4,1012.2,328,9,1012.3,237,4,1012.4,2805,11,1012.5,2583,26
317,2025-11-26 12:27:50+05:30,1012.1,5,999.65,6253179,431377.0,399681.0,986.2,1012.2,981.3,986.2,120427500,1084.8,887.6,1102.5,649.1,1012.0,51,2,1011.9,43,1,1011.8,163,3,1011.7,1653,11,1011.6,1904,16,1012.1,265,4,1012.2,338,10,1012.3,436,7,1012.4,3049,13,1012.5,2583,26
317,2025-11-26 12:27:50+05:30,1012.1,1,999.65,6253179,431377.0,399681.0,986.2,1012.2,981.3,986.2,120427500,1084.8,887.6,1102.5,649.1,1012.0,51,2,1011.9,43,1,1011.8,163,3,1011.7,1653,11,1011.6,1904,16,1012.1,265,4,1012.2,338,10,1012.3,436,7,1012.4,3049,13,1012.5,2583,26
317,2025-11-26 12:27:51+05:30,1012.0,36,999.65,6253226,426624.0,399997.0,986.2,1012.2,981.3,986.2,120427500,1084.8,887.6,1102.5,649.1,1012.0,7,1,1011.9,43,1,1011.8,5,1,1011.7,1499,11,1011.6,1722,14,1012.1,262,4,1012.2,358,11,1012.3,436,7,1012.4,3347,14,1012.5,2373,26
317,2025-11-26 12:27:51+05:30,1012.0,7,999.65,6253226,426624.0,399997.0,986.2,1012.2,981.3,986.2,120427500,1084.8,887.6,1102.5,649.1,1012.0,7,1,1011.9,43,1,1011.8,5,1,1011.7,1499,11,1011.6,1722,14,1012.1,262,4,1012.2,358,11,1012.3,436,7,1012.4,3347,14,1012.5,2373,26
317,2025-11-26 12:27:52+05:30,1012.0,13,999.65,6253251,430405.0,400116.0,986.2,1012.2,981.3,986.2,120427500,1084.8,887.6,1102.5,649.1,1011.9,43,1,1011.8,5,1,1011.7,1419,10,1011.6,1487,11,1011.5,3316,20,1012.0,18,1,1012.1,262,4,1012.2,363,12,1012.3,493,9,1012.4,3381,14
317,2025-11-26 12:27:52+05:30,1012.0,13,999.65,6253251,430405.0,400116.0,986.2,1012.2,981.3,986.2,120427500,1084.8,887.6,1102.5,649.1,1011.9,43,1,1011.8,5,1,1011.7,1419,10,1011.6,1487,11,1011.5,3316,20,1012.0,18,1,1012.1,262,4,1012.2,363,12,1012.3,493,9,1012.4,3381,14
317,2025-11-26 12:27:53+05:30,1012.0,23,999.65,6253357,431071.0,400409.0,986.2,1012.2,981.3,986.2,120427500,1084.8,887.6,1102.5,649.1,1011.9,43,1,1011.8,86,1,1011.7,1295,10,1011.6,2318,12,1011.5,3316,20,1012.0,18,1,1012.1,262,4,1012.2,458,13,1012.3,408,7,1012.4,3242,12
317,2025-11-26 12:27:53+05:30,1012.0,23,999.65,6253357,431071.0,400409.0,986.2,1012.2,981.3,986.2,120427500,1084.8,887.6,1102.5,649.1,1011.9,43,1,1011.8,86,1,1011.7,1295,10,1011.6,2318,12,1011.5,3316,20,1012.0,18,1,1012.1,262,4,1012.2,458,13,1012.3,408,7,1012.4,3242,12
317,2025-11-26 12:27:54+05:30,1012.1,39,999.65,6253474,430239.0,400037.0,986.2,1012.2,981.3,986.2,120427500,1084.8,887.6,1102.5,649.1,1011.9,43,1,1011.7,1295,10,1011.6,2404,13,1011.5,3316,20,1011.4,1159,12,1012.1,281,5,1012.2,355,11,1012.3,483,9,1012.4,3295,14,1012.5,2463,26
317,2025-11-26 12:27:54+05:30,1012.0,112,999.65,6253474,430239.0,400037.0,986.2,1012.2,981.3,986.2,120427500,1084.8,887.6,1102.5,649.1,1011.9,43,1,1011.7,1295,10,1011.6,2404,13,1011.5,3316,20,1011.4,1159,12,1012.1,281,5,1012.2,355,11,1012.3,483,9,1012.4,3295,14,1012.5,2463,26
317,2025-11-26 12:27:55+05:30,1012.0,112,999.65,6253586,428705.0,400253.0,986.2,1012.2,981.3,986.2,120427500,1084.8,887.6,1102.5,649.1,1012.0,2,1,1011.9,43,1,1011.7,920,6,1011.6,1286,8,1011.5,3402,21,1012.1,313,6,1012.2,591,14,1012.3,580,10,1012.4,3376,16,1012.5,2377,25
317,2025-11-26 12:27:55+05:30,1012.1,13,999.65,6253586,428705.0,400253.0,986.2,1012.2,981.3,986.2,120427500,1084.8,887.6,1102.5,649.1,1012.0,2,1,1011.9,43,1,1011.7,920,6,1011.6,1286,8,1011.5,3402,21,1012.1,313,6,1012.2,591,14,1012.3,580,10,1012.4,3376,16,1012.5,2377,25
317,2025-11-26 12:27:56+05:30,1012.1,2,999.65,6253663,428444.0,400169.0,986.2,1012.2,981.3,986.2,120427500,1084.8,887.6,1102.5,649.1,1011.7,1245,8,1011.6,1304,10,1011.5,2619,22,1011.4,1864,10,1011.3,805,10,1012.1,249,5,1012.2,669,15,1012.3,500,11,1012.4,3543,17,1012.5,2589,28
317,2025-11-26 12:27:56+05:30,1012.1,2,999.65,6253663,428444.0,400169.0,986.2,1012.2,981.3,986.2,120427500,1084.8,887.6,1102.5,649.1,1011.7,1245,8,1011.6,1304,10,1011.5,2619,22,1011.4,1864,10,1011.3,805,10,1012.1,249,5,1012.2,669,15,1012.3,500,11,1012.4,3543,17,1012.5,2589,28
317,2025-11-26 12:27:57+05:30,1011.6,44,999.65,6253708,428198.0,400850.0,986.2,1012.2,981.3,986.2,120427500,1084.8,887.6,1102.5,649.1,1011.6,1200,8,1011.5,2853,14,1011.4,809,13,1011.3,1763,13,1011.2,1909,14,1012.0,12,1,1012.1,343,8,1012.2,711,17,1012.3,603,12,1012.4,3538,16
317,2025-11-26 12:27:57+05:30,1011.6,44,999.65,6253708,428198.0,400850.0,986.2,1012.2,981.3,986.2,120427500,1084.8,887.6,1102.5,649.1,1011.6,1200,8,1011.5,2853,14,1011.4,809,13,1011.3,1763,13,1011.2,1909,14,1012.0,12,1,1012.1,343,8,1012.2,711,17,1012.3,603,12,1012.4,3538,16
317,2025-11-26 12:27:58+05:30,1012.0,12,999.65,6253720,428278.0,400665.0,986.2,1012.2,981.3,986.2,120427500,1084.8,887.6,1102.5,649.1,1011.7,197,3,1011.6,1101,8,1011.5,2895,15,1011.4,683,12,1011.3,1763,13,1012.1,298,6,1012.2,673,16,1012.3,580,10,1012.4,3728,16,1012.5,2444,27
317,2025-11-26 12:27:58+05:30,1012.0,12,999.65,6253720,428278.0,400665.0,986.2,1012.2,981.3,986.2,120427500,1084.8,887.6,1102.5,649.1,1011.7,197,3,1011.6,1101,8,1011.5,2895,15,1011.4,683,12,1011.3,1763,13,1012.1,298,6,1012.2,673,16,1012.3,580,10,1012.4,3728,16,1012.5,2444,27
317,2025-11-26 12:27:59+05:30,1012.0,12,999.65,6253720,428270.0,400722.0,986.2,1012.2,981.3,986.2,120427500,1084.8,887.6,1102.5,649.1,1011.7,111,2,1011.6,1187,9,1011.5,2895,15,1011.4,1213,13,1011.3,1763,13,1012.1,298,6,1012.2,635,15,1012.3,580,10,1012.4,3728,16,1012.5,2444,27
317,2025-11-26 12:28:00+05:30,1012.1,2,999.65,6253815,428562.0,400837.0,986.2,1012.2,981.3,986.2,120427500,1084.8,887.6,1102.5,649.1,1011.7,81,1,1011.6,1141,8,1011.5,2895,15,1011.4,1183,12,1011.3,1776,14,1012.1,341,6,1012.2,635,15,1012.3,634,13,1012.4,3738,17,1012.5,2449,28
317,2025-11-26 12:28:00+05:30,1011.6,1,999.65,6253815,428562.0,400837.0,986.2,1012.2,981.3,986.2,120427500,1084.8,887.6,1102.5,649.1,1011.7,81,1,1011.6,1141,8,1011.5,2895,15,1011.4,1183,12,1011.3,1776,14,1012.1,341,6,1012.2,635,15,1012.3,634,13,1012.4,3738,17,1012.5,2449,28
317,2025-11-26 12:28:01+05:30,1011.6,8,999.65,6253825,426015.0,400974.0,986.2,1012.2,981.3,986.2,120427500,1084.8,887.6,1102.5,649.1,1011.6,422,7,1011.5,2214,14,1011.4,1251,8,1011.3,2316,19,1011.2,1093,12,1012.1,592,8,1012.2,699,18,1012.3,925,13,1012.4,3440,16,1012.5,2273,27
317,2025-11-26 12:28:01+05:30,1011.8,15,999.65,6253825,426015.0,400974.0,986.2,1012.2,981.3,986.2,120427500,1084.8,887.6,1102.5,649.1,1011.6,422,7,1011.5,2214,14,1011.4,1251,8,1011.3,2316,19,1011.2,1093,12,1012.1,592,8,1012.2,699,18,1012.3,925,13,1012.4,3440,16,1012.5,2273,27
317,2025-11-26 12:28:02+05:30,1011.8,15,999.65,6253840,427394.0,402495.0,986.2,1012.2,981.3,986.2,120427500,1084.8,887.6,1102.5,649.1,1011.7,70,1,1011.6,136,4,1011.5,2266,14,1011.4,2135,11,1011.3,1774,17,1011.8,13,1,1012.0,1,1,1012.1,781,11,1012.2,702,19,1012.3,1075,15
317,2025-11-26 12:28:03+05:30,1011.8,23,999.65,6253872,428381.0,403042.0,986.2,1012.2,981.3,986.2,120427500,1084.8,887.6,1102.5,649.1,1011.7,70,1,1011.6,508,6,1011.5,2296,15,1011.4,2920,13,1011.3,1774,17,1011.8,13,1,1012.0,1,1,1012.1,637,9,1012.2,728,19,1012.3,1075,15
317,2025-11-26 12:28:03+05:30,1011.8,49,999.65,6253872,428381.0,403042.0,986.2,1012.2,981.3,986.2,120427500,1084.8,887.6,1102.5,649.1,1011.7,70,1,1011.6,508,6,1011.5,2296,15,1011.4,2920,13,1011.3,1774,17,1011.8,13,1,1012.0,1,1,1012.1,637,9,1012.2,728,19,1012.3,1075,15
317,2025-11-26 12:28:04+05:30,1011.8,31,999.65,6253952,427886.0,402219.0,986.2,1012.2,981.3,986.2,120427500,1084.8,887.6,1102.5,649.1,1011.7,151,2,1011.6,1017,10,1011.5,2215,14,1011.4,2149,11,1011.3,1839,18,1012.0,1,1,1012.1,712,10,1012.2,683,17,1012.3,630,11,1012.4,4323,16
317,2025-11-26 12:28:04+05:30,1011.8,31,999.65,6253952,427886.0,402219.0,986.2,1012.2,981.3,986.2,120427500,1084.8,887.6,1102.5,649.1,1011.7,151,2,1011.6,1017,10,1011.5,2215,14,1011.4,2149,11,1011.3,1839,18,1012.0,1,1,1012.1,712,10,1012.2,683,17,1012.3,630,11,1012.4,4323,16
317,2025-11-26 12:28:05+05:30,1012.0,1,999.65,6253954,426887.0,400412.0,986.2,1012.2,981.3,986.2,120427500,1084.8,887.6,1102.5,649.1,1012.0,1,1,1011.8,70,1,1011.7,323,3,1011.6,993,8,1011.5,2058,13,1012.1,639,10,1012.2,734,17,1012.3,554,11,1012.4,3715,16,1012.5,2101,25
317,2025-11-26 12:28:05+05:30,1012.0,70,999.65,6253954,426887.0,400412.0,986.2,1012.2,981.3,986.2,120427500,1084.8,887.6,1102.5,649.1,1012.0,1,1,1011.8,70,1,1011.7,323,3,1011.6,993,8,1011.5,2058,13,1012.1,639,10,1012.2,734,17,1012.3,554,11,1012.4,3715,16,1012.5,2101,25
317,2025-11-26 12:28:06+05:30,1012.0,70,999.65,6254237,427748.0,400683.0,986.2,1012.2,981.3,986.2,120427500,1084.8,887.6,1102.5,649.1,1011.8,62,1,1011.7,13,1,1011.6,873,6,1011.5,2056,13,1011.4,2549,13,1012.0,131,2,1012.1,719,10,1012.2,699,19,1012.3,564,12,1012.4,3723,17
317,2025-11-26 12:28:06+05:30,1012.0,49,999.65,6254237,427748.0,400683.0,986.2,1012.2,981.3,986.2,120427500,1084.8,887.6,1102.5,649.1,1011.8,62,1,1011.7,13,1,1011.6,873,6,1011.5,2056,13,1011.4,2549,13,1012.0,131,2,1012.1,719,10,1012.2,699,19,1012.3,564,12,1012.4,3723,17
317,2025-11-26 12:28:07+05:30,1012.0,1,999.65,6254287,427036.0,401137.0,986.2,1012.2,981.3,986.2,120427500,1084.8,887.6,1102.5,649.1,1011.8,62,1,1011.7,13,1,1011.6,1630,9,1011.5,2067,14,1011.4,1553,13,1012.0,49,1,1012.1,587,9,1012.2,1131,22,1012.3,527,11,1012.4,3761,19
317,2025-11-26 12:28:07+05:30,1012.0,1,999.65,6254287,427036.0,401137.0,986.2,1012.2,981.3,986.2,120427500,1084.8,887.6,1102.5,649.1,1011.8,62,1,1011.7,13,1,1011.6,1630,9,1011.5,2067,14,1011.4,1553,13,1012.0,49,1,1012.1,587,9,1012.2,1131,22,1012.3,527,11,1012.4,3761,19
317,2025-11-26 12:28:08+05:30,1012.0,1,999.65,6254287,427408.0,401169.0,986.2,1012.2,981.3,986.2,120427500,1084.8,887.6,1102.5,649.1,1011.8,13,1,1011.7,101,2,1011.6,1935,12,1011.5,2067,14,1011.4,1581,15,1012.0,49,1,1012.1,506,8,1012.2,1011,19,1012.3,679,12,1012.4,3774,20
317,2025-11-26 12:28:08+05:30,1012.0,10,999.65,6254287,427408.0,401169.0,986.2,1012.2,981.3,986.2,120427500,1084.8,887.6,1102.5,649.1,1011.8,13,1,1011.7,101,2,1011.6,1935,12,1011.5,2067,14,1011.4,1581,15,1012.0,49,1,1012.1,506,8,1012.2,1011,19,1012.3,679,12,1012.4,3774,20
317,2025-11-26 12:28:09+05:30,1012.1,49,999.65,6254385,427786.0,400889.0,986.2,1012.2,981.3,986.2,120427500,1084.8,887.6,1102.5,649.1,1011.9,62,1,1011.8,145,2,1011.7,360,4,1011.6,1752,9,1011.5,2148,15,1012.1,457,8,1012.2,824,16,1012.3,526,9,1012.4,3652,18,1012.5,2342,29
317,2025-11-26 12:28:09+05:30,1012.1,49,999.65,6254385,427786.0,400889.0,986.2,1012.2,981.3,986.2,120427500,1084.8,887.6,1102.5,649.1,1011.9,62,1,1011.8,145,2,1011.7,360,4,1011.6,1752,9,1011.5,2148,15,1012.1,457,8,1012.2,824,16,1012.3,526,9,1012.4,3652,18,1012.5,2342,29
317,2025-11-26 12:28:10+05:30,1012.1,1,999.65,6254385,427786.0,400889.0,986.2,1012.2,981.3,986.2,120427500,1084.8,887.6,1102.5,649.1,1011.9,62,1,1011.8,145,2,1011.7,360,4,1011.6,1752,9,1011.5,2148,15,1012.1,457,8,1012.2,824,16,1012.3,526,9,1012.4,3652,18,1012.5,2342,29
317,2025-11-26 12:28:10+05:30,1012.1,1,999.65,6254386,427916.0,401077.0,986.2,1012.2,981.3,986.2,120427500,1084.8,887.6,1102.5,649.1,1011.9,62,1,1011.8,13,1,1011.7,360,4,1011.6,1752,9,1011.5,2148,15,1012.1,593,9,1012.2,824,16,1012.3,618,12,1012.4,3652,18,1012.5,2342,29
317,2025-11-26 12:28:11+05:30,1012.1,2,999.65,6254388,428259.0,401001.0,986.2,1012.2,981.3,986.2,120427500,1084.8,887.6,1102.5,649.1,1011.9,75,2,1011.7,227,3,1011.6,1752,9,1011.5,2148,15,1011.4,2625,16,1012.1,591,9,1012.2,956,17,1012.3,582,11,1012.4,3652,18,1012.5,2352,30
317,2025-11-26 12:28:11+05:30,1012.1,2,999.65,6254388,428259.0,401001.0,986.2,1012.2,981.3,986.2,120427500,1084.8,887.6,1102.5,649.1,1011.9,75,2,1011.7,227,3,1011.6,1752,9,1011.5,2148,15,1011.4,2625,16,1012.1,591,9,1012.2,956,17,1012.3,582,11,1012.4,3652,18,1012.5,2352,30
317,2025-11-26 12:28:12+05:30,1012.0,1,999.65,6254504,429364.0,401001.0,986.2,1012.2,981.3,986.2,120427500,1084.8,887.6,1102.5,649.1,1012.0,61,1,1011.9,13,1,1011.8,119,3,1011.7,741,7,1011.6,1852,11,1012.1,591,9,1012.2,727,15,1012.3,569,10,1012.4,3603,14,1012.5,2337,29
317,2025-11-26 12:28:12+05:30,1012.0,1,999.65,6254504,429364.0,401001.0,986.2,1012.2,981.3,986.2,120427500,1084.8,887.6,1102.5,649.1,1012.0,61,1,1011.9,13,1,1011.8,119,3,1011.7,741,7,1011.6,1852,11,1012.1,591,9,1012.2,727,15,1012.3,569,10,1012.4,3603,14,1012.5,2337,29
317,2025-11-26 12:28:13+05:30,1012.1,12,999.65,6254570,429438.0,400869.0,986.2,1012.2,981.3,986.2,120427500,1084.8,887.6,1102.5,649.1,1012.0,61,1,1011.9,13,1,1011.8,119,3,1011.7,741,7,1011.6,1852,11,1012.1,525,7,1012.2,614,13,1012.3,507,9,1012.4,3542,12,1012.5,2350,30
317,2025-11-26 12:28:13+05:30,1012.0,10,999.65,6254570,429438.0,400869.0,986.2,1012.2,981.3,986.2,120427500,1084.8,887.6,1102.5,649.1,1012.0,61,1,1011.9,13,1,1011.8,119,3,1011.7,741,7,1011.6,1852,11,1012.1,525,7,1012.2,614,13,1012.3,507,9,1012.4,3542,12,1012.5,2350,30
317,2025-11-26 12:28:14+05:30,1012.1,39,999.65,6254695,429379.0,400827.0,986.2,1012.2,981.3,986.2,120427500,1084.8,887.6,1102.5,649.1,1012.0,13,1,1011.9,31,1,1011.8,119,3,1011.7,741,7,1011.6,1852,11,1012.1,533,8,1012.2,614,13,1012.3,464,8,1012.4,3579,13,1012.5,2357,31
317,2025-11-26 12:28:14+05:30,1012.1,39,999.65,6254695,429379.0,400827.0,986.2,1012.2,981.3,986.2,120427500,1084.8,887.6,1102.5,649.1,1012.0,13,1,1011.9,31,1,1011.8,119,3,1011.7,741,7,1011.6,1852,11,1012.1,533,8,1012.2,614,13,1012.3,464,8,1012.4,3579,13,1012.5,2357,31
317,2025-11-26 12:28:15+05:30,1012.0,13,999.65,6254728,429505.0,401051.0,986.2,1012.2,981.3,986.2,120427500,1084.8,887.6,1102.5,649.1,1012.0,18,1,1011.8,272,4,1011.7,663,6,1011.6,1930,12,1011.5,2172,19,1012.1,682,10,1012.2,692,14,1012.3,383,7,1012.4,3657,14,1012.5,2357,31
317,2025-11-26 12:28:15+05:30,1012.1,20,999.65,6254728,429505.0,401051.0,986.2,1012.2,981.3,986.2,120427500,1084.8,887.6,1102.5,649.1,1012.0,18,1,1011.8,272,4,1011.7,663,6,1011.6,1930,12,1011.5,2172,19,1012.1,682,10,1012.2,692,14,1012.3,383,7,1012.4,3657,14,1012.5,2357,31
317,2025-11-26 12:28:16+05:30,1012.0,14,999.65,6254728,429505.0,401051.0,986.2,1012.2,981.3,986.2,120427500,1084.8,887.6,1102.5,649.1,1012.0,18,1,1011.8,272,4,1011.7,663,6,1011.6,1930,12,1011.5,2172,19,1012.1,682,10,1012.2,692,14,1012.3,383,7,1012.4,3657,14,1012.5,2357,31
317,2025-11-26 12:28:16+05:30,1012.0,14,999.65,6254764,429549.0,401268.0,986.2,1012.2,981.3,986.2,120427500,1084.8,887.6,1102.5,649.1,1012.0,4,1,1011.8,26,2,1011.7,461,5,1011.6,2110,14,1011.5,2190,20,1012.1,797,11,1012.2,692,14,1012.3,525,10,1012.4,3605,15,1012.5,2331,29
317,2025-11-26 12:28:17+05:30,1012.0,14,999.65,6254764,429803.0,401232.0,986.2,1012.2,981.3,986.2,120427500,1084.8,887.6,1102.5,649.1,1012.0,255,1,1011.9,24,1,1011.8,5,1,1011.7,461,5,1011.6,2110,14,1012.1,797,11,1012.2,614,13,1012.3,525,10,1012.4,3683,16,1012.5,2331,29
317,2025-11-26 12:28:18+05:30,1012.0,2,999.65,6254764,429803.0,401232.0,986.2,1012.2,981.3,986.2,120427500,1084.8,887.6,1102.5,649.1,1012.0,255,1,1011.9,24,1,1011.8,5,1,1011.7,461,5,1011.6,2110,14,1012.1,797,11,1012.2,614,13,1012.3,525,10,1012.4,3683,16,1012.5,2331,29
317,2025-11-26 12:28:18+05:30,1012.0,2,999.65,6254766,429772.0,401222.0,986.2,1012.2,981.3,986.2,120427500,1084.8,887.6,1102.5,649.1,1012.0,266,2,1011.9,24,1,1011.8,5,1,1011.7,461,5,1011.6,2110,14,1012.1,803,13,1012.2,614,13,1012.3,576,10,1012.4,3605,15,1012.5,2331,29
317,2025-11-26 12:28:19+05:30,1012.1,5,999.65,6254766,429772.0,401222.0,986.2,1012.2,981.3,986.2,120427500,1084.8,887.6,1102.5,649.1,1012.0,266,2,1011.9,24,1,1011.8,5,1,1011.7,461,5,1011.6,2110,14,1012.1,803,13,1012.2,614,13,1012.3,576,10,1012.4,3605,15,1012.5,2331,29
317,2025-11-26 12:28:19+05:30,1012.1,5,999.65,6254786,429943.0,401345.0,986.2,1012.2,981.3,986.2,120427500,1084.8,887.6,1102.5,649.1,1012.0,261,2,1011.9,24,1,1011.8,5,1,1011.7,461,5,1011.6,2110,14,1012.1,788,13,1012.2,614,13,1012.3,576,10,1012.4,3605,15,1012.5,2331,29
317,2025-11-26 12:28:20+05:30,1012.1,5,999.65,6254786,429943.0,401345.0,986.2,1012.2,981.3,986.2,120427500,1084.8,887.6,1102.5,649.1,1012.0,261,2,1011.9,24,1,1011.8,5,1,1011.7,461,5,1011.6,2110,14,1012.1,788,13,1012.2,614,13,1012.3,576,10,1012.4,3605,15,1012.5,2331,29
317,2025-11-26 12:28:21+05:30,1012.1,1,999.65,6254793,428943.0,401291.0,986.2,1012.2,981.3,986.2,120427500,1084.8,887.6,1102.5,649.1,1012.0,261,2,1011.9,24,1,1011.8,5,1,1011.7,461,5,1011.6,2110,14,1012.1,791,14,1012.2,614,13,1012.3,461,8,1012.4,3676,16,1012.5,2331,29
317,2025-11-26 12:28:21+05:30,1012.1,72,999.65,6254793,428943.0,401291.0,986.2,1012.2,981.3,986.2,120427500,1084.8,887.6,1102.5,649.1,1012.0,261,2,1011.9,24,1,1011.8,5,1,1011.7,461,5,1011.6,2110,14,1012.1,791,14,1012.2,614,13,1012.3,461,8,1012.4,3676,16,1012.5,2331,29
317,2025-11-26 12:28:22+05:30,1012.1,72,999.65,6255130,427787.0,402558.0,986.2,1012.2,981.3,986.2,120427500,1084.8,887.6,1102.5,649.1,1011.8,24,1,1011.7,346,4,1011.6,1388,12,1011.5,2963,18,1011.4,1847,16,1012.0,15,1,1012.1,797,14,1012.2,811,15,1012.3,362,8,1012.4,4612,17
317,2025-11-26 12:28:22+05:30,1012.0,97,999.65,6255130,427787.0,402558.0,986.2,1012.2,981.3,986.2,120427500,1084.8,887.6,1102.5,649.1,1011.8,24,1,1011.7,346,4,1011.6,1388,12,1011.5,2963,18,1011.4,1847,16,1012.0,15,1,1012.1,797,14,1012.2,811,15,1012.3,362,8,1012.4,4612,17
317,2025-11-26 12:28:23+05:30,1012.0,23,999.65,6255258,425989.0,401961.0,986.2,1012.2,981.3,986.2,120427500,1084.8,887.6,1102.5,649.1,1011.7,62,1,1011.6,1345,13,1011.5,2960,18,1011.4,1479,14,1011.3,1881,14,1012.0,15,1,1012.1,813,15,1012.2,1080,16,1012.3,547,10,1012.4,3559,15
317,2025-11-26 12:28:23+05:30,1012.0,23,999.65,6255258,425989.0,401961.0,986.2,1012.2,981.3,986.2,120427500,1084.8,887.6,1102.5,649.1,1011.7,62,1,1011.6,1345,13,1011.5,2960,18,1011.4,1479,14,1011.3,1881,14,1012.0,15,1,1012.1,813,15,1012.2,1080,16,1012.3,547,10,1012.4,3559,15
317,2025-11-26 12:28:24+05:30,1011.7,1,999.65,6255260,426618.0,401981.0,986.2,1012.2,981.3,986.2,120427500,1084.8,887.6,1102.5,649.1,1011.7,61,1,1011.6,1318,12,1011.5,2895,17,1011.4,1479,14,1011.3,1881,14,1012.0,14,1,1012.1,813,15,1012.2,1080,16,1012.3,547,10,1012.4,3580,16
317,2025-11-26 12:28:24+05:30,1012.1,5,999.65,6255260,426618.0,401981.0,986.2,1012.2,981.3,986.2,120427500,1084.8,887.6,1102.5,649.1,1011.7,61,1,1011.6,1318,12,1011.5,2895,17,1011.4,1479,14,1011.3,1881,14,1012.0,14,1,1012.1,813,15,1012.2,1080,16,1012.3,547,10,1012.4,3580,16
317,2025-11-26 12:28:25+05:30,1012.1,1,999.65,6255578,425237.0,401629.0,986.2,1012.2,981.3,986.2,120427500,1084.8,887.6,1102.5,649.1,1012.0,2,1,1011.7,108,1,1011.6,349,4,1011.5,2006,14,1011.4,1840,16,1012.1,1034,18,1012.2,1182,19,1012.3,834,10,1012.4,3087,13,1012.5,2145,28
317,2025-11-26 12:28:25+05:30,1012.1,11,999.65,6255578,425237.0,401629.0,986.2,1012.2,981.3,986.2,120427500,1084.8,887.6,1102.5,649.1,1012.0,2,1,1011.7,108,1,1011.6,349,4,1011.5,2006,14,1011.4,1840,16,1012.1,1034,18,1012.2,1182,19,1012.3,834,10,1012.4,3087,13,1012.5,2145,28
317,2025-11-26 12:28:26+05:30,1012.0,5,999.65,6255596,426874.0,404266.0,986.2,1012.2,981.3,986.2,120427500,1084.8,887.6,1102.5,649.1,1011.8,1,1,1011.6,737,5,1011.5,2006,14,1011.4,2590,17,1011.3,1851,13,1012.0,20,1,1012.1,1981,16,1012.2,1289,20,1012.3,908,13,1012.4,3986,12
317,2025-11-26 12:28:26+05:30,1012.0,1,999.65,6255596,426874.0,404266.0,986.2,1012.2,981.3,986.2,120427500,1084.8,887.6,1102.5,649.1,1011.8,1,1,1011.6,737,5,1011.5,2006,14,1011.4,2590,17,1011.3,1851,13,1012.0,20,1,1012.1,1981,16,1012.2,1289,20,1012.3,908,13,1012.4,3986,12
317,2025-11-26 12:28:27+05:30,1012.0,1,999.65,6255598,426637.0,404399.0,986.2,1012.2,981.3,986.2,120427500,1084.8,887.6,1102.5,649.1,1011.8,30,1,1011.7,1,1,1011.6,907,6,1011.5,2077,15,1011.4,2590,17,1012.0,18,1,1012.1,2294,18,1012.2,1299,21,1012.3,913,13,1012.4,3995,13
317,2025-11-26 12:28:27+05:30,1012.1,27,999.65,6255598,426637.0,404399.0,986.2,1012.2,981.3,986.2,120427500,1084.8,887.6,1102.5,649.1,1011.8,30,1,1011.7,1,1,1011.6,907,6,1011.5,2077,15,1011.4,2590,17,1012.0,18,1,1012.1,2294,18,1012.2,1299,21,1012.3,913,13,1012.4,3995,13
317,2025-11-26 12:28:28+05:30,1011.9,2,999.65,6255649,424923.0,403870.0,986.2,1012.2,981.3,986.2,120427500,1084.8,887.6,1102.5,649.1,1011.8,30,1,1011.6,907,6,1011.5,2006,14,1011.4,1911,17,1011.3,1851,13,1012.1,2586,20,1012.2,1256,21,1012.3,973,14,1012.4,3175,13,1012.5,2341,31
317,2025-11-26 12:28:28+05:30,1011.9,2,999.65,6255649,424923.0,403870.0,986.2,1012.2,981.3,986.2,120427500,1084.8,887.6,1102.5,649.1,1011.8,30,1,1011.6,907,6,1011.5,2006,14,1011.4,1911,17,1011.3,1851,13,1012.1,2586,20,1012.2,1256,21,1012.3,973,14,1012.4,3175,13,1012.5,2341,31
317,2025-11-26 12:28:29+05:30,1011.9,2,999.65,6255649,424679.0,404059.0,986.2,1012.2,981.3,986.2,120427500,1084.8,887.6,1102.5,649.1,1011.9,2,1,1011.8,30,1,1011.6,352,5,1011.5,2006,14,1011.4,1911,17,1012.1,2541,20,1012.2,1299,21,1012.3,962,14,1012.4,3175,13,1012.5,2341,31
317,2025-11-26 12:28:30+05:30,1011.9,1,999.65,6255705,424737.0,403702.0,986.2,1012.2,981.3,986.2,120427500,1084.8,887.6,1102.5,649.1,1011.9,24,2,1011.8,53,2,1011.7,82,3,1011.6,377,6,1011.5,2006,14,1012.1,2460,17,1012.2,1272,21,1012.3,920,12,1012.4,3209,15,1012.5,2341,31
317,2025-11-26 12:28:30+05:30,1012.1,1,999.65,6255705,424737.0,403702.0,986.2,1012.2,981.3,986.2,120427500,1084.8,887.6,1102.5,649.1,1011.9,24,2,1011.8,53,2,1011.7,82,3,1011.6,377,6,1011.5,2006,14,1012.1,2460,17,1012.2,1272,21,1012.3,920,12,1012.4,3209,15,1012.5,2341,31
317,2025-11-26 12:28:31+05:30,1012.0,7,999.65,6255715,428081.0,402714.0,986.2,1012.2,981.3,986.2,120427500,1084.8,887.6,1102.5,649.1,1012.0,18,2,1011.9,23,1,1011.8,83,4,1011.7,652,6,1011.6,1801,10,1012.1,2458,17,1012.2,817,15,1012.3,625,9,1012.4,3417,14,1012.5,2315,29
317,2025-11-26 12:28:31+05:30,1012.0,8,999.65,6255715,428081.0,402714.0,986.2,1012.2,981.3,986.2,120427500,1084.8,887.6,1102.5,649.1,1012.0,18,2,1011.9,23,1,1011.8,83,4,1011.7,652,6,1011.6,1801,10,1012.1,2458,17,1012.2,817,15,1012.3,625,9,1012.4,3417,14,1012.5,2315,29
317,2025-11-26 12:28:32+05:30,1012.0,8,999.65,6255739,427924.0,403012.0,986.2,1012.2,981.3,986.2,120427500,1084.8,887.6,1102.5,649.1,1011.9,23,1,1011.8,107,4,1011.7,312,3,1011.6,1818,12,1011.5,2890,15,1012.0,4,1,1012.1,2458,17,1012.2,817,15,1012.3,681,12,1012.4,3429,14
317,2025-11-26 12:28:33+05:30,1011.6,19,999.65,6256098,426444.0,403463.0,986.2,1012.2,981.3,986.2,120427500,1084.8,887.6,1102.5,649.1,1011.6,321,7,1011.5,2999,18,1011.4,1954,14,1011.3,1851,13,1011.2,1930,15,1012.0,115,2,1012.1,2599,17,1012.2,971,17,1012.3,1077,14,1012.4,3117,12
317,2025-11-26 12:28:33+05:30,1011.6,19,999.65,6256098,426444.0,403463.0,986.2,1012.2,981.3,986.2,120427500,1084.8,887.6,1102.5,649.1,1011.6,321,7,1011.5,2999,18,1011.4,1954,14,1011.3,1851,13,1011.2,1930,15,1012.0,115,2,1012.1,2599,17,1012.2,971,17,1012.3,1077,14,1012.4,3117,12
317,2025-11-26 12:28:34+05:30,1011.6,19,999.65,6256098,426817.0,404332.0,986.2,1012.2,981.3,986.2,120427500,1084.8,887.6,1102.5,649.1,1011.7,67,1,1011.6,321,7,1011.5,2932,17,1011.4,2013,17,1011.3,1879,14,1012.0,115,2,1012.1,2599,17,1012.2,971,17,1012.3,974,12,1012.4,4096,18
317,2025-11-26 12:28:35+05:30,1012.0,2,999.65,6256100,426959.0,404226.0,986.2,1012.2,981.3,986.2,120427500,1084.8,887.6,1102.5,649.1,1011.8,112,1,1011.7,113,3,1011.6,537,8,1011.5,2999,18,1011.4,2013,17,1012.0,113,2,1012.1,2529,17,1012.2,1043,18,1012.3,828,10,1012.4,4029,17
317,2025-11-26 12:28:35+05:30,1012.0,2,999.65,6256100,426959.0,404226.0,986.2,1012.2,981.3,986.2,120427500,1084.8,887.6,1102.5,649.1,1011.8,112,1,1011.7,113,3,1011.6,537,8,1011.5,2999,18,1011.4,2013,17,1012.0,113,2,1012.1,2529,17,1012.2,1043,18,1012.3,828,10,1012.4,4029,17
317,2025-11-26 12:28:36+05:30,1012.0,28,999.65,6256253,427971.0,404815.0,986.2,1012.2,981.3,986.2,120427500,1084.8,887.6,1102.5,649.1,1011.9,500,1,1011.8,25,1,1011.7,143,5,1011.6,537,8,1011.5,3028,19,1012.0,92,2,1012.1,2629,18,1012.2,946,16,1012.3,896,11,1012.4,4098,18
317,2025-11-26 12:28:36+05:30,1011.9,17,999.65,6256253,427971.0,404815.0,986.2,1012.2,981.3,986.2,120427500,1084.8,887.6,1102.5,649.1,1011.9,500,1,1011.8,25,1,1011.7,143,5,1011.6,537,8,1011.5,3028,19,1012.0,92,2,1012.1,2629,18,1012.2,946,16,1012.3,896,11,1012.4,4098,18
317,2025-11-26 12:28:37+05:30,1011.9,285,999.65,6256253,427971.0,404815.0,986.2,1012.2,981.3,986.2,120427500,1084.8,887.6,1102.5,649.1,1011.9,500,1,1011.8,25,1,1011.7,143,5,1011.6,537,8,1011.5,3028,19,1012.0,92,2,1012.1,2629,18,1012.2,946,16,1012.3,896,11,1012.4,4098,18
317,2025-11-26 12:28:37+05:30,1011.9,285,999.65,6256604,427241.0,404531.0,986.2,1012.2,981.3,986.2,120427500,1084.8,887.6,1102.5,649.1,1011.9,211,2,1011.7,38,2,1011.6,537,8,1011.5,3095,20,1011.4,1948,16,1012.0,36,2,1012.1,2629,18,1012.2,1080,18,1012.3,829,10,1012.4,4098,18
317,2025-11-26 12:28:37+05:30,1011.9,285,999.65,6256604,427241.0,404531.0,986.2,1012.2,981.3,986.2,120427500,1084.8,887.6,1102.5,649.1,1011.9,211,2,1011.7,38,2,1011.6,537,8,1011.5,3095,20,1011.4,1948,16,1012.0,36,2,1012.1,2629,18,1012.2,1080,18,1012.3,829,10,1012.4,4098,18
317,2025-11-26 12:28:38+05:30,1011.9,285,999.65,6256604,427241.0,404531.0,986.2,1012.2,981.3,986.2,120427500,1084.8,887.6,1102.5,649.1,1011.9,211,2,1011.7,38,2,1011.6,537,8,1011.5,3095,20,1011.4,1948,16,1012.0,36,2,1012.1,2629,18,1012.2,1080,18,1012.3,829,10,1012.4,4098,18
317,2025-11-26 12:28:38+05:30,1012.0,5,999.65,6256604,427241.0,404531.0,986.2,1012.2,981.3,986.2,120427500,1084.8,887.6,1102.5,649.1,1011.9,211,2,1011.7,38,2,1011.6,537,8,1011.5,3095,20,1011.4,1948,16,1012.0,36,2,1012.1,2629,18,1012.2,1080,18,1012.3,829,10,1012.4,4098,18
317,2025-11-26 12:28:38+05:30,1012.0,5,999.65,6256609,427747.0,404559.0,986.2,1012.2,981.3,986.2,120427500,1084.8,887.6,1102.5,649.1,1011.9,211,2,1011.7,5,1,1011.6,537,8,1011.5,2961,18,1011.4,2082,18,1012.0,31,2,1012.1,2629,18,1012.2,1080,18,1012.3,887,12,1012.4,4098,18
317,2025-11-26 12:28:39+05:30,1012.0,5,999.65,6256609,427747.0,404559.0,986.2,1012.2,981.3,986.2,120427500,1084.8,887.6,1102.5,649.1,1011.9,211,2,1011.7,5,1,1011.6,537,8,1011.5,2961,18,1011.4,2082,18,1012.0,31,2,1012.1,2629,18,1012.2,1080,18,1012.3,887,12,1012.4,4098,18
317,2025-11-26 12:28:39+05:30,1011.9,13,999.65,6256609,427747.0,404559.0,986.2,1012.2,981.3,986.2,120427500,1084.8,887.6,1102.5,649.1,1011.9,211,2,1011.7,5,1,1011.6,537,8,1011.5,2961,18,1011.4,2082,18,1012.0,31,2,1012.1,2629,18,1012.2,1080,18,1012.3,887,12,1012.4,4098,18
317,2025-11-26 12:28:39+05:30,1011.9,13,999.65,6256609,427747.0,404559.0,986.2,1012.2,981.3,986.2,120427500,1084.8,887.6,1102.5,649.1,1011.9,211,2,1011.7,5,1,1011.6,537,8,1011.5,2961,18,1011.4,2082,18,1012.0,31,2,1012.1,2629,18,1012.2,1080,18,1012.3,887,12,1012.4,4098,18
317,2025-11-26 12:28:39+05:30,1011.9,13,999.65,6256946,426500.0,404854.0,986.2,1012.2,981.3,986.2,120427500,1084.8,887.6,1102.5,649.1,1011.7,5,1,1011.6,201,5,1011.5,2924,17,1011.4,1948,16,1011.3,1875,13,1012.0,13,1,1012.1,2895,20,1012.2,1139,18,1012.3,923,12,1012.4,4137,20
317,2025-11-26 12:28:40+05:30,1011.9,13,999.65,6256946,426500.0,404854.0,986.2,1012.2,981.3,986.2,120427500,1084.8,887.6,1102.5,649.1,1011.7,5,1,1011.6,201,5,1011.5,2924,17,1011.4,1948,16,1011.3,1875,13,1012.0,13,1,1012.1,2895,20,1012.2,1139,18,1012.3,923,12,1012.4,4137,20
317,2025-11-26 12:28:40+05:30,1011.5,80,999.65,6256946,426500.0,404854.0,986.2,1012.2,981.3,986.2,120427500,1084.8,887.6,1102.5,649.1,1011.7,5,1,1011.6,201,5,1011.5,2924,17,1011.4,1948,16,1011.3,1875,13,1012.0,13,1,1012.1,2895,20,1012.2,1139,18,1012.3,923,12,1012.4,4137,20
317,2025-11-26 12:28:40+05:30,1011.5,80,999.65,6256946,426500.0,404854.0,986.2,1012.2,981.3,986.2,120427500,1084.8,887.6,1102.5,649.1,1011.7,5,1,1011.6,201,5,1011.5,2924,17,1011.4,1948,16,1011.3,1875,13,1012.0,13,1,1012.1,2895,20,1012.2,1139,18,1012.3,923,12,1012.4,4137,20
317,2025-11-26 12:28:40+05:30,1012.0,2,999.65,6257819,424665.0,404941.0,986.2,1012.2,981.3,986.2,120427500,1084.8,887.6,1102.5,649.1,1011.6,192,3,1011.5,2701,17,1011.4,1580,14,1011.3,1709,14,1011.2,1948,14,1012.0,101,1,1012.1,2899,20,1012.2,1210,18,1012.3,1028,13,1012.4,4228,22
317,2025-11-26 12:28:41+05:30,1012.0,2,999.65,6257819,424665.0,404941.0,986.2,1012.2,981.3,986.2,120427500,1084.8,887.6,1102.5,649.1,1011.6,192,3,1011.5,2701,17,1011.4,1580,14,1011.3,1709,14,1011.2,1948,14,1012.0,101,1,1012.1,2899,20,1012.2,1210,18,1012.3,1028,13,1012.4,4228,22
317,2025-11-26 12:28:41+05:30,1012.0,2,999.65,6257819,424665.0,404941.0,986.2,1012.2,981.3,986.2,120427500,1084.8,887.6,1102.5,649.1,1011.6,192,3,1011.5,2701,17,1011.4,1580,14,1011.3,1709,14,1011.2,1948,14,1012.0,101,1,1012.1,2899,20,1012.2,1210,18,1012.3,1028,13,1012.4,4228,22
317,2025-11-26 12:28:41+05:30,1012.0,2,999.65,6257819,424665.0,404941.0,986.2,1012.2,981.3,986.2,120281250,1084.8,887.6,1102.5,649.1,1011.6,192,3,1011.5,2701,17,1011.4,1580,14,1011.3,1709,14,1011.2,1948,14,1012.0,101,1,1012.1,2899,20,1012.2,1210,18,1012.3,1028,13,1012.4,4228,22
317,2025-11-26 12:28:41+05:30,1012.0,2,999.65,6257819,425395.0,406055.0,986.2,1012.2,981.3,986.2,120281250,1084.8,887.6,1102.5,649.1,1011.6,192,3,1011.5,2701,17,1011.4,1476,14,1011.3,1709,14,1011.2,1879,13,1011.8,43,1,1012.0,228,3,1012.1,2940,21,1012.2,1210,18,1012.3,1028,13
317,2025-11-26 12:28:41+05:30,1012.0,2,999.65,6257819,425395.0,406055.0,986.2,1012.2,981.3,986.2,120281250,1084.8,887.6,1102.5,649.1,1011.6,192,3,1011.5,2701,17,1011.4,1476,14,1011.3,1709,14,1011.2,1879,13,1011.8,43,1,1012.0,228,3,1012.1,2940,21,1012.2,1210,18,1012.3,1028,13
317,2025-11-26 12:28:42+05:30,1012.0,2,999.65,6257819,425395.0,406055.0,986.2,1012.2,981.3,986.2,120281250,1084.8,887.6,1102.5,649.1,1011.6,192,3,1011.5,2701,17,1011.4,1476,14,1011.3,1709,14,1011.2,1879,13,1011.8,43,1,1012.0,228,3,1012.1,2940,21,1012.2,1210,18,1012.3,1028,13
317,2025-11-26 12:28:42+05:30,1011.8,1,999.65,6257819,425395.0,406055.0,986.2,1012.2,981.3,986.2,120281250,1084.8,887.6,1102.5,649.1,1011.6,192,3,1011.5,2701,17,1011.4,1476,14,1011.3,1709,14,1011.2,1879,13,1011.8,43,1,1012.0,228,3,1012.1,2940,21,1012.2,1210,18,1012.3,1028,13
317,2025-11-26 12:28:42+05:30,1011.8,5,999.65,6257832,426236.0,406188.0,986.2,1012.2,981.3,986.2,120281250,1084.8,887.6,1102.5,649.1,1011.5,2589,16,1011.4,2297,16,1011.3,1709,14,1011.2,1868,12,1011.1,2486,14,1011.8,35,3,1012.0,297,3,1012.1,2939,20,1012.2,1317,19,1012.3,1028,13
317,2025-11-26 12:28:43+05:30,1011.8,8,999.65,6257832,426236.0,406188.0,986.2,1012.2,981.3,986.2,120281250,1084.8,887.6,1102.5,649.1,1011.5,2589,16,1011.4,2297,16,1011.3,1709,14,1011.2,1868,12,1011.1,2486,14,1011.8,35,3,1012.0,297,3,1012.1,2939,20,1012.2,1317,19,1012.3,1028,13
317,2025-11-26 12:28:43+05:30,1011.5,20,999.65,6257895,426108.0,406142.0,986.2,1012.2,981.3,986.2,120281250,1084.8,887.6,1102.5,649.1,1011.5,2611,17,1011.4,2271,14,1011.3,1735,16,1011.2,1868,12,1011.1,2486,14,1011.8,35,1,1012.0,127,2,1012.1,2939,20,1012.2,1317,19,1012.3,995,12
317,2025-11-26 12:28:44+05:30,1011.8,2,999.65,6257895,426108.0,406142.0,986.2,1012.2,981.3,986.2,120281250,1084.8,887.6,1102.5,649.1,1011.5,2611,17,1011.4,2271,14,1011.3,1735,16,1011.2,1868,12,1011.1,2486,14,1011.8,35,1,1012.0,127,2,1012.1,2939,20,1012.2,1317,19,1012.3,995,12
317,2025-11-26 12:28:45+05:30,1011.6,70,999.65,6258016,426149.0,405997.0,986.2,1012.2,981.3,986.2,120281250,1084.8,887.6,1102.5,649.1,1011.6,732,3,1011.5,3472,19,1011.4,1477,13,1011.3,922,12,1011.2,1868,12,1011.8,41,1,1012.0,177,3,1012.1,2702,18,1012.2,1238,19,1012.3,933,12
317,2025-11-26 12:28:45+05:30,1011.8,2,999.65,6258016,426149.0,405997.0,986.2,1012.2,981.3,986.2,120281250,1084.8,887.6,1102.5,649.1,1011.6,732,3,1011.5,3472,19,1011.4,1477,13,1011.3,922,12,1011.2,1868,12,1011.8,41,1,1012.0,177,3,1012.1,2702,18,1012.2,1238,19,1012.3,933,12
317,2025-11-26 12:28:46+05:30,1011.8,5,999.66,6258124,426445.0,405926.0,986.2,1012.2,981.3,986.2,120281250,1084.8,887.6,1102.5,649.1,1011.6,604,3,1011.5,3543,20,1011.4,1477,13,1011.3,922,12,1011.2,1932,13,1011.8,33,1,1012.0,177,3,1012.1,2705,19,1012.2,1241,20,1012.3,997,16
317,2025-11-26 12:28:46+05:30,1011.6,311,999.66,6258124,426445.0,405926.0,986.2,1012.2,981.3,986.2,120281250,1084.8,887.6,1102.5,649.1,1011.6,604,3,1011.5,3543,20,1011.4,1477,13,1011.3,922,12,1011.2,1932,13,1011.8,33,1,1012.0,177,3,1012.1,2705,19,1012.2,1241,20,1012.3,997,16
317,2025-11-26 12:28:47+05:30,1012.0,17,999.66,6258452,425442.0,405264.0,986.2,1012.2,981.3,986.2,120281250,1084.8,887.6,1102.5,649.1,1011.6,349,4,1011.5,3472,19,1011.4,1449,12,1011.3,935,13,1011.2,1932,13,1012.0,168,3,1012.1,2670,18,1012.2,1134,19,1012.3,1007,16,1012.4,4148,17
317,2025-11-26 12:28:47+05:30,1012.0,34,999.66,6258452,425442.0,405264.0,986.2,1012.2,981.3,986.2,120281250,1084.8,887.6,1102.5,649.1,1011.6,349,4,1011.5,3472,19,1011.4,1449,12,1011.3,935,13,1011.2,1932,13,1012.0,168,3,1012.1,2670,18,1012.2,1134,19,1012.3,1007,16,1012.4,4148,17
317,2025-11-26 12:28:48+05:30,1011.6,1,999.66,6258670,425151.0,404940.0,986.2,1012.2,981.3,986.2,120281250,1084.8,887.6,1102.5,649.1,1011.6,705,5,1011.5,2776,18,1011.4,1340,8,1011.3,1739,18,1011.2,1932,13,1012.0,51,2,1012.1,2515,16,1012.2,949,17,1012.3,1114,18,1012.4,4148,17
317,2025-11-26 12:28:48+05:30,1012.1,42,999.66,6258670,425151.0,404940.0,986.2,1012.2,981.3,986.2,120281250,1084.8,887.6,1102.5,649.1,1011.6,705,5,1011.5,2776,18,1011.4,1340,8,1011.3,1739,18,1011.2,1932,13,1012.0,51,2,1012.1,2515,16,1012.2,949,17,1012.3,1114,18,1012.4,4148,17
317,2025-11-26 12:28:49+05:30,1012.1,42,999.66,6258921,422910.0,403433.0,986.2,1012.2,981.3,986.2,120281250,1084.8,887.6,1102.5,649.1,1011.6,135,2,1011.5,1969,17,1011.4,1411,9,1011.3,2304,20,1011.2,1182,12,1012.1,2459,16,1012.2,974,18,1012.3,1032,18,1012.4,3231,15,1012.5,2159,30
317,2025-11-26 12:28:49+05:30,1012.1,5,999.66,6258921,422910.0,403433.0,986.2,1012.2,981.3,986.2,120281250,1084.8,887.6,1102.5,649.1,1011.6,135,2,1011.5,1969,17,1011.4,1411,9,1011.3,2304,20,1011.2,1182,12,1012.1,2459,16,1012.2,974,18,1012.3,1032,18,1012.4,3231,15,1012.5,2159,30
317,2025-11-26 12:28:50+05:30,1011.6,27,999.66,6258984,424429.0,404180.0,986.2,1012.2,981.3,986.2,120281250,1084.8,887.6,1102.5,649.1,1011.5,1905,15,1011.4,2161,10,1011.3,1674,17,1011.2,1253,13,1011.1,3202,14,1012.0,254,3,1012.1,2568,17,1012.2,976,18,1012.3,1102,19,1012.4,3231,15
317,2025-11-26 12:28:50+05:30,1012.0,9,999.66,6258984,424429.0,404180.0,986.2,1012.2,981.3,986.2,120281250,1084.8,887.6,1102.5,649.1,1011.5,1905,15,1011.4,2161,10,1011.3,1674,17,1011.2,1253,13,1011.1,3202,14,1012.0,254,3,1012.1,2568,17,1012.2,976,18,1012.3,1102,19,1012.4,3231,15
317,2025-11-26 12:28:51+05:30,1012.0,1,999.66,6258996,425238.0,404112.0,986.2,1012.2,981.3,986.2,120281250,1084.8,887.6,1102.5,649.1,1011.6,190,4,1011.5,2053,17,1011.4,2090,9,1011.3,1674,17,1011.2,1182,12,1012.0,75,1,1012.1,2473,15,1012.2,1306,20,1012.3,1102,19,1012.4,3318,16
317,2025-11-26 12:28:51+05:30,1012.0,1,999.66,6258996,425238.0,404112.0,986.2,1012.2,981.3,986.2,120281250,1084.8,887.6,1102.5,649.1,1011.6,190,4,1011.5,2053,17,1011.4,2090,9,1011.3,1674,17,1011.2,1182,12,1012.0,75,1,1012.1,2473,15,1012.2,1306,20,1012.3,1102,19,1012.4,3318,16
317,2025-11-26 12:28:52+05:30,1011.8,1,999.66,6258997,426126.0,405970.0,986.2,1012.2,981.3,986.2,120281250,1084.8,887.6,1102.5,649.1,1011.6,384,5,1011.5,2069,18,1011.4,2090,9,1011.3,1674,17,1011.2,847,11,1011.8,23,1,1012.0,112,2,1012.1,2473,15,1012.2,1132,18,1012.3,2041,21
317,2025-11-26 12:28:52+05:30,1011.8,1,999.66,6258997,426126.0,405970.0,986.2,1012.2,981.3,986.2,120281250,1084.8,887.6,1102.5,649.1,1011.6,384,5,1011.5,2069,18,1011.4,2090,9,1011.3,1674,17,1011.2,847,11,1011.8,23,1,1012.0,112,2,1012.1,2473,15,1012.2,1132,18,1012.3,2041,21
317,2025-11-26 12:28:53+05:30,1011.8,23,999.66,6259029,426765.0,405788.0,986.2,1012.2,981.3,986.2,120281250,1084.8,887.6,1102.5,649.1,1011.6,764,9,1011.5,1895,16,1011.4,2954,12,1011.3,1674,17,1011.2,677,10,1011.8,24,1,1012.1,2473,15,1012.2,1132,18,1012.3,2034,22,1012.4,3290,14
317,2025-11-26 12:28:53+05:30,1011.6,10,999.66,6259029,426765.0,405788.0,986.2,1012.2,981.3,986.2,120281250,1084.8,887.6,1102.5,649.1,1011.6,764,9,1011.5,1895,16,1011.4,2954,12,1011.3,1674,17,1011.2,677,10,1011.8,24,1,1012.1,2473,15,1012.2,1132,18,1012.3,2034,22,1012.4,3290,14
317,2025-11-26 12:28:54+05:30,1011.6,10,999.66,6259039,426605.0,405899.0,986.2,1012.2,981.3,986.2,120281250,1084.8,887.6,1102.5,649.1,1011.6,172,4,1011.5,2069,18,1011.4,2867,11,1011.3,1701,18,1011.2,847,11,1011.8,24,1,1012.0,168,2,1012.1,2357,13,1012.2,1132,18,1012.3,2066,23
317,2025-11-26 12:28:54+05:30,1011.8,41,999.66,6259039,426605.0,405899.0,986.2,1012.2,981.3,986.2,120281250,1084.8,887.6,1102.5,649.1,1011.6,172,4,1011.5,2069,18,1011.4,2867,11,1011.3,1701,18,1011.2,847,11,1011.8,24,1,1012.0,168,2,1012.1,2357,13,1012.2,1132,18,1012.3,2066,23
317,2025-11-26 12:28:55+05:30,1011.8,50,999.66,6259130,426076.0,405677.0,986.2,1012.2,981.3,986.2,120281250,1084.8,887.6,1102.5,649.1,1011.7,112,1,1011.6,172,4,1011.5,1958,16,1011.4,2954,12,1011.3,1701,18,1011.8,24,1,1011.9,80,2,1012.0,132,1,1012.1,2381,14,1012.2,1132,18
317,2025-11-26 12:28:55+05:30,1011.8,5,999.66,6259130,426076.0,405677.0,986.2,1012.2,981.3,986.2,120281250,1084.8,887.6,1102.5,649.1,1011.7,112,1,1011.6,172,4,1011.5,1958,16,1011.4,2954,12,1011.3,1701,18,1011.8,24,1,1011.9,80,2,1012.0,132,1,1012.1,2381,14,1012.2,1132,18
317,2025-11-26 12:28:56+05:30,1011.8,3,999.66,6259163,426066.0,405721.0,986.2,1012.2,981.3,986.2,120281250,1084.8,887.6,1102.5,649.1,1011.7,112,1,1011.6,172,4,1011.5,2045,17,1011.4,2867,11,1011.3,1760,19,1011.8,16,1,1011.9,80,2,1012.0,132,1,1012.1,2381,14,1012.2,1132,18
317,2025-11-26 12:28:56+05:30,1011.7,79,999.66,6259163,426066.0,405721.0,986.2,1012.2,981.3,986.2,120281250,1084.8,887.6,1102.5,649.1,1011.7,112,1,1011.6,172,4,1011.5,2045,17,1011.4,2867,11,1011.3,1760,19,1011.8,16,1,1011.9,80,2,1012.0,132,1,1012.1,2381,14,1012.2,1132,18
317,2025-11-26 12:28:57+05:30,1011.7,79,999.66,6259242,424624.0,405466.0,986.2,1012.2,981.3,986.2,120281250,1084.8,887.6,1102.5,649.1,1011.7,46,2,1011.6,219,4,1011.5,2095,19,1011.4,2090,9,1011.3,1825,20,1011.9,80,2,1012.0,132,1,1012.1,2357,13,1012.2,1130,18,1012.3,2045,22
317,2025-11-26 12:28:58+05:30,1011.7,79,999.66,6259242,424700.0,405399.0,986.2,1012.2,981.3,986.2,120281250,1084.8,887.6,1102.5,649.1,1011.7,46,2,1011.6,219,4,1011.5,2095,19,1011.4,2090,9,1011.3,1825,20,1011.9,80,2,1012.0,132,1,1012.1,2275,12,1012.2,1130,18,1012.3,2085,23
317,2025-11-26 12:28:58+05:30,1011.6,4,999.66,6259242,424700.0,405399.0,986.2,1012.2,981.3,986.2,120281250,1084.8,887.6,1102.5,649.1,1011.7,46,2,1011.6,219,4,1011.5,2095,19,1011.4,2090,9,1011.3,1825,20,1011.9,80,2,1012.0,132,1,1012.1,2275,12,1012.2,1130,18,1012.3,2085,23
317,2025-11-26 12:28:59+05:30,1011.9,5,999.66,6259297,424432.0,405813.0,986.2,1012.2,981.3,986.2,120281250,1084.8,887.6,1102.5,649.1,1011.6,215,4,1011.5,1985,17,1011.4,2152,9,1011.3,1825,20,1011.2,812,10,1011.9,75,2,1012.0,132,1,1012.1,2285,13,1012.2,1133,19,1012.3,2045,22
317,2025-11-26 12:28:59+05:30,1011.9,5,999.66,6259297,424432.0,405813.0,986.2,1012.2,981.3,986.2,120281250,1084.8,887.6,1102.5,649.1,1011.6,215,4,1011.5,1985,17,1011.4,2152,9,1011.3,1825,20,1011.2,812,10,1011.9,75,2,1012.0,132,1,1012.1,2285,13,1012.2,1133,19,1012.3,2045,22
317,2025-11-26 12:29:00+05:30,1011.9,1,999.66,6259318,424197.0,405679.0,986.2,1012.2,981.3,986.2,120281250,1084.8,887.6,1102.5,649.1,1011.6,215,4,1011.5,1824,16,1011.4,2014,9,1011.3,2393,21,1011.2,812,10,1011.9,54,2,1012.0,132,1,1012.1,2412,15,1012.2,1237,20,1012.3,2045,22
317,2025-11-26 12:29:00+05:30,1011.9,1,999.66,6259318,424197.0,405679.0,986.2,1012.2,981.3,986.2,120281250,1084.8,887.6,1102.5,649.1,1011.6,215,4,1011.5,1824,16,1011.4,2014,9,1011.3,2393,21,1011.2,812,10,1011.9,54,2,1012.0,132,1,1012.1,2412,15,1012.2,1237,20,1012.3,2045,22
317,2025-11-26 12:29:01+05:30,1011.7,8,999.66,6259328,424421.0,405601.0,986.2,1012.2,981.3,986.2,120281250,1084.8,887.6,1102.5,649.1,1011.7,292,1,1011.6,183,3,1011.5,1826,15,1011.4,1927,8,1011.3,1825,20,1011.9,52,2,1012.0,137,2,1012.1,2412,15,1012.2,1237,20,1012.3,2008,21
317,2025-11-26 12:29:01+05:30,1011.9,1,999.66,6259328,424421.0,405601.0,986.2,1012.2,981.3,986.2,120281250,1084.8,887.6,1102.5,649.1,1011.7,292,1,1011.6,183,3,1011.5,1826,15,1011.4,1927,8,1011.3,1825,20,1011.9,52,2,1012.0,137,2,1012.1,2412,15,1012.2,1237,20,1012.3,2008,21
317,2025-11-26 12:29:02+05:30,1011.9,1,999.66,6259329,424875.0,405685.0,986.2,1012.2,981.3,986.2,120281250,1084.8,887.6,1102.5,649.1,1011.7,292,1,1011.6,183,3,1011.5,1746,14,1011.4,2007,9,1011.3,1825,20,1011.8,7,1,1011.9,51,2,1012.0,137,2,1012.1,2412,15,1012.2,1237,20
317,2025-11-26 12:29:02+05:30,1011.8,1,999.66,6259329,424875.0,405685.0,986.2,1012.2,981.3,986.2,120281250,1084.8,887.6,1102.5,649.1,1011.7,292,1,1011.6,183,3,1011.5,1746,14,1011.4,2007,9,1011.3,1825,20,1011.8,7,1,1011.9,51,2,1012.0,137,2,1012.1,2412,15,1012.2,1237,20
317,2025-11-26 12:29:03+05:30,1011.9,29,999.66,6259476,424960.0,404986.0,986.2,1012.2,981.3,986.2,120281250,1084.8,887.6,1102.5,649.1,1011.7,340,2,1011.6,183,3,1011.5,1738,14,1011.4,2757,10,1011.3,1825,20,1011.9,96,3,1012.0,137,2,1012.1,2322,14,1012.2,1224,19,1012.3,1154,20
317,2025-11-26 12:29:03+05:30,1011.8,48,999.66,6259476,424960.0,404986.0,986.2,1012.2,981.3,986.2,120281250,1084.8,887.6,1102.5,649.1,1011.7,340,2,1011.6,183,3,1011.5,1738,14,1011.4,2757,10,1011.3,1825,20,1011.9,96,3,1012.0,137,2,1012.1,2322,14,1012.2,1224,19,1012.3,1154,20
317,2025-11-26 12:29:04+05:30,1011.8,48,999.66,6259547,424120.0,405639.0,986.2,1012.2,981.3,986.2,120281250,1084.8,887.6,1102.5,649.1,1011.8,48,1,1011.7,292,1,1011.6,183,3,1011.5,1688,14,1011.4,1927,8,1011.9,118,3,1012.0,137,2,1012.1,2402,15,1012.2,1252,20,1012.3,1067,19
317,2025-11-26 12:29:04+05:30,1011.8,13,999.66,6259547,424120.0,405639.0,986.2,1012.2,981.3,986.2,120281250,1084.8,887.6,1102.5,649.1,1011.8,48,1,1011.7,292,1,1011.6,183,3,1011.5,1688,14,1011.4,1927,8,1011.9,118,3,1012.0,137,2,1012.1,2402,15,1012.2,1252,20,1012.3,1067,19
317,2025-11-26 12:29:05+05:30,1011.9,2,999.66,6259708,424062.0,405885.0,986.2,1012.2,981.3,986.2,120281250,1084.8,887.6,1102.5,649.1,1011.8,16,2,1011.7,292,1,1011.6,183,3,1011.5,1400,9,1011.4,1904,7,1011.9,135,4,1012.0,431,6,1012.1,2432,16,1012.2,1580,22,1012.3,769,18
317,2025-11-26 12:29:05+05:30,1011.9,2,999.66,6259708,424062.0,405885.0,986.2,1012.2,981.3,986.2,120281250,1084.8,887.6,1102.5,649.1,1011.8,16,2,1011.7,292,1,1011.6,183,3,1011.5,1400,9,1011.4,1904,7,1011.9,135,4,1012.0,431,6,1012.1,2432,16,1012.2,1580,22,1012.3,769,18
317,2025-11-26 12:29:06+05:30,1011.9,1,999.66,6259709,423969.0,406170.0,986.2,1012.2,981.3,986.2,120281250,1084.8,887.6,1102.5,649.1,1011.8,16,2,1011.7,292,1,1011.6,183,3,1011.5,1400,9,1011.4,1904,7,1011.9,113,3,1012.0,363,4,1012.1,2459,15,1012.2,1580,22,1012.3,769,18
317,2025-11-26 12:29:06+05:30,1011.9,1,999.66,6259709,423969.0,406170.0,986.2,1012.2,981.3,986.2,120281250,1084.8,887.6,1102.5,649.1,1011.8,16,2,1011.7,292,1,1011.6,183,3,1011.5,1400,9,1011.4,1904,7,1011.9,113,3,1012.0,363,4,1012.1,2459,15,1012.2,1580,22,1012.3,769,18
317,2025-11-26 12:29:07+05:30,1011.9,1,999.66,6259710,424236.0,406255.0,986.2,1012.2,981.3,986.2,120281250,1084.8,887.6,1102.5,649.1,1011.8,16,2,1011.7,292,1,1011.6,183,3,1011.5,1400,9,1011.4,1904,7,1011.9,112,3,1012.0,454,6,1012.1,2459,15,1012.2,1282,21,1012.3,1067,19
317,2025-11-26 12:29:07+05:30,1011.7,34,999.66,6259710,424236.0,406255.0,986.2,1012.2,981.3,986.2,120281250,1084.8,887.6,1102.5,649.1,1011.8,16,2,1011.7,292,1,1011.6,183,3,1011.5,1400,9,1011.4,1904,7,1011.9,112,3,1012.0,454,6,1012.1,2459,15,1012.2,1282,21,1012.3,1067,19
317,2025-11-26 12:29:08+05:30,1011.7,34,999.66,6259860,424048.0,406151.0,986.2,1012.2,981.3,986.2,120281250,1084.8,887.6,1102.5,649.1,1011.7,258,1,1011.6,183,3,1011.5,1674,12,1011.4,1926,8,1011.3,1831,20,1011.9,112,3,1012.0,378,5,1012.1,2299,13,1012.2,1414,22,1012.3,1067,19
317,2025-11-26 12:29:08+05:30,1011.7,258,999.66,6259860,424048.0,406151.0,986.2,1012.2,981.3,986.2,120281250,1084.8,887.6,1102.5,649.1,1011.7,258,1,1011.6,183,3,1011.5,1674,12,1011.4,1926,8,1011.3,1831,20,1011.9,112,3,1012.0,378,5,1012.1,2299,13,1012.2,1414,22,1012.3,1067,19
317,2025-11-26 12:29:09+05:30,1011.8,149,999.66,6260287,423960.0,405921.0,986.2,1012.2,981.3,986.2,120281250,1084.8,887.6,1102.5,649.1,1011.8,149,1,1011.6,183,3,1011.5,1430,10,1011.4,1926,8,1011.3,1831,20,1011.9,127,3,1012.0,472,5,1012.1,2076,14,1012.2,1623,23,1012.3,769,18
317,2025-11-26 12:29:09+05:30,1011.9,91,999.66,6260287,423960.0,405921.0,986.2,1012.2,981.3,986.2,120281250,1084.8,887.6,1102.5,649.1,1011.8,149,1,1011.6,183,3,1011.5,1430,10,1011.4,1926,8,1011.3,1831,20,1011.9,127,3,1012.0,472,5,1012.1,2076,14,1012.2,1623,23,1012.3,769,18
317,2025-11-26 12:29:10+05:30,1011.9,1,999.66,6260426,423878.0,406151.0,986.2,1012.2,981.3,986.2,120281250,1084.8,887.6,1102.5,649.1,1011.8,124,2,1011.6,183,3,1011.5,1452,11,1011.4,1926,8,1011.3,1798,19,1011.9,188,3,1012.0,392,4,1012.1,2221,14,1012.2,1315,21,1012.3,764,17
317,2025-11-26 12:29:10+05:30,1011.9,1,999.66,6260426,423878.0,406151.0,986.2,1012.2,981.3,986.2,120281250,1084.8,887.6,1102.5,649.1,1011.8,124,2,1011.6,183,3,1011.5,1452,11,1011.4,1926,8,1011.3,1798,19,1011.9,188,3,1012.0,392,4,1012.1,2221,14,1012.2,1315,21,1012.3,764,17
317,2025-11-26 12:29:11+05:30,1011.9,2,999.66,6260428,423902.0,406162.0,986.2,1012.2,981.3,986.2,120281250,1084.8,887.6,1102.5,649.1,1011.8,124,2,1011.6,183,3,1011.5,1452,11,1011.4,1926,8,1011.3,1798,19,1011.9,186,3,1012.0,392,4,1012.1,2221,14,1012.2,1613,22,1012.3,764,17
317,2025-11-26 12:29:11+05:30,1011.5,1,999.66,6260428,423902.0,406162.0,986.2,1012.2,981.3,986.2,120281250,1084.8,887.6,1102.5,649.1,1011.8,124,2,1011.6,183,3,1011.5,1452,11,1011.4,1926,8,1011.3,1798,19,1011.9,186,3,1012.0,392,4,1012.1,2221,14,1012.2,1613,22,1012.3,764,17
317,2025-11-26 12:29:12+05:30,1011.5,1,999.66,6261185,422382.0,406981.0,986.2,1012.2,981.3,986.2,120281250,1084.8,887.6,1102.5,649.1,1011.5,1168,7,1011.4,1713,5,1011.3,1273,6,1011.2,1634,17,1011.1,1979,16,1011.8,22,1,1011.9,450,10,1012.0,774,12,1012.1,2174,15,1012.2,1894,28
317,2025-11-26 12:29:13+05:30,1011.8,22,999.66,6261217,421752.0,407212.0,986.2,1012.2,981.3,986.2,120281250,1084.8,887.6,1102.5,649.1,1011.5,418,6,1011.4,1664,5,1011.3,1170,7,1011.2,1621,19,1011.1,2123,18,1011.8,22,1,1011.9,470,6,1012.0,1052,17,1012.1,2107,15,1012.2,1894,28
317,2025-11-26 12:29:13+05:30,1011.8,22,999.66,6261217,421752.0,407212.0,986.2,1012.2,981.3,986.2,120281250,1084.8,887.6,1102.5,649.1,1011.5,418,6,1011.4,1664,5,1011.3,1170,7,1011.2,1621,19,1011.1,2123,18,1011.8,22,1,1011.9,470,6,1012.0,1052,17,1012.1,2107,15,1012.2,1894,28
317,2025-11-26 12:29:14+05:30,1011.8,22,999.66,6261217,421705.0,407263.0,986.2,1012.2,981.3,986.2,120281250,1084.8,887.6,1102.5,649.1,1011.5,418,6,1011.4,1633,4,1011.3,1170,7,1011.2,1621,19,1011.1,2123,18,1011.8,22,1,1011.9,645,9,1012.0,1083,17,1012.1,2107,15,1012.2,1894,28
317,2025-11-26 12:29:14+05:30,1011.8,3,999.66,6261217,421705.0,407263.0,986.2,1012.2,981.3,986.2,120281250,1084.8,887.6,1102.5,649.1,1011.5,418,6,1011.4,1633,4,1011.3,1170,7,1011.2,1621,19,1011.1,2123,18,1011.8,22,1,1011.9,645,9,1012.0,1083,17,1012.1,2107,15,1012.2,1894,28
317,2025-11-26 12:29:15+05:30,1011.8,3,999.66,6261223,422484.0,406975.0,986.2,1012.2,981.3,986.2,120281250,1084.8,887.6,1102.5,649.1,1011.6,112,1,1011.5,418,6,1011.4,1664,5,1011.3,1170,7,1011.2,1621,19,1011.8,17,2,1011.9,442,6,1012.0,1091,19,1012.1,2107,15,1012.2,1775,26
317,2025-11-26 12:29:15+05:30,1011.8,47,999.66,6261223,422484.0,406975.0,986.2,1012.2,981.3,986.2,120281250,1084.8,887.6,1102.5,649.1,1011.6,112,1,1011.5,418,6,1011.4,1664,5,1011.3,1170,7,1011.2,1621,19,1011.8,17,2,1011.9,442,6,1012.0,1091,19,1012.1,2107,15,1012.2,1775,26
317,2025-11-26 12:29:16+05:30,1011.8,1,999.66,6261454,422249.0,407241.0,986.2,1012.2,981.3,986.2,120281250,1084.8,887.6,1102.5,649.1,1011.6,112,1,1011.5,418,6,1011.4,1664,5,1011.3,1170,7,1011.2,1621,19,1011.8,23,2,1011.9,392,5,1012.0,952,16,1012.1,2120,16,1012.2,1689,24
317,2025-11-26 12:29:16+05:30,1011.8,1,999.66,6261454,422249.0,407241.0,986.2,1012.2,981.3,986.2,120281250,1084.8,887.6,1102.5,649.1,1011.6,112,1,1011.5,418,6,1011.4,1664,5,1011.3,1170,7,1011.2,1621,19,1011.8,23,2,1011.9,392,5,1012.0,952,16,1012.1,2120,16,1012.2,1689,24
317,2025-11-26 12:29:17+05:30,1011.5,118,999.66,6261684,421653.0,407045.0,986.2,1012.2,981.3,986.2,120281250,1084.8,887.6,1102.5,649.1,1011.5,300,6,1011.4,1666,5,1011.3,1170,7,1011.2,1621,19,1011.1,1975,16,1011.8,3,1,1011.9,452,6,1012.0,1139,17,1012.1,2333,18,1012.2,1510,24
317,2025-11-26 12:29:17+05:30,1011.5,118,999.66,6261684,421653.0,407045.0,986.2,1012.2,981.3,986.2,120281250,1084.8,887.6,1102.5,649.1,1011.5,300,6,1011.4,1666,5,1011.3,1170,7,1011.2,1621,19,1011.1,1975,16,1011.8,3,1,1011.9,452,6,1012.0,1139,17,1012.1,2333,18,1012.2,1510,24
317,2025-11-26 12:29:18+05:30,1011.4,129,999.67,6263322,420175.0,407428.0,986.2,1012.2,981.3,986.2,120281250,1084.8,887.6,1102.5,649.1,1011.4,1468,4,1011.3,1037,5,1011.2,1585,19,1011.1,1975,16,1011.0,1690,18,1011.6,93,1,1011.7,5,1,1011.8,205,2,1011.9,409,6,1012.0,890,14
317,2025-11-26 12:29:18+05:30,1011.4,129,999.67,6263322,420175.0,407428.0,986.2,1012.2,981.3,986.2,120281250,1084.8,887.6,1102.5,649.1,1011.4,1468,4,1011.3,1037,5,1011.2,1585,19,1011.1,1975,16,1011.0,1690,18,1011.6,93,1,1011.7,5,1,1011.8,205,2,1011.9,409,6,1012.0,890,14
317,2025-11-26 12:29:19+05:30,1011.5,1,999.67,6263323,421918.0,407185.0,986.2,1012.2,981.3,986.2,120281250,1084.8,887.6,1102.5,649.1,1011.4,1501,5,1011.3,2148,11,1011.2,1618,19,1011.1,1975,16,1011.0,1690,18,1011.7,5,1,1011.8,403,2,1011.9,386,5,1012.0,979,14,1012.1,2094,14
317,2025-11-26 12:29:19+05:30,1011.7,10,999.67,6263323,421918.0,407185.0,986.2,1012.2,981.3,986.2,120281250,1084.8,887.6,1102.5,649.1,1011.4,1501,5,1011.3,2148,11,1011.2,1618,19,1011.1,1975,16,1011.0,1690,18,1011.7,5,1,1011.8,403,2,1011.9,386,5,1012.0,979,14,1012.1,2094,14
317,2025-11-26 12:29:20+05:30,1011.6,1,999.67,6263334,422071.0,407218.0,986.2,1012.2,981.3,986.2,120281250,1084.8,887.6,1102.5,649.1,1011.4,1429,4,1011.3,2112,9,1011.2,1649,20,1011.1,1975,16,1011.0,1690,18,1011.6,257,1,1011.7,5,1,1011.8,403,2,1011.9,386,5,1012.0,992,15
317,2025-11-26 12:29:20+05:30,1011.6,1,999.67,6263334,422071.0,407218.0,986.2,1012.2,981.3,986.2,120281250,1084.8,887.6,1102.5,649.1,1011.4,1429,4,1011.3,2112,9,1011.2,1649,20,1011.1,1975,16,1011.0,1690,18,1011.6,257,1,1011.7,5,1,1011.8,403,2,1011.9,386,5,1012.0,992,15
317,2025-11-26 12:29:21+05:30,1011.6,1,999.67,6263341,421897.0,407339.0,986.2,1012.2,981.3,986.2,120281250,1084.8,887.6,1102.5,649.1,1011.4,1396,3,1011.3,1876,7,1011.2,1678,19,1011.1,1959,16,1011.0,1717,19,1011.6,251,2,1011.7,5,1,1011.8,581,5,1011.9,648,7,1012.0,1028,17
317,2025-11-26 12:29:21+05:30,1011.4,14,999.67,6263341,421897.0,407339.0,986.2,1012.2,981.3,986.2,120281250,1084.8,887.6,1102.5,649.1,1011.4,1396,3,1011.3,1876,7,1011.2,1678,19,1011.1,1959,16,1011.0,1717,19,1011.6,251,2,1011.7,5,1,1011.8,581,5,1011.9,648,7,1012.0,1028,17
317,2025-11-26 12:29:22+05:30,1011.4,14,999.67,6263355,422838.0,408714.0,986.2,1012.2,981.3,986.2,120281250,1084.8,887.6,1102.5,649.1,1011.4,1382,3,1011.3,1669,6,1011.2,2460,21,1011.1,1959,16,1011.0,1717,19,1011.5,245,2,1011.6,300,3,1011.7,5,1,1011.8,745,6,1011.9,622,8
317,2025-11-26 12:29:23+05:30,1011.5,19,999.67,6263405,422701.0,408721.0,986.2,1012.2,981.3,986.2,120281250,1084.8,887.6,1102.5,649.1,1011.4,1382,3,1011.3,1726,7,1011.2,2460,21,1011.1,1983,17,1011.0,1717,19,1011.5,201,3,1011.6,309,4,1011.7,30,2,1011.8,663,5,1011.9,623,8
317,2025-11-26 12:29:23+05:30,1011.5,19,999.67,6263405,422701.0,408721.0,986.2,1012.2,981.3,986.2,120281250,1084.8,887.6,1102.5,649.1,1011.4,1382,3,1011.3,1726,7,1011.2,2460,21,1011.1,1983,17,1011.0,1717,19,1011.5,201,3,1011.6,309,4,1011.7,30,2,1011.8,663,5,1011.9,623,8
317,2025-11-26 12:29:24+05:30,1011.4,1,999.67,6263506,423122.0,408684.0,986.2,1012.2,981.3,986.2,120281250,1084.8,887.6,1102.5,649.1,1011.4,1381,3,1011.3,1614,6,1011.2,2460,21,1011.1,1983,17,1011.0,1717,19,1011.5,168,3,1011.6,309,4,1011.7,30,2,1011.8,680,7,1011.9,623,8
317,2025-11-26 12:29:24+05:30,1011.4,1,999.67,6263506,423122.0,408684.0,986.2,1012.2,981.3,986.2,120281250,1084.8,887.6,1102.5,649.1,1011.4,1381,3,1011.3,1614,6,1011.2,2460,21,1011.1,1983,17,1011.0,1717,19,1011.5,168,3,1011.6,309,4,1011.7,30,2,1011.8,680,7,1011.9,623,8
317,2025-11-26 12:29:25+05:30,1011.5,11,999.67,6263532,423157.0,410202.0,986.2,1012.2,981.3,986.2,120281250,1084.8,887.6,1102.5,649.1,1011.4,1381,3,1011.3,1589,5,1011.2,2460,21,1011.1,1983,17,1011.0,1717,19,1011.5,142,3,1011.6,309,4,1011.7,30,2,1011.8,585,6,1011.9,603,7
317,2025-11-26 12:29:25+05:30,1011.5,11,999.67,6263532,423157.0,410202.0,986.2,1012.2,981.3,986.2,120281250,1084.8,887.6,1102.5,649.1,1011.4,1381,3,1011.3,1589,5,1011.2,2460,21,1011.1,1983,17,1011.0,1717,19,1011.5,142,3,1011.6,309,4,1011.7,30,2,1011.8,585,6,1011.9,603,7
317,2025-11-26 12:29:26+05:30,1011.5,2,999.67,6263554,422087.0,410221.0,986.2,1012.2,981.3,986.2,120281250,1084.8,887.6,1102.5,649.1,1011.4,1381,3,1011.3,1589,5,1011.2,2460,21,1011.1,1983,17,1011.0,1717,19,1011.5,120,3,1011.6,309,4,1011.7,49,3,1011.8,585,6,1011.9,603,7
317,2025-11-26 12:29:26+05:30,1011.5,9,999.67,6263554,422087.0,410221.0,986.2,1012.2,981.3,986.2,120281250,1084.8,887.6,1102.5,649.1,1011.4,1381,3,1011.3,1589,5,1011.2,2460,21,1011.1,1983,17,1011.0,1717,19,1011.5,120,3,1011.6,309,4,1011.7,49,3,1011.8,585,6,1011.9,603,7
317,2025-11-26 12:29:27+05:30,1011.4,1,999.67,6264162,422095.0,410144.0,986.2,1012.2,981.3,986.2,120281250,1084.8,887.6,1102.5,649.1,1011.4,774,2,1011.3,1589,5,1011.2,2384,20,1011.1,2059,18,1011.0,1717,19,1011.5,43,2,1011.6,309,4,1011.7,49,3,1011.8,585,6,1011.9,602,7
317,2025-11-26 12:29:27+05:30,1011.4,1,999.67,6264162,422095.0,410144.0,986.2,1012.2,981.3,986.2,120281250,1084.8,887.6,1102.5,649.1,1011.4,774,2,1011.3,1589,5,1011.2,2384,20,1011.1,2059,18,1011.0,1717,19,1011.5,43,2,1011.6,309,4,1011.7,49,3,1011.8,585,6,1011.9,602,7
317,2025-11-26 12:29:28+05:30,1011.4,3,999.67,6264165,422051.0,410558.0,986.2,1012.2,981.3,986.2,120281250,1084.8,887.6,1102.5,649.1,1011.4,771,2,1011.3,1589,5,1011.2,2384,20,1011.1,2059,18,1011.0,1774,20,1011.5,43,2,1011.6,309,4,1011.7,49,3,1011.8,585,6,1011.9,603,8
317,2025-11-26 12:29:28+05:30,1011.5,2,999.67,6264165,422051.0,410558.0,986.2,1012.2,981.3,986.2,120281250,1084.8,887.6,1102.5,649.1,1011.4,771,2,1011.3,1589,5,1011.2,2384,20,1011.1,2059,18,1011.0,1774,20,1011.5,43,2,1011.6,309,4,1011.7,49,3,1011.8,585,6,1011.9,603,8
317,2025-11-26 12:29:29+05:30,1011.5,8,999.67,6264186,421439.0,410571.0,986.2,1012.2,981.3,986.2,120281250,1084.8,887.6,1102.5,649.1,1011.4,784,3,1011.3,1499,3,1011.2,2322,13,1011.1,1950,16,1011.0,1774,20,1011.5,22,2,1011.6,351,5,1011.7,49,3,1011.8,585,6,1011.9,600,8
317,2025-11-26 12:29:29+05:30,1011.5,2,999.67,6264186,421439.0,410571.0,986.2,1012.2,981.3,986.2,120281250,1084.8,887.6,1102.5,649.1,1011.4,784,3,1011.3,1499,3,1011.2,2322,13,1011.1,1950,16,1011.0,1774,20,1011.5,22,2,1011.6,351,5,1011.7,49,3,1011.8,585,6,1011.9,600,8
317,2025-11-26 12:29:30+05:30,1011.4,5,999.67,6264325,420875.0,410429.0,986.2,1012.2,981.3,986.2,120281250,1084.8,887.6,1102.5,649.1,1011.4,779,3,1011.3,1531,4,1011.2,1628,14,1011.1,2063,23,1011.0,1774,20,1011.6,283,5,1011.7,49,3,1011.8,585,6,1011.9,624,9,1012.0,2211,18
317,2025-11-26 12:29:30+05:30,1011.4,5,999.67,6264325,420875.0,410429.0,986.2,1012.2,981.3,986.2,120281250,1084.8,887.6,1102.5,649.1,1011.4,779,3,1011.3,1531,4,1011.2,1628,14,1011.1,2063,23,1011.0,1774,20,1011.6,283,5,1011.7,49,3,1011.8,585,6,1011.9,624,9,1012.0,2211,18
317,2025-11-26 12:29:31+05:30,1011.4,8,999.67,6264334,421666.0,410578.0,986.2,1012.2,981.3,986.2,120281250,1084.8,887.6,1102.5,649.1,1011.4,771,3,1011.3,1531,4,1011.2,2378,15,1011.1,2063,23,1011.0,1774,20,1011.6,282,5,1011.7,49,3,1011.8,585,6,1011.9,626,10,1012.0,2111,18
317,2025-11-26 12:29:31+05:30,1011.4,8,999.67,6264334,421666.0,410578.0,986.2,1012.2,981.3,986.2,120281250,1084.8,887.6,1102.5,649.1,1011.4,771,3,1011.3,1531,4,1011.2,2378,15,1011.1,2063,23,1011.0,1774,20,1011.6,282,5,1011.7,49,3,1011.8,585,6,1011.9,626,10,1012.0,2111,18
317,2025-11-26 12:29:32+05:30,1011.4,8,999.67,6264334,423218.0,410735.0,986.2,1012.2,981.3,986.2,120281250,1084.8,887.6,1102.5,649.1,1011.4,771,3,1011.3,1531,4,1011.2,3104,15,1011.1,2091,24,1011.0,1774,20,1011.5,22,2,1011.6,282,5,1011.7,49,3,1011.8,585,6,1011.9,628,10
317,2025-11-26 12:29:33+05:30,1011.5,17,999.67,6264373,423291.0,410697.0,986.2,1012.2,981.3,986.2,120281250,1084.8,887.6,1102.5,649.1,1011.4,771,3,1011.3,1531,4,1011.2,3028,14,1011.1,2160,25,1011.0,1774,20,1011.5,5,2,1011.6,282,5,1011.7,49,3,1011.8,585,6,1011.9,629,10
317,2025-11-26 12:29:33+05:30,1011.5,17,999.67,6264373,423291.0,410697.0,986.2,1012.2,981.3,986.2,120281250,1084.8,887.6,1102.5,649.1,1011.4,771,3,1011.3,1531,4,1011.2,3028,14,1011.1,2160,25,1011.0,1774,20,1011.5,5,2,1011.6,282,5,1011.7,49,3,1011.8,585,6,1011.9,629,10
317,2025-11-26 12:29:34+05:30,1011.5,31,999.67,6265193,420033.0,409872.0,986.2,1012.2,981.3,986.2,120281250,1084.8,887.6,1102.5,649.1,1011.4,734,4,1011.3,783,2,1011.2,420,8,1011.1,1654,13,1011.0,2620,22,1011.5,31,3,1011.6,239,3,1011.7,111,4,1011.8,218,9,1011.9,615,10
317,2025-11-26 12:29:34+05:30,1011.5,19,999.67,6265193,420033.0,409872.0,986.2,1012.2,981.3,986.2,120281250,1084.8,887.6,1102.5,649.1,1011.4,734,4,1011.3,783,2,1011.2,420,8,1011.1,1654,13,1011.0,2620,22,1011.5,31,3,1011.6,239,3,1011.7,111,4,1011.8,218,9,1011.9,615,10
317,2025-11-26 12:29:35+05:30,1011.2,65,999.67,6265855,419452.0,411013.0,986.2,1012.2,981.3,986.2,120281250,1084.8,887.6,1102.5,649.1,1011.2,703,4,1011.1,2267,12,1011.0,2418,19,1010.9,1012,13,1010.8,2991,17,1011.5,9,2,1011.6,239,3,1011.7,439,7,1011.8,614,15,1011.9,758,11
317,2025-11-26 12:29:35+05:30,1011.2,65,999.67,6265855,419452.0,411013.0,986.2,1012.2,981.3,986.2,120281250,1084.8,887.6,1102.5,649.1,1011.2,703,4,1011.1,2267,12,1011.0,2418,19,1010.9,1012,13,1010.8,2991,17,1011.5,9,2,1011.6,239,3,1011.7,439,7,1011.8,614,15,1011.9,758,11
317,2025-11-26 12:29:36+05:30,1011.5,2,999.67,6265857,419095.0,410883.0,986.2,1012.2,981.3,986.2,120281250,1084.8,887.6,1102.5,649.1,1011.2,634,3,1011.1,2375,14,1011.0,2451,20,1010.9,1012,13,1010.8,2991,17,1011.5,139,3,1011.6,239,3,1011.7,370,6,1011.8,545,14,1011.9,906,14
317,2025-11-26 12:29:36+05:30,1011.2,45,999.67,6265857,419095.0,410883.0,986.2,1012.2,981.3,986.2,120281250,1084.8,887.6,1102.5,649.1,1011.2,634,3,1011.1,2375,14,1011.0,2451,20,1010.9,1012,13,1010.8,2991,17,1011.5,139,3,1011.6,239,3,1011.7,370,6,1011.8,545,14,1011.9,906,14
317,2025-11-26 12:29:37+05:30,1011.5,5,999.67,6265909,419154.0,411305.0,986.2,1012.2,981.3,986.2,120281250,1084.8,887.6,1102.5,649.1,1011.2,558,2,1011.1,2087,10,1011.0,2311,20,1010.9,1154,14,1010.8,3035,18,1011.5,127,1,1011.6,239,3,1011.7,395,7,1011.8,545,14,1011.9,906,14
317,2025-11-26 12:29:37+05:30,1011.5,5,999.67,6265909,419154.0,411305.0,986.2,1012.2,981.3,986.2,120281250,1084.8,887.6,1102.5,649.1,1011.2,558,2,1011.1,2087,10,1011.0,2311,20,1010.9,1154,14,1010.8,3035,18,1011.5,127,1,1011.6,239,3,1011.7,395,7,1011.8,545,14,1011.9,906,14
317,2025-11-26 12:29:38+05:30,1011.5,1,999.67,6265910,419170.0,411304.0,986.2,1012.2,981.3,986.2,120281250,1084.8,887.6,1102.5,649.1,1011.2,558,2,1011.1,2120,11,1011.0,2254,19,1010.9,1154,14,1010.8,2995,17,1011.5,126,1,1011.6,239,3,1011.7,395,7,1011.8,545,14,1011.9,906,14
317,2025-11-26 12:29:38+05:30,1011.5,1,999.67,6265910,419170.0,411304.0,986.2,1012.2,981.3,986.2,120281250,1084.8,887.6,1102.5,649.1,1011.2,558,2,1011.1,2120,11,1011.0,2254,19,1010.9,1154,14,1010.8,2995,17,1011.5,126,1,1011.6,239,3,1011.7,395,7,1011.8,545,14,1011.9,906,14
317,2025-11-26 12:29:39+05:30,1011.5,1,999.67,6265910,419166.0,411711.0,986.2,1012.2,981.3,986.2,120281250,1084.8,887.6,1102.5,649.1,1011.2,558,2,1011.1,2120,11,1011.0,2254,19,1010.9,1154,14,1010.8,2995,17,1011.5,132,2,1011.6,239,3,1011.7,464,8,1011.8,545,14,1011.9,837,13
317,2025-11-26 12:29:40+05:30,1011.5,2,999.67,6265910,419166.0,411711.0,986.2,1012.2,981.3,986.2,120281250,1084.8,887.6,1102.5,649.1,1011.2,558,2,1011.1,2120,11,1011.0,2254,19,1010.9,1154,14,1010.8,2995,17,1011.5,132,2,1011.6,239,3,1011.7,464,8,1011.8,545,14,1011.9,837,13
317,2025-11-26 12:29:40+05:30,1011.5,2,999.67,6265914,414654.0,414400.0,986.2,1012.2,981.3,986.2,120281250,1084.8,887.6,1102.5,649.1,1011.1,248,4,1011.0,872,11,1010.9,453,5,1010.8,1576,8,1010.7,2088,12,1011.5,851,10,1011.6,915,14,1011.7,602,15,1011.8,1143,16,1011.9,871,13
317,2025-11-26 12:29:41+05:30,1011.5,2,999.67,6265914,414654.0,414400.0,986.2,1012.2,981.3,986.2,120281250,1084.8,887.6,1102.5,649.1,1011.1,248,4,1011.0,872,11,1010.9,453,5,1010.8,1576,8,1010.7,2088,12,1011.5,851,10,1011.6,915,14,1011.7,602,15,1011.8,1143,16,1011.9,871,13
317,2025-11-26 12:29:41+05:30,1011.5,2,999.67,6265914,417126.0,414782.0,986.2,1012.2,981.3,986.2,120281250,1084.8,887.6,1102.5,649.1,1011.1,223,3,1011.0,872,11,1010.9,1078,8,1010.8,1673,10,1010.7,2248,11,1011.3,32,1,1011.4,69,2,1011.5,603,8,1011.6,884,13,1011.7,678,18
317,2025-11-26 12:29:42+05:30,1011.3,1,999.67,6265914,417126.0,414782.0,986.2,1012.2,981.3,986.2,120281250,1084.8,887.6,1102.5,649.1,1011.1,223,3,1011.0,872,11,1010.9,1078,8,1010.8,1673,10,1010.7,2248,11,1011.3,32,1,1011.4,69,2,1011.5,603,8,1011.6,884,13,1011.7,678,18
317,2025-11-26 12:29:42+05:30,1011.3,1,999.67,6265915,417168.0,415999.0,986.2,1012.2,981.3,986.2,120281250,1084.8,887.6,1102.5,649.1,1011.1,223,3,1011.0,872,11,1010.9,1070,9,1010.8,1673,10,1010.7,2248,11,1011.3,31,1,1011.4,69,2,1011.5,603,8,1011.6,884,13,1011.7,678,18
317,2025-11-26 12:29:43+05:30,1011.3,23,999.67,6265915,417168.0,415999.0,986.2,1012.2,981.3,986.2,120281250,1084.8,887.6,1102.5,649.1,1011.1,223,3,1011.0,872,11,1010.9,1070,9,1010.8,1673,10,1010.7,2248,11,1011.3,31,1,1011.4,69,2,1011.5,603,8,1011.6,884,13,1011.7,678,18
317,2025-11-26 12:29:43+05:30,1011.3,23,999.67,6265947,417078.0,415881.0,986.2,1012.2,981.3,986.2,120281250,1084.8,887.6,1102.5,649.1,1011.1,223,3,1011.0,872,11,1010.9,1046,8,1010.8,1560,9,1010.7,2167,11,1011.3,32,1,1011.4,5,1,1011.5,616,9,1011.6,884,13,1011.7,678,18
317,2025-11-26 12:29:44+05:30,1011.3,3,999.67,6265947,417078.0,415881.0,986.2,1012.2,981.3,986.2,120281250,1084.8,887.6,1102.5,649.1,1011.1,223,3,1011.0,872,11,1010.9,1046,8,1010.8,1560,9,1010.7,2167,11,1011.3,32,1,1011.4,5,1,1011.5,616,9,1011.6,884,13,1011.7,678,18
317,2025-11-26 12:29:44+05:30,1011.3,3,999.67,6265950,417078.0,415866.0,986.2,1012.2,981.3,986.2,120281250,1084.8,887.6,1102.5,649.1,1011.1,223,3,1011.0,872,11,1010.9,1046,8,1010.8,1560,9,1010.7,2167,11,1011.3,29,1,1011.4,49,2,1011.5,583,8,1011.6,884,13,1011.7,678,18
317,2025-11-26 12:29:45+05:30,1011.3,2,999.67,6265950,417078.0,415866.0,986.2,1012.2,981.3,986.2,120281250,1084.8,887.6,1102.5,649.1,1011.1,223,3,1011.0,872,11,1010.9,1046,8,1010.8,1560,9,1010.7,2167,11,1011.3,29,1,1011.4,49,2,1011.5,583,8,1011.6,884,13,1011.7,678,18
317,2025-11-26 12:29:45+05:30,1011.3,1,999.67,6266228,415148.0,416391.0,986.2,1012.2,981.3,986.2,120281250,1084.8,887.6,1102.5,649.1,1011.1,223,3,1011.0,872,11,1010.9,1078,9,1010.8,1007,8,1010.7,1274,10,1011.3,1,1,1011.4,44,1,1011.5,440,6,1011.6,948,14,1011.7,629,16
317,2025-11-26 12:29:46+05:30,1011.1,1,999.67,6266228,415148.0,416391.0,986.2,1012.2,981.3,986.2,120281250,1084.8,887.6,1102.5,649.1,1011.1,223,3,1011.0,872,11,1010.9,1078,9,1010.8,1007,8,1010.7,1274,10,1011.3,1,1,1011.4,44,1,1011.5,440,6,1011.6,948,14,1011.7,629,16
317,2025-11-26 12:29:46+05:30,1011.1,1,999.67,6266229,395433.0,397787.0,986.2,1012.2,981.3,986.2,120281250,1084.8,887.6,1102.5,649.1,1011.1,222,3,1011.0,992,12,1010.9,1025,7,1010.8,1007,8,1010.7,1274,10,1011.4,44,1,1011.5,496,8,1011.6,1033,16,1011.7,629,16,1011.8,951,14
317,2025-11-26 12:29:47+05:30,1011.1,50,999.67,6266229,395433.0,397787.0,986.2,1012.2,981.3,986.2,120281250,1084.8,887.6,1102.5,649.1,1011.1,222,3,1011.0,992,12,1010.9,1025,7,1010.8,1007,8,1010.7,1274,10,1011.4,44,1,1011.5,496,8,1011.6,1033,16,1011.7,629,16,1011.8,951,14
317,2025-11-26 12:29:47+05:30,1011.1,50,999.67,6266279,395524.0,397860.0,986.2,1012.2,981.3,986.2,120281250,1084.8,887.6,1102.5,649.1,1011.1,185,4,1011.0,1092,13,1010.9,1025,7,1010.8,1007,8,1010.7,1274,10,1011.4,45,2,1011.5,603,10,1011.6,1012,16,1011.7,629,16,1011.8,909,13
317,2025-11-26 12:29:48+05:30,1011.1,13,999.67,6266279,395524.0,397860.0,986.2,1012.2,981.3,986.2,120281250,1084.8,887.6,1102.5,649.1,1011.1,185,4,1011.0,1092,13,1010.9,1025,7,1010.8,1007,8,1010.7,1274,10,1011.4,45,2,1011.5,603,10,1011.6,1012,16,1011.7,629,16,1011.8,909,13
317,2025-11-26 12:29:49+05:30,1011.1,13,999.67,6266294,396842.0,398432.0,986.2,1012.2,981.3,986.2,120281250,1084.8,887.6,1102.5,649.1,1011.2,500,1,1011.1,170,4,1011.0,1092,13,1010.9,475,6,1010.8,1007,8,1011.4,325,5,1011.5,724,13,1011.6,1038,18,1011.7,512,13,1011.8,909,13
317,2025-11-26 12:29:50+05:30,1011.4,26,999.67,6266320,396809.0,398334.0,986.2,1012.2,981.3,986.2,120281250,1084.8,887.6,1102.5,649.1,1011.2,513,2,1011.1,157,3,1011.0,1092,13,1010.9,475,6,1010.8,1007,8,1011.4,51,3,1011.5,988,15,1011.6,1012,16,1011.7,538,15,1011.8,909,13
317,2025-11-26 12:29:50+05:30,1011.2,106,999.67,6266320,396809.0,398334.0,986.2,1012.2,981.3,986.2,120281250,1084.8,887.6,1102.5,649.1,1011.2,513,2,1011.1,157,3,1011.0,1092,13,1010.9,475,6,1010.8,1007,8,1011.4,51,3,1011.5,988,15,1011.6,1012,16,1011.7,538,15,1011.8,909,13
317,2025-11-26 12:29:51+05:30,1011.4,1,999.67,6266468,395962.0,400075.0,986.2,1012.2,981.3,986.2,120281250,1084.8,887.6,1102.5,649.1,1011.2,367,2,1011.1,157,3,1011.0,1092,13,1010.9,148,4,1010.8,1178,5,1011.4,107,3,1011.5,932,14,1011.6,1012,16,1011.7,555,10,1011.8,745,12
317,2025-11-26 12:29:51+05:30,1011.4,1,999.67,6266468,395962.0,400075.0,986.2,1012.2,981.3,986.2,120281250,1084.8,887.6,1102.5,649.1,1011.2,367,2,1011.1,157,3,1011.0,1092,13,1010.9,148,4,1010.8,1178,5,1011.4,107,3,1011.5,932,14,1011.6,1012,16,1011.7,555,10,1011.8,745,12
317,2025-11-26 12:29:52+05:30,1011.4,1,999.67,6266468,396900.0,397699.0,986.2,1012.2,981.3,986.2,120281250,1084.8,887.6,1102.5,649.1,1011.2,367,2,1011.1,157,3,1011.0,1092,13,1010.9,312,5,1010.8,852,5,1011.3,12,1,1011.4,17,2,1011.5,851,12,1011.6,1070,17,1011.7,555,10
317,2025-11-26 12:29:53+05:30,1011.3,6,999.67,6266479,396961.0,397839.0,986.2,1012.2,981.3,986.2,120281250,1084.8,887.6,1102.5,649.1,1011.2,367,2,1011.1,157,3,1011.0,1092,13,1010.9,312,5,1010.8,1469,8,1011.3,1,1,1011.4,17,2,1011.5,851,12,1011.6,1070,17,1011.7,542,11
317,2025-11-26 12:29:53+05:30,1011.3,23,999.67,6266479,396961.0,397839.0,986.2,1012.2,981.3,986.2,120281250,1084.8,887.6,1102.5,649.1,1011.2,367,2,1011.1,157,3,1011.0,1092,13,1010.9,312,5,1010.8,1469,8,1011.3,1,1,1011.4,17,2,1011.5,851,12,1011.6,1070,17,1011.7,542,11
317,2025-11-26 12:29:54+05:30,1011.2,2,999.67,6266514,396882.0,397656.0,986.2,1012.2,981.3,986.2,120281250,1084.8,887.6,1102.5,649.1,1011.2,355,2,1011.1,157,3,1011.0,1092,13,1010.9,312,5,1010.8,959,8,1011.3,67,2,1011.4,62,3,1011.5,839,13,1011.6,739,13,1011.7,586,12
317,2025-11-26 12:29:54+05:30,1011.4,1010,999.67,6266514,396882.0,397656.0,986.2,1012.2,981.3,986.2,120281250,1084.8,887.6,1102.5,649.1,1011.2,355,2,1011.1,157,3,1011.0,1092,13,1010.9,312,5,1010.8,959,8,1011.3,67,2,1011.4,62,3,1011.5,839,13,1011.6,739,13,1011.7,586,12
317,2025-11-26 12:29:55+05:30,1011.4,1,999.67,6268530,395900.0,396865.0,986.2,1012.2,981.3,986.2,120281250,1084.8,887.6,1102.5,649.1,1011.2,355,2,1011.1,159,4,1011.0,1092,13,1010.9,330,5,1010.8,1542,10,1011.4,79,1,1011.5,691,11,1011.6,611,9,1011.7,546,9,1011.8,1081,21
317,2025-11-26 12:29:55+05:30,1011.4,12,999.67,6268530,395900.0,396865.0,986.2,1012.2,981.3,986.2,120281250,1084.8,887.6,1102.5,649.1,1011.2,355,2,1011.1,159,4,1011.0,1092,13,1010.9,330,5,1010.8,1542,10,1011.4,79,1,1011.5,691,11,1011.6,611,9,1011.7,546,9,1011.8,1081,21
317,2025-11-26 12:29:56+05:30,1011.4,2,999.67,6268544,395941.0,396878.0,986.2,1012.2,981.3,986.2,120281250,1084.8,887.6,1102.5,649.1,1011.2,371,3,1011.1,159,4,1011.0,1097,14,1010.9,330,5,1010.8,1576,11,1011.4,65,1,1011.5,668,10,1011.6,611,9,1011.7,546,9,1011.8,1081,21
317,2025-11-26 12:29:56+05:30,1011.4,2,999.67,6268544,395941.0,396878.0,986.2,1012.2,981.3,986.2,120281250,1084.8,887.6,1102.5,649.1,1011.2,371,3,1011.1,159,4,1011.0,1097,14,1010.9,330,5,1010.8,1576,11,1011.4,65,1,1011.5,668,10,1011.6,611,9,1011.7,546,9,1011.8,1081,21
317,2025-11-26 12:29:57+05:30,1011.4,1,999.67,6268545,395984.0,396921.0,986.2,1012.2,981.3,986.2,120281250,1084.8,887.6,1102.5,649.1,1011.2,371,3,1011.1,159,4,1011.0,1097,14,1010.9,330,5,1010.8,1040,10,1011.4,64,1,1011.5,630,10,1011.6,611,9,1011.7,527,8,1011.8,1081,21
317,2025-11-26 12:29:57+05:30,1011.4,1,999.67,6268545,395984.0,396921.0,986.2,1012.2,981.3,986.2,120281250,1084.8,887.6,1102.5,649.1,1011.2,371,3,1011.1,159,4,1011.0,1097,14,1010.9,330,5,1010.8,1040,10,1011.4,64,1,1011.5,630,10,1011.6,611,9,1011.7,527,8,1011.8,1081,21
317,2025-11-26 12:29:58+05:30,1011.2,5,999.67,6268550,395979.0,397021.0,986.2,1012.2,981.3,986.2,120281250,1084.8,887.6,1102.5,649.1,1011.2,366,3,1011.1,159,4,1011.0,1097,14,1010.9,330,5,1010.8,1040,10,1011.4,64,1,1011.5,630,10,1011.6,611,9,1011.7,527,8,1011.8,1081,21
317,2025-11-26 12:29:58+05:30,1011.2,1,999.67,6268550,395979.0,397021.0,986.2,1012.2,981.3,986.2,120281250,1084.8,887.6,1102.5,649.1,1011.2,366,3,1011.1,159,4,1011.0,1097,14,1010.9,330,5,1010.8,1040,10,1011.4,64,1,1011.5,630,10,1011.6,611,9,1011.7,527,8,1011.8,1081,21
317,2025-11-26 12:29:59+05:30,1011.2,1,999.67,6268551,396013.0,397935.0,986.2,1012.2,981.3,986.2,120281250,1084.8,887.6,1102.5,649.1,1011.2,365,3,1011.1,159,4,1011.0,1097,14,1010.9,307,4,1010.8,1040,10,1011.3,217,1,1011.4,239,6,1011.5,688,11,1011.6,553,8,1011.7,526,8
317,2025-11-26 12:30:00+05:30,1011.2,1,999.67,6268554,396034.0,397932.0,986.2,1012.2,981.3,986.2,120281250,1084.8,887.6,1102.5,649.1,1011.2,364,3,1011.1,159,4,1011.0,1097,14,1010.9,307,4,1010.8,1040,10,1011.3,216,2,1011.4,181,5,1011.5,744,12,1011.6,553,8,1011.7,526,8
317,2025-11-26 12:30:00+05:30,1011.2,1,999.67,6268554,396034.0,397932.0,986.2,1012.2,981.3,986.2,120281250,1084.8,887.6,1102.5,649.1,1011.2,364,3,1011.1,159,4,1011.0,1097,14,1010.9,307,4,1010.8,1040,10,1011.3,216,2,1011.4,181,5,1011.5,744,12,1011.6,553,8,1011.7,526,8
317,2025-11-26 12:30:01+05:30,1011.2,29,999.68,6268949,395368.0,398424.0,986.2,1012.2,981.3,986.2,120281250,1084.8,887.6,1102.5,649.1,1011.2,16,1,1011.1,159,4,1011.0,1093,14,1010.9,143,3,1010.8,842,8,1011.3,508,5,1011.4,484,9,1011.5,700,13,1011.6,652,11,1011.7,971,13
317,2025-11-26 12:30:01+05:30,1011.2,109,999.68,6268949,395368.0,398424.0,986.2,1012.2,981.3,986.2,120281250,1084.8,887.6,1102.5,649.1,1011.2,16,1,1011.1,159,4,1011.0,1093,14,1010.9,143,3,1010.8,842,8,1011.3,508,5,1011.4,484,9,1011.5,700,13,1011.6,652,11,1011.7,971,13
317,2025-11-26 12:30:02+05:30,1011.2,80,999.68,6269449,395683.0,398544.0,986.2,1012.2,981.3,986.2,120281250,1084.8,887.6,1102.5,649.1,1011.1,159,4,1011.0,979,13,1010.9,539,8,1010.8,1206,10,1010.7,1877,12,1011.3,214,2,1011.4,123,3,1011.5,520,7,1011.6,620,9,1011.7,719,10
317,2025-11-26 12:30:02+05:30,1011.2,80,999.68,6269449,395683.0,398544.0,986.2,1012.2,981.3,986.2,120281250,1084.8,887.6,1102.5,649.1,1011.1,159,4,1011.0,979,13,1010.9,539,8,1010.8,1206,10,1010.7,1877,12,1011.3,214,2,1011.4,123,3,1011.5,520,7,1011.6,620,9,1011.7,719,10
317,2025-11-26 12:30:03+05:30,1011.3,56,999.68,6269719,397009.0,398484.0,986.2,1012.2,981.3,986.2,120281250,1084.8,887.6,1102.5,649.1,1011.2,77,1,1011.1,159,4,1011.0,979,13,1010.9,684,9,1010.8,1292,10,1011.3,133,1,1011.4,123,3,1011.5,520,7,1011.6,687,10,1011.7,719,10
317,2025-11-26 12:30:03+05:30,1011.3,5,999.68,6269719,397009.0,398484.0,986.2,1012.2,981.3,986.2,120281250,1084.8,887.6,1102.5,649.1,1011.2,77,1,1011.1,159,4,1011.0,979,13,1010.9,684,9,1010.8,1292,10,1011.3,133,1,1011.4,123,3,1011.5,520,7,1011.6,687,10,1011.7,719,10
317,2025-11-26 12:30:04+05:30,1011.3,5,999.68,6269862,399704.0,398016.0,986.2,1012.2,981.3,986.2,120281250,1084.8,887.6,1102.5,649.1,1011.3,391,2,1011.1,374,7,1011.0,1418,18,1010.9,2498,12,1010.8,2887,17,1011.4,123,3,1011.5,360,6,1011.6,332,5,1011.7,510,7,1011.8,775,19
317,2025-11-26 12:30:04+05:30,1011.3,5,999.68,6269862,399704.0,398016.0,986.2,1012.2,981.3,986.2,120281250,1084.8,887.6,1102.5,649.1,1011.3,391,2,1011.1,374,7,1011.0,1418,18,1010.9,2498,12,1010.8,2887,17,1011.4,123,3,1011.5,360,6,1011.6,332,5,1011.7,510,7,1011.8,775,19
317,2025-11-26 12:30:05+05:30,1011.4,3,999.68,6269865,400100.0,398266.0,986.2,1012.2,981.3,986.2,120281250,1084.8,887.6,1102.5,649.1,1011.3,404,3,1011.1,813,7,1011.0,1971,19,1010.9,1385,11,1010.8,2987,16,1011.4,120,3,1011.5,360,6,1011.6,332,5,1011.7,454,6,1011.8,831,20
317,2025-11-26 12:30:05+05:30,1011.3,2,999.68,6269865,400100.0,398266.0,986.2,1012.2,981.3,986.2,120281250,1084.8,887.6,1102.5,649.1,1011.3,404,3,1011.1,813,7,1011.0,1971,19,1010.9,1385,11,1010.8,2987,16,1011.4,120,3,1011.5,360,6,1011.6,332,5,1011.7,454,6,1011.8,831,20
317,2025-11-26 12:30:06+05:30,1011.4,1,999.68,6269868,399812.0,398610.0,986.2,1012.2,981.3,986.2,120281250,1084.8,887.6,1102.5,649.1,1011.3,402,3,1011.1,816,7,1011.0,1915,18,1010.9,1441,12,1010.8,3042,17,1011.4,380,5,1011.5,360,6,1011.6,388,6,1011.7,538,8,1011.8,775,19
317,2025-11-26 12:30:06+05:30,1011.4,1,999.68,6269868,399812.0,398610.0,986.2,1012.2,981.3,986.2,120281250,1084.8,887.6,1102.5,649.1,1011.3,402,3,1011.1,816,7,1011.0,1915,18,1010.9,1441,12,1010.8,3042,17,1011.4,380,5,1011.5,360,6,1011.6,388,6,1011.7,538,8,1011.8,775,19
317,2025-11-26 12:30:07+05:30,1011.3,81,999.68,6270069,399861.0,398382.0,986.2,1012.2,981.3,986.2,120281250,1084.8,887.6,1102.5,649.1,1011.3,201,3,1011.1,864,7,1011.0,1915,18,1010.9,1415,10,1010.8,2995,14,1011.4,380,5,1011.5,360,6,1011.6,250,4,1011.7,538,8,1011.8,831,20
317,2025-11-26 12:30:07+05:30,1011.4,16,999.68,6270069,399861.0,398382.0,986.2,1012.2,981.3,986.2,120281250,1084.8,887.6,1102.5,649.1,1011.3,201,3,1011.1,864,7,1011.0,1915,18,1010.9,1415,10,1010.8,2995,14,1011.4,380,5,1011.5,360,6,1011.6,250,4,1011.7,538,8,1011.8,831,20
317,2025-11-26 12:30:08+05:30,1011.4,16,999.68,6270179,400134.0,397899.0,986.2,1012.2,981.3,986.2,120281250,1084.8,887.6,1102.5,649.1,1011.3,201,3,1011.1,999,9,1011.0,2107,21,1010.9,1589,18,1010.8,3814,16,1011.4,320,4,1011.5,398,7,1011.6,12,2,1011.7,459,7,1011.8,831,20
317,2025-11-26 12:30:08+05:30,1011.4,15,999.68,6270179,400134.0,397899.0,986.2,1012.2,981.3,986.2,120281250,1084.8,887.6,1102.5,649.1,1011.3,201,3,1011.1,999,9,1011.0,2107,21,1010.9,1589,18,1010.8,3814,16,1011.4,320,4,1011.5,398,7,1011.6,12,2,1011.7,459,7,1011.8,831,20
317,2025-11-26 12:30:09+05:30,1011.4,15,999.68,6270203,400261.0,397702.0,986.2,1012.2,981.3,986.2,120281250,1084.8,887.6,1102.5,649.1,1011.3,201,3,1011.1,458,8,1011.0,2028,19,1010.9,1645,19,1010.8,3064,15,1011.4,296,3,1011.5,398,7,1011.6,9,1,1011.7,501,8,1011.8,726,13
317,2025-11-26 12:30:10+05:30,1011.4,1,999.68,6270204,400308.0,397823.0,986.2,1012.2,981.3,986.2,120281250,1084.8,887.6,1102.5,649.1,1011.3,211,4,1011.1,458,8,1011.0,2084,20,1010.9,1589,18,1010.8,3064,15,1011.4,295,3,1011.5,398,7,1011.6,9,1,1011.7,445,7,1011.8,782,14
317,2025-11-26 12:30:10+05:30,1011.3,1,999.68,6270204,400308.0,397823.0,986.2,1012.2,981.3,986.2,120281250,1084.8,887.6,1102.5,649.1,1011.3,211,4,1011.1,458,8,1011.0,2084,20,1010.9,1589,18,1010.8,3064,15,1011.4,295,3,1011.5,398,7,1011.6,9,1,1011.7,445,7,1011.8,782,14
317,2025-11-26 12:30:11+05:30,1011.4,2,999.68,6270241,398496.0,398177.0,986.2,1012.2,981.3,986.2,120281250,1084.8,887.6,1102.5,649.1,1011.3,176,4,1011.1,164,5,1011.0,1480,19,1010.9,1256,10,1010.8,2108,18,1011.4,293,3,1011.5,398,7,1011.6,262,3,1011.7,737,11,1011.8,1024,14
317,2025-11-26 12:30:11+05:30,1011.3,82,999.68,6270241,398496.0,398177.0,986.2,1012.2,981.3,986.2,120281250,1084.8,887.6,1102.5,649.1,1011.3,176,4,1011.1,164,5,1011.0,1480,19,1010.9,1256,10,1010.8,2108,18,1011.4,293,3,1011.5,398,7,1011.6,262,3,1011.7,737,11,1011.8,1024,14
317,2025-11-26 12:30:12+05:30,1011.3,82,999.68,6270500,398766.0,398827.0,986.2,1012.2,981.3,986.2,120281250,1084.8,887.6,1102.5,649.1,1011.3,452,2,1011.1,164,5,1011.0,1424,18,1010.9,743,9,1010.8,2608,18,1011.4,592,4,1011.5,520,9,1011.6,327,4,1011.7,675,9,1011.8,970,15
317,2025-11-26 12:30:12+05:30,1011.4,1,999.68,6270500,398766.0,398827.0,986.2,1012.2,981.3,986.2,120281250,1084.8,887.6,1102.5,649.1,1011.3,452,2,1011.1,164,5,1011.0,1424,18,1010.9,743,9,1010.8,2608,18,1011.4,592,4,1011.5,520,9,1011.6,327,4,1011.7,675,9,1011.8,970,15
317,2025-11-26 12:30:13+05:30,1011.4,6,999.68,6270534,398780.0,398526.0,986.2,1012.2,981.3,986.2,120281250,1084.8,887.6,1102.5,649.1,1011.3,452,2,1011.1,164,5,1011.0,1424,18,1010.9,756,10,1010.8,2609,17,1011.4,558,4,1011.5,459,8,1011.6,323,4,1011.7,675,9,1011.8,970,15
317,2025-11-26 12:30:13+05:30,1011.4,1,999.68,6270534,398780.0,398526.0,986.2,1012.2,981.3,986.2,120281250,1084.8,887.6,1102.5,649.1,1011.3,452,2,1011.1,164,5,1011.0,1424,18,1010.9,756,10,1010.8,2609,17,1011.4,558,4,1011.5,459,8,1011.6,323,4,1011.7,675,9,1011.8,970,15
317,2025-11-26 12:30:14+05:30,1011.4,112,999.68,6270999,398678.0,398629.0,986.2,1012.2,981.3,986.2,120281250,1084.8,887.6,1102.5,649.1,1011.3,102,2,1011.1,164,5,1011.0,1357,17,1010.9,689,9,1010.8,2117,13,1011.4,463,5,1011.5,398,7,1011.6,449,6,1011.7,675,9,1011.8,970,15
317,2025-11-26 12:30:14+05:30,1011.4,112,999.68,6270999,398678.0,398629.0,986.2,1012.2,981.3,986.2,120281250,1084.8,887.6,1102.5,649.1,1011.3,102,2,1011.1,164,5,1011.0,1357,17,1010.9,689,9,1010.8,2117,13,1011.4,463,5,1011.5,398,7,1011.6,449,6,1011.7,675,9,1011.8,970,15
317,2025-11-26 12:30:15+05:30,1011.3,1,999.68,6271052,399177.0,398581.0,986.2,1012.2,981.3,986.2,120281250,1084.8,887.6,1102.5,649.1,1011.3,508,2,1011.1,164,5,1011.0,1357,17,1010.9,689,9,1010.8,2117,13,1011.4,461,5,1011.5,512,8,1011.6,449,6,1011.7,675,9,1011.8,970,15
317,2025-11-26 12:30:15+05:30,1011.3,1,999.68,6271052,399177.0,398581.0,986.2,1012.2,981.3,986.2,120281250,1084.8,887.6,1102.5,649.1,1011.3,508,2,1011.1,164,5,1011.0,1357,17,1010.9,689,9,1010.8,2117,13,1011.4,461,5,1011.5,512,8,1011.6,449,6,1011.7,675,9,1011.8,970,15
317,2025-11-26 12:30:16+05:30,1011.4,1,999.68,6271055,399342.0,398816.0,986.2,1012.2,981.3,986.2,120281250,1084.8,887.6,1102.5,649.1,1011.3,508,2,1011.1,164,5,1011.0,1357,17,1010.9,689,9,1010.8,2117,13,1011.4,916,8,1011.5,312,7,1011.6,449,6,1011.7,675,9,1011.8,970,15
317,2025-11-26 12:30:16+05:30,1011.4,1,999.68,6271055,399342.0,398816.0,986.2,1012.2,981.3,986.2,120281250,1084.8,887.6,1102.5,649.1,1011.3,508,2,1011.1,164,5,1011.0,1357,17,1010.9,689,9,1010.8,2117,13,1011.4,916,8,1011.5,312,7,1011.6,449,6,1011.7,675,9,1011.8,970,15
317,2025-11-26 12:30:17+05:30,1011.4,1,999.68,6271055,399272.0,398964.0,986.2,1012.2,981.3,986.2,120281250,1084.8,887.6,1102.5,649.1,1011.3,508,2,1011.1,164,5,1011.0,1357,17,1010.9,689,9,1010.8,2630,14,1011.4,1044,9,1011.5,312,7,1011.6,449,6,1011.7,675,9,1011.8,970,15
317,2025-11-26 12:30:18+05:30,1011.4,2,999.68,6271057,399428.0,399016.0,986.2,1012.2,981.3,986.2,120281250,1084.8,887.6,1102.5,649.1,1011.3,508,2,1011.1,164,5,1011.0,1357,17,1010.9,740,9,1010.8,2117,13,1011.4,1042,9,1011.5,312,7,1011.6,449,6,1011.7,649,8,1011.8,970,15
317,2025-11-26 12:30:18+05:30,1011.4,2,999.68,6271057,399428.0,399016.0,986.2,1012.2,981.3,986.2,120281250,1084.8,887.6,1102.5,649.1,1011.3,508,2,1011.1,164,5,1011.0,1357,17,1010.9,740,9,1010.8,2117,13,1011.4,1042,9,1011.5,312,7,1011.6,449,6,1011.7,649,8,1011.8,970,15
317,2025-11-26 12:30:19+05:30,1011.3,44,999.68,6271102,395844.0,399638.0,986.2,1012.2,981.3,986.2,120281250,1084.8,887.6,1102.5,649.1,1011.3,464,2,1011.1,159,4,1011.0,1197,16,1010.9,578,7,1010.8,1925,11,1011.4,1150,11,1011.5,517,11,1011.6,444,7,1011.7,680,10,1011.8,996,17
317,2025-11-26 12:30:19+05:30,1011.3,44,999.68,6271102,395844.0,399638.0,986.2,1012.2,981.3,986.2,120281250,1084.8,887.6,1102.5,649.1,1011.3,464,2,1011.1,159,4,1011.0,1197,16,1010.9,578,7,1010.8,1925,11,1011.4,1150,11,1011.5,517,11,1011.6,444,7,1011.7,680,10,1011.8,996,17
317,2025-11-26 12:30:20+05:30,1011.4,1,999.68,6271104,398149.0,399643.0,986.2,1012.2,981.3,986.2,120281250,1084.8,887.6,1102.5,649.1,1011.3,464,2,1011.1,159,4,1011.0,1197,16,1010.9,583,8,1010.8,1448,11,1011.4,1039,9,1011.5,578,12,1011.6,444,7,1011.7,680,10,1011.8,1001,18
317,2025-11-26 12:30:20+05:30,1011.4,1,999.68,6271104,398149.0,399643.0,986.2,1012.2,981.3,986.2,120281250,1084.8,887.6,1102.5,649.1,1011.3,464,2,1011.1,159,4,1011.0,1197,16,1010.9,583,8,1010.8,1448,11,1011.4,1039,9,1011.5,578,12,1011.6,444,7,1011.7,680,10,1011.8,1001,18
317,2025-11-26 12:30:21+05:30,1011.3,166,999.68,6271278,398442.0,399769.0,986.2,1012.2,981.3,986.2,120281250,1084.8,887.6,1102.5,649.1,1011.3,368,2,1011.1,159,4,1011.0,1197,16,1010.9,583,8,1010.8,1372,10,1011.4,1038,9,1011.5,534,12,1011.6,507,8,1011.7,693,11,1011.8,1071,23
317,2025-11-26 12:30:21+05:30,1011.3,166,999.68,6271278,398442.0,399769.0,986.2,1012.2,981.3,986.2,120281250,1084.8,887.6,1102.5,649.1,1011.3,368,2,1011.1,159,4,1011.0,1197,16,1010.9,583,8,1010.8,1372,10,1011.4,1038,9,1011.5,534,12,1011.6,507,8,1011.7,693,11,1011.8,1071,23
317,2025-11-26 12:30:22+05:30,1011.3,2,999.68,6271278,398442.0,399769.0,986.2,1012.2,981.3,986.2,120281250,1084.8,887.6,1102.5,649.1,1011.3,368,2,1011.1,159,4,1011.0,1197,16,1010.9,583,8,1010.8,1372,10,1011.4,1038,9,1011.5,534,12,1011.6,507,8,1011.7,693,11,1011.8,1071,23
317,2025-11-26 12:30:22+05:30,1011.4,4,999.68,6271289,398481.0,399982.0,986.2,1012.2,981.3,986.2,120281250,1084.8,887.6,1102.5,649.1,1011.3,365,2,1011.1,159,4,1011.0,1197,16,1010.9,583,8,1010.8,1372,10,1011.4,1158,10,1011.5,693,14,1011.6,441,7,1011.7,706,12,1011.8,1058,22
317,2025-11-26 12:30:23+05:30,1011.4,23,999.68,6271289,398481.0,399982.0,986.2,1012.2,981.3,986.2,120281250,1084.8,887.6,1102.5,649.1,1011.3,365,2,1011.1,159,4,1011.0,1197,16,1010.9,583,8,1010.8,1372,10,1011.4,1158,10,1011.5,693,14,1011.6,441,7,1011.7,706,12,1011.8,1058,22
317,2025-11-26 12:30:23+05:30,1011.4,23,999.68,6271312,397575.0,399736.0,986.2,1012.2,981.3,986.2,120281250,1084.8,887.6,1102.5,649.1,1011.3,378,3,1011.1,159,4,1011.0,1197,16,1010.9,583,8,1010.8,1446,11,1011.4,1201,11,1011.5,617,12,1011.6,441,7,1011.7,685,11,1011.8,1058,22
317,2025-11-26 12:30:24+05:30,1011.4,23,999.68,6271312,397838.0,399771.0,986.2,1012.2,981.3,986.2,120281250,1084.8,887.6,1102.5,649.1,1011.3,378,3,1011.1,159,4,1011.0,1197,16,1010.9,583,8,1010.8,1446,11,1011.4,1201,11,1011.5,627,13,1011.6,441,7,1011.7,710,12,1011.8,1058,22
317,2025-11-26 12:30:25+05:30,1011.4,11,999.68,6271312,397838.0,399771.0,986.2,1012.2,981.3,986.2,120281250,1084.8,887.6,1102.5,649.1,1011.3,378,3,1011.1,159,4,1011.0,1197,16,1010.9,583,8,1010.8,1446,11,1011.4,1201,11,1011.5,627,13,1011.6,441,7,1011.7,710,12,1011.8,1058,22
317,2025-11-26 12:30:26+05:30,1011.4,2,999.68,6271341,397661.0,399841.0,986.2,1012.2,981.3,986.2,120281250,1084.8,887.6,1102.5,649.1,1011.3,378,3,1011.1,159,4,1011.0,1197,16,1010.9,583,8,1010.8,1372,10,1011.4,1106,10,1011.5,693,14,1011.6,441,7,1011.7,685,11,1011.8,1058,22
317,2025-11-26 12:30:26+05:30,1011.3,1,999.68,6271341,397661.0,399841.0,986.2,1012.2,981.3,986.2,120281250,1084.8,887.6,1102.5,649.1,1011.3,378,3,1011.1,159,4,1011.0,1197,16,1010.9,583,8,1010.8,1372,10,1011.4,1106,10,1011.5,693,14,1011.6,441,7,1011.7,685,11,1011.8,1058,22
317,2025-11-26 12:30:27+05:30,1011.3,5,999.68,6271347,397550.0,399685.0,986.2,1012.2,981.3,986.2,120281250,1084.8,887.6,1102.5,649.1,1011.3,372,3,1011.1,159,4,1011.0,1197,16,1010.9,583,8,1010.8,1372,10,1011.4,1106,10,1011.5,693,14,1011.6,441,7,1011.7,685,11,1011.8,1058,22
317,2025-11-26 12:30:27+05:30,1011.3,5,999.68,6271347,397550.0,399685.0,986.2,1012.2,981.3,986.2,120281250,1084.8,887.6,1102.5,649.1,1011.3,372,3,1011.1,159,4,1011.0,1197,16,1010.9,583,8,1010.8,1372,10,1011.4,1106,10,1011.5,693,14,1011.6,441,7,1011.7,685,11,1011.8,1058,22
317,2025-11-26 12:30:28+05:30,1011.3,5,999.68,6271347,397580.0,399685.0,986.2,1012.2,981.3,986.2,120281250,1084.8,887.6,1102.5,649.1,1011.3,372,3,1011.1,159,4,1011.0,1247,17,1010.9,583,8,1010.8,1372,10,1011.4,1106,10,1011.5,693,14,1011.6,441,7,1011.7,685,11,1011.8,1058,22
317,2025-11-26 12:30:28+05:30,1011.3,20,999.68,6271347,397580.0,399685.0,986.2,1012.2,981.3,986.2,120281250,1084.8,887.6,1102.5,649.1,1011.3,372,3,1011.1,159,4,1011.0,1247,17,1010.9,583,8,1010.8,1372,10,1011.4,1106,10,1011.5,693,14,1011.6,441,7,1011.7,685,11,1011.8,1058,22
317,2025-11-26 12:30:29+05:30,1011.4,1,999.68,6271368,397560.0,399636.0,986.2,1012.2,981.3,986.2,120281250,1084.8,887.6,1102.5,649.1,1011.3,352,3,1011.1,159,4,1011.0,1247,17,1010.9,583,8,1010.8,1372,10,1011.4,1095,10,1011.5,624,12,1011.6,467,9,1011.7,685,11,1011.8,1058,22
317,2025-11-26 12:30:29+05:30,1011.4,1,999.68,6271368,397560.0,399636.0,986.2,1012.2,981.3,986.2,120281250,1084.8,887.6,1102.5,649.1,1011.3,352,3,1011.1,159,4,1011.0,1247,17,1010.9,583,8,1010.8,1372,10,1011.4,1095,10,1011.5,624,12,1011.6,467,9,1011.7,685,11,1011.8,1058,22
317,2025-11-26 12:30:30+05:30,1011.4,28,999.68,6271423,397531.0,399634.0,986.2,1012.2,981.3,986.2,120281250,1084.8,887.6,1102.5,649.1,1011.3,352,3,1011.1,159,4,1011.0,1247,17,1010.9,583,8,1010.8,1372,10,1011.4,1068,9,1011.5,624,12,1011.6,467,9,1011.7,685,11,1011.8,1058,22
317,2025-11-26 12:30:30+05:30,1011.4,28,999.68,6271423,397531.0,399634.0,986.2,1012.2,981.3,986.2,120281250,1084.8,887.6,1102.5,649.1,1011.3,352,3,1011.1,159,4,1011.0,1247,17,1010.9,583,8,1010.8,1372,10,1011.4,1068,9,1011.5,624,12,1011.6,467,9,1011.7,685,11,1011.8,1058,22
317,2025-11-26 12:30:31+05:30,1011.3,8,999.68,6271437,397694.0,399530.0,986.2,1012.2,981.3,986.2,120281250,1084.8,887.6,1102.5,649.1,1011.3,466,5,1011.2,27,1,1011.1,186,5,1011.0,1307,17,1010.9,583,8,1011.4,1067,9,1011.5,465,10,1011.6,527,10,1011.7,659,9,1011.8,1080,23
317,2025-11-26 12:30:31+05:30,1011.3,68,999.68,6271437,397694.0,399530.0,986.2,1012.2,981.3,986.2,120281250,1084.8,887.6,1102.5,649.1,1011.3,466,5,1011.2,27,1,1011.1,186,5,1011.0,1307,17,1010.9,583,8,1011.4,1067,9,1011.5,465,10,1011.6,527,10,1011.7,659,9,1011.8,1080,23
317,2025-11-26 12:30:32+05:30,1011.4,68,999.68,6271588,397796.0,400903.0,986.2,1012.2,981.3,986.2,120281250,1084.8,887.6,1102.5,649.1,1011.3,398,5,1011.2,27,1,1011.1,186,5,1011.0,1147,16,1010.9,583,8,1011.4,1152,11,1011.5,558,10,1011.6,483,10,1011.7,642,8,1011.8,1049,20
317,2025-11-26 12:30:32+05:30,1011.4,156,999.68,6271588,397796.0,400903.0,986.2,1012.2,981.3,986.2,120281250,1084.8,887.6,1102.5,649.1,1011.3,398,5,1011.2,27,1,1011.1,186,5,1011.0,1147,16,1010.9,583,8,1011.4,1152,11,1011.5,558,10,1011.6,483,10,1011.7,642,8,1011.8,1049,20
317,2025-11-26 12:30:33+05:30,1011.4,23,999.68,6271806,397816.0,400716.0,986.2,1012.2,981.3,986.2,120281250,1084.8,887.6,1102.5,649.1,1011.3,333,5,1011.2,27,1,1011.1,186,5,1011.0,1147,16,1010.9,583,8,1011.4,854,10,1011.5,711,12,1011.6,483,10,1011.7,666,9,1011.8,1049,20
317,2025-11-26 12:30:33+05:30,1011.4,23,999.68,6271806,397816.0,400716.0,986.2,1012.2,981.3,986.2,120281250,1084.8,887.6,1102.5,649.1,1011.3,333,5,1011.2,27,1,1011.1,186,5,1011.0,1147,16,1010.9,583,8,1011.4,854,10,1011.5,711,12,1011.6,483,10,1011.7,666,9,1011.8,1049,20
317,2025-11-26 12:30:34+05:30,1011.4,48,999.68,6271918,397810.0,400826.0,986.2,1012.2,981.3,986.2,120281250,1084.8,887.6,1102.5,649.1,1011.3,333,5,1011.2,27,1,1011.1,186,5,1011.0,1351,18,1010.9,583,8,1011.4,745,9,1011.5,610,10,1011.6,436,9,1011.7,642,8,1011.8,1049,20
317,2025-11-26 12:30:34+05:30,1011.4,1,999.68,6271918,397810.0,400826.0,986.2,1012.2,981.3,986.2,120281250,1084.8,887.6,1102.5,649.1,1011.3,333,5,1011.2,27,1,1011.1,186,5,1011.0,1351,18,1010.9,583,8,1011.4,745,9,1011.5,610,10,1011.6,436,9,1011.7,642,8,1011.8,1049,20
317,2025-11-26 12:30:35+05:30,1011.4,2,999.68,6271921,397727.0,400942.0,986.2,1012.2,981.3,986.2,120281250,1084.8,887.6,1102.5,649.1,1011.3,333,5,1011.2,27,1,1011.1,186,5,1011.0,1351,18,1010.9,583,8,1011.4,742,9,1011.5,436,8,1011.6,540,11,1011.7,642,8,1011.8,1049,20
317,2025-11-26 12:30:35+05:30,1011.3,2,999.68,6271921,397727.0,400942.0,986.2,1012.2,981.3,986.2,120281250,1084.8,887.6,1102.5,649.1,1011.3,333,5,1011.2,27,1,1011.1,186,5,1011.0,1351,18,1010.9,583,8,1011.4,742,9,1011.5,436,8,1011.6,540,11,1011.7,642,8,1011.8,1049,20
317,2025-11-26 12:30:36+05:30,1011.4,1,999.68,6272809,396606.0,402320.0,986.2,1012.2,981.3,986.2,120281250,1084.8,887.6,1102.5,649.1,1011.2,18,1,1011.1,159,4,1011.0,979,14,1010.9,160,3,1010.8,832,4,1011.3,6,2,1011.4,1147,14,1011.5,722,13,1011.6,823,18,1011.7,1022,10
317,2025-11-26 12:30:36+05:30,1011.4,1,999.68,6272809,396606.0,402320.0,986.2,1012.2,981.3,986.2,120281250,1084.8,887.6,1102.5,649.1,1011.2,18,1,1011.1,159,4,1011.0,979,14,1010.9,160,3,1010.8,832,4,1011.3,6,2,1011.4,1147,14,1011.5,722,13,1011.6,823,18,1011.7,1022,10
317,2025-11-26 12:30:37+05:30,1011.3,92,999.68,6273113,393370.0,401887.0,986.2,1012.2,981.3,986.2,120281250,1084.8,887.6,1102.5,649.1,1011.0,979,14,1010.9,47,2,1010.8,607,2,1010.7,618,8,1010.6,1690,14,1011.3,149,4,1011.4,1307,19,1011.5,719,12,1011.6,965,18,1011.7,610,10
317,2025-11-26 12:30:37+05:30,1011.3,92,999.68,6273113,393370.0,401887.0,986.2,1012.2,981.3,986.2,120281250,1084.8,887.6,1102.5,649.1,1011.0,979,14,1010.9,47,2,1010.8,607,2,1010.7,618,8,1010.6,1690,14,1011.3,149,4,1011.4,1307,19,1011.5,719,12,1011.6,965,18,1011.7,610,10
317,2025-11-26 12:30:38+05:30,1011.0,44,999.68,6273220,393119.0,402512.0,986.2,1012.2,981.3,986.2,120281250,1084.8,887.6,1102.5,649.1,1011.0,872,10,1010.9,47,2,1010.8,607,2,1010.7,680,9,1010.6,1690,14,1011.3,580,11,1011.4,1227,18,1011.5,729,13,1011.6,966,18,1011.7,965,15
317,2025-11-26 12:30:38+05:30,1011.0,44,999.68,6273220,393119.0,402512.0,986.2,1012.2,981.3,986.2,120281250,1084.8,887.6,1102.5,649.1,1011.0,872,10,1010.9,47,2,1010.8,607,2,1010.7,680,9,1010.6,1690,14,1011.3,580,11,1011.4,1227,18,1011.5,729,13,1011.6,966,18,1011.7,965,15
317,2025-11-26 12:30:39+05:30,1011.3,5,999.68,6273225,393146.0,402562.0,986.2,1012.2,981.3,986.2,120281250,1084.8,887.6,1102.5,649.1,1011.0,872,10,1010.9,47,2,1010.8,1107,3,1010.7,680,9,1010.6,1690,14,1011.3,510,10,1011.4,1343,19,1011.5,733,14,1011.6,966,18,1011.7,965,15
317,2025-11-26 12:30:39+05:30,1011.3,5,999.68,6273225,393146.0,402562.0,986.2,1012.2,981.3,986.2,120281250,1084.8,887.6,1102.5,649.1,1011.0,872,10,1010.9,47,2,1010.8,1107,3,1010.7,680,9,1010.6,1690,14,1011.3,510,10,1011.4,1343,19,1011.5,733,14,1011.6,966,18,1011.7,965,15
317,2025-11-26 12:30:40+05:30,1011.3,1,999.68,6273227,393079.0,404055.0,986.2,1012.2,981.3,986.2,120281250,1084.8,887.6,1102.5,649.1,1011.0,872,10,1010.9,47,2,1010.8,1107,3,1010.7,507,6,1010.6,1629,13,1011.2,202,4,1011.3,660,12,1011.4,1300,18,1011.5,852,15,1011.6,2011,19
317,2025-11-26 12:30:40+05:30,1011.0,20,999.68,6273227,393079.0,404055.0,986.2,1012.2,981.3,986.2,120281250,1084.8,887.6,1102.5,649.1,1011.0,872,10,1010.9,47,2,1010.8,1107,3,1010.7,507,6,1010.6,1629,13,1011.2,202,4,1011.3,660,12,1011.4,1300,18,1011.5,852,15,1011.6,2011,19
317,2025-11-26 12:30:41+05:30,1011.2,5,999.68,6273254,393379.0,404036.0,986.2,1012.2,981.3,986.2,120281250,1084.8,887.6,1102.5,649.1,1011.0,885,12,1010.9,27,1,1010.8,1107,3,1010.7,507,6,1010.6,1629,13,1011.2,140,3,1011.3,640,11,1011.4,1355,19,1011.5,852,15,1011.6,2011,19
317,2025-11-26 12:30:41+05:30,1011.2,5,999.68,6273254,393379.0,404036.0,986.2,1012.2,981.3,986.2,120281250,1084.8,887.6,1102.5,649.1,1011.0,885,12,1010.9,27,1,1010.8,1107,3,1010.7,507,6,1010.6,1629,13,1011.2,140,3,1011.3,640,11,1011.4,1355,19,1011.5,852,15,1011.6,2011,19
317,2025-11-26 12:30:42+05:30,1011.0,200,999.68,6273464,393790.0,404971.0,986.2,1012.2,981.3,986.2,120281250,1084.8,887.6,1102.5,649.1,1011.0,675,12,1010.9,27,1,1010.8,1000,2,1010.7,507,6,1010.6,1634,14,1011.1,271,3,1011.2,483,8,1011.3,640,11,1011.4,1248,17,1011.5,814,14
317,2025-11-26 12:30:42+05:30,1011.0,200,999.68,6273464,393790.0,404971.0,986.2,1012.2,981.3,986.2,120281250,1084.8,887.6,1102.5,649.1,1011.0,675,12,1010.9,27,1,1010.8,1000,2,1010.7,507,6,1010.6,1634,14,1011.1,271,3,1011.2,483,8,1011.3,640,11,1011.4,1248,17,1011.5,814,14
317,2025-11-26 12:30:43+05:30,1011.2,69,999.69,6278542,393384.0,401559.0,986.2,1012.2,981.3,986.2,120281250,1084.8,887.6,1102.5,649.1,1011.1,3,1,1011.0,675,12,1010.9,27,1,1010.8,1116,4,1010.7,767,9,1011.3,145,4,1011.4,609,8,1011.5,792,12,1011.6,748,12,1011.7,1075,16
317,2025-11-26 12:30:43+05:30,1011.3,55,999.69,6278542,393384.0,401559.0,986.2,1012.2,981.3,986.2,120281250,1084.8,887.6,1102.5,649.1,1011.1,3,1,1011.0,675,12,1010.9,27,1,1010.8,1116,4,1010.7,767,9,1011.3,145,4,1011.4,609,8,1011.5,792,12,1011.6,748,12,1011.7,1075,16
317,2025-11-26 12:30:44+05:30,1011.4,3,999.7,6280196,394491.0,400870.0,986.2,1012.2,981.3,986.2,120281250,1084.8,887.6,1102.5,649.1,1011.1,17,1,1011.0,411,10,1010.9,630,7,1010.8,1784,10,1010.7,1114,18,1011.4,84,1,1011.5,431,7,1011.6,1125,16,1011.7,1175,11,1011.8,679,12
317,2025-11-26 12:30:44+05:30,1011.4,3,999.7,6280196,394491.0,400870.0,986.2,1012.2,981.3,986.2,120281250,1084.8,887.6,1102.5,649.1,1011.1,17,1,1011.0,411,10,1010.9,630,7,1010.8,1784,10,1010.7,1114,18,1011.4,84,1,1011.5,431,7,1011.6,1125,16,1011.7,1175,11,1011.8,679,12
317,2025-11-26 12:30:45+05:30,1011.4,2,999.7,6280196,394491.0,400870.0,986.2,1012.2,981.3,986.2,120281250,1084.8,887.6,1102.5,649.1,1011.1,17,1,1011.0,411,10,1010.9,630,7,1010.8,1784,10,1010.7,1114,18,1011.4,84,1,1011.5,431,7,1011.6,1125,16,1011.7,1175,11,1011.8,679,12
317,2025-11-26 12:30:45+05:30,1011.4,2,999.7,6280198,394545.0,400788.0,986.2,1012.2,981.3,986.2,120281250,1084.8,887.6,1102.5,649.1,1011.1,29,2,1011.0,398,9,1010.9,520,5,1010.8,1894,12,1010.7,1114,18,1011.4,82,1,1011.5,596,9,1011.6,1070,15,1011.7,973,10,1011.8,680,13
317,2025-11-26 12:30:46+05:30,1011.5,76,999.7,6280198,394545.0,400788.0,986.2,1012.2,981.3,986.2,120281250,1084.8,887.6,1102.5,649.1,1011.1,29,2,1011.0,398,9,1010.9,520,5,1010.8,1894,12,1010.7,1114,18,1011.4,82,1,1011.5,596,9,1011.6,1070,15,1011.7,973,10,1011.8,680,13
317,2025-11-26 12:30:46+05:30,1011.5,76,999.7,6280362,394290.0,400127.0,986.2,1012.2,981.3,986.2,120281250,1084.8,887.6,1102.5,649.1,1011.1,204,4,1011.0,538,10,1010.9,694,8,1010.8,1808,10,1010.7,1674,19,1011.5,65,2,1011.6,634,10,1011.7,723,8,1011.8,893,12,1011.9,942,17
317,2025-11-26 12:30:47+05:30,1011.5,76,999.7,6280362,394248.0,400215.0,986.2,1012.2,981.3,986.2,120281250,1084.8,887.6,1102.5,649.1,1011.1,204,4,1011.0,483,9,1010.9,812,10,1010.8,1834,12,1010.7,1566,17,1011.5,225,4,1011.6,744,12,1011.7,671,8,1011.8,892,11,1011.9,891,17
317,2025-11-26 12:30:49+05:30,1011.5,76,999.7,6280362,394447.0,400599.0,986.2,1012.2,981.3,986.2,120281250,1084.8,887.6,1102.5,649.1,1011.1,204,4,1011.0,483,9,1010.9,757,9,1010.8,1889,13,1010.7,1088,16,1011.5,233,6,1011.6,745,13,1011.7,671,8,1011.8,892,11,1011.9,917,19
317,2025-11-26 12:30:50+05:30,1011.5,1,999.7,6280363,394139.0,400833.0,986.2,1012.2,981.3,986.2,120281250,1084.8,887.6,1102.5,649.1,1011.1,204,4,1011.0,483,9,1010.9,702,8,1010.8,1889,13,1010.7,1143,17,1011.5,341,8,1011.6,925,14,1011.7,671,8,1011.8,892,11,1011.9,917,19
317,2025-11-26 12:30:50+05:30,1011.5,1,999.7,6280363,394139.0,400833.0,986.2,1012.2,981.3,986.2,120281250,1084.8,887.6,1102.5,649.1,1011.1,204,4,1011.0,483,9,1010.9,702,8,1010.8,1889,13,1010.7,1143,17,1011.5,341,8,1011.6,925,14,1011.7,671,8,1011.8,892,11,1011.9,917,19
317,2025-11-26 12:30:51+05:30,1011.5,1,999.7,6280364,394154.0,400885.0,986.2,1012.2,981.3,986.2,120281250,1084.8,887.6,1102.5,649.1,1011.1,204,4,1011.0,483,9,1010.9,702,8,1010.8,1889,13,1010.7,1098,16,1011.5,510,10,1011.6,808,13,1011.7,671,8,1011.8,892,11,1011.9,917,19
317,2025-11-26 12:30:51+05:30,1011.5,1,999.7,6280364,394154.0,400885.0,986.2,1012.2,981.3,986.2,120281250,1084.8,887.6,1102.5,649.1,1011.1,204,4,1011.0,483,9,1010.9,702,8,1010.8,1889,13,1010.7,1098,16,1011.5,510,10,1011.6,808,13,1011.7,671,8,1011.8,892,11,1011.9,917,19
317,2025-11-26 12:30:52+05:30,1011.5,1,999.7,6280364,394853.0,402101.0,986.2,1012.2,981.3,986.2,120281250,1084.8,887.6,1102.5,649.1,1011.1,204,4,1011.0,351,7,1010.9,362,4,1010.8,1581,8,1010.7,899,9,1011.3,143,1,1011.5,763,12,1011.6,916,14,1011.7,969,9,1011.8,1056,14
317,2025-11-26 12:30:53+05:30,1011.3,23,999.7,6280396,395305.0,402040.0,986.2,1012.2,981.3,986.2,120281250,1084.8,887.6,1102.5,649.1,1011.1,204,4,1011.0,351,7,1010.9,362,4,1010.8,1526,7,1010.7,1016,10,1011.3,111,1,1011.4,174,2,1011.5,620,10,1011.6,916,14,1011.7,969,9
317,2025-11-26 12:30:53+05:30,1011.3,1,999.7,6280396,395305.0,402040.0,986.2,1012.2,981.3,986.2,120281250,1084.8,887.6,1102.5,649.1,1011.1,204,4,1011.0,351,7,1010.9,362,4,1010.8,1526,7,1010.7,1016,10,1011.3,111,1,1011.4,174,2,1011.5,620,10,1011.6,916,14,1011.7,969,9
317,2025-11-26 12:30:54+05:30,1011.3,1,999.7,6280397,395173.0,401984.0,986.2,1012.2,981.3,986.2,120281250,1084.8,887.6,1102.5,649.1,1011.1,204,4,1011.0,351,7,1010.9,444,5,1010.8,1526,7,1010.7,1042,12,1011.3,110,1,1011.5,739,11,1011.6,916,14,1011.7,969,9,1011.8,1056,14
317,2025-11-26 12:30:54+05:30,1011.3,5,999.7,6280397,395173.0,401984.0,986.2,1012.2,981.3,986.2,120281250,1084.8,887.6,1102.5,649.1,1011.1,204,4,1011.0,351,7,1010.9,444,5,1010.8,1526,7,1010.7,1042,12,1011.3,110,1,1011.5,739,11,1011.6,916,14,1011.7,969,9,1011.8,1056,14
317,2025-11-26 12:30:55+05:30,1011.3,2,999.7,6280408,396777.0,402382.0,986.2,1012.2,981.3,986.2,120281250,1084.8,887.6,1102.5,649.1,1011.2,112,1,1011.1,204,4,1011.0,632,9,1010.9,1079,9,1010.8,1587,8,1011.3,99,1,1011.5,259,6,1011.6,659,12,1011.7,911,10,1011.8,1354,15
317,2025-11-26 12:30:55+05:30,1011.3,12,999.7,6280408,396777.0,402382.0,986.2,1012.2,981.3,986.2,120281250,1084.8,887.6,1102.5,649.1,1011.2,112,1,1011.1,204,4,1011.0,632,9,1010.9,1079,9,1010.8,1587,8,1011.3,99,1,1011.5,259,6,1011.6,659,12,1011.7,911,10,1011.8,1354,15
317,2025-11-26 12:30:56+05:30,1011.3,3,999.7,6280436,397079.0,402277.0,986.2,1012.2,981.3,986.2,120281250,1084.8,887.6,1102.5,649.1,1011.2,112,1,1011.1,204,4,1011.0,635,10,1010.9,1162,11,1010.8,1587,8,1011.3,71,1,1011.5,205,5,1011.6,659,12,1011.7,791,9,1011.8,1475,16
317,2025-11-26 12:30:56+05:30,1011.2,13,999.7,6280436,397079.0,402277.0,986.2,1012.2,981.3,986.2,120281250,1084.8,887.6,1102.5,649.1,1011.2,112,1,1011.1,204,4,1011.0,635,10,1010.9,1162,11,1010.8,1587,8,1011.3,71,1,1011.5,205,5,1011.6,659,12,1011.7,791,9,1011.8,1475,16
317,2025-11-26 12:30:57+05:30,1011.1,2,999.7,6280564,399434.0,401563.0,986.2,1012.2,981.3,986.2,120281250,1084.8,887.6,1102.5,649.1,1011.1,190,3,1011.0,715,11,1010.9,884,12,1010.8,1761,10,1010.7,1549,12,1011.2,130,1,1011.3,25,1,1011.5,261,6,1011.6,742,13,1011.7,672,9
317,2025-11-26 12:30:57+05:30,1011.1,2,999.7,6280564,399434.0,401563.0,986.2,1012.2,981.3,986.2,120281250,1084.8,887.6,1102.5,649.1,1011.1,190,3,1011.0,715,11,1010.9,884,12,1010.8,1761,10,1010.7,1549,12,1011.2,130,1,1011.3,25,1,1011.5,261,6,1011.6,742,13,1011.7,672,9
317,2025-11-26 12:30:58+05:30,1011.1,2,999.7,6280564,399434.0,401607.0,986.2,1012.2,981.3,986.2,120281250,1084.8,887.6,1102.5,649.1,1011.1,190,3,1011.0,715,11,1010.9,884,12,1010.8,1761,10,1010.7,1549,12,1011.2,130,1,1011.3,25,1,1011.5,261,6,1011.6,742,13,1011.7,672,9
317,2025-11-26 12:30:59+05:30,1011.1,2,999.7,6280564,400001.0,401522.0,986.2,1012.2,981.3,986.2,120281250,1084.8,887.6,1102.5,649.1,1011.1,203,4,1011.0,594,10,1010.9,1006,13,1010.8,1761,10,1010.7,2102,14,1011.2,134,3,1011.3,25,1,1011.5,259,5,1011.6,657,12,1011.7,672,9
317,2025-11-26 12:31:00+05:30,1011.2,1,999.7,6280565,397056.0,401958.0,986.2,1012.2,981.3,986.2,120281250,1084.8,887.6,1102.5,649.1,1011.1,203,4,1011.0,594,10,1010.9,736,9,1010.8,1987,11,1010.7,1599,15,1011.2,133,3,1011.3,94,3,1011.4,29,1,1011.5,415,6,1011.6,631,10
317,2025-11-26 12:31:00+05:30,1011.2,1,999.7,6280565,397056.0,401958.0,986.2,1012.2,981.3,986.2,120281250,1084.8,887.6,1102.5,649.1,1011.1,203,4,1011.0,594,10,1010.9,736,9,1010.8,1987,11,1010.7,1599,15,1011.2,133,3,1011.3,94,3,1011.4,29,1,1011.5,415,6,1011.6,631,10
317,2025-11-26 12:31:01+05:30,1011.1,8,999.7,6280574,396669.0,402329.0,986.2,1012.2,981.3,986.2,120281250,1084.8,887.6,1102.5,649.1,1011.1,195,4,1011.0,434,9,1010.9,736,9,1010.8,1987,11,1010.7,1573,15,1011.2,132,3,1011.3,94,3,1011.4,29,1,1011.5,415,6,1011.6,631,10
317,2025-11-26 12:31:01+05:30,1011.1,106,999.7,6280574,396669.0,402329.0,986.2,1012.2,981.3,986.2,120281250,1084.8,887.6,1102.5,649.1,1011.1,195,4,1011.0,434,9,1010.9,736,9,1010.8,1987,11,1010.7,1573,15,1011.2,132,3,1011.3,94,3,1011.4,29,1,1011.5,415,6,1011.6,631,10
317,2025-11-26 12:31:02+05:30,1011.1,106,999.7,6280918,396484.0,404474.0,986.2,1012.2,981.3,986.2,120281250,1084.8,887.6,1102.5,649.1,1011.0,354,8,1010.9,414,6,1010.8,1989,11,1010.7,1089,15,1010.6,2439,14,1011.1,22,1,1011.2,4,2,1011.3,94,3,1011.4,232,3,1011.5,807,10
317,2025-11-26 12:31:02+05:30,1011.1,1,999.7,6280918,396484.0,404474.0,986.2,1012.2,981.3,986.2,120281250,1084.8,887.6,1102.5,649.1,1011.0,354,8,1010.9,414,6,1010.8,1989,11,1010.7,1089,15,1010.6,2439,14,1011.1,22,1,1011.2,4,2,1011.3,94,3,1011.4,232,3,1011.5,807,10
317,2025-11-26 12:31:03+05:30,1011.1,4,999.7,6280950,396456.0,404244.0,986.2,1012.2,981.3,986.2,120281250,1084.8,887.6,1102.5,649.1,1011.0,354,8,1010.9,542,7,1010.8,1863,10,1010.7,1089,15,1010.6,2409,14,1011.1,139,1,1011.2,4,2,1011.3,94,3,1011.4,232,3,1011.5,807,10
317,2025-11-26 12:31:03+05:30,1011.1,4,999.7,6280950,396456.0,404244.0,986.2,1012.2,981.3,986.2,120281250,1084.8,887.6,1102.5,649.1,1011.0,354,8,1010.9,542,7,1010.8,1863,10,1010.7,1089,15,1010.6,2409,14,1011.1,139,1,1011.2,4,2,1011.3,94,3,1011.4,232,3,1011.5,807,10
317,2025-11-26 12:31:04+05:30,1011.1,4,999.7,6280950,396433.0,404249.0,986.2,1012.2,981.3,986.2,120281250,1084.8,887.6,1102.5,649.1,1011.0,355,9,1010.9,485,6,1010.8,1863,10,1010.7,1137,16,1010.6,2409,14,1011.1,139,1,1011.2,51,3,1011.3,50,2,1011.4,232,3,1011.5,809,11
317,2025-11-26 12:31:05+05:30,1011.1,2,999.7,6280952,396094.0,404241.0,986.2,1012.2,981.3,986.2,120281250,1084.8,887.6,1102.5,649.1,1011.0,533,10,1010.9,404,5,1010.8,1806,10,1010.7,1137,16,1010.6,1880,13,1011.1,137,1,1011.2,51,3,1011.3,70,3,1011.4,232,3,1011.5,809,11
317,2025-11-26 12:31:05+05:30,1011.1,2,999.7,6280952,396094.0,404241.0,986.2,1012.2,981.3,986.2,120281250,1084.8,887.6,1102.5,649.1,1011.0,533,10,1010.9,404,5,1010.8,1806,10,1010.7,1137,16,1010.6,1880,13,1011.1,137,1,1011.2,51,3,1011.3,70,3,1011.4,232,3,1011.5,809,11
317,2025-11-26 12:31:06+05:30,1011.1,1,999.7,6280953,396617.0,404240.0,986.2,1012.2,981.3,986.2,120281250,1084.8,887.6,1102.5,649.1,1011.0,533,10,1010.9,404,5,1010.8,1806,10,1010.7,1137,16,1010.6,2403,14,1011.1,136,1,1011.2,51,3,1011.3,70,3,1011.4,232,3,1011.5,809,11
317,2025-11-26 12:31:06+05:30,1011.0,87,999.7,6280953,396617.0,404240.0,986.2,1012.2,981.3,986.2,120281250,1084.8,887.6,1102.5,649.1,1011.0,533,10,1010.9,404,5,1010.8,1806,10,1010.7,1137,16,1010.6,2403,14,1011.1,136,1,1011.2,51,3,1011.3,70,3,1011.4,232,3,1011.5,809,11
317,2025-11-26 12:31:07+05:30,1010.9,2,999.7,6281698,397929.0,404954.0,986.2,1012.2,981.3,986.2,120281250,1084.8,887.6,1102.5,649.1,1010.9,16,2,1010.8,1115,4,1010.7,1162,13,1010.6,1824,14,1010.5,2501,17,1011.0,56,1,1011.2,56,4,1011.3,464,6,1011.4,662,6,1011.5,630,10
317,2025-11-26 12:31:07+05:30,1010.9,2,999.7,6281698,397929.0,404954.0,986.2,1012.2,981.3,986.2,120281250,1084.8,887.6,1102.5,649.1,1010.9,16,2,1010.8,1115,4,1010.7,1162,13,1010.6,1824,14,1010.5,2501,17,1011.0,56,1,1011.2,56,4,1011.3,464,6,1011.4,662,6,1011.5,630,10
317,2025-11-26 12:31:08+05:30,1010.9,2,999.7,6281698,398156.0,404779.0,986.2,1012.2,981.3,986.2,120281250,1084.8,887.6,1102.5,649.1,1010.9,16,2,1010.8,1251,5,1010.7,991,11,1010.6,1824,14,1010.5,2501,17,1011.0,100,2,1011.2,56,4,1011.3,464,6,1011.4,662,6,1011.5,631,11
317,2025-11-26 12:31:09+05:30,1010.9,2,999.7,6281698,398157.0,404807.0,986.2,1012.2,981.3,986.2,120281250,1084.8,887.6,1102.5,649.1,1010.9,16,2,1010.8,1115,4,1010.7,1186,13,1010.6,1824,14,1010.5,2501,17,1011.0,106,5,1011.2,52,2,1011.3,464,6,1011.4,662,6,1011.5,631,11
317,2025-11-26 12:31:09+05:30,1010.9,1,999.7,6281698,398157.0,404807.0,986.2,1012.2,981.3,986.2,120281250,1084.8,887.6,1102.5,649.1,1010.9,16,2,1010.8,1115,4,1010.7,1186,13,1010.6,1824,14,1010.5,2501,17,1011.0,106,5,1011.2,52,2,1011.3,464,6,1011.4,662,6,1011.5,631,11
317,2025-11-26 12:31:10+05:30,1010.9,1,999.7,6281721,398752.0,405034.0,986.2,1012.2,981.3,986.2,120281250,1084.8,887.6,1102.5,649.1,1010.8,1029,3,1010.7,858,10,1010.6,2065,15,1010.5,2602,20,1010.4,2104,12,1011.0,115,6,1011.2,104,3,1011.3,754,9,1011.4,864,8,1011.5,631,11
317,2025-11-26 12:31:10+05:30,1010.8,116,999.7,6281721,398752.0,405034.0,986.2,1012.2,981.3,986.2,120281250,1084.8,887.6,1102.5,649.1,1010.8,1029,3,1010.7,858,10,1010.6,2065,15,1010.5,2602,20,1010.4,2104,12,1011.0,115,6,1011.2,104,3,1011.3,754,9,1011.4,864,8,1011.5,631,11
317,2025-11-26 12:31:11+05:30,1010.8,1,999.7,6282525,397954.0,404514.0,986.2,1012.2,981.3,986.2,120281250,1084.8,887.6,1102.5,649.1,1010.8,605,4,1010.7,977,10,1010.6,1787,13,1010.5,2553,19,1010.4,2091,13,1011.0,115,2,1011.2,52,2,1011.3,620,7,1011.4,573,7,1011.5,519,10
317,2025-11-26 12:31:11+05:30,1010.8,331,999.7,6282525,397954.0,404514.0,986.2,1012.2,981.3,986.2,120281250,1084.8,887.6,1102.5,649.1,1010.8,605,4,1010.7,977,10,1010.6,1787,13,1010.5,2553,19,1010.4,2091,13,1011.0,115,2,1011.2,52,2,1011.3,620,7,1011.4,573,7,1011.5,519,10
317,2025-11-26 12:31:12+05:30,1010.8,1,999.7,6282860,397368.0,405189.0,986.2,1012.2,981.3,986.2,120281250,1084.8,887.6,1102.5,649.1,1010.8,80,2,1010.7,491,5,1010.6,1784,12,1010.5,2440,19,1010.4,2169,13,1010.9,46,1,1011.0,44,1,1011.2,254,3,1011.3,678,8,1011.4,573,7
317,2025-11-26 12:31:12+05:30,1010.8,1,999.7,6282860,397368.0,405189.0,986.2,1012.2,981.3,986.2,120281250,1084.8,887.6,1102.5,649.1,1010.8,80,2,1010.7,491,5,1010.6,1784,12,1010.5,2440,19,1010.4,2169,13,1010.9,46,1,1011.0,44,1,1011.2,254,3,1011.3,678,8,1011.4,573,7
317,2025-11-26 12:31:13+05:30,1010.9,23,999.7,6282893,397448.0,404932.0,986.2,1012.2,981.3,986.2,120281250,1084.8,887.6,1102.5,649.1,1010.8,226,3,1010.7,426,5,1010.6,1841,13,1010.5,2440,19,1010.4,2169,13,1010.9,13,1,1011.0,44,1,1011.2,254,3,1011.3,678,8,1011.4,573,7
317,2025-11-26 12:31:13+05:30,1010.8,20,999.7,6282893,397448.0,404932.0,986.2,1012.2,981.3,986.2,120281250,1084.8,887.6,1102.5,649.1,1010.8,226,3,1010.7,426,5,1010.6,1841,13,1010.5,2440,19,1010.4,2169,13,1010.9,13,1,1011.0,44,1,1011.2,254,3,1011.3,678,8,1011.4,573,7
317,2025-11-26 12:31:14+05:30,1010.9,3,999.7,6282996,397377.0,405054.0,986.2,1012.2,981.3,986.2,120281250,1084.8,887.6,1102.5,649.1,1010.8,155,2,1010.7,426,5,1010.6,1841,13,1010.5,2440,19,1010.4,2169,13,1010.9,10,1,1011.0,44,1,1011.2,254,3,1011.3,678,8,1011.4,573,7
317,2025-11-26 12:31:14+05:30,1011.0,5,999.7,6282996,397377.0,405054.0,986.2,1012.2,981.3,986.2,120281250,1084.8,887.6,1102.5,649.1,1010.8,155,2,1010.7,426,5,1010.6,1841,13,1010.5,2440,19,1010.4,2169,13,1010.9,10,1,1011.0,44,1,1011.2,254,3,1011.3,678,8,1011.4,573,7
317,2025-11-26 12:31:15+05:30,1011.0,2,999.7,6283460,398023.0,404677.0,986.2,1012.2,981.3,986.2,120281250,1084.8,887.6,1102.5,649.1,1010.8,252,3,1010.7,848,9,1010.6,1900,12,1010.5,2441,20,1010.4,2251,14,1011.0,37,1,1011.2,104,2,1011.3,715,8,1011.4,568,6,1011.5,517,9
317,2025-11-26 12:31:15+05:30,1011.0,2,999.7,6283460,398023.0,404677.0,986.2,1012.2,981.3,986.2,120281250,1084.8,887.6,1102.5,649.1,1010.8,252,3,1010.7,848,9,1010.6,1900,12,1010.5,2441,20,1010.4,2251,14,1011.0,37,1,1011.2,104,2,1011.3,715,8,1011.4,568,6,1011.5,517,9
317,2025-11-26 12:31:16+05:30,1010.8,96,999.7,6283561,397965.0,404507.0,986.2,1012.2,981.3,986.2,120281250,1084.8,887.6,1102.5,649.1,1010.8,194,4,1010.7,848,9,1010.6,1900,12,1010.5,2441,20,1010.4,2251,14,1011.0,37,2,1011.2,104,2,1011.3,717,9,1011.4,568,6,1011.5,560,11
317,2025-11-26 12:31:16+05:30,1011.0,1,999.7,6283561,397965.0,404507.0,986.2,1012.2,981.3,986.2,120281250,1084.8,887.6,1102.5,649.1,1010.8,194,4,1010.7,848,9,1010.6,1900,12,1010.5,2441,20,1010.4,2251,14,1011.0,37,2,1011.2,104,2,1011.3,717,9,1011.4,568,6,1011.5,560,11
317,2025-11-26 12:31:17+05:30,1010.8,146,999.7,6283712,397563.0,405610.0,986.2,1012.2,981.3,986.2,120281250,1084.8,887.6,1102.5,649.1,1010.8,42,2,1010.7,851,9,1010.6,1849,12,1010.5,2441,20,1010.4,2251,14,1011.0,1042,4,1011.2,104,2,1011.3,717,9,1011.4,568,6,1011.5,560,11
317,2025-11-26 12:31:17+05:30,1010.8,12,999.7,6283712,397563.0,405610.0,986.2,1012.2,981.3,986.2,120281250,1084.8,887.6,1102.5,649.1,1010.8,42,2,1010.7,851,9,1010.6,1849,12,1010.5,2441,20,1010.4,2251,14,1011.0,1042,4,1011.2,104,2,1011.3,717,9,1011.4,568,6,1011.5,560,11
317,2025-11-26 12:31:18+05:30,1010.8,12,999.7,6283737,397536.0,405653.0,986.2,1012.2,981.3,986.2,120281250,1084.8,887.6,1102.5,649.1,1010.8,17,1,1010.7,851,9,1010.6,1849,12,1010.5,2441,20,1010.4,2251,14,1011.0,1042,4,1011.2,145,3,1011.3,717,9,1011.4,568,6,1011.5,559,10
317,2025-11-26 12:31:18+05:30,1010.8,10,999.7,6283737,397536.0,405653.0,986.2,1012.2,981.3,986.2,120281250,1084.8,887.6,1102.5,649.1,1010.8,17,1,1010.7,851,9,1010.6,1849,12,1010.5,2441,20,1010.4,2251,14,1011.0,1042,4,1011.2,145,3,1011.3,717,9,1011.4,568,6,1011.5,559,10
317,2025-11-26 12:31:19+05:30,1011.0,5,999.7,6283752,397548.0,405902.0,986.2,1012.2,981.3,986.2,120281250,1084.8,887.6,1102.5,649.1,1010.7,597,7,1010.6,1563,9,1010.5,2596,21,1010.4,2209,13,1010.3,2340,12,1011.0,1367,5,1011.1,52,1,1011.2,382,6,1011.3,765,10,1011.4,568,6
317,2025-11-26 12:31:19+05:30,1011.0,5,999.7,6283752,397548.0,405902.0,986.2,1012.2,981.3,986.2,120281250,1084.8,887.6,1102.5,649.1,1010.7,597,7,1010.6,1563,9,1010.5,2596,21,1010.4,2209,13,1010.3,2340,12,1011.0,1367,5,1011.1,52,1,1011.2,382,6,1011.3,765,10,1011.4,568,6
317,2025-11-26 12:31:20+05:30,1011.0,2,999.7,6283752,397548.0,405902.0,986.2,1012.2,981.3,986.2,120281250,1084.8,887.6,1102.5,649.1,1010.7,597,7,1010.6,1563,9,1010.5,2596,21,1010.4,2209,13,1010.3,2340,12,1011.0,1367,5,1011.1,52,1,1011.2,382,6,1011.3,765,10,1011.4,568,6
317,2025-11-26 12:31:21+05:30,1011.0,1,999.7,6283755,397548.0,405974.0,986.2,1012.2,981.3,986.2,120281250,1084.8,887.6,1102.5,649.1,1010.7,597,7,1010.6,1563,9,1010.5,2596,21,1010.4,2209,13,1010.3,2340,12,1011.0,1364,5,1011.1,52,1,1011.2,382,6,1011.3,765,10,1011.4,568,6
317,2025-11-26 12:31:21+05:30,1010.7,105,999.7,6283755,397548.0,405974.0,986.2,1012.2,981.3,986.2,120281250,1084.8,887.6,1102.5,649.1,1010.7,597,7,1010.6,1563,9,1010.5,2596,21,1010.4,2209,13,1010.3,2340,12,1011.0,1364,5,1011.1,52,1,1011.2,382,6,1011.3,765,10,1011.4,568,6
317,2025-11-26 12:31:22+05:30,1010.7,105,999.7,6283929,397418.0,405215.0,986.2,1012.2,981.3,986.2,120281250,1084.8,887.6,1102.5,649.1,1010.7,29,3,1010.6,1354,6,1010.5,2406,18,1010.4,2080,10,1010.3,2531,13,1010.8,25,1,1011.0,1474,6,1011.1,57,2,1011.2,382,6,1011.3,878,11
317,2025-11-26 12:31:23+05:30,1010.8,6,999.7,6283960,398268.0,405344.0,986.2,1012.2,981.3,986.2,120281250,1084.8,887.6,1102.5,649.1,1010.7,29,3,1010.6,1190,5,1010.5,2344,17,1010.4,3064,14,1010.3,2575,14,1010.8,78,2,1010.9,36,1,1011.0,1474,6,1011.1,57,2,1011.2,294,4
317,2025-11-26 12:31:23+05:30,1010.8,6,999.7,6283960,398268.0,405344.0,986.2,1012.2,981.3,986.2,120281250,1084.8,887.6,1102.5,649.1,1010.7,29,3,1010.6,1190,5,1010.5,2344,17,1010.4,3064,14,1010.3,2575,14,1010.8,78,2,1010.9,36,1,1011.0,1474,6,1011.1,57,2,1011.2,294,4
317,2025-11-26 12:31:24+05:30,1010.7,7,999.7,6283967,398416.0,405152.0,986.2,1012.2,981.3,986.2,120281250,1084.8,887.6,1102.5,649.1,1010.7,22,3,1010.6,1435,7,1010.5,2254,17,1010.4,3064,14,1010.3,2575,14,1010.8,78,2,1010.9,36,1,1011.0,1474,6,1011.1,57,2,1011.2,352,5
317,2025-11-26 12:31:24+05:30,1010.7,7,999.7,6283967,398416.0,405152.0,986.2,1012.2,981.3,986.2,120281250,1084.8,887.6,1102.5,649.1,1010.7,22,3,1010.6,1435,7,1010.5,2254,17,1010.4,3064,14,1010.3,2575,14,1010.8,78,2,1010.9,36,1,1011.0,1474,6,1011.1,57,2,1011.2,352,5
317,2025-11-26 12:31:25+05:30,1010.7,7,999.7,6283967,398416.0,405150.0,986.2,1012.2,981.3,986.2,120281250,1084.8,887.6,1102.5,649.1,1010.7,22,3,1010.6,1435,7,1010.5,2254,17,1010.4,3064,14,1010.3,2575,14,1010.8,78,2,1010.9,36,1,1011.0,1474,6,1011.1,57,2,1011.2,352,5
317,2025-11-26 12:31:25+05:30,1010.7,4,999.7,6283967,398416.0,405150.0,986.2,1012.2,981.3,986.2,120281250,1084.8,887.6,1102.5,649.1,1010.7,22,3,1010.6,1435,7,1010.5,2254,17,1010.4,3064,14,1010.3,2575,14,1010.8,78,2,1010.9,36,1,1011.0,1474,6,1011.1,57,2,1011.2,352,5
317,2025-11-26 12:31:26+05:30,1010.7,2,999.7,6284263,398344.0,405116.0,986.2,1012.2,981.3,986.2,120281250,1084.8,887.6,1102.5,649.1,1010.7,12,2,1010.6,1435,7,1010.5,2465,17,1010.4,2838,14,1010.3,2575,14,1010.8,23,1,1010.9,36,1,1011.0,1473,5,1011.1,57,2,1011.2,352,5
317,2025-11-26 12:31:26+05:30,1010.7,34,999.7,6284263,398344.0,405116.0,986.2,1012.2,981.3,986.2,120281250,1084.8,887.6,1102.5,649.1,1010.7,12,2,1010.6,1435,7,1010.5,2465,17,1010.4,2838,14,1010.3,2575,14,1010.8,23,1,1010.9,36,1,1011.0,1473,5,1011.1,57,2,1011.2,352,5
317,2025-11-26 12:31:27+05:30,1010.7,34,999.7,6284304,397433.0,405344.0,986.2,1012.2,981.3,986.2,120281250,1084.8,887.6,1102.5,649.1,1010.6,1435,7,1010.5,2347,12,1010.4,2878,18,1010.3,2575,14,1010.2,872,8,1010.7,25,1,1010.9,36,1,1011.0,1483,6,1011.2,353,6,1011.3,658,8
317,2025-11-26 12:31:28+05:30,1010.7,34,999.7,6284304,397303.0,406076.0,986.2,1012.2,981.3,986.2,120281250,1084.8,887.6,1102.5,649.1,1010.6,1526,8,1010.5,2400,13,1010.4,2878,18,1010.3,2599,15,1010.2,628,7,1010.7,25,1,1010.9,36,1,1011.0,1483,6,1011.2,1277,8,1011.3,725,9
317,2025-11-26 12:31:29+05:30,1010.7,10,999.7,6284314,397303.0,406066.0,986.2,1012.2,981.3,986.2,120281250,1084.8,887.6,1102.5,649.1,1010.6,1526,8,1010.5,2400,13,1010.4,2878,18,1010.3,2599,15,1010.2,628,7,1010.7,15,1,1010.9,36,1,1011.0,1483,6,1011.2,1277,8,1011.3,725,9
317,2025-11-26 12:31:29+05:30,1010.6,10,999.7,6284314,397303.0,406066.0,986.2,1012.2,981.3,986.2,120281250,1084.8,887.6,1102.5,649.1,1010.6,1526,8,1010.5,2400,13,1010.4,2878,18,1010.3,2599,15,1010.2,628,7,1010.7,15,1,1010.9,36,1,1011.0,1483,6,1011.2,1277,8,1011.3,725,9
317,2025-11-26 12:31:30+05:30,1010.6,10,999.7,6284324,397367.0,406277.0,986.2,1012.2,981.3,986.2,120281250,1084.8,887.6,1102.5,649.1,1010.6,1271,6,1010.5,2583,14,1010.4,2878,18,1010.3,2599,15,1010.2,628,7,1010.7,15,1,1010.8,40,1,1011.0,1483,6,1011.2,1386,9,1011.3,740,10
317,2025-11-26 12:31:30+05:30,1010.7,39,999.7,6284324,397367.0,406277.0,986.2,1012.2,981.3,986.2,120281250,1084.8,887.6,1102.5,649.1,1010.6,1271,6,1010.5,2583,14,1010.4,2878,18,1010.3,2599,15,1010.2,628,7,1010.7,15,1,1010.8,40,1,1011.0,1483,6,1011.2,1386,9,1011.3,740,10
317,2025-11-26 12:31:31+05:30,1010.8,5,999.7,6284432,396990.0,404953.0,986.2,1012.2,981.3,986.2,120281250,1084.8,887.6,1102.5,649.1,1010.7,2,1,1010.6,1499,10,1010.5,2604,14,1010.4,2986,21,1010.3,2575,14,1010.8,34,1,1011.0,1483,6,1011.2,427,7,1011.3,740,10,1011.4,901,15
317,2025-11-26 12:31:31+05:30,1010.7,2,999.7,6284432,396990.0,404953.0,986.2,1012.2,981.3,986.2,120281250,1084.8,887.6,1102.5,649.1,1010.7,2,1,1010.6,1499,10,1010.5,2604,14,1010.4,2986,21,1010.3,2575,14,1010.8,34,1,1011.0,1483,6,1011.2,427,7,1011.3,740,10,1011.4,901,15
317,2025-11-26 12:31:32+05:30,1010.7,2,999.7,6284502,393675.0,406591.0,986.2,1012.2,981.3,986.2,120281250,1084.8,887.6,1102.5,649.1,1010.6,1164,6,1010.5,2279,10,1010.4,2270,14,1010.3,2525,14,1010.2,784,8,1010.7,12,1,1010.8,40,1,1010.9,240,3,1011.0,1534,7,1011.1,51,1
317,2025-11-26 12:31:33+05:30,1010.7,52,999.7,6284614,394408.0,406632.0,986.2,1012.2,981.3,986.2,120281250,1084.8,887.6,1102.5,649.1,1010.6,1332,8,1010.5,1797,10,1010.4,2093,14,1010.3,2551,16,1010.2,628,7,1010.8,40,1,1010.9,33,1,1011.0,1483,6,1011.1,91,1,1011.2,1422,9
317,2025-11-26 12:31:33+05:30,1010.6,1,999.7,6284614,394408.0,406632.0,986.2,1012.2,981.3,986.2,120281250,1084.8,887.6,1102.5,649.1,1010.6,1332,8,1010.5,1797,10,1010.4,2093,14,1010.3,2551,16,1010.2,628,7,1010.8,40,1,1010.9,33,1,1011.0,1483,6,1011.1,91,1,1011.2,1422,9
317,2025-11-26 12:31:34+05:30,1010.6,1,999.7,6284638,394954.0,406766.0,986.2,1012.2,981.3,986.2,120281250,1084.8,887.6,1102.5,649.1,1010.6,1435,10,1010.5,1880,11,1010.4,2093,14,1010.3,2551,16,1010.2,628,7,1010.8,17,1,1010.9,33,1,1011.0,1483,6,1011.1,247,2,1011.2,1422,9
317,2025-11-26 12:31:34+05:30,1010.7,29,999.7,6284638,394954.0,406766.0,986.2,1012.2,981.3,986.2,120281250,1084.8,887.6,1102.5,649.1,1010.6,1435,10,1010.5,1880,11,1010.4,2093,14,1010.3,2551,16,1010.2,628,7,1010.8,17,1,1010.9,33,1,1011.0,1483,6,1011.1,247,2,1011.2,1422,9
317,2025-11-26 12:31:35+05:30,1010.7,29,999.7,6284780,394774.0,406064.0,986.2,1012.2,981.3,986.2,120281250,1084.8,887.6,1102.5,649.1,1010.7,20,1,1010.6,1335,8,1010.5,1710,10,1010.4,2263,15,1010.3,2551,16,1010.8,17,2,1010.9,33,1,1011.0,1456,5,1011.1,247,2,1011.2,572,8
317,2025-11-26 12:31:35+05:30,1010.7,5,999.7,6284780,394774.0,406064.0,986.2,1012.2,981.3,986.2,120281250,1084.8,887.6,1102.5,649.1,1010.7,20,1,1010.6,1335,8,1010.5,1710,10,1010.4,2263,15,1010.3,2551,16,1010.8,17,2,1010.9,33,1,1011.0,1456,5,1011.1,247,2,1011.2,572,8
317,2025-11-26 12:31:36+05:30,1010.8,2,999.7,6284809,394698.0,406227.0,986.2,1012.2,981.3,986.2,120281250,1084.8,887.6,1102.5,649.1,1010.7,7,1,1010.6,1167,6,1010.5,1829,10,1010.4,2093,14,1010.3,2551,16,1010.8,1,1,1010.9,33,1,1011.0,1506,6,1011.1,336,4,1011.2,580,8
317,2025-11-26 12:31:36+05:30,1010.8,2,999.7,6284809,394698.0,406227.0,986.2,1012.2,981.3,986.2,120281250,1084.8,887.6,1102.5,649.1,1010.7,7,1,1010.6,1167,6,1010.5,1829,10,1010.4,2093,14,1010.3,2551,16,1010.8,1,1,1010.9,33,1,1011.0,1506,6,1011.1,336,4,1011.2,580,8
317,2025-11-26 12:31:37+05:30,1010.8,2,999.7,6284809,394697.0,406379.0,986.2,1012.2,981.3,986.2,120281250,1084.8,887.6,1102.5,649.1,1010.7,7,1,1010.6,1167,6,1010.5,1879,11,1010.4,2093,14,1010.3,2551,16,1010.8,1,1,1010.9,33,1,1011.0,1606,7,1011.1,336,4,1011.2,580,8
317,2025-11-26 12:31:38+05:30,1010.8,2,999.7,6284809,394017.0,406585.0,986.2,1012.2,981.3,986.2,120281250,1084.8,887.6,1102.5,649.1,1010.7,7,1,1010.6,1164,6,1010.5,1836,10,1010.4,699,11,1010.3,1079,12,1010.8,1,1,1010.9,33,1,1011.0,1606,7,1011.1,346,5,1011.2,598,10
317,2025-11-26 12:31:38+05:30,1010.8,2,999.7,6284809,394017.0,406585.0,986.2,1012.2,981.3,986.2,120281250,1084.8,887.6,1102.5,649.1,1010.7,7,1,1010.6,1164,6,1010.5,1836,10,1010.4,699,11,1010.3,1079,12,1010.8,1,1,1010.9,33,1,1011.0,1606,7,1011.1,346,5,1011.2,598,10
317,2025-11-26 12:31:39+05:30,1010.7,3,999.7,6284819,392226.0,406664.0,986.2,1012.2,981.3,986.2,120281250,1084.8,887.6,1102.5,649.1,1010.7,90,1,1010.6,1073,5,1010.5,1666,9,1010.4,869,12,1010.3,1632,13,1010.8,1,1,1010.9,33,1,1011.0,1606,7,1011.1,346,5,1011.2,598,10
317,2025-11-26 12:31:39+05:30,1010.7,3,999.7,6284819,392226.0,406664.0,986.2,1012.2,981.3,986.2,120281250,1084.8,887.6,1102.5,649.1,1010.7,90,1,1010.6,1073,5,1010.5,1666,9,1010.4,869,12,1010.3,1632,13,1010.8,1,1,1010.9,33,1,1011.0,1606,7,1011.1,346,5,1011.2,598,10
317,2025-11-26 12:31:39+05:30,1010.7,44,999.7,6284819,392226.0,406664.0,986.2,1012.2,981.3,986.2,120281250,1084.8,887.6,1102.5,649.1,1010.7,90,1,1010.6,1073,5,1010.5,1666,9,1010.4,869,12,1010.3,1632,13,1010.8,1,1,1010.9,33,1,1011.0,1606,7,1011.1,346,5,1011.2,598,10
317,2025-11-26 12:31:39+05:30,1010.7,44,999.7,6284819,392226.0,406664.0,986.2,1012.2,981.3,986.2,120281250,1084.8,887.6,1102.5,649.1,1010.7,90,1,1010.6,1073,5,1010.5,1666,9,1010.4,869,12,1010.3,1632,13,1010.8,1,1,1010.9,33,1,1011.0,1606,7,1011.1,346,5,1011.2,598,10
317,2025-11-26 12:31:40+05:30,1010.7,6,999.71,6285255,391758.0,407304.0,986.2,1012.2,981.3,986.2,120281250,1084.8,887.6,1102.5,649.1,1010.8,1,1,1010.7,4,1,1010.6,1023,4,1010.5,1346,6,1010.4,1085,10,1010.9,124,2,1011.0,2152,11,1011.1,407,6,1011.2,652,13,1011.3,820,13
317,2025-11-26 12:31:40+05:30,1010.7,6,999.71,6285255,391758.0,407304.0,986.2,1012.2,981.3,986.2,120281250,1084.8,887.6,1102.5,649.1,1010.8,1,1,1010.7,4,1,1010.6,1023,4,1010.5,1346,6,1010.4,1085,10,1010.9,124,2,1011.0,2152,11,1011.1,407,6,1011.2,652,13,1011.3,820,13
317,2025-11-26 12:31:40+05:30,1010.8,1,999.71,6285255,391758.0,407304.0,986.2,1012.2,981.3,986.2,120281250,1084.8,887.6,1102.5,649.1,1010.8,1,1,1010.7,4,1,1010.6,1023,4,1010.5,1346,6,1010.4,1085,10,1010.9,124,2,1011.0,2152,11,1011.1,407,6,1011.2,652,13,1011.3,820,13
317,2025-11-26 12:31:41+05:30,1010.8,1,999.71,6285255,391758.0,407304.0,986.2,1012.2,981.3,986.2,120281250,1084.8,887.6,1102.5,649.1,1010.8,1,1,1010.7,4,1,1010.6,1023,4,1010.5,1346,6,1010.4,1085,10,1010.9,124,2,1011.0,2152,11,1011.1,407,6,1011.2,652,13,1011.3,820,13
317,2025-11-26 12:31:41+05:30,1010.9,2,999.71,6285308,392068.0,407104.0,986.2,1012.2,981.3,986.2,120281250,1084.8,887.6,1102.5,649.1,1010.7,4,1,1010.6,1023,4,1010.5,346,5,1010.4,569,9,1010.3,853,10,1010.9,105,2,1011.0,2152,11,1011.1,357,5,1011.2,595,12,1011.3,820,13
317,2025-11-26 12:31:41+05:30,1010.9,2,999.71,6285308,392068.0,407104.0,986.2,1012.2,981.3,986.2,120281250,1084.8,887.6,1102.5,649.1,1010.7,4,1,1010.6,1023,4,1010.5,346,5,1010.4,569,9,1010.3,853,10,1010.9,105,2,1011.0,2152,11,1011.1,357,5,1011.2,595,12,1011.3,820,13
317,2025-11-26 12:31:41+05:30,1010.9,2,999.71,6285308,392068.0,407104.0,986.2,1012.2,981.3,986.2,120281250,1084.8,887.6,1102.5,649.1,1010.7,4,1,1010.6,1023,4,1010.5,346,5,1010.4,569,9,1010.3,853,10,1010.9,105,2,1011.0,2152,11,1011.1,357,5,1011.2,595,12,1011.3,820,13
317,2025-11-26 12:31:41+05:30,1010.9,2,999.71,6285308,392068.0,407104.0,986.2,1012.2,981.3,986.2,120281250,1084.8,887.6,1102.5,649.1,1010.7,4,1,1010.6,1023,4,1010.5,346,5,1010.4,569,9,1010.3,853,10,1010.9,105,2,1011.0,2152,11,1011.1,357,5,1011.2,595,12,1011.3,820,13
317,2025-11-26 12:31:42+05:30,1010.9,2,999.71,6285308,392068.0,407104.0,986.2,1012.2,981.3,986.2,120281250,1084.8,887.6,1102.5,649.1,1010.7,4,1,1010.6,1023,4,1010.5,346,5,1010.4,569,9,1010.3,853,10,1010.9,105,2,1011.0,2152,11,1011.1,357,5,1011.2,595,12,1011.3,820,13
317,2025-11-26 12:31:42+05:30,1010.6,137,999.71,6285449,392793.0,408223.0,986.2,1012.2,981.3,986.2,120281250,1084.8,887.6,1102.5,649.1,1010.6,886,4,1010.5,239,4,1010.4,1018,9,1010.3,853,10,1010.2,1337,9,1010.8,18,1,1010.9,268,3,1011.0,1937,11,1011.1,357,5,1011.2,1650,15
317,2025-11-26 12:31:42+05:30,1010.6,137,999.71,6285449,392793.0,408223.0,986.2,1012.2,981.3,986.2,120281250,1084.8,887.6,1102.5,649.1,1010.6,886,4,1010.5,239,4,1010.4,1018,9,1010.3,853,10,1010.2,1337,9,1010.8,18,1,1010.9,268,3,1011.0,1937,11,1011.1,357,5,1011.2,1650,15
317,2025-11-26 12:31:42+05:30,1010.6,137,999.71,6285449,392793.0,408223.0,986.2,1012.2,981.3,986.2,120317250,1084.8,887.6,1102.5,649.1,1010.6,886,4,1010.5,239,4,1010.4,1018,9,1010.3,853,10,1010.2,1337,9,1010.8,18,1,1010.9,268,3,1011.0,1937,11,1011.1,357,5,1011.2,1650,15
317,2025-11-26 12:31:42+05:30,1010.8,5,999.71,6285449,392793.0,408223.0,986.2,1012.2,981.3,986.2,120317250,1084.8,887.6,1102.5,649.1,1010.6,886,4,1010.5,239,4,1010.4,1018,9,1010.3,853,10,1010.2,1337,9,1010.8,18,1,1010.9,268,3,1011.0,1937,11,1011.1,357,5,1011.2,1650,15
317,2025-11-26 12:31:42+05:30,1010.8,5,999.71,6285449,392793.0,408223.0,986.2,1012.2,981.3,986.2,120317250,1084.8,887.6,1102.5,649.1,1010.6,886,4,1010.5,239,4,1010.4,1018,9,1010.3,853,10,1010.2,1337,9,1010.8,18,1,1010.9,268,3,1011.0,1937,11,1011.1,357,5,1011.2,1650,15
317,2025-11-26 12:31:43+05:30,1010.8,5,999.71,6285449,392793.0,408223.0,986.2,1012.2,981.3,986.2,120317250,1084.8,887.6,1102.5,649.1,1010.6,886,4,1010.5,239,4,1010.4,1018,9,1010.3,853,10,1010.2,1337,9,1010.8,18,1,1010.9,268,3,1011.0,1937,11,1011.1,357,5,1011.2,1650,15
317,2025-11-26 12:31:43+05:30,1010.8,1,999.71,6285483,393140.0,407561.0,986.2,1012.2,981.3,986.2,120317250,1084.8,887.6,1102.5,649.1,1010.6,886,4,1010.5,239,4,1010.4,1203,11,1010.3,853,10,1010.2,1337,9,1010.8,17,1,1010.9,106,3,1011.0,1875,11,1011.1,406,6,1011.2,965,15
317,2025-11-26 12:31:43+05:30,1010.8,1,999.71,6285483,393140.0,407561.0,986.2,1012.2,981.3,986.2,120317250,1084.8,887.6,1102.5,649.1,1010.6,886,4,1010.5,239,4,1010.4,1203,11,1010.3,853,10,1010.2,1337,9,1010.8,17,1,1010.9,106,3,1011.0,1875,11,1011.1,406,6,1011.2,965,15
317,2025-11-26 12:31:43+05:30,1010.8,1,999.71,6285483,393140.0,407561.0,986.2,1012.2,981.3,986.2,120317250,1084.8,887.6,1102.5,649.1,1010.6,886,4,1010.5,239,4,1010.4,1203,11,1010.3,853,10,1010.2,1337,9,1010.8,17,1,1010.9,106,3,1011.0,1875,11,1011.1,406,6,1011.2,965,15
317,2025-11-26 12:31:44+05:30,1010.8,2,999.71,6285485,393140.0,407583.0,986.2,1012.2,981.3,986.2,120317250,1084.8,887.6,1102.5,649.1,1010.6,886,4,1010.5,239,4,1010.4,1203,11,1010.3,853,10,1010.2,1337,9,1010.8,15,1,1010.9,108,4,1011.0,1875,11,1011.1,406,6,1011.2,965,15
317,2025-11-26 12:31:44+05:30,1010.6,4,999.71,6285485,393140.0,407583.0,986.2,1012.2,981.3,986.2,120317250,1084.8,887.6,1102.5,649.1,1010.6,886,4,1010.5,239,4,1010.4,1203,11,1010.3,853,10,1010.2,1337,9,1010.8,15,1,1010.9,108,4,1011.0,1875,11,1011.1,406,6,1011.2,965,15
317,2025-11-26 12:31:45+05:30,1010.8,3,999.71,6285492,393036.0,407592.0,986.2,1012.2,981.3,986.2,120317250,1084.8,887.6,1102.5,649.1,1010.6,882,4,1010.5,239,4,1010.4,1203,11,1010.3,853,10,1010.2,1337,9,1010.8,12,1,1010.9,108,4,1011.0,1875,11,1011.1,406,6,1011.2,965,15
317,2025-11-26 12:31:45+05:30,1010.8,3,999.71,6285492,393036.0,407592.0,986.2,1012.2,981.3,986.2,120317250,1084.8,887.6,1102.5,649.1,1010.6,882,4,1010.5,239,4,1010.4,1203,11,1010.3,853,10,1010.2,1337,9,1010.8,12,1,1010.9,108,4,1011.0,1875,11,1011.1,406,6,1011.2,965,15
317,2025-11-26 12:31:46+05:30,1010.6,1,999.71,6285494,392975.0,407567.0,986.2,1012.2,981.3,986.2,120317250,1084.8,887.6,1102.5,649.1,1010.6,881,4,1010.5,239,4,1010.4,1203,11,1010.3,853,10,1010.2,1337,9,1010.8,11,1,1010.9,108,4,1011.0,1875,11,1011.1,406,6,1011.2,965,15
317,2025-11-26 12:31:46+05:30,1010.6,138,999.71,6285494,392975.0,407567.0,986.2,1012.2,981.3,986.2,120317250,1084.8,887.6,1102.5,649.1,1010.6,881,4,1010.5,239,4,1010.4,1203,11,1010.3,853,10,1010.2,1337,9,1010.8,11,1,1010.9,108,4,1011.0,1875,11,1011.1,406,6,1011.2,965,15
317,2025-11-26 12:31:47+05:30,1010.9,9,999.71,6285749,391918.0,408205.0,986.2,1012.2,981.3,986.2,120317250,1084.8,887.6,1102.5,649.1,1010.6,919,6,1010.5,458,6,1010.4,1173,10,1010.3,643,8,1010.2,2069,11,1010.9,24,1,1011.0,1873,11,1011.1,498,6,1011.2,1062,17,1011.3,816,12
317,2025-11-26 12:31:47+05:30,1010.9,9,999.71,6285749,391918.0,408205.0,986.2,1012.2,981.3,986.2,120317250,1084.8,887.6,1102.5,649.1,1010.6,919,6,1010.5,458,6,1010.4,1173,10,1010.3,643,8,1010.2,2069,11,1010.9,24,1,1011.0,1873,11,1011.1,498,6,1011.2,1062,17,1011.3,816,12
317,2025-11-26 12:31:48+05:30,1010.6,1,999.71,6285750,391969.0,408095.0,986.2,1012.2,981.3,986.2,120317250,1084.8,887.6,1102.5,649.1,1010.6,918,6,1010.5,479,7,1010.4,1132,9,1010.3,1152,8,1010.2,1501,11,1010.9,24,1,1011.0,1894,13,1011.1,498,6,1011.2,956,16,1011.3,816,12
317,2025-11-26 12:31:48+05:30,1010.6,1,999.71,6285750,391969.0,408095.0,986.2,1012.2,981.3,986.2,120317250,1084.8,887.6,1102.5,649.1,1010.6,918,6,1010.5,479,7,1010.4,1132,9,1010.3,1152,8,1010.2,1501,11,1010.9,24,1,1011.0,1894,13,1011.1,498,6,1011.2,956,16,1011.3,816,12
317,2025-11-26 12:31:49+05:30,1010.9,1,999.71,6285753,391969.0,408392.0,986.2,1012.2,981.3,986.2,120317250,1084.8,887.6,1102.5,649.1,1010.6,755,5,1010.5,642,8,1010.4,1132,9,1010.3,1152,8,1010.2,1501,11,1010.9,21,1,1011.0,2107,14,1011.1,498,6,1011.2,956,16,1011.3,816,12
317,2025-11-26 12:31:49+05:30,1010.9,1,999.71,6285753,391969.0,408392.0,986.2,1012.2,981.3,986.2,120317250,1084.8,887.6,1102.5,649.1,1010.6,755,5,1010.5,642,8,1010.4,1132,9,1010.3,1152,8,1010.2,1501,11,1010.9,21,1,1011.0,2107,14,1011.1,498,6,1011.2,956,16,1011.3,816,12
317,2025-11-26 12:31:50+05:30,1010.6,1,999.71,6286117,390507.0,409051.0,986.2,1012.2,981.3,986.2,120317250,1084.8,887.6,1102.5,649.1,1010.6,392,5,1010.5,775,4,1010.4,717,8,1010.3,1152,8,1010.2,779,8,1010.9,20,1,1011.0,2316,17,1011.1,576,9,1011.2,961,17,1011.3,821,13
317,2025-11-26 12:31:50+05:30,1010.9,133,999.71,6286117,390507.0,409051.0,986.2,1012.2,981.3,986.2,120317250,1084.8,887.6,1102.5,649.1,1010.6,392,5,1010.5,775,4,1010.4,717,8,1010.3,1152,8,1010.2,779,8,1010.9,20,1,1011.0,2316,17,1011.1,576,9,1011.2,961,17,1011.3,821,13
317,2025-11-26 12:31:51+05:30,1010.9,1,999.71,6286251,391575.0,408409.0,986.2,1012.2,981.3,986.2,120317250,1084.8,887.6,1102.5,649.1,1010.6,392,5,1010.5,996,7,1010.4,613,8,1010.3,1152,8,1010.2,1501,11,1010.9,29,1,1011.0,2091,14,1011.1,643,7,1011.2,716,14,1011.3,816,12
317,2025-11-26 12:31:51+05:30,1010.9,1,999.71,6286251,391575.0,408409.0,986.2,1012.2,981.3,986.2,120317250,1084.8,887.6,1102.5,649.1,1010.6,392,5,1010.5,996,7,1010.4,613,8,1010.3,1152,8,1010.2,1501,11,1010.9,29,1,1011.0,2091,14,1011.1,643,7,1011.2,716,14,1011.3,816,12
317,2025-11-26 12:31:52+05:30,1010.9,1,999.71,6286251,390955.0,409987.0,986.2,1012.2,981.3,986.2,120317250,1084.8,887.6,1102.5,649.1,1010.6,392,5,1010.5,52,2,1010.4,541,8,1010.3,1080,11,1010.2,779,8,1010.7,19,1,1010.9,30,2,1011.0,2227,17,1011.1,492,6,1011.2,1821,17
317,2025-11-26 12:31:52+05:30,1010.7,4,999.71,6286251,390955.0,409987.0,986.2,1012.2,981.3,986.2,120317250,1084.8,887.6,1102.5,649.1,1010.6,392,5,1010.5,52,2,1010.4,541,8,1010.3,1080,11,1010.2,779,8,1010.7,19,1,1010.9,30,2,1011.0,2227,17,1011.1,492,6,1011.2,1821,17
317,2025-11-26 12:31:53+05:30,1010.9,59,999.71,6287010,389804.0,408313.0,986.2,1012.2,981.3,986.2,120317250,1084.8,887.6,1102.5,649.1,1010.6,13,1,1010.5,114,2,1010.4,898,8,1010.3,750,8,1010.2,1081,10,1011.0,2528,18,1011.1,492,6,1011.2,716,14,1011.3,574,10,1011.4,1585,10
317,2025-11-26 12:31:53+05:30,1010.9,59,999.71,6287010,389804.0,408313.0,986.2,1012.2,981.3,986.2,120317250,1084.8,887.6,1102.5,649.1,1010.6,13,1,1010.5,114,2,1010.4,898,8,1010.3,750,8,1010.2,1081,10,1011.0,2528,18,1011.1,492,6,1011.2,716,14,1011.3,574,10,1011.4,1585,10
317,2025-11-26 12:31:54+05:30,1010.4,3,999.71,6287197,390460.0,411820.0,986.2,1012.2,981.3,986.2,120317250,1084.8,887.6,1102.5,649.1,1010.4,82,3,1010.3,1095,7,1010.2,866,8,1010.1,1941,14,1010.0,13291,47,1010.7,115,1,1010.8,207,2,1010.9,508,4,1011.0,3298,22,1011.1,920,12
317,2025-11-26 12:31:54+05:30,1010.4,3,999.71,6287197,390460.0,411820.0,986.2,1012.2,981.3,986.2,120317250,1084.8,887.6,1102.5,649.1,1010.4,82,3,1010.3,1095,7,1010.2,866,8,1010.1,1941,14,1010.0,13291,47,1010.7,115,1,1010.8,207,2,1010.9,508,4,1011.0,3298,22,1011.1,920,12
317,2025-11-26 12:31:55+05:30,1010.7,12,999.71,6287340,390459.0,411262.0,986.2,1012.2,981.3,986.2,120317250,1084.8,887.6,1102.5,649.1,1010.6,16,1,1010.4,82,3,1010.3,1280,9,1010.2,716,8,1010.1,2216,20,1010.7,88,1,1010.8,115,2,1010.9,455,4,1011.0,3066,18,1011.1,659,9
317,2025-11-26 12:31:55+05:30,1010.7,10,999.71,6287340,390459.0,411262.0,986.2,1012.2,981.3,986.2,120317250,1084.8,887.6,1102.5,649.1,1010.6,16,1,1010.4,82,3,1010.3,1280,9,1010.2,716,8,1010.1,2216,20,1010.7,88,1,1010.8,115,2,1010.9,455,4,1011.0,3066,18,1011.1,659,9
317,2025-11-26 12:31:56+05:30,1010.6,117,999.71,6287469,392998.0,410887.0,986.2,1012.2,981.3,986.2,120317250,1084.8,887.6,1102.5,649.1,1010.6,16,1,1010.5,151,1,1010.4,907,6,1010.3,594,7,1010.2,1269,9,1010.7,76,1,1010.8,110,1,1010.9,134,2,1011.0,2892,16,1011.1,809,10
317,2025-11-26 12:31:56+05:30,1010.6,117,999.71,6287469,392998.0,410887.0,986.2,1012.2,981.3,986.2,120317250,1084.8,887.6,1102.5,649.1,1010.6,16,1,1010.5,151,1,1010.4,907,6,1010.3,594,7,1010.2,1269,9,1010.7,76,1,1010.8,110,1,1010.9,134,2,1011.0,2892,16,1011.1,809,10
317,2025-11-26 12:31:57+05:30,1010.6,33,999.71,6287503,392403.0,410916.0,986.2,1012.2,981.3,986.2,120317250,1084.8,887.6,1102.5,649.1,1010.6,5,1,1010.4,654,7,1010.3,745,8,1010.2,1269,9,1010.1,2934,19,1010.7,76,1,1010.8,110,1,1010.9,87,1,1011.0,2892,16,1011.1,813,11
317,2025-11-26 12:31:57+05:30,1010.7,50,999.71,6287503,392403.0,410916.0,986.2,1012.2,981.3,986.2,120317250,1084.8,887.6,1102.5,649.1,1010.6,5,1,1010.4,654,7,1010.3,745,8,1010.2,1269,9,1010.1,2934,19,1010.7,76,1,1010.8,110,1,1010.9,87,1,1011.0,2892,16,1011.1,813,11
317,2025-11-26 12:31:58+05:30,1010.7,50,999.71,6287553,393440.0,410899.0,986.2,1012.2,981.3,986.2,120317250,1084.8,887.6,1102.5,649.1,1010.6,5,1,1010.4,654,7,1010.3,745,8,1010.2,1269,9,1010.1,2971,20,1010.7,26,1,1010.8,110,1,1010.9,87,1,1011.0,2917,17,1011.1,815,12
317,2025-11-26 12:31:59+05:30,1010.7,50,999.71,6287553,393440.0,410905.0,986.2,1012.2,981.3,986.2,120317250,1084.8,887.6,1102.5,649.1,1010.6,5,1,1010.4,654,7,1010.3,745,8,1010.2,1269,9,1010.1,2971,20,1010.7,26,1,1010.8,110,1,1010.9,87,1,1011.0,2917,17,1011.1,815,12
317,2025-11-26 12:32:00+05:30,1010.7,1,999.71,6287554,392953.0,410892.0,986.2,1012.2,981.3,986.2,120317250,1084.8,887.6,1102.5,649.1,1010.6,5,1,1010.4,347,5,1010.3,784,9,1010.2,1459,11,1010.1,2934,19,1010.7,84,2,1010.8,155,2,1010.9,346,4,1011.0,3112,19,1011.1,626,10
317,2025-11-26 12:32:00+05:30,1010.7,1,999.71,6287554,392953.0,410892.0,986.2,1012.2,981.3,986.2,120317250,1084.8,887.6,1102.5,649.1,1010.6,5,1,1010.4,347,5,1010.3,784,9,1010.2,1459,11,1010.1,2934,19,1010.7,84,2,1010.8,155,2,1010.9,346,4,1011.0,3112,19,1011.1,626,10
317,2025-11-26 12:32:01+05:30,1010.4,1,999.71,6287564,393053.0,410580.0,986.2,1012.2,981.3,986.2,120317250,1084.8,887.6,1102.5,649.1,1010.4,295,5,1010.3,787,9,1010.2,1305,10,1010.1,2897,18,1010.0,13431,47,1010.7,83,2,1010.8,155,2,1010.9,346,4,1011.0,3174,20,1011.1,737,11
317,2025-11-26 12:32:01+05:30,1010.4,1,999.71,6287564,393053.0,410580.0,986.2,1012.2,981.3,986.2,120317250,1084.8,887.6,1102.5,649.1,1010.4,295,5,1010.3,787,9,1010.2,1305,10,1010.1,2897,18,1010.0,13431,47,1010.7,83,2,1010.8,155,2,1010.9,346,4,1011.0,3174,20,1011.1,737,11
317,2025-11-26 12:32:02+05:30,1010.4,1,999.71,6287564,396559.0,411092.0,986.2,1012.2,981.3,986.2,120317250,1084.8,887.6,1102.5,649.1,1010.4,2282,6,1010.3,612,8,1010.2,1305,10,1010.1,3433,18,1010.0,13080,46,1010.5,27,1,1010.7,83,2,1010.8,357,3,1010.9,300,3,1011.0,3023,19
317,2025-11-26 12:32:02+05:30,1010.5,4,999.71,6287564,396559.0,411092.0,986.2,1012.2,981.3,986.2,120317250,1084.8,887.6,1102.5,649.1,1010.4,2282,6,1010.3,612,8,1010.2,1305,10,1010.1,3433,18,1010.0,13080,46,1010.5,27,1,1010.7,83,2,1010.8,357,3,1010.9,300,3,1011.0,3023,19
317,2025-11-26 12:32:03+05:30,1010.5,23,999.71,6287595,396835.0,410610.0,986.2,1012.2,981.3,986.2,120317250,1084.8,887.6,1102.5,649.1,1010.4,2075,3,1010.3,766,9,1010.2,1305,10,1010.1,3470,19,1010.0,12330,45,1010.5,228,2,1010.6,90,2,1010.7,24,1,1010.8,110,1,1010.9,300,3
317,2025-11-26 12:32:03+05:30,1010.5,23,999.71,6287595,396835.0,410610.0,986.2,1012.2,981.3,986.2,120317250,1084.8,887.6,1102.5,649.1,1010.4,2075,3,1010.3,766,9,1010.2,1305,10,1010.1,3470,19,1010.0,12330,45,1010.5,228,2,1010.6,90,2,1010.7,24,1,1010.8,110,1,1010.9,300,3
317,2025-11-26 12:32:04+05:30,1010.5,23,999.71,6287595,396936.0,410503.0,986.2,1012.2,981.3,986.2,120317250,1084.8,887.6,1102.5,649.1,1010.4,2197,4,1010.3,514,6,1010.2,1305,10,1010.1,3517,20,1010.0,12330,45,1010.5,230,3,1010.6,90,2,1010.7,24,1,1010.8,110,1,1010.9,382,4
317,2025-11-26 12:32:05+05:30,1010.5,15,999.71,6288009,396520.0,409569.0,986.2,1012.2,981.3,986.2,120317250,1084.8,887.6,1102.5,649.1,1010.4,1676,3,1010.3,514,6,1010.2,1459,11,1010.1,3517,20,1010.0,12330,45,1010.5,213,3,1010.6,110,4,1010.7,24,1,1010.8,267,3,1010.9,427,5
317,2025-11-26 12:32:05+05:30,1010.5,15,999.71,6288009,396520.0,409569.0,986.2,1012.2,981.3,986.2,120317250,1084.8,887.6,1102.5,649.1,1010.4,1676,3,1010.3,514,6,1010.2,1459,11,1010.1,3517,20,1010.0,12330,45,1010.5,213,3,1010.6,110,4,1010.7,24,1,1010.8,267,3,1010.9,427,5
317,2025-11-26 12:32:06+05:30,1010.4,218,999.71,6288228,396302.0,410056.0,986.2,1012.2,981.3,986.2,120317250,1084.8,887.6,1102.5,649.1,1010.4,1458,3,1010.3,514,6,1010.2,1459,11,1010.1,3517,20,1010.0,13080,46,1010.5,203,2,1010.6,110,4,1010.7,24,1,1010.8,267,3,1010.9,428,6
317,2025-11-26 12:32:06+05:30,1010.4,218,999.71,6288228,396302.0,410056.0,986.2,1012.2,981.3,986.2,120317250,1084.8,887.6,1102.5,649.1,1010.4,1458,3,1010.3,514,6,1010.2,1459,11,1010.1,3517,20,1010.0,13080,46,1010.5,203,2,1010.6,110,4,1010.7,24,1,1010.8,267,3,1010.9,428,6
317,2025-11-26 12:32:07+05:30,1010.4,3,999.71,6288228,396302.0,410056.0,986.2,1012.2,981.3,986.2,120317250,1084.8,887.6,1102.5,649.1,1010.4,1458,3,1010.3,514,6,1010.2,1459,11,1010.1,3517,20,1010.0,13080,46,1010.5,203,2,1010.6,110,4,1010.7,24,1,1010.8,267,3,1010.9,428,6
317,2025-11-26 12:32:07+05:30,1010.4,3,999.71,6288251,395747.0,410616.0,986.2,1012.2,981.3,986.2,120317250,1084.8,887.6,1102.5,649.1,1010.4,1455,3,1010.3,214,3,1010.2,623,9,1010.1,1205,13,1010.0,11716,41,1010.5,183,2,1010.6,110,4,1010.7,235,3,1010.8,388,5,1010.9,489,7
317,2025-11-26 12:32:08+05:30,1010.5,1,999.71,6288251,395747.0,410616.0,986.2,1012.2,981.3,986.2,120317250,1084.8,887.6,1102.5,649.1,1010.4,1455,3,1010.3,214,3,1010.2,623,9,1010.1,1205,13,1010.0,11716,41,1010.5,183,2,1010.6,110,4,1010.7,235,3,1010.8,388,5,1010.9,489,7
317,2025-11-26 12:32:08+05:30,1010.4,70,999.71,6288323,393356.0,411437.0,986.2,1012.2,981.3,986.2,120317250,1084.8,887.6,1102.5,649.1,1010.4,1385,3,1010.3,153,2,1010.2,623,9,1010.1,1051,12,1010.0,11716,41,1010.5,181,2,1010.6,110,4,1010.7,81,2,1010.8,542,6,1010.9,511,8
317,2025-11-26 12:32:09+05:30,1010.4,70,999.71,6288323,393356.0,411437.0,986.2,1012.2,981.3,986.2,120317250,1084.8,887.6,1102.5,649.1,1010.4,1385,3,1010.3,153,2,1010.2,623,9,1010.1,1051,12,1010.0,11716,41,1010.5,181,2,1010.6,110,4,1010.7,81,2,1010.8,542,6,1010.9,511,8
317,2025-11-26 12:32:09+05:30,1010.4,70,999.71,6288323,393226.0,412026.0,986.2,1012.2,981.3,986.2,120317250,1084.8,887.6,1102.5,649.1,1010.4,1385,3,1010.3,153,2,1010.2,623,9,1010.1,1020,11,1010.0,11617,40,1010.5,362,4,1010.6,71,3,1010.7,394,5,1010.8,388,5,1010.9,499,8
317,2025-11-26 12:32:10+05:30,1010.5,2,999.71,6288323,393226.0,412026.0,986.2,1012.2,981.3,986.2,120317250,1084.8,887.6,1102.5,649.1,1010.4,1385,3,1010.3,153,2,1010.2,623,9,1010.1,1020,11,1010.0,11617,40,1010.5,362,4,1010.6,71,3,1010.7,394,5,1010.8,388,5,1010.9,499,8
317,2025-11-26 12:32:10+05:30,1010.5,2,999.71,6288327,393052.0,412269.0,986.2,1012.2,981.3,986.2,120317250,1084.8,887.6,1102.5,649.1,1010.4,1385,3,1010.3,153,2,1010.2,623,9,1010.1,1048,12,1010.0,11617,40,1010.5,468,5,1010.6,71,3,1010.7,86,3,1010.8,556,6,1010.9,501,9
317,2025-11-26 12:32:11+05:30,1010.4,187,999.71,6288327,393052.0,412269.0,986.2,1012.2,981.3,986.2,120317250,1084.8,887.6,1102.5,649.1,1010.4,1385,3,1010.3,153,2,1010.2,623,9,1010.1,1048,12,1010.0,11617,40,1010.5,468,5,1010.6,71,3,1010.7,86,3,1010.8,556,6,1010.9,501,9
317,2025-11-26 12:32:12+05:30,1010.4,187,999.71,6288515,393030.0,412254.0,986.2,1012.2,981.3,986.2,120317250,1084.8,887.6,1102.5,649.1,1010.4,1198,3,1010.3,153,2,1010.2,623,9,1010.1,1020,11,1010.0,11617,40,1010.5,467,5,1010.6,73,4,1010.7,86,3,1010.8,510,5,1010.9,499,8
317,2025-11-26 12:32:12+05:30,1010.9,4,999.71,6288515,393030.0,412254.0,986.2,1012.2,981.3,986.2,120317250,1084.8,887.6,1102.5,649.1,1010.4,1198,3,1010.3,153,2,1010.2,623,9,1010.1,1020,11,1010.0,11617,40,1010.5,467,5,1010.6,73,4,1010.7,86,3,1010.8,510,5,1010.9,499,8
317,2025-11-26 12:32:13+05:30,1010.9,6,999.71,6289715,396802.0,406359.0,986.2,1012.2,981.3,986.2,120317250,1084.8,887.6,1102.5,649.1,1010.8,841,2,1010.7,21,1,1010.6,233,4,1010.5,931,8,1010.4,1828,15,1010.9,73,2,1011.0,1238,11,1011.1,339,3,1011.2,615,8,1011.3,517,13
317,2025-11-26 12:32:13+05:30,1010.9,6,999.71,6289715,396802.0,406359.0,986.2,1012.2,981.3,986.2,120317250,1084.8,887.6,1102.5,649.1,1010.8,841,2,1010.7,21,1,1010.6,233,4,1010.5,931,8,1010.4,1828,15,1010.9,73,2,1011.0,1238,11,1011.1,339,3,1011.2,615,8,1011.3,517,13
317,2025-11-26 12:32:14+05:30,1011.0,1,999.71,6289789,394712.0,406419.0,986.2,1012.2,981.3,986.2,120317250,1084.8,887.6,1102.5,649.1,1010.8,854,3,1010.7,47,1,1010.6,448,4,1010.5,1083,9,1010.4,1677,13,1010.9,1,1,1011.0,1237,11,1011.1,93,1,1011.2,477,7,1011.3,670,15
317,2025-11-26 12:32:14+05:30,1011.0,353,999.71,6289789,394712.0,406419.0,986.2,1012.2,981.3,986.2,120317250,1084.8,887.6,1102.5,649.1,1010.8,854,3,1010.7,47,1,1010.6,448,4,1010.5,1083,9,1010.4,1677,13,1010.9,1,1,1011.0,1237,11,1011.1,93,1,1011.2,477,7,1011.3,670,15
317,2025-11-26 12:32:15+05:30,1010.8,26,999.71,6290695,393682.0,405716.0,986.2,1012.2,981.3,986.2,120317250,1084.8,887.6,1102.5,649.1,1010.7,201,2,1010.6,997,6,1010.5,668,9,1010.4,2354,18,1010.3,645,8,1011.0,667,6,1011.2,375,4,1011.3,781,10,1011.4,1089,15,1011.5,1596,16
317,2025-11-26 12:32:15+05:30,1010.8,26,999.71,6290695,393682.0,405716.0,986.2,1012.2,981.3,986.2,120317250,1084.8,887.6,1102.5,649.1,1010.7,201,2,1010.6,997,6,1010.5,668,9,1010.4,2354,18,1010.3,645,8,1011.0,667,6,1011.2,375,4,1011.3,781,10,1011.4,1089,15,1011.5,1596,16
317,2025-11-26 12:32:16+05:30,1010.7,10,999.72,6290859,393587.0,405859.0,986.2,1012.2,981.3,986.2,120317250,1084.8,887.6,1102.5,649.1,1010.7,128,1,1010.6,1085,7,1010.5,665,8,1010.4,1819,18,1010.3,1198,9,1011.0,513,6,1011.2,375,4,1011.3,643,9,1011.4,1228,17,1011.5,1294,14
317,2025-11-26 12:32:16+05:30,1010.7,10,999.72,6290859,393587.0,405859.0,986.2,1012.2,981.3,986.2,120317250,1084.8,887.6,1102.5,649.1,1010.7,128,1,1010.6,1085,7,1010.5,665,8,1010.4,1819,18,1010.3,1198,9,1011.0,513,6,1011.2,375,4,1011.3,643,9,1011.4,1228,17,1011.5,1294,14
317,2025-11-26 12:32:17+05:30,1010.7,10,999.72,6290859,393587.0,405935.0,986.2,1012.2,981.3,986.2,120317250,1084.8,887.6,1102.5,649.1,1010.7,128,1,1010.6,1085,7,1010.5,665,8,1010.4,1819,18,1010.3,1198,9,1011.0,533,7,1011.2,408,5,1011.3,643,9,1011.4,1228,17,1011.5,1294,14
317,2025-11-26 12:32:18+05:30,1010.7,10,999.72,6290859,393587.0,405962.0,986.2,1012.2,981.3,986.2,120317250,1084.8,887.6,1102.5,649.1,1010.7,128,1,1010.6,1085,7,1010.5,665,8,1010.4,1819,18,1010.3,1198,9,1011.0,533,7,1011.2,408,5,1011.3,643,9,1011.4,1228,17,1011.5,1294,14
317,2025-11-26 12:32:18+05:30,1011.0,1,999.72,6290859,393587.0,405962.0,986.2,1012.2,981.3,986.2,120317250,1084.8,887.6,1102.5,649.1,1010.7,128,1,1010.6,1085,7,1010.5,665,8,1010.4,1819,18,1010.3,1198,9,1011.0,533,7,1011.2,408,5,1011.3,643,9,1011.4,1228,17,1011.5,1294,14
317,2025-11-26 12:32:19+05:30,1011.0,1,999.72,6290860,395450.0,406697.0,986.2,1012.2,981.3,986.2,120317250,1084.8,887.6,1102.5,649.1,1010.6,111,1,1010.5,1124,8,1010.4,1659,12,1010.3,778,8,1010.2,1896,21,1011.0,532,7,1011.1,443,4,1011.2,748,9,1011.3,976,13,1011.4,1361,14
317,2025-11-26 12:32:19+05:30,1010.6,7,999.72,6290860,395450.0,406697.0,986.2,1012.2,981.3,986.2,120317250,1084.8,887.6,1102.5,649.1,1010.6,111,1,1010.5,1124,8,1010.4,1659,12,1010.3,778,8,1010.2,1896,21,1011.0,532,7,1011.1,443,4,1011.2,748,9,1011.3,976,13,1011.4,1361,14
317,2025-11-26 12:32:20+05:30,1011.0,25,999.72,6292268,398935.0,402777.0,986.2,1012.2,981.3,986.2,120317250,1084.8,887.6,1102.5,649.1,1011.0,1084,3,1010.9,213,3,1010.8,979,10,1010.7,447,4,1010.6,1031,7,1011.2,209,4,1011.3,122,3,1011.4,301,2,1011.5,949,8,1011.6,765,10
317,2025-11-26 12:32:20+05:30,1011.0,1,999.72,6292268,398935.0,402777.0,986.2,1012.2,981.3,986.2,120317250,1084.8,887.6,1102.5,649.1,1011.0,1084,3,1010.9,213,3,1010.8,979,10,1010.7,447,4,1010.6,1031,7,1011.2,209,4,1011.3,122,3,1011.4,301,2,1011.5,949,8,1011.6,765,10
317,2025-11-26 12:32:21+05:30,1011.0,37,999.72,6292436,399531.0,402612.0,986.2,1012.2,981.3,986.2,120317250,1084.8,887.6,1102.5,649.1,1011.0,1110,5,1010.9,497,5,1010.8,984,11,1010.7,710,6,1010.6,1785,12,1011.2,112,2,1011.3,126,4,1011.4,300,1,1011.5,949,8,1011.6,637,9
317,2025-11-26 12:32:21+05:30,1011.0,37,999.72,6292436,399531.0,402612.0,986.2,1012.2,981.3,986.2,120317250,1084.8,887.6,1102.5,649.1,1011.0,1110,5,1010.9,497,5,1010.8,984,11,1010.7,710,6,1010.6,1785,12,1011.2,112,2,1011.3,126,4,1011.4,300,1,1011.5,949,8,1011.6,637,9
317,2025-11-26 12:32:22+05:30,1011.0,44,999.72,6292480,401224.0,402840.0,986.2,1012.2,981.3,986.2,120317250,1084.8,887.6,1102.5,649.1,1011.0,890,3,1010.9,142,1,1010.8,1004,10,1010.7,1297,8,1010.6,1319,12,1011.1,86,1,1011.2,113,3,1011.3,126,4,1011.4,300,1,1011.5,1075,11
317,2025-11-26 12:32:22+05:30,1011.1,4,999.72,6292480,401224.0,402840.0,986.2,1012.2,981.3,986.2,120317250,1084.8,887.6,1102.5,649.1,1011.0,890,3,1010.9,142,1,1010.8,1004,10,1010.7,1297,8,1010.6,1319,12,1011.1,86,1,1011.2,113,3,1011.3,126,4,1011.4,300,1,1011.5,1075,11
317,2025-11-26 12:32:23+05:30,1011.1,23,999.72,6292511,401328.0,403460.0,986.2,1012.2,981.3,986.2,120317250,1084.8,887.6,1102.5,649.1,1011.0,890,3,1010.9,142,1,1010.8,810,8,1010.7,929,9,1010.6,1829,13,1011.1,55,1,1011.2,113,3,1011.3,134,4,1011.4,311,3,1011.5,1113,14
317,2025-11-26 12:32:23+05:30,1011.0,20,999.72,6292511,401328.0,403460.0,986.2,1012.2,981.3,986.2,120317250,1084.8,887.6,1102.5,649.1,1011.0,890,3,1010.9,142,1,1010.8,810,8,1010.7,929,9,1010.6,1829,13,1011.1,55,1,1011.2,113,3,1011.3,134,4,1011.4,311,3,1011.5,1113,14
317,2025-11-26 12:32:24+05:30,1011.0,1,999.72,6292606,397578.0,404141.0,986.2,1012.2,981.3,986.2,120317250,1084.8,887.6,1102.5,649.1,1011.0,795,3,1010.8,213,3,1010.7,1262,8,1010.6,920,10,1010.5,1619,18,1011.1,373,2,1011.2,113,3,1011.3,283,6,1011.4,803,7,1011.5,1091,14
317,2025-11-26 12:32:24+05:30,1011.1,5,999.72,6292606,397578.0,404141.0,986.2,1012.2,981.3,986.2,120317250,1084.8,887.6,1102.5,649.1,1011.0,795,3,1010.8,213,3,1010.7,1262,8,1010.6,920,10,1010.5,1619,18,1011.1,373,2,1011.2,113,3,1011.3,283,6,1011.4,803,7,1011.5,1091,14
317,2025-11-26 12:32:25+05:30,1011.1,11,999.72,6292787,397789.0,404386.0,986.2,1012.2,981.3,986.2,120317250,1084.8,887.6,1102.5,649.1,1011.0,1014,3,1010.8,213,3,1010.7,1119,7,1010.6,651,8,1010.5,1744,19,1011.1,378,2,1011.2,113,3,1011.3,550,9,1011.4,932,9,1011.5,1216,15
317,2025-11-26 12:32:25+05:30,1011.1,191,999.72,6292787,397789.0,404386.0,986.2,1012.2,981.3,986.2,120317250,1084.8,887.6,1102.5,649.1,1011.0,1014,3,1010.8,213,3,1010.7,1119,7,1010.6,651,8,1010.5,1744,19,1011.1,378,2,1011.2,113,3,1011.3,550,9,1011.4,932,9,1011.5,1216,15
317,2025-11-26 12:32:26+05:30,1011.0,5,999.72,6293477,396961.0,404169.0,986.2,1012.2,981.3,986.2,120317250,1084.8,887.6,1102.5,649.1,1011.0,327,2,1010.8,746,4,1010.7,635,6,1010.6,526,7,1010.5,1781,20,1011.1,83,1,1011.2,113,3,1011.3,293,6,1011.4,932,9,1011.5,1091,14
317,2025-11-26 12:32:26+05:30,1011.1,1,999.72,6293477,396961.0,404169.0,986.2,1012.2,981.3,986.2,120317250,1084.8,887.6,1102.5,649.1,1011.0,327,2,1010.8,746,4,1010.7,635,6,1010.6,526,7,1010.5,1781,20,1011.1,83,1,1011.2,113,3,1011.3,293,6,1011.4,932,9,1011.5,1091,14
317,2025-11-26 12:32:27+05:30,1011.1,1,999.72,6293497,397078.0,405454.0,986.2,1012.2,981.3,986.2,120317250,1084.8,887.6,1102.5,649.1,1011.0,318,1,1010.8,746,4,1010.7,555,5,1010.6,498,7,1010.5,1700,15,1011.1,72,1,1011.2,177,4,1011.3,293,6,1011.4,932,9,1011.5,1293,15
317,2025-11-26 12:32:28+05:30,1011.1,1,999.72,6293497,396879.0,405401.0,986.2,1012.2,981.3,986.2,120317250,1084.8,887.6,1102.5,649.1,1011.0,318,1,1010.8,621,3,1010.7,555,5,1010.6,688,9,1010.5,1713,16,1011.1,78,2,1011.2,117,3,1011.3,293,6,1011.4,1057,10,1011.5,1306,16
317,2025-11-26 12:32:29+05:30,1011.0,192,999.72,6293689,396014.0,405703.0,986.2,1012.2,981.3,986.2,120317250,1084.8,887.6,1102.5,649.1,1011.0,126,1,1010.8,616,2,1010.7,400,4,1010.6,470,7,1010.5,1009,12,1011.1,206,3,1011.2,302,5,1011.3,680,11,1011.4,807,8,1011.5,1414,17
317,2025-11-26 12:32:29+05:30,1010.8,449,999.72,6293689,396014.0,405703.0,986.2,1012.2,981.3,986.2,120317250,1084.8,887.6,1102.5,649.1,1011.0,126,1,1010.8,616,2,1010.7,400,4,1010.6,470,7,1010.5,1009,12,1011.1,206,3,1011.2,302,5,1011.3,680,11,1011.4,807,8,1011.5,1414,17
317,2025-11-26 12:32:30+05:30,1011.1,7,999.72,6294799,394852.0,406914.0,986.2,1012.2,981.3,986.2,120317250,1084.8,887.6,1102.5,649.1,1010.7,169,3,1010.6,1198,8,1010.5,1017,12,1010.4,2410,22,1010.3,1537,10,1011.1,92,2,1011.2,412,6,1011.3,680,11,1011.4,1334,12,1011.5,1918,19
317,2025-11-26 12:32:30+05:30,1011.1,7,999.72,6294799,394852.0,406914.0,986.2,1012.2,981.3,986.2,120317250,1084.8,887.6,1102.5,649.1,1010.7,169,3,1010.6,1198,8,1010.5,1017,12,1010.4,2410,22,1010.3,1537,10,1011.1,92,2,1011.2,412,6,1011.3,680,11,1011.4,1334,12,1011.5,1918,19
317,2025-11-26 12:32:31+05:30,1010.8,20,999.72,6295111,395711.0,406237.0,986.2,1012.2,981.3,986.2,120317250,1084.8,887.6,1102.5,649.1,1011.0,285,2,1010.8,15,1,1010.7,252,4,1010.6,940,6,1010.5,954,12,1011.1,92,2,1011.2,230,4,1011.3,699,11,1011.4,1177,9,1011.5,1737,20
317,2025-11-26 12:32:31+05:30,1011.0,250,999.72,6295111,395711.0,406237.0,986.2,1012.2,981.3,986.2,120317250,1084.8,887.6,1102.5,649.1,1011.0,285,2,1010.8,15,1,1010.7,252,4,1010.6,940,6,1010.5,954,12,1011.1,92,2,1011.2,230,4,1011.3,699,11,1011.4,1177,9,1011.5,1737,20
317,2025-11-26 12:32:32+05:30,1011.0,250,999.72,6295396,396464.0,407047.0,986.2,1012.2,981.3,986.2,120317250,1084.8,887.6,1102.5,649.1,1010.8,15,1,1010.7,184,3,1010.6,1018,6,1010.5,809,12,1010.4,2576,23,1011.0,57,2,1011.1,294,3,1011.2,656,9,1011.3,553,10,1011.4,1311,12
317,2025-11-26 12:32:32+05:30,1011.0,4,999.72,6295396,396464.0,407047.0,986.2,1012.2,981.3,986.2,120317250,1084.8,887.6,1102.5,649.1,1010.8,15,1,1010.7,184,3,1010.6,1018,6,1010.5,809,12,1010.4,2576,23,1011.0,57,2,1011.1,294,3,1011.2,656,9,1011.3,553,10,1011.4,1311,12
317,2025-11-26 12:32:33+05:30,1010.8,6,999.72,6295434,396461.0,408556.0,986.2,1012.2,981.3,986.2,120317250,1084.8,887.6,1102.5,649.1,1010.8,9,1,1010.7,145,2,1010.6,707,4,1010.5,922,12,1010.4,2576,23,1011.0,25,2,1011.1,294,3,1011.2,510,8,1011.3,699,11,1011.4,1311,12
317,2025-11-26 12:32:33+05:30,1010.8,6,999.72,6295434,396461.0,408556.0,986.2,1012.2,981.3,986.2,120317250,1084.8,887.6,1102.5,649.1,1010.8,9,1,1010.7,145,2,1010.6,707,4,1010.5,922,12,1010.4,2576,23,1011.0,25,2,1011.1,294,3,1011.2,510,8,1011.3,699,11,1011.4,1311,12
317,2025-11-26 12:32:34+05:30,1011.0,24,999.72,6295488,396346.0,408698.0,986.2,1012.2,981.3,986.2,120317250,1084.8,887.6,1102.5,649.1,1010.8,4,1,1010.7,145,2,1010.6,1072,7,1010.5,776,11,1010.4,2576,23,1011.0,33,2,1011.1,344,4,1011.2,656,9,1011.3,553,10,1011.4,946,12
317,2025-11-26 12:32:34+05:30,1011.0,24,999.72,6295488,396346.0,408698.0,986.2,1012.2,981.3,986.2,120317250,1084.8,887.6,1102.5,649.1,1010.8,4,1,1010.7,145,2,1010.6,1072,7,1010.5,776,11,1010.4,2576,23,1011.0,33,2,1011.1,344,4,1011.2,656,9,1011.3,553,10,1011.4,946,12
317,2025-11-26 12:32:35+05:30,1011.0,3,999.72,6295491,396426.0,408145.0,986.2,1012.2,981.3,986.2,120317250,1084.8,887.6,1102.5,649.1,1010.9,113,2,1010.8,4,1,1010.7,145,2,1010.6,1122,8,1010.5,921,11,1011.0,63,5,1011.1,92,2,1011.2,391,5,1011.3,699,11,1011.4,1066,11
317,2025-11-26 12:32:35+05:30,1011.0,3,999.72,6295491,396426.0,408145.0,986.2,1012.2,981.3,986.2,120317250,1084.8,887.6,1102.5,649.1,1010.9,113,2,1010.8,4,1,1010.7,145,2,1010.6,1122,8,1010.5,921,11,1011.0,63,5,1011.1,92,2,1011.2,391,5,1011.3,699,11,1011.4,1066,11
317,2025-11-26 12:32:36+05:30,1011.0,1,999.72,6295492,396426.0,408234.0,986.2,1012.2,981.3,986.2,120317250,1084.8,887.6,1102.5,649.1,1010.9,113,2,1010.8,4,1,1010.7,145,2,1010.6,1122,8,1010.5,921,11,1011.0,62,5,1011.1,92,2,1011.2,391,5,1011.3,699,11,1011.4,1066,11
317,2025-11-26 12:32:36+05:30,1010.9,1,999.72,6295492,396426.0,408234.0,986.2,1012.2,981.3,986.2,120317250,1084.8,887.6,1102.5,649.1,1010.9,113,2,1010.8,4,1,1010.7,145,2,1010.6,1122,8,1010.5,921,11,1011.0,62,5,1011.1,92,2,1011.2,391,5,1011.3,699,11,1011.4,1066,11
317,2025-11-26 12:32:37+05:30,1010.9,13,999.72,6295619,397868.0,408904.0,986.2,1012.2,981.3,986.2,120317250,1084.8,887.6,1102.5,649.1,1010.8,4,1,1010.7,35,1,1010.6,353,4,1010.5,1084,12,1010.4,2224,19,1010.9,106,3,1011.0,41,5,1011.1,6,1,1011.2,503,7,1011.3,699,11
317,2025-11-26 12:32:37+05:30,1010.9,13,999.72,6295619,397868.0,408904.0,986.2,1012.2,981.3,986.2,120317250,1084.8,887.6,1102.5,649.1,1010.8,4,1,1010.7,35,1,1010.6,353,4,1010.5,1084,12,1010.4,2224,19,1010.9,106,3,1011.0,41,5,1011.1,6,1,1011.2,503,7,1011.3,699,11
317,2025-11-26 12:32:38+05:30,1010.9,13,999.72,6295619,397882.0,408996.0,986.2,1012.2,981.3,986.2,120317250,1084.8,887.6,1102.5,649.1,1010.8,4,1,1010.7,35,1,1010.6,353,4,1010.5,1134,13,1010.4,2287,21,1010.9,106,3,1011.0,41,5,1011.1,6,1,1011.2,503,7,1011.3,699,11
317,2025-11-26 12:32:38+05:30,1010.9,49,999.72,6295619,397882.0,408996.0,986.2,1012.2,981.3,986.2,120317250,1084.8,887.6,1102.5,649.1,1010.8,4,1,1010.7,35,1,1010.6,353,4,1010.5,1134,13,1010.4,2287,21,1010.9,106,3,1011.0,41,5,1011.1,6,1,1011.2,503,7,1011.3,699,11
317,2025-11-26 12:32:39+05:30,1010.9,49,999.72,6295668,395530.0,409034.0,986.2,1012.2,981.3,986.2,120317250,1084.8,887.6,1102.5,649.1,1010.8,4,1,1010.7,35,1,1010.6,286,3,1010.5,837,9,1010.4,1775,14,1010.9,57,3,1011.0,129,7,1011.1,330,4,1011.2,612,7,1011.3,699,11
317,2025-11-26 12:32:40+05:30,1010.8,1,999.72,6295673,394908.0,408798.0,986.2,1012.2,981.3,986.2,120317250,1084.8,887.6,1102.5,649.1,1010.7,35,1,1010.6,286,3,1010.5,603,9,1010.4,1910,15,1010.3,1545,19,1010.9,57,3,1011.0,134,8,1011.1,313,4,1011.2,463,6,1011.3,953,13
317,2025-11-26 12:32:40+05:30,1010.8,1,999.72,6295673,394908.0,408798.0,986.2,1012.2,981.3,986.2,120317250,1084.8,887.6,1102.5,649.1,1010.7,35,1,1010.6,286,3,1010.5,603,9,1010.4,1910,15,1010.3,1545,19,1010.9,57,3,1011.0,134,8,1011.1,313,4,1011.2,463,6,1011.3,953,13
317,2025-11-26 12:32:41+05:30,1010.7,2,999.72,6296054,392011.0,410298.0,986.2,1012.2,981.3,986.2,120317250,1084.8,887.6,1102.5,649.1,1010.6,31,1,1010.5,357,4,1010.4,1240,7,1010.3,1477,11,1010.2,699,8,1010.7,32,1,1010.8,57,2,1010.9,9,1,1011.0,385,10,1011.1,527,6
317,2025-11-26 12:32:41+05:30,1010.7,2,999.72,6296054,392011.0,410298.0,986.2,1012.2,981.3,986.2,120317250,1084.8,887.6,1102.5,649.1,1010.6,31,1,1010.5,357,4,1010.4,1240,7,1010.3,1477,11,1010.2,699,8,1010.7,32,1,1010.8,57,2,1010.9,9,1,1011.0,385,10,1011.1,527,6
317,2025-11-26 12:32:42+05:30,1010.7,2,999.72,6296054,393349.0,412625.0,986.2,1012.2,981.3,986.2,120317250,1084.8,887.6,1102.5,649.1,1010.6,31,1,1010.5,205,3,1010.4,1441,9,1010.3,835,10,1010.2,864,10,1010.7,32,1,1010.8,57,2,1010.9,302,3,1011.0,1748,14,1011.1,532,7
317,2025-11-26 12:32:42+05:30,1010.7,4,999.72,6296054,393349.0,412625.0,986.2,1012.2,981.3,986.2,120317250,1084.8,887.6,1102.5,649.1,1010.6,31,1,1010.5,205,3,1010.4,1441,9,1010.3,835,10,1010.2,864,10,1010.7,32,1,1010.8,57,2,1010.9,302,3,1011.0,1748,14,1011.1,532,7
317,2025-11-26 12:32:43+05:30,1010.8,23,999.72,6296166,397927.0,410713.0,986.2,1012.2,981.3,986.2,120317250,1084.8,887.6,1102.5,649.1,1010.6,135,1,1010.5,670,8,1010.4,1659,14,1010.3,676,8,1010.2,1674,15,1010.8,34,2,1010.9,9,1,1011.0,1134,9,1011.1,416,6,1011.2,475,7
317,2025-11-26 12:32:43+05:30,1010.8,23,999.72,6296166,397927.0,410713.0,986.2,1012.2,981.3,986.2,120317250,1084.8,887.6,1102.5,649.1,1010.6,135,1,1010.5,670,8,1010.4,1659,14,1010.3,676,8,1010.2,1674,15,1010.8,34,2,1010.9,9,1,1011.0,1134,9,1011.1,416,6,1011.2,475,7
317,2025-11-26 12:32:44+05:30,1010.8,2,999.72,6296238,397087.0,410840.0,986.2,1012.2,981.3,986.2,120317250,1084.8,887.6,1102.5,649.1,1010.5,670,8,1010.4,1794,15,1010.3,676,8,1010.2,1674,15,1010.1,2173,16,1010.8,20,2,1010.9,9,1,1011.0,1134,9,1011.1,367,5,1011.2,475,7
317,2025-11-26 12:32:44+05:30,1010.8,2,999.72,6296238,397087.0,410840.0,986.2,1012.2,981.3,986.2,120317250,1084.8,887.6,1102.5,649.1,1010.5,670,8,1010.4,1794,15,1010.3,676,8,1010.2,1674,15,1010.1,2173,16,1010.8,20,2,1010.9,9,1,1011.0,1134,9,1011.1,367,5,1011.2,475,7
317,2025-11-26 12:32:45+05:30,1010.8,1,999.72,6296241,397082.0,410696.0,986.2,1012.2,981.3,986.2,120317250,1084.8,887.6,1102.5,649.1,1010.5,483,6,1010.4,1929,16,1010.3,676,8,1010.2,1674,15,1010.1,2220,17,1010.8,17,2,1010.9,92,3,1011.0,1096,8,1011.1,367,5,1011.2,475,7
317,2025-11-26 12:32:45+05:30,1010.8,1,999.72,6296241,397082.0,410696.0,986.2,1012.2,981.3,986.2,120317250,1084.8,887.6,1102.5,649.1,1010.5,483,6,1010.4,1929,16,1010.3,676,8,1010.2,1674,15,1010.1,2220,17,1010.8,17,2,1010.9,92,3,1011.0,1096,8,1011.1,367,5,1011.2,475,7
317,2025-11-26 12:32:46+05:30,1010.8,4,999.72,6296268,399193.0,410746.0,986.2,1012.2,981.3,986.2,120317250,1084.8,887.6,1102.5,649.1,1010.5,546,7,1010.4,1892,15,1010.3,643,7,1010.2,2918,16,1010.1,2274,17,1010.8,53,2,1010.9,92,3,1011.0,1093,6,1011.1,367,5,1011.2,475,7
317,2025-11-26 12:32:46+05:30,1010.5,76,999.72,6296268,399193.0,410746.0,986.2,1012.2,981.3,986.2,120317250,1084.8,887.6,1102.5,649.1,1010.5,546,7,1010.4,1892,15,1010.3,643,7,1010.2,2918,16,1010.1,2274,17,1010.8,53,2,1010.9,92,3,1011.0,1093,6,1011.1,367,5,1011.2,475,7
317,2025-11-26 12:32:47+05:30,1010.5,5,999.72,6296349,399626.0,410846.0,986.2,1012.2,981.3,986.2,120317250,1084.8,887.6,1102.5,649.1,1010.5,989,8,1010.4,1757,14,1010.3,1196,8,1010.2,2365,15,1010.1,2274,17,1010.8,41,1,1010.9,92,3,1011.0,1493,7,1011.1,367,5,1011.2,475,7
317,2025-11-26 12:32:47+05:30,1010.5,5,999.72,6296349,399626.0,410846.0,986.2,1012.2,981.3,986.2,120317250,1084.8,887.6,1102.5,649.1,1010.5,989,8,1010.4,1757,14,1010.3,1196,8,1010.2,2365,15,1010.1,2274,17,1010.8,41,1,1010.9,92,3,1011.0,1493,7,1011.1,367,5,1011.2,475,7
317,2025-11-26 12:32:48+05:30,1010.5,5,999.72,6296349,399318.0,410858.0,986.2,1012.2,981.3,986.2,120317250,1084.8,887.6,1102.5,649.1,1010.5,989,8,1010.4,1757,14,1010.3,1196,8,1010.2,2365,15,1010.1,3024,18,1010.8,41,1,1010.9,92,3,1011.0,1493,7,1011.1,367,5,1011.2,475,7
317,2025-11-26 12:32:49+05:30,1010.8,1,999.72,6296350,399318.0,410813.0,986.2,1012.2,981.3,986.2,120317250,1084.8,887.6,1102.5,649.1,1010.5,989,8,1010.4,1757,14,1010.3,1196,8,1010.2,2365,15,1010.1,3024,18,1010.8,40,1,1010.9,92,3,1011.0,1493,7,1011.1,414,6,1011.2,475,7
317,2025-11-26 12:32:49+05:30,1010.8,1,999.72,6296350,399318.0,410813.0,986.2,1012.2,981.3,986.2,120317250,1084.8,887.6,1102.5,649.1,1010.5,989,8,1010.4,1757,14,1010.3,1196,8,1010.2,2365,15,1010.1,3024,18,1010.8,40,1,1010.9,92,3,1011.0,1493,7,1011.1,414,6,1011.2,475,7
317,2025-11-26 12:32:50+05:30,1010.8,1,999.73,6296395,398747.0,411916.0,986.2,1012.2,981.3,986.2,120317250,1084.8,887.6,1102.5,649.1,1010.5,346,4,1010.4,1716,12,1010.3,1131,7,1010.2,2268,14,1010.1,2933,16,1010.8,39,1,1010.9,92,3,1011.0,1493,7,1011.1,414,6,1011.2,1346,11
317,2025-11-26 12:32:50+05:30,1010.8,1,999.73,6296395,398747.0,411916.0,986.2,1012.2,981.3,986.2,120317250,1084.8,887.6,1102.5,649.1,1010.5,346,4,1010.4,1716,12,1010.3,1131,7,1010.2,2268,14,1010.1,2933,16,1010.8,39,1,1010.9,92,3,1011.0,1493,7,1011.1,414,6,1011.2,1346,11
317,2025-11-26 12:32:51+05:30,1010.5,15,999.73,6296440,398813.0,410836.0,986.2,1012.2,981.3,986.2,120317250,1084.8,887.6,1102.5,649.1,1010.5,348,4,1010.4,1741,13,1010.3,1161,9,1010.2,2317,17,1010.1,2918,15,1010.8,38,1,1010.9,92,3,1011.0,1498,8,1011.1,614,7,1011.2,480,8
317,2025-11-26 12:32:51+05:30,1010.5,15,999.73,6296440,398813.0,410836.0,986.2,1012.2,981.3,986.2,120317250,1084.8,887.6,1102.5,649.1,1010.5,348,4,1010.4,1741,13,1010.3,1161,9,1010.2,2317,17,1010.1,2918,15,1010.8,38,1,1010.9,92,3,1011.0,1498,8,1011.1,614,7,1011.2,480,8
317,2025-11-26 12:32:52+05:30,1010.5,15,999.73,6296440,400289.0,412346.0,986.2,1012.2,981.3,986.2,120317250,1084.8,887.6,1102.5,649.1,1010.5,219,3,1010.4,1712,12,1010.3,1290,10,1010.2,3115,20,1010.1,2918,15,1010.6,15,1,1010.8,44,3,1010.9,294,4,1011.0,1765,12,1011.1,614,7
317,2025-11-26 12:32:52+05:30,1010.6,4,999.73,6296440,400289.0,412346.0,986.2,1012.2,981.3,986.2,120317250,1084.8,887.6,1102.5,649.1,1010.5,219,3,1010.4,1712,12,1010.3,1290,10,1010.2,3115,20,1010.1,2918,15,1010.6,15,1,1010.8,44,3,1010.9,294,4,1011.0,1765,12,1011.1,614,7
317,2025-11-26 12:32:53+05:30,1010.6,23,999.73,6296484,400243.0,412391.0,986.2,1012.2,981.3,986.2,120317250,1084.8,887.6,1102.5,649.1,1010.5,219,3,1010.4,1647,11,1010.3,1290,10,1010.2,3115,20,1010.1,2918,15,1010.6,15,1,1010.8,44,3,1010.9,301,5,1011.0,1608,10,1011.1,614,7
317,2025-11-26 12:32:53+05:30,1010.6,23,999.73,6296484,400243.0,412391.0,986.2,1012.2,981.3,986.2,120317250,1084.8,887.6,1102.5,649.1,1010.5,219,3,1010.4,1647,11,1010.3,1290,10,1010.2,3115,20,1010.1,2918,15,1010.6,15,1,1010.8,44,3,1010.9,301,5,1011.0,1608,10,1011.1,614,7
317,2025-11-26 12:32:54+05:30,1010.6,101,999.73,6296585,399638.0,412282.0,986.2,1012.2,981.3,986.2,120317250,1084.8,887.6,1102.5,649.1,1010.6,11,1,1010.5,94,3,1010.4,1863,14,1010.3,1161,9,1010.2,3089,19,1010.8,39,2,1010.9,301,5,1011.0,1660,10,1011.1,569,7,1011.2,1430,9
317,2025-11-26 12:32:54+05:30,1010.6,101,999.73,6296585,399638.0,412282.0,986.2,1012.2,981.3,986.2,120317250,1084.8,887.6,1102.5,649.1,1010.6,11,1,1010.5,94,3,1010.4,1863,14,1010.3,1161,9,1010.2,3089,19,1010.8,39,2,1010.9,301,5,1011.0,1660,10,1011.1,569,7,1011.2,1430,9
317,2025-11-26 12:32:55+05:30,1010.8,12,999.73,6296585,399638.0,412282.0,986.2,1012.2,981.3,986.2,120317250,1084.8,887.6,1102.5,649.1,1010.6,11,1,1010.5,94,3,1010.4,1863,14,1010.3,1161,9,1010.2,3089,19,1010.8,39,2,1010.9,301,5,1011.0,1660,10,1011.1,569,7,1011.2,1430,9
317,2025-11-26 12:32:55+05:30,1010.8,3,999.73,6296616,399422.0,412563.0,986.2,1012.2,981.3,986.2,120317250,1084.8,887.6,1102.5,649.1,1010.6,12,2,1010.5,808,5,1010.4,1600,12,1010.3,1290,10,1010.2,2339,18,1010.8,8,2,1010.9,99,4,1011.0,1706,11,1011.1,615,8,1011.2,1430,9
317,2025-11-26 12:32:56+05:30,1010.8,1,999.73,6296665,399893.0,412641.0,986.2,1012.2,981.3,986.2,120317250,1084.8,887.6,1102.5,649.1,1010.7,10,1,1010.6,36,2,1010.5,800,5,1010.4,1858,14,1010.3,1161,9,1010.8,14,1,1010.9,99,4,1011.0,1751,11,1011.1,746,10,1011.2,1317,8
317,2025-11-26 12:32:56+05:30,1010.8,11,999.73,6296665,399893.0,412641.0,986.2,1012.2,981.3,986.2,120317250,1084.8,887.6,1102.5,649.1,1010.7,10,1,1010.6,36,2,1010.5,800,5,1010.4,1858,14,1010.3,1161,9,1010.8,14,1,1010.9,99,4,1011.0,1751,11,1011.1,746,10,1011.2,1317,8
317,2025-11-26 12:32:57+05:30,1010.5,422,999.73,6297186,398395.0,411811.0,986.2,1012.2,981.3,986.2,120317250,1084.8,887.6,1102.5,649.1,1010.5,372,4,1010.4,1600,12,1010.3,1289,10,1010.2,2288,16,1010.1,2871,14,1010.8,3,1,1010.9,99,4,1011.0,1594,9,1011.1,612,8,1011.2,714,10
317,2025-11-26 12:32:57+05:30,1010.5,422,999.73,6297186,398395.0,411811.0,986.2,1012.2,981.3,986.2,120317250,1084.8,887.6,1102.5,649.1,1010.5,372,4,1010.4,1600,12,1010.3,1289,10,1010.2,2288,16,1010.1,2871,14,1010.8,3,1,1010.9,99,4,1011.0,1594,9,1011.1,612,8,1011.2,714,10
317,2025-11-26 12:32:58+05:30,1010.5,422,999.73,6297186,398402.0,412001.0,986.2,1012.2,981.3,986.2,120317250,1084.8,887.6,1102.5,649.1,1010.5,378,5,1010.4,1729,13,1010.3,1161,9,1010.2,2288,16,1010.1,2871,14,1010.8,3,1,1010.9,99,4,1011.0,1594,9,1011.1,612,8,1011.2,714,10
317,2025-11-26 12:32:59+05:30,1010.5,422,999.73,6297186,398487.0,412025.0,986.2,1012.2,981.3,986.2,120317250,1084.8,887.6,1102.5,649.1,1010.5,378,5,1010.4,1729,13,1010.3,1161,9,1010.2,2329,17,1010.1,2915,15,1010.8,4,2,1010.9,99,4,1011.0,1594,9,1011.1,612,8,1011.2,714,10
317,2025-11-26 12:33:00+05:30,1010.5,1,999.73,6297186,398487.0,412025.0,986.2,1012.2,981.3,986.2,120317250,1084.8,887.6,1102.5,649.1,1010.5,378,5,1010.4,1729,13,1010.3,1161,9,1010.2,2329,17,1010.1,2915,15,1010.8,4,2,1010.9,99,4,1011.0,1594,9,1011.1,612,8,1011.2,714,10
317,2025-11-26 12:33:00+05:30,1010.5,8,999.73,6297198,398715.0,412525.0,986.2,1012.2,981.3,986.2,120317250,1084.8,887.6,1102.5,649.1,1010.5,88,3,1010.4,1670,12,1010.3,1256,8,1010.2,2280,14,1010.1,2392,20,1010.8,1,1,1010.9,104,5,1011.0,1742,10,1011.1,622,9,1011.2,1554,11
317,2025-11-26 12:33:01+05:30,1010.9,22,999.73,6297198,398715.0,412525.0,986.2,1012.2,981.3,986.2,120317250,1084.8,887.6,1102.5,649.1,1010.5,88,3,1010.4,1670,12,1010.3,1256,8,1010.2,2280,14,1010.1,2392,20,1010.8,1,1,1010.9,104,5,1011.0,1742,10,1011.1,622,9,1011.2,1554,11
317,2025-11-26 12:33:02+05:30,1010.9,22,999.73,6297230,399319.0,412150.0,986.2,1012.2,981.3,986.2,120317250,1084.8,887.6,1102.5,649.1,1010.5,88,3,1010.4,1594,11,1010.3,1256,8,1010.2,2248,14,1010.1,2438,21,1010.6,17,1,1010.9,82,5,1011.0,1801,11,1011.1,731,10,1011.2,1554,11
317,2025-11-26 12:33:02+05:30,1010.6,4,999.73,6297230,399319.0,412150.0,986.2,1012.2,981.3,986.2,120317250,1084.8,887.6,1102.5,649.1,1010.5,88,3,1010.4,1594,11,1010.3,1256,8,1010.2,2248,14,1010.1,2438,21,1010.6,17,1,1010.9,82,5,1011.0,1801,11,1011.1,731,10,1011.2,1554,11
317,2025-11-26 12:33:03+05:30,1010.6,23,999.73,6297261,400167.0,412071.0,986.2,1012.2,981.3,986.2,120317250,1084.8,887.6,1102.5,649.1,1010.5,88,3,1010.4,1594,11,1010.3,1256,8,1010.2,3021,16,1010.1,2438,21,1010.6,17,1,1010.9,82,5,1011.0,1742,10,1011.1,685,9,1011.2,1576,13
317,2025-11-26 12:33:03+05:30,1010.6,23,999.73,6297261,400167.0,412071.0,986.2,1012.2,981.3,986.2,120317250,1084.8,887.6,1102.5,649.1,1010.5,88,3,1010.4,1594,11,1010.3,1256,8,1010.2,3021,16,1010.1,2438,21,1010.6,17,1,1010.9,82,5,1011.0,1742,10,1011.1,685,9,1011.2,1576,13
317,2025-11-26 12:33:04+05:30,1010.6,1,999.73,6297263,400107.0,412766.0,986.2,1012.2,981.3,986.2,120317250,1084.8,887.6,1102.5,649.1,1010.5,52,2,1010.4,1395,9,1010.3,1387,9,1010.2,3021,16,1010.1,2438,21,1010.6,174,3,1010.9,83,6,1011.0,1742,10,1011.1,755,12,1011.2,1550,11
317,2025-11-26 12:33:04+05:30,1010.6,35,999.73,6297263,400107.0,412766.0,986.2,1012.2,981.3,986.2,120317250,1084.8,887.6,1102.5,649.1,1010.5,52,2,1010.4,1395,9,1010.3,1387,9,1010.2,3021,16,1010.1,2438,21,1010.6,174,3,1010.9,83,6,1011.0,1742,10,1011.1,755,12,1011.2,1550,11
317,2025-11-26 12:33:04+05:30,1010.6,35,999.73,6297313,399648.0,412814.0,986.2,1012.2,981.3,986.2,120317250,1084.8,887.6,1102.5,649.1,1010.5,52,2,1010.4,1072,6,1010.3,1327,8,1010.2,3021,16,1010.1,2438,21,1010.6,141,3,1010.9,83,6,1011.0,1786,11,1011.1,729,10,1011.2,1576,13
317,2025-11-26 12:33:05+05:30,1010.6,2,999.73,6297313,399648.0,412814.0,986.2,1012.2,981.3,986.2,120317250,1084.8,887.6,1102.5,649.1,1010.5,52,2,1010.4,1072,6,1010.3,1327,8,1010.2,3021,16,1010.1,2438,21,1010.6,141,3,1010.9,83,6,1011.0,1786,11,1011.1,729,10,1011.2,1576,13
317,2025-11-26 12:33:05+05:30,1010.6,1,999.73,6297316,399644.0,413365.0,986.2,1012.2,981.3,986.2,120317250,1084.8,887.6,1102.5,649.1,1010.5,52,2,1010.4,1026,5,1010.3,1019,5,1010.2,3283,18,1010.1,2438,21,1010.6,219,4,1010.7,45,1,1010.9,254,7,1011.0,1700,10,1011.1,755,12
317,2025-11-26 12:33:06+05:30,1010.5,2,999.73,6297316,399644.0,413365.0,986.2,1012.2,981.3,986.2,120317250,1084.8,887.6,1102.5,649.1,1010.5,52,2,1010.4,1026,5,1010.3,1019,5,1010.2,3283,18,1010.1,2438,21,1010.6,219,4,1010.7,45,1,1010.9,254,7,1011.0,1700,10,1011.1,755,12
317,2025-11-26 12:33:06+05:30,1010.5,2,999.73,6297390,399813.0,413712.0,986.2,1012.2,981.3,986.2,120317250,1084.8,887.6,1102.5,649.1,1010.4,932,5,1010.3,1230,8,1010.2,2985,14,1010.1,2429,21,1010.0,12262,41,1010.5,15,1,1010.6,201,3,1010.7,45,1,1010.9,412,7,1011.0,1778,13
317,2025-11-26 12:33:07+05:30,1010.4,1,999.73,6297391,400040.0,413651.0,986.2,1012.2,981.3,986.2,120317250,1084.8,887.6,1102.5,649.1,1010.4,931,5,1010.3,1247,8,1010.2,3116,15,1010.1,2452,22,1010.0,12319,42,1010.5,15,1,1010.6,201,3,1010.7,45,1,1010.9,412,7,1011.0,1778,13
317,2025-11-26 12:33:08+05:30,1010.4,1,999.73,6297391,400040.0,413651.0,986.2,1012.2,981.3,986.2,120317250,1084.8,887.6,1102.5,649.1,1010.4,931,5,1010.3,1247,8,1010.2,3116,15,1010.1,2452,22,1010.0,12319,42,1010.5,15,1,1010.6,201,3,1010.7,45,1,1010.9,412,7,1011.0,1778,13
317,2025-11-26 12:33:08+05:30,1010.4,1,999.73,6297391,400040.0,413496.0,986.2,1012.2,981.3,986.2,120317250,1084.8,887.6,1102.5,649.1,1010.4,931,5,1010.3,1247,8,1010.2,3116,15,1010.1,2452,22,1010.0,12319,42,1010.5,15,1,1010.6,201,3,1010.7,45,1,1010.9,412,7,1011.0,1778,13
317,2025-11-26 12:33:09+05:30,1010.6,7,999.73,6297391,400040.0,413496.0,986.2,1012.2,981.3,986.2,120317250,1084.8,887.6,1102.5,649.1,1010.4,931,5,1010.3,1247,8,1010.2,3116,15,1010.1,2452,22,1010.0,12319,42,1010.5,15,1,1010.6,201,3,1010.7,45,1,1010.9,412,7,1011.0,1778,13
317,2025-11-26 12:33:09+05:30,1010.6,7,999.73,6298463,394195.0,414075.0,986.2,1012.2,981.3,986.2,120317250,1084.8,887.6,1102.5,649.1,1010.4,868,3,1010.3,238,2,1010.2,332,5,1010.1,1388,14,1010.0,12216,43,1010.7,89,2,1010.8,435,4,1010.9,755,11,1011.0,1972,12,1011.1,844,12
317,2025-11-26 12:33:10+05:30,1010.7,202,999.73,6298463,394195.0,414075.0,986.2,1012.2,981.3,986.2,120317250,1084.8,887.6,1102.5,649.1,1010.4,868,3,1010.3,238,2,1010.2,332,5,1010.1,1388,14,1010.0,12216,43,1010.7,89,2,1010.8,435,4,1010.9,755,11,1011.0,1972,12,1011.1,844,12
317,2025-11-26 12:33:10+05:30,1010.7,202,999.73,6298666,395507.0,412849.0,986.2,1012.2,981.3,986.2,120317250,1084.8,887.6,1102.5,649.1,1010.7,1,1,1010.5,138,1,1010.4,1242,8,1010.3,367,5,1010.2,789,11,1010.9,347,8,1011.0,2085,13,1011.1,755,10,1011.2,1489,10,1011.3,828,16
317,2025-11-26 12:33:11+05:30,1010.7,1,999.73,6298666,395507.0,412849.0,986.2,1012.2,981.3,986.2,120317250,1084.8,887.6,1102.5,649.1,1010.7,1,1,1010.5,138,1,1010.4,1242,8,1010.3,367,5,1010.2,789,11,1010.9,347,8,1011.0,2085,13,1011.1,755,10,1011.2,1489,10,1011.3,828,16
317,2025-11-26 12:33:11+05:30,1010.7,1,999.73,6298669,396016.0,414131.0,986.2,1012.2,981.3,986.2,120317250,1084.8,887.6,1102.5,649.1,1010.4,1284,8,1010.3,546,7,1010.2,1047,12,1010.1,1438,13,1010.0,11918,41,1010.6,28,1,1010.9,304,7,1011.0,1972,13,1011.1,861,11,1011.2,1925,12
317,2025-11-26 12:33:12+05:30,1010.5,4,999.73,6298669,396016.0,414131.0,986.2,1012.2,981.3,986.2,120317250,1084.8,887.6,1102.5,649.1,1010.4,1284,8,1010.3,546,7,1010.2,1047,12,1010.1,1438,13,1010.0,11918,41,1010.6,28,1,1010.9,304,7,1011.0,1972,13,1011.1,861,11,1011.2,1925,12
317,2025-11-26 12:33:12+05:30,1010.5,6,999.73,6298679,398283.0,415068.0,986.2,1012.2,981.3,986.2,120317250,1084.8,887.6,1102.5,649.1,1010.4,880,4,1010.3,621,3,1010.2,1047,12,1010.1,1228,11,1010.0,12027,40,1010.5,119,1,1010.6,28,1,1010.8,202,1,1010.9,502,10,1011.0,2078,14
317,2025-11-26 12:33:13+05:30,1010.5,23,999.73,6298679,398283.0,415068.0,986.2,1012.2,981.3,986.2,120317250,1084.8,887.6,1102.5,649.1,1010.4,880,4,1010.3,621,3,1010.2,1047,12,1010.1,1228,11,1010.0,12027,40,1010.5,119,1,1010.6,28,1,1010.8,202,1,1010.9,502,10,1011.0,2078,14
317,2025-11-26 12:33:13+05:30,1010.5,23,999.73,6298702,398393.0,414999.0,986.2,1012.2,981.3,986.2,120317250,1084.8,887.6,1102.5,649.1,1010.4,880,4,1010.3,682,4,1010.2,1047,12,1010.1,1228,11,1010.0,12137,41,1010.5,101,2,1010.6,28,1,1010.8,202,1,1010.9,563,11,1011.0,2078,14
317,2025-11-26 12:33:14+05:30,1010.6,3,999.73,6298702,398393.0,414999.0,986.2,1012.2,981.3,986.2,120317250,1084.8,887.6,1102.5,649.1,1010.4,880,4,1010.3,682,4,1010.2,1047,12,1010.1,1228,11,1010.0,12137,41,1010.5,101,2,1010.6,28,1,1010.8,202,1,1010.9,563,11,1011.0,2078,14
317,2025-11-26 12:33:15+05:30,1010.6,3,999.73,6298807,395633.0,414750.0,986.2,1012.2,981.3,986.2,120317250,1084.8,887.6,1102.5,649.1,1010.5,10,1,1010.4,880,4,1010.3,173,3,1010.2,951,12,1010.1,1324,11,1010.6,25,1,1010.7,47,1,1010.8,202,1,1010.9,563,11,1011.0,2078,14
317,2025-11-26 12:33:15+05:30,1010.6,2,999.73,6298807,395633.0,414750.0,986.2,1012.2,981.3,986.2,120317250,1084.8,887.6,1102.5,649.1,1010.5,10,1,1010.4,880,4,1010.3,173,3,1010.2,951,12,1010.1,1324,11,1010.6,25,1,1010.7,47,1,1010.8,202,1,1010.9,563,11,1011.0,2078,14
317,2025-11-26 12:33:16+05:30,1010.6,1,999.73,6298810,395545.0,414772.0,986.2,1012.2,981.3,986.2,120317250,1084.8,887.6,1102.5,649.1,1010.5,10,1,1010.4,880,4,1010.3,321,4,1010.2,951,12,1010.1,1324,11,1010.6,22,1,1010.7,47,1,1010.8,202,1,1010.9,563,11,1011.0,2228,15
317,2025-11-26 12:33:16+05:30,1010.4,93,999.73,6298810,395545.0,414772.0,986.2,1012.2,981.3,986.2,120317250,1084.8,887.6,1102.5,649.1,1010.5,10,1,1010.4,880,4,1010.3,321,4,1010.2,951,12,1010.1,1324,11,1010.6,22,1,1010.7,47,1,1010.8,202,1,1010.9,563,11,1011.0,2228,15
317,2025-11-26 12:33:17+05:30,1010.4,93,999.73,6298979,397994.0,414768.0,986.2,1012.2,981.3,986.2,120317250,1084.8,887.6,1102.5,649.1,1010.4,717,4,1010.3,935,6,1010.2,927,11,1010.1,1230,11,1010.0,12061,41,1010.5,22,1,1010.7,47,1,1010.8,202,1,1010.9,572,11,1011.0,2352,16
317,2025-11-26 12:33:17+05:30,1010.4,7,999.73,6298979,397994.0,414768.0,986.2,1012.2,981.3,986.2,120317250,1084.8,887.6,1102.5,649.1,1010.4,717,4,1010.3,935,6,1010.2,927,11,1010.1,1230,11,1010.0,12061,41,1010.5,22,1,1010.7,47,1,1010.8,202,1,1010.9,572,11,1011.0,2352,16
317,2025-11-26 12:33:18+05:30,1010.4,7,999.73,6299019,399638.0,414719.0,986.2,1012.2,981.3,986.2,120317250,1084.8,887.6,1102.5,649.1,1010.4,2742,7,1010.3,277,4,1010.2,927,11,1010.1,1230,11,1010.0,12236,43,1010.5,22,1,1010.7,47,1,1010.8,202,1,1010.9,511,10,1011.0,2259,17
317,2025-11-26 12:33:18+05:30,1010.4,1,999.73,6299019,399638.0,414719.0,986.2,1012.2,981.3,986.2,120317250,1084.8,887.6,1102.5,649.1,1010.4,2742,7,1010.3,277,4,1010.2,927,11,1010.1,1230,11,1010.0,12236,43,1010.5,22,1,1010.7,47,1,1010.8,202,1,1010.9,511,10,1011.0,2259,17
317,2025-11-26 12:33:19+05:30,1010.4,1,999.73,6299020,399637.0,414702.0,986.2,1012.2,981.3,986.2,120317250,1084.8,887.6,1102.5,649.1,1010.4,2741,7,1010.3,158,3,1010.2,1046,12,1010.1,1230,11,1010.0,12236,43,1010.5,151,2,1010.7,47,1,1010.8,327,2,1010.9,511,10,1011.0,2259,17
317,2025-11-26 12:33:20+05:30,1010.5,1,999.73,6299021,399742.0,414697.0,986.2,1012.2,981.3,986.2,120317250,1084.8,887.6,1102.5,649.1,1010.4,2681,6,1010.3,264,4,1010.2,927,11,1010.1,1349,12,1010.0,12236,43,1010.5,150,2,1010.7,47,1,1010.8,327,2,1010.9,511,10,1011.0,2309,18
317,2025-11-26 12:33:20+05:30,1010.5,1,999.73,6299021,399742.0,414697.0,986.2,1012.2,981.3,986.2,120317250,1084.8,887.6,1102.5,649.1,1010.4,2681,6,1010.3,264,4,1010.2,927,11,1010.1,1349,12,1010.0,12236,43,1010.5,150,2,1010.7,47,1,1010.8,327,2,1010.9,511,10,1011.0,2309,18
317,2025-11-26 12:33:21+05:30,1010.5,1,999.73,6299022,399682.0,415084.0,986.2,1012.2,981.3,986.2,120317250,1084.8,887.6,1102.5,649.1,1010.4,2681,6,1010.3,65,2,1010.2,808,10,1010.1,1459,13,1010.0,12236,43,1010.5,150,3,1010.6,45,1,1010.8,327,2,1010.9,537,12,1011.0,2283,16
317,2025-11-26 12:33:21+05:30,1010.5,1,999.73,6299022,399682.0,415084.0,986.2,1012.2,981.3,986.2,120317250,1084.8,887.6,1102.5,649.1,1010.4,2681,6,1010.3,65,2,1010.2,808,10,1010.1,1459,13,1010.0,12236,43,1010.5,150,3,1010.6,45,1,1010.8,327,2,1010.9,537,12,1011.0,2283,16
317,2025-11-26 12:33:22+05:30,1010.4,19,999.73,6301930,392490.0,416352.0,986.2,1012.2,981.3,986.2,120317250,1084.8,887.6,1102.5,649.1,1010.2,617,4,1010.1,524,7,1010.0,11108,34,1009.9,1444,10,1009.8,2630,19,1010.5,110,1,1010.6,171,4,1010.7,334,4,1010.8,771,9,1010.9,999,16
317,2025-11-26 12:33:22+05:30,1010.4,4,999.73,6301930,392490.0,416352.0,986.2,1012.2,981.3,986.2,120317250,1084.8,887.6,1102.5,649.1,1010.2,617,4,1010.1,524,7,1010.0,11108,34,1009.9,1444,10,1009.8,2630,19,1010.5,110,1,1010.6,171,4,1010.7,334,4,1010.8,771,9,1010.9,999,16
317,2025-11-26 12:33:23+05:30,1010.4,23,999.73,6302073,394565.0,415140.0,986.2,1012.2,981.3,986.2,120317250,1084.8,887.6,1102.5,649.1,1010.2,668,5,1010.1,611,8,1010.0,11323,37,1009.9,1397,10,1009.8,2779,20,1010.4,15,2,1010.5,400,1,1010.6,50,2,1010.7,337,4,1010.8,557,7
317,2025-11-26 12:33:23+05:30,1010.2,1,999.73,6302073,394565.0,415140.0,986.2,1012.2,981.3,986.2,120317250,1084.8,887.6,1102.5,649.1,1010.2,668,5,1010.1,611,8,1010.0,11323,37,1009.9,1397,10,1009.8,2779,20,1010.4,15,2,1010.5,400,1,1010.6,50,2,1010.7,337,4,1010.8,557,7
317,2025-11-26 12:33:24+05:30,1010.2,1,999.73,6302074,393934.0,416255.0,986.2,1012.2,981.3,986.2,120317250,1084.8,887.6,1102.5,649.1,1010.2,74,2,1010.1,457,6,1010.0,11004,34,1009.9,1397,10,1009.8,2882,21,1010.3,100,1,1010.4,18,4,1010.5,413,3,1010.6,62,4,1010.7,337,4
317,2025-11-26 12:33:25+05:30,1010.3,3,999.73,6302077,393981.0,416045.0,986.2,1012.2,981.3,986.2,120317250,1084.8,887.6,1102.5,649.1,1010.2,91,3,1010.1,457,6,1010.0,11114,35,1009.9,1427,11,1009.8,2772,20,1010.3,101,3,1010.4,65,5,1010.5,413,3,1010.6,17,3,1010.7,337,4
317,2025-11-26 12:33:25+05:30,1010.3,1,999.73,6302077,393981.0,416045.0,986.2,1012.2,981.3,986.2,120317250,1084.8,887.6,1102.5,649.1,1010.2,91,3,1010.1,457,6,1010.0,11114,35,1009.9,1427,11,1009.8,2772,20,1010.3,101,3,1010.4,65,5,1010.5,413,3,1010.6,17,3,1010.7,337,4
317,2025-11-26 12:33:26+05:30,1010.3,2,999.73,6302123,394005.0,415827.0,986.2,1012.2,981.3,986.2,120317250,1084.8,887.6,1102.5,649.1,1010.2,72,3,1010.1,457,6,1010.0,11114,35,1009.9,1427,11,1009.8,2772,20,1010.3,76,5,1010.4,65,5,1010.5,413,3,1010.6,17,3,1010.7,337,4
317,2025-11-26 12:33:26+05:30,1010.3,1,999.73,6302123,394005.0,415827.0,986.2,1012.2,981.3,986.2,120317250,1084.8,887.6,1102.5,649.1,1010.2,72,3,1010.1,457,6,1010.0,11114,35,1009.9,1427,11,1009.8,2772,20,1010.3,76,5,1010.4,65,5,1010.5,413,3,1010.6,17,3,1010.7,337,4
317,2025-11-26 12:33:27+05:30,1010.2,28,999.73,6302224,393950.0,415821.0,986.2,1012.2,981.3,986.2,120317250,1084.8,887.6,1102.5,649.1,1010.2,63,3,1010.1,411,5,1010.0,11224,36,1009.9,1317,10,1009.8,2772,20,1010.3,75,5,1010.4,75,6,1010.5,413,3,1010.6,17,3,1010.7,337,4
317,2025-11-26 12:33:27+05:30,1010.2,27,999.73,6302224,393950.0,415821.0,986.2,1012.2,981.3,986.2,120317250,1084.8,887.6,1102.5,649.1,1010.2,63,3,1010.1,411,5,1010.0,11224,36,1009.9,1317,10,1009.8,2772,20,1010.3,75,5,1010.4,75,6,1010.5,413,3,1010.6,17,3,1010.7,337,4
317,2025-11-26 12:33:28+05:30,1010.1,25,999.74,6302775,395055.0,415493.0,986.2,1012.2,981.3,986.2,120317250,1084.8,887.6,1102.5,649.1,1010.1,916,7,1010.0,11259,37,1009.9,1346,9,1009.8,3462,14,1009.7,841,13,1010.3,75,5,1010.4,60,4,1010.5,413,3,1010.6,17,3,1010.7,277,4
317,2025-11-26 12:33:28+05:30,1010.1,8,999.74,6302775,395055.0,415493.0,986.2,1012.2,981.3,986.2,120317250,1084.8,887.6,1102.5,649.1,1010.1,916,7,1010.0,11259,37,1009.9,1346,9,1009.8,3462,14,1009.7,841,13,1010.3,75,5,1010.4,60,4,1010.5,413,3,1010.6,17,3,1010.7,277,4
317,2025-11-26 12:33:29+05:30,1010.1,2,999.74,6302827,392971.0,418021.0,986.2,1012.2,981.3,986.2,120317250,1084.8,887.6,1102.5,649.1,1010.1,11,1,1010.0,10763,31,1009.9,611,5,1009.8,1734,12,1009.7,931,8,1010.2,254,2,1010.3,124,7,1010.4,126,4,1010.5,677,6,1010.6,467,9
317,2025-11-26 12:33:29+05:30,1010.1,2,999.74,6302827,392971.0,418021.0,986.2,1012.2,981.3,986.2,120317250,1084.8,887.6,1102.5,649.1,1010.1,11,1,1010.0,10763,31,1009.9,611,5,1009.8,1734,12,1009.7,931,8,1010.2,254,2,1010.3,124,7,1010.4,126,4,1010.5,677,6,1010.6,467,9
317,2025-11-26 12:33:30+05:30,1010.2,27,999.74,6302882,392947.0,417983.0,986.2,1012.2,981.3,986.2,120317250,1084.8,887.6,1102.5,649.1,1010.1,8,1,1010.0,10574,29,1009.9,613,5,1009.8,1181,11,1009.7,1523,10,1010.2,202,2,1010.3,123,6,1010.4,278,5,1010.5,898,8,1010.6,558,10
317,2025-11-26 12:33:30+05:30,1010.2,25,999.74,6302882,392947.0,417983.0,986.2,1012.2,981.3,986.2,120317250,1084.8,887.6,1102.5,649.1,1010.1,8,1,1010.0,10574,29,1009.9,613,5,1009.8,1181,11,1009.7,1523,10,1010.2,202,2,1010.3,123,6,1010.4,278,5,1010.5,898,8,1010.6,558,10
317,2025-11-26 12:33:31+05:30,1010.1,8,999.74,6302916,392981.0,418831.0,986.2,1012.2,981.3,986.2,120317250,1084.8,887.6,1102.5,649.1,1010.0,10534,29,1009.9,508,5,1009.8,1357,12,1009.7,1413,9,1009.6,3486,20,1010.1,1,1,1010.2,178,3,1010.3,122,5,1010.4,164,3,1010.5,891,8
317,2025-11-26 12:33:31+05:30,1010.1,2,999.74,6302916,392981.0,418831.0,986.2,1012.2,981.3,986.2,120317250,1084.8,887.6,1102.5,649.1,1010.0,10534,29,1009.9,508,5,1009.8,1357,12,1009.7,1413,9,1009.6,3486,20,1010.1,1,1,1010.2,178,3,1010.3,122,5,1010.4,164,3,1010.5,891,8
317,2025-11-26 12:33:32+05:30,1010.2,69,999.74,6304338,392463.0,418340.0,986.2,1012.2,981.3,986.2,120317250,1084.8,887.6,1102.5,649.1,1010.0,9305,30,1009.9,295,4,1009.8,1322,13,1009.7,1544,10,1009.6,3482,20,1010.2,13,2,1010.3,122,5,1010.4,359,5,1010.5,1041,10,1010.6,670,12
317,2025-11-26 12:33:32+05:30,1010.2,5,999.74,6304338,392463.0,418340.0,986.2,1012.2,981.3,986.2,120317250,1084.8,887.6,1102.5,649.1,1010.0,9305,30,1009.9,295,4,1009.8,1322,13,1009.7,1544,10,1009.6,3482,20,1010.2,13,2,1010.3,122,5,1010.4,359,5,1010.5,1041,10,1010.6,670,12
317,2025-11-26 12:33:33+05:30,1010.2,21,999.74,6304373,392577.0,418046.0,986.2,1012.2,981.3,986.2,120317250,1084.8,887.6,1102.5,649.1,1010.0,9369,31,1009.9,495,7,1009.8,1425,14,1009.7,1441,9,1009.6,3403,15,1010.2,86,3,1010.3,122,5,1010.4,164,3,1010.5,727,6,1010.6,697,11
317,2025-11-26 12:33:33+05:30,1010.2,21,999.74,6304373,392577.0,418046.0,986.2,1012.2,981.3,986.2,120317250,1084.8,887.6,1102.5,649.1,1010.0,9369,31,1009.9,495,7,1009.8,1425,14,1009.7,1441,9,1009.6,3403,15,1010.2,86,3,1010.3,122,5,1010.4,164,3,1010.5,727,6,1010.6,697,11
317,2025-11-26 12:33:34+05:30,1010.0,20,999.74,6304393,392581.0,418212.0,986.2,1012.2,981.3,986.2,120317250,1084.8,887.6,1102.5,649.1,1010.0,9349,31,1009.9,495,7,1009.8,1322,13,1009.7,1568,11,1009.6,3403,15,1010.2,90,6,1010.3,121,4,1010.4,195,4,1010.5,727,6,1010.6,760,12
317,2025-11-26 12:33:34+05:30,1010.1,4,999.74,6304393,392581.0,418212.0,986.2,1012.2,981.3,986.2,120317250,1084.8,887.6,1102.5,649.1,1010.0,9349,31,1009.9,495,7,1009.8,1322,13,1009.7,1568,11,1009.6,3403,15,1010.2,90,6,1010.3,121,4,1010.4,195,4,1010.5,727,6,1010.6,760,12
317,2025-11-26 12:33:35+05:30,1010.2,28,999.79,6336692,387711.0,416605.0,986.2,1012.2,981.3,986.2,120317250,1084.8,887.6,1102.5,649.1,1010.0,6821,10,1009.9,461,4,1009.8,1154,9,1009.7,1446,9,1009.6,2419,11,1010.3,121,4,1010.4,400,7,1010.5,474,4,1010.6,397,9,1010.7,850,12
317,2025-11-26 12:33:35+05:30,1010.3,9,999.79,6336692,387711.0,416605.0,986.2,1012.2,981.3,986.2,120317250,1084.8,887.6,1102.5,649.1,1010.0,6821,10,1009.9,461,4,1009.8,1154,9,1009.7,1446,9,1009.6,2419,11,1010.3,121,4,1010.4,400,7,1010.5,474,4,1010.6,397,9,1010.7,850,12
317,2025-11-26 12:33:36+05:30,1010.6,101,999.79,6338136,391572.0,413660.0,986.2,1012.2,981.3,986.2,120317250,1084.8,887.6,1102.5,649.1,1010.4,21,2,1010.3,103,1,1010.2,851,5,1010.1,637,5,1010.0,7461,17,1010.7,118,4,1010.8,524,8,1010.9,773,12,1011.0,1964,15,1011.1,677,10
317,2025-11-26 12:33:36+05:30,1010.6,101,999.79,6338136,391572.0,413660.0,986.2,1012.2,981.3,986.2,120317250,1084.8,887.6,1102.5,649.1,1010.4,21,2,1010.3,103,1,1010.2,851,5,1010.1,637,5,1010.0,7461,17,1010.7,118,4,1010.8,524,8,1010.9,773,12,1011.0,1964,15,1011.1,677,10
317,2025-11-26 12:33:37+05:30,1010.9,10,999.79,6338136,391572.0,413660.0,986.2,1012.2,981.3,986.2,120317250,1084.8,887.6,1102.5,649.1,1010.4,21,2,1010.3,103,1,1010.2,851,5,1010.1,637,5,1010.0,7461,17,1010.7,118,4,1010.8,524,8,1010.9,773,12,1011.0,1964,15,1011.1,677,10
317,2025-11-26 12:33:37+05:30,1010.9,10,999.79,6339012,393199.0,411744.0,986.2,1012.2,981.3,986.2,120317250,1084.8,887.6,1102.5,649.1,1010.5,432,6,1010.4,783,3,1010.3,838,7,1010.2,637,7,1010.1,1099,11,1010.9,22,3,1011.0,1616,10,1011.1,708,9,1011.2,757,13,1011.3,997,12
317,2025-11-26 12:33:38+05:30,1010.3,89,999.79,6339012,393199.0,411744.0,986.2,1012.2,981.3,986.2,120317250,1084.8,887.6,1102.5,649.1,1010.5,432,6,1010.4,783,3,1010.3,838,7,1010.2,637,7,1010.1,1099,11,1010.9,22,3,1011.0,1616,10,1011.1,708,9,1011.2,757,13,1011.3,997,12
317,2025-11-26 12:33:38+05:30,1010.3,89,999.8,6339407,387488.0,414715.0,986.2,1012.2,981.3,986.2,120317250,1084.8,887.6,1102.5,649.1,1010.2,1067,7,1010.1,607,6,1010.0,7446,16,1009.9,1315,14,1009.8,1702,12,1010.8,342,5,1010.9,591,12,1011.0,2223,17,1011.1,1162,13,1011.2,2030,19
317,2025-11-26 12:33:39+05:30,1010.3,5,999.8,6339407,387488.0,414715.0,986.2,1012.2,981.3,986.2,120317250,1084.8,887.6,1102.5,649.1,1010.2,1067,7,1010.1,607,6,1010.0,7446,16,1009.9,1315,14,1009.8,1702,12,1010.8,342,5,1010.9,591,12,1011.0,2223,17,1011.1,1162,13,1011.2,2030,19
317,2025-11-26 12:33:39+05:30,1010.3,5,999.8,6339440,388558.0,414823.0,986.2,1012.2,981.3,986.2,120317250,1084.8,887.6,1102.5,649.1,1010.3,98,1,1010.2,1068,7,1010.1,571,6,1010.0,7563,19,1009.9,1325,12,1010.7,4,1,1010.8,1,1,1010.9,358,7,1011.0,2244,16,1011.1,838,10
317,2025-11-26 12:33:40+05:30,1010.2,3,999.8,6339440,388558.0,414823.0,986.2,1012.2,981.3,986.2,120317250,1084.8,887.6,1102.5,649.1,1010.3,98,1,1010.2,1068,7,1010.1,571,6,1010.0,7563,19,1009.9,1325,12,1010.7,4,1,1010.8,1,1,1010.9,358,7,1011.0,2244,16,1011.1,838,10
317,2025-11-26 12:33:41+05:30,1010.7,2,999.8,6339544,389110.0,414405.0,986.2,1012.2,981.3,986.2,120317250,1084.8,887.6,1102.5,649.1,1010.4,102,1,1010.3,973,5,1010.2,632,7,1010.1,571,6,1010.0,7559,19,1010.7,1,1,1010.8,1,1,1010.9,359,8,1011.0,2244,16,1011.1,838,10
317,2025-11-26 12:33:41+05:30,1010.7,1,999.8,6339544,389110.0,414405.0,986.2,1012.2,981.3,986.2,120317250,1084.8,887.6,1102.5,649.1,1010.4,102,1,1010.3,973,5,1010.2,632,7,1010.1,571,6,1010.0,7559,19,1010.7,1,1,1010.8,1,1,1010.9,359,8,1011.0,2244,16,1011.1,838,10
317,2025-11-26 12:33:42+05:30,1010.7,1,999.8,6339555,390462.0,416223.0,986.2,1012.2,981.3,986.2,120317250,1084.8,887.6,1102.5,649.1,1010.3,625,2,1010.2,430,5,1010.1,683,8,1010.0,7559,19,1009.9,1325,12,1010.5,731,1,1010.7,8,3,1010.8,241,4,1010.9,546,11,1011.0,2246,16
317,2025-11-26 12:33:42+05:30,1010.5,5,999.8,6339555,390462.0,416223.0,986.2,1012.2,981.3,986.2,120317250,1084.8,887.6,1102.5,649.1,1010.3,625,2,1010.2,430,5,1010.1,683,8,1010.0,7559,19,1009.9,1325,12,1010.5,731,1,1010.7,8,3,1010.8,241,4,1010.9,546,11,1011.0,2246,16
317,2025-11-26 12:33:43+05:30,1010.3,65,999.8,6339691,390570.0,415646.0,986.2,1012.2,981.3,986.2,120317250,1084.8,887.6,1102.5,649.1,1010.3,734,4,1010.2,505,6,1010.1,607,8,1010.0,7559,19,1009.9,1325,12,1010.5,722,1,1010.7,9,4,1010.8,241,4,1010.9,533,10,1011.0,2246,16
317,2025-11-26 12:33:43+05:30,1010.2,12,999.8,6339691,390570.0,415646.0,986.2,1012.2,981.3,986.2,120317250,1084.8,887.6,1102.5,649.1,1010.3,734,4,1010.2,505,6,1010.1,607,8,1010.0,7559,19,1009.9,1325,12,1010.5,722,1,1010.7,9,4,1010.8,241,4,1010.9,533,10,1011.0,2246,16
317,2025-11-26 12:33:44+05:30,1010.4,114,999.8,6340497,386409.0,420931.0,986.2,1012.2,981.3,986.2,120317250,1084.8,887.6,1102.5,649.1,1010.1,10,1,1010.0,6732,8,1009.9,256,2,1009.8,584,6,1009.7,942,11,1010.4,571,7,1010.5,1231,8,1010.6,621,8,1010.7,993,12,1010.8,1598,17
317,2025-11-26 12:33:44+05:30,1010.4,3,999.8,6340497,386409.0,420931.0,986.2,1012.2,981.3,986.2,120317250,1084.8,887.6,1102.5,649.1,1010.1,10,1,1010.0,6732,8,1009.9,256,2,1009.8,584,6,1009.7,942,11,1010.4,571,7,1010.5,1231,8,1010.6,621,8,1010.7,993,12,1010.8,1598,17
317,2025-11-26 12:33:45+05:30,1010.2,9,999.8,6340509,387138.0,420469.0,986.2,1012.2,981.3,986.2,120317250,1084.8,887.6,1102.5,649.1,1010.2,241,1,1010.1,10,1,1010.0,6985,10,1009.9,256,2,1009.8,682,7,1010.4,83,4,1010.5,906,5,1010.6,563,7,1010.7,688,11,1010.8,1757,18
317,2025-11-26 12:33:45+05:30,1010.4,3,999.8,6340509,387138.0,420469.0,986.2,1012.2,981.3,986.2,120317250,1084.8,887.6,1102.5,649.1,1010.2,241,1,1010.1,10,1,1010.0,6985,10,1009.9,256,2,1009.8,682,7,1010.4,83,4,1010.5,906,5,1010.6,563,7,1010.7,688,11,1010.8,1757,18
317,2025-11-26 12:33:46+05:30,1010.2,15,999.8,6340533,387086.0,421401.0,986.2,1012.2,981.3,986.2,120317250,1084.8,887.6,1102.5,649.1,1010.2,223,1,1010.1,10,1,1010.0,6985,10,1009.9,256,2,1009.8,682,7,1010.4,77,4,1010.5,906,5,1010.6,576,6,1010.7,715,13,1010.8,1757,18
317,2025-11-26 12:33:46+05:30,1010.2,13,999.8,6340533,387086.0,421401.0,986.2,1012.2,981.3,986.2,120317250,1084.8,887.6,1102.5,649.1,1010.2,223,1,1010.1,10,1,1010.0,6985,10,1009.9,256,2,1009.8,682,7,1010.4,77,4,1010.5,906,5,1010.6,576,6,1010.7,715,13,1010.8,1757,18
317,2025-11-26 12:33:47+05:30,1010.2,13,999.8,6340769,388317.0,421447.0,986.2,1012.2,981.3,986.2,120317250,1084.8,887.6,1102.5,649.1,1010.1,10,1,1010.0,6732,8,1009.9,256,2,1009.8,682,7,1009.7,968,14,1010.2,470,2,1010.4,179,5,1010.5,197,4,1010.6,938,9,1010.7,877,14
317,2025-11-26 12:33:47+05:30,1010.2,296,999.8,6340769,388317.0,421447.0,986.2,1012.2,981.3,986.2,120317250,1084.8,887.6,1102.5,649.1,1010.1,10,1,1010.0,6732,8,1009.9,256,2,1009.8,682,7,1009.7,968,14,1010.2,470,2,1010.4,179,5,1010.5,197,4,1010.6,938,9,1010.7,877,14
317,2025-11-26 12:33:48+05:30,1010.1,10,999.8,6341125,387347.0,421524.0,986.2,1012.2,981.3,986.2,120317250,1084.8,887.6,1102.5,649.1,1010.0,6732,8,1009.9,358,3,1009.8,542,5,1009.7,900,11,1009.6,1026,11,1010.2,130,4,1010.4,274,6,1010.5,515,6,1010.6,836,8,1010.7,1078,14
317,2025-11-26 12:33:48+05:30,1010.1,10,999.8,6341125,387347.0,421524.0,986.2,1012.2,981.3,986.2,120317250,1084.8,887.6,1102.5,649.1,1010.0,6732,8,1009.9,358,3,1009.8,542,5,1009.7,900,11,1009.6,1026,11,1010.2,130,4,1010.4,274,6,1010.5,515,6,1010.6,836,8,1010.7,1078,14
317,2025-11-26 12:33:49+05:30,1010.0,152,999.8,6341477,388183.0,422966.0,986.2,1012.2,981.3,986.2,120317250,1084.8,887.6,1102.5,649.1,1010.0,6407,9,1009.9,148,1,1009.8,740,7,1009.7,1024,13,1009.6,962,10,1010.1,8,1,1010.2,130,4,1010.4,353,4,1010.5,628,7,1010.6,1150,11
317,2025-11-26 12:33:49+05:30,1010.2,3,999.8,6341477,388183.0,422966.0,986.2,1012.2,981.3,986.2,120317250,1084.8,887.6,1102.5,649.1,1010.0,6407,9,1009.9,148,1,1009.8,740,7,1009.7,1024,13,1009.6,962,10,1010.1,8,1,1010.2,130,4,1010.4,353,4,1010.5,628,7,1010.6,1150,11
317,2025-11-26 12:33:50+05:30,1010.0,12,999.8,6341936,388612.0,421635.0,986.2,1012.2,981.3,986.2,120317250,1084.8,887.6,1102.5,649.1,1010.0,6381,10,1009.9,440,5,1009.8,721,7,1009.7,1392,12,1009.6,1620,12,1010.2,660,4,1010.4,2,1,1010.5,321,4,1010.6,843,8,1010.7,936,13
317,2025-11-26 12:33:50+05:30,1010.2,19,999.8,6341936,388612.0,421635.0,986.2,1012.2,981.3,986.2,120317250,1084.8,887.6,1102.5,649.1,1010.0,6381,10,1009.9,440,5,1009.8,721,7,1009.7,1392,12,1009.6,1620,12,1010.2,660,4,1010.4,2,1,1010.5,321,4,1010.6,843,8,1010.7,936,13
317,2025-11-26 12:33:51+05:30,1010.2,1,999.8,6342709,388661.0,421659.0,986.2,1012.2,981.3,986.2,120317250,1084.8,887.6,1102.5,649.1,1010.0,6288,10,1009.9,636,7,1009.8,525,5,1009.7,1392,12,1009.6,1620,12,1010.2,759,4,1010.4,2,1,1010.5,321,4,1010.6,647,6,1010.7,1034,14
317,2025-11-26 12:33:51+05:30,1010.0,1760,999.8,6342709,388661.0,421659.0,986.2,1012.2,981.3,986.2,120317250,1084.8,887.6,1102.5,649.1,1010.0,6288,10,1009.9,636,7,1009.8,525,5,1009.7,1392,12,1009.6,1620,12,1010.2,759,4,1010.4,2,1,1010.5,321,4,1010.6,647,6,1010.7,1034,14
317,2025-11-26 12:33:52+05:30,1010.1,275,999.81,6349210,388687.0,420777.0,986.2,1012.2,981.3,986.2,120317250,1084.8,887.6,1102.5,649.1,1010.0,6952,10,1009.9,449,5,1009.8,521,5,1009.7,874,11,1009.6,1719,13,1010.2,56,2,1010.4,204,2,1010.5,299,5,1010.6,711,7,1010.7,936,13
317,2025-11-26 12:33:52+05:30,1010.1,5,999.81,6349210,388687.0,420777.0,986.2,1012.2,981.3,986.2,120317250,1084.8,887.6,1102.5,649.1,1010.0,6952,10,1009.9,449,5,1009.8,521,5,1009.7,874,11,1009.6,1719,13,1010.2,56,2,1010.4,204,2,1010.5,299,5,1010.6,711,7,1010.7,936,13
317,2025-11-26 12:33:53+05:30,1010.1,23,999.81,6349343,390784.0,420747.0,986.2,1012.2,981.3,986.2,120317250,1084.8,887.6,1102.5,649.1,1010.0,6900,10,1009.9,508,6,1009.8,596,5,1009.7,903,12,1009.6,1719,13,1010.1,24,2,1010.2,101,4,1010.4,204,2,1010.5,447,6,1010.6,711,7
317,2025-11-26 12:33:53+05:30,1010.1,23,999.81,6349343,390784.0,420747.0,986.2,1012.2,981.3,986.2,120317250,1084.8,887.6,1102.5,649.1,1010.0,6900,10,1009.9,508,6,1009.8,596,5,1009.7,903,12,1009.6,1719,13,1010.1,24,2,1010.2,101,4,1010.4,204,2,1010.5,447,6,1010.6,711,7
317,2025-11-26 12:33:54+05:30,1010.1,8,999.81,6349645,390758.0,421117.0,986.2,1012.2,981.3,986.2,120317250,1084.8,887.6,1102.5,649.1,1010.0,6900,10,1009.9,510,6,1009.8,594,5,1009.7,903,12,1009.6,1719,13,1010.1,126,3,1010.2,101,4,1010.4,204,2,1010.5,447,6,1010.6,711,7
317,2025-11-26 12:33:54+05:30,1010.1,112,999.81,6349645,390758.0,421117.0,986.2,1012.2,981.3,986.2,120317250,1084.8,887.6,1102.5,649.1,1010.0,6900,10,1009.9,510,6,1009.8,594,5,1009.7,903,12,1009.6,1719,13,1010.1,126,3,1010.2,101,4,1010.4,204,2,1010.5,447,6,1010.6,711,7
317,2025-11-26 12:33:55+05:30,1010.1,12,999.81,6349878,390873.0,421133.0,986.2,1012.2,981.3,986.2,120317250,1084.8,887.6,1102.5,649.1,1010.0,6899,10,1009.9,510,6,1009.8,692,6,1009.7,903,12,1009.6,1777,14,1010.1,48,5,1010.2,101,4,1010.3,1,1,1010.4,204,2,1010.5,384,5
317,2025-11-26 12:33:55+05:30,1010.0,71,999.81,6349878,390873.0,421133.0,986.2,1012.2,981.3,986.2,120317250,1084.8,887.6,1102.5,649.1,1010.0,6899,10,1009.9,510,6,1009.8,692,6,1009.7,903,12,1009.6,1777,14,1010.1,48,5,1010.2,101,4,1010.3,1,1,1010.4,204,2,1010.5,384,5
317,2025-11-26 12:33:56+05:30,1010.1,3,999.81,6351319,392071.0,420921.0,986.2,1012.2,981.3,986.2,120317250,1084.8,887.6,1102.5,649.1,1010.0,8393,9,1009.9,264,4,1009.8,692,6,1009.7,903,12,1009.6,1629,13,1010.1,11,3,1010.2,97,4,1010.3,1,1,1010.4,204,2,1010.5,321,4
317,2025-11-26 12:33:56+05:30,1010.1,9,999.81,6351319,392071.0,420921.0,986.2,1012.2,981.3,986.2,120317250,1084.8,887.6,1102.5,649.1,1010.0,8393,9,1009.9,264,4,1009.8,692,6,1009.7,903,12,1009.6,1629,13,1010.1,11,3,1010.2,97,4,1010.3,1,1,1010.4,204,2,1010.5,321,4
317,2025-11-26 12:33:57+05:30,1010.1,9,999.81,6351506,392200.0,421881.0,986.2,1012.2,981.3,986.2,120317250,1084.8,887.6,1102.5,649.1,1010.0,8128,8,1009.9,510,6,1009.8,692,6,1009.7,903,12,1009.6,1777,14,1010.1,29,3,1010.2,83,3,1010.3,1,1,1010.4,204,2,1010.5,320,3
317,2025-11-26 12:33:58+05:30,1010.0,50,999.82,6351556,392433.0,421945.0,986.2,1012.2,981.3,986.2,120317250,1084.8,887.6,1102.5,649.1,1010.0,8107,9,1009.9,605,7,1009.8,851,7,1009.7,903,12,1009.6,1777,14,1010.1,30,4,1010.2,83,3,1010.3,1,1,1010.4,204,2,1010.5,320,3
317,2025-11-26 12:33:58+05:30,1010.1,8,999.82,6351556,392433.0,421945.0,986.2,1012.2,981.3,986.2,120317250,1084.8,887.6,1102.5,649.1,1010.0,8107,9,1009.9,605,7,1009.8,851,7,1009.7,903,12,1009.6,1777,14,1010.1,30,4,1010.2,83,3,1010.3,1,1,1010.4,204,2,1010.5,320,3
317,2025-11-26 12:33:59+05:30,1010.1,1,999.82,6351577,392362.0,421943.0,986.2,1012.2,981.3,986.2,120317250,1084.8,887.6,1102.5,649.1,1010.0,8166,10,1009.9,605,7,1009.8,851,7,1009.7,903,12,1009.6,1777,14,1010.1,21,4,1010.2,83,3,1010.3,1,1,1010.4,204,2,1010.5,320,3
317,2025-11-26 12:33:59+05:30,1010.0,2,999.82,6351577,392362.0,421943.0,986.2,1012.2,981.3,986.2,120317250,1084.8,887.6,1102.5,649.1,1010.0,8166,10,1009.9,605,7,1009.8,851,7,1009.7,903,12,1009.6,1777,14,1010.1,21,4,1010.2,83,3,1010.3,1,1,1010.4,204,2,1010.5,320,3
317,2025-11-26 12:34:00+05:30,1010.1,1,999.82,6351598,392345.0,421924.0,986.2,1012.2,981.3,986.2,120317250,1084.8,887.6,1102.5,649.1,1010.0,8147,10,1009.9,507,6,1009.8,949,8,1009.7,903,12,1009.6,1777,14,1010.1,14,4,1010.2,83,3,1010.3,1,1,1010.4,204,2,1010.5,320,3
317,2025-11-26 12:34:00+05:30,1010.0,1149,999.82,6351598,392345.0,421924.0,986.2,1012.2,981.3,986.2,120317250,1084.8,887.6,1102.5,649.1,1010.0,8147,10,1009.9,507,6,1009.8,949,8,1009.7,903,12,1009.6,1777,14,1010.1,14,4,1010.2,83,3,1010.3,1,1,1010.4,204,2,1010.5,320,3
317,2025-11-26 12:34:01+05:30,1010.2,52,999.82,6355525,389022.0,420730.0,986.2,1012.2,981.3,986.2,120317250,1084.8,887.6,1102.5,649.1,1010.0,7633,11,1009.9,533,6,1009.8,876,7,1009.7,874,11,1009.6,1886,15,1010.3,1,1,1010.4,111,2,1010.5,357,4,1010.6,743,9,1010.7,943,12
317,2025-11-26 12:34:01+05:30,1010.2,52,999.82,6355525,389022.0,420730.0,986.2,1012.2,981.3,986.2,120317250,1084.8,887.6,1102.5,649.1,1010.0,7633,11,1009.9,533,6,1009.8,876,7,1009.7,874,11,1009.6,1886,15,1010.3,1,1,1010.4,111,2,1010.5,357,4,1010.6,743,9,1010.7,943,12
317,2025-11-26 12:34:02+05:30,1010.1,14,999.82,6355539,391623.0,421646.0,986.2,1012.2,981.3,986.2,120317250,1084.8,887.6,1102.5,649.1,1010.0,7574,10,1009.9,328,4,1009.8,767,6,1009.7,1006,13,1009.6,1886,15,1010.1,243,1,1010.2,79,1,1010.3,1,1,1010.4,382,4,1010.5,357,4
317,2025-11-26 12:34:02+05:30,1010.1,4,999.82,6355539,391623.0,421646.0,986.2,1012.2,981.3,986.2,120317250,1084.8,887.6,1102.5,649.1,1010.0,7574,10,1009.9,328,4,1009.8,767,6,1009.7,1006,13,1009.6,1886,15,1010.1,243,1,1010.2,79,1,1010.3,1,1,1010.4,382,4,1010.5,357,4
317,2025-11-26 12:34:03+05:30,1010.1,23,999.82,6355573,391620.0,423634.0,986.2,1012.2,981.3,986.2,120317250,1084.8,887.6,1102.5,649.1,1010.0,7571,10,1009.9,426,5,1009.8,767,6,1009.7,1006,13,1009.6,1886,15,1010.1,213,2,1010.2,79,1,1010.3,1,1,1010.4,273,3,1010.5,466,5
317,2025-11-26 12:34:03+05:30,1010.1,1,999.82,6355573,391620.0,423634.0,986.2,1012.2,981.3,986.2,120317250,1084.8,887.6,1102.5,649.1,1010.0,7571,10,1009.9,426,5,1009.8,767,6,1009.7,1006,13,1009.6,1886,15,1010.1,213,2,1010.2,79,1,1010.3,1,1,1010.4,273,3,1010.5,466,5
317,2025-11-26 12:34:04+05:30,1010.0,1,999.82,6355590,392105.0,423721.0,986.2,1012.2,981.3,986.2,120317250,1084.8,887.6,1102.5,649.1,1010.0,7568,11,1009.9,426,5,1009.8,985,8,1009.7,897,12,1009.6,2265,15,1010.1,213,3,1010.2,79,1,1010.3,1,1,1010.4,273,3,1010.5,466,5
317,2025-11-26 12:34:04+05:30,1010.0,1,999.82,6355590,392105.0,423721.0,986.2,1012.2,981.3,986.2,120317250,1084.8,887.6,1102.5,649.1,1010.0,7568,11,1009.9,426,5,1009.8,985,8,1009.7,897,12,1009.6,2265,15,1010.1,213,3,1010.2,79,1,1010.3,1,1,1010.4,273,3,1010.5,466,5
317,2025-11-26 12:34:05+05:30,1010.1,2,999.82,6355796,389516.0,424443.0,986.2,1012.2,981.3,986.2,120317250,1084.8,887.6,1102.5,649.1,1010.0,7594,12,1009.9,521,6,1009.8,985,8,1009.7,866,9,1009.6,1734,17,1010.1,11,3,1010.2,112,2,1010.3,1,1,1010.4,2,1,1010.5,397,5
317,2025-11-26 12:34:05+05:30,1010.1,2,999.82,6355796,389516.0,424443.0,986.2,1012.2,981.3,986.2,120317250,1084.8,887.6,1102.5,649.1,1010.0,7594,12,1009.9,521,6,1009.8,985,8,1009.7,866,9,1009.6,1734,17,1010.1,11,3,1010.2,112,2,1010.3,1,1,1010.4,2,1,1010.5,397,5
317,2025-11-26 12:34:06+05:30,1010.0,1,999.82,6355798,389472.0,424722.0,986.2,1012.2,981.3,986.2,120317250,1084.8,887.6,1102.5,649.1,1010.0,7563,11,1009.9,521,6,1009.8,985,8,1009.7,866,9,1009.6,1263,16,1010.1,14,4,1010.2,112,2,1010.4,204,2,1010.5,398,6,1010.6,1301,13
317,2025-11-26 12:34:06+05:30,1010.1,16,999.82,6355798,389472.0,424722.0,986.2,1012.2,981.3,986.2,120317250,1084.8,887.6,1102.5,649.1,1010.0,7563,11,1009.9,521,6,1009.8,985,8,1009.7,866,9,1009.6,1263,16,1010.1,14,4,1010.2,112,2,1010.4,204,2,1010.5,398,6,1010.6,1301,13
317,2025-11-26 12:34:07+05:30,1010.1,16,999.83,6359106,389210.0,424493.0,986.2,1012.2,981.3,986.2,120317250,1084.8,887.6,1102.5,649.1,1010.0,7891,12,1009.9,423,5,1009.8,876,7,1009.7,835,8,1009.6,1263,16,1010.2,33,1,1010.4,313,3,1010.5,334,5,1010.6,1166,10,1010.7,1547,14
317,2025-11-26 12:34:08+05:30,1010.6,76,999.83,6360236,390983.0,419392.0,986.2,1012.2,981.3,986.2,120317250,1084.8,887.6,1102.5,649.1,1010.3,109,1,1010.2,1012,7,1010.1,794,7,1010.0,8371,17,1009.9,729,9,1010.6,11,1,1010.7,277,4,1010.8,424,5,1010.9,871,12,1011.0,2673,21
317,2025-11-26 12:34:08+05:30,1010.6,76,999.83,6360236,390983.0,419392.0,986.2,1012.2,981.3,986.2,120317250,1084.8,887.6,1102.5,649.1,1010.3,109,1,1010.2,1012,7,1010.1,794,7,1010.0,8371,17,1009.9,729,9,1010.6,11,1,1010.7,277,4,1010.8,424,5,1010.9,871,12,1011.0,2673,21
317,2025-11-26 12:34:09+05:30,1010.6,76,999.83,6360236,390907.0,419818.0,986.2,1012.2,981.3,986.2,120317250,1084.8,887.6,1102.5,649.1,1010.3,33,1,1010.2,825,4,1010.1,903,8,1010.0,8503,17,1009.9,755,11,1010.6,34,2,1010.7,277,4,1010.8,547,7,1010.9,934,13,1011.0,2673,21
317,2025-11-26 12:34:09+05:30,1010.3,1,999.83,6360236,390907.0,419818.0,986.2,1012.2,981.3,986.2,120317250,1084.8,887.6,1102.5,649.1,1010.3,33,1,1010.2,825,4,1010.1,903,8,1010.0,8503,17,1009.9,755,11,1010.6,34,2,1010.7,277,4,1010.8,547,7,1010.9,934,13,1011.0,2673,21
317,2025-11-26 12:34:10+05:30,1010.6,1,999.83,6360238,391047.0,420296.0,986.2,1012.2,981.3,986.2,120317250,1084.8,887.6,1102.5,649.1,1010.3,85,3,1010.2,663,3,1010.1,903,8,1010.0,8514,17,1009.9,729,9,1010.6,34,3,1010.7,449,7,1010.8,604,7,1010.9,934,13,1011.0,2673,21
317,2025-11-26 12:34:10+05:30,1010.6,1,999.83,6360238,391047.0,420296.0,986.2,1012.2,981.3,986.2,120317250,1084.8,887.6,1102.5,649.1,1010.3,85,3,1010.2,663,3,1010.1,903,8,1010.0,8514,17,1009.9,729,9,1010.6,34,3,1010.7,449,7,1010.8,604,7,1010.9,934,13,1011.0,2673,21
317,2025-11-26 12:34:11+05:30,1010.6,2,999.83,6360240,391995.0,420748.0,986.2,1012.2,981.3,986.2,120317250,1084.8,887.6,1102.5,649.1,1010.3,85,3,1010.2,663,3,1010.1,1199,10,1010.0,8440,16,1009.9,755,11,1010.5,59,1,1010.6,33,4,1010.7,449,7,1010.8,699,7,1010.9,1465,14
317,2025-11-26 12:34:11+05:30,1010.4,40,999.83,6360240,391995.0,420748.0,986.2,1012.2,981.3,986.2,120317250,1084.8,887.6,1102.5,649.1,1010.3,85,3,1010.2,663,3,1010.1,1199,10,1010.0,8440,16,1009.9,755,11,1010.5,59,1,1010.6,33,4,1010.7,449,7,1010.8,699,7,1010.9,1465,14
317,2025-11-26 12:34:12+05:30,1010.3,1,999.83,6360281,393082.0,420973.0,986.2,1012.2,981.3,986.2,120317250,1084.8,887.6,1102.5,649.1,1010.3,84,3,1010.2,663,3,1010.1,1081,9,1010.0,8586,17,1009.9,755,11,1010.4,55,1,1010.5,59,1,1010.6,33,4,1010.7,395,6,1010.8,495,6
317,2025-11-26 12:34:12+05:30,1010.4,6,999.83,6360281,393082.0,420973.0,986.2,1012.2,981.3,986.2,120317250,1084.8,887.6,1102.5,649.1,1010.3,84,3,1010.2,663,3,1010.1,1081,9,1010.0,8586,17,1009.9,755,11,1010.4,55,1,1010.5,59,1,1010.6,33,4,1010.7,395,6,1010.8,495,6
317,2025-11-26 12:34:13+05:30,1010.4,23,999.83,6360324,393094.0,420007.0,986.2,1012.2,981.3,986.2,120317250,1084.8,887.6,1102.5,649.1,1010.3,74,3,1010.2,663,3,1010.1,1081,9,1010.0,8608,18,1009.9,755,11,1010.4,22,1,1010.5,59,1,1010.6,33,4,1010.7,395,6,1010.8,495,6
317,2025-11-26 12:34:13+05:30,1010.3,167,999.83,6360324,393094.0,420007.0,986.2,1012.2,981.3,986.2,120317250,1084.8,887.6,1102.5,649.1,1010.3,74,3,1010.2,663,3,1010.1,1081,9,1010.0,8608,18,1009.9,755,11,1010.4,22,1,1010.5,59,1,1010.6,33,4,1010.7,395,6,1010.8,495,6
317,2025-11-26 12:34:14+05:30,1010.3,2,999.83,6360529,395405.0,420887.0,986.2,1012.2,981.3,986.2,120317250,1084.8,887.6,1102.5,649.1,1010.2,658,3,1010.1,1066,8,1010.0,8586,17,1009.9,782,12,1009.8,1399,9,1010.3,23,2,1010.4,23,2,1010.5,59,1,1010.6,212,4,1010.7,460,7
317,2025-11-26 12:34:14+05:30,1010.4,27,999.83,6360529,395405.0,420887.0,986.2,1012.2,981.3,986.2,120317250,1084.8,887.6,1102.5,649.1,1010.2,658,3,1010.1,1066,8,1010.0,8586,17,1009.9,782,12,1009.8,1399,9,1010.3,23,2,1010.4,23,2,1010.5,59,1,1010.6,212,4,1010.7,460,7
317,2025-11-26 12:34:15+05:30,1010.4,3,999.83,6360767,393180.0,420389.0,986.2,1012.2,981.3,986.2,120317250,1084.8,887.6,1102.5,649.1,1010.3,38,1,1010.2,658,3,1010.1,1066,8,1010.0,8613,18,1009.9,799,12,1010.4,51,2,1010.5,59,1,1010.6,10,3,1010.7,460,7,1010.8,664,7
317,2025-11-26 12:34:15+05:30,1010.3,1,999.83,6360767,393180.0,420389.0,986.2,1012.2,981.3,986.2,120317250,1084.8,887.6,1102.5,649.1,1010.3,38,1,1010.2,658,3,1010.1,1066,8,1010.0,8613,18,1009.9,799,12,1010.4,51,2,1010.5,59,1,1010.6,10,3,1010.7,460,7,1010.8,664,7
317,2025-11-26 12:34:16+05:30,1010.4,2,999.83,6360771,393052.0,420526.0,986.2,1012.2,981.3,986.2,120317250,1084.8,887.6,1102.5,649.1,1010.3,37,2,1010.2,658,3,1010.1,1065,7,1010.0,8613,18,1009.9,799,12,1010.4,53,3,1010.5,59,1,1010.6,9,2,1010.7,460,7,1010.8,694,9
317,2025-11-26 12:34:16+05:30,1010.3,1,999.83,6360771,393052.0,420526.0,986.2,1012.2,981.3,986.2,120317250,1084.8,887.6,1102.5,649.1,1010.3,37,2,1010.2,658,3,1010.1,1065,7,1010.0,8613,18,1009.9,799,12,1010.4,53,3,1010.5,59,1,1010.6,9,2,1010.7,460,7,1010.8,694,9
317,2025-11-26 12:34:17+05:30,1010.3,1,999.83,6360808,392529.0,420445.0,986.2,1012.2,981.3,986.2,120317250,1084.8,887.6,1102.5,649.1,1010.2,5,1,1010.1,1065,7,1010.0,8586,17,1009.9,773,10,1009.8,873,10,1010.3,11,1,1010.4,5,2,1010.5,59,1,1010.6,211,3,1010.7,475,8
317,2025-11-26 12:34:18+05:30,1010.3,1,999.83,6360808,390989.0,422270.0,986.2,1012.2,981.3,986.2,120317250,1084.8,887.6,1102.5,649.1,1010.1,886,3,1010.0,8221,14,1009.9,938,9,1009.8,873,10,1009.7,1332,14,1010.3,12,2,1010.4,251,4,1010.5,59,1,1010.6,434,5,1010.7,652,10
317,2025-11-26 12:34:18+05:30,1010.3,1,999.83,6360808,390989.0,422270.0,986.2,1012.2,981.3,986.2,120317250,1084.8,887.6,1102.5,649.1,1010.1,886,3,1010.0,8221,14,1009.9,938,9,1009.8,873,10,1009.7,1332,14,1010.3,12,2,1010.4,251,4,1010.5,59,1,1010.6,434,5,1010.7,652,10
317,2025-11-26 12:34:19+05:30,1010.1,1,999.83,6361006,390842.0,422263.0,986.2,1012.2,981.3,986.2,120317250,1084.8,887.6,1102.5,649.1,1010.1,610,4,1010.0,8354,14,1009.9,734,8,1009.8,858,9,1009.7,1481,14,1010.3,11,2,1010.4,250,3,1010.5,59,1,1010.6,434,5,1010.7,652,10
317,2025-11-26 12:34:19+05:30,1010.3,87,999.83,6361006,390842.0,422263.0,986.2,1012.2,981.3,986.2,120317250,1084.8,887.6,1102.5,649.1,1010.1,610,4,1010.0,8354,14,1009.9,734,8,1009.8,858,9,1009.7,1481,14,1010.3,11,2,1010.4,250,3,1010.5,59,1,1010.6,434,5,1010.7,652,10
317,2025-11-26 12:34:20+05:30,1010.3,1,999.83,6361236,390719.0,422239.0,986.2,1012.2,981.3,986.2,120317250,1084.8,887.6,1102.5,649.1,1010.0,8012,13,1009.9,895,9,1009.8,1020,8,1009.7,875,10,1009.6,1624,13,1010.3,8,2,1010.4,255,4,1010.5,221,2,1010.6,517,7,1010.7,894,14
317,2025-11-26 12:34:20+05:30,1010.0,7,999.83,6361236,390719.0,422239.0,986.2,1012.2,981.3,986.2,120317250,1084.8,887.6,1102.5,649.1,1010.0,8012,13,1009.9,895,9,1009.8,1020,8,1009.7,875,10,1009.6,1624,13,1010.3,8,2,1010.4,255,4,1010.5,221,2,1010.6,517,7,1010.7,894,14
317,2025-11-26 12:34:21+05:30,1010.3,1,999.83,6361279,390638.0,422223.0,986.2,1012.2,981.3,986.2,120317250,1084.8,887.6,1102.5,649.1,1010.0,7970,13,1009.9,625,6,1009.8,1208,9,1009.7,875,10,1009.6,1654,14,1010.3,10,3,1010.4,251,3,1010.5,221,2,1010.6,495,6,1010.7,894,14
317,2025-11-26 12:34:21+05:30,1010.0,150,999.83,6361279,390638.0,422223.0,986.2,1012.2,981.3,986.2,120317250,1084.8,887.6,1102.5,649.1,1010.0,7970,13,1009.9,625,6,1009.8,1208,9,1009.7,875,10,1009.6,1654,14,1010.3,10,3,1010.4,251,3,1010.5,221,2,1010.6,495,6,1010.7,894,14
317,2025-11-26 12:34:22+05:30,1010.0,145,999.83,6362150,392398.0,430893.0,986.2,1012.2,981.3,986.2,120317250,1084.8,887.6,1102.5,649.1,1010.0,6890,12,1009.9,516,5,1009.8,1143,8,1009.7,898,11,1009.6,1816,15,1010.1,21,1,1010.3,4,2,1010.4,251,3,1010.5,343,4,1010.6,595,6
317,2025-11-26 12:34:22+05:30,1010.1,4,999.83,6362150,392398.0,430893.0,986.2,1012.2,981.3,986.2,120317250,1084.8,887.6,1102.5,649.1,1010.0,6890,12,1009.9,516,5,1009.8,1143,8,1009.7,898,11,1009.6,1816,15,1010.1,21,1,1010.3,4,2,1010.4,251,3,1010.5,343,4,1010.6,595,6
317,2025-11-26 12:34:23+05:30,1010.1,17,999.83,6362417,392953.0,430135.0,986.2,1012.2,981.3,986.2,120317250,1084.8,887.6,1102.5,649.1,1010.0,7321,15,1009.9,704,6,1009.8,955,7,1009.7,898,11,1009.6,1654,14,1010.1,4,1,1010.2,42,1,1010.3,4,2,1010.4,200,1,1010.5,59,1
317,2025-11-26 12:34:23+05:30,1010.1,17,999.83,6362417,392953.0,430135.0,986.2,1012.2,981.3,986.2,120317250,1084.8,887.6,1102.5,649.1,1010.0,7321,15,1009.9,704,6,1009.8,955,7,1009.7,898,11,1009.6,1654,14,1010.1,4,1,1010.2,42,1,1010.3,4,2,1010.4,200,1,1010.5,59,1
317,2025-11-26 12:34:24+05:30,1010.1,17,999.83,6362417,392908.0,430175.0,986.2,1012.2,981.3,986.2,120317250,1084.8,887.6,1102.5,649.1,1010.0,7387,16,1009.9,704,6,1009.8,955,7,1009.7,898,11,1009.6,1654,14,1010.1,6,2,1010.2,42,1,1010.3,4,2,1010.4,200,1,1010.5,221,2
317,2025-11-26 12:34:25+05:30,1010.1,1,999.83,6362748,394707.0,430051.0,986.2,1012.2,981.3,986.2,120317250,1084.8,887.6,1102.5,649.1,1010.0,9140,15,1009.9,704,6,1009.8,793,8,1009.7,1466,11,1009.6,1959,15,1010.1,1,1,1010.2,42,1,1010.3,1,1,1010.4,200,1,1010.5,221,2
317,2025-11-26 12:34:25+05:30,1010.1,23,999.83,6362748,394707.0,430051.0,986.2,1012.2,981.3,986.2,120317250,1084.8,887.6,1102.5,649.1,1010.0,9140,15,1009.9,704,6,1009.8,793,8,1009.7,1466,11,1009.6,1959,15,1010.1,1,1,1010.2,42,1,1010.3,1,1,1010.4,200,1,1010.5,221,2
317,2025-11-26 12:34:26+05:30,1010.0,136,999.83,6362947,394240.0,429500.0,986.2,1012.2,981.3,986.2,120317250,1084.8,887.6,1102.5,649.1,1010.0,8912,14,1009.9,602,5,1009.8,767,6,1009.7,1681,13,1009.6,1082,13,1010.1,5,1,1010.2,42,1,1010.3,1,1,1010.4,205,2,1010.5,236,3
317,2025-11-26 12:34:26+05:30,1010.0,8,999.83,6362947,394240.0,429500.0,986.2,1012.2,981.3,986.2,120317250,1084.8,887.6,1102.5,649.1,1010.0,8912,14,1009.9,602,5,1009.8,767,6,1009.7,1681,13,1009.6,1082,13,1010.1,5,1,1010.2,42,1,1010.3,1,1,1010.4,205,2,1010.5,236,3
317,2025-11-26 12:34:27+05:30,1010.0,8,999.83,6362994,394478.0,430078.0,986.2,1012.2,981.3,986.2,120317250,1084.8,887.6,1102.5,649.1,1010.0,8703,13,1009.9,516,5,1009.8,1143,8,1009.7,940,11,1009.6,1797,15,1010.1,5,1,1010.2,42,1,1010.4,205,2,1010.5,236,3,1010.6,408,4
317,2025-11-26 12:34:27+05:30,1010.0,200,999.83,6362994,394478.0,430078.0,986.2,1012.2,981.3,986.2,120317250,1084.8,887.6,1102.5,649.1,1010.0,8703,13,1009.9,516,5,1009.8,1143,8,1009.7,940,11,1009.6,1797,15,1010.1,5,1,1010.2,42,1,1010.4,205,2,1010.5,236,3,1010.6,408,4
317,2025-11-26 12:34:28+05:30,1010.0,40,999.83,6363236,393943.0,430052.0,986.2,1012.2,981.3,986.2,120317250,1084.8,887.6,1102.5,649.1,1010.0,8462,14,1009.9,162,1,1009.8,859,6,1009.7,1138,12,1009.6,1797,15,1010.1,5,1,1010.2,42,1,1010.4,207,2,1010.5,236,3,1010.6,408,4
317,2025-11-26 12:34:28+05:30,1010.0,8,999.83,6363236,393943.0,430052.0,986.2,1012.2,981.3,986.2,120317250,1084.8,887.6,1102.5,649.1,1010.0,8462,14,1009.9,162,1,1009.8,859,6,1009.7,1138,12,1009.6,1797,15,1010.1,5,1,1010.2,42,1,1010.4,207,2,1010.5,236,3,1010.6,408,4
317,2025-11-26 12:34:29+05:30,1010.0,2,999.83,6363246,393948.0,430081.0,986.2,1012.2,981.3,986.2,120317250,1084.8,887.6,1102.5,649.1,1010.0,8452,14,1009.9,162,1,1009.8,954,7,1009.7,1138,12,1009.6,1797,15,1010.1,5,1,1010.2,42,1,1010.4,207,2,1010.5,236,3,1010.6,436,6
317,2025-11-26 12:34:29+05:30,1010.0,300,999.83,6363246,393948.0,430081.0,986.2,1012.2,981.3,986.2,120317250,1084.8,887.6,1102.5,649.1,1010.0,8452,14,1009.9,162,1,1009.8,954,7,1009.7,1138,12,1009.6,1797,15,1010.1,5,1,1010.2,42,1,1010.4,207,2,1010.5,236,3,1010.6,436,6
317,2025-11-26 12:34:30+05:30,1010.1,29,999.83,6363612,394174.0,429573.0,986.2,1012.2,981.3,986.2,120317250,1084.8,887.6,1102.5,649.1,1010.0,8563,17,1009.9,713,6,1009.8,766,6,1009.7,927,10,1009.6,1635,14,1010.1,7,1,1010.2,42,1,1010.5,221,2,1010.6,310,5,1010.7,771,14
317,2025-11-26 12:34:30+05:30,1010.0,100,999.83,6363612,394174.0,429573.0,986.2,1012.2,981.3,986.2,120317250,1084.8,887.6,1102.5,649.1,1010.0,8563,17,1009.9,713,6,1009.8,766,6,1009.7,927,10,1009.6,1635,14,1010.1,7,1,1010.2,42,1,1010.5,221,2,1010.6,310,5,1010.7,771,14
317,2025-11-26 12:34:31+05:30,1010.0,22,999.83,6363743,392661.0,429719.0,986.2,1012.2,981.3,986.2,120317250,1084.8,887.6,1102.5,649.1,1010.0,6984,15,1009.9,712,6,1009.8,949,7,1009.7,949,11,1009.6,1663,15,1010.1,7,2,1010.2,42,1,1010.5,221,2,1010.6,417,6,1010.7,771,14
317,2025-11-26 12:34:31+05:30,1010.1,9,999.83,6363743,392661.0,429719.0,986.2,1012.2,981.3,986.2,120317250,1084.8,887.6,1102.5,649.1,1010.0,6984,15,1009.9,712,6,1009.8,949,7,1009.7,949,11,1009.6,1663,15,1010.1,7,2,1010.2,42,1,1010.5,221,2,1010.6,417,6,1010.7,771,14
317,2025-11-26 12:34:32+05:30,1010.2,4,999.84,6364366,391446.0,429924.0,986.2,1012.2,981.3,986.2,120317250,1084.8,887.6,1102.5,649.1,1010.0,6514,17,1009.9,710,6,1009.8,984,9,1009.7,1506,13,1009.6,2530,14,1010.2,38,1,1010.5,321,3,1010.6,417,6,1010.7,771,14,1010.8,2037,15
317,2025-11-26 12:34:32+05:30,1010.2,5,999.84,6364366,391446.0,429924.0,986.2,1012.2,981.3,986.2,120317250,1084.8,887.6,1102.5,649.1,1010.0,6514,17,1009.9,710,6,1009.8,984,9,1009.7,1506,13,1009.6,2530,14,1010.2,38,1,1010.5,321,3,1010.6,417,6,1010.7,771,14,1010.8,2037,15
317,2025-11-26 12:34:33+05:30,1010.2,23,999.84,6364366,391446.0,429924.0,986.2,1012.2,981.3,986.2,120317250,1084.8,887.6,1102.5,649.1,1010.0,6514,17,1009.9,710,6,1009.8,984,9,1009.7,1506,13,1009.6,2530,14,1010.2,38,1,1010.5,321,3,1010.6,417,6,1010.7,771,14,1010.8,2037,15
317,2025-11-26 12:34:33+05:30,1010.2,23,999.84,6364394,392078.0,429638.0,986.2,1012.2,981.3,986.2,120317250,1084.8,887.6,1102.5,649.1,1010.0,6580,18,1009.9,893,7,1009.8,801,8,1009.7,1506,13,1009.6,2530,14,1010.2,14,3,1010.5,159,2,1010.6,417,6,1010.7,771,14,1010.8,2037,15
317,2025-11-26 12:34:34+05:30,1010.1,27,999.84,6364394,392078.0,429638.0,986.2,1012.2,981.3,986.2,120317250,1084.8,887.6,1102.5,649.1,1010.0,6580,18,1009.9,893,7,1009.8,801,8,1009.7,1506,13,1009.6,2530,14,1010.2,14,3,1010.5,159,2,1010.6,417,6,1010.7,771,14,1010.8,2037,15
317,2025-11-26 12:34:35+05:30,1010.1,27,999.84,6364557,389198.0,430428.0,986.2,1012.2,981.3,986.2,120317250,1084.8,887.6,1102.5,649.1,1010.1,85,1,1010.0,6329,17,1009.9,710,6,1009.8,794,7,1009.7,1058,11,1010.2,4,2,1010.5,706,5,1010.6,417,6,1010.7,771,14,1010.8,2129,18
317,2025-11-26 12:34:35+05:30,1010.2,3,999.84,6364557,389198.0,430428.0,986.2,1012.2,981.3,986.2,120317250,1084.8,887.6,1102.5,649.1,1010.1,85,1,1010.0,6329,17,1009.9,710,6,1009.8,794,7,1009.7,1058,11,1010.2,4,2,1010.5,706,5,1010.6,417,6,1010.7,771,14,1010.8,2129,18
317,2025-11-26 12:34:35+05:30,1010.4,1,999.84,6364592,389935.0,428822.0,986.2,1012.2,981.3,986.2,120317250,1084.8,887.6,1102.5,649.1,1010.1,638,3,1010.0,6516,19,1009.9,707,6,1009.8,781,7,1009.7,1123,12,1010.4,4,1,1010.5,320,3,1010.6,641,6,1010.7,842,14,1010.8,1308,16
317,2025-11-26 12:34:36+05:30,1010.4,1,999.84,6364592,389935.0,428822.0,986.2,1012.2,981.3,986.2,120317250,1084.8,887.6,1102.5,649.1,1010.1,638,3,1010.0,6516,19,1009.9,707,6,1009.8,781,7,1009.7,1123,12,1010.4,4,1,1010.5,320,3,1010.6,641,6,1010.7,842,14,1010.8,1308,16
317,2025-11-26 12:34:36+05:30,1010.4,1,999.84,6364597,389877.0,429098.0,986.2,1012.2,981.3,986.2,120317250,1084.8,887.6,1102.5,649.1,1010.1,704,4,1010.0,6516,19,1009.9,890,7,1009.8,781,7,1009.7,1493,12,1010.4,6,2,1010.5,320,3,1010.6,392,3,1010.7,960,14,1010.8,1309,17
317,2025-11-26 12:34:37+05:30,1010.4,1,999.84,6364597,389877.0,429098.0,986.2,1012.2,981.3,986.2,120317250,1084.8,887.6,1102.5,649.1,1010.1,704,4,1010.0,6516,19,1009.9,890,7,1009.8,781,7,1009.7,1493,12,1010.4,6,2,1010.5,320,3,1010.6,392,3,1010.7,960,14,1010.8,1309,17
317,2025-11-26 12:34:38+05:30,1010.4,1,999.84,6364598,390570.0,429385.0,986.2,1012.2,981.3,986.2,120317250,1084.8,887.6,1102.5,649.1,1010.1,935,5,1010.0,6747,20,1009.9,1121,8,1009.8,781,7,1009.7,1493,12,1010.4,7,4,1010.5,320,3,1010.6,323,2,1010.7,772,12,1010.8,1495,19
317,2025-11-26 12:34:38+05:30,1010.4,1,999.84,6364598,390570.0,429385.0,986.2,1012.2,981.3,986.2,120317250,1084.8,887.6,1102.5,649.1,1010.1,935,5,1010.0,6747,20,1009.9,1121,8,1009.8,781,7,1009.7,1493,12,1010.4,7,4,1010.5,320,3,1010.6,323,2,1010.7,772,12,1010.8,1495,19
317,2025-11-26 12:34:39+05:30,1010.4,1,999.84,6364605,390725.0,429190.0,986.2,1012.2,981.3,986.2,120317250,1084.8,887.6,1102.5,649.1,1010.1,1032,6,1010.0,7187,23,1009.9,938,7,1009.8,781,7,1009.7,1493,12,1010.4,2,2,1010.5,159,2,1010.6,323,2,1010.7,585,11,1010.8,1495,19
317,2025-11-26 12:34:39+05:30,1010.4,1,999.84,6364605,390725.0,429190.0,986.2,1012.2,981.3,986.2,120317250,1084.8,887.6,1102.5,649.1,1010.1,1032,6,1010.0,7187,23,1009.9,938,7,1009.8,781,7,1009.7,1493,12,1010.4,2,2,1010.5,159,2,1010.6,323,2,1010.7,585,11,1010.8,1495,19
317,2025-11-26 12:34:39+05:30,1010.4,1,999.84,6364605,389945.0,429216.0,986.2,1012.2,981.3,986.2,120317250,1084.8,887.6,1102.5,649.1,1010.1,1032,6,1010.0,6974,22,1009.9,1121,8,1009.8,781,7,1009.7,1493,12,1010.4,3,3,1010.5,159,2,1010.6,323,2,1010.7,585,11,1010.8,1520,20
317,2025-11-26 12:34:40+05:30,1010.4,1,999.84,6364605,389945.0,429216.0,986.2,1012.2,981.3,986.2,120317250,1084.8,887.6,1102.5,649.1,1010.1,1032,6,1010.0,6974,22,1009.9,1121,8,1009.8,781,7,1009.7,1493,12,1010.4,3,3,1010.5,159,2,1010.6,323,2,1010.7,585,11,1010.8,1520,20
317,2025-11-26 12:34:40+05:30,1010.4,2,999.84,6364605,389945.0,429216.0,986.2,1012.2,981.3,986.2,120317250,1084.8,887.6,1102.5,649.1,1010.1,1032,6,1010.0,6974,22,1009.9,1121,8,1009.8,781,7,1009.7,1493,12,1010.4,3,3,1010.5,159,2,1010.6,323,2,1010.7,585,11,1010.8,1520,20
317,2025-11-26 12:34:40+05:30,1010.4,1,999.84,6364612,390052.0,428410.0,986.2,1012.2,981.3,986.2,120317250,1084.8,887.6,1102.5,649.1,1010.1,929,5,1010.0,6783,19,1009.9,1020,8,1009.8,781,7,1009.7,1493,12,1010.5,159,2,1010.6,509,5,1010.7,504,9,1010.8,704,15,1010.9,1184,16
317,2025-11-26 12:34:40+05:30,1010.4,1,999.84,6364612,390052.0,428410.0,986.2,1012.2,981.3,986.2,120317250,1084.8,887.6,1102.5,649.1,1010.1,929,5,1010.0,6783,19,1009.9,1020,8,1009.8,781,7,1009.7,1493,12,1010.5,159,2,1010.6,509,5,1010.7,504,9,1010.8,704,15,1010.9,1184,16
317,2025-11-26 12:34:41+05:30,1010.4,1,999.84,6364612,390052.0,428410.0,986.2,1012.2,981.3,986.2,120317250,1084.8,887.6,1102.5,649.1,1010.1,929,5,1010.0,6783,19,1009.9,1020,8,1009.8,781,7,1009.7,1493,12,1010.5,159,2,1010.6,509,5,1010.7,504,9,1010.8,704,15,1010.9,1184,16
317,2025-11-26 12:34:41+05:30,1010.5,1,999.84,6364613,391195.0,429071.0,986.2,1012.2,981.3,986.2,120317250,1084.8,887.6,1102.5,649.1,1010.1,992,6,1010.0,6840,19,1009.9,1020,8,1009.8,781,7,1009.7,1506,13,1010.3,18,1,1010.5,167,4,1010.6,341,4,1010.7,779,10,1010.8,1044,18
317,2025-11-26 12:34:41+05:30,1010.5,1,999.84,6364613,391195.0,429071.0,986.2,1012.2,981.3,986.2,120317250,1084.8,887.6,1102.5,649.1,1010.1,992,6,1010.0,6840,19,1009.9,1020,8,1009.8,781,7,1009.7,1506,13,1010.3,18,1,1010.5,167,4,1010.6,341,4,1010.7,779,10,1010.8,1044,18
317,2025-11-26 12:34:41+05:30,1010.5,1,999.84,6364613,391195.0,429071.0,986.2,1012.2,981.3,986.2,120317250,1084.8,887.6,1102.5,649.1,1010.1,992,6,1010.0,6840,19,1009.9,1020,8,1009.8,781,7,1009.7,1506,13,1010.3,18,1,1010.5,167,4,1010.6,341,4,1010.7,779,10,1010.8,1044,18
317,2025-11-26 12:34:41+05:30,1010.5,1,999.84,6364613,391195.0,429071.0,986.2,1012.2,981.3,986.2,120317250,1084.8,887.6,1102.5,649.1,1010.1,992,6,1010.0,6840,19,1009.9,1020,8,1009.8,781,7,1009.7,1506,13,1010.3,18,1,1010.5,167,4,1010.6,341,4,1010.7,779,10,1010.8,1044,18
317,2025-11-26 12:34:42+05:30,1010.5,1,999.84,6364613,391195.0,429071.0,986.2,1012.2,981.3,986.2,120317250,1084.8,887.6,1102.5,649.1,1010.1,992,6,1010.0,6840,19,1009.9,1020,8,1009.8,781,7,1009.7,1506,13,1010.3,18,1,1010.5,167,4,1010.6,341,4,1010.7,779,10,1010.8,1044,18
317,2025-11-26 12:34:42+05:30,1010.3,5,999.84,6364832,389608.0,429630.0,986.2,1012.2,981.3,986.2,120317250,1084.8,887.6,1102.5,649.1,1010.1,187,1,1010.0,5610,17,1009.9,1188,9,1009.8,781,7,1009.7,1504,13,1010.3,9,1,1010.5,167,4,1010.6,328,3,1010.7,670,10,1010.8,1669,17
317,2025-11-26 12:34:42+05:30,1010.3,5,999.84,6364832,389608.0,429630.0,986.2,1012.2,981.3,986.2,120317250,1084.8,887.6,1102.5,649.1,1010.1,187,1,1010.0,5610,17,1009.9,1188,9,1009.8,781,7,1009.7,1504,13,1010.3,9,1,1010.5,167,4,1010.6,328,3,1010.7,670,10,1010.8,1669,17
317,2025-11-26 12:34:42+05:30,1010.3,5,999.84,6364832,389608.0,429630.0,986.2,1012.2,981.3,986.2,120317250,1084.8,887.6,1102.5,649.1,1010.1,187,1,1010.0,5610,17,1009.9,1188,9,1009.8,781,7,1009.7,1504,13,1010.3,9,1,1010.5,167,4,1010.6,328,3,1010.7,670,10,1010.8,1669,17
317,2025-11-26 12:34:43+05:30,1010.3,5,999.84,6364832,389608.0,429630.0,986.2,1012.2,981.3,986.2,120341250,1084.8,887.6,1102.5,649.1,1010.1,187,1,1010.0,5610,17,1009.9,1188,9,1009.8,781,7,1009.7,1504,13,1010.3,9,1,1010.5,167,4,1010.6,328,3,1010.7,670,10,1010.8,1669,17
317,2025-11-26 12:34:43+05:30,1010.3,2,999.84,6364832,389608.0,429630.0,986.2,1012.2,981.3,986.2,120341250,1084.8,887.6,1102.5,649.1,1010.1,187,1,1010.0,5610,17,1009.9,1188,9,1009.8,781,7,1009.7,1504,13,1010.3,9,1,1010.5,167,4,1010.6,328,3,1010.7,670,10,1010.8,1669,17
317,2025-11-26 12:34:43+05:30,1010.3,2,999.84,6364873,389732.0,429660.0,986.2,1012.2,981.3,986.2,120341250,1084.8,887.6,1102.5,649.1,1010.1,186,1,1010.0,5512,16,1009.9,925,7,1009.8,851,7,1009.7,1467,10,1010.3,22,3,1010.5,223,6,1010.6,439,6,1010.7,670,10,1010.8,1665,15
317,2025-11-26 12:34:43+05:30,1010.3,2,999.84,6364873,389732.0,429660.0,986.2,1012.2,981.3,986.2,120341250,1084.8,887.6,1102.5,649.1,1010.1,186,1,1010.0,5512,16,1009.9,925,7,1009.8,851,7,1009.7,1467,10,1010.3,22,3,1010.5,223,6,1010.6,439,6,1010.7,670,10,1010.8,1665,15
317,2025-11-26 12:34:44+05:30,1010.3,3,999.84,6364873,389732.0,429660.0,986.2,1012.2,981.3,986.2,120341250,1084.8,887.6,1102.5,649.1,1010.1,186,1,1010.0,5512,16,1009.9,925,7,1009.8,851,7,1009.7,1467,10,1010.3,22,3,1010.5,223,6,1010.6,439,6,1010.7,670,10,1010.8,1665,15
317,2025-11-26 12:34:44+05:30,1010.3,3,999.84,6365020,387440.0,432741.0,986.2,1012.2,981.3,986.2,120341250,1084.8,887.6,1102.5,649.1,1010.1,42,1,1010.0,5284,14,1009.9,499,3,1009.8,506,4,1009.7,1453,10,1010.3,158,7,1010.4,555,5,1010.5,925,12,1010.6,879,9,1010.7,1046,14
317,2025-11-26 12:34:45+05:30,1010.3,2,999.84,6365020,387440.0,432741.0,986.2,1012.2,981.3,986.2,120341250,1084.8,887.6,1102.5,649.1,1010.1,42,1,1010.0,5284,14,1009.9,499,3,1009.8,506,4,1009.7,1453,10,1010.3,158,7,1010.4,555,5,1010.5,925,12,1010.6,879,9,1010.7,1046,14
317,2025-11-26 12:34:46+05:30,1010.3,1,999.84,6365023,388150.0,432103.0,986.2,1012.2,981.3,986.2,120341250,1084.8,887.6,1102.5,649.1,1010.1,42,1,1010.0,5284,14,1009.9,426,3,1009.8,511,5,1009.7,926,11,1010.3,19,6,1010.4,629,4,1010.5,1035,12,1010.6,677,8,1010.7,844,13
317,2025-11-26 12:34:46+05:30,1010.0,59,999.84,6365023,388150.0,432103.0,986.2,1012.2,981.3,986.2,120341250,1084.8,887.6,1102.5,649.1,1010.1,42,1,1010.0,5284,14,1009.9,426,3,1009.8,511,5,1009.7,926,11,1010.3,19,6,1010.4,629,4,1010.5,1035,12,1010.6,677,8,1010.7,844,13
317,2025-11-26 12:34:47+05:30,1010.0,59,999.84,6365124,391550.0,433317.0,986.2,1012.2,981.3,986.2,120341250,1084.8,887.6,1102.5,649.1,1010.0,5305,15,1009.9,580,4,1009.8,958,10,1009.7,1474,12,1009.6,1714,13,1010.1,10,1,1010.3,15,7,1010.4,97,1,1010.5,815,8,1010.6,799,9
317,2025-11-26 12:34:47+05:30,1010.0,34,999.84,6365124,391550.0,433317.0,986.2,1012.2,981.3,986.2,120341250,1084.8,887.6,1102.5,649.1,1010.0,5305,15,1009.9,580,4,1009.8,958,10,1009.7,1474,12,1009.6,1714,13,1010.1,10,1,1010.3,15,7,1010.4,97,1,1010.5,815,8,1010.6,799,9
317,2025-11-26 12:34:48+05:30,1010.0,34,999.84,6365182,391258.0,433538.0,986.2,1012.2,981.3,986.2,120341250,1084.8,887.6,1102.5,649.1,1010.0,5167,14,1009.9,393,2,1009.8,611,7,1009.7,1262,13,1009.6,1725,14,1010.1,63,2,1010.2,46,1,1010.3,10,6,1010.4,311,3,1010.5,878,9
317,2025-11-26 12:34:48+05:30,1010.0,1,999.84,6365182,391258.0,433538.0,986.2,1012.2,981.3,986.2,120341250,1084.8,887.6,1102.5,649.1,1010.0,5167,14,1009.9,393,2,1009.8,611,7,1009.7,1262,13,1009.6,1725,14,1010.1,63,2,1010.2,46,1,1010.3,10,6,1010.4,311,3,1010.5,878,9
317,2025-11-26 12:34:49+05:30,1010.0,4,999.84,6365200,391429.0,433362.0,986.2,1012.2,981.3,986.2,120341250,1084.8,887.6,1102.5,649.1,1010.0,5149,14,1009.9,393,2,1009.8,513,6,1009.7,1197,12,1009.6,1754,15,1010.1,63,2,1010.2,46,1,1010.3,8,4,1010.4,378,5,1010.5,878,9
317,2025-11-26 12:34:49+05:30,1010.0,1,999.84,6365200,391429.0,433362.0,986.2,1012.2,981.3,986.2,120341250,1084.8,887.6,1102.5,649.1,1010.0,5149,14,1009.9,393,2,1009.8,513,6,1009.7,1197,12,1009.6,1754,15,1010.1,63,2,1010.2,46,1,1010.3,8,4,1010.4,378,5,1010.5,878,9
317,2025-11-26 12:34:50+05:30,1010.0,5,999.84,6365206,391722.0,433144.0,986.2,1012.2,981.3,986.2,120341250,1084.8,887.6,1102.5,649.1,1010.0,5156,15,1009.9,475,3,1009.8,947,9,1009.7,1415,12,1009.6,1754,15,1010.1,63,2,1010.2,46,1,1010.3,7,3,1010.4,378,5,1010.5,878,9
317,2025-11-26 12:34:50+05:30,1010.0,136,999.84,6365206,391722.0,433144.0,986.2,1012.2,981.3,986.2,120341250,1084.8,887.6,1102.5,649.1,1010.0,5156,15,1009.9,475,3,1009.8,947,9,1009.7,1415,12,1009.6,1754,15,1010.1,63,2,1010.2,46,1,1010.3,7,3,1010.4,378,5,1010.5,878,9
317,2025-11-26 12:34:51+05:30,1010.1,1,999.84,6365355,392568.0,433250.0,986.2,1012.2,981.3,986.2,120341250,1084.8,887.6,1102.5,649.1,1010.0,5009,15,1009.9,472,3,1009.8,779,8,1009.7,1451,12,1009.6,1901,15,1010.1,62,3,1010.2,46,1,1010.3,7,3,1010.4,536,6,1010.5,878,9
317,2025-11-26 12:34:51+05:30,1010.1,18,999.84,6365355,392568.0,433250.0,986.2,1012.2,981.3,986.2,120341250,1084.8,887.6,1102.5,649.1,1010.0,5009,15,1009.9,472,3,1009.8,779,8,1009.7,1451,12,1009.6,1901,15,1010.1,62,3,1010.2,46,1,1010.3,7,3,1010.4,536,6,1010.5,878,9
317,2025-11-26 12:34:52+05:30,1010.1,18,999.84,6365790,388639.0,433231.0,986.2,1012.2,981.3,986.2,120341250,1084.8,887.6,1102.5,649.1,1010.1,355,1,1010.0,3765,15,1009.9,393,2,1009.8,779,8,1009.7,861,10,1010.2,46,1,1010.3,6,2,1010.4,366,4,1010.5,1036,10,1010.6,798,8
317,2025-11-26 12:34:52+05:30,1010.2,5,999.84,6365790,388639.0,433231.0,986.2,1012.2,981.3,986.2,120341250,1084.8,887.6,1102.5,649.1,1010.1,355,1,1010.0,3765,15,1009.9,393,2,1009.8,779,8,1009.7,861,10,1010.2,46,1,1010.3,6,2,1010.4,366,4,1010.5,1036,10,1010.6,798,8
317,2025-11-26 12:34:53+05:30,1010.2,5,999.84,6365919,388680.0,433151.0,986.2,1012.2,981.3,986.2,120341250,1084.8,887.6,1102.5,649.1,1010.1,273,3,1010.0,3752,14,1009.9,504,3,1009.8,804,8,1009.7,861,10,1010.2,14,1,1010.3,6,2,1010.4,307,3,1010.5,1087,11,1010.6,798,8
317,2025-11-26 12:34:53+05:30,1010.2,1,999.84,6365919,388680.0,433151.0,986.2,1012.2,981.3,986.2,120341250,1084.8,887.6,1102.5,649.1,1010.1,273,3,1010.0,3752,14,1009.9,504,3,1009.8,804,8,1009.7,861,10,1010.2,14,1,1010.3,6,2,1010.4,307,3,1010.5,1087,11,1010.6,798,8
317,2025-11-26 12:34:54+05:30,1010.2,1,999.84,6366007,388943.0,432789.0,986.2,1012.2,981.3,986.2,120341250,1084.8,887.6,1102.5,649.1,1010.1,273,3,1010.0,3752,14,1009.9,504,3,1009.8,952,9,1009.7,965,11,1010.2,23,3,1010.3,6,2,1010.4,105,2,1010.5,811,9,1010.6,958,10
317,2025-11-26 12:34:54+05:30,1010.2,19,999.84,6366007,388943.0,432789.0,986.2,1012.2,981.3,986.2,120341250,1084.8,887.6,1102.5,649.1,1010.1,273,3,1010.0,3752,14,1009.9,504,3,1009.8,952,9,1009.7,965,11,1010.2,23,3,1010.3,6,2,1010.4,105,2,1010.5,811,9,1010.6,958,10
317,2025-11-26 12:34:54+05:30,1010.2,19,999.84,6366119,388051.0,431511.0,986.2,1012.2,981.3,986.2,120341250,1084.8,887.6,1102.5,649.1,1010.1,273,3,1010.0,3115,15,1009.9,580,4,1009.8,792,8,1009.7,1030,12,1010.2,4,2,1010.3,1,1,1010.4,8,1,1010.5,470,7,1010.6,873,10
317,2025-11-26 12:34:55+05:30,1010.1,1,999.84,6366151,386601.0,429069.0,986.2,1012.2,981.3,986.2,120341250,1084.8,887.6,1102.5,649.1,1010.1,272,3,1010.0,2953,14,1009.9,677,5,1009.8,753,7,1009.7,1015,12,1010.4,5,1,1010.5,931,9,1010.6,730,10,1010.7,896,13,1010.8,1951,16
317,2025-11-26 12:34:55+05:30,1010.1,2,999.84,6366151,386601.0,429069.0,986.2,1012.2,981.3,986.2,120341250,1084.8,887.6,1102.5,649.1,1010.1,272,3,1010.0,2953,14,1009.9,677,5,1009.8,753,7,1009.7,1015,12,1010.4,5,1,1010.5,931,9,1010.6,730,10,1010.7,896,13,1010.8,1951,16
317,2025-11-26 12:34:56+05:30,1010.4,59,999.84,6369120,385865.0,427793.0,986.2,1012.2,981.3,986.2,120341250,1084.8,887.6,1102.5,649.1,1010.1,709,3,1010.0,1670,16,1009.9,359,4,1009.8,738,12,1009.7,979,10,1010.4,78,2,1010.5,245,2,1010.6,738,8,1010.7,1009,10,1010.8,1807,14
317,2025-11-26 12:34:56+05:30,1010.4,59,999.84,6369120,385865.0,427793.0,986.2,1012.2,981.3,986.2,120341250,1084.8,887.6,1102.5,649.1,1010.1,709,3,1010.0,1670,16,1009.9,359,4,1009.8,738,12,1009.7,979,10,1010.4,78,2,1010.5,245,2,1010.6,738,8,1010.7,1009,10,1010.8,1807,14
317,2025-11-26 12:34:57+05:30,1010.4,59,999.84,6369120,385686.0,428790.0,986.2,1012.2,981.3,986.2,120341250,1084.8,887.6,1102.5,649.1,1010.1,709,3,1010.0,1512,15,1009.9,517,5,1009.8,751,13,1009.7,979,10,1010.4,102,3,1010.5,291,4,1010.6,738,8,1010.7,851,9,1010.8,2028,16
317,2025-11-26 12:34:58+05:30,1010.4,4,999.84,6369202,385810.0,428828.0,986.2,1012.2,981.3,986.2,120341250,1084.8,887.6,1102.5,649.1,1010.1,709,3,1010.0,1512,15,1009.9,517,5,1009.8,751,13,1009.7,979,10,1010.4,157,3,1010.5,247,3,1010.6,738,8,1010.7,862,10,1010.8,1730,15
317,2025-11-26 12:34:58+05:30,1010.4,4,999.84,6369202,385810.0,428828.0,986.2,1012.2,981.3,986.2,120341250,1084.8,887.6,1102.5,649.1,1010.1,709,3,1010.0,1512,15,1009.9,517,5,1009.8,751,13,1009.7,979,10,1010.4,157,3,1010.5,247,3,1010.6,738,8,1010.7,862,10,1010.8,1730,15
317,2025-11-26 12:34:59+05:30,1010.1,2,999.84,6369204,384857.0,429961.0,986.2,1012.2,981.3,986.2,120341250,1084.8,887.6,1102.5,649.1,1010.1,639,3,1010.0,480,13,1009.9,191,2,1009.8,1002,14,1009.7,985,11,1010.4,440,8,1010.5,569,7,1010.6,1054,10,1010.7,1362,12,1010.8,1410,13
317,2025-11-26 12:34:59+05:30,1010.1,2,999.84,6369204,384857.0,429961.0,986.2,1012.2,981.3,986.2,120341250,1084.8,887.6,1102.5,649.1,1010.1,639,3,1010.0,480,13,1009.9,191,2,1009.8,1002,14,1009.7,985,11,1010.4,440,8,1010.5,569,7,1010.6,1054,10,1010.7,1362,12,1010.8,1410,13
317,2025-11-26 12:35:00+05:30,1010.4,1,999.84,6369305,387250.0,430284.0,986.2,1012.2,981.3,986.2,120341250,1084.8,887.6,1102.5,649.1,1010.1,151,2,1010.0,2117,10,1009.9,435,4,1009.8,686,12,1009.7,985,11,1010.2,20,1,1010.4,233,7,1010.5,625,7,1010.6,812,9,1010.7,1213,13
317,2025-11-26 12:35:00+05:30,1010.4,1,999.84,6369305,387250.0,430284.0,986.2,1012.2,981.3,986.2,120341250,1084.8,887.6,1102.5,649.1,1010.1,151,2,1010.0,2117,10,1009.9,435,4,1009.8,686,12,1009.7,985,11,1010.2,20,1,1010.4,233,7,1010.5,625,7,1010.6,812,9,1010.7,1213,13
317,2025-11-26 12:35:01+05:30,1010.1,728,999.84,6369305,387250.0,430284.0,986.2,1012.2,981.3,986.2,120341250,1084.8,887.6,1102.5,649.1,1010.1,151,2,1010.0,2117,10,1009.9,435,4,1009.8,686,12,1009.7,985,11,1010.2,20,1,1010.4,233,7,1010.5,625,7,1010.6,812,9,1010.7,1213,13
317,2025-11-26 12:35:01+05:30,1010.1,122,999.85,6370608,389558.0,431080.0,986.2,1012.2,981.3,986.2,120341250,1084.8,887.6,1102.5,649.1,1010.0,2037,9,1009.9,256,3,1009.8,383,10,1009.7,921,10,1009.6,2540,17,1010.1,81,2,1010.3,5,1,1010.4,263,4,1010.5,1235,9,1010.6,791,8
317,2025-11-26 12:35:02+05:30,1010.1,4,999.85,6370608,389558.0,431080.0,986.2,1012.2,981.3,986.2,120341250,1084.8,887.6,1102.5,649.1,1010.0,2037,9,1009.9,256,3,1009.8,383,10,1009.7,921,10,1009.6,2540,17,1010.1,81,2,1010.3,5,1,1010.4,263,4,1010.5,1235,9,1010.6,791,8
317,2025-11-26 12:35:03+05:30,1010.1,4,999.85,6370973,389411.0,430791.0,986.2,1012.2,981.3,986.2,120341250,1084.8,887.6,1102.5,649.1,1010.0,1773,7,1009.9,354,4,1009.8,622,7,1009.7,1253,13,1009.6,1799,17,1010.1,112,3,1010.2,1,1,1010.3,5,1,1010.4,454,7,1010.5,680,8
317,2025-11-26 12:35:03+05:30,1010.1,146,999.85,6370973,389411.0,430791.0,986.2,1012.2,981.3,986.2,120341250,1084.8,887.6,1102.5,649.1,1010.0,1773,7,1009.9,354,4,1009.8,622,7,1009.7,1253,13,1009.6,1799,17,1010.1,112,3,1010.2,1,1,1010.3,5,1,1010.4,454,7,1010.5,680,8
317,2025-11-26 12:35:03+05:30,1010.0,17,999.85,6371268,389239.0,430342.0,986.2,1012.2,981.3,986.2,120341250,1084.8,887.6,1102.5,649.1,1010.0,1741,7,1009.9,354,4,1009.8,622,7,1009.7,1253,13,1009.6,1697,16,1010.1,94,5,1010.2,1,1,1010.3,5,1,1010.4,452,6,1010.5,680,8
317,2025-11-26 12:35:04+05:30,1010.1,1,999.85,6371268,389239.0,430342.0,986.2,1012.2,981.3,986.2,120341250,1084.8,887.6,1102.5,649.1,1010.0,1741,7,1009.9,354,4,1009.8,622,7,1009.7,1253,13,1009.6,1697,16,1010.1,94,5,1010.2,1,1,1010.3,5,1,1010.4,452,6,1010.5,680,8
317,2025-11-26 12:35:04+05:30,1010.1,1,999.85,6371273,389235.0,430562.0,986.2,1012.2,981.3,986.2,120341250,1084.8,887.6,1102.5,649.1,1010.0,1737,7,1009.9,208,3,1009.8,768,8,1009.7,1253,13,1009.6,1697,16,1010.1,291,7,1010.2,1,1,1010.3,5,1,1010.4,478,7,1010.5,680,8
317,2025-11-26 12:35:05+05:30,1010.0,4,999.85,6371273,389235.0,430562.0,986.2,1012.2,981.3,986.2,120341250,1084.8,887.6,1102.5,649.1,1010.0,1737,7,1009.9,208,3,1009.8,768,8,1009.7,1253,13,1009.6,1697,16,1010.1,291,7,1010.2,1,1,1010.3,5,1,1010.4,478,7,1010.5,680,8
317,2025-11-26 12:35:06+05:30,1010.1,1,999.85,6371305,388808.0,430583.0,986.2,1012.2,981.3,986.2,120341250,1084.8,887.6,1102.5,649.1,1010.0,1722,8,1009.9,516,5,1009.8,627,8,1009.7,1836,15,1009.6,1827,15,1010.1,287,7,1010.2,1,1,1010.3,5,1,1010.4,450,5,1010.5,691,9
317,2025-11-26 12:35:06+05:30,1010.0,148,999.85,6371305,388808.0,430583.0,986.2,1012.2,981.3,986.2,120341250,1084.8,887.6,1102.5,649.1,1010.0,1722,8,1009.9,516,5,1009.8,627,8,1009.7,1836,15,1009.6,1827,15,1010.1,287,7,1010.2,1,1,1010.3,5,1,1010.4,450,5,1010.5,691,9
317,2025-11-26 12:35:07+05:30,1010.0,155,999.85,6372604,388466.0,429671.0,986.2,1012.2,981.3,986.2,120341250,1084.8,887.6,1102.5,649.1,1010.0,1284,6,1009.9,30,1,1009.8,1256,10,1009.7,1990,10,1009.6,1929,20,1010.1,26,3,1010.2,1,1,1010.3,59,2,1010.4,252,4,1010.5,487,6
317,2025-11-26 12:35:07+05:30,1010.0,22,999.85,6372604,388466.0,429671.0,986.2,1012.2,981.3,986.2,120341250,1084.8,887.6,1102.5,649.1,1010.0,1284,6,1009.9,30,1,1009.8,1256,10,1009.7,1990,10,1009.6,1929,20,1010.1,26,3,1010.2,1,1,1010.3,59,2,1010.4,252,4,1010.5,487,6
317,2025-11-26 12:35:08+05:30,1010.0,35,999.85,6372794,388477.0,430105.0,986.2,1012.2,981.3,986.2,120341250,1084.8,887.6,1102.5,649.1,1010.0,1104,7,1009.9,30,1,1009.8,873,7,1009.7,2109,10,1009.6,1865,16,1010.1,21,2,1010.2,1,1,1010.3,261,3,1010.4,662,7,1010.5,487,6
317,2025-11-26 12:35:08+05:30,1010.0,43,999.85,6372794,388477.0,430105.0,986.2,1012.2,981.3,986.2,120341250,1084.8,887.6,1102.5,649.1,1010.0,1104,7,1009.9,30,1,1009.8,873,7,1009.7,2109,10,1009.6,1865,16,1010.1,21,2,1010.2,1,1,1010.3,261,3,1010.4,662,7,1010.5,487,6
317,2025-11-26 12:35:09+05:30,1010.0,43,999.85,6372856,388416.0,430105.0,986.2,1012.2,981.3,986.2,120341250,1084.8,887.6,1102.5,649.1,1010.0,1046,8,1009.9,30,1,1009.8,1019,8,1009.7,1963,9,1009.6,1865,16,1010.1,15,1,1010.2,7,2,1010.3,261,3,1010.4,662,7,1010.5,487,6
317,2025-11-26 12:35:09+05:30,1010.0,165,999.85,6372856,388416.0,430105.0,986.2,1012.2,981.3,986.2,120341250,1084.8,887.6,1102.5,649.1,1010.0,1046,8,1009.9,30,1,1009.8,1019,8,1009.7,1963,9,1009.6,1865,16,1010.1,15,1,1010.2,7,2,1010.3,261,3,1010.4,662,7,1010.5,487,6
317,2025-11-26 12:35:10+05:30,1010.1,1,999.85,6374068,389002.0,430582.0,986.2,1012.2,981.3,986.2,120341250,1084.8,887.6,1102.5,649.1,1010.0,1427,5,1009.9,30,1,1009.8,1047,9,1009.7,2272,11,1009.6,1865,16,1010.1,234,2,1010.2,7,2,1010.3,207,2,1010.4,822,9,1010.5,577,7
317,2025-11-26 12:35:10+05:30,1010.1,1,999.85,6374068,389002.0,430582.0,986.2,1012.2,981.3,986.2,120341250,1084.8,887.6,1102.5,649.1,1010.0,1427,5,1009.9,30,1,1009.8,1047,9,1009.7,2272,11,1009.6,1865,16,1010.1,234,2,1010.2,7,2,1010.3,207,2,1010.4,822,9,1010.5,577,7
317,2025-11-26 12:35:11+05:30,1010.1,2,999.85,6374070,388991.0,430589.0,986.2,1012.2,981.3,986.2,120341250,1084.8,887.6,1102.5,649.1,1010.0,1427,5,1009.9,30,1,1009.8,1187,10,1009.7,2126,10,1009.6,1865,16,1010.1,237,3,1010.2,53,3,1010.3,207,2,1010.4,822,9,1010.5,577,7
317,2025-11-26 12:35:11+05:30,1010.0,1010,999.85,6374070,388991.0,430589.0,986.2,1012.2,981.3,986.2,120341250,1084.8,887.6,1102.5,649.1,1010.0,1427,5,1009.9,30,1,1009.8,1187,10,1009.7,2126,10,1009.6,1865,16,1010.1,237,3,1010.2,53,3,1010.3,207,2,1010.4,822,9,1010.5,577,7
317,2025-11-26 12:35:12+05:30,1010.0,15,999.85,6375272,387591.0,431119.0,986.2,1012.2,981.3,986.2,120341250,1084.8,887.6,1102.5,649.1,1010.0,225,5,1009.9,568,2,1009.8,476,7,1009.7,2103,10,1009.6,1850,15,1010.1,225,2,1010.2,53,3,1010.3,207,2,1010.4,822,9,1010.5,577,7
317,2025-11-26 12:35:12+05:30,1010.1,6,999.85,6375272,387591.0,431119.0,986.2,1012.2,981.3,986.2,120341250,1084.8,887.6,1102.5,649.1,1010.0,225,5,1009.9,568,2,1009.8,476,7,1009.7,2103,10,1009.6,1850,15,1010.1,225,2,1010.2,53,3,1010.3,207,2,1010.4,822,9,1010.5,577,7
317,2025-11-26 12:35:13+05:30,1010.1,22,999.85,6375639,390798.0,432618.0,986.2,1012.2,981.3,986.2,120341250,1084.8,887.6,1102.5,649.1,1010.0,1525,3,1009.9,1135,9,1009.8,1195,8,1009.7,3187,13,1009.6,2654,16,1010.1,111,2,1010.2,53,3,1010.3,5,1,1010.4,437,5,1010.5,577,7
317,2025-11-26 12:35:13+05:30,1010.1,22,999.85,6375639,390798.0,432618.0,986.2,1012.2,981.3,986.2,120341250,1084.8,887.6,1102.5,649.1,1010.0,1525,3,1009.9,1135,9,1009.8,1195,8,1009.7,3187,13,1009.6,2654,16,1010.1,111,2,1010.2,53,3,1010.3,5,1,1010.4,437,5,1010.5,577,7
317,2025-11-26 12:35:14+05:30,1010.1,3,999.85,6375642,390991.0,432478.0,986.2,1012.2,981.3,986.2,120341250,1084.8,887.6,1102.5,649.1,1010.0,1620,4,1009.9,1093,9,1009.8,1475,10,1009.7,3047,12,1009.6,2654,16,1010.1,116,5,1010.2,52,2,1010.3,5,1,1010.4,340,4,1010.5,480,6
317,2025-11-26 12:35:14+05:30,1010.1,1,999.85,6375642,390991.0,432478.0,986.2,1012.2,981.3,986.2,120341250,1084.8,887.6,1102.5,649.1,1010.0,1620,4,1009.9,1093,9,1009.8,1475,10,1009.7,3047,12,1009.6,2654,16,1010.1,116,5,1010.2,52,2,1010.3,5,1,1010.4,340,4,1010.5,480,6
317,2025-11-26 12:35:15+05:30,1010.0,33,999.85,6375794,390835.0,432185.0,986.2,1012.2,981.3,986.2,120341250,1084.8,887.6,1102.5,649.1,1010.0,1492,3,1009.9,1233,10,1009.8,1335,9,1009.7,3047,12,1009.6,2654,16,1010.1,8,3,1010.2,52,2,1010.4,281,3,1010.5,390,5,1010.6,762,10
317,2025-11-26 12:35:15+05:30,1010.0,2,999.85,6375794,390835.0,432185.0,986.2,1012.2,981.3,986.2,120341250,1084.8,887.6,1102.5,649.1,1010.0,1492,3,1009.9,1233,10,1009.8,1335,9,1009.7,3047,12,1009.6,2654,16,1010.1,8,3,1010.2,52,2,1010.4,281,3,1010.5,390,5,1010.6,762,10
317,2025-11-26 12:35:16+05:30,1010.1,1,999.85,6375806,390761.0,432429.0,986.2,1012.2,981.3,986.2,120341250,1084.8,887.6,1102.5,649.1,1010.0,1481,3,1009.9,995,8,1009.8,1510,11,1009.7,3047,12,1009.6,2654,16,1010.1,7,2,1010.2,52,2,1010.4,281,3,1010.5,390,5,1010.6,775,11
317,2025-11-26 12:35:16+05:30,1010.0,100,999.85,6375806,390761.0,432429.0,986.2,1012.2,981.3,986.2,120341250,1084.8,887.6,1102.5,649.1,1010.0,1481,3,1009.9,995,8,1009.8,1510,11,1009.7,3047,12,1009.6,2654,16,1010.1,7,2,1010.2,52,2,1010.4,281,3,1010.5,390,5,1010.6,775,11
317,2025-11-26 12:35:17+05:30,1010.0,100,999.85,6375906,390526.0,432464.0,986.2,1012.2,981.3,986.2,120341250,1084.8,887.6,1102.5,649.1,1010.0,1381,3,1009.9,932,7,1009.8,1510,11,1009.7,3019,11,1009.6,2654,16,1010.1,126,4,1010.2,52,2,1010.4,281,3,1010.5,390,5,1010.6,777,12
317,2025-11-26 12:35:17+05:30,1010.4,2,999.85,6375906,390526.0,432464.0,986.2,1012.2,981.3,986.2,120341250,1084.8,887.6,1102.5,649.1,1010.0,1381,3,1009.9,932,7,1009.8,1510,11,1009.7,3019,11,1009.6,2654,16,1010.1,126,4,1010.2,52,2,1010.4,281,3,1010.5,390,5,1010.6,777,12
317,2025-11-26 12:35:18+05:30,1010.0,1,999.86,6376433,386013.0,431639.0,986.2,1012.2,981.3,986.2,120341250,1084.8,887.6,1102.5,649.1,1010.0,1356,3,1009.9,863,6,1009.8,1132,8,1009.7,1590,11,1009.6,2871,17,1010.4,598,9,1010.5,416,6,1010.6,992,10,1010.7,721,12,1010.8,1450,12
317,2025-11-26 12:35:18+05:30,1010.4,1,999.86,6376433,386013.0,431639.0,986.2,1012.2,981.3,986.2,120341250,1084.8,887.6,1102.5,649.1,1010.0,1356,3,1009.9,863,6,1009.8,1132,8,1009.7,1590,11,1009.6,2871,17,1010.4,598,9,1010.5,416,6,1010.6,992,10,1010.7,721,12,1010.8,1450,12
317,2025-11-26 12:35:19+05:30,1010.4,1,999.86,6376435,388482.0,432655.0,986.2,1012.2,981.3,986.2,120341250,1084.8,887.6,1102.5,649.1,1010.0,1355,3,1009.9,936,7,1009.8,1132,8,1009.7,2340,12,1009.6,2997,18,1010.3,52,1,1010.4,574,8,1010.5,416,6,1010.6,992,10,1010.7,732,12
317,2025-11-26 12:35:20+05:30,1010.3,1,999.86,6376686,388569.0,432659.0,986.2,1012.2,981.3,986.2,120341250,1084.8,887.6,1102.5,649.1,1010.0,1267,4,1009.9,957,8,1009.8,1369,10,1009.7,2340,12,1009.6,2695,16,1010.3,52,2,1010.4,427,7,1010.5,582,8,1010.6,992,10,1010.7,732,12
317,2025-11-26 12:35:20+05:30,1010.3,1,999.86,6376686,388569.0,432659.0,986.2,1012.2,981.3,986.2,120341250,1084.8,887.6,1102.5,649.1,1010.0,1267,4,1009.9,957,8,1009.8,1369,10,1009.7,2340,12,1009.6,2695,16,1010.3,52,2,1010.4,427,7,1010.5,582,8,1010.6,992,10,1010.7,732,12
317,2025-11-26 12:35:21+05:30,1010.3,50,999.86,6376788,388932.0,432079.0,986.2,1012.2,981.3,986.2,120341250,1084.8,887.6,1102.5,649.1,1010.0,1297,5,1009.9,1172,8,1009.8,1227,9,1009.7,2413,13,1009.6,2024,20,1010.3,3,1,1010.4,294,6,1010.5,372,5,1010.6,489,8,1010.7,865,13
317,2025-11-26 12:35:21+05:30,1010.1,51,999.86,6376788,388932.0,432079.0,986.2,1012.2,981.3,986.2,120341250,1084.8,887.6,1102.5,649.1,1010.0,1297,5,1009.9,1172,8,1009.8,1227,9,1009.7,2413,13,1009.6,2024,20,1010.3,3,1,1010.4,294,6,1010.5,372,5,1010.6,489,8,1010.7,865,13
317,2025-11-26 12:35:22+05:30,1010.0,105,999.86,6376945,390107.0,432591.0,986.2,1012.2,981.3,986.2,120341250,1084.8,887.6,1102.5,649.1,1010.0,1705,7,1009.9,1226,9,1009.8,1227,9,1009.7,2374,13,1009.6,2109,21,1010.1,169,3,1010.3,3,1,1010.4,231,4,1010.5,244,4,1010.6,596,9
317,2025-11-26 12:35:22+05:30,1010.1,4,999.86,6376945,390107.0,432591.0,986.2,1012.2,981.3,986.2,120341250,1084.8,887.6,1102.5,649.1,1010.0,1705,7,1009.9,1226,9,1009.8,1227,9,1009.7,2374,13,1009.6,2109,21,1010.1,169,3,1010.3,3,1,1010.4,231,4,1010.5,244,4,1010.6,596,9
317,2025-11-26 12:35:23+05:30,1010.1,23,999.86,6376998,390635.0,432645.0,986.2,1012.2,981.3,986.2,120341250,1084.8,887.6,1102.5,649.1,1010.0,1684,7,1009.9,1093,8,1009.8,1361,10,1009.7,3124,14,1009.6,2109,21,1010.1,139,4,1010.3,3,1,1010.4,231,4,1010.5,406,5,1010.6,596,9
317,2025-11-26 12:35:23+05:30,1010.1,23,999.86,6376998,390635.0,432645.0,986.2,1012.2,981.3,986.2,120341250,1084.8,887.6,1102.5,649.1,1010.0,1684,7,1009.9,1093,8,1009.8,1361,10,1009.7,3124,14,1009.6,2109,21,1010.1,139,4,1010.3,3,1,1010.4,231,4,1010.5,406,5,1010.6,596,9
317,2025-11-26 12:35:24+05:30,1010.0,1,999.86,6376999,386384.0,432791.0,986.2,1012.2,981.3,986.2,120341250,1084.8,887.6,1102.5,649.1,1010.0,1521,6,1009.9,538,1,1009.8,415,6,1009.7,1170,12,1009.6,1329,16,1010.1,139,4,1010.3,210,3,1010.4,785,8,1010.5,466,6,1010.6,661,10
317,2025-11-26 12:35:24+05:30,1010.0,1,999.86,6376999,386384.0,432791.0,986.2,1012.2,981.3,986.2,120341250,1084.8,887.6,1102.5,649.1,1010.0,1521,6,1009.9,538,1,1009.8,415,6,1009.7,1170,12,1009.6,1329,16,1010.1,139,4,1010.3,210,3,1010.4,785,8,1010.5,466,6,1010.6,661,10
317,2025-11-26 12:35:25+05:30,1010.1,8,999.86,6377025,386266.0,432883.0,986.2,1012.2,981.3,986.2,120341250,1084.8,887.6,1102.5,649.1,1010.0,1521,6,1009.9,538,1,1009.8,415,6,1009.7,1036,11,1009.6,1476,18,1010.1,165,5,1010.3,344,4,1010.4,651,7,1010.5,866,7,1010.6,661,10
317,2025-11-26 12:35:25+05:30,1010.1,8,999.86,6377025,386266.0,432883.0,986.2,1012.2,981.3,986.2,120341250,1084.8,887.6,1102.5,649.1,1010.0,1521,6,1009.9,538,1,1009.8,415,6,1009.7,1036,11,1009.6,1476,18,1010.1,165,5,1010.3,344,4,1010.4,651,7,1010.5,866,7,1010.6,661,10
317,2025-11-26 12:35:26+05:30,1010.0,25,999.86,6378479,386551.0,432810.0,986.2,1012.2,981.3,986.2,120341250,1084.8,887.6,1102.5,649.1,1010.0,1621,3,1009.9,538,1,1009.8,317,5,1009.7,1036,11,1009.6,1342,17,1010.1,113,5,1010.3,341,3,1010.4,779,9,1010.5,956,8,1010.6,661,10
317,2025-11-26 12:35:26+05:30,1010.1,84,999.86,6378479,386551.0,432810.0,986.2,1012.2,981.3,986.2,120341250,1084.8,887.6,1102.5,649.1,1010.0,1621,3,1009.9,538,1,1009.8,317,5,1009.7,1036,11,1009.6,1342,17,1010.1,113,5,1010.3,341,3,1010.4,779,9,1010.5,956,8,1010.6,661,10
317,2025-11-26 12:35:27+05:30,1010.0,10,999.86,6378863,386504.0,432951.0,986.2,1012.2,981.3,986.2,120341250,1084.8,887.6,1102.5,649.1,1010.0,1337,3,1009.9,568,2,1009.8,312,4,1009.7,1036,11,1009.6,1318,16,1010.1,36,5,1010.3,439,4,1010.4,942,10,1010.5,956,8,1010.6,672,11
317,2025-11-26 12:35:27+05:30,1010.0,2,999.86,6378863,386504.0,432951.0,986.2,1012.2,981.3,986.2,120341250,1084.8,887.6,1102.5,649.1,1010.0,1337,3,1009.9,568,2,1009.8,312,4,1009.7,1036,11,1009.6,1318,16,1010.1,36,5,1010.3,439,4,1010.4,942,10,1010.5,956,8,1010.6,672,11
317,2025-11-26 12:35:28+05:30,1010.0,11,999.86,6378863,386504.0,432951.0,986.2,1012.2,981.3,986.2,120341250,1084.8,887.6,1102.5,649.1,1010.0,1337,3,1009.9,568,2,1009.8,312,4,1009.7,1036,11,1009.6,1318,16,1010.1,36,5,1010.3,439,4,1010.4,942,10,1010.5,956,8,1010.6,672,11
317,2025-11-26 12:35:28+05:30,1010.0,11,999.86,6378876,386491.0,433215.0,986.2,1012.2,981.3,986.2,120341250,1084.8,887.6,1102.5,649.1,1010.0,1324,3,1009.9,568,2,1009.8,312,4,1009.7,1036,11,1009.6,1344,18,1010.1,34,4,1010.2,55,1,1010.3,439,4,1010.4,942,10,1010.5,956,8
317,2025-11-26 12:35:29+05:30,1010.0,1,999.86,6378876,386491.0,433215.0,986.2,1012.2,981.3,986.2,120341250,1084.8,887.6,1102.5,649.1,1010.0,1324,3,1009.9,568,2,1009.8,312,4,1009.7,1036,11,1009.6,1344,18,1010.1,34,4,1010.2,55,1,1010.3,439,4,1010.4,942,10,1010.5,956,8
317,2025-11-26 12:35:30+05:30,1010.0,62,999.86,6378876,386491.0,433215.0,986.2,1012.2,981.3,986.2,120341250,1084.8,887.6,1102.5,649.1,1010.0,1324,3,1009.9,568,2,1009.8,312,4,1009.7,1036,11,1009.6,1344,18,1010.1,34,4,1010.2,55,1,1010.3,439,4,1010.4,942,10,1010.5,956,8
317,2025-11-26 12:35:30+05:30,1010.2,1,999.86,6379188,385384.0,433328.0,986.2,1012.2,981.3,986.2,120341250,1084.8,887.6,1102.5,649.1,1010.0,1317,5,1009.9,597,2,1009.8,406,6,1009.7,1022,11,1009.6,1399,18,1010.2,54,1,1010.3,11,2,1010.4,934,9,1010.5,1074,8,1010.6,725,9
317,2025-11-26 12:35:31+05:30,1010.2,26,999.86,6379188,385384.0,433328.0,986.2,1012.2,981.3,986.2,120341250,1084.8,887.6,1102.5,649.1,1010.0,1317,5,1009.9,597,2,1009.8,406,6,1009.7,1022,11,1009.6,1399,18,1010.2,54,1,1010.3,11,2,1010.4,934,9,1010.5,1074,8,1010.6,725,9
317,2025-11-26 12:35:31+05:30,1010.2,26,999.86,6379380,386186.0,433358.0,986.2,1012.2,981.3,986.2,120341250,1084.8,887.6,1102.5,649.1,1010.0,1209,5,1009.9,597,2,1009.8,312,6,1009.7,1142,12,1009.6,1279,17,1010.1,52,1,1010.2,8,2,1010.3,11,2,1010.4,814,8,1010.5,1077,9
317,2025-11-26 12:35:32+05:30,1010.1,5,999.86,6379380,386186.0,433358.0,986.2,1012.2,981.3,986.2,120341250,1084.8,887.6,1102.5,649.1,1010.0,1209,5,1009.9,597,2,1009.8,312,6,1009.7,1142,12,1009.6,1279,17,1010.1,52,1,1010.2,8,2,1010.3,11,2,1010.4,814,8,1010.5,1077,9
317,2025-11-26 12:35:32+05:30,1010.1,23,999.86,6379532,386348.0,433450.0,986.2,1012.2,981.3,986.2,120341250,1084.8,887.6,1102.5,649.1,1010.0,1209,5,1009.9,597,2,1009.8,474,7,1009.7,1142,12,1009.6,1279,17,1010.1,93,3,1010.2,8,2,1010.3,11,2,1010.4,934,9,1010.5,1077,9
317,2025-11-26 12:35:33+05:30,1010.0,5,999.86,6379532,386348.0,433450.0,986.2,1012.2,981.3,986.2,120341250,1084.8,887.6,1102.5,649.1,1010.0,1209,5,1009.9,597,2,1009.8,474,7,1009.7,1142,12,1009.6,1279,17,1010.1,93,3,1010.2,8,2,1010.3,11,2,1010.4,934,9,1010.5,1077,9
317,2025-11-26 12:35:33+05:30,1010.0,5,999.86,6379538,386207.0,433565.0,986.2,1012.2,981.3,986.2,120341250,1084.8,887.6,1102.5,649.1,1010.0,1204,5,1009.9,597,2,1009.8,312,6,1009.7,1022,11,1009.6,1399,18,1010.1,212,6,1010.2,8,2,1010.3,11,2,1010.4,1043,10,1010.5,1077,9
317,2025-11-26 12:35:34+05:30,1010.0,3,999.86,6379538,386207.0,433565.0,986.2,1012.2,981.3,986.2,120341250,1084.8,887.6,1102.5,649.1,1010.0,1204,5,1009.9,597,2,1009.8,312,6,1009.7,1022,11,1009.6,1399,18,1010.1,212,6,1010.2,8,2,1010.3,11,2,1010.4,1043,10,1010.5,1077,9
317,2025-11-26 12:35:34+05:30,1010.0,3,999.86,6379654,386203.0,433600.0,986.2,1012.2,981.3,986.2,120341250,1084.8,887.6,1102.5,649.1,1010.0,1200,5,1009.9,597,2,1009.8,312,6,1009.7,1048,12,1009.6,1399,18,1010.1,156,5,1010.2,8,2,1010.3,11,2,1010.4,1069,11,1010.5,1077,9
317,2025-11-26 12:35:35+05:30,1010.0,10,999.86,6379654,386203.0,433600.0,986.2,1012.2,981.3,986.2,120341250,1084.8,887.6,1102.5,649.1,1010.0,1200,5,1009.9,597,2,1009.8,312,6,1009.7,1048,12,1009.6,1399,18,1010.1,156,5,1010.2,8,2,1010.3,11,2,1010.4,1069,11,1010.5,1077,9
317,2025-11-26 12:35:35+05:30,1010.0,31,999.86,6379722,386113.0,433736.0,986.2,1012.2,981.3,986.2,120341250,1084.8,887.6,1102.5,649.1,1010.0,1136,5,1009.9,597,2,1009.8,312,6,1009.7,1022,11,1009.6,1399,18,1010.1,153,6,1010.2,4,1,1010.3,11,2,1010.4,1043,10,1010.5,1186,10
317,2025-11-26 12:35:36+05:30,1010.0,78,999.86,6379722,386113.0,433736.0,986.2,1012.2,981.3,986.2,120341250,1084.8,887.6,1102.5,649.1,1010.0,1136,5,1009.9,597,2,1009.8,312,6,1009.7,1022,11,1009.6,1399,18,1010.1,153,6,1010.2,4,1,1010.3,11,2,1010.4,1043,10,1010.5,1186,10
317,2025-11-26 12:35:36+05:30,1010.0,78,999.86,6380193,385537.0,433857.0,986.2,1012.2,981.3,986.2,120341250,1084.8,887.6,1102.5,649.1,1010.0,665,5,1009.9,597,2,1009.8,244,5,1009.7,902,10,1009.6,1399,18,1010.1,101,5,1010.3,213,3,1010.4,1043,10,1010.5,1186,10,1010.6,1021,9
317,2025-11-26 12:35:37+05:30,1010.2,85,999.86,6380193,385537.0,433857.0,986.2,1012.2,981.3,986.2,120341250,1084.8,887.6,1102.5,649.1,1010.0,665,5,1009.9,597,2,1009.8,244,5,1009.7,902,10,1009.6,1399,18,1010.1,101,5,1010.3,213,3,1010.4,1043,10,1010.5,1186,10,1010.6,1021,9
317,2025-11-26 12:35:37+05:30,1010.3,130,999.87,6386395,386823.0,432078.0,986.2,1012.2,981.3,986.2,120341250,1084.8,887.6,1102.5,649.1,1010.0,1831,7,1009.9,420,4,1009.8,1189,7,1009.7,942,12,1009.6,1171,15,1010.2,2,1,1010.3,120,1,1010.4,280,4,1010.5,909,7,1010.6,723,8
317,2025-11-26 12:35:38+05:30,1010.0,20,999.87,6386395,386823.0,432078.0,986.2,1012.2,981.3,986.2,120341250,1084.8,887.6,1102.5,649.1,1010.0,1831,7,1009.9,420,4,1009.8,1189,7,1009.7,942,12,1009.6,1171,15,1010.2,2,1,1010.3,120,1,1010.4,280,4,1010.5,909,7,1010.6,723,8
317,2025-11-26 12:35:38+05:30,1010.0,20,999.87,6386515,386400.0,432281.0,986.2,1012.2,981.3,986.2,120341250,1084.8,887.6,1102.5,649.1,1010.0,1510,5,1009.9,460,4,1009.8,1225,9,1009.7,942,12,1009.6,1724,16,1010.2,2,1,1010.3,125,2,1010.4,314,5,1010.5,909,7,1010.6,723,8
317,2025-11-26 12:35:39+05:30,1010.0,19,999.87,6386515,386400.0,432281.0,986.2,1012.2,981.3,986.2,120341250,1084.8,887.6,1102.5,649.1,1010.0,1510,5,1009.9,460,4,1009.8,1225,9,1009.7,942,12,1009.6,1724,16,1010.2,2,1,1010.3,125,2,1010.4,314,5,1010.5,909,7,1010.6,723,8
317,2025-11-26 12:35:39+05:30,1010.0,19,999.87,6386628,384964.0,433055.0,986.2,1012.2,981.3,986.2,120341250,1084.8,887.6,1102.5,649.1,1010.0,1397,5,1009.8,885,5,1009.7,1030,10,1009.6,1451,18,1009.5,1646,18,1010.2,6,2,1010.3,179,3,1010.4,800,11,1010.5,969,8,1010.6,951,11
317,2025-11-26 12:35:40+05:30,1010.2,1,999.87,6386628,384964.0,433055.0,986.2,1012.2,981.3,986.2,120341250,1084.8,887.6,1102.5,649.1,1010.0,1397,5,1009.8,885,5,1009.7,1030,10,1009.6,1451,18,1009.5,1646,18,1010.2,6,2,1010.3,179,3,1010.4,800,11,1010.5,969,8,1010.6,951,11
317,2025-11-26 12:35:40+05:30,1010.1,2,999.87,6386736,385431.0,434324.0,986.2,1012.2,981.3,986.2,120341250,1084.8,887.6,1102.5,649.1,1010.0,1294,5,1009.8,723,4,1009.7,752,8,1009.6,1365,16,1009.5,1672,19,1010.1,199,1,1010.2,8,3,1010.3,510,7,1010.4,776,11,1010.5,1084,10
317,2025-11-26 12:35:41+05:30,1010.2,2,999.87,6386736,385431.0,434324.0,986.2,1012.2,981.3,986.2,120341250,1084.8,887.6,1102.5,649.1,1010.0,1294,5,1009.8,723,4,1009.7,752,8,1009.6,1365,16,1009.5,1672,19,1010.1,199,1,1010.2,8,3,1010.3,510,7,1010.4,776,11,1010.5,1084,10
317,2025-11-26 12:35:41+05:30,1010.2,2,999.87,6386967,385755.0,433617.0,986.2,1012.2,981.3,986.2,120341250,1084.8,887.6,1102.5,649.1,1010.0,1294,5,1009.9,77,1,1009.8,1029,7,1009.7,752,8,1009.6,1169,17,1010.1,154,1,1010.2,8,3,1010.3,216,5,1010.4,550,8,1010.5,1194,10
317,2025-11-26 12:35:42+05:30,1010.0,1067,999.87,6386967,385755.0,433617.0,986.2,1012.2,981.3,986.2,120341250,1084.8,887.6,1102.5,649.1,1010.0,1294,5,1009.9,77,1,1009.8,1029,7,1009.7,752,8,1009.6,1169,17,1010.1,154,1,1010.2,8,3,1010.3,216,5,1010.4,550,8,1010.5,1194,10
317,2025-11-26 12:35:42+05:30,1010.0,1067,999.87,6388066,384961.0,433650.0,986.2,1012.2,981.3,986.2,120341250,1084.8,887.6,1102.5,649.1,1010.0,227,5,1009.8,799,5,1009.7,778,10,1009.6,1373,17,1009.5,2199,18,1010.1,123,2,1010.2,8,3,1010.3,528,7,1010.4,550,8,1010.5,1079,9
317,2025-11-26 12:35:43+05:30,1010.0,52,999.87,6388066,384961.0,433650.0,986.2,1012.2,981.3,986.2,120341250,1084.8,887.6,1102.5,649.1,1010.0,227,5,1009.8,799,5,1009.7,778,10,1009.6,1373,17,1009.5,2199,18,1010.1,123,2,1010.2,8,3,1010.3,528,7,1010.4,550,8,1010.5,1079,9
317,2025-11-26 12:35:43+05:30,1010.0,1021,999.88,6390876,384894.0,434425.0,986.2,1012.2,981.3,986.2,120341250,1084.8,887.6,1102.5,649.1,1010.0,530,1,1009.8,521,2,1009.7,616,9,1009.6,1258,16,1009.5,2314,19,1010.1,123,2,1010.2,42,3,1010.3,444,6,1010.4,1001,12,1010.5,1281,10
317,2025-11-26 12:35:44+05:30,1009.9,180,999.88,6390876,384894.0,434425.0,986.2,1012.2,981.3,986.2,120341250,1084.8,887.6,1102.5,649.1,1010.0,530,1,1009.8,521,2,1009.7,616,9,1009.6,1258,16,1009.5,2314,19,1010.1,123,2,1010.2,42,3,1010.3,444,6,1010.4,1001,12,1010.5,1281,10
317,2025-11-26 12:35:44+05:30,1009.9,180,999.88,6392303,384783.0,432923.0,986.2,1012.2,981.3,986.2,120341250,1084.8,887.6,1102.5,649.1,1010.0,1371,1,1009.8,150,2,1009.7,1210,10,1009.6,1010,13,1009.5,1646,17,1010.1,26,2,1010.2,215,5,1010.3,559,6,1010.4,859,10,1010.5,1865,12
317,2025-11-26 12:35:45+05:30,1010.1,6,999.88,6392303,384783.0,432923.0,986.2,1012.2,981.3,986.2,120341250,1084.8,887.6,1102.5,649.1,1010.0,1371,1,1009.8,150,2,1009.7,1210,10,1009.6,1010,13,1009.5,1646,17,1010.1,26,2,1010.2,215,5,1010.3,559,6,1010.4,859,10,1010.5,1865,12
317,2025-11-26 12:35:45+05:30,1010.1,1,999.88,6392811,385123.0,432797.0,986.2,1012.2,981.3,986.2,120341250,1084.8,887.6,1102.5,649.1,1010.0,1366,1,1009.9,115,1,1009.8,218,3,1009.7,997,11,1009.6,1434,15,1010.1,159,2,1010.2,40,2,1010.3,261,4,1010.4,1332,11,1010.5,1346,11
317,2025-11-26 12:35:46+05:30,1010.1,4,999.88,6393133,385468.0,432143.0,986.2,1012.2,981.3,986.2,120341250,1084.8,887.6,1102.5,649.1,1010.0,1366,1,1009.9,86,1,1009.8,497,5,1009.7,997,11,1009.6,1425,15,1010.1,8,2,1010.2,40,2,1010.3,45,2,1010.4,859,10,1010.5,1741,11
317,2025-11-26 12:35:46+05:30,1010.0,46,999.88,6393133,385468.0,432143.0,986.2,1012.2,981.3,986.2,120341250,1084.8,887.6,1102.5,649.1,1010.0,1366,1,1009.9,86,1,1009.8,497,5,1009.7,997,11,1009.6,1425,15,1010.1,8,2,1010.2,40,2,1010.3,45,2,1010.4,859,10,1010.5,1741,11
317,2025-11-26 12:35:47+05:30,1010.1,1,999.88,6393182,386295.0,432079.0,986.2,1012.2,981.3,986.2,120341250,1084.8,887.6,1102.5,649.1,1010.0,1320,1,1009.9,98,1,1009.8,616,7,1009.7,932,13,1009.6,1398,12,1010.1,18,3,1010.2,35,1,1010.3,45,2,1010.4,859,10,1010.5,1242,11
317,2025-11-26 12:35:47+05:30,1010.1,1,999.88,6393182,386295.0,432079.0,986.2,1012.2,981.3,986.2,120341250,1084.8,887.6,1102.5,649.1,1010.0,1320,1,1009.9,98,1,1009.8,616,7,1009.7,932,13,1009.6,1398,12,1010.1,18,3,1010.2,35,1,1010.3,45,2,1010.4,859,10,1010.5,1242,11
317,2025-11-26 12:35:48+05:30,1010.1,133,999.88,6393334,386294.0,432048.0,986.2,1012.2,981.3,986.2,120341250,1084.8,887.6,1102.5,649.1,1010.0,1320,1,1009.9,201,2,1009.8,734,8,1009.7,1031,13,1009.6,1398,12,1010.1,23,5,1010.2,35,1,1010.3,45,2,1010.4,859,10,1010.5,1231,10
317,2025-11-26 12:35:48+05:30,1010.1,133,999.88,6393334,386294.0,432048.0,986.2,1012.2,981.3,986.2,120341250,1084.8,887.6,1102.5,649.1,1010.0,1320,1,1009.9,201,2,1009.8,734,8,1009.7,1031,13,1009.6,1398,12,1010.1,23,5,1010.2,35,1,1010.3,45,2,1010.4,859,10,1010.5,1231,10
317,2025-11-26 12:35:49+05:30,1010.1,133,999.88,6393334,386385.0,431660.0,986.2,1012.2,981.3,986.2,120341250,1084.8,887.6,1102.5,649.1,1010.0,1320,1,1009.9,201,2,1009.8,734,8,1009.7,1625,15,1009.6,895,11,1010.1,23,5,1010.2,35,1,1010.3,45,2,1010.4,859,10,1010.5,1231,10
317,2025-11-26 12:35:50+05:30,1010.0,500,999.88,6393835,385269.0,431108.0,986.2,1012.2,981.3,986.2,120341250,1084.8,887.6,1102.5,649.1,1010.0,820,1,1009.8,651,7,1009.7,1515,13,1009.6,895,11,1009.5,2173,17,1010.1,22,5,1010.2,35,1,1010.3,45,2,1010.4,859,10,1010.5,1242,11
317,2025-11-26 12:35:50+05:30,1010.0,20,999.88,6393835,385269.0,431108.0,986.2,1012.2,981.3,986.2,120341250,1084.8,887.6,1102.5,649.1,1010.0,820,1,1009.8,651,7,1009.7,1515,13,1009.6,895,11,1009.5,2173,17,1010.1,22,5,1010.2,35,1,1010.3,45,2,1010.4,859,10,1010.5,1242,11
317,2025-11-26 12:35:51+05:30,1010.0,1405,999.89,6395394,385750.0,431507.0,986.2,1012.2,981.3,986.2,120341250,1084.8,887.6,1102.5,649.1,1010.0,1565,2,1009.8,965,6,1009.7,1169,12,1009.6,1085,14,1009.5,1620,16,1010.1,13,4,1010.2,35,1,1010.3,247,3,1010.4,859,10,1010.5,1406,12
317,2025-11-26 12:35:51+05:30,1010.0,69,999.89,6395394,385750.0,431507.0,986.2,1012.2,981.3,986.2,120341250,1084.8,887.6,1102.5,649.1,1010.0,1565,2,1009.8,965,6,1009.7,1169,12,1009.6,1085,14,1009.5,1620,16,1010.1,13,4,1010.2,35,1,1010.3,247,3,1010.4,859,10,1010.5,1406,12
317,2025-11-26 12:35:52+05:30,1010.4,127,999.89,6398107,386866.0,428968.0,986.2,1012.2,981.3,986.2,120341250,1084.8,887.6,1102.5,649.1,1010.3,48,1,1010.0,1169,3,1009.9,454,4,1009.8,986,6,1009.7,1095,14,1010.4,54,4,1010.5,1211,10,1010.6,514,6,1010.7,868,17,1010.8,1346,10
317,2025-11-26 12:35:52+05:30,1010.4,5,999.89,6398107,386866.0,428968.0,986.2,1012.2,981.3,986.2,120341250,1084.8,887.6,1102.5,649.1,1010.3,48,1,1010.0,1169,3,1009.9,454,4,1009.8,986,6,1009.7,1095,14,1010.4,54,4,1010.5,1211,10,1010.6,514,6,1010.7,868,17,1010.8,1346,10
317,2025-11-26 12:35:53+05:30,1010.3,1,999.89,6398140,387582.0,429267.0,986.2,1012.2,981.3,986.2,120341250,1084.8,887.6,1102.5,649.1,1010.3,60,2,1010.1,519,1,1010.0,1207,4,1009.9,402,4,1009.8,467,7,1010.4,61,4,1010.5,1211,10,1010.6,514,6,1010.7,868,17,1010.8,873,9
317,2025-11-26 12:35:53+05:30,1010.3,1,999.89,6398140,387582.0,429267.0,986.2,1012.2,981.3,986.2,120341250,1084.8,887.6,1102.5,649.1,1010.3,60,2,1010.1,519,1,1010.0,1207,4,1009.9,402,4,1009.8,467,7,1010.4,61,4,1010.5,1211,10,1010.6,514,6,1010.7,868,17,1010.8,873,9
317,2025-11-26 12:35:54+05:30,1010.4,72,999.89,6398748,387175.0,428840.0,986.2,1012.2,981.3,986.2,120341250,1084.8,887.6,1102.5,649.1,1010.3,5,1,1010.1,519,1,1010.0,1477,6,1009.9,500,5,1009.8,642,9,1010.4,48,1,1010.5,587,5,1010.6,339,5,1010.7,1156,16,1010.8,1579,14
317,2025-11-26 12:35:54+05:30,1010.4,72,999.89,6398748,387175.0,428840.0,986.2,1012.2,981.3,986.2,120341250,1084.8,887.6,1102.5,649.1,1010.3,5,1,1010.1,519,1,1010.0,1477,6,1009.9,500,5,1009.8,642,9,1010.4,48,1,1010.5,587,5,1010.6,339,5,1010.7,1156,16,1010.8,1579,14
317,2025-11-26 12:35:55+05:30,1010.1,20,999.89,6398804,386022.0,428430.0,986.2,1012.2,981.3,986.2,120341250,1084.8,887.6,1102.5,649.1,1010.0,1718,8,1009.9,1372,8,1009.8,571,9,1009.7,998,10,1009.6,1100,16,1010.4,33,3,1010.5,503,3,1010.6,452,6,1010.7,993,15,1010.8,1579,14
317,2025-11-26 12:35:55+05:30,1010.1,2,999.89,6398804,386022.0,428430.0,986.2,1012.2,981.3,986.2,120341250,1084.8,887.6,1102.5,649.1,1010.0,1718,8,1009.9,1372,8,1009.8,571,9,1009.7,998,10,1009.6,1100,16,1010.4,33,3,1010.5,503,3,1010.6,452,6,1010.7,993,15,1010.8,1579,14
317,2025-11-26 12:35:56+05:30,1010.1,1,999.89,6398809,387713.0,430122.0,986.2,1012.2,981.3,986.2,120341250,1084.8,887.6,1102.5,649.1,1010.0,1207,4,1009.9,781,6,1009.8,1126,8,1009.7,1024,12,1009.6,1174,14,1010.1,135,2,1010.3,2,1,1010.4,235,4,1010.5,826,6,1010.6,464,7
317,2025-11-26 12:35:56+05:30,1010.1,1,999.89,6398809,387713.0,430122.0,986.2,1012.2,981.3,986.2,120341250,1084.8,887.6,1102.5,649.1,1010.0,1207,4,1009.9,781,6,1009.8,1126,8,1009.7,1024,12,1009.6,1174,14,1010.1,135,2,1010.3,2,1,1010.4,235,4,1010.5,826,6,1010.6,464,7
317,2025-11-26 12:35:57+05:30,1010.1,3,999.89,6398952,387919.0,429030.0,986.2,1012.2,981.3,986.2,120341250,1084.8,887.6,1102.5,649.1,1010.0,1369,5,1009.9,621,5,1009.8,1224,9,1009.7,1027,12,1009.6,1174,14,1010.1,3,1,1010.3,2,1,1010.4,33,3,1010.5,720,5,1010.6,452,6
317,2025-11-26 12:35:57+05:30,1010.0,83,999.89,6398952,387919.0,429030.0,986.2,1012.2,981.3,986.2,120341250,1084.8,887.6,1102.5,649.1,1010.0,1369,5,1009.9,621,5,1009.8,1224,9,1009.7,1027,12,1009.6,1174,14,1010.1,3,1,1010.3,2,1,1010.4,33,3,1010.5,720,5,1010.6,452,6
317,2025-11-26 12:35:58+05:30,1010.0,19,999.89,6399065,387548.0,429635.0,986.2,1012.2,981.3,986.2,120341250,1084.8,887.6,1102.5,649.1,1010.0,1095,4,1009.9,208,2,1009.8,1457,10,1009.7,942,11,1009.6,1174,14,1010.1,28,3,1010.3,7,2,1010.4,273,4,1010.5,792,7,1010.6,985,7
317,2025-11-26 12:35:58+05:30,1010.0,3,999.89,6399065,387548.0,429635.0,986.2,1012.2,981.3,986.2,120341250,1084.8,887.6,1102.5,649.1,1010.0,1095,4,1009.9,208,2,1009.8,1457,10,1009.7,942,11,1009.6,1174,14,1010.1,28,3,1010.3,7,2,1010.4,273,4,1010.5,792,7,1010.6,985,7
317,2025-11-26 12:35:59+05:30,1010.0,1,999.89,6399069,387853.0,429646.0,986.2,1012.2,981.3,986.2,120341250,1084.8,887.6,1102.5,649.1,1010.0,1091,4,1009.9,306,3,1009.8,1544,11,1009.7,1054,13,1009.6,1174,14,1010.1,28,3,1010.3,7,2,1010.4,273,4,1010.5,780,6,1010.6,464,7
317,2025-11-26 12:35:59+05:30,1010.0,121,999.89,6399069,387853.0,429646.0,986.2,1012.2,981.3,986.2,120341250,1084.8,887.6,1102.5,649.1,1010.0,1091,4,1009.9,306,3,1009.8,1544,11,1009.7,1054,13,1009.6,1174,14,1010.1,28,3,1010.3,7,2,1010.4,273,4,1010.5,780,6,1010.6,464,7
317,2025-11-26 12:36:00+05:30,1010.0,25,999.89,6399217,387408.0,429633.0,986.2,1012.2,981.3,986.2,120341250,1084.8,887.6,1102.5,649.1,1010.0,944,4,1009.9,260,2,1009.8,1500,10,1009.7,1054,13,1009.6,1223,15,1010.1,27,3,1010.3,7,2,1010.4,289,4,1010.5,780,6,1010.6,938,8
317,2025-11-26 12:36:00+05:30,1010.0,5,999.89,6399217,387408.0,429633.0,986.2,1012.2,981.3,986.2,120341250,1084.8,887.6,1102.5,649.1,1010.0,944,4,1009.9,260,2,1009.8,1500,10,1009.7,1054,13,1009.6,1223,15,1010.1,27,3,1010.3,7,2,1010.4,289,4,1010.5,780,6,1010.6,938,8
317,2025-11-26 12:36:01+05:30,1010.0,121,999.89,6400283,387490.0,429877.0,986.2,1012.2,981.3,986.2,120341250,1084.8,887.6,1102.5,649.1,1010.0,1477,3,1009.8,1176,8,1009.7,1190,13,1009.6,1223,15,1009.5,1468,16,1010.1,29,3,1010.3,103,3,1010.4,597,6,1010.5,780,6,1010.6,938,8
317,2025-11-26 12:36:01+05:30,1010.0,210,999.89,6400283,387490.0,429877.0,986.2,1012.2,981.3,986.2,120341250,1084.8,887.6,1102.5,649.1,1010.0,1477,3,1009.8,1176,8,1009.7,1190,13,1009.6,1223,15,1009.5,1468,16,1010.1,29,3,1010.3,103,3,1010.4,597,6,1010.5,780,6,1010.6,938,8
317,2025-11-26 12:36:02+05:30,1010.1,22,999.89,6400590,386705.0,429670.0,986.2,1012.2,981.3,986.2,120341250,1084.8,887.6,1102.5,649.1,1010.0,1218,3,1009.9,161,1,1009.8,1206,10,1009.7,1164,11,1009.6,1223,15,1010.3,7,2,1010.4,549,7,1010.5,1126,9,1010.6,625,8,1010.7,1485,17
317,2025-11-26 12:36:02+05:30,1010.1,4,999.89,6400590,386705.0,429670.0,986.2,1012.2,981.3,986.2,120341250,1084.8,887.6,1102.5,649.1,1010.0,1218,3,1009.9,161,1,1009.8,1206,10,1009.7,1164,11,1009.6,1223,15,1010.3,7,2,1010.4,549,7,1010.5,1126,9,1010.6,625,8,1010.7,1485,17
317,2025-11-26 12:36:03+05:30,1010.3,4,999.89,6400621,386701.0,429221.0,986.2,1012.2,981.3,986.2,120341250,1084.8,887.6,1102.5,649.1,1010.0,1238,4,1009.9,166,1,1009.8,1265,10,1009.7,999,10,1009.6,1384,16,1010.2,133,1,1010.3,3,2,1010.4,227,4,1010.5,855,7,1010.6,568,7
317,2025-11-26 12:36:03+05:30,1010.3,4,999.89,6400621,386701.0,429221.0,986.2,1012.2,981.3,986.2,120341250,1084.8,887.6,1102.5,649.1,1010.0,1238,4,1009.9,166,1,1009.8,1265,10,1009.7,999,10,1009.6,1384,16,1010.2,133,1,1010.3,3,2,1010.4,227,4,1010.5,855,7,1010.6,568,7
317,2025-11-26 12:36:04+05:30,1010.3,4,999.89,6400621,386778.0,429717.0,986.2,1012.2,981.3,986.2,120341250,1084.8,887.6,1102.5,649.1,1010.0,1239,5,1009.9,166,1,1009.8,1498,10,1009.7,1025,12,1009.6,1223,15,1010.2,143,2,1010.3,3,2,1010.4,66,3,1010.5,1116,8,1010.6,568,7
317,2025-11-26 12:36:04+05:30,1010.0,7,999.89,6400621,386778.0,429717.0,986.2,1012.2,981.3,986.2,120341250,1084.8,887.6,1102.5,649.1,1010.0,1239,5,1009.9,166,1,1009.8,1498,10,1009.7,1025,12,1009.6,1223,15,1010.2,143,2,1010.3,3,2,1010.4,66,3,1010.5,1116,8,1010.6,568,7
317,2025-11-26 12:36:05+05:30,1010.0,3,999.89,6400641,386841.0,430176.0,986.2,1012.2,981.3,986.2,120341250,1084.8,887.6,1102.5,649.1,1010.0,1228,5,1009.9,327,2,1009.8,1391,12,1009.7,1045,11,1009.6,1223,15,1010.2,134,2,1010.3,18,3,1010.4,376,6,1010.5,1146,10,1010.6,568,7
317,2025-11-26 12:36:05+05:30,1010.0,1,999.89,6400641,386841.0,430176.0,986.2,1012.2,981.3,986.2,120341250,1084.8,887.6,1102.5,649.1,1010.0,1228,5,1009.9,327,2,1009.8,1391,12,1009.7,1045,11,1009.6,1223,15,1010.2,134,2,1010.3,18,3,1010.4,376,6,1010.5,1146,10,1010.6,568,7
317,2025-11-26 12:36:06+05:30,1010.2,1,999.89,6400643,386840.0,430142.0,986.2,1012.2,981.3,986.2,120341250,1084.8,887.6,1102.5,649.1,1010.0,1227,5,1009.9,327,2,1009.8,1391,12,1009.7,1045,11,1009.6,1223,15,1010.2,133,2,1010.3,18,3,1010.4,397,7,1010.5,1125,9,1010.6,568,7
317,2025-11-26 12:36:06+05:30,1010.2,91,999.89,6400643,386840.0,430142.0,986.2,1012.2,981.3,986.2,120341250,1084.8,887.6,1102.5,649.1,1010.0,1227,5,1009.9,327,2,1009.8,1391,12,1009.7,1045,11,1009.6,1223,15,1010.2,133,2,1010.3,18,3,1010.4,397,7,1010.5,1125,9,1010.6,568,7
317,2025-11-26 12:36:07+05:30,1010.2,91,999.89,6400734,386706.0,430135.0,986.2,1012.2,981.3,986.2,120341250,1084.8,887.6,1102.5,649.1,1010.0,1227,5,1009.9,166,1,1009.8,1337,9,1009.7,1205,12,1009.6,1223,15,1010.2,44,3,1010.3,18,3,1010.4,376,6,1010.5,1125,9,1010.6,568,7
317,2025-11-26 12:36:08+05:30,1010.0,2,999.89,6400743,386799.0,430132.0,986.2,1012.2,981.3,986.2,120341250,1084.8,887.6,1102.5,649.1,1010.0,1218,5,1009.9,166,1,1009.8,1522,12,1009.7,1124,16,1009.6,1223,15,1010.2,49,5,1010.3,17,2,1010.4,320,4,1010.5,964,8,1010.6,805,8
317,2025-11-26 12:36:08+05:30,1010.2,9,999.89,6400743,386799.0,430132.0,986.2,1012.2,981.3,986.2,120341250,1084.8,887.6,1102.5,649.1,1010.0,1218,5,1009.9,166,1,1009.8,1522,12,1009.7,1124,16,1009.6,1223,15,1010.2,49,5,1010.3,17,2,1010.4,320,4,1010.5,964,8,1010.6,805,8
317,2025-11-26 12:36:09+05:30,1010.2,9,999.89,6400752,386840.0,430185.0,986.2,1012.2,981.3,986.2,120341250,1084.8,887.6,1102.5,649.1,1010.0,1231,6,1009.9,166,1,1009.8,1548,13,1009.7,1124,16,1009.6,1223,15,1010.2,41,6,1010.3,17,2,1010.4,344,5,1010.5,964,8,1010.6,805,8
317,2025-11-26 12:36:10+05:30,1010.4,115,999.89,6401343,391797.0,427253.0,986.2,1012.2,981.3,986.2,120341250,1084.8,887.6,1102.5,649.1,1010.2,536,6,1010.1,1540,9,1010.0,2046,15,1009.9,972,12,1009.8,1365,10,1010.4,12,1,1010.5,612,4,1010.7,170,2,1010.8,550,6,1010.9,815,11
317,2025-11-26 12:36:10+05:30,1010.4,1,999.89,6401343,391797.0,427253.0,986.2,1012.2,981.3,986.2,120341250,1084.8,887.6,1102.5,649.1,1010.2,536,6,1010.1,1540,9,1010.0,2046,15,1009.9,972,12,1009.8,1365,10,1010.4,12,1,1010.5,612,4,1010.7,170,2,1010.8,550,6,1010.9,815,11
317,2025-11-26 12:36:11+05:30,1010.4,1,999.89,6401347,391010.0,426647.0,986.2,1012.2,981.3,986.2,120341250,1084.8,887.6,1102.5,649.1,1010.2,573,6,1010.1,1325,8,1010.0,2089,16,1009.9,972,12,1009.8,857,12,1010.4,9,2,1010.5,614,5,1010.7,4,1,1010.8,576,6,1010.9,1513,14
317,2025-11-26 12:36:11+05:30,1010.2,15,999.89,6401347,391010.0,426647.0,986.2,1012.2,981.3,986.2,120341250,1084.8,887.6,1102.5,649.1,1010.2,573,6,1010.1,1325,8,1010.0,2089,16,1009.9,972,12,1009.8,857,12,1010.4,9,2,1010.5,614,5,1010.7,4,1,1010.8,576,6,1010.9,1513,14
317,2025-11-26 12:36:12+05:30,1010.2,3,999.89,6401365,390351.0,428683.0,986.2,1012.2,981.3,986.2,120341250,1084.8,887.6,1102.5,649.1,1010.2,15,2,1010.1,563,5,1010.0,2128,14,1009.9,895,10,1009.8,936,13,1010.3,71,2,1010.4,14,4,1010.5,624,6,1010.6,10,1,1010.7,423,6
317,2025-11-26 12:36:12+05:30,1010.3,6,999.89,6401365,390351.0,428683.0,986.2,1012.2,981.3,986.2,120341250,1084.8,887.6,1102.5,649.1,1010.2,15,2,1010.1,563,5,1010.0,2128,14,1009.9,895,10,1009.8,936,13,1010.3,71,2,1010.4,14,4,1010.5,624,6,1010.6,10,1,1010.7,423,6
317,2025-11-26 12:36:13+05:30,1010.3,23,999.9,6401448,388832.0,428933.0,986.2,1012.2,981.3,986.2,120341250,1084.8,887.6,1102.5,649.1,1010.1,158,2,1010.0,1770,11,1009.9,1031,11,1009.8,936,13,1009.7,1640,13,1010.3,40,3,1010.4,14,4,1010.5,621,5,1010.6,300,4,1010.7,424,7
317,2025-11-26 12:36:13+05:30,1010.3,23,999.9,6401448,388832.0,428933.0,986.2,1012.2,981.3,986.2,120341250,1084.8,887.6,1102.5,649.1,1010.1,158,2,1010.0,1770,11,1009.9,1031,11,1009.8,936,13,1009.7,1640,13,1010.3,40,3,1010.4,14,4,1010.5,621,5,1010.6,300,4,1010.7,424,7
317,2025-11-26 12:36:14+05:30,1010.3,23,999.9,6401448,389658.0,428638.0,986.2,1012.2,981.3,986.2,120341250,1084.8,887.6,1102.5,649.1,1010.2,265,2,1010.1,1020,6,1010.0,1770,11,1009.9,878,10,1009.8,936,13,1010.3,40,3,1010.4,14,4,1010.5,621,5,1010.6,134,3,1010.7,424,7
317,2025-11-26 12:36:14+05:30,1010.3,3,999.9,6401448,389658.0,428638.0,986.2,1012.2,981.3,986.2,120341250,1084.8,887.6,1102.5,649.1,1010.2,265,2,1010.1,1020,6,1010.0,1770,11,1009.9,878,10,1009.8,936,13,1010.3,40,3,1010.4,14,4,1010.5,621,5,1010.6,134,3,1010.7,424,7
317,2025-11-26 12:36:15+05:30,1010.1,36,999.9,6402067,389534.0,428933.0,986.2,1012.2,981.3,986.2,120341250,1084.8,887.6,1102.5,649.1,1010.1,842,5,1010.0,1923,12,1009.9,878,10,1009.8,906,11,1009.7,1699,16,1010.3,46,4,1010.4,6,3,1010.5,621,5,1010.6,238,3,1010.7,424,7
317,2025-11-26 12:36:15+05:30,1010.1,23,999.9,6402067,389534.0,428933.0,986.2,1012.2,981.3,986.2,120341250,1084.8,887.6,1102.5,649.1,1010.1,842,5,1010.0,1923,12,1009.9,878,10,1009.8,906,11,1009.7,1699,16,1010.3,46,4,1010.4,6,3,1010.5,621,5,1010.6,238,3,1010.7,424,7
317,2025-11-26 12:36:16+05:30,1010.1,1,999.9,6402093,388848.0,429595.0,986.2,1012.2,981.3,986.2,120341250,1084.8,887.6,1102.5,649.1,1010.1,4,1,1010.0,1745,10,1009.9,1008,10,1009.8,891,10,1009.7,1714,17,1010.3,45,5,1010.4,207,3,1010.5,621,5,1010.6,238,3,1010.7,424,7
317,2025-11-26 12:36:16+05:30,1010.1,6,999.9,6402093,388848.0,429595.0,986.2,1012.2,981.3,986.2,120341250,1084.8,887.6,1102.5,649.1,1010.1,4,1,1010.0,1745,10,1009.9,1008,10,1009.8,891,10,1009.7,1714,17,1010.3,45,5,1010.4,207,3,1010.5,621,5,1010.6,238,3,1010.7,424,7
317,2025-11-26 12:36:17+05:30,1010.0,1,999.9,6402133,390595.0,430173.0,986.2,1012.2,981.3,986.2,120341250,1084.8,887.6,1102.5,649.1,1010.0,1847,11,1009.9,895,9,1009.8,826,9,1009.7,1700,17,1009.6,2594,17,1010.1,37,1,1010.3,42,4,1010.4,207,3,1010.5,611,4,1010.6,403,4
317,2025-11-26 12:36:17+05:30,1010.0,8,999.9,6402133,390595.0,430173.0,986.2,1012.2,981.3,986.2,120341250,1084.8,887.6,1102.5,649.1,1010.0,1847,11,1009.9,895,9,1009.8,826,9,1009.7,1700,17,1009.6,2594,17,1010.1,37,1,1010.3,42,4,1010.4,207,3,1010.5,611,4,1010.6,403,4
317,2025-11-26 12:36:18+05:30,1010.0,17,999.9,6402158,390644.0,429961.0,986.2,1012.2,981.3,986.2,120341250,1084.8,887.6,1102.5,649.1,1010.0,1821,11,1009.9,895,9,1009.8,826,9,1009.7,1700,17,1009.6,2594,17,1010.1,37,1,1010.3,40,3,1010.4,207,3,1010.5,611,4,1010.6,403,4
317,2025-11-26 12:36:18+05:30,1010.0,5,999.9,6402158,390644.0,429961.0,986.2,1012.2,981.3,986.2,120341250,1084.8,887.6,1102.5,649.1,1010.0,1821,11,1009.9,895,9,1009.8,826,9,1009.7,1700,17,1009.6,2594,17,1010.1,37,1,1010.3,40,3,1010.4,207,3,1010.5,611,4,1010.6,403,4
317,2025-11-26 12:36:19+05:30,1010.0,5,999.9,6402163,390485.0,429982.0,986.2,1012.2,981.3,986.2,120341250,1084.8,887.6,1102.5,649.1,1010.0,1662,10,1009.9,895,9,1009.8,826,9,1009.7,1700,17,1009.6,2594,17,1010.1,37,1,1010.2,5,1,1010.3,40,3,1010.4,207,3,1010.5,611,4
317,2025-11-26 12:36:19+05:30,1010.0,1,999.9,6402163,390485.0,429982.0,986.2,1012.2,981.3,986.2,120341250,1084.8,887.6,1102.5,649.1,1010.0,1662,10,1009.9,895,9,1009.8,826,9,1009.7,1700,17,1009.6,2594,17,1010.1,37,1,1010.2,5,1,1010.3,40,3,1010.4,207,3,1010.5,611,4
317,2025-11-26 12:36:20+05:30,1010.0,23,999.9,6402163,390485.0,429982.0,986.2,1012.2,981.3,986.2,120341250,1084.8,887.6,1102.5,649.1,1010.0,1662,10,1009.9,895,9,1009.8,826,9,1009.7,1700,17,1009.6,2594,17,1010.1,37,1,1010.2,5,1,1010.3,40,3,1010.4,207,3,1010.5,611,4
317,2025-11-26 12:36:20+05:30,1010.0,1,999.9,6402305,390336.0,430186.0,986.2,1012.2,981.3,986.2,120341250,1084.8,887.6,1102.5,649.1,1010.0,1359,10,1009.9,839,7,1009.8,776,10,1009.7,1700,17,1009.6,2602,18,1010.1,31,1,1010.2,5,1,1010.3,29,2,1010.4,207,3,1010.5,841,6
317,2025-11-26 12:36:21+05:30,1010.4,111,999.9,6402305,390336.0,430186.0,986.2,1012.2,981.3,986.2,120341250,1084.8,887.6,1102.5,649.1,1010.0,1359,10,1009.9,839,7,1009.8,776,10,1009.7,1700,17,1009.6,2602,18,1010.1,31,1,1010.2,5,1,1010.3,29,2,1010.4,207,3,1010.5,841,6
317,2025-11-26 12:36:21+05:30,1010.4,111,999.9,6403101,388251.0,429490.0,986.2,1012.2,981.3,986.2,120341250,1084.8,887.6,1102.5,649.1,1010.0,1444,13,1009.9,588,6,1009.8,915,11,1009.7,1669,16,1009.6,2623,18,1010.4,30,3,1010.5,701,5,1010.6,542,5,1010.7,649,8,1010.8,2271,14
317,2025-11-26 12:36:22+05:30,1010.5,98,999.9,6403487,390536.0,427707.0,986.2,1012.2,981.3,986.2,120341250,1084.8,887.6,1102.5,649.1,1010.4,2,2,1010.2,583,2,1010.1,663,6,1010.0,1059,13,1009.9,995,11,1010.5,513,4,1010.7,447,5,1010.8,471,5,1010.9,883,13,1011.0,2860,29
317,2025-11-26 12:36:22+05:30,1010.5,98,999.9,6403487,390536.0,427707.0,986.2,1012.2,981.3,986.2,120341250,1084.8,887.6,1102.5,649.1,1010.4,2,2,1010.2,583,2,1010.1,663,6,1010.0,1059,13,1009.9,995,11,1010.5,513,4,1010.7,447,5,1010.8,471,5,1010.9,883,13,1011.0,2860,29
317,2025-11-26 12:36:23+05:30,1010.5,21,999.9,6403510,390000.0,427827.0,986.2,1012.2,981.3,986.2,120341250,1084.8,887.6,1102.5,649.1,1010.4,2,2,1010.2,49,1,1010.1,663,6,1010.0,1057,13,1009.9,995,11,1010.5,498,4,1010.7,586,6,1010.8,553,7,1010.9,746,13,1011.0,2897,32
317,2025-11-26 12:36:23+05:30,1010.5,21,999.9,6403510,390000.0,427827.0,986.2,1012.2,981.3,986.2,120341250,1084.8,887.6,1102.5,649.1,1010.4,2,2,1010.2,49,1,1010.1,663,6,1010.0,1057,13,1009.9,995,11,1010.5,498,4,1010.7,586,6,1010.8,553,7,1010.9,746,13,1011.0,2897,32
317,2025-11-26 12:36:24+05:30,1010.2,1,999.9,6403519,388191.0,428955.0,986.2,1012.2,981.3,986.2,120341250,1084.8,887.6,1102.5,649.1,1010.4,1,1,1010.1,412,4,1010.0,962,12,1009.9,793,10,1009.8,1455,11,1010.5,711,7,1010.6,190,3,1010.7,825,9,1010.8,527,6,1010.9,1044,14
317,2025-11-26 12:36:24+05:30,1010.2,1,999.9,6403519,388191.0,428955.0,986.2,1012.2,981.3,986.2,120341250,1084.8,887.6,1102.5,649.1,1010.4,1,1,1010.1,412,4,1010.0,962,12,1009.9,793,10,1009.8,1455,11,1010.5,711,7,1010.6,190,3,1010.7,825,9,1010.8,527,6,1010.9,1044,14
317,2025-11-26 12:36:25+05:30,1010.5,11,999.9,6403646,388600.0,429506.0,986.2,1012.2,981.3,986.2,120341250,1084.8,887.6,1102.5,649.1,1010.4,1,1,1010.1,110,2,1010.0,959,12,1009.9,807,10,1009.8,1580,12,1010.5,686,7,1010.6,334,4,1010.7,676,7,1010.8,773,10,1010.9,1041,14
317,2025-11-26 12:36:25+05:30,1010.5,11,999.9,6403646,388600.0,429506.0,986.2,1012.2,981.3,986.2,120341250,1084.8,887.6,1102.5,649.1,1010.4,1,1,1010.1,110,2,1010.0,959,12,1009.9,807,10,1009.8,1580,12,1010.5,686,7,1010.6,334,4,1010.7,676,7,1010.8,773,10,1010.9,1041,14
317,2025-11-26 12:36:26+05:30,1010.4,5,999.9,6403672,387369.0,429434.0,986.2,1012.2,981.3,986.2,120341250,1084.8,887.6,1102.5,649.1,1010.1,304,4,1010.0,1189,14,1009.9,764,10,1009.8,1441,11,1009.7,1721,15,1010.5,687,8,1010.6,96,1,1010.7,537,6,1010.8,1150,11,1010.9,743,13
317,2025-11-26 12:36:26+05:30,1010.4,5,999.9,6403672,387369.0,429434.0,986.2,1012.2,981.3,986.2,120341250,1084.8,887.6,1102.5,649.1,1010.1,304,4,1010.0,1189,14,1009.9,764,10,1009.8,1441,11,1009.7,1721,15,1010.5,687,8,1010.6,96,1,1010.7,537,6,1010.8,1150,11,1010.9,743,13
317,2025-11-26 12:36:27+05:30,1010.4,7,999.9,6403727,388446.0,429140.0,986.2,1012.2,981.3,986.2,120341250,1084.8,887.6,1102.5,649.1,1010.4,9,2,1010.1,123,5,1010.0,956,10,1009.9,903,11,1009.8,1493,11,1010.5,687,8,1010.6,248,4,1010.7,640,7,1010.8,618,8,1010.9,1178,14
317,2025-11-26 12:36:27+05:30,1010.4,7,999.9,6403727,388446.0,429140.0,986.2,1012.2,981.3,986.2,120341250,1084.8,887.6,1102.5,649.1,1010.4,9,2,1010.1,123,5,1010.0,956,10,1009.9,903,11,1009.8,1493,11,1010.5,687,8,1010.6,248,4,1010.7,640,7,1010.8,618,8,1010.9,1178,14
317,2025-11-26 12:36:28+05:30,1010.0,28,999.9,6403727,388446.0,429140.0,986.2,1012.2,981.3,986.2,120341250,1084.8,887.6,1102.5,649.1,1010.4,9,2,1010.1,123,5,1010.0,956,10,1009.9,903,11,1009.8,1493,11,1010.5,687,8,1010.6,248,4,1010.7,640,7,1010.8,618,8,1010.9,1178,14
317,2025-11-26 12:36:28+05:30,1010.0,28,999.9,6404070,389872.0,430667.0,986.2,1012.2,981.3,986.2,120341250,1084.8,887.6,1102.5,649.1,1010.0,949,11,1009.9,936,10,1009.8,1289,9,1009.7,2472,16,1009.6,1139,15,1010.3,300,1,1010.4,6,2,1010.5,659,6,1010.6,404,6,1010.7,647,9
317,2025-11-26 12:36:29+05:30,1010.3,45,999.9,6404070,389872.0,430667.0,986.2,1012.2,981.3,986.2,120341250,1084.8,887.6,1102.5,649.1,1010.0,949,11,1009.9,936,10,1009.8,1289,9,1009.7,2472,16,1009.6,1139,15,1010.3,300,1,1010.4,6,2,1010.5,659,6,1010.6,404,6,1010.7,647,9
317,2025-11-26 12:36:30+05:30,1010.1,7,999.9,6404440,388434.0,431944.0,986.2,1012.2,981.3,986.2,120341250,1084.8,887.6,1102.5,649.1,1010.1,132,1,1010.0,667,9,1009.9,742,10,1009.8,1576,11,1009.7,1718,14,1010.4,1506,3,1010.5,659,6,1010.6,358,6,1010.7,1052,9,1010.8,1452,9
317,2025-11-26 12:36:30+05:30,1010.4,1,999.9,6404440,388434.0,431944.0,986.2,1012.2,981.3,986.2,120341250,1084.8,887.6,1102.5,649.1,1010.1,132,1,1010.0,667,9,1009.9,742,10,1009.8,1576,11,1009.7,1718,14,1010.4,1506,3,1010.5,659,6,1010.6,358,6,1010.7,1052,9,1010.8,1452,9
317,2025-11-26 12:36:31+05:30,1010.1,10,999.9,6404736,391423.0,431539.0,986.2,1012.2,981.3,986.2,120341250,1084.8,887.6,1102.5,649.1,1010.1,439,4,1010.0,1172,13,1009.9,1387,11,1009.8,2330,11,1009.7,1795,17,1010.4,1321,3,1010.5,656,5,1010.6,243,6,1010.7,749,7,1010.8,1452,9
317,2025-11-26 12:36:31+05:30,1010.1,9,999.9,6404736,391423.0,431539.0,986.2,1012.2,981.3,986.2,120341250,1084.8,887.6,1102.5,649.1,1010.1,439,4,1010.0,1172,13,1009.9,1387,11,1009.8,2330,11,1009.7,1795,17,1010.4,1321,3,1010.5,656,5,1010.6,243,6,1010.7,749,7,1010.8,1452,9
317,2025-11-26 12:36:32+05:30,1010.1,9,999.9,6404792,392148.0,432142.0,986.2,1012.2,981.3,986.2,120341250,1084.8,887.6,1102.5,649.1,1010.1,291,3,1010.0,1050,12,1009.9,1479,12,1009.8,2370,12,1009.7,1795,17,1010.2,49,1,1010.4,1321,3,1010.5,666,6,1010.6,243,6,1010.7,610,6
317,2025-11-26 12:36:32+05:30,1010.2,5,999.9,6404792,392148.0,432142.0,986.2,1012.2,981.3,986.2,120341250,1084.8,887.6,1102.5,649.1,1010.1,291,3,1010.0,1050,12,1009.9,1479,12,1009.8,2370,12,1009.7,1795,17,1010.2,49,1,1010.4,1321,3,1010.5,666,6,1010.6,243,6,1010.7,610,6
317,2025-11-26 12:36:33+05:30,1010.2,5,999.9,6404921,392868.0,432157.0,986.2,1012.2,981.3,986.2,120341250,1084.8,887.6,1102.5,649.1,1010.1,50,1,1010.0,898,10,1009.9,1731,14,1009.8,3120,13,1009.7,1896,17,1010.2,17,1,1010.3,57,1,1010.4,1371,4,1010.5,666,6,1010.6,412,7
317,2025-11-26 12:36:33+05:30,1010.2,800,999.9,6404921,392868.0,432157.0,986.2,1012.2,981.3,986.2,120341250,1084.8,887.6,1102.5,649.1,1010.1,50,1,1010.0,898,10,1009.9,1731,14,1009.8,3120,13,1009.7,1896,17,1010.2,17,1,1010.3,57,1,1010.4,1371,4,1010.5,666,6,1010.6,412,7
317,2025-11-26 12:36:34+05:30,1010.2,25,999.9,6406437,393787.0,430674.0,986.2,1012.2,981.3,986.2,120341250,1084.8,887.6,1102.5,649.1,1010.2,353,2,1010.1,156,2,1010.0,1339,14,1009.9,1663,14,1009.8,3200,14,1010.4,1370,3,1010.5,666,6,1010.6,42,3,1010.7,450,5,1010.8,954,10
317,2025-11-26 12:36:34+05:30,1010.4,127,999.9,6406437,393787.0,430674.0,986.2,1012.2,981.3,986.2,120341250,1084.8,887.6,1102.5,649.1,1010.2,353,2,1010.1,156,2,1010.0,1339,14,1009.9,1663,14,1009.8,3200,14,1010.4,1370,3,1010.5,666,6,1010.6,42,3,1010.7,450,5,1010.8,954,10
317,2025-11-26 12:36:34+05:30,1010.2,10,999.9,6406948,392621.0,430385.0,986.2,1012.2,981.3,986.2,120341250,1084.8,887.6,1102.5,649.1,1010.2,177,2,1010.1,156,2,1010.0,1281,14,1009.9,1663,14,1009.8,2450,13,1010.4,1248,5,1010.5,663,5,1010.6,194,4,1010.7,340,4,1010.8,711,9
317,2025-11-26 12:36:35+05:30,1010.4,1,999.9,6406948,392621.0,430385.0,986.2,1012.2,981.3,986.2,120341250,1084.8,887.6,1102.5,649.1,1010.2,177,2,1010.1,156,2,1010.0,1281,14,1009.9,1663,14,1009.8,2450,13,1010.4,1248,5,1010.5,663,5,1010.6,194,4,1010.7,340,4,1010.8,711,9
317,2025-11-26 12:36:36+05:30,1010.4,1,999.9,6407015,392651.0,430501.0,986.2,1012.2,981.3,986.2,120341250,1084.8,887.6,1102.5,649.1,1010.2,113,2,1010.1,256,3,1010.0,1281,14,1009.9,1663,14,1009.8,2450,13,1010.4,1243,4,1010.5,663,5,1010.6,193,3,1010.7,341,5,1010.8,711,9
317,2025-11-26 12:36:36+05:30,1010.4,255,999.9,6407015,392651.0,430501.0,986.2,1012.2,981.3,986.2,120341250,1084.8,887.6,1102.5,649.1,1010.2,113,2,1010.1,256,3,1010.0,1281,14,1009.9,1663,14,1009.8,2450,13,1010.4,1243,4,1010.5,663,5,1010.6,193,3,1010.7,341,5,1010.8,711,9
317,2025-11-26 12:36:37+05:30,1010.2,1,999.9,6407389,392990.0,430379.0,986.2,1012.2,981.3,986.2,120341250,1084.8,887.6,1102.5,649.1,1010.2,117,2,1010.1,256,3,1010.0,1281,14,1009.9,1663,14,1009.8,2450,13,1010.4,901,5,1010.5,759,6,1010.6,317,5,1010.7,493,6,1010.8,711,9
317,2025-11-26 12:36:37+05:30,1010.1,1,999.9,6407389,392990.0,430379.0,986.2,1012.2,981.3,986.2,120341250,1084.8,887.6,1102.5,649.1,1010.2,117,2,1010.1,256,3,1010.0,1281,14,1009.9,1663,14,1009.8,2450,13,1010.4,901,5,1010.5,759,6,1010.6,317,5,1010.7,493,6,1010.8,711,9
317,2025-11-26 12:36:38+05:30,1010.1,1,999.9,6407508,391916.0,431326.0,986.2,1012.2,981.3,986.2,120341250,1084.8,887.6,1102.5,649.1,1010.1,255,3,1010.0,1336,13,1009.9,1511,13,1009.8,2472,14,1009.7,1764,16,1010.2,2,1,1010.4,901,5,1010.5,817,7,1010.6,259,4,1010.7,447,6
317,2025-11-26 12:36:38+05:30,1010.4,108,999.9,6407508,391916.0,431326.0,986.2,1012.2,981.3,986.2,120341250,1084.8,887.6,1102.5,649.1,1010.1,255,3,1010.0,1336,13,1009.9,1511,13,1009.8,2472,14,1009.7,1764,16,1010.2,2,1,1010.4,901,5,1010.5,817,7,1010.6,259,4,1010.7,447,6
317,2025-11-26 12:36:39+05:30,1010.4,108,999.91,6407633,391806.0,430200.0,986.2,1012.2,981.3,986.2,120341250,1084.8,887.6,1102.5,649.1,1010.1,249,3,1010.0,1370,15,1009.9,1663,14,1009.8,3200,14,1009.7,1788,16,1010.4,793,5,1010.5,759,6,1010.6,259,4,1010.7,447,6,1010.8,1315,13
317,2025-11-26 12:36:39+05:30,1010.4,50,999.91,6407633,391806.0,430200.0,986.2,1012.2,981.3,986.2,120341250,1084.8,887.6,1102.5,649.1,1010.1,249,3,1010.0,1370,15,1009.9,1663,14,1009.8,3200,14,1009.7,1788,16,1010.4,793,5,1010.5,759,6,1010.6,259,4,1010.7,447,6,1010.8,1315,13
317,2025-11-26 12:36:40+05:30,1010.4,49,999.91,6407732,391094.0,430026.0,986.2,1012.2,981.3,986.2,120341250,1084.8,887.6,1102.5,649.1,1010.1,262,4,1010.0,1393,15,1009.9,1511,13,1009.8,2604,15,1009.7,1788,16,1010.4,700,9,1010.5,759,6,1010.6,411,5,1010.7,478,7,1010.8,1461,13
317,2025-11-26 12:36:40+05:30,1010.4,2,999.91,6407732,391094.0,430026.0,986.2,1012.2,981.3,986.2,120341250,1084.8,887.6,1102.5,649.1,1010.1,262,4,1010.0,1393,15,1009.9,1511,13,1009.8,2604,15,1009.7,1788,16,1010.4,700,9,1010.5,759,6,1010.6,411,5,1010.7,478,7,1010.8,1461,13
317,2025-11-26 12:36:41+05:30,1010.4,2,999.91,6407790,391214.0,430127.0,986.2,1012.2,981.3,986.2,120341250,1084.8,887.6,1102.5,649.1,1010.1,209,4,1010.0,1946,15,1009.9,1682,14,1009.8,2451,14,1009.7,2538,17,1010.4,700,11,1010.5,759,6,1010.6,270,5,1010.7,570,7,1010.8,1498,16
317,2025-11-26 12:36:41+05:30,1010.2,17,999.91,6407790,391214.0,430127.0,986.2,1012.2,981.3,986.2,120341250,1084.8,887.6,1102.5,649.1,1010.1,209,4,1010.0,1946,15,1009.9,1682,14,1009.8,2451,14,1009.7,2538,17,1010.4,700,11,1010.5,759,6,1010.6,270,5,1010.7,570,7,1010.8,1498,16
317,2025-11-26 12:36:42+05:30,1010.2,17,999.91,6407811,391491.0,431031.0,986.2,1012.2,981.3,986.2,120341250,1084.8,887.6,1102.5,649.1,1010.1,115,3,1010.0,1621,11,1009.9,1581,12,1009.8,2427,14,1009.7,1875,12,1010.2,45,1,1010.4,699,10,1010.5,749,5,1010.6,482,6,1010.7,616,7
317,2025-11-26 12:36:42+05:30,1010.2,5,999.91,6407811,391491.0,431031.0,986.2,1012.2,981.3,986.2,120341250,1084.8,887.6,1102.5,649.1,1010.1,115,3,1010.0,1621,11,1009.9,1581,12,1009.8,2427,14,1009.7,1875,12,1010.2,45,1,1010.4,699,10,1010.5,749,5,1010.6,482,6,1010.7,616,7
317,2025-11-26 12:36:43+05:30,1010.2,5,999.91,6407883,392002.0,431392.0,986.2,1012.2,981.3,986.2,120341250,1084.8,887.6,1102.5,649.1,1010.1,52,3,1010.0,1381,9,1009.9,1838,15,1009.8,3121,14,1009.7,1785,12,1010.2,41,3,1010.4,704,12,1010.5,759,6,1010.6,487,7,1010.7,621,8
317,2025-11-26 12:36:43+05:30,1010.2,31,999.91,6407883,392002.0,431392.0,986.2,1012.2,981.3,986.2,120341250,1084.8,887.6,1102.5,649.1,1010.1,52,3,1010.0,1381,9,1009.9,1838,15,1009.8,3121,14,1009.7,1785,12,1010.2,41,3,1010.4,704,12,1010.5,759,6,1010.6,487,7,1010.7,621,8
317,2025-11-26 12:36:44+05:30,1010.1,22,999.91,6408182,391960.0,431647.0,986.2,1012.2,981.3,986.2,120341250,1084.8,887.6,1102.5,649.1,1010.1,30,3,1010.0,1435,10,1009.9,1740,12,1009.8,3147,16,1009.7,1785,12,1010.2,49,7,1010.4,696,9,1010.5,759,6,1010.6,487,7,1010.7,621,8
317,2025-11-26 12:36:44+05:30,1010.0,10,999.91,6408182,391960.0,431647.0,986.2,1012.2,981.3,986.2,120341250,1084.8,887.6,1102.5,649.1,1010.1,30,3,1010.0,1435,10,1009.9,1740,12,1009.8,3147,16,1009.7,1785,12,1010.2,49,7,1010.4,696,9,1010.5,759,6,1010.6,487,7,1010.7,621,8
317,2025-11-26 12:36:45+05:30,1010.2,3,999.91,6408418,391381.0,431955.0,986.2,1012.2,981.3,986.2,120341250,1084.8,887.6,1102.5,649.1,1010.0,1181,9,1009.9,1396,10,1009.8,3453,17,1009.7,1784,11,1009.6,1065,16,1010.2,43,7,1010.4,709,8,1010.5,816,6,1010.6,660,8,1010.7,621,8
317,2025-11-26 12:36:45+05:30,1010.2,1,999.91,6408418,391381.0,431955.0,986.2,1012.2,981.3,986.2,120341250,1084.8,887.6,1102.5,649.1,1010.0,1181,9,1009.9,1396,10,1009.8,3453,17,1009.7,1784,11,1009.6,1065,16,1010.2,43,7,1010.4,709,8,1010.5,816,6,1010.6,660,8,1010.7,621,8
317,2025-11-26 12:36:46+05:30,1010.2,1,999.91,6408430,391390.0,431886.0,986.2,1012.2,981.3,986.2,120341250,1084.8,887.6,1102.5,649.1,1010.1,9,1,1010.0,1181,9,1009.9,1396,10,1009.8,3453,17,1009.7,1784,11,1010.2,44,8,1010.4,707,7,1010.5,841,7,1010.6,660,8,1010.7,621,8
317,2025-11-26 12:36:46+05:30,1010.1,9,999.91,6408430,391390.0,431886.0,986.2,1012.2,981.3,986.2,120341250,1084.8,887.6,1102.5,649.1,1010.1,9,1,1010.0,1181,9,1009.9,1396,10,1009.8,3453,17,1009.7,1784,11,1010.2,44,8,1010.4,707,7,1010.5,841,7,1010.6,660,8,1010.7,621,8
317,2025-11-26 12:36:47+05:30,1010.1,9,999.91,6408441,391518.0,432524.0,986.2,1012.2,981.3,986.2,120341250,1084.8,887.6,1102.5,649.1,1010.0,1181,9,1009.9,1250,9,1009.8,3428,16,1009.7,1784,11,1009.6,1066,17,1010.1,13,1,1010.2,22,9,1010.3,202,1,1010.4,697,6,1010.5,892,8
317,2025-11-26 12:36:48+05:30,1010.1,9,999.91,6408441,391617.0,432635.0,986.2,1012.2,981.3,986.2,120341250,1084.8,887.6,1102.5,649.1,1010.0,1181,9,1009.9,1491,11,1009.8,3255,15,1009.7,2565,13,1009.6,1066,17,1010.1,14,2,1010.2,22,9,1010.3,202,1,1010.4,699,7,1010.5,892,8
317,2025-11-26 12:36:48+05:30,1010.0,55,999.91,6408441,391617.0,432635.0,986.2,1012.2,981.3,986.2,120341250,1084.8,887.6,1102.5,649.1,1010.0,1181,9,1009.9,1491,11,1009.8,3255,15,1009.7,2565,13,1009.6,1066,17,1010.1,14,2,1010.2,22,9,1010.3,202,1,1010.4,699,7,1010.5,892,8
317,2025-11-26 12:36:48+05:30,1010.0,55,999.91,6408553,391649.0,431829.0,986.2,1012.2,981.3,986.2,120341250,1084.8,887.6,1102.5,649.1,1010.0,1124,9,1009.9,1344,9,1009.8,3255,15,1009.7,2565,13,1009.6,1066,17,1010.1,34,4,1010.2,49,8,1010.4,699,7,1010.5,786,6,1010.6,440,7
317,2025-11-26 12:36:49+05:30,1010.0,2,999.91,6408553,391649.0,431829.0,986.2,1012.2,981.3,986.2,120341250,1084.8,887.6,1102.5,649.1,1010.0,1124,9,1009.9,1344,9,1009.8,3255,15,1009.7,2565,13,1009.6,1066,17,1010.1,34,4,1010.2,49,8,1010.4,699,7,1010.5,786,6,1010.6,440,7
317,2025-11-26 12:36:50+05:30,1010.0,5,999.91,6408571,391629.0,431799.0,986.2,1012.2,981.3,986.2,120341250,1084.8,887.6,1102.5,649.1,1010.0,1106,9,1009.9,1103,7,1009.8,3428,16,1009.7,2565,13,1009.6,1066,17,1010.1,34,4,1010.2,49,8,1010.4,699,7,1010.5,952,7,1010.6,440,7
317,2025-11-26 12:36:50+05:30,1010.1,1,999.91,6408571,391629.0,431799.0,986.2,1012.2,981.3,986.2,120341250,1084.8,887.6,1102.5,649.1,1010.0,1106,9,1009.9,1103,7,1009.8,3428,16,1009.7,2565,13,1009.6,1066,17,1010.1,34,4,1010.2,49,8,1010.4,699,7,1010.5,952,7,1010.6,440,7
317,2025-11-26 12:36:51+05:30,1010.1,1,999.91,6408842,391546.0,431841.0,986.2,1012.2,981.3,986.2,120341250,1084.8,887.6,1102.5,649.1,1010.0,1092,9,1009.9,1103,7,1009.8,3443,17,1009.7,2620,14,1009.6,976,16,1010.1,73,4,1010.2,47,7,1010.4,699,7,1010.5,790,8,1010.6,440,7
317,2025-11-26 12:36:51+05:30,1010.0,60,999.91,6408842,391546.0,431841.0,986.2,1012.2,981.3,986.2,120341250,1084.8,887.6,1102.5,649.1,1010.0,1092,9,1009.9,1103,7,1009.8,3443,17,1009.7,2620,14,1009.6,976,16,1010.1,73,4,1010.2,47,7,1010.4,699,7,1010.5,790,8,1010.6,440,7
317,2025-11-26 12:36:52+05:30,1010.0,60,999.91,6409332,393134.0,431468.0,986.2,1012.2,981.3,986.2,120341250,1084.8,887.6,1102.5,649.1,1010.0,2788,9,1009.9,1333,9,1009.8,3080,13,1009.7,2646,16,1009.6,975,15,1010.1,16,2,1010.2,75,6,1010.4,699,7,1010.5,680,6,1010.6,430,6
317,2025-11-26 12:36:52+05:30,1010.1,5,999.91,6409332,393134.0,431468.0,986.2,1012.2,981.3,986.2,120341250,1084.8,887.6,1102.5,649.1,1010.0,2788,9,1009.9,1333,9,1009.8,3080,13,1009.7,2646,16,1009.6,975,15,1010.1,16,2,1010.2,75,6,1010.4,699,7,1010.5,680,6,1010.6,430,6
317,2025-11-26 12:36:53+05:30,1010.1,23,999.91,6410252,392245.0,430964.0,986.2,1012.2,981.3,986.2,120341250,1084.8,887.6,1102.5,649.1,1010.0,1787,6,1009.9,1586,11,1009.8,3080,13,1009.7,2615,15,1009.6,1044,16,1010.1,18,1,1010.2,75,6,1010.4,266,7,1010.5,795,8,1010.6,439,7
317,2025-11-26 12:36:53+05:30,1010.1,23,999.91,6410252,392245.0,430964.0,986.2,1012.2,981.3,986.2,120341250,1084.8,887.6,1102.5,649.1,1010.0,1787,6,1009.9,1586,11,1009.8,3080,13,1009.7,2615,15,1009.6,1044,16,1010.1,18,1,1010.2,75,6,1010.4,266,7,1010.5,795,8,1010.6,439,7
317,2025-11-26 12:36:54+05:30,1010.1,23,999.91,6410252,392323.0,430949.0,986.2,1012.2,981.3,986.2,120341250,1084.8,887.6,1102.5,649.1,1010.0,2001,8,1009.9,1422,10,1009.8,3080,13,1009.7,2643,16,1009.6,1044,16,1010.1,19,2,1010.2,75,6,1010.4,266,7,1010.5,795,8,1010.6,439,7
317,2025-11-26 12:36:54+05:30,1010.1,17,999.91,6410252,392323.0,430949.0,986.2,1012.2,981.3,986.2,120341250,1084.8,887.6,1102.5,649.1,1010.0,2001,8,1009.9,1422,10,1009.8,3080,13,1009.7,2643,16,1009.6,1044,16,1010.1,19,2,1010.2,75,6,1010.4,266,7,1010.5,795,8,1010.6,439,7
317,2025-11-26 12:36:55+05:30,1010.1,1,999.91,6410382,392221.0,431536.0,986.2,1012.2,981.3,986.2,120341250,1084.8,887.6,1102.5,649.1,1010.0,1837,7,1009.9,1491,10,1009.8,3073,13,1009.7,1893,15,1009.6,965,11,1010.1,9,3,1010.2,75,6,1010.4,361,8,1010.5,1058,9,1010.6,445,7
317,2025-11-26 12:36:55+05:30,1010.1,3,999.91,6410382,392221.0,431536.0,986.2,1012.2,981.3,986.2,120341250,1084.8,887.6,1102.5,649.1,1010.0,1837,7,1009.9,1491,10,1009.8,3073,13,1009.7,1893,15,1009.6,965,11,1010.1,9,3,1010.2,75,6,1010.4,361,8,1010.5,1058,9,1010.6,445,7
317,2025-11-26 12:36:56+05:30,1010.1,1,999.91,6410398,390834.0,431539.0,986.2,1012.2,981.3,986.2,120341250,1084.8,887.6,1102.5,649.1,1010.0,1664,6,1009.9,999,6,1009.8,974,10,1009.7,1788,13,1009.6,2577,14,1010.1,17,4,1010.2,75,6,1010.3,5,1,1010.4,361,8,1010.5,1123,10
317,2025-11-26 12:36:56+05:30,1010.1,9,999.91,6410398,390834.0,431539.0,986.2,1012.2,981.3,986.2,120341250,1084.8,887.6,1102.5,649.1,1010.0,1664,6,1009.9,999,6,1009.8,974,10,1009.7,1788,13,1009.6,2577,14,1010.1,17,4,1010.2,75,6,1010.3,5,1,1010.4,361,8,1010.5,1123,10
317,2025-11-26 12:36:57+05:30,1010.1,44,999.91,6410398,390834.0,431539.0,986.2,1012.2,981.3,986.2,120341250,1084.8,887.6,1102.5,649.1,1010.0,1664,6,1009.9,999,6,1009.8,974,10,1009.7,1788,13,1009.6,2577,14,1010.1,17,4,1010.2,75,6,1010.3,5,1,1010.4,361,8,1010.5,1123,10
317,2025-11-26 12:36:58+05:30,1010.1,44,999.91,6411135,393064.0,430899.0,986.2,1012.2,981.3,986.2,120341250,1084.8,887.6,1102.5,649.1,1010.1,2421,3,1010.0,1817,6,1009.9,845,8,1009.8,1423,12,1009.7,1596,11,1010.2,13,2,1010.3,5,1,1010.4,64,6,1010.5,957,9,1010.6,496,7
317,2025-11-26 12:36:58+05:30,1010.1,27,999.91,6411135,393064.0,430899.0,986.2,1012.2,981.3,986.2,120341250,1084.8,887.6,1102.5,649.1,1010.1,2421,3,1010.0,1817,6,1009.9,845,8,1009.8,1423,12,1009.7,1596,11,1010.2,13,2,1010.3,5,1,1010.4,64,6,1010.5,957,9,1010.6,496,7
317,2025-11-26 12:36:59+05:30,1010.1,1,999.91,6411296,392572.0,431092.0,986.2,1012.2,981.3,986.2,120341250,1084.8,887.6,1102.5,649.1,1010.1,2337,3,1010.0,1700,6,1009.9,779,7,1009.8,872,10,1009.7,1531,10,1010.2,1,1,1010.3,5,1,1010.4,75,8,1010.5,1148,11,1010.6,480,6
317,2025-11-26 12:36:59+05:30,1010.1,1,999.91,6411296,392572.0,431092.0,986.2,1012.2,981.3,986.2,120341250,1084.8,887.6,1102.5,649.1,1010.1,2337,3,1010.0,1700,6,1009.9,779,7,1009.8,872,10,1009.7,1531,10,1010.2,1,1,1010.3,5,1,1010.4,75,8,1010.5,1148,11,1010.6,480,6
317,2025-11-26 12:37:00+05:30,1010.2,1,999.91,6411357,392882.0,431518.0,986.2,1012.2,981.3,986.2,120341250,1084.8,887.6,1102.5,649.1,1010.1,2277,3,1010.0,1651,5,1009.9,402,4,1009.8,950,9,1009.7,1770,12,1010.2,1,1,1010.3,5,1,1010.4,390,11,1010.5,1248,13,1010.6,516,9
317,2025-11-26 12:37:00+05:30,1010.2,1,999.91,6411357,392882.0,431518.0,986.2,1012.2,981.3,986.2,120341250,1084.8,887.6,1102.5,649.1,1010.1,2277,3,1010.0,1651,5,1009.9,402,4,1009.8,950,9,1009.7,1770,12,1010.2,1,1,1010.3,5,1,1010.4,390,11,1010.5,1248,13,1010.6,516,9
317,2025-11-26 12:37:01+05:30,1010.1,503,999.91,6412025,389766.0,431312.0,986.2,1012.2,981.3,986.2,120341250,1084.8,887.6,1102.5,649.1,1010.1,1625,3,1010.0,1646,4,1009.9,236,3,1009.8,367,5,1009.7,1995,10,1010.3,1,1,1010.4,906,16,1010.5,1269,14,1010.6,516,9,1010.7,1177,10
317,2025-11-26 12:37:01+05:30,1010.1,27,999.91,6412025,389766.0,431312.0,986.2,1012.2,981.3,986.2,120341250,1084.8,887.6,1102.5,649.1,1010.1,1625,3,1010.0,1646,4,1009.9,236,3,1009.8,367,5,1009.7,1995,10,1010.3,1,1,1010.4,906,16,1010.5,1269,14,1010.6,516,9,1010.7,1177,10
317,2025-11-26 12:37:02+05:30,1010.3,1,999.91,6412230,389764.0,431184.0,986.2,1012.2,981.3,986.2,120341250,1084.8,887.6,1102.5,649.1,1010.1,1421,3,1010.0,1646,4,1009.9,400,4,1009.8,1094,7,1009.7,1415,9,1010.3,5,1,1010.4,774,15,1010.5,1248,13,1010.6,516,9,1010.7,1197,10
317,2025-11-26 12:37:02+05:30,1010.3,1,999.91,6412230,389764.0,431184.0,986.2,1012.2,981.3,986.2,120341250,1084.8,887.6,1102.5,649.1,1010.1,1421,3,1010.0,1646,4,1009.9,400,4,1009.8,1094,7,1009.7,1415,9,1010.3,5,1,1010.4,774,15,1010.5,1248,13,1010.6,516,9,1010.7,1197,10
317,2025-11-26 12:37:03+05:30,1010.3,2,999.91,6412279,389175.0,431301.0,986.2,1012.2,981.3,986.2,120341250,1084.8,887.6,1102.5,649.1,1010.3,3,1,1010.1,1421,3,1010.0,1759,5,1009.9,447,5,1009.8,1074,6,1010.4,338,11,1010.5,1433,15,1010.6,480,6,1010.7,1069,9,1010.8,1884,15
317,2025-11-26 12:37:03+05:30,1010.3,8,999.91,6412279,389175.0,431301.0,986.2,1012.2,981.3,986.2,120341250,1084.8,887.6,1102.5,649.1,1010.3,3,1,1010.1,1421,3,1010.0,1759,5,1009.9,447,5,1009.8,1074,6,1010.4,338,11,1010.5,1433,15,1010.6,480,6,1010.7,1069,9,1010.8,1884,15
317,2025-11-26 12:37:04+05:30,1010.3,1,999.91,6412290,389164.0,431550.0,986.2,1012.2,981.3,986.2,120341250,1084.8,887.6,1102.5,649.1,1010.3,22,3,1010.1,1408,2,1010.0,1742,4,1009.9,447,5,1009.8,1074,6,1010.4,169,10,1010.5,1602,16,1010.6,480,6,1010.7,1075,10,1010.8,1884,15
317,2025-11-26 12:37:04+05:30,1010.3,1,999.91,6412290,389164.0,431550.0,986.2,1012.2,981.3,986.2,120341250,1084.8,887.6,1102.5,649.1,1010.3,22,3,1010.1,1408,2,1010.0,1742,4,1009.9,447,5,1009.8,1074,6,1010.4,169,10,1010.5,1602,16,1010.6,480,6,1010.7,1075,10,1010.8,1884,15
317,2025-11-26 12:37:05+05:30,1010.5,29,999.91,6412559,389154.0,429821.0,986.2,1012.2,981.3,986.2,120341250,1084.8,887.6,1102.5,649.1,1010.3,30,3,1010.1,1521,3,1010.0,1749,6,1009.9,447,5,1009.8,1127,8,1010.5,782,9,1010.6,829,10,1010.7,586,9,1010.8,908,14,1010.9,1612,13
317,2025-11-26 12:37:05+05:30,1010.4,1,999.91,6412559,389154.0,429821.0,986.2,1012.2,981.3,986.2,120341250,1084.8,887.6,1102.5,649.1,1010.3,30,3,1010.1,1521,3,1010.0,1749,6,1009.9,447,5,1009.8,1127,8,1010.5,782,9,1010.6,829,10,1010.7,586,9,1010.8,908,14,1010.9,1612,13
317,2025-11-26 12:37:06+05:30,1010.3,28,999.91,6412728,389014.0,430016.0,986.2,1012.2,981.3,986.2,120341250,1084.8,887.6,1102.5,649.1,1010.3,17,1,1010.2,482,1,1010.1,1521,3,1010.0,1959,8,1009.9,661,7,1010.5,1004,12,1010.6,491,8,1010.7,510,7,1010.8,799,13,1010.9,1105,12
317,2025-11-26 12:37:06+05:30,1010.5,1,999.91,6412728,389014.0,430016.0,986.2,1012.2,981.3,986.2,120341250,1084.8,887.6,1102.5,649.1,1010.3,17,1,1010.2,482,1,1010.1,1521,3,1010.0,1959,8,1009.9,661,7,1010.5,1004,12,1010.6,491,8,1010.7,510,7,1010.8,799,13,1010.9,1105,12
317,2025-11-26 12:37:07+05:30,1010.5,1,999.91,6412735,389304.0,429863.0,986.2,1012.2,981.3,986.2,120341250,1084.8,887.6,1102.5,649.1,1010.3,11,1,1010.1,1521,3,1010.0,1913,7,1009.9,661,7,1009.8,1385,14,1010.5,835,12,1010.6,637,8,1010.7,536,9,1010.8,799,13,1010.9,1660,13
317,2025-11-26 12:37:08+05:30,1010.5,1,999.91,6412736,389298.0,429888.0,986.2,1012.2,981.3,986.2,120341250,1084.8,887.6,1102.5,649.1,1010.3,11,1,1010.1,1521,3,1010.0,1913,7,1009.9,661,7,1009.8,1379,14,1010.5,630,10,1010.6,806,9,1010.7,536,9,1010.8,799,13,1010.9,1660,13
317,2025-11-26 12:37:08+05:30,1010.5,1,999.91,6412736,389298.0,429888.0,986.2,1012.2,981.3,986.2,120341250,1084.8,887.6,1102.5,649.1,1010.3,11,1,1010.1,1521,3,1010.0,1913,7,1009.9,661,7,1009.8,1379,14,1010.5,630,10,1010.6,806,9,1010.7,536,9,1010.8,799,13,1010.9,1660,13
317,2025-11-26 12:37:09+05:30,1010.5,1,999.91,6412736,389292.0,429889.0,986.2,1012.2,981.3,986.2,120341250,1084.8,887.6,1102.5,649.1,1010.3,11,1,1010.1,1521,3,1010.0,1913,7,1009.9,661,7,1009.8,1388,15,1010.5,836,14,1010.6,637,8,1010.7,536,9,1010.8,799,13,1010.9,1660,13
317,2025-11-26 12:37:10+05:30,1010.5,1,999.91,6412739,389363.0,430518.0,986.2,1012.2,981.3,986.2,120341250,1084.8,887.6,1102.5,649.1,1010.3,11,1,1010.1,1521,3,1010.0,1993,8,1009.9,661,7,1009.8,876,14,1010.5,833,14,1010.6,637,8,1010.7,536,9,1010.8,912,14,1010.9,1660,13
317,2025-11-26 12:37:10+05:30,1010.5,2,999.91,6412739,389363.0,430518.0,986.2,1012.2,981.3,986.2,120341250,1084.8,887.6,1102.5,649.1,1010.3,11,1,1010.1,1521,3,1010.0,1993,8,1009.9,661,7,1009.8,876,14,1010.5,833,14,1010.6,637,8,1010.7,536,9,1010.8,912,14,1010.9,1660,13
317,2025-11-26 12:37:11+05:30,1010.1,94,999.91,6412739,389363.0,430518.0,986.2,1012.2,981.3,986.2,120341250,1084.8,887.6,1102.5,649.1,1010.3,11,1,1010.1,1521,3,1010.0,1993,8,1009.9,661,7,1009.8,876,14,1010.5,833,14,1010.6,637,8,1010.7,536,9,1010.8,912,14,1010.9,1660,13
317,2025-11-26 12:37:11+05:30,1010.1,94,999.91,6412952,389785.0,432104.0,986.2,1012.2,981.3,986.2,120341250,1084.8,887.6,1102.5,649.1,1010.1,1314,2,1010.0,1920,7,1009.9,1075,10,1009.8,1034,15,1009.7,1290,9,1010.3,32,1,1010.5,727,14,1010.6,647,10,1010.7,1480,13,1010.8,2154,17
317,2025-11-26 12:37:12+05:30,1010.3,6,999.91,6412952,389785.0,432104.0,986.2,1012.2,981.3,986.2,120341250,1084.8,887.6,1102.5,649.1,1010.1,1314,2,1010.0,1920,7,1009.9,1075,10,1009.8,1034,15,1009.7,1290,9,1010.3,32,1,1010.5,727,14,1010.6,647,10,1010.7,1480,13,1010.8,2154,17
317,2025-11-26 12:37:13+05:30,1010.3,6,999.91,6413031,389601.0,431612.0,986.2,1012.2,981.3,986.2,120341250,1084.8,887.6,1102.5,649.1,1010.2,50,1,1010.1,1297,4,1010.0,1880,7,1009.9,646,6,1009.8,1860,18,1010.3,27,2,1010.5,677,13,1010.6,429,7,1010.7,1278,12,1010.8,1229,17
317,2025-11-26 12:37:13+05:30,1010.2,1,999.91,6413031,389601.0,431612.0,986.2,1012.2,981.3,986.2,120341250,1084.8,887.6,1102.5,649.1,1010.2,50,1,1010.1,1297,4,1010.0,1880,7,1009.9,646,6,1009.8,1860,18,1010.3,27,2,1010.5,677,13,1010.6,429,7,1010.7,1278,12,1010.8,1229,17
317,2025-11-26 12:37:14+05:30,1010.4,31,999.91,6413353,388384.0,432136.0,986.2,1012.2,981.3,986.2,120341250,1084.8,887.6,1102.5,649.1,1010.2,49,1,1010.1,1297,4,1010.0,1923,8,1009.9,833,11,1009.8,1200,15,1010.4,21,1,1010.5,745,10,1010.6,480,8,1010.7,631,10,1010.8,1971,18
317,2025-11-26 12:37:14+05:30,1010.4,2,999.91,6413353,388384.0,432136.0,986.2,1012.2,981.3,986.2,120341250,1084.8,887.6,1102.5,649.1,1010.2,49,1,1010.1,1297,4,1010.0,1923,8,1009.9,833,11,1009.8,1200,15,1010.4,21,1,1010.5,745,10,1010.6,480,8,1010.7,631,10,1010.8,1971,18
317,2025-11-26 12:37:14+05:30,1010.4,2,999.91,6413356,390128.0,432213.0,986.2,1012.2,981.3,986.2,120341250,1084.8,887.6,1102.5,649.1,1010.3,111,1,1010.2,62,2,1010.1,1793,4,1010.0,2027,9,1009.9,833,11,1010.4,26,2,1010.5,491,8,1010.6,597,8,1010.7,631,10,1010.8,1673,17
317,2025-11-26 12:37:15+05:30,1010.4,1,999.91,6413356,390128.0,432213.0,986.2,1012.2,981.3,986.2,120341250,1084.8,887.6,1102.5,649.1,1010.3,111,1,1010.2,62,2,1010.1,1793,4,1010.0,2027,9,1009.9,833,11,1010.4,26,2,1010.5,491,8,1010.6,597,8,1010.7,631,10,1010.8,1673,17
317,2025-11-26 12:37:16+05:30,1010.3,11,999.91,6413370,389341.0,432237.0,986.2,1012.2,981.3,986.2,120341250,1084.8,887.6,1102.5,649.1,1010.3,100,1,1010.2,62,2,1010.1,1284,3,1010.0,2027,9,1009.9,1316,12,1010.4,24,3,1010.5,489,7,1010.6,597,8,1010.7,1154,11,1010.8,1971,18
317,2025-11-26 12:37:16+05:30,1010.4,1,999.91,6413370,389341.0,432237.0,986.2,1012.2,981.3,986.2,120341250,1084.8,887.6,1102.5,649.1,1010.3,100,1,1010.2,62,2,1010.1,1284,3,1010.0,2027,9,1009.9,1316,12,1010.4,24,3,1010.5,489,7,1010.6,597,8,1010.7,1154,11,1010.8,1971,18
317,2025-11-26 12:37:17+05:30,1010.3,98,999.91,6413471,389189.0,432532.0,986.2,1012.2,981.3,986.2,120341250,1084.8,887.6,1102.5,649.1,1010.2,62,2,1010.1,1284,3,1010.0,2027,9,1009.9,1323,12,1009.8,1168,14,1010.3,2,1,1010.4,24,4,1010.5,329,6,1010.6,699,8,1010.7,631,10
317,2025-11-26 12:37:17+05:30,1010.2,5,999.91,6413471,389189.0,432532.0,986.2,1012.2,981.3,986.2,120341250,1084.8,887.6,1102.5,649.1,1010.2,62,2,1010.1,1284,3,1010.0,2027,9,1009.9,1323,12,1009.8,1168,14,1010.3,2,1,1010.4,24,4,1010.5,329,6,1010.6,699,8,1010.7,631,10
317,2025-11-26 12:37:18+05:30,1010.2,1,999.91,6413478,389991.0,432692.0,986.2,1012.2,981.3,986.2,120341250,1084.8,887.6,1102.5,649.1,1010.2,56,2,1010.1,1284,3,1010.0,2027,9,1009.9,1381,12,1009.8,1168,14,1010.3,3,2,1010.4,24,4,1010.5,489,7,1010.6,565,8,1010.7,1312,12
317,2025-11-26 12:37:18+05:30,1010.3,20,999.91,6413478,389991.0,432692.0,986.2,1012.2,981.3,986.2,120341250,1084.8,887.6,1102.5,649.1,1010.2,56,2,1010.1,1284,3,1010.0,2027,9,1009.9,1381,12,1009.8,1168,14,1010.3,3,2,1010.4,24,4,1010.5,489,7,1010.6,565,8,1010.7,1312,12
317,2025-11-26 12:37:19+05:30,1010.3,29,999.91,6413653,387910.0,432280.0,986.2,1012.2,981.3,986.2,120341250,1084.8,887.6,1102.5,649.1,1010.1,1215,3,1010.0,1880,7,1009.9,1256,11,1009.8,850,12,1009.7,1544,11,1010.4,24,4,1010.5,519,8,1010.6,637,9,1010.7,833,11,1010.8,2007,19
317,2025-11-26 12:37:19+05:30,1010.3,29,999.91,6413653,387910.0,432280.0,986.2,1012.2,981.3,986.2,120341250,1084.8,887.6,1102.5,649.1,1010.1,1215,3,1010.0,1880,7,1009.9,1256,11,1009.8,850,12,1009.7,1544,11,1010.4,24,4,1010.5,519,8,1010.6,637,9,1010.7,833,11,1010.8,2007,19
317,2025-11-26 12:37:20+05:30,1010.3,5,999.91,6413659,388884.0,431440.0,986.2,1012.2,981.3,986.2,120341250,1084.8,887.6,1102.5,649.1,1010.1,1214,3,1010.0,2296,11,1009.9,993,12,1009.8,850,12,1009.7,1384,10,1010.3,3,2,1010.4,16,2,1010.5,329,6,1010.6,435,7,1010.7,791,11
317,2025-11-26 12:37:20+05:30,1010.4,14,999.91,6413659,388884.0,431440.0,986.2,1012.2,981.3,986.2,120341250,1084.8,887.6,1102.5,649.1,1010.1,1214,3,1010.0,2296,11,1009.9,993,12,1009.8,850,12,1009.7,1384,10,1010.3,3,2,1010.4,16,2,1010.5,329,6,1010.6,435,7,1010.7,791,11
317,2025-11-26 12:37:21+05:30,1010.4,14,999.91,6413849,388641.0,432434.0,986.2,1012.2,981.3,986.2,120341250,1084.8,887.6,1102.5,649.1,1010.3,1,1,1010.1,1662,4,1010.0,1992,8,1009.9,737,10,1009.8,944,13,1010.4,120,6,1010.5,573,8,1010.6,686,10,1010.7,724,10,1010.8,1934,17
317,2025-11-26 12:37:21+05:30,1010.1,20,999.91,6413849,388641.0,432434.0,986.2,1012.2,981.3,986.2,120341250,1084.8,887.6,1102.5,649.1,1010.3,1,1,1010.1,1662,4,1010.0,1992,8,1009.9,737,10,1009.8,944,13,1010.4,120,6,1010.5,573,8,1010.6,686,10,1010.7,724,10,1010.8,1934,17
317,2025-11-26 12:37:22+05:30,1010.1,20,999.92,6414466,389988.0,432006.0,986.2,1012.2,981.3,986.2,120341250,1084.8,887.6,1102.5,649.1,1010.1,1116,7,1010.0,2425,13,1009.9,738,10,1009.8,944,13,1009.7,1492,12,1010.2,15,1,1010.4,45,2,1010.5,436,5,1010.6,553,7,1010.7,752,10
317,2025-11-26 12:37:22+05:30,1010.2,4,999.92,6414466,389988.0,432006.0,986.2,1012.2,981.3,986.2,120341250,1084.8,887.6,1102.5,649.1,1010.1,1116,7,1010.0,2425,13,1009.9,738,10,1009.8,944,13,1009.7,1492,12,1010.2,15,1,1010.4,45,2,1010.5,436,5,1010.6,553,7,1010.7,752,10
317,2025-11-26 12:37:23+05:30,1010.2,6,999.92,6414627,390579.0,431810.0,986.2,1012.2,981.3,986.2,120341250,1084.8,887.6,1102.5,649.1,1010.1,856,5,1010.0,2112,11,1009.9,986,12,1009.8,970,14,1009.7,1492,12,1010.2,1,1,1010.4,45,2,1010.5,326,5,1010.6,511,6,1010.7,752,10
317,2025-11-26 12:37:23+05:30,1010.2,1,999.92,6414627,390579.0,431810.0,986.2,1012.2,981.3,986.2,120341250,1084.8,887.6,1102.5,649.1,1010.1,856,5,1010.0,2112,11,1009.9,986,12,1009.8,970,14,1009.7,1492,12,1010.2,1,1,1010.4,45,2,1010.5,326,5,1010.6,511,6,1010.7,752,10
317,2025-11-26 12:37:24+05:30,1010.2,1,999.92,6414628,390580.0,431870.0,986.2,1012.2,981.3,986.2,120341250,1084.8,887.6,1102.5,649.1,1010.1,702,4,1010.0,2266,12,1009.9,986,12,1009.8,970,14,1009.7,1492,12,1010.2,20,3,1010.4,45,2,1010.5,336,6,1010.6,511,6,1010.7,752,10
317,2025-11-26 12:37:25+05:30,1010.2,2,999.92,6414630,390821.0,431845.0,986.2,1012.2,981.3,986.2,120341250,1084.8,887.6,1102.5,649.1,1010.1,611,3,1010.0,2047,9,1009.9,928,11,1009.8,944,13,1009.7,1644,13,1010.2,18,3,1010.3,61,1,1010.4,4,1,1010.5,336,6,1010.6,552,7
317,2025-11-26 12:37:25+05:30,1010.2,2,999.92,6414630,390821.0,431845.0,986.2,1012.2,981.3,986.2,120341250,1084.8,887.6,1102.5,649.1,1010.1,611,3,1010.0,2047,9,1009.9,928,11,1009.8,944,13,1009.7,1644,13,1010.2,18,3,1010.3,61,1,1010.4,4,1,1010.5,336,6,1010.6,552,7
317,2025-11-26 12:37:26+05:30,1010.2,1,999.92,6414811,390677.0,431983.0,986.2,1012.2,981.3,986.2,120341250,1084.8,887.6,1102.5,649.1,1010.1,460,3,1010.0,1893,8,1009.9,1137,13,1009.8,972,14,1009.7,1644,13,1010.2,15,3,1010.3,61,1,1010.5,336,6,1010.6,552,7,1010.7,680,9
317,2025-11-26 12:37:26+05:30,1010.1,83,999.92,6414811,390677.0,431983.0,986.2,1012.2,981.3,986.2,120341250,1084.8,887.6,1102.5,649.1,1010.1,460,3,1010.0,1893,8,1009.9,1137,13,1009.8,972,14,1009.7,1644,13,1010.2,15,3,1010.3,61,1,1010.5,336,6,1010.6,552,7,1010.7,680,9
317,2025-11-26 12:37:27+05:30,1010.1,16,999.92,6414910,390578.0,431897.0,986.2,1012.2,981.3,986.2,120341250,1084.8,887.6,1102.5,649.1,1010.1,361,3,1010.0,1893,8,1009.9,1137,13,1009.8,972,14,1009.7,1644,13,1010.2,10,4,1010.3,61,1,1010.4,53,1,1010.5,336,6,1010.6,552,7
317,2025-11-26 12:37:27+05:30,1010.2,1,999.92,6414910,390578.0,431897.0,986.2,1012.2,981.3,986.2,120341250,1084.8,887.6,1102.5,649.1,1010.1,361,3,1010.0,1893,8,1009.9,1137,13,1009.8,972,14,1009.7,1644,13,1010.2,10,4,1010.3,61,1,1010.4,53,1,1010.5,336,6,1010.6,552,7
317,2025-11-26 12:37:28+05:30,1010.1,23,999.92,6414938,390526.0,431905.0,986.2,1012.2,981.3,986.2,120341250,1084.8,887.6,1102.5,649.1,1010.1,334,3,1010.0,1893,8,1009.9,1137,13,1009.8,972,14,1009.7,1644,13,1010.2,6,3,1010.3,61,1,1010.4,53,1,1010.5,336,6,1010.6,552,7
317,2025-11-26 12:37:28+05:30,1010.1,11,999.92,6414938,390526.0,431905.0,986.2,1012.2,981.3,986.2,120341250,1084.8,887.6,1102.5,649.1,1010.1,334,3,1010.0,1893,8,1009.9,1137,13,1009.8,972,14,1009.7,1644,13,1010.2,6,3,1010.3,61,1,1010.4,53,1,1010.5,336,6,1010.6,552,7
317,2025-11-26 12:37:29+05:30,1010.1,11,999.92,6415005,387863.0,431931.0,986.2,1012.2,981.3,986.2,120341250,1084.8,887.6,1102.5,649.1,1010.1,317,3,1010.0,1893,8,1009.9,897,9,1009.8,1124,16,1009.7,1564,12,1010.3,49,1,1010.4,53,1,1010.5,336,6,1010.6,562,8,1010.7,680,9
317,2025-11-26 12:37:29+05:30,1010.1,1,999.92,6415005,387863.0,431931.0,986.2,1012.2,981.3,986.2,120341250,1084.8,887.6,1102.5,649.1,1010.1,317,3,1010.0,1893,8,1009.9,897,9,1009.8,1124,16,1009.7,1564,12,1010.3,49,1,1010.4,53,1,1010.5,336,6,1010.6,562,8,1010.7,680,9
317,2025-11-26 12:37:30+05:30,1010.3,24,999.92,6415041,388226.0,432075.0,986.2,1012.2,981.3,986.2,120341250,1084.8,887.6,1102.5,649.1,1010.1,319,4,1010.0,1945,9,1009.9,1051,10,1009.8,970,15,1009.7,1564,12,1010.3,29,2,1010.4,53,1,1010.5,336,6,1010.6,716,9,1010.7,680,9
317,2025-11-26 12:37:30+05:30,1010.3,1,999.92,6415041,388226.0,432075.0,986.2,1012.2,981.3,986.2,120341250,1084.8,887.6,1102.5,649.1,1010.1,319,4,1010.0,1945,9,1009.9,1051,10,1009.8,970,15,1009.7,1564,12,1010.3,29,2,1010.4,53,1,1010.5,336,6,1010.6,716,9,1010.7,680,9
317,2025-11-26 12:37:31+05:30,1010.3,1,999.92,6415070,388859.0,432135.0,986.2,1012.2,981.3,986.2,120341250,1084.8,887.6,1102.5,649.1,1010.1,873,6,1010.0,2139,11,1009.9,962,11,1009.8,970,15,1009.7,1564,12,1010.3,63,3,1010.4,53,1,1010.5,336,6,1010.6,562,8,1010.7,833,10
317,2025-11-26 12:37:31+05:30,1010.3,1,999.92,6415070,388859.0,432135.0,986.2,1012.2,981.3,986.2,120341250,1084.8,887.6,1102.5,649.1,1010.1,873,6,1010.0,2139,11,1009.9,962,11,1009.8,970,15,1009.7,1564,12,1010.3,63,3,1010.4,53,1,1010.5,336,6,1010.6,562,8,1010.7,833,10
317,2025-11-26 12:37:32+05:30,1010.1,125,999.92,6415196,390167.0,432041.0,986.2,1012.2,981.3,986.2,120341250,1084.8,887.6,1102.5,649.1,1010.1,235,5,1010.0,1986,10,1009.9,938,10,1009.8,970,15,1009.7,1717,13,1010.2,28,1,1010.3,64,4,1010.4,53,1,1010.5,336,6,1010.6,562,8
317,2025-11-26 12:37:32+05:30,1010.2,5,999.92,6415196,390167.0,432041.0,986.2,1012.2,981.3,986.2,120341250,1084.8,887.6,1102.5,649.1,1010.1,235,5,1010.0,1986,10,1009.9,938,10,1009.8,970,15,1009.7,1717,13,1010.2,28,1,1010.3,64,4,1010.4,53,1,1010.5,336,6,1010.6,562,8
317,2025-11-26 12:37:33+05:30,1010.2,23,999.92,6415259,389925.0,432036.0,986.2,1012.2,981.3,986.2,120341250,1084.8,887.6,1102.5,649.1,1010.1,204,5,1010.0,1986,10,1009.9,896,9,1009.8,938,15,1009.7,1717,13,1010.2,28,1,1010.3,64,4,1010.4,53,1,1010.5,422,8,1010.6,562,8
317,2025-11-26 12:37:33+05:30,1010.2,23,999.92,6415259,389925.0,432036.0,986.2,1012.2,981.3,986.2,120341250,1084.8,887.6,1102.5,649.1,1010.1,204,5,1010.0,1986,10,1009.9,896,9,1009.8,938,15,1009.7,1717,13,1010.2,28,1,1010.3,64,4,1010.4,53,1,1010.5,422,8,1010.6,562,8
317,2025-11-26 12:37:34+05:30,1010.2,23,999.92,6415259,389961.0,431998.0,986.2,1012.2,981.3,986.2,120341250,1084.8,887.6,1102.5,649.1,1010.1,204,5,1010.0,1986,10,1009.9,896,9,1009.8,1185,18,1009.7,1564,12,1010.2,29,2,1010.3,64,4,1010.4,53,1,1010.5,422,8,1010.6,562,8
317,2025-11-26 12:37:34+05:30,1010.2,25,999.92,6415259,389961.0,431998.0,986.2,1012.2,981.3,986.2,120341250,1084.8,887.6,1102.5,649.1,1010.1,204,5,1010.0,1986,10,1009.9,896,9,1009.8,1185,18,1009.7,1564,12,1010.2,29,2,1010.3,64,4,1010.4,53,1,1010.5,422,8,1010.6,562,8
317,2025-11-26 12:37:35+05:30,1010.1,6,999.92,6415381,389984.0,432026.0,986.2,1012.2,981.3,986.2,120341250,1084.8,887.6,1102.5,649.1,1010.1,198,5,1010.0,2023,11,1009.9,1086,11,1009.8,1029,17,1009.7,1564,12,1010.2,34,4,1010.3,101,4,1010.4,53,1,1010.5,336,6,1010.6,551,8
317,2025-11-26 12:37:35+05:30,1010.2,2,999.92,6415381,389984.0,432026.0,986.2,1012.2,981.3,986.2,120341250,1084.8,887.6,1102.5,649.1,1010.1,198,5,1010.0,2023,11,1009.9,1086,11,1009.8,1029,17,1009.7,1564,12,1010.2,34,4,1010.3,101,4,1010.4,53,1,1010.5,336,6,1010.6,551,8
317,2025-11-26 12:37:36+05:30,1010.2,2,999.92,6415391,389929.0,432123.0,986.2,1012.2,981.3,986.2,120341250,1084.8,887.6,1102.5,649.1,1010.1,190,5,1010.0,1934,9,1009.9,778,9,1009.8,1343,19,1009.7,1564,12,1010.2,151,4,1010.3,100,3,1010.4,53,1,1010.5,342,7,1010.6,559,8
317,2025-11-26 12:37:36+05:30,1010.1,1,999.92,6415391,389929.0,432123.0,986.2,1012.2,981.3,986.2,120341250,1084.8,887.6,1102.5,649.1,1010.1,190,5,1010.0,1934,9,1009.9,778,9,1009.8,1343,19,1009.7,1564,12,1010.2,151,4,1010.3,100,3,1010.4,53,1,1010.5,342,7,1010.6,559,8
317,2025-11-26 12:37:37+05:30,1010.1,1,999.92,6415528,389840.0,432048.0,986.2,1012.2,981.3,986.2,120341250,1084.8,887.6,1102.5,649.1,1010.1,101,3,1010.0,1934,9,1009.9,778,9,1009.8,1343,19,1009.7,1564,12,1010.2,124,4,1010.3,99,2,1010.4,53,1,1010.5,342,7,1010.6,572,9
317,2025-11-26 12:37:37+05:30,1010.1,5,999.92,6415528,389840.0,432048.0,986.2,1012.2,981.3,986.2,120341250,1084.8,887.6,1102.5,649.1,1010.1,101,3,1010.0,1934,9,1009.9,778,9,1009.8,1343,19,1009.7,1564,12,1010.2,124,4,1010.3,99,2,1010.4,53,1,1010.5,342,7,1010.6,572,9
317,2025-11-26 12:37:38+05:30,1010.1,8,999.92,6415578,390118.0,432288.0,986.2,1012.2,981.3,986.2,120341250,1084.8,887.6,1102.5,649.1,1010.1,74,3,1010.0,1921,8,1009.9,931,10,1009.8,1190,18,1009.7,1564,12,1010.2,118,4,1010.3,99,2,1010.4,236,2,1010.5,342,7,1010.6,601,10
317,2025-11-26 12:37:38+05:30,1010.1,1,999.92,6415578,390118.0,432288.0,986.2,1012.2,981.3,986.2,120341250,1084.8,887.6,1102.5,649.1,1010.1,74,3,1010.0,1921,8,1009.9,931,10,1009.8,1190,18,1009.7,1564,12,1010.2,118,4,1010.3,99,2,1010.4,236,2,1010.5,342,7,1010.6,601,10
317,2025-11-26 12:37:39+05:30,1010.2,83,999.92,6415786,389802.0,432146.0,986.2,1012.2,981.3,986.2,120341250,1084.8,887.6,1102.5,649.1,1010.1,1066,4,1010.0,1921,8,1009.9,931,10,1009.8,1190,18,1009.7,1564,12,1010.2,39,2,1010.3,99,2,1010.4,267,4,1010.5,388,8,1010.6,569,8
317,2025-11-26 12:37:39+05:30,1010.1,3,999.92,6415786,389802.0,432146.0,986.2,1012.2,981.3,986.2,120341250,1084.8,887.6,1102.5,649.1,1010.1,1066,4,1010.0,1921,8,1009.9,931,10,1009.8,1190,18,1009.7,1564,12,1010.2,39,2,1010.3,99,2,1010.4,267,4,1010.5,388,8,1010.6,569,8
317,2025-11-26 12:37:40+05:30,1010.1,3,999.92,6415786,389802.0,432146.0,986.2,1012.2,981.3,986.2,120341250,1084.8,887.6,1102.5,649.1,1010.1,1066,4,1010.0,1921,8,1009.9,931,10,1009.8,1190,18,1009.7,1564,12,1010.2,39,2,1010.3,99,2,1010.4,267,4,1010.5,388,8,1010.6,569,8
317,2025-11-26 12:37:40+05:30,1010.1,2,999.92,6415965,389783.0,432416.0,986.2,1012.2,981.3,986.2,120341250,1084.8,887.6,1102.5,649.1,1010.1,1084,4,1010.0,1968,9,1009.9,1027,10,1009.8,974,14,1009.7,1628,16,1010.2,9,2,1010.3,99,2,1010.4,267,4,1010.5,342,7,1010.6,553,7
317,2025-11-26 12:37:40+05:30,1010.2,3,999.92,6415965,389783.0,432416.0,986.2,1012.2,981.3,986.2,120341250,1084.8,887.6,1102.5,649.1,1010.1,1084,4,1010.0,1968,9,1009.9,1027,10,1009.8,974,14,1009.7,1628,16,1010.2,9,2,1010.3,99,2,1010.4,267,4,1010.5,342,7,1010.6,553,7
317,2025-11-26 12:37:40+05:30,1010.2,3,999.92,6415965,389783.0,432416.0,986.2,1012.2,981.3,986.2,120341250,1084.8,887.6,1102.5,649.1,1010.1,1084,4,1010.0,1968,9,1009.9,1027,10,1009.8,974,14,1009.7,1628,16,1010.2,9,2,1010.3,99,2,1010.4,267,4,1010.5,342,7,1010.6,553,7
317,2025-11-26 12:37:41+05:30,1010.2,3,999.92,6415965,389783.0,432416.0,986.2,1012.2,981.3,986.2,120341250,1084.8,887.6,1102.5,649.1,1010.1,1084,4,1010.0,1968,9,1009.9,1027,10,1009.8,974,14,1009.7,1628,16,1010.2,9,2,1010.3,99,2,1010.4,267,4,1010.5,342,7,1010.6,553,7
317,2025-11-26 12:37:41+05:30,1010.2,3,999.92,6416000,389752.0,432398.0,986.2,1012.2,981.3,986.2,120341250,1084.8,887.6,1102.5,649.1,1010.1,1100,4,1010.0,1921,8,1009.9,993,9,1009.8,974,14,1009.7,1628,16,1010.2,8,4,1010.3,99,2,1010.4,267,4,1010.5,376,8,1010.6,576,9
317,2025-11-26 12:37:41+05:30,1010.2,3,999.92,6416000,389752.0,432398.0,986.2,1012.2,981.3,986.2,120341250,1084.8,887.6,1102.5,649.1,1010.1,1100,4,1010.0,1921,8,1009.9,993,9,1009.8,974,14,1009.7,1628,16,1010.2,8,4,1010.3,99,2,1010.4,267,4,1010.5,376,8,1010.6,576,9
317,2025-11-26 12:37:41+05:30,1010.1,175,999.92,6416000,389752.0,432398.0,986.2,1012.2,981.3,986.2,120341250,1084.8,887.6,1102.5,649.1,1010.1,1100,4,1010.0,1921,8,1009.9,993,9,1009.8,974,14,1009.7,1628,16,1010.2,8,4,1010.3,99,2,1010.4,267,4,1010.5,376,8,1010.6,576,9
317,2025-11-26 12:37:42+05:30,1010.1,175,999.92,6416000,389752.0,432398.0,986.2,1012.2,981.3,986.2,120341250,1084.8,887.6,1102.5,649.1,1010.1,1100,4,1010.0,1921,8,1009.9,993,9,1009.8,974,14,1009.7,1628,16,1010.2,8,4,1010.3,99,2,1010.4,267,4,1010.5,376,8,1010.6,576,9
317,2025-11-26 12:37:42+05:30,1010.1,10,999.92,6416234,389485.0,432489.0,986.2,1012.2,981.3,986.2,120341250,1084.8,887.6,1102.5,649.1,1010.1,866,3,1010.0,1921,8,1009.9,701,7,1009.8,1206,14,1009.7,1643,17,1010.2,8,4,1010.3,99,2,1010.4,301,5,1010.5,422,9,1010.6,555,8
317,2025-11-26 12:37:42+05:30,1010.1,10,999.92,6416234,389485.0,432489.0,986.2,1012.2,981.3,986.2,120341250,1084.8,887.6,1102.5,649.1,1010.1,866,3,1010.0,1921,8,1009.9,701,7,1009.8,1206,14,1009.7,1643,17,1010.2,8,4,1010.3,99,2,1010.4,301,5,1010.5,422,9,1010.6,555,8
317,2025-11-26 12:37:42+05:30,1010.2,2,999.92,6416234,389485.0,432489.0,986.2,1012.2,981.3,986.2,120341250,1084.8,887.6,1102.5,649.1,1010.1,866,3,1010.0,1921,8,1009.9,701,7,1009.8,1206,14,1009.7,1643,17,1010.2,8,4,1010.3,99,2,1010.4,301,5,1010.5,422,9,1010.6,555,8
317,2025-11-26 12:37:42+05:30,1010.2,2,999.92,6416234,389485.0,432489.0,986.2,1012.2,981.3,986.2,120341250,1084.8,887.6,1102.5,649.1,1010.1,866,3,1010.0,1921,8,1009.9,701,7,1009.8,1206,14,1009.7,1643,17,1010.2,8,4,1010.3,99,2,1010.4,301,5,1010.5,422,9,1010.6,555,8
317,2025-11-26 12:37:43+05:30,1010.2,2,999.92,6416234,389485.0,432489.0,986.2,1012.2,981.3,986.2,120341250,1084.8,887.6,1102.5,649.1,1010.1,866,3,1010.0,1921,8,1009.9,701,7,1009.8,1206,14,1009.7,1643,17,1010.2,8,4,1010.3,99,2,1010.4,301,5,1010.5,422,9,1010.6,555,8
317,2025-11-26 12:37:43+05:30,1010.2,18,999.92,6416324,389411.0,432478.0,986.2,1012.2,981.3,986.2,120341250,1084.8,887.6,1102.5,649.1,1010.1,857,3,1010.0,1790,8,1009.9,631,7,1009.8,1212,15,1009.7,1643,17,1010.2,4,2,1010.3,99,2,1010.4,267,4,1010.5,585,10,1010.6,551,8
317,2025-11-26 12:37:43+05:30,1010.2,18,999.92,6416324,389411.0,432478.0,986.2,1012.2,981.3,986.2,120341250,1084.8,887.6,1102.5,649.1,1010.1,857,3,1010.0,1790,8,1009.9,631,7,1009.8,1212,15,1009.7,1643,17,1010.2,4,2,1010.3,99,2,1010.4,267,4,1010.5,585,10,1010.6,551,8
317,2025-11-26 12:37:44+05:30,1010.2,18,999.92,6416324,389411.0,432478.0,986.2,1012.2,981.3,986.2,120357750,1084.8,887.6,1102.5,649.1,1010.1,857,3,1010.0,1790,8,1009.9,631,7,1009.8,1212,15,1009.7,1643,17,1010.2,4,2,1010.3,99,2,1010.4,267,4,1010.5,585,10,1010.6,551,8
317,2025-11-26 12:37:44+05:30,1010.2,3,999.92,6416414,389601.0,432422.0,986.2,1012.2,981.3,986.2,120357750,1084.8,887.6,1102.5,649.1,1010.1,772,3,1010.0,1921,8,1009.9,631,7,1009.8,1212,15,1009.7,1643,17,1010.2,2,1,1010.3,99,2,1010.4,267,4,1010.5,421,9,1010.6,551,8
317,2025-11-26 12:37:44+05:30,1010.2,3,999.92,6416414,389601.0,432422.0,986.2,1012.2,981.3,986.2,120357750,1084.8,887.6,1102.5,649.1,1010.1,772,3,1010.0,1921,8,1009.9,631,7,1009.8,1212,15,1009.7,1643,17,1010.2,2,1,1010.3,99,2,1010.4,267,4,1010.5,421,9,1010.6,551,8
317,2025-11-26 12:37:45+05:30,1010.2,2,999.92,6416416,389498.0,432720.0,986.2,1012.2,981.3,986.2,120357750,1084.8,887.6,1102.5,649.1,1010.1,772,3,1010.0,1921,8,1009.9,552,5,1009.8,1188,14,1009.7,1643,17,1010.2,272,5,1010.3,61,1,1010.4,300,5,1010.5,585,10,1010.6,551,8
317,2025-11-26 12:37:45+05:30,1010.2,1,999.92,6416416,389498.0,432720.0,986.2,1012.2,981.3,986.2,120357750,1084.8,887.6,1102.5,649.1,1010.1,772,3,1010.0,1921,8,1009.9,552,5,1009.8,1188,14,1009.7,1643,17,1010.2,272,5,1010.3,61,1,1010.4,300,5,1010.5,585,10,1010.6,551,8
317,2025-11-26 12:37:46+05:30,1010.2,50,999.92,6416667,389213.0,432181.0,986.2,1012.2,981.3,986.2,120357750,1084.8,887.6,1102.5,649.1,1010.1,772,3,1010.0,1921,8,1009.9,552,5,1009.8,1211,15,1009.7,1643,17,1010.2,71,5,1010.3,61,1,1010.4,300,5,1010.5,421,9,1010.6,551,8
317,2025-11-26 12:37:46+05:30,1010.2,50,999.92,6416667,389213.0,432181.0,986.2,1012.2,981.3,986.2,120357750,1084.8,887.6,1102.5,649.1,1010.1,772,3,1010.0,1921,8,1009.9,552,5,1009.8,1211,15,1009.7,1643,17,1010.2,71,5,1010.3,61,1,1010.4,300,5,1010.5,421,9,1010.6,551,8
317,2025-11-26 12:37:47+05:30,1010.1,1,999.92,6416667,389213.0,432181.0,986.2,1012.2,981.3,986.2,120357750,1084.8,887.6,1102.5,649.1,1010.1,772,3,1010.0,1921,8,1009.9,552,5,1009.8,1211,15,1009.7,1643,17,1010.2,71,5,1010.3,61,1,1010.4,300,5,1010.5,421,9,1010.6,551,8
317,2025-11-26 12:37:47+05:30,1010.1,1,999.92,6416955,389272.0,432624.0,986.2,1012.2,981.3,986.2,120357750,1084.8,887.6,1102.5,649.1,1010.1,546,4,1010.0,1921,8,1009.9,552,5,1009.8,1188,14,1009.7,1643,17,1010.2,29,6,1010.3,94,2,1010.4,300,5,1010.5,585,10,1010.6,551,8
317,2025-11-26 12:37:48+05:30,1010.2,33,999.92,6416955,389272.0,432624.0,986.2,1012.2,981.3,986.2,120357750,1084.8,887.6,1102.5,649.1,1010.1,546,4,1010.0,1921,8,1009.9,552,5,1009.8,1188,14,1009.7,1643,17,1010.2,29,6,1010.3,94,2,1010.4,300,5,1010.5,585,10,1010.6,551,8
317,2025-11-26 12:37:48+05:30,1010.2,33,999.92,6417087,389236.0,432593.0,986.2,1012.2,981.3,986.2,120357750,1084.8,887.6,1102.5,649.1,1010.1,523,4,1010.0,1921,8,1009.9,552,5,1009.8,1049,13,1009.7,1782,18,1010.2,16,4,1010.3,61,1,1010.4,353,6,1010.5,655,11,1010.6,551,8
317,2025-11-26 12:37:49+05:30,1010.2,4,999.92,6417087,389236.0,432593.0,986.2,1012.2,981.3,986.2,120357750,1084.8,887.6,1102.5,649.1,1010.1,523,4,1010.0,1921,8,1009.9,552,5,1009.8,1049,13,1009.7,1782,18,1010.2,16,4,1010.3,61,1,1010.4,353,6,1010.5,655,11,1010.6,551,8
317,2025-11-26 12:37:49+05:30,1010.2,4,999.92,6417189,389392.0,432383.0,986.2,1012.2,981.3,986.2,120357750,1084.8,887.6,1102.5,649.1,1010.1,523,4,1010.0,1921,8,1009.9,863,8,1009.8,933,13,1009.7,1741,18,1010.2,5,3,1010.3,61,1,1010.4,267,4,1010.5,585,10,1010.6,636,9
317,2025-11-26 12:37:50+05:30,1010.2,1,999.92,6417189,389392.0,432383.0,986.2,1012.2,981.3,986.2,120357750,1084.8,887.6,1102.5,649.1,1010.1,523,4,1010.0,1921,8,1009.9,863,8,1009.8,933,13,1009.7,1741,18,1010.2,5,3,1010.3,61,1,1010.4,267,4,1010.5,585,10,1010.6,636,9
317,2025-11-26 12:37:50+05:30,1010.2,1,999.92,6417248,389337.0,432486.0,986.2,1012.2,981.3,986.2,120357750,1084.8,887.6,1102.5,649.1,1010.1,468,4,1010.0,1921,8,1009.9,863,8,1009.8,933,13,1009.7,1741,18,1010.2,127,3,1010.3,61,1,1010.4,267,4,1010.5,585,10,1010.6,636,9
317,2025-11-26 12:37:51+05:30,1010.1,16,999.92,6417248,389337.0,432486.0,986.2,1012.2,981.3,986.2,120357750,1084.8,887.6,1102.5,649.1,1010.1,468,4,1010.0,1921,8,1009.9,863,8,1009.8,933,13,1009.7,1741,18,1010.2,127,3,1010.3,61,1,1010.4,267,4,1010.5,585,10,1010.6,636,9
317,2025-11-26 12:37:51+05:30,1010.1,16,999.92,6417786,386697.0,432438.0,986.2,1012.2,981.3,986.2,120357750,1084.8,887.6,1102.5,649.1,1010.1,86,3,1010.0,1921,8,1009.9,859,8,1009.8,884,10,1009.7,1767,20,1010.3,61,1,1010.4,267,4,1010.5,421,9,1010.6,629,8,1010.7,673,7
317,2025-11-26 12:37:52+05:30,1010.3,5,999.92,6417931,386718.0,432522.0,986.2,1012.2,981.3,986.2,120357750,1084.8,887.6,1102.5,649.1,1010.1,1,1,1010.0,1757,7,1009.9,595,6,1009.8,1147,11,1009.7,1767,20,1010.3,15,2,1010.4,299,5,1010.5,586,11,1010.6,761,9,1010.7,673,7
317,2025-11-26 12:37:52+05:30,1010.3,5,999.92,6417931,386718.0,432522.0,986.2,1012.2,981.3,986.2,120357750,1084.8,887.6,1102.5,649.1,1010.1,1,1,1010.0,1757,7,1009.9,595,6,1009.8,1147,11,1009.7,1767,20,1010.3,15,2,1010.4,299,5,1010.5,586,11,1010.6,761,9,1010.7,673,7
317,2025-11-26 12:37:53+05:30,1010.3,1,999.92,6417931,386718.0,432522.0,986.2,1012.2,981.3,986.2,120357750,1084.8,887.6,1102.5,649.1,1010.1,1,1,1010.0,1757,7,1009.9,595,6,1009.8,1147,11,1009.7,1767,20,1010.3,15,2,1010.4,299,5,1010.5,586,11,1010.6,761,9,1010.7,673,7
317,2025-11-26 12:37:53+05:30,1010.3,1,999.92,6417956,386718.0,432572.0,986.2,1012.2,981.3,986.2,120357750,1084.8,887.6,1102.5,649.1,1010.1,1,1,1010.0,1757,7,1009.9,727,7,1009.8,1015,10,1009.7,1767,20,1010.3,58,4,1010.4,267,4,1010.5,718,12,1010.6,629,8,1010.7,673,7
317,2025-11-26 12:37:54+05:30,1010.3,10,999.92,6417956,386718.0,432572.0,986.2,1012.2,981.3,986.2,120357750,1084.8,887.6,1102.5,649.1,1010.1,1,1,1010.0,1757,7,1009.9,727,7,1009.8,1015,10,1009.7,1767,20,1010.3,58,4,1010.4,267,4,1010.5,718,12,1010.6,629,8,1010.7,673,7
317,2025-11-26 12:37:54+05:30,1010.3,10,999.92,6418066,387335.0,432488.0,986.2,1012.2,981.3,986.2,120357750,1084.8,887.6,1102.5,649.1,1010.2,53,2,1010.1,513,2,1010.0,1716,6,1009.9,759,8,1009.8,950,9,1010.3,48,4,1010.4,267,4,1010.5,586,11,1010.6,761,9,1010.7,673,7
317,2025-11-26 12:37:55+05:30,1010.3,2,999.92,6418066,387335.0,432488.0,986.2,1012.2,981.3,986.2,120357750,1084.8,887.6,1102.5,649.1,1010.2,53,2,1010.1,513,2,1010.0,1716,6,1009.9,759,8,1009.8,950,9,1010.3,48,4,1010.4,267,4,1010.5,586,11,1010.6,761,9,1010.7,673,7
317,2025-11-26 12:37:55+05:30,1010.3,1,999.92,6418098,387335.0,432557.0,986.2,1012.2,981.3,986.2,120357750,1084.8,887.6,1102.5,649.1,1010.2,53,2,1010.1,513,2,1010.0,1716,6,1009.9,759,8,1009.8,976,11,1010.3,20,6,1010.4,267,4,1010.5,586,11,1010.6,761,9,1010.7,673,7
317,2025-11-26 12:37:56+05:30,1010.3,1,999.92,6418098,387335.0,432557.0,986.2,1012.2,981.3,986.2,120357750,1084.8,887.6,1102.5,649.1,1010.2,53,2,1010.1,513,2,1010.0,1716,6,1009.9,759,8,1009.8,976,11,1010.3,20,6,1010.4,267,4,1010.5,586,11,1010.6,761,9,1010.7,673,7
317,2025-11-26 12:37:56+05:30,1010.3,1,999.92,6418098,387335.0,432566.0,986.2,1012.2,981.3,986.2,120357750,1084.8,887.6,1102.5,649.1,1010.2,53,2,1010.1,513,2,1010.0,1716,6,1009.9,759,8,1009.8,976,11,1010.3,10,6,1010.4,267,4,1010.5,587,12,1010.6,827,10,1010.7,673,7
317,2025-11-26 12:37:57+05:30,1010.2,1,999.92,6418098,387335.0,432566.0,986.2,1012.2,981.3,986.2,120357750,1084.8,887.6,1102.5,649.1,1010.2,53,2,1010.1,513,2,1010.0,1716,6,1009.9,759,8,1009.8,976,11,1010.3,10,6,1010.4,267,4,1010.5,587,12,1010.6,827,10,1010.7,673,7
317,2025-11-26 12:37:57+05:30,1010.2,1,999.92,6418123,387282.0,432761.0,986.2,1012.2,981.3,986.2,120357750,1084.8,887.6,1102.5,649.1,1010.2,28,1,1010.1,537,2,1010.0,1771,7,1009.9,627,7,1009.8,908,10,1010.3,6,4,1010.4,267,4,1010.5,584,12,1010.6,827,10,1010.7,805,8
317,2025-11-26 12:37:58+05:30,1010.2,1,999.92,6418123,387282.0,432761.0,986.2,1012.2,981.3,986.2,120357750,1084.8,887.6,1102.5,649.1,1010.2,28,1,1010.1,537,2,1010.0,1771,7,1009.9,627,7,1009.8,908,10,1010.3,6,4,1010.4,267,4,1010.5,584,12,1010.6,827,10,1010.7,805,8
317,2025-11-26 12:37:59+05:30,1010.2,1,999.92,6418134,387276.0,433332.0,986.2,1012.2,981.3,986.2,120357750,1084.8,887.6,1102.5,649.1,1010.2,17,1,1010.1,537,2,1010.0,1771,7,1009.9,627,7,1009.8,908,10,1010.3,72,6,1010.4,298,5,1010.5,806,13,1010.6,724,10,1010.7,673,7
317,2025-11-26 12:37:59+05:30,1010.2,1,999.92,6418134,387276.0,433332.0,986.2,1012.2,981.3,986.2,120357750,1084.8,887.6,1102.5,649.1,1010.2,17,1,1010.1,537,2,1010.0,1771,7,1009.9,627,7,1009.8,908,10,1010.3,72,6,1010.4,298,5,1010.5,806,13,1010.6,724,10,1010.7,673,7
317,2025-11-26 12:38:00+05:30,1010.0,8,999.92,6418160,389568.0,433807.0,986.2,1012.2,981.3,986.2,120357750,1084.8,887.6,1102.5,649.1,1010.0,2124,7,1009.9,961,6,1009.8,1065,12,1009.7,1713,17,1009.6,2722,15,1010.2,3,1,1010.3,41,5,1010.4,298,5,1010.5,583,12,1010.6,1079,13
317,2025-11-26 12:38:00+05:30,1010.0,2,999.92,6418160,389568.0,433807.0,986.2,1012.2,981.3,986.2,120357750,1084.8,887.6,1102.5,649.1,1010.0,2124,7,1009.9,961,6,1009.8,1065,12,1009.7,1713,17,1009.6,2722,15,1010.2,3,1,1010.3,41,5,1010.4,298,5,1010.5,583,12,1010.6,1079,13
317,2025-11-26 12:38:01+05:30,1010.1,1,999.92,6418181,386668.0,433626.0,986.2,1012.2,981.3,986.2,120357750,1084.8,887.6,1102.5,649.1,1010.0,2294,9,1009.9,1124,9,1009.8,902,10,1009.7,1739,18,1009.6,1833,14,1010.3,36,4,1010.4,267,4,1010.5,662,12,1010.6,946,12,1010.7,673,7
317,2025-11-26 12:38:01+05:30,1010.1,1,999.92,6418181,386668.0,433626.0,986.2,1012.2,981.3,986.2,120357750,1084.8,887.6,1102.5,649.1,1010.0,2294,9,1009.9,1124,9,1009.8,902,10,1009.7,1739,18,1009.6,1833,14,1010.3,36,4,1010.4,267,4,1010.5,662,12,1010.6,946,12,1010.7,673,7
317,2025-11-26 12:38:02+05:30,1010.1,1,999.92,6418235,388833.0,434176.0,986.2,1012.2,981.3,986.2,120357750,1084.8,887.6,1102.5,649.1,1010.0,2294,9,1009.9,890,7,1009.8,1028,11,1009.7,1762,19,1009.6,2583,15,1010.1,17,1,1010.2,60,1,1010.3,341,6,1010.4,267,4,1010.5,575,12
317,2025-11-26 12:38:02+05:30,1010.1,1,999.92,6418235,388833.0,434176.0,986.2,1012.2,981.3,986.2,120357750,1084.8,887.6,1102.5,649.1,1010.0,2294,9,1009.9,890,7,1009.8,1028,11,1009.7,1762,19,1009.6,2583,15,1010.1,17,1,1010.2,60,1,1010.3,341,6,1010.4,267,4,1010.5,575,12
317,2025-11-26 12:38:03+05:30,1010.1,14,999.92,6418285,389167.0,434206.0,986.2,1012.2,981.3,986.2,120357750,1084.8,887.6,1102.5,649.1,1010.0,2776,10,1009.9,1076,9,1009.8,814,8,1009.7,1788,21,1009.6,2583,15,1010.1,5,2,1010.2,60,1,1010.3,341,6,1010.4,267,4,1010.5,536,11
317,2025-11-26 12:38:03+05:30,1010.0,1,999.92,6418285,389167.0,434206.0,986.2,1012.2,981.3,986.2,120357750,1084.8,887.6,1102.5,649.1,1010.0,2776,10,1009.9,1076,9,1009.8,814,8,1009.7,1788,21,1009.6,2583,15,1010.1,5,2,1010.2,60,1,1010.3,341,6,1010.4,267,4,1010.5,536,11
317,2025-11-26 12:38:04+05:30,1010.0,1,999.92,6418287,389165.0,434285.0,986.2,1012.2,981.3,986.2,120357750,1084.8,887.6,1102.5,649.1,1010.0,2774,10,1009.9,950,8,1009.8,940,9,1009.7,1788,21,1009.6,2583,15,1010.1,6,3,1010.2,60,1,1010.3,341,6,1010.4,267,4,1010.5,536,11
317,2025-11-26 12:38:05+05:30,1010.1,1,999.92,6418288,389165.0,434284.0,986.2,1012.2,981.3,986.2,120357750,1084.8,887.6,1102.5,649.1,1010.0,2774,10,1009.9,950,8,1009.8,940,9,1009.7,1788,21,1009.6,2583,15,1010.1,5,3,1010.2,60,1,1010.3,341,6,1010.4,267,4,1010.5,536,11
317,2025-11-26 12:38:05+05:30,1010.1,1,999.92,6418288,389165.0,434284.0,986.2,1012.2,981.3,986.2,120357750,1084.8,887.6,1102.5,649.1,1010.0,2774,10,1009.9,950,8,1009.8,940,9,1009.7,1788,21,1009.6,2583,15,1010.1,5,3,1010.2,60,1,1010.3,341,6,1010.4,267,4,1010.5,536,11
317,2025-11-26 12:38:06+05:30,1010.1,1,999.92,6418300,389169.0,434143.0,986.2,1012.2,981.3,986.2,120357750,1084.8,887.6,1102.5,649.1,1010.0,2620,10,1009.9,1076,9,1009.8,814,8,1009.7,1788,21,1009.6,2741,16,1010.1,20,3,1010.2,60,1,1010.3,340,5,1010.4,267,4,1010.5,537,12
317,2025-11-26 12:38:06+05:30,1010.0,20,999.92,6418300,389169.0,434143.0,986.2,1012.2,981.3,986.2,120357750,1084.8,887.6,1102.5,649.1,1010.0,2620,10,1009.9,1076,9,1009.8,814,8,1009.7,1788,21,1009.6,2741,16,1010.1,20,3,1010.2,60,1,1010.3,340,5,1010.4,267,4,1010.5,537,12
317,2025-11-26 12:38:07+05:30,1010.0,20,999.92,6418419,388593.0,434057.0,986.2,1012.2,981.3,986.2,120357750,1084.8,887.6,1102.5,649.1,1010.0,2537,11,1009.9,556,8,1009.8,814,8,1009.7,1788,21,1009.6,2741,16,1010.1,2,2,1010.2,60,1,1010.3,340,5,1010.4,267,4,1010.5,537,12
317,2025-11-26 12:38:07+05:30,1010.1,5,999.92,6418419,388593.0,434057.0,986.2,1012.2,981.3,986.2,120357750,1084.8,887.6,1102.5,649.1,1010.0,2537,11,1009.9,556,8,1009.8,814,8,1009.7,1788,21,1009.6,2741,16,1010.1,2,2,1010.2,60,1,1010.3,340,5,1010.4,267,4,1010.5,537,12
317,2025-11-26 12:38:08+05:30,1010.1,5,999.92,6418440,389239.0,434097.0,986.2,1012.2,981.3,986.2,120357750,1084.8,887.6,1102.5,649.1,1010.0,2521,11,1009.9,1067,8,1009.8,814,8,1009.7,1788,21,1009.6,2741,16,1010.1,1,1,1010.2,60,1,1010.3,340,5,1010.4,267,4,1010.5,573,13
317,2025-11-26 12:38:08+05:30,1010.1,1,999.92,6418440,389239.0,434097.0,986.2,1012.2,981.3,986.2,120357750,1084.8,887.6,1102.5,649.1,1010.0,2521,11,1009.9,1067,8,1009.8,814,8,1009.7,1788,21,1009.6,2741,16,1010.1,1,1,1010.2,60,1,1010.3,340,5,1010.4,267,4,1010.5,573,13
317,2025-11-26 12:38:09+05:30,1010.1,1,999.92,6418443,389097.0,434183.0,986.2,1012.2,981.3,986.2,120357750,1084.8,887.6,1102.5,649.1,1010.0,2483,10,1009.9,898,6,1009.8,814,8,1009.7,1781,13,1009.6,2741,16,1010.1,1,1,1010.2,60,1,1010.3,340,5,1010.4,267,4,1010.5,537,12
317,2025-11-26 12:38:10+05:30,1010.1,1,999.92,6418444,389179.0,434203.0,986.2,1012.2,981.3,986.2,120357750,1084.8,887.6,1102.5,649.1,1010.0,2483,10,1009.9,362,6,1009.8,1339,10,1009.7,1795,15,1009.6,2820,21,1010.2,60,1,1010.3,340,5,1010.4,261,3,1010.5,537,12,1010.6,802,13
317,2025-11-26 12:38:10+05:30,1010.1,1,999.92,6418444,389179.0,434203.0,986.2,1012.2,981.3,986.2,120357750,1084.8,887.6,1102.5,649.1,1010.0,2483,10,1009.9,362,6,1009.8,1339,10,1009.7,1795,15,1009.6,2820,21,1010.2,60,1,1010.3,340,5,1010.4,261,3,1010.5,537,12,1010.6,802,13
317,2025-11-26 12:38:11+05:30,1010.2,1,999.92,6418445,389031.0,434626.0,986.2,1012.2,981.3,986.2,120357750,1084.8,887.6,1102.5,649.1,1010.1,1,1,1010.0,2484,11,1009.9,438,6,1009.8,829,9,1009.7,1808,16,1010.2,63,3,1010.3,349,5,1010.4,375,4,1010.5,686,14,1010.6,802,13
317,2025-11-26 12:38:11+05:30,1010.0,50,999.92,6418445,389031.0,434626.0,986.2,1012.2,981.3,986.2,120357750,1084.8,887.6,1102.5,649.1,1010.1,1,1,1010.0,2484,11,1009.9,438,6,1009.8,829,9,1009.7,1808,16,1010.2,63,3,1010.3,349,5,1010.4,375,4,1010.5,686,14,1010.6,802,13
317,2025-11-26 12:38:12+05:30,1010.0,11,999.92,6418508,388607.0,434581.0,986.2,1012.2,981.3,986.2,120357750,1084.8,887.6,1102.5,649.1,1010.0,2423,11,1009.9,332,5,1009.8,1456,11,1009.7,1719,16,1009.6,2820,21,1010.1,4,1,1010.2,63,3,1010.3,349,5,1010.4,445,5,1010.5,572,13
317,2025-11-26 12:38:12+05:30,1010.1,6,999.92,6418508,388607.0,434581.0,986.2,1012.2,981.3,986.2,120357750,1084.8,887.6,1102.5,649.1,1010.0,2423,11,1009.9,332,5,1009.8,1456,11,1009.7,1719,16,1009.6,2820,21,1010.1,4,1,1010.2,63,3,1010.3,349,5,1010.4,445,5,1010.5,572,13
317,2025-11-26 12:38:13+05:30,1010.1,6,999.92,6418542,388900.0,434602.0,986.2,1012.2,981.3,986.2,120357750,1084.8,887.6,1102.5,649.1,1010.0,2421,11,1009.9,332,5,1009.8,1456,11,1009.7,1706,15,1009.6,2820,21,1010.1,7,2,1010.2,63,3,1010.3,349,5,1010.4,287,4,1010.5,571,13
317,2025-11-26 12:38:14+05:30,1010.1,3,999.92,6418545,388900.0,434473.0,986.2,1012.2,981.3,986.2,120357750,1084.8,887.6,1102.5,649.1,1010.0,2421,11,1009.9,332,5,1009.8,1456,11,1009.7,1706,15,1009.6,2820,21,1010.1,4,2,1010.2,63,3,1010.3,349,5,1010.4,287,4,1010.5,571,13
317,2025-11-26 12:38:14+05:30,1010.1,5,999.92,6418545,388900.0,434473.0,986.2,1012.2,981.3,986.2,120357750,1084.8,887.6,1102.5,649.1,1010.0,2421,11,1009.9,332,5,1009.8,1456,11,1009.7,1706,15,1009.6,2820,21,1010.1,4,2,1010.2,63,3,1010.3,349,5,1010.4,287,4,1010.5,571,13
317,2025-11-26 12:38:15+05:30,1010.1,1,999.92,6418575,388540.0,434861.0,986.2,1012.2,981.3,986.2,120357750,1084.8,887.6,1102.5,649.1,1010.1,84,1,1010.0,2421,11,1009.9,438,6,1009.8,829,9,1009.7,1694,15,1010.2,61,3,1010.3,395,6,1010.4,493,6,1010.5,727,14,1010.6,931,15
317,2025-11-26 12:38:15+05:30,1010.2,2,999.92,6418575,388540.0,434861.0,986.2,1012.2,981.3,986.2,120357750,1084.8,887.6,1102.5,649.1,1010.1,84,1,1010.0,2421,11,1009.9,438,6,1009.8,829,9,1009.7,1694,15,1010.2,61,3,1010.3,395,6,1010.4,493,6,1010.5,727,14,1010.6,931,15
317,2025-11-26 12:38:16+05:30,1010.2,2,999.92,6418578,388252.0,434956.0,986.2,1012.2,981.3,986.2,120357750,1084.8,887.6,1102.5,649.1,1010.1,96,2,1010.0,2441,11,1009.9,438,6,1009.8,966,11,1009.7,1694,15,1010.2,60,4,1010.3,395,6,1010.4,354,4,1010.5,727,14,1010.6,1030,15
317,2025-11-26 12:38:16+05:30,1010.0,563,999.92,6418578,388252.0,434956.0,986.2,1012.2,981.3,986.2,120357750,1084.8,887.6,1102.5,649.1,1010.1,96,2,1010.0,2441,11,1009.9,438,6,1009.8,966,11,1009.7,1694,15,1010.2,60,4,1010.3,395,6,1010.4,354,4,1010.5,727,14,1010.6,1030,15
317,2025-11-26 12:38:17+05:30,1010.3,71,999.93,6422079,385499.0,433552.0,986.2,1012.2,981.3,986.2,120357750,1084.8,887.6,1102.5,649.1,1010.0,1442,9,1009.9,1301,11,1009.8,830,10,1009.7,1628,14,1009.6,2143,20,1010.3,383,5,1010.4,261,3,1010.5,345,10,1010.6,628,7,1010.7,823,14
317,2025-11-26 12:38:17+05:30,1010.3,71,999.93,6422079,385499.0,433552.0,986.2,1012.2,981.3,986.2,120357750,1084.8,887.6,1102.5,649.1,1010.0,1442,9,1009.9,1301,11,1009.8,830,10,1009.7,1628,14,1009.6,2143,20,1010.3,383,5,1010.4,261,3,1010.5,345,10,1010.6,628,7,1010.7,823,14
317,2025-11-26 12:38:18+05:30,1010.3,71,999.93,6422079,385406.0,433540.0,986.2,1012.2,981.3,986.2,120357750,1084.8,887.6,1102.5,649.1,1010.0,1235,7,1009.9,1415,12,1009.8,830,10,1009.7,1628,14,1009.6,2143,20,1010.3,384,6,1010.4,261,3,1010.5,503,11,1010.6,628,7,1010.7,768,10
317,2025-11-26 12:38:18+05:30,1010.3,1,999.93,6422079,385406.0,433540.0,986.2,1012.2,981.3,986.2,120357750,1084.8,887.6,1102.5,649.1,1010.0,1235,7,1009.9,1415,12,1009.8,830,10,1009.7,1628,14,1009.6,2143,20,1010.3,384,6,1010.4,261,3,1010.5,503,11,1010.6,628,7,1010.7,768,10
317,2025-11-26 12:38:19+05:30,1010.0,126,999.93,6422256,384464.0,433647.0,986.2,1012.2,981.3,986.2,120357750,1084.8,887.6,1102.5,649.1,1010.0,1109,7,1009.9,838,11,1009.8,830,10,1009.7,1628,14,1009.6,2143,20,1010.3,334,7,1010.4,261,3,1010.5,503,11,1010.6,651,9,1010.7,1066,11
317,2025-11-26 12:38:19+05:30,1010.0,26,999.93,6422256,384464.0,433647.0,986.2,1012.2,981.3,986.2,120357750,1084.8,887.6,1102.5,649.1,1010.0,1109,7,1009.9,838,11,1009.8,830,10,1009.7,1628,14,1009.6,2143,20,1010.3,334,7,1010.4,261,3,1010.5,503,11,1010.6,651,9,1010.7,1066,11
317,2025-11-26 12:38:20+05:30,1010.0,6,999.93,6422292,385038.0,433710.0,986.2,1012.2,981.3,986.2,120357750,1084.8,887.6,1102.5,649.1,1010.0,1555,8,1009.9,838,11,1009.8,830,10,1009.7,1628,14,1009.6,2077,20,1010.3,331,7,1010.4,261,3,1010.5,513,12,1010.6,651,9,1010.7,1071,12
317,2025-11-26 12:38:20+05:30,1010.3,1,999.93,6422292,385038.0,433710.0,986.2,1012.2,981.3,986.2,120357750,1084.8,887.6,1102.5,649.1,1010.0,1555,8,1009.9,838,11,1009.8,830,10,1009.7,1628,14,1009.6,2077,20,1010.3,331,7,1010.4,261,3,1010.5,513,12,1010.6,651,9,1010.7,1071,12
317,2025-11-26 12:38:21+05:30,1010.3,4,999.93,6422299,385031.0,433790.0,986.2,1012.2,981.3,986.2,120357750,1084.8,887.6,1102.5,649.1,1010.0,1509,7,1009.9,991,12,1009.8,716,9,1009.7,1628,14,1009.6,2077,20,1010.3,325,7,1010.4,261,3,1010.5,513,12,1010.6,651,9,1010.7,1071,12
317,2025-11-26 12:38:21+05:30,1010.0,25,999.93,6422299,385031.0,433790.0,986.2,1012.2,981.3,986.2,120357750,1084.8,887.6,1102.5,649.1,1010.0,1509,7,1009.9,991,12,1009.8,716,9,1009.7,1628,14,1009.6,2077,20,1010.3,325,7,1010.4,261,3,1010.5,513,12,1010.6,651,9,1010.7,1071,12
317,2025-11-26 12:38:22+05:30,1010.0,14,999.93,6423169,387374.0,434099.0,986.2,1012.2,981.3,986.2,120357750,1084.8,887.6,1102.5,649.1,1010.0,1639,4,1009.9,772,5,1009.8,915,9,1009.7,1590,14,1009.6,2925,22,1010.1,77,1,1010.3,261,8,1010.4,261,3,1010.5,558,13,1010.6,744,9
317,2025-11-26 12:38:22+05:30,1010.1,4,999.93,6423169,387374.0,434099.0,986.2,1012.2,981.3,986.2,120357750,1084.8,887.6,1102.5,649.1,1010.0,1639,4,1009.9,772,5,1009.8,915,9,1009.7,1590,14,1009.6,2925,22,1010.1,77,1,1010.3,261,8,1010.4,261,3,1010.5,558,13,1010.6,744,9
317,2025-11-26 12:38:23+05:30,1010.1,234,999.93,6423493,387457.0,433949.0,986.2,1012.2,981.3,986.2,120357750,1084.8,887.6,1102.5,649.1,1010.0,1635,4,1009.9,1007,8,1009.8,762,8,1009.7,1590,14,1009.6,2925,22,1010.1,84,2,1010.3,261,8,1010.4,261,3,1010.5,520,11,1010.6,734,8
317,2025-11-26 12:38:23+05:30,1010.1,234,999.93,6423493,387457.0,433949.0,986.2,1012.2,981.3,986.2,120357750,1084.8,887.6,1102.5,649.1,1010.0,1635,4,1009.9,1007,8,1009.8,762,8,1009.7,1590,14,1009.6,2925,22,1010.1,84,2,1010.3,261,8,1010.4,261,3,1010.5,520,11,1010.6,734,8
317,2025-11-26 12:38:24+05:30,1010.0,2,999.93,6423506,387419.0,434069.0,986.2,1012.2,981.3,986.2,120357750,1084.8,887.6,1102.5,649.1,1010.0,1654,5,1009.9,927,6,1009.8,762,8,1009.7,1590,14,1009.6,2925,22,1010.1,84,2,1010.2,52,1,1010.3,214,6,1010.4,296,4,1010.5,555,12
317,2025-11-26 12:38:24+05:30,1010.0,1,999.93,6423506,387419.0,434069.0,986.2,1012.2,981.3,986.2,120357750,1084.8,887.6,1102.5,649.1,1010.0,1654,5,1009.9,927,6,1009.8,762,8,1009.7,1590,14,1009.6,2925,22,1010.1,84,2,1010.2,52,1,1010.3,214,6,1010.4,296,4,1010.5,555,12
317,2025-11-26 12:38:25+05:30,1010.1,1,999.93,6423536,387525.0,434061.0,986.2,1012.2,981.3,986.2,120357750,1084.8,887.6,1102.5,649.1,1010.0,1634,4,1009.9,325,5,1009.8,1334,9,1009.7,1746,15,1009.6,2925,22,1010.1,56,3,1010.2,52,1,1010.3,214,6,1010.4,454,5,1010.5,555,12
317,2025-11-26 12:38:25+05:30,1010.1,2,999.93,6423536,387525.0,434061.0,986.2,1012.2,981.3,986.2,120357750,1084.8,887.6,1102.5,649.1,1010.0,1634,4,1009.9,325,5,1009.8,1334,9,1009.7,1746,15,1009.6,2925,22,1010.1,56,3,1010.2,52,1,1010.3,214,6,1010.4,454,5,1010.5,555,12
317,2025-11-26 12:38:26+05:30,1010.1,1,999.93,6423718,387215.0,433928.0,986.2,1012.2,981.3,986.2,120357750,1084.8,887.6,1102.5,649.1,1010.0,1482,4,1009.9,795,5,1009.8,779,8,1009.7,1649,14,1009.6,2939,22,1010.1,27,4,1010.2,52,1,1010.3,213,5,1010.4,454,5,1010.5,555,12
317,2025-11-26 12:38:26+05:30,1010.1,23,999.93,6423718,387215.0,433928.0,986.2,1012.2,981.3,986.2,120357750,1084.8,887.6,1102.5,649.1,1010.0,1482,4,1009.9,795,5,1009.8,779,8,1009.7,1649,14,1009.6,2939,22,1010.1,27,4,1010.2,52,1,1010.3,213,5,1010.4,454,5,1010.5,555,12
317,2025-11-26 12:38:27+05:30,1010.1,23,999.93,6424246,387377.0,434136.0,986.2,1012.2,981.3,986.2,120357750,1084.8,887.6,1102.5,649.1,1010.0,1036,4,1009.9,969,8,1009.8,778,8,1009.7,1622,13,1009.6,3096,23,1010.1,11,1,1010.2,52,1,1010.3,213,5,1010.4,453,5,1010.5,555,12
317,2025-11-26 12:38:28+05:30,1010.1,23,999.93,6424246,387405.0,434137.0,986.2,1012.2,981.3,986.2,120357750,1084.8,887.6,1102.5,649.1,1010.0,1038,5,1009.9,969,8,1009.8,935,9,1009.7,1491,13,1009.6,3096,23,1010.1,15,3,1010.2,52,1,1010.3,212,4,1010.4,453,5,1010.5,555,12
317,2025-11-26 12:38:29+05:30,1010.0,1,999.93,6424558,386549.0,434545.0,986.2,1012.2,981.3,986.2,120357750,1084.8,887.6,1102.5,649.1,1010.0,836,5,1009.9,875,7,1009.8,961,10,1009.7,1465,12,1009.6,3096,23,1010.2,52,1,1010.3,212,4,1010.4,577,5,1010.5,555,12,1010.6,734,8
317,2025-11-26 12:38:29+05:30,1010.0,62,999.93,6424558,386549.0,434545.0,986.2,1012.2,981.3,986.2,120357750,1084.8,887.6,1102.5,649.1,1010.0,836,5,1009.9,875,7,1009.8,961,10,1009.7,1465,12,1009.6,3096,23,1010.2,52,1,1010.3,212,4,1010.4,577,5,1010.5,555,12,1010.6,734,8
317,2025-11-26 12:38:30+05:30,1010.2,28,999.93,6424682,386523.0,434492.0,986.2,1012.2,981.3,986.2,120357750,1084.8,887.6,1102.5,649.1,1010.0,766,5,1009.9,841,6,1009.8,962,10,1009.7,1540,13,1009.6,3096,23,1010.2,55,2,1010.3,212,4,1010.4,611,6,1010.5,510,11,1010.6,734,8
317,2025-11-26 12:38:30+05:30,1010.2,1,999.93,6424682,386523.0,434492.0,986.2,1012.2,981.3,986.2,120357750,1084.8,887.6,1102.5,649.1,1010.0,766,5,1009.9,841,6,1009.8,962,10,1009.7,1540,13,1009.6,3096,23,1010.2,55,2,1010.3,212,4,1010.4,611,6,1010.5,510,11,1010.6,734,8
317,2025-11-26 12:38:31+05:30,1010.2,1,999.93,6424684,386637.0,434765.0,986.2,1012.2,981.3,986.2,120357750,1084.8,887.6,1102.5,649.1,1010.0,801,6,1009.9,911,8,1009.8,814,9,1009.7,1854,15,1009.6,2939,22,1010.1,48,1,1010.2,54,2,1010.3,212,4,1010.4,453,5,1010.5,719,14
317,2025-11-26 12:38:32+05:30,1010.1,5,999.93,6424689,386976.0,434736.0,986.2,1012.2,981.3,986.2,120357750,1084.8,887.6,1102.5,649.1,1010.0,801,6,1009.9,911,8,1009.8,814,9,1009.7,1885,16,1009.6,2939,22,1010.1,44,2,1010.2,54,2,1010.3,212,4,1010.4,453,5,1010.5,713,13
317,2025-11-26 12:38:32+05:30,1010.1,23,999.93,6424689,386976.0,434736.0,986.2,1012.2,981.3,986.2,120357750,1084.8,887.6,1102.5,649.1,1010.0,801,6,1009.9,911,8,1009.8,814,9,1009.7,1885,16,1009.6,2939,22,1010.1,44,2,1010.2,54,2,1010.3,212,4,1010.4,453,5,1010.5,713,13
317,2025-11-26 12:38:33+05:30,1010.1,92,999.93,6424951,386259.0,434544.0,986.2,1012.2,981.3,986.2,120357750,1084.8,887.6,1102.5,649.1,1010.0,675,6,1009.9,327,5,1009.8,1082,10,1009.7,1545,12,1009.6,2965,24,1010.1,54,2,1010.2,54,2,1010.3,212,4,1010.4,453,5,1010.5,561,13
317,2025-11-26 12:38:33+05:30,1010.1,92,999.93,6424951,386259.0,434544.0,986.2,1012.2,981.3,986.2,120357750,1084.8,887.6,1102.5,649.1,1010.0,675,6,1009.9,327,5,1009.8,1082,10,1009.7,1545,12,1009.6,2965,24,1010.1,54,2,1010.2,54,2,1010.3,212,4,1010.4,453,5,1010.5,561,13
317,2025-11-26 12:38:34+05:30,1010.0,1,999.93,6425069,386336.0,434580.0,986.2,1012.2,981.3,986.2,120357750,1084.8,887.6,1102.5,649.1,1010.0,669,6,1009.9,361,6,1009.8,970,10,1009.7,1545,12,1009.6,3120,25,1010.1,50,2,1010.2,54,2,1010.3,212,4,1010.4,295,4,1010.5,555,12
317,2025-11-26 12:38:34+05:30,1010.0,22,999.93,6425069,386336.0,434580.0,986.2,1012.2,981.3,986.2,120357750,1084.8,887.6,1102.5,649.1,1010.0,669,6,1009.9,361,6,1009.8,970,10,1009.7,1545,12,1009.6,3120,25,1010.1,50,2,1010.2,54,2,1010.3,212,4,1010.4,295,4,1010.5,555,12
317,2025-11-26 12:38:35+05:30,1010.0,10,999.93,6425128,386851.0,434738.0,986.2,1012.2,981.3,986.2,120357750,1084.8,887.6,1102.5,649.1,1010.0,612,6,1009.9,169,4,1009.8,1390,10,1009.7,1852,14,1009.6,2965,24,1010.1,48,2,1010.2,85,2,1010.3,212,4,1010.4,453,5,1010.5,561,13
317,2025-11-26 12:38:35+05:30,1010.1,1,999.93,6425128,386851.0,434738.0,986.2,1012.2,981.3,986.2,120357750,1084.8,887.6,1102.5,649.1,1010.0,612,6,1009.9,169,4,1009.8,1390,10,1009.7,1852,14,1009.6,2965,24,1010.1,48,2,1010.2,85,2,1010.3,212,4,1010.4,453,5,1010.5,561,13
317,2025-11-26 12:38:36+05:30,1010.0,48,999.93,6425417,386203.0,435060.0,986.2,1012.2,981.3,986.2,120357750,1084.8,887.6,1102.5,649.1,1010.0,324,6,1009.9,748,4,1009.8,567,6,1009.7,933,8,1009.6,2693,17,1010.1,7,2,1010.2,118,3,1010.3,400,6,1010.4,497,6,1010.5,561,13
317,2025-11-26 12:38:36+05:30,1010.0,10,999.93,6425417,386203.0,435060.0,986.2,1012.2,981.3,986.2,120357750,1084.8,887.6,1102.5,649.1,1010.0,324,6,1009.9,748,4,1009.8,567,6,1009.7,933,8,1009.6,2693,17,1010.1,7,2,1010.2,118,3,1010.3,400,6,1010.4,497,6,1010.5,561,13
317,2025-11-26 12:38:37+05:30,1010.0,10,999.93,6425427,383132.0,436134.0,986.2,1012.2,981.3,986.2,120357750,1084.8,887.6,1102.5,649.1,1010.0,314,6,1009.9,164,3,1009.8,684,4,1009.7,375,4,1009.6,1182,13,1010.1,42,3,1010.2,129,3,1010.3,746,10,1010.4,733,9,1010.5,705,19
317,2025-11-26 12:38:37+05:30,1010.0,168,999.93,6425427,383132.0,436134.0,986.2,1012.2,981.3,986.2,120357750,1084.8,887.6,1102.5,649.1,1010.0,314,6,1009.9,164,3,1009.8,684,4,1009.7,375,4,1009.6,1182,13,1010.1,42,3,1010.2,129,3,1010.3,746,10,1010.4,733,9,1010.5,705,19
317,2025-11-26 12:38:38+05:30,1010.0,40,999.93,6425950,384290.0,436620.0,986.2,1012.2,981.3,986.2,120357750,1084.8,887.6,1102.5,649.1,1010.0,1453,4,1009.9,164,3,1009.8,648,3,1009.7,407,5,1009.6,1195,13,1010.1,1,1,1010.2,85,2,1010.3,744,10,1010.4,874,9,1010.5,705,19
317,2025-11-26 12:38:38+05:30,1010.0,21,999.93,6425950,384290.0,436620.0,986.2,1012.2,981.3,986.2,120357750,1084.8,887.6,1102.5,649.1,1010.0,1453,4,1009.9,164,3,1009.8,648,3,1009.7,407,5,1009.6,1195,13,1010.1,1,1,1010.2,85,2,1010.3,744,10,1010.4,874,9,1010.5,705,19
317,2025-11-26 12:38:39+05:30,1010.0,1,999.93,6426080,384160.0,436584.0,986.2,1012.2,981.3,986.2,120357750,1084.8,887.6,1102.5,649.1,1010.0,1323,4,1009.9,164,3,1009.8,648,3,1009.7,407,5,1009.6,1195,13,1010.1,1,1,1010.2,85,2,1010.3,744,10,1010.4,874,9,1010.5,705,19
317,2025-11-26 12:38:39+05:30,1010.0,1,999.93,6426080,384160.0,436584.0,986.2,1012.2,981.3,986.2,120357750,1084.8,887.6,1102.5,649.1,1010.0,1323,4,1009.9,164,3,1009.8,648,3,1009.7,407,5,1009.6,1195,13,1010.1,1,1,1010.2,85,2,1010.3,744,10,1010.4,874,9,1010.5,705,19
317,2025-11-26 12:38:40+05:30,1010.1,1,999.93,6426087,383674.0,440432.0,986.2,1012.2,981.3,986.2,120357750,1084.8,887.6,1102.5,649.1,1010.1,37,2,1010.0,1317,4,1009.9,128,2,1009.8,648,3,1009.7,450,6,1010.2,184,3,1010.3,871,11,1010.4,872,9,1010.5,861,20,1010.6,1559,14
317,2025-11-26 12:38:40+05:30,1010.2,2,999.93,6426087,383674.0,440432.0,986.2,1012.2,981.3,986.2,120357750,1084.8,887.6,1102.5,649.1,1010.1,37,2,1010.0,1317,4,1009.9,128,2,1009.8,648,3,1009.7,450,6,1010.2,184,3,1010.3,871,11,1010.4,872,9,1010.5,861,20,1010.6,1559,14
317,2025-11-26 12:38:41+05:30,1010.1,36,999.93,6426126,384394.0,440827.0,986.2,1012.2,981.3,986.2,120357750,1084.8,887.6,1102.5,649.1,1010.0,1262,3,1009.9,128,2,1009.8,137,2,1009.7,1016,8,1009.6,1195,13,1010.1,29,1,1010.2,83,2,1010.3,592,9,1010.4,1021,10,1010.5,966,20
317,2025-11-26 12:38:41+05:30,1010.1,13,999.93,6426126,384394.0,440827.0,986.2,1012.2,981.3,986.2,120357750,1084.8,887.6,1102.5,649.1,1010.0,1262,3,1009.9,128,2,1009.8,137,2,1009.7,1016,8,1009.6,1195,13,1010.1,29,1,1010.2,83,2,1010.3,592,9,1010.4,1021,10,1010.5,966,20
317,2025-11-26 12:38:42+05:30,1010.1,5,999.93,6426148,384586.0,441048.0,986.2,1012.2,981.3,986.2,120357750,1084.8,887.6,1102.5,649.1,1010.0,1275,4,1009.9,128,2,1009.8,137,2,1009.7,1016,8,1009.6,1343,14,1010.1,196,3,1010.2,49,1,1010.3,612,10,1010.4,872,9,1010.5,1115,21
317,2025-11-26 12:38:42+05:30,1010.1,5,999.93,6426148,384586.0,441048.0,986.2,1012.2,981.3,986.2,120357750,1084.8,887.6,1102.5,649.1,1010.0,1275,4,1009.9,128,2,1009.8,137,2,1009.7,1016,8,1009.6,1343,14,1010.1,196,3,1010.2,49,1,1010.3,612,10,1010.4,872,9,1010.5,1115,21
317,2025-11-26 12:38:43+05:30,1010.1,15,999.93,6426171,386698.0,440772.0,986.2,1012.2,981.3,986.2,120357750,1084.8,887.6,1102.5,649.1,1010.0,1280,5,1009.9,128,2,1009.8,142,3,1009.7,1312,10,1009.6,1814,17,1010.1,204,4,1010.2,49,1,1010.3,535,8,1010.4,722,8,1010.5,1262,22
317,2025-11-26 12:38:43+05:30,1010.1,15,999.93,6426171,386698.0,440772.0,986.2,1012.2,981.3,986.2,120357750,1084.8,887.6,1102.5,649.1,1010.0,1280,5,1009.9,128,2,1009.8,142,3,1009.7,1312,10,1009.6,1814,17,1010.1,204,4,1010.2,49,1,1010.3,535,8,1010.4,722,8,1010.5,1262,22
317,2025-11-26 12:38:44+05:30,1010.0,121,999.93,6426294,386196.0,440800.0,986.2,1012.2,981.3,986.2,120357750,1084.8,887.6,1102.5,649.1,1010.0,1159,5,1009.9,128,2,1009.8,142,3,1009.7,1074,8,1009.6,1717,16,1010.1,203,5,1010.2,49,1,1010.3,619,11,1010.4,732,9,1010.5,1272,23
317,2025-11-26 12:38:44+05:30,1010.0,1,999.93,6426294,386196.0,440800.0,986.2,1012.2,981.3,986.2,120357750,1084.8,887.6,1102.5,649.1,1010.0,1159,5,1009.9,128,2,1009.8,142,3,1009.7,1074,8,1009.6,1717,16,1010.1,203,5,1010.2,49,1,1010.3,619,11,1010.4,732,9,1010.5,1272,23
317,2025-11-26 12:38:45+05:30,1010.1,10,999.93,6426336,386358.0,440887.0,986.2,1012.2,981.3,986.2,120357750,1084.8,887.6,1102.5,649.1,1010.0,1129,5,1009.9,128,2,1009.8,142,3,1009.7,1074,8,1009.6,1744,17,1010.1,193,6,1010.2,49,1,1010.3,765,12,1010.4,878,10,1010.5,976,21
317,2025-11-26 12:38:45+05:30,1010.1,1,999.93,6426336,386358.0,440887.0,986.2,1012.2,981.3,986.2,120357750,1084.8,887.6,1102.5,649.1,1010.0,1129,5,1009.9,128,2,1009.8,142,3,1009.7,1074,8,1009.6,1744,17,1010.1,193,6,1010.2,49,1,1010.3,765,12,1010.4,878,10,1010.5,976,21
317,2025-11-26 12:38:46+05:30,1010.0,7,999.94,6426561,385976.0,440915.0,986.2,1012.2,981.3,986.2,120357750,1084.8,887.6,1102.5,649.1,1010.0,905,5,1009.9,128,2,1009.8,142,3,1009.7,1074,8,1009.6,1744,17,1010.1,163,5,1010.2,49,1,1010.3,813,13,1010.4,878,10,1010.5,976,21
317,2025-11-26 12:38:46+05:30,1010.0,45,999.94,6426561,385976.0,440915.0,986.2,1012.2,981.3,986.2,120357750,1084.8,887.6,1102.5,649.1,1010.0,905,5,1009.9,128,2,1009.8,142,3,1009.7,1074,8,1009.6,1744,17,1010.1,163,5,1010.2,49,1,1010.3,813,13,1010.4,878,10,1010.5,976,21
317,2025-11-26 12:38:47+05:30,1010.0,15,999.94,6426636,385903.0,440909.0,986.2,1012.2,981.3,986.2,120357750,1084.8,887.6,1102.5,649.1,1010.0,831,4,1009.9,128,2,1009.8,142,3,1009.7,1074,8,1009.6,1744,17,1010.1,157,5,1010.2,49,1,1010.3,813,13,1010.4,878,10,1010.5,976,21
317,2025-11-26 12:38:47+05:30,1010.0,4,999.94,6426636,385903.0,440909.0,986.2,1012.2,981.3,986.2,120357750,1084.8,887.6,1102.5,649.1,1010.0,831,4,1009.9,128,2,1009.8,142,3,1009.7,1074,8,1009.6,1744,17,1010.1,157,5,1010.2,49,1,1010.3,813,13,1010.4,878,10,1010.5,976,21
317,2025-11-26 12:38:48+05:30,1010.0,5,999.94,6426653,385655.0,440823.0,986.2,1012.2,981.3,986.2,120357750,1084.8,887.6,1102.5,649.1,1010.0,814,4,1009.9,128,2,1009.8,142,3,1009.7,1172,8,1009.6,1744,17,1010.1,155,3,1010.2,119,3,1010.3,667,12,1010.4,732,9,1010.5,1038,17
317,2025-11-26 12:38:48+05:30,1010.0,1,999.94,6426653,385655.0,440823.0,986.2,1012.2,981.3,986.2,120357750,1084.8,887.6,1102.5,649.1,1010.0,814,4,1009.9,128,2,1009.8,142,3,1009.7,1172,8,1009.6,1744,17,1010.1,155,3,1010.2,119,3,1010.3,667,12,1010.4,732,9,1010.5,1038,17
317,2025-11-26 12:38:49+05:30,1010.0,1,999.94,6426654,385987.0,440842.0,986.2,1012.2,981.3,986.2,120357750,1084.8,887.6,1102.5,649.1,1010.0,813,4,1009.9,128,2,1009.8,142,3,1009.7,1172,8,1009.6,1744,17,1010.1,155,3,1010.2,79,2,1010.3,667,12,1010.4,732,9,1010.5,1108,22
317,2025-11-26 12:38:50+05:30,1010.1,1,999.94,6426654,385987.0,440842.0,986.2,1012.2,981.3,986.2,120357750,1084.8,887.6,1102.5,649.1,1010.0,813,4,1009.9,128,2,1009.8,142,3,1009.7,1172,8,1009.6,1744,17,1010.1,155,3,1010.2,79,2,1010.3,667,12,1010.4,732,9,1010.5,1108,22
317,2025-11-26 12:38:50+05:30,1010.1,1,999.94,6430556,384293.0,439790.0,986.2,1012.2,981.3,986.2,120357750,1084.8,887.6,1102.5,649.1,1010.1,1,1,1010.0,904,1,1009.9,268,3,1009.8,115,2,1009.7,861,7,1010.2,49,1,1010.3,613,10,1010.4,858,9,1010.5,940,20,1010.6,1289,10
317,2025-11-26 12:38:51+05:30,1010.0,121,999.94,6430556,384293.0,439790.0,986.2,1012.2,981.3,986.2,120357750,1084.8,887.6,1102.5,649.1,1010.1,1,1,1010.0,904,1,1009.9,268,3,1009.8,115,2,1009.7,861,7,1010.2,49,1,1010.3,613,10,1010.4,858,9,1010.5,940,20,1010.6,1289,10
317,2025-11-26 12:38:52+05:30,1010.0,52,999.94,6430867,386079.0,439855.0,986.2,1012.2,981.3,986.2,120357750,1084.8,887.6,1102.5,649.1,1010.0,731,1,1009.9,128,2,1009.8,115,2,1009.7,1232,9,1009.6,1840,18,1010.1,95,1,1010.2,92,3,1010.3,623,10,1010.4,884,11,1010.5,956,22
317,2025-11-26 12:38:52+05:30,1010.1,5,999.94,6430867,386079.0,439855.0,986.2,1012.2,981.3,986.2,120357750,1084.8,887.6,1102.5,649.1,1010.0,731,1,1009.9,128,2,1009.8,115,2,1009.7,1232,9,1009.6,1840,18,1010.1,95,1,1010.2,92,3,1010.3,623,10,1010.4,884,11,1010.5,956,22
317,2025-11-26 12:38:53+05:30,1010.1,7,999.94,6431079,386275.0,439546.0,986.2,1012.2,981.3,986.2,120357750,1084.8,887.6,1102.5,649.1,1010.0,721,1,1009.9,128,2,1009.8,254,3,1009.7,952,7,1009.6,1980,19,1010.1,92,2,1010.2,51,2,1010.3,543,8,1010.4,868,9,1010.5,940,20
317,2025-11-26 12:38:53+05:30,1010.1,7,999.94,6431079,386275.0,439546.0,986.2,1012.2,981.3,986.2,120357750,1084.8,887.6,1102.5,649.1,1010.0,721,1,1009.9,128,2,1009.8,254,3,1009.7,952,7,1009.6,1980,19,1010.1,92,2,1010.2,51,2,1010.3,543,8,1010.4,868,9,1010.5,940,20
317,2025-11-26 12:38:54+05:30,1010.1,10,999.94,6431089,386298.0,439528.0,986.2,1012.2,981.3,986.2,120357750,1084.8,887.6,1102.5,649.1,1010.0,737,2,1009.9,128,2,1009.8,253,3,1009.7,952,7,1009.6,1980,19,1010.1,83,3,1010.2,93,3,1010.3,543,8,1010.4,868,9,1010.5,940,20
317,2025-11-26 12:38:54+05:30,1010.1,29,999.94,6431089,386298.0,439528.0,986.2,1012.2,981.3,986.2,120357750,1084.8,887.6,1102.5,649.1,1010.0,737,2,1009.9,128,2,1009.8,253,3,1009.7,952,7,1009.6,1980,19,1010.1,83,3,1010.2,93,3,1010.3,543,8,1010.4,868,9,1010.5,940,20
317,2025-11-26 12:38:55+05:30,1010.1,13,999.94,6431219,386012.0,439499.0,986.2,1012.2,981.3,986.2,120357750,1084.8,887.6,1102.5,649.1,1010.0,737,2,1009.9,128,2,1009.8,115,2,1009.7,1090,8,1009.6,1840,18,1010.1,57,5,1010.2,93,3,1010.3,543,8,1010.4,868,9,1010.5,940,20
317,2025-11-26 12:38:55+05:30,1010.1,3,999.94,6431219,386012.0,439499.0,986.2,1012.2,981.3,986.2,120357750,1084.8,887.6,1102.5,649.1,1010.0,737,2,1009.9,128,2,1009.8,115,2,1009.7,1090,8,1009.6,1840,18,1010.1,57,5,1010.2,93,3,1010.3,543,8,1010.4,868,9,1010.5,940,20
317,2025-11-26 12:38:56+05:30,1010.1,1,999.94,6431318,386118.0,439484.0,986.2,1012.2,981.3,986.2,120357750,1084.8,887.6,1102.5,649.1,1010.0,737,2,1009.9,128,2,1009.8,252,3,1009.7,1089,8,1009.6,1840,18,1010.1,66,7,1010.2,93,3,1010.3,543,8,1010.4,729,8,1010.5,940,20
317,2025-11-26 12:38:56+05:30,1010.0,619,999.94,6431318,386118.0,439484.0,986.2,1012.2,981.3,986.2,120357750,1084.8,887.6,1102.5,649.1,1010.0,737,2,1009.9,128,2,1009.8,252,3,1009.7,1089,8,1009.6,1840,18,1010.1,66,7,1010.2,93,3,1010.3,543,8,1010.4,729,8,1010.5,940,20
317,2025-11-26 12:38:57+05:30,1010.0,6,999.94,6432061,384530.0,439525.0,986.2,1012.2,981.3,986.2,120357750,1084.8,887.6,1102.5,649.1,1010.0,87,2,1009.9,128,2,1009.8,110,1,1009.7,952,7,1009.6,2112,20,1010.1,12,6,1010.2,93,3,1010.3,543,8,1010.4,729,8,1010.5,940,20
317,2025-11-26 12:38:57+05:30,1010.0,8,999.94,6432061,384530.0,439525.0,986.2,1012.2,981.3,986.2,120357750,1084.8,887.6,1102.5,649.1,1010.0,87,2,1009.9,128,2,1009.8,110,1,1009.7,952,7,1009.6,2112,20,1010.1,12,6,1010.2,93,3,1010.3,543,8,1010.4,729,8,1010.5,940,20
317,2025-11-26 12:38:58+05:30,1010.0,2,999.94,6432226,383116.0,440062.0,986.2,1012.2,981.3,986.2,120357750,1084.8,887.6,1102.5,649.1,1010.0,1625,3,1009.9,128,2,1009.8,110,1,1009.7,170,3,1009.6,1545,12,1010.1,28,5,1010.2,179,5,1010.3,928,13,1010.4,734,9,1010.5,1558,23
317,2025-11-26 12:38:58+05:30,1010.1,8,999.94,6432226,383116.0,440062.0,986.2,1012.2,981.3,986.2,120357750,1084.8,887.6,1102.5,649.1,1010.0,1625,3,1009.9,128,2,1009.8,110,1,1009.7,170,3,1009.6,1545,12,1010.1,28,5,1010.2,179,5,1010.3,928,13,1010.4,734,9,1010.5,1558,23
317,2025-11-26 12:38:59+05:30,1010.1,1,999.94,6432423,383509.0,439573.0,986.2,1012.2,981.3,986.2,120357750,1084.8,887.6,1102.5,649.1,1010.0,1395,2,1009.9,128,2,1009.8,110,1,1009.7,328,4,1009.6,1801,15,1010.1,3,1,1010.2,298,6,1010.3,722,10,1010.4,729,8,1010.5,1432,22
317,2025-11-26 12:38:59+05:30,1010.1,1,999.94,6432423,383509.0,439573.0,986.2,1012.2,981.3,986.2,120357750,1084.8,887.6,1102.5,649.1,1010.0,1395,2,1009.9,128,2,1009.8,110,1,1009.7,328,4,1009.6,1801,15,1010.1,3,1,1010.2,298,6,1010.3,722,10,1010.4,729,8,1010.5,1432,22
317,2025-11-26 12:39:00+05:30,1010.1,1,999.94,6432433,383496.0,439936.0,986.2,1012.2,981.3,986.2,120357750,1084.8,887.6,1102.5,649.1,1010.0,1388,3,1009.9,128,2,1009.8,110,1,1009.7,328,4,1009.6,1801,15,1010.1,1,1,1010.2,133,4,1010.3,587,9,1010.4,999,10,1010.5,960,21
317,2025-11-26 12:39:00+05:30,1010.1,1,999.94,6432433,383496.0,439936.0,986.2,1012.2,981.3,986.2,120357750,1084.8,887.6,1102.5,649.1,1010.0,1388,3,1009.9,128,2,1009.8,110,1,1009.7,328,4,1009.6,1801,15,1010.1,1,1,1010.2,133,4,1010.3,587,9,1010.4,999,10,1010.5,960,21
317,2025-11-26 12:39:01+05:30,1010.1,1,999.94,6432452,383487.0,440179.0,986.2,1012.2,981.3,986.2,120357750,1084.8,887.6,1102.5,649.1,1010.0,1391,4,1009.9,128,2,1009.8,110,1,1009.7,328,4,1009.6,1862,17,1010.1,42,4,1010.2,91,3,1010.3,869,12,1010.4,734,9,1010.5,1075,23
317,2025-11-26 12:39:01+05:30,1010.0,66,999.94,6432452,383487.0,440179.0,986.2,1012.2,981.3,986.2,120357750,1084.8,887.6,1102.5,649.1,1010.0,1391,4,1009.9,128,2,1009.8,110,1,1009.7,328,4,1009.6,1862,17,1010.1,42,4,1010.2,91,3,1010.3,869,12,1010.4,734,9,1010.5,1075,23
317,2025-11-26 12:39:02+05:30,1010.0,66,999.94,6432847,383050.0,440139.0,986.2,1012.2,981.3,986.2,120357750,1084.8,887.6,1102.5,649.1,1010.0,996,4,1009.9,128,2,1009.8,115,2,1009.7,328,4,1009.6,1862,17,1010.1,42,4,1010.2,51,2,1010.3,869,12,1010.4,734,9,1010.5,1075,23
317,2025-11-26 12:39:02+05:30,1010.1,5,999.94,6432847,383050.0,440139.0,986.2,1012.2,981.3,986.2,120357750,1084.8,887.6,1102.5,649.1,1010.0,996,4,1009.9,128,2,1009.8,115,2,1009.7,328,4,1009.6,1862,17,1010.1,42,4,1010.2,51,2,1010.3,869,12,1010.4,734,9,1010.5,1075,23
317,2025-11-26 12:39:03+05:30,1010.0,660,999.95,6433558,382283.0,440299.0,986.2,1012.2,981.3,986.2,120357750,1084.8,887.6,1102.5,649.1,1010.0,319,4,1009.9,128,2,1009.8,115,2,1009.7,800,5,1009.6,1188,15,1010.1,11,6,1010.2,133,3,1010.3,867,12,1010.4,734,9,1010.5,1075,23
317,2025-11-26 12:39:03+05:30,1010.0,23,999.95,6433558,382283.0,440299.0,986.2,1012.2,981.3,986.2,120357750,1084.8,887.6,1102.5,649.1,1010.0,319,4,1009.9,128,2,1009.8,115,2,1009.7,800,5,1009.6,1188,15,1010.1,11,6,1010.2,133,3,1010.3,867,12,1010.4,734,9,1010.5,1075,23
317,2025-11-26 12:39:04+05:30,1010.0,23,999.95,6433891,385474.0,439696.0,986.2,1012.2,981.3,986.2,120357750,1084.8,887.6,1102.5,649.1,1010.0,103,4,1009.9,128,2,1009.8,709,5,1009.7,1107,8,1009.6,3427,17,1010.1,28,2,1010.2,49,1,1010.3,595,9,1010.4,862,9,1010.5,1197,23
317,2025-11-26 12:39:04+05:30,1010.0,3,999.95,6433891,385474.0,439696.0,986.2,1012.2,981.3,986.2,120357750,1084.8,887.6,1102.5,649.1,1010.0,103,4,1009.9,128,2,1009.8,709,5,1009.7,1107,8,1009.6,3427,17,1010.1,28,2,1010.2,49,1,1010.3,595,9,1010.4,862,9,1010.5,1197,23
317,2025-11-26 12:39:05+05:30,1010.0,36,999.95,6434058,381519.0,439747.0,986.2,1012.2,981.3,986.2,120357750,1084.8,887.6,1102.5,649.1,1010.0,1531,2,1009.9,128,2,1009.8,727,3,1009.7,421,6,1009.6,1265,16,1010.2,49,1,1010.3,609,8,1010.4,688,7,1010.5,1040,22,1010.6,1115,12
317,2025-11-26 12:39:05+05:30,1010.0,1513,999.95,6434058,381519.0,439747.0,986.2,1012.2,981.3,986.2,120357750,1084.8,887.6,1102.5,649.1,1010.0,1531,2,1009.9,128,2,1009.8,727,3,1009.7,421,6,1009.6,1265,16,1010.2,49,1,1010.3,609,8,1010.4,688,7,1010.5,1040,22,1010.6,1115,12
317,2025-11-26 12:39:06+05:30,1009.4,33,1000.04,6491634,368036.0,441195.0,986.2,1012.2,981.3,986.2,120357750,1084.8,887.6,1102.5,649.1,1009.4,10,1,1009.3,297,4,1009.2,1053,5,1009.1,849,8,1009.0,1578,19,1009.9,581,7,1010.0,965,11,1010.1,750,7,1010.2,734,10,1010.3,783,14
317,2025-11-26 12:39:06+05:30,1010.0,104,1000.04,6491634,368036.0,441195.0,986.2,1012.2,981.3,986.2,120357750,1084.8,887.6,1102.5,649.1,1009.4,10,1,1009.3,297,4,1009.2,1053,5,1009.1,849,8,1009.0,1578,19,1009.9,581,7,1010.0,965,11,1010.1,750,7,1010.2,734,10,1010.3,783,14
317,2025-11-26 12:39:07+05:30,1010.0,204,1000.04,6494230,372930.0,438237.0,986.2,1012.2,981.3,986.2,120357750,1084.8,887.6,1102.5,649.1,1009.6,89,2,1009.5,943,9,1009.4,870,8,1009.3,1637,13,1009.2,1154,11,1010.1,308,4,1010.2,772,7,1010.3,583,9,1010.4,1162,14,1010.5,1172,22
317,2025-11-26 12:39:07+05:30,1009.6,90,1000.04,6494230,372930.0,438237.0,986.2,1012.2,981.3,986.2,120357750,1084.8,887.6,1102.5,649.1,1009.6,89,2,1009.5,943,9,1009.4,870,8,1009.3,1637,13,1009.2,1154,11,1010.1,308,4,1010.2,772,7,1010.3,583,9,1010.4,1162,14,1010.5,1172,22
317,2025-11-26 12:39:08+05:30,1009.5,83,1000.04,6494603,372546.0,442059.0,986.2,1012.2,981.3,986.2,120357750,1084.8,887.6,1102.5,649.1,1009.4,696,3,1009.3,774,11,1009.2,895,8,1009.1,1163,12,1009.0,2001,26,1009.9,334,7,1010.0,786,11,1010.1,1345,9,1010.2,779,10,1010.3,875,12
317,2025-11-26 12:39:08+05:30,1009.5,83,1000.04,6494603,372546.0,442059.0,986.2,1012.2,981.3,986.2,120357750,1084.8,887.6,1102.5,649.1,1009.4,696,3,1009.3,774,11,1009.2,895,8,1009.1,1163,12,1009.0,2001,26,1009.9,334,7,1010.0,786,11,1010.1,1345,9,1010.2,779,10,1010.3,875,12
317,2025-11-26 12:39:09+05:30,1009.5,83,1000.04,6494603,372159.0,442117.0,986.2,1012.2,981.3,986.2,120357750,1084.8,887.6,1102.5,649.1,1009.4,738,3,1009.3,797,11,1009.2,864,8,1009.1,1098,11,1009.0,1898,26,1009.8,51,1,1009.9,796,8,1010.0,786,11,1010.1,804,9,1010.2,779,10
317,2025-11-26 12:39:10+05:30,1009.8,1,1000.04,6494604,372191.0,442218.0,986.2,1012.2,981.3,986.2,120357750,1084.8,887.6,1102.5,649.1,1009.4,170,2,1009.3,1309,12,1009.2,864,8,1009.1,1098,11,1009.0,1898,26,1009.8,50,1,1009.9,960,10,1010.0,786,11,1010.1,828,10,1010.2,623,9
317,2025-11-26 12:39:10+05:30,1009.8,2,1000.04,6494604,372191.0,442218.0,986.2,1012.2,981.3,986.2,120357750,1084.8,887.6,1102.5,649.1,1009.4,170,2,1009.3,1309,12,1009.2,864,8,1009.1,1098,11,1009.0,1898,26,1009.8,50,1,1009.9,960,10,1010.0,786,11,1010.1,828,10,1010.2,623,9
317,2025-11-26 12:39:11+05:30,1009.3,65,1000.04,6495325,368259.0,445119.0,986.2,1012.2,981.3,986.2,120357750,1084.8,887.6,1102.5,649.1,1009.1,25,1,1009.0,1214,15,1008.9,990,8,1008.8,1279,9,1008.7,1340,13,1009.5,128,3,1009.6,463,10,1009.7,561,8,1009.8,950,12,1009.9,1248,10
317,2025-11-26 12:39:11+05:30,1009.3,921,1000.04,6495325,368259.0,445119.0,986.2,1012.2,981.3,986.2,120357750,1084.8,887.6,1102.5,649.1,1009.1,25,1,1009.0,1214,15,1008.9,990,8,1008.8,1279,9,1008.7,1340,13,1009.5,128,3,1009.6,463,10,1009.7,561,8,1009.8,950,12,1009.9,1248,10
317,2025-11-26 12:39:12+05:30,1009.1,1,1000.04,6497407,370988.0,444267.0,986.2,1012.2,981.3,986.2,120357750,1084.8,887.6,1102.5,649.1,1009.1,180,3,1009.0,914,13,1008.9,357,6,1008.8,1093,11,1008.7,1432,14,1009.3,1265,1,1009.4,30,1,1009.5,294,4,1009.6,1034,8,1009.7,530,5
317,2025-11-26 12:39:12+05:30,1009.1,5,1000.04,6497407,370988.0,444267.0,986.2,1012.2,981.3,986.2,120357750,1084.8,887.6,1102.5,649.1,1009.1,180,3,1009.0,914,13,1008.9,357,6,1008.8,1093,11,1008.7,1432,14,1009.3,1265,1,1009.4,30,1,1009.5,294,4,1009.6,1034,8,1009.7,530,5
317,2025-11-26 12:39:13+05:30,1009.2,81,1000.04,6497526,371358.0,443997.0,986.2,1012.2,981.3,986.2,120357750,1084.8,887.6,1102.5,649.1,1009.0,1049,14,1008.9,688,8,1008.8,1210,12,1008.7,1367,13,1008.6,1475,11,1009.2,252,1,1009.3,1255,1,1009.4,82,1,1009.5,365,5,1009.6,632,9
317,2025-11-26 12:39:13+05:30,1009.2,81,1000.04,6497526,371358.0,443997.0,986.2,1012.2,981.3,986.2,120357750,1084.8,887.6,1102.5,649.1,1009.0,1049,14,1008.9,688,8,1008.8,1210,12,1008.7,1367,13,1008.6,1475,11,1009.2,252,1,1009.3,1255,1,1009.4,82,1,1009.5,365,5,1009.6,632,9
317,2025-11-26 12:39:14+05:30,1009.2,3,1000.04,6497905,370826.0,444543.0,986.2,1012.2,981.3,986.2,120357750,1084.8,887.6,1102.5,649.1,1009.0,441,5,1008.9,100,1,1008.8,387,10,1008.7,1273,11,1008.6,1888,11,1009.2,248,1,1009.3,1392,3,1009.4,319,5,1009.5,379,5,1009.6,786,11
317,2025-11-26 12:39:14+05:30,1009.0,131,1000.04,6497905,370826.0,444543.0,986.2,1012.2,981.3,986.2,120357750,1084.8,887.6,1102.5,649.1,1009.0,441,5,1008.9,100,1,1008.8,387,10,1008.7,1273,11,1008.6,1888,11,1009.2,248,1,1009.3,1392,3,1009.4,319,5,1009.5,379,5,1009.6,786,11
317,2025-11-26 12:39:15+05:30,1008.7,2,1000.05,6498814,365717.0,444135.0,986.2,1012.2,981.3,986.2,120357750,1084.8,887.6,1102.5,649.1,1008.8,351,3,1008.7,564,7,1008.6,706,7,1008.5,683,6,1008.4,2062,15,1009.2,466,3,1009.3,1426,4,1009.4,282,4,1009.5,1009,10,1009.6,1504,14
317,2025-11-26 12:39:15+05:30,1008.8,12,1000.05,6498814,365717.0,444135.0,986.2,1012.2,981.3,986.2,120357750,1084.8,887.6,1102.5,649.1,1008.8,351,3,1008.7,564,7,1008.6,706,7,1008.5,683,6,1008.4,2062,15,1009.2,466,3,1009.3,1426,4,1009.4,282,4,1009.5,1009,10,1009.6,1504,14
317,2025-11-26 12:39:16+05:30,1009.1,1,1000.05,6498827,368196.0,444558.0,986.2,1012.2,981.3,986.2,120357750,1084.8,887.6,1102.5,649.1,1008.9,142,1,1008.8,237,3,1008.7,1076,12,1008.6,730,7,1008.5,748,7,1009.2,248,1,1009.3,1416,3,1009.4,282,4,1009.5,1206,13,1009.6,774,11
317,2025-11-26 12:39:16+05:30,1009.1,1,1000.05,6498827,368196.0,444558.0,986.2,1012.2,981.3,986.2,120357750,1084.8,887.6,1102.5,649.1,1008.9,142,1,1008.8,237,3,1008.7,1076,12,1008.6,730,7,1008.5,748,7,1009.2,248,1,1009.3,1416,3,1009.4,282,4,1009.5,1206,13,1009.6,774,11
317,2025-11-26 12:39:17+05:30,1008.8,10,1000.05,6498838,369376.0,444750.0,986.2,1012.2,981.3,986.2,120357750,1084.8,887.6,1102.5,649.1,1008.8,343,3,1008.7,941,11,1008.6,895,9,1008.5,748,7,1008.4,2296,16,1009.1,1254,1,1009.2,339,2,1009.3,322,4,1009.4,282,4,1009.5,1126,12
317,2025-11-26 12:39:17+05:30,1009.1,1,1000.05,6498838,369376.0,444750.0,986.2,1012.2,981.3,986.2,120357750,1084.8,887.6,1102.5,649.1,1008.8,343,3,1008.7,941,11,1008.6,895,9,1008.5,748,7,1008.4,2296,16,1009.1,1254,1,1009.2,339,2,1009.3,322,4,1009.4,282,4,1009.5,1126,12
317,2025-11-26 12:39:18+05:30,1009.1,1,1000.05,6498839,369136.0,445023.0,986.2,1012.2,981.3,986.2,120357750,1084.8,887.6,1102.5,649.1,1008.9,96,2,1008.8,201,2,1008.7,1086,12,1008.6,751,8,1008.5,748,7,1009.1,1253,1,1009.2,339,2,1009.3,322,4,1009.4,282,4,1009.5,1105,11
317,2025-11-26 12:39:18+05:30,1009.5,4,1000.05,6498839,369136.0,445023.0,986.2,1012.2,981.3,986.2,120357750,1084.8,887.6,1102.5,649.1,1008.9,96,2,1008.8,201,2,1008.7,1086,12,1008.6,751,8,1008.5,748,7,1009.1,1253,1,1009.2,339,2,1009.3,322,4,1009.4,282,4,1009.5,1105,11
317,2025-11-26 12:39:19+05:30,1009.5,4,1000.06,6510356,374779.0,437939.0,986.2,1012.2,981.3,986.2,120357750,1084.8,887.6,1102.5,649.1,1009.5,21,1,1009.3,401,3,1009.2,551,9,1009.1,1185,11,1009.0,963,14,1009.8,1,1,1009.9,550,8,1010.0,600,7,1010.1,654,11,1010.2,867,13
317,2025-11-26 12:39:19+05:30,1009.4,123,1000.06,6510356,374779.0,437939.0,986.2,1012.2,981.3,986.2,120357750,1084.8,887.6,1102.5,649.1,1009.5,21,1,1009.3,401,3,1009.2,551,9,1009.1,1185,11,1009.0,963,14,1009.8,1,1,1009.9,550,8,1010.0,600,7,1010.1,654,11,1010.2,867,13
317,2025-11-26 12:39:20+05:30,1009.5,8,1000.06,6510902,375260.0,437071.0,986.2,1012.2,981.3,986.2,120357750,1084.8,887.6,1102.5,649.1,1009.5,464,4,1009.4,404,4,1009.3,1395,8,1009.2,1113,15,1009.1,897,9,1009.9,14,2,1010.0,716,5,1010.1,657,8,1010.2,664,9,1010.3,1078,16
317,2025-11-26 12:39:20+05:30,1009.4,53,1000.06,6510902,375260.0,437071.0,986.2,1012.2,981.3,986.2,120357750,1084.8,887.6,1102.5,649.1,1009.5,464,4,1009.4,404,4,1009.3,1395,8,1009.2,1113,15,1009.1,897,9,1009.9,14,2,1010.0,716,5,1010.1,657,8,1010.2,664,9,1010.3,1078,16
317,2025-11-26 12:39:21+05:30,1009.6,50,1000.07,6512579,375162.0,438621.0,986.2,1012.2,981.3,986.2,120357750,1084.8,887.6,1102.5,649.1,1009.6,97,1,1009.5,105,3,1009.4,558,5,1009.3,995,9,1009.2,1088,14,1009.8,347,1,1009.9,306,4,1010.0,525,7,1010.1,1166,12,1010.2,907,8
317,2025-11-26 12:39:21+05:30,1009.6,50,1000.07,6512579,375162.0,438621.0,986.2,1012.2,981.3,986.2,120357750,1084.8,887.6,1102.5,649.1,1009.6,97,1,1009.5,105,3,1009.4,558,5,1009.3,995,9,1009.2,1088,14,1009.8,347,1,1009.9,306,4,1010.0,525,7,1010.1,1166,12,1010.2,907,8
317,2025-11-26 12:39:22+05:30,1009.8,4,1000.07,6512587,375330.0,438719.0,986.2,1012.2,981.3,986.2,120357750,1084.8,887.6,1102.5,649.1,1009.5,13,1,1009.4,73,1,1009.3,694,2,1009.2,1180,17,1009.1,972,10,1009.8,339,1,1009.9,556,7,1010.0,823,9,1010.1,1441,12,1010.2,697,9
317,2025-11-26 12:39:22+05:30,1009.8,23,1000.07,6512587,375330.0,438719.0,986.2,1012.2,981.3,986.2,120357750,1084.8,887.6,1102.5,649.1,1009.5,13,1,1009.4,73,1,1009.3,694,2,1009.2,1180,17,1009.1,972,10,1009.8,339,1,1009.9,556,7,1010.0,823,9,1010.1,1441,12,1010.2,697,9
317,2025-11-26 12:39:23+05:30,1009.8,1,1000.07,6512611,374972.0,439604.0,986.2,1012.2,981.3,986.2,120357750,1084.8,887.6,1102.5,649.1,1009.6,40,1,1009.5,13,1,1009.4,73,1,1009.3,850,3,1009.2,1283,19,1009.8,315,1,1009.9,511,7,1010.0,621,8,1010.1,1441,12,1010.2,674,8
317,2025-11-26 12:39:23+05:30,1009.8,1,1000.07,6512611,374972.0,439604.0,986.2,1012.2,981.3,986.2,120357750,1084.8,887.6,1102.5,649.1,1009.6,40,1,1009.5,13,1,1009.4,73,1,1009.3,850,3,1009.2,1283,19,1009.8,315,1,1009.9,511,7,1010.0,621,8,1010.1,1441,12,1010.2,674,8
317,2025-11-26 12:39:24+05:30,1009.6,50,1000.07,6512611,374972.0,439604.0,986.2,1012.2,981.3,986.2,120357750,1084.8,887.6,1102.5,649.1,1009.6,40,1,1009.5,13,1,1009.4,73,1,1009.3,850,3,1009.2,1283,19,1009.8,315,1,1009.9,511,7,1010.0,621,8,1010.1,1441,12,1010.2,674,8
317,2025-11-26 12:39:24+05:30,1009.6,50,1000.07,6512661,375009.0,438952.0,986.2,1012.2,981.3,986.2,120357750,1084.8,887.6,1102.5,649.1,1009.6,40,1,1009.5,13,1,1009.4,73,1,1009.3,997,4,1009.2,1334,16,1009.8,315,1,1009.9,312,6,1010.0,510,8,1010.1,947,11,1010.2,697,9
317,2025-11-26 12:39:25+05:30,1009.8,2,1000.07,6512661,375009.0,438952.0,986.2,1012.2,981.3,986.2,120357750,1084.8,887.6,1102.5,649.1,1009.6,40,1,1009.5,13,1,1009.4,73,1,1009.3,997,4,1009.2,1334,16,1009.8,315,1,1009.9,312,6,1010.0,510,8,1010.1,947,11,1010.2,697,9
317,2025-11-26 12:39:26+05:30,1009.8,2,1000.07,6512689,374614.0,439026.0,986.2,1012.2,981.3,986.2,120357750,1084.8,887.6,1102.5,649.1,1009.6,40,1,1009.5,13,1,1009.4,229,2,1009.3,850,3,1009.2,1347,17,1009.8,287,1,1009.9,312,6,1010.0,510,8,1010.1,649,10,1010.2,1010,11
317,2025-11-26 12:39:26+05:30,1009.6,265,1000.07,6512689,374614.0,439026.0,986.2,1012.2,981.3,986.2,120357750,1084.8,887.6,1102.5,649.1,1009.6,40,1,1009.5,13,1,1009.4,229,2,1009.3,850,3,1009.2,1347,17,1009.8,287,1,1009.9,312,6,1010.0,510,8,1010.1,649,10,1010.2,1010,11
317,2025-11-26 12:39:27+05:30,1009.6,265,1000.07,6513047,374549.0,440492.0,986.2,1012.2,981.3,986.2,120357750,1084.8,887.6,1102.5,649.1,1009.4,163,2,1009.3,145,1,1009.2,1017,16,1009.1,883,11,1009.0,895,10,1009.6,347,1,1009.8,327,4,1009.9,468,7,1010.0,984,12,1010.1,1226,11
317,2025-11-26 12:39:27+05:30,1009.6,265,1000.07,6513047,374576.0,440529.0,986.2,1012.2,981.3,986.2,120357750,1084.8,887.6,1102.5,649.1,1009.4,163,2,1009.3,145,1,1009.2,1017,16,1009.1,883,11,1009.0,895,10,1009.6,347,1,1009.8,327,4,1009.9,468,7,1010.0,984,12,1010.1,1236,12
317,2025-11-26 12:39:29+05:30,1009.6,265,1000.07,6513047,376691.0,441255.0,986.2,1012.2,981.3,986.2,120357750,1084.8,887.6,1102.5,649.1,1009.3,476,4,1009.2,788,9,1009.1,965,11,1009.0,908,12,1008.9,1181,13,1009.4,8,1,1009.6,347,1,1009.8,574,6,1009.9,729,9,1010.0,1242,14
317,2025-11-26 12:39:30+05:30,1009.3,8,1000.07,6513055,376752.0,441316.0,986.2,1012.2,981.3,986.2,120357750,1084.8,887.6,1102.5,649.1,1009.3,209,2,1009.2,932,10,1009.1,978,12,1009.0,921,13,1008.9,1181,13,1009.4,8,1,1009.5,40,1,1009.6,347,1,1009.8,574,6,1009.9,729,9
317,2025-11-26 12:39:30+05:30,1009.5,1,1000.07,6513055,376752.0,441316.0,986.2,1012.2,981.3,986.2,120357750,1084.8,887.6,1102.5,649.1,1009.3,209,2,1009.2,932,10,1009.1,978,12,1009.0,921,13,1008.9,1181,13,1009.4,8,1,1009.5,40,1,1009.6,347,1,1009.8,574,6,1009.9,729,9
317,2025-11-26 12:39:30+05:30,1009.5,1,1000.07,6513130,375297.0,441241.0,986.2,1012.2,981.3,986.2,120357750,1084.8,887.6,1102.5,649.1,1009.2,748,8,1009.1,888,14,1009.0,884,11,1008.9,1143,11,1008.8,2002,17,1009.5,39,1,1009.6,347,1,1009.8,803,4,1009.9,742,9,1010.0,1307,15
317,2025-11-26 12:39:31+05:30,1009.2,54,1000.07,6513130,375297.0,441241.0,986.2,1012.2,981.3,986.2,120357750,1084.8,887.6,1102.5,649.1,1009.2,748,8,1009.1,888,14,1009.0,884,11,1008.9,1143,11,1008.8,2002,17,1009.5,39,1,1009.6,347,1,1009.8,803,4,1009.9,742,9,1010.0,1307,15
317,2025-11-26 12:39:31+05:30,1009.2,54,1000.07,6516551,376990.0,439823.0,986.2,1012.2,981.3,986.2,120357750,1084.8,887.6,1102.5,649.1,1009.3,1049,4,1009.2,1173,12,1009.1,952,10,1009.0,1186,9,1008.9,1258,18,1009.5,3,2,1009.7,87,1,1009.8,162,3,1009.9,1139,8,1010.0,826,13
317,2025-11-26 12:39:32+05:30,1009.8,5,1000.07,6516551,376990.0,439823.0,986.2,1012.2,981.3,986.2,120357750,1084.8,887.6,1102.5,649.1,1009.3,1049,4,1009.2,1173,12,1009.1,952,10,1009.0,1186,9,1008.9,1258,18,1009.5,3,2,1009.7,87,1,1009.8,162,3,1009.9,1139,8,1010.0,826,13
317,2025-11-26 12:39:32+05:30,1009.8,5,1000.07,6516746,375941.0,438667.0,986.2,1012.2,981.3,986.2,120357750,1084.8,887.6,1102.5,649.1,1009.4,167,2,1009.3,1571,9,1009.2,1376,15,1009.1,907,11,1009.0,760,9,1009.8,57,1,1009.9,219,3,1010.0,1024,10,1010.1,828,12,1010.2,1495,15
317,2025-11-26 12:39:33+05:30,1009.8,23,1000.07,6516746,375941.0,438667.0,986.2,1012.2,981.3,986.2,120357750,1084.8,887.6,1102.5,649.1,1009.4,167,2,1009.3,1571,9,1009.2,1376,15,1009.1,907,11,1009.0,760,9,1009.8,57,1,1009.9,219,3,1010.0,1024,10,1010.1,828,12,1010.2,1495,15
317,2025-11-26 12:39:33+05:30,1009.8,23,1000.07,6516769,377441.0,440114.0,986.2,1012.2,981.3,986.2,120357750,1084.8,887.6,1102.5,649.1,1009.4,143,1,1009.3,1571,9,1009.2,1400,16,1009.1,881,9,1009.0,786,11,1009.6,10,1,1009.8,34,1,1009.9,219,3,1010.0,1190,14,1010.1,1126,13
317,2025-11-26 12:39:34+05:30,1009.8,23,1000.07,6516769,378112.0,439546.0,986.2,1012.2,981.3,986.2,120357750,1084.8,887.6,1102.5,649.1,1009.5,112,1,1009.4,156,1,1009.3,1644,11,1009.2,1349,15,1009.1,881,9,1009.6,11,2,1009.8,84,2,1009.9,219,3,1010.0,1190,14,1010.1,983,12
317,2025-11-26 12:39:35+05:30,1009.8,2,1000.07,6516769,378112.0,439546.0,986.2,1012.2,981.3,986.2,120357750,1084.8,887.6,1102.5,649.1,1009.5,112,1,1009.4,156,1,1009.3,1644,11,1009.2,1349,15,1009.1,881,9,1009.6,11,2,1009.8,84,2,1009.9,219,3,1010.0,1190,14,1010.1,983,12
317,2025-11-26 12:39:35+05:30,1009.8,2,1000.07,6516909,376016.0,440108.0,986.2,1012.2,981.3,986.2,120357750,1084.8,887.6,1102.5,649.1,1009.3,1439,9,1009.2,1155,11,1009.1,1455,11,1009.0,897,13,1008.9,1294,16,1009.8,189,4,1009.9,473,6,1010.0,1498,18,1010.1,1016,14,1010.2,1202,15
317,2025-11-26 12:39:36+05:30,1009.3,1,1000.07,6516909,376016.0,440108.0,986.2,1012.2,981.3,986.2,120357750,1084.8,887.6,1102.5,649.1,1009.3,1439,9,1009.2,1155,11,1009.1,1455,11,1009.0,897,13,1008.9,1294,16,1009.8,189,4,1009.9,473,6,1010.0,1498,18,1010.1,1016,14,1010.2,1202,15
317,2025-11-26 12:39:36+05:30,1009.3,1,1000.07,6516961,375044.0,441756.0,986.2,1012.2,981.3,986.2,120357750,1084.8,887.6,1102.5,649.1,1009.3,797,4,1009.2,1457,10,1009.1,1023,10,1009.0,1013,12,1008.9,1230,12,1009.8,703,8,1009.9,1169,13,1010.0,1310,17,1010.1,993,13,1010.2,1202,15
317,2025-11-26 12:39:37+05:30,1009.3,1,1000.07,6516961,375162.0,441756.0,986.2,1012.2,981.3,986.2,120357750,1084.8,887.6,1102.5,649.1,1009.3,810,5,1009.2,1457,10,1009.1,1045,11,1009.0,1103,18,1008.9,1082,12,1009.8,561,7,1009.9,1289,13,1010.0,1310,17,1010.1,1015,14,1010.2,1202,15
317,2025-11-26 12:39:38+05:30,1009.3,1,1000.07,6516961,375128.0,441736.0,986.2,1012.2,981.3,986.2,120357750,1084.8,887.6,1102.5,649.1,1009.3,908,6,1009.2,1206,11,1009.1,1045,11,1009.0,986,18,1008.9,1082,12,1009.8,561,7,1009.9,1147,12,1010.0,878,17,1010.1,1564,15,1010.2,1264,16
317,2025-11-26 12:39:39+05:30,1009.3,99,1000.07,6517065,374812.0,441919.0,986.2,1012.2,981.3,986.2,120357750,1084.8,887.6,1102.5,649.1,1009.3,706,5,1009.2,948,10,1009.1,1185,12,1009.0,986,18,1008.9,1082,12,1009.8,561,7,1009.9,1310,14,1010.0,1034,17,1010.1,1231,12,1010.2,1277,17
317,2025-11-26 12:39:39+05:30,1009.3,99,1000.07,6517065,374812.0,441919.0,986.2,1012.2,981.3,986.2,120357750,1084.8,887.6,1102.5,649.1,1009.3,706,5,1009.2,948,10,1009.1,1185,12,1009.0,986,18,1008.9,1082,12,1009.8,561,7,1009.9,1310,14,1010.0,1034,17,1010.1,1231,12,1010.2,1277,17
317,2025-11-26 12:39:40+05:30,1009.3,30,1000.07,6517295,374766.0,440941.0,986.2,1012.2,981.3,986.2,120357750,1084.8,887.6,1102.5,649.1,1009.3,774,6,1009.2,1320,13,1009.1,881,9,1009.0,986,18,1008.9,1082,12,1009.8,170,4,1009.9,1005,11,1010.0,1036,19,1010.1,1516,12,1010.2,1290,18
317,2025-11-26 12:39:40+05:30,1009.3,30,1000.07,6517295,374766.0,440941.0,986.2,1012.2,981.3,986.2,120357750,1084.8,887.6,1102.5,649.1,1009.3,774,6,1009.2,1320,13,1009.1,881,9,1009.0,986,18,1008.9,1082,12,1009.8,170,4,1009.9,1005,11,1010.0,1036,19,1010.1,1516,12,1010.2,1290,18
317,2025-11-26 12:39:41+05:30,1009.6,86,1000.07,6517518,377181.0,440066.0,986.2,1012.2,981.3,986.2,120357750,1084.8,887.6,1102.5,649.1,1009.4,320,4,1009.3,1295,12,1009.2,1075,10,1009.1,907,11,1009.0,1523,18,1009.6,86,1,1009.9,793,5,1010.0,630,14,1010.1,957,10,1010.2,1220,16
317,2025-11-26 12:39:41+05:30,1009.6,86,1000.07,6517518,377181.0,440066.0,986.2,1012.2,981.3,986.2,120357750,1084.8,887.6,1102.5,649.1,1009.4,320,4,1009.3,1295,12,1009.2,1075,10,1009.1,907,11,1009.0,1523,18,1009.6,86,1,1009.9,793,5,1010.0,630,14,1010.1,957,10,1010.2,1220,16
317,2025-11-26 12:39:42+05:30,1009.6,476,1000.07,6518517,378253.0,438816.0,986.2,1012.2,981.3,986.2,120357750,1084.8,887.6,1102.5,649.1,1009.7,438,1,1009.6,2,2,1009.5,323,3,1009.4,605,8,1009.3,1172,12,1009.8,92,1,1009.9,214,2,1010.0,461,12,1010.1,551,8,1010.2,1247,10
317,2025-11-26 12:39:42+05:30,1009.6,476,1000.07,6518517,378253.0,438816.0,986.2,1012.2,981.3,986.2,120357750,1084.8,887.6,1102.5,649.1,1009.7,438,1,1009.6,2,2,1009.5,323,3,1009.4,605,8,1009.3,1172,12,1009.8,92,1,1009.9,214,2,1010.0,461,12,1010.1,551,8,1010.2,1247,10
317,2025-11-26 12:39:43+05:30,1009.9,50,1000.08,6519659,376847.0,439102.0,986.2,1012.2,981.3,986.2,120357750,1084.8,887.6,1102.5,649.1,1009.7,16,1,1009.6,5,1,1009.5,904,6,1009.4,854,9,1009.3,694,10,1009.9,164,2,1010.0,334,11,1010.1,1176,9,1010.2,718,9,1010.3,1207,15
317,2025-11-26 12:39:43+05:30,1009.7,10,1000.08,6519659,376847.0,439102.0,986.2,1012.2,981.3,986.2,120357750,1084.8,887.6,1102.5,649.1,1009.7,16,1,1009.6,5,1,1009.5,904,6,1009.4,854,9,1009.3,694,10,1009.9,164,2,1010.0,334,11,1010.1,1176,9,1010.2,718,9,1010.3,1207,15
317,2025-11-26 12:39:44+05:30,1009.9,44,1000.08,6519728,376720.0,439275.0,986.2,1012.2,981.3,986.2,120357750,1084.8,887.6,1102.5,649.1,1009.7,16,1,1009.6,5,1,1009.5,680,4,1009.4,851,9,1009.3,694,10,1009.9,118,2,1010.0,334,11,1010.1,1131,9,1010.2,993,11,1010.3,914,15
317,2025-11-26 12:39:44+05:30,1009.9,44,1000.08,6519728,376720.0,439275.0,986.2,1012.2,981.3,986.2,120357750,1084.8,887.6,1102.5,649.1,1009.7,16,1,1009.6,5,1,1009.5,680,4,1009.4,851,9,1009.3,694,10,1009.9,118,2,1010.0,334,11,1010.1,1131,9,1010.2,993,11,1010.3,914,15
317,2025-11-26 12:39:45+05:30,1009.9,1,1000.08,6519854,377089.0,439021.0,986.2,1012.2,981.3,986.2,120357750,1084.8,887.6,1102.5,649.1,1009.7,27,2,1009.6,148,3,1009.5,857,8,1009.4,712,7,1009.3,1278,12,1010.0,250,10,1010.1,867,6,1010.2,595,7,1010.3,1389,16,1010.4,1232,12
317,2025-11-26 12:39:45+05:30,1009.9,1,1000.08,6519854,377089.0,439021.0,986.2,1012.2,981.3,986.2,120357750,1084.8,887.6,1102.5,649.1,1009.7,27,2,1009.6,148,3,1009.5,857,8,1009.4,712,7,1009.3,1278,12,1010.0,250,10,1010.1,867,6,1010.2,595,7,1010.3,1389,16,1010.4,1232,12
317,2025-11-26 12:39:46+05:30,1009.9,1,1000.08,6519854,377116.0,439203.0,986.2,1012.2,981.3,986.2,120357750,1084.8,887.6,1102.5,649.1,1009.7,27,2,1009.6,13,2,1009.5,993,10,1009.4,712,7,1009.3,1278,12,1010.0,247,9,1010.1,870,7,1010.2,730,8,1010.3,1254,15,1010.4,1388,13
317,2025-11-26 12:39:47+05:30,1009.9,1,1000.08,6519854,377116.0,439246.0,986.2,1012.2,981.3,986.2,120357750,1084.8,887.6,1102.5,649.1,1009.7,27,2,1009.6,13,2,1009.5,858,9,1009.4,847,8,1009.3,1278,12,1010.0,249,10,1010.1,870,7,1010.2,771,9,1010.3,1254,15,1010.4,1388,13
317,2025-11-26 12:39:48+05:30,1009.5,50,1000.08,6520094,375585.0,440023.0,986.2,1012.2,981.3,986.2,120357750,1084.8,887.6,1102.5,649.1,1009.5,297,5,1009.4,846,8,1009.3,686,10,1009.2,1190,13,1009.1,1188,14,1009.9,138,1,1010.0,538,13,1010.1,1225,12,1010.2,1068,10,1010.3,1145,14
317,2025-11-26 12:39:48+05:30,1009.5,50,1000.08,6520094,375585.0,440023.0,986.2,1012.2,981.3,986.2,120357750,1084.8,887.6,1102.5,649.1,1009.5,297,5,1009.4,846,8,1009.3,686,10,1009.2,1190,13,1009.1,1188,14,1009.9,138,1,1010.0,538,13,1010.1,1225,12,1010.2,1068,10,1010.3,1145,14
317,2025-11-26 12:39:49+05:30,1009.5,50,1000.08,6520094,375628.0,440053.0,986.2,1012.2,981.3,986.2,120357750,1084.8,887.6,1102.5,649.1,1009.5,297,5,1009.4,846,8,1009.3,686,10,1009.2,1190,13,1009.1,1188,14,1009.9,138,1,1010.0,538,13,1010.1,1225,12,1010.2,1068,10,1010.3,1145,14
317,2025-11-26 12:39:49+05:30,1009.5,1,1000.08,6520094,375628.0,440053.0,986.2,1012.2,981.3,986.2,120357750,1084.8,887.6,1102.5,649.1,1009.5,297,5,1009.4,846,8,1009.3,686,10,1009.2,1190,13,1009.1,1188,14,1009.9,138,1,1010.0,538,13,1010.1,1225,12,1010.2,1068,10,1010.3,1145,14
317,2025-11-26 12:39:50+05:30,1009.9,1,1000.08,6520098,375529.0,439139.0,986.2,1012.2,981.3,986.2,120357750,1084.8,887.6,1102.5,649.1,1009.5,309,6,1009.4,846,8,1009.3,686,10,1009.2,1190,13,1009.1,1188,14,1009.9,135,1,1010.0,438,12,1010.1,569,9,1010.2,1070,11,1010.3,1443,14
317,2025-11-26 12:39:50+05:30,1009.9,1,1000.08,6520098,375529.0,439139.0,986.2,1012.2,981.3,986.2,120357750,1084.8,887.6,1102.5,649.1,1009.5,309,6,1009.4,846,8,1009.3,686,10,1009.2,1190,13,1009.1,1188,14,1009.9,135,1,1010.0,438,12,1010.1,569,9,1010.2,1070,11,1010.3,1443,14
317,2025-11-26 12:39:51+05:30,1009.7,54,1000.08,6520264,377521.0,439767.0,986.2,1012.2,981.3,986.2,120357750,1084.8,887.6,1102.5,649.1,1009.5,808,10,1009.4,598,6,1009.3,686,10,1009.2,1190,13,1009.1,1027,12,1009.7,54,1,1009.9,131,1,1010.0,356,11,1010.1,514,8,1010.2,597,9
317,2025-11-26 12:39:51+05:30,1009.7,54,1000.08,6520264,377521.0,439767.0,986.2,1012.2,981.3,986.2,120357750,1084.8,887.6,1102.5,649.1,1009.5,808,10,1009.4,598,6,1009.3,686,10,1009.2,1190,13,1009.1,1027,12,1009.7,54,1,1009.9,131,1,1010.0,356,11,1010.1,514,8,1010.2,597,9
317,2025-11-26 12:39:52+05:30,1009.7,5,1000.08,6520295,378838.0,439400.0,986.2,1012.2,981.3,986.2,120357750,1084.8,887.6,1102.5,649.1,1009.6,431,2,1009.5,576,8,1009.4,598,6,1009.3,768,12,1009.2,1908,15,1009.7,23,1,1009.9,131,1,1010.0,377,13,1010.1,360,7,1010.2,443,7
317,2025-11-26 12:39:52+05:30,1009.7,5,1000.08,6520295,378838.0,439400.0,986.2,1012.2,981.3,986.2,120357750,1084.8,887.6,1102.5,649.1,1009.6,431,2,1009.5,576,8,1009.4,598,6,1009.3,768,12,1009.2,1908,15,1009.7,23,1,1009.9,131,1,1010.0,377,13,1010.1,360,7,1010.2,443,7
317,2025-11-26 12:39:53+05:30,1009.6,6,1000.08,6520301,379055.0,439400.0,986.2,1012.2,981.3,986.2,120357750,1084.8,887.6,1102.5,649.1,1009.6,517,3,1009.5,707,9,1009.4,598,6,1009.3,768,12,1009.2,1908,15,1009.7,23,1,1009.9,131,1,1010.0,377,13,1010.1,360,7,1010.2,443,7
317,2025-11-26 12:39:53+05:30,1009.6,6,1000.08,6520301,379055.0,439400.0,986.2,1012.2,981.3,986.2,120357750,1084.8,887.6,1102.5,649.1,1009.6,517,3,1009.5,707,9,1009.4,598,6,1009.3,768,12,1009.2,1908,15,1009.7,23,1,1009.9,131,1,1010.0,377,13,1010.1,360,7,1010.2,443,7
317,2025-11-26 12:39:54+05:30,1009.7,256,1000.08,6520969,379124.0,438212.0,986.2,1012.2,981.3,986.2,120357750,1084.8,887.6,1102.5,649.1,1009.6,612,7,1009.5,799,10,1009.4,716,8,1009.3,843,18,1009.2,1966,15,1009.8,38,1,1009.9,131,1,1010.0,170,11,1010.1,149,5,1010.2,347,5
317,2025-11-26 12:39:54+05:30,1009.7,256,1000.08,6520969,379124.0,438212.0,986.2,1012.2,981.3,986.2,120357750,1084.8,887.6,1102.5,649.1,1009.6,612,7,1009.5,799,10,1009.4,716,8,1009.3,843,18,1009.2,1966,15,1009.8,38,1,1009.9,131,1,1010.0,170,11,1010.1,149,5,1010.2,347,5
317,2025-11-26 12:39:55+05:30,1010.0,2,1000.08,6520969,379124.0,438212.0,986.2,1012.2,981.3,986.2,120357750,1084.8,887.6,1102.5,649.1,1009.6,612,7,1009.5,799,10,1009.4,716,8,1009.3,843,18,1009.2,1966,15,1009.8,38,1,1009.9,131,1,1010.0,170,11,1010.1,149,5,1010.2,347,5
317,2025-11-26 12:39:56+05:30,1010.0,2,1000.08,6521518,379693.0,437752.0,986.2,1012.2,981.3,986.2,120357750,1084.8,887.6,1102.5,649.1,1009.7,259,6,1009.6,862,12,1009.5,803,11,1009.4,779,10,1009.3,1050,16,1010.0,95,5,1010.1,42,4,1010.2,21,2,1010.3,791,8,1010.4,1686,14
317,2025-11-26 12:39:56+05:30,1010.0,2,1000.08,6521518,379693.0,437752.0,986.2,1012.2,981.3,986.2,120357750,1084.8,887.6,1102.5,649.1,1009.7,259,6,1009.6,862,12,1009.5,803,11,1009.4,779,10,1009.3,1050,16,1010.0,95,5,1010.1,42,4,1010.2,21,2,1010.3,791,8,1010.4,1686,14
317,2025-11-26 12:39:57+05:30,1010.0,2,1000.08,6521520,379715.0,437062.0,986.2,1012.2,981.3,986.2,120357750,1084.8,887.6,1102.5,649.1,1009.7,353,6,1009.6,862,12,1009.5,731,10,1009.4,779,10,1009.3,1050,16,1010.0,93,5,1010.1,42,4,1010.2,21,2,1010.3,793,9,1010.4,1705,15
317,2025-11-26 12:39:57+05:30,1009.7,16,1000.08,6521620,379522.0,436918.0,986.2,1012.2,981.3,986.2,120357750,1084.8,887.6,1102.5,649.1,1009.7,428,6,1009.6,850,11,1009.5,746,11,1009.4,779,10,1009.3,1050,16,1010.0,95,6,1010.1,42,4,1010.2,175,3,1010.3,851,10,1010.4,1686,14
317,2025-11-26 12:39:57+05:30,1009.7,16,1000.08,6521620,379522.0,436918.0,986.2,1012.2,981.3,986.2,120357750,1084.8,887.6,1102.5,649.1,1009.7,428,6,1009.6,850,11,1009.5,746,11,1009.4,779,10,1009.3,1050,16,1010.0,95,6,1010.1,42,4,1010.2,175,3,1010.3,851,10,1010.4,1686,14
317,2025-11-26 12:39:59+05:30,1009.7,16,1000.08,6521620,380117.0,437165.0,986.2,1012.2,981.3,986.2,120357750,1084.8,887.6,1102.5,649.1,1009.7,301,4,1009.6,758,9,1009.5,770,12,1009.4,779,10,1009.3,848,15,1009.9,195,1,1010.0,98,7,1010.1,42,4,1010.2,180,4,1010.3,1149,11
317,2025-11-26 12:39:59+05:30,1009.9,1,1000.08,6521620,380117.0,437165.0,986.2,1012.2,981.3,986.2,120357750,1084.8,887.6,1102.5,649.1,1009.7,301,4,1009.6,758,9,1009.5,770,12,1009.4,779,10,1009.3,848,15,1009.9,195,1,1010.0,98,7,1010.1,42,4,1010.2,180,4,1010.3,1149,11
317,2025-11-26 12:40:00+05:30,1009.9,1,1000.08,6521621,380393.0,437907.0,986.2,1012.2,981.3,986.2,120357750,1084.8,887.6,1102.5,649.1,1009.7,140,2,1009.6,634,8,1009.5,1175,14,1009.4,779,10,1009.3,1004,16,1009.9,194,1,1010.0,798,8,1010.1,42,4,1010.2,180,4,1010.3,1149,11
317,2025-11-26 12:40:00+05:30,1009.9,1,1000.08,6521621,380393.0,437907.0,986.2,1012.2,981.3,986.2,120357750,1084.8,887.6,1102.5,649.1,1009.7,140,2,1009.6,634,8,1009.5,1175,14,1009.4,779,10,1009.3,1004,16,1009.9,194,1,1010.0,798,8,1010.1,42,4,1010.2,180,4,1010.3,1149,11
317,2025-11-26 12:40:01+05:30,1009.9,1,1000.08,6521634,380202.0,438083.0,986.2,1012.2,981.3,986.2,120357750,1084.8,887.6,1102.5,649.1,1009.7,15,1,1009.6,391,7,1009.5,1180,14,1009.4,779,10,1009.3,1004,16,1009.9,192,1,1010.0,798,8,1010.1,192,5,1010.2,404,6,1010.3,1175,13
317,2025-11-26 12:40:02+05:30,1009.9,1,1000.08,6521634,380965.0,438135.0,986.2,1012.2,981.3,986.2,120357750,1084.8,887.6,1102.5,649.1,1009.7,15,1,1009.6,433,7,1009.5,1151,13,1009.4,779,10,1009.3,1004,16,1009.8,31,1,1009.9,192,1,1010.0,798,8,1010.1,197,6,1010.2,404,6
317,2025-11-26 12:40:02+05:30,1009.8,4,1000.08,6521642,380992.0,438124.0,986.2,1012.2,981.3,986.2,120357750,1084.8,887.6,1102.5,649.1,1009.7,15,1,1009.6,433,7,1009.5,1151,13,1009.4,806,11,1009.3,1004,16,1009.8,23,1,1009.9,192,1,1010.0,798,8,1010.1,197,6,1010.2,404,6
317,2025-11-26 12:40:02+05:30,1009.8,4,1000.08,6521642,380992.0,438124.0,986.2,1012.2,981.3,986.2,120357750,1084.8,887.6,1102.5,649.1,1009.7,15,1,1009.6,433,7,1009.5,1151,13,1009.4,806,11,1009.3,1004,16,1009.8,23,1,1009.9,192,1,1010.0,798,8,1010.1,197,6,1010.2,404,6
317,2025-11-26 12:40:03+05:30,1009.8,240,1000.08,6521905,380913.0,437999.0,986.2,1012.2,981.3,986.2,120357750,1084.8,887.6,1102.5,649.1,1009.7,15,1,1009.6,179,5,1009.5,1050,12,1009.4,926,12,1009.3,1004,16,1009.8,31,1,1009.9,238,2,1010.0,798,8,1010.1,313,8,1010.2,404,6
317,2025-11-26 12:40:03+05:30,1009.8,240,1000.08,6521905,380913.0,437999.0,986.2,1012.2,981.3,986.2,120357750,1084.8,887.6,1102.5,649.1,1009.7,15,1,1009.6,179,5,1009.5,1050,12,1009.4,926,12,1009.3,1004,16,1009.8,31,1,1009.9,238,2,1010.0,798,8,1010.1,313,8,1010.2,404,6
317,2025-11-26 12:40:04+05:30,1009.8,240,1000.08,6521905,383222.0,438807.0,986.2,1012.2,981.3,986.2,120357750,1084.8,887.6,1102.5,649.1,1009.7,15,1,1009.6,179,5,1009.5,1253,16,1009.4,780,9,1009.3,1167,17,1009.8,427,2,1009.9,238,2,1010.0,860,10,1010.1,313,8,1010.2,404,6
317,2025-11-26 12:40:05+05:30,1009.8,1,1000.08,6521909,384094.0,438778.0,986.2,1012.2,981.3,986.2,120357750,1084.8,887.6,1102.5,649.1,1009.7,15,1,1009.6,455,9,1009.5,1205,14,1009.4,943,10,1009.3,2450,18,1009.8,423,2,1009.9,238,2,1010.0,860,10,1010.1,313,8,1010.2,423,8
317,2025-11-26 12:40:05+05:30,1009.8,1,1000.08,6521909,384094.0,438778.0,986.2,1012.2,981.3,986.2,120357750,1084.8,887.6,1102.5,649.1,1009.7,15,1,1009.6,455,9,1009.5,1205,14,1009.4,943,10,1009.3,2450,18,1009.8,423,2,1009.9,238,2,1010.0,860,10,1010.1,313,8,1010.2,423,8
317,2025-11-26 12:40:06+05:30,1009.7,15,1000.08,6521924,384607.0,439346.0,986.2,1012.2,981.3,986.2,120357750,1084.8,887.6,1102.5,649.1,1009.6,372,8,1009.5,1073,12,1009.4,916,9,1009.3,2445,17,1009.2,3538,18,1009.7,12,1,1009.8,396,1,1009.9,238,2,1010.0,909,11,1010.1,313,8
317,2025-11-26 12:40:06+05:30,1009.7,15,1000.08,6521924,384607.0,439346.0,986.2,1012.2,981.3,986.2,120357750,1084.8,887.6,1102.5,649.1,1009.6,372,8,1009.5,1073,12,1009.4,916,9,1009.3,2445,17,1009.2,3538,18,1009.7,12,1,1009.8,396,1,1009.9,238,2,1010.0,909,11,1010.1,313,8
317,2025-11-26 12:40:07+05:30,1009.8,336,1000.08,6522674,383709.0,438833.0,986.2,1012.2,981.3,986.2,120357750,1084.8,887.6,1102.5,649.1,1009.6,465,11,1009.5,1116,13,1009.4,909,8,1009.3,3124,13,1009.2,3102,13,1009.9,238,2,1010.0,909,11,1010.1,47,5,1010.2,310,7,1010.3,1097,13
317,2025-11-26 12:40:07+05:30,1009.8,336,1000.08,6522674,383709.0,438833.0,986.2,1012.2,981.3,986.2,120357750,1084.8,887.6,1102.5,649.1,1009.6,465,11,1009.5,1116,13,1009.4,909,8,1009.3,3124,13,1009.2,3102,13,1009.9,238,2,1010.0,909,11,1010.1,47,5,1010.2,310,7,1010.3,1097,13
317,2025-11-26 12:40:08+05:30,1009.9,5,1000.08,6522680,382174.0,438850.0,986.2,1012.2,981.3,986.2,120357750,1084.8,887.6,1102.5,649.1,1009.6,677,13,1009.5,1214,14,1009.4,909,8,1009.3,1624,11,1009.2,3102,13,1009.9,232,2,1010.0,909,11,1010.1,47,5,1010.2,310,7,1010.3,1097,13
317,2025-11-26 12:40:08+05:30,1009.9,5,1000.08,6522680,382174.0,438850.0,986.2,1012.2,981.3,986.2,120357750,1084.8,887.6,1102.5,649.1,1009.6,677,13,1009.5,1214,14,1009.4,909,8,1009.3,1624,11,1009.2,3102,13,1009.9,232,2,1010.0,909,11,1010.1,47,5,1010.2,310,7,1010.3,1097,13
317,2025-11-26 12:40:09+05:30,1009.9,101,1000.08,6522781,374444.0,439465.0,986.2,1012.2,981.3,986.2,120357750,1084.8,887.6,1102.5,649.1,1009.6,87,2,1009.5,334,4,1009.4,269,2,1009.3,891,6,1009.2,922,9,1009.9,334,8,1010.0,1553,18,1010.1,394,10,1010.2,1569,11,1010.3,1115,20
317,2025-11-26 12:40:09+05:30,1009.9,116,1000.08,6522781,374444.0,439465.0,986.2,1012.2,981.3,986.2,120357750,1084.8,887.6,1102.5,649.1,1009.6,87,2,1009.5,334,4,1009.4,269,2,1009.3,891,6,1009.2,922,9,1009.9,334,8,1010.0,1553,18,1010.1,394,10,1010.2,1569,11,1010.3,1115,20
317,2025-11-26 12:40:10+05:30,1009.9,1,1000.08,6524839,371026.0,439459.0,986.2,1012.2,981.3,986.2,120357750,1084.8,887.6,1102.5,649.1,1009.6,87,2,1009.5,334,4,1009.4,278,2,1009.3,1140,8,1009.2,1114,16,1009.9,9,1,1010.0,1310,17,1010.1,693,11,1010.2,1539,12,1010.3,1036,14
317,2025-11-26 12:40:10+05:30,1009.9,2,1000.08,6524839,371026.0,439459.0,986.2,1012.2,981.3,986.2,120357750,1084.8,887.6,1102.5,649.1,1009.6,87,2,1009.5,334,4,1009.4,278,2,1009.3,1140,8,1009.2,1114,16,1009.9,9,1,1010.0,1310,17,1010.1,693,11,1010.2,1539,12,1010.3,1036,14
317,2025-11-26 12:40:11+05:30,1009.6,31,1000.08,6524891,373312.0,440781.0,986.2,1012.2,981.3,986.2,120357750,1084.8,887.6,1102.5,649.1,1009.6,37,1,1009.5,334,4,1009.4,507,4,1009.3,1161,9,1009.2,1795,17,1009.7,65,1,1009.8,3,1,1009.9,536,1,1010.0,1248,14,1010.1,669,11
317,2025-11-26 12:40:11+05:30,1009.6,31,1000.08,6524891,373312.0,440781.0,986.2,1012.2,981.3,986.2,120357750,1084.8,887.6,1102.5,649.1,1009.6,37,1,1009.5,334,4,1009.4,507,4,1009.3,1161,9,1009.2,1795,17,1009.7,65,1,1009.8,3,1,1009.9,536,1,1010.0,1248,14,1010.1,669,11
317,2025-11-26 12:40:12+05:30,1009.7,6,1000.08,6524921,372517.0,440758.0,986.2,1012.2,981.3,986.2,120357750,1084.8,887.6,1102.5,649.1,1009.6,30,2,1009.5,334,4,1009.4,132,1,1009.3,1161,9,1009.2,1114,16,1009.7,55,1,1009.8,3,1,1009.9,762,3,1010.0,1143,14,1010.1,801,12
317,2025-11-26 12:40:12+05:30,1009.7,23,1000.08,6524921,372517.0,440758.0,986.2,1012.2,981.3,986.2,120357750,1084.8,887.6,1102.5,649.1,1009.6,30,2,1009.5,334,4,1009.4,132,1,1009.3,1161,9,1009.2,1114,16,1009.7,55,1,1009.8,3,1,1009.9,762,3,1010.0,1143,14,1010.1,801,12
317,2025-11-26 12:40:13+05:30,1009.7,1,1000.08,6525197,372309.0,441054.0,986.2,1012.2,981.3,986.2,120357750,1084.8,887.6,1102.5,649.1,1009.5,297,2,1009.4,1,1,1009.3,485,8,1009.2,1542,17,1009.1,1380,15,1009.7,111,2,1009.8,52,2,1009.9,928,6,1010.0,1509,17,1010.1,868,10
317,2025-11-26 12:40:13+05:30,1009.5,1,1000.08,6525197,372309.0,441054.0,986.2,1012.2,981.3,986.2,120357750,1084.8,887.6,1102.5,649.1,1009.5,297,2,1009.4,1,1,1009.3,485,8,1009.2,1542,17,1009.1,1380,15,1009.7,111,2,1009.8,52,2,1009.9,928,6,1010.0,1509,17,1010.1,868,10
317,2025-11-26 12:40:14+05:30,1009.7,3,1000.08,6525201,379478.0,439910.0,986.2,1012.2,981.3,986.2,120357750,1084.8,887.6,1102.5,649.1,1009.6,156,3,1009.5,754,6,1009.4,1203,8,1009.3,3750,16,1009.2,1774,17,1009.7,108,2,1009.8,3,1,1010.0,1065,13,1010.1,672,11,1010.2,1211,13
317,2025-11-26 12:40:14+05:30,1009.7,4,1000.08,6525201,379478.0,439910.0,986.2,1012.2,981.3,986.2,120357750,1084.8,887.6,1102.5,649.1,1009.6,156,3,1009.5,754,6,1009.4,1203,8,1009.3,3750,16,1009.2,1774,17,1009.7,108,2,1009.8,3,1,1010.0,1065,13,1010.1,672,11,1010.2,1211,13
317,2025-11-26 12:40:15+05:30,1009.7,2,1000.08,6525315,382372.0,440365.0,986.2,1012.2,981.3,986.2,120357750,1084.8,887.6,1102.5,649.1,1009.6,279,5,1009.5,762,7,1009.4,713,7,1009.3,3779,16,1009.2,923,15,1009.7,106,2,1009.8,3,1,1010.0,1811,13,1010.1,521,8,1010.2,1128,12
317,2025-11-26 12:40:15+05:30,1009.7,2,1000.08,6525315,382372.0,440365.0,986.2,1012.2,981.3,986.2,120357750,1084.8,887.6,1102.5,649.1,1009.6,279,5,1009.5,762,7,1009.4,713,7,1009.3,3779,16,1009.2,923,15,1009.7,106,2,1009.8,3,1,1010.0,1811,13,1010.1,521,8,1010.2,1128,12
317,2025-11-26 12:40:16+05:30,1009.7,2,1000.08,6525317,382085.0,440386.0,986.2,1012.2,981.3,986.2,120357750,1084.8,887.6,1102.5,649.1,1009.6,191,5,1009.5,777,8,1009.4,822,8,1009.3,3779,16,1009.2,1673,16,1009.7,105,3,1009.8,703,2,1010.0,1111,12,1010.1,521,8,1010.2,1128,12
317,2025-11-26 12:40:16+05:30,1009.6,157,1000.08,6525317,382085.0,440386.0,986.2,1012.2,981.3,986.2,120357750,1084.8,887.6,1102.5,649.1,1009.6,191,5,1009.5,777,8,1009.4,822,8,1009.3,3779,16,1009.2,1673,16,1009.7,105,3,1009.8,703,2,1010.0,1111,12,1010.1,521,8,1010.2,1128,12
317,2025-11-26 12:40:17+05:30,1009.6,1,1000.08,6525650,382080.0,440221.0,986.2,1012.2,981.3,986.2,120357750,1084.8,887.6,1102.5,649.1,1009.5,866,8,1009.4,741,9,1009.3,3751,15,1009.2,1760,17,1009.1,1181,12,1009.6,5,1,1009.7,48,2,1009.8,703,2,1010.0,1111,12,1010.1,521,8
317,2025-11-26 12:40:17+05:30,1009.6,1,1000.08,6525650,382080.0,440221.0,986.2,1012.2,981.3,986.2,120357750,1084.8,887.6,1102.5,649.1,1009.5,866,8,1009.4,741,9,1009.3,3751,15,1009.2,1760,17,1009.1,1181,12,1009.6,5,1,1009.7,48,2,1009.8,703,2,1010.0,1111,12,1010.1,521,8
317,2025-11-26 12:40:18+05:30,1009.7,25,1000.08,6525691,381761.0,440325.0,986.2,1012.2,981.3,986.2,120357750,1084.8,887.6,1102.5,649.1,1009.5,716,7,1009.4,882,9,1009.3,3776,15,1009.2,1733,15,1009.1,1181,12,1009.7,23,2,1009.8,703,2,1010.0,1294,13,1010.1,521,8,1010.2,1059,10
317,2025-11-26 12:40:18+05:30,1009.7,25,1000.08,6525691,381761.0,440325.0,986.2,1012.2,981.3,986.2,120357750,1084.8,887.6,1102.5,649.1,1009.5,716,7,1009.4,882,9,1009.3,3776,15,1009.2,1733,15,1009.1,1181,12,1009.7,23,2,1009.8,703,2,1010.0,1294,13,1010.1,521,8,1010.2,1059,10
317,2025-11-26 12:40:19+05:30,1009.7,25,1000.08,6525691,381861.0,440418.0,986.2,1012.2,981.3,986.2,120357750,1084.8,887.6,1102.5,649.1,1009.5,716,7,1009.4,882,9,1009.3,3776,15,1009.2,1733,15,1009.1,1181,12,1009.7,23,2,1009.8,703,2,1010.0,1294,13,1010.1,518,7,1010.2,1059,10
317,2025-11-26 12:40:20+05:30,1009.7,1,1000.08,6525692,381862.0,440424.0,986.2,1012.2,981.3,986.2,120357750,1084.8,887.6,1102.5,649.1,1009.5,716,7,1009.4,882,9,1009.3,3776,15,1009.2,1733,15,1009.1,1181,12,1009.7,22,2,1009.8,709,3,1009.9,38,1,1010.0,1294,13,1010.1,518,7
317,2025-11-26 12:40:20+05:30,1009.7,1,1000.08,6525692,381862.0,440424.0,986.2,1012.2,981.3,986.2,120357750,1084.8,887.6,1102.5,649.1,1009.5,716,7,1009.4,882,9,1009.3,3776,15,1009.2,1733,15,1009.1,1181,12,1009.7,22,2,1009.8,709,3,1009.9,38,1,1010.0,1294,13,1010.1,518,7
317,2025-11-26 12:40:21+05:30,1009.7,1,1000.08,6525693,382157.0,440624.0,986.2,1012.2,981.3,986.2,120357750,1084.8,887.6,1102.5,649.1,1009.5,576,6,1009.4,1035,10,1009.3,3750,14,1009.2,1733,15,1009.1,1181,12,1009.6,18,1,1009.7,21,2,1009.8,709,3,1009.9,38,1,1010.0,1470,15
317,2025-11-26 12:40:22+05:30,1009.6,4,1000.08,6525701,382187.0,440700.0,986.2,1012.2,981.3,986.2,120357750,1084.8,887.6,1102.5,649.1,1009.5,446,4,1009.4,897,10,1009.3,3750,14,1009.2,1761,16,1009.1,1353,13,1009.6,10,1,1009.7,121,3,1009.8,709,3,1009.9,38,1,1010.0,1470,15
317,2025-11-26 12:40:22+05:30,1009.6,4,1000.08,6525701,382187.0,440700.0,986.2,1012.2,981.3,986.2,120357750,1084.8,887.6,1102.5,649.1,1009.5,446,4,1009.4,897,10,1009.3,3750,14,1009.2,1761,16,1009.1,1353,13,1009.6,10,1,1009.7,121,3,1009.8,709,3,1009.9,38,1,1010.0,1470,15
317,2025-11-26 12:40:23+05:30,1009.6,23,1000.08,6525724,382694.0,440660.0,986.2,1012.2,981.3,986.2,120357750,1084.8,887.6,1102.5,649.1,1009.5,446,4,1009.4,897,10,1009.3,3750,14,1009.2,1761,16,1009.1,1353,13,1009.6,18,1,1009.7,121,3,1009.8,709,3,1009.9,38,1,1010.0,1529,16
317,2025-11-26 12:40:23+05:30,1009.6,23,1000.08,6525724,382694.0,440660.0,986.2,1012.2,981.3,986.2,120357750,1084.8,887.6,1102.5,649.1,1009.5,446,4,1009.4,897,10,1009.3,3750,14,1009.2,1761,16,1009.1,1353,13,1009.6,18,1,1009.7,121,3,1009.8,709,3,1009.9,38,1,1010.0,1529,16
317,2025-11-26 12:40:24+05:30,1009.5,1,1000.08,6525729,382182.0,440936.0,986.2,1012.2,981.3,986.2,120357750,1084.8,887.6,1102.5,649.1,1009.5,286,2,1009.4,1052,11,1009.3,3750,14,1009.2,1761,16,1009.1,1353,13,1009.6,18,1,1009.7,121,3,1009.8,709,3,1009.9,38,1,1010.0,1529,16
317,2025-11-26 12:40:24+05:30,1009.5,1,1000.08,6525729,382182.0,440936.0,986.2,1012.2,981.3,986.2,120357750,1084.8,887.6,1102.5,649.1,1009.5,286,2,1009.4,1052,11,1009.3,3750,14,1009.2,1761,16,1009.1,1353,13,1009.6,18,1,1009.7,121,3,1009.8,709,3,1009.9,38,1,1010.0,1529,16
317,2025-11-26 12:40:25+05:30,1009.5,250,1000.09,6526006,382465.0,440879.0,986.2,1012.2,981.3,986.2,120357750,1084.8,887.6,1102.5,649.1,1009.5,36,2,1009.4,943,10,1009.3,4392,14,1009.2,1761,16,1009.1,1353,13,1009.6,18,1,1009.7,121,3,1009.8,709,3,1009.9,210,2,1010.0,1529,16
317,2025-11-26 12:40:25+05:30,1009.6,2,1000.09,6526006,382465.0,440879.0,986.2,1012.2,981.3,986.2,120357750,1084.8,887.6,1102.5,649.1,1009.5,36,2,1009.4,943,10,1009.3,4392,14,1009.2,1761,16,1009.1,1353,13,1009.6,18,1,1009.7,121,3,1009.8,709,3,1009.9,210,2,1010.0,1529,16
317,2025-11-26 12:40:26+05:30,1009.5,2,1000.09,6526081,384176.0,441613.0,986.2,1012.2,981.3,986.2,120357750,1084.8,887.6,1102.5,649.1,1009.4,603,5,1009.3,4696,18,1009.2,2483,16,1009.1,1353,13,1009.0,1811,11,1009.5,16,1,1009.7,165,4,1009.8,709,3,1010.0,1694,18,1010.1,518,7
317,2025-11-26 12:40:26+05:30,1009.5,2,1000.09,6526081,384176.0,441613.0,986.2,1012.2,981.3,986.2,120357750,1084.8,887.6,1102.5,649.1,1009.4,603,5,1009.3,4696,18,1009.2,2483,16,1009.1,1353,13,1009.0,1811,11,1009.5,16,1,1009.7,165,4,1009.8,709,3,1010.0,1694,18,1010.1,518,7
317,2025-11-26 12:40:27+05:30,1009.5,2,1000.09,6526081,383643.0,441736.0,986.2,1012.2,981.3,986.2,120357750,1084.8,887.6,1102.5,649.1,1009.4,163,1,1009.3,4546,15,1009.2,1660,10,1009.1,1383,14,1009.0,1811,11,1009.5,16,1,1009.6,4,2,1009.7,164,3,1009.8,714,4,1009.9,231,2
317,2025-11-26 12:40:28+05:30,1009.5,2,1000.09,6526081,389254.0,441764.0,986.2,1012.2,981.3,986.2,120357750,1084.8,887.6,1102.5,649.1,1009.4,571,4,1009.3,4421,15,1009.2,1660,10,1009.1,1384,16,1009.0,1843,12,1009.5,16,1,1009.6,4,2,1009.7,164,3,1009.8,714,4,1009.9,231,2
317,2025-11-26 12:40:29+05:30,1009.7,10,1000.09,6526255,377057.0,442746.0,986.2,1012.2,981.3,986.2,120357750,1084.8,887.6,1102.5,649.1,1009.3,79,3,1009.2,747,7,1009.1,1283,12,1009.0,2197,17,1008.9,2546,17,1009.7,176,3,1009.8,1351,9,1009.9,531,6,1010.0,1726,20,1010.1,1491,11
317,2025-11-26 12:40:29+05:30,1009.7,10,1000.09,6526255,377057.0,442746.0,986.2,1012.2,981.3,986.2,120357750,1084.8,887.6,1102.5,649.1,1009.3,79,3,1009.2,747,7,1009.1,1283,12,1009.0,2197,17,1008.9,2546,17,1009.7,176,3,1009.8,1351,9,1009.9,531,6,1010.0,1726,20,1010.1,1491,11
317,2025-11-26 12:40:30+05:30,1009.8,1,1000.09,6526699,379119.0,442329.0,986.2,1012.2,981.3,986.2,120357750,1084.8,887.6,1102.5,649.1,1009.7,78,2,1009.6,49,1,1009.5,55,3,1009.4,313,3,1009.3,550,7,1009.8,713,4,1009.9,319,2,1010.0,1866,17,1010.1,1109,8,1010.2,1740,17
317,2025-11-26 12:40:30+05:30,1009.8,1,1000.09,6526699,379119.0,442329.0,986.2,1012.2,981.3,986.2,120357750,1084.8,887.6,1102.5,649.1,1009.7,78,2,1009.6,49,1,1009.5,55,3,1009.4,313,3,1009.3,550,7,1009.8,713,4,1009.9,319,2,1010.0,1866,17,1010.1,1109,8,1010.2,1740,17
317,2025-11-26 12:40:31+05:30,1009.3,5,1000.09,6526699,379119.0,442329.0,986.2,1012.2,981.3,986.2,120357750,1084.8,887.6,1102.5,649.1,1009.7,78,2,1009.6,49,1,1009.5,55,3,1009.4,313,3,1009.3,550,7,1009.8,713,4,1009.9,319,2,1010.0,1866,17,1010.1,1109,8,1010.2,1740,17
317,2025-11-26 12:40:32+05:30,1009.3,5,1000.09,6527199,378538.0,442870.0,986.2,1012.2,981.3,986.2,120357750,1084.8,887.6,1102.5,649.1,1009.4,2,1,1009.3,289,5,1009.2,1238,13,1009.1,1146,13,1009.0,2922,20,1009.6,31,1,1009.8,886,6,1009.9,577,5,1010.0,2471,19,1010.1,985,12
317,2025-11-26 12:40:32+05:30,1009.6,5,1000.09,6527199,378538.0,442870.0,986.2,1012.2,981.3,986.2,120357750,1084.8,887.6,1102.5,649.1,1009.4,2,1,1009.3,289,5,1009.2,1238,13,1009.1,1146,13,1009.0,2922,20,1009.6,31,1,1009.8,886,6,1009.9,577,5,1010.0,2471,19,1010.1,985,12
317,2025-11-26 12:40:33+05:30,1009.6,23,1000.09,6527232,378709.0,442567.0,986.2,1012.2,981.3,986.2,120357750,1084.8,887.6,1102.5,649.1,1009.4,152,2,1009.3,373,6,1009.2,967,12,1009.1,1296,14,1009.0,2922,20,1009.6,31,1,1009.8,886,6,1009.9,319,2,1010.0,2334,19,1010.1,1136,13
317,2025-11-26 12:40:33+05:30,1009.6,23,1000.09,6527232,378709.0,442567.0,986.2,1012.2,981.3,986.2,120357750,1084.8,887.6,1102.5,649.1,1009.4,152,2,1009.3,373,6,1009.2,967,12,1009.1,1296,14,1009.0,2922,20,1009.6,31,1,1009.8,886,6,1009.9,319,2,1010.0,2334,19,1010.1,1136,13
317,2025-11-26 12:40:34+05:30,1009.6,23,1000.09,6527232,381159.0,443020.0,986.2,1012.2,981.3,986.2,120357750,1084.8,887.6,1102.5,649.1,1009.4,15,2,1009.3,510,6,1009.2,1088,12,1009.1,1169,14,1009.0,2922,20,1009.5,42,1,1009.6,31,1,1009.8,886,6,1009.9,377,3,1010.0,2334,19
317,2025-11-26 12:40:34+05:30,1009.5,112,1000.09,6527232,381159.0,443020.0,986.2,1012.2,981.3,986.2,120357750,1084.8,887.6,1102.5,649.1,1009.4,15,2,1009.3,510,6,1009.2,1088,12,1009.1,1169,14,1009.0,2922,20,1009.5,42,1,1009.6,31,1,1009.8,886,6,1009.9,377,3,1010.0,2334,19
317,2025-11-26 12:40:35+05:30,1009.5,1,1000.09,6527347,380875.0,442973.0,986.2,1012.2,981.3,986.2,120357750,1084.8,887.6,1102.5,649.1,1009.4,15,2,1009.3,415,5,1009.2,1088,12,1009.1,1169,14,1009.0,2922,20,1009.5,39,1,1009.6,31,1,1009.8,886,6,1009.9,435,4,1010.0,2334,19
317,2025-11-26 12:40:35+05:30,1009.5,1,1000.09,6527347,380875.0,442973.0,986.2,1012.2,981.3,986.2,120357750,1084.8,887.6,1102.5,649.1,1009.4,15,2,1009.3,415,5,1009.2,1088,12,1009.1,1169,14,1009.0,2922,20,1009.5,39,1,1009.6,31,1,1009.8,886,6,1009.9,435,4,1010.0,2334,19
317,2025-11-26 12:40:36+05:30,1009.5,1,1000.09,6527488,380760.0,445086.0,986.2,1012.2,981.3,986.2,120357750,1084.8,887.6,1102.5,649.1,1009.2,918,9,1009.1,1237,13,1009.0,2877,18,1008.9,3264,17,1008.8,2399,14,1009.5,38,1,1009.6,31,1,1009.7,251,2,1009.8,968,9,1009.9,1064,7
317,2025-11-26 12:40:36+05:30,1009.5,1,1000.09,6527488,380760.0,445086.0,986.2,1012.2,981.3,986.2,120357750,1084.8,887.6,1102.5,649.1,1009.2,918,9,1009.1,1237,13,1009.0,2877,18,1008.9,3264,17,1008.8,2399,14,1009.5,38,1,1009.6,31,1,1009.7,251,2,1009.8,968,9,1009.9,1064,7
317,2025-11-26 12:40:37+05:30,1009.2,11,1000.09,6527770,380470.0,445369.0,986.2,1012.2,981.3,986.2,120357750,1084.8,887.6,1102.5,649.1,1009.2,495,6,1009.1,1244,13,1009.0,2877,18,1008.9,3334,18,1008.8,2442,15,1009.5,36,1,1009.7,468,5,1009.8,954,8,1009.9,566,6,1010.0,3830,22
317,2025-11-26 12:40:37+05:30,1009.2,11,1000.09,6527770,380470.0,445369.0,986.2,1012.2,981.3,986.2,120357750,1084.8,887.6,1102.5,649.1,1009.2,495,6,1009.1,1244,13,1009.0,2877,18,1008.9,3334,18,1008.8,2442,15,1009.5,36,1,1009.7,468,5,1009.8,954,8,1009.9,566,6,1010.0,3830,22
317,2025-11-26 12:40:38+05:30,1009.2,11,1000.09,6527770,380470.0,445370.0,986.2,1012.2,981.3,986.2,120357750,1084.8,887.6,1102.5,649.1,1009.2,495,6,1009.1,1244,13,1009.0,2877,18,1008.9,3334,18,1008.8,2442,15,1009.5,36,1,1009.7,468,5,1009.8,954,8,1009.9,567,7,1010.0,3830,22
317,2025-11-26 12:40:38+05:30,1009.3,2,1000.09,6527770,380470.0,445370.0,986.2,1012.2,981.3,986.2,120357750,1084.8,887.6,1102.5,649.1,1009.2,495,6,1009.1,1244,13,1009.0,2877,18,1008.9,3334,18,1008.8,2442,15,1009.5,36,1,1009.7,468,5,1009.8,954,8,1009.9,567,7,1010.0,3830,22
317,2025-11-26 12:40:39+05:30,1009.3,2,1000.09,6527934,378288.0,443527.0,986.2,1012.2,981.3,986.2,120357750,1084.8,887.6,1102.5,649.1,1009.3,714,5,1009.2,907,11,1009.1,1441,14,1009.0,2877,18,1008.9,2607,17,1009.7,45,2,1009.8,724,6,1009.9,378,4,1010.0,3394,20,1010.1,1059,11
317,2025-11-26 12:40:40+05:30,1009.7,1,1000.09,6527935,378315.0,443661.0,986.2,1012.2,981.3,986.2,120357750,1084.8,887.6,1102.5,649.1,1009.3,564,4,1009.2,1046,12,1009.1,1441,14,1009.0,2877,18,1008.9,2607,17,1009.7,44,2,1009.8,724,6,1009.9,392,5,1010.0,3394,20,1010.1,1059,11
317,2025-11-26 12:40:40+05:30,1009.7,1,1000.09,6527935,378315.0,443661.0,986.2,1012.2,981.3,986.2,120357750,1084.8,887.6,1102.5,649.1,1009.3,564,4,1009.2,1046,12,1009.1,1441,14,1009.0,2877,18,1008.9,2607,17,1009.7,44,2,1009.8,724,6,1009.9,392,5,1010.0,3394,20,1010.1,1059,11
317,2025-11-26 12:40:40+05:30,1009.7,2,1000.09,6527935,378315.0,443661.0,986.2,1012.2,981.3,986.2,120357750,1084.8,887.6,1102.5,649.1,1009.3,564,4,1009.2,1046,12,1009.1,1441,14,1009.0,2877,18,1008.9,2607,17,1009.7,44,2,1009.8,724,6,1009.9,392,5,1010.0,3394,20,1010.1,1059,11
317,2025-11-26 12:40:41+05:30,1009.7,2,1000.09,6527935,378315.0,443661.0,986.2,1012.2,981.3,986.2,120357750,1084.8,887.6,1102.5,649.1,1009.3,564,4,1009.2,1046,12,1009.1,1441,14,1009.0,2877,18,1008.9,2607,17,1009.7,44,2,1009.8,724,6,1009.9,392,5,1010.0,3394,20,1010.1,1059,11
317,2025-11-26 12:40:41+05:30,1009.7,2,1000.09,6527937,378416.0,443533.0,986.2,1012.2,981.3,986.2,120357750,1084.8,887.6,1102.5,649.1,1009.3,40,1,1009.2,1103,14,1009.1,1287,13,1009.0,2877,18,1008.9,2607,17,1009.6,140,1,1009.7,42,2,1009.8,896,7,1009.9,455,6,1010.0,3329,19
317,2025-11-26 12:40:41+05:30,1009.7,2,1000.09,6527937,378416.0,443533.0,986.2,1012.2,981.3,986.2,120357750,1084.8,887.6,1102.5,649.1,1009.3,40,1,1009.2,1103,14,1009.1,1287,13,1009.0,2877,18,1008.9,2607,17,1009.6,140,1,1009.7,42,2,1009.8,896,7,1009.9,455,6,1010.0,3329,19
317,2025-11-26 12:40:41+05:30,1009.3,2,1000.09,6527937,378416.0,443533.0,986.2,1012.2,981.3,986.2,120357750,1084.8,887.6,1102.5,649.1,1009.3,40,1,1009.2,1103,14,1009.1,1287,13,1009.0,2877,18,1008.9,2607,17,1009.6,140,1,1009.7,42,2,1009.8,896,7,1009.9,455,6,1010.0,3329,19
317,2025-11-26 12:40:42+05:30,1009.3,2,1000.09,6527937,378416.0,443533.0,986.2,1012.2,981.3,986.2,120357750,1084.8,887.6,1102.5,649.1,1009.3,40,1,1009.2,1103,14,1009.1,1287,13,1009.0,2877,18,1008.9,2607,17,1009.6,140,1,1009.7,42,2,1009.8,896,7,1009.9,455,6,1010.0,3329,19
317,2025-11-26 12:40:42+05:30,1009.3,2,1000.09,6527939,381037.0,444609.0,986.2,1012.2,981.3,986.2,120357750,1084.8,887.6,1102.5,649.1,1009.3,38,1,1009.2,901,11,1009.1,1085,12,1009.0,2842,18,1008.9,4107,19,1009.4,15,1,1009.6,144,3,1009.7,244,3,1009.8,1021,8,1009.9,564,7
317,2025-11-26 12:40:42+05:30,1009.3,2,1000.09,6527939,381037.0,444609.0,986.2,1012.2,981.3,986.2,120357750,1084.8,887.6,1102.5,649.1,1009.3,38,1,1009.2,901,11,1009.1,1085,12,1009.0,2842,18,1008.9,4107,19,1009.4,15,1,1009.6,144,3,1009.7,244,3,1009.8,1021,8,1009.9,564,7
317,2025-11-26 12:40:42+05:30,1009.4,5,1000.09,6527939,381037.0,444609.0,986.2,1012.2,981.3,986.2,120357750,1084.8,887.6,1102.5,649.1,1009.3,38,1,1009.2,901,11,1009.1,1085,12,1009.0,2842,18,1008.9,4107,19,1009.4,15,1,1009.6,144,3,1009.7,244,3,1009.8,1021,8,1009.9,564,7
317,2025-11-26 12:40:43+05:30,1009.4,5,1000.09,6527939,381037.0,444609.0,986.2,1012.2,981.3,986.2,120357750,1084.8,887.6,1102.5,649.1,1009.3,38,1,1009.2,901,11,1009.1,1085,12,1009.0,2842,18,1008.9,4107,19,1009.4,15,1,1009.6,144,3,1009.7,244,3,1009.8,1021,8,1009.9,564,7
317,2025-11-26 12:40:43+05:30,1009.4,5,1000.09,6527971,381011.0,445012.0,986.2,1012.2,981.3,986.2,120357750,1084.8,887.6,1102.5,649.1,1009.3,177,2,1009.2,736,9,1009.1,1085,12,1009.0,2842,18,1008.9,4107,19,1009.4,10,1,1009.6,144,3,1009.7,244,3,1009.8,895,6,1009.9,564,7
317,2025-11-26 12:40:43+05:30,1009.4,5,1000.09,6527971,381011.0,445012.0,986.2,1012.2,981.3,986.2,120357750,1084.8,887.6,1102.5,649.1,1009.3,177,2,1009.2,736,9,1009.1,1085,12,1009.0,2842,18,1008.9,4107,19,1009.4,10,1,1009.6,144,3,1009.7,244,3,1009.8,895,6,1009.9,564,7
317,2025-11-26 12:40:44+05:30,1009.4,5,1000.09,6527971,381011.0,445012.0,986.2,1012.2,981.3,986.2,120357750,1084.8,887.6,1102.5,649.1,1009.3,177,2,1009.2,736,9,1009.1,1085,12,1009.0,2842,18,1008.9,4107,19,1009.4,10,1,1009.6,144,3,1009.7,244,3,1009.8,895,6,1009.9,564,7
317,2025-11-26 12:40:44+05:30,1009.6,37,1000.09,6528423,378804.0,444612.0,986.2,1012.2,981.3,986.2,120357750,1084.8,887.6,1102.5,649.1,1009.2,432,6,1009.1,1219,12,1009.0,2811,17,1008.9,3371,19,1008.8,2524,17,1009.6,107,3,1009.7,416,4,1009.8,958,7,1009.9,590,9,1010.0,4133,23
317,2025-11-26 12:40:44+05:30,1009.6,37,1000.09,6528423,378804.0,444612.0,986.2,1012.2,981.3,986.2,120351750,1084.8,887.6,1102.5,649.1,1009.2,432,6,1009.1,1219,12,1009.0,2811,17,1008.9,3371,19,1008.8,2524,17,1009.6,107,3,1009.7,416,4,1009.8,958,7,1009.9,590,9,1010.0,4133,23
317,2025-11-26 12:40:44+05:30,1009.6,3,1000.09,6528423,378804.0,444612.0,986.2,1012.2,981.3,986.2,120351750,1084.8,887.6,1102.5,649.1,1009.2,432,6,1009.1,1219,12,1009.0,2811,17,1008.9,3371,19,1008.8,2524,17,1009.6,107,3,1009.7,416,4,1009.8,958,7,1009.9,590,9,1010.0,4133,23
317,2025-11-26 12:40:45+05:30,1009.6,3,1000.09,6528423,378804.0,444612.0,986.2,1012.2,981.3,986.2,120351750,1084.8,887.6,1102.5,649.1,1009.2,432,6,1009.1,1219,12,1009.0,2811,17,1008.9,3371,19,1008.8,2524,17,1009.6,107,3,1009.7,416,4,1009.8,958,7,1009.9,590,9,1010.0,4133,23
317,2025-11-26 12:40:45+05:30,1009.7,2,1000.09,6528628,376999.0,443709.0,986.2,1012.2,981.3,986.2,120351750,1084.8,887.6,1102.5,649.1,1009.2,659,8,1009.1,1233,13,1009.0,2811,17,1008.9,2699,18,1008.8,1827,16,1009.7,214,2,1009.8,895,6,1009.9,1116,9,1010.0,4133,23,1010.1,589,9
317,2025-11-26 12:40:45+05:30,1009.2,70,1000.09,6528628,376999.0,443709.0,986.2,1012.2,981.3,986.2,120351750,1084.8,887.6,1102.5,649.1,1009.2,659,8,1009.1,1233,13,1009.0,2811,17,1008.9,2699,18,1008.8,1827,16,1009.7,214,2,1009.8,895,6,1009.9,1116,9,1010.0,4133,23,1010.1,589,9
317,2025-11-26 12:40:46+05:30,1009.2,70,1000.09,6528699,376881.0,443663.0,986.2,1012.2,981.3,986.2,120351750,1084.8,887.6,1102.5,649.1,1009.2,369,5,1009.1,1219,12,1009.0,2824,18,1008.9,2699,18,1008.8,1999,17,1009.7,213,2,1009.8,997,8,1009.9,1063,10,1010.0,4133,23,1010.1,589,9
317,2025-11-26 12:40:47+05:30,1009.2,70,1000.09,6528699,376907.0,443761.0,986.2,1012.2,981.3,986.2,120351750,1084.8,887.6,1102.5,649.1,1009.2,395,6,1009.1,1219,12,1009.0,2824,18,1008.9,2699,18,1008.8,1999,17,1009.7,213,2,1009.8,997,8,1009.9,588,9,1010.0,4133,23,1010.1,589,9
317,2025-11-26 12:40:48+05:30,1009.7,20,1000.09,6528903,380597.0,443705.0,986.2,1012.2,981.3,986.2,120351750,1084.8,887.6,1102.5,649.1,1009.2,501,6,1009.1,943,10,1009.0,2059,13,1008.9,1924,16,1008.8,3405,21,1009.7,195,3,1009.8,1005,8,1009.9,1015,8,1010.0,4068,22,1010.1,589,9
317,2025-11-26 12:40:48+05:30,1009.7,20,1000.09,6528903,380597.0,443705.0,986.2,1012.2,981.3,986.2,120351750,1084.8,887.6,1102.5,649.1,1009.2,501,6,1009.1,943,10,1009.0,2059,13,1008.9,1924,16,1008.8,3405,21,1009.7,195,3,1009.8,1005,8,1009.9,1015,8,1010.0,4068,22,1010.1,589,9
317,2025-11-26 12:40:49+05:30,1009.7,4,1000.09,6528922,380203.0,443726.0,986.2,1012.2,981.3,986.2,120351750,1084.8,887.6,1102.5,649.1,1009.2,417,9,1009.1,1077,10,1009.0,2059,13,1008.9,1924,16,1008.8,2655,20,1009.7,177,4,1009.8,1005,8,1009.9,1014,7,1010.0,4108,24,1010.1,589,9
317,2025-11-26 12:40:49+05:30,1009.7,4,1000.09,6528922,380203.0,443726.0,986.2,1012.2,981.3,986.2,120351750,1084.8,887.6,1102.5,649.1,1009.2,417,9,1009.1,1077,10,1009.0,2059,13,1008.9,1924,16,1008.8,2655,20,1009.7,177,4,1009.8,1005,8,1009.9,1014,7,1010.0,4108,24,1010.1,589,9
317,2025-11-26 12:40:50+05:30,1009.7,1,1000.09,6528932,380609.0,443529.0,986.2,1012.2,981.3,986.2,120351750,1084.8,887.6,1102.5,649.1,1009.2,505,9,1009.1,1079,10,1009.0,2059,13,1008.9,1924,16,1008.8,3277,20,1009.7,175,4,1009.8,903,6,1009.9,957,8,1010.0,3632,20,1010.1,589,9
317,2025-11-26 12:40:50+05:30,1009.7,1,1000.09,6528932,380609.0,443529.0,986.2,1012.2,981.3,986.2,120351750,1084.8,887.6,1102.5,649.1,1009.2,505,9,1009.1,1079,10,1009.0,2059,13,1008.9,1924,16,1008.8,3277,20,1009.7,175,4,1009.8,903,6,1009.9,957,8,1010.0,3632,20,1010.1,589,9
317,2025-11-26 12:40:51+05:30,1009.7,1,1000.09,6528933,381994.0,443948.0,986.2,1012.2,981.3,986.2,120351750,1084.8,887.6,1102.5,649.1,1009.2,562,10,1009.1,1066,9,1009.0,2059,13,1008.9,1937,17,1008.8,3105,19,1009.5,20,1,1009.7,204,6,1009.8,1022,8,1009.9,574,7,1010.0,4068,22
317,2025-11-26 12:40:51+05:30,1009.7,1,1000.09,6528933,381994.0,443948.0,986.2,1012.2,981.3,986.2,120351750,1084.8,887.6,1102.5,649.1,1009.2,562,10,1009.1,1066,9,1009.0,2059,13,1008.9,1937,17,1008.8,3105,19,1009.5,20,1,1009.7,204,6,1009.8,1022,8,1009.9,574,7,1010.0,4068,22
317,2025-11-26 12:40:52+05:30,1009.4,5,1000.09,6528933,381994.0,443948.0,986.2,1012.2,981.3,986.2,120351750,1084.8,887.6,1102.5,649.1,1009.2,562,10,1009.1,1066,9,1009.0,2059,13,1008.9,1937,17,1008.8,3105,19,1009.5,20,1,1009.7,204,6,1009.8,1022,8,1009.9,574,7,1010.0,4068,22
317,2025-11-26 12:40:52+05:30,1009.4,5,1000.09,6528943,384149.0,445463.0,986.2,1012.2,981.3,986.2,120351750,1084.8,887.6,1102.5,649.1,1009.2,256,7,1009.1,1150,9,1009.0,2022,14,1008.9,1937,17,1008.8,3893,20,1009.4,10,1,1009.5,20,1,1009.6,49,1,1009.7,406,7,1009.8,1135,9
317,2025-11-26 12:40:53+05:30,1009.4,10,1000.09,6528943,384149.0,445463.0,986.2,1012.2,981.3,986.2,120351750,1084.8,887.6,1102.5,649.1,1009.2,256,7,1009.1,1150,9,1009.0,2022,14,1008.9,1937,17,1008.8,3893,20,1009.4,10,1,1009.5,20,1,1009.6,49,1,1009.7,406,7,1009.8,1135,9
317,2025-11-26 12:40:54+05:30,1009.4,10,1000.09,6528953,381588.0,445613.0,986.2,1012.2,981.3,986.2,120351750,1084.8,887.6,1102.5,649.1,1009.4,4,2,1009.2,285,7,1009.1,837,7,1009.0,2001,13,1008.9,1974,18,1009.5,20,1,1009.6,95,2,1009.7,361,5,1009.8,1166,11,1009.9,872,8
317,2025-11-26 12:40:54+05:30,1009.2,4,1000.09,6528953,381588.0,445613.0,986.2,1012.2,981.3,986.2,120351750,1084.8,887.6,1102.5,649.1,1009.4,4,2,1009.2,285,7,1009.1,837,7,1009.0,2001,13,1008.9,1974,18,1009.5,20,1,1009.6,95,2,1009.7,361,5,1009.8,1166,11,1009.9,872,8
317,2025-11-26 12:40:54+05:30,1009.2,4,1000.09,6529165,381151.0,445688.0,986.2,1012.2,981.3,986.2,120351750,1084.8,887.6,1102.5,649.1,1009.2,110,3,1009.1,1032,8,1009.0,2001,13,1008.9,1937,17,1008.8,3277,20,1009.5,47,2,1009.6,47,2,1009.7,473,7,1009.8,1167,10,1009.9,872,8
317,2025-11-26 12:40:55+05:30,1009.5,3,1000.09,6529165,381151.0,445688.0,986.2,1012.2,981.3,986.2,120351750,1084.8,887.6,1102.5,649.1,1009.2,110,3,1009.1,1032,8,1009.0,2001,13,1008.9,1937,17,1008.8,3277,20,1009.5,47,2,1009.6,47,2,1009.7,473,7,1009.8,1167,10,1009.9,872,8
317,2025-11-26 12:40:56+05:30,1009.5,3,1000.09,6529293,381750.0,445899.0,986.2,1012.2,981.3,986.2,120351750,1084.8,887.6,1102.5,649.1,1009.2,359,6,1009.1,1039,9,1009.0,2001,13,1008.9,1937,17,1008.8,3342,21,1009.5,33,2,1009.6,47,2,1009.7,159,4,1009.8,1023,7,1009.9,576,9
317,2025-11-26 12:40:56+05:30,1009.2,28,1000.09,6529293,381750.0,445899.0,986.2,1012.2,981.3,986.2,120351750,1084.8,887.6,1102.5,649.1,1009.2,359,6,1009.1,1039,9,1009.0,2001,13,1008.9,1937,17,1008.8,3342,21,1009.5,33,2,1009.6,47,2,1009.7,159,4,1009.8,1023,7,1009.9,576,9
317,2025-11-26 12:40:57+05:30,1009.2,28,1000.09,6529321,381779.0,445954.0,986.2,1012.2,981.3,986.2,120351750,1084.8,887.6,1102.5,649.1,1009.2,331,6,1009.1,1039,9,1009.0,2001,13,1008.9,1937,17,1008.8,3399,22,1009.5,13,1,1009.6,47,2,1009.7,159,4,1009.8,1023,7,1009.9,1161,10
317,2025-11-26 12:40:57+05:30,1009.2,28,1000.09,6529321,381779.0,445959.0,986.2,1012.2,981.3,986.2,120351750,1084.8,887.6,1102.5,649.1,1009.2,331,6,1009.1,1039,9,1009.0,2001,13,1008.9,1937,17,1008.8,3399,22,1009.5,13,1,1009.6,47,2,1009.7,169,5,1009.8,1023,7,1009.9,1161,10
317,2025-11-26 12:40:58+05:30,1009.2,15,1000.09,6529321,381779.0,445959.0,986.2,1012.2,981.3,986.2,120351750,1084.8,887.6,1102.5,649.1,1009.2,331,6,1009.1,1039,9,1009.0,2001,13,1008.9,1937,17,1008.8,3399,22,1009.5,13,1,1009.6,47,2,1009.7,169,5,1009.8,1023,7,1009.9,1161,10
317,2025-11-26 12:40:58+05:30,1009.2,15,1000.09,6529360,381716.0,445907.0,986.2,1012.2,981.3,986.2,120351750,1084.8,887.6,1102.5,649.1,1009.2,286,4,1009.1,1039,9,1009.0,2001,13,1008.9,1937,17,1008.8,3399,22,1009.5,13,1,1009.6,47,2,1009.7,169,5,1009.8,1036,8,1009.9,1161,10
317,2025-11-26 12:40:59+05:30,1009.2,1,1000.09,6529360,381716.0,445907.0,986.2,1012.2,981.3,986.2,120351750,1084.8,887.6,1102.5,649.1,1009.2,286,4,1009.1,1039,9,1009.0,2001,13,1008.9,1937,17,1008.8,3399,22,1009.5,13,1,1009.6,47,2,1009.7,169,5,1009.8,1036,8,1009.9,1161,10
317,2025-11-26 12:40:59+05:30,1009.2,1,1000.09,6529361,382056.0,445931.0,986.2,1012.2,981.3,986.2,120351750,1084.8,887.6,1102.5,649.1,1009.2,159,3,1009.1,1039,9,1009.0,2142,14,1008.9,1937,17,1008.8,3399,22,1009.5,18,3,1009.6,46,1,1009.7,167,4,1009.8,1036,8,1009.9,1161,10
317,2025-11-26 12:41:00+05:30,1009.5,1,1000.09,6529361,382056.0,445931.0,986.2,1012.2,981.3,986.2,120351750,1084.8,887.6,1102.5,649.1,1009.2,159,3,1009.1,1039,9,1009.0,2142,14,1008.9,1937,17,1008.8,3399,22,1009.5,18,3,1009.6,46,1,1009.7,167,4,1009.8,1036,8,1009.9,1161,10
317,2025-11-26 12:41:00+05:30,1009.5,1,1000.09,6529372,381722.0,445970.0,986.2,1012.2,981.3,986.2,120351750,1084.8,887.6,1102.5,649.1,1009.2,150,3,1009.1,1039,9,1009.0,2142,14,1008.9,1937,17,1008.8,3399,22,1009.5,16,3,1009.6,46,1,1009.7,208,5,1009.8,1058,9,1009.9,1161,10
317,2025-11-26 12:41:01+05:30,1009.2,5,1000.09,6529372,381722.0,445970.0,986.2,1012.2,981.3,986.2,120351750,1084.8,887.6,1102.5,649.1,1009.2,150,3,1009.1,1039,9,1009.0,2142,14,1008.9,1937,17,1008.8,3399,22,1009.5,16,3,1009.6,46,1,1009.7,208,5,1009.8,1058,9,1009.9,1161,10
317,2025-11-26 12:41:01+05:30,1009.2,5,1000.09,6529464,381743.0,446023.0,986.2,1012.2,981.3,986.2,120351750,1084.8,887.6,1102.5,649.1,1009.2,109,3,1009.1,902,7,1009.0,2140,15,1008.9,1924,16,1008.8,3389,21,1009.5,16,3,1009.6,95,2,1009.7,827,7,1009.8,1142,9,1009.9,576,9
317,2025-11-26 12:41:02+05:30,1009.5,4,1000.09,6529489,381727.0,445403.0,986.2,1012.2,981.3,986.2,120351750,1084.8,887.6,1102.5,649.1,1009.2,93,3,1009.1,1029,9,1009.0,2140,15,1008.9,1924,16,1008.8,3389,21,1009.5,7,3,1009.6,95,2,1009.7,271,6,1009.8,1142,9,1009.9,1454,11
317,2025-11-26 12:41:02+05:30,1009.5,16,1000.09,6529489,381727.0,445403.0,986.2,1012.2,981.3,986.2,120351750,1084.8,887.6,1102.5,649.1,1009.2,93,3,1009.1,1029,9,1009.0,2140,15,1008.9,1924,16,1008.8,3389,21,1009.5,7,3,1009.6,95,2,1009.7,271,6,1009.8,1142,9,1009.9,1454,11
317,2025-11-26 12:41:03+05:30,1009.0,87,1000.09,6529489,381727.0,445403.0,986.2,1012.2,981.3,986.2,120351750,1084.8,887.6,1102.5,649.1,1009.2,93,3,1009.1,1029,9,1009.0,2140,15,1008.9,1924,16,1008.8,3389,21,1009.5,7,3,1009.6,95,2,1009.7,271,6,1009.8,1142,9,1009.9,1454,11
317,2025-11-26 12:41:03+05:30,1009.0,87,1000.09,6531021,380130.0,445792.0,986.2,1012.2,981.3,986.2,120351750,1084.8,887.6,1102.5,649.1,1009.1,183,2,1009.0,2198,15,1008.9,1936,18,1008.8,2661,19,1008.7,2262,15,1009.5,11,1,1009.6,95,2,1009.7,271,6,1009.8,1166,10,1009.9,1482,13
317,2025-11-26 12:41:05+05:30,1009.5,2,1000.09,6531023,380323.0,445701.0,986.2,1012.2,981.3,986.2,120351750,1084.8,887.6,1102.5,649.1,1009.2,132,1,1009.1,562,7,1009.0,2066,14,1008.9,1931,17,1008.8,2759,20,1009.5,9,1,1009.6,95,2,1009.7,271,6,1009.8,1166,10,1009.9,1469,12
317,2025-11-26 12:41:05+05:30,1009.5,1,1000.09,6531023,380323.0,445701.0,986.2,1012.2,981.3,986.2,120351750,1084.8,887.6,1102.5,649.1,1009.2,132,1,1009.1,562,7,1009.0,2066,14,1008.9,1931,17,1008.8,2759,20,1009.5,9,1,1009.6,95,2,1009.7,271,6,1009.8,1166,10,1009.9,1469,12
317,2025-11-26 12:41:06+05:30,1009.5,1,1000.09,6531026,380507.0,445640.0,986.2,1012.2,981.3,986.2,120351750,1084.8,887.6,1102.5,649.1,1009.2,193,3,1009.1,676,8,1009.0,2066,14,1008.9,1931,17,1008.8,2759,20,1009.5,8,1,1009.6,46,1,1009.7,271,6,1009.8,1166,10,1009.9,1469,12
317,2025-11-26 12:41:07+05:30,1009.5,1,1000.09,6531026,380627.0,445898.0,986.2,1012.2,981.3,986.2,120351750,1084.8,887.6,1102.5,649.1,1009.2,193,3,1009.1,676,8,1009.0,2066,14,1008.9,1931,17,1008.8,2759,20,1009.5,8,1,1009.6,46,1,1009.7,763,7,1009.8,1166,10,1009.9,889,11
317,2025-11-26 12:41:07+05:30,1009.5,1,1000.09,6531026,380627.0,445898.0,986.2,1012.2,981.3,986.2,120351750,1084.8,887.6,1102.5,649.1,1009.2,193,3,1009.1,676,8,1009.0,2066,14,1008.9,1931,17,1008.8,2759,20,1009.5,8,1,1009.6,46,1,1009.7,763,7,1009.8,1166,10,1009.9,889,11
317,2025-11-26 12:41:08+05:30,1009.2,25,1000.09,6531062,376199.0,445396.0,986.2,1012.2,981.3,986.2,120351750,1084.8,887.6,1102.5,649.1,1009.2,170,3,1009.1,982,10,1009.0,2066,14,1008.9,1931,17,1008.8,2759,20,1009.5,26,1,1009.6,46,1,1009.7,264,6,1009.8,1142,9,1009.9,1412,14
317,2025-11-26 12:41:08+05:30,1009.2,25,1000.09,6531062,376199.0,445396.0,986.2,1012.2,981.3,986.2,120351750,1084.8,887.6,1102.5,649.1,1009.2,170,3,1009.1,982,10,1009.0,2066,14,1008.9,1931,17,1008.8,2759,20,1009.5,26,1,1009.6,46,1,1009.7,264,6,1009.8,1142,9,1009.9,1412,14
317,2025-11-26 12:41:09+05:30,1009.2,25,1000.09,6531062,376289.0,445426.0,986.2,1012.2,981.3,986.2,120351750,1084.8,887.6,1102.5,649.1,1009.2,170,3,1009.1,982,10,1009.0,2066,14,1008.9,1931,17,1008.8,2759,20,1009.5,26,1,1009.6,46,1,1009.7,264,6,1009.8,1143,10,1009.9,1412,14
317,2025-11-26 12:41:09+05:30,1009.5,1,1000.09,6531062,376289.0,445426.0,986.2,1012.2,981.3,986.2,120351750,1084.8,887.6,1102.5,649.1,1009.2,170,3,1009.1,982,10,1009.0,2066,14,1008.9,1931,17,1008.8,2759,20,1009.5,26,1,1009.6,46,1,1009.7,264,6,1009.8,1143,10,1009.9,1412,14
317,2025-11-26 12:41:10+05:30,1009.5,1,1000.09,6531065,376259.0,445717.0,986.2,1012.2,981.3,986.2,120351750,1084.8,887.6,1102.5,649.1,1009.2,170,3,1009.1,982,10,1009.0,2066,14,1008.9,1931,17,1008.8,2759,20,1009.5,23,1,1009.6,46,1,1009.7,765,7,1009.8,1143,10,1009.9,930,13
317,2025-11-26 12:41:10+05:30,1009.5,10,1000.09,6531065,376259.0,445717.0,986.2,1012.2,981.3,986.2,120351750,1084.8,887.6,1102.5,649.1,1009.2,170,3,1009.1,982,10,1009.0,2066,14,1008.9,1931,17,1008.8,2759,20,1009.5,23,1,1009.6,46,1,1009.7,765,7,1009.8,1143,10,1009.9,930,13
317,2025-11-26 12:41:11+05:30,1009.5,10,1000.09,6531077,376900.0,445704.0,986.2,1012.2,981.3,986.2,120351750,1084.8,887.6,1102.5,649.1,1009.2,246,4,1009.1,982,10,1009.0,2066,14,1008.9,1931,17,1008.8,2759,20,1009.5,11,1,1009.6,46,1,1009.7,765,7,1009.8,1143,10,1009.9,930,13
317,2025-11-26 12:41:11+05:30,1009.5,1,1000.09,6531077,376900.0,445704.0,986.2,1012.2,981.3,986.2,120351750,1084.8,887.6,1102.5,649.1,1009.2,246,4,1009.1,982,10,1009.0,2066,14,1008.9,1931,17,1008.8,2759,20,1009.5,11,1,1009.6,46,1,1009.7,765,7,1009.8,1143,10,1009.9,930,13
317,2025-11-26 12:41:12+05:30,1009.5,1,1000.09,6531078,378572.0,446388.0,986.2,1012.2,981.3,986.2,120351750,1084.8,887.6,1102.5,649.1,1009.2,280,4,1009.1,868,9,1009.0,2066,14,1008.9,1955,18,1008.8,3509,21,1009.3,35,1,1009.5,15,2,1009.6,95,2,1009.7,915,9,1009.8,1217,10
317,2025-11-26 12:41:12+05:30,1009.3,6,1000.09,6531078,378572.0,446388.0,986.2,1012.2,981.3,986.2,120351750,1084.8,887.6,1102.5,649.1,1009.2,280,4,1009.1,868,9,1009.0,2066,14,1008.9,1955,18,1008.8,3509,21,1009.3,35,1,1009.5,15,2,1009.6,95,2,1009.7,915,9,1009.8,1217,10
317,2025-11-26 12:41:13+05:30,1009.3,6,1000.09,6531093,378897.0,446453.0,986.2,1012.2,981.3,986.2,120351750,1084.8,887.6,1102.5,649.1,1009.2,113,3,1009.1,383,5,1009.0,2398,16,1008.9,1955,18,1008.8,4259,22,1009.3,126,2,1009.4,39,1,1009.5,15,2,1009.6,215,2,1009.7,373,7
317,2025-11-26 12:41:13+05:30,1009.2,41,1000.09,6531093,378897.0,446453.0,986.2,1012.2,981.3,986.2,120351750,1084.8,887.6,1102.5,649.1,1009.2,113,3,1009.1,383,5,1009.0,2398,16,1008.9,1955,18,1008.8,4259,22,1009.3,126,2,1009.4,39,1,1009.5,15,2,1009.6,215,2,1009.7,373,7
317,2025-11-26 12:41:14+05:30,1009.3,2,1000.09,6531196,378996.0,447009.0,986.2,1012.2,981.3,986.2,120351750,1084.8,887.6,1102.5,649.1,1009.1,59,2,1009.0,2267,14,1008.9,1955,18,1008.8,4259,22,1008.7,2356,16,1009.3,136,2,1009.4,39,1,1009.5,383,4,1009.6,289,4,1009.7,484,8
317,2025-11-26 12:41:14+05:30,1009.3,2,1000.09,6531196,378996.0,447009.0,986.2,1012.2,981.3,986.2,120351750,1084.8,887.6,1102.5,649.1,1009.1,59,2,1009.0,2267,14,1008.9,1955,18,1008.8,4259,22,1008.7,2356,16,1009.3,136,2,1009.4,39,1,1009.5,383,4,1009.6,289,4,1009.7,484,8
317,2025-11-26 12:41:15+05:30,1009.3,2,1000.09,6531198,378589.0,446959.0,986.2,1012.2,981.3,986.2,120351750,1084.8,887.6,1102.5,649.1,1009.2,112,1,1009.0,1885,11,1008.9,1796,13,1008.8,4195,20,1008.7,1697,20,1009.3,136,3,1009.4,39,1,1009.5,383,4,1009.6,279,3,1009.7,494,9
317,2025-11-26 12:41:15+05:30,1009.3,1,1000.09,6531198,378589.0,446959.0,986.2,1012.2,981.3,986.2,120351750,1084.8,887.6,1102.5,649.1,1009.2,112,1,1009.0,1885,11,1008.9,1796,13,1008.8,4195,20,1008.7,1697,20,1009.3,136,3,1009.4,39,1,1009.5,383,4,1009.6,279,3,1009.7,494,9
317,2025-11-26 12:41:16+05:30,1009.3,1,1000.09,6531199,378813.0,446865.0,986.2,1012.2,981.3,986.2,120351750,1084.8,887.6,1102.5,649.1,1009.2,112,1,1009.0,1983,12,1008.9,1894,14,1008.8,4208,21,1008.7,1697,20,1009.3,135,3,1009.4,39,1,1009.5,383,4,1009.6,279,3,1009.7,494,9
317,2025-11-26 12:41:16+05:30,1009.2,2,1000.09,6531199,378813.0,446865.0,986.2,1012.2,981.3,986.2,120351750,1084.8,887.6,1102.5,649.1,1009.2,112,1,1009.0,1983,12,1008.9,1894,14,1008.8,4208,21,1008.7,1697,20,1009.3,135,3,1009.4,39,1,1009.5,383,4,1009.6,279,3,1009.7,494,9
317,2025-11-26 12:41:17+05:30,1009.2,2,1000.09,6531313,380605.0,447594.0,986.2,1012.2,981.3,986.2,120351750,1084.8,887.6,1102.5,649.1,1009.0,1226,8,1008.9,1148,11,1008.8,992,12,1008.7,2395,19,1008.6,3093,16,1009.2,33,1,1009.3,100,2,1009.4,80,2,1009.5,383,4,1009.6,466,6
317,2025-11-26 12:41:18+05:30,1009.2,2,1000.09,6531313,380605.0,447619.0,986.2,1012.2,981.3,986.2,120351750,1084.8,887.6,1102.5,649.1,1009.0,1226,8,1008.9,1148,11,1008.8,992,12,1008.7,2395,19,1008.6,3093,16,1009.2,33,1,1009.3,100,2,1009.4,80,2,1009.5,384,5,1009.6,466,6
317,2025-11-26 12:41:19+05:30,1009.2,2,1000.09,6531313,380649.0,447569.0,986.2,1012.2,981.3,986.2,120351750,1084.8,887.6,1102.5,649.1,1009.0,1226,8,1008.9,1148,11,1008.8,992,12,1008.7,2395,19,1008.6,3137,17,1009.2,33,1,1009.3,100,2,1009.4,80,2,1009.5,384,5,1009.6,466,6
317,2025-11-26 12:41:19+05:30,1009.0,25,1000.09,6531313,380649.0,447569.0,986.2,1012.2,981.3,986.2,120351750,1084.8,887.6,1102.5,649.1,1009.0,1226,8,1008.9,1148,11,1008.8,992,12,1008.7,2395,19,1008.6,3137,17,1009.2,33,1,1009.3,100,2,1009.4,80,2,1009.5,384,5,1009.6,466,6
317,2025-11-26 12:41:20+05:30,1009.0,25,1000.09,6531363,380599.0,447604.0,986.2,1012.2,981.3,986.2,120351750,1084.8,887.6,1102.5,649.1,1009.0,1176,7,1008.9,1148,11,1008.8,992,12,1008.7,2395,19,1008.6,3137,17,1009.2,33,1,1009.3,100,2,1009.4,80,2,1009.5,384,5,1009.6,466,6
317,2025-11-26 12:41:20+05:30,1009.2,1,1000.09,6531363,380599.0,447604.0,986.2,1012.2,981.3,986.2,120351750,1084.8,887.6,1102.5,649.1,1009.0,1176,7,1008.9,1148,11,1008.8,992,12,1008.7,2395,19,1008.6,3137,17,1009.2,33,1,1009.3,100,2,1009.4,80,2,1009.5,384,5,1009.6,466,6
317,2025-11-26 12:41:21+05:30,1009.0,28,1000.09,6531398,380872.0,448275.0,986.2,1012.2,981.3,986.2,120351750,1084.8,887.6,1102.5,649.1,1009.0,1047,6,1008.9,1148,11,1008.8,988,11,1008.7,2395,19,1008.6,3137,17,1009.2,29,1,1009.3,100,2,1009.4,180,3,1009.5,448,6,1009.6,466,6
317,2025-11-26 12:41:21+05:30,1009.0,189,1000.09,6531398,380872.0,448275.0,986.2,1012.2,981.3,986.2,120351750,1084.8,887.6,1102.5,649.1,1009.0,1047,6,1008.9,1148,11,1008.8,988,11,1008.7,2395,19,1008.6,3137,17,1009.2,29,1,1009.3,100,2,1009.4,180,3,1009.5,448,6,1009.6,466,6
317,2025-11-26 12:41:22+05:30,1009.0,189,1000.09,6531587,380679.0,448847.0,986.2,1012.2,981.3,986.2,120351750,1084.8,887.6,1102.5,649.1,1009.0,858,6,1008.9,551,7,1008.8,1046,10,1008.7,2411,19,1008.6,3127,16,1009.1,7,1,1009.3,100,2,1009.4,346,4,1009.5,511,7,1009.6,466,6
317,2025-11-26 12:41:22+05:30,1009.0,251,1000.09,6531587,380679.0,448847.0,986.2,1012.2,981.3,986.2,120351750,1084.8,887.6,1102.5,649.1,1009.0,858,6,1008.9,551,7,1008.8,1046,10,1008.7,2411,19,1008.6,3127,16,1009.1,7,1,1009.3,100,2,1009.4,346,4,1009.5,511,7,1009.6,466,6
317,2025-11-26 12:41:23+05:30,1009.3,92,1000.09,6532236,383011.0,446573.0,986.2,1012.2,981.3,986.2,120351750,1084.8,887.6,1102.5,649.1,1009.1,3,1,1009.0,990,11,1008.9,1296,8,1008.8,4987,21,1008.7,1603,18,1009.4,180,3,1009.5,16,3,1009.6,460,4,1009.7,647,10,1009.8,1859,14
317,2025-11-26 12:41:23+05:30,1009.4,17,1000.09,6532236,383011.0,446573.0,986.2,1012.2,981.3,986.2,120351750,1084.8,887.6,1102.5,649.1,1009.1,3,1,1009.0,990,11,1008.9,1296,8,1008.8,4987,21,1008.7,1603,18,1009.4,180,3,1009.5,16,3,1009.6,460,4,1009.7,647,10,1009.8,1859,14
317,2025-11-26 12:41:24+05:30,1009.4,17,1000.09,6532475,381450.0,447523.0,986.2,1012.2,981.3,986.2,120351750,1084.8,887.6,1102.5,649.1,1009.1,3,1,1009.0,1073,11,1008.9,1549,10,1008.8,3394,18,1008.7,2353,19,1009.4,163,3,1009.5,174,5,1009.6,373,5,1009.7,780,10,1009.8,2193,18
317,2025-11-26 12:41:24+05:30,1009.1,1,1000.09,6532475,381450.0,447523.0,986.2,1012.2,981.3,986.2,120351750,1084.8,887.6,1102.5,649.1,1009.1,3,1,1009.0,1073,11,1008.9,1549,10,1008.8,3394,18,1008.7,2353,19,1009.4,163,3,1009.5,174,5,1009.6,373,5,1009.7,780,10,1009.8,2193,18
317,2025-11-26 12:41:25+05:30,1009.6,1,1000.1,6533480,379709.0,446459.0,986.2,1012.2,981.3,986.2,120351750,1084.8,887.6,1102.5,649.1,1009.2,77,1,1009.1,717,8,1009.0,1427,14,1008.9,1746,11,1008.8,2685,18,1009.6,84,1,1009.7,1105,8,1009.8,1431,14,1009.9,971,12,1010.0,4338,27
317,2025-11-26 12:41:25+05:30,1009.6,2,1000.1,6533480,379709.0,446459.0,986.2,1012.2,981.3,986.2,120351750,1084.8,887.6,1102.5,649.1,1009.2,77,1,1009.1,717,8,1009.0,1427,14,1008.9,1746,11,1008.8,2685,18,1009.6,84,1,1009.7,1105,8,1009.8,1431,14,1009.9,971,12,1010.0,4338,27
317,2025-11-26 12:41:26+05:30,1009.6,2,1000.1,6533595,377507.0,446423.0,986.2,1012.2,981.3,986.2,120351750,1084.8,887.6,1102.5,649.1,1009.2,13,1,1009.1,832,5,1009.0,1205,12,1008.9,1439,9,1008.8,2406,15,1009.6,149,1,1009.7,620,8,1009.8,1094,10,1009.9,992,13,1010.0,4012,26
317,2025-11-26 12:41:26+05:30,1009.6,2,1000.1,6533595,377507.0,446423.0,986.2,1012.2,981.3,986.2,120351750,1084.8,887.6,1102.5,649.1,1009.2,13,1,1009.1,832,5,1009.0,1205,12,1008.9,1439,9,1008.8,2406,15,1009.6,149,1,1009.7,620,8,1009.8,1094,10,1009.9,992,13,1010.0,4012,26
317,2025-11-26 12:41:27+05:30,1009.6,2,1000.1,6533595,377868.0,445665.0,986.2,1012.2,981.3,986.2,120351750,1084.8,887.6,1102.5,649.1,1009.2,30,2,1009.1,1130,7,1009.0,1205,12,1008.9,1439,9,1008.8,2406,15,1009.6,2,2,1009.7,637,9,1009.8,1253,12,1009.9,1720,16,1010.0,4022,27
317,2025-11-26 12:41:27+05:30,1009.2,47,1000.1,6533595,377868.0,445665.0,986.2,1012.2,981.3,986.2,120351750,1084.8,887.6,1102.5,649.1,1009.2,30,2,1009.1,1130,7,1009.0,1205,12,1008.9,1439,9,1008.8,2406,15,1009.6,2,2,1009.7,637,9,1009.8,1253,12,1009.9,1720,16,1010.0,4022,27
317,2025-11-26 12:41:28+05:30,1009.2,47,1000.1,6533655,379230.0,446830.0,986.2,1012.2,981.3,986.2,120351750,1084.8,887.6,1102.5,649.1,1009.2,17,1,1009.1,235,3,1009.0,1503,14,1008.9,1439,9,1008.8,3144,15,1009.4,69,1,1009.6,377,6,1009.7,453,8,1009.8,1226,13,1009.9,1797,17
317,2025-11-26 12:41:28+05:30,1009.4,1,1000.1,6533655,379230.0,446830.0,986.2,1012.2,981.3,986.2,120351750,1084.8,887.6,1102.5,649.1,1009.2,17,1,1009.1,235,3,1009.0,1503,14,1008.9,1439,9,1008.8,3144,15,1009.4,69,1,1009.6,377,6,1009.7,453,8,1009.8,1226,13,1009.9,1797,17
317,2025-11-26 12:41:29+05:30,1009.4,1,1000.1,6533657,379175.0,446816.0,986.2,1012.2,981.3,986.2,120351750,1084.8,887.6,1102.5,649.1,1009.2,17,1,1009.1,384,4,1009.0,1354,13,1008.9,1439,9,1008.8,3144,15,1009.4,67,1,1009.6,377,6,1009.7,454,9,1009.8,1226,13,1009.9,1295,16
317,2025-11-26 12:41:29+05:30,1009.4,1,1000.1,6533657,379175.0,446816.0,986.2,1012.2,981.3,986.2,120351750,1084.8,887.6,1102.5,649.1,1009.2,17,1,1009.1,384,4,1009.0,1354,13,1008.9,1439,9,1008.8,3144,15,1009.4,67,1,1009.6,377,6,1009.7,454,9,1009.8,1226,13,1009.9,1295,16
317,2025-11-26 12:41:30+05:30,1009.4,24,1000.1,6533690,378854.0,446528.0,986.2,1012.2,981.3,986.2,120351750,1084.8,887.6,1102.5,649.1,1009.2,9,1,1009.1,379,4,1009.0,1354,13,1008.9,1439,9,1008.8,3144,15,1009.4,42,1,1009.6,221,7,1009.7,454,9,1009.8,1776,13,1009.9,1295,16
317,2025-11-26 12:41:30+05:30,1009.4,1,1000.1,6533690,378854.0,446528.0,986.2,1012.2,981.3,986.2,120351750,1084.8,887.6,1102.5,649.1,1009.2,9,1,1009.1,379,4,1009.0,1354,13,1008.9,1439,9,1008.8,3144,15,1009.4,42,1,1009.6,221,7,1009.7,454,9,1009.8,1776,13,1009.9,1295,16
317,2025-11-26 12:41:31+05:30,1009.4,1,1000.1,6533961,378728.0,446833.0,986.2,1012.2,981.3,986.2,120351750,1084.8,887.6,1102.5,649.1,1009.1,417,6,1009.0,1561,17,1008.9,1466,9,1008.8,3144,15,1008.7,2199,17,1009.4,13,1,1009.6,185,7,1009.7,454,9,1009.8,1237,13,1009.9,1674,16
317,2025-11-26 12:41:31+05:30,1009.1,100,1000.1,6533961,378728.0,446833.0,986.2,1012.2,981.3,986.2,120351750,1084.8,887.6,1102.5,649.1,1009.1,417,6,1009.0,1561,17,1008.9,1466,9,1008.8,3144,15,1008.7,2199,17,1009.4,13,1,1009.6,185,7,1009.7,454,9,1009.8,1237,13,1009.9,1674,16
317,2025-11-26 12:41:32+05:30,1009.1,100,1000.1,6534674,379115.0,447279.0,986.2,1012.2,981.3,986.2,120351750,1084.8,887.6,1102.5,649.1,1009.1,288,6,1009.0,1458,17,1008.9,1362,8,1008.8,3506,21,1008.7,2226,18,1009.4,69,1,1009.6,271,6,1009.7,854,8,1009.8,1654,13,1009.9,1065,14
317,2025-11-26 12:41:32+05:30,1009.4,23,1000.1,6534674,379115.0,447279.0,986.2,1012.2,981.3,986.2,120351750,1084.8,887.6,1102.5,649.1,1009.1,288,6,1009.0,1458,17,1008.9,1362,8,1008.8,3506,21,1008.7,2226,18,1009.4,69,1,1009.6,271,6,1009.7,854,8,1009.8,1654,13,1009.9,1065,14
317,2025-11-26 12:41:33+05:30,1009.4,23,1000.1,6534715,379234.0,446901.0,986.2,1012.2,981.3,986.2,120351750,1084.8,887.6,1102.5,649.1,1009.1,280,5,1009.0,1481,18,1008.9,1466,9,1008.8,3506,21,1008.7,2226,18,1009.4,36,1,1009.6,69,5,1009.7,358,7,1009.8,1654,13,1009.9,1065,14
317,2025-11-26 12:41:34+05:30,1009.4,23,1000.1,6534715,379269.0,446820.0,986.2,1012.2,981.3,986.2,120351750,1084.8,887.6,1102.5,649.1,1009.2,285,3,1009.1,280,5,1009.0,1337,17,1008.9,1437,8,1008.8,3495,20,1009.4,36,1,1009.6,69,5,1009.7,251,6,1009.8,1654,13,1009.9,1574,15
317,2025-11-26 12:41:35+05:30,1009.4,2,1000.1,6534717,379242.0,446896.0,986.2,1012.2,981.3,986.2,120351750,1084.8,887.6,1102.5,649.1,1009.2,141,2,1009.1,424,6,1009.0,1337,17,1008.9,1437,8,1008.8,3495,20,1009.4,34,1,1009.6,69,5,1009.7,838,7,1009.8,1654,13,1009.9,1090,15
317,2025-11-26 12:41:35+05:30,1009.4,2,1000.1,6534717,379242.0,446896.0,986.2,1012.2,981.3,986.2,120351750,1084.8,887.6,1102.5,649.1,1009.2,141,2,1009.1,424,6,1009.0,1337,17,1008.9,1437,8,1008.8,3495,20,1009.4,34,1,1009.6,69,5,1009.7,838,7,1009.8,1654,13,1009.9,1090,15
317,2025-11-26 12:41:36+05:30,1009.2,100,1000.1,6534904,379574.0,446910.0,986.2,1012.2,981.3,986.2,120351750,1084.8,887.6,1102.5,649.1,1009.2,160,3,1009.1,280,5,1009.0,1486,17,1008.9,1437,8,1008.8,3495,20,1009.4,29,1,1009.5,1000,1,1009.6,299,7,1009.7,828,7,1009.8,1654,13
317,2025-11-26 12:41:36+05:30,1009.2,100,1000.1,6534904,379574.0,446910.0,986.2,1012.2,981.3,986.2,120351750,1084.8,887.6,1102.5,649.1,1009.2,160,3,1009.1,280,5,1009.0,1486,17,1008.9,1437,8,1008.8,3495,20,1009.4,29,1,1009.5,1000,1,1009.6,299,7,1009.7,828,7,1009.8,1654,13
317,2025-11-26 12:41:37+05:30,1009.5,853,1000.1,6535914,378443.0,445812.0,986.2,1012.2,981.3,986.2,120351750,1084.8,887.6,1102.5,649.1,1009.2,150,3,1009.1,280,5,1009.0,1486,17,1008.9,1437,8,1008.8,3422,20,1009.5,147,1,1009.6,138,7,1009.7,724,7,1009.8,1218,11,1009.9,1065,14
317,2025-11-26 12:41:37+05:30,1009.2,11,1000.1,6535914,378443.0,445812.0,986.2,1012.2,981.3,986.2,120351750,1084.8,887.6,1102.5,649.1,1009.2,150,3,1009.1,280,5,1009.0,1486,17,1008.9,1437,8,1008.8,3422,20,1009.5,147,1,1009.6,138,7,1009.7,724,7,1009.8,1218,11,1009.9,1065,14
317,2025-11-26 12:41:38+05:30,1009.5,1,1000.1,6536067,378870.0,445574.0,986.2,1012.2,981.3,986.2,120351750,1084.8,887.6,1102.5,649.1,1009.2,221,4,1009.1,598,9,1009.0,1452,18,1008.9,1509,9,1008.8,3422,20,1009.5,7,1,1009.6,81,6,1009.7,740,6,1009.8,1240,12,1009.9,1065,14
317,2025-11-26 12:41:38+05:30,1009.5,1,1000.1,6536067,378870.0,445574.0,986.2,1012.2,981.3,986.2,120351750,1084.8,887.6,1102.5,649.1,1009.2,221,4,1009.1,598,9,1009.0,1452,18,1008.9,1509,9,1008.8,3422,20,1009.5,7,1,1009.6,81,6,1009.7,740,6,1009.8,1240,12,1009.9,1065,14
317,2025-11-26 12:41:39+05:30,1009.5,1,1000.1,6536067,379536.0,445598.0,986.2,1012.2,981.3,986.2,120351750,1084.8,887.6,1102.5,649.1,1009.2,453,6,1009.1,1032,9,1009.0,1452,18,1008.9,1509,9,1008.8,3422,20,1009.5,11,3,1009.6,80,5,1009.7,197,4,1009.8,1218,11,1009.9,1237,13
317,2025-11-26 12:41:39+05:30,1009.0,153,1000.1,6536067,379536.0,445598.0,986.2,1012.2,981.3,986.2,120351750,1084.8,887.6,1102.5,649.1,1009.2,453,6,1009.1,1032,9,1009.0,1452,18,1008.9,1509,9,1008.8,3422,20,1009.5,11,3,1009.6,80,5,1009.7,197,4,1009.8,1218,11,1009.9,1237,13
317,2025-11-26 12:41:40+05:30,1009.5,1,1000.1,6536268,376940.0,446948.0,986.2,1012.2,981.3,986.2,120351750,1084.8,887.6,1102.5,649.1,1009.0,1523,16,1008.9,896,8,1008.8,1106,14,1008.7,2426,18,1008.6,2227,15,1009.5,466,6,1009.6,754,12,1009.7,994,11,1009.8,1744,15,1009.9,1277,12
317,2025-11-26 12:41:40+05:30,1009.5,2,1000.1,6536268,376940.0,446948.0,986.2,1012.2,981.3,986.2,120351750,1084.8,887.6,1102.5,649.1,1009.0,1523,16,1008.9,896,8,1008.8,1106,14,1008.7,2426,18,1008.6,2227,15,1009.5,466,6,1009.6,754,12,1009.7,994,11,1009.8,1744,15,1009.9,1277,12
317,2025-11-26 12:41:41+05:30,1009.5,2,1000.1,6536270,378231.0,444955.0,986.2,1012.2,981.3,986.2,120351750,1084.8,887.6,1102.5,649.1,1009.1,234,4,1009.0,1289,19,1008.9,913,9,1008.8,2611,18,1008.7,3176,19,1009.5,8,3,1009.6,16,4,1009.7,735,9,1009.8,1383,14,1009.9,1043,12
317,2025-11-26 12:41:41+05:30,1009.2,479,1000.1,6536270,378231.0,444955.0,986.2,1012.2,981.3,986.2,120351750,1084.8,887.6,1102.5,649.1,1009.1,234,4,1009.0,1289,19,1008.9,913,9,1008.8,2611,18,1008.7,3176,19,1009.5,8,3,1009.6,16,4,1009.7,735,9,1009.8,1383,14,1009.9,1043,12
317,2025-11-26 12:41:42+05:30,1009.2,479,1000.1,6536749,380379.0,446410.0,986.2,1012.2,981.3,986.2,120351750,1084.8,887.6,1102.5,649.1,1009.1,627,6,1009.0,1299,19,1008.9,1607,9,1008.8,3412,21,1008.7,2294,17,1009.4,240,1,1009.5,8,3,1009.6,16,4,1009.7,658,9,1009.8,1806,15
317,2025-11-26 12:41:42+05:30,1009.4,5,1000.1,6536749,380379.0,446410.0,986.2,1012.2,981.3,986.2,120351750,1084.8,887.6,1102.5,649.1,1009.1,627,6,1009.0,1299,19,1008.9,1607,9,1008.8,3412,21,1008.7,2294,17,1009.4,240,1,1009.5,8,3,1009.6,16,4,1009.7,658,9,1009.8,1806,15
317,2025-11-26 12:41:43+05:30,1009.4,23,1000.1,6536934,380683.0,446724.0,986.2,1012.2,981.3,986.2,120351750,1084.8,887.6,1102.5,649.1,1009.1,503,6,1009.0,1425,19,1008.9,1666,10,1008.8,3412,21,1008.7,2294,17,1009.4,105,1,1009.5,8,3,1009.6,80,5,1009.7,658,9,1009.8,1806,15
317,2025-11-26 12:41:43+05:30,1009.2,78,1000.1,6536934,380683.0,446724.0,986.2,1012.2,981.3,986.2,120351750,1084.8,887.6,1102.5,649.1,1009.1,503,6,1009.0,1425,19,1008.9,1666,10,1008.8,3412,21,1008.7,2294,17,1009.4,105,1,1009.5,8,3,1009.6,80,5,1009.7,658,9,1009.8,1806,15
317,2025-11-26 12:41:44+05:30,1009.4,3,1000.1,6537015,380853.0,446837.0,986.2,1012.2,981.3,986.2,120351750,1084.8,887.6,1102.5,649.1,1009.1,415,5,1009.0,1279,18,1008.9,1868,11,1008.8,3412,21,1008.7,2294,17,1009.4,102,1,1009.5,8,3,1009.6,16,4,1009.7,579,8,1009.8,1719,14
317,2025-11-26 12:41:44+05:30,1009.1,100,1000.1,6537015,380853.0,446837.0,986.2,1012.2,981.3,986.2,120351750,1084.8,887.6,1102.5,649.1,1009.1,415,5,1009.0,1279,18,1008.9,1868,11,1008.8,3412,21,1008.7,2294,17,1009.4,102,1,1009.5,8,3,1009.6,16,4,1009.7,579,8,1009.8,1719,14
317,2025-11-26 12:41:45+05:30,1009.1,34,1000.1,6537218,380404.0,446504.0,986.2,1012.2,981.3,986.2,120351750,1084.8,887.6,1102.5,649.1,1009.1,167,2,1009.0,1065,16,1008.9,1560,9,1008.8,3404,20,1008.7,2460,18,1009.4,99,1,1009.5,259,5,1009.6,498,8,1009.7,1143,9,1009.8,2043,17
317,2025-11-26 12:41:45+05:30,1009.4,1,1000.1,6537218,380404.0,446504.0,986.2,1012.2,981.3,986.2,120351750,1084.8,887.6,1102.5,649.1,1009.1,167,2,1009.0,1065,16,1008.9,1560,9,1008.8,3404,20,1008.7,2460,18,1009.4,99,1,1009.5,259,5,1009.6,498,8,1009.7,1143,9,1009.8,2043,17
317,2025-11-26 12:41:46+05:30,1009.4,1,1000.1,6537239,380521.0,446836.0,986.2,1012.2,981.3,986.2,120351750,1084.8,887.6,1102.5,649.1,1009.1,147,1,1009.0,1202,17,1008.9,1560,9,1008.8,3404,20,1008.7,2460,18,1009.4,98,1,1009.5,609,6,1009.6,498,8,1009.7,1085,9,1009.8,2043,17
317,2025-11-26 12:41:46+05:30,1009.4,100,1000.1,6537239,380521.0,446836.0,986.2,1012.2,981.3,986.2,120351750,1084.8,887.6,1102.5,649.1,1009.1,147,1,1009.0,1202,17,1008.9,1560,9,1008.8,3404,20,1008.7,2460,18,1009.4,98,1,1009.5,609,6,1009.6,498,8,1009.7,1085,9,1009.8,2043,17
317,2025-11-26 12:41:47+05:30,1009.4,1,1000.1,6537341,378761.0,445998.0,986.2,1012.2,981.3,986.2,120351750,1084.8,887.6,1102.5,649.1,1009.2,5,1,1009.1,1157,5,1009.0,4230,23,1008.9,1047,10,1008.8,1695,14,1009.5,448,5,1009.6,74,6,1009.7,605,9,1009.8,1422,14,1009.9,677,10
317,2025-11-26 12:41:47+05:30,1009.4,1,1000.1,6537341,378761.0,445998.0,986.2,1012.2,981.3,986.2,120351750,1084.8,887.6,1102.5,649.1,1009.2,5,1,1009.1,1157,5,1009.0,4230,23,1008.9,1047,10,1008.8,1695,14,1009.5,448,5,1009.6,74,6,1009.7,605,9,1009.8,1422,14,1009.9,677,10
317,2025-11-26 12:41:48+05:30,1009.2,1,1000.1,6537342,378785.0,446794.0,986.2,1012.2,981.3,986.2,120351750,1084.8,887.6,1102.5,649.1,1009.2,4,1,1009.1,1157,5,1009.0,4230,23,1008.9,1047,10,1008.8,1695,14,1009.5,498,6,1009.6,65,5,1009.7,605,9,1009.8,1431,15,1009.9,677,10
317,2025-11-26 12:41:48+05:30,1009.2,1,1000.1,6537342,378785.0,446794.0,986.2,1012.2,981.3,986.2,120351750,1084.8,887.6,1102.5,649.1,1009.2,4,1,1009.1,1157,5,1009.0,4230,23,1008.9,1047,10,1008.8,1695,14,1009.5,498,6,1009.6,65,5,1009.7,605,9,1009.8,1431,15,1009.9,677,10
317,2025-11-26 12:41:49+05:30,1009.5,2,1000.1,6537344,378593.0,446825.0,986.2,1012.2,981.3,986.2,120351750,1084.8,887.6,1102.5,649.1,1009.2,4,1,1009.1,1157,5,1009.0,4279,24,1008.9,1047,10,1008.8,1695,14,1009.5,496,6,1009.6,65,5,1009.7,605,9,1009.8,1441,16,1009.9,700,11
317,2025-11-26 12:41:49+05:30,1009.1,193,1000.1,6537344,378593.0,446825.0,986.2,1012.2,981.3,986.2,120351750,1084.8,887.6,1102.5,649.1,1009.2,4,1,1009.1,1157,5,1009.0,4279,24,1008.9,1047,10,1008.8,1695,14,1009.5,496,6,1009.6,65,5,1009.7,605,9,1009.8,1441,16,1009.9,700,11
317,2025-11-26 12:41:50+05:30,1009.1,193,1000.1,6538287,374251.0,446007.0,986.2,1012.2,981.3,986.2,120351750,1084.8,887.6,1102.5,649.1,1009.0,929,14,1008.9,1402,13,1008.8,2485,15,1008.7,2301,14,1008.6,730,9,1009.5,554,8,1009.6,481,12,1009.7,801,12,1009.8,1617,16,1009.9,677,10
317,2025-11-26 12:41:50+05:30,1009.5,1,1000.1,6538287,374251.0,446007.0,986.2,1012.2,981.3,986.2,120351750,1084.8,887.6,1102.5,649.1,1009.0,929,14,1008.9,1402,13,1008.8,2485,15,1008.7,2301,14,1008.6,730,9,1009.5,554,8,1009.6,481,12,1009.7,801,12,1009.8,1617,16,1009.9,677,10
317,2025-11-26 12:41:51+05:30,1009.5,1,1000.1,6538291,374085.0,445526.0,986.2,1012.2,981.3,986.2,120351750,1084.8,887.6,1102.5,649.1,1009.0,1176,17,1008.9,1232,8,1008.8,2418,14,1008.7,1644,18,1008.6,1495,11,1009.5,202,6,1009.6,399,12,1009.7,862,13,1009.8,1741,17,1009.9,1192,11
317,2025-11-26 12:41:52+05:30,1009.5,1,1000.1,6538291,377543.0,447497.0,986.2,1012.2,981.3,986.2,120351750,1084.8,887.6,1102.5,649.1,1009.0,820,14,1008.9,1291,8,1008.8,3942,17,1008.7,1579,17,1008.6,745,10,1009.2,41,1,1009.5,224,7,1009.6,509,13,1009.7,725,12,1009.8,2176,19
317,2025-11-26 12:41:52+05:30,1009.2,23,1000.1,6538291,377543.0,447497.0,986.2,1012.2,981.3,986.2,120351750,1084.8,887.6,1102.5,649.1,1009.0,820,14,1008.9,1291,8,1008.8,3942,17,1008.7,1579,17,1008.6,745,10,1009.2,41,1,1009.5,224,7,1009.6,509,13,1009.7,725,12,1009.8,2176,19
317,2025-11-26 12:41:53+05:30,1009.2,23,1000.1,6538323,378016.0,448103.0,986.2,1012.2,981.3,986.2,120351750,1084.8,887.6,1102.5,649.1,1009.1,5,1,1009.0,1068,16,1008.9,1043,6,1008.8,4719,19,1008.7,1579,17,1009.2,9,1,1009.4,65,1,1009.5,195,6,1009.6,524,13,1009.7,725,12
317,2025-11-26 12:41:54+05:30,1009.2,23,1000.1,6538323,378016.0,448122.0,986.2,1012.2,981.3,986.2,120351750,1084.8,887.6,1102.5,649.1,1009.1,5,1,1009.0,1068,16,1008.9,1043,6,1008.8,4719,19,1008.7,1579,17,1009.2,9,1,1009.4,65,1,1009.5,197,7,1009.6,524,13,1009.7,725,12
317,2025-11-26 12:41:54+05:30,1009.2,113,1000.1,6538323,378016.0,448122.0,986.2,1012.2,981.3,986.2,120351750,1084.8,887.6,1102.5,649.1,1009.1,5,1,1009.0,1068,16,1008.9,1043,6,1008.8,4719,19,1008.7,1579,17,1009.2,9,1,1009.4,65,1,1009.5,197,7,1009.6,524,13,1009.7,725,12
317,2025-11-26 12:41:55+05:30,1009.2,2,1000.1,6538551,378524.0,448104.0,986.2,1012.2,981.3,986.2,120351750,1084.8,887.6,1102.5,649.1,1009.1,5,1,1009.0,944,15,1008.9,1265,8,1008.8,4643,18,1008.7,1579,17,1009.2,39,1,1009.4,114,2,1009.5,197,7,1009.6,524,13,1009.7,725,12
317,2025-11-26 12:41:55+05:30,1009.2,2,1000.1,6538551,378524.0,448104.0,986.2,1012.2,981.3,986.2,120351750,1084.8,887.6,1102.5,649.1,1009.1,5,1,1009.0,944,15,1008.9,1265,8,1008.8,4643,18,1008.7,1579,17,1009.2,39,1,1009.4,114,2,1009.5,197,7,1009.6,524,13,1009.7,725,12
317,2025-11-26 12:41:56+05:30,1009.2,2,1000.1,6538906,379958.0,447492.0,986.2,1012.2,981.3,986.2,120351750,1084.8,887.6,1102.5,649.1,1009.1,107,2,1009.0,1267,19,1008.9,1598,11,1008.8,4926,20,1008.7,1670,20,1009.2,208,2,1009.4,64,1,1009.5,161,6,1009.6,246,6,1009.7,588,10
317,2025-11-26 12:41:56+05:30,1009.2,1,1000.1,6538906,379958.0,447492.0,986.2,1012.2,981.3,986.2,120351750,1084.8,887.6,1102.5,649.1,1009.1,107,2,1009.0,1267,19,1008.9,1598,11,1008.8,4926,20,1008.7,1670,20,1009.2,208,2,1009.4,64,1,1009.5,161,6,1009.6,246,6,1009.7,588,10
317,2025-11-26 12:41:57+05:30,1009.2,1,1000.1,6539020,379958.0,447353.0,986.2,1012.2,981.3,986.2,120351750,1084.8,887.6,1102.5,649.1,1009.1,231,3,1009.0,1267,19,1008.9,1474,10,1008.8,4926,20,1008.7,1670,20,1009.2,117,2,1009.4,64,1,1009.5,161,6,1009.6,246,6,1009.7,566,8
317,2025-11-26 12:41:58+05:30,1009.2,1,1000.1,6539020,379976.0,447596.0,986.2,1012.2,981.3,986.2,120351750,1084.8,887.6,1102.5,649.1,1009.1,244,4,1009.0,1267,19,1008.9,1474,10,1008.8,4926,20,1008.7,1670,20,1009.2,117,2,1009.4,64,1,1009.5,161,6,1009.6,245,5,1009.7,566,8
317,2025-11-26 12:41:59+05:30,1009.2,4,1000.1,6539024,380030.0,447436.0,986.2,1012.2,981.3,986.2,120351750,1084.8,887.6,1102.5,649.1,1009.1,202,4,1009.0,1337,20,1008.9,1598,11,1008.8,4926,20,1008.7,1670,20,1009.2,121,5,1009.3,56,1,1009.4,4,1,1009.5,157,4,1009.6,245,5
317,2025-11-26 12:41:59+05:30,1009.2,4,1000.1,6539024,380030.0,447436.0,986.2,1012.2,981.3,986.2,120351750,1084.8,887.6,1102.5,649.1,1009.1,202,4,1009.0,1337,20,1008.9,1598,11,1008.8,4926,20,1008.7,1670,20,1009.2,121,5,1009.3,56,1,1009.4,4,1,1009.5,157,4,1009.6,245,5
317,2025-11-26 12:42:00+05:30,1009.2,1,1000.1,6539024,380030.0,447436.0,986.2,1012.2,981.3,986.2,120351750,1084.8,887.6,1102.5,649.1,1009.1,202,4,1009.0,1337,20,1008.9,1598,11,1008.8,4926,20,1008.7,1670,20,1009.2,121,5,1009.3,56,1,1009.4,4,1,1009.5,157,4,1009.6,245,5
317,2025-11-26 12:42:01+05:30,1009.2,1,1000.1,6539035,380037.0,447490.0,986.2,1012.2,981.3,986.2,120351750,1084.8,887.6,1102.5,649.1,1009.1,111,2,1009.0,1337,20,1008.9,1598,11,1008.8,4926,20,1008.7,1670,20,1009.2,119,5,1009.3,56,1,1009.4,4,1,1009.5,157,4,1009.6,245,5
317,2025-11-26 12:42:01+05:30,1009.0,100,1000.1,6539035,380037.0,447490.0,986.2,1012.2,981.3,986.2,120351750,1084.8,887.6,1102.5,649.1,1009.1,111,2,1009.0,1337,20,1008.9,1598,11,1008.8,4926,20,1008.7,1670,20,1009.2,119,5,1009.3,56,1,1009.4,4,1,1009.5,157,4,1009.6,245,5
317,2025-11-26 12:42:02+05:30,1009.0,100,1000.1,6539283,379046.0,447924.0,986.2,1012.2,981.3,986.2,120351750,1084.8,887.6,1102.5,649.1,1009.0,757,17,1008.9,1396,10,1008.8,4968,19,1008.7,1670,20,1008.6,745,10,1009.2,119,5,1009.3,56,1,1009.4,4,1,1009.5,319,5,1009.6,426,7
317,2025-11-26 12:42:02+05:30,1009.2,4,1000.1,6539283,379046.0,447924.0,986.2,1012.2,981.3,986.2,120351750,1084.8,887.6,1102.5,649.1,1009.0,757,17,1008.9,1396,10,1008.8,4968,19,1008.7,1670,20,1008.6,745,10,1009.2,119,5,1009.3,56,1,1009.4,4,1,1009.5,319,5,1009.6,426,7
317,2025-11-26 12:42:03+05:30,1009.2,4,1000.1,6539292,379338.0,447984.0,986.2,1012.2,981.3,986.2,120351750,1084.8,887.6,1102.5,649.1,1009.0,806,17,1008.9,1508,11,1008.8,4877,19,1008.7,1670,20,1008.6,907,11,1009.2,110,5,1009.3,56,1,1009.4,4,1,1009.5,488,6,1009.6,434,8
317,2025-11-26 12:42:03+05:30,1009.0,5,1000.1,6539292,379338.0,447984.0,986.2,1012.2,981.3,986.2,120351750,1084.8,887.6,1102.5,649.1,1009.0,806,17,1008.9,1508,11,1008.8,4877,19,1008.7,1670,20,1008.6,907,11,1009.2,110,5,1009.3,56,1,1009.4,4,1,1009.5,488,6,1009.6,434,8
317,2025-11-26 12:42:04+05:30,1009.0,5,1000.1,6539320,376648.0,448772.0,986.2,1012.2,981.3,986.2,120351750,1084.8,887.6,1102.5,649.1,1009.0,621,14,1008.9,768,8,1008.8,1293,15,1008.7,2137,15,1008.6,3188,18,1009.2,87,5,1009.3,56,1,1009.4,4,1,1009.5,489,7,1009.6,429,7
317,2025-11-26 12:42:04+05:30,1009.2,1,1000.1,6539320,376648.0,448772.0,986.2,1012.2,981.3,986.2,120351750,1084.8,887.6,1102.5,649.1,1009.0,621,14,1008.9,768,8,1008.8,1293,15,1008.7,2137,15,1008.6,3188,18,1009.2,87,5,1009.3,56,1,1009.4,4,1,1009.5,489,7,1009.6,429,7
317,2025-11-26 12:42:05+05:30,1009.2,1,1000.1,6539324,374714.0,449305.0,986.2,1012.2,981.3,986.2,120351750,1084.8,887.6,1102.5,649.1,1009.0,621,14,1008.9,590,3,1008.8,1173,12,1008.7,1486,13,1008.6,1546,12,1009.2,83,5,1009.3,56,1,1009.4,298,4,1009.5,801,11,1009.6,599,14
317,2025-11-26 12:42:05+05:30,1009.2,5,1000.1,6539324,374714.0,449305.0,986.2,1012.2,981.3,986.2,120351750,1084.8,887.6,1102.5,649.1,1009.0,621,14,1008.9,590,3,1008.8,1173,12,1008.7,1486,13,1008.6,1546,12,1009.2,83,5,1009.3,56,1,1009.4,298,4,1009.5,801,11,1009.6,599,14
317,2025-11-26 12:42:06+05:30,1009.2,5,1000.1,6539331,375034.0,449273.0,986.2,1012.2,981.3,986.2,120351750,1084.8,887.6,1102.5,649.1,1009.0,814,16,1008.9,1007,7,1008.8,1088,12,1008.7,1374,12,1008.6,1546,12,1009.2,76,5,1009.3,56,1,1009.4,298,4,1009.5,786,10,1009.6,545,10
317,2025-11-26 12:42:07+05:30,1009.2,5,1000.1,6539331,374294.0,449293.0,986.2,1012.2,981.3,986.2,120351750,1084.8,887.6,1102.5,649.1,1009.0,719,15,1008.9,420,5,1008.8,1034,11,1008.7,1345,11,1008.6,1571,13,1009.2,76,5,1009.3,56,1,1009.4,210,3,1009.5,640,9,1009.6,641,12
317,2025-11-26 12:42:07+05:30,1009.2,4,1000.1,6539331,374294.0,449293.0,986.2,1012.2,981.3,986.2,120351750,1084.8,887.6,1102.5,649.1,1009.0,719,15,1008.9,420,5,1008.8,1034,11,1008.7,1345,11,1008.6,1571,13,1009.2,76,5,1009.3,56,1,1009.4,210,3,1009.5,640,9,1009.6,641,12
317,2025-11-26 12:42:08+05:30,1009.2,4,1000.1,6539411,379641.0,449054.0,986.2,1012.2,981.3,986.2,120351750,1084.8,887.6,1102.5,649.1,1009.0,926,17,1008.9,665,7,1008.8,922,10,1008.7,1547,12,1008.6,3791,16,1009.2,19,1,1009.3,56,1,1009.4,48,2,1009.5,489,7,1009.6,522,8
317,2025-11-26 12:42:08+05:30,1009.0,125,1000.1,6539411,379641.0,449054.0,986.2,1012.2,981.3,986.2,120351750,1084.8,887.6,1102.5,649.1,1009.0,926,17,1008.9,665,7,1008.8,922,10,1008.7,1547,12,1008.6,3791,16,1009.2,19,1,1009.3,56,1,1009.4,48,2,1009.5,489,7,1009.6,522,8
317,2025-11-26 12:42:09+05:30,1009.0,125,1000.1,6539536,379369.0,449164.0,986.2,1012.2,981.3,986.2,120351750,1084.8,887.6,1102.5,649.1,1009.0,706,16,1008.9,570,6,1008.8,922,10,1008.7,2104,13,1008.6,3277,16,1009.2,19,1,1009.3,56,1,1009.4,48,2,1009.5,489,7,1009.6,522,8
317,2025-11-26 12:42:09+05:30,1009.2,1,1000.1,6539536,379369.0,449164.0,986.2,1012.2,981.3,986.2,120351750,1084.8,887.6,1102.5,649.1,1009.0,706,16,1008.9,570,6,1008.8,922,10,1008.7,2104,13,1008.6,3277,16,1009.2,19,1,1009.3,56,1,1009.4,48,2,1009.5,489,7,1009.6,522,8
317,2025-11-26 12:42:10+05:30,1009.2,2,1000.1,6539540,379488.0,448623.0,986.2,1012.2,981.3,986.2,120351750,1084.8,887.6,1102.5,649.1,1009.0,594,15,1008.9,770,8,1008.8,922,10,1008.7,2135,14,1008.6,3277,16,1009.2,19,2,1009.3,56,1,1009.4,48,2,1009.5,489,7,1009.6,522,8
317,2025-11-26 12:42:10+05:30,1009.2,2,1000.1,6539540,379488.0,448623.0,986.2,1012.2,981.3,986.2,120351750,1084.8,887.6,1102.5,649.1,1009.0,594,15,1008.9,770,8,1008.8,922,10,1008.7,2135,14,1008.6,3277,16,1009.2,19,2,1009.3,56,1,1009.4,48,2,1009.5,489,7,1009.6,522,8
317,2025-11-26 12:42:11+05:30,1009.2,2,1000.1,6539761,379422.0,448588.0,986.2,1012.2,981.3,986.2,120351750,1084.8,887.6,1102.5,649.1,1009.0,457,12,1008.9,752,8,1008.8,1029,11,1008.7,2135,14,1008.6,3277,16,1009.2,17,2,1009.3,56,1,1009.4,48,2,1009.5,489,7,1009.6,522,8
317,2025-11-26 12:42:11+05:30,1009.2,1,1000.1,6539761,379422.0,448588.0,986.2,1012.2,981.3,986.2,120351750,1084.8,887.6,1102.5,649.1,1009.0,457,12,1008.9,752,8,1008.8,1029,11,1008.7,2135,14,1008.6,3277,16,1009.2,17,2,1009.3,56,1,1009.4,48,2,1009.5,489,7,1009.6,522,8
317,2025-11-26 12:42:12+05:30,1009.2,1,1000.11,6540120,376600.0,447181.0,986.2,1012.2,981.3,986.2,120351750,1084.8,887.6,1102.5,649.1,1009.2,20,1,1009.0,884,16,1008.9,1348,10,1008.8,1080,11,1008.7,4459,19,1009.3,56,1,1009.4,48,2,1009.5,489,7,1009.6,197,4,1009.7,600,10
317,2025-11-26 12:42:12+05:30,1009.4,5,1000.11,6540120,376600.0,447181.0,986.2,1012.2,981.3,986.2,120351750,1084.8,887.6,1102.5,649.1,1009.2,20,1,1009.0,884,16,1008.9,1348,10,1008.8,1080,11,1008.7,4459,19,1009.3,56,1,1009.4,48,2,1009.5,489,7,1009.6,197,4,1009.7,600,10
317,2025-11-26 12:42:13+05:30,1009.4,5,1000.11,6540478,377407.0,445885.0,986.2,1012.2,981.3,986.2,120351750,1084.8,887.6,1102.5,649.1,1009.4,510,1,1009.3,26,4,1009.2,152,4,1009.1,868,4,1009.0,1210,18,1009.5,327,6,1009.7,293,6,1009.8,1213,13,1009.9,849,16,1010.0,3716,26
317,2025-11-26 12:42:13+05:30,1009.4,78,1000.11,6540478,377407.0,445885.0,986.2,1012.2,981.3,986.2,120351750,1084.8,887.6,1102.5,649.1,1009.4,510,1,1009.3,26,4,1009.2,152,4,1009.1,868,4,1009.0,1210,18,1009.5,327,6,1009.7,293,6,1009.8,1213,13,1009.9,849,16,1010.0,3716,26
317,2025-11-26 12:42:14+05:30,1009.4,78,1000.11,6540557,377009.0,445948.0,986.2,1012.2,981.3,986.2,120351750,1084.8,887.6,1102.5,649.1,1009.4,460,3,1009.3,5,3,1009.2,137,3,1009.1,975,5,1009.0,1103,17,1009.5,327,6,1009.6,92,2,1009.7,293,6,1009.8,1226,14,1009.9,1147,17
317,2025-11-26 12:42:14+05:30,1009.5,3,1000.11,6540673,376933.0,446598.0,986.2,1012.2,981.3,986.2,120351750,1084.8,887.6,1102.5,649.1,1009.4,460,3,1009.3,5,3,1009.2,61,2,1009.1,975,5,1009.0,1103,17,1009.5,405,6,1009.7,249,6,1009.8,1333,15,1009.9,1140,16,1010.0,3418,25
317,2025-11-26 12:42:14+05:30,1009.5,3,1000.11,6540673,376933.0,446598.0,986.2,1012.2,981.3,986.2,120351750,1084.8,887.6,1102.5,649.1,1009.4,460,3,1009.3,5,3,1009.2,61,2,1009.1,975,5,1009.0,1103,17,1009.5,405,6,1009.7,249,6,1009.8,1333,15,1009.9,1140,16,1010.0,3418,25
317,2025-11-26 12:42:15+05:30,1009.5,2,1000.11,6540673,376933.0,446598.0,986.2,1012.2,981.3,986.2,120351750,1084.8,887.6,1102.5,649.1,1009.4,460,3,1009.3,5,3,1009.2,61,2,1009.1,975,5,1009.0,1103,17,1009.5,405,6,1009.7,249,6,1009.8,1333,15,1009.9,1140,16,1010.0,3418,25
317,2025-11-26 12:42:16+05:30,1009.5,2,1000.11,6540808,376844.0,446399.0,986.2,1012.2,981.3,986.2,120351750,1084.8,887.6,1102.5,649.1,1009.4,460,3,1009.3,3,1,1009.2,143,3,1009.1,977,5,1009.0,1210,18,1009.5,270,3,1009.7,249,6,1009.8,1226,14,1009.9,1457,16,1010.0,3425,26
317,2025-11-26 12:42:16+05:30,1009.4,1,1000.11,6540832,376766.0,446419.0,986.2,1012.2,981.3,986.2,120351750,1084.8,887.6,1102.5,649.1,1009.4,459,3,1009.2,87,2,1009.1,1067,6,1009.0,1210,18,1008.9,1405,14,1009.5,246,2,1009.7,249,6,1009.8,1227,15,1009.9,1247,17,1010.0,3425,26
317,2025-11-26 12:42:16+05:30,1009.4,1,1000.11,6540832,376766.0,446419.0,986.2,1012.2,981.3,986.2,120351750,1084.8,887.6,1102.5,649.1,1009.4,459,3,1009.2,87,2,1009.1,1067,6,1009.0,1210,18,1008.9,1405,14,1009.5,246,2,1009.7,249,6,1009.8,1227,15,1009.9,1247,17,1010.0,3425,26
317,2025-11-26 12:42:17+05:30,1009.5,120,1000.11,6543138,376858.0,444886.0,986.2,1012.2,981.3,986.2,120351750,1084.8,887.6,1102.5,649.1,1009.2,430,5,1009.1,823,5,1009.0,724,9,1008.9,1405,14,1008.8,2745,21,1009.7,203,5,1009.8,1259,15,1009.9,829,14,1010.0,3242,23,1010.1,648,12
317,2025-11-26 12:42:17+05:30,1009.5,120,1000.11,6543138,376858.0,444886.0,986.2,1012.2,981.3,986.2,120351750,1084.8,887.6,1102.5,649.1,1009.2,430,5,1009.1,823,5,1009.0,724,9,1008.9,1405,14,1008.8,2745,21,1009.7,203,5,1009.8,1259,15,1009.9,829,14,1010.0,3242,23,1010.1,648,12
317,2025-11-26 12:42:18+05:30,1009.2,1,1000.11,6543138,376858.0,444886.0,986.2,1012.2,981.3,986.2,120351750,1084.8,887.6,1102.5,649.1,1009.2,430,5,1009.1,823,5,1009.0,724,9,1008.9,1405,14,1008.8,2745,21,1009.7,203,5,1009.8,1259,15,1009.9,829,14,1010.0,3242,23,1010.1,648,12
317,2025-11-26 12:42:19+05:30,1009.2,1,1000.11,6543139,376904.0,444922.0,986.2,1012.2,981.3,986.2,120351750,1084.8,887.6,1102.5,649.1,1009.2,172,2,1009.1,1199,8,1009.0,886,10,1008.9,1405,14,1008.8,2745,21,1009.7,230,6,1009.8,1302,14,1009.9,831,16,1010.0,3242,23,1010.1,648,12
317,2025-11-26 12:42:19+05:30,1009.2,1,1000.11,6543139,376904.0,444890.0,986.2,1012.2,981.3,986.2,120351750,1084.8,887.6,1102.5,649.1,1009.2,172,2,1009.1,1199,8,1009.0,886,10,1008.9,1405,14,1008.8,2745,21,1009.7,231,7,1009.8,1302,14,1009.9,831,16,1010.0,3242,23,1010.1,648,12
317,2025-11-26 12:42:20+05:30,1009.6,1,1000.11,6543221,377714.0,444690.0,986.2,1012.2,981.3,986.2,120351750,1084.8,887.6,1102.5,649.1,1009.2,258,3,1009.1,1199,8,1009.0,886,10,1008.9,1405,14,1008.8,2733,20,1009.6,126,1,1009.7,123,4,1009.8,1256,13,1009.9,1552,18,1010.0,2944,22
317,2025-11-26 12:42:20+05:30,1009.6,1,1000.11,6543221,377714.0,444690.0,986.2,1012.2,981.3,986.2,120351750,1084.8,887.6,1102.5,649.1,1009.2,258,3,1009.1,1199,8,1009.0,886,10,1008.9,1405,14,1008.8,2733,20,1009.6,126,1,1009.7,123,4,1009.8,1256,13,1009.9,1552,18,1010.0,2944,22
317,2025-11-26 12:42:21+05:30,1009.6,1,1000.11,6543221,378889.0,446501.0,986.2,1012.2,981.3,986.2,120351750,1084.8,887.6,1102.5,649.1,1009.2,98,1,1009.1,354,4,1009.0,986,11,1008.9,1431,15,1008.8,3380,18,1009.3,69,1,1009.5,10,1,1009.6,328,2,1009.7,169,5,1009.8,1324,14
317,2025-11-26 12:42:22+05:30,1009.3,4,1000.11,6543252,378900.0,446637.0,986.2,1012.2,981.3,986.2,120351750,1084.8,887.6,1102.5,649.1,1009.2,98,1,1009.0,641,8,1008.9,1341,14,1008.8,4075,18,1008.7,2336,16,1009.3,38,1,1009.5,56,2,1009.6,604,6,1009.7,938,8,1009.8,1324,14
317,2025-11-26 12:42:22+05:30,1009.3,4,1000.11,6543252,378900.0,446637.0,986.2,1012.2,981.3,986.2,120351750,1084.8,887.6,1102.5,649.1,1009.2,98,1,1009.0,641,8,1008.9,1341,14,1008.8,4075,18,1008.7,2336,16,1009.3,38,1,1009.5,56,2,1009.6,604,6,1009.7,938,8,1009.8,1324,14
317,2025-11-26 12:42:23+05:30,1009.3,1,1000.11,6543253,378811.0,446322.0,986.2,1012.2,981.3,986.2,120351750,1084.8,887.6,1102.5,649.1,1009.2,99,2,1009.0,741,9,1008.9,1270,10,1008.8,4025,19,1008.7,2351,17,1009.3,37,1,1009.5,56,2,1009.6,604,6,1009.7,231,6,1009.8,1324,14
317,2025-11-26 12:42:23+05:30,1009.3,1,1000.11,6543253,378811.0,446322.0,986.2,1012.2,981.3,986.2,120351750,1084.8,887.6,1102.5,649.1,1009.2,99,2,1009.0,741,9,1008.9,1270,10,1008.8,4025,19,1008.7,2351,17,1009.3,37,1,1009.5,56,2,1009.6,604,6,1009.7,231,6,1009.8,1324,14
317,2025-11-26 12:42:24+05:30,1009.3,1,1000.11,6543274,379171.0,447199.0,986.2,1012.2,981.3,986.2,120351750,1084.8,887.6,1102.5,649.1,1009.2,79,2,1009.0,599,7,1008.9,1365,11,1008.8,4135,21,1008.7,2351,17,1009.3,36,1,1009.4,32,1,1009.5,153,4,1009.6,750,7,1009.7,231,6
317,2025-11-26 12:42:24+05:30,1009.3,1,1000.11,6543274,379171.0,447199.0,986.2,1012.2,981.3,986.2,120351750,1084.8,887.6,1102.5,649.1,1009.2,79,2,1009.0,599,7,1008.9,1365,11,1008.8,4135,21,1008.7,2351,17,1009.3,36,1,1009.4,32,1,1009.5,153,4,1009.6,750,7,1009.7,231,6
317,2025-11-26 12:42:25+05:30,1009.3,2,1000.11,6543352,378893.0,448277.0,986.2,1012.2,981.3,986.2,120351750,1084.8,887.6,1102.5,649.1,1009.2,5,1,1009.0,441,5,1008.9,1365,11,1008.8,4135,21,1008.7,2351,17,1009.3,8,1,1009.4,37,2,1009.5,271,4,1009.6,750,7,1009.7,1008,10
317,2025-11-26 12:42:25+05:30,1009.3,2,1000.11,6543352,378893.0,448277.0,986.2,1012.2,981.3,986.2,120351750,1084.8,887.6,1102.5,649.1,1009.2,5,1,1009.0,441,5,1008.9,1365,11,1008.8,4135,21,1008.7,2351,17,1009.3,8,1,1009.4,37,2,1009.5,271,4,1009.6,750,7,1009.7,1008,10
317,2025-11-26 12:42:26+05:30,1009.2,1,1000.11,6543358,379815.0,447320.0,986.2,1012.2,981.3,986.2,120351750,1084.8,887.6,1102.5,649.1,1009.0,593,7,1008.9,1337,10,1008.8,4135,21,1008.7,2351,17,1008.6,738,8,1009.2,2,1,1009.4,37,2,1009.5,324,5,1009.6,742,6,1009.7,1026,10
317,2025-11-26 12:42:26+05:30,1009.2,1,1000.11,6543358,379815.0,447320.0,986.2,1012.2,981.3,986.2,120351750,1084.8,887.6,1102.5,649.1,1009.0,593,7,1008.9,1337,10,1008.8,4135,21,1008.7,2351,17,1008.6,738,8,1009.2,2,1,1009.4,37,2,1009.5,324,5,1009.6,742,6,1009.7,1026,10
317,2025-11-26 12:42:27+05:30,1009.2,100,1000.11,6543483,380696.0,449054.0,986.2,1012.2,981.3,986.2,120351750,1084.8,887.6,1102.5,649.1,1009.1,445,3,1009.0,823,8,1008.9,1340,10,1008.8,4941,24,1008.7,1963,15,1009.2,69,1,1009.4,37,2,1009.5,271,4,1009.6,496,4,1009.7,1040,10
317,2025-11-26 12:42:27+05:30,1009.2,100,1000.11,6543483,380696.0,449054.0,986.2,1012.2,981.3,986.2,120351750,1084.8,887.6,1102.5,649.1,1009.1,445,3,1009.0,823,8,1008.9,1340,10,1008.8,4941,24,1008.7,1963,15,1009.2,69,1,1009.4,37,2,1009.5,271,4,1009.6,496,4,1009.7,1040,10
317,2025-11-26 12:42:28+05:30,1009.2,100,1000.11,6543483,380696.0,449077.0,986.2,1012.2,981.3,986.2,120351750,1084.8,887.6,1102.5,649.1,1009.1,445,3,1009.0,823,8,1008.9,1340,10,1008.8,4941,24,1008.7,1963,15,1009.2,69,1,1009.4,37,2,1009.5,271,4,1009.6,496,4,1009.7,1040,10
317,2025-11-26 12:42:29+05:30,1009.2,100,1000.11,6543483,380709.0,449155.0,986.2,1012.2,981.3,986.2,120351750,1084.8,887.6,1102.5,649.1,1009.1,358,3,1009.0,923,9,1008.9,1340,10,1008.8,4941,24,1008.7,1963,15,1009.2,73,3,1009.3,36,1,1009.4,5,1,1009.5,271,4,1009.6,497,5
317,2025-11-26 12:42:30+05:30,1009.2,1,1000.11,6543546,380468.0,449604.0,986.2,1012.2,981.3,986.2,120351750,1084.8,887.6,1102.5,649.1,1009.1,263,2,1009.0,777,8,1008.9,1340,10,1008.8,4915,22,1008.7,1989,17,1009.2,18,3,1009.3,36,1,1009.4,5,1,1009.5,771,5,1009.6,497,5
317,2025-11-26 12:42:30+05:30,1009.2,1,1000.11,6543546,380468.0,449604.0,986.2,1012.2,981.3,986.2,120351750,1084.8,887.6,1102.5,649.1,1009.1,263,2,1009.0,777,8,1008.9,1340,10,1008.8,4915,22,1008.7,1989,17,1009.2,18,3,1009.3,36,1,1009.4,5,1,1009.5,771,5,1009.6,497,5
317,2025-11-26 12:42:31+05:30,1009.1,37,1000.11,6543846,380546.0,449756.0,986.2,1012.2,981.3,986.2,120351750,1084.8,887.6,1102.5,649.1,1009.0,653,7,1008.9,1471,12,1008.8,4893,22,1008.7,1949,16,1008.6,738,8,1009.1,19,1,1009.2,4,2,1009.3,36,1,1009.4,207,2,1009.5,773,6
317,2025-11-26 12:42:31+05:30,1009.1,37,1000.11,6543846,380546.0,449756.0,986.2,1012.2,981.3,986.2,120351750,1084.8,887.6,1102.5,649.1,1009.0,653,7,1008.9,1471,12,1008.8,4893,22,1008.7,1949,16,1008.6,738,8,1009.1,19,1,1009.2,4,2,1009.3,36,1,1009.4,207,2,1009.5,773,6
317,2025-11-26 12:42:32+05:30,1009.1,5,1000.11,6543895,380250.0,450029.0,986.2,1012.2,981.3,986.2,120351750,1084.8,887.6,1102.5,649.1,1009.0,116,3,1008.9,1334,10,1008.8,4891,21,1008.7,1970,17,1008.6,900,9,1009.1,64,1,1009.2,4,2,1009.3,36,1,1009.4,207,2,1009.5,996,8
317,2025-11-26 12:42:32+05:30,1009.1,5,1000.11,6543895,380250.0,450029.0,986.2,1012.2,981.3,986.2,120351750,1084.8,887.6,1102.5,649.1,1009.0,116,3,1008.9,1334,10,1008.8,4891,21,1008.7,1970,17,1008.6,900,9,1009.1,64,1,1009.2,4,2,1009.3,36,1,1009.4,207,2,1009.5,996,8
317,2025-11-26 12:42:33+05:30,1009.1,23,1000.11,6543918,380493.0,449854.0,986.2,1012.2,981.3,986.2,120351750,1084.8,887.6,1102.5,649.1,1009.0,116,3,1008.9,1334,10,1008.8,4891,21,1008.7,1970,17,1008.6,900,9,1009.1,41,1,1009.2,4,2,1009.3,36,1,1009.4,207,2,1009.5,996,8
317,2025-11-26 12:42:33+05:30,1009.1,23,1000.11,6543918,380493.0,449854.0,986.2,1012.2,981.3,986.2,120351750,1084.8,887.6,1102.5,649.1,1009.0,116,3,1008.9,1334,10,1008.8,4891,21,1008.7,1970,17,1008.6,900,9,1009.1,41,1,1009.2,4,2,1009.3,36,1,1009.4,207,2,1009.5,996,8
317,2025-11-26 12:42:34+05:30,1009.1,112,1000.11,6544030,380580.0,450711.0,986.2,1012.2,981.3,986.2,120351750,1084.8,887.6,1102.5,649.1,1009.0,210,4,1008.9,1327,10,1008.8,4891,21,1008.7,1970,17,1008.6,900,9,1009.1,69,1,1009.2,48,3,1009.4,207,2,1009.5,996,8,1009.6,673,7
317,2025-11-26 12:42:34+05:30,1009.1,2,1000.11,6544030,380580.0,450711.0,986.2,1012.2,981.3,986.2,120351750,1084.8,887.6,1102.5,649.1,1009.0,210,4,1008.9,1327,10,1008.8,4891,21,1008.7,1970,17,1008.6,900,9,1009.1,69,1,1009.2,48,3,1009.4,207,2,1009.5,996,8,1009.6,673,7
317,2025-11-26 12:42:35+05:30,1009.1,1,1000.11,6544030,380580.0,450711.0,986.2,1012.2,981.3,986.2,120351750,1084.8,887.6,1102.5,649.1,1009.0,210,4,1008.9,1327,10,1008.8,4891,21,1008.7,1970,17,1008.6,900,9,1009.1,69,1,1009.2,48,3,1009.4,207,2,1009.5,996,8,1009.6,673,7
317,2025-11-26 12:42:35+05:30,1009.1,1,1000.11,6544037,380583.0,450754.0,986.2,1012.2,981.3,986.2,120351750,1084.8,887.6,1102.5,649.1,1009.0,115,3,1008.9,1421,11,1008.8,4891,21,1008.7,1970,17,1008.6,900,9,1009.1,63,1,1009.2,48,3,1009.4,207,2,1009.5,998,9,1009.6,673,7
317,2025-11-26 12:42:36+05:30,1009.0,20,1000.11,6544037,380583.0,450754.0,986.2,1012.2,981.3,986.2,120351750,1084.8,887.6,1102.5,649.1,1009.0,115,3,1008.9,1421,11,1008.8,4891,21,1008.7,1970,17,1008.6,900,9,1009.1,63,1,1009.2,48,3,1009.4,207,2,1009.5,998,9,1009.6,673,7
317,2025-11-26 12:42:36+05:30,1009.0,20,1000.11,6544103,380342.0,449941.0,986.2,1012.2,981.3,986.2,120351750,1084.8,887.6,1102.5,649.1,1009.0,193,4,1008.9,1142,8,1008.8,4809,21,1008.7,1940,16,1008.6,900,9,1009.2,48,3,1009.4,207,2,1009.5,998,9,1009.6,673,7,1009.7,907,11
317,2025-11-26 12:42:37+05:30,1009.2,24,1000.11,6544131,380082.0,449821.0,986.2,1012.2,981.3,986.2,120351750,1084.8,887.6,1102.5,649.1,1009.0,248,5,1008.9,1227,9,1008.8,4716,20,1008.7,1864,15,1008.6,803,8,1009.2,20,1,1009.4,5,1,1009.5,998,9,1009.6,673,7,1009.7,609,10
317,2025-11-26 12:42:37+05:30,1009.2,24,1000.11,6544131,380082.0,449821.0,986.2,1012.2,981.3,986.2,120351750,1084.8,887.6,1102.5,649.1,1009.0,248,5,1008.9,1227,9,1008.8,4716,20,1008.7,1864,15,1008.6,803,8,1009.2,20,1,1009.4,5,1,1009.5,998,9,1009.6,673,7,1009.7,609,10
317,2025-11-26 12:42:38+05:30,1009.2,2,1000.11,6544131,380082.0,449821.0,986.2,1012.2,981.3,986.2,120351750,1084.8,887.6,1102.5,649.1,1009.0,248,5,1008.9,1227,9,1008.8,4716,20,1008.7,1864,15,1008.6,803,8,1009.2,20,1,1009.4,5,1,1009.5,998,9,1009.6,673,7,1009.7,609,10
317,2025-11-26 12:42:38+05:30,1009.2,2,1000.11,6544133,379942.0,450625.0,986.2,1012.2,981.3,986.2,120351750,1084.8,887.6,1102.5,649.1,1009.0,99,3,1008.9,1321,10,1008.8,4619,19,1008.7,1738,12,1008.6,803,8,1009.2,18,1,1009.4,54,2,1009.5,998,9,1009.6,673,7,1009.7,1427,12
317,2025-11-26 12:42:39+05:30,1009.0,5,1000.11,6544133,379942.0,450625.0,986.2,1012.2,981.3,986.2,120351750,1084.8,887.6,1102.5,649.1,1009.0,99,3,1008.9,1321,10,1008.8,4619,19,1008.7,1738,12,1008.6,803,8,1009.2,18,1,1009.4,54,2,1009.5,998,9,1009.6,673,7,1009.7,1427,12
317,2025-11-26 12:42:39+05:30,1009.0,5,1000.11,6544260,379335.0,451308.0,986.2,1012.2,981.3,986.2,120351750,1084.8,887.6,1102.5,649.1,1009.0,54,2,1008.9,715,4,1008.8,4563,19,1008.7,1863,15,1008.6,803,8,1009.2,18,1,1009.4,593,9,1009.5,1155,12,1009.6,696,9,1009.7,904,11
317,2025-11-26 12:42:40+05:30,1009.2,2,1000.11,6544260,379335.0,451308.0,986.2,1012.2,981.3,986.2,120351750,1084.8,887.6,1102.5,649.1,1009.0,54,2,1008.9,715,4,1008.8,4563,19,1008.7,1863,15,1008.6,803,8,1009.2,18,1,1009.4,593,9,1009.5,1155,12,1009.6,696,9,1009.7,904,11
317,2025-11-26 12:42:41+05:30,1009.2,2,1000.11,6544263,379493.0,451079.0,986.2,1012.2,981.3,986.2,120351750,1084.8,887.6,1102.5,649.1,1009.0,54,2,1008.9,715,4,1008.8,4563,19,1008.7,1863,15,1008.6,803,8,1009.2,15,1,1009.4,430,6,1009.5,1148,12,1009.6,759,11,1009.7,1369,11
317,2025-11-26 12:42:41+05:30,1009.2,1,1000.11,6544263,379493.0,451079.0,986.2,1012.2,981.3,986.2,120351750,1084.8,887.6,1102.5,649.1,1009.0,54,2,1008.9,715,4,1008.8,4563,19,1008.7,1863,15,1008.6,803,8,1009.2,15,1,1009.4,430,6,1009.5,1148,12,1009.6,759,11,1009.7,1369,11
317,2025-11-26 12:42:42+05:30,1009.2,1,1000.11,6544264,379641.0,451136.0,986.2,1012.2,981.3,986.2,120351750,1084.8,887.6,1102.5,649.1,1009.0,54,2,1008.9,798,5,1008.8,4725,20,1008.7,1863,15,1008.6,803,8,1009.1,14,1,1009.2,2,1,1009.3,1,1,1009.4,425,5,1009.5,1259,15
317,2025-11-26 12:42:42+05:30,1009.1,1,1000.11,6544264,379641.0,451136.0,986.2,1012.2,981.3,986.2,120351750,1084.8,887.6,1102.5,649.1,1009.0,54,2,1008.9,798,5,1008.8,4725,20,1008.7,1863,15,1008.6,803,8,1009.1,14,1,1009.2,2,1,1009.3,1,1,1009.4,425,5,1009.5,1259,15
317,2025-11-26 12:42:43+05:30,1009.1,1,1000.11,6544297,379608.0,451253.0,986.2,1012.2,981.3,986.2,120351750,1084.8,887.6,1102.5,649.1,1009.0,54,2,1008.9,685,4,1008.8,4638,19,1008.7,1978,17,1008.6,803,8,1009.1,15,2,1009.2,3,2,1009.3,1,1,1009.4,486,6,1009.5,1172,14
317,2025-11-26 12:42:43+05:30,1009.1,10,1000.11,6544297,379608.0,451253.0,986.2,1012.2,981.3,986.2,120351750,1084.8,887.6,1102.5,649.1,1009.0,54,2,1008.9,685,4,1008.8,4638,19,1008.7,1978,17,1008.6,803,8,1009.1,15,2,1009.2,3,2,1009.3,1,1,1009.4,486,6,1009.5,1172,14
317,2025-11-26 12:42:44+05:30,1009.1,10,1000.11,6544401,379865.0,451173.0,986.2,1012.2,981.3,986.2,120351750,1084.8,887.6,1102.5,649.1,1009.0,107,3,1008.9,860,6,1008.8,4615,15,1008.7,1113,13,1008.6,867,12,1009.1,6,2,1009.2,14,3,1009.3,1,1,1009.4,425,5,1009.5,1172,14
317,2025-11-26 12:42:44+05:30,1009.1,2,1000.11,6544401,379865.0,451173.0,986.2,1012.2,981.3,986.2,120351750,1084.8,887.6,1102.5,649.1,1009.0,107,3,1008.9,860,6,1008.8,4615,15,1008.7,1113,13,1008.6,867,12,1009.1,6,2,1009.2,14,3,1009.3,1,1,1009.4,425,5,1009.5,1172,14
317,2025-11-26 12:42:45+05:30,1009.1,2,1000.11,6544403,379994.0,451275.0,986.2,1012.2,981.3,986.2,120351750,1084.8,887.6,1102.5,649.1,1009.0,107,3,1008.9,860,6,1008.8,4713,16,1008.7,1126,14,1008.6,867,12,1009.1,4,2,1009.2,14,3,1009.3,1,1,1009.4,425,5,1009.5,1172,14
317,2025-11-26 12:42:45+05:30,1009.1,1,1000.11,6544403,379994.0,451275.0,986.2,1012.2,981.3,986.2,120351750,1084.8,887.6,1102.5,649.1,1009.0,107,3,1008.9,860,6,1008.8,4713,16,1008.7,1126,14,1008.6,867,12,1009.1,4,2,1009.2,14,3,1009.3,1,1,1009.4,425,5,1009.5,1172,14
317,2025-11-26 12:42:46+05:30,1009.0,2,1000.11,6544410,380003.0,451261.0,986.2,1012.2,981.3,986.2,120351750,1084.8,887.6,1102.5,649.1,1009.0,116,4,1008.9,947,7,1008.8,4626,15,1008.7,1126,14,1008.6,867,12,1009.1,15,2,1009.2,14,3,1009.3,1,1,1009.4,425,5,1009.5,1172,14
317,2025-11-26 12:42:46+05:30,1009.0,79,1000.11,6544410,380003.0,451261.0,986.2,1012.2,981.3,986.2,120351750,1084.8,887.6,1102.5,649.1,1009.0,116,4,1008.9,947,7,1008.8,4626,15,1008.7,1126,14,1008.6,867,12,1009.1,15,2,1009.2,14,3,1009.3,1,1,1009.4,425,5,1009.5,1172,14
317,2025-11-26 12:42:47+05:30,1009.0,79,1000.11,6544611,379430.0,451390.0,986.2,1012.2,981.3,986.2,120351750,1084.8,887.6,1102.5,649.1,1009.0,50,1,1008.9,602,3,1008.8,4313,12,1008.7,1125,14,1008.6,828,12,1009.1,1,1,1009.2,14,3,1009.3,7,2,1009.4,512,6,1009.5,1172,14
317,2025-11-26 12:42:47+05:30,1009.1,1,1000.11,6544611,379430.0,451390.0,986.2,1012.2,981.3,986.2,120351750,1084.8,887.6,1102.5,649.1,1009.0,50,1,1008.9,602,3,1008.8,4313,12,1008.7,1125,14,1008.6,828,12,1009.1,1,1,1009.2,14,3,1009.3,7,2,1009.4,512,6,1009.5,1172,14
317,2025-11-26 12:42:48+05:30,1009.1,1,1000.11,6545043,374772.0,451367.0,986.2,1012.2,981.3,986.2,120351750,1084.8,887.6,1102.5,649.1,1009.1,5,1,1008.9,449,3,1008.8,4336,13,1008.7,1181,14,1008.6,778,11,1009.2,15,4,1009.3,7,2,1009.4,512,6,1009.5,1169,14,1009.6,804,13
317,2025-11-26 12:42:48+05:30,1008.9,300,1000.11,6545043,374772.0,451367.0,986.2,1012.2,981.3,986.2,120351750,1084.8,887.6,1102.5,649.1,1009.1,5,1,1008.9,449,3,1008.8,4336,13,1008.7,1181,14,1008.6,778,11,1009.2,15,4,1009.3,7,2,1009.4,512,6,1009.5,1169,14,1009.6,804,13
317,2025-11-26 12:42:49+05:30,1008.9,300,1000.11,6545349,372963.0,452363.0,986.2,1012.2,981.3,986.2,120351750,1084.8,887.6,1102.5,649.1,1008.9,38,1,1008.8,1860,7,1008.7,329,5,1008.6,460,4,1008.5,3448,15,1009.1,1,1,1009.2,25,5,1009.3,609,11,1009.4,895,11,1009.5,1390,17
317,2025-11-26 12:42:49+05:30,1008.8,2,1000.11,6545349,372963.0,452363.0,986.2,1012.2,981.3,986.2,120351750,1084.8,887.6,1102.5,649.1,1008.9,38,1,1008.8,1860,7,1008.7,329,5,1008.6,460,4,1008.5,3448,15,1009.1,1,1,1009.2,25,5,1009.3,609,11,1009.4,895,11,1009.5,1390,17
317,2025-11-26 12:42:50+05:30,1008.8,2,1000.11,6545389,368978.0,452889.0,986.2,1012.2,981.3,986.2,120351750,1084.8,887.6,1102.5,649.1,1008.8,143,2,1008.7,196,3,1008.6,558,5,1008.5,1244,12,1008.4,2625,15,1009.1,1,1,1009.2,331,6,1009.3,719,11,1009.4,852,13,1009.5,1644,18
317,2025-11-26 12:42:50+05:30,1009.1,1,1000.11,6545389,368978.0,452889.0,986.2,1012.2,981.3,986.2,120351750,1084.8,887.6,1102.5,649.1,1008.8,143,2,1008.7,196,3,1008.6,558,5,1008.5,1244,12,1008.4,2625,15,1009.1,1,1,1009.2,331,6,1009.3,719,11,1009.4,852,13,1009.5,1644,18
317,2025-11-26 12:42:51+05:30,1009.1,1,1000.11,6545392,369144.0,452484.0,986.2,1012.2,981.3,986.2,120351750,1084.8,887.6,1102.5,649.1,1008.8,62,2,1008.7,118,2,1008.6,457,4,1008.5,1803,11,1008.4,2521,14,1009.1,100,1,1009.2,242,5,1009.3,613,10,1009.4,1318,11,1009.5,1294,14
317,2025-11-26 12:42:51+05:30,1009.1,1,1000.11,6545392,369144.0,452484.0,986.2,1012.2,981.3,986.2,120351750,1084.8,887.6,1102.5,649.1,1008.8,62,2,1008.7,118,2,1008.6,457,4,1008.5,1803,11,1008.4,2521,14,1009.1,100,1,1009.2,242,5,1009.3,613,10,1009.4,1318,11,1009.5,1294,14
317,2025-11-26 12:42:52+05:30,1009.1,1,1000.11,6545393,370722.0,454060.0,986.2,1012.2,981.3,986.2,120351750,1084.8,887.6,1102.5,649.1,1008.8,62,2,1008.7,5,1,1008.6,880,4,1008.5,1646,10,1008.4,1709,11,1008.9,23,1,1009.1,262,2,1009.2,343,5,1009.3,604,14,1009.4,623,8
317,2025-11-26 12:42:52+05:30,1008.9,5,1000.11,6545393,370722.0,454060.0,986.2,1012.2,981.3,986.2,120351750,1084.8,887.6,1102.5,649.1,1008.8,62,2,1008.7,5,1,1008.6,880,4,1008.5,1646,10,1008.4,1709,11,1008.9,23,1,1009.1,262,2,1009.2,343,5,1009.3,604,14,1009.4,623,8
317,2025-11-26 12:42:53+05:30,1008.9,5,1000.11,6545402,368707.0,454068.0,986.2,1012.2,981.3,986.2,120351750,1084.8,887.6,1102.5,649.1,1008.8,62,2,1008.7,5,1,1008.6,106,1,1008.5,845,9,1008.4,891,9,1008.9,14,1,1009.1,278,5,1009.2,408,7,1009.3,604,14,1009.4,986,10
317,2025-11-26 12:42:53+05:30,1008.8,60,1000.11,6545546,368166.0,454889.0,986.2,1012.2,981.3,986.2,120351750,1084.8,887.6,1102.5,649.1,1008.7,5,1,1008.5,239,3,1008.4,825,9,1008.3,2086,17,1008.2,2689,14,1008.9,35,2,1009.0,392,4,1009.1,629,10,1009.2,1153,11,1009.3,1133,17
317,2025-11-26 12:42:53+05:30,1008.8,60,1000.11,6545546,368166.0,454889.0,986.2,1012.2,981.3,986.2,120351750,1084.8,887.6,1102.5,649.1,1008.7,5,1,1008.5,239,3,1008.4,825,9,1008.3,2086,17,1008.2,2689,14,1008.9,35,2,1009.0,392,4,1009.1,629,10,1009.2,1153,11,1009.3,1133,17
317,2025-11-26 12:42:54+05:30,1008.5,50,1000.11,6545740,367100.0,455166.0,986.2,1012.2,981.3,986.2,120351750,1084.8,887.6,1102.5,649.1,1008.6,112,1,1008.5,50,2,1008.4,235,4,1008.3,989,5,1008.2,1788,13,1008.8,11,1,1008.9,291,5,1009.0,740,11,1009.1,689,13,1009.2,810,13
317,2025-11-26 12:42:54+05:30,1008.5,50,1000.11,6545740,367100.0,455166.0,986.2,1012.2,981.3,986.2,120351750,1084.8,887.6,1102.5,649.1,1008.6,112,1,1008.5,50,2,1008.4,235,4,1008.3,989,5,1008.2,1788,13,1008.8,11,1,1008.9,291,5,1009.0,740,11,1009.1,689,13,1009.2,810,13
317,2025-11-26 12:42:55+05:30,1008.9,4,1000.11,6545823,366836.0,454469.0,986.2,1012.2,981.3,986.2,120351750,1084.8,887.6,1102.5,649.1,1008.6,63,1,1008.5,160,3,1008.4,257,4,1008.3,1048,6,1008.2,1894,15,1008.9,357,5,1009.0,583,8,1009.1,487,12,1009.2,614,13,1009.3,1357,12
317,2025-11-26 12:42:55+05:30,1008.9,4,1000.11,6545823,366836.0,454469.0,986.2,1012.2,981.3,986.2,120351750,1084.8,887.6,1102.5,649.1,1008.6,63,1,1008.5,160,3,1008.4,257,4,1008.3,1048,6,1008.2,1894,15,1008.9,357,5,1009.0,583,8,1009.1,487,12,1009.2,614,13,1009.3,1357,12
317,2025-11-26 12:42:56+05:30,1008.6,62,1000.11,6545823,366836.0,454469.0,986.2,1012.2,981.3,986.2,120351750,1084.8,887.6,1102.5,649.1,1008.6,63,1,1008.5,160,3,1008.4,257,4,1008.3,1048,6,1008.2,1894,15,1008.9,357,5,1009.0,583,8,1009.1,487,12,1009.2,614,13,1009.3,1357,12
317,2025-11-26 12:42:57+05:30,1008.6,62,1000.11,6545886,367543.0,455798.0,986.2,1012.2,981.3,986.2,120351750,1084.8,887.6,1102.5,649.1,1008.5,50,2,1008.4,391,6,1008.3,505,6,1008.2,1735,15,1008.1,3347,14,1008.6,23,1,1008.8,258,4,1008.9,740,4,1009.0,861,6,1009.1,685,14
317,2025-11-26 12:42:57+05:30,1008.6,62,1000.11,6545886,368562.0,455872.0,986.2,1012.2,981.3,986.2,120351750,1084.8,887.6,1102.5,649.1,1008.5,50,2,1008.4,348,5,1008.3,635,6,1008.2,1835,16,1008.1,4187,18,1008.6,23,1,1008.8,258,4,1008.9,740,4,1009.0,871,7,1009.1,685,14
317,2025-11-26 12:42:58+05:30,1008.6,62,1000.11,6545886,369564.0,455611.0,986.2,1012.2,981.3,986.2,120351750,1084.8,887.6,1102.5,649.1,1008.5,50,2,1008.4,348,5,1008.3,635,6,1008.2,1835,16,1008.1,4187,18,1008.6,23,1,1008.8,258,4,1008.9,740,4,1009.0,871,7,1009.1,685,14
317,2025-11-26 12:42:59+05:30,1008.5,10,1000.11,6545898,369560.0,455466.0,986.2,1012.2,981.3,986.2,120351750,1084.8,887.6,1102.5,649.1,1008.5,39,2,1008.4,138,2,1008.3,756,8,1008.2,1735,15,1008.1,4187,18,1008.6,22,1,1008.8,258,4,1008.9,740,4,1009.0,1671,8,1009.1,685,14
317,2025-11-26 12:42:59+05:30,1008.5,2,1000.11,6545898,369560.0,455466.0,986.2,1012.2,981.3,986.2,120351750,1084.8,887.6,1102.5,649.1,1008.5,39,2,1008.4,138,2,1008.3,756,8,1008.2,1735,15,1008.1,4187,18,1008.6,22,1,1008.8,258,4,1008.9,740,4,1009.0,1671,8,1009.1,685,14
317,2025-11-26 12:43:00+05:30,1008.4,11,1000.11,6546040,366976.0,455619.0,986.2,1012.2,981.3,986.2,120351750,1084.8,887.6,1102.5,649.1,1008.4,30,1,1008.3,111,1,1008.2,652,8,1008.1,2713,14,1008.0,3845,29,1008.6,78,2,1008.7,48,1,1008.8,474,7,1008.9,895,7,1009.0,1613,8
317,2025-11-26 12:43:00+05:30,1008.4,10,1000.11,6546040,366976.0,455619.0,986.2,1012.2,981.3,986.2,120351750,1084.8,887.6,1102.5,649.1,1008.4,30,1,1008.3,111,1,1008.2,652,8,1008.1,2713,14,1008.0,3845,29,1008.6,78,2,1008.7,48,1,1008.8,474,7,1008.9,895,7,1009.0,1613,8
317,2025-11-26 12:43:01+05:30,1008.4,13,1000.11,6546085,369170.0,455580.0,986.2,1012.2,981.3,986.2,120351750,1084.8,887.6,1102.5,649.1,1008.3,184,1,1008.2,773,9,1008.1,2739,14,1008.0,3710,27,1007.9,1841,17,1008.4,9,1,1008.5,14,1,1008.6,152,3,1008.7,168,2,1008.8,500,9
317,2025-11-26 12:43:01+05:30,1008.4,1,1000.11,6546085,369170.0,455580.0,986.2,1012.2,981.3,986.2,120351750,1084.8,887.6,1102.5,649.1,1008.3,184,1,1008.2,773,9,1008.1,2739,14,1008.0,3710,27,1007.9,1841,17,1008.4,9,1,1008.5,14,1,1008.6,152,3,1008.7,168,2,1008.8,500,9
317,2025-11-26 12:43:02+05:30,1008.4,4,1000.11,6546099,370735.0,455417.0,986.2,1012.2,981.3,986.2,120351750,1084.8,887.6,1102.5,649.1,1008.3,179,1,1008.2,773,9,1008.1,2739,14,1008.0,5238,30,1007.9,1841,17,1008.4,23,1,1008.5,14,1,1008.6,152,3,1008.7,48,1,1008.8,298,8
317,2025-11-26 12:43:02+05:30,1008.4,4,1000.11,6546099,370735.0,455417.0,986.2,1012.2,981.3,986.2,120351750,1084.8,887.6,1102.5,649.1,1008.3,179,1,1008.2,773,9,1008.1,2739,14,1008.0,5238,30,1007.9,1841,17,1008.4,23,1,1008.5,14,1,1008.6,152,3,1008.7,48,1,1008.8,298,8
317,2025-11-26 12:43:03+05:30,1008.3,14,1000.11,6546136,370809.0,455313.0,986.2,1012.2,981.3,986.2,120351750,1084.8,887.6,1102.5,649.1,1008.3,165,1,1008.2,861,10,1008.1,2739,14,1008.0,5238,30,1007.9,1841,17,1008.4,29,3,1008.5,14,1,1008.6,152,3,1008.7,48,1,1008.8,298,8
317,2025-11-26 12:43:03+05:30,1008.3,14,1000.11,6546136,370809.0,455313.0,986.2,1012.2,981.3,986.2,120351750,1084.8,887.6,1102.5,649.1,1008.3,165,1,1008.2,861,10,1008.1,2739,14,1008.0,5238,30,1007.9,1841,17,1008.4,29,3,1008.5,14,1,1008.6,152,3,1008.7,48,1,1008.8,298,8
317,2025-11-26 12:43:04+05:30,1008.3,14,1000.11,6546136,369479.0,454679.0,986.2,1012.2,981.3,986.2,120351750,1084.8,887.6,1102.5,649.1,1008.2,295,3,1008.1,1173,12,1008.0,2978,23,1007.9,4800,21,1007.8,1877,15,1008.4,29,3,1008.5,14,1,1008.6,152,3,1008.7,406,3,1008.8,298,8
317,2025-11-26 12:43:04+05:30,1008.4,9,1000.11,6546136,369479.0,454679.0,986.2,1012.2,981.3,986.2,120351750,1084.8,887.6,1102.5,649.1,1008.2,295,3,1008.1,1173,12,1008.0,2978,23,1007.9,4800,21,1007.8,1877,15,1008.4,29,3,1008.5,14,1,1008.6,152,3,1008.7,406,3,1008.8,298,8
317,2025-11-26 12:43:05+05:30,1008.2,50,1000.11,6546283,368428.0,454755.0,986.2,1012.2,981.3,986.2,120351750,1084.8,887.6,1102.5,649.1,1008.1,949,9,1008.0,2993,23,1007.9,4800,21,1007.8,1877,15,1007.7,1215,13,1008.4,12,1,1008.5,89,4,1008.6,165,3,1008.7,358,2,1008.8,285,7
317,2025-11-26 12:43:05+05:30,1008.4,1,1000.11,6546283,368428.0,454755.0,986.2,1012.2,981.3,986.2,120351750,1084.8,887.6,1102.5,649.1,1008.1,949,9,1008.0,2993,23,1007.9,4800,21,1007.8,1877,15,1007.7,1215,13,1008.4,12,1,1008.5,89,4,1008.6,165,3,1008.7,358,2,1008.8,285,7
317,2025-11-26 12:43:06+05:30,1008.1,1,1000.11,6546647,366593.0,454788.0,986.2,1012.2,981.3,986.2,120351750,1084.8,887.6,1102.5,649.1,1008.1,600,4,1008.0,1412,15,1007.9,3123,18,1007.8,2517,14,1007.7,2100,17,1008.5,132,5,1008.6,500,6,1008.7,744,8,1008.8,437,9,1008.9,328,7
317,2025-11-26 12:43:06+05:30,1008.1,1,1000.11,6546647,366593.0,454788.0,986.2,1012.2,981.3,986.2,120351750,1084.8,887.6,1102.5,649.1,1008.1,600,4,1008.0,1412,15,1007.9,3123,18,1007.8,2517,14,1007.7,2100,17,1008.5,132,5,1008.6,500,6,1008.7,744,8,1008.8,437,9,1008.9,328,7
317,2025-11-26 12:43:07+05:30,1008.5,18,1000.11,6546697,364253.0,454857.0,986.2,1012.2,981.3,986.2,120351750,1084.8,887.6,1102.5,649.1,1008.1,127,3,1008.0,1383,14,1007.9,1534,14,1007.8,2517,14,1007.7,2135,18,1008.5,114,5,1008.6,500,6,1008.7,744,8,1008.8,437,9,1008.9,1183,9
317,2025-11-26 12:43:07+05:30,1008.5,18,1000.11,6546697,364253.0,454857.0,986.2,1012.2,981.3,986.2,120351750,1084.8,887.6,1102.5,649.1,1008.1,127,3,1008.0,1383,14,1007.9,1534,14,1007.8,2517,14,1007.7,2135,18,1008.5,114,5,1008.6,500,6,1008.7,744,8,1008.8,437,9,1008.9,1183,9
317,2025-11-26 12:43:08+05:30,1008.3,79,1000.11,6547098,365494.0,454364.0,986.2,1012.2,981.3,986.2,120351750,1084.8,887.6,1102.5,649.1,1008.2,91,1,1008.1,440,7,1008.0,2012,20,1007.9,1651,14,1007.8,2552,15,1008.5,56,3,1008.6,321,4,1008.7,303,4,1008.8,422,7,1008.9,964,6
317,2025-11-26 12:43:08+05:30,1008.3,79,1000.11,6547098,365494.0,454364.0,986.2,1012.2,981.3,986.2,120351750,1084.8,887.6,1102.5,649.1,1008.2,91,1,1008.1,440,7,1008.0,2012,20,1007.9,1651,14,1007.8,2552,15,1008.5,56,3,1008.6,321,4,1008.7,303,4,1008.8,422,7,1008.9,964,6
317,2025-11-26 12:43:09+05:30,1008.1,20,1000.11,6547439,366848.0,454202.0,986.2,1012.2,981.3,986.2,120351750,1084.8,887.6,1102.5,649.1,1008.1,332,6,1008.0,1982,21,1007.9,1739,15,1007.8,3302,16,1007.7,2110,18,1008.4,90,1,1008.5,310,4,1008.6,165,3,1008.7,303,4,1008.8,545,7
317,2025-11-26 12:43:09+05:30,1008.1,20,1000.11,6547439,366848.0,454202.0,986.2,1012.2,981.3,986.2,120351750,1084.8,887.6,1102.5,649.1,1008.1,332,6,1008.0,1982,21,1007.9,1739,15,1007.8,3302,16,1007.7,2110,18,1008.4,90,1,1008.5,310,4,1008.6,165,3,1008.7,303,4,1008.8,545,7
317,2025-11-26 12:43:10+05:30,1008.4,89,1000.12,6547529,365458.0,455196.0,986.2,1012.2,981.3,986.2,120351750,1084.8,887.6,1102.5,649.1,1008.2,95,1,1008.1,614,9,1008.0,1891,20,1007.9,1739,15,1007.8,2552,15,1008.5,312,5,1008.6,321,4,1008.7,242,3,1008.8,457,6,1008.9,1292,10
317,2025-11-26 12:43:10+05:30,1008.4,89,1000.12,6547529,365458.0,455196.0,986.2,1012.2,981.3,986.2,120351750,1084.8,887.6,1102.5,649.1,1008.2,95,1,1008.1,614,9,1008.0,1891,20,1007.9,1739,15,1007.8,2552,15,1008.5,312,5,1008.6,321,4,1008.7,242,3,1008.8,457,6,1008.9,1292,10
317,2025-11-26 12:43:11+05:30,1008.4,89,1000.12,6547529,366955.0,455197.0,986.2,1012.2,981.3,986.2,120351750,1084.8,887.6,1102.5,649.1,1008.4,88,2,1008.2,401,3,1008.1,1063,10,1008.0,2040,23,1007.9,1739,15,1008.5,468,6,1008.6,165,3,1008.7,241,2,1008.8,529,8,1008.9,1143,8
317,2025-11-26 12:43:11+05:30,1008.4,1,1000.12,6547529,366955.0,455197.0,986.2,1012.2,981.3,986.2,120351750,1084.8,887.6,1102.5,649.1,1008.4,88,2,1008.2,401,3,1008.1,1063,10,1008.0,2040,23,1007.9,1739,15,1008.5,468,6,1008.6,165,3,1008.7,241,2,1008.8,529,8,1008.9,1143,8
317,2025-11-26 12:43:12+05:30,1008.4,15,1000.12,6547633,367792.0,455339.0,986.2,1012.2,981.3,986.2,120351750,1084.8,887.6,1102.5,649.1,1008.2,295,2,1008.1,430,7,1008.0,2068,24,1007.9,1739,15,1007.8,3324,16,1008.4,15,2,1008.5,652,7,1008.6,165,3,1008.7,363,4,1008.8,465,7
317,2025-11-26 12:43:12+05:30,1008.4,18,1000.12,6547633,367792.0,455339.0,986.2,1012.2,981.3,986.2,120351750,1084.8,887.6,1102.5,649.1,1008.2,295,2,1008.1,430,7,1008.0,2068,24,1007.9,1739,15,1007.8,3324,16,1008.4,15,2,1008.5,652,7,1008.6,165,3,1008.7,363,4,1008.8,465,7
317,2025-11-26 12:43:13+05:30,1008.4,18,1000.12,6548266,367788.0,455765.0,986.2,1012.2,981.3,986.2,120351750,1084.8,887.6,1102.5,649.1,1008.1,330,6,1008.0,2186,24,1007.9,1739,15,1007.8,3324,16,1007.7,2100,17,1008.2,8,1,1008.4,12,1,1008.5,468,6,1008.6,321,4,1008.7,218,3
317,2025-11-26 12:43:13+05:30,1008.1,2,1000.12,6548266,367788.0,455765.0,986.2,1012.2,981.3,986.2,120351750,1084.8,887.6,1102.5,649.1,1008.1,330,6,1008.0,2186,24,1007.9,1739,15,1007.8,3324,16,1007.7,2100,17,1008.2,8,1,1008.4,12,1,1008.5,468,6,1008.6,321,4,1008.7,218,3
317,2025-11-26 12:43:14+05:30,1008.4,3,1000.12,6548349,369069.0,455192.0,986.2,1012.2,981.3,986.2,120351750,1084.8,887.6,1102.5,649.1,1008.2,34,1,1008.1,959,8,1008.0,2027,23,1007.9,1641,14,1007.8,4824,18,1008.4,9,1,1008.5,468,6,1008.6,321,4,1008.7,157,2,1008.8,527,9
317,2025-11-26 12:43:14+05:30,1008.4,3,1000.12,6548349,369069.0,455192.0,986.2,1012.2,981.3,986.2,120351750,1084.8,887.6,1102.5,649.1,1008.2,34,1,1008.1,959,8,1008.0,2027,23,1007.9,1641,14,1007.8,4824,18,1008.4,9,1,1008.5,468,6,1008.6,321,4,1008.7,157,2,1008.8,527,9
317,2025-11-26 12:43:15+05:30,1008.4,2,1000.12,6548351,367635.0,455040.0,986.2,1012.2,981.3,986.2,120351750,1084.8,887.6,1102.5,649.1,1008.2,34,1,1008.1,1025,9,1008.0,2027,23,1007.9,1730,15,1007.8,3324,16,1008.4,7,1,1008.5,468,6,1008.6,321,4,1008.7,156,1,1008.8,527,9
317,2025-11-26 12:43:16+05:30,1008.1,40,1000.12,6548351,367635.0,455040.0,986.2,1012.2,981.3,986.2,120351750,1084.8,887.6,1102.5,649.1,1008.2,34,1,1008.1,1025,9,1008.0,2027,23,1007.9,1730,15,1007.8,3324,16,1008.4,7,1,1008.5,468,6,1008.6,321,4,1008.7,156,1,1008.8,527,9
317,2025-11-26 12:43:16+05:30,1008.4,1,1000.12,6548658,367176.0,456151.0,986.2,1012.2,981.3,986.2,120351750,1084.8,887.6,1102.5,649.1,1008.1,875,7,1008.0,1882,22,1007.9,1730,15,1007.8,3259,15,1007.7,2136,18,1008.4,30,1,1008.5,468,6,1008.6,321,4,1008.7,217,2,1008.8,527,9
317,2025-11-26 12:43:17+05:30,1008.1,138,1000.12,6548658,367176.0,456151.0,986.2,1012.2,981.3,986.2,120351750,1084.8,887.6,1102.5,649.1,1008.1,875,7,1008.0,1882,22,1007.9,1730,15,1007.8,3259,15,1007.7,2136,18,1008.4,30,1,1008.5,468,6,1008.6,321,4,1008.7,217,2,1008.8,527,9
317,2025-11-26 12:43:17+05:30,1008.1,138,1000.12,6548807,366768.0,456594.0,986.2,1012.2,981.3,986.2,120351750,1084.8,887.6,1102.5,649.1,1008.4,1,1,1008.2,111,1,1008.1,830,6,1008.0,1840,21,1007.9,1668,15,1008.5,661,8,1008.6,345,4,1008.7,366,4,1008.8,687,10,1008.9,1178,9
317,2025-11-26 12:43:18+05:30,1008.2,49,1000.12,6548857,366648.0,456463.0,986.2,1012.2,981.3,986.2,120351750,1084.8,887.6,1102.5,649.1,1008.2,62,1,1008.1,871,8,1008.0,1847,21,1007.9,1573,14,1007.8,2557,14,1008.5,477,7,1008.6,250,3,1008.7,366,4,1008.8,782,11,1008.9,1746,10
317,2025-11-26 12:43:19+05:30,1008.2,49,1000.12,6548857,366648.0,456463.0,986.2,1012.2,981.3,986.2,120351750,1084.8,887.6,1102.5,649.1,1008.2,62,1,1008.1,871,8,1008.0,1847,21,1007.9,1573,14,1007.8,2557,14,1008.5,477,7,1008.6,250,3,1008.7,366,4,1008.8,782,11,1008.9,1746,10
317,2025-11-26 12:43:19+05:30,1008.2,49,1000.12,6548857,366745.0,456936.0,986.2,1012.2,981.3,986.2,120351750,1084.8,887.6,1102.5,649.1,1008.4,500,1,1008.1,840,7,1008.0,1935,22,1007.9,1668,15,1007.8,2527,14,1008.5,661,8,1008.6,337,4,1008.7,451,4,1008.8,718,10,1008.9,1188,10
317,2025-11-26 12:43:20+05:30,1008.5,1,1000.12,6548859,366841.0,456321.0,986.2,1012.2,981.3,986.2,120351750,1084.8,887.6,1102.5,649.1,1008.4,513,2,1008.1,827,6,1008.0,1935,22,1007.9,1668,15,1007.8,2562,15,1008.5,659,8,1008.6,337,4,1008.7,451,4,1008.8,577,10,1008.9,1564,10
317,2025-11-26 12:43:21+05:30,1008.5,1,1000.12,6548859,366841.0,456321.0,986.2,1012.2,981.3,986.2,120351750,1084.8,887.6,1102.5,649.1,1008.4,513,2,1008.1,827,6,1008.0,1935,22,1007.9,1668,15,1007.8,2562,15,1008.5,659,8,1008.6,337,4,1008.7,451,4,1008.8,577,10,1008.9,1564,10
317,2025-11-26 12:43:21+05:30,1008.4,267,1000.12,6549127,366602.0,456386.0,986.2,1012.2,981.3,986.2,120351750,1084.8,887.6,1102.5,649.1,1008.4,262,3,1008.1,806,4,1008.0,1779,21,1007.9,1573,14,1007.8,2666,16,1008.5,658,8,1008.6,337,4,1008.7,606,6,1008.8,549,10,1008.9,1673,11
317,2025-11-26 12:43:22+05:30,1008.4,267,1000.12,6549127,366602.0,456386.0,986.2,1012.2,981.3,986.2,120351750,1084.8,887.6,1102.5,649.1,1008.4,262,3,1008.1,806,4,1008.0,1779,21,1007.9,1573,14,1007.8,2666,16,1008.5,658,8,1008.6,337,4,1008.7,606,6,1008.8,549,10,1008.9,1673,11
317,2025-11-26 12:43:22+05:30,1008.4,1,1000.12,6549130,366465.0,457053.0,986.2,1012.2,981.3,986.2,120351750,1084.8,887.6,1102.5,649.1,1008.4,261,3,1008.1,292,3,1008.0,1685,19,1007.9,1500,14,1007.8,2632,15,1008.5,853,11,1008.6,637,8,1008.7,461,5,1008.8,678,10,1008.9,1499,12
317,2025-11-26 12:43:23+05:30,1008.5,4,1000.12,6549130,366465.0,457053.0,986.2,1012.2,981.3,986.2,120351750,1084.8,887.6,1102.5,649.1,1008.4,261,3,1008.1,292,3,1008.0,1685,19,1007.9,1500,14,1007.8,2632,15,1008.5,853,11,1008.6,637,8,1008.7,461,5,1008.8,678,10,1008.9,1499,12
317,2025-11-26 12:43:23+05:30,1008.5,23,1000.12,6549161,366479.0,454206.0,986.2,1012.2,981.3,986.2,120351750,1084.8,887.6,1102.5,649.1,1008.4,261,3,1008.1,842,4,1008.0,1750,20,1007.9,1566,16,1007.8,2571,16,1008.5,521,8,1008.6,337,4,1008.7,615,6,1008.8,452,7,1008.9,1512,13
317,2025-11-26 12:43:24+05:30,1008.5,23,1000.12,6549161,366479.0,454206.0,986.2,1012.2,981.3,986.2,120351750,1084.8,887.6,1102.5,649.1,1008.4,261,3,1008.1,842,4,1008.0,1750,20,1007.9,1566,16,1007.8,2571,16,1008.5,521,8,1008.6,337,4,1008.7,615,6,1008.8,452,7,1008.9,1512,13
317,2025-11-26 12:43:24+05:30,1008.4,10,1000.12,6549171,365256.0,456163.0,986.2,1012.2,981.3,986.2,120351750,1084.8,887.6,1102.5,649.1,1008.4,251,3,1008.1,794,4,1008.0,1750,20,1007.9,712,10,1007.8,1847,13,1008.5,735,10,1008.6,487,6,1008.7,565,6,1008.8,486,10,1008.9,1203,11
317,2025-11-26 12:43:25+05:30,1008.5,1,1000.12,6549171,365256.0,456163.0,986.2,1012.2,981.3,986.2,120351750,1084.8,887.6,1102.5,649.1,1008.4,251,3,1008.1,794,4,1008.0,1750,20,1007.9,712,10,1007.8,1847,13,1008.5,735,10,1008.6,487,6,1008.7,565,6,1008.8,486,10,1008.9,1203,11
317,2025-11-26 12:43:25+05:30,1008.4,25,1000.12,6549225,365336.0,455755.0,986.2,1012.2,981.3,986.2,120351750,1084.8,887.6,1102.5,649.1,1008.4,226,3,1008.1,794,4,1008.0,1750,20,1007.9,712,10,1007.8,1911,17,1008.5,816,10,1008.6,337,4,1008.7,669,7,1008.8,486,10,1008.9,1001,10
317,2025-11-26 12:43:26+05:30,1008.5,2,1000.12,6549225,365336.0,455755.0,986.2,1012.2,981.3,986.2,120351750,1084.8,887.6,1102.5,649.1,1008.4,226,3,1008.1,794,4,1008.0,1750,20,1007.9,712,10,1007.8,1911,17,1008.5,816,10,1008.6,337,4,1008.7,669,7,1008.8,486,10,1008.9,1001,10
317,2025-11-26 12:43:26+05:30,1008.5,1,1000.12,6549228,365336.0,455483.0,986.2,1012.2,981.3,986.2,120351750,1084.8,887.6,1102.5,649.1,1008.4,226,3,1008.1,794,4,1008.0,1750,20,1007.9,712,10,1007.8,1911,17,1008.5,813,10,1008.6,337,4,1008.7,669,7,1008.8,486,10,1008.9,1553,11
317,2025-11-26 12:43:27+05:30,1008.5,1,1000.12,6549228,365336.0,455483.0,986.2,1012.2,981.3,986.2,120351750,1084.8,887.6,1102.5,649.1,1008.4,226,3,1008.1,794,4,1008.0,1750,20,1007.9,712,10,1007.8,1911,17,1008.5,813,10,1008.6,337,4,1008.7,669,7,1008.8,486,10,1008.9,1553,11
317,2025-11-26 12:43:27+05:30,1008.5,2,1000.12,6549230,365564.0,455258.0,986.2,1012.2,981.3,986.2,120351750,1084.8,887.6,1102.5,649.1,1008.4,432,4,1008.1,857,5,1008.0,1750,20,1007.9,712,10,1007.8,1924,18,1008.5,629,10,1008.6,337,4,1008.7,511,5,1008.8,582,10,1008.9,1001,10
317,2025-11-26 12:43:28+05:30,1008.4,30,1000.12,6549230,365564.0,455258.0,986.2,1012.2,981.3,986.2,120351750,1084.8,887.6,1102.5,649.1,1008.4,432,4,1008.1,857,5,1008.0,1750,20,1007.9,712,10,1007.8,1924,18,1008.5,629,10,1008.6,337,4,1008.7,511,5,1008.8,582,10,1008.9,1001,10
317,2025-11-26 12:43:28+05:30,1008.5,2,1000.12,6549262,365534.0,455550.0,986.2,1012.2,981.3,986.2,120351750,1084.8,887.6,1102.5,649.1,1008.4,402,4,1008.1,857,5,1008.0,1750,20,1007.9,712,10,1007.8,1924,18,1008.5,627,10,1008.6,337,4,1008.7,511,5,1008.8,582,10,1008.9,1001,10
317,2025-11-26 12:43:29+05:30,1008.5,2,1000.12,6549262,365534.0,455550.0,986.2,1012.2,981.3,986.2,120351750,1084.8,887.6,1102.5,649.1,1008.4,402,4,1008.1,857,5,1008.0,1750,20,1007.9,712,10,1007.8,1924,18,1008.5,627,10,1008.6,337,4,1008.7,511,5,1008.8,582,10,1008.9,1001,10
317,2025-11-26 12:43:29+05:30,1008.5,2,1000.12,6549262,365830.0,454752.0,986.2,1012.2,981.3,986.2,120351750,1084.8,887.6,1102.5,649.1,1008.4,402,4,1008.1,1128,7,1008.0,1755,21,1007.9,1521,13,1007.8,2607,18,1008.5,627,10,1008.6,94,2,1008.7,460,4,1008.8,556,8,1008.9,1268,9
317,2025-11-26 12:43:30+05:30,1008.5,28,1000.12,6549323,365707.0,454250.0,986.2,1012.2,981.3,986.2,120351750,1084.8,887.6,1102.5,649.1,1008.4,394,4,1008.1,1013,6,1008.0,1755,21,1007.9,1521,13,1007.8,2620,19,1008.5,574,10,1008.6,94,2,1008.7,514,5,1008.8,547,8,1008.9,1592,12
317,2025-11-26 12:43:31+05:30,1008.5,1,1000.12,6549323,365707.0,454250.0,986.2,1012.2,981.3,986.2,120351750,1084.8,887.6,1102.5,649.1,1008.4,394,4,1008.1,1013,6,1008.0,1755,21,1007.9,1521,13,1007.8,2620,19,1008.5,574,10,1008.6,94,2,1008.7,514,5,1008.8,547,8,1008.9,1592,12
317,2025-11-26 12:43:31+05:30,1008.4,94,1000.12,6549606,365341.0,452644.0,986.2,1012.2,981.3,986.2,120351750,1084.8,887.6,1102.5,649.1,1008.4,141,3,1008.2,393,5,1008.1,796,8,1008.0,1957,25,1007.9,1523,13,1008.5,568,9,1008.6,142,3,1008.8,295,5,1008.9,1333,13,1009.0,4143,21
317,2025-11-26 12:43:32+05:30,1008.4,94,1000.12,6549606,365341.0,452644.0,986.2,1012.2,981.3,986.2,120351750,1084.8,887.6,1102.5,649.1,1008.4,141,3,1008.2,393,5,1008.1,796,8,1008.0,1957,25,1007.9,1523,13,1008.5,568,9,1008.6,142,3,1008.8,295,5,1008.9,1333,13,1009.0,4143,21
317,2025-11-26 12:43:32+05:30,1008.4,10,1000.12,6549616,365555.0,452560.0,986.2,1012.2,981.3,986.2,120351750,1084.8,887.6,1102.5,649.1,1008.4,131,3,1008.2,828,5,1008.1,620,7,1008.0,1957,25,1007.9,1523,13,1008.5,568,9,1008.6,58,2,1008.8,295,5,1008.9,1333,13,1009.0,4143,21
317,2025-11-26 12:43:33+05:30,1008.5,23,1000.12,6549616,365555.0,452560.0,986.2,1012.2,981.3,986.2,120351750,1084.8,887.6,1102.5,649.1,1008.4,131,3,1008.2,828,5,1008.1,620,7,1008.0,1957,25,1007.9,1523,13,1008.5,568,9,1008.6,58,2,1008.8,295,5,1008.9,1333,13,1009.0,4143,21
317,2025-11-26 12:43:33+05:30,1008.2,15,1000.12,6549959,368209.0,452469.0,986.2,1012.2,981.3,986.2,120351750,1084.8,887.6,1102.5,649.1,1008.3,95,1,1008.2,262,4,1008.1,972,10,1008.0,2008,25,1007.9,1523,13,1008.5,527,9,1008.6,58,2,1008.7,156,1,1008.8,359,7,1008.9,1631,14
317,2025-11-26 12:43:34+05:30,1008.2,15,1000.12,6549959,368209.0,452469.0,986.2,1012.2,981.3,986.2,120351750,1084.8,887.6,1102.5,649.1,1008.3,95,1,1008.2,262,4,1008.1,972,10,1008.0,2008,25,1007.9,1523,13,1008.5,527,9,1008.6,58,2,1008.7,156,1,1008.8,359,7,1008.9,1631,14
317,2025-11-26 12:43:34+05:30,1008.2,15,1000.12,6549959,368836.0,452757.0,986.2,1012.2,981.3,986.2,120351750,1084.8,887.6,1102.5,649.1,1008.4,112,1,1008.2,899,6,1008.1,850,8,1008.0,2103,26,1007.9,1523,13,1008.5,527,9,1008.6,58,2,1008.7,166,2,1008.8,454,8,1008.9,1238,12
317,2025-11-26 12:43:35+05:30,1008.4,5,1000.12,6549968,368867.0,451979.0,986.2,1012.2,981.3,986.2,120351750,1084.8,887.6,1102.5,649.1,1008.4,107,1,1008.2,899,6,1008.1,850,8,1008.0,2113,27,1007.9,1523,13,1008.5,523,9,1008.6,58,2,1008.7,166,2,1008.8,454,8,1008.9,1238,12
317,2025-11-26 12:43:36+05:30,1008.5,2,1000.12,6549968,368867.0,451979.0,986.2,1012.2,981.3,986.2,120351750,1084.8,887.6,1102.5,649.1,1008.4,107,1,1008.2,899,6,1008.1,850,8,1008.0,2113,27,1007.9,1523,13,1008.5,523,9,1008.6,58,2,1008.7,166,2,1008.8,454,8,1008.9,1238,12
317,2025-11-26 12:43:36+05:30,1008.4,20,1000.12,6549994,368305.0,451973.0,986.2,1012.2,981.3,986.2,120351750,1084.8,887.6,1102.5,649.1,1008.4,87,1,1008.2,262,4,1008.1,945,9,1008.0,2018,26,1007.9,1618,14,1008.5,527,10,1008.6,58,2,1008.7,166,2,1008.8,454,8,1008.9,1238,12
317,2025-11-26 12:43:37+05:30,1008.4,20,1000.12,6549994,368305.0,451973.0,986.2,1012.2,981.3,986.2,120351750,1084.8,887.6,1102.5,649.1,1008.4,87,1,1008.2,262,4,1008.1,945,9,1008.0,2018,26,1007.9,1618,14,1008.5,527,10,1008.6,58,2,1008.7,166,2,1008.8,454,8,1008.9,1238,12
317,2025-11-26 12:43:37+05:30,1008.4,77,1000.12,6550077,368267.0,451929.0,986.2,1012.2,981.3,986.2,120351750,1084.8,887.6,1102.5,649.1,1008.4,5,1,1008.2,168,2,1008.1,945,9,1008.0,2018,26,1007.9,1618,14,1008.5,537,11,1008.6,160,3,1008.7,402,5,1008.8,600,9,1008.9,1536,13
317,2025-11-26 12:43:38+05:30,1008.4,77,1000.12,6550077,368267.0,451929.0,986.2,1012.2,981.3,986.2,120351750,1084.8,887.6,1102.5,649.1,1008.4,5,1,1008.2,168,2,1008.1,945,9,1008.0,2018,26,1007.9,1618,14,1008.5,537,11,1008.6,160,3,1008.7,402,5,1008.8,600,9,1008.9,1536,13
317,2025-11-26 12:43:38+05:30,1008.2,70,1000.12,6550320,367762.0,452568.0,986.2,1012.2,981.3,986.2,120351750,1084.8,887.6,1102.5,649.1,1008.2,149,3,1008.1,610,7,1008.0,1013,24,1007.9,1523,13,1007.8,2501,17,1008.5,557,12,1008.6,160,3,1008.7,361,5,1008.8,709,11,1008.9,1005,11
317,2025-11-26 12:43:39+05:30,1008.2,70,1000.12,6550320,367762.0,452568.0,986.2,1012.2,981.3,986.2,120351750,1084.8,887.6,1102.5,649.1,1008.2,149,3,1008.1,610,7,1008.0,1013,24,1007.9,1523,13,1007.8,2501,17,1008.5,557,12,1008.6,160,3,1008.7,361,5,1008.8,709,11,1008.9,1005,11
317,2025-11-26 12:43:39+05:30,1008.5,16,1000.12,6551492,369950.0,450695.0,986.2,1012.2,981.3,986.2,120351750,1084.8,887.6,1102.5,649.1,1008.5,211,1,1008.4,50,1,1008.3,379,3,1008.2,1142,7,1008.1,696,9,1008.6,58,2,1008.8,23,2,1008.9,606,7,1009.0,3496,21,1009.1,762,9
317,2025-11-26 12:43:40+05:30,1008.5,16,1000.12,6551492,369950.0,450695.0,986.2,1012.2,981.3,986.2,120351750,1084.8,887.6,1102.5,649.1,1008.5,211,1,1008.4,50,1,1008.3,379,3,1008.2,1142,7,1008.1,696,9,1008.6,58,2,1008.8,23,2,1008.9,606,7,1009.0,3496,21,1009.1,762,9
317,2025-11-26 12:43:40+05:30,1008.6,104,1000.12,6551606,371696.0,450413.0,986.2,1012.2,981.3,986.2,120351750,1084.8,887.6,1102.5,649.1,1008.5,211,1,1008.4,50,1,1008.3,809,8,1008.2,1276,8,1008.1,740,10,1008.6,48,1,1008.7,3,1,1008.8,23,2,1008.9,953,6,1009.0,2934,15
317,2025-11-26 12:43:41+05:30,1008.6,2,1000.12,6551606,371696.0,450413.0,986.2,1012.2,981.3,986.2,120351750,1084.8,887.6,1102.5,649.1,1008.5,211,1,1008.4,50,1,1008.3,809,8,1008.2,1276,8,1008.1,740,10,1008.6,48,1,1008.7,3,1,1008.8,23,2,1008.9,953,6,1009.0,2934,15
317,2025-11-26 12:43:41+05:30,1008.5,500,1000.12,6552108,371318.0,449158.0,986.2,1012.2,981.3,986.2,120351750,1084.8,887.6,1102.5,649.1,1008.5,227,1,1008.4,147,2,1008.3,353,5,1008.2,1276,8,1008.1,890,11,1008.6,46,1,1008.7,3,1,1008.8,179,3,1008.9,828,5,1009.0,2788,14
317,2025-11-26 12:43:41+05:30,1008.5,500,1000.12,6552108,371318.0,449158.0,986.2,1012.2,981.3,986.2,120351750,1084.8,887.6,1102.5,649.1,1008.5,227,1,1008.4,147,2,1008.3,353,5,1008.2,1276,8,1008.1,890,11,1008.6,46,1,1008.7,3,1,1008.8,179,3,1008.9,828,5,1009.0,2788,14
317,2025-11-26 12:43:42+05:30,1008.5,1,1000.12,6552108,371318.0,449158.0,986.2,1012.2,981.3,986.2,120351750,1084.8,887.6,1102.5,649.1,1008.5,227,1,1008.4,147,2,1008.3,353,5,1008.2,1276,8,1008.1,890,11,1008.6,46,1,1008.7,3,1,1008.8,179,3,1008.9,828,5,1009.0,2788,14
317,2025-11-26 12:43:42+05:30,1008.5,1,1000.12,6552108,371318.0,449158.0,986.2,1012.2,981.3,986.2,120351750,1084.8,887.6,1102.5,649.1,1008.5,227,1,1008.4,147,2,1008.3,353,5,1008.2,1276,8,1008.1,890,11,1008.6,46,1,1008.7,3,1,1008.8,179,3,1008.9,828,5,1009.0,2788,14
317,2025-11-26 12:43:42+05:30,1008.6,55,1000.12,6552676,371809.0,448713.0,986.2,1012.2,981.3,986.2,120351750,1084.8,887.6,1102.5,649.1,1008.5,226,1,1008.4,113,2,1008.3,421,5,1008.2,1373,9,1008.1,1028,13,1008.6,140,1,1008.7,3,1,1008.8,23,2,1008.9,742,4,1009.0,2885,15
317,2025-11-26 12:43:42+05:30,1008.6,55,1000.12,6552676,371809.0,448713.0,986.2,1012.2,981.3,986.2,120351750,1084.8,887.6,1102.5,649.1,1008.5,226,1,1008.4,113,2,1008.3,421,5,1008.2,1373,9,1008.1,1028,13,1008.6,140,1,1008.7,3,1,1008.8,23,2,1008.9,742,4,1009.0,2885,15
317,2025-11-26 12:43:43+05:30,1008.5,60,1000.12,6552676,371809.0,448713.0,986.2,1012.2,981.3,986.2,120351750,1084.8,887.6,1102.5,649.1,1008.5,226,1,1008.4,113,2,1008.3,421,5,1008.2,1373,9,1008.1,1028,13,1008.6,140,1,1008.7,3,1,1008.8,23,2,1008.9,742,4,1009.0,2885,15
317,2025-11-26 12:43:43+05:30,1008.5,60,1000.12,6552676,371809.0,448713.0,986.2,1012.2,981.3,986.2,120351750,1084.8,887.6,1102.5,649.1,1008.5,226,1,1008.4,113,2,1008.3,421,5,1008.2,1373,9,1008.1,1028,13,1008.6,140,1,1008.7,3,1,1008.8,23,2,1008.9,742,4,1009.0,2885,15
317,2025-11-26 12:43:43+05:30,1008.5,78,1000.12,6552846,371640.0,448929.0,986.2,1012.2,981.3,986.2,120351750,1084.8,887.6,1102.5,649.1,1008.5,88,1,1008.4,50,1,1008.3,204,3,1008.2,1373,9,1008.1,1028,13,1008.6,108,1,1008.7,3,1,1008.8,179,3,1008.9,281,4,1009.0,2885,15
317,2025-11-26 12:43:44+05:30,1008.5,78,1000.12,6552846,371640.0,448929.0,986.2,1012.2,981.3,986.2,120351750,1084.8,887.6,1102.5,649.1,1008.5,88,1,1008.4,50,1,1008.3,204,3,1008.2,1373,9,1008.1,1028,13,1008.6,108,1,1008.7,3,1,1008.8,179,3,1008.9,281,4,1009.0,2885,15
317,2025-11-26 12:43:44+05:30,1008.5,78,1000.12,6552846,371640.0,448929.0,986.2,1012.2,981.3,986.2,120351750,1084.8,887.6,1102.5,649.1,1008.5,88,1,1008.4,50,1,1008.3,204,3,1008.2,1373,9,1008.1,1028,13,1008.6,108,1,1008.7,3,1,1008.8,179,3,1008.9,281,4,1009.0,2885,15
317,2025-11-26 12:43:44+05:30,1008.6,355,1000.12,6553204,371120.0,449648.0,986.2,1012.2,981.3,986.2,120351750,1084.8,887.6,1102.5,649.1,1008.6,1,1,1008.5,88,1,1008.4,50,1,1008.3,470,5,1008.2,1276,8,1008.7,3,1,1008.8,66,3,1008.9,727,7,1009.0,2935,15,1009.1,909,12
317,2025-11-26 12:43:44+05:30,1008.6,355,1000.12,6553204,371120.0,449648.0,986.2,1012.2,981.3,986.2,120351750,1084.8,887.6,1102.5,649.1,1008.6,1,1,1008.5,88,1,1008.4,50,1,1008.3,470,5,1008.2,1276,8,1008.7,3,1,1008.8,66,3,1008.9,727,7,1009.0,2935,15,1009.1,909,12
317,2025-11-26 12:43:45+05:30,1008.5,60,1000.12,6553204,371120.0,449648.0,986.2,1012.2,981.3,986.2,120351750,1084.8,887.6,1102.5,649.1,1008.6,1,1,1008.5,88,1,1008.4,50,1,1008.3,470,5,1008.2,1276,8,1008.7,3,1,1008.8,66,3,1008.9,727,7,1009.0,2935,15,1009.1,909,12
317,2025-11-26 12:43:45+05:30,1008.5,60,1000.12,6553204,371120.0,449648.0,986.2,1012.2,981.3,986.2,120351750,1084.8,887.6,1102.5,649.1,1008.6,1,1,1008.5,88,1,1008.4,50,1,1008.3,470,5,1008.2,1276,8,1008.7,3,1,1008.8,66,3,1008.9,727,7,1009.0,2935,15,1009.1,909,12
317,2025-11-26 12:43:45+05:30,1008.5,60,1000.12,6553204,371120.0,449648.0,986.2,1012.2,981.3,986.2,120348750,1084.8,887.6,1102.5,649.1,1008.6,1,1,1008.5,88,1,1008.4,50,1,1008.3,470,5,1008.2,1276,8,1008.7,3,1,1008.8,66,3,1008.9,727,7,1009.0,2935,15,1009.1,909,12
317,2025-11-26 12:43:45+05:30,1008.5,84,1000.12,6553351,371325.0,449641.0,986.2,1012.2,981.3,986.2,120348750,1084.8,887.6,1102.5,649.1,1008.5,227,1,1008.4,50,1,1008.3,630,7,1008.2,1276,8,1008.1,1092,17,1008.7,1,1,1008.8,23,2,1008.9,630,6,1009.0,3032,16,1009.1,904,11
317,2025-11-26 12:43:45+05:30,1008.5,84,1000.12,6553351,371325.0,449641.0,986.2,1012.2,981.3,986.2,120348750,1084.8,887.6,1102.5,649.1,1008.5,227,1,1008.4,50,1,1008.3,630,7,1008.2,1276,8,1008.1,1092,17,1008.7,1,1,1008.8,23,2,1008.9,630,6,1009.0,3032,16,1009.1,904,11
317,2025-11-26 12:43:46+05:30,1008.7,1,1000.12,6553351,371325.0,449641.0,986.2,1012.2,981.3,986.2,120348750,1084.8,887.6,1102.5,649.1,1008.5,227,1,1008.4,50,1,1008.3,630,7,1008.2,1276,8,1008.1,1092,17,1008.7,1,1,1008.8,23,2,1008.9,630,6,1009.0,3032,16,1009.1,904,11
317,2025-11-26 12:43:46+05:30,1008.7,1,1000.12,6553351,371325.0,449641.0,986.2,1012.2,981.3,986.2,120348750,1084.8,887.6,1102.5,649.1,1008.5,227,1,1008.4,50,1,1008.3,630,7,1008.2,1276,8,1008.1,1092,17,1008.7,1,1,1008.8,23,2,1008.9,630,6,1009.0,3032,16,1009.1,904,11
317,2025-11-26 12:43:46+05:30,1008.7,10,1000.12,6553387,371003.0,449315.0,986.2,1012.2,981.3,986.2,120348750,1084.8,887.6,1102.5,649.1,1008.7,268,1,1008.5,269,3,1008.4,267,4,1008.3,616,7,1008.2,1373,9,1008.8,23,2,1008.9,428,5,1009.0,2738,12,1009.1,606,10,1009.2,1448,15
317,2025-11-26 12:43:47+05:30,1008.7,10,1000.12,6553387,371003.0,449315.0,986.2,1012.2,981.3,986.2,120348750,1084.8,887.6,1102.5,649.1,1008.7,268,1,1008.5,269,3,1008.4,267,4,1008.3,616,7,1008.2,1373,9,1008.8,23,2,1008.9,428,5,1009.0,2738,12,1009.1,606,10,1009.2,1448,15
317,2025-11-26 12:43:47+05:30,1008.7,10,1000.12,6553387,372762.0,448926.0,986.2,1012.2,981.3,986.2,120348750,1084.8,887.6,1102.5,649.1,1008.7,458,2,1008.5,412,5,1008.4,593,7,1008.3,616,7,1008.2,1438,10,1008.8,23,2,1008.9,3,1,1009.0,2084,8,1009.1,619,8,1009.2,694,10
317,2025-11-26 12:43:48+05:30,1008.7,1,1000.12,6553388,373076.0,449307.0,986.2,1012.2,981.3,986.2,120348750,1084.8,887.6,1102.5,649.1,1008.7,470,3,1008.5,399,4,1008.4,593,7,1008.3,713,8,1008.2,1341,9,1008.8,155,4,1008.9,3,1,1009.0,2085,9,1009.1,619,8,1009.2,720,12
317,2025-11-26 12:43:49+05:30,1008.7,1,1000.12,6553388,373076.0,449307.0,986.2,1012.2,981.3,986.2,120348750,1084.8,887.6,1102.5,649.1,1008.7,470,3,1008.5,399,4,1008.4,593,7,1008.3,713,8,1008.2,1341,9,1008.8,155,4,1008.9,3,1,1009.0,2085,9,1009.1,619,8,1009.2,720,12
317,2025-11-26 12:43:49+05:30,1008.7,1,1000.12,6553388,372407.0,449375.0,986.2,1012.2,981.3,986.2,120348750,1084.8,887.6,1102.5,649.1,1008.7,470,3,1008.5,338,3,1008.4,434,5,1008.3,713,8,1008.2,876,9,1008.8,155,4,1008.9,3,1,1009.0,2183,11,1009.1,619,8,1009.2,981,12
317,2025-11-26 12:43:50+05:30,1008.8,2,1000.12,6553390,372467.0,449372.0,986.2,1012.2,981.3,986.2,120348750,1084.8,887.6,1102.5,649.1,1008.7,470,3,1008.5,338,3,1008.4,494,6,1008.3,713,8,1008.2,876,9,1008.8,153,4,1009.0,2183,11,1009.1,619,8,1009.2,983,13,1009.3,1150,11
317,2025-11-26 12:43:51+05:30,1008.8,1,1000.12,6553390,372467.0,449372.0,986.2,1012.2,981.3,986.2,120348750,1084.8,887.6,1102.5,649.1,1008.7,470,3,1008.5,338,3,1008.4,494,6,1008.3,713,8,1008.2,876,9,1008.8,153,4,1009.0,2183,11,1009.1,619,8,1009.2,983,13,1009.3,1150,11
317,2025-11-26 12:43:51+05:30,1008.7,25,1000.12,6553436,372422.0,449457.0,986.2,1012.2,981.3,986.2,120348750,1084.8,887.6,1102.5,649.1,1008.7,425,3,1008.5,338,3,1008.4,494,6,1008.3,713,8,1008.2,876,9,1008.8,152,4,1009.0,2183,11,1009.1,619,8,1009.2,983,13,1009.3,1236,11
317,2025-11-26 12:43:52+05:30,1008.7,144,1000.12,6553436,372422.0,449457.0,986.2,1012.2,981.3,986.2,120348750,1084.8,887.6,1102.5,649.1,1008.7,425,3,1008.5,338,3,1008.4,494,6,1008.3,713,8,1008.2,876,9,1008.8,152,4,1009.0,2183,11,1009.1,619,8,1009.2,983,13,1009.3,1236,11
317,2025-11-26 12:43:52+05:30,1008.5,24,1000.12,6554225,371069.0,449740.0,986.2,1012.2,981.3,986.2,120348750,1084.8,887.6,1102.5,649.1,1008.4,82,3,1008.3,520,7,1008.2,749,7,1008.1,1689,16,1008.0,4892,37,1008.5,7,1,1008.8,234,3,1008.9,371,3,1009.0,2243,11,1009.1,924,12
317,2025-11-26 12:43:53+05:30,1008.5,126,1000.12,6554225,371069.0,449740.0,986.2,1012.2,981.3,986.2,120348750,1084.8,887.6,1102.5,649.1,1008.4,82,3,1008.3,520,7,1008.2,749,7,1008.1,1689,16,1008.0,4892,37,1008.5,7,1,1008.8,234,3,1008.9,371,3,1009.0,2243,11,1009.1,924,12
317,2025-11-26 12:43:53+05:30,1008.5,1,1000.12,6554385,371766.0,449475.0,986.2,1012.2,981.3,986.2,120348750,1084.8,887.6,1102.5,649.1,1008.4,55,2,1008.3,464,6,1008.2,761,7,1008.1,1770,17,1008.0,5798,39,1008.5,149,1,1008.8,32,2,1008.9,469,5,1009.0,2243,11,1009.1,924,12
317,2025-11-26 12:43:54+05:30,1008.5,1,1000.12,6554385,371766.0,449475.0,986.2,1012.2,981.3,986.2,120348750,1084.8,887.6,1102.5,649.1,1008.4,55,2,1008.3,464,6,1008.2,761,7,1008.1,1770,17,1008.0,5798,39,1008.5,149,1,1008.8,32,2,1008.9,469,5,1009.0,2243,11,1009.1,924,12
317,2025-11-26 12:43:54+05:30,1008.5,1,1000.12,6554385,371780.0,448499.0,986.2,1012.2,981.3,986.2,120348750,1084.8,887.6,1102.5,649.1,1008.4,55,2,1008.3,352,5,1008.2,761,7,1008.1,1797,18,1008.0,5897,40,1008.5,151,2,1008.8,32,2,1008.9,469,5,1009.0,2243,11,1009.1,924,12
317,2025-11-26 12:43:55+05:30,1008.5,112,1000.12,6554385,371780.0,448499.0,986.2,1012.2,981.3,986.2,120348750,1084.8,887.6,1102.5,649.1,1008.4,55,2,1008.3,352,5,1008.2,761,7,1008.1,1797,18,1008.0,5897,40,1008.5,151,2,1008.8,32,2,1008.9,469,5,1009.0,2243,11,1009.1,924,12
317,2025-11-26 12:43:55+05:30,1008.5,12,1000.12,6554526,372458.0,448630.0,986.2,1012.2,981.3,986.2,120348750,1084.8,887.6,1102.5,649.1,1008.4,339,5,1008.3,571,7,1008.2,761,7,1008.1,1771,16,1008.0,5923,42,1008.5,10,2,1008.8,32,2,1008.9,469,5,1009.0,2243,11,1009.1,626,11
317,2025-11-26 12:43:56+05:30,1008.5,2,1000.12,6554526,372458.0,448630.0,986.2,1012.2,981.3,986.2,120348750,1084.8,887.6,1102.5,649.1,1008.4,339,5,1008.3,571,7,1008.2,761,7,1008.1,1771,16,1008.0,5923,42,1008.5,10,2,1008.8,32,2,1008.9,469,5,1009.0,2243,11,1009.1,626,11
317,2025-11-26 12:43:56+05:30,1008.5,2,1000.12,6554608,372260.0,448989.0,986.2,1012.2,981.3,986.2,120348750,1084.8,887.6,1102.5,649.1,1008.4,55,2,1008.3,195,3,1008.2,955,10,1008.1,1872,18,1008.0,5823,41,1008.5,228,1,1008.8,32,2,1008.9,469,5,1009.0,2315,12,1009.1,929,12
317,2025-11-26 12:43:57+05:30,1008.5,1,1000.12,6554609,372392.0,448758.0,986.2,1012.2,981.3,986.2,120348750,1084.8,887.6,1102.5,649.1,1008.4,55,2,1008.3,417,5,1008.2,863,9,1008.1,1872,18,1008.0,5823,41,1008.5,227,1,1008.8,32,2,1008.9,470,6,1009.0,2295,11,1009.1,929,12
317,2025-11-26 12:43:58+05:30,1008.5,1,1000.12,6554609,372392.0,448758.0,986.2,1012.2,981.3,986.2,120348750,1084.8,887.6,1102.5,649.1,1008.4,55,2,1008.3,417,5,1008.2,863,9,1008.1,1872,18,1008.0,5823,41,1008.5,227,1,1008.8,32,2,1008.9,470,6,1009.0,2295,11,1009.1,929,12
317,2025-11-26 12:43:58+05:30,1008.5,5,1000.12,6554615,372392.0,448802.0,986.2,1012.2,981.3,986.2,120348750,1084.8,887.6,1102.5,649.1,1008.4,55,2,1008.3,417,5,1008.2,863,9,1008.1,1872,18,1008.0,5823,41,1008.5,221,1,1008.8,32,2,1008.9,475,7,1009.0,2295,11,1009.1,929,12
317,2025-11-26 12:43:59+05:30,1008.5,5,1000.12,6554615,372392.0,448802.0,986.2,1012.2,981.3,986.2,120348750,1084.8,887.6,1102.5,649.1,1008.4,55,2,1008.3,417,5,1008.2,863,9,1008.1,1872,18,1008.0,5823,41,1008.5,221,1,1008.8,32,2,1008.9,475,7,1009.0,2295,11,1009.1,929,12
317,2025-11-26 12:43:59+05:30,1008.5,5,1000.12,6554615,372262.0,448979.0,986.2,1012.2,981.3,986.2,120348750,1084.8,887.6,1102.5,649.1,1008.4,55,2,1008.3,287,4,1008.2,863,9,1008.1,1872,18,1008.0,5823,41,1008.5,222,2,1008.8,32,2,1008.9,475,7,1009.0,2295,11,1009.1,929,12
317,2025-11-26 12:44:00+05:30,1008.5,5,1000.12,6554615,372262.0,448979.0,986.2,1012.2,981.3,986.2,120348750,1084.8,887.6,1102.5,649.1,1008.4,55,2,1008.3,287,4,1008.2,863,9,1008.1,1872,18,1008.0,5823,41,1008.5,222,2,1008.8,32,2,1008.9,475,7,1009.0,2295,11,1009.1,929,12
317,2025-11-26 12:44:00+05:30,1008.4,8,1000.12,6554629,372006.0,449343.0,986.2,1012.2,981.3,986.2,120348750,1084.8,887.6,1102.5,649.1,1008.4,60,3,1008.3,287,4,1008.2,854,9,1008.1,1872,18,1008.0,5823,41,1008.5,216,2,1008.8,234,3,1008.9,960,8,1009.0,2295,11,1009.1,929,12
317,2025-11-26 12:44:01+05:30,1008.5,1,1000.12,6554629,372006.0,449343.0,986.2,1012.2,981.3,986.2,120348750,1084.8,887.6,1102.5,649.1,1008.4,60,3,1008.3,287,4,1008.2,854,9,1008.1,1872,18,1008.0,5823,41,1008.5,216,2,1008.8,234,3,1008.9,960,8,1009.0,2295,11,1009.1,929,12
317,2025-11-26 12:44:01+05:30,1008.5,1,1000.12,6554630,372948.0,449137.0,986.2,1012.2,981.3,986.2,120348750,1084.8,887.6,1102.5,649.1,1008.4,87,4,1008.3,510,6,1008.2,854,9,1008.1,1872,18,1008.0,6573,42,1008.5,215,2,1008.8,32,2,1008.9,957,8,1009.0,2295,11,1009.1,633,11
317,2025-11-26 12:44:02+05:30,1008.4,34,1000.12,6554630,372948.0,449137.0,986.2,1012.2,981.3,986.2,120348750,1084.8,887.6,1102.5,649.1,1008.4,87,4,1008.3,510,6,1008.2,854,9,1008.1,1872,18,1008.0,6573,42,1008.5,215,2,1008.8,32,2,1008.9,957,8,1009.0,2295,11,1009.1,633,11
317,2025-11-26 12:44:02+05:30,1008.4,1,1000.12,6554763,372336.0,450844.0,986.2,1012.2,981.3,986.2,120348750,1084.8,887.6,1102.5,649.1,1008.3,355,4,1008.2,646,7,1008.1,1806,17,1008.0,5927,42,1007.9,1708,13,1008.4,22,1,1008.5,205,2,1008.8,386,4,1008.9,1093,10,1009.0,2765,16
317,2025-11-26 12:44:03+05:30,1008.4,23,1000.12,6554763,372336.0,450844.0,986.2,1012.2,981.3,986.2,120348750,1084.8,887.6,1102.5,649.1,1008.3,355,4,1008.2,646,7,1008.1,1806,17,1008.0,5927,42,1007.9,1708,13,1008.4,22,1,1008.5,205,2,1008.8,386,4,1008.9,1093,10,1009.0,2765,16
317,2025-11-26 12:44:03+05:30,1008.4,23,1000.12,6554794,372336.0,450429.0,986.2,1012.2,981.3,986.2,120348750,1084.8,887.6,1102.5,649.1,1008.3,355,4,1008.2,646,7,1008.1,1806,17,1008.0,5927,42,1007.9,1708,13,1008.4,24,1,1008.5,205,2,1008.7,2,1,1008.8,386,4,1008.9,968,10
317,2025-11-26 12:44:04+05:30,1008.2,115,1000.12,6554794,372336.0,450429.0,986.2,1012.2,981.3,986.2,120348750,1084.8,887.6,1102.5,649.1,1008.3,355,4,1008.2,646,7,1008.1,1806,17,1008.0,5927,42,1007.9,1708,13,1008.4,24,1,1008.5,205,2,1008.7,2,1,1008.8,386,4,1008.9,968,10
317,2025-11-26 12:44:04+05:30,1008.2,115,1000.12,6555292,371695.0,450553.0,986.2,1012.2,981.3,986.2,120348750,1084.8,887.6,1102.5,649.1,1008.2,448,6,1008.1,1792,17,1008.0,5844,41,1007.9,1654,13,1007.8,826,9,1008.4,24,1,1008.5,205,2,1008.7,154,2,1008.8,492,5,1008.9,981,11
317,2025-11-26 12:44:05+05:30,1008.4,2,1000.12,6555294,371751.0,450677.0,986.2,1012.2,981.3,986.2,120348750,1084.8,887.6,1102.5,649.1,1008.2,409,5,1008.1,1792,17,1008.0,5844,41,1007.9,1654,13,1007.8,826,9,1008.4,22,1,1008.5,205,2,1008.7,154,2,1008.8,492,5,1008.9,981,11
317,2025-11-26 12:44:06+05:30,1008.4,1,1000.12,6555294,371751.0,450677.0,986.2,1012.2,981.3,986.2,120348750,1084.8,887.6,1102.5,649.1,1008.2,409,5,1008.1,1792,17,1008.0,5844,41,1007.9,1654,13,1007.8,826,9,1008.4,22,1,1008.5,205,2,1008.7,154,2,1008.8,492,5,1008.9,981,11
317,2025-11-26 12:44:06+05:30,1008.4,1,1000.12,6555295,371903.0,450676.0,986.2,1012.2,981.3,986.2,120348750,1084.8,887.6,1102.5,649.1,1008.2,409,5,1008.1,1792,17,1008.0,5844,41,1007.9,1654,13,1007.8,978,10,1008.4,21,1,1008.5,205,2,1008.7,154,2,1008.8,492,5,1008.9,981,11
317,2025-11-26 12:44:07+05:30,1008.3,20,1000.12,6555295,371903.0,450676.0,986.2,1012.2,981.3,986.2,120348750,1084.8,887.6,1102.5,649.1,1008.2,409,5,1008.1,1792,17,1008.0,5844,41,1007.9,1654,13,1007.8,978,10,1008.4,21,1,1008.5,205,2,1008.7,154,2,1008.8,492,5,1008.9,981,11
317,2025-11-26 12:44:07+05:30,1008.3,20,1000.12,6555369,370858.0,450527.0,986.2,1012.2,981.3,986.2,120348750,1084.8,887.6,1102.5,649.1,1008.3,63,1,1008.2,434,6,1008.1,1739,17,1008.0,5814,40,1007.9,1654,13,1008.5,205,2,1008.7,154,2,1008.8,388,5,1008.9,409,8,1009.0,2848,19
317,2025-11-26 12:44:08+05:30,1008.3,20,1000.12,6555369,370858.0,449631.0,986.2,1012.2,981.3,986.2,120348750,1084.8,887.6,1102.5,649.1,1008.3,63,1,1008.2,434,6,1008.1,1739,17,1008.0,5814,40,1007.9,1654,13,1008.5,205,2,1008.7,154,2,1008.8,388,5,1008.9,409,8,1009.0,2848,19
317,2025-11-26 12:44:09+05:30,1008.3,12,1000.12,6555369,370858.0,449631.0,986.2,1012.2,981.3,986.2,120348750,1084.8,887.6,1102.5,649.1,1008.3,63,1,1008.2,434,6,1008.1,1739,17,1008.0,5814,40,1007.9,1654,13,1008.5,205,2,1008.7,154,2,1008.8,388,5,1008.9,409,8,1009.0,2848,19
317,2025-11-26 12:44:09+05:30,1008.3,12,1000.12,6555381,371040.0,449566.0,986.2,1012.2,981.3,986.2,120348750,1084.8,887.6,1102.5,649.1,1008.3,51,1,1008.2,434,6,1008.1,1739,17,1008.0,5814,40,1007.9,1654,13,1008.5,205,2,1008.7,154,2,1008.8,388,5,1008.9,409,8,1009.0,2848,19
317,2025-11-26 12:44:10+05:30,1008.5,1,1000.12,6555383,371891.0,449848.0,986.2,1012.2,981.3,986.2,120348750,1084.8,887.6,1102.5,649.1,1008.4,24,1,1008.2,825,9,1008.1,1739,17,1008.0,5814,40,1007.9,1654,13,1008.5,204,2,1008.7,154,2,1008.8,388,5,1008.9,307,8,1009.0,2848,19
317,2025-11-26 12:44:11+05:30,1008.5,2,1000.12,6555383,371891.0,449848.0,986.2,1012.2,981.3,986.2,120348750,1084.8,887.6,1102.5,649.1,1008.4,24,1,1008.2,825,9,1008.1,1739,17,1008.0,5814,40,1007.9,1654,13,1008.5,204,2,1008.7,154,2,1008.8,388,5,1008.9,307,8,1009.0,2848,19
317,2025-11-26 12:44:11+05:30,1008.5,1,1000.12,6555386,370707.0,450129.0,986.2,1012.2,981.3,986.2,120348750,1084.8,887.6,1102.5,649.1,1008.4,24,1,1008.2,450,5,1008.1,1754,17,1008.0,4990,37,1007.9,1654,13,1008.5,201,2,1008.6,45,1,1008.7,287,4,1008.8,688,10,1008.9,395,9
317,2025-11-26 12:44:12+05:30,1008.4,2,1000.12,6555386,370707.0,450129.0,986.2,1012.2,981.3,986.2,120348750,1084.8,887.6,1102.5,649.1,1008.4,24,1,1008.2,450,5,1008.1,1754,17,1008.0,4990,37,1007.9,1654,13,1008.5,201,2,1008.6,45,1,1008.7,287,4,1008.8,688,10,1008.9,395,9
317,2025-11-26 12:44:12+05:30,1008.4,2,1000.13,6555412,371653.0,449537.0,986.2,1012.2,981.3,986.2,120348750,1084.8,887.6,1102.5,649.1,1008.2,277,5,1008.1,1827,18,1008.0,5047,38,1007.9,1654,13,1007.8,978,10,1008.4,14,1,1008.5,201,2,1008.6,93,1,1008.7,287,4,1008.8,655,7
317,2025-11-26 12:44:13+05:30,1008.4,6,1000.13,6555412,371653.0,449537.0,986.2,1012.2,981.3,986.2,120348750,1084.8,887.6,1102.5,649.1,1008.2,277,5,1008.1,1827,18,1008.0,5047,38,1007.9,1654,13,1007.8,978,10,1008.4,14,1,1008.5,201,2,1008.6,93,1,1008.7,287,4,1008.8,655,7
317,2025-11-26 12:44:13+05:30,1008.4,23,1000.13,6555445,372256.0,449312.0,986.2,1012.2,981.3,986.2,120348750,1084.8,887.6,1102.5,649.1,1008.3,95,3,1008.2,544,9,1008.1,1751,17,1008.0,5827,40,1007.9,1654,13,1008.4,16,1,1008.5,201,2,1008.6,93,1,1008.7,154,2,1008.8,255,4
317,2025-11-26 12:44:14+05:30,1008.3,60,1000.13,6555445,372256.0,449312.0,986.2,1012.2,981.3,986.2,120348750,1084.8,887.6,1102.5,649.1,1008.3,95,3,1008.2,544,9,1008.1,1751,17,1008.0,5827,40,1007.9,1654,13,1008.4,16,1,1008.5,201,2,1008.6,93,1,1008.7,154,2,1008.8,255,4
317,2025-11-26 12:44:14+05:30,1008.3,60,1000.13,6555524,371870.0,449208.0,986.2,1012.2,981.3,986.2,120348750,1084.8,887.6,1102.5,649.1,1008.3,16,1,1008.2,392,8,1008.1,1751,17,1008.0,5827,40,1007.9,1654,13,1008.4,16,1,1008.5,201,2,1008.6,93,1,1008.7,154,2,1008.8,233,3
317,2025-11-26 12:44:15+05:30,1008.2,63,1000.13,6555524,371870.0,449208.0,986.2,1012.2,981.3,986.2,120348750,1084.8,887.6,1102.5,649.1,1008.3,16,1,1008.2,392,8,1008.1,1751,17,1008.0,5827,40,1007.9,1654,13,1008.4,16,1,1008.5,201,2,1008.6,93,1,1008.7,154,2,1008.8,233,3
317,2025-11-26 12:44:15+05:30,1008.2,63,1000.13,6555716,371504.0,448615.0,986.2,1012.2,981.3,986.2,120348750,1084.8,887.6,1102.5,649.1,1008.2,399,7,1008.1,1856,19,1008.0,5771,37,1007.9,1680,15,1007.8,979,11,1008.5,201,2,1008.6,131,2,1008.7,154,2,1008.8,349,5,1008.9,490,8
317,2025-11-26 12:44:16+05:30,1008.5,2,1000.13,6555716,371504.0,448615.0,986.2,1012.2,981.3,986.2,120348750,1084.8,887.6,1102.5,649.1,1008.2,399,7,1008.1,1856,19,1008.0,5771,37,1007.9,1680,15,1007.8,979,11,1008.5,201,2,1008.6,131,2,1008.7,154,2,1008.8,349,5,1008.9,490,8
317,2025-11-26 12:44:16+05:30,1008.5,2,1000.13,6555843,371644.0,448616.0,986.2,1012.2,981.3,986.2,120348750,1084.8,887.6,1102.5,649.1,1008.3,76,1,1008.2,617,8,1008.1,1780,18,1008.0,5781,38,1007.9,1680,15,1008.5,84,2,1008.6,131,2,1008.7,2,1,1008.8,218,3,1008.9,596,8
317,2025-11-26 12:44:17+05:30,1008.5,1,1000.13,6555843,371644.0,448616.0,986.2,1012.2,981.3,986.2,120348750,1084.8,887.6,1102.5,649.1,1008.3,76,1,1008.2,617,8,1008.1,1780,18,1008.0,5781,38,1007.9,1680,15,1008.5,84,2,1008.6,131,2,1008.7,2,1,1008.8,218,3,1008.9,596,8
317,2025-11-26 12:44:17+05:30,1008.5,1,1000.13,6555873,370677.0,449519.0,986.2,1012.2,981.3,986.2,120348750,1084.8,887.6,1102.5,649.1,1008.3,60,2,1008.2,617,8,1008.1,1780,18,1008.0,5031,37,1007.9,1680,15,1008.5,83,2,1008.6,131,2,1008.7,154,2,1008.8,218,3,1008.9,596,8
317,2025-11-26 12:44:18+05:30,1008.3,5,1000.13,6555873,370677.0,449519.0,986.2,1012.2,981.3,986.2,120348750,1084.8,887.6,1102.5,649.1,1008.3,60,2,1008.2,617,8,1008.1,1780,18,1008.0,5031,37,1007.9,1680,15,1008.5,83,2,1008.6,131,2,1008.7,154,2,1008.8,218,3,1008.9,596,8
317,2025-11-26 12:44:18+05:30,1008.3,5,1000.13,6555878,370397.0,450021.0,986.2,1012.2,981.3,986.2,120348750,1084.8,887.6,1102.5,649.1,1008.3,55,2,1008.2,617,8,1008.1,1735,17,1008.0,5031,37,1007.9,1680,15,1008.5,83,2,1008.6,131,2,1008.7,159,3,1008.8,218,3,1008.9,607,10
317,2025-11-26 12:44:19+05:30,1008.3,5,1000.13,6555878,371118.0,449965.0,986.2,1012.2,981.3,986.2,120348750,1084.8,887.6,1102.5,649.1,1008.3,55,2,1008.2,617,8,1008.1,1735,17,1008.0,5781,38,1007.9,1680,15,1008.5,83,2,1008.6,131,2,1008.7,159,3,1008.8,218,3,1008.9,607,10
317,2025-11-26 12:44:20+05:30,1008.3,5,1000.13,6555878,371145.0,449977.0,986.2,1012.2,981.3,986.2,120348750,1084.8,887.6,1102.5,649.1,1008.3,55,2,1008.2,617,8,1008.1,1735,17,1008.0,5819,39,1007.9,1680,15,1008.5,83,2,1008.6,131,2,1008.7,159,3,1008.8,218,3,1008.9,607,10
317,2025-11-26 12:44:21+05:30,1008.5,1,1000.13,6555878,371145.0,449977.0,986.2,1012.2,981.3,986.2,120348750,1084.8,887.6,1102.5,649.1,1008.3,55,2,1008.2,617,8,1008.1,1735,17,1008.0,5819,39,1007.9,1680,15,1008.5,83,2,1008.6,131,2,1008.7,159,3,1008.8,218,3,1008.9,607,10
317,2025-11-26 12:44:21+05:30,1008.5,1,1000.13,6556024,371227.0,450191.0,986.2,1012.2,981.3,986.2,120348750,1084.8,887.6,1102.5,649.1,1008.3,71,1,1008.2,607,8,1008.1,1735,17,1008.0,5819,39,1007.9,1680,15,1008.5,82,3,1008.6,131,2,1008.7,162,3,1008.8,218,3,1008.9,1176,11
317,2025-11-26 12:44:22+05:30,1008.5,1,1000.13,6556024,371423.0,449243.0,986.2,1012.2,981.3,986.2,120348750,1084.8,887.6,1102.5,649.1,1008.2,372,6,1008.1,1776,17,1008.0,5059,37,1007.9,1680,15,1007.8,943,9,1008.4,13,1,1008.5,92,4,1008.6,131,2,1008.7,162,3,1008.8,228,4
317,2025-11-26 12:44:23+05:30,1008.4,22,1000.13,6556024,371423.0,449243.0,986.2,1012.2,981.3,986.2,120348750,1084.8,887.6,1102.5,649.1,1008.2,372,6,1008.1,1776,17,1008.0,5059,37,1007.9,1680,15,1007.8,943,9,1008.4,13,1,1008.5,92,4,1008.6,131,2,1008.7,162,3,1008.8,228,4
317,2025-11-26 12:44:23+05:30,1008.4,22,1000.13,6556054,371493.0,448952.0,986.2,1012.2,981.3,986.2,120348750,1084.8,887.6,1102.5,649.1,1008.2,203,3,1008.1,1575,11,1008.0,5675,36,1007.9,880,12,1007.8,1693,10,1008.4,13,1,1008.5,92,4,1008.6,136,3,1008.7,157,2,1008.8,227,4
317,2025-11-26 12:44:24+05:30,1008.2,3,1000.13,6556054,371493.0,448952.0,986.2,1012.2,981.3,986.2,120348750,1084.8,887.6,1102.5,649.1,1008.2,203,3,1008.1,1575,11,1008.0,5675,36,1007.9,880,12,1007.8,1693,10,1008.4,13,1,1008.5,92,4,1008.6,136,3,1008.7,157,2,1008.8,227,4
317,2025-11-26 12:44:24+05:30,1008.2,3,1000.13,6556077,373256.0,448933.0,986.2,1012.2,981.3,986.2,120348750,1084.8,887.6,1102.5,649.1,1008.2,109,2,1008.1,1718,13,1008.0,7286,38,1007.9,970,18,1007.8,1708,11,1008.4,13,1,1008.5,92,4,1008.6,136,3,1008.7,157,2,1008.8,227,4
317,2025-11-26 12:44:25+05:30,1008.2,29,1000.13,6556077,373256.0,448933.0,986.2,1012.2,981.3,986.2,120348750,1084.8,887.6,1102.5,649.1,1008.2,109,2,1008.1,1718,13,1008.0,7286,38,1007.9,970,18,1007.8,1708,11,1008.4,13,1,1008.5,92,4,1008.6,136,3,1008.7,157,2,1008.8,227,4
317,2025-11-26 12:44:25+05:30,1008.4,11,1000.13,6556332,373100.0,448551.0,986.2,1012.2,981.3,986.2,120348750,1084.8,887.6,1102.5,649.1,1008.2,71,1,1008.1,1660,12,1008.0,7285,38,1007.9,970,18,1007.8,1732,12,1008.4,13,1,1008.5,93,5,1008.6,136,3,1008.7,158,3,1008.8,284,4
317,2025-11-26 12:44:26+05:30,1008.4,2,1000.13,6556332,373100.0,448551.0,986.2,1012.2,981.3,986.2,120348750,1084.8,887.6,1102.5,649.1,1008.2,71,1,1008.1,1660,12,1008.0,7285,38,1007.9,970,18,1007.8,1732,12,1008.4,13,1,1008.5,93,5,1008.6,136,3,1008.7,158,3,1008.8,284,4
317,2025-11-26 12:44:26+05:30,1008.4,2,1000.13,6556346,373460.0,448274.0,986.2,1012.2,981.3,986.2,120348750,1084.8,887.6,1102.5,649.1,1008.2,223,3,1008.1,1660,12,1008.0,7285,38,1007.9,970,18,1007.8,1732,12,1008.4,13,1,1008.5,93,5,1008.6,136,3,1008.7,158,3,1008.8,162,2
317,2025-11-26 12:44:27+05:30,1008.5,4,1000.13,6556346,373460.0,448274.0,986.2,1012.2,981.3,986.2,120348750,1084.8,887.6,1102.5,649.1,1008.2,223,3,1008.1,1660,12,1008.0,7285,38,1007.9,970,18,1007.8,1732,12,1008.4,13,1,1008.5,93,5,1008.6,136,3,1008.7,158,3,1008.8,162,2
317,2025-11-26 12:44:27+05:30,1008.5,4,1000.13,6556420,372506.0,448199.0,986.2,1012.2,981.3,986.2,120348750,1084.8,887.6,1102.5,649.1,1008.2,169,4,1008.1,1689,13,1008.0,7256,37,1007.9,970,18,1007.8,1732,12,1008.5,91,6,1008.6,136,3,1008.7,158,3,1008.8,215,3,1008.9,1132,11
317,2025-11-26 12:44:28+05:30,1008.2,32,1000.13,6556453,372617.0,448805.0,986.2,1012.2,981.3,986.2,120348750,1084.8,887.6,1102.5,649.1,1008.2,16,1,1008.1,1783,13,1008.0,6506,36,1007.9,970,18,1007.8,1732,12,1008.3,1,1,1008.5,91,6,1008.6,136,3,1008.7,257,5,1008.8,282,4
317,2025-11-26 12:44:29+05:30,1008.1,10,1000.13,6556453,372617.0,448805.0,986.2,1012.2,981.3,986.2,120348750,1084.8,887.6,1102.5,649.1,1008.2,16,1,1008.1,1783,13,1008.0,6506,36,1007.9,970,18,1007.8,1732,12,1008.3,1,1,1008.5,91,6,1008.6,136,3,1008.7,257,5,1008.8,282,4
317,2025-11-26 12:44:29+05:30,1008.3,1,1000.13,6556597,372362.0,449033.0,986.2,1012.2,981.3,986.2,120348750,1084.8,887.6,1102.5,649.1,1008.1,1617,13,1008.0,7257,37,1007.9,905,17,1007.8,1732,12,1007.7,1153,12,1008.5,93,7,1008.6,338,4,1008.7,204,4,1008.8,617,5,1008.9,1205,14
317,2025-11-26 12:44:30+05:30,1008.3,1,1000.13,6556597,372362.0,449033.0,986.2,1012.2,981.3,986.2,120348750,1084.8,887.6,1102.5,649.1,1008.1,1617,13,1008.0,7257,37,1007.9,905,17,1007.8,1732,12,1007.7,1153,12,1008.5,93,7,1008.6,338,4,1008.7,204,4,1008.8,617,5,1008.9,1205,14
317,2025-11-26 12:44:30+05:30,1008.5,25,1000.13,6557381,372630.0,449318.0,986.2,1012.2,981.3,986.2,120348750,1084.8,887.6,1102.5,649.1,1008.3,5,1,1008.2,213,3,1008.1,1542,11,1008.0,7338,40,1007.9,1642,17,1008.5,274,1,1008.6,131,2,1008.7,204,4,1008.8,276,5,1008.9,605,12
317,2025-11-26 12:44:31+05:30,1008.5,1,1000.13,6557381,372630.0,449318.0,986.2,1012.2,981.3,986.2,120348750,1084.8,887.6,1102.5,649.1,1008.3,5,1,1008.2,213,3,1008.1,1542,11,1008.0,7338,40,1007.9,1642,17,1008.5,274,1,1008.6,131,2,1008.7,204,4,1008.8,276,5,1008.9,605,12
317,2025-11-26 12:44:31+05:30,1008.5,1,1000.13,6557550,371861.0,449114.0,986.2,1012.2,981.3,986.2,120348750,1084.8,887.6,1102.5,649.1,1008.3,5,1,1008.2,364,5,1008.1,1471,10,1008.0,6588,39,1007.9,1655,18,1008.5,105,1,1008.6,132,3,1008.7,203,3,1008.8,274,4,1008.9,541,10
317,2025-11-26 12:44:32+05:30,1008.3,30,1000.13,6557550,371861.0,449114.0,986.2,1012.2,981.3,986.2,120348750,1084.8,887.6,1102.5,649.1,1008.3,5,1,1008.2,364,5,1008.1,1471,10,1008.0,6588,39,1007.9,1655,18,1008.5,105,1,1008.6,132,3,1008.7,203,3,1008.8,274,4,1008.9,541,10
317,2025-11-26 12:44:32+05:30,1008.3,30,1000.13,6557995,372339.0,448592.0,986.2,1012.2,981.3,986.2,120348750,1084.8,887.6,1102.5,649.1,1008.2,627,9,1008.1,1688,12,1008.0,6517,38,1007.9,1655,18,1007.8,806,9,1008.5,105,1,1008.6,131,2,1008.7,51,2,1008.8,162,2,1008.9,931,9
317,2025-11-26 12:44:33+05:30,1008.5,5,1000.13,6557995,372339.0,448592.0,986.2,1012.2,981.3,986.2,120348750,1084.8,887.6,1102.5,649.1,1008.2,627,9,1008.1,1688,12,1008.0,6517,38,1007.9,1655,18,1007.8,806,9,1008.5,105,1,1008.6,131,2,1008.7,51,2,1008.8,162,2,1008.9,931,9
317,2025-11-26 12:44:33+05:30,1008.5,5,1000.13,6558005,373195.0,448710.0,986.2,1012.2,981.3,986.2,120348750,1084.8,887.6,1102.5,649.1,1008.2,736,10,1008.1,1688,12,1008.0,7267,39,1007.9,1655,18,1007.8,813,10,1008.5,95,1,1008.6,131,2,1008.7,51,2,1008.8,162,2,1008.9,486,9
317,2025-11-26 12:44:34+05:30,1008.2,1,1000.13,6558005,373195.0,448710.0,986.2,1012.2,981.3,986.2,120348750,1084.8,887.6,1102.5,649.1,1008.2,736,10,1008.1,1688,12,1008.0,7267,39,1007.9,1655,18,1007.8,813,10,1008.5,95,1,1008.6,131,2,1008.7,51,2,1008.8,162,2,1008.9,486,9
317,2025-11-26 12:44:34+05:30,1008.2,1,1000.13,6558029,372571.0,449278.0,986.2,1012.2,981.3,986.2,120348750,1084.8,887.6,1102.5,649.1,1008.3,182,2,1008.2,678,10,1008.1,1688,12,1008.0,6517,38,1007.9,1655,18,1008.5,72,1,1008.6,131,2,1008.7,51,2,1008.8,162,2,1008.9,486,9
317,2025-11-26 12:44:35+05:30,1008.5,2,1000.13,6558032,373404.0,449289.0,986.2,1012.2,981.3,986.2,120348750,1084.8,887.6,1102.5,649.1,1008.3,209,3,1008.2,705,11,1008.1,1715,13,1008.0,7267,39,1007.9,1655,18,1008.5,69,1,1008.6,131,2,1008.7,51,2,1008.8,162,2,1008.9,1042,10
317,2025-11-26 12:44:36+05:30,1008.4,140,1000.13,6558032,373404.0,449289.0,986.2,1012.2,981.3,986.2,120348750,1084.8,887.6,1102.5,649.1,1008.3,209,3,1008.2,705,11,1008.1,1715,13,1008.0,7267,39,1007.9,1655,18,1008.5,69,1,1008.6,131,2,1008.7,51,2,1008.8,162,2,1008.9,1042,10
317,2025-11-26 12:44:36+05:30,1008.4,140,1000.13,6558173,374340.0,449381.0,986.2,1012.2,981.3,986.2,120348750,1084.8,887.6,1102.5,649.1,1008.3,222,4,1008.2,622,9,1008.1,1754,13,1008.0,7293,40,1007.9,1655,18,1008.4,140,1,1008.5,87,3,1008.6,131,2,1008.7,51,2,1008.8,188,4
317,2025-11-26 12:44:37+05:30,1008.4,140,1000.13,6558173,374376.0,449384.0,986.2,1012.2,981.3,986.2,120348750,1084.8,887.6,1102.5,649.1,1008.3,222,4,1008.2,622,9,1008.1,1754,13,1008.0,7320,41,1007.9,1655,18,1008.4,140,1,1008.5,87,3,1008.6,136,3,1008.7,51,2,1008.8,188,4
317,2025-11-26 12:44:38+05:30,1008.4,1,1000.13,6558174,374448.0,449329.0,986.2,1012.2,981.3,986.2,120348750,1084.8,887.6,1102.5,649.1,1008.3,152,3,1008.2,692,10,1008.1,1754,13,1008.0,7320,41,1007.9,1655,18,1008.4,139,1,1008.5,87,3,1008.6,136,3,1008.7,203,3,1008.8,188,4
317,2025-11-26 12:44:39+05:30,1008.4,1,1000.13,6558174,374448.0,449329.0,986.2,1012.2,981.3,986.2,120348750,1084.8,887.6,1102.5,649.1,1008.3,152,3,1008.2,692,10,1008.1,1754,13,1008.0,7320,41,1007.9,1655,18,1008.4,139,1,1008.5,87,3,1008.6,136,3,1008.7,203,3,1008.8,188,4
317,2025-11-26 12:44:39+05:30,1008.4,1,1000.13,6558174,374437.0,449359.0,986.2,1012.2,981.3,986.2,120348750,1084.8,887.6,1102.5,649.1,1008.3,152,3,1008.2,611,8,1008.1,1824,14,1008.0,7320,41,1007.9,1655,18,1008.4,139,1,1008.5,87,3,1008.6,136,3,1008.7,203,3,1008.8,188,4
317,2025-11-26 12:44:40+05:30,1008.4,1,1000.13,6558174,374437.0,449359.0,986.2,1012.2,981.3,986.2,120348750,1084.8,887.6,1102.5,649.1,1008.3,152,3,1008.2,611,8,1008.1,1824,14,1008.0,7320,41,1007.9,1655,18,1008.4,139,1,1008.5,87,3,1008.6,136,3,1008.7,203,3,1008.8,188,4
317,2025-11-26 12:44:40+05:30,1008.4,2,1000.13,6558177,374493.0,449411.0,986.2,1012.2,981.3,986.2,120348750,1084.8,887.6,1102.5,649.1,1008.3,152,3,1008.2,754,10,1008.1,1754,13,1008.0,7320,41,1007.9,1655,18,1008.4,136,1,1008.5,112,4,1008.6,136,3,1008.7,203,3,1008.8,188,4
317,2025-11-26 12:44:41+05:30,1008.4,2,1000.13,6558177,374493.0,449411.0,986.2,1012.2,981.3,986.2,120348750,1084.8,887.6,1102.5,649.1,1008.3,152,3,1008.2,754,10,1008.1,1754,13,1008.0,7320,41,1007.9,1655,18,1008.4,136,1,1008.5,112,4,1008.6,136,3,1008.7,203,3,1008.8,188,4
317,2025-11-26 12:44:41+05:30,1008.2,61,1000.13,6558479,373815.0,449438.0,986.2,1012.2,981.3,986.2,120348750,1084.8,887.6,1102.5,649.1,1008.2,305,6,1008.1,1618,13,1008.0,7322,42,1007.9,1655,18,1007.8,967,11,1008.4,134,1,1008.5,112,4,1008.6,136,3,1008.7,203,3,1008.8,188,4
317,2025-11-26 12:44:42+05:30,1008.3,7,1000.13,6558479,373815.0,449438.0,986.2,1012.2,981.3,986.2,120348750,1084.8,887.6,1102.5,649.1,1008.2,305,6,1008.1,1618,13,1008.0,7322,42,1007.9,1655,18,1007.8,967,11,1008.4,134,1,1008.5,112,4,1008.6,136,3,1008.7,203,3,1008.8,188,4
317,2025-11-26 12:44:42+05:30,1008.3,7,1000.13,6558585,374047.0,450017.0,986.2,1012.2,981.3,986.2,120348750,1084.8,887.6,1102.5,649.1,1008.2,532,9,1008.1,1628,12,1008.0,7320,42,1007.9,1655,18,1007.8,958,10,1008.4,134,1,1008.5,159,5,1008.6,98,2,1008.7,203,3,1008.8,302,5
317,2025-11-26 12:44:43+05:30,1008.4,5,1000.13,6558585,374047.0,450017.0,986.2,1012.2,981.3,986.2,120348750,1084.8,887.6,1102.5,649.1,1008.2,532,9,1008.1,1628,12,1008.0,7320,42,1007.9,1655,18,1007.8,958,10,1008.4,134,1,1008.5,159,5,1008.6,98,2,1008.7,203,3,1008.8,302,5
317,2025-11-26 12:44:43+05:30,1008.4,23,1000.13,6558620,373813.0,449974.0,986.2,1012.2,981.3,986.2,120348750,1084.8,887.6,1102.5,649.1,1008.2,445,9,1008.1,1482,11,1008.0,7319,41,1007.9,1655,18,1007.8,958,10,1008.4,99,1,1008.5,159,5,1008.6,98,2,1008.7,203,3,1008.8,302,5
317,2025-11-26 12:44:44+05:30,1008.2,24,1000.13,6558620,373813.0,449974.0,986.2,1012.2,981.3,986.2,120348750,1084.8,887.6,1102.5,649.1,1008.2,445,9,1008.1,1482,11,1008.0,7319,41,1007.9,1655,18,1007.8,958,10,1008.4,99,1,1008.5,159,5,1008.6,98,2,1008.7,203,3,1008.8,302,5
317,2025-11-26 12:44:44+05:30,1008.4,3,1000.13,6558701,373805.0,449998.0,986.2,1012.2,981.3,986.2,120348750,1084.8,887.6,1102.5,649.1,1008.2,355,8,1008.1,1548,12,1008.0,7319,41,1007.9,1655,18,1007.8,958,10,1008.4,106,2,1008.5,149,4,1008.6,98,2,1008.7,203,3,1008.8,302,5
317,2025-11-26 12:44:45+05:30,1008.4,144,1000.13,6558701,373805.0,449998.0,986.2,1012.2,981.3,986.2,120348750,1084.8,887.6,1102.5,649.1,1008.2,355,8,1008.1,1548,12,1008.0,7319,41,1007.9,1655,18,1007.8,958,10,1008.4,106,2,1008.5,149,4,1008.6,98,2,1008.7,203,3,1008.8,302,5
317,2025-11-26 12:44:45+05:30,1008.4,2,1000.13,6559078,373641.0,449932.0,986.2,1012.2,981.3,986.2,120348750,1084.8,887.6,1102.5,649.1,1008.2,319,7,1008.1,1548,12,1008.0,7319,41,1007.9,1655,18,1007.8,958,10,1008.4,3,1,1008.5,149,4,1008.6,98,2,1008.7,203,3,1008.8,366,6
317,2025-11-26 12:44:46+05:30,1008.4,2,1000.13,6559078,373641.0,449932.0,986.2,1012.2,981.3,986.2,120348750,1084.8,887.6,1102.5,649.1,1008.2,319,7,1008.1,1548,12,1008.0,7319,41,1007.9,1655,18,1007.8,958,10,1008.4,3,1,1008.5,149,4,1008.6,98,2,1008.7,203,3,1008.8,366,6
317,2025-11-26 12:44:46+05:30,1008.4,2,1000.13,6559081,373430.0,450123.0,986.2,1012.2,981.3,986.2,120348750,1084.8,887.6,1102.5,649.1,1008.2,83,3,1008.1,1542,12,1008.0,7313,40,1007.9,879,15,1007.8,1719,12,1008.4,201,2,1008.5,149,4,1008.6,98,2,1008.7,203,3,1008.8,420,7
317,2025-11-26 12:44:47+05:30,1008.4,1,1000.13,6559082,373430.0,450130.0,986.2,1012.2,981.3,986.2,120348750,1084.8,887.6,1102.5,649.1,1008.2,83,3,1008.1,1614,13,1008.0,7313,40,1007.9,879,15,1007.8,1719,12,1008.4,200,1,1008.5,149,4,1008.6,98,2,1008.7,203,3,1008.8,421,8
317,2025-11-26 12:44:48+05:30,1008.4,1,1000.13,6559082,373430.0,450130.0,986.2,1012.2,981.3,986.2,120348750,1084.8,887.6,1102.5,649.1,1008.2,83,3,1008.1,1614,13,1008.0,7313,40,1007.9,879,15,1007.8,1719,12,1008.4,200,1,1008.5,149,4,1008.6,98,2,1008.7,203,3,1008.8,421,8
317,2025-11-26 12:44:48+05:30,1008.4,1,1000.13,6559082,373430.0,450140.0,986.2,1012.2,981.3,986.2,120348750,1084.8,887.6,1102.5,649.1,1008.2,83,3,1008.1,1614,13,1008.0,7313,40,1007.9,879,15,1007.8,1719,12,1008.4,200,1,1008.5,149,4,1008.6,98,2,1008.7,203,3,1008.8,431,9
317,2025-11-26 12:44:49+05:30,1008.2,2,1000.13,6559082,373430.0,450140.0,986.2,1012.2,981.3,986.2,120348750,1084.8,887.6,1102.5,649.1,1008.2,83,3,1008.1,1614,13,1008.0,7313,40,1007.9,879,15,1007.8,1719,12,1008.4,200,1,1008.5,149,4,1008.6,98,2,1008.7,203,3,1008.8,431,9
317,2025-11-26 12:44:49+05:30,1008.2,2,1000.13,6559084,373428.0,450140.0,986.2,1012.2,981.3,986.2,120348750,1084.8,887.6,1102.5,649.1,1008.2,81,3,1008.1,1614,13,1008.0,7313,40,1007.9,879,15,1007.8,1719,12,1008.4,200,1,1008.5,149,4,1008.6,98,2,1008.7,203,3,1008.8,431,9
317,2025-11-26 12:44:50+05:30,1008.4,26,1000.13,6559084,373428.0,450140.0,986.2,1012.2,981.3,986.2,120348750,1084.8,887.6,1102.5,649.1,1008.2,81,3,1008.1,1614,13,1008.0,7313,40,1007.9,879,15,1007.8,1719,12,1008.4,200,1,1008.5,149,4,1008.6,98,2,1008.7,203,3,1008.8,431,9
317,2025-11-26 12:44:50+05:30,1008.4,1,1000.13,6559111,373427.0,450175.0,986.2,1012.2,981.3,986.2,120348750,1084.8,887.6,1102.5,649.1,1008.2,134,4,1008.1,1614,13,1008.0,7313,40,1007.9,879,15,1007.8,1719,12,1008.4,173,1,1008.5,149,4,1008.6,98,2,1008.7,203,3,1008.8,431,9
317,2025-11-26 12:44:51+05:30,1008.5,138,1000.13,6559111,373427.0,450175.0,986.2,1012.2,981.3,986.2,120348750,1084.8,887.6,1102.5,649.1,1008.2,134,4,1008.1,1614,13,1008.0,7313,40,1007.9,879,15,1007.8,1719,12,1008.4,173,1,1008.5,149,4,1008.6,98,2,1008.7,203,3,1008.8,431,9
317,2025-11-26 12:44:51+05:30,1008.5,138,1000.13,6560063,370827.0,448285.0,986.2,1012.2,981.3,986.2,120348750,1084.8,887.6,1102.5,649.1,1008.4,487,4,1008.2,694,6,1008.1,658,9,1008.0,4388,36,1007.9,2390,18,1008.6,199,6,1008.7,308,7,1008.8,537,8,1008.9,964,7,1009.0,2862,14
317,2025-11-26 12:44:52+05:30,1008.5,1,1000.13,6560063,370827.0,448285.0,986.2,1012.2,981.3,986.2,120348750,1084.8,887.6,1102.5,649.1,1008.4,487,4,1008.2,694,6,1008.1,658,9,1008.0,4388,36,1007.9,2390,18,1008.6,199,6,1008.7,308,7,1008.8,537,8,1008.9,964,7,1009.0,2862,14
317,2025-11-26 12:44:52+05:30,1008.5,1,1000.13,6560191,372365.0,448302.0,986.2,1012.2,981.3,986.2,120348750,1084.8,887.6,1102.5,649.1,1008.4,461,3,1008.2,205,5,1008.1,1205,10,1008.0,4388,36,1007.9,3153,20,1008.5,127,2,1008.6,42,4,1008.7,381,9,1008.8,537,8,1008.9,1037,9
317,2025-11-26 12:44:53+05:30,1008.5,23,1000.13,6560191,372365.0,448302.0,986.2,1012.2,981.3,986.2,120348750,1084.8,887.6,1102.5,649.1,1008.4,461,3,1008.2,205,5,1008.1,1205,10,1008.0,4388,36,1007.9,3153,20,1008.5,127,2,1008.6,42,4,1008.7,381,9,1008.8,537,8,1008.9,1037,9
317,2025-11-26 12:44:53+05:30,1008.5,23,1000.13,6560428,372127.0,449463.0,986.2,1012.2,981.3,986.2,120348750,1084.8,887.6,1102.5,649.1,1008.4,269,4,1008.2,192,4,1008.1,1239,10,1008.0,4356,35,1007.9,3153,20,1008.5,95,2,1008.6,89,4,1008.7,523,9,1008.8,559,9,1008.9,1250,12
317,2025-11-26 12:44:54+05:30,1008.5,1,1000.13,6560428,372127.0,449463.0,986.2,1012.2,981.3,986.2,120348750,1084.8,887.6,1102.5,649.1,1008.4,269,4,1008.2,192,4,1008.1,1239,10,1008.0,4356,35,1007.9,3153,20,1008.5,95,2,1008.6,89,4,1008.7,523,9,1008.8,559,9,1008.9,1250,12
317,2025-11-26 12:44:54+05:30,1008.5,1,1000.13,6560429,372121.0,449594.0,986.2,1012.2,981.3,986.2,120348750,1084.8,887.6,1102.5,649.1,1008.4,269,4,1008.2,767,5,1008.1,858,10,1008.0,4356,35,1007.9,3153,20,1008.5,224,4,1008.6,89,4,1008.7,523,9,1008.8,559,9,1008.9,1252,13
317,2025-11-26 12:44:55+05:30,1008.5,18,1000.13,6560429,372121.0,449594.0,986.2,1012.2,981.3,986.2,120348750,1084.8,887.6,1102.5,649.1,1008.4,269,4,1008.2,767,5,1008.1,858,10,1008.0,4356,35,1007.9,3153,20,1008.5,224,4,1008.6,89,4,1008.7,523,9,1008.8,559,9,1008.9,1252,13
317,2025-11-26 12:44:55+05:30,1008.5,3,1000.13,6560544,372121.0,449702.0,986.2,1012.2,981.3,986.2,120348750,1084.8,887.6,1102.5,649.1,1008.4,269,4,1008.2,767,5,1008.1,858,10,1008.0,4356,35,1007.9,3153,20,1008.5,383,4,1008.6,128,5,1008.7,477,8,1008.8,515,8,1008.9,1252,13
317,2025-11-26 12:44:56+05:30,1008.4,40,1000.13,6560544,372121.0,449702.0,986.2,1012.2,981.3,986.2,120348750,1084.8,887.6,1102.5,649.1,1008.4,269,4,1008.2,767,5,1008.1,858,10,1008.0,4356,35,1007.9,3153,20,1008.5,383,4,1008.6,128,5,1008.7,477,8,1008.8,515,8,1008.9,1252,13
317,2025-11-26 12:44:56+05:30,1008.4,40,1000.13,6560616,372081.0,449670.0,986.2,1012.2,981.3,986.2,120348750,1084.8,887.6,1102.5,649.1,1008.4,229,4,1008.2,767,5,1008.1,858,10,1008.0,4356,35,1007.9,3153,20,1008.5,351,4,1008.6,68,4,1008.7,416,4,1008.8,636,13,1008.9,1248,12
317,2025-11-26 12:44:57+05:30,1008.4,13,1000.13,6560616,372081.0,449670.0,986.2,1012.2,981.3,986.2,120348750,1084.8,887.6,1102.5,649.1,1008.4,229,4,1008.2,767,5,1008.1,858,10,1008.0,4356,35,1007.9,3153,20,1008.5,351,4,1008.6,68,4,1008.7,416,4,1008.8,636,13,1008.9,1248,12
317,2025-11-26 12:44:57+05:30,1008.4,13,1000.13,6560846,372005.0,449759.0,986.2,1012.2,981.3,986.2,120348750,1084.8,887.6,1102.5,649.1,1008.2,81,3,1008.1,922,11,1008.0,4311,35,1007.9,3902,21,1007.8,1721,12,1008.4,23,1,1008.5,312,3,1008.6,68,4,1008.7,416,4,1008.8,636,13
317,2025-11-26 12:44:58+05:30,1008.2,2,1000.13,6560846,372005.0,449759.0,986.2,1012.2,981.3,986.2,120348750,1084.8,887.6,1102.5,649.1,1008.2,81,3,1008.1,922,11,1008.0,4311,35,1007.9,3902,21,1007.8,1721,12,1008.4,23,1,1008.5,312,3,1008.6,68,4,1008.7,416,4,1008.8,636,13
317,2025-11-26 12:44:58+05:30,1008.2,2,1000.13,6560963,372965.0,449260.0,986.2,1012.2,981.3,986.2,120348750,1084.8,887.6,1102.5,649.1,1008.2,228,5,1008.1,889,10,1008.0,4356,35,1007.9,4688,23,1007.8,1721,12,1008.4,38,1,1008.5,312,3,1008.6,68,4,1008.7,214,3,1008.8,566,11
317,2025-11-26 12:44:59+05:30,1008.2,2,1000.13,6560963,373005.0,449717.0,986.2,1012.2,981.3,986.2,120348750,1084.8,887.6,1102.5,649.1,1008.2,168,4,1008.1,889,10,1008.0,4416,36,1007.9,4688,23,1007.8,1721,12,1008.4,38,1,1008.5,322,4,1008.6,68,4,1008.7,214,3,1008.8,566,11
317,2025-11-26 12:45:00+05:30,1008.2,10,1000.13,6560963,373005.0,449717.0,986.2,1012.2,981.3,986.2,120348750,1084.8,887.6,1102.5,649.1,1008.2,168,4,1008.1,889,10,1008.0,4416,36,1007.9,4688,23,1007.8,1721,12,1008.4,38,1,1008.5,322,4,1008.6,68,4,1008.7,214,3,1008.8,566,11
317,2025-11-26 12:45:00+05:30,1008.2,10,1000.13,6560973,372907.0,449715.0,986.2,1012.2,981.3,986.2,120348750,1084.8,887.6,1102.5,649.1,1008.2,70,3,1008.1,889,10,1008.0,4416,36,1007.9,4688,23,1007.8,1721,12,1008.4,38,1,1008.5,322,4,1008.6,68,4,1008.7,214,3,1008.8,566,11
317,2025-11-26 12:45:00+05:30,1008.4,7,1000.13,6560991,372795.0,449918.0,986.2,1012.2,981.3,986.2,120348750,1084.8,887.6,1102.5,649.1,1008.2,61,3,1008.1,785,9,1008.0,4410,39,1007.9,4639,20,1007.8,1706,11,1008.4,29,1,1008.5,422,5,1008.6,214,5,1008.7,214,3,1008.8,566,11
317,2025-11-26 12:45:01+05:30,1008.4,7,1000.13,6560991,372795.0,449918.0,986.2,1012.2,981.3,986.2,120348750,1084.8,887.6,1102.5,649.1,1008.2,61,3,1008.1,785,9,1008.0,4410,39,1007.9,4639,20,1007.8,1706,11,1008.4,29,1,1008.5,422,5,1008.6,214,5,1008.7,214,3,1008.8,566,11
317,2025-11-26 12:45:01+05:30,1008.2,1,1000.13,6561026,373769.0,450384.0,986.2,1012.2,981.3,986.2,120348750,1084.8,887.6,1102.5,649.1,1008.2,26,1,1008.1,633,8,1008.0,4314,37,1007.9,4639,20,1007.8,1706,11,1008.3,94,2,1008.4,54,1,1008.5,186,4,1008.6,233,5,1008.7,266,4
317,2025-11-26 12:45:02+05:30,1008.2,1,1000.13,6561026,373769.0,450384.0,986.2,1012.2,981.3,986.2,120348750,1084.8,887.6,1102.5,649.1,1008.2,26,1,1008.1,633,8,1008.0,4314,37,1007.9,4639,20,1007.8,1706,11,1008.3,94,2,1008.4,54,1,1008.5,186,4,1008.6,233,5,1008.7,266,4
317,2025-11-26 12:45:02+05:30,1008.3,4,1000.13,6561034,373490.0,450410.0,986.2,1012.2,981.3,986.2,120348750,1084.8,887.6,1102.5,649.1,1008.2,26,1,1008.1,633,8,1008.0,4314,37,1007.9,4667,21,1007.8,1706,11,1008.3,86,2,1008.4,54,1,1008.5,186,4,1008.6,218,4,1008.7,266,4
317,2025-11-26 12:45:03+05:30,1008.3,4,1000.13,6561034,373490.0,450410.0,986.2,1012.2,981.3,986.2,120348750,1084.8,887.6,1102.5,649.1,1008.2,26,1,1008.1,633,8,1008.0,4314,37,1007.9,4667,21,1007.8,1706,11,1008.3,86,2,1008.4,54,1,1008.5,186,4,1008.6,218,4,1008.7,266,4
317,2025-11-26 12:45:03+05:30,1008.3,12,1000.13,6561057,373490.0,450513.0,986.2,1012.2,981.3,986.2,120348750,1084.8,887.6,1102.5,649.1,1008.2,26,1,1008.1,633,8,1008.0,4314,37,1007.9,4667,21,1007.8,1706,11,1008.3,82,2,1008.4,54,1,1008.5,186,4,1008.6,218,4,1008.7,266,4
317,2025-11-26 12:45:04+05:30,1008.3,12,1000.13,6561057,373490.0,450513.0,986.2,1012.2,981.3,986.2,120348750,1084.8,887.6,1102.5,649.1,1008.2,26,1,1008.1,633,8,1008.0,4314,37,1007.9,4667,21,1007.8,1706,11,1008.3,82,2,1008.4,54,1,1008.5,186,4,1008.6,218,4,1008.7,266,4
317,2025-11-26 12:45:04+05:30,1008.3,12,1000.13,6561057,376287.0,450667.0,986.2,1012.2,981.3,986.2,120348750,1084.8,887.6,1102.5,649.1,1008.2,26,1,1008.1,1440,10,1008.0,5034,39,1007.9,3221,19,1007.8,1693,10,1008.3,82,2,1008.4,54,1,1008.5,186,4,1008.6,218,4,1008.7,266,4
317,2025-11-26 12:45:06+05:30,1008.3,1,1000.13,6561057,376287.0,450667.0,986.2,1012.2,981.3,986.2,120348750,1084.8,887.6,1102.5,649.1,1008.2,26,1,1008.1,1440,10,1008.0,5034,39,1007.9,3221,19,1007.8,1693,10,1008.3,82,2,1008.4,54,1,1008.5,186,4,1008.6,218,4,1008.7,266,4
317,2025-11-26 12:45:06+05:30,1008.3,1,1000.13,6561062,376436.0,450836.0,986.2,1012.2,981.3,986.2,120348750,1084.8,887.6,1102.5,649.1,1008.2,178,2,1008.1,1497,11,1008.0,6474,40,1007.9,1721,17,1007.8,1693,10,1008.3,77,2,1008.4,54,1,1008.5,186,4,1008.6,218,4,1008.7,266,4
317,2025-11-26 12:45:07+05:30,1008.1,75,1000.13,6561062,376436.0,450836.0,986.2,1012.2,981.3,986.2,120348750,1084.8,887.6,1102.5,649.1,1008.2,178,2,1008.1,1497,11,1008.0,6474,40,1007.9,1721,17,1007.8,1693,10,1008.3,77,2,1008.4,54,1,1008.5,186,4,1008.6,218,4,1008.7,266,4
317,2025-11-26 12:45:07+05:30,1008.1,75,1000.13,6561680,376718.0,450323.0,986.2,1012.2,981.3,986.2,120348750,1084.8,887.6,1102.5,649.1,1008.1,1974,13,1008.0,6525,41,1007.9,2471,18,1007.8,943,9,1007.7,1359,16,1008.3,8,1,1008.4,54,1,1008.5,186,4,1008.6,160,3,1008.7,266,4
317,2025-11-26 12:45:07+05:30,1008.1,75,1000.13,6561849,375556.0,449690.0,986.2,1012.2,981.3,986.2,120348750,1084.8,887.6,1102.5,649.1,1008.1,742,9,1008.0,5609,33,1007.9,3136,17,1007.8,1693,10,1007.7,1359,16,1008.3,75,1,1008.4,79,2,1008.5,186,4,1008.6,160,3,1008.7,253,3
317,2025-11-26 12:45:08+05:30,1008.1,75,1000.13,6561849,375556.0,449690.0,986.2,1012.2,981.3,986.2,120348750,1084.8,887.6,1102.5,649.1,1008.1,742,9,1008.0,5609,33,1007.9,3136,17,1007.8,1693,10,1007.7,1359,16,1008.3,75,1,1008.4,79,2,1008.5,186,4,1008.6,160,3,1008.7,253,3
317,2025-11-26 12:45:09+05:30,1008.1,4,1000.13,6561849,375556.0,449690.0,986.2,1012.2,981.3,986.2,120348750,1084.8,887.6,1102.5,649.1,1008.1,742,9,1008.0,5609,33,1007.9,3136,17,1007.8,1693,10,1007.7,1359,16,1008.3,75,1,1008.4,79,2,1008.5,186,4,1008.6,160,3,1008.7,253,3
317,2025-11-26 12:45:09+05:30,1008.1,4,1000.13,6561896,375704.0,449704.0,986.2,1012.2,981.3,986.2,120348750,1084.8,887.6,1102.5,649.1,1008.1,665,6,1008.0,4265,35,1007.9,4683,22,1007.8,1721,12,1007.7,1314,15,1008.3,75,1,1008.4,79,2,1008.5,186,4,1008.6,160,3,1008.7,257,4
317,2025-11-26 12:45:10+05:30,1008.5,32,1000.13,6561896,375704.0,449704.0,986.2,1012.2,981.3,986.2,120348750,1084.8,887.6,1102.5,649.1,1008.1,665,6,1008.0,4265,35,1007.9,4683,22,1007.8,1721,12,1007.7,1314,15,1008.3,75,1,1008.4,79,2,1008.5,186,4,1008.6,160,3,1008.7,257,4
317,2025-11-26 12:45:10+05:30,1008.5,1,1000.13,6562453,373156.0,448419.0,986.2,1012.2,981.3,986.2,120348750,1084.8,887.6,1102.5,649.1,1008.1,985,9,1008.0,4139,35,1007.9,3092,19,1007.8,1721,12,1007.7,1174,14,1008.5,153,4,1008.6,14,2,1008.7,253,3,1008.8,520,8,1008.9,1248,16
317,2025-11-26 12:45:11+05:30,1008.5,2,1000.13,6562453,373156.0,448419.0,986.2,1012.2,981.3,986.2,120348750,1084.8,887.6,1102.5,649.1,1008.1,985,9,1008.0,4139,35,1007.9,3092,19,1007.8,1721,12,1007.7,1174,14,1008.5,153,4,1008.6,14,2,1008.7,253,3,1008.8,520,8,1008.9,1248,16
317,2025-11-26 12:45:11+05:30,1008.5,2,1000.13,6562550,373126.0,448427.0,986.2,1012.2,981.3,986.2,120348750,1084.8,887.6,1102.5,649.1,1008.1,922,8,1008.0,4161,35,1007.9,3090,18,1007.8,1745,13,1007.7,1163,13,1008.5,151,4,1008.6,160,3,1008.7,253,3,1008.8,530,9,1008.9,1252,17
317,2025-11-26 12:45:12+05:30,1008.5,2,1000.13,6562550,377953.0,449426.0,986.2,1012.2,981.3,986.2,120348750,1084.8,887.6,1102.5,649.1,1008.1,397,7,1008.0,4308,36,1007.9,4590,20,1007.8,1745,13,1007.7,1309,14,1008.3,32,1,1008.5,151,4,1008.6,155,2,1008.7,258,4,1008.8,640,11
317,2025-11-26 12:45:13+05:30,1008.3,23,1000.13,6562550,377953.0,449426.0,986.2,1012.2,981.3,986.2,120348750,1084.8,887.6,1102.5,649.1,1008.1,397,7,1008.0,4308,36,1007.9,4590,20,1007.8,1745,13,1007.7,1309,14,1008.3,32,1,1008.5,151,4,1008.6,155,2,1008.7,258,4,1008.8,640,11
317,2025-11-26 12:45:13+05:30,1008.3,23,1000.13,6562632,377828.0,449530.0,986.2,1012.2,981.3,986.2,120348750,1084.8,887.6,1102.5,649.1,1008.1,361,6,1008.0,4255,35,1007.9,4615,21,1007.8,1729,13,1007.7,1247,14,1008.3,32,1,1008.5,184,5,1008.6,203,3,1008.7,265,4,1008.8,640,11
317,2025-11-26 12:45:14+05:30,1008.1,5,1000.13,6562632,377828.0,449530.0,986.2,1012.2,981.3,986.2,120348750,1084.8,887.6,1102.5,649.1,1008.1,361,6,1008.0,4255,35,1007.9,4615,21,1007.8,1729,13,1007.7,1247,14,1008.3,32,1,1008.5,184,5,1008.6,203,3,1008.7,265,4,1008.8,640,11
317,2025-11-26 12:45:14+05:30,1008.1,5,1000.13,6562853,377874.0,449268.0,986.2,1012.2,981.3,986.2,120348750,1084.8,887.6,1102.5,649.1,1008.2,112,1,1008.1,626,5,1008.0,4188,34,1007.9,4615,21,1007.8,1729,13,1008.3,29,1,1008.5,184,5,1008.6,203,3,1008.7,265,4,1008.8,640,11
317,2025-11-26 12:45:15+05:30,1008.2,25,1000.13,6562853,377874.0,449268.0,986.2,1012.2,981.3,986.2,120348750,1084.8,887.6,1102.5,649.1,1008.2,112,1,1008.1,626,5,1008.0,4188,34,1007.9,4615,21,1007.8,1729,13,1008.3,29,1,1008.5,184,5,1008.6,203,3,1008.7,265,4,1008.8,640,11
317,2025-11-26 12:45:15+05:30,1008.3,2,1000.13,6562881,377861.0,449370.0,986.2,1012.2,981.3,986.2,120348750,1084.8,887.6,1102.5,649.1,1008.2,88,2,1008.1,626,5,1008.0,4188,34,1007.9,4615,21,1007.8,1729,13,1008.3,26,1,1008.5,284,6,1008.6,203,3,1008.7,265,4,1008.8,640,11
317,2025-11-26 12:45:16+05:30,1008.3,1,1000.13,6562881,377861.0,449370.0,986.2,1012.2,981.3,986.2,120348750,1084.8,887.6,1102.5,649.1,1008.2,88,2,1008.1,626,5,1008.0,4188,34,1007.9,4615,21,1007.8,1729,13,1008.3,26,1,1008.5,284,6,1008.6,203,3,1008.7,265,4,1008.8,640,11
317,2025-11-26 12:45:16+05:30,1008.3,1,1000.13,6562882,377858.0,449441.0,986.2,1012.2,981.3,986.2,120348750,1084.8,887.6,1102.5,649.1,1008.2,88,2,1008.1,626,5,1008.0,4253,35,1007.9,4615,21,1007.8,1729,13,1008.3,26,2,1008.4,34,1,1008.5,251,5,1008.6,203,3,1008.7,275,5
317,2025-11-26 12:45:17+05:30,1008.2,6,1000.13,6562882,377858.0,449441.0,986.2,1012.2,981.3,986.2,120348750,1084.8,887.6,1102.5,649.1,1008.2,88,2,1008.1,626,5,1008.0,4253,35,1007.9,4615,21,1007.8,1729,13,1008.3,26,2,1008.4,34,1,1008.5,251,5,1008.6,203,3,1008.7,275,5
317,2025-11-26 12:45:17+05:30,1008.2,4,1000.13,6563153,378212.0,449342.0,986.2,1012.2,981.3,986.2,120348750,1084.8,887.6,1102.5,649.1,1008.1,450,8,1008.0,4239,34,1007.9,4642,23,1007.8,1729,13,1007.7,1342,16,1008.3,1,1,1008.4,34,1,1008.5,251,5,1008.6,203,3,1008.7,222,4
317,2025-11-26 12:45:18+05:30,1008.2,4,1000.13,6563153,378212.0,449342.0,986.2,1012.2,981.3,986.2,120348750,1084.8,887.6,1102.5,649.1,1008.1,450,8,1008.0,4239,34,1007.9,4642,23,1007.8,1729,13,1007.7,1342,16,1008.3,1,1,1008.4,34,1,1008.5,251,5,1008.6,203,3,1008.7,222,4
317,2025-11-26 12:45:18+05:30,1008.2,4,1000.13,6563153,378288.0,449215.0,986.2,1012.2,981.3,986.2,120348750,1084.8,887.6,1102.5,649.1,1008.1,515,9,1008.0,4239,34,1007.9,4642,23,1007.8,1729,13,1007.7,1297,15,1008.3,1,1,1008.4,34,1,1008.5,251,5,1008.6,203,3,1008.7,222,4
317,2025-11-26 12:45:19+05:30,1008.1,28,1000.13,6563203,378243.0,449224.0,986.2,1012.2,981.3,986.2,120348750,1084.8,887.6,1102.5,649.1,1008.1,470,8,1008.0,4239,34,1007.9,4642,23,1007.8,1729,13,1007.7,1297,15,1008.3,1,1,1008.4,34,1,1008.5,251,5,1008.6,209,4,1008.7,222,4
317,2025-11-26 12:45:20+05:30,1008.1,54,1000.13,6563203,378243.0,449224.0,986.2,1012.2,981.3,986.2,120348750,1084.8,887.6,1102.5,649.1,1008.1,470,8,1008.0,4239,34,1007.9,4642,23,1007.8,1729,13,1007.7,1297,15,1008.3,1,1,1008.4,34,1,1008.5,251,5,1008.6,209,4,1008.7,222,4
317,2025-11-26 12:45:20+05:30,1008.2,1,1000.13,6563309,377312.0,448994.0,986.2,1012.2,981.3,986.2,120348750,1084.8,887.6,1102.5,649.1,1008.1,111,3,1008.0,3845,32,1007.9,4615,22,1007.8,1729,13,1007.7,1297,15,1008.2,49,1,1008.3,1,1,1008.4,34,1,1008.5,317,6,1008.6,209,4
317,2025-11-26 12:45:21+05:30,1008.3,1,1000.13,6563309,377312.0,448994.0,986.2,1012.2,981.3,986.2,120348750,1084.8,887.6,1102.5,649.1,1008.1,111,3,1008.0,3845,32,1007.9,4615,22,1007.8,1729,13,1007.7,1297,15,1008.2,49,1,1008.3,1,1,1008.4,34,1,1008.5,317,6,1008.6,209,4
317,2025-11-26 12:45:21+05:30,1008.3,1,1000.14,6563737,376465.0,449114.0,986.2,1012.2,981.3,986.2,120348750,1084.8,887.6,1102.5,649.1,1008.0,3217,22,1007.9,4385,19,1007.8,1558,15,1007.7,1390,17,1007.6,1634,11,1008.4,39,2,1008.5,375,8,1008.6,425,9,1008.7,512,8,1008.8,776,13
317,2025-11-26 12:45:22+05:30,1008.0,4,1000.14,6563737,376465.0,449114.0,986.2,1012.2,981.3,986.2,120348750,1084.8,887.6,1102.5,649.1,1008.0,3217,22,1007.9,4385,19,1007.8,1558,15,1007.7,1390,17,1007.6,1634,11,1008.4,39,2,1008.5,375,8,1008.6,425,9,1008.7,512,8,1008.8,776,13
317,2025-11-26 12:45:22+05:30,1008.2,100,1000.14,6563852,377534.0,448495.0,986.2,1012.2,981.3,986.2,120348750,1084.8,887.6,1102.5,649.1,1008.0,3528,23,1007.9,4661,23,1007.8,1584,16,1007.7,1309,16,1007.6,1650,11,1008.2,24,1,1008.4,34,1,1008.5,312,6,1008.6,301,5,1008.7,697,9
317,2025-11-26 12:45:23+05:30,1008.5,27,1000.14,6563852,377534.0,448495.0,986.2,1012.2,981.3,986.2,120348750,1084.8,887.6,1102.5,649.1,1008.0,3528,23,1007.9,4661,23,1007.8,1584,16,1007.7,1309,16,1007.6,1650,11,1008.2,24,1,1008.4,34,1,1008.5,312,6,1008.6,301,5,1008.7,697,9
317,2025-11-26 12:45:23+05:30,1008.5,27,1000.14,6564190,377596.0,448443.0,986.2,1012.2,981.3,986.2,120348750,1084.8,887.6,1102.5,649.1,1008.2,4,2,1008.1,687,2,1008.0,3515,24,1007.9,4599,21,1007.8,1522,11,1008.5,105,3,1008.6,372,5,1008.7,505,7,1008.8,675,11,1008.9,733,15
317,2025-11-26 12:45:24+05:30,1008.5,20,1000.14,6564190,377596.0,448443.0,986.2,1012.2,981.3,986.2,120348750,1084.8,887.6,1102.5,649.1,1008.2,4,2,1008.1,687,2,1008.0,3515,24,1007.9,4599,21,1007.8,1522,11,1008.5,105,3,1008.6,372,5,1008.7,505,7,1008.8,675,11,1008.9,733,15
317,2025-11-26 12:45:24+05:30,1008.5,20,1000.14,6564303,376182.0,449083.0,986.2,1012.2,981.3,986.2,120348750,1084.8,887.6,1102.5,649.1,1008.2,6,3,1008.1,687,2,1008.0,3515,24,1007.9,3099,19,1007.8,1535,12,1008.5,853,3,1008.6,368,6,1008.7,486,7,1008.8,520,8,1008.9,715,13
317,2025-11-26 12:45:25+05:30,1008.2,50,1000.14,6564303,376182.0,449083.0,986.2,1012.2,981.3,986.2,120348750,1084.8,887.6,1102.5,649.1,1008.2,6,3,1008.1,687,2,1008.0,3515,24,1007.9,3099,19,1007.8,1535,12,1008.5,853,3,1008.6,368,6,1008.7,486,7,1008.8,520,8,1008.9,715,13
317,2025-11-26 12:45:25+05:30,1008.8,1,1000.14,6566548,375922.0,446417.0,986.2,1012.2,981.3,986.2,120348750,1084.8,887.6,1102.5,649.1,1008.5,1,1,1008.4,85,1,1008.3,494,1,1008.2,685,9,1008.1,594,6,1008.8,159,6,1008.9,593,12,1009.0,2910,14,1009.1,502,10,1009.2,1298,10
317,2025-11-26 12:45:26+05:30,1008.8,2,1000.14,6566548,375922.0,446417.0,986.2,1012.2,981.3,986.2,120348750,1084.8,887.6,1102.5,649.1,1008.5,1,1,1008.4,85,1,1008.3,494,1,1008.2,685,9,1008.1,594,6,1008.8,159,6,1008.9,593,12,1009.0,2910,14,1009.1,502,10,1009.2,1298,10
317,2025-11-26 12:45:26+05:30,1008.7,1,1000.14,6566868,377085.0,446021.0,986.2,1012.2,981.3,986.2,120348750,1084.8,887.6,1102.5,649.1,1008.5,697,1,1008.4,99,1,1008.3,112,1,1008.2,1185,11,1008.1,780,7,1008.7,1,1,1008.8,56,2,1008.9,626,12,1009.0,2827,14,1009.1,648,11
317,2025-11-26 12:45:27+05:30,1008.5,140,1000.14,6566868,377085.0,446021.0,986.2,1012.2,981.3,986.2,120348750,1084.8,887.6,1102.5,649.1,1008.5,697,1,1008.4,99,1,1008.3,112,1,1008.2,1185,11,1008.1,780,7,1008.7,1,1,1008.8,56,2,1008.9,626,12,1009.0,2827,14,1009.1,648,11
317,2025-11-26 12:45:27+05:30,1008.5,140,1000.14,6567008,376603.0,446026.0,986.2,1012.2,981.3,986.2,120348750,1084.8,887.6,1102.5,649.1,1008.5,564,2,1008.4,99,1,1008.3,258,2,1008.2,1184,11,1008.1,780,7,1008.7,1,1,1008.8,98,3,1008.9,674,13,1009.0,2827,14,1009.1,661,12
317,2025-11-26 12:45:28+05:30,1008.8,6,1000.14,6567008,376603.0,446026.0,986.2,1012.2,981.3,986.2,120348750,1084.8,887.6,1102.5,649.1,1008.5,564,2,1008.4,99,1,1008.3,258,2,1008.2,1184,11,1008.1,780,7,1008.7,1,1,1008.8,98,3,1008.9,674,13,1009.0,2827,14,1009.1,661,12
317,2025-11-26 12:45:28+05:30,1008.8,6,1000.14,6567022,376179.0,445930.0,986.2,1012.2,981.3,986.2,120348750,1084.8,887.6,1102.5,649.1,1008.5,587,4,1008.4,99,1,1008.3,112,1,1008.2,1184,11,1008.1,852,8,1008.8,157,5,1008.9,587,12,1009.0,2827,14,1009.1,663,13,1009.2,804,9
317,2025-11-26 12:45:29+05:30,1008.8,6,1000.14,6567022,376179.0,445930.0,986.2,1012.2,981.3,986.2,120348750,1084.8,887.6,1102.5,649.1,1008.5,587,4,1008.4,99,1,1008.3,112,1,1008.2,1184,11,1008.1,852,8,1008.8,157,5,1008.9,587,12,1009.0,2827,14,1009.1,663,13,1009.2,804,9
317,2025-11-26 12:45:30+05:30,1008.8,2,1000.14,6567022,376179.0,445930.0,986.2,1012.2,981.3,986.2,120348750,1084.8,887.6,1102.5,649.1,1008.5,587,4,1008.4,99,1,1008.3,112,1,1008.2,1184,11,1008.1,852,8,1008.8,157,5,1008.9,587,12,1009.0,2827,14,1009.1,663,13,1009.2,804,9
317,2025-11-26 12:45:30+05:30,1008.8,25,1000.14,6567085,376182.0,444995.0,986.2,1012.2,981.3,986.2,120348750,1084.8,887.6,1102.5,649.1,1008.5,584,5,1008.3,258,2,1008.2,996,7,1008.1,633,6,1008.0,4136,26,1008.7,358,2,1008.8,321,3,1008.9,978,9,1009.0,3083,22,1009.1,906,14
317,2025-11-26 12:45:31+05:30,1008.7,1,1000.14,6567085,376182.0,444995.0,986.2,1012.2,981.3,986.2,120348750,1084.8,887.6,1102.5,649.1,1008.5,584,5,1008.3,258,2,1008.2,996,7,1008.1,633,6,1008.0,4136,26,1008.7,358,2,1008.8,321,3,1008.9,978,9,1009.0,3083,22,1009.1,906,14
317,2025-11-26 12:45:31+05:30,1008.7,119,1000.14,6567206,375771.0,444893.0,986.2,1012.2,981.3,986.2,120348750,1084.8,887.6,1102.5,649.1,1008.5,579,4,1008.3,258,2,1008.2,996,7,1008.1,730,7,1008.0,4143,24,1008.7,135,2,1008.8,451,5,1008.9,586,9,1009.0,3073,21,1009.1,603,13
317,2025-11-26 12:45:32+05:30,1008.7,119,1000.14,6567206,375771.0,444893.0,986.2,1012.2,981.3,986.2,120348750,1084.8,887.6,1102.5,649.1,1008.5,579,4,1008.3,258,2,1008.2,996,7,1008.1,730,7,1008.0,4143,24,1008.7,135,2,1008.8,451,5,1008.9,586,9,1009.0,3073,21,1009.1,603,13
317,2025-11-26 12:45:32+05:30,1008.6,1,1000.14,6567207,376575.0,444992.0,986.2,1012.2,981.3,986.2,120348750,1084.8,887.6,1102.5,649.1,1008.5,579,4,1008.3,146,1,1008.2,972,10,1008.1,730,7,1008.0,4331,28,1008.6,69,1,1008.7,135,2,1008.8,589,7,1008.9,1028,9,1009.0,3073,21
317,2025-11-26 12:45:33+05:30,1008.6,23,1000.14,6567207,376575.0,444992.0,986.2,1012.2,981.3,986.2,120348750,1084.8,887.6,1102.5,649.1,1008.5,579,4,1008.3,146,1,1008.2,972,10,1008.1,730,7,1008.0,4331,28,1008.6,69,1,1008.7,135,2,1008.8,589,7,1008.9,1028,9,1009.0,3073,21
317,2025-11-26 12:45:33+05:30,1008.6,222,1000.14,6567461,376779.0,444792.0,986.2,1012.2,981.3,986.2,120348750,1084.8,887.6,1102.5,649.1,1008.5,598,4,1008.3,279,2,1008.2,972,10,1008.1,730,7,1008.0,4345,28,1008.6,70,1,1008.7,177,3,1008.8,323,5,1008.9,1070,9,1009.0,3073,21
317,2025-11-26 12:45:34+05:30,1008.5,5,1000.14,6567461,376779.0,444792.0,986.2,1012.2,981.3,986.2,120348750,1084.8,887.6,1102.5,649.1,1008.5,598,4,1008.3,279,2,1008.2,972,10,1008.1,730,7,1008.0,4345,28,1008.6,70,1,1008.7,177,3,1008.8,323,5,1008.9,1070,9,1009.0,3073,21
317,2025-11-26 12:45:34+05:30,1008.6,41,1000.14,6567583,376847.0,444767.0,986.2,1012.2,981.3,986.2,120348750,1084.8,887.6,1102.5,649.1,1008.5,588,4,1008.3,146,1,1008.2,1105,11,1008.1,799,8,1008.0,4345,28,1008.6,29,1,1008.7,104,1,1008.8,414,5,1008.9,946,7,1009.0,3082,22
317,2025-11-26 12:45:35+05:30,1008.6,41,1000.14,6567583,376847.0,444767.0,986.2,1012.2,981.3,986.2,120348750,1084.8,887.6,1102.5,649.1,1008.5,588,4,1008.3,146,1,1008.2,1105,11,1008.1,799,8,1008.0,4345,28,1008.6,29,1,1008.7,104,1,1008.8,414,5,1008.9,946,7,1009.0,3082,22
317,2025-11-26 12:45:35+05:30,1008.6,2,1000.14,6567585,377156.0,444851.0,986.2,1012.2,981.3,986.2,120348750,1084.8,887.6,1102.5,649.1,1008.5,588,4,1008.3,146,1,1008.2,1105,11,1008.1,812,9,1008.0,4332,27,1008.6,27,1,1008.7,104,1,1008.8,239,3,1008.9,578,8,1009.0,3082,22
317,2025-11-26 12:45:36+05:30,1008.6,2,1000.14,6567585,377156.0,444851.0,986.2,1012.2,981.3,986.2,120348750,1084.8,887.6,1102.5,649.1,1008.5,588,4,1008.3,146,1,1008.2,1105,11,1008.1,812,9,1008.0,4332,27,1008.6,27,1,1008.7,104,1,1008.8,239,3,1008.9,578,8,1009.0,3082,22
317,2025-11-26 12:45:36+05:30,1008.5,324,1000.14,6567921,375899.0,445197.0,986.2,1012.2,981.3,986.2,120348750,1084.8,887.6,1102.5,649.1,1008.5,254,4,1008.3,146,1,1008.2,1105,11,1008.1,825,10,1008.0,4393,27,1008.7,104,1,1008.8,239,3,1008.9,578,8,1009.0,3082,22,1009.1,653,12
317,2025-11-26 12:45:37+05:30,1008.5,324,1000.14,6567921,375899.0,445197.0,986.2,1012.2,981.3,986.2,120348750,1084.8,887.6,1102.5,649.1,1008.5,254,4,1008.3,146,1,1008.2,1105,11,1008.1,825,10,1008.0,4393,27,1008.7,104,1,1008.8,239,3,1008.9,578,8,1009.0,3082,22,1009.1,653,12
317,2025-11-26 12:45:37+05:30,1008.5,324,1000.14,6567921,376208.0,445197.0,986.2,1012.2,981.3,986.2,120348750,1084.8,887.6,1102.5,649.1,1008.5,254,4,1008.3,146,1,1008.2,1105,11,1008.1,825,10,1008.0,4393,27,1008.7,104,1,1008.8,239,3,1008.9,578,8,1009.0,3082,22,1009.1,653,12
317,2025-11-26 12:45:38+05:30,1008.5,53,1000.14,6567974,375846.0,445128.0,986.2,1012.2,981.3,986.2,120348750,1084.8,887.6,1102.5,649.1,1008.5,201,4,1008.3,146,1,1008.2,1105,11,1008.1,825,10,1008.0,4393,27,1008.7,104,1,1008.8,239,3,1008.9,578,8,1009.0,3082,22,1009.1,653,12
317,2025-11-26 12:45:39+05:30,1008.7,99,1000.14,6567974,375846.0,445128.0,986.2,1012.2,981.3,986.2,120348750,1084.8,887.6,1102.5,649.1,1008.5,201,4,1008.3,146,1,1008.2,1105,11,1008.1,825,10,1008.0,4393,27,1008.7,104,1,1008.8,239,3,1008.9,578,8,1009.0,3082,22,1009.1,653,12
317,2025-11-26 12:45:39+05:30,1008.5,71,1000.14,6568242,375072.0,444668.0,986.2,1012.2,981.3,986.2,120348750,1084.8,887.6,1102.5,649.1,1008.5,144,6,1008.4,98,1,1008.3,629,3,1008.2,798,13,1008.1,836,11,1008.9,755,7,1009.0,2824,15,1009.1,663,15,1009.2,1007,14,1009.3,538,10
317,2025-11-26 12:45:40+05:30,1008.5,71,1000.14,6568242,375072.0,444668.0,986.2,1012.2,981.3,986.2,120348750,1084.8,887.6,1102.5,649.1,1008.5,144,6,1008.4,98,1,1008.3,629,3,1008.2,798,13,1008.1,836,11,1008.9,755,7,1009.0,2824,15,1009.1,663,15,1009.2,1007,14,1009.3,538,10
317,2025-11-26 12:45:40+05:30,1008.9,1,1000.14,6568243,374876.0,444969.0,986.2,1012.2,981.3,986.2,120348750,1084.8,887.6,1102.5,649.1,1008.5,144,6,1008.4,98,1,1008.3,561,2,1008.2,798,13,1008.1,849,12,1008.9,853,10,1009.0,2829,16,1009.1,668,16,1009.2,1017,15,1009.3,1129,12
317,2025-11-26 12:45:41+05:30,1008.9,2,1000.14,6568243,374876.0,444969.0,986.2,1012.2,981.3,986.2,120348750,1084.8,887.6,1102.5,649.1,1008.5,144,6,1008.4,98,1,1008.3,561,2,1008.2,798,13,1008.1,849,12,1008.9,853,10,1009.0,2829,16,1009.1,668,16,1009.2,1017,15,1009.3,1129,12
317,2025-11-26 12:45:41+05:30,1008.9,1,1000.14,6568246,377016.0,445194.0,986.2,1012.2,981.3,986.2,120348750,1084.8,887.6,1102.5,649.1,1008.5,144,6,1008.4,177,2,1008.3,1104,7,1008.2,759,14,1008.1,1573,11,1008.7,21,1,1008.9,554,8,1009.0,2897,16,1009.1,788,17,1009.2,1055,15
317,2025-11-26 12:45:42+05:30,1008.9,1,1000.14,6568246,377016.0,445194.0,986.2,1012.2,981.3,986.2,120348750,1084.8,887.6,1102.5,649.1,1008.5,144,6,1008.4,177,2,1008.3,1104,7,1008.2,759,14,1008.1,1573,11,1008.7,21,1,1008.9,554,8,1009.0,2897,16,1009.1,788,17,1009.2,1055,15
317,2025-11-26 12:45:42+05:30,1008.9,1,1000.14,6568246,378843.0,445473.0,986.2,1012.2,981.3,986.2,120348750,1084.8,887.6,1102.5,649.1,1008.5,144,6,1008.4,98,1,1008.3,958,7,1008.2,1024,16,1008.1,1573,11,1008.6,82,1,1008.7,21,1,1008.8,5,1,1008.9,554,8,1009.0,2897,16
317,2025-11-26 12:45:43+05:30,1008.6,23,1000.14,6568246,378843.0,445473.0,986.2,1012.2,981.3,986.2,120348750,1084.8,887.6,1102.5,649.1,1008.5,144,6,1008.4,98,1,1008.3,958,7,1008.2,1024,16,1008.1,1573,11,1008.6,82,1,1008.7,21,1,1008.8,5,1,1008.9,554,8,1009.0,2897,16
317,2025-11-26 12:45:43+05:30,1008.5,79,1000.14,6568357,378997.0,445405.0,986.2,1012.2,981.3,986.2,120348750,1084.8,887.6,1102.5,649.1,1008.5,65,6,1008.3,977,8,1008.2,1024,16,1008.1,1593,11,1008.0,6055,29,1008.6,50,1,1008.7,21,1,1008.8,5,1,1008.9,559,9,1009.0,2897,16
317,2025-11-26 12:45:44+05:30,1008.6,1,1000.14,6568357,378997.0,445405.0,986.2,1012.2,981.3,986.2,120348750,1084.8,887.6,1102.5,649.1,1008.5,65,6,1008.3,977,8,1008.2,1024,16,1008.1,1593,11,1008.0,6055,29,1008.6,50,1,1008.7,21,1,1008.8,5,1,1008.9,559,9,1009.0,2897,16
317,2025-11-26 12:45:44+05:30,1008.5,1,1000.14,6568492,377538.0,444905.0,986.2,1012.2,981.3,986.2,120348750,1084.8,887.6,1102.5,649.1,1008.5,64,6,1008.4,278,2,1008.3,1104,8,1008.2,902,15,1008.1,1590,11,1008.7,5,1,1008.9,263,6,1009.0,2968,16,1009.1,619,16,1009.2,1055,15
317,2025-11-26 12:45:45+05:30,1008.4,136,1000.14,6568492,377538.0,444905.0,986.2,1012.2,981.3,986.2,120348750,1084.8,887.6,1102.5,649.1,1008.5,64,6,1008.4,278,2,1008.3,1104,8,1008.2,902,15,1008.1,1590,11,1008.7,5,1,1008.9,263,6,1009.0,2968,16,1009.1,619,16,1009.2,1055,15
317,2025-11-26 12:45:45+05:30,1008.7,2,1000.14,6568694,376983.0,445777.0,986.2,1012.2,981.3,986.2,120348750,1084.8,887.6,1102.5,649.1,1008.4,120,1,1008.3,396,5,1008.2,902,15,1008.1,1547,10,1008.0,5408,29,1008.5,2,1,1008.7,3,1,1008.8,217,3,1008.9,564,9,1009.0,2728,14
317,2025-11-26 12:45:46+05:30,1008.5,1,1000.14,6568694,376983.0,445777.0,986.2,1012.2,981.3,986.2,120348750,1084.8,887.6,1102.5,649.1,1008.4,120,1,1008.3,396,5,1008.2,902,15,1008.1,1547,10,1008.0,5408,29,1008.5,2,1,1008.7,3,1,1008.8,217,3,1008.9,564,9,1009.0,2728,14
317,2025-11-26 12:45:46+05:30,1008.5,1,1000.14,6568695,377732.0,445843.0,986.2,1012.2,981.3,986.2,120348750,1084.8,887.6,1102.5,649.1,1008.3,323,4,1008.2,763,14,1008.1,1575,11,1008.0,6158,30,1007.9,1686,15,1008.5,1,1,1008.7,85,3,1008.8,217,3,1008.9,538,8,1009.0,2728,14
317,2025-11-26 12:45:47+05:30,1008.3,37,1000.14,6568695,377732.0,445843.0,986.2,1012.2,981.3,986.2,120348750,1084.8,887.6,1102.5,649.1,1008.3,323,4,1008.2,763,14,1008.1,1575,11,1008.0,6158,30,1007.9,1686,15,1008.5,1,1,1008.7,85,3,1008.8,217,3,1008.9,538,8,1009.0,2728,14
317,2025-11-26 12:45:47+05:30,1008.3,37,1000.14,6568885,378421.0,446816.0,986.2,1012.2,981.3,986.2,120348750,1084.8,887.6,1102.5,649.1,1008.3,120,1,1008.2,883,15,1008.1,1482,9,1008.0,6158,30,1007.9,1674,14,1008.4,67,1,1008.5,1,1,1008.7,284,3,1008.8,371,4,1008.9,1051,9
317,2025-11-26 12:45:48+05:30,1008.4,89,1000.14,6568885,378421.0,446816.0,986.2,1012.2,981.3,986.2,120348750,1084.8,887.6,1102.5,649.1,1008.3,120,1,1008.2,883,15,1008.1,1482,9,1008.0,6158,30,1007.9,1674,14,1008.4,67,1,1008.5,1,1,1008.7,284,3,1008.8,371,4,1008.9,1051,9
317,2025-11-26 12:45:48+05:30,1008.4,89,1000.14,6568974,379089.0,446543.0,986.2,1012.2,981.3,986.2,120348750,1084.8,887.6,1102.5,649.1,1008.2,652,7,1008.1,1602,10,1008.0,6931,32,1007.9,1701,15,1007.8,731,8,1008.4,61,1,1008.5,1,1,1008.7,284,3,1008.8,411,4,1008.9,846,9
317,2025-11-26 12:45:49+05:30,1008.3,1,1000.14,6569140,377036.0,445271.0,986.2,1012.2,981.3,986.2,120348750,1084.8,887.6,1102.5,649.1,1008.3,645,2,1008.2,625,13,1008.1,1497,10,1008.0,6221,31,1007.9,1713,16,1008.7,82,2,1008.8,447,4,1008.9,367,6,1009.0,2755,14,1009.1,681,17
317,2025-11-26 12:45:50+05:30,1008.7,1,1000.14,6569140,377036.0,445271.0,986.2,1012.2,981.3,986.2,120348750,1084.8,887.6,1102.5,649.1,1008.3,645,2,1008.2,625,13,1008.1,1497,10,1008.0,6221,31,1007.9,1713,16,1008.7,82,2,1008.8,447,4,1008.9,367,6,1009.0,2755,14,1009.1,681,17
317,2025-11-26 12:45:50+05:30,1008.7,1,1000.14,6569143,375825.0,445081.0,986.2,1012.2,981.3,986.2,120348750,1084.8,887.6,1102.5,649.1,1008.3,849,5,1008.2,770,14,1008.1,1497,10,1008.0,4821,30,1007.9,1713,16,1008.7,79,2,1008.8,159,2,1008.9,883,7,1009.0,2815,14,1009.1,685,18
317,2025-11-26 12:45:51+05:30,1008.7,1,1000.14,6569143,375825.0,445081.0,986.2,1012.2,981.3,986.2,120348750,1084.8,887.6,1102.5,649.1,1008.3,849,5,1008.2,770,14,1008.1,1497,10,1008.0,4821,30,1007.9,1713,16,1008.7,79,2,1008.8,159,2,1008.9,883,7,1009.0,2815,14,1009.1,685,18
317,2025-11-26 12:45:51+05:30,1008.4,3,1000.14,6569147,377154.0,445616.0,986.2,1012.2,981.3,986.2,120348750,1084.8,887.6,1102.5,649.1,1008.3,318,4,1008.2,764,14,1008.1,1497,10,1008.0,5571,31,1007.9,1674,14,1008.5,19,1,1008.7,2,2,1008.8,263,3,1008.9,368,5,1009.0,2828,16
317,2025-11-26 12:45:52+05:30,1008.4,3,1000.14,6569147,377154.0,445616.0,986.2,1012.2,981.3,986.2,120348750,1084.8,887.6,1102.5,649.1,1008.3,318,4,1008.2,764,14,1008.1,1497,10,1008.0,5571,31,1007.9,1674,14,1008.5,19,1,1008.7,2,2,1008.8,263,3,1008.9,368,5,1009.0,2828,16
317,2025-11-26 12:45:52+05:30,1008.4,3,1000.14,6569147,378792.0,445846.0,986.2,1012.2,981.3,986.2,120348750,1084.8,887.6,1102.5,649.1,1008.3,555,6,1008.2,764,14,1008.1,1521,11,1008.0,7071,33,1007.9,1674,14,1008.5,19,1,1008.7,2,2,1008.8,263,3,1008.9,368,5,1009.0,2828,16
317,2025-11-26 12:45:53+05:30,1008.5,5,1000.14,6569147,378792.0,445846.0,986.2,1012.2,981.3,986.2,120348750,1084.8,887.6,1102.5,649.1,1008.3,555,6,1008.2,764,14,1008.1,1521,11,1008.0,7071,33,1007.9,1674,14,1008.5,19,1,1008.7,2,2,1008.8,263,3,1008.9,368,5,1009.0,2828,16
317,2025-11-26 12:45:53+05:30,1008.5,22,1000.14,6569178,378195.0,445414.0,986.2,1012.2,981.3,986.2,120348750,1084.8,887.6,1102.5,649.1,1008.3,352,6,1008.2,852,13,1008.1,1547,13,1008.0,6321,32,1007.9,1709,15,1008.5,19,1,1008.7,2,2,1008.8,61,2,1008.9,382,7,1009.0,2771,14
317,2025-11-26 12:45:54+05:30,1008.5,10,1000.14,6569178,378195.0,445414.0,986.2,1012.2,981.3,986.2,120348750,1084.8,887.6,1102.5,649.1,1008.3,352,6,1008.2,852,13,1008.1,1547,13,1008.0,6321,32,1007.9,1709,15,1008.5,19,1,1008.7,2,2,1008.8,61,2,1008.9,382,7,1009.0,2771,14
317,2025-11-26 12:45:54+05:30,1008.5,1,1000.14,6569189,378065.0,445438.0,986.2,1012.2,981.3,986.2,120348750,1084.8,887.6,1102.5,649.1,1008.4,112,1,1008.3,469,8,1008.2,738,12,1008.1,1547,13,1008.0,6321,32,1008.5,8,1,1008.7,2,2,1008.8,73,3,1008.9,370,6,1009.0,2835,15
317,2025-11-26 12:45:55+05:30,1008.5,1,1000.14,6569189,378065.0,445438.0,986.2,1012.2,981.3,986.2,120348750,1084.8,887.6,1102.5,649.1,1008.4,112,1,1008.3,469,8,1008.2,738,12,1008.1,1547,13,1008.0,6321,32,1008.5,8,1,1008.7,2,2,1008.8,73,3,1008.9,370,6,1009.0,2835,15
317,2025-11-26 12:45:55+05:30,1008.8,12,1000.14,6569355,376579.0,444716.0,986.2,1012.2,981.3,986.2,120348750,1084.8,887.6,1102.5,649.1,1008.4,423,6,1008.3,1289,11,1008.2,731,12,1008.1,1617,13,1008.0,5571,31,1008.8,44,2,1008.9,728,4,1009.0,2635,12,1009.1,615,10,1009.2,1316,13
317,2025-11-26 12:45:56+05:30,1008.8,12,1000.14,6569355,376579.0,444716.0,986.2,1012.2,981.3,986.2,120348750,1084.8,887.6,1102.5,649.1,1008.4,423,6,1008.3,1289,11,1008.2,731,12,1008.1,1617,13,1008.0,5571,31,1008.8,44,2,1008.9,728,4,1009.0,2635,12,1009.1,615,10,1009.2,1316,13
317,2025-11-26 12:45:56+05:30,1008.8,12,1000.14,6569355,378368.0,444715.0,986.2,1012.2,981.3,986.2,120348750,1084.8,887.6,1102.5,649.1,1008.6,112,1,1008.5,6,2,1008.4,247,4,1008.3,1112,9,1008.2,1199,16,1008.7,109,2,1008.8,13,1,1008.9,345,4,1009.0,2749,13,1009.1,624,10
317,2025-11-26 12:45:57+05:30,1008.7,2,1000.14,6569355,378368.0,444715.0,986.2,1012.2,981.3,986.2,120348750,1084.8,887.6,1102.5,649.1,1008.6,112,1,1008.5,6,2,1008.4,247,4,1008.3,1112,9,1008.2,1199,16,1008.7,109,2,1008.8,13,1,1008.9,345,4,1009.0,2749,13,1009.1,624,10
317,2025-11-26 12:45:57+05:30,1008.7,2,1000.14,6569357,381054.0,444980.0,986.2,1012.2,981.3,986.2,120348750,1084.8,887.6,1102.5,649.1,1008.6,112,1,1008.5,5,1,1008.4,443,7,1008.3,3477,14,1008.2,1199,16,1008.7,107,2,1008.8,78,2,1008.9,357,5,1009.0,2830,15,1009.1,552,9
317,2025-11-26 12:45:58+05:30,1008.7,2,1000.14,6569357,382893.0,444151.0,986.2,1012.2,981.3,986.2,120348750,1084.8,887.6,1102.5,649.1,1008.6,136,3,1008.5,625,8,1008.4,1519,12,1008.3,4658,17,1008.2,1786,16,1008.7,107,2,1008.8,79,2,1008.9,1,1,1009.0,2483,10,1009.1,459,7
317,2025-11-26 12:45:59+05:30,1008.7,1,1000.14,6569357,382893.0,444151.0,986.2,1012.2,981.3,986.2,120348750,1084.8,887.6,1102.5,649.1,1008.6,136,3,1008.5,625,8,1008.4,1519,12,1008.3,4658,17,1008.2,1786,16,1008.7,107,2,1008.8,79,2,1008.9,1,1,1009.0,2483,10,1009.1,459,7
317,2025-11-26 12:45:59+05:30,1008.7,1,1000.14,6569359,382893.0,443976.0,986.2,1012.2,981.3,986.2,120348750,1084.8,887.6,1102.5,649.1,1008.6,250,4,1008.5,511,7,1008.4,1519,12,1008.3,4658,17,1008.2,1786,16,1008.7,105,2,1008.8,79,2,1008.9,1,1,1009.0,2337,9,1009.1,459,7
317,2025-11-26 12:46:00+05:30,1008.7,1,1000.14,6569359,382893.0,443976.0,986.2,1012.2,981.3,986.2,120348750,1084.8,887.6,1102.5,649.1,1008.6,250,4,1008.5,511,7,1008.4,1519,12,1008.3,4658,17,1008.2,1786,16,1008.7,105,2,1008.8,79,2,1008.9,1,1,1009.0,2337,9,1009.1,459,7
317,2025-11-26 12:46:00+05:30,1008.7,3,1000.14,6569371,382841.0,443747.0,986.2,1012.2,981.3,986.2,120348750,1084.8,887.6,1102.5,649.1,1008.6,278,5,1008.5,500,7,1008.4,1555,13,1008.3,4658,17,1008.2,1823,17,1008.7,102,3,1008.8,79,2,1008.9,1,1,1009.0,2337,9,1009.1,349,6
317,2025-11-26 12:46:01+05:30,1008.7,1,1000.14,6569371,382841.0,443747.0,986.2,1012.2,981.3,986.2,120348750,1084.8,887.6,1102.5,649.1,1008.6,278,5,1008.5,500,7,1008.4,1555,13,1008.3,4658,17,1008.2,1823,17,1008.7,102,3,1008.8,79,2,1008.9,1,1,1009.0,2337,9,1009.1,349,6
317,2025-11-26 12:46:01+05:30,1008.7,39,1000.14,6569422,383311.0,443961.0,986.2,1012.2,981.3,986.2,120348750,1084.8,887.6,1102.5,649.1,1008.6,128,3,1008.5,436,6,1008.4,1658,14,1008.3,4658,17,1008.2,1823,17,1008.7,394,4,1008.8,14,1,1008.9,1,1,1009.0,2342,10,1009.1,349,6
317,2025-11-26 12:46:02+05:30,1008.6,55,1000.14,6569422,383311.0,443961.0,986.2,1012.2,981.3,986.2,120348750,1084.8,887.6,1102.5,649.1,1008.6,128,3,1008.5,436,6,1008.4,1658,14,1008.3,4658,17,1008.2,1823,17,1008.7,394,4,1008.8,14,1,1008.9,1,1,1009.0,2342,10,1009.1,349,6
317,2025-11-26 12:46:02+05:30,1008.6,3,1000.14,6569480,382618.0,443973.0,986.2,1012.2,981.3,986.2,120348750,1084.8,887.6,1102.5,649.1,1008.6,59,2,1008.5,280,4,1008.4,1697,14,1008.3,4663,18,1008.2,1823,17,1008.7,394,4,1008.8,14,1,1008.9,1,1,1009.0,2486,11,1009.1,349,6
317,2025-11-26 12:46:03+05:30,1008.7,23,1000.14,6569480,382618.0,443973.0,986.2,1012.2,981.3,986.2,120348750,1084.8,887.6,1102.5,649.1,1008.6,59,2,1008.5,280,4,1008.4,1697,14,1008.3,4663,18,1008.2,1823,17,1008.7,394,4,1008.8,14,1,1008.9,1,1,1009.0,2486,11,1009.1,349,6
317,2025-11-26 12:46:03+05:30,1008.7,23,1000.14,6569511,382679.0,444021.0,986.2,1012.2,981.3,986.2,120348750,1084.8,887.6,1102.5,649.1,1008.6,59,2,1008.5,280,4,1008.4,1758,15,1008.3,4663,18,1008.2,1823,17,1008.7,363,4,1008.8,14,1,1008.9,1,1,1009.0,2486,11,1009.1,349,6
317,2025-11-26 12:46:04+05:30,1008.8,132,1000.14,6570116,383303.0,441475.0,986.2,1012.2,981.3,986.2,120348750,1084.8,887.6,1102.5,649.1,1008.8,145,1,1008.6,105,3,1008.5,795,5,1008.4,2961,12,1008.3,3465,18,1008.9,1,1,1009.0,1342,9,1009.1,145,4,1009.2,521,6,1009.3,549,7
317,2025-11-26 12:46:05+05:30,1009.0,104,1000.14,6570116,383303.0,441475.0,986.2,1012.2,981.3,986.2,120348750,1084.8,887.6,1102.5,649.1,1008.8,145,1,1008.6,105,3,1008.5,795,5,1008.4,2961,12,1008.3,3465,18,1008.9,1,1,1009.0,1342,9,1009.1,145,4,1009.2,521,6,1009.3,549,7
317,2025-11-26 12:46:05+05:30,1008.9,1,1000.14,6570277,383805.0,440933.0,986.2,1012.2,981.3,986.2,120348750,1084.8,887.6,1102.5,649.1,1008.8,205,3,1008.7,242,4,1008.6,890,8,1008.5,1779,11,1008.4,3342,21,1008.9,16,1,1009.0,1238,9,1009.1,6,2,1009.2,360,3,1009.3,496,6
317,2025-11-26 12:46:06+05:30,1008.9,1,1000.14,6570277,383805.0,440933.0,986.2,1012.2,981.3,986.2,120348750,1084.8,887.6,1102.5,649.1,1008.8,205,3,1008.7,242,4,1008.6,890,8,1008.5,1779,11,1008.4,3342,21,1008.9,16,1,1009.0,1238,9,1009.1,6,2,1009.2,360,3,1009.3,496,6
317,2025-11-26 12:46:06+05:30,1008.9,1,1000.14,6570278,383724.0,441336.0,986.2,1012.2,981.3,986.2,120348750,1084.8,887.6,1102.5,649.1,1008.8,158,2,1008.7,52,2,1008.6,993,9,1008.5,1952,13,1008.4,3342,21,1008.9,15,1,1009.0,1278,10,1009.1,6,2,1009.2,364,4,1009.3,496,6
317,2025-11-26 12:46:07+05:30,1009.0,5,1000.14,6570278,383724.0,441336.0,986.2,1012.2,981.3,986.2,120348750,1084.8,887.6,1102.5,649.1,1008.8,158,2,1008.7,52,2,1008.6,993,9,1008.5,1952,13,1008.4,3342,21,1008.9,15,1,1009.0,1278,10,1009.1,6,2,1009.2,364,4,1009.3,496,6
317,2025-11-26 12:46:07+05:30,1009.0,5,1000.14,6570303,382792.0,441248.0,986.2,1012.2,981.3,986.2,120348750,1084.8,887.6,1102.5,649.1,1008.8,158,2,1008.7,172,3,1008.6,993,9,1008.5,1952,13,1008.4,2592,20,1009.0,1268,10,1009.1,6,2,1009.2,364,4,1009.3,496,6,1009.4,1095,8
317,2025-11-26 12:46:08+05:30,1009.0,324,1000.14,6570303,382792.0,441248.0,986.2,1012.2,981.3,986.2,120348750,1084.8,887.6,1102.5,649.1,1008.8,158,2,1008.7,172,3,1008.6,993,9,1008.5,1952,13,1008.4,2592,20,1009.0,1268,10,1009.1,6,2,1009.2,364,4,1009.3,496,6,1009.4,1095,8
317,2025-11-26 12:46:08+05:30,1009.0,1,1000.15,6571337,383722.0,440286.0,986.2,1012.2,981.3,986.2,120348750,1084.8,887.6,1102.5,649.1,1008.8,244,3,1008.7,623,7,1008.6,947,11,1008.5,3621,12,1008.4,1816,19,1009.0,230,5,1009.1,6,2,1009.2,150,2,1009.3,353,5,1009.4,705,8
317,2025-11-26 12:46:09+05:30,1009.0,1,1000.15,6571337,383722.0,440286.0,986.2,1012.2,981.3,986.2,120348750,1084.8,887.6,1102.5,649.1,1008.8,244,3,1008.7,623,7,1008.6,947,11,1008.5,3621,12,1008.4,1816,19,1009.0,230,5,1009.1,6,2,1009.2,150,2,1009.3,353,5,1009.4,705,8
317,2025-11-26 12:46:09+05:30,1009.0,1,1000.15,6571337,383279.0,440224.0,986.2,1012.2,981.3,986.2,120348750,1084.8,887.6,1102.5,649.1,1008.8,157,2,1008.7,928,10,1008.6,1563,10,1008.5,3621,12,1008.4,2566,20,1008.9,236,1,1009.0,230,5,1009.1,6,2,1009.2,4,1,1009.3,265,4
317,2025-11-26 12:46:10+05:30,1008.9,1,1000.15,6571338,384133.0,440212.0,986.2,1012.2,981.3,986.2,120348750,1084.8,887.6,1102.5,649.1,1008.8,157,2,1008.7,928,10,1008.6,1596,11,1008.5,4432,15,1008.4,2566,20,1008.9,235,1,1009.0,222,4,1009.1,6,2,1009.2,4,1,1009.3,266,5
317,2025-11-26 12:46:11+05:30,1008.9,2,1000.15,6571338,384133.0,440212.0,986.2,1012.2,981.3,986.2,120348750,1084.8,887.6,1102.5,649.1,1008.8,157,2,1008.7,928,10,1008.6,1596,11,1008.5,4432,15,1008.4,2566,20,1008.9,235,1,1009.0,222,4,1009.1,6,2,1009.2,4,1,1009.3,266,5
317,2025-11-26 12:46:11+05:30,1008.9,2,1000.15,6571340,384234.0,440240.0,986.2,1012.2,981.3,986.2,120348750,1084.8,887.6,1102.5,649.1,1008.8,258,4,1008.7,928,10,1008.6,1596,11,1008.5,4432,15,1008.4,2566,20,1008.9,233,1,1009.0,223,5,1009.1,6,2,1009.2,4,1,1009.3,266,5
317,2025-11-26 12:46:12+05:30,1008.8,1,1000.15,6571340,384234.0,440240.0,986.2,1012.2,981.3,986.2,120348750,1084.8,887.6,1102.5,649.1,1008.8,258,4,1008.7,928,10,1008.6,1596,11,1008.5,4432,15,1008.4,2566,20,1008.9,233,1,1009.0,223,5,1009.1,6,2,1009.2,4,1,1009.3,266,5
317,2025-11-26 12:46:12+05:30,1008.9,82,1000.15,6571806,383296.0,440318.0,986.2,1012.2,981.3,986.2,120348750,1084.8,887.6,1102.5,649.1,1008.7,514,7,1008.6,1489,10,1008.5,4406,14,1008.4,1896,19,1008.3,836,13,1008.9,151,1,1009.0,223,5,1009.1,6,2,1009.2,4,1,1009.3,682,4
317,2025-11-26 12:46:13+05:30,1008.9,6,1000.15,6571806,383296.0,440318.0,986.2,1012.2,981.3,986.2,120348750,1084.8,887.6,1102.5,649.1,1008.7,514,7,1008.6,1489,10,1008.5,4406,14,1008.4,1896,19,1008.3,836,13,1008.9,151,1,1009.0,223,5,1009.1,6,2,1009.2,4,1,1009.3,682,4
317,2025-11-26 12:46:13+05:30,1008.7,73,1000.15,6571917,383032.0,440577.0,986.2,1012.2,981.3,986.2,120348750,1084.8,887.6,1102.5,649.1,1008.7,347,6,1008.6,1583,11,1008.5,4433,15,1008.4,1896,19,1008.3,836,13,1008.9,118,1,1009.0,223,5,1009.1,6,2,1009.2,4,1,1009.3,826,5
317,2025-11-26 12:46:14+05:30,1008.9,3,1000.15,6571917,383032.0,440577.0,986.2,1012.2,981.3,986.2,120348750,1084.8,887.6,1102.5,649.1,1008.7,347,6,1008.6,1583,11,1008.5,4433,15,1008.4,1896,19,1008.3,836,13,1008.9,118,1,1009.0,223,5,1009.1,6,2,1009.2,4,1,1009.3,826,5
317,2025-11-26 12:46:14+05:30,1008.9,3,1000.15,6571920,383038.0,440716.0,986.2,1012.2,981.3,986.2,120348750,1084.8,887.6,1102.5,649.1,1008.8,293,3,1008.7,347,6,1008.6,1595,11,1008.5,4433,15,1008.4,1896,19,1008.9,115,1,1009.0,223,5,1009.1,6,2,1009.2,148,2,1009.3,828,6
317,2025-11-26 12:46:15+05:30,1008.9,2,1000.15,6571922,382974.0,440692.0,986.2,1012.2,981.3,986.2,120348750,1084.8,887.6,1102.5,649.1,1008.8,199,2,1008.7,282,5,1008.6,1663,13,1008.5,4474,18,1008.4,1832,15,1008.9,113,1,1009.0,223,5,1009.1,6,2,1009.2,148,2,1009.3,828,6
317,2025-11-26 12:46:16+05:30,1008.9,2,1000.15,6571922,382974.0,440692.0,986.2,1012.2,981.3,986.2,120348750,1084.8,887.6,1102.5,649.1,1008.8,199,2,1008.7,282,5,1008.6,1663,13,1008.5,4474,18,1008.4,1832,15,1008.9,113,1,1009.0,223,5,1009.1,6,2,1009.2,148,2,1009.3,828,6
317,2025-11-26 12:46:16+05:30,1008.9,2,1000.15,6571924,383104.0,440718.0,986.2,1012.2,981.3,986.2,120348750,1084.8,887.6,1102.5,649.1,1008.8,199,2,1008.7,347,6,1008.6,1728,14,1008.5,4474,18,1008.4,1832,15,1008.9,111,1,1009.0,223,5,1009.1,6,2,1009.2,148,2,1009.3,828,6
317,2025-11-26 12:46:17+05:30,1008.8,83,1000.15,6571924,383104.0,440718.0,986.2,1012.2,981.3,986.2,120348750,1084.8,887.6,1102.5,649.1,1008.8,199,2,1008.7,347,6,1008.6,1728,14,1008.5,4474,18,1008.4,1832,15,1008.9,111,1,1009.0,223,5,1009.1,6,2,1009.2,148,2,1009.3,828,6
317,2025-11-26 12:46:17+05:30,1008.9,1,1000.15,6572120,382909.0,440717.0,986.2,1012.2,981.3,986.2,120348750,1084.8,887.6,1102.5,649.1,1008.8,4,1,1008.7,347,6,1008.6,1728,14,1008.5,4474,18,1008.4,1832,15,1008.9,110,1,1009.0,223,5,1009.1,6,2,1009.2,148,2,1009.3,828,6
317,2025-11-26 12:46:18+05:30,1008.9,1,1000.15,6572120,382909.0,440717.0,986.2,1012.2,981.3,986.2,120348750,1084.8,887.6,1102.5,649.1,1008.8,4,1,1008.7,347,6,1008.6,1728,14,1008.5,4474,18,1008.4,1832,15,1008.9,110,1,1009.0,223,5,1009.1,6,2,1009.2,148,2,1009.3,828,6
317,2025-11-26 12:46:18+05:30,1008.9,10,1000.15,6572130,382907.0,440685.0,986.2,1012.2,981.3,986.2,120348750,1084.8,887.6,1102.5,649.1,1008.8,4,1,1008.7,347,6,1008.6,1728,14,1008.5,4474,18,1008.4,1832,15,1008.9,100,1,1009.0,223,5,1009.1,6,2,1009.2,148,2,1009.3,876,7
317,2025-11-26 12:46:19+05:30,1008.9,10,1000.15,6572130,382907.0,440685.0,986.2,1012.2,981.3,986.2,120348750,1084.8,887.6,1102.5,649.1,1008.8,4,1,1008.7,347,6,1008.6,1728,14,1008.5,4474,18,1008.4,1832,15,1008.9,100,1,1009.0,223,5,1009.1,6,2,1009.2,148,2,1009.3,876,7
317,2025-11-26 12:46:19+05:30,1008.9,10,1000.15,6572130,382909.0,440649.0,986.2,1012.2,981.3,986.2,120348750,1084.8,887.6,1102.5,649.1,1008.8,4,1,1008.7,347,6,1008.6,1728,14,1008.5,4474,18,1008.4,1832,15,1008.9,100,1,1009.0,223,5,1009.1,6,2,1009.2,148,2,1009.3,876,7
317,2025-11-26 12:46:20+05:30,1008.7,1,1000.15,6572130,382909.0,440649.0,986.2,1012.2,981.3,986.2,120348750,1084.8,887.6,1102.5,649.1,1008.8,4,1,1008.7,347,6,1008.6,1728,14,1008.5,4474,18,1008.4,1832,15,1008.9,100,1,1009.0,223,5,1009.1,6,2,1009.2,148,2,1009.3,876,7
317,2025-11-26 12:46:20+05:30,1008.9,2,1000.15,6572137,382711.0,440768.0,986.2,1012.2,981.3,986.2,120348750,1084.8,887.6,1102.5,649.1,1008.7,210,4,1008.6,1728,14,1008.5,4474,18,1008.4,1832,15,1008.3,821,12,1008.9,98,1,1009.0,223,5,1009.1,6,2,1009.2,148,2,1009.3,876,7
317,2025-11-26 12:46:21+05:30,1008.9,1,1000.15,6572137,382711.0,440768.0,986.2,1012.2,981.3,986.2,120348750,1084.8,887.6,1102.5,649.1,1008.7,210,4,1008.6,1728,14,1008.5,4474,18,1008.4,1832,15,1008.3,821,12,1008.9,98,1,1009.0,223,5,1009.1,6,2,1009.2,148,2,1009.3,876,7
317,2025-11-26 12:46:21+05:30,1008.9,1,1000.15,6572138,382744.0,440817.0,986.2,1012.2,981.3,986.2,120348750,1084.8,887.6,1102.5,649.1,1008.7,258,5,1008.6,1728,14,1008.5,4474,18,1008.4,1832,15,1008.3,821,12,1008.9,97,1,1009.0,223,5,1009.1,6,2,1009.2,148,2,1009.3,876,7
317,2025-11-26 12:46:22+05:30,1008.8,1,1000.15,6572138,382744.0,440817.0,986.2,1012.2,981.3,986.2,120348750,1084.8,887.6,1102.5,649.1,1008.7,258,5,1008.6,1728,14,1008.5,4474,18,1008.4,1832,15,1008.3,821,12,1008.9,97,1,1009.0,223,5,1009.1,6,2,1009.2,148,2,1009.3,876,7
317,2025-11-26 12:46:22+05:30,1008.8,1,1000.15,6572399,382792.0,440015.0,986.2,1012.2,981.3,986.2,120348750,1084.8,887.6,1102.5,649.1,1008.8,188,2,1008.7,729,9,1008.6,2155,15,1008.5,3854,17,1008.4,1832,15,1009.0,220,5,1009.1,6,2,1009.2,148,2,1009.3,207,4,1009.4,1130,7
317,2025-11-26 12:46:23+05:30,1009.0,23,1000.15,6572399,382792.0,440015.0,986.2,1012.2,981.3,986.2,120348750,1084.8,887.6,1102.5,649.1,1008.8,188,2,1008.7,729,9,1008.6,2155,15,1008.5,3854,17,1008.4,1832,15,1009.0,220,5,1009.1,6,2,1009.2,148,2,1009.3,207,4,1009.4,1130,7
317,2025-11-26 12:46:23+05:30,1009.0,23,1000.15,6572432,383427.0,439947.0,986.2,1012.2,981.3,986.2,120348750,1084.8,887.6,1102.5,649.1,1008.8,98,1,1008.7,729,9,1008.6,2246,16,1008.5,3854,17,1008.4,2500,16,1009.0,187,5,1009.1,6,2,1009.2,4,1,1009.3,723,4,1009.4,601,8
317,2025-11-26 12:46:24+05:30,1009.0,23,1000.15,6572432,383441.0,440015.0,986.2,1012.2,981.3,986.2,120348750,1084.8,887.6,1102.5,649.1,1008.8,98,1,1008.7,809,10,1008.6,2246,16,1008.5,3854,17,1008.4,2500,16,1009.0,189,6,1009.1,6,2,1009.2,45,2,1009.3,723,4,1009.4,601,8
317,2025-11-26 12:46:25+05:30,1008.9,1,1000.15,6572435,386255.0,439976.0,986.2,1012.2,981.3,986.2,120348750,1084.8,887.6,1102.5,649.1,1008.8,98,1,1008.7,667,8,1008.6,3341,18,1008.5,4634,19,1008.4,2502,17,1008.9,140,1,1009.0,189,6,1009.1,6,2,1009.2,45,2,1009.3,723,4
317,2025-11-26 12:46:26+05:30,1008.9,2,1000.15,6572435,386255.0,439976.0,986.2,1012.2,981.3,986.2,120348750,1084.8,887.6,1102.5,649.1,1008.8,98,1,1008.7,667,8,1008.6,3341,18,1008.5,4634,19,1008.4,2502,17,1008.9,140,1,1009.0,189,6,1009.1,6,2,1009.2,45,2,1009.3,723,4
317,2025-11-26 12:46:26+05:30,1008.9,2,1000.15,6572464,385755.0,439949.0,986.2,1012.2,981.3,986.2,120348750,1084.8,887.6,1102.5,649.1,1008.8,95,1,1008.7,667,8,1008.6,3341,18,1008.5,4634,19,1008.4,2502,17,1008.9,114,1,1009.0,189,6,1009.1,6,2,1009.2,45,2,1009.3,725,5
317,2025-11-26 12:46:27+05:30,1008.8,39,1000.15,6572464,385755.0,439949.0,986.2,1012.2,981.3,986.2,120348750,1084.8,887.6,1102.5,649.1,1008.8,95,1,1008.7,667,8,1008.6,3341,18,1008.5,4634,19,1008.4,2502,17,1008.9,114,1,1009.0,189,6,1009.1,6,2,1009.2,45,2,1009.3,725,5
317,2025-11-26 12:46:27+05:30,1008.9,1,1000.15,6572505,385667.0,439916.0,986.2,1012.2,981.3,986.2,120348750,1084.8,887.6,1102.5,649.1,1008.8,96,3,1008.7,808,10,1008.6,3250,17,1008.5,4634,19,1008.4,2502,17,1008.9,112,1,1009.0,189,6,1009.1,6,2,1009.2,45,2,1009.3,725,5
317,2025-11-26 12:46:28+05:30,1008.9,1,1000.15,6572505,385667.0,439916.0,986.2,1012.2,981.3,986.2,120348750,1084.8,887.6,1102.5,649.1,1008.8,96,3,1008.7,808,10,1008.6,3250,17,1008.5,4634,19,1008.4,2502,17,1008.9,112,1,1009.0,189,6,1009.1,6,2,1009.2,45,2,1009.3,725,5
317,2025-11-26 12:46:28+05:30,1008.9,1,1000.15,6572505,385774.0,439957.0,986.2,1012.2,981.3,986.2,120348750,1084.8,887.6,1102.5,649.1,1008.8,69,2,1008.7,808,10,1008.6,3250,17,1008.5,4634,19,1008.4,2502,17,1008.9,112,1,1009.0,204,7,1009.1,6,2,1009.2,45,2,1009.3,725,5
317,2025-11-26 12:46:29+05:30,1008.9,1,1000.15,6572505,385774.0,440004.0,986.2,1012.2,981.3,986.2,120348750,1084.8,887.6,1102.5,649.1,1008.8,69,2,1008.7,808,10,1008.6,3159,16,1008.5,4725,20,1008.4,2502,17,1008.9,161,2,1009.0,204,7,1009.1,6,2,1009.2,45,2,1009.3,725,5
317,2025-11-26 12:46:30+05:30,1008.9,20,1000.15,6572505,385774.0,440004.0,986.2,1012.2,981.3,986.2,120348750,1084.8,887.6,1102.5,649.1,1008.8,69,2,1008.7,808,10,1008.6,3159,16,1008.5,4725,20,1008.4,2502,17,1008.9,161,2,1009.0,204,7,1009.1,6,2,1009.2,45,2,1009.3,725,5
317,2025-11-26 12:46:30+05:30,1008.9,20,1000.15,6572525,385836.0,439984.0,986.2,1012.2,981.3,986.2,120348750,1084.8,887.6,1102.5,649.1,1008.8,69,2,1008.7,810,11,1008.6,3159,16,1008.5,4725,20,1008.4,2502,17,1008.9,141,2,1009.0,204,7,1009.1,6,2,1009.2,45,2,1009.3,725,5
317,2025-11-26 12:46:31+05:30,1009.0,1,1000.15,6572525,385836.0,439984.0,986.2,1012.2,981.3,986.2,120348750,1084.8,887.6,1102.5,649.1,1008.8,69,2,1008.7,810,11,1008.6,3159,16,1008.5,4725,20,1008.4,2502,17,1008.9,141,2,1009.0,204,7,1009.1,6,2,1009.2,45,2,1009.3,725,5
317,2025-11-26 12:46:31+05:30,1009.0,1,1000.15,6572680,385075.0,439776.0,986.2,1012.2,981.3,986.2,120348750,1084.8,887.6,1102.5,649.1,1008.8,278,6,1008.7,654,10,1008.6,3189,17,1008.5,3854,17,1008.4,2502,17,1009.0,203,7,1009.1,6,2,1009.2,45,2,1009.3,745,5,1009.4,598,6
317,2025-11-26 12:46:32+05:30,1009.1,20,1000.15,6572680,385075.0,439776.0,986.2,1012.2,981.3,986.2,120348750,1084.8,887.6,1102.5,649.1,1008.8,278,6,1008.7,654,10,1008.6,3189,17,1008.5,3854,17,1008.4,2502,17,1009.0,203,7,1009.1,6,2,1009.2,45,2,1009.3,745,5,1009.4,598,6
317,2025-11-26 12:46:32+05:30,1009.1,20,1000.15,6575097,386840.0,438976.0,986.2,1012.2,981.3,986.2,120348750,1084.8,887.6,1102.5,649.1,1009.0,1,1,1008.9,891,3,1008.8,747,7,1008.7,1127,9,1008.6,4943,22,1009.1,2,1,1009.2,45,2,1009.3,10,3,1009.4,810,3,1009.5,580,11
317,2025-11-26 12:46:33+05:30,1009.1,11,1000.15,6575097,386840.0,438976.0,986.2,1012.2,981.3,986.2,120348750,1084.8,887.6,1102.5,649.1,1009.0,1,1,1008.9,891,3,1008.8,747,7,1008.7,1127,9,1008.6,4943,22,1009.1,2,1,1009.2,45,2,1009.3,10,3,1009.4,810,3,1009.5,580,11
317,2025-11-26 12:46:33+05:30,1009.1,69,1000.15,6575199,386068.0,439233.0,986.2,1012.2,981.3,986.2,120348750,1084.8,887.6,1102.5,649.1,1009.0,1,1,1008.9,870,2,1008.8,750,7,1008.7,1257,11,1008.6,4193,21,1009.2,47,3,1009.3,11,4,1009.4,545,1,1009.5,580,11,1009.6,741,12
317,2025-11-26 12:46:34+05:30,1009.2,34,1000.15,6575199,386068.0,439233.0,986.2,1012.2,981.3,986.2,120348750,1084.8,887.6,1102.5,649.1,1009.0,1,1,1008.9,870,2,1008.8,750,7,1008.7,1257,11,1008.6,4193,21,1009.2,47,3,1009.3,11,4,1009.4,545,1,1009.5,580,11,1009.6,741,12
317,2025-11-26 12:46:34+05:30,1009.2,34,1000.15,6575378,386295.0,439340.0,986.2,1012.2,981.3,986.2,120348750,1084.8,887.6,1102.5,649.1,1009.0,1,1,1008.9,1173,6,1008.8,1148,10,1008.7,1346,12,1008.6,4107,20,1009.1,35,1,1009.2,14,4,1009.3,9,3,1009.4,660,3,1009.5,580,11
317,2025-11-26 12:46:35+05:30,1009.1,112,1000.15,6575378,386295.0,439340.0,986.2,1012.2,981.3,986.2,120348750,1084.8,887.6,1102.5,649.1,1009.0,1,1,1008.9,1173,6,1008.8,1148,10,1008.7,1346,12,1008.6,4107,20,1009.1,35,1,1009.2,14,4,1009.3,9,3,1009.4,660,3,1009.5,580,11
317,2025-11-26 12:46:35+05:30,1009.1,1,1000.15,6575493,386015.0,439318.0,986.2,1012.2,981.3,986.2,120348750,1084.8,887.6,1102.5,649.1,1009.0,1,1,1008.9,950,3,1008.8,1320,12,1008.7,1372,14,1008.6,4081,18,1009.1,35,3,1009.2,14,4,1009.3,9,3,1009.4,658,2,1009.5,581,12
317,2025-11-26 12:46:36+05:30,1009.1,1,1000.15,6575493,386015.0,439318.0,986.2,1012.2,981.3,986.2,120348750,1084.8,887.6,1102.5,649.1,1009.0,1,1,1008.9,950,3,1008.8,1320,12,1008.7,1372,14,1008.6,4081,18,1009.1,35,3,1009.2,14,4,1009.3,9,3,1009.4,658,2,1009.5,581,12
317,2025-11-26 12:46:36+05:30,1009.1,1,1000.15,6575494,386231.0,439249.0,986.2,1012.2,981.3,986.2,120348750,1084.8,887.6,1102.5,649.1,1009.0,1,1,1008.9,950,3,1008.8,1427,13,1008.7,1477,15,1008.6,4081,18,1009.1,34,3,1009.2,14,4,1009.3,9,3,1009.4,658,2,1009.5,581,12
317,2025-11-26 12:46:37+05:30,1009.1,1,1000.15,6575494,386315.0,439314.0,986.2,1012.2,981.3,986.2,120348750,1084.8,887.6,1102.5,649.1,1009.0,2,2,1008.9,950,3,1008.8,1449,14,1008.7,1501,16,1008.6,4091,19,1009.1,34,3,1009.2,3,2,1009.3,12,4,1009.4,658,2,1009.5,581,12
317,2025-11-26 12:46:38+05:30,1009.1,1,1000.15,6575494,388667.0,437003.0,986.2,1012.2,981.3,986.2,120348750,1084.8,887.6,1102.5,649.1,1009.0,88,3,1008.9,1437,8,1008.8,2132,17,1008.7,4421,18,1008.6,1895,16,1009.1,34,3,1009.2,3,2,1009.3,11,4,1009.5,1055,10,1009.6,611,9
317,2025-11-26 12:46:39+05:30,1009.1,1,1000.15,6575494,389254.0,437186.0,986.2,1012.2,981.3,986.2,120348750,1084.8,887.6,1102.5,649.1,1009.0,1370,7,1008.9,1319,7,1008.8,3716,20,1008.7,3778,18,1008.6,1895,16,1009.1,34,3,1009.2,3,2,1009.3,11,4,1009.5,540,9,1009.6,1192,9
317,2025-11-26 12:46:40+05:30,1009.0,6,1000.15,6575494,389254.0,437186.0,986.2,1012.2,981.3,986.2,120348750,1084.8,887.6,1102.5,649.1,1009.0,1370,7,1008.9,1319,7,1008.8,3716,20,1008.7,3778,18,1008.6,1895,16,1009.1,34,3,1009.2,3,2,1009.3,11,4,1009.5,540,9,1009.6,1192,9
317,2025-11-26 12:46:40+05:30,1009.1,1,1000.15,6575503,388108.0,437639.0,986.2,1012.2,981.3,986.2,120348750,1084.8,887.6,1102.5,649.1,1009.0,1246,5,1008.9,2118,9,1008.8,4019,21,1008.7,2278,16,1008.6,1836,14,1009.1,33,3,1009.2,3,2,1009.3,11,4,1009.5,479,8,1009.6,1192,9
317,2025-11-26 12:46:41+05:30,1009.2,1,1000.15,6575503,388108.0,437639.0,986.2,1012.2,981.3,986.2,120348750,1084.8,887.6,1102.5,649.1,1009.0,1246,5,1008.9,2118,9,1008.8,4019,21,1008.7,2278,16,1008.6,1836,14,1009.1,33,3,1009.2,3,2,1009.3,11,4,1009.5,479,8,1009.6,1192,9
317,2025-11-26 12:46:41+05:30,1009.2,1,1000.15,6575556,389375.0,436331.0,986.2,1012.2,981.3,986.2,120348750,1084.8,887.6,1102.5,649.1,1009.2,1031,2,1009.1,1145,3,1009.0,1484,8,1008.9,2254,11,1008.8,3936,21,1009.3,11,4,1009.5,142,4,1009.6,889,7,1009.7,1607,10,1009.8,919,14
317,2025-11-26 12:46:42+05:30,1009.3,2,1000.15,6575556,389375.0,436331.0,986.2,1012.2,981.3,986.2,120348750,1084.8,887.6,1102.5,649.1,1009.2,1031,2,1009.1,1145,3,1009.0,1484,8,1008.9,2254,11,1008.8,3936,21,1009.3,11,4,1009.5,142,4,1009.6,889,7,1009.7,1607,10,1009.8,919,14
317,2025-11-26 12:46:42+05:30,1009.3,2,1000.15,6575556,389375.0,436331.0,986.2,1012.2,981.3,986.2,120348750,1084.8,887.6,1102.5,649.1,1009.2,1031,2,1009.1,1145,3,1009.0,1484,8,1008.9,2254,11,1008.8,3936,21,1009.3,11,4,1009.5,142,4,1009.6,889,7,1009.7,1607,10,1009.8,919,14
317,2025-11-26 12:46:42+05:30,1009.2,70,1000.15,6577040,385695.0,435192.0,986.2,1012.2,981.3,986.2,120348750,1084.8,887.6,1102.5,649.1,1009.2,314,3,1009.1,1000,1,1009.0,1289,5,1008.9,1395,9,1008.8,3019,16,1009.5,117,3,1009.6,417,10,1009.7,1536,8,1009.8,468,13,1009.9,1053,18
317,2025-11-26 12:46:42+05:30,1009.2,70,1000.15,6577040,385695.0,435192.0,986.2,1012.2,981.3,986.2,120348750,1084.8,887.6,1102.5,649.1,1009.2,314,3,1009.1,1000,1,1009.0,1289,5,1008.9,1395,9,1008.8,3019,16,1009.5,117,3,1009.6,417,10,1009.7,1536,8,1009.8,468,13,1009.9,1053,18
317,2025-11-26 12:46:43+05:30,1009.5,41,1000.15,6577040,385695.0,435192.0,986.2,1012.2,981.3,986.2,120348750,1084.8,887.6,1102.5,649.1,1009.2,314,3,1009.1,1000,1,1009.0,1289,5,1008.9,1395,9,1008.8,3019,16,1009.5,117,3,1009.6,417,10,1009.7,1536,8,1009.8,468,13,1009.9,1053,18
317,2025-11-26 12:46:43+05:30,1009.5,41,1000.15,6577040,385695.0,435192.0,986.2,1012.2,981.3,986.2,120348750,1084.8,887.6,1102.5,649.1,1009.2,314,3,1009.1,1000,1,1009.0,1289,5,1008.9,1395,9,1008.8,3019,16,1009.5,117,3,1009.6,417,10,1009.7,1536,8,1009.8,468,13,1009.9,1053,18
317,2025-11-26 12:46:43+05:30,1009.3,15,1000.15,6577402,385436.0,436851.0,986.2,1012.2,981.3,986.2,120348750,1084.8,887.6,1102.5,649.1,1009.2,327,4,1009.1,1382,5,1009.0,1555,8,1008.9,1494,12,1008.8,3880,16,1009.3,8,1,1009.5,236,3,1009.6,56,6,1009.7,1441,7,1009.8,996,12
317,2025-11-26 12:46:43+05:30,1009.3,15,1000.15,6577402,385436.0,436851.0,986.2,1012.2,981.3,986.2,120348750,1084.8,887.6,1102.5,649.1,1009.2,327,4,1009.1,1382,5,1009.0,1555,8,1008.9,1494,12,1008.8,3880,16,1009.3,8,1,1009.5,236,3,1009.6,56,6,1009.7,1441,7,1009.8,996,12
317,2025-11-26 12:46:44+05:30,1009.3,2,1000.15,6577402,385436.0,436851.0,986.2,1012.2,981.3,986.2,120348750,1084.8,887.6,1102.5,649.1,1009.2,327,4,1009.1,1382,5,1009.0,1555,8,1008.9,1494,12,1008.8,3880,16,1009.3,8,1,1009.5,236,3,1009.6,56,6,1009.7,1441,7,1009.8,996,12
317,2025-11-26 12:46:44+05:30,1009.3,2,1000.15,6577402,385436.0,436851.0,986.2,1012.2,981.3,986.2,120348750,1084.8,887.6,1102.5,649.1,1009.2,327,4,1009.1,1382,5,1009.0,1555,8,1008.9,1494,12,1008.8,3880,16,1009.3,8,1,1009.5,236,3,1009.6,56,6,1009.7,1441,7,1009.8,996,12
317,2025-11-26 12:46:44+05:30,1009.3,60,1000.15,6577465,384708.0,436602.0,986.2,1012.2,981.3,986.2,120348750,1084.8,887.6,1102.5,649.1,1009.2,324,4,1009.1,1305,4,1009.0,1732,10,1008.9,1494,12,1008.8,3880,16,1009.5,236,3,1009.6,580,6,1009.7,1518,8,1009.8,403,10,1009.9,627,13
317,2025-11-26 12:46:44+05:30,1009.3,60,1000.15,6577465,384708.0,436602.0,986.2,1012.2,981.3,986.2,120348750,1084.8,887.6,1102.5,649.1,1009.2,324,4,1009.1,1305,4,1009.0,1732,10,1008.9,1494,12,1008.8,3880,16,1009.5,236,3,1009.6,580,6,1009.7,1518,8,1009.8,403,10,1009.9,627,13
317,2025-11-26 12:46:45+05:30,1009.3,60,1000.15,6577465,384708.0,436602.0,986.2,1012.2,981.3,986.2,120348750,1084.8,887.6,1102.5,649.1,1009.2,324,4,1009.1,1305,4,1009.0,1732,10,1008.9,1494,12,1008.8,3880,16,1009.5,236,3,1009.6,580,6,1009.7,1518,8,1009.8,403,10,1009.9,627,13
317,2025-11-26 12:46:45+05:30,1009.3,60,1000.15,6577465,384708.0,436602.0,986.2,1012.2,981.3,986.2,120348750,1084.8,887.6,1102.5,649.1,1009.2,324,4,1009.1,1305,4,1009.0,1732,10,1008.9,1494,12,1008.8,3880,16,1009.5,236,3,1009.6,580,6,1009.7,1518,8,1009.8,403,10,1009.9,627,13
317,2025-11-26 12:46:45+05:30,1009.3,60,1000.15,6577465,384708.0,436602.0,986.2,1012.2,981.3,986.2,120348750,1084.8,887.6,1102.5,649.1,1009.2,324,4,1009.1,1305,4,1009.0,1732,10,1008.9,1494,12,1008.8,3880,16,1009.5,236,3,1009.6,580,6,1009.7,1518,8,1009.8,403,10,1009.9,627,13
317,2025-11-26 12:46:45+05:30,1009.5,3,1000.15,6577468,384017.0,436761.0,986.2,1012.2,981.3,986.2,120348750,1084.8,887.6,1102.5,649.1,1009.2,324,4,1009.1,1305,4,1009.0,1578,8,1008.9,1648,14,1008.8,3130,15,1009.5,233,3,1009.6,579,5,1009.7,1595,9,1009.8,404,11,1009.9,925,14
317,2025-11-26 12:46:45+05:30,1009.5,3,1000.15,6577468,384017.0,436761.0,986.2,1012.2,981.3,986.2,120348750,1084.8,887.6,1102.5,649.1,1009.2,324,4,1009.1,1305,4,1009.0,1578,8,1008.9,1648,14,1008.8,3130,15,1009.5,233,3,1009.6,579,5,1009.7,1595,9,1009.8,404,11,1009.9,925,14
317,2025-11-26 12:46:46+05:30,1009.5,1,1000.15,6577468,384017.0,436761.0,986.2,1012.2,981.3,986.2,120348750,1084.8,887.6,1102.5,649.1,1009.2,324,4,1009.1,1305,4,1009.0,1578,8,1008.9,1648,14,1008.8,3130,15,1009.5,233,3,1009.6,579,5,1009.7,1595,9,1009.8,404,11,1009.9,925,14
317,2025-11-26 12:46:46+05:30,1009.5,1,1000.15,6577468,384017.0,436761.0,986.2,1012.2,981.3,986.2,120348750,1084.8,887.6,1102.5,649.1,1009.2,324,4,1009.1,1305,4,1009.0,1578,8,1008.9,1648,14,1008.8,3130,15,1009.5,233,3,1009.6,579,5,1009.7,1595,9,1009.8,404,11,1009.9,925,14
317,2025-11-26 12:46:46+05:30,1009.5,1,1000.15,6577468,384017.0,436761.0,986.2,1012.2,981.3,986.2,120344250,1084.8,887.6,1102.5,649.1,1009.2,324,4,1009.1,1305,4,1009.0,1578,8,1008.9,1648,14,1008.8,3130,15,1009.5,233,3,1009.6,579,5,1009.7,1595,9,1009.8,404,11,1009.9,925,14
317,2025-11-26 12:46:46+05:30,1009.5,1,1000.15,6577470,384000.0,436763.0,986.2,1012.2,981.3,986.2,120344250,1084.8,887.6,1102.5,649.1,1009.2,324,4,1009.1,1305,4,1009.0,1578,8,1008.9,1648,14,1008.8,3130,15,1009.5,236,3,1009.6,578,4,1009.7,1595,9,1009.8,404,11,1009.9,925,14
317,2025-11-26 12:46:46+05:30,1009.5,1,1000.15,6577470,384000.0,436763.0,986.2,1012.2,981.3,986.2,120344250,1084.8,887.6,1102.5,649.1,1009.2,324,4,1009.1,1305,4,1009.0,1578,8,1008.9,1648,14,1008.8,3130,15,1009.5,236,3,1009.6,578,4,1009.7,1595,9,1009.8,404,11,1009.9,925,14
317,2025-11-26 12:46:47+05:30,1009.2,50,1000.15,6577470,384000.0,436763.0,986.2,1012.2,981.3,986.2,120344250,1084.8,887.6,1102.5,649.1,1009.2,324,4,1009.1,1305,4,1009.0,1578,8,1008.9,1648,14,1008.8,3130,15,1009.5,236,3,1009.6,578,4,1009.7,1595,9,1009.8,404,11,1009.9,925,14
317,2025-11-26 12:46:47+05:30,1009.2,50,1000.15,6577470,384000.0,436763.0,986.2,1012.2,981.3,986.2,120344250,1084.8,887.6,1102.5,649.1,1009.2,324,4,1009.1,1305,4,1009.0,1578,8,1008.9,1648,14,1008.8,3130,15,1009.5,236,3,1009.6,578,4,1009.7,1595,9,1009.8,404,11,1009.9,925,14
317,2025-11-26 12:46:47+05:30,1009.2,50,1000.15,6577520,384019.0,436461.0,986.2,1012.2,981.3,986.2,120344250,1084.8,887.6,1102.5,649.1,1009.2,274,4,1009.1,1108,2,1009.0,1525,7,1008.9,1648,14,1008.8,3199,16,1009.5,236,3,1009.6,194,4,1009.7,1595,9,1009.8,406,12,1009.9,925,14
317,2025-11-26 12:46:48+05:30,1009.2,1,1000.15,6577521,383963.0,436711.0,986.2,1012.2,981.3,986.2,120344250,1084.8,887.6,1102.5,649.1,1009.2,273,4,1009.1,1108,2,1009.0,1525,7,1008.9,1648,14,1008.8,3199,16,1009.5,236,3,1009.6,194,4,1009.7,1595,9,1009.8,514,13,1009.9,1037,15
317,2025-11-26 12:46:49+05:30,1009.2,1,1000.15,6577521,383963.0,436711.0,986.2,1012.2,981.3,986.2,120344250,1084.8,887.6,1102.5,649.1,1009.2,273,4,1009.1,1108,2,1009.0,1525,7,1008.9,1648,14,1008.8,3199,16,1009.5,236,3,1009.6,194,4,1009.7,1595,9,1009.8,514,13,1009.9,1037,15
317,2025-11-26 12:46:49+05:30,1009.2,1,1000.15,6577521,384383.0,437503.0,986.2,1012.2,981.3,986.2,120344250,1084.8,887.6,1102.5,649.1,1009.2,273,4,1009.1,1000,1,1009.0,1389,6,1008.9,1571,13,1008.8,3276,17,1009.5,277,4,1009.6,948,8,1009.7,1445,8,1009.8,514,13,1009.9,1239,16
317,2025-11-26 12:46:50+05:30,1009.5,80,1000.15,6577521,384383.0,437503.0,986.2,1012.2,981.3,986.2,120344250,1084.8,887.6,1102.5,649.1,1009.2,273,4,1009.1,1000,1,1009.0,1389,6,1008.9,1571,13,1008.8,3276,17,1009.5,277,4,1009.6,948,8,1009.7,1445,8,1009.8,514,13,1009.9,1239,16
317,2025-11-26 12:46:50+05:30,1009.5,1,1000.15,6577602,384312.0,436721.0,986.2,1012.2,981.3,986.2,120344250,1084.8,887.6,1102.5,649.1,1009.2,273,4,1009.1,1144,2,1009.0,1389,6,1008.9,1571,13,1008.8,3276,17,1009.5,155,3,1009.6,194,4,1009.7,1539,9,1009.8,514,13,1009.9,1037,15
317,2025-11-26 12:46:51+05:30,1009.5,1,1000.15,6577602,384312.0,436721.0,986.2,1012.2,981.3,986.2,120344250,1084.8,887.6,1102.5,649.1,1009.2,273,4,1009.1,1144,2,1009.0,1389,6,1008.9,1571,13,1008.8,3276,17,1009.5,155,3,1009.6,194,4,1009.7,1539,9,1009.8,514,13,1009.9,1037,15
317,2025-11-26 12:46:51+05:30,1009.5,1,1000.15,6577603,384345.0,436716.0,986.2,1012.2,981.3,986.2,120344250,1084.8,887.6,1102.5,649.1,1009.2,273,4,1009.1,1144,2,1009.0,1389,6,1008.9,1571,13,1008.8,3276,17,1009.5,154,3,1009.6,194,4,1009.7,1585,10,1009.8,516,14,1009.9,1037,15
317,2025-11-26 12:46:52+05:30,1009.5,1,1000.15,6577603,386666.0,437656.0,986.2,1012.2,981.3,986.2,120344250,1084.8,887.6,1102.5,649.1,1009.2,273,4,1009.1,1216,3,1009.0,1512,8,1008.9,1494,12,1008.8,4699,18,1009.3,55,1,1009.5,154,3,1009.6,799,6,1009.7,1620,10,1009.8,588,15
317,2025-11-26 12:46:53+05:30,1009.3,23,1000.15,6577603,386666.0,437656.0,986.2,1012.2,981.3,986.2,120344250,1084.8,887.6,1102.5,649.1,1009.2,273,4,1009.1,1216,3,1009.0,1512,8,1008.9,1494,12,1008.8,4699,18,1009.3,55,1,1009.5,154,3,1009.6,799,6,1009.7,1620,10,1009.8,588,15
317,2025-11-26 12:46:53+05:30,1009.3,1,1000.15,6577636,386703.0,437631.0,986.2,1012.2,981.3,986.2,120344250,1084.8,887.6,1102.5,649.1,1009.2,360,5,1009.1,1249,4,1009.0,1665,10,1008.9,1494,12,1008.8,4712,19,1009.3,22,1,1009.4,62,1,1009.5,154,3,1009.6,824,7,1009.7,1566,9
317,2025-11-26 12:46:54+05:30,1009.3,1,1000.15,6577636,386703.0,437631.0,986.2,1012.2,981.3,986.2,120344250,1084.8,887.6,1102.5,649.1,1009.2,360,5,1009.1,1249,4,1009.0,1665,10,1008.9,1494,12,1008.8,4712,19,1009.3,22,1,1009.4,62,1,1009.5,154,3,1009.6,824,7,1009.7,1566,9
317,2025-11-26 12:46:54+05:30,1009.3,1,1000.15,6577637,386647.0,437586.0,986.2,1012.2,981.3,986.2,120344250,1084.8,887.6,1102.5,649.1,1009.2,360,5,1009.1,1249,4,1009.0,1593,9,1008.9,1566,13,1008.8,4712,19,1009.3,23,3,1009.4,62,1,1009.5,153,2,1009.6,799,6,1009.7,1566,9
317,2025-11-26 12:46:55+05:30,1009.3,89,1000.15,6577637,386647.0,437586.0,986.2,1012.2,981.3,986.2,120344250,1084.8,887.6,1102.5,649.1,1009.2,360,5,1009.1,1249,4,1009.0,1593,9,1008.9,1566,13,1008.8,4712,19,1009.3,23,3,1009.4,62,1,1009.5,153,2,1009.6,799,6,1009.7,1566,9
317,2025-11-26 12:46:55+05:30,1009.3,12,1000.15,6577779,386459.0,437557.0,986.2,1012.2,981.3,986.2,120344250,1084.8,887.6,1102.5,649.1,1009.2,360,5,1009.1,1198,3,1009.0,1470,7,1008.9,1566,13,1008.8,4784,20,1009.3,25,1,1009.4,62,1,1009.5,153,2,1009.6,799,6,1009.7,1566,9
317,2025-11-26 12:46:56+05:30,1009.3,3,1000.15,6577779,386459.0,437557.0,986.2,1012.2,981.3,986.2,120344250,1084.8,887.6,1102.5,649.1,1009.2,360,5,1009.1,1198,3,1009.0,1470,7,1008.9,1566,13,1008.8,4784,20,1009.3,25,1,1009.4,62,1,1009.5,153,2,1009.6,799,6,1009.7,1566,9
317,2025-11-26 12:46:56+05:30,1009.3,3,1000.15,6577783,386468.0,437548.0,986.2,1012.2,981.3,986.2,120344250,1084.8,887.6,1102.5,649.1,1009.2,359,5,1009.1,1198,3,1009.0,1470,7,1008.9,1566,13,1008.8,4784,20,1009.3,22,1,1009.4,62,1,1009.5,153,2,1009.6,799,6,1009.7,1566,9
317,2025-11-26 12:46:57+05:30,1009.2,127,1000.15,6577783,386468.0,437548.0,986.2,1012.2,981.3,986.2,120344250,1084.8,887.6,1102.5,649.1,1009.2,359,5,1009.1,1198,3,1009.0,1470,7,1008.9,1566,13,1008.8,4784,20,1009.3,22,1,1009.4,62,1,1009.5,153,2,1009.6,799,6,1009.7,1566,9
317,2025-11-26 12:46:57+05:30,1009.2,50,1000.15,6578537,388172.0,437371.0,986.2,1012.2,981.3,986.2,120344250,1084.8,887.6,1102.5,649.1,1009.1,2545,15,1009.0,5399,18,1008.9,2131,10,1008.8,1043,14,1008.7,934,13,1009.2,50,1,1009.3,2,1,1009.4,62,1,1009.5,153,2,1009.6,261,4
317,2025-11-26 12:46:58+05:30,1009.2,50,1000.15,6578537,388172.0,437371.0,986.2,1012.2,981.3,986.2,120344250,1084.8,887.6,1102.5,649.1,1009.1,2545,15,1009.0,5399,18,1008.9,2131,10,1008.8,1043,14,1008.7,934,13,1009.2,50,1,1009.3,2,1,1009.4,62,1,1009.5,153,2,1009.6,261,4
317,2025-11-26 12:46:58+05:30,1009.2,100,1000.16,6578637,388044.0,435915.0,986.2,1012.2,981.3,986.2,120344250,1084.8,887.6,1102.5,649.1,1009.1,2481,15,1009.0,5471,19,1008.9,2131,10,1008.8,1043,14,1008.7,934,13,1009.2,12,1,1009.3,2,1,1009.4,62,1,1009.5,148,1,1009.6,119,4
317,2025-11-26 12:46:59+05:30,1009.2,100,1000.16,6578637,388044.0,435915.0,986.2,1012.2,981.3,986.2,120344250,1084.8,887.6,1102.5,649.1,1009.1,2481,15,1009.0,5471,19,1008.9,2131,10,1008.8,1043,14,1008.7,934,13,1009.2,12,1,1009.3,2,1,1009.4,62,1,1009.5,148,1,1009.6,119,4
317,2025-11-26 12:46:59+05:30,1009.2,100,1000.16,6578637,388057.0,436083.0,986.2,1012.2,981.3,986.2,120344250,1084.8,887.6,1102.5,649.1,1009.1,2494,16,1009.0,5471,19,1008.9,2131,10,1008.8,1043,14,1008.7,934,13,1009.2,14,2,1009.3,2,1,1009.4,62,1,1009.5,148,1,1009.6,263,5
317,2025-11-26 12:47:00+05:30,1009.1,1,1000.16,6578637,388057.0,436083.0,986.2,1012.2,981.3,986.2,120344250,1084.8,887.6,1102.5,649.1,1009.1,2494,16,1009.0,5471,19,1008.9,2131,10,1008.8,1043,14,1008.7,934,13,1009.2,14,2,1009.3,2,1,1009.4,62,1,1009.5,148,1,1009.6,263,5
317,2025-11-26 12:47:00+05:30,1009.1,8,1000.16,6578647,388590.0,436140.0,986.2,1012.2,981.3,986.2,120344250,1084.8,887.6,1102.5,649.1,1009.1,2485,16,1009.0,5471,19,1008.9,2131,10,1008.8,1043,14,1008.7,934,13,1009.2,14,3,1009.3,67,2,1009.5,148,1,1009.6,153,4,1009.7,1256,5
317,2025-11-26 12:47:01+05:30,1009.2,1,1000.16,6578647,388590.0,436140.0,986.2,1012.2,981.3,986.2,120344250,1084.8,887.6,1102.5,649.1,1009.1,2485,16,1009.0,5471,19,1008.9,2131,10,1008.8,1043,14,1008.7,934,13,1009.2,14,3,1009.3,67,2,1009.5,148,1,1009.6,153,4,1009.7,1256,5
317,2025-11-26 12:47:01+05:30,1009.1,209,1000.16,6578985,388099.0,437352.0,986.2,1012.2,981.3,986.2,120344250,1084.8,887.6,1102.5,649.1,1009.1,1767,11,1009.0,5536,20,1008.9,2131,10,1008.8,1002,13,1008.7,944,14,1009.2,13,3,1009.3,67,2,1009.5,350,2,1009.6,703,5,1009.7,1256,5
317,2025-11-26 12:47:02+05:30,1009.1,209,1000.16,6578985,388099.0,437352.0,986.2,1012.2,981.3,986.2,120344250,1084.8,887.6,1102.5,649.1,1009.1,1767,11,1009.0,5536,20,1008.9,2131,10,1008.8,1002,13,1008.7,944,14,1009.2,13,3,1009.3,67,2,1009.5,350,2,1009.6,703,5,1009.7,1256,5
317,2025-11-26 12:47:02+05:30,1009.2,1,1000.16,6578998,387412.0,438078.0,986.2,1012.2,981.3,986.2,120344250,1084.8,887.6,1102.5,649.1,1009.2,5,3,1009.1,1897,13,1009.0,5509,19,1008.9,1407,10,1008.8,976,12,1009.3,67,2,1009.5,350,2,1009.6,703,5,1009.7,1316,7,1009.8,795,12
317,2025-11-26 12:47:03+05:30,1009.2,1,1000.16,6578998,387412.0,438078.0,986.2,1012.2,981.3,986.2,120344250,1084.8,887.6,1102.5,649.1,1009.2,5,3,1009.1,1897,13,1009.0,5509,19,1008.9,1407,10,1008.8,976,12,1009.3,67,2,1009.5,350,2,1009.6,703,5,1009.7,1316,7,1009.8,795,12
317,2025-11-26 12:47:03+05:30,1009.2,1,1000.16,6578998,387622.0,437231.0,986.2,1012.2,981.3,986.2,120344250,1084.8,887.6,1102.5,649.1,1009.2,92,4,1009.1,1950,11,1009.0,5573,23,1008.9,1407,10,1008.8,976,12,1009.3,67,2,1009.5,148,1,1009.6,163,5,1009.7,1316,7,1009.8,1330,13
317,2025-11-26 12:47:04+05:30,1009.2,20,1000.16,6579029,387704.0,437159.0,986.2,1012.2,981.3,986.2,120344250,1084.8,887.6,1102.5,649.1,1009.2,900,7,1009.1,2594,12,1009.0,5586,20,1008.9,672,10,1008.8,907,11,1009.3,73,3,1009.4,31,1,1009.5,148,1,1009.6,153,4,1009.7,1205,5
317,2025-11-26 12:47:05+05:30,1009.3,49,1000.16,6579029,387704.0,437159.0,986.2,1012.2,981.3,986.2,120344250,1084.8,887.6,1102.5,649.1,1009.2,900,7,1009.1,2594,12,1009.0,5586,20,1008.9,672,10,1008.8,907,11,1009.3,73,3,1009.4,31,1,1009.5,148,1,1009.6,153,4,1009.7,1205,5
317,2025-11-26 12:47:05+05:30,1009.3,2,1000.16,6579082,388816.0,437202.0,986.2,1012.2,981.3,986.2,120344250,1084.8,887.6,1102.5,649.1,1009.2,900,7,1009.1,4094,14,1009.0,4086,18,1008.9,672,10,1008.8,1573,12,1009.3,20,3,1009.4,31,1,1009.5,148,1,1009.6,9,3,1009.7,1205,5
317,2025-11-26 12:47:06+05:30,1009.2,750,1000.16,6579082,388816.0,437202.0,986.2,1012.2,981.3,986.2,120344250,1084.8,887.6,1102.5,649.1,1009.2,900,7,1009.1,4094,14,1009.0,4086,18,1008.9,672,10,1008.8,1573,12,1009.3,20,3,1009.4,31,1,1009.5,148,1,1009.6,9,3,1009.7,1205,5
317,2025-11-26 12:47:06+05:30,1009.3,8,1000.16,6580007,384313.0,439501.0,986.2,1012.2,981.3,986.2,120344250,1084.8,887.6,1102.5,649.1,1009.1,680,2,1009.0,1304,5,1008.9,785,5,1008.8,3543,16,1008.7,1837,17,1009.3,67,2,1009.4,231,4,1009.5,639,7,1009.6,629,10,1009.7,1767,12
317,2025-11-26 12:47:07+05:30,1009.3,8,1000.16,6580007,384313.0,439501.0,986.2,1012.2,981.3,986.2,120344250,1084.8,887.6,1102.5,649.1,1009.1,680,2,1009.0,1304,5,1008.9,785,5,1008.8,3543,16,1008.7,1837,17,1009.3,67,2,1009.4,231,4,1009.5,639,7,1009.6,629,10,1009.7,1767,12
317,2025-11-26 12:47:07+05:30,1009.1,20,1000.16,6580027,384108.0,439439.0,986.2,1012.2,981.3,986.2,120344250,1084.8,887.6,1102.5,649.1,1009.1,660,2,1009.0,1240,4,1008.9,766,5,1008.8,3611,17,1008.7,1837,17,1009.3,67,2,1009.4,185,3,1009.5,593,6,1009.6,684,12,1009.7,1767,12
317,2025-11-26 12:47:08+05:30,1009.1,20,1000.16,6580027,384108.0,439439.0,986.2,1012.2,981.3,986.2,120344250,1084.8,887.6,1102.5,649.1,1009.1,660,2,1009.0,1240,4,1008.9,766,5,1008.8,3611,17,1008.7,1837,17,1009.3,67,2,1009.4,185,3,1009.5,593,6,1009.6,684,12,1009.7,1767,12
317,2025-11-26 12:47:08+05:30,1009.1,128,1000.16,6580204,384307.0,440222.0,986.2,1012.2,981.3,986.2,120344250,1084.8,887.6,1102.5,649.1,1009.1,532,2,1009.0,1130,3,1008.9,953,7,1008.8,3540,16,1008.7,1837,17,1009.2,2,1,1009.3,18,2,1009.4,387,4,1009.5,600,6,1009.6,743,14
317,2025-11-26 12:47:09+05:30,1009.1,128,1000.16,6580204,384307.0,440222.0,986.2,1012.2,981.3,986.2,120344250,1084.8,887.6,1102.5,649.1,1009.1,532,2,1009.0,1130,3,1008.9,953,7,1008.8,3540,16,1008.7,1837,17,1009.2,2,1,1009.3,18,2,1009.4,387,4,1009.5,600,6,1009.6,743,14
317,2025-11-26 12:47:09+05:30,1009.2,1,1000.16,6580205,385391.0,440328.0,986.2,1012.2,981.3,986.2,120344250,1084.8,887.6,1102.5,649.1,1009.1,532,2,1009.0,1130,3,1008.9,953,7,1008.8,4290,17,1008.7,1837,17,1009.2,1,1,1009.3,18,2,1009.4,322,3,1009.5,675,8,1009.6,1294,16
317,2025-11-26 12:47:10+05:30,1009.2,1,1000.16,6580205,385391.0,440328.0,986.2,1012.2,981.3,986.2,120344250,1084.8,887.6,1102.5,649.1,1009.1,532,2,1009.0,1130,3,1008.9,953,7,1008.8,4290,17,1008.7,1837,17,1009.2,1,1,1009.3,18,2,1009.4,322,3,1009.5,675,8,1009.6,1294,16
317,2025-11-26 12:47:10+05:30,1009.2,1,1000.16,6580834,383353.0,440646.0,986.2,1012.2,981.3,986.2,120344250,1084.8,887.6,1102.5,649.1,1009.0,1130,3,1008.9,149,2,1008.8,3985,14,1008.7,1773,16,1008.6,725,9,1009.3,221,4,1009.4,433,7,1009.5,554,7,1009.6,1271,15,1009.7,2099,15
317,2025-11-26 12:47:11+05:30,1009.3,82,1000.16,6580834,383353.0,440646.0,986.2,1012.2,981.3,986.2,120344250,1084.8,887.6,1102.5,649.1,1009.0,1130,3,1008.9,149,2,1008.8,3985,14,1008.7,1773,16,1008.6,725,9,1009.3,221,4,1009.4,433,7,1009.5,554,7,1009.6,1271,15,1009.7,2099,15
317,2025-11-26 12:47:11+05:30,1009.2,25,1000.16,6580960,383084.0,442185.0,986.2,1012.2,981.3,986.2,120344250,1084.8,887.6,1102.5,649.1,1009.0,2331,5,1008.9,35,1,1008.8,148,2,1008.7,742,11,1008.6,1413,9,1009.1,59,2,1009.2,37,1,1009.3,373,7,1009.4,745,6,1009.5,764,9
317,2025-11-26 12:47:12+05:30,1009.2,25,1000.16,6580960,383084.0,442185.0,986.2,1012.2,981.3,986.2,120344250,1084.8,887.6,1102.5,649.1,1009.0,2331,5,1008.9,35,1,1008.8,148,2,1008.7,742,11,1008.6,1413,9,1009.1,59,2,1009.2,37,1,1009.3,373,7,1009.4,745,6,1009.5,764,9
317,2025-11-26 12:47:12+05:30,1009.1,6,1000.16,6580970,383546.0,442181.0,986.2,1012.2,981.3,986.2,120344250,1084.8,887.6,1102.5,649.1,1009.0,2331,5,1008.9,35,1,1008.8,148,2,1008.7,663,11,1008.6,1758,9,1009.1,49,2,1009.2,37,1,1009.3,463,6,1009.4,713,6,1009.5,764,9
317,2025-11-26 12:47:13+05:30,1009.1,22,1000.16,6580970,383546.0,442181.0,986.2,1012.2,981.3,986.2,120344250,1084.8,887.6,1102.5,649.1,1009.0,2331,5,1008.9,35,1,1008.8,148,2,1008.7,663,11,1008.6,1758,9,1009.1,49,2,1009.2,37,1,1009.3,463,6,1009.4,713,6,1009.5,764,9
317,2025-11-26 12:47:13+05:30,1009.0,79,1000.16,6581121,385359.0,440954.0,986.2,1012.2,981.3,986.2,120344250,1084.8,887.6,1102.5,649.1,1009.0,2255,6,1008.9,987,4,1008.8,2806,12,1008.7,1092,15,1008.6,544,9,1009.1,48,1,1009.2,91,2,1009.3,2,1,1009.4,150,3,1009.5,1101,8
317,2025-11-26 12:47:14+05:30,1009.1,3,1000.16,6581121,385359.0,440954.0,986.2,1012.2,981.3,986.2,120344250,1084.8,887.6,1102.5,649.1,1009.0,2255,6,1008.9,987,4,1008.8,2806,12,1008.7,1092,15,1008.6,544,9,1009.1,48,1,1009.2,91,2,1009.3,2,1,1009.4,150,3,1009.5,1101,8
317,2025-11-26 12:47:14+05:30,1009.1,112,1000.16,6581236,387186.0,438602.0,986.2,1012.2,981.3,986.2,120344250,1084.8,887.6,1102.5,649.1,1009.0,2335,8,1008.9,1171,8,1008.8,4254,14,1008.7,1030,14,1008.6,544,9,1009.1,48,1,1009.2,91,2,1009.3,2,1,1009.4,5,1,1009.5,204,3
317,2025-11-26 12:47:15+05:30,1009.1,112,1000.16,6581236,387186.0,438602.0,986.2,1012.2,981.3,986.2,120344250,1084.8,887.6,1102.5,649.1,1009.0,2335,8,1008.9,1171,8,1008.8,4254,14,1008.7,1030,14,1008.6,544,9,1009.1,48,1,1009.2,91,2,1009.3,2,1,1009.4,5,1,1009.5,204,3
317,2025-11-26 12:47:16+05:30,1009.1,1,1000.16,6581259,387034.0,439495.0,986.2,1012.2,981.3,986.2,120344250,1084.8,887.6,1102.5,649.1,1009.0,2248,7,1008.9,1059,6,1008.8,4254,14,1008.7,1092,15,1008.6,544,9,1009.1,46,2,1009.2,91,2,1009.3,7,2,1009.4,5,1,1009.5,344,4
317,2025-11-26 12:47:16+05:30,1009.1,1,1000.16,6581259,387034.0,439495.0,986.2,1012.2,981.3,986.2,120344250,1084.8,887.6,1102.5,649.1,1009.0,2248,7,1008.9,1059,6,1008.8,4254,14,1008.7,1092,15,1008.6,544,9,1009.1,46,2,1009.2,91,2,1009.3,7,2,1009.4,5,1,1009.5,344,4
317,2025-11-26 12:47:17+05:30,1009.2,48,1000.16,6581726,386544.0,440034.0,986.2,1012.2,981.3,986.2,120344250,1084.8,887.6,1102.5,649.1,1009.0,1830,7,1008.9,930,4,1008.8,4265,14,1008.7,1000,13,1008.6,593,9,1009.2,43,2,1009.3,48,3,1009.4,526,6,1009.5,1034,9,1009.6,742,14
317,2025-11-26 12:47:17+05:30,1009.2,48,1000.16,6581726,386544.0,440034.0,986.2,1012.2,981.3,986.2,120344250,1084.8,887.6,1102.5,649.1,1009.0,1830,7,1008.9,930,4,1008.8,4265,14,1008.7,1000,13,1008.6,593,9,1009.2,43,2,1009.3,48,3,1009.4,526,6,1009.5,1034,9,1009.6,742,14
317,2025-11-26 12:47:18+05:30,1009.2,48,1000.16,6581726,383003.0,440565.0,986.2,1012.2,981.3,986.2,120344250,1084.8,887.6,1102.5,649.1,1009.0,1830,7,1008.9,35,1,1008.8,295,4,1008.7,1158,10,1008.6,1371,10,1009.2,43,2,1009.3,286,6,1009.4,731,9,1009.5,491,8,1009.6,1307,18
317,2025-11-26 12:47:19+05:30,1009.2,48,1000.16,6581726,383003.0,440469.0,986.2,1012.2,981.3,986.2,120344250,1084.8,887.6,1102.5,649.1,1009.0,1830,7,1008.9,35,1,1008.8,295,4,1008.7,1158,10,1008.6,1371,10,1009.2,43,2,1009.3,290,8,1009.4,731,9,1009.5,491,8,1009.6,1307,18
317,2025-11-26 12:47:20+05:30,1009.2,16,1000.16,6581786,381987.0,440545.0,986.2,1012.2,981.3,986.2,120344250,1084.8,887.6,1102.5,649.1,1009.0,1829,7,1008.9,35,1,1008.8,233,3,1008.7,582,9,1008.6,1084,10,1009.2,75,2,1009.3,393,10,1009.4,678,9,1009.5,491,8,1009.6,1318,19
317,2025-11-26 12:47:20+05:30,1009.2,16,1000.16,6581786,381987.0,440545.0,986.2,1012.2,981.3,986.2,120344250,1084.8,887.6,1102.5,649.1,1009.0,1829,7,1008.9,35,1,1008.8,233,3,1008.7,582,9,1008.6,1084,10,1009.2,75,2,1009.3,393,10,1009.4,678,9,1009.5,491,8,1009.6,1318,19
317,2025-11-26 12:47:20+05:30,1009.2,1,1000.16,6582989,379538.0,440459.0,986.2,1012.2,981.3,986.2,120344250,1084.8,887.6,1102.5,649.1,1009.0,629,6,1008.9,35,1,1008.8,148,2,1008.7,442,8,1008.6,958,9,1009.2,407,8,1009.3,241,8,1009.4,467,7,1009.5,517,10,1009.6,1450,17
317,2025-11-26 12:47:21+05:30,1009.2,1,1000.16,6582989,379538.0,440459.0,986.2,1012.2,981.3,986.2,120344250,1084.8,887.6,1102.5,649.1,1009.0,629,6,1008.9,35,1,1008.8,148,2,1008.7,442,8,1008.6,958,9,1009.2,407,8,1009.3,241,8,1009.4,467,7,1009.5,517,10,1009.6,1450,17
317,2025-11-26 12:47:22+05:30,1009.2,10,1000.16,6582999,380296.0,440594.0,986.2,1012.2,981.3,986.2,120344250,1084.8,887.6,1102.5,649.1,1009.0,629,6,1008.9,35,1,1008.8,148,2,1008.7,442,8,1008.6,1098,10,1009.1,84,2,1009.2,326,7,1009.3,241,8,1009.4,467,7,1009.5,517,10
317,2025-11-26 12:47:22+05:30,1009.2,10,1000.16,6582999,380296.0,440594.0,986.2,1012.2,981.3,986.2,120344250,1084.8,887.6,1102.5,649.1,1009.0,629,6,1008.9,35,1,1008.8,148,2,1008.7,442,8,1008.6,1098,10,1009.1,84,2,1009.2,326,7,1009.3,241,8,1009.4,467,7,1009.5,517,10
317,2025-11-26 12:47:22+05:30,1009.1,22,1000.16,6583151,380464.0,440373.0,986.2,1012.2,981.3,986.2,120344250,1084.8,887.6,1102.5,649.1,1009.0,629,6,1008.9,35,1,1008.8,107,1,1008.7,652,10,1008.6,1171,11,1009.1,20,1,1009.2,289,6,1009.3,231,7,1009.4,494,7,1009.5,481,7
317,2025-11-26 12:47:23+05:30,1009.1,22,1000.16,6583151,380464.0,440373.0,986.2,1012.2,981.3,986.2,120344250,1084.8,887.6,1102.5,649.1,1009.0,629,6,1008.9,35,1,1008.8,107,1,1008.7,652,10,1008.6,1171,11,1009.1,20,1,1009.2,289,6,1009.3,231,7,1009.4,494,7,1009.5,481,7
317,2025-11-26 12:47:23+05:30,1009.0,128,1000.16,6583280,379997.0,440719.0,986.2,1012.2,981.3,986.2,120344250,1084.8,887.6,1102.5,649.1,1009.0,501,6,1008.9,35,1,1008.8,107,1,1008.7,1028,10,1008.6,621,9,1009.1,20,2,1009.2,289,6,1009.3,332,9,1009.4,462,7,1009.5,688,9
317,2025-11-26 12:47:24+05:30,1009.0,128,1000.16,6583280,379997.0,440719.0,986.2,1012.2,981.3,986.2,120344250,1084.8,887.6,1102.5,649.1,1009.0,501,6,1008.9,35,1,1008.8,107,1,1008.7,1028,10,1008.6,621,9,1009.1,20,2,1009.2,289,6,1009.3,332,9,1009.4,462,7,1009.5,688,9
317,2025-11-26 12:47:25+05:30,1009.0,1,1000.16,6583281,380136.0,440804.0,986.2,1012.2,981.3,986.2,120344250,1084.8,887.6,1102.5,649.1,1009.0,500,6,1008.9,35,1,1008.8,107,1,1008.7,1028,10,1008.6,621,9,1009.1,20,2,1009.2,289,6,1009.3,337,10,1009.4,462,7,1009.5,688,9
317,2025-11-26 12:47:25+05:30,1009.0,1,1000.16,6583281,380136.0,440804.0,986.2,1012.2,981.3,986.2,120344250,1084.8,887.6,1102.5,649.1,1009.0,500,6,1008.9,35,1,1008.8,107,1,1008.7,1028,10,1008.6,621,9,1009.1,20,2,1009.2,289,6,1009.3,337,10,1009.4,462,7,1009.5,688,9
317,2025-11-26 12:47:26+05:30,1009.1,2,1000.16,6583281,380136.0,440804.0,986.2,1012.2,981.3,986.2,120344250,1084.8,887.6,1102.5,649.1,1009.0,500,6,1008.9,35,1,1008.8,107,1,1008.7,1028,10,1008.6,621,9,1009.1,20,2,1009.2,289,6,1009.3,337,10,1009.4,462,7,1009.5,688,9
317,2025-11-26 12:47:26+05:30,1009.1,2,1000.16,6583309,380619.0,440714.0,986.2,1012.2,981.3,986.2,120344250,1084.8,887.6,1102.5,649.1,1009.0,1000,7,1008.9,35,1,1008.8,107,1,1008.7,958,9,1008.6,621,9,1009.1,12,1,1009.2,289,6,1009.3,154,6,1009.4,499,8,1009.5,752,10
317,2025-11-26 12:47:27+05:30,1009.0,100,1000.16,6583309,380619.0,440714.0,986.2,1012.2,981.3,986.2,120344250,1084.8,887.6,1102.5,649.1,1009.0,1000,7,1008.9,35,1,1008.8,107,1,1008.7,958,9,1008.6,621,9,1009.1,12,1,1009.2,289,6,1009.3,154,6,1009.4,499,8,1009.5,752,10
317,2025-11-26 12:47:27+05:30,1009.0,100,1000.16,6584509,377760.0,441965.0,986.2,1012.2,981.3,986.2,120344250,1084.8,887.6,1102.5,649.1,1008.9,35,1,1008.7,194,5,1008.6,683,3,1008.5,770,5,1008.4,1776,11,1009.0,95,3,1009.1,273,8,1009.2,720,16,1009.3,448,11,1009.4,580,10
317,2025-11-26 12:47:28+05:30,1009.0,19,1000.16,6584559,378112.0,441968.0,986.2,1012.2,981.3,986.2,120344250,1084.8,887.6,1102.5,649.1,1008.9,48,2,1008.7,194,5,1008.6,683,3,1008.5,910,6,1008.4,1971,15,1009.0,55,2,1009.1,232,7,1009.2,720,16,1009.3,448,11,1009.4,593,11
317,2025-11-26 12:47:28+05:30,1009.0,19,1000.16,6584559,378112.0,441968.0,986.2,1012.2,981.3,986.2,120344250,1084.8,887.6,1102.5,649.1,1008.9,48,2,1008.7,194,5,1008.6,683,3,1008.5,910,6,1008.4,1971,15,1009.0,55,2,1009.1,232,7,1009.2,720,16,1009.3,448,11,1009.4,593,11
317,2025-11-26 12:47:29+05:30,1008.7,2,1000.16,6584559,378112.0,441968.0,986.2,1012.2,981.3,986.2,120344250,1084.8,887.6,1102.5,649.1,1008.9,48,2,1008.7,194,5,1008.6,683,3,1008.5,910,6,1008.4,1971,15,1009.0,55,2,1009.1,232,7,1009.2,720,16,1009.3,448,11,1009.4,593,11
317,2025-11-26 12:47:29+05:30,1008.7,2,1000.16,6584609,377267.0,442517.0,986.2,1012.2,981.3,986.2,120344250,1084.8,887.6,1102.5,649.1,1008.7,87,4,1008.6,683,3,1008.5,930,6,1008.4,1303,14,1008.3,2434,16,1009.0,122,3,1009.1,377,8,1009.2,757,17,1009.3,448,11,1009.4,1169,14
317,2025-11-26 12:47:30+05:30,1009.2,20,1000.16,6584609,377267.0,442517.0,986.2,1012.2,981.3,986.2,120344250,1084.8,887.6,1102.5,649.1,1008.7,87,4,1008.6,683,3,1008.5,930,6,1008.4,1303,14,1008.3,2434,16,1009.0,122,3,1009.1,377,8,1009.2,757,17,1009.3,448,11,1009.4,1169,14
317,2025-11-26 12:47:30+05:30,1009.1,27,1000.16,6585915,376719.0,441095.0,986.2,1012.2,981.3,986.2,120344250,1084.8,887.6,1102.5,649.1,1008.7,87,4,1008.6,828,5,1008.5,754,3,1008.4,1260,13,1008.3,2408,15,1009.1,159,4,1009.2,737,15,1009.3,518,9,1009.4,273,6,1009.5,1449,13
317,2025-11-26 12:47:31+05:30,1009.1,1,1000.16,6585915,376719.0,441095.0,986.2,1012.2,981.3,986.2,120344250,1084.8,887.6,1102.5,649.1,1008.7,87,4,1008.6,828,5,1008.5,754,3,1008.4,1260,13,1008.3,2408,15,1009.1,159,4,1009.2,737,15,1009.3,518,9,1009.4,273,6,1009.5,1449,13
317,2025-11-26 12:47:31+05:30,1009.1,1,1000.17,6586285,378416.0,440110.0,986.2,1012.2,981.3,986.2,120344250,1084.8,887.6,1102.5,649.1,1008.8,133,2,1008.7,285,9,1008.6,1737,11,1008.5,1175,7,1008.4,1380,15,1009.1,73,1,1009.2,298,6,1009.3,232,6,1009.4,910,7,1009.5,592,8
317,2025-11-26 12:47:32+05:30,1008.8,41,1000.17,6586285,378416.0,440110.0,986.2,1012.2,981.3,986.2,120344250,1084.8,887.6,1102.5,649.1,1008.8,133,2,1008.7,285,9,1008.6,1737,11,1008.5,1175,7,1008.4,1380,15,1009.1,73,1,1009.2,298,6,1009.3,232,6,1009.4,910,7,1009.5,592,8
317,2025-11-26 12:47:32+05:30,1008.8,41,1000.17,6586413,385117.0,441322.0,986.2,1012.2,981.3,986.2,120344250,1084.8,887.6,1102.5,649.1,1008.8,5,1,1008.7,141,6,1008.6,1059,8,1008.5,1242,8,1008.4,1316,14,1008.9,94,1,1009.1,280,3,1009.2,594,11,1009.3,493,10,1009.4,840,7
317,2025-11-26 12:47:33+05:30,1008.9,5,1000.17,6586413,385117.0,441322.0,986.2,1012.2,981.3,986.2,120344250,1084.8,887.6,1102.5,649.1,1008.8,5,1,1008.7,141,6,1008.6,1059,8,1008.5,1242,8,1008.4,1316,14,1008.9,94,1,1009.1,280,3,1009.2,594,11,1009.3,493,10,1009.4,840,7
317,2025-11-26 12:47:33+05:30,1008.9,23,1000.17,6586445,385367.0,441257.0,986.2,1012.2,981.3,986.2,120344250,1084.8,887.6,1102.5,649.1,1008.8,5,1,1008.7,141,6,1008.6,1199,9,1008.5,1271,9,1008.4,1316,14,1008.9,62,1,1009.0,72,2,1009.1,281,4,1009.2,501,9,1009.3,493,10
317,2025-11-26 12:47:34+05:30,1008.9,23,1000.17,6586445,385367.0,441257.0,986.2,1012.2,981.3,986.2,120344250,1084.8,887.6,1102.5,649.1,1008.8,5,1,1008.7,141,6,1008.6,1199,9,1008.5,1271,9,1008.4,1316,14,1008.9,62,1,1009.0,72,2,1009.1,281,4,1009.2,501,9,1009.3,493,10
317,2025-11-26 12:47:34+05:30,1008.9,23,1000.17,6586445,385398.0,441494.0,986.2,1012.2,981.3,986.2,120344250,1084.8,887.6,1102.5,649.1,1008.8,5,1,1008.7,141,6,1008.6,1109,8,1008.5,1242,8,1008.4,1466,15,1008.9,62,1,1009.0,72,2,1009.1,371,5,1009.2,651,10,1009.3,493,10
317,2025-11-26 12:47:35+05:30,1008.9,112,1000.17,6586445,385398.0,441494.0,986.2,1012.2,981.3,986.2,120344250,1084.8,887.6,1102.5,649.1,1008.8,5,1,1008.7,141,6,1008.6,1109,8,1008.5,1242,8,1008.4,1466,15,1008.9,62,1,1009.0,72,2,1009.1,371,5,1009.2,651,10,1009.3,493,10
317,2025-11-26 12:47:35+05:30,1008.9,3,1000.17,6586560,385506.0,441703.0,986.2,1012.2,981.3,986.2,120344250,1084.8,887.6,1102.5,649.1,1008.8,5,1,1008.7,141,6,1008.6,971,7,1008.5,1175,7,1008.4,1671,17,1008.9,161,2,1009.0,72,2,1009.1,416,6,1009.2,606,9,1009.3,550,11
317,2025-11-26 12:47:36+05:30,1008.9,2,1000.17,6586560,385506.0,441703.0,986.2,1012.2,981.3,986.2,120344250,1084.8,887.6,1102.5,649.1,1008.8,5,1,1008.7,141,6,1008.6,971,7,1008.5,1175,7,1008.4,1671,17,1008.9,161,2,1009.0,72,2,1009.1,416,6,1009.2,606,9,1009.3,550,11
317,2025-11-26 12:47:36+05:30,1008.9,41,1000.17,6586762,385420.0,441690.0,986.2,1012.2,981.3,986.2,120344250,1084.8,887.6,1102.5,649.1,1008.8,5,1,1008.7,141,6,1008.6,971,7,1008.5,1175,7,1008.4,1671,17,1008.9,123,2,1009.0,72,2,1009.1,421,7,1009.2,626,10,1009.3,550,11
317,2025-11-26 12:47:37+05:30,1008.8,5,1000.17,6586762,385420.0,441690.0,986.2,1012.2,981.3,986.2,120344250,1084.8,887.6,1102.5,649.1,1008.8,5,1,1008.7,141,6,1008.6,971,7,1008.5,1175,7,1008.4,1671,17,1008.9,123,2,1009.0,72,2,1009.1,421,7,1009.2,626,10,1009.3,550,11
317,2025-11-26 12:47:37+05:30,1008.8,5,1000.17,6586767,385381.0,442866.0,986.2,1012.2,981.3,986.2,120344250,1084.8,887.6,1102.5,649.1,1008.7,141,6,1008.6,196,3,1008.5,1118,6,1008.4,1607,13,1008.3,4264,25,1008.8,48,1,1008.9,154,3,1009.1,653,9,1009.2,706,13,1009.3,637,17
317,2025-11-26 12:47:38+05:30,1008.8,1,1000.17,6586768,385450.0,442365.0,986.2,1012.2,981.3,986.2,120344250,1084.8,887.6,1102.5,649.1,1008.7,209,7,1008.6,415,7,1008.5,1263,10,1008.4,1565,13,1008.3,4215,23,1008.8,47,1,1008.9,154,3,1009.1,608,8,1009.2,421,7,1009.3,299,8
317,2025-11-26 12:47:39+05:30,1008.8,1,1000.17,6586768,385450.0,442365.0,986.2,1012.2,981.3,986.2,120344250,1084.8,887.6,1102.5,649.1,1008.7,209,7,1008.6,415,7,1008.5,1263,10,1008.4,1565,13,1008.3,4215,23,1008.8,47,1,1008.9,154,3,1009.1,608,8,1009.2,421,7,1009.3,299,8
317,2025-11-26 12:47:39+05:30,1008.8,1,1000.17,6586769,385467.0,442152.0,986.2,1012.2,981.3,986.2,120344250,1084.8,887.6,1102.5,649.1,1008.7,151,7,1008.6,415,7,1008.5,1263,10,1008.4,1565,13,1008.3,4215,23,1008.8,46,1,1008.9,154,3,1009.1,608,8,1009.2,422,8,1009.3,359,9
317,2025-11-26 12:47:40+05:30,1008.8,1,1000.17,6586770,385467.0,442042.0,986.2,1012.2,981.3,986.2,120344250,1084.8,887.6,1102.5,649.1,1008.7,151,7,1008.6,415,7,1008.5,1263,10,1008.4,1565,13,1008.3,4215,23,1008.8,45,1,1008.9,154,3,1009.1,608,8,1009.2,422,8,1009.3,359,9
317,2025-11-26 12:47:41+05:30,1008.8,2,1000.17,6586770,385467.0,442042.0,986.2,1012.2,981.3,986.2,120344250,1084.8,887.6,1102.5,649.1,1008.7,151,7,1008.6,415,7,1008.5,1263,10,1008.4,1565,13,1008.3,4215,23,1008.8,45,1,1008.9,154,3,1009.1,608,8,1009.2,422,8,1009.3,359,9
317,2025-11-26 12:47:41+05:30,1008.8,2,1000.17,6586772,385461.0,442016.0,986.2,1012.2,981.3,986.2,120344250,1084.8,887.6,1102.5,649.1,1008.7,141,6,1008.6,345,6,1008.5,1312,10,1008.4,1580,14,1008.3,4230,24,1008.8,43,1,1008.9,154,3,1009.1,608,8,1009.2,422,8,1009.3,359,9
317,2025-11-26 12:47:42+05:30,1008.7,1,1000.17,6586772,385461.0,442016.0,986.2,1012.2,981.3,986.2,120344250,1084.8,887.6,1102.5,649.1,1008.7,141,6,1008.6,345,6,1008.5,1312,10,1008.4,1580,14,1008.3,4230,24,1008.8,43,1,1008.9,154,3,1009.1,608,8,1009.2,422,8,1009.3,359,9
317,2025-11-26 12:47:42+05:30,1008.7,1,1000.17,6587405,386360.0,443350.0,986.2,1012.2,981.3,986.2,120344250,1084.8,887.6,1102.5,649.1,1008.6,506,6,1008.5,956,7,1008.4,1549,11,1008.3,4967,25,1008.2,973,12,1008.7,70,1,1008.9,154,3,1009.0,202,1,1009.1,646,8,1009.2,420,7
317,2025-11-26 12:47:43+05:30,1008.7,195,1000.17,6587405,386360.0,443350.0,986.2,1012.2,981.3,986.2,120344250,1084.8,887.6,1102.5,649.1,1008.6,506,6,1008.5,956,7,1008.4,1549,11,1008.3,4967,25,1008.2,973,12,1008.7,70,1,1008.9,154,3,1009.0,202,1,1009.1,646,8,1009.2,420,7
317,2025-11-26 12:47:43+05:30,1008.7,195,1000.17,6587653,387126.0,443695.0,986.2,1012.2,981.3,986.2,120344250,1084.8,887.6,1102.5,649.1,1008.6,241,5,1008.5,1100,9,1008.4,1615,12,1008.3,4967,25,1008.2,833,11,1008.7,170,2,1008.8,36,1,1008.9,70,1,1009.1,594,7,1009.2,482,8
317,2025-11-26 12:47:44+05:30,1008.8,130,1000.17,6587653,387126.0,443695.0,986.2,1012.2,981.3,986.2,120344250,1084.8,887.6,1102.5,649.1,1008.6,241,5,1008.5,1100,9,1008.4,1615,12,1008.3,4967,25,1008.2,833,11,1008.7,170,2,1008.8,36,1,1008.9,70,1,1009.1,594,7,1009.2,482,8
317,2025-11-26 12:47:44+05:30,1008.8,3,1000.17,6588034,385852.0,443364.0,986.2,1012.2,981.3,986.2,120344250,1084.8,887.6,1102.5,649.1,1008.6,108,3,1008.5,1300,11,1008.4,1577,12,1008.3,4189,23,1008.2,973,12,1008.8,33,1,1008.9,70,1,1009.1,454,6,1009.2,420,7,1009.3,560,13
317,2025-11-26 12:47:45+05:30,1008.8,3,1000.17,6588034,385852.0,443364.0,986.2,1012.2,981.3,986.2,120344250,1084.8,887.6,1102.5,649.1,1008.6,108,3,1008.5,1300,11,1008.4,1577,12,1008.3,4189,23,1008.2,973,12,1008.8,33,1,1008.9,70,1,1009.1,454,6,1009.2,420,7,1009.3,560,13
317,2025-11-26 12:47:45+05:30,1008.7,1,1000.17,6588036,384633.0,444521.0,986.2,1012.2,981.3,986.2,120344250,1084.8,887.6,1102.5,649.1,1008.6,13,1,1008.5,694,4,1008.4,773,8,1008.3,1088,15,1008.2,1835,17,1008.8,33,1,1008.9,70,1,1009.0,482,8,1009.1,645,7,1009.2,578,10
317,2025-11-26 12:47:46+05:30,1008.7,1,1000.17,6588036,384633.0,444521.0,986.2,1012.2,981.3,986.2,120344250,1084.8,887.6,1102.5,649.1,1008.6,13,1,1008.5,694,4,1008.4,773,8,1008.3,1088,15,1008.2,1835,17,1008.8,33,1,1008.9,70,1,1009.0,482,8,1009.1,645,7,1009.2,578,10
317,2025-11-26 12:47:46+05:30,1008.7,1,1000.17,6588036,385018.0,444805.0,986.2,1012.2,981.3,986.2,120344250,1084.8,887.6,1102.5,649.1,1008.7,1,1,1008.6,13,1,1008.5,694,4,1008.4,773,8,1008.3,1039,14,1008.8,33,1,1008.9,70,1,1009.0,399,3,1009.1,711,8,1009.2,780,11
317,2025-11-26 12:47:47+05:30,1008.8,1,1000.17,6588036,385018.0,444805.0,986.2,1012.2,981.3,986.2,120344250,1084.8,887.6,1102.5,649.1,1008.7,1,1,1008.6,13,1,1008.5,694,4,1008.4,773,8,1008.3,1039,14,1008.8,33,1,1008.9,70,1,1009.0,399,3,1009.1,711,8,1009.2,780,11
317,2025-11-26 12:47:47+05:30,1008.8,1,1000.17,6588038,384512.0,445595.0,986.2,1012.2,981.3,986.2,120344250,1084.8,887.6,1102.5,649.1,1008.7,1,1,1008.5,750,5,1008.4,697,7,1008.3,1105,15,1008.2,1824,19,1008.8,31,1,1008.9,79,2,1009.0,413,4,1009.1,650,7,1009.2,1104,14
317,2025-11-26 12:47:48+05:30,1008.8,1,1000.17,6588039,384376.0,445644.0,986.2,1012.2,981.3,986.2,120344250,1084.8,887.6,1102.5,649.1,1008.7,1,1,1008.5,750,5,1008.4,697,7,1008.3,1105,15,1008.2,1824,19,1008.8,30,1,1008.9,106,3,1009.0,347,3,1009.1,716,8,1009.2,1104,14
317,2025-11-26 12:47:48+05:30,1008.8,1,1000.17,6588039,384376.0,445644.0,986.2,1012.2,981.3,986.2,120344250,1084.8,887.6,1102.5,649.1,1008.7,1,1,1008.5,750,5,1008.4,697,7,1008.3,1105,15,1008.2,1824,19,1008.8,30,1,1008.9,106,3,1009.0,347,3,1009.1,716,8,1009.2,1104,14
317,2025-11-26 12:47:49+05:30,1008.5,2,1000.17,6588039,384376.0,445644.0,986.2,1012.2,981.3,986.2,120344250,1084.8,887.6,1102.5,649.1,1008.7,1,1,1008.5,750,5,1008.4,697,7,1008.3,1105,15,1008.2,1824,19,1008.8,30,1,1008.9,106,3,1009.0,347,3,1009.1,716,8,1009.2,1104,14
317,2025-11-26 12:47:49+05:30,1008.5,2,1000.17,6588156,383335.0,445308.0,986.2,1012.2,981.3,986.2,120344250,1084.8,887.6,1102.5,649.1,1008.5,774,5,1008.4,829,9,1008.3,973,13,1008.2,1824,19,1008.1,2336,12,1008.9,106,3,1009.0,357,4,1009.1,785,11,1009.2,1214,17,1009.3,1417,15
317,2025-11-26 12:47:50+05:30,1008.5,2,1000.17,6588156,383347.0,445308.0,986.2,1012.2,981.3,986.2,120344250,1084.8,887.6,1102.5,649.1,1008.5,852,7,1008.4,763,8,1008.3,973,13,1008.2,1824,19,1008.1,2336,12,1008.9,106,3,1009.0,357,4,1009.1,785,11,1009.2,1148,16,1009.3,1483,16
317,2025-11-26 12:47:51+05:30,1008.9,1,1000.17,6588188,383397.0,445379.0,986.2,1012.2,981.3,986.2,120344250,1084.8,887.6,1102.5,649.1,1008.5,766,6,1008.4,823,9,1008.3,973,13,1008.2,1824,19,1008.1,2376,13,1008.9,158,4,1009.0,422,4,1009.1,809,12,1009.2,1148,16,1009.3,1483,16
317,2025-11-26 12:47:51+05:30,1008.9,1,1000.17,6588188,383397.0,445379.0,986.2,1012.2,981.3,986.2,120344250,1084.8,887.6,1102.5,649.1,1008.5,766,6,1008.4,823,9,1008.3,973,13,1008.2,1824,19,1008.1,2376,13,1008.9,158,4,1009.0,422,4,1009.1,809,12,1009.2,1148,16,1009.3,1483,16
317,2025-11-26 12:47:52+05:30,1008.9,7,1000.17,6588188,383397.0,445379.0,986.2,1012.2,981.3,986.2,120344250,1084.8,887.6,1102.5,649.1,1008.5,766,6,1008.4,823,9,1008.3,973,13,1008.2,1824,19,1008.1,2376,13,1008.9,158,4,1009.0,422,4,1009.1,809,12,1009.2,1148,16,1009.3,1483,16
317,2025-11-26 12:47:52+05:30,1008.9,7,1000.17,6588289,386245.0,444802.0,986.2,1012.2,981.3,986.2,120344250,1084.8,887.6,1102.5,649.1,1008.6,187,3,1008.5,970,9,1008.4,697,7,1008.3,1916,17,1008.2,3270,20,1008.7,22,1,1008.9,72,2,1009.1,240,4,1009.2,677,13,1009.3,529,10
317,2025-11-26 12:47:53+05:30,1008.6,25,1000.17,6588289,386245.0,444802.0,986.2,1012.2,981.3,986.2,120344250,1084.8,887.6,1102.5,649.1,1008.6,187,3,1008.5,970,9,1008.4,697,7,1008.3,1916,17,1008.2,3270,20,1008.7,22,1,1008.9,72,2,1009.1,240,4,1009.2,677,13,1009.3,529,10
317,2025-11-26 12:47:53+05:30,1008.6,25,1000.17,6588346,386246.0,445252.0,986.2,1012.2,981.3,986.2,120344250,1084.8,887.6,1102.5,649.1,1008.6,12,1,1008.5,813,6,1008.4,757,8,1008.3,1714,16,1008.2,4020,21,1008.7,13,1,1008.8,198,2,1008.9,72,2,1009.1,334,4,1009.2,933,12
317,2025-11-26 12:47:54+05:30,1008.7,112,1000.17,6588458,386246.0,445118.0,986.2,1012.2,981.3,986.2,120344250,1084.8,887.6,1102.5,649.1,1008.6,12,1,1008.5,867,7,1008.4,757,8,1008.3,1714,16,1008.2,4020,21,1008.7,22,1,1008.8,198,2,1008.9,72,2,1009.1,386,5,1009.2,933,12
317,2025-11-26 12:47:55+05:30,1008.7,112,1000.17,6588458,386246.0,445118.0,986.2,1012.2,981.3,986.2,120344250,1084.8,887.6,1102.5,649.1,1008.6,12,1,1008.5,867,7,1008.4,757,8,1008.3,1714,16,1008.2,4020,21,1008.7,22,1,1008.8,198,2,1008.9,72,2,1009.1,386,5,1009.2,933,12
317,2025-11-26 12:47:55+05:30,1008.7,1,1000.17,6588476,386753.0,445076.0,986.2,1012.2,981.3,986.2,120344250,1084.8,887.6,1102.5,649.1,1008.6,12,1,1008.5,867,7,1008.4,1261,9,1008.3,1714,16,1008.2,4020,21,1008.7,5,2,1008.8,198,2,1008.9,72,2,1009.1,925,7,1009.2,933,12
317,2025-11-26 12:47:56+05:30,1008.7,2,1000.17,6588476,386753.0,445076.0,986.2,1012.2,981.3,986.2,120344250,1084.8,887.6,1102.5,649.1,1008.6,12,1,1008.5,867,7,1008.4,1261,9,1008.3,1714,16,1008.2,4020,21,1008.7,5,2,1008.8,198,2,1008.9,72,2,1009.1,925,7,1009.2,933,12
317,2025-11-26 12:47:56+05:30,1008.7,1,1000.17,6588491,386249.0,445051.0,986.2,1012.2,981.3,986.2,120344250,1084.8,887.6,1102.5,649.1,1008.6,12,1,1008.5,867,7,1008.4,757,8,1008.3,1714,16,1008.2,4020,21,1008.7,12,1,1008.8,198,2,1008.9,72,2,1009.1,873,6,1009.2,881,11
317,2025-11-26 12:47:57+05:30,1008.6,8,1000.17,6588491,386249.0,445051.0,986.2,1012.2,981.3,986.2,120344250,1084.8,887.6,1102.5,649.1,1008.6,12,1,1008.5,867,7,1008.4,757,8,1008.3,1714,16,1008.2,4020,21,1008.7,12,1,1008.8,198,2,1008.9,72,2,1009.1,873,6,1009.2,881,11
317,2025-11-26 12:47:57+05:30,1008.6,8,1000.17,6588512,386764.0,443081.0,986.2,1012.2,981.3,986.2,120344250,1084.8,887.6,1102.5,649.1,1008.5,1024,8,1008.4,674,8,1008.3,1547,14,1008.2,4042,22,1008.1,1723,13,1008.6,13,1,1008.8,198,2,1008.9,72,2,1009.1,334,4,1009.2,762,10
317,2025-11-26 12:47:58+05:30,1008.6,10,1000.17,6588512,386764.0,443081.0,986.2,1012.2,981.3,986.2,120344250,1084.8,887.6,1102.5,649.1,1008.5,1024,8,1008.4,674,8,1008.3,1547,14,1008.2,4042,22,1008.1,1723,13,1008.6,13,1,1008.8,198,2,1008.9,72,2,1009.1,334,4,1009.2,762,10
317,2025-11-26 12:47:58+05:30,1008.6,10,1000.17,6588535,386505.0,442966.0,986.2,1012.2,981.3,986.2,120344250,1084.8,887.6,1102.5,649.1,1008.6,60,1,1008.5,1118,10,1008.4,734,9,1008.3,1547,14,1008.2,4020,21,1008.8,290,3,1008.9,72,2,1009.1,242,3,1009.2,757,9,1009.3,1000,12
317,2025-11-26 12:47:59+05:30,1008.8,5,1000.17,6588535,386505.0,442966.0,986.2,1012.2,981.3,986.2,120344250,1084.8,887.6,1102.5,649.1,1008.6,60,1,1008.5,1118,10,1008.4,734,9,1008.3,1547,14,1008.2,4020,21,1008.8,290,3,1008.9,72,2,1009.1,242,3,1009.2,757,9,1009.3,1000,12
317,2025-11-26 12:47:59+05:30,1008.8,5,1000.17,6588695,385808.0,442583.0,986.2,1012.2,981.3,986.2,120344250,1084.8,887.6,1102.5,649.1,1008.6,60,1,1008.5,1118,10,1008.4,734,9,1008.3,1547,14,1008.2,3352,21,1008.8,130,2,1008.9,72,2,1009.1,242,3,1009.2,757,9,1009.3,1000,12
317,2025-11-26 12:48:00+05:30,1008.8,2,1000.17,6588697,385809.0,442684.0,986.2,1012.2,981.3,986.2,120344250,1084.8,887.6,1102.5,649.1,1008.6,60,1,1008.5,1058,9,1008.4,795,10,1008.3,1547,14,1008.2,3352,21,1008.8,139,3,1008.9,72,2,1009.0,47,1,1009.1,242,3,1009.2,757,9
317,2025-11-26 12:48:01+05:30,1008.8,1,1000.17,6588697,385809.0,442684.0,986.2,1012.2,981.3,986.2,120344250,1084.8,887.6,1102.5,649.1,1008.6,60,1,1008.5,1058,9,1008.4,795,10,1008.3,1547,14,1008.2,3352,21,1008.8,139,3,1008.9,72,2,1009.0,47,1,1009.1,242,3,1009.2,757,9
317,2025-11-26 12:48:01+05:30,1008.8,1,1000.17,6588707,386199.0,442348.0,986.2,1012.2,981.3,986.2,120344250,1084.8,887.6,1102.5,649.1,1008.6,30,2,1008.5,930,8,1008.4,1317,10,1008.3,1547,14,1008.2,3352,21,1008.8,137,3,1008.9,72,2,1009.0,47,1,1009.1,242,3,1009.2,422,8
317,2025-11-26 12:48:02+05:30,1008.7,104,1000.17,6588707,386199.0,442348.0,986.2,1012.2,981.3,986.2,120344250,1084.8,887.6,1102.5,649.1,1008.6,30,2,1008.5,930,8,1008.4,1317,10,1008.3,1547,14,1008.2,3352,21,1008.8,137,3,1008.9,72,2,1009.0,47,1,1009.1,242,3,1009.2,422,8
317,2025-11-26 12:48:02+05:30,1008.7,104,1000.17,6588928,385460.0,443499.0,986.2,1012.2,981.3,986.2,120344250,1084.8,887.6,1102.5,649.1,1008.7,589,1,1008.5,665,5,1008.4,1222,10,1008.3,1547,14,1008.2,3270,20,1008.8,138,4,1008.9,105,3,1009.0,298,3,1009.1,411,7,1009.2,524,10
317,2025-11-26 12:48:03+05:30,1008.8,23,1000.17,6588928,385460.0,443499.0,986.2,1012.2,981.3,986.2,120344250,1084.8,887.6,1102.5,649.1,1008.7,589,1,1008.5,665,5,1008.4,1222,10,1008.3,1547,14,1008.2,3270,20,1008.8,138,4,1008.9,105,3,1009.0,298,3,1009.1,411,7,1009.2,524,10
317,2025-11-26 12:48:03+05:30,1008.8,23,1000.17,6589051,385455.0,443186.0,986.2,1012.2,981.3,986.2,120344250,1084.8,887.6,1102.5,649.1,1008.7,589,1,1008.5,726,6,1008.4,1208,10,1008.3,1547,14,1008.2,3270,20,1008.8,58,4,1008.9,123,3,1009.0,202,1,1009.1,881,7,1009.2,504,9
317,2025-11-26 12:48:04+05:30,1008.7,20,1000.17,6589051,385455.0,443186.0,986.2,1012.2,981.3,986.2,120344250,1084.8,887.6,1102.5,649.1,1008.7,589,1,1008.5,726,6,1008.4,1208,10,1008.3,1547,14,1008.2,3270,20,1008.8,58,4,1008.9,123,3,1009.0,202,1,1009.1,881,7,1009.2,504,9
317,2025-11-26 12:48:04+05:30,1008.7,20,1000.17,6589076,385460.0,443283.0,986.2,1012.2,981.3,986.2,120344250,1084.8,887.6,1102.5,649.1,1008.7,564,1,1008.5,665,5,1008.4,1245,10,1008.3,1547,14,1008.2,3270,20,1008.8,58,4,1008.9,123,3,1009.0,202,1,1009.1,957,7,1009.2,504,9
317,2025-11-26 12:48:05+05:30,1008.8,1,1000.17,6589076,385460.0,443283.0,986.2,1012.2,981.3,986.2,120344250,1084.8,887.6,1102.5,649.1,1008.7,564,1,1008.5,665,5,1008.4,1245,10,1008.3,1547,14,1008.2,3270,20,1008.8,58,4,1008.9,123,3,1009.0,202,1,1009.1,957,7,1009.2,504,9
317,2025-11-26 12:48:05+05:30,1008.8,2,1000.17,6589093,385522.0,443256.0,986.2,1012.2,981.3,986.2,120344250,1084.8,887.6,1102.5,649.1,1008.7,564,1,1008.5,665,5,1008.4,1266,11,1008.3,1547,14,1008.2,3270,20,1008.8,52,2,1008.9,123,3,1009.0,202,1,1009.1,957,7,1009.2,504,9
317,2025-11-26 12:48:06+05:30,1008.8,5,1000.17,6589093,385522.0,443256.0,986.2,1012.2,981.3,986.2,120344250,1084.8,887.6,1102.5,649.1,1008.7,564,1,1008.5,665,5,1008.4,1266,11,1008.3,1547,14,1008.2,3270,20,1008.8,52,2,1008.9,123,3,1009.0,202,1,1009.1,957,7,1009.2,504,9
317,2025-11-26 12:48:06+05:30,1008.8,5,1000.17,6589100,385635.0,443627.0,986.2,1012.2,981.3,986.2,120344250,1084.8,887.6,1102.5,649.1,1008.7,564,1,1008.5,778,6,1008.4,1205,10,1008.3,1608,15,1008.2,3270,20,1008.8,46,3,1008.9,123,3,1009.0,202,1,1009.1,411,6,1009.2,504,9
317,2025-11-26 12:48:07+05:30,1008.7,1,1000.17,6589100,385635.0,443627.0,986.2,1012.2,981.3,986.2,120344250,1084.8,887.6,1102.5,649.1,1008.7,564,1,1008.5,778,6,1008.4,1205,10,1008.3,1608,15,1008.2,3270,20,1008.8,46,3,1008.9,123,3,1009.0,202,1,1009.1,411,6,1009.2,504,9
317,2025-11-26 12:48:07+05:30,1008.7,1,1000.17,6589101,385634.0,443649.0,986.2,1012.2,981.3,986.2,120344250,1084.8,887.6,1102.5,649.1,1008.7,563,1,1008.5,778,6,1008.4,1205,10,1008.3,1608,15,1008.2,3270,20,1008.8,46,3,1008.9,123,3,1009.0,202,1,1009.1,411,6,1009.2,526,10
317,2025-11-26 12:48:08+05:30,1008.7,1,1000.17,6589101,385884.0,443674.0,986.2,1012.2,981.3,986.2,120344250,1084.8,887.6,1102.5,649.1,1008.7,563,1,1008.5,1089,8,1008.4,1144,9,1008.3,1608,15,1008.2,3270,20,1008.8,46,3,1008.9,123,3,1009.0,202,1,1009.1,411,6,1009.2,531,10
317,2025-11-26 12:48:09+05:30,1008.7,117,1000.17,6589101,385884.0,443674.0,986.2,1012.2,981.3,986.2,120344250,1084.8,887.6,1102.5,649.1,1008.7,563,1,1008.5,1089,8,1008.4,1144,9,1008.3,1608,15,1008.2,3270,20,1008.8,46,3,1008.9,123,3,1009.0,202,1,1009.1,411,6,1009.2,531,10
317,2025-11-26 12:48:09+05:30,1008.7,117,1000.17,6589218,385894.0,443826.0,986.2,1012.2,981.3,986.2,120344250,1084.8,887.6,1102.5,649.1,1008.7,446,1,1008.6,117,2,1008.5,949,7,1008.4,1222,10,1008.3,1547,14,1008.8,46,3,1008.9,123,3,1009.1,918,9,1009.2,657,12,1009.3,626,12
317,2025-11-26 12:48:10+05:30,1008.8,1,1000.17,6589219,386132.0,443955.0,986.2,1012.2,981.3,986.2,120344250,1084.8,887.6,1102.5,649.1,1008.7,447,2,1008.6,117,2,1008.5,1026,7,1008.4,849,11,1008.3,1547,14,1008.8,46,4,1008.9,123,3,1009.1,894,8,1009.2,644,12,1009.3,641,13
317,2025-11-26 12:48:11+05:30,1008.8,3,1000.17,6589219,386132.0,443955.0,986.2,1012.2,981.3,986.2,120344250,1084.8,887.6,1102.5,649.1,1008.7,447,2,1008.6,117,2,1008.5,1026,7,1008.4,849,11,1008.3,1547,14,1008.8,46,4,1008.9,123,3,1009.1,894,8,1009.2,644,12,1009.3,641,13
317,2025-11-26 12:48:11+05:30,1008.8,3,1000.17,6589222,386035.0,443991.0,986.2,1012.2,981.3,986.2,120344250,1084.8,887.6,1102.5,649.1,1008.7,447,2,1008.6,117,2,1008.5,1026,7,1008.4,762,10,1008.3,1547,14,1008.8,43,4,1008.9,123,3,1009.0,10,1,1009.1,920,9,1009.2,644,12
317,2025-11-26 12:48:12+05:30,1008.7,103,1000.17,6589222,386035.0,443991.0,986.2,1012.2,981.3,986.2,120344250,1084.8,887.6,1102.5,649.1,1008.7,447,2,1008.6,117,2,1008.5,1026,7,1008.4,762,10,1008.3,1547,14,1008.8,43,4,1008.9,123,3,1009.0,10,1,1009.1,920,9,1009.2,644,12
317,2025-11-26 12:48:12+05:30,1008.7,103,1000.17,6589375,385807.0,443981.0,986.2,1012.2,981.3,986.2,120344250,1084.8,887.6,1102.5,649.1,1008.7,294,2,1008.6,67,1,1008.5,1026,7,1008.4,1226,9,1008.3,1602,15,1008.8,43,4,1008.9,123,3,1009.0,10,1,1009.1,949,9,1009.2,583,11
317,2025-11-26 12:48:13+05:30,1008.8,5,1000.17,6589375,385807.0,443981.0,986.2,1012.2,981.3,986.2,120344250,1084.8,887.6,1102.5,649.1,1008.7,294,2,1008.6,67,1,1008.5,1026,7,1008.4,1226,9,1008.3,1602,15,1008.8,43,4,1008.9,123,3,1009.0,10,1,1009.1,949,9,1009.2,583,11
317,2025-11-26 12:48:13+05:30,1008.8,5,1000.17,6589410,385400.0,444048.0,986.2,1012.2,981.3,986.2,120344250,1084.8,887.6,1102.5,649.1,1008.7,294,2,1008.5,1026,7,1008.4,1239,10,1008.3,1589,14,1008.2,3218,18,1008.8,51,4,1008.9,123,3,1009.0,60,2,1009.1,894,8,1009.2,719,13
317,2025-11-26 12:48:14+05:30,1008.8,2,1000.17,6589410,385400.0,444048.0,986.2,1012.2,981.3,986.2,120344250,1084.8,887.6,1102.5,649.1,1008.7,294,2,1008.5,1026,7,1008.4,1239,10,1008.3,1589,14,1008.2,3218,18,1008.8,51,4,1008.9,123,3,1009.0,60,2,1009.1,894,8,1009.2,719,13
317,2025-11-26 12:48:14+05:30,1008.8,1,1000.17,6589491,385515.0,444073.0,986.2,1012.2,981.3,986.2,120344250,1084.8,887.6,1102.5,649.1,1008.7,229,3,1008.5,1026,7,1008.4,1322,12,1008.3,1534,13,1008.2,3265,19,1008.8,48,4,1008.9,123,3,1009.0,60,2,1009.1,922,9,1009.2,719,13
317,2025-11-26 12:48:15+05:30,1008.8,10,1000.17,6589491,385515.0,444073.0,986.2,1012.2,981.3,986.2,120344250,1084.8,887.6,1102.5,649.1,1008.7,229,3,1008.5,1026,7,1008.4,1322,12,1008.3,1534,13,1008.2,3265,19,1008.8,48,4,1008.9,123,3,1009.0,60,2,1009.1,922,9,1009.2,719,13
317,2025-11-26 12:48:15+05:30,1008.8,1,1000.17,6589605,385821.0,443625.0,986.2,1012.2,981.3,986.2,120344250,1084.8,887.6,1102.5,649.1,1008.7,229,3,1008.6,49,1,1008.5,1026,7,1008.4,1193,9,1008.3,1602,15,1008.8,17,2,1008.9,123,3,1009.0,60,2,1009.1,894,8,1009.2,719,13
317,2025-11-26 12:48:16+05:30,1008.8,2,1000.17,6589605,385821.0,443625.0,986.2,1012.2,981.3,986.2,120344250,1084.8,887.6,1102.5,649.1,1008.7,229,3,1008.6,49,1,1008.5,1026,7,1008.4,1193,9,1008.3,1602,15,1008.8,17,2,1008.9,123,3,1009.0,60,2,1009.1,894,8,1009.2,719,13
317,2025-11-26 12:48:16+05:30,1008.8,2,1000.17,6589724,385557.0,443823.0,986.2,1012.2,981.3,986.2,120344250,1084.8,887.6,1102.5,649.1,1008.7,112,3,1008.5,897,5,1008.4,1133,8,1008.3,1602,15,1008.2,3283,20,1008.8,36,3,1008.9,163,4,1009.0,115,3,1009.1,995,10,1009.2,664,12
317,2025-11-26 12:48:17+05:30,1008.8,2,1000.17,6589724,385277.0,443823.0,986.2,1012.2,981.3,986.2,120344250,1084.8,887.6,1102.5,649.1,1008.7,112,3,1008.5,897,5,1008.4,1133,8,1008.3,1602,15,1008.2,3283,20,1008.8,36,3,1008.9,163,4,1009.0,115,3,1009.1,995,10,1009.2,664,12
317,2025-11-26 12:48:18+05:30,1008.8,2,1000.17,6589724,385339.0,444035.0,986.2,1012.2,981.3,986.2,120344250,1084.8,887.6,1102.5,649.1,1008.7,112,3,1008.5,897,5,1008.4,1133,8,1008.3,1602,15,1008.2,3345,21,1008.8,36,3,1008.9,160,4,1009.0,68,3,1009.1,1050,11,1009.2,669,13
317,2025-11-26 12:48:19+05:30,1008.7,5,1000.17,6589780,385294.0,444038.0,986.2,1012.2,981.3,986.2,120344250,1084.8,887.6,1102.5,649.1,1008.7,67,4,1008.5,897,5,1008.4,1133,8,1008.3,1602,15,1008.2,3345,21,1008.8,35,3,1008.9,160,4,1009.0,72,4,1009.1,1050,11,1009.2,669,13
317,2025-11-26 12:48:19+05:30,1008.7,5,1000.17,6589780,385294.0,444038.0,986.2,1012.2,981.3,986.2,120344250,1084.8,887.6,1102.5,649.1,1008.7,67,4,1008.5,897,5,1008.4,1133,8,1008.3,1602,15,1008.2,3345,21,1008.8,35,3,1008.9,160,4,1009.0,72,4,1009.1,1050,11,1009.2,669,13
317,2025-11-26 12:48:20+05:30,1008.8,1,1000.17,6589781,384775.0,444062.0,986.2,1012.2,981.3,986.2,120344250,1084.8,887.6,1102.5,649.1,1008.7,67,4,1008.5,897,5,1008.4,614,7,1008.3,1602,15,1008.2,3345,21,1008.8,34,3,1008.9,160,4,1009.0,72,4,1009.1,995,10,1009.2,724,14
317,2025-11-26 12:48:20+05:30,1008.8,1,1000.17,6589781,384775.0,444062.0,986.2,1012.2,981.3,986.2,120344250,1084.8,887.6,1102.5,649.1,1008.7,67,4,1008.5,897,5,1008.4,614,7,1008.3,1602,15,1008.2,3345,21,1008.8,34,3,1008.9,160,4,1009.0,72,4,1009.1,995,10,1009.2,724,14
317,2025-11-26 12:48:21+05:30,1008.8,1,1000.17,6589781,384775.0,444062.0,986.2,1012.2,981.3,986.2,120344250,1084.8,887.6,1102.5,649.1,1008.7,67,4,1008.5,897,5,1008.4,614,7,1008.3,1602,15,1008.2,3345,21,1008.8,34,3,1008.9,160,4,1009.0,72,4,1009.1,995,10,1009.2,724,14
317,2025-11-26 12:48:21+05:30,1008.8,1,1000.17,6589783,385991.0,444033.0,986.2,1012.2,981.3,986.2,120344250,1084.8,887.6,1102.5,649.1,1008.7,67,4,1008.6,112,2,1008.5,1059,8,1008.4,1417,11,1008.3,3022,15,1008.8,32,3,1008.9,160,4,1009.0,72,4,1009.1,461,7,1009.2,669,13
317,2025-11-26 12:48:22+05:30,1008.7,10,1000.17,6589850,386939.0,444813.0,986.2,1012.2,981.3,986.2,120344250,1084.8,887.6,1102.5,649.1,1008.5,848,5,1008.4,1490,12,1008.3,2967,14,1008.2,2573,19,1008.1,944,11,1008.7,2,1,1008.8,32,3,1008.9,160,4,1009.0,62,3,1009.1,510,7
317,2025-11-26 12:48:22+05:30,1008.7,10,1000.17,6589850,386939.0,444813.0,986.2,1012.2,981.3,986.2,120344250,1084.8,887.6,1102.5,649.1,1008.5,848,5,1008.4,1490,12,1008.3,2967,14,1008.2,2573,19,1008.1,944,11,1008.7,2,1,1008.8,32,3,1008.9,160,4,1009.0,62,3,1009.1,510,7
317,2025-11-26 12:48:23+05:30,1008.7,4,1000.17,6589850,386939.0,444813.0,986.2,1012.2,981.3,986.2,120344250,1084.8,887.6,1102.5,649.1,1008.5,848,5,1008.4,1490,12,1008.3,2967,14,1008.2,2573,19,1008.1,944,11,1008.7,2,1,1008.8,32,3,1008.9,160,4,1009.0,62,3,1009.1,510,7
317,2025-11-26 12:48:23+05:30,1008.7,4,1000.17,6590085,387502.0,444875.0,986.2,1012.2,981.3,986.2,120344250,1084.8,887.6,1102.5,649.1,1008.5,718,7,1008.4,1427,10,1008.3,3753,17,1008.2,2573,19,1008.1,944,11,1008.7,8,1,1008.8,33,4,1008.9,160,4,1009.0,62,3,1009.1,538,7
317,2025-11-26 12:48:24+05:30,1008.7,1,1000.17,6590085,387502.0,444875.0,986.2,1012.2,981.3,986.2,120344250,1084.8,887.6,1102.5,649.1,1008.5,718,7,1008.4,1427,10,1008.3,3753,17,1008.2,2573,19,1008.1,944,11,1008.7,8,1,1008.8,33,4,1008.9,160,4,1009.0,62,3,1009.1,538,7
317,2025-11-26 12:48:24+05:30,1008.7,1,1000.17,6590110,387426.0,444784.0,986.2,1012.2,981.3,986.2,120344250,1084.8,887.6,1102.5,649.1,1008.5,671,6,1008.4,1414,9,1008.3,3766,18,1008.2,2573,19,1008.1,944,11,1008.7,10,1,1008.8,33,4,1008.9,160,4,1009.0,62,3,1009.1,594,8
317,2025-11-26 12:48:25+05:30,1008.5,97,1000.17,6590110,387426.0,444784.0,986.2,1012.2,981.3,986.2,120344250,1084.8,887.6,1102.5,649.1,1008.5,671,6,1008.4,1414,9,1008.3,3766,18,1008.2,2573,19,1008.1,944,11,1008.7,10,1,1008.8,33,4,1008.9,160,4,1009.0,62,3,1009.1,594,8
317,2025-11-26 12:48:25+05:30,1008.7,3,1000.17,6590380,387163.0,444773.0,986.2,1012.2,981.3,986.2,120344250,1084.8,887.6,1102.5,649.1,1008.5,346,4,1008.4,1414,9,1008.3,3766,18,1008.2,2573,19,1008.1,944,11,1008.7,6,1,1008.8,33,4,1008.9,160,4,1009.0,200,4,1009.1,641,10
317,2025-11-26 12:48:26+05:30,1008.9,2,1000.17,6590380,387163.0,444773.0,986.2,1012.2,981.3,986.2,120344250,1084.8,887.6,1102.5,649.1,1008.5,346,4,1008.4,1414,9,1008.3,3766,18,1008.2,2573,19,1008.1,944,11,1008.7,6,1,1008.8,33,4,1008.9,160,4,1009.0,200,4,1009.1,641,10
317,2025-11-26 12:48:26+05:30,1008.9,2,1000.17,6590480,384654.0,443652.0,986.2,1012.2,981.3,986.2,120344250,1084.8,887.6,1102.5,649.1,1008.5,425,5,1008.4,1392,9,1008.3,2145,12,1008.2,2509,15,1008.1,939,11,1008.9,158,4,1009.0,200,4,1009.1,449,8,1009.2,766,12,1009.3,1206,13
317,2025-11-26 12:48:27+05:30,1008.9,2,1000.17,6590480,385411.0,443674.0,986.2,1012.2,981.3,986.2,120344250,1084.8,887.6,1102.5,649.1,1008.5,617,8,1008.4,1354,8,1008.3,2297,19,1008.2,2524,16,1008.1,939,11,1008.9,158,4,1009.0,200,4,1009.1,445,7,1009.2,766,12,1009.3,1206,13
317,2025-11-26 12:48:28+05:30,1008.9,2,1000.17,6590480,385955.0,444803.0,986.2,1012.2,981.3,986.2,120344250,1084.8,887.6,1102.5,649.1,1008.8,1,1,1008.6,111,1,1008.5,867,7,1008.4,1404,9,1008.3,2347,20,1008.9,158,4,1009.0,239,5,1009.1,445,7,1009.2,618,10,1009.3,1194,12
317,2025-11-26 12:48:29+05:30,1008.9,39,1000.17,6590480,385955.0,444803.0,986.2,1012.2,981.3,986.2,120344250,1084.8,887.6,1102.5,649.1,1008.8,1,1,1008.6,111,1,1008.5,867,7,1008.4,1404,9,1008.3,2347,20,1008.9,158,4,1009.0,239,5,1009.1,445,7,1009.2,618,10,1009.3,1194,12
317,2025-11-26 12:48:29+05:30,1008.9,2,1000.17,6590582,386562.0,444511.0,986.2,1012.2,981.3,986.2,120344250,1084.8,887.6,1102.5,649.1,1008.8,1,1,1008.6,111,1,1008.5,864,8,1008.4,1354,8,1008.3,2347,20,1008.9,126,4,1009.0,101,4,1009.1,945,8,1009.2,568,9,1009.3,619,11
317,2025-11-26 12:48:30+05:30,1008.5,15,1000.17,6590582,386562.0,444511.0,986.2,1012.2,981.3,986.2,120344250,1084.8,887.6,1102.5,649.1,1008.8,1,1,1008.6,111,1,1008.5,864,8,1008.4,1354,8,1008.3,2347,20,1008.9,126,4,1009.0,101,4,1009.1,945,8,1009.2,568,9,1009.3,619,11
317,2025-11-26 12:48:30+05:30,1008.9,1,1000.17,6590710,386056.0,444984.0,986.2,1012.2,981.3,986.2,120344250,1084.8,887.6,1102.5,649.1,1008.6,50,1,1008.5,637,8,1008.4,3576,13,1008.3,825,15,1008.2,1774,15,1008.9,125,4,1009.0,62,3,1009.1,351,6,1009.2,739,13,1009.3,629,12
317,2025-11-26 12:48:31+05:30,1008.9,1,1000.17,6590710,386056.0,444984.0,986.2,1012.2,981.3,986.2,120344250,1084.8,887.6,1102.5,649.1,1008.6,50,1,1008.5,637,8,1008.4,3576,13,1008.3,825,15,1008.2,1774,15,1008.9,125,4,1009.0,62,3,1009.1,351,6,1009.2,739,13,1009.3,629,12
317,2025-11-26 12:48:31+05:30,1008.9,1,1000.17,6590774,387191.0,444998.0,986.2,1012.2,981.3,986.2,120344250,1084.8,887.6,1102.5,649.1,1008.6,342,6,1008.5,1473,10,1008.4,3576,13,1008.3,825,15,1008.2,1774,15,1008.9,192,5,1009.0,62,3,1009.1,340,4,1009.2,739,13,1009.3,631,14
317,2025-11-26 12:48:32+05:30,1008.9,8,1000.17,6590774,387191.0,444998.0,986.2,1012.2,981.3,986.2,120344250,1084.8,887.6,1102.5,649.1,1008.6,342,6,1008.5,1473,10,1008.4,3576,13,1008.3,825,15,1008.2,1774,15,1008.9,192,5,1009.0,62,3,1009.1,340,4,1009.2,739,13,1009.3,631,14
317,2025-11-26 12:48:32+05:30,1008.9,8,1000.17,6590782,388086.0,445583.0,986.2,1012.2,981.3,986.2,120344250,1084.8,887.6,1102.5,649.1,1008.6,254,5,1008.5,1579,11,1008.4,3605,15,1008.3,1575,16,1008.2,1022,13,1008.7,20,1,1008.9,184,5,1009.0,62,3,1009.1,340,4,1009.2,739,13
317,2025-11-26 12:48:33+05:30,1008.7,1,1000.17,6590782,388086.0,445583.0,986.2,1012.2,981.3,986.2,120344250,1084.8,887.6,1102.5,649.1,1008.6,254,5,1008.5,1579,11,1008.4,3605,15,1008.3,1575,16,1008.2,1022,13,1008.7,20,1,1008.9,184,5,1009.0,62,3,1009.1,340,4,1009.2,739,13
317,2025-11-26 12:48:33+05:30,1008.7,1,1000.17,6591306,388202.0,444334.0,986.2,1012.2,981.3,986.2,120344250,1084.8,887.6,1102.5,649.1,1008.7,5,3,1008.6,106,2,1008.5,1673,13,1008.4,4522,19,1008.3,1575,16,1008.9,111,4,1009.0,62,3,1009.1,340,4,1009.2,931,9,1009.3,554,12
317,2025-11-26 12:48:34+05:30,1008.9,1,1000.17,6591306,388202.0,444334.0,986.2,1012.2,981.3,986.2,120344250,1084.8,887.6,1102.5,649.1,1008.7,5,3,1008.6,106,2,1008.5,1673,13,1008.4,4522,19,1008.3,1575,16,1008.9,111,4,1009.0,62,3,1009.1,340,4,1009.2,931,9,1009.3,554,12
317,2025-11-26 12:48:34+05:30,1008.9,1,1000.17,6591518,387525.0,444092.0,986.2,1012.2,981.3,986.2,120344250,1084.8,887.6,1102.5,649.1,1008.8,20,1,1008.7,3,1,1008.6,369,5,1008.5,1578,11,1008.4,3883,20,1008.9,49,3,1009.0,106,4,1009.1,113,2,1009.2,854,7,1009.3,554,12
317,2025-11-26 12:48:35+05:30,1009.1,53,1000.17,6591518,387525.0,444092.0,986.2,1012.2,981.3,986.2,120344250,1084.8,887.6,1102.5,649.1,1008.8,20,1,1008.7,3,1,1008.6,369,5,1008.5,1578,11,1008.4,3883,20,1008.9,49,3,1009.0,106,4,1009.1,113,2,1009.2,854,7,1009.3,554,12
317,2025-11-26 12:48:35+05:30,1009.1,53,1000.17,6592020,386749.0,442259.0,986.2,1012.2,981.3,986.2,120344250,1084.8,887.6,1102.5,649.1,1009.0,1,1,1008.9,10,1,1008.8,28,2,1008.7,368,5,1008.6,860,6,1009.1,60,2,1009.2,798,7,1009.3,479,12,1009.4,691,14,1009.5,1009,10
317,2025-11-26 12:48:36+05:30,1009.1,1,1000.17,6592020,386749.0,442259.0,986.2,1012.2,981.3,986.2,120344250,1084.8,887.6,1102.5,649.1,1009.0,1,1,1008.9,10,1,1008.8,28,2,1008.7,368,5,1008.6,860,6,1009.1,60,2,1009.2,798,7,1009.3,479,12,1009.4,691,14,1009.5,1009,10
317,2025-11-26 12:48:36+05:30,1009.1,2,1000.17,6592033,386351.0,442343.0,986.2,1012.2,981.3,986.2,120344250,1084.8,887.6,1102.5,649.1,1008.8,28,2,1008.7,368,5,1008.6,847,5,1008.5,1713,13,1008.4,2965,16,1009.1,47,2,1009.2,251,6,1009.3,997,12,1009.4,630,10,1009.5,772,13
317,2025-11-26 12:48:37+05:30,1008.8,2,1000.17,6592033,386351.0,442343.0,986.2,1012.2,981.3,986.2,120344250,1084.8,887.6,1102.5,649.1,1008.8,28,2,1008.7,368,5,1008.6,847,5,1008.5,1713,13,1008.4,2965,16,1009.1,47,2,1009.2,251,6,1009.3,997,12,1009.4,630,10,1009.5,772,13
317,2025-11-26 12:48:37+05:30,1008.8,2,1000.17,6592055,387619.0,442383.0,986.2,1012.2,981.3,986.2,120344250,1084.8,887.6,1102.5,649.1,1008.8,11,2,1008.7,54,2,1008.6,895,6,1008.5,1643,13,1008.4,3737,16,1009.0,37,1,1009.1,47,2,1009.2,254,7,1009.3,997,12,1009.4,630,10
317,2025-11-26 12:48:38+05:30,1009.0,1,1000.17,6592055,387619.0,442383.0,986.2,1012.2,981.3,986.2,120344250,1084.8,887.6,1102.5,649.1,1008.8,11,2,1008.7,54,2,1008.6,895,6,1008.5,1643,13,1008.4,3737,16,1009.0,37,1,1009.1,47,2,1009.2,254,7,1009.3,997,12,1009.4,630,10
317,2025-11-26 12:48:38+05:30,1009.0,1,1000.17,6592056,387747.0,442382.0,986.2,1012.2,981.3,986.2,120344250,1084.8,887.6,1102.5,649.1,1008.8,11,2,1008.7,154,3,1008.6,895,6,1008.5,1643,13,1008.4,3790,17,1009.0,36,1,1009.1,47,2,1009.2,206,6,1009.3,1045,13,1009.4,630,10
317,2025-11-26 12:48:39+05:30,1008.8,5,1000.17,6592056,387747.0,442382.0,986.2,1012.2,981.3,986.2,120344250,1084.8,887.6,1102.5,649.1,1008.8,11,2,1008.7,154,3,1008.6,895,6,1008.5,1643,13,1008.4,3790,17,1009.0,36,1,1009.1,47,2,1009.2,206,6,1009.3,1045,13,1009.4,630,10
317,2025-11-26 12:48:39+05:30,1008.8,5,1000.17,6592061,387792.0,442382.0,986.2,1012.2,981.3,986.2,120344250,1084.8,887.6,1102.5,649.1,1008.8,6,2,1008.7,154,3,1008.6,895,6,1008.5,1643,13,1008.4,3790,17,1009.0,66,2,1009.1,47,2,1009.2,254,7,1009.3,997,12,1009.4,630,10
317,2025-11-26 12:48:40+05:30,1009.0,1,1000.17,6592062,387793.0,442382.0,986.2,1012.2,981.3,986.2,120344250,1084.8,887.6,1102.5,649.1,1008.8,6,2,1008.7,154,3,1008.6,895,6,1008.5,1599,12,1008.4,3757,16,1009.0,66,3,1009.1,47,2,1009.2,254,7,1009.3,997,12,1009.4,630,10
317,2025-11-26 12:48:41+05:30,1009.0,2,1000.17,6592062,387793.0,442382.0,986.2,1012.2,981.3,986.2,120344250,1084.8,887.6,1102.5,649.1,1008.8,6,2,1008.7,154,3,1008.6,895,6,1008.5,1599,12,1008.4,3757,16,1009.0,66,3,1009.1,47,2,1009.2,254,7,1009.3,997,12,1009.4,630,10
317,2025-11-26 12:48:41+05:30,1009.0,1,1000.17,6592065,387839.0,442336.0,986.2,1012.2,981.3,986.2,120344250,1084.8,887.6,1102.5,649.1,1008.8,6,2,1008.7,200,4,1008.6,895,6,1008.5,1599,12,1008.4,3757,16,1009.0,63,3,1009.1,47,2,1009.2,206,6,1009.3,502,12,1009.4,1130,11
317,2025-11-26 12:48:42+05:30,1009.0,1,1000.17,6592065,387839.0,442336.0,986.2,1012.2,981.3,986.2,120344250,1084.8,887.6,1102.5,649.1,1008.8,6,2,1008.7,200,4,1008.6,895,6,1008.5,1599,12,1008.4,3757,16,1009.0,63,3,1009.1,47,2,1009.2,206,6,1009.3,502,12,1009.4,1130,11
317,2025-11-26 12:48:42+05:30,1009.0,1,1000.17,6592065,388625.0,442773.0,986.2,1012.2,981.3,986.2,120344250,1084.8,887.6,1102.5,649.1,1008.8,6,2,1008.7,200,4,1008.6,978,7,1008.5,1670,13,1008.4,4459,16,1008.9,26,1,1009.0,63,3,1009.1,47,2,1009.2,206,6,1009.3,502,12
317,2025-11-26 12:48:43+05:30,1008.9,5,1000.17,6592065,388625.0,442773.0,986.2,1012.2,981.3,986.2,120344250,1084.8,887.6,1102.5,649.1,1008.8,6,2,1008.7,200,4,1008.6,978,7,1008.5,1670,13,1008.4,4459,16,1008.9,26,1,1009.0,63,3,1009.1,47,2,1009.2,206,6,1009.3,502,12
317,2025-11-26 12:48:43+05:30,1008.9,5,1000.17,6592097,387791.0,442736.0,986.2,1012.2,981.3,986.2,120344250,1084.8,887.6,1102.5,649.1,1008.8,6,2,1008.7,154,3,1008.6,1001,7,1008.5,1694,14,1008.4,3796,15,1008.9,21,1,1009.0,63,3,1009.1,47,2,1009.2,252,7,1009.3,502,12
317,2025-11-26 12:48:44+05:30,1008.8,3,1000.17,6592097,387791.0,442736.0,986.2,1012.2,981.3,986.2,120344250,1084.8,887.6,1102.5,649.1,1008.8,6,2,1008.7,154,3,1008.6,1001,7,1008.5,1694,14,1008.4,3796,15,1008.9,21,1,1009.0,63,3,1009.1,47,2,1009.2,252,7,1009.3,502,12
317,2025-11-26 12:48:44+05:30,1008.8,3,1000.17,6592106,388002.0,443877.0,986.2,1012.2,981.3,986.2,120344250,1084.8,887.6,1102.5,649.1,1008.7,105,2,1008.6,368,5,1008.5,1670,13,1008.4,3670,14,1008.3,1724,18,1008.8,8,1,1008.9,21,1,1009.0,63,3,1009.1,47,2,1009.2,252,7
317,2025-11-26 12:48:45+05:30,1008.8,2,1000.17,6592108,388760.0,443873.0,986.2,1012.2,981.3,986.2,120344250,1084.8,887.6,1102.5,649.1,1008.7,105,2,1008.6,368,5,1008.5,1670,13,1008.4,4420,15,1008.3,1724,18,1008.8,6,1,1008.9,21,1,1009.0,63,3,1009.1,47,2,1009.2,252,7
317,2025-11-26 12:48:46+05:30,1008.8,1,1000.17,6592108,388760.0,443873.0,986.2,1012.2,981.3,986.2,120344250,1084.8,887.6,1102.5,649.1,1008.7,105,2,1008.6,368,5,1008.5,1670,13,1008.4,4420,15,1008.3,1724,18,1008.8,6,1,1008.9,21,1,1009.0,63,3,1009.1,47,2,1009.2,252,7
317,2025-11-26 12:48:46+05:30,1008.8,1,1000.17,6592163,388805.0,443869.0,986.2,1012.2,981.3,986.2,120344250,1084.8,887.6,1102.5,649.1,1008.7,221,4,1008.6,368,5,1008.5,1599,12,1008.4,4420,15,1008.3,1724,18,1008.8,2,1,1008.9,21,1,1009.0,63,3,1009.1,47,2,1009.2,252,7
317,2025-11-26 12:48:47+05:30,1008.7,45,1000.17,6592163,388805.0,443869.0,986.2,1012.2,981.3,986.2,120344250,1084.8,887.6,1102.5,649.1,1008.7,221,4,1008.6,368,5,1008.5,1599,12,1008.4,4420,15,1008.3,1724,18,1008.8,2,1,1008.9,21,1,1009.0,63,3,1009.1,47,2,1009.2,252,7
317,2025-11-26 12:48:47+05:30,1008.7,45,1000.17,6592349,388835.0,444167.0,986.2,1012.2,981.3,986.2,120344250,1084.8,887.6,1102.5,649.1,1008.6,417,4,1008.5,1644,11,1008.4,4497,18,1008.3,1687,17,1008.2,896,13,1008.7,26,1,1008.8,8,1,1009.0,63,3,1009.1,249,3,1009.2,366,9
317,2025-11-26 12:48:48+05:30,1008.6,15,1000.17,6592349,388835.0,444167.0,986.2,1012.2,981.3,986.2,120344250,1084.8,887.6,1102.5,649.1,1008.6,417,4,1008.5,1644,11,1008.4,4497,18,1008.3,1687,17,1008.2,896,13,1008.7,26,1,1008.8,8,1,1009.0,63,3,1009.1,249,3,1009.2,366,9
317,2025-11-26 12:48:48+05:30,1008.6,15,1000.17,6592364,388859.0,444446.0,986.2,1012.2,981.3,986.2,120344250,1084.8,887.6,1102.5,649.1,1008.6,415,5,1008.5,1644,11,1008.4,4497,18,1008.3,1713,18,1008.2,896,13,1008.7,26,1,1008.8,8,1,1009.0,63,3,1009.1,249,3,1009.2,366,9
317,2025-11-26 12:48:49+05:30,1008.6,15,1000.17,6592364,388479.0,444613.0,986.2,1012.2,981.3,986.2,120344250,1084.8,887.6,1102.5,649.1,1008.6,93,3,1008.5,1646,14,1008.4,4357,15,1008.3,1647,14,1008.2,1019,13,1008.7,26,1,1008.8,8,1,1009.0,314,5,1009.1,483,6,1009.2,366,9
317,2025-11-26 12:48:50+05:30,1008.6,19,1000.17,6592554,388984.0,444123.0,986.2,1012.2,981.3,986.2,120344250,1084.8,887.6,1102.5,649.1,1008.6,47,1,1008.5,1890,16,1008.4,4519,20,1008.3,1793,15,1008.2,1019,13,1008.8,1,1,1009.0,63,3,1009.1,387,4,1009.2,256,8,1009.3,604,11
317,2025-11-26 12:48:51+05:30,1008.7,41,1000.17,6592554,388984.0,444123.0,986.2,1012.2,981.3,986.2,120344250,1084.8,887.6,1102.5,649.1,1008.6,47,1,1008.5,1890,16,1008.4,4519,20,1008.3,1793,15,1008.2,1019,13,1008.8,1,1,1009.0,63,3,1009.1,387,4,1009.2,256,8,1009.3,604,11
317,2025-11-26 12:48:51+05:30,1008.7,127,1000.17,6592726,388178.0,443730.0,986.2,1012.2,981.3,986.2,120344250,1084.8,887.6,1102.5,649.1,1008.7,143,3,1008.6,112,2,1008.5,1588,13,1008.4,4539,18,1008.3,1859,16,1009.0,217,5,1009.1,436,7,1009.2,821,10,1009.3,525,12,1009.4,862,9
317,2025-11-26 12:48:52+05:30,1008.8,1,1000.17,6592726,388178.0,443730.0,986.2,1012.2,981.3,986.2,120344250,1084.8,887.6,1102.5,649.1,1008.7,143,3,1008.6,112,2,1008.5,1588,13,1008.4,4539,18,1008.3,1859,16,1009.0,217,5,1009.1,436,7,1009.2,821,10,1009.3,525,12,1009.4,862,9
317,2025-11-26 12:48:52+05:30,1008.8,1,1000.17,6592825,388162.0,444576.0,986.2,1012.2,981.3,986.2,120344250,1084.8,887.6,1102.5,649.1,1008.7,60,3,1008.6,112,2,1008.5,1655,15,1008.4,3789,17,1008.3,1793,15,1008.8,1,1,1009.0,150,3,1009.1,384,6,1009.2,878,12,1009.3,709,15
317,2025-11-26 12:48:53+05:30,1008.8,1,1000.17,6592825,388162.0,444576.0,986.2,1012.2,981.3,986.2,120344250,1084.8,887.6,1102.5,649.1,1008.7,60,3,1008.6,112,2,1008.5,1655,15,1008.4,3789,17,1008.3,1793,15,1008.8,1,1,1009.0,150,3,1009.1,384,6,1009.2,878,12,1009.3,709,15
317,2025-11-26 12:48:53+05:30,1008.8,1,1000.17,6592826,388786.0,443851.0,986.2,1012.2,981.3,986.2,120344250,1084.8,887.6,1102.5,649.1,1008.8,5,3,1008.7,70,4,1008.6,544,3,1008.5,1523,13,1008.4,4618,20,1009.0,62,2,1009.1,450,7,1009.2,1077,14,1009.3,530,13,1009.4,675,10
317,2025-11-26 12:48:54+05:30,1008.8,1,1000.17,6592826,388786.0,443851.0,986.2,1012.2,981.3,986.2,120344250,1084.8,887.6,1102.5,649.1,1008.8,5,3,1008.7,70,4,1008.6,544,3,1008.5,1523,13,1008.4,4618,20,1009.0,62,2,1009.1,450,7,1009.2,1077,14,1009.3,530,13,1009.4,675,10
317,2025-11-26 12:48:54+05:30,1009.0,49,1000.17,6592968,387433.0,443861.0,986.2,1012.2,981.3,986.2,120344250,1084.8,887.6,1102.5,649.1,1008.9,112,1,1008.8,5,3,1008.7,181,5,1008.6,112,2,1008.5,1589,14,1009.0,37,1,1009.1,321,5,1009.2,585,11,1009.3,1041,12,1009.4,660,8
317,2025-11-26 12:48:55+05:30,1009.0,50,1000.17,6592968,387433.0,443861.0,986.2,1012.2,981.3,986.2,120344250,1084.8,887.6,1102.5,649.1,1008.9,112,1,1008.8,5,3,1008.7,181,5,1008.6,112,2,1008.5,1589,14,1009.0,37,1,1009.1,321,5,1009.2,585,11,1009.3,1041,12,1009.4,660,8
317,2025-11-26 12:48:55+05:30,1009.0,1,1000.17,6593037,388642.0,443400.0,986.2,1012.2,981.3,986.2,120344250,1084.8,887.6,1102.5,649.1,1008.9,112,1,1008.8,5,3,1008.7,181,5,1008.6,880,7,1008.5,1589,14,1009.0,18,1,1009.1,47,2,1009.2,263,7,1009.3,990,12,1009.4,702,9
317,2025-11-26 12:48:56+05:30,1009.0,3,1000.17,6593037,388642.0,443400.0,986.2,1012.2,981.3,986.2,120344250,1084.8,887.6,1102.5,649.1,1008.9,112,1,1008.8,5,3,1008.7,181,5,1008.6,880,7,1008.5,1589,14,1009.0,18,1,1009.1,47,2,1009.2,263,7,1009.3,990,12,1009.4,702,9
317,2025-11-26 12:48:56+05:30,1009.0,3,1000.17,6593063,387264.0,443544.0,986.2,1012.2,981.3,986.2,120344250,1084.8,887.6,1102.5,649.1,1009.0,3,1,1008.9,112,1,1008.7,181,5,1008.6,870,7,1008.5,1695,17,1009.1,47,2,1009.2,291,8,1009.3,1101,15,1009.4,596,8,1009.5,1073,15
317,2025-11-26 12:48:57+05:30,1009.1,1,1000.17,6593063,387264.0,443544.0,986.2,1012.2,981.3,986.2,120344250,1084.8,887.6,1102.5,649.1,1009.0,3,1,1008.9,112,1,1008.7,181,5,1008.6,870,7,1008.5,1695,17,1009.1,47,2,1009.2,291,8,1009.3,1101,15,1009.4,596,8,1009.5,1073,15
317,2025-11-26 12:48:57+05:30,1009.0,1,1000.17,6593177,387444.0,443671.0,986.2,1012.2,981.3,986.2,120344250,1084.8,887.6,1102.5,649.1,1009.0,18,2,1008.7,454,6,1008.6,964,9,1008.5,1695,17,1008.4,3189,19,1009.1,13,2,1009.2,1045,12,1009.3,520,14,1009.4,539,6,1009.5,1073,15
317,2025-11-26 12:48:58+05:30,1009.0,1,1000.17,6593177,387444.0,443671.0,986.2,1012.2,981.3,986.2,120344250,1084.8,887.6,1102.5,649.1,1009.0,18,2,1008.7,454,6,1008.6,964,9,1008.5,1695,17,1008.4,3189,19,1009.1,13,2,1009.2,1045,12,1009.3,520,14,1009.4,539,6,1009.5,1073,15
317,2025-11-26 12:48:58+05:30,1009.0,1,1000.17,6593177,387242.0,443870.0,986.2,1012.2,981.3,986.2,120344250,1084.8,887.6,1102.5,649.1,1009.0,18,2,1008.7,444,5,1008.6,964,9,1008.5,1695,17,1008.4,3189,19,1009.1,13,2,1009.2,1045,12,1009.3,517,12,1009.4,541,8,1009.5,1073,15
317,2025-11-26 12:48:59+05:30,1009.0,5,1000.17,6593177,387242.0,443870.0,986.2,1012.2,981.3,986.2,120344250,1084.8,887.6,1102.5,649.1,1009.0,18,2,1008.7,444,5,1008.6,964,9,1008.5,1695,17,1008.4,3189,19,1009.1,13,2,1009.2,1045,12,1009.3,517,12,1009.4,541,8,1009.5,1073,15
317,2025-11-26 12:48:59+05:30,1009.1,1,1000.17,6593201,386997.0,443817.0,986.2,1012.2,981.3,986.2,120344250,1084.8,887.6,1102.5,649.1,1009.0,11,1,1008.7,444,5,1008.6,483,8,1008.5,1695,17,1008.4,3189,19,1009.1,3,1,1009.2,989,11,1009.3,569,13,1009.4,540,8,1009.5,1073,15
317,2025-11-26 12:49:00+05:30,1009.0,2,1000.17,6593201,386997.0,443817.0,986.2,1012.2,981.3,986.2,120344250,1084.8,887.6,1102.5,649.1,1009.0,11,1,1008.7,444,5,1008.6,483,8,1008.5,1695,17,1008.4,3189,19,1009.1,3,1,1009.2,989,11,1009.3,569,13,1009.4,540,8,1009.5,1073,15
317,2025-11-26 12:49:00+05:30,1009.1,1,1000.17,6593204,386522.0,443943.0,986.2,1012.2,981.3,986.2,120344250,1084.8,887.6,1102.5,649.1,1009.0,9,1,1008.7,444,5,1008.6,1032,9,1008.5,1695,17,1008.4,3189,19,1009.1,30,2,1009.2,1143,14,1009.3,451,11,1009.4,646,9,1009.5,1073,15
317,2025-11-26 12:49:01+05:30,1009.1,1,1000.17,6593204,386522.0,443943.0,986.2,1012.2,981.3,986.2,120344250,1084.8,887.6,1102.5,649.1,1009.0,9,1,1008.7,444,5,1008.6,1032,9,1008.5,1695,17,1008.4,3189,19,1009.1,30,2,1009.2,1143,14,1009.3,451,11,1009.4,646,9,1009.5,1073,15
317,2025-11-26 12:49:01+05:30,1009.1,1,1000.17,6593213,386823.0,443942.0,986.2,1012.2,981.3,986.2,120344250,1084.8,887.6,1102.5,649.1,1009.0,1,1,1008.7,444,5,1008.6,1032,9,1008.5,1695,17,1008.4,3189,19,1009.1,29,2,1009.2,1143,14,1009.3,425,9,1009.4,672,11,1009.5,1073,15
317,2025-11-26 12:49:02+05:30,1008.7,139,1000.17,6593213,386823.0,443942.0,986.2,1012.2,981.3,986.2,120344250,1084.8,887.6,1102.5,649.1,1009.0,1,1,1008.7,444,5,1008.6,1032,9,1008.5,1695,17,1008.4,3189,19,1009.1,29,2,1009.2,1143,14,1009.3,425,9,1009.4,672,11,1009.5,1073,15
317,2025-11-26 12:49:02+05:30,1008.7,139,1000.18,6593646,385694.0,443130.0,986.2,1012.2,981.3,986.2,120344250,1084.8,887.6,1102.5,649.1,1008.7,351,2,1008.6,1130,10,1008.5,1569,15,1008.4,2464,16,1008.3,1855,16,1009.1,28,1,1009.2,953,10,1009.3,455,10,1009.4,697,11,1009.5,1064,15
317,2025-11-26 12:49:03+05:30,1009.1,23,1000.18,6593646,385694.0,443130.0,986.2,1012.2,981.3,986.2,120344250,1084.8,887.6,1102.5,649.1,1008.7,351,2,1008.6,1130,10,1008.5,1569,15,1008.4,2464,16,1008.3,1855,16,1009.1,28,1,1009.2,953,10,1009.3,455,10,1009.4,697,11,1009.5,1064,15
317,2025-11-26 12:49:03+05:30,1009.1,23,1000.18,6593677,386091.0,443691.0,986.2,1012.2,981.3,986.2,120344250,1084.8,887.6,1102.5,649.1,1009.0,500,1,1008.8,68,1,1008.7,548,3,1008.6,1053,9,1008.5,2283,17,1009.1,28,1,1009.2,196,7,1009.3,1018,12,1009.4,500,9,1009.5,763,13
317,2025-11-26 12:49:04+05:30,1009.1,23,1000.18,6593677,386069.0,443789.0,986.2,1012.2,981.3,986.2,120344250,1084.8,887.6,1102.5,649.1,1009.0,513,2,1008.7,616,4,1008.6,501,8,1008.5,2283,17,1008.4,2509,17,1009.1,28,1,1009.2,268,9,1009.3,1018,12,1009.4,500,9,1009.5,1061,14
317,2025-11-26 12:49:05+05:30,1009.1,2,1000.18,6593679,386011.0,443787.0,986.2,1012.2,981.3,986.2,120344250,1084.8,887.6,1102.5,649.1,1009.0,513,2,1008.7,616,4,1008.6,501,8,1008.5,2283,17,1008.4,2509,17,1009.1,26,1,1009.2,268,9,1009.3,1018,12,1009.4,500,9,1009.5,1061,14
317,2025-11-26 12:49:06+05:30,1009.1,1,1000.18,6593679,386011.0,443787.0,986.2,1012.2,981.3,986.2,120344250,1084.8,887.6,1102.5,649.1,1009.0,513,2,1008.7,616,4,1008.6,501,8,1008.5,2283,17,1008.4,2509,17,1009.1,26,1,1009.2,268,9,1009.3,1018,12,1009.4,500,9,1009.5,1061,14
317,2025-11-26 12:49:06+05:30,1009.1,1,1000.18,6593682,386009.0,443784.0,986.2,1012.2,981.3,986.2,120344250,1084.8,887.6,1102.5,649.1,1009.0,513,2,1008.7,616,4,1008.6,995,9,1008.5,2283,17,1008.4,2509,17,1009.1,23,1,1009.2,268,9,1009.3,1018,12,1009.4,500,9,1009.5,763,13
317,2025-11-26 12:49:07+05:30,1009.1,1,1000.18,6593682,386009.0,443785.0,986.2,1012.2,981.3,986.2,120344250,1084.8,887.6,1102.5,649.1,1009.0,513,2,1008.7,548,3,1008.6,1063,10,1008.5,2283,17,1008.4,2509,17,1009.1,24,2,1009.2,268,9,1009.3,1018,12,1009.4,500,9,1009.5,763,13
317,2025-11-26 12:49:08+05:30,1009.0,231,1000.18,6593682,386009.0,443785.0,986.2,1012.2,981.3,986.2,120344250,1084.8,887.6,1102.5,649.1,1009.0,513,2,1008.7,548,3,1008.6,1063,10,1008.5,2283,17,1008.4,2509,17,1009.1,24,2,1009.2,268,9,1009.3,1018,12,1009.4,500,9,1009.5,763,13
317,2025-11-26 12:49:08+05:30,1009.1,1,1000.18,6593914,385778.0,443856.0,986.2,1012.2,981.3,986.2,120344250,1084.8,887.6,1102.5,649.1,1009.0,282,2,1008.7,548,3,1008.6,1063,10,1008.5,2283,17,1008.4,2509,17,1009.1,23,2,1009.2,265,8,1009.3,1078,14,1009.4,515,10,1009.5,1061,14
317,2025-11-26 12:49:09+05:30,1009.1,1,1000.18,6593914,385778.0,443856.0,986.2,1012.2,981.3,986.2,120344250,1084.8,887.6,1102.5,649.1,1009.0,282,2,1008.7,548,3,1008.6,1063,10,1008.5,2283,17,1008.4,2509,17,1009.1,23,2,1009.2,265,8,1009.3,1078,14,1009.4,515,10,1009.5,1061,14
317,2025-11-26 12:49:09+05:30,1009.1,1,1000.18,6593914,385778.0,443886.0,986.2,1012.2,981.3,986.2,120344250,1084.8,887.6,1102.5,649.1,1009.0,282,2,1008.7,548,3,1008.6,1063,10,1008.5,2283,17,1008.4,2509,17,1009.1,23,2,1009.2,265,8,1009.3,1078,14,1009.4,515,10,1009.5,1061,14
317,2025-11-26 12:49:10+05:30,1009.0,1,1000.18,6593914,385778.0,443886.0,986.2,1012.2,981.3,986.2,120344250,1084.8,887.6,1102.5,649.1,1009.0,282,2,1008.7,548,3,1008.6,1063,10,1008.5,2283,17,1008.4,2509,17,1009.1,23,2,1009.2,265,8,1009.3,1078,14,1009.4,515,10,1009.5,1061,14
317,2025-11-26 12:49:10+05:30,1009.1,1,1000.18,6593916,384899.0,444141.0,986.2,1012.2,981.3,986.2,120344250,1084.8,887.6,1102.5,649.1,1009.0,281,2,1008.7,548,3,1008.6,467,8,1008.5,2203,16,1008.4,2412,16,1009.1,22,2,1009.2,315,9,1009.3,1092,15,1009.4,525,11,1009.5,1071,15
317,2025-11-26 12:49:11+05:30,1009.0,13,1000.18,6593916,384899.0,444141.0,986.2,1012.2,981.3,986.2,120344250,1084.8,887.6,1102.5,649.1,1009.0,281,2,1008.7,548,3,1008.6,467,8,1008.5,2203,16,1008.4,2412,16,1009.1,22,2,1009.2,315,9,1009.3,1092,15,1009.4,525,11,1009.5,1071,15
317,2025-11-26 12:49:11+05:30,1009.0,13,1000.18,6594199,384638.0,445019.0,986.2,1012.2,981.3,986.2,120344250,1084.8,887.6,1102.5,649.1,1008.7,309,1,1008.6,343,6,1008.5,1487,14,1008.4,2996,14,1008.3,1833,15,1009.0,107,2,1009.1,299,4,1009.2,960,13,1009.3,497,13,1009.4,838,13
317,2025-11-26 12:49:12+05:30,1008.7,118,1000.18,6594199,384638.0,445019.0,986.2,1012.2,981.3,986.2,120344250,1084.8,887.6,1102.5,649.1,1008.7,309,1,1008.6,343,6,1008.5,1487,14,1008.4,2996,14,1008.3,1833,15,1009.0,107,2,1009.1,299,4,1009.2,960,13,1009.3,497,13,1009.4,838,13
317,2025-11-26 12:49:12+05:30,1008.7,118,1000.18,6594427,386391.0,446069.0,986.2,1012.2,981.3,986.2,120344250,1084.8,887.6,1102.5,649.1,1008.7,191,1,1008.6,532,9,1008.5,1625,16,1008.4,4416,15,1008.3,1756,14,1008.8,20,1,1009.0,54,2,1009.1,354,4,1009.2,604,14,1009.3,1084,14
317,2025-11-26 12:49:13+05:30,1008.8,6,1000.18,6594427,386391.0,446069.0,986.2,1012.2,981.3,986.2,120344250,1084.8,887.6,1102.5,649.1,1008.7,191,1,1008.6,532,9,1008.5,1625,16,1008.4,4416,15,1008.3,1756,14,1008.8,20,1,1009.0,54,2,1009.1,354,4,1009.2,604,14,1009.3,1084,14
317,2025-11-26 12:49:13+05:30,1008.7,78,1000.18,6594538,386631.0,445933.0,986.2,1012.2,981.3,986.2,120344250,1084.8,887.6,1102.5,649.1,1008.7,113,1,1008.6,344,6,1008.5,1779,18,1008.4,4416,15,1008.3,1807,15,1008.8,20,1,1008.9,93,2,1009.0,5,1,1009.1,222,3,1009.2,455,9
317,2025-11-26 12:49:14+05:30,1008.8,3,1000.18,6594538,386631.0,445933.0,986.2,1012.2,981.3,986.2,120344250,1084.8,887.6,1102.5,649.1,1008.7,113,1,1008.6,344,6,1008.5,1779,18,1008.4,4416,15,1008.3,1807,15,1008.8,20,1,1008.9,93,2,1009.0,5,1,1009.1,222,3,1009.2,455,9
317,2025-11-26 12:49:14+05:30,1008.8,3,1000.18,6594541,386662.0,445959.0,986.2,1012.2,981.3,986.2,120344250,1084.8,887.6,1102.5,649.1,1008.7,113,1,1008.6,288,5,1008.5,1779,18,1008.4,4416,15,1008.3,1838,16,1008.8,17,1,1008.9,93,2,1009.0,5,1,1009.1,222,3,1009.2,455,9
317,2025-11-26 12:49:15+05:30,1009.0,38,1000.18,6594541,386662.0,445959.0,986.2,1012.2,981.3,986.2,120344250,1084.8,887.6,1102.5,649.1,1008.7,113,1,1008.6,288,5,1008.5,1779,18,1008.4,4416,15,1008.3,1838,16,1008.8,17,1,1008.9,93,2,1009.0,5,1,1009.1,222,3,1009.2,455,9
317,2025-11-26 12:49:15+05:30,1009.1,1,1000.18,6595060,384930.0,444683.0,986.2,1012.2,981.3,986.2,120344250,1084.8,887.6,1102.5,649.1,1009.0,1052,1,1008.8,63,3,1008.7,358,4,1008.6,392,5,1008.5,2398,19,1009.1,28,1,1009.2,210,7,1009.3,1127,15,1009.4,784,13,1009.5,1147,16
317,2025-11-26 12:49:16+05:30,1009.1,1,1000.18,6595060,384930.0,444683.0,986.2,1012.2,981.3,986.2,120344250,1084.8,887.6,1102.5,649.1,1009.0,1052,1,1008.8,63,3,1008.7,358,4,1008.6,392,5,1008.5,2398,19,1009.1,28,1,1009.2,210,7,1009.3,1127,15,1009.4,784,13,1009.5,1147,16
317,2025-11-26 12:49:16+05:30,1009.1,1,1000.18,6595126,384838.0,444765.0,986.2,1012.2,981.3,986.2,120344250,1084.8,887.6,1102.5,649.1,1009.0,1052,1,1008.7,358,4,1008.6,512,9,1008.5,2409,18,1008.4,2277,13,1009.1,50,2,1009.2,230,7,1009.3,1018,13,1009.4,784,13,1009.5,1150,17
317,2025-11-26 12:49:17+05:30,1009.1,1,1000.18,6595126,384838.0,444765.0,986.2,1012.2,981.3,986.2,120344250,1084.8,887.6,1102.5,649.1,1009.0,1052,1,1008.7,358,4,1008.6,512,9,1008.5,2409,18,1008.4,2277,13,1009.1,50,2,1009.2,230,7,1009.3,1018,13,1009.4,784,13,1009.5,1150,17
317,2025-11-26 12:49:17+05:30,1009.0,1,1000.18,6595128,384857.0,444764.0,986.2,1012.2,981.3,986.2,120344250,1084.8,887.6,1102.5,649.1,1009.0,1051,1,1008.7,358,4,1008.6,512,9,1008.5,2409,18,1008.4,2277,13,1009.1,49,2,1009.2,230,7,1009.3,1018,13,1009.4,784,13,1009.5,1150,17
317,2025-11-26 12:49:18+05:30,1009.0,1,1000.18,6595128,384857.0,444764.0,986.2,1012.2,981.3,986.2,120344250,1084.8,887.6,1102.5,649.1,1009.0,1051,1,1008.7,358,4,1008.6,512,9,1008.5,2409,18,1008.4,2277,13,1009.1,49,2,1009.2,230,7,1009.3,1018,13,1009.4,784,13,1009.5,1150,17
317,2025-11-26 12:49:18+05:30,1009.0,1,1000.18,6595128,384704.0,444764.0,986.2,1012.2,981.3,986.2,120344250,1084.8,887.6,1102.5,649.1,1009.0,1051,1,1008.7,358,4,1008.6,557,10,1008.5,2382,18,1008.4,2365,15,1009.1,49,2,1009.2,230,7,1009.3,1018,13,1009.4,784,13,1009.5,1150,17
317,2025-11-26 12:49:19+05:30,1009.0,1,1000.18,6595128,384906.0,444792.0,986.2,1012.2,981.3,986.2,120344250,1084.8,887.6,1102.5,649.1,1009.0,1051,1,1008.7,358,4,1008.6,557,10,1008.5,2382,18,1008.4,2365,15,1009.1,49,2,1009.2,230,7,1009.3,1018,13,1009.4,784,13,1009.5,1150,17
317,2025-11-26 12:49:20+05:30,1009.1,1,1000.18,6595128,384906.0,444792.0,986.2,1012.2,981.3,986.2,120344250,1084.8,887.6,1102.5,649.1,1009.0,1051,1,1008.7,358,4,1008.6,557,10,1008.5,2382,18,1008.4,2365,15,1009.1,49,2,1009.2,230,7,1009.3,1018,13,1009.4,784,13,1009.5,1150,17
317,2025-11-26 12:49:20+05:30,1009.1,1,1000.18,6595130,384899.0,444791.0,986.2,1012.2,981.3,986.2,120344250,1084.8,887.6,1102.5,649.1,1009.0,1051,1,1008.7,358,4,1008.6,557,10,1008.5,2382,18,1008.4,2365,15,1009.1,48,3,1009.2,230,7,1009.3,1018,13,1009.4,784,13,1009.5,1150,17
317,2025-11-26 12:49:21+05:30,1009.1,1,1000.18,6595130,384899.0,444791.0,986.2,1012.2,981.3,986.2,120344250,1084.8,887.6,1102.5,649.1,1009.0,1051,1,1008.7,358,4,1008.6,557,10,1008.5,2382,18,1008.4,2365,15,1009.1,48,3,1009.2,230,7,1009.3,1018,13,1009.4,784,13,1009.5,1150,17
317,2025-11-26 12:49:21+05:30,1009.0,186,1000.18,6595317,384723.0,444771.0,986.2,1012.2,981.3,986.2,120344250,1084.8,887.6,1102.5,649.1,1009.0,878,2,1008.7,358,4,1008.6,639,12,1008.5,2447,19,1008.4,2407,16,1009.1,67,4,1009.2,191,6,1009.3,976,12,1009.4,716,11,1009.5,1150,17
317,2025-11-26 12:49:22+05:30,1009.0,186,1000.18,6595317,384723.0,444771.0,986.2,1012.2,981.3,986.2,120344250,1084.8,887.6,1102.5,649.1,1009.0,878,2,1008.7,358,4,1008.6,639,12,1008.5,2447,19,1008.4,2407,16,1009.1,67,4,1009.2,191,6,1009.3,976,12,1009.4,716,11,1009.5,1150,17
317,2025-11-26 12:49:22+05:30,1009.1,4,1000.18,6595325,384723.0,444764.0,986.2,1012.2,981.3,986.2,120344250,1084.8,887.6,1102.5,649.1,1009.0,878,2,1008.7,358,4,1008.6,639,12,1008.5,2447,19,1008.4,2407,16,1009.1,59,4,1009.2,191,6,1009.3,976,12,1009.4,716,11,1009.5,1151,18
317,2025-11-26 12:49:23+05:30,1009.1,12,1000.18,6595325,384723.0,444764.0,986.2,1012.2,981.3,986.2,120344250,1084.8,887.6,1102.5,649.1,1009.0,878,2,1008.7,358,4,1008.6,639,12,1008.5,2447,19,1008.4,2407,16,1009.1,59,4,1009.2,191,6,1009.3,976,12,1009.4,716,11,1009.5,1151,18
317,2025-11-26 12:49:23+05:30,1009.1,12,1000.18,6595348,384729.0,444768.0,986.2,1012.2,981.3,986.2,120344250,1084.8,887.6,1102.5,649.1,1009.0,878,2,1008.7,358,4,1008.6,599,11,1008.5,2447,19,1008.4,2407,16,1009.1,64,4,1009.2,118,5,1009.3,1091,14,1009.4,716,11,1009.5,1151,18
317,2025-11-26 12:49:24+05:30,1009.2,38,1000.18,6596551,387038.0,439322.0,986.2,1012.2,981.3,986.2,120344250,1084.8,887.6,1102.5,649.1,1009.0,2034,8,1008.9,302,4,1008.8,791,10,1008.7,840,11,1008.6,724,11,1009.3,13,5,1009.5,45,3,1009.6,702,7,1009.7,631,7,1009.8,975,13
317,2025-11-26 12:49:25+05:30,1009.3,4,1000.18,6596551,387038.0,439322.0,986.2,1012.2,981.3,986.2,120344250,1084.8,887.6,1102.5,649.1,1009.0,2034,8,1008.9,302,4,1008.8,791,10,1008.7,840,11,1008.6,724,11,1009.3,13,5,1009.5,45,3,1009.6,702,7,1009.7,631,7,1009.8,975,13
317,2025-11-26 12:49:25+05:30,1009.7,11,1000.18,6597116,384472.0,437426.0,986.2,1012.2,981.3,986.2,120344250,1084.8,887.6,1102.5,649.1,1009.2,574,6,1009.1,1036,9,1009.0,2110,10,1008.9,633,9,1008.8,1058,17,1009.7,64,2,1009.8,802,5,1009.9,790,13,1010.0,4294,45,1010.1,1060,17
317,2025-11-26 12:49:26+05:30,1009.7,40,1000.18,6597116,384472.0,437426.0,986.2,1012.2,981.3,986.2,120344250,1084.8,887.6,1102.5,649.1,1009.2,574,6,1009.1,1036,9,1009.0,2110,10,1008.9,633,9,1008.8,1058,17,1009.7,64,2,1009.8,802,5,1009.9,790,13,1010.0,4294,45,1010.1,1060,17
317,2025-11-26 12:49:26+05:30,1009.7,1,1000.18,6597221,386844.0,436753.0,986.2,1012.2,981.3,986.2,120344250,1084.8,887.6,1102.5,649.1,1009.5,2,2,1009.4,249,2,1009.3,1188,7,1009.2,831,10,1009.1,571,8,1009.7,2,2,1009.8,4,2,1009.9,1058,10,1010.0,3889,39,1010.1,1040,13
317,2025-11-26 12:49:27+05:30,1009.7,1,1000.18,6597221,386844.0,436753.0,986.2,1012.2,981.3,986.2,120344250,1084.8,887.6,1102.5,649.1,1009.5,2,2,1009.4,249,2,1009.3,1188,7,1009.2,831,10,1009.1,571,8,1009.7,2,2,1009.8,4,2,1009.9,1058,10,1010.0,3889,39,1010.1,1040,13
317,2025-11-26 12:49:27+05:30,1009.3,90,1000.18,6597325,386136.0,437487.0,986.2,1012.2,981.3,986.2,120344250,1084.8,887.6,1102.5,649.1,1009.3,532,2,1009.2,623,7,1009.1,752,12,1009.0,2230,10,1008.9,1543,12,1009.6,47,1,1009.7,28,2,1009.8,485,7,1009.9,544,11,1010.0,4004,39
317,2025-11-26 12:49:28+05:30,1009.6,125,1000.18,6597325,386136.0,437487.0,986.2,1012.2,981.3,986.2,120344250,1084.8,887.6,1102.5,649.1,1009.3,532,2,1009.2,623,7,1009.1,752,12,1009.0,2230,10,1008.9,1543,12,1009.6,47,1,1009.7,28,2,1009.8,485,7,1009.9,544,11,1010.0,4004,39
317,2025-11-26 12:49:28+05:30,1009.6,125,1000.18,6597450,386066.0,437262.0,986.2,1012.2,981.3,986.2,120344250,1084.8,887.6,1102.5,649.1,1009.3,628,3,1009.2,477,5,1009.1,686,11,1009.0,2230,10,1008.9,1543,12,1009.6,47,1,1009.7,32,2,1009.8,376,6,1009.9,587,11,1010.0,4081,42
317,2025-11-26 12:49:29+05:30,1009.3,14,1000.18,6597464,386062.0,437276.0,986.2,1012.2,981.3,986.2,120344250,1084.8,887.6,1102.5,649.1,1009.3,541,2,1009.2,550,6,1009.1,686,11,1009.0,2230,10,1008.9,1543,12,1009.6,47,1,1009.7,32,2,1009.8,376,6,1009.9,587,11,1010.0,4081,42
317,2025-11-26 12:49:30+05:30,1009.3,14,1000.18,6597464,386062.0,437276.0,986.2,1012.2,981.3,986.2,120344250,1084.8,887.6,1102.5,649.1,1009.3,541,2,1009.2,550,6,1009.1,686,11,1009.0,2230,10,1008.9,1543,12,1009.6,47,1,1009.7,32,2,1009.8,376,6,1009.9,587,11,1010.0,4081,42
317,2025-11-26 12:49:30+05:30,1009.3,8,1000.18,6597530,386529.0,437359.0,986.2,1012.2,981.3,986.2,120344250,1084.8,887.6,1102.5,649.1,1009.3,550,2,1009.2,282,3,1009.1,1280,14,1009.0,2230,10,1008.9,1579,13,1009.6,42,1,1009.7,28,2,1009.8,116,4,1009.9,501,10,1010.0,4227,43
317,2025-11-26 12:49:31+05:30,1009.6,1,1000.18,6597530,386529.0,437359.0,986.2,1012.2,981.3,986.2,120344250,1084.8,887.6,1102.5,649.1,1009.3,550,2,1009.2,282,3,1009.1,1280,14,1009.0,2230,10,1008.9,1579,13,1009.6,42,1,1009.7,28,2,1009.8,116,4,1009.9,501,10,1010.0,4227,43
317,2025-11-26 12:49:31+05:30,1009.3,1,1000.18,6597532,388074.0,438857.0,986.2,1012.2,981.3,986.2,120344250,1084.8,887.6,1102.5,649.1,1009.3,152,2,1009.2,579,6,1009.1,722,12,1009.0,2230,10,1008.9,1579,13,1009.4,49,1,1009.6,41,1,1009.7,1,1,1009.8,533,8,1009.9,547,11
317,2025-11-26 12:49:32+05:30,1009.3,1,1000.18,6597532,388074.0,438857.0,986.2,1012.2,981.3,986.2,120344250,1084.8,887.6,1102.5,649.1,1009.3,152,2,1009.2,579,6,1009.1,722,12,1009.0,2230,10,1008.9,1579,13,1009.4,49,1,1009.6,41,1,1009.7,1,1,1009.8,533,8,1009.9,547,11
317,2025-11-26 12:49:32+05:30,1009.4,5,1000.18,6597564,388173.0,438843.0,986.2,1012.2,981.3,986.2,120344250,1084.8,887.6,1102.5,649.1,1009.3,95,1,1009.2,639,7,1009.1,788,13,1009.0,2260,11,1008.9,1579,13,1009.4,17,1,1009.6,41,1,1009.7,26,2,1009.8,533,8,1009.9,547,11
317,2025-11-26 12:49:33+05:30,1009.4,5,1000.18,6597564,388173.0,438843.0,986.2,1012.2,981.3,986.2,120344250,1084.8,887.6,1102.5,649.1,1009.3,95,1,1009.2,639,7,1009.1,788,13,1009.0,2260,11,1008.9,1579,13,1009.4,17,1,1009.6,41,1,1009.7,26,2,1009.8,533,8,1009.9,547,11
317,2025-11-26 12:49:33+05:30,1009.4,1,1000.18,6597565,388035.0,439271.0,986.2,1012.2,981.3,986.2,120344250,1084.8,887.6,1102.5,649.1,1009.2,442,5,1009.1,619,12,1009.0,2230,10,1008.9,1588,13,1008.8,3820,20,1009.4,16,1,1009.6,41,1,1009.7,203,2,1009.8,535,9,1009.9,1117,12
317,2025-11-26 12:49:34+05:30,1009.4,1,1000.18,6597565,388035.0,439271.0,986.2,1012.2,981.3,986.2,120344250,1084.8,887.6,1102.5,649.1,1009.2,442,5,1009.1,619,12,1009.0,2230,10,1008.9,1588,13,1008.8,3820,20,1009.4,16,1,1009.6,41,1,1009.7,203,2,1009.8,535,9,1009.9,1117,12
317,2025-11-26 12:49:34+05:30,1009.4,100,1000.18,6597666,388175.0,439303.0,986.2,1012.2,981.3,986.2,120344250,1084.8,887.6,1102.5,649.1,1009.3,112,1,1009.2,397,4,1009.1,593,10,1009.0,2256,12,1008.9,1625,14,1009.4,49,1,1009.6,41,1,1009.7,203,2,1009.8,580,10,1009.9,1113,11
317,2025-11-26 12:49:35+05:30,1009.4,100,1000.18,6597666,388175.0,439303.0,986.2,1012.2,981.3,986.2,120344250,1084.8,887.6,1102.5,649.1,1009.3,112,1,1009.2,397,4,1009.1,593,10,1009.0,2256,12,1008.9,1625,14,1009.4,49,1,1009.6,41,1,1009.7,203,2,1009.8,580,10,1009.9,1113,11
317,2025-11-26 12:49:35+05:30,1009.4,50,1000.2,6611354,383069.0,431382.0,986.2,1012.2,981.3,986.2,120344250,1084.8,887.6,1102.5,649.1,1009.4,226,3,1009.3,500,9,1009.2,874,6,1009.1,1087,10,1009.0,704,9,1009.8,132,2,1009.9,905,10,1010.0,620,11,1010.1,569,9,1010.2,440,13
317,2025-11-26 12:49:36+05:30,1009.4,50,1000.2,6611354,383069.0,431382.0,986.2,1012.2,981.3,986.2,120344250,1084.8,887.6,1102.5,649.1,1009.4,226,3,1009.3,500,9,1009.2,874,6,1009.1,1087,10,1009.0,704,9,1009.8,132,2,1009.9,905,10,1010.0,620,11,1010.1,569,9,1010.2,440,13
317,2025-11-26 12:49:36+05:30,1009.4,50,1000.2,6611354,384969.0,432803.0,986.2,1012.2,981.3,986.2,120344250,1084.8,887.6,1102.5,649.1,1009.5,112,1,1009.4,38,2,1009.3,632,10,1009.2,1118,8,1009.1,1233,11,1009.8,66,1,1009.9,474,10,1010.0,743,14,1010.1,1216,11,1010.2,510,11
317,2025-11-26 12:49:37+05:30,1009.9,38,1000.2,6611354,384969.0,432803.0,986.2,1012.2,981.3,986.2,120344250,1084.8,887.6,1102.5,649.1,1009.5,112,1,1009.4,38,2,1009.3,632,10,1009.2,1118,8,1009.1,1233,11,1009.8,66,1,1009.9,474,10,1010.0,743,14,1010.1,1216,11,1010.2,510,11
317,2025-11-26 12:49:37+05:30,1010.1,36,1000.2,6612317,387316.0,428805.0,986.2,1012.2,981.3,986.2,120344250,1084.8,887.6,1102.5,649.1,1009.7,63,1,1009.6,568,6,1009.5,577,5,1009.4,1051,10,1009.3,791,12,1010.2,876,8,1010.3,428,8,1010.4,926,14,1010.5,950,15,1010.6,1011,11
317,2025-11-26 12:49:38+05:30,1010.0,11,1000.2,6612317,387316.0,428805.0,986.2,1012.2,981.3,986.2,120344250,1084.8,887.6,1102.5,649.1,1009.7,63,1,1009.6,568,6,1009.5,577,5,1009.4,1051,10,1009.3,791,12,1010.2,876,8,1010.3,428,8,1010.4,926,14,1010.5,950,15,1010.6,1011,11
317,2025-11-26 12:49:38+05:30,1010.0,10,1000.2,6612643,387127.0,432533.0,986.2,1012.2,981.3,986.2,120344250,1084.8,887.6,1102.5,649.1,1009.7,13,1,1009.6,178,2,1009.5,546,4,1009.4,753,9,1009.3,1131,14,1009.9,100,1,1010.0,67,2,1010.1,908,7,1010.2,662,10,1010.3,640,10
317,2025-11-26 12:49:39+05:30,1009.9,1,1000.2,6612643,387127.0,432533.0,986.2,1012.2,981.3,986.2,120344250,1084.8,887.6,1102.5,649.1,1009.7,13,1,1009.6,178,2,1009.5,546,4,1009.4,753,9,1009.3,1131,14,1009.9,100,1,1010.0,67,2,1010.1,908,7,1010.2,662,10,1010.3,640,10
317,2025-11-26 12:49:39+05:30,1009.9,1,1000.2,6612644,387015.0,432442.0,986.2,1012.2,981.3,986.2,120344250,1084.8,887.6,1102.5,649.1,1009.7,13,1,1009.6,178,2,1009.5,546,4,1009.4,753,9,1009.3,1131,14,1009.9,99,1,1010.0,69,3,1010.1,974,8,1010.2,460,9,1010.3,874,11
317,2025-11-26 12:49:40+05:30,1009.9,2,1000.2,6612646,386950.0,432630.0,986.2,1012.2,981.3,986.2,120344250,1084.8,887.6,1102.5,649.1,1009.7,13,1,1009.6,50,1,1009.5,546,4,1009.4,753,9,1009.3,1216,15,1009.9,97,1,1010.0,69,3,1010.1,1017,7,1010.2,460,9,1010.3,874,11
317,2025-11-26 12:49:41+05:30,1009.8,1,1000.2,6612646,386950.0,432630.0,986.2,1012.2,981.3,986.2,120344250,1084.8,887.6,1102.5,649.1,1009.7,13,1,1009.6,50,1,1009.5,546,4,1009.4,753,9,1009.3,1216,15,1009.9,97,1,1010.0,69,3,1010.1,1017,7,1010.2,460,9,1010.3,874,11
317,2025-11-26 12:49:41+05:30,1009.8,1,1000.2,6612649,393776.0,429159.0,986.2,1012.2,981.3,986.2,120344250,1084.8,887.6,1102.5,649.1,1009.8,144,6,1009.7,434,8,1009.6,992,8,1009.5,1197,9,1009.4,1765,11,1009.9,95,1,1010.0,7,2,1010.1,19,2,1010.2,126,3,1010.3,687,4
317,2025-11-26 12:49:42+05:30,1009.8,13,1000.2,6612649,393776.0,429159.0,986.2,1012.2,981.3,986.2,120344250,1084.8,887.6,1102.5,649.1,1009.8,144,6,1009.7,434,8,1009.6,992,8,1009.5,1197,9,1009.4,1765,11,1009.9,95,1,1010.0,7,2,1010.1,19,2,1010.2,126,3,1010.3,687,4
317,2025-11-26 12:49:42+05:30,1009.8,202,1000.2,6613304,395859.0,429107.0,986.2,1012.2,981.3,986.2,120344250,1084.8,887.6,1102.5,649.1,1009.7,355,9,1009.6,396,6,1009.5,1118,9,1009.4,1643,11,1009.3,3084,12,1009.8,101,1,1009.9,95,1,1010.0,7,2,1010.1,19,2,1010.2,156,5
317,2025-11-26 12:49:43+05:30,1009.8,23,1000.2,6613304,395859.0,429107.0,986.2,1012.2,981.3,986.2,120344250,1084.8,887.6,1102.5,649.1,1009.7,355,9,1009.6,396,6,1009.5,1118,9,1009.4,1643,11,1009.3,3084,12,1009.8,101,1,1009.9,95,1,1010.0,7,2,1010.1,19,2,1010.2,156,5
317,2025-11-26 12:49:43+05:30,1009.8,23,1000.2,6613304,395859.0,429107.0,986.2,1012.2,981.3,986.2,120344250,1084.8,887.6,1102.5,649.1,1009.7,355,9,1009.6,396,6,1009.5,1118,9,1009.4,1643,11,1009.3,3084,12,1009.8,101,1,1009.9,95,1,1010.0,7,2,1010.1,19,2,1010.2,156,5
317,2025-11-26 12:49:43+05:30,1009.8,25,1000.2,6613439,396405.0,429114.0,986.2,1012.2,981.3,986.2,120344250,1084.8,887.6,1102.5,649.1,1009.7,67,1,1009.6,846,15,1009.5,1702,10,1009.4,1668,12,1009.3,4050,15,1009.8,45,2,1009.9,95,1,1010.0,30,4,1010.1,1,1,1010.2,131,4
317,2025-11-26 12:49:44+05:30,1009.8,25,1000.2,6613439,396405.0,429114.0,986.2,1012.2,981.3,986.2,120344250,1084.8,887.6,1102.5,649.1,1009.7,67,1,1009.6,846,15,1009.5,1702,10,1009.4,1668,12,1009.3,4050,15,1009.8,45,2,1009.9,95,1,1010.0,30,4,1010.1,1,1,1010.2,131,4
317,2025-11-26 12:49:44+05:30,1009.8,2,1000.2,6613439,396405.0,429114.0,986.2,1012.2,981.3,986.2,120344250,1084.8,887.6,1102.5,649.1,1009.7,67,1,1009.6,846,15,1009.5,1702,10,1009.4,1668,12,1009.3,4050,15,1009.8,45,2,1009.9,95,1,1010.0,30,4,1010.1,1,1,1010.2,131,4
317,2025-11-26 12:49:44+05:30,1009.8,2,1000.2,6613439,396405.0,429114.0,986.2,1012.2,981.3,986.2,120344250,1084.8,887.6,1102.5,649.1,1009.7,67,1,1009.6,846,15,1009.5,1702,10,1009.4,1668,12,1009.3,4050,15,1009.8,45,2,1009.9,95,1,1010.0,30,4,1010.1,1,1,1010.2,131,4
317,2025-11-26 12:49:44+05:30,1009.8,1,1000.2,6613442,396292.0,428921.0,986.2,1012.2,981.3,986.2,120344250,1084.8,887.6,1102.5,649.1,1009.7,67,1,1009.6,872,17,1009.5,1118,9,1009.4,1668,12,1009.3,4050,15,1009.8,42,2,1009.9,95,1,1010.0,30,4,1010.1,1,1,1010.2,131,4
317,2025-11-26 12:49:44+05:30,1009.8,1,1000.2,6613442,396292.0,428921.0,986.2,1012.2,981.3,986.2,120344250,1084.8,887.6,1102.5,649.1,1009.7,67,1,1009.6,872,17,1009.5,1118,9,1009.4,1668,12,1009.3,4050,15,1009.8,42,2,1009.9,95,1,1010.0,30,4,1010.1,1,1,1010.2,131,4
317,2025-11-26 12:49:45+05:30,1009.8,1,1000.2,6613442,396292.0,428921.0,986.2,1012.2,981.3,986.2,120344250,1084.8,887.6,1102.5,649.1,1009.7,67,1,1009.6,872,17,1009.5,1118,9,1009.4,1668,12,1009.3,4050,15,1009.8,42,2,1009.9,95,1,1010.0,30,4,1010.1,1,1,1010.2,131,4
317,2025-11-26 12:49:45+05:30,1009.8,1,1000.2,6613442,396292.0,428921.0,986.2,1012.2,981.3,986.2,120344250,1084.8,887.6,1102.5,649.1,1009.7,67,1,1009.6,872,17,1009.5,1118,9,1009.4,1668,12,1009.3,4050,15,1009.8,42,2,1009.9,95,1,1010.0,30,4,1010.1,1,1,1010.2,131,4
317,2025-11-26 12:49:45+05:30,1009.8,2,1000.2,6613444,396333.0,428926.0,986.2,1012.2,981.3,986.2,120344250,1084.8,887.6,1102.5,649.1,1009.7,67,1,1009.6,818,16,1009.5,1118,9,1009.4,1668,12,1009.3,4092,16,1009.8,40,2,1009.9,95,1,1010.0,30,4,1010.1,1,1,1010.2,131,4
317,2025-11-26 12:49:45+05:30,1009.8,2,1000.2,6613444,396333.0,428926.0,986.2,1012.2,981.3,986.2,120344250,1084.8,887.6,1102.5,649.1,1009.7,67,1,1009.6,818,16,1009.5,1118,9,1009.4,1668,12,1009.3,4092,16,1009.8,40,2,1009.9,95,1,1010.0,30,4,1010.1,1,1,1010.2,131,4
317,2025-11-26 12:49:46+05:30,1009.8,2,1000.2,6613444,396333.0,428926.0,986.2,1012.2,981.3,986.2,120344250,1084.8,887.6,1102.5,649.1,1009.7,67,1,1009.6,818,16,1009.5,1118,9,1009.4,1668,12,1009.3,4092,16,1009.8,40,2,1009.9,95,1,1010.0,30,4,1010.1,1,1,1010.2,131,4
317,2025-11-26 12:49:46+05:30,1009.8,1,1000.2,6613444,396333.0,428926.0,986.2,1012.2,981.3,986.2,120344250,1084.8,887.6,1102.5,649.1,1009.7,67,1,1009.6,818,16,1009.5,1118,9,1009.4,1668,12,1009.3,4092,16,1009.8,40,2,1009.9,95,1,1010.0,30,4,1010.1,1,1,1010.2,131,4
317,2025-11-26 12:49:46+05:30,1009.8,1,1000.2,6613444,396333.0,428926.0,986.2,1012.2,981.3,986.2,120344250,1084.8,887.6,1102.5,649.1,1009.7,67,1,1009.6,818,16,1009.5,1118,9,1009.4,1668,12,1009.3,4092,16,1009.8,40,2,1009.9,95,1,1010.0,30,4,1010.1,1,1,1010.2,131,4
317,2025-11-26 12:49:46+05:30,1009.7,184,1000.2,6614172,396653.0,429802.0,986.2,1012.2,981.3,986.2,120344250,1084.8,887.6,1102.5,649.1,1009.6,477,7,1009.5,1071,17,1009.4,1792,10,1009.3,4092,16,1009.2,2476,15,1009.7,119,1,1009.8,1,1,1009.9,135,2,1010.0,30,4,1010.1,107,2
317,2025-11-26 12:49:46+05:30,1009.7,184,1000.2,6614172,396653.0,429802.0,986.2,1012.2,981.3,986.2,120344250,1084.8,887.6,1102.5,649.1,1009.6,477,7,1009.5,1071,17,1009.4,1792,10,1009.3,4092,16,1009.2,2476,15,1009.7,119,1,1009.8,1,1,1009.9,135,2,1010.0,30,4,1010.1,107,2
317,2025-11-26 12:49:47+05:30,1009.7,1,1000.2,6614172,396653.0,429802.0,986.2,1012.2,981.3,986.2,120344250,1084.8,887.6,1102.5,649.1,1009.6,477,7,1009.5,1071,17,1009.4,1792,10,1009.3,4092,16,1009.2,2476,15,1009.7,119,1,1009.8,1,1,1009.9,135,2,1010.0,30,4,1010.1,107,2
317,2025-11-26 12:49:47+05:30,1009.7,1,1000.2,6614172,396653.0,429802.0,986.2,1012.2,981.3,986.2,120327000,1084.8,887.6,1102.5,649.1,1009.6,477,7,1009.5,1071,17,1009.4,1792,10,1009.3,4092,16,1009.2,2476,15,1009.7,119,1,1009.8,1,1,1009.9,135,2,1010.0,30,4,1010.1,107,2
317,2025-11-26 12:49:47+05:30,1009.7,49,1000.2,6614275,397410.0,429624.0,986.2,1012.2,981.3,986.2,120327000,1084.8,887.6,1102.5,649.1,1009.6,477,7,1009.5,1286,17,1009.4,1409,8,1009.3,4786,17,1009.2,2387,14,1009.7,16,1,1009.8,1,1,1009.9,135,2,1010.0,30,4,1010.1,107,2
317,2025-11-26 12:49:47+05:30,1009.7,49,1000.2,6614275,397410.0,429624.0,986.2,1012.2,981.3,986.2,120327000,1084.8,887.6,1102.5,649.1,1009.6,477,7,1009.5,1286,17,1009.4,1409,8,1009.3,4786,17,1009.2,2387,14,1009.7,16,1,1009.8,1,1,1009.9,135,2,1010.0,30,4,1010.1,107,2
317,2025-11-26 12:49:48+05:30,1009.7,49,1000.2,6614275,397410.0,429624.0,986.2,1012.2,981.3,986.2,120327000,1084.8,887.6,1102.5,649.1,1009.6,477,7,1009.5,1286,17,1009.4,1409,8,1009.3,4786,17,1009.2,2387,14,1009.7,16,1,1009.8,1,1,1009.9,135,2,1010.0,30,4,1010.1,107,2
317,2025-11-26 12:49:48+05:30,1009.7,86,1000.21,6614658,396147.0,430313.0,986.2,1012.2,981.3,986.2,120327000,1084.8,887.6,1102.5,649.1,1009.6,461,7,1009.5,856,15,1009.4,1707,9,1009.3,4813,18,1009.2,1649,12,1009.7,217,1,1009.8,1,1,1009.9,135,2,1010.0,30,4,1010.1,107,2
317,2025-11-26 12:49:49+05:30,1009.7,9,1000.21,6614658,396147.0,430313.0,986.2,1012.2,981.3,986.2,120327000,1084.8,887.6,1102.5,649.1,1009.6,461,7,1009.5,856,15,1009.4,1707,9,1009.3,4813,18,1009.2,1649,12,1009.7,217,1,1009.8,1,1,1009.9,135,2,1010.0,30,4,1010.1,107,2
317,2025-11-26 12:49:49+05:30,1009.8,1,1000.21,6615869,397113.0,429549.0,986.2,1012.2,981.3,986.2,120327000,1084.8,887.6,1102.5,649.1,1009.8,100,2,1009.7,545,5,1009.6,441,8,1009.5,1339,19,1009.4,1597,10,1009.9,135,2,1010.0,30,4,1010.1,1,1,1010.2,126,3,1010.3,877,5
317,2025-11-26 12:49:50+05:30,1009.8,1,1000.21,6615869,397113.0,429549.0,986.2,1012.2,981.3,986.2,120327000,1084.8,887.6,1102.5,649.1,1009.8,100,2,1009.7,545,5,1009.6,441,8,1009.5,1339,19,1009.4,1597,10,1009.9,135,2,1010.0,30,4,1010.1,1,1,1010.2,126,3,1010.3,877,5
317,2025-11-26 12:49:50+05:30,1010.2,124,1000.21,6616658,392661.0,427952.0,986.2,1012.2,981.3,986.2,120327000,1084.8,887.6,1102.5,649.1,1009.8,140,2,1009.7,402,3,1009.6,591,8,1009.5,1515,22,1009.4,1597,10,1010.2,643,4,1010.3,428,5,1010.4,686,14,1010.5,1043,16,1010.6,725,9
317,2025-11-26 12:49:51+05:30,1010.1,68,1000.21,6616658,392661.0,427952.0,986.2,1012.2,981.3,986.2,120327000,1084.8,887.6,1102.5,649.1,1009.8,140,2,1009.7,402,3,1009.6,591,8,1009.5,1515,22,1009.4,1597,10,1010.2,643,4,1010.3,428,5,1010.4,686,14,1010.5,1043,16,1010.6,725,9
317,2025-11-26 12:49:51+05:30,1010.2,3,1000.21,6616803,394032.0,429670.0,986.2,1012.2,981.3,986.2,120327000,1084.8,887.6,1102.5,649.1,1009.8,48,1,1009.7,675,6,1009.6,483,7,1009.5,1446,21,1009.4,1601,10,1010.0,84,1,1010.2,220,3,1010.3,1013,8,1010.4,679,13,1010.5,1099,16
317,2025-11-26 12:49:52+05:30,1010.2,3,1000.21,6616803,394032.0,429670.0,986.2,1012.2,981.3,986.2,120327000,1084.8,887.6,1102.5,649.1,1009.8,48,1,1009.7,675,6,1009.6,483,7,1009.5,1446,21,1009.4,1601,10,1010.0,84,1,1010.2,220,3,1010.3,1013,8,1010.4,679,13,1010.5,1099,16
317,2025-11-26 12:49:52+05:30,1010.0,1,1000.21,6616804,393843.0,429483.0,986.2,1012.2,981.3,986.2,120327000,1084.8,887.6,1102.5,649.1,1009.8,48,1,1009.7,606,5,1009.6,552,8,1009.5,1446,21,1009.4,1601,10,1010.0,83,1,1010.2,224,5,1010.3,1013,8,1010.4,679,13,1010.5,1099,16
317,2025-11-26 12:49:53+05:30,1010.0,23,1000.21,6616804,393843.0,429483.0,986.2,1012.2,981.3,986.2,120327000,1084.8,887.6,1102.5,649.1,1009.8,48,1,1009.7,606,5,1009.6,552,8,1009.5,1446,21,1009.4,1601,10,1010.0,83,1,1010.2,224,5,1010.3,1013,8,1010.4,679,13,1010.5,1099,16
317,2025-11-26 12:49:53+05:30,1009.8,40,1000.21,6616877,395331.0,429999.0,986.2,1012.2,981.3,986.2,120327000,1084.8,887.6,1102.5,649.1,1009.8,8,1,1009.7,402,3,1009.6,621,9,1009.5,1446,21,1009.4,1629,11,1009.9,50,1,1010.0,51,2,1010.2,224,5,1010.3,1013,8,1010.4,679,13
317,2025-11-26 12:49:54+05:30,1009.8,40,1000.21,6616877,395331.0,429999.0,986.2,1012.2,981.3,986.2,120327000,1084.8,887.6,1102.5,649.1,1009.8,8,1,1009.7,402,3,1009.6,621,9,1009.5,1446,21,1009.4,1629,11,1009.9,50,1,1010.0,51,2,1010.2,224,5,1010.3,1013,8,1010.4,679,13
317,2025-11-26 12:49:54+05:30,1009.9,112,1000.21,6616989,395323.0,430058.0,986.2,1012.2,981.3,986.2,120327000,1084.8,887.6,1102.5,649.1,1009.8,8,1,1009.7,402,3,1009.6,536,8,1009.5,1394,21,1009.4,1629,11,1009.9,50,1,1010.0,51,2,1010.2,780,7,1010.3,513,8,1010.4,679,13
317,2025-11-26 12:49:55+05:30,1009.9,112,1000.21,6616989,395323.0,430058.0,986.2,1012.2,981.3,986.2,120327000,1084.8,887.6,1102.5,649.1,1009.8,8,1,1009.7,402,3,1009.6,536,8,1009.5,1394,21,1009.4,1629,11,1009.9,50,1,1010.0,51,2,1010.2,780,7,1010.3,513,8,1010.4,679,13
317,2025-11-26 12:49:55+05:30,1009.9,95,1000.21,6617113,393518.0,430120.0,986.2,1012.2,981.3,986.2,120327000,1084.8,887.6,1102.5,649.1,1009.8,13,2,1009.7,402,3,1009.6,536,8,1009.5,1445,21,1009.4,1629,11,1010.0,51,2,1010.2,791,7,1010.3,506,7,1010.4,679,13,1010.5,801,15
317,2025-11-26 12:49:56+05:30,1009.9,95,1000.21,6617113,393518.0,430120.0,986.2,1012.2,981.3,986.2,120327000,1084.8,887.6,1102.5,649.1,1009.8,13,2,1009.7,402,3,1009.6,536,8,1009.5,1445,21,1009.4,1629,11,1010.0,51,2,1010.2,791,7,1010.3,506,7,1010.4,679,13,1010.5,801,15
317,2025-11-26 12:49:56+05:30,1009.7,8,1000.21,6617136,393642.0,430412.0,986.2,1012.2,981.3,986.2,120327000,1084.8,887.6,1102.5,649.1,1009.7,366,4,1009.6,1267,11,1009.5,1409,20,1009.4,1629,11,1009.3,2454,14,1010.0,64,3,1010.2,718,5,1010.3,518,7,1010.4,806,14,1010.5,1125,18
317,2025-11-26 12:49:57+05:30,1009.7,8,1000.21,6617136,393642.0,430412.0,986.2,1012.2,981.3,986.2,120327000,1084.8,887.6,1102.5,649.1,1009.7,366,4,1009.6,1267,11,1009.5,1409,20,1009.4,1629,11,1009.3,2454,14,1010.0,64,3,1010.2,718,5,1010.3,518,7,1010.4,806,14,1010.5,1125,18
317,2025-11-26 12:49:57+05:30,1009.7,8,1000.21,6617136,394861.0,430733.0,986.2,1012.2,981.3,986.2,120327000,1084.8,887.6,1102.5,649.1,1009.7,374,5,1009.6,975,8,1009.5,1417,20,1009.4,1629,11,1009.3,3199,14,1009.9,50,1,1010.0,17,3,1010.2,715,4,1010.3,518,7,1010.4,840,15
317,2025-11-26 12:49:58+05:30,1009.7,8,1000.21,6617136,398360.0,429951.0,986.2,1012.2,981.3,986.2,120327000,1084.8,887.6,1102.5,649.1,1009.7,783,10,1009.6,1971,16,1009.5,4742,18,1009.4,1629,11,1009.3,1003,11,1009.9,50,1,1010.0,17,3,1010.2,6,2,1010.3,374,6,1010.4,1032,9
317,2025-11-26 12:49:59+05:30,1009.8,118,1000.21,6617254,398581.0,429500.0,986.2,1012.2,981.3,986.2,120327000,1084.8,887.6,1102.5,649.1,1009.7,886,12,1009.6,2130,18,1009.5,4721,17,1009.4,1593,10,1009.3,1003,11,1009.9,51,2,1010.0,17,3,1010.2,1,1,1010.3,704,5,1010.4,433,6
317,2025-11-26 12:50:00+05:30,1009.8,118,1000.21,6617254,398581.0,429500.0,986.2,1012.2,981.3,986.2,120327000,1084.8,887.6,1102.5,649.1,1009.7,886,12,1009.6,2130,18,1009.5,4721,17,1009.4,1593,10,1009.3,1003,11,1009.9,51,2,1010.0,17,3,1010.2,1,1,1010.3,704,5,1010.4,433,6
317,2025-11-26 12:50:00+05:30,1009.9,1,1000.21,6617255,398647.0,429524.0,986.2,1012.2,981.3,986.2,120327000,1084.8,887.6,1102.5,649.1,1009.7,886,12,1009.6,2171,19,1009.5,4746,18,1009.4,1593,10,1009.3,1003,11,1009.9,50,2,1010.0,17,3,1010.2,1,1,1010.3,704,5,1010.4,433,6
317,2025-11-26 12:50:01+05:30,1009.9,1,1000.21,6617255,398647.0,429524.0,986.2,1012.2,981.3,986.2,120327000,1084.8,887.6,1102.5,649.1,1009.7,886,12,1009.6,2171,19,1009.5,4746,18,1009.4,1593,10,1009.3,1003,11,1009.9,50,2,1010.0,17,3,1010.2,1,1,1010.3,704,5,1010.4,433,6
317,2025-11-26 12:50:01+05:30,1009.9,1,1000.21,6617289,398787.0,429305.0,986.2,1012.2,981.3,986.2,120327000,1084.8,887.6,1102.5,649.1,1009.7,878,12,1009.6,1748,19,1009.5,4746,18,1009.4,1593,10,1009.3,1003,11,1009.9,24,2,1010.0,18,4,1010.2,1,1,1010.3,704,5,1010.4,433,6
317,2025-11-26 12:50:02+05:30,1009.7,93,1000.21,6617289,398787.0,429305.0,986.2,1012.2,981.3,986.2,120327000,1084.8,887.6,1102.5,649.1,1009.7,878,12,1009.6,1748,19,1009.5,4746,18,1009.4,1593,10,1009.3,1003,11,1009.9,24,2,1010.0,18,4,1010.2,1,1,1010.3,704,5,1010.4,433,6
317,2025-11-26 12:50:02+05:30,1009.8,22,1000.21,6618091,388002.0,430784.0,986.2,1012.2,981.3,986.2,120327000,1084.8,887.6,1102.5,649.1,1009.6,120,3,1009.5,2080,9,1009.4,1408,8,1009.3,3115,13,1009.2,1385,14,1009.8,88,2,1009.9,88,3,1010.0,244,7,1010.1,207,4,1010.2,528,8
317,2025-11-26 12:50:03+05:30,1009.8,4,1000.21,6618091,388002.0,430784.0,986.2,1012.2,981.3,986.2,120327000,1084.8,887.6,1102.5,649.1,1009.6,120,3,1009.5,2080,9,1009.4,1408,8,1009.3,3115,13,1009.2,1385,14,1009.8,88,2,1009.9,88,3,1010.0,244,7,1010.1,207,4,1010.2,528,8
317,2025-11-26 12:50:03+05:30,1009.9,43,1000.21,6618340,395538.0,430028.0,986.2,1012.2,981.3,986.2,120327000,1084.8,887.6,1102.5,649.1,1009.8,3,1,1009.6,120,3,1009.5,1052,7,1009.4,1893,12,1009.3,4157,18,1009.9,40,1,1010.0,216,7,1010.1,846,6,1010.2,494,8,1010.3,519,10
317,2025-11-26 12:50:04+05:30,1009.9,135,1000.21,6618340,395538.0,430028.0,986.2,1012.2,981.3,986.2,120327000,1084.8,887.6,1102.5,649.1,1009.8,3,1,1009.6,120,3,1009.5,1052,7,1009.4,1893,12,1009.3,4157,18,1009.9,40,1,1010.0,216,7,1010.1,846,6,1010.2,494,8,1010.3,519,10
317,2025-11-26 12:50:04+05:30,1009.9,135,1000.21,6618475,397061.0,429682.0,986.2,1012.2,981.3,986.2,120327000,1084.8,887.6,1102.5,649.1,1009.8,203,2,1009.7,394,4,1009.6,918,10,1009.5,2573,15,1009.4,3135,19,1009.9,8,1,1010.0,138,6,1010.2,648,5,1010.3,493,8,1010.4,610,10
317,2025-11-26 12:50:05+05:30,1009.8,1,1000.21,6618475,397061.0,429682.0,986.2,1012.2,981.3,986.2,120327000,1084.8,887.6,1102.5,649.1,1009.8,203,2,1009.7,394,4,1009.6,918,10,1009.5,2573,15,1009.4,3135,19,1009.9,8,1,1010.0,138,6,1010.2,648,5,1010.3,493,8,1010.4,610,10
317,2025-11-26 12:50:05+05:30,1009.9,3,1000.21,6618479,396750.0,445422.0,986.2,1012.2,981.3,986.2,120327000,1084.8,887.6,1102.5,649.1,1009.8,202,2,1009.7,138,1,1009.6,685,7,1009.5,2213,15,1009.4,2168,12,1009.9,5,1,1010.0,138,6,1010.2,695,6,1010.3,556,9,1010.4,610,10
317,2025-11-26 12:50:06+05:30,1009.9,1,1000.21,6618479,396750.0,445422.0,986.2,1012.2,981.3,986.2,120327000,1084.8,887.6,1102.5,649.1,1009.8,202,2,1009.7,138,1,1009.6,685,7,1009.5,2213,15,1009.4,2168,12,1009.9,5,1,1010.0,138,6,1010.2,695,6,1010.3,556,9,1010.4,610,10
317,2025-11-26 12:50:06+05:30,1009.9,1,1000.21,6618702,395059.0,446478.0,986.2,1012.2,981.3,986.2,120327000,1084.8,887.6,1102.5,649.1,1009.6,41,1,1009.5,1487,9,1009.4,3342,16,1009.3,1849,16,1009.2,2323,11,1009.8,51,1,1010.0,200,6,1010.1,267,6,1010.2,1051,11,1010.3,642,10
317,2025-11-26 12:50:07+05:30,1009.9,1,1000.21,6618702,395930.0,446331.0,986.2,1012.2,981.3,986.2,120327000,1084.8,887.6,1102.5,649.1,1009.5,1824,11,1009.4,3818,17,1009.3,2582,17,1009.2,1575,10,1009.1,997,11,1009.8,51,1,1010.0,137,5,1010.1,248,4,1010.2,677,11,1010.3,778,12
317,2025-11-26 12:50:08+05:30,1009.5,30,1000.21,6618902,395718.0,447142.0,986.2,1012.2,981.3,986.2,120327000,1084.8,887.6,1102.5,649.1,1009.5,1465,10,1009.4,3964,15,1009.3,2582,17,1009.2,1575,10,1009.1,997,11,1009.7,50,1,1009.8,51,1,1010.0,137,5,1010.1,492,6,1010.2,614,10
317,2025-11-26 12:50:09+05:30,1009.5,30,1000.21,6618902,395718.0,447142.0,986.2,1012.2,981.3,986.2,120327000,1084.8,887.6,1102.5,649.1,1009.5,1465,10,1009.4,3964,15,1009.3,2582,17,1009.2,1575,10,1009.1,997,11,1009.7,50,1,1009.8,51,1,1010.0,137,5,1010.1,492,6,1010.2,614,10
317,2025-11-26 12:50:09+05:30,1009.8,648,1000.21,6619652,390566.0,449534.0,986.2,1012.2,981.3,986.2,120327000,1084.8,887.6,1102.5,649.1,1009.5,899,4,1009.4,1732,5,1009.3,417,4,1009.2,815,8,1009.1,1433,13,1009.8,202,4,1009.9,837,7,1010.0,663,11,1010.1,497,12,1010.2,606,10
317,2025-11-26 12:50:10+05:30,1009.8,648,1000.21,6619652,390566.0,449534.0,986.2,1012.2,981.3,986.2,120327000,1084.8,887.6,1102.5,649.1,1009.5,899,4,1009.4,1732,5,1009.3,417,4,1009.2,815,8,1009.1,1433,13,1009.8,202,4,1009.9,837,7,1010.0,663,11,1010.1,497,12,1010.2,606,10
317,2025-11-26 12:50:10+05:30,1009.8,648,1000.21,6619652,386074.0,449699.0,986.2,1012.2,981.3,986.2,120327000,1084.8,887.6,1102.5,649.1,1009.7,1,1,1009.5,149,3,1009.4,28,1,1009.3,901,5,1009.2,1317,11,1009.8,360,4,1009.9,435,8,1010.0,1303,14,1010.1,617,12,1010.2,945,14
317,2025-11-26 12:50:11+05:30,1009.8,2,1000.21,6619652,386074.0,449699.0,986.2,1012.2,981.3,986.2,120327000,1084.8,887.6,1102.5,649.1,1009.7,1,1,1009.5,149,3,1009.4,28,1,1009.3,901,5,1009.2,1317,11,1009.8,360,4,1009.9,435,8,1010.0,1303,14,1010.1,617,12,1010.2,945,14
317,2025-11-26 12:50:11+05:30,1009.8,1,1000.21,6619657,386058.0,448627.0,986.2,1012.2,981.3,986.2,120327000,1084.8,887.6,1102.5,649.1,1009.5,149,3,1009.4,84,1,1009.3,1580,10,1009.2,1019,10,1009.1,1885,13,1009.8,108,2,1009.9,372,6,1010.0,1171,14,1010.1,438,8,1010.2,711,17
317,2025-11-26 12:50:12+05:30,1009.6,31,1000.21,6619657,386058.0,448627.0,986.2,1012.2,981.3,986.2,120327000,1084.8,887.6,1102.5,649.1,1009.5,149,3,1009.4,84,1,1009.3,1580,10,1009.2,1019,10,1009.1,1885,13,1009.8,108,2,1009.9,372,6,1010.0,1171,14,1010.1,438,8,1010.2,711,17
317,2025-11-26 12:50:12+05:30,1009.6,31,1000.21,6619688,388461.0,449747.0,986.2,1012.2,981.3,986.2,120327000,1084.8,887.6,1102.5,649.1,1009.5,162,4,1009.4,302,3,1009.3,1608,11,1009.2,961,10,1009.1,1914,14,1009.6,17,1,1009.8,109,3,1009.9,302,5,1010.0,708,12,1010.1,1060,11
317,2025-11-26 12:50:13+05:30,1009.6,23,1000.21,6619688,388461.0,449747.0,986.2,1012.2,981.3,986.2,120327000,1084.8,887.6,1102.5,649.1,1009.5,162,4,1009.4,302,3,1009.3,1608,11,1009.2,961,10,1009.1,1914,14,1009.6,17,1,1009.8,109,3,1009.9,302,5,1010.0,708,12,1010.1,1060,11
317,2025-11-26 12:50:13+05:30,1009.6,23,1000.21,6619721,388458.0,449660.0,986.2,1012.2,981.3,986.2,120327000,1084.8,887.6,1102.5,649.1,1009.5,162,4,1009.4,222,2,1009.3,1159,8,1009.2,1327,12,1009.1,1914,14,1009.6,48,1,1009.8,109,3,1009.9,350,6,1010.0,661,11,1010.1,581,10
317,2025-11-26 12:50:14+05:30,1009.6,3,1000.21,6619721,388458.0,449660.0,986.2,1012.2,981.3,986.2,120327000,1084.8,887.6,1102.5,649.1,1009.5,162,4,1009.4,222,2,1009.3,1159,8,1009.2,1327,12,1009.1,1914,14,1009.6,48,1,1009.8,109,3,1009.9,350,6,1010.0,661,11,1010.1,581,10
317,2025-11-26 12:50:14+05:30,1009.6,3,1000.21,6619802,388592.0,449404.0,986.2,1012.2,981.3,986.2,120327000,1084.8,887.6,1102.5,649.1,1009.5,115,4,1009.4,84,1,1009.3,1168,8,1009.2,1411,13,1009.1,2038,16,1009.6,45,1,1009.8,109,3,1009.9,420,7,1010.0,661,11,1010.1,511,9
317,2025-11-26 12:50:15+05:30,1009.6,112,1000.21,6619802,388592.0,449404.0,986.2,1012.2,981.3,986.2,120327000,1084.8,887.6,1102.5,649.1,1009.5,115,4,1009.4,84,1,1009.3,1168,8,1009.2,1411,13,1009.1,2038,16,1009.6,45,1,1009.8,109,3,1009.9,420,7,1010.0,661,11,1010.1,511,9
317,2025-11-26 12:50:15+05:30,1009.6,2,1000.21,6619916,388721.0,449007.0,986.2,1012.2,981.3,986.2,120327000,1084.8,887.6,1102.5,649.1,1009.5,115,4,1009.4,138,1,1009.3,1168,8,1009.2,1411,13,1009.1,2038,16,1009.6,47,2,1009.8,109,3,1009.9,234,5,1010.0,714,12,1010.1,467,10
317,2025-11-26 12:50:16+05:30,1009.6,2,1000.21,6619916,388721.0,449007.0,986.2,1012.2,981.3,986.2,120327000,1084.8,887.6,1102.5,649.1,1009.5,115,4,1009.4,138,1,1009.3,1168,8,1009.2,1411,13,1009.1,2038,16,1009.6,47,2,1009.8,109,3,1009.9,234,5,1010.0,714,12,1010.1,467,10
317,2025-11-26 12:50:16+05:30,1009.6,1,1000.21,6619919,388705.0,449004.0,986.2,1012.2,981.3,986.2,120327000,1084.8,887.6,1102.5,649.1,1009.5,115,4,1009.4,222,2,1009.3,1466,9,1009.2,1183,13,1009.1,1968,15,1009.6,44,2,1009.8,109,3,1009.9,164,4,1010.0,784,13,1010.1,441,8
317,2025-11-26 12:50:17+05:30,1009.5,51,1000.21,6619919,388705.0,449004.0,986.2,1012.2,981.3,986.2,120327000,1084.8,887.6,1102.5,649.1,1009.5,115,4,1009.4,222,2,1009.3,1466,9,1009.2,1183,13,1009.1,1968,15,1009.6,44,2,1009.8,109,3,1009.9,164,4,1010.0,784,13,1010.1,441,8
317,2025-11-26 12:50:17+05:30,1009.5,51,1000.21,6620208,387922.0,434835.0,986.2,1012.2,981.3,986.2,120327000,1084.8,887.6,1102.5,649.1,1009.5,18,1,1009.4,138,1,1009.3,1081,8,1009.2,1289,12,1009.1,1968,15,1009.6,1,1,1009.8,109,3,1009.9,164,4,1010.0,714,12,1010.1,511,9
317,2025-11-26 12:50:18+05:30,1009.5,51,1000.21,6620208,388084.0,434340.0,986.2,1012.2,981.3,986.2,120327000,1084.8,887.6,1102.5,649.1,1009.5,28,2,1009.4,216,2,1009.3,1151,9,1009.2,1219,11,1009.1,1968,15,1009.6,1,1,1009.8,109,3,1009.9,302,5,1010.0,714,12,1010.1,537,11
317,2025-11-26 12:50:19+05:30,1009.8,9,1000.21,6620208,388084.0,434340.0,986.2,1012.2,981.3,986.2,120327000,1084.8,887.6,1102.5,649.1,1009.5,28,2,1009.4,216,2,1009.3,1151,9,1009.2,1219,11,1009.1,1968,15,1009.6,1,1,1009.8,109,3,1009.9,302,5,1010.0,714,12,1010.1,537,11
317,2025-11-26 12:50:19+05:30,1009.8,9,1000.21,6620218,385933.0,433777.0,986.2,1012.2,981.3,986.2,120327000,1084.8,887.6,1102.5,649.1,1009.5,28,2,1009.4,329,4,1009.3,1562,11,1009.2,892,9,1009.1,1968,15,1009.8,100,3,1009.9,302,5,1010.0,614,10,1010.1,503,9,1010.2,1560,19
317,2025-11-26 12:50:20+05:30,1009.8,1,1000.21,6620218,385933.0,433777.0,986.2,1012.2,981.3,986.2,120327000,1084.8,887.6,1102.5,649.1,1009.5,28,2,1009.4,329,4,1009.3,1562,11,1009.2,892,9,1009.1,1968,15,1009.8,100,3,1009.9,302,5,1010.0,614,10,1010.1,503,9,1010.2,1560,19
317,2025-11-26 12:50:20+05:30,1009.8,2,1000.21,6620221,386256.0,433357.0,986.2,1012.2,981.3,986.2,120327000,1084.8,887.6,1102.5,649.1,1009.5,316,6,1009.4,574,6,1009.3,1040,9,1009.2,1094,10,1009.1,1968,15,1009.8,97,3,1010.0,324,7,1010.1,519,8,1010.2,928,11,1010.3,1292,13
317,2025-11-26 12:50:21+05:30,1009.8,1,1000.21,6620221,386256.0,433357.0,986.2,1012.2,981.3,986.2,120327000,1084.8,887.6,1102.5,649.1,1009.5,316,6,1009.4,574,6,1009.3,1040,9,1009.2,1094,10,1009.1,1968,15,1009.8,97,3,1010.0,324,7,1010.1,519,8,1010.2,928,11,1010.3,1292,13
317,2025-11-26 12:50:21+05:30,1009.8,1,1000.21,6620222,385972.0,433524.0,986.2,1012.2,981.3,986.2,120327000,1084.8,887.6,1102.5,649.1,1009.5,44,3,1009.4,538,6,1009.3,1168,11,1009.2,892,9,1009.1,1968,15,1009.8,96,3,1010.0,324,7,1010.1,1042,10,1010.2,1061,19,1010.3,1026,13
317,2025-11-26 12:50:22+05:30,1009.8,1,1000.21,6620222,388683.0,434404.0,986.2,1012.2,981.3,986.2,120327000,1084.8,887.6,1102.5,649.1,1009.5,28,2,1009.4,426,4,1009.3,1168,11,1009.2,920,10,1009.1,1968,15,1009.6,12,1,1009.8,96,3,1009.9,345,3,1010.0,532,10,1010.1,1042,10
317,2025-11-26 12:50:23+05:30,1009.6,22,1000.21,6620222,388683.0,434404.0,986.2,1012.2,981.3,986.2,120327000,1084.8,887.6,1102.5,649.1,1009.5,28,2,1009.4,426,4,1009.3,1168,11,1009.2,920,10,1009.1,1968,15,1009.6,12,1,1009.8,96,3,1009.9,345,3,1010.0,532,10,1010.1,1042,10
317,2025-11-26 12:50:23+05:30,1009.6,22,1000.21,6620252,388595.0,434421.0,986.2,1012.2,981.3,986.2,120327000,1084.8,887.6,1102.5,649.1,1009.5,28,2,1009.4,263,2,1009.3,706,8,1009.2,1282,12,1009.1,1968,15,1009.6,12,1,1009.8,96,3,1009.9,345,3,1010.0,494,10,1010.1,1046,10
317,2025-11-26 12:50:24+05:30,1009.6,4,1000.21,6620252,388595.0,434421.0,986.2,1012.2,981.3,986.2,120327000,1084.8,887.6,1102.5,649.1,1009.5,28,2,1009.4,263,2,1009.3,706,8,1009.2,1282,12,1009.1,1968,15,1009.6,12,1,1009.8,96,3,1009.9,345,3,1010.0,494,10,1010.1,1046,10
317,2025-11-26 12:50:24+05:30,1009.6,4,1000.21,6620296,388490.0,434633.0,986.2,1012.2,981.3,986.2,120327000,1084.8,887.6,1102.5,649.1,1009.5,4,1,1009.4,263,2,1009.3,629,7,1009.2,1278,12,1009.1,1968,15,1009.6,10,3,1009.8,100,3,1009.9,345,3,1010.0,544,11,1010.1,1046,10
317,2025-11-26 12:50:25+05:30,1009.6,2,1000.21,6620296,388490.0,434633.0,986.2,1012.2,981.3,986.2,120327000,1084.8,887.6,1102.5,649.1,1009.5,4,1,1009.4,263,2,1009.3,629,7,1009.2,1278,12,1009.1,1968,15,1009.6,10,3,1009.8,100,3,1009.9,345,3,1010.0,544,11,1010.1,1046,10
317,2025-11-26 12:50:25+05:30,1009.6,1,1000.21,6620311,388570.0,434139.0,986.2,1012.2,981.3,986.2,120327000,1084.8,887.6,1102.5,649.1,1009.5,4,1,1009.4,348,3,1009.3,1096,10,1009.2,980,11,1009.1,1968,15,1009.6,7,1,1009.8,100,3,1009.9,345,3,1010.0,569,12,1010.1,1046,10
317,2025-11-26 12:50:26+05:30,1009.6,2,1000.21,6620311,388570.0,434139.0,986.2,1012.2,981.3,986.2,120327000,1084.8,887.6,1102.5,649.1,1009.5,4,1,1009.4,348,3,1009.3,1096,10,1009.2,980,11,1009.1,1968,15,1009.6,7,1,1009.8,100,3,1009.9,345,3,1010.0,569,12,1010.1,1046,10
317,2025-11-26 12:50:26+05:30,1009.6,2,1000.21,6620324,388570.0,434747.0,986.2,1012.2,981.3,986.2,120327000,1084.8,887.6,1102.5,649.1,1009.5,4,1,1009.4,348,3,1009.3,798,9,1009.2,1278,12,1009.1,1968,15,1009.6,10,1,1009.7,41,1,1009.8,100,3,1009.9,345,3,1010.0,520,11
317,2025-11-26 12:50:27+05:30,1009.5,4,1000.21,6620324,388570.0,434747.0,986.2,1012.2,981.3,986.2,120327000,1084.8,887.6,1102.5,649.1,1009.5,4,1,1009.4,348,3,1009.3,798,9,1009.2,1278,12,1009.1,1968,15,1009.6,10,1,1009.7,41,1,1009.8,100,3,1009.9,345,3,1010.0,520,11
317,2025-11-26 12:50:27+05:30,1009.5,4,1000.21,6620328,388292.0,436253.0,986.2,1012.2,981.3,986.2,120327000,1084.8,887.6,1102.5,649.1,1009.3,34,2,1009.2,746,8,1009.1,855,11,1009.0,3224,15,1008.9,2253,11,1009.5,6,1,1009.7,90,2,1009.8,440,5,1009.9,561,7,1010.0,520,11
317,2025-11-26 12:50:28+05:30,1009.3,1,1000.21,6620329,388428.0,436131.0,986.2,1012.2,981.3,986.2,120327000,1084.8,887.6,1102.5,649.1,1009.3,118,3,1009.2,774,8,1009.1,1089,11,1009.0,2969,15,1008.9,2313,14,1009.5,6,1,1009.7,140,3,1009.8,440,5,1009.9,561,7,1010.0,546,13
317,2025-11-26 12:50:29+05:30,1009.3,1,1000.21,6620329,388428.0,436131.0,986.2,1012.2,981.3,986.2,120327000,1084.8,887.6,1102.5,649.1,1009.3,118,3,1009.2,774,8,1009.1,1089,11,1009.0,2969,15,1008.9,2313,14,1009.5,6,1,1009.7,140,3,1009.8,440,5,1009.9,561,7,1010.0,546,13
317,2025-11-26 12:50:29+05:30,1009.5,1,1000.21,6620330,388315.0,436125.0,986.2,1012.2,981.3,986.2,120327000,1084.8,887.6,1102.5,649.1,1009.3,131,4,1009.2,774,8,1009.1,1089,11,1009.0,2969,15,1008.9,2313,14,1009.5,5,1,1009.7,140,3,1009.8,440,5,1009.9,563,8,1010.0,546,13
317,2025-11-26 12:50:30+05:30,1009.5,2,1000.21,6620330,388315.0,436125.0,986.2,1012.2,981.3,986.2,120327000,1084.8,887.6,1102.5,649.1,1009.3,131,4,1009.2,774,8,1009.1,1089,11,1009.0,2969,15,1008.9,2313,14,1009.5,5,1,1009.7,140,3,1009.8,440,5,1009.9,563,8,1010.0,546,13
317,2025-11-26 12:50:30+05:30,1009.3,2,1000.21,6620388,386477.0,434048.0,986.2,1012.2,981.3,986.2,120327000,1084.8,887.6,1102.5,649.1,1009.3,609,10,1009.2,1175,10,1009.1,849,10,1009.0,2219,14,1008.9,2279,13,1009.7,91,2,1009.8,100,3,1009.9,246,5,1010.0,533,13,1010.1,1049,8
317,2025-11-26 12:50:31+05:30,1009.3,2,1000.21,6620388,386477.0,434048.0,986.2,1012.2,981.3,986.2,120327000,1084.8,887.6,1102.5,649.1,1009.3,609,10,1009.2,1175,10,1009.1,849,10,1009.0,2219,14,1008.9,2279,13,1009.7,91,2,1009.8,100,3,1009.9,246,5,1010.0,533,13,1010.1,1049,8
317,2025-11-26 12:50:31+05:30,1009.3,2,1000.21,6620388,386776.0,435123.0,986.2,1012.2,981.3,986.2,120327000,1084.8,887.6,1102.5,649.1,1009.5,258,3,1009.3,689,12,1009.2,1116,9,1009.1,762,9,1009.0,2219,14,1009.7,91,2,1009.8,100,3,1009.9,198,4,1010.0,533,13,1010.1,1070,9
317,2025-11-26 12:50:32+05:30,1009.6,1,1000.21,6620388,386776.0,435123.0,986.2,1012.2,981.3,986.2,120327000,1084.8,887.6,1102.5,649.1,1009.5,258,3,1009.3,689,12,1009.2,1116,9,1009.1,762,9,1009.0,2219,14,1009.7,91,2,1009.8,100,3,1009.9,198,4,1010.0,533,13,1010.1,1070,9
317,2025-11-26 12:50:32+05:30,1009.6,1,1000.21,6620554,387392.0,435829.0,986.2,1012.2,981.3,986.2,120327000,1084.8,887.6,1102.5,649.1,1009.5,105,3,1009.3,547,9,1009.2,1141,10,1009.1,807,10,1009.0,2269,15,1009.6,3,1,1009.7,91,2,1009.8,100,3,1009.9,703,5,1010.0,546,14
317,2025-11-26 12:50:33+05:30,1009.5,39,1000.21,6620554,387392.0,435829.0,986.2,1012.2,981.3,986.2,120327000,1084.8,887.6,1102.5,649.1,1009.5,105,3,1009.3,547,9,1009.2,1141,10,1009.1,807,10,1009.0,2269,15,1009.6,3,1,1009.7,91,2,1009.8,100,3,1009.9,703,5,1010.0,546,14
317,2025-11-26 12:50:33+05:30,1009.6,10,1000.21,6620766,385737.0,437301.0,986.2,1012.2,981.3,986.2,120327000,1084.8,887.6,1102.5,649.1,1009.6,88,2,1009.5,61,2,1009.4,73,2,1009.3,184,4,1009.2,585,6,1009.7,257,3,1009.8,347,5,1009.9,932,7,1010.0,681,16,1010.1,1030,10
317,2025-11-26 12:50:34+05:30,1009.6,10,1000.21,6620766,385737.0,437301.0,986.2,1012.2,981.3,986.2,120327000,1084.8,887.6,1102.5,649.1,1009.6,88,2,1009.5,61,2,1009.4,73,2,1009.3,184,4,1009.2,585,6,1009.7,257,3,1009.8,347,5,1009.9,932,7,1010.0,681,16,1010.1,1030,10
317,2025-11-26 12:50:34+05:30,1009.7,39,1000.21,6620878,385889.0,437231.0,986.2,1012.2,981.3,986.2,120327000,1084.8,887.6,1102.5,649.1,1009.6,101,3,1009.5,48,1,1009.4,1,1,1009.3,184,4,1009.2,585,6,1009.7,186,2,1009.8,288,4,1009.9,991,8,1010.0,711,17,1010.1,1031,11
317,2025-11-26 12:50:35+05:30,1009.7,2,1000.21,6620878,385889.0,437231.0,986.2,1012.2,981.3,986.2,120327000,1084.8,887.6,1102.5,649.1,1009.6,101,3,1009.5,48,1,1009.4,1,1,1009.3,184,4,1009.2,585,6,1009.7,186,2,1009.8,288,4,1009.9,991,8,1010.0,711,17,1010.1,1031,11
317,2025-11-26 12:50:35+05:30,1009.3,90,1000.21,6621200,385608.0,436037.0,986.2,1012.2,981.3,986.2,120327000,1084.8,887.6,1102.5,649.1,1009.3,135,4,1009.2,762,8,1009.1,1063,9,1009.0,2226,14,1008.9,2279,13,1009.7,39,1,1009.8,352,5,1009.9,873,6,1010.0,997,20,1010.1,855,12
317,2025-11-26 12:50:36+05:30,1009.7,1,1000.21,6621200,385608.0,436037.0,986.2,1012.2,981.3,986.2,120327000,1084.8,887.6,1102.5,649.1,1009.3,135,4,1009.2,762,8,1009.1,1063,9,1009.0,2226,14,1008.9,2279,13,1009.7,39,1,1009.8,352,5,1009.9,873,6,1010.0,997,20,1010.1,855,12
317,2025-11-26 12:50:36+05:30,1009.7,37,1000.22,6621243,385776.0,435892.0,986.2,1012.2,981.3,986.2,120327000,1084.8,887.6,1102.5,649.1,1009.3,216,6,1009.2,559,6,1009.1,1063,9,1009.0,2263,15,1008.9,2316,14,1009.7,41,1,1009.8,352,5,1009.9,873,6,1010.0,938,19,1010.1,888,11
317,2025-11-26 12:50:37+05:30,1009.7,37,1000.22,6621243,385776.0,435892.0,986.2,1012.2,981.3,986.2,120327000,1084.8,887.6,1102.5,649.1,1009.3,216,6,1009.2,559,6,1009.1,1063,9,1009.0,2263,15,1008.9,2316,14,1009.7,41,1,1009.8,352,5,1009.9,873,6,1010.0,938,19,1010.1,888,11
317,2025-11-26 12:50:37+05:30,1009.7,37,1000.22,6621243,385212.0,435243.0,986.2,1012.2,981.3,986.2,120327000,1084.8,887.6,1102.5,649.1,1009.3,333,7,1009.2,559,6,1009.1,1018,8,1009.0,2233,15,1008.9,2316,14,1009.8,452,6,1009.9,873,6,1010.0,938,19,1010.1,870,11,1010.2,941,16
317,2025-11-26 12:50:38+05:30,1009.3,3,1000.22,6621382,385230.0,435197.0,986.2,1012.2,981.3,986.2,120327000,1084.8,887.6,1102.5,649.1,1009.3,143,3,1009.2,569,5,1009.1,838,9,1009.0,2233,15,1008.9,2316,14,1009.8,451,6,1009.9,991,8,1010.0,795,17,1010.1,870,11,1010.2,882,15
317,2025-11-26 12:50:39+05:30,1009.3,3,1000.22,6621382,385230.0,435197.0,986.2,1012.2,981.3,986.2,120327000,1084.8,887.6,1102.5,649.1,1009.3,143,3,1009.2,569,5,1009.1,838,9,1009.0,2233,15,1008.9,2316,14,1009.8,451,6,1009.9,991,8,1010.0,795,17,1010.1,870,11,1010.2,882,15
317,2025-11-26 12:50:39+05:30,1009.3,3,1000.22,6621382,385230.0,435199.0,986.2,1012.2,981.3,986.2,120327000,1084.8,887.6,1102.5,649.1,1009.3,143,3,1009.2,569,5,1009.1,838,9,1009.0,2233,15,1008.9,2316,14,1009.8,452,7,1009.9,991,8,1010.0,796,18,1010.1,870,11,1010.2,882,15
317,2025-11-26 12:50:40+05:30,1009.5,1,1000.22,6621382,385230.0,435199.0,986.2,1012.2,981.3,986.2,120327000,1084.8,887.6,1102.5,649.1,1009.3,143,3,1009.2,569,5,1009.1,838,9,1009.0,2233,15,1008.9,2316,14,1009.8,452,7,1009.9,991,8,1010.0,796,18,1010.1,870,11,1010.2,882,15
317,2025-11-26 12:50:40+05:30,1009.5,1,1000.22,6621383,388124.0,437686.0,986.2,1012.2,981.3,986.2,120327000,1084.8,887.6,1102.5,649.1,1009.3,34,2,1009.2,615,6,1009.1,1041,9,1009.0,2168,14,1008.9,3066,15,1009.5,19,1,1009.7,54,2,1009.8,528,9,1009.9,1088,9,1010.0,1157,18
317,2025-11-26 12:50:41+05:30,1009.5,2,1000.22,6621383,388124.0,437686.0,986.2,1012.2,981.3,986.2,120327000,1084.8,887.6,1102.5,649.1,1009.3,34,2,1009.2,615,6,1009.1,1041,9,1009.0,2168,14,1008.9,3066,15,1009.5,19,1,1009.7,54,2,1009.8,528,9,1009.9,1088,9,1010.0,1157,18
317,2025-11-26 12:50:41+05:30,1009.3,10,1000.22,6621395,388105.0,437797.0,986.2,1012.2,981.3,986.2,120327000,1084.8,887.6,1102.5,649.1,1009.3,5,1,1009.2,556,5,1009.1,1110,10,1009.0,2168,14,1008.9,3066,15,1009.5,17,1,1009.7,139,4,1009.8,490,8,1009.9,1088,9,1010.0,1259,20
317,2025-11-26 12:50:42+05:30,1009.3,10,1000.22,6621395,388105.0,437797.0,986.2,1012.2,981.3,986.2,120327000,1084.8,887.6,1102.5,649.1,1009.3,5,1,1009.2,556,5,1009.1,1110,10,1009.0,2168,14,1008.9,3066,15,1009.5,17,1,1009.7,139,4,1009.8,490,8,1009.9,1088,9,1010.0,1259,20
317,2025-11-26 12:50:42+05:30,1009.3,15,1000.22,6621410,389408.0,438308.0,986.2,1012.2,981.3,986.2,120327000,1084.8,887.6,1102.5,649.1,1009.3,5,1,1009.2,406,4,1009.1,1091,9,1009.0,2196,15,1008.9,3862,17,1009.4,20,1,1009.5,17,1,1009.7,341,5,1009.8,490,8,1009.9,1088,9
317,2025-11-26 12:50:43+05:30,1009.4,23,1000.22,6621410,389408.0,438308.0,986.2,1012.2,981.3,986.2,120327000,1084.8,887.6,1102.5,649.1,1009.3,5,1,1009.2,406,4,1009.1,1091,9,1009.0,2196,15,1008.9,3862,17,1009.4,20,1,1009.5,17,1,1009.7,341,5,1009.8,490,8,1009.9,1088,9
317,2025-11-26 12:50:43+05:30,1009.3,14,1000.22,6621456,389385.0,438220.0,986.2,1012.2,981.3,986.2,120327000,1084.8,887.6,1102.5,649.1,1009.2,69,1,1009.1,533,5,1009.0,2112,14,1008.9,4294,19,1008.8,1572,14,1009.3,8,1,1009.4,20,1,1009.5,17,1,1009.6,251,2,1009.7,559,7
317,2025-11-26 12:50:44+05:30,1009.3,14,1000.22,6621456,389385.0,438220.0,986.2,1012.2,981.3,986.2,120327000,1084.8,887.6,1102.5,649.1,1009.2,69,1,1009.1,533,5,1009.0,2112,14,1008.9,4294,19,1008.8,1572,14,1009.3,8,1,1009.4,20,1,1009.5,17,1,1009.6,251,2,1009.7,559,7
317,2025-11-26 12:50:44+05:30,1009.3,40,1000.22,6621499,390571.0,438023.0,986.2,1012.2,981.3,986.2,120327000,1084.8,887.6,1102.5,649.1,1009.1,746,8,1009.0,2410,15,1008.9,4770,20,1008.8,1597,15,1008.7,1153,14,1009.3,8,1,1009.4,20,1,1009.5,17,1,1009.6,301,3,1009.7,564,8
317,2025-11-26 12:50:45+05:30,1009.3,2,1000.22,6621499,390571.0,438023.0,986.2,1012.2,981.3,986.2,120327000,1084.8,887.6,1102.5,649.1,1009.1,746,8,1009.0,2410,15,1008.9,4770,20,1008.8,1597,15,1008.7,1153,14,1009.3,8,1,1009.4,20,1,1009.5,17,1,1009.6,301,3,1009.7,564,8
317,2025-11-26 12:50:45+05:30,1009.3,2,1000.22,6621501,390571.0,437830.0,986.2,1012.2,981.3,986.2,120327000,1084.8,887.6,1102.5,649.1,1009.1,746,8,1009.0,2410,15,1008.9,4770,20,1008.8,1597,15,1008.7,1153,14,1009.3,6,1,1009.4,20,1,1009.5,17,1,1009.6,301,3,1009.7,564,8
317,2025-11-26 12:50:46+05:30,1009.3,1,1000.22,6621501,390571.0,437830.0,986.2,1012.2,981.3,986.2,120327000,1084.8,887.6,1102.5,649.1,1009.1,746,8,1009.0,2410,15,1008.9,4770,20,1008.8,1597,15,1008.7,1153,14,1009.3,6,1,1009.4,20,1,1009.5,17,1,1009.6,301,3,1009.7,564,8
317,2025-11-26 12:50:46+05:30,1009.1,56,1000.22,6621640,390357.0,437899.0,986.2,1012.2,981.3,986.2,120327000,1084.8,887.6,1102.5,649.1,1009.1,486,6,1009.0,2181,15,1008.9,4770,20,1008.8,1543,14,1008.7,1451,15,1009.3,5,1,1009.4,20,1,1009.5,93,3,1009.6,301,3,1009.7,479,6
317,2025-11-26 12:50:47+05:30,1009.1,125,1000.22,6621640,390357.0,437899.0,986.2,1012.2,981.3,986.2,120327000,1084.8,887.6,1102.5,649.1,1009.1,486,6,1009.0,2181,15,1008.9,4770,20,1008.8,1543,14,1008.7,1451,15,1009.3,5,1,1009.4,20,1,1009.5,93,3,1009.6,301,3,1009.7,479,6
317,2025-11-26 12:50:47+05:30,1009.3,1,1000.22,6621808,390142.0,437900.0,986.2,1012.2,981.3,986.2,120327000,1084.8,887.6,1102.5,649.1,1009.1,241,4,1009.0,2181,15,1008.9,4770,20,1008.8,1543,14,1008.7,1481,16,1009.3,4,1,1009.5,93,3,1009.6,302,4,1009.7,530,7,1009.8,572,11
317,2025-11-26 12:50:48+05:30,1009.3,1,1000.22,6621808,390142.0,437900.0,986.2,1012.2,981.3,986.2,120327000,1084.8,887.6,1102.5,649.1,1009.1,241,4,1009.0,2181,15,1008.9,4770,20,1008.8,1543,14,1008.7,1481,16,1009.3,4,1,1009.5,93,3,1009.6,302,4,1009.7,530,7,1009.8,572,11
317,2025-11-26 12:50:48+05:30,1009.3,1,1000.22,6621809,390140.0,438624.0,986.2,1012.2,981.3,986.2,120327000,1084.8,887.6,1102.5,649.1,1009.1,172,3,1009.0,2548,17,1008.9,4724,19,1008.8,1502,13,1008.7,1183,15,1009.3,3,1,1009.5,93,3,1009.6,302,4,1009.7,530,7,1009.8,677,18
317,2025-11-26 12:50:49+05:30,1009.3,1,1000.22,6621809,390140.0,438624.0,986.2,1012.2,981.3,986.2,120327000,1084.8,887.6,1102.5,649.1,1009.1,172,3,1009.0,2548,17,1008.9,4724,19,1008.8,1502,13,1008.7,1183,15,1009.3,3,1,1009.5,93,3,1009.6,302,4,1009.7,530,7,1009.8,677,18
317,2025-11-26 12:50:49+05:30,1009.1,5,1000.22,6621814,390135.0,438658.0,986.2,1012.2,981.3,986.2,120327000,1084.8,887.6,1102.5,649.1,1009.1,236,4,1009.0,2181,15,1008.9,5022,20,1008.8,1502,13,1008.7,1183,15,1009.3,3,1,1009.4,45,1,1009.5,60,2,1009.6,440,5,1009.7,530,7
317,2025-11-26 12:50:50+05:30,1009.3,1,1000.22,6621814,390135.0,438658.0,986.2,1012.2,981.3,986.2,120327000,1084.8,887.6,1102.5,649.1,1009.1,236,4,1009.0,2181,15,1008.9,5022,20,1008.8,1502,13,1008.7,1183,15,1009.3,3,1,1009.4,45,1,1009.5,60,2,1009.6,440,5,1009.7,530,7
317,2025-11-26 12:50:50+05:30,1009.3,1,1000.22,6621815,390135.0,438657.0,986.2,1012.2,981.3,986.2,120327000,1084.8,887.6,1102.5,649.1,1009.1,167,3,1009.0,2250,16,1008.9,5022,20,1008.8,1502,13,1008.7,1183,15,1009.3,4,3,1009.4,45,1,1009.5,60,2,1009.6,440,5,1009.7,530,7
317,2025-11-26 12:50:51+05:30,1009.3,1,1000.22,6621815,390135.0,438657.0,986.2,1012.2,981.3,986.2,120327000,1084.8,887.6,1102.5,649.1,1009.1,167,3,1009.0,2250,16,1008.9,5022,20,1008.8,1502,13,1008.7,1183,15,1009.3,4,3,1009.4,45,1,1009.5,60,2,1009.6,440,5,1009.7,530,7
317,2025-11-26 12:50:51+05:30,1009.1,4,1000.22,6621836,390276.0,439512.0,986.2,1012.2,981.3,986.2,120327000,1084.8,887.6,1102.5,649.1,1009.1,13,1,1009.0,2024,13,1008.9,4911,18,1008.8,1579,13,1008.7,1182,15,1009.2,9,1,1009.3,3,3,1009.4,45,1,1009.5,262,3,1009.6,494,6
317,2025-11-26 12:50:52+05:30,1009.1,1,1000.22,6621836,390276.0,439512.0,986.2,1012.2,981.3,986.2,120327000,1084.8,887.6,1102.5,649.1,1009.1,13,1,1009.0,2024,13,1008.9,4911,18,1008.8,1579,13,1008.7,1182,15,1009.2,9,1,1009.3,3,3,1009.4,45,1,1009.5,262,3,1009.6,494,6
317,2025-11-26 12:50:52+05:30,1009.2,5,1000.22,6621846,390363.0,439217.0,986.2,1012.2,981.3,986.2,120327000,1084.8,887.6,1102.5,649.1,1009.1,12,1,1009.0,1961,12,1008.9,4948,17,1008.8,1629,16,1008.7,1146,14,1009.2,54,2,1009.3,42,4,1009.4,5,1,1009.5,219,2,1009.6,494,6
317,2025-11-26 12:50:53+05:30,1009.2,5,1000.22,6621846,390363.0,439217.0,986.2,1012.2,981.3,986.2,120327000,1084.8,887.6,1102.5,649.1,1009.1,12,1,1009.0,1961,12,1008.9,4948,17,1008.8,1629,16,1008.7,1146,14,1009.2,54,2,1009.3,42,4,1009.4,5,1,1009.5,219,2,1009.6,494,6
317,2025-11-26 12:50:53+05:30,1009.1,1,1000.22,6621882,390707.0,439133.0,986.2,1012.2,981.3,986.2,120327000,1084.8,887.6,1102.5,649.1,1009.0,1848,12,1008.9,4950,17,1008.8,2281,15,1008.7,1049,14,1008.6,663,11,1009.1,1,1,1009.2,31,2,1009.3,41,3,1009.4,5,1,1009.5,357,3
317,2025-11-26 12:50:54+05:30,1009.1,1,1000.22,6621882,390707.0,439133.0,986.2,1012.2,981.3,986.2,120327000,1084.8,887.6,1102.5,649.1,1009.0,1848,12,1008.9,4950,17,1008.8,2281,15,1008.7,1049,14,1008.6,663,11,1009.1,1,1,1009.2,31,2,1009.3,41,3,1009.4,5,1,1009.5,357,3
317,2025-11-26 12:50:54+05:30,1009.0,28,1000.22,6622022,390792.0,439175.0,986.2,1012.2,981.3,986.2,120327000,1084.8,887.6,1102.5,649.1,1009.0,1791,11,1008.9,4589,15,1008.8,1622,16,1008.7,1049,14,1008.6,1024,13,1009.2,31,2,1009.3,41,3,1009.4,5,1,1009.5,419,4,1009.6,576,8
317,2025-11-26 12:50:55+05:30,1009.2,4,1000.22,6622022,390792.0,439175.0,986.2,1012.2,981.3,986.2,120327000,1084.8,887.6,1102.5,649.1,1009.0,1791,11,1008.9,4589,15,1008.8,1622,16,1008.7,1049,14,1008.6,1024,13,1009.2,31,2,1009.3,41,3,1009.4,5,1,1009.5,419,4,1009.6,576,8
317,2025-11-26 12:50:55+05:30,1009.0,53,1000.22,6622904,390172.0,438790.0,986.2,1012.2,981.3,986.2,120327000,1084.8,887.6,1102.5,649.1,1009.0,937,6,1008.9,4950,17,1008.8,1622,16,1008.7,1187,15,1008.6,663,11,1009.2,53,2,1009.3,50,4,1009.4,5,1,1009.5,419,4,1009.6,576,8
317,2025-11-26 12:50:56+05:30,1009.2,3,1000.22,6622904,390172.0,438790.0,986.2,1012.2,981.3,986.2,120327000,1084.8,887.6,1102.5,649.1,1009.0,937,6,1008.9,4950,17,1008.8,1622,16,1008.7,1187,15,1008.6,663,11,1009.2,53,2,1009.3,50,4,1009.4,5,1,1009.5,419,4,1009.6,576,8
317,2025-11-26 12:50:56+05:30,1009.2,1,1000.22,6622908,381460.0,440686.0,986.2,1012.2,981.3,986.2,120327000,1084.8,887.6,1102.5,649.1,1009.0,62,3,1008.9,382,5,1008.8,1292,9,1008.7,4463,19,1008.6,764,11,1009.2,49,2,1009.3,50,4,1009.4,250,4,1009.5,628,8,1009.6,795,12
317,2025-11-26 12:50:57+05:30,1009.0,6,1000.22,6622908,381460.0,440686.0,986.2,1012.2,981.3,986.2,120327000,1084.8,887.6,1102.5,649.1,1009.0,62,3,1008.9,382,5,1008.8,1292,9,1008.7,4463,19,1008.6,764,11,1009.2,49,2,1009.3,50,4,1009.4,250,4,1009.5,628,8,1009.6,795,12
317,2025-11-26 12:50:57+05:30,1009.0,6,1000.22,6622976,387578.0,440704.0,986.2,1012.2,981.3,986.2,120327000,1084.8,887.6,1102.5,649.1,1009.0,5,1,1008.9,416,5,1008.8,1889,13,1008.7,4145,18,1008.6,790,13,1009.2,40,1,1009.3,50,4,1009.4,187,3,1009.5,691,9,1009.6,808,13
317,2025-11-26 12:50:58+05:30,1009.0,6,1000.22,6622976,387578.0,440677.0,986.2,1012.2,981.3,986.2,120327000,1084.8,887.6,1102.5,649.1,1009.0,10,2,1008.9,416,5,1008.8,1889,13,1008.7,4145,18,1008.6,790,13,1009.2,40,1,1009.3,50,4,1009.4,187,3,1009.5,691,9,1009.6,808,13
317,2025-11-26 12:50:59+05:30,1009.2,26,1000.22,6623092,391022.0,440739.0,986.2,1012.2,981.3,986.2,120327000,1084.8,887.6,1102.5,649.1,1009.2,3,1,1009.0,116,3,1008.9,416,5,1008.8,1584,9,1008.7,4105,17,1009.3,234,5,1009.4,380,7,1009.5,565,7,1009.6,805,13,1009.7,947,9
317,2025-11-26 12:51:00+05:30,1009.3,1,1000.22,6623092,391022.0,440739.0,986.2,1012.2,981.3,986.2,120327000,1084.8,887.6,1102.5,649.1,1009.2,3,1,1009.0,116,3,1008.9,416,5,1008.8,1584,9,1008.7,4105,17,1009.3,234,5,1009.4,380,7,1009.5,565,7,1009.6,805,13,1009.7,947,9
317,2025-11-26 12:51:00+05:30,1009.3,1,1000.22,6623093,390160.0,440746.0,986.2,1012.2,981.3,986.2,120327000,1084.8,887.6,1102.5,649.1,1009.2,3,1,1009.0,116,3,1008.9,270,4,1008.8,1631,9,1008.7,3355,16,1009.3,49,3,1009.4,380,7,1009.5,565,7,1009.6,805,13,1009.7,574,9
317,2025-11-26 12:51:01+05:30,1009.3,1,1000.22,6623093,390160.0,440746.0,986.2,1012.2,981.3,986.2,120327000,1084.8,887.6,1102.5,649.1,1009.2,3,1,1009.0,116,3,1008.9,270,4,1008.8,1631,9,1008.7,3355,16,1009.3,49,3,1009.4,380,7,1009.5,565,7,1009.6,805,13,1009.7,574,9
317,2025-11-26 12:51:01+05:30,1009.3,5,1000.22,6623107,389623.0,439196.0,986.2,1012.2,981.3,986.2,120327000,1084.8,887.6,1102.5,649.1,1009.0,5,1,1008.9,294,5,1008.8,1601,9,1008.7,3063,14,1008.6,1669,19,1009.3,43,2,1009.4,389,4,1009.5,573,7,1009.6,587,10,1009.7,574,9
317,2025-11-26 12:51:02+05:30,1009.0,5,1000.22,6623107,389623.0,439196.0,986.2,1012.2,981.3,986.2,120327000,1084.8,887.6,1102.5,649.1,1009.0,5,1,1008.9,294,5,1008.8,1601,9,1008.7,3063,14,1008.6,1669,19,1009.3,43,2,1009.4,389,4,1009.5,573,7,1009.6,587,10,1009.7,574,9
317,2025-11-26 12:51:02+05:30,1008.9,37,1000.22,6623250,391858.0,440895.0,986.2,1012.2,981.3,986.2,120327000,1084.8,887.6,1102.5,649.1,1008.9,549,9,1008.8,1369,8,1008.7,4540,16,1008.6,1583,18,1008.5,1871,12,1009.1,26,1,1009.3,43,2,1009.4,389,4,1009.5,539,7,1009.6,1145,13
317,2025-11-26 12:51:03+05:30,1009.1,2,1000.22,6623250,391858.0,440895.0,986.2,1012.2,981.3,986.2,120327000,1084.8,887.6,1102.5,649.1,1008.9,549,9,1008.8,1369,8,1008.7,4540,16,1008.6,1583,18,1008.5,1871,12,1009.1,26,1,1009.3,43,2,1009.4,389,4,1009.5,539,7,1009.6,1145,13
317,2025-11-26 12:51:03+05:30,1009.1,2,1000.22,6623281,391857.0,440878.0,986.2,1012.2,981.3,986.2,120327000,1084.8,887.6,1102.5,649.1,1008.9,425,8,1008.8,1726,10,1008.7,4540,16,1008.6,1608,19,1008.5,1901,13,1009.1,28,3,1009.3,45,3,1009.4,389,4,1009.5,539,7,1009.6,1175,14
317,2025-11-26 12:51:04+05:30,1009.1,2,1000.22,6623281,391566.0,440883.0,986.2,1012.2,981.3,986.2,120327000,1084.8,887.6,1102.5,649.1,1008.9,281,6,1008.8,1785,11,1008.7,4540,16,1008.6,1482,13,1008.5,1980,18,1009.1,28,3,1009.3,45,3,1009.4,389,4,1009.5,539,7,1009.6,1175,14
317,2025-11-26 12:51:05+05:30,1009.1,2,1000.22,6623281,391566.0,440883.0,986.2,1012.2,981.3,986.2,120327000,1084.8,887.6,1102.5,649.1,1008.9,281,6,1008.8,1785,11,1008.7,4540,16,1008.6,1482,13,1008.5,1980,18,1009.1,28,3,1009.3,45,3,1009.4,389,4,1009.5,539,7,1009.6,1175,14
317,2025-11-26 12:51:05+05:30,1009.1,1,1000.22,6623284,391960.0,440850.0,986.2,1012.2,981.3,986.2,120327000,1084.8,887.6,1102.5,649.1,1008.9,303,6,1008.8,1785,11,1008.7,4540,16,1008.6,732,12,1008.5,2730,19,1009.1,25,3,1009.3,55,4,1009.4,389,4,1009.5,539,7,1009.6,1201,16
317,2025-11-26 12:51:06+05:30,1009.1,1,1000.22,6623284,391960.0,440850.0,986.2,1012.2,981.3,986.2,120327000,1084.8,887.6,1102.5,649.1,1008.9,303,6,1008.8,1785,11,1008.7,4540,16,1008.6,732,12,1008.5,2730,19,1009.1,25,3,1009.3,55,4,1009.4,389,4,1009.5,539,7,1009.6,1201,16
317,2025-11-26 12:51:06+05:30,1009.0,14,1000.22,6623513,390828.0,438597.0,986.2,1012.2,981.3,986.2,120327000,1084.8,887.6,1102.5,649.1,1008.9,538,11,1008.8,1552,9,1008.7,2244,10,1008.6,2152,12,1008.5,2846,14,1009.1,4,2,1009.3,55,4,1009.4,187,3,1009.5,313,5,1009.6,737,7
317,2025-11-26 12:51:07+05:30,1008.9,21,1000.22,6623513,390828.0,438597.0,986.2,1012.2,981.3,986.2,120327000,1084.8,887.6,1102.5,649.1,1008.9,538,11,1008.8,1552,9,1008.7,2244,10,1008.6,2152,12,1008.5,2846,14,1009.1,4,2,1009.3,55,4,1009.4,187,3,1009.5,313,5,1009.6,737,7
317,2025-11-26 12:51:07+05:30,1009.1,1,1000.22,6623541,390098.0,439131.0,986.2,1012.2,981.3,986.2,120327000,1084.8,887.6,1102.5,649.1,1008.9,292,7,1008.8,914,9,1008.7,1462,10,1008.6,2902,13,1008.5,2846,14,1009.1,3,2,1009.3,55,4,1009.4,187,3,1009.5,313,5,1009.6,750,8
317,2025-11-26 12:51:08+05:30,1009.1,1,1000.22,6623541,390098.0,439131.0,986.2,1012.2,981.3,986.2,120327000,1084.8,887.6,1102.5,649.1,1008.9,292,7,1008.8,914,9,1008.7,1462,10,1008.6,2902,13,1008.5,2846,14,1009.1,3,2,1009.3,55,4,1009.4,187,3,1009.5,313,5,1009.6,750,8
317,2025-11-26 12:51:08+05:30,1009.1,1,1000.22,6623541,390506.0,438967.0,986.2,1012.2,981.3,986.2,120327000,1084.8,887.6,1102.5,649.1,1008.9,322,8,1008.8,1048,10,1008.7,1462,10,1008.6,2902,13,1008.5,2846,14,1009.1,3,2,1009.3,55,4,1009.4,187,3,1009.5,313,5,1009.6,763,9
317,2025-11-26 12:51:09+05:30,1009.1,2,1000.22,6623541,390506.0,438967.0,986.2,1012.2,981.3,986.2,120327000,1084.8,887.6,1102.5,649.1,1008.9,322,8,1008.8,1048,10,1008.7,1462,10,1008.6,2902,13,1008.5,2846,14,1009.1,3,2,1009.3,55,4,1009.4,187,3,1009.5,313,5,1009.6,763,9
317,2025-11-26 12:51:09+05:30,1008.9,25,1000.22,6623684,389780.0,438952.0,986.2,1012.2,981.3,986.2,120327000,1084.8,887.6,1102.5,649.1,1008.9,102,4,1008.8,755,9,1008.7,1419,9,1008.6,2902,13,1008.5,2931,17,1009.1,1,1,1009.2,34,1,1009.3,71,4,1009.4,187,3,1009.5,205,4
317,2025-11-26 12:51:10+05:30,1009.1,1,1000.22,6623684,389780.0,438952.0,986.2,1012.2,981.3,986.2,120327000,1084.8,887.6,1102.5,649.1,1008.9,102,4,1008.8,755,9,1008.7,1419,9,1008.6,2902,13,1008.5,2931,17,1009.1,1,1,1009.2,34,1,1009.3,71,4,1009.4,187,3,1009.5,205,4
317,2025-11-26 12:51:10+05:30,1009.1,1,1000.22,6623685,389973.0,439044.0,986.2,1012.2,981.3,986.2,120327000,1084.8,887.6,1102.5,649.1,1008.9,222,5,1008.8,919,9,1008.7,1419,9,1008.6,2902,13,1008.5,2905,15,1009.1,13,2,1009.2,34,1,1009.3,91,5,1009.4,187,3,1009.5,205,4
317,2025-11-26 12:51:11+05:30,1009.2,189,1000.22,6623685,389973.0,439044.0,986.2,1012.2,981.3,986.2,120327000,1084.8,887.6,1102.5,649.1,1008.9,222,5,1008.8,919,9,1008.7,1419,9,1008.6,2902,13,1008.5,2905,15,1009.1,13,2,1009.2,34,1,1009.3,91,5,1009.4,187,3,1009.5,205,4
317,2025-11-26 12:51:11+05:30,1009.2,189,1000.22,6623944,389929.0,438550.0,986.2,1012.2,981.3,986.2,120327000,1084.8,887.6,1102.5,649.1,1008.9,453,9,1008.8,887,8,1008.7,1432,10,1008.6,3762,16,1008.5,1910,13,1009.1,1,1,1009.3,91,5,1009.4,247,4,1009.5,328,6,1009.6,605,10
317,2025-11-26 12:51:12+05:30,1009.2,189,1000.22,6623944,392455.0,439013.0,986.2,1012.2,981.3,986.2,120327000,1084.8,887.6,1102.5,649.1,1008.9,371,8,1008.8,941,9,1008.7,1398,8,1008.6,4539,18,1008.5,1942,14,1009.0,17,1,1009.1,1,1,1009.3,91,5,1009.4,347,5,1009.5,328,6
317,2025-11-26 12:51:13+05:30,1009.0,23,1000.22,6623944,392455.0,439013.0,986.2,1012.2,981.3,986.2,120327000,1084.8,887.6,1102.5,649.1,1008.9,371,8,1008.8,941,9,1008.7,1398,8,1008.6,4539,18,1008.5,1942,14,1009.0,17,1,1009.1,1,1,1009.3,91,5,1009.4,347,5,1009.5,328,6
317,2025-11-26 12:51:13+05:30,1008.9,13,1000.22,6624055,389059.0,440004.0,986.2,1012.2,981.3,986.2,120327000,1084.8,887.6,1102.5,649.1,1008.9,291,6,1008.8,807,8,1008.7,1398,8,1008.6,4539,18,1008.5,1942,14,1009.0,17,1,1009.1,2,2,1009.3,91,5,1009.4,348,6,1009.5,280,5
317,2025-11-26 12:51:14+05:30,1009.1,4,1000.22,6624055,389059.0,440004.0,986.2,1012.2,981.3,986.2,120327000,1084.8,887.6,1102.5,649.1,1008.9,291,6,1008.8,807,8,1008.7,1398,8,1008.6,4539,18,1008.5,1942,14,1009.0,17,1,1009.1,2,2,1009.3,91,5,1009.4,348,6,1009.5,280,5
317,2025-11-26 12:51:14+05:30,1009.1,4,1000.22,6624196,391277.0,440223.0,986.2,1012.2,981.3,986.2,120327000,1084.8,887.6,1102.5,649.1,1009.1,107,1,1009.0,117,3,1008.9,543,9,1008.8,850,9,1008.7,1550,11,1009.2,100,1,1009.3,91,5,1009.4,348,6,1009.5,430,8,1009.6,410,8
317,2025-11-26 12:51:15+05:30,1009.2,2,1000.22,6624196,391277.0,440223.0,986.2,1012.2,981.3,986.2,120327000,1084.8,887.6,1102.5,649.1,1009.1,107,1,1009.0,117,3,1008.9,543,9,1008.8,850,9,1008.7,1550,11,1009.2,100,1,1009.3,91,5,1009.4,348,6,1009.5,430,8,1009.6,410,8
317,2025-11-26 12:51:15+05:30,1009.2,2,1000.22,6624198,391421.0,440291.0,986.2,1012.2,981.3,986.2,120327000,1084.8,887.6,1102.5,649.1,1009.1,107,1,1009.0,57,2,1008.9,343,6,1008.8,514,7,1008.7,1848,12,1009.2,98,1,1009.3,91,5,1009.4,402,7,1009.5,437,9,1009.6,397,7
317,2025-11-26 12:51:16+05:30,1009.2,1,1000.22,6624198,391421.0,440291.0,986.2,1012.2,981.3,986.2,120327000,1084.8,887.6,1102.5,649.1,1009.1,107,1,1009.0,57,2,1008.9,343,6,1008.8,514,7,1008.7,1848,12,1009.2,98,1,1009.3,91,5,1009.4,402,7,1009.5,437,9,1009.6,397,7
317,2025-11-26 12:51:16+05:30,1009.2,1,1000.22,6624200,391181.0,440291.0,986.2,1012.2,981.3,986.2,120327000,1084.8,887.6,1102.5,649.1,1009.1,106,1,1009.0,57,2,1008.9,343,6,1008.8,514,7,1008.7,1848,12,1009.2,98,2,1009.3,91,5,1009.4,456,8,1009.5,396,9,1009.6,384,6
317,2025-11-26 12:51:17+05:30,1008.9,67,1000.22,6624200,391181.0,440291.0,986.2,1012.2,981.3,986.2,120327000,1084.8,887.6,1102.5,649.1,1009.1,106,1,1009.0,57,2,1008.9,343,6,1008.8,514,7,1008.7,1848,12,1009.2,98,2,1009.3,91,5,1009.4,456,8,1009.5,396,9,1009.6,384,6
317,2025-11-26 12:51:17+05:30,1008.9,21,1000.22,6624838,387958.0,442280.0,986.2,1012.2,981.3,986.2,120327000,1084.8,887.6,1102.5,649.1,1008.9,19,1,1008.8,195,3,1008.7,320,5,1008.6,1733,12,1008.5,1012,12,1009.2,274,5,1009.3,456,10,1009.4,540,9,1009.5,587,11,1009.6,662,9
317,2025-11-26 12:51:18+05:30,1009.2,10,1000.22,6624838,387958.0,442280.0,986.2,1012.2,981.3,986.2,120327000,1084.8,887.6,1102.5,649.1,1008.9,19,1,1008.8,195,3,1008.7,320,5,1008.6,1733,12,1008.5,1012,12,1009.2,274,5,1009.3,456,10,1009.4,540,9,1009.5,587,11,1009.6,662,9
317,2025-11-26 12:51:18+05:30,1009.2,10,1000.22,6624848,388420.0,440988.0,986.2,1012.2,981.3,986.2,120327000,1084.8,887.6,1102.5,649.1,1008.8,575,8,1008.7,933,8,1008.6,1381,10,1008.5,2458,14,1008.4,1902,20,1009.2,180,3,1009.3,397,8,1009.4,496,8,1009.5,773,15,1009.6,584,11
317,2025-11-26 12:51:19+05:30,1009.2,10,1000.22,6624848,388449.0,441101.0,986.2,1012.2,981.3,986.2,120327000,1084.8,887.6,1102.5,649.1,1008.8,575,8,1008.7,933,8,1008.6,1381,10,1008.5,2458,14,1008.4,1915,21,1009.2,180,3,1009.3,397,8,1009.4,496,8,1009.5,773,15,1009.6,668,12
317,2025-11-26 12:51:20+05:30,1009.2,2,1000.22,6624848,388449.0,441101.0,986.2,1012.2,981.3,986.2,120327000,1084.8,887.6,1102.5,649.1,1008.8,575,8,1008.7,933,8,1008.6,1381,10,1008.5,2458,14,1008.4,1915,21,1009.2,180,3,1009.3,397,8,1009.4,496,8,1009.5,773,15,1009.6,668,12
317,2025-11-26 12:51:20+05:30,1008.8,18,1000.22,6624868,388519.0,440901.0,986.2,1012.2,981.3,986.2,120327000,1084.8,887.6,1102.5,649.1,1008.8,554,8,1008.7,933,8,1008.6,1381,10,1008.5,2505,15,1008.4,1950,22,1009.2,86,2,1009.3,195,7,1009.4,496,8,1009.5,773,15,1009.6,802,13
317,2025-11-26 12:51:21+05:30,1009.3,76,1000.22,6624868,388519.0,440901.0,986.2,1012.2,981.3,986.2,120327000,1084.8,887.6,1102.5,649.1,1008.8,554,8,1008.7,933,8,1008.6,1381,10,1008.5,2505,15,1008.4,1950,22,1009.2,86,2,1009.3,195,7,1009.4,496,8,1009.5,773,15,1009.6,802,13
317,2025-11-26 12:51:21+05:30,1009.3,76,1000.22,6625121,389232.0,441323.0,986.2,1012.2,981.3,986.2,120327000,1084.8,887.6,1102.5,649.1,1009.2,1,1,1008.9,399,3,1008.8,539,9,1008.7,879,7,1008.6,2012,11,1009.3,335,7,1009.4,608,10,1009.5,583,11,1009.6,896,8,1009.7,497,9
317,2025-11-26 12:51:22+05:30,1009.2,10,1000.22,6625121,389232.0,441323.0,986.2,1012.2,981.3,986.2,120327000,1084.8,887.6,1102.5,649.1,1009.2,1,1,1008.9,399,3,1008.8,539,9,1008.7,879,7,1008.6,2012,11,1009.3,335,7,1009.4,608,10,1009.5,583,11,1009.6,896,8,1009.7,497,9
317,2025-11-26 12:51:22+05:30,1009.0,201,1000.22,6625339,390312.0,441117.0,986.2,1012.2,981.3,986.2,120327000,1084.8,887.6,1102.5,649.1,1008.8,537,9,1008.7,900,8,1008.6,1288,8,1008.5,1773,13,1008.4,3117,21,1009.0,99,1,1009.2,7,1,1009.3,79,4,1009.4,539,8,1009.5,705,12
317,2025-11-26 12:51:23+05:30,1009.0,23,1000.22,6625339,390312.0,441117.0,986.2,1012.2,981.3,986.2,120327000,1084.8,887.6,1102.5,649.1,1008.8,537,9,1008.7,900,8,1008.6,1288,8,1008.5,1773,13,1008.4,3117,21,1009.0,99,1,1009.2,7,1,1009.3,79,4,1009.4,539,8,1009.5,705,12
317,2025-11-26 12:51:23+05:30,1009.0,1,1000.22,6625371,390770.0,441107.0,986.2,1012.2,981.3,986.2,120327000,1084.8,887.6,1102.5,649.1,1008.8,597,10,1008.7,900,8,1008.6,816,9,1008.5,2470,14,1008.4,3251,22,1009.0,67,1,1009.2,7,1,1009.3,79,4,1009.4,539,8,1009.5,705,12
317,2025-11-26 12:51:24+05:30,1009.0,1,1000.22,6625371,390770.0,441107.0,986.2,1012.2,981.3,986.2,120327000,1084.8,887.6,1102.5,649.1,1008.8,597,10,1008.7,900,8,1008.6,816,9,1008.5,2470,14,1008.4,3251,22,1009.0,67,1,1009.2,7,1,1009.3,79,4,1009.4,539,8,1009.5,705,12
317,2025-11-26 12:51:24+05:30,1009.0,1,1000.22,6625371,390636.0,441382.0,986.2,1012.2,981.3,986.2,120327000,1084.8,887.6,1102.5,649.1,1008.8,335,6,1008.7,602,7,1008.6,1163,11,1008.5,2470,14,1008.4,3251,22,1009.0,67,1,1009.1,44,1,1009.2,351,3,1009.3,79,4,1009.4,546,8
317,2025-11-26 12:51:25+05:30,1009.0,2,1000.22,6625371,390636.0,441382.0,986.2,1012.2,981.3,986.2,120327000,1084.8,887.6,1102.5,649.1,1008.8,335,6,1008.7,602,7,1008.6,1163,11,1008.5,2470,14,1008.4,3251,22,1009.0,67,1,1009.1,44,1,1009.2,351,3,1009.3,79,4,1009.4,546,8
317,2025-11-26 12:51:25+05:30,1009.0,11,1000.22,6625397,390634.0,441335.0,986.2,1012.2,981.3,986.2,120327000,1084.8,887.6,1102.5,649.1,1008.8,335,6,1008.7,602,7,1008.6,1163,11,1008.5,2470,14,1008.4,3251,22,1009.0,41,1,1009.1,44,1,1009.2,351,3,1009.3,79,4,1009.4,546,8
317,2025-11-26 12:51:26+05:30,1009.0,1,1000.22,6625397,390634.0,441335.0,986.2,1012.2,981.3,986.2,120327000,1084.8,887.6,1102.5,649.1,1008.8,335,6,1008.7,602,7,1008.6,1163,11,1008.5,2470,14,1008.4,3251,22,1009.0,41,1,1009.1,44,1,1009.2,351,3,1009.3,79,4,1009.4,546,8
317,2025-11-26 12:51:26+05:30,1009.0,1,1000.22,6625400,390636.0,441335.0,986.2,1012.2,981.3,986.2,120327000,1084.8,887.6,1102.5,649.1,1008.8,335,6,1008.7,602,7,1008.6,1163,11,1008.5,2470,14,1008.4,3251,22,1009.0,39,2,1009.1,44,1,1009.2,362,4,1009.3,70,3,1009.4,546,8
317,2025-11-26 12:51:27+05:30,1008.8,3,1000.22,6625400,390636.0,441335.0,986.2,1012.2,981.3,986.2,120327000,1084.8,887.6,1102.5,649.1,1008.8,335,6,1008.7,602,7,1008.6,1163,11,1008.5,2470,14,1008.4,3251,22,1009.0,39,2,1009.1,44,1,1009.2,362,4,1009.3,70,3,1009.4,546,8
317,2025-11-26 12:51:27+05:30,1008.8,3,1000.22,6625620,390246.0,441265.0,986.2,1012.2,981.3,986.2,120327000,1084.8,887.6,1102.5,649.1,1008.8,145,4,1008.7,602,7,1008.6,961,10,1008.5,2438,13,1008.4,3251,22,1009.0,39,2,1009.1,44,1,1009.2,355,3,1009.3,70,3,1009.4,546,8
317,2025-11-26 12:51:28+05:30,1008.8,3,1000.22,6625620,390246.0,441265.0,986.2,1012.2,981.3,986.2,120327000,1084.8,887.6,1102.5,649.1,1008.8,145,4,1008.7,602,7,1008.6,961,10,1008.5,2438,13,1008.4,3251,22,1009.0,39,2,1009.1,44,1,1009.2,355,3,1009.3,70,3,1009.4,546,8
317,2025-11-26 12:51:29+05:30,1008.8,3,1000.22,6625620,390446.0,441263.0,986.2,1012.2,981.3,986.2,120327000,1084.8,887.6,1102.5,649.1,1008.8,453,7,1008.7,553,6,1008.6,961,10,1008.5,2438,13,1008.4,3251,22,1009.0,39,2,1009.1,44,1,1009.2,355,3,1009.3,70,3,1009.4,546,8
317,2025-11-26 12:51:30+05:30,1009.0,1,1000.22,6625620,390446.0,441263.0,986.2,1012.2,981.3,986.2,120327000,1084.8,887.6,1102.5,649.1,1008.8,453,7,1008.7,553,6,1008.6,961,10,1008.5,2438,13,1008.4,3251,22,1009.0,39,2,1009.1,44,1,1009.2,355,3,1009.3,70,3,1009.4,546,8
317,2025-11-26 12:51:30+05:30,1009.0,13,1000.22,6625672,390446.0,441186.0,986.2,1012.2,981.3,986.2,120327000,1084.8,887.6,1102.5,649.1,1008.8,404,6,1008.7,602,7,1008.6,961,10,1008.5,2438,13,1008.4,3251,22,1009.0,4,1,1009.1,44,1,1009.2,355,3,1009.3,70,3,1009.4,546,8
317,2025-11-26 12:51:31+05:30,1009.0,1,1000.22,6625672,390446.0,441186.0,986.2,1012.2,981.3,986.2,120327000,1084.8,887.6,1102.5,649.1,1008.8,404,6,1008.7,602,7,1008.6,961,10,1008.5,2438,13,1008.4,3251,22,1009.0,4,1,1009.1,44,1,1009.2,355,3,1009.3,70,3,1009.4,546,8
317,2025-11-26 12:51:31+05:30,1009.0,1,1000.22,6625682,390454.0,441210.0,986.2,1012.2,981.3,986.2,120327000,1084.8,887.6,1102.5,649.1,1008.8,449,8,1008.7,606,8,1008.6,920,10,1008.5,2438,13,1008.4,3251,22,1009.0,2,1,1009.1,44,1,1009.2,355,3,1009.3,70,3,1009.4,546,8
317,2025-11-26 12:51:32+05:30,1009.0,1,1000.22,6625682,390454.0,441210.0,986.2,1012.2,981.3,986.2,120327000,1084.8,887.6,1102.5,649.1,1008.8,449,8,1008.7,606,8,1008.6,920,10,1008.5,2438,13,1008.4,3251,22,1009.0,2,1,1009.1,44,1,1009.2,355,3,1009.3,70,3,1009.4,546,8
317,2025-11-26 12:51:32+05:30,1008.9,1,1000.22,6625683,391569.0,441063.0,986.2,1012.2,981.3,986.2,120327000,1084.8,887.6,1102.5,649.1,1008.8,345,6,1008.7,606,8,1008.6,942,10,1008.5,2468,14,1008.4,3930,22,1008.9,11,1,1009.0,2,1,1009.1,44,1,1009.2,489,4,1009.3,70,3
317,2025-11-26 12:51:33+05:30,1008.9,23,1000.22,6625683,391569.0,441063.0,986.2,1012.2,981.3,986.2,120327000,1084.8,887.6,1102.5,649.1,1008.8,345,6,1008.7,606,8,1008.6,942,10,1008.5,2468,14,1008.4,3930,22,1008.9,11,1,1009.0,2,1,1009.1,44,1,1009.2,489,4,1009.3,70,3
317,2025-11-26 12:51:33+05:30,1008.9,23,1000.22,6625715,389553.0,442566.0,986.2,1012.2,981.3,986.2,120327000,1084.8,887.6,1102.5,649.1,1008.8,355,5,1008.7,146,3,1008.6,604,9,1008.5,1409,15,1008.4,1668,14,1008.9,254,4,1009.0,88,3,1009.1,139,2,1009.2,490,4,1009.3,71,4
317,2025-11-26 12:51:34+05:30,1008.9,36,1000.22,6625715,389553.0,442566.0,986.2,1012.2,981.3,986.2,120327000,1084.8,887.6,1102.5,649.1,1008.8,355,5,1008.7,146,3,1008.6,604,9,1008.5,1409,15,1008.4,1668,14,1008.9,254,4,1009.0,88,3,1009.1,139,2,1009.2,490,4,1009.3,71,4
317,2025-11-26 12:51:34+05:30,1008.9,36,1000.22,6625827,389601.0,442727.0,986.2,1012.2,981.3,986.2,120327000,1084.8,887.6,1102.5,649.1,1008.8,330,5,1008.7,223,4,1008.6,511,9,1008.5,1364,14,1008.4,3114,16,1008.9,217,3,1009.0,388,4,1009.1,139,2,1009.2,145,2,1009.3,142,7
317,2025-11-26 12:51:35+05:30,1008.9,2,1000.22,6625827,389601.0,442727.0,986.2,1012.2,981.3,986.2,120327000,1084.8,887.6,1102.5,649.1,1008.8,330,5,1008.7,223,4,1008.6,511,9,1008.5,1364,14,1008.4,3114,16,1008.9,217,3,1009.0,388,4,1009.1,139,2,1009.2,145,2,1009.3,142,7
317,2025-11-26 12:51:35+05:30,1008.9,2,1000.22,6625829,389497.0,443001.0,986.2,1012.2,981.3,986.2,120327000,1084.8,887.6,1102.5,649.1,1008.8,256,4,1008.7,223,4,1008.6,466,8,1008.5,1334,13,1008.4,1713,15,1008.9,215,3,1009.0,638,5,1009.1,139,2,1009.2,235,4,1009.3,97,6
317,2025-11-26 12:51:36+05:30,1008.9,2,1000.22,6625829,389497.0,443001.0,986.2,1012.2,981.3,986.2,120327000,1084.8,887.6,1102.5,649.1,1008.8,256,4,1008.7,223,4,1008.6,466,8,1008.5,1334,13,1008.4,1713,15,1008.9,215,3,1009.0,638,5,1009.1,139,2,1009.2,235,4,1009.3,97,6
317,2025-11-26 12:51:36+05:30,1008.8,20,1000.22,6625899,389484.0,443049.0,986.2,1012.2,981.3,986.2,120327000,1084.8,887.6,1102.5,649.1,1008.8,247,4,1008.7,223,4,1008.6,466,8,1008.5,1320,13,1008.4,1723,15,1008.9,201,2,1009.0,638,5,1009.1,139,2,1009.2,235,4,1009.3,97,6
317,2025-11-26 12:51:37+05:30,1008.8,20,1000.22,6625899,389484.0,443049.0,986.2,1012.2,981.3,986.2,120327000,1084.8,887.6,1102.5,649.1,1008.8,247,4,1008.7,223,4,1008.6,466,8,1008.5,1320,13,1008.4,1723,15,1008.9,201,2,1009.0,638,5,1009.1,139,2,1009.2,235,4,1009.3,97,6
317,2025-11-26 12:51:37+05:30,1008.8,20,1000.22,6625899,389505.0,443206.0,986.2,1012.2,981.3,986.2,120327000,1084.8,887.6,1102.5,649.1,1008.8,260,5,1008.7,223,4,1008.6,466,8,1008.5,1365,14,1008.4,1678,14,1008.9,405,3,1009.0,591,4,1009.1,139,2,1009.2,190,3,1009.3,142,7
317,2025-11-26 12:51:38+05:30,1008.8,20,1000.22,6625899,389505.0,443232.0,986.2,1012.2,981.3,986.2,120327000,1084.8,887.6,1102.5,649.1,1008.8,260,5,1008.7,223,4,1008.6,466,8,1008.5,1365,14,1008.4,1678,14,1008.9,405,3,1009.0,591,4,1009.1,139,2,1009.2,216,4,1009.3,142,7
317,2025-11-26 12:51:39+05:30,1008.9,95,1000.22,6626196,389627.0,442983.0,986.2,1012.2,981.3,986.2,120327000,1084.8,887.6,1102.5,649.1,1008.8,259,5,1008.7,279,5,1008.6,330,7,1008.5,1334,13,1008.4,1596,13,1008.9,284,3,1009.0,591,4,1009.1,139,2,1009.2,190,3,1009.3,193,8
317,2025-11-26 12:51:40+05:30,1008.9,1,1000.22,6626196,389627.0,442983.0,986.2,1012.2,981.3,986.2,120327000,1084.8,887.6,1102.5,649.1,1008.8,259,5,1008.7,279,5,1008.6,330,7,1008.5,1334,13,1008.4,1596,13,1008.9,284,3,1009.0,591,4,1009.1,139,2,1009.2,190,3,1009.3,193,8
317,2025-11-26 12:51:40+05:30,1008.9,1,1000.22,6626197,390007.0,443031.0,986.2,1012.2,981.3,986.2,120327000,1084.8,887.6,1102.5,649.1,1008.8,259,5,1008.7,202,4,1008.6,622,8,1008.5,1365,14,1008.4,1596,13,1008.9,283,3,1009.0,591,4,1009.1,139,2,1009.2,217,4,1009.3,244,9
317,2025-11-26 12:51:41+05:30,1008.9,2,1000.22,6626197,390007.0,443031.0,986.2,1012.2,981.3,986.2,120327000,1084.8,887.6,1102.5,649.1,1008.8,259,5,1008.7,202,4,1008.6,622,8,1008.5,1365,14,1008.4,1596,13,1008.9,283,3,1009.0,591,4,1009.1,139,2,1009.2,217,4,1009.3,244,9
317,2025-11-26 12:51:41+05:30,1008.8,103,1000.22,6626303,389900.0,443026.0,986.2,1012.2,981.3,986.2,120327000,1084.8,887.6,1102.5,649.1,1008.8,156,5,1008.7,202,4,1008.6,622,8,1008.5,1320,13,1008.4,1637,14,1008.9,280,3,1009.0,591,4,1009.1,189,3,1009.2,190,3,1009.3,227,10
317,2025-11-26 12:51:42+05:30,1008.8,103,1000.22,6626303,389900.0,443026.0,986.2,1012.2,981.3,986.2,120327000,1084.8,887.6,1102.5,649.1,1008.8,156,5,1008.7,202,4,1008.6,622,8,1008.5,1320,13,1008.4,1637,14,1008.9,280,3,1009.0,591,4,1009.1,189,3,1009.2,190,3,1009.3,227,10
317,2025-11-26 12:51:42+05:30,1008.8,103,1000.22,6626303,389771.0,443662.0,986.2,1012.2,981.3,986.2,120327000,1084.8,887.6,1102.5,649.1,1008.8,156,5,1008.7,94,3,1008.6,622,8,1008.5,1289,12,1008.4,1637,14,1008.9,280,3,1009.0,591,4,1009.1,234,4,1009.2,291,5,1009.3,157,8
317,2025-11-26 12:51:43+05:30,1008.9,6,1000.22,6626303,389771.0,443662.0,986.2,1012.2,981.3,986.2,120327000,1084.8,887.6,1102.5,649.1,1008.8,156,5,1008.7,94,3,1008.6,622,8,1008.5,1289,12,1008.4,1637,14,1008.9,280,3,1009.0,591,4,1009.1,234,4,1009.2,291,5,1009.3,157,8
317,2025-11-26 12:51:43+05:30,1008.9,17,1000.22,6626503,389580.0,443842.0,986.2,1012.2,981.3,986.2,120327000,1084.8,887.6,1102.5,649.1,1008.8,78,4,1008.7,94,3,1008.6,622,8,1008.5,1242,11,1008.4,1661,15,1008.9,159,3,1009.0,591,4,1009.1,189,3,1009.2,250,4,1009.3,206,7
317,2025-11-26 12:51:44+05:30,1008.9,3,1000.22,6626503,389580.0,443842.0,986.2,1012.2,981.3,986.2,120327000,1084.8,887.6,1102.5,649.1,1008.8,78,4,1008.7,94,3,1008.6,622,8,1008.5,1242,11,1008.4,1661,15,1008.9,159,3,1009.0,591,4,1009.1,189,3,1009.2,250,4,1009.3,206,7
317,2025-11-26 12:51:44+05:30,1008.9,1,1000.22,6626507,389774.0,444092.0,986.2,1012.2,981.3,986.2,120327000,1084.8,887.6,1102.5,649.1,1008.8,78,4,1008.7,94,3,1008.6,622,8,1008.5,1242,11,1008.4,1661,15,1008.9,155,3,1009.0,591,4,1009.1,189,3,1009.2,250,4,1009.3,210,8
317,2025-11-26 12:51:45+05:30,1009.0,204,1000.22,6626507,389774.0,444092.0,986.2,1012.2,981.3,986.2,120327000,1084.8,887.6,1102.5,649.1,1008.8,78,4,1008.7,94,3,1008.6,622,8,1008.5,1242,11,1008.4,1661,15,1008.9,155,3,1009.0,591,4,1009.1,189,3,1009.2,250,4,1009.3,210,8
317,2025-11-26 12:51:45+05:30,1009.0,204,1000.22,6627207,390769.0,442854.0,986.2,1012.2,981.3,986.2,120327000,1084.8,887.6,1102.5,649.1,1008.9,9,2,1008.8,78,4,1008.7,269,4,1008.6,795,9,1008.5,1708,13,1009.0,105,3,1009.1,55,2,1009.2,205,3,1009.3,278,9,1009.4,768,16
317,2025-11-26 12:51:46+05:30,1009.0,2,1000.22,6627207,390769.0,442854.0,986.2,1012.2,981.3,986.2,120327000,1084.8,887.6,1102.5,649.1,1008.9,9,2,1008.8,78,4,1008.7,269,4,1008.6,795,9,1008.5,1708,13,1009.0,105,3,1009.1,55,2,1009.2,205,3,1009.3,278,9,1009.4,768,16
317,2025-11-26 12:51:46+05:30,1009.0,2,1000.22,6627214,390015.0,443006.0,986.2,1012.2,981.3,986.2,120327000,1084.8,887.6,1102.5,649.1,1008.9,5,2,1008.8,78,4,1008.7,269,4,1008.6,795,9,1008.5,1708,13,1009.0,103,3,1009.1,55,2,1009.2,205,3,1009.3,247,8,1009.4,799,17
317,2025-11-26 12:51:47+05:30,1009.0,1,1000.22,6627214,390015.0,443006.0,986.2,1012.2,981.3,986.2,120327000,1084.8,887.6,1102.5,649.1,1008.9,5,2,1008.8,78,4,1008.7,269,4,1008.6,795,9,1008.5,1708,13,1009.0,103,3,1009.1,55,2,1009.2,205,3,1009.3,247,8,1009.4,799,17
317,2025-11-26 12:51:47+05:30,1009.0,1,1000.22,6627215,390020.0,443116.0,986.2,1012.2,981.3,986.2,120327000,1084.8,887.6,1102.5,649.1,1008.9,23,3,1008.8,65,3,1008.7,269,4,1008.6,795,9,1008.5,1667,12,1009.0,189,5,1009.1,55,2,1009.2,246,4,1009.3,237,8,1009.4,771,17
317,2025-11-26 12:51:48+05:30,1009.0,1,1000.22,6627215,390030.0,443040.0,986.2,1012.2,981.3,986.2,120327000,1084.8,887.6,1102.5,649.1,1008.9,33,4,1008.8,65,3,1008.7,269,4,1008.6,795,9,1008.5,1667,12,1009.0,189,5,1009.1,55,2,1009.2,246,4,1009.3,237,8,1009.4,771,17
317,2025-11-26 12:51:49+05:30,1009.0,1,1000.22,6627216,390104.0,443174.0,986.2,1012.2,981.3,986.2,120327000,1084.8,887.6,1102.5,649.1,1008.9,33,4,1008.8,142,3,1008.7,326,5,1008.6,795,9,1008.5,1667,12,1009.0,188,5,1009.1,94,3,1009.2,246,4,1009.3,237,8,1009.4,771,17
317,2025-11-26 12:51:50+05:30,1009.0,1,1000.22,6627216,390104.0,443174.0,986.2,1012.2,981.3,986.2,120327000,1084.8,887.6,1102.5,649.1,1008.9,33,4,1008.8,142,3,1008.7,326,5,1008.6,795,9,1008.5,1667,12,1009.0,188,5,1009.1,94,3,1009.2,246,4,1009.3,237,8,1009.4,771,17
317,2025-11-26 12:51:50+05:30,1009.0,1,1000.22,6627218,390104.0,443176.0,986.2,1012.2,981.3,986.2,120327000,1084.8,887.6,1102.5,649.1,1008.9,33,4,1008.8,142,3,1008.7,326,5,1008.6,795,9,1008.5,1667,12,1009.0,186,5,1009.1,94,3,1009.2,246,4,1009.3,237,8,1009.4,771,17
317,2025-11-26 12:51:51+05:30,1009.0,1,1000.22,6627218,390104.0,443176.0,986.2,1012.2,981.3,986.2,120327000,1084.8,887.6,1102.5,649.1,1008.9,33,4,1008.8,142,3,1008.7,326,5,1008.6,795,9,1008.5,1667,12,1009.0,186,5,1009.1,94,3,1009.2,246,4,1009.3,237,8,1009.4,771,17
317,2025-11-26 12:51:51+05:30,1009.0,1,1000.22,6627219,390104.0,443175.0,986.2,1012.2,981.3,986.2,120327000,1084.8,887.6,1102.5,649.1,1008.9,33,4,1008.8,142,3,1008.7,326,5,1008.6,795,9,1008.5,1667,12,1009.0,185,5,1009.1,94,3,1009.2,246,4,1009.3,237,8,1009.4,771,17
317,2025-11-26 12:51:52+05:30,1008.9,29,1000.22,6627219,390104.0,443175.0,986.2,1012.2,981.3,986.2,120327000,1084.8,887.6,1102.5,649.1,1008.9,33,4,1008.8,142,3,1008.7,326,5,1008.6,795,9,1008.5,1667,12,1009.0,185,5,1009.1,94,3,1009.2,246,4,1009.3,237,8,1009.4,771,17
317,2025-11-26 12:51:52+05:30,1008.9,29,1000.22,6627423,389309.0,443059.0,986.2,1012.2,981.3,986.2,120327000,1084.8,887.6,1102.5,649.1,1008.9,8,1,1008.8,142,3,1008.7,333,4,1008.6,753,9,1008.5,1725,13,1009.0,185,5,1009.1,94,3,1009.2,145,2,1009.3,138,6,1009.4,855,19
317,2025-11-26 12:51:53+05:30,1009.0,23,1000.22,6627423,389309.0,443059.0,986.2,1012.2,981.3,986.2,120327000,1084.8,887.6,1102.5,649.1,1008.9,8,1,1008.8,142,3,1008.7,333,4,1008.6,753,9,1008.5,1725,13,1009.0,185,5,1009.1,94,3,1009.2,145,2,1009.3,138,6,1009.4,855,19
317,2025-11-26 12:51:53+05:30,1009.0,23,1000.22,6627456,389233.0,443026.0,986.2,1012.2,981.3,986.2,120327000,1084.8,887.6,1102.5,649.1,1008.9,8,1,1008.8,142,3,1008.7,257,3,1008.6,753,9,1008.5,1725,13,1009.0,152,5,1009.1,94,3,1009.2,145,2,1009.3,138,6,1009.4,855,19
317,2025-11-26 12:51:54+05:30,1008.9,1,1000.22,6627456,389233.0,443026.0,986.2,1012.2,981.3,986.2,120327000,1084.8,887.6,1102.5,649.1,1008.9,8,1,1008.8,142,3,1008.7,257,3,1008.6,753,9,1008.5,1725,13,1009.0,152,5,1009.1,94,3,1009.2,145,2,1009.3,138,6,1009.4,855,19
317,2025-11-26 12:51:54+05:30,1008.9,1,1000.22,6627457,389237.0,443026.0,986.2,1012.2,981.3,986.2,120327000,1084.8,887.6,1102.5,649.1,1008.9,12,2,1008.8,142,3,1008.7,257,3,1008.6,753,9,1008.5,1725,13,1009.0,152,5,1009.1,94,3,1009.2,145,2,1009.3,196,7,1009.4,797,18
317,2025-11-26 12:51:55+05:30,1009.0,2,1000.22,6627457,389237.0,443026.0,986.2,1012.2,981.3,986.2,120327000,1084.8,887.6,1102.5,649.1,1008.9,12,2,1008.8,142,3,1008.7,257,3,1008.6,753,9,1008.5,1725,13,1009.0,152,5,1009.1,94,3,1009.2,145,2,1009.3,196,7,1009.4,797,18
317,2025-11-26 12:51:55+05:30,1009.0,12,1000.22,6627598,388046.0,443047.0,986.2,1012.2,981.3,986.2,120327000,1084.8,887.6,1102.5,649.1,1008.9,12,2,1008.8,142,3,1008.7,257,3,1008.6,455,8,1008.5,1326,13,1009.0,70,3,1009.1,94,3,1009.2,193,3,1009.3,664,6,1009.4,913,20
317,2025-11-26 12:51:56+05:30,1009.0,2,1000.22,6627598,388046.0,443047.0,986.2,1012.2,981.3,986.2,120327000,1084.8,887.6,1102.5,649.1,1008.9,12,2,1008.8,142,3,1008.7,257,3,1008.6,455,8,1008.5,1326,13,1009.0,70,3,1009.1,94,3,1009.2,193,3,1009.3,664,6,1009.4,913,20
317,2025-11-26 12:51:56+05:30,1009.0,2,1000.22,6627730,387787.0,442950.0,986.2,1012.2,981.3,986.2,120327000,1084.8,887.6,1102.5,649.1,1008.9,12,2,1008.8,142,3,1008.7,362,4,1008.6,918,11,1008.5,1028,12,1009.0,85,3,1009.1,94,3,1009.2,193,3,1009.3,138,6,1009.4,1312,19
317,2025-11-26 12:51:57+05:30,1009.0,2,1000.22,6627730,387808.0,442975.0,986.2,1012.2,981.3,986.2,120327000,1084.8,887.6,1102.5,649.1,1008.9,12,2,1008.8,142,3,1008.7,362,4,1008.6,918,11,1008.5,1028,12,1009.0,85,3,1009.1,94,3,1009.2,193,3,1009.3,138,6,1009.4,1312,19
317,2025-11-26 12:51:58+05:30,1008.8,7,1000.22,6627755,389463.0,443140.0,986.2,1012.2,981.3,986.2,120327000,1084.8,887.6,1102.5,649.1,1008.8,131,3,1008.7,367,4,1008.6,974,11,1008.5,1073,12,1008.4,3848,18,1009.0,283,5,1009.1,94,3,1009.2,145,2,1009.3,159,7,1009.4,855,19
317,2025-11-26 12:51:59+05:30,1009.0,25,1000.22,6627755,389463.0,443140.0,986.2,1012.2,981.3,986.2,120327000,1084.8,887.6,1102.5,649.1,1008.8,131,3,1008.7,367,4,1008.6,974,11,1008.5,1073,12,1008.4,3848,18,1009.0,283,5,1009.1,94,3,1009.2,145,2,1009.3,159,7,1009.4,855,19
317,2025-11-26 12:51:59+05:30,1009.0,1,1000.22,6627801,390270.0,443031.0,986.2,1012.2,981.3,986.2,120327000,1084.8,887.6,1102.5,649.1,1008.8,139,4,1008.7,499,6,1008.6,943,11,1008.5,1770,13,1008.4,3206,18,1009.0,257,5,1009.1,94,3,1009.2,145,2,1009.3,80,5,1009.4,797,18
317,2025-11-26 12:52:00+05:30,1009.0,1,1000.22,6627801,390270.0,443031.0,986.2,1012.2,981.3,986.2,120327000,1084.8,887.6,1102.5,649.1,1008.8,139,4,1008.7,499,6,1008.6,943,11,1008.5,1770,13,1008.4,3206,18,1009.0,257,5,1009.1,94,3,1009.2,145,2,1009.3,80,5,1009.4,797,18
317,2025-11-26 12:52:00+05:30,1009.0,1,1000.22,6627802,390889.0,443030.0,986.2,1012.2,981.3,986.2,120327000,1084.8,887.6,1102.5,649.1,1008.8,139,4,1008.7,627,7,1008.6,943,11,1008.5,1770,13,1008.4,3831,19,1009.0,256,5,1009.1,94,3,1009.2,145,2,1009.3,80,5,1009.4,797,18
317,2025-11-26 12:52:01+05:30,1009.0,10,1000.22,6627802,390889.0,443030.0,986.2,1012.2,981.3,986.2,120327000,1084.8,887.6,1102.5,649.1,1008.8,139,4,1008.7,627,7,1008.6,943,11,1008.5,1770,13,1008.4,3831,19,1009.0,256,5,1009.1,94,3,1009.2,145,2,1009.3,80,5,1009.4,797,18
317,2025-11-26 12:52:01+05:30,1009.0,10,1000.22,6627821,390876.0,443063.0,986.2,1012.2,981.3,986.2,120327000,1084.8,887.6,1102.5,649.1,1008.8,131,4,1008.7,569,6,1008.6,996,12,1008.5,1770,13,1008.4,3831,19,1009.0,285,6,1009.1,94,3,1009.2,145,2,1009.3,80,5,1009.4,797,18
317,2025-11-26 12:52:02+05:30,1009.0,10,1000.22,6627821,391157.0,443129.0,986.2,1012.2,981.3,986.2,120327000,1084.8,887.6,1102.5,649.1,1008.8,131,4,1008.7,300,3,1008.6,969,11,1008.5,1770,13,1008.4,3919,18,1008.9,12,1,1009.0,373,7,1009.1,55,2,1009.2,145,2,1009.3,131,6
317,2025-11-26 12:52:03+05:30,1008.8,1,1000.22,6627821,391157.0,443129.0,986.2,1012.2,981.3,986.2,120327000,1084.8,887.6,1102.5,649.1,1008.8,131,4,1008.7,300,3,1008.6,969,11,1008.5,1770,13,1008.4,3919,18,1008.9,12,1,1009.0,373,7,1009.1,55,2,1009.2,145,2,1009.3,131,6
317,2025-11-26 12:52:03+05:30,1008.9,1,1000.22,6627853,391024.0,443064.0,986.2,1012.2,981.3,986.2,120327000,1084.8,887.6,1102.5,649.1,1008.8,130,4,1008.7,300,3,1008.6,964,11,1008.5,1791,14,1008.4,3919,18,1008.9,11,1,1009.0,373,7,1009.1,55,2,1009.2,134,1,1009.3,108,6
317,2025-11-26 12:52:04+05:30,1008.9,1,1000.22,6627853,391024.0,443064.0,986.2,1012.2,981.3,986.2,120327000,1084.8,887.6,1102.5,649.1,1008.8,130,4,1008.7,300,3,1008.6,964,11,1008.5,1791,14,1008.4,3919,18,1008.9,11,1,1009.0,373,7,1009.1,55,2,1009.2,134,1,1009.3,108,6
317,2025-11-26 12:52:04+05:30,1008.9,1,1000.22,6627853,391029.0,443159.0,986.2,1012.2,981.3,986.2,120327000,1084.8,887.6,1102.5,649.1,1008.8,130,4,1008.7,300,3,1008.6,964,11,1008.5,1791,14,1008.4,3919,18,1008.9,11,1,1009.0,373,7,1009.1,71,3,1009.2,162,2,1009.3,80,5
317,2025-11-26 12:52:05+05:30,1008.9,2,1000.22,6627853,391029.0,443159.0,986.2,1012.2,981.3,986.2,120327000,1084.8,887.6,1102.5,649.1,1008.8,130,4,1008.7,300,3,1008.6,964,11,1008.5,1791,14,1008.4,3919,18,1008.9,11,1,1009.0,373,7,1009.1,71,3,1009.2,162,2,1009.3,80,5
317,2025-11-26 12:52:05+05:30,1008.9,2,1000.22,6627855,391408.0,443080.0,986.2,1012.2,981.3,986.2,120327000,1084.8,887.6,1102.5,649.1,1008.8,130,4,1008.7,183,2,1008.6,1481,12,1008.5,1770,13,1008.4,3919,18,1008.9,9,1,1009.0,373,7,1009.1,71,3,1009.2,134,1,1009.3,564,6
317,2025-11-26 12:52:06+05:30,1008.8,16,1000.22,6627855,391408.0,443080.0,986.2,1012.2,981.3,986.2,120327000,1084.8,887.6,1102.5,649.1,1008.8,130,4,1008.7,183,2,1008.6,1481,12,1008.5,1770,13,1008.4,3919,18,1008.9,9,1,1009.0,373,7,1009.1,71,3,1009.2,134,1,1009.3,564,6
317,2025-11-26 12:52:06+05:30,1008.8,16,1000.22,6628081,391369.0,443035.0,986.2,1012.2,981.3,986.2,120327000,1084.8,887.6,1102.5,649.1,1008.8,130,4,1008.7,574,2,1008.6,906,10,1008.5,1714,12,1008.4,3918,18,1008.9,50,1,1009.0,258,6,1009.1,21,2,1009.2,134,1,1009.3,615,7
317,2025-11-26 12:52:07+05:30,1008.8,16,1000.22,6628081,390994.0,443009.0,986.2,1012.2,981.3,986.2,120327000,1084.8,887.6,1102.5,649.1,1008.8,130,4,1008.7,128,1,1008.6,906,10,1008.5,1785,13,1008.4,3918,18,1008.9,50,1,1009.0,258,6,1009.1,21,2,1009.2,134,1,1009.3,617,8
317,2025-11-26 12:52:08+05:30,1008.9,1,1000.22,6628083,390877.0,443007.0,986.2,1012.2,981.3,986.2,120327000,1084.8,887.6,1102.5,649.1,1008.8,130,4,1008.7,181,2,1008.6,906,10,1008.5,1812,14,1008.4,3918,18,1008.9,48,1,1009.0,258,6,1009.1,21,2,1009.2,134,1,1009.3,617,8
317,2025-11-26 12:52:09+05:30,1008.9,1,1000.22,6628083,390877.0,443007.0,986.2,1012.2,981.3,986.2,120327000,1084.8,887.6,1102.5,649.1,1008.8,130,4,1008.7,181,2,1008.6,906,10,1008.5,1812,14,1008.4,3918,18,1008.9,48,1,1009.0,258,6,1009.1,21,2,1009.2,134,1,1009.3,617,8
317,2025-11-26 12:52:09+05:30,1008.9,1,1000.22,6628083,390877.0,443059.0,986.2,1012.2,981.3,986.2,120327000,1084.8,887.6,1102.5,649.1,1008.8,130,4,1008.7,181,2,1008.6,853,9,1008.5,1865,15,1008.4,3918,18,1008.9,49,2,1009.0,258,6,1009.1,21,2,1009.2,164,2,1009.3,133,7
317,2025-11-26 12:52:10+05:30,1008.9,2,1000.22,6628083,390877.0,443059.0,986.2,1012.2,981.3,986.2,120327000,1084.8,887.6,1102.5,649.1,1008.8,130,4,1008.7,181,2,1008.6,853,9,1008.5,1865,15,1008.4,3918,18,1008.9,49,2,1009.0,258,6,1009.1,21,2,1009.2,164,2,1009.3,133,7
317,2025-11-26 12:52:10+05:30,1009.0,1,1000.22,6628136,390859.0,443512.0,986.2,1012.2,981.3,986.2,120327000,1084.8,887.6,1102.5,649.1,1008.8,130,4,1008.7,181,2,1008.6,947,10,1008.5,1838,14,1008.4,3918,18,1009.0,754,7,1009.1,21,2,1009.3,662,8,1009.4,794,17,1009.5,714,9
317,2025-11-26 12:52:11+05:30,1009.0,33,1000.22,6628136,390859.0,443512.0,986.2,1012.2,981.3,986.2,120327000,1084.8,887.6,1102.5,649.1,1008.8,130,4,1008.7,181,2,1008.6,947,10,1008.5,1838,14,1008.4,3918,18,1009.0,754,7,1009.1,21,2,1009.3,662,8,1009.4,794,17,1009.5,714,9
317,2025-11-26 12:52:11+05:30,1009.0,33,1000.22,6628176,390551.0,443555.0,986.2,1012.2,981.3,986.2,120327000,1084.8,887.6,1102.5,649.1,1008.9,48,3,1008.8,128,3,1008.7,113,1,1008.6,596,8,1008.5,2173,16,1009.0,714,6,1009.1,21,2,1009.2,270,4,1009.3,773,10,1009.4,794,17
317,2025-11-26 12:52:12+05:30,1008.9,1,1000.22,6628176,390551.0,443555.0,986.2,1012.2,981.3,986.2,120327000,1084.8,887.6,1102.5,649.1,1008.9,48,3,1008.8,128,3,1008.7,113,1,1008.6,596,8,1008.5,2173,16,1009.0,714,6,1009.1,21,2,1009.2,270,4,1009.3,773,10,1009.4,794,17
317,2025-11-26 12:52:12+05:30,1008.9,24,1000.22,6628249,391852.0,443543.0,986.2,1012.2,981.3,986.2,120327000,1084.8,887.6,1102.5,649.1,1008.9,726,1,1008.8,128,3,1008.7,109,1,1008.6,890,9,1008.5,1837,14,1009.0,714,6,1009.1,21,2,1009.2,217,3,1009.3,244,9,1009.4,847,18
317,2025-11-26 12:52:13+05:30,1009.0,23,1000.22,6628249,391852.0,443543.0,986.2,1012.2,981.3,986.2,120327000,1084.8,887.6,1102.5,649.1,1008.9,726,1,1008.8,128,3,1008.7,109,1,1008.6,890,9,1008.5,1837,14,1009.0,714,6,1009.1,21,2,1009.2,217,3,1009.3,244,9,1009.4,847,18
317,2025-11-26 12:52:13+05:30,1008.9,79,1000.22,6628366,391033.0,443535.0,986.2,1012.2,981.3,986.2,120327000,1084.8,887.6,1102.5,649.1,1008.9,655,2,1008.8,220,3,1008.7,237,2,1008.6,996,11,1008.5,1784,13,1009.0,676,6,1009.1,21,2,1009.2,217,3,1009.3,191,8,1009.4,900,19
317,2025-11-26 12:52:14+05:30,1009.0,2,1000.22,6628366,391033.0,443535.0,986.2,1012.2,981.3,986.2,120327000,1084.8,887.6,1102.5,649.1,1008.9,655,2,1008.8,220,3,1008.7,237,2,1008.6,996,11,1008.5,1784,13,1009.0,676,6,1009.1,21,2,1009.2,217,3,1009.3,191,8,1009.4,900,19
317,2025-11-26 12:52:14+05:30,1009.0,2,1000.22,6628368,391142.0,443300.0,986.2,1012.2,981.3,986.2,120327000,1084.8,887.6,1102.5,649.1,1008.9,668,3,1008.8,220,3,1008.7,109,1,1008.6,796,8,1008.5,1890,15,1009.0,674,6,1009.1,21,2,1009.2,243,5,1009.3,189,7,1009.4,878,19
317,2025-11-26 12:52:15+05:30,1009.0,2,1000.22,6628368,391142.0,443300.0,986.2,1012.2,981.3,986.2,120327000,1084.8,887.6,1102.5,649.1,1008.9,668,3,1008.8,220,3,1008.7,109,1,1008.6,796,8,1008.5,1890,15,1009.0,674,6,1009.1,21,2,1009.2,243,5,1009.3,189,7,1009.4,878,19
317,2025-11-26 12:52:15+05:30,1009.0,2,1000.22,6628622,390601.0,443724.0,986.2,1012.2,981.3,986.2,120327000,1084.8,887.6,1102.5,649.1,1008.9,528,3,1008.8,220,3,1008.7,109,1,1008.6,758,8,1008.5,1681,12,1009.0,678,5,1009.1,21,2,1009.2,354,8,1009.3,699,9,1009.4,782,18
317,2025-11-26 12:52:16+05:30,1009.0,2,1000.22,6628624,390592.0,443781.0,986.2,1012.2,981.3,986.2,120327000,1084.8,887.6,1102.5,649.1,1008.9,528,3,1008.8,220,3,1008.7,109,1,1008.6,1056,9,1008.5,1681,12,1009.0,676,5,1009.1,21,2,1009.2,354,8,1009.3,699,9,1009.4,782,18
317,2025-11-26 12:52:17+05:30,1008.9,10,1000.22,6628624,390592.0,443781.0,986.2,1012.2,981.3,986.2,120327000,1084.8,887.6,1102.5,649.1,1008.9,528,3,1008.8,220,3,1008.7,109,1,1008.6,1056,9,1008.5,1681,12,1009.0,676,5,1009.1,21,2,1009.2,354,8,1009.3,699,9,1009.4,782,18
317,2025-11-26 12:52:17+05:30,1009.0,1,1000.22,6628635,390582.0,443680.0,986.2,1012.2,981.3,986.2,120327000,1084.8,887.6,1102.5,649.1,1008.9,518,3,1008.8,220,3,1008.7,109,1,1008.6,1056,9,1008.5,1681,12,1009.0,775,6,1009.1,21,2,1009.2,354,8,1009.3,699,9,1009.4,782,18
317,2025-11-26 12:52:18+05:30,1009.0,20,1000.22,6628635,390582.0,443680.0,986.2,1012.2,981.3,986.2,120327000,1084.8,887.6,1102.5,649.1,1008.9,518,3,1008.8,220,3,1008.7,109,1,1008.6,1056,9,1008.5,1681,12,1009.0,775,6,1009.1,21,2,1009.2,354,8,1009.3,699,9,1009.4,782,18
317,2025-11-26 12:52:18+05:30,1009.0,20,1000.23,6629895,388508.0,441876.0,986.2,1012.2,981.3,986.2,120327000,1084.8,887.6,1102.5,649.1,1009.0,166,1,1008.9,488,3,1008.8,220,3,1008.7,237,2,1008.6,1077,10,1009.1,21,2,1009.2,203,3,1009.3,762,11,1009.4,676,17,1009.5,666,9
317,2025-11-26 12:52:19+05:30,1009.0,26,1000.23,6629895,388508.0,441876.0,986.2,1012.2,981.3,986.2,120327000,1084.8,887.6,1102.5,649.1,1009.0,166,1,1008.9,488,3,1008.8,220,3,1008.7,237,2,1008.6,1077,10,1009.1,21,2,1009.2,203,3,1009.3,762,11,1009.4,676,17,1009.5,666,9
317,2025-11-26 12:52:19+05:30,1009.0,26,1000.23,6630222,388736.0,441919.0,986.2,1012.2,981.3,986.2,120327000,1084.8,887.6,1102.5,649.1,1009.0,160,2,1008.9,472,2,1008.8,643,6,1008.7,885,6,1008.6,1148,17,1009.1,93,1,1009.3,56,3,1009.4,909,14,1009.5,648,9,1009.6,654,8
317,2025-11-26 12:52:20+05:30,1009.1,1,1000.23,6630222,388736.0,441919.0,986.2,1012.2,981.3,986.2,120327000,1084.8,887.6,1102.5,649.1,1009.0,160,2,1008.9,472,2,1008.8,643,6,1008.7,885,6,1008.6,1148,17,1009.1,93,1,1009.3,56,3,1009.4,909,14,1009.5,648,9,1009.6,654,8
317,2025-11-26 12:52:22+05:30,1009.1,1,1000.23,6630222,388736.0,441919.0,986.2,1012.2,981.3,986.2,120327000,1084.8,887.6,1102.5,649.1,1009.0,160,2,1008.9,472,2,1008.8,643,6,1008.7,885,6,1008.6,1148,17,1009.1,93,1,1009.3,56,3,1009.4,909,14,1009.5,648,9,1009.6,654,8
317,2025-11-26 12:52:23+05:30,1009.1,23,1000.23,6630770,388592.0,441868.0,986.2,1012.2,981.3,986.2,120327000,1084.8,887.6,1102.5,649.1,1009.0,64,1,1008.9,467,1,1008.8,643,6,1008.7,866,6,1008.6,917,19,1009.1,56,2,1009.2,33,1,1009.3,138,5,1009.4,915,8,1009.5,757,18
317,2025-11-26 12:52:24+05:30,1009.1,3,1000.23,6630770,388592.0,441868.0,986.2,1012.2,981.3,986.2,120327000,1084.8,887.6,1102.5,649.1,1009.0,64,1,1008.9,467,1,1008.8,643,6,1008.7,866,6,1008.6,917,19,1009.1,56,2,1009.2,33,1,1009.3,138,5,1009.4,915,8,1009.5,757,18
317,2025-11-26 12:52:26+05:30,1009.1,2,1000.23,6630770,388592.0,441868.0,986.2,1012.2,981.3,986.2,120327000,1084.8,887.6,1102.5,649.1,1009.0,64,1,1008.9,467,1,1008.8,643,6,1008.7,866,6,1008.6,917,19,1009.1,56,2,1009.2,33,1,1009.3,138,5,1009.4,915,8,1009.5,757,18
317,2025-11-26 12:52:26+05:30,1009.0,1,1000.23,6630806,388517.0,441988.0,986.2,1012.2,981.3,986.2,120327000,1084.8,887.6,1102.5,649.1,1009.0,63,1,1008.9,467,1,1008.8,569,6,1008.7,866,6,1008.6,917,19,1009.1,21,2,1009.2,33,1,1009.3,138,5,1009.4,915,8,1009.5,757,18
317,2025-11-26 12:52:28+05:30,1009.0,50,1000.23,6630806,388517.0,441988.0,986.2,1012.2,981.3,986.2,120327000,1084.8,887.6,1102.5,649.1,1009.0,63,1,1008.9,467,1,1008.8,569,6,1008.7,866,6,1008.6,917,19,1009.1,21,2,1009.2,33,1,1009.3,138,5,1009.4,915,8,1009.5,757,18
317,2025-11-26 12:52:30+05:30,1009.1,19,1000.23,6630806,388517.0,441988.0,986.2,1012.2,981.3,986.2,120327000,1084.8,887.6,1102.5,649.1,1009.0,63,1,1008.9,467,1,1008.8,569,6,1008.7,866,6,1008.6,917,19,1009.1,21,2,1009.2,33,1,1009.3,138,5,1009.4,915,8,1009.5,757,18
317,2025-11-26 12:52:30+05:30,1009.1,8,1000.23,6631190,388819.0,441891.0,986.2,1012.2,981.3,986.2,120327000,1084.8,887.6,1102.5,649.1,1009.0,15,1,1008.9,467,1,1008.8,696,7,1008.7,989,8,1008.6,917,19,1009.1,85,1,1009.2,33,1,1009.3,133,4,1009.4,915,8,1009.5,725,15
317,2025-11-26 12:52:32+05:30,1009.0,7,1000.23,6631190,388819.0,441891.0,986.2,1012.2,981.3,986.2,120327000,1084.8,887.6,1102.5,649.1,1009.0,15,1,1008.9,467,1,1008.8,696,7,1008.7,989,8,1008.6,917,19,1009.1,85,1,1009.2,33,1,1009.3,133,4,1009.4,915,8,1009.5,725,15
317,2025-11-26 12:52:34+05:30,1009.0,10,1000.23,6631190,388819.0,441891.0,986.2,1012.2,981.3,986.2,120327000,1084.8,887.6,1102.5,649.1,1009.0,15,1,1008.9,467,1,1008.8,696,7,1008.7,989,8,1008.6,917,19,1009.1,85,1,1009.2,33,1,1009.3,133,4,1009.4,915,8,1009.5,725,15
317,2025-11-26 12:52:34+05:30,1009.0,10,1000.23,6631248,390713.0,442332.0,986.2,1012.2,981.3,986.2,120327000,1084.8,887.6,1102.5,649.1,1008.9,467,1,1008.8,262,4,1008.7,1034,9,1008.6,889,19,1008.5,1795,14,1009.0,25,2,1009.1,159,4,1009.2,5,1,1009.3,335,5,1009.4,910,7
317,2025-11-26 12:52:36+05:30,1009.0,1,1000.23,6631248,390713.0,442332.0,986.2,1012.2,981.3,986.2,120327000,1084.8,887.6,1102.5,649.1,1008.9,467,1,1008.8,262,4,1008.7,1034,9,1008.6,889,19,1008.5,1795,14,1009.0,25,2,1009.1,159,4,1009.2,5,1,1009.3,335,5,1009.4,910,7
317,2025-11-26 12:52:38+05:30,1008.9,44,1000.23,6631482,389524.0,442167.0,986.2,1012.2,981.3,986.2,120327000,1084.8,887.6,1102.5,649.1,1008.9,353,2,1008.8,267,5,1008.7,1060,11,1008.6,1415,14,1008.5,2453,14,1009.1,159,4,1009.2,5,1,1009.3,335,5,1009.4,347,7,1009.5,672,13
317,2025-11-26 12:52:38+05:30,1008.9,44,1000.23,6631482,389524.0,442167.0,986.2,1012.2,981.3,986.2,120327000,1084.8,887.6,1102.5,649.1,1008.9,353,2,1008.8,267,5,1008.7,1060,11,1008.6,1415,14,1008.5,2453,14,1009.1,159,4,1009.2,5,1,1009.3,335,5,1009.4,347,7,1009.5,672,13
317,2025-11-26 12:52:40+05:30,1009.1,1,1000.23,6631482,389524.0,442167.0,986.2,1012.2,981.3,986.2,120327000,1084.8,887.6,1102.5,649.1,1008.9,353,2,1008.8,267,5,1008.7,1060,11,1008.6,1415,14,1008.5,2453,14,1009.1,159,4,1009.2,5,1,1009.3,335,5,1009.4,347,7,1009.5,672,13
317,2025-11-26 12:52:41+05:30,1009.1,1,1000.23,6631568,389496.0,441705.0,986.2,1012.2,981.3,986.2,120327000,1084.8,887.6,1102.5,649.1,1008.9,403,3,1008.8,175,3,1008.7,1075,10,1008.6,731,14,1008.5,1751,16,1009.0,8,1,1009.1,107,3,1009.2,5,1,1009.3,191,5,1009.4,839,7
317,2025-11-26 12:52:42+05:30,1009.1,1,1000.23,6631568,389496.0,441705.0,986.2,1012.2,981.3,986.2,120327000,1084.8,887.6,1102.5,649.1,1008.9,403,3,1008.8,175,3,1008.7,1075,10,1008.6,731,14,1008.5,1751,16,1009.0,8,1,1009.1,107,3,1009.2,5,1,1009.3,191,5,1009.4,839,7
317,2025-11-26 12:52:44+05:30,1009.1,1,1000.23,6631568,389496.0,441705.0,986.2,1012.2,981.3,986.2,120327000,1084.8,887.6,1102.5,649.1,1008.9,403,3,1008.8,175,3,1008.7,1075,10,1008.6,731,14,1008.5,1751,16,1009.0,8,1,1009.1,107,3,1009.2,5,1,1009.3,191,5,1009.4,839,7
317,2025-11-26 12:52:44+05:30,1009.0,3,1000.23,6631568,389496.0,441705.0,986.2,1012.2,981.3,986.2,120327000,1084.8,887.6,1102.5,649.1,1008.9,403,3,1008.8,175,3,1008.7,1075,10,1008.6,731,14,1008.5,1751,16,1009.0,8,1,1009.1,107,3,1009.2,5,1,1009.3,191,5,1009.4,839,7
317,2025-11-26 12:52:44+05:30,1009.0,3,1000.23,6631568,389496.0,441705.0,986.2,1012.2,981.3,986.2,120327000,1084.8,887.6,1102.5,649.1,1008.9,403,3,1008.8,175,3,1008.7,1075,10,1008.6,731,14,1008.5,1751,16,1009.0,8,1,1009.1,107,3,1009.2,5,1,1009.3,191,5,1009.4,839,7
317,2025-11-26 12:52:45+05:30,1009.0,3,1000.23,6631568,389496.0,441705.0,986.2,1012.2,981.3,986.2,120327000,1084.8,887.6,1102.5,649.1,1008.9,403,3,1008.8,175,3,1008.7,1075,10,1008.6,731,14,1008.5,1751,16,1009.0,8,1,1009.1,107,3,1009.2,5,1,1009.3,191,5,1009.4,839,7
317,2025-11-26 12:52:45+05:30,1009.1,412,1000.23,6632512,388567.0,441891.0,986.2,1012.2,981.3,986.2,120327000,1084.8,887.6,1102.5,649.1,1009.1,2197,1,1008.9,250,2,1008.8,582,5,1008.7,433,5,1008.6,1184,15,1009.2,5,1,1009.3,51,4,1009.4,956,8,1009.5,569,13,1009.6,497,9
317,2025-11-26 12:52:46+05:30,1009.1,412,1000.23,6632512,388567.0,441891.0,986.2,1012.2,981.3,986.2,120327000,1084.8,887.6,1102.5,649.1,1009.1,2197,1,1008.9,250,2,1008.8,582,5,1008.7,433,5,1008.6,1184,15,1009.2,5,1,1009.3,51,4,1009.4,956,8,1009.5,569,13,1009.6,497,9
317,2025-11-26 12:52:46+05:30,1009.2,1,1000.23,6632512,388567.0,441891.0,986.2,1012.2,981.3,986.2,120327000,1084.8,887.6,1102.5,649.1,1009.1,2197,1,1008.9,250,2,1008.8,582,5,1008.7,433,5,1008.6,1184,15,1009.2,5,1,1009.3,51,4,1009.4,956,8,1009.5,569,13,1009.6,497,9
317,2025-11-26 12:52:46+05:30,1009.2,1,1000.23,6632512,388567.0,441891.0,986.2,1012.2,981.3,986.2,120327000,1084.8,887.6,1102.5,649.1,1009.1,2197,1,1008.9,250,2,1008.8,582,5,1008.7,433,5,1008.6,1184,15,1009.2,5,1,1009.3,51,4,1009.4,956,8,1009.5,569,13,1009.6,497,9
317,2025-11-26 12:52:47+05:30,1009.2,1,1000.23,6632512,388567.0,441891.0,986.2,1012.2,981.3,986.2,120327000,1084.8,887.6,1102.5,649.1,1009.1,2197,1,1008.9,250,2,1008.8,582,5,1008.7,433,5,1008.6,1184,15,1009.2,5,1,1009.3,51,4,1009.4,956,8,1009.5,569,13,1009.6,497,9
317,2025-11-26 12:52:47+05:30,1009.2,1,1000.23,6632512,388567.0,441891.0,986.2,1012.2,981.3,986.2,120351000,1084.8,887.6,1102.5,649.1,1009.1,2197,1,1008.9,250,2,1008.8,582,5,1008.7,433,5,1008.6,1184,15,1009.2,5,1,1009.3,51,4,1009.4,956,8,1009.5,569,13,1009.6,497,9
317,2025-11-26 12:52:48+05:30,1009.2,1,1000.23,6632512,388567.0,441891.0,986.2,1012.2,981.3,986.2,120351000,1084.8,887.6,1102.5,649.1,1009.1,2197,1,1008.9,250,2,1008.8,582,5,1008.7,433,5,1008.6,1184,15,1009.2,5,1,1009.3,51,4,1009.4,956,8,1009.5,569,13,1009.6,497,9
317,2025-11-26 12:52:48+05:30,1009.2,134,1000.23,6632512,388567.0,441891.0,986.2,1012.2,981.3,986.2,120351000,1084.8,887.6,1102.5,649.1,1009.1,2197,1,1008.9,250,2,1008.8,582,5,1008.7,433,5,1008.6,1184,15,1009.2,5,1,1009.3,51,4,1009.4,956,8,1009.5,569,13,1009.6,497,9
317,2025-11-26 12:52:48+05:30,1009.2,134,1000.23,6632512,388567.0,441891.0,986.2,1012.2,981.3,986.2,120351000,1084.8,887.6,1102.5,649.1,1009.1,2197,1,1008.9,250,2,1008.8,582,5,1008.7,433,5,1008.6,1184,15,1009.2,5,1,1009.3,51,4,1009.4,956,8,1009.5,569,13,1009.6,497,9
317,2025-11-26 12:52:49+05:30,1009.2,134,1000.23,6633355,387667.0,441397.0,986.2,1012.2,981.3,986.2,120351000,1084.8,887.6,1102.5,649.1,1009.1,1610,4,1008.9,247,1,1008.8,582,5,1008.7,636,11,1008.6,957,17,1009.2,89,2,1009.3,36,1,1009.4,953,9,1009.5,477,6,1009.6,694,14
317,2025-11-26 12:52:50+05:30,1009.2,1,1000.23,6633355,387667.0,441397.0,986.2,1012.2,981.3,986.2,120351000,1084.8,887.6,1102.5,649.1,1009.1,1610,4,1008.9,247,1,1008.8,582,5,1008.7,636,11,1008.6,957,17,1009.2,89,2,1009.3,36,1,1009.4,953,9,1009.5,477,6,1009.6,694,14
317,2025-11-26 12:52:52+05:30,1009.1,359,1000.23,6633355,387667.0,441397.0,986.2,1012.2,981.3,986.2,120351000,1084.8,887.6,1102.5,649.1,1009.1,1610,4,1008.9,247,1,1008.8,582,5,1008.7,636,11,1008.6,957,17,1009.2,89,2,1009.3,36,1,1009.4,953,9,1009.5,477,6,1009.6,694,14
317,2025-11-26 12:52:52+05:30,1009.2,5,1000.23,6633728,387331.0,442160.0,986.2,1012.2,981.3,986.2,120351000,1084.8,887.6,1102.5,649.1,1009.1,1250,4,1008.9,247,1,1008.8,284,4,1008.7,934,12,1008.6,978,17,1009.2,76,2,1009.3,123,2,1009.4,997,10,1009.5,507,9,1009.6,668,12
317,2025-11-26 12:52:54+05:30,1009.2,41,1000.23,6633728,387331.0,442160.0,986.2,1012.2,981.3,986.2,120351000,1084.8,887.6,1102.5,649.1,1009.1,1250,4,1008.9,247,1,1008.8,284,4,1008.7,934,12,1008.6,978,17,1009.2,76,2,1009.3,123,2,1009.4,997,10,1009.5,507,9,1009.6,668,12
317,2025-11-26 12:52:56+05:30,1009.3,3,1000.23,6633992,387638.0,442862.0,986.2,1012.2,981.3,986.2,120351000,1084.8,887.6,1102.5,649.1,1009.2,544,3,1009.1,1163,5,1008.9,355,2,1008.8,710,6,1008.7,1227,15,1009.3,11,1,1009.4,342,7,1009.5,1098,9,1009.6,664,14,1009.7,643,9
317,2025-11-26 12:52:56+05:30,1009.3,3,1000.23,6633992,387638.0,442862.0,986.2,1012.2,981.3,986.2,120351000,1084.8,887.6,1102.5,649.1,1009.2,544,3,1009.1,1163,5,1008.9,355,2,1008.8,710,6,1008.7,1227,15,1009.3,11,1,1009.4,342,7,1009.5,1098,9,1009.6,664,14,1009.7,643,9
317,2025-11-26 12:52:58+05:30,1009.2,2,1000.23,6633992,387638.0,442862.0,986.2,1012.2,981.3,986.2,120351000,1084.8,887.6,1102.5,649.1,1009.2,544,3,1009.1,1163,5,1008.9,355,2,1008.8,710,6,1008.7,1227,15,1009.3,11,1,1009.4,342,7,1009.5,1098,9,1009.6,664,14,1009.7,643,9
317,2025-11-26 12:52:59+05:30,1009.3,1,1000.23,6633998,387916.0,441590.0,986.2,1012.2,981.3,986.2,120351000,1084.8,887.6,1102.5,649.1,1009.2,557,3,1009.1,1147,3,1008.9,355,2,1008.8,866,8,1008.7,1270,18,1009.3,234,2,1009.4,322,7,1009.5,585,9,1009.6,925,7,1009.7,752,17
317,2025-11-26 12:53:00+05:30,1009.3,2,1000.23,6633998,387916.0,441590.0,986.2,1012.2,981.3,986.2,120351000,1084.8,887.6,1102.5,649.1,1009.2,557,3,1009.1,1147,3,1008.9,355,2,1008.8,866,8,1008.7,1270,18,1009.3,234,2,1009.4,322,7,1009.5,585,9,1009.6,925,7,1009.7,752,17
317,2025-11-26 12:53:02+05:30,1009.2,98,1000.23,6633998,387916.0,441590.0,986.2,1012.2,981.3,986.2,120351000,1084.8,887.6,1102.5,649.1,1009.2,557,3,1009.1,1147,3,1008.9,355,2,1008.8,866,8,1008.7,1270,18,1009.3,234,2,1009.4,322,7,1009.5,585,9,1009.6,925,7,1009.7,752,17
317,2025-11-26 12:53:03+05:30,1009.3,4,1000.23,6634243,387617.0,441544.0,986.2,1012.2,981.3,986.2,120351000,1084.8,887.6,1102.5,649.1,1009.2,530,3,1009.1,1147,3,1008.9,405,3,1008.8,864,8,1008.7,1499,20,1009.3,216,2,1009.4,334,7,1009.5,585,10,1009.6,875,7,1009.7,762,18
317,2025-11-26 12:53:04+05:30,1009.3,23,1000.23,6634243,387617.0,441544.0,986.2,1012.2,981.3,986.2,120351000,1084.8,887.6,1102.5,649.1,1009.2,530,3,1009.1,1147,3,1008.9,405,3,1008.8,864,8,1008.7,1499,20,1009.3,216,2,1009.4,334,7,1009.5,585,10,1009.6,875,7,1009.7,762,18
317,2025-11-26 12:53:06+05:30,1009.2,25,1000.23,6634243,387617.0,441544.0,986.2,1012.2,981.3,986.2,120351000,1084.8,887.6,1102.5,649.1,1009.2,530,3,1009.1,1147,3,1008.9,405,3,1008.8,864,8,1008.7,1499,20,1009.3,216,2,1009.4,334,7,1009.5,585,10,1009.6,875,7,1009.7,762,18
317,2025-11-26 12:53:06+05:30,1009.2,25,1000.23,6634324,387717.0,441267.0,986.2,1012.2,981.3,986.2,120351000,1084.8,887.6,1102.5,649.1,1009.2,475,3,1009.1,1147,3,1008.9,503,6,1008.8,1094,12,1008.7,1506,18,1009.3,190,2,1009.4,294,5,1009.5,391,6,1009.6,869,7,1009.7,802,19
317,2025-11-26 12:53:08+05:30,1009.2,8,1000.23,6634324,387717.0,441267.0,986.2,1012.2,981.3,986.2,120351000,1084.8,887.6,1102.5,649.1,1009.2,475,3,1009.1,1147,3,1008.9,503,6,1008.8,1094,12,1008.7,1506,18,1009.3,190,2,1009.4,294,5,1009.5,391,6,1009.6,869,7,1009.7,802,19
317,2025-11-26 12:53:10+05:30,1009.3,1,1000.23,6634324,387717.0,441267.0,986.2,1012.2,981.3,986.2,120351000,1084.8,887.6,1102.5,649.1,1009.2,475,3,1009.1,1147,3,1008.9,503,6,1008.8,1094,12,1008.7,1506,18,1009.3,190,2,1009.4,294,5,1009.5,391,6,1009.6,869,7,1009.7,802,19
317,2025-11-26 12:53:10+05:30,1009.3,1,1000.23,6634358,388307.0,440783.0,986.2,1012.2,981.3,986.2,120351000,1084.8,887.6,1102.5,649.1,1009.2,487,4,1009.1,1147,3,1008.9,824,10,1008.8,1274,14,1008.7,908,15,1009.3,164,2,1009.4,166,4,1009.5,381,5,1009.6,419,6,1009.7,741,17
317,2025-11-26 12:53:12+05:30,1009.2,70,1000.23,6634358,388307.0,440783.0,986.2,1012.2,981.3,986.2,120351000,1084.8,887.6,1102.5,649.1,1009.2,487,4,1009.1,1147,3,1008.9,824,10,1008.8,1274,14,1008.7,908,15,1009.3,164,2,1009.4,166,4,1009.5,381,5,1009.6,419,6,1009.7,741,17
317,2025-11-26 12:53:14+05:30,1009.3,3,1000.23,6634358,388307.0,440783.0,986.2,1012.2,981.3,986.2,120351000,1084.8,887.6,1102.5,649.1,1009.2,487,4,1009.1,1147,3,1008.9,824,10,1008.8,1274,14,1008.7,908,15,1009.3,164,2,1009.4,166,4,1009.5,381,5,1009.6,419,6,1009.7,741,17
317,2025-11-26 12:53:14+05:30,1009.3,3,1000.23,6634546,388119.0,441263.0,986.2,1012.2,981.3,986.2,120351000,1084.8,887.6,1102.5,649.1,1009.2,338,4,1009.1,1147,3,1008.9,597,7,1008.8,1385,19,1008.7,1401,12,1009.3,125,2,1009.4,295,6,1009.5,467,7,1009.6,465,7,1009.7,707,15
317,2025-11-26 12:53:16+05:30,1009.2,1,1000.23,6634546,388119.0,441263.0,986.2,1012.2,981.3,986.2,120351000,1084.8,887.6,1102.5,649.1,1009.2,338,4,1009.1,1147,3,1008.9,597,7,1008.8,1385,19,1008.7,1401,12,1009.3,125,2,1009.4,295,6,1009.5,467,7,1009.6,465,7,1009.7,707,15
317,2025-11-26 12:53:17+05:30,1009.5,69,1000.23,6635757,384092.0,439944.0,986.2,1012.2,981.3,986.2,120351000,1084.8,887.6,1102.5,649.1,1009.2,349,5,1009.1,54,2,1009.0,234,2,1008.9,860,12,1008.8,1169,15,1009.5,47,1,1009.6,622,8,1009.7,547,11,1009.8,641,15,1009.9,1210,10
317,2025-11-26 12:53:18+05:30,1009.6,97,1000.23,6635757,384092.0,439944.0,986.2,1012.2,981.3,986.2,120351000,1084.8,887.6,1102.5,649.1,1009.2,349,5,1009.1,54,2,1009.0,234,2,1008.9,860,12,1008.8,1169,15,1009.5,47,1,1009.6,622,8,1009.7,547,11,1009.8,641,15,1009.9,1210,10
317,2025-11-26 12:53:20+05:30,1009.3,1,1000.23,6635757,384092.0,439944.0,986.2,1012.2,981.3,986.2,120351000,1084.8,887.6,1102.5,649.1,1009.2,349,5,1009.1,54,2,1009.0,234,2,1008.9,860,12,1008.8,1169,15,1009.5,47,1,1009.6,622,8,1009.7,547,11,1009.8,641,15,1009.9,1210,10
317,2025-11-26 12:53:20+05:30,1009.3,90,1000.24,6637369,385691.0,440175.0,986.2,1012.2,981.3,986.2,120351000,1084.8,887.6,1102.5,649.1,1009.1,54,2,1009.0,681,4,1008.9,1242,13,1008.8,878,14,1008.7,1208,11,1009.3,20,1,1009.5,49,2,1009.6,643,4,1009.7,510,9,1009.8,553,9
317,2025-11-26 12:53:21+05:30,1009.3,175,1000.24,6637369,385691.0,440175.0,986.2,1012.2,981.3,986.2,120351000,1084.8,887.6,1102.5,649.1,1009.1,54,2,1009.0,681,4,1008.9,1242,13,1008.8,878,14,1008.7,1208,11,1009.3,20,1,1009.5,49,2,1009.6,643,4,1009.7,510,9,1009.8,553,9
317,2025-11-26 12:53:21+05:30,1009.3,175,1000.24,6637545,386429.0,442587.0,986.2,1012.2,981.3,986.2,120351000,1084.8,887.6,1102.5,649.1,1009.1,54,2,1009.0,126,1,1008.9,936,12,1008.8,878,14,1008.7,1442,11,1009.2,70,2,1009.3,28,1,1009.5,402,5,1009.6,796,6,1009.7,477,8
317,2025-11-26 12:53:22+05:30,1009.2,23,1000.24,6637578,386963.0,442529.0,986.2,1012.2,981.3,986.2,120351000,1084.8,887.6,1102.5,649.1,1009.1,54,2,1009.0,669,3,1008.9,1417,13,1008.8,1199,16,1008.7,1144,10,1009.2,37,1,1009.3,28,1,1009.5,402,5,1009.6,796,6,1009.7,477,8
317,2025-11-26 12:53:23+05:30,1009.2,4,1000.24,6637578,386963.0,442529.0,986.2,1012.2,981.3,986.2,120351000,1084.8,887.6,1102.5,649.1,1009.1,54,2,1009.0,669,3,1008.9,1417,13,1008.8,1199,16,1008.7,1144,10,1009.2,37,1,1009.3,28,1,1009.5,402,5,1009.6,796,6,1009.7,477,8
317,2025-11-26 12:53:23+05:30,1009.2,1,1000.24,6637587,386729.0,442371.0,986.2,1012.2,981.3,986.2,120351000,1084.8,887.6,1102.5,649.1,1009.1,54,2,1009.0,669,3,1008.9,927,11,1008.8,1251,18,1008.7,1144,10,1009.2,28,1,1009.3,28,1,1009.5,276,4,1009.6,799,7,1009.7,507,9
317,2025-11-26 12:53:24+05:30,1009.2,1,1000.24,6637587,386729.0,442371.0,986.2,1012.2,981.3,986.2,120351000,1084.8,887.6,1102.5,649.1,1009.1,54,2,1009.0,669,3,1008.9,927,11,1008.8,1251,18,1008.7,1144,10,1009.2,28,1,1009.3,28,1,1009.5,276,4,1009.6,799,7,1009.7,507,9
317,2025-11-26 12:53:24+05:30,1009.2,1,1000.24,6637587,387966.0,442412.0,986.2,1012.2,981.3,986.2,120351000,1084.8,887.6,1102.5,649.1,1009.1,54,2,1009.0,669,3,1008.9,927,11,1008.8,1434,14,1008.7,1506,15,1009.2,69,2,1009.3,528,2,1009.4,5,1,1009.5,402,5,1009.6,799,7
317,2025-11-26 12:53:25+05:30,1009.2,3,1000.24,6637587,387966.0,442412.0,986.2,1012.2,981.3,986.2,120351000,1084.8,887.6,1102.5,649.1,1009.1,54,2,1009.0,669,3,1008.9,927,11,1008.8,1434,14,1008.7,1506,15,1009.2,69,2,1009.3,528,2,1009.4,5,1,1009.5,402,5,1009.6,799,7
317,2025-11-26 12:53:25+05:30,1009.2,11,1000.24,6637614,388479.0,442412.0,986.2,1012.2,981.3,986.2,120351000,1084.8,887.6,1102.5,649.1,1009.1,54,2,1009.0,626,2,1008.9,927,11,1008.8,1489,15,1008.7,1521,16,1009.2,42,2,1009.3,528,2,1009.4,5,1,1009.5,429,6,1009.6,799,7
317,2025-11-26 12:53:26+05:30,1009.2,2,1000.24,6637614,388479.0,442412.0,986.2,1012.2,981.3,986.2,120351000,1084.8,887.6,1102.5,649.1,1009.1,54,2,1009.0,626,2,1008.9,927,11,1008.8,1489,15,1008.7,1521,16,1009.2,42,2,1009.3,528,2,1009.4,5,1,1009.5,429,6,1009.6,799,7
317,2025-11-26 12:53:26+05:30,1009.1,81,1000.24,6637923,388705.0,442948.0,986.2,1012.2,981.3,986.2,120351000,1084.8,887.6,1102.5,649.1,1009.0,500,1,1008.9,510,7,1008.8,861,12,1008.7,1507,17,1008.6,1001,8,1009.1,66,1,1009.2,39,1,1009.3,528,2,1009.4,131,2,1009.5,479,5
317,2025-11-26 12:53:27+05:30,1009.1,81,1000.24,6637923,388705.0,442948.0,986.2,1012.2,981.3,986.2,120351000,1084.8,887.6,1102.5,649.1,1009.0,500,1,1008.9,510,7,1008.8,861,12,1008.7,1507,17,1008.6,1001,8,1009.1,66,1,1009.2,39,1,1009.3,528,2,1009.4,131,2,1009.5,479,5
317,2025-11-26 12:53:27+05:30,1009.1,81,1000.24,6637923,388696.0,442981.0,986.2,1012.2,981.3,986.2,120351000,1084.8,887.6,1102.5,649.1,1009.0,500,1,1008.9,510,7,1008.8,861,12,1008.7,1536,18,1008.6,963,8,1009.1,66,1,1009.2,39,1,1009.3,528,2,1009.4,131,2,1009.5,483,6
317,2025-11-26 12:53:28+05:30,1009.1,81,1000.24,6637923,388870.0,442973.0,986.2,1012.2,981.3,986.2,120351000,1084.8,887.6,1102.5,649.1,1009.0,500,1,1008.9,1086,9,1008.8,861,12,1008.7,1561,19,1008.6,585,8,1009.1,66,1,1009.2,39,1,1009.3,528,2,1009.4,131,2,1009.5,483,6
317,2025-11-26 12:53:29+05:30,1009.1,247,1000.24,6637923,388870.0,442973.0,986.2,1012.2,981.3,986.2,120351000,1084.8,887.6,1102.5,649.1,1009.0,500,1,1008.9,1086,9,1008.8,861,12,1008.7,1561,19,1008.6,585,8,1009.1,66,1,1009.2,39,1,1009.3,528,2,1009.4,131,2,1009.5,483,6
317,2025-11-26 12:53:29+05:30,1009.1,1,1000.24,6638171,388749.0,442803.0,986.2,1012.2,981.3,986.2,120351000,1084.8,887.6,1102.5,649.1,1009.0,500,1,1008.9,965,9,1008.8,848,11,1008.7,1574,20,1008.6,585,8,1009.1,34,1,1009.2,39,1,1009.3,528,2,1009.4,5,1,1009.5,199,4
317,2025-11-26 12:53:30+05:30,1009.1,24,1000.24,6638171,388749.0,442803.0,986.2,1012.2,981.3,986.2,120351000,1084.8,887.6,1102.5,649.1,1009.0,500,1,1008.9,965,9,1008.8,848,11,1008.7,1574,20,1008.6,585,8,1009.1,34,1,1009.2,39,1,1009.3,528,2,1009.4,5,1,1009.5,199,4
317,2025-11-26 12:53:30+05:30,1009.2,1,1000.24,6638206,388034.0,443037.0,986.2,1012.2,981.3,986.2,120351000,1084.8,887.6,1102.5,649.1,1009.1,18,1,1009.0,500,1,1008.9,965,9,1008.8,877,12,1008.7,1520,18,1009.2,38,1,1009.3,528,2,1009.4,5,1,1009.5,277,4,1009.6,838,8
317,2025-11-26 12:53:31+05:30,1009.1,8,1000.24,6638206,388034.0,443037.0,986.2,1012.2,981.3,986.2,120351000,1084.8,887.6,1102.5,649.1,1009.1,18,1,1009.0,500,1,1008.9,965,9,1008.8,877,12,1008.7,1520,18,1009.2,38,1,1009.3,528,2,1009.4,5,1,1009.5,277,4,1009.6,838,8
317,2025-11-26 12:53:31+05:30,1009.1,10,1000.24,6638224,387980.0,443172.0,986.2,1012.2,981.3,986.2,120351000,1084.8,887.6,1102.5,649.1,1009.0,500,1,1008.9,882,8,1008.8,848,11,1008.7,1569,20,1008.6,585,8,1009.1,4,1,1009.2,38,1,1009.3,528,2,1009.4,130,3,1009.5,521,8
317,2025-11-26 12:53:32+05:30,1009.1,10,1000.24,6638224,387980.0,443172.0,986.2,1012.2,981.3,986.2,120351000,1084.8,887.6,1102.5,649.1,1009.0,500,1,1008.9,882,8,1008.8,848,11,1008.7,1569,20,1008.6,585,8,1009.1,4,1,1009.2,38,1,1009.3,528,2,1009.4,130,3,1009.5,521,8
317,2025-11-26 12:53:32+05:30,1009.0,53,1000.24,6638277,388371.0,443247.0,986.2,1012.2,981.3,986.2,120351000,1084.8,887.6,1102.5,649.1,1009.0,447,1,1008.9,313,6,1008.8,886,12,1008.7,1222,17,1008.6,1458,10,1009.1,4,1,1009.2,40,2,1009.3,528,2,1009.4,256,4,1009.5,529,8
317,2025-11-26 12:53:33+05:30,1009.1,22,1000.24,6638277,388371.0,443247.0,986.2,1012.2,981.3,986.2,120351000,1084.8,887.6,1102.5,649.1,1009.0,447,1,1008.9,313,6,1008.8,886,12,1008.7,1222,17,1008.6,1458,10,1009.1,4,1,1009.2,40,2,1009.3,528,2,1009.4,256,4,1009.5,529,8
317,2025-11-26 12:53:33+05:30,1009.1,14,1000.24,6638322,389536.0,443246.0,986.2,1012.2,981.3,986.2,120351000,1084.8,887.6,1102.5,649.1,1009.0,795,7,1008.9,312,6,1008.8,1625,12,1008.7,2045,18,1008.6,585,8,1009.1,14,1,1009.2,40,2,1009.3,528,2,1009.4,5,1,1009.5,333,5
317,2025-11-26 12:53:34+05:30,1009.1,14,1000.24,6638322,389536.0,443246.0,986.2,1012.2,981.3,986.2,120351000,1084.8,887.6,1102.5,649.1,1009.0,795,7,1008.9,312,6,1008.8,1625,12,1008.7,2045,18,1008.6,585,8,1009.1,14,1,1009.2,40,2,1009.3,528,2,1009.4,5,1,1009.5,333,5
317,2025-11-26 12:53:34+05:30,1009.1,79,1000.24,6638401,389413.0,443054.0,986.2,1012.2,981.3,986.2,120351000,1084.8,887.6,1102.5,649.1,1009.1,33,1,1009.0,648,4,1008.9,342,7,1008.8,1682,15,1008.7,2014,17,1009.2,40,2,1009.3,528,2,1009.4,5,1,1009.5,220,4,1009.6,397,7
317,2025-11-26 12:53:35+05:30,1009.2,2,1000.24,6638401,389413.0,443054.0,986.2,1012.2,981.3,986.2,120351000,1084.8,887.6,1102.5,649.1,1009.1,33,1,1009.0,648,4,1008.9,342,7,1008.8,1682,15,1008.7,2014,17,1009.2,40,2,1009.3,528,2,1009.4,5,1,1009.5,220,4,1009.6,397,7
317,2025-11-26 12:53:35+05:30,1009.2,2,1000.24,6638411,389384.0,442920.0,986.2,1012.2,981.3,986.2,120351000,1084.8,887.6,1102.5,649.1,1009.1,32,1,1009.0,696,5,1008.9,342,7,1008.8,1095,13,1008.7,1264,16,1009.2,31,2,1009.3,528,2,1009.4,5,1,1009.5,680,4,1009.6,397,7
317,2025-11-26 12:53:36+05:30,1009.2,2,1000.24,6638411,389384.0,442920.0,986.2,1012.2,981.3,986.2,120351000,1084.8,887.6,1102.5,649.1,1009.1,32,1,1009.0,696,5,1008.9,342,7,1008.8,1095,13,1008.7,1264,16,1009.2,31,2,1009.3,528,2,1009.4,5,1,1009.5,680,4,1009.6,397,7
317,2025-11-26 12:53:36+05:30,1009.2,1,1000.24,6638412,389678.0,442900.0,986.2,1012.2,981.3,986.2,120351000,1084.8,887.6,1102.5,649.1,1009.1,32,1,1009.0,778,6,1008.9,480,8,1008.8,1095,13,1008.7,1264,16,1009.2,30,2,1009.3,561,3,1009.4,5,1,1009.5,680,4,1009.6,333,6
317,2025-11-26 12:53:37+05:30,1009.2,1,1000.24,6638412,389678.0,442900.0,986.2,1012.2,981.3,986.2,120351000,1084.8,887.6,1102.5,649.1,1009.1,32,1,1009.0,778,6,1008.9,480,8,1008.8,1095,13,1008.7,1264,16,1009.2,30,2,1009.3,561,3,1009.4,5,1,1009.5,680,4,1009.6,333,6
317,2025-11-26 12:53:37+05:30,1009.1,1,1000.24,6638413,389486.0,442950.0,986.2,1012.2,981.3,986.2,120351000,1084.8,887.6,1102.5,649.1,1009.1,44,2,1009.0,580,4,1008.9,480,8,1008.8,1064,12,1008.7,1264,16,1009.2,30,2,1009.3,561,3,1009.4,5,1,1009.5,680,4,1009.6,333,6
317,2025-11-26 12:53:38+05:30,1009.2,107,1000.24,6638413,389486.0,442950.0,986.2,1012.2,981.3,986.2,120351000,1084.8,887.6,1102.5,649.1,1009.1,44,2,1009.0,580,4,1008.9,480,8,1008.8,1064,12,1008.7,1264,16,1009.2,30,2,1009.3,561,3,1009.4,5,1,1009.5,680,4,1009.6,333,6
317,2025-11-26 12:53:38+05:30,1009.2,107,1000.24,6638550,389399.0,442124.0,986.2,1012.2,981.3,986.2,120351000,1084.8,887.6,1102.5,649.1,1009.2,1,1,1009.1,154,4,1009.0,845,8,1008.9,516,7,1008.8,1664,14,1009.3,561,3,1009.5,1,1,1009.6,821,5,1009.7,477,8,1009.8,875,9
317,2025-11-26 12:53:39+05:30,1009.3,3,1000.24,6638550,389399.0,442124.0,986.2,1012.2,981.3,986.2,120351000,1084.8,887.6,1102.5,649.1,1009.2,1,1,1009.1,154,4,1009.0,845,8,1008.9,516,7,1008.8,1664,14,1009.3,561,3,1009.5,1,1,1009.6,821,5,1009.7,477,8,1009.8,875,9
317,2025-11-26 12:53:39+05:30,1009.0,60,1000.24,6639371,389410.0,442265.0,986.2,1012.2,981.3,986.2,120351000,1084.8,887.6,1102.5,649.1,1009.0,837,6,1008.9,1241,11,1008.8,1116,12,1008.7,1277,17,1008.6,1320,11,1009.3,530,2,1009.6,924,7,1009.7,477,8,1009.8,879,10,1009.9,996,18
317,2025-11-26 12:53:40+05:30,1009.3,1,1000.24,6639371,389410.0,442265.0,986.2,1012.2,981.3,986.2,120351000,1084.8,887.6,1102.5,649.1,1009.0,837,6,1008.9,1241,11,1008.8,1116,12,1008.7,1277,17,1008.6,1320,11,1009.3,530,2,1009.6,924,7,1009.7,477,8,1009.8,879,10,1009.9,996,18
317,2025-11-26 12:53:40+05:30,1009.3,1,1000.24,6639372,388967.0,442382.0,986.2,1012.2,981.3,986.2,120351000,1084.8,887.6,1102.5,649.1,1009.0,806,6,1008.9,700,10,1008.8,1103,11,1008.7,1290,18,1008.6,1320,11,1009.3,530,3,1009.6,891,7,1009.7,484,8,1009.8,1204,12,1009.9,698,17
317,2025-11-26 12:53:41+05:30,1009.3,2,1000.24,6639372,388967.0,442382.0,986.2,1012.2,981.3,986.2,120351000,1084.8,887.6,1102.5,649.1,1009.0,806,6,1008.9,700,10,1008.8,1103,11,1008.7,1290,18,1008.6,1320,11,1009.3,530,3,1009.6,891,7,1009.7,484,8,1009.8,1204,12,1009.9,698,17
317,2025-11-26 12:53:41+05:30,1009.3,2,1000.24,6639374,391552.0,443708.0,986.2,1012.2,981.3,986.2,120351000,1084.8,887.6,1102.5,649.1,1009.0,574,3,1008.9,622,9,1008.8,1038,10,1008.7,1674,19,1008.6,1436,11,1009.1,54,1,1009.2,172,1,1009.3,528,3,1009.6,940,8,1009.7,479,7
317,2025-11-26 12:53:42+05:30,1009.1,23,1000.24,6639407,391615.0,443667.0,986.2,1012.2,981.3,986.2,120351000,1084.8,887.6,1102.5,649.1,1009.0,574,3,1008.9,1175,10,1008.8,1038,10,1008.7,1180,18,1008.6,1436,11,1009.1,21,1,1009.2,172,1,1009.3,528,3,1009.5,131,2,1009.6,940,8
317,2025-11-26 12:53:43+05:30,1009.1,23,1000.24,6639407,391615.0,443667.0,986.2,1012.2,981.3,986.2,120351000,1084.8,887.6,1102.5,649.1,1009.0,574,3,1008.9,1175,10,1008.8,1038,10,1008.7,1180,18,1008.6,1436,11,1009.1,21,1,1009.2,172,1,1009.3,528,3,1009.5,131,2,1009.6,940,8
317,2025-11-26 12:53:43+05:30,1009.0,79,1000.24,6639486,392052.0,443749.0,986.2,1012.2,981.3,986.2,120351000,1084.8,887.6,1102.5,649.1,1009.0,602,5,1008.9,1059,8,1008.8,1096,11,1008.7,1180,18,1008.6,1466,12,1009.1,21,1,1009.2,172,1,1009.3,528,3,1009.5,131,2,1009.6,442,7
317,2025-11-26 12:53:44+05:30,1009.1,2,1000.24,6639486,392052.0,443749.0,986.2,1012.2,981.3,986.2,120351000,1084.8,887.6,1102.5,649.1,1009.0,602,5,1008.9,1059,8,1008.8,1096,11,1008.7,1180,18,1008.6,1466,12,1009.1,21,1,1009.2,172,1,1009.3,528,3,1009.5,131,2,1009.6,442,7
317,2025-11-26 12:53:44+05:30,1009.1,2,1000.24,6639488,392052.0,443753.0,986.2,1012.2,981.3,986.2,120351000,1084.8,887.6,1102.5,649.1,1009.0,544,4,1008.9,1117,9,1008.8,1096,11,1008.7,1180,18,1008.6,1466,12,1009.1,19,1,1009.2,172,1,1009.3,528,3,1009.5,131,2,1009.6,442,7
317,2025-11-26 12:53:45+05:30,1009.1,2,1000.24,6639488,392052.0,443753.0,986.2,1012.2,981.3,986.2,120351000,1084.8,887.6,1102.5,649.1,1009.0,544,4,1008.9,1117,9,1008.8,1096,11,1008.7,1180,18,1008.6,1466,12,1009.1,19,1,1009.2,172,1,1009.3,528,3,1009.5,131,2,1009.6,442,7
317,2025-11-26 12:53:46+05:30,1009.1,1,1000.24,6639491,392035.0,443864.0,986.2,1012.2,981.3,986.2,120351000,1084.8,887.6,1102.5,649.1,1009.0,482,3,1008.9,1117,9,1008.8,1096,11,1008.7,1180,18,1008.6,1466,12,1009.1,16,1,1009.2,206,2,1009.3,495,2,1009.5,245,3,1009.6,442,7
317,2025-11-26 12:53:46+05:30,1009.1,1,1000.24,6639491,392035.0,443864.0,986.2,1012.2,981.3,986.2,120351000,1084.8,887.6,1102.5,649.1,1009.0,482,3,1008.9,1117,9,1008.8,1096,11,1008.7,1180,18,1008.6,1466,12,1009.1,16,1,1009.2,206,2,1009.3,495,2,1009.5,245,3,1009.6,442,7
317,2025-11-26 12:53:47+05:30,1009.0,12,1000.24,6639985,389817.0,443745.0,986.2,1012.2,981.3,986.2,120351000,1084.8,887.6,1102.5,649.1,1009.0,614,2,1008.9,1117,9,1008.8,798,10,1008.7,1457,18,1008.6,1340,11,1009.2,206,2,1009.3,495,2,1009.5,245,3,1009.6,442,7,1009.7,1039,9
317,2025-11-26 12:53:47+05:30,1009.0,12,1000.24,6639985,389817.0,443745.0,986.2,1012.2,981.3,986.2,120351000,1084.8,887.6,1102.5,649.1,1009.0,614,2,1008.9,1117,9,1008.8,798,10,1008.7,1457,18,1008.6,1340,11,1009.2,206,2,1009.3,495,2,1009.5,245,3,1009.6,442,7,1009.7,1039,9
317,2025-11-26 12:53:48+05:30,1009.0,10,1000.24,6639996,389859.0,443762.0,986.2,1012.2,981.3,986.2,120351000,1084.8,887.6,1102.5,649.1,1009.0,604,2,1008.9,1117,9,1008.8,823,11,1008.7,1482,19,1008.6,1340,11,1009.2,205,2,1009.3,495,2,1009.5,245,3,1009.6,460,6,1009.7,1039,9
317,2025-11-26 12:53:48+05:30,1009.0,10,1000.24,6639996,389859.0,443762.0,986.2,1012.2,981.3,986.2,120351000,1084.8,887.6,1102.5,649.1,1009.0,604,2,1008.9,1117,9,1008.8,823,11,1008.7,1482,19,1008.6,1340,11,1009.2,205,2,1009.3,495,2,1009.5,245,3,1009.6,460,6,1009.7,1039,9
317,2025-11-26 12:53:49+05:30,1009.3,427,1000.24,6640746,389359.0,442134.0,986.2,1012.2,981.3,986.2,120351000,1084.8,887.6,1102.5,649.1,1009.0,662,3,1008.9,1256,11,1008.8,1102,10,1008.7,1114,17,1008.6,1340,11,1009.3,68,2,1009.5,39,3,1009.6,482,6,1009.7,1035,8,1009.8,918,13
317,2025-11-26 12:53:49+05:30,1009.3,427,1000.24,6640746,389359.0,442134.0,986.2,1012.2,981.3,986.2,120351000,1084.8,887.6,1102.5,649.1,1009.0,662,3,1008.9,1256,11,1008.8,1102,10,1008.7,1114,17,1008.6,1340,11,1009.3,68,2,1009.5,39,3,1009.6,482,6,1009.7,1035,8,1009.8,918,13
317,2025-11-26 12:53:50+05:30,1009.4,228,1000.24,6641042,387275.0,441173.0,986.2,1012.2,981.3,986.2,120351000,1084.8,887.6,1102.5,649.1,1009.0,1081,3,1008.9,1048,11,1008.8,798,10,1008.7,1346,19,1008.6,1294,11,1009.4,87,1,1009.5,47,2,1009.6,284,4,1009.7,611,9,1009.8,515,11
317,2025-11-26 12:53:50+05:30,1009.4,228,1000.24,6641042,387275.0,441173.0,986.2,1012.2,981.3,986.2,120351000,1084.8,887.6,1102.5,649.1,1009.0,1081,3,1008.9,1048,11,1008.8,798,10,1008.7,1346,19,1008.6,1294,11,1009.4,87,1,1009.5,47,2,1009.6,284,4,1009.7,611,9,1009.8,515,11
317,2025-11-26 12:53:51+05:30,1009.2,8,1000.24,6641320,390002.0,442789.0,986.2,1012.2,981.3,986.2,120351000,1084.8,887.6,1102.5,649.1,1009.0,656,3,1008.9,650,10,1008.8,998,9,1008.7,1892,18,1008.6,2773,13,1009.2,87,1,1009.5,1,1,1009.6,328,2,1009.7,805,5,1009.8,923,11
317,2025-11-26 12:53:51+05:30,1009.2,8,1000.24,6641320,390002.0,442789.0,986.2,1012.2,981.3,986.2,120351000,1084.8,887.6,1102.5,649.1,1009.0,656,3,1008.9,650,10,1008.8,998,9,1008.7,1892,18,1008.6,2773,13,1009.2,87,1,1009.5,1,1,1009.6,328,2,1009.7,805,5,1009.8,923,11
317,2025-11-26 12:53:52+05:30,1009.1,39,1000.24,6641545,393281.0,442287.0,986.2,1012.2,981.3,986.2,120351000,1084.8,887.6,1102.5,649.1,1009.0,829,5,1008.9,1369,11,1008.8,697,9,1008.7,1992,17,1008.6,2861,13,1009.1,39,1,1009.3,2,1,1009.4,87,1,1009.5,157,2,1009.6,328,4
317,2025-11-26 12:53:52+05:30,1009.1,39,1000.24,6641545,393281.0,442287.0,986.2,1012.2,981.3,986.2,120351000,1084.8,887.6,1102.5,649.1,1009.0,829,5,1008.9,1369,11,1008.8,697,9,1008.7,1992,17,1008.6,2861,13,1009.1,39,1,1009.3,2,1,1009.4,87,1,1009.5,157,2,1009.6,328,4
317,2025-11-26 12:53:53+05:30,1009.1,5,1000.24,6641652,393873.0,444086.0,986.2,1012.2,981.3,986.2,120351000,1084.8,887.6,1102.5,649.1,1009.0,859,7,1008.9,570,9,1008.8,969,8,1008.7,2011,17,1008.6,3730,19,1009.1,30,1,1009.3,2,1,1009.4,87,1,1009.5,236,2,1009.6,328,4
317,2025-11-26 12:53:53+05:30,1009.1,23,1000.24,6641652,393873.0,444086.0,986.2,1012.2,981.3,986.2,120351000,1084.8,887.6,1102.5,649.1,1009.0,859,7,1008.9,570,9,1008.8,969,8,1008.7,2011,17,1008.6,3730,19,1009.1,30,1,1009.3,2,1,1009.4,87,1,1009.5,236,2,1009.6,328,4
317,2025-11-26 12:53:54+05:30,1009.1,23,1000.24,6641675,393935.0,444092.0,986.2,1012.2,981.3,986.2,120351000,1084.8,887.6,1102.5,649.1,1009.0,928,8,1008.9,570,9,1008.8,969,8,1008.7,2047,18,1008.6,3730,19,1009.1,7,1,1009.3,3,2,1009.4,87,1,1009.5,236,2,1009.6,328,4
317,2025-11-26 12:53:54+05:30,1009.1,112,1000.24,6641675,393935.0,444092.0,986.2,1012.2,981.3,986.2,120351000,1084.8,887.6,1102.5,649.1,1009.0,928,8,1008.9,570,9,1008.8,969,8,1008.7,2047,18,1008.6,3730,19,1009.1,7,1,1009.3,3,2,1009.4,87,1,1009.5,236,2,1009.6,328,4
317,2025-11-26 12:53:55+05:30,1009.1,112,1000.24,6641787,394767.0,444419.0,986.2,1012.2,981.3,986.2,120351000,1084.8,887.6,1102.5,649.1,1009.0,928,8,1008.9,1097,10,1008.8,1203,10,1008.7,2103,18,1008.6,3745,20,1009.1,39,1,1009.3,3,2,1009.4,87,1,1009.5,236,2,1009.6,281,3
317,2025-11-26 12:53:55+05:30,1009.1,2,1000.24,6641787,394767.0,444419.0,986.2,1012.2,981.3,986.2,120351000,1084.8,887.6,1102.5,649.1,1009.0,928,8,1008.9,1097,10,1008.8,1203,10,1008.7,2103,18,1008.6,3745,20,1009.1,39,1,1009.3,3,2,1009.4,87,1,1009.5,236,2,1009.6,281,3
317,2025-11-26 12:53:56+05:30,1009.1,2,1000.24,6641905,394051.0,444360.0,986.2,1012.2,981.3,986.2,120351000,1084.8,887.6,1102.5,649.1,1009.0,819,8,1008.9,570,9,1008.8,905,9,1008.7,2401,19,1008.6,3745,20,1009.1,6,1,1009.3,3,2,1009.4,87,1,1009.5,241,4,1009.6,281,3
317,2025-11-26 12:53:56+05:30,1009.1,1,1000.24,6641905,394051.0,444360.0,986.2,1012.2,981.3,986.2,120351000,1084.8,887.6,1102.5,649.1,1009.0,819,8,1008.9,570,9,1008.8,905,9,1008.7,2401,19,1008.6,3745,20,1009.1,6,1,1009.3,3,2,1009.4,87,1,1009.5,241,4,1009.6,281,3
317,2025-11-26 12:53:57+05:30,1009.4,11,1000.24,6642001,391432.0,441566.0,986.2,1012.2,981.3,986.2,120351000,1084.8,887.6,1102.5,649.1,1009.1,576,2,1009.0,971,11,1008.9,930,10,1008.8,1255,15,1008.7,2081,17,1009.5,1,1,1009.7,467,6,1009.8,575,11,1009.9,648,14,1010.0,4939,27
317,2025-11-26 12:53:57+05:30,1009.4,11,1000.24,6642001,391432.0,441566.0,986.2,1012.2,981.3,986.2,120351000,1084.8,887.6,1102.5,649.1,1009.1,576,2,1009.0,971,11,1008.9,930,10,1008.8,1255,15,1008.7,2081,17,1009.5,1,1,1009.7,467,6,1009.8,575,11,1009.9,648,14,1010.0,4939,27
317,2025-11-26 12:53:58+05:30,1009.4,11,1000.24,6642001,391714.0,442031.0,986.2,1012.2,981.3,986.2,120351000,1084.8,887.6,1102.5,649.1,1009.3,5,1,1009.2,207,2,1009.1,765,5,1009.0,854,8,1008.9,1034,12,1009.5,107,2,1009.6,1,1,1009.7,517,7,1009.8,519,11,1009.9,648,14
317,2025-11-26 12:53:59+05:30,1009.4,11,1000.24,6642001,391506.0,442065.0,986.2,1012.2,981.3,986.2,120351000,1084.8,887.6,1102.5,649.1,1009.3,22,2,1009.2,5,1,1009.1,765,5,1009.0,837,7,1008.9,1034,12,1009.5,107,2,1009.6,1,1,1009.7,522,8,1009.8,519,11,1009.9,648,14
317,2025-11-26 12:54:00+05:30,1009.4,11,1000.24,6642001,391823.0,441846.0,986.2,1012.2,981.3,986.2,120351000,1084.8,887.6,1102.5,649.1,1009.3,22,2,1009.2,5,1,1009.1,765,5,1009.0,837,7,1008.9,1034,12,1009.4,65,1,1009.5,108,3,1009.6,105,3,1009.7,418,6,1009.8,532,12
317,2025-11-26 12:54:00+05:30,1009.4,1,1000.24,6642001,391823.0,441846.0,986.2,1012.2,981.3,986.2,120351000,1084.8,887.6,1102.5,649.1,1009.3,22,2,1009.2,5,1,1009.1,765,5,1009.0,837,7,1008.9,1034,12,1009.4,65,1,1009.5,108,3,1009.6,105,3,1009.7,418,6,1009.8,532,12
317,2025-11-26 12:54:01+05:30,1009.3,3,1000.24,6642012,391603.0,441997.0,986.2,1012.2,981.3,986.2,120351000,1084.8,887.6,1102.5,649.1,1009.3,27,2,1009.2,10,2,1009.1,752,4,1009.0,635,6,1008.9,1034,12,1009.4,62,1,1009.5,107,2,1009.6,11,2,1009.7,563,11,1009.8,532,12
317,2025-11-26 12:54:01+05:30,1009.3,3,1000.24,6642012,391603.0,441997.0,986.2,1012.2,981.3,986.2,120351000,1084.8,887.6,1102.5,649.1,1009.3,27,2,1009.2,10,2,1009.1,752,4,1009.0,635,6,1008.9,1034,12,1009.4,62,1,1009.5,107,2,1009.6,11,2,1009.7,563,11,1009.8,532,12
317,2025-11-26 12:54:02+05:30,1009.3,145,1000.24,6642184,391442.0,443003.0,986.2,1012.2,981.3,986.2,120351000,1084.8,887.6,1102.5,649.1,1009.2,5,1,1009.0,943,4,1008.9,679,10,1008.8,1802,13,1008.7,1884,14,1009.3,29,1,1009.4,62,1,1009.5,49,3,1009.6,442,6,1009.7,988,10
317,2025-11-26 12:54:02+05:30,1009.3,145,1000.24,6642184,391442.0,443003.0,986.2,1012.2,981.3,986.2,120351000,1084.8,887.6,1102.5,649.1,1009.2,5,1,1009.0,943,4,1008.9,679,10,1008.8,1802,13,1008.7,1884,14,1009.3,29,1,1009.4,62,1,1009.5,49,3,1009.6,442,6,1009.7,988,10
317,2025-11-26 12:54:03+05:30,1009.3,23,1000.24,6642215,391611.0,443031.0,986.2,1012.2,981.3,986.2,120351000,1084.8,887.6,1102.5,649.1,1009.2,5,1,1009.1,561,1,1009.0,533,5,1008.9,731,12,1008.8,1866,15,1009.3,29,1,1009.4,114,2,1009.5,6,2,1009.6,384,5,1009.7,991,8
317,2025-11-26 12:54:03+05:30,1009.3,23,1000.24,6642215,391611.0,443031.0,986.2,1012.2,981.3,986.2,120351000,1084.8,887.6,1102.5,649.1,1009.2,5,1,1009.1,561,1,1009.0,533,5,1008.9,731,12,1008.8,1866,15,1009.3,29,1,1009.4,114,2,1009.5,6,2,1009.6,384,5,1009.7,991,8
317,2025-11-26 12:54:04+05:30,1009.3,23,1000.24,6642215,391572.0,443136.0,986.2,1012.2,981.3,986.2,120351000,1084.8,887.6,1102.5,649.1,1009.2,5,1,1009.1,561,1,1009.0,868,5,1008.9,692,12,1008.8,1866,15,1009.3,29,1,1009.4,114,2,1009.5,6,2,1009.6,435,6,1009.7,472,7
317,2025-11-26 12:54:05+05:30,1009.3,23,1000.24,6642215,391607.0,443164.0,986.2,1012.2,981.3,986.2,120351000,1084.8,887.6,1102.5,649.1,1009.2,5,1,1009.1,561,1,1009.0,868,5,1008.9,727,12,1008.8,1866,15,1009.3,29,1,1009.4,114,2,1009.5,6,2,1009.6,435,6,1009.7,472,7
317,2025-11-26 12:54:05+05:30,1009.3,1,1000.24,6642215,391607.0,443164.0,986.2,1012.2,981.3,986.2,120351000,1084.8,887.6,1102.5,649.1,1009.2,5,1,1009.1,561,1,1009.0,868,5,1008.9,727,12,1008.8,1866,15,1009.3,29,1,1009.4,114,2,1009.5,6,2,1009.6,435,6,1009.7,472,7
317,2025-11-26 12:54:06+05:30,1009.3,1,1000.24,6642229,390348.0,443483.0,986.2,1012.2,981.3,986.2,120351000,1084.8,887.6,1102.5,649.1,1009.0,821,4,1008.9,1221,13,1008.8,1235,13,1008.7,2042,16,1008.6,2235,18,1009.3,25,1,1009.4,114,2,1009.5,6,2,1009.6,1038,9,1009.7,472,7
317,2025-11-26 12:54:06+05:30,1009.3,1,1000.24,6642229,390348.0,443483.0,986.2,1012.2,981.3,986.2,120351000,1084.8,887.6,1102.5,649.1,1009.0,821,4,1008.9,1221,13,1008.8,1235,13,1008.7,2042,16,1008.6,2235,18,1009.3,25,1,1009.4,114,2,1009.5,6,2,1009.6,1038,9,1009.7,472,7
317,2025-11-26 12:54:07+05:30,1009.0,83,1000.24,6642312,389805.0,443447.0,986.2,1012.2,981.3,986.2,120351000,1084.8,887.6,1102.5,649.1,1009.0,1545,9,1008.9,664,10,1008.8,1193,12,1008.7,2006,15,1008.6,2235,18,1009.4,114,2,1009.5,16,3,1009.6,547,8,1009.7,947,8,1009.8,864,13
317,2025-11-26 12:54:07+05:30,1009.0,83,1000.24,6642312,389805.0,443447.0,986.2,1012.2,981.3,986.2,120351000,1084.8,887.6,1102.5,649.1,1009.0,1545,9,1008.9,664,10,1008.8,1193,12,1008.7,2006,15,1008.6,2235,18,1009.4,114,2,1009.5,16,3,1009.6,547,8,1009.7,947,8,1009.8,864,13
317,2025-11-26 12:54:08+05:30,1009.4,15,1000.24,6642327,389884.0,443529.0,986.2,1012.2,981.3,986.2,120351000,1084.8,887.6,1102.5,649.1,1009.0,1566,10,1008.9,664,10,1008.8,1193,12,1008.7,2035,16,1008.6,2264,19,1009.4,99,2,1009.5,16,3,1009.6,547,8,1009.7,947,8,1009.8,887,14
317,2025-11-26 12:54:08+05:30,1009.4,15,1000.24,6642327,389884.0,443529.0,986.2,1012.2,981.3,986.2,120351000,1084.8,887.6,1102.5,649.1,1009.0,1566,10,1008.9,664,10,1008.8,1193,12,1008.7,2035,16,1008.6,2264,19,1009.4,99,2,1009.5,16,3,1009.6,547,8,1009.7,947,8,1009.8,887,14
317,2025-11-26 12:54:08+05:30,1009.4,15,1000.24,6642327,389884.0,443529.0,986.2,1012.2,981.3,986.2,120351000,1084.8,887.6,1102.5,649.1,1009.0,1566,10,1008.9,664,10,1008.8,1193,12,1008.7,2035,16,1008.6,2264,19,1009.4,99,2,1009.5,16,3,1009.6,546,7,1009.7,948,9,1009.8,887,14
317,2025-11-26 12:54:10+05:30,1009.4,15,1000.24,6642327,389554.0,443610.0,986.2,1012.2,981.3,986.2,120351000,1084.8,887.6,1102.5,649.1,1009.0,1312,5,1008.9,646,10,1008.8,1128,11,1008.7,2009,14,1008.6,2185,14,1009.4,101,4,1009.5,15,2,1009.6,550,8,1009.7,951,10,1009.8,864,13
317,2025-11-26 12:54:10+05:30,1009.4,1,1000.24,6642327,389554.0,443610.0,986.2,1012.2,981.3,986.2,120351000,1084.8,887.6,1102.5,649.1,1009.0,1312,5,1008.9,646,10,1008.8,1128,11,1008.7,2009,14,1008.6,2185,14,1009.4,101,4,1009.5,15,2,1009.6,550,8,1009.7,951,10,1009.8,864,13
317,2025-11-26 12:54:11+05:30,1009.4,2,1000.24,6642330,389638.0,443607.0,986.2,1012.2,981.3,986.2,120351000,1084.8,887.6,1102.5,649.1,1009.0,2916,8,1008.9,961,11,1008.8,830,10,1008.7,2043,20,1008.6,2087,13,1009.4,98,4,1009.5,15,2,1009.6,546,7,1009.7,951,10,1009.8,566,12
317,2025-11-26 12:54:11+05:30,1009.4,2,1000.24,6642330,389638.0,443607.0,986.2,1012.2,981.3,986.2,120351000,1084.8,887.6,1102.5,649.1,1009.0,2916,8,1008.9,961,11,1008.8,830,10,1008.7,2043,20,1008.6,2087,13,1009.4,98,4,1009.5,15,2,1009.6,546,7,1009.7,951,10,1009.8,566,12
317,2025-11-26 12:54:12+05:30,1009.2,62,1000.24,6643393,389395.0,442768.0,986.2,1012.2,981.3,986.2,120351000,1084.8,887.6,1102.5,649.1,1009.0,2410,9,1008.9,883,10,1008.8,1258,10,1008.7,2043,20,1008.6,2097,14,1009.5,223,2,1009.6,209,4,1009.7,516,9,1009.8,579,11,1009.9,942,14
317,2025-11-26 12:54:12+05:30,1009.2,62,1000.24,6643393,389395.0,442768.0,986.2,1012.2,981.3,986.2,120351000,1084.8,887.6,1102.5,649.1,1009.0,2410,9,1008.9,883,10,1008.8,1258,10,1008.7,2043,20,1008.6,2097,14,1009.5,223,2,1009.6,209,4,1009.7,516,9,1009.8,579,11,1009.9,942,14
317,2025-11-26 12:54:13+05:30,1009.0,15,1000.24,6643441,389458.0,443341.0,986.2,1012.2,981.3,986.2,120351000,1084.8,887.6,1102.5,649.1,1009.0,2330,8,1008.9,926,11,1008.8,1258,10,1008.7,2043,20,1008.6,2097,14,1009.5,221,3,1009.6,291,6,1009.7,1025,10,1009.8,610,12,1009.9,942,14
317,2025-11-26 12:54:13+05:30,1009.0,15,1000.24,6643441,389458.0,443341.0,986.2,1012.2,981.3,986.2,120351000,1084.8,887.6,1102.5,649.1,1009.0,2330,8,1008.9,926,11,1008.8,1258,10,1008.7,2043,20,1008.6,2097,14,1009.5,221,3,1009.6,291,6,1009.7,1025,10,1009.8,610,12,1009.9,942,14
317,2025-11-26 12:54:13+05:30,1009.0,15,1000.24,6643441,392636.0,443503.0,986.2,1012.2,981.3,986.2,120351000,1084.8,887.6,1102.5,649.1,1009.0,2396,9,1008.9,855,10,1008.8,1258,10,1008.7,2043,20,1008.6,2837,14,1009.2,8,1,1009.5,262,4,1009.6,405,7,1009.7,516,9,1009.8,1441,13
317,2025-11-26 12:54:14+05:30,1009.2,1,1000.24,6643441,392636.0,443503.0,986.2,1012.2,981.3,986.2,120351000,1084.8,887.6,1102.5,649.1,1009.0,2396,9,1008.9,855,10,1008.8,1258,10,1008.7,2043,20,1008.6,2837,14,1009.2,8,1,1009.5,262,4,1009.6,405,7,1009.7,516,9,1009.8,1441,13
317,2025-11-26 12:54:15+05:30,1009.2,3,1000.24,6643565,392230.0,445002.0,986.2,1012.2,981.3,986.2,120351000,1084.8,887.6,1102.5,649.1,1009.1,112,1,1009.0,2158,7,1008.9,557,9,1008.8,1017,10,1008.7,2043,20,1009.2,3,1,1009.4,151,1,1009.5,227,5,1009.6,419,9,1009.7,530,9
317,2025-11-26 12:54:15+05:30,1009.2,3,1000.24,6643565,392230.0,445002.0,986.2,1012.2,981.3,986.2,120351000,1084.8,887.6,1102.5,649.1,1009.1,112,1,1009.0,2158,7,1008.9,557,9,1008.8,1017,10,1008.7,2043,20,1009.2,3,1,1009.4,151,1,1009.5,227,5,1009.6,419,9,1009.7,530,9
317,2025-11-26 12:54:16+05:30,1009.2,2,1000.24,6643570,392184.0,444415.0,986.2,1012.2,981.3,986.2,120351000,1084.8,887.6,1102.5,649.1,1009.1,121,2,1009.0,2158,7,1008.9,557,9,1008.8,1054,11,1008.7,2081,21,1009.2,6,1,1009.4,151,1,1009.5,271,6,1009.6,419,9,1009.7,543,10
317,2025-11-26 12:54:16+05:30,1009.2,2,1000.24,6643570,392184.0,444415.0,986.2,1012.2,981.3,986.2,120351000,1084.8,887.6,1102.5,649.1,1009.1,121,2,1009.0,2158,7,1008.9,557,9,1008.8,1054,11,1008.7,2081,21,1009.2,6,1,1009.4,151,1,1009.5,271,6,1009.6,419,9,1009.7,543,10
317,2025-11-26 12:54:17+05:30,1009.2,2,1000.24,6643570,392041.0,444415.0,986.2,1012.2,981.3,986.2,120351000,1084.8,887.6,1102.5,649.1,1009.1,134,3,1009.0,2188,7,1008.9,397,6,1008.8,1054,11,1008.7,2081,21,1009.2,6,1,1009.4,151,1,1009.5,272,7,1009.6,419,9,1009.7,543,10
317,2025-11-26 12:54:18+05:30,1009.1,5,1000.24,6643575,391711.0,444425.0,986.2,1012.2,981.3,986.2,120351000,1084.8,887.6,1102.5,649.1,1009.1,129,3,1009.0,2145,6,1008.9,440,7,1008.8,1054,11,1008.7,2016,20,1009.2,6,1,1009.4,151,1,1009.5,272,7,1009.6,419,9,1009.7,543,10
317,2025-11-26 12:54:18+05:30,1009.1,5,1000.24,6643575,391711.0,444425.0,986.2,1012.2,981.3,986.2,120351000,1084.8,887.6,1102.5,649.1,1009.1,129,3,1009.0,2145,6,1008.9,440,7,1008.8,1054,11,1008.7,2016,20,1009.2,6,1,1009.4,151,1,1009.5,272,7,1009.6,419,9,1009.7,543,10
317,2025-11-26 12:54:19+05:30,1009.1,5,1000.24,6643575,391711.0,445137.0,986.2,1012.2,981.3,986.2,120351000,1084.8,887.6,1102.5,649.1,1009.1,129,3,1009.0,2145,6,1008.9,440,7,1008.8,1054,11,1008.7,2016,20,1009.2,6,1,1009.3,1,1,1009.4,151,1,1009.5,272,7,1009.6,419,9
317,2025-11-26 12:54:20+05:30,1009.1,20,1000.24,6643595,392637.0,445822.0,986.2,1012.2,981.3,986.2,120351000,1084.8,887.6,1102.5,649.1,1009.1,168,4,1009.0,2102,5,1008.9,915,8,1008.8,1054,11,1008.7,2016,20,1009.2,106,2,1009.3,42,2,1009.4,194,2,1009.5,335,9,1009.6,419,9
317,2025-11-26 12:54:20+05:30,1009.2,1,1000.24,6643595,392637.0,445822.0,986.2,1012.2,981.3,986.2,120351000,1084.8,887.6,1102.5,649.1,1009.1,168,4,1009.0,2102,5,1008.9,915,8,1008.8,1054,11,1008.7,2016,20,1009.2,106,2,1009.3,42,2,1009.4,194,2,1009.5,335,9,1009.6,419,9
317,2025-11-26 12:54:21+05:30,1009.2,1,1000.24,6643597,392128.0,445843.0,986.2,1012.2,981.3,986.2,120351000,1084.8,887.6,1102.5,649.1,1009.1,168,4,1009.0,2102,5,1008.9,406,7,1008.8,1054,11,1008.7,2016,20,1009.2,104,2,1009.3,42,2,1009.4,194,2,1009.5,335,9,1009.6,419,9
317,2025-11-26 12:54:21+05:30,1009.2,1,1000.24,6643597,392128.0,445843.0,986.2,1012.2,981.3,986.2,120351000,1084.8,887.6,1102.5,649.1,1009.1,168,4,1009.0,2102,5,1008.9,406,7,1008.8,1054,11,1008.7,2016,20,1009.2,104,2,1009.3,42,2,1009.4,194,2,1009.5,335,9,1009.6,419,9
317,2025-11-26 12:54:22+05:30,1009.0,1,1000.25,6643769,392992.0,445875.0,986.2,1012.2,981.3,986.2,120351000,1084.8,887.6,1102.5,649.1,1009.0,1975,4,1008.9,501,8,1008.8,1097,11,1008.7,2666,22,1008.6,2972,15,1009.1,23,1,1009.2,104,2,1009.3,47,3,1009.4,151,1,1009.5,564,10
317,2025-11-26 12:54:22+05:30,1009.0,1,1000.25,6643769,392992.0,445875.0,986.2,1012.2,981.3,986.2,120351000,1084.8,887.6,1102.5,649.1,1009.0,1975,4,1008.9,501,8,1008.8,1097,11,1008.7,2666,22,1008.6,2972,15,1009.1,23,1,1009.2,104,2,1009.3,47,3,1009.4,151,1,1009.5,564,10
317,2025-11-26 12:54:23+05:30,1009.0,86,1000.25,6643946,393462.0,445728.0,986.2,1012.2,981.3,986.2,120351000,1084.8,887.6,1102.5,649.1,1009.1,2,2,1009.0,2381,4,1008.9,432,8,1008.8,1055,11,1008.7,2158,22,1009.2,105,3,1009.3,42,2,1009.4,151,1,1009.5,406,8,1009.6,481,9
317,2025-11-26 12:54:23+05:30,1009.2,1,1000.25,6643946,393462.0,445728.0,986.2,1012.2,981.3,986.2,120351000,1084.8,887.6,1102.5,649.1,1009.1,2,2,1009.0,2381,4,1008.9,432,8,1008.8,1055,11,1008.7,2158,22,1009.2,105,3,1009.3,42,2,1009.4,151,1,1009.5,406,8,1009.6,481,9
317,2025-11-26 12:54:24+05:30,1009.1,34,1000.25,6644012,392471.0,445685.0,986.2,1012.2,981.3,986.2,120351000,1084.8,887.6,1102.5,649.1,1009.0,2450,5,1008.9,396,7,1008.8,1521,10,1008.7,1995,21,1008.6,3013,16,1009.2,101,2,1009.3,42,2,1009.4,182,2,1009.5,348,7,1009.6,492,10
317,2025-11-26 12:54:24+05:30,1009.0,1,1000.25,6644012,392471.0,445685.0,986.2,1012.2,981.3,986.2,120351000,1084.8,887.6,1102.5,649.1,1009.0,2450,5,1008.9,396,7,1008.8,1521,10,1008.7,1995,21,1008.6,3013,16,1009.2,101,2,1009.3,42,2,1009.4,182,2,1009.5,348,7,1009.6,492,10
317,2025-11-26 12:54:25+05:30,1009.0,1,1000.25,6644014,392476.0,445685.0,986.2,1012.2,981.3,986.2,120351000,1084.8,887.6,1102.5,649.1,1009.0,2379,4,1008.9,432,7,1008.8,1561,11,1008.7,1957,20,1008.6,2971,15,1009.2,101,2,1009.3,42,2,1009.4,182,2,1009.5,348,7,1009.6,492,10
317,2025-11-26 12:54:25+05:30,1009.2,2,1000.25,6644014,392476.0,445685.0,986.2,1012.2,981.3,986.2,120351000,1084.8,887.6,1102.5,649.1,1009.0,2379,4,1008.9,432,7,1008.8,1561,11,1008.7,1957,20,1008.6,2971,15,1009.2,101,2,1009.3,42,2,1009.4,182,2,1009.5,348,7,1009.6,492,10
317,2025-11-26 12:54:26+05:30,1009.2,2,1000.25,6644042,392301.0,445561.0,986.2,1012.2,981.3,986.2,120351000,1084.8,887.6,1102.5,649.1,1009.0,2379,4,1008.9,329,6,1008.8,1606,12,1008.7,1957,20,1008.6,2971,15,1009.2,73,2,1009.3,42,2,1009.4,182,2,1009.5,348,7,1009.6,518,12
317,2025-11-26 12:54:26+05:30,1009.2,2,1000.25,6644042,392301.0,445561.0,986.2,1012.2,981.3,986.2,120351000,1084.8,887.6,1102.5,649.1,1009.0,2379,4,1008.9,329,6,1008.8,1606,12,1008.7,1957,20,1008.6,2971,15,1009.2,73,2,1009.3,42,2,1009.4,182,2,1009.5,348,7,1009.6,518,12
317,2025-11-26 12:54:27+05:30,1009.2,2,1000.25,6644042,392301.0,445586.0,986.2,1012.2,981.3,986.2,120351000,1084.8,887.6,1102.5,649.1,1009.0,2379,4,1008.9,329,6,1008.8,1606,12,1008.7,1957,20,1008.6,2971,15,1009.2,73,2,1009.3,42,2,1009.4,182,2,1009.5,348,7,1009.6,518,12
317,2025-11-26 12:54:28+05:30,1009.2,2,1000.25,6644042,392299.0,445614.0,986.2,1012.2,981.3,986.2,120351000,1084.8,887.6,1102.5,649.1,1009.0,2379,4,1008.9,265,5,1008.8,1606,12,1008.7,1957,20,1008.6,2971,15,1009.2,73,2,1009.3,42,2,1009.4,182,2,1009.5,348,7,1009.6,518,12
317,2025-11-26 12:54:29+05:30,1009.2,2,1000.25,6644042,392281.0,445582.0,986.2,1012.2,981.3,986.2,120351000,1084.8,887.6,1102.5,649.1,1009.0,2379,4,1008.9,265,5,1008.8,1606,12,1008.7,1957,20,1008.6,2971,15,1009.2,73,2,1009.3,42,2,1009.4,182,2,1009.5,348,7,1009.6,518,12
317,2025-11-26 12:54:30+05:30,1009.2,1,1000.25,6644043,392281.0,445612.0,986.2,1012.2,981.3,986.2,120351000,1084.8,887.6,1102.5,649.1,1009.0,2379,4,1008.9,265,5,1008.8,1606,12,1008.7,1957,20,1008.6,2971,15,1009.2,72,2,1009.3,42,2,1009.4,186,3,1009.5,348,7,1009.6,517,11
317,2025-11-26 12:54:30+05:30,1009.2,25,1000.25,6644043,392281.0,445612.0,986.2,1012.2,981.3,986.2,120351000,1084.8,887.6,1102.5,649.1,1009.0,2379,4,1008.9,265,5,1008.8,1606,12,1008.7,1957,20,1008.6,2971,15,1009.2,72,2,1009.3,42,2,1009.4,186,3,1009.5,348,7,1009.6,517,11
317,2025-11-26 12:54:31+05:30,1009.0,136,1000.25,6644241,392021.0,445721.0,986.2,1012.2,981.3,986.2,120351000,1084.8,887.6,1102.5,649.1,1009.0,2248,5,1008.9,816,7,1008.8,721,9,1008.7,2178,20,1008.6,2971,15,1009.2,18,2,1009.3,42,2,1009.4,186,3,1009.5,348,7,1009.6,517,11
317,2025-11-26 12:54:31+05:30,1009.0,136,1000.25,6644241,392021.0,445721.0,986.2,1012.2,981.3,986.2,120351000,1084.8,887.6,1102.5,649.1,1009.0,2248,5,1008.9,816,7,1008.8,721,9,1008.7,2178,20,1008.6,2971,15,1009.2,18,2,1009.3,42,2,1009.4,186,3,1009.5,348,7,1009.6,517,11
317,2025-11-26 12:54:32+05:30,1009.1,1,1000.25,6644241,392021.0,445721.0,986.2,1012.2,981.3,986.2,120351000,1084.8,887.6,1102.5,649.1,1009.0,2248,5,1008.9,816,7,1008.8,721,9,1008.7,2178,20,1008.6,2971,15,1009.2,18,2,1009.3,42,2,1009.4,186,3,1009.5,348,7,1009.6,517,11
317,2025-11-26 12:54:32+05:30,1009.1,1,1000.25,6644242,392408.0,445743.0,986.2,1012.2,981.3,986.2,120351000,1084.8,887.6,1102.5,649.1,1009.0,2248,5,1008.9,275,5,1008.8,1318,10,1008.7,2202,21,1008.6,2971,15,1009.1,12,1,1009.2,43,3,1009.3,42,2,1009.4,186,3,1009.5,456,8
317,2025-11-26 12:54:33+05:30,1009.1,23,1000.25,6644242,392408.0,445743.0,986.2,1012.2,981.3,986.2,120351000,1084.8,887.6,1102.5,649.1,1009.0,2248,5,1008.9,275,5,1008.8,1318,10,1008.7,2202,21,1008.6,2971,15,1009.1,12,1,1009.2,43,3,1009.3,42,2,1009.4,186,3,1009.5,456,8
317,2025-11-26 12:54:33+05:30,1009.1,23,1000.25,6644275,393140.0,444384.0,986.2,1012.2,981.3,986.2,120351000,1084.8,887.6,1102.5,649.1,1009.0,2258,6,1008.9,275,5,1008.8,1605,11,1008.7,1878,18,1008.6,3747,18,1009.1,13,1,1009.2,43,3,1009.3,42,2,1009.4,186,3,1009.5,505,9
317,2025-11-26 12:54:34+05:30,1009.1,95,1000.25,6644275,393140.0,444384.0,986.2,1012.2,981.3,986.2,120351000,1084.8,887.6,1102.5,649.1,1009.0,2258,6,1008.9,275,5,1008.8,1605,11,1008.7,1878,18,1008.6,3747,18,1009.1,13,1,1009.2,43,3,1009.3,42,2,1009.4,186,3,1009.5,505,9
317,2025-11-26 12:54:34+05:30,1009.1,95,1000.25,6644370,392607.0,444296.0,986.2,1012.2,981.3,986.2,120351000,1084.8,887.6,1102.5,649.1,1009.1,17,1,1009.0,2258,6,1008.9,275,5,1008.8,1079,11,1008.7,1854,17,1009.2,44,4,1009.3,42,2,1009.4,186,3,1009.5,348,7,1009.6,527,12
317,2025-11-26 12:54:35+05:30,1009.2,2,1000.25,6644370,392607.0,444296.0,986.2,1012.2,981.3,986.2,120351000,1084.8,887.6,1102.5,649.1,1009.1,17,1,1009.0,2258,6,1008.9,275,5,1008.8,1079,11,1008.7,1854,17,1009.2,44,4,1009.3,42,2,1009.4,186,3,1009.5,348,7,1009.6,527,12
317,2025-11-26 12:54:35+05:30,1009.2,2,1000.25,6644372,392242.0,444367.0,986.2,1012.2,981.3,986.2,120351000,1084.8,887.6,1102.5,649.1,1009.1,28,2,1009.0,2245,5,1008.9,279,5,1008.8,1511,10,1008.7,1775,12,1009.2,78,5,1009.3,42,2,1009.4,210,4,1009.5,447,11,1009.6,542,13
317,2025-11-26 12:54:36+05:30,1009.2,1,1000.25,6644372,392242.0,444367.0,986.2,1012.2,981.3,986.2,120351000,1084.8,887.6,1102.5,649.1,1009.1,28,2,1009.0,2245,5,1008.9,279,5,1008.8,1511,10,1008.7,1775,12,1009.2,78,5,1009.3,42,2,1009.4,210,4,1009.5,447,11,1009.6,542,13
317,2025-11-26 12:54:36+05:30,1009.2,1,1000.25,6644373,391675.0,444375.0,986.2,1012.2,981.3,986.2,120351000,1084.8,887.6,1102.5,649.1,1009.1,28,2,1009.0,2249,6,1008.9,214,4,1008.8,1059,11,1008.7,1808,13,1009.2,77,5,1009.3,42,2,1009.4,210,4,1009.5,409,9,1009.6,542,13
317,2025-11-26 12:54:37+05:30,1009.1,1,1000.25,6644373,391675.0,444375.0,986.2,1012.2,981.3,986.2,120351000,1084.8,887.6,1102.5,649.1,1009.1,28,2,1009.0,2249,6,1008.9,214,4,1008.8,1059,11,1008.7,1808,13,1009.2,77,5,1009.3,42,2,1009.4,210,4,1009.5,409,9,1009.6,542,13
317,2025-11-26 12:54:37+05:30,1009.1,1,1000.25,6644374,391685.0,444345.0,986.2,1012.2,981.3,986.2,120351000,1084.8,887.6,1102.5,649.1,1009.1,27,2,1009.0,2249,6,1008.9,214,4,1008.8,1119,12,1008.7,1808,13,1009.2,77,5,1009.3,42,2,1009.4,210,4,1009.5,409,9,1009.6,542,13
317,2025-11-26 12:54:38+05:30,1009.2,1,1000.25,6644375,391685.0,444375.0,986.2,1012.2,981.3,986.2,120351000,1084.8,887.6,1102.5,649.1,1009.1,27,2,1009.0,2249,6,1008.9,214,4,1008.8,1119,12,1008.7,1808,13,1009.2,76,5,1009.3,42,2,1009.4,210,4,1009.5,409,9,1009.6,573,14
317,2025-11-26 12:54:39+05:30,1009.0,110,1000.25,6644375,391685.0,444375.0,986.2,1012.2,981.3,986.2,120351000,1084.8,887.6,1102.5,649.1,1009.1,27,2,1009.0,2249,6,1008.9,214,4,1008.8,1119,12,1008.7,1808,13,1009.2,76,5,1009.3,42,2,1009.4,210,4,1009.5,409,9,1009.6,573,14
317,2025-11-26 12:54:39+05:30,1009.0,110,1000.25,6644512,389309.0,444528.0,986.2,1012.2,981.3,986.2,120351000,1084.8,887.6,1102.5,649.1,1009.0,2139,6,1008.9,149,3,1008.8,1015,8,1008.7,1961,13,1008.6,835,13,1009.2,75,4,1009.3,42,2,1009.4,210,4,1009.5,500,12,1009.6,516,11
317,2025-11-26 12:54:40+05:30,1009.2,2,1000.25,6644512,389309.0,444528.0,986.2,1012.2,981.3,986.2,120351000,1084.8,887.6,1102.5,649.1,1009.0,2139,6,1008.9,149,3,1008.8,1015,8,1008.7,1961,13,1008.6,835,13,1009.2,75,4,1009.3,42,2,1009.4,210,4,1009.5,500,12,1009.6,516,11
317,2025-11-26 12:54:40+05:30,1009.2,2,1000.25,6644514,389255.0,444560.0,986.2,1012.2,981.3,986.2,120351000,1084.8,887.6,1102.5,649.1,1009.0,2139,6,1008.9,149,3,1008.8,936,7,1008.7,2020,14,1008.6,838,13,1009.2,73,4,1009.3,42,2,1009.4,376,6,1009.5,435,11,1009.6,575,12
317,2025-11-26 12:54:41+05:30,1009.2,1,1000.25,6644514,389255.0,444560.0,986.2,1012.2,981.3,986.2,120351000,1084.8,887.6,1102.5,649.1,1009.0,2139,6,1008.9,149,3,1008.8,936,7,1008.7,2020,14,1008.6,838,13,1009.2,73,4,1009.3,42,2,1009.4,376,6,1009.5,435,11,1009.6,575,12
317,2025-11-26 12:54:41+05:30,1009.2,1,1000.25,6644563,389265.0,444753.0,986.2,1012.2,981.3,986.2,120351000,1084.8,887.6,1102.5,649.1,1009.0,2095,6,1008.9,23,2,1008.8,353,4,1008.7,1166,10,1008.6,1982,18,1009.2,68,4,1009.3,187,6,1009.4,491,8,1009.5,542,12,1009.6,516,11
317,2025-11-26 12:54:42+05:30,1009.0,63,1000.25,6644563,389265.0,444753.0,986.2,1012.2,981.3,986.2,120351000,1084.8,887.6,1102.5,649.1,1009.0,2095,6,1008.9,23,2,1008.8,353,4,1008.7,1166,10,1008.6,1982,18,1009.2,68,4,1009.3,187,6,1009.4,491,8,1009.5,542,12,1009.6,516,11
317,2025-11-26 12:54:42+05:30,1009.0,63,1000.26,6651834,385256.0,446832.0,986.2,1012.2,981.3,986.2,120351000,1084.8,887.6,1102.5,649.1,1009.0,1026,3,1008.9,10,1,1008.8,122,2,1008.7,921,4,1008.6,379,6,1009.1,183,4,1009.2,188,8,1009.3,404,10,1009.4,635,10,1009.5,951,16
317,2025-11-26 12:54:43+05:30,1009.1,57,1000.26,6651834,385256.0,446832.0,986.2,1012.2,981.3,986.2,120351000,1084.8,887.6,1102.5,649.1,1009.0,1026,3,1008.9,10,1,1008.8,122,2,1008.7,921,4,1008.6,379,6,1009.1,183,4,1009.2,188,8,1009.3,404,10,1009.4,635,10,1009.5,951,16
317,2025-11-26 12:54:43+05:30,1009.1,57,1000.26,6652074,385862.0,446053.0,986.2,1012.2,981.3,986.2,120351000,1084.8,887.6,1102.5,649.1,1009.1,3,1,1009.0,1026,3,1008.9,10,1,1008.8,229,3,1008.7,1043,5,1009.2,188,7,1009.3,278,7,1009.4,563,9,1009.5,742,15,1009.6,1042,14
317,2025-11-26 12:54:44+05:30,1009.3,37,1000.26,6652074,385862.0,446053.0,986.2,1012.2,981.3,986.2,120351000,1084.8,887.6,1102.5,649.1,1009.1,3,1,1009.0,1026,3,1008.9,10,1,1008.8,229,3,1008.7,1043,5,1009.2,188,7,1009.3,278,7,1009.4,563,9,1009.5,742,15,1009.6,1042,14
317,2025-11-26 12:54:44+05:30,1009.3,22,1000.26,6652604,386574.0,443809.0,986.2,1012.2,981.3,986.2,120351000,1084.8,887.6,1102.5,649.1,1009.3,21,1,1009.0,1026,3,1008.9,272,4,1008.8,640,8,1008.7,1824,11,1009.4,260,5,1009.5,362,12,1009.6,317,7,1009.7,723,12,1009.8,558,8
317,2025-11-26 12:54:45+05:30,1009.4,2,1000.26,6652604,386574.0,443809.0,986.2,1012.2,981.3,986.2,120351000,1084.8,887.6,1102.5,649.1,1009.3,21,1,1009.0,1026,3,1008.9,272,4,1008.8,640,8,1008.7,1824,11,1009.4,260,5,1009.5,362,12,1009.6,317,7,1009.7,723,12,1009.8,558,8
317,2025-11-26 12:54:45+05:30,1009.4,2,1000.26,6652611,386853.0,443708.0,986.2,1012.2,981.3,986.2,120351000,1084.8,887.6,1102.5,649.1,1009.1,22,1,1009.0,1026,3,1008.9,213,3,1008.8,640,8,1008.7,1859,12,1009.4,282,5,1009.5,382,10,1009.6,477,11,1009.7,1096,11,1009.8,856,9
317,2025-11-26 12:54:46+05:30,1009.4,1,1000.26,6652611,386853.0,443708.0,986.2,1012.2,981.3,986.2,120351000,1084.8,887.6,1102.5,649.1,1009.1,22,1,1009.0,1026,3,1008.9,213,3,1008.8,640,8,1008.7,1859,12,1009.4,282,5,1009.5,382,10,1009.6,477,11,1009.7,1096,11,1009.8,856,9
317,2025-11-26 12:54:46+05:30,1009.4,1,1000.26,6652613,386691.0,444018.0,986.2,1012.2,981.3,986.2,120351000,1084.8,887.6,1102.5,649.1,1009.1,21,1,1009.0,1026,3,1008.9,213,3,1008.8,640,8,1008.7,1772,11,1009.4,314,7,1009.5,458,8,1009.6,557,11,1009.7,1581,18,1009.8,893,9
317,2025-11-26 12:54:47+05:30,1009.3,9,1000.26,6652613,386691.0,444018.0,986.2,1012.2,981.3,986.2,120351000,1084.8,887.6,1102.5,649.1,1009.1,21,1,1009.0,1026,3,1008.9,213,3,1008.8,640,8,1008.7,1772,11,1009.4,314,7,1009.5,458,8,1009.6,557,11,1009.7,1581,18,1009.8,893,9
317,2025-11-26 12:54:47+05:30,1009.3,9,1000.26,6652758,386664.0,444565.0,986.2,1012.2,981.3,986.2,120351000,1084.8,887.6,1102.5,649.1,1009.1,22,1,1009.0,1026,3,1008.9,119,2,1008.8,1040,7,1008.7,755,8,1009.3,50,1,1009.4,360,8,1009.5,662,10,1009.6,867,15,1009.7,1590,20
317,2025-11-26 12:54:48+05:30,1009.1,1,1000.26,6652759,386676.0,444590.0,986.2,1012.2,981.3,986.2,120351000,1084.8,887.6,1102.5,649.1,1009.1,21,1,1009.0,1026,3,1008.9,119,2,1008.8,1040,7,1008.7,1053,9,1009.3,50,1,1009.4,306,8,1009.5,721,11,1009.6,867,15,1009.7,1590,20
317,2025-11-26 12:54:49+05:30,1009.1,1,1000.26,6652759,386676.0,444590.0,986.2,1012.2,981.3,986.2,120351000,1084.8,887.6,1102.5,649.1,1009.1,21,1,1009.0,1026,3,1008.9,119,2,1008.8,1040,7,1008.7,1053,9,1009.3,50,1,1009.4,306,8,1009.5,721,11,1009.6,867,15,1009.7,1590,20
317,2025-11-26 12:54:49+05:30,1009.1,1,1000.26,6652759,386762.0,444807.0,986.2,1012.2,981.3,986.2,120351000,1084.8,887.6,1102.5,649.1,1009.1,21,1,1009.0,1026,3,1008.9,119,2,1008.8,1040,7,1008.7,841,9,1009.3,50,1,1009.4,387,9,1009.5,857,12,1009.6,867,15,1009.7,1590,20
317,2025-11-26 12:54:50+05:30,1009.3,1,1000.26,6652759,386762.0,444807.0,986.2,1012.2,981.3,986.2,120351000,1084.8,887.6,1102.5,649.1,1009.1,21,1,1009.0,1026,3,1008.9,119,2,1008.8,1040,7,1008.7,841,9,1009.3,50,1,1009.4,387,9,1009.5,857,12,1009.6,867,15,1009.7,1590,20
317,2025-11-26 12:54:50+05:30,1009.3,1,1000.26,6652762,386304.0,444429.0,986.2,1012.2,981.3,986.2,120351000,1084.8,887.6,1102.5,649.1,1009.1,34,2,1009.0,1026,3,1008.9,132,2,1008.8,1004,7,1008.7,840,9,1009.3,53,1,1009.4,191,5,1009.5,694,10,1009.6,621,14,1009.7,1685,20
317,2025-11-26 12:54:51+05:30,1009.3,1,1000.26,6652762,386304.0,444429.0,986.2,1012.2,981.3,986.2,120351000,1084.8,887.6,1102.5,649.1,1009.1,34,2,1009.0,1026,3,1008.9,132,2,1008.8,1004,7,1008.7,840,9,1009.3,53,1,1009.4,191,5,1009.5,694,10,1009.6,621,14,1009.7,1685,20
317,2025-11-26 12:54:51+05:30,1009.3,1,1000.26,6652763,386936.0,444972.0,986.2,1012.2,981.3,986.2,120351000,1084.8,887.6,1102.5,649.1,1009.1,34,2,1009.0,1026,3,1008.9,625,4,1008.8,500,6,1008.7,1138,10,1009.2,165,1,1009.3,52,1,1009.4,191,5,1009.5,806,11,1009.6,621,14
317,2025-11-26 12:54:52+05:30,1009.2,90,1000.26,6652763,386936.0,444972.0,986.2,1012.2,981.3,986.2,120351000,1084.8,887.6,1102.5,649.1,1009.1,34,2,1009.0,1026,3,1008.9,625,4,1008.8,500,6,1008.7,1138,10,1009.2,165,1,1009.3,52,1,1009.4,191,5,1009.5,806,11,1009.6,621,14
317,2025-11-26 12:54:52+05:30,1009.2,4,1000.26,6652857,387042.0,444876.0,986.2,1012.2,981.3,986.2,120351000,1084.8,887.6,1102.5,649.1,1009.1,34,2,1009.0,1026,3,1008.9,625,4,1008.8,584,7,1008.7,1138,10,1009.2,71,1,1009.4,246,6,1009.5,806,11,1009.6,621,14,1009.7,1094,17
317,2025-11-26 12:54:53+05:30,1009.2,23,1000.26,6652857,387042.0,444876.0,986.2,1012.2,981.3,986.2,120351000,1084.8,887.6,1102.5,649.1,1009.1,34,2,1009.0,1026,3,1008.9,625,4,1008.8,584,7,1008.7,1138,10,1009.2,71,1,1009.4,246,6,1009.5,806,11,1009.6,621,14,1009.7,1094,17
317,2025-11-26 12:54:53+05:30,1009.1,53,1000.26,6652972,387928.0,445949.0,986.2,1012.2,981.3,986.2,120351000,1084.8,887.6,1102.5,649.1,1009.0,1026,3,1008.9,709,5,1008.8,613,8,1008.7,1329,12,1008.6,746,10,1009.1,17,2,1009.2,43,1,1009.3,5,1,1009.4,191,5,1009.5,806,11
317,2025-11-26 12:54:54+05:30,1009.1,53,1000.26,6652972,387928.0,445949.0,986.2,1012.2,981.3,986.2,120351000,1084.8,887.6,1102.5,649.1,1009.0,1026,3,1008.9,709,5,1008.8,613,8,1008.7,1329,12,1008.6,746,10,1009.1,17,2,1009.2,43,1,1009.3,5,1,1009.4,191,5,1009.5,806,11
317,2025-11-26 12:54:54+05:30,1009.1,4,1000.26,6652989,387228.0,445869.0,986.2,1012.2,981.3,986.2,120351000,1084.8,887.6,1102.5,649.1,1009.1,95,1,1009.0,1026,3,1008.9,677,5,1008.8,652,8,1008.7,1274,11,1009.2,43,1,1009.3,5,1,1009.4,191,5,1009.5,766,11,1009.6,648,14
317,2025-11-26 12:54:55+05:30,1009.2,3,1000.26,6652989,387228.0,445869.0,986.2,1012.2,981.3,986.2,120351000,1084.8,887.6,1102.5,649.1,1009.1,95,1,1009.0,1026,3,1008.9,677,5,1008.8,652,8,1008.7,1274,11,1009.2,43,1,1009.3,5,1,1009.4,191,5,1009.5,766,11,1009.6,648,14
317,2025-11-26 12:54:55+05:30,1009.2,3,1000.26,6653158,386725.0,445882.0,986.2,1012.2,981.3,986.2,120351000,1084.8,887.6,1102.5,649.1,1009.0,985,3,1008.9,750,6,1008.8,715,9,1008.7,1274,11,1008.6,674,9,1009.2,10,1,1009.3,5,1,1009.4,281,7,1009.5,766,11,1009.6,593,13
317,2025-11-26 12:54:56+05:30,1009.2,3,1000.26,6653158,386725.0,445882.0,986.2,1012.2,981.3,986.2,120351000,1084.8,887.6,1102.5,649.1,1009.0,985,3,1008.9,750,6,1008.8,715,9,1008.7,1274,11,1008.6,674,9,1009.2,10,1,1009.3,5,1,1009.4,281,7,1009.5,766,11,1009.6,593,13
317,2025-11-26 12:54:56+05:30,1009.0,502,1000.26,6654645,386862.0,444923.0,986.2,1012.2,981.3,986.2,120351000,1084.8,887.6,1102.5,649.1,1009.0,1560,3,1008.9,833,7,1008.8,715,9,1008.7,1274,11,1008.6,674,9,1009.3,5,1,1009.4,281,7,1009.5,766,11,1009.6,600,12,1009.7,769,17
317,2025-11-26 12:54:57+05:30,1009.0,502,1000.26,6654645,386862.0,444923.0,986.2,1012.2,981.3,986.2,120351000,1084.8,887.6,1102.5,649.1,1009.0,1560,3,1008.9,833,7,1008.8,715,9,1008.7,1274,11,1008.6,674,9,1009.3,5,1,1009.4,281,7,1009.5,766,11,1009.6,600,12,1009.7,769,17
317,2025-11-26 12:54:57+05:30,1009.0,502,1000.26,6654645,387650.0,445546.0,986.2,1012.2,981.3,986.2,120351000,1084.8,887.6,1102.5,649.1,1009.0,1560,3,1008.9,334,6,1008.8,1254,10,1008.7,1274,11,1008.6,674,9,1009.2,4,2,1009.3,5,1,1009.4,278,6,1009.5,711,10,1009.6,668,14
317,2025-11-26 12:54:58+05:30,1009.2,3,1000.26,6654645,387650.0,445546.0,986.2,1012.2,981.3,986.2,120351000,1084.8,887.6,1102.5,649.1,1009.0,1560,3,1008.9,334,6,1008.8,1254,10,1008.7,1274,11,1008.6,674,9,1009.2,4,2,1009.3,5,1,1009.4,278,6,1009.5,711,10,1009.6,668,14
317,2025-11-26 12:54:58+05:30,1009.4,135,1000.26,6654821,388400.0,443860.0,986.2,1012.2,981.3,986.2,120351000,1084.8,887.6,1102.5,649.1,1009.0,1911,8,1008.9,530,8,1008.8,1497,10,1008.7,1011,11,1008.6,710,12,1009.4,83,4,1009.5,231,5,1009.6,477,8,1009.7,761,16,1009.8,893,9
317,2025-11-26 12:54:59+05:30,1009.4,1,1000.26,6654821,388400.0,443860.0,986.2,1012.2,981.3,986.2,120351000,1084.8,887.6,1102.5,649.1,1009.0,1911,8,1008.9,530,8,1008.8,1497,10,1008.7,1011,11,1008.6,710,12,1009.4,83,4,1009.5,231,5,1009.6,477,8,1009.7,761,16,1009.8,893,9
317,2025-11-26 12:54:59+05:30,1009.4,1,1000.26,6654822,388462.0,443767.0,986.2,1012.2,981.3,986.2,120351000,1084.8,887.6,1102.5,649.1,1009.0,2015,9,1008.9,530,8,1008.8,1497,10,1008.7,1011,11,1008.6,710,12,1009.4,82,4,1009.5,95,4,1009.6,396,7,1009.7,761,16,1009.8,893,9
317,2025-11-26 12:55:00+05:30,1009.4,1,1000.26,6654822,388462.0,443767.0,986.2,1012.2,981.3,986.2,120351000,1084.8,887.6,1102.5,649.1,1009.0,2015,9,1008.9,530,8,1008.8,1497,10,1008.7,1011,11,1008.6,710,12,1009.4,82,4,1009.5,95,4,1009.6,396,7,1009.7,761,16,1009.8,893,9
317,2025-11-26 12:55:00+05:30,1009.4,1,1000.26,6654823,388462.0,443766.0,986.2,1012.2,981.3,986.2,120351000,1084.8,887.6,1102.5,649.1,1009.0,2015,9,1008.9,530,8,1008.8,1497,10,1008.7,1011,11,1008.6,710,12,1009.4,81,4,1009.5,95,4,1009.6,396,7,1009.7,761,16,1009.8,893,9
317,2025-11-26 12:55:01+05:30,1009.0,8,1000.26,6654823,388462.0,443766.0,986.2,1012.2,981.3,986.2,120351000,1084.8,887.6,1102.5,649.1,1009.0,2015,9,1008.9,530,8,1008.8,1497,10,1008.7,1011,11,1008.6,710,12,1009.4,81,4,1009.5,95,4,1009.6,396,7,1009.7,761,16,1009.8,893,9
317,2025-11-26 12:55:01+05:30,1009.0,8,1000.26,6654833,388650.0,444523.0,986.2,1012.2,981.3,986.2,120351000,1084.8,887.6,1102.5,649.1,1009.0,1895,7,1008.9,530,8,1008.8,1497,10,1008.7,1011,11,1008.6,710,12,1009.2,42,1,1009.4,80,4,1009.5,205,4,1009.6,952,9,1009.7,761,16
317,2025-11-26 12:55:02+05:30,1009.2,4,1000.26,6654863,387981.0,445399.0,986.2,1012.2,981.3,986.2,120351000,1084.8,887.6,1102.5,649.1,1009.0,1551,3,1008.9,325,5,1008.8,680,9,1008.7,1727,11,1008.6,872,15,1009.2,12,1,1009.4,317,5,1009.5,624,9,1009.6,1027,12,1009.7,1033,15
317,2025-11-26 12:55:03+05:30,1009.2,4,1000.26,6654863,387981.0,445399.0,986.2,1012.2,981.3,986.2,120351000,1084.8,887.6,1102.5,649.1,1009.0,1551,3,1008.9,325,5,1008.8,680,9,1008.7,1727,11,1008.6,872,15,1009.2,12,1,1009.4,317,5,1009.5,624,9,1009.6,1027,12,1009.7,1033,15
317,2025-11-26 12:55:03+05:30,1009.2,4,1000.26,6654863,387978.0,445367.0,986.2,1012.2,981.3,986.2,120351000,1084.8,887.6,1102.5,649.1,1009.0,1551,3,1008.9,325,5,1008.8,680,9,1008.7,1813,12,1008.6,872,15,1009.2,12,1,1009.3,8,1,1009.4,278,4,1009.5,624,9,1009.6,1029,13
317,2025-11-26 12:55:04+05:30,1009.0,7,1000.26,6654863,387978.0,445367.0,986.2,1012.2,981.3,986.2,120351000,1084.8,887.6,1102.5,649.1,1009.0,1551,3,1008.9,325,5,1008.8,680,9,1008.7,1813,12,1008.6,872,15,1009.2,12,1,1009.3,8,1,1009.4,278,4,1009.5,624,9,1009.6,1029,13
317,2025-11-26 12:55:04+05:30,1009.0,7,1000.26,6654870,387971.0,445511.0,986.2,1012.2,981.3,986.2,120351000,1084.8,887.6,1102.5,649.1,1009.0,1544,3,1008.9,325,5,1008.8,628,8,1008.7,1865,13,1008.6,872,15,1009.2,13,2,1009.3,8,1,1009.4,330,5,1009.5,624,9,1009.6,1029,13
317,2025-11-26 12:55:05+05:30,1009.2,3,1000.26,6654870,387971.0,445511.0,986.2,1012.2,981.3,986.2,120351000,1084.8,887.6,1102.5,649.1,1009.0,1544,3,1008.9,325,5,1008.8,628,8,1008.7,1865,13,1008.6,872,15,1009.2,13,2,1009.3,8,1,1009.4,330,5,1009.5,624,9,1009.6,1029,13
317,2025-11-26 12:55:05+05:30,1009.2,1,1000.26,6654874,388371.0,445392.0,986.2,1012.2,981.3,986.2,120351000,1084.8,887.6,1102.5,649.1,1009.0,1544,3,1008.9,325,5,1008.8,735,10,1008.7,1865,13,1008.6,898,17,1009.2,9,2,1009.3,8,1,1009.4,273,3,1009.5,674,10,1009.6,447,9
317,2025-11-26 12:55:06+05:30,1009.2,1,1000.26,6654874,388371.0,445392.0,986.2,1012.2,981.3,986.2,120351000,1084.8,887.6,1102.5,649.1,1009.0,1544,3,1008.9,325,5,1008.8,735,10,1008.7,1865,13,1008.6,898,17,1009.2,9,2,1009.3,8,1,1009.4,273,3,1009.5,674,10,1009.6,447,9
317,2025-11-26 12:55:06+05:30,1009.0,380,1000.26,6655254,389163.0,445249.0,986.2,1012.2,981.3,986.2,120351000,1084.8,887.6,1102.5,649.1,1009.0,1164,3,1008.9,851,7,1008.8,735,10,1008.7,1271,13,1008.6,1569,16,1009.2,1,1,1009.3,46,2,1009.4,36,1,1009.5,622,9,1009.6,447,9
317,2025-11-26 12:55:07+05:30,1009.2,1,1000.26,6655254,389163.0,445249.0,986.2,1012.2,981.3,986.2,120351000,1084.8,887.6,1102.5,649.1,1009.0,1164,3,1008.9,851,7,1008.8,735,10,1008.7,1271,13,1008.6,1569,16,1009.2,1,1,1009.3,46,2,1009.4,36,1,1009.5,622,9,1009.6,447,9
317,2025-11-26 12:55:07+05:30,1009.2,1,1000.26,6655300,389192.0,444625.0,986.2,1012.2,981.3,986.2,120351000,1084.8,887.6,1102.5,649.1,1009.0,1119,3,1008.9,873,8,1008.8,1037,12,1008.7,947,10,1008.6,3015,18,1009.3,46,2,1009.4,36,1,1009.5,622,9,1009.6,414,8,1009.7,818,18
317,2025-11-26 12:55:08+05:30,1009.3,1,1000.26,6655300,389192.0,444625.0,986.2,1012.2,981.3,986.2,120351000,1084.8,887.6,1102.5,649.1,1009.0,1119,3,1008.9,873,8,1008.8,1037,12,1008.7,947,10,1008.6,3015,18,1009.3,46,2,1009.4,36,1,1009.5,622,9,1009.6,414,8,1009.7,818,18
317,2025-11-26 12:55:08+05:30,1009.0,50,1000.26,6655351,389092.0,444421.0,986.2,1012.2,981.3,986.2,120351000,1084.8,887.6,1102.5,649.1,1009.0,1206,5,1008.9,925,9,1008.8,1187,12,1008.7,1709,12,1008.6,2238,17,1009.3,49,3,1009.4,38,2,1009.5,299,8,1009.6,414,8,1009.7,761,16
317,2025-11-26 12:55:09+05:30,1009.0,50,1000.26,6655351,389092.0,444421.0,986.2,1012.2,981.3,986.2,120351000,1084.8,887.6,1102.5,649.1,1009.0,1206,5,1008.9,925,9,1008.8,1187,12,1008.7,1709,12,1008.6,2238,17,1009.3,49,3,1009.4,38,2,1009.5,299,8,1009.6,414,8,1009.7,761,16
317,2025-11-26 12:55:09+05:30,1009.0,50,1000.26,6655351,389090.0,444447.0,986.2,1012.2,981.3,986.2,120351000,1084.8,887.6,1102.5,649.1,1009.0,1206,5,1008.9,925,9,1008.8,1187,12,1008.7,1709,12,1008.6,2238,17,1009.3,49,3,1009.4,38,2,1009.5,299,8,1009.6,414,8,1009.7,761,16
317,2025-11-26 12:55:10+05:30,1009.3,1,1000.26,6655351,389090.0,444447.0,986.2,1012.2,981.3,986.2,120351000,1084.8,887.6,1102.5,649.1,1009.0,1206,5,1008.9,925,9,1008.8,1187,12,1008.7,1709,12,1008.6,2238,17,1009.3,49,3,1009.4,38,2,1009.5,299,8,1009.6,414,8,1009.7,761,16
317,2025-11-26 12:55:10+05:30,1009.3,1,1000.26,6655353,391703.0,444395.0,986.2,1012.2,981.3,986.2,120351000,1084.8,887.6,1102.5,649.1,1009.0,1206,5,1008.9,1035,12,1008.8,1189,11,1008.7,3905,15,1008.6,792,15,1009.3,47,3,1009.4,38,2,1009.5,185,7,1009.6,414,8,1009.7,1348,17
317,2025-11-26 12:55:11+05:30,1009.3,2,1000.26,6655353,391703.0,444395.0,986.2,1012.2,981.3,986.2,120351000,1084.8,887.6,1102.5,649.1,1009.0,1206,5,1008.9,1035,12,1008.8,1189,11,1008.7,3905,15,1008.6,792,15,1009.3,47,3,1009.4,38,2,1009.5,185,7,1009.6,414,8,1009.7,1348,17
317,2025-11-26 12:55:11+05:30,1009.3,2,1000.26,6655355,393396.0,444826.0,986.2,1012.2,981.3,986.2,120351000,1084.8,887.6,1102.5,649.1,1009.0,1522,8,1008.9,961,10,1008.8,1886,12,1008.7,3208,14,1008.6,757,14,1009.1,11,1,1009.2,30,1,1009.3,45,3,1009.4,38,2,1009.5,289,7
317,2025-11-26 12:55:12+05:30,1009.0,1,1000.26,6655355,393396.0,444826.0,986.2,1012.2,981.3,986.2,120351000,1084.8,887.6,1102.5,649.1,1009.0,1522,8,1008.9,961,10,1008.8,1886,12,1008.7,3208,14,1008.6,757,14,1009.1,11,1,1009.2,30,1,1009.3,45,3,1009.4,38,2,1009.5,289,7
317,2025-11-26 12:55:12+05:30,1009.1,6,1000.26,6655366,394161.0,445728.0,986.2,1012.2,981.3,986.2,120351000,1084.8,887.6,1102.5,649.1,1009.0,1081,4,1008.9,1010,11,1008.8,1684,11,1008.7,4795,19,1008.6,918,16,1009.1,42,2,1009.2,115,3,1009.3,207,3,1009.4,2,1,1009.5,413,8
317,2025-11-26 12:55:13+05:30,1009.1,22,1000.26,6655366,394161.0,445728.0,986.2,1012.2,981.3,986.2,120351000,1084.8,887.6,1102.5,649.1,1009.0,1081,4,1008.9,1010,11,1008.8,1684,11,1008.7,4795,19,1008.6,918,16,1009.1,42,2,1009.2,115,3,1009.3,207,3,1009.4,2,1,1009.5,413,8
317,2025-11-26 12:55:13+05:30,1009.0,79,1000.26,6655602,392639.0,445526.0,986.2,1012.2,981.3,986.2,120351000,1084.8,887.6,1102.5,649.1,1009.0,868,4,1008.9,911,8,1008.8,1697,12,1008.7,4808,21,1008.6,757,11,1009.1,30,2,1009.2,115,3,1009.3,212,4,1009.4,2,1,1009.5,419,10
317,2025-11-26 12:55:14+05:30,1009.0,1,1000.26,6655602,392639.0,445526.0,986.2,1012.2,981.3,986.2,120351000,1084.8,887.6,1102.5,649.1,1009.0,868,4,1008.9,911,8,1008.8,1697,12,1008.7,4808,21,1008.6,757,11,1009.1,30,2,1009.2,115,3,1009.3,212,4,1009.4,2,1,1009.5,419,10
317,2025-11-26 12:55:14+05:30,1009.0,1,1000.26,6655825,391712.0,445531.0,986.2,1012.2,981.3,986.2,120351000,1084.8,887.6,1102.5,649.1,1009.1,112,1,1009.0,996,6,1008.9,1001,9,1008.8,1785,15,1008.7,4010,17,1009.2,115,3,1009.3,207,3,1009.4,252,2,1009.5,370,8,1009.6,448,10
317,2025-11-26 12:55:15+05:30,1009.2,2,1000.26,6655825,391712.0,445531.0,986.2,1012.2,981.3,986.2,120351000,1084.8,887.6,1102.5,649.1,1009.1,112,1,1009.0,996,6,1008.9,1001,9,1008.8,1785,15,1008.7,4010,17,1009.2,115,3,1009.3,207,3,1009.4,252,2,1009.5,370,8,1009.6,448,10
317,2025-11-26 12:55:15+05:30,1009.2,1,1000.26,6655859,391870.0,445359.0,986.2,1012.2,981.3,986.2,120351000,1084.8,887.6,1102.5,649.1,1009.1,112,1,1009.0,996,6,1008.9,1001,9,1008.8,1785,15,1008.7,4010,17,1009.2,82,3,1009.3,207,3,1009.4,252,2,1009.5,263,7,1009.6,411,8
317,2025-11-26 12:55:16+05:30,1009.2,1,1000.26,6655859,391870.0,445359.0,986.2,1012.2,981.3,986.2,120351000,1084.8,887.6,1102.5,649.1,1009.1,112,1,1009.0,996,6,1008.9,1001,9,1008.8,1785,15,1008.7,4010,17,1009.2,82,3,1009.3,207,3,1009.4,252,2,1009.5,263,7,1009.6,411,8
317,2025-11-26 12:55:16+05:30,1009.2,1,1000.26,6655859,391333.0,445383.0,986.2,1012.2,981.3,986.2,120351000,1084.8,887.6,1102.5,649.1,1009.1,125,2,1009.0,983,5,1008.9,513,9,1008.8,1736,14,1008.7,4010,17,1009.2,82,3,1009.3,207,3,1009.4,252,2,1009.5,263,7,1009.6,411,8
317,2025-11-26 12:55:17+05:30,1009.2,1,1000.26,6655859,391333.0,445383.0,986.2,1012.2,981.3,986.2,120351000,1084.8,887.6,1102.5,649.1,1009.1,125,2,1009.0,983,5,1008.9,513,9,1008.8,1736,14,1008.7,4010,17,1009.2,82,3,1009.3,207,3,1009.4,252,2,1009.5,263,7,1009.6,411,8
317,2025-11-26 12:55:17+05:30,1009.2,1,1000.26,6655860,392004.0,445370.0,986.2,1012.2,981.3,986.2,120351000,1084.8,887.6,1102.5,649.1,1009.1,125,2,1009.0,1044,6,1008.9,1031,10,1008.8,1736,14,1008.7,4167,18,1009.2,81,3,1009.3,207,3,1009.4,252,2,1009.5,219,6,1009.6,411,8
317,2025-11-26 12:55:18+05:30,1009.2,1,1000.26,6655860,392004.0,445370.0,986.2,1012.2,981.3,986.2,120351000,1084.8,887.6,1102.5,649.1,1009.1,125,2,1009.0,1044,6,1008.9,1031,10,1008.8,1736,14,1008.7,4167,18,1009.2,81,3,1009.3,207,3,1009.4,252,2,1009.5,219,6,1009.6,411,8
317,2025-11-26 12:55:18+05:30,1009.2,1,1000.26,6655861,387694.0,445578.0,986.2,1012.2,981.3,986.2,120351000,1084.8,887.6,1102.5,649.1,1009.1,125,2,1009.0,859,4,1008.9,736,5,1008.8,623,8,1008.7,1671,17,1009.2,54,2,1009.3,207,3,1009.4,301,3,1009.5,396,10,1009.6,411,8
317,2025-11-26 12:55:19+05:30,1009.2,1,1000.26,6655861,386820.0,446041.0,986.2,1012.2,981.3,986.2,120351000,1084.8,887.6,1102.5,649.1,1009.1,125,2,1009.0,859,4,1008.9,137,3,1008.8,946,7,1008.7,1106,12,1009.2,54,2,1009.3,207,3,1009.4,466,6,1009.5,531,11,1009.6,613,9
317,2025-11-26 12:55:20+05:30,1009.2,1,1000.26,6655861,386820.0,446041.0,986.2,1012.2,981.3,986.2,120351000,1084.8,887.6,1102.5,649.1,1009.1,125,2,1009.0,859,4,1008.9,137,3,1008.8,946,7,1008.7,1106,12,1009.2,54,2,1009.3,207,3,1009.4,466,6,1009.5,531,11,1009.6,613,9
317,2025-11-26 12:55:21+05:30,1009.2,1,1000.26,6656002,385994.0,447024.0,986.2,1012.2,981.3,986.2,120351000,1084.8,887.6,1102.5,649.1,1009.0,845,4,1008.9,10,1,1008.8,812,5,1008.7,917,10,1008.6,1024,12,1009.2,101,3,1009.3,266,5,1009.4,607,9,1009.5,662,13,1009.6,978,14
317,2025-11-26 12:55:21+05:30,1009.2,1,1000.26,6656002,385994.0,447024.0,986.2,1012.2,981.3,986.2,120351000,1084.8,887.6,1102.5,649.1,1009.0,845,4,1008.9,10,1,1008.8,812,5,1008.7,917,10,1008.6,1024,12,1009.2,101,3,1009.3,266,5,1009.4,607,9,1009.5,662,13,1009.6,978,14
317,2025-11-26 12:55:22+05:30,1009.2,1,1000.26,6656002,390592.0,446367.0,986.2,1012.2,981.3,986.2,120351000,1084.8,887.6,1102.5,649.1,1009.0,845,4,1008.9,10,1,1008.8,830,6,1008.7,1228,12,1008.6,2909,13,1009.1,13,1,1009.2,101,3,1009.3,222,5,1009.4,651,10,1009.5,662,13
317,2025-11-26 12:55:23+05:30,1009.1,17,1000.26,6656033,388698.0,446344.0,986.2,1012.2,981.3,986.2,120351000,1084.8,887.6,1102.5,649.1,1009.0,845,4,1008.9,104,2,1008.8,770,5,1008.7,1041,12,1008.6,1055,12,1009.1,13,1,1009.2,52,2,1009.3,212,4,1009.4,390,6,1009.5,662,13
317,2025-11-26 12:55:23+05:30,1009.1,17,1000.26,6656033,388698.0,446344.0,986.2,1012.2,981.3,986.2,120351000,1084.8,887.6,1102.5,649.1,1009.0,845,4,1008.9,104,2,1008.8,770,5,1008.7,1041,12,1008.6,1055,12,1009.1,13,1,1009.2,52,2,1009.3,212,4,1009.4,390,6,1009.5,662,13
317,2025-11-26 12:55:24+05:30,1009.0,117,1000.26,6658533,389129.0,446809.0,986.2,1012.2,981.3,986.2,120351000,1084.8,887.6,1102.5,649.1,1009.0,1921,2,1008.9,10,1,1008.8,746,5,1008.7,1339,13,1008.6,713,10,1009.1,13,1,1009.2,57,3,1009.3,222,5,1009.4,605,9,1009.5,662,13
317,2025-11-26 12:55:24+05:30,1009.1,126,1000.26,6658533,389129.0,446809.0,986.2,1012.2,981.3,986.2,120351000,1084.8,887.6,1102.5,649.1,1009.0,1921,2,1008.9,10,1,1008.8,746,5,1008.7,1339,13,1008.6,713,10,1009.1,13,1,1009.2,57,3,1009.3,222,5,1009.4,605,9,1009.5,662,13
317,2025-11-26 12:55:25+05:30,1009.0,123,1000.27,6659178,388933.0,447077.0,986.2,1012.2,981.3,986.2,120351000,1084.8,887.6,1102.5,649.1,1009.0,1962,4,1008.9,10,1,1008.8,122,2,1008.7,917,10,1008.6,1456,12,1009.1,461,3,1009.2,67,4,1009.3,380,6,1009.4,599,8,1009.5,623,11
317,2025-11-26 12:55:25+05:30,1009.1,1,1000.27,6659178,388933.0,447077.0,986.2,1012.2,981.3,986.2,120351000,1084.8,887.6,1102.5,649.1,1009.0,1962,4,1008.9,10,1,1008.8,122,2,1008.7,917,10,1008.6,1456,12,1009.1,461,3,1009.2,67,4,1009.3,380,6,1009.4,599,8,1009.5,623,11
317,2025-11-26 12:55:26+05:30,1009.0,99,1000.27,6666021,384544.0,447772.0,986.2,1012.2,981.3,986.2,120351000,1084.8,887.6,1102.5,649.1,1008.9,10,1,1008.8,122,2,1008.7,399,5,1008.6,884,7,1008.5,651,8,1009.1,550,6,1009.2,442,13,1009.3,597,9,1009.4,820,9,1009.5,947,14
317,2025-11-26 12:55:26+05:30,1008.9,1,1000.27,6666021,384544.0,447772.0,986.2,1012.2,981.3,986.2,120351000,1084.8,887.6,1102.5,649.1,1008.9,10,1,1008.8,122,2,1008.7,399,5,1008.6,884,7,1008.5,651,8,1009.1,550,6,1009.2,442,13,1009.3,597,9,1009.4,820,9,1009.5,947,14
317,2025-11-26 12:55:27+05:30,1009.1,74,1000.28,6666716,386185.0,446814.0,986.2,1012.2,981.3,986.2,120351000,1084.8,887.6,1102.5,649.1,1008.8,403,4,1008.7,710,8,1008.6,1101,8,1008.5,1232,13,1008.4,995,12,1008.9,105,1,1009.2,95,5,1009.3,1099,9,1009.4,773,8,1009.5,667,13
317,2025-11-26 12:55:27+05:30,1008.9,100,1000.28,6666716,386185.0,446814.0,986.2,1012.2,981.3,986.2,120351000,1084.8,887.6,1102.5,649.1,1008.8,403,4,1008.7,710,8,1008.6,1101,8,1008.5,1232,13,1008.4,995,12,1008.9,105,1,1009.2,95,5,1009.3,1099,9,1009.4,773,8,1009.5,667,13
317,2025-11-26 12:55:28+05:30,1008.8,20,1000.28,6666836,386284.0,446712.0,986.2,1012.2,981.3,986.2,120351000,1084.8,887.6,1102.5,649.1,1008.8,472,5,1008.7,710,8,1008.6,1225,9,1008.5,1262,14,1008.4,995,12,1008.9,5,1,1009.1,25,1,1009.2,95,5,1009.3,1099,9,1009.4,773,8
317,2025-11-26 12:55:28+05:30,1008.8,20,1000.28,6666836,386284.0,446712.0,986.2,1012.2,981.3,986.2,120351000,1084.8,887.6,1102.5,649.1,1008.8,472,5,1008.7,710,8,1008.6,1225,9,1008.5,1262,14,1008.4,995,12,1008.9,5,1,1009.1,25,1,1009.2,95,5,1009.3,1099,9,1009.4,773,8
317,2025-11-26 12:55:29+05:30,1008.9,1,1000.28,6666837,386283.0,446534.0,986.2,1012.2,981.3,986.2,120351000,1084.8,887.6,1102.5,649.1,1008.8,427,5,1008.7,790,8,1008.6,1225,9,1008.5,1262,14,1008.4,995,12,1008.9,4,1,1009.1,25,1,1009.2,95,5,1009.3,1099,9,1009.4,773,8
317,2025-11-26 12:55:29+05:30,1008.9,127,1000.28,6666837,386283.0,446534.0,986.2,1012.2,981.3,986.2,120351000,1084.8,887.6,1102.5,649.1,1008.8,427,5,1008.7,790,8,1008.6,1225,9,1008.5,1262,14,1008.4,995,12,1008.9,4,1,1009.1,25,1,1009.2,95,5,1009.3,1099,9,1009.4,773,8
317,2025-11-26 12:55:30+05:30,1008.8,5,1000.28,6666969,385919.0,447733.0,986.2,1012.2,981.3,986.2,120351000,1084.8,887.6,1102.5,649.1,1008.8,97,2,1008.7,453,4,1008.6,1148,9,1008.5,934,12,1008.4,1061,10,1008.9,105,1,1009.1,103,3,1009.2,342,9,1009.3,1280,12,1009.4,1154,10
317,2025-11-26 12:55:30+05:30,1008.9,28,1000.28,6666969,385919.0,447733.0,986.2,1012.2,981.3,986.2,120351000,1084.8,887.6,1102.5,649.1,1008.8,97,2,1008.7,453,4,1008.6,1148,9,1008.5,934,12,1008.4,1061,10,1008.9,105,1,1009.1,103,3,1009.2,342,9,1009.3,1280,12,1009.4,1154,10
317,2025-11-26 12:55:30+05:30,1008.9,1,1000.28,6667024,385946.0,447707.0,986.2,1012.2,981.3,986.2,120351000,1084.8,887.6,1102.5,649.1,1008.8,97,2,1008.7,453,4,1008.6,1148,9,1008.5,960,13,1008.4,1061,10,1008.9,51,2,1009.1,103,3,1009.2,341,8,1009.3,1310,13,1009.4,1154,10
317,2025-11-26 12:55:31+05:30,1008.8,8,1000.28,6667024,385946.0,447707.0,986.2,1012.2,981.3,986.2,120351000,1084.8,887.6,1102.5,649.1,1008.8,97,2,1008.7,453,4,1008.6,1148,9,1008.5,960,13,1008.4,1061,10,1008.9,51,2,1009.1,103,3,1009.2,341,8,1009.3,1310,13,1009.4,1154,10
317,2025-11-26 12:55:32+05:30,1008.8,109,1000.28,6667208,386748.0,448578.0,986.2,1012.2,981.3,986.2,120351000,1084.8,887.6,1102.5,649.1,1008.7,202,2,1008.6,217,4,1008.5,957,13,1008.4,763,9,1008.3,2197,22,1008.8,105,1,1008.9,103,3,1009.0,77,3,1009.1,191,3,1009.2,290,7
317,2025-11-26 12:55:32+05:30,1008.8,109,1000.28,6667208,386748.0,448578.0,986.2,1012.2,981.3,986.2,120351000,1084.8,887.6,1102.5,649.1,1008.7,202,2,1008.6,217,4,1008.5,957,13,1008.4,763,9,1008.3,2197,22,1008.8,105,1,1008.9,103,3,1009.0,77,3,1009.1,191,3,1009.2,290,7
317,2025-11-26 12:55:33+05:30,1008.8,5,1000.28,6667218,384142.0,448543.0,986.2,1012.2,981.3,986.2,120351000,1084.8,887.6,1102.5,649.1,1008.7,202,2,1008.6,528,3,1008.5,769,10,1008.4,807,10,1008.3,1474,19,1008.8,95,1,1008.9,103,3,1009.0,77,3,1009.1,191,3,1009.2,290,7
317,2025-11-26 12:55:33+05:30,1008.8,23,1000.28,6667218,384142.0,448543.0,986.2,1012.2,981.3,986.2,120351000,1084.8,887.6,1102.5,649.1,1008.7,202,2,1008.6,528,3,1008.5,769,10,1008.4,807,10,1008.3,1474,19,1008.8,95,1,1008.9,103,3,1009.0,77,3,1009.1,191,3,1009.2,290,7
317,2025-11-26 12:55:34+05:30,1008.8,23,1000.28,6667242,383860.0,448640.0,986.2,1012.2,981.3,986.2,120351000,1084.8,887.6,1102.5,649.1,1008.7,202,2,1008.6,528,3,1008.5,769,10,1008.4,834,11,1008.3,1474,19,1008.8,71,1,1008.9,103,3,1009.0,77,3,1009.1,191,3,1009.2,406,9
317,2025-11-26 12:55:34+05:30,1008.8,112,1000.28,6667242,383860.0,448640.0,986.2,1012.2,981.3,986.2,120351000,1084.8,887.6,1102.5,649.1,1008.7,202,2,1008.6,528,3,1008.5,769,10,1008.4,834,11,1008.3,1474,19,1008.8,71,1,1008.9,103,3,1009.0,77,3,1009.1,191,3,1009.2,406,9
317,2025-11-26 12:55:35+05:30,1008.8,112,1000.28,6667354,380946.0,450006.0,986.2,1012.2,981.3,986.2,120351000,1084.8,887.6,1102.5,649.1,1008.7,202,2,1008.6,40,2,1008.5,347,5,1008.4,830,6,1008.3,1089,18,1008.8,1105,2,1008.9,212,5,1009.0,537,13,1009.1,414,10,1009.2,484,11
317,2025-11-26 12:55:35+05:30,1008.5,8,1000.28,6667354,380946.0,450006.0,986.2,1012.2,981.3,986.2,120351000,1084.8,887.6,1102.5,649.1,1008.7,202,2,1008.6,40,2,1008.5,347,5,1008.4,830,6,1008.3,1089,18,1008.8,1105,2,1008.9,212,5,1009.0,537,13,1009.1,414,10,1009.2,484,11
317,2025-11-26 12:55:35+05:30,1008.5,2,1000.28,6668344,384105.0,450227.0,986.2,1012.2,981.3,986.2,120351000,1084.8,887.6,1102.5,649.1,1008.3,345,6,1008.2,1615,19,1008.1,3330,18,1008.0,1779,27,1007.9,848,12,1008.5,21,1,1008.7,207,2,1008.8,1226,3,1008.9,420,8,1009.0,873,17
317,2025-11-26 12:55:36+05:30,1008.5,2,1000.28,6668344,384105.0,450227.0,986.2,1012.2,981.3,986.2,120351000,1084.8,887.6,1102.5,649.1,1008.3,345,6,1008.2,1615,19,1008.1,3330,18,1008.0,1779,27,1007.9,848,12,1008.5,21,1,1008.7,207,2,1008.8,1226,3,1008.9,420,8,1009.0,873,17
317,2025-11-26 12:55:36+05:30,1008.4,166,1000.28,6668510,385697.0,450615.0,986.2,1012.2,981.3,986.2,120351000,1084.8,887.6,1102.5,649.1,1008.3,372,6,1008.2,1273,17,1008.1,5149,21,1008.0,1803,28,1007.9,724,11,1008.4,99,1,1008.5,21,1,1008.7,207,2,1008.8,1127,3,1008.9,502,9
317,2025-11-26 12:55:37+05:30,1008.2,7,1000.28,6668510,385697.0,450615.0,986.2,1012.2,981.3,986.2,120351000,1084.8,887.6,1102.5,649.1,1008.3,372,6,1008.2,1273,17,1008.1,5149,21,1008.0,1803,28,1007.9,724,11,1008.4,99,1,1008.5,21,1,1008.7,207,2,1008.8,1127,3,1008.9,502,9
317,2025-11-26 12:55:37+05:30,1008.2,7,1000.28,6668962,385925.0,450904.0,986.2,1012.2,981.3,986.2,120351000,1084.8,887.6,1102.5,649.1,1008.2,1507,16,1008.1,5241,22,1008.0,1755,27,1007.9,848,12,1007.8,1451,8,1008.4,99,1,1008.5,21,1,1008.7,207,2,1008.8,1277,5,1008.9,502,9
317,2025-11-26 12:55:38+05:30,1008.4,97,1000.28,6668962,385925.0,450904.0,986.2,1012.2,981.3,986.2,120351000,1084.8,887.6,1102.5,649.1,1008.2,1507,16,1008.1,5241,22,1008.0,1755,27,1007.9,848,12,1007.8,1451,8,1008.4,99,1,1008.5,21,1,1008.7,207,2,1008.8,1277,5,1008.9,502,9
317,2025-11-26 12:55:38+05:30,1008.4,97,1000.28,6669061,383328.0,451516.0,986.2,1012.2,981.3,986.2,120351000,1084.8,887.6,1102.5,649.1,1008.2,832,7,1008.1,894,12,1008.0,1367,28,1007.9,1532,12,1007.8,3267,19,1008.4,99,1,1008.5,63,2,1008.6,34,1,1008.7,331,3,1008.8,1277,5
317,2025-11-26 12:55:39+05:30,1008.4,700,1000.29,6675090,380156.0,451237.0,986.2,1012.2,981.3,986.2,120351000,1084.8,887.6,1102.5,649.1,1008.1,1140,6,1008.0,1470,13,1007.9,1053,5,1007.8,2930,12,1007.7,1748,19,1008.4,16,1,1008.5,63,2,1008.6,103,2,1008.7,452,6,1008.8,1321,6
317,2025-11-26 12:55:40+05:30,1008.4,1,1000.29,6675090,380156.0,451237.0,986.2,1012.2,981.3,986.2,120351000,1084.8,887.6,1102.5,649.1,1008.1,1140,6,1008.0,1470,13,1007.9,1053,5,1007.8,2930,12,1007.7,1748,19,1008.4,16,1,1008.5,63,2,1008.6,103,2,1008.7,452,6,1008.8,1321,6
317,2025-11-26 12:55:40+05:30,1008.3,2,1000.29,6676099,383256.0,451572.0,986.2,1012.2,981.3,986.2,120351000,1084.8,887.6,1102.5,649.1,1008.2,992,4,1008.1,1223,7,1008.0,986,14,1007.9,1622,9,1007.8,3067,13,1008.3,31,1,1008.4,15,1,1008.5,63,2,1008.6,34,1,1008.7,131,3
317,2025-11-26 12:55:41+05:30,1008.2,15,1000.29,6676099,383256.0,451572.0,986.2,1012.2,981.3,986.2,120351000,1084.8,887.6,1102.5,649.1,1008.2,992,4,1008.1,1223,7,1008.0,986,14,1007.9,1622,9,1007.8,3067,13,1008.3,31,1,1008.4,15,1,1008.5,63,2,1008.6,34,1,1008.7,131,3
317,2025-11-26 12:55:41+05:30,1008.2,15,1000.29,6676114,385286.0,451571.0,986.2,1012.2,981.3,986.2,120351000,1084.8,887.6,1102.5,649.1,1008.2,977,4,1008.1,1239,8,1008.0,986,14,1007.9,2153,11,1007.8,4567,15,1008.3,31,1,1008.5,63,2,1008.6,34,1,1008.7,333,4,1008.8,1412,8
317,2025-11-26 12:55:42+05:30,1008.3,31,1000.29,6676114,385286.0,451571.0,986.2,1012.2,981.3,986.2,120351000,1084.8,887.6,1102.5,649.1,1008.2,977,4,1008.1,1239,8,1008.0,986,14,1007.9,2153,11,1007.8,4567,15,1008.3,31,1,1008.5,63,2,1008.6,34,1,1008.7,333,4,1008.8,1412,8
317,2025-11-26 12:55:42+05:30,1008.3,31,1000.29,6676145,384489.0,450329.0,986.2,1012.2,981.3,986.2,120351000,1084.8,887.6,1102.5,649.1,1008.4,735,1,1008.3,236,5,1008.2,1022,7,1008.1,1447,12,1008.0,1189,16,1008.5,42,1,1008.6,34,1,1008.7,7,2,1008.8,1221,4,1008.9,584,16
317,2025-11-26 12:55:43+05:30,1008.5,23,1000.29,6676145,384489.0,450329.0,986.2,1012.2,981.3,986.2,120351000,1084.8,887.6,1102.5,649.1,1008.4,735,1,1008.3,236,5,1008.2,1022,7,1008.1,1447,12,1008.0,1189,16,1008.5,42,1,1008.6,34,1,1008.7,7,2,1008.8,1221,4,1008.9,584,16
317,2025-11-26 12:55:43+05:30,1008.4,78,1000.29,6676246,383388.0,450400.0,986.2,1012.2,981.3,986.2,120351000,1084.8,887.6,1102.5,649.1,1008.4,670,2,1008.3,236,5,1008.2,1022,7,1008.1,1447,12,1008.0,1189,16,1008.5,20,2,1008.6,34,1,1008.7,7,2,1008.8,1221,4,1008.9,583,15
317,2025-11-26 12:55:44+05:30,1008.7,109,1000.29,6676246,383388.0,450400.0,986.2,1012.2,981.3,986.2,120351000,1084.8,887.6,1102.5,649.1,1008.4,670,2,1008.3,236,5,1008.2,1022,7,1008.1,1447,12,1008.0,1189,16,1008.5,20,2,1008.6,34,1,1008.7,7,2,1008.8,1221,4,1008.9,583,15
317,2025-11-26 12:55:44+05:30,1008.6,29,1000.29,6676924,383522.0,449007.0,986.2,1012.2,981.3,986.2,120351000,1084.8,887.6,1102.5,649.1,1008.6,469,1,1008.5,704,3,1008.4,417,5,1008.3,633,10,1008.2,981,6,1008.8,797,2,1008.9,380,9,1009.0,664,12,1009.1,672,9,1009.2,553,13
317,2025-11-26 12:55:44+05:30,1008.6,29,1000.29,6676924,383522.0,449007.0,986.2,1012.2,981.3,986.2,120351000,1084.8,887.6,1102.5,649.1,1008.6,469,1,1008.5,704,3,1008.4,417,5,1008.3,633,10,1008.2,981,6,1008.8,797,2,1008.9,380,9,1009.0,664,12,1009.1,672,9,1009.2,553,13
317,2025-11-26 12:55:45+05:30,1008.6,29,1000.29,6676924,383522.0,449007.0,986.2,1012.2,981.3,986.2,120351000,1084.8,887.6,1102.5,649.1,1008.6,469,1,1008.5,704,3,1008.4,417,5,1008.3,633,10,1008.2,981,6,1008.8,797,2,1008.9,380,9,1009.0,664,12,1009.1,672,9,1009.2,553,13
317,2025-11-26 12:55:45+05:30,1008.8,2,1000.29,6676924,383522.0,449007.0,986.2,1012.2,981.3,986.2,120351000,1084.8,887.6,1102.5,649.1,1008.6,469,1,1008.5,704,3,1008.4,417,5,1008.3,633,10,1008.2,981,6,1008.8,797,2,1008.9,380,9,1009.0,664,12,1009.1,672,9,1009.2,553,13
317,2025-11-26 12:55:45+05:30,1008.8,2,1000.29,6676924,383522.0,449007.0,986.2,1012.2,981.3,986.2,120351000,1084.8,887.6,1102.5,649.1,1008.6,469,1,1008.5,704,3,1008.4,417,5,1008.3,633,10,1008.2,981,6,1008.8,797,2,1008.9,380,9,1009.0,664,12,1009.1,672,9,1009.2,553,13
317,2025-11-26 12:55:45+05:30,1008.8,5,1000.29,6676935,384101.0,448969.0,986.2,1012.2,981.3,986.2,120351000,1084.8,887.6,1102.5,649.1,1008.6,482,2,1008.5,704,3,1008.4,421,5,1008.3,632,9,1008.2,981,6,1008.8,786,2,1008.9,284,7,1009.0,540,11,1009.1,794,11,1009.2,698,15
317,2025-11-26 12:55:46+05:30,1008.8,5,1000.29,6676935,384101.0,448969.0,986.2,1012.2,981.3,986.2,120351000,1084.8,887.6,1102.5,649.1,1008.6,482,2,1008.5,704,3,1008.4,421,5,1008.3,632,9,1008.2,981,6,1008.8,786,2,1008.9,284,7,1009.0,540,11,1009.1,794,11,1009.2,698,15
317,2025-11-26 12:55:46+05:30,1008.8,1,1000.29,6676935,384101.0,448969.0,986.2,1012.2,981.3,986.2,120351000,1084.8,887.6,1102.5,649.1,1008.6,482,2,1008.5,704,3,1008.4,421,5,1008.3,632,9,1008.2,981,6,1008.8,786,2,1008.9,284,7,1009.0,540,11,1009.1,794,11,1009.2,698,15
317,2025-11-26 12:55:46+05:30,1008.8,1,1000.29,6676935,384101.0,448969.0,986.2,1012.2,981.3,986.2,120351000,1084.8,887.6,1102.5,649.1,1008.6,482,2,1008.5,704,3,1008.4,421,5,1008.3,632,9,1008.2,981,6,1008.8,786,2,1008.9,284,7,1009.0,540,11,1009.1,794,11,1009.2,698,15
317,2025-11-26 12:55:46+05:30,1008.6,25,1000.29,6676961,384005.0,448944.0,986.2,1012.2,981.3,986.2,120351000,1084.8,887.6,1102.5,649.1,1008.6,457,2,1008.5,704,3,1008.4,421,5,1008.3,732,10,1008.2,981,6,1008.8,762,3,1008.9,283,6,1009.0,580,12,1009.1,754,10,1009.2,698,15
317,2025-11-26 12:55:46+05:30,1008.6,25,1000.29,6676961,384005.0,448944.0,986.2,1012.2,981.3,986.2,120351000,1084.8,887.6,1102.5,649.1,1008.6,457,2,1008.5,704,3,1008.4,421,5,1008.3,732,10,1008.2,981,6,1008.8,762,3,1008.9,283,6,1009.0,580,12,1009.1,754,10,1009.2,698,15
317,2025-11-26 12:55:47+05:30,1008.8,1,1000.29,6676961,384005.0,448944.0,986.2,1012.2,981.3,986.2,120351000,1084.8,887.6,1102.5,649.1,1008.6,457,2,1008.5,704,3,1008.4,421,5,1008.3,732,10,1008.2,981,6,1008.8,762,3,1008.9,283,6,1009.0,580,12,1009.1,754,10,1009.2,698,15
317,2025-11-26 12:55:47+05:30,1008.8,1,1000.29,6676961,384005.0,448944.0,986.2,1012.2,981.3,986.2,120351000,1084.8,887.6,1102.5,649.1,1008.6,457,2,1008.5,704,3,1008.4,421,5,1008.3,732,10,1008.2,981,6,1008.8,762,3,1008.9,283,6,1009.0,580,12,1009.1,754,10,1009.2,698,15
317,2025-11-26 12:55:47+05:30,1008.8,1,1000.29,6676963,384247.0,448942.0,986.2,1012.2,981.3,986.2,120351000,1084.8,887.6,1102.5,649.1,1008.6,457,2,1008.5,703,2,1008.4,421,5,1008.3,732,10,1008.2,981,6,1008.8,760,3,1008.9,283,6,1009.0,580,12,1009.1,754,10,1009.2,698,15
317,2025-11-26 12:55:47+05:30,1008.8,1,1000.29,6676963,384247.0,448942.0,986.2,1012.2,981.3,986.2,120351000,1084.8,887.6,1102.5,649.1,1008.6,457,2,1008.5,703,2,1008.4,421,5,1008.3,732,10,1008.2,981,6,1008.8,760,3,1008.9,283,6,1009.0,580,12,1009.1,754,10,1009.2,698,15
317,2025-11-26 12:55:48+05:30,1008.8,1,1000.29,6676963,384247.0,448942.0,986.2,1012.2,981.3,986.2,120351000,1084.8,887.6,1102.5,649.1,1008.6,457,2,1008.5,703,2,1008.4,421,5,1008.3,732,10,1008.2,981,6,1008.8,760,3,1008.9,283,6,1009.0,580,12,1009.1,754,10,1009.2,698,15
317,2025-11-26 12:55:48+05:30,1008.8,1,1000.29,6676963,384247.0,448942.0,986.2,1012.2,981.3,986.2,120351000,1084.8,887.6,1102.5,649.1,1008.6,457,2,1008.5,703,2,1008.4,421,5,1008.3,732,10,1008.2,981,6,1008.8,760,3,1008.9,283,6,1009.0,580,12,1009.1,754,10,1009.2,698,15
317,2025-11-26 12:55:48+05:30,1008.8,1,1000.29,6676963,384247.0,448942.0,986.2,1012.2,981.3,986.2,120351000,1084.8,887.6,1102.5,649.1,1008.6,457,2,1008.5,703,2,1008.4,421,5,1008.3,732,10,1008.2,981,6,1008.8,760,3,1008.9,283,6,1009.0,580,12,1009.1,754,10,1009.2,698,15
317,2025-11-26 12:55:48+05:30,1008.8,1,1000.29,6676963,384247.0,448942.0,986.2,1012.2,981.3,986.2,120351000,1084.8,887.6,1102.5,649.1,1008.6,457,2,1008.5,703,2,1008.4,421,5,1008.3,732,10,1008.2,981,6,1008.8,760,3,1008.9,283,6,1009.0,580,12,1009.1,754,10,1009.2,698,15
317,2025-11-26 12:55:48+05:30,1008.8,1,1000.29,6676963,384247.0,448942.0,986.2,1012.2,981.3,986.2,120358500,1084.8,887.6,1102.5,649.1,1008.6,457,2,1008.5,703,2,1008.4,421,5,1008.3,732,10,1008.2,981,6,1008.8,760,3,1008.9,283,6,1009.0,580,12,1009.1,754,10,1009.2,698,15
317,2025-11-26 12:55:49+05:30,1008.8,1,1000.29,6676963,384247.0,448942.0,986.2,1012.2,981.3,986.2,120358500,1084.8,887.6,1102.5,649.1,1008.6,457,2,1008.5,703,2,1008.4,421,5,1008.3,732,10,1008.2,981,6,1008.8,760,3,1008.9,283,6,1009.0,580,12,1009.1,754,10,1009.2,698,15
317,2025-11-26 12:55:49+05:30,1008.8,68,1000.29,6676963,384247.0,448942.0,986.2,1012.2,981.3,986.2,120358500,1084.8,887.6,1102.5,649.1,1008.6,457,2,1008.5,703,2,1008.4,421,5,1008.3,732,10,1008.2,981,6,1008.8,760,3,1008.9,283,6,1009.0,580,12,1009.1,754,10,1009.2,698,15
317,2025-11-26 12:55:49+05:30,1008.8,68,1000.29,6676963,384247.0,448942.0,986.2,1012.2,981.3,986.2,120358500,1084.8,887.6,1102.5,649.1,1008.6,457,2,1008.5,703,2,1008.4,421,5,1008.3,732,10,1008.2,981,6,1008.8,760,3,1008.9,283,6,1009.0,580,12,1009.1,754,10,1009.2,698,15
317,2025-11-26 12:55:49+05:30,1008.8,68,1000.29,6677638,383615.0,448417.0,986.2,1012.2,981.3,986.2,120358500,1084.8,887.6,1102.5,649.1,1008.6,457,2,1008.5,96,1,1008.4,526,6,1008.3,863,11,1008.2,981,6,1008.8,85,3,1008.9,163,4,1009.0,946,10,1009.1,794,11,1009.2,738,16
317,2025-11-26 12:55:50+05:30,1009.0,73,1000.29,6677638,383615.0,448417.0,986.2,1012.2,981.3,986.2,120358500,1084.8,887.6,1102.5,649.1,1008.6,457,2,1008.5,96,1,1008.4,526,6,1008.3,863,11,1008.2,981,6,1008.8,85,3,1008.9,163,4,1009.0,946,10,1009.1,794,11,1009.2,738,16
317,2025-11-26 12:55:50+05:30,1009.0,73,1000.29,6678083,384880.0,448126.0,986.2,1012.2,981.3,986.2,120358500,1084.8,887.6,1102.5,649.1,1008.6,13,1,1008.5,298,2,1008.4,1136,9,1008.3,899,12,1008.2,1476,9,1008.7,83,1,1009.0,357,6,1009.1,782,15,1009.2,1109,13,1009.3,1112,12
317,2025-11-26 12:55:51+05:30,1008.7,1,1000.29,6678083,384880.0,448126.0,986.2,1012.2,981.3,986.2,120358500,1084.8,887.6,1102.5,649.1,1008.6,13,1,1008.5,298,2,1008.4,1136,9,1008.3,899,12,1008.2,1476,9,1008.7,83,1,1009.0,357,6,1009.1,782,15,1009.2,1109,13,1009.3,1112,12
317,2025-11-26 12:55:51+05:30,1008.7,1,1000.29,6678166,384766.0,448488.0,986.2,1012.2,981.3,986.2,120358500,1084.8,887.6,1102.5,649.1,1008.6,13,1,1008.5,96,1,1008.4,909,6,1008.3,899,12,1008.2,910,9,1008.7,83,1,1008.9,5,1,1009.0,827,7,1009.1,759,15,1009.2,657,13
317,2025-11-26 12:55:52+05:30,1008.7,1,1000.29,6678166,384890.0,448434.0,986.2,1012.2,981.3,986.2,120358500,1084.8,887.6,1102.5,649.1,1008.6,13,1,1008.5,96,1,1008.4,909,6,1008.3,899,12,1008.2,910,9,1008.7,83,1,1008.8,37,1,1008.9,5,1,1009.0,907,7,1009.1,759,15
317,2025-11-26 12:55:53+05:30,1008.7,1,1000.29,6678166,384890.0,448434.0,986.2,1012.2,981.3,986.2,120358500,1084.8,887.6,1102.5,649.1,1008.6,13,1,1008.5,96,1,1008.4,909,6,1008.3,899,12,1008.2,910,9,1008.7,83,1,1008.8,37,1,1008.9,5,1,1009.0,907,7,1009.1,759,15
317,2025-11-26 12:55:53+05:30,1008.7,1,1000.29,6678200,384357.0,448886.0,986.2,1012.2,981.3,986.2,120358500,1084.8,887.6,1102.5,649.1,1008.6,13,1,1008.4,782,4,1008.3,816,10,1008.2,953,10,1008.1,1674,21,1008.7,120,2,1008.8,37,1,1008.9,41,2,1009.0,943,8,1009.1,759,15
317,2025-11-26 12:55:54+05:30,1008.7,68,1000.29,6678317,384357.0,448690.0,986.2,1012.2,981.3,986.2,120358500,1084.8,887.6,1102.5,649.1,1008.6,13,1,1008.4,782,4,1008.3,816,10,1008.2,953,10,1008.1,1674,21,1008.7,86,2,1008.8,37,1,1008.9,5,1,1009.0,979,9,1009.1,759,15
317,2025-11-26 12:55:55+05:30,1008.7,2,1000.29,6678317,384357.0,448690.0,986.2,1012.2,981.3,986.2,120358500,1084.8,887.6,1102.5,649.1,1008.6,13,1,1008.4,782,4,1008.3,816,10,1008.2,953,10,1008.1,1674,21,1008.7,86,2,1008.8,37,1,1008.9,5,1,1009.0,979,9,1009.1,759,15
317,2025-11-26 12:55:55+05:30,1008.6,13,1000.29,6678361,385627.0,448982.0,986.2,1012.2,981.3,986.2,120358500,1084.8,887.6,1102.5,649.1,1008.4,237,3,1008.3,766,10,1008.2,1046,10,1008.1,1664,20,1008.0,3859,19,1008.6,42,1,1008.7,71,1,1008.8,37,1,1008.9,253,3,1009.0,1020,8
317,2025-11-26 12:55:56+05:30,1008.6,2,1000.29,6678361,385627.0,448982.0,986.2,1012.2,981.3,986.2,120358500,1084.8,887.6,1102.5,649.1,1008.4,237,3,1008.3,766,10,1008.2,1046,10,1008.1,1664,20,1008.0,3859,19,1008.6,42,1,1008.7,71,1,1008.8,37,1,1008.9,253,3,1009.0,1020,8
317,2025-11-26 12:55:56+05:30,1008.6,2,1000.29,6678363,385695.0,448988.0,986.2,1012.2,981.3,986.2,120358500,1084.8,887.6,1102.5,649.1,1008.4,237,3,1008.3,766,10,1008.2,1046,10,1008.1,1664,20,1008.0,3914,20,1008.6,40,1,1008.7,71,1,1008.8,37,1,1008.9,253,3,1009.0,1020,8
317,2025-11-26 12:55:57+05:30,1008.6,2,1000.29,6678363,386004.0,448814.0,986.2,1012.2,981.3,986.2,120358500,1084.8,887.6,1102.5,649.1,1008.4,237,3,1008.3,766,10,1008.2,1046,10,1008.1,1664,20,1008.0,3914,20,1008.6,40,1,1008.7,71,1,1008.8,37,1,1008.9,253,3,1009.0,1020,8
317,2025-11-26 12:55:58+05:30,1008.6,2,1000.29,6678363,386005.0,448979.0,986.2,1012.2,981.3,986.2,120358500,1084.8,887.6,1102.5,649.1,1008.4,237,3,1008.3,669,9,1008.2,1046,10,1008.1,1664,20,1008.0,3914,20,1008.6,40,1,1008.7,71,1,1008.8,37,1,1008.9,253,3,1009.0,1070,9
317,2025-11-26 12:55:59+05:30,1008.4,5,1000.29,6678363,386005.0,448979.0,986.2,1012.2,981.3,986.2,120358500,1084.8,887.6,1102.5,649.1,1008.4,237,3,1008.3,669,9,1008.2,1046,10,1008.1,1664,20,1008.0,3914,20,1008.6,40,1,1008.7,71,1,1008.8,37,1,1008.9,253,3,1009.0,1070,9
317,2025-11-26 12:55:59+05:30,1008.4,1,1000.29,6678469,386226.0,449089.0,986.2,1012.2,981.3,986.2,120358500,1084.8,887.6,1102.5,649.1,1008.4,135,2,1008.3,1216,9,1008.2,1017,10,1008.1,1626,19,1008.0,3815,19,1008.6,83,1,1008.7,71,1,1008.8,37,1,1008.9,378,5,1009.0,1070,9
317,2025-11-26 12:56:00+05:30,1008.6,1,1000.29,6678469,386226.0,449089.0,986.2,1012.2,981.3,986.2,120358500,1084.8,887.6,1102.5,649.1,1008.4,135,2,1008.3,1216,9,1008.2,1017,10,1008.1,1626,19,1008.0,3815,19,1008.6,83,1,1008.7,71,1,1008.8,37,1,1008.9,378,5,1009.0,1070,9
317,2025-11-26 12:56:00+05:30,1008.4,11,1000.29,6678717,383659.0,451295.0,986.2,1012.2,981.3,986.2,120358500,1084.8,887.6,1102.5,649.1,1008.3,150,4,1008.2,599,6,1008.1,738,10,1008.0,1118,14,1007.9,1582,17,1008.4,83,1,1008.5,17,1,1008.6,5,1,1008.7,316,3,1008.8,222,4
317,2025-11-26 12:56:01+05:30,1008.3,8,1000.29,6678717,383659.0,451295.0,986.2,1012.2,981.3,986.2,120358500,1084.8,887.6,1102.5,649.1,1008.3,150,4,1008.2,599,6,1008.1,738,10,1008.0,1118,14,1007.9,1582,17,1008.4,83,1,1008.5,17,1,1008.6,5,1,1008.7,316,3,1008.8,222,4
317,2025-11-26 12:56:01+05:30,1008.4,1,1000.29,6678892,383926.0,451145.0,986.2,1012.2,981.3,986.2,120358500,1084.8,887.6,1102.5,649.1,1008.3,154,4,1008.2,558,6,1008.1,738,10,1008.0,1142,15,1007.9,1723,18,1008.4,82,1,1008.5,85,3,1008.6,5,1,1008.7,282,3,1008.8,315,4
317,2025-11-26 12:56:02+05:30,1008.4,1,1000.29,6678892,383926.0,451145.0,986.2,1012.2,981.3,986.2,120358500,1084.8,887.6,1102.5,649.1,1008.3,154,4,1008.2,558,6,1008.1,738,10,1008.0,1142,15,1007.9,1723,18,1008.4,82,1,1008.5,85,3,1008.6,5,1,1008.7,282,3,1008.8,315,4
317,2025-11-26 12:56:02+05:30,1008.4,1,1000.29,6678893,383926.0,450996.0,986.2,1012.2,981.3,986.2,120358500,1084.8,887.6,1102.5,649.1,1008.3,154,4,1008.2,558,6,1008.1,738,10,1008.0,1142,15,1007.9,1723,18,1008.4,81,1,1008.5,85,3,1008.6,5,1,1008.7,282,3,1008.8,315,4
317,2025-11-26 12:56:03+05:30,1008.4,23,1000.29,6678893,383926.0,450996.0,986.2,1012.2,981.3,986.2,120358500,1084.8,887.6,1102.5,649.1,1008.3,154,4,1008.2,558,6,1008.1,738,10,1008.0,1142,15,1007.9,1723,18,1008.4,81,1,1008.5,85,3,1008.6,5,1,1008.7,282,3,1008.8,315,4
317,2025-11-26 12:56:03+05:30,1008.4,23,1000.29,6678924,383936.0,450791.0,986.2,1012.2,981.3,986.2,120358500,1084.8,887.6,1102.5,649.1,1008.3,118,3,1008.2,558,6,1008.1,774,11,1008.0,1142,15,1007.9,1723,18,1008.4,50,1,1008.5,86,4,1008.6,5,1,1008.7,282,3,1008.8,315,4
317,2025-11-26 12:56:04+05:30,1008.4,23,1000.29,6678924,383926.0,450791.0,986.2,1012.2,981.3,986.2,120358500,1084.8,887.6,1102.5,649.1,1008.3,118,3,1008.2,558,6,1008.1,774,11,1008.0,1142,15,1007.9,1723,18,1008.4,50,1,1008.5,86,4,1008.6,5,1,1008.7,282,3,1008.8,315,4
317,2025-11-26 12:56:05+05:30,1008.4,2,1000.29,6678924,383926.0,450791.0,986.2,1012.2,981.3,986.2,120358500,1084.8,887.6,1102.5,649.1,1008.3,118,3,1008.2,558,6,1008.1,774,11,1008.0,1142,15,1007.9,1723,18,1008.4,50,1,1008.5,86,4,1008.6,5,1,1008.7,282,3,1008.8,315,4
317,2025-11-26 12:56:05+05:30,1008.3,2,1000.29,6679148,383645.0,451529.0,986.2,1012.2,981.3,986.2,120358500,1084.8,887.6,1102.5,649.1,1008.1,941,7,1008.0,889,11,1007.9,1547,13,1007.8,3269,17,1007.7,1642,16,1008.3,77,2,1008.5,69,3,1008.6,207,2,1008.7,462,5,1008.8,472,6
317,2025-11-26 12:56:06+05:30,1008.3,1,1000.29,6679148,383645.0,451529.0,986.2,1012.2,981.3,986.2,120358500,1084.8,887.6,1102.5,649.1,1008.1,941,7,1008.0,889,11,1007.9,1547,13,1007.8,3269,17,1007.7,1642,16,1008.3,77,2,1008.5,69,3,1008.6,207,2,1008.7,462,5,1008.8,472,6
317,2025-11-26 12:56:06+05:30,1008.3,1,1000.29,6679160,385262.0,450998.0,986.2,1012.2,981.3,986.2,120358500,1084.8,887.6,1102.5,649.1,1008.1,1039,8,1008.0,889,11,1007.9,1576,14,1007.8,4769,19,1007.7,1626,15,1008.3,65,2,1008.5,69,3,1008.6,221,3,1008.7,453,4,1008.8,479,7
317,2025-11-26 12:56:07+05:30,1008.3,22,1000.29,6679160,385262.0,450998.0,986.2,1012.2,981.3,986.2,120358500,1084.8,887.6,1102.5,649.1,1008.1,1039,8,1008.0,889,11,1007.9,1576,14,1007.8,4769,19,1007.7,1626,15,1008.3,65,2,1008.5,69,3,1008.6,221,3,1008.7,453,4,1008.8,479,7
317,2025-11-26 12:56:07+05:30,1008.3,22,1000.29,6679247,384693.0,451279.0,986.2,1012.2,981.3,986.2,120358500,1084.8,887.6,1102.5,649.1,1008.1,600,9,1008.0,932,11,1007.9,1576,14,1007.8,4756,16,1007.7,2410,18,1008.3,17,1,1008.5,69,3,1008.6,231,4,1008.7,453,4,1008.8,472,6
317,2025-11-26 12:56:08+05:30,1008.3,22,1000.29,6679247,384693.0,451304.0,986.2,1012.2,981.3,986.2,120358500,1084.8,887.6,1102.5,649.1,1008.1,600,9,1008.0,932,11,1007.9,1576,14,1007.8,4756,16,1007.7,2410,18,1008.3,17,1,1008.5,69,3,1008.6,231,4,1008.7,455,5,1008.8,472,6
317,2025-11-26 12:56:09+05:30,1008.3,22,1000.29,6679247,384693.0,451281.0,986.2,1012.2,981.3,986.2,120358500,1084.8,887.6,1102.5,649.1,1008.1,600,9,1008.0,932,11,1007.9,1576,14,1007.8,4756,16,1007.7,2410,18,1008.3,17,1,1008.5,69,3,1008.6,231,4,1008.7,455,5,1008.8,472,6
317,2025-11-26 12:56:10+05:30,1008.3,1,1000.29,6679247,384693.0,451281.0,986.2,1012.2,981.3,986.2,120358500,1084.8,887.6,1102.5,649.1,1008.1,600,9,1008.0,932,11,1007.9,1576,14,1007.8,4756,16,1007.7,2410,18,1008.3,17,1,1008.5,69,3,1008.6,231,4,1008.7,455,5,1008.8,472,6
317,2025-11-26 12:56:10+05:30,1008.1,24,1000.29,6679428,381025.0,449841.0,986.2,1012.2,981.3,986.2,120358500,1084.8,887.6,1102.5,649.1,1008.2,840,5,1008.1,580,7,1008.0,1162,13,1007.9,1749,14,1007.8,3256,14,1008.5,69,3,1008.6,24,2,1008.7,203,3,1008.8,319,4,1008.9,1067,9
317,2025-11-26 12:56:11+05:30,1008.5,26,1000.29,6679428,381025.0,449841.0,986.2,1012.2,981.3,986.2,120358500,1084.8,887.6,1102.5,649.1,1008.2,840,5,1008.1,580,7,1008.0,1162,13,1007.9,1749,14,1007.8,3256,14,1008.5,69,3,1008.6,24,2,1008.7,203,3,1008.8,319,4,1008.9,1067,9
317,2025-11-26 12:56:11+05:30,1008.5,67,1000.29,6679818,389937.0,448143.0,986.2,1012.2,981.3,986.2,120358500,1084.8,887.6,1102.5,649.1,1008.4,1026,7,1008.3,845,11,1008.2,954,8,1008.1,2198,15,1008.0,5826,29,1008.5,10,1,1008.6,14,1,1008.7,73,2,1008.9,124,1,1009.0,374,3
317,2025-11-26 12:56:12+05:30,1008.4,1,1000.29,6679818,389937.0,448143.0,986.2,1012.2,981.3,986.2,120358500,1084.8,887.6,1102.5,649.1,1008.4,1026,7,1008.3,845,11,1008.2,954,8,1008.1,2198,15,1008.0,5826,29,1008.5,10,1,1008.6,14,1,1008.7,73,2,1008.9,124,1,1009.0,374,3
317,2025-11-26 12:56:12+05:30,1008.4,1,1000.29,6679937,387349.0,448550.0,986.2,1012.2,981.3,986.2,120358500,1084.8,887.6,1102.5,649.1,1008.4,145,4,1008.3,596,8,1008.2,752,7,1008.1,1533,14,1008.0,5702,29,1008.5,10,1,1008.6,14,1,1008.7,71,1,1008.8,1,1,1008.9,326,2
317,2025-11-26 12:56:13+05:30,1008.5,11,1000.29,6679937,387349.0,448550.0,986.2,1012.2,981.3,986.2,120358500,1084.8,887.6,1102.5,649.1,1008.4,145,4,1008.3,596,8,1008.2,752,7,1008.1,1533,14,1008.0,5702,29,1008.5,10,1,1008.6,14,1,1008.7,71,1,1008.8,1,1,1008.9,326,2
317,2025-11-26 12:56:13+05:30,1008.4,53,1000.29,6680136,387484.0,447861.0,986.2,1012.2,981.3,986.2,120358500,1084.8,887.6,1102.5,649.1,1008.4,813,6,1008.3,462,7,1008.2,1478,9,1008.1,3910,17,1008.0,3495,25,1008.6,14,1,1008.7,71,1,1008.8,1,1,1008.9,326,2,1009.0,386,5
317,2025-11-26 12:56:14+05:30,1009.3,2,1000.29,6680136,387484.0,447861.0,986.2,1012.2,981.3,986.2,120358500,1084.8,887.6,1102.5,649.1,1008.4,813,6,1008.3,462,7,1008.2,1478,9,1008.1,3910,17,1008.0,3495,25,1008.6,14,1,1008.7,71,1,1008.8,1,1,1008.9,326,2,1009.0,386,5
317,2025-11-26 12:56:14+05:30,1009.5,11,1000.3,6685978,389624.0,438055.0,986.2,1012.2,981.3,986.2,120358500,1084.8,887.6,1102.5,649.1,1009.1,112,1,1009.0,135,3,1008.9,351,4,1008.8,1551,11,1008.7,1762,13,1009.5,819,6,1009.6,210,6,1009.7,338,5,1009.8,893,8,1009.9,780,14
317,2025-11-26 12:56:15+05:30,1009.5,2,1000.3,6685978,389624.0,438055.0,986.2,1012.2,981.3,986.2,120358500,1084.8,887.6,1102.5,649.1,1009.1,112,1,1009.0,135,3,1008.9,351,4,1008.8,1551,11,1008.7,1762,13,1009.5,819,6,1009.6,210,6,1009.7,338,5,1009.8,893,8,1009.9,780,14
317,2025-11-26 12:56:15+05:30,1009.1,41,1000.3,6686121,390728.0,438348.0,986.2,1012.2,981.3,986.2,120358500,1084.8,887.6,1102.5,649.1,1009.1,962,7,1009.0,499,5,1008.9,1170,13,1008.8,1647,13,1008.7,2660,16,1009.5,694,5,1009.6,183,6,1009.7,261,3,1009.8,308,4,1009.9,1008,14
317,2025-11-26 12:56:16+05:30,1009.1,29,1000.3,6686121,390728.0,438348.0,986.2,1012.2,981.3,986.2,120358500,1084.8,887.6,1102.5,649.1,1009.1,962,7,1009.0,499,5,1008.9,1170,13,1008.8,1647,13,1008.7,2660,16,1009.5,694,5,1009.6,183,6,1009.7,261,3,1009.8,308,4,1009.9,1008,14
317,2025-11-26 12:56:16+05:30,1009.1,29,1000.3,6686223,389748.0,438624.0,986.2,1012.2,981.3,986.2,120358500,1084.8,887.6,1102.5,649.1,1009.1,672,4,1009.0,591,7,1008.9,958,13,1008.8,1694,15,1008.7,2660,16,1009.4,130,1,1009.5,693,6,1009.6,183,6,1009.7,314,5,1009.8,359,6
317,2025-11-26 12:56:17+05:30,1009.1,30,1000.3,6686223,389748.0,438624.0,986.2,1012.2,981.3,986.2,120358500,1084.8,887.6,1102.5,649.1,1009.1,672,4,1009.0,591,7,1008.9,958,13,1008.8,1694,15,1008.7,2660,16,1009.4,130,1,1009.5,693,6,1009.6,183,6,1009.7,314,5,1009.8,359,6
317,2025-11-26 12:56:17+05:30,1009.1,30,1000.3,6686253,388623.0,439194.0,986.2,1012.2,981.3,986.2,120358500,1084.8,887.6,1102.5,649.1,1009.1,148,3,1009.0,881,6,1008.9,571,11,1008.8,1293,15,1008.7,1926,16,1009.4,130,1,1009.5,750,7,1009.6,183,6,1009.7,336,6,1009.8,381,7
317,2025-11-26 12:56:18+05:30,1009.4,5,1000.3,6686253,388623.0,439194.0,986.2,1012.2,981.3,986.2,120358500,1084.8,887.6,1102.5,649.1,1009.1,148,3,1009.0,881,6,1008.9,571,11,1008.8,1293,15,1008.7,1926,16,1009.4,130,1,1009.5,750,7,1009.6,183,6,1009.7,336,6,1009.8,381,7
317,2025-11-26 12:56:18+05:30,1009.4,5,1000.3,6686258,388666.0,439220.0,986.2,1012.2,981.3,986.2,120358500,1084.8,887.6,1102.5,649.1,1009.1,161,4,1009.0,849,5,1008.9,692,13,1008.8,1293,15,1008.7,1926,16,1009.4,125,1,1009.5,750,7,1009.6,183,6,1009.7,308,5,1009.8,441,10
317,2025-11-26 12:56:19+05:30,1009.4,5,1000.3,6686258,388345.0,439455.0,986.2,1012.2,981.3,986.2,120358500,1084.8,887.6,1102.5,649.1,1009.1,59,3,1009.0,725,3,1008.9,603,12,1008.8,1027,15,1008.7,2224,17,1009.4,125,1,1009.5,782,8,1009.6,268,9,1009.7,354,6,1009.8,711,10
317,2025-11-26 12:56:20+05:30,1009.4,1,1000.3,6686258,388345.0,439455.0,986.2,1012.2,981.3,986.2,120358500,1084.8,887.6,1102.5,649.1,1009.1,59,3,1009.0,725,3,1008.9,603,12,1008.8,1027,15,1008.7,2224,17,1009.4,125,1,1009.5,782,8,1009.6,268,9,1009.7,354,6,1009.8,711,10
317,2025-11-26 12:56:20+05:30,1009.4,1,1000.3,6686261,387737.0,439735.0,986.2,1012.2,981.3,986.2,120358500,1084.8,887.6,1102.5,649.1,1009.1,59,3,1009.0,817,4,1008.9,471,6,1008.8,1042,15,1008.7,1525,16,1009.4,122,1,1009.5,782,8,1009.6,375,10,1009.7,386,7,1009.8,679,8
317,2025-11-26 12:56:21+05:30,1009.2,1,1000.3,6686261,387737.0,439735.0,986.2,1012.2,981.3,986.2,120358500,1084.8,887.6,1102.5,649.1,1009.1,59,3,1009.0,817,4,1008.9,471,6,1008.8,1042,15,1008.7,1525,16,1009.4,122,1,1009.5,782,8,1009.6,375,10,1009.7,386,7,1009.8,679,8
317,2025-11-26 12:56:21+05:30,1009.2,1,1000.3,6686262,386955.0,441208.0,986.2,1012.2,981.3,986.2,120358500,1084.8,887.6,1102.5,649.1,1009.1,36,2,1009.0,21,1,1008.9,625,4,1008.8,757,12,1008.7,1382,17,1009.2,141,1,1009.4,122,1,1009.5,891,9,1009.6,375,10,1009.7,367,7
317,2025-11-26 12:56:22+05:30,1009.2,1,1000.3,6686262,388442.0,441264.0,986.2,1012.2,981.3,986.2,120358500,1084.8,887.6,1102.5,649.1,1009.1,36,2,1009.0,21,1,1008.9,625,4,1008.8,749,12,1008.7,1369,16,1009.2,141,1,1009.3,42,1,1009.4,122,1,1009.5,891,9,1009.6,329,9
317,2025-11-26 12:56:23+05:30,1009.2,23,1000.3,6686262,388442.0,441264.0,986.2,1012.2,981.3,986.2,120358500,1084.8,887.6,1102.5,649.1,1009.1,36,2,1009.0,21,1,1008.9,625,4,1008.8,749,12,1008.7,1369,16,1009.2,141,1,1009.3,42,1,1009.4,122,1,1009.5,891,9,1009.6,329,9
317,2025-11-26 12:56:23+05:30,1009.2,23,1000.3,6686294,388473.0,441249.0,986.2,1012.2,981.3,986.2,120358500,1084.8,887.6,1102.5,649.1,1009.1,35,2,1009.0,21,1,1008.9,755,5,1008.8,771,13,1008.7,1369,16,1009.2,110,1,1009.3,42,1,1009.4,122,1,1009.5,913,10,1009.6,329,9
317,2025-11-26 12:56:24+05:30,1009.2,23,1000.3,6686294,388461.0,441203.0,986.2,1012.2,981.3,986.2,120358500,1084.8,887.6,1102.5,649.1,1009.1,35,2,1009.0,21,1,1008.9,755,5,1008.8,771,13,1008.7,1369,16,1009.2,110,1,1009.3,42,1,1009.4,122,1,1009.5,891,9,1009.6,329,9
317,2025-11-26 12:56:25+05:30,1009.2,1,1000.3,6686294,388461.0,441203.0,986.2,1012.2,981.3,986.2,120358500,1084.8,887.6,1102.5,649.1,1009.1,35,2,1009.0,21,1,1008.9,755,5,1008.8,771,13,1008.7,1369,16,1009.2,110,1,1009.3,42,1,1009.4,122,1,1009.5,891,9,1009.6,329,9
317,2025-11-26 12:56:25+05:30,1009.1,195,1000.3,6686551,388926.0,441518.0,986.2,1012.2,981.3,986.2,120358500,1084.8,887.6,1102.5,649.1,1009.0,21,1,1008.9,657,5,1008.8,614,9,1008.7,1369,16,1008.6,1783,15,1009.1,142,1,1009.3,47,2,1009.4,122,1,1009.5,961,10,1009.6,322,8
317,2025-11-26 12:56:26+05:30,1009.1,2,1000.3,6686551,388926.0,441518.0,986.2,1012.2,981.3,986.2,120358500,1084.8,887.6,1102.5,649.1,1009.0,21,1,1008.9,657,5,1008.8,614,9,1008.7,1369,16,1008.6,1783,15,1009.1,142,1,1009.3,47,2,1009.4,122,1,1009.5,961,10,1009.6,322,8
317,2025-11-26 12:56:26+05:30,1009.1,2,1000.3,6686553,389137.0,441571.0,986.2,1012.2,981.3,986.2,120358500,1084.8,887.6,1102.5,649.1,1009.0,21,1,1008.9,625,4,1008.8,646,10,1008.7,1399,17,1008.6,1783,15,1009.1,165,2,1009.3,47,2,1009.4,122,1,1009.5,961,10,1009.6,323,9
317,2025-11-26 12:56:27+05:30,1009.1,2,1000.3,6686553,388945.0,441734.0,986.2,1012.2,981.3,986.2,120358500,1084.8,887.6,1102.5,649.1,1009.0,21,1,1008.9,536,3,1008.8,576,9,1008.7,1399,17,1008.6,1821,16,1009.1,166,3,1009.2,300,1,1009.3,47,2,1009.4,193,3,1009.5,1035,12
317,2025-11-26 12:56:28+05:30,1009.1,2,1000.3,6686553,389021.0,441754.0,986.2,1012.2,981.3,986.2,120358500,1084.8,887.6,1102.5,649.1,1009.0,21,1,1008.9,57,2,1008.8,1001,9,1008.7,1399,17,1008.6,1821,16,1009.1,166,3,1009.2,344,2,1009.3,5,1,1009.4,239,4,1009.5,1007,11
317,2025-11-26 12:56:29+05:30,1009.1,1,1000.3,6686553,389021.0,441754.0,986.2,1012.2,981.3,986.2,120358500,1084.8,887.6,1102.5,649.1,1009.0,21,1,1008.9,57,2,1008.8,1001,9,1008.7,1399,17,1008.6,1821,16,1009.1,166,3,1009.2,344,2,1009.3,5,1,1009.4,239,4,1009.5,1007,11
317,2025-11-26 12:56:29+05:30,1009.1,1,1000.3,6686554,389280.0,441753.0,986.2,1012.2,981.3,986.2,120358500,1084.8,887.6,1102.5,649.1,1009.0,21,1,1008.9,562,3,1008.8,544,8,1008.7,1431,18,1008.6,1821,16,1009.1,165,3,1009.2,344,2,1009.3,5,1,1009.4,239,4,1009.5,1007,11
317,2025-11-26 12:56:30+05:30,1009.1,28,1000.3,6686554,389280.0,441753.0,986.2,1012.2,981.3,986.2,120358500,1084.8,887.6,1102.5,649.1,1009.0,21,1,1008.9,562,3,1008.8,544,8,1008.7,1431,18,1008.6,1821,16,1009.1,165,3,1009.2,344,2,1009.3,5,1,1009.4,239,4,1009.5,1007,11
317,2025-11-26 12:56:30+05:30,1009.1,59,1000.3,6687768,387204.0,441024.0,986.2,1012.2,981.3,986.2,120358500,1084.8,887.6,1102.5,649.1,1009.1,113,1,1009.0,13,1,1008.9,781,5,1008.8,1036,11,1008.7,1145,18,1009.2,344,2,1009.3,5,1,1009.4,147,2,1009.5,929,9,1009.6,322,8
317,2025-11-26 12:56:31+05:30,1009.2,1,1000.3,6687768,387204.0,441024.0,986.2,1012.2,981.3,986.2,120358500,1084.8,887.6,1102.5,649.1,1009.1,113,1,1009.0,13,1,1008.9,781,5,1008.8,1036,11,1008.7,1145,18,1009.2,344,2,1009.3,5,1,1009.4,147,2,1009.5,929,9,1009.6,322,8
317,2025-11-26 12:56:31+05:30,1009.2,106,1000.3,6687875,386737.0,441548.0,986.2,1012.2,981.3,986.2,120358500,1084.8,887.6,1102.5,649.1,1009.1,113,1,1009.0,91,2,1008.9,810,6,1008.8,836,11,1008.7,1414,18,1009.2,237,2,1009.3,5,1,1009.4,150,3,1009.5,929,9,1009.6,322,8
317,2025-11-26 12:56:32+05:30,1009.2,106,1000.3,6687875,386737.0,441548.0,986.2,1012.2,981.3,986.2,120358500,1084.8,887.6,1102.5,649.1,1009.1,113,1,1009.0,91,2,1008.9,810,6,1008.8,836,11,1008.7,1414,18,1009.2,237,2,1009.3,5,1,1009.4,150,3,1009.5,929,9,1009.6,322,8
317,2025-11-26 12:56:32+05:30,1009.2,106,1000.3,6687875,386835.0,441631.0,986.2,1012.2,981.3,986.2,120358500,1084.8,887.6,1102.5,649.1,1009.1,113,1,1009.0,13,1,1008.9,781,5,1008.8,865,12,1008.7,1414,18,1009.2,237,2,1009.3,48,2,1009.4,151,4,1009.5,929,9,1009.6,353,10
317,2025-11-26 12:56:33+05:30,1009.1,118,1000.3,6687875,386835.0,441631.0,986.2,1012.2,981.3,986.2,120358500,1084.8,887.6,1102.5,649.1,1009.1,113,1,1009.0,13,1,1008.9,781,5,1008.8,865,12,1008.7,1414,18,1009.2,237,2,1009.3,48,2,1009.4,151,4,1009.5,929,9,1009.6,353,10
317,2025-11-26 12:56:33+05:30,1009.1,118,1000.3,6688024,386422.0,441809.0,986.2,1012.2,981.3,986.2,120358500,1084.8,887.6,1102.5,649.1,1009.1,172,1,1009.0,105,2,1008.9,755,5,1008.8,729,9,1008.7,985,14,1009.2,246,3,1009.3,48,2,1009.4,151,4,1009.5,1014,12,1009.6,323,9
317,2025-11-26 12:56:34+05:30,1009.2,112,1000.3,6688136,386556.0,441624.0,986.2,1012.2,981.3,986.2,120358500,1084.8,887.6,1102.5,649.1,1009.1,172,1,1009.0,211,3,1008.9,844,6,1008.8,729,9,1008.7,985,14,1009.2,134,3,1009.3,48,2,1009.4,180,5,1009.5,939,10,1009.6,323,9
317,2025-11-26 12:56:35+05:30,1009.2,2,1000.3,6688136,386556.0,441624.0,986.2,1012.2,981.3,986.2,120358500,1084.8,887.6,1102.5,649.1,1009.1,172,1,1009.0,211,3,1008.9,844,6,1008.8,729,9,1008.7,985,14,1009.2,134,3,1009.3,48,2,1009.4,180,5,1009.5,939,10,1009.6,323,9
317,2025-11-26 12:56:35+05:30,1009.2,1,1000.3,6688139,386590.0,441716.0,986.2,1012.2,981.3,986.2,120358500,1084.8,887.6,1102.5,649.1,1009.1,185,2,1009.0,211,3,1008.9,844,6,1008.8,779,11,1008.7,1283,15,1009.2,131,3,1009.3,48,2,1009.4,551,5,1009.5,568,10,1009.6,328,10
317,2025-11-26 12:56:36+05:30,1009.2,1,1000.3,6688139,386590.0,441716.0,986.2,1012.2,981.3,986.2,120358500,1084.8,887.6,1102.5,649.1,1009.1,185,2,1009.0,211,3,1008.9,844,6,1008.8,779,11,1008.7,1283,15,1009.2,131,3,1009.3,48,2,1009.4,551,5,1009.5,568,10,1009.6,328,10
317,2025-11-26 12:56:36+05:30,1009.2,1,1000.3,6688139,386289.0,441704.0,986.2,1012.2,981.3,986.2,120358500,1084.8,887.6,1102.5,649.1,1009.1,185,2,1009.0,105,2,1008.9,755,5,1008.8,647,8,1008.7,1270,14,1009.2,131,3,1009.3,48,2,1009.4,580,6,1009.5,539,9,1009.6,328,10
317,2025-11-26 12:56:37+05:30,1009.2,1,1000.3,6688139,386131.0,441704.0,986.2,1012.2,981.3,986.2,120358500,1084.8,887.6,1102.5,649.1,1009.1,185,2,1009.0,126,3,1008.9,755,5,1008.8,776,10,1008.7,1330,18,1009.2,131,3,1009.3,48,2,1009.4,551,5,1009.5,568,10,1009.6,328,10
317,2025-11-26 12:56:38+05:30,1009.2,1,1000.3,6688139,386131.0,441704.0,986.2,1012.2,981.3,986.2,120358500,1084.8,887.6,1102.5,649.1,1009.1,185,2,1009.0,126,3,1008.9,755,5,1008.8,776,10,1008.7,1330,18,1009.2,131,3,1009.3,48,2,1009.4,551,5,1009.5,568,10,1009.6,328,10
317,2025-11-26 12:56:38+05:30,1009.2,1,1000.3,6688140,386145.0,441731.0,986.2,1012.2,981.3,986.2,120358500,1084.8,887.6,1102.5,649.1,1009.1,185,2,1009.0,126,3,1008.9,755,5,1008.8,789,11,1008.7,1330,18,1009.2,131,4,1009.3,48,2,1009.4,551,5,1009.5,595,11,1009.6,328,10
317,2025-11-26 12:56:39+05:30,1009.2,1,1000.3,6688140,386014.0,441769.0,986.2,1012.2,981.3,986.2,120358500,1084.8,887.6,1102.5,649.1,1009.1,185,2,1009.0,34,2,1008.9,755,5,1008.8,729,9,1008.7,1359,19,1009.2,186,6,1009.3,48,2,1009.4,580,6,1009.5,631,11,1009.6,328,10
317,2025-11-26 12:56:40+05:30,1009.2,1,1000.3,6688140,386014.0,441769.0,986.2,1012.2,981.3,986.2,120358500,1084.8,887.6,1102.5,649.1,1009.1,185,2,1009.0,34,2,1008.9,755,5,1008.8,729,9,1008.7,1359,19,1009.2,186,6,1009.3,48,2,1009.4,580,6,1009.5,631,11,1009.6,328,10
317,2025-11-26 12:56:41+05:30,1009.1,2,1000.3,6688446,387621.0,441587.0,986.2,1012.2,981.3,986.2,120358500,1084.8,887.6,1102.5,649.1,1009.0,34,2,1008.9,276,4,1008.8,729,9,1008.7,1032,17,1008.6,2018,15,1009.1,16,1,1009.2,185,6,1009.3,48,2,1009.4,597,6,1009.5,657,12
317,2025-11-26 12:56:41+05:30,1009.1,2,1000.3,6688446,387621.0,441587.0,986.2,1012.2,981.3,986.2,120358500,1084.8,887.6,1102.5,649.1,1009.0,34,2,1008.9,276,4,1008.8,729,9,1008.7,1032,17,1008.6,2018,15,1009.1,16,1,1009.2,185,6,1009.3,48,2,1009.4,597,6,1009.5,657,12
317,2025-11-26 12:56:42+05:30,1009.0,11,1000.3,6688596,387723.0,442063.0,986.2,1012.2,981.3,986.2,120358500,1084.8,887.6,1102.5,649.1,1009.0,31,2,1008.9,146,3,1008.8,666,8,1008.7,1058,18,1008.6,1728,14,1009.1,187,2,1009.2,185,6,1009.3,5,1,1009.4,501,6,1009.5,631,11
317,2025-11-26 12:56:42+05:30,1009.0,6,1000.3,6688596,387723.0,442063.0,986.2,1012.2,981.3,986.2,120358500,1084.8,887.6,1102.5,649.1,1009.0,31,2,1008.9,146,3,1008.8,666,8,1008.7,1058,18,1008.6,1728,14,1009.1,187,2,1009.2,185,6,1009.3,5,1,1009.4,501,6,1009.5,631,11
317,2025-11-26 12:56:43+05:30,1009.1,5,1000.3,6688728,387552.0,442093.0,986.2,1012.2,981.3,986.2,120358500,1084.8,887.6,1102.5,649.1,1009.0,36,2,1008.8,534,7,1008.7,1311,18,1008.6,1754,15,1008.5,3347,16,1009.1,155,1,1009.2,185,6,1009.3,54,3,1009.4,547,7,1009.5,631,11
317,2025-11-26 12:56:43+05:30,1009.1,5,1000.3,6688728,387552.0,442093.0,986.2,1012.2,981.3,986.2,120358500,1084.8,887.6,1102.5,649.1,1009.0,36,2,1008.8,534,7,1008.7,1311,18,1008.6,1754,15,1008.5,3347,16,1009.1,155,1,1009.2,185,6,1009.3,54,3,1009.4,547,7,1009.5,631,11
317,2025-11-26 12:56:44+05:30,1008.8,41,1000.3,6689046,386963.0,442663.0,986.2,1012.2,981.3,986.2,120358500,1084.8,887.6,1102.5,649.1,1008.8,376,6,1008.7,1045,19,1008.6,1689,13,1008.5,3321,15,1008.4,2577,13,1009.1,139,1,1009.2,255,7,1009.3,28,2,1009.4,573,7,1009.5,592,12
317,2025-11-26 12:56:44+05:30,1009.1,2,1000.3,6689046,386963.0,442663.0,986.2,1012.2,981.3,986.2,120358500,1084.8,887.6,1102.5,649.1,1008.8,376,6,1008.7,1045,19,1008.6,1689,13,1008.5,3321,15,1008.4,2577,13,1009.1,139,1,1009.2,255,7,1009.3,28,2,1009.4,573,7,1009.5,592,12
317,2025-11-26 12:56:45+05:30,1009.1,3,1000.3,6689051,387776.0,442684.0,986.2,1012.2,981.3,986.2,120358500,1084.8,887.6,1102.5,649.1,1008.8,909,6,1008.7,1045,19,1008.6,1702,14,1008.5,3373,16,1008.4,2642,15,1009.1,134,1,1009.2,255,7,1009.3,28,2,1009.4,549,7,1009.5,618,13
317,2025-11-26 12:56:45+05:30,1009.1,3,1000.3,6689051,387776.0,442684.0,986.2,1012.2,981.3,986.2,120358500,1084.8,887.6,1102.5,649.1,1008.8,909,6,1008.7,1045,19,1008.6,1702,14,1008.5,3373,16,1008.4,2642,15,1009.1,134,1,1009.2,255,7,1009.3,28,2,1009.4,549,7,1009.5,618,13
317,2025-11-26 12:56:46+05:30,1009.1,1,1000.3,6689052,387776.0,442516.0,986.2,1012.2,981.3,986.2,120358500,1084.8,887.6,1102.5,649.1,1008.8,909,6,1008.7,1343,20,1008.6,1702,14,1008.5,3373,16,1008.4,2642,15,1009.1,133,1,1009.2,255,7,1009.3,28,2,1009.4,549,7,1009.5,618,13
317,2025-11-26 12:56:46+05:30,1009.1,1,1000.3,6689052,387776.0,442516.0,986.2,1012.2,981.3,986.2,120358500,1084.8,887.6,1102.5,649.1,1008.8,909,6,1008.7,1343,20,1008.6,1702,14,1008.5,3373,16,1008.4,2642,15,1009.1,133,1,1009.2,255,7,1009.3,28,2,1009.4,549,7,1009.5,618,13
317,2025-11-26 12:56:47+05:30,1009.1,1,1000.3,6689052,387776.0,442516.0,986.2,1012.2,981.3,986.2,120358500,1084.8,887.6,1102.5,649.1,1008.8,909,6,1008.7,1343,20,1008.6,1702,14,1008.5,3373,16,1008.4,2642,15,1009.1,133,1,1009.2,255,7,1009.3,28,2,1009.4,549,7,1009.5,618,13
317,2025-11-26 12:56:47+05:30,1009.1,1,1000.3,6689054,387229.0,442487.0,986.2,1012.2,981.3,986.2,120358500,1084.8,887.6,1102.5,649.1,1008.8,362,5,1008.7,1343,20,1008.6,1702,14,1008.5,3373,16,1008.4,2642,15,1009.1,132,1,1009.2,255,7,1009.3,28,2,1009.4,549,7,1009.5,617,12
317,2025-11-26 12:56:48+05:30,1009.1,1,1000.3,6689054,385875.0,442296.0,986.2,1012.2,981.3,986.2,120358500,1084.8,887.6,1102.5,649.1,1008.8,1110,9,1008.7,1495,19,1008.6,1702,14,1008.5,2577,14,1008.4,2625,14,1009.2,259,8,1009.3,28,2,1009.4,458,7,1009.5,628,12,1009.6,506,12
317,2025-11-26 12:56:49+05:30,1009.2,2,1000.3,6689054,385875.0,442296.0,986.2,1012.2,981.3,986.2,120358500,1084.8,887.6,1102.5,649.1,1008.8,1110,9,1008.7,1495,19,1008.6,1702,14,1008.5,2577,14,1008.4,2625,14,1009.2,259,8,1009.3,28,2,1009.4,458,7,1009.5,628,12,1009.6,506,12
317,2025-11-26 12:56:49+05:30,1009.2,2,1000.3,6689056,385896.0,442294.0,986.2,1012.2,981.3,986.2,120358500,1084.8,887.6,1102.5,649.1,1008.8,1110,9,1008.7,1495,19,1008.6,1702,14,1008.5,2577,14,1008.4,2646,15,1009.2,257,8,1009.3,28,2,1009.4,458,7,1009.5,628,12,1009.6,506,12
317,2025-11-26 12:56:50+05:30,1009.2,1,1000.3,6689056,385896.0,442294.0,986.2,1012.2,981.3,986.2,120358500,1084.8,887.6,1102.5,649.1,1008.8,1110,9,1008.7,1495,19,1008.6,1702,14,1008.5,2577,14,1008.4,2646,15,1009.2,257,8,1009.3,28,2,1009.4,458,7,1009.5,628,12,1009.6,506,12
317,2025-11-26 12:56:50+05:30,1009.2,1,1000.3,6689057,385894.0,442318.0,986.2,1012.2,981.3,986.2,120358500,1084.8,887.6,1102.5,649.1,1008.8,1084,8,1008.7,1519,20,1008.6,1702,14,1008.5,2577,14,1008.4,2646,15,1009.2,256,8,1009.3,28,2,1009.4,458,7,1009.5,628,12,1009.6,531,13
317,2025-11-26 12:56:51+05:30,1009.0,1,1000.3,6689057,385894.0,442318.0,986.2,1012.2,981.3,986.2,120358500,1084.8,887.6,1102.5,649.1,1008.8,1084,8,1008.7,1519,20,1008.6,1702,14,1008.5,2577,14,1008.4,2646,15,1009.2,256,8,1009.3,28,2,1009.4,458,7,1009.5,628,12,1009.6,531,13
317,2025-11-26 12:56:51+05:30,1009.0,1,1000.3,6689058,386825.0,442399.0,986.2,1012.2,981.3,986.2,120358500,1084.8,887.6,1102.5,649.1,1008.8,90,2,1008.7,1356,18,1008.6,1635,14,1008.5,3327,15,1008.4,2358,14,1009.0,18,1,1009.2,256,8,1009.3,50,3,1009.4,614,9,1009.5,645,13
317,2025-11-26 12:56:52+05:30,1008.8,38,1000.3,6689058,386825.0,442399.0,986.2,1012.2,981.3,986.2,120358500,1084.8,887.6,1102.5,649.1,1008.8,90,2,1008.7,1356,18,1008.6,1635,14,1008.5,3327,15,1008.4,2358,14,1009.0,18,1,1009.2,256,8,1009.3,50,3,1009.4,614,9,1009.5,645,13
317,2025-11-26 12:56:52+05:30,1008.8,38,1000.3,6689199,387284.0,442431.0,986.2,1012.2,981.3,986.2,120358500,1084.8,887.6,1102.5,649.1,1008.8,26,1,1008.7,619,12,1008.6,1637,14,1008.5,4101,17,1008.4,2358,14,1009.0,18,1,1009.2,287,10,1009.3,28,2,1009.4,660,10,1009.5,653,13
317,2025-11-26 12:56:53+05:30,1009.0,23,1000.3,6689199,387284.0,442431.0,986.2,1012.2,981.3,986.2,120358500,1084.8,887.6,1102.5,649.1,1008.8,26,1,1008.7,619,12,1008.6,1637,14,1008.5,4101,17,1008.4,2358,14,1009.0,18,1,1009.2,287,10,1009.3,28,2,1009.4,660,10,1009.5,653,13
317,2025-11-26 12:56:53+05:30,1009.0,23,1000.3,6689231,387234.0,442524.0,986.2,1012.2,981.3,986.2,120358500,1084.8,887.6,1102.5,649.1,1008.8,26,1,1008.7,705,13,1008.6,2030,16,1008.5,4125,18,1008.4,2375,15,1009.0,19,1,1009.1,47,1,1009.2,287,9,1009.3,98,4,1009.4,621,10
317,2025-11-26 12:56:54+05:30,1009.0,23,1000.3,6689231,386246.0,442849.0,986.2,1012.2,981.3,986.2,120358500,1084.8,887.6,1102.5,649.1,1008.7,708,12,1008.6,1998,17,1008.5,4009,16,1008.4,1895,14,1008.3,1062,12,1009.0,19,1,1009.1,47,1,1009.2,287,9,1009.3,74,3,1009.4,645,11
317,2025-11-26 12:56:55+05:30,1009.0,2,1000.3,6689231,386246.0,442849.0,986.2,1012.2,981.3,986.2,120358500,1084.8,887.6,1102.5,649.1,1008.7,708,12,1008.6,1998,17,1008.5,4009,16,1008.4,1895,14,1008.3,1062,12,1009.0,19,1,1009.1,47,1,1009.2,287,9,1009.3,74,3,1009.4,645,11
317,2025-11-26 12:56:55+05:30,1009.0,12,1000.3,6689262,386451.0,442797.0,986.2,1012.2,981.3,986.2,120358500,1084.8,887.6,1102.5,649.1,1008.8,211,3,1008.7,983,11,1008.6,1682,16,1008.5,4021,16,1008.4,1909,15,1009.0,7,1,1009.1,47,1,1009.2,287,9,1009.3,74,3,1009.4,614,9
317,2025-11-26 12:56:56+05:30,1009.1,1,1000.3,6689262,386451.0,442797.0,986.2,1012.2,981.3,986.2,120358500,1084.8,887.6,1102.5,649.1,1008.8,211,3,1008.7,983,11,1008.6,1682,16,1008.5,4021,16,1008.4,1909,15,1009.0,7,1,1009.1,47,1,1009.2,287,9,1009.3,74,3,1009.4,614,9
317,2025-11-26 12:56:56+05:30,1009.1,1,1000.3,6689382,387137.0,443135.0,986.2,1012.2,981.3,986.2,120358500,1084.8,887.6,1102.5,649.1,1009.0,52,3,1008.8,652,2,1008.7,966,13,1008.6,1651,15,1008.5,3859,16,1009.1,46,1,1009.2,287,9,1009.3,109,3,1009.4,594,8,1009.5,642,13
317,2025-11-26 12:56:57+05:30,1009.1,3,1000.3,6689382,387137.0,443135.0,986.2,1012.2,981.3,986.2,120358500,1084.8,887.6,1102.5,649.1,1009.0,52,3,1008.8,652,2,1008.7,966,13,1008.6,1651,15,1008.5,3859,16,1009.1,46,1,1009.2,287,9,1009.3,109,3,1009.4,594,8,1009.5,642,13
317,2025-11-26 12:56:57+05:30,1009.1,3,1000.3,6689387,387131.0,443168.0,986.2,1012.2,981.3,986.2,120358500,1084.8,887.6,1102.5,649.1,1009.0,49,2,1008.9,87,1,1008.8,740,3,1008.7,966,13,1008.6,1664,16,1009.1,43,1,1009.2,287,9,1009.3,119,4,1009.4,594,8,1009.5,642,13
317,2025-11-26 12:56:58+05:30,1009.1,3,1000.3,6689387,387152.0,443239.0,986.2,1012.2,981.3,986.2,120358500,1084.8,887.6,1102.5,649.1,1009.0,70,3,1008.9,87,1,1008.8,894,5,1008.7,942,12,1008.6,1664,16,1009.1,43,1,1009.2,287,9,1009.3,119,4,1009.4,594,8,1009.5,642,13
317,2025-11-26 12:56:59+05:30,1009.1,1,1000.3,6689387,387152.0,443239.0,986.2,1012.2,981.3,986.2,120358500,1084.8,887.6,1102.5,649.1,1009.0,70,3,1008.9,87,1,1008.8,894,5,1008.7,942,12,1008.6,1664,16,1009.1,43,1,1009.2,287,9,1009.3,119,4,1009.4,594,8,1009.5,642,13
317,2025-11-26 12:56:59+05:30,1009.1,1,1000.3,6689388,386954.0,443267.0,986.2,1012.2,981.3,986.2,120358500,1084.8,887.6,1102.5,649.1,1009.0,69,2,1008.9,87,1,1008.8,764,4,1008.7,942,12,1008.6,1664,16,1009.1,42,1,1009.2,287,9,1009.3,119,4,1009.4,594,8,1009.5,642,13
317,2025-11-26 12:57:00+05:30,1009.0,8,1000.3,6689388,386954.0,443267.0,986.2,1012.2,981.3,986.2,120358500,1084.8,887.6,1102.5,649.1,1009.0,69,2,1008.9,87,1,1008.8,764,4,1008.7,942,12,1008.6,1664,16,1009.1,42,1,1009.2,287,9,1009.3,119,4,1009.4,594,8,1009.5,642,13
317,2025-11-26 12:57:00+05:30,1009.0,8,1000.3,6689538,386629.0,443292.0,986.2,1012.2,981.3,986.2,120358500,1084.8,887.6,1102.5,649.1,1009.0,13,1,1008.9,87,1,1008.8,163,2,1008.7,589,9,1008.6,1709,18,1009.1,41,1,1009.2,287,9,1009.3,38,3,1009.4,594,8,1009.5,778,14
317,2025-11-26 12:57:01+05:30,1009.1,1,1000.3,6689538,386629.0,443292.0,986.2,1012.2,981.3,986.2,120358500,1084.8,887.6,1102.5,649.1,1009.0,13,1,1008.9,87,1,1008.8,163,2,1008.7,589,9,1008.6,1709,18,1009.1,41,1,1009.2,287,9,1009.3,38,3,1009.4,594,8,1009.5,778,14
317,2025-11-26 12:57:01+05:30,1009.1,1,1000.3,6689636,387123.0,443321.0,986.2,1012.2,981.3,986.2,120358500,1084.8,887.6,1102.5,649.1,1009.0,5,1,1008.9,87,1,1008.8,791,4,1008.7,693,10,1008.6,1709,18,1009.1,40,1,1009.2,287,9,1009.3,38,3,1009.4,594,8,1009.5,778,14
317,2025-11-26 12:57:02+05:30,1009.1,1,1000.3,6689636,387123.0,443321.0,986.2,1012.2,981.3,986.2,120358500,1084.8,887.6,1102.5,649.1,1009.0,5,1,1008.9,87,1,1008.8,791,4,1008.7,693,10,1008.6,1709,18,1009.1,40,1,1009.2,287,9,1009.3,38,3,1009.4,594,8,1009.5,778,14
317,2025-11-26 12:57:02+05:30,1009.1,1,1000.3,6689637,387026.0,443458.0,986.2,1012.2,981.3,986.2,120358500,1084.8,887.6,1102.5,649.1,1009.0,5,1,1008.8,625,2,1008.7,823,9,1008.6,1696,17,1008.5,3807,15,1009.1,41,3,1009.2,317,9,1009.3,99,5,1009.4,640,9,1009.5,778,14
317,2025-11-26 12:57:03+05:30,1009.1,23,1000.3,6689637,387026.0,443458.0,986.2,1012.2,981.3,986.2,120358500,1084.8,887.6,1102.5,649.1,1009.0,5,1,1008.8,625,2,1008.7,823,9,1008.6,1696,17,1008.5,3807,15,1009.1,41,3,1009.2,317,9,1009.3,99,5,1009.4,640,9,1009.5,778,14
317,2025-11-26 12:57:03+05:30,1009.1,23,1000.3,6689668,386730.0,443583.0,986.2,1012.2,981.3,986.2,120358500,1084.8,887.6,1102.5,649.1,1009.0,5,1,1008.8,550,1,1008.7,823,9,1008.6,1696,17,1008.5,3873,16,1009.1,2,2,1009.2,286,8,1009.3,38,3,1009.4,704,11,1009.5,778,14
317,2025-11-26 12:57:04+05:30,1009.1,23,1000.3,6689668,386730.0,443589.0,986.2,1012.2,981.3,986.2,120358500,1084.8,887.6,1102.5,649.1,1009.0,5,1,1008.8,550,1,1008.7,823,9,1008.6,1696,17,1008.5,3873,16,1009.1,56,3,1009.2,286,8,1009.3,99,5,1009.4,683,10,1009.5,778,14
317,2025-11-26 12:57:05+05:30,1009.1,1,1000.3,6689668,386730.0,443589.0,986.2,1012.2,981.3,986.2,120358500,1084.8,887.6,1102.5,649.1,1009.0,5,1,1008.8,550,1,1008.7,823,9,1008.6,1696,17,1008.5,3873,16,1009.1,56,3,1009.2,286,8,1009.3,99,5,1009.4,683,10,1009.5,778,14
317,2025-11-26 12:57:05+05:30,1009.1,1,1000.3,6689804,384519.0,444496.0,986.2,1012.2,981.3,986.2,120358500,1084.8,887.6,1102.5,649.1,1008.8,21,1,1008.7,197,6,1008.6,1770,14,1008.5,3201,16,1008.4,1692,12,1009.1,93,2,1009.2,317,9,1009.3,609,5,1009.4,842,13,1009.5,824,16
317,2025-11-26 12:57:06+05:30,1009.1,1,1000.3,6689804,384519.0,444496.0,986.2,1012.2,981.3,986.2,120358500,1084.8,887.6,1102.5,649.1,1008.8,21,1,1008.7,197,6,1008.6,1770,14,1008.5,3201,16,1008.4,1692,12,1009.1,93,2,1009.2,317,9,1009.3,609,5,1009.4,842,13,1009.5,824,16
317,2025-11-26 12:57:06+05:30,1009.1,1,1000.3,6689849,384606.0,444637.0,986.2,1012.2,981.3,986.2,120358500,1084.8,887.6,1102.5,649.1,1008.7,111,4,1008.6,1514,15,1008.5,3187,16,1008.4,1692,12,1008.3,1202,14,1009.1,122,3,1009.2,317,9,1009.3,609,5,1009.4,842,13,1009.5,834,17
317,2025-11-26 12:57:07+05:30,1009.1,1,1000.3,6689849,384517.0,444795.0,986.2,1012.2,981.3,986.2,120358500,1084.8,887.6,1102.5,649.1,1008.7,111,4,1008.6,1406,13,1008.5,3208,17,1008.4,1692,12,1008.3,1202,14,1009.1,310,4,1009.2,286,8,1009.3,609,5,1009.4,842,13,1009.5,835,18
317,2025-11-26 12:57:08+05:30,1008.7,17,1000.3,6689849,384517.0,444795.0,986.2,1012.2,981.3,986.2,120358500,1084.8,887.6,1102.5,649.1,1008.7,111,4,1008.6,1406,13,1008.5,3208,17,1008.4,1692,12,1008.3,1202,14,1009.1,310,4,1009.2,286,8,1009.3,609,5,1009.4,842,13,1009.5,835,18
317,2025-11-26 12:57:08+05:30,1008.7,17,1000.3,6690091,383197.0,444693.0,986.2,1012.2,981.3,986.2,120358500,1084.8,887.6,1102.5,649.1,1008.7,5,1,1008.6,1390,10,1008.5,3059,14,1008.4,1602,11,1008.3,1169,13,1009.1,331,6,1009.2,293,9,1009.3,649,6,1009.4,835,12,1009.5,848,19
317,2025-11-26 12:57:09+05:30,1009.1,1,1000.3,6690091,383197.0,444693.0,986.2,1012.2,981.3,986.2,120358500,1084.8,887.6,1102.5,649.1,1008.7,5,1,1008.6,1390,10,1008.5,3059,14,1008.4,1602,11,1008.3,1169,13,1009.1,331,6,1009.2,293,9,1009.3,649,6,1009.4,835,12,1009.5,848,19
317,2025-11-26 12:57:09+05:30,1009.1,1,1000.3,6690092,383892.0,444677.0,986.2,1012.2,981.3,986.2,120358500,1084.8,887.6,1102.5,649.1,1008.7,698,5,1008.6,1575,13,1008.5,3059,14,1008.4,1602,11,1008.3,1169,13,1009.1,279,4,1009.2,286,8,1009.3,670,7,1009.4,842,13,1009.5,838,18
317,2025-11-26 12:57:10+05:30,1009.1,2,1000.3,6690092,383892.0,444677.0,986.2,1012.2,981.3,986.2,120358500,1084.8,887.6,1102.5,649.1,1008.7,698,5,1008.6,1575,13,1008.5,3059,14,1008.4,1602,11,1008.3,1169,13,1009.1,279,4,1009.2,286,8,1009.3,670,7,1009.4,842,13,1009.5,838,18
317,2025-11-26 12:57:10+05:30,1008.7,1,1000.3,6690104,385164.0,444750.0,986.2,1012.2,981.3,986.2,120358500,1084.8,887.6,1102.5,649.1,1008.7,1014,9,1008.6,1955,17,1008.5,3059,14,1008.4,1602,11,1008.3,1057,12,1009.1,268,4,1009.2,286,8,1009.3,36,2,1009.4,1439,14,1009.5,838,18
317,2025-11-26 12:57:11+05:30,1009.1,29,1000.3,6690104,385164.0,444750.0,986.2,1012.2,981.3,986.2,120358500,1084.8,887.6,1102.5,649.1,1008.7,1014,9,1008.6,1955,17,1008.5,3059,14,1008.4,1602,11,1008.3,1057,12,1009.1,268,4,1009.2,286,8,1009.3,36,2,1009.4,1439,14,1009.5,838,18
317,2025-11-26 12:57:11+05:30,1009.1,29,1000.3,6690306,384392.0,445101.0,986.2,1012.2,981.3,986.2,120358500,1084.8,887.6,1102.5,649.1,1008.8,100,1,1008.7,375,8,1008.6,1743,15,1008.5,3195,15,1008.4,1567,10,1009.1,253,4,1009.2,286,8,1009.3,580,3,1009.4,786,11,1009.5,838,18
317,2025-11-26 12:57:12+05:30,1008.8,10,1000.3,6690306,384392.0,445101.0,986.2,1012.2,981.3,986.2,120358500,1084.8,887.6,1102.5,649.1,1008.8,100,1,1008.7,375,8,1008.6,1743,15,1008.5,3195,15,1008.4,1567,10,1009.1,253,4,1009.2,286,8,1009.3,580,3,1009.4,786,11,1009.5,838,18
317,2025-11-26 12:57:12+05:30,1008.8,10,1000.31,6690316,385000.0,445146.0,986.2,1012.2,981.3,986.2,120358500,1084.8,887.6,1102.5,649.1,1008.8,90,1,1008.7,908,8,1008.6,1762,16,1008.5,3195,15,1008.4,1567,10,1009.1,253,4,1009.2,286,8,1009.3,580,3,1009.4,791,12,1009.5,838,18
317,2025-11-26 12:57:13+05:30,1009.1,23,1000.31,6690316,385000.0,445146.0,986.2,1012.2,981.3,986.2,120358500,1084.8,887.6,1102.5,649.1,1008.8,90,1,1008.7,908,8,1008.6,1762,16,1008.5,3195,15,1008.4,1567,10,1009.1,253,4,1009.2,286,8,1009.3,580,3,1009.4,791,12,1009.5,838,18
317,2025-11-26 12:57:13+05:30,1009.1,23,1000.31,6690349,385000.0,445117.0,986.2,1012.2,981.3,986.2,120358500,1084.8,887.6,1102.5,649.1,1008.8,103,2,1008.7,914,7,1008.6,1743,15,1008.5,3195,15,1008.4,1567,10,1009.1,220,3,1009.2,286,8,1009.3,580,3,1009.4,837,13,1009.5,838,18
317,2025-11-26 12:57:14+05:30,1008.9,74,1000.31,6690349,385000.0,445117.0,986.2,1012.2,981.3,986.2,120358500,1084.8,887.6,1102.5,649.1,1008.8,103,2,1008.7,914,7,1008.6,1743,15,1008.5,3195,15,1008.4,1567,10,1009.1,220,3,1009.2,286,8,1009.3,580,3,1009.4,837,13,1009.5,838,18
317,2025-11-26 12:57:14+05:30,1008.9,74,1000.31,6690428,385847.0,444851.0,986.2,1012.2,981.3,986.2,120358500,1084.8,887.6,1102.5,649.1,1008.9,38,1,1008.8,102,2,1008.7,1036,9,1008.6,1743,15,1008.5,3195,15,1009.1,220,3,1009.2,286,8,1009.3,36,2,1009.4,837,13,1009.5,1414,19
317,2025-11-26 12:57:15+05:30,1009.1,2,1000.31,6690428,385847.0,444851.0,986.2,1012.2,981.3,986.2,120358500,1084.8,887.6,1102.5,649.1,1008.9,38,1,1008.8,102,2,1008.7,1036,9,1008.6,1743,15,1008.5,3195,15,1009.1,220,3,1009.2,286,8,1009.3,36,2,1009.4,837,13,1009.5,1414,19
317,2025-11-26 12:57:15+05:30,1009.1,2,1000.31,6690431,385568.0,445181.0,986.2,1012.2,981.3,986.2,120358500,1084.8,887.6,1102.5,649.1,1008.9,51,2,1008.8,171,2,1008.7,897,6,1008.6,1762,16,1008.5,3195,15,1009.1,217,3,1009.2,286,8,1009.3,647,5,1009.4,837,13,1009.5,838,18
317,2025-11-26 12:57:16+05:30,1008.7,1,1000.31,6690431,385568.0,445181.0,986.2,1012.2,981.3,986.2,120358500,1084.8,887.6,1102.5,649.1,1008.9,51,2,1008.8,171,2,1008.7,897,6,1008.6,1762,16,1008.5,3195,15,1009.1,217,3,1009.2,286,8,1009.3,647,5,1009.4,837,13,1009.5,838,18
317,2025-11-26 12:57:16+05:30,1008.7,1,1000.31,6690573,384245.0,445053.0,986.2,1012.2,981.3,986.2,120358500,1084.8,887.6,1102.5,649.1,1008.7,84,2,1008.6,1348,12,1008.5,3195,15,1008.4,1449,10,1008.3,1185,13,1009.1,246,4,1009.2,316,11,1009.3,628,4,1009.4,830,12,1009.5,843,19
317,2025-11-26 12:57:17+05:30,1008.7,1,1000.31,6690573,384581.0,445099.0,986.2,1012.2,981.3,986.2,120358500,1084.8,887.6,1102.5,649.1,1008.7,84,2,1008.6,1348,12,1008.5,3195,15,1008.4,1449,10,1008.3,1185,13,1009.1,246,4,1009.2,316,11,1009.3,628,4,1009.4,876,13,1009.5,843,19
317,2025-11-26 12:57:18+05:30,1008.7,1,1000.31,6690573,386147.0,444676.0,986.2,1012.2,981.3,986.2,120358500,1084.8,887.6,1102.5,649.1,1009.0,21,1,1008.7,858,5,1008.6,1646,13,1008.5,3233,17,1008.4,2043,10,1009.1,291,4,1009.2,287,8,1009.3,106,5,1009.4,1322,14,1009.5,843,19
317,2025-11-26 12:57:19+05:30,1009.0,70,1000.31,6690643,386201.0,444689.0,986.2,1012.2,981.3,986.2,120358500,1084.8,887.6,1102.5,649.1,1009.0,21,1,1008.7,992,6,1008.6,1711,14,1008.5,3233,17,1008.4,2044,10,1009.1,224,4,1009.2,231,7,1009.3,46,3,1009.4,1270,12,1009.5,840,18
317,2025-11-26 12:57:19+05:30,1009.0,70,1000.31,6690643,386201.0,444689.0,986.2,1012.2,981.3,986.2,120358500,1084.8,887.6,1102.5,649.1,1009.0,21,1,1008.7,992,6,1008.6,1711,14,1008.5,3233,17,1008.4,2044,10,1009.1,224,4,1009.2,231,7,1009.3,46,3,1009.4,1270,12,1009.5,840,18
317,2025-11-26 12:57:20+05:30,1009.1,1,1000.31,6690643,386201.0,444689.0,986.2,1012.2,981.3,986.2,120358500,1084.8,887.6,1102.5,649.1,1009.0,21,1,1008.7,992,6,1008.6,1711,14,1008.5,3233,17,1008.4,2044,10,1009.1,224,4,1009.2,231,7,1009.3,46,3,1009.4,1270,12,1009.5,840,18
317,2025-11-26 12:57:21+05:30,1009.1,1,1000.31,6690774,385916.0,444712.0,986.2,1012.2,981.3,986.2,120358500,1084.8,887.6,1102.5,649.1,1009.0,5,1,1008.8,4,1,1008.7,1072,7,1008.6,1711,14,1008.5,3214,16,1009.1,323,6,1009.2,212,6,1009.3,65,4,1009.4,1225,10,1009.5,564,20
317,2025-11-26 12:57:22+05:30,1009.1,1,1000.31,6690774,385916.0,444712.0,986.2,1012.2,981.3,986.2,120358500,1084.8,887.6,1102.5,649.1,1009.0,5,1,1008.8,4,1,1008.7,1072,7,1008.6,1711,14,1008.5,3214,16,1009.1,323,6,1009.2,212,6,1009.3,65,4,1009.4,1225,10,1009.5,564,20
317,2025-11-26 12:57:24+05:30,1009.1,6,1000.31,6690774,385916.0,444712.0,986.2,1012.2,981.3,986.2,120358500,1084.8,887.6,1102.5,649.1,1009.0,5,1,1008.8,4,1,1008.7,1072,7,1008.6,1711,14,1008.5,3214,16,1009.1,323,6,1009.2,212,6,1009.3,65,4,1009.4,1225,10,1009.5,564,20
317,2025-11-26 12:57:25+05:30,1009.1,2,1000.31,6691019,385678.0,444914.0,986.2,1012.2,981.3,986.2,120358500,1084.8,887.6,1102.5,649.1,1009.0,3,1,1008.8,24,1,1008.7,470,6,1008.6,1858,16,1008.5,3195,15,1009.1,285,7,1009.2,212,6,1009.3,63,4,1009.4,785,10,1009.5,574,21
317,2025-11-26 12:57:26+05:30,1009.1,2,1000.31,6691019,385678.0,444914.0,986.2,1012.2,981.3,986.2,120358500,1084.8,887.6,1102.5,649.1,1009.0,3,1,1008.8,24,1,1008.7,470,6,1008.6,1858,16,1008.5,3195,15,1009.1,285,7,1009.2,212,6,1009.3,63,4,1009.4,785,10,1009.5,574,21
317,2025-11-26 12:57:28+05:30,1008.7,17,1000.31,6691019,385678.0,444914.0,986.2,1012.2,981.3,986.2,120358500,1084.8,887.6,1102.5,649.1,1009.0,3,1,1008.8,24,1,1008.7,470,6,1008.6,1858,16,1008.5,3195,15,1009.1,285,7,1009.2,212,6,1009.3,63,4,1009.4,785,10,1009.5,574,21
317,2025-11-26 12:57:28+05:30,1008.7,11,1000.31,6691397,384497.0,444865.0,986.2,1012.2,981.3,986.2,120358500,1084.8,887.6,1102.5,649.1,1008.7,214,4,1008.6,1858,16,1008.5,3195,15,1008.4,1485,10,1008.3,1057,12,1009.0,5,1,1009.1,257,7,1009.2,207,5,1009.3,240,6,1009.4,786,10
317,2025-11-26 12:57:30+05:30,1009.0,28,1000.31,6691397,384497.0,444865.0,986.2,1012.2,981.3,986.2,120358500,1084.8,887.6,1102.5,649.1,1008.7,214,4,1008.6,1858,16,1008.5,3195,15,1008.4,1485,10,1008.3,1057,12,1009.0,5,1,1009.1,257,7,1009.2,207,5,1009.3,240,6,1009.4,786,10
317,2025-11-26 12:57:32+05:30,1008.8,1,1000.31,6691397,384497.0,444865.0,986.2,1012.2,981.3,986.2,120358500,1084.8,887.6,1102.5,649.1,1008.7,214,4,1008.6,1858,16,1008.5,3195,15,1008.4,1485,10,1008.3,1057,12,1009.0,5,1,1009.1,257,7,1009.2,207,5,1009.3,240,6,1009.4,786,10
317,2025-11-26 12:57:32+05:30,1008.8,1,1000.31,6691653,386060.0,445662.0,986.2,1012.2,981.3,986.2,120358500,1084.8,887.6,1102.5,649.1,1008.7,445,7,1008.6,1872,17,1008.5,3966,18,1008.4,1469,10,1008.3,1057,12,1008.8,18,1,1009.0,41,3,1009.1,76,4,1009.2,207,5,1009.3,861,9
317,2025-11-26 12:57:34+05:30,1008.8,16,1000.31,6691653,386060.0,445662.0,986.2,1012.2,981.3,986.2,120358500,1084.8,887.6,1102.5,649.1,1008.7,445,7,1008.6,1872,17,1008.5,3966,18,1008.4,1469,10,1008.3,1057,12,1008.8,18,1,1009.0,41,3,1009.1,76,4,1009.2,207,5,1009.3,861,9
317,2025-11-26 12:57:36+05:30,1008.7,92,1000.31,6691653,386060.0,445662.0,986.2,1012.2,981.3,986.2,120358500,1084.8,887.6,1102.5,649.1,1008.7,445,7,1008.6,1872,17,1008.5,3966,18,1008.4,1469,10,1008.3,1057,12,1008.8,18,1,1009.0,41,3,1009.1,76,4,1009.2,207,5,1009.3,861,9
317,2025-11-26 12:57:36+05:30,1008.7,92,1000.31,6692322,388306.0,446458.0,986.2,1012.2,981.3,986.2,120358500,1084.8,887.6,1102.5,649.1,1008.6,1512,10,1008.5,4762,22,1008.4,2351,13,1008.3,1185,14,1008.2,1542,9,1008.7,10,1,1008.8,9,1,1008.9,41,1,1009.0,7,3,1009.1,278,5
317,2025-11-26 12:57:38+05:30,1008.7,10,1000.31,6692322,388306.0,446458.0,986.2,1012.2,981.3,986.2,120358500,1084.8,887.6,1102.5,649.1,1008.6,1512,10,1008.5,4762,22,1008.4,2351,13,1008.3,1185,14,1008.2,1542,9,1008.7,10,1,1008.8,9,1,1008.9,41,1,1009.0,7,3,1009.1,278,5
317,2025-11-26 12:57:40+05:30,1009.2,1,1000.31,6692322,388306.0,446458.0,986.2,1012.2,981.3,986.2,120358500,1084.8,887.6,1102.5,649.1,1008.6,1512,10,1008.5,4762,22,1008.4,2351,13,1008.3,1185,14,1008.2,1542,9,1008.7,10,1,1008.8,9,1,1008.9,41,1,1009.0,7,3,1009.1,278,5
317,2025-11-26 12:57:40+05:30,1009.2,1,1000.31,6693030,389236.0,444178.0,986.2,1012.2,981.3,986.2,120358500,1084.8,887.6,1102.5,649.1,1008.9,8,1,1008.8,294,5,1008.7,1672,14,1008.6,1726,13,1008.5,4085,20,1009.0,29,1,1009.2,131,4,1009.3,579,3,1009.4,850,8,1009.5,645,16
317,2025-11-26 12:57:42+05:30,1009.0,1,1000.31,6693030,389236.0,444178.0,986.2,1012.2,981.3,986.2,120358500,1084.8,887.6,1102.5,649.1,1008.9,8,1,1008.8,294,5,1008.7,1672,14,1008.6,1726,13,1008.5,4085,20,1009.0,29,1,1009.2,131,4,1009.3,579,3,1009.4,850,8,1009.5,645,16
317,2025-11-26 12:57:44+05:30,1008.9,3,1000.31,6693030,389236.0,444178.0,986.2,1012.2,981.3,986.2,120358500,1084.8,887.6,1102.5,649.1,1008.9,8,1,1008.8,294,5,1008.7,1672,14,1008.6,1726,13,1008.5,4085,20,1009.0,29,1,1009.2,131,4,1009.3,579,3,1009.4,850,8,1009.5,645,16
317,2025-11-26 12:57:44+05:30,1008.9,3,1000.31,6693098,388267.0,444864.0,986.2,1012.2,981.3,986.2,120358500,1084.8,887.6,1102.5,649.1,1008.8,62,2,1008.7,474,7,1008.6,1855,15,1008.5,4108,21,1008.4,2200,14,1008.9,5,1,1009.0,67,3,1009.2,130,3,1009.3,624,10,1009.4,899,11
317,2025-11-26 12:57:46+05:30,1009.0,21,1000.31,6693098,388267.0,444864.0,986.2,1012.2,981.3,986.2,120358500,1084.8,887.6,1102.5,649.1,1008.8,62,2,1008.7,474,7,1008.6,1855,15,1008.5,4108,21,1008.4,2200,14,1008.9,5,1,1009.0,67,3,1009.2,130,3,1009.3,624,10,1009.4,899,11
317,2025-11-26 12:57:48+05:30,1009.0,21,1000.31,6693098,388267.0,444864.0,986.2,1012.2,981.3,986.2,120358500,1084.8,887.6,1102.5,649.1,1008.8,62,2,1008.7,474,7,1008.6,1855,15,1008.5,4108,21,1008.4,2200,14,1008.9,5,1,1009.0,67,3,1009.2,130,3,1009.3,624,10,1009.4,899,11
317,2025-11-26 12:57:49+05:30,1009.0,21,1000.31,6693686,387034.0,444475.0,986.2,1012.2,981.3,986.2,120358500,1084.8,887.6,1102.5,649.1,1008.8,158,3,1008.7,560,8,1008.6,1854,14,1008.5,4085,20,1008.4,2210,14,1009.0,729,1,1009.2,169,4,1009.3,217,5,1009.4,847,10,1009.5,628,16
317,2025-11-26 12:57:50+05:30,1009.0,1,1000.31,6693686,387034.0,444475.0,986.2,1012.2,981.3,986.2,120358500,1084.8,887.6,1102.5,649.1,1008.8,158,3,1008.7,560,8,1008.6,1854,14,1008.5,4085,20,1008.4,2210,14,1009.0,729,1,1009.2,169,4,1009.3,217,5,1009.4,847,10,1009.5,628,16
317,2025-11-26 12:57:52+05:30,1008.9,1,1000.31,6693686,387034.0,444475.0,986.2,1012.2,981.3,986.2,120358500,1084.8,887.6,1102.5,649.1,1008.8,158,3,1008.7,560,8,1008.6,1854,14,1008.5,4085,20,1008.4,2210,14,1009.0,729,1,1009.2,169,4,1009.3,217,5,1009.4,847,10,1009.5,628,16
317,2025-11-26 12:57:53+05:30,1008.9,23,1000.31,6694059,387808.0,444905.0,986.2,1012.2,981.3,986.2,120358500,1084.8,887.6,1102.5,649.1,1008.8,18,2,1008.7,560,8,1008.6,1831,13,1008.5,4108,21,1008.4,2336,15,1008.9,116,1,1009.0,549,2,1009.2,169,4,1009.3,217,5,1009.4,895,11
317,2025-11-26 12:57:54+05:30,1008.9,112,1000.31,6694059,387808.0,444905.0,986.2,1012.2,981.3,986.2,120358500,1084.8,887.6,1102.5,649.1,1008.8,18,2,1008.7,560,8,1008.6,1831,13,1008.5,4108,21,1008.4,2336,15,1008.9,116,1,1009.0,549,2,1009.2,169,4,1009.3,217,5,1009.4,895,11
317,2025-11-26 12:57:56+05:30,1009.0,1,1000.31,6694059,387808.0,444905.0,986.2,1012.2,981.3,986.2,120358500,1084.8,887.6,1102.5,649.1,1008.8,18,2,1008.7,560,8,1008.6,1831,13,1008.5,4108,21,1008.4,2336,15,1008.9,116,1,1009.0,549,2,1009.2,169,4,1009.3,217,5,1009.4,895,11
317,2025-11-26 12:57:56+05:30,1009.0,7,1000.31,6694289,388527.0,444791.0,986.2,1012.2,981.3,986.2,120358500,1084.8,887.6,1102.5,649.1,1008.8,138,5,1008.7,971,10,1008.6,1556,13,1008.5,4835,21,1008.4,2336,15,1009.0,478,3,1009.2,130,3,1009.3,89,4,1009.4,895,11,1009.5,623,15
317,2025-11-26 12:57:58+05:30,1009.0,1,1000.31,6694289,388527.0,444791.0,986.2,1012.2,981.3,986.2,120358500,1084.8,887.6,1102.5,649.1,1008.8,138,5,1008.7,971,10,1008.6,1556,13,1008.5,4835,21,1008.4,2336,15,1009.0,478,3,1009.2,130,3,1009.3,89,4,1009.4,895,11,1009.5,623,15
317,2025-11-26 12:58:00+05:30,1009.2,2,1000.31,6694289,388527.0,444791.0,986.2,1012.2,981.3,986.2,120358500,1084.8,887.6,1102.5,649.1,1008.8,138,5,1008.7,971,10,1008.6,1556,13,1008.5,4835,21,1008.4,2336,15,1009.0,478,3,1009.2,130,3,1009.3,89,4,1009.4,895,11,1009.5,623,15
317,2025-11-26 12:58:00+05:30,1009.0,7,1000.31,6695058,387933.0,443426.0,986.2,1012.2,981.3,986.2,120358500,1084.8,887.6,1102.5,649.1,1009.0,5,1,1008.9,198,2,1008.8,920,11,1008.7,1108,13,1008.6,1388,11,1009.1,25,1,1009.2,128,3,1009.3,89,4,1009.4,696,8,1009.5,1161,16
317,2025-11-26 12:58:02+05:30,1009.0,2,1000.31,6695058,387933.0,443426.0,986.2,1012.2,981.3,986.2,120358500,1084.8,887.6,1102.5,649.1,1009.0,5,1,1008.9,198,2,1008.8,920,11,1008.7,1108,13,1008.6,1388,11,1009.1,25,1,1009.2,128,3,1009.3,89,4,1009.4,696,8,1009.5,1161,16
317,2025-11-26 12:58:04+05:30,1009.1,4,1000.31,6695058,387933.0,443426.0,986.2,1012.2,981.3,986.2,120358500,1084.8,887.6,1102.5,649.1,1009.0,5,1,1008.9,198,2,1008.8,920,11,1008.7,1108,13,1008.6,1388,11,1009.1,25,1,1009.2,128,3,1009.3,89,4,1009.4,696,8,1009.5,1161,16
317,2025-11-26 12:58:04+05:30,1009.1,4,1000.31,6695256,387269.0,443427.0,986.2,1012.2,981.3,986.2,120358500,1084.8,887.6,1102.5,649.1,1009.0,13,3,1008.9,138,2,1008.8,781,8,1008.7,1117,12,1008.6,1412,13,1009.1,21,1,1009.2,528,4,1009.3,89,4,1009.4,291,5,1009.5,580,16
317,2025-11-26 12:58:06+05:30,1009.2,1,1000.31,6695256,387269.0,443427.0,986.2,1012.2,981.3,986.2,120358500,1084.8,887.6,1102.5,649.1,1009.0,13,3,1008.9,138,2,1008.8,781,8,1008.7,1117,12,1008.6,1412,13,1009.1,21,1,1009.2,528,4,1009.3,89,4,1009.4,291,5,1009.5,580,16
317,2025-11-26 12:58:08+05:30,1009.2,10,1000.31,6695256,387269.0,443427.0,986.2,1012.2,981.3,986.2,120358500,1084.8,887.6,1102.5,649.1,1009.0,13,3,1008.9,138,2,1008.8,781,8,1008.7,1117,12,1008.6,1412,13,1009.1,21,1,1009.2,528,4,1009.3,89,4,1009.4,291,5,1009.5,580,16
317,2025-11-26 12:58:08+05:30,1009.2,10,1000.31,6695530,392187.0,442912.0,986.2,1012.2,981.3,986.2,120358500,1084.8,887.6,1102.5,649.1,1009.1,1,1,1009.0,15,4,1008.9,387,7,1008.8,1603,14,1008.7,1625,17,1009.2,316,1,1009.3,43,3,1009.4,83,4,1009.5,231,9,1009.6,529,14
317,2025-11-26 12:58:10+05:30,1009.2,1,1000.31,6695530,392187.0,442912.0,986.2,1012.2,981.3,986.2,120358500,1084.8,887.6,1102.5,649.1,1009.1,1,1,1009.0,15,4,1008.9,387,7,1008.8,1603,14,1008.7,1625,17,1009.2,316,1,1009.3,43,3,1009.4,83,4,1009.5,231,9,1009.6,529,14
317,2025-11-26 12:58:12+05:30,1009.3,1,1000.31,6695530,392187.0,442912.0,986.2,1012.2,981.3,986.2,120358500,1084.8,887.6,1102.5,649.1,1009.1,1,1,1009.0,15,4,1008.9,387,7,1008.8,1603,14,1008.7,1625,17,1009.2,316,1,1009.3,43,3,1009.4,83,4,1009.5,231,9,1009.6,529,14
317,2025-11-26 12:58:12+05:30,1009.3,1,1000.31,6696006,396904.0,440748.0,986.2,1012.2,981.3,986.2,120358500,1084.8,887.6,1102.5,649.1,1009.3,114,4,1009.2,825,7,1009.1,466,7,1009.0,1858,15,1008.9,3866,15,1009.4,83,4,1009.5,13,6,1009.6,7,3,1009.8,325,5,1009.9,539,11
317,2025-11-26 12:58:14+05:30,1009.3,13,1000.31,6696006,396904.0,440748.0,986.2,1012.2,981.3,986.2,120358500,1084.8,887.6,1102.5,649.1,1009.3,114,4,1009.2,825,7,1009.1,466,7,1009.0,1858,15,1008.9,3866,15,1009.4,83,4,1009.5,13,6,1009.6,7,3,1009.8,325,5,1009.9,539,11
317,2025-11-26 12:58:16+05:30,1009.4,29,1000.31,6696006,396904.0,440748.0,986.2,1012.2,981.3,986.2,120358500,1084.8,887.6,1102.5,649.1,1009.3,114,4,1009.2,825,7,1009.1,466,7,1009.0,1858,15,1008.9,3866,15,1009.4,83,4,1009.5,13,6,1009.6,7,3,1009.8,325,5,1009.9,539,11
317,2025-11-26 12:58:16+05:30,1009.4,29,1000.31,6696174,394577.0,440914.0,986.2,1012.2,981.3,986.2,120358500,1084.8,887.6,1102.5,649.1,1009.3,145,3,1009.2,337,5,1009.1,646,9,1009.0,1892,16,1008.9,3140,14,1009.4,115,3,1009.5,16,7,1009.6,7,3,1009.7,110,1,1009.8,417,7
317,2025-11-26 12:58:18+05:30,1009.3,4,1000.31,6696174,394577.0,440914.0,986.2,1012.2,981.3,986.2,120358500,1084.8,887.6,1102.5,649.1,1009.3,145,3,1009.2,337,5,1009.1,646,9,1009.0,1892,16,1008.9,3140,14,1009.4,115,3,1009.5,16,7,1009.6,7,3,1009.7,110,1,1009.8,417,7
317,2025-11-26 12:58:19+05:30,1009.3,4,1000.31,6696200,394653.0,441084.0,986.2,1012.2,981.3,986.2,120358500,1084.8,887.6,1102.5,649.1,1009.3,113,3,1009.2,358,6,1009.1,646,9,1009.0,1913,17,1008.9,3140,14,1009.4,114,4,1009.5,11,5,1009.6,32,4,1009.7,110,1,1009.8,418,8
317,2025-11-26 12:58:20+05:30,1009.4,1,1000.31,6696200,394653.0,441084.0,986.2,1012.2,981.3,986.2,120358500,1084.8,887.6,1102.5,649.1,1009.3,113,3,1009.2,358,6,1009.1,646,9,1009.0,1913,17,1008.9,3140,14,1009.4,114,4,1009.5,11,5,1009.6,32,4,1009.7,110,1,1009.8,418,8
317,2025-11-26 12:58:21+05:30,1009.3,1,1000.31,6696315,393231.0,441458.0,986.2,1012.2,981.3,986.2,120358500,1084.8,887.6,1102.5,649.1,1009.2,138,2,1009.1,513,8,1009.0,1680,14,1008.9,3190,17,1008.8,3038,16,1009.3,13,1,1009.4,113,4,1009.5,11,5,1009.6,37,5,1009.7,482,4
317,2025-11-26 12:58:21+05:30,1009.3,1,1000.31,6696315,393231.0,441458.0,986.2,1012.2,981.3,986.2,120358500,1084.8,887.6,1102.5,649.1,1009.2,138,2,1009.1,513,8,1009.0,1680,14,1008.9,3190,17,1008.8,3038,16,1009.3,13,1,1009.4,113,4,1009.5,11,5,1009.6,37,5,1009.7,482,4
317,2025-11-26 12:58:22+05:30,1009.2,1,1000.31,6696316,394146.0,441341.0,986.2,1012.2,981.3,986.2,120358500,1084.8,887.6,1102.5,649.1,1009.2,224,4,1009.1,577,9,1009.0,1660,13,1008.9,3940,18,1008.8,3083,17,1009.3,13,1,1009.4,113,4,1009.5,11,5,1009.6,37,5,1009.7,482,4
317,2025-11-26 12:58:22+05:30,1009.2,1,1000.31,6696316,394146.0,441341.0,986.2,1012.2,981.3,986.2,120358500,1084.8,887.6,1102.5,649.1,1009.2,224,4,1009.1,577,9,1009.0,1660,13,1008.9,3940,18,1008.8,3083,17,1009.3,13,1,1009.4,113,4,1009.5,11,5,1009.6,37,5,1009.7,482,4
317,2025-11-26 12:58:23+05:30,1009.3,11,1000.31,6696336,393531.0,441260.0,986.2,1012.2,981.3,986.2,120358500,1084.8,887.6,1102.5,649.1,1009.3,3,1,1009.2,214,5,1009.1,459,9,1009.0,1796,14,1008.9,3916,17,1009.4,113,4,1009.5,48,6,1009.6,37,5,1009.7,436,3,1009.8,371,6
317,2025-11-26 12:58:23+05:30,1009.3,11,1000.31,6696336,393531.0,441260.0,986.2,1012.2,981.3,986.2,120358500,1084.8,887.6,1102.5,649.1,1009.3,3,1,1009.2,214,5,1009.1,459,9,1009.0,1796,14,1008.9,3916,17,1009.4,113,4,1009.5,48,6,1009.6,37,5,1009.7,436,3,1009.8,371,6
317,2025-11-26 12:58:24+05:30,1009.2,6,1000.31,6696366,392270.0,441331.0,986.2,1012.2,981.3,986.2,120358500,1084.8,887.6,1102.5,649.1,1009.2,208,5,1009.1,459,9,1009.0,1594,13,1008.9,3166,16,1008.8,3164,17,1009.4,113,4,1009.5,48,6,1009.6,37,5,1009.7,438,4,1009.8,371,6
317,2025-11-26 12:58:24+05:30,1009.2,6,1000.31,6696366,392270.0,441331.0,986.2,1012.2,981.3,986.2,120358500,1084.8,887.6,1102.5,649.1,1009.2,208,5,1009.1,459,9,1009.0,1594,13,1008.9,3166,16,1008.8,3164,17,1009.4,113,4,1009.5,48,6,1009.6,37,5,1009.7,438,4,1009.8,371,6
317,2025-11-26 12:58:25+05:30,1009.4,2,1000.31,6696366,392270.0,441331.0,986.2,1012.2,981.3,986.2,120358500,1084.8,887.6,1102.5,649.1,1009.2,157,4,1009.1,910,10,1009.0,1594,13,1008.9,3166,16,1008.8,3164,17,1009.4,154,4,1009.5,548,7,1009.6,37,5,1009.7,236,3,1009.8,417,7
317,2025-11-26 12:58:25+05:30,1009.4,2,1000.31,6696382,392799.0,441553.0,986.2,1012.2,981.3,986.2,120358500,1084.8,887.6,1102.5,649.1,1009.2,157,4,1009.1,910,10,1009.0,1594,13,1008.9,3166,16,1008.8,3164,17,1009.4,154,4,1009.5,548,7,1009.6,37,5,1009.7,236,3,1009.8,417,7
317,2025-11-26 12:58:26+05:30,1009.4,1,1000.31,6696382,392799.0,441553.0,986.2,1012.2,981.3,986.2,120358500,1084.8,887.6,1102.5,649.1,1009.2,157,4,1009.1,910,10,1009.0,1594,13,1008.9,3166,16,1008.8,3164,17,1009.4,154,4,1009.5,548,7,1009.6,37,5,1009.7,236,3,1009.8,417,7
317,2025-11-26 12:58:26+05:30,1009.4,1,1000.31,6696397,392399.0,441668.0,986.2,1012.2,981.3,986.2,120358500,1084.8,887.6,1102.5,649.1,1009.2,157,4,1009.1,459,9,1009.0,1302,13,1008.9,3464,17,1008.8,3210,17,1009.4,139,4,1009.5,548,7,1009.6,91,6,1009.7,236,3,1009.8,417,7
317,2025-11-26 12:58:27+05:30,1009.4,1,1000.31,6696397,392439.0,441727.0,986.2,1012.2,981.3,986.2,120358500,1084.8,887.6,1102.5,649.1,1009.2,202,4,1009.1,459,9,1009.0,1302,13,1008.9,3464,17,1008.8,3205,16,1009.4,139,4,1009.5,548,7,1009.6,91,6,1009.7,236,3,1009.8,417,7
317,2025-11-26 12:58:28+05:30,1009.4,1,1000.31,6696397,392330.0,441727.0,986.2,1012.2,981.3,986.2,120358500,1084.8,887.6,1102.5,649.1,1009.2,118,2,1009.1,434,9,1009.0,1302,13,1008.9,3464,17,1008.8,3205,16,1009.4,139,4,1009.5,548,7,1009.6,91,6,1009.7,236,3,1009.8,417,7
317,2025-11-26 12:58:29+05:30,1009.2,1,1000.31,6696397,392330.0,441727.0,986.2,1012.2,981.3,986.2,120358500,1084.8,887.6,1102.5,649.1,1009.2,118,2,1009.1,434,9,1009.0,1302,13,1008.9,3464,17,1008.8,3205,16,1009.4,139,4,1009.5,548,7,1009.6,91,6,1009.7,236,3,1009.8,417,7
317,2025-11-26 12:58:29+05:30,1009.2,1,1000.31,6696398,394193.0,441727.0,986.2,1012.2,981.3,986.2,120358500,1084.8,887.6,1102.5,649.1,1009.2,200,4,1009.1,414,8,1009.0,1600,14,1008.9,4967,17,1008.8,3205,16,1009.4,139,4,1009.5,548,7,1009.6,91,6,1009.7,236,3,1009.8,417,7
317,2025-11-26 12:58:30+05:30,1009.4,29,1000.31,6696398,394193.0,441727.0,986.2,1012.2,981.3,986.2,120358500,1084.8,887.6,1102.5,649.1,1009.2,200,4,1009.1,414,8,1009.0,1600,14,1008.9,4967,17,1008.8,3205,16,1009.4,139,4,1009.5,548,7,1009.6,91,6,1009.7,236,3,1009.8,417,7
317,2025-11-26 12:58:30+05:30,1009.4,29,1000.31,6696453,394179.0,441796.0,986.2,1012.2,981.3,986.2,120358500,1084.8,887.6,1102.5,649.1,1009.2,198,4,1009.1,414,8,1009.0,1600,14,1008.9,4967,17,1008.8,3205,16,1009.4,184,5,1009.5,548,7,1009.6,91,6,1009.7,236,3,1009.8,417,7
317,2025-11-26 12:58:31+05:30,1009.3,1,1000.31,6696453,394179.0,441796.0,986.2,1012.2,981.3,986.2,120358500,1084.8,887.6,1102.5,649.1,1009.2,198,4,1009.1,414,8,1009.0,1600,14,1008.9,4967,17,1008.8,3205,16,1009.4,184,5,1009.5,548,7,1009.6,91,6,1009.7,236,3,1009.8,417,7
317,2025-11-26 12:58:31+05:30,1009.3,1,1000.31,6696462,395392.0,441835.0,986.2,1012.2,981.3,986.2,120358500,1084.8,887.6,1102.5,649.1,1009.2,65,2,1009.1,413,8,1009.0,1595,14,1008.9,4994,18,1008.8,3205,16,1009.3,5,1,1009.4,214,6,1009.5,548,7,1009.6,91,6,1009.7,236,3
317,2025-11-26 12:58:32+05:30,1009.3,1,1000.31,6696462,396162.0,441824.0,986.2,1012.2,981.3,986.2,120358500,1084.8,887.6,1102.5,649.1,1009.2,71,3,1009.1,413,8,1009.0,1594,14,1008.9,5744,19,1008.8,3205,16,1009.3,5,1,1009.4,261,8,1009.5,548,7,1009.6,37,5,1009.7,236,3
317,2025-11-26 12:58:33+05:30,1009.3,23,1000.31,6696462,396162.0,441824.0,986.2,1012.2,981.3,986.2,120358500,1084.8,887.6,1102.5,649.1,1009.2,71,3,1009.1,413,8,1009.0,1594,14,1008.9,5744,19,1008.8,3205,16,1009.3,5,1,1009.4,261,8,1009.5,548,7,1009.6,37,5,1009.7,236,3
317,2025-11-26 12:58:33+05:30,1009.3,23,1000.31,6696494,396427.0,441846.0,986.2,1012.2,981.3,986.2,120358500,1084.8,887.6,1102.5,649.1,1009.2,105,5,1009.1,394,7,1009.0,1594,14,1008.9,5774,20,1008.8,3205,16,1009.3,6,1,1009.4,261,8,1009.5,548,7,1009.6,37,5,1009.7,236,3
317,2025-11-26 12:58:34+05:30,1009.4,1,1000.31,6696494,396427.0,441846.0,986.2,1012.2,981.3,986.2,120358500,1084.8,887.6,1102.5,649.1,1009.2,105,5,1009.1,394,7,1009.0,1594,14,1008.9,5774,20,1008.8,3205,16,1009.3,6,1,1009.4,261,8,1009.5,548,7,1009.6,37,5,1009.7,236,3
317,2025-11-26 12:58:34+05:30,1009.4,1,1000.31,6696654,394032.0,442082.0,986.2,1012.2,981.3,986.2,120358500,1084.8,887.6,1102.5,649.1,1009.1,436,7,1009.0,1585,15,1008.9,5673,18,1008.8,2415,13,1008.7,1166,16,1009.4,260,8,1009.5,548,7,1009.6,37,5,1009.7,250,5,1009.8,491,10
317,2025-11-26 12:58:35+05:30,1009.4,1,1000.31,6696654,394032.0,442082.0,986.2,1012.2,981.3,986.2,120358500,1084.8,887.6,1102.5,649.1,1009.1,436,7,1009.0,1585,15,1008.9,5673,18,1008.8,2415,13,1008.7,1166,16,1009.4,260,8,1009.5,548,7,1009.6,37,5,1009.7,250,5,1009.8,491,10
317,2025-11-26 12:58:35+05:30,1009.4,1,1000.31,6696657,393374.0,442125.0,986.2,1012.2,981.3,986.2,120358500,1084.8,887.6,1102.5,649.1,1009.2,112,1,1009.1,329,7,1009.0,1267,13,1008.9,5221,18,1008.8,2415,13,1009.4,227,7,1009.5,548,7,1009.6,173,7,1009.7,250,5,1009.8,517,11
317,2025-11-26 12:58:36+05:30,1009.4,1,1000.31,6696657,393374.0,442125.0,986.2,1012.2,981.3,986.2,120358500,1084.8,887.6,1102.5,649.1,1009.2,112,1,1009.1,329,7,1009.0,1267,13,1008.9,5221,18,1008.8,2415,13,1009.4,227,7,1009.5,548,7,1009.6,173,7,1009.7,250,5,1009.8,517,11
317,2025-11-26 12:58:36+05:30,1009.4,1,1000.31,6696659,393374.0,442187.0,986.2,1012.2,981.3,986.2,120358500,1084.8,887.6,1102.5,649.1,1009.2,112,1,1009.1,329,7,1009.0,1267,13,1008.9,5221,18,1008.8,2415,13,1009.4,225,7,1009.5,548,7,1009.6,173,7,1009.7,250,5,1009.8,517,11
317,2025-11-26 12:58:37+05:30,1009.4,10,1000.31,6696659,393374.0,442187.0,986.2,1012.2,981.3,986.2,120358500,1084.8,887.6,1102.5,649.1,1009.2,112,1,1009.1,329,7,1009.0,1267,13,1008.9,5221,18,1008.8,2415,13,1009.4,225,7,1009.5,548,7,1009.6,173,7,1009.7,250,5,1009.8,517,11
317,2025-11-26 12:58:37+05:30,1009.4,10,1000.31,6696669,393374.0,442151.0,986.2,1012.2,981.3,986.2,120358500,1084.8,887.6,1102.5,649.1,1009.2,112,1,1009.1,329,7,1009.0,1267,13,1008.9,5221,18,1008.8,2415,13,1009.4,215,7,1009.5,548,7,1009.6,173,7,1009.7,250,5,1009.8,491,10
317,2025-11-26 12:58:38+05:30,1009.2,12,1000.31,6696669,393374.0,442151.0,986.2,1012.2,981.3,986.2,120358500,1084.8,887.6,1102.5,649.1,1009.2,112,1,1009.1,329,7,1009.0,1267,13,1008.9,5221,18,1008.8,2415,13,1009.4,215,7,1009.5,548,7,1009.6,173,7,1009.7,250,5,1009.8,491,10
317,2025-11-26 12:58:38+05:30,1009.2,12,1000.31,6696681,393275.0,442378.0,986.2,1012.2,981.3,986.2,120358500,1084.8,887.6,1102.5,649.1,1009.2,100,1,1009.1,228,5,1009.0,1281,14,1008.9,5221,18,1008.8,2415,13,1009.4,215,7,1009.5,748,8,1009.6,173,7,1009.7,250,5,1009.8,491,10
317,2025-11-26 12:58:39+05:30,1009.4,7,1000.31,6697002,393342.0,442162.0,986.2,1012.2,981.3,986.2,120358500,1084.8,887.6,1102.5,649.1,1009.2,100,1,1009.1,353,7,1009.0,1289,14,1008.9,5221,18,1008.8,2415,13,1009.4,160,5,1009.5,748,8,1009.6,47,6,1009.7,212,6,1009.8,491,10
317,2025-11-26 12:58:39+05:30,1009.4,7,1000.31,6697002,393342.0,442162.0,986.2,1012.2,981.3,986.2,120358500,1084.8,887.6,1102.5,649.1,1009.2,100,1,1009.1,353,7,1009.0,1289,14,1008.9,5221,18,1008.8,2415,13,1009.4,160,5,1009.5,748,8,1009.6,47,6,1009.7,212,6,1009.8,491,10
317,2025-11-26 12:58:40+05:30,1009.4,1,1000.31,6697107,393589.0,442268.0,986.2,1012.2,981.3,986.2,120358500,1084.8,887.6,1102.5,649.1,1009.2,90,1,1009.1,354,7,1009.0,1281,14,1008.9,5221,18,1008.8,2415,13,1009.4,122,5,1009.5,748,8,1009.6,37,5,1009.7,392,6,1009.8,540,11
317,2025-11-26 12:58:40+05:30,1009.4,1,1000.31,6697107,393589.0,442268.0,986.2,1012.2,981.3,986.2,120358500,1084.8,887.6,1102.5,649.1,1009.2,90,1,1009.1,354,7,1009.0,1281,14,1008.9,5221,18,1008.8,2415,13,1009.4,122,5,1009.5,748,8,1009.6,37,5,1009.7,392,6,1009.8,540,11
317,2025-11-26 12:58:41+05:30,1009.1,8,1000.31,6697372,395335.0,442418.0,986.2,1012.2,981.3,986.2,120358500,1084.8,887.6,1102.5,649.1,1009.1,626,8,1009.0,1873,16,1008.9,5698,19,1008.8,2415,13,1008.7,1166,16,1009.3,10,1,1009.4,218,7,1009.5,748,8,1009.6,37,5,1009.7,392,6
317,2025-11-26 12:58:41+05:30,1009.1,8,1000.31,6697372,395335.0,442418.0,986.2,1012.2,981.3,986.2,120358500,1084.8,887.6,1102.5,649.1,1009.1,626,8,1009.0,1873,16,1008.9,5698,19,1008.8,2415,13,1008.7,1166,16,1009.3,10,1,1009.4,218,7,1009.5,748,8,1009.6,37,5,1009.7,392,6
317,2025-11-26 12:58:42+05:30,1009.1,13,1000.31,6697572,394589.0,443290.0,986.2,1012.2,981.3,986.2,120358500,1084.8,887.6,1102.5,649.1,1009.1,33,3,1009.0,1423,15,1008.9,5996,20,1008.8,2415,13,1008.7,1166,16,1009.3,10,1,1009.4,218,7,1009.5,748,8,1009.6,163,6,1009.7,392,6
317,2025-11-26 12:58:42+05:30,1009.1,13,1000.31,6697572,394589.0,443290.0,986.2,1012.2,981.3,986.2,120358500,1084.8,887.6,1102.5,649.1,1009.1,33,3,1009.0,1423,15,1008.9,5996,20,1008.8,2415,13,1008.7,1166,16,1009.3,10,1,1009.4,218,7,1009.5,748,8,1009.6,163,6,1009.7,392,6
317,2025-11-26 12:58:43+05:30,1009.3,23,1000.31,6697604,394932.0,443113.0,986.2,1012.2,981.3,986.2,120358500,1084.8,887.6,1102.5,649.1,1009.1,370,6,1009.0,1683,15,1008.9,5725,20,1008.8,2415,13,1008.7,1177,17,1009.3,13,1,1009.4,218,7,1009.5,748,8,1009.6,163,6,1009.7,304,4
317,2025-11-26 12:58:43+05:30,1009.3,23,1000.31,6697604,394932.0,443113.0,986.2,1012.2,981.3,986.2,120358500,1084.8,887.6,1102.5,649.1,1009.1,370,6,1009.0,1683,15,1008.9,5725,20,1008.8,2415,13,1008.7,1177,17,1009.3,13,1,1009.4,218,7,1009.5,748,8,1009.6,163,6,1009.7,304,4
317,2025-11-26 12:58:44+05:30,1009.1,45,1000.31,6697682,394643.0,443451.0,986.2,1012.2,981.3,986.2,120358500,1084.8,887.6,1102.5,649.1,1009.1,179,5,1009.0,1683,15,1008.9,5698,19,1008.8,2415,13,1008.7,1265,17,1009.3,13,1,1009.4,218,7,1009.5,748,8,1009.6,163,6,1009.7,304,4
317,2025-11-26 12:58:44+05:30,1009.3,1,1000.31,6697682,394643.0,443451.0,986.2,1012.2,981.3,986.2,120358500,1084.8,887.6,1102.5,649.1,1009.1,179,5,1009.0,1683,15,1008.9,5698,19,1008.8,2415,13,1008.7,1265,17,1009.3,13,1,1009.4,218,7,1009.5,748,8,1009.6,163,6,1009.7,304,4
317,2025-11-26 12:58:45+05:30,1009.3,2,1000.31,6697799,394507.0,443435.0,986.2,1012.2,981.3,986.2,120358500,1084.8,887.6,1102.5,649.1,1009.1,43,3,1009.0,1385,14,1008.9,5996,20,1008.8,2415,13,1008.7,1265,17,1009.3,7,1,1009.4,183,6,1009.5,799,9,1009.6,163,6,1009.7,304,4
317,2025-11-26 12:58:45+05:30,1009.3,2,1000.31,6697799,394507.0,443435.0,986.2,1012.2,981.3,986.2,120358500,1084.8,887.6,1102.5,649.1,1009.1,43,3,1009.0,1385,14,1008.9,5996,20,1008.8,2415,13,1008.7,1265,17,1009.3,7,1,1009.4,183,6,1009.5,799,9,1009.6,163,6,1009.7,304,4
317,2025-11-26 12:58:45+05:30,1009.3,2,1000.31,6697799,394507.0,443435.0,986.2,1012.2,981.3,986.2,120358500,1084.8,887.6,1102.5,649.1,1009.1,43,3,1009.0,1385,14,1008.9,5996,20,1008.8,2415,13,1008.7,1265,17,1009.3,7,1,1009.4,183,6,1009.5,799,9,1009.6,163,6,1009.7,304,4
317,2025-11-26 12:58:46+05:30,1009.3,2,1000.31,6697799,394507.0,443435.0,986.2,1012.2,981.3,986.2,120358500,1084.8,887.6,1102.5,649.1,1009.1,43,3,1009.0,1385,14,1008.9,5996,20,1008.8,2415,13,1008.7,1265,17,1009.3,7,1,1009.4,183,6,1009.5,799,9,1009.6,163,6,1009.7,304,4
317,2025-11-26 12:58:46+05:30,1009.4,1,1000.31,6697889,393727.0,443308.0,986.2,1012.2,981.3,986.2,120358500,1084.8,887.6,1102.5,649.1,1009.0,1123,12,1008.9,5988,20,1008.8,2500,14,1008.7,1254,18,1008.6,595,11,1009.4,182,6,1009.5,796,8,1009.6,163,6,1009.7,393,6,1009.8,828,12
317,2025-11-26 12:58:46+05:30,1009.4,1,1000.31,6697889,393727.0,443308.0,986.2,1012.2,981.3,986.2,120358500,1084.8,887.6,1102.5,649.1,1009.0,1123,12,1008.9,5988,20,1008.8,2500,14,1008.7,1254,18,1008.6,595,11,1009.4,182,6,1009.5,796,8,1009.6,163,6,1009.7,393,6,1009.8,828,12
317,2025-11-26 12:58:46+05:30,1009.4,1,1000.31,6697889,393727.0,443308.0,986.2,1012.2,981.3,986.2,120358500,1084.8,887.6,1102.5,649.1,1009.0,1123,12,1008.9,5988,20,1008.8,2500,14,1008.7,1254,18,1008.6,595,11,1009.4,182,6,1009.5,796,8,1009.6,163,6,1009.7,393,6,1009.8,828,12
317,2025-11-26 12:58:47+05:30,1009.4,1,1000.31,6697889,393015.0,443340.0,986.2,1012.2,981.3,986.2,120358500,1084.8,887.6,1102.5,649.1,1009.0,1148,13,1008.9,5238,19,1008.8,2500,14,1008.7,1243,17,1008.6,595,11,1009.4,189,7,1009.5,796,8,1009.6,163,6,1009.7,393,6,1009.8,828,12
317,2025-11-26 12:58:47+05:30,1009.4,1,1000.31,6697889,393015.0,443340.0,986.2,1012.2,981.3,986.2,120358500,1084.8,887.6,1102.5,649.1,1009.0,1148,13,1008.9,5238,19,1008.8,2500,14,1008.7,1243,17,1008.6,595,11,1009.4,189,7,1009.5,796,8,1009.6,163,6,1009.7,393,6,1009.8,828,12
317,2025-11-26 12:58:48+05:30,1009.4,1,1000.31,6697889,392991.0,443445.0,986.2,1012.2,981.3,986.2,120358500,1084.8,887.6,1102.5,649.1,1009.0,1148,13,1008.9,5238,19,1008.8,2500,14,1008.7,1243,17,1008.6,595,11,1009.4,189,7,1009.5,796,8,1009.6,163,6,1009.7,393,6,1009.8,828,12
317,2025-11-26 12:58:48+05:30,1009.4,1,1000.31,6697889,392991.0,443445.0,986.2,1012.2,981.3,986.2,120358500,1084.8,887.6,1102.5,649.1,1009.0,1148,13,1008.9,5238,19,1008.8,2500,14,1008.7,1243,17,1008.6,595,11,1009.4,189,7,1009.5,796,8,1009.6,163,6,1009.7,393,6,1009.8,828,12
317,2025-11-26 12:58:49+05:30,1009.4,1,1000.31,6697889,392991.0,443445.0,986.2,1012.2,981.3,986.2,120358500,1084.8,887.6,1102.5,649.1,1009.0,1148,13,1008.9,5238,19,1008.8,2500,14,1008.7,1243,17,1008.6,595,11,1009.4,189,7,1009.5,796,8,1009.6,163,6,1009.7,393,6,1009.8,828,12
317,2025-11-26 12:58:49+05:30,1009.4,1,1000.31,6697889,393386.0,443124.0,986.2,1012.2,981.3,986.2,120358500,1084.8,887.6,1102.5,649.1,1009.3,17,1,1009.0,1317,12,1008.9,5265,20,1008.8,2500,14,1008.7,1230,16,1009.4,189,7,1009.5,796,8,1009.6,232,8,1009.7,240,4,1009.8,538,12
317,2025-11-26 12:58:49+05:30,1009.4,1,1000.31,6697889,393386.0,443124.0,986.2,1012.2,981.3,986.2,120358500,1084.8,887.6,1102.5,649.1,1009.3,17,1,1009.0,1317,12,1008.9,5265,20,1008.8,2500,14,1008.7,1230,16,1009.4,189,7,1009.5,796,8,1009.6,232,8,1009.7,240,4,1009.8,538,12
317,2025-11-26 12:58:49+05:30,1009.3,7,1000.31,6697889,393386.0,443124.0,986.2,1012.2,981.3,986.2,120358500,1084.8,887.6,1102.5,649.1,1009.3,17,1,1009.0,1317,12,1008.9,5265,20,1008.8,2500,14,1008.7,1230,16,1009.4,189,7,1009.5,796,8,1009.6,232,8,1009.7,240,4,1009.8,538,12
317,2025-11-26 12:58:49+05:30,1009.3,7,1000.31,6697889,393386.0,443124.0,986.2,1012.2,981.3,986.2,120358500,1084.8,887.6,1102.5,649.1,1009.3,17,1,1009.0,1317,12,1008.9,5265,20,1008.8,2500,14,1008.7,1230,16,1009.4,189,7,1009.5,796,8,1009.6,232,8,1009.7,240,4,1009.8,538,12
317,2025-11-26 12:58:50+05:30,1009.3,7,1000.31,6697889,393386.0,443124.0,986.2,1012.2,981.3,986.2,120354750,1084.8,887.6,1102.5,649.1,1009.3,17,1,1009.0,1317,12,1008.9,5265,20,1008.8,2500,14,1008.7,1230,16,1009.4,189,7,1009.5,796,8,1009.6,232,8,1009.7,240,4,1009.8,538,12
317,2025-11-26 12:58:50+05:30,1009.3,1,1000.31,6697914,393461.0,443236.0,986.2,1012.2,981.3,986.2,120354750,1084.8,887.6,1102.5,649.1,1009.3,3,1,1009.0,1266,12,1008.9,5238,19,1008.8,2500,14,1008.7,1230,16,1009.4,189,7,1009.5,1008,11,1009.6,205,7,1009.7,240,4,1009.8,565,13
317,2025-11-26 12:58:50+05:30,1009.3,1,1000.31,6697914,393461.0,443236.0,986.2,1012.2,981.3,986.2,120354750,1084.8,887.6,1102.5,649.1,1009.3,3,1,1009.0,1266,12,1008.9,5238,19,1008.8,2500,14,1008.7,1230,16,1009.4,189,7,1009.5,1008,11,1009.6,205,7,1009.7,240,4,1009.8,565,13
317,2025-11-26 12:58:50+05:30,1009.4,2,1000.31,6697914,393461.0,443236.0,986.2,1012.2,981.3,986.2,120354750,1084.8,887.6,1102.5,649.1,1009.3,3,1,1009.0,1266,12,1008.9,5238,19,1008.8,2500,14,1008.7,1230,16,1009.4,189,7,1009.5,1008,11,1009.6,205,7,1009.7,240,4,1009.8,565,13
317,2025-11-26 12:58:50+05:30,1009.4,2,1000.31,6697914,393461.0,443236.0,986.2,1012.2,981.3,986.2,120354750,1084.8,887.6,1102.5,649.1,1009.3,3,1,1009.0,1266,12,1008.9,5238,19,1008.8,2500,14,1008.7,1230,16,1009.4,189,7,1009.5,1008,11,1009.6,205,7,1009.7,240,4,1009.8,565,13
317,2025-11-26 12:58:50+05:30,1009.3,1,1000.32,6698061,393644.0,443288.0,986.2,1012.2,981.3,986.2,120354750,1084.8,887.6,1102.5,649.1,1009.1,40,2,1009.0,1154,14,1008.9,5374,20,1008.8,2472,13,1008.7,1230,16,1009.3,14,1,1009.4,229,8,1009.5,846,9,1009.6,230,7,1009.7,436,7
317,2025-11-26 12:58:51+05:30,1009.3,1,1000.32,6698061,393644.0,443288.0,986.2,1012.2,981.3,986.2,120354750,1084.8,887.6,1102.5,649.1,1009.1,40,2,1009.0,1154,14,1008.9,5374,20,1008.8,2472,13,1008.7,1230,16,1009.3,14,1,1009.4,229,8,1009.5,846,9,1009.6,230,7,1009.7,436,7
317,2025-11-26 12:58:51+05:30,1009.3,1,1000.32,6698061,394941.0,443287.0,986.2,1012.2,981.3,986.2,120354750,1084.8,887.6,1102.5,649.1,1009.1,173,4,1009.0,1356,15,1008.9,6124,21,1008.8,2472,13,1008.7,1230,16,1009.3,14,1,1009.4,229,8,1009.5,846,9,1009.6,230,7,1009.7,436,7
317,2025-11-26 12:58:52+05:30,1009.3,5,1000.32,6698070,394941.0,443259.0,986.2,1012.2,981.3,986.2,120354750,1084.8,887.6,1102.5,649.1,1009.1,173,4,1009.0,1356,15,1008.9,6124,21,1008.8,2472,13,1008.7,1230,16,1009.3,7,3,1009.4,228,7,1009.5,846,9,1009.6,205,6,1009.7,461,8
317,2025-11-26 12:58:53+05:30,1009.3,17,1000.32,6698070,394941.0,443259.0,986.2,1012.2,981.3,986.2,120354750,1084.8,887.6,1102.5,649.1,1009.1,173,4,1009.0,1356,15,1008.9,6124,21,1008.8,2472,13,1008.7,1230,16,1009.3,7,3,1009.4,228,7,1009.5,846,9,1009.6,205,6,1009.7,461,8
317,2025-11-26 12:58:53+05:30,1009.3,17,1000.32,6698094,394948.0,443319.0,986.2,1012.2,981.3,986.2,120354750,1084.8,887.6,1102.5,649.1,1009.1,181,4,1009.0,1355,15,1008.9,6124,21,1008.8,2472,13,1008.7,1230,16,1009.3,2,1,1009.4,186,6,1009.5,846,9,1009.6,249,7,1009.7,506,9
317,2025-11-26 12:58:54+05:30,1009.3,1,1000.32,6698094,394948.0,443319.0,986.2,1012.2,981.3,986.2,120354750,1084.8,887.6,1102.5,649.1,1009.1,181,4,1009.0,1355,15,1008.9,6124,21,1008.8,2472,13,1008.7,1230,16,1009.3,2,1,1009.4,186,6,1009.5,846,9,1009.6,249,7,1009.7,506,9
317,2025-11-26 12:58:54+05:30,1009.3,1,1000.32,6698095,395549.0,443475.0,986.2,1012.2,981.3,986.2,120354750,1084.8,887.6,1102.5,649.1,1009.2,124,2,1009.1,238,5,1009.0,1851,17,1008.9,5826,20,1008.8,2472,13,1009.3,1,1,1009.4,186,6,1009.5,846,9,1009.6,205,6,1009.7,506,9
317,2025-11-26 12:58:55+05:30,1009.3,12,1000.32,6698095,395549.0,443475.0,986.2,1012.2,981.3,986.2,120354750,1084.8,887.6,1102.5,649.1,1009.2,124,2,1009.1,238,5,1009.0,1851,17,1008.9,5826,20,1008.8,2472,13,1009.3,1,1,1009.4,186,6,1009.5,846,9,1009.6,205,6,1009.7,506,9
317,2025-11-26 12:58:55+05:30,1009.2,11,1000.32,6698248,394422.0,443920.0,986.2,1012.2,981.3,986.2,120354750,1084.8,887.6,1102.5,649.1,1009.2,29,2,1009.1,231,4,1009.0,1982,19,1008.9,5799,19,1008.8,2500,14,1009.4,186,6,1009.5,1346,10,1009.6,138,5,1009.7,417,7,1009.8,573,12
317,2025-11-26 12:58:56+05:30,1009.4,62,1000.32,6698248,394422.0,443920.0,986.2,1012.2,981.3,986.2,120354750,1084.8,887.6,1102.5,649.1,1009.2,29,2,1009.1,231,4,1009.0,1982,19,1008.9,5799,19,1008.8,2500,14,1009.4,186,6,1009.5,1346,10,1009.6,138,5,1009.7,417,7,1009.8,573,12
317,2025-11-26 12:58:56+05:30,1009.4,62,1000.32,6698374,393466.0,443674.0,986.2,1012.2,981.3,986.2,120354750,1084.8,887.6,1102.5,649.1,1009.2,93,4,1009.1,508,8,1009.0,1954,18,1008.9,5049,18,1008.8,2500,14,1009.4,63,4,1009.5,1346,10,1009.6,12,4,1009.7,379,6,1009.8,537,11
317,2025-11-26 12:58:57+05:30,1009.4,62,1000.32,6698374,393487.0,443677.0,986.2,1012.2,981.3,986.2,120354750,1084.8,887.6,1102.5,649.1,1009.2,93,4,1009.1,508,8,1009.0,1975,19,1008.9,5049,18,1008.8,2500,14,1009.4,63,4,1009.5,1346,10,1009.6,12,4,1009.7,379,6,1009.8,537,11
317,2025-11-26 12:58:58+05:30,1009.3,15,1000.32,6698462,393958.0,443444.0,986.2,1012.2,981.3,986.2,120354750,1084.8,887.6,1102.5,649.1,1009.1,450,7,1009.0,1476,17,1008.9,5374,20,1008.8,2500,14,1008.7,1104,15,1009.3,60,1,1009.4,63,4,1009.5,1346,10,1009.6,12,4,1009.7,469,8
317,2025-11-26 12:58:59+05:30,1009.3,15,1000.32,6698462,393958.0,443444.0,986.2,1012.2,981.3,986.2,120354750,1084.8,887.6,1102.5,649.1,1009.1,450,7,1009.0,1476,17,1008.9,5374,20,1008.8,2500,14,1008.7,1104,15,1009.3,60,1,1009.4,63,4,1009.5,1346,10,1009.6,12,4,1009.7,469,8
317,2025-11-26 12:58:59+05:30,1009.3,15,1000.32,6698462,394708.0,443598.0,986.2,1012.2,981.3,986.2,120354750,1084.8,887.6,1102.5,649.1,1009.1,450,7,1009.0,1774,18,1008.9,5826,20,1008.8,2500,14,1008.7,1104,15,1009.3,60,1,1009.4,63,4,1009.5,1346,10,1009.6,138,5,1009.7,469,8
317,2025-11-26 12:59:00+05:30,1009.3,391,1000.32,6698462,394708.0,443598.0,986.2,1012.2,981.3,986.2,120354750,1084.8,887.6,1102.5,649.1,1009.1,450,7,1009.0,1774,18,1008.9,5826,20,1008.8,2500,14,1008.7,1104,15,1009.3,60,1,1009.4,63,4,1009.5,1346,10,1009.6,138,5,1009.7,469,8
317,2025-11-26 12:59:00+05:30,1009.2,1,1000.32,6698903,393966.0,443927.0,986.2,1012.2,981.3,986.2,120354750,1084.8,887.6,1102.5,649.1,1009.1,426,7,1009.0,1311,16,1008.9,5347,19,1008.8,2415,13,1008.7,1104,15,1009.2,8,1,1009.4,63,4,1009.5,1346,10,1009.6,132,5,1009.7,418,7
317,2025-11-26 12:59:01+05:30,1009.2,1,1000.32,6698903,393966.0,443927.0,986.2,1012.2,981.3,986.2,120354750,1084.8,887.6,1102.5,649.1,1009.1,426,7,1009.0,1311,16,1008.9,5347,19,1008.8,2415,13,1008.7,1104,15,1009.2,8,1,1009.4,63,4,1009.5,1346,10,1009.6,132,5,1009.7,418,7
317,2025-11-26 12:59:01+05:30,1009.2,1,1000.32,6698903,394738.0,443954.0,986.2,1012.2,981.3,986.2,120354750,1084.8,887.6,1102.5,649.1,1009.1,426,7,1009.0,1311,16,1008.9,6097,20,1008.8,2437,14,1008.7,1104,15,1009.2,8,1,1009.4,63,4,1009.5,1346,10,1009.6,132,5,1009.7,418,7
317,2025-11-26 12:59:02+05:30,1009.2,43,1000.32,6698903,394738.0,443954.0,986.2,1012.2,981.3,986.2,120354750,1084.8,887.6,1102.5,649.1,1009.1,426,7,1009.0,1311,16,1008.9,6097,20,1008.8,2437,14,1008.7,1104,15,1009.2,8,1,1009.4,63,4,1009.5,1346,10,1009.6,132,5,1009.7,418,7
317,2025-11-26 12:59:02+05:30,1009.2,4,1000.32,6699007,394798.0,444484.0,986.2,1012.2,981.3,986.2,120354750,1084.8,887.6,1102.5,649.1,1009.1,411,7,1009.0,1311,16,1008.9,6097,20,1008.8,2437,14,1008.7,1104,15,1009.2,28,2,1009.3,42,1,1009.4,63,4,1009.5,1245,8,1009.6,132,5
317,2025-11-26 12:59:03+05:30,1009.2,8,1000.32,6699007,394798.0,444484.0,986.2,1012.2,981.3,986.2,120354750,1084.8,887.6,1102.5,649.1,1009.1,411,7,1009.0,1311,16,1008.9,6097,20,1008.8,2437,14,1008.7,1104,15,1009.2,28,2,1009.3,42,1,1009.4,63,4,1009.5,1245,8,1009.6,132,5
317,2025-11-26 12:59:03+05:30,1009.2,8,1000.32,6699034,394798.0,444438.0,986.2,1012.2,981.3,986.2,120354750,1084.8,887.6,1102.5,649.1,1009.1,411,7,1009.0,1311,16,1008.9,6097,20,1008.8,2437,14,1008.7,1104,15,1009.2,54,2,1009.3,42,1,1009.4,63,4,1009.5,1245,8,1009.6,132,5
317,2025-11-26 12:59:04+05:30,1009.2,8,1000.32,6699034,394995.0,444406.0,986.2,1012.2,981.3,986.2,120354750,1084.8,887.6,1102.5,649.1,1009.1,411,7,1009.0,1311,16,1008.9,6097,20,1008.8,2437,14,1008.7,1104,15,1009.2,54,2,1009.3,52,2,1009.4,43,3,1009.5,1245,8,1009.6,132,5
317,2025-11-26 12:59:05+05:30,1009.3,20,1000.32,6699034,394995.0,444406.0,986.2,1012.2,981.3,986.2,120354750,1084.8,887.6,1102.5,649.1,1009.1,411,7,1009.0,1311,16,1008.9,6097,20,1008.8,2437,14,1008.7,1104,15,1009.2,54,2,1009.3,52,2,1009.4,43,3,1009.5,1245,8,1009.6,132,5
317,2025-11-26 12:59:05+05:30,1009.3,20,1000.32,6699214,395649.0,444029.0,986.2,1012.2,981.3,986.2,120354750,1084.8,887.6,1102.5,649.1,1009.2,63,3,1009.1,467,8,1009.0,1609,17,1008.9,5821,20,1008.8,2415,13,1009.3,32,2,1009.4,43,3,1009.5,1245,8,1009.6,12,4,1009.7,419,6
317,2025-11-26 12:59:06+05:30,1009.2,85,1000.32,6699214,395649.0,444029.0,986.2,1012.2,981.3,986.2,120354750,1084.8,887.6,1102.5,649.1,1009.2,63,3,1009.1,467,8,1009.0,1609,17,1008.9,5821,20,1008.8,2415,13,1009.3,32,2,1009.4,43,3,1009.5,1245,8,1009.6,12,4,1009.7,419,6
317,2025-11-26 12:59:06+05:30,1009.2,85,1000.32,6699422,396243.0,443675.0,986.2,1012.2,981.3,986.2,120354750,1084.8,887.6,1102.5,649.1,1009.1,673,10,1009.0,2101,18,1008.9,5687,19,1008.8,2517,14,1008.7,1104,15,1009.3,32,3,1009.4,43,3,1009.5,1245,8,1009.6,12,4,1009.7,419,6
317,2025-11-26 12:59:07+05:30,1009.2,85,1000.32,6699422,396256.0,443821.0,986.2,1012.2,981.3,986.2,120354750,1084.8,887.6,1102.5,649.1,1009.1,686,11,1009.0,2101,18,1008.9,5687,19,1008.8,2517,14,1008.7,1104,15,1009.3,11,2,1009.4,44,4,1009.5,1245,8,1009.6,65,5,1009.7,419,6
317,2025-11-26 12:59:08+05:30,1009.4,9,1000.32,6699422,396256.0,443821.0,986.2,1012.2,981.3,986.2,120354750,1084.8,887.6,1102.5,649.1,1009.1,686,11,1009.0,2101,18,1008.9,5687,19,1008.8,2517,14,1008.7,1104,15,1009.3,11,2,1009.4,44,4,1009.5,1245,8,1009.6,65,5,1009.7,419,6
317,2025-11-26 12:59:08+05:30,1009.2,1,1000.32,6699443,395220.0,443341.0,986.2,1012.2,981.3,986.2,120354750,1084.8,887.6,1102.5,649.1,1009.2,117,3,1009.1,713,12,1009.0,1766,18,1008.9,5662,18,1008.8,2517,14,1009.4,35,4,1009.5,1245,8,1009.6,65,5,1009.7,258,4,1009.8,543,11
317,2025-11-26 12:59:09+05:30,1009.2,1,1000.32,6699443,395220.0,443341.0,986.2,1012.2,981.3,986.2,120354750,1084.8,887.6,1102.5,649.1,1009.2,117,3,1009.1,713,12,1009.0,1766,18,1008.9,5662,18,1008.8,2517,14,1009.4,35,4,1009.5,1245,8,1009.6,65,5,1009.7,258,4,1009.8,543,11
317,2025-11-26 12:59:09+05:30,1009.4,4,1000.32,6699492,394399.0,443310.0,986.2,1012.2,981.3,986.2,120354750,1084.8,887.6,1102.5,649.1,1009.2,185,6,1009.1,700,11,1009.0,1766,18,1008.9,4912,17,1008.8,2391,13,1009.4,3,1,1009.5,1245,8,1009.6,65,5,1009.7,259,5,1009.8,543,11
317,2025-11-26 12:59:10+05:30,1009.4,1,1000.32,6699492,394399.0,443310.0,986.2,1012.2,981.3,986.2,120354750,1084.8,887.6,1102.5,649.1,1009.2,185,6,1009.1,700,11,1009.0,1766,18,1008.9,4912,17,1008.8,2391,13,1009.4,3,1,1009.5,1245,8,1009.6,65,5,1009.7,259,5,1009.8,543,11
317,2025-11-26 12:59:10+05:30,1009.4,1,1000.32,6699590,394231.0,443366.0,986.2,1012.2,981.3,986.2,120354750,1084.8,887.6,1102.5,649.1,1009.2,100,5,1009.1,511,9,1009.0,1310,16,1008.9,5210,18,1008.8,2511,14,1009.3,23,1,1009.4,2,1,1009.5,1245,8,1009.6,65,5,1009.7,259,5
317,2025-11-26 12:59:11+05:30,1009.3,1,1000.32,6699590,394231.0,443366.0,986.2,1012.2,981.3,986.2,120354750,1084.8,887.6,1102.5,649.1,1009.2,100,5,1009.1,511,9,1009.0,1310,16,1008.9,5210,18,1008.8,2511,14,1009.3,23,1,1009.4,2,1,1009.5,1245,8,1009.6,65,5,1009.7,259,5
317,2025-11-26 12:59:11+05:30,1009.3,1,1000.32,6699593,395002.0,443357.0,986.2,1012.2,981.3,986.2,120354750,1084.8,887.6,1102.5,649.1,1009.2,25,3,1009.1,511,9,1009.0,1608,17,1008.9,5685,19,1008.8,2511,14,1009.3,20,1,1009.4,62,2,1009.5,1245,8,1009.6,12,4,1009.7,280,6
317,2025-11-26 12:59:12+05:30,1009.3,1,1000.32,6699628,395002.0,443313.0,986.2,1012.2,981.3,986.2,120354750,1084.8,887.6,1102.5,649.1,1009.2,25,3,1009.1,511,9,1009.0,1608,17,1008.9,5685,19,1008.8,2511,14,1009.3,22,1,1009.4,62,2,1009.5,1245,8,1009.6,12,4,1009.7,305,6
317,2025-11-26 12:59:13+05:30,1009.3,1,1000.32,6699628,395002.0,443313.0,986.2,1012.2,981.3,986.2,120354750,1084.8,887.6,1102.5,649.1,1009.2,25,3,1009.1,511,9,1009.0,1608,17,1008.9,5685,19,1008.8,2511,14,1009.3,22,1,1009.4,62,2,1009.5,1245,8,1009.6,12,4,1009.7,305,6
317,2025-11-26 12:59:14+05:30,1009.2,6,1000.32,6699706,395048.0,444241.0,986.2,1012.2,981.3,986.2,120354750,1084.8,887.6,1102.5,649.1,1009.1,459,9,1009.0,1259,16,1008.9,5960,19,1008.8,2511,14,1008.7,1104,15,1009.3,22,1,1009.4,62,2,1009.5,1245,8,1009.6,132,5,1009.7,363,6
317,2025-11-26 12:59:14+05:30,1009.2,6,1000.32,6699706,395048.0,444241.0,986.2,1012.2,981.3,986.2,120354750,1084.8,887.6,1102.5,649.1,1009.1,459,9,1009.0,1259,16,1008.9,5960,19,1008.8,2511,14,1008.7,1104,15,1009.3,22,1,1009.4,62,2,1009.5,1245,8,1009.6,132,5,1009.7,363,6
317,2025-11-26 12:59:14+05:30,1009.3,10,1000.32,6699738,395205.0,443642.0,986.2,1012.2,981.3,986.2,120354750,1084.8,887.6,1102.5,649.1,1009.2,150,3,1009.1,459,9,1009.0,1531,16,1008.9,5685,19,1008.8,2511,14,1009.3,36,2,1009.4,62,2,1009.5,1245,8,1009.6,12,4,1009.7,363,6
317,2025-11-26 12:59:15+05:30,1009.3,3,1000.32,6699738,395205.0,443642.0,986.2,1012.2,981.3,986.2,120354750,1084.8,887.6,1102.5,649.1,1009.2,150,3,1009.1,459,9,1009.0,1531,16,1008.9,5685,19,1008.8,2511,14,1009.3,36,2,1009.4,62,2,1009.5,1245,8,1009.6,12,4,1009.7,363,6
317,2025-11-26 12:59:16+05:30,1009.3,1,1000.32,6699907,394605.0,443764.0,986.2,1012.2,981.3,986.2,120354750,1084.8,887.6,1102.5,649.1,1009.2,77,3,1009.1,433,8,1009.0,1259,16,1008.9,5918,19,1008.8,2446,13,1009.3,9,1,1009.4,129,4,1009.5,1245,8,1009.6,12,4,1009.7,363,6
317,2025-11-26 12:59:16+05:30,1009.3,1,1000.32,6699907,394605.0,443764.0,986.2,1012.2,981.3,986.2,120354750,1084.8,887.6,1102.5,649.1,1009.2,77,3,1009.1,433,8,1009.0,1259,16,1008.9,5918,19,1008.8,2446,13,1009.3,9,1,1009.4,129,4,1009.5,1245,8,1009.6,12,4,1009.7,363,6
317,2025-11-26 12:59:17+05:30,1009.2,20,1000.32,6699927,394717.0,443824.0,986.2,1012.2,981.3,986.2,120354750,1084.8,887.6,1102.5,649.1,1009.2,12,1,1009.1,285,7,1009.0,1259,16,1008.9,5918,19,1008.8,2511,14,1009.3,9,1,1009.4,129,4,1009.5,1245,8,1009.6,132,5,1009.7,363,6
317,2025-11-26 12:59:17+05:30,1009.2,20,1000.32,6699927,394717.0,443824.0,986.2,1012.2,981.3,986.2,120354750,1084.8,887.6,1102.5,649.1,1009.2,12,1,1009.1,285,7,1009.0,1259,16,1008.9,5918,19,1008.8,2511,14,1009.3,9,1,1009.4,129,4,1009.5,1245,8,1009.6,132,5,1009.7,363,6
317,2025-11-26 12:59:18+05:30,1009.3,74,1000.32,6700050,394355.0,443094.0,986.2,1012.2,981.3,986.2,120354750,1084.8,887.6,1102.5,649.1,1009.2,12,1,1009.1,458,9,1009.0,1601,19,1008.9,5662,18,1008.8,2511,14,1009.4,127,3,1009.5,1254,10,1009.6,132,5,1009.7,363,6,1009.8,537,11
317,2025-11-26 12:59:18+05:30,1009.3,74,1000.32,6700050,394355.0,443094.0,986.2,1012.2,981.3,986.2,120354750,1084.8,887.6,1102.5,649.1,1009.2,12,1,1009.1,458,9,1009.0,1601,19,1008.9,5662,18,1008.8,2511,14,1009.4,127,3,1009.5,1254,10,1009.6,132,5,1009.7,363,6,1009.8,537,11
317,2025-11-26 12:59:19+05:30,1009.3,74,1000.32,6700050,393582.0,443978.0,986.2,1012.2,981.3,986.2,120354750,1084.8,887.6,1102.5,649.1,1009.2,12,1,1009.1,458,9,1009.0,1280,17,1008.9,5210,18,1008.8,2511,14,1009.4,127,3,1009.5,1254,10,1009.6,132,5,1009.7,408,7,1009.8,511,9
317,2025-11-26 12:59:20+05:30,1009.4,1,1000.32,6700050,393582.0,443978.0,986.2,1012.2,981.3,986.2,120354750,1084.8,887.6,1102.5,649.1,1009.2,12,1,1009.1,458,9,1009.0,1280,17,1008.9,5210,18,1008.8,2511,14,1009.4,127,3,1009.5,1254,10,1009.6,132,5,1009.7,408,7,1009.8,511,9
317,2025-11-26 12:59:21+05:30,1009.3,1,1000.32,6700090,394333.0,444134.0,986.2,1012.2,981.3,986.2,120354750,1084.8,887.6,1102.5,649.1,1009.2,12,1,1009.1,152,4,1009.0,1281,17,1008.9,5290,19,1008.8,2459,13,1009.3,9,1,1009.4,131,5,1009.5,1254,10,1009.6,132,5,1009.7,459,8
317,2025-11-26 12:59:22+05:30,1009.2,1,1000.32,6700090,394333.0,444134.0,986.2,1012.2,981.3,986.2,120354750,1084.8,887.6,1102.5,649.1,1009.2,12,1,1009.1,152,4,1009.0,1281,17,1008.9,5290,19,1008.8,2459,13,1009.3,9,1,1009.4,131,5,1009.5,1254,10,1009.6,132,5,1009.7,459,8
317,2025-11-26 12:59:24+05:30,1009.3,10,1000.32,6700090,394333.0,444134.0,986.2,1012.2,981.3,986.2,120354750,1084.8,887.6,1102.5,649.1,1009.2,12,1,1009.1,152,4,1009.0,1281,17,1008.9,5290,19,1008.8,2459,13,1009.3,9,1,1009.4,131,5,1009.5,1254,10,1009.6,132,5,1009.7,459,8
317,2025-11-26 12:59:25+05:30,1009.3,10,1000.32,6700174,395092.0,444245.0,986.2,1012.2,981.3,986.2,120354750,1084.8,887.6,1102.5,649.1,1009.2,20,3,1009.1,299,5,1009.0,1285,17,1008.9,6067,21,1008.8,2402,13,1009.3,83,3,1009.4,73,4,1009.5,1254,10,1009.6,132,5,1009.7,459,8
317,2025-11-26 12:59:26+05:30,1009.3,2,1000.32,6700174,395092.0,444245.0,986.2,1012.2,981.3,986.2,120354750,1084.8,887.6,1102.5,649.1,1009.2,20,3,1009.1,299,5,1009.0,1285,17,1008.9,6067,21,1008.8,2402,13,1009.3,83,3,1009.4,73,4,1009.5,1254,10,1009.6,132,5,1009.7,459,8
317,2025-11-26 12:59:28+05:30,1009.3,24,1000.32,6700174,395092.0,444245.0,986.2,1012.2,981.3,986.2,120354750,1084.8,887.6,1102.5,649.1,1009.2,20,3,1009.1,299,5,1009.0,1285,17,1008.9,6067,21,1008.8,2402,13,1009.3,83,3,1009.4,73,4,1009.5,1254,10,1009.6,132,5,1009.7,459,8
317,2025-11-26 12:59:29+05:30,1009.3,1,1000.32,6700410,395054.0,444570.0,986.2,1012.2,981.3,986.2,120354750,1084.8,887.6,1102.5,649.1,1009.1,57,3,1009.0,1292,15,1008.9,6009,21,1008.8,2592,14,1008.7,1224,16,1009.3,58,2,1009.4,573,5,1009.5,1254,10,1009.6,177,6,1009.7,459,8
317,2025-11-26 12:59:30+05:30,1009.3,16,1000.32,6700410,395054.0,444570.0,986.2,1012.2,981.3,986.2,120354750,1084.8,887.6,1102.5,649.1,1009.1,57,3,1009.0,1292,15,1008.9,6009,21,1008.8,2592,14,1008.7,1224,16,1009.3,58,2,1009.4,573,5,1009.5,1254,10,1009.6,177,6,1009.7,459,8
317,2025-11-26 12:59:32+05:30,1009.1,1,1000.32,6700410,395054.0,444570.0,986.2,1012.2,981.3,986.2,120354750,1084.8,887.6,1102.5,649.1,1009.1,57,3,1009.0,1292,15,1008.9,6009,21,1008.8,2592,14,1008.7,1224,16,1009.3,58,2,1009.4,573,5,1009.5,1254,10,1009.6,177,6,1009.7,459,8
317,2025-11-26 12:59:33+05:30,1009.3,1,1000.32,6700555,395198.0,444908.0,986.2,1012.2,981.3,986.2,120354750,1084.8,887.6,1102.5,649.1,1009.1,178,5,1009.0,1394,17,1008.9,5961,18,1008.8,2548,15,1008.7,1224,16,1009.3,88,4,1009.4,572,4,1009.5,1248,8,1009.6,132,5,1009.7,461,8
317,2025-11-26 12:59:34+05:30,1009.3,1,1000.32,6700555,395198.0,444908.0,986.2,1012.2,981.3,986.2,120354750,1084.8,887.6,1102.5,649.1,1009.1,178,5,1009.0,1394,17,1008.9,5961,18,1008.8,2548,15,1008.7,1224,16,1009.3,88,4,1009.4,572,4,1009.5,1248,8,1009.6,132,5,1009.7,461,8
317,2025-11-26 12:59:36+05:30,1009.3,2,1000.32,6700555,395198.0,444908.0,986.2,1012.2,981.3,986.2,120354750,1084.8,887.6,1102.5,649.1,1009.1,178,5,1009.0,1394,17,1008.9,5961,18,1008.8,2548,15,1008.7,1224,16,1009.3,88,4,1009.4,572,4,1009.5,1248,8,1009.6,132,5,1009.7,461,8
317,2025-11-26 12:59:38+05:30,1009.3,1,1000.32,6700565,395438.0,444481.0,986.2,1012.2,981.3,986.2,120354750,1084.8,887.6,1102.5,649.1,1009.2,119,2,1009.1,290,8,1009.0,1385,17,1008.9,5961,18,1008.8,2548,15,1009.3,83,4,1009.4,608,5,1009.5,1248,8,1009.6,132,5,1009.7,460,8
317,2025-11-26 12:59:38+05:30,1009.3,1,1000.32,6700565,395438.0,444481.0,986.2,1012.2,981.3,986.2,120354750,1084.8,887.6,1102.5,649.1,1009.2,119,2,1009.1,290,8,1009.0,1385,17,1008.9,5961,18,1008.8,2548,15,1009.3,83,4,1009.4,608,5,1009.5,1248,8,1009.6,132,5,1009.7,460,8
317,2025-11-26 12:59:40+05:30,1009.3,2,1000.32,6700565,395438.0,444481.0,986.2,1012.2,981.3,986.2,120354750,1084.8,887.6,1102.5,649.1,1009.2,119,2,1009.1,290,8,1009.0,1385,17,1008.9,5961,18,1008.8,2548,15,1009.3,83,4,1009.4,608,5,1009.5,1248,8,1009.6,132,5,1009.7,460,8
317,2025-11-26 12:59:42+05:30,1009.1,5,1000.32,6700565,395438.0,444481.0,986.2,1012.2,981.3,986.2,120354750,1084.8,887.6,1102.5,649.1,1009.2,119,2,1009.1,290,8,1009.0,1385,17,1008.9,5961,18,1008.8,2548,15,1009.3,83,4,1009.4,608,5,1009.5,1248,8,1009.6,132,5,1009.7,460,8
317,2025-11-26 12:59:42+05:30,1009.1,5,1000.32,6701959,394181.0,444169.0,986.2,1012.2,981.3,986.2,120354750,1084.8,887.6,1102.5,649.1,1009.1,39,2,1009.0,821,14,1008.9,5961,19,1008.8,2594,16,1008.7,1130,15,1009.3,76,4,1009.4,608,5,1009.5,1248,8,1009.6,180,6,1009.7,460,8
317,2025-11-26 12:59:44+05:30,1009.1,2,1000.32,6701959,394181.0,444169.0,986.2,1012.2,981.3,986.2,120354750,1084.8,887.6,1102.5,649.1,1009.1,39,2,1009.0,821,14,1008.9,5961,19,1008.8,2594,16,1008.7,1130,15,1009.3,76,4,1009.4,608,5,1009.5,1248,8,1009.6,180,6,1009.7,460,8
317,2025-11-26 12:59:46+05:30,1009.3,1,1000.32,6701959,394181.0,444169.0,986.2,1012.2,981.3,986.2,120354750,1084.8,887.6,1102.5,649.1,1009.1,39,2,1009.0,821,14,1008.9,5961,19,1008.8,2594,16,1008.7,1130,15,1009.3,76,4,1009.4,608,5,1009.5,1248,8,1009.6,180,6,1009.7,460,8
317,2025-11-26 12:59:46+05:30,1009.3,1,1000.32,6702500,394463.0,444507.0,986.2,1012.2,981.3,986.2,120354750,1084.8,887.6,1102.5,649.1,1009.2,71,2,1009.1,12,1,1009.0,1274,19,1008.9,5894,19,1008.8,2626,18,1009.3,239,1,1009.4,863,5,1009.5,1248,8,1009.6,132,5,1009.7,466,8
317,2025-11-26 12:59:48+05:30,1009.3,1,1000.32,6702500,394463.0,444507.0,986.2,1012.2,981.3,986.2,120354750,1084.8,887.6,1102.5,649.1,1009.2,71,2,1009.1,12,1,1009.0,1274,19,1008.9,5894,19,1008.8,2626,18,1009.3,239,1,1009.4,863,5,1009.5,1248,8,1009.6,132,5,1009.7,466,8
317,2025-11-26 12:59:50+05:30,1009.3,1,1000.32,6702500,394463.0,444507.0,986.2,1012.2,981.3,986.2,120354750,1084.8,887.6,1102.5,649.1,1009.2,71,2,1009.1,12,1,1009.0,1274,19,1008.9,5894,19,1008.8,2626,18,1009.3,239,1,1009.4,863,5,1009.5,1248,8,1009.6,132,5,1009.7,466,8
317,2025-11-26 12:59:50+05:30,1009.2,3,1000.32,6702588,394594.0,445538.0,986.2,1012.2,981.3,986.2,120354750,1084.8,887.6,1102.5,649.1,1009.1,82,3,1009.0,967,14,1008.9,5577,18,1008.8,3014,20,1008.7,1152,13,1009.2,24,1,1009.3,273,2,1009.4,863,5,1009.5,1330,9,1009.6,366,8
317,2025-11-26 12:59:52+05:30,1009.0,25,1000.32,6702588,394594.0,445538.0,986.2,1012.2,981.3,986.2,120354750,1084.8,887.6,1102.5,649.1,1009.1,82,3,1009.0,967,14,1008.9,5577,18,1008.8,3014,20,1008.7,1152,13,1009.2,24,1,1009.3,273,2,1009.4,863,5,1009.5,1330,9,1009.6,366,8
317,2025-11-26 12:59:54+05:30,1009.2,121,1000.32,6702588,394594.0,445538.0,986.2,1012.2,981.3,986.2,120354750,1084.8,887.6,1102.5,649.1,1009.1,82,3,1009.0,967,14,1008.9,5577,18,1008.8,3014,20,1008.7,1152,13,1009.2,24,1,1009.3,273,2,1009.4,863,5,1009.5,1330,9,1009.6,366,8
317,2025-11-26 12:59:55+05:30,1009.3,9,1000.32,6703737,394172.0,444687.0,986.2,1012.2,981.3,986.2,120354750,1084.8,887.6,1102.5,649.1,1009.1,124,2,1009.0,668,14,1008.9,5824,16,1008.8,2587,14,1008.7,1152,13,1009.3,134,4,1009.4,784,3,1009.5,1239,6,1009.6,108,6,1009.7,551,9
317,2025-11-26 12:59:56+05:30,1009.3,1,1000.32,6703737,394172.0,444687.0,986.2,1012.2,981.3,986.2,120354750,1084.8,887.6,1102.5,649.1,1009.1,124,2,1009.0,668,14,1008.9,5824,16,1008.8,2587,14,1008.7,1152,13,1009.3,134,4,1009.4,784,3,1009.5,1239,6,1009.6,108,6,1009.7,551,9
317,2025-11-26 12:59:58+05:30,1009.3,11,1000.32,6703737,394172.0,444687.0,986.2,1012.2,981.3,986.2,120354750,1084.8,887.6,1102.5,649.1,1009.1,124,2,1009.0,668,14,1008.9,5824,16,1008.8,2587,14,1008.7,1152,13,1009.3,134,4,1009.4,784,3,1009.5,1239,6,1009.6,108,6,1009.7,551,9
317,2025-11-26 12:59:59+05:30,1009.3,11,1000.32,6703932,393604.0,445400.0,986.2,1012.2,981.3,986.2,120354750,1084.8,887.6,1102.5,649.1,1009.1,25,2,1009.0,907,16,1008.9,5272,22,1008.8,2603,16,1008.7,1139,12,1009.3,91,4,1009.4,783,2,1009.5,1287,7,1009.6,293,8,1009.7,553,10
317,2025-11-26 13:00:00+05:30,1009.3,1,1000.32,6703932,393604.0,445400.0,986.2,1012.2,981.3,986.2,120354750,1084.8,887.6,1102.5,649.1,1009.1,25,2,1009.0,907,16,1008.9,5272,22,1008.8,2603,16,1008.7,1139,12,1009.3,91,4,1009.4,783,2,1009.5,1287,7,1009.6,293,8,1009.7,553,10
317,2025-11-26 13:00:03+05:30,1009.4,1,1000.32,6703932,393604.0,445400.0,986.2,1012.2,981.3,986.2,120354750,1084.8,887.6,1102.5,649.1,1009.1,25,2,1009.0,907,16,1008.9,5272,22,1008.8,2603,16,1008.7,1139,12,1009.3,91,4,1009.4,783,2,1009.5,1287,7,1009.6,293,8,1009.7,553,10
317,2025-11-26 13:00:06+05:30,1009.4,1,1000.32,6703932,393604.0,445400.0,986.2,1012.2,981.3,986.2,120354750,1084.8,887.6,1102.5,649.1,1009.1,25,2,1009.0,907,16,1008.9,5272,22,1008.8,2603,16,1008.7,1139,12,1009.3,91,4,1009.4,783,2,1009.5,1287,7,1009.6,293,8,1009.7,553,10
317,2025-11-26 13:00:08+05:30,1009.5,1,1000.32,6703932,393604.0,445400.0,986.2,1012.2,981.3,986.2,120354750,1084.8,887.6,1102.5,649.1,1009.1,25,2,1009.0,907,16,1008.9,5272,22,1008.8,2603,16,1008.7,1139,12,1009.3,91,4,1009.4,783,2,1009.5,1287,7,1009.6,293,8,1009.7,553,10
317,2025-11-26 13:00:08+05:30,1009.5,1,1000.33,6706719,390727.0,444007.0,986.2,1012.2,981.3,986.2,120354750,1084.8,887.6,1102.5,649.1,1009.2,12,1,1009.1,120,2,1009.0,966,12,1008.9,2705,14,1008.8,2694,16,1009.5,923,8,1009.6,429,10,1009.7,593,9,1009.8,1021,11,1009.9,1142,17
317,2025-11-26 13:00:10+05:30,1009.4,1,1000.33,6706719,390727.0,444007.0,986.2,1012.2,981.3,986.2,120354750,1084.8,887.6,1102.5,649.1,1009.2,12,1,1009.1,120,2,1009.0,966,12,1008.9,2705,14,1008.8,2694,16,1009.5,923,8,1009.6,429,10,1009.7,593,9,1009.8,1021,11,1009.9,1142,17
317,2025-11-26 13:00:12+05:30,1009.3,1,1000.33,6706719,390727.0,444007.0,986.2,1012.2,981.3,986.2,120354750,1084.8,887.6,1102.5,649.1,1009.2,12,1,1009.1,120,2,1009.0,966,12,1008.9,2705,14,1008.8,2694,16,1009.5,923,8,1009.6,429,10,1009.7,593,9,1009.8,1021,11,1009.9,1142,17
317,2025-11-26 13:00:13+05:30,1009.3,1,1000.33,6706779,388171.0,451571.0,986.2,1012.2,981.3,986.2,120354750,1084.8,887.6,1102.5,649.1,1009.0,328,9,1008.9,1875,2,1008.8,347,3,1008.7,828,9,1008.6,1684,15,1009.3,163,5,1009.4,1019,9,1009.5,5926,13,1009.6,1022,17,1009.7,806,15
317,2025-11-26 13:00:14+05:30,1009.1,1,1000.33,6706779,388171.0,451571.0,986.2,1012.2,981.3,986.2,120354750,1084.8,887.6,1102.5,649.1,1009.0,328,9,1008.9,1875,2,1008.8,347,3,1008.7,828,9,1008.6,1684,15,1009.3,163,5,1009.4,1019,9,1009.5,5926,13,1009.6,1022,17,1009.7,806,15
317,2025-11-26 13:00:16+05:30,1009.1,1,1000.33,6706779,388171.0,451571.0,986.2,1012.2,981.3,986.2,120354750,1084.8,887.6,1102.5,649.1,1009.0,328,9,1008.9,1875,2,1008.8,347,3,1008.7,828,9,1008.6,1684,15,1009.3,163,5,1009.4,1019,9,1009.5,5926,13,1009.6,1022,17,1009.7,806,15
317,2025-11-26 13:00:17+05:30,1009.1,1,1000.33,6706925,391619.0,451119.0,986.2,1012.2,981.3,986.2,120354750,1084.8,887.6,1102.5,649.1,1009.0,352,11,1008.9,1991,3,1008.8,548,5,1008.7,1244,12,1008.6,1362,16,1009.1,45,1,1009.3,6,2,1009.4,1009,8,1009.5,6048,14,1009.6,668,14
317,2025-11-26 13:00:18+05:30,1009.1,1,1000.33,6706925,391619.0,451119.0,986.2,1012.2,981.3,986.2,120354750,1084.8,887.6,1102.5,649.1,1009.0,352,11,1008.9,1991,3,1008.8,548,5,1008.7,1244,12,1008.6,1362,16,1009.1,45,1,1009.3,6,2,1009.4,1009,8,1009.5,6048,14,1009.6,668,14
317,2025-11-26 13:00:20+05:30,1009.1,1,1000.33,6706925,391619.0,451119.0,986.2,1012.2,981.3,986.2,120354750,1084.8,887.6,1102.5,649.1,1009.0,352,11,1008.9,1991,3,1008.8,548,5,1008.7,1244,12,1008.6,1362,16,1009.1,45,1,1009.3,6,2,1009.4,1009,8,1009.5,6048,14,1009.6,668,14
317,2025-11-26 13:00:20+05:30,1009.0,20,1000.33,6707430,391632.0,451276.0,986.2,1012.2,981.3,986.2,120354750,1084.8,887.6,1102.5,649.1,1009.0,98,5,1008.9,1875,2,1008.8,769,8,1008.7,1156,12,1008.6,954,14,1009.1,1,1,1009.3,218,4,1009.4,484,8,1009.5,6048,14,1009.6,678,15
317,2025-11-26 13:00:21+05:30,1009.1,1,1000.33,6707430,391632.0,451276.0,986.2,1012.2,981.3,986.2,120354750,1084.8,887.6,1102.5,649.1,1009.0,98,5,1008.9,1875,2,1008.8,769,8,1008.7,1156,12,1008.6,954,14,1009.1,1,1,1009.3,218,4,1009.4,484,8,1009.5,6048,14,1009.6,678,15
317,2025-11-26 13:00:21+05:30,1009.1,1,1000.33,6707431,391632.0,451302.0,986.2,1012.2,981.3,986.2,120354750,1084.8,887.6,1102.5,649.1,1009.0,98,5,1008.9,1991,3,1008.8,769,8,1008.7,951,11,1008.6,1159,15,1009.1,1,1,1009.3,218,4,1009.4,480,7,1009.5,6048,14,1009.6,682,16
317,2025-11-26 13:00:22+05:30,1009.1,1,1000.33,6707431,391655.0,451347.0,986.2,1012.2,981.3,986.2,120354750,1084.8,887.6,1102.5,649.1,1009.0,77,4,1008.9,1875,2,1008.8,701,7,1008.7,1006,12,1008.6,1287,15,1009.1,1,1,1009.2,50,1,1009.3,267,5,1009.4,1083,9,1009.5,5998,13
317,2025-11-26 13:00:23+05:30,1009.1,3,1000.33,6707431,391655.0,451347.0,986.2,1012.2,981.3,986.2,120354750,1084.8,887.6,1102.5,649.1,1009.0,77,4,1008.9,1875,2,1008.8,701,7,1008.7,1006,12,1008.6,1287,15,1009.1,1,1,1009.2,50,1,1009.3,267,5,1009.4,1083,9,1009.5,5998,13
317,2025-11-26 13:00:23+05:30,1009.1,3,1000.33,6707434,389466.0,451600.0,986.2,1012.2,981.3,986.2,120354750,1084.8,887.6,1102.5,649.1,1009.1,6,4,1009.0,77,4,1008.9,1875,2,1008.8,524,5,1008.7,1006,12,1009.2,50,1,1009.3,177,5,1009.4,1101,9,1009.5,6019,14,1009.6,945,18
317,2025-11-26 13:00:24+05:30,1009.1,3,1000.33,6707434,389436.0,451545.0,986.2,1012.2,981.3,986.2,120354750,1084.8,887.6,1102.5,649.1,1009.1,6,4,1009.0,77,4,1008.9,1875,2,1008.8,524,5,1008.7,1137,13,1009.2,50,1,1009.3,177,5,1009.4,529,8,1009.5,6019,14,1009.6,945,18
317,2025-11-26 13:00:25+05:30,1009.2,11,1000.33,6707434,389436.0,451545.0,986.2,1012.2,981.3,986.2,120354750,1084.8,887.6,1102.5,649.1,1009.1,6,4,1009.0,77,4,1008.9,1875,2,1008.8,524,5,1008.7,1137,13,1009.2,50,1,1009.3,177,5,1009.4,529,8,1009.5,6019,14,1009.6,945,18
317,2025-11-26 13:00:25+05:30,1009.2,1,1000.33,6707461,389468.0,451563.0,986.2,1012.2,981.3,986.2,120354750,1084.8,887.6,1102.5,649.1,1009.1,5,3,1009.0,77,4,1008.9,1875,2,1008.8,524,5,1008.7,1006,12,1009.2,24,2,1009.3,60,3,1009.4,1045,8,1009.5,6053,14,1009.6,945,18
317,2025-11-26 13:00:26+05:30,1009.2,1,1000.33,6707461,389468.0,451563.0,986.2,1012.2,981.3,986.2,120354750,1084.8,887.6,1102.5,649.1,1009.1,5,3,1009.0,77,4,1008.9,1875,2,1008.8,524,5,1008.7,1006,12,1009.2,24,2,1009.3,60,3,1009.4,1045,8,1009.5,6053,14,1009.6,945,18
317,2025-11-26 13:00:26+05:30,1009.2,1,1000.33,6707491,389456.0,451548.0,986.2,1012.2,981.3,986.2,120354750,1084.8,887.6,1102.5,649.1,1009.0,77,4,1008.9,1875,2,1008.8,780,9,1008.7,1006,12,1008.6,1267,15,1009.2,44,1,1009.3,15,2,1009.4,996,7,1009.5,6053,14,1009.6,909,15
317,2025-11-26 13:00:27+05:30,1009.2,1,1000.33,6707492,389403.0,451569.0,986.2,1012.2,981.3,986.2,120354750,1084.8,887.6,1102.5,649.1,1009.0,77,4,1008.9,1875,2,1008.8,641,7,1008.7,1006,12,1008.6,1323,15,1009.2,47,2,1009.3,22,3,1009.4,1018,8,1009.5,6053,14,1009.6,909,15
317,2025-11-26 13:00:28+05:30,1009.2,1,1000.33,6707492,389403.0,451569.0,986.2,1012.2,981.3,986.2,120354750,1084.8,887.6,1102.5,649.1,1009.0,77,4,1008.9,1875,2,1008.8,641,7,1008.7,1006,12,1008.6,1323,15,1009.2,47,2,1009.3,22,3,1009.4,1018,8,1009.5,6053,14,1009.6,909,15
317,2025-11-26 13:00:28+05:30,1009.2,1,1000.33,6707492,389403.0,451569.0,986.2,1012.2,981.3,986.2,120354750,1084.8,887.6,1102.5,649.1,1009.0,77,4,1008.9,1875,2,1008.8,641,7,1008.7,1006,12,1008.6,1323,15,1009.2,47,2,1009.3,22,3,1009.4,1018,8,1009.5,6053,14,1009.6,909,15
317,2025-11-26 13:00:29+05:30,1009.2,10,1000.33,6707492,389403.0,451569.0,986.2,1012.2,981.3,986.2,120354750,1084.8,887.6,1102.5,649.1,1009.0,77,4,1008.9,1875,2,1008.8,641,7,1008.7,1006,12,1008.6,1323,15,1009.2,47,2,1009.3,22,3,1009.4,1018,8,1009.5,6053,14,1009.6,909,15
317,2025-11-26 13:00:29+05:30,1009.2,10,1000.33,6707636,389144.0,452251.0,986.2,1012.2,981.3,986.2,120354750,1084.8,887.6,1102.5,649.1,1009.0,70,4,1008.9,1875,2,1008.8,423,4,1008.7,711,9,1008.6,1076,15,1009.2,122,4,1009.3,269,5,1009.4,1085,11,1009.5,5998,13,1009.6,905,14
317,2025-11-26 13:00:30+05:30,1009.2,18,1000.33,6707636,389144.0,452251.0,986.2,1012.2,981.3,986.2,120354750,1084.8,887.6,1102.5,649.1,1009.0,70,4,1008.9,1875,2,1008.8,423,4,1008.7,711,9,1008.6,1076,15,1009.2,122,4,1009.3,269,5,1009.4,1085,11,1009.5,5998,13,1009.6,905,14
317,2025-11-26 13:00:30+05:30,1009.1,8,1000.33,6707854,389488.0,451444.0,986.2,1012.2,981.3,986.2,120354750,1084.8,887.6,1102.5,649.1,1009.1,337,1,1009.0,83,5,1008.9,1991,3,1008.8,624,6,1008.7,1034,11,1009.2,36,2,1009.3,116,5,1009.4,371,6,1009.5,5965,14,1009.6,643,15
317,2025-11-26 13:00:31+05:30,1009.2,1,1000.33,6707854,389488.0,451444.0,986.2,1012.2,981.3,986.2,120354750,1084.8,887.6,1102.5,649.1,1009.1,337,1,1009.0,83,5,1008.9,1991,3,1008.8,624,6,1008.7,1034,11,1009.2,36,2,1009.3,116,5,1009.4,371,6,1009.5,5965,14,1009.6,643,15
317,2025-11-26 13:00:31+05:30,1009.2,1,1000.33,6707855,389504.0,451489.0,986.2,1012.2,981.3,986.2,120354750,1084.8,887.6,1102.5,649.1,1009.1,366,3,1009.0,70,4,1008.9,1991,3,1008.8,624,6,1008.7,1034,11,1009.2,36,3,1009.3,67,4,1009.4,420,7,1009.5,5965,14,1009.6,643,15
317,2025-11-26 13:00:32+05:30,1009.2,1,1000.33,6707855,389504.0,451489.0,986.2,1012.2,981.3,986.2,120354750,1084.8,887.6,1102.5,649.1,1009.1,366,3,1009.0,70,4,1008.9,1991,3,1008.8,624,6,1008.7,1034,11,1009.2,36,3,1009.3,67,4,1009.4,420,7,1009.5,5965,14,1009.6,643,15
317,2025-11-26 13:00:32+05:30,1009.2,4,1000.33,6707883,389503.0,451453.0,986.2,1012.2,981.3,986.2,120354750,1084.8,887.6,1102.5,649.1,1009.1,366,3,1009.0,70,4,1008.9,1991,3,1008.8,623,6,1008.7,1034,11,1009.2,2,1,1009.3,22,3,1009.4,255,5,1009.5,6075,16,1009.6,643,15
317,2025-11-26 13:00:33+05:30,1009.2,2,1000.33,6707883,389503.0,451453.0,986.2,1012.2,981.3,986.2,120354750,1084.8,887.6,1102.5,649.1,1009.1,366,3,1009.0,70,4,1008.9,1991,3,1008.8,623,6,1008.7,1034,11,1009.2,2,1,1009.3,22,3,1009.4,255,5,1009.5,6075,16,1009.6,643,15
317,2025-11-26 13:00:33+05:30,1009.1,97,1000.33,6707987,388032.0,450906.0,986.2,1012.2,981.3,986.2,120354750,1084.8,887.6,1102.5,649.1,1009.1,269,3,1009.0,70,4,1008.9,2100,4,1008.8,737,8,1008.7,1143,11,1009.3,145,6,1009.4,245,4,1009.5,6034,16,1009.6,643,15,1009.7,869,11
317,2025-11-26 13:00:34+05:30,1009.1,97,1000.33,6707987,388032.0,450906.0,986.2,1012.2,981.3,986.2,120354750,1084.8,887.6,1102.5,649.1,1009.1,269,3,1009.0,70,4,1008.9,2100,4,1008.8,737,8,1008.7,1143,11,1009.3,145,6,1009.4,245,4,1009.5,6034,16,1009.6,643,15,1009.7,869,11
317,2025-11-26 13:00:34+05:30,1009.1,97,1000.33,6707987,387984.0,450780.0,986.2,1012.2,981.3,986.2,120354750,1084.8,887.6,1102.5,649.1,1009.2,112,1,1009.1,269,3,1009.0,70,4,1008.9,2100,4,1008.8,737,8,1009.3,96,5,1009.4,200,3,1009.5,6002,15,1009.6,692,16,1009.7,869,11
317,2025-11-26 13:00:35+05:30,1009.2,3,1000.33,6707987,387984.0,450780.0,986.2,1012.2,981.3,986.2,120354750,1084.8,887.6,1102.5,649.1,1009.2,112,1,1009.1,269,3,1009.0,70,4,1008.9,2100,4,1008.8,737,8,1009.3,96,5,1009.4,200,3,1009.5,6002,15,1009.6,692,16,1009.7,869,11
317,2025-11-26 13:00:35+05:30,1009.2,3,1000.33,6707997,387962.0,450803.0,986.2,1012.2,981.3,986.2,120354750,1084.8,887.6,1102.5,649.1,1009.2,104,1,1009.1,269,3,1009.0,70,4,1008.9,2100,4,1008.8,737,8,1009.3,94,5,1009.4,249,4,1009.5,5953,14,1009.6,714,17,1009.7,869,11
317,2025-11-26 13:00:36+05:30,1009.1,30,1000.33,6707997,387962.0,450803.0,986.2,1012.2,981.3,986.2,120354750,1084.8,887.6,1102.5,649.1,1009.2,104,1,1009.1,269,3,1009.0,70,4,1008.9,2100,4,1008.8,737,8,1009.3,94,5,1009.4,249,4,1009.5,5953,14,1009.6,714,17,1009.7,869,11
317,2025-11-26 13:00:36+05:30,1009.1,30,1000.33,6708132,387820.0,450997.0,986.2,1012.2,981.3,986.2,120354750,1084.8,887.6,1102.5,649.1,1009.2,13,1,1009.1,226,2,1009.0,70,4,1008.9,2100,4,1008.8,737,8,1009.3,147,6,1009.4,245,4,1009.5,6002,15,1009.6,671,16,1009.7,869,11
317,2025-11-26 13:00:37+05:30,1009.2,9,1000.33,6708141,387832.0,451018.0,986.2,1012.2,981.3,986.2,120354750,1084.8,887.6,1102.5,649.1,1009.2,4,1,1009.1,226,2,1009.0,91,5,1008.9,2100,4,1008.8,737,8,1009.3,182,7,1009.4,302,5,1009.5,5941,14,1009.6,671,16,1009.7,869,11
317,2025-11-26 13:00:38+05:30,1009.2,9,1000.33,6708141,387832.0,451018.0,986.2,1012.2,981.3,986.2,120354750,1084.8,887.6,1102.5,649.1,1009.2,4,1,1009.1,226,2,1009.0,91,5,1008.9,2100,4,1008.8,737,8,1009.3,182,7,1009.4,302,5,1009.5,5941,14,1009.6,671,16,1009.7,869,11
317,2025-11-26 13:00:38+05:30,1009.2,9,1000.33,6708141,387832.0,451076.0,986.2,1012.2,981.3,986.2,120354750,1084.8,887.6,1102.5,649.1,1009.2,4,1,1009.1,226,2,1009.0,91,5,1008.9,2100,4,1008.8,737,8,1009.3,98,5,1009.4,351,6,1009.5,5941,14,1009.6,671,16,1009.7,869,11
317,2025-11-26 13:00:39+05:30,1009.2,9,1000.33,6708141,387862.0,451009.0,986.2,1012.2,981.3,986.2,120354750,1084.8,887.6,1102.5,649.1,1009.2,4,1,1009.1,226,2,1009.0,92,6,1008.9,2100,4,1008.8,737,8,1009.3,98,5,1009.4,306,5,1009.5,5941,14,1009.6,671,16,1009.7,869,11
317,2025-11-26 13:00:40+05:30,1009.3,1,1000.33,6708141,387862.0,451009.0,986.2,1012.2,981.3,986.2,120354750,1084.8,887.6,1102.5,649.1,1009.2,4,1,1009.1,226,2,1009.0,92,6,1008.9,2100,4,1008.8,737,8,1009.3,98,5,1009.4,306,5,1009.5,5941,14,1009.6,671,16,1009.7,869,11
317,2025-11-26 13:00:40+05:30,1009.2,2,1000.33,6708148,388933.0,450650.0,986.2,1012.2,981.3,986.2,120354750,1084.8,887.6,1102.5,649.1,1009.1,226,2,1009.0,139,7,1008.9,2232,6,1008.8,877,9,1008.7,1182,13,1009.2,3,1,1009.3,22,4,1009.4,208,3,1009.5,5843,12,1009.6,733,17
317,2025-11-26 13:00:41+05:30,1009.2,1,1000.33,6708148,388933.0,450650.0,986.2,1012.2,981.3,986.2,120354750,1084.8,887.6,1102.5,649.1,1009.1,226,2,1009.0,139,7,1008.9,2232,6,1008.8,877,9,1008.7,1182,13,1009.2,3,1,1009.3,22,4,1009.4,208,3,1009.5,5843,12,1009.6,733,17
317,2025-11-26 13:00:41+05:30,1009.2,1,1000.33,6708149,391198.0,450645.0,986.2,1012.2,981.3,986.2,120354750,1084.8,887.6,1102.5,649.1,1009.1,226,2,1009.0,92,6,1008.9,2247,6,1008.8,877,9,1008.7,1182,13,1009.2,2,1,1009.3,22,4,1009.4,253,4,1009.5,5843,12,1009.6,685,15
317,2025-11-26 13:00:42+05:30,1009.2,5,1000.33,6708158,391247.0,447976.0,986.2,1012.2,981.3,986.2,120354750,1084.8,887.6,1102.5,649.1,1009.1,226,2,1009.0,71,5,1008.9,2294,7,1008.8,900,10,1008.7,1387,14,1009.2,4,1,1009.3,22,4,1009.4,208,3,1009.5,5887,13,1009.6,696,15
317,2025-11-26 13:00:43+05:30,1009.1,1,1000.33,6708158,391247.0,447976.0,986.2,1012.2,981.3,986.2,120354750,1084.8,887.6,1102.5,649.1,1009.1,226,2,1009.0,71,5,1008.9,2294,7,1008.8,900,10,1008.7,1387,14,1009.2,4,1,1009.3,22,4,1009.4,208,3,1009.5,5887,13,1009.6,696,15
317,2025-11-26 13:00:44+05:30,1009.1,78,1000.33,6708260,391175.0,447904.0,986.2,1012.2,981.3,986.2,120354750,1084.8,887.6,1102.5,649.1,1009.1,147,2,1009.0,131,6,1008.9,2465,10,1008.8,908,10,1008.7,1342,13,1009.2,9,1,1009.3,22,4,1009.4,96,3,1009.5,5775,9,1009.6,651,14
317,2025-11-26 13:00:44+05:30,1009.2,2,1000.33,6708260,391175.0,447904.0,986.2,1012.2,981.3,986.2,120354750,1084.8,887.6,1102.5,649.1,1009.1,147,2,1009.0,131,6,1008.9,2465,10,1008.8,908,10,1008.7,1342,13,1009.2,9,1,1009.3,22,4,1009.4,96,3,1009.5,5775,9,1009.6,651,14
317,2025-11-26 13:00:45+05:30,1009.2,2,1000.33,6708396,391020.0,447844.0,986.2,1012.2,981.3,986.2,120354750,1084.8,887.6,1102.5,649.1,1009.1,13,1,1009.0,71,5,1008.9,2420,9,1008.8,885,9,1008.7,1044,12,1009.2,7,1,1009.3,76,5,1009.4,84,3,1009.5,5821,10,1009.6,651,14
317,2025-11-26 13:00:45+05:30,1009.1,8,1000.33,6708396,391020.0,447844.0,986.2,1012.2,981.3,986.2,120354750,1084.8,887.6,1102.5,649.1,1009.1,13,1,1009.0,71,5,1008.9,2420,9,1008.8,885,9,1008.7,1044,12,1009.2,7,1,1009.3,76,5,1009.4,84,3,1009.5,5821,10,1009.6,651,14
317,2025-11-26 13:00:46+05:30,1009.1,1,1000.33,6708477,388730.0,448040.0,986.2,1012.2,981.3,986.2,120354750,1084.8,887.6,1102.5,649.1,1009.1,15,1,1009.0,71,5,1008.9,2375,8,1008.8,930,10,1008.7,1207,12,1009.3,75,5,1009.4,241,3,1009.5,5866,11,1009.6,728,15,1009.7,851,11
317,2025-11-26 13:00:46+05:30,1009.3,1,1000.33,6708477,388730.0,448040.0,986.2,1012.2,981.3,986.2,120354750,1084.8,887.6,1102.5,649.1,1009.1,15,1,1009.0,71,5,1008.9,2375,8,1008.8,930,10,1008.7,1207,12,1009.3,75,5,1009.4,241,3,1009.5,5866,11,1009.6,728,15,1009.7,851,11
317,2025-11-26 13:00:46+05:30,1009.3,1,1000.33,6708481,391796.0,446788.0,986.2,1012.2,981.3,986.2,120354750,1084.8,887.6,1102.5,649.1,1009.2,6,1,1009.1,49,3,1009.0,574,7,1008.9,2602,15,1008.8,943,13,1009.3,66,4,1009.4,39,2,1009.5,5728,7,1009.6,641,14,1009.7,633,11
317,2025-11-26 13:00:47+05:30,1009.3,1,1000.33,6708481,391838.0,446110.0,986.2,1012.2,981.3,986.2,120354750,1084.8,887.6,1102.5,649.1,1009.2,6,1,1009.1,49,3,1009.0,574,7,1008.9,2530,11,1008.8,1163,15,1009.3,67,5,1009.4,39,2,1009.5,5773,8,1009.6,696,14,1009.7,638,13
317,2025-11-26 13:00:48+05:30,1009.3,1,1000.33,6708481,392980.0,446163.0,986.2,1012.2,981.3,986.2,120354750,1084.8,887.6,1102.5,649.1,1009.2,6,1,1009.1,49,3,1009.0,926,12,1008.9,5500,16,1008.8,2012,15,1009.3,67,5,1009.4,77,3,1009.5,5657,7,1009.6,696,14,1009.7,638,13
317,2025-11-26 13:00:49+05:30,1009.3,1,1000.33,6708481,393005.0,446188.0,986.2,1012.2,981.3,986.2,120354750,1084.8,887.6,1102.5,649.1,1009.2,6,1,1009.1,49,3,1009.0,926,12,1008.9,5500,16,1008.8,2012,15,1009.3,67,5,1009.4,77,3,1009.5,5657,7,1009.6,696,14,1009.7,638,13
317,2025-11-26 13:00:50+05:30,1009.3,1,1000.33,6708481,393005.0,446188.0,986.2,1012.2,981.3,986.2,120354750,1084.8,887.6,1102.5,649.1,1009.2,6,1,1009.1,49,3,1009.0,926,12,1008.9,5500,16,1008.8,2012,15,1009.3,67,5,1009.4,77,3,1009.5,5657,7,1009.6,696,14,1009.7,638,13
317,2025-11-26 13:00:50+05:30,1009.2,1,1000.33,6708491,393702.0,446680.0,986.2,1012.2,981.3,986.2,120354750,1084.8,887.6,1102.5,649.1,1009.1,274,5,1009.0,967,13,1008.9,5451,15,1008.8,2012,15,1008.7,710,10,1009.2,7,1,1009.3,64,5,1009.4,77,3,1009.5,5657,7,1009.6,651,13
317,2025-11-26 13:00:51+05:30,1009.2,1,1000.33,6708491,393702.0,446680.0,986.2,1012.2,981.3,986.2,120354750,1084.8,887.6,1102.5,649.1,1009.1,274,5,1009.0,967,13,1008.9,5451,15,1008.8,2012,15,1008.7,710,10,1009.2,7,1,1009.3,64,5,1009.4,77,3,1009.5,5657,7,1009.6,651,13
317,2025-11-26 13:00:52+05:30,1009.2,1,1000.33,6708491,393104.0,446759.0,986.2,1012.2,981.3,986.2,120354750,1084.8,887.6,1102.5,649.1,1009.1,49,3,1009.0,565,13,1008.9,5451,15,1008.8,2041,16,1008.7,710,10,1009.2,7,1,1009.3,64,5,1009.4,77,3,1009.5,5657,7,1009.6,651,13
317,2025-11-26 13:00:52+05:30,1009.0,15,1000.33,6708491,393104.0,446759.0,986.2,1012.2,981.3,986.2,120354750,1084.8,887.6,1102.5,649.1,1009.1,49,3,1009.0,565,13,1008.9,5451,15,1008.8,2041,16,1008.7,710,10,1009.2,7,1,1009.3,64,5,1009.4,77,3,1009.5,5657,7,1009.6,651,13
317,2025-11-26 13:00:53+05:30,1009.1,1,1000.33,6708659,394559.0,446357.0,986.2,1012.2,981.3,986.2,120354750,1084.8,887.6,1102.5,649.1,1009.1,923,3,1009.0,821,15,1008.9,5492,16,1008.8,2041,16,1008.7,891,11,1009.2,30,2,1009.3,69,6,1009.4,39,2,1009.5,5520,6,1009.6,604,13
317,2025-11-26 13:00:53+05:30,1009.1,1,1000.33,6708659,394559.0,446357.0,986.2,1012.2,981.3,986.2,120354750,1084.8,887.6,1102.5,649.1,1009.1,923,3,1009.0,821,15,1008.9,5492,16,1008.8,2041,16,1008.7,891,11,1009.2,30,2,1009.3,69,6,1009.4,39,2,1009.5,5520,6,1009.6,604,13
317,2025-11-26 13:00:54+05:30,1009.1,1,1000.33,6708659,394560.0,446499.0,986.2,1012.2,981.3,986.2,120354750,1084.8,887.6,1102.5,649.1,1009.1,865,2,1009.0,821,15,1008.9,5492,16,1008.8,2041,16,1008.7,891,11,1009.2,39,3,1009.3,69,6,1009.4,39,2,1009.5,5520,6,1009.6,606,14
317,2025-11-26 13:00:54+05:30,1009.2,17,1000.33,6708659,394560.0,446499.0,986.2,1012.2,981.3,986.2,120354750,1084.8,887.6,1102.5,649.1,1009.1,865,2,1009.0,821,15,1008.9,5492,16,1008.8,2041,16,1008.7,891,11,1009.2,39,3,1009.3,69,6,1009.4,39,2,1009.5,5520,6,1009.6,606,14
317,2025-11-26 13:00:55+05:30,1009.2,4,1000.33,6708775,395077.0,445836.0,986.2,1012.2,981.3,986.2,120354750,1084.8,887.6,1102.5,649.1,1009.1,865,2,1009.0,780,14,1008.9,5533,17,1008.8,2041,16,1008.7,891,11,1009.2,35,2,1009.3,69,6,1009.4,39,2,1009.5,5475,5,1009.6,549,13
317,2025-11-26 13:00:55+05:30,1009.2,1,1000.33,6708775,395077.0,445836.0,986.2,1012.2,981.3,986.2,120354750,1084.8,887.6,1102.5,649.1,1009.1,865,2,1009.0,780,14,1008.9,5533,17,1008.8,2041,16,1008.7,891,11,1009.2,35,2,1009.3,69,6,1009.4,39,2,1009.5,5475,5,1009.6,549,13
317,2025-11-26 13:00:56+05:30,1009.1,3,1000.33,6708851,394293.0,446345.0,986.2,1012.2,981.3,986.2,120354750,1084.8,887.6,1102.5,649.1,1009.1,819,2,1009.0,780,14,1008.9,5468,16,1008.8,1976,15,1008.7,826,10,1009.2,49,1,1009.3,69,6,1009.4,39,2,1009.5,5475,5,1009.6,604,14
317,2025-11-26 13:00:56+05:30,1009.1,3,1000.33,6708851,394293.0,446345.0,986.2,1012.2,981.3,986.2,120354750,1084.8,887.6,1102.5,649.1,1009.1,819,2,1009.0,780,14,1008.9,5468,16,1008.8,1976,15,1008.7,826,10,1009.2,49,1,1009.3,69,6,1009.4,39,2,1009.5,5475,5,1009.6,604,14
317,2025-11-26 13:00:57+05:30,1009.3,7,1000.33,6708851,394293.0,446345.0,986.2,1012.2,981.3,986.2,120354750,1084.8,887.6,1102.5,649.1,1009.1,819,2,1009.0,780,14,1008.9,5468,16,1008.8,1976,15,1008.7,826,10,1009.2,49,1,1009.3,69,6,1009.4,39,2,1009.5,5475,5,1009.6,604,14
317,2025-11-26 13:00:57+05:30,1009.3,7,1000.33,6708859,394542.0,445480.0,986.2,1012.2,981.3,986.2,120354750,1084.8,887.6,1102.5,649.1,1009.1,876,3,1009.0,596,13,1008.9,5468,16,1008.8,2012,15,1008.7,891,11,1009.2,1,1,1009.3,67,4,1009.4,5,1,1009.5,5528,6,1009.6,506,11
317,2025-11-26 13:00:58+05:30,1009.3,3,1000.33,6708864,394283.0,445482.0,986.2,1012.2,981.3,986.2,120354750,1084.8,887.6,1102.5,649.1,1009.1,876,3,1009.0,699,16,1008.9,5410,15,1008.8,2012,15,1008.7,891,11,1009.3,64,4,1009.4,5,1,1009.5,5528,6,1009.6,506,11,1009.7,574,9
317,2025-11-26 13:00:58+05:30,1009.3,3,1000.33,6708864,394283.0,445482.0,986.2,1012.2,981.3,986.2,120354750,1084.8,887.6,1102.5,649.1,1009.1,876,3,1009.0,699,16,1008.9,5410,15,1008.8,2012,15,1008.7,891,11,1009.3,64,4,1009.4,5,1,1009.5,5528,6,1009.6,506,11,1009.7,574,9
317,2025-11-26 13:00:59+05:30,1009.2,1,1000.33,6708867,394587.0,446173.0,986.2,1012.2,981.3,986.2,120354750,1084.8,887.6,1102.5,649.1,1009.1,758,2,1009.0,617,14,1008.9,5468,16,1008.8,2033,16,1008.7,1007,12,1009.2,19,1,1009.3,64,4,1009.4,5,1,1009.5,5528,6,1009.6,506,11
317,2025-11-26 13:00:59+05:30,1009.2,1,1000.33,6708867,394587.0,446173.0,986.2,1012.2,981.3,986.2,120354750,1084.8,887.6,1102.5,649.1,1009.1,758,2,1009.0,617,14,1008.9,5468,16,1008.8,2033,16,1008.7,1007,12,1009.2,19,1,1009.3,64,4,1009.4,5,1,1009.5,5528,6,1009.6,506,11
317,2025-11-26 13:01:00+05:30,1009.1,134,1000.33,6709126,393586.0,446235.0,986.2,1012.2,981.3,986.2,120354750,1084.8,887.6,1102.5,649.1,1009.2,1,1,1009.1,567,1,1009.0,587,12,1008.9,5365,15,1008.8,1714,14,1009.3,20,3,1009.4,5,1,1009.5,5614,9,1009.6,394,10,1009.7,616,11
317,2025-11-26 13:01:00+05:30,1009.1,134,1000.33,6709126,393586.0,446235.0,986.2,1012.2,981.3,986.2,120354750,1084.8,887.6,1102.5,649.1,1009.2,1,1,1009.1,567,1,1009.0,587,12,1008.9,5365,15,1008.8,1714,14,1009.3,20,3,1009.4,5,1,1009.5,5614,9,1009.6,394,10,1009.7,616,11
317,2025-11-26 13:01:01+05:30,1009.2,1,1000.33,6709126,393586.0,446235.0,986.2,1012.2,981.3,986.2,120354750,1084.8,887.6,1102.5,649.1,1009.2,1,1,1009.1,567,1,1009.0,587,12,1008.9,5365,15,1008.8,1714,14,1009.3,20,3,1009.4,5,1,1009.5,5614,9,1009.6,394,10,1009.7,616,11
317,2025-11-26 13:01:01+05:30,1009.2,1,1000.33,6709138,394137.0,445976.0,986.2,1012.2,981.3,986.2,120354750,1084.8,887.6,1102.5,649.1,1009.1,559,1,1009.0,547,11,1008.9,5488,18,1008.8,2036,16,1008.7,1005,12,1009.2,9,1,1009.3,20,3,1009.4,46,2,1009.5,5571,7,1009.6,332,11
317,2025-11-26 13:01:02+05:30,1009.2,123,1000.33,6709138,394137.0,445976.0,986.2,1012.2,981.3,986.2,120354750,1084.8,887.6,1102.5,649.1,1009.1,559,1,1009.0,547,11,1008.9,5488,18,1008.8,2036,16,1008.7,1005,12,1009.2,9,1,1009.3,20,3,1009.4,46,2,1009.5,5571,7,1009.6,332,11
317,2025-11-26 13:01:02+05:30,1009.2,123,1000.33,6709262,394945.0,444654.0,986.2,1012.2,981.3,986.2,120354750,1084.8,887.6,1102.5,649.1,1009.1,1087,8,1009.0,853,16,1008.9,5537,19,1008.8,2214,20,1008.7,859,9,1009.3,63,3,1009.4,7,2,1009.5,5475,5,1009.6,63,5,1009.7,471,8
317,2025-11-26 13:01:03+05:30,1009.3,22,1000.33,6709293,395364.0,444933.0,986.2,1012.2,981.3,986.2,120354750,1084.8,887.6,1102.5,649.1,1009.1,1087,8,1009.0,849,15,1008.9,5537,19,1008.8,2214,20,1008.7,859,9,1009.3,40,3,1009.4,7,2,1009.5,5475,5,1009.6,63,5,1009.7,513,9
317,2025-11-26 13:01:03+05:30,1009.3,22,1000.33,6709293,395364.0,444933.0,986.2,1012.2,981.3,986.2,120354750,1084.8,887.6,1102.5,649.1,1009.1,1087,8,1009.0,849,15,1008.9,5537,19,1008.8,2214,20,1008.7,859,9,1009.3,40,3,1009.4,7,2,1009.5,5475,5,1009.6,63,5,1009.7,513,9
317,2025-11-26 13:01:04+05:30,1009.3,22,1000.33,6709293,395305.0,444897.0,986.2,1012.2,981.3,986.2,120354750,1084.8,887.6,1102.5,649.1,1009.1,1087,8,1009.0,849,15,1008.9,5537,19,1008.8,2138,19,1008.7,859,9,1009.3,41,4,1009.4,7,2,1009.5,5475,5,1009.6,66,5,1009.7,515,10
317,2025-11-26 13:01:05+05:30,1009.2,2,1000.33,6709293,395305.0,444897.0,986.2,1012.2,981.3,986.2,120354750,1084.8,887.6,1102.5,649.1,1009.1,1087,8,1009.0,849,15,1008.9,5537,19,1008.8,2138,19,1008.7,859,9,1009.3,41,4,1009.4,7,2,1009.5,5475,5,1009.6,66,5,1009.7,515,10
317,2025-11-26 13:01:05+05:30,1009.2,2,1000.33,6709298,394737.0,446026.0,986.2,1012.2,981.3,986.2,120354750,1084.8,887.6,1102.5,649.1,1009.1,570,3,1009.0,542,10,1008.9,5510,18,1008.8,1746,16,1008.7,1157,10,1009.2,311,1,1009.3,40,4,1009.4,7,2,1009.5,5475,5,1009.6,175,5
317,2025-11-26 13:01:06+05:30,1009.2,1,1000.33,6709298,394737.0,446026.0,986.2,1012.2,981.3,986.2,120354750,1084.8,887.6,1102.5,649.1,1009.1,570,3,1009.0,542,10,1008.9,5510,18,1008.8,1746,16,1008.7,1157,10,1009.2,311,1,1009.3,40,4,1009.4,7,2,1009.5,5475,5,1009.6,175,5
317,2025-11-26 13:01:06+05:30,1009.2,1,1000.33,6709299,394422.0,445965.0,986.2,1012.2,981.3,986.2,120354750,1084.8,887.6,1102.5,649.1,1009.1,570,3,1009.0,542,10,1008.9,5510,18,1008.8,2069,18,1008.7,973,10,1009.2,310,1,1009.3,40,4,1009.4,7,2,1009.5,5475,5,1009.6,216,6
317,2025-11-26 13:01:07+05:30,1009.1,1,1000.33,6709299,394422.0,445965.0,986.2,1012.2,981.3,986.2,120354750,1084.8,887.6,1102.5,649.1,1009.1,570,3,1009.0,542,10,1008.9,5510,18,1008.8,2069,18,1008.7,973,10,1009.2,310,1,1009.3,40,4,1009.4,7,2,1009.5,5475,5,1009.6,216,6
317,2025-11-26 13:01:07+05:30,1009.1,1,1000.33,6709300,394917.0,446108.0,986.2,1012.2,981.3,986.2,120354750,1084.8,887.6,1102.5,649.1,1009.1,569,3,1009.0,542,10,1008.9,5551,19,1008.8,2069,18,1008.7,973,10,1009.2,310,1,1009.3,40,4,1009.4,7,2,1009.5,5475,5,1009.6,302,7
317,2025-11-26 13:01:08+05:30,1009.3,55,1000.33,6709300,394917.0,446108.0,986.2,1012.2,981.3,986.2,120354750,1084.8,887.6,1102.5,649.1,1009.1,569,3,1009.0,542,10,1008.9,5551,19,1008.8,2069,18,1008.7,973,10,1009.2,310,1,1009.3,40,4,1009.4,7,2,1009.5,5475,5,1009.6,302,7
317,2025-11-26 13:01:08+05:30,1009.3,55,1000.33,6710178,390309.0,446989.0,986.2,1012.2,981.3,986.2,120354750,1084.8,887.6,1102.5,649.1,1009.2,1,1,1009.1,441,3,1009.0,288,7,1008.9,2823,6,1008.8,763,9,1009.3,20,1,1009.4,136,6,1009.5,5946,13,1009.6,781,16,1009.7,950,14
317,2025-11-26 13:01:09+05:30,1009.4,1,1000.33,6710178,390309.0,446989.0,986.2,1012.2,981.3,986.2,120354750,1084.8,887.6,1102.5,649.1,1009.2,1,1,1009.1,441,3,1009.0,288,7,1008.9,2823,6,1008.8,763,9,1009.3,20,1,1009.4,136,6,1009.5,5946,13,1009.6,781,16,1009.7,950,14
317,2025-11-26 13:01:09+05:30,1009.4,1,1000.33,6710310,389563.0,445739.0,986.2,1012.2,981.3,986.2,120354750,1084.8,887.6,1102.5,649.1,1009.2,31,2,1009.1,441,3,1009.0,345,9,1008.9,2270,8,1008.8,832,10,1009.4,12,3,1009.5,5559,7,1009.6,440,10,1009.7,603,10,1009.8,816,11
317,2025-11-26 13:01:10+05:30,1009.5,1,1000.33,6710310,389563.0,445739.0,986.2,1012.2,981.3,986.2,120354750,1084.8,887.6,1102.5,649.1,1009.2,31,2,1009.1,441,3,1009.0,345,9,1008.9,2270,8,1008.8,832,10,1009.4,12,3,1009.5,5559,7,1009.6,440,10,1009.7,603,10,1009.8,816,11
317,2025-11-26 13:01:10+05:30,1009.5,1,1000.33,6710811,389073.0,444040.0,986.2,1012.2,981.3,986.2,120354750,1084.8,887.6,1102.5,649.1,1009.2,13,2,1009.1,434,3,1009.0,353,10,1008.9,2328,9,1008.8,1170,12,1009.5,5043,4,1009.6,396,10,1009.7,608,10,1009.8,845,14,1009.9,648,14
317,2025-11-26 13:01:11+05:30,1009.1,27,1000.33,6710811,389073.0,444040.0,986.2,1012.2,981.3,986.2,120354750,1084.8,887.6,1102.5,649.1,1009.2,13,2,1009.1,434,3,1009.0,353,10,1008.9,2328,9,1008.8,1170,12,1009.5,5043,4,1009.6,396,10,1009.7,608,10,1009.8,845,14,1009.9,648,14
317,2025-11-26 13:01:11+05:30,1009.1,27,1000.33,6710853,390204.0,445016.0,986.2,1012.2,981.3,986.2,120354750,1084.8,887.6,1102.5,649.1,1009.1,407,3,1009.0,295,10,1008.9,2464,11,1008.8,975,11,1008.7,1547,18,1009.3,37,2,1009.5,5043,4,1009.6,510,11,1009.7,659,11,1009.8,819,12
317,2025-11-26 13:01:12+05:30,1009.1,27,1000.33,6710853,389954.0,444982.0,986.2,1012.2,981.3,986.2,120354750,1084.8,887.6,1102.5,649.1,1009.1,407,3,1009.0,354,11,1008.9,2464,11,1008.8,975,11,1008.7,1547,18,1009.3,37,2,1009.5,5047,5,1009.6,510,11,1009.7,659,11,1009.8,819,12
317,2025-11-26 13:01:13+05:30,1009.1,30,1000.33,6710853,389954.0,444982.0,986.2,1012.2,981.3,986.2,120354750,1084.8,887.6,1102.5,649.1,1009.1,407,3,1009.0,354,11,1008.9,2464,11,1008.8,975,11,1008.7,1547,18,1009.3,37,2,1009.5,5047,5,1009.6,510,11,1009.7,659,11,1009.8,819,12
317,2025-11-26 13:01:13+05:30,1009.1,30,1000.33,6710916,389981.0,445002.0,986.2,1012.2,981.3,986.2,120354750,1084.8,887.6,1102.5,649.1,1009.1,377,3,1009.0,354,11,1008.9,2464,11,1008.8,975,11,1008.7,1577,19,1009.3,38,2,1009.5,5047,5,1009.6,613,13,1009.7,659,11,1009.8,845,14
317,2025-11-26 13:01:14+05:30,1009.3,3,1000.33,6710916,389981.0,445002.0,986.2,1012.2,981.3,986.2,120354750,1084.8,887.6,1102.5,649.1,1009.1,377,3,1009.0,354,11,1008.9,2464,11,1008.8,975,11,1008.7,1577,19,1009.3,38,2,1009.5,5047,5,1009.6,613,13,1009.7,659,11,1009.8,845,14
317,2025-11-26 13:01:14+05:30,1009.3,3,1000.33,6710997,389903.0,445070.0,986.2,1012.2,981.3,986.2,120354750,1084.8,887.6,1102.5,649.1,1009.1,294,2,1009.0,354,11,1008.9,2469,12,1008.8,962,10,1008.7,1590,20,1009.3,35,2,1009.5,5115,6,1009.6,613,13,1009.7,957,12,1009.8,547,13
317,2025-11-26 13:01:15+05:30,1009.3,1,1000.33,6710997,389903.0,445070.0,986.2,1012.2,981.3,986.2,120354750,1084.8,887.6,1102.5,649.1,1009.1,294,2,1009.0,354,11,1008.9,2469,12,1008.8,962,10,1008.7,1590,20,1009.3,35,2,1009.5,5115,6,1009.6,613,13,1009.7,957,12,1009.8,547,13
317,2025-11-26 13:01:15+05:30,1009.3,1,1000.33,6710999,392952.0,445108.0,986.2,1012.2,981.3,986.2,120354750,1084.8,887.6,1102.5,649.1,1009.2,170,2,1009.1,294,2,1009.0,755,12,1008.9,2603,14,1008.8,1286,13,1009.3,33,1,1009.5,5115,6,1009.6,613,13,1009.7,659,11,1009.8,819,12
317,2025-11-26 13:01:16+05:30,1009.2,13,1000.33,6710999,392952.0,445108.0,986.2,1012.2,981.3,986.2,120354750,1084.8,887.6,1102.5,649.1,1009.2,170,2,1009.1,294,2,1009.0,755,12,1008.9,2603,14,1008.8,1286,13,1009.3,33,1,1009.5,5115,6,1009.6,613,13,1009.7,659,11,1009.8,819,12
317,2025-11-26 13:01:16+05:30,1009.2,13,1000.33,6711227,393344.0,444700.0,986.2,1012.2,981.3,986.2,120354750,1084.8,887.6,1102.5,649.1,1009.1,569,7,1009.0,1054,16,1008.9,2480,10,1008.8,1516,15,1008.7,3158,18,1009.2,20,1,1009.5,5115,6,1009.6,210,7,1009.7,493,7,1009.8,580,13
317,2025-11-26 13:01:17+05:30,1009.2,1,1000.33,6711228,392944.0,445594.0,986.2,1012.2,981.3,986.2,120354750,1084.8,887.6,1102.5,649.1,1009.1,569,7,1009.0,551,13,1008.9,2582,12,1008.8,1516,15,1008.7,3158,18,1009.2,46,2,1009.5,5115,6,1009.6,290,7,1009.7,493,7,1009.8,904,16
317,2025-11-26 13:01:17+05:30,1009.2,1,1000.33,6711228,392944.0,445594.0,986.2,1012.2,981.3,986.2,120354750,1084.8,887.6,1102.5,649.1,1009.1,569,7,1009.0,551,13,1008.9,2582,12,1008.8,1516,15,1008.7,3158,18,1009.2,46,2,1009.5,5115,6,1009.6,290,7,1009.7,493,7,1009.8,904,16
317,2025-11-26 13:01:18+05:30,1009.5,104,1000.33,6711698,392872.0,444427.0,986.2,1012.2,981.3,986.2,120354750,1084.8,887.6,1102.5,649.1,1009.1,299,3,1009.0,797,13,1008.9,2531,11,1008.8,1627,16,1008.7,3272,19,1009.3,162,1,1009.5,4824,6,1009.6,387,9,1009.7,588,9,1009.8,853,15
317,2025-11-26 13:01:18+05:30,1009.5,104,1000.33,6711698,392872.0,444427.0,986.2,1012.2,981.3,986.2,120354750,1084.8,887.6,1102.5,649.1,1009.1,299,3,1009.0,797,13,1008.9,2531,11,1008.8,1627,16,1008.7,3272,19,1009.3,162,1,1009.5,4824,6,1009.6,387,9,1009.7,588,9,1009.8,853,15
317,2025-11-26 13:01:19+05:30,1009.3,78,1000.33,6711776,392788.0,444608.0,986.2,1012.2,981.3,986.2,120354750,1084.8,887.6,1102.5,649.1,1009.1,497,6,1009.0,929,15,1008.9,2552,12,1008.8,1576,15,1008.7,3158,18,1009.3,84,1,1009.5,4773,5,1009.6,438,10,1009.7,537,8,1009.8,555,14
317,2025-11-26 13:01:19+05:30,1009.3,78,1000.33,6711776,392788.0,444608.0,986.2,1012.2,981.3,986.2,120354750,1084.8,887.6,1102.5,649.1,1009.1,497,6,1009.0,929,15,1008.9,2552,12,1008.8,1576,15,1008.7,3158,18,1009.3,84,1,1009.5,4773,5,1009.6,438,10,1009.7,537,8,1009.8,555,14
317,2025-11-26 13:01:20+05:30,1009.3,2,1000.33,6711778,393411.0,444755.0,986.2,1012.2,981.3,986.2,120354750,1084.8,887.6,1102.5,649.1,1009.1,680,9,1009.0,1072,16,1008.9,2829,16,1008.8,2791,14,1008.7,2462,17,1009.3,89,2,1009.5,4773,5,1009.6,387,9,1009.7,537,8,1009.8,606,15
317,2025-11-26 13:01:20+05:30,1009.3,2,1000.33,6711778,393411.0,444755.0,986.2,1012.2,981.3,986.2,120354750,1084.8,887.6,1102.5,649.1,1009.1,680,9,1009.0,1072,16,1008.9,2829,16,1008.8,2791,14,1008.7,2462,17,1009.3,89,2,1009.5,4773,5,1009.6,387,9,1009.7,537,8,1009.8,606,15
317,2025-11-26 13:01:21+05:30,1009.2,1,1000.33,6711779,394611.0,445670.0,986.2,1012.2,981.3,986.2,120354750,1084.8,887.6,1102.5,649.1,1009.1,680,9,1009.0,650,15,1008.9,2808,15,1008.8,3482,15,1008.7,2462,17,1009.2,19,1,1009.3,89,2,1009.5,4773,5,1009.6,387,9,1009.7,537,8
317,2025-11-26 13:01:21+05:30,1009.2,1,1000.33,6711779,394611.0,445670.0,986.2,1012.2,981.3,986.2,120354750,1084.8,887.6,1102.5,649.1,1009.1,680,9,1009.0,650,15,1008.9,2808,15,1008.8,3482,15,1008.7,2462,17,1009.2,19,1,1009.3,89,2,1009.5,4773,5,1009.6,387,9,1009.7,537,8
317,2025-11-26 13:01:22+05:30,1009.1,20,1000.33,6711874,394370.0,445595.0,986.2,1012.2,981.3,986.2,120354750,1084.8,887.6,1102.5,649.1,1009.1,512,7,1009.0,698,16,1008.9,2757,14,1008.8,3510,16,1008.7,1712,16,1009.2,20,1,1009.3,89,2,1009.5,4773,5,1009.6,387,9,1009.7,537,8
317,2025-11-26 13:01:22+05:30,1009.1,20,1000.33,6711874,394370.0,445595.0,986.2,1012.2,981.3,986.2,120354750,1084.8,887.6,1102.5,649.1,1009.1,512,7,1009.0,698,16,1008.9,2757,14,1008.8,3510,16,1008.7,1712,16,1009.2,20,1,1009.3,89,2,1009.5,4773,5,1009.6,387,9,1009.7,537,8
317,2025-11-26 13:01:23+05:30,1009.2,4,1000.33,6711905,394361.0,445678.0,986.2,1012.2,981.3,986.2,120354750,1084.8,887.6,1102.5,649.1,1009.1,458,6,1009.0,549,13,1008.9,2805,15,1008.8,3510,16,1008.7,1712,16,1009.2,10,1,1009.3,89,2,1009.5,4773,5,1009.6,387,9,1009.7,537,8
317,2025-11-26 13:01:23+05:30,1009.2,4,1000.33,6711905,394361.0,445678.0,986.2,1012.2,981.3,986.2,120354750,1084.8,887.6,1102.5,649.1,1009.1,458,6,1009.0,549,13,1008.9,2805,15,1008.8,3510,16,1008.7,1712,16,1009.2,10,1,1009.3,89,2,1009.5,4773,5,1009.6,387,9,1009.7,537,8
317,2025-11-26 13:01:24+05:30,1009.2,2,1000.33,6711908,394167.0,445708.0,986.2,1012.2,981.3,986.2,120354750,1084.8,887.6,1102.5,649.1,1009.1,458,6,1009.0,549,13,1008.9,2805,15,1008.8,3510,16,1008.7,1712,16,1009.2,7,1,1009.3,163,3,1009.5,4705,4,1009.6,387,9,1009.7,537,8
317,2025-11-26 13:01:24+05:30,1009.2,2,1000.33,6711908,394167.0,445708.0,986.2,1012.2,981.3,986.2,120354750,1084.8,887.6,1102.5,649.1,1009.1,458,6,1009.0,549,13,1008.9,2805,15,1008.8,3510,16,1008.7,1712,16,1009.2,7,1,1009.3,163,3,1009.5,4705,4,1009.6,387,9,1009.7,537,8
317,2025-11-26 13:01:25+05:30,1009.2,2,1000.33,6711908,394133.0,445740.0,986.2,1012.2,981.3,986.2,120354750,1084.8,887.6,1102.5,649.1,1009.1,373,5,1009.0,406,12,1008.9,2805,15,1008.8,3510,16,1008.7,1712,16,1009.2,7,1,1009.3,163,3,1009.5,4733,5,1009.6,388,10,1009.7,540,9
317,2025-11-26 13:01:25+05:30,1009.2,1,1000.33,6711908,394133.0,445740.0,986.2,1012.2,981.3,986.2,120354750,1084.8,887.6,1102.5,649.1,1009.1,373,5,1009.0,406,12,1008.9,2805,15,1008.8,3510,16,1008.7,1712,16,1009.2,7,1,1009.3,163,3,1009.5,4733,5,1009.6,388,10,1009.7,540,9
317,2025-11-26 13:01:26+05:30,1009.2,1,1000.33,6712044,393795.0,445671.0,986.2,1012.2,981.3,986.2,120354750,1084.8,887.6,1102.5,649.1,1009.2,1,1,1009.1,194,5,1009.0,816,12,1008.9,2805,15,1008.8,3616,17,1009.3,163,3,1009.5,4720,5,1009.6,279,9,1009.7,540,9,1009.8,898,14
317,2025-11-26 13:01:26+05:30,1009.3,1,1000.33,6712044,393795.0,445671.0,986.2,1012.2,981.3,986.2,120354750,1084.8,887.6,1102.5,649.1,1009.2,1,1,1009.1,194,5,1009.0,816,12,1008.9,2805,15,1008.8,3616,17,1009.3,163,3,1009.5,4720,5,1009.6,279,9,1009.7,540,9,1009.8,898,14
317,2025-11-26 13:01:27+05:30,1009.2,1,1000.33,6712046,393473.0,445697.0,986.2,1012.2,981.3,986.2,120354750,1084.8,887.6,1102.5,649.1,1009.1,236,5,1009.0,949,15,1008.9,2827,16,1008.8,2818,15,1008.7,1781,16,1009.3,162,3,1009.5,4720,5,1009.6,279,9,1009.7,540,9,1009.8,898,14
317,2025-11-26 13:01:27+05:30,1009.2,1,1000.33,6712046,393473.0,445697.0,986.2,1012.2,981.3,986.2,120354750,1084.8,887.6,1102.5,649.1,1009.1,236,5,1009.0,949,15,1008.9,2827,16,1008.8,2818,15,1008.7,1781,16,1009.3,162,3,1009.5,4720,5,1009.6,279,9,1009.7,540,9,1009.8,898,14
317,2025-11-26 13:01:28+05:30,1009.2,1,1000.33,6712046,393212.0,445311.0,986.2,1012.2,981.3,986.2,120354750,1084.8,887.6,1102.5,649.1,1009.1,236,5,1009.0,949,15,1008.9,2827,16,1008.8,2818,15,1008.7,1810,17,1009.3,162,3,1009.5,4720,5,1009.6,279,9,1009.7,540,9,1009.8,898,14
317,2025-11-26 13:01:29+05:30,1009.2,1,1000.33,6712046,393227.0,445354.0,986.2,1012.2,981.3,986.2,120354750,1084.8,887.6,1102.5,649.1,1009.1,236,5,1009.0,959,16,1008.9,2827,16,1008.8,2818,15,1008.7,1810,17,1009.3,162,3,1009.5,4720,5,1009.6,279,9,1009.7,540,9,1009.8,898,14
317,2025-11-26 13:01:30+05:30,1009.3,1,1000.33,6712047,393150.0,445500.0,986.2,1012.2,981.3,986.2,120354750,1084.8,887.6,1102.5,649.1,1009.2,4,1,1009.1,236,5,1009.0,900,15,1008.9,2757,14,1008.8,2866,16,1009.3,161,3,1009.5,4768,6,1009.6,279,9,1009.7,540,9,1009.8,847,13
317,2025-11-26 13:01:30+05:30,1009.3,28,1000.33,6712047,393150.0,445500.0,986.2,1012.2,981.3,986.2,120354750,1084.8,887.6,1102.5,649.1,1009.2,4,1,1009.1,236,5,1009.0,900,15,1008.9,2757,14,1008.8,2866,16,1009.3,161,3,1009.5,4768,6,1009.6,279,9,1009.7,540,9,1009.8,847,13
317,2025-11-26 13:01:31+05:30,1009.1,8,1000.33,6712212,394278.0,446224.0,986.2,1012.2,981.3,986.2,120354750,1084.8,887.6,1102.5,649.1,1009.1,44,4,1009.0,709,13,1008.9,2849,16,1008.8,3568,16,1008.7,1781,16,1009.2,5,1,1009.3,108,3,1009.5,4834,6,1009.6,436,11,1009.7,540,9
317,2025-11-26 13:01:31+05:30,1009.1,8,1000.33,6712212,394278.0,446224.0,986.2,1012.2,981.3,986.2,120354750,1084.8,887.6,1102.5,649.1,1009.1,44,4,1009.0,709,13,1008.9,2849,16,1008.8,3568,16,1008.7,1781,16,1009.2,5,1,1009.3,108,3,1009.5,4834,6,1009.6,436,11,1009.7,540,9
317,2025-11-26 13:01:32+05:30,1009.1,8,1000.33,6712212,394349.0,446216.0,986.2,1012.2,981.3,986.2,120354750,1084.8,887.6,1102.5,649.1,1009.1,57,5,1009.0,755,14,1008.9,2803,15,1008.8,3598,17,1008.7,1809,17,1009.2,5,1,1009.3,108,3,1009.5,4834,6,1009.6,390,10,1009.7,586,10
317,2025-11-26 13:01:33+05:30,1009.1,1,1000.33,6712222,395153.0,446339.0,986.2,1012.2,981.3,986.2,120354750,1084.8,887.6,1102.5,649.1,1009.1,56,5,1009.0,810,15,1008.9,2757,14,1008.8,3644,18,1008.7,2559,18,1009.2,6,1,1009.3,108,3,1009.4,1,1,1009.5,4930,8,1009.6,390,10
317,2025-11-26 13:01:33+05:30,1009.2,23,1000.33,6712222,395153.0,446339.0,986.2,1012.2,981.3,986.2,120354750,1084.8,887.6,1102.5,649.1,1009.1,56,5,1009.0,810,15,1008.9,2757,14,1008.8,3644,18,1008.7,2559,18,1009.2,6,1,1009.3,108,3,1009.4,1,1,1009.5,4930,8,1009.6,390,10
317,2025-11-26 13:01:34+05:30,1009.2,27,1000.33,6712272,394255.0,446349.0,986.2,1012.2,981.3,986.2,120354750,1084.8,887.6,1102.5,649.1,1009.2,212,1,1009.1,56,5,1009.0,1154,14,1008.9,2833,16,1008.8,2864,16,1009.3,108,3,1009.4,1,1,1009.5,4766,6,1009.6,337,10,1009.7,586,10
317,2025-11-26 13:01:34+05:30,1009.3,4,1000.33,6712272,394255.0,446349.0,986.2,1012.2,981.3,986.2,120354750,1084.8,887.6,1102.5,649.1,1009.2,212,1,1009.1,56,5,1009.0,1154,14,1008.9,2833,16,1008.8,2864,16,1009.3,108,3,1009.4,1,1,1009.5,4766,6,1009.6,337,10,1009.7,586,10
317,2025-11-26 13:01:35+05:30,1009.2,137,1000.33,6712521,394031.0,445878.0,986.2,1012.2,981.3,986.2,120354750,1084.8,887.6,1102.5,649.1,1009.2,88,2,1009.1,43,4,1009.0,1110,13,1008.9,2760,14,1008.8,2818,15,1009.3,77,2,1009.4,1,1,1009.5,4897,8,1009.6,430,10,1009.7,540,9
317,2025-11-26 13:01:35+05:30,1009.3,1,1000.33,6712521,394031.0,445878.0,986.2,1012.2,981.3,986.2,120354750,1084.8,887.6,1102.5,649.1,1009.2,88,2,1009.1,43,4,1009.0,1110,13,1008.9,2760,14,1008.8,2818,15,1009.3,77,2,1009.4,1,1,1009.5,4897,8,1009.6,430,10,1009.7,540,9
317,2025-11-26 13:01:36+05:30,1009.3,2,1000.33,6712551,393696.0,445928.0,986.2,1012.2,981.3,986.2,120354750,1084.8,887.6,1102.5,649.1,1009.2,63,2,1009.1,43,4,1009.0,775,13,1008.9,2829,16,1008.8,2818,15,1009.3,79,2,1009.4,1,1,1009.5,4897,8,1009.6,430,10,1009.7,540,9
317,2025-11-26 13:01:36+05:30,1009.3,2,1000.33,6712551,393696.0,445928.0,986.2,1012.2,981.3,986.2,120354750,1084.8,887.6,1102.5,649.1,1009.2,63,2,1009.1,43,4,1009.0,775,13,1008.9,2829,16,1008.8,2818,15,1009.3,79,2,1009.4,1,1,1009.5,4897,8,1009.6,430,10,1009.7,540,9
317,2025-11-26 13:01:37+05:30,1009.3,2,1000.33,6712551,394132.0,445950.0,986.2,1012.2,981.3,986.2,120354750,1084.8,887.6,1102.5,649.1,1009.2,63,2,1009.1,43,4,1009.0,1211,14,1008.9,2829,16,1008.8,2818,15,1009.3,81,4,1009.4,1,1,1009.5,4897,8,1009.6,457,11,1009.7,540,9
317,2025-11-26 13:01:38+05:30,1009.3,2,1000.33,6712551,394150.0,446066.0,986.2,1012.2,981.3,986.2,120354750,1084.8,887.6,1102.5,649.1,1009.2,63,2,1009.1,43,4,1009.0,1232,15,1008.9,2801,15,1008.8,2818,15,1009.3,153,5,1009.4,1,1,1009.5,4943,9,1009.6,430,10,1009.7,540,9
317,2025-11-26 13:01:39+05:30,1009.0,750,1000.34,6717909,390511.0,447546.0,986.2,1012.2,981.3,986.2,120354750,1084.8,887.6,1102.5,649.1,1008.9,2104,4,1008.8,678,8,1008.7,2990,13,1008.6,1729,16,1008.5,1584,11,1009.0,150,1,1009.2,49,1,1009.3,158,6,1009.4,147,4,1009.5,5256,16
317,2025-11-26 13:01:39+05:30,1009.0,364,1000.34,6717909,390511.0,447546.0,986.2,1012.2,981.3,986.2,120354750,1084.8,887.6,1102.5,649.1,1008.9,2104,4,1008.8,678,8,1008.7,2990,13,1008.6,1729,16,1008.5,1584,11,1009.0,150,1,1009.2,49,1,1009.3,158,6,1009.4,147,4,1009.5,5256,16
317,2025-11-26 13:01:40+05:30,1009.0,1,1000.34,6720367,390545.0,448061.0,986.2,1012.2,981.3,986.2,120354750,1084.8,887.6,1102.5,649.1,1008.9,966,5,1008.8,869,8,1008.7,3777,14,1008.6,1787,19,1008.5,1677,12,1009.0,899,1,1009.3,158,6,1009.4,33,3,1009.5,5256,17,1009.6,533,10
317,2025-11-26 13:01:40+05:30,1009.0,1,1000.34,6720367,390545.0,448061.0,986.2,1012.2,981.3,986.2,120354750,1084.8,887.6,1102.5,649.1,1008.9,966,5,1008.8,869,8,1008.7,3777,14,1008.6,1787,19,1008.5,1677,12,1009.0,899,1,1009.3,158,6,1009.4,33,3,1009.5,5256,17,1009.6,533,10
317,2025-11-26 13:01:41+05:30,1008.9,4,1000.35,6721204,390789.0,447425.0,986.2,1012.2,981.3,986.2,120354750,1084.8,887.6,1102.5,649.1,1008.9,1087,5,1008.8,643,6,1008.7,2145,14,1008.6,2909,18,1008.5,2453,15,1009.0,295,2,1009.1,31,1,1009.3,86,5,1009.4,317,3,1009.5,5186,12
317,2025-11-26 13:01:41+05:30,1009.0,900,1000.35,6721204,390789.0,447425.0,986.2,1012.2,981.3,986.2,120354750,1084.8,887.6,1102.5,649.1,1008.9,1087,5,1008.8,643,6,1008.7,2145,14,1008.6,2909,18,1008.5,2453,15,1009.0,295,2,1009.1,31,1,1009.3,86,5,1009.4,317,3,1009.5,5186,12
317,2025-11-26 13:01:42+05:30,1009.0,900,1000.35,6722399,391120.0,447677.0,986.2,1012.2,981.3,986.2,120354750,1084.8,887.6,1102.5,649.1,1008.9,1149,6,1008.8,809,9,1008.7,2100,13,1008.6,2909,18,1008.5,2453,15,1009.0,451,1,1009.1,31,1,1009.3,86,5,1009.4,1,1,1009.5,5209,13
317,2025-11-26 13:01:42+05:30,1009.0,450,1000.35,6722399,391120.0,447677.0,986.2,1012.2,981.3,986.2,120354750,1084.8,887.6,1102.5,649.1,1008.9,1149,6,1008.8,809,9,1008.7,2100,13,1008.6,2909,18,1008.5,2453,15,1009.0,451,1,1009.1,31,1,1009.3,86,5,1009.4,1,1,1009.5,5209,13
317,2025-11-26 13:01:43+05:30,1008.9,1,1000.35,6722959,390541.0,446639.0,986.2,1012.2,981.3,986.2,120354750,1084.8,887.6,1102.5,649.1,1009.0,10,4,1008.9,1510,11,1008.8,851,9,1008.7,2141,14,1008.6,2986,18,1009.1,31,1,1009.3,80,3,1009.4,1,1,1009.5,5075,10,1009.6,591,14
317,2025-11-26 13:01:43+05:30,1009.1,40,1000.35,6722959,390541.0,446639.0,986.2,1012.2,981.3,986.2,120354750,1084.8,887.6,1102.5,649.1,1009.0,10,4,1008.9,1510,11,1008.8,851,9,1008.7,2141,14,1008.6,2986,18,1009.1,31,1,1009.3,80,3,1009.4,1,1,1009.5,5075,10,1009.6,591,14
317,2025-11-26 13:01:44+05:30,1009.1,40,1000.36,6732139,384577.0,449108.0,986.2,1012.2,981.3,986.2,120354750,1084.8,887.6,1102.5,649.1,1008.8,125,2,1008.7,334,4,1008.6,1484,8,1008.5,1811,10,1008.4,1577,13,1008.9,8,1,1009.1,32,2,1009.2,148,4,1009.3,660,12,1009.4,592,7
317,2025-11-26 13:01:44+05:30,1008.9,3,1000.36,6732139,384577.0,449108.0,986.2,1012.2,981.3,986.2,120354750,1084.8,887.6,1102.5,649.1,1008.8,125,2,1008.7,334,4,1008.6,1484,8,1008.5,1811,10,1008.4,1577,13,1008.9,8,1,1009.1,32,2,1009.2,148,4,1009.3,660,12,1009.4,592,7
317,2025-11-26 13:01:45+05:30,1008.9,86,1000.36,6732917,386963.0,447988.0,986.2,1012.2,981.3,986.2,120354750,1084.8,887.6,1102.5,649.1,1008.8,74,1,1008.7,365,5,1008.6,1651,10,1008.5,2926,14,1008.4,1730,17,1008.9,28,2,1009.1,32,2,1009.2,161,5,1009.3,458,11,1009.4,345,5
317,2025-11-26 13:01:45+05:30,1008.9,3,1000.36,6732917,386963.0,447988.0,986.2,1012.2,981.3,986.2,120354750,1084.8,887.6,1102.5,649.1,1008.8,74,1,1008.7,365,5,1008.6,1651,10,1008.5,2926,14,1008.4,1730,17,1008.9,28,2,1009.1,32,2,1009.2,161,5,1009.3,458,11,1009.4,345,5
317,2025-11-26 13:01:46+05:30,1008.9,1,1000.36,6733050,386555.0,447884.0,986.2,1012.2,981.3,986.2,120354750,1084.8,887.6,1102.5,649.1,1008.7,156,3,1008.6,1522,10,1008.5,2913,13,1008.4,2480,18,1008.3,3951,12,1008.9,24,2,1009.1,32,2,1009.2,213,4,1009.3,471,12,1009.4,350,6
317,2025-11-26 13:01:46+05:30,1008.9,57,1000.36,6733050,386555.0,447884.0,986.2,1012.2,981.3,986.2,120354750,1084.8,887.6,1102.5,649.1,1008.7,156,3,1008.6,1522,10,1008.5,2913,13,1008.4,2480,18,1008.3,3951,12,1008.9,24,2,1009.1,32,2,1009.2,213,4,1009.3,471,12,1009.4,350,6
317,2025-11-26 13:01:46+05:30,1008.9,57,1000.36,6733050,386555.0,447884.0,986.2,1012.2,981.3,986.2,120354750,1084.8,887.6,1102.5,649.1,1008.7,156,3,1008.6,1522,10,1008.5,2913,13,1008.4,2480,18,1008.3,3951,12,1008.9,24,2,1009.1,32,2,1009.2,213,4,1009.3,471,12,1009.4,350,6
317,2025-11-26 13:01:47+05:30,1008.9,2,1000.36,6733133,386789.0,447800.0,986.2,1012.2,981.3,986.2,120354750,1084.8,887.6,1102.5,649.1,1008.7,301,6,1008.6,1477,9,1008.5,2913,13,1008.4,2480,18,1008.3,4015,13,1008.9,55,2,1009.1,32,2,1009.2,126,3,1009.3,325,11,1009.4,432,6
317,2025-11-26 13:01:47+05:30,1008.9,2,1000.36,6733133,386789.0,447800.0,986.2,1012.2,981.3,986.2,120354750,1084.8,887.6,1102.5,649.1,1008.7,301,6,1008.6,1477,9,1008.5,2913,13,1008.4,2480,18,1008.3,4015,13,1008.9,55,2,1009.1,32,2,1009.2,126,3,1009.3,325,11,1009.4,432,6
317,2025-11-26 13:01:47+05:30,1008.9,11,1000.36,6733133,386789.0,447800.0,986.2,1012.2,981.3,986.2,120354750,1084.8,887.6,1102.5,649.1,1008.7,301,6,1008.6,1477,9,1008.5,2913,13,1008.4,2480,18,1008.3,4015,13,1008.9,55,2,1009.1,32,2,1009.2,126,3,1009.3,325,11,1009.4,432,6
317,2025-11-26 13:01:47+05:30,1008.9,11,1000.36,6733133,386789.0,447800.0,986.2,1012.2,981.3,986.2,120354750,1084.8,887.6,1102.5,649.1,1008.7,301,6,1008.6,1477,9,1008.5,2913,13,1008.4,2480,18,1008.3,4015,13,1008.9,55,2,1009.1,32,2,1009.2,126,3,1009.3,325,11,1009.4,432,6
317,2025-11-26 13:01:47+05:30,1008.7,1,1000.36,6733160,387044.0,447772.0,986.2,1012.2,981.3,986.2,120354750,1084.8,887.6,1102.5,649.1,1008.7,354,7,1008.6,1477,9,1008.5,2913,13,1008.4,2480,18,1008.3,4015,13,1008.9,30,3,1009.1,32,2,1009.2,126,3,1009.3,324,10,1009.4,433,7
317,2025-11-26 13:01:48+05:30,1008.7,1,1000.36,6733160,387044.0,447772.0,986.2,1012.2,981.3,986.2,120354750,1084.8,887.6,1102.5,649.1,1008.7,354,7,1008.6,1477,9,1008.5,2913,13,1008.4,2480,18,1008.3,4015,13,1008.9,30,3,1009.1,32,2,1009.2,126,3,1009.3,324,10,1009.4,433,7
317,2025-11-26 13:01:48+05:30,1008.9,96,1000.36,6733160,387044.0,447772.0,986.2,1012.2,981.3,986.2,120354750,1084.8,887.6,1102.5,649.1,1008.7,354,7,1008.6,1477,9,1008.5,2913,13,1008.4,2480,18,1008.3,4015,13,1008.9,30,3,1009.1,32,2,1009.2,126,3,1009.3,324,10,1009.4,433,7
317,2025-11-26 13:01:48+05:30,1008.9,96,1000.36,6733160,387044.0,447772.0,986.2,1012.2,981.3,986.2,120354750,1084.8,887.6,1102.5,649.1,1008.7,354,7,1008.6,1477,9,1008.5,2913,13,1008.4,2480,18,1008.3,4015,13,1008.9,30,3,1009.1,32,2,1009.2,126,3,1009.3,324,10,1009.4,433,7
317,2025-11-26 13:01:48+05:30,1008.9,96,1000.36,6733286,387658.0,448984.0,986.2,1012.2,981.3,986.2,120354750,1084.8,887.6,1102.5,649.1,1008.7,125,4,1008.6,1461,9,1008.5,3663,14,1008.4,2480,18,1008.3,4015,13,1008.9,17,2,1009.0,900,1,1009.2,328,4,1009.3,409,7,1009.4,455,7
317,2025-11-26 13:01:49+05:30,1008.9,96,1000.36,6733286,387658.0,448984.0,986.2,1012.2,981.3,986.2,120354750,1084.8,887.6,1102.5,649.1,1008.7,125,4,1008.6,1461,9,1008.5,3663,14,1008.4,2480,18,1008.3,4015,13,1008.9,17,2,1009.0,900,1,1009.2,328,4,1009.3,409,7,1009.4,455,7
317,2025-11-26 13:01:49+05:30,1008.9,2,1000.36,6733286,387658.0,448984.0,986.2,1012.2,981.3,986.2,120354750,1084.8,887.6,1102.5,649.1,1008.7,125,4,1008.6,1461,9,1008.5,3663,14,1008.4,2480,18,1008.3,4015,13,1008.9,17,2,1009.0,900,1,1009.2,328,4,1009.3,409,7,1009.4,455,7
317,2025-11-26 13:01:49+05:30,1008.9,2,1000.36,6733286,387658.0,448984.0,986.2,1012.2,981.3,986.2,120354750,1084.8,887.6,1102.5,649.1,1008.7,125,4,1008.6,1461,9,1008.5,3663,14,1008.4,2480,18,1008.3,4015,13,1008.9,17,2,1009.0,900,1,1009.2,328,4,1009.3,409,7,1009.4,455,7
317,2025-11-26 13:01:49+05:30,1008.9,2,1000.36,6733288,387816.0,449560.0,986.2,1012.2,981.3,986.2,120354750,1084.8,887.6,1102.5,649.1,1008.7,130,4,1008.6,1506,10,1008.5,3666,14,1008.4,2480,18,1008.3,4015,13,1008.8,105,1,1008.9,15,2,1009.0,900,1,1009.2,121,2,1009.3,520,8
317,2025-11-26 13:01:49+05:30,1008.9,2,1000.36,6733288,387816.0,449560.0,986.2,1012.2,981.3,986.2,120354750,1084.8,887.6,1102.5,649.1,1008.7,130,4,1008.6,1506,10,1008.5,3666,14,1008.4,2480,18,1008.3,4015,13,1008.8,105,1,1008.9,15,2,1009.0,900,1,1009.2,121,2,1009.3,520,8
317,2025-11-26 13:01:50+05:30,1008.9,2,1000.36,6733288,387816.0,449560.0,986.2,1012.2,981.3,986.2,120354750,1084.8,887.6,1102.5,649.1,1008.7,130,4,1008.6,1506,10,1008.5,3666,14,1008.4,2480,18,1008.3,4015,13,1008.8,105,1,1008.9,15,2,1009.0,900,1,1009.2,121,2,1009.3,520,8
317,2025-11-26 13:01:50+05:30,1008.8,1,1000.36,6733288,387816.0,449560.0,986.2,1012.2,981.3,986.2,120354750,1084.8,887.6,1102.5,649.1,1008.7,130,4,1008.6,1506,10,1008.5,3666,14,1008.4,2480,18,1008.3,4015,13,1008.8,105,1,1008.9,15,2,1009.0,900,1,1009.2,121,2,1009.3,520,8
317,2025-11-26 13:01:50+05:30,1008.8,1,1000.36,6733288,387816.0,449560.0,986.2,1012.2,981.3,986.2,120378000,1084.8,887.6,1102.5,649.1,1008.7,130,4,1008.6,1506,10,1008.5,3666,14,1008.4,2480,18,1008.3,4015,13,1008.8,105,1,1008.9,15,2,1009.0,900,1,1009.2,121,2,1009.3,520,8
317,2025-11-26 13:01:51+05:30,1008.8,1,1000.36,6733295,387832.0,449451.0,986.2,1012.2,981.3,986.2,120378000,1084.8,887.6,1102.5,649.1,1008.7,125,4,1008.6,1461,9,1008.5,3706,15,1008.4,2504,19,1008.3,4015,13,1008.8,104,2,1008.9,15,2,1009.0,900,1,1009.1,119,2,1009.2,121,2
317,2025-11-26 13:01:51+05:30,1008.8,1,1000.36,6733295,387832.0,449451.0,986.2,1012.2,981.3,986.2,120378000,1084.8,887.6,1102.5,649.1,1008.7,125,4,1008.6,1461,9,1008.5,3706,15,1008.4,2504,19,1008.3,4015,13,1008.8,104,2,1008.9,15,2,1009.0,900,1,1009.1,119,2,1009.2,121,2
317,2025-11-26 13:01:51+05:30,1008.8,1,1000.36,6733295,387832.0,449451.0,986.2,1012.2,981.3,986.2,120378000,1084.8,887.6,1102.5,649.1,1008.7,125,4,1008.6,1461,9,1008.5,3706,15,1008.4,2504,19,1008.3,4015,13,1008.8,104,2,1008.9,15,2,1009.0,900,1,1009.1,119,2,1009.2,121,2
317,2025-11-26 13:01:51+05:30,1008.8,1,1000.36,6733295,387832.0,449451.0,986.2,1012.2,981.3,986.2,120378000,1084.8,887.6,1102.5,649.1,1008.7,125,4,1008.6,1461,9,1008.5,3706,15,1008.4,2504,19,1008.3,4015,13,1008.8,104,2,1008.9,15,2,1009.0,900,1,1009.1,119,2,1009.2,121,2
317,2025-11-26 13:01:52+05:30,1008.8,1,1000.36,6733295,387926.0,449561.0,986.2,1012.2,981.3,986.2,120378000,1084.8,887.6,1102.5,649.1,1008.7,29,2,1008.6,1461,9,1008.5,3706,15,1008.4,2504,19,1008.3,4015,13,1008.8,104,2,1008.9,15,2,1009.0,900,1,1009.1,119,2,1009.2,121,2
317,2025-11-26 13:01:53+05:30,1008.8,5,1000.36,6733304,387928.0,449611.0,986.2,1012.2,981.3,986.2,120378000,1084.8,887.6,1102.5,649.1,1008.7,29,2,1008.6,1281,7,1008.5,3746,16,1008.4,2504,19,1008.3,4021,13,1008.8,95,2,1008.9,53,3,1009.0,900,1,1009.1,119,2,1009.2,121,2
317,2025-11-26 13:01:53+05:30,1008.8,1,1000.36,6733304,387928.0,449611.0,986.2,1012.2,981.3,986.2,120378000,1084.8,887.6,1102.5,649.1,1008.7,29,2,1008.6,1281,7,1008.5,3746,16,1008.4,2504,19,1008.3,4021,13,1008.8,95,2,1008.9,53,3,1009.0,900,1,1009.1,119,2,1009.2,121,2
317,2025-11-26 13:01:54+05:30,1008.6,7,1000.36,6733462,387660.0,450331.0,986.2,1012.2,981.3,986.2,120378000,1084.8,887.6,1102.5,649.1,1008.6,1013,6,1008.5,3746,16,1008.4,2344,16,1008.3,4021,13,1008.2,1731,14,1008.8,71,2,1008.9,46,2,1009.0,900,1,1009.1,124,3,1009.2,192,3
317,2025-11-26 13:01:54+05:30,1008.6,108,1000.36,6733462,387660.0,450331.0,986.2,1012.2,981.3,986.2,120378000,1084.8,887.6,1102.5,649.1,1008.6,1013,6,1008.5,3746,16,1008.4,2344,16,1008.3,4021,13,1008.2,1731,14,1008.8,71,2,1008.9,46,2,1009.0,900,1,1009.1,124,3,1009.2,192,3
317,2025-11-26 13:01:55+05:30,1008.6,20,1000.36,6734599,386805.0,450403.0,986.2,1012.2,981.3,986.2,120378000,1084.8,887.6,1102.5,649.1,1008.6,44,2,1008.5,3488,12,1008.4,1503,12,1008.3,3956,12,1008.2,2442,11,1008.8,1,1,1008.9,38,1,1009.0,1024,3,1009.1,201,3,1009.2,388,5
317,2025-11-26 13:01:55+05:30,1008.9,1,1000.36,6734599,386805.0,450403.0,986.2,1012.2,981.3,986.2,120378000,1084.8,887.6,1102.5,649.1,1008.6,44,2,1008.5,3488,12,1008.4,1503,12,1008.3,3956,12,1008.2,2442,11,1008.8,1,1,1008.9,38,1,1009.0,1024,3,1009.1,201,3,1009.2,388,5
317,2025-11-26 13:01:56+05:30,1008.5,149,1000.37,6743634,381883.0,450812.0,986.2,1012.2,981.3,986.2,120378000,1084.8,887.6,1102.5,649.1,1008.7,750,1,1008.5,136,3,1008.4,325,5,1008.3,3577,11,1008.2,2385,12,1008.9,4,1,1009.0,910,2,1009.1,285,8,1009.2,431,7,1009.3,1113,13
317,2025-11-26 13:01:56+05:30,1008.7,10,1000.37,6743634,381883.0,450812.0,986.2,1012.2,981.3,986.2,120378000,1084.8,887.6,1102.5,649.1,1008.7,750,1,1008.5,136,3,1008.4,325,5,1008.3,3577,11,1008.2,2385,12,1008.9,4,1,1009.0,910,2,1009.1,285,8,1009.2,431,7,1009.3,1113,13
317,2025-11-26 13:01:57+05:30,1008.8,273,1000.37,6744055,382250.0,451028.0,986.2,1012.2,981.3,986.2,120378000,1084.8,887.6,1102.5,649.1,1008.7,739,1,1008.5,243,4,1008.4,588,7,1008.3,3679,11,1008.2,1436,14,1008.8,104,1,1009.0,1064,4,1009.1,425,12,1009.2,420,5,1009.3,822,13
317,2025-11-26 13:01:57+05:30,1008.8,107,1000.37,6744055,382250.0,451028.0,986.2,1012.2,981.3,986.2,120378000,1084.8,887.6,1102.5,649.1,1008.7,739,1,1008.5,243,4,1008.4,588,7,1008.3,3679,11,1008.2,1436,14,1008.8,104,1,1009.0,1064,4,1009.1,425,12,1009.2,420,5,1009.3,822,13
317,2025-11-26 13:01:57+05:30,1008.8,206,1000.37,6744608,379427.0,451041.0,986.2,1012.2,981.3,986.2,120378000,1084.8,887.6,1102.5,649.1,1008.7,739,1,1008.5,485,7,1008.4,771,9,1008.3,3679,11,1008.2,1396,13,1008.8,104,1,1009.0,1024,3,1009.1,345,11,1009.2,387,6,1009.3,744,11
317,2025-11-26 13:01:58+05:30,1008.8,206,1000.37,6744608,379427.0,451041.0,986.2,1012.2,981.3,986.2,120378000,1084.8,887.6,1102.5,649.1,1008.7,739,1,1008.5,485,7,1008.4,771,9,1008.3,3679,11,1008.2,1396,13,1008.8,104,1,1009.0,1024,3,1009.1,345,11,1009.2,387,6,1009.3,744,11
317,2025-11-26 13:01:58+05:30,1008.8,206,1000.37,6744814,389626.0,448095.0,986.2,1012.2,981.3,986.2,120378000,1084.8,887.6,1102.5,649.1,1008.8,372,6,1008.7,1211,8,1008.6,1281,8,1008.5,3026,11,1008.4,3068,21,1009.0,910,2,1009.2,1,1,1009.3,325,6,1009.4,404,10,1009.5,5425,14
317,2025-11-26 13:01:59+05:30,1008.8,10,1000.37,6744864,388802.0,449346.0,986.2,1012.2,981.3,986.2,120378000,1084.8,887.6,1102.5,649.1,1008.8,263,4,1008.7,1149,7,1008.6,1214,7,1008.5,2276,10,1008.4,3080,22,1009.0,910,2,1009.2,1,1,1009.3,325,6,1009.4,404,10,1009.5,5496,15
317,2025-11-26 13:02:00+05:30,1009.0,1,1000.37,6744864,388802.0,449346.0,986.2,1012.2,981.3,986.2,120378000,1084.8,887.6,1102.5,649.1,1008.8,263,4,1008.7,1149,7,1008.6,1214,7,1008.5,2276,10,1008.4,3080,22,1009.0,910,2,1009.2,1,1,1009.3,325,6,1009.4,404,10,1009.5,5496,15
317,2025-11-26 13:02:01+05:30,1008.8,8,1000.39,6757173,384436.0,446964.0,986.2,1012.2,981.3,986.2,120378000,1084.8,887.6,1102.5,649.1,1008.8,832,2,1008.7,5,1,1008.6,188,3,1008.5,1285,8,1008.4,1542,13,1009.0,899,1,1009.1,260,3,1009.2,276,3,1009.3,609,17,1009.4,566,9
317,2025-11-26 13:02:01+05:30,1008.8,8,1000.39,6757173,384436.0,446964.0,986.2,1012.2,981.3,986.2,120378000,1084.8,887.6,1102.5,649.1,1008.8,832,2,1008.7,5,1,1008.6,188,3,1008.5,1285,8,1008.4,1542,13,1009.0,899,1,1009.1,260,3,1009.2,276,3,1009.3,609,17,1009.4,566,9
317,2025-11-26 13:02:02+05:30,1008.9,268,1000.39,6759195,389119.0,447973.0,986.2,1012.2,981.3,986.2,120378000,1084.8,887.6,1102.5,649.1,1008.8,874,4,1008.7,5,1,1008.6,551,7,1008.5,2312,13,1008.4,2408,15,1009.0,900,1,1009.2,356,4,1009.3,555,14,1009.4,558,9,1009.5,5541,15
317,2025-11-26 13:02:02+05:30,1009.0,1,1000.39,6759195,389119.0,447973.0,986.2,1012.2,981.3,986.2,120378000,1084.8,887.6,1102.5,649.1,1008.8,874,4,1008.7,5,1,1008.6,551,7,1008.5,2312,13,1008.4,2408,15,1009.0,900,1,1009.2,356,4,1009.3,555,14,1009.4,558,9,1009.5,5541,15
317,2025-11-26 13:02:03+05:30,1009.0,23,1000.39,6760102,390386.0,448087.0,986.2,1012.2,981.3,986.2,120378000,1084.8,887.6,1102.5,649.1,1008.9,750,1,1008.8,163,4,1008.7,386,5,1008.6,574,7,1008.5,1424,10,1009.0,900,1,1009.2,87,1,1009.3,299,5,1009.4,487,8,1009.5,5890,20
317,2025-11-26 13:02:03+05:30,1009.0,23,1000.39,6760102,390386.0,448087.0,986.2,1012.2,981.3,986.2,120378000,1084.8,887.6,1102.5,649.1,1008.9,750,1,1008.8,163,4,1008.7,386,5,1008.6,574,7,1008.5,1424,10,1009.0,900,1,1009.2,87,1,1009.3,299,5,1009.4,487,8,1009.5,5890,20
317,2025-11-26 13:02:04+05:30,1009.0,119,1000.39,6760221,389930.0,447719.0,986.2,1012.2,981.3,986.2,120378000,1084.8,887.6,1102.5,649.1,1008.9,763,2,1008.8,121,2,1008.7,156,3,1008.6,476,6,1008.5,1424,10,1009.0,781,1,1009.2,260,3,1009.3,417,7,1009.4,566,9,1009.5,5554,18
317,2025-11-26 13:02:04+05:30,1009.0,119,1000.39,6760221,389930.0,447719.0,986.2,1012.2,981.3,986.2,120378000,1084.8,887.6,1102.5,649.1,1008.9,763,2,1008.8,121,2,1008.7,156,3,1008.6,476,6,1008.5,1424,10,1009.0,781,1,1009.2,260,3,1009.3,417,7,1009.4,566,9,1009.5,5554,18
317,2025-11-26 13:02:05+05:30,1009.0,119,1000.39,6760221,389903.0,447816.0,986.2,1012.2,981.3,986.2,120378000,1084.8,887.6,1102.5,649.1,1008.9,763,2,1008.8,121,2,1008.7,156,3,1008.6,449,5,1008.5,1424,10,1009.0,781,1,1009.2,344,4,1009.3,417,7,1009.4,579,10,1009.5,5554,18
317,2025-11-26 13:02:05+05:30,1009.0,2,1000.39,6760221,389903.0,447816.0,986.2,1012.2,981.3,986.2,120378000,1084.8,887.6,1102.5,649.1,1008.9,763,2,1008.8,121,2,1008.7,156,3,1008.6,449,5,1008.5,1424,10,1009.0,781,1,1009.2,344,4,1009.3,417,7,1009.4,579,10,1009.5,5554,18
317,2025-11-26 13:02:06+05:30,1009.0,1,1000.39,6760234,389923.0,447842.0,986.2,1012.2,981.3,986.2,120378000,1084.8,887.6,1102.5,649.1,1008.9,753,2,1008.8,121,2,1008.7,118,2,1008.6,449,5,1008.5,1462,11,1009.0,778,1,1009.2,344,4,1009.3,417,7,1009.4,579,10,1009.5,5554,18
317,2025-11-26 13:02:06+05:30,1009.0,1,1000.39,6760234,389923.0,447842.0,986.2,1012.2,981.3,986.2,120378000,1084.8,887.6,1102.5,649.1,1008.9,753,2,1008.8,121,2,1008.7,118,2,1008.6,449,5,1008.5,1462,11,1009.0,778,1,1009.2,344,4,1009.3,417,7,1009.4,579,10,1009.5,5554,18
317,2025-11-26 13:02:07+05:30,1008.9,1,1000.39,6760335,389945.0,447743.0,986.2,1012.2,981.3,986.2,120378000,1084.8,887.6,1102.5,649.1,1008.9,752,2,1008.8,121,2,1008.7,193,3,1008.6,576,7,1008.5,1462,11,1009.0,678,1,1009.2,260,3,1009.3,417,7,1009.4,566,9,1009.5,5852,19
317,2025-11-26 13:02:07+05:30,1009.0,1,1000.39,6760335,389945.0,447743.0,986.2,1012.2,981.3,986.2,120378000,1084.8,887.6,1102.5,649.1,1008.9,752,2,1008.8,121,2,1008.7,193,3,1008.6,576,7,1008.5,1462,11,1009.0,678,1,1009.2,260,3,1009.3,417,7,1009.4,566,9,1009.5,5852,19
317,2025-11-26 13:02:08+05:30,1009.0,50,1000.39,6760513,389743.0,447213.0,986.2,1012.2,981.3,986.2,120378000,1084.8,887.6,1102.5,649.1,1008.9,625,2,1008.8,121,2,1008.7,118,2,1008.6,509,5,1008.5,1500,12,1009.0,927,2,1009.2,298,4,1009.3,417,7,1009.4,566,9,1009.5,5852,19
317,2025-11-26 13:02:08+05:30,1009.0,50,1000.39,6760513,389743.0,447213.0,986.2,1012.2,981.3,986.2,120378000,1084.8,887.6,1102.5,649.1,1008.9,625,2,1008.8,121,2,1008.7,118,2,1008.6,509,5,1008.5,1500,12,1009.0,927,2,1009.2,298,4,1009.3,417,7,1009.4,566,9,1009.5,5852,19
317,2025-11-26 13:02:08+05:30,1008.9,10,1000.39,6760523,389649.0,447063.0,986.2,1012.2,981.3,986.2,120378000,1084.8,887.6,1102.5,649.1,1008.9,615,2,1008.8,36,2,1008.7,118,2,1008.6,509,5,1008.5,1500,12,1009.0,927,2,1009.2,382,5,1009.3,417,7,1009.4,579,10,1009.5,5852,19
317,2025-11-26 13:02:09+05:30,1008.9,10,1000.39,6760523,389649.0,447063.0,986.2,1012.2,981.3,986.2,120378000,1084.8,887.6,1102.5,649.1,1008.9,615,2,1008.8,36,2,1008.7,118,2,1008.6,509,5,1008.5,1500,12,1009.0,927,2,1009.2,382,5,1009.3,417,7,1009.4,579,10,1009.5,5852,19
317,2025-11-26 13:02:09+05:30,1008.9,10,1000.39,6760523,389678.0,447093.0,986.2,1012.2,981.3,986.2,120378000,1084.8,887.6,1102.5,649.1,1008.9,615,2,1008.8,36,2,1008.7,118,2,1008.6,509,5,1008.5,1462,11,1009.0,928,3,1009.2,420,6,1009.3,379,6,1009.4,579,10,1009.5,5852,19
317,2025-11-26 13:02:10+05:30,1009.0,2,1000.39,6760523,389678.0,447093.0,986.2,1012.2,981.3,986.2,120378000,1084.8,887.6,1102.5,649.1,1008.9,615,2,1008.8,36,2,1008.7,118,2,1008.6,509,5,1008.5,1462,11,1009.0,928,3,1009.2,420,6,1009.3,379,6,1009.4,579,10,1009.5,5852,19
317,2025-11-26 13:02:10+05:30,1009.0,2,1000.39,6760527,389678.0,447151.0,986.2,1012.2,981.3,986.2,120378000,1084.8,887.6,1102.5,649.1,1008.9,615,2,1008.8,36,2,1008.7,118,2,1008.6,539,6,1008.5,1462,11,1009.0,924,3,1009.2,382,5,1009.3,447,8,1009.4,579,10,1009.5,5852,19
317,2025-11-26 13:02:11+05:30,1009.0,1385,1000.39,6760527,389678.0,447151.0,986.2,1012.2,981.3,986.2,120378000,1084.8,887.6,1102.5,649.1,1008.9,615,2,1008.8,36,2,1008.7,118,2,1008.6,539,6,1008.5,1462,11,1009.0,924,3,1009.2,382,5,1009.3,447,8,1009.4,579,10,1009.5,5852,19
317,2025-11-26 13:02:11+05:30,1009.1,103,1000.4,6764787,391264.0,442899.0,986.2,1012.2,981.3,986.2,120378000,1084.8,887.6,1102.5,649.1,1008.9,652,3,1008.8,449,8,1008.7,421,6,1008.6,1337,6,1008.5,3279,17,1009.1,103,1,1009.3,16,2,1009.4,300,6,1009.5,5291,11,1009.6,647,9
317,2025-11-26 13:02:12+05:30,1008.8,17,1000.4,6764787,391264.0,442899.0,986.2,1012.2,981.3,986.2,120378000,1084.8,887.6,1102.5,649.1,1008.9,652,3,1008.8,449,8,1008.7,421,6,1008.6,1337,6,1008.5,3279,17,1009.1,103,1,1009.3,16,2,1009.4,300,6,1009.5,5291,11,1009.6,647,9
317,2025-11-26 13:02:12+05:30,1009.1,6,1000.4,6765454,390439.0,443946.0,986.2,1012.2,981.3,986.2,120378000,1084.8,887.6,1102.5,649.1,1008.8,317,7,1008.7,411,6,1008.6,1885,6,1008.5,2429,14,1008.4,2190,18,1009.1,70,1,1009.3,424,7,1009.4,496,8,1009.5,5590,13,1009.6,676,11
317,2025-11-26 13:02:13+05:30,1009.3,8,1000.4,6765454,390439.0,443946.0,986.2,1012.2,981.3,986.2,120378000,1084.8,887.6,1102.5,649.1,1008.8,317,7,1008.7,411,6,1008.6,1885,6,1008.5,2429,14,1008.4,2190,18,1009.1,70,1,1009.3,424,7,1009.4,496,8,1009.5,5590,13,1009.6,676,11
317,2025-11-26 13:02:13+05:30,1008.9,39,1000.4,6765891,390207.0,445764.0,986.2,1012.2,981.3,986.2,120378000,1084.8,887.6,1102.5,649.1,1008.8,275,8,1008.7,378,5,1008.6,562,6,1008.5,2527,15,1008.4,3166,18,1008.9,21,1,1009.0,8,1,1009.3,268,5,1009.4,418,7,1009.5,5546,13
317,2025-11-26 13:02:14+05:30,1008.9,2,1000.4,6765891,390207.0,445764.0,986.2,1012.2,981.3,986.2,120378000,1084.8,887.6,1102.5,649.1,1008.8,275,8,1008.7,378,5,1008.6,562,6,1008.5,2527,15,1008.4,3166,18,1008.9,21,1,1009.0,8,1,1009.3,268,5,1009.4,418,7,1009.5,5546,13
317,2025-11-26 13:02:14+05:30,1009.2,11,1000.4,6766001,389118.0,444363.0,986.2,1012.2,981.3,986.2,120378000,1084.8,887.6,1102.5,649.1,1008.9,112,1,1008.8,177,4,1008.7,415,5,1008.6,1403,10,1008.5,3250,15,1009.2,38,1,1009.3,346,5,1009.4,421,7,1009.5,5585,14,1009.6,660,10
317,2025-11-26 13:02:15+05:30,1009.1,2,1000.4,6766001,389118.0,444363.0,986.2,1012.2,981.3,986.2,120378000,1084.8,887.6,1102.5,649.1,1008.9,112,1,1008.8,177,4,1008.7,415,5,1008.6,1403,10,1008.5,3250,15,1009.2,38,1,1009.3,346,5,1009.4,421,7,1009.5,5585,14,1009.6,660,10
317,2025-11-26 13:02:15+05:30,1009.1,2,1000.4,6766132,390445.0,444772.0,986.2,1012.2,981.3,986.2,120378000,1084.8,887.6,1102.5,649.1,1008.9,32,1,1008.8,162,3,1008.7,440,6,1008.6,1325,8,1008.5,3315,18,1009.1,11,1,1009.2,38,1,1009.3,539,10,1009.4,577,8,1009.5,5592,14
317,2025-11-26 13:02:16+05:30,1009.1,2,1000.4,6766132,390445.0,444772.0,986.2,1012.2,981.3,986.2,120378000,1084.8,887.6,1102.5,649.1,1008.9,32,1,1008.8,162,3,1008.7,440,6,1008.6,1325,8,1008.5,3315,18,1009.1,11,1,1009.2,38,1,1009.3,539,10,1009.4,577,8,1009.5,5592,14
317,2025-11-26 13:02:16+05:30,1009.1,2,1000.4,6766132,390571.0,444913.0,986.2,1012.2,981.3,986.2,120378000,1084.8,887.6,1102.5,649.1,1008.9,32,1,1008.8,162,3,1008.7,440,6,1008.6,1325,8,1008.5,3315,18,1009.1,11,1,1009.2,38,1,1009.3,510,9,1009.4,577,8,1009.5,5592,14
317,2025-11-26 13:02:17+05:30,1008.9,200,1000.4,6766132,390571.0,444913.0,986.2,1012.2,981.3,986.2,120378000,1084.8,887.6,1102.5,649.1,1008.9,32,1,1008.8,162,3,1008.7,440,6,1008.6,1325,8,1008.5,3315,18,1009.1,11,1,1009.2,38,1,1009.3,510,9,1009.4,577,8,1009.5,5592,14
317,2025-11-26 13:02:17+05:30,1009.0,1,1000.4,6766333,390535.0,444894.0,986.2,1012.2,981.3,986.2,120378000,1084.8,887.6,1102.5,649.1,1009.0,20,1,1008.9,32,1,1008.8,99,2,1008.7,440,6,1008.6,1325,8,1009.1,21,2,1009.2,38,1,1009.3,437,7,1009.4,655,10,1009.5,5294,13
317,2025-11-26 13:02:18+05:30,1009.0,1,1000.4,6766333,390535.0,444894.0,986.2,1012.2,981.3,986.2,120378000,1084.8,887.6,1102.5,649.1,1009.0,20,1,1008.9,32,1,1008.8,99,2,1008.7,440,6,1008.6,1325,8,1009.1,21,2,1009.2,38,1,1009.3,437,7,1009.4,655,10,1009.5,5294,13
317,2025-11-26 13:02:18+05:30,1009.0,1,1000.4,6766334,390622.0,444916.0,986.2,1012.2,981.3,986.2,120378000,1084.8,887.6,1102.5,649.1,1009.0,32,2,1008.9,32,1,1008.8,99,2,1008.7,440,6,1008.6,1325,8,1009.1,21,2,1009.2,38,1,1009.3,356,6,1009.4,678,11,1009.5,5294,13
317,2025-11-26 13:02:19+05:30,1009.0,1,1000.4,6766334,390622.0,444916.0,986.2,1012.2,981.3,986.2,120378000,1084.8,887.6,1102.5,649.1,1009.0,32,2,1008.9,32,1,1008.8,99,2,1008.7,440,6,1008.6,1325,8,1009.1,21,2,1009.2,38,1,1009.3,356,6,1009.4,678,11,1009.5,5294,13
317,2025-11-26 13:02:19+05:30,1009.1,1,1000.4,6766335,387905.0,445511.0,986.2,1012.2,981.3,986.2,120378000,1084.8,887.6,1102.5,649.1,1009.0,32,2,1008.9,32,1,1008.8,99,2,1008.7,219,3,1008.6,686,7,1009.1,20,2,1009.2,284,4,1009.3,435,7,1009.4,818,10,1009.5,5592,14
317,2025-11-26 13:02:20+05:30,1009.1,1,1000.4,6766335,387905.0,445511.0,986.2,1012.2,981.3,986.2,120378000,1084.8,887.6,1102.5,649.1,1009.0,32,2,1008.9,32,1,1008.8,99,2,1008.7,219,3,1008.6,686,7,1009.1,20,2,1009.2,284,4,1009.3,435,7,1009.4,818,10,1009.5,5592,14
317,2025-11-26 13:02:21+05:30,1009.2,67,1000.4,6766735,390726.0,444573.0,986.2,1012.2,981.3,986.2,120378000,1084.8,887.6,1102.5,649.1,1009.0,32,2,1008.9,37,2,1008.8,493,7,1008.7,1429,7,1008.6,2291,13,1009.2,35,1,1009.3,7,1,1009.4,465,7,1009.5,5248,12,1009.6,705,11
317,2025-11-26 13:02:21+05:30,1009.2,67,1000.4,6766735,390726.0,444573.0,986.2,1012.2,981.3,986.2,120378000,1084.8,887.6,1102.5,649.1,1009.0,32,2,1008.9,37,2,1008.8,493,7,1008.7,1429,7,1008.6,2291,13,1009.2,35,1,1009.3,7,1,1009.4,465,7,1009.5,5248,12,1009.6,705,11
317,2025-11-26 13:02:22+05:30,1009.0,95,1000.4,6766862,390594.0,444415.0,986.2,1012.2,981.3,986.2,120378000,1084.8,887.6,1102.5,649.1,1009.0,21,1,1008.9,37,2,1008.8,359,4,1008.7,1501,9,1008.6,2202,11,1009.1,103,1,1009.2,70,2,1009.3,314,5,1009.4,717,9,1009.5,5248,12
317,2025-11-26 13:02:22+05:30,1009.0,95,1000.4,6766862,390594.0,444415.0,986.2,1012.2,981.3,986.2,120378000,1084.8,887.6,1102.5,649.1,1009.0,21,1,1008.9,37,2,1008.8,359,4,1008.7,1501,9,1008.6,2202,11,1009.1,103,1,1009.2,70,2,1009.3,314,5,1009.4,717,9,1009.5,5248,12
317,2025-11-26 13:02:23+05:30,1009.1,23,1000.4,6766893,390565.0,444358.0,986.2,1012.2,981.3,986.2,120378000,1084.8,887.6,1102.5,649.1,1009.0,21,1,1008.9,37,2,1008.8,436,5,1008.7,1482,9,1008.6,2257,13,1009.1,72,1,1009.2,70,2,1009.3,395,6,1009.4,717,9,1009.5,5248,12
317,2025-11-26 13:02:23+05:30,1009.0,2,1000.4,6766893,390565.0,444358.0,986.2,1012.2,981.3,986.2,120378000,1084.8,887.6,1102.5,649.1,1009.0,21,1,1008.9,37,2,1008.8,436,5,1008.7,1482,9,1008.6,2257,13,1009.1,72,1,1009.2,70,2,1009.3,395,6,1009.4,717,9,1009.5,5248,12
317,2025-11-26 13:02:24+05:30,1009.0,2,1000.4,6766895,390540.0,444252.0,986.2,1012.2,981.3,986.2,120378000,1084.8,887.6,1102.5,649.1,1009.0,19,1,1008.9,37,2,1008.8,436,5,1008.7,1459,8,1008.6,2257,13,1009.1,130,2,1009.2,70,2,1009.3,426,7,1009.4,801,11,1009.5,5281,13
317,2025-11-26 13:02:25+05:30,1009.1,2,1000.4,6766898,390539.0,444323.0,986.2,1012.2,981.3,986.2,120378000,1084.8,887.6,1102.5,649.1,1009.0,18,1,1008.9,37,2,1008.8,436,5,1008.7,1459,8,1008.6,2257,13,1009.1,128,2,1009.2,35,1,1009.3,426,7,1009.4,801,11,1009.5,5281,13
317,2025-11-26 13:02:25+05:30,1009.1,1,1000.4,6766898,390539.0,444323.0,986.2,1012.2,981.3,986.2,120378000,1084.8,887.6,1102.5,649.1,1009.0,18,1,1008.9,37,2,1008.8,436,5,1008.7,1459,8,1008.6,2257,13,1009.1,128,2,1009.2,35,1,1009.3,426,7,1009.4,801,11,1009.5,5281,13
317,2025-11-26 13:02:26+05:30,1009.1,2,1000.4,6766924,390518.0,444347.0,986.2,1012.2,981.3,986.2,120378000,1084.8,887.6,1102.5,649.1,1009.0,18,1,1008.9,37,2,1008.8,513,6,1008.7,1489,9,1008.6,2257,13,1009.1,102,2,1009.2,52,1,1009.3,345,6,1009.4,801,11,1009.5,5281,13
317,2025-11-26 13:02:26+05:30,1009.1,2,1000.4,6766924,390518.0,444347.0,986.2,1012.2,981.3,986.2,120378000,1084.8,887.6,1102.5,649.1,1009.0,18,1,1008.9,37,2,1008.8,513,6,1008.7,1489,9,1008.6,2257,13,1009.1,102,2,1009.2,52,1,1009.3,345,6,1009.4,801,11,1009.5,5281,13
317,2025-11-26 13:02:27+05:30,1009.0,108,1000.4,6767887,391130.0,443952.0,986.2,1012.2,981.3,986.2,120378000,1084.8,887.6,1102.5,649.1,1008.9,426,8,1008.8,776,10,1008.7,1608,9,1008.6,2215,12,1008.5,3048,14,1009.1,58,1,1009.2,52,1,1009.3,8,2,1009.4,414,6,1009.5,5099,10
317,2025-11-26 13:02:27+05:30,1009.0,108,1000.4,6767887,391130.0,443952.0,986.2,1012.2,981.3,986.2,120378000,1084.8,887.6,1102.5,649.1,1008.9,426,8,1008.8,776,10,1008.7,1608,9,1008.6,2215,12,1008.5,3048,14,1009.1,58,1,1009.2,52,1,1009.3,8,2,1009.4,414,6,1009.5,5099,10
317,2025-11-26 13:02:28+05:30,1009.2,109,1000.4,6768250,390050.0,442868.0,986.2,1012.2,981.3,986.2,120378000,1084.8,887.6,1102.5,649.1,1009.0,90,2,1008.9,448,7,1008.8,1660,14,1008.7,3974,14,1008.6,1424,11,1009.2,52,1,1009.3,8,2,1009.4,6,2,1009.5,5053,9,1009.6,583,8
317,2025-11-26 13:02:28+05:30,1009.5,109,1000.4,6768250,390050.0,442868.0,986.2,1012.2,981.3,986.2,120378000,1084.8,887.6,1102.5,649.1,1009.0,90,2,1008.9,448,7,1008.8,1660,14,1008.7,3974,14,1008.6,1424,11,1009.2,52,1,1009.3,8,2,1009.4,6,2,1009.5,5053,9,1009.6,583,8
317,2025-11-26 13:02:29+05:30,1009.5,109,1000.4,6768571,387353.0,442671.0,986.2,1012.2,981.3,986.2,120378000,1084.8,887.6,1102.5,649.1,1008.9,774,11,1008.8,1915,16,1008.7,1724,11,1008.6,2174,12,1008.5,1696,13,1009.5,4925,9,1009.6,580,8,1009.7,946,11,1009.8,713,16,1009.9,770,14
317,2025-11-26 13:02:29+05:30,1009.5,1,1000.4,6768571,387353.0,442671.0,986.2,1012.2,981.3,986.2,120378000,1084.8,887.6,1102.5,649.1,1008.9,774,11,1008.8,1915,16,1008.7,1724,11,1008.6,2174,12,1008.5,1696,13,1009.5,4925,9,1009.6,580,8,1009.7,946,11,1009.8,713,16,1009.9,770,14
317,2025-11-26 13:02:30+05:30,1009.5,1,1000.4,6768572,387433.0,442530.0,986.2,1012.2,981.3,986.2,120378000,1084.8,887.6,1102.5,649.1,1009.0,144,2,1008.9,748,9,1008.8,1829,15,1008.7,1750,13,1008.6,2150,10,1009.5,4840,9,1009.6,572,8,1009.7,881,10,1009.8,713,16,1009.9,806,15
317,2025-11-26 13:02:30+05:30,1009.5,28,1000.4,6768572,387433.0,442530.0,986.2,1012.2,981.3,986.2,120378000,1084.8,887.6,1102.5,649.1,1009.0,144,2,1008.9,748,9,1008.8,1829,15,1008.7,1750,13,1008.6,2150,10,1009.5,4840,9,1009.6,572,8,1009.7,881,10,1009.8,713,16,1009.9,806,15
317,2025-11-26 13:02:31+05:30,1009.5,1,1000.4,6768721,388787.0,442763.0,986.2,1012.2,981.3,986.2,120378000,1084.8,887.6,1102.5,649.1,1009.1,209,3,1009.0,190,3,1008.9,975,11,1008.8,1979,16,1008.7,1686,13,1009.4,133,1,1009.5,4612,8,1009.6,188,4,1009.7,755,7,1009.8,713,16
317,2025-11-26 13:02:31+05:30,1009.5,1,1000.4,6768721,388787.0,442763.0,986.2,1012.2,981.3,986.2,120378000,1084.8,887.6,1102.5,649.1,1009.1,209,3,1009.0,190,3,1008.9,975,11,1008.8,1979,16,1008.7,1686,13,1009.4,133,1,1009.5,4612,8,1009.6,188,4,1009.7,755,7,1009.8,713,16
317,2025-11-26 13:02:32+05:30,1009.5,1,1000.4,6768721,391024.0,444330.0,986.2,1012.2,981.3,986.2,120378000,1084.8,887.6,1102.5,649.1,1009.0,317,3,1008.9,696,9,1008.8,1946,16,1008.7,2571,15,1008.6,3035,12,1009.2,103,1,1009.4,133,1,1009.5,4987,12,1009.6,316,5,1009.7,755,7
317,2025-11-26 13:02:33+05:30,1009.2,22,1000.4,6768752,390919.0,444501.0,986.2,1012.2,981.3,986.2,120378000,1084.8,887.6,1102.5,649.1,1009.0,317,3,1008.9,696,9,1008.8,1861,15,1008.7,2571,15,1008.6,3035,12,1009.2,72,1,1009.4,133,1,1009.5,4987,12,1009.6,311,4,1009.7,837,9
317,2025-11-26 13:02:33+05:30,1009.2,22,1000.4,6768752,390919.0,444501.0,986.2,1012.2,981.3,986.2,120378000,1084.8,887.6,1102.5,649.1,1009.0,317,3,1008.9,696,9,1008.8,1861,15,1008.7,2571,15,1008.6,3035,12,1009.2,72,1,1009.4,133,1,1009.5,4987,12,1009.6,311,4,1009.7,837,9
317,2025-11-26 13:02:34+05:30,1008.9,1,1000.4,6768753,390316.0,445133.0,986.2,1012.2,981.3,986.2,120378000,1084.8,887.6,1102.5,649.1,1008.9,638,8,1008.8,1905,15,1008.7,2571,15,1008.6,3048,13,1008.5,929,12,1009.2,72,1,1009.4,257,2,1009.5,5093,13,1009.6,331,5,1009.7,837,9
317,2025-11-26 13:02:34+05:30,1008.9,1,1000.4,6768753,390316.0,445133.0,986.2,1012.2,981.3,986.2,120378000,1084.8,887.6,1102.5,649.1,1008.9,638,8,1008.8,1905,15,1008.7,2571,15,1008.6,3048,13,1008.5,929,12,1009.2,72,1,1009.4,257,2,1009.5,5093,13,1009.6,331,5,1009.7,837,9
317,2025-11-26 13:02:35+05:30,1008.9,1,1000.4,6768753,389769.0,445135.0,986.2,1012.2,981.3,986.2,120378000,1084.8,887.6,1102.5,649.1,1009.0,112,1,1008.9,618,8,1008.8,1569,12,1008.7,2571,15,1008.6,3048,13,1009.2,72,1,1009.4,259,3,1009.5,5093,13,1009.6,331,5,1009.7,837,9
317,2025-11-26 13:02:35+05:30,1009.2,3,1000.4,6768753,389769.0,445135.0,986.2,1012.2,981.3,986.2,120378000,1084.8,887.6,1102.5,649.1,1009.0,112,1,1008.9,618,8,1008.8,1569,12,1008.7,2571,15,1008.6,3048,13,1009.2,72,1,1009.4,259,3,1009.5,5093,13,1009.6,331,5,1009.7,837,9
317,2025-11-26 13:02:36+05:30,1009.2,1,1000.4,6768757,389769.0,445034.0,986.2,1012.2,981.3,986.2,120378000,1084.8,887.6,1102.5,649.1,1009.0,112,1,1008.9,561,7,1008.8,1626,13,1008.7,2571,15,1008.6,3048,13,1009.2,68,1,1009.4,259,3,1009.5,5093,13,1009.6,357,6,1009.7,837,9
317,2025-11-26 13:02:36+05:30,1009.2,1,1000.4,6768757,389769.0,445034.0,986.2,1012.2,981.3,986.2,120378000,1084.8,887.6,1102.5,649.1,1009.0,112,1,1008.9,561,7,1008.8,1626,13,1008.7,2571,15,1008.6,3048,13,1009.2,68,1,1009.4,259,3,1009.5,5093,13,1009.6,357,6,1009.7,837,9
317,2025-11-26 13:02:37+05:30,1009.0,105,1000.4,6768987,390636.0,445515.0,986.2,1012.2,981.3,986.2,120378000,1084.8,887.6,1102.5,649.1,1008.9,36,2,1008.8,1164,8,1008.7,3294,16,1008.6,3046,13,1008.5,1039,12,1009.0,103,1,1009.3,202,1,1009.4,395,7,1009.5,5323,14,1009.6,640,6
317,2025-11-26 13:02:37+05:30,1009.0,105,1000.4,6768987,390636.0,445515.0,986.2,1012.2,981.3,986.2,120378000,1084.8,887.6,1102.5,649.1,1008.9,36,2,1008.8,1164,8,1008.7,3294,16,1008.6,3046,13,1008.5,1039,12,1009.0,103,1,1009.3,202,1,1009.4,395,7,1009.5,5323,14,1009.6,640,6
317,2025-11-26 13:02:38+05:30,1009.0,206,1000.41,6769193,390751.0,445539.0,986.2,1012.2,981.3,986.2,120378000,1084.8,887.6,1102.5,649.1,1008.9,36,2,1008.8,962,5,1008.7,3351,17,1008.6,3075,14,1008.5,1039,12,1009.0,103,1,1009.3,326,2,1009.4,476,7,1009.5,5398,15,1009.6,755,10
317,2025-11-26 13:02:38+05:30,1009.0,1,1000.41,6769193,390751.0,445539.0,986.2,1012.2,981.3,986.2,120378000,1084.8,887.6,1102.5,649.1,1008.9,36,2,1008.8,962,5,1008.7,3351,17,1008.6,3075,14,1008.5,1039,12,1009.0,103,1,1009.3,326,2,1009.4,476,7,1009.5,5398,15,1009.6,755,10
317,2025-11-26 13:02:39+05:30,1009.0,1,1000.41,6769195,390751.0,445726.0,986.2,1012.2,981.3,986.2,120378000,1084.8,887.6,1102.5,649.1,1008.9,36,2,1008.8,962,5,1008.7,3351,17,1008.6,3075,14,1008.5,1039,12,1009.0,101,1,1009.3,326,2,1009.4,476,7,1009.5,5424,17,1009.6,729,8
317,2025-11-26 13:02:40+05:30,1009.0,1,1000.41,6769207,390740.0,445574.0,986.2,1012.2,981.3,986.2,120378000,1084.8,887.6,1102.5,649.1,1008.9,25,2,1008.8,905,4,1008.7,3408,18,1008.6,3075,14,1008.5,1039,12,1009.0,100,1,1009.3,326,2,1009.4,953,8,1009.5,5424,17,1009.6,729,8
317,2025-11-26 13:02:40+05:30,1009.0,1,1000.41,6769207,390740.0,445574.0,986.2,1012.2,981.3,986.2,120378000,1084.8,887.6,1102.5,649.1,1008.9,25,2,1008.8,905,4,1008.7,3408,18,1008.6,3075,14,1008.5,1039,12,1009.0,100,1,1009.3,326,2,1009.4,953,8,1009.5,5424,17,1009.6,729,8
317,2025-11-26 13:02:41+05:30,1009.0,2,1000.41,6769209,390730.0,445667.0,986.2,1012.2,981.3,986.2,120378000,1084.8,887.6,1102.5,649.1,1008.9,25,2,1008.8,905,4,1008.7,3408,18,1008.6,3075,14,1008.5,1039,12,1009.0,98,1,1009.3,326,2,1009.4,476,7,1009.5,5424,17,1009.6,729,8
317,2025-11-26 13:02:41+05:30,1009.0,2,1000.41,6769209,390730.0,445667.0,986.2,1012.2,981.3,986.2,120378000,1084.8,887.6,1102.5,649.1,1008.9,25,2,1008.8,905,4,1008.7,3408,18,1008.6,3075,14,1008.5,1039,12,1009.0,98,1,1009.3,326,2,1009.4,476,7,1009.5,5424,17,1009.6,729,8
317,2025-11-26 13:02:42+05:30,1008.9,51,1000.41,6770779,387583.0,444570.0,986.2,1012.2,981.3,986.2,120378000,1084.8,887.6,1102.5,649.1,1008.9,87,1,1008.8,1249,8,1008.7,2247,13,1008.6,3018,17,1008.5,1006,11,1009.4,502,6,1009.5,5411,16,1009.6,552,10,1009.7,942,11,1009.8,394,9
317,2025-11-26 13:02:42+05:30,1008.9,51,1000.41,6770779,387583.0,444570.0,986.2,1012.2,981.3,986.2,120378000,1084.8,887.6,1102.5,649.1,1008.9,87,1,1008.8,1249,8,1008.7,2247,13,1008.6,3018,17,1008.5,1006,11,1009.4,502,6,1009.5,5411,16,1009.6,552,10,1009.7,942,11,1009.8,394,9
317,2025-11-26 13:02:43+05:30,1009.4,5,1000.41,6770912,386610.0,444531.0,986.2,1012.2,981.3,986.2,120378000,1084.8,887.6,1102.5,649.1,1008.9,87,1,1008.8,1123,8,1008.7,1427,11,1008.6,3044,16,1008.5,1095,12,1009.4,639,7,1009.5,5434,18,1009.6,839,10,1009.7,731,11,1009.8,479,10
317,2025-11-26 13:02:43+05:30,1009.4,21,1000.41,6770912,386610.0,444531.0,986.2,1012.2,981.3,986.2,120378000,1084.8,887.6,1102.5,649.1,1008.9,87,1,1008.8,1123,8,1008.7,1427,11,1008.6,3044,16,1008.5,1095,12,1009.4,639,7,1009.5,5434,18,1009.6,839,10,1009.7,731,11,1009.8,479,10
317,2025-11-26 13:02:44+05:30,1009.4,21,1000.41,6770935,390407.0,446813.0,986.2,1012.2,981.3,986.2,120378000,1084.8,887.6,1102.5,649.1,1009.0,71,1,1008.9,163,2,1008.8,1227,10,1008.7,2963,15,1008.6,2940,14,1009.1,8,1,1009.4,578,10,1009.5,5438,15,1009.6,891,11,1009.7,837,14
317,2025-11-26 13:02:44+05:30,1009.1,3,1000.41,6770935,390407.0,446813.0,986.2,1012.2,981.3,986.2,120378000,1084.8,887.6,1102.5,649.1,1009.0,71,1,1008.9,163,2,1008.8,1227,10,1008.7,2963,15,1008.6,2940,14,1009.1,8,1,1009.4,578,10,1009.5,5438,15,1009.6,891,11,1009.7,837,14
317,2025-11-26 13:02:45+05:30,1009.1,1,1000.41,6770939,390407.0,446813.0,986.2,1012.2,981.3,986.2,120378000,1084.8,887.6,1102.5,649.1,1009.0,71,1,1008.9,163,2,1008.8,1351,11,1008.7,2963,15,1008.6,2940,14,1009.1,4,1,1009.4,578,10,1009.5,5416,13,1009.6,893,13,1009.7,837,14
317,2025-11-26 13:02:45+05:30,1009.1,2,1000.41,6770939,390407.0,446813.0,986.2,1012.2,981.3,986.2,120378000,1084.8,887.6,1102.5,649.1,1009.0,71,1,1008.9,163,2,1008.8,1351,11,1008.7,2963,15,1008.6,2940,14,1009.1,4,1,1009.4,578,10,1009.5,5416,13,1009.6,893,13,1009.7,837,14
317,2025-11-26 13:02:46+05:30,1009.1,1,1000.41,6770942,390490.0,446875.0,986.2,1012.2,981.3,986.2,120378000,1084.8,887.6,1102.5,649.1,1009.0,71,1,1008.9,163,2,1008.8,1434,12,1008.7,2963,15,1008.6,2940,14,1009.1,1,1,1009.4,578,10,1009.5,5416,13,1009.6,893,13,1009.7,837,14
317,2025-11-26 13:02:46+05:30,1009.1,1,1000.41,6770942,390490.0,446875.0,986.2,1012.2,981.3,986.2,120378000,1084.8,887.6,1102.5,649.1,1009.0,71,1,1008.9,163,2,1008.8,1434,12,1008.7,2963,15,1008.6,2940,14,1009.1,1,1,1009.4,578,10,1009.5,5416,13,1009.6,893,13,1009.7,837,14
317,2025-11-26 13:02:47+05:30,1009.1,1,1000.41,6770942,390490.0,446854.0,986.2,1012.2,981.3,986.2,120378000,1084.8,887.6,1102.5,649.1,1009.0,71,1,1008.9,163,2,1008.8,1434,12,1008.7,2963,15,1008.6,2940,14,1009.1,1,1,1009.4,578,10,1009.5,5416,13,1009.6,893,13,1009.7,837,14
317,2025-11-26 13:02:47+05:30,1009.1,1,1000.41,6770942,390490.0,446854.0,986.2,1012.2,981.3,986.2,120378000,1084.8,887.6,1102.5,649.1,1009.0,71,1,1008.9,163,2,1008.8,1434,12,1008.7,2963,15,1008.6,2940,14,1009.1,1,1,1009.4,578,10,1009.5,5416,13,1009.6,893,13,1009.7,837,14
317,2025-11-26 13:02:48+05:30,1009.1,1,1000.41,6770943,390930.0,446462.0,986.2,1012.2,981.3,986.2,120378000,1084.8,887.6,1102.5,649.1,1009.0,125,3,1008.9,359,5,1008.8,1504,11,1008.7,3072,16,1008.6,2940,14,1009.1,8,1,1009.4,428,8,1009.5,5196,12,1009.6,464,10,1009.7,1133,15
317,2025-11-26 13:02:48+05:30,1009.0,15,1000.41,6770958,390871.0,446483.0,986.2,1012.2,981.3,986.2,120378000,1084.8,887.6,1102.5,649.1,1009.0,66,2,1008.9,359,5,1008.8,1504,11,1008.7,3072,16,1008.6,2940,14,1009.1,8,1,1009.4,428,8,1009.5,5196,12,1009.6,464,10,1009.7,1133,15
317,2025-11-26 13:02:49+05:30,1009.0,15,1000.41,6770958,390871.0,446483.0,986.2,1012.2,981.3,986.2,120378000,1084.8,887.6,1102.5,649.1,1009.0,66,2,1008.9,359,5,1008.8,1504,11,1008.7,3072,16,1008.6,2940,14,1009.1,8,1,1009.4,428,8,1009.5,5196,12,1009.6,464,10,1009.7,1133,15
317,2025-11-26 13:02:49+05:30,1009.0,15,1000.41,6770958,390871.0,446486.0,986.2,1012.2,981.3,986.2,120378000,1084.8,887.6,1102.5,649.1,1009.0,66,2,1008.9,359,5,1008.8,1504,11,1008.7,3072,16,1008.6,2940,14,1009.1,8,1,1009.4,428,8,1009.5,5196,12,1009.6,464,10,1009.7,1133,15
317,2025-11-26 13:02:50+05:30,1009.1,1,1000.41,6770958,390871.0,446486.0,986.2,1012.2,981.3,986.2,120378000,1084.8,887.6,1102.5,649.1,1009.0,66,2,1008.9,359,5,1008.8,1504,11,1008.7,3072,16,1008.6,2940,14,1009.1,8,1,1009.4,428,8,1009.5,5196,12,1009.6,464,10,1009.7,1133,15
317,2025-11-26 13:02:50+05:30,1009.1,1,1000.41,6770960,390588.0,446450.0,986.2,1012.2,981.3,986.2,120378000,1084.8,887.6,1102.5,649.1,1009.0,66,2,1008.9,210,3,1008.8,1344,10,1008.7,3072,16,1008.6,2940,14,1009.1,6,1,1009.2,44,1,1009.4,428,8,1009.5,5196,12,1009.6,849,12
317,2025-11-26 13:02:51+05:30,1009.1,1,1000.41,6770960,390588.0,446450.0,986.2,1012.2,981.3,986.2,120378000,1084.8,887.6,1102.5,649.1,1009.0,66,2,1008.9,210,3,1008.8,1344,10,1008.7,3072,16,1008.6,2940,14,1009.1,6,1,1009.2,44,1,1009.4,428,8,1009.5,5196,12,1009.6,849,12
317,2025-11-26 13:02:51+05:30,1009.0,5,1000.41,6771031,390375.0,446635.0,986.2,1012.2,981.3,986.2,120378000,1084.8,887.6,1102.5,649.1,1008.8,1174,8,1008.7,2974,14,1008.6,3016,14,1008.5,1103,13,1008.4,2319,14,1009.0,32,1,1009.1,6,1,1009.2,44,1,1009.3,202,1,1009.4,624,10
317,2025-11-26 13:02:52+05:30,1009.0,5,1000.41,6771031,390375.0,446635.0,986.2,1012.2,981.3,986.2,120378000,1084.8,887.6,1102.5,649.1,1008.8,1174,8,1008.7,2974,14,1008.6,3016,14,1008.5,1103,13,1008.4,2319,14,1009.0,32,1,1009.1,6,1,1009.2,44,1,1009.3,202,1,1009.4,624,10
317,2025-11-26 13:02:52+05:30,1009.0,5,1000.41,6771041,390494.0,446686.0,986.2,1012.2,981.3,986.2,120378000,1084.8,887.6,1102.5,649.1,1008.8,1309,11,1008.7,2901,11,1008.6,4066,18,1008.5,1103,13,1008.4,2326,15,1009.0,22,1,1009.1,6,1,1009.2,44,1,1009.3,326,2,1009.4,624,10
317,2025-11-26 13:02:53+05:30,1009.0,23,1000.41,6771041,390494.0,446686.0,986.2,1012.2,981.3,986.2,120378000,1084.8,887.6,1102.5,649.1,1008.8,1309,11,1008.7,2901,11,1008.6,4066,18,1008.5,1103,13,1008.4,2326,15,1009.0,22,1,1009.1,6,1,1009.2,44,1,1009.3,326,2,1009.4,624,10
317,2025-11-26 13:02:53+05:30,1008.8,10,1000.41,6771138,390369.0,446512.0,986.2,1012.2,981.3,986.2,120378000,1084.8,887.6,1102.5,649.1,1008.8,898,7,1008.7,2995,13,1008.6,4104,19,1008.5,1095,12,1008.4,2370,17,1009.0,103,1,1009.2,44,1,1009.3,326,2,1009.4,709,11,1009.5,5326,15
317,2025-11-26 13:02:54+05:30,1008.8,10,1000.41,6771138,390369.0,446512.0,986.2,1012.2,981.3,986.2,120378000,1084.8,887.6,1102.5,649.1,1008.8,898,7,1008.7,2995,13,1008.6,4104,19,1008.5,1095,12,1008.4,2370,17,1009.0,103,1,1009.2,44,1,1009.3,326,2,1009.4,709,11,1009.5,5326,15
317,2025-11-26 13:02:54+05:30,1008.8,10,1000.41,6771138,390476.0,446593.0,986.2,1012.2,981.3,986.2,120378000,1084.8,887.6,1102.5,649.1,1008.9,112,1,1008.8,898,7,1008.7,2995,13,1008.6,4104,19,1008.5,1095,12,1009.0,106,4,1009.2,57,2,1009.3,376,3,1009.4,698,9,1009.5,5326,15
317,2025-11-26 13:02:55+05:30,1009.0,1,1000.41,6771138,390476.0,446593.0,986.2,1012.2,981.3,986.2,120378000,1084.8,887.6,1102.5,649.1,1008.9,112,1,1008.8,898,7,1008.7,2995,13,1008.6,4104,19,1008.5,1095,12,1009.0,106,4,1009.2,57,2,1009.3,376,3,1009.4,698,9,1009.5,5326,15
317,2025-11-26 13:02:55+05:30,1009.0,13,1000.41,6771195,390396.0,446867.0,986.2,1012.2,981.3,986.2,120378000,1084.8,887.6,1102.5,649.1,1008.9,112,1,1008.8,974,8,1008.7,2995,13,1008.6,4104,19,1008.5,1095,12,1009.0,49,4,1009.2,44,1,1009.3,388,4,1009.4,698,9,1009.5,5326,15
317,2025-11-26 13:02:56+05:30,1009.0,1,1000.41,6771195,390396.0,446867.0,986.2,1012.2,981.3,986.2,120378000,1084.8,887.6,1102.5,649.1,1008.9,112,1,1008.8,974,8,1008.7,2995,13,1008.6,4104,19,1008.5,1095,12,1009.0,49,4,1009.2,44,1,1009.3,388,4,1009.4,698,9,1009.5,5326,15
317,2025-11-26 13:02:56+05:30,1008.9,13,1000.41,6771324,391488.0,447368.0,986.2,1012.2,981.3,986.2,120378000,1084.8,887.6,1102.5,649.1,1008.8,1069,7,1008.7,2886,12,1008.6,4765,18,1008.5,1095,12,1008.4,2290,14,1008.9,90,1,1009.0,3,3,1009.2,44,1,1009.3,388,4,1009.4,719,10
317,2025-11-26 13:02:57+05:30,1008.9,49,1000.41,6771324,391488.0,447368.0,986.2,1012.2,981.3,986.2,120378000,1084.8,887.6,1102.5,649.1,1008.8,1069,7,1008.7,2886,12,1008.6,4765,18,1008.5,1095,12,1008.4,2290,14,1008.9,90,1,1009.0,3,3,1009.2,44,1,1009.3,388,4,1009.4,719,10
317,2025-11-26 13:02:57+05:30,1008.9,207,1000.41,6771581,391446.0,447556.0,986.2,1012.2,981.3,986.2,120378000,1084.8,887.6,1102.5,649.1,1008.8,1260,10,1008.7,2759,10,1008.6,4659,16,1008.5,1051,13,1008.4,2334,15,1008.9,103,1,1009.0,3,3,1009.2,56,2,1009.3,376,3,1009.4,547,8
317,2025-11-26 13:02:58+05:30,1008.9,207,1000.41,6771581,391446.0,447556.0,986.2,1012.2,981.3,986.2,120378000,1084.8,887.6,1102.5,649.1,1008.8,1260,10,1008.7,2759,10,1008.6,4659,16,1008.5,1051,13,1008.4,2334,15,1008.9,103,1,1009.0,3,3,1009.2,56,2,1009.3,376,3,1009.4,547,8
317,2025-11-26 13:02:58+05:30,1008.9,207,1000.41,6771581,391472.0,447527.0,986.2,1012.2,981.3,986.2,120378000,1084.8,887.6,1102.5,649.1,1008.8,1188,9,1008.7,2759,10,1008.6,4659,16,1008.5,1051,13,1008.4,2334,15,1008.9,103,1,1009.0,3,3,1009.2,56,2,1009.3,376,3,1009.4,547,8
317,2025-11-26 13:02:59+05:30,1008.8,143,1000.41,6771581,391472.0,447527.0,986.2,1012.2,981.3,986.2,120378000,1084.8,887.6,1102.5,649.1,1008.8,1188,9,1008.7,2759,10,1008.6,4659,16,1008.5,1051,13,1008.4,2334,15,1008.9,103,1,1009.0,3,3,1009.2,56,2,1009.3,376,3,1009.4,547,8
317,2025-11-26 13:02:59+05:30,1008.9,107,1000.41,6771831,391018.0,447692.0,986.2,1012.2,981.3,986.2,120378000,1084.8,887.6,1102.5,649.1,1008.8,648,4,1008.7,2590,9,1008.6,4659,16,1008.5,1051,13,1008.4,2445,15,1008.9,103,1,1009.0,93,5,1009.2,136,2,1009.3,485,8,1009.4,657,11
317,2025-11-26 13:03:00+05:30,1008.8,200,1000.41,6771831,391018.0,447692.0,986.2,1012.2,981.3,986.2,120378000,1084.8,887.6,1102.5,649.1,1008.8,648,4,1008.7,2590,9,1008.6,4659,16,1008.5,1051,13,1008.4,2445,15,1008.9,103,1,1009.0,93,5,1009.2,136,2,1009.3,485,8,1009.4,657,11
317,2025-11-26 13:03:00+05:30,1009.0,1,1000.41,6772803,389087.0,447231.0,986.2,1012.2,981.3,986.2,120378000,1084.8,887.6,1102.5,649.1,1008.8,487,5,1008.7,2658,8,1008.6,3901,16,1008.5,919,11,1008.4,2358,15,1009.0,12,1,1009.2,12,1,1009.3,330,4,1009.4,871,11,1009.5,5393,18
317,2025-11-26 13:03:01+05:30,1009.0,37,1000.41,6772803,389087.0,447231.0,986.2,1012.2,981.3,986.2,120378000,1084.8,887.6,1102.5,649.1,1008.8,487,5,1008.7,2658,8,1008.6,3901,16,1008.5,919,11,1008.4,2358,15,1009.0,12,1,1009.2,12,1,1009.3,330,4,1009.4,871,11,1009.5,5393,18
317,2025-11-26 13:03:01+05:30,1009.0,37,1000.41,6772852,390899.0,447709.0,986.2,1012.2,981.3,986.2,120378000,1084.8,887.6,1102.5,649.1,1008.8,440,4,1008.7,2746,10,1008.6,4644,15,1008.5,1042,13,1008.4,2321,14,1008.9,103,1,1009.0,11,1,1009.2,138,2,1009.3,515,7,1009.4,858,10
317,2025-11-26 13:03:02+05:30,1008.9,4,1000.41,6772883,390927.0,447910.0,986.2,1012.2,981.3,986.2,120378000,1084.8,887.6,1102.5,649.1,1008.8,440,4,1008.7,2746,10,1008.6,4644,15,1008.5,1070,14,1008.4,2321,14,1008.9,72,1,1009.2,138,2,1009.3,509,7,1009.4,858,10,1009.5,5419,20
317,2025-11-26 13:03:03+05:30,1008.9,4,1000.41,6772883,390927.0,447910.0,986.2,1012.2,981.3,986.2,120378000,1084.8,887.6,1102.5,649.1,1008.8,440,4,1008.7,2746,10,1008.6,4644,15,1008.5,1070,14,1008.4,2321,14,1008.9,72,1,1009.2,138,2,1009.3,509,7,1009.4,858,10,1009.5,5419,20
317,2025-11-26 13:03:03+05:30,1008.9,4,1000.41,6772883,390937.0,447939.0,986.2,1012.2,981.3,986.2,120378000,1084.8,887.6,1102.5,649.1,1008.8,440,4,1008.7,2746,10,1008.6,4644,15,1008.5,1070,14,1008.4,2321,14,1008.9,72,1,1009.2,138,2,1009.3,509,7,1009.4,858,10,1009.5,5419,20
317,2025-11-26 13:03:04+05:30,1008.9,4,1000.41,6772883,390292.0,447939.0,986.2,1012.2,981.3,986.2,120378000,1084.8,887.6,1102.5,649.1,1008.8,440,4,1008.7,2746,10,1008.6,3644,14,1008.5,1070,14,1008.4,1676,13,1008.9,72,1,1009.2,138,2,1009.3,509,7,1009.4,858,10,1009.5,5419,20
317,2025-11-26 13:03:05+05:30,1008.9,1,1000.41,6772883,390292.0,447939.0,986.2,1012.2,981.3,986.2,120378000,1084.8,887.6,1102.5,649.1,1008.8,440,4,1008.7,2746,10,1008.6,3644,14,1008.5,1070,14,1008.4,1676,13,1008.9,72,1,1009.2,138,2,1009.3,509,7,1009.4,858,10,1009.5,5419,20
317,2025-11-26 13:03:05+05:30,1008.9,1,1000.41,6773784,391222.0,448095.0,986.2,1012.2,981.3,986.2,120378000,1084.8,887.6,1102.5,649.1,1008.8,553,6,1008.7,2632,9,1008.6,3629,14,1008.5,1070,14,1008.4,2460,15,1008.9,37,1,1009.2,138,2,1009.3,494,9,1009.4,879,11,1009.5,5458,19
317,2025-11-26 13:03:06+05:30,1008.9,1,1000.41,6773784,391222.0,448095.0,986.2,1012.2,981.3,986.2,120378000,1084.8,887.6,1102.5,649.1,1008.8,553,6,1008.7,2632,9,1008.6,3629,14,1008.5,1070,14,1008.4,2460,15,1008.9,37,1,1009.2,138,2,1009.3,494,9,1009.4,879,11,1009.5,5458,19
317,2025-11-26 13:03:06+05:30,1008.8,41,1000.41,6774637,388096.0,445550.0,986.2,1012.2,981.3,986.2,120378000,1084.8,887.6,1102.5,649.1,1008.8,1238,8,1008.7,2632,9,1008.6,2729,10,1008.5,1091,13,1008.4,1845,15,1009.2,6,1,1009.3,143,2,1009.4,517,7,1009.5,5439,15,1009.6,865,14
317,2025-11-26 13:03:07+05:30,1009.4,130,1000.41,6774637,388096.0,445550.0,986.2,1012.2,981.3,986.2,120378000,1084.8,887.6,1102.5,649.1,1008.8,1238,8,1008.7,2632,9,1008.6,2729,10,1008.5,1091,13,1008.4,1845,15,1009.2,6,1,1009.3,143,2,1009.4,517,7,1009.5,5439,15,1009.6,865,14
317,2025-11-26 13:03:08+05:30,1009.4,130,1000.41,6775220,386348.0,444720.0,986.2,1012.2,981.3,986.2,120378000,1084.8,887.6,1102.5,649.1,1008.9,116,2,1008.8,1162,9,1008.7,1280,9,1008.6,3020,15,1008.5,1202,19,1009.4,246,6,1009.5,5275,13,1009.6,732,12,1009.7,672,10,1009.8,875,11
317,2025-11-26 13:03:08+05:30,1008.9,40,1000.41,6775260,387511.0,445271.0,986.2,1012.2,981.3,986.2,120378000,1084.8,887.6,1102.5,649.1,1008.9,89,3,1008.8,1601,8,1008.7,1368,9,1008.6,3108,17,1008.5,1202,19,1009.4,474,10,1009.5,5320,13,1009.6,878,13,1009.7,682,11,1009.8,865,10
317,2025-11-26 13:03:09+05:30,1009.4,7,1000.41,6775260,387511.0,445271.0,986.2,1012.2,981.3,986.2,120378000,1084.8,887.6,1102.5,649.1,1008.9,89,3,1008.8,1601,8,1008.7,1368,9,1008.6,3108,17,1008.5,1202,19,1009.4,474,10,1009.5,5320,13,1009.6,878,13,1009.7,682,11,1009.8,865,10
317,2025-11-26 13:03:10+05:30,1009.4,7,1000.41,6775513,387913.0,445193.0,986.2,1012.2,981.3,986.2,120378000,1084.8,887.6,1102.5,649.1,1008.9,198,4,1008.8,1677,9,1008.7,1368,9,1008.6,3108,17,1008.5,1202,19,1009.4,247,7,1009.5,5364,14,1009.6,799,8,1009.7,814,12,1009.8,944,15
317,2025-11-26 13:03:10+05:30,1009.4,1,1000.41,6775513,387913.0,445193.0,986.2,1012.2,981.3,986.2,120378000,1084.8,887.6,1102.5,649.1,1008.9,198,4,1008.8,1677,9,1008.7,1368,9,1008.6,3108,17,1008.5,1202,19,1009.4,247,7,1009.5,5364,14,1009.6,799,8,1009.7,814,12,1009.8,944,15
317,2025-11-26 13:03:11+05:30,1009.4,2,1000.41,6775541,387888.0,445192.0,986.2,1012.2,981.3,986.2,120378000,1084.8,887.6,1102.5,649.1,1008.9,173,3,1008.8,1677,9,1008.7,1366,8,1008.6,3110,18,1008.5,1202,19,1009.4,248,7,1009.5,5374,15,1009.6,801,9,1009.7,804,11,1009.8,944,15
317,2025-11-26 13:03:11+05:30,1009.4,2,1000.41,6775541,387888.0,445192.0,986.2,1012.2,981.3,986.2,120378000,1084.8,887.6,1102.5,649.1,1008.9,173,3,1008.8,1677,9,1008.7,1366,8,1008.6,3110,18,1008.5,1202,19,1009.4,248,7,1009.5,5374,15,1009.6,801,9,1009.7,804,11,1009.8,944,15
317,2025-11-26 13:03:12+05:30,1009.1,49,1000.41,6775590,390140.0,446484.0,986.2,1012.2,981.3,986.2,120378000,1084.8,887.6,1102.5,649.1,1008.9,64,2,1008.8,1124,9,1008.7,2164,10,1008.6,2957,15,1008.5,1192,18,1009.1,54,1,1009.4,310,8,1009.5,5495,16,1009.6,849,10,1009.7,838,12
317,2025-11-26 13:03:12+05:30,1009.1,49,1000.41,6775590,390140.0,446484.0,986.2,1012.2,981.3,986.2,120378000,1084.8,887.6,1102.5,649.1,1008.9,64,2,1008.8,1124,9,1008.7,2164,10,1008.6,2957,15,1008.5,1192,18,1009.1,54,1,1009.4,310,8,1009.5,5495,16,1009.6,849,10,1009.7,838,12
317,2025-11-26 13:03:13+05:30,1009.1,6,1000.41,6775631,391230.0,446762.0,986.2,1012.2,981.3,986.2,120378000,1084.8,887.6,1102.5,649.1,1008.9,181,5,1008.8,1216,10,1008.7,3047,12,1008.6,2957,15,1008.5,1192,18,1009.1,13,1,1009.4,200,6,1009.5,5461,16,1009.6,551,9,1009.7,1136,13
317,2025-11-26 13:03:13+05:30,1009.1,23,1000.41,6775631,391230.0,446762.0,986.2,1012.2,981.3,986.2,120378000,1084.8,887.6,1102.5,649.1,1008.9,181,5,1008.8,1216,10,1008.7,3047,12,1008.6,2957,15,1008.5,1192,18,1009.1,13,1,1009.4,200,6,1009.5,5461,16,1009.6,551,9,1009.7,1136,13
317,2025-11-26 13:03:14+05:30,1008.9,15,1000.41,6775733,391469.0,446674.0,986.2,1012.2,981.3,986.2,120378000,1084.8,887.6,1102.5,649.1,1008.9,13,1,1008.8,1048,8,1008.7,3019,12,1008.6,2972,15,1008.5,1192,18,1009.1,103,1,1009.3,410,3,1009.4,459,10,1009.5,5450,15,1009.6,862,10
317,2025-11-26 13:03:14+05:30,1009.1,1,1000.41,6775733,391469.0,446674.0,986.2,1012.2,981.3,986.2,120378000,1084.8,887.6,1102.5,649.1,1008.9,13,1,1008.8,1048,8,1008.7,3019,12,1008.6,2972,15,1008.5,1192,18,1009.1,103,1,1009.3,410,3,1009.4,459,10,1009.5,5450,15,1009.6,862,10
317,2025-11-26 13:03:15+05:30,1009.0,2,1000.41,6775919,391271.0,448112.0,986.2,1012.2,981.3,986.2,120378000,1084.8,887.6,1102.5,649.1,1008.8,991,5,1008.7,2878,10,1008.6,2998,15,1008.5,1124,17,1008.4,2448,14,1009.0,56,1,1009.1,82,1,1009.2,87,1,1009.3,508,4,1009.4,492,9
317,2025-11-26 13:03:15+05:30,1009.0,2,1000.41,6775919,391271.0,448112.0,986.2,1012.2,981.3,986.2,120378000,1084.8,887.6,1102.5,649.1,1008.8,991,5,1008.7,2878,10,1008.6,2998,15,1008.5,1124,17,1008.4,2448,14,1009.0,56,1,1009.1,82,1,1009.2,87,1,1009.3,508,4,1009.4,492,9
317,2025-11-26 13:03:16+05:30,1009.0,1,1000.41,6775921,391438.0,448326.0,986.2,1012.2,981.3,986.2,120378000,1084.8,887.6,1102.5,649.1,1008.8,991,5,1008.7,2878,10,1008.6,3022,16,1008.5,1124,17,1008.4,2490,16,1009.0,54,1,1009.1,83,2,1009.2,87,1,1009.3,508,4,1009.4,492,9
317,2025-11-26 13:03:16+05:30,1009.0,49,1000.41,6775921,391438.0,448326.0,986.2,1012.2,981.3,986.2,120378000,1084.8,887.6,1102.5,649.1,1008.8,991,5,1008.7,2878,10,1008.6,3022,16,1008.5,1124,17,1008.4,2490,16,1009.0,54,1,1009.1,83,2,1009.2,87,1,1009.3,508,4,1009.4,492,9
317,2025-11-26 13:03:17+05:30,1009.0,11,1000.41,6776871,389881.0,448562.0,986.2,1012.2,981.3,986.2,120378000,1084.8,887.6,1102.5,649.1,1008.8,750,1,1008.7,2418,7,1008.6,2907,14,1008.5,1052,15,1008.4,1874,16,1009.0,58,1,1009.1,1,1,1009.2,219,2,1009.3,508,4,1009.4,589,11
317,2025-11-26 13:03:17+05:30,1009.0,130,1000.41,6776871,389881.0,448562.0,986.2,1012.2,981.3,986.2,120378000,1084.8,887.6,1102.5,649.1,1008.8,750,1,1008.7,2418,7,1008.6,2907,14,1008.5,1052,15,1008.4,1874,16,1009.0,58,1,1009.1,1,1,1009.2,219,2,1009.3,508,4,1009.4,589,11
317,2025-11-26 13:03:18+05:30,1009.0,92,1000.42,6777093,391514.0,447100.0,986.2,1012.2,981.3,986.2,120378000,1084.8,887.6,1102.5,649.1,1009.0,21,1,1008.8,863,4,1008.7,2885,12,1008.6,2944,15,1008.5,1061,16,1009.1,1,1,1009.3,208,2,1009.4,274,6,1009.5,5362,14,1009.6,457,8
317,2025-11-26 13:03:18+05:30,1009.0,92,1000.42,6777093,391514.0,447100.0,986.2,1012.2,981.3,986.2,120378000,1084.8,887.6,1102.5,649.1,1009.0,21,1,1008.8,863,4,1008.7,2885,12,1008.6,2944,15,1008.5,1061,16,1009.1,1,1,1009.3,208,2,1009.4,274,6,1009.5,5362,14,1009.6,457,8
317,2025-11-26 13:03:19+05:30,1009.1,1,1000.42,6777104,391065.0,447028.0,986.2,1012.2,981.3,986.2,120378000,1084.8,887.6,1102.5,649.1,1009.0,11,1,1008.8,1081,7,1008.7,2601,8,1008.6,2166,13,1008.5,1732,12,1009.2,87,1,1009.3,300,3,1009.4,459,10,1009.5,5429,14,1009.6,877,9
317,2025-11-26 13:03:19+05:30,1009.1,1,1000.42,6777104,391065.0,447028.0,986.2,1012.2,981.3,986.2,120378000,1084.8,887.6,1102.5,649.1,1009.0,11,1,1008.8,1081,7,1008.7,2601,8,1008.6,2166,13,1008.5,1732,12,1009.2,87,1,1009.3,300,3,1009.4,459,10,1009.5,5429,14,1009.6,877,9
317,2025-11-26 13:03:20+05:30,1009.3,1,1000.42,6777105,390420.0,447350.0,986.2,1012.2,981.3,986.2,120378000,1084.8,887.6,1102.5,649.1,1009.0,11,1,1008.8,966,6,1008.7,1851,7,1008.6,2242,15,1008.5,1813,14,1009.3,382,5,1009.4,411,9,1009.5,5459,16,1009.6,877,9,1009.7,706,11
317,2025-11-26 13:03:20+05:30,1009.3,1,1000.42,6777105,390420.0,447350.0,986.2,1012.2,981.3,986.2,120378000,1084.8,887.6,1102.5,649.1,1009.0,11,1,1008.8,966,6,1008.7,1851,7,1008.6,2242,15,1008.5,1813,14,1009.3,382,5,1009.4,411,9,1009.5,5459,16,1009.6,877,9,1009.7,706,11
317,2025-11-26 13:03:21+05:30,1009.3,1,1000.42,6777116,390391.0,447666.0,986.2,1012.2,981.3,986.2,120378000,1084.8,887.6,1102.5,649.1,1009.0,1,1,1008.8,965,5,1008.7,1852,8,1008.6,2194,14,1008.5,1824,15,1009.2,198,1,1009.3,546,8,1009.4,463,9,1009.5,5511,17,1009.6,877,9
317,2025-11-26 13:03:21+05:30,1009.3,1,1000.42,6777116,390391.0,447666.0,986.2,1012.2,981.3,986.2,120378000,1084.8,887.6,1102.5,649.1,1009.0,1,1,1008.8,965,5,1008.7,1852,8,1008.6,2194,14,1008.5,1824,15,1009.2,198,1,1009.3,546,8,1009.4,463,9,1009.5,5511,17,1009.6,877,9
317,2025-11-26 13:03:22+05:30,1009.1,684,1000.42,6777801,391452.0,447886.0,986.2,1012.2,981.3,986.2,120378000,1084.8,887.6,1102.5,649.1,1009.1,66,1,1009.0,2,2,1008.8,866,3,1008.7,2654,9,1008.6,2944,15,1009.2,198,1,1009.3,489,6,1009.4,561,11,1009.5,5511,17,1009.6,841,9
317,2025-11-26 13:03:22+05:30,1009.1,684,1000.42,6777801,391452.0,447886.0,986.2,1012.2,981.3,986.2,120378000,1084.8,887.6,1102.5,649.1,1009.1,66,1,1009.0,2,2,1008.8,866,3,1008.7,2654,9,1008.6,2944,15,1009.2,198,1,1009.3,489,6,1009.4,561,11,1009.5,5511,17,1009.6,841,9
317,2025-11-26 13:03:23+05:30,1009.2,1,1000.42,6777843,390708.0,448158.0,986.2,1012.2,981.3,986.2,120378000,1084.8,887.6,1102.5,649.1,1009.1,78,2,1009.0,2,2,1008.8,866,3,1008.7,2006,9,1008.6,2944,15,1009.2,156,1,1009.3,333,4,1009.4,463,9,1009.5,5624,22,1009.6,1037,12
317,2025-11-26 13:03:23+05:30,1009.2,1,1000.42,6777843,390708.0,448158.0,986.2,1012.2,981.3,986.2,120378000,1084.8,887.6,1102.5,649.1,1009.1,78,2,1009.0,2,2,1008.8,866,3,1008.7,2006,9,1008.6,2944,15,1009.2,156,1,1009.3,333,4,1009.4,463,9,1009.5,5624,22,1009.6,1037,12
317,2025-11-26 13:03:24+05:30,1009.2,1,1000.42,6777843,390826.0,448169.0,986.2,1012.2,981.3,986.2,120378000,1084.8,887.6,1102.5,649.1,1009.1,78,2,1009.0,2,2,1008.8,866,3,1008.7,2005,8,1008.6,2944,15,1009.2,156,1,1009.3,333,4,1009.4,463,9,1009.5,5624,22,1009.6,1037,12
317,2025-11-26 13:03:25+05:30,1009.2,11,1000.42,6777843,390826.0,448169.0,986.2,1012.2,981.3,986.2,120378000,1084.8,887.6,1102.5,649.1,1009.1,78,2,1009.0,2,2,1008.8,866,3,1008.7,2005,8,1008.6,2944,15,1009.2,156,1,1009.3,333,4,1009.4,463,9,1009.5,5624,22,1009.6,1037,12
317,2025-11-26 13:03:25+05:30,1009.2,11,1000.42,6777870,390517.0,448165.0,986.2,1012.2,981.3,986.2,120378000,1084.8,887.6,1102.5,649.1,1009.1,78,2,1009.0,2,2,1008.8,866,3,1008.7,2005,8,1008.6,2944,15,1009.2,129,1,1009.3,380,5,1009.4,463,9,1009.5,5572,21,1009.6,1037,12
317,2025-11-26 13:03:26+05:30,1009.2,2,1000.42,6777870,390517.0,448165.0,986.2,1012.2,981.3,986.2,120378000,1084.8,887.6,1102.5,649.1,1009.1,78,2,1009.0,2,2,1008.8,866,3,1008.7,2005,8,1008.6,2944,15,1009.2,129,1,1009.3,380,5,1009.4,463,9,1009.5,5572,21,1009.6,1037,12
317,2025-11-26 13:03:26+05:30,1009.2,2,1000.42,6777872,391212.0,448073.0,986.2,1012.2,981.3,986.2,120378000,1084.8,887.6,1102.5,649.1,1009.1,78,2,1009.0,1,1,1008.9,85,1,1008.8,980,5,1008.7,2103,9,1009.2,127,1,1009.3,214,3,1009.4,275,7,1009.5,5487,20,1009.6,1060,13
317,2025-11-26 13:03:27+05:30,1009.2,2,1000.42,6777874,391117.0,448100.0,986.2,1012.2,981.3,986.2,120378000,1084.8,887.6,1102.5,649.1,1009.1,78,2,1009.0,1,1,1008.9,85,1,1008.8,951,4,1008.7,2103,9,1009.2,125,1,1009.3,214,3,1009.4,275,7,1009.5,5579,21,1009.6,1037,12
317,2025-11-26 13:03:27+05:30,1009.2,2,1000.42,6777874,391117.0,448100.0,986.2,1012.2,981.3,986.2,120378000,1084.8,887.6,1102.5,649.1,1009.1,78,2,1009.0,1,1,1008.9,85,1,1008.8,951,4,1008.7,2103,9,1009.2,125,1,1009.3,214,3,1009.4,275,7,1009.5,5579,21,1009.6,1037,12
317,2025-11-26 13:03:28+05:30,1009.2,2,1000.42,6777874,391182.0,448123.0,986.2,1012.2,981.3,986.2,120378000,1084.8,887.6,1102.5,649.1,1009.1,78,2,1009.0,1,1,1008.9,85,1,1008.8,951,4,1008.7,2103,9,1009.2,125,1,1009.3,214,3,1009.4,363,8,1009.5,5579,21,1009.6,1037,12
317,2025-11-26 13:03:29+05:30,1009.1,1,1000.42,6777874,391182.0,448123.0,986.2,1012.2,981.3,986.2,120378000,1084.8,887.6,1102.5,649.1,1009.1,78,2,1009.0,1,1,1008.9,85,1,1008.8,951,4,1008.7,2103,9,1009.2,125,1,1009.3,214,3,1009.4,363,8,1009.5,5579,21,1009.6,1037,12
317,2025-11-26 13:03:29+05:30,1009.1,1,1000.42,6777875,390259.0,447679.0,986.2,1012.2,981.3,986.2,120378000,1084.8,887.6,1102.5,649.1,1009.1,77,2,1009.0,1,1,1008.8,951,4,1008.7,2103,9,1008.6,3004,14,1009.2,125,1,1009.3,350,5,1009.4,412,9,1009.5,5579,21,1009.6,988,11
317,2025-11-26 13:03:30+05:30,1009.2,27,1000.42,6777875,390259.0,447679.0,986.2,1012.2,981.3,986.2,120378000,1084.8,887.6,1102.5,649.1,1009.1,77,2,1009.0,1,1,1008.8,951,4,1008.7,2103,9,1008.6,3004,14,1009.2,125,1,1009.3,350,5,1009.4,412,9,1009.5,5579,21,1009.6,988,11
317,2025-11-26 13:03:30+05:30,1009.2,27,1000.42,6777935,390517.0,447611.0,986.2,1012.2,981.3,986.2,120378000,1084.8,887.6,1102.5,649.1,1009.1,69,2,1009.0,1,1,1008.8,951,4,1008.7,2103,9,1008.6,3123,16,1009.2,76,2,1009.3,252,4,1009.4,541,11,1009.5,5456,15,1009.6,982,11
317,2025-11-26 13:03:31+05:30,1009.2,1,1000.42,6777935,390517.0,447611.0,986.2,1012.2,981.3,986.2,120378000,1084.8,887.6,1102.5,649.1,1009.1,69,2,1009.0,1,1,1008.8,951,4,1008.7,2103,9,1008.6,3123,16,1009.2,76,2,1009.3,252,4,1009.4,541,11,1009.5,5456,15,1009.6,982,11
317,2025-11-26 13:03:31+05:30,1009.2,1,1000.42,6777936,392904.0,447844.0,986.2,1012.2,981.3,986.2,120378000,1084.8,887.6,1102.5,649.1,1009.1,69,2,1009.0,889,3,1008.9,3135,6,1008.8,1267,13,1008.7,825,9,1009.2,75,2,1009.3,82,2,1009.4,228,7,1009.5,5411,14,1009.6,664,10
317,2025-11-26 13:03:32+05:30,1009.1,1,1000.42,6777936,392904.0,447844.0,986.2,1012.2,981.3,986.2,120378000,1084.8,887.6,1102.5,649.1,1009.1,69,2,1009.0,889,3,1008.9,3135,6,1008.8,1267,13,1008.7,825,9,1009.2,75,2,1009.3,82,2,1009.4,228,7,1009.5,5411,14,1009.6,664,10
317,2025-11-26 13:03:32+05:30,1009.1,1,1000.42,6778007,396435.0,447539.0,986.2,1012.2,981.3,986.2,120378000,1084.8,887.6,1102.5,649.1,1009.0,841,4,1008.9,3307,8,1008.8,2962,16,1008.7,851,10,1008.6,1660,11,1009.1,3,1,1009.2,75,2,1009.3,90,3,1009.4,183,6,1009.5,5412,15
317,2025-11-26 13:03:33+05:30,1009.1,23,1000.42,6778007,396435.0,447539.0,986.2,1012.2,981.3,986.2,120378000,1084.8,887.6,1102.5,649.1,1009.0,841,4,1008.9,3307,8,1008.8,2962,16,1008.7,851,10,1008.6,1660,11,1009.1,3,1,1009.2,75,2,1009.3,90,3,1009.4,183,6,1009.5,5412,15
317,2025-11-26 13:03:33+05:30,1009.1,23,1000.42,6778039,396379.0,447098.0,986.2,1012.2,981.3,986.2,120378000,1084.8,887.6,1102.5,649.1,1009.0,767,3,1008.9,3317,9,1008.8,2962,16,1008.7,851,10,1008.6,1562,11,1009.1,17,1,1009.2,124,3,1009.3,43,2,1009.4,183,6,1009.5,5407,15
317,2025-11-26 13:03:34+05:30,1009.1,1,1000.42,6778039,396379.0,447098.0,986.2,1012.2,981.3,986.2,120378000,1084.8,887.6,1102.5,649.1,1009.0,767,3,1008.9,3317,9,1008.8,2962,16,1008.7,851,10,1008.6,1562,11,1009.1,17,1,1009.2,124,3,1009.3,43,2,1009.4,183,6,1009.5,5407,15
317,2025-11-26 13:03:34+05:30,1009.1,1,1000.42,6778041,396247.0,447175.0,986.2,1012.2,981.3,986.2,120378000,1084.8,887.6,1102.5,649.1,1009.0,767,3,1008.9,3317,9,1008.8,2830,15,1008.7,851,10,1008.6,1562,11,1009.1,15,1,1009.2,124,3,1009.3,43,2,1009.4,749,7,1009.5,5407,15
317,2025-11-26 13:03:35+05:30,1009.1,59,1000.42,6778041,396247.0,447175.0,986.2,1012.2,981.3,986.2,120378000,1084.8,887.6,1102.5,649.1,1009.0,767,3,1008.9,3317,9,1008.8,2830,15,1008.7,851,10,1008.6,1562,11,1009.1,15,1,1009.2,124,3,1009.3,43,2,1009.4,749,7,1009.5,5407,15
317,2025-11-26 13:03:35+05:30,1009.5,1,1000.42,6778791,397593.0,443720.0,986.2,1012.2,981.3,986.2,120378000,1084.8,887.6,1102.5,649.1,1009.4,810,2,1009.1,364,4,1009.0,966,6,1008.9,3544,12,1008.8,2929,18,1009.5,4808,9,1009.6,283,5,1009.7,666,9,1009.8,529,13,1009.9,1148,14
317,2025-11-26 13:03:36+05:30,1009.5,30,1000.42,6778791,397593.0,443720.0,986.2,1012.2,981.3,986.2,120378000,1084.8,887.6,1102.5,649.1,1009.4,810,2,1009.1,364,4,1009.0,966,6,1008.9,3544,12,1008.8,2929,18,1009.5,4808,9,1009.6,283,5,1009.7,666,9,1009.8,529,13,1009.9,1148,14
317,2025-11-26 13:03:36+05:30,1009.4,141,1000.42,6779159,396264.0,444508.0,986.2,1012.2,981.3,986.2,120378000,1084.8,887.6,1102.5,649.1,1009.4,919,3,1009.2,1,1,1009.1,193,2,1009.0,979,7,1008.9,3108,14,1009.5,4641,9,1009.6,185,4,1009.7,500,6,1009.8,663,11,1009.9,1382,20
317,2025-11-26 13:03:37+05:30,1009.5,3,1000.42,6779159,396264.0,444508.0,986.2,1012.2,981.3,986.2,120378000,1084.8,887.6,1102.5,649.1,1009.4,919,3,1009.2,1,1,1009.1,193,2,1009.0,979,7,1008.9,3108,14,1009.5,4641,9,1009.6,185,4,1009.7,500,6,1009.8,663,11,1009.9,1382,20
317,2025-11-26 13:03:37+05:30,1009.5,3,1000.42,6779164,395388.0,444723.0,986.2,1012.2,981.3,986.2,120378000,1084.8,887.6,1102.5,649.1,1009.4,919,3,1009.1,108,1,1009.0,1000,8,1008.9,3108,14,1008.8,2327,18,1009.5,4636,9,1009.6,469,7,1009.7,633,8,1009.8,984,13,1009.9,1039,18
317,2025-11-26 13:03:38+05:30,1009.5,3,1000.42,6779164,395483.0,445302.0,986.2,1012.2,981.3,986.2,120378000,1084.8,887.6,1102.5,649.1,1009.4,919,3,1009.1,108,1,1009.0,987,7,1008.9,3108,14,1008.8,2327,18,1009.5,5155,14,1009.6,514,8,1009.7,637,9,1009.8,939,12,1009.9,1039,18
317,2025-11-26 13:03:39+05:30,1009.5,3,1000.42,6779164,395733.0,445288.0,986.2,1012.2,981.3,986.2,120378000,1084.8,887.6,1102.5,649.1,1009.4,935,4,1009.1,358,2,1009.0,971,6,1008.9,3108,14,1008.8,2327,18,1009.5,5045,12,1009.6,559,9,1009.7,637,9,1009.8,916,11,1009.9,1039,18
317,2025-11-26 13:03:40+05:30,1009.5,1,1000.42,6779164,395733.0,445288.0,986.2,1012.2,981.3,986.2,120378000,1084.8,887.6,1102.5,649.1,1009.4,935,4,1009.1,358,2,1009.0,971,6,1008.9,3108,14,1008.8,2327,18,1009.5,5045,12,1009.6,559,9,1009.7,637,9,1009.8,916,11,1009.9,1039,18
317,2025-11-26 13:03:40+05:30,1009.4,1,1000.42,6779166,395887.0,445258.0,986.2,1012.2,981.3,986.2,120378000,1084.8,887.6,1102.5,649.1,1009.4,934,4,1009.1,358,2,1009.0,971,6,1008.9,3108,14,1008.8,2453,19,1009.5,4986,11,1009.6,560,10,1009.7,637,9,1009.8,916,11,1009.9,1039,18
317,2025-11-26 13:03:41+05:30,1009.5,1,1000.42,6779166,395887.0,445258.0,986.2,1012.2,981.3,986.2,120378000,1084.8,887.6,1102.5,649.1,1009.4,934,4,1009.1,358,2,1009.0,971,6,1008.9,3108,14,1008.8,2453,19,1009.5,4986,11,1009.6,560,10,1009.7,637,9,1009.8,916,11,1009.9,1039,18
317,2025-11-26 13:03:41+05:30,1009.4,247,1000.42,6779416,396479.0,445118.0,986.2,1012.2,981.3,986.2,120378000,1084.8,887.6,1102.5,649.1,1009.4,687,4,1009.1,358,2,1009.0,1103,7,1008.9,3108,14,1008.8,3203,20,1009.5,4983,11,1009.6,421,8,1009.7,689,10,1009.8,922,11,1009.9,982,14
317,2025-11-26 13:03:42+05:30,1009.5,103,1000.42,6779416,396479.0,445118.0,986.2,1012.2,981.3,986.2,120378000,1084.8,887.6,1102.5,649.1,1009.4,687,4,1009.1,358,2,1009.0,1103,7,1008.9,3108,14,1008.8,3203,20,1009.5,4983,11,1009.6,421,8,1009.7,689,10,1009.8,922,11,1009.9,982,14
317,2025-11-26 13:03:42+05:30,1009.5,5,1000.42,6779528,396171.0,444942.0,986.2,1012.2,981.3,986.2,120378000,1084.8,887.6,1102.5,649.1,1009.4,687,4,1009.1,358,2,1009.0,1103,7,1008.9,3108,14,1008.8,3203,20,1009.5,4871,11,1009.6,421,8,1009.7,556,8,1009.8,638,10,1009.9,982,14
317,2025-11-26 13:03:43+05:30,1009.5,23,1000.42,6779528,396171.0,444942.0,986.2,1012.2,981.3,986.2,120378000,1084.8,887.6,1102.5,649.1,1009.4,687,4,1009.1,358,2,1009.0,1103,7,1008.9,3108,14,1008.8,3203,20,1009.5,4871,11,1009.6,421,8,1009.7,556,8,1009.8,638,10,1009.9,982,14
317,2025-11-26 13:03:43+05:30,1009.4,78,1000.42,6779674,396486.0,444923.0,986.2,1012.2,981.3,986.2,120378000,1084.8,887.6,1102.5,649.1,1009.4,564,4,1009.1,358,2,1009.0,1206,8,1008.9,3108,14,1008.8,3538,21,1009.5,4848,11,1009.6,421,8,1009.7,647,9,1009.8,961,12,1009.9,982,14
317,2025-11-26 13:03:44+05:30,1009.4,78,1000.42,6779674,396486.0,444923.0,986.2,1012.2,981.3,986.2,120378000,1084.8,887.6,1102.5,649.1,1009.4,564,4,1009.1,358,2,1009.0,1206,8,1008.9,3108,14,1008.8,3538,21,1009.5,4848,11,1009.6,421,8,1009.7,647,9,1009.8,961,12,1009.9,982,14
317,2025-11-26 13:03:44+05:30,1009.5,2,1000.42,6779676,397488.0,445290.0,986.2,1012.2,981.3,986.2,120378000,1084.8,887.6,1102.5,649.1,1009.4,564,4,1009.1,358,2,1009.0,1206,8,1008.9,3108,14,1008.8,3538,21,1009.5,4846,11,1009.6,428,9,1009.7,647,9,1009.8,961,12,1009.9,982,14
317,2025-11-26 13:03:45+05:30,1009.5,2,1000.42,6779676,397488.0,445290.0,986.2,1012.2,981.3,986.2,120378000,1084.8,887.6,1102.5,649.1,1009.4,564,4,1009.1,358,2,1009.0,1206,8,1008.9,3108,14,1008.8,3538,21,1009.5,4846,11,1009.6,428,9,1009.7,647,9,1009.8,961,12,1009.9,982,14
317,2025-11-26 13:03:45+05:30,1009.5,1,1000.42,6779680,397525.0,445331.0,986.2,1012.2,981.3,986.2,120378000,1084.8,887.6,1102.5,649.1,1009.4,563,4,1009.1,446,3,1009.0,1206,8,1008.9,3108,14,1008.8,3538,21,1009.5,4843,11,1009.6,427,8,1009.7,647,9,1009.8,961,12,1009.9,982,14
317,2025-11-26 13:03:46+05:30,1009.5,1,1000.42,6779680,397525.0,445331.0,986.2,1012.2,981.3,986.2,120378000,1084.8,887.6,1102.5,649.1,1009.4,563,4,1009.1,446,3,1009.0,1206,8,1008.9,3108,14,1008.8,3538,21,1009.5,4843,11,1009.6,427,8,1009.7,647,9,1009.8,961,12,1009.9,982,14
317,2025-11-26 13:03:46+05:30,1009.4,44,1000.42,6779724,397382.0,445668.0,986.2,1012.2,981.3,986.2,120378000,1084.8,887.6,1102.5,649.1,1009.4,519,4,1009.1,446,3,1009.0,971,6,1008.9,3026,13,1008.8,3538,21,1009.5,4843,11,1009.6,427,8,1009.7,657,10,1009.8,961,12,1009.9,982,14
317,2025-11-26 13:03:47+05:30,1009.4,7,1000.42,6779724,397382.0,445668.0,986.2,1012.2,981.3,986.2,120378000,1084.8,887.6,1102.5,649.1,1009.4,519,4,1009.1,446,3,1009.0,971,6,1008.9,3026,13,1008.8,3538,21,1009.5,4843,11,1009.6,427,8,1009.7,657,10,1009.8,961,12,1009.9,982,14
317,2025-11-26 13:03:48+05:30,1009.4,7,1000.42,6779731,397283.0,445446.0,986.2,1012.2,981.3,986.2,120378000,1084.8,887.6,1102.5,649.1,1009.4,512,4,1009.1,446,3,1009.0,981,7,1008.9,3026,13,1008.8,3538,21,1009.5,4843,11,1009.6,329,7,1009.7,562,9,1009.8,830,10,1009.9,1028,16
317,2025-11-26 13:03:49+05:30,1009.4,7,1000.42,6779731,397591.0,446061.0,986.2,1012.2,981.3,986.2,120378000,1084.8,887.6,1102.5,649.1,1009.4,512,4,1009.1,446,3,1009.0,981,7,1008.9,3105,18,1008.8,3459,16,1009.5,4843,11,1009.6,468,9,1009.7,657,10,1009.8,926,11,1009.9,1026,18
317,2025-11-26 13:03:50+05:30,1009.5,1,1000.42,6779732,397591.0,446100.0,986.2,1012.2,981.3,986.2,120378000,1084.8,887.6,1102.5,649.1,1009.4,512,4,1009.1,446,3,1009.0,981,7,1008.9,3105,18,1008.8,3459,16,1009.5,4842,11,1009.6,427,8,1009.7,698,11,1009.8,927,12,1009.9,1026,18
317,2025-11-26 13:03:50+05:30,1009.5,2,1000.42,6779732,397591.0,446100.0,986.2,1012.2,981.3,986.2,120378000,1084.8,887.6,1102.5,649.1,1009.4,512,4,1009.1,446,3,1009.0,981,7,1008.9,3105,18,1008.8,3459,16,1009.5,4842,11,1009.6,427,8,1009.7,698,11,1009.8,927,12,1009.9,1026,18
317,2025-11-26 13:03:51+05:30,1009.5,1,1000.42,6779923,396779.0,445279.0,986.2,1012.2,981.3,986.2,120378000,1084.8,887.6,1102.5,649.1,1009.4,339,4,1009.2,88,1,1009.1,446,3,1009.0,1211,9,1008.9,3183,20,1009.5,4631,10,1009.6,427,8,1009.7,566,9,1009.8,927,12,1009.9,1068,20
317,2025-11-26 13:03:51+05:30,1009.5,1,1000.42,6779923,396779.0,445279.0,986.2,1012.2,981.3,986.2,120378000,1084.8,887.6,1102.5,649.1,1009.4,339,4,1009.2,88,1,1009.1,446,3,1009.0,1211,9,1008.9,3183,20,1009.5,4631,10,1009.6,427,8,1009.7,566,9,1009.8,927,12,1009.9,1068,20
317,2025-11-26 13:03:52+05:30,1009.4,137,1000.42,6780074,396944.0,445844.0,986.2,1012.2,981.3,986.2,120378000,1084.8,887.6,1102.5,649.1,1009.4,188,3,1009.2,96,2,1009.1,446,3,1009.0,1211,9,1008.9,3183,20,1009.5,4781,11,1009.6,427,8,1009.7,566,9,1009.8,966,13,1009.9,1029,19
317,2025-11-26 13:03:52+05:30,1009.4,1,1000.42,6780074,396944.0,445844.0,986.2,1012.2,981.3,986.2,120378000,1084.8,887.6,1102.5,649.1,1009.4,188,3,1009.2,96,2,1009.1,446,3,1009.0,1211,9,1008.9,3183,20,1009.5,4781,11,1009.6,427,8,1009.7,566,9,1009.8,966,13,1009.9,1029,19
317,2025-11-26 13:03:53+05:30,1009.5,1,1000.42,6780108,396943.0,446547.0,986.2,1012.2,981.3,986.2,120378000,1084.8,887.6,1102.5,649.1,1009.4,187,3,1009.2,96,2,1009.1,446,3,1009.0,1211,9,1008.9,3183,20,1009.5,4748,11,1009.6,427,8,1009.7,566,9,1009.8,966,13,1009.9,1013,18
317,2025-11-26 13:03:53+05:30,1009.5,1,1000.42,6780108,396943.0,446547.0,986.2,1012.2,981.3,986.2,120378000,1084.8,887.6,1102.5,649.1,1009.4,187,3,1009.2,96,2,1009.1,446,3,1009.0,1211,9,1008.9,3183,20,1009.5,4748,11,1009.6,427,8,1009.7,566,9,1009.8,966,13,1009.9,1013,18
317,2025-11-26 13:03:54+05:30,1009.5,112,1000.42,6780220,396751.0,446461.0,986.2,1012.2,981.3,986.2,120378000,1084.8,887.6,1102.5,649.1,1009.4,187,3,1009.2,96,2,1009.1,446,3,1009.0,1211,9,1008.9,3183,20,1009.5,4636,11,1009.6,427,8,1009.7,566,9,1009.8,966,13,1009.9,1013,18
317,2025-11-26 13:03:54+05:30,1009.5,112,1000.42,6780220,396751.0,446461.0,986.2,1012.2,981.3,986.2,120378000,1084.8,887.6,1102.5,649.1,1009.4,187,3,1009.2,96,2,1009.1,446,3,1009.0,1211,9,1008.9,3183,20,1009.5,4636,11,1009.6,427,8,1009.7,566,9,1009.8,966,13,1009.9,1013,18
317,2025-11-26 13:03:55+05:30,1009.5,2,1000.42,6780222,396751.0,446378.0,986.2,1012.2,981.3,986.2,120378000,1084.8,887.6,1102.5,649.1,1009.4,187,3,1009.2,96,2,1009.1,446,3,1009.0,1211,9,1008.9,3183,20,1009.5,4634,11,1009.6,427,8,1009.7,566,9,1009.8,966,13,1009.9,1013,18
317,2025-11-26 13:03:55+05:30,1009.5,12,1000.42,6780222,396751.0,446378.0,986.2,1012.2,981.3,986.2,120378000,1084.8,887.6,1102.5,649.1,1009.4,187,3,1009.2,96,2,1009.1,446,3,1009.0,1211,9,1008.9,3183,20,1009.5,4634,11,1009.6,427,8,1009.7,566,9,1009.8,966,13,1009.9,1013,18
317,2025-11-26 13:03:56+05:30,1009.4,148,1000.42,6780429,396971.0,446281.0,986.2,1012.2,981.3,986.2,120378000,1084.8,887.6,1102.5,649.1,1009.4,39,3,1009.2,96,2,1009.1,446,3,1009.0,1211,9,1008.9,3183,20,1009.5,4575,11,1009.6,199,5,1009.7,476,7,1009.8,1013,13,1009.9,1051,19
317,2025-11-26 13:03:56+05:30,1009.4,148,1000.42,6780429,396971.0,446281.0,986.2,1012.2,981.3,986.2,120378000,1084.8,887.6,1102.5,649.1,1009.4,39,3,1009.2,96,2,1009.1,446,3,1009.0,1211,9,1008.9,3183,20,1009.5,4575,11,1009.6,199,5,1009.7,476,7,1009.8,1013,13,1009.9,1051,19
317,2025-11-26 13:03:57+05:30,1009.4,148,1000.42,6780429,396971.0,446335.0,986.2,1012.2,981.3,986.2,120378000,1084.8,887.6,1102.5,649.1,1009.4,39,3,1009.2,96,2,1009.1,446,3,1009.0,1211,9,1008.9,3183,20,1009.5,4575,11,1009.6,297,6,1009.7,515,8,1009.8,1013,13,1009.9,1012,18
317,2025-11-26 13:03:58+05:30,1009.4,148,1000.42,6780429,396963.0,446363.0,986.2,1012.2,981.3,986.2,120378000,1084.8,887.6,1102.5,649.1,1009.4,39,3,1009.2,96,2,1009.1,446,3,1009.0,1232,10,1008.9,3183,20,1009.5,4576,12,1009.6,297,6,1009.7,554,9,1009.8,1003,13,1009.9,1012,18
317,2025-11-26 13:03:59+05:30,1009.4,148,1000.42,6780429,396963.0,446387.0,986.2,1012.2,981.3,986.2,120378000,1084.8,887.6,1102.5,649.1,1009.4,39,3,1009.2,96,2,1009.1,446,3,1009.0,1232,10,1008.9,3183,20,1009.5,4576,12,1009.6,297,6,1009.7,554,9,1009.8,974,12,1009.9,1012,18
317,2025-11-26 13:03:59+05:30,1009.5,1,1000.42,6780429,396963.0,446387.0,986.2,1012.2,981.3,986.2,120378000,1084.8,887.6,1102.5,649.1,1009.4,39,3,1009.2,96,2,1009.1,446,3,1009.0,1232,10,1008.9,3183,20,1009.5,4576,12,1009.6,297,6,1009.7,554,9,1009.8,974,12,1009.9,1012,18
317,2025-11-26 13:04:00+05:30,1009.5,1,1000.42,6780432,396987.0,446882.0,986.2,1012.2,981.3,986.2,120378000,1084.8,887.6,1102.5,649.1,1009.4,39,3,1009.2,96,2,1009.1,446,3,1009.0,1258,12,1008.9,3157,18,1009.5,4573,12,1009.6,355,7,1009.7,515,8,1009.8,1009,13,1009.9,1012,18
317,2025-11-26 13:04:00+05:30,1009.4,8,1000.42,6780432,396987.0,446882.0,986.2,1012.2,981.3,986.2,120378000,1084.8,887.6,1102.5,649.1,1009.4,39,3,1009.2,96,2,1009.1,446,3,1009.0,1258,12,1008.9,3157,18,1009.5,4573,12,1009.6,355,7,1009.7,515,8,1009.8,1009,13,1009.9,1012,18
317,2025-11-26 13:04:01+05:30,1009.5,1,1000.42,6780441,396967.0,447156.0,986.2,1012.2,981.3,986.2,120378000,1084.8,887.6,1102.5,649.1,1009.4,131,4,1009.2,8,1,1009.1,446,3,1009.0,1258,12,1008.9,3157,18,1009.5,4572,12,1009.6,448,8,1009.7,598,9,1009.8,1036,14,1009.9,1012,18
317,2025-11-26 13:04:01+05:30,1009.5,1,1000.42,6780441,396967.0,447156.0,986.2,1012.2,981.3,986.2,120378000,1084.8,887.6,1102.5,649.1,1009.4,131,4,1009.2,8,1,1009.1,446,3,1009.0,1258,12,1008.9,3157,18,1009.5,4572,12,1009.6,448,8,1009.7,598,9,1009.8,1036,14,1009.9,1012,18
317,2025-11-26 13:04:02+05:30,1009.4,72,1000.42,6780544,396880.0,447183.0,986.2,1012.2,981.3,986.2,120378000,1084.8,887.6,1102.5,649.1,1009.4,44,2,1009.2,8,1,1009.1,446,3,1009.0,1258,12,1008.9,3157,18,1009.5,4572,12,1009.6,448,8,1009.7,598,9,1009.8,1031,14,1009.9,1012,18
317,2025-11-26 13:04:02+05:30,1009.4,72,1000.42,6780544,396880.0,447183.0,986.2,1012.2,981.3,986.2,120378000,1084.8,887.6,1102.5,649.1,1009.4,44,2,1009.2,8,1,1009.1,446,3,1009.0,1258,12,1008.9,3157,18,1009.5,4572,12,1009.6,448,8,1009.7,598,9,1009.8,1031,14,1009.9,1012,18
317,2025-11-26 13:04:03+05:30,1009.5,23,1000.42,6780575,396881.0,446774.0,986.2,1012.2,981.3,986.2,120378000,1084.8,887.6,1102.5,649.1,1009.4,44,2,1009.2,90,2,1009.1,446,3,1009.0,1258,12,1008.9,3157,18,1009.5,4541,12,1009.6,448,8,1009.7,633,10,1009.8,1000,14,1009.9,1012,18
317,2025-11-26 13:04:03+05:30,1009.5,23,1000.42,6780575,396881.0,446774.0,986.2,1012.2,981.3,986.2,120378000,1084.8,887.6,1102.5,649.1,1009.4,44,2,1009.2,90,2,1009.1,446,3,1009.0,1258,12,1008.9,3157,18,1009.5,4541,12,1009.6,448,8,1009.7,633,10,1009.8,1000,14,1009.9,1012,18
317,2025-11-26 13:04:04+05:30,1009.5,23,1000.42,6780575,396881.0,446586.0,986.2,1012.2,981.3,986.2,120378000,1084.8,887.6,1102.5,649.1,1009.4,44,2,1009.2,90,2,1009.1,446,3,1009.0,1258,12,1008.9,3157,18,1009.5,4541,12,1009.6,448,8,1009.7,633,10,1009.8,1000,14,1009.9,1012,18
317,2025-11-26 13:04:05+05:30,1009.4,120,1000.42,6780725,396567.0,446701.0,986.2,1012.2,981.3,986.2,120378000,1084.8,887.6,1102.5,649.1,1009.4,16,1,1009.2,8,1,1009.1,358,2,1009.0,1258,12,1008.9,3157,18,1009.5,4539,12,1009.6,557,11,1009.7,559,8,1009.8,1024,15,1009.9,1012,18
317,2025-11-26 13:04:05+05:30,1009.4,120,1000.42,6780725,396567.0,446701.0,986.2,1012.2,981.3,986.2,120378000,1084.8,887.6,1102.5,649.1,1009.4,16,1,1009.2,8,1,1009.1,358,2,1009.0,1258,12,1008.9,3157,18,1009.5,4539,12,1009.6,557,11,1009.7,559,8,1009.8,1024,15,1009.9,1012,18
317,2025-11-26 13:04:06+05:30,1009.4,1,1000.42,6780727,396822.0,446760.0,986.2,1012.2,981.3,986.2,120378000,1084.8,887.6,1102.5,649.1,1009.4,28,2,1009.2,8,1,1009.1,358,2,1009.0,1258,12,1008.9,3157,18,1009.5,4583,13,1009.6,512,10,1009.7,559,8,1009.8,1024,15,1009.9,1012,18
317,2025-11-26 13:04:06+05:30,1009.4,1,1000.42,6780727,396822.0,446760.0,986.2,1012.2,981.3,986.2,120378000,1084.8,887.6,1102.5,649.1,1009.4,28,2,1009.2,8,1,1009.1,358,2,1009.0,1258,12,1008.9,3157,18,1009.5,4583,13,1009.6,512,10,1009.7,559,8,1009.8,1024,15,1009.9,1012,18
317,2025-11-26 13:04:07+05:30,1009.1,18,1000.42,6780787,396625.0,446817.0,986.2,1012.2,981.3,986.2,120378000,1084.8,887.6,1102.5,649.1,1009.1,414,3,1009.0,1283,13,1008.9,3150,18,1008.8,2630,13,1008.7,1124,11,1009.5,4583,13,1009.6,482,10,1009.7,707,10,1009.8,1000,14,1009.9,1062,18
317,2025-11-26 13:04:07+05:30,1009.1,18,1000.42,6780787,396625.0,446817.0,986.2,1012.2,981.3,986.2,120378000,1084.8,887.6,1102.5,649.1,1009.1,414,3,1009.0,1283,13,1008.9,3150,18,1008.8,2630,13,1008.7,1124,11,1009.5,4583,13,1009.6,482,10,1009.7,707,10,1009.8,1000,14,1009.9,1062,18
317,2025-11-26 13:04:08+05:30,1009.5,5,1000.42,6780792,393985.0,446475.0,986.2,1012.2,981.3,986.2,120378000,1084.8,887.6,1102.5,649.1,1009.1,459,5,1009.0,1283,13,1008.9,3150,18,1008.8,2343,13,1008.7,1124,11,1009.5,4678,14,1009.6,310,7,1009.7,577,8,1009.8,1009,13,1009.9,962,17
317,2025-11-26 13:04:08+05:30,1009.5,1,1000.42,6780792,393985.0,446475.0,986.2,1012.2,981.3,986.2,120378000,1084.8,887.6,1102.5,649.1,1009.1,459,5,1009.0,1283,13,1008.9,3150,18,1008.8,2343,13,1008.7,1124,11,1009.5,4678,14,1009.6,310,7,1009.7,577,8,1009.8,1009,13,1009.9,962,17
317,2025-11-26 13:04:09+05:30,1009.5,1,1000.42,6780793,393846.0,446473.0,986.2,1012.2,981.3,986.2,120378000,1084.8,887.6,1102.5,649.1,1009.1,384,4,1009.0,1283,13,1008.9,3150,18,1008.8,2383,14,1008.7,1124,11,1009.5,4677,14,1009.6,252,6,1009.7,668,8,1009.8,1067,14,1009.9,962,17
317,2025-11-26 13:04:09+05:30,1009.1,147,1000.42,6780793,393846.0,446473.0,986.2,1012.2,981.3,986.2,120378000,1084.8,887.6,1102.5,649.1,1009.1,384,4,1009.0,1283,13,1008.9,3150,18,1008.8,2383,14,1008.7,1124,11,1009.5,4677,14,1009.6,252,6,1009.7,668,8,1009.8,1067,14,1009.9,962,17
317,2025-11-26 13:04:10+05:30,1009.1,63,1000.42,6781003,393462.0,446650.0,986.2,1012.2,981.3,986.2,120378000,1084.8,887.6,1102.5,649.1,1009.1,40,1,1009.0,1198,12,1008.9,3090,18,1008.8,2383,14,1008.7,1124,11,1009.5,4677,14,1009.6,382,10,1009.7,668,8,1009.8,1032,13,1009.9,955,16
317,2025-11-26 13:04:10+05:30,1009.5,1,1000.42,6781003,393462.0,446650.0,986.2,1012.2,981.3,986.2,120378000,1084.8,887.6,1102.5,649.1,1009.1,40,1,1009.0,1198,12,1008.9,3090,18,1008.8,2383,14,1008.7,1124,11,1009.5,4677,14,1009.6,382,10,1009.7,668,8,1009.8,1032,13,1009.9,955,16
317,2025-11-26 13:04:10+05:30,1009.5,2,1000.42,6781006,394505.0,446462.0,986.2,1012.2,981.3,986.2,120378000,1084.8,887.6,1102.5,649.1,1009.4,1,1,1009.1,150,2,1009.0,1167,11,1008.9,3051,17,1008.8,3067,14,1009.5,4674,14,1009.6,473,10,1009.7,590,8,1009.8,1063,15,1009.9,890,15
317,2025-11-26 13:04:11+05:30,1009.5,1,1000.42,6781006,394505.0,446462.0,986.2,1012.2,981.3,986.2,120378000,1084.8,887.6,1102.5,649.1,1009.4,1,1,1009.1,150,2,1009.0,1167,11,1008.9,3051,17,1008.8,3067,14,1009.5,4674,14,1009.6,473,10,1009.7,590,8,1009.8,1063,15,1009.9,890,15
317,2025-11-26 13:04:11+05:30,1009.4,103,1000.42,6781112,394067.0,445154.0,986.2,1012.2,981.3,986.2,120378000,1084.8,887.6,1102.5,649.1,1009.2,35,1,1009.1,142,3,1009.0,1349,15,1008.9,3055,16,1008.8,2417,14,1009.4,8,1,1009.5,4673,14,1009.6,163,5,1009.7,415,5,1009.8,554,9
317,2025-11-26 13:04:12+05:30,1009.4,103,1000.42,6781112,394067.0,445154.0,986.2,1012.2,981.3,986.2,120378000,1084.8,887.6,1102.5,649.1,1009.2,35,1,1009.1,142,3,1009.0,1349,15,1008.9,3055,16,1008.8,2417,14,1009.4,8,1,1009.5,4673,14,1009.6,163,5,1009.7,415,5,1009.8,554,9
317,2025-11-26 13:04:12+05:30,1009.4,4,1000.42,6781120,395637.0,445411.0,986.2,1012.2,981.3,986.2,120378000,1084.8,887.6,1102.5,649.1,1009.4,4,2,1009.2,49,1,1009.1,496,6,1009.0,1208,13,1008.9,3090,17,1009.5,4673,14,1009.6,163,5,1009.7,343,5,1009.8,710,10,1009.9,1187,15
317,2025-11-26 13:04:13+05:30,1009.5,25,1000.42,6781120,395637.0,445411.0,986.2,1012.2,981.3,986.2,120378000,1084.8,887.6,1102.5,649.1,1009.4,4,2,1009.2,49,1,1009.1,496,6,1009.0,1208,13,1008.9,3090,17,1009.5,4673,14,1009.6,163,5,1009.7,343,5,1009.8,710,10,1009.9,1187,15
317,2025-11-26 13:04:13+05:30,1009.4,7,1000.42,6781272,395181.0,445259.0,986.2,1012.2,981.3,986.2,120378000,1084.8,887.6,1102.5,649.1,1009.2,161,3,1009.1,441,5,1009.0,1384,15,1008.9,3146,17,1008.8,2445,15,1009.4,8,1,1009.5,4549,14,1009.6,210,5,1009.7,254,3,1009.8,908,10
317,2025-11-26 13:04:14+05:30,1009.4,7,1000.42,6781272,395181.0,445259.0,986.2,1012.2,981.3,986.2,120378000,1084.8,887.6,1102.5,649.1,1009.2,161,3,1009.1,441,5,1009.0,1384,15,1008.9,3146,17,1008.8,2445,15,1009.4,8,1,1009.5,4549,14,1009.6,210,5,1009.7,254,3,1009.8,908,10
317,2025-11-26 13:04:14+05:30,1009.4,3,1000.42,6781275,395096.0,444906.0,986.2,1012.2,981.3,986.2,120378000,1084.8,887.6,1102.5,649.1,1009.3,112,1,1009.2,126,2,1009.1,476,6,1009.0,1384,15,1008.9,3146,17,1009.4,8,2,1009.5,4549,14,1009.6,210,5,1009.7,289,4,1009.8,873,9
317,2025-11-26 13:04:15+05:30,1009.4,3,1000.42,6781275,395096.0,444906.0,986.2,1012.2,981.3,986.2,120378000,1084.8,887.6,1102.5,649.1,1009.3,112,1,1009.2,126,2,1009.1,476,6,1009.0,1384,15,1008.9,3146,17,1009.4,8,2,1009.5,4549,14,1009.6,210,5,1009.7,289,4,1009.8,873,9
317,2025-11-26 13:04:15+05:30,1009.4,1,1000.42,6781281,394930.0,444957.0,986.2,1012.2,981.3,986.2,120378000,1084.8,887.6,1102.5,649.1,1009.3,112,1,1009.2,126,2,1009.1,476,6,1009.0,1349,14,1008.9,3181,18,1009.4,10,2,1009.5,4549,14,1009.6,210,5,1009.7,289,4,1009.8,906,11
317,2025-11-26 13:04:16+05:30,1009.3,1,1000.42,6781281,394930.0,444957.0,986.2,1012.2,981.3,986.2,120378000,1084.8,887.6,1102.5,649.1,1009.3,112,1,1009.2,126,2,1009.1,476,6,1009.0,1349,14,1008.9,3181,18,1009.4,10,2,1009.5,4549,14,1009.6,210,5,1009.7,289,4,1009.8,906,11
317,2025-11-26 13:04:16+05:30,1009.3,1,1000.42,6781282,394664.0,445199.0,986.2,1012.2,981.3,986.2,120378000,1084.8,887.6,1102.5,649.1,1009.3,111,1,1009.2,126,2,1009.1,211,4,1009.0,1349,14,1008.9,3181,18,1009.4,10,2,1009.5,4549,14,1009.6,210,5,1009.7,319,5,1009.8,876,10
317,2025-11-26 13:04:17+05:30,1009.4,1,1000.42,6781282,394664.0,445199.0,986.2,1012.2,981.3,986.2,120378000,1084.8,887.6,1102.5,649.1,1009.3,111,1,1009.2,126,2,1009.1,211,4,1009.0,1349,14,1008.9,3181,18,1009.4,10,2,1009.5,4549,14,1009.6,210,5,1009.7,319,5,1009.8,876,10
317,2025-11-26 13:04:17+05:30,1009.4,1,1000.42,6781430,394240.0,446111.0,986.2,1012.2,981.3,986.2,120378000,1084.8,887.6,1102.5,649.1,1009.1,40,1,1009.0,1302,13,1008.9,3081,18,1008.8,2286,13,1008.7,1124,11,1009.4,39,3,1009.5,4549,14,1009.6,256,8,1009.7,410,6,1009.8,961,12
317,2025-11-26 13:04:18+05:30,1009.4,1,1000.42,6781430,394211.0,446245.0,986.2,1012.2,981.3,986.2,120378000,1084.8,887.6,1102.5,649.1,1009.1,40,1,1009.0,1302,13,1008.9,3081,18,1008.8,2245,13,1008.7,1124,11,1009.4,39,3,1009.5,4549,14,1009.6,256,8,1009.7,410,6,1009.8,961,12
317,2025-11-26 13:04:19+05:30,1009.4,1,1000.42,6781430,395943.0,446266.0,986.2,1012.2,981.3,986.2,120378000,1084.8,887.6,1102.5,649.1,1009.1,1011,6,1009.0,2959,18,1008.9,2938,16,1008.8,840,11,1008.7,1124,11,1009.4,9,2,1009.5,4549,14,1009.6,221,7,1009.7,485,7,1009.8,756,12
317,2025-11-26 13:04:20+05:30,1009.4,42,1000.42,6781430,395943.0,446266.0,986.2,1012.2,981.3,986.2,120378000,1084.8,887.6,1102.5,649.1,1009.1,1011,6,1009.0,2959,18,1008.9,2938,16,1008.8,840,11,1008.7,1124,11,1009.4,9,2,1009.5,4549,14,1009.6,221,7,1009.7,485,7,1009.8,756,12
317,2025-11-26 13:04:21+05:30,1009.5,1,1000.42,6781481,395539.0,445654.0,986.2,1012.2,981.3,986.2,120378000,1084.8,887.6,1102.5,649.1,1009.1,1143,8,1009.0,2241,17,1008.9,2938,16,1008.8,1008,13,1008.7,1141,13,1009.5,4541,14,1009.6,213,6,1009.7,255,3,1009.8,653,10,1009.9,1182,16
317,2025-11-26 13:04:21+05:30,1009.5,1,1000.42,6781481,395539.0,445654.0,986.2,1012.2,981.3,986.2,120378000,1084.8,887.6,1102.5,649.1,1009.1,1143,8,1009.0,2241,17,1008.9,2938,16,1008.8,1008,13,1008.7,1141,13,1009.5,4541,14,1009.6,213,6,1009.7,255,3,1009.8,653,10,1009.9,1182,16
317,2025-11-26 13:04:22+05:30,1009.5,1,1000.42,6781481,396213.0,445871.0,986.2,1012.2,981.3,986.2,120378000,1084.8,887.6,1102.5,649.1,1009.1,1192,7,1009.0,2110,16,1008.9,2969,17,1008.8,1008,13,1008.7,1131,12,1009.3,10,1,1009.5,4541,14,1009.6,213,6,1009.7,443,5,1009.8,951,11
317,2025-11-26 13:04:23+05:30,1009.3,4,1000.42,6781489,396962.0,446093.0,986.2,1012.2,981.3,986.2,120378000,1084.8,887.6,1102.5,649.1,1009.1,1192,7,1009.0,2859,16,1008.9,2969,17,1008.8,1008,13,1008.7,1131,12,1009.3,54,2,1009.4,59,1,1009.5,4541,14,1009.6,153,5,1009.7,443,5
317,2025-11-26 13:04:23+05:30,1009.3,21,1000.42,6781489,396962.0,446093.0,986.2,1012.2,981.3,986.2,120378000,1084.8,887.6,1102.5,649.1,1009.1,1192,7,1009.0,2859,16,1008.9,2969,17,1008.8,1008,13,1008.7,1131,12,1009.3,54,2,1009.4,59,1,1009.5,4541,14,1009.6,153,5,1009.7,443,5
317,2025-11-26 13:04:24+05:30,1009.3,7,1000.42,6781519,396963.0,446070.0,986.2,1012.2,981.3,986.2,120378000,1084.8,887.6,1102.5,649.1,1009.1,1205,8,1009.0,2859,16,1008.9,2969,17,1008.8,1008,13,1008.7,1131,12,1009.3,34,2,1009.4,59,1,1009.5,4541,14,1009.6,153,5,1009.7,443,5
317,2025-11-26 13:04:24+05:30,1009.3,7,1000.42,6781519,396963.0,446070.0,986.2,1012.2,981.3,986.2,120378000,1084.8,887.6,1102.5,649.1,1009.1,1205,8,1009.0,2859,16,1008.9,2969,17,1008.8,1008,13,1008.7,1131,12,1009.3,34,2,1009.4,59,1,1009.5,4541,14,1009.6,153,5,1009.7,443,5
317,2025-11-26 13:04:25+05:30,1009.3,1,1000.42,6781535,397213.0,446100.0,986.2,1012.2,981.3,986.2,120378000,1084.8,887.6,1102.5,649.1,1009.1,1299,9,1009.0,3015,17,1008.9,2969,17,1008.8,1008,13,1008.7,1131,12,1009.3,18,2,1009.4,59,1,1009.5,4541,14,1009.6,153,5,1009.7,443,5
317,2025-11-26 13:04:25+05:30,1009.3,4,1000.42,6781535,397213.0,446100.0,986.2,1012.2,981.3,986.2,120378000,1084.8,887.6,1102.5,649.1,1009.1,1299,9,1009.0,3015,17,1008.9,2969,17,1008.8,1008,13,1008.7,1131,12,1009.3,18,2,1009.4,59,1,1009.5,4541,14,1009.6,153,5,1009.7,443,5
317,2025-11-26 13:04:26+05:30,1009.3,1,1000.42,6781535,397213.0,446100.0,986.2,1012.2,981.3,986.2,120378000,1084.8,887.6,1102.5,649.1,1009.1,1299,9,1009.0,3015,17,1008.9,2969,17,1008.8,1008,13,1008.7,1131,12,1009.3,18,2,1009.4,59,1,1009.5,4541,14,1009.6,153,5,1009.7,443,5
317,2025-11-26 13:04:26+05:30,1009.3,1,1000.42,6781697,396143.0,446466.0,986.2,1012.2,981.3,986.2,120378000,1084.8,887.6,1102.5,649.1,1009.1,842,4,1009.0,2859,16,1008.9,3001,18,1008.8,1008,13,1008.7,1131,12,1009.3,55,2,1009.4,59,1,1009.5,4541,14,1009.6,153,5,1009.7,444,6
317,2025-11-26 13:04:27+05:30,1009.3,2,1000.42,6781697,396143.0,446466.0,986.2,1012.2,981.3,986.2,120378000,1084.8,887.6,1102.5,649.1,1009.1,842,4,1009.0,2859,16,1008.9,3001,18,1008.8,1008,13,1008.7,1131,12,1009.3,55,2,1009.4,59,1,1009.5,4541,14,1009.6,153,5,1009.7,444,6
317,2025-11-26 13:04:27+05:30,1009.3,2,1000.42,6781781,396064.0,446834.0,986.2,1012.2,981.3,986.2,120378000,1084.8,887.6,1102.5,649.1,1009.1,763,2,1009.0,2859,16,1008.9,3001,18,1008.8,1008,13,1008.7,1131,12,1009.3,46,1,1009.4,59,1,1009.5,4541,14,1009.6,153,5,1009.7,465,7
317,2025-11-26 13:04:28+05:30,1009.3,2,1000.42,6781781,396064.0,446898.0,986.2,1012.2,981.3,986.2,120378000,1084.8,887.6,1102.5,649.1,1009.1,763,2,1009.0,2859,16,1008.9,3001,18,1008.8,1008,13,1008.7,1131,12,1009.3,46,1,1009.4,59,1,1009.5,4541,14,1009.6,153,5,1009.7,465,7
317,2025-11-26 13:04:29+05:30,1009.3,7,1000.42,6781788,396064.0,447520.0,986.2,1012.2,981.3,986.2,120378000,1084.8,887.6,1102.5,649.1,1009.1,763,2,1009.0,2859,16,1008.9,3001,18,1008.8,1008,13,1008.7,1131,12,1009.3,39,1,1009.4,59,1,1009.5,4620,15,1009.6,252,6,1009.7,465,7
317,2025-11-26 13:04:30+05:30,1009.1,8,1000.42,6781788,396064.0,447520.0,986.2,1012.2,981.3,986.2,120378000,1084.8,887.6,1102.5,649.1,1009.1,763,2,1009.0,2859,16,1008.9,3001,18,1008.8,1008,13,1008.7,1131,12,1009.3,39,1,1009.4,59,1,1009.5,4620,15,1009.6,252,6,1009.7,465,7
317,2025-11-26 13:04:30+05:30,1009.3,1,1000.42,6781854,396390.0,446984.0,986.2,1012.2,981.3,986.2,120378000,1084.8,887.6,1102.5,649.1,1009.1,1030,7,1009.0,3012,17,1008.9,2969,17,1008.8,1008,13,1008.7,1131,12,1009.3,50,1,1009.4,59,1,1009.5,4541,14,1009.6,252,6,1009.7,425,6
317,2025-11-26 13:04:31+05:30,1009.3,1,1000.42,6781854,396390.0,446984.0,986.2,1012.2,981.3,986.2,120378000,1084.8,887.6,1102.5,649.1,1009.1,1030,7,1009.0,3012,17,1008.9,2969,17,1008.8,1008,13,1008.7,1131,12,1009.3,50,1,1009.4,59,1,1009.5,4541,14,1009.6,252,6,1009.7,425,6
317,2025-11-26 13:04:31+05:30,1009.3,1,1000.42,6781855,396670.0,448394.0,986.2,1012.2,981.3,986.2,120378000,1084.8,887.6,1102.5,649.1,1009.1,1001,6,1009.0,3041,18,1008.9,3688,17,1008.8,1008,13,1008.7,1131,12,1009.2,8,1,1009.3,54,2,1009.4,139,2,1009.5,4541,14,1009.6,252,6
317,2025-11-26 13:04:33+05:30,1009.3,1,1000.42,6782624,397864.0,446750.0,986.2,1012.2,981.3,986.2,120378000,1084.8,887.6,1102.5,649.1,1009.3,1,1,1009.2,5,3,1009.1,5,1,1009.0,994,7,1008.9,3359,11,1009.4,29,1,1009.5,4834,17,1009.6,603,10,1009.7,594,8,1009.8,950,10
317,2025-11-26 13:04:33+05:30,1009.5,116,1000.42,6782624,397864.0,446750.0,986.2,1012.2,981.3,986.2,120378000,1084.8,887.6,1102.5,649.1,1009.3,1,1,1009.2,5,3,1009.1,5,1,1009.0,994,7,1008.9,3359,11,1009.4,29,1,1009.5,4834,17,1009.6,603,10,1009.7,594,8,1009.8,950,10
317,2025-11-26 13:04:34+05:30,1009.1,107,1000.42,6782887,396712.0,447188.0,986.2,1012.2,981.3,986.2,120378000,1084.8,887.6,1102.5,649.1,1009.1,100,2,1009.0,1119,9,1008.9,2777,12,1008.8,1242,8,1008.7,1122,11,1009.5,4769,18,1009.6,617,12,1009.7,548,7,1009.8,1027,10,1009.9,748,16
317,2025-11-26 13:04:34+05:30,1009.1,107,1000.42,6782887,396712.0,447188.0,986.2,1012.2,981.3,986.2,120378000,1084.8,887.6,1102.5,649.1,1009.1,100,2,1009.0,1119,9,1008.9,2777,12,1008.8,1242,8,1008.7,1122,11,1009.5,4769,18,1009.6,617,12,1009.7,548,7,1009.8,1027,10,1009.9,748,16
317,2025-11-26 13:04:35+05:30,1009.5,1,1000.42,6782890,396748.0,447306.0,986.2,1012.2,981.3,986.2,120378000,1084.8,887.6,1102.5,649.1,1009.2,112,1,1009.1,10,2,1009.0,1119,9,1008.9,2772,11,1008.8,1268,10,1009.5,4546,15,1009.6,583,10,1009.7,611,10,1009.8,1037,12,1009.9,753,17
317,2025-11-26 13:04:35+05:30,1009.5,1,1000.42,6782890,396748.0,447306.0,986.2,1012.2,981.3,986.2,120378000,1084.8,887.6,1102.5,649.1,1009.2,112,1,1009.1,10,2,1009.0,1119,9,1008.9,2772,11,1008.8,1268,10,1009.5,4546,15,1009.6,583,10,1009.7,611,10,1009.8,1037,12,1009.9,753,17
317,2025-11-26 13:04:36+05:30,1009.5,1,1000.42,6782898,396748.0,447229.0,986.2,1012.2,981.3,986.2,120378000,1084.8,887.6,1102.5,649.1,1009.2,112,1,1009.1,10,2,1009.0,1119,9,1008.9,2772,11,1008.8,1268,10,1009.5,4538,15,1009.6,583,10,1009.7,611,10,1009.8,1037,12,1009.9,753,17
317,2025-11-26 13:04:36+05:30,1009.5,1,1000.42,6782898,396748.0,447229.0,986.2,1012.2,981.3,986.2,120378000,1084.8,887.6,1102.5,649.1,1009.2,112,1,1009.1,10,2,1009.0,1119,9,1008.9,2772,11,1008.8,1268,10,1009.5,4538,15,1009.6,583,10,1009.7,611,10,1009.8,1037,12,1009.9,753,17
317,2025-11-26 13:04:37+05:30,1009.5,1,1000.42,6782898,396748.0,447229.0,986.2,1012.2,981.3,986.2,120378000,1084.8,887.6,1102.5,649.1,1009.2,112,1,1009.1,10,2,1009.0,1119,9,1008.9,2772,11,1008.8,1268,10,1009.5,4538,15,1009.6,583,10,1009.7,611,10,1009.8,1037,12,1009.9,753,17
317,2025-11-26 13:04:37+05:30,1009.5,1,1000.42,6782899,397222.0,447198.0,986.2,1012.2,981.3,986.2,120378000,1084.8,887.6,1102.5,649.1,1009.3,50,1,1009.2,116,2,1009.1,6,1,1009.0,1119,9,1008.9,2772,11,1009.5,4537,15,1009.6,583,10,1009.7,611,10,1009.8,1037,12,1009.9,753,17
317,2025-11-26 13:04:38+05:30,1009.4,1,1000.42,6782899,397222.0,447198.0,986.2,1012.2,981.3,986.2,120378000,1084.8,887.6,1102.5,649.1,1009.3,50,1,1009.2,116,2,1009.1,6,1,1009.0,1119,9,1008.9,2772,11,1009.5,4537,15,1009.6,583,10,1009.7,611,10,1009.8,1037,12,1009.9,753,17
317,2025-11-26 13:04:38+05:30,1009.4,1,1000.42,6782900,397799.0,447009.0,986.2,1012.2,981.3,986.2,120378000,1084.8,887.6,1102.5,649.1,1009.4,111,1,1009.3,50,1,1009.2,4,1,1009.1,11,2,1009.0,1140,10,1009.5,4388,14,1009.6,471,9,1009.7,582,9,1009.8,1037,12,1009.9,950,18
317,2025-11-26 13:04:39+05:30,1009.4,13,1000.42,6782900,397799.0,447009.0,986.2,1012.2,981.3,986.2,120378000,1084.8,887.6,1102.5,649.1,1009.4,111,1,1009.3,50,1,1009.2,4,1,1009.1,11,2,1009.0,1140,10,1009.5,4388,14,1009.6,471,9,1009.7,582,9,1009.8,1037,12,1009.9,950,18
317,2025-11-26 13:04:39+05:30,1009.4,13,1000.42,6782922,397883.0,447170.0,986.2,1012.2,981.3,986.2,120378000,1084.8,887.6,1102.5,649.1,1009.4,102,2,1009.3,50,1,1009.1,81,3,1009.0,1140,10,1008.9,2772,11,1009.5,4359,13,1009.6,442,8,1009.7,611,10,1009.8,1037,12,1009.9,963,19
317,2025-11-26 13:04:40+05:30,1009.5,2,1000.42,6782922,397883.0,447170.0,986.2,1012.2,981.3,986.2,120378000,1084.8,887.6,1102.5,649.1,1009.4,102,2,1009.3,50,1,1009.1,81,3,1009.0,1140,10,1008.9,2772,11,1009.5,4359,13,1009.6,442,8,1009.7,611,10,1009.8,1037,12,1009.9,963,19
317,2025-11-26 13:04:40+05:30,1009.5,2,1000.42,6782925,397852.0,447108.0,986.2,1012.2,981.3,986.2,120378000,1084.8,887.6,1102.5,649.1,1009.4,101,2,1009.3,50,1,1009.1,81,3,1009.0,1140,10,1008.9,2772,11,1009.5,4357,13,1009.6,462,8,1009.7,597,11,1009.8,1087,15,1009.9,937,17
317,2025-11-26 13:04:41+05:30,1009.5,5,1000.42,6782925,397852.0,447108.0,986.2,1012.2,981.3,986.2,120378000,1084.8,887.6,1102.5,649.1,1009.4,101,2,1009.3,50,1,1009.1,81,3,1009.0,1140,10,1008.9,2772,11,1009.5,4357,13,1009.6,462,8,1009.7,597,11,1009.8,1087,15,1009.9,937,17
317,2025-11-26 13:04:41+05:30,1009.5,7,1000.42,6783143,398082.0,446914.0,986.2,1012.2,981.3,986.2,120378000,1084.8,887.6,1102.5,649.1,1009.4,101,2,1009.3,50,1,1009.1,81,3,1009.0,1270,11,1008.9,2772,11,1009.5,4139,13,1009.6,433,7,1009.7,623,12,1009.8,1037,12,1009.9,963,19
317,2025-11-26 13:04:42+05:30,1009.4,4,1000.42,6783143,398082.0,446914.0,986.2,1012.2,981.3,986.2,120378000,1084.8,887.6,1102.5,649.1,1009.4,101,2,1009.3,50,1,1009.1,81,3,1009.0,1270,11,1008.9,2772,11,1009.5,4139,13,1009.6,433,7,1009.7,623,12,1009.8,1037,12,1009.9,963,19
317,2025-11-26 13:04:42+05:30,1009.4,4,1000.42,6783244,397792.0,446901.0,986.2,1012.2,981.3,986.2,120378000,1084.8,887.6,1102.5,649.1,1009.3,50,1,1009.1,224,3,1009.0,1249,10,1008.9,2772,11,1008.8,1820,9,1009.4,22,1,1009.5,4179,14,1009.6,430,7,1009.7,707,11,1009.8,1067,15
317,2025-11-26 13:04:43+05:30,1009.1,9,1000.42,6783244,397792.0,446901.0,986.2,1012.2,981.3,986.2,120378000,1084.8,887.6,1102.5,649.1,1009.3,50,1,1009.1,224,3,1009.0,1249,10,1008.9,2772,11,1008.8,1820,9,1009.4,22,1,1009.5,4179,14,1009.6,430,7,1009.7,707,11,1009.8,1067,15
317,2025-11-26 13:04:43+05:30,1009.1,9,1000.42,6783424,397907.0,447336.0,986.2,1012.2,981.3,986.2,120378000,1084.8,887.6,1102.5,649.1,1009.1,297,4,1009.0,1488,13,1008.9,2893,13,1008.8,1152,8,1008.7,1156,12,1009.3,8,1,1009.4,21,1,1009.5,4179,14,1009.6,412,8,1009.7,728,12
317,2025-11-26 13:04:44+05:30,1009.3,10,1000.42,6783424,397907.0,447336.0,986.2,1012.2,981.3,986.2,120378000,1084.8,887.6,1102.5,649.1,1009.1,297,4,1009.0,1488,13,1008.9,2893,13,1008.8,1152,8,1008.7,1156,12,1009.3,8,1,1009.4,21,1,1009.5,4179,14,1009.6,412,8,1009.7,728,12
317,2025-11-26 13:04:44+05:30,1009.3,7,1000.42,6783445,399095.0,446965.0,986.2,1012.2,981.3,986.2,120378000,1084.8,887.6,1102.5,649.1,1009.1,152,4,1009.0,1869,13,1008.9,3643,14,1008.8,1152,8,1008.7,1156,12,1009.3,1,1,1009.4,21,1,1009.5,4179,14,1009.6,339,6,1009.7,568,9
317,2025-11-26 13:04:45+05:30,1009.3,2,1000.42,6783445,399095.0,446965.0,986.2,1012.2,981.3,986.2,120378000,1084.8,887.6,1102.5,649.1,1009.1,152,4,1009.0,1869,13,1008.9,3643,14,1008.8,1152,8,1008.7,1156,12,1009.3,1,1,1009.4,21,1,1009.5,4179,14,1009.6,339,6,1009.7,568,9
317,2025-11-26 13:04:45+05:30,1009.3,2,1000.42,6783447,398984.0,447078.0,986.2,1012.2,981.3,986.2,120378000,1084.8,887.6,1102.5,649.1,1009.1,492,7,1009.0,1566,12,1008.9,3754,15,1008.8,1291,9,1008.7,1776,12,1009.3,8,1,1009.4,21,1,1009.5,4139,13,1009.6,183,5,1009.7,412,8
317,2025-11-26 13:04:46+05:30,1009.3,1,1000.42,6783447,398984.0,447078.0,986.2,1012.2,981.3,986.2,120378000,1084.8,887.6,1102.5,649.1,1009.1,492,7,1009.0,1566,12,1008.9,3754,15,1008.8,1291,9,1008.7,1776,12,1009.3,8,1,1009.4,21,1,1009.5,4139,13,1009.6,183,5,1009.7,412,8
317,2025-11-26 13:04:46+05:30,1009.1,29,1000.42,6783571,397820.0,447055.0,986.2,1012.2,981.3,986.2,120378000,1084.8,887.6,1102.5,649.1,1009.1,124,3,1009.0,1592,13,1008.9,3004,14,1008.8,1291,9,1008.7,1906,13,1009.3,7,1,1009.5,4144,14,1009.6,292,6,1009.7,479,9,1009.8,950,10
317,2025-11-26 13:04:47+05:30,1009.1,29,1000.42,6783571,397820.0,447055.0,986.2,1012.2,981.3,986.2,120378000,1084.8,887.6,1102.5,649.1,1009.1,124,3,1009.0,1592,13,1008.9,3004,14,1008.8,1291,9,1008.7,1906,13,1009.3,7,1,1009.5,4144,14,1009.6,292,6,1009.7,479,9,1009.8,950,10
317,2025-11-26 13:04:47+05:30,1009.1,29,1000.42,6783571,397820.0,447055.0,986.2,1012.2,981.3,986.2,120378000,1084.8,887.6,1102.5,649.1,1009.1,124,3,1009.0,1592,13,1008.9,3004,14,1008.8,1291,9,1008.7,1906,13,1009.3,7,1,1009.5,4144,14,1009.6,292,6,1009.7,479,9,1009.8,950,10
317,2025-11-26 13:04:47+05:30,1009.1,29,1000.42,6783571,397820.0,447055.0,986.2,1012.2,981.3,986.2,120378000,1084.8,887.6,1102.5,649.1,1009.1,124,3,1009.0,1592,13,1008.9,3004,14,1008.8,1291,9,1008.7,1906,13,1009.3,7,1,1009.5,4144,14,1009.6,292,6,1009.7,479,9,1009.8,950,10
317,2025-11-26 13:04:47+05:30,1009.3,48,1000.43,6785096,396374.0,447205.0,986.2,1012.2,981.3,986.2,120378000,1084.8,887.6,1102.5,649.1,1009.0,410,6,1008.9,1358,10,1008.8,2417,14,1008.7,1767,13,1008.6,2276,16,1009.4,316,3,1009.5,4667,19,1009.6,691,10,1009.7,883,11,1009.8,663,11
317,2025-11-26 13:04:48+05:30,1009.3,48,1000.43,6785096,396374.0,447205.0,986.2,1012.2,981.3,986.2,120378000,1084.8,887.6,1102.5,649.1,1009.0,410,6,1008.9,1358,10,1008.8,2417,14,1008.7,1767,13,1008.6,2276,16,1009.4,316,3,1009.5,4667,19,1009.6,691,10,1009.7,883,11,1009.8,663,11
317,2025-11-26 13:04:48+05:30,1009.3,48,1000.43,6785096,396374.0,447205.0,986.2,1012.2,981.3,986.2,120378000,1084.8,887.6,1102.5,649.1,1009.0,410,6,1008.9,1358,10,1008.8,2417,14,1008.7,1767,13,1008.6,2276,16,1009.4,316,3,1009.5,4667,19,1009.6,691,10,1009.7,883,11,1009.8,663,11
317,2025-11-26 13:04:48+05:30,1009.3,48,1000.43,6785096,396374.0,447205.0,986.2,1012.2,981.3,986.2,120378000,1084.8,887.6,1102.5,649.1,1009.0,410,6,1008.9,1358,10,1008.8,2417,14,1008.7,1767,13,1008.6,2276,16,1009.4,316,3,1009.5,4667,19,1009.6,691,10,1009.7,883,11,1009.8,663,11
317,2025-11-26 13:04:48+05:30,1009.3,48,1000.43,6785096,396544.0,446630.0,986.2,1012.2,981.3,986.2,120378000,1084.8,887.6,1102.5,649.1,1009.0,534,9,1008.9,1332,9,1008.8,2430,15,1008.7,2483,13,1008.6,1557,17,1009.4,87,1,1009.5,4424,17,1009.6,385,8,1009.7,679,11,1009.8,939,11
317,2025-11-26 13:04:48+05:30,1009.3,48,1000.43,6785096,396544.0,446630.0,986.2,1012.2,981.3,986.2,120378000,1084.8,887.6,1102.5,649.1,1009.0,534,9,1008.9,1332,9,1008.8,2430,15,1008.7,2483,13,1008.6,1557,17,1009.4,87,1,1009.5,4424,17,1009.6,385,8,1009.7,679,11,1009.8,939,11
317,2025-11-26 13:04:49+05:30,1009.3,48,1000.43,6785096,396544.0,446630.0,986.2,1012.2,981.3,986.2,120378000,1084.8,887.6,1102.5,649.1,1009.0,534,9,1008.9,1332,9,1008.8,2430,15,1008.7,2483,13,1008.6,1557,17,1009.4,87,1,1009.5,4424,17,1009.6,385,8,1009.7,679,11,1009.8,939,11
317,2025-11-26 13:04:49+05:30,1009.4,82,1000.43,6785096,396544.0,446630.0,986.2,1012.2,981.3,986.2,120378000,1084.8,887.6,1102.5,649.1,1009.0,534,9,1008.9,1332,9,1008.8,2430,15,1008.7,2483,13,1008.6,1557,17,1009.4,87,1,1009.5,4424,17,1009.6,385,8,1009.7,679,11,1009.8,939,11
317,2025-11-26 13:04:49+05:30,1009.4,82,1000.43,6785096,396544.0,446630.0,986.2,1012.2,981.3,986.2,120378000,1084.8,887.6,1102.5,649.1,1009.0,534,9,1008.9,1332,9,1008.8,2430,15,1008.7,2483,13,1008.6,1557,17,1009.4,87,1,1009.5,4424,17,1009.6,385,8,1009.7,679,11,1009.8,939,11
317,2025-11-26 13:04:49+05:30,1009.4,82,1000.43,6785179,397203.0,446231.0,986.2,1012.2,981.3,986.2,120378000,1084.8,887.6,1102.5,649.1,1009.1,180,3,1009.0,816,12,1008.9,1411,8,1008.8,2659,17,1008.7,2582,14,1009.4,19,2,1009.5,4179,14,1009.6,253,5,1009.7,638,11,1009.8,871,10
317,2025-11-26 13:04:49+05:30,1009.4,82,1000.43,6785179,397203.0,446231.0,986.2,1012.2,981.3,986.2,120378000,1084.8,887.6,1102.5,649.1,1009.1,180,3,1009.0,816,12,1008.9,1411,8,1008.8,2659,17,1008.7,2582,14,1009.4,19,2,1009.5,4179,14,1009.6,253,5,1009.7,638,11,1009.8,871,10
317,2025-11-26 13:04:50+05:30,1009.4,82,1000.43,6785179,397203.0,446231.0,986.2,1012.2,981.3,986.2,120378000,1084.8,887.6,1102.5,649.1,1009.1,180,3,1009.0,816,12,1008.9,1411,8,1008.8,2659,17,1008.7,2582,14,1009.4,19,2,1009.5,4179,14,1009.6,253,5,1009.7,638,11,1009.8,871,10
317,2025-11-26 13:04:50+05:30,1009.4,15,1000.43,6785179,397203.0,446231.0,986.2,1012.2,981.3,986.2,120378000,1084.8,887.6,1102.5,649.1,1009.1,180,3,1009.0,816,12,1008.9,1411,8,1008.8,2659,17,1008.7,2582,14,1009.4,19,2,1009.5,4179,14,1009.6,253,5,1009.7,638,11,1009.8,871,10
317,2025-11-26 13:04:50+05:30,1009.4,15,1000.43,6785179,397203.0,446231.0,986.2,1012.2,981.3,986.2,120378000,1084.8,887.6,1102.5,649.1,1009.1,180,3,1009.0,816,12,1008.9,1411,8,1008.8,2659,17,1008.7,2582,14,1009.4,19,2,1009.5,4179,14,1009.6,253,5,1009.7,638,11,1009.8,871,10
317,2025-11-26 13:04:50+05:30,1009.5,7,1000.43,6785205,395084.0,446147.0,986.2,1012.2,981.3,986.2,120378000,1084.8,887.6,1102.5,649.1,1009.1,308,4,1009.0,945,12,1008.9,1385,7,1008.8,1909,16,1008.7,2641,15,1009.5,4172,14,1009.6,224,5,1009.7,546,8,1009.8,713,10,1009.9,895,17
317,2025-11-26 13:04:50+05:30,1009.5,7,1000.43,6785205,395084.0,446147.0,986.2,1012.2,981.3,986.2,120378000,1084.8,887.6,1102.5,649.1,1009.1,308,4,1009.0,945,12,1008.9,1385,7,1008.8,1909,16,1008.7,2641,15,1009.5,4172,14,1009.6,224,5,1009.7,546,8,1009.8,713,10,1009.9,895,17
317,2025-11-26 13:04:51+05:30,1009.5,7,1000.43,6785205,395084.0,446147.0,986.2,1012.2,981.3,986.2,120378000,1084.8,887.6,1102.5,649.1,1009.1,308,4,1009.0,945,12,1008.9,1385,7,1008.8,1909,16,1008.7,2641,15,1009.5,4172,14,1009.6,224,5,1009.7,546,8,1009.8,713,10,1009.9,895,17
317,2025-11-26 13:04:51+05:30,1009.5,7,1000.43,6785205,395084.0,446147.0,986.2,1012.2,981.3,986.2,120399750,1084.8,887.6,1102.5,649.1,1009.1,308,4,1009.0,945,12,1008.9,1385,7,1008.8,1909,16,1008.7,2641,15,1009.5,4172,14,1009.6,224,5,1009.7,546,8,1009.8,713,10,1009.9,895,17
317,2025-11-26 13:04:51+05:30,1009.1,58,1000.43,6785205,395084.0,446147.0,986.2,1012.2,981.3,986.2,120399750,1084.8,887.6,1102.5,649.1,1009.1,308,4,1009.0,945,12,1008.9,1385,7,1008.8,1909,16,1008.7,2641,15,1009.5,4172,14,1009.6,224,5,1009.7,546,8,1009.8,713,10,1009.9,895,17
317,2025-11-26 13:04:51+05:30,1009.1,58,1000.43,6785205,395084.0,446147.0,986.2,1012.2,981.3,986.2,120399750,1084.8,887.6,1102.5,649.1,1009.1,308,4,1009.0,945,12,1008.9,1385,7,1008.8,1909,16,1008.7,2641,15,1009.5,4172,14,1009.6,224,5,1009.7,546,8,1009.8,713,10,1009.9,895,17
317,2025-11-26 13:04:51+05:30,1009.4,100,1000.43,6785452,393540.0,448475.0,986.2,1012.2,981.3,986.2,120399750,1084.8,887.6,1102.5,649.1,1009.1,42,1,1009.0,125,4,1008.9,107,1,1008.8,1262,7,1008.7,1977,16,1009.4,42,1,1009.5,4890,23,1009.6,721,12,1009.7,1059,11,1009.8,759,13
317,2025-11-26 13:04:52+05:30,1009.4,100,1000.43,6785452,393540.0,448475.0,986.2,1012.2,981.3,986.2,120399750,1084.8,887.6,1102.5,649.1,1009.1,42,1,1009.0,125,4,1008.9,107,1,1008.8,1262,7,1008.7,1977,16,1009.4,42,1,1009.5,4890,23,1009.6,721,12,1009.7,1059,11,1009.8,759,13
317,2025-11-26 13:04:52+05:30,1009.4,100,1000.43,6785452,393540.0,448475.0,986.2,1012.2,981.3,986.2,120399750,1084.8,887.6,1102.5,649.1,1009.1,42,1,1009.0,125,4,1008.9,107,1,1008.8,1262,7,1008.7,1977,16,1009.4,42,1,1009.5,4890,23,1009.6,721,12,1009.7,1059,11,1009.8,759,13
317,2025-11-26 13:04:52+05:30,1009.4,261,1000.43,6785722,393392.0,447331.0,986.2,1012.2,981.3,986.2,120399750,1084.8,887.6,1102.5,649.1,1009.1,42,1,1009.0,199,5,1008.9,242,3,1008.8,1486,9,1008.7,1977,16,1009.4,42,1,1009.5,4720,20,1009.6,646,10,1009.7,761,10,1009.8,963,12
317,2025-11-26 13:04:53+05:30,1009.4,1,1000.43,6785722,393392.0,447331.0,986.2,1012.2,981.3,986.2,120399750,1084.8,887.6,1102.5,649.1,1009.1,42,1,1009.0,199,5,1008.9,242,3,1008.8,1486,9,1008.7,1977,16,1009.4,42,1,1009.5,4720,20,1009.6,646,10,1009.7,761,10,1009.8,963,12
317,2025-11-26 13:04:53+05:30,1009.4,7,1000.43,6785753,393328.0,447556.0,986.2,1012.2,981.3,986.2,120399750,1084.8,887.6,1102.5,649.1,1009.1,42,1,1009.0,125,4,1008.9,316,4,1008.8,1486,9,1008.7,2013,17,1009.4,11,1,1009.5,4720,20,1009.6,717,11,1009.7,1059,11,1009.8,665,11
317,2025-11-26 13:04:54+05:30,1009.4,7,1000.43,6785753,393328.0,447556.0,986.2,1012.2,981.3,986.2,120399750,1084.8,887.6,1102.5,649.1,1009.1,42,1,1009.0,125,4,1008.9,316,4,1008.8,1486,9,1008.7,2013,17,1009.4,11,1,1009.5,4720,20,1009.6,717,11,1009.7,1059,11,1009.8,665,11
317,2025-11-26 13:04:54+05:30,1009.4,7,1000.43,6785753,393609.0,447359.0,986.2,1012.2,981.3,986.2,120399750,1084.8,887.6,1102.5,649.1,1009.2,112,1,1009.1,42,1,1009.0,195,5,1008.9,386,5,1008.8,1486,9,1009.4,11,1,1009.5,4571,19,1009.6,646,10,1009.7,1059,11,1009.8,665,11
317,2025-11-26 13:04:55+05:30,1009.5,12,1000.43,6785753,393609.0,447359.0,986.2,1012.2,981.3,986.2,120399750,1084.8,887.6,1102.5,649.1,1009.2,112,1,1009.1,42,1,1009.0,195,5,1008.9,386,5,1008.8,1486,9,1009.4,11,1,1009.5,4571,19,1009.6,646,10,1009.7,1059,11,1009.8,665,11
317,2025-11-26 13:04:55+05:30,1009.5,3,1000.43,6785786,393005.0,447347.0,986.2,1012.2,981.3,986.2,120399750,1084.8,887.6,1102.5,649.1,1009.2,112,1,1009.1,42,1,1009.0,302,6,1008.9,386,5,1008.8,1486,9,1009.5,4458,18,1009.6,561,8,1009.7,835,11,1009.8,963,12,1009.9,765,16
317,2025-11-26 13:04:56+05:30,1009.5,100,1000.43,6785786,393005.0,447347.0,986.2,1012.2,981.3,986.2,120399750,1084.8,887.6,1102.5,649.1,1009.2,112,1,1009.1,42,1,1009.0,302,6,1008.9,386,5,1008.8,1486,9,1009.5,4458,18,1009.6,561,8,1009.7,835,11,1009.8,963,12,1009.9,765,16
317,2025-11-26 13:04:56+05:30,1009.5,7,1000.43,6785893,393660.0,447102.0,986.2,1012.2,981.3,986.2,120399750,1084.8,887.6,1102.5,649.1,1009.2,112,1,1009.1,42,1,1009.0,302,6,1008.9,479,6,1008.8,1486,9,1009.4,5,1,1009.5,4257,17,1009.6,541,8,1009.7,797,11,1009.8,963,12
317,2025-11-26 13:04:57+05:30,1009.5,7,1000.43,6785893,393660.0,447102.0,986.2,1012.2,981.3,986.2,120399750,1084.8,887.6,1102.5,649.1,1009.2,112,1,1009.1,42,1,1009.0,302,6,1008.9,479,6,1008.8,1486,9,1009.4,5,1,1009.5,4257,17,1009.6,541,8,1009.7,797,11,1009.8,963,12
317,2025-11-26 13:04:57+05:30,1009.5,7,1000.43,6785893,393919.0,447367.0,986.2,1012.2,981.3,986.2,120399750,1084.8,887.6,1102.5,649.1,1009.2,112,1,1009.1,42,1,1009.0,253,6,1008.9,405,5,1008.8,1469,9,1009.4,5,1,1009.5,4350,18,1009.6,634,9,1009.7,1095,12,1009.8,665,11
317,2025-11-26 13:04:58+05:30,1009.5,7,1000.43,6785893,393919.0,447313.0,986.2,1012.2,981.3,986.2,120399750,1084.8,887.6,1102.5,649.1,1009.2,112,1,1009.1,42,1,1009.0,253,6,1008.9,405,5,1008.8,1469,9,1009.4,5,1,1009.5,4350,18,1009.6,634,9,1009.7,1095,12,1009.8,665,11
317,2025-11-26 13:04:59+05:30,1009.5,29,1000.43,6785927,392890.0,447610.0,986.2,1012.2,981.3,986.2,120399750,1084.8,887.6,1102.5,649.1,1009.2,112,1,1009.1,42,1,1009.0,253,6,1008.9,182,3,1008.8,1301,7,1009.5,4391,19,1009.6,778,11,1009.7,1095,12,1009.8,793,11,1009.9,786,17
317,2025-11-26 13:05:00+05:30,1009.2,6,1000.43,6785927,392890.0,447610.0,986.2,1012.2,981.3,986.2,120399750,1084.8,887.6,1102.5,649.1,1009.2,112,1,1009.1,42,1,1009.0,253,6,1008.9,182,3,1008.8,1301,7,1009.5,4391,19,1009.6,778,11,1009.7,1095,12,1009.8,793,11,1009.9,786,17
317,2025-11-26 13:05:00+05:30,1009.3,1,1000.43,6785938,396558.0,447530.0,986.2,1012.2,981.3,986.2,120399750,1084.8,887.6,1102.5,649.1,1009.2,106,1,1009.1,136,2,1009.0,444,8,1008.9,409,6,1008.8,2850,11,1009.3,99,1,1009.5,4166,17,1009.6,518,8,1009.7,724,11,1009.8,1159,12
317,2025-11-26 13:05:01+05:30,1009.1,7,1000.43,6785938,396558.0,447530.0,986.2,1012.2,981.3,986.2,120399750,1084.8,887.6,1102.5,649.1,1009.2,106,1,1009.1,136,2,1009.0,444,8,1008.9,409,6,1008.8,2850,11,1009.3,99,1,1009.5,4166,17,1009.6,518,8,1009.7,724,11,1009.8,1159,12
317,2025-11-26 13:05:02+05:30,1009.1,7,1000.43,6786070,396646.0,448867.0,986.2,1012.2,981.3,986.2,120399750,1084.8,887.6,1102.5,649.1,1009.1,35,1,1009.0,300,7,1008.9,1316,8,1008.8,2329,12,1008.7,2510,17,1009.2,15,1,1009.3,93,1,1009.4,72,1,1009.5,3859,16,1009.6,518,8
317,2025-11-26 13:05:02+05:30,1009.2,1,1000.43,6786070,396646.0,448867.0,986.2,1012.2,981.3,986.2,120399750,1084.8,887.6,1102.5,649.1,1009.1,35,1,1009.0,300,7,1008.9,1316,8,1008.8,2329,12,1008.7,2510,17,1009.2,15,1,1009.3,93,1,1009.4,72,1,1009.5,3859,16,1009.6,518,8
317,2025-11-26 13:05:02+05:30,1009.2,15,1000.43,6786102,397400.0,448649.0,986.2,1012.2,981.3,986.2,120399750,1084.8,887.6,1102.5,649.1,1009.1,35,1,1009.0,279,6,1008.9,1316,8,1008.8,3101,14,1008.7,2510,17,1009.2,15,1,1009.3,93,1,1009.4,72,1,1009.5,3858,15,1009.6,425,7
317,2025-11-26 13:05:03+05:30,1009.1,1,1000.43,6786102,397400.0,448649.0,986.2,1012.2,981.3,986.2,120399750,1084.8,887.6,1102.5,649.1,1009.1,35,1,1009.0,279,6,1008.9,1316,8,1008.8,3101,14,1008.7,2510,17,1009.2,15,1,1009.3,93,1,1009.4,72,1,1009.5,3858,15,1009.6,425,7
317,2025-11-26 13:05:03+05:30,1009.1,1,1000.43,6786223,396946.0,448260.0,986.2,1012.2,981.3,986.2,120399750,1084.8,887.6,1102.5,649.1,1009.1,34,1,1009.0,221,5,1008.9,2147,13,1008.8,2864,10,1008.7,1178,16,1009.3,93,1,1009.5,3853,14,1009.6,425,7,1009.7,641,10,1009.8,1087,11
317,2025-11-26 13:05:04+05:30,1009.3,93,1000.43,6786223,396946.0,448260.0,986.2,1012.2,981.3,986.2,120399750,1084.8,887.6,1102.5,649.1,1009.1,34,1,1009.0,221,5,1008.9,2147,13,1008.8,2864,10,1008.7,1178,16,1009.3,93,1,1009.5,3853,14,1009.6,425,7,1009.7,641,10,1009.8,1087,11
317,2025-11-26 13:05:04+05:30,1009.3,93,1000.43,6786316,396296.0,446284.0,986.2,1012.2,981.3,986.2,120399750,1084.8,887.6,1102.5,649.1,1009.4,657,1,1009.1,34,1,1009.0,242,5,1008.9,1185,7,1008.8,2827,14,1009.5,3743,14,1009.6,552,9,1009.7,528,9,1009.8,1091,12,1009.9,886,16
317,2025-11-26 13:05:05+05:30,1009.5,3,1000.43,6786316,396296.0,446284.0,986.2,1012.2,981.3,986.2,120399750,1084.8,887.6,1102.5,649.1,1009.4,657,1,1009.1,34,1,1009.0,242,5,1008.9,1185,7,1008.8,2827,14,1009.5,3743,14,1009.6,552,9,1009.7,528,9,1009.8,1091,12,1009.9,886,16
317,2025-11-26 13:05:05+05:30,1009.5,1,1000.43,6786325,396194.0,446215.0,986.2,1012.2,981.3,986.2,120399750,1084.8,887.6,1102.5,649.1,1009.4,668,2,1009.1,34,1,1009.0,242,5,1008.9,1275,8,1008.8,2763,15,1009.5,3734,13,1009.6,552,9,1009.7,528,9,1009.8,1091,12,1009.9,886,16
317,2025-11-26 13:05:06+05:30,1009.5,1,1000.43,6786325,396194.0,446215.0,986.2,1012.2,981.3,986.2,120399750,1084.8,887.6,1102.5,649.1,1009.4,668,2,1009.1,34,1,1009.0,242,5,1008.9,1275,8,1008.8,2763,15,1009.5,3734,13,1009.6,552,9,1009.7,528,9,1009.8,1091,12,1009.9,886,16
317,2025-11-26 13:05:06+05:30,1009.4,203,1000.43,6786528,396266.0,446437.0,986.2,1012.2,981.3,986.2,120399750,1084.8,887.6,1102.5,649.1,1009.4,465,2,1009.1,34,1,1009.0,242,5,1008.9,1275,8,1008.8,2763,15,1009.5,3714,12,1009.6,619,10,1009.7,528,9,1009.8,1091,12,1009.9,988,17
317,2025-11-26 13:05:07+05:30,1009.4,203,1000.43,6786528,396266.0,446437.0,986.2,1012.2,981.3,986.2,120399750,1084.8,887.6,1102.5,649.1,1009.4,465,2,1009.1,34,1,1009.0,242,5,1008.9,1275,8,1008.8,2763,15,1009.5,3714,12,1009.6,619,10,1009.7,528,9,1009.8,1091,12,1009.9,988,17
317,2025-11-26 13:05:07+05:30,1009.5,1,1000.43,6786529,396266.0,446376.0,986.2,1012.2,981.3,986.2,120399750,1084.8,887.6,1102.5,649.1,1009.4,465,2,1009.1,34,1,1009.0,242,5,1008.9,1275,8,1008.8,2763,15,1009.5,3713,12,1009.6,529,9,1009.7,528,9,1009.8,1087,11,1009.9,991,18
317,2025-11-26 13:05:08+05:30,1009.4,126,1000.43,6786529,396266.0,446376.0,986.2,1012.2,981.3,986.2,120399750,1084.8,887.6,1102.5,649.1,1009.4,465,2,1009.1,34,1,1009.0,242,5,1008.9,1275,8,1008.8,2763,15,1009.5,3713,12,1009.6,529,9,1009.7,528,9,1009.8,1087,11,1009.9,991,18
317,2025-11-26 13:05:08+05:30,1009.4,126,1000.43,6786660,396275.0,446750.0,986.2,1012.2,981.3,986.2,120399750,1084.8,887.6,1102.5,649.1,1009.4,339,2,1009.1,34,1,1009.0,242,5,1008.9,1275,8,1008.8,2681,14,1009.5,3722,13,1009.6,462,8,1009.7,527,9,1009.8,1112,12,1009.9,996,19
317,2025-11-26 13:05:09+05:30,1009.4,126,1000.43,6786660,396175.0,446926.0,986.2,1012.2,981.3,986.2,120399750,1084.8,887.6,1102.5,649.1,1009.4,339,2,1009.1,34,1,1009.0,242,5,1008.9,1275,8,1008.8,2681,14,1009.5,3722,13,1009.6,617,10,1009.7,527,9,1009.8,1219,14,1009.9,1022,21
317,2025-11-26 13:05:10+05:30,1009.5,1,1000.43,6786660,396175.0,446926.0,986.2,1012.2,981.3,986.2,120399750,1084.8,887.6,1102.5,649.1,1009.4,339,2,1009.1,34,1,1009.0,242,5,1008.9,1275,8,1008.8,2681,14,1009.5,3722,13,1009.6,617,10,1009.7,527,9,1009.8,1219,14,1009.9,1022,21
317,2025-11-26 13:05:10+05:30,1009.5,2,1000.43,6786663,396175.0,446866.0,986.2,1012.2,981.3,986.2,120399750,1084.8,887.6,1102.5,649.1,1009.4,339,2,1009.1,34,1,1009.0,242,5,1008.9,2025,9,1008.8,1931,13,1009.5,3719,13,1009.6,617,10,1009.7,493,8,1009.8,1194,13,1009.9,997,20
317,2025-11-26 13:05:11+05:30,1009.5,1,1000.43,6786663,396175.0,446866.0,986.2,1012.2,981.3,986.2,120399750,1084.8,887.6,1102.5,649.1,1009.4,339,2,1009.1,34,1,1009.0,242,5,1008.9,2025,9,1008.8,1931,13,1009.5,3719,13,1009.6,617,10,1009.7,493,8,1009.8,1194,13,1009.9,997,20
317,2025-11-26 13:05:11+05:30,1009.4,145,1000.43,6786809,398417.0,446659.0,986.2,1012.2,981.3,986.2,120399750,1084.8,887.6,1102.5,649.1,1009.4,194,2,1009.1,34,1,1009.0,1118,7,1008.9,2125,11,1008.8,2682,16,1009.5,3718,13,1009.6,407,7,1009.7,623,10,1009.8,896,12,1009.9,1295,21
317,2025-11-26 13:05:12+05:30,1009.4,145,1000.43,6786809,398417.0,446659.0,986.2,1012.2,981.3,986.2,120399750,1084.8,887.6,1102.5,649.1,1009.4,194,2,1009.1,34,1,1009.0,1118,7,1008.9,2125,11,1008.8,2682,16,1009.5,3718,13,1009.6,407,7,1009.7,623,10,1009.8,896,12,1009.9,1295,21
317,2025-11-26 13:05:12+05:30,1009.5,6,1000.43,6786819,398417.0,446674.0,986.2,1012.2,981.3,986.2,120399750,1084.8,887.6,1102.5,649.1,1009.4,194,2,1009.1,34,1,1009.0,1118,7,1008.9,2151,13,1008.8,2656,14,1009.5,3708,13,1009.6,407,7,1009.7,623,10,1009.8,896,12,1009.9,1295,21
317,2025-11-26 13:05:13+05:30,1009.5,23,1000.43,6786819,398417.0,446674.0,986.2,1012.2,981.3,986.2,120399750,1084.8,887.6,1102.5,649.1,1009.4,194,2,1009.1,34,1,1009.0,1118,7,1008.9,2151,13,1008.8,2656,14,1009.5,3708,13,1009.6,407,7,1009.7,623,10,1009.8,896,12,1009.9,1295,21
317,2025-11-26 13:05:13+05:30,1009.4,78,1000.43,6786920,398391.0,446638.0,986.2,1012.2,981.3,986.2,120399750,1084.8,887.6,1102.5,649.1,1009.4,116,2,1009.1,146,2,1009.0,1118,7,1008.9,2151,13,1008.8,2595,13,1009.5,3685,13,1009.6,472,8,1009.7,558,9,1009.8,896,12,1009.9,1295,21
317,2025-11-26 13:05:14+05:30,1009.5,1,1000.43,6786920,398391.0,446638.0,986.2,1012.2,981.3,986.2,120399750,1084.8,887.6,1102.5,649.1,1009.4,116,2,1009.1,146,2,1009.0,1118,7,1008.9,2151,13,1008.8,2595,13,1009.5,3685,13,1009.6,472,8,1009.7,558,9,1009.8,896,12,1009.9,1295,21
317,2025-11-26 13:05:14+05:30,1009.5,1,1000.43,6787223,394239.0,446350.0,986.2,1012.2,981.3,986.2,120399750,1084.8,887.6,1102.5,649.1,1009.2,112,1,1009.1,103,2,1009.0,343,6,1008.9,1310,9,1008.8,1374,12,1009.5,3868,15,1009.6,611,11,1009.7,612,10,1009.8,1194,13,1009.9,884,20
317,2025-11-26 13:05:15+05:30,1009.5,2,1000.43,6787223,394239.0,446350.0,986.2,1012.2,981.3,986.2,120399750,1084.8,887.6,1102.5,649.1,1009.2,112,1,1009.1,103,2,1009.0,343,6,1008.9,1310,9,1008.8,1374,12,1009.5,3868,15,1009.6,611,11,1009.7,612,10,1009.8,1194,13,1009.9,884,20
317,2025-11-26 13:05:15+05:30,1009.5,1,1000.43,6787226,394239.0,446078.0,986.2,1012.2,981.3,986.2,120399750,1084.8,887.6,1102.5,649.1,1009.2,112,1,1009.1,103,2,1009.0,343,6,1008.9,560,8,1008.8,2124,13,1009.5,3866,16,1009.6,611,11,1009.7,597,8,1009.8,1097,12,1009.9,1278,21
317,2025-11-26 13:05:16+05:30,1009.1,14,1000.43,6787226,394239.0,446078.0,986.2,1012.2,981.3,986.2,120399750,1084.8,887.6,1102.5,649.1,1009.2,112,1,1009.1,103,2,1009.0,343,6,1008.9,560,8,1008.8,2124,13,1009.5,3866,16,1009.6,611,11,1009.7,597,8,1009.8,1097,12,1009.9,1278,21
317,2025-11-26 13:05:16+05:30,1009.4,1,1000.43,6787353,393692.0,446581.0,986.2,1012.2,981.3,986.2,120399750,1084.8,887.6,1102.5,649.1,1009.2,13,1,1009.1,89,2,1009.0,270,5,1008.9,1179,8,1008.8,1568,11,1009.5,3946,19,1009.6,714,12,1009.7,746,9,1009.8,1040,12,1009.9,870,19
317,2025-11-26 13:05:17+05:30,1009.4,1,1000.43,6787353,393692.0,446581.0,986.2,1012.2,981.3,986.2,120399750,1084.8,887.6,1102.5,649.1,1009.2,13,1,1009.1,89,2,1009.0,270,5,1008.9,1179,8,1008.8,1568,11,1009.5,3946,19,1009.6,714,12,1009.7,746,9,1009.8,1040,12,1009.9,870,19
317,2025-11-26 13:05:18+05:30,1009.4,1,1000.43,6787353,394098.0,447060.0,986.2,1012.2,981.3,986.2,120399750,1084.8,887.6,1102.5,649.1,1009.2,13,1,1009.1,89,2,1009.0,296,6,1008.9,1179,8,1008.8,1658,12,1009.5,4033,20,1009.6,714,12,1009.7,746,9,1009.8,1040,12,1009.9,896,21
317,2025-11-26 13:05:19+05:30,1009.5,6,1000.43,6787359,393843.0,447033.0,986.2,1012.2,981.3,986.2,120399750,1084.8,887.6,1102.5,649.1,1009.2,13,1,1009.1,89,2,1009.0,296,6,1008.9,1205,10,1008.8,1632,10,1009.5,3875,18,1009.6,1019,14,1009.7,746,9,1009.8,1040,12,1009.9,870,19
317,2025-11-26 13:05:19+05:30,1009.5,6,1000.43,6787359,393843.0,447033.0,986.2,1012.2,981.3,986.2,120399750,1084.8,887.6,1102.5,649.1,1009.2,13,1,1009.1,89,2,1009.0,296,6,1008.9,1205,10,1008.8,1632,10,1009.5,3875,18,1009.6,1019,14,1009.7,746,9,1009.8,1040,12,1009.9,870,19
317,2025-11-26 13:05:20+05:30,1009.5,1,1000.43,6787360,394236.0,447041.0,986.2,1012.2,981.3,986.2,120399750,1084.8,887.6,1102.5,649.1,1009.2,13,1,1009.1,89,2,1009.0,296,6,1008.9,1955,11,1008.8,967,10,1009.5,3874,18,1009.6,1019,14,1009.7,746,9,1009.8,1040,12,1009.9,870,19
317,2025-11-26 13:05:20+05:30,1009.5,1,1000.43,6787360,394236.0,447041.0,986.2,1012.2,981.3,986.2,120399750,1084.8,887.6,1102.5,649.1,1009.2,13,1,1009.1,89,2,1009.0,296,6,1008.9,1955,11,1008.8,967,10,1009.5,3874,18,1009.6,1019,14,1009.7,746,9,1009.8,1040,12,1009.9,870,19
317,2025-11-26 13:05:21+05:30,1009.5,1,1000.43,6787362,396188.0,447100.0,986.2,1012.2,981.3,986.2,120399750,1084.8,887.6,1102.5,649.1,1009.2,13,1,1009.1,89,2,1009.0,1046,7,1008.9,2081,12,1008.8,1600,11,1009.5,3966,19,1009.6,954,13,1009.7,746,9,1009.8,1040,12,1009.9,870,19
317,2025-11-26 13:05:21+05:30,1009.5,1,1000.43,6787362,396188.0,447100.0,986.2,1012.2,981.3,986.2,120399750,1084.8,887.6,1102.5,649.1,1009.2,13,1,1009.1,89,2,1009.0,1046,7,1008.9,2081,12,1008.8,1600,11,1009.5,3966,19,1009.6,954,13,1009.7,746,9,1009.8,1040,12,1009.9,870,19
317,2025-11-26 13:05:22+05:30,1009.0,48,1000.43,6787762,395478.0,447166.0,986.2,1012.2,981.3,986.2,120399750,1084.8,887.6,1102.5,649.1,1009.0,187,6,1008.9,1393,11,1008.8,2253,11,1008.7,2381,12,1008.6,2298,18,1009.3,14,1,1009.5,3966,19,1009.6,942,12,1009.7,1103,11,1009.8,742,11
317,2025-11-26 13:05:22+05:30,1009.0,48,1000.43,6787762,395478.0,447166.0,986.2,1012.2,981.3,986.2,120399750,1084.8,887.6,1102.5,649.1,1009.0,187,6,1008.9,1393,11,1008.8,2253,11,1008.7,2381,12,1008.6,2298,18,1009.3,14,1,1009.5,3966,19,1009.6,942,12,1009.7,1103,11,1009.8,742,11
317,2025-11-26 13:05:23+05:30,1009.0,20,1000.43,6787919,396835.0,446378.0,986.2,1012.2,981.3,986.2,120399750,1084.8,887.6,1102.5,649.1,1009.0,1925,11,1008.9,2026,12,1008.8,815,9,1008.7,1808,11,1008.6,3122,21,1009.3,14,1,1009.4,76,1,1009.5,3867,17,1009.6,601,8,1009.7,750,9
317,2025-11-26 13:05:23+05:30,1009.0,20,1000.43,6787919,396835.0,446378.0,986.2,1012.2,981.3,986.2,120399750,1084.8,887.6,1102.5,649.1,1009.0,1925,11,1008.9,2026,12,1008.8,815,9,1008.7,1808,11,1008.6,3122,21,1009.3,14,1,1009.4,76,1,1009.5,3867,17,1009.6,601,8,1009.7,750,9
317,2025-11-26 13:05:24+05:30,1009.3,88,1000.43,6787919,396835.0,446378.0,986.2,1012.2,981.3,986.2,120399750,1084.8,887.6,1102.5,649.1,1009.1,943,4,1009.0,2838,14,1008.9,1217,10,1008.8,815,9,1008.7,1834,12,1009.3,15,2,1009.4,76,1,1009.5,3741,16,1009.6,601,8,1009.7,740,8
317,2025-11-26 13:05:24+05:30,1009.3,88,1000.43,6788007,398336.0,446206.0,986.2,1012.2,981.3,986.2,120399750,1084.8,887.6,1102.5,649.1,1009.1,943,4,1009.0,2838,14,1008.9,1217,10,1008.8,815,9,1008.7,1834,12,1009.3,15,2,1009.4,76,1,1009.5,3741,16,1009.6,601,8,1009.7,740,8
317,2025-11-26 13:05:25+05:30,1009.5,18,1000.43,6788007,398336.0,446206.0,986.2,1012.2,981.3,986.2,120399750,1084.8,887.6,1102.5,649.1,1009.1,943,4,1009.0,2838,14,1008.9,1217,10,1008.8,815,9,1008.7,1834,12,1009.3,15,2,1009.4,76,1,1009.5,3741,16,1009.6,601,8,1009.7,740,8
317,2025-11-26 13:05:25+05:30,1009.5,18,1000.43,6788138,397835.0,445274.0,986.2,1012.2,981.3,986.2,120399750,1084.8,887.6,1102.5,649.1,1009.1,892,4,1009.0,2946,15,1008.9,1183,8,1008.8,997,13,1008.7,1084,11,1009.5,3756,17,1009.6,491,7,1009.7,740,8,1009.8,1022,11,1009.9,923,19
317,2025-11-26 13:05:26+05:30,1009.4,1,1000.43,6788138,397835.0,445274.0,986.2,1012.2,981.3,986.2,120399750,1084.8,887.6,1102.5,649.1,1009.1,892,4,1009.0,2946,15,1008.9,1183,8,1008.8,997,13,1008.7,1084,11,1009.5,3756,17,1009.6,491,7,1009.7,740,8,1009.8,1022,11,1009.9,923,19
317,2025-11-26 13:05:26+05:30,1009.4,1,1000.43,6788139,397873.0,445763.0,986.2,1012.2,981.3,986.2,120399750,1084.8,887.6,1102.5,649.1,1009.3,1,1,1009.1,872,3,1009.0,1827,11,1008.9,1242,9,1008.8,1031,12,1009.4,251,1,1009.5,3736,17,1009.6,550,8,1009.7,690,9,1009.8,1021,11
317,2025-11-26 13:05:27+05:30,1009.1,1,1000.43,6788139,397873.0,445763.0,986.2,1012.2,981.3,986.2,120399750,1084.8,887.6,1102.5,649.1,1009.3,1,1,1009.1,872,3,1009.0,1827,11,1008.9,1242,9,1008.8,1031,12,1009.4,251,1,1009.5,3736,17,1009.6,550,8,1009.7,690,9,1009.8,1021,11
317,2025-11-26 13:05:27+05:30,1009.1,1,1000.43,6788142,397944.0,445936.0,986.2,1012.2,981.3,986.2,120399750,1084.8,887.6,1102.5,649.1,1009.1,748,3,1009.0,2498,12,1008.9,1301,10,1008.8,972,11,1008.7,1818,12,1009.4,249,1,1009.5,3738,18,1009.6,491,7,1009.7,855,11,1009.8,1021,11
317,2025-11-26 13:05:28+05:30,1009.1,12,1000.43,6788142,397944.0,445936.0,986.2,1012.2,981.3,986.2,120399750,1084.8,887.6,1102.5,649.1,1009.1,748,3,1009.0,2498,12,1008.9,1301,10,1008.8,972,11,1008.7,1818,12,1009.4,249,1,1009.5,3738,18,1009.6,491,7,1009.7,855,11,1009.8,1021,11
317,2025-11-26 13:05:28+05:30,1009.1,12,1000.43,6788154,397586.0,446350.0,986.2,1012.2,981.3,986.2,120399750,1084.8,887.6,1102.5,649.1,1009.1,796,3,1009.0,2469,11,1008.9,1322,11,1008.8,972,11,1008.7,1808,11,1009.3,20,1,1009.4,249,1,1009.5,3868,20,1009.6,491,7,1009.7,895,12
317,2025-11-26 13:05:29+05:30,1009.3,1,1000.43,6788154,397586.0,446350.0,986.2,1012.2,981.3,986.2,120399750,1084.8,887.6,1102.5,649.1,1009.1,796,3,1009.0,2469,11,1008.9,1322,11,1008.8,972,11,1008.7,1808,11,1009.3,20,1,1009.4,249,1,1009.5,3868,20,1009.6,491,7,1009.7,895,12
317,2025-11-26 13:05:29+05:30,1009.3,1,1000.43,6788155,397616.0,446517.0,986.2,1012.2,981.3,986.2,120399750,1084.8,887.6,1102.5,649.1,1009.1,796,3,1009.0,2469,11,1008.9,1322,11,1008.8,972,11,1008.7,1838,12,1009.3,19,1,1009.4,249,1,1009.5,3868,20,1009.6,491,7,1009.7,895,12
317,2025-11-26 13:05:30+05:30,1009.3,17,1000.43,6788155,397616.0,446517.0,986.2,1012.2,981.3,986.2,120399750,1084.8,887.6,1102.5,649.1,1009.1,796,3,1009.0,2469,11,1008.9,1322,11,1008.8,972,11,1008.7,1838,12,1009.3,19,1,1009.4,249,1,1009.5,3868,20,1009.6,491,7,1009.7,895,12
317,2025-11-26 13:05:30+05:30,1009.4,1,1000.43,6788479,397946.0,446935.0,986.2,1012.2,981.3,986.2,120399750,1084.8,887.6,1102.5,649.1,1009.3,26,1,1009.1,431,2,1009.0,2533,11,1008.9,1868,8,1008.8,1018,12,1009.4,249,2,1009.5,3957,19,1009.6,848,12,1009.7,786,12,1009.8,1021,11
317,2025-11-26 13:05:31+05:30,1009.4,1,1000.43,6788479,397946.0,446935.0,986.2,1012.2,981.3,986.2,120399750,1084.8,887.6,1102.5,649.1,1009.3,26,1,1009.1,431,2,1009.0,2533,11,1008.9,1868,8,1008.8,1018,12,1009.4,249,2,1009.5,3957,19,1009.6,848,12,1009.7,786,12,1009.8,1021,11
317,2025-11-26 13:05:32+05:30,1009.1,78,1000.43,6788586,397599.0,446734.0,986.2,1012.2,981.3,986.2,120399750,1084.8,887.6,1102.5,649.1,1009.1,353,2,1009.0,2589,12,1008.9,1986,10,1008.8,962,11,1008.7,1088,11,1009.3,20,1,1009.4,249,2,1009.5,3957,19,1009.6,709,9,1009.7,837,12
317,2025-11-26 13:05:32+05:30,1009.1,78,1000.43,6788586,397599.0,446734.0,986.2,1012.2,981.3,986.2,120399750,1084.8,887.6,1102.5,649.1,1009.1,353,2,1009.0,2589,12,1008.9,1986,10,1008.8,962,11,1008.7,1088,11,1009.3,20,1,1009.4,249,2,1009.5,3957,19,1009.6,709,9,1009.7,837,12
317,2025-11-26 13:05:33+05:30,1009.3,23,1000.43,6788618,398131.0,446618.0,986.2,1012.2,981.3,986.2,120399750,1084.8,887.6,1102.5,649.1,1009.1,675,6,1009.0,2533,11,1008.9,1955,10,1008.8,1018,12,1008.7,1088,11,1009.3,23,1,1009.4,249,2,1009.5,3823,17,1009.6,572,8,1009.7,833,11
317,2025-11-26 13:05:33+05:30,1009.3,23,1000.43,6788618,398131.0,446618.0,986.2,1012.2,981.3,986.2,120399750,1084.8,887.6,1102.5,649.1,1009.1,675,6,1009.0,2533,11,1008.9,1955,10,1008.8,1018,12,1008.7,1088,11,1009.3,23,1,1009.4,249,2,1009.5,3823,17,1009.6,572,8,1009.7,833,11
317,2025-11-26 13:05:34+05:30,1009.5,667,1000.43,6789822,397772.0,444921.0,986.2,1012.2,981.3,986.2,120399750,1084.8,887.6,1102.5,649.1,1009.3,112,1,1009.2,750,1,1009.1,728,8,1009.0,1289,9,1008.9,2179,16,1009.5,3030,16,1009.6,341,6,1009.7,356,6,1009.8,618,9,1009.9,1285,20
317,2025-11-26 13:05:34+05:30,1009.5,667,1000.43,6789822,397772.0,444921.0,986.2,1012.2,981.3,986.2,120399750,1084.8,887.6,1102.5,649.1,1009.3,112,1,1009.2,750,1,1009.1,728,8,1009.0,1289,9,1008.9,2179,16,1009.5,3030,16,1009.6,341,6,1009.7,356,6,1009.8,618,9,1009.9,1285,20
317,2025-11-26 13:05:35+05:30,1009.5,2,1000.43,6789824,397778.0,445040.0,986.2,1012.2,981.3,986.2,120399750,1084.8,887.6,1102.5,649.1,1009.3,112,1,1009.2,750,1,1009.1,755,8,1009.0,1345,10,1008.9,2192,17,1009.5,3028,16,1009.6,341,6,1009.7,356,6,1009.8,618,9,1009.9,1285,20
317,2025-11-26 13:05:35+05:30,1009.5,2,1000.43,6789824,397778.0,445040.0,986.2,1012.2,981.3,986.2,120399750,1084.8,887.6,1102.5,649.1,1009.3,112,1,1009.2,750,1,1009.1,755,8,1009.0,1345,10,1008.9,2192,17,1009.5,3028,16,1009.6,341,6,1009.7,356,6,1009.8,618,9,1009.9,1285,20
317,2025-11-26 13:05:36+05:30,1009.5,2,1000.43,6790182,397790.0,444482.0,986.2,1012.2,981.3,986.2,120399750,1084.8,887.6,1102.5,649.1,1009.3,112,1,1009.2,750,1,1009.1,896,9,1009.0,1435,13,1008.9,2166,15,1009.5,2670,16,1009.6,281,5,1009.7,421,7,1009.8,526,8,1009.9,1378,18
317,2025-11-26 13:05:36+05:30,1009.5,10,1000.43,6790182,397790.0,444482.0,986.2,1012.2,981.3,986.2,120399750,1084.8,887.6,1102.5,649.1,1009.3,112,1,1009.2,750,1,1009.1,896,9,1009.0,1435,13,1008.9,2166,15,1009.5,2670,16,1009.6,281,5,1009.7,421,7,1009.8,526,8,1009.9,1378,18
317,2025-11-26 13:05:37+05:30,1009.3,10,1000.43,6790202,398774.0,444683.0,986.2,1012.2,981.3,986.2,120399750,1084.8,887.6,1102.5,649.1,1009.3,115,2,1009.2,750,1,1009.1,924,9,1009.0,1379,12,1008.9,2166,15,1009.4,150,1,1009.5,2660,16,1009.6,281,5,1009.7,421,7,1009.8,526,8
317,2025-11-26 13:05:37+05:30,1009.3,10,1000.43,6790202,398774.0,444683.0,986.2,1012.2,981.3,986.2,120399750,1084.8,887.6,1102.5,649.1,1009.3,115,2,1009.2,750,1,1009.1,924,9,1009.0,1379,12,1008.9,2166,15,1009.4,150,1,1009.5,2660,16,1009.6,281,5,1009.7,421,7,1009.8,526,8
317,2025-11-26 13:05:38+05:30,1009.3,10,1000.43,6790202,399548.0,444852.0,986.2,1012.2,981.3,986.2,120399750,1084.8,887.6,1102.5,649.1,1009.3,115,2,1009.2,750,1,1009.1,729,6,1009.0,2206,15,1008.9,2222,16,1009.4,372,2,1009.5,2627,15,1009.6,281,5,1009.7,477,8,1009.8,470,7
317,2025-11-26 13:05:38+05:30,1009.4,1,1000.43,6790202,399548.0,444852.0,986.2,1012.2,981.3,986.2,120399750,1084.8,887.6,1102.5,649.1,1009.3,115,2,1009.2,750,1,1009.1,729,6,1009.0,2206,15,1008.9,2222,16,1009.4,372,2,1009.5,2627,15,1009.6,281,5,1009.7,477,8,1009.8,470,7
317,2025-11-26 13:05:39+05:30,1009.4,151,1000.43,6790503,399515.0,444510.0,986.2,1012.2,981.3,986.2,120399750,1084.8,887.6,1102.5,649.1,1009.3,115,2,1009.2,750,1,1009.1,813,7,1009.0,2339,17,1008.9,2222,16,1009.4,71,1,1009.5,2627,15,1009.6,281,5,1009.7,477,8,1009.8,470,7
317,2025-11-26 13:05:39+05:30,1009.4,151,1000.43,6790503,399515.0,444510.0,986.2,1012.2,981.3,986.2,120399750,1084.8,887.6,1102.5,649.1,1009.3,115,2,1009.2,750,1,1009.1,813,7,1009.0,2339,17,1008.9,2222,16,1009.4,71,1,1009.5,2627,15,1009.6,281,5,1009.7,477,8,1009.8,470,7
317,2025-11-26 13:05:40+05:30,1009.4,1,1000.43,6790504,399602.0,444534.0,986.2,1012.2,981.3,986.2,120399750,1084.8,887.6,1102.5,649.1,1009.3,115,2,1009.2,750,1,1009.1,900,8,1009.0,2339,17,1008.9,2222,16,1009.4,70,1,1009.5,2627,15,1009.6,281,5,1009.7,477,8,1009.8,470,7
317,2025-11-26 13:05:40+05:30,1009.4,1,1000.43,6790504,399602.0,444534.0,986.2,1012.2,981.3,986.2,120399750,1084.8,887.6,1102.5,649.1,1009.3,115,2,1009.2,750,1,1009.1,900,8,1009.0,2339,17,1008.9,2222,16,1009.4,70,1,1009.5,2627,15,1009.6,281,5,1009.7,477,8,1009.8,470,7
317,2025-11-26 13:05:41+05:30,1009.4,68,1000.43,6790574,396945.0,444379.0,986.2,1012.2,981.3,986.2,120399750,1084.8,887.6,1102.5,649.1,1009.3,115,2,1009.2,58,1,1009.1,987,10,1009.0,3011,16,1008.9,2367,18,1009.5,2627,15,1009.6,281,5,1009.7,356,6,1009.8,470,7,1009.9,1465,19
317,2025-11-26 13:05:41+05:30,1009.3,10,1000.43,6790574,396945.0,444379.0,986.2,1012.2,981.3,986.2,120399750,1084.8,887.6,1102.5,649.1,1009.3,115,2,1009.2,58,1,1009.1,987,10,1009.0,3011,16,1008.9,2367,18,1009.5,2627,15,1009.6,281,5,1009.7,356,6,1009.8,470,7,1009.9,1465,19
317,2025-11-26 13:05:42+05:30,1009.3,10,1000.43,6790584,397213.0,444592.0,986.2,1012.2,981.3,986.2,120399750,1084.8,887.6,1102.5,649.1,1009.3,105,2,1009.1,1081,11,1009.0,3011,16,1008.9,2311,17,1008.8,1813,14,1009.4,43,1,1009.5,2627,15,1009.6,281,5,1009.7,356,6,1009.8,474,8
317,2025-11-26 13:05:42+05:30,1009.4,421,1000.43,6790584,397213.0,444592.0,986.2,1012.2,981.3,986.2,120399750,1084.8,887.6,1102.5,649.1,1009.3,105,2,1009.1,1081,11,1009.0,3011,16,1008.9,2311,17,1008.8,1813,14,1009.4,43,1,1009.5,2627,15,1009.6,281,5,1009.7,356,6,1009.8,474,8
317,2025-11-26 13:05:43+05:30,1009.5,5,1000.43,6791106,396795.0,444461.0,986.2,1012.2,981.3,986.2,120399750,1084.8,887.6,1102.5,649.1,1009.4,332,2,1009.3,13,1,1009.2,65,1,1009.1,1081,11,1009.0,3072,16,1009.5,2650,16,1009.6,268,4,1009.7,273,5,1009.8,467,8,1009.9,1272,24
317,2025-11-26 13:05:43+05:30,1009.5,5,1000.43,6791106,396795.0,444461.0,986.2,1012.2,981.3,986.2,120399750,1084.8,887.6,1102.5,649.1,1009.4,332,2,1009.3,13,1,1009.2,65,1,1009.1,1081,11,1009.0,3072,16,1009.5,2650,16,1009.6,268,4,1009.7,273,5,1009.8,467,8,1009.9,1272,24
317,2025-11-26 13:05:44+05:30,1009.4,78,1000.43,6791184,395674.0,444453.0,986.2,1012.2,981.3,986.2,120399750,1084.8,887.6,1102.5,649.1,1009.4,267,3,1009.2,65,1,1009.1,977,9,1009.0,2380,16,1008.9,2311,17,1009.5,2650,16,1009.6,268,4,1009.7,273,5,1009.8,496,9,1009.9,1272,24
317,2025-11-26 13:05:44+05:30,1009.4,195,1000.43,6791184,395674.0,444453.0,986.2,1012.2,981.3,986.2,120399750,1084.8,887.6,1102.5,649.1,1009.4,267,3,1009.2,65,1,1009.1,977,9,1009.0,2380,16,1008.9,2311,17,1009.5,2650,16,1009.6,268,4,1009.7,273,5,1009.8,496,9,1009.9,1272,24
317,2025-11-26 13:05:45+05:30,1009.5,2,1000.43,6791385,395067.0,445253.0,986.2,1012.2,981.3,986.2,120399750,1084.8,887.6,1102.5,649.1,1009.4,72,3,1009.1,793,7,1009.0,2240,14,1008.9,2347,18,1008.8,2428,13,1009.5,2644,16,1009.6,394,5,1009.7,468,9,1009.8,786,13,1009.9,1329,25
317,2025-11-26 13:05:45+05:30,1009.5,2,1000.43,6791385,395067.0,445253.0,986.2,1012.2,981.3,986.2,120399750,1084.8,887.6,1102.5,649.1,1009.4,72,3,1009.1,793,7,1009.0,2240,14,1008.9,2347,18,1008.8,2428,13,1009.5,2644,16,1009.6,394,5,1009.7,468,9,1009.8,786,13,1009.9,1329,25
317,2025-11-26 13:05:46+05:30,1009.5,112,1000.43,6791521,396124.0,444918.0,986.2,1012.2,981.3,986.2,120399750,1084.8,887.6,1102.5,649.1,1009.4,69,2,1009.2,122,2,1009.1,967,9,1009.0,2873,15,1008.9,1755,17,1009.5,2508,16,1009.6,394,5,1009.7,458,8,1009.8,685,9,1009.9,1259,23
317,2025-11-26 13:05:46+05:30,1009.5,112,1000.43,6791521,396124.0,444918.0,986.2,1012.2,981.3,986.2,120399750,1084.8,887.6,1102.5,649.1,1009.4,69,2,1009.2,122,2,1009.1,967,9,1009.0,2873,15,1008.9,1755,17,1009.5,2508,16,1009.6,394,5,1009.7,458,8,1009.8,685,9,1009.9,1259,23
317,2025-11-26 13:05:47+05:30,1009.5,27,1000.43,6791550,396975.0,444719.0,986.2,1012.2,981.3,986.2,120399750,1084.8,887.6,1102.5,649.1,1009.4,82,4,1009.2,614,5,1009.1,2299,14,1009.0,2847,13,1008.9,947,15,1009.5,2481,17,1009.6,249,3,1009.7,303,8,1009.8,627,8,1009.9,1019,23
317,2025-11-26 13:05:47+05:30,1009.5,27,1000.43,6791550,396975.0,444719.0,986.2,1012.2,981.3,986.2,120399750,1084.8,887.6,1102.5,649.1,1009.4,82,4,1009.2,614,5,1009.1,2299,14,1009.0,2847,13,1008.9,947,15,1009.5,2481,17,1009.6,249,3,1009.7,303,8,1009.8,627,8,1009.9,1019,23
317,2025-11-26 13:05:48+05:30,1009.5,27,1000.43,6791550,397091.0,444747.0,986.2,1012.2,981.3,986.2,120399750,1084.8,887.6,1102.5,649.1,1009.4,82,4,1009.3,148,2,1009.2,614,5,1009.1,2328,15,1009.0,2847,13,1009.5,2481,17,1009.6,249,3,1009.7,223,7,1009.8,559,7,1009.9,1019,23
317,2025-11-26 13:05:49+05:30,1009.5,27,1000.43,6791550,397091.0,444842.0,986.2,1012.2,981.3,986.2,120399750,1084.8,887.6,1102.5,649.1,1009.4,82,4,1009.3,148,2,1009.2,614,5,1009.1,2328,15,1009.0,2847,13,1009.5,2481,17,1009.6,249,3,1009.7,221,6,1009.8,561,8,1009.9,1019,23
317,2025-11-26 13:05:50+05:30,1009.5,1,1000.43,6791551,396905.0,444865.0,986.2,1012.2,981.3,986.2,120399750,1084.8,887.6,1102.5,649.1,1009.4,82,4,1009.3,63,1,1009.2,498,3,1009.1,2434,17,1009.0,2847,13,1009.5,2480,17,1009.6,249,3,1009.7,221,6,1009.8,582,9,1009.9,1019,23
317,2025-11-26 13:05:50+05:30,1009.5,1,1000.43,6791551,396905.0,444865.0,986.2,1012.2,981.3,986.2,120399750,1084.8,887.6,1102.5,649.1,1009.4,82,4,1009.3,63,1,1009.2,498,3,1009.1,2434,17,1009.0,2847,13,1009.5,2480,17,1009.6,249,3,1009.7,221,6,1009.8,582,9,1009.9,1019,23
317,2025-11-26 13:05:51+05:30,1009.5,1,1000.43,6791553,396800.0,444766.0,986.2,1012.2,981.3,986.2,120399750,1084.8,887.6,1102.5,649.1,1009.4,81,4,1009.3,63,1,1009.2,498,3,1009.1,2406,16,1009.0,2847,13,1009.5,2479,17,1009.6,249,3,1009.7,221,6,1009.8,559,7,1009.9,1319,25
317,2025-11-26 13:05:51+05:30,1009.4,10,1000.43,6791553,396800.0,444766.0,986.2,1012.2,981.3,986.2,120399750,1084.8,887.6,1102.5,649.1,1009.4,81,4,1009.3,63,1,1009.2,498,3,1009.1,2406,16,1009.0,2847,13,1009.5,2479,17,1009.6,249,3,1009.7,221,6,1009.8,559,7,1009.9,1319,25
317,2025-11-26 13:05:52+05:30,1009.2,1,1000.43,6791638,397188.0,444701.0,986.2,1012.2,981.3,986.2,120399750,1084.8,887.6,1102.5,649.1,1009.2,681,4,1009.1,2224,14,1009.0,2923,15,1008.9,912,14,1008.8,2422,13,1009.4,17,1,1009.5,2479,17,1009.6,249,3,1009.7,221,6,1009.8,494,6
317,2025-11-26 13:05:52+05:30,1009.2,1,1000.43,6791638,397188.0,444701.0,986.2,1012.2,981.3,986.2,120399750,1084.8,887.6,1102.5,649.1,1009.2,681,4,1009.1,2224,14,1009.0,2923,15,1008.9,912,14,1008.8,2422,13,1009.4,17,1,1009.5,2479,17,1009.6,249,3,1009.7,221,6,1009.8,494,6
317,2025-11-26 13:05:53+05:30,1009.4,23,1000.43,6791670,397012.0,444571.0,986.2,1012.2,981.3,986.2,120399750,1084.8,887.6,1102.5,649.1,1009.2,401,2,1009.1,2027,10,1009.0,2836,18,1008.9,972,10,1008.8,2467,14,1009.4,20,1,1009.5,2479,17,1009.6,249,3,1009.7,221,6,1009.8,550,7
317,2025-11-26 13:05:53+05:30,1009.4,1,1000.43,6791670,397012.0,444571.0,986.2,1012.2,981.3,986.2,120399750,1084.8,887.6,1102.5,649.1,1009.2,401,2,1009.1,2027,10,1009.0,2836,18,1008.9,972,10,1008.8,2467,14,1009.4,20,1,1009.5,2479,17,1009.6,249,3,1009.7,221,6,1009.8,550,7
317,2025-11-26 13:05:54+05:30,1009.4,24,1000.43,6791695,397833.0,444534.0,986.2,1012.2,981.3,986.2,120399750,1084.8,887.6,1102.5,649.1,1009.2,764,6,1009.1,2055,10,1009.0,3064,21,1008.9,972,10,1008.8,2467,14,1009.4,20,1,1009.5,2479,17,1009.6,249,3,1009.7,221,6,1009.8,550,7
317,2025-11-26 13:05:54+05:30,1009.4,24,1000.43,6791695,397833.0,444534.0,986.2,1012.2,981.3,986.2,120399750,1084.8,887.6,1102.5,649.1,1009.2,764,6,1009.1,2055,10,1009.0,3064,21,1008.9,972,10,1008.8,2467,14,1009.4,20,1,1009.5,2479,17,1009.6,249,3,1009.7,221,6,1009.8,550,7
317,2025-11-26 13:05:55+05:30,1009.4,1,1000.43,6791724,398107.0,444528.0,986.2,1012.2,981.3,986.2,120399750,1084.8,887.6,1102.5,649.1,1009.3,112,1,1009.2,711,5,1009.1,2108,11,1009.0,3064,21,1008.9,972,10,1009.4,19,1,1009.5,2479,17,1009.6,249,3,1009.7,221,6,1009.8,552,8
317,2025-11-26 13:05:55+05:30,1009.4,12,1000.43,6791724,398107.0,444528.0,986.2,1012.2,981.3,986.2,120399750,1084.8,887.6,1102.5,649.1,1009.3,112,1,1009.2,711,5,1009.1,2108,11,1009.0,3064,21,1008.9,972,10,1009.4,19,1,1009.5,2479,17,1009.6,249,3,1009.7,221,6,1009.8,552,8
317,2025-11-26 13:05:56+05:30,1009.4,1,1000.43,6791739,398107.0,444425.0,986.2,1012.2,981.3,986.2,120399750,1084.8,887.6,1102.5,649.1,1009.3,112,1,1009.2,711,5,1009.1,2108,11,1009.0,3064,21,1008.9,972,10,1009.4,4,1,1009.5,2479,17,1009.6,249,3,1009.7,221,6,1009.8,552,8
317,2025-11-26 13:05:56+05:30,1009.4,1,1000.43,6791739,398107.0,444425.0,986.2,1012.2,981.3,986.2,120399750,1084.8,887.6,1102.5,649.1,1009.3,112,1,1009.2,711,5,1009.1,2108,11,1009.0,3064,21,1008.9,972,10,1009.4,4,1,1009.5,2479,17,1009.6,249,3,1009.7,221,6,1009.8,552,8
317,2025-11-26 13:05:57+05:30,1009.3,19,1000.43,6791758,398004.0,444434.0,986.2,1012.2,981.3,986.2,120399750,1084.8,887.6,1102.5,649.1,1009.3,93,1,1009.2,658,4,1009.1,2245,13,1009.0,3176,22,1008.9,972,10,1009.4,2,2,1009.5,2478,16,1009.6,249,3,1009.7,221,6,1009.8,552,8
317,2025-11-26 13:05:57+05:30,1009.3,19,1000.43,6791758,398004.0,444434.0,986.2,1012.2,981.3,986.2,120399750,1084.8,887.6,1102.5,649.1,1009.3,93,1,1009.2,658,4,1009.1,2245,13,1009.0,3176,22,1008.9,972,10,1009.4,2,2,1009.5,2478,16,1009.6,249,3,1009.7,221,6,1009.8,552,8
317,2025-11-26 13:05:58+05:30,1009.3,1,1000.43,6791760,396989.0,444500.0,986.2,1012.2,981.3,986.2,120399750,1084.8,887.6,1102.5,649.1,1009.3,92,1,1009.2,409,2,1009.1,2190,12,1009.0,2408,17,1008.9,1826,16,1009.4,1,1,1009.5,2478,16,1009.6,309,4,1009.7,301,7,1009.8,552,8
317,2025-11-26 13:05:58+05:30,1009.3,1,1000.43,6791760,396989.0,444500.0,986.2,1012.2,981.3,986.2,120399750,1084.8,887.6,1102.5,649.1,1009.3,92,1,1009.2,409,2,1009.1,2190,12,1009.0,2408,17,1008.9,1826,16,1009.4,1,1,1009.5,2478,16,1009.6,309,4,1009.7,301,7,1009.8,552,8
317,2025-11-26 13:05:59+05:30,1009.4,1,1000.43,6791761,397106.0,444556.0,986.2,1012.2,981.3,986.2,120399750,1084.8,887.6,1102.5,649.1,1009.3,102,2,1009.2,487,3,1009.1,2266,14,1009.0,2345,16,1008.9,1841,17,1009.5,2718,17,1009.6,69,3,1009.7,301,7,1009.8,552,8,1009.9,1263,24
317,2025-11-26 13:05:59+05:30,1009.4,1,1000.43,6791761,397106.0,444556.0,986.2,1012.2,981.3,986.2,120399750,1084.8,887.6,1102.5,649.1,1009.3,102,2,1009.2,487,3,1009.1,2266,14,1009.0,2345,16,1008.9,1841,17,1009.5,2718,17,1009.6,69,3,1009.7,301,7,1009.8,552,8,1009.9,1263,24
317,2025-11-26 13:06:00+05:30,1009.5,1,1000.43,6791762,397045.0,444531.0,986.2,1012.2,981.3,986.2,120399750,1084.8,887.6,1102.5,649.1,1009.3,102,2,1009.2,426,2,1009.1,2266,14,1009.0,2345,16,1008.9,1841,17,1009.5,2717,17,1009.6,69,3,1009.7,301,7,1009.8,552,8,1009.9,1263,24
317,2025-11-26 13:06:00+05:30,1009.5,1,1000.43,6791762,397045.0,444531.0,986.2,1012.2,981.3,986.2,120399750,1084.8,887.6,1102.5,649.1,1009.3,102,2,1009.2,426,2,1009.1,2266,14,1009.0,2345,16,1008.9,1841,17,1009.5,2717,17,1009.6,69,3,1009.7,301,7,1009.8,552,8,1009.9,1263,24
317,2025-11-26 13:06:01+05:30,1009.5,1,1000.43,6791771,397037.0,444496.0,986.2,1012.2,981.3,986.2,120399750,1084.8,887.6,1102.5,649.1,1009.3,94,2,1009.2,426,2,1009.1,2266,14,1009.0,2345,16,1008.9,1841,17,1009.5,2716,17,1009.6,69,3,1009.7,301,7,1009.8,552,8,1009.9,1263,24
317,2025-11-26 13:06:01+05:30,1010.0,36,1000.43,6791771,397037.0,444496.0,986.2,1012.2,981.3,986.2,120399750,1084.8,887.6,1102.5,649.1,1009.3,94,2,1009.2,426,2,1009.1,2266,14,1009.0,2345,16,1008.9,1841,17,1009.5,2716,17,1009.6,69,3,1009.7,301,7,1009.8,552,8,1009.9,1263,24
317,2025-11-26 13:06:02+05:30,1010.0,183,1000.43,6791771,397037.0,444496.0,986.2,1012.2,981.3,986.2,120399750,1084.8,887.6,1102.5,649.1,1009.3,94,2,1009.2,426,2,1009.1,2266,14,1009.0,2345,16,1008.9,1841,17,1009.5,2716,17,1009.6,69,3,1009.7,301,7,1009.8,552,8,1009.9,1263,24
317,2025-11-26 13:06:02+05:30,1010.0,183,1000.44,6795801,404484.0,435970.0,986.2,1012.2,981.3,986.2,120399750,1084.8,887.6,1102.5,649.1,1009.7,84,1,1009.6,300,5,1009.5,2694,14,1009.4,3051,14,1009.3,2279,14,1010.0,3117,23,1010.1,314,3,1010.2,401,6,1010.3,960,14,1010.4,896,9
317,2025-11-26 13:06:03+05:30,1010.0,23,1000.44,6795801,404484.0,435970.0,986.2,1012.2,981.3,986.2,120399750,1084.8,887.6,1102.5,649.1,1009.7,84,1,1009.6,300,5,1009.5,2694,14,1009.4,3051,14,1009.3,2279,14,1010.0,3117,23,1010.1,314,3,1010.2,401,6,1010.3,960,14,1010.4,896,9
317,2025-11-26 13:06:03+05:30,1010.0,23,1000.44,6795832,404147.0,436060.0,986.2,1012.2,981.3,986.2,120399750,1084.8,887.6,1102.5,649.1,1009.7,97,2,1009.6,235,4,1009.5,2589,12,1009.4,3143,15,1009.3,2297,15,1010.0,3081,23,1010.1,362,4,1010.2,355,6,1010.3,960,14,1010.4,1010,10
317,2025-11-26 13:06:04+05:30,1010.0,1,1000.44,6795832,404147.0,436060.0,986.2,1012.2,981.3,986.2,120399750,1084.8,887.6,1102.5,649.1,1009.7,97,2,1009.6,235,4,1009.5,2589,12,1009.4,3143,15,1009.3,2297,15,1010.0,3081,23,1010.1,362,4,1010.2,355,6,1010.3,960,14,1010.4,1010,10
317,2025-11-26 13:06:04+05:30,1010.0,1,1000.44,6795833,404001.0,436173.0,986.2,1012.2,981.3,986.2,120399750,1084.8,887.6,1102.5,649.1,1009.7,97,2,1009.6,91,2,1009.5,2384,10,1009.4,3274,16,1009.3,2340,16,1009.9,206,1,1010.0,3080,23,1010.1,362,4,1010.2,468,8,1010.3,960,14
317,2025-11-26 13:06:05+05:30,1009.7,15,1000.44,6795833,404001.0,436173.0,986.2,1012.2,981.3,986.2,120399750,1084.8,887.6,1102.5,649.1,1009.7,97,2,1009.6,91,2,1009.5,2384,10,1009.4,3274,16,1009.3,2340,16,1009.9,206,1,1010.0,3080,23,1010.1,362,4,1010.2,468,8,1010.3,960,14
317,2025-11-26 13:06:05+05:30,1009.7,15,1000.44,6796007,403049.0,436100.0,986.2,1012.2,981.3,986.2,120399750,1084.8,887.6,1102.5,649.1,1009.7,23,2,1009.6,62,1,1009.5,2582,14,1009.4,3178,14,1009.3,1452,13,1009.9,106,1,1010.0,3080,23,1010.1,319,4,1010.2,514,8,1010.3,1311,17
317,2025-11-26 13:06:06+05:30,1009.9,1,1000.44,6796007,403049.0,436100.0,986.2,1012.2,981.3,986.2,120399750,1084.8,887.6,1102.5,649.1,1009.7,23,2,1009.6,62,1,1009.5,2582,14,1009.4,3178,14,1009.3,1452,13,1009.9,106,1,1010.0,3080,23,1010.1,319,4,1010.2,514,8,1010.3,1311,17
317,2025-11-26 13:06:06+05:30,1009.9,1,1000.44,6796008,403049.0,436287.0,986.2,1012.2,981.3,986.2,120399750,1084.8,887.6,1102.5,649.1,1009.7,23,2,1009.6,62,1,1009.5,2582,14,1009.4,3178,14,1009.3,1452,13,1009.9,105,1,1010.0,3080,23,1010.1,319,4,1010.2,514,8,1010.3,1311,17
317,2025-11-26 13:06:07+05:30,1009.9,1,1000.44,6796008,402959.0,435982.0,986.2,1012.2,981.3,986.2,120399750,1084.8,887.6,1102.5,649.1,1009.7,23,2,1009.6,62,1,1009.5,2362,11,1009.4,3165,13,1009.3,2314,19,1009.9,105,1,1010.0,3202,24,1010.1,372,5,1010.2,535,9,1010.3,1017,17
317,2025-11-26 13:06:08+05:30,1009.7,1,1000.44,6796008,402959.0,435982.0,986.2,1012.2,981.3,986.2,120399750,1084.8,887.6,1102.5,649.1,1009.7,23,2,1009.6,62,1,1009.5,2362,11,1009.4,3165,13,1009.3,2314,19,1009.9,105,1,1010.0,3202,24,1010.1,372,5,1010.2,535,9,1010.3,1017,17
317,2025-11-26 13:06:08+05:30,1009.7,1,1000.44,6796009,403646.0,434683.0,986.2,1012.2,981.3,986.2,120399750,1084.8,887.6,1102.5,649.1,1009.7,70,3,1009.6,166,3,1009.5,2650,13,1009.4,3178,14,1009.3,2438,20,1009.9,105,1,1010.0,3080,23,1010.1,180,3,1010.2,488,6,1010.3,965,15
317,2025-11-26 13:06:09+05:30,1009.5,601,1000.44,6796846,402779.0,434876.0,986.2,1012.2,981.3,986.2,120399750,1084.8,887.6,1102.5,649.1,1009.6,141,2,1009.5,3358,16,1009.4,3178,14,1009.3,2438,20,1009.2,1217,15,1009.9,105,1,1010.0,3080,23,1010.1,269,4,1010.2,508,7,1010.3,965,15
317,2025-11-26 13:06:10+05:30,1009.9,1,1000.44,6796846,402779.0,434876.0,986.2,1012.2,981.3,986.2,120399750,1084.8,887.6,1102.5,649.1,1009.6,141,2,1009.5,3358,16,1009.4,3178,14,1009.3,2438,20,1009.2,1217,15,1009.9,105,1,1010.0,3080,23,1010.1,269,4,1010.2,508,7,1010.3,965,15
317,2025-11-26 13:06:10+05:30,1009.9,2,1000.44,6796849,403859.0,434868.0,986.2,1012.2,981.3,986.2,120399750,1084.8,887.6,1102.5,649.1,1009.7,10,1,1009.6,210,3,1009.5,3347,17,1009.4,3178,14,1009.3,2438,20,1009.9,102,1,1010.0,3080,23,1010.1,180,3,1010.2,508,7,1010.3,965,15
317,2025-11-26 13:06:11+05:30,1009.9,2,1000.44,6796849,403859.0,434868.0,986.2,1012.2,981.3,986.2,120399750,1084.8,887.6,1102.5,649.1,1009.7,10,1,1009.6,210,3,1009.5,3347,17,1009.4,3178,14,1009.3,2438,20,1009.9,102,1,1010.0,3080,23,1010.1,180,3,1010.2,508,7,1010.3,965,15
317,2025-11-26 13:06:12+05:30,1009.8,79,1000.44,6797678,404618.0,435021.0,986.2,1012.2,981.3,986.2,120399750,1084.8,887.6,1102.5,649.1,1009.7,299,4,1009.6,302,4,1009.5,2367,14,1009.4,3178,14,1009.3,2438,20,1009.8,24,1,1009.9,227,2,1010.0,3080,23,1010.1,180,3,1010.2,488,6
317,2025-11-26 13:06:12+05:30,1009.8,79,1000.44,6797678,404618.0,435021.0,986.2,1012.2,981.3,986.2,120399750,1084.8,887.6,1102.5,649.1,1009.7,299,4,1009.6,302,4,1009.5,2367,14,1009.4,3178,14,1009.3,2438,20,1009.8,24,1,1009.9,227,2,1010.0,3080,23,1010.1,180,3,1010.2,488,6
317,2025-11-26 13:06:13+05:30,1009.9,1,1000.44,6797899,404754.0,434939.0,986.2,1012.2,981.3,986.2,120399750,1084.8,887.6,1102.5,649.1,1009.8,5,3,1009.7,10,1,1009.6,465,6,1009.5,2549,16,1009.4,3928,15,1009.9,254,3,1010.0,3086,24,1010.1,127,2,1010.2,581,8,1010.3,1441,16
317,2025-11-26 13:06:13+05:30,1009.9,1,1000.44,6797899,404754.0,434939.0,986.2,1012.2,981.3,986.2,120399750,1084.8,887.6,1102.5,649.1,1009.8,5,3,1009.7,10,1,1009.6,465,6,1009.5,2549,16,1009.4,3928,15,1009.9,254,3,1010.0,3086,24,1010.1,127,2,1010.2,581,8,1010.3,1441,16
317,2025-11-26 13:06:14+05:30,1009.9,4,1000.44,6798236,404615.0,435680.0,986.2,1012.2,981.3,986.2,120399750,1084.8,887.6,1102.5,649.1,1009.7,10,1,1009.6,2131,11,1009.5,3215,17,1009.4,1652,10,1009.3,1787,18,1009.9,212,2,1010.0,3087,25,1010.1,122,1,1010.2,397,5,1010.3,1028,16
317,2025-11-26 13:06:14+05:30,1009.9,149,1000.44,6798236,404615.0,435680.0,986.2,1012.2,981.3,986.2,120399750,1084.8,887.6,1102.5,649.1,1009.7,10,1,1009.6,2131,11,1009.5,3215,17,1009.4,1652,10,1009.3,1787,18,1009.9,212,2,1010.0,3087,25,1010.1,122,1,1010.2,397,5,1010.3,1028,16
317,2025-11-26 13:06:15+05:30,1009.9,126,1000.44,6798525,405934.0,435132.0,986.2,1012.2,981.3,986.2,120399750,1084.8,887.6,1102.5,649.1,1009.8,396,4,1009.7,684,6,1009.6,3232,16,1009.5,4399,16,1009.4,1717,11,1009.9,29,1,1010.0,3087,25,1010.2,233,3,1010.3,963,15,1010.4,738,11
317,2025-11-26 13:06:15+05:30,1009.9,2,1000.44,6798525,405934.0,435132.0,986.2,1012.2,981.3,986.2,120399750,1084.8,887.6,1102.5,649.1,1009.8,396,4,1009.7,684,6,1009.6,3232,16,1009.5,4399,16,1009.4,1717,11,1009.9,29,1,1010.0,3087,25,1010.2,233,3,1010.3,963,15,1010.4,738,11
317,2025-11-26 13:06:16+05:30,1010.0,2,1000.44,6798529,406079.0,435048.0,986.2,1012.2,981.3,986.2,120399750,1084.8,887.6,1102.5,649.1,1009.8,143,2,1009.7,620,6,1009.6,3556,20,1009.5,4400,16,1009.4,1717,11,1010.0,3085,25,1010.2,124,2,1010.3,963,15,1010.4,1238,12,1010.5,1215,15
317,2025-11-26 13:06:16+05:30,1010.0,2,1000.44,6798529,406079.0,435048.0,986.2,1012.2,981.3,986.2,120399750,1084.8,887.6,1102.5,649.1,1009.8,143,2,1009.7,620,6,1009.6,3556,20,1009.5,4400,16,1009.4,1717,11,1010.0,3085,25,1010.2,124,2,1010.3,963,15,1010.4,1238,12,1010.5,1215,15
317,2025-11-26 13:06:17+05:30,1010.0,2,1000.44,6798529,406193.0,435135.0,986.2,1012.2,981.3,986.2,120399750,1084.8,887.6,1102.5,649.1,1009.8,143,2,1009.7,620,6,1009.6,3665,21,1009.5,4405,17,1009.4,1717,11,1010.0,3086,26,1010.2,124,2,1010.3,963,15,1010.4,1324,12,1010.5,1215,15
317,2025-11-26 13:06:18+05:30,1010.0,2,1000.44,6798529,405948.0,435254.0,986.2,1012.2,981.3,986.2,120399750,1084.8,887.6,1102.5,649.1,1009.8,143,2,1009.7,457,4,1009.6,3638,20,1009.5,4430,18,1009.4,1717,11,1009.9,124,1,1010.0,3087,27,1010.2,124,2,1010.3,963,15,1010.4,725,10
317,2025-11-26 13:06:19+05:30,1010.0,2,1000.44,6798529,405863.0,435237.0,986.2,1012.2,981.3,986.2,120399750,1084.8,887.6,1102.5,649.1,1009.8,143,2,1009.7,456,4,1009.6,3554,19,1009.5,3680,17,1009.4,2467,12,1009.9,124,1,1010.0,3087,27,1010.2,129,3,1010.3,948,14,1010.4,712,9
317,2025-11-26 13:06:20+05:30,1009.9,124,1000.44,6798653,402950.0,435361.0,986.2,1012.2,981.3,986.2,120399750,1084.8,887.6,1102.5,649.1,1009.9,1077,2,1009.8,124,2,1009.7,363,3,1009.6,3542,18,1009.5,2455,15,1010.0,3124,28,1010.1,94,1,1010.2,450,6,1010.3,963,15,1010.4,725,10
317,2025-11-26 13:06:20+05:30,1010.0,111,1000.44,6798653,402950.0,435361.0,986.2,1012.2,981.3,986.2,120399750,1084.8,887.6,1102.5,649.1,1009.9,1077,2,1009.8,124,2,1009.7,363,3,1009.6,3542,18,1009.5,2455,15,1010.0,3124,28,1010.1,94,1,1010.2,450,6,1010.3,963,15,1010.4,725,10
317,2025-11-26 13:06:21+05:30,1010.0,2,1000.44,6798767,402840.0,435402.0,986.2,1012.2,981.3,986.2,120399750,1084.8,887.6,1102.5,649.1,1009.9,1076,1,1009.8,13,1,1009.7,363,3,1009.6,3473,17,1009.5,2526,16,1010.0,3013,29,1010.1,94,1,1010.2,450,6,1010.3,1064,17,1010.4,725,10
317,2025-11-26 13:06:21+05:30,1010.0,2,1000.44,6798767,402840.0,435402.0,986.2,1012.2,981.3,986.2,120399750,1084.8,887.6,1102.5,649.1,1009.9,1076,1,1009.8,13,1,1009.7,363,3,1009.6,3473,17,1009.5,2526,16,1010.0,3013,29,1010.1,94,1,1010.2,450,6,1010.3,1064,17,1010.4,725,10
317,2025-11-26 13:06:22+05:30,1009.9,13,1000.45,6799858,399759.0,435858.0,986.2,1012.2,981.3,986.2,120399750,1084.8,887.6,1102.5,649.1,1009.7,363,3,1009.6,2561,8,1009.5,2498,15,1009.4,1550,9,1009.3,2383,16,1009.9,136,1,1010.0,3011,29,1010.1,486,7,1010.2,629,9,1010.3,973,16
317,2025-11-26 13:06:22+05:30,1009.9,1,1000.45,6799858,399759.0,435858.0,986.2,1012.2,981.3,986.2,120399750,1084.8,887.6,1102.5,649.1,1009.7,363,3,1009.6,2561,8,1009.5,2498,15,1009.4,1550,9,1009.3,2383,16,1009.9,136,1,1010.0,3011,29,1010.1,486,7,1010.2,629,9,1010.3,973,16
317,2025-11-26 13:06:23+05:30,1009.9,1,1000.45,6799910,399972.0,435924.0,986.2,1012.2,981.3,986.2,120399750,1084.8,887.6,1102.5,649.1,1009.7,363,3,1009.6,2632,9,1009.5,2590,17,1009.4,1583,10,1009.3,2421,17,1009.9,84,1,1010.0,3025,29,1010.1,393,5,1010.2,700,10,1010.3,973,16
317,2025-11-26 13:06:23+05:30,1009.9,2,1000.45,6799910,399972.0,435924.0,986.2,1012.2,981.3,986.2,120399750,1084.8,887.6,1102.5,649.1,1009.7,363,3,1009.6,2632,9,1009.5,2590,17,1009.4,1583,10,1009.3,2421,17,1009.9,84,1,1010.0,3025,29,1010.1,393,5,1010.2,700,10,1010.3,973,16
317,2025-11-26 13:06:24+05:30,1010.0,3,1000.45,6799997,400252.0,435857.0,986.2,1012.2,981.3,986.2,120399750,1084.8,887.6,1102.5,649.1,1009.7,363,3,1009.6,2833,13,1009.5,3177,15,1009.4,1583,10,1009.3,1671,16,1010.0,3022,29,1010.1,296,3,1010.2,548,7,1010.3,1034,16,1010.4,1028,12
317,2025-11-26 13:06:24+05:30,1010.0,3,1000.45,6799997,400252.0,435857.0,986.2,1012.2,981.3,986.2,120399750,1084.8,887.6,1102.5,649.1,1009.7,363,3,1009.6,2833,13,1009.5,3177,15,1009.4,1583,10,1009.3,1671,16,1010.0,3022,29,1010.1,296,3,1010.2,548,7,1010.3,1034,16,1010.4,1028,12
317,2025-11-26 13:06:25+05:30,1010.0,11,1000.45,6800261,400002.0,435594.0,986.2,1012.2,981.3,986.2,120399750,1084.8,887.6,1102.5,649.1,1009.7,363,3,1009.6,2762,12,1009.5,3248,16,1009.4,1583,10,1009.3,1671,16,1010.0,2759,30,1010.1,296,3,1010.2,548,7,1010.3,1034,16,1010.4,1028,12
317,2025-11-26 13:06:25+05:30,1010.0,12,1000.45,6800261,400002.0,435594.0,986.2,1012.2,981.3,986.2,120399750,1084.8,887.6,1102.5,649.1,1009.7,363,3,1009.6,2762,12,1009.5,3248,16,1009.4,1583,10,1009.3,1671,16,1010.0,2759,30,1010.1,296,3,1010.2,548,7,1010.3,1034,16,1010.4,1028,12
317,2025-11-26 13:06:26+05:30,1009.7,5,1000.45,6800639,396940.0,435875.0,986.2,1012.2,981.3,986.2,120399750,1084.8,887.6,1102.5,649.1,1009.6,45,1,1009.5,1077,5,1009.4,2264,10,1009.3,2418,14,1009.2,2551,21,1009.9,71,1,1010.0,3094,36,1010.1,462,6,1010.2,687,10,1010.3,1266,17
317,2025-11-26 13:06:26+05:30,1009.7,5,1000.45,6800639,396940.0,435875.0,986.2,1012.2,981.3,986.2,120399750,1084.8,887.6,1102.5,649.1,1009.6,45,1,1009.5,1077,5,1009.4,2264,10,1009.3,2418,14,1009.2,2551,21,1009.9,71,1,1010.0,3094,36,1010.1,462,6,1010.2,687,10,1010.3,1266,17
317,2025-11-26 13:06:27+05:30,1010.0,12,1000.45,6800736,395220.0,435990.0,986.2,1012.2,981.3,986.2,120399750,1084.8,887.6,1102.5,649.1,1009.6,29,1,1009.5,1204,7,1009.4,2264,10,1009.3,1764,15,1009.2,2754,24,1010.0,2927,34,1010.1,550,6,1010.2,670,9,1010.3,1262,16,1010.4,1186,11
317,2025-11-26 13:06:27+05:30,1010.0,12,1000.45,6800736,395220.0,435990.0,986.2,1012.2,981.3,986.2,120399750,1084.8,887.6,1102.5,649.1,1009.6,29,1,1009.5,1204,7,1009.4,2264,10,1009.3,1764,15,1009.2,2754,24,1010.0,2927,34,1010.1,550,6,1010.2,670,9,1010.3,1262,16,1010.4,1186,11
317,2025-11-26 13:06:28+05:30,1009.9,14,1000.45,6800736,395220.0,435990.0,986.2,1012.2,981.3,986.2,120399750,1084.8,887.6,1102.5,649.1,1009.6,29,1,1009.5,1204,7,1009.4,2264,10,1009.3,1764,15,1009.2,2754,24,1010.0,2927,34,1010.1,550,6,1010.2,670,9,1010.3,1262,16,1010.4,1186,11
317,2025-11-26 13:06:28+05:30,1009.9,14,1000.45,6800775,398072.0,436637.0,986.2,1012.2,981.3,986.2,120399750,1084.8,887.6,1102.5,649.1,1009.5,1276,7,1009.4,2197,10,1009.3,2360,14,1009.2,2639,22,1009.1,953,11,1009.9,217,2,1010.0,3084,35,1010.1,734,8,1010.2,678,9,1010.3,964,15
317,2025-11-26 13:06:29+05:30,1009.9,1,1000.45,6800775,398072.0,436637.0,986.2,1012.2,981.3,986.2,120399750,1084.8,887.6,1102.5,649.1,1009.5,1276,7,1009.4,2197,10,1009.3,2360,14,1009.2,2639,22,1009.1,953,11,1009.9,217,2,1010.0,3084,35,1010.1,734,8,1010.2,678,9,1010.3,964,15
317,2025-11-26 13:06:29+05:30,1009.9,1,1000.45,6800776,398163.0,436670.0,986.2,1012.2,981.3,986.2,120399750,1084.8,887.6,1102.5,649.1,1009.5,1297,8,1009.4,2267,11,1009.3,2360,14,1009.2,2639,22,1009.1,953,11,1009.9,216,2,1010.0,3047,34,1010.1,739,9,1010.2,726,10,1010.3,964,15
317,2025-11-26 13:06:30+05:30,1009.9,28,1000.45,6800776,398163.0,436670.0,986.2,1012.2,981.3,986.2,120399750,1084.8,887.6,1102.5,649.1,1009.5,1297,8,1009.4,2267,11,1009.3,2360,14,1009.2,2639,22,1009.1,953,11,1009.9,216,2,1010.0,3047,34,1010.1,739,9,1010.2,726,10,1010.3,964,15
317,2025-11-26 13:06:30+05:30,1009.5,8,1000.45,6800841,398087.0,436455.0,986.2,1012.2,981.3,986.2,120399750,1084.8,887.6,1102.5,649.1,1009.5,1292,10,1009.4,2196,10,1009.3,2360,14,1009.2,2639,22,1009.1,953,11,1009.9,65,1,1010.0,2797,32,1010.1,668,8,1010.2,726,10,1010.3,1327,17
317,2025-11-26 13:06:31+05:30,1009.9,1,1000.45,6800841,398087.0,436455.0,986.2,1012.2,981.3,986.2,120399750,1084.8,887.6,1102.5,649.1,1009.5,1292,10,1009.4,2196,10,1009.3,2360,14,1009.2,2639,22,1009.1,953,11,1009.9,65,1,1010.0,2797,32,1010.1,668,8,1010.2,726,10,1010.3,1327,17
317,2025-11-26 13:06:31+05:30,1009.9,1,1000.45,6800842,399355.0,436980.0,986.2,1012.2,981.3,986.2,120399750,1084.8,887.6,1102.5,649.1,1009.5,1549,11,1009.4,2196,10,1009.3,2360,14,1009.2,2491,20,1009.1,943,10,1009.7,42,1,1009.9,64,1,1010.0,2717,31,1010.1,497,6,1010.2,791,11
317,2025-11-26 13:06:32+05:30,1009.5,25,1000.45,6800842,399355.0,436980.0,986.2,1012.2,981.3,986.2,120399750,1084.8,887.6,1102.5,649.1,1009.5,1549,11,1009.4,2196,10,1009.3,2360,14,1009.2,2491,20,1009.1,943,10,1009.7,42,1,1009.9,64,1,1010.0,2717,31,1010.1,497,6,1010.2,791,11
317,2025-11-26 13:06:32+05:30,1009.5,25,1000.45,6800908,400123.0,436850.0,986.2,1012.2,981.3,986.2,120399750,1084.8,887.6,1102.5,649.1,1009.5,1242,6,1009.4,2345,12,1009.3,3133,16,1009.2,2571,22,1009.1,943,10,1009.7,41,1,1009.9,105,2,1010.0,2717,31,1010.1,497,6,1010.2,743,10
317,2025-11-26 13:06:33+05:30,1009.7,23,1000.45,6800908,400123.0,436850.0,986.2,1012.2,981.3,986.2,120399750,1084.8,887.6,1102.5,649.1,1009.5,1242,6,1009.4,2345,12,1009.3,3133,16,1009.2,2571,22,1009.1,943,10,1009.7,41,1,1009.9,105,2,1010.0,2717,31,1010.1,497,6,1010.2,743,10
317,2025-11-26 13:06:33+05:30,1009.7,5,1000.45,6800949,400043.0,436987.0,986.2,1012.2,981.3,986.2,120399750,1084.8,887.6,1102.5,649.1,1009.5,1242,6,1009.4,2265,11,1009.3,3107,14,1009.2,2597,24,1009.1,943,10,1009.7,42,1,1009.9,110,3,1010.0,2790,33,1010.1,497,6,1010.2,730,9
317,2025-11-26 13:06:34+05:30,1009.7,5,1000.45,6800949,400043.0,436987.0,986.2,1012.2,981.3,986.2,120399750,1084.8,887.6,1102.5,649.1,1009.5,1242,6,1009.4,2265,11,1009.3,3107,14,1009.2,2597,24,1009.1,943,10,1009.7,42,1,1009.9,110,3,1010.0,2790,33,1010.1,497,6,1010.2,730,9
317,2025-11-26 13:06:34+05:30,1009.6,5,1000.45,6800956,400152.0,436987.0,986.2,1012.2,981.3,986.2,120399750,1084.8,887.6,1102.5,649.1,1009.6,107,1,1009.5,1240,6,1009.4,2331,12,1009.3,3107,14,1009.2,1768,18,1009.7,42,1,1009.9,110,3,1010.0,2790,33,1010.1,497,6,1010.2,728,8
317,2025-11-26 13:06:35+05:30,1009.7,11,1000.45,6800956,400152.0,436987.0,986.2,1012.2,981.3,986.2,120399750,1084.8,887.6,1102.5,649.1,1009.6,107,1,1009.5,1240,6,1009.4,2331,12,1009.3,3107,14,1009.2,1768,18,1009.7,42,1,1009.9,110,3,1010.0,2790,33,1010.1,497,6,1010.2,728,8
317,2025-11-26 13:06:35+05:30,1009.6,50,1000.45,6801019,399676.0,436806.0,986.2,1012.2,981.3,986.2,120399750,1084.8,887.6,1102.5,649.1,1009.6,57,1,1009.5,1240,6,1009.4,2114,9,1009.3,3172,15,1009.2,1703,17,1009.7,29,1,1009.9,118,4,1010.0,2790,33,1010.1,497,6,1010.2,728,8
317,2025-11-26 13:06:36+05:30,1009.7,1,1000.45,6801019,399676.0,436806.0,986.2,1012.2,981.3,986.2,120399750,1084.8,887.6,1102.5,649.1,1009.6,57,1,1009.5,1240,6,1009.4,2114,9,1009.3,3172,15,1009.2,1703,17,1009.7,29,1,1009.9,118,4,1010.0,2790,33,1010.1,497,6,1010.2,728,8
317,2025-11-26 13:06:36+05:30,1009.6,6,1000.45,6801083,399204.0,437998.0,986.2,1012.2,981.3,986.2,120399750,1084.8,887.6,1102.5,649.1,1009.5,1202,5,1009.4,1842,6,1009.3,3214,15,1009.2,1787,18,1009.1,1702,12,1009.6,36,1,1009.7,3,1,1009.8,40,1,1009.9,462,7,1010.0,2970,37
317,2025-11-26 13:06:37+05:30,1009.6,6,1000.45,6801083,399204.0,437998.0,986.2,1012.2,981.3,986.2,120399750,1084.8,887.6,1102.5,649.1,1009.5,1202,5,1009.4,1842,6,1009.3,3214,15,1009.2,1787,18,1009.1,1702,12,1009.6,36,1,1009.7,3,1,1009.8,40,1,1009.9,462,7,1010.0,2970,37
317,2025-11-26 13:06:37+05:30,1009.6,6,1000.45,6801083,399344.0,437935.0,986.2,1012.2,981.3,986.2,120399750,1084.8,887.6,1102.5,649.1,1009.5,1263,6,1009.4,1972,8,1009.3,3084,13,1009.2,1816,19,1009.1,1731,13,1009.6,36,1,1009.7,4,2,1009.8,40,1,1009.9,462,7,1010.0,2970,37
317,2025-11-26 13:06:38+05:30,1009.5,1,1000.45,6801083,399344.0,437935.0,986.2,1012.2,981.3,986.2,120399750,1084.8,887.6,1102.5,649.1,1009.5,1263,6,1009.4,1972,8,1009.3,3084,13,1009.2,1816,19,1009.1,1731,13,1009.6,36,1,1009.7,4,2,1009.8,40,1,1009.9,462,7,1010.0,2970,37
317,2025-11-26 13:06:39+05:30,1009.5,1,1000.45,6801084,399356.0,437873.0,986.2,1012.2,981.3,986.2,120399750,1084.8,887.6,1102.5,649.1,1009.5,1275,7,1009.4,1972,8,1009.3,3084,13,1009.2,1816,19,1009.1,1731,13,1009.6,36,1,1009.7,4,2,1009.8,40,1,1009.9,462,7,1010.0,2884,36
317,2025-11-26 13:06:40+05:30,1009.6,1,1000.45,6801095,398969.0,437848.0,986.2,1012.2,981.3,986.2,120399750,1084.8,887.6,1102.5,649.1,1009.5,1020,5,1009.4,1720,5,1009.3,3014,13,1009.2,1816,19,1009.1,981,12,1009.6,35,1,1009.7,4,2,1009.8,40,1,1009.9,525,8,1010.0,2884,36
317,2025-11-26 13:06:40+05:30,1009.6,1,1000.45,6801095,398969.0,437848.0,986.2,1012.2,981.3,986.2,120399750,1084.8,887.6,1102.5,649.1,1009.5,1020,5,1009.4,1720,5,1009.3,3014,13,1009.2,1816,19,1009.1,981,12,1009.6,35,1,1009.7,4,2,1009.8,40,1,1009.9,525,8,1010.0,2884,36
317,2025-11-26 13:06:41+05:30,1009.6,1,1000.45,6801095,398969.0,437848.0,986.2,1012.2,981.3,986.2,120399750,1084.8,887.6,1102.5,649.1,1009.5,1020,5,1009.4,1720,5,1009.3,3014,13,1009.2,1816,19,1009.1,981,12,1009.6,35,1,1009.7,4,2,1009.8,40,1,1009.9,525,8,1010.0,2884,36
317,2025-11-26 13:06:41+05:30,1009.0,20,1000.46,6808771,374243.0,444051.0,986.2,1012.2,981.3,986.2,120399750,1084.8,887.6,1102.5,649.1,1008.7,107,1,1008.6,111,2,1008.5,912,7,1008.4,293,5,1008.3,1632,9,1009.0,21,1,1009.1,110,2,1009.2,485,7,1009.3,397,6,1009.4,953,11
317,2025-11-26 13:06:42+05:30,1009.0,61,1000.46,6808771,374243.0,444051.0,986.2,1012.2,981.3,986.2,120399750,1084.8,887.6,1102.5,649.1,1008.7,107,1,1008.6,111,2,1008.5,912,7,1008.4,293,5,1008.3,1632,9,1009.0,21,1,1009.1,110,2,1009.2,485,7,1009.3,397,6,1009.4,953,11
317,2025-11-26 13:06:42+05:30,1009.0,61,1000.46,6808979,379751.0,444239.0,986.2,1012.2,981.3,986.2,120399750,1084.8,887.6,1102.5,649.1,1008.7,358,7,1008.6,688,8,1008.5,1340,11,1008.4,2040,11,1008.3,1091,11,1009.1,180,3,1009.2,429,5,1009.3,990,7,1009.4,670,12,1009.5,707,9
317,2025-11-26 13:06:43+05:30,1009.1,70,1000.46,6808979,379751.0,444239.0,986.2,1012.2,981.3,986.2,120399750,1084.8,887.6,1102.5,649.1,1008.7,358,7,1008.6,688,8,1008.5,1340,11,1008.4,2040,11,1008.3,1091,11,1009.1,180,3,1009.2,429,5,1009.3,990,7,1009.4,670,12,1009.5,707,9
317,2025-11-26 13:06:43+05:30,1008.9,46,1000.46,6809417,380750.0,442245.0,986.2,1012.2,981.3,986.2,120399750,1084.8,887.6,1102.5,649.1,1008.9,65,1,1008.8,132,3,1008.7,191,2,1008.6,772,10,1008.5,879,13,1009.3,277,4,1009.4,485,7,1009.5,476,7,1009.6,1108,13,1009.7,816,12
317,2025-11-26 13:06:44+05:30,1009.4,3,1000.46,6809417,380750.0,442245.0,986.2,1012.2,981.3,986.2,120399750,1084.8,887.6,1102.5,649.1,1008.9,65,1,1008.8,132,3,1008.7,191,2,1008.6,772,10,1008.5,879,13,1009.3,277,4,1009.4,485,7,1009.5,476,7,1009.6,1108,13,1009.7,816,12
317,2025-11-26 13:06:44+05:30,1009.4,3,1000.46,6809420,382982.0,441935.0,986.2,1012.2,981.3,986.2,120399750,1084.8,887.6,1102.5,649.1,1009.0,137,2,1008.9,146,5,1008.8,445,6,1008.7,1221,7,1008.6,1584,11,1009.4,314,4,1009.5,767,5,1009.6,596,7,1009.7,918,12,1009.8,932,10
317,2025-11-26 13:06:45+05:30,1009.4,3,1000.46,6809420,382982.0,441935.0,986.2,1012.2,981.3,986.2,120399750,1084.8,887.6,1102.5,649.1,1009.0,137,2,1008.9,146,5,1008.8,445,6,1008.7,1221,7,1008.6,1584,11,1009.4,314,4,1009.5,767,5,1009.6,596,7,1009.7,918,12,1009.8,932,10
317,2025-11-26 13:06:45+05:30,1009.4,3,1000.46,6809428,385436.0,441923.0,986.2,1012.2,981.3,986.2,120399750,1084.8,887.6,1102.5,649.1,1009.0,163,4,1008.9,315,8,1008.8,1134,6,1008.7,2000,10,1008.6,2217,12,1009.3,137,1,1009.4,208,3,1009.5,669,4,1009.6,591,6,1009.7,861,13
317,2025-11-26 13:06:46+05:30,1009.0,22,1000.46,6809428,385436.0,441923.0,986.2,1012.2,981.3,986.2,120399750,1084.8,887.6,1102.5,649.1,1009.0,163,4,1008.9,315,8,1008.8,1134,6,1008.7,2000,10,1008.6,2217,12,1009.3,137,1,1009.4,208,3,1009.5,669,4,1009.6,591,6,1009.7,861,13
317,2025-11-26 13:06:46+05:30,1009.0,16,1000.46,6809725,386120.0,441083.0,986.2,1012.2,981.3,986.2,120399750,1084.8,887.6,1102.5,649.1,1009.0,111,2,1008.9,287,8,1008.8,1328,7,1008.7,2157,11,1008.6,2262,13,1009.3,133,1,1009.4,208,3,1009.5,743,3,1009.6,653,6,1009.7,699,11
317,2025-11-26 13:06:47+05:30,1009.0,16,1000.46,6809725,386120.0,441083.0,986.2,1012.2,981.3,986.2,120399750,1084.8,887.6,1102.5,649.1,1009.0,111,2,1008.9,287,8,1008.8,1328,7,1008.7,2157,11,1008.6,2262,13,1009.3,133,1,1009.4,208,3,1009.5,743,3,1009.6,653,6,1009.7,699,11
317,2025-11-26 13:06:47+05:30,1009.0,16,1000.46,6809725,386418.0,441773.0,986.2,1012.2,981.3,986.2,120399750,1084.8,887.6,1102.5,649.1,1009.0,137,4,1008.9,370,9,1008.8,1328,7,1008.7,2193,12,1008.6,2262,13,1009.3,133,1,1009.4,208,3,1009.5,743,3,1009.6,679,7,1009.7,699,11
317,2025-11-26 13:06:48+05:30,1009.0,5,1000.46,6809730,386260.0,441038.0,986.2,1012.2,981.3,986.2,120399750,1084.8,887.6,1102.5,649.1,1009.0,156,5,1008.9,226,7,1008.8,1267,7,1008.7,2169,11,1008.6,2262,13,1009.3,134,2,1009.4,208,3,1009.5,215,2,1009.6,653,6,1009.7,698,10
317,2025-11-26 13:06:49+05:30,1009.3,8,1000.46,6809730,386260.0,441038.0,986.2,1012.2,981.3,986.2,120399750,1084.8,887.6,1102.5,649.1,1009.0,156,5,1008.9,226,7,1008.8,1267,7,1008.7,2169,11,1008.6,2262,13,1009.3,134,2,1009.4,208,3,1009.5,215,2,1009.6,653,6,1009.7,698,10
317,2025-11-26 13:06:50+05:30,1009.3,8,1000.46,6809738,386406.0,441055.0,986.2,1012.2,981.3,986.2,120399750,1084.8,887.6,1102.5,649.1,1009.0,156,5,1008.9,308,8,1008.8,1389,8,1008.7,2169,11,1008.6,2262,13,1009.3,126,2,1009.4,208,3,1009.5,215,2,1009.6,678,7,1009.7,698,10
317,2025-11-26 13:06:50+05:30,1009.3,1,1000.46,6809738,386406.0,441055.0,986.2,1012.2,981.3,986.2,120399750,1084.8,887.6,1102.5,649.1,1009.0,156,5,1008.9,308,8,1008.8,1389,8,1008.7,2169,11,1008.6,2262,13,1009.3,126,2,1009.4,208,3,1009.5,215,2,1009.6,678,7,1009.7,698,10
317,2025-11-26 13:06:51+05:30,1009.3,1,1000.46,6809741,386417.0,441027.0,986.2,1012.2,981.3,986.2,120399750,1084.8,887.6,1102.5,649.1,1009.0,156,5,1008.9,308,8,1008.8,1389,8,1008.7,2169,11,1008.6,2262,13,1009.3,123,2,1009.4,208,3,1009.5,215,2,1009.6,653,6,1009.7,698,10
317,2025-11-26 13:06:51+05:30,1009.3,1,1000.46,6809741,386417.0,441027.0,986.2,1012.2,981.3,986.2,120399750,1084.8,887.6,1102.5,649.1,1009.0,156,5,1008.9,308,8,1008.8,1389,8,1008.7,2169,11,1008.6,2262,13,1009.3,123,2,1009.4,208,3,1009.5,215,2,1009.6,653,6,1009.7,698,10
317,2025-11-26 13:06:52+05:30,1009.3,1,1000.46,6809741,386840.0,442232.0,986.2,1012.2,981.3,986.2,120399750,1084.8,887.6,1102.5,649.1,1009.0,50,3,1008.9,105,5,1008.8,1132,5,1008.7,2084,10,1008.6,2262,13,1009.1,176,1,1009.3,123,2,1009.4,218,5,1009.5,335,4,1009.6,1212,7
317,2025-11-26 13:06:53+05:30,1009.1,23,1000.46,6809773,388002.0,442206.0,986.2,1012.2,981.3,986.2,120399750,1084.8,887.6,1102.5,649.1,1009.0,234,4,1008.9,244,7,1008.8,1461,8,1008.7,3058,14,1008.6,2262,13,1009.1,144,1,1009.3,123,2,1009.4,218,5,1009.5,335,4,1009.6,1212,7
317,2025-11-26 13:06:53+05:30,1009.1,23,1000.46,6809773,388002.0,442206.0,986.2,1012.2,981.3,986.2,120399750,1084.8,887.6,1102.5,649.1,1009.0,234,4,1008.9,244,7,1008.8,1461,8,1008.7,3058,14,1008.6,2262,13,1009.1,144,1,1009.3,123,2,1009.4,218,5,1009.5,335,4,1009.6,1212,7
317,2025-11-26 13:06:54+05:30,1009.1,112,1000.46,6809885,387815.0,442237.0,986.2,1012.2,981.3,986.2,120399750,1084.8,887.6,1102.5,649.1,1009.0,50,3,1008.9,186,6,1008.8,1336,7,1008.7,3116,15,1008.6,2262,13,1009.1,203,2,1009.2,72,1,1009.3,123,2,1009.4,121,3,1009.5,335,4
317,2025-11-26 13:06:54+05:30,1009.1,112,1000.46,6809885,387815.0,442237.0,986.2,1012.2,981.3,986.2,120399750,1084.8,887.6,1102.5,649.1,1009.0,50,3,1008.9,186,6,1008.8,1336,7,1008.7,3116,15,1008.6,2262,13,1009.1,203,2,1009.2,72,1,1009.3,123,2,1009.4,121,3,1009.5,335,4
317,2025-11-26 13:06:55+05:30,1009.1,1,1000.46,6809917,387828.0,442382.0,986.2,1012.2,981.3,986.2,120399750,1084.8,887.6,1102.5,649.1,1009.0,63,4,1008.9,244,7,1008.8,1458,8,1008.7,3058,14,1008.6,2262,13,1009.1,347,2,1009.2,72,1,1009.3,123,2,1009.4,121,3,1009.5,335,4
317,2025-11-26 13:06:55+05:30,1009.1,12,1000.46,6809917,387828.0,442382.0,986.2,1012.2,981.3,986.2,120399750,1084.8,887.6,1102.5,649.1,1009.0,63,4,1008.9,244,7,1008.8,1458,8,1008.7,3058,14,1008.6,2262,13,1009.1,347,2,1009.2,72,1,1009.3,123,2,1009.4,121,3,1009.5,335,4
317,2025-11-26 13:06:56+05:30,1009.0,2,1000.46,6809934,388079.0,442427.0,986.2,1012.2,981.3,986.2,120399750,1084.8,887.6,1102.5,649.1,1009.0,71,5,1008.9,244,7,1008.8,1336,7,1008.7,3058,14,1008.6,2262,13,1009.1,332,2,1009.2,72,1,1009.3,245,3,1009.4,121,3,1009.5,336,5
317,2025-11-26 13:06:56+05:30,1009.0,2,1000.46,6809934,388079.0,442427.0,986.2,1012.2,981.3,986.2,120399750,1084.8,887.6,1102.5,649.1,1009.0,71,5,1008.9,244,7,1008.8,1336,7,1008.7,3058,14,1008.6,2262,13,1009.1,332,2,1009.2,72,1,1009.3,245,3,1009.4,121,3,1009.5,336,5
317,2025-11-26 13:06:57+05:30,1009.0,1261,1000.46,6811516,389103.0,442606.0,986.2,1012.2,981.3,986.2,120399750,1084.8,887.6,1102.5,649.1,1009.0,7,1,1008.9,692,11,1008.8,1551,10,1008.7,3029,12,1008.6,2448,16,1009.1,156,1,1009.2,72,1,1009.3,123,2,1009.4,116,2,1009.5,1029,8
317,2025-11-26 13:06:57+05:30,1009.0,1261,1000.46,6811516,389103.0,442606.0,986.2,1012.2,981.3,986.2,120399750,1084.8,887.6,1102.5,649.1,1009.0,7,1,1008.9,692,11,1008.8,1551,10,1008.7,3029,12,1008.6,2448,16,1009.1,156,1,1009.2,72,1,1009.3,123,2,1009.4,116,2,1009.5,1029,8
317,2025-11-26 13:06:58+05:30,1009.2,2,1000.46,6811674,389562.0,442069.0,986.2,1012.2,981.3,986.2,120399750,1084.8,887.6,1102.5,649.1,1009.0,579,11,1008.9,2362,14,1008.8,3077,15,1008.7,972,10,1008.6,1616,14,1009.2,70,1,1009.3,123,2,1009.5,123,2,1009.6,574,7,1009.7,755,9
317,2025-11-26 13:06:58+05:30,1009.1,1,1000.46,6811674,389562.0,442069.0,986.2,1012.2,981.3,986.2,120399750,1084.8,887.6,1102.5,649.1,1009.0,579,11,1008.9,2362,14,1008.8,3077,15,1008.7,972,10,1008.6,1616,14,1009.2,70,1,1009.3,123,2,1009.5,123,2,1009.6,574,7,1009.7,755,9
317,2025-11-26 13:06:59+05:30,1009.2,1,1000.46,6811677,390709.0,441651.0,986.2,1012.2,981.3,986.2,120399750,1084.8,887.6,1102.5,649.1,1009.1,613,7,1009.0,1229,11,1008.9,2843,13,1008.8,2256,14,1008.7,1055,11,1009.2,69,1,1009.3,122,1,1009.5,123,2,1009.6,574,7,1009.7,755,9
317,2025-11-26 13:06:59+05:30,1009.2,1,1000.46,6811677,390709.0,441651.0,986.2,1012.2,981.3,986.2,120399750,1084.8,887.6,1102.5,649.1,1009.1,613,7,1009.0,1229,11,1008.9,2843,13,1008.8,2256,14,1008.7,1055,11,1009.2,69,1,1009.3,122,1,1009.5,123,2,1009.6,574,7,1009.7,755,9
317,2025-11-26 13:07:00+05:30,1009.5,1,1000.46,6812647,388757.0,439909.0,986.2,1012.2,981.3,986.2,120399750,1084.8,887.6,1102.5,649.1,1009.2,5,1,1009.1,110,1,1009.0,988,7,1008.9,2207,12,1008.8,3044,15,1009.5,227,3,1009.6,535,9,1009.7,545,8,1009.8,742,8,1009.9,1178,17
317,2025-11-26 13:07:00+05:30,1009.5,1,1000.46,6812647,388757.0,439909.0,986.2,1012.2,981.3,986.2,120399750,1084.8,887.6,1102.5,649.1,1009.2,5,1,1009.1,110,1,1009.0,988,7,1008.9,2207,12,1008.8,3044,15,1009.5,227,3,1009.6,535,9,1009.7,545,8,1009.8,742,8,1009.9,1178,17
317,2025-11-26 13:07:01+05:30,1009.6,1,1000.46,6812782,386824.0,439610.0,986.2,1012.2,981.3,986.2,120399750,1084.8,887.6,1102.5,649.1,1009.2,5,1,1009.1,194,2,1009.0,1116,8,1008.9,1493,12,1008.8,3118,16,1009.6,466,6,1009.7,577,7,1009.8,664,6,1009.9,1280,17,1010.0,3384,45
317,2025-11-26 13:07:01+05:30,1009.6,1,1000.46,6812782,386824.0,439610.0,986.2,1012.2,981.3,986.2,120399750,1084.8,887.6,1102.5,649.1,1009.2,5,1,1009.1,194,2,1009.0,1116,8,1008.9,1493,12,1008.8,3118,16,1009.6,466,6,1009.7,577,7,1009.8,664,6,1009.9,1280,17,1010.0,3384,45
317,2025-11-26 13:07:02+05:30,1009.2,1,1000.46,6812783,390811.0,440438.0,986.2,1012.2,981.3,986.2,120399750,1084.8,887.6,1102.5,649.1,1009.2,4,1,1009.1,84,1,1009.0,1168,9,1008.9,2980,14,1008.8,3085,16,1009.3,42,1,1009.4,61,1,1009.6,433,4,1009.7,685,8,1009.8,664,6
317,2025-11-26 13:07:02+05:30,1009.2,1,1000.46,6812783,390811.0,440438.0,986.2,1012.2,981.3,986.2,120399750,1084.8,887.6,1102.5,649.1,1009.2,4,1,1009.1,84,1,1009.0,1168,9,1008.9,2980,14,1008.8,3085,16,1009.3,42,1,1009.4,61,1,1009.6,433,4,1009.7,685,8,1009.8,664,6
317,2025-11-26 13:07:03+05:30,1009.3,23,1000.46,6813024,391097.0,440245.0,986.2,1012.2,981.3,986.2,120399750,1084.8,887.6,1102.5,649.1,1009.2,4,1,1009.1,136,2,1009.0,1266,10,1008.9,2949,14,1008.8,3085,16,1009.3,15,1,1009.4,95,2,1009.6,433,4,1009.7,581,6,1009.8,664,6
317,2025-11-26 13:07:03+05:30,1009.3,23,1000.46,6813024,391097.0,440245.0,986.2,1012.2,981.3,986.2,120399750,1084.8,887.6,1102.5,649.1,1009.2,4,1,1009.1,136,2,1009.0,1266,10,1008.9,2949,14,1008.8,3085,16,1009.3,15,1,1009.4,95,2,1009.6,433,4,1009.7,581,6,1009.8,664,6
317,2025-11-26 13:07:04+05:30,1009.3,23,1000.46,6813024,391097.0,440789.0,986.2,1012.2,981.3,986.2,120399750,1084.8,887.6,1102.5,649.1,1009.2,4,1,1009.1,136,2,1009.0,1266,10,1008.9,2949,14,1008.8,3085,16,1009.3,15,1,1009.4,95,2,1009.6,433,4,1009.7,1114,8,1009.8,664,6
317,2025-11-26 13:07:05+05:30,1009.3,2,1000.46,6813026,391097.0,440256.0,986.2,1012.2,981.3,986.2,120399750,1084.8,887.6,1102.5,649.1,1009.2,4,1,1009.1,84,1,1009.0,1318,11,1008.9,2949,14,1008.8,3085,16,1009.3,13,1,1009.4,95,2,1009.6,433,4,1009.7,583,7,1009.8,664,6
317,2025-11-26 13:07:05+05:30,1009.3,2,1000.46,6813026,391097.0,440256.0,986.2,1012.2,981.3,986.2,120399750,1084.8,887.6,1102.5,649.1,1009.2,4,1,1009.1,84,1,1009.0,1318,11,1008.9,2949,14,1008.8,3085,16,1009.3,13,1,1009.4,95,2,1009.6,433,4,1009.7,583,7,1009.8,664,6
317,2025-11-26 13:07:06+05:30,1009.3,1,1000.46,6813027,391097.0,440781.0,986.2,1012.2,981.3,986.2,120399750,1084.8,887.6,1102.5,649.1,1009.2,4,1,1009.1,84,1,1009.0,1318,11,1008.9,2949,14,1008.8,3085,16,1009.3,12,1,1009.4,95,2,1009.6,445,5,1009.7,1105,8,1009.8,664,6
317,2025-11-26 13:07:06+05:30,1009.3,1,1000.46,6813027,391097.0,440781.0,986.2,1012.2,981.3,986.2,120399750,1084.8,887.6,1102.5,649.1,1009.2,4,1,1009.1,84,1,1009.0,1318,11,1008.9,2949,14,1008.8,3085,16,1009.3,12,1,1009.4,95,2,1009.6,445,5,1009.7,1105,8,1009.8,664,6
317,2025-11-26 13:07:07+05:30,1009.2,8,1000.46,6813066,389659.0,440732.0,986.2,1012.2,981.3,986.2,120399750,1084.8,887.6,1102.5,649.1,1009.0,1290,10,1008.9,2933,14,1008.8,2458,17,1008.7,1128,11,1008.6,1449,12,1009.2,23,1,1009.3,11,1,1009.4,34,1,1009.6,564,7,1009.7,1168,9
317,2025-11-26 13:07:07+05:30,1009.2,8,1000.46,6813066,389659.0,440732.0,986.2,1012.2,981.3,986.2,120399750,1084.8,887.6,1102.5,649.1,1009.0,1290,10,1008.9,2933,14,1008.8,2458,17,1008.7,1128,11,1008.6,1449,12,1009.2,23,1,1009.3,11,1,1009.4,34,1,1009.6,564,7,1009.7,1168,9
317,2025-11-26 13:07:08+05:30,1009.2,1,1000.46,6813080,389740.0,440757.0,986.2,1012.2,981.3,986.2,120399750,1084.8,887.6,1102.5,649.1,1009.0,1225,8,1008.9,2985,15,1008.8,2458,17,1008.7,1128,11,1008.6,1473,13,1009.2,22,1,1009.3,11,1,1009.4,34,1,1009.5,657,2,1009.6,564,7
317,2025-11-26 13:07:08+05:30,1009.2,1,1000.46,6813080,389740.0,440757.0,986.2,1012.2,981.3,986.2,120399750,1084.8,887.6,1102.5,649.1,1009.0,1225,8,1008.9,2985,15,1008.8,2458,17,1008.7,1128,11,1008.6,1473,13,1009.2,22,1,1009.3,11,1,1009.4,34,1,1009.5,657,2,1009.6,564,7
317,2025-11-26 13:07:09+05:30,1009.2,1,1000.46,6813080,389740.0,440757.0,986.2,1012.2,981.3,986.2,120399750,1084.8,887.6,1102.5,649.1,1009.0,1225,8,1008.9,2985,15,1008.8,2458,17,1008.7,1128,11,1008.6,1473,13,1009.2,22,1,1009.3,11,1,1009.4,34,1,1009.5,657,2,1009.6,564,7
317,2025-11-26 13:07:09+05:30,1009.2,1,1000.46,6813081,390870.0,440536.0,986.2,1012.2,981.3,986.2,120399750,1084.8,887.6,1102.5,649.1,1009.0,1979,10,1008.9,4316,16,1008.8,1075,15,1008.7,1128,11,1008.6,2351,15,1009.2,22,2,1009.3,11,1,1009.4,34,1,1009.5,128,1,1009.6,564,7
317,2025-11-26 13:07:10+05:30,1009.2,1,1000.46,6813081,390870.0,440536.0,986.2,1012.2,981.3,986.2,120399750,1084.8,887.6,1102.5,649.1,1009.0,1979,10,1008.9,4316,16,1008.8,1075,15,1008.7,1128,11,1008.6,2351,15,1009.2,22,2,1009.3,11,1,1009.4,34,1,1009.5,128,1,1009.6,564,7
317,2025-11-26 13:07:10+05:30,1009.2,1,1000.46,6813103,392118.0,440491.0,986.2,1012.2,981.3,986.2,120399750,1084.8,887.6,1102.5,649.1,1009.1,897,3,1009.0,2323,12,1008.9,3566,15,1008.8,1748,16,1008.7,1128,11,1009.2,61,1,1009.3,51,2,1009.6,907,5,1009.7,663,7,1009.8,764,10
317,2025-11-26 13:07:11+05:30,1009.2,2,1000.46,6813103,392118.0,440491.0,986.2,1012.2,981.3,986.2,120399750,1084.8,887.6,1102.5,649.1,1009.1,897,3,1009.0,2323,12,1008.9,3566,15,1008.8,1748,16,1008.7,1128,11,1009.2,61,1,1009.3,51,2,1009.6,907,5,1009.7,663,7,1009.8,764,10
317,2025-11-26 13:07:11+05:30,1009.3,70,1000.46,6813855,389463.0,439781.0,986.2,1012.2,981.3,986.2,120399750,1084.8,887.6,1102.5,649.1,1009.0,2350,11,1008.9,2827,13,1008.8,1064,14,1008.7,1064,11,1008.6,2529,13,1009.3,40,1,1009.6,1006,6,1009.7,616,7,1009.8,764,10,1009.9,1080,12
317,2025-11-26 13:07:12+05:30,1009.6,25,1000.46,6813855,389463.0,439781.0,986.2,1012.2,981.3,986.2,120399750,1084.8,887.6,1102.5,649.1,1009.0,2350,11,1008.9,2827,13,1008.8,1064,14,1008.7,1064,11,1008.6,2529,13,1009.3,40,1,1009.6,1006,6,1009.7,616,7,1009.8,764,10,1009.9,1080,12
317,2025-11-26 13:07:12+05:30,1009.6,25,1000.46,6813955,388924.0,439582.0,986.2,1012.2,981.3,986.2,120399750,1084.8,887.6,1102.5,649.1,1009.1,949,7,1009.0,1465,11,1008.9,2802,12,1008.8,1093,16,1008.7,1192,12,1009.5,87,1,1009.6,435,5,1009.7,555,9,1009.8,805,10,1009.9,1080,12
317,2025-11-26 13:07:13+05:30,1009.5,6,1000.46,6813955,388924.0,439582.0,986.2,1012.2,981.3,986.2,120399750,1084.8,887.6,1102.5,649.1,1009.1,949,7,1009.0,1465,11,1008.9,2802,12,1008.8,1093,16,1008.7,1192,12,1009.5,87,1,1009.6,435,5,1009.7,555,9,1009.8,805,10,1009.9,1080,12
317,2025-11-26 13:07:13+05:30,1009.5,6,1000.46,6813987,389494.0,440937.0,986.2,1012.2,981.3,986.2,120399750,1084.8,887.6,1102.5,649.1,1009.1,889,6,1009.0,1563,12,1008.9,2802,12,1008.8,1061,15,1008.7,1192,12,1009.2,8,1,1009.5,104,2,1009.6,930,6,1009.7,702,10,1009.8,758,9
317,2025-11-26 13:07:14+05:30,1009.3,3,1000.46,6813987,389494.0,440937.0,986.2,1012.2,981.3,986.2,120399750,1084.8,887.6,1102.5,649.1,1009.1,889,6,1009.0,1563,12,1008.9,2802,12,1008.8,1061,15,1008.7,1192,12,1009.2,8,1,1009.5,104,2,1009.6,930,6,1009.7,702,10,1009.8,758,9
317,2025-11-26 13:07:14+05:30,1009.3,3,1000.46,6814068,390805.0,440333.0,986.2,1012.2,981.3,986.2,120399750,1084.8,887.6,1102.5,649.1,1009.2,34,1,1009.1,907,8,1009.0,2168,11,1008.9,2849,13,1008.8,1723,15,1009.3,177,1,1009.5,55,1,1009.6,771,5,1009.7,553,8,1009.8,682,9
317,2025-11-26 13:07:15+05:30,1009.3,2,1000.46,6814068,390805.0,440333.0,986.2,1012.2,981.3,986.2,120399750,1084.8,887.6,1102.5,649.1,1009.2,34,1,1009.1,907,8,1009.0,2168,11,1008.9,2849,13,1008.8,1723,15,1009.3,177,1,1009.5,55,1,1009.6,771,5,1009.7,553,8,1009.8,682,9
317,2025-11-26 13:07:15+05:30,1009.3,2,1000.46,6814070,390833.0,440162.0,986.2,1012.2,981.3,986.2,120399750,1084.8,887.6,1102.5,649.1,1009.2,34,1,1009.1,907,8,1009.0,2168,11,1008.9,2877,14,1008.8,1723,15,1009.3,175,1,1009.5,55,1,1009.6,771,5,1009.7,553,8,1009.8,709,11
317,2025-11-26 13:07:16+05:30,1009.3,1,1000.46,6814070,390833.0,440162.0,986.2,1012.2,981.3,986.2,120399750,1084.8,887.6,1102.5,649.1,1009.2,34,1,1009.1,907,8,1009.0,2168,11,1008.9,2877,14,1008.8,1723,15,1009.3,175,1,1009.5,55,1,1009.6,771,5,1009.7,553,8,1009.8,709,11
317,2025-11-26 13:07:16+05:30,1009.3,1,1000.46,6814071,390833.0,440191.0,986.2,1012.2,981.3,986.2,120399750,1084.8,887.6,1102.5,649.1,1009.2,34,1,1009.1,907,8,1009.0,2121,10,1008.9,2924,15,1008.8,1723,15,1009.3,189,2,1009.5,70,2,1009.6,771,5,1009.7,579,9,1009.8,683,10
317,2025-11-26 13:07:17+05:30,1009.3,1,1000.46,6814071,390833.0,440191.0,986.2,1012.2,981.3,986.2,120399750,1084.8,887.6,1102.5,649.1,1009.2,34,1,1009.1,907,8,1009.0,2121,10,1008.9,2924,15,1008.8,1723,15,1009.3,189,2,1009.5,70,2,1009.6,771,5,1009.7,579,9,1009.8,683,10
317,2025-11-26 13:07:17+05:30,1009.3,1,1000.46,6814072,390842.0,440189.0,986.2,1012.2,981.3,986.2,120399750,1084.8,887.6,1102.5,649.1,1009.2,47,2,1009.1,894,7,1009.0,2236,13,1008.9,2956,14,1008.8,1723,15,1009.3,188,2,1009.5,70,2,1009.6,771,5,1009.7,578,9,1009.8,683,10
317,2025-11-26 13:07:18+05:30,1009.3,1,1000.46,6814072,390842.0,440189.0,986.2,1012.2,981.3,986.2,120399750,1084.8,887.6,1102.5,649.1,1009.2,47,2,1009.1,894,7,1009.0,2236,13,1008.9,2956,14,1008.8,1723,15,1009.3,188,2,1009.5,70,2,1009.6,771,5,1009.7,578,9,1009.8,683,10
317,2025-11-26 13:07:18+05:30,1009.3,1,1000.46,6814073,390842.0,441189.0,986.2,1012.2,981.3,986.2,120399750,1084.8,887.6,1102.5,649.1,1009.2,47,2,1009.1,894,7,1009.0,2189,12,1008.9,3003,15,1008.8,1723,15,1009.3,188,3,1009.5,70,2,1009.6,771,5,1009.7,578,9,1009.8,683,10
317,2025-11-26 13:07:19+05:30,1009.3,1,1000.46,6814073,390842.0,441189.0,986.2,1012.2,981.3,986.2,120399750,1084.8,887.6,1102.5,649.1,1009.2,47,2,1009.1,894,7,1009.0,2189,12,1008.9,3003,15,1008.8,1723,15,1009.3,188,3,1009.5,70,2,1009.6,771,5,1009.7,578,9,1009.8,683,10
317,2025-11-26 13:07:19+05:30,1009.3,1,1000.46,6814074,390842.0,441163.0,986.2,1012.2,981.3,986.2,120399750,1084.8,887.6,1102.5,649.1,1009.2,47,2,1009.1,894,7,1009.0,2189,12,1008.9,3003,15,1008.8,1723,15,1009.3,187,3,1009.5,70,2,1009.6,771,5,1009.7,553,8,1009.8,683,10
317,2025-11-26 13:07:20+05:30,1009.3,1,1000.46,6814074,390842.0,441163.0,986.2,1012.2,981.3,986.2,120399750,1084.8,887.6,1102.5,649.1,1009.2,47,2,1009.1,894,7,1009.0,2189,12,1008.9,3003,15,1008.8,1723,15,1009.3,187,3,1009.5,70,2,1009.6,771,5,1009.7,553,8,1009.8,683,10
317,2025-11-26 13:07:20+05:30,1009.3,1,1000.46,6814075,390712.0,441215.0,986.2,1012.2,981.3,986.2,120399750,1084.8,887.6,1102.5,649.1,1009.2,47,2,1009.1,894,7,1009.0,2061,11,1008.9,3001,15,1008.8,1723,15,1009.3,186,3,1009.4,35,1,1009.5,198,3,1009.6,792,6,1009.7,553,8
317,2025-11-26 13:07:21+05:30,1009.2,20,1000.46,6814075,390712.0,441215.0,986.2,1012.2,981.3,986.2,120399750,1084.8,887.6,1102.5,649.1,1009.2,47,2,1009.1,894,7,1009.0,2061,11,1008.9,3001,15,1008.8,1723,15,1009.3,186,3,1009.4,35,1,1009.5,198,3,1009.6,792,6,1009.7,553,8
317,2025-11-26 13:07:21+05:30,1009.2,13,1000.46,6814123,390660.0,441650.0,986.2,1012.2,981.3,986.2,120399750,1084.8,887.6,1102.5,649.1,1009.1,813,6,1009.0,1636,8,1008.9,3629,14,1008.8,1050,14,1008.7,1134,11,1009.2,20,1,1009.3,185,3,1009.4,35,1,1009.5,198,3,1009.6,876,7
317,2025-11-26 13:07:22+05:30,1009.2,13,1000.46,6814123,390660.0,441650.0,986.2,1012.2,981.3,986.2,120399750,1084.8,887.6,1102.5,649.1,1009.1,813,6,1009.0,1636,8,1008.9,3629,14,1008.8,1050,14,1008.7,1134,11,1009.2,20,1,1009.3,185,3,1009.4,35,1,1009.5,198,3,1009.6,876,7
317,2025-11-26 13:07:22+05:30,1009.2,13,1000.46,6814123,390688.0,441660.0,986.2,1012.2,981.3,986.2,120399750,1084.8,887.6,1102.5,649.1,1009.1,813,6,1009.0,1636,8,1008.9,3531,13,1008.8,1078,15,1008.7,1134,11,1009.2,20,1,1009.3,185,3,1009.4,35,1,1009.5,223,4,1009.6,876,7
317,2025-11-26 13:07:23+05:30,1009.2,23,1000.46,6814123,390688.0,441660.0,986.2,1012.2,981.3,986.2,120399750,1084.8,887.6,1102.5,649.1,1009.1,813,6,1009.0,1636,8,1008.9,3531,13,1008.8,1078,15,1008.7,1134,11,1009.2,20,1,1009.3,185,3,1009.4,35,1,1009.5,223,4,1009.6,876,7
317,2025-11-26 13:07:23+05:30,1009.2,23,1000.46,6814154,391048.0,441832.0,986.2,1012.2,981.3,986.2,120399750,1084.8,887.6,1102.5,649.1,1009.1,1042,8,1009.0,1715,9,1008.9,3584,13,1008.8,1078,15,1008.7,1134,11,1009.2,20,1,1009.3,230,4,1009.5,198,3,1009.6,792,6,1009.7,740,10
317,2025-11-26 13:07:24+05:30,1009.2,106,1000.46,6814260,391048.0,441804.0,986.2,1012.2,981.3,986.2,120399750,1084.8,887.6,1102.5,649.1,1009.1,1042,8,1009.0,1715,9,1008.9,3584,13,1008.8,1078,15,1008.7,1134,11,1009.2,20,1,1009.3,230,4,1009.5,198,3,1009.6,713,4,1009.7,758,10
317,2025-11-26 13:07:25+05:30,1009.2,8,1000.46,6814260,391048.0,441804.0,986.2,1012.2,981.3,986.2,120399750,1084.8,887.6,1102.5,649.1,1009.1,1042,8,1009.0,1715,9,1008.9,3584,13,1008.8,1078,15,1008.7,1134,11,1009.2,20,1,1009.3,230,4,1009.5,198,3,1009.6,713,4,1009.7,758,10
317,2025-11-26 13:07:25+05:30,1009.2,8,1000.47,6815486,380956.0,445284.0,986.2,1012.2,981.3,986.2,120399750,1084.8,887.6,1102.5,649.1,1009.0,42,2,1008.8,186,2,1008.7,226,2,1008.6,234,7,1008.5,1263,10,1009.2,454,10,1009.3,742,11,1009.4,544,7,1009.5,1441,17,1009.6,997,18
317,2025-11-26 13:07:26+05:30,1009.2,1,1000.47,6815486,380956.0,445284.0,986.2,1012.2,981.3,986.2,120399750,1084.8,887.6,1102.5,649.1,1009.0,42,2,1008.8,186,2,1008.7,226,2,1008.6,234,7,1008.5,1263,10,1009.2,454,10,1009.3,742,11,1009.4,544,7,1009.5,1441,17,1009.6,997,18
317,2025-11-26 13:07:26+05:30,1009.1,14,1000.47,6815503,381087.0,445518.0,986.2,1012.2,981.3,986.2,120399750,1084.8,887.6,1102.5,649.1,1009.1,3,1,1009.0,42,2,1008.8,186,2,1008.7,226,2,1008.6,362,8,1009.2,369,8,1009.3,742,11,1009.4,456,6,1009.5,1441,17,1009.6,987,17
317,2025-11-26 13:07:27+05:30,1009.1,10,1000.47,6815503,381087.0,445518.0,986.2,1012.2,981.3,986.2,120399750,1084.8,887.6,1102.5,649.1,1009.1,3,1,1009.0,42,2,1008.8,186,2,1008.7,226,2,1008.6,362,8,1009.2,369,8,1009.3,742,11,1009.4,456,6,1009.5,1441,17,1009.6,987,17
317,2025-11-26 13:07:27+05:30,1009.1,10,1000.47,6815513,381113.0,445604.0,986.2,1012.2,981.3,986.2,120399750,1084.8,887.6,1102.5,649.1,1009.1,17,1,1009.0,42,2,1008.8,186,2,1008.7,226,2,1008.6,362,8,1009.2,403,8,1009.3,787,12,1009.4,456,6,1009.5,1441,17,1009.6,987,17
317,2025-11-26 13:07:28+05:30,1009.1,10,1000.47,6815513,382155.0,445425.0,986.2,1012.2,981.3,986.2,120399750,1084.8,887.6,1102.5,649.1,1009.1,17,1,1009.0,42,2,1008.8,186,2,1008.7,257,5,1008.6,349,7,1009.2,181,5,1009.3,737,12,1009.4,456,6,1009.5,1143,16,1009.6,1285,18
317,2025-11-26 13:07:29+05:30,1009.1,10,1000.47,6815513,382163.0,445401.0,986.2,1012.2,981.3,986.2,120399750,1084.8,887.6,1102.5,649.1,1009.1,17,1,1009.0,42,2,1008.8,186,2,1008.7,257,5,1008.6,1099,8,1009.2,181,5,1009.3,737,12,1009.4,456,6,1009.5,1143,16,1009.6,1261,17
317,2025-11-26 13:07:30+05:30,1009.2,28,1000.47,6815513,382163.0,445401.0,986.2,1012.2,981.3,986.2,120399750,1084.8,887.6,1102.5,649.1,1009.1,17,1,1009.0,42,2,1008.8,186,2,1008.7,257,5,1008.6,1099,8,1009.2,181,5,1009.3,737,12,1009.4,456,6,1009.5,1143,16,1009.6,1261,17
317,2025-11-26 13:07:30+05:30,1009.2,28,1000.47,6815566,382281.0,444464.0,986.2,1012.2,981.3,986.2,120399750,1084.8,887.6,1102.5,649.1,1009.1,17,1,1009.0,42,2,1008.8,388,3,1008.7,1085,7,1008.6,1276,10,1009.3,483,8,1009.4,499,6,1009.5,912,13,1009.6,1145,20,1009.7,1142,12
317,2025-11-26 13:07:31+05:30,1009.3,1,1000.47,6815566,382281.0,444464.0,986.2,1012.2,981.3,986.2,120399750,1084.8,887.6,1102.5,649.1,1009.1,17,1,1009.0,42,2,1008.8,388,3,1008.7,1085,7,1008.6,1276,10,1009.3,483,8,1009.4,499,6,1009.5,912,13,1009.6,1145,20,1009.7,1142,12
317,2025-11-26 13:07:31+05:30,1009.1,122,1000.47,6815697,385187.0,444765.0,986.2,1012.2,981.3,986.2,120399750,1084.8,887.6,1102.5,649.1,1009.0,42,2,1008.8,212,4,1008.7,1204,7,1008.6,2935,13,1008.5,2061,12,1009.1,30,1,1009.2,1,1,1009.3,361,5,1009.4,512,7,1009.5,1445,15
317,2025-11-26 13:07:32+05:30,1009.0,10,1000.47,6815697,385187.0,444765.0,986.2,1012.2,981.3,986.2,120399750,1084.8,887.6,1102.5,649.1,1009.0,42,2,1008.8,212,4,1008.7,1204,7,1008.6,2935,13,1008.5,2061,12,1009.1,30,1,1009.2,1,1,1009.3,361,5,1009.4,512,7,1009.5,1445,15
317,2025-11-26 13:07:32+05:30,1009.1,5,1000.47,6815716,385562.0,444711.0,986.2,1012.2,981.3,986.2,120399750,1084.8,887.6,1102.5,649.1,1009.0,125,3,1008.8,212,4,1008.7,1246,8,1008.6,2985,14,1008.5,2100,13,1009.1,21,1,1009.2,1,1,1009.3,361,5,1009.4,428,5,1009.5,1529,17
317,2025-11-26 13:07:33+05:30,1009.1,23,1000.47,6815716,385562.0,444711.0,986.2,1012.2,981.3,986.2,120399750,1084.8,887.6,1102.5,649.1,1009.0,125,3,1008.8,212,4,1008.7,1246,8,1008.6,2985,14,1008.5,2100,13,1009.1,21,1,1009.2,1,1,1009.3,361,5,1009.4,428,5,1009.5,1529,17
317,2025-11-26 13:07:33+05:30,1009.1,23,1000.47,6815739,385683.0,444730.0,986.2,1012.2,981.3,986.2,120399750,1084.8,887.6,1102.5,649.1,1009.0,125,3,1008.8,458,7,1008.7,1285,8,1008.6,3027,15,1008.5,2100,13,1009.1,30,1,1009.2,1,1,1009.3,361,5,1009.4,343,4,1009.5,1493,17
317,2025-11-26 13:07:34+05:30,1009.1,112,1000.47,6815739,385683.0,444730.0,986.2,1012.2,981.3,986.2,120399750,1084.8,887.6,1102.5,649.1,1009.0,125,3,1008.8,458,7,1008.7,1285,8,1008.6,3027,15,1008.5,2100,13,1009.1,30,1,1009.2,1,1,1009.3,361,5,1009.4,343,4,1009.5,1493,17
317,2025-11-26 13:07:34+05:30,1009.1,112,1000.47,6815991,385875.0,445173.0,986.2,1012.2,981.3,986.2,120399750,1084.8,887.6,1102.5,649.1,1009.0,216,3,1008.8,212,4,1008.7,1084,5,1008.6,2985,14,1008.5,2184,15,1009.1,30,1,1009.2,1,1,1009.3,466,7,1009.4,1029,7,1009.5,937,15
317,2025-11-26 13:07:35+05:30,1009.1,20,1000.47,6815991,385875.0,445173.0,986.2,1012.2,981.3,986.2,120399750,1084.8,887.6,1102.5,649.1,1009.0,216,3,1008.8,212,4,1008.7,1084,5,1008.6,2985,14,1008.5,2184,15,1009.1,30,1,1009.2,1,1,1009.3,466,7,1009.4,1029,7,1009.5,937,15
317,2025-11-26 13:07:35+05:30,1009.1,20,1000.47,6816395,385053.0,445158.0,986.2,1012.2,981.3,986.2,120399750,1084.8,887.6,1102.5,649.1,1008.8,105,4,1008.7,1278,10,1008.6,2842,10,1008.5,1257,13,1008.4,2575,12,1009.1,6,1,1009.2,200,4,1009.3,757,9,1009.4,661,9,1009.5,960,15
317,2025-11-26 13:07:36+05:30,1009.3,33,1000.47,6816395,385053.0,445158.0,986.2,1012.2,981.3,986.2,120399750,1084.8,887.6,1102.5,649.1,1008.8,105,4,1008.7,1278,10,1008.6,2842,10,1008.5,1257,13,1008.4,2575,12,1009.1,6,1,1009.2,200,4,1009.3,757,9,1009.4,661,9,1009.5,960,15
317,2025-11-26 13:07:36+05:30,1009.3,33,1000.47,6817097,382911.0,444795.0,986.2,1012.2,981.3,986.2,120399750,1084.8,887.6,1102.5,649.1,1008.8,216,5,1008.7,1159,8,1008.6,2232,11,1008.5,2007,14,1008.4,1825,11,1009.3,568,8,1009.4,1194,10,1009.5,883,13,1009.6,1432,20,1009.7,883,14
317,2025-11-26 13:07:37+05:30,1009.3,1,1000.47,6817097,382911.0,444795.0,986.2,1012.2,981.3,986.2,120399750,1084.8,887.6,1102.5,649.1,1008.8,216,5,1008.7,1159,8,1008.6,2232,11,1008.5,2007,14,1008.4,1825,11,1009.3,568,8,1009.4,1194,10,1009.5,883,13,1009.6,1432,20,1009.7,883,14
317,2025-11-26 13:07:37+05:30,1009.3,1,1000.47,6817198,382567.0,444205.0,986.2,1012.2,981.3,986.2,120399750,1084.8,887.6,1102.5,649.1,1009.0,21,1,1008.8,216,5,1008.7,1293,9,1008.6,2190,10,1008.5,2049,15,1009.3,538,8,1009.4,571,8,1009.5,781,12,1009.6,1005,15,1009.7,1206,16
317,2025-11-26 13:07:38+05:30,1009.3,1,1000.47,6817198,382567.0,444252.0,986.2,1012.2,981.3,986.2,120399750,1084.8,887.6,1102.5,649.1,1009.0,21,1,1008.8,216,5,1008.7,1293,9,1008.6,2190,10,1008.5,2049,15,1009.3,538,8,1009.4,571,8,1009.5,828,13,1009.6,1005,15,1009.7,1206,16
317,2025-11-26 13:07:39+05:30,1009.3,1,1000.47,6817198,382541.0,444233.0,986.2,1012.2,981.3,986.2,120399750,1084.8,887.6,1102.5,649.1,1009.0,21,1,1008.8,216,5,1008.7,1293,9,1008.6,2190,10,1008.5,2049,15,1009.3,596,9,1009.4,597,9,1009.5,828,13,1009.6,1303,16,1009.7,908,15
317,2025-11-26 13:07:40+05:30,1009.3,24,1000.47,6817198,382541.0,444233.0,986.2,1012.2,981.3,986.2,120399750,1084.8,887.6,1102.5,649.1,1009.0,21,1,1008.8,216,5,1008.7,1293,9,1008.6,2190,10,1008.5,2049,15,1009.3,596,9,1009.4,597,9,1009.5,828,13,1009.6,1303,16,1009.7,908,15
317,2025-11-26 13:07:41+05:30,1009.3,2,1000.47,6817556,385051.0,444155.0,986.2,1012.2,981.3,986.2,120399750,1084.8,887.6,1102.5,649.1,1009.0,21,1,1008.8,707,10,1008.7,1467,11,1008.6,2974,12,1008.5,2007,14,1009.1,1,1,1009.3,20,2,1009.4,441,5,1009.5,821,13,1009.6,1039,14
317,2025-11-26 13:07:41+05:30,1009.3,2,1000.47,6817556,385051.0,444155.0,986.2,1012.2,981.3,986.2,120399750,1084.8,887.6,1102.5,649.1,1009.0,21,1,1008.8,707,10,1008.7,1467,11,1008.6,2974,12,1008.5,2007,14,1009.1,1,1,1009.3,20,2,1009.4,441,5,1009.5,821,13,1009.6,1039,14
317,2025-11-26 13:07:42+05:30,1009.0,151,1000.47,6817707,384908.0,445473.0,986.2,1012.2,981.3,986.2,120399750,1084.8,887.6,1102.5,649.1,1008.8,105,4,1008.7,1435,11,1008.6,3054,12,1008.5,2150,15,1008.4,1261,8,1009.0,40,1,1009.1,1,1,1009.3,432,5,1009.4,1186,8,1009.5,785,13
317,2025-11-26 13:07:42+05:30,1009.0,205,1000.47,6817707,384908.0,445473.0,986.2,1012.2,981.3,986.2,120399750,1084.8,887.6,1102.5,649.1,1008.8,105,4,1008.7,1435,11,1008.6,3054,12,1008.5,2150,15,1008.4,1261,8,1009.0,40,1,1009.1,1,1,1009.3,432,5,1009.4,1186,8,1009.5,785,13
317,2025-11-26 13:07:43+05:30,1009.1,1,1000.47,6817953,386140.0,444070.0,986.2,1012.2,981.3,986.2,120399750,1084.8,887.6,1102.5,649.1,1009.1,2,2,1008.9,33,2,1008.8,535,9,1008.7,1375,9,1008.6,3804,13,1009.2,47,1,1009.3,20,2,1009.4,359,4,1009.5,783,11,1009.6,955,11
317,2025-11-26 13:07:43+05:30,1009.2,2,1000.47,6817953,386140.0,444070.0,986.2,1012.2,981.3,986.2,120399750,1084.8,887.6,1102.5,649.1,1009.1,2,2,1008.9,33,2,1008.8,535,9,1008.7,1375,9,1008.6,3804,13,1009.2,47,1,1009.3,20,2,1009.4,359,4,1009.5,783,11,1009.6,955,11
317,2025-11-26 13:07:44+05:30,1009.1,1,1000.47,6817987,385732.0,444647.0,986.2,1012.2,981.3,986.2,120399750,1084.8,887.6,1102.5,649.1,1008.9,33,2,1008.8,488,8,1008.7,1387,10,1008.6,3053,12,1008.5,2307,16,1009.1,7,1,1009.2,67,2,1009.3,222,3,1009.4,976,6,1009.5,783,11
317,2025-11-26 13:07:44+05:30,1009.1,68,1000.47,6817987,385732.0,444647.0,986.2,1012.2,981.3,986.2,120399750,1084.8,887.6,1102.5,649.1,1008.9,33,2,1008.8,488,8,1008.7,1387,10,1008.6,3053,12,1008.5,2307,16,1009.1,7,1,1009.2,67,2,1009.3,222,3,1009.4,976,6,1009.5,783,11
317,2025-11-26 13:07:45+05:30,1009.2,2,1000.47,6818058,385859.0,444705.0,986.2,1012.2,981.3,986.2,120399750,1084.8,887.6,1102.5,649.1,1008.9,33,2,1008.8,680,11,1008.7,1322,9,1008.6,3053,12,1008.5,2307,16,1009.1,2,1,1009.2,96,4,1009.3,222,3,1009.4,977,6,1009.5,712,10
317,2025-11-26 13:07:45+05:30,1009.1,2,1000.47,6818058,385859.0,444705.0,986.2,1012.2,981.3,986.2,120399750,1084.8,887.6,1102.5,649.1,1008.9,33,2,1008.8,680,11,1008.7,1322,9,1008.6,3053,12,1008.5,2307,16,1009.1,2,1,1009.2,96,4,1009.3,222,3,1009.4,977,6,1009.5,712,10
317,2025-11-26 13:07:46+05:30,1009.2,1,1000.47,6818061,385999.0,444844.0,986.2,1012.2,981.3,986.2,120399750,1084.8,887.6,1102.5,649.1,1008.9,33,2,1008.8,521,10,1008.7,1295,9,1008.6,3053,12,1008.5,2307,16,1009.2,95,4,1009.3,725,3,1009.4,440,5,1009.5,712,10,1009.6,1384,16
317,2025-11-26 13:07:46+05:30,1009.2,1,1000.47,6818061,385999.0,444844.0,986.2,1012.2,981.3,986.2,120399750,1084.8,887.6,1102.5,649.1,1008.9,33,2,1008.8,521,10,1008.7,1295,9,1008.6,3053,12,1008.5,2307,16,1009.2,95,4,1009.3,725,3,1009.4,440,5,1009.5,712,10,1009.6,1384,16
317,2025-11-26 13:07:47+05:30,1009.2,1,1000.47,6818061,386097.0,444524.0,986.2,1012.2,981.3,986.2,120399750,1084.8,887.6,1102.5,649.1,1008.9,33,2,1008.8,521,10,1008.7,1393,10,1008.6,3053,12,1008.5,2307,16,1009.2,95,4,1009.3,217,2,1009.4,922,6,1009.5,725,11,1009.6,1080,14
317,2025-11-26 13:07:48+05:30,1009.2,1,1000.47,6818061,386097.0,444524.0,986.2,1012.2,981.3,986.2,120399750,1084.8,887.6,1102.5,649.1,1008.9,33,2,1008.8,521,10,1008.7,1393,10,1008.6,3053,12,1008.5,2307,16,1009.2,95,4,1009.3,217,2,1009.4,922,6,1009.5,725,11,1009.6,1080,14
317,2025-11-26 13:07:48+05:30,1009.2,1,1000.47,6818061,386592.0,444214.0,986.2,1012.2,981.3,986.2,120399750,1084.8,887.6,1102.5,649.1,1008.9,33,2,1008.8,537,10,1008.7,1393,10,1008.6,3053,12,1008.5,2307,16,1009.2,95,4,1009.3,217,2,1009.4,922,6,1009.5,750,12,1009.6,1080,14
317,2025-11-26 13:07:48+05:30,1009.2,1,1000.47,6818061,386592.0,444214.0,986.2,1012.2,981.3,986.2,120399750,1084.8,887.6,1102.5,649.1,1008.9,33,2,1008.8,537,10,1008.7,1393,10,1008.6,3053,12,1008.5,2307,16,1009.2,95,4,1009.3,217,2,1009.4,922,6,1009.5,750,12,1009.6,1080,14
317,2025-11-26 13:07:49+05:30,1009.2,1,1000.47,6818061,386592.0,444214.0,986.2,1012.2,981.3,986.2,120399750,1084.8,887.6,1102.5,649.1,1008.9,33,2,1008.8,537,10,1008.7,1393,10,1008.6,3053,12,1008.5,2307,16,1009.2,95,4,1009.3,217,2,1009.4,922,6,1009.5,750,12,1009.6,1080,14
317,2025-11-26 13:07:49+05:30,1008.9,1,1000.47,6818062,386607.0,444219.0,986.2,1012.2,981.3,986.2,120399750,1084.8,887.6,1102.5,649.1,1008.9,32,2,1008.8,330,7,1008.7,1393,10,1008.6,3124,13,1008.5,2307,16,1009.2,95,4,1009.3,832,4,1009.4,440,5,1009.5,725,11,1009.6,1080,14
317,2025-11-26 13:07:49+05:30,1008.9,1,1000.47,6818062,386607.0,444219.0,986.2,1012.2,981.3,986.2,120399750,1084.8,887.6,1102.5,649.1,1008.9,32,2,1008.8,330,7,1008.7,1393,10,1008.6,3124,13,1008.5,2307,16,1009.2,95,4,1009.3,832,4,1009.4,440,5,1009.5,725,11,1009.6,1080,14
317,2025-11-26 13:07:49+05:30,1008.9,1,1000.47,6818062,386607.0,444219.0,986.2,1012.2,981.3,986.2,120399750,1084.8,887.6,1102.5,649.1,1008.9,32,2,1008.8,330,7,1008.7,1393,10,1008.6,3124,13,1008.5,2307,16,1009.2,95,4,1009.3,832,4,1009.4,440,5,1009.5,725,11,1009.6,1080,14
317,2025-11-26 13:07:50+05:30,1008.9,1,1000.47,6818062,386607.0,444219.0,986.2,1012.2,981.3,986.2,120399750,1084.8,887.6,1102.5,649.1,1008.9,32,2,1008.8,330,7,1008.7,1393,10,1008.6,3124,13,1008.5,2307,16,1009.2,95,4,1009.3,832,4,1009.4,440,5,1009.5,725,11,1009.6,1080,14
317,2025-11-26 13:07:50+05:30,1008.8,12,1000.47,6818203,386199.0,445203.0,986.2,1012.2,981.3,986.2,120399750,1084.8,887.6,1102.5,649.1,1008.8,30,2,1008.7,1203,8,1008.6,3053,12,1008.5,2372,17,1008.4,1881,11,1009.2,413,8,1009.3,1122,8,1009.4,521,8,1009.5,735,12,1009.6,1292,17
317,2025-11-26 13:07:50+05:30,1008.8,12,1000.47,6818203,386199.0,445203.0,986.2,1012.2,981.3,986.2,120399750,1084.8,887.6,1102.5,649.1,1008.8,30,2,1008.7,1203,8,1008.6,3053,12,1008.5,2372,17,1008.4,1881,11,1009.2,413,8,1009.3,1122,8,1009.4,521,8,1009.5,735,12,1009.6,1292,17
317,2025-11-26 13:07:50+05:30,1008.8,12,1000.47,6818203,386199.0,445203.0,986.2,1012.2,981.3,986.2,120399750,1084.8,887.6,1102.5,649.1,1008.8,30,2,1008.7,1203,8,1008.6,3053,12,1008.5,2372,17,1008.4,1881,11,1009.2,413,8,1009.3,1122,8,1009.4,521,8,1009.5,735,12,1009.6,1292,17
317,2025-11-26 13:07:50+05:30,1008.8,12,1000.47,6818203,386199.0,445203.0,986.2,1012.2,981.3,986.2,120399750,1084.8,887.6,1102.5,649.1,1008.8,30,2,1008.7,1203,8,1008.6,3053,12,1008.5,2372,17,1008.4,1881,11,1009.2,413,8,1009.3,1122,8,1009.4,521,8,1009.5,735,12,1009.6,1292,17
317,2025-11-26 13:07:51+05:30,1008.8,12,1000.47,6818203,386199.0,445203.0,986.2,1012.2,981.3,986.2,120399750,1084.8,887.6,1102.5,649.1,1008.8,30,2,1008.7,1203,8,1008.6,3053,12,1008.5,2372,17,1008.4,1881,11,1009.2,413,8,1009.3,1122,8,1009.4,521,8,1009.5,735,12,1009.6,1292,17
317,2025-11-26 13:07:51+05:30,1009.2,1,1000.47,6818205,384811.0,445078.0,986.2,1012.2,981.3,986.2,120399750,1084.8,887.6,1102.5,649.1,1008.8,132,5,1008.7,1255,9,1008.6,2988,11,1008.5,2307,16,1008.4,1201,10,1009.2,120,5,1009.3,1021,6,1009.4,563,8,1009.5,800,13,1009.6,1357,18
317,2025-11-26 13:07:51+05:30,1009.2,1,1000.47,6818205,384811.0,445078.0,986.2,1012.2,981.3,986.2,120399750,1084.8,887.6,1102.5,649.1,1008.8,132,5,1008.7,1255,9,1008.6,2988,11,1008.5,2307,16,1008.4,1201,10,1009.2,120,5,1009.3,1021,6,1009.4,563,8,1009.5,800,13,1009.6,1357,18
317,2025-11-26 13:07:51+05:30,1009.2,1,1000.47,6818205,384811.0,445078.0,986.2,1012.2,981.3,986.2,120399750,1084.8,887.6,1102.5,649.1,1008.8,132,5,1008.7,1255,9,1008.6,2988,11,1008.5,2307,16,1008.4,1201,10,1009.2,120,5,1009.3,1021,6,1009.4,563,8,1009.5,800,13,1009.6,1357,18
317,2025-11-26 13:07:52+05:30,1009.2,1,1000.47,6818205,384811.0,445078.0,986.2,1012.2,981.3,986.2,120436500,1084.8,887.6,1102.5,649.1,1008.8,132,5,1008.7,1255,9,1008.6,2988,11,1008.5,2307,16,1008.4,1201,10,1009.2,120,5,1009.3,1021,6,1009.4,563,8,1009.5,800,13,1009.6,1357,18
317,2025-11-26 13:07:52+05:30,1009.2,1,1000.47,6818205,386032.0,445820.0,986.2,1012.2,981.3,986.2,120436500,1084.8,887.6,1102.5,649.1,1008.8,110,4,1008.7,1353,10,1008.6,3013,12,1008.5,2307,16,1008.4,1559,11,1009.0,13,1,1009.2,97,5,1009.3,1021,6,1009.4,563,8,1009.5,722,11
317,2025-11-26 13:07:52+05:30,1009.2,1,1000.47,6818205,386032.0,445820.0,986.2,1012.2,981.3,986.2,120436500,1084.8,887.6,1102.5,649.1,1008.8,110,4,1008.7,1353,10,1008.6,3013,12,1008.5,2307,16,1008.4,1559,11,1009.0,13,1,1009.2,97,5,1009.3,1021,6,1009.4,563,8,1009.5,722,11
317,2025-11-26 13:07:53+05:30,1009.0,1,1000.47,6818238,387071.0,445350.0,986.2,1012.2,981.3,986.2,120436500,1084.8,887.6,1102.5,649.1,1008.8,123,5,1008.7,1353,10,1008.6,3763,13,1008.5,2307,16,1008.4,1559,11,1009.0,12,1,1009.2,97,5,1009.3,927,5,1009.4,475,5,1009.5,801,12
317,2025-11-26 13:07:53+05:30,1009.0,1,1000.47,6818238,387071.0,445350.0,986.2,1012.2,981.3,986.2,120436500,1084.8,887.6,1102.5,649.1,1008.8,123,5,1008.7,1353,10,1008.6,3763,13,1008.5,2307,16,1008.4,1559,11,1009.0,12,1,1009.2,97,5,1009.3,927,5,1009.4,475,5,1009.5,801,12
317,2025-11-26 13:07:54+05:30,1008.8,9,1000.47,6818264,387307.0,445765.0,986.2,1012.2,981.3,986.2,120436500,1084.8,887.6,1102.5,649.1,1008.9,112,1,1008.8,97,4,1008.7,1295,10,1008.6,3763,13,1008.5,2307,16,1009.0,12,1,1009.2,97,5,1009.3,927,5,1009.4,550,6,1009.5,801,12
317,2025-11-26 13:07:54+05:30,1008.8,9,1000.47,6818264,387307.0,445765.0,986.2,1012.2,981.3,986.2,120436500,1084.8,887.6,1102.5,649.1,1008.9,112,1,1008.8,97,4,1008.7,1295,10,1008.6,3763,13,1008.5,2307,16,1009.0,12,1,1009.2,97,5,1009.3,927,5,1009.4,550,6,1009.5,801,12
317,2025-11-26 13:07:55+05:30,1009.0,12,1000.47,6818298,387304.0,445655.0,986.2,1012.2,981.3,986.2,120436500,1084.8,887.6,1102.5,649.1,1008.9,107,1,1008.8,97,4,1008.7,1369,11,1008.6,3763,13,1008.5,2307,16,1009.0,13,1,1009.2,97,5,1009.3,799,4,1009.4,550,6,1009.5,801,12
317,2025-11-26 13:07:55+05:30,1009.0,12,1000.47,6818298,387304.0,445655.0,986.2,1012.2,981.3,986.2,120436500,1084.8,887.6,1102.5,649.1,1008.9,107,1,1008.8,97,4,1008.7,1369,11,1008.6,3763,13,1008.5,2307,16,1009.0,13,1,1009.2,97,5,1009.3,799,4,1009.4,550,6,1009.5,801,12
317,2025-11-26 13:07:56+05:30,1009.0,2,1000.47,6818301,387306.0,445885.0,986.2,1012.2,981.3,986.2,120436500,1084.8,887.6,1102.5,649.1,1008.9,120,2,1008.8,84,3,1008.7,1369,11,1008.6,3763,13,1008.5,2307,16,1009.0,11,2,1009.2,96,4,1009.3,312,3,1009.4,1137,7,1009.5,801,12
317,2025-11-26 13:07:56+05:30,1009.0,2,1000.47,6818301,387306.0,445885.0,986.2,1012.2,981.3,986.2,120436500,1084.8,887.6,1102.5,649.1,1008.9,120,2,1008.8,84,3,1008.7,1369,11,1008.6,3763,13,1008.5,2307,16,1009.0,11,2,1009.2,96,4,1009.3,312,3,1009.4,1137,7,1009.5,801,12
317,2025-11-26 13:07:57+05:30,1008.9,65,1000.47,6818366,387313.0,445875.0,986.2,1012.2,981.3,986.2,120436500,1084.8,887.6,1102.5,649.1,1008.9,55,2,1008.8,180,4,1008.7,1369,11,1008.6,3763,13,1008.5,2307,16,1009.0,1,1,1009.2,96,4,1009.3,440,4,1009.4,1137,7,1009.5,801,12
317,2025-11-26 13:07:57+05:30,1008.9,65,1000.47,6818366,387313.0,445875.0,986.2,1012.2,981.3,986.2,120436500,1084.8,887.6,1102.5,649.1,1008.9,55,2,1008.8,180,4,1008.7,1369,11,1008.6,3763,13,1008.5,2307,16,1009.0,1,1,1009.2,96,4,1009.3,440,4,1009.4,1137,7,1009.5,801,12
317,2025-11-26 13:07:58+05:30,1009.1,26,1000.47,6818409,385685.0,445483.0,986.2,1012.2,981.3,986.2,120436500,1084.8,887.6,1102.5,649.1,1009.0,20,1,1008.9,13,1,1008.8,229,5,1008.7,1304,10,1008.6,3118,13,1009.1,55,2,1009.2,50,2,1009.3,440,4,1009.4,1056,7,1009.5,801,12
317,2025-11-26 13:07:58+05:30,1009.1,26,1000.47,6818409,385685.0,445483.0,986.2,1012.2,981.3,986.2,120436500,1084.8,887.6,1102.5,649.1,1009.0,20,1,1008.9,13,1,1008.8,229,5,1008.7,1304,10,1008.6,3118,13,1009.1,55,2,1009.2,50,2,1009.3,440,4,1009.4,1056,7,1009.5,801,12
317,2025-11-26 13:07:59+05:30,1009.0,150,1000.47,6818559,385869.0,445322.0,986.2,1012.2,981.3,986.2,120436500,1084.8,887.6,1102.5,649.1,1009.0,21,1,1008.9,13,1,1008.8,101,4,1008.7,1304,10,1008.6,2988,11,1009.1,56,3,1009.2,50,2,1009.3,1084,6,1009.4,469,6,1009.5,801,12
317,2025-11-26 13:07:59+05:30,1009.0,150,1000.47,6818559,385869.0,445322.0,986.2,1012.2,981.3,986.2,120436500,1084.8,887.6,1102.5,649.1,1009.0,21,1,1008.9,13,1,1008.8,101,4,1008.7,1304,10,1008.6,2988,11,1009.1,56,3,1009.2,50,2,1009.3,1084,6,1009.4,469,6,1009.5,801,12
317,2025-11-26 13:08:00+05:30,1009.1,2,1000.47,6818561,385679.0,445548.0,986.2,1012.2,981.3,986.2,120436500,1084.8,887.6,1102.5,649.1,1009.0,34,2,1008.8,29,3,1008.7,1304,10,1008.6,2988,11,1008.5,2297,15,1009.1,54,3,1009.2,50,2,1009.3,1019,5,1009.4,568,8,1009.5,801,12
317,2025-11-26 13:08:00+05:30,1009.1,2,1000.47,6818561,385679.0,445548.0,986.2,1012.2,981.3,986.2,120436500,1084.8,887.6,1102.5,649.1,1009.0,34,2,1008.8,29,3,1008.7,1304,10,1008.6,2988,11,1008.5,2297,15,1009.1,54,3,1009.2,50,2,1009.3,1019,5,1009.4,568,8,1009.5,801,12
317,2025-11-26 13:08:01+05:30,1009.1,1,1000.47,6818570,385672.0,445547.0,986.2,1012.2,981.3,986.2,120436500,1084.8,887.6,1102.5,649.1,1009.0,26,2,1008.8,29,3,1008.7,1304,10,1008.6,2988,11,1008.5,2297,15,1009.1,53,3,1009.2,50,2,1009.3,1019,5,1009.4,568,8,1009.5,801,12
317,2025-11-26 13:08:01+05:30,1009.1,1,1000.47,6818570,385672.0,445547.0,986.2,1012.2,981.3,986.2,120436500,1084.8,887.6,1102.5,649.1,1009.0,26,2,1008.8,29,3,1008.7,1304,10,1008.6,2988,11,1008.5,2297,15,1009.1,53,3,1009.2,50,2,1009.3,1019,5,1009.4,568,8,1009.5,801,12
317,2025-11-26 13:08:02+05:30,1009.0,1,1000.47,6818635,386712.0,445258.0,986.2,1012.2,981.3,986.2,120436500,1084.8,887.6,1102.5,649.1,1008.8,29,3,1008.7,1419,12,1008.6,3017,12,1008.5,2297,15,1008.4,1563,11,1009.0,6,1,1009.1,48,2,1009.2,50,2,1009.3,1054,6,1009.4,597,8
317,2025-11-26 13:08:02+05:30,1009.0,1,1000.47,6818635,386712.0,445258.0,986.2,1012.2,981.3,986.2,120436500,1084.8,887.6,1102.5,649.1,1008.8,29,3,1008.7,1419,12,1008.6,3017,12,1008.5,2297,15,1008.4,1563,11,1009.0,6,1,1009.1,48,2,1009.2,50,2,1009.3,1054,6,1009.4,597,8
317,2025-11-26 13:08:03+05:30,1009.1,2,1000.47,6818645,386984.0,445032.0,986.2,1012.2,981.3,986.2,120436500,1084.8,887.6,1102.5,649.1,1009.0,155,4,1008.8,205,5,1008.7,1419,12,1008.6,3738,12,1008.5,2297,15,1009.1,46,2,1009.2,50,2,1009.3,402,4,1009.4,991,8,1009.5,796,12
317,2025-11-26 13:08:03+05:30,1009.1,2,1000.47,6818645,386984.0,445032.0,986.2,1012.2,981.3,986.2,120436500,1084.8,887.6,1102.5,649.1,1009.0,155,4,1008.8,205,5,1008.7,1419,12,1008.6,3738,12,1008.5,2297,15,1009.1,46,2,1009.2,50,2,1009.3,402,4,1009.4,991,8,1009.5,796,12
317,2025-11-26 13:08:04+05:30,1009.1,3,1000.47,6818648,386258.0,445031.0,986.2,1012.2,981.3,986.2,120436500,1084.8,887.6,1102.5,649.1,1009.0,155,4,1008.8,205,5,1008.7,1472,14,1008.6,2988,11,1008.5,2297,15,1009.1,43,2,1009.2,50,2,1009.3,402,4,1009.4,932,7,1009.5,855,13
317,2025-11-26 13:08:04+05:30,1009.1,3,1000.47,6818648,386258.0,445031.0,986.2,1012.2,981.3,986.2,120436500,1084.8,887.6,1102.5,649.1,1009.0,155,4,1008.8,205,5,1008.7,1472,14,1008.6,2988,11,1008.5,2297,15,1009.1,43,2,1009.2,50,2,1009.3,402,4,1009.4,932,7,1009.5,855,13
317,2025-11-26 13:08:05+05:30,1009.1,2,1000.47,6818765,386156.0,445141.0,986.2,1012.2,981.3,986.2,120436500,1084.8,887.6,1102.5,649.1,1009.0,60,4,1008.8,205,5,1008.7,1328,11,1008.6,3047,12,1008.5,2356,16,1009.1,26,2,1009.2,550,3,1009.3,402,4,1009.4,990,7,1009.5,855,13
317,2025-11-26 13:08:05+05:30,1009.1,2,1000.47,6818765,386156.0,445141.0,986.2,1012.2,981.3,986.2,120436500,1084.8,887.6,1102.5,649.1,1009.0,60,4,1008.8,205,5,1008.7,1328,11,1008.6,3047,12,1008.5,2356,16,1009.1,26,2,1009.2,550,3,1009.3,402,4,1009.4,990,7,1009.5,855,13
317,2025-11-26 13:08:06+05:30,1009.1,1,1000.47,6818809,386125.0,445188.0,986.2,1012.2,981.3,986.2,120436500,1084.8,887.6,1102.5,649.1,1009.0,30,1,1008.8,205,5,1008.7,1328,11,1008.6,3047,12,1008.5,2356,16,1009.1,7,2,1009.2,550,3,1009.3,402,4,1009.4,990,7,1009.5,855,13
317,2025-11-26 13:08:06+05:30,1009.1,1,1000.47,6818809,386125.0,445188.0,986.2,1012.2,981.3,986.2,120436500,1084.8,887.6,1102.5,649.1,1009.0,30,1,1008.8,205,5,1008.7,1328,11,1008.6,3047,12,1008.5,2356,16,1009.1,7,2,1009.2,550,3,1009.3,402,4,1009.4,990,7,1009.5,855,13
317,2025-11-26 13:08:07+05:30,1009.0,150,1000.47,6818809,386125.0,445188.0,986.2,1012.2,981.3,986.2,120436500,1084.8,887.6,1102.5,649.1,1009.0,30,1,1008.8,205,5,1008.7,1328,11,1008.6,3047,12,1008.5,2356,16,1009.1,7,2,1009.2,550,3,1009.3,402,4,1009.4,990,7,1009.5,855,13
317,2025-11-26 13:08:07+05:30,1009.0,150,1000.47,6818959,386115.0,445084.0,986.2,1012.2,981.3,986.2,120436500,1084.8,887.6,1102.5,649.1,1009.0,150,1,1008.8,135,4,1008.7,1387,12,1008.6,2988,11,1008.5,2297,15,1009.1,7,2,1009.2,550,3,1009.3,402,4,1009.4,348,4,1009.5,1392,15
317,2025-11-26 13:08:08+05:30,1009.1,118,1000.47,6819084,386445.0,444354.0,986.2,1012.2,981.3,986.2,120436500,1084.8,887.6,1102.5,649.1,1009.0,150,1,1008.9,69,1,1008.8,398,8,1008.7,1356,12,1008.6,3047,12,1009.1,31,1,1009.2,545,2,1009.3,143,2,1009.4,871,5,1009.5,702,10
317,2025-11-26 13:08:09+05:30,1009.1,118,1000.47,6819084,386445.0,444354.0,986.2,1012.2,981.3,986.2,120436500,1084.8,887.6,1102.5,649.1,1009.0,150,1,1008.9,69,1,1008.8,398,8,1008.7,1356,12,1008.6,3047,12,1009.1,31,1,1009.2,545,2,1009.3,143,2,1009.4,871,5,1009.5,702,10
317,2025-11-26 13:08:09+05:30,1009.1,118,1000.47,6819084,386382.0,444359.0,986.2,1012.2,981.3,986.2,120436500,1084.8,887.6,1102.5,649.1,1009.0,150,1,1008.9,69,1,1008.8,398,8,1008.7,1328,11,1008.6,3052,12,1009.1,31,1,1009.2,545,2,1009.3,143,2,1009.4,871,5,1009.5,707,11
317,2025-11-26 13:08:10+05:30,1009.1,1,1000.47,6819084,386382.0,444359.0,986.2,1012.2,981.3,986.2,120436500,1084.8,887.6,1102.5,649.1,1009.0,150,1,1008.9,69,1,1008.8,398,8,1008.7,1328,11,1008.6,3052,12,1009.1,31,1,1009.2,545,2,1009.3,143,2,1009.4,871,5,1009.5,707,11
317,2025-11-26 13:08:10+05:30,1009.1,1,1000.47,6819089,386608.0,444560.0,986.2,1012.2,981.3,986.2,120436500,1084.8,887.6,1102.5,649.1,1009.0,150,1,1008.9,69,1,1008.8,339,7,1008.7,1414,13,1008.6,3052,12,1009.1,26,1,1009.2,545,2,1009.3,143,2,1009.4,272,3,1009.5,1317,14
317,2025-11-26 13:08:11+05:30,1009.1,1,1000.47,6819089,386608.0,444560.0,986.2,1012.2,981.3,986.2,120436500,1084.8,887.6,1102.5,649.1,1009.0,150,1,1008.9,69,1,1008.8,339,7,1008.7,1414,13,1008.6,3052,12,1009.1,26,1,1009.2,545,2,1009.3,143,2,1009.4,272,3,1009.5,1317,14
317,2025-11-26 13:08:11+05:30,1009.0,104,1000.47,6819196,385999.0,444588.0,986.2,1012.2,981.3,986.2,120436500,1084.8,887.6,1102.5,649.1,1009.0,46,1,1008.9,69,1,1008.8,339,7,1008.7,1328,11,1008.6,3101,13,1009.1,24,1,1009.2,584,3,1009.3,143,2,1009.4,331,4,1009.5,1247,13
317,2025-11-26 13:08:12+05:30,1009.1,1,1000.47,6819196,385999.0,444588.0,986.2,1012.2,981.3,986.2,120436500,1084.8,887.6,1102.5,649.1,1009.0,46,1,1008.9,69,1,1008.8,339,7,1008.7,1328,11,1008.6,3101,13,1009.1,24,1,1009.2,584,3,1009.3,143,2,1009.4,331,4,1009.5,1247,13
317,2025-11-26 13:08:12+05:30,1009.0,1,1000.47,6819198,386143.0,444669.0,986.2,1012.2,981.3,986.2,120436500,1084.8,887.6,1102.5,649.1,1009.0,58,2,1008.9,69,1,1008.8,339,7,1008.7,1328,11,1008.6,3101,13,1009.1,123,2,1009.2,584,3,1009.3,143,2,1009.4,413,5,1009.5,1247,13
317,2025-11-26 13:08:13+05:30,1009.1,10,1000.47,6819198,386143.0,444669.0,986.2,1012.2,981.3,986.2,120436500,1084.8,887.6,1102.5,649.1,1009.0,58,2,1008.9,69,1,1008.8,339,7,1008.7,1328,11,1008.6,3101,13,1009.1,123,2,1009.2,584,3,1009.3,143,2,1009.4,413,5,1009.5,1247,13
317,2025-11-26 13:08:13+05:30,1009.0,21,1000.47,6819310,385879.0,444619.0,986.2,1012.2,981.3,986.2,120436500,1084.8,887.6,1102.5,649.1,1009.0,129,1,1008.9,69,1,1008.8,339,7,1008.7,1328,11,1008.6,3101,13,1009.1,90,1,1009.2,585,4,1009.3,143,2,1009.4,413,5,1009.5,1247,13
317,2025-11-26 13:08:14+05:30,1009.1,87,1000.47,6819310,385879.0,444619.0,986.2,1012.2,981.3,986.2,120436500,1084.8,887.6,1102.5,649.1,1009.0,129,1,1008.9,69,1,1008.8,339,7,1008.7,1328,11,1008.6,3101,13,1009.1,90,1,1009.2,585,4,1009.3,143,2,1009.4,413,5,1009.5,1247,13
317,2025-11-26 13:08:14+05:30,1009.1,87,1000.47,6819400,386359.0,444192.0,986.2,1012.2,981.3,986.2,120436500,1084.8,887.6,1102.5,649.1,1009.1,26,2,1009.0,129,1,1008.8,247,6,1008.7,1328,11,1008.6,3121,14,1009.2,585,4,1009.3,275,4,1009.4,471,6,1009.5,1247,13,1009.6,867,11
317,2025-11-26 13:08:15+05:30,1008.6,396,1000.47,6819400,386359.0,444192.0,986.2,1012.2,981.3,986.2,120436500,1084.8,887.6,1102.5,649.1,1009.1,26,2,1009.0,129,1,1008.8,247,6,1008.7,1328,11,1008.6,3121,14,1009.2,585,4,1009.3,275,4,1009.4,471,6,1009.5,1247,13,1009.6,867,11
317,2025-11-26 13:08:15+05:30,1008.6,396,1000.47,6822902,383634.0,443720.0,986.2,1012.2,981.3,986.2,120436500,1084.8,887.6,1102.5,649.1,1008.9,54,1,1008.8,158,4,1008.7,1249,8,1008.6,2452,12,1008.5,1708,14,1009.2,588,5,1009.3,275,4,1009.4,365,4,1009.5,743,10,1009.6,1574,11
317,2025-11-26 13:08:16+05:30,1009.3,88,1000.47,6822902,383634.0,443720.0,986.2,1012.2,981.3,986.2,120436500,1084.8,887.6,1102.5,649.1,1008.9,54,1,1008.8,158,4,1008.7,1249,8,1008.6,2452,12,1008.5,1708,14,1009.2,588,5,1009.3,275,4,1009.4,365,4,1009.5,743,10,1009.6,1574,11
317,2025-11-26 13:08:16+05:30,1009.3,88,1000.48,6823973,385655.0,441149.0,986.2,1012.2,981.3,986.2,120436500,1084.8,887.6,1102.5,649.1,1009.0,375,4,1008.9,694,9,1008.8,1774,14,1008.7,1712,12,1008.6,3058,18,1009.5,932,9,1009.6,519,5,1009.7,843,11,1009.8,787,10,1009.9,1091,11
317,2025-11-26 13:08:17+05:30,1009.3,88,1000.48,6823973,385477.0,441622.0,986.2,1012.2,981.3,986.2,120436500,1084.8,887.6,1102.5,649.1,1009.0,21,1,1008.9,430,6,1008.8,1513,13,1008.7,1806,13,1008.6,3058,18,1009.4,275,4,1009.5,1091,12,1009.6,660,7,1009.7,923,12,1009.8,961,10
317,2025-11-26 13:08:18+05:30,1009.0,10,1000.48,6823973,385477.0,441622.0,986.2,1012.2,981.3,986.2,120436500,1084.8,887.6,1102.5,649.1,1009.0,21,1,1008.9,430,6,1008.8,1513,13,1008.7,1806,13,1008.6,3058,18,1009.4,275,4,1009.5,1091,12,1009.6,660,7,1009.7,923,12,1009.8,961,10
317,2025-11-26 13:08:18+05:30,1009.0,10,1000.48,6823983,388153.0,442050.0,986.2,1012.2,981.3,986.2,120436500,1084.8,887.6,1102.5,649.1,1009.0,205,3,1008.9,1358,11,1008.8,2581,12,1008.7,2477,15,1008.6,1321,15,1009.4,367,4,1009.5,386,9,1009.6,709,7,1009.7,923,12,1009.8,663,9
317,2025-11-26 13:08:19+05:30,1009.0,10,1000.48,6823983,389138.0,442639.0,986.2,1012.2,981.3,986.2,120436500,1084.8,887.6,1102.5,649.1,1009.0,510,6,1008.9,1576,13,1008.8,2762,14,1008.7,2477,15,1008.6,981,13,1009.2,2,1,1009.4,367,4,1009.5,380,8,1009.6,655,6,1009.7,982,14
317,2025-11-26 13:08:20+05:30,1009.2,1,1000.48,6823983,389138.0,442639.0,986.2,1012.2,981.3,986.2,120436500,1084.8,887.6,1102.5,649.1,1009.0,510,6,1008.9,1576,13,1008.8,2762,14,1008.7,2477,15,1008.6,981,13,1009.2,2,1,1009.4,367,4,1009.5,380,8,1009.6,655,6,1009.7,982,14
317,2025-11-26 13:08:20+05:30,1009.2,1,1000.48,6823985,389865.0,442506.0,986.2,1012.2,981.3,986.2,120436500,1084.8,887.6,1102.5,649.1,1009.2,2,2,1009.1,51,2,1009.0,282,4,1008.9,1384,10,1008.8,3868,17,1009.4,245,2,1009.5,334,7,1009.6,771,6,1009.7,824,12,1009.8,814,12
317,2025-11-26 13:08:21+05:30,1009.4,1,1000.48,6823985,389865.0,442506.0,986.2,1012.2,981.3,986.2,120436500,1084.8,887.6,1102.5,649.1,1009.2,2,2,1009.1,51,2,1009.0,282,4,1008.9,1384,10,1008.8,3868,17,1009.4,245,2,1009.5,334,7,1009.6,771,6,1009.7,824,12,1009.8,814,12
317,2025-11-26 13:08:21+05:30,1009.3,1,1000.48,6823987,387998.0,442529.0,986.2,1012.2,981.3,986.2,120436500,1084.8,887.6,1102.5,649.1,1009.2,17,2,1009.1,2,1,1009.0,258,3,1008.9,1244,8,1008.8,2435,10,1009.3,796,2,1009.4,720,6,1009.5,334,7,1009.6,547,5,1009.7,937,13
317,2025-11-26 13:08:22+05:30,1009.3,1,1000.48,6823987,387998.0,442529.0,986.2,1012.2,981.3,986.2,120436500,1084.8,887.6,1102.5,649.1,1009.2,17,2,1009.1,2,1,1009.0,258,3,1008.9,1244,8,1008.8,2435,10,1009.3,796,2,1009.4,720,6,1009.5,334,7,1009.6,547,5,1009.7,937,13
317,2025-11-26 13:08:22+05:30,1009.3,23,1000.48,6824019,387715.0,442442.0,986.2,1012.2,981.3,986.2,120436500,1084.8,887.6,1102.5,649.1,1009.2,17,2,1009.1,2,1,1009.0,258,3,1008.9,1244,8,1008.8,2559,11,1009.3,764,2,1009.4,412,4,1009.5,642,9,1009.6,547,5,1009.7,1495,14
317,2025-11-26 13:08:23+05:30,1009.3,1,1000.48,6824019,387715.0,442442.0,986.2,1012.2,981.3,986.2,120436500,1084.8,887.6,1102.5,649.1,1009.2,17,2,1009.1,2,1,1009.0,258,3,1008.9,1244,8,1008.8,2559,11,1009.3,764,2,1009.4,412,4,1009.5,642,9,1009.6,547,5,1009.7,1495,14
317,2025-11-26 13:08:23+05:30,1009.3,1,1000.48,6824020,387899.0,442454.0,986.2,1012.2,981.3,986.2,120436500,1084.8,887.6,1102.5,649.1,1009.2,16,1,1009.1,2,1,1009.0,258,3,1008.9,1244,8,1008.8,2435,10,1009.3,763,2,1009.4,412,4,1009.5,642,9,1009.6,547,5,1009.7,1495,14
317,2025-11-26 13:08:24+05:30,1009.3,1,1000.48,6824020,387977.0,442539.0,986.2,1012.2,981.3,986.2,120436500,1084.8,887.6,1102.5,649.1,1009.2,16,1,1009.1,2,1,1009.0,336,4,1008.9,1244,8,1008.8,2435,10,1009.3,764,3,1009.4,720,6,1009.5,418,8,1009.6,547,5,1009.7,1495,14
317,2025-11-26 13:08:25+05:30,1009.3,11,1000.48,6824020,387977.0,442539.0,986.2,1012.2,981.3,986.2,120436500,1084.8,887.6,1102.5,649.1,1009.2,16,1,1009.1,2,1,1009.0,336,4,1008.9,1244,8,1008.8,2435,10,1009.3,764,3,1009.4,720,6,1009.5,418,8,1009.6,547,5,1009.7,1495,14
317,2025-11-26 13:08:25+05:30,1009.3,11,1000.48,6824047,388165.0,441625.0,986.2,1012.2,981.3,986.2,120436500,1084.8,887.6,1102.5,649.1,1009.2,16,1,1009.1,2,1,1009.0,336,4,1008.9,1368,9,1008.8,2559,11,1009.3,737,3,1009.4,234,2,1009.5,572,9,1009.6,701,6,1009.7,1466,12
317,2025-11-26 13:08:26+05:30,1009.3,2,1000.48,6824047,388165.0,441625.0,986.2,1012.2,981.3,986.2,120436500,1084.8,887.6,1102.5,649.1,1009.2,16,1,1009.1,2,1,1009.0,336,4,1008.9,1368,9,1008.8,2559,11,1009.3,737,3,1009.4,234,2,1009.5,572,9,1009.6,701,6,1009.7,1466,12
317,2025-11-26 13:08:26+05:30,1009.2,156,1000.48,6824205,389015.0,442884.0,986.2,1012.2,981.3,986.2,120436500,1084.8,887.6,1102.5,649.1,1009.0,151,2,1008.9,1320,7,1008.8,2564,12,1008.7,2387,14,1008.6,981,13,1009.2,104,1,1009.3,694,2,1009.4,358,3,1009.5,334,7,1009.6,649,6
317,2025-11-26 13:08:27+05:30,1009.2,156,1000.48,6824205,389015.0,442884.0,986.2,1012.2,981.3,986.2,120436500,1084.8,887.6,1102.5,649.1,1009.0,151,2,1008.9,1320,7,1008.8,2564,12,1008.7,2387,14,1008.6,981,13,1009.2,104,1,1009.3,694,2,1009.4,358,3,1009.5,334,7,1009.6,649,6
317,2025-11-26 13:08:27+05:30,1009.2,156,1000.48,6824205,389477.0,442889.0,986.2,1012.2,981.3,986.2,120436500,1084.8,887.6,1102.5,649.1,1009.0,151,2,1008.9,1320,7,1008.8,3335,14,1008.7,2387,14,1008.6,981,13,1009.2,104,1,1009.3,694,2,1009.4,358,3,1009.5,334,7,1009.6,654,7
317,2025-11-26 13:08:28+05:30,1009.2,6,1000.48,6824205,389477.0,442889.0,986.2,1012.2,981.3,986.2,120436500,1084.8,887.6,1102.5,649.1,1009.0,151,2,1008.9,1320,7,1008.8,3335,14,1008.7,2387,14,1008.6,981,13,1009.2,104,1,1009.3,694,2,1009.4,358,3,1009.5,334,7,1009.6,654,7
317,2025-11-26 13:08:28+05:30,1009.2,6,1000.48,6824211,389505.0,442927.0,986.2,1012.2,981.3,986.2,120436500,1084.8,887.6,1102.5,649.1,1009.0,151,2,1008.9,1042,5,1008.8,3517,16,1008.7,2387,14,1008.6,981,13,1009.2,119,2,1009.3,694,2,1009.4,358,3,1009.5,334,7,1009.6,675,8
317,2025-11-26 13:08:29+05:30,1009.2,1,1000.48,6824211,389505.0,442927.0,986.2,1012.2,981.3,986.2,120436500,1084.8,887.6,1102.5,649.1,1009.0,151,2,1008.9,1042,5,1008.8,3517,16,1008.7,2387,14,1008.6,981,13,1009.2,119,2,1009.3,694,2,1009.4,358,3,1009.5,334,7,1009.6,675,8
317,2025-11-26 13:08:29+05:30,1009.2,1,1000.48,6824212,389518.0,443003.0,986.2,1012.2,981.3,986.2,120436500,1084.8,887.6,1102.5,649.1,1009.0,164,3,1008.9,1042,5,1008.8,3517,16,1008.7,2387,14,1008.6,981,13,1009.2,118,2,1009.3,694,2,1009.4,358,3,1009.5,416,8,1009.6,675,8
317,2025-11-26 13:08:30+05:30,1009.2,28,1000.48,6824212,389518.0,443003.0,986.2,1012.2,981.3,986.2,120436500,1084.8,887.6,1102.5,649.1,1009.0,164,3,1008.9,1042,5,1008.8,3517,16,1008.7,2387,14,1008.6,981,13,1009.2,118,2,1009.3,694,2,1009.4,358,3,1009.5,416,8,1009.6,675,8
317,2025-11-26 13:08:31+05:30,1009.2,1,1000.48,6824275,389508.0,442925.0,986.2,1012.2,981.3,986.2,120436500,1084.8,887.6,1102.5,649.1,1009.0,156,3,1008.9,1119,6,1008.8,3517,16,1008.7,2387,14,1008.6,981,13,1009.2,63,2,1009.3,694,2,1009.4,358,3,1009.5,416,8,1009.6,675,8
317,2025-11-26 13:08:31+05:30,1009.2,1,1000.48,6824275,389508.0,442925.0,986.2,1012.2,981.3,986.2,120436500,1084.8,887.6,1102.5,649.1,1009.0,156,3,1008.9,1119,6,1008.8,3517,16,1008.7,2387,14,1008.6,981,13,1009.2,63,2,1009.3,694,2,1009.4,358,3,1009.5,416,8,1009.6,675,8
317,2025-11-26 13:08:32+05:30,1008.9,2,1000.48,6824617,389562.0,443859.0,986.2,1012.2,981.3,986.2,120436500,1084.8,887.6,1102.5,649.1,1008.9,958,4,1008.8,3445,14,1008.7,2932,13,1008.6,923,12,1008.5,1861,15,1009.0,104,1,1009.1,6,1,1009.2,223,2,1009.3,694,2,1009.4,363,4
317,2025-11-26 13:08:32+05:30,1008.9,2,1000.48,6824617,389562.0,443859.0,986.2,1012.2,981.3,986.2,120436500,1084.8,887.6,1102.5,649.1,1008.9,958,4,1008.8,3445,14,1008.7,2932,13,1008.6,923,12,1008.5,1861,15,1009.0,104,1,1009.1,6,1,1009.2,223,2,1009.3,694,2,1009.4,363,4
317,2025-11-26 13:08:33+05:30,1009.0,128,1000.48,6824754,389274.0,444055.0,986.2,1012.2,981.3,986.2,120436500,1084.8,887.6,1102.5,649.1,1008.9,958,4,1008.8,3288,13,1008.7,2932,13,1008.6,948,13,1008.5,1899,16,1009.0,104,1,1009.1,6,1,1009.2,223,2,1009.3,818,3,1009.4,358,3
317,2025-11-26 13:08:33+05:30,1008.9,126,1000.48,6824754,389274.0,444055.0,986.2,1012.2,981.3,986.2,120436500,1084.8,887.6,1102.5,649.1,1008.9,958,4,1008.8,3288,13,1008.7,2932,13,1008.6,948,13,1008.5,1899,16,1009.0,104,1,1009.1,6,1,1009.2,223,2,1009.3,818,3,1009.4,358,3
317,2025-11-26 13:08:34+05:30,1008.9,126,1000.48,6824928,388719.0,444139.0,986.2,1012.2,981.3,986.2,120436500,1084.8,887.6,1102.5,649.1,1008.9,624,1,1008.8,3131,12,1008.7,2899,12,1008.6,818,11,1008.5,1816,15,1009.0,80,1,1009.1,6,1,1009.2,228,3,1009.3,825,5,1009.4,433,4
317,2025-11-26 13:08:34+05:30,1008.9,21,1000.48,6824928,388719.0,444139.0,986.2,1012.2,981.3,986.2,120436500,1084.8,887.6,1102.5,649.1,1008.9,624,1,1008.8,3131,12,1008.7,2899,12,1008.6,818,11,1008.5,1816,15,1009.0,80,1,1009.1,6,1,1009.2,228,3,1009.3,825,5,1009.4,433,4
317,2025-11-26 13:08:35+05:30,1009.0,2,1000.48,6825063,388686.0,443790.0,986.2,1012.2,981.3,986.2,120436500,1084.8,887.6,1102.5,649.1,1008.9,603,1,1008.8,2990,12,1008.7,3038,13,1008.6,818,11,1008.5,1816,15,1009.0,103,2,1009.1,46,2,1009.2,207,2,1009.3,819,3,1009.4,466,4
317,2025-11-26 13:08:35+05:30,1009.0,2,1000.48,6825063,388686.0,443790.0,986.2,1012.2,981.3,986.2,120436500,1084.8,887.6,1102.5,649.1,1008.9,603,1,1008.8,2990,12,1008.7,3038,13,1008.6,818,11,1008.5,1816,15,1009.0,103,2,1009.1,46,2,1009.2,207,2,1009.3,819,3,1009.4,466,4
317,2025-11-26 13:08:36+05:30,1008.9,1,1000.48,6825373,387933.0,443502.0,986.2,1012.2,981.3,986.2,120436500,1084.8,887.6,1102.5,649.1,1008.9,602,1,1008.8,3067,12,1008.7,2141,12,1008.6,793,10,1008.5,1853,16,1009.1,21,2,1009.2,5,1,1009.3,819,3,1009.4,468,5,1009.5,688,15
317,2025-11-26 13:08:36+05:30,1008.9,1,1000.48,6825373,387933.0,443502.0,986.2,1012.2,981.3,986.2,120436500,1084.8,887.6,1102.5,649.1,1008.9,602,1,1008.8,3067,12,1008.7,2141,12,1008.6,793,10,1008.5,1853,16,1009.1,21,2,1009.2,5,1,1009.3,819,3,1009.4,468,5,1009.5,688,15
317,2025-11-26 13:08:37+05:30,1009.1,20,1000.48,6825425,387777.0,443535.0,986.2,1012.2,981.3,986.2,120436500,1084.8,887.6,1102.5,649.1,1008.9,570,1,1008.8,3056,10,1008.7,2028,13,1008.6,793,10,1008.5,1853,16,1009.1,23,1,1009.2,5,1,1009.3,819,3,1009.4,468,5,1009.5,688,15
317,2025-11-26 13:08:37+05:30,1009.1,20,1000.48,6825425,387777.0,443535.0,986.2,1012.2,981.3,986.2,120436500,1084.8,887.6,1102.5,649.1,1008.9,570,1,1008.8,3056,10,1008.7,2028,13,1008.6,793,10,1008.5,1853,16,1009.1,23,1,1009.2,5,1,1009.3,819,3,1009.4,468,5,1009.5,688,15
317,2025-11-26 13:08:38+05:30,1009.2,732,1000.48,6826181,387692.0,442849.0,986.2,1012.2,981.3,986.2,120436500,1084.8,887.6,1102.5,649.1,1009.1,1,1,1009.0,26,2,1008.9,683,2,1008.8,2773,7,1008.7,2102,14,1009.2,139,1,1009.3,986,5,1009.4,606,7,1009.5,563,13,1009.6,1144,7
317,2025-11-26 13:08:38+05:30,1009.2,732,1000.48,6826181,387692.0,442849.0,986.2,1012.2,981.3,986.2,120436500,1084.8,887.6,1102.5,649.1,1009.1,1,1,1009.0,26,2,1008.9,683,2,1008.8,2773,7,1008.7,2102,14,1009.2,139,1,1009.3,986,5,1009.4,606,7,1009.5,563,13,1009.6,1144,7
317,2025-11-26 13:08:39+05:30,1009.2,732,1000.48,6826181,387235.0,444074.0,986.2,1012.2,981.3,986.2,120436500,1084.8,887.6,1102.5,649.1,1009.1,1,1,1009.0,176,3,1008.9,686,3,1008.8,2773,7,1008.7,2102,14,1009.3,1191,6,1009.4,606,7,1009.5,563,13,1009.6,1189,11,1009.7,1050,16
317,2025-11-26 13:08:40+05:30,1009.3,1,1000.48,6826187,386789.0,443979.0,986.2,1012.2,981.3,986.2,120436500,1084.8,887.6,1102.5,649.1,1009.0,172,3,1008.9,686,3,1008.8,2023,6,1008.7,2102,14,1008.6,793,10,1009.3,818,3,1009.4,884,9,1009.5,563,13,1009.6,1189,11,1009.7,1050,16
317,2025-11-26 13:08:40+05:30,1009.3,1,1000.48,6826187,386789.0,443979.0,986.2,1012.2,981.3,986.2,120436500,1084.8,887.6,1102.5,649.1,1009.0,172,3,1008.9,686,3,1008.8,2023,6,1008.7,2102,14,1008.6,793,10,1009.3,818,3,1009.4,884,9,1009.5,563,13,1009.6,1189,11,1009.7,1050,16
317,2025-11-26 13:08:41+05:30,1009.3,2,1000.48,6826189,387620.0,444177.0,986.2,1012.2,981.3,986.2,120436500,1084.8,887.6,1102.5,649.1,1009.0,172,3,1008.9,573,2,1008.8,2368,9,1008.7,2102,14,1008.6,793,10,1009.1,20,1,1009.3,816,3,1009.4,745,8,1009.5,809,15,1009.6,1189,11
317,2025-11-26 13:08:41+05:30,1009.3,2,1000.48,6826189,387620.0,444177.0,986.2,1012.2,981.3,986.2,120436500,1084.8,887.6,1102.5,649.1,1009.0,172,3,1008.9,573,2,1008.8,2368,9,1008.7,2102,14,1008.6,793,10,1009.1,20,1,1009.3,816,3,1009.4,745,8,1009.5,809,15,1009.6,1189,11
317,2025-11-26 13:08:42+05:30,1009.3,2,1000.48,6826189,388494.0,444406.0,986.2,1012.2,981.3,986.2,120436500,1084.8,887.6,1102.5,649.1,1009.0,172,3,1008.9,573,2,1008.8,2848,8,1008.7,2372,16,1008.6,793,10,1009.1,59,2,1009.2,53,1,1009.3,816,3,1009.4,745,8,1009.5,809,15
317,2025-11-26 13:08:43+05:30,1009.1,1,1000.48,6826367,388468.0,444338.0,986.2,1012.2,981.3,986.2,120436500,1084.8,887.6,1102.5,649.1,1009.0,68,3,1008.9,573,2,1008.8,2946,9,1008.7,2203,14,1008.6,793,10,1009.1,11,1,1009.2,53,1,1009.3,816,3,1009.4,636,8,1009.5,929,14
317,2025-11-26 13:08:43+05:30,1009.1,1,1000.48,6826367,388468.0,444338.0,986.2,1012.2,981.3,986.2,120436500,1084.8,887.6,1102.5,649.1,1009.0,68,3,1008.9,573,2,1008.8,2946,9,1008.7,2203,14,1008.6,793,10,1009.1,11,1,1009.2,53,1,1009.3,816,3,1009.4,636,8,1009.5,929,14
317,2025-11-26 13:08:44+05:30,1009.1,3,1000.48,6826535,388771.0,444349.0,986.2,1012.2,981.3,986.2,120436500,1084.8,887.6,1102.5,649.1,1009.0,166,3,1008.9,573,2,1008.8,3205,11,1008.7,2228,15,1008.6,793,10,1009.1,36,1,1009.2,53,1,1009.3,816,3,1009.4,606,7,1009.5,659,12
317,2025-11-26 13:08:44+05:30,1009.1,3,1000.48,6826535,388771.0,444349.0,986.2,1012.2,981.3,986.2,120436500,1084.8,887.6,1102.5,649.1,1009.0,166,3,1008.9,573,2,1008.8,3205,11,1008.7,2228,15,1008.6,793,10,1009.1,36,1,1009.2,53,1,1009.3,816,3,1009.4,606,7,1009.5,659,12
317,2025-11-26 13:08:45+05:30,1009.1,2,1000.48,6826537,388771.0,444303.0,986.2,1012.2,981.3,986.2,120436500,1084.8,887.6,1102.5,649.1,1009.0,166,3,1008.9,573,2,1008.8,3205,11,1008.7,2228,15,1008.6,793,10,1009.1,34,1,1009.2,53,1,1009.3,772,3,1009.4,606,7,1009.5,659,12
317,2025-11-26 13:08:45+05:30,1009.1,20,1000.48,6826537,388771.0,444303.0,986.2,1012.2,981.3,986.2,120436500,1084.8,887.6,1102.5,649.1,1009.0,166,3,1008.9,573,2,1008.8,3205,11,1008.7,2228,15,1008.6,793,10,1009.1,34,1,1009.2,53,1,1009.3,772,3,1009.4,606,7,1009.5,659,12
317,2025-11-26 13:08:46+05:30,1009.1,1,1000.48,6826558,389021.0,444437.0,986.2,1012.2,981.3,986.2,120436500,1084.8,887.6,1102.5,649.1,1009.0,166,3,1008.9,573,2,1008.8,3205,11,1008.7,2228,15,1008.6,793,10,1009.1,13,1,1009.2,53,1,1009.3,772,3,1009.4,606,7,1009.5,659,12
317,2025-11-26 13:08:46+05:30,1009.1,1,1000.48,6826558,389021.0,444437.0,986.2,1012.2,981.3,986.2,120436500,1084.8,887.6,1102.5,649.1,1009.0,166,3,1008.9,573,2,1008.8,3205,11,1008.7,2228,15,1008.6,793,10,1009.1,13,1,1009.2,53,1,1009.3,772,3,1009.4,606,7,1009.5,659,12
317,2025-11-26 13:08:47+05:30,1009.0,10,1000.48,6826812,388533.0,444698.0,986.2,1012.2,981.3,986.2,120436500,1084.8,887.6,1102.5,649.1,1009.1,1,1,1009.0,101,4,1008.9,573,2,1008.8,2946,9,1008.7,2338,15,1009.2,53,1,1009.3,896,4,1009.4,571,6,1009.5,565,11,1009.6,1141,9
317,2025-11-26 13:08:47+05:30,1009.0,10,1000.48,6826812,388533.0,444698.0,986.2,1012.2,981.3,986.2,120436500,1084.8,887.6,1102.5,649.1,1009.1,1,1,1009.0,101,4,1008.9,573,2,1008.8,2946,9,1008.7,2338,15,1009.2,53,1,1009.3,896,4,1009.4,571,6,1009.5,565,11,1009.6,1141,9
317,2025-11-26 13:08:48+05:30,1009.0,3,1000.48,6826820,388649.0,444722.0,986.2,1012.2,981.3,986.2,120436500,1084.8,887.6,1102.5,649.1,1009.0,94,4,1008.9,708,3,1008.8,2946,9,1008.7,2203,14,1008.6,793,10,1009.2,53,1,1009.3,908,5,1009.4,436,5,1009.5,685,10,1009.6,1141,9
317,2025-11-26 13:08:48+05:30,1009.0,3,1000.48,6826820,388649.0,444722.0,986.2,1012.2,981.3,986.2,120436500,1084.8,887.6,1102.5,649.1,1009.0,94,4,1008.9,708,3,1008.8,2946,9,1008.7,2203,14,1008.6,793,10,1009.2,53,1,1009.3,908,5,1009.4,436,5,1009.5,685,10,1009.6,1141,9
317,2025-11-26 13:08:49+05:30,1009.0,3,1000.48,6826820,388648.0,444741.0,986.2,1012.2,981.3,986.2,120436500,1084.8,887.6,1102.5,649.1,1009.0,94,4,1008.9,708,3,1008.8,2968,10,1008.7,2203,14,1008.6,793,10,1009.2,53,1,1009.3,908,5,1009.4,455,6,1009.5,707,11,1009.6,1141,9
317,2025-11-26 13:08:50+05:30,1009.0,36,1000.48,6826952,388382.0,445192.0,986.2,1012.2,981.3,986.2,120436500,1084.8,887.6,1102.5,649.1,1009.0,135,2,1008.9,573,2,1008.8,2895,8,1008.7,1998,13,1008.6,840,12,1009.2,203,3,1009.3,935,6,1009.4,610,6,1009.5,562,11,1009.6,746,10
317,2025-11-26 13:08:50+05:30,1009.0,15,1000.48,6826952,388382.0,445192.0,986.2,1012.2,981.3,986.2,120436500,1084.8,887.6,1102.5,649.1,1009.0,135,2,1008.9,573,2,1008.8,2895,8,1008.7,1998,13,1008.6,840,12,1009.2,203,3,1009.3,935,6,1009.4,610,6,1009.5,562,11,1009.6,746,10
317,2025-11-26 13:08:51+05:30,1009.2,1,1000.48,6827168,388228.0,445154.0,986.2,1012.2,981.3,986.2,120436500,1084.8,887.6,1102.5,649.1,1009.0,91,2,1008.9,573,2,1008.8,2773,7,1008.7,2070,14,1008.6,928,12,1009.2,91,5,1009.3,1179,7,1009.4,814,9,1009.5,568,13,1009.6,715,12
317,2025-11-26 13:08:51+05:30,1009.2,1,1000.48,6827168,388228.0,445154.0,986.2,1012.2,981.3,986.2,120436500,1084.8,887.6,1102.5,649.1,1009.0,91,2,1008.9,573,2,1008.8,2773,7,1008.7,2070,14,1008.6,928,12,1009.2,91,5,1009.3,1179,7,1009.4,814,9,1009.5,568,13,1009.6,715,12
317,2025-11-26 13:08:52+05:30,1009.1,1,1000.48,6827169,388329.0,445326.0,986.2,1012.2,981.3,986.2,120436500,1084.8,887.6,1102.5,649.1,1009.0,91,2,1008.9,573,2,1008.8,2844,8,1008.7,2035,14,1008.6,928,12,1009.1,19,1,1009.2,91,5,1009.3,1179,7,1009.4,814,9,1009.5,565,11
317,2025-11-26 13:08:52+05:30,1009.0,5,1000.48,6827169,388329.0,445326.0,986.2,1012.2,981.3,986.2,120436500,1084.8,887.6,1102.5,649.1,1009.0,91,2,1008.9,573,2,1008.8,2844,8,1008.7,2035,14,1008.6,928,12,1009.1,19,1,1009.2,91,5,1009.3,1179,7,1009.4,814,9,1009.5,565,11
317,2025-11-26 13:08:53+05:30,1009.1,5,1000.48,6827230,388394.0,445134.0,986.2,1012.2,981.3,986.2,120436500,1084.8,887.6,1102.5,649.1,1009.0,86,2,1008.9,643,3,1008.8,2844,8,1008.7,2035,14,1008.6,928,12,1009.1,11,1,1009.2,91,5,1009.3,1057,6,1009.4,782,8,1009.5,485,10
317,2025-11-26 13:08:53+05:30,1009.1,5,1000.48,6827230,388394.0,445134.0,986.2,1012.2,981.3,986.2,120436500,1084.8,887.6,1102.5,649.1,1009.0,86,2,1008.9,643,3,1008.8,2844,8,1008.7,2035,14,1008.6,928,12,1009.1,11,1,1009.2,91,5,1009.3,1057,6,1009.4,782,8,1009.5,485,10
317,2025-11-26 13:08:54+05:30,1009.1,5,1000.48,6827230,388394.0,445131.0,986.2,1012.2,981.3,986.2,120436500,1084.8,887.6,1102.5,649.1,1009.0,86,2,1008.9,643,3,1008.8,2844,8,1008.7,2035,14,1008.6,928,12,1009.1,11,1,1009.2,103,6,1009.3,1045,5,1009.4,782,8,1009.5,485,10
317,2025-11-26 13:08:54+05:30,1009.1,112,1000.48,6827230,388394.0,445131.0,986.2,1012.2,981.3,986.2,120436500,1084.8,887.6,1102.5,649.1,1009.0,86,2,1008.9,643,3,1008.8,2844,8,1008.7,2035,14,1008.6,928,12,1009.1,11,1,1009.2,103,6,1009.3,1045,5,1009.4,782,8,1009.5,485,10
317,2025-11-26 13:08:55+05:30,1009.1,13,1000.48,6827360,388640.0,445240.0,986.2,1012.2,981.3,986.2,120436500,1084.8,887.6,1102.5,649.1,1009.0,201,3,1008.9,578,3,1008.8,3212,11,1008.7,2035,14,1008.6,806,11,1009.1,2,1,1009.2,103,6,1009.3,827,3,1009.4,619,7,1009.5,712,12
317,2025-11-26 13:08:55+05:30,1009.2,4,1000.48,6827360,388640.0,445240.0,986.2,1012.2,981.3,986.2,120436500,1084.8,887.6,1102.5,649.1,1009.0,201,3,1008.9,578,3,1008.8,3212,11,1008.7,2035,14,1008.6,806,11,1009.1,2,1,1009.2,103,6,1009.3,827,3,1009.4,619,7,1009.5,712,12
317,2025-11-26 13:08:56+05:30,1009.1,1,1000.48,6827374,388604.0,445621.0,986.2,1012.2,981.3,986.2,120436500,1084.8,887.6,1102.5,649.1,1009.1,2,2,1009.0,201,3,1008.9,578,3,1008.8,2872,9,1008.7,2122,13,1009.2,69,5,1009.3,827,3,1009.4,923,9,1009.5,601,11,1009.6,769,12
317,2025-11-26 13:08:56+05:30,1009.1,1,1000.48,6827374,388604.0,445621.0,986.2,1012.2,981.3,986.2,120436500,1084.8,887.6,1102.5,649.1,1009.1,2,2,1009.0,201,3,1008.9,578,3,1008.8,2872,9,1008.7,2122,13,1009.2,69,5,1009.3,827,3,1009.4,923,9,1009.5,601,11,1009.6,769,12
317,2025-11-26 13:08:57+05:30,1009.3,376,1000.48,6828174,388582.0,444231.0,986.2,1012.2,981.3,986.2,120436500,1084.8,887.6,1102.5,649.1,1009.0,904,4,1008.9,1037,9,1008.8,2507,11,1008.7,1959,9,1008.6,1140,11,1009.3,394,2,1009.4,247,3,1009.5,236,7,1009.6,814,12,1009.7,1427,15
317,2025-11-26 13:08:57+05:30,1009.3,376,1000.48,6828174,388582.0,444231.0,986.2,1012.2,981.3,986.2,120436500,1084.8,887.6,1102.5,649.1,1009.0,904,4,1008.9,1037,9,1008.8,2507,11,1008.7,1959,9,1008.6,1140,11,1009.3,394,2,1009.4,247,3,1009.5,236,7,1009.6,814,12,1009.7,1427,15
317,2025-11-26 13:08:58+05:30,1009.0,91,1000.48,6828304,387752.0,444631.0,986.2,1012.2,981.3,986.2,120436500,1084.8,887.6,1102.5,649.1,1009.0,966,5,1008.9,1092,8,1008.8,1652,12,1008.7,1920,12,1008.6,1140,11,1009.3,394,2,1009.4,247,3,1009.5,471,10,1009.6,763,12,1009.7,1549,16
317,2025-11-26 13:08:58+05:30,1009.3,127,1000.48,6828304,387752.0,444631.0,986.2,1012.2,981.3,986.2,120436500,1084.8,887.6,1102.5,649.1,1009.0,966,5,1008.9,1092,8,1008.8,1652,12,1008.7,1920,12,1008.6,1140,11,1009.3,394,2,1009.4,247,3,1009.5,471,10,1009.6,763,12,1009.7,1549,16
317,2025-11-26 13:08:59+05:30,1009.3,1,1000.48,6828432,387862.0,444356.0,986.2,1012.2,981.3,986.2,120436500,1084.8,887.6,1102.5,649.1,1009.0,966,5,1008.9,1188,10,1008.8,1652,12,1008.7,1920,12,1008.6,1140,11,1009.3,266,2,1009.4,248,4,1009.5,1010,10,1009.6,763,12,1009.7,958,14
317,2025-11-26 13:08:59+05:30,1009.3,1,1000.48,6828432,387862.0,444356.0,986.2,1012.2,981.3,986.2,120436500,1084.8,887.6,1102.5,649.1,1009.0,966,5,1008.9,1188,10,1008.8,1652,12,1008.7,1920,12,1008.6,1140,11,1009.3,266,2,1009.4,248,4,1009.5,1010,10,1009.6,763,12,1009.7,958,14
317,2025-11-26 13:09:00+05:30,1009.3,1,1000.48,6828434,387827.0,444376.0,986.2,1012.2,981.3,986.2,120436500,1084.8,887.6,1102.5,649.1,1009.0,965,5,1008.9,1154,9,1008.8,1652,12,1008.7,1920,12,1008.6,1140,11,1009.3,265,2,1009.4,248,4,1009.5,1010,10,1009.6,763,12,1009.7,979,15
317,2025-11-26 13:09:00+05:30,1009.3,1,1000.48,6828434,387827.0,444376.0,986.2,1012.2,981.3,986.2,120436500,1084.8,887.6,1102.5,649.1,1009.0,965,5,1008.9,1154,9,1008.8,1652,12,1008.7,1920,12,1008.6,1140,11,1009.3,265,2,1009.4,248,4,1009.5,1010,10,1009.6,763,12,1009.7,979,15
317,2025-11-26 13:09:01+05:30,1009.3,1,1000.48,6828443,387787.0,444354.0,986.2,1012.2,981.3,986.2,120436500,1084.8,887.6,1102.5,649.1,1009.0,957,5,1008.9,910,7,1008.8,1876,14,1008.7,1920,12,1008.6,1140,11,1009.3,276,3,1009.4,248,4,1009.5,1015,11,1009.6,763,12,1009.7,958,14
317,2025-11-26 13:09:01+05:30,1009.3,1,1000.48,6828443,387787.0,444354.0,986.2,1012.2,981.3,986.2,120436500,1084.8,887.6,1102.5,649.1,1009.0,957,5,1008.9,910,7,1008.8,1876,14,1008.7,1920,12,1008.6,1140,11,1009.3,276,3,1009.4,248,4,1009.5,1015,11,1009.6,763,12,1009.7,958,14
317,2025-11-26 13:09:02+05:30,1009.3,1,1000.48,6828443,388714.0,444399.0,986.2,1012.2,981.3,986.2,120436500,1084.8,887.6,1102.5,649.1,1009.0,957,5,1008.9,997,7,1008.8,1816,13,1008.7,2106,14,1008.6,805,10,1009.1,26,1,1009.3,276,3,1009.4,452,6,1009.5,1015,11,1009.6,763,12
317,2025-11-26 13:09:03+05:30,1009.3,16,1000.48,6829208,388599.0,444084.0,986.2,1012.2,981.3,986.2,120436500,1084.8,887.6,1102.5,649.1,1009.1,61,4,1009.0,342,4,1008.9,1232,10,1008.8,3205,14,1008.7,2142,14,1009.3,76,2,1009.4,180,4,1009.5,472,9,1009.6,1394,11,1009.7,950,15
317,2025-11-26 13:09:03+05:30,1009.3,16,1000.48,6829208,388599.0,444084.0,986.2,1012.2,981.3,986.2,120436500,1084.8,887.6,1102.5,649.1,1009.1,61,4,1009.0,342,4,1008.9,1232,10,1008.8,3205,14,1008.7,2142,14,1009.3,76,2,1009.4,180,4,1009.5,472,9,1009.6,1394,11,1009.7,950,15
317,2025-11-26 13:09:04+05:30,1009.3,16,1000.48,6829208,387861.0,444192.0,986.2,1012.2,981.3,986.2,120436500,1084.8,887.6,1102.5,649.1,1009.1,74,5,1009.0,342,4,1008.9,1232,10,1008.8,2455,13,1008.7,2142,14,1009.3,76,2,1009.4,180,4,1009.5,390,8,1009.6,1282,10,1009.7,1062,16
317,2025-11-26 13:09:05+05:30,1009.0,109,1000.48,6829440,387089.0,443972.0,986.2,1012.2,981.3,986.2,120436500,1084.8,887.6,1102.5,649.1,1009.0,83,3,1008.9,1048,8,1008.8,2653,15,1008.7,2256,15,1008.6,860,11,1009.3,75,3,1009.4,58,3,1009.5,1042,10,1009.6,713,9,1009.7,843,15
317,2025-11-26 13:09:05+05:30,1009.3,45,1000.48,6829440,387089.0,443972.0,986.2,1012.2,981.3,986.2,120436500,1084.8,887.6,1102.5,649.1,1009.0,83,3,1008.9,1048,8,1008.8,2653,15,1008.7,2256,15,1008.6,860,11,1009.3,75,3,1009.4,58,3,1009.5,1042,10,1009.6,713,9,1009.7,843,15
317,2025-11-26 13:09:06+05:30,1009.3,1,1000.48,6829561,387895.0,443747.0,986.2,1012.2,981.3,986.2,120436500,1084.8,887.6,1102.5,649.1,1009.0,307,5,1008.9,1138,8,1008.8,2541,14,1008.7,2485,17,1008.6,935,12,1009.3,11,1,1009.4,19,1,1009.5,929,8,1009.6,644,7,1009.7,827,12
317,2025-11-26 13:09:06+05:30,1009.3,1,1000.48,6829561,387895.0,443747.0,986.2,1012.2,981.3,986.2,120436500,1084.8,887.6,1102.5,649.1,1009.0,307,5,1008.9,1138,8,1008.8,2541,14,1008.7,2485,17,1008.6,935,12,1009.3,11,1,1009.4,19,1,1009.5,929,8,1009.6,644,7,1009.7,827,12
317,2025-11-26 13:09:07+05:30,1009.3,1,1000.48,6829561,387897.0,443782.0,986.2,1012.2,981.3,986.2,120436500,1084.8,887.6,1102.5,649.1,1009.0,307,5,1008.9,1138,8,1008.8,2541,14,1008.7,2485,17,1008.6,935,12,1009.3,11,1,1009.4,19,1,1009.5,929,8,1009.6,644,7,1009.7,827,12
317,2025-11-26 13:09:08+05:30,1009.3,1,1000.48,6829561,387897.0,443782.0,986.2,1012.2,981.3,986.2,120436500,1084.8,887.6,1102.5,649.1,1009.0,307,5,1008.9,1138,8,1008.8,2541,14,1008.7,2485,17,1008.6,935,12,1009.3,11,1,1009.4,19,1,1009.5,929,8,1009.6,644,7,1009.7,827,12
317,2025-11-26 13:09:09+05:30,1009.3,5,1000.48,6829606,388023.0,443747.0,986.2,1012.2,981.3,986.2,120436500,1084.8,887.6,1102.5,649.1,1009.0,155,4,1008.9,1416,11,1008.8,2541,14,1008.7,2485,17,1008.6,935,12,1009.3,6,1,1009.4,19,1,1009.5,929,8,1009.6,644,7,1009.7,827,12
317,2025-11-26 13:09:09+05:30,1009.3,5,1000.48,6829606,388023.0,443747.0,986.2,1012.2,981.3,986.2,120436500,1084.8,887.6,1102.5,649.1,1009.0,155,4,1008.9,1416,11,1008.8,2541,14,1008.7,2485,17,1008.6,935,12,1009.3,6,1,1009.4,19,1,1009.5,929,8,1009.6,644,7,1009.7,827,12
317,2025-11-26 13:09:10+05:30,1009.0,9,1000.48,6829616,388163.0,443748.0,986.2,1012.2,981.3,986.2,120436500,1084.8,887.6,1102.5,649.1,1009.0,183,3,1008.9,1528,12,1008.8,2541,14,1008.7,2485,17,1008.6,935,12,1009.3,17,3,1009.4,19,1,1009.5,929,8,1009.6,644,7,1009.7,827,12
317,2025-11-26 13:09:10+05:30,1009.3,1,1000.48,6829616,388163.0,443748.0,986.2,1012.2,981.3,986.2,120436500,1084.8,887.6,1102.5,649.1,1009.0,183,3,1008.9,1528,12,1008.8,2541,14,1008.7,2485,17,1008.6,935,12,1009.3,17,3,1009.4,19,1,1009.5,929,8,1009.6,644,7,1009.7,827,12
317,2025-11-26 13:09:11+05:30,1009.3,1,1000.48,6829622,388163.0,443778.0,986.2,1012.2,981.3,986.2,120436500,1084.8,887.6,1102.5,649.1,1009.0,183,3,1008.9,1528,12,1008.8,2541,14,1008.7,2485,17,1008.6,935,12,1009.3,23,3,1009.4,19,1,1009.5,929,8,1009.6,644,7,1009.7,827,12
317,2025-11-26 13:09:11+05:30,1009.3,1,1000.48,6829622,388163.0,443778.0,986.2,1012.2,981.3,986.2,120436500,1084.8,887.6,1102.5,649.1,1009.0,183,3,1008.9,1528,12,1008.8,2541,14,1008.7,2485,17,1008.6,935,12,1009.3,23,3,1009.4,19,1,1009.5,929,8,1009.6,644,7,1009.7,827,12
317,2025-11-26 13:09:12+05:30,1009.3,1,1000.48,6829622,390331.0,444202.0,986.2,1012.2,981.3,986.2,120436500,1084.8,887.6,1102.5,649.1,1009.0,478,5,1008.9,1388,10,1008.8,3291,15,1008.7,2485,17,1008.6,935,12,1009.1,24,1,1009.3,23,3,1009.4,19,1,1009.5,422,7,1009.6,1214,8
317,2025-11-26 13:09:12+05:30,1009.0,97,1000.48,6829622,390331.0,444202.0,986.2,1012.2,981.3,986.2,120436500,1084.8,887.6,1102.5,649.1,1009.0,478,5,1008.9,1388,10,1008.8,3291,15,1008.7,2485,17,1008.6,935,12,1009.1,24,1,1009.3,23,3,1009.4,19,1,1009.5,422,7,1009.6,1214,8
317,2025-11-26 13:09:13+05:30,1009.1,23,1000.48,6829785,389255.0,444553.0,986.2,1012.2,981.3,986.2,120436500,1084.8,887.6,1102.5,649.1,1009.0,95,3,1008.9,915,6,1008.8,3289,15,1008.7,2442,17,1008.6,858,11,1009.1,24,1,1009.3,24,4,1009.4,413,5,1009.5,420,8,1009.6,1211,8
317,2025-11-26 13:09:13+05:30,1009.1,23,1000.48,6829785,389255.0,444553.0,986.2,1012.2,981.3,986.2,120436500,1084.8,887.6,1102.5,649.1,1009.0,95,3,1008.9,915,6,1008.8,3289,15,1008.7,2442,17,1008.6,858,11,1009.1,24,1,1009.3,24,4,1009.4,413,5,1009.5,420,8,1009.6,1211,8
317,2025-11-26 13:09:14+05:30,1009.1,112,1000.48,6829975,389444.0,444429.0,986.2,1012.2,981.3,986.2,120436500,1084.8,887.6,1102.5,649.1,1009.0,188,3,1008.9,692,4,1008.8,3511,17,1008.7,2442,17,1008.6,955,12,1009.1,24,1,1009.2,83,2,1009.3,24,4,1009.4,344,4,1009.5,377,7
317,2025-11-26 13:09:14+05:30,1009.1,2,1000.48,6829975,389444.0,444429.0,986.2,1012.2,981.3,986.2,120436500,1084.8,887.6,1102.5,649.1,1009.0,188,3,1008.9,692,4,1008.8,3511,17,1008.7,2442,17,1008.6,955,12,1009.1,24,1,1009.2,83,2,1009.3,24,4,1009.4,344,4,1009.5,377,7
317,2025-11-26 13:09:15+05:30,1009.1,2,1000.48,6829978,389444.0,444458.0,986.2,1012.2,981.3,986.2,120436500,1084.8,887.6,1102.5,649.1,1009.0,188,3,1008.9,692,4,1008.8,3511,17,1008.7,2442,17,1008.6,955,12,1009.1,21,1,1009.2,83,2,1009.3,24,4,1009.4,344,4,1009.5,377,7
317,2025-11-26 13:09:15+05:30,1009.0,33,1000.48,6829978,389444.0,444458.0,986.2,1012.2,981.3,986.2,120436500,1084.8,887.6,1102.5,649.1,1009.0,188,3,1008.9,692,4,1008.8,3511,17,1008.7,2442,17,1008.6,955,12,1009.1,21,1,1009.2,83,2,1009.3,24,4,1009.4,344,4,1009.5,377,7
317,2025-11-26 13:09:16+05:30,1009.1,5,1000.48,6830037,389506.0,444454.0,986.2,1012.2,981.3,986.2,120436500,1084.8,887.6,1102.5,649.1,1009.0,159,3,1008.9,894,6,1008.8,3400,16,1008.7,2442,17,1008.6,955,12,1009.1,12,1,1009.2,83,2,1009.3,24,4,1009.4,344,4,1009.5,377,7
317,2025-11-26 13:09:16+05:30,1009.1,5,1000.48,6830037,389506.0,444454.0,986.2,1012.2,981.3,986.2,120436500,1084.8,887.6,1102.5,649.1,1009.0,159,3,1008.9,894,6,1008.8,3400,16,1008.7,2442,17,1008.6,955,12,1009.1,12,1,1009.2,83,2,1009.3,24,4,1009.4,344,4,1009.5,377,7
317,2025-11-26 13:09:17+05:30,1009.2,21,1000.48,6830137,389197.0,443506.0,986.2,1012.2,981.3,986.2,120436500,1084.8,887.6,1102.5,649.1,1009.0,159,3,1008.9,894,6,1008.8,3429,17,1008.7,2413,16,1008.6,955,12,1009.2,62,2,1009.3,24,4,1009.4,142,3,1009.5,298,6,1009.6,637,6
317,2025-11-26 13:09:17+05:30,1009.2,21,1000.48,6830137,389197.0,443506.0,986.2,1012.2,981.3,986.2,120436500,1084.8,887.6,1102.5,649.1,1009.0,159,3,1008.9,894,6,1008.8,3429,17,1008.7,2413,16,1008.6,955,12,1009.2,62,2,1009.3,24,4,1009.4,142,3,1009.5,298,6,1009.6,637,6
317,2025-11-26 13:09:18+05:30,1009.2,21,1000.48,6830137,389216.0,443476.0,986.2,1012.2,981.3,986.2,120436500,1084.8,887.6,1102.5,649.1,1009.0,180,4,1008.9,1005,7,1008.8,3318,16,1008.7,2413,16,1008.6,955,12,1009.2,62,2,1009.3,24,4,1009.4,142,3,1009.5,299,7,1009.6,637,6
317,2025-11-26 13:09:19+05:30,1009.2,21,1000.48,6830137,389206.0,444073.0,986.2,1012.2,981.3,986.2,120436500,1084.8,887.6,1102.5,649.1,1009.0,180,4,1008.9,783,5,1008.8,3540,18,1008.7,2413,16,1008.6,955,12,1009.2,50,2,1009.3,24,4,1009.4,142,3,1009.5,339,8,1009.6,1194,7
317,2025-11-26 13:09:20+05:30,1009.2,21,1000.48,6830137,389219.0,444103.0,986.2,1012.2,981.3,986.2,120436500,1084.8,887.6,1102.5,649.1,1009.0,193,5,1008.9,1005,7,1008.8,3318,16,1008.7,2384,14,1008.6,984,14,1009.2,50,2,1009.3,24,4,1009.4,142,3,1009.5,339,8,1009.6,1194,7
317,2025-11-26 13:09:21+05:30,1009.2,1,1000.48,6830137,389219.0,444103.0,986.2,1012.2,981.3,986.2,120436500,1084.8,887.6,1102.5,649.1,1009.0,193,5,1008.9,1005,7,1008.8,3318,16,1008.7,2384,14,1008.6,984,14,1009.2,50,2,1009.3,24,4,1009.4,142,3,1009.5,339,8,1009.6,1194,7
317,2025-11-26 13:09:23+05:30,1009.0,1,1000.48,6830137,389219.0,444103.0,986.2,1012.2,981.3,986.2,120436500,1084.8,887.6,1102.5,649.1,1009.0,193,5,1008.9,1005,7,1008.8,3318,16,1008.7,2384,14,1008.6,984,14,1009.2,50,2,1009.3,24,4,1009.4,142,3,1009.5,339,8,1009.6,1194,7
317,2025-11-26 13:09:24+05:30,1009.2,22,1000.48,6830556,389382.0,444541.0,986.2,1012.2,981.3,986.2,120436500,1084.8,887.6,1102.5,649.1,1009.0,211,5,1008.9,692,4,1008.8,3268,13,1008.7,2540,18,1008.6,984,14,1009.1,137,1,1009.2,64,2,1009.3,24,4,1009.4,222,5,1009.5,423,9
317,2025-11-26 13:09:25+05:30,1009.1,27,1000.48,6830556,389382.0,444541.0,986.2,1012.2,981.3,986.2,120436500,1084.8,887.6,1102.5,649.1,1009.0,211,5,1008.9,692,4,1008.8,3268,13,1008.7,2540,18,1008.6,984,14,1009.1,137,1,1009.2,64,2,1009.3,24,4,1009.4,222,5,1009.5,423,9
317,2025-11-26 13:09:27+05:30,1009.4,25,1000.48,6830556,389382.0,444541.0,986.2,1012.2,981.3,986.2,120436500,1084.8,887.6,1102.5,649.1,1009.0,211,5,1008.9,692,4,1008.8,3268,13,1008.7,2540,18,1008.6,984,14,1009.1,137,1,1009.2,64,2,1009.3,24,4,1009.4,222,5,1009.5,423,9
317,2025-11-26 13:09:28+05:30,1009.4,25,1000.49,6832002,387182.0,443335.0,986.2,1012.2,981.3,986.2,120436500,1084.8,887.6,1102.5,649.1,1009.1,427,1,1009.0,334,7,1008.9,814,5,1008.8,2579,13,1008.7,2413,16,1009.4,100,1,1009.5,485,9,1009.6,746,11,1009.7,1230,12,1009.8,1332,15
317,2025-11-26 13:09:29+05:30,1009.5,1,1000.49,6832002,387182.0,443335.0,986.2,1012.2,981.3,986.2,120436500,1084.8,887.6,1102.5,649.1,1009.1,427,1,1009.0,334,7,1008.9,814,5,1008.8,2579,13,1008.7,2413,16,1009.4,100,1,1009.5,485,9,1009.6,746,11,1009.7,1230,12,1009.8,1332,15
317,2025-11-26 13:09:31+05:30,1009.2,10,1000.49,6832002,387182.0,443335.0,986.2,1012.2,981.3,986.2,120436500,1084.8,887.6,1102.5,649.1,1009.1,427,1,1009.0,334,7,1008.9,814,5,1008.8,2579,13,1008.7,2413,16,1009.4,100,1,1009.5,485,9,1009.6,746,11,1009.7,1230,12,1009.8,1332,15
317,2025-11-26 13:09:32+05:30,1009.3,1,1000.49,6832075,387381.0,442435.0,986.2,1012.2,981.3,986.2,120436500,1084.8,887.6,1102.5,649.1,1009.2,20,1,1009.1,440,2,1009.0,388,7,1008.9,934,8,1008.8,2579,13,1009.3,36,1,1009.5,276,4,1009.6,706,10,1009.7,834,11,1009.8,713,9
317,2025-11-26 13:09:33+05:30,1009.3,23,1000.49,6832075,387381.0,442435.0,986.2,1012.2,981.3,986.2,120436500,1084.8,887.6,1102.5,649.1,1009.2,20,1,1009.1,440,2,1009.0,388,7,1008.9,934,8,1008.8,2579,13,1009.3,36,1,1009.5,276,4,1009.6,706,10,1009.7,834,11,1009.8,713,9
317,2025-11-26 13:09:35+05:30,1009.3,92,1000.49,6832075,387381.0,442435.0,986.2,1012.2,981.3,986.2,120436500,1084.8,887.6,1102.5,649.1,1009.2,20,1,1009.1,440,2,1009.0,388,7,1008.9,934,8,1008.8,2579,13,1009.3,36,1,1009.5,276,4,1009.6,706,10,1009.7,834,11,1009.8,713,9
317,2025-11-26 13:09:36+05:30,1009.3,1,1000.49,6832416,389191.0,442934.0,986.2,1012.2,981.3,986.2,120436500,1084.8,887.6,1102.5,649.1,1009.2,33,2,1009.1,502,4,1009.0,1378,12,1008.9,2016,13,1008.8,3770,14,1009.3,45,2,1009.6,459,7,1009.7,662,9,1009.8,923,6,1009.9,903,18
317,2025-11-26 13:09:37+05:30,1009.2,19,1000.49,6832416,389191.0,442934.0,986.2,1012.2,981.3,986.2,120436500,1084.8,887.6,1102.5,649.1,1009.2,33,2,1009.1,502,4,1009.0,1378,12,1008.9,2016,13,1008.8,3770,14,1009.3,45,2,1009.6,459,7,1009.7,662,9,1009.8,923,6,1009.9,903,18
317,2025-11-26 13:09:39+05:30,1009.6,118,1000.49,6832416,389191.0,442934.0,986.2,1012.2,981.3,986.2,120436500,1084.8,887.6,1102.5,649.1,1009.2,33,2,1009.1,502,4,1009.0,1378,12,1008.9,2016,13,1008.8,3770,14,1009.3,45,2,1009.6,459,7,1009.7,662,9,1009.8,923,6,1009.9,903,18
317,2025-11-26 13:09:40+05:30,1009.2,1,1000.49,6833159,386728.0,442017.0,986.2,1012.2,981.3,986.2,120436500,1084.8,887.6,1102.5,649.1,1009.5,1,1,1009.2,27,3,1009.1,314,4,1009.0,1035,10,1008.9,1359,12,1009.6,249,6,1009.7,756,10,1009.8,493,7,1009.9,1119,16,1010.0,4045,56
317,2025-11-26 13:09:41+05:30,1009.6,1,1000.49,6833159,386728.0,442017.0,986.2,1012.2,981.3,986.2,120436500,1084.8,887.6,1102.5,649.1,1009.5,1,1,1009.2,27,3,1009.1,314,4,1009.0,1035,10,1008.9,1359,12,1009.6,249,6,1009.7,756,10,1009.8,493,7,1009.9,1119,16,1010.0,4045,56
317,2025-11-26 13:09:43+05:30,1009.5,5,1000.49,6833159,386728.0,442017.0,986.2,1012.2,981.3,986.2,120436500,1084.8,887.6,1102.5,649.1,1009.5,1,1,1009.2,27,3,1009.1,314,4,1009.0,1035,10,1008.9,1359,12,1009.6,249,6,1009.7,756,10,1009.8,493,7,1009.9,1119,16,1010.0,4045,56
317,2025-11-26 13:09:44+05:30,1009.3,1,1000.49,6833351,388421.0,443364.0,986.2,1012.2,981.3,986.2,120436500,1084.8,887.6,1102.5,649.1,1009.2,26,2,1009.1,6,2,1009.0,1121,10,1008.9,2055,13,1008.8,3249,15,1009.3,37,2,1009.5,72,2,1009.6,496,9,1009.7,675,10,1009.8,1292,12
317,2025-11-26 13:09:45+05:30,1009.3,2,1000.49,6833351,388421.0,443364.0,986.2,1012.2,981.3,986.2,120436500,1084.8,887.6,1102.5,649.1,1009.2,26,2,1009.1,6,2,1009.0,1121,10,1008.9,2055,13,1008.8,3249,15,1009.3,37,2,1009.5,72,2,1009.6,496,9,1009.7,675,10,1009.8,1292,12
317,2025-11-26 13:09:47+05:30,1009.0,1,1000.49,6833351,388421.0,443364.0,986.2,1012.2,981.3,986.2,120436500,1084.8,887.6,1102.5,649.1,1009.2,26,2,1009.1,6,2,1009.0,1121,10,1008.9,2055,13,1008.8,3249,15,1009.3,37,2,1009.5,72,2,1009.6,496,9,1009.7,675,10,1009.8,1292,12
317,2025-11-26 13:09:48+05:30,1009.1,1,1000.49,6833665,389146.0,444412.0,986.2,1012.2,981.3,986.2,120436500,1084.8,887.6,1102.5,649.1,1009.0,719,5,1008.9,2915,14,1008.8,3206,13,1008.7,1159,14,1008.6,1736,14,1009.1,3,1,1009.3,17,3,1009.4,251,2,1009.5,374,3,1009.6,673,10
317,2025-11-26 13:09:49+05:30,1009.3,39,1000.49,6833665,389146.0,444412.0,986.2,1012.2,981.3,986.2,120436500,1084.8,887.6,1102.5,649.1,1009.0,719,5,1008.9,2915,14,1008.8,3206,13,1008.7,1159,14,1008.6,1736,14,1009.1,3,1,1009.3,17,3,1009.4,251,2,1009.5,374,3,1009.6,673,10
317,2025-11-26 13:09:51+05:30,1009.5,1,1000.49,6833665,389146.0,444412.0,986.2,1012.2,981.3,986.2,120436500,1084.8,887.6,1102.5,649.1,1009.0,719,5,1008.9,2915,14,1008.8,3206,13,1008.7,1159,14,1008.6,1736,14,1009.1,3,1,1009.3,17,3,1009.4,251,2,1009.5,374,3,1009.6,673,10
317,2025-11-26 13:09:51+05:30,1009.5,1,1000.49,6833943,387803.0,443587.0,986.2,1012.2,981.3,986.2,120436500,1084.8,887.6,1102.5,649.1,1009.1,1,1,1009.0,770,8,1008.9,2172,13,1008.8,2612,14,1008.7,1223,14,1009.3,16,1,1009.5,523,5,1009.6,1046,9,1009.7,853,11,1009.8,974,10
317,2025-11-26 13:09:53+05:30,1009.4,593,1000.49,6833943,387803.0,443587.0,986.2,1012.2,981.3,986.2,120436500,1084.8,887.6,1102.5,649.1,1009.1,1,1,1009.0,770,8,1008.9,2172,13,1008.8,2612,14,1008.7,1223,14,1009.3,16,1,1009.5,523,5,1009.6,1046,9,1009.7,853,11,1009.8,974,10
317,2025-11-26 13:09:55+05:30,1009.6,2,1000.49,6834850,386518.0,441497.0,986.2,1012.2,981.3,986.2,120436500,1084.8,887.6,1102.5,649.1,1009.5,5,1,1009.3,6,4,1009.2,315,2,1009.1,283,3,1009.0,1054,13,1009.6,336,7,1009.7,581,8,1009.8,611,9,1009.9,1193,18,1010.0,3987,53
317,2025-11-26 13:09:55+05:30,1009.6,13,1000.49,6834850,386518.0,441497.0,986.2,1012.2,981.3,986.2,120436500,1084.8,887.6,1102.5,649.1,1009.5,5,1,1009.3,6,4,1009.2,315,2,1009.1,283,3,1009.0,1054,13,1009.6,336,7,1009.7,581,8,1009.8,611,9,1009.9,1193,18,1010.0,3987,53
317,2025-11-26 13:09:57+05:30,1009.6,1,1000.49,6834850,386518.0,441497.0,986.2,1012.2,981.3,986.2,120436500,1084.8,887.6,1102.5,649.1,1009.5,5,1,1009.3,6,4,1009.2,315,2,1009.1,283,3,1009.0,1054,13,1009.6,336,7,1009.7,581,8,1009.8,611,9,1009.9,1193,18,1010.0,3987,53
317,2025-11-26 13:09:58+05:30,1009.6,1,1000.49,6834906,386006.0,441626.0,986.2,1012.2,981.3,986.2,120436500,1084.8,887.6,1102.5,649.1,1009.5,6,2,1009.2,315,2,1009.1,283,3,1009.0,1075,14,1008.9,1558,15,1009.6,484,9,1009.7,693,10,1009.8,488,6,1009.9,1128,14,1010.0,4046,57
317,2025-11-26 13:09:59+05:30,1009.6,1,1000.49,6834906,386006.0,441626.0,986.2,1012.2,981.3,986.2,120436500,1084.8,887.6,1102.5,649.1,1009.5,6,2,1009.2,315,2,1009.1,283,3,1009.0,1075,14,1008.9,1558,15,1009.6,484,9,1009.7,693,10,1009.8,488,6,1009.9,1128,14,1010.0,4046,57
317,2025-11-26 13:10:01+05:30,1009.5,2,1000.49,6834906,386006.0,441626.0,986.2,1012.2,981.3,986.2,120436500,1084.8,887.6,1102.5,649.1,1009.5,6,2,1009.2,315,2,1009.1,283,3,1009.0,1075,14,1008.9,1558,15,1009.6,484,9,1009.7,693,10,1009.8,488,6,1009.9,1128,14,1010.0,4046,57
317,2025-11-26 13:10:02+05:30,1009.4,4,1000.49,6834921,389070.0,442917.0,986.2,1012.2,981.3,986.2,120436500,1084.8,887.6,1102.5,649.1,1009.3,5,1,1009.2,215,1,1009.1,739,4,1009.0,2669,21,1008.9,2388,17,1009.4,16,1,1009.5,207,3,1009.6,278,5,1009.7,712,8,1009.8,666,8
317,2025-11-26 13:10:03+05:30,1009.4,23,1000.49,6834921,389070.0,442917.0,986.2,1012.2,981.3,986.2,120436500,1084.8,887.6,1102.5,649.1,1009.3,5,1,1009.2,215,1,1009.1,739,4,1009.0,2669,21,1008.9,2388,17,1009.4,16,1,1009.5,207,3,1009.6,278,5,1009.7,712,8,1009.8,666,8
317,2025-11-26 13:10:05+05:30,1009.4,3,1000.49,6834921,389070.0,442917.0,986.2,1012.2,981.3,986.2,120436500,1084.8,887.6,1102.5,649.1,1009.3,5,1,1009.2,215,1,1009.1,739,4,1009.0,2669,21,1008.9,2388,17,1009.4,16,1,1009.5,207,3,1009.6,278,5,1009.7,712,8,1009.8,666,8
317,2025-11-26 13:10:07+05:30,1009.3,159,1000.49,6835127,391431.0,441617.0,986.2,1012.2,981.3,986.2,120436500,1084.8,887.6,1102.5,649.1,1009.3,662,6,1009.2,3171,14,1009.1,2679,12,1009.0,943,16,1008.9,1723,13,1009.4,2,1,1009.5,207,3,1009.6,30,1,1009.7,66,4,1009.8,505,6
317,2025-11-26 13:10:07+05:30,1009.3,159,1000.49,6835127,391431.0,441617.0,986.2,1012.2,981.3,986.2,120436500,1084.8,887.6,1102.5,649.1,1009.3,662,6,1009.2,3171,14,1009.1,2679,12,1009.0,943,16,1008.9,1723,13,1009.4,2,1,1009.5,207,3,1009.6,30,1,1009.7,66,4,1009.8,505,6
317,2025-11-26 13:10:09+05:30,1009.4,1,1000.49,6835127,391431.0,441617.0,986.2,1012.2,981.3,986.2,120436500,1084.8,887.6,1102.5,649.1,1009.3,662,6,1009.2,3171,14,1009.1,2679,12,1009.0,943,16,1008.9,1723,13,1009.4,2,1,1009.5,207,3,1009.6,30,1,1009.7,66,4,1009.8,505,6
317,2025-11-26 13:10:11+05:30,1009.4,2,1000.49,6835127,391431.0,441617.0,986.2,1012.2,981.3,986.2,120436500,1084.8,887.6,1102.5,649.1,1009.3,662,6,1009.2,3171,14,1009.1,2679,12,1009.0,943,16,1008.9,1723,13,1009.4,2,1,1009.5,207,3,1009.6,30,1,1009.7,66,4,1009.8,505,6
317,2025-11-26 13:10:11+05:30,1009.4,2,1000.49,6835177,391172.0,441737.0,986.2,1012.2,981.3,986.2,120436500,1084.8,887.6,1102.5,649.1,1009.3,315,4,1009.2,3079,13,1009.1,2862,14,1009.0,912,15,1008.9,1723,13,1009.4,6,1,1009.5,162,2,1009.6,30,1,1009.7,186,5,1009.8,1165,8
317,2025-11-26 13:10:13+05:30,1009.7,52,1000.49,6835177,391172.0,441737.0,986.2,1012.2,981.3,986.2,120436500,1084.8,887.6,1102.5,649.1,1009.3,315,4,1009.2,3079,13,1009.1,2862,14,1009.0,912,15,1008.9,1723,13,1009.4,6,1,1009.5,162,2,1009.6,30,1,1009.7,186,5,1009.8,1165,8
317,2025-11-26 13:10:15+05:30,1009.8,2,1000.49,6835177,391172.0,441737.0,986.2,1012.2,981.3,986.2,120436500,1084.8,887.6,1102.5,649.1,1009.3,315,4,1009.2,3079,13,1009.1,2862,14,1009.0,912,15,1008.9,1723,13,1009.4,6,1,1009.5,162,2,1009.6,30,1,1009.7,186,5,1009.8,1165,8
317,2025-11-26 13:10:15+05:30,1009.8,2,1000.49,6837377,389744.0,437978.0,986.2,1012.2,981.3,986.2,120436500,1084.8,887.6,1102.5,649.1,1009.4,292,3,1009.3,677,6,1009.2,2661,15,1009.1,2329,15,1009.0,1410,19,1009.8,77,1,1009.9,1197,12,1010.0,3653,51,1010.1,1098,14,1010.2,802,12
317,2025-11-26 13:10:17+05:30,1009.8,1,1000.49,6837377,389744.0,437978.0,986.2,1012.2,981.3,986.2,120436500,1084.8,887.6,1102.5,649.1,1009.4,292,3,1009.3,677,6,1009.2,2661,15,1009.1,2329,15,1009.0,1410,19,1009.8,77,1,1009.9,1197,12,1010.0,3653,51,1010.1,1098,14,1010.2,802,12
317,2025-11-26 13:10:19+05:30,1009.8,3,1000.49,6837377,389744.0,437978.0,986.2,1012.2,981.3,986.2,120436500,1084.8,887.6,1102.5,649.1,1009.4,292,3,1009.3,677,6,1009.2,2661,15,1009.1,2329,15,1009.0,1410,19,1009.8,77,1,1009.9,1197,12,1010.0,3653,51,1010.1,1098,14,1010.2,802,12
317,2025-11-26 13:10:19+05:30,1009.8,3,1000.49,6837490,388754.0,438137.0,986.2,1012.2,981.3,986.2,120436500,1084.8,887.6,1102.5,649.1,1009.4,273,6,1009.3,943,8,1009.2,2563,14,1009.1,2252,14,1009.0,1354,19,1009.8,143,3,1009.9,960,9,1010.0,3697,50,1010.1,1149,16,1010.2,802,12
317,2025-11-26 13:10:20+05:30,1009.8,1,1000.49,6837490,388754.0,438137.0,986.2,1012.2,981.3,986.2,120436500,1084.8,887.6,1102.5,649.1,1009.4,273,6,1009.3,943,8,1009.2,2563,14,1009.1,2252,14,1009.0,1354,19,1009.8,143,3,1009.9,960,9,1010.0,3697,50,1010.1,1149,16,1010.2,802,12
317,2025-11-26 13:10:20+05:30,1009.8,1,1000.49,6837491,388653.0,438107.0,986.2,1012.2,981.3,986.2,120436500,1084.8,887.6,1102.5,649.1,1009.4,245,5,1009.3,880,7,1009.2,2563,14,1009.1,2252,14,1009.0,1344,18,1009.8,142,3,1009.9,904,9,1010.0,3697,50,1010.1,1149,16,1010.2,802,12
317,2025-11-26 13:10:21+05:30,1009.8,1,1000.49,6837491,388653.0,438107.0,986.2,1012.2,981.3,986.2,120436500,1084.8,887.6,1102.5,649.1,1009.4,245,5,1009.3,880,7,1009.2,2563,14,1009.1,2252,14,1009.0,1344,18,1009.8,142,3,1009.9,904,9,1010.0,3697,50,1010.1,1149,16,1010.2,802,12
317,2025-11-26 13:10:21+05:30,1009.8,1,1000.49,6837492,389156.0,438391.0,986.2,1012.2,981.3,986.2,120436500,1084.8,887.6,1102.5,649.1,1009.4,315,6,1009.3,752,6,1009.2,2504,13,1009.1,2252,14,1009.0,1344,18,1009.6,47,1,1009.8,146,4,1009.9,1244,13,1010.0,3697,50,1010.1,1136,15
317,2025-11-26 13:10:22+05:30,1009.8,1,1000.49,6837492,389834.0,438391.0,986.2,1012.2,981.3,986.2,120436500,1084.8,887.6,1102.5,649.1,1009.4,163,4,1009.3,822,7,1009.2,3285,15,1009.1,2252,14,1009.0,1323,17,1009.6,47,1,1009.8,146,4,1009.9,1244,13,1010.0,3697,50,1010.1,1136,15
317,2025-11-26 13:10:23+05:30,1009.6,23,1000.49,6837492,389834.0,438391.0,986.2,1012.2,981.3,986.2,120436500,1084.8,887.6,1102.5,649.1,1009.4,163,4,1009.3,822,7,1009.2,3285,15,1009.1,2252,14,1009.0,1323,17,1009.6,47,1,1009.8,146,4,1009.9,1244,13,1010.0,3697,50,1010.1,1136,15
317,2025-11-26 13:10:23+05:30,1009.6,23,1000.49,6837523,389947.0,438752.0,986.2,1012.2,981.3,986.2,120436500,1084.8,887.6,1102.5,649.1,1009.4,163,4,1009.3,865,7,1009.2,3355,16,1009.1,2252,14,1009.0,1323,17,1009.6,18,2,1009.8,189,5,1009.9,1244,13,1010.0,3691,49,1010.1,1090,14
317,2025-11-26 13:10:24+05:30,1009.6,23,1000.49,6837523,389947.0,438473.0,986.2,1012.2,981.3,986.2,120436500,1084.8,887.6,1102.5,649.1,1009.4,163,4,1009.3,865,7,1009.2,3355,16,1009.1,2252,14,1009.0,1323,17,1009.6,18,2,1009.8,189,5,1009.9,1244,13,1010.0,3691,49,1010.1,1090,14
317,2025-11-26 13:10:25+05:30,1009.6,10,1000.49,6837523,389947.0,438473.0,986.2,1012.2,981.3,986.2,120436500,1084.8,887.6,1102.5,649.1,1009.4,163,4,1009.3,865,7,1009.2,3355,16,1009.1,2252,14,1009.0,1323,17,1009.6,18,2,1009.8,189,5,1009.9,1244,13,1010.0,3691,49,1010.1,1090,14
317,2025-11-26 13:10:25+05:30,1009.6,10,1000.49,6837555,389885.0,438509.0,986.2,1012.2,981.3,986.2,120436500,1084.8,887.6,1102.5,649.1,1009.4,159,4,1009.3,745,6,1009.2,3355,16,1009.1,2252,14,1009.0,1323,17,1009.6,37,1,1009.8,185,4,1009.9,1244,13,1010.0,3691,49,1010.1,1090,14
317,2025-11-26 13:10:26+05:30,1009.4,12,1000.49,6837555,389885.0,438509.0,986.2,1012.2,981.3,986.2,120436500,1084.8,887.6,1102.5,649.1,1009.4,159,4,1009.3,745,6,1009.2,3355,16,1009.1,2252,14,1009.0,1323,17,1009.6,37,1,1009.8,185,4,1009.9,1244,13,1010.0,3691,49,1010.1,1090,14
317,2025-11-26 13:10:26+05:30,1009.4,126,1000.49,6838080,388060.0,439005.0,986.2,1012.2,981.3,986.2,120436500,1084.8,887.6,1102.5,649.1,1009.3,783,6,1009.2,3177,14,1009.1,2118,13,1009.0,988,16,1008.9,1683,13,1009.8,185,4,1009.9,1061,10,1010.0,3609,48,1010.1,1248,18,1010.2,776,10
317,2025-11-26 13:10:27+05:30,1009.8,20,1000.49,6838080,388060.0,439005.0,986.2,1012.2,981.3,986.2,120436500,1084.8,887.6,1102.5,649.1,1009.3,783,6,1009.2,3177,14,1009.1,2118,13,1009.0,988,16,1008.9,1683,13,1009.8,185,4,1009.9,1061,10,1010.0,3609,48,1010.1,1248,18,1010.2,776,10
317,2025-11-26 13:10:27+05:30,1009.8,20,1000.49,6838100,387377.0,438944.0,986.2,1012.2,981.3,986.2,120436500,1084.8,887.6,1102.5,649.1,1009.3,866,8,1009.2,2427,13,1009.1,2118,13,1009.0,988,16,1008.9,1717,14,1009.8,165,4,1009.9,1061,10,1010.0,3670,49,1010.1,1252,19,1010.2,776,10
317,2025-11-26 13:10:28+05:30,1009.3,10,1000.49,6838100,387377.0,438944.0,986.2,1012.2,981.3,986.2,120436500,1084.8,887.6,1102.5,649.1,1009.3,866,8,1009.2,2427,13,1009.1,2118,13,1009.0,988,16,1008.9,1717,14,1009.8,165,4,1009.9,1061,10,1010.0,3670,49,1010.1,1252,19,1010.2,776,10
317,2025-11-26 13:10:28+05:30,1009.3,10,1000.49,6838110,387426.0,438756.0,986.2,1012.2,981.3,986.2,120436500,1084.8,887.6,1102.5,649.1,1009.3,725,6,1009.2,2497,14,1009.1,2118,13,1009.0,988,16,1008.9,1837,15,1009.8,168,5,1009.9,1061,10,1010.0,3695,50,1010.1,1252,19,1010.2,776,10
317,2025-11-26 13:10:29+05:30,1009.3,282,1000.49,6838110,387426.0,438756.0,986.2,1012.2,981.3,986.2,120436500,1084.8,887.6,1102.5,649.1,1009.3,725,6,1009.2,2497,14,1009.1,2118,13,1009.0,988,16,1008.9,1837,15,1009.8,168,5,1009.9,1061,10,1010.0,3695,50,1010.1,1252,19,1010.2,776,10
317,2025-11-26 13:10:29+05:30,1009.3,282,1000.5,6838790,387718.0,438740.0,986.2,1012.2,981.3,986.2,120436500,1084.8,887.6,1102.5,649.1,1009.3,1005,5,1009.2,2399,14,1009.1,2185,14,1009.0,1336,18,1008.9,1837,15,1009.8,236,6,1009.9,1202,12,1010.0,3793,52,1010.1,1182,18,1010.2,656,9
317,2025-11-26 13:10:30+05:30,1009.8,28,1000.5,6838790,387718.0,438740.0,986.2,1012.2,981.3,986.2,120436500,1084.8,887.6,1102.5,649.1,1009.3,1005,5,1009.2,2399,14,1009.1,2185,14,1009.0,1336,18,1008.9,1837,15,1009.8,236,6,1009.9,1202,12,1010.0,3793,52,1010.1,1182,18,1010.2,656,9
317,2025-11-26 13:10:30+05:30,1009.8,28,1000.5,6838940,387874.0,438530.0,986.2,1012.2,981.3,986.2,120436500,1084.8,887.6,1102.5,649.1,1009.3,1199,8,1009.2,2482,15,1009.1,2115,13,1009.0,1336,18,1008.9,1837,15,1009.8,124,5,1009.9,1074,11,1010.0,3634,49,1010.1,815,15,1010.2,1141,12
317,2025-11-26 13:10:31+05:30,1009.3,8,1000.5,6838949,387866.0,438529.0,986.2,1012.2,981.3,986.2,120436500,1084.8,887.6,1102.5,649.1,1009.3,1191,8,1009.2,2482,15,1009.1,2115,13,1009.0,1336,18,1008.9,1837,15,1009.8,123,5,1009.9,1074,11,1010.0,3634,49,1010.1,815,15,1010.2,1141,12
317,2025-11-26 13:10:31+05:30,1009.3,8,1000.5,6838949,387866.0,438529.0,986.2,1012.2,981.3,986.2,120436500,1084.8,887.6,1102.5,649.1,1009.3,1191,8,1009.2,2482,15,1009.1,2115,13,1009.0,1336,18,1008.9,1837,15,1009.8,123,5,1009.9,1074,11,1010.0,3634,49,1010.1,815,15,1010.2,1141,12
317,2025-11-26 13:10:32+05:30,1009.5,2,1000.5,6838949,387866.0,438529.0,986.2,1012.2,981.3,986.2,120436500,1084.8,887.6,1102.5,649.1,1009.3,1191,8,1009.2,2482,15,1009.1,2115,13,1009.0,1336,18,1008.9,1837,15,1009.8,123,5,1009.9,1074,11,1010.0,3634,49,1010.1,815,15,1010.2,1141,12
317,2025-11-26 13:10:32+05:30,1009.5,2,1000.5,6839207,390255.0,440181.0,986.2,1012.2,981.3,986.2,120436500,1084.8,887.6,1102.5,649.1,1009.4,189,1,1009.3,788,3,1009.2,3209,15,1009.1,2209,15,1009.0,936,16,1009.5,22,1,1009.8,505,8,1009.9,1320,14,1010.0,3698,50,1010.1,1113,16
317,2025-11-26 13:10:33+05:30,1009.5,5,1000.5,6839207,390255.0,440181.0,986.2,1012.2,981.3,986.2,120436500,1084.8,887.6,1102.5,649.1,1009.4,189,1,1009.3,788,3,1009.2,3209,15,1009.1,2209,15,1009.0,936,16,1009.5,22,1,1009.8,505,8,1009.9,1320,14,1010.0,3698,50,1010.1,1113,16
317,2025-11-26 13:10:33+05:30,1009.5,5,1000.5,6839307,389939.0,439173.0,986.2,1012.2,981.3,986.2,120436500,1084.8,887.6,1102.5,649.1,1009.4,207,3,1009.3,870,2,1009.2,3235,15,1009.1,2141,14,1009.0,936,16,1009.5,127,2,1009.8,386,7,1009.9,1169,11,1010.0,3771,52,1010.1,1117,17
317,2025-11-26 13:10:34+05:30,1009.6,750,1000.5,6839307,389939.0,439173.0,986.2,1012.2,981.3,986.2,120436500,1084.8,887.6,1102.5,649.1,1009.4,207,3,1009.3,870,2,1009.2,3235,15,1009.1,2141,14,1009.0,936,16,1009.5,127,2,1009.8,386,7,1009.9,1169,11,1010.0,3771,52,1010.1,1117,17
317,2025-11-26 13:10:34+05:30,1009.6,750,1000.5,6840503,392270.0,436869.0,986.2,1012.2,981.3,986.2,120436500,1084.8,887.6,1102.5,649.1,1009.5,112,1,1009.4,201,2,1009.3,1019,6,1009.2,3001,20,1009.1,2495,17,1009.8,118,4,1009.9,444,8,1010.0,3532,49,1010.1,786,14,1010.2,1042,9
317,2025-11-26 13:10:35+05:30,1009.5,1,1000.5,6840503,392270.0,436869.0,986.2,1012.2,981.3,986.2,120436500,1084.8,887.6,1102.5,649.1,1009.5,112,1,1009.4,201,2,1009.3,1019,6,1009.2,3001,20,1009.1,2495,17,1009.8,118,4,1009.9,444,8,1010.0,3532,49,1010.1,786,14,1010.2,1042,9
317,2025-11-26 13:10:35+05:30,1009.5,1,1000.5,6840594,392311.0,437086.0,986.2,1012.2,981.3,986.2,120436500,1084.8,887.6,1102.5,649.1,1009.5,111,2,1009.4,254,3,1009.3,1151,7,1009.2,3001,20,1009.1,2495,17,1009.8,72,3,1009.9,440,8,1010.0,3622,50,1010.1,785,13,1010.2,777,11
317,2025-11-26 13:10:36+05:30,1009.8,1,1000.5,6840594,392311.0,437086.0,986.2,1012.2,981.3,986.2,120436500,1084.8,887.6,1102.5,649.1,1009.5,111,2,1009.4,254,3,1009.3,1151,7,1009.2,3001,20,1009.1,2495,17,1009.8,72,3,1009.9,440,8,1010.0,3622,50,1010.1,785,13,1010.2,777,11
317,2025-11-26 13:10:36+05:30,1009.8,1,1000.5,6840707,391440.0,439244.0,986.2,1012.2,981.3,986.2,120436500,1084.8,887.6,1102.5,649.1,1009.5,13,1,1009.4,188,1,1009.3,927,4,1009.2,2597,13,1009.1,2427,15,1009.8,636,10,1009.9,794,12,1010.0,3718,53,1010.1,1080,14,1010.2,809,13
317,2025-11-26 13:10:37+05:30,1009.8,1,1000.5,6840707,391444.0,439455.0,986.2,1012.2,981.3,986.2,120436500,1084.8,887.6,1102.5,649.1,1009.5,13,1,1009.4,188,1,1009.3,927,4,1009.2,2610,14,1009.1,2427,15,1009.7,131,1,1009.8,673,10,1009.9,794,12,1010.0,3718,53,1010.1,1080,14
317,2025-11-26 13:10:38+05:30,1009.8,1,1000.5,6840707,391471.0,439450.0,986.2,1012.2,981.3,986.2,120436500,1084.8,887.6,1102.5,649.1,1009.5,13,1,1009.4,188,1,1009.3,927,4,1009.2,2610,14,1009.1,2427,15,1009.7,134,2,1009.8,673,10,1009.9,803,12,1010.0,3718,53,1010.1,1080,14
317,2025-11-26 13:10:39+05:30,1009.7,5,1000.5,6840707,391471.0,439450.0,986.2,1012.2,981.3,986.2,120436500,1084.8,887.6,1102.5,649.1,1009.5,13,1,1009.4,188,1,1009.3,927,4,1009.2,2610,14,1009.1,2427,15,1009.7,134,2,1009.8,673,10,1009.9,803,12,1010.0,3718,53,1010.1,1080,14
317,2025-11-26 13:10:39+05:30,1009.7,5,1000.5,6840712,391471.0,439441.0,986.2,1012.2,981.3,986.2,120436500,1084.8,887.6,1102.5,649.1,1009.5,13,1,1009.4,188,1,1009.3,927,4,1009.2,2610,14,1009.1,2427,15,1009.7,130,3,1009.8,673,10,1009.9,1307,13,1010.0,3768,54,1010.1,1080,14
317,2025-11-26 13:10:40+05:30,1009.7,1,1000.5,6840712,391471.0,439441.0,986.2,1012.2,981.3,986.2,120436500,1084.8,887.6,1102.5,649.1,1009.5,13,1,1009.4,188,1,1009.3,927,4,1009.2,2610,14,1009.1,2427,15,1009.7,130,3,1009.8,673,10,1009.9,1307,13,1010.0,3768,54,1010.1,1080,14
317,2025-11-26 13:10:40+05:30,1009.7,1,1000.5,6840713,391345.0,439417.0,986.2,1012.2,981.3,986.2,120436500,1084.8,887.6,1102.5,649.1,1009.5,13,1,1009.4,188,1,1009.3,927,4,1009.2,2610,14,1009.1,2427,15,1009.7,129,3,1009.8,673,10,1009.9,803,12,1010.0,3768,54,1010.1,1080,14
317,2025-11-26 13:10:41+05:30,1009.5,5,1000.5,6840713,391345.0,439417.0,986.2,1012.2,981.3,986.2,120436500,1084.8,887.6,1102.5,649.1,1009.5,13,1,1009.4,188,1,1009.3,927,4,1009.2,2610,14,1009.1,2427,15,1009.7,129,3,1009.8,673,10,1009.9,803,12,1010.0,3768,54,1010.1,1080,14
317,2025-11-26 13:10:41+05:30,1009.5,5,1000.5,6840720,391805.0,439307.0,986.2,1012.2,981.3,986.2,120436500,1084.8,887.6,1102.5,649.1,1009.5,21,2,1009.4,188,1,1009.3,816,3,1009.2,2610,14,1009.1,2427,15,1009.6,36,1,1009.7,188,4,1009.8,744,11,1009.9,803,12,1010.0,3756,53
317,2025-11-26 13:10:42+05:30,1009.6,5,1000.5,6840729,392698.0,438638.0,986.2,1012.2,981.3,986.2,120436500,1084.8,887.6,1102.5,649.1,1009.5,21,2,1009.4,188,1,1009.3,936,4,1009.2,3468,17,1009.1,2427,15,1009.6,27,1,1009.7,127,3,1009.8,606,9,1009.9,661,12,1010.0,3722,51
317,2025-11-26 13:10:43+05:30,1009.6,5,1000.5,6840729,392698.0,438638.0,986.2,1012.2,981.3,986.2,120436500,1084.8,887.6,1102.5,649.1,1009.5,21,2,1009.4,188,1,1009.3,936,4,1009.2,3468,17,1009.1,2427,15,1009.6,27,1,1009.7,127,3,1009.8,606,9,1009.9,661,12,1010.0,3722,51
317,2025-11-26 13:10:43+05:30,1009.5,13,1000.5,6840778,393007.0,440004.0,986.2,1012.2,981.3,986.2,120436500,1084.8,887.6,1102.5,649.1,1009.4,188,1,1009.3,763,2,1009.2,3215,15,1009.1,2487,16,1009.0,1232,15,1009.5,8,1,1009.6,36,1,1009.7,188,4,1009.8,502,8,1009.9,1266,13
317,2025-11-26 13:10:44+05:30,1009.5,2,1000.5,6840778,393007.0,440004.0,986.2,1012.2,981.3,986.2,120436500,1084.8,887.6,1102.5,649.1,1009.4,188,1,1009.3,763,2,1009.2,3215,15,1009.1,2487,16,1009.0,1232,15,1009.5,8,1,1009.6,36,1,1009.7,188,4,1009.8,502,8,1009.9,1266,13
317,2025-11-26 13:10:44+05:30,1009.5,2,1000.5,6840823,392998.0,439934.0,986.2,1012.2,981.3,986.2,120436500,1084.8,887.6,1102.5,649.1,1009.4,157,1,1009.3,763,2,1009.2,3215,15,1009.1,2509,17,1009.0,1232,15,1009.5,6,1,1009.6,36,1,1009.7,188,4,1009.8,551,8,1009.9,1185,12
317,2025-11-26 13:10:45+05:30,1009.5,2,1000.5,6840823,392998.0,439934.0,986.2,1012.2,981.3,986.2,120436500,1084.8,887.6,1102.5,649.1,1009.4,157,1,1009.3,763,2,1009.2,3215,15,1009.1,2509,17,1009.0,1232,15,1009.5,6,1,1009.6,36,1,1009.7,188,4,1009.8,551,8,1009.9,1185,12
317,2025-11-26 13:10:45+05:30,1009.5,2,1000.5,6840825,392998.0,439669.0,986.2,1012.2,981.3,986.2,120436500,1084.8,887.6,1102.5,649.1,1009.4,157,1,1009.3,763,2,1009.2,3215,15,1009.1,2509,17,1009.0,1232,15,1009.5,4,1,1009.6,36,1,1009.7,188,4,1009.8,551,8,1009.9,625,11
317,2025-11-26 13:10:46+05:30,1009.5,1,1000.5,6840825,392998.0,439669.0,986.2,1012.2,981.3,986.2,120436500,1084.8,887.6,1102.5,649.1,1009.4,157,1,1009.3,763,2,1009.2,3215,15,1009.1,2509,17,1009.0,1232,15,1009.5,4,1,1009.6,36,1,1009.7,188,4,1009.8,551,8,1009.9,625,11
317,2025-11-26 13:10:46+05:30,1009.4,157,1000.5,6840983,392636.0,440387.0,986.2,1012.2,981.3,986.2,120436500,1084.8,887.6,1102.5,649.1,1009.3,750,1,1009.2,2925,12,1009.1,3023,16,1009.0,892,13,1008.9,1783,13,1009.4,204,2,1009.5,44,2,1009.7,390,5,1009.8,707,10,1009.9,1224,12
317,2025-11-26 13:10:47+05:30,1009.5,276,1000.5,6840983,392636.0,440387.0,986.2,1012.2,981.3,986.2,120436500,1084.8,887.6,1102.5,649.1,1009.3,750,1,1009.2,2925,12,1009.1,3023,16,1009.0,892,13,1008.9,1783,13,1009.4,204,2,1009.5,44,2,1009.7,390,5,1009.8,707,10,1009.9,1224,12
317,2025-11-26 13:10:48+05:30,1009.5,276,1000.5,6841791,389899.0,438343.0,986.2,1012.2,981.3,986.2,120436500,1084.8,887.6,1102.5,649.1,1009.3,755,2,1009.2,2313,12,1009.1,2318,16,1009.0,817,12,1008.9,1741,13,1009.7,133,4,1009.8,885,10,1009.9,653,10,1010.0,3783,51,1010.1,1099,15
317,2025-11-26 13:10:48+05:30,1009.5,276,1000.5,6841791,389899.0,438343.0,986.2,1012.2,981.3,986.2,120436500,1084.8,887.6,1102.5,649.1,1009.3,755,2,1009.2,2313,12,1009.1,2318,16,1009.0,817,12,1008.9,1741,13,1009.7,133,4,1009.8,885,10,1009.9,653,10,1010.0,3783,51,1010.1,1099,15
317,2025-11-26 13:10:49+05:30,1009.5,276,1000.5,6841791,389227.0,440468.0,986.2,1012.2,981.3,986.2,120436500,1084.8,887.6,1102.5,649.1,1009.3,750,1,1009.2,65,1,1009.1,398,5,1009.0,456,8,1008.9,2670,12,1009.4,7,2,1009.6,187,4,1009.7,657,8,1009.8,518,13,1009.9,1587,14
317,2025-11-26 13:10:49+05:30,1009.5,276,1000.5,6841791,389227.0,440468.0,986.2,1012.2,981.3,986.2,120436500,1084.8,887.6,1102.5,649.1,1009.3,750,1,1009.2,65,1,1009.1,398,5,1009.0,456,8,1008.9,2670,12,1009.4,7,2,1009.6,187,4,1009.7,657,8,1009.8,518,13,1009.9,1587,14
317,2025-11-26 13:10:49+05:30,1009.4,3,1000.5,6841791,389227.0,440468.0,986.2,1012.2,981.3,986.2,120436500,1084.8,887.6,1102.5,649.1,1009.3,750,1,1009.2,65,1,1009.1,398,5,1009.0,456,8,1008.9,2670,12,1009.4,7,2,1009.6,187,4,1009.7,657,8,1009.8,518,13,1009.9,1587,14
317,2025-11-26 13:10:49+05:30,1009.4,3,1000.5,6841791,389227.0,440468.0,986.2,1012.2,981.3,986.2,120436500,1084.8,887.6,1102.5,649.1,1009.3,750,1,1009.2,65,1,1009.1,398,5,1009.0,456,8,1008.9,2670,12,1009.4,7,2,1009.6,187,4,1009.7,657,8,1009.8,518,13,1009.9,1587,14
317,2025-11-26 13:10:50+05:30,1009.6,47,1000.5,6841950,385297.0,439242.0,986.2,1012.2,981.3,986.2,120436500,1084.8,887.6,1102.5,649.1,1009.2,49,1,1009.1,318,4,1009.0,1172,10,1008.9,1971,12,1008.8,2385,17,1009.7,809,9,1009.8,1068,12,1009.9,713,10,1010.0,4299,57,1010.1,767,15
317,2025-11-26 13:10:50+05:30,1009.6,47,1000.5,6841950,385297.0,439242.0,986.2,1012.2,981.3,986.2,120436500,1084.8,887.6,1102.5,649.1,1009.2,49,1,1009.1,318,4,1009.0,1172,10,1008.9,1971,12,1008.8,2385,17,1009.7,809,9,1009.8,1068,12,1009.9,713,10,1010.0,4299,57,1010.1,767,15
317,2025-11-26 13:10:50+05:30,1009.6,1,1000.5,6841950,385297.0,439242.0,986.2,1012.2,981.3,986.2,120436500,1084.8,887.6,1102.5,649.1,1009.2,49,1,1009.1,318,4,1009.0,1172,10,1008.9,1971,12,1008.8,2385,17,1009.7,809,9,1009.8,1068,12,1009.9,713,10,1010.0,4299,57,1010.1,767,15
317,2025-11-26 13:10:50+05:30,1009.6,1,1000.5,6841952,384987.0,439693.0,986.2,1012.2,981.3,986.2,120436500,1084.8,887.6,1102.5,649.1,1009.1,474,6,1009.0,1318,12,1008.9,2062,15,1008.8,1804,13,1008.7,1849,14,1009.7,692,9,1009.8,861,16,1009.9,1465,12,1010.0,4122,59,1010.1,756,15
317,2025-11-26 13:10:50+05:30,1009.6,1,1000.5,6841952,384987.0,439693.0,986.2,1012.2,981.3,986.2,120436500,1084.8,887.6,1102.5,649.1,1009.1,474,6,1009.0,1318,12,1008.9,2062,15,1008.8,1804,13,1008.7,1849,14,1009.7,692,9,1009.8,861,16,1009.9,1465,12,1010.0,4122,59,1010.1,756,15
317,2025-11-26 13:10:51+05:30,1009.6,1,1000.5,6841952,384987.0,439693.0,986.2,1012.2,981.3,986.2,120436500,1084.8,887.6,1102.5,649.1,1009.1,474,6,1009.0,1318,12,1008.9,2062,15,1008.8,1804,13,1008.7,1849,14,1009.7,692,9,1009.8,861,16,1009.9,1465,12,1010.0,4122,59,1010.1,756,15
317,2025-11-26 13:10:51+05:30,1009.6,1,1000.5,6841952,384987.0,439693.0,986.2,1012.2,981.3,986.2,120436500,1084.8,887.6,1102.5,649.1,1009.1,474,6,1009.0,1318,12,1008.9,2062,15,1008.8,1804,13,1008.7,1849,14,1009.7,692,9,1009.8,861,16,1009.9,1465,12,1010.0,4122,59,1010.1,756,15
317,2025-11-26 13:10:51+05:30,1009.6,1,1000.5,6841952,384987.0,439693.0,986.2,1012.2,981.3,986.2,120436500,1084.8,887.6,1102.5,649.1,1009.1,474,6,1009.0,1318,12,1008.9,2062,15,1008.8,1804,13,1008.7,1849,14,1009.7,692,9,1009.8,861,16,1009.9,1465,12,1010.0,4122,59,1010.1,756,15
317,2025-11-26 13:10:51+05:30,1009.6,1,1000.5,6841953,390159.0,439063.0,986.2,1012.2,981.3,986.2,120436500,1084.8,887.6,1102.5,649.1,1009.2,681,8,1009.1,1461,9,1009.0,1978,12,1008.9,2613,14,1008.8,1864,13,1009.6,24,1,1009.7,149,5,1009.8,354,9,1009.9,710,11,1010.0,3863,53
317,2025-11-26 13:10:51+05:30,1009.6,1,1000.5,6841953,390159.0,439063.0,986.2,1012.2,981.3,986.2,120436500,1084.8,887.6,1102.5,649.1,1009.2,681,8,1009.1,1461,9,1009.0,1978,12,1008.9,2613,14,1008.8,1864,13,1009.6,24,1,1009.7,149,5,1009.8,354,9,1009.9,710,11,1010.0,3863,53
317,2025-11-26 13:10:52+05:30,1009.6,1,1000.5,6841953,390159.0,439063.0,986.2,1012.2,981.3,986.2,120436500,1084.8,887.6,1102.5,649.1,1009.2,681,8,1009.1,1461,9,1009.0,1978,12,1008.9,2613,14,1008.8,1864,13,1009.6,24,1,1009.7,149,5,1009.8,354,9,1009.9,710,11,1010.0,3863,53
317,2025-11-26 13:10:52+05:30,1009.6,1,1000.5,6841953,390159.0,439063.0,986.2,1012.2,981.3,986.2,120436500,1084.8,887.6,1102.5,649.1,1009.2,681,8,1009.1,1461,9,1009.0,1978,12,1008.9,2613,14,1008.8,1864,13,1009.6,24,1,1009.7,149,5,1009.8,354,9,1009.9,710,11,1010.0,3863,53
317,2025-11-26 13:10:52+05:30,1009.6,1,1000.5,6841953,390159.0,439063.0,986.2,1012.2,981.3,986.2,120436500,1084.8,887.6,1102.5,649.1,1009.2,681,8,1009.1,1461,9,1009.0,1978,12,1008.9,2613,14,1008.8,1864,13,1009.6,24,1,1009.7,149,5,1009.8,354,9,1009.9,710,11,1010.0,3863,53
317,2025-11-26 13:10:52+05:30,1009.6,23,1000.5,6841991,390115.0,439025.0,986.2,1012.2,981.3,986.2,120436500,1084.8,887.6,1102.5,649.1,1009.2,704,8,1009.1,1429,9,1009.0,1979,13,1008.9,2613,14,1008.8,1864,13,1009.6,25,1,1009.7,131,4,1009.8,293,8,1009.9,1229,12,1010.0,3814,53
317,2025-11-26 13:10:53+05:30,1009.6,23,1000.5,6841991,390115.0,439025.0,986.2,1012.2,981.3,986.2,120442500,1084.8,887.6,1102.5,649.1,1009.2,704,8,1009.1,1429,9,1009.0,1979,13,1008.9,2613,14,1008.8,1864,13,1009.6,25,1,1009.7,131,4,1009.8,293,8,1009.9,1229,12,1010.0,3814,53
317,2025-11-26 13:10:53+05:30,1009.6,1,1000.5,6841991,390115.0,439025.0,986.2,1012.2,981.3,986.2,120442500,1084.8,887.6,1102.5,649.1,1009.2,704,8,1009.1,1429,9,1009.0,1979,13,1008.9,2613,14,1008.8,1864,13,1009.6,25,1,1009.7,131,4,1009.8,293,8,1009.9,1229,12,1010.0,3814,53
317,2025-11-26 13:10:53+05:30,1009.6,1,1000.5,6841991,390115.0,439025.0,986.2,1012.2,981.3,986.2,120442500,1084.8,887.6,1102.5,649.1,1009.2,704,8,1009.1,1429,9,1009.0,1979,13,1008.9,2613,14,1008.8,1864,13,1009.6,25,1,1009.7,131,4,1009.8,293,8,1009.9,1229,12,1010.0,3814,53
317,2025-11-26 13:10:54+05:30,1009.6,1,1000.5,6841992,389485.0,438794.0,986.2,1012.2,981.3,986.2,120442500,1084.8,887.6,1102.5,649.1,1009.2,704,8,1009.1,1429,9,1009.0,1979,13,1008.9,1958,13,1008.8,1864,13,1009.6,24,1,1009.7,131,4,1009.8,293,8,1009.9,1277,13,1010.0,3818,54
317,2025-11-26 13:10:55+05:30,1009.6,1,1000.5,6841992,390328.0,438817.0,986.2,1012.2,981.3,986.2,120442500,1084.8,887.6,1102.5,649.1,1009.3,112,1,1009.2,666,9,1009.1,1429,9,1009.0,2007,14,1008.9,1991,14,1009.6,26,2,1009.7,204,5,1009.8,293,8,1009.9,1277,13,1010.0,3814,53
317,2025-11-26 13:10:55+05:30,1009.6,5,1000.5,6841992,390328.0,438817.0,986.2,1012.2,981.3,986.2,120442500,1084.8,887.6,1102.5,649.1,1009.3,112,1,1009.2,666,9,1009.1,1429,9,1009.0,2007,14,1008.9,1991,14,1009.6,26,2,1009.7,204,5,1009.8,293,8,1009.9,1277,13,1010.0,3814,53
317,2025-11-26 13:10:56+05:30,1009.6,3,1000.5,6842026,390340.0,438782.0,986.2,1012.2,981.3,986.2,120442500,1084.8,887.6,1102.5,649.1,1009.3,112,1,1009.2,666,9,1009.1,1429,9,1009.0,2007,14,1008.9,1991,14,1009.6,17,1,1009.7,204,5,1009.8,293,8,1009.9,1277,13,1010.0,4112,54
317,2025-11-26 13:10:56+05:30,1009.6,3,1000.5,6842026,390340.0,438782.0,986.2,1012.2,981.3,986.2,120442500,1084.8,887.6,1102.5,649.1,1009.3,112,1,1009.2,666,9,1009.1,1429,9,1009.0,2007,14,1008.9,1991,14,1009.6,17,1,1009.7,204,5,1009.8,293,8,1009.9,1277,13,1010.0,4112,54
317,2025-11-26 13:10:57+05:30,1009.1,28,1000.5,6842026,390340.0,438782.0,986.2,1012.2,981.3,986.2,120442500,1084.8,887.6,1102.5,649.1,1009.3,112,1,1009.2,666,9,1009.1,1429,9,1009.0,2007,14,1008.9,1991,14,1009.6,17,1,1009.7,204,5,1009.8,293,8,1009.9,1277,13,1010.0,4112,54
317,2025-11-26 13:10:58+05:30,1009.2,1,1000.5,6842332,386736.0,439567.0,986.2,1012.2,981.3,986.2,120442500,1084.8,887.6,1102.5,649.1,1009.2,124,3,1009.1,1328,8,1009.0,721,17,1008.9,3423,17,1008.8,1349,14,1009.7,592,9,1009.8,1069,13,1009.9,1222,14,1010.0,3945,58,1010.1,761,15
317,2025-11-26 13:10:58+05:30,1009.2,1,1000.5,6842332,386736.0,439567.0,986.2,1012.2,981.3,986.2,120442500,1084.8,887.6,1102.5,649.1,1009.2,124,3,1009.1,1328,8,1009.0,721,17,1008.9,3423,17,1008.8,1349,14,1009.7,592,9,1009.8,1069,13,1009.9,1222,14,1010.0,3945,58,1010.1,761,15
317,2025-11-26 13:10:59+05:30,1009.2,1,1000.5,6842332,388986.0,439460.0,986.2,1012.2,981.3,986.2,120442500,1084.8,887.6,1102.5,649.1,1009.2,124,3,1009.1,1328,8,1009.0,1471,18,1008.9,3423,17,1008.8,1349,14,1009.6,55,1,1009.7,545,8,1009.8,1014,12,1009.9,924,13,1010.0,4243,59
317,2025-11-26 13:11:00+05:30,1009.2,10,1000.5,6842342,387881.0,438800.0,986.2,1012.2,981.3,986.2,120442500,1084.8,887.6,1102.5,649.1,1009.6,1,1,1009.3,106,1,1009.2,395,4,1009.1,1250,7,1009.0,720,17,1009.7,400,8,1009.8,454,10,1009.9,687,12,1010.0,3976,57,1010.1,1154,16
317,2025-11-26 13:11:00+05:30,1009.2,10,1000.5,6842342,387881.0,438800.0,986.2,1012.2,981.3,986.2,120442500,1084.8,887.6,1102.5,649.1,1009.6,1,1,1009.3,106,1,1009.2,395,4,1009.1,1250,7,1009.0,720,17,1009.7,400,8,1009.8,454,10,1009.9,687,12,1010.0,3976,57,1010.1,1154,16
317,2025-11-26 13:11:01+05:30,1009.7,1,1000.5,6842344,387092.0,439244.0,986.2,1012.2,981.3,986.2,120442500,1084.8,887.6,1102.5,649.1,1009.2,192,4,1009.1,1521,9,1009.0,774,19,1008.9,3407,16,1008.8,2030,16,1009.7,287,6,1009.8,1107,13,1009.9,846,13,1010.0,4284,58,1010.1,887,18
317,2025-11-26 13:11:01+05:30,1009.7,1,1000.5,6842344,387092.0,439244.0,986.2,1012.2,981.3,986.2,120442500,1084.8,887.6,1102.5,649.1,1009.2,192,4,1009.1,1521,9,1009.0,774,19,1008.9,3407,16,1008.8,2030,16,1009.7,287,6,1009.8,1107,13,1009.9,846,13,1010.0,4284,58,1010.1,887,18
317,2025-11-26 13:11:02+05:30,1009.2,8,1000.5,6842352,390378.0,439551.0,986.2,1012.2,981.3,986.2,120442500,1084.8,887.6,1102.5,649.1,1009.2,79,2,1009.1,1372,9,1009.0,1551,21,1008.9,3407,16,1008.8,1640,14,1009.4,8,1,1009.7,287,6,1009.8,617,12,1009.9,1379,14,1010.0,4301,58
317,2025-11-26 13:11:02+05:30,1009.4,1,1000.5,6842352,390378.0,439551.0,986.2,1012.2,981.3,986.2,120442500,1084.8,887.6,1102.5,649.1,1009.2,79,2,1009.1,1372,9,1009.0,1551,21,1008.9,3407,16,1008.8,1640,14,1009.4,8,1,1009.7,287,6,1009.8,617,12,1009.9,1379,14,1010.0,4301,58
317,2025-11-26 13:11:03+05:30,1009.4,1,1000.5,6842362,390751.0,439886.0,986.2,1012.2,981.3,986.2,120442500,1084.8,887.6,1102.5,649.1,1009.2,49,1,1009.1,1394,8,1009.0,2267,20,1008.9,3420,17,1008.8,1571,13,1009.4,8,2,1009.6,2,1,1009.7,292,7,1009.8,617,12,1009.9,1294,13
317,2025-11-26 13:11:03+05:30,1009.4,6,1000.5,6842362,390751.0,439886.0,986.2,1012.2,981.3,986.2,120442500,1084.8,887.6,1102.5,649.1,1009.2,49,1,1009.1,1394,8,1009.0,2267,20,1008.9,3420,17,1008.8,1571,13,1009.4,8,2,1009.6,2,1,1009.7,292,7,1009.8,617,12,1009.9,1294,13
317,2025-11-26 13:11:04+05:30,1009.4,6,1000.5,6842385,390634.0,439956.0,986.2,1012.2,981.3,986.2,120442500,1084.8,887.6,1102.5,649.1,1009.2,54,2,1009.1,1288,6,1009.0,2241,18,1008.9,3433,18,1008.8,1569,13,1009.4,3,2,1009.6,2,1,1009.7,400,8,1009.8,617,12,1009.9,1298,14
317,2025-11-26 13:11:05+05:30,1009.4,2,1000.5,6842387,390781.0,439957.0,986.2,1012.2,981.3,986.2,120442500,1084.8,887.6,1102.5,649.1,1009.2,5,1,1009.1,1533,9,1009.0,2192,17,1008.9,3433,18,1008.8,1569,13,1009.4,9,2,1009.6,43,2,1009.7,400,8,1009.8,617,12,1009.9,1250,13
317,2025-11-26 13:11:05+05:30,1009.1,92,1000.5,6842387,390781.0,439957.0,986.2,1012.2,981.3,986.2,120442500,1084.8,887.6,1102.5,649.1,1009.2,5,1,1009.1,1533,9,1009.0,2192,17,1008.9,3433,18,1008.8,1569,13,1009.4,9,2,1009.6,43,2,1009.7,400,8,1009.8,617,12,1009.9,1250,13
317,2025-11-26 13:11:06+05:30,1009.4,1,1000.5,6842518,390940.0,440656.0,986.2,1012.2,981.3,986.2,120442500,1084.8,887.6,1102.5,649.1,1009.2,51,1,1009.1,1179,6,1009.0,2205,18,1008.9,3433,18,1008.8,1467,12,1009.4,9,2,1009.6,294,4,1009.7,507,9,1009.8,701,14,1009.9,1250,13
317,2025-11-26 13:11:06+05:30,1009.4,1,1000.5,6842518,390940.0,440656.0,986.2,1012.2,981.3,986.2,120442500,1084.8,887.6,1102.5,649.1,1009.2,51,1,1009.1,1179,6,1009.0,2205,18,1008.9,3433,18,1008.8,1467,12,1009.4,9,2,1009.6,294,4,1009.7,507,9,1009.8,701,14,1009.9,1250,13
317,2025-11-26 13:11:07+05:30,1009.6,16,1000.5,6842584,390567.0,440508.0,986.2,1012.2,981.3,986.2,120442500,1084.8,887.6,1102.5,649.1,1009.2,5,1,1009.1,1127,6,1009.0,2129,16,1008.9,3531,20,1008.8,1802,13,1009.6,402,5,1009.7,498,10,1009.8,701,14,1009.9,1250,13,1010.0,4240,57
317,2025-11-26 13:11:07+05:30,1009.6,16,1000.5,6842584,390567.0,440508.0,986.2,1012.2,981.3,986.2,120442500,1084.8,887.6,1102.5,649.1,1009.2,5,1,1009.1,1127,6,1009.0,2129,16,1008.9,3531,20,1008.8,1802,13,1009.6,402,5,1009.7,498,10,1009.8,701,14,1009.9,1250,13,1010.0,4240,57
317,2025-11-26 13:11:08+05:30,1009.6,16,1000.5,6842584,390501.0,440803.0,986.2,1012.2,981.3,986.2,120442500,1084.8,887.6,1102.5,649.1,1009.4,1,1,1009.2,14,2,1009.1,1119,5,1009.0,1379,15,1008.9,3559,19,1009.6,664,9,1009.7,636,11,1009.8,756,15,1009.9,1250,13,1010.0,4242,58
317,2025-11-26 13:11:09+05:30,1009.2,4,1000.5,6842589,390301.0,440779.0,986.2,1012.2,981.3,986.2,120442500,1084.8,887.6,1102.5,649.1,1009.2,1,1,1009.1,1119,5,1009.0,1379,15,1008.9,3559,19,1008.8,1787,13,1009.6,615,8,1009.7,611,11,1009.8,731,14,1009.9,1250,13,1010.0,4242,58
317,2025-11-26 13:11:09+05:30,1009.2,4,1000.5,6842589,390301.0,440779.0,986.2,1012.2,981.3,986.2,120442500,1084.8,887.6,1102.5,649.1,1009.2,1,1,1009.1,1119,5,1009.0,1379,15,1008.9,3559,19,1008.8,1787,13,1009.6,615,8,1009.7,611,11,1009.8,731,14,1009.9,1250,13,1010.0,4242,58
317,2025-11-26 13:11:10+05:30,1009.6,1,1000.5,6842641,389936.0,441799.0,986.2,1012.2,981.3,986.2,120442500,1084.8,887.6,1102.5,649.1,1009.1,1214,8,1009.0,1434,16,1008.9,3559,19,1008.8,1084,11,1008.7,1833,12,1009.6,330,6,1009.7,1093,11,1009.8,776,15,1009.9,1051,13,1010.0,5013,57
317,2025-11-26 13:11:10+05:30,1009.2,18,1000.5,6842641,389936.0,441799.0,986.2,1012.2,981.3,986.2,120442500,1084.8,887.6,1102.5,649.1,1009.1,1214,8,1009.0,1434,16,1008.9,3559,19,1008.8,1084,11,1008.7,1833,12,1009.6,330,6,1009.7,1093,11,1009.8,776,15,1009.9,1051,13,1010.0,5013,57
317,2025-11-26 13:11:11+05:30,1009.2,8,1000.5,6843195,390973.0,439343.0,986.2,1012.2,981.3,986.2,120442500,1084.8,887.6,1102.5,649.1,1009.2,374,4,1009.1,1390,11,1009.0,1623,18,1008.9,3637,20,1008.8,1836,14,1009.6,17,1,1009.7,253,6,1009.8,752,8,1009.9,646,9,1010.0,4707,50
317,2025-11-26 13:11:11+05:30,1009.4,99,1000.5,6843195,390973.0,439343.0,986.2,1012.2,981.3,986.2,120442500,1084.8,887.6,1102.5,649.1,1009.2,374,4,1009.1,1390,11,1009.0,1623,18,1008.9,3637,20,1008.8,1836,14,1009.6,17,1,1009.7,253,6,1009.8,752,8,1009.9,646,9,1010.0,4707,50
317,2025-11-26 13:11:12+05:30,1009.4,99,1000.5,6843295,391927.0,440878.0,986.2,1012.2,981.3,986.2,120442500,1084.8,887.6,1102.5,649.1,1009.2,84,2,1009.1,1020,6,1009.0,2216,19,1008.9,3600,20,1008.8,1805,13,1009.4,17,1,1009.6,8,2,1009.7,284,7,1009.8,1307,17,1009.9,656,10
317,2025-11-26 13:11:12+05:30,1009.4,5,1000.5,6843295,391927.0,440878.0,986.2,1012.2,981.3,986.2,120442500,1084.8,887.6,1102.5,649.1,1009.2,84,2,1009.1,1020,6,1009.0,2216,19,1008.9,3600,20,1008.8,1805,13,1009.4,17,1,1009.6,8,2,1009.7,284,7,1009.8,1307,17,1009.9,656,10
317,2025-11-26 13:11:13+05:30,1009.4,23,1000.5,6843463,391312.0,441402.0,986.2,1012.2,981.3,986.2,120442500,1084.8,887.6,1102.5,649.1,1009.1,987,5,1009.0,2046,17,1008.9,3564,20,1008.8,1467,12,1008.7,1715,11,1009.4,17,1,1009.6,62,3,1009.7,445,9,1009.8,1217,15,1009.9,1043,13
317,2025-11-26 13:11:13+05:30,1009.2,8,1000.5,6843463,391312.0,441402.0,986.2,1012.2,981.3,986.2,120442500,1084.8,887.6,1102.5,649.1,1009.1,987,5,1009.0,2046,17,1008.9,3564,20,1008.8,1467,12,1008.7,1715,11,1009.4,17,1,1009.6,62,3,1009.7,445,9,1009.8,1217,15,1009.9,1043,13
317,2025-11-26 13:11:14+05:30,1009.2,10,1000.5,6843484,393528.0,441887.0,986.2,1012.2,981.3,986.2,120442500,1084.8,887.6,1102.5,649.1,1009.1,1306,8,1009.0,2083,15,1008.9,4275,20,1008.8,1523,15,1008.7,1715,11,1009.2,8,1,1009.4,17,1,1009.6,259,4,1009.7,435,8,1009.8,668,13
317,2025-11-26 13:11:14+05:30,1009.4,3,1000.5,6843484,393528.0,441887.0,986.2,1012.2,981.3,986.2,120442500,1084.8,887.6,1102.5,649.1,1009.1,1306,8,1009.0,2083,15,1008.9,4275,20,1008.8,1523,15,1008.7,1715,11,1009.2,8,1,1009.4,17,1,1009.6,259,4,1009.7,435,8,1009.8,668,13
317,2025-11-26 13:11:15+05:30,1009.4,2,1000.5,6843547,392155.0,441398.0,986.2,1012.2,981.3,986.2,120442500,1084.8,887.6,1102.5,649.1,1009.2,54,1,1009.1,1261,7,1009.0,2261,18,1008.9,3399,18,1008.8,1580,15,1009.4,12,1,1009.6,246,4,1009.7,933,9,1009.8,625,12,1009.9,674,11
317,2025-11-26 13:11:15+05:30,1009.4,2,1000.5,6843547,392155.0,441398.0,986.2,1012.2,981.3,986.2,120442500,1084.8,887.6,1102.5,649.1,1009.2,54,1,1009.1,1261,7,1009.0,2261,18,1008.9,3399,18,1008.8,1580,15,1009.4,12,1,1009.6,246,4,1009.7,933,9,1009.8,625,12,1009.9,674,11
317,2025-11-26 13:11:16+05:30,1009.4,1,1000.5,6843549,392155.0,441163.0,986.2,1012.2,981.3,986.2,120442500,1084.8,887.6,1102.5,649.1,1009.2,54,1,1009.1,1306,8,1009.0,2216,17,1008.9,3399,18,1008.8,1580,15,1009.4,10,1,1009.6,44,3,1009.7,933,9,1009.8,625,12,1009.9,674,11
317,2025-11-26 13:11:16+05:30,1009.4,1,1000.5,6843549,392155.0,441163.0,986.2,1012.2,981.3,986.2,120442500,1084.8,887.6,1102.5,649.1,1009.2,54,1,1009.1,1306,8,1009.0,2216,17,1008.9,3399,18,1008.8,1580,15,1009.4,10,1,1009.6,44,3,1009.7,933,9,1009.8,625,12,1009.9,674,11
317,2025-11-26 13:11:17+05:30,1009.2,17,1000.5,6843674,390010.0,440127.0,986.2,1012.2,981.3,986.2,120442500,1084.8,887.6,1102.5,649.1,1009.1,1108,6,1009.0,1468,15,1008.9,3414,19,1008.8,1374,17,1008.7,1748,13,1009.6,44,3,1009.7,547,9,1009.8,998,11,1009.9,676,12,1010.0,5280,60
317,2025-11-26 13:11:18+05:30,1009.2,17,1000.5,6843674,391409.0,440141.0,986.2,1012.2,981.3,986.2,120442500,1084.8,887.6,1102.5,649.1,1009.2,289,3,1009.1,1548,11,1009.0,1454,15,1008.9,3414,19,1008.8,2028,18,1009.6,44,3,1009.7,178,4,1009.8,975,11,1009.9,644,9,1010.0,5307,60
317,2025-11-26 13:11:19+05:30,1009.6,1,1000.5,6843675,391385.0,440030.0,986.2,1012.2,981.3,986.2,120442500,1084.8,887.6,1102.5,649.1,1009.2,491,7,1009.1,1503,10,1009.0,1454,15,1008.9,3414,19,1008.8,1910,17,1009.6,54,4,1009.7,60,3,1009.8,975,11,1009.9,644,9,1010.0,5281,58
317,2025-11-26 13:11:19+05:30,1009.6,1,1000.5,6843675,391385.0,440030.0,986.2,1012.2,981.3,986.2,120442500,1084.8,887.6,1102.5,649.1,1009.2,491,7,1009.1,1503,10,1009.0,1454,15,1008.9,3414,19,1008.8,1910,17,1009.6,54,4,1009.7,60,3,1009.8,975,11,1009.9,644,9,1010.0,5281,58
317,2025-11-26 13:11:20+05:30,1009.6,4,1000.5,6843924,390766.0,439642.0,986.2,1012.2,981.3,986.2,120442500,1084.8,887.6,1102.5,649.1,1009.2,169,4,1009.1,1265,8,1009.0,1398,14,1008.9,3494,20,1008.8,1881,16,1009.6,45,3,1009.7,6,2,1009.8,880,10,1009.9,644,9,1010.0,4978,59
317,2025-11-26 13:11:20+05:30,1009.6,4,1000.5,6843924,390766.0,439642.0,986.2,1012.2,981.3,986.2,120442500,1084.8,887.6,1102.5,649.1,1009.2,169,4,1009.1,1265,8,1009.0,1398,14,1008.9,3494,20,1008.8,1881,16,1009.6,45,3,1009.7,6,2,1009.8,880,10,1009.9,644,9,1010.0,4978,59
317,2025-11-26 13:11:21+05:30,1009.6,1,1000.5,6843926,391477.0,439788.0,986.2,1012.2,981.3,986.2,120442500,1084.8,887.6,1102.5,649.1,1009.2,1360,10,1009.1,1580,8,1009.0,2031,15,1008.9,1757,17,1008.8,1923,17,1009.6,43,3,1009.7,6,2,1009.8,358,9,1009.9,644,9,1010.0,4823,55
317,2025-11-26 13:11:21+05:30,1009.6,1,1000.5,6843926,391477.0,439788.0,986.2,1012.2,981.3,986.2,120442500,1084.8,887.6,1102.5,649.1,1009.2,1360,10,1009.1,1580,8,1009.0,2031,15,1008.9,1757,17,1008.8,1923,17,1009.6,43,3,1009.7,6,2,1009.8,358,9,1009.9,644,9,1010.0,4823,55
317,2025-11-26 13:11:22+05:30,1009.2,1,1000.5,6843926,391477.0,439788.0,986.2,1012.2,981.3,986.2,120442500,1084.8,887.6,1102.5,649.1,1009.2,1360,10,1009.1,1580,8,1009.0,2031,15,1008.9,1757,17,1008.8,1923,17,1009.6,43,3,1009.7,6,2,1009.8,358,9,1009.9,644,9,1010.0,4823,55
317,2025-11-26 13:11:22+05:30,1009.2,1,1000.5,6843927,394002.0,440418.0,986.2,1012.2,981.3,986.2,120442500,1084.8,887.6,1102.5,649.1,1009.2,1511,10,1009.1,2330,9,1009.0,2941,19,1008.9,981,14,1008.8,1923,17,1009.4,15,1,1009.6,80,3,1009.7,6,2,1009.8,467,10,1009.9,1119,10
317,2025-11-26 13:11:23+05:30,1009.4,4,1000.5,6843927,394002.0,440418.0,986.2,1012.2,981.3,986.2,120442500,1084.8,887.6,1102.5,649.1,1009.2,1511,10,1009.1,2330,9,1009.0,2941,19,1008.9,981,14,1008.8,1923,17,1009.4,15,1,1009.6,80,3,1009.7,6,2,1009.8,467,10,1009.9,1119,10
317,2025-11-26 13:11:23+05:30,1009.4,4,1000.5,6843958,394366.0,440428.0,986.2,1012.2,981.3,986.2,120442500,1084.8,887.6,1102.5,649.1,1009.2,1568,12,1009.1,2416,10,1009.0,3027,19,1008.9,981,14,1008.8,1780,16,1009.4,7,1,1009.6,80,3,1009.7,6,2,1009.8,346,8,1009.9,1118,10
317,2025-11-26 13:11:24+05:30,1009.4,38,1000.5,6844007,394366.0,440408.0,986.2,1012.2,981.3,986.2,120442500,1084.8,887.6,1102.5,649.1,1009.2,1526,11,1009.1,2458,11,1009.0,3027,19,1008.9,981,14,1008.8,1780,16,1009.4,15,1,1009.6,80,3,1009.7,6,2,1009.8,346,8,1009.9,1118,10
317,2025-11-26 13:11:25+05:30,1009.4,11,1000.5,6844007,394366.0,440408.0,986.2,1012.2,981.3,986.2,120442500,1084.8,887.6,1102.5,649.1,1009.2,1526,11,1009.1,2458,11,1009.0,3027,19,1008.9,981,14,1008.8,1780,16,1009.4,15,1,1009.6,80,3,1009.7,6,2,1009.8,346,8,1009.9,1118,10
317,2025-11-26 13:11:25+05:30,1009.4,11,1000.5,6844033,394852.0,440251.0,986.2,1012.2,981.3,986.2,120442500,1084.8,887.6,1102.5,649.1,1009.2,1526,11,1009.1,2458,11,1009.0,3027,19,1008.9,981,14,1008.8,1780,16,1009.4,4,1,1009.6,80,3,1009.7,6,2,1009.8,333,7,1009.9,1118,10
317,2025-11-26 13:11:26+05:30,1009.4,24,1000.5,6844033,394852.0,440251.0,986.2,1012.2,981.3,986.2,120442500,1084.8,887.6,1102.5,649.1,1009.2,1526,11,1009.1,2458,11,1009.0,3027,19,1008.9,981,14,1008.8,1780,16,1009.4,4,1,1009.6,80,3,1009.7,6,2,1009.8,333,7,1009.9,1118,10
317,2025-11-26 13:11:26+05:30,1009.2,18,1000.5,6844077,392750.0,438830.0,986.2,1012.2,981.3,986.2,120442500,1084.8,887.6,1102.5,649.1,1009.2,1349,11,1009.1,2458,11,1009.0,2998,18,1008.9,1046,15,1008.8,1445,15,1009.6,80,3,1009.7,6,2,1009.8,808,9,1009.9,643,9,1010.0,5100,56
317,2025-11-26 13:11:27+05:30,1009.6,36,1000.5,6844077,392750.0,438830.0,986.2,1012.2,981.3,986.2,120442500,1084.8,887.6,1102.5,649.1,1009.2,1349,11,1009.1,2458,11,1009.0,2998,18,1008.9,1046,15,1008.8,1445,15,1009.6,80,3,1009.7,6,2,1009.8,808,9,1009.9,643,9,1010.0,5100,56
317,2025-11-26 13:11:27+05:30,1009.2,25,1000.5,6844281,391339.0,440500.0,986.2,1012.2,981.3,986.2,120442500,1084.8,887.6,1102.5,649.1,1009.2,756,4,1009.1,1528,7,1009.0,2948,18,1008.9,1005,15,1008.8,1521,15,1009.6,162,6,1009.7,443,7,1009.8,985,14,1009.9,758,11,1010.0,5245,62
317,2025-11-26 13:11:28+05:30,1009.6,1,1000.5,6844281,391339.0,440500.0,986.2,1012.2,981.3,986.2,120442500,1084.8,887.6,1102.5,649.1,1009.2,756,4,1009.1,1528,7,1009.0,2948,18,1008.9,1005,15,1008.8,1521,15,1009.6,162,6,1009.7,443,7,1009.8,985,14,1009.9,758,11,1010.0,5245,62
317,2025-11-26 13:11:29+05:30,1009.6,1,1000.5,6844282,391377.0,440452.0,986.2,1012.2,981.3,986.2,120442500,1084.8,887.6,1102.5,649.1,1009.2,883,6,1009.1,1662,10,1009.0,2906,17,1008.9,963,14,1008.8,1403,14,1009.6,103,5,1009.7,283,5,1009.8,1024,14,1009.9,758,11,1010.0,5245,62
317,2025-11-26 13:11:29+05:30,1009.6,1,1000.5,6844282,391377.0,440452.0,986.2,1012.2,981.3,986.2,120442500,1084.8,887.6,1102.5,649.1,1009.2,883,6,1009.1,1662,10,1009.0,2906,17,1008.9,963,14,1008.8,1403,14,1009.6,103,5,1009.7,283,5,1009.8,1024,14,1009.9,758,11,1010.0,5245,62
317,2025-11-26 13:11:30+05:30,1009.6,1,1000.5,6844283,391037.0,440825.0,986.2,1012.2,981.3,986.2,120442500,1084.8,887.6,1102.5,649.1,1009.2,874,5,1009.1,1507,7,1009.0,2872,17,1008.9,924,14,1008.8,1403,14,1009.6,314,8,1009.7,585,9,1009.8,943,13,1009.9,758,11,1010.0,5245,62
317,2025-11-26 13:11:30+05:30,1009.6,22,1000.5,6844283,391037.0,440825.0,986.2,1012.2,981.3,986.2,120442500,1084.8,887.6,1102.5,649.1,1009.2,874,5,1009.1,1507,7,1009.0,2872,17,1008.9,924,14,1008.8,1403,14,1009.6,314,8,1009.7,585,9,1009.8,943,13,1009.9,758,11,1010.0,5245,62
317,2025-11-26 13:11:31+05:30,1009.6,5,1000.5,6844398,391136.0,441132.0,986.2,1012.2,981.3,986.2,120442500,1084.8,887.6,1102.5,649.1,1009.2,894,6,1009.1,1549,8,1009.0,2939,18,1008.9,949,14,1008.8,1236,12,1009.6,184,5,1009.7,434,6,1009.8,667,15,1009.9,1340,12,1010.0,5270,63
317,2025-11-26 13:11:31+05:30,1009.6,5,1000.5,6844398,391136.0,441132.0,986.2,1012.2,981.3,986.2,120442500,1084.8,887.6,1102.5,649.1,1009.2,894,6,1009.1,1549,8,1009.0,2939,18,1008.9,949,14,1008.8,1236,12,1009.6,184,5,1009.7,434,6,1009.8,667,15,1009.9,1340,12,1010.0,5270,63
317,2025-11-26 13:11:31+05:30,1009.2,1,1000.5,6844399,392708.0,441491.0,986.2,1012.2,981.3,986.2,120442500,1084.8,887.6,1102.5,649.1,1009.2,757,5,1009.1,1517,8,1009.0,3016,21,1008.9,884,13,1008.8,1354,13,1009.4,10,1,1009.5,237,1,1009.6,184,5,1009.7,552,7,1009.8,886,18
317,2025-11-26 13:11:32+05:30,1009.2,110,1000.5,6844399,392708.0,441491.0,986.2,1012.2,981.3,986.2,120442500,1084.8,887.6,1102.5,649.1,1009.2,757,5,1009.1,1517,8,1009.0,3016,21,1008.9,884,13,1008.8,1354,13,1009.4,10,1,1009.5,237,1,1009.6,184,5,1009.7,552,7,1009.8,886,18
317,2025-11-26 13:11:33+05:30,1009.4,5,1000.5,6844518,393653.0,441385.0,986.2,1012.2,981.3,986.2,120442500,1084.8,887.6,1102.5,649.1,1009.2,647,5,1009.1,2267,9,1009.0,3016,21,1008.9,884,13,1008.8,1354,13,1009.4,1,1,1009.5,237,1,1009.6,184,5,1009.7,350,6,1009.8,882,17
317,2025-11-26 13:11:33+05:30,1009.5,153,1000.5,6844518,393653.0,441385.0,986.2,1012.2,981.3,986.2,120442500,1084.8,887.6,1102.5,649.1,1009.2,647,5,1009.1,2267,9,1009.0,3016,21,1008.9,884,13,1008.8,1354,13,1009.4,1,1,1009.5,237,1,1009.6,184,5,1009.7,350,6,1009.8,882,17
317,2025-11-26 13:11:34+05:30,1009.4,38,1000.5,6845071,392447.0,439420.0,986.2,1012.2,981.3,986.2,120442500,1084.8,887.6,1102.5,649.1,1009.4,14,2,1009.3,9,1,1009.2,1060,9,1009.1,1901,10,1009.0,2995,19,1009.6,101,5,1009.7,62,4,1009.8,747,7,1009.9,640,10,1010.0,4834,58
317,2025-11-26 13:11:34+05:30,1009.4,38,1000.5,6845071,392447.0,439420.0,986.2,1012.2,981.3,986.2,120442500,1084.8,887.6,1102.5,649.1,1009.4,14,2,1009.3,9,1,1009.2,1060,9,1009.1,1901,10,1009.0,2995,19,1009.6,101,5,1009.7,62,4,1009.8,747,7,1009.9,640,10,1010.0,4834,58
317,2025-11-26 13:11:35+05:30,1009.4,38,1000.5,6845071,392930.0,439026.0,986.2,1012.2,981.3,986.2,120442500,1084.8,887.6,1102.5,649.1,1009.5,113,2,1009.4,19,2,1009.3,42,1,1009.2,1047,8,1009.1,1913,11,1009.6,101,5,1009.7,60,3,1009.8,678,7,1009.9,640,10,1010.0,4834,58
317,2025-11-26 13:11:35+05:30,1009.6,2,1000.5,6845071,392930.0,439026.0,986.2,1012.2,981.3,986.2,120442500,1084.8,887.6,1102.5,649.1,1009.5,113,2,1009.4,19,2,1009.3,42,1,1009.2,1047,8,1009.1,1913,11,1009.6,101,5,1009.7,60,3,1009.8,678,7,1009.9,640,10,1010.0,4834,58
317,2025-11-26 13:11:36+05:30,1009.6,2,1000.5,6845075,392425.0,439048.0,986.2,1012.2,981.3,986.2,120442500,1084.8,887.6,1102.5,649.1,1009.5,133,4,1009.4,19,2,1009.2,1081,9,1009.1,1901,10,1009.0,2994,18,1009.6,97,5,1009.7,60,3,1009.8,679,8,1009.9,640,10,1010.0,5132,59
317,2025-11-26 13:11:36+05:30,1009.6,2,1000.5,6845075,392425.0,439048.0,986.2,1012.2,981.3,986.2,120442500,1084.8,887.6,1102.5,649.1,1009.5,133,4,1009.4,19,2,1009.2,1081,9,1009.1,1901,10,1009.0,2994,18,1009.6,97,5,1009.7,60,3,1009.8,679,8,1009.9,640,10,1010.0,5132,59
317,2025-11-26 13:11:37+05:30,1009.6,3,1000.5,6845358,394045.0,437705.0,986.2,1012.2,981.3,986.2,120442500,1084.8,887.6,1102.5,649.1,1009.5,192,6,1009.4,346,5,1009.3,645,7,1009.2,2959,13,1009.1,2696,15,1009.7,6,2,1009.8,28,3,1009.9,42,4,1010.0,4563,57,1010.1,543,10
317,2025-11-26 13:11:37+05:30,1009.6,3,1000.5,6845358,394045.0,437705.0,986.2,1012.2,981.3,986.2,120442500,1084.8,887.6,1102.5,649.1,1009.5,192,6,1009.4,346,5,1009.3,645,7,1009.2,2959,13,1009.1,2696,15,1009.7,6,2,1009.8,28,3,1009.9,42,4,1010.0,4563,57,1010.1,543,10
317,2025-11-26 13:11:38+05:30,1009.8,214,1000.5,6845654,391245.0,437371.0,986.2,1012.2,981.3,986.2,120442500,1084.8,887.6,1102.5,649.1,1009.5,142,5,1009.4,94,3,1009.3,852,4,1009.2,2258,13,1009.1,2673,14,1009.8,42,1,1009.9,506,9,1010.0,4716,58,1010.1,886,16,1010.2,696,8
317,2025-11-26 13:11:38+05:30,1009.8,42,1000.5,6845654,391245.0,437371.0,986.2,1012.2,981.3,986.2,120442500,1084.8,887.6,1102.5,649.1,1009.5,142,5,1009.4,94,3,1009.3,852,4,1009.2,2258,13,1009.1,2673,14,1009.8,42,1,1009.9,506,9,1010.0,4716,58,1010.1,886,16,1010.2,696,8
317,2025-11-26 13:11:39+05:30,1009.9,70,1000.5,6845808,390506.0,436245.0,986.2,1012.2,981.3,986.2,120442500,1084.8,887.6,1102.5,649.1,1009.8,11,2,1009.6,10,1,1009.5,232,5,1009.4,404,5,1009.3,1010,8,1009.9,212,4,1010.0,4739,58,1010.1,847,15,1010.2,686,7,1010.3,719,10
317,2025-11-26 13:11:39+05:30,1009.9,70,1000.5,6845808,390506.0,436245.0,986.2,1012.2,981.3,986.2,120442500,1084.8,887.6,1102.5,649.1,1009.8,11,2,1009.6,10,1,1009.5,232,5,1009.4,404,5,1009.3,1010,8,1009.9,212,4,1010.0,4739,58,1010.1,847,15,1010.2,686,7,1010.3,719,10
317,2025-11-26 13:11:40+05:30,1009.9,1,1000.5,6845810,393867.0,436312.0,986.2,1012.2,981.3,986.2,120442500,1084.8,887.6,1102.5,649.1,1009.8,10,1,1009.6,59,2,1009.5,232,5,1009.4,2334,11,1009.3,1733,11,1009.9,6,1,1010.0,4429,54,1010.1,766,15,1010.2,712,9,1010.3,1017,11
317,2025-11-26 13:11:40+05:30,1009.9,1,1000.5,6845810,393867.0,436312.0,986.2,1012.2,981.3,986.2,120442500,1084.8,887.6,1102.5,649.1,1009.8,10,1,1009.6,59,2,1009.5,232,5,1009.4,2334,11,1009.3,1733,11,1009.9,6,1,1010.0,4429,54,1010.1,766,15,1010.2,712,9,1010.3,1017,11
317,2025-11-26 13:11:41+05:30,1009.9,27,1000.5,6845862,393800.0,436448.0,986.2,1012.2,981.3,986.2,120442500,1084.8,887.6,1102.5,649.1,1009.8,16,2,1009.6,261,3,1009.5,847,6,1009.4,2504,13,1009.3,1883,11,1009.9,6,1,1010.0,4468,54,1010.1,671,13,1010.2,744,11,1010.3,1135,12
317,2025-11-26 13:11:41+05:30,1009.9,27,1000.5,6845862,393800.0,436448.0,986.2,1012.2,981.3,986.2,120442500,1084.8,887.6,1102.5,649.1,1009.8,16,2,1009.6,261,3,1009.5,847,6,1009.4,2504,13,1009.3,1883,11,1009.9,6,1,1010.0,4468,54,1010.1,671,13,1010.2,744,11,1010.3,1135,12
317,2025-11-26 13:11:42+05:30,1009.8,6,1000.5,6845878,395747.0,436602.0,986.2,1012.2,981.3,986.2,120442500,1084.8,887.6,1102.5,649.1,1009.6,69,3,1009.5,897,7,1009.4,3330,15,1009.3,1988,13,1009.2,1507,13,1009.8,13,1,1009.9,44,2,1010.0,4475,54,1010.1,672,13,1010.2,787,12
317,2025-11-26 13:11:42+05:30,1009.8,89,1000.5,6845878,395747.0,436602.0,986.2,1012.2,981.3,986.2,120442500,1084.8,887.6,1102.5,649.1,1009.6,69,3,1009.5,897,7,1009.4,3330,15,1009.3,1988,13,1009.2,1507,13,1009.8,13,1,1009.9,44,2,1010.0,4475,54,1010.1,672,13,1010.2,787,12
317,2025-11-26 13:11:43+05:30,1009.8,22,1000.5,6846172,395743.0,436469.0,986.2,1012.2,981.3,986.2,120442500,1084.8,887.6,1102.5,649.1,1009.6,3,2,1009.5,889,6,1009.4,3401,15,1009.3,2024,14,1009.2,1499,13,1009.8,29,1,1009.9,44,2,1010.0,4469,53,1010.1,629,12,1010.2,794,12
317,2025-11-26 13:11:43+05:30,1009.6,1,1000.5,6846172,395743.0,436469.0,986.2,1012.2,981.3,986.2,120442500,1084.8,887.6,1102.5,649.1,1009.6,3,2,1009.5,889,6,1009.4,3401,15,1009.3,2024,14,1009.2,1499,13,1009.8,29,1,1009.9,44,2,1010.0,4469,53,1010.1,629,12,1010.2,794,12
317,2025-11-26 13:11:44+05:30,1009.6,1,1000.5,6846175,396986.0,436998.0,986.2,1012.2,981.3,986.2,120442500,1084.8,887.6,1102.5,649.1,1009.5,687,5,1009.4,3259,13,1009.3,2860,16,1009.2,876,13,1009.1,927,10,1009.6,5,1,1009.8,30,2,1009.9,44,2,1010.0,4648,55,1010.1,678,13
317,2025-11-26 13:11:44+05:30,1009.6,50,1000.5,6846175,396986.0,436998.0,986.2,1012.2,981.3,986.2,120442500,1084.8,887.6,1102.5,649.1,1009.5,687,5,1009.4,3259,13,1009.3,2860,16,1009.2,876,13,1009.1,927,10,1009.6,5,1,1009.8,30,2,1009.9,44,2,1010.0,4648,55,1010.1,678,13
317,2025-11-26 13:11:45+05:30,1009.6,3,1000.5,6846253,394519.0,437396.0,986.2,1012.2,981.3,986.2,120442500,1084.8,887.6,1102.5,649.1,1009.5,643,4,1009.4,878,3,1009.3,494,8,1009.2,2492,10,1009.1,2315,13,1009.6,5,1,1009.8,286,5,1009.9,511,7,1010.0,4679,55,1010.1,1061,17
317,2025-11-26 13:11:45+05:30,1009.5,10,1000.5,6846253,394519.0,437396.0,986.2,1012.2,981.3,986.2,120442500,1084.8,887.6,1102.5,649.1,1009.5,643,4,1009.4,878,3,1009.3,494,8,1009.2,2492,10,1009.1,2315,13,1009.6,5,1,1009.8,286,5,1009.9,511,7,1010.0,4679,55,1010.1,1061,17
317,2025-11-26 13:11:46+05:30,1009.8,1,1000.5,6846317,393528.0,437443.0,986.2,1012.2,981.3,986.2,120442500,1084.8,887.6,1102.5,649.1,1009.5,49,3,1009.4,59,2,1009.3,1111,8,1009.2,2802,20,1009.1,1646,15,1009.8,22,2,1009.9,572,8,1010.0,4813,55,1010.1,1059,17,1010.2,796,12
317,2025-11-26 13:11:46+05:30,1009.8,1,1000.5,6846317,393528.0,437443.0,986.2,1012.2,981.3,986.2,120442500,1084.8,887.6,1102.5,649.1,1009.5,49,3,1009.4,59,2,1009.3,1111,8,1009.2,2802,20,1009.1,1646,15,1009.8,22,2,1009.9,572,8,1010.0,4813,55,1010.1,1059,17,1010.2,796,12
317,2025-11-26 13:11:47+05:30,1009.5,18,1000.51,6846335,393392.0,437466.0,986.2,1012.2,981.3,986.2,120442500,1084.8,887.6,1102.5,649.1,1009.5,31,3,1009.4,59,2,1009.3,993,7,1009.2,2802,20,1009.1,1646,15,1009.8,4,1,1009.9,1137,9,1010.0,4813,55,1010.1,1059,17,1010.2,809,13
317,2025-11-26 13:11:47+05:30,1009.8,1,1000.51,6846335,393392.0,437466.0,986.2,1012.2,981.3,986.2,120442500,1084.8,887.6,1102.5,649.1,1009.5,31,3,1009.4,59,2,1009.3,993,7,1009.2,2802,20,1009.1,1646,15,1009.8,4,1,1009.9,1137,9,1010.0,4813,55,1010.1,1059,17,1010.2,809,13
317,2025-11-26 13:11:48+05:30,1009.8,1,1000.51,6846336,393607.0,437189.0,986.2,1012.2,981.3,986.2,120442500,1084.8,887.6,1102.5,649.1,1009.5,31,3,1009.4,261,3,1009.3,993,7,1009.2,2802,20,1009.1,2396,16,1009.8,3,1,1009.9,845,7,1010.0,4856,56,1010.1,1059,17,1010.2,809,13
317,2025-11-26 13:11:48+05:30,1009.5,1,1000.51,6846336,393607.0,437189.0,986.2,1012.2,981.3,986.2,120442500,1084.8,887.6,1102.5,649.1,1009.5,31,3,1009.4,261,3,1009.3,993,7,1009.2,2802,20,1009.1,2396,16,1009.8,3,1,1009.9,845,7,1010.0,4856,56,1010.1,1059,17,1010.2,809,13
317,2025-11-26 13:11:49+05:30,1009.5,1,1000.51,6846337,393606.0,437202.0,986.2,1012.2,981.3,986.2,120442500,1084.8,887.6,1102.5,649.1,1009.5,30,3,1009.4,261,3,1009.3,993,7,1009.2,2802,20,1009.1,2396,16,1009.8,3,1,1009.9,858,8,1010.0,4856,56,1010.1,1059,17,1010.2,809,13
317,2025-11-26 13:11:50+05:30,1009.5,1,1000.51,6846337,393724.0,437205.0,986.2,1012.2,981.3,986.2,120442500,1084.8,887.6,1102.5,649.1,1009.5,30,3,1009.4,261,3,1009.3,993,7,1009.2,2802,20,1009.1,2396,16,1009.8,6,3,1009.9,901,9,1010.0,4813,55,1010.1,1059,17,1010.2,809,13
317,2025-11-26 13:11:50+05:30,1009.8,1,1000.51,6846337,393724.0,437205.0,986.2,1012.2,981.3,986.2,120442500,1084.8,887.6,1102.5,649.1,1009.5,30,3,1009.4,261,3,1009.3,993,7,1009.2,2802,20,1009.1,2396,16,1009.8,6,3,1009.9,901,9,1010.0,4813,55,1010.1,1059,17,1010.2,809,13
317,2025-11-26 13:11:51+05:30,1009.8,1,1000.51,6846339,393723.0,437202.0,986.2,1012.2,981.3,986.2,120442500,1084.8,887.6,1102.5,649.1,1009.5,30,3,1009.4,261,3,1009.3,1111,8,1009.2,2759,19,1009.1,2438,17,1009.8,4,3,1009.9,858,8,1010.0,4855,56,1010.1,1059,17,1010.2,809,13
317,2025-11-26 13:11:51+05:30,1009.8,1,1000.51,6846339,393723.0,437202.0,986.2,1012.2,981.3,986.2,120442500,1084.8,887.6,1102.5,649.1,1009.5,30,3,1009.4,261,3,1009.3,1111,8,1009.2,2759,19,1009.1,2438,17,1009.8,4,3,1009.9,858,8,1010.0,4855,56,1010.1,1059,17,1010.2,809,13
317,2025-11-26 13:11:52+05:30,1009.8,1,1000.51,6846339,394725.0,437097.0,986.2,1012.2,981.3,986.2,120442500,1084.8,887.6,1102.5,649.1,1009.5,30,3,1009.4,52,1,1009.3,1082,8,1009.2,3508,20,1009.1,2396,16,1009.6,11,1,1009.7,44,1,1009.8,4,3,1009.9,967,10,1010.0,4763,54
317,2025-11-26 13:11:53+05:30,1009.6,5,1000.51,6846348,394517.0,437206.0,986.2,1012.2,981.3,986.2,120442500,1084.8,887.6,1102.5,649.1,1009.5,30,3,1009.4,52,1,1009.3,1040,7,1009.2,3470,20,1009.1,2296,15,1009.6,2,1,1009.7,44,1,1009.8,94,4,1009.9,977,9,1010.0,4811,56
317,2025-11-26 13:11:53+05:30,1009.6,23,1000.51,6846348,394517.0,437206.0,986.2,1012.2,981.3,986.2,120442500,1084.8,887.6,1102.5,649.1,1009.5,30,3,1009.4,52,1,1009.3,1040,7,1009.2,3470,20,1009.1,2296,15,1009.6,2,1,1009.7,44,1,1009.8,94,4,1009.9,977,9,1010.0,4811,56
317,2025-11-26 13:11:54+05:30,1009.6,73,1000.51,6846444,393995.0,437511.0,986.2,1012.2,981.3,986.2,120442500,1084.8,887.6,1102.5,649.1,1009.6,39,1,1009.5,30,3,1009.4,59,2,1009.3,922,6,1009.2,3428,19,1009.7,44,1,1009.8,94,4,1009.9,977,9,1010.0,4811,56,1010.1,1101,18
317,2025-11-26 13:11:54+05:30,1009.6,73,1000.51,6846444,393995.0,437511.0,986.2,1012.2,981.3,986.2,120442500,1084.8,887.6,1102.5,649.1,1009.6,39,1,1009.5,30,3,1009.4,59,2,1009.3,922,6,1009.2,3428,19,1009.7,44,1,1009.8,94,4,1009.9,977,9,1010.0,4811,56,1010.1,1101,18
317,2025-11-26 13:11:55+05:30,1009.7,2,1000.51,6846495,393153.0,436966.0,986.2,1012.2,981.3,986.2,120442500,1084.8,887.6,1102.5,649.1,1009.6,52,2,1009.5,17,2,1009.4,52,1,1009.3,840,6,1009.2,2527,17,1009.7,42,1,1009.8,103,5,1009.9,437,9,1010.0,4811,56,1010.1,1059,17
317,2025-11-26 13:11:55+05:30,1009.7,12,1000.51,6846495,393153.0,436966.0,986.2,1012.2,981.3,986.2,120442500,1084.8,887.6,1102.5,649.1,1009.6,52,2,1009.5,17,2,1009.4,52,1,1009.3,840,6,1009.2,2527,17,1009.7,42,1,1009.8,103,5,1009.9,437,9,1010.0,4811,56,1010.1,1059,17
317,2025-11-26 13:11:56+05:30,1009.7,1,1000.51,6846526,393014.0,436665.0,986.2,1012.2,981.3,986.2,120442500,1084.8,887.6,1102.5,649.1,1009.6,52,2,1009.5,17,2,1009.4,148,3,1009.3,1144,8,1009.2,2527,17,1009.7,11,1,1009.8,103,5,1009.9,197,5,1010.0,4599,54,1010.1,803,17
317,2025-11-26 13:11:56+05:30,1009.7,1,1000.51,6846526,393014.0,436665.0,986.2,1012.2,981.3,986.2,120442500,1084.8,887.6,1102.5,649.1,1009.6,52,2,1009.5,17,2,1009.4,148,3,1009.3,1144,8,1009.2,2527,17,1009.7,11,1,1009.8,103,5,1009.9,197,5,1010.0,4599,54,1010.1,803,17
317,2025-11-26 13:11:57+05:30,1009.7,49,1000.51,6846575,392775.0,436724.0,986.2,1012.2,981.3,986.2,120442500,1084.8,887.6,1102.5,649.1,1009.6,52,2,1009.5,17,2,1009.4,148,3,1009.3,1026,7,1009.2,2527,17,1009.7,44,1,1009.8,103,5,1009.9,239,6,1010.0,4557,53,1010.1,803,17
317,2025-11-26 13:11:57+05:30,1009.7,49,1000.51,6846575,392775.0,436724.0,986.2,1012.2,981.3,986.2,120442500,1084.8,887.6,1102.5,649.1,1009.6,52,2,1009.5,17,2,1009.4,148,3,1009.3,1026,7,1009.2,2527,17,1009.7,44,1,1009.8,103,5,1009.9,239,6,1010.0,4557,53,1010.1,803,17
317,2025-11-26 13:11:58+05:30,1009.7,49,1000.51,6846575,392796.0,436735.0,986.2,1012.2,981.3,986.2,120442500,1084.8,887.6,1102.5,649.1,1009.6,52,2,1009.5,17,2,1009.4,141,2,1009.3,1033,8,1009.2,2527,17,1009.8,103,5,1009.9,239,6,1010.0,4716,56,1010.1,761,16,1010.2,1107,14
317,2025-11-26 13:11:58+05:30,1009.8,1,1000.51,6846575,392796.0,436735.0,986.2,1012.2,981.3,986.2,120442500,1084.8,887.6,1102.5,649.1,1009.6,52,2,1009.5,17,2,1009.4,141,2,1009.3,1033,8,1009.2,2527,17,1009.8,103,5,1009.9,239,6,1010.0,4716,56,1010.1,761,16,1010.2,1107,14
317,2025-11-26 13:11:59+05:30,1009.5,87,1000.51,6846716,392760.0,437154.0,986.2,1012.2,981.3,986.2,120442500,1084.8,887.6,1102.5,649.1,1009.5,16,1,1009.4,52,1,1009.3,886,7,1009.2,2574,17,1009.1,2250,14,1009.8,149,6,1009.9,480,10,1010.0,4684,56,1010.1,1150,17,1010.2,908,14
317,2025-11-26 13:11:59+05:30,1009.5,87,1000.51,6846716,392760.0,437154.0,986.2,1012.2,981.3,986.2,120442500,1084.8,887.6,1102.5,649.1,1009.5,16,1,1009.4,52,1,1009.3,886,7,1009.2,2574,17,1009.1,2250,14,1009.8,149,6,1009.9,480,10,1010.0,4684,56,1010.1,1150,17,1010.2,908,14
317,2025-11-26 13:12:00+05:30,1009.6,1,1000.51,6846729,393121.0,437547.0,986.2,1012.2,981.3,986.2,120442500,1084.8,887.6,1102.5,649.1,1009.6,12,1,1009.5,16,1,1009.4,52,1,1009.3,886,7,1009.2,2574,17,1009.8,96,4,1009.9,689,12,1010.0,4854,58,1010.1,1163,19,1010.2,918,15
317,2025-11-26 13:12:00+05:30,1009.8,49,1000.51,6846729,393121.0,437547.0,986.2,1012.2,981.3,986.2,120442500,1084.8,887.6,1102.5,649.1,1009.6,12,1,1009.5,16,1,1009.4,52,1,1009.3,886,7,1009.2,2574,17,1009.8,96,4,1009.9,689,12,1010.0,4854,58,1010.1,1163,19,1010.2,918,15
317,2025-11-26 13:12:01+05:30,1009.6,8,1000.51,6846787,393452.0,437549.0,986.2,1012.2,981.3,986.2,120442500,1084.8,887.6,1102.5,649.1,1009.6,4,1,1009.5,16,1,1009.4,52,1,1009.3,886,7,1009.2,3222,18,1009.8,46,4,1009.9,540,9,1010.0,4899,59,1010.1,865,18,1010.2,1216,16
317,2025-11-26 13:12:01+05:30,1009.6,8,1000.51,6846787,393452.0,437549.0,986.2,1012.2,981.3,986.2,120442500,1084.8,887.6,1102.5,649.1,1009.6,4,1,1009.5,16,1,1009.4,52,1,1009.3,886,7,1009.2,3222,18,1009.8,46,4,1009.9,540,9,1010.0,4899,59,1010.1,865,18,1010.2,1216,16
317,2025-11-26 13:12:02+05:30,1009.7,1,1000.51,6846788,393452.0,437544.0,986.2,1012.2,981.3,986.2,120442500,1084.8,887.6,1102.5,649.1,1009.6,4,1,1009.5,16,1,1009.4,60,2,1009.3,878,6,1009.2,3222,18,1009.7,8,1,1009.8,50,5,1009.9,641,11,1010.0,4832,57,1010.1,1163,19
317,2025-11-26 13:12:02+05:30,1009.7,1,1000.51,6846788,393452.0,437544.0,986.2,1012.2,981.3,986.2,120442500,1084.8,887.6,1102.5,649.1,1009.6,4,1,1009.5,16,1,1009.4,60,2,1009.3,878,6,1009.2,3222,18,1009.7,8,1,1009.8,50,5,1009.9,641,11,1010.0,4832,57,1010.1,1163,19
317,2025-11-26 13:12:03+05:30,1009.5,6,1000.51,6846830,392756.0,437573.0,986.2,1012.2,981.3,986.2,120442500,1084.8,887.6,1102.5,649.1,1009.5,10,1,1009.4,52,1,1009.3,886,7,1009.2,2574,17,1009.1,2250,14,1009.7,9,1,1009.8,50,5,1009.9,558,9,1010.0,4908,58,1010.1,1163,19
317,2025-11-26 13:12:03+05:30,1009.5,6,1000.51,6846830,392756.0,437573.0,986.2,1012.2,981.3,986.2,120442500,1084.8,887.6,1102.5,649.1,1009.5,10,1,1009.4,52,1,1009.3,886,7,1009.2,2574,17,1009.1,2250,14,1009.7,9,1,1009.8,50,5,1009.9,558,9,1010.0,4908,58,1010.1,1163,19
317,2025-11-26 13:12:04+05:30,1009.5,6,1000.51,6846830,392921.0,437574.0,986.2,1012.2,981.3,986.2,120442500,1084.8,887.6,1102.5,649.1,1009.5,10,1,1009.4,60,2,1009.3,992,7,1009.2,2574,17,1009.1,2415,16,1009.7,9,1,1009.8,51,6,1009.9,558,9,1010.0,4908,58,1010.1,1163,19
317,2025-11-26 13:12:04+05:30,1009.7,4,1000.51,6846830,392921.0,437574.0,986.2,1012.2,981.3,986.2,120442500,1084.8,887.6,1102.5,649.1,1009.5,10,1,1009.4,60,2,1009.3,992,7,1009.2,2574,17,1009.1,2415,16,1009.7,9,1,1009.8,51,6,1009.9,558,9,1010.0,4908,58,1010.1,1163,19
317,2025-11-26 13:12:05+05:30,1009.7,1,1000.51,6846837,393012.0,437508.0,986.2,1012.2,981.3,986.2,120442500,1084.8,887.6,1102.5,649.1,1009.5,10,1,1009.4,102,2,1009.3,1041,9,1009.2,2574,17,1009.1,2415,16,1009.7,2,1,1009.8,51,6,1009.9,498,8,1010.0,4908,58,1010.1,1163,19
317,2025-11-26 13:12:05+05:30,1009.7,1,1000.51,6846837,393012.0,437508.0,986.2,1012.2,981.3,986.2,120442500,1084.8,887.6,1102.5,649.1,1009.5,10,1,1009.4,102,2,1009.3,1041,9,1009.2,2574,17,1009.1,2415,16,1009.7,2,1,1009.8,51,6,1009.9,498,8,1010.0,4908,58,1010.1,1163,19
317,2025-11-26 13:12:06+05:30,1009.7,1,1000.51,6846839,392971.0,437505.0,986.2,1012.2,981.3,986.2,120442500,1084.8,887.6,1102.5,649.1,1009.5,10,1,1009.4,109,3,1009.3,1033,8,1009.2,2574,17,1009.1,2415,16,1009.7,9,1,1009.8,51,6,1009.9,498,8,1010.0,4908,58,1010.1,1163,19
317,2025-11-26 13:12:06+05:30,1009.7,1,1000.51,6846839,392971.0,437505.0,986.2,1012.2,981.3,986.2,120442500,1084.8,887.6,1102.5,649.1,1009.5,10,1,1009.4,109,3,1009.3,1033,8,1009.2,2574,17,1009.1,2415,16,1009.7,9,1,1009.8,51,6,1009.9,498,8,1010.0,4908,58,1010.1,1163,19
317,2025-11-26 13:12:07+05:30,1009.4,38,1000.51,6847023,394481.0,438121.0,986.2,1012.2,981.3,986.2,120442500,1084.8,887.6,1102.5,649.1,1009.4,14,1,1009.3,677,4,1009.2,2459,16,1009.1,2434,17,1009.0,1751,14,1009.5,2,1,1009.7,30,1,1009.8,367,8,1009.9,1379,13,1010.0,4894,57
317,2025-11-26 13:12:07+05:30,1009.4,38,1000.51,6847023,394481.0,438121.0,986.2,1012.2,981.3,986.2,120442500,1084.8,887.6,1102.5,649.1,1009.4,14,1,1009.3,677,4,1009.2,2459,16,1009.1,2434,17,1009.0,1751,14,1009.5,2,1,1009.7,30,1,1009.8,367,8,1009.9,1379,13,1010.0,4894,57
317,2025-11-26 13:12:08+05:30,1009.4,38,1000.51,6847023,394908.0,437883.0,986.2,1012.2,981.3,986.2,120442500,1084.8,887.6,1102.5,649.1,1009.4,14,1,1009.3,677,4,1009.2,3209,17,1009.1,2434,17,1009.0,1416,13,1009.5,2,1,1009.8,367,8,1009.9,1354,14,1010.0,4871,55,1010.1,1214,21
317,2025-11-26 13:12:09+05:30,1009.3,1,1000.51,6847023,394908.0,437883.0,986.2,1012.2,981.3,986.2,120442500,1084.8,887.6,1102.5,649.1,1009.4,14,1,1009.3,677,4,1009.2,3209,17,1009.1,2434,17,1009.0,1416,13,1009.5,2,1,1009.8,367,8,1009.9,1354,14,1010.0,4871,55,1010.1,1214,21
317,2025-11-26 13:12:09+05:30,1009.3,1,1000.51,6847024,394763.0,438113.0,986.2,1012.2,981.3,986.2,120442500,1084.8,887.6,1102.5,649.1,1009.3,676,4,1009.2,3250,18,1009.1,2393,16,1009.0,1407,12,1008.9,690,8,1009.5,2,1,1009.8,367,8,1009.9,1316,13,1010.0,4871,55,1010.1,1214,21
317,2025-11-26 13:12:10+05:30,1009.8,1,1000.51,6847024,394763.0,438113.0,986.2,1012.2,981.3,986.2,120442500,1084.8,887.6,1102.5,649.1,1009.3,676,4,1009.2,3250,18,1009.1,2393,16,1009.0,1407,12,1008.9,690,8,1009.5,2,1,1009.8,367,8,1009.9,1316,13,1010.0,4871,55,1010.1,1214,21
317,2025-11-26 13:12:10+05:30,1009.8,1,1000.51,6847078,393387.0,437358.0,986.2,1012.2,981.3,986.2,120442500,1084.8,887.6,1102.5,649.1,1009.5,1,1,1009.4,109,1,1009.3,736,4,1009.2,2423,15,1009.1,2405,16,1009.8,258,5,1009.9,694,12,1010.0,4930,56,1010.1,1171,19,1010.2,805,15
317,2025-11-26 13:12:11+05:30,1009.7,2,1000.51,6847085,393307.0,437568.0,986.2,1012.2,981.3,986.2,120442500,1084.8,887.6,1102.5,649.1,1009.3,766,5,1009.2,2418,15,1009.1,2409,16,1009.0,1785,14,1008.9,690,8,1009.7,2,1,1009.8,215,5,1009.9,651,11,1010.0,5030,57,1010.1,1168,18
317,2025-11-26 13:12:11+05:30,1009.7,2,1000.51,6847085,393307.0,437568.0,986.2,1012.2,981.3,986.2,120442500,1084.8,887.6,1102.5,649.1,1009.3,766,5,1009.2,2418,15,1009.1,2409,16,1009.0,1785,14,1008.9,690,8,1009.7,2,1,1009.8,215,5,1009.9,651,11,1010.0,5030,57,1010.1,1168,18
317,2025-11-26 13:12:12+05:30,1009.6,14,1000.51,6847099,393991.0,437820.0,986.2,1012.2,981.3,986.2,120442500,1084.8,887.6,1102.5,649.1,1009.3,814,6,1009.2,2404,15,1009.1,2409,16,1009.0,1785,14,1008.9,690,8,1009.6,7,1,1009.7,6,2,1009.8,216,4,1009.9,1144,11,1010.0,5020,56
317,2025-11-26 13:12:12+05:30,1009.6,14,1000.51,6847099,393991.0,437820.0,986.2,1012.2,981.3,986.2,120442500,1084.8,887.6,1102.5,649.1,1009.3,814,6,1009.2,2404,15,1009.1,2409,16,1009.0,1785,14,1008.9,690,8,1009.6,7,1,1009.7,6,2,1009.8,216,4,1009.9,1144,11,1010.0,5020,56
317,2025-11-26 13:12:13+05:30,1009.7,29,1000.51,6847099,393991.0,437820.0,986.2,1012.2,981.3,986.2,120442500,1084.8,887.6,1102.5,649.1,1009.3,814,6,1009.2,2404,15,1009.1,2409,16,1009.0,1785,14,1008.9,690,8,1009.6,7,1,1009.7,6,2,1009.8,216,4,1009.9,1144,11,1010.0,5020,56
317,2025-11-26 13:12:13+05:30,1009.7,29,1000.51,6847181,396217.0,439021.0,986.2,1012.2,981.3,986.2,120442500,1084.8,887.6,1102.5,649.1,1009.3,855,5,1009.2,3204,17,1009.1,2917,15,1009.0,1405,12,1008.9,690,8,1009.4,8,1,1009.7,6,1,1009.8,301,4,1009.9,549,10,1010.0,4967,56
317,2025-11-26 13:12:14+05:30,1009.4,75,1000.51,6847181,396217.0,439021.0,986.2,1012.2,981.3,986.2,120442500,1084.8,887.6,1102.5,649.1,1009.3,855,5,1009.2,3204,17,1009.1,2917,15,1009.0,1405,12,1008.9,690,8,1009.4,8,1,1009.7,6,1,1009.8,301,4,1009.9,549,10,1010.0,4967,56
317,2025-11-26 13:12:14+05:30,1009.4,75,1000.51,6847259,393684.0,437806.0,986.2,1012.2,981.3,986.2,120442500,1084.8,887.6,1102.5,649.1,1009.4,37,1,1009.3,739,5,1009.2,3243,18,1009.1,2167,14,1009.0,1405,12,1009.7,6,1,1009.8,213,4,1009.9,865,8,1010.0,4966,56,1010.1,1169,19
317,2025-11-26 13:12:15+05:30,1009.3,77,1000.51,6847259,393684.0,437806.0,986.2,1012.2,981.3,986.2,120442500,1084.8,887.6,1102.5,649.1,1009.4,37,1,1009.3,739,5,1009.2,3243,18,1009.1,2167,14,1009.0,1405,12,1009.7,6,1,1009.8,213,4,1009.9,865,8,1010.0,4966,56,1010.1,1169,19
317,2025-11-26 13:12:15+05:30,1009.3,77,1000.51,6847399,392994.0,438096.0,986.2,1012.2,981.3,986.2,120442500,1084.8,887.6,1102.5,649.1,1009.3,518,2,1009.2,2415,15,1009.1,2130,15,1009.0,1405,12,1008.9,888,10,1009.7,72,4,1009.8,535,9,1009.9,1124,13,1010.0,4976,57,1010.1,1176,19
317,2025-11-26 13:12:16+05:30,1009.7,2,1000.51,6847399,392994.0,438096.0,986.2,1012.2,981.3,986.2,120442500,1084.8,887.6,1102.5,649.1,1009.3,518,2,1009.2,2415,15,1009.1,2130,15,1009.0,1405,12,1008.9,888,10,1009.7,72,4,1009.8,535,9,1009.9,1124,13,1010.0,4976,57,1010.1,1176,19
317,2025-11-26 13:12:16+05:30,1009.7,2,1000.51,6847401,393021.0,438155.0,986.2,1012.2,981.3,986.2,120442500,1084.8,887.6,1102.5,649.1,1009.3,518,2,1009.2,2454,16,1009.1,2091,14,1009.0,1405,12,1008.9,888,10,1009.7,70,4,1009.8,467,8,1009.9,1202,15,1010.0,4976,57,1010.1,1176,19
317,2025-11-26 13:12:17+05:30,1009.7,1,1000.51,6847401,393021.0,438155.0,986.2,1012.2,981.3,986.2,120442500,1084.8,887.6,1102.5,649.1,1009.3,518,2,1009.2,2454,16,1009.1,2091,14,1009.0,1405,12,1008.9,888,10,1009.7,70,4,1009.8,467,8,1009.9,1202,15,1010.0,4976,57,1010.1,1176,19
317,2025-11-26 13:12:17+05:30,1009.7,1,1000.51,6847409,392736.0,438156.0,986.2,1012.2,981.3,986.2,120442500,1084.8,887.6,1102.5,649.1,1009.3,520,3,1009.2,2493,17,1009.1,2052,13,1009.0,1426,13,1008.9,888,10,1009.7,69,4,1009.8,414,6,1009.9,1202,15,1010.0,5028,59,1010.1,1176,19
317,2025-11-26 13:12:18+05:30,1009.7,1,1000.51,6847409,392610.0,439104.0,986.2,1012.2,981.3,986.2,120442500,1084.8,887.6,1102.5,649.1,1009.3,520,3,1009.2,2493,17,1009.1,1926,12,1009.0,1426,13,1008.9,888,10,1009.7,107,5,1009.8,414,6,1009.9,1202,15,1010.0,6326,61,1010.1,878,18
317,2025-11-26 13:12:19+05:30,1009.7,1,1000.51,6847409,392916.0,439104.0,986.2,1012.2,981.3,986.2,120442500,1084.8,887.6,1102.5,649.1,1009.3,520,3,1009.2,2493,17,1009.1,1926,12,1009.0,1426,13,1008.9,888,10,1009.7,107,5,1009.8,414,6,1009.9,1202,15,1010.0,6326,61,1010.1,878,18
317,2025-11-26 13:12:20+05:30,1009.7,1,1000.51,6847409,392916.0,439104.0,986.2,1012.2,981.3,986.2,120442500,1084.8,887.6,1102.5,649.1,1009.3,520,3,1009.2,2493,17,1009.1,1926,12,1009.0,1426,13,1008.9,888,10,1009.7,107,5,1009.8,414,6,1009.9,1202,15,1010.0,6326,61,1010.1,878,18
317,2025-11-26 13:12:21+05:30,1009.7,1,1000.51,6847411,392916.0,439228.0,986.2,1012.2,981.3,986.2,120442500,1084.8,887.6,1102.5,649.1,1009.3,520,3,1009.2,2493,17,1009.1,1926,12,1009.0,1426,13,1008.9,888,10,1009.7,105,5,1009.8,414,6,1009.9,1163,14,1010.0,6364,62,1010.1,878,18
317,2025-11-26 13:12:21+05:30,1009.7,1,1000.51,6847411,392916.0,439228.0,986.2,1012.2,981.3,986.2,120442500,1084.8,887.6,1102.5,649.1,1009.3,520,3,1009.2,2493,17,1009.1,1926,12,1009.0,1426,13,1008.9,888,10,1009.7,105,5,1009.8,414,6,1009.9,1163,14,1010.0,6364,62,1010.1,878,18
317,2025-11-26 13:12:22+05:30,1009.7,1,1000.51,6847411,395101.0,440167.0,986.2,1012.2,981.3,986.2,120442500,1084.8,887.6,1102.5,649.1,1009.3,549,3,1009.2,3204,17,1009.1,1953,13,1009.0,1361,12,1008.9,888,10,1009.5,7,1,1009.7,105,5,1009.8,471,7,1009.9,1167,14,1010.0,6364,62
317,2025-11-26 13:12:22+05:30,1009.3,146,1000.51,6847411,395101.0,440167.0,986.2,1012.2,981.3,986.2,120442500,1084.8,887.6,1102.5,649.1,1009.3,549,3,1009.2,3204,17,1009.1,1953,13,1009.0,1361,12,1008.9,888,10,1009.5,7,1,1009.7,105,5,1009.8,471,7,1009.9,1167,14,1010.0,6364,62
317,2025-11-26 13:12:23+05:30,1009.5,23,1000.51,6847588,394857.0,440059.0,986.2,1012.2,981.3,986.2,120442500,1084.8,887.6,1102.5,649.1,1009.3,365,2,1009.2,3140,16,1009.1,1902,12,1009.0,1339,11,1008.9,879,10,1009.5,7,1,1009.7,12,3,1009.8,375,5,1009.9,1237,15,1010.0,6357,61
317,2025-11-26 13:12:23+05:30,1009.5,1,1000.51,6847588,394857.0,440059.0,986.2,1012.2,981.3,986.2,120442500,1084.8,887.6,1102.5,649.1,1009.3,365,2,1009.2,3140,16,1009.1,1902,12,1009.0,1339,11,1008.9,879,10,1009.5,7,1,1009.7,12,3,1009.8,375,5,1009.9,1237,15,1010.0,6357,61
317,2025-11-26 13:12:24+05:30,1009.3,100,1000.51,6847689,394635.0,440062.0,986.2,1012.2,981.3,986.2,120442500,1084.8,887.6,1102.5,649.1,1009.3,265,2,1009.2,3027,15,1009.1,1902,12,1009.0,1339,11,1008.9,879,10,1009.5,6,1,1009.7,16,4,1009.8,375,5,1009.9,1237,15,1010.0,6357,61
317,2025-11-26 13:12:24+05:30,1009.3,100,1000.51,6847689,394635.0,440062.0,986.2,1012.2,981.3,986.2,120442500,1084.8,887.6,1102.5,649.1,1009.3,265,2,1009.2,3027,15,1009.1,1902,12,1009.0,1339,11,1008.9,879,10,1009.5,6,1,1009.7,16,4,1009.8,375,5,1009.9,1237,15,1010.0,6357,61
317,2025-11-26 13:12:25+05:30,1009.5,1,1000.51,6847692,394548.0,440059.0,986.2,1012.2,981.3,986.2,120442500,1084.8,887.6,1102.5,649.1,1009.3,265,2,1009.2,3027,15,1009.1,1902,12,1009.0,1339,11,1008.9,879,10,1009.5,3,1,1009.7,87,5,1009.8,473,7,1009.9,1166,14,1010.0,6358,62
317,2025-11-26 13:12:25+05:30,1009.5,11,1000.51,6847692,394548.0,440059.0,986.2,1012.2,981.3,986.2,120442500,1084.8,887.6,1102.5,649.1,1009.3,265,2,1009.2,3027,15,1009.1,1902,12,1009.0,1339,11,1008.9,879,10,1009.5,3,1,1009.7,87,5,1009.8,473,7,1009.9,1166,14,1010.0,6358,62
317,2025-11-26 13:12:26+05:30,1009.5,2,1000.51,6847717,394487.0,440164.0,986.2,1012.2,981.3,986.2,120442500,1084.8,887.6,1102.5,649.1,1009.3,265,2,1009.2,2951,13,1009.1,2020,15,1009.0,1339,11,1008.9,879,10,1009.5,5,1,1009.7,87,5,1009.8,579,8,1009.9,1166,14,1010.0,6358,62
317,2025-11-26 13:12:26+05:30,1009.5,2,1000.51,6847717,394487.0,440164.0,986.2,1012.2,981.3,986.2,120442500,1084.8,887.6,1102.5,649.1,1009.3,265,2,1009.2,2951,13,1009.1,2020,15,1009.0,1339,11,1008.9,879,10,1009.5,5,1,1009.7,87,5,1009.8,579,8,1009.9,1166,14,1010.0,6358,62
317,2025-11-26 13:12:27+05:30,1009.3,5,1000.51,6847722,393643.0,440165.0,986.2,1012.2,981.3,986.2,120442500,1084.8,887.6,1102.5,649.1,1009.3,260,2,1009.2,2927,14,1009.1,1955,13,1009.0,1339,11,1008.9,879,10,1009.6,57,1,1009.7,129,6,1009.8,535,7,1009.9,1166,14,1010.0,6309,61
317,2025-11-26 13:12:27+05:30,1009.3,5,1000.51,6847722,393643.0,440165.0,986.2,1012.2,981.3,986.2,120442500,1084.8,887.6,1102.5,649.1,1009.3,260,2,1009.2,2927,14,1009.1,1955,13,1009.0,1339,11,1008.9,879,10,1009.6,57,1,1009.7,129,6,1009.8,535,7,1009.9,1166,14,1010.0,6309,61
317,2025-11-26 13:12:28+05:30,1009.3,5,1000.51,6847722,393642.0,440169.0,986.2,1012.2,981.3,986.2,120442500,1084.8,887.6,1102.5,649.1,1009.3,260,2,1009.2,2889,13,1009.1,1993,14,1009.0,1339,11,1008.9,879,10,1009.6,62,3,1009.7,128,5,1009.8,535,7,1009.9,1166,14,1010.0,6309,61
317,2025-11-26 13:12:28+05:30,1009.6,10,1000.51,6847722,393642.0,440169.0,986.2,1012.2,981.3,986.2,120442500,1084.8,887.6,1102.5,649.1,1009.3,260,2,1009.2,2889,13,1009.1,1993,14,1009.0,1339,11,1008.9,879,10,1009.6,62,3,1009.7,128,5,1009.8,535,7,1009.9,1166,14,1010.0,6309,61
317,2025-11-26 13:12:29+05:30,1009.6,10,1000.51,6847970,393925.0,439480.0,986.2,1012.2,981.3,986.2,120442500,1084.8,887.6,1102.5,649.1,1009.3,750,1,1009.2,2880,10,1009.1,1839,11,1009.0,1362,14,1008.9,879,10,1009.6,47,1,1009.7,264,8,1009.8,930,8,1009.9,680,14,1010.0,6316,61
317,2025-11-26 13:12:29+05:30,1009.6,1,1000.51,6847970,393925.0,439480.0,986.2,1012.2,981.3,986.2,120442500,1084.8,887.6,1102.5,649.1,1009.3,750,1,1009.2,2880,10,1009.1,1839,11,1009.0,1362,14,1008.9,879,10,1009.6,47,1,1009.7,264,8,1009.8,930,8,1009.9,680,14,1010.0,6316,61
317,2025-11-26 13:12:30+05:30,1009.6,1,1000.51,6847972,393913.0,439453.0,986.2,1012.2,981.3,986.2,120442500,1084.8,887.6,1102.5,649.1,1009.3,750,1,1009.2,2994,11,1009.1,1908,13,1009.0,1362,14,1008.9,879,10,1009.6,45,1,1009.7,264,8,1009.8,930,8,1009.9,680,14,1010.0,6316,61
317,2025-11-26 13:12:30+05:30,1009.6,28,1000.51,6847972,393913.0,439453.0,986.2,1012.2,981.3,986.2,120442500,1084.8,887.6,1102.5,649.1,1009.3,750,1,1009.2,2994,11,1009.1,1908,13,1009.0,1362,14,1008.9,879,10,1009.6,45,1,1009.7,264,8,1009.8,930,8,1009.9,680,14,1010.0,6316,61
317,2025-11-26 13:12:31+05:30,1009.3,8,1000.51,6848035,394007.0,439010.0,986.2,1012.2,981.3,986.2,120442500,1084.8,887.6,1102.5,649.1,1009.3,962,4,1009.2,3042,12,1009.1,1908,13,1009.0,1320,13,1008.9,879,10,1009.6,56,1,1009.7,128,5,1009.8,672,5,1009.9,637,13,1010.0,6011,60
317,2025-11-26 13:12:31+05:30,1009.3,8,1000.51,6848035,394007.0,439010.0,986.2,1012.2,981.3,986.2,120442500,1084.8,887.6,1102.5,649.1,1009.3,962,4,1009.2,3042,12,1009.1,1908,13,1009.0,1320,13,1008.9,879,10,1009.6,56,1,1009.7,128,5,1009.8,672,5,1009.9,637,13,1010.0,6011,60
317,2025-11-26 13:12:32+05:30,1009.3,8,1000.51,6848035,395208.0,440214.0,986.2,1012.2,981.3,986.2,120442500,1084.8,887.6,1102.5,649.1,1009.3,810,4,1009.2,2816,8,1009.1,2691,15,1009.0,1361,14,1008.9,879,10,1009.4,78,2,1009.5,37,1,1009.7,329,6,1009.8,859,7,1009.9,599,12
317,2025-11-26 13:12:32+05:30,1009.4,1,1000.51,6848035,395208.0,440214.0,986.2,1012.2,981.3,986.2,120442500,1084.8,887.6,1102.5,649.1,1009.3,810,4,1009.2,2816,8,1009.1,2691,15,1009.0,1361,14,1008.9,879,10,1009.4,78,2,1009.5,37,1,1009.7,329,6,1009.8,859,7,1009.9,599,12
317,2025-11-26 13:12:33+05:30,1009.4,20,1000.51,6848069,395208.0,440395.0,986.2,1012.2,981.3,986.2,120442500,1084.8,887.6,1102.5,649.1,1009.3,809,4,1009.2,2668,6,1009.1,2670,15,1009.0,1361,14,1008.9,879,10,1009.4,272,3,1009.5,37,1,1009.7,443,7,1009.8,872,8,1009.9,625,14
317,2025-11-26 13:12:33+05:30,1009.4,20,1000.51,6848069,395208.0,440395.0,986.2,1012.2,981.3,986.2,120442500,1084.8,887.6,1102.5,649.1,1009.3,809,4,1009.2,2668,6,1009.1,2670,15,1009.0,1361,14,1008.9,879,10,1009.4,272,3,1009.5,37,1,1009.7,443,7,1009.8,872,8,1009.9,625,14
317,2025-11-26 13:12:34+05:30,1009.4,20,1000.51,6848069,395236.0,440423.0,986.2,1012.2,981.3,986.2,120442500,1084.8,887.6,1102.5,649.1,1009.3,809,4,1009.2,2668,6,1009.1,2670,15,1009.0,1389,15,1008.9,879,10,1009.4,272,3,1009.5,37,1,1009.7,443,7,1009.8,872,8,1009.9,625,14
317,2025-11-26 13:12:34+05:30,1009.4,67,1000.51,6848069,395236.0,440423.0,986.2,1012.2,981.3,986.2,120442500,1084.8,887.6,1102.5,649.1,1009.3,809,4,1009.2,2668,6,1009.1,2670,15,1009.0,1389,15,1008.9,879,10,1009.4,272,3,1009.5,37,1,1009.7,443,7,1009.8,872,8,1009.9,625,14
317,2025-11-26 13:12:34+05:30,1009.4,67,1000.51,6848181,395236.0,440379.0,986.2,1012.2,981.3,986.2,120442500,1084.8,887.6,1102.5,649.1,1009.3,809,4,1009.2,2668,6,1009.1,2670,15,1009.0,1389,15,1008.9,879,10,1009.4,228,4,1009.5,37,1,1009.7,443,7,1009.8,872,8,1009.9,625,14
317,2025-11-26 13:12:35+05:30,1009.4,3,1000.51,6848181,395236.0,440379.0,986.2,1012.2,981.3,986.2,120442500,1084.8,887.6,1102.5,649.1,1009.3,809,4,1009.2,2668,6,1009.1,2670,15,1009.0,1389,15,1008.9,879,10,1009.4,228,4,1009.5,37,1,1009.7,443,7,1009.8,872,8,1009.9,625,14
317,2025-11-26 13:12:36+05:30,1009.4,1,1000.51,6848186,395240.0,440346.0,986.2,1012.2,981.3,986.2,120442500,1084.8,887.6,1102.5,649.1,1009.3,809,4,1009.2,2668,6,1009.1,2670,15,1009.0,1389,15,1008.9,879,10,1009.4,223,4,1009.5,37,1,1009.7,443,7,1009.8,872,8,1009.9,625,14
317,2025-11-26 13:12:36+05:30,1009.4,1,1000.51,6848186,395240.0,440346.0,986.2,1012.2,981.3,986.2,120442500,1084.8,887.6,1102.5,649.1,1009.3,809,4,1009.2,2668,6,1009.1,2670,15,1009.0,1389,15,1008.9,879,10,1009.4,223,4,1009.5,37,1,1009.7,443,7,1009.8,872,8,1009.9,625,14
317,2025-11-26 13:12:37+05:30,1009.3,112,1000.51,6848299,395129.0,440392.0,986.2,1012.2,981.3,986.2,120442500,1084.8,887.6,1102.5,649.1,1009.3,697,4,1009.2,2668,6,1009.1,2670,15,1009.0,1389,15,1008.9,879,10,1009.4,209,3,1009.5,37,1,1009.7,443,7,1009.8,872,8,1009.9,625,14
317,2025-11-26 13:12:37+05:30,1009.3,112,1000.51,6848299,395129.0,440392.0,986.2,1012.2,981.3,986.2,120442500,1084.8,887.6,1102.5,649.1,1009.3,697,4,1009.2,2668,6,1009.1,2670,15,1009.0,1389,15,1008.9,879,10,1009.4,209,3,1009.5,37,1,1009.7,443,7,1009.8,872,8,1009.9,625,14
317,2025-11-26 13:12:38+05:30,1009.3,112,1000.51,6848299,395250.0,440477.0,986.2,1012.2,981.3,986.2,120442500,1084.8,887.6,1102.5,649.1,1009.3,697,4,1009.2,2668,6,1009.1,2670,15,1009.0,1410,16,1008.9,879,10,1009.4,209,3,1009.5,91,2,1009.7,443,7,1009.8,872,8,1009.9,651,15
317,2025-11-26 13:12:39+05:30,1009.3,112,1000.51,6848299,395247.0,440451.0,986.2,1012.2,981.3,986.2,120442500,1084.8,887.6,1102.5,649.1,1009.3,697,4,1009.2,2668,6,1009.1,2670,15,1009.0,1410,16,1008.9,879,10,1009.4,209,3,1009.5,91,2,1009.7,443,7,1009.8,872,8,1009.9,625,14
317,2025-11-26 13:12:40+05:30,1009.3,112,1000.51,6848299,395250.0,440475.0,986.2,1012.2,981.3,986.2,120442500,1084.8,887.6,1102.5,649.1,1009.3,697,4,1009.2,2668,6,1009.1,2670,15,1009.0,1410,16,1008.9,879,10,1009.4,209,3,1009.5,91,2,1009.7,443,7,1009.8,876,9,1009.9,621,13
317,2025-11-26 13:12:40+05:30,1009.4,1,1000.51,6848299,395250.0,440475.0,986.2,1012.2,981.3,986.2,120442500,1084.8,887.6,1102.5,649.1,1009.3,697,4,1009.2,2668,6,1009.1,2670,15,1009.0,1410,16,1008.9,879,10,1009.4,209,3,1009.5,91,2,1009.7,443,7,1009.8,876,9,1009.9,621,13
317,2025-11-26 13:12:40+05:30,1009.4,2,1000.51,6848302,395204.0,440472.0,986.2,1012.2,981.3,986.2,120442500,1084.8,887.6,1102.5,649.1,1009.3,697,4,1009.2,2668,6,1009.1,2724,16,1009.0,1410,16,1008.9,879,10,1009.4,206,3,1009.5,91,2,1009.7,443,7,1009.8,876,9,1009.9,621,13
317,2025-11-26 13:12:41+05:30,1009.4,1,1000.51,6848302,395204.0,440472.0,986.2,1012.2,981.3,986.2,120442500,1084.8,887.6,1102.5,649.1,1009.3,697,4,1009.2,2668,6,1009.1,2724,16,1009.0,1410,16,1008.9,879,10,1009.4,206,3,1009.5,91,2,1009.7,443,7,1009.8,876,9,1009.9,621,13
317,2025-11-26 13:12:41+05:30,1009.4,5,1000.51,6848362,395150.0,440441.0,986.2,1012.2,981.3,986.2,120442500,1084.8,887.6,1102.5,649.1,1009.3,643,4,1009.2,2668,6,1009.1,2724,16,1009.0,1410,16,1008.9,879,10,1009.4,200,3,1009.5,91,2,1009.7,442,6,1009.8,876,9,1009.9,621,13
317,2025-11-26 13:12:42+05:30,1009.4,5,1000.51,6848362,395150.0,440441.0,986.2,1012.2,981.3,986.2,120442500,1084.8,887.6,1102.5,649.1,1009.3,643,4,1009.2,2668,6,1009.1,2724,16,1009.0,1410,16,1008.9,879,10,1009.4,200,3,1009.5,91,2,1009.7,442,6,1009.8,876,9,1009.9,621,13
317,2025-11-26 13:12:42+05:30,1009.4,5,1000.51,6848371,395128.0,440431.0,986.2,1012.2,981.3,986.2,120442500,1084.8,887.6,1102.5,649.1,1009.3,643,4,1009.2,2668,6,1009.1,2724,16,1009.0,1389,15,1008.9,879,10,1009.4,191,3,1009.5,91,2,1009.6,5,1,1009.7,442,6,1009.8,876,9
317,2025-11-26 13:12:43+05:30,1009.3,79,1000.51,6848371,395128.0,440431.0,986.2,1012.2,981.3,986.2,120442500,1084.8,887.6,1102.5,649.1,1009.3,643,4,1009.2,2668,6,1009.1,2724,16,1009.0,1389,15,1008.9,879,10,1009.4,191,3,1009.5,91,2,1009.6,5,1,1009.7,442,6,1009.8,876,9
317,2025-11-26 13:12:43+05:30,1009.3,79,1000.51,6848474,395101.0,440406.0,986.2,1012.2,981.3,986.2,120442500,1084.8,887.6,1102.5,649.1,1009.3,564,4,1009.2,2721,7,1009.1,2764,17,1009.0,1389,15,1008.9,879,10,1009.4,167,3,1009.5,91,2,1009.6,5,1,1009.7,442,6,1009.8,876,9
317,2025-11-26 13:12:44+05:30,1009.5,3,1000.51,6848474,395101.0,440406.0,986.2,1012.2,981.3,986.2,120442500,1084.8,887.6,1102.5,649.1,1009.3,564,4,1009.2,2721,7,1009.1,2764,17,1009.0,1389,15,1008.9,879,10,1009.4,167,3,1009.5,91,2,1009.6,5,1,1009.7,442,6,1009.8,876,9
317,2025-11-26 13:12:44+05:30,1009.5,3,1000.51,6848775,395295.0,439724.0,986.2,1012.2,981.3,986.2,120442500,1084.8,887.6,1102.5,649.1,1009.4,452,1,1009.3,564,4,1009.2,2941,9,1009.1,2042,17,1009.0,1426,15,1009.5,88,2,1009.6,5,1,1009.7,85,3,1009.8,656,5,1009.9,622,14
317,2025-11-26 13:12:45+05:30,1009.5,28,1000.51,6848775,395295.0,439724.0,986.2,1012.2,981.3,986.2,120442500,1084.8,887.6,1102.5,649.1,1009.4,452,1,1009.3,564,4,1009.2,2941,9,1009.1,2042,17,1009.0,1426,15,1009.5,88,2,1009.6,5,1,1009.7,85,3,1009.8,656,5,1009.9,622,14
317,2025-11-26 13:12:45+05:30,1009.5,1,1000.51,6848892,395441.0,439252.0,986.2,1012.2,981.3,986.2,120442500,1084.8,887.6,1102.5,649.1,1009.4,478,2,1009.3,613,5,1009.2,2941,9,1009.1,1974,15,1009.0,1426,15,1009.5,62,2,1009.6,5,1,1009.7,85,3,1009.8,131,3,1009.9,1099,12
317,2025-11-26 13:12:46+05:30,1009.5,1,1000.51,6848892,395441.0,439252.0,986.2,1012.2,981.3,986.2,120442500,1084.8,887.6,1102.5,649.1,1009.4,478,2,1009.3,613,5,1009.2,2941,9,1009.1,1974,15,1009.0,1426,15,1009.5,62,2,1009.6,5,1,1009.7,85,3,1009.8,131,3,1009.9,1099,12
317,2025-11-26 13:12:46+05:30,1009.5,1,1000.51,6848892,395388.0,439493.0,986.2,1012.2,981.3,986.2,120442500,1084.8,887.6,1102.5,649.1,1009.4,478,2,1009.3,551,3,1009.2,2950,10,1009.1,1946,14,1009.0,1426,15,1009.5,332,3,1009.6,6,2,1009.7,85,3,1009.8,644,4,1009.9,526,11
317,2025-11-26 13:12:48+05:30,1009.5,1,1000.51,6848892,395188.0,440094.0,986.2,1012.2,981.3,986.2,120442500,1084.8,887.6,1102.5,649.1,1009.4,478,2,1009.3,551,3,1009.2,2950,10,1009.1,1946,14,1009.0,1426,15,1009.5,336,4,1009.6,6,2,1009.7,85,3,1009.8,739,6,1009.9,526,11
317,2025-11-26 13:12:49+05:30,1009.5,1,1000.51,6848892,395186.0,440094.0,986.2,1012.2,981.3,986.2,120442500,1084.8,887.6,1102.5,649.1,1009.4,478,2,1009.3,551,3,1009.2,2950,10,1009.1,1946,14,1009.0,1426,15,1009.5,336,4,1009.6,6,2,1009.7,85,3,1009.8,739,6,1009.9,526,11
317,2025-11-26 13:12:50+05:30,1009.5,1,1000.51,6848892,395186.0,440094.0,986.2,1012.2,981.3,986.2,120442500,1084.8,887.6,1102.5,649.1,1009.4,478,2,1009.3,551,3,1009.2,2950,10,1009.1,1946,14,1009.0,1426,15,1009.5,336,4,1009.6,6,2,1009.7,85,3,1009.8,739,6,1009.9,526,11
317,2025-11-26 13:12:50+05:30,1009.5,1,1000.51,6848895,395187.0,440091.0,986.2,1012.2,981.3,986.2,120442500,1084.8,887.6,1102.5,649.1,1009.4,478,2,1009.3,551,3,1009.2,2950,10,1009.1,1946,14,1009.0,1426,15,1009.5,333,4,1009.6,6,2,1009.7,85,3,1009.8,739,6,1009.9,526,11
317,2025-11-26 13:12:51+05:30,1009.4,1,1000.51,6848895,395187.0,440091.0,986.2,1012.2,981.3,986.2,120442500,1084.8,887.6,1102.5,649.1,1009.4,478,2,1009.3,551,3,1009.2,2950,10,1009.1,1946,14,1009.0,1426,15,1009.5,333,4,1009.6,6,2,1009.7,85,3,1009.8,739,6,1009.9,526,11
317,2025-11-26 13:12:51+05:30,1009.4,119,1000.51,6849015,395067.0,440090.0,986.2,1012.2,981.3,986.2,120442500,1084.8,887.6,1102.5,649.1,1009.4,358,2,1009.3,551,3,1009.2,2950,10,1009.1,1946,14,1009.0,1426,15,1009.5,333,4,1009.6,5,1,1009.7,85,3,1009.8,739,6,1009.9,526,11
317,2025-11-26 13:12:52+05:30,1009.4,119,1000.51,6849015,395067.0,440090.0,986.2,1012.2,981.3,986.2,120442500,1084.8,887.6,1102.5,649.1,1009.4,358,2,1009.3,551,3,1009.2,2950,10,1009.1,1946,14,1009.0,1426,15,1009.5,333,4,1009.6,5,1,1009.7,85,3,1009.8,739,6,1009.9,526,11
317,2025-11-26 13:12:53+05:30,1009.5,23,1000.51,6849047,395245.0,440150.0,986.2,1012.2,981.3,986.2,120442500,1084.8,887.6,1102.5,649.1,1009.4,358,2,1009.3,551,3,1009.2,2805,8,1009.1,2065,15,1009.0,1515,16,1009.5,356,5,1009.6,5,1,1009.7,199,4,1009.8,739,6,1009.9,526,11
317,2025-11-26 13:12:53+05:30,1009.4,146,1000.51,6849047,395245.0,440150.0,986.2,1012.2,981.3,986.2,120442500,1084.8,887.6,1102.5,649.1,1009.4,358,2,1009.3,551,3,1009.2,2805,8,1009.1,2065,15,1009.0,1515,16,1009.5,356,5,1009.6,5,1,1009.7,199,4,1009.8,739,6,1009.9,526,11
317,2025-11-26 13:12:54+05:30,1009.4,146,1000.51,6849371,394950.0,440754.0,986.2,1012.2,981.3,986.2,120442500,1084.8,887.6,1102.5,649.1,1009.4,34,2,1009.3,546,2,1009.2,2802,8,1009.1,1183,9,1009.0,2192,16,1009.5,362,6,1009.6,168,4,1009.7,414,7,1009.8,819,8,1009.9,603,13
317,2025-11-26 13:12:54+05:30,1009.5,1,1000.51,6849371,394950.0,440754.0,986.2,1012.2,981.3,986.2,120442500,1084.8,887.6,1102.5,649.1,1009.4,34,2,1009.3,546,2,1009.2,2802,8,1009.1,1183,9,1009.0,2192,16,1009.5,362,6,1009.6,168,4,1009.7,414,7,1009.8,819,8,1009.9,603,13
317,2025-11-26 13:12:55+05:30,1009.5,1,1000.51,6849805,394950.0,440510.0,986.2,1012.2,981.3,986.2,120442500,1084.8,887.6,1102.5,649.1,1009.4,34,2,1009.3,546,2,1009.2,2916,9,1009.1,1267,11,1009.0,2192,16,1009.5,101,4,1009.6,40,2,1009.7,232,4,1009.8,966,9,1009.9,631,14
317,2025-11-26 13:12:55+05:30,1009.3,5,1000.51,6849805,394950.0,440510.0,986.2,1012.2,981.3,986.2,120442500,1084.8,887.6,1102.5,649.1,1009.4,34,2,1009.3,546,2,1009.2,2916,9,1009.1,1267,11,1009.0,2192,16,1009.5,101,4,1009.6,40,2,1009.7,232,4,1009.8,966,9,1009.9,631,14
317,2025-11-26 13:12:56+05:30,1009.5,2,1000.51,6849893,394808.0,440457.0,986.2,1012.2,981.3,986.2,120442500,1084.8,887.6,1102.5,649.1,1009.3,535,2,1009.2,2810,8,1009.1,1200,10,1009.0,2192,16,1008.9,855,11,1009.5,27,2,1009.6,40,2,1009.7,371,7,1009.8,977,10,1009.9,631,14
317,2025-11-26 13:12:56+05:30,1009.5,1,1000.51,6849893,394808.0,440457.0,986.2,1012.2,981.3,986.2,120442500,1084.8,887.6,1102.5,649.1,1009.3,535,2,1009.2,2810,8,1009.1,1200,10,1009.0,2192,16,1008.9,855,11,1009.5,27,2,1009.6,40,2,1009.7,371,7,1009.8,977,10,1009.9,631,14
317,2025-11-26 13:12:56+05:30,1009.5,1,1000.51,6849899,394806.0,440485.0,986.2,1012.2,981.3,986.2,120442500,1084.8,887.6,1102.5,649.1,1009.3,1284,3,1009.2,2060,7,1009.1,1990,12,1009.0,1442,15,1008.9,855,11,1009.5,28,2,1009.6,40,2,1009.7,316,6,1009.8,977,10,1009.9,631,14
317,2025-11-26 13:12:57+05:30,1009.3,71,1000.51,6849970,395554.0,440391.0,986.2,1012.2,981.3,986.2,120442500,1084.8,887.6,1102.5,649.1,1009.3,1213,3,1009.2,2060,7,1009.1,2764,13,1009.0,1486,17,1008.9,855,11,1009.4,20,1,1009.5,28,2,1009.6,40,2,1009.7,316,6,1009.8,1085,11
317,2025-11-26 13:12:58+05:30,1009.4,6,1000.51,6849970,395554.0,440391.0,986.2,1012.2,981.3,986.2,120442500,1084.8,887.6,1102.5,649.1,1009.3,1213,3,1009.2,2060,7,1009.1,2764,13,1009.0,1486,17,1008.9,855,11,1009.4,20,1,1009.5,28,2,1009.6,40,2,1009.7,316,6,1009.8,1085,11
317,2025-11-26 13:12:58+05:30,1009.4,6,1000.51,6849976,395553.0,440093.0,986.2,1012.2,981.3,986.2,120442500,1084.8,887.6,1102.5,649.1,1009.3,1213,3,1009.2,2060,7,1009.1,2764,13,1009.0,1486,17,1008.9,855,11,1009.4,14,1,1009.5,28,2,1009.6,40,2,1009.7,430,7,1009.8,1085,11
317,2025-11-26 13:12:59+05:30,1009.4,1,1000.51,6849976,395553.0,440093.0,986.2,1012.2,981.3,986.2,120442500,1084.8,887.6,1102.5,649.1,1009.3,1213,3,1009.2,2060,7,1009.1,2764,13,1009.0,1486,17,1008.9,855,11,1009.4,14,1,1009.5,28,2,1009.6,40,2,1009.7,430,7,1009.8,1085,11
317,2025-11-26 13:12:59+05:30,1009.4,1,1000.51,6849977,395554.0,440043.0,986.2,1012.2,981.3,986.2,120442500,1084.8,887.6,1102.5,649.1,1009.3,1213,3,1009.2,2060,7,1009.1,2764,13,1009.0,1486,17,1008.9,855,11,1009.4,13,1,1009.5,53,2,1009.6,40,2,1009.7,387,6,1009.8,1085,11
317,2025-11-26 13:13:00+05:30,1009.4,2,1000.51,6849977,395554.0,440043.0,986.2,1012.2,981.3,986.2,120442500,1084.8,887.6,1102.5,649.1,1009.3,1213,3,1009.2,2060,7,1009.1,2764,13,1009.0,1486,17,1008.9,855,11,1009.4,13,1,1009.5,53,2,1009.6,40,2,1009.7,387,6,1009.8,1085,11
317,2025-11-26 13:13:00+05:30,1009.4,1,1000.51,6849980,395569.0,441813.0,986.2,1012.2,981.3,986.2,120442500,1084.8,887.6,1102.5,649.1,1009.3,1213,3,1009.2,1918,5,1009.1,2682,11,1009.0,1502,17,1008.9,855,11,1009.4,189,3,1009.5,53,2,1009.6,45,3,1009.7,429,7,1009.8,2574,11
317,2025-11-26 13:13:01+05:30,1009.3,40,1000.51,6849980,395569.0,441813.0,986.2,1012.2,981.3,986.2,120442500,1084.8,887.6,1102.5,649.1,1009.3,1213,3,1009.2,1918,5,1009.1,2682,11,1009.0,1502,17,1008.9,855,11,1009.4,189,3,1009.5,53,2,1009.6,45,3,1009.7,429,7,1009.8,2574,11
317,2025-11-26 13:13:01+05:30,1009.3,13,1000.51,6850456,389642.0,443218.0,986.2,1012.2,981.3,986.2,120442500,1084.8,887.6,1102.5,649.1,1009.2,814,3,1009.1,39,1,1009.0,581,7,1008.9,1801,5,1008.8,1440,10,1009.4,420,8,1009.5,307,7,1009.6,475,12,1009.7,793,11,1009.8,2981,16
317,2025-11-26 13:13:02+05:30,1009.3,13,1000.51,6850456,389642.0,443218.0,986.2,1012.2,981.3,986.2,120442500,1084.8,887.6,1102.5,649.1,1009.2,814,3,1009.1,39,1,1009.0,581,7,1008.9,1801,5,1008.8,1440,10,1009.4,420,8,1009.5,307,7,1009.6,475,12,1009.7,793,11,1009.8,2981,16
317,2025-11-26 13:13:02+05:30,1009.4,4,1000.51,6850572,389250.0,442625.0,986.2,1012.2,981.3,986.2,120442500,1084.8,887.6,1102.5,649.1,1009.0,1234,7,1008.9,1801,5,1008.8,1970,12,1008.7,1033,14,1008.6,1990,13,1009.4,341,5,1009.5,325,6,1009.6,719,12,1009.7,814,12,1009.8,2320,12
317,2025-11-26 13:13:03+05:30,1009.4,4,1000.51,6850572,389250.0,442625.0,986.2,1012.2,981.3,986.2,120442500,1084.8,887.6,1102.5,649.1,1009.0,1234,7,1008.9,1801,5,1008.8,1970,12,1008.7,1033,14,1008.6,1990,13,1009.4,341,5,1009.5,325,6,1009.6,719,12,1009.7,814,12,1009.8,2320,12
317,2025-11-26 13:13:03+05:30,1009.4,4,1000.51,6850572,389322.0,442706.0,986.2,1012.2,981.3,986.2,120442500,1084.8,887.6,1102.5,649.1,1009.0,1234,7,1008.9,1801,5,1008.8,1970,12,1008.7,1033,14,1008.6,1990,13,1009.4,341,5,1009.5,319,7,1009.6,719,12,1009.7,872,13,1009.8,2320,12
317,2025-11-26 13:13:04+05:30,1009.4,1,1000.51,6850573,389487.0,442352.0,986.2,1012.2,981.3,986.2,120442500,1084.8,887.6,1102.5,649.1,1009.0,1234,7,1008.9,2003,8,1008.8,2023,13,1008.7,1033,14,1008.6,1990,13,1009.4,252,4,1009.5,241,5,1009.6,758,13,1009.7,670,12,1009.8,2320,12
317,2025-11-26 13:13:05+05:30,1009.4,2,1000.51,6850573,389487.0,442352.0,986.2,1012.2,981.3,986.2,120442500,1084.8,887.6,1102.5,649.1,1009.0,1234,7,1008.9,2003,8,1008.8,2023,13,1008.7,1033,14,1008.6,1990,13,1009.4,252,4,1009.5,241,5,1009.6,758,13,1009.7,670,12,1009.8,2320,12
317,2025-11-26 13:13:05+05:30,1009.4,2,1000.51,6850575,389923.0,442302.0,986.2,1012.2,981.3,986.2,120442500,1084.8,887.6,1102.5,649.1,1009.0,1312,9,1008.9,1999,7,1008.8,2087,13,1008.7,973,12,1008.6,1988,12,1009.4,144,3,1009.5,241,5,1009.6,639,10,1009.7,683,11,1009.8,2469,14
317,2025-11-26 13:13:06+05:30,1009.4,1,1000.51,6850575,389923.0,442302.0,986.2,1012.2,981.3,986.2,120442500,1084.8,887.6,1102.5,649.1,1009.0,1312,9,1008.9,1999,7,1008.8,2087,13,1008.7,973,12,1008.6,1988,12,1009.4,144,3,1009.5,241,5,1009.6,639,10,1009.7,683,11,1009.8,2469,14
317,2025-11-26 13:13:06+05:30,1009.4,1,1000.51,6850576,390992.0,442811.0,986.2,1012.2,981.3,986.2,120442500,1084.8,887.6,1102.5,649.1,1009.0,1549,11,1008.9,2052,8,1008.8,2115,15,1008.7,973,12,1008.6,1988,12,1009.3,50,1,1009.4,143,3,1009.5,241,5,1009.6,1149,11,1009.7,644,10
317,2025-11-26 13:13:07+05:30,1009.4,50,1000.51,6850576,390992.0,442811.0,986.2,1012.2,981.3,986.2,120442500,1084.8,887.6,1102.5,649.1,1009.0,1549,11,1008.9,2052,8,1008.8,2115,15,1008.7,973,12,1008.6,1988,12,1009.3,50,1,1009.4,143,3,1009.5,241,5,1009.6,1149,11,1009.7,644,10
317,2025-11-26 13:13:07+05:30,1009.4,50,1000.51,6850676,390738.0,442302.0,986.2,1012.2,981.3,986.2,120442500,1084.8,887.6,1102.5,649.1,1009.0,1392,11,1008.9,2870,11,1008.8,1989,14,1008.7,973,12,1008.6,1988,12,1009.4,93,3,1009.5,288,6,1009.6,1041,10,1009.7,586,9,1009.8,2508,15
317,2025-11-26 13:13:08+05:30,1009.4,1,1000.51,6850676,390738.0,442302.0,986.2,1012.2,981.3,986.2,120442500,1084.8,887.6,1102.5,649.1,1009.0,1392,11,1008.9,2870,11,1008.8,1989,14,1008.7,973,12,1008.6,1988,12,1009.4,93,3,1009.5,288,6,1009.6,1041,10,1009.7,586,9,1009.8,2508,15
317,2025-11-26 13:13:08+05:30,1009.4,1,1000.51,6850677,389985.0,442325.0,986.2,1012.2,981.3,986.2,120442500,1084.8,887.6,1102.5,649.1,1009.0,1287,8,1008.9,2158,11,1008.8,1989,14,1008.7,973,12,1008.6,1988,12,1009.4,92,3,1009.5,288,6,1009.6,1041,10,1009.7,586,9,1009.8,2508,15
317,2025-11-26 13:13:09+05:30,1009.4,1,1000.51,6850677,389936.0,442329.0,986.2,1012.2,981.3,986.2,120442500,1084.8,887.6,1102.5,649.1,1009.0,1234,7,1008.9,2158,11,1008.8,1989,14,1008.7,973,12,1008.6,1988,12,1009.4,92,3,1009.5,288,6,1009.6,1041,10,1009.7,586,9,1009.8,2508,15
317,2025-11-26 13:13:10+05:30,1009.4,1,1000.51,6850677,389936.0,442329.0,986.2,1012.2,981.3,986.2,120442500,1084.8,887.6,1102.5,649.1,1009.0,1234,7,1008.9,2158,11,1008.8,1989,14,1008.7,973,12,1008.6,1988,12,1009.4,92,3,1009.5,288,6,1009.6,1041,10,1009.7,586,9,1009.8,2508,15
317,2025-11-26 13:13:10+05:30,1009.4,1,1000.51,6850678,390657.0,442799.0,986.2,1012.2,981.3,986.2,120442500,1084.8,887.6,1102.5,649.1,1009.0,1234,7,1008.9,2158,11,1008.8,1989,14,1008.7,973,12,1008.6,1988,12,1009.3,9,1,1009.4,91,3,1009.5,866,7,1009.6,641,10,1009.7,586,9
317,2025-11-26 13:13:11+05:30,1009.3,2,1000.51,6850678,390657.0,442799.0,986.2,1012.2,981.3,986.2,120442500,1084.8,887.6,1102.5,649.1,1009.0,1234,7,1008.9,2158,11,1008.8,1989,14,1008.7,973,12,1008.6,1988,12,1009.3,9,1,1009.4,91,3,1009.5,866,7,1009.6,641,10,1009.7,586,9
317,2025-11-26 13:13:11+05:30,1009.3,2,1000.51,6850680,392635.0,443195.0,986.2,1012.2,981.3,986.2,120442500,1084.8,887.6,1102.5,649.1,1009.0,1418,8,1008.9,2843,12,1008.8,2739,15,1008.7,973,12,1008.6,1988,12,1009.1,13,1,1009.3,7,1,1009.4,295,5,1009.5,918,8,1009.6,641,10
317,2025-11-26 13:13:12+05:30,1009.3,2,1000.51,6850680,392604.0,443106.0,986.2,1012.2,981.3,986.2,120442500,1084.8,887.6,1102.5,649.1,1009.0,1418,8,1008.9,2790,11,1008.8,2739,15,1008.7,932,12,1008.6,1988,12,1009.1,13,1,1009.3,7,1,1009.4,295,5,1009.5,918,8,1009.6,651,11
317,2025-11-26 13:13:13+05:30,1009.1,1,1000.51,6850680,392604.0,443106.0,986.2,1012.2,981.3,986.2,120442500,1084.8,887.6,1102.5,649.1,1009.0,1418,8,1008.9,2790,11,1008.8,2739,15,1008.7,932,12,1008.6,1988,12,1009.1,13,1,1009.3,7,1,1009.4,295,5,1009.5,918,8,1009.6,651,11
317,2025-11-26 13:13:13+05:30,1009.1,1,1000.51,6850841,392565.0,442393.0,986.2,1012.2,981.3,986.2,120442500,1084.8,887.6,1102.5,649.1,1009.0,1422,9,1008.9,2577,7,1008.8,2811,16,1008.7,1056,12,1008.6,1988,12,1009.1,4,1,1009.3,15,2,1009.4,258,3,1009.5,380,8,1009.6,984,8
317,2025-11-26 13:13:14+05:30,1009.1,2,1000.51,6850841,392565.0,442393.0,986.2,1012.2,981.3,986.2,120442500,1084.8,887.6,1102.5,649.1,1009.0,1422,9,1008.9,2577,7,1008.8,2811,16,1008.7,1056,12,1008.6,1988,12,1009.1,4,1,1009.3,15,2,1009.4,258,3,1009.5,380,8,1009.6,984,8
317,2025-11-26 13:13:14+05:30,1009.1,2,1000.51,6850843,392713.0,442501.0,986.2,1012.2,981.3,986.2,120442500,1084.8,887.6,1102.5,649.1,1009.0,1435,10,1008.9,2655,9,1008.8,2772,15,1008.7,1080,13,1008.6,1988,12,1009.1,2,1,1009.3,15,2,1009.4,258,3,1009.5,380,8,1009.6,984,8
317,2025-11-26 13:13:15+05:30,1009.3,2,1000.51,6850889,391177.0,442281.0,986.2,1012.2,981.3,986.2,120442500,1084.8,887.6,1102.5,649.1,1009.1,68,1,1009.0,1251,9,1008.9,2800,9,1008.8,2061,15,1008.7,1095,13,1009.3,13,2,1009.4,109,3,1009.5,419,9,1009.6,985,8,1009.7,589,10
317,2025-11-26 13:13:15+05:30,1009.3,2,1000.51,6850889,391177.0,442281.0,986.2,1012.2,981.3,986.2,120442500,1084.8,887.6,1102.5,649.1,1009.1,68,1,1009.0,1251,9,1008.9,2800,9,1008.8,2061,15,1008.7,1095,13,1009.3,13,2,1009.4,109,3,1009.5,419,9,1009.6,985,8,1009.7,589,10
317,2025-11-26 13:13:16+05:30,1009.3,1,1000.51,6850890,391123.0,442310.0,986.2,1012.2,981.3,986.2,120442500,1084.8,887.6,1102.5,649.1,1009.1,68,1,1009.0,1251,9,1008.9,2786,9,1008.8,2061,15,1008.7,1056,12,1009.3,12,2,1009.4,160,4,1009.5,330,8,1009.6,1024,9,1009.7,589,10
317,2025-11-26 13:13:16+05:30,1009.3,1,1000.51,6850890,391123.0,442310.0,986.2,1012.2,981.3,986.2,120442500,1084.8,887.6,1102.5,649.1,1009.1,68,1,1009.0,1251,9,1008.9,2786,9,1008.8,2061,15,1008.7,1056,12,1009.3,12,2,1009.4,160,4,1009.5,330,8,1009.6,1024,9,1009.7,589,10
317,2025-11-26 13:13:17+05:30,1009.3,1,1000.51,6850911,391135.0,442078.0,986.2,1012.2,981.3,986.2,120442500,1084.8,887.6,1102.5,649.1,1009.1,81,2,1009.0,1277,9,1008.9,2808,10,1008.8,2022,14,1008.7,1056,12,1009.3,8,1,1009.4,160,4,1009.5,330,8,1009.6,985,8,1009.7,628,11
317,2025-11-26 13:13:17+05:30,1009.3,1,1000.51,6850911,391135.0,442078.0,986.2,1012.2,981.3,986.2,120442500,1084.8,887.6,1102.5,649.1,1009.1,81,2,1009.0,1277,9,1008.9,2808,10,1008.8,2022,14,1008.7,1056,12,1009.3,8,1,1009.4,160,4,1009.5,330,8,1009.6,985,8,1009.7,628,11
317,2025-11-26 13:13:18+05:30,1009.3,1,1000.51,6850911,391430.0,442100.0,986.2,1012.2,981.3,986.2,120442500,1084.8,887.6,1102.5,649.1,1009.1,81,2,1009.0,1298,10,1008.9,2808,10,1008.8,2022,14,1008.7,1056,12,1009.3,8,1,1009.4,160,4,1009.5,330,8,1009.6,1007,9,1009.7,628,11
317,2025-11-26 13:13:19+05:30,1009.0,299,1000.51,6851401,390735.0,442678.0,986.2,1012.2,981.3,986.2,120442500,1084.8,887.6,1102.5,649.1,1009.0,1040,9,1008.9,2697,8,1008.8,1160,7,1008.7,1725,10,1008.6,1833,10,1009.3,9,1,1009.4,453,7,1009.5,477,9,1009.6,1037,10,1009.7,652,13
317,2025-11-26 13:13:19+05:30,1009.0,299,1000.51,6851401,390735.0,442678.0,986.2,1012.2,981.3,986.2,120442500,1084.8,887.6,1102.5,649.1,1009.0,1040,9,1008.9,2697,8,1008.8,1160,7,1008.7,1725,10,1008.6,1833,10,1009.3,9,1,1009.4,453,7,1009.5,477,9,1009.6,1037,10,1009.7,652,13
317,2025-11-26 13:13:20+05:30,1009.3,1,1000.51,6851401,390735.0,442678.0,986.2,1012.2,981.3,986.2,120442500,1084.8,887.6,1102.5,649.1,1009.0,1040,9,1008.9,2697,8,1008.8,1160,7,1008.7,1725,10,1008.6,1833,10,1009.3,9,1,1009.4,453,7,1009.5,477,9,1009.6,1037,10,1009.7,652,13
317,2025-11-26 13:13:22+05:30,1009.3,1,1000.51,6851405,392398.0,443110.0,986.2,1012.2,981.3,986.2,120442500,1084.8,887.6,1102.5,649.1,1009.0,929,8,1008.9,2669,8,1008.8,1972,11,1008.7,1837,15,1008.6,2011,14,1009.1,15,1,1009.3,70,5,1009.4,400,6,1009.5,437,9,1009.6,1027,10
317,2025-11-26 13:13:22+05:30,1009.3,1,1000.51,6851405,392398.0,443110.0,986.2,1012.2,981.3,986.2,120442500,1084.8,887.6,1102.5,649.1,1009.0,929,8,1008.9,2669,8,1008.8,1972,11,1008.7,1837,15,1008.6,2011,14,1009.1,15,1,1009.3,70,5,1009.4,400,6,1009.5,437,9,1009.6,1027,10
317,2025-11-26 13:13:24+05:30,1009.1,23,1000.51,6851405,392398.0,443110.0,986.2,1012.2,981.3,986.2,120442500,1084.8,887.6,1102.5,649.1,1009.0,929,8,1008.9,2669,8,1008.8,1972,11,1008.7,1837,15,1008.6,2011,14,1009.1,15,1,1009.3,70,5,1009.4,400,6,1009.5,437,9,1009.6,1027,10
317,2025-11-26 13:13:26+05:30,1009.1,2,1000.51,6851469,391403.0,443632.0,986.2,1012.2,981.3,986.2,120442500,1084.8,887.6,1102.5,649.1,1009.0,157,6,1008.9,2435,5,1008.8,1822,9,1008.7,1048,12,1008.6,2782,16,1009.1,90,2,1009.2,53,1,1009.3,313,8,1009.4,255,4,1009.5,427,9
317,2025-11-26 13:13:26+05:30,1009.0,7,1000.51,6851469,391403.0,443632.0,986.2,1012.2,981.3,986.2,120442500,1084.8,887.6,1102.5,649.1,1009.0,157,6,1008.9,2435,5,1008.8,1822,9,1008.7,1048,12,1008.6,2782,16,1009.1,90,2,1009.2,53,1,1009.3,313,8,1009.4,255,4,1009.5,427,9
317,2025-11-26 13:13:28+05:30,1009.0,64,1000.51,6851469,391403.0,443632.0,986.2,1012.2,981.3,986.2,120442500,1084.8,887.6,1102.5,649.1,1009.0,157,6,1008.9,2435,5,1008.8,1822,9,1008.7,1048,12,1008.6,2782,16,1009.1,90,2,1009.2,53,1,1009.3,313,8,1009.4,255,4,1009.5,427,9
317,2025-11-26 13:13:29+05:30,1009.0,10,1000.51,6851776,392133.0,444197.0,986.2,1012.2,981.3,986.2,120442500,1084.8,887.6,1102.5,649.1,1009.0,768,7,1008.9,3185,6,1008.8,1736,8,1008.7,884,9,1008.6,1776,9,1009.1,24,1,1009.2,167,2,1009.3,311,8,1009.4,305,5,1009.5,516,13
317,2025-11-26 13:13:30+05:30,1009.1,4,1000.51,6851776,392133.0,444197.0,986.2,1012.2,981.3,986.2,120442500,1084.8,887.6,1102.5,649.1,1009.0,768,7,1008.9,3185,6,1008.8,1736,8,1008.7,884,9,1008.6,1776,9,1009.1,24,1,1009.2,167,2,1009.3,311,8,1009.4,305,5,1009.5,516,13
317,2025-11-26 13:13:32+05:30,1009.1,1,1000.51,6851776,392133.0,444197.0,986.2,1012.2,981.3,986.2,120442500,1084.8,887.6,1102.5,649.1,1009.0,768,7,1008.9,3185,6,1008.8,1736,8,1008.7,884,9,1008.6,1776,9,1009.1,24,1,1009.2,167,2,1009.3,311,8,1009.4,305,5,1009.5,516,13
317,2025-11-26 13:13:34+05:30,1009.0,10,1000.51,6851776,392133.0,444197.0,986.2,1012.2,981.3,986.2,120442500,1084.8,887.6,1102.5,649.1,1009.0,768,7,1008.9,3185,6,1008.8,1736,8,1008.7,884,9,1008.6,1776,9,1009.1,24,1,1009.2,167,2,1009.3,311,8,1009.4,305,5,1009.5,516,13
317,2025-11-26 13:13:35+05:30,1009.1,19,1000.51,6852221,384697.0,445007.0,986.2,1012.2,981.3,986.2,120442500,1084.8,887.6,1102.5,649.1,1009.1,2,2,1009.0,51,3,1008.9,28,1,1008.8,114,1,1008.7,2431,7,1009.2,336,6,1009.3,739,13,1009.4,351,6,1009.5,865,17,1009.6,1482,19
317,2025-11-26 13:13:36+05:30,1009.2,2,1000.51,6852221,384697.0,445007.0,986.2,1012.2,981.3,986.2,120442500,1084.8,887.6,1102.5,649.1,1009.1,2,2,1009.0,51,3,1008.9,28,1,1008.8,114,1,1008.7,2431,7,1009.2,336,6,1009.3,739,13,1009.4,351,6,1009.5,865,17,1009.6,1482,19
317,2025-11-26 13:13:38+05:30,1009.2,21,1000.51,6852221,384697.0,445007.0,986.2,1012.2,981.3,986.2,120442500,1084.8,887.6,1102.5,649.1,1009.1,2,2,1009.0,51,3,1008.9,28,1,1008.8,114,1,1008.7,2431,7,1009.2,336,6,1009.3,739,13,1009.4,351,6,1009.5,865,17,1009.6,1482,19
317,2025-11-26 13:13:39+05:30,1009.2,79,1000.51,6852786,383655.0,444266.0,986.2,1012.2,981.3,986.2,120442500,1084.8,887.6,1102.5,649.1,1009.0,75,4,1008.9,132,3,1008.8,152,2,1008.7,1829,8,1008.6,2089,9,1009.2,27,1,1009.3,301,7,1009.4,933,9,1009.5,629,13,1009.6,1057,15
317,2025-11-26 13:13:40+05:30,1009.0,13,1000.51,6852786,383655.0,444266.0,986.2,1012.2,981.3,986.2,120442500,1084.8,887.6,1102.5,649.1,1009.0,75,4,1008.9,132,3,1008.8,152,2,1008.7,1829,8,1008.6,2089,9,1009.2,27,1,1009.3,301,7,1009.4,933,9,1009.5,629,13,1009.6,1057,15
317,2025-11-26 13:13:42+05:30,1009.2,2,1000.51,6852786,383655.0,444266.0,986.2,1012.2,981.3,986.2,120442500,1084.8,887.6,1102.5,649.1,1009.0,75,4,1008.9,132,3,1008.8,152,2,1008.7,1829,8,1008.6,2089,9,1009.2,27,1,1009.3,301,7,1009.4,933,9,1009.5,629,13,1009.6,1057,15
317,2025-11-26 13:13:43+05:30,1009.1,3,1000.51,6853130,383703.0,445357.0,986.2,1012.2,981.3,986.2,120442500,1084.8,887.6,1102.5,649.1,1009.0,20,1,1008.9,128,2,1008.8,118,2,1008.7,1787,6,1008.6,2105,12,1009.1,19,1,1009.2,152,5,1009.3,163,7,1009.4,435,8,1009.5,836,15
317,2025-11-26 13:13:44+05:30,1009.1,1,1000.51,6853130,383703.0,445357.0,986.2,1012.2,981.3,986.2,120442500,1084.8,887.6,1102.5,649.1,1009.0,20,1,1008.9,128,2,1008.8,118,2,1008.7,1787,6,1008.6,2105,12,1009.1,19,1,1009.2,152,5,1009.3,163,7,1009.4,435,8,1009.5,836,15
317,2025-11-26 13:13:46+05:30,1009.0,9,1000.51,6853130,383703.0,445357.0,986.2,1012.2,981.3,986.2,120442500,1084.8,887.6,1102.5,649.1,1009.0,20,1,1008.9,128,2,1008.8,118,2,1008.7,1787,6,1008.6,2105,12,1009.1,19,1,1009.2,152,5,1009.3,163,7,1009.4,435,8,1009.5,836,15
317,2025-11-26 13:13:47+05:30,1009.0,27,1000.52,6854549,383481.0,445535.0,986.2,1012.2,981.3,986.2,120442500,1084.8,887.6,1102.5,649.1,1009.0,20,2,1008.9,280,4,1008.8,863,5,1008.7,2663,9,1008.6,2872,14,1009.4,329,5,1009.5,508,10,1009.6,609,9,1009.7,1230,16,1009.8,2218,16
317,2025-11-26 13:13:48+05:30,1009.4,42,1000.52,6854549,383481.0,445535.0,986.2,1012.2,981.3,986.2,120442500,1084.8,887.6,1102.5,649.1,1009.0,20,2,1008.9,280,4,1008.8,863,5,1008.7,2663,9,1008.6,2872,14,1009.4,329,5,1009.5,508,10,1009.6,609,9,1009.7,1230,16,1009.8,2218,16
317,2025-11-26 13:13:49+05:30,1009.4,42,1000.52,6854549,383481.0,445535.0,986.2,1012.2,981.3,986.2,120442500,1084.8,887.6,1102.5,649.1,1009.0,20,2,1008.9,280,4,1008.8,863,5,1008.7,2663,9,1008.6,2872,14,1009.4,329,5,1009.5,508,10,1009.6,609,9,1009.7,1230,16,1009.8,2218,16
317,2025-11-26 13:13:50+05:30,1009.4,42,1000.52,6854549,383481.0,445535.0,986.2,1012.2,981.3,986.2,120442500,1084.8,887.6,1102.5,649.1,1009.0,20,2,1008.9,280,4,1008.8,863,5,1008.7,2663,9,1008.6,2872,14,1009.4,329,5,1009.5,508,10,1009.6,609,9,1009.7,1230,16,1009.8,2218,16
317,2025-11-26 13:13:50+05:30,1009.4,1,1000.52,6854549,383481.0,445535.0,986.2,1012.2,981.3,986.2,120442500,1084.8,887.6,1102.5,649.1,1009.0,20,2,1008.9,280,4,1008.8,863,5,1008.7,2663,9,1008.6,2872,14,1009.4,329,5,1009.5,508,10,1009.6,609,9,1009.7,1230,16,1009.8,2218,16
317,2025-11-26 13:13:50+05:30,1009.4,1,1000.52,6854549,383481.0,445535.0,986.2,1012.2,981.3,986.2,120442500,1084.8,887.6,1102.5,649.1,1009.0,20,2,1008.9,280,4,1008.8,863,5,1008.7,2663,9,1008.6,2872,14,1009.4,329,5,1009.5,508,10,1009.6,609,9,1009.7,1230,16,1009.8,2218,16
317,2025-11-26 13:13:51+05:30,1009.4,1,1000.52,6854549,383481.0,445535.0,986.2,1012.2,981.3,986.2,120442500,1084.8,887.6,1102.5,649.1,1009.0,20,2,1008.9,280,4,1008.8,863,5,1008.7,2663,9,1008.6,2872,14,1009.4,329,5,1009.5,508,10,1009.6,609,9,1009.7,1230,16,1009.8,2218,16
317,2025-11-26 13:13:51+05:30,1009.0,47,1000.52,6854836,383982.0,446724.0,986.2,1012.2,981.3,986.2,120442500,1084.8,887.6,1102.5,649.1,1009.0,12,1,1008.9,216,3,1008.8,1113,7,1008.7,1779,7,1008.6,2882,13,1009.2,38,1,1009.3,58,2,1009.4,406,6,1009.5,604,11,1009.6,882,13
317,2025-11-26 13:13:52+05:30,1009.0,47,1000.52,6854836,383982.0,446724.0,986.2,1012.2,981.3,986.2,120442500,1084.8,887.6,1102.5,649.1,1009.0,12,1,1008.9,216,3,1008.8,1113,7,1008.7,1779,7,1008.6,2882,13,1009.2,38,1,1009.3,58,2,1009.4,406,6,1009.5,604,11,1009.6,882,13
317,2025-11-26 13:13:52+05:30,1009.2,130,1000.52,6854836,383982.0,446724.0,986.2,1012.2,981.3,986.2,120442500,1084.8,887.6,1102.5,649.1,1009.0,12,1,1008.9,216,3,1008.8,1113,7,1008.7,1779,7,1008.6,2882,13,1009.2,38,1,1009.3,58,2,1009.4,406,6,1009.5,604,11,1009.6,882,13
317,2025-11-26 13:13:52+05:30,1009.2,130,1000.52,6854836,383982.0,446724.0,986.2,1012.2,981.3,986.2,120442500,1084.8,887.6,1102.5,649.1,1009.0,12,1,1008.9,216,3,1008.8,1113,7,1008.7,1779,7,1008.6,2882,13,1009.2,38,1,1009.3,58,2,1009.4,406,6,1009.5,604,11,1009.6,882,13
317,2025-11-26 13:13:53+05:30,1009.2,130,1000.52,6854836,383982.0,446724.0,986.2,1012.2,981.3,986.2,120442500,1084.8,887.6,1102.5,649.1,1009.0,12,1,1008.9,216,3,1008.8,1113,7,1008.7,1779,7,1008.6,2882,13,1009.2,38,1,1009.3,58,2,1009.4,406,6,1009.5,604,11,1009.6,882,13
317,2025-11-26 13:13:53+05:30,1009.2,130,1000.52,6854836,383982.0,446724.0,986.2,1012.2,981.3,986.2,120422250,1084.8,887.6,1102.5,649.1,1009.0,12,1,1008.9,216,3,1008.8,1113,7,1008.7,1779,7,1008.6,2882,13,1009.2,38,1,1009.3,58,2,1009.4,406,6,1009.5,604,11,1009.6,882,13
317,2025-11-26 13:13:54+05:30,1009.2,130,1000.52,6854836,383982.0,446724.0,986.2,1012.2,981.3,986.2,120422250,1084.8,887.6,1102.5,649.1,1009.0,12,1,1008.9,216,3,1008.8,1113,7,1008.7,1779,7,1008.6,2882,13,1009.2,38,1,1009.3,58,2,1009.4,406,6,1009.5,604,11,1009.6,882,13
317,2025-11-26 13:13:54+05:30,1008.9,5,1000.52,6854836,383982.0,446724.0,986.2,1012.2,981.3,986.2,120422250,1084.8,887.6,1102.5,649.1,1009.0,12,1,1008.9,216,3,1008.8,1113,7,1008.7,1779,7,1008.6,2882,13,1009.2,38,1,1009.3,58,2,1009.4,406,6,1009.5,604,11,1009.6,882,13
317,2025-11-26 13:13:54+05:30,1008.9,5,1000.52,6854836,383982.0,446724.0,986.2,1012.2,981.3,986.2,120422250,1084.8,887.6,1102.5,649.1,1009.0,12,1,1008.9,216,3,1008.8,1113,7,1008.7,1779,7,1008.6,2882,13,1009.2,38,1,1009.3,58,2,1009.4,406,6,1009.5,604,11,1009.6,882,13
317,2025-11-26 13:13:55+05:30,1009.1,17,1000.52,6855203,383622.0,447703.0,986.2,1012.2,981.3,986.2,120422250,1084.8,887.6,1102.5,649.1,1009.1,94,1,1009.0,8,1,1008.9,123,2,1008.8,856,5,1008.7,2053,10,1009.2,70,2,1009.3,60,3,1009.4,968,9,1009.5,658,13,1009.6,895,12
317,2025-11-26 13:13:56+05:30,1009.2,4,1000.52,6855203,383622.0,447703.0,986.2,1012.2,981.3,986.2,120422250,1084.8,887.6,1102.5,649.1,1009.1,94,1,1009.0,8,1,1008.9,123,2,1008.8,856,5,1008.7,2053,10,1009.2,70,2,1009.3,60,3,1009.4,968,9,1009.5,658,13,1009.6,895,12
317,2025-11-26 13:13:58+05:30,1009.1,1,1000.52,6855203,383622.0,447703.0,986.2,1012.2,981.3,986.2,120422250,1084.8,887.6,1102.5,649.1,1009.1,94,1,1009.0,8,1,1008.9,123,2,1008.8,856,5,1008.7,2053,10,1009.2,70,2,1009.3,60,3,1009.4,968,9,1009.5,658,13,1009.6,895,12
317,2025-11-26 13:13:59+05:30,1009.1,1,1000.52,6855340,384752.0,448451.0,986.2,1012.2,981.3,986.2,120422250,1084.8,887.6,1102.5,649.1,1009.0,29,2,1008.9,280,4,1008.8,1069,6,1008.7,2126,12,1008.6,3021,15,1009.1,1,1,1009.2,57,1,1009.3,6,2,1009.4,488,8,1009.5,1188,13
317,2025-11-26 13:14:00+05:30,1009.1,1,1000.52,6855340,384752.0,448451.0,986.2,1012.2,981.3,986.2,120422250,1084.8,887.6,1102.5,649.1,1009.0,29,2,1008.9,280,4,1008.8,1069,6,1008.7,2126,12,1008.6,3021,15,1009.1,1,1,1009.2,57,1,1009.3,6,2,1009.4,488,8,1009.5,1188,13
317,2025-11-26 13:14:02+05:30,1009.0,1,1000.52,6855340,384752.0,448451.0,986.2,1012.2,981.3,986.2,120422250,1084.8,887.6,1102.5,649.1,1009.0,29,2,1008.9,280,4,1008.8,1069,6,1008.7,2126,12,1008.6,3021,15,1009.1,1,1,1009.2,57,1,1009.3,6,2,1009.4,488,8,1009.5,1188,13
317,2025-11-26 13:14:03+05:30,1009.0,23,1000.52,6855654,384899.0,449090.0,986.2,1012.2,981.3,986.2,120422250,1084.8,887.6,1102.5,649.1,1008.9,163,3,1008.8,839,4,1008.7,2774,13,1008.6,3088,15,1008.5,949,15,1009.1,6,2,1009.2,104,2,1009.3,6,2,1009.4,962,8,1009.5,578,12
317,2025-11-26 13:14:04+05:30,1009.0,23,1000.52,6855654,384899.0,449090.0,986.2,1012.2,981.3,986.2,120422250,1084.8,887.6,1102.5,649.1,1008.9,163,3,1008.8,839,4,1008.7,2774,13,1008.6,3088,15,1008.5,949,15,1009.1,6,2,1009.2,104,2,1009.3,6,2,1009.4,962,8,1009.5,578,12
317,2025-11-26 13:14:06+05:30,1009.1,1,1000.52,6855654,384899.0,449090.0,986.2,1012.2,981.3,986.2,120422250,1084.8,887.6,1102.5,649.1,1008.9,163,3,1008.8,839,4,1008.7,2774,13,1008.6,3088,15,1008.5,949,15,1009.1,6,2,1009.2,104,2,1009.3,6,2,1009.4,962,8,1009.5,578,12
317,2025-11-26 13:14:07+05:30,1008.9,1,1000.52,6855700,385683.0,449209.0,986.2,1012.2,981.3,986.2,120422250,1084.8,887.6,1102.5,649.1,1008.9,148,3,1008.8,892,5,1008.7,3484,13,1008.6,3047,14,1008.5,979,16,1009.1,3,2,1009.2,104,2,1009.3,6,2,1009.4,484,7,1009.5,578,12
317,2025-11-26 13:14:08+05:30,1008.9,1,1000.52,6855700,385683.0,449209.0,986.2,1012.2,981.3,986.2,120422250,1084.8,887.6,1102.5,649.1,1008.9,148,3,1008.8,892,5,1008.7,3484,13,1008.6,3047,14,1008.5,979,16,1009.1,3,2,1009.2,104,2,1009.3,6,2,1009.4,484,7,1009.5,578,12
317,2025-11-26 13:14:10+05:30,1008.9,70,1000.52,6855700,385683.0,449209.0,986.2,1012.2,981.3,986.2,120422250,1084.8,887.6,1102.5,649.1,1008.9,148,3,1008.8,892,5,1008.7,3484,13,1008.6,3047,14,1008.5,979,16,1009.1,3,2,1009.2,104,2,1009.3,6,2,1009.4,484,7,1009.5,578,12
317,2025-11-26 13:14:11+05:30,1008.9,89,1000.52,6855954,385191.0,448579.0,986.2,1012.2,981.3,986.2,120422250,1084.8,887.6,1102.5,649.1,1008.9,13,1,1008.8,915,4,1008.7,3454,12,1008.6,3100,15,1008.5,1011,16,1009.2,104,2,1009.3,114,3,1009.4,1031,10,1009.5,629,14,1009.6,1210,17
317,2025-11-26 13:14:12+05:30,1008.9,89,1000.52,6855954,385191.0,448579.0,986.2,1012.2,981.3,986.2,120422250,1084.8,887.6,1102.5,649.1,1008.9,13,1,1008.8,915,4,1008.7,3454,12,1008.6,3100,15,1008.5,1011,16,1009.2,104,2,1009.3,114,3,1009.4,1031,10,1009.5,629,14,1009.6,1210,17
317,2025-11-26 13:14:14+05:30,1009.0,5,1000.52,6855954,385191.0,448579.0,986.2,1012.2,981.3,986.2,120422250,1084.8,887.6,1102.5,649.1,1008.9,13,1,1008.8,915,4,1008.7,3454,12,1008.6,3100,15,1008.5,1011,16,1009.2,104,2,1009.3,114,3,1009.4,1031,10,1009.5,629,14,1009.6,1210,17
317,2025-11-26 13:14:15+05:30,1009.0,71,1000.52,6856066,384138.0,448757.0,986.2,1012.2,981.3,986.2,120422250,1084.8,887.6,1102.5,649.1,1009.0,42,2,1008.9,22,2,1008.8,1094,7,1008.7,2705,11,1008.6,2974,14,1009.2,75,3,1009.3,183,4,1009.4,789,6,1009.5,579,11,1009.6,1120,16
317,2025-11-26 13:14:16+05:30,1009.2,3,1000.52,6856066,384138.0,448757.0,986.2,1012.2,981.3,986.2,120422250,1084.8,887.6,1102.5,649.1,1009.0,42,2,1008.9,22,2,1008.8,1094,7,1008.7,2705,11,1008.6,2974,14,1009.2,75,3,1009.3,183,4,1009.4,789,6,1009.5,579,11,1009.6,1120,16
317,2025-11-26 13:14:17+05:30,1009.0,14,1000.52,6856066,384138.0,448757.0,986.2,1012.2,981.3,986.2,120422250,1084.8,887.6,1102.5,649.1,1009.0,42,2,1008.9,22,2,1008.8,1094,7,1008.7,2705,11,1008.6,2974,14,1009.2,75,3,1009.3,183,4,1009.4,789,6,1009.5,579,11,1009.6,1120,16
317,2025-11-26 13:14:19+05:30,1009.0,1,1000.52,6856086,387149.0,447970.0,986.2,1012.2,981.3,986.2,120422250,1084.8,887.6,1102.5,649.1,1009.0,60,3,1008.9,1130,7,1008.8,3525,13,1008.7,2810,14,1008.6,841,11,1009.2,70,3,1009.3,2,1,1009.4,191,4,1009.5,555,11,1009.6,704,11
317,2025-11-26 13:14:19+05:30,1009.0,1,1000.52,6856086,387149.0,447970.0,986.2,1012.2,981.3,986.2,120422250,1084.8,887.6,1102.5,649.1,1009.0,60,3,1008.9,1130,7,1008.8,3525,13,1008.7,2810,14,1008.6,841,11,1009.2,70,3,1009.3,2,1,1009.4,191,4,1009.5,555,11,1009.6,704,11
317,2025-11-26 13:14:20+05:30,1009.2,1,1000.52,6856086,387149.0,447970.0,986.2,1012.2,981.3,986.2,120422250,1084.8,887.6,1102.5,649.1,1009.0,60,3,1008.9,1130,7,1008.8,3525,13,1008.7,2810,14,1008.6,841,11,1009.2,70,3,1009.3,2,1,1009.4,191,4,1009.5,555,11,1009.6,704,11
317,2025-11-26 13:14:21+05:30,1009.2,1,1000.52,6856086,387149.0,447970.0,986.2,1012.2,981.3,986.2,120422250,1084.8,887.6,1102.5,649.1,1009.0,60,3,1008.9,1130,7,1008.8,3525,13,1008.7,2810,14,1008.6,841,11,1009.2,70,3,1009.3,2,1,1009.4,191,4,1009.5,555,11,1009.6,704,11
317,2025-11-26 13:14:23+05:30,1009.1,39,1000.52,6856482,389977.0,446321.0,986.2,1012.2,981.3,986.2,120422250,1084.8,887.6,1102.5,649.1,1009.1,1361,2,1009.0,3066,6,1008.9,1764,8,1008.8,571,10,1008.7,1623,12,1009.2,67,3,1009.3,2,1,1009.4,126,4,1009.5,344,7,1009.6,499,7
317,2025-11-26 13:14:23+05:30,1009.2,7,1000.52,6856482,389977.0,446321.0,986.2,1012.2,981.3,986.2,120422250,1084.8,887.6,1102.5,649.1,1009.1,1361,2,1009.0,3066,6,1008.9,1764,8,1008.8,571,10,1008.7,1623,12,1009.2,67,3,1009.3,2,1,1009.4,126,4,1009.5,344,7,1009.6,499,7
317,2025-11-26 13:14:25+05:30,1009.2,11,1000.52,6856482,389977.0,446321.0,986.2,1012.2,981.3,986.2,120422250,1084.8,887.6,1102.5,649.1,1009.1,1361,2,1009.0,3066,6,1008.9,1764,8,1008.8,571,10,1008.7,1623,12,1009.2,67,3,1009.3,2,1,1009.4,126,4,1009.5,344,7,1009.6,499,7
317,2025-11-26 13:14:26+05:30,1009.2,3,1000.52,6856559,390345.0,446330.0,986.2,1012.2,981.3,986.2,120422250,1084.8,887.6,1102.5,649.1,1009.1,1425,3,1009.0,3315,9,1008.9,2701,13,1008.8,718,13,1008.7,873,11,1009.2,68,2,1009.3,51,2,1009.4,16,2,1009.5,198,7,1009.6,367,8
317,2025-11-26 13:14:27+05:30,1009.1,150,1000.52,6856559,390345.0,446330.0,986.2,1012.2,981.3,986.2,120422250,1084.8,887.6,1102.5,649.1,1009.1,1425,3,1009.0,3315,9,1008.9,2701,13,1008.8,718,13,1008.7,873,11,1009.2,68,2,1009.3,51,2,1009.4,16,2,1009.5,198,7,1009.6,367,8
317,2025-11-26 13:14:29+05:30,1009.1,20,1000.52,6856559,390345.0,446330.0,986.2,1012.2,981.3,986.2,120422250,1084.8,887.6,1102.5,649.1,1009.1,1425,3,1009.0,3315,9,1008.9,2701,13,1008.8,718,13,1008.7,873,11,1009.2,68,2,1009.3,51,2,1009.4,16,2,1009.5,198,7,1009.6,367,8
317,2025-11-26 13:14:30+05:30,1009.3,1,1000.52,6857360,388744.0,445411.0,986.2,1012.2,981.3,986.2,120422250,1084.8,887.6,1102.5,649.1,1009.1,752,3,1009.0,3260,8,1008.9,2013,14,1008.8,783,14,1008.7,873,11,1009.3,50,2,1009.4,16,2,1009.5,18,6,1009.6,356,7,1009.7,1136,13
317,2025-11-26 13:14:31+05:30,1009.1,1,1000.52,6857360,388744.0,445411.0,986.2,1012.2,981.3,986.2,120422250,1084.8,887.6,1102.5,649.1,1009.1,752,3,1009.0,3260,8,1008.9,2013,14,1008.8,783,14,1008.7,873,11,1009.3,50,2,1009.4,16,2,1009.5,18,6,1009.6,356,7,1009.7,1136,13
317,2025-11-26 13:14:33+05:30,1009.2,23,1000.52,6857360,388744.0,445411.0,986.2,1012.2,981.3,986.2,120422250,1084.8,887.6,1102.5,649.1,1009.1,752,3,1009.0,3260,8,1008.9,2013,14,1008.8,783,14,1008.7,873,11,1009.3,50,2,1009.4,16,2,1009.5,18,6,1009.6,356,7,1009.7,1136,13
317,2025-11-26 13:14:34+05:30,1009.2,23,1000.52,6857395,389037.0,446946.0,986.2,1012.2,981.3,986.2,120422250,1084.8,887.6,1102.5,649.1,1009.1,661,2,1009.0,3056,6,1008.9,2599,12,1008.8,801,15,1008.7,1020,12,1009.2,192,2,1009.3,70,2,1009.4,16,2,1009.5,162,8,1009.6,442,11
317,2025-11-26 13:14:35+05:30,1009.2,1,1000.52,6857395,389037.0,446946.0,986.2,1012.2,981.3,986.2,120422250,1084.8,887.6,1102.5,649.1,1009.1,661,2,1009.0,3056,6,1008.9,2599,12,1008.8,801,15,1008.7,1020,12,1009.2,192,2,1009.3,70,2,1009.4,16,2,1009.5,162,8,1009.6,442,11
317,2025-11-26 13:14:37+05:30,1009.1,215,1000.52,6857395,389037.0,446946.0,986.2,1012.2,981.3,986.2,120422250,1084.8,887.6,1102.5,649.1,1009.1,661,2,1009.0,3056,6,1008.9,2599,12,1008.8,801,15,1008.7,1020,12,1009.2,192,2,1009.3,70,2,1009.4,16,2,1009.5,162,8,1009.6,442,11
317,2025-11-26 13:14:38+05:30,1009.2,1,1000.52,6857737,385588.0,448539.0,986.2,1012.2,981.3,986.2,120422250,1084.8,887.6,1102.5,649.1,1009.1,21,2,1009.0,85,4,1008.9,126,3,1008.8,655,4,1008.7,3094,12,1009.2,88,4,1009.3,70,2,1009.4,325,7,1009.5,656,11,1009.6,688,14
317,2025-11-26 13:14:39+05:30,1009.2,55,1000.52,6857737,385588.0,448539.0,986.2,1012.2,981.3,986.2,120422250,1084.8,887.6,1102.5,649.1,1009.1,21,2,1009.0,85,4,1008.9,126,3,1008.8,655,4,1008.7,3094,12,1009.2,88,4,1009.3,70,2,1009.4,325,7,1009.5,656,11,1009.6,688,14
317,2025-11-26 13:14:41+05:30,1009.2,2,1000.52,6857737,385588.0,448539.0,986.2,1012.2,981.3,986.2,120422250,1084.8,887.6,1102.5,649.1,1009.1,21,2,1009.0,85,4,1008.9,126,3,1008.8,655,4,1008.7,3094,12,1009.2,88,4,1009.3,70,2,1009.4,325,7,1009.5,656,11,1009.6,688,14
317,2025-11-26 13:14:42+05:30,1009.2,2,1000.52,6857846,386447.0,448681.0,986.2,1012.2,981.3,986.2,120422250,1084.8,887.6,1102.5,649.1,1009.0,56,4,1008.9,17,2,1008.8,1550,10,1008.7,3130,13,1008.6,2385,18,1009.1,10,1,1009.2,29,4,1009.3,74,3,1009.4,265,5,1009.5,820,14
317,2025-11-26 13:14:43+05:30,1009.0,22,1000.52,6857846,386447.0,448681.0,986.2,1012.2,981.3,986.2,120422250,1084.8,887.6,1102.5,649.1,1009.0,56,4,1008.9,17,2,1008.8,1550,10,1008.7,3130,13,1008.6,2385,18,1009.1,10,1,1009.2,29,4,1009.3,74,3,1009.4,265,5,1009.5,820,14
317,2025-11-26 13:14:45+05:30,1009.1,2,1000.52,6857846,386447.0,448681.0,986.2,1012.2,981.3,986.2,120422250,1084.8,887.6,1102.5,649.1,1009.0,56,4,1008.9,17,2,1008.8,1550,10,1008.7,3130,13,1008.6,2385,18,1009.1,10,1,1009.2,29,4,1009.3,74,3,1009.4,265,5,1009.5,820,14
317,2025-11-26 13:14:45+05:30,1009.1,2,1000.52,6857959,386917.0,449110.0,986.2,1012.2,981.3,986.2,120422250,1084.8,887.6,1102.5,649.1,1009.0,65,4,1008.9,8,1,1008.8,1501,8,1008.7,3933,16,1008.6,2385,18,1009.1,6,1,1009.2,92,5,1009.3,6,2,1009.4,237,5,1009.5,617,15
317,2025-11-26 13:14:47+05:30,1009.1,4,1000.52,6857959,386917.0,449110.0,986.2,1012.2,981.3,986.2,120422250,1084.8,887.6,1102.5,649.1,1009.0,65,4,1008.9,8,1,1008.8,1501,8,1008.7,3933,16,1008.6,2385,18,1009.1,6,1,1009.2,92,5,1009.3,6,2,1009.4,237,5,1009.5,617,15
317,2025-11-26 13:14:49+05:30,1009.1,1,1000.52,6858081,386626.0,449229.0,986.2,1012.2,981.3,986.2,120422250,1084.8,887.6,1102.5,649.1,1009.0,21,1,1008.9,9,1,1008.8,1547,9,1008.7,3932,16,1008.6,2385,18,1009.1,11,3,1009.2,79,2,1009.3,6,2,1009.4,450,6,1009.5,591,13
317,2025-11-26 13:14:49+05:30,1009.1,1,1000.52,6858081,386626.0,449229.0,986.2,1012.2,981.3,986.2,120422250,1084.8,887.6,1102.5,649.1,1009.0,21,1,1008.9,9,1,1008.8,1547,9,1008.7,3932,16,1008.6,2385,18,1009.1,11,3,1009.2,79,2,1009.3,6,2,1009.4,450,6,1009.5,591,13
317,2025-11-26 13:14:51+05:30,1009.0,51,1000.52,6858081,386626.0,449229.0,986.2,1012.2,981.3,986.2,120422250,1084.8,887.6,1102.5,649.1,1009.0,21,1,1008.9,9,1,1008.8,1547,9,1008.7,3932,16,1008.6,2385,18,1009.1,11,3,1009.2,79,2,1009.3,6,2,1009.4,450,6,1009.5,591,13
317,2025-11-26 13:14:53+05:30,1009.1,4,1000.52,6858160,385466.0,449485.0,986.2,1012.2,981.3,986.2,120422250,1084.8,887.6,1102.5,649.1,1009.0,19,1,1008.9,9,1,1008.8,577,4,1008.7,3020,14,1008.6,2327,12,1009.2,79,2,1009.3,127,4,1009.4,487,6,1009.5,557,13,1009.6,714,8
317,2025-11-26 13:14:53+05:30,1009.2,7,1000.52,6858160,385466.0,449485.0,986.2,1012.2,981.3,986.2,120422250,1084.8,887.6,1102.5,649.1,1009.0,19,1,1008.9,9,1,1008.8,577,4,1008.7,3020,14,1008.6,2327,12,1009.2,79,2,1009.3,127,4,1009.4,487,6,1009.5,557,13,1009.6,714,8
317,2025-11-26 13:14:55+05:30,1009.2,12,1000.52,6858160,385466.0,449485.0,986.2,1012.2,981.3,986.2,120422250,1084.8,887.6,1102.5,649.1,1009.0,19,1,1008.9,9,1,1008.8,577,4,1008.7,3020,14,1008.6,2327,12,1009.2,79,2,1009.3,127,4,1009.4,487,6,1009.5,557,13,1009.6,714,8
317,2025-11-26 13:14:56+05:30,1009.2,1,1000.52,6858225,387340.0,447883.0,986.2,1012.2,981.3,986.2,120422250,1084.8,887.6,1102.5,649.1,1009.1,112,1,1009.0,170,3,1008.9,1053,10,1008.8,3697,14,1008.7,2862,15,1009.2,86,3,1009.3,15,2,1009.4,7,1,1009.5,280,9,1009.6,400,7
317,2025-11-26 13:14:57+05:30,1009.0,11,1000.52,6858225,387340.0,447883.0,986.2,1012.2,981.3,986.2,120422250,1084.8,887.6,1102.5,649.1,1009.1,112,1,1009.0,170,3,1008.9,1053,10,1008.8,3697,14,1008.7,2862,15,1009.2,86,3,1009.3,15,2,1009.4,7,1,1009.5,280,9,1009.6,400,7
317,2025-11-26 13:14:59+05:30,1009.2,2,1000.52,6858225,387340.0,447883.0,986.2,1012.2,981.3,986.2,120422250,1084.8,887.6,1102.5,649.1,1009.1,112,1,1009.0,170,3,1008.9,1053,10,1008.8,3697,14,1008.7,2862,15,1009.2,86,3,1009.3,15,2,1009.4,7,1,1009.5,280,9,1009.6,400,7
317,2025-11-26 13:15:00+05:30,1009.0,8,1000.52,6858803,386339.0,446254.0,986.2,1012.2,981.3,986.2,120422250,1084.8,887.6,1102.5,649.1,1009.0,34,2,1008.9,205,3,1008.8,1893,13,1008.7,2975,14,1008.6,2355,18,1009.2,44,2,1009.3,19,3,1009.4,210,3,1009.5,432,11,1009.6,444,8
317,2025-11-26 13:15:01+05:30,1009.2,1,1000.52,6858803,386339.0,446254.0,986.2,1012.2,981.3,986.2,120422250,1084.8,887.6,1102.5,649.1,1009.0,34,2,1008.9,205,3,1008.8,1893,13,1008.7,2975,14,1008.6,2355,18,1009.2,44,2,1009.3,19,3,1009.4,210,3,1009.5,432,11,1009.6,444,8
317,2025-11-26 13:15:03+05:30,1009.1,16,1000.52,6858803,386339.0,446254.0,986.2,1012.2,981.3,986.2,120422250,1084.8,887.6,1102.5,649.1,1009.0,34,2,1008.9,205,3,1008.8,1893,13,1008.7,2975,14,1008.6,2355,18,1009.2,44,2,1009.3,19,3,1009.4,210,3,1009.5,432,11,1009.6,444,8
317,2025-11-26 13:15:04+05:30,1009.1,16,1000.52,6858835,387205.0,446947.0,986.2,1012.2,981.3,986.2,120422250,1084.8,887.6,1102.5,649.1,1009.0,47,3,1008.9,108,1,1008.8,1799,10,1008.7,3026,16,1008.6,2355,18,1009.1,19,2,1009.2,45,3,1009.3,19,3,1009.4,314,4,1009.5,432,11
317,2025-11-26 13:15:05+05:30,1009.0,11,1000.52,6858835,387205.0,446947.0,986.2,1012.2,981.3,986.2,120422250,1084.8,887.6,1102.5,649.1,1009.0,47,3,1008.9,108,1,1008.8,1799,10,1008.7,3026,16,1008.6,2355,18,1009.1,19,2,1009.2,45,3,1009.3,19,3,1009.4,314,4,1009.5,432,11
317,2025-11-26 13:15:07+05:30,1009.0,93,1000.52,6858835,387205.0,446947.0,986.2,1012.2,981.3,986.2,120422250,1084.8,887.6,1102.5,649.1,1009.0,47,3,1008.9,108,1,1008.8,1799,10,1008.7,3026,16,1008.6,2355,18,1009.1,19,2,1009.2,45,3,1009.3,19,3,1009.4,314,4,1009.5,432,11
317,2025-11-26 13:15:08+05:30,1009.0,93,1000.52,6859065,389419.0,445950.0,986.2,1012.2,981.3,986.2,120422250,1084.8,887.6,1102.5,649.1,1009.0,1117,4,1008.9,3335,10,1008.8,2148,14,1008.7,1478,12,1008.6,1668,14,1009.1,10,1,1009.2,94,3,1009.3,19,3,1009.4,8,2,1009.5,333,9
317,2025-11-26 13:15:09+05:30,1009.1,2,1000.52,6859065,389419.0,445950.0,986.2,1012.2,981.3,986.2,120422250,1084.8,887.6,1102.5,649.1,1009.0,1117,4,1008.9,3335,10,1008.8,2148,14,1008.7,1478,12,1008.6,1668,14,1009.1,10,1,1009.2,94,3,1009.3,19,3,1009.4,8,2,1009.5,333,9
317,2025-11-26 13:15:11+05:30,1009.0,55,1000.52,6859065,389419.0,445950.0,986.2,1012.2,981.3,986.2,120422250,1084.8,887.6,1102.5,649.1,1009.0,1117,4,1008.9,3335,10,1008.8,2148,14,1008.7,1478,12,1008.6,1668,14,1009.1,10,1,1009.2,94,3,1009.3,19,3,1009.4,8,2,1009.5,333,9
317,2025-11-26 13:15:12+05:30,1009.0,55,1000.52,6859135,389316.0,447653.0,986.2,1012.2,981.3,986.2,120422250,1084.8,887.6,1102.5,649.1,1009.0,1052,4,1008.9,3264,8,1008.8,2172,15,1008.7,1478,12,1008.6,1668,14,1009.1,5,1,1009.2,94,3,1009.3,19,3,1009.4,112,3,1009.5,333,9
317,2025-11-26 13:15:13+05:30,1009.1,48,1000.52,6859135,389316.0,447653.0,986.2,1012.2,981.3,986.2,120422250,1084.8,887.6,1102.5,649.1,1009.0,1052,4,1008.9,3264,8,1008.8,2172,15,1008.7,1478,12,1008.6,1668,14,1009.1,5,1,1009.2,94,3,1009.3,19,3,1009.4,112,3,1009.5,333,9
317,2025-11-26 13:15:15+05:30,1009.2,2,1000.52,6859135,389316.0,447653.0,986.2,1012.2,981.3,986.2,120422250,1084.8,887.6,1102.5,649.1,1009.0,1052,4,1008.9,3264,8,1008.8,2172,15,1008.7,1478,12,1008.6,1668,14,1009.1,5,1,1009.2,94,3,1009.3,19,3,1009.4,112,3,1009.5,333,9
317,2025-11-26 13:15:15+05:30,1009.2,2,1000.52,6859356,389240.0,446833.0,986.2,1012.2,981.3,986.2,120422250,1084.8,887.6,1102.5,649.1,1009.1,1,1,1009.0,1041,5,1008.9,3284,9,1008.8,1442,14,1008.7,1536,12,1009.2,94,2,1009.3,15,2,1009.4,40,3,1009.5,260,9,1009.6,957,10
317,2025-11-26 13:15:17+05:30,1009.2,1,1000.52,6859356,389240.0,446833.0,986.2,1012.2,981.3,986.2,120422250,1084.8,887.6,1102.5,649.1,1009.1,1,1,1009.0,1041,5,1008.9,3284,9,1008.8,1442,14,1008.7,1536,12,1009.2,94,2,1009.3,15,2,1009.4,40,3,1009.5,260,9,1009.6,957,10
317,2025-11-26 13:15:19+05:30,1009.0,123,1000.52,6859481,386555.0,448148.0,986.2,1012.2,981.3,986.2,120422250,1084.8,887.6,1102.5,649.1,1009.1,1,1,1009.0,58,3,1008.9,582,4,1008.8,1090,5,1008.7,3307,16,1009.2,94,3,1009.3,201,7,1009.4,334,8,1009.5,659,13,1009.6,479,13
317,2025-11-26 13:15:19+05:30,1009.0,123,1000.52,6859481,386555.0,448148.0,986.2,1012.2,981.3,986.2,120422250,1084.8,887.6,1102.5,649.1,1009.1,1,1,1009.0,58,3,1008.9,582,4,1008.8,1090,5,1008.7,3307,16,1009.2,94,3,1009.3,201,7,1009.4,334,8,1009.5,659,13,1009.6,479,13
317,2025-11-26 13:15:20+05:30,1009.2,1,1000.52,6859481,386555.0,448148.0,986.2,1012.2,981.3,986.2,120422250,1084.8,887.6,1102.5,649.1,1009.1,1,1,1009.0,58,3,1008.9,582,4,1008.8,1090,5,1008.7,3307,16,1009.2,94,3,1009.3,201,7,1009.4,334,8,1009.5,659,13,1009.6,479,13
317,2025-11-26 13:15:20+05:30,1009.2,1,1000.52,6859486,385590.0,449770.0,986.2,1012.2,981.3,986.2,120422250,1084.8,887.6,1102.5,649.1,1009.0,56,3,1008.9,41,1,1008.8,122,2,1008.7,2290,13,1008.6,2298,11,1009.2,142,4,1009.3,254,7,1009.4,326,8,1009.5,758,13,1009.6,1019,15
317,2025-11-26 13:15:21+05:30,1009.2,1,1000.52,6859486,385590.0,449770.0,986.2,1012.2,981.3,986.2,120422250,1084.8,887.6,1102.5,649.1,1009.0,56,3,1008.9,41,1,1008.8,122,2,1008.7,2290,13,1008.6,2298,11,1009.2,142,4,1009.3,254,7,1009.4,326,8,1009.5,758,13,1009.6,1019,15
317,2025-11-26 13:15:21+05:30,1009.2,1,1000.52,6859486,384620.0,449651.0,986.2,1012.2,981.3,986.2,120422250,1084.8,887.6,1102.5,649.1,1009.0,68,4,1008.9,41,1,1008.8,122,2,1008.7,2286,12,1008.6,1568,12,1009.1,9,1,1009.2,142,4,1009.3,254,7,1009.4,326,8,1009.5,787,15
317,2025-11-26 13:15:22+05:30,1009.1,4,1000.52,6859514,385345.0,449752.0,986.2,1012.2,981.3,986.2,120422250,1084.8,887.6,1102.5,649.1,1009.0,69,4,1008.9,41,1,1008.8,122,2,1008.7,2000,8,1008.6,2322,13,1009.1,57,2,1009.2,135,4,1009.3,226,8,1009.4,917,9,1009.5,802,17
317,2025-11-26 13:15:23+05:30,1009.1,1,1000.52,6859514,385345.0,449752.0,986.2,1012.2,981.3,986.2,120422250,1084.8,887.6,1102.5,649.1,1009.0,69,4,1008.9,41,1,1008.8,122,2,1008.7,2000,8,1008.6,2322,13,1009.1,57,2,1009.2,135,4,1009.3,226,8,1009.4,917,9,1009.5,802,17
317,2025-11-26 13:15:23+05:30,1009.1,1,1000.52,6859538,385346.0,449565.0,986.2,1012.2,981.3,986.2,120422250,1084.8,887.6,1102.5,649.1,1009.0,69,4,1008.9,41,1,1008.8,122,2,1008.7,2000,8,1008.6,2322,13,1009.1,43,3,1009.2,135,4,1009.3,226,8,1009.4,917,9,1009.5,802,17
317,2025-11-26 13:15:24+05:30,1009.0,4,1000.52,6859538,385346.0,449565.0,986.2,1012.2,981.3,986.2,120422250,1084.8,887.6,1102.5,649.1,1009.0,69,4,1008.9,41,1,1008.8,122,2,1008.7,2000,8,1008.6,2322,13,1009.1,43,3,1009.2,135,4,1009.3,226,8,1009.4,917,9,1009.5,802,17
317,2025-11-26 13:15:24+05:30,1009.0,4,1000.52,6859579,385327.0,449559.0,986.2,1012.2,981.3,986.2,120422250,1084.8,887.6,1102.5,649.1,1009.0,50,3,1008.9,41,1,1008.8,122,2,1008.7,2000,8,1008.6,2322,13,1009.1,42,3,1009.2,239,5,1009.3,182,6,1009.4,377,10,1009.5,773,15
317,2025-11-26 13:15:25+05:30,1009.1,11,1000.52,6859579,385327.0,449559.0,986.2,1012.2,981.3,986.2,120422250,1084.8,887.6,1102.5,649.1,1009.0,50,3,1008.9,41,1,1008.8,122,2,1008.7,2000,8,1008.6,2322,13,1009.1,42,3,1009.2,239,5,1009.3,182,6,1009.4,377,10,1009.5,773,15
317,2025-11-26 13:15:25+05:30,1009.1,1,1000.52,6859657,386748.0,448664.0,986.2,1012.2,981.3,986.2,120422250,1084.8,887.6,1102.5,649.1,1009.0,42,2,1008.9,41,1,1008.8,715,7,1008.7,3945,14,1008.6,2221,14,1009.1,8,1,1009.2,135,4,1009.3,182,6,1009.4,373,9,1009.5,605,15
317,2025-11-26 13:15:26+05:30,1009.0,8,1000.52,6859657,386748.0,448664.0,986.2,1012.2,981.3,986.2,120422250,1084.8,887.6,1102.5,649.1,1009.0,42,2,1008.9,41,1,1008.8,715,7,1008.7,3945,14,1008.6,2221,14,1009.1,8,1,1009.2,135,4,1009.3,182,6,1009.4,373,9,1009.5,605,15
317,2025-11-26 13:15:26+05:30,1009.0,8,1000.52,6859728,386212.0,448614.0,986.2,1012.2,981.3,986.2,120422250,1084.8,887.6,1102.5,649.1,1009.0,34,2,1008.9,41,1,1008.8,589,5,1008.7,3946,14,1008.6,2221,14,1009.2,135,4,1009.3,182,6,1009.4,331,8,1009.5,605,15,1009.6,628,16
317,2025-11-26 13:15:27+05:30,1009.0,3,1000.52,6859728,386212.0,448614.0,986.2,1012.2,981.3,986.2,120422250,1084.8,887.6,1102.5,649.1,1009.0,34,2,1008.9,41,1,1008.8,589,5,1008.7,3946,14,1008.6,2221,14,1009.2,135,4,1009.3,182,6,1009.4,331,8,1009.5,605,15,1009.6,628,16
317,2025-11-26 13:15:27+05:30,1009.0,3,1000.52,6859846,385384.0,448969.0,986.2,1012.2,981.3,986.2,120422250,1084.8,887.6,1102.5,649.1,1009.0,18,1,1008.9,50,2,1008.8,540,3,1008.7,3152,11,1008.6,1471,13,1009.2,157,5,1009.3,212,7,1009.4,595,11,1009.5,561,13,1009.6,926,17
317,2025-11-26 13:15:28+05:30,1009.0,3,1000.52,6859846,385354.0,449419.0,986.2,1012.2,981.3,986.2,120422250,1084.8,887.6,1102.5,649.1,1009.0,18,1,1008.9,50,2,1008.8,540,3,1008.7,3122,10,1008.6,1471,13,1009.2,220,7,1009.3,239,7,1009.4,633,13,1009.5,763,14,1009.6,926,17
317,2025-11-26 13:15:29+05:30,1009.2,1,1000.52,6859846,385354.0,449419.0,986.2,1012.2,981.3,986.2,120422250,1084.8,887.6,1102.5,649.1,1009.0,18,1,1008.9,50,2,1008.8,540,3,1008.7,3122,10,1008.6,1471,13,1009.2,220,7,1009.3,239,7,1009.4,633,13,1009.5,763,14,1009.6,926,17
317,2025-11-26 13:15:29+05:30,1009.2,1,1000.52,6859847,385381.0,449424.0,986.2,1012.2,981.3,986.2,120422250,1084.8,887.6,1102.5,649.1,1009.0,18,1,1008.9,50,2,1008.8,540,3,1008.7,3122,10,1008.6,1471,13,1009.2,190,7,1009.3,239,7,1009.4,638,14,1009.5,763,14,1009.6,900,15
317,2025-11-26 13:15:30+05:30,1009.0,8,1000.52,6859847,385381.0,449424.0,986.2,1012.2,981.3,986.2,120422250,1084.8,887.6,1102.5,649.1,1009.0,18,1,1008.9,50,2,1008.8,540,3,1008.7,3122,10,1008.6,1471,13,1009.2,190,7,1009.3,239,7,1009.4,638,14,1009.5,763,14,1009.6,900,15
317,2025-11-26 13:15:30+05:30,1009.2,1,1000.52,6859909,385369.0,449446.0,986.2,1012.2,981.3,986.2,120422250,1084.8,887.6,1102.5,649.1,1009.0,10,1,1008.9,50,2,1008.8,540,3,1008.7,3122,10,1008.6,1471,13,1009.2,110,5,1009.3,260,8,1009.4,613,13,1009.5,763,14,1009.6,900,15
317,2025-11-26 13:15:31+05:30,1009.2,1,1000.52,6859909,385369.0,449446.0,986.2,1012.2,981.3,986.2,120422250,1084.8,887.6,1102.5,649.1,1009.0,10,1,1008.9,50,2,1008.8,540,3,1008.7,3122,10,1008.6,1471,13,1009.2,110,5,1009.3,260,8,1009.4,613,13,1009.5,763,14,1009.6,900,15
317,2025-11-26 13:15:31+05:30,1009.2,1,1000.52,6859909,386096.0,449385.0,986.2,1012.2,981.3,986.2,120422250,1084.8,887.6,1102.5,649.1,1009.0,10,1,1008.9,50,2,1008.8,540,3,1008.7,3122,10,1008.6,1471,13,1009.1,9,1,1009.2,110,5,1009.3,190,6,1009.4,613,13,1009.5,763,14
317,2025-11-26 13:15:32+05:30,1009.0,1,1000.52,6859909,386096.0,449385.0,986.2,1012.2,981.3,986.2,120422250,1084.8,887.6,1102.5,649.1,1009.0,10,1,1008.9,50,2,1008.8,540,3,1008.7,3122,10,1008.6,1471,13,1009.1,9,1,1009.2,110,5,1009.3,190,6,1009.4,613,13,1009.5,763,14
317,2025-11-26 13:15:32+05:30,1009.1,23,1000.52,6859943,386572.0,449167.0,986.2,1012.2,981.3,986.2,120422250,1084.8,887.6,1102.5,649.1,1009.0,9,1,1008.9,41,1,1008.8,540,3,1008.7,3899,12,1008.6,1471,13,1009.1,9,1,1009.2,109,4,1009.3,190,6,1009.4,611,13,1009.5,773,15
317,2025-11-26 13:15:33+05:30,1008.9,48,1000.52,6859943,386572.0,449167.0,986.2,1012.2,981.3,986.2,120422250,1084.8,887.6,1102.5,649.1,1009.0,9,1,1008.9,41,1,1008.8,540,3,1008.7,3899,12,1008.6,1471,13,1009.1,9,1,1009.2,109,4,1009.3,190,6,1009.4,611,13,1009.5,773,15
317,2025-11-26 13:15:33+05:30,1008.9,48,1000.52,6860061,386272.0,449247.0,986.2,1012.2,981.3,986.2,120422250,1084.8,887.6,1102.5,649.1,1008.9,41,1,1008.8,540,3,1008.7,3969,15,1008.6,1471,13,1008.5,1789,18,1009.1,9,1,1009.2,109,4,1009.3,171,6,1009.4,632,14,1009.5,796,16
317,2025-11-26 13:15:34+05:30,1008.9,48,1000.52,6860061,386596.0,449249.0,986.2,1012.2,981.3,986.2,120422250,1084.8,887.6,1102.5,649.1,1009.0,112,1,1008.9,54,2,1008.8,570,5,1008.7,3920,13,1008.6,1471,13,1009.1,9,1,1009.2,109,4,1009.3,171,6,1009.4,589,12,1009.5,815,17
317,2025-11-26 13:15:35+05:30,1009.1,2,1000.52,6860061,386596.0,449249.0,986.2,1012.2,981.3,986.2,120422250,1084.8,887.6,1102.5,649.1,1009.0,112,1,1008.9,54,2,1008.8,570,5,1008.7,3920,13,1008.6,1471,13,1009.1,9,1,1009.2,109,4,1009.3,171,6,1009.4,589,12,1009.5,815,17
317,2025-11-26 13:15:35+05:30,1009.2,419,1000.52,6860813,385931.0,447725.0,986.2,1012.2,981.3,986.2,120422250,1084.8,887.6,1102.5,649.1,1009.1,6,2,1009.0,128,2,1008.9,165,3,1008.8,555,4,1008.7,3925,12,1009.3,76,4,1009.4,311,10,1009.5,1002,12,1009.6,672,13,1009.7,1159,18
317,2025-11-26 13:15:36+05:30,1009.2,112,1000.52,6860813,385931.0,447725.0,986.2,1012.2,981.3,986.2,120422250,1084.8,887.6,1102.5,649.1,1009.1,6,2,1009.0,128,2,1008.9,165,3,1008.8,555,4,1008.7,3925,12,1009.3,76,4,1009.4,311,10,1009.5,1002,12,1009.6,672,13,1009.7,1159,18
317,2025-11-26 13:15:36+05:30,1009.0,303,1000.53,6862435,382139.0,451592.0,986.2,1012.2,981.3,986.2,120422250,1084.8,887.6,1102.5,649.1,1008.9,54,2,1008.7,654,5,1008.6,1103,9,1008.5,2297,16,1008.4,2438,11,1009.0,1786,1,1009.2,118,4,1009.3,140,3,1009.4,412,10,1009.5,1118,15
317,2025-11-26 13:15:37+05:30,1009.0,207,1000.53,6862435,382139.0,451592.0,986.2,1012.2,981.3,986.2,120422250,1084.8,887.6,1102.5,649.1,1008.9,54,2,1008.7,654,5,1008.6,1103,9,1008.5,2297,16,1008.4,2438,11,1009.0,1786,1,1009.2,118,4,1009.3,140,3,1009.4,412,10,1009.5,1118,15
317,2025-11-26 13:15:37+05:30,1008.9,1,1000.53,6862643,382781.0,451959.0,986.2,1012.2,981.3,986.2,120422250,1084.8,887.6,1102.5,649.1,1008.9,12,1,1008.7,575,3,1008.6,907,6,1008.5,3130,21,1008.4,2908,15,1009.0,1579,1,1009.2,360,7,1009.3,461,8,1009.4,470,9,1009.5,1732,18
317,2025-11-26 13:15:38+05:30,1008.9,1,1000.53,6862643,382781.0,451959.0,986.2,1012.2,981.3,986.2,120422250,1084.8,887.6,1102.5,649.1,1008.9,12,1,1008.7,575,3,1008.6,907,6,1008.5,3130,21,1008.4,2908,15,1009.0,1579,1,1009.2,360,7,1009.3,461,8,1009.4,470,9,1009.5,1732,18
317,2025-11-26 13:15:38+05:30,1008.9,1,1000.53,6862643,382793.0,452182.0,986.2,1012.2,981.3,986.2,120422250,1084.8,887.6,1102.5,649.1,1008.9,12,1,1008.7,575,3,1008.6,907,6,1008.5,3059,17,1008.4,2929,16,1009.0,1921,3,1009.1,143,5,1009.2,381,8,1009.3,419,6,1009.4,470,9
317,2025-11-26 13:15:39+05:30,1009.0,341,1000.53,6862643,382793.0,452182.0,986.2,1012.2,981.3,986.2,120422250,1084.8,887.6,1102.5,649.1,1008.9,12,1,1008.7,575,3,1008.6,907,6,1008.5,3059,17,1008.4,2929,16,1009.0,1921,3,1009.1,143,5,1009.2,381,8,1009.3,419,6,1009.4,470,9
317,2025-11-26 13:15:39+05:30,1009.0,341,1000.53,6864564,380100.0,448184.0,986.2,1012.2,981.3,986.2,120422250,1084.8,887.6,1102.5,649.1,1009.0,544,1,1008.9,12,1,1008.8,206,4,1008.7,1263,6,1008.6,2015,7,1009.1,5,1,1009.2,4,1,1009.3,118,3,1009.4,402,10,1009.5,620,14
317,2025-11-26 13:15:40+05:30,1009.0,2,1000.53,6864564,380100.0,448184.0,986.2,1012.2,981.3,986.2,120422250,1084.8,887.6,1102.5,649.1,1009.0,544,1,1008.9,12,1,1008.8,206,4,1008.7,1263,6,1008.6,2015,7,1009.1,5,1,1009.2,4,1,1009.3,118,3,1009.4,402,10,1009.5,620,14
317,2025-11-26 13:15:40+05:30,1009.1,2,1000.53,6864569,380301.0,448209.0,986.2,1012.2,981.3,986.2,120422250,1084.8,887.6,1102.5,649.1,1009.0,554,2,1008.8,352,7,1008.7,1263,6,1008.6,2096,10,1008.5,2986,17,1009.1,2,1,1009.2,4,1,1009.3,65,1,1009.4,359,8,1009.5,620,14
317,2025-11-26 13:15:41+05:30,1009.0,12,1000.53,6864569,380301.0,448209.0,986.2,1012.2,981.3,986.2,120422250,1084.8,887.6,1102.5,649.1,1009.0,554,2,1008.8,352,7,1008.7,1263,6,1008.6,2096,10,1008.5,2986,17,1009.1,2,1,1009.2,4,1,1009.3,65,1,1009.4,359,8,1009.5,620,14
317,2025-11-26 13:15:42+05:30,1008.7,1,1000.53,6865125,377484.0,449324.0,986.2,1012.2,981.3,986.2,120422250,1084.8,887.6,1102.5,649.1,1008.7,557,2,1008.6,953,8,1008.5,2185,12,1008.4,2337,17,1008.3,1202,16,1009.0,82,1,1009.1,2,2,1009.2,308,3,1009.3,587,8,1009.4,964,11
317,2025-11-26 13:15:42+05:30,1008.7,1,1000.53,6865125,377484.0,449324.0,986.2,1012.2,981.3,986.2,120422250,1084.8,887.6,1102.5,649.1,1008.7,557,2,1008.6,953,8,1008.5,2185,12,1008.4,2337,17,1008.3,1202,16,1009.0,82,1,1009.1,2,2,1009.2,308,3,1009.3,587,8,1009.4,964,11
317,2025-11-26 13:15:43+05:30,1009.0,63,1000.53,6865590,378280.0,449615.0,986.2,1012.2,981.3,986.2,120422250,1084.8,887.6,1102.5,649.1,1008.6,1061,9,1008.5,2877,12,1008.4,2367,16,1008.3,1287,15,1008.2,1991,13,1009.0,34,2,1009.1,2,2,1009.2,1049,8,1009.3,614,8,1009.4,475,11
317,2025-11-26 13:15:43+05:30,1008.7,16,1000.53,6865590,378280.0,449615.0,986.2,1012.2,981.3,986.2,120422250,1084.8,887.6,1102.5,649.1,1008.6,1061,9,1008.5,2877,12,1008.4,2367,16,1008.3,1287,15,1008.2,1991,13,1009.0,34,2,1009.1,2,2,1009.2,1049,8,1009.3,614,8,1009.4,475,11
317,2025-11-26 13:15:44+05:30,1008.7,16,1000.53,6865645,380869.0,449615.0,986.2,1012.2,981.3,986.2,120422250,1084.8,887.6,1102.5,649.1,1008.6,986,9,1008.5,2915,12,1008.4,3117,17,1008.3,1287,15,1008.2,1986,12,1008.7,8,1,1009.0,60,3,1009.1,253,4,1009.2,590,7,1009.3,898,9
317,2025-11-26 13:15:44+05:30,1008.7,3,1000.53,6865645,380869.0,449615.0,986.2,1012.2,981.3,986.2,120422250,1084.8,887.6,1102.5,649.1,1008.6,986,9,1008.5,2915,12,1008.4,3117,17,1008.3,1287,15,1008.2,1986,12,1008.7,8,1,1009.0,60,3,1009.1,253,4,1009.2,590,7,1009.3,898,9
317,2025-11-26 13:15:45+05:30,1008.7,2,1000.53,6865650,381495.0,449631.0,986.2,1012.2,981.3,986.2,120422250,1084.8,887.6,1102.5,649.1,1008.6,834,6,1008.5,3684,14,1008.4,3117,17,1008.3,1316,16,1008.2,1986,12,1008.7,3,1,1009.0,60,3,1009.1,253,4,1009.2,590,7,1009.3,898,9
317,2025-11-26 13:15:45+05:30,1008.7,2,1000.53,6865650,381495.0,449631.0,986.2,1012.2,981.3,986.2,120422250,1084.8,887.6,1102.5,649.1,1008.6,834,6,1008.5,3684,14,1008.4,3117,17,1008.3,1316,16,1008.2,1986,12,1008.7,3,1,1009.0,60,3,1009.1,253,4,1009.2,590,7,1009.3,898,9
317,2025-11-26 13:15:46+05:30,1008.7,1,1000.53,6865651,381249.0,450142.0,986.2,1012.2,981.3,986.2,120422250,1084.8,887.6,1102.5,649.1,1008.6,631,4,1008.5,3503,13,1008.4,2996,16,1008.3,1293,16,1008.2,1986,12,1008.7,2,1,1008.9,49,1,1009.0,267,5,1009.1,358,6,1009.2,590,7
317,2025-11-26 13:15:46+05:30,1008.6,21,1000.53,6865651,381249.0,450142.0,986.2,1012.2,981.3,986.2,120422250,1084.8,887.6,1102.5,649.1,1008.6,631,4,1008.5,3503,13,1008.4,2996,16,1008.3,1293,16,1008.2,1986,12,1008.7,2,1,1008.9,49,1,1009.0,267,5,1009.1,358,6,1009.2,590,7
317,2025-11-26 13:15:47+05:30,1008.6,21,1000.53,6865672,381458.0,449506.0,986.2,1012.2,981.3,986.2,120422250,1084.8,887.6,1102.5,649.1,1008.6,794,5,1008.5,3559,14,1008.4,2996,16,1008.3,1293,16,1008.2,1986,12,1008.7,2,1,1008.9,49,1,1009.0,259,4,1009.1,358,6,1009.2,590,7
317,2025-11-26 13:15:48+05:30,1008.7,1,1000.53,6865673,381275.0,449509.0,986.2,1012.2,981.3,986.2,120422250,1084.8,887.6,1102.5,649.1,1008.6,610,4,1008.5,3518,13,1008.4,2996,16,1008.3,1293,16,1008.2,1986,12,1008.7,1,1,1008.8,85,2,1008.9,49,1,1009.0,259,4,1009.1,358,6
317,2025-11-26 13:15:48+05:30,1008.7,1,1000.53,6865673,381275.0,449509.0,986.2,1012.2,981.3,986.2,120422250,1084.8,887.6,1102.5,649.1,1008.6,610,4,1008.5,3518,13,1008.4,2996,16,1008.3,1293,16,1008.2,1986,12,1008.7,1,1,1008.8,85,2,1008.9,49,1,1009.0,259,4,1009.1,358,6
317,2025-11-26 13:15:49+05:30,1008.7,1,1000.53,6865673,381187.0,449669.0,986.2,1012.2,981.3,986.2,120422250,1084.8,887.6,1102.5,649.1,1008.6,502,3,1008.5,3480,11,1008.4,3034,18,1008.3,1293,16,1008.2,1986,12,1008.7,119,2,1008.8,85,2,1008.9,49,1,1009.0,259,4,1009.1,399,7
317,2025-11-26 13:15:50+05:30,1008.7,1,1000.53,6865676,381273.0,449901.0,986.2,1012.2,981.3,986.2,120422250,1084.8,887.6,1102.5,649.1,1008.6,515,4,1008.5,3424,10,1008.4,3034,18,1008.3,1293,16,1008.2,2090,13,1008.7,124,2,1008.8,85,2,1008.9,49,1,1009.0,259,4,1009.1,399,7
317,2025-11-26 13:15:50+05:30,1008.7,1,1000.53,6865676,381273.0,449901.0,986.2,1012.2,981.3,986.2,120422250,1084.8,887.6,1102.5,649.1,1008.6,515,4,1008.5,3424,10,1008.4,3034,18,1008.3,1293,16,1008.2,2090,13,1008.7,124,2,1008.8,85,2,1008.9,49,1,1009.0,259,4,1009.1,399,7
317,2025-11-26 13:15:51+05:30,1008.6,149,1000.53,6865902,380875.0,449883.0,986.2,1012.2,981.3,986.2,120422250,1084.8,887.6,1102.5,649.1,1008.6,287,2,1008.5,3267,9,1008.4,3038,19,1008.3,1293,16,1008.2,2073,13,1008.7,123,2,1008.8,85,2,1008.9,49,1,1009.0,259,4,1009.1,399,7
317,2025-11-26 13:15:51+05:30,1008.6,149,1000.53,6865902,380875.0,449883.0,986.2,1012.2,981.3,986.2,120422250,1084.8,887.6,1102.5,649.1,1008.6,287,2,1008.5,3267,9,1008.4,3038,19,1008.3,1293,16,1008.2,2073,13,1008.7,123,2,1008.8,85,2,1008.9,49,1,1009.0,259,4,1009.1,399,7
317,2025-11-26 13:15:52+05:30,1008.6,1,1000.53,6865903,380874.0,449913.0,986.2,1012.2,981.3,986.2,120422250,1084.8,887.6,1102.5,649.1,1008.6,286,2,1008.5,3267,9,1008.4,3038,19,1008.3,1293,16,1008.2,2073,13,1008.7,123,2,1008.8,85,2,1008.9,49,1,1009.0,363,5,1009.1,399,7
317,2025-11-26 13:15:52+05:30,1008.6,1,1000.53,6865903,380874.0,449913.0,986.2,1012.2,981.3,986.2,120422250,1084.8,887.6,1102.5,649.1,1008.6,286,2,1008.5,3267,9,1008.4,3038,19,1008.3,1293,16,1008.2,2073,13,1008.7,123,2,1008.8,85,2,1008.9,49,1,1009.0,363,5,1009.1,399,7
317,2025-11-26 13:15:53+05:30,1008.7,1,1000.53,6865936,380885.0,449949.0,986.2,1012.2,981.3,986.2,120422250,1084.8,887.6,1102.5,649.1,1008.6,286,2,1008.5,3267,9,1008.4,3038,19,1008.3,1293,16,1008.2,2073,13,1008.7,90,2,1008.8,85,2,1008.9,49,1,1009.0,363,5,1009.1,399,7
317,2025-11-26 13:15:53+05:30,1008.7,1,1000.53,6865936,380885.0,449949.0,986.2,1012.2,981.3,986.2,120422250,1084.8,887.6,1102.5,649.1,1008.6,286,2,1008.5,3267,9,1008.4,3038,19,1008.3,1293,16,1008.2,2073,13,1008.7,90,2,1008.8,85,2,1008.9,49,1,1009.0,363,5,1009.1,399,7
317,2025-11-26 13:15:54+05:30,1008.7,5,1000.53,6865941,380816.0,450050.0,986.2,1012.2,981.3,986.2,120422250,1084.8,887.6,1102.5,649.1,1008.6,286,2,1008.5,3267,9,1008.4,2970,18,1008.3,1293,16,1008.2,2073,13,1008.7,260,5,1008.8,40,1,1008.9,49,1,1009.0,363,5,1009.1,398,6
317,2025-11-26 13:15:54+05:30,1008.7,25,1000.53,6865941,380816.0,450050.0,986.2,1012.2,981.3,986.2,120422250,1084.8,887.6,1102.5,649.1,1008.6,286,2,1008.5,3267,9,1008.4,2970,18,1008.3,1293,16,1008.2,2073,13,1008.7,260,5,1008.8,40,1,1008.9,49,1,1009.0,363,5,1009.1,398,6
317,2025-11-26 13:15:55+05:30,1008.7,31,1000.53,6866232,380066.0,449946.0,986.2,1012.2,981.3,986.2,120422250,1084.8,887.6,1102.5,649.1,1008.6,303,3,1008.5,3284,10,1008.4,2215,16,1008.3,1264,15,1008.2,2073,13,1008.8,40,1,1008.9,49,1,1009.0,363,5,1009.1,567,8,1009.2,1267,10
317,2025-11-26 13:15:55+05:30,1008.7,31,1000.53,6866232,380066.0,449946.0,986.2,1012.2,981.3,986.2,120422250,1084.8,887.6,1102.5,649.1,1008.6,303,3,1008.5,3284,10,1008.4,2215,16,1008.3,1264,15,1008.2,2073,13,1008.8,40,1,1008.9,49,1,1009.0,363,5,1009.1,567,8,1009.2,1267,10
317,2025-11-26 13:15:56+05:30,1008.8,26,1000.53,6866258,380236.0,449947.0,986.2,1012.2,981.3,986.2,120422250,1084.8,887.6,1102.5,649.1,1008.7,1,1,1008.6,286,2,1008.5,3301,11,1008.4,2300,17,1008.3,1348,16,1008.8,14,1,1008.9,49,1,1009.0,363,5,1009.1,567,8,1009.2,1267,10
317,2025-11-26 13:15:56+05:30,1008.8,26,1000.53,6866258,380236.0,449947.0,986.2,1012.2,981.3,986.2,120422250,1084.8,887.6,1102.5,649.1,1008.7,1,1,1008.6,286,2,1008.5,3301,11,1008.4,2300,17,1008.3,1348,16,1008.8,14,1,1008.9,49,1,1009.0,363,5,1009.1,567,8,1009.2,1267,10
317,2025-11-26 13:15:57+05:30,1008.8,58,1000.53,6866258,380236.0,449947.0,986.2,1012.2,981.3,986.2,120422250,1084.8,887.6,1102.5,649.1,1008.7,1,1,1008.6,286,2,1008.5,3301,11,1008.4,2300,17,1008.3,1348,16,1008.8,14,1,1008.9,49,1,1009.0,363,5,1009.1,567,8,1009.2,1267,10
317,2025-11-26 13:15:57+05:30,1008.8,58,1000.53,6866527,378961.0,448530.0,986.2,1012.2,981.3,986.2,120422250,1084.8,887.6,1102.5,649.1,1008.6,440,6,1008.5,3394,13,1008.4,2371,19,1008.3,1348,16,1008.2,2063,12,1009.0,210,3,1009.1,275,5,1009.2,912,6,1009.3,610,11,1009.4,502,12
317,2025-11-26 13:15:58+05:30,1008.8,58,1000.53,6866527,378228.0,448612.0,986.2,1012.2,981.3,986.2,120422250,1084.8,887.6,1102.5,649.1,1008.6,474,8,1008.5,2644,12,1008.4,2371,19,1008.3,1348,16,1008.2,2063,12,1009.0,210,3,1009.1,275,5,1009.2,959,7,1009.3,610,11,1009.4,502,12
317,2025-11-26 13:15:59+05:30,1009.0,1,1000.53,6866528,378227.0,448630.0,986.2,1012.2,981.3,986.2,120422250,1084.8,887.6,1102.5,649.1,1008.6,473,8,1008.5,2644,12,1008.4,2371,19,1008.3,1348,16,1008.2,2063,12,1009.0,219,4,1009.1,275,5,1009.2,959,7,1009.3,610,11,1009.4,502,12
317,2025-11-26 13:15:59+05:30,1009.0,1,1000.53,6866528,378227.0,448630.0,986.2,1012.2,981.3,986.2,120422250,1084.8,887.6,1102.5,649.1,1008.6,473,8,1008.5,2644,12,1008.4,2371,19,1008.3,1348,16,1008.2,2063,12,1009.0,219,4,1009.1,275,5,1009.2,959,7,1009.3,610,11,1009.4,502,12
317,2025-11-26 13:16:00+05:30,1008.6,8,1000.53,6866537,377304.0,449912.0,986.2,1012.2,981.3,986.2,120422250,1084.8,887.6,1102.5,649.1,1008.6,13,1,1008.5,127,4,1008.4,1842,11,1008.3,2519,15,1008.2,2800,14,1008.9,87,1,1009.0,338,6,1009.1,560,9,1009.2,575,9,1009.3,818,14
317,2025-11-26 13:16:00+05:30,1008.6,8,1000.53,6866537,377304.0,449912.0,986.2,1012.2,981.3,986.2,120422250,1084.8,887.6,1102.5,649.1,1008.6,13,1,1008.5,127,4,1008.4,1842,11,1008.3,2519,15,1008.2,2800,14,1008.9,87,1,1009.0,338,6,1009.1,560,9,1009.2,575,9,1009.3,818,14
317,2025-11-26 13:16:01+05:30,1009.0,24,1000.53,6866563,383677.0,448793.0,986.2,1012.2,981.3,986.2,120422250,1084.8,887.6,1102.5,649.1,1008.9,1,1,1008.7,10,1,1008.6,1138,5,1008.5,3222,8,1008.4,1542,13,1009.0,252,6,1009.1,295,8,1009.2,231,3,1009.3,708,13,1009.4,496,10
317,2025-11-26 13:16:01+05:30,1008.9,1,1000.53,6866563,383677.0,448793.0,986.2,1012.2,981.3,986.2,120422250,1084.8,887.6,1102.5,649.1,1008.9,1,1,1008.7,10,1,1008.6,1138,5,1008.5,3222,8,1008.4,1542,13,1009.0,252,6,1009.1,295,8,1009.2,231,3,1009.3,708,13,1009.4,496,10
317,2025-11-26 13:16:02+05:30,1008.6,6,1000.53,6866571,384313.0,449013.0,986.2,1012.2,981.3,986.2,120422250,1084.8,887.6,1102.5,649.1,1008.6,1130,5,1008.5,3551,15,1008.4,1567,16,1008.3,1896,16,1008.2,2073,13,1008.9,35,2,1009.0,189,3,1009.1,238,5,1009.2,425,9,1009.3,792,12
317,2025-11-26 13:16:02+05:30,1008.6,6,1000.53,6866571,384313.0,449013.0,986.2,1012.2,981.3,986.2,120422250,1084.8,887.6,1102.5,649.1,1008.6,1130,5,1008.5,3551,15,1008.4,1567,16,1008.3,1896,16,1008.2,2073,13,1008.9,35,2,1009.0,189,3,1009.1,238,5,1009.2,425,9,1009.3,792,12
317,2025-11-26 13:16:03+05:30,1008.9,4,1000.53,6866602,384751.0,448823.0,986.2,1012.2,981.3,986.2,120422250,1084.8,887.6,1102.5,649.1,1008.7,25,2,1008.6,1912,8,1008.5,3565,15,1008.4,2288,15,1008.3,1117,13,1008.9,22,2,1009.0,186,2,1009.1,101,3,1009.2,387,7,1009.3,608,9
317,2025-11-26 13:16:03+05:30,1008.9,4,1000.53,6866602,384751.0,448823.0,986.2,1012.2,981.3,986.2,120422250,1084.8,887.6,1102.5,649.1,1008.7,25,2,1008.6,1912,8,1008.5,3565,15,1008.4,2288,15,1008.3,1117,13,1008.9,22,2,1009.0,186,2,1009.1,101,3,1009.2,387,7,1009.3,608,9
317,2025-11-26 13:16:04+05:30,1008.9,2,1000.53,6866604,384508.0,448854.0,986.2,1012.2,981.3,986.2,120422250,1084.8,887.6,1102.5,649.1,1008.6,1912,8,1008.5,3546,14,1008.4,1492,15,1008.3,1812,15,1008.2,1634,11,1008.9,20,2,1009.0,186,2,1009.1,101,3,1009.2,387,7,1009.3,608,9
317,2025-11-26 13:16:04+05:30,1008.9,2,1000.53,6866604,384508.0,448854.0,986.2,1012.2,981.3,986.2,120422250,1084.8,887.6,1102.5,649.1,1008.6,1912,8,1008.5,3546,14,1008.4,1492,15,1008.3,1812,15,1008.2,1634,11,1008.9,20,2,1009.0,186,2,1009.1,101,3,1009.2,387,7,1009.3,608,9
317,2025-11-26 13:16:05+05:30,1008.9,2,1000.53,6866606,385776.0,449848.0,986.2,1012.2,981.3,986.2,120422250,1084.8,887.6,1102.5,649.1,1008.6,1805,7,1008.5,3431,13,1008.4,2157,15,1008.3,1812,15,1008.2,1728,11,1008.7,176,1,1008.9,36,2,1009.0,10,1,1009.1,316,5,1009.2,956,8
317,2025-11-26 13:16:05+05:30,1008.6,1,1000.53,6866606,385776.0,449848.0,986.2,1012.2,981.3,986.2,120422250,1084.8,887.6,1102.5,649.1,1008.6,1805,7,1008.5,3431,13,1008.4,2157,15,1008.3,1812,15,1008.2,1728,11,1008.7,176,1,1008.9,36,2,1009.0,10,1,1009.1,316,5,1009.2,956,8
317,2025-11-26 13:16:06+05:30,1008.7,40,1000.53,6866648,385793.0,449859.0,986.2,1012.2,981.3,986.2,120422250,1084.8,887.6,1102.5,649.1,1008.6,1804,7,1008.5,3363,11,1008.4,2173,16,1008.3,1833,16,1008.2,1728,11,1008.7,135,1,1008.8,39,1,1008.9,36,2,1009.0,10,1,1009.1,316,5
317,2025-11-26 13:16:06+05:30,1008.6,156,1000.53,6866648,385793.0,449859.0,986.2,1012.2,981.3,986.2,120422250,1084.8,887.6,1102.5,649.1,1008.6,1804,7,1008.5,3363,11,1008.4,2173,16,1008.3,1833,16,1008.2,1728,11,1008.7,135,1,1008.8,39,1,1008.9,36,2,1009.0,10,1,1009.1,316,5
317,2025-11-26 13:16:07+05:30,1008.6,156,1000.53,6866810,385562.0,450897.0,986.2,1012.2,981.3,986.2,120422250,1084.8,887.6,1102.5,649.1,1008.6,1642,6,1008.5,3347,10,1008.4,2870,17,1008.3,1083,15,1008.2,1728,11,1008.7,136,2,1008.8,39,1,1008.9,68,2,1009.0,323,5,1009.1,360,6
317,2025-11-26 13:16:08+05:30,1008.9,14,1000.53,6867211,384547.0,449832.0,986.2,1012.2,981.3,986.2,120422250,1084.8,887.6,1102.5,649.1,1008.6,1642,6,1008.5,3545,14,1008.4,2104,15,1008.3,1062,14,1008.2,2063,12,1008.9,4,1,1009.0,10,1,1009.1,205,4,1009.2,451,7,1009.3,1094,9
317,2025-11-26 13:16:08+05:30,1008.9,14,1000.53,6867211,384547.0,449832.0,986.2,1012.2,981.3,986.2,120422250,1084.8,887.6,1102.5,649.1,1008.6,1642,6,1008.5,3545,14,1008.4,2104,15,1008.3,1062,14,1008.2,2063,12,1008.9,4,1,1009.0,10,1,1009.1,205,4,1009.2,451,7,1009.3,1094,9
317,2025-11-26 13:16:09+05:30,1008.6,16,1000.53,6867211,384547.0,449832.0,986.2,1012.2,981.3,986.2,120422250,1084.8,887.6,1102.5,649.1,1008.6,1642,6,1008.5,3545,14,1008.4,2104,15,1008.3,1062,14,1008.2,2063,12,1008.9,4,1,1009.0,10,1,1009.1,205,4,1009.2,451,7,1009.3,1094,9
317,2025-11-26 13:16:09+05:30,1008.6,16,1000.53,6867227,384884.0,450076.0,986.2,1012.2,981.3,986.2,120422250,1084.8,887.6,1102.5,649.1,1008.6,1785,9,1008.5,3545,14,1008.4,2157,15,1008.3,1062,14,1008.2,1959,11,1008.9,4,1,1009.0,10,1,1009.1,205,4,1009.2,451,7,1009.3,1094,9
317,2025-11-26 13:16:10+05:30,1008.9,1,1000.53,6867227,384884.0,450076.0,986.2,1012.2,981.3,986.2,120422250,1084.8,887.6,1102.5,649.1,1008.6,1785,9,1008.5,3545,14,1008.4,2157,15,1008.3,1062,14,1008.2,1959,11,1008.9,4,1,1009.0,10,1,1009.1,205,4,1009.2,451,7,1009.3,1094,9
317,2025-11-26 13:16:10+05:30,1008.9,1,1000.53,6867228,384350.0,449806.0,986.2,1012.2,981.3,986.2,120422250,1084.8,887.6,1102.5,649.1,1008.6,1730,7,1008.5,3532,14,1008.4,1305,10,1008.3,1833,16,1008.2,1988,13,1008.9,4,2,1009.0,10,1,1009.1,205,4,1009.2,453,8,1009.3,1105,10
317,2025-11-26 13:16:11+05:30,1008.6,4,1000.53,6867228,384350.0,449806.0,986.2,1012.2,981.3,986.2,120422250,1084.8,887.6,1102.5,649.1,1008.6,1730,7,1008.5,3532,14,1008.4,1305,10,1008.3,1833,16,1008.2,1988,13,1008.9,4,2,1009.0,10,1,1009.1,205,4,1009.2,453,8,1009.3,1105,10
317,2025-11-26 13:16:11+05:30,1008.6,4,1000.53,6867239,385823.0,451104.0,986.2,1012.2,981.3,986.2,120422250,1084.8,887.6,1102.5,649.1,1008.6,867,5,1008.5,4151,13,1008.4,2107,12,1008.3,1083,15,1008.2,2842,15,1008.7,16,1,1008.9,2,2,1009.0,59,2,1009.1,458,6,1009.2,453,8
317,2025-11-26 13:16:12+05:30,1008.7,50,1000.53,6867239,385823.0,451104.0,986.2,1012.2,981.3,986.2,120422250,1084.8,887.6,1102.5,649.1,1008.6,867,5,1008.5,4151,13,1008.4,2107,12,1008.3,1083,15,1008.2,2842,15,1008.7,16,1,1008.9,2,2,1009.0,59,2,1009.1,458,6,1009.2,453,8
317,2025-11-26 13:16:12+05:30,1008.7,50,1000.53,6867319,385608.0,449981.0,986.2,1012.2,981.3,986.2,120422250,1084.8,887.6,1102.5,649.1,1008.6,863,4,1008.5,4111,12,1008.4,2110,13,1008.3,925,13,1008.2,2720,14,1008.7,16,1,1008.9,2,2,1009.0,59,2,1009.1,327,4,1009.2,451,8
317,2025-11-26 13:16:13+05:30,1008.6,78,1000.53,6867319,385608.0,449981.0,986.2,1012.2,981.3,986.2,120422250,1084.8,887.6,1102.5,649.1,1008.6,863,4,1008.5,4111,12,1008.4,2110,13,1008.3,925,13,1008.2,2720,14,1008.7,16,1,1008.9,2,2,1009.0,59,2,1009.1,327,4,1009.2,451,8
317,2025-11-26 13:16:13+05:30,1008.6,78,1000.53,6867430,385680.0,450012.0,986.2,1012.2,981.3,986.2,120422250,1084.8,887.6,1102.5,649.1,1008.6,789,5,1008.5,4149,13,1008.4,2106,12,1008.3,1660,13,1008.2,1985,14,1008.7,16,1,1008.9,2,2,1009.0,59,2,1009.1,327,4,1009.2,400,7
317,2025-11-26 13:16:14+05:30,1008.7,2,1000.53,6867430,385680.0,450012.0,986.2,1012.2,981.3,986.2,120422250,1084.8,887.6,1102.5,649.1,1008.6,789,5,1008.5,4149,13,1008.4,2106,12,1008.3,1660,13,1008.2,1985,14,1008.7,16,1,1008.9,2,2,1009.0,59,2,1009.1,327,4,1009.2,400,7
317,2025-11-26 13:16:14+05:30,1008.7,2,1000.53,6867432,385680.0,450057.0,986.2,1012.2,981.3,986.2,120422250,1084.8,887.6,1102.5,649.1,1008.6,1539,6,1008.5,3399,12,1008.4,2106,12,1008.3,1660,13,1008.2,1985,14,1008.7,15,2,1008.9,2,2,1009.0,59,2,1009.1,327,4,1009.2,451,8
317,2025-11-26 13:16:15+05:30,1009.1,8,1000.53,6867558,386542.0,447611.0,986.2,1012.2,981.3,986.2,120422250,1084.8,887.6,1102.5,649.1,1009.0,740,1,1008.8,4,1,1008.7,265,4,1008.6,2557,10,1008.5,3504,14,1009.1,11,1,1009.2,2,1,1009.3,329,4,1009.4,427,6,1009.5,725,16
317,2025-11-26 13:16:15+05:30,1009.1,96,1000.53,6867558,386542.0,447611.0,986.2,1012.2,981.3,986.2,120422250,1084.8,887.6,1102.5,649.1,1009.0,740,1,1008.8,4,1,1008.7,265,4,1008.6,2557,10,1008.5,3504,14,1009.1,11,1,1009.2,2,1,1009.3,329,4,1009.4,427,6,1009.5,725,16
317,2025-11-26 13:16:16+05:30,1009.1,2,1000.53,6867728,385937.0,447680.0,986.2,1012.2,981.3,986.2,120422250,1084.8,887.6,1102.5,649.1,1009.0,770,3,1008.8,91,2,1008.7,436,6,1008.6,1979,9,1008.5,2145,12,1009.1,2,1,1009.2,52,2,1009.3,356,5,1009.4,932,7,1009.5,722,16
317,2025-11-26 13:16:16+05:30,1009.1,2,1000.53,6867728,385937.0,447680.0,986.2,1012.2,981.3,986.2,120422250,1084.8,887.6,1102.5,649.1,1009.0,770,3,1008.8,91,2,1008.7,436,6,1008.6,1979,9,1008.5,2145,12,1009.1,2,1,1009.2,52,2,1009.3,356,5,1009.4,932,7,1009.5,722,16
317,2025-11-26 13:16:17+05:30,1009.1,1,1000.53,6867906,385812.0,447024.0,986.2,1012.2,981.3,986.2,120422250,1084.8,887.6,1102.5,649.1,1009.0,614,4,1008.8,91,2,1008.7,315,5,1008.6,1832,8,1008.5,2369,15,1009.1,1,1,1009.2,52,2,1009.3,401,6,1009.4,932,7,1009.5,722,16
317,2025-11-26 13:16:17+05:30,1009.1,1,1000.53,6867906,385812.0,447024.0,986.2,1012.2,981.3,986.2,120422250,1084.8,887.6,1102.5,649.1,1009.0,614,4,1008.8,91,2,1008.7,315,5,1008.6,1832,8,1008.5,2369,15,1009.1,1,1,1009.2,52,2,1009.3,401,6,1009.4,932,7,1009.5,722,16
317,2025-11-26 13:16:18+05:30,1009.2,47,1000.53,6867956,385852.0,447138.0,986.2,1012.2,981.3,986.2,120422250,1084.8,887.6,1102.5,649.1,1009.0,614,4,1008.8,91,2,1008.7,243,4,1008.6,1928,9,1008.5,2369,15,1009.1,268,1,1009.2,3,1,1009.3,401,6,1009.4,341,6,1009.5,1302,17
317,2025-11-26 13:16:18+05:30,1009.2,47,1000.53,6867956,385852.0,447138.0,986.2,1012.2,981.3,986.2,120422250,1084.8,887.6,1102.5,649.1,1009.0,614,4,1008.8,91,2,1008.7,243,4,1008.6,1928,9,1008.5,2369,15,1009.1,268,1,1009.2,3,1,1009.3,401,6,1009.4,341,6,1009.5,1302,17
317,2025-11-26 13:16:19+05:30,1009.0,34,1000.53,6867991,386549.0,447481.0,986.2,1012.2,981.3,986.2,120422250,1084.8,887.6,1102.5,649.1,1009.0,592,5,1008.8,91,2,1008.7,1258,6,1008.6,2413,9,1008.5,2278,17,1009.1,268,1,1009.2,3,1,1009.3,374,5,1009.4,368,7,1009.5,722,16
317,2025-11-26 13:16:19+05:30,1009.0,34,1000.53,6867991,386549.0,447481.0,986.2,1012.2,981.3,986.2,120422250,1084.8,887.6,1102.5,649.1,1009.0,592,5,1008.8,91,2,1008.7,1258,6,1008.6,2413,9,1008.5,2278,17,1009.1,268,1,1009.2,3,1,1009.3,374,5,1009.4,368,7,1009.5,722,16
317,2025-11-26 13:16:20+05:30,1009.1,2,1000.53,6867994,386974.0,447660.0,986.2,1012.2,981.3,986.2,120422250,1084.8,887.6,1102.5,649.1,1009.0,592,5,1008.8,91,2,1008.7,1362,7,1008.6,2413,9,1008.5,2278,17,1009.1,265,1,1009.2,3,1,1009.3,411,6,1009.4,476,8,1009.5,722,16
317,2025-11-26 13:16:20+05:30,1009.1,2,1000.53,6867994,386974.0,447660.0,986.2,1012.2,981.3,986.2,120422250,1084.8,887.6,1102.5,649.1,1009.0,592,5,1008.8,91,2,1008.7,1362,7,1008.6,2413,9,1008.5,2278,17,1009.1,265,1,1009.2,3,1,1009.3,411,6,1009.4,476,8,1009.5,722,16
317,2025-11-26 13:16:21+05:30,1009.1,1,1000.53,6867995,387973.0,447662.0,986.2,1012.2,981.3,986.2,120422250,1084.8,887.6,1102.5,649.1,1009.0,591,5,1008.8,91,2,1008.7,1362,7,1008.6,2413,9,1008.5,2278,17,1009.1,264,1,1009.2,3,1,1009.3,441,8,1009.4,449,7,1009.5,722,16
317,2025-11-26 13:16:21+05:30,1009.0,152,1000.53,6867995,387973.0,447662.0,986.2,1012.2,981.3,986.2,120422250,1084.8,887.6,1102.5,649.1,1009.0,591,5,1008.8,91,2,1008.7,1362,7,1008.6,2413,9,1008.5,2278,17,1009.1,264,1,1009.2,3,1,1009.3,441,8,1009.4,449,7,1009.5,722,16
317,2025-11-26 13:16:22+05:30,1009.0,152,1000.53,6868147,388151.0,447662.0,986.2,1012.2,981.3,986.2,120422250,1084.8,887.6,1102.5,649.1,1009.0,939,6,1008.8,91,2,1008.7,1362,7,1008.6,2413,9,1008.5,2278,17,1009.1,264,1,1009.2,3,1,1009.3,413,7,1009.4,477,8,1009.5,722,16
317,2025-11-26 13:16:23+05:30,1009.1,22,1000.53,6868199,388159.0,447676.0,986.2,1012.2,981.3,986.2,120422250,1084.8,887.6,1102.5,649.1,1009.0,939,6,1008.8,91,2,1008.7,1362,7,1008.6,2450,10,1008.5,2278,17,1009.1,212,1,1009.2,3,1,1009.3,413,7,1009.4,477,8,1009.5,726,17
317,2025-11-26 13:16:23+05:30,1009.0,1,1000.53,6868199,388159.0,447676.0,986.2,1012.2,981.3,986.2,120422250,1084.8,887.6,1102.5,649.1,1009.0,939,6,1008.8,91,2,1008.7,1362,7,1008.6,2450,10,1008.5,2278,17,1009.1,212,1,1009.2,3,1,1009.3,413,7,1009.4,477,8,1009.5,726,17
317,2025-11-26 13:16:24+05:30,1009.0,1,1000.53,6868200,388102.0,447680.0,986.2,1012.2,981.3,986.2,120422250,1084.8,887.6,1102.5,649.1,1009.0,938,6,1008.8,91,2,1008.7,1424,9,1008.6,2450,10,1008.5,3028,18,1009.1,212,1,1009.2,3,1,1009.3,331,5,1009.4,477,8,1009.5,700,15
317,2025-11-26 13:16:25+05:30,1009.1,1,1000.53,6868216,388102.0,447730.0,986.2,1012.2,981.3,986.2,120422250,1084.8,887.6,1102.5,649.1,1009.0,938,6,1008.8,91,2,1008.7,1424,9,1008.6,2450,10,1008.5,3028,18,1009.1,196,1,1009.2,3,1,1009.3,331,5,1009.4,450,7,1009.5,725,15
317,2025-11-26 13:16:25+05:30,1009.1,11,1000.53,6868216,388102.0,447730.0,986.2,1012.2,981.3,986.2,120422250,1084.8,887.6,1102.5,649.1,1009.0,938,6,1008.8,91,2,1008.7,1424,9,1008.6,2450,10,1008.5,3028,18,1009.1,196,1,1009.2,3,1,1009.3,331,5,1009.4,450,7,1009.5,725,15
317,2025-11-26 13:16:26+05:30,1009.1,1,1000.53,6868250,388048.0,447883.0,986.2,1012.2,981.3,986.2,120422250,1084.8,887.6,1102.5,649.1,1009.0,928,7,1008.8,91,2,1008.7,1415,9,1008.6,2423,9,1008.5,3028,18,1009.1,182,1,1009.2,3,1,1009.3,331,5,1009.4,450,7,1009.5,697,14
317,2025-11-26 13:16:26+05:30,1009.1,1,1000.53,6868250,388048.0,447883.0,986.2,1012.2,981.3,986.2,120422250,1084.8,887.6,1102.5,649.1,1009.0,928,7,1008.8,91,2,1008.7,1415,9,1008.6,2423,9,1008.5,3028,18,1009.1,182,1,1009.2,3,1,1009.3,331,5,1009.4,450,7,1009.5,697,14
317,2025-11-26 13:16:27+05:30,1009.1,163,1000.53,6868413,388096.0,446950.0,986.2,1012.2,981.3,986.2,120422250,1084.8,887.6,1102.5,649.1,1009.0,928,7,1008.8,122,3,1008.7,1603,11,1008.6,2423,9,1008.5,3028,18,1009.1,19,1,1009.2,3,1,1009.3,78,3,1009.4,856,6,1009.5,725,15
317,2025-11-26 13:16:27+05:30,1009.1,163,1000.53,6868413,388096.0,446950.0,986.2,1012.2,981.3,986.2,120422250,1084.8,887.6,1102.5,649.1,1009.0,928,7,1008.8,122,3,1008.7,1603,11,1008.6,2423,9,1008.5,3028,18,1009.1,19,1,1009.2,3,1,1009.3,78,3,1009.4,856,6,1009.5,725,15
317,2025-11-26 13:16:28+05:30,1009.1,18,1000.53,6868432,488321.0,445437.0,986.2,1012.2,981.3,986.2,120422250,1084.8,887.6,1102.5,649.1,1009.0,101208,12,1008.9,501,8,1008.8,615,11,1008.7,1953,12,1008.6,1814,10,1009.2,3,1,1009.3,2,1,1009.5,265,8,1009.6,963,7,1009.7,811,16
317,2025-11-26 13:16:28+05:30,1009.0,73346,1000.53,6868432,488321.0,445437.0,986.2,1012.2,981.3,986.2,120422250,1084.8,887.6,1102.5,649.1,1009.0,101208,12,1008.9,501,8,1008.8,615,11,1008.7,1953,12,1008.6,1814,10,1009.2,3,1,1009.3,2,1,1009.5,265,8,1009.6,963,7,1009.7,811,16
317,2025-11-26 13:16:29+05:30,1009.5,1,1000.62,6943007,415105.0,441397.0,986.2,1012.2,981.3,986.2,120422250,1084.8,887.6,1102.5,649.1,1009.5,21,1,1009.2,480,5,1009.1,466,5,1009.0,27298,10,1008.9,1214,7,1009.7,433,10,1009.8,1888,7,1009.9,841,11,1010.0,6296,67,1010.1,752,9
317,2025-11-26 13:16:29+05:30,1009.5,1,1000.62,6943007,415105.0,441397.0,986.2,1012.2,981.3,986.2,120422250,1084.8,887.6,1102.5,649.1,1009.5,21,1,1009.2,480,5,1009.1,466,5,1009.0,27298,10,1008.9,1214,7,1009.7,433,10,1009.8,1888,7,1009.9,841,11,1010.0,6296,67,1010.1,752,9
317,2025-11-26 13:16:30+05:30,1009.7,15,1000.62,6943062,414581.0,442113.0,986.2,1012.2,981.3,986.2,120422250,1084.8,887.6,1102.5,649.1,1009.1,515,5,1009.0,27290,12,1008.9,1703,10,1008.8,2585,20,1008.7,3384,18,1009.5,123,1,1009.6,5,1,1009.7,840,8,1009.8,1997,9,1009.9,764,15
317,2025-11-26 13:16:30+05:30,1009.1,8,1000.62,6943062,414581.0,442113.0,986.2,1012.2,981.3,986.2,120422250,1084.8,887.6,1102.5,649.1,1009.1,515,5,1009.0,27290,12,1008.9,1703,10,1008.8,2585,20,1008.7,3384,18,1009.5,123,1,1009.6,5,1,1009.7,840,8,1009.8,1997,9,1009.9,764,15
317,2025-11-26 13:16:31+05:30,1009.5,1,1000.62,6943071,413075.0,443730.0,986.2,1012.2,981.3,986.2,120422250,1084.8,887.6,1102.5,649.1,1009.1,168,2,1009.0,27238,10,1008.9,551,7,1008.8,1992,17,1008.7,2777,19,1009.5,274,3,1009.6,321,6,1009.7,1111,11,1009.8,2048,10,1009.9,738,14
317,2025-11-26 13:16:31+05:30,1009.5,1,1000.62,6943071,413075.0,443730.0,986.2,1012.2,981.3,986.2,120422250,1084.8,887.6,1102.5,649.1,1009.1,168,2,1009.0,27238,10,1008.9,551,7,1008.8,1992,17,1008.7,2777,19,1009.5,274,3,1009.6,321,6,1009.7,1111,11,1009.8,2048,10,1009.9,738,14
317,2025-11-26 13:16:32+05:30,1009.5,1,1000.62,6943071,415628.0,447154.0,986.2,1012.2,981.3,986.2,120422250,1084.8,887.6,1102.5,649.1,1009.0,26917,7,1008.9,1571,9,1008.8,1441,14,1008.7,3240,19,1008.6,2493,13,1009.3,1502,1,1009.5,304,5,1009.6,597,8,1009.7,853,12,1009.8,2082,10
317,2025-11-26 13:16:33+05:30,1009.3,23,1000.62,6943071,415628.0,447154.0,986.2,1012.2,981.3,986.2,120422250,1084.8,887.6,1102.5,649.1,1009.0,26917,7,1008.9,1571,9,1008.8,1441,14,1008.7,3240,19,1008.6,2493,13,1009.3,1502,1,1009.5,304,5,1009.6,597,8,1009.7,853,12,1009.8,2082,10
317,2025-11-26 13:16:33+05:30,1009.3,23,1000.62,6943103,416558.0,446646.0,986.2,1012.2,981.3,986.2,120422250,1084.8,887.6,1102.5,649.1,1009.0,26930,8,1008.9,1721,12,1008.8,2237,14,1008.7,3240,19,1008.6,2493,13,1009.3,1470,1,1009.5,301,4,1009.6,346,6,1009.7,677,12,1009.8,2121,13
317,2025-11-26 13:16:34+05:30,1009.3,23,1000.62,6943103,417136.0,446330.0,986.2,1012.2,981.3,986.2,120422250,1084.8,887.6,1102.5,649.1,1009.0,27035,10,1008.9,1597,10,1008.8,2237,14,1008.7,3240,19,1008.6,2493,13,1009.3,1470,1,1009.5,301,4,1009.6,346,6,1009.7,677,12,1009.8,2121,13
317,2025-11-26 13:16:35+05:30,1009.3,1,1000.62,6943103,417136.0,446330.0,986.2,1012.2,981.3,986.2,120422250,1084.8,887.6,1102.5,649.1,1009.0,27035,10,1008.9,1597,10,1008.8,2237,14,1008.7,3240,19,1008.6,2493,13,1009.3,1470,1,1009.5,301,4,1009.6,346,6,1009.7,677,12,1009.8,2121,13
317,2025-11-26 13:16:36+05:30,1009.1,133,1000.62,6943103,417136.0,446330.0,986.2,1012.2,981.3,986.2,120422250,1084.8,887.6,1102.5,649.1,1009.0,27035,10,1008.9,1597,10,1008.8,2237,14,1008.7,3240,19,1008.6,2493,13,1009.3,1470,1,1009.5,301,4,1009.6,346,6,1009.7,677,12,1009.8,2121,13
317,2025-11-26 13:16:36+05:30,1009.1,133,1000.63,6944953,419608.0,447252.0,986.2,1012.2,981.3,986.2,120422250,1084.8,887.6,1102.5,649.1,1009.0,26808,8,1008.9,1780,7,1008.8,2390,17,1008.7,2749,18,1008.6,2112,10,1009.1,1227,1,1009.5,487,7,1009.6,309,7,1009.7,1126,13,1009.8,2234,15
317,2025-11-26 13:16:37+05:30,1009.1,133,1000.63,6944953,420561.0,447452.0,986.2,1012.2,981.3,986.2,120422250,1084.8,887.6,1102.5,649.1,1009.0,26860,9,1008.9,1708,7,1008.8,3042,17,1008.7,2770,19,1008.6,2216,11,1009.1,1227,1,1009.5,572,7,1009.6,449,10,1009.7,1147,14,1009.8,2245,14
317,2025-11-26 13:16:38+05:30,1009.1,133,1000.63,6944953,420561.0,448114.0,986.2,1012.2,981.3,986.2,120422250,1084.8,887.6,1102.5,649.1,1009.0,26860,9,1008.9,1708,7,1008.8,3042,17,1008.7,2770,19,1008.6,2216,11,1009.1,1227,1,1009.4,545,1,1009.5,1395,10,1009.6,529,11,1009.7,673,13
317,2025-11-26 13:16:39+05:30,1009.1,1,1000.63,6944954,420518.0,447892.0,986.2,1012.2,981.3,986.2,120422250,1084.8,887.6,1102.5,649.1,1009.0,26860,9,1008.9,1604,6,1008.8,2951,16,1008.7,2770,19,1008.6,2216,11,1009.1,1226,1,1009.4,649,2,1009.5,1395,10,1009.6,529,11,1009.7,673,13
317,2025-11-26 13:16:39+05:30,1009.1,1,1000.63,6944954,420518.0,447892.0,986.2,1012.2,981.3,986.2,120422250,1084.8,887.6,1102.5,649.1,1009.0,26860,9,1008.9,1604,6,1008.8,2951,16,1008.7,2770,19,1008.6,2216,11,1009.1,1226,1,1009.4,649,2,1009.5,1395,10,1009.6,529,11,1009.7,673,13
317,2025-11-26 13:16:40+05:30,1009.1,1,1000.63,6944955,420815.0,447868.0,986.2,1012.2,981.3,986.2,120422250,1084.8,887.6,1102.5,649.1,1009.0,27053,10,1008.9,1604,6,1008.8,2951,16,1008.7,2770,19,1008.6,2216,11,1009.1,1225,1,1009.3,5,1,1009.4,649,2,1009.5,1395,10,1009.6,529,11
317,2025-11-26 13:16:40+05:30,1009.1,1,1000.63,6944955,420815.0,447868.0,986.2,1012.2,981.3,986.2,120422250,1084.8,887.6,1102.5,649.1,1009.0,27053,10,1008.9,1604,6,1008.8,2951,16,1008.7,2770,19,1008.6,2216,11,1009.1,1225,1,1009.3,5,1,1009.4,649,2,1009.5,1395,10,1009.6,529,11
317,2025-11-26 13:16:41+05:30,1009.1,2,1000.63,6944957,420711.0,447578.0,986.2,1012.2,981.3,986.2,120422250,1084.8,887.6,1102.5,649.1,1009.0,27053,10,1008.9,1604,6,1008.8,2847,15,1008.7,3520,20,1008.6,1466,10,1009.1,1223,1,1009.2,46,1,1009.3,5,1,1009.4,649,2,1009.5,1357,9
317,2025-11-26 13:16:41+05:30,1009.2,191,1000.63,6944957,420711.0,447578.0,986.2,1012.2,981.3,986.2,120422250,1084.8,887.6,1102.5,649.1,1009.0,27053,10,1008.9,1604,6,1008.8,2847,15,1008.7,3520,20,1008.6,1466,10,1009.1,1223,1,1009.2,46,1,1009.3,5,1,1009.4,649,2,1009.5,1357,9
317,2025-11-26 13:16:42+05:30,1009.2,191,1000.64,6958654,402725.0,445005.0,986.2,1012.2,981.3,986.2,120422250,1084.8,887.6,1102.5,649.1,1009.1,8,1,1009.0,13763,12,1008.9,2137,10,1008.8,2420,19,1008.7,3478,18,1009.5,1157,6,1009.6,466,9,1009.7,1078,12,1009.8,2198,14,1009.9,691,13
317,2025-11-26 13:16:42+05:30,1009.1,2,1000.64,6958654,402725.0,445005.0,986.2,1012.2,981.3,986.2,120422250,1084.8,887.6,1102.5,649.1,1009.1,8,1,1009.0,13763,12,1008.9,2137,10,1008.8,2420,19,1008.7,3478,18,1009.5,1157,6,1009.6,466,9,1009.7,1078,12,1009.8,2198,14,1009.9,691,13
317,2025-11-26 13:16:43+05:30,1009.2,13,1000.64,6958654,402725.0,445005.0,986.2,1012.2,981.3,986.2,120422250,1084.8,887.6,1102.5,649.1,1009.1,8,1,1009.0,13763,12,1008.9,2137,10,1008.8,2420,19,1008.7,3478,18,1009.5,1157,6,1009.6,466,9,1009.7,1078,12,1009.8,2198,14,1009.9,691,13
317,2025-11-26 13:16:43+05:30,1009.2,13,1000.64,6959391,404552.0,445532.0,986.2,1012.2,981.3,986.2,120422250,1084.8,887.6,1102.5,649.1,1009.1,4,1,1009.0,13752,11,1008.9,2265,12,1008.8,1785,18,1008.7,3478,18,1009.2,8,1,1009.5,646,4,1009.6,588,9,1009.7,1219,14,1009.8,2198,14
317,2025-11-26 13:16:44+05:30,1009.2,3,1000.64,6959391,404552.0,445532.0,986.2,1012.2,981.3,986.2,120422250,1084.8,887.6,1102.5,649.1,1009.1,4,1,1009.0,13752,11,1008.9,2265,12,1008.8,1785,18,1008.7,3478,18,1009.2,8,1,1009.5,646,4,1009.6,588,9,1009.7,1219,14,1009.8,2198,14
317,2025-11-26 13:16:44+05:30,1009.2,3,1000.64,6959395,406065.0,445642.0,986.2,1012.2,981.3,986.2,120422250,1084.8,887.6,1102.5,649.1,1009.1,6,2,1009.0,13763,11,1008.9,2241,11,1008.8,3309,21,1008.7,3478,18,1009.2,4,1,1009.4,100,1,1009.5,646,4,1009.6,588,9,1009.7,676,13
317,2025-11-26 13:16:45+05:30,1009.2,3,1000.64,6959395,406065.0,445642.0,986.2,1012.2,981.3,986.2,120422250,1084.8,887.6,1102.5,649.1,1009.1,6,2,1009.0,13763,11,1008.9,2241,11,1008.8,3309,21,1008.7,3478,18,1009.2,4,1,1009.4,100,1,1009.5,646,4,1009.6,588,9,1009.7,676,13
317,2025-11-26 13:16:45+05:30,1009.2,3,1000.64,6959398,406099.0,445719.0,986.2,1012.2,981.3,986.2,120422250,1084.8,887.6,1102.5,649.1,1009.1,64,4,1009.0,13763,11,1008.9,2217,10,1008.8,3309,21,1008.7,3478,18,1009.2,1,1,1009.4,100,1,1009.5,646,4,1009.6,588,9,1009.7,652,12
317,2025-11-26 13:16:46+05:30,1009.1,1,1000.64,6959497,404422.0,445315.0,986.2,1012.2,981.3,986.2,120422250,1084.8,887.6,1102.5,649.1,1009.1,10,1,1009.0,13739,10,1008.9,2385,14,1008.8,2470,18,1008.7,3478,18,1009.3,74,1,1009.4,100,1,1009.5,412,2,1009.6,459,8,1009.7,1227,14
317,2025-11-26 13:16:46+05:30,1009.1,1,1000.64,6959497,404422.0,445315.0,986.2,1012.2,981.3,986.2,120422250,1084.8,887.6,1102.5,649.1,1009.1,10,1,1009.0,13739,10,1008.9,2385,14,1008.8,2470,18,1008.7,3478,18,1009.3,74,1,1009.4,100,1,1009.5,412,2,1009.6,459,8,1009.7,1227,14
317,2025-11-26 13:16:47+05:30,1009.1,1,1000.64,6959497,404463.0,445273.0,986.2,1012.2,981.3,986.2,120422250,1084.8,887.6,1102.5,649.1,1009.1,51,3,1009.0,13763,11,1008.9,2361,13,1008.8,2470,18,1008.7,3478,18,1009.3,74,1,1009.4,100,1,1009.5,412,2,1009.6,437,7,1009.7,1227,14
317,2025-11-26 13:16:48+05:30,1009.3,31,1000.64,6959866,404067.0,445296.0,986.2,1012.2,981.3,986.2,120422250,1084.8,887.6,1102.5,649.1,1009.1,184,4,1009.0,14017,13,1008.9,2315,11,1008.8,1720,17,1008.7,3478,18,1009.4,100,1,1009.5,413,3,1009.6,374,6,1009.7,1206,13,1009.8,2193,14
317,2025-11-26 13:16:48+05:30,1009.3,31,1000.64,6959866,404067.0,445296.0,986.2,1012.2,981.3,986.2,120422250,1084.8,887.6,1102.5,649.1,1009.1,184,4,1009.0,14017,13,1008.9,2315,11,1008.8,1720,17,1008.7,3478,18,1009.4,100,1,1009.5,413,3,1009.6,374,6,1009.7,1206,13,1009.8,2193,14
317,2025-11-26 13:16:49+05:30,1009.1,4,1000.64,6959893,404063.0,445054.0,986.2,1012.2,981.3,986.2,120422250,1084.8,887.6,1102.5,649.1,1009.1,157,2,1009.0,14040,14,1008.9,2315,11,1008.8,1720,17,1008.7,3478,18,1009.4,100,1,1009.5,413,3,1009.6,374,6,1009.7,1206,13,1009.8,2193,14
317,2025-11-26 13:16:49+05:30,1009.1,4,1000.64,6959893,404063.0,445054.0,986.2,1012.2,981.3,986.2,120422250,1084.8,887.6,1102.5,649.1,1009.1,157,2,1009.0,14040,14,1008.9,2315,11,1008.8,1720,17,1008.7,3478,18,1009.4,100,1,1009.5,413,3,1009.6,374,6,1009.7,1206,13,1009.8,2193,14
317,2025-11-26 13:16:50+05:30,1009.1,4,1000.64,6959893,404063.0,445054.0,986.2,1012.2,981.3,986.2,120422250,1084.8,887.6,1102.5,649.1,1009.1,157,2,1009.0,14040,14,1008.9,2315,11,1008.8,1720,17,1008.7,3478,18,1009.4,100,1,1009.5,413,3,1009.6,374,6,1009.7,1206,13,1009.8,2193,14
317,2025-11-26 13:16:50+05:30,1009.4,1,1000.64,6959977,403918.0,445203.0,986.2,1012.2,981.3,986.2,120422250,1084.8,887.6,1102.5,649.1,1009.1,318,3,1009.0,13990,14,1008.9,2315,11,1008.8,1720,17,1008.7,3478,18,1009.4,16,1,1009.5,413,3,1009.6,374,6,1009.7,1156,13,1009.8,2193,14
317,2025-11-26 13:16:50+05:30,1009.4,1,1000.64,6959977,403918.0,445203.0,986.2,1012.2,981.3,986.2,120422250,1084.8,887.6,1102.5,649.1,1009.1,318,3,1009.0,13990,14,1008.9,2315,11,1008.8,1720,17,1008.7,3478,18,1009.4,16,1,1009.5,413,3,1009.6,374,6,1009.7,1156,13,1009.8,2193,14
317,2025-11-26 13:16:50+05:30,1009.4,1,1000.64,6959977,403918.0,445203.0,986.2,1012.2,981.3,986.2,120422250,1084.8,887.6,1102.5,649.1,1009.1,318,3,1009.0,13990,14,1008.9,2315,11,1008.8,1720,17,1008.7,3478,18,1009.4,16,1,1009.5,413,3,1009.6,374,6,1009.7,1156,13,1009.8,2193,14
317,2025-11-26 13:16:51+05:30,1009.4,1,1000.64,6959977,403918.0,445203.0,986.2,1012.2,981.3,986.2,120422250,1084.8,887.6,1102.5,649.1,1009.1,318,3,1009.0,13990,14,1008.9,2315,11,1008.8,1720,17,1008.7,3478,18,1009.4,16,1,1009.5,413,3,1009.6,374,6,1009.7,1156,13,1009.8,2193,14
317,2025-11-26 13:16:51+05:30,1009.4,5,1000.64,6959983,404983.0,444832.0,986.2,1012.2,981.3,986.2,120422250,1084.8,887.6,1102.5,649.1,1009.3,500,1,1009.0,13890,12,1008.9,2338,12,1008.8,2409,19,1008.7,3604,19,1009.4,11,1,1009.5,413,3,1009.6,191,4,1009.7,642,12,1009.8,2142,13
317,2025-11-26 13:16:51+05:30,1009.4,11,1000.64,6959983,404983.0,444832.0,986.2,1012.2,981.3,986.2,120422250,1084.8,887.6,1102.5,649.1,1009.3,500,1,1009.0,13890,12,1008.9,2338,12,1008.8,2409,19,1008.7,3604,19,1009.4,11,1,1009.5,413,3,1009.6,191,4,1009.7,642,12,1009.8,2142,13
317,2025-11-26 13:16:51+05:30,1009.4,11,1000.64,6959983,404983.0,444832.0,986.2,1012.2,981.3,986.2,120422250,1084.8,887.6,1102.5,649.1,1009.3,500,1,1009.0,13890,12,1008.9,2338,12,1008.8,2409,19,1008.7,3604,19,1009.4,11,1,1009.5,413,3,1009.6,191,4,1009.7,642,12,1009.8,2142,13
317,2025-11-26 13:16:52+05:30,1009.4,11,1000.64,6959983,404983.0,444832.0,986.2,1012.2,981.3,986.2,120422250,1084.8,887.6,1102.5,649.1,1009.3,500,1,1009.0,13890,12,1008.9,2338,12,1008.8,2409,19,1008.7,3604,19,1009.4,11,1,1009.5,413,3,1009.6,191,4,1009.7,642,12,1009.8,2142,13
317,2025-11-26 13:16:52+05:30,1009.3,48,1000.65,6963158,403725.0,444468.0,986.2,1012.2,981.3,986.2,120422250,1084.8,887.6,1102.5,649.1,1009.3,452,1,1009.1,119,2,1009.0,13860,11,1008.9,2240,11,1008.8,2409,19,1009.5,303,3,1009.6,295,5,1009.7,1104,12,1009.8,2137,13,1009.9,878,15
317,2025-11-26 13:16:52+05:30,1009.3,48,1000.65,6963158,403725.0,444468.0,986.2,1012.2,981.3,986.2,120422250,1084.8,887.6,1102.5,649.1,1009.3,452,1,1009.1,119,2,1009.0,13860,11,1008.9,2240,11,1008.8,2409,19,1009.5,303,3,1009.6,295,5,1009.7,1104,12,1009.8,2137,13,1009.9,878,15
317,2025-11-26 13:16:53+05:30,1009.3,48,1000.65,6963158,403725.0,444468.0,986.2,1012.2,981.3,986.2,120422250,1084.8,887.6,1102.5,649.1,1009.3,452,1,1009.1,119,2,1009.0,13860,11,1008.9,2240,11,1008.8,2409,19,1009.5,303,3,1009.6,295,5,1009.7,1104,12,1009.8,2137,13,1009.9,878,15
317,2025-11-26 13:16:53+05:30,1009.5,128,1000.65,6963320,403753.0,443873.0,986.2,1012.2,981.3,986.2,120422250,1084.8,887.6,1102.5,649.1,1009.3,451,1,1009.2,158,1,1009.1,454,6,1009.0,13837,10,1008.9,2240,11,1009.5,142,3,1009.6,5,1,1009.7,446,9,1009.8,2137,13,1009.9,904,17
317,2025-11-26 13:16:53+05:30,1009.5,128,1000.65,6963320,403753.0,443873.0,986.2,1012.2,981.3,986.2,120422250,1084.8,887.6,1102.5,649.1,1009.3,451,1,1009.2,158,1,1009.1,454,6,1009.0,13837,10,1008.9,2240,11,1009.5,142,3,1009.6,5,1,1009.7,446,9,1009.8,2137,13,1009.9,904,17
317,2025-11-26 13:16:53+05:30,1009.5,128,1000.65,6963320,403753.0,443873.0,986.2,1012.2,981.3,986.2,120422250,1084.8,887.6,1102.5,649.1,1009.3,451,1,1009.2,158,1,1009.1,454,6,1009.0,13837,10,1008.9,2240,11,1009.5,142,3,1009.6,5,1,1009.7,446,9,1009.8,2137,13,1009.9,904,17
317,2025-11-26 13:16:54+05:30,1009.5,128,1000.65,6963320,403753.0,443873.0,986.2,1012.2,981.3,986.2,120422250,1084.8,887.6,1102.5,649.1,1009.3,451,1,1009.2,158,1,1009.1,454,6,1009.0,13837,10,1008.9,2240,11,1009.5,142,3,1009.6,5,1,1009.7,446,9,1009.8,2137,13,1009.9,904,17
317,2025-11-26 13:16:54+05:30,1009.5,128,1000.65,6963320,403753.0,443873.0,986.2,1012.2,981.3,986.2,120432750,1084.8,887.6,1102.5,649.1,1009.3,451,1,1009.2,158,1,1009.1,454,6,1009.0,13837,10,1008.9,2240,11,1009.5,142,3,1009.6,5,1,1009.7,446,9,1009.8,2137,13,1009.9,904,17
317,2025-11-26 13:16:54+05:30,1009.5,128,1000.65,6963320,403525.0,443969.0,986.2,1012.2,981.3,986.2,120432750,1084.8,887.6,1102.5,649.1,1009.4,112,1,1009.3,451,1,1009.2,4,1,1009.1,296,5,1009.0,13837,10,1009.5,142,3,1009.6,5,1,1009.7,887,11,1009.8,2123,13,1009.9,904,17
317,2025-11-26 13:16:54+05:30,1009.5,128,1000.65,6963320,403525.0,443969.0,986.2,1012.2,981.3,986.2,120432750,1084.8,887.6,1102.5,649.1,1009.4,112,1,1009.3,451,1,1009.2,4,1,1009.1,296,5,1009.0,13837,10,1009.5,142,3,1009.6,5,1,1009.7,887,11,1009.8,2123,13,1009.9,904,17
317,2025-11-26 13:16:55+05:30,1009.5,128,1000.65,6963320,403525.0,443969.0,986.2,1012.2,981.3,986.2,120432750,1084.8,887.6,1102.5,649.1,1009.4,112,1,1009.3,451,1,1009.2,4,1,1009.1,296,5,1009.0,13837,10,1009.5,142,3,1009.6,5,1,1009.7,887,11,1009.8,2123,13,1009.9,904,17
317,2025-11-26 13:16:55+05:30,1009.5,13,1000.65,6963380,403297.0,444010.0,986.2,1012.2,981.3,986.2,120432750,1084.8,887.6,1102.5,649.1,1009.4,83,1,1009.3,451,1,1009.2,27,2,1009.1,273,4,1009.0,13837,10,1009.5,111,3,1009.6,38,2,1009.7,864,10,1009.8,2134,12,1009.9,909,19
317,2025-11-26 13:16:55+05:30,1009.5,13,1000.65,6963380,403297.0,444010.0,986.2,1012.2,981.3,986.2,120432750,1084.8,887.6,1102.5,649.1,1009.4,83,1,1009.3,451,1,1009.2,27,2,1009.1,273,4,1009.0,13837,10,1009.5,111,3,1009.6,38,2,1009.7,864,10,1009.8,2134,12,1009.9,909,19
317,2025-11-26 13:16:56+05:30,1009.5,3,1000.65,6963383,403297.0,444007.0,986.2,1012.2,981.3,986.2,120432750,1084.8,887.6,1102.5,649.1,1009.4,83,1,1009.3,451,1,1009.2,4,1,1009.1,296,5,1009.0,13837,10,1009.5,108,3,1009.6,38,2,1009.7,864,10,1009.8,2134,12,1009.9,909,19
317,2025-11-26 13:16:56+05:30,1009.5,3,1000.65,6963383,403297.0,444007.0,986.2,1012.2,981.3,986.2,120432750,1084.8,887.6,1102.5,649.1,1009.4,83,1,1009.3,451,1,1009.2,4,1,1009.1,296,5,1009.0,13837,10,1009.5,108,3,1009.6,38,2,1009.7,864,10,1009.8,2134,12,1009.9,909,19
317,2025-11-26 13:16:57+05:30,1009.5,1,1000.65,6963384,403615.0,444101.0,986.2,1012.2,981.3,986.2,120432750,1084.8,887.6,1102.5,649.1,1009.4,83,1,1009.3,451,1,1009.2,4,1,1009.1,296,5,1009.0,13906,12,1009.5,202,4,1009.6,38,2,1009.7,887,11,1009.8,2111,11,1009.9,909,19
317,2025-11-26 13:16:57+05:30,1009.5,1,1000.65,6963384,403615.0,444101.0,986.2,1012.2,981.3,986.2,120432750,1084.8,887.6,1102.5,649.1,1009.4,83,1,1009.3,451,1,1009.2,4,1,1009.1,296,5,1009.0,13906,12,1009.5,202,4,1009.6,38,2,1009.7,887,11,1009.8,2111,11,1009.9,909,19
317,2025-11-26 13:16:58+05:30,1009.5,1,1000.65,6963384,403459.0,444187.0,986.2,1012.2,981.3,986.2,120432750,1084.8,887.6,1102.5,649.1,1009.4,83,1,1009.3,451,1,1009.2,4,1,1009.1,273,4,1009.0,13929,13,1009.5,202,4,1009.6,124,3,1009.7,887,11,1009.8,2111,11,1009.9,909,19
317,2025-11-26 13:16:59+05:30,1009.5,1,1000.65,6963384,403215.0,444238.0,986.2,1012.2,981.3,986.2,120432750,1084.8,887.6,1102.5,649.1,1009.4,83,1,1009.3,451,1,1009.2,27,2,1009.1,431,5,1009.0,13906,12,1009.5,202,4,1009.6,38,2,1009.7,920,10,1009.8,2105,10,1009.9,865,16
317,2025-11-26 13:17:00+05:30,1009.4,8,1000.65,6963393,402751.0,444326.0,986.2,1012.2,981.3,986.2,120432750,1084.8,887.6,1102.5,649.1,1009.4,88,2,1009.3,451,1,1009.2,4,1,1009.1,454,6,1009.0,13906,12,1009.5,202,5,1009.6,38,2,1009.7,373,9,1009.8,2105,10,1009.9,865,16
317,2025-11-26 13:17:00+05:30,1009.4,8,1000.65,6963393,402751.0,444326.0,986.2,1012.2,981.3,986.2,120432750,1084.8,887.6,1102.5,649.1,1009.4,88,2,1009.3,451,1,1009.2,4,1,1009.1,454,6,1009.0,13906,12,1009.5,202,5,1009.6,38,2,1009.7,373,9,1009.8,2105,10,1009.9,865,16
317,2025-11-26 13:17:01+05:30,1009.4,13,1000.65,6963482,403384.0,444454.0,986.2,1012.2,981.3,986.2,120432750,1084.8,887.6,1102.5,649.1,1009.3,451,1,1009.2,4,1,1009.1,163,3,1009.0,13771,12,1008.9,2335,16,1009.4,56,1,1009.5,201,5,1009.6,240,3,1009.7,1048,12,1009.8,2105,10
317,2025-11-26 13:17:01+05:30,1009.4,13,1000.65,6963482,403384.0,444454.0,986.2,1012.2,981.3,986.2,120432750,1084.8,887.6,1102.5,649.1,1009.3,451,1,1009.2,4,1,1009.1,163,3,1009.0,13771,12,1008.9,2335,16,1009.4,56,1,1009.5,201,5,1009.6,240,3,1009.7,1048,12,1009.8,2105,10
317,2025-11-26 13:17:02+05:30,1009.4,1,1000.65,6963483,403683.0,444619.0,986.2,1012.2,981.3,986.2,120432750,1084.8,887.6,1102.5,649.1,1009.3,451,1,1009.2,4,1,1009.1,104,1,1009.0,14027,14,1008.9,2485,17,1009.4,55,1,1009.5,201,5,1009.6,240,3,1009.7,1021,11,1009.8,2105,10
317,2025-11-26 13:17:02+05:30,1009.4,1,1000.65,6963483,403683.0,444619.0,986.2,1012.2,981.3,986.2,120432750,1084.8,887.6,1102.5,649.1,1009.3,451,1,1009.2,4,1,1009.1,104,1,1009.0,14027,14,1008.9,2485,17,1009.4,55,1,1009.5,201,5,1009.6,240,3,1009.7,1021,11,1009.8,2105,10
317,2025-11-26 13:17:03+05:30,1009.3,19,1000.65,6963533,403673.0,444500.0,986.2,1012.2,981.3,986.2,120432750,1084.8,887.6,1102.5,649.1,1009.3,432,1,1009.2,4,1,1009.1,113,2,1009.0,13954,14,1008.9,2485,17,1009.4,24,1,1009.5,201,5,1009.6,38,2,1009.7,1021,11,1009.8,2106,10
317,2025-11-26 13:17:03+05:30,1009.3,19,1000.65,6963533,403673.0,444500.0,986.2,1012.2,981.3,986.2,120432750,1084.8,887.6,1102.5,649.1,1009.3,432,1,1009.2,4,1,1009.1,113,2,1009.0,13954,14,1008.9,2485,17,1009.4,24,1,1009.5,201,5,1009.6,38,2,1009.7,1021,11,1009.8,2106,10
317,2025-11-26 13:17:04+05:30,1009.3,19,1000.65,6963533,403648.0,444223.0,986.2,1012.2,981.3,986.2,120432750,1084.8,887.6,1102.5,649.1,1009.3,432,1,1009.2,4,1,1009.1,159,4,1009.0,13906,12,1008.9,2462,16,1009.4,26,2,1009.5,201,5,1009.6,43,3,1009.7,1020,10,1009.8,2082,9
317,2025-11-26 13:17:05+05:30,1009.4,2,1000.65,6963536,403754.0,444259.0,986.2,1012.2,981.3,986.2,120432750,1084.8,887.6,1102.5,649.1,1009.3,432,1,1009.2,4,1,1009.1,159,4,1009.0,13906,12,1008.9,2462,16,1009.4,23,2,1009.5,283,7,1009.6,10,2,1009.7,1020,10,1009.8,2082,9
317,2025-11-26 13:17:05+05:30,1009.4,2,1000.65,6963536,403754.0,444259.0,986.2,1012.2,981.3,986.2,120432750,1084.8,887.6,1102.5,649.1,1009.3,432,1,1009.2,4,1,1009.1,159,4,1009.0,13906,12,1008.9,2462,16,1009.4,23,2,1009.5,283,7,1009.6,10,2,1009.7,1020,10,1009.8,2082,9
317,2025-11-26 13:17:06+05:30,1009.3,95,1000.65,6964096,408025.0,443541.0,986.2,1012.2,981.3,986.2,120432750,1084.8,887.6,1102.5,649.1,1009.3,415,2,1009.2,546,7,1009.1,5115,15,1009.0,14797,16,1008.9,1113,14,1009.4,2,1,1009.5,283,7,1009.6,5,1,1009.7,327,7,1009.8,1903,7
317,2025-11-26 13:17:06+05:30,1009.3,95,1000.65,6964096,408025.0,443541.0,986.2,1012.2,981.3,986.2,120432750,1084.8,887.6,1102.5,649.1,1009.3,415,2,1009.2,546,7,1009.1,5115,15,1009.0,14797,16,1008.9,1113,14,1009.4,2,1,1009.5,283,7,1009.6,5,1,1009.7,327,7,1009.8,1903,7
317,2025-11-26 13:17:07+05:30,1009.5,98,1000.65,6964196,407201.0,443729.0,986.2,1012.2,981.3,986.2,120432750,1084.8,887.6,1102.5,649.1,1009.3,461,4,1009.2,725,7,1009.1,5127,15,1009.0,14776,15,1008.9,1113,14,1009.5,185,7,1009.6,5,1,1009.7,628,5,1009.8,1903,7,1009.9,718,14
317,2025-11-26 13:17:07+05:30,1009.5,83,1000.65,6964196,407201.0,443729.0,986.2,1012.2,981.3,986.2,120432750,1084.8,887.6,1102.5,649.1,1009.3,461,4,1009.2,725,7,1009.1,5127,15,1009.0,14776,15,1008.9,1113,14,1009.5,185,7,1009.6,5,1,1009.7,628,5,1009.8,1903,7,1009.9,718,14
317,2025-11-26 13:17:08+05:30,1009.5,83,1000.65,6964286,406775.0,443769.0,986.2,1012.2,981.3,986.2,120432750,1084.8,887.6,1102.5,649.1,1009.3,438,3,1009.2,906,9,1009.1,5186,15,1009.0,14797,16,1008.9,1113,14,1009.4,2,1,1009.5,99,6,1009.6,5,1,1009.7,595,4,1009.8,1866,7
317,2025-11-26 13:17:09+05:30,1009.5,83,1000.65,6964286,406773.0,443852.0,986.2,1012.2,981.3,986.2,120432750,1084.8,887.6,1102.5,649.1,1009.3,415,2,1009.2,906,9,1009.1,5209,16,1009.0,14797,16,1008.9,1113,14,1009.4,52,2,1009.5,99,6,1009.6,5,1,1009.7,546,4,1009.8,1866,7
317,2025-11-26 13:17:10+05:30,1009.4,2,1000.65,6964288,406775.0,443819.0,986.2,1012.2,981.3,986.2,120432750,1084.8,887.6,1102.5,649.1,1009.3,415,2,1009.2,906,9,1009.1,5209,16,1009.0,14797,16,1008.9,1113,14,1009.4,50,1,1009.5,99,6,1009.6,5,1,1009.7,546,4,1009.8,1866,7
317,2025-11-26 13:17:10+05:30,1009.4,2,1000.65,6964288,406775.0,443819.0,986.2,1012.2,981.3,986.2,120432750,1084.8,887.6,1102.5,649.1,1009.3,415,2,1009.2,906,9,1009.1,5209,16,1009.0,14797,16,1008.9,1113,14,1009.4,50,1,1009.5,99,6,1009.6,5,1,1009.7,546,4,1009.8,1866,7
317,2025-11-26 13:17:11+05:30,1009.3,179,1000.65,6964480,402874.0,443718.0,986.2,1012.2,981.3,986.2,120432750,1084.8,887.6,1102.5,649.1,1009.3,226,1,1009.2,4,1,1009.1,463,5,1009.0,14188,14,1008.9,2769,18,1009.4,37,1,1009.5,99,6,1009.6,263,4,1009.7,789,7,1009.8,1866,7
317,2025-11-26 13:17:11+05:30,1009.3,179,1000.65,6964480,402874.0,443718.0,986.2,1012.2,981.3,986.2,120432750,1084.8,887.6,1102.5,649.1,1009.3,226,1,1009.2,4,1,1009.1,463,5,1009.0,14188,14,1008.9,2769,18,1009.4,37,1,1009.5,99,6,1009.6,263,4,1009.7,789,7,1009.8,1866,7
317,2025-11-26 13:17:12+05:30,1009.3,179,1000.65,6964480,402852.0,443741.0,986.2,1012.2,981.3,986.2,120432750,1084.8,887.6,1102.5,649.1,1009.3,226,1,1009.2,4,1,1009.1,365,4,1009.0,14188,14,1008.9,2769,18,1009.4,38,2,1009.5,99,6,1009.6,311,6,1009.7,789,7,1009.8,1866,7
317,2025-11-26 13:17:13+05:30,1009.3,78,1000.65,6964480,402852.0,443741.0,986.2,1012.2,981.3,986.2,120432750,1084.8,887.6,1102.5,649.1,1009.3,226,1,1009.2,4,1,1009.1,365,4,1009.0,14188,14,1008.9,2769,18,1009.4,38,2,1009.5,99,6,1009.6,311,6,1009.7,789,7,1009.8,1866,7
317,2025-11-26 13:17:13+05:30,1009.3,78,1000.65,6964591,402791.0,443751.0,986.2,1012.2,981.3,986.2,120432750,1084.8,887.6,1102.5,649.1,1009.3,148,1,1009.2,4,1,1009.1,515,4,1009.0,14188,14,1008.9,2769,18,1009.4,9,3,1009.5,100,7,1009.6,269,5,1009.7,813,8,1009.8,1890,8
317,2025-11-26 13:17:14+05:30,1009.4,28,1000.65,6964634,401361.0,444266.0,986.2,1012.2,981.3,986.2,120432750,1084.8,887.6,1102.5,649.1,1009.4,82,1,1009.3,138,1,1009.2,4,1,1009.1,625,5,1009.0,14238,15,1009.5,100,7,1009.6,67,4,1009.7,947,10,1009.8,2050,8,1009.9,735,15
317,2025-11-26 13:17:14+05:30,1009.5,5,1000.65,6964634,401361.0,444266.0,986.2,1012.2,981.3,986.2,120432750,1084.8,887.6,1102.5,649.1,1009.4,82,1,1009.3,138,1,1009.2,4,1,1009.1,625,5,1009.0,14238,15,1009.5,100,7,1009.6,67,4,1009.7,947,10,1009.8,2050,8,1009.9,735,15
317,2025-11-26 13:17:15+05:30,1009.5,2,1000.65,6964634,401361.0,444266.0,986.2,1012.2,981.3,986.2,120432750,1084.8,887.6,1102.5,649.1,1009.4,82,1,1009.3,138,1,1009.2,4,1,1009.1,625,5,1009.0,14238,15,1009.5,100,7,1009.6,67,4,1009.7,947,10,1009.8,2050,8,1009.9,735,15
317,2025-11-26 13:17:15+05:30,1009.5,2,1000.65,6964641,401402.0,444365.0,986.2,1012.2,981.3,986.2,120432750,1084.8,887.6,1102.5,649.1,1009.4,95,2,1009.3,138,1,1009.2,4,1,1009.1,625,5,1009.0,14233,14,1009.5,93,7,1009.6,147,6,1009.7,899,8,1009.8,2098,10,1009.9,735,15
317,2025-11-26 13:17:16+05:30,1009.4,1,1000.65,6964641,401402.0,444365.0,986.2,1012.2,981.3,986.2,120432750,1084.8,887.6,1102.5,649.1,1009.4,95,2,1009.3,138,1,1009.2,4,1,1009.1,625,5,1009.0,14233,14,1009.5,93,7,1009.6,147,6,1009.7,899,8,1009.8,2098,10,1009.9,735,15
317,2025-11-26 13:17:16+05:30,1009.4,1,1000.65,6964644,401401.0,444363.0,986.2,1012.2,981.3,986.2,120432750,1084.8,887.6,1102.5,649.1,1009.4,94,2,1009.3,138,1,1009.2,4,1,1009.1,625,5,1009.0,14233,14,1009.5,91,7,1009.6,147,6,1009.7,899,8,1009.8,2098,10,1009.9,735,15
317,2025-11-26 13:17:17+05:30,1009.4,1,1000.65,6964644,401422.0,444367.0,986.2,1012.2,981.3,986.2,120432750,1084.8,887.6,1102.5,649.1,1009.4,94,2,1009.3,138,1,1009.2,4,1,1009.1,625,5,1009.0,14254,15,1009.5,91,7,1009.6,147,6,1009.7,899,8,1009.8,2098,10,1009.9,735,15
317,2025-11-26 13:17:18+05:30,1009.4,1,1000.65,6964644,401065.0,444570.0,986.2,1012.2,981.3,986.2,120432750,1084.8,887.6,1102.5,649.1,1009.4,94,2,1009.3,138,1,1009.2,4,1,1009.1,452,4,1009.0,14070,14,1009.5,92,8,1009.6,147,6,1009.7,947,10,1009.8,2050,8,1009.9,937,16
317,2025-11-26 13:17:19+05:30,1009.4,1,1000.65,6964644,401065.0,444570.0,986.2,1012.2,981.3,986.2,120432750,1084.8,887.6,1102.5,649.1,1009.4,94,2,1009.3,138,1,1009.2,4,1,1009.1,452,4,1009.0,14070,14,1009.5,92,8,1009.6,147,6,1009.7,947,10,1009.8,2050,8,1009.9,937,16
317,2025-11-26 13:17:19+05:30,1009.4,1,1000.65,6964645,401064.0,444571.0,986.2,1012.2,981.3,986.2,120432750,1084.8,887.6,1102.5,649.1,1009.4,93,2,1009.3,138,1,1009.2,4,1,1009.1,452,4,1009.0,14072,15,1009.5,92,8,1009.6,148,7,1009.7,923,9,1009.8,2074,9,1009.9,937,16
317,2025-11-26 13:17:20+05:30,1009.5,2,1000.65,6964645,401064.0,444571.0,986.2,1012.2,981.3,986.2,120432750,1084.8,887.6,1102.5,649.1,1009.4,93,2,1009.3,138,1,1009.2,4,1,1009.1,452,4,1009.0,14072,15,1009.5,92,8,1009.6,148,7,1009.7,923,9,1009.8,2074,9,1009.9,937,16
317,2025-11-26 13:17:21+05:30,1009.5,1,1000.65,6964649,401048.0,444701.0,986.2,1012.2,981.3,986.2,120432750,1084.8,887.6,1102.5,649.1,1009.4,93,2,1009.3,138,1,1009.2,4,1,1009.1,461,5,1009.0,14072,15,1009.5,183,7,1009.6,187,8,1009.7,923,9,1009.8,2099,10,1009.9,937,16
317,2025-11-26 13:17:21+05:30,1009.4,72,1000.65,6964649,401048.0,444701.0,986.2,1012.2,981.3,986.2,120432750,1084.8,887.6,1102.5,649.1,1009.4,93,2,1009.3,138,1,1009.2,4,1,1009.1,461,5,1009.0,14072,15,1009.5,183,7,1009.6,187,8,1009.7,923,9,1009.8,2099,10,1009.9,937,16
317,2025-11-26 13:17:22+05:30,1009.4,72,1000.65,6964721,400983.0,444706.0,986.2,1012.2,981.3,986.2,120432750,1084.8,887.6,1102.5,649.1,1009.4,21,2,1009.3,138,1,1009.1,452,4,1009.0,14072,15,1008.9,2781,18,1009.5,183,7,1009.6,187,8,1009.7,923,9,1009.8,2104,10,1009.9,937,16
317,2025-11-26 13:17:22+05:30,1009.3,100,1000.65,6964721,400983.0,444706.0,986.2,1012.2,981.3,986.2,120432750,1084.8,887.6,1102.5,649.1,1009.4,21,2,1009.3,138,1,1009.1,452,4,1009.0,14072,15,1008.9,2781,18,1009.5,183,7,1009.6,187,8,1009.7,923,9,1009.8,2104,10,1009.9,937,16
317,2025-11-26 13:17:23+05:30,1009.5,4,1000.65,6964850,400231.0,445413.0,986.2,1012.2,981.3,986.2,120432750,1084.8,887.6,1102.5,649.1,1009.3,38,1,1009.1,460,5,1009.0,13905,12,1008.9,2697,15,1008.8,2947,18,1009.5,175,7,1009.6,503,10,1009.7,1001,11,1009.8,2167,11,1009.9,1019,18
317,2025-11-26 13:17:23+05:30,1009.5,23,1000.65,6964850,400231.0,445413.0,986.2,1012.2,981.3,986.2,120432750,1084.8,887.6,1102.5,649.1,1009.3,38,1,1009.1,460,5,1009.0,13905,12,1008.9,2697,15,1008.8,2947,18,1009.5,175,7,1009.6,503,10,1009.7,1001,11,1009.8,2167,11,1009.9,1019,18
317,2025-11-26 13:17:24+05:30,1009.5,23,1000.65,6964873,400231.0,445430.0,986.2,1012.2,981.3,986.2,120432750,1084.8,887.6,1102.5,649.1,1009.3,38,1,1009.1,460,5,1009.0,13905,12,1008.9,2697,15,1008.8,2947,18,1009.5,152,7,1009.6,503,10,1009.7,1001,11,1009.8,2167,11,1009.9,1019,18
317,2025-11-26 13:17:24+05:30,1009.3,1,1000.65,6964873,400231.0,445430.0,986.2,1012.2,981.3,986.2,120432750,1084.8,887.6,1102.5,649.1,1009.3,38,1,1009.1,460,5,1009.0,13905,12,1008.9,2697,15,1008.8,2947,18,1009.5,152,7,1009.6,503,10,1009.7,1001,11,1009.8,2167,11,1009.9,1019,18
317,2025-11-26 13:17:25+05:30,1009.3,1,1000.65,6964874,400230.0,445434.0,986.2,1012.2,981.3,986.2,120432750,1084.8,887.6,1102.5,649.1,1009.3,37,1,1009.1,460,5,1009.0,13905,12,1008.9,2697,15,1008.8,2947,18,1009.5,152,7,1009.6,424,8,1009.7,1001,11,1009.8,2167,11,1009.9,1019,18
317,2025-11-26 13:17:25+05:30,1009.5,11,1000.65,6964874,400230.0,445434.0,986.2,1012.2,981.3,986.2,120432750,1084.8,887.6,1102.5,649.1,1009.3,37,1,1009.1,460,5,1009.0,13905,12,1008.9,2697,15,1008.8,2947,18,1009.5,152,7,1009.6,424,8,1009.7,1001,11,1009.8,2167,11,1009.9,1019,18
317,2025-11-26 13:17:26+05:30,1009.5,2,1000.65,6964902,400017.0,445331.0,986.2,1012.2,981.3,986.2,120432750,1084.8,887.6,1102.5,649.1,1009.3,37,1,1009.1,465,6,1009.0,13905,12,1008.9,2687,16,1008.8,2921,16,1009.5,163,7,1009.6,310,7,1009.7,1001,11,1009.8,2145,10,1009.9,1012,17
317,2025-11-26 13:17:26+05:30,1009.5,1,1000.65,6964902,400017.0,445331.0,986.2,1012.2,981.3,986.2,120432750,1084.8,887.6,1102.5,649.1,1009.3,37,1,1009.1,465,6,1009.0,13905,12,1008.9,2687,16,1008.8,2921,16,1009.5,163,7,1009.6,310,7,1009.7,1001,11,1009.8,2145,10,1009.9,1012,17
317,2025-11-26 13:17:27+05:30,1009.5,1,1000.65,6965027,401637.0,445121.0,986.2,1012.2,981.3,986.2,120432750,1084.8,887.6,1102.5,649.1,1009.3,37,1,1009.1,466,6,1009.0,14968,17,1008.9,2396,13,1008.8,3597,19,1009.5,87,5,1009.6,310,7,1009.7,931,10,1009.8,2085,9,1009.9,828,16
317,2025-11-26 13:17:28+05:30,1009.5,1,1000.65,6965027,401664.0,445073.0,986.2,1012.2,981.3,986.2,120432750,1084.8,887.6,1102.5,649.1,1009.3,37,1,1009.1,493,7,1009.0,14968,17,1008.9,2396,13,1008.8,3597,19,1009.5,87,5,1009.6,310,7,1009.7,428,9,1009.8,2085,9,1009.9,828,16
317,2025-11-26 13:17:29+05:30,1009.5,1,1000.65,6965027,401637.0,444882.0,986.2,1012.2,981.3,986.2,120432750,1084.8,887.6,1102.5,649.1,1009.3,37,1,1009.1,466,6,1009.0,14968,17,1008.9,2396,13,1008.8,3597,19,1009.5,88,6,1009.6,310,7,1009.7,1007,10,1009.8,2085,9,1009.9,828,16
317,2025-11-26 13:17:29+05:30,1009.6,131,1000.65,6965027,401637.0,444882.0,986.2,1012.2,981.3,986.2,120432750,1084.8,887.6,1102.5,649.1,1009.3,37,1,1009.1,466,6,1009.0,14968,17,1008.9,2396,13,1008.8,3597,19,1009.5,88,6,1009.6,310,7,1009.7,1007,10,1009.8,2085,9,1009.9,828,16
317,2025-11-26 13:17:30+05:30,1009.6,131,1000.65,6965528,400137.0,445220.0,986.2,1012.2,981.3,986.2,120432750,1084.8,887.6,1102.5,649.1,1009.3,37,1,1009.1,466,6,1009.0,14946,16,1008.9,2396,13,1008.8,3619,20,1009.6,150,8,1009.7,1092,10,1009.8,2181,10,1009.9,823,15,1010.0,6589,79
317,2025-11-26 13:17:30+05:30,1009.3,8,1000.65,6965528,400137.0,445220.0,986.2,1012.2,981.3,986.2,120432750,1084.8,887.6,1102.5,649.1,1009.3,37,1,1009.1,466,6,1009.0,14946,16,1008.9,2396,13,1008.8,3619,20,1009.6,150,8,1009.7,1092,10,1009.8,2181,10,1009.9,823,15,1010.0,6589,79
317,2025-11-26 13:17:31+05:30,1009.6,1,1000.65,6965710,400603.0,444377.0,986.2,1012.2,981.3,986.2,120432750,1084.8,887.6,1102.5,649.1,1009.3,505,2,1009.1,299,4,1009.0,14946,16,1008.9,2396,13,1008.8,3597,19,1009.6,131,8,1009.7,1125,11,1009.8,2181,10,1009.9,803,14,1010.0,6589,79
317,2025-11-26 13:17:31+05:30,1009.6,1,1000.65,6965710,400603.0,444377.0,986.2,1012.2,981.3,986.2,120432750,1084.8,887.6,1102.5,649.1,1009.3,505,2,1009.1,299,4,1009.0,14946,16,1008.9,2396,13,1008.8,3597,19,1009.6,131,8,1009.7,1125,11,1009.8,2181,10,1009.9,803,14,1010.0,6589,79
317,2025-11-26 13:17:32+05:30,1009.3,21,1000.65,6965731,403045.0,444807.0,986.2,1012.2,981.3,986.2,120432750,1084.8,887.6,1102.5,649.1,1009.3,484,2,1009.1,356,5,1009.0,15022,18,1008.9,3146,14,1008.8,3575,18,1009.4,22,1,1009.6,93,7,1009.7,1087,10,1009.8,2257,12,1009.9,803,14
317,2025-11-26 13:17:32+05:30,1009.3,21,1000.65,6965731,403045.0,444807.0,986.2,1012.2,981.3,986.2,120432750,1084.8,887.6,1102.5,649.1,1009.3,484,2,1009.1,356,5,1009.0,15022,18,1008.9,3146,14,1008.8,3575,18,1009.4,22,1,1009.6,93,7,1009.7,1087,10,1009.8,2257,12,1009.9,803,14
317,2025-11-26 13:17:33+05:30,1009.3,50,1000.65,6965814,402730.0,444739.0,986.2,1012.2,981.3,986.2,120432750,1084.8,887.6,1102.5,649.1,1009.3,434,2,1009.1,197,4,1009.0,14970,17,1008.9,3222,16,1008.8,3575,18,1009.4,265,2,1009.5,3,1,1009.6,55,6,1009.7,1156,13,1009.8,2181,10
317,2025-11-26 13:17:33+05:30,1009.3,50,1000.65,6965814,402730.0,444739.0,986.2,1012.2,981.3,986.2,120432750,1084.8,887.6,1102.5,649.1,1009.3,434,2,1009.1,197,4,1009.0,14970,17,1008.9,3222,16,1008.8,3575,18,1009.4,265,2,1009.5,3,1,1009.6,55,6,1009.7,1156,13,1009.8,2181,10
317,2025-11-26 13:17:34+05:30,1009.3,50,1000.65,6965814,402730.0,444778.0,986.2,1012.2,981.3,986.2,120432750,1084.8,887.6,1102.5,649.1,1009.3,434,2,1009.1,197,4,1009.0,14970,17,1008.9,3222,16,1008.8,3575,18,1009.4,265,2,1009.5,3,1,1009.6,56,7,1009.7,1156,13,1009.8,2181,10
317,2025-11-26 13:17:34+05:30,1009.3,25,1000.65,6965814,402730.0,444778.0,986.2,1012.2,981.3,986.2,120432750,1084.8,887.6,1102.5,649.1,1009.3,434,2,1009.1,197,4,1009.0,14970,17,1008.9,3222,16,1008.8,3575,18,1009.4,265,2,1009.5,3,1,1009.6,56,7,1009.7,1156,13,1009.8,2181,10
317,2025-11-26 13:17:35+05:30,1009.4,3,1000.65,6966136,402516.0,444634.0,986.2,1012.2,981.3,986.2,120432750,1084.8,887.6,1102.5,649.1,1009.3,228,2,1009.1,197,4,1009.0,15008,18,1008.9,3229,16,1008.8,3609,19,1009.4,149,2,1009.5,3,1,1009.6,56,7,1009.7,1118,12,1009.8,2219,11
317,2025-11-26 13:17:35+05:30,1009.4,3,1000.65,6966136,402516.0,444634.0,986.2,1012.2,981.3,986.2,120432750,1084.8,887.6,1102.5,649.1,1009.3,228,2,1009.1,197,4,1009.0,15008,18,1008.9,3229,16,1008.8,3609,19,1009.4,149,2,1009.5,3,1,1009.6,56,7,1009.7,1118,12,1009.8,2219,11
317,2025-11-26 13:17:36+05:30,1009.4,2,1000.65,6966138,402615.0,444611.0,986.2,1012.2,981.3,986.2,120432750,1084.8,887.6,1102.5,649.1,1009.3,229,3,1009.1,235,5,1009.0,15106,19,1008.9,3191,15,1008.8,3609,19,1009.4,147,2,1009.5,3,1,1009.6,56,7,1009.7,539,11,1009.8,2181,10
317,2025-11-26 13:17:36+05:30,1009.3,190,1000.65,6966138,402615.0,444611.0,986.2,1012.2,981.3,986.2,120432750,1084.8,887.6,1102.5,649.1,1009.3,229,3,1009.1,235,5,1009.0,15106,19,1008.9,3191,15,1008.8,3609,19,1009.4,147,2,1009.5,3,1,1009.6,56,7,1009.7,539,11,1009.8,2181,10
317,2025-11-26 13:17:37+05:30,1009.4,105,1000.65,6966433,402627.0,444156.0,986.2,1012.2,981.3,986.2,120432750,1084.8,887.6,1102.5,649.1,1009.3,39,3,1009.1,393,6,1009.0,15106,19,1008.9,3191,15,1008.8,3617,20,1009.4,20,1,1009.5,217,3,1009.6,52,6,1009.7,1096,10,1009.8,2186,10
317,2025-11-26 13:17:37+05:30,1009.4,105,1000.65,6966433,402627.0,444156.0,986.2,1012.2,981.3,986.2,120432750,1084.8,887.6,1102.5,649.1,1009.3,39,3,1009.1,393,6,1009.0,15106,19,1008.9,3191,15,1008.8,3617,20,1009.4,20,1,1009.5,217,3,1009.6,52,6,1009.7,1096,10,1009.8,2186,10
317,2025-11-26 13:17:38+05:30,1009.4,1,1000.65,6966434,402593.0,444301.0,986.2,1012.2,981.3,986.2,120432750,1084.8,887.6,1102.5,649.1,1009.3,39,3,1009.1,355,5,1009.0,15127,20,1008.9,3229,16,1008.8,3617,20,1009.4,19,1,1009.5,217,3,1009.6,52,6,1009.7,1048,10,1009.8,2186,10
317,2025-11-26 13:17:38+05:30,1009.4,1,1000.65,6966434,402593.0,444301.0,986.2,1012.2,981.3,986.2,120432750,1084.8,887.6,1102.5,649.1,1009.3,39,3,1009.1,355,5,1009.0,15127,20,1008.9,3229,16,1008.8,3617,20,1009.4,19,1,1009.5,217,3,1009.6,52,6,1009.7,1048,10,1009.8,2186,10
317,2025-11-26 13:17:39+05:30,1009.4,1,1000.65,6966434,402593.0,444301.0,986.2,1012.2,981.3,986.2,120432750,1084.8,887.6,1102.5,649.1,1009.3,39,3,1009.1,355,5,1009.0,15127,20,1008.9,3229,16,1008.8,3617,20,1009.4,19,1,1009.5,217,3,1009.6,52,6,1009.7,1048,10,1009.8,2186,10
317,2025-11-26 13:17:40+05:30,1009.5,1,1000.65,6966732,401689.0,444268.0,986.2,1012.2,981.3,986.2,120432750,1084.8,887.6,1102.5,649.1,1009.3,38,3,1009.1,197,4,1009.0,14967,17,1008.9,2514,16,1008.8,3617,20,1009.5,52,2,1009.6,359,8,1009.7,975,10,1009.8,2177,10,1009.9,721,12
317,2025-11-26 13:17:40+05:30,1009.5,1,1000.65,6966732,401689.0,444268.0,986.2,1012.2,981.3,986.2,120432750,1084.8,887.6,1102.5,649.1,1009.3,38,3,1009.1,197,4,1009.0,14967,17,1008.9,2514,16,1008.8,3617,20,1009.5,52,2,1009.6,359,8,1009.7,975,10,1009.8,2177,10,1009.9,721,12
317,2025-11-26 13:17:41+05:30,1009.5,1,1000.65,6966999,400759.0,443784.0,986.2,1012.2,981.3,986.2,120432750,1084.8,887.6,1102.5,649.1,1009.5,127,1,1009.3,28,3,1009.2,422,3,1009.1,468,6,1009.0,15074,19,1009.6,14,4,1009.7,217,8,1009.8,2097,9,1009.9,643,10,1010.0,6501,78
317,2025-11-26 13:17:41+05:30,1009.5,13,1000.65,6966999,400759.0,443784.0,986.2,1012.2,981.3,986.2,120432750,1084.8,887.6,1102.5,649.1,1009.5,127,1,1009.3,28,3,1009.2,422,3,1009.1,468,6,1009.0,15074,19,1009.6,14,4,1009.7,217,8,1009.8,2097,9,1009.9,643,10,1010.0,6501,78
317,2025-11-26 13:17:42+05:30,1009.8,128,1000.65,6968272,399366.0,441372.0,986.2,1012.2,981.3,986.2,120432750,1084.8,887.6,1102.5,649.1,1009.3,169,4,1009.2,820,11,1009.1,1756,9,1009.0,15695,18,1008.9,2385,16,1009.8,1360,8,1009.9,691,12,1010.0,6369,72,1010.1,816,14,1010.2,1062,12
317,2025-11-26 13:17:42+05:30,1009.7,106,1000.65,6968272,399366.0,441372.0,986.2,1012.2,981.3,986.2,120432750,1084.8,887.6,1102.5,649.1,1009.3,169,4,1009.2,820,11,1009.1,1756,9,1009.0,15695,18,1008.9,2385,16,1009.8,1360,8,1009.9,691,12,1010.0,6369,72,1010.1,816,14,1010.2,1062,12
317,2025-11-26 13:17:43+05:30,1009.7,37,1000.66,6968943,400029.0,441649.0,986.2,1012.2,981.3,986.2,120432750,1084.8,887.6,1102.5,649.1,1009.3,185,5,1009.2,666,9,1009.1,1824,10,1009.0,16165,18,1008.9,3278,17,1009.7,115,3,1009.8,1351,9,1009.9,580,10,1010.0,6551,75,1010.1,725,11
317,2025-11-26 13:17:43+05:30,1009.3,9,1000.66,6968943,400029.0,441649.0,986.2,1012.2,981.3,986.2,120432750,1084.8,887.6,1102.5,649.1,1009.3,185,5,1009.2,666,9,1009.1,1824,10,1009.0,16165,18,1008.9,3278,17,1009.7,115,3,1009.8,1351,9,1009.9,580,10,1010.0,6551,75,1010.1,725,11
317,2025-11-26 13:17:44+05:30,1009.4,77,1000.66,6969159,402203.0,442807.0,986.2,1012.2,981.3,986.2,120432750,1084.8,887.6,1102.5,649.1,1009.3,27,4,1009.2,653,10,1009.1,1824,11,1009.0,16097,17,1008.9,2528,16,1009.6,74,1,1009.7,284,3,1009.8,1306,7,1009.9,765,12,1010.0,6678,76
317,2025-11-26 13:17:44+05:30,1009.6,61,1000.66,6969159,402203.0,442807.0,986.2,1012.2,981.3,986.2,120432750,1084.8,887.6,1102.5,649.1,1009.3,27,4,1009.2,653,10,1009.1,1824,11,1009.0,16097,17,1008.9,2528,16,1009.6,74,1,1009.7,284,3,1009.8,1306,7,1009.9,765,12,1010.0,6678,76
317,2025-11-26 13:17:45+05:30,1009.6,61,1000.66,6970055,401524.0,442359.0,986.2,1012.2,981.3,986.2,120432750,1084.8,887.6,1102.5,649.1,1009.3,133,5,1009.2,391,5,1009.1,1666,10,1009.0,16004,17,1008.9,3278,17,1009.6,139,3,1009.7,69,1,1009.8,1409,10,1009.9,625,11,1010.0,6606,77
317,2025-11-26 13:17:45+05:30,1009.6,8,1000.66,6970055,401524.0,442359.0,986.2,1012.2,981.3,986.2,120432750,1084.8,887.6,1102.5,649.1,1009.3,133,5,1009.2,391,5,1009.1,1666,10,1009.0,16004,17,1008.9,3278,17,1009.6,139,3,1009.7,69,1,1009.8,1409,10,1009.9,625,11,1010.0,6606,77
317,2025-11-26 13:17:46+05:30,1009.6,77,1000.66,6970807,387082.0,442569.0,986.2,1012.2,981.3,986.2,120432750,1084.8,887.6,1102.5,649.1,1009.6,16,1,1009.3,291,7,1009.2,537,5,1009.1,1744,10,1009.0,2725,13,1009.7,71,1,1009.8,1409,10,1009.9,1489,14,1010.0,6571,76,1010.1,795,13
317,2025-11-26 13:17:46+05:30,1009.6,16,1000.66,6970807,387082.0,442569.0,986.2,1012.2,981.3,986.2,120432750,1084.8,887.6,1102.5,649.1,1009.6,16,1,1009.3,291,7,1009.2,537,5,1009.1,1744,10,1009.0,2725,13,1009.7,71,1,1009.8,1409,10,1009.9,1489,14,1010.0,6571,76,1010.1,795,13
317,2025-11-26 13:17:47+05:30,1009.8,128,1000.66,6971344,387330.0,440816.0,986.2,1012.2,981.3,986.2,120432750,1084.8,887.6,1102.5,649.1,1009.7,127,1,1009.5,16,1,1009.4,202,1,1009.3,340,6,1009.2,865,9,1009.8,867,3,1009.9,626,12,1010.0,6738,74,1010.1,795,13,1010.2,765,13
317,2025-11-26 13:17:47+05:30,1009.8,127,1000.66,6971344,387330.0,440816.0,986.2,1012.2,981.3,986.2,120432750,1084.8,887.6,1102.5,649.1,1009.7,127,1,1009.5,16,1,1009.4,202,1,1009.3,340,6,1009.2,865,9,1009.8,867,3,1009.9,626,12,1010.0,6738,74,1010.1,795,13,1010.2,765,13
317,2025-11-26 13:17:48+05:30,1010.0,151,1000.66,6972622,387862.0,438007.0,986.2,1012.2,981.3,986.2,120432750,1084.8,887.6,1102.5,649.1,1009.7,13,1,1009.6,4,1,1009.5,521,5,1009.4,736,5,1009.3,990,15,1010.0,5507,65,1010.1,450,8,1010.2,884,8,1010.3,1027,19,1010.4,578,9
317,2025-11-26 13:17:48+05:30,1010.0,127,1000.66,6972622,387862.0,438007.0,986.2,1012.2,981.3,986.2,120432750,1084.8,887.6,1102.5,649.1,1009.7,13,1,1009.6,4,1,1009.5,521,5,1009.4,736,5,1009.3,990,15,1010.0,5507,65,1010.1,450,8,1010.2,884,8,1010.3,1027,19,1010.4,578,9
317,2025-11-26 13:17:49+05:30,1010.0,128,1000.66,6973388,387833.0,437781.0,986.2,1012.2,981.3,986.2,120432750,1084.8,887.6,1102.5,649.1,1009.7,13,1,1009.6,158,2,1009.5,798,7,1009.4,586,4,1009.3,1055,17,1010.0,4769,68,1010.1,501,8,1010.2,967,9,1010.3,1032,19,1010.4,685,9
317,2025-11-26 13:17:49+05:30,1010.0,127,1000.66,6973388,387833.0,437781.0,986.2,1012.2,981.3,986.2,120432750,1084.8,887.6,1102.5,649.1,1009.7,13,1,1009.6,158,2,1009.5,798,7,1009.4,586,4,1009.3,1055,17,1010.0,4769,68,1010.1,501,8,1010.2,967,9,1010.3,1032,19,1010.4,685,9
317,2025-11-26 13:17:50+05:30,1010.0,3,1000.66,6974409,387941.0,436238.0,986.2,1012.2,981.3,986.2,120432750,1084.8,887.6,1102.5,649.1,1009.7,13,1,1009.6,386,4,1009.5,831,7,1009.4,586,4,1009.3,1055,17,1010.0,3769,66,1010.1,340,6,1010.2,387,6,1010.3,1253,18,1010.4,1298,12
317,2025-11-26 13:17:50+05:30,1010.0,1,1000.66,6974409,387941.0,436238.0,986.2,1012.2,981.3,986.2,120432750,1084.8,887.6,1102.5,649.1,1009.7,13,1,1009.6,386,4,1009.5,831,7,1009.4,586,4,1009.3,1055,17,1010.0,3769,66,1010.1,340,6,1010.2,387,6,1010.3,1253,18,1010.4,1298,12
317,2025-11-26 13:17:51+05:30,1010.0,1,1000.66,6974539,387783.0,435929.0,986.2,1012.2,981.3,986.2,120432750,1084.8,887.6,1102.5,649.1,1009.7,13,1,1009.6,386,4,1009.5,831,7,1009.4,428,3,1009.3,1055,17,1010.0,3655,63,1010.1,226,5,1010.2,387,6,1010.3,1255,18,1010.4,1367,13
317,2025-11-26 13:17:51+05:30,1009.6,43,1000.66,6974539,387783.0,435929.0,986.2,1012.2,981.3,986.2,120432750,1084.8,887.6,1102.5,649.1,1009.7,13,1,1009.6,386,4,1009.5,831,7,1009.4,428,3,1009.3,1055,17,1010.0,3655,63,1010.1,226,5,1010.2,387,6,1010.3,1255,18,1010.4,1367,13
317,2025-11-26 13:17:52+05:30,1009.8,20,1000.66,6974619,388630.0,437298.0,986.2,1012.2,981.3,986.2,120432750,1084.8,887.6,1102.5,649.1,1009.6,4,1,1009.5,172,4,1009.4,343,3,1009.3,896,16,1009.2,2789,15,1009.8,139,1,1009.9,253,2,1010.0,4082,69,1010.1,782,10,1010.2,385,6
317,2025-11-26 13:17:52+05:30,1009.8,20,1000.66,6974619,388630.0,437298.0,986.2,1012.2,981.3,986.2,120432750,1084.8,887.6,1102.5,649.1,1009.6,4,1,1009.5,172,4,1009.4,343,3,1009.3,896,16,1009.2,2789,15,1009.8,139,1,1009.9,253,2,1010.0,4082,69,1010.1,782,10,1010.2,385,6
317,2025-11-26 13:17:52+05:30,1009.8,5,1000.66,6974628,388423.0,438084.0,986.2,1012.2,981.3,986.2,120432750,1084.8,887.6,1102.5,649.1,1009.5,21,2,1009.4,389,7,1009.3,1801,16,1009.2,2010,12,1009.1,2422,12,1009.8,130,1,1009.9,225,2,1010.0,4148,71,1010.1,1165,12,1010.2,471,7
317,2025-11-26 13:17:53+05:30,1009.8,1,1000.66,6974628,388423.0,438084.0,986.2,1012.2,981.3,986.2,120432750,1084.8,887.6,1102.5,649.1,1009.5,21,2,1009.4,389,7,1009.3,1801,16,1009.2,2010,12,1009.1,2422,12,1009.8,130,1,1009.9,225,2,1010.0,4148,71,1010.1,1165,12,1010.2,471,7
317,2025-11-26 13:17:53+05:30,1009.8,1,1000.66,6974651,388479.0,438067.0,986.2,1012.2,981.3,986.2,120432750,1084.8,887.6,1102.5,649.1,1009.5,21,2,1009.4,389,7,1009.3,1762,16,1009.2,1971,11,1009.1,2422,12,1009.8,107,1,1009.9,202,1,1010.0,4153,72,1010.1,1165,12,1010.2,471,7
317,2025-11-26 13:17:54+05:30,1009.6,112,1000.66,6974651,388479.0,438067.0,986.2,1012.2,981.3,986.2,120432750,1084.8,887.6,1102.5,649.1,1009.5,21,2,1009.4,389,7,1009.3,1762,16,1009.2,1971,11,1009.1,2422,12,1009.8,107,1,1009.9,202,1,1010.0,4153,72,1010.1,1165,12,1010.2,471,7
317,2025-11-26 13:17:55+05:30,1009.7,50,1000.66,6974813,389769.0,438208.0,986.2,1012.2,981.3,986.2,120432750,1084.8,887.6,1102.5,649.1,1009.5,21,2,1009.4,153,4,1009.3,1565,14,1009.2,1881,9,1009.1,2363,12,1009.7,15,2,1009.8,162,3,1009.9,297,3,1010.0,4293,76,1010.1,1175,14
317,2025-11-26 13:17:55+05:30,1009.7,12,1000.66,6974813,389769.0,438208.0,986.2,1012.2,981.3,986.2,120432750,1084.8,887.6,1102.5,649.1,1009.5,21,2,1009.4,153,4,1009.3,1565,14,1009.2,1881,9,1009.1,2363,12,1009.7,15,2,1009.8,162,3,1009.9,297,3,1010.0,4293,76,1010.1,1175,14
317,2025-11-26 13:17:56+05:30,1009.7,2,1000.66,6974846,389790.0,438872.0,986.2,1012.2,981.3,986.2,120432750,1084.8,887.6,1102.5,649.1,1009.5,21,2,1009.4,153,4,1009.3,1273,12,1009.2,1881,9,1009.1,2363,12,1009.7,46,1,1009.8,111,2,1009.9,897,4,1010.0,4378,77,1010.1,1175,14
317,2025-11-26 13:17:56+05:30,1009.3,36,1000.66,6974846,389790.0,438872.0,986.2,1012.2,981.3,986.2,120432750,1084.8,887.6,1102.5,649.1,1009.5,21,2,1009.4,153,4,1009.3,1273,12,1009.2,1881,9,1009.1,2363,12,1009.7,46,1,1009.8,111,2,1009.9,897,4,1010.0,4378,77,1010.1,1175,14
317,2025-11-26 13:17:57+05:30,1009.5,2,1000.66,6975051,391077.0,440967.0,986.2,1012.2,981.3,986.2,120432750,1084.8,887.6,1102.5,649.1,1009.3,1420,9,1009.2,1563,9,1009.1,2263,10,1009.0,3135,15,1008.9,1002,11,1009.5,157,1,1009.7,99,2,1009.8,112,2,1009.9,1152,7,1010.0,4329,75
317,2025-11-26 13:17:57+05:30,1009.3,1,1000.66,6975051,391077.0,440967.0,986.2,1012.2,981.3,986.2,120432750,1084.8,887.6,1102.5,649.1,1009.3,1420,9,1009.2,1563,9,1009.1,2263,10,1009.0,3135,15,1008.9,1002,11,1009.5,157,1,1009.7,99,2,1009.8,112,2,1009.9,1152,7,1010.0,4329,75
317,2025-11-26 13:17:58+05:30,1009.3,1,1000.66,6975052,387426.0,442651.0,986.2,1012.2,981.3,986.2,120432750,1084.8,887.6,1102.5,649.1,1009.3,517,3,1009.2,864,2,1009.1,1880,6,1009.0,1425,10,1008.9,869,9,1009.5,157,1,1009.6,247,5,1009.7,589,9,1009.8,783,10,1009.9,1898,15
317,2025-11-26 13:17:59+05:30,1009.3,1,1000.66,6975052,386808.0,442046.0,986.2,1012.2,981.3,986.2,120432750,1084.8,887.6,1102.5,649.1,1009.3,517,3,1009.2,35,1,1009.1,231,2,1009.0,1195,10,1008.9,854,8,1009.5,157,1,1009.6,314,6,1009.7,842,12,1009.8,812,10,1009.9,1373,15
317,2025-11-26 13:18:00+05:30,1009.3,1,1000.66,6975052,386828.0,442302.0,986.2,1012.2,981.3,986.2,120432750,1084.8,887.6,1102.5,649.1,1009.3,517,3,1009.2,35,1,1009.1,231,2,1009.0,1195,10,1008.9,862,9,1009.5,157,1,1009.6,314,6,1009.7,1317,12,1009.8,812,10,1009.9,1373,15
317,2025-11-26 13:18:00+05:30,1009.5,2,1000.66,6975052,386828.0,442302.0,986.2,1012.2,981.3,986.2,120432750,1084.8,887.6,1102.5,649.1,1009.3,517,3,1009.2,35,1,1009.1,231,2,1009.0,1195,10,1008.9,862,9,1009.5,157,1,1009.6,314,6,1009.7,1317,12,1009.8,812,10,1009.9,1373,15
317,2025-11-26 13:18:01+05:30,1009.5,1,1000.66,6975063,386800.0,442631.0,986.2,1012.2,981.3,986.2,120432750,1084.8,887.6,1102.5,649.1,1009.3,509,3,1009.1,231,2,1009.0,1160,9,1008.9,898,10,1008.8,2662,20,1009.5,154,1,1009.6,464,8,1009.7,1338,13,1009.8,817,11,1009.9,1529,15
317,2025-11-26 13:18:01+05:30,1009.3,132,1000.66,6975063,386800.0,442631.0,986.2,1012.2,981.3,986.2,120432750,1084.8,887.6,1102.5,649.1,1009.3,509,3,1009.1,231,2,1009.0,1160,9,1008.9,898,10,1008.8,2662,20,1009.5,154,1,1009.6,464,8,1009.7,1338,13,1009.8,817,11,1009.9,1529,15
317,2025-11-26 13:18:02+05:30,1009.3,132,1000.66,6975717,390178.0,444135.0,986.2,1012.2,981.3,986.2,120432750,1084.8,887.6,1102.5,649.1,1009.0,1051,8,1008.9,633,9,1008.8,1878,16,1008.7,3269,18,1008.6,2171,10,1009.3,159,1,1009.4,10,1,1009.5,4,1,1009.6,1164,9,1009.7,890,13
317,2025-11-26 13:18:02+05:30,1009.4,20,1000.66,6975717,390178.0,444135.0,986.2,1012.2,981.3,986.2,120432750,1084.8,887.6,1102.5,649.1,1009.0,1051,8,1008.9,633,9,1008.8,1878,16,1008.7,3269,18,1008.6,2171,10,1009.3,159,1,1009.4,10,1,1009.5,4,1,1009.6,1164,9,1009.7,890,13
317,2025-11-26 13:18:03+05:30,1009.4,4,1000.67,6976488,393398.0,442074.0,986.2,1012.2,981.3,986.2,120432750,1084.8,887.6,1102.5,649.1,1009.3,18,2,1009.2,223,3,1009.1,1095,11,1009.0,1929,15,1008.9,1997,15,1009.4,2,1,1009.7,252,4,1009.8,1000,6,1009.9,841,9,1010.0,4640,75
317,2025-11-26 13:18:03+05:30,1009.4,4,1000.67,6976488,393398.0,442074.0,986.2,1012.2,981.3,986.2,120432750,1084.8,887.6,1102.5,649.1,1009.3,18,2,1009.2,223,3,1009.1,1095,11,1009.0,1929,15,1008.9,1997,15,1009.4,2,1,1009.7,252,4,1009.8,1000,6,1009.9,841,9,1010.0,4640,75
317,2025-11-26 13:18:04+05:30,1009.3,1,1000.67,6976489,394430.0,441972.0,986.2,1012.2,981.3,986.2,120432750,1084.8,887.6,1102.5,649.1,1009.3,2,1,1009.2,539,7,1009.1,1087,10,1009.0,2970,19,1008.9,3660,15,1009.4,2,1,1009.7,252,4,1009.8,510,5,1009.9,1409,10,1010.0,4640,75
317,2025-11-26 13:18:04+05:30,1009.8,111,1000.67,6976489,394430.0,441972.0,986.2,1012.2,981.3,986.2,120432750,1084.8,887.6,1102.5,649.1,1009.3,2,1,1009.2,539,7,1009.1,1087,10,1009.0,2970,19,1008.9,3660,15,1009.4,2,1,1009.7,252,4,1009.8,510,5,1009.9,1409,10,1010.0,4640,75
317,2025-11-26 13:18:05+05:30,1009.8,2,1000.67,6977291,391920.0,438540.0,986.2,1012.2,981.3,986.2,120432750,1084.8,887.6,1102.5,649.1,1009.3,707,7,1009.2,795,12,1009.1,2295,15,1009.0,3416,16,1008.9,2560,16,1009.8,45,2,1009.9,1019,6,1010.0,4249,72,1010.1,1016,16,1010.2,1061,12
317,2025-11-26 13:18:05+05:30,1009.8,1,1000.67,6977291,391920.0,438540.0,986.2,1012.2,981.3,986.2,120432750,1084.8,887.6,1102.5,649.1,1009.3,707,7,1009.2,795,12,1009.1,2295,15,1009.0,3416,16,1008.9,2560,16,1009.8,45,2,1009.9,1019,6,1010.0,4249,72,1010.1,1016,16,1010.2,1061,12
317,2025-11-26 13:18:06+05:30,1009.8,22,1000.67,6977315,391140.0,439099.0,986.2,1012.2,981.3,986.2,120432750,1084.8,887.6,1102.5,649.1,1009.3,677,5,1009.2,795,12,1009.1,2295,15,1009.0,2666,15,1008.9,3310,17,1009.8,196,6,1009.9,600,6,1010.0,4434,74,1010.1,1278,16,1010.2,743,10
317,2025-11-26 13:18:06+05:30,1009.8,22,1000.67,6977315,391140.0,439099.0,986.2,1012.2,981.3,986.2,120432750,1084.8,887.6,1102.5,649.1,1009.3,677,5,1009.2,795,12,1009.1,2295,15,1009.0,2666,15,1008.9,3310,17,1009.8,196,6,1009.9,600,6,1010.0,4434,74,1010.1,1278,16,1010.2,743,10
317,2025-11-26 13:18:07+05:30,1009.8,22,1000.67,6977315,391238.0,439387.0,986.2,1012.2,981.3,986.2,120432750,1084.8,887.6,1102.5,649.1,1009.3,575,5,1009.2,607,8,1009.1,2295,15,1009.0,3200,18,1008.9,3310,17,1009.6,128,1,1009.8,301,6,1009.9,673,7,1010.0,4398,73,1010.1,1278,16
317,2025-11-26 13:18:08+05:30,1009.8,22,1000.67,6977315,391262.0,439243.0,986.2,1012.2,981.3,986.2,120432750,1084.8,887.6,1102.5,649.1,1009.3,611,6,1009.2,608,9,1009.1,2295,15,1009.0,3187,17,1008.9,3310,17,1009.6,128,1,1009.8,301,6,1009.9,1259,9,1010.0,4362,72,1010.1,1270,14
317,2025-11-26 13:18:09+05:30,1009.3,33,1000.67,6977348,390814.0,439563.0,986.2,1012.2,981.3,986.2,120432750,1084.8,887.6,1102.5,649.1,1009.3,304,3,1009.2,656,9,1009.1,2093,14,1009.0,3200,18,1008.9,3310,17,1009.6,128,1,1009.8,323,7,1009.9,1263,10,1010.0,4597,73,1010.1,1299,16
317,2025-11-26 13:18:09+05:30,1009.3,33,1000.67,6977348,390814.0,439563.0,986.2,1012.2,981.3,986.2,120432750,1084.8,887.6,1102.5,649.1,1009.3,304,3,1009.2,656,9,1009.1,2093,14,1009.0,3200,18,1008.9,3310,17,1009.6,128,1,1009.8,323,7,1009.9,1263,10,1010.0,4597,73,1010.1,1299,16
317,2025-11-26 13:18:10+05:30,1009.6,1,1000.67,6977349,390719.0,439568.0,986.2,1012.2,981.3,986.2,120432750,1084.8,887.6,1102.5,649.1,1009.3,206,2,1009.2,632,8,1009.1,2093,14,1009.0,3200,18,1008.9,3310,17,1009.6,128,2,1009.8,301,6,1009.9,1263,10,1010.0,4597,73,1010.1,1299,16
317,2025-11-26 13:18:10+05:30,1009.6,1,1000.67,6977349,390719.0,439568.0,986.2,1012.2,981.3,986.2,120432750,1084.8,887.6,1102.5,649.1,1009.3,206,2,1009.2,632,8,1009.1,2093,14,1009.0,3200,18,1008.9,3310,17,1009.6,128,2,1009.8,301,6,1009.9,1263,10,1010.0,4597,73,1010.1,1299,16
317,2025-11-26 13:18:11+05:30,1009.6,2,1000.67,6977351,390671.0,439566.0,986.2,1012.2,981.3,986.2,120432750,1084.8,887.6,1102.5,649.1,1009.3,226,3,1009.2,591,8,1009.1,2093,14,1009.0,3200,18,1008.9,3310,17,1009.6,126,2,1009.8,301,6,1009.9,1290,11,1010.0,4597,73,1010.1,1299,16
317,2025-11-26 13:18:11+05:30,1009.6,2,1000.67,6977351,390671.0,439566.0,986.2,1012.2,981.3,986.2,120432750,1084.8,887.6,1102.5,649.1,1009.3,226,3,1009.2,591,8,1009.1,2093,14,1009.0,3200,18,1008.9,3310,17,1009.6,126,2,1009.8,301,6,1009.9,1290,11,1010.0,4597,73,1010.1,1299,16
317,2025-11-26 13:18:12+05:30,1009.4,1,1000.67,6977352,392918.0,441107.0,986.2,1012.2,981.3,986.2,120432750,1084.8,887.6,1102.5,649.1,1009.3,310,4,1009.2,528,6,1009.1,2093,14,1009.0,3971,20,1008.9,3310,17,1009.4,45,1,1009.6,126,2,1009.8,257,2,1009.9,1325,11,1010.0,4895,74
317,2025-11-26 13:18:12+05:30,1009.4,12,1000.67,6977352,392918.0,441107.0,986.2,1012.2,981.3,986.2,120432750,1084.8,887.6,1102.5,649.1,1009.3,310,4,1009.2,528,6,1009.1,2093,14,1009.0,3971,20,1008.9,3310,17,1009.4,45,1,1009.6,126,2,1009.8,257,2,1009.9,1325,11,1010.0,4895,74
317,2025-11-26 13:18:13+05:30,1009.4,23,1000.67,6977397,394582.0,441329.0,986.2,1012.2,981.3,986.2,120432750,1084.8,887.6,1102.5,649.1,1009.3,190,3,1009.2,528,6,1009.1,2143,17,1009.0,4750,23,1008.9,3260,14,1009.4,46,1,1009.6,126,2,1009.8,325,3,1009.9,1350,12,1010.0,4681,75
317,2025-11-26 13:18:13+05:30,1009.3,58,1000.67,6977397,394582.0,441329.0,986.2,1012.2,981.3,986.2,120432750,1084.8,887.6,1102.5,649.1,1009.3,190,3,1009.2,528,6,1009.1,2143,17,1009.0,4750,23,1008.9,3260,14,1009.4,46,1,1009.6,126,2,1009.8,325,3,1009.9,1350,12,1010.0,4681,75
317,2025-11-26 13:18:14+05:30,1009.4,1,1000.67,6977733,394514.0,440904.0,986.2,1012.2,981.3,986.2,120432750,1084.8,887.6,1102.5,649.1,1009.2,726,6,1009.1,2015,16,1009.0,4601,22,1008.9,3111,13,1008.8,1499,12,1009.4,45,1,1009.6,173,3,1009.8,259,3,1009.9,1357,11,1010.0,5040,77
317,2025-11-26 13:18:14+05:30,1009.4,25,1000.67,6977733,394514.0,440904.0,986.2,1012.2,981.3,986.2,120432750,1084.8,887.6,1102.5,649.1,1009.2,726,6,1009.1,2015,16,1009.0,4601,22,1008.9,3111,13,1008.8,1499,12,1009.4,45,1,1009.6,173,3,1009.8,259,3,1009.9,1357,11,1010.0,5040,77
317,2025-11-26 13:18:15+05:30,1009.7,128,1000.67,6978502,389558.0,440122.0,986.2,1012.2,981.3,986.2,120432750,1084.8,887.6,1102.5,649.1,1009.3,116,2,1009.2,381,5,1009.1,1821,13,1009.0,3817,19,1008.9,3061,12,1009.7,57,1,1009.8,437,7,1009.9,1398,10,1010.0,5156,81,1010.1,1099,19
317,2025-11-26 13:18:15+05:30,1009.7,106,1000.67,6978502,389558.0,440122.0,986.2,1012.2,981.3,986.2,120432750,1084.8,887.6,1102.5,649.1,1009.3,116,2,1009.2,381,5,1009.1,1821,13,1009.0,3817,19,1008.9,3061,12,1009.7,57,1,1009.8,437,7,1009.9,1398,10,1010.0,5156,81,1010.1,1099,19
317,2025-11-26 13:18:16+05:30,1009.6,49,1000.67,6979398,389598.0,439898.0,986.2,1012.2,981.3,986.2,120432750,1084.8,887.6,1102.5,649.1,1009.3,129,3,1009.2,230,3,1009.1,1663,12,1009.0,2811,16,1008.9,3119,13,1009.6,79,2,1009.7,35,3,1009.8,683,10,1009.9,1357,12,1010.0,5007,80
317,2025-11-26 13:18:16+05:30,1009.6,48,1000.67,6979398,389598.0,439898.0,986.2,1012.2,981.3,986.2,120432750,1084.8,887.6,1102.5,649.1,1009.3,129,3,1009.2,230,3,1009.1,1663,12,1009.0,2811,16,1008.9,3119,13,1009.6,79,2,1009.7,35,3,1009.8,683,10,1009.9,1357,12,1010.0,5007,80
317,2025-11-26 13:18:17+05:30,1009.6,107,1000.67,6979908,389444.0,441717.0,986.2,1012.2,981.3,986.2,120432750,1084.8,887.6,1102.5,649.1,1009.3,125,2,1009.2,114,1,1009.1,1725,14,1009.0,2746,15,1008.9,2879,11,1009.5,104,1,1009.6,142,4,1009.7,205,3,1009.8,1246,13,1009.9,907,12
317,2025-11-26 13:18:17+05:30,1009.5,23,1000.67,6979908,389444.0,441717.0,986.2,1012.2,981.3,986.2,120432750,1084.8,887.6,1102.5,649.1,1009.3,125,2,1009.2,114,1,1009.1,1725,14,1009.0,2746,15,1008.9,2879,11,1009.5,104,1,1009.6,142,4,1009.7,205,3,1009.8,1246,13,1009.9,907,12
317,2025-11-26 13:18:18+05:30,1009.6,58,1000.67,6980860,389103.0,439801.0,986.2,1012.2,981.3,986.2,120432750,1084.8,887.6,1102.5,649.1,1009.6,70,1,1009.3,240,4,1009.2,534,5,1009.1,1646,12,1009.0,3684,19,1009.7,21,1,1009.8,368,7,1009.9,1134,12,1010.0,5070,82,1010.1,1060,16
317,2025-11-26 13:18:18+05:30,1009.7,91,1000.67,6980860,389103.0,439801.0,986.2,1012.2,981.3,986.2,120432750,1084.8,887.6,1102.5,649.1,1009.6,70,1,1009.3,240,4,1009.2,534,5,1009.1,1646,12,1009.0,3684,19,1009.7,21,1,1009.8,368,7,1009.9,1134,12,1010.0,5070,82,1010.1,1060,16
317,2025-11-26 13:18:19+05:30,1009.6,10,1000.67,6981349,388005.0,439975.0,986.2,1012.2,981.3,986.2,120432750,1084.8,887.6,1102.5,649.1,1009.6,89,2,1009.3,87,1,1009.2,253,4,1009.1,1475,9,1009.0,2938,19,1009.7,238,6,1009.8,692,11,1009.9,627,11,1010.0,5219,83,1010.1,1060,16
317,2025-11-26 13:18:19+05:30,1009.6,10,1000.67,6981349,388005.0,439975.0,986.2,1012.2,981.3,986.2,120432750,1084.8,887.6,1102.5,649.1,1009.6,89,2,1009.3,87,1,1009.2,253,4,1009.1,1475,9,1009.0,2938,19,1009.7,238,6,1009.8,692,11,1009.9,627,11,1010.0,5219,83,1010.1,1060,16
317,2025-11-26 13:18:20+05:30,1009.8,17,1000.67,6981349,388005.0,439975.0,986.2,1012.2,981.3,986.2,120432750,1084.8,887.6,1102.5,649.1,1009.6,89,2,1009.3,87,1,1009.2,253,4,1009.1,1475,9,1009.0,2938,19,1009.7,238,6,1009.8,692,11,1009.9,627,11,1010.0,5219,83,1010.1,1060,16
317,2025-11-26 13:18:20+05:30,1009.8,17,1000.67,6982448,387728.0,439126.0,986.2,1012.2,981.3,986.2,120432750,1084.8,887.6,1102.5,649.1,1009.6,13,1,1009.3,564,5,1009.2,429,9,1009.1,1848,11,1009.0,2464,16,1009.8,172,5,1009.9,975,10,1010.0,4659,77,1010.1,1230,13,1010.2,824,11
317,2025-11-26 13:18:21+05:30,1009.9,45,1000.67,6982448,387728.0,439126.0,986.2,1012.2,981.3,986.2,120432750,1084.8,887.6,1102.5,649.1,1009.6,13,1,1009.3,564,5,1009.2,429,9,1009.1,1848,11,1009.0,2464,16,1009.8,172,5,1009.9,975,10,1010.0,4659,77,1010.1,1230,13,1010.2,824,11
317,2025-11-26 13:18:21+05:30,1009.7,127,1000.67,6983343,389495.0,439535.0,986.2,1012.2,981.3,986.2,120432750,1084.8,887.6,1102.5,649.1,1009.6,13,1,1009.4,314,2,1009.3,848,7,1009.2,719,11,1009.1,1849,11,1009.7,110,1,1009.9,818,7,1010.0,4677,77,1010.1,1145,12,1010.2,824,11
317,2025-11-26 13:18:22+05:30,1009.7,127,1000.67,6983343,389495.0,439535.0,986.2,1012.2,981.3,986.2,120432750,1084.8,887.6,1102.5,649.1,1009.6,13,1,1009.4,314,2,1009.3,848,7,1009.2,719,11,1009.1,1849,11,1009.7,110,1,1009.9,818,7,1010.0,4677,77,1010.1,1145,12,1010.2,824,11
317,2025-11-26 13:18:22+05:30,1009.7,107,1000.68,6984501,387981.0,439664.0,986.2,1012.2,981.3,986.2,120432750,1084.8,887.6,1102.5,649.1,1009.6,13,1,1009.3,178,3,1009.2,629,11,1009.1,1750,9,1009.0,3121,17,1009.7,21,1,1009.8,224,4,1009.9,1224,9,1010.0,5037,79,1010.1,724,11
317,2025-11-26 13:18:23+05:30,1009.9,107,1000.68,6984501,387981.0,439664.0,986.2,1012.2,981.3,986.2,120432750,1084.8,887.6,1102.5,649.1,1009.6,13,1,1009.3,178,3,1009.2,629,11,1009.1,1750,9,1009.0,3121,17,1009.7,21,1,1009.8,224,4,1009.9,1224,9,1010.0,5037,79,1010.1,724,11
317,2025-11-26 13:18:23+05:30,1009.9,39,1000.68,6985288,387076.0,437190.0,986.2,1012.2,981.3,986.2,120432750,1084.8,887.6,1102.5,649.1,1009.7,3,2,1009.6,142,3,1009.5,188,1,1009.4,320,3,1009.3,534,8,1009.9,13,1,1010.0,4424,74,1010.1,702,9,1010.2,984,10,1010.3,793,13
317,2025-11-26 13:18:24+05:30,1009.9,115,1000.68,6985288,387076.0,437190.0,986.2,1012.2,981.3,986.2,120432750,1084.8,887.6,1102.5,649.1,1009.7,3,2,1009.6,142,3,1009.5,188,1,1009.4,320,3,1009.3,534,8,1009.9,13,1,1010.0,4424,74,1010.1,702,9,1010.2,984,10,1010.3,793,13
317,2025-11-26 13:18:24+05:30,1009.9,115,1000.68,6985416,386318.0,437848.0,986.2,1012.2,981.3,986.2,120432750,1084.8,887.6,1102.5,649.1,1009.7,3,2,1009.6,30,2,1009.4,118,2,1009.3,339,8,1009.2,1742,13,1009.9,177,5,1010.0,4485,76,1010.1,1037,12,1010.2,690,10,1010.3,895,13
317,2025-11-26 13:18:25+05:30,1009.9,11,1000.68,6985416,386318.0,437848.0,986.2,1012.2,981.3,986.2,120432750,1084.8,887.6,1102.5,649.1,1009.7,3,2,1009.6,30,2,1009.4,118,2,1009.3,339,8,1009.2,1742,13,1009.9,177,5,1010.0,4485,76,1010.1,1037,12,1010.2,690,10,1010.3,895,13
317,2025-11-26 13:18:25+05:30,1009.9,2,1000.68,6985573,386207.0,438161.0,986.2,1012.2,981.3,986.2,120432750,1084.8,887.6,1102.5,649.1,1009.7,5,3,1009.6,17,1,1009.4,114,1,1009.3,332,7,1009.2,1742,13,1009.9,390,7,1010.0,4568,75,1010.1,1047,13,1010.2,690,10,1010.3,921,15
317,2025-11-26 13:18:26+05:30,1009.9,32,1000.68,6985573,386207.0,438161.0,986.2,1012.2,981.3,986.2,120432750,1084.8,887.6,1102.5,649.1,1009.7,5,3,1009.6,17,1,1009.4,114,1,1009.3,332,7,1009.2,1742,13,1009.9,390,7,1010.0,4568,75,1010.1,1047,13,1010.2,690,10,1010.3,921,15
317,2025-11-26 13:18:27+05:30,1009.9,44,1000.68,6986088,386246.0,437749.0,986.2,1012.2,981.3,986.2,120432750,1084.8,887.6,1102.5,649.1,1009.7,1,1,1009.6,17,1,1009.4,316,2,1009.3,332,7,1009.2,1742,13,1009.9,217,4,1010.0,4570,76,1010.1,911,12,1010.2,719,12,1010.3,913,14
317,2025-11-26 13:18:27+05:30,1009.7,1,1000.68,6986088,386246.0,437749.0,986.2,1012.2,981.3,986.2,120432750,1084.8,887.6,1102.5,649.1,1009.7,1,1,1009.6,17,1,1009.4,316,2,1009.3,332,7,1009.2,1742,13,1009.9,217,4,1010.0,4570,76,1010.1,911,12,1010.2,719,12,1010.3,913,14
317,2025-11-26 13:18:27+05:30,1009.7,1,1000.68,6986099,386155.0,437590.0,986.2,1012.2,981.3,986.2,120432750,1084.8,887.6,1102.5,649.1,1009.7,14,1,1009.6,17,1,1009.4,114,1,1009.3,332,7,1009.2,1840,14,1009.9,194,5,1010.0,4496,76,1010.1,1050,14,1010.2,690,10,1010.3,866,11
317,2025-11-26 13:18:28+05:30,1009.7,1,1000.68,6986099,386198.0,437743.0,986.2,1012.2,981.3,986.2,120432750,1084.8,887.6,1102.5,649.1,1009.7,14,1,1009.6,17,1,1009.4,114,1,1009.3,332,7,1009.2,1840,14,1009.9,84,2,1010.0,4496,76,1010.1,1050,14,1010.2,690,10,1010.3,866,11
317,2025-11-26 13:18:29+05:30,1009.7,1,1000.68,6986099,386651.0,438694.0,986.2,1012.2,981.3,986.2,120432750,1084.8,887.6,1102.5,649.1,1009.7,14,1,1009.6,17,1,1009.4,118,2,1009.3,377,5,1009.2,1796,11,1010.0,4418,74,1010.1,668,12,1010.2,977,10,1010.3,890,13,1010.4,827,14
317,2025-11-26 13:18:30+05:30,1010.0,9,1000.68,6986099,386651.0,438694.0,986.2,1012.2,981.3,986.2,120432750,1084.8,887.6,1102.5,649.1,1009.7,14,1,1009.6,17,1,1009.4,118,2,1009.3,377,5,1009.2,1796,11,1010.0,4418,74,1010.1,668,12,1010.2,977,10,1010.3,890,13,1010.4,827,14
317,2025-11-26 13:18:30+05:30,1009.7,8,1000.68,6986163,386905.0,438059.0,986.2,1012.2,981.3,986.2,120432750,1084.8,887.6,1102.5,649.1,1009.7,6,1,1009.6,17,1,1009.5,114,1,1009.4,206,8,1009.3,554,8,1010.0,4157,70,1010.1,617,11,1010.2,977,10,1010.3,1434,14,1010.4,827,14
317,2025-11-26 13:18:31+05:30,1009.7,8,1000.68,6986163,386905.0,438059.0,986.2,1012.2,981.3,986.2,120432750,1084.8,887.6,1102.5,649.1,1009.7,6,1,1009.6,17,1,1009.5,114,1,1009.4,206,8,1009.3,554,8,1010.0,4157,70,1010.1,617,11,1010.2,977,10,1010.3,1434,14,1010.4,827,14
317,2025-11-26 13:18:32+05:30,1009.7,8,1000.68,6986163,388843.0,438226.0,986.2,1012.2,981.3,986.2,120432750,1084.8,887.6,1102.5,649.1,1009.7,6,1,1009.6,17,1,1009.5,149,3,1009.4,188,7,1009.3,525,6,1009.8,67,1,1009.9,252,1,1010.0,4214,71,1010.1,629,12,1010.2,977,10
317,2025-11-26 13:18:32+05:30,1009.8,1,1000.68,6986163,388843.0,438226.0,986.2,1012.2,981.3,986.2,120432750,1084.8,887.6,1102.5,649.1,1009.7,6,1,1009.6,17,1,1009.5,149,3,1009.4,188,7,1009.3,525,6,1009.8,67,1,1009.9,252,1,1010.0,4214,71,1010.1,629,12,1010.2,977,10
317,2025-11-26 13:18:33+05:30,1009.8,5,1000.68,6986196,388829.0,438008.0,986.2,1012.2,981.3,986.2,120432750,1084.8,887.6,1102.5,649.1,1009.7,6,1,1009.6,17,1,1009.5,149,3,1009.4,188,7,1009.3,525,6,1009.8,35,2,1009.9,252,1,1010.0,4267,73,1010.1,577,11,1010.2,977,10
317,2025-11-26 13:18:33+05:30,1009.8,5,1000.68,6986196,388829.0,438008.0,986.2,1012.2,981.3,986.2,120432750,1084.8,887.6,1102.5,649.1,1009.7,6,1,1009.6,17,1,1009.5,149,3,1009.4,188,7,1009.3,525,6,1009.8,35,2,1009.9,252,1,1010.0,4267,73,1010.1,577,11,1010.2,977,10
317,2025-11-26 13:18:34+05:30,1009.8,5,1000.68,6986196,388830.0,438016.0,986.2,1012.2,981.3,986.2,120432750,1084.8,887.6,1102.5,649.1,1009.7,6,1,1009.6,17,1,1009.5,114,1,1009.4,194,7,1009.3,554,8,1009.8,35,2,1009.9,252,1,1010.0,4335,74,1010.1,608,12,1010.2,977,10
317,2025-11-26 13:18:34+05:30,1009.8,5,1000.68,6986196,388830.0,438016.0,986.2,1012.2,981.3,986.2,120432750,1084.8,887.6,1102.5,649.1,1009.7,6,1,1009.6,17,1,1009.5,114,1,1009.4,194,7,1009.3,554,8,1009.8,35,2,1009.9,252,1,1010.0,4335,74,1010.1,608,12,1010.2,977,10
317,2025-11-26 13:18:35+05:30,1009.8,5,1000.68,6986313,388716.0,438369.0,986.2,1012.2,981.3,986.2,120432750,1084.8,887.6,1102.5,649.1,1009.7,6,1,1009.6,17,1,1009.4,194,7,1009.3,546,7,1009.2,2823,14,1009.8,62,1,1009.9,485,4,1010.0,4637,76,1010.1,906,13,1010.2,679,9
317,2025-11-26 13:18:35+05:30,1009.8,2,1000.68,6986313,388716.0,438369.0,986.2,1012.2,981.3,986.2,120432750,1084.8,887.6,1102.5,649.1,1009.7,6,1,1009.6,17,1,1009.4,194,7,1009.3,546,7,1009.2,2823,14,1009.8,62,1,1009.9,485,4,1010.0,4637,76,1010.1,906,13,1010.2,679,9
317,2025-11-26 13:18:36+05:30,1009.8,1,1000.68,6986316,387741.0,438440.0,986.2,1012.2,981.3,986.2,120432750,1084.8,887.6,1102.5,649.1,1009.7,6,1,1009.6,117,2,1009.4,168,5,1009.3,580,10,1009.2,1808,12,1009.8,59,1,1009.9,554,5,1010.0,4642,77,1010.1,906,13,1010.2,679,9
317,2025-11-26 13:18:36+05:30,1009.7,6,1000.68,6986316,387741.0,438440.0,986.2,1012.2,981.3,986.2,120432750,1084.8,887.6,1102.5,649.1,1009.7,6,1,1009.6,117,2,1009.4,168,5,1009.3,580,10,1009.2,1808,12,1009.8,59,1,1009.9,554,5,1010.0,4642,77,1010.1,906,13,1010.2,679,9
317,2025-11-26 13:18:37+05:30,1009.7,6,1000.68,6986322,388649.0,438857.0,986.2,1012.2,981.3,986.2,120432750,1084.8,887.6,1102.5,649.1,1009.6,117,2,1009.5,160,2,1009.4,804,8,1009.3,568,9,1009.2,1113,11,1009.7,53,1,1009.9,878,3,1010.0,4283,73,1010.1,768,9,1010.2,756,11
317,2025-11-26 13:18:38+05:30,1009.7,6,1000.68,6986322,388670.0,438874.0,986.2,1012.2,981.3,986.2,120432750,1084.8,887.6,1102.5,649.1,1009.6,117,2,1009.5,160,2,1009.4,804,8,1009.3,568,9,1009.2,1113,11,1009.7,53,1,1009.9,888,4,1010.0,4312,74,1010.1,532,9,1010.2,1054,12
317,2025-11-26 13:18:39+05:30,1009.7,6,1000.68,6986322,388474.0,438870.0,986.2,1012.2,981.3,986.2,120432750,1084.8,887.6,1102.5,649.1,1009.6,117,2,1009.5,114,1,1009.4,706,7,1009.3,516,9,1009.2,1113,11,1009.7,54,2,1009.9,898,5,1010.0,4390,76,1010.1,830,10,1010.2,756,11
317,2025-11-26 13:18:40+05:30,1009.7,1,1000.68,6986323,388572.0,438709.0,986.2,1012.2,981.3,986.2,120432750,1084.8,887.6,1102.5,649.1,1009.6,117,2,1009.5,114,1,1009.4,706,7,1009.3,614,10,1009.2,1113,11,1009.7,53,2,1009.8,53,1,1009.9,846,4,1010.0,4390,76,1010.1,745,9
317,2025-11-26 13:18:40+05:30,1009.7,1,1000.68,6986323,388572.0,438709.0,986.2,1012.2,981.3,986.2,120432750,1084.8,887.6,1102.5,649.1,1009.6,117,2,1009.5,114,1,1009.4,706,7,1009.3,614,10,1009.2,1113,11,1009.7,53,2,1009.8,53,1,1009.9,846,4,1010.0,4390,76,1010.1,745,9
317,2025-11-26 13:18:41+05:30,1009.7,2,1000.68,6986325,388582.0,438716.0,986.2,1012.2,981.3,986.2,120432750,1084.8,887.6,1102.5,649.1,1009.6,130,3,1009.5,114,1,1009.4,706,7,1009.3,610,10,1009.2,1113,11,1009.7,51,2,1009.8,53,1,1009.9,846,4,1010.0,4390,76,1010.1,745,9
317,2025-11-26 13:18:41+05:30,1009.6,146,1000.68,6986325,388582.0,438716.0,986.2,1012.2,981.3,986.2,120432750,1084.8,887.6,1102.5,649.1,1009.6,130,3,1009.5,114,1,1009.4,706,7,1009.3,610,10,1009.2,1113,11,1009.7,51,2,1009.8,53,1,1009.9,846,4,1010.0,4390,76,1010.1,745,9
317,2025-11-26 13:18:42+05:30,1009.6,146,1000.68,6986602,390184.0,439594.0,986.2,1012.2,981.3,986.2,120432750,1084.8,887.6,1102.5,649.1,1009.4,343,6,1009.3,550,10,1009.2,1010,11,1009.1,2027,11,1009.0,3078,18,1009.6,67,1,1009.7,1,1,1009.8,57,2,1009.9,907,5,1010.0,4352,75
317,2025-11-26 13:18:43+05:30,1009.6,5,1000.68,6986611,390101.0,439584.0,986.2,1012.2,981.3,986.2,120432750,1084.8,887.6,1102.5,649.1,1009.4,212,4,1009.3,469,10,1009.2,1041,12,1009.1,2027,11,1009.0,3171,18,1009.6,58,1,1009.7,1,1,1009.8,123,3,1009.9,1021,6,1010.0,4345,74
317,2025-11-26 13:18:43+05:30,1009.4,74,1000.68,6986611,390101.0,439584.0,986.2,1012.2,981.3,986.2,120432750,1084.8,887.6,1102.5,649.1,1009.4,212,4,1009.3,469,10,1009.2,1041,12,1009.1,2027,11,1009.0,3171,18,1009.6,58,1,1009.7,1,1,1009.8,123,3,1009.9,1021,6,1010.0,4345,74
317,2025-11-26 13:18:44+05:30,1009.4,74,1000.68,6986712,389812.0,439898.0,986.2,1012.2,981.3,986.2,120432750,1084.8,887.6,1102.5,649.1,1009.4,13,2,1009.3,397,9,1009.2,932,10,1009.1,2027,11,1009.0,3171,18,1009.6,35,1,1009.7,1,1,1009.8,325,4,1009.9,1021,6,1010.0,4386,75
317,2025-11-26 13:18:44+05:30,1009.6,3,1000.68,6986712,389812.0,439898.0,986.2,1012.2,981.3,986.2,120432750,1084.8,887.6,1102.5,649.1,1009.4,13,2,1009.3,397,9,1009.2,932,10,1009.1,2027,11,1009.0,3171,18,1009.6,35,1,1009.7,1,1,1009.8,325,4,1009.9,1021,6,1010.0,4386,75
317,2025-11-26 13:18:45+05:30,1009.6,3,1000.68,6986715,391029.0,439734.0,986.2,1012.2,981.3,986.2,120432750,1084.8,887.6,1102.5,649.1,1009.4,265,6,1009.3,478,9,1009.2,1935,12,1009.1,3225,12,1009.0,3841,19,1009.6,32,1,1009.7,1,1,1009.8,123,3,1009.9,1027,7,1010.0,4386,75
317,2025-11-26 13:18:45+05:30,1009.6,2,1000.68,6986715,391029.0,439734.0,986.2,1012.2,981.3,986.2,120432750,1084.8,887.6,1102.5,649.1,1009.4,265,6,1009.3,478,9,1009.2,1935,12,1009.1,3225,12,1009.0,3841,19,1009.6,32,1,1009.7,1,1,1009.8,123,3,1009.9,1027,7,1010.0,4386,75
317,2025-11-26 13:18:45+05:30,1009.6,1,1000.68,6986718,391020.0,439755.0,986.2,1012.2,981.3,986.2,120432750,1084.8,887.6,1102.5,649.1,1009.4,265,6,1009.3,469,8,1009.2,1935,12,1009.1,3225,12,1009.0,3841,19,1009.6,29,1,1009.7,1,1,1009.8,123,3,1009.9,1027,7,1010.0,4386,75
317,2025-11-26 13:18:46+05:30,1009.4,155,1000.68,6986718,391020.0,439755.0,986.2,1012.2,981.3,986.2,120432750,1084.8,887.6,1102.5,649.1,1009.4,265,6,1009.3,469,8,1009.2,1935,12,1009.1,3225,12,1009.0,3841,19,1009.6,29,1,1009.7,1,1,1009.8,123,3,1009.9,1027,7,1010.0,4386,75
317,2025-11-26 13:18:47+05:30,1009.4,155,1000.68,6986941,390887.0,438921.0,986.2,1012.2,981.3,986.2,120432750,1084.8,887.6,1102.5,649.1,1009.4,102,2,1009.3,659,12,1009.2,1917,12,1009.1,3225,12,1009.0,3841,19,1009.7,1,1,1009.8,57,2,1009.9,815,5,1010.0,4345,74,1010.1,458,9
317,2025-11-26 13:18:48+05:30,1009.4,155,1000.68,6986941,390284.0,438899.0,986.2,1012.2,981.3,986.2,120432750,1084.8,887.6,1102.5,649.1,1009.4,236,4,1009.3,659,12,1009.2,1930,13,1009.1,2475,11,1009.0,3841,19,1009.7,1,1,1009.8,57,2,1009.9,815,5,1010.0,4345,74,1010.1,458,9
317,2025-11-26 13:18:49+05:30,1009.4,155,1000.68,6986941,390294.0,438925.0,986.2,1012.2,981.3,986.2,120432750,1084.8,887.6,1102.5,649.1,1009.4,246,5,1009.3,659,12,1009.2,1930,13,1009.1,2475,11,1009.0,3841,19,1009.7,1,1,1009.8,57,2,1009.9,815,5,1010.0,4345,74,1010.1,458,9
317,2025-11-26 13:18:49+05:30,1009.7,1,1000.68,6986941,390294.0,438925.0,986.2,1012.2,981.3,986.2,120432750,1084.8,887.6,1102.5,649.1,1009.4,246,5,1009.3,659,12,1009.2,1930,13,1009.1,2475,11,1009.0,3841,19,1009.7,1,1,1009.8,57,2,1009.9,815,5,1010.0,4345,74,1010.1,458,9
317,2025-11-26 13:18:49+05:30,1009.7,1,1000.68,6987080,389055.0,439112.0,986.2,1012.2,981.3,986.2,120432750,1084.8,887.6,1102.5,649.1,1009.4,70,3,1009.3,636,10,1009.2,1960,13,1009.1,2475,11,1009.0,3841,19,1009.8,214,5,1009.9,1035,9,1010.0,4449,75,1010.1,756,10,1010.2,682,10
317,2025-11-26 13:18:50+05:30,1009.8,25,1000.68,6987080,389055.0,439112.0,986.2,1012.2,981.3,986.2,120432750,1084.8,887.6,1102.5,649.1,1009.4,70,3,1009.3,636,10,1009.2,1960,13,1009.1,2475,11,1009.0,3841,19,1009.8,214,5,1009.9,1035,9,1010.0,4449,75,1010.1,756,10,1010.2,682,10
317,2025-11-26 13:18:51+05:30,1009.4,1,1000.68,6987110,388747.0,439307.0,986.2,1012.2,981.3,986.2,120432750,1084.8,887.6,1102.5,649.1,1009.4,107,4,1009.3,722,9,1009.2,1956,13,1009.1,2475,11,1009.0,3841,19,1009.8,212,5,1009.9,994,7,1010.0,4639,79,1010.1,864,11,1010.2,669,9
317,2025-11-26 13:18:51+05:30,1009.4,1,1000.68,6987110,388747.0,439307.0,986.2,1012.2,981.3,986.2,120432750,1084.8,887.6,1102.5,649.1,1009.4,107,4,1009.3,722,9,1009.2,1956,13,1009.1,2475,11,1009.0,3841,19,1009.8,212,5,1009.9,994,7,1010.0,4639,79,1010.1,864,11,1010.2,669,9
317,2025-11-26 13:18:52+05:30,1009.4,1,1000.68,6987110,390645.0,439946.0,986.2,1012.2,981.3,986.2,120432750,1084.8,887.6,1102.5,649.1,1009.4,52,3,1009.3,327,7,1009.2,1918,12,1009.1,3225,12,1009.0,3841,19,1009.6,16,1,1009.8,414,6,1009.9,1173,9,1010.0,4639,79,1010.1,874,12
317,2025-11-26 13:18:53+05:30,1009.6,15,1000.68,6987142,390672.0,439495.0,986.2,1012.2,981.3,986.2,120432750,1084.8,887.6,1102.5,649.1,1009.4,52,3,1009.3,289,6,1009.2,1945,13,1009.1,3263,13,1009.0,3841,19,1009.6,1,1,1009.8,144,4,1009.9,1258,10,1010.0,4582,79,1010.1,936,13
317,2025-11-26 13:18:53+05:30,1009.6,15,1000.68,6987142,390672.0,439495.0,986.2,1012.2,981.3,986.2,120432750,1084.8,887.6,1102.5,649.1,1009.4,52,3,1009.3,289,6,1009.2,1945,13,1009.1,3263,13,1009.0,3841,19,1009.6,1,1,1009.8,144,4,1009.9,1258,10,1010.0,4582,79,1010.1,936,13
317,2025-11-26 13:18:54+05:30,1009.6,15,1000.68,6987142,390803.0,439519.0,986.2,1012.2,981.3,986.2,120432750,1084.8,887.6,1102.5,649.1,1009.4,65,4,1009.3,434,9,1009.2,1945,13,1009.1,3225,12,1009.0,3841,19,1009.6,1,1,1009.8,144,4,1009.9,1258,10,1010.0,4582,79,1010.1,936,13
317,2025-11-26 13:18:55+05:30,1009.6,15,1000.68,6987142,390951.0,439419.0,986.2,1012.2,981.3,986.2,120432750,1084.8,887.6,1102.5,649.1,1009.5,150,2,1009.4,141,4,1009.3,425,8,1009.2,1945,13,1009.1,3261,13,1009.6,1,1,1009.8,72,3,1009.9,1078,8,1010.0,4454,76,1010.1,974,14
317,2025-11-26 13:18:55+05:30,1009.6,12,1000.68,6987142,390951.0,439419.0,986.2,1012.2,981.3,986.2,120432750,1084.8,887.6,1102.5,649.1,1009.5,150,2,1009.4,141,4,1009.3,425,8,1009.2,1945,13,1009.1,3261,13,1009.6,1,1,1009.8,72,3,1009.9,1078,8,1010.0,4454,76,1010.1,974,14
317,2025-11-26 13:18:56+05:30,1009.6,5,1000.68,6987180,391095.0,439635.0,986.2,1012.2,981.3,986.2,120432750,1084.8,887.6,1102.5,649.1,1009.5,163,3,1009.4,226,4,1009.3,560,9,1009.2,1945,13,1009.1,3261,13,1009.6,16,1,1009.7,103,2,1009.8,48,2,1009.9,1012,7,1010.0,4447,76
317,2025-11-26 13:18:56+05:30,1009.5,84,1000.68,6987180,391095.0,439635.0,986.2,1012.2,981.3,986.2,120432750,1084.8,887.6,1102.5,649.1,1009.5,163,3,1009.4,226,4,1009.3,560,9,1009.2,1945,13,1009.1,3261,13,1009.6,16,1,1009.7,103,2,1009.8,48,2,1009.9,1012,7,1010.0,4447,76
317,2025-11-26 13:18:57+05:30,1009.5,84,1000.68,6987269,390774.0,439394.0,986.2,1012.2,981.3,986.2,120432750,1084.8,887.6,1102.5,649.1,1009.5,41,2,1009.4,166,4,1009.3,587,10,1009.2,1918,12,1009.1,3261,13,1009.7,103,2,1009.8,48,2,1009.9,760,6,1010.0,4471,77,1010.1,963,12
317,2025-11-26 13:18:57+05:30,1009.7,1,1000.68,6987269,390774.0,439394.0,986.2,1012.2,981.3,986.2,120432750,1084.8,887.6,1102.5,649.1,1009.5,41,2,1009.4,166,4,1009.3,587,10,1009.2,1918,12,1009.1,3261,13,1009.7,103,2,1009.8,48,2,1009.9,760,6,1010.0,4471,77,1010.1,963,12
317,2025-11-26 13:18:57+05:30,1009.4,1,1000.68,6987409,389976.0,439310.0,986.2,1012.2,981.3,986.2,120432750,1084.8,887.6,1102.5,649.1,1009.4,3,1,1009.3,333,8,1009.2,1570,9,1009.1,2504,11,1009.0,3867,21,1009.7,102,2,1009.8,259,5,1009.9,978,9,1010.0,4536,78,1010.1,925,11
317,2025-11-26 13:18:58+05:30,1009.6,1,1000.68,6987409,389976.0,439310.0,986.2,1012.2,981.3,986.2,120432750,1084.8,887.6,1102.5,649.1,1009.4,3,1,1009.3,333,8,1009.2,1570,9,1009.1,2504,11,1009.0,3867,21,1009.7,102,2,1009.8,259,5,1009.9,978,9,1010.0,4536,78,1010.1,925,11
317,2025-11-26 13:18:58+05:30,1009.6,1,1000.68,6987410,391275.0,438873.0,986.2,1012.2,981.3,986.2,120432750,1084.8,887.6,1102.5,649.1,1009.6,39,1,1009.4,52,2,1009.3,739,10,1009.2,1700,10,1009.1,3332,15,1009.7,102,2,1009.8,57,4,1009.9,799,7,1010.0,4386,75,1010.1,630,11
317,2025-11-26 13:18:59+05:30,1009.7,1,1000.68,6987410,391275.0,438873.0,986.2,1012.2,981.3,986.2,120432750,1084.8,887.6,1102.5,649.1,1009.6,39,1,1009.4,52,2,1009.3,739,10,1009.2,1700,10,1009.1,3332,15,1009.7,102,2,1009.8,57,4,1009.9,799,7,1010.0,4386,75,1010.1,630,11
317,2025-11-26 13:18:59+05:30,1009.7,1,1000.68,6987411,390555.0,439089.0,986.2,1012.2,981.3,986.2,120432750,1084.8,887.6,1102.5,649.1,1009.6,39,1,1009.4,52,2,1009.3,739,10,1009.2,1700,10,1009.1,2582,14,1009.7,101,2,1009.8,57,4,1009.9,865,8,1010.0,4508,77,1010.1,928,12
317,2025-11-26 13:19:00+05:30,1009.7,1,1000.68,6987411,390555.0,439089.0,986.2,1012.2,981.3,986.2,120432750,1084.8,887.6,1102.5,649.1,1009.6,39,1,1009.4,52,2,1009.3,739,10,1009.2,1700,10,1009.1,2582,14,1009.7,101,2,1009.8,57,4,1009.9,865,8,1010.0,4508,77,1010.1,928,12
317,2025-11-26 13:19:00+05:30,1009.3,2,1000.68,6987521,390336.0,439165.0,986.2,1012.2,981.3,986.2,120432750,1084.8,887.6,1102.5,649.1,1009.3,211,6,1009.2,1742,12,1009.1,2471,11,1009.0,3862,20,1008.9,1126,10,1009.7,99,2,1009.8,259,5,1009.9,969,9,1010.0,4567,78,1010.1,941,13
317,2025-11-26 13:19:01+05:30,1009.3,2,1000.68,6987521,390336.0,439165.0,986.2,1012.2,981.3,986.2,120432750,1084.8,887.6,1102.5,649.1,1009.3,211,6,1009.2,1742,12,1009.1,2471,11,1009.0,3862,20,1008.9,1126,10,1009.7,99,2,1009.8,259,5,1009.9,969,9,1010.0,4567,78,1010.1,941,13
317,2025-11-26 13:19:02+05:30,1009.3,2,1000.68,6987521,391566.0,440467.0,986.2,1012.2,981.3,986.2,120432750,1084.8,887.6,1102.5,649.1,1009.4,38,1,1009.3,125,2,1009.2,1748,12,1009.1,3286,16,1009.0,3903,21,1009.5,9,1,1009.7,99,2,1009.8,281,5,1009.9,931,8,1010.0,4605,79
317,2025-11-26 13:19:03+05:30,1009.5,23,1000.68,6987552,393338.0,440462.0,986.2,1012.2,981.3,986.2,120432750,1084.8,887.6,1102.5,649.1,1009.3,587,5,1009.2,1769,14,1009.1,4031,16,1009.0,3882,20,1008.9,1171,11,1009.5,10,2,1009.7,99,2,1009.8,117,3,1009.9,865,7,1010.0,4500,76
317,2025-11-26 13:19:03+05:30,1009.5,23,1000.68,6987552,393338.0,440462.0,986.2,1012.2,981.3,986.2,120432750,1084.8,887.6,1102.5,649.1,1009.3,587,5,1009.2,1769,14,1009.1,4031,16,1009.0,3882,20,1008.9,1171,11,1009.5,10,2,1009.7,99,2,1009.8,117,3,1009.9,865,7,1010.0,4500,76
317,2025-11-26 13:19:04+05:30,1009.5,1,1000.68,6987562,393338.0,440238.0,986.2,1012.2,981.3,986.2,120432750,1084.8,887.6,1102.5,649.1,1009.3,587,5,1009.2,1769,14,1009.1,4031,16,1009.0,3882,20,1008.9,1171,11,1009.5,9,1,1009.7,99,2,1009.8,117,3,1009.9,926,8,1010.0,4500,76
317,2025-11-26 13:19:04+05:30,1009.5,1,1000.68,6987562,393338.0,440238.0,986.2,1012.2,981.3,986.2,120432750,1084.8,887.6,1102.5,649.1,1009.3,587,5,1009.2,1769,14,1009.1,4031,16,1009.0,3882,20,1008.9,1171,11,1009.5,9,1,1009.7,99,2,1009.8,117,3,1009.9,926,8,1010.0,4500,76
317,2025-11-26 13:19:05+05:30,1009.3,28,1000.68,6987702,393027.0,440142.0,986.2,1012.2,981.3,986.2,120432750,1084.8,887.6,1102.5,649.1,1009.2,1706,14,1009.1,3966,15,1009.0,3841,19,1008.9,1171,11,1008.8,2188,12,1009.5,7,1,1009.7,193,4,1009.8,464,6,1009.9,926,8,1010.0,4551,76
317,2025-11-26 13:19:05+05:30,1009.3,28,1000.68,6987702,393027.0,440142.0,986.2,1012.2,981.3,986.2,120432750,1084.8,887.6,1102.5,649.1,1009.2,1706,14,1009.1,3966,15,1009.0,3841,19,1008.9,1171,11,1008.8,2188,12,1009.5,7,1,1009.7,193,4,1009.8,464,6,1009.9,926,8,1010.0,4551,76
317,2025-11-26 13:19:06+05:30,1009.5,1,1000.68,6987703,393032.0,440141.0,986.2,1012.2,981.3,986.2,120432750,1084.8,887.6,1102.5,649.1,1009.2,1608,13,1009.1,3966,15,1009.0,3841,19,1008.9,1171,11,1008.8,2188,12,1009.5,6,1,1009.7,193,4,1009.8,464,6,1009.9,926,8,1010.0,4551,76
317,2025-11-26 13:19:06+05:30,1009.2,38,1000.68,6987703,393032.0,440141.0,986.2,1012.2,981.3,986.2,120432750,1084.8,887.6,1102.5,649.1,1009.2,1608,13,1009.1,3966,15,1009.0,3841,19,1008.9,1171,11,1008.8,2188,12,1009.5,6,1,1009.7,193,4,1009.8,464,6,1009.9,926,8,1010.0,4551,76
317,2025-11-26 13:19:07+05:30,1009.2,38,1000.68,6987741,392994.0,440179.0,986.2,1012.2,981.3,986.2,120432750,1084.8,887.6,1102.5,649.1,1009.2,1532,12,1009.1,4004,16,1009.0,3841,19,1008.9,1171,11,1008.8,2188,12,1009.5,1,1,1009.7,201,5,1009.8,582,8,1009.9,926,8,1010.0,4551,76
317,2025-11-26 13:19:08+05:30,1009.5,1,1000.68,6987743,393218.0,439454.0,986.2,1012.2,981.3,986.2,120432750,1084.8,887.6,1102.5,649.1,1009.2,1755,14,1009.1,4004,16,1009.0,3841,19,1008.9,1171,11,1008.8,2188,12,1009.5,1,1,1009.6,40,1,1009.7,168,4,1009.8,466,7,1009.9,966,12
317,2025-11-26 13:19:08+05:30,1009.2,69,1000.68,6987743,393218.0,439454.0,986.2,1012.2,981.3,986.2,120432750,1084.8,887.6,1102.5,649.1,1009.2,1755,14,1009.1,4004,16,1009.0,3841,19,1008.9,1171,11,1008.8,2188,12,1009.5,1,1,1009.6,40,1,1009.7,168,4,1009.8,466,7,1009.9,966,12
317,2025-11-26 13:19:09+05:30,1009.2,69,1000.68,6987888,393190.0,440293.0,986.2,1012.2,981.3,986.2,120432750,1084.8,887.6,1102.5,649.1,1009.2,1623,15,1009.1,4004,16,1009.0,3841,19,1008.9,1171,11,1008.8,2188,12,1009.5,1,1,1009.6,40,1,1009.7,168,4,1009.8,582,8,1009.9,996,13
317,2025-11-26 13:19:10+05:30,1009.5,1,1000.68,6987889,393187.0,439632.0,986.2,1012.2,981.3,986.2,120432750,1084.8,887.6,1102.5,649.1,1009.2,1657,16,1009.1,3966,15,1009.0,3841,19,1008.9,1171,11,1008.8,2188,12,1009.5,1,1,1009.6,40,1,1009.7,168,4,1009.8,582,8,1009.9,996,13
317,2025-11-26 13:19:10+05:30,1009.5,1,1000.68,6987889,393187.0,439632.0,986.2,1012.2,981.3,986.2,120432750,1084.8,887.6,1102.5,649.1,1009.2,1657,16,1009.1,3966,15,1009.0,3841,19,1008.9,1171,11,1008.8,2188,12,1009.5,1,1,1009.6,40,1,1009.7,168,4,1009.8,582,8,1009.9,996,13
317,2025-11-26 13:19:11+05:30,1009.5,1,1000.68,6987891,391610.0,439655.0,986.2,1012.2,981.3,986.2,120432750,1084.8,887.6,1102.5,649.1,1009.3,34,1,1009.2,1466,13,1009.1,3598,12,1009.0,3620,18,1008.9,1142,11,1009.6,40,1,1009.7,168,4,1009.8,473,7,1009.9,996,13,1010.0,4638,80
317,2025-11-26 13:19:11+05:30,1009.3,34,1000.68,6987891,391610.0,439655.0,986.2,1012.2,981.3,986.2,120432750,1084.8,887.6,1102.5,649.1,1009.3,34,1,1009.2,1466,13,1009.1,3598,12,1009.0,3620,18,1008.9,1142,11,1009.6,40,1,1009.7,168,4,1009.8,473,7,1009.9,996,13,1010.0,4638,80
317,2025-11-26 13:19:12+05:30,1009.3,34,1000.68,6987925,394016.0,441318.0,986.2,1012.2,981.3,986.2,120432750,1084.8,887.6,1102.5,649.1,1009.2,1553,11,1009.1,3726,14,1009.0,4458,22,1008.9,1149,11,1008.8,2139,11,1009.3,8,1,1009.6,107,2,1009.7,146,4,1009.8,502,8,1009.9,1057,14
317,2025-11-26 13:19:13+05:30,1009.2,116,1000.68,6988116,392011.0,439749.0,986.2,1012.2,981.3,986.2,120432750,1084.8,887.6,1102.5,649.1,1009.2,1391,10,1009.1,3882,17,1009.0,3773,22,1008.9,1121,10,1008.8,2139,11,1009.6,40,1,1009.7,84,3,1009.8,388,7,1009.9,986,12,1010.0,4595,80
317,2025-11-26 13:19:13+05:30,1009.2,50,1000.68,6988116,392011.0,439749.0,986.2,1012.2,981.3,986.2,120432750,1084.8,887.6,1102.5,649.1,1009.2,1391,10,1009.1,3882,17,1009.0,3773,22,1008.9,1121,10,1008.8,2139,11,1009.6,40,1,1009.7,84,3,1009.8,388,7,1009.9,986,12,1010.0,4595,80
317,2025-11-26 13:19:14+05:30,1009.3,2,1000.68,6988168,394390.0,440815.0,986.2,1012.2,981.3,986.2,120432750,1084.8,887.6,1102.5,649.1,1009.2,1372,10,1009.1,3771,16,1009.0,4523,23,1008.9,1146,11,1008.8,2139,11,1009.3,6,1,1009.6,40,1,1009.7,84,3,1009.8,494,8,1009.9,1085,14
317,2025-11-26 13:19:14+05:30,1009.3,1,1000.68,6988168,394390.0,440815.0,986.2,1012.2,981.3,986.2,120432750,1084.8,887.6,1102.5,649.1,1009.2,1372,10,1009.1,3771,16,1009.0,4523,23,1008.9,1146,11,1008.8,2139,11,1009.3,6,1,1009.6,40,1,1009.7,84,3,1009.8,494,8,1009.9,1085,14
317,2025-11-26 13:19:15+05:30,1009.6,3,1000.68,6988249,391845.0,439948.0,986.2,1012.2,981.3,986.2,120432750,1084.8,887.6,1102.5,649.1,1009.3,34,1,1009.2,1508,12,1009.1,3130,16,1009.0,3773,22,1008.9,1121,10,1009.6,37,1,1009.7,84,3,1009.8,329,6,1009.9,1022,13,1010.0,4660,81
317,2025-11-26 13:19:15+05:30,1009.6,3,1000.68,6988249,391845.0,439948.0,986.2,1012.2,981.3,986.2,120432750,1084.8,887.6,1102.5,649.1,1009.3,34,1,1009.2,1508,12,1009.1,3130,16,1009.0,3773,22,1008.9,1121,10,1009.6,37,1,1009.7,84,3,1009.8,329,6,1009.9,1022,13,1010.0,4660,81
317,2025-11-26 13:19:16+05:30,1009.6,1,1000.68,6988250,391706.0,440776.0,986.2,1012.2,981.3,986.2,120432750,1084.8,887.6,1102.5,649.1,1009.3,34,1,1009.2,1403,12,1009.1,3096,15,1009.0,3773,22,1008.9,1142,11,1009.6,37,2,1009.7,84,3,1009.8,343,8,1009.9,1022,13,1010.0,4704,83
317,2025-11-26 13:19:16+05:30,1009.6,1,1000.68,6988250,391706.0,440776.0,986.2,1012.2,981.3,986.2,120432750,1084.8,887.6,1102.5,649.1,1009.3,34,1,1009.2,1403,12,1009.1,3096,15,1009.0,3773,22,1008.9,1142,11,1009.6,37,2,1009.7,84,3,1009.8,343,8,1009.9,1022,13,1010.0,4704,83
317,2025-11-26 13:19:17+05:30,1009.6,1,1000.68,6988250,391706.0,440797.0,986.2,1012.2,981.3,986.2,120432750,1084.8,887.6,1102.5,649.1,1009.3,34,1,1009.2,1403,12,1009.1,3096,15,1009.0,3773,22,1008.9,1142,11,1009.6,37,2,1009.7,84,3,1009.8,343,8,1009.9,1022,13,1010.0,4704,83
317,2025-11-26 13:19:17+05:30,1009.2,111,1000.68,6988250,391706.0,440797.0,986.2,1012.2,981.3,986.2,120432750,1084.8,887.6,1102.5,649.1,1009.3,34,1,1009.2,1403,12,1009.1,3096,15,1009.0,3773,22,1008.9,1142,11,1009.6,37,2,1009.7,84,3,1009.8,343,8,1009.9,1022,13,1010.0,4704,83
317,2025-11-26 13:19:18+05:30,1009.2,111,1000.68,6988396,392024.0,441780.0,986.2,1012.2,981.3,986.2,120432750,1084.8,887.6,1102.5,649.1,1009.2,1024,8,1009.1,3157,17,1009.0,3729,22,1008.9,1142,11,1008.8,2189,12,1009.5,38,1,1009.6,36,2,1009.7,193,4,1009.8,677,12,1009.9,1022,13
317,2025-11-26 13:19:19+05:30,1009.2,111,1000.68,6988396,392873.0,441803.0,986.2,1012.2,981.3,986.2,120432750,1084.8,887.6,1102.5,649.1,1009.2,1122,9,1009.1,3907,18,1009.0,3729,22,1008.9,1142,11,1008.8,2189,12,1009.5,38,1,1009.6,36,2,1009.7,84,3,1009.8,461,10,1009.9,1165,15
317,2025-11-26 13:19:20+05:30,1009.5,1,1000.68,6988397,392873.0,441802.0,986.2,1012.2,981.3,986.2,120432750,1084.8,887.6,1102.5,649.1,1009.2,1122,9,1009.1,3907,18,1009.0,3729,22,1008.9,1142,11,1008.8,2189,12,1009.5,37,1,1009.6,36,2,1009.7,84,3,1009.8,461,10,1009.9,1165,15
317,2025-11-26 13:19:20+05:30,1009.5,1,1000.68,6988397,392873.0,441802.0,986.2,1012.2,981.3,986.2,120432750,1084.8,887.6,1102.5,649.1,1009.2,1122,9,1009.1,3907,18,1009.0,3729,22,1008.9,1142,11,1008.8,2189,12,1009.5,37,1,1009.6,36,2,1009.7,84,3,1009.8,461,10,1009.9,1165,15
317,2025-11-26 13:19:21+05:30,1009.5,1,1000.68,6988398,392872.0,441977.0,986.2,1012.2,981.3,986.2,120432750,1084.8,887.6,1102.5,649.1,1009.2,1088,8,1009.1,3938,19,1009.0,3729,22,1008.9,1097,10,1008.8,2189,12,1009.5,251,2,1009.6,36,2,1009.7,84,3,1009.8,461,10,1009.9,1178,16
317,2025-11-26 13:19:21+05:30,1009.5,1,1000.68,6988398,392872.0,441977.0,986.2,1012.2,981.3,986.2,120432750,1084.8,887.6,1102.5,649.1,1009.2,1088,8,1009.1,3938,19,1009.0,3729,22,1008.9,1097,10,1008.8,2189,12,1009.5,251,2,1009.6,36,2,1009.7,84,3,1009.8,461,10,1009.9,1178,16
317,2025-11-26 13:19:22+05:30,1009.5,1,1000.68,6988398,394070.0,442690.0,986.2,1012.2,981.3,986.2,120432750,1084.8,887.6,1102.5,649.1,1009.2,935,7,1009.1,3771,16,1009.0,4479,23,1008.9,1099,10,1008.8,2139,11,1009.3,11,1,1009.5,251,2,1009.6,36,2,1009.7,311,5,1009.8,522,11
317,2025-11-26 13:19:23+05:30,1009.5,1,1000.68,6988501,392737.0,442220.0,986.2,1012.2,981.3,986.2,120432750,1084.8,887.6,1102.5,649.1,1009.3,1,1,1009.2,796,6,1009.1,3781,17,1009.0,3708,21,1008.9,1076,9,1009.5,250,2,1009.6,36,2,1009.7,200,4,1009.8,320,10,1009.9,1178,16
317,2025-11-26 13:19:23+05:30,1009.5,1,1000.68,6988501,392737.0,442220.0,986.2,1012.2,981.3,986.2,120432750,1084.8,887.6,1102.5,649.1,1009.3,1,1,1009.2,796,6,1009.1,3781,17,1009.0,3708,21,1008.9,1076,9,1009.5,250,2,1009.6,36,2,1009.7,200,4,1009.8,320,10,1009.9,1178,16
317,2025-11-26 13:19:24+05:30,1009.2,33,1000.68,6988551,392703.0,442267.0,986.2,1012.2,981.3,986.2,120432750,1084.8,887.6,1102.5,649.1,1009.2,861,7,1009.1,3900,18,1009.0,3708,21,1008.9,1076,9,1008.8,2255,12,1009.5,250,2,1009.6,36,2,1009.7,200,4,1009.8,320,10,1009.9,1325,18
317,2025-11-26 13:19:24+05:30,1009.2,33,1000.68,6988551,392703.0,442267.0,986.2,1012.2,981.3,986.2,120432750,1084.8,887.6,1102.5,649.1,1009.2,861,7,1009.1,3900,18,1009.0,3708,21,1008.9,1076,9,1008.8,2255,12,1009.5,250,2,1009.6,36,2,1009.7,200,4,1009.8,320,10,1009.9,1325,18
317,2025-11-26 13:19:25+05:30,1009.3,17,1000.68,6988729,394046.0,442793.0,986.2,1012.2,981.3,986.2,120432750,1084.8,887.6,1102.5,649.1,1009.2,726,6,1009.1,3797,17,1009.0,4458,22,1008.9,1136,11,1008.8,2255,12,1009.3,117,1,1009.5,250,2,1009.6,36,2,1009.7,313,5,1009.8,899,11
317,2025-11-26 13:19:25+05:30,1009.3,11,1000.68,6988729,394046.0,442793.0,986.2,1012.2,981.3,986.2,120432750,1084.8,887.6,1102.5,649.1,1009.2,726,6,1009.1,3797,17,1009.0,4458,22,1008.9,1136,11,1008.8,2255,12,1009.3,117,1,1009.5,250,2,1009.6,36,2,1009.7,313,5,1009.8,899,11
317,2025-11-26 13:19:26+05:30,1009.3,1,1000.68,6988743,394145.0,442998.0,986.2,1012.2,981.3,986.2,120432750,1084.8,887.6,1102.5,649.1,1009.2,855,8,1009.1,3766,16,1009.0,4458,22,1008.9,1136,11,1008.8,2255,12,1009.3,105,3,1009.5,250,2,1009.6,35,1,1009.7,314,6,1009.8,886,10
317,2025-11-26 13:19:26+05:30,1009.3,1,1000.68,6988743,394145.0,442998.0,986.2,1012.2,981.3,986.2,120432750,1084.8,887.6,1102.5,649.1,1009.2,855,8,1009.1,3766,16,1009.0,4458,22,1008.9,1136,11,1008.8,2255,12,1009.3,105,3,1009.5,250,2,1009.6,35,1,1009.7,314,6,1009.8,886,10
317,2025-11-26 13:19:27+05:30,1009.3,43,1000.68,6988891,391800.0,442715.0,986.2,1012.2,981.3,986.2,120432750,1084.8,887.6,1102.5,649.1,1009.2,587,5,1009.1,2554,6,1009.0,2472,13,1008.9,1676,12,1008.8,769,9,1009.3,369,2,1009.4,33,1,1009.5,40,3,1009.6,153,3,1009.7,438,8
317,2025-11-26 13:19:27+05:30,1009.3,43,1000.68,6988891,391800.0,442715.0,986.2,1012.2,981.3,986.2,120432750,1084.8,887.6,1102.5,649.1,1009.2,587,5,1009.1,2554,6,1009.0,2472,13,1008.9,1676,12,1008.8,769,9,1009.3,369,2,1009.4,33,1,1009.5,40,3,1009.6,153,3,1009.7,438,8
317,2025-11-26 13:19:28+05:30,1009.3,43,1000.68,6988891,391910.0,442743.0,986.2,1012.2,981.3,986.2,120432750,1084.8,887.6,1102.5,649.1,1009.2,27,3,1009.1,1319,5,1009.0,4267,16,1008.9,1689,13,1008.8,782,10,1009.3,369,2,1009.4,33,1,1009.5,48,4,1009.6,153,3,1009.7,438,8
317,2025-11-26 13:19:29+05:30,1009.3,43,1000.68,6988891,392007.0,442721.0,986.2,1012.2,981.3,986.2,120432750,1084.8,887.6,1102.5,649.1,1009.2,27,3,1009.1,1614,6,1009.0,4070,16,1008.9,2556,15,1008.8,782,10,1009.3,369,2,1009.4,33,1,1009.5,48,4,1009.6,269,4,1009.7,451,9
317,2025-11-26 13:19:29+05:30,1009.2,3,1000.68,6988891,392007.0,442721.0,986.2,1012.2,981.3,986.2,120432750,1084.8,887.6,1102.5,649.1,1009.2,27,3,1009.1,1614,6,1009.0,4070,16,1008.9,2556,15,1008.8,782,10,1009.3,369,2,1009.4,33,1,1009.5,48,4,1009.6,269,4,1009.7,451,9
317,2025-11-26 13:19:30+05:30,1009.3,28,1000.68,6988979,394736.0,442738.0,986.2,1012.2,981.3,986.2,120432750,1084.8,887.6,1102.5,649.1,1009.2,5,1,1009.1,1674,6,1009.0,4367,18,1008.9,2556,15,1008.8,759,10,1009.3,317,3,1009.4,58,2,1009.5,48,4,1009.6,210,3,1009.7,518,10
317,2025-11-26 13:19:30+05:30,1009.3,28,1000.68,6988979,394736.0,442738.0,986.2,1012.2,981.3,986.2,120432750,1084.8,887.6,1102.5,649.1,1009.2,5,1,1009.1,1674,6,1009.0,4367,18,1008.9,2556,15,1008.8,759,10,1009.3,317,3,1009.4,58,2,1009.5,48,4,1009.6,210,3,1009.7,518,10
317,2025-11-26 13:19:31+05:30,1009.2,8,1000.68,6988988,394736.0,442729.0,986.2,1012.2,981.3,986.2,120432750,1084.8,887.6,1102.5,649.1,1009.2,5,1,1009.1,1674,6,1009.0,4367,18,1008.9,2556,15,1008.8,759,10,1009.3,316,3,1009.4,58,2,1009.5,233,5,1009.6,210,3,1009.7,505,9
317,2025-11-26 13:19:31+05:30,1009.2,1,1000.68,6988988,394736.0,442729.0,986.2,1012.2,981.3,986.2,120432750,1084.8,887.6,1102.5,649.1,1009.2,5,1,1009.1,1674,6,1009.0,4367,18,1008.9,2556,15,1008.8,759,10,1009.3,316,3,1009.4,58,2,1009.5,233,5,1009.6,210,3,1009.7,505,9
317,2025-11-26 13:19:32+05:30,1009.2,1,1000.68,6989006,394832.0,443517.0,986.2,1012.2,981.3,986.2,120432750,1084.8,887.6,1102.5,649.1,1009.1,1554,6,1009.0,4276,19,1008.9,3212,14,1008.8,770,10,1008.7,1292,16,1009.2,10,1,1009.3,316,3,1009.4,58,2,1009.5,233,5,1009.6,217,4
317,2025-11-26 13:19:33+05:30,1009.1,145,1000.68,6989183,394949.0,443417.0,986.2,1012.2,981.3,986.2,120432750,1084.8,887.6,1102.5,649.1,1009.1,1388,6,1009.0,4173,17,1008.9,3241,15,1008.8,770,10,1008.7,1292,16,1009.2,66,2,1009.3,200,4,1009.4,25,1,1009.5,233,5,1009.6,217,4
317,2025-11-26 13:19:33+05:30,1009.1,145,1000.68,6989183,394949.0,443417.0,986.2,1012.2,981.3,986.2,120432750,1084.8,887.6,1102.5,649.1,1009.1,1388,6,1009.0,4173,17,1008.9,3241,15,1008.8,770,10,1008.7,1292,16,1009.2,66,2,1009.3,200,4,1009.4,25,1,1009.5,233,5,1009.6,217,4
317,2025-11-26 13:19:34+05:30,1009.1,145,1000.68,6989183,394949.0,443347.0,986.2,1012.2,981.3,986.2,120432750,1084.8,887.6,1102.5,649.1,1009.1,1290,5,1009.0,4144,16,1008.9,3270,16,1008.8,770,10,1008.7,1292,16,1009.2,66,2,1009.3,200,4,1009.4,25,1,1009.5,233,5,1009.6,278,5
317,2025-11-26 13:19:34+05:30,1009.2,46,1000.68,6989183,394949.0,443347.0,986.2,1012.2,981.3,986.2,120432750,1084.8,887.6,1102.5,649.1,1009.1,1290,5,1009.0,4144,16,1008.9,3270,16,1008.8,770,10,1008.7,1292,16,1009.2,66,2,1009.3,200,4,1009.4,25,1,1009.5,233,5,1009.6,278,5
317,2025-11-26 13:19:35+05:30,1009.2,1,1000.68,6989299,394741.0,443263.0,986.2,1012.2,981.3,986.2,120432750,1084.8,887.6,1102.5,649.1,1009.1,1185,5,1009.0,4135,19,1008.9,3216,15,1008.8,770,10,1008.7,1323,17,1009.2,38,2,1009.3,200,4,1009.4,25,1,1009.5,233,5,1009.6,278,5
317,2025-11-26 13:19:35+05:30,1009.2,1,1000.68,6989299,394741.0,443263.0,986.2,1012.2,981.3,986.2,120432750,1084.8,887.6,1102.5,649.1,1009.1,1185,5,1009.0,4135,19,1008.9,3216,15,1008.8,770,10,1008.7,1323,17,1009.2,38,2,1009.3,200,4,1009.4,25,1,1009.5,233,5,1009.6,278,5
317,2025-11-26 13:19:36+05:30,1009.1,10,1000.68,6989311,394740.0,443258.0,986.2,1012.2,981.3,986.2,120432750,1084.8,887.6,1102.5,649.1,1009.1,1175,5,1009.0,4135,19,1008.9,3216,15,1008.8,770,10,1008.7,1323,17,1009.2,36,2,1009.3,200,4,1009.4,25,1,1009.5,233,5,1009.6,279,6
317,2025-11-26 13:19:36+05:30,1009.1,78,1000.68,6989311,394740.0,443258.0,986.2,1012.2,981.3,986.2,120432750,1084.8,887.6,1102.5,649.1,1009.1,1175,5,1009.0,4135,19,1008.9,3216,15,1008.8,770,10,1008.7,1323,17,1009.2,36,2,1009.3,200,4,1009.4,25,1,1009.5,233,5,1009.6,279,6
317,2025-11-26 13:19:37+05:30,1009.3,84,1000.68,6989685,394942.0,442865.0,986.2,1012.2,981.3,986.2,120432750,1084.8,887.6,1102.5,649.1,1009.2,29,2,1009.1,1213,6,1009.0,4132,19,1008.9,2485,14,1008.8,747,9,1009.3,116,4,1009.4,25,1,1009.5,233,5,1009.6,156,4,1009.7,971,8
317,2025-11-26 13:19:37+05:30,1009.3,84,1000.68,6989685,394942.0,442865.0,986.2,1012.2,981.3,986.2,120432750,1084.8,887.6,1102.5,649.1,1009.2,29,2,1009.1,1213,6,1009.0,4132,19,1008.9,2485,14,1008.8,747,9,1009.3,116,4,1009.4,25,1,1009.5,233,5,1009.6,156,4,1009.7,971,8
317,2025-11-26 13:19:38+05:30,1009.2,1,1000.68,6989686,395256.0,442857.0,986.2,1012.2,981.3,986.2,120432750,1084.8,887.6,1102.5,649.1,1009.2,28,2,1009.1,1322,7,1009.0,4335,21,1008.9,2485,14,1008.8,747,9,1009.3,116,4,1009.4,25,1,1009.5,233,5,1009.6,156,4,1009.7,981,9
317,2025-11-26 13:19:38+05:30,1009.2,1,1000.68,6989686,395256.0,442857.0,986.2,1012.2,981.3,986.2,120432750,1084.8,887.6,1102.5,649.1,1009.2,28,2,1009.1,1322,7,1009.0,4335,21,1008.9,2485,14,1008.8,747,9,1009.3,116,4,1009.4,25,1,1009.5,233,5,1009.6,156,4,1009.7,981,9
317,2025-11-26 13:19:39+05:30,1009.2,1,1000.68,6989686,395256.0,442885.0,986.2,1012.2,981.3,986.2,120432750,1084.8,887.6,1102.5,649.1,1009.2,28,2,1009.1,1322,7,1009.0,4335,21,1008.9,2485,14,1008.8,747,9,1009.3,116,4,1009.4,25,1,1009.5,233,5,1009.6,156,4,1009.7,981,9
317,2025-11-26 13:19:40+05:30,1009.3,2,1000.68,6989688,395270.0,442917.0,986.2,1012.2,981.3,986.2,120432750,1084.8,887.6,1102.5,649.1,1009.2,41,3,1009.1,1322,7,1009.0,4335,21,1008.9,2485,14,1008.8,747,9,1009.3,114,4,1009.4,25,1,1009.5,233,5,1009.6,155,3,1009.7,982,10
317,2025-11-26 13:19:40+05:30,1009.2,1,1000.68,6989688,395270.0,442917.0,986.2,1012.2,981.3,986.2,120432750,1084.8,887.6,1102.5,649.1,1009.2,41,3,1009.1,1322,7,1009.0,4335,21,1008.9,2485,14,1008.8,747,9,1009.3,114,4,1009.4,25,1,1009.5,233,5,1009.6,155,3,1009.7,982,10
317,2025-11-26 13:19:41+05:30,1009.3,3,1000.68,6989692,395268.0,442940.0,986.2,1012.2,981.3,986.2,120432750,1084.8,887.6,1102.5,649.1,1009.2,40,3,1009.1,1322,7,1009.0,4335,21,1008.9,2485,14,1008.8,747,9,1009.3,111,4,1009.4,25,1,1009.5,233,5,1009.6,155,3,1009.7,986,11
317,2025-11-26 13:19:41+05:30,1009.2,2,1000.68,6989692,395268.0,442940.0,986.2,1012.2,981.3,986.2,120432750,1084.8,887.6,1102.5,649.1,1009.2,40,3,1009.1,1322,7,1009.0,4335,21,1008.9,2485,14,1008.8,747,9,1009.3,111,4,1009.4,25,1,1009.5,233,5,1009.6,155,3,1009.7,986,11
317,2025-11-26 13:19:42+05:30,1009.2,2,1000.68,6989734,395864.0,443129.0,986.2,1012.2,981.3,986.2,120432750,1084.8,887.6,1102.5,649.1,1009.1,1330,8,1009.0,4414,21,1008.9,3214,15,1008.8,777,10,1008.7,1182,15,1009.2,13,1,1009.3,111,4,1009.4,25,1,1009.5,233,5,1009.6,184,3
317,2025-11-26 13:19:42+05:30,1009.1,145,1000.68,6989734,395864.0,443129.0,986.2,1012.2,981.3,986.2,120432750,1084.8,887.6,1102.5,649.1,1009.1,1330,8,1009.0,4414,21,1008.9,3214,15,1008.8,777,10,1008.7,1182,15,1009.2,13,1,1009.3,111,4,1009.4,25,1,1009.5,233,5,1009.6,184,3
317,2025-11-26 13:19:43+05:30,1009.2,23,1000.68,6989917,395593.0,435272.0,986.2,1012.2,981.3,986.2,120432750,1084.8,887.6,1102.5,649.1,1009.1,1275,8,1009.0,4357,20,1008.9,3212,14,1008.8,777,10,1008.7,1182,15,1009.2,15,1,1009.3,111,4,1009.4,25,1,1009.5,233,5,1009.6,108,3
317,2025-11-26 13:19:43+05:30,1009.1,78,1000.68,6989917,395593.0,435272.0,986.2,1012.2,981.3,986.2,120432750,1084.8,887.6,1102.5,649.1,1009.1,1275,8,1009.0,4357,20,1008.9,3212,14,1008.8,777,10,1008.7,1182,15,1009.2,15,1,1009.3,111,4,1009.4,25,1,1009.5,233,5,1009.6,108,3
317,2025-11-26 13:19:44+05:30,1009.1,78,1000.68,6989995,395442.0,435388.0,986.2,1012.2,981.3,986.2,120432750,1084.8,887.6,1102.5,649.1,1009.1,1118,8,1009.0,4430,21,1008.9,3212,14,1008.8,777,10,1008.7,1298,16,1009.2,15,1,1009.3,111,4,1009.4,25,1,1009.5,233,5,1009.6,224,4
317,2025-11-26 13:19:44+05:30,1009.2,3,1000.68,6989995,395442.0,435388.0,986.2,1012.2,981.3,986.2,120432750,1084.8,887.6,1102.5,649.1,1009.1,1118,8,1009.0,4430,21,1008.9,3212,14,1008.8,777,10,1008.7,1298,16,1009.2,15,1,1009.3,111,4,1009.4,25,1,1009.5,233,5,1009.6,224,4
317,2025-11-26 13:19:45+05:30,1009.2,2,1000.68,6990001,395556.0,435382.0,986.2,1012.2,981.3,986.2,120432750,1084.8,887.6,1102.5,649.1,1009.1,1118,8,1009.0,4535,22,1008.9,3212,14,1008.8,777,10,1008.7,1298,16,1009.2,9,1,1009.3,88,3,1009.4,25,1,1009.5,233,5,1009.6,224,4
317,2025-11-26 13:19:45+05:30,1009.2,5,1000.68,6990001,395556.0,435382.0,986.2,1012.2,981.3,986.2,120432750,1084.8,887.6,1102.5,649.1,1009.1,1118,8,1009.0,4535,22,1008.9,3212,14,1008.8,777,10,1008.7,1298,16,1009.2,9,1,1009.3,88,3,1009.4,25,1,1009.5,233,5,1009.6,224,4
317,2025-11-26 13:19:46+05:30,1009.2,1,1000.68,6990008,395350.0,435446.0,986.2,1012.2,981.3,986.2,120432750,1084.8,887.6,1102.5,649.1,1009.1,1020,7,1009.0,4427,21,1008.9,3212,14,1008.8,777,10,1008.7,1298,16,1009.2,2,1,1009.3,88,3,1009.4,25,1,1009.5,233,5,1009.6,224,4
317,2025-11-26 13:19:46+05:30,1009.1,48,1000.68,6990008,395350.0,435446.0,986.2,1012.2,981.3,986.2,120432750,1084.8,887.6,1102.5,649.1,1009.1,1020,7,1009.0,4427,21,1008.9,3212,14,1008.8,777,10,1008.7,1298,16,1009.2,2,1,1009.3,88,3,1009.4,25,1,1009.5,233,5,1009.6,224,4
317,2025-11-26 13:19:47+05:30,1009.1,48,1000.68,6990056,394808.0,435515.0,986.2,1012.2,981.3,986.2,120432750,1084.8,887.6,1102.5,649.1,1009.1,972,7,1009.0,4427,21,1008.9,2492,14,1008.8,747,9,1008.7,1298,16,1009.3,88,3,1009.4,25,1,1009.5,233,5,1009.6,225,5,1009.7,1004,10
317,2025-11-26 13:19:47+05:30,1009.3,1,1000.68,6990056,394808.0,435515.0,986.2,1012.2,981.3,986.2,120432750,1084.8,887.6,1102.5,649.1,1009.1,972,7,1009.0,4427,21,1008.9,2492,14,1008.8,747,9,1008.7,1298,16,1009.3,88,3,1009.4,25,1,1009.5,233,5,1009.6,225,5,1009.7,1004,10
317,2025-11-26 13:19:48+05:30,1009.3,1,1000.68,6990057,394605.0,435669.0,986.2,1012.2,981.3,986.2,120432750,1084.8,887.6,1102.5,649.1,1009.1,972,7,1009.0,4198,18,1008.9,2518,15,1008.8,747,9,1008.7,1298,16,1009.3,87,2,1009.4,25,1,1009.5,233,5,1009.6,225,5,1009.7,1032,11
317,2025-11-26 13:19:49+05:30,1009.3,1,1000.68,6990057,394092.0,435679.0,986.2,1012.2,981.3,986.2,120432750,1084.8,887.6,1102.5,649.1,1009.2,4,1,1009.1,822,4,1009.0,4020,16,1008.9,2410,12,1008.8,734,8,1009.3,87,2,1009.4,25,1,1009.5,291,6,1009.6,399,9,1009.7,1186,11
317,2025-11-26 13:19:50+05:30,1009.3,1,1000.68,6990058,394206.0,435940.0,986.2,1012.2,981.3,986.2,120432750,1084.8,887.6,1102.5,649.1,1009.2,4,1,1009.1,822,4,1009.0,4118,17,1008.9,2482,16,1008.8,776,11,1009.3,86,2,1009.4,25,1,1009.5,290,5,1009.6,399,9,1009.7,1186,11
317,2025-11-26 13:19:50+05:30,1009.3,13,1000.68,6990058,394206.0,435940.0,986.2,1012.2,981.3,986.2,120432750,1084.8,887.6,1102.5,649.1,1009.2,4,1,1009.1,822,4,1009.0,4118,17,1008.9,2482,16,1008.8,776,11,1009.3,86,2,1009.4,25,1,1009.5,290,5,1009.6,399,9,1009.7,1186,11
317,2025-11-26 13:19:51+05:30,1009.3,1,1000.68,6990337,394228.0,435751.0,986.2,1012.2,981.3,986.2,120432750,1084.8,887.6,1102.5,649.1,1009.1,305,3,1009.0,5089,19,1008.9,1523,10,1008.8,801,10,1008.7,2035,16,1009.3,73,2,1009.4,25,1,1009.5,232,4,1009.6,413,7,1009.7,701,10
317,2025-11-26 13:19:51+05:30,1009.3,1,1000.68,6990337,394228.0,435751.0,986.2,1012.2,981.3,986.2,120432750,1084.8,887.6,1102.5,649.1,1009.1,305,3,1009.0,5089,19,1008.9,1523,10,1008.8,801,10,1008.7,2035,16,1009.3,73,2,1009.4,25,1,1009.5,232,4,1009.6,413,7,1009.7,701,10
317,2025-11-26 13:19:51+05:30,1009.3,1,1000.68,6990337,394228.0,435751.0,986.2,1012.2,981.3,986.2,120432750,1084.8,887.6,1102.5,649.1,1009.1,305,3,1009.0,5089,19,1008.9,1523,10,1008.8,801,10,1008.7,2035,16,1009.3,73,2,1009.4,25,1,1009.5,232,4,1009.6,413,7,1009.7,701,10
317,2025-11-26 13:19:52+05:30,1009.3,1,1000.68,6990337,396060.0,436332.0,986.2,1012.2,981.3,986.2,120432750,1084.8,887.6,1102.5,649.1,1009.1,414,4,1009.0,5367,21,1008.9,2346,11,1008.8,801,10,1008.7,2035,16,1009.2,13,1,1009.3,575,4,1009.4,25,1,1009.5,232,4,1009.6,402,7
317,2025-11-26 13:19:52+05:30,1009.3,1,1000.68,6990337,396060.0,436332.0,986.2,1012.2,981.3,986.2,120432750,1084.8,887.6,1102.5,649.1,1009.1,414,4,1009.0,5367,21,1008.9,2346,11,1008.8,801,10,1008.7,2035,16,1009.2,13,1,1009.3,575,4,1009.4,25,1,1009.5,232,4,1009.6,402,7
317,2025-11-26 13:19:53+05:30,1009.2,5,1000.68,6990356,395311.0,436422.0,986.2,1012.2,981.3,986.2,120432750,1084.8,887.6,1102.5,649.1,1009.1,281,2,1009.0,5063,18,1008.9,2394,13,1008.8,757,10,1008.7,2066,17,1009.2,8,1,1009.3,575,4,1009.4,25,1,1009.5,348,5,1009.6,461,8
317,2025-11-26 13:19:53+05:30,1009.2,5,1000.68,6990356,395311.0,436422.0,986.2,1012.2,981.3,986.2,120432750,1084.8,887.6,1102.5,649.1,1009.1,281,2,1009.0,5063,18,1008.9,2394,13,1008.8,757,10,1008.7,2066,17,1009.2,8,1,1009.3,575,4,1009.4,25,1,1009.5,348,5,1009.6,461,8
317,2025-11-26 13:19:53+05:30,1009.2,1,1000.68,6990356,395311.0,436422.0,986.2,1012.2,981.3,986.2,120432750,1084.8,887.6,1102.5,649.1,1009.1,281,2,1009.0,5063,18,1008.9,2394,13,1008.8,757,10,1008.7,2066,17,1009.2,8,1,1009.3,575,4,1009.4,25,1,1009.5,348,5,1009.6,461,8
317,2025-11-26 13:19:53+05:30,1009.2,1,1000.68,6990356,395311.0,436422.0,986.2,1012.2,981.3,986.2,120432750,1084.8,887.6,1102.5,649.1,1009.1,281,2,1009.0,5063,18,1008.9,2394,13,1008.8,757,10,1008.7,2066,17,1009.2,8,1,1009.3,575,4,1009.4,25,1,1009.5,348,5,1009.6,461,8
317,2025-11-26 13:19:54+05:30,1009.3,22,1000.68,6991130,395081.0,435135.0,986.2,1012.2,981.3,986.2,120432750,1084.8,887.6,1102.5,649.1,1009.1,487,4,1009.0,4983,18,1008.9,1641,12,1008.8,736,9,1008.7,2081,17,1009.3,79,2,1009.4,25,1,1009.5,232,4,1009.6,104,3,1009.7,425,10
317,2025-11-26 13:19:54+05:30,1009.3,22,1000.68,6991130,395081.0,435135.0,986.2,1012.2,981.3,986.2,120432750,1084.8,887.6,1102.5,649.1,1009.1,487,4,1009.0,4983,18,1008.9,1641,12,1008.8,736,9,1008.7,2081,17,1009.3,79,2,1009.4,25,1,1009.5,232,4,1009.6,104,3,1009.7,425,10
317,2025-11-26 13:19:54+05:30,1009.3,1,1000.68,6991130,395081.0,435135.0,986.2,1012.2,981.3,986.2,120432750,1084.8,887.6,1102.5,649.1,1009.1,487,4,1009.0,4983,18,1008.9,1641,12,1008.8,736,9,1008.7,2081,17,1009.3,79,2,1009.4,25,1,1009.5,232,4,1009.6,104,3,1009.7,425,10
317,2025-11-26 13:19:54+05:30,1009.3,1,1000.68,6991130,395081.0,435135.0,986.2,1012.2,981.3,986.2,120432750,1084.8,887.6,1102.5,649.1,1009.1,487,4,1009.0,4983,18,1008.9,1641,12,1008.8,736,9,1008.7,2081,17,1009.3,79,2,1009.4,25,1,1009.5,232,4,1009.6,104,3,1009.7,425,10
317,2025-11-26 13:19:55+05:30,1009.3,1,1000.68,6991131,395324.0,435404.0,986.2,1012.2,981.3,986.2,120432750,1084.8,887.6,1102.5,649.1,1009.2,112,1,1009.1,511,5,1009.0,5093,19,1008.9,1617,11,1008.8,801,10,1009.3,78,2,1009.4,25,1,1009.5,232,4,1009.6,90,1,1009.7,555,13
317,2025-11-26 13:19:55+05:30,1009.3,1,1000.68,6991131,395324.0,435404.0,986.2,1012.2,981.3,986.2,120432750,1084.8,887.6,1102.5,649.1,1009.2,112,1,1009.1,511,5,1009.0,5093,19,1008.9,1617,11,1008.8,801,10,1009.3,78,2,1009.4,25,1,1009.5,232,4,1009.6,90,1,1009.7,555,13
317,2025-11-26 13:19:55+05:30,1009.3,1,1000.68,6991131,395324.0,435404.0,986.2,1012.2,981.3,986.2,120450000,1084.8,887.6,1102.5,649.1,1009.2,112,1,1009.1,511,5,1009.0,5093,19,1008.9,1617,11,1008.8,801,10,1009.3,78,2,1009.4,25,1,1009.5,232,4,1009.6,90,1,1009.7,555,13
317,2025-11-26 13:19:55+05:30,1009.3,4,1000.68,6991131,395324.0,435404.0,986.2,1012.2,981.3,986.2,120450000,1084.8,887.6,1102.5,649.1,1009.2,112,1,1009.1,511,5,1009.0,5093,19,1008.9,1617,11,1008.8,801,10,1009.3,78,2,1009.4,25,1,1009.5,232,4,1009.6,90,1,1009.7,555,13
317,2025-11-26 13:19:55+05:30,1009.3,4,1000.68,6991131,395324.0,435404.0,986.2,1012.2,981.3,986.2,120450000,1084.8,887.6,1102.5,649.1,1009.2,112,1,1009.1,511,5,1009.0,5093,19,1008.9,1617,11,1008.8,801,10,1009.3,78,2,1009.4,25,1,1009.5,232,4,1009.6,90,1,1009.7,555,13
317,2025-11-26 13:19:55+05:30,1009.3,2,1000.68,6991162,395327.0,435513.0,986.2,1012.2,981.3,986.2,120450000,1084.8,887.6,1102.5,649.1,1009.2,125,2,1009.1,651,7,1009.0,5167,19,1008.9,1617,11,1008.8,801,10,1009.3,95,2,1009.4,25,1,1009.5,232,4,1009.6,90,1,1009.7,556,14
317,2025-11-26 13:19:56+05:30,1009.3,2,1000.68,6991162,395327.0,435513.0,986.2,1012.2,981.3,986.2,120450000,1084.8,887.6,1102.5,649.1,1009.2,125,2,1009.1,651,7,1009.0,5167,19,1008.9,1617,11,1008.8,801,10,1009.3,95,2,1009.4,25,1,1009.5,232,4,1009.6,90,1,1009.7,556,14
317,2025-11-26 13:19:56+05:30,1009.3,1,1000.68,6991162,395327.0,435513.0,986.2,1012.2,981.3,986.2,120450000,1084.8,887.6,1102.5,649.1,1009.2,125,2,1009.1,651,7,1009.0,5167,19,1008.9,1617,11,1008.8,801,10,1009.3,95,2,1009.4,25,1,1009.5,232,4,1009.6,90,1,1009.7,556,14
317,2025-11-26 13:19:56+05:30,1009.2,10,1000.68,6991173,394698.0,435534.0,986.2,1012.2,981.3,986.2,120450000,1084.8,887.6,1102.5,649.1,1009.2,115,2,1009.1,285,3,1009.0,5116,19,1008.9,1617,11,1008.8,801,10,1009.3,94,2,1009.4,25,1,1009.5,232,4,1009.6,206,2,1009.7,556,14
317,2025-11-26 13:19:57+05:30,1009.2,10,1000.68,6991173,394698.0,435534.0,986.2,1012.2,981.3,986.2,120450000,1084.8,887.6,1102.5,649.1,1009.2,115,2,1009.1,285,3,1009.0,5116,19,1008.9,1617,11,1008.8,801,10,1009.3,94,2,1009.4,25,1,1009.5,232,4,1009.6,206,2,1009.7,556,14
317,2025-11-26 13:19:57+05:30,1009.2,10,1000.68,6991173,394408.0,435467.0,986.2,1012.2,981.3,986.2,120450000,1084.8,887.6,1102.5,649.1,1009.2,115,2,1009.1,317,5,1009.0,5238,21,1008.9,1596,10,1008.8,801,10,1009.4,25,1,1009.5,232,4,1009.6,255,3,1009.7,556,14,1009.8,1212,15
317,2025-11-26 13:19:58+05:30,1009.2,91,1000.68,6991173,394408.0,435467.0,986.2,1012.2,981.3,986.2,120450000,1084.8,887.6,1102.5,649.1,1009.2,115,2,1009.1,317,5,1009.0,5238,21,1008.9,1596,10,1008.8,801,10,1009.4,25,1,1009.5,232,4,1009.6,255,3,1009.7,556,14,1009.8,1212,15
317,2025-11-26 13:19:58+05:30,1009.2,91,1000.69,6992129,388550.0,437331.0,986.2,1012.2,981.3,986.2,120450000,1084.8,887.6,1102.5,649.1,1009.1,16,1,1009.0,1117,10,1008.9,418,4,1008.8,598,7,1008.7,1674,13,1009.4,293,6,1009.5,1183,10,1009.6,714,10,1009.7,1087,18,1009.8,665,14
317,2025-11-26 13:19:59+05:30,1009.2,91,1000.69,6992129,390216.0,436429.0,986.2,1012.2,981.3,986.2,120450000,1084.8,887.6,1102.5,649.1,1009.1,1016,2,1009.0,1228,11,1008.9,418,4,1008.8,696,8,1008.7,1644,12,1009.4,65,4,1009.5,600,8,1009.6,704,12,1009.7,789,17,1009.8,950,14
317,2025-11-26 13:20:00+05:30,1009.4,1,1000.69,6992129,390216.0,436429.0,986.2,1012.2,981.3,986.2,120450000,1084.8,887.6,1102.5,649.1,1009.1,1016,2,1009.0,1228,11,1008.9,418,4,1008.8,696,8,1008.7,1644,12,1009.4,65,4,1009.5,600,8,1009.6,704,12,1009.7,789,17,1009.8,950,14
317,2025-11-26 13:20:00+05:30,1009.1,8,1000.69,6992139,390169.0,436915.0,986.2,1012.2,981.3,986.2,120450000,1084.8,887.6,1102.5,649.1,1009.1,1008,2,1009.0,1222,11,1008.9,621,6,1008.8,694,8,1008.7,1666,13,1009.4,54,3,1009.5,514,6,1009.6,1313,13,1009.7,780,16,1009.8,1285,15
317,2025-11-26 13:20:01+05:30,1009.4,3,1000.69,6992139,390169.0,436915.0,986.2,1012.2,981.3,986.2,120450000,1084.8,887.6,1102.5,649.1,1009.1,1008,2,1009.0,1222,11,1008.9,621,6,1008.8,694,8,1008.7,1666,13,1009.4,54,3,1009.5,514,6,1009.6,1313,13,1009.7,780,16,1009.8,1285,15
317,2025-11-26 13:20:01+05:30,1009.4,3,1000.69,6992142,393064.0,437086.0,986.2,1012.2,981.3,986.2,120450000,1084.8,887.6,1102.5,649.1,1009.1,1008,2,1009.0,1117,10,1008.9,621,6,1008.8,702,9,1008.7,1666,13,1009.2,37,1,1009.3,18,1,1009.4,51,3,1009.5,542,8,1009.6,1405,14
317,2025-11-26 13:20:02+05:30,1009.2,1,1000.69,6992142,393064.0,437086.0,986.2,1012.2,981.3,986.2,120450000,1084.8,887.6,1102.5,649.1,1009.1,1008,2,1009.0,1117,10,1008.9,621,6,1008.8,702,9,1008.7,1666,13,1009.2,37,1,1009.3,18,1,1009.4,51,3,1009.5,542,8,1009.6,1405,14
317,2025-11-26 13:20:02+05:30,1009.2,4,1000.69,6992152,392699.0,437100.0,986.2,1012.2,981.3,986.2,120450000,1084.8,887.6,1102.5,649.1,1009.1,1007,2,1009.0,1096,9,1008.9,429,5,1008.8,694,8,1008.7,1666,13,1009.2,53,2,1009.3,18,1,1009.4,51,3,1009.5,520,7,1009.6,1414,14
317,2025-11-26 13:20:03+05:30,1009.1,133,1000.69,6992152,392699.0,437100.0,986.2,1012.2,981.3,986.2,120450000,1084.8,887.6,1102.5,649.1,1009.1,1007,2,1009.0,1096,9,1008.9,429,5,1008.8,694,8,1008.7,1666,13,1009.2,53,2,1009.3,18,1,1009.4,51,3,1009.5,520,7,1009.6,1414,14
317,2025-11-26 13:20:03+05:30,1009.1,133,1000.69,6992315,391913.0,437516.0,986.2,1012.2,981.3,986.2,120450000,1084.8,887.6,1102.5,649.1,1009.1,883,2,1009.0,1096,9,1008.9,226,3,1008.8,492,7,1008.7,1568,11,1009.2,30,2,1009.3,18,1,1009.4,321,6,1009.5,586,9,1009.6,1500,17
317,2025-11-26 13:20:04+05:30,1009.2,16,1000.69,6992315,391913.0,437516.0,986.2,1012.2,981.3,986.2,120450000,1084.8,887.6,1102.5,649.1,1009.1,883,2,1009.0,1096,9,1008.9,226,3,1008.8,492,7,1008.7,1568,11,1009.2,30,2,1009.3,18,1,1009.4,321,6,1009.5,586,9,1009.6,1500,17
317,2025-11-26 13:20:04+05:30,1009.2,16,1000.69,6992336,396257.0,437077.0,986.2,1012.2,981.3,986.2,120450000,1084.8,887.6,1102.5,649.1,1009.1,1029,4,1009.0,1972,17,1008.9,1543,8,1008.8,4898,14,1008.7,1810,12,1009.2,46,2,1009.3,58,2,1009.4,22,2,1009.5,224,3,1009.6,643,10
317,2025-11-26 13:20:05+05:30,1009.2,3,1000.69,6992336,396257.0,437077.0,986.2,1012.2,981.3,986.2,120450000,1084.8,887.6,1102.5,649.1,1009.1,1029,4,1009.0,1972,17,1008.9,1543,8,1008.8,4898,14,1008.7,1810,12,1009.2,46,2,1009.3,58,2,1009.4,22,2,1009.5,224,3,1009.6,643,10
317,2025-11-26 13:20:05+05:30,1009.2,3,1000.69,6992339,396433.0,437068.0,986.2,1012.2,981.3,986.2,120450000,1084.8,887.6,1102.5,649.1,1009.1,992,3,1009.0,2194,17,1008.9,2858,10,1008.8,3411,13,1008.7,1810,12,1009.2,43,2,1009.3,58,2,1009.4,22,2,1009.5,224,3,1009.6,643,10
317,2025-11-26 13:20:06+05:30,1009.1,324,1000.69,6992339,396433.0,437068.0,986.2,1012.2,981.3,986.2,120450000,1084.8,887.6,1102.5,649.1,1009.1,992,3,1009.0,2194,17,1008.9,2858,10,1008.8,3411,13,1008.7,1810,12,1009.2,43,2,1009.3,58,2,1009.4,22,2,1009.5,224,3,1009.6,643,10
317,2025-11-26 13:20:06+05:30,1009.1,324,1000.69,6992664,395404.0,437026.0,986.2,1012.2,981.3,986.2,120450000,1084.8,887.6,1102.5,649.1,1009.1,559,2,1009.0,2012,16,1008.9,2858,10,1008.8,3411,13,1008.7,1810,12,1009.2,5,1,1009.3,96,3,1009.4,22,2,1009.5,224,3,1009.6,594,9
317,2025-11-26 13:20:07+05:30,1009.2,5,1000.69,6992664,395404.0,437026.0,986.2,1012.2,981.3,986.2,120450000,1084.8,887.6,1102.5,649.1,1009.1,559,2,1009.0,2012,16,1008.9,2858,10,1008.8,3411,13,1008.7,1810,12,1009.2,5,1,1009.3,96,3,1009.4,22,2,1009.5,224,3,1009.6,594,9
317,2025-11-26 13:20:07+05:30,1009.2,5,1000.69,6992669,396713.0,436324.0,986.2,1012.2,981.3,986.2,120450000,1084.8,887.6,1102.5,649.1,1009.2,492,1,1009.1,781,4,1009.0,3944,18,1008.9,3586,14,1008.8,1522,10,1009.3,96,3,1009.4,22,2,1009.5,224,3,1009.6,380,6,1009.7,693,12
317,2025-11-26 13:20:08+05:30,1009.2,1,1000.69,6992669,396713.0,436324.0,986.2,1012.2,981.3,986.2,120450000,1084.8,887.6,1102.5,649.1,1009.2,492,1,1009.1,781,4,1009.0,3944,18,1008.9,3586,14,1008.8,1522,10,1009.3,96,3,1009.4,22,2,1009.5,224,3,1009.6,380,6,1009.7,693,12
317,2025-11-26 13:20:08+05:30,1009.2,1,1000.69,6992670,395408.0,436340.0,986.2,1012.2,981.3,986.2,120450000,1084.8,887.6,1102.5,649.1,1009.2,491,1,1009.1,1319,5,1009.0,3971,15,1008.9,1353,10,1008.8,2180,10,1009.3,96,3,1009.4,22,2,1009.5,224,3,1009.6,380,6,1009.7,699,13
317,2025-11-26 13:20:09+05:30,1009.2,1,1000.69,6992670,395351.0,436412.0,986.2,1012.2,981.3,986.2,120450000,1084.8,887.6,1102.5,649.1,1009.2,491,1,1009.1,759,3,1009.0,3053,16,1008.9,2929,12,1008.8,2215,12,1009.3,96,3,1009.4,22,2,1009.5,224,3,1009.6,380,6,1009.7,702,14
317,2025-11-26 13:20:10+05:30,1009.2,5,1000.69,6992670,395351.0,436412.0,986.2,1012.2,981.3,986.2,120450000,1084.8,887.6,1102.5,649.1,1009.2,491,1,1009.1,759,3,1009.0,3053,16,1008.9,2929,12,1008.8,2215,12,1009.3,96,3,1009.4,22,2,1009.5,224,3,1009.6,380,6,1009.7,702,14
317,2025-11-26 13:20:10+05:30,1009.2,5,1000.69,6992676,395613.0,436276.0,986.2,1012.2,981.3,986.2,120450000,1084.8,887.6,1102.5,649.1,1009.2,486,1,1009.1,759,3,1009.0,3031,15,1008.9,2951,13,1008.8,2228,13,1009.3,98,5,1009.4,21,1,1009.5,224,3,1009.6,267,5,1009.7,702,14
317,2025-11-26 13:20:11+05:30,1009.2,108,1000.69,6992676,395613.0,436276.0,986.2,1012.2,981.3,986.2,120450000,1084.8,887.6,1102.5,649.1,1009.2,486,1,1009.1,759,3,1009.0,3031,15,1008.9,2951,13,1008.8,2228,13,1009.3,98,5,1009.4,21,1,1009.5,224,3,1009.6,267,5,1009.7,702,14
317,2025-11-26 13:20:11+05:30,1009.2,108,1000.69,6992927,395551.0,436400.0,986.2,1012.2,981.3,986.2,120450000,1084.8,887.6,1102.5,649.1,1009.2,251,2,1009.1,759,3,1009.0,3129,16,1008.9,2901,11,1008.8,2248,14,1009.3,95,5,1009.4,62,2,1009.5,279,4,1009.6,277,6,1009.7,702,14
317,2025-11-26 13:20:12+05:30,1009.3,1,1000.69,6992927,395551.0,436400.0,986.2,1012.2,981.3,986.2,120450000,1084.8,887.6,1102.5,649.1,1009.2,251,2,1009.1,759,3,1009.0,3129,16,1008.9,2901,11,1008.8,2248,14,1009.3,95,5,1009.4,62,2,1009.5,279,4,1009.6,277,6,1009.7,702,14
317,2025-11-26 13:20:12+05:30,1009.3,20,1000.69,6992961,395580.0,437458.0,986.2,1012.2,981.3,986.2,120450000,1084.8,887.6,1102.5,649.1,1009.2,251,2,1009.1,759,3,1009.0,3129,16,1008.9,2929,12,1008.8,2248,14,1009.3,61,4,1009.4,119,3,1009.5,279,4,1009.6,305,7,1009.7,702,14
317,2025-11-26 13:20:13+05:30,1009.2,78,1000.69,6992961,395580.0,437458.0,986.2,1012.2,981.3,986.2,120450000,1084.8,887.6,1102.5,649.1,1009.2,251,2,1009.1,759,3,1009.0,3129,16,1008.9,2929,12,1008.8,2248,14,1009.3,61,4,1009.4,119,3,1009.5,279,4,1009.6,305,7,1009.7,702,14
317,2025-11-26 13:20:13+05:30,1009.2,78,1000.69,6993039,395475.0,437262.0,986.2,1012.2,981.3,986.2,120450000,1084.8,887.6,1102.5,649.1,1009.2,173,2,1009.1,759,3,1009.0,3129,16,1008.9,2901,11,1008.8,2248,14,1009.3,61,4,1009.4,62,2,1009.5,224,3,1009.6,221,5,1009.7,702,14
317,2025-11-26 13:20:14+05:30,1009.3,2,1000.69,6993039,395475.0,437262.0,986.2,1012.2,981.3,986.2,120450000,1084.8,887.6,1102.5,649.1,1009.2,173,2,1009.1,759,3,1009.0,3129,16,1008.9,2901,11,1008.8,2248,14,1009.3,61,4,1009.4,62,2,1009.5,224,3,1009.6,221,5,1009.7,702,14
317,2025-11-26 13:20:14+05:30,1009.3,2,1000.69,6993153,395219.0,437076.0,986.2,1012.2,981.3,986.2,120450000,1084.8,887.6,1102.5,649.1,1009.2,173,2,1009.1,871,4,1009.0,3205,16,1008.9,2951,13,1008.8,2228,13,1009.3,36,1,1009.4,62,2,1009.5,224,3,1009.6,221,5,1009.7,646,13
317,2025-11-26 13:20:15+05:30,1009.3,14,1000.69,6993153,395219.0,437076.0,986.2,1012.2,981.3,986.2,120450000,1084.8,887.6,1102.5,649.1,1009.2,173,2,1009.1,871,4,1009.0,3205,16,1008.9,2951,13,1008.8,2228,13,1009.3,36,1,1009.4,62,2,1009.5,224,3,1009.6,221,5,1009.7,646,13
317,2025-11-26 13:20:15+05:30,1009.3,14,1000.69,6993169,395219.0,436992.0,986.2,1012.2,981.3,986.2,120450000,1084.8,887.6,1102.5,649.1,1009.2,173,2,1009.1,871,4,1009.0,3205,16,1008.9,2951,13,1008.8,2228,13,1009.3,20,1,1009.4,62,2,1009.5,224,3,1009.6,221,5,1009.7,703,14
317,2025-11-26 13:20:16+05:30,1009.2,50,1000.69,6993169,395219.0,436992.0,986.2,1012.2,981.3,986.2,120450000,1084.8,887.6,1102.5,649.1,1009.2,173,2,1009.1,871,4,1009.0,3205,16,1008.9,2951,13,1008.8,2228,13,1009.3,20,1,1009.4,62,2,1009.5,224,3,1009.6,221,5,1009.7,703,14
317,2025-11-26 13:20:16+05:30,1009.2,50,1000.69,6993236,393675.0,436900.0,986.2,1012.2,981.3,986.2,120450000,1084.8,887.6,1102.5,649.1,1009.2,108,2,1009.1,884,6,1009.0,3265,18,1008.9,2147,9,1008.8,2293,14,1009.4,62,2,1009.5,189,2,1009.6,221,5,1009.7,638,13,1009.8,696,14
317,2025-11-26 13:20:17+05:30,1009.2,9,1000.69,6993236,393675.0,436900.0,986.2,1012.2,981.3,986.2,120450000,1084.8,887.6,1102.5,649.1,1009.2,108,2,1009.1,884,6,1009.0,3265,18,1008.9,2147,9,1008.8,2293,14,1009.4,62,2,1009.5,189,2,1009.6,221,5,1009.7,638,13,1009.8,696,14
317,2025-11-26 13:20:17+05:30,1009.2,9,1000.69,6993245,393707.0,437128.0,986.2,1012.2,981.3,986.2,120450000,1084.8,887.6,1102.5,649.1,1009.2,99,2,1009.1,772,5,1009.0,3263,18,1008.9,2147,9,1008.8,2293,14,1009.4,91,4,1009.5,246,3,1009.6,276,6,1009.7,658,14,1009.8,673,14
317,2025-11-26 13:20:18+05:30,1009.2,25,1000.69,6993245,393707.0,437128.0,986.2,1012.2,981.3,986.2,120450000,1084.8,887.6,1102.5,649.1,1009.2,99,2,1009.1,772,5,1009.0,3263,18,1008.9,2147,9,1008.8,2293,14,1009.4,91,4,1009.5,246,3,1009.6,276,6,1009.7,658,14,1009.8,673,14
317,2025-11-26 13:20:18+05:30,1009.2,25,1000.69,6993270,393782.0,437101.0,986.2,1012.2,981.3,986.2,120450000,1084.8,887.6,1102.5,649.1,1009.2,74,2,1009.1,772,5,1009.0,3243,17,1008.9,2167,10,1008.8,2293,14,1009.4,64,3,1009.5,246,3,1009.6,296,7,1009.7,638,13,1009.8,673,14
317,2025-11-26 13:20:19+05:30,1009.4,3,1000.69,6993270,393782.0,437101.0,986.2,1012.2,981.3,986.2,120450000,1084.8,887.6,1102.5,649.1,1009.2,74,2,1009.1,772,5,1009.0,3243,17,1008.9,2167,10,1008.8,2293,14,1009.4,64,3,1009.5,246,3,1009.6,296,7,1009.7,638,13,1009.8,673,14
317,2025-11-26 13:20:19+05:30,1009.4,3,1000.69,6993413,393880.0,436948.0,986.2,1012.2,981.3,986.2,120450000,1084.8,887.6,1102.5,649.1,1009.2,431,1,1009.1,884,6,1009.0,3243,17,1008.9,2147,9,1008.8,2293,14,1009.4,61,3,1009.5,189,2,1009.6,105,4,1009.7,658,14,1009.8,673,14
317,2025-11-26 13:20:20+05:30,1009.4,1,1000.69,6993413,393880.0,436948.0,986.2,1012.2,981.3,986.2,120450000,1084.8,887.6,1102.5,649.1,1009.2,431,1,1009.1,884,6,1009.0,3243,17,1008.9,2147,9,1008.8,2293,14,1009.4,61,3,1009.5,189,2,1009.6,105,4,1009.7,658,14,1009.8,673,14
317,2025-11-26 13:20:20+05:30,1009.4,1,1000.69,6993415,393863.0,436984.0,986.2,1012.2,981.3,986.2,120450000,1084.8,887.6,1102.5,649.1,1009.2,431,1,1009.1,969,6,1009.0,3337,18,1008.9,2147,9,1008.8,2293,14,1009.4,59,3,1009.5,189,2,1009.6,105,4,1009.7,1223,15,1009.8,673,14
317,2025-11-26 13:20:21+05:30,1009.4,1,1000.69,6993415,393863.0,436984.0,986.2,1012.2,981.3,986.2,120450000,1084.8,887.6,1102.5,649.1,1009.2,431,1,1009.1,969,6,1009.0,3337,18,1008.9,2147,9,1008.8,2293,14,1009.4,59,3,1009.5,189,2,1009.6,105,4,1009.7,1223,15,1009.8,673,14
317,2025-11-26 13:20:21+05:30,1009.4,1,1000.69,6993416,394833.0,436805.0,986.2,1012.2,981.3,986.2,120450000,1084.8,887.6,1102.5,649.1,1009.2,431,1,1009.1,969,6,1009.0,3357,19,1008.9,2169,10,1008.8,2293,14,1009.3,15,1,1009.4,58,3,1009.5,189,2,1009.6,127,5,1009.7,1223,15
317,2025-11-26 13:20:22+05:30,1009.4,1,1000.69,6993416,395349.0,436808.0,986.2,1012.2,981.3,986.2,120450000,1084.8,887.6,1102.5,649.1,1009.2,431,1,1009.1,675,4,1009.0,3306,17,1008.9,2897,10,1008.8,2293,14,1009.3,15,1,1009.4,58,3,1009.5,189,2,1009.6,105,4,1009.7,1223,15
317,2025-11-26 13:20:23+05:30,1009.3,23,1000.69,6993416,395349.0,436808.0,986.2,1012.2,981.3,986.2,120450000,1084.8,887.6,1102.5,649.1,1009.2,431,1,1009.1,675,4,1009.0,3306,17,1008.9,2897,10,1008.8,2293,14,1009.3,15,1,1009.4,58,3,1009.5,189,2,1009.6,105,4,1009.7,1223,15
317,2025-11-26 13:20:23+05:30,1009.3,23,1000.69,6993448,395396.0,436856.0,986.2,1012.2,981.3,986.2,120450000,1084.8,887.6,1102.5,649.1,1009.2,431,1,1009.1,671,3,1009.0,3286,16,1008.9,2971,13,1008.8,2293,14,1009.3,15,1,1009.4,58,3,1009.5,189,2,1009.6,159,5,1009.7,1223,15
317,2025-11-26 13:20:24+05:30,1009.3,23,1000.69,6993448,395788.0,436741.0,986.2,1012.2,981.3,986.2,120450000,1084.8,887.6,1102.5,649.1,1009.2,431,1,1009.1,873,5,1009.0,3488,18,1008.9,2971,13,1008.8,2293,14,1009.3,15,1,1009.4,58,3,1009.5,189,2,1009.6,95,3,1009.7,658,14
317,2025-11-26 13:20:25+05:30,1009.2,1,1000.69,6993448,395788.0,436741.0,986.2,1012.2,981.3,986.2,120450000,1084.8,887.6,1102.5,649.1,1009.2,431,1,1009.1,873,5,1009.0,3488,18,1008.9,2971,13,1008.8,2293,14,1009.3,15,1,1009.4,58,3,1009.5,189,2,1009.6,95,3,1009.7,658,14
317,2025-11-26 13:20:25+05:30,1009.2,1,1000.69,6993477,395652.0,436723.0,986.2,1012.2,981.3,986.2,120450000,1084.8,887.6,1102.5,649.1,1009.2,430,1,1009.1,951,7,1009.0,3599,19,1008.9,2942,12,1008.8,2293,14,1009.3,2,1,1009.4,58,3,1009.5,189,2,1009.6,13,2,1009.7,555,12
317,2025-11-26 13:20:26+05:30,1009.2,85,1000.69,6993477,395652.0,436723.0,986.2,1012.2,981.3,986.2,120450000,1084.8,887.6,1102.5,649.1,1009.2,430,1,1009.1,951,7,1009.0,3599,19,1008.9,2942,12,1008.8,2293,14,1009.3,2,1,1009.4,58,3,1009.5,189,2,1009.6,13,2,1009.7,555,12
317,2025-11-26 13:20:26+05:30,1009.2,85,1000.69,6993564,394848.0,436746.0,986.2,1012.2,981.3,986.2,120450000,1084.8,887.6,1102.5,649.1,1009.2,345,1,1009.1,951,7,1009.0,3624,20,1008.9,2948,12,1008.8,2293,14,1009.4,58,3,1009.5,189,2,1009.6,45,3,1009.7,555,12,1009.8,1187,15
317,2025-11-26 13:20:27+05:30,1009.2,140,1000.69,6993704,393585.0,436879.0,986.2,1012.2,981.3,986.2,120450000,1084.8,887.6,1102.5,649.1,1009.2,218,2,1009.1,684,5,1009.0,3212,16,1008.9,2167,10,1008.8,2302,15,1009.4,58,3,1009.5,189,2,1009.6,157,6,1009.7,555,12,1009.8,1197,16
317,2025-11-26 13:20:27+05:30,1009.2,140,1000.69,6993704,393585.0,436879.0,986.2,1012.2,981.3,986.2,120450000,1084.8,887.6,1102.5,649.1,1009.2,218,2,1009.1,684,5,1009.0,3212,16,1008.9,2167,10,1008.8,2302,15,1009.4,58,3,1009.5,189,2,1009.6,157,6,1009.7,555,12,1009.8,1197,16
317,2025-11-26 13:20:28+05:30,1009.2,140,1000.69,6993704,393615.0,436910.0,986.2,1012.2,981.3,986.2,120450000,1084.8,887.6,1102.5,649.1,1009.2,218,2,1009.1,683,5,1009.0,3212,16,1008.9,2167,10,1008.8,2302,15,1009.4,58,3,1009.5,189,2,1009.6,157,6,1009.7,555,12,1009.8,1197,16
317,2025-11-26 13:20:29+05:30,1009.4,1,1000.69,6993715,394440.0,436909.0,986.2,1012.2,981.3,986.2,120450000,1084.8,887.6,1102.5,649.1,1009.2,208,2,1009.1,683,5,1009.0,3212,16,1008.9,2167,10,1008.8,2302,15,1009.4,57,3,1009.5,189,2,1009.6,157,6,1009.7,555,12,1009.8,1197,16
317,2025-11-26 13:20:29+05:30,1009.4,1,1000.69,6993715,394440.0,436909.0,986.2,1012.2,981.3,986.2,120450000,1084.8,887.6,1102.5,649.1,1009.2,208,2,1009.1,683,5,1009.0,3212,16,1008.9,2167,10,1008.8,2302,15,1009.4,57,3,1009.5,189,2,1009.6,157,6,1009.7,555,12,1009.8,1197,16
317,2025-11-26 13:20:30+05:30,1009.4,1,1000.69,6994771,393616.0,436929.0,986.2,1012.2,981.3,986.2,120450000,1084.8,887.6,1102.5,649.1,1009.1,380,3,1009.0,3094,14,1008.9,2087,10,1008.8,2217,13,1008.7,2784,19,1009.4,42,2,1009.5,341,5,1009.6,333,9,1009.7,555,12,1009.8,1209,16
317,2025-11-26 13:20:30+05:30,1009.5,171,1000.69,6994771,393616.0,436929.0,986.2,1012.2,981.3,986.2,120450000,1084.8,887.6,1102.5,649.1,1009.1,380,3,1009.0,3094,14,1008.9,2087,10,1008.8,2217,13,1008.7,2784,19,1009.4,42,2,1009.5,341,5,1009.6,333,9,1009.7,555,12,1009.8,1209,16
317,2025-11-26 13:20:31+05:30,1009.1,7,1000.69,6995109,392835.0,436073.0,986.2,1012.2,981.3,986.2,120450000,1084.8,887.6,1102.5,649.1,1009.1,494,5,1009.0,3112,15,1008.9,1326,8,1008.8,2282,14,1008.7,2758,20,1009.5,18,2,1009.6,279,8,1009.7,582,13,1009.8,1134,14,1009.9,1292,21
317,2025-11-26 13:20:31+05:30,1009.1,7,1000.69,6995109,392835.0,436073.0,986.2,1012.2,981.3,986.2,120450000,1084.8,887.6,1102.5,649.1,1009.1,494,5,1009.0,3112,15,1008.9,1326,8,1008.8,2282,14,1008.7,2758,20,1009.5,18,2,1009.6,279,8,1009.7,582,13,1009.8,1134,14,1009.9,1292,21
317,2025-11-26 13:20:32+05:30,1009.1,7,1000.69,6995109,394565.0,436577.0,986.2,1012.2,981.3,986.2,120450000,1084.8,887.6,1102.5,649.1,1009.1,485,4,1009.0,3108,16,1008.9,2939,12,1008.8,2282,14,1008.7,2728,19,1009.3,44,2,1009.5,20,3,1009.6,438,9,1009.7,661,14,1009.8,635,13
317,2025-11-26 13:20:32+05:30,1009.3,2,1000.69,6995109,394565.0,436577.0,986.2,1012.2,981.3,986.2,120450000,1084.8,887.6,1102.5,649.1,1009.1,485,4,1009.0,3108,16,1008.9,2939,12,1008.8,2282,14,1008.7,2728,19,1009.3,44,2,1009.5,20,3,1009.6,438,9,1009.7,661,14,1009.8,635,13
317,2025-11-26 13:20:33+05:30,1009.3,1,1000.69,6995144,394674.0,436382.0,986.2,1012.2,981.3,986.2,120450000,1084.8,887.6,1102.5,649.1,1009.1,485,4,1009.0,3206,17,1008.9,2939,12,1008.8,2282,14,1008.7,2728,19,1009.3,43,2,1009.5,20,3,1009.6,428,8,1009.7,650,13,1009.8,635,13
317,2025-11-26 13:20:33+05:30,1009.3,1,1000.69,6995144,394674.0,436382.0,986.2,1012.2,981.3,986.2,120450000,1084.8,887.6,1102.5,649.1,1009.1,485,4,1009.0,3206,17,1008.9,2939,12,1008.8,2282,14,1008.7,2728,19,1009.3,43,2,1009.5,20,3,1009.6,428,8,1009.7,650,13,1009.8,635,13
317,2025-11-26 13:20:34+05:30,1009.1,5,1000.69,6995149,394831.0,436305.0,986.2,1012.2,981.3,986.2,120450000,1084.8,887.6,1102.5,649.1,1009.2,112,1,1009.1,480,4,1009.0,3206,17,1008.9,2896,11,1008.8,2231,13,1009.3,43,2,1009.5,20,3,1009.6,360,5,1009.7,573,11,1009.8,1230,15
317,2025-11-26 13:20:34+05:30,1009.1,5,1000.69,6995149,394831.0,436305.0,986.2,1012.2,981.3,986.2,120450000,1084.8,887.6,1102.5,649.1,1009.2,112,1,1009.1,480,4,1009.0,3206,17,1008.9,2896,11,1008.8,2231,13,1009.3,43,2,1009.5,20,3,1009.6,360,5,1009.7,573,11,1009.8,1230,15
317,2025-11-26 13:20:35+05:30,1009.3,2,1000.69,6995161,395061.0,436249.0,986.2,1012.2,981.3,986.2,120450000,1084.8,887.6,1102.5,649.1,1009.2,112,1,1009.1,480,4,1009.0,3230,18,1008.9,2896,11,1008.8,2231,13,1009.3,31,1,1009.5,36,4,1009.6,246,4,1009.7,627,12,1009.8,1230,15
317,2025-11-26 13:20:35+05:30,1009.1,28,1000.69,6995161,395061.0,436249.0,986.2,1012.2,981.3,986.2,120450000,1084.8,887.6,1102.5,649.1,1009.2,112,1,1009.1,480,4,1009.0,3230,18,1008.9,2896,11,1008.8,2231,13,1009.3,31,1,1009.5,36,4,1009.6,246,4,1009.7,627,12,1009.8,1230,15
317,2025-11-26 13:20:36+05:30,1009.3,1,1000.69,6995302,394906.0,436308.0,986.2,1012.2,981.3,986.2,120450000,1084.8,887.6,1102.5,649.1,1009.1,340,3,1009.0,3194,16,1008.9,2914,12,1008.8,2231,13,1008.7,2834,20,1009.3,30,1,1009.5,36,4,1009.6,280,5,1009.7,665,13,1009.8,1256,16
317,2025-11-26 13:20:36+05:30,1009.1,300,1000.69,6995302,394906.0,436308.0,986.2,1012.2,981.3,986.2,120450000,1084.8,887.6,1102.5,649.1,1009.1,340,3,1009.0,3194,16,1008.9,2914,12,1008.8,2231,13,1008.7,2834,20,1009.3,30,1,1009.5,36,4,1009.6,280,5,1009.7,665,13,1009.8,1256,16
317,2025-11-26 13:20:37+05:30,1009.1,300,1000.69,6995603,395369.0,437014.0,986.2,1012.2,981.3,986.2,120450000,1084.8,887.6,1102.5,649.1,1009.1,40,3,1009.0,3004,14,1008.9,2893,11,1008.8,2280,15,1008.7,2816,19,1009.2,185,1,1009.5,271,5,1009.6,619,12,1009.7,696,15,1009.8,1580,15
317,2025-11-26 13:20:37+05:30,1009.0,43,1000.69,6995603,395369.0,437014.0,986.2,1012.2,981.3,986.2,120450000,1084.8,887.6,1102.5,649.1,1009.1,40,3,1009.0,3004,14,1008.9,2893,11,1008.8,2280,15,1008.7,2816,19,1009.2,185,1,1009.5,271,5,1009.6,619,12,1009.7,696,15,1009.8,1580,15
317,2025-11-26 13:20:38+05:30,1009.2,95,1000.69,6997090,392855.0,436026.0,986.2,1012.2,981.3,986.2,120450000,1084.8,887.6,1102.5,649.1,1009.1,31,2,1009.0,2007,15,1008.9,3360,13,1008.8,2184,11,1008.7,1219,12,1009.5,178,5,1009.6,489,7,1009.7,635,11,1009.8,1193,13,1009.9,936,19
317,2025-11-26 13:20:38+05:30,1009.2,95,1000.69,6997090,392855.0,436026.0,986.2,1012.2,981.3,986.2,120450000,1084.8,887.6,1102.5,649.1,1009.1,31,2,1009.0,2007,15,1008.9,3360,13,1008.8,2184,11,1008.7,1219,12,1009.5,178,5,1009.6,489,7,1009.7,635,11,1009.8,1193,13,1009.9,936,19
317,2025-11-26 13:20:39+05:30,1009.2,95,1000.69,6997090,391408.0,436207.0,986.2,1012.2,981.3,986.2,120450000,1084.8,887.6,1102.5,649.1,1009.0,2019,15,1008.9,1878,12,1008.8,2184,11,1008.7,1219,12,1008.6,1555,12,1009.5,187,6,1009.6,507,8,1009.7,617,10,1009.8,1193,13,1009.9,1376,22
317,2025-11-26 13:20:40+05:30,1009.5,1,1000.69,6997091,391303.0,436503.0,986.2,1012.2,981.3,986.2,120450000,1084.8,887.6,1102.5,649.1,1009.1,16,1,1009.0,1983,14,1008.9,1878,12,1008.8,2184,11,1008.7,1219,12,1009.5,186,6,1009.6,1010,9,1009.7,617,10,1009.8,703,13,1009.9,1346,21
317,2025-11-26 13:20:40+05:30,1009.5,1,1000.69,6997091,391303.0,436503.0,986.2,1012.2,981.3,986.2,120450000,1084.8,887.6,1102.5,649.1,1009.1,16,1,1009.0,1983,14,1008.9,1878,12,1008.8,2184,11,1008.7,1219,12,1009.5,186,6,1009.6,1010,9,1009.7,617,10,1009.8,703,13,1009.9,1346,21
317,2025-11-26 13:20:41+05:30,1009.5,10,1000.69,6997103,391303.0,436504.0,986.2,1012.2,981.3,986.2,120450000,1084.8,887.6,1102.5,649.1,1009.1,16,1,1009.0,1983,14,1008.9,1878,12,1008.8,2184,11,1008.7,1219,12,1009.5,174,6,1009.6,992,8,1009.7,643,11,1009.8,703,13,1009.9,1346,21
317,2025-11-26 13:20:41+05:30,1009.5,1,1000.69,6997103,391303.0,436504.0,986.2,1012.2,981.3,986.2,120450000,1084.8,887.6,1102.5,649.1,1009.1,16,1,1009.0,1983,14,1008.9,1878,12,1008.8,2184,11,1008.7,1219,12,1009.5,174,6,1009.6,992,8,1009.7,643,11,1009.8,703,13,1009.9,1346,21
317,2025-11-26 13:20:42+05:30,1009.5,1,1000.69,6997104,391470.0,437089.0,986.2,1012.2,981.3,986.2,120450000,1084.8,887.6,1102.5,649.1,1009.1,16,1,1009.0,1991,14,1008.9,1909,13,1008.8,2184,11,1008.7,1219,12,1009.3,40,1,1009.5,339,6,1009.6,992,8,1009.7,656,12,1009.8,988,13
317,2025-11-26 13:20:43+05:30,1009.3,5,1000.69,6997113,392949.0,437080.0,986.2,1012.2,981.3,986.2,120450000,1084.8,887.6,1102.5,649.1,1009.1,16,1,1009.0,1970,13,1008.9,3409,15,1008.8,2184,11,1008.7,1219,12,1009.3,38,2,1009.5,339,6,1009.6,992,8,1009.7,656,12,1009.8,703,13
317,2025-11-26 13:20:43+05:30,1009.5,2,1000.69,6997113,392949.0,437080.0,986.2,1012.2,981.3,986.2,120450000,1084.8,887.6,1102.5,649.1,1009.1,16,1,1009.0,1970,13,1008.9,3409,15,1008.8,2184,11,1008.7,1219,12,1009.3,38,2,1009.5,339,6,1009.6,992,8,1009.7,656,12,1009.8,703,13
317,2025-11-26 13:20:44+05:30,1009.1,3,1000.69,6998562,391029.0,437025.0,986.2,1012.2,981.3,986.2,120450000,1084.8,887.6,1102.5,649.1,1009.0,115,5,1008.9,216,3,1008.8,656,9,1008.7,3128,15,1008.6,1559,12,1009.1,5,1,1009.3,4,1,1009.4,59,1,1009.5,680,9,1009.6,729,10
317,2025-11-26 13:20:44+05:30,1009.1,3,1000.69,6998562,391029.0,437025.0,986.2,1012.2,981.3,986.2,120450000,1084.8,887.6,1102.5,649.1,1009.0,115,5,1008.9,216,3,1008.8,656,9,1008.7,3128,15,1008.6,1559,12,1009.1,5,1,1009.3,4,1,1009.4,59,1,1009.5,680,9,1009.6,729,10
317,2025-11-26 13:20:45+05:30,1009.1,3,1000.69,6998562,391792.0,437880.0,986.2,1012.2,981.3,986.2,120450000,1084.8,887.6,1102.5,649.1,1009.0,128,6,1008.9,216,3,1008.8,682,10,1008.7,3102,14,1008.6,2309,13,1009.1,5,1,1009.2,80,2,1009.3,4,1,1009.4,59,1,1009.5,645,8
317,2025-11-26 13:20:45+05:30,1009.1,2,1000.69,6998562,391792.0,437880.0,986.2,1012.2,981.3,986.2,120450000,1084.8,887.6,1102.5,649.1,1009.0,128,6,1008.9,216,3,1008.8,682,10,1008.7,3102,14,1008.6,2309,13,1009.1,5,1,1009.2,80,2,1009.3,4,1,1009.4,59,1,1009.5,645,8
317,2025-11-26 13:20:46+05:30,1009.1,1,1000.69,6998565,392108.0,437930.0,986.2,1012.2,981.3,986.2,120450000,1084.8,887.6,1102.5,649.1,1009.0,128,6,1008.9,112,1,1008.8,584,9,1008.7,3078,13,1008.6,2309,13,1009.1,2,1,1009.2,81,3,1009.3,4,1,1009.4,744,3,1009.5,701,9
317,2025-11-26 13:20:46+05:30,1009.2,27,1000.69,6998565,392108.0,437930.0,986.2,1012.2,981.3,986.2,120450000,1084.8,887.6,1102.5,649.1,1009.0,128,6,1008.9,112,1,1008.8,584,9,1008.7,3078,13,1008.6,2309,13,1009.1,2,1,1009.2,81,3,1009.3,4,1,1009.4,744,3,1009.5,701,9
317,2025-11-26 13:20:47+05:30,1009.2,27,1000.69,6998865,391289.0,438084.0,986.2,1012.2,981.3,986.2,120450000,1084.8,887.6,1102.5,649.1,1009.1,1,1,1009.0,128,6,1008.8,208,4,1008.7,3104,14,1008.6,1585,13,1009.2,55,2,1009.3,52,2,1009.4,991,7,1009.5,880,10,1009.6,763,12
317,2025-11-26 13:20:48+05:30,1009.2,27,1000.69,6998865,391343.0,438659.0,986.2,1012.2,981.3,986.2,120450000,1084.8,887.6,1102.5,649.1,1009.1,1,1,1009.0,138,7,1008.8,315,4,1008.7,1332,9,1008.6,1466,11,1009.2,91,3,1009.3,173,3,1009.4,964,7,1009.5,717,10,1009.6,864,16
317,2025-11-26 13:20:48+05:30,1009.1,1,1000.69,6998865,391343.0,438659.0,986.2,1012.2,981.3,986.2,120450000,1084.8,887.6,1102.5,649.1,1009.1,1,1,1009.0,138,7,1008.8,315,4,1008.7,1332,9,1008.6,1466,11,1009.2,91,3,1009.3,173,3,1009.4,964,7,1009.5,717,10,1009.6,864,16
317,2025-11-26 13:20:49+05:30,1009.1,1,1000.69,6998867,389438.0,439368.0,986.2,1012.2,981.3,986.2,120450000,1084.8,887.6,1102.5,649.1,1009.0,125,6,1008.8,566,6,1008.7,1452,11,1008.6,1475,11,1008.5,4951,24,1009.2,92,4,1009.3,4,1,1009.4,909,6,1009.5,556,7,1009.6,741,11
317,2025-11-26 13:20:49+05:30,1009.2,1,1000.69,6998867,389438.0,439368.0,986.2,1012.2,981.3,986.2,120450000,1084.8,887.6,1102.5,649.1,1009.0,125,6,1008.8,566,6,1008.7,1452,11,1008.6,1475,11,1008.5,4951,24,1009.2,92,4,1009.3,4,1,1009.4,909,6,1009.5,556,7,1009.6,741,11
317,2025-11-26 13:20:50+05:30,1009.2,1,1000.69,6998874,390130.0,439387.0,986.2,1012.2,981.3,986.2,120450000,1084.8,887.6,1102.5,649.1,1009.0,137,7,1008.8,503,7,1008.7,1426,10,1008.6,1475,11,1008.5,4951,24,1009.2,85,4,1009.3,4,1,1009.4,909,6,1009.5,556,7,1009.6,754,12
317,2025-11-26 13:20:50+05:30,1009.2,1,1000.69,6998874,390130.0,439387.0,986.2,1012.2,981.3,986.2,120450000,1084.8,887.6,1102.5,649.1,1009.0,137,7,1008.8,503,7,1008.7,1426,10,1008.6,1475,11,1008.5,4951,24,1009.2,85,4,1009.3,4,1,1009.4,909,6,1009.5,556,7,1009.6,754,12
317,2025-11-26 13:20:51+05:30,1009.2,1,1000.69,6999205,390779.0,438049.0,986.2,1012.2,981.3,986.2,120450000,1084.8,887.6,1102.5,649.1,1009.0,137,7,1008.9,525,2,1008.8,711,9,1008.7,1329,9,1008.6,1397,10,1009.2,35,1,1009.4,175,2,1009.5,952,7,1009.6,728,12,1009.7,1126,15
317,2025-11-26 13:20:51+05:30,1009.1,8,1000.69,6999205,390779.0,438049.0,986.2,1012.2,981.3,986.2,120450000,1084.8,887.6,1102.5,649.1,1009.0,137,7,1008.9,525,2,1008.8,711,9,1008.7,1329,9,1008.6,1397,10,1009.2,35,1,1009.4,175,2,1009.5,952,7,1009.6,728,12,1009.7,1126,15
317,2025-11-26 13:20:52+05:30,1009.1,8,1000.69,6999213,391425.0,438291.0,986.2,1012.2,981.3,986.2,120450000,1084.8,887.6,1102.5,649.1,1009.0,137,7,1008.9,637,3,1008.8,830,10,1008.7,2225,11,1008.6,2147,11,1009.1,34,1,1009.2,35,1,1009.4,67,2,1009.5,993,8,1009.6,742,11
317,2025-11-26 13:20:53+05:30,1009.1,22,1000.69,6999244,393610.0,438254.0,986.2,1012.2,981.3,986.2,120450000,1084.8,887.6,1102.5,649.1,1009.0,309,9,1008.9,570,6,1008.8,1630,13,1008.7,4696,15,1008.6,2820,12,1009.1,3,1,1009.2,35,1,1009.4,13,2,1009.5,984,7,1009.6,709,10
317,2025-11-26 13:20:53+05:30,1009.1,22,1000.69,6999244,393610.0,438254.0,986.2,1012.2,981.3,986.2,120450000,1084.8,887.6,1102.5,649.1,1009.0,309,9,1008.9,570,6,1008.8,1630,13,1008.7,4696,15,1008.6,2820,12,1009.1,3,1,1009.2,35,1,1009.4,13,2,1009.5,984,7,1009.6,709,10
317,2025-11-26 13:20:54+05:30,1009.1,22,1000.69,6999244,393612.0,438261.0,986.2,1012.2,981.3,986.2,120450000,1084.8,887.6,1102.5,649.1,1009.0,309,9,1008.9,570,6,1008.8,1630,13,1008.7,4696,15,1008.6,2820,12,1009.1,3,1,1009.2,45,2,1009.4,4,1,1009.5,425,6,1009.6,709,10
317,2025-11-26 13:20:54+05:30,1009.1,112,1000.69,6999244,393612.0,438261.0,986.2,1012.2,981.3,986.2,120450000,1084.8,887.6,1102.5,649.1,1009.0,309,9,1008.9,570,6,1008.8,1630,13,1008.7,4696,15,1008.6,2820,12,1009.1,3,1,1009.2,45,2,1009.4,4,1,1009.5,425,6,1009.6,709,10
317,2025-11-26 13:20:55+05:30,1009.1,2,1000.69,6999382,392408.0,437765.0,986.2,1012.2,981.3,986.2,120450000,1084.8,887.6,1102.5,649.1,1009.0,199,9,1008.9,252,3,1008.8,1626,12,1008.7,3973,15,1008.6,2820,12,1009.1,17,2,1009.2,35,1,1009.4,14,2,1009.5,799,5,1009.6,709,10
317,2025-11-26 13:20:55+05:30,1009.1,9,1000.69,6999382,392408.0,437765.0,986.2,1012.2,981.3,986.2,120450000,1084.8,887.6,1102.5,649.1,1009.0,199,9,1008.9,252,3,1008.8,1626,12,1008.7,3973,15,1008.6,2820,12,1009.1,17,2,1009.2,35,1,1009.4,14,2,1009.5,799,5,1009.6,709,10
317,2025-11-26 13:20:56+05:30,1009.5,15,1000.69,7000046,388542.0,436258.0,986.2,1012.2,981.3,986.2,120450000,1084.8,887.6,1102.5,649.1,1009.2,3,1,1009.1,139,2,1009.0,593,13,1008.9,533,6,1008.8,1941,10,1009.6,151,5,1009.7,870,7,1009.8,1732,14,1009.9,1280,17,1010.0,4550,76
317,2025-11-26 13:20:56+05:30,1009.6,1,1000.69,7000046,388542.0,436258.0,986.2,1012.2,981.3,986.2,120450000,1084.8,887.6,1102.5,649.1,1009.2,3,1,1009.1,139,2,1009.0,593,13,1008.9,533,6,1008.8,1941,10,1009.6,151,5,1009.7,870,7,1009.8,1732,14,1009.9,1280,17,1010.0,4550,76
317,2025-11-26 13:20:57+05:30,1009.1,19,1000.7,7000457,389378.0,436476.0,986.2,1012.2,981.3,986.2,120450000,1084.8,887.6,1102.5,649.1,1009.2,46,1,1009.1,619,7,1009.0,876,15,1008.9,1323,10,1008.8,1582,12,1009.6,3,1,1009.7,744,6,1009.8,1629,12,1009.9,1297,19,1010.0,4863,79
317,2025-11-26 13:20:57+05:30,1009.6,123,1000.7,7000457,389378.0,436476.0,986.2,1012.2,981.3,986.2,120450000,1084.8,887.6,1102.5,649.1,1009.2,46,1,1009.1,619,7,1009.0,876,15,1008.9,1323,10,1008.8,1582,12,1009.6,3,1,1009.7,744,6,1009.8,1629,12,1009.9,1297,19,1010.0,4863,79
317,2025-11-26 13:20:58+05:30,1009.6,123,1000.7,7000841,388681.0,435674.0,986.2,1012.2,981.3,986.2,120450000,1084.8,887.6,1102.5,649.1,1009.2,99,2,1009.1,650,7,1009.0,836,15,1008.9,1428,13,1008.8,1605,13,1009.6,43,3,1009.7,677,5,1009.8,1600,11,1009.9,1201,17,1010.0,4610,79
317,2025-11-26 13:20:58+05:30,1009.2,1,1000.7,7000841,388681.0,435674.0,986.2,1012.2,981.3,986.2,120450000,1084.8,887.6,1102.5,649.1,1009.2,99,2,1009.1,650,7,1009.0,836,15,1008.9,1428,13,1008.8,1605,13,1009.6,43,3,1009.7,677,5,1009.8,1600,11,1009.9,1201,17,1010.0,4610,79
317,2025-11-26 13:20:59+05:30,1009.5,4,1000.7,7000969,391527.0,435451.0,986.2,1012.2,981.3,986.2,120450000,1084.8,887.6,1102.5,649.1,1009.5,128,1,1009.2,207,3,1009.1,855,9,1009.0,1016,16,1008.9,2085,13,1009.6,1,1,1009.7,166,4,1009.8,1525,11,1009.9,959,17,1010.0,4967,80
317,2025-11-26 13:20:59+05:30,1009.6,97,1000.7,7000969,391527.0,435451.0,986.2,1012.2,981.3,986.2,120450000,1084.8,887.6,1102.5,649.1,1009.5,128,1,1009.2,207,3,1009.1,855,9,1009.0,1016,16,1008.9,2085,13,1009.6,1,1,1009.7,166,4,1009.8,1525,11,1009.9,959,17,1010.0,4967,80
317,2025-11-26 13:21:00+05:30,1009.5,8,1000.7,7002527,389477.0,435572.0,986.2,1012.2,981.3,986.2,120450000,1084.8,887.6,1102.5,649.1,1009.5,4,1,1009.2,398,3,1009.1,558,6,1009.0,853,16,1008.9,2032,16,1009.7,351,10,1009.8,1539,10,1009.9,1229,17,1010.0,4640,77,1010.1,822,13
317,2025-11-26 13:21:00+05:30,1009.7,1,1000.7,7002527,389477.0,435572.0,986.2,1012.2,981.3,986.2,120450000,1084.8,887.6,1102.5,649.1,1009.5,4,1,1009.2,398,3,1009.1,558,6,1009.0,853,16,1008.9,2032,16,1009.7,351,10,1009.8,1539,10,1009.9,1229,17,1010.0,4640,77,1010.1,822,13
317,2025-11-26 13:21:01+05:30,1009.7,1,1000.7,7002786,389049.0,435125.0,986.2,1012.2,981.3,986.2,120450000,1084.8,887.6,1102.5,649.1,1009.5,4,1,1009.3,363,4,1009.2,745,8,1009.1,1076,12,1009.0,3627,21,1009.7,10,3,1009.8,1200,6,1009.9,905,17,1010.0,4637,77,1010.1,1096,13
317,2025-11-26 13:21:01+05:30,1009.6,5,1000.7,7002786,389049.0,435125.0,986.2,1012.2,981.3,986.2,120450000,1084.8,887.6,1102.5,649.1,1009.5,4,1,1009.3,363,4,1009.2,745,8,1009.1,1076,12,1009.0,3627,21,1009.7,10,3,1009.8,1200,6,1009.9,905,17,1010.0,4637,77,1010.1,1096,13
317,2025-11-26 13:21:02+05:30,1009.6,128,1000.7,7003808,391260.0,434388.0,986.2,1012.2,981.3,986.2,120450000,1084.8,887.6,1102.5,649.1,1009.5,4,1,1009.3,736,7,1009.2,898,10,1009.1,1549,15,1009.0,2561,20,1009.6,67,1,1009.7,21,1,1009.8,1091,6,1009.9,597,11,1010.0,4494,76
317,2025-11-26 13:21:02+05:30,1009.8,117,1000.7,7003808,391260.0,434388.0,986.2,1012.2,981.3,986.2,120450000,1084.8,887.6,1102.5,649.1,1009.5,4,1,1009.3,736,7,1009.2,898,10,1009.1,1549,15,1009.0,2561,20,1009.6,67,1,1009.7,21,1,1009.8,1091,6,1009.9,597,11,1010.0,4494,76
317,2025-11-26 13:21:03+05:30,1009.8,128,1000.7,7004702,389945.0,433630.0,986.2,1012.2,981.3,986.2,120450000,1084.8,887.6,1102.5,649.1,1009.6,5,3,1009.5,4,1,1009.4,442,4,1009.3,848,8,1009.2,1222,13,1009.8,463,4,1009.9,290,8,1010.0,4589,72,1010.1,1130,10,1010.2,802,11
317,2025-11-26 13:21:03+05:30,1009.8,128,1000.7,7004702,389945.0,433630.0,986.2,1012.2,981.3,986.2,120450000,1084.8,887.6,1102.5,649.1,1009.6,5,3,1009.5,4,1,1009.4,442,4,1009.3,848,8,1009.2,1222,13,1009.8,463,4,1009.9,290,8,1010.0,4589,72,1010.1,1130,10,1010.2,802,11
317,2025-11-26 13:21:04+05:30,1009.8,68,1000.7,7005645,388622.0,432775.0,986.2,1012.2,981.3,986.2,120450000,1084.8,887.6,1102.5,649.1,1009.6,3,1,1009.5,16,1,1009.4,206,2,1009.3,463,6,1009.2,1583,16,1009.8,21,1,1009.9,385,12,1010.0,4538,75,1010.1,1070,10,1010.2,802,11
317,2025-11-26 13:21:04+05:30,1009.8,24,1000.7,7005645,388622.0,432775.0,986.2,1012.2,981.3,986.2,120450000,1084.8,887.6,1102.5,649.1,1009.6,3,1,1009.5,16,1,1009.4,206,2,1009.3,463,6,1009.2,1583,16,1009.8,21,1,1009.9,385,12,1010.0,4538,75,1010.1,1070,10,1010.2,802,11
317,2025-11-26 13:21:05+05:30,1009.8,1,1000.7,7006316,387732.0,432524.0,986.2,1012.2,981.3,986.2,120450000,1084.8,887.6,1102.5,649.1,1009.6,33,2,1009.5,16,1,1009.4,318,3,1009.3,463,6,1009.2,1023,14,1009.9,369,12,1010.0,4537,74,1010.1,950,10,1010.2,798,11,1010.3,1003,14
317,2025-11-26 13:21:05+05:30,1009.9,1,1000.7,7006316,387732.0,432524.0,986.2,1012.2,981.3,986.2,120450000,1084.8,887.6,1102.5,649.1,1009.6,33,2,1009.5,16,1,1009.4,318,3,1009.3,463,6,1009.2,1023,14,1009.9,369,12,1010.0,4537,74,1010.1,950,10,1010.2,798,11,1010.3,1003,14
317,2025-11-26 13:21:06+05:30,1009.9,1,1000.7,7006411,387617.0,431890.0,986.2,1012.2,981.3,986.2,120450000,1084.8,887.6,1102.5,649.1,1009.6,43,3,1009.5,16,1,1009.4,318,3,1009.3,463,6,1009.2,1126,16,1009.9,79,4,1010.0,4358,74,1010.1,506,7,1010.2,717,10,1010.3,925,13
317,2025-11-26 13:21:06+05:30,1009.9,1,1000.7,7006411,387617.0,431890.0,986.2,1012.2,981.3,986.2,120450000,1084.8,887.6,1102.5,649.1,1009.6,43,3,1009.5,16,1,1009.4,318,3,1009.3,463,6,1009.2,1126,16,1009.9,79,4,1010.0,4358,74,1010.1,506,7,1010.2,717,10,1010.3,925,13
317,2025-11-26 13:21:07+05:30,1009.9,1,1000.7,7006411,387719.0,432114.0,986.2,1012.2,981.3,986.2,120450000,1084.8,887.6,1102.5,649.1,1009.6,43,3,1009.5,16,1,1009.4,318,3,1009.3,463,6,1009.2,1126,16,1009.9,153,5,1010.0,4434,75,1010.1,804,8,1010.2,717,10,1010.3,925,13
317,2025-11-26 13:21:08+05:30,1009.9,1,1000.7,7006411,387868.0,432196.0,986.2,1012.2,981.3,986.2,120450000,1084.8,887.6,1102.5,649.1,1009.6,43,3,1009.5,16,1,1009.4,318,3,1009.3,463,6,1009.2,1126,16,1009.9,235,7,1010.0,4434,75,1010.1,804,8,1010.2,717,10,1010.3,925,13
317,2025-11-26 13:21:09+05:30,1009.9,1,1000.7,7006411,388594.0,432320.0,986.2,1012.2,981.3,986.2,120450000,1084.8,887.6,1102.5,649.1,1009.6,43,3,1009.5,16,1,1009.4,318,3,1009.3,463,6,1009.2,1061,15,1009.8,246,3,1009.9,316,8,1010.0,4455,75,1010.1,804,8,1010.2,717,10
317,2025-11-26 13:21:10+05:30,1009.9,1,1000.7,7006411,388624.0,432668.0,986.2,1012.2,981.3,986.2,120450000,1084.8,887.6,1102.5,649.1,1009.6,43,3,1009.5,16,1,1009.4,318,3,1009.3,463,6,1009.2,1061,15,1009.8,297,5,1009.9,423,9,1010.0,4634,76,1010.1,804,8,1010.2,717,10
317,2025-11-26 13:21:10+05:30,1009.8,1,1000.7,7006411,388624.0,432668.0,986.2,1012.2,981.3,986.2,120450000,1084.8,887.6,1102.5,649.1,1009.6,43,3,1009.5,16,1,1009.4,318,3,1009.3,463,6,1009.2,1061,15,1009.8,297,5,1009.9,423,9,1010.0,4634,76,1010.1,804,8,1010.2,717,10
317,2025-11-26 13:21:11+05:30,1009.8,2,1000.7,7006414,388365.0,432745.0,986.2,1012.2,981.3,986.2,120450000,1084.8,887.6,1102.5,649.1,1009.6,43,3,1009.5,16,1,1009.4,112,1,1009.3,463,6,1009.2,1061,15,1009.8,336,6,1009.9,423,9,1010.0,4634,76,1010.1,854,10,1010.2,730,11
317,2025-11-26 13:21:11+05:30,1009.8,2,1000.7,7006414,388365.0,432745.0,986.2,1012.2,981.3,986.2,120450000,1084.8,887.6,1102.5,649.1,1009.6,43,3,1009.5,16,1,1009.4,112,1,1009.3,463,6,1009.2,1061,15,1009.8,336,6,1009.9,423,9,1010.0,4634,76,1010.1,854,10,1010.2,730,11
317,2025-11-26 13:21:12+05:30,1009.8,2,1000.7,7006414,389819.0,433179.0,986.2,1012.2,981.3,986.2,120450000,1084.8,887.6,1102.5,649.1,1009.6,43,3,1009.5,16,1,1009.4,112,1,1009.3,357,5,1009.2,1147,16,1009.7,160,2,1009.8,254,4,1009.9,382,8,1010.0,4697,77,1010.1,854,10
317,2025-11-26 13:21:13+05:30,1009.6,1,1000.7,7006426,389740.0,433650.0,986.2,1012.2,981.3,986.2,120450000,1084.8,887.6,1102.5,649.1,1009.6,42,3,1009.5,16,1,1009.3,81,2,1009.2,1144,16,1009.1,1700,19,1009.7,149,2,1009.8,310,5,1009.9,655,11,1010.0,4732,79,1010.1,854,10
317,2025-11-26 13:21:13+05:30,1009.6,36,1000.7,7006426,389740.0,433650.0,986.2,1012.2,981.3,986.2,120450000,1084.8,887.6,1102.5,649.1,1009.6,42,3,1009.5,16,1,1009.3,81,2,1009.2,1144,16,1009.1,1700,19,1009.7,149,2,1009.8,310,5,1009.9,655,11,1010.0,4732,79,1010.1,854,10
317,2025-11-26 13:21:14+05:30,1009.7,3,1000.7,7006530,391069.0,433164.0,986.2,1012.2,981.3,986.2,120450000,1084.8,887.6,1102.5,649.1,1009.6,30,1,1009.5,16,1,1009.3,402,5,1009.2,1136,15,1009.1,1700,19,1009.7,123,2,1009.8,254,4,1009.9,655,11,1010.0,4732,79,1010.1,854,10
317,2025-11-26 13:21:14+05:30,1009.7,1,1000.7,7006530,391069.0,433164.0,986.2,1012.2,981.3,986.2,120450000,1084.8,887.6,1102.5,649.1,1009.6,30,1,1009.5,16,1,1009.3,402,5,1009.2,1136,15,1009.1,1700,19,1009.7,123,2,1009.8,254,4,1009.9,655,11,1010.0,4732,79,1010.1,854,10
317,2025-11-26 13:21:15+05:30,1009.7,1,1000.7,7006643,390184.0,432975.0,986.2,1012.2,981.3,986.2,120450000,1084.8,887.6,1102.5,649.1,1009.5,16,1,1009.3,395,4,1009.2,1108,14,1009.1,1754,22,1009.0,4240,19,1009.7,88,2,1009.8,258,5,1009.9,524,10,1010.0,4699,77,1010.1,854,10
317,2025-11-26 13:21:15+05:30,1009.7,1,1000.7,7006643,390184.0,432975.0,986.2,1012.2,981.3,986.2,120450000,1084.8,887.6,1102.5,649.1,1009.5,16,1,1009.3,395,4,1009.2,1108,14,1009.1,1754,22,1009.0,4240,19,1009.7,88,2,1009.8,258,5,1009.9,524,10,1010.0,4699,77,1010.1,854,10
317,2025-11-26 13:21:16+05:30,1009.7,1,1000.7,7006652,390109.0,432937.0,986.2,1012.2,981.3,986.2,120450000,1084.8,887.6,1102.5,649.1,1009.5,14,1,1009.3,193,3,1009.2,1116,15,1009.1,1754,22,1009.0,4240,19,1009.7,81,2,1009.8,314,6,1009.9,723,13,1010.0,4699,77,1010.1,854,10
317,2025-11-26 13:21:16+05:30,1009.5,156,1000.7,7006652,390109.0,432937.0,986.2,1012.2,981.3,986.2,120450000,1084.8,887.6,1102.5,649.1,1009.5,14,1,1009.3,193,3,1009.2,1116,15,1009.1,1754,22,1009.0,4240,19,1009.7,81,2,1009.8,314,6,1009.9,723,13,1010.0,4699,77,1010.1,854,10
317,2025-11-26 13:21:17+05:30,1009.5,156,1000.7,7006809,392263.0,434413.0,986.2,1012.2,981.3,986.2,120450000,1084.8,887.6,1102.5,649.1,1009.3,543,7,1009.2,783,11,1009.1,1440,18,1009.0,4283,20,1008.9,3854,14,1009.5,78,1,1009.7,3,1,1009.8,325,5,1009.9,997,9,1010.0,4737,78
317,2025-11-26 13:21:18+05:30,1009.5,156,1000.7,7006809,392476.0,434591.0,986.2,1012.2,981.3,986.2,120450000,1084.8,887.6,1102.5,649.1,1009.3,505,6,1009.2,784,11,1009.1,1361,16,1009.0,4305,21,1008.9,3966,15,1009.5,82,2,1009.6,74,1,1009.7,3,1,1009.8,325,5,1009.9,1052,10
317,2025-11-26 13:21:19+05:30,1009.5,1,1000.7,7006810,392462.0,434598.0,986.2,1012.2,981.3,986.2,120450000,1084.8,887.6,1102.5,649.1,1009.3,518,7,1009.2,784,11,1009.1,1361,16,1009.0,4305,21,1008.9,3966,15,1009.5,111,3,1009.6,74,1,1009.7,3,1,1009.8,325,5,1009.9,1052,10
317,2025-11-26 13:21:19+05:30,1009.5,1,1000.7,7006810,392462.0,434598.0,986.2,1012.2,981.3,986.2,120450000,1084.8,887.6,1102.5,649.1,1009.3,518,7,1009.2,784,11,1009.1,1361,16,1009.0,4305,21,1008.9,3966,15,1009.5,111,3,1009.6,74,1,1009.7,3,1,1009.8,325,5,1009.9,1052,10
317,2025-11-26 13:21:20+05:30,1009.5,1,1000.7,7006810,392571.0,434488.0,986.2,1012.2,981.3,986.2,120450000,1084.8,887.6,1102.5,649.1,1009.3,556,8,1009.2,754,11,1009.1,1361,16,1009.0,4305,21,1008.9,3966,15,1009.5,111,3,1009.6,74,1,1009.7,3,1,1009.8,325,5,1009.9,1107,11
317,2025-11-26 13:21:20+05:30,1009.5,2,1000.7,7006810,392571.0,434488.0,986.2,1012.2,981.3,986.2,120450000,1084.8,887.6,1102.5,649.1,1009.3,556,8,1009.2,754,11,1009.1,1361,16,1009.0,4305,21,1008.9,3966,15,1009.5,111,3,1009.6,74,1,1009.7,3,1,1009.8,325,5,1009.9,1107,11
317,2025-11-26 13:21:21+05:30,1009.5,1,1000.7,7006813,392663.0,434516.0,986.2,1012.2,981.3,986.2,120450000,1084.8,887.6,1102.5,649.1,1009.3,518,7,1009.2,780,11,1009.1,1389,17,1009.0,4305,21,1008.9,3966,15,1009.5,111,4,1009.6,74,1,1009.7,3,1,1009.8,325,5,1009.9,1107,11
317,2025-11-26 13:21:21+05:30,1009.3,21,1000.7,7006813,392663.0,434516.0,986.2,1012.2,981.3,986.2,120450000,1084.8,887.6,1102.5,649.1,1009.3,518,7,1009.2,780,11,1009.1,1389,17,1009.0,4305,21,1008.9,3966,15,1009.5,111,4,1009.6,74,1,1009.7,3,1,1009.8,325,5,1009.9,1107,11
317,2025-11-26 13:21:22+05:30,1009.3,21,1000.7,7007352,393567.0,435389.0,986.2,1012.2,981.3,986.2,120450000,1084.8,887.6,1102.5,649.1,1009.3,332,4,1009.2,791,12,1009.1,1361,16,1009.0,4305,21,1008.9,3966,15,1009.4,8,1,1009.5,37,3,1009.6,74,1,1009.7,243,3,1009.8,326,6
317,2025-11-26 13:21:23+05:30,1009.4,49,1000.7,7007432,393804.0,434834.0,986.2,1012.2,981.3,986.2,120450000,1084.8,887.6,1102.5,649.1,1009.3,470,6,1009.2,757,11,1009.1,1575,17,1009.0,5046,22,1008.9,3854,14,1009.5,37,3,1009.7,41,2,1009.8,326,6,1009.9,991,8,1010.0,4544,72
317,2025-11-26 13:21:23+05:30,1009.5,1,1000.7,7007432,393804.0,434834.0,986.2,1012.2,981.3,986.2,120450000,1084.8,887.6,1102.5,649.1,1009.3,470,6,1009.2,757,11,1009.1,1575,17,1009.0,5046,22,1008.9,3854,14,1009.5,37,3,1009.7,41,2,1009.8,326,6,1009.9,991,8,1010.0,4544,72
317,2025-11-26 13:21:24+05:30,1009.5,1,1000.7,7007433,393539.0,434838.0,986.2,1012.2,981.3,986.2,120450000,1084.8,887.6,1102.5,649.1,1009.3,436,5,1009.2,787,12,1009.1,1588,18,1009.0,4296,21,1008.9,3854,14,1009.5,36,3,1009.7,41,2,1009.8,326,6,1009.9,997,9,1010.0,4599,73
317,2025-11-26 13:21:25+05:30,1009.7,11,1000.7,7007519,391627.0,433486.0,986.2,1012.2,981.3,986.2,120450000,1084.8,887.6,1102.5,649.1,1009.3,334,5,1009.2,887,12,1009.1,1370,17,1009.0,4296,21,1008.9,3854,14,1009.7,19,1,1009.8,218,6,1009.9,830,7,1010.0,4637,74,1010.1,901,9
317,2025-11-26 13:21:25+05:30,1009.7,11,1000.7,7007519,391627.0,433486.0,986.2,1012.2,981.3,986.2,120450000,1084.8,887.6,1102.5,649.1,1009.3,334,5,1009.2,887,12,1009.1,1370,17,1009.0,4296,21,1008.9,3854,14,1009.7,19,1,1009.8,218,6,1009.9,830,7,1010.0,4637,74,1010.1,901,9
317,2025-11-26 13:21:26+05:30,1009.8,105,1000.7,7007786,390052.0,432735.0,986.2,1012.2,981.3,986.2,120450000,1084.8,887.6,1102.5,649.1,1009.3,450,7,1009.2,876,11,1009.1,1350,15,1009.0,3569,21,1008.9,3864,15,1009.8,108,4,1009.9,717,5,1010.0,4522,77,1010.1,901,9,1010.2,730,11
317,2025-11-26 13:21:26+05:30,1009.8,105,1000.7,7007786,390052.0,432735.0,986.2,1012.2,981.3,986.2,120450000,1084.8,887.6,1102.5,649.1,1009.3,450,7,1009.2,876,11,1009.1,1350,15,1009.0,3569,21,1008.9,3864,15,1009.8,108,4,1009.9,717,5,1010.0,4522,77,1010.1,901,9,1010.2,730,11
317,2025-11-26 13:21:27+05:30,1009.3,4,1000.7,7007807,391559.0,432774.0,986.2,1012.2,981.3,986.2,120450000,1084.8,887.6,1102.5,649.1,1009.3,355,6,1009.2,876,11,1009.1,1350,15,1009.0,4319,22,1008.9,3976,16,1009.7,2,1,1009.8,149,5,1009.9,829,6,1010.0,4518,76,1010.1,921,11
317,2025-11-26 13:21:27+05:30,1009.3,4,1000.7,7007807,391559.0,432774.0,986.2,1012.2,981.3,986.2,120450000,1084.8,887.6,1102.5,649.1,1009.3,355,6,1009.2,876,11,1009.1,1350,15,1009.0,4319,22,1008.9,3976,16,1009.7,2,1,1009.8,149,5,1009.9,829,6,1010.0,4518,76,1010.1,921,11
317,2025-11-26 13:21:28+05:30,1009.3,4,1000.7,7007807,391558.0,433774.0,986.2,1012.2,981.3,986.2,120450000,1084.8,887.6,1102.5,649.1,1009.3,355,6,1009.2,876,11,1009.1,1358,16,1009.0,4319,22,1008.9,3976,16,1009.7,2,1,1009.8,170,6,1009.9,1829,7,1010.0,4518,76,1010.1,921,11
317,2025-11-26 13:21:29+05:30,1009.3,4,1000.7,7007811,391594.0,434045.0,986.2,1012.2,981.3,986.2,120450000,1084.8,887.6,1102.5,649.1,1009.3,390,8,1009.2,841,9,1009.1,1356,15,1009.0,4348,24,1008.9,3976,16,1009.7,2,1,1009.8,153,6,1009.9,1829,7,1010.0,4587,77,1010.1,911,10
317,2025-11-26 13:21:29+05:30,1009.3,4,1000.7,7007811,391594.0,434045.0,986.2,1012.2,981.3,986.2,120450000,1084.8,887.6,1102.5,649.1,1009.3,390,8,1009.2,841,9,1009.1,1356,15,1009.0,4348,24,1008.9,3976,16,1009.7,2,1,1009.8,153,6,1009.9,1829,7,1010.0,4587,77,1010.1,911,10
317,2025-11-26 13:21:30+05:30,1009.7,1,1000.7,7007921,390956.0,433839.0,986.2,1012.2,981.3,986.2,120450000,1084.8,887.6,1102.5,649.1,1009.7,73,3,1009.6,23,1,1009.5,23,1,1009.4,202,1,1009.3,660,9,1009.8,213,5,1009.9,1339,6,1010.0,4675,76,1010.1,881,11,1010.2,665,10
317,2025-11-26 13:21:30+05:30,1009.7,1,1000.7,7007921,390956.0,433839.0,986.2,1012.2,981.3,986.2,120450000,1084.8,887.6,1102.5,649.1,1009.7,73,3,1009.6,23,1,1009.5,23,1,1009.4,202,1,1009.3,660,9,1009.8,213,5,1009.9,1339,6,1010.0,4675,76,1010.1,881,11,1010.2,665,10
317,2025-11-26 13:21:31+05:30,1009.8,1,1000.7,7007922,390956.0,433849.0,986.2,1012.2,981.3,986.2,120450000,1084.8,887.6,1102.5,649.1,1009.7,73,3,1009.6,23,1,1009.5,23,1,1009.4,202,1,1009.3,660,9,1009.8,212,5,1009.9,1339,6,1010.0,4675,76,1010.1,881,11,1010.2,665,10
317,2025-11-26 13:21:32+05:30,1009.7,23,1000.7,7008019,391829.0,433540.0,986.2,1012.2,981.3,986.2,120450000,1084.8,887.6,1102.5,649.1,1009.6,23,1,1009.5,23,1,1009.4,202,1,1009.3,734,10,1009.2,601,7,1009.7,23,1,1009.8,212,5,1009.9,1338,5,1010.0,4692,78,1010.1,869,11
317,2025-11-26 13:21:32+05:30,1009.7,23,1000.7,7008019,391829.0,433540.0,986.2,1012.2,981.3,986.2,120450000,1084.8,887.6,1102.5,649.1,1009.6,23,1,1009.5,23,1,1009.4,202,1,1009.3,734,10,1009.2,601,7,1009.7,23,1,1009.8,212,5,1009.9,1338,5,1010.0,4692,78,1010.1,869,11
317,2025-11-26 13:21:33+05:30,1009.7,86,1000.7,7008144,390645.0,433508.0,986.2,1012.2,981.3,986.2,120450000,1084.8,887.6,1102.5,649.1,1009.6,23,1,1009.5,23,1,1009.4,321,3,1009.3,734,10,1009.2,814,10,1009.8,59,5,1009.9,1338,5,1010.0,4534,76,1010.1,606,10,1010.2,963,11
317,2025-11-26 13:21:33+05:30,1009.7,86,1000.7,7008144,390645.0,433508.0,986.2,1012.2,981.3,986.2,120450000,1084.8,887.6,1102.5,649.1,1009.6,23,1,1009.5,23,1,1009.4,321,3,1009.3,734,10,1009.2,814,10,1009.8,59,5,1009.9,1338,5,1010.0,4534,76,1010.1,606,10,1010.2,963,11
317,2025-11-26 13:21:34+05:30,1009.7,50,1000.71,7008195,391319.0,433434.0,986.2,1012.2,981.3,986.2,120450000,1084.8,887.6,1102.5,649.1,1009.7,61,1,1009.6,23,1,1009.5,23,1,1009.4,202,1,1009.3,734,10,1009.8,59,5,1009.9,1338,5,1010.0,4443,72,1010.1,908,13,1010.2,671,11
317,2025-11-26 13:21:34+05:30,1009.7,50,1000.71,7008195,391319.0,433434.0,986.2,1012.2,981.3,986.2,120450000,1084.8,887.6,1102.5,649.1,1009.7,61,1,1009.6,23,1,1009.5,23,1,1009.4,202,1,1009.3,734,10,1009.8,59,5,1009.9,1338,5,1010.0,4443,72,1010.1,908,13,1010.2,671,11
317,2025-11-26 13:21:35+05:30,1009.4,15,1000.71,7008319,390351.0,433636.0,986.2,1012.2,981.3,986.2,120450000,1084.8,887.6,1102.5,649.1,1009.7,15,2,1009.4,119,1,1009.3,578,9,1009.2,1060,10,1009.1,1587,19,1009.8,147,6,1009.9,1239,5,1010.0,4318,75,1010.1,1024,16,1010.2,740,12
317,2025-11-26 13:21:35+05:30,1009.4,15,1000.71,7008319,390351.0,433636.0,986.2,1012.2,981.3,986.2,120450000,1084.8,887.6,1102.5,649.1,1009.7,15,2,1009.4,119,1,1009.3,578,9,1009.2,1060,10,1009.1,1587,19,1009.8,147,6,1009.9,1239,5,1010.0,4318,75,1010.1,1024,16,1010.2,740,12
317,2025-11-26 13:21:36+05:30,1009.4,1,1000.71,7008403,390347.0,434094.0,986.2,1012.2,981.3,986.2,120450000,1084.8,887.6,1102.5,649.1,1009.4,53,1,1009.3,297,7,1009.2,1096,10,1009.1,1618,19,1009.0,3732,24,1009.8,346,7,1009.9,1280,6,1010.0,4439,75,1010.1,1041,17,1010.2,750,13
317,2025-11-26 13:21:36+05:30,1009.4,1,1000.71,7008403,390347.0,434094.0,986.2,1012.2,981.3,986.2,120450000,1084.8,887.6,1102.5,649.1,1009.4,53,1,1009.3,297,7,1009.2,1096,10,1009.1,1618,19,1009.0,3732,24,1009.8,346,7,1009.9,1280,6,1010.0,4439,75,1010.1,1041,17,1010.2,750,13
317,2025-11-26 13:21:37+05:30,1009.8,1,1000.71,7011700,390491.0,434130.0,986.2,1012.2,981.3,986.2,120450000,1084.8,887.6,1102.5,649.1,1009.3,111,2,1009.2,933,7,1009.1,1623,15,1009.0,4358,23,1008.9,3061,11,1009.7,350,1,1009.8,161,7,1009.9,1604,11,1010.0,4465,76,1010.1,975,16
317,2025-11-26 13:21:37+05:30,1009.8,1,1000.71,7011700,390491.0,434130.0,986.2,1012.2,981.3,986.2,120450000,1084.8,887.6,1102.5,649.1,1009.3,111,2,1009.2,933,7,1009.1,1623,15,1009.0,4358,23,1008.9,3061,11,1009.7,350,1,1009.8,161,7,1009.9,1604,11,1010.0,4465,76,1010.1,975,16
317,2025-11-26 13:21:38+05:30,1009.7,1,1000.71,7011701,390573.0,433949.0,986.2,1012.2,981.3,986.2,120450000,1084.8,887.6,1102.5,649.1,1009.3,196,3,1009.2,1002,9,1009.1,1729,16,1009.0,4414,24,1008.9,3101,12,1009.7,349,1,1009.8,161,7,1009.9,1563,10,1010.0,4506,77,1010.1,975,16
317,2025-11-26 13:21:38+05:30,1009.7,1,1000.71,7011701,390573.0,433949.0,986.2,1012.2,981.3,986.2,120450000,1084.8,887.6,1102.5,649.1,1009.3,196,3,1009.2,1002,9,1009.1,1729,16,1009.0,4414,24,1008.9,3101,12,1009.7,349,1,1009.8,161,7,1009.9,1563,10,1010.0,4506,77,1010.1,975,16
317,2025-11-26 13:21:39+05:30,1009.2,327,1000.71,7012201,391470.0,435746.0,986.2,1012.2,981.3,986.2,120450000,1084.8,887.6,1102.5,649.1,1009.2,390,4,1009.1,1343,15,1009.0,4431,25,1008.9,3213,13,1008.8,1849,12,1009.6,346,3,1009.7,360,3,1009.8,1121,13,1009.9,1738,11,1010.0,4896,81
317,2025-11-26 13:21:39+05:30,1009.2,327,1000.71,7012201,391470.0,435746.0,986.2,1012.2,981.3,986.2,120450000,1084.8,887.6,1102.5,649.1,1009.2,390,4,1009.1,1343,15,1009.0,4431,25,1008.9,3213,13,1008.8,1849,12,1009.6,346,3,1009.7,360,3,1009.8,1121,13,1009.9,1738,11,1010.0,4896,81
317,2025-11-26 13:21:40+05:30,1009.6,16,1000.71,7012218,391768.0,435353.0,986.2,1012.2,981.3,986.2,120450000,1084.8,887.6,1102.5,649.1,1009.2,393,6,1009.1,1391,16,1009.0,4344,23,1008.9,3213,13,1008.8,1849,12,1009.6,329,3,1009.7,350,2,1009.8,1001,10,1009.9,1715,10,1010.0,4868,80
317,2025-11-26 13:21:40+05:30,1009.6,16,1000.71,7012218,391768.0,435353.0,986.2,1012.2,981.3,986.2,120450000,1084.8,887.6,1102.5,649.1,1009.2,393,6,1009.1,1391,16,1009.0,4344,23,1008.9,3213,13,1008.8,1849,12,1009.6,329,3,1009.7,350,2,1009.8,1001,10,1009.9,1715,10,1010.0,4868,80
317,2025-11-26 13:21:41+05:30,1009.6,1,1000.71,7012222,392588.0,437140.0,986.2,1012.2,981.3,986.2,120450000,1084.8,887.6,1102.5,649.1,1009.2,545,6,1009.1,1285,15,1009.0,4344,23,1008.9,3213,13,1008.8,1849,12,1009.4,87,1,1009.6,326,3,1009.7,466,4,1009.8,984,10,1009.9,1756,11
317,2025-11-26 13:21:41+05:30,1009.6,1,1000.71,7012222,392588.0,437140.0,986.2,1012.2,981.3,986.2,120450000,1084.8,887.6,1102.5,649.1,1009.2,545,6,1009.1,1285,15,1009.0,4344,23,1008.9,3213,13,1008.8,1849,12,1009.4,87,1,1009.6,326,3,1009.7,466,4,1009.8,984,10,1009.9,1756,11
317,2025-11-26 13:21:42+05:30,1009.4,110,1000.71,7012333,393211.0,437459.0,986.2,1012.2,981.3,986.2,120450000,1084.8,887.6,1102.5,649.1,1009.2,504,5,1009.1,1046,13,1009.0,5136,25,1008.9,3148,12,1008.8,1876,13,1009.4,87,1,1009.6,326,3,1009.7,466,4,1009.8,1048,12,1009.9,1756,11
317,2025-11-26 13:21:42+05:30,1009.4,110,1000.71,7012333,393211.0,437459.0,986.2,1012.2,981.3,986.2,120450000,1084.8,887.6,1102.5,649.1,1009.2,504,5,1009.1,1046,13,1009.0,5136,25,1008.9,3148,12,1008.8,1876,13,1009.4,87,1,1009.6,326,3,1009.7,466,4,1009.8,1048,12,1009.9,1756,11
317,2025-11-26 13:21:43+05:30,1009.4,23,1000.71,7012365,393212.0,437251.0,986.2,1012.2,981.3,986.2,120450000,1084.8,887.6,1102.5,649.1,1009.2,545,6,1009.1,1046,13,1009.0,5095,24,1008.9,3148,12,1008.8,1876,13,1009.4,55,1,1009.6,380,4,1009.7,521,5,1009.8,1048,12,1009.9,1769,12
317,2025-11-26 13:21:43+05:30,1009.2,78,1000.71,7012365,393212.0,437251.0,986.2,1012.2,981.3,986.2,120450000,1084.8,887.6,1102.5,649.1,1009.2,545,6,1009.1,1046,13,1009.0,5095,24,1008.9,3148,12,1008.8,1876,13,1009.4,55,1,1009.6,380,4,1009.7,521,5,1009.8,1048,12,1009.9,1769,12
317,2025-11-26 13:21:44+05:30,1009.2,8,1000.71,7012567,392878.0,437453.0,986.2,1012.2,981.3,986.2,120450000,1084.8,887.6,1102.5,649.1,1009.2,359,5,1009.1,1046,13,1009.0,5009,23,1008.9,3148,12,1008.8,1988,14,1009.4,53,1,1009.5,4,1,1009.6,380,4,1009.7,636,7,1009.8,1038,11
317,2025-11-26 13:21:44+05:30,1009.2,8,1000.71,7012567,392878.0,437453.0,986.2,1012.2,981.3,986.2,120450000,1084.8,887.6,1102.5,649.1,1009.2,359,5,1009.1,1046,13,1009.0,5009,23,1008.9,3148,12,1008.8,1988,14,1009.4,53,1,1009.5,4,1,1009.6,380,4,1009.7,636,7,1009.8,1038,11
317,2025-11-26 13:21:45+05:30,1009.4,3,1000.71,7012570,392894.0,437546.0,986.2,1012.2,981.3,986.2,120450000,1084.8,887.6,1102.5,649.1,1009.2,278,5,1009.1,1046,13,1009.0,5093,24,1008.9,3148,12,1008.8,1988,14,1009.4,50,1,1009.5,4,1,1009.6,380,4,1009.7,636,7,1009.8,1038,11
317,2025-11-26 13:21:45+05:30,1009.4,3,1000.71,7012570,392894.0,437546.0,986.2,1012.2,981.3,986.2,120450000,1084.8,887.6,1102.5,649.1,1009.2,278,5,1009.1,1046,13,1009.0,5093,24,1008.9,3148,12,1008.8,1988,14,1009.4,50,1,1009.5,4,1,1009.6,380,4,1009.7,636,7,1009.8,1038,11
317,2025-11-26 13:21:46+05:30,1009.4,1,1000.71,7012571,392892.0,437298.0,986.2,1012.2,981.3,986.2,120450000,1084.8,887.6,1102.5,649.1,1009.2,278,5,1009.1,1054,14,1009.0,5093,24,1008.9,3148,12,1008.8,1988,14,1009.4,49,1,1009.5,4,1,1009.6,380,4,1009.7,636,7,1009.8,1048,12
317,2025-11-26 13:21:46+05:30,1009.6,27,1000.71,7012571,392892.0,437298.0,986.2,1012.2,981.3,986.2,120450000,1084.8,887.6,1102.5,649.1,1009.2,278,5,1009.1,1054,14,1009.0,5093,24,1008.9,3148,12,1008.8,1988,14,1009.4,49,1,1009.5,4,1,1009.6,380,4,1009.7,636,7,1009.8,1048,12
317,2025-11-26 13:21:47+05:30,1009.6,27,1000.71,7013314,391524.0,434253.0,986.2,1012.2,981.3,986.2,120450000,1084.8,887.6,1102.5,649.1,1009.2,230,5,1009.1,1766,19,1009.0,4207,22,1008.9,3226,14,1008.8,935,14,1009.6,251,2,1009.7,353,3,1009.8,868,9,1009.9,1686,12,1010.0,5279,79
317,2025-11-26 13:21:48+05:30,1009.6,27,1000.71,7013314,391495.0,434043.0,986.2,1012.2,981.3,986.2,120450000,1084.8,887.6,1102.5,649.1,1009.2,230,5,1009.1,1766,19,1009.0,4207,22,1008.9,3226,14,1008.8,935,14,1009.6,251,2,1009.7,353,3,1009.8,839,7,1009.9,1683,12,1010.0,5351,82
317,2025-11-26 13:21:49+05:30,1009.7,153,1000.71,7013914,390244.0,433425.0,986.2,1012.2,981.3,986.2,120450000,1084.8,887.6,1102.5,649.1,1009.2,262,4,1009.1,1498,15,1009.0,4254,23,1008.9,3270,17,1008.8,1243,15,1009.7,320,5,1009.8,1068,11,1009.9,1654,10,1010.0,4992,81,1010.1,635,10
317,2025-11-26 13:21:49+05:30,1009.7,153,1000.71,7013914,390244.0,433425.0,986.2,1012.2,981.3,986.2,120450000,1084.8,887.6,1102.5,649.1,1009.2,262,4,1009.1,1498,15,1009.0,4254,23,1008.9,3270,17,1008.8,1243,15,1009.7,320,5,1009.8,1068,11,1009.9,1654,10,1010.0,4992,81,1010.1,635,10
317,2025-11-26 13:21:50+05:30,1009.7,1,1000.71,7013916,390253.0,433423.0,986.2,1012.2,981.3,986.2,120450000,1084.8,887.6,1102.5,649.1,1009.2,271,4,1009.1,1498,15,1009.0,4254,23,1008.9,3270,17,1008.8,1243,15,1009.7,318,5,1009.8,1068,11,1009.9,1660,11,1010.0,4992,81,1010.1,635,10
317,2025-11-26 13:21:50+05:30,1009.7,1,1000.71,7013916,390253.0,433423.0,986.2,1012.2,981.3,986.2,120450000,1084.8,887.6,1102.5,649.1,1009.2,271,4,1009.1,1498,15,1009.0,4254,23,1008.9,3270,17,1008.8,1243,15,1009.7,318,5,1009.8,1068,11,1009.9,1660,11,1010.0,4992,81,1010.1,635,10
317,2025-11-26 13:21:51+05:30,1009.2,8,1000.71,7013930,393158.0,434525.0,986.2,1012.2,981.3,986.2,120450000,1084.8,887.6,1102.5,649.1,1009.2,601,6,1009.1,1275,14,1009.0,4284,24,1008.9,3205,16,1008.8,1854,14,1009.4,34,1,1009.7,447,6,1009.8,967,8,1009.9,1715,12,1010.0,5061,82
317,2025-11-26 13:21:51+05:30,1009.2,8,1000.71,7013930,393158.0,434525.0,986.2,1012.2,981.3,986.2,120450000,1084.8,887.6,1102.5,649.1,1009.2,601,6,1009.1,1275,14,1009.0,4284,24,1008.9,3205,16,1008.8,1854,14,1009.4,34,1,1009.7,447,6,1009.8,967,8,1009.9,1715,12,1010.0,5061,82
317,2025-11-26 13:21:52+05:30,1009.3,23,1000.71,7013962,394005.0,435510.0,986.2,1012.2,981.3,986.2,120450000,1084.8,887.6,1102.5,649.1,1009.1,1431,14,1009.0,4945,24,1008.9,3205,16,1008.8,1525,12,1008.7,1942,13,1009.3,153,1,1009.4,34,1,1009.5,1,1,1009.7,558,6,1009.8,1032,10
317,2025-11-26 13:21:53+05:30,1009.1,23,1000.71,7013962,394005.0,435510.0,986.2,1012.2,981.3,986.2,120450000,1084.8,887.6,1102.5,649.1,1009.1,1431,14,1009.0,4945,24,1008.9,3205,16,1008.8,1525,12,1008.7,1942,13,1009.3,153,1,1009.4,34,1,1009.5,1,1,1009.7,558,6,1009.8,1032,10
317,2025-11-26 13:21:53+05:30,1009.1,23,1000.71,7014097,393853.0,435517.0,986.2,1012.2,981.3,986.2,120450000,1084.8,887.6,1102.5,649.1,1009.1,1223,12,1009.0,4861,23,1008.9,3234,17,1008.8,1525,12,1008.7,1969,14,1009.3,153,1,1009.4,34,1,1009.5,1,1,1009.7,558,6,1009.8,1032,10
317,2025-11-26 13:21:54+05:30,1009.1,23,1000.71,7014097,393657.0,435911.0,986.2,1012.2,981.3,986.2,120450000,1084.8,887.6,1102.5,649.1,1009.2,112,1,1009.1,1082,11,1009.0,4790,22,1008.9,3234,17,1008.8,889,12,1009.3,153,1,1009.4,34,1,1009.5,5,2,1009.6,111,1,1009.7,558,6
317,2025-11-26 13:21:55+05:30,1009.4,12,1000.71,7014527,392833.0,435609.0,986.2,1012.2,981.3,986.2,120450000,1084.8,887.6,1102.5,649.1,1009.2,112,1,1009.1,1082,11,1009.0,5017,25,1008.9,3205,16,1008.8,889,12,1009.4,7,1,1009.5,5,2,1009.7,558,6,1009.8,1046,9,1009.9,1715,12
317,2025-11-26 13:21:55+05:30,1009.4,12,1000.71,7014527,392833.0,435609.0,986.2,1012.2,981.3,986.2,120450000,1084.8,887.6,1102.5,649.1,1009.2,112,1,1009.1,1082,11,1009.0,5017,25,1008.9,3205,16,1008.8,889,12,1009.4,7,1,1009.5,5,2,1009.7,558,6,1009.8,1046,9,1009.9,1715,12
317,2025-11-26 13:21:56+05:30,1009.2,63,1000.71,7014593,392857.0,434865.0,986.2,1012.2,981.3,986.2,120450000,1084.8,887.6,1102.5,649.1,1009.2,430,6,1009.1,1354,13,1009.0,4961,24,1008.9,3205,16,1008.8,1463,12,1009.5,1,1,1009.7,500,5,1009.8,1022,9,1009.9,1709,11,1010.0,5403,84
317,2025-11-26 13:21:56+05:30,1009.2,63,1000.71,7014593,392857.0,434865.0,986.2,1012.2,981.3,986.2,120450000,1084.8,887.6,1102.5,649.1,1009.2,430,6,1009.1,1354,13,1009.0,4961,24,1008.9,3205,16,1008.8,1463,12,1009.5,1,1,1009.7,500,5,1009.8,1022,9,1009.9,1709,11,1010.0,5403,84
317,2025-11-26 13:21:57+05:30,1009.7,4,1000.71,7014598,392428.0,433635.0,986.2,1012.2,981.3,986.2,120450000,1084.8,887.6,1102.5,649.1,1009.2,404,6,1009.1,1305,13,1009.0,4133,23,1008.9,3270,17,1008.8,1854,15,1009.6,87,1,1009.7,270,3,1009.8,967,8,1009.9,1653,10,1010.0,4859,84
317,2025-11-26 13:21:57+05:30,1009.6,48,1000.71,7014598,392428.0,433635.0,986.2,1012.2,981.3,986.2,120450000,1084.8,887.6,1102.5,649.1,1009.2,404,6,1009.1,1305,13,1009.0,4133,23,1008.9,3270,17,1008.8,1854,15,1009.6,87,1,1009.7,270,3,1009.8,967,8,1009.9,1653,10,1010.0,4859,84
317,2025-11-26 13:21:58+05:30,1009.6,48,1000.71,7014646,392854.0,435417.0,986.2,1012.2,981.3,986.2,120450000,1084.8,887.6,1102.5,649.1,1009.2,198,4,1009.1,1033,9,1009.0,4188,24,1008.9,3270,17,1008.8,1817,13,1009.4,122,1,1009.6,40,2,1009.7,491,5,1009.8,1033,10,1009.9,1653,10
317,2025-11-26 13:21:59+05:30,1009.4,1,1000.71,7014648,393634.0,435443.0,986.2,1012.2,981.3,986.2,120450000,1084.8,887.6,1102.5,649.1,1009.2,85,3,1009.1,1033,9,1009.0,4969,26,1008.9,3270,17,1008.8,1929,14,1009.4,121,1,1009.6,40,2,1009.7,491,5,1009.8,1033,10,1009.9,1653,10
317,2025-11-26 13:21:59+05:30,1009.4,1,1000.71,7014648,393634.0,435443.0,986.2,1012.2,981.3,986.2,120450000,1084.8,887.6,1102.5,649.1,1009.2,85,3,1009.1,1033,9,1009.0,4969,26,1008.9,3270,17,1008.8,1929,14,1009.4,121,1,1009.6,40,2,1009.7,491,5,1009.8,1033,10,1009.9,1653,10
317,2025-11-26 13:22:00+05:30,1009.2,1,1000.71,7014658,393626.0,435568.0,986.2,1012.2,981.3,986.2,120450000,1084.8,887.6,1102.5,649.1,1009.2,76,3,1009.1,1034,10,1009.0,4969,26,1008.9,3270,17,1008.8,1929,14,1009.4,120,1,1009.6,85,3,1009.7,491,5,1009.8,1046,11,1009.9,1667,10
317,2025-11-26 13:22:00+05:30,1009.2,1,1000.71,7014658,393626.0,435568.0,986.2,1012.2,981.3,986.2,120450000,1084.8,887.6,1102.5,649.1,1009.2,76,3,1009.1,1034,10,1009.0,4969,26,1008.9,3270,17,1008.8,1929,14,1009.4,120,1,1009.6,85,3,1009.7,491,5,1009.8,1046,11,1009.9,1667,10
317,2025-11-26 13:22:01+05:30,1009.4,119,1000.71,7014778,392692.0,434699.0,986.2,1012.2,981.3,986.2,120450000,1084.8,887.6,1102.5,649.1,1009.4,39,1,1009.2,292,6,1009.1,1275,13,1009.0,4204,24,1008.9,3279,18,1009.6,85,3,1009.7,382,4,1009.8,936,9,1009.9,1640,9,1010.0,5082,83
317,2025-11-26 13:22:01+05:30,1009.4,39,1000.71,7014778,392692.0,434699.0,986.2,1012.2,981.3,986.2,120450000,1084.8,887.6,1102.5,649.1,1009.4,39,1,1009.2,292,6,1009.1,1275,13,1009.0,4204,24,1008.9,3279,18,1009.6,85,3,1009.7,382,4,1009.8,936,9,1009.9,1640,9,1010.0,5082,83
317,2025-11-26 13:22:02+05:30,1009.4,10,1000.71,7014827,393437.0,435222.0,986.2,1012.2,981.3,986.2,120450000,1084.8,887.6,1102.5,649.1,1009.2,99,3,1009.1,1122,11,1009.0,4155,22,1008.9,3270,17,1008.8,1974,14,1009.4,8,1,1009.6,85,3,1009.7,382,4,1009.8,985,10,1009.9,1737,12
317,2025-11-26 13:22:02+05:30,1009.4,10,1000.71,7014827,393437.0,435222.0,986.2,1012.2,981.3,986.2,120450000,1084.8,887.6,1102.5,649.1,1009.2,99,3,1009.1,1122,11,1009.0,4155,22,1008.9,3270,17,1008.8,1974,14,1009.4,8,1,1009.6,85,3,1009.7,382,4,1009.8,985,10,1009.9,1737,12
317,2025-11-26 13:22:03+05:30,1009.3,100,1000.71,7014958,394753.0,436140.0,986.2,1012.2,981.3,986.2,120450000,1084.8,887.6,1102.5,649.1,1009.2,37,2,1009.1,1184,12,1009.0,4876,22,1008.9,3270,17,1008.8,1639,13,1009.3,22,1,1009.4,18,1,1009.6,85,3,1009.7,413,4,1009.8,906,9
317,2025-11-26 13:22:03+05:30,1009.3,100,1000.71,7014958,394753.0,436140.0,986.2,1012.2,981.3,986.2,120450000,1084.8,887.6,1102.5,649.1,1009.2,37,2,1009.1,1184,12,1009.0,4876,22,1008.9,3270,17,1008.8,1639,13,1009.3,22,1,1009.4,18,1,1009.6,85,3,1009.7,413,4,1009.8,906,9
317,2025-11-26 13:22:04+05:30,1009.3,1,1000.71,7014959,394779.0,436147.0,986.2,1012.2,981.3,986.2,120450000,1084.8,887.6,1102.5,649.1,1009.2,37,2,1009.1,1184,12,1009.0,4876,22,1008.9,3297,18,1008.8,1639,13,1009.3,21,1,1009.4,18,1,1009.6,93,4,1009.7,413,4,1009.8,906,9
317,2025-11-26 13:22:04+05:30,1009.3,1,1000.71,7014959,394779.0,436147.0,986.2,1012.2,981.3,986.2,120450000,1084.8,887.6,1102.5,649.1,1009.2,37,2,1009.1,1184,12,1009.0,4876,22,1008.9,3297,18,1008.8,1639,13,1009.3,21,1,1009.4,18,1,1009.6,93,4,1009.7,413,4,1009.8,906,9
317,2025-11-26 13:22:05+05:30,1009.3,2,1000.71,7014961,392531.0,436175.0,986.2,1012.2,981.3,986.2,120450000,1084.8,887.6,1102.5,649.1,1009.2,37,2,1009.1,1184,12,1009.0,4876,22,1008.9,3297,18,1008.8,1639,13,1009.3,19,1,1009.4,18,1,1009.6,93,4,1009.7,413,4,1009.8,906,9
317,2025-11-26 13:22:05+05:30,1009.3,2,1000.71,7014961,392531.0,436175.0,986.2,1012.2,981.3,986.2,120450000,1084.8,887.6,1102.5,649.1,1009.2,37,2,1009.1,1184,12,1009.0,4876,22,1008.9,3297,18,1008.8,1639,13,1009.3,19,1,1009.4,18,1,1009.6,93,4,1009.7,413,4,1009.8,906,9
317,2025-11-26 13:22:06+05:30,1009.2,5,1000.71,7014980,392310.0,436177.0,986.2,1012.2,981.3,986.2,120450000,1084.8,887.6,1102.5,649.1,1009.2,19,1,1009.1,1122,11,1009.0,4938,23,1008.9,3297,18,1008.8,1639,13,1009.3,18,1,1009.4,72,2,1009.6,48,3,1009.7,413,4,1009.8,906,9
317,2025-11-26 13:22:06+05:30,1009.2,19,1000.71,7014980,392310.0,436177.0,986.2,1012.2,981.3,986.2,120450000,1084.8,887.6,1102.5,649.1,1009.2,19,1,1009.1,1122,11,1009.0,4938,23,1008.9,3297,18,1008.8,1639,13,1009.3,18,1,1009.4,72,2,1009.6,48,3,1009.7,413,4,1009.8,906,9
317,2025-11-26 13:22:07+05:30,1009.3,12,1000.71,7014980,392310.0,436177.0,986.2,1012.2,981.3,986.2,120450000,1084.8,887.6,1102.5,649.1,1009.2,19,1,1009.1,1122,11,1009.0,4938,23,1008.9,3297,18,1008.8,1639,13,1009.3,18,1,1009.4,72,2,1009.6,48,3,1009.7,413,4,1009.8,906,9
317,2025-11-26 13:22:08+05:30,1009.3,1,1000.71,7014980,392310.0,436177.0,986.2,1012.2,981.3,986.2,120450000,1084.8,887.6,1102.5,649.1,1009.2,19,1,1009.1,1122,11,1009.0,4938,23,1008.9,3297,18,1008.8,1639,13,1009.3,18,1,1009.4,72,2,1009.6,48,3,1009.7,413,4,1009.8,906,9
317,2025-11-26 13:22:08+05:30,1009.3,1,1000.71,7015265,390538.0,436713.0,986.2,1012.2,981.3,986.2,120450000,1084.8,887.6,1102.5,649.1,1009.1,1270,8,1009.0,4796,22,1008.9,3255,17,1008.8,817,9,1008.7,2037,14,1009.4,54,1,1009.5,53,2,1009.6,413,10,1009.7,643,6,1009.8,1100,14
317,2025-11-26 13:22:09+05:30,1009.4,1,1000.71,7015265,390538.0,436713.0,986.2,1012.2,981.3,986.2,120450000,1084.8,887.6,1102.5,649.1,1009.1,1270,8,1009.0,4796,22,1008.9,3255,17,1008.8,817,9,1008.7,2037,14,1009.4,54,1,1009.5,53,2,1009.6,413,10,1009.7,643,6,1009.8,1100,14
317,2025-11-26 13:22:09+05:30,1009.4,1,1000.71,7015266,390551.0,436923.0,986.2,1012.2,981.3,986.2,120450000,1084.8,887.6,1102.5,649.1,1009.1,1283,9,1009.0,4796,22,1008.9,3255,17,1008.8,817,9,1008.7,2037,14,1009.4,53,1,1009.5,53,2,1009.6,382,9,1009.7,648,8,1009.8,1100,14
317,2025-11-26 13:22:10+05:30,1009.4,2,1000.71,7015268,390432.0,436716.0,986.2,1012.2,981.3,986.2,120450000,1084.8,887.6,1102.5,649.1,1009.1,1283,9,1009.0,4676,20,1008.9,3255,17,1008.8,768,8,1008.7,2037,14,1009.4,51,1,1009.5,53,2,1009.6,382,9,1009.7,670,9,1009.8,1100,14
317,2025-11-26 13:22:10+05:30,1009.4,2,1000.71,7015268,390432.0,436716.0,986.2,1012.2,981.3,986.2,120450000,1084.8,887.6,1102.5,649.1,1009.1,1283,9,1009.0,4676,20,1008.9,3255,17,1008.8,768,8,1008.7,2037,14,1009.4,51,1,1009.5,53,2,1009.6,382,9,1009.7,670,9,1009.8,1100,14
317,2025-11-26 13:22:11+05:30,1009.4,2,1000.71,7015268,390432.0,436716.0,986.2,1012.2,981.3,986.2,120450000,1084.8,887.6,1102.5,649.1,1009.1,1283,9,1009.0,4676,20,1008.9,3255,17,1008.8,768,8,1008.7,2037,14,1009.4,51,1,1009.5,53,2,1009.6,382,9,1009.7,670,9,1009.8,1100,14
317,2025-11-26 13:22:11+05:30,1009.4,2,1000.71,7015270,391220.0,437361.0,986.2,1012.2,981.3,986.2,120450000,1084.8,887.6,1102.5,649.1,1009.1,1118,7,1009.0,4308,16,1008.9,4054,19,1008.8,703,7,1008.7,2037,14,1009.2,11,1,1009.3,169,1,1009.4,52,3,1009.5,53,2,1009.6,542,10
317,2025-11-26 13:22:12+05:30,1009.2,6,1000.71,7015280,391077.0,437600.0,986.2,1012.2,981.3,986.2,120450000,1084.8,887.6,1102.5,649.1,1009.1,1118,7,1009.0,4450,17,1008.9,3997,18,1008.8,745,9,1008.7,2037,14,1009.2,1,1,1009.3,218,2,1009.4,3,2,1009.5,53,2,1009.6,542,10
317,2025-11-26 13:22:13+05:30,1009.1,79,1000.71,7015280,391077.0,437600.0,986.2,1012.2,981.3,986.2,120450000,1084.8,887.6,1102.5,649.1,1009.1,1118,7,1009.0,4450,17,1008.9,3997,18,1008.8,745,9,1008.7,2037,14,1009.2,1,1,1009.3,218,2,1009.4,3,2,1009.5,53,2,1009.6,542,10
317,2025-11-26 13:22:14+05:30,1009.2,3,1000.71,7015385,390997.0,437419.0,986.2,1012.2,981.3,986.2,120450000,1084.8,887.6,1102.5,649.1,1009.1,1039,7,1009.0,4393,16,1008.9,4052,19,1008.8,745,9,1008.7,2037,14,1009.2,34,2,1009.3,218,2,1009.4,3,2,1009.5,107,3,1009.6,597,11
317,2025-11-26 13:22:14+05:30,1009.3,96,1000.71,7015385,390997.0,437419.0,986.2,1012.2,981.3,986.2,120450000,1084.8,887.6,1102.5,649.1,1009.1,1039,7,1009.0,4393,16,1008.9,4052,19,1008.8,745,9,1008.7,2037,14,1009.2,34,2,1009.3,218,2,1009.4,3,2,1009.5,107,3,1009.6,597,11
317,2025-11-26 13:22:15+05:30,1009.3,1,1000.71,7015578,391142.0,437266.0,986.2,1012.2,981.3,986.2,120450000,1084.8,887.6,1102.5,649.1,1009.2,16,1,1009.1,1313,10,1009.0,4649,17,1008.9,3274,18,1008.8,716,8,1009.3,121,2,1009.4,3,2,1009.5,53,2,1009.6,538,10,1009.7,812,9
317,2025-11-26 13:22:15+05:30,1009.3,2,1000.71,7015578,391142.0,437266.0,986.2,1012.2,981.3,986.2,120450000,1084.8,887.6,1102.5,649.1,1009.2,16,1,1009.1,1313,10,1009.0,4649,17,1008.9,3274,18,1008.8,716,8,1009.3,121,2,1009.4,3,2,1009.5,53,2,1009.6,538,10,1009.7,812,9
317,2025-11-26 13:22:16+05:30,1009.3,2,1000.71,7015582,391025.0,437293.0,986.2,1012.2,981.3,986.2,120450000,1084.8,887.6,1102.5,649.1,1009.2,16,1,1009.1,1142,8,1009.0,4706,18,1008.9,3274,18,1008.8,716,8,1009.3,117,2,1009.4,3,2,1009.5,53,2,1009.6,538,10,1009.7,816,10
317,2025-11-26 13:22:16+05:30,1009.3,2,1000.71,7015582,391025.0,437293.0,986.2,1012.2,981.3,986.2,120450000,1084.8,887.6,1102.5,649.1,1009.2,16,1,1009.1,1142,8,1009.0,4706,18,1008.9,3274,18,1008.8,716,8,1009.3,117,2,1009.4,3,2,1009.5,53,2,1009.6,538,10,1009.7,816,10
317,2025-11-26 13:22:17+05:30,1009.3,2,1000.71,7015582,391137.0,437287.0,986.2,1012.2,981.3,986.2,120450000,1084.8,887.6,1102.5,649.1,1009.2,27,2,1009.1,1186,8,1009.0,4706,18,1008.9,3217,17,1008.8,716,8,1009.3,117,2,1009.4,3,2,1009.5,53,2,1009.6,538,10,1009.7,816,10
317,2025-11-26 13:22:17+05:30,1009.3,1,1000.71,7015582,391137.0,437287.0,986.2,1012.2,981.3,986.2,120450000,1084.8,887.6,1102.5,649.1,1009.2,27,2,1009.1,1186,8,1009.0,4706,18,1008.9,3217,17,1008.8,716,8,1009.3,117,2,1009.4,3,2,1009.5,53,2,1009.6,538,10,1009.7,816,10
317,2025-11-26 13:22:17+05:30,1009.3,1,1000.71,7015583,391158.0,437291.0,986.2,1012.2,981.3,986.2,120450000,1084.8,887.6,1102.5,649.1,1009.2,35,3,1009.1,1178,7,1009.0,4728,19,1008.9,3217,17,1008.8,716,8,1009.3,116,2,1009.4,3,2,1009.5,53,2,1009.6,538,10,1009.7,816,10
317,2025-11-26 13:22:18+05:30,1009.3,1,1000.71,7015583,391158.0,437270.0,986.2,1012.2,981.3,986.2,120450000,1084.8,887.6,1102.5,649.1,1009.2,35,3,1009.1,1178,7,1009.0,4728,19,1008.9,3217,17,1008.8,716,8,1009.3,116,2,1009.4,3,2,1009.5,53,2,1009.6,538,10,1009.7,816,10
317,2025-11-26 13:22:19+05:30,1009.3,1,1000.71,7015583,391158.0,437293.0,986.2,1012.2,981.3,986.2,120450000,1084.8,887.6,1102.5,649.1,1009.2,35,3,1009.1,1178,7,1009.0,4728,19,1008.9,3217,17,1008.8,716,8,1009.3,116,2,1009.4,3,2,1009.5,53,2,1009.6,538,10,1009.7,816,10
317,2025-11-26 13:22:20+05:30,1009.3,1,1000.71,7015583,391158.0,437293.0,986.2,1012.2,981.3,986.2,120450000,1084.8,887.6,1102.5,649.1,1009.2,35,3,1009.1,1178,7,1009.0,4728,19,1008.9,3217,17,1008.8,716,8,1009.3,116,2,1009.4,3,2,1009.5,53,2,1009.6,538,10,1009.7,816,10
317,2025-11-26 13:22:20+05:30,1009.3,1,1000.71,7015585,391493.0,437219.0,986.2,1012.2,981.3,986.2,120450000,1084.8,887.6,1102.5,649.1,1009.2,35,3,1009.1,1178,7,1009.0,4728,19,1008.9,3217,17,1008.8,716,8,1009.3,114,2,1009.4,3,2,1009.5,4,1,1009.6,538,10,1009.7,816,10
317,2025-11-26 13:22:21+05:30,1009.2,8,1000.71,7015585,391493.0,437219.0,986.2,1012.2,981.3,986.2,120450000,1084.8,887.6,1102.5,649.1,1009.2,35,3,1009.1,1178,7,1009.0,4728,19,1008.9,3217,17,1008.8,716,8,1009.3,114,2,1009.4,3,2,1009.5,4,1,1009.6,538,10,1009.7,816,10
317,2025-11-26 13:22:21+05:30,1009.2,8,1000.71,7015620,392005.0,437060.0,986.2,1012.2,981.3,986.2,120450000,1084.8,887.6,1102.5,649.1,1009.1,1356,8,1009.0,4693,19,1008.9,3938,17,1008.8,716,8,1008.7,2007,13,1009.2,7,1,1009.3,114,2,1009.4,3,2,1009.5,4,1,1009.6,441,8
317,2025-11-26 13:22:22+05:30,1009.2,4,1000.71,7015620,392005.0,437060.0,986.2,1012.2,981.3,986.2,120450000,1084.8,887.6,1102.5,649.1,1009.1,1356,8,1009.0,4693,19,1008.9,3938,17,1008.8,716,8,1008.7,2007,13,1009.2,7,1,1009.3,114,2,1009.4,3,2,1009.5,4,1,1009.6,441,8
317,2025-11-26 13:22:22+05:30,1009.2,4,1000.71,7015650,392211.0,437083.0,986.2,1012.2,981.3,986.2,120450000,1084.8,887.6,1102.5,649.1,1009.1,1454,9,1009.0,4671,18,1008.9,3938,17,1008.8,742,9,1008.7,2007,13,1009.2,35,2,1009.3,114,2,1009.4,3,2,1009.5,4,1,1009.6,441,8
317,2025-11-26 13:22:23+05:30,1009.2,4,1000.71,7015650,392211.0,437083.0,986.2,1012.2,981.3,986.2,120450000,1084.8,887.6,1102.5,649.1,1009.1,1454,9,1009.0,4671,18,1008.9,3938,17,1008.8,742,9,1008.7,2007,13,1009.2,35,2,1009.3,114,2,1009.4,3,2,1009.5,4,1,1009.6,441,8
317,2025-11-26 13:22:23+05:30,1009.1,1,1000.71,7015651,392210.0,436846.0,986.2,1012.2,981.3,986.2,120450000,1084.8,887.6,1102.5,649.1,1009.1,1453,9,1009.0,4671,18,1008.9,3938,17,1008.8,742,9,1008.7,2007,13,1009.2,35,2,1009.3,114,2,1009.4,3,2,1009.5,4,1,1009.6,441,8
317,2025-11-26 13:22:24+05:30,1009.1,1,1000.71,7015651,392210.0,436846.0,986.2,1012.2,981.3,986.2,120450000,1084.8,887.6,1102.5,649.1,1009.1,1453,9,1009.0,4671,18,1008.9,3938,17,1008.8,742,9,1008.7,2007,13,1009.2,35,2,1009.3,114,2,1009.4,3,2,1009.5,4,1,1009.6,441,8
317,2025-11-26 13:22:24+05:30,1009.1,1,1000.71,7015651,391692.0,436844.0,986.2,1012.2,981.3,986.2,120450000,1084.8,887.6,1102.5,649.1,1009.1,1186,8,1009.0,4636,16,1008.9,3944,17,1008.8,798,12,1008.7,2035,14,1009.2,40,5,1009.3,114,2,1009.5,4,1,1009.6,441,8,1009.7,645,9
317,2025-11-26 13:22:25+05:30,1009.2,11,1000.71,7015651,391692.0,436844.0,986.2,1012.2,981.3,986.2,120450000,1084.8,887.6,1102.5,649.1,1009.1,1186,8,1009.0,4636,16,1008.9,3944,17,1008.8,798,12,1008.7,2035,14,1009.2,40,5,1009.3,114,2,1009.5,4,1,1009.6,441,8,1009.7,645,9
317,2025-11-26 13:22:25+05:30,1009.2,11,1000.71,7015679,391895.0,436735.0,986.2,1012.2,981.3,986.2,120450000,1084.8,887.6,1102.5,649.1,1009.1,1186,8,1009.0,4636,16,1008.9,3944,17,1008.8,798,12,1008.7,2035,14,1009.2,63,5,1009.3,114,2,1009.6,441,8,1009.7,658,10,1009.8,1160,12
317,2025-11-26 13:22:26+05:30,1009.1,18,1000.71,7015679,391895.0,436735.0,986.2,1012.2,981.3,986.2,120450000,1084.8,887.6,1102.5,649.1,1009.1,1186,8,1009.0,4636,16,1008.9,3944,17,1008.8,798,12,1008.7,2035,14,1009.2,63,5,1009.3,114,2,1009.6,441,8,1009.7,658,10,1009.8,1160,12
317,2025-11-26 13:22:26+05:30,1009.1,18,1000.71,7015700,391674.0,436850.0,986.2,1012.2,981.3,986.2,120450000,1084.8,887.6,1102.5,649.1,1009.1,1117,7,1009.0,4687,17,1008.9,3929,16,1008.8,813,13,1008.7,2035,14,1009.2,56,4,1009.3,114,2,1009.6,444,9,1009.7,661,11,1009.8,1160,12
317,2025-11-26 13:22:27+05:30,1009.1,15,1000.71,7015715,391550.0,436931.0,986.2,1012.2,981.3,986.2,120450000,1084.8,887.6,1102.5,649.1,1009.1,1102,7,1009.0,4589,16,1008.9,3904,14,1008.8,729,8,1008.7,2035,14,1009.2,56,4,1009.3,114,2,1009.6,486,12,1009.7,695,13,1009.8,1225,13
317,2025-11-26 13:22:28+05:30,1009.3,20,1000.71,7015715,391550.0,436931.0,986.2,1012.2,981.3,986.2,120450000,1084.8,887.6,1102.5,649.1,1009.1,1102,7,1009.0,4589,16,1008.9,3904,14,1008.8,729,8,1008.7,2035,14,1009.2,56,4,1009.3,114,2,1009.6,486,12,1009.7,695,13,1009.8,1225,13
317,2025-11-26 13:22:28+05:30,1009.3,20,1000.71,7015897,391467.0,436878.0,986.2,1012.2,981.3,986.2,120450000,1084.8,887.6,1102.5,649.1,1009.1,1721,8,1009.0,4636,16,1008.9,3228,17,1008.8,760,11,1008.7,2035,14,1009.3,94,2,1009.6,395,10,1009.7,688,12,1009.8,1211,13,1009.9,1716,11
317,2025-11-26 13:22:29+05:30,1009.3,20,1000.71,7015897,391491.0,436878.0,986.2,1012.2,981.3,986.2,120450000,1084.8,887.6,1102.5,649.1,1009.1,1791,9,1009.0,4742,17,1008.9,3228,17,1008.8,760,11,1008.7,2035,14,1009.3,94,2,1009.6,395,10,1009.7,701,13,1009.8,1198,12,1009.9,1716,11
317,2025-11-26 13:22:30+05:30,1009.6,62,1000.71,7015897,391491.0,436878.0,986.2,1012.2,981.3,986.2,120450000,1084.8,887.6,1102.5,649.1,1009.1,1791,9,1009.0,4742,17,1008.9,3228,17,1008.8,760,11,1008.7,2035,14,1009.3,94,2,1009.6,395,10,1009.7,701,13,1009.8,1198,12,1009.9,1716,11
317,2025-11-26 13:22:30+05:30,1009.6,1,1000.71,7016282,389926.0,435559.0,986.2,1012.2,981.3,986.2,120450000,1084.8,887.6,1102.5,649.1,1009.2,48,1,1009.1,2129,12,1009.0,4133,18,1008.9,3202,16,1008.8,917,14,1009.6,38,4,1009.7,485,10,1009.8,1171,15,1009.9,1704,10,1010.0,5247,79
317,2025-11-26 13:22:31+05:30,1009.1,156,1000.71,7016282,389926.0,435559.0,986.2,1012.2,981.3,986.2,120450000,1084.8,887.6,1102.5,649.1,1009.2,48,1,1009.1,2129,12,1009.0,4133,18,1008.9,3202,16,1008.8,917,14,1009.6,38,4,1009.7,485,10,1009.8,1171,15,1009.9,1704,10,1010.0,5247,79
317,2025-11-26 13:22:31+05:30,1009.1,156,1000.72,7016482,391577.0,436353.0,986.2,1012.2,981.3,986.2,120450000,1084.8,887.6,1102.5,649.1,1009.1,1869,10,1009.0,4883,19,1008.9,3226,17,1008.8,917,14,1008.7,1921,13,1009.3,16,2,1009.6,152,5,1009.7,732,14,1009.8,1171,15,1009.9,1726,12
317,2025-11-26 13:22:32+05:30,1009.3,2,1000.72,7016482,391577.0,436353.0,986.2,1012.2,981.3,986.2,120450000,1084.8,887.6,1102.5,649.1,1009.1,1869,10,1009.0,4883,19,1008.9,3226,17,1008.8,917,14,1008.7,1921,13,1009.3,16,2,1009.6,152,5,1009.7,732,14,1009.8,1171,15,1009.9,1726,12
317,2025-11-26 13:22:32+05:30,1009.3,5,1000.72,7016491,391581.0,436631.0,986.2,1012.2,981.3,986.2,120450000,1084.8,887.6,1102.5,649.1,1009.1,1657,8,1009.0,4864,19,1008.9,3249,17,1008.8,917,14,1008.7,2035,14,1009.3,283,3,1009.4,2,1,1009.6,205,6,1009.7,593,11,1009.8,1083,15
317,2025-11-26 13:22:33+05:30,1009.2,2,1000.72,7016491,391581.0,436631.0,986.2,1012.2,981.3,986.2,120450000,1084.8,887.6,1102.5,649.1,1009.1,1657,8,1009.0,4864,19,1008.9,3249,17,1008.8,917,14,1008.7,2035,14,1009.3,283,3,1009.4,2,1,1009.6,205,6,1009.7,593,11,1009.8,1083,15
317,2025-11-26 13:22:34+05:30,1009.2,2,1000.72,7016517,392149.0,437592.0,986.2,1012.2,981.3,986.2,120450000,1084.8,887.6,1102.5,649.1,1009.1,1410,5,1009.0,4434,15,1008.9,4147,19,1008.8,878,14,1008.7,2035,14,1009.2,209,1,1009.3,274,3,1009.4,2,1,1009.6,328,8,1009.7,648,12
317,2025-11-26 13:22:34+05:30,1009.1,200,1000.72,7016517,392149.0,437592.0,986.2,1012.2,981.3,986.2,120450000,1084.8,887.6,1102.5,649.1,1009.1,1410,5,1009.0,4434,15,1008.9,4147,19,1008.8,878,14,1008.7,2035,14,1009.2,209,1,1009.3,274,3,1009.4,2,1,1009.6,328,8,1009.7,648,12
317,2025-11-26 13:22:35+05:30,1009.1,200,1000.72,7016829,391985.0,437262.0,986.2,1012.2,981.3,986.2,120450000,1084.8,887.6,1102.5,649.1,1009.1,1519,9,1009.0,4768,19,1008.9,4055,17,1008.8,855,13,1008.7,2035,14,1009.2,97,1,1009.3,274,3,1009.4,13,2,1009.6,320,7,1009.7,648,12
317,2025-11-26 13:22:35+05:30,1009.2,1,1000.72,7016829,391985.0,437262.0,986.2,1012.2,981.3,986.2,120450000,1084.8,887.6,1102.5,649.1,1009.1,1519,9,1009.0,4768,19,1008.9,4055,17,1008.8,855,13,1008.7,2035,14,1009.2,97,1,1009.3,274,3,1009.4,13,2,1009.6,320,7,1009.7,648,12
317,2025-11-26 13:22:36+05:30,1009.2,1,1000.72,7016834,391985.0,437353.0,986.2,1012.2,981.3,986.2,120450000,1084.8,887.6,1102.5,649.1,1009.1,1519,9,1009.0,4768,19,1008.9,4055,17,1008.8,855,13,1008.7,2035,14,1009.2,92,1,1009.3,274,3,1009.4,13,2,1009.6,320,7,1009.7,648,12
317,2025-11-26 13:22:36+05:30,1009.1,125,1000.72,7016834,391985.0,437353.0,986.2,1012.2,981.3,986.2,120450000,1084.8,887.6,1102.5,649.1,1009.1,1519,9,1009.0,4768,19,1008.9,4055,17,1008.8,855,13,1008.7,2035,14,1009.2,92,1,1009.3,274,3,1009.4,13,2,1009.6,320,7,1009.7,648,12
317,2025-11-26 13:22:37+05:30,1009.2,243,1000.72,7017202,391447.0,437230.0,986.2,1012.2,981.3,986.2,120450000,1084.8,887.6,1102.5,649.1,1009.2,173,1,1009.1,1218,7,1009.0,4758,19,1008.9,3381,18,1008.8,825,12,1009.3,260,2,1009.4,13,2,1009.6,197,5,1009.7,645,11,1009.8,1210,16
317,2025-11-26 13:22:37+05:30,1009.2,2,1000.72,7017202,391447.0,437230.0,986.2,1012.2,981.3,986.2,120450000,1084.8,887.6,1102.5,649.1,1009.2,173,1,1009.1,1218,7,1009.0,4758,19,1008.9,3381,18,1008.8,825,12,1009.3,260,2,1009.4,13,2,1009.6,197,5,1009.7,645,11,1009.8,1210,16
317,2025-11-26 13:22:38+05:30,1009.2,2,1000.72,7017204,391439.0,437203.0,986.2,1012.2,981.3,986.2,120450000,1084.8,887.6,1102.5,649.1,1009.2,186,2,1009.1,1249,7,1009.0,4780,20,1008.9,3335,17,1008.8,825,12,1009.3,260,2,1009.4,13,2,1009.6,198,6,1009.7,650,12,1009.8,671,14
317,2025-11-26 13:22:39+05:30,1009.2,2,1000.72,7017204,391439.0,437188.0,986.2,1012.2,981.3,986.2,120450000,1084.8,887.6,1102.5,649.1,1009.2,186,2,1009.1,1249,7,1009.0,4780,20,1008.9,3335,17,1008.8,825,12,1009.3,261,3,1009.4,13,2,1009.6,198,6,1009.7,650,12,1009.8,1161,15
317,2025-11-26 13:22:40+05:30,1009.2,2,1000.72,7017204,391106.0,437432.0,986.2,1012.2,981.3,986.2,120450000,1084.8,887.6,1102.5,649.1,1009.2,199,3,1009.1,1105,5,1009.0,4682,19,1008.9,3337,16,1008.8,825,12,1009.3,382,4,1009.4,61,3,1009.6,211,7,1009.7,704,13,1009.8,1174,15
317,2025-11-26 13:22:40+05:30,1009.3,1,1000.72,7017204,391106.0,437432.0,986.2,1012.2,981.3,986.2,120450000,1084.8,887.6,1102.5,649.1,1009.2,199,3,1009.1,1105,5,1009.0,4682,19,1008.9,3337,16,1008.8,825,12,1009.3,382,4,1009.4,61,3,1009.6,211,7,1009.7,704,13,1009.8,1174,15
317,2025-11-26 13:22:40+05:30,1009.3,2,1000.72,7017207,391242.0,437297.0,986.2,1012.2,981.3,986.2,120450000,1084.8,887.6,1102.5,649.1,1009.2,199,3,1009.1,1105,5,1009.0,4779,20,1008.9,3376,18,1008.8,825,12,1009.3,379,4,1009.4,61,3,1009.6,211,7,1009.7,704,13,1009.8,1174,15
317,2025-11-26 13:22:41+05:30,1009.2,14,1000.72,7017207,391242.0,437297.0,986.2,1012.2,981.3,986.2,120450000,1084.8,887.6,1102.5,649.1,1009.2,199,3,1009.1,1105,5,1009.0,4779,20,1008.9,3376,18,1008.8,825,12,1009.3,379,4,1009.4,61,3,1009.6,211,7,1009.7,704,13,1009.8,1174,15
317,2025-11-26 13:22:42+05:30,1009.3,1,1000.72,7017393,391203.0,437560.0,986.2,1012.2,981.3,986.2,120450000,1084.8,887.6,1102.5,649.1,1009.2,187,3,1009.1,1105,5,1009.0,4779,20,1008.9,3350,17,1008.8,825,12,1009.3,378,4,1009.4,61,3,1009.6,211,7,1009.7,704,13,1009.8,1174,15
317,2025-11-26 13:22:42+05:30,1009.3,4,1000.72,7017393,391203.0,437560.0,986.2,1012.2,981.3,986.2,120450000,1084.8,887.6,1102.5,649.1,1009.2,187,3,1009.1,1105,5,1009.0,4779,20,1008.9,3350,17,1008.8,825,12,1009.3,378,4,1009.4,61,3,1009.6,211,7,1009.7,704,13,1009.8,1174,15
317,2025-11-26 13:22:43+05:30,1009.3,23,1000.72,7017425,391205.0,437394.0,986.2,1012.2,981.3,986.2,120450000,1084.8,887.6,1102.5,649.1,1009.2,187,3,1009.1,1105,5,1009.0,4757,19,1008.9,3374,18,1008.8,825,12,1009.3,346,4,1009.4,61,3,1009.6,211,7,1009.7,704,13,1009.8,1266,15
317,2025-11-26 13:22:43+05:30,1009.2,64,1000.72,7017425,391205.0,437394.0,986.2,1012.2,981.3,986.2,120450000,1084.8,887.6,1102.5,649.1,1009.2,187,3,1009.1,1105,5,1009.0,4757,19,1008.9,3374,18,1008.8,825,12,1009.3,346,4,1009.4,61,3,1009.6,211,7,1009.7,704,13,1009.8,1266,15
317,2025-11-26 13:22:44+05:30,1009.2,64,1000.72,7017603,391228.0,437445.0,986.2,1012.2,981.3,986.2,120450000,1084.8,887.6,1102.5,649.1,1009.2,109,1,1009.1,1201,6,1009.0,4808,20,1008.9,3328,17,1008.8,825,12,1009.3,246,4,1009.4,61,3,1009.6,198,6,1009.7,704,13,1009.8,698,15
317,2025-11-26 13:22:44+05:30,1009.3,1,1000.72,7017603,391228.0,437445.0,986.2,1012.2,981.3,986.2,120450000,1084.8,887.6,1102.5,649.1,1009.2,109,1,1009.1,1201,6,1009.0,4808,20,1008.9,3328,17,1008.8,825,12,1009.3,246,4,1009.4,61,3,1009.6,198,6,1009.7,704,13,1009.8,698,15
317,2025-11-26 13:22:44+05:30,1009.3,1,1000.72,7017608,391228.0,437465.0,986.2,1012.2,981.3,986.2,120450000,1084.8,887.6,1102.5,649.1,1009.2,109,1,1009.1,1201,6,1009.0,4808,20,1008.9,3328,17,1008.8,825,12,1009.3,241,4,1009.4,61,3,1009.6,198,6,1009.7,704,13,1009.8,1236,16
317,2025-11-26 13:22:45+05:30,1009.4,34,1000.72,7017608,391228.0,437465.0,986.2,1012.2,981.3,986.2,120450000,1084.8,887.6,1102.5,649.1,1009.2,109,1,1009.1,1201,6,1009.0,4808,20,1008.9,3328,17,1008.8,825,12,1009.3,241,4,1009.4,61,3,1009.6,198,6,1009.7,704,13,1009.8,1236,16
317,2025-11-26 13:22:45+05:30,1009.4,34,1000.72,7018189,393849.0,434493.0,986.2,1012.2,981.3,986.2,120450000,1084.8,887.6,1102.5,649.1,1009.4,443,2,1009.3,762,3,1009.2,442,6,1009.1,1761,12,1009.0,5047,22,1009.6,3,3,1009.7,294,3,1009.8,842,7,1009.9,1586,9,1010.0,4382,73
317,2025-11-26 13:22:46+05:30,1009.6,1,1000.72,7018190,393878.0,434815.0,986.2,1012.2,981.3,986.2,120450000,1084.8,887.6,1102.5,649.1,1009.4,1193,3,1009.3,761,2,1009.2,556,7,1009.1,1761,12,1009.0,4297,21,1009.6,4,4,1009.7,294,3,1009.8,906,9,1009.9,1643,13,1010.0,4414,75
317,2025-11-26 13:22:47+05:30,1009.4,1,1000.72,7018190,393878.0,434815.0,986.2,1012.2,981.3,986.2,120450000,1084.8,887.6,1102.5,649.1,1009.4,1193,3,1009.3,761,2,1009.2,556,7,1009.1,1761,12,1009.0,4297,21,1009.6,4,4,1009.7,294,3,1009.8,906,9,1009.9,1643,13,1010.0,4414,75
317,2025-11-26 13:22:47+05:30,1009.4,1,1000.72,7018284,394419.0,433724.0,986.2,1012.2,981.3,986.2,120450000,1084.8,887.6,1102.5,649.1,1009.4,1207,3,1009.3,902,5,1009.2,2456,11,1009.1,1475,10,1009.0,5676,22,1009.7,106,2,1009.8,234,6,1009.9,1586,10,1010.0,4435,76,1010.1,777,10
317,2025-11-26 13:22:48+05:30,1009.4,1,1000.72,7018284,394601.0,434868.0,986.2,1012.2,981.3,986.2,120450000,1084.8,887.6,1102.5,649.1,1009.4,1207,3,1009.3,851,4,1009.2,2411,11,1009.1,1519,11,1009.0,5676,22,1009.6,121,1,1009.7,107,3,1009.8,800,7,1009.9,1639,11,1010.0,4435,76
317,2025-11-26 13:22:49+05:30,1009.4,1,1000.72,7018284,394625.0,434987.0,986.2,1012.2,981.3,986.2,120450000,1084.8,887.6,1102.5,649.1,1009.4,1207,3,1009.3,851,4,1009.2,2411,11,1009.1,1519,11,1009.0,5676,22,1009.6,121,1,1009.7,107,3,1009.8,234,6,1009.9,1639,11,1010.0,4457,77
317,2025-11-26 13:22:50+05:30,1009.6,1,1000.72,7018284,394625.0,434987.0,986.2,1012.2,981.3,986.2,120450000,1084.8,887.6,1102.5,649.1,1009.4,1207,3,1009.3,851,4,1009.2,2411,11,1009.1,1519,11,1009.0,5676,22,1009.6,121,1,1009.7,107,3,1009.8,234,6,1009.9,1639,11,1010.0,4457,77
317,2025-11-26 13:22:50+05:30,1009.6,1,1000.72,7018291,394656.0,434945.0,986.2,1012.2,981.3,986.2,120450000,1084.8,887.6,1102.5,649.1,1009.4,1207,3,1009.3,851,4,1009.2,2465,13,1009.1,1519,11,1009.0,5676,22,1009.6,115,2,1009.7,107,3,1009.8,234,6,1009.9,1662,12,1010.0,4457,77
317,2025-11-26 13:22:51+05:30,1009.6,1,1000.72,7018291,394656.0,434945.0,986.2,1012.2,981.3,986.2,120450000,1084.8,887.6,1102.5,649.1,1009.4,1207,3,1009.3,851,4,1009.2,2465,13,1009.1,1519,11,1009.0,5676,22,1009.6,115,2,1009.7,107,3,1009.8,234,6,1009.9,1662,12,1010.0,4457,77
317,2025-11-26 13:22:51+05:30,1009.6,1,1000.72,7018291,395204.0,435981.0,986.2,1012.2,981.3,986.2,120450000,1084.8,887.6,1102.5,649.1,1009.4,1207,3,1009.3,779,3,1009.2,2306,10,1009.1,1549,12,1009.0,5676,22,1009.5,22,1,1009.6,115,2,1009.7,107,3,1009.8,234,6,1009.9,1648,12
317,2025-11-26 13:22:52+05:30,1009.6,1,1000.72,7018291,395204.0,435981.0,986.2,1012.2,981.3,986.2,120450000,1084.8,887.6,1102.5,649.1,1009.4,1207,3,1009.3,779,3,1009.2,2306,10,1009.1,1549,12,1009.0,5676,22,1009.5,22,1,1009.6,115,2,1009.7,107,3,1009.8,234,6,1009.9,1648,12
317,2025-11-26 13:22:52+05:30,1009.5,1,1000.72,7018292,395962.0,435691.0,986.2,1012.2,981.3,986.2,120450000,1084.8,887.6,1102.5,649.1,1009.4,1207,3,1009.3,779,3,1009.2,2306,10,1009.1,2299,13,1009.0,5719,23,1009.5,21,1,1009.6,115,2,1009.7,107,3,1009.8,234,6,1009.9,1648,12
317,2025-11-26 13:22:52+05:30,1009.5,4,1000.72,7018292,395962.0,435691.0,986.2,1012.2,981.3,986.2,120450000,1084.8,887.6,1102.5,649.1,1009.4,1207,3,1009.3,779,3,1009.2,2306,10,1009.1,2299,13,1009.0,5719,23,1009.5,21,1,1009.6,115,2,1009.7,107,3,1009.8,234,6,1009.9,1648,12
317,2025-11-26 13:22:52+05:30,1009.5,4,1000.72,7018292,395962.0,435691.0,986.2,1012.2,981.3,986.2,120450000,1084.8,887.6,1102.5,649.1,1009.4,1207,3,1009.3,779,3,1009.2,2306,10,1009.1,2299,13,1009.0,5719,23,1009.5,21,1,1009.6,115,2,1009.7,107,3,1009.8,234,6,1009.9,1648,12
317,2025-11-26 13:22:53+05:30,1009.5,4,1000.72,7018292,395962.0,435691.0,986.2,1012.2,981.3,986.2,120450000,1084.8,887.6,1102.5,649.1,1009.4,1207,3,1009.3,779,3,1009.2,2306,10,1009.1,2299,13,1009.0,5719,23,1009.5,21,1,1009.6,115,2,1009.7,107,3,1009.8,234,6,1009.9,1648,12
317,2025-11-26 13:22:53+05:30,1009.5,1,1000.72,7018325,395975.0,435782.0,986.2,1012.2,981.3,986.2,120450000,1084.8,887.6,1102.5,649.1,1009.4,1207,3,1009.3,775,2,1009.2,2304,10,1009.1,2326,14,1009.0,5719,23,1009.5,21,1,1009.6,115,2,1009.7,107,3,1009.8,340,8,1009.9,1649,12
317,2025-11-26 13:22:53+05:30,1009.5,1,1000.72,7018325,395975.0,435782.0,986.2,1012.2,981.3,986.2,120450000,1084.8,887.6,1102.5,649.1,1009.4,1207,3,1009.3,775,2,1009.2,2304,10,1009.1,2326,14,1009.0,5719,23,1009.5,21,1,1009.6,115,2,1009.7,107,3,1009.8,340,8,1009.9,1649,12
317,2025-11-26 13:22:53+05:30,1009.5,1,1000.72,7018325,395975.0,435782.0,986.2,1012.2,981.3,986.2,120450000,1084.8,887.6,1102.5,649.1,1009.4,1207,3,1009.3,775,2,1009.2,2304,10,1009.1,2326,14,1009.0,5719,23,1009.5,21,1,1009.6,115,2,1009.7,107,3,1009.8,340,8,1009.9,1649,12
317,2025-11-26 13:22:54+05:30,1009.5,1,1000.72,7018325,395975.0,435782.0,986.2,1012.2,981.3,986.2,120450000,1084.8,887.6,1102.5,649.1,1009.4,1207,3,1009.3,775,2,1009.2,2304,10,1009.1,2326,14,1009.0,5719,23,1009.5,21,1,1009.6,115,2,1009.7,107,3,1009.8,340,8,1009.9,1649,12
317,2025-11-26 13:22:54+05:30,1009.5,112,1000.72,7018437,395761.0,436179.0,986.2,1012.2,981.3,986.2,120450000,1084.8,887.6,1102.5,649.1,1009.4,1220,4,1009.3,1013,6,1009.2,2350,10,1009.1,2326,14,1009.0,5719,23,1009.5,22,1,1009.6,115,2,1009.7,107,3,1009.8,287,7,1009.9,1586,10
317,2025-11-26 13:22:54+05:30,1009.5,112,1000.72,7018437,395761.0,436179.0,986.2,1012.2,981.3,986.2,120450000,1084.8,887.6,1102.5,649.1,1009.4,1220,4,1009.3,1013,6,1009.2,2350,10,1009.1,2326,14,1009.0,5719,23,1009.5,22,1,1009.6,115,2,1009.7,107,3,1009.8,287,7,1009.9,1586,10
317,2025-11-26 13:22:54+05:30,1009.5,112,1000.72,7018437,395761.0,436179.0,986.2,1012.2,981.3,986.2,120450000,1084.8,887.6,1102.5,649.1,1009.4,1220,4,1009.3,1013,6,1009.2,2350,10,1009.1,2326,14,1009.0,5719,23,1009.5,22,1,1009.6,115,2,1009.7,107,3,1009.8,287,7,1009.9,1586,10
317,2025-11-26 13:22:55+05:30,1009.5,112,1000.72,7018437,395761.0,436179.0,986.2,1012.2,981.3,986.2,120450000,1084.8,887.6,1102.5,649.1,1009.4,1220,4,1009.3,1013,6,1009.2,2350,10,1009.1,2326,14,1009.0,5719,23,1009.5,22,1,1009.6,115,2,1009.7,107,3,1009.8,287,7,1009.9,1586,10
317,2025-11-26 13:22:55+05:30,1009.5,12,1000.72,7018467,395552.0,436095.0,986.2,1012.2,981.3,986.2,120450000,1084.8,887.6,1102.5,649.1,1009.4,1220,4,1009.3,899,5,1009.2,2255,9,1009.1,2326,14,1009.0,5719,23,1009.5,22,1,1009.6,115,2,1009.7,107,3,1009.8,786,7,1009.9,1614,13
317,2025-11-26 13:22:55+05:30,1009.5,12,1000.72,7018467,395552.0,436095.0,986.2,1012.2,981.3,986.2,120450000,1084.8,887.6,1102.5,649.1,1009.4,1220,4,1009.3,899,5,1009.2,2255,9,1009.1,2326,14,1009.0,5719,23,1009.5,22,1,1009.6,115,2,1009.7,107,3,1009.8,786,7,1009.9,1614,13
317,2025-11-26 13:22:55+05:30,1009.5,12,1000.72,7018467,395552.0,436095.0,986.2,1012.2,981.3,986.2,120450000,1084.8,887.6,1102.5,649.1,1009.4,1220,4,1009.3,899,5,1009.2,2255,9,1009.1,2326,14,1009.0,5719,23,1009.5,22,1,1009.6,115,2,1009.7,107,3,1009.8,786,7,1009.9,1614,13
317,2025-11-26 13:22:56+05:30,1009.5,12,1000.72,7018467,395552.0,436095.0,986.2,1012.2,981.3,986.2,120450000,1084.8,887.6,1102.5,649.1,1009.4,1220,4,1009.3,899,5,1009.2,2255,9,1009.1,2326,14,1009.0,5719,23,1009.5,22,1,1009.6,115,2,1009.7,107,3,1009.8,786,7,1009.9,1614,13
317,2025-11-26 13:22:56+05:30,1009.5,12,1000.72,7018467,395552.0,436095.0,986.2,1012.2,981.3,986.2,120447000,1084.8,887.6,1102.5,649.1,1009.4,1220,4,1009.3,899,5,1009.2,2255,9,1009.1,2326,14,1009.0,5719,23,1009.5,22,1,1009.6,115,2,1009.7,107,3,1009.8,786,7,1009.9,1614,13
317,2025-11-26 13:22:56+05:30,1009.4,38,1000.72,7018508,394877.0,435983.0,986.2,1012.2,981.3,986.2,120447000,1084.8,887.6,1102.5,649.1,1009.4,1182,4,1009.3,779,3,1009.2,2334,11,1009.1,2296,13,1009.0,5719,23,1009.6,115,2,1009.7,107,3,1009.8,310,7,1009.9,1614,13,1010.0,4330,76
317,2025-11-26 13:22:56+05:30,1009.4,38,1000.72,7018508,394877.0,435983.0,986.2,1012.2,981.3,986.2,120447000,1084.8,887.6,1102.5,649.1,1009.4,1182,4,1009.3,779,3,1009.2,2334,11,1009.1,2296,13,1009.0,5719,23,1009.6,115,2,1009.7,107,3,1009.8,310,7,1009.9,1614,13,1010.0,4330,76
317,2025-11-26 13:22:56+05:30,1009.4,38,1000.72,7018508,394877.0,435983.0,986.2,1012.2,981.3,986.2,120447000,1084.8,887.6,1102.5,649.1,1009.4,1182,4,1009.3,779,3,1009.2,2334,11,1009.1,2296,13,1009.0,5719,23,1009.6,115,2,1009.7,107,3,1009.8,310,7,1009.9,1614,13,1010.0,4330,76
317,2025-11-26 13:22:57+05:30,1009.4,38,1000.72,7018508,394877.0,435983.0,986.2,1012.2,981.3,986.2,120447000,1084.8,887.6,1102.5,649.1,1009.4,1182,4,1009.3,779,3,1009.2,2334,11,1009.1,2296,13,1009.0,5719,23,1009.6,115,2,1009.7,107,3,1009.8,310,7,1009.9,1614,13,1010.0,4330,76
317,2025-11-26 13:22:57+05:30,1009.4,38,1000.72,7018508,394141.0,436046.0,986.2,1012.2,981.3,986.2,120447000,1084.8,887.6,1102.5,649.1,1009.4,1182,4,1009.3,779,3,1009.2,2325,11,1009.1,1546,12,1009.0,5741,24,1009.6,115,2,1009.7,111,4,1009.8,283,6,1009.9,1594,11,1010.0,4326,75
317,2025-11-26 13:22:58+05:30,1009.8,26,1000.72,7019258,393323.0,433961.0,986.2,1012.2,981.3,986.2,120447000,1084.8,887.6,1102.5,649.1,1009.4,1182,4,1009.3,1018,6,1009.2,2623,14,1009.1,2114,13,1009.0,4358,22,1009.8,40,3,1009.9,1351,6,1010.0,4168,72,1010.1,759,12,1010.2,1370,11
317,2025-11-26 13:22:58+05:30,1009.8,26,1000.72,7019258,393323.0,433961.0,986.2,1012.2,981.3,986.2,120447000,1084.8,887.6,1102.5,649.1,1009.4,1182,4,1009.3,1018,6,1009.2,2623,14,1009.1,2114,13,1009.0,4358,22,1009.8,40,3,1009.9,1351,6,1010.0,4168,72,1010.1,759,12,1010.2,1370,11
317,2025-11-26 13:22:59+05:30,1009.8,5,1000.72,7019263,393628.0,434968.0,986.2,1012.2,981.3,986.2,120447000,1084.8,887.6,1102.5,649.1,1009.4,1222,6,1009.3,2314,12,1009.2,3153,15,1009.1,2837,13,1009.0,2108,19,1009.8,35,3,1009.9,1351,6,1010.0,4219,73,1010.1,861,14,1010.2,1370,11
317,2025-11-26 13:22:59+05:30,1009.8,5,1000.72,7019263,393628.0,434968.0,986.2,1012.2,981.3,986.2,120447000,1084.8,887.6,1102.5,649.1,1009.4,1222,6,1009.3,2314,12,1009.2,3153,15,1009.1,2837,13,1009.0,2108,19,1009.8,35,3,1009.9,1351,6,1010.0,4219,73,1010.1,861,14,1010.2,1370,11
317,2025-11-26 13:23:00+05:30,1009.4,8,1000.72,7019273,393692.0,435079.0,986.2,1012.2,981.3,986.2,120447000,1084.8,887.6,1102.5,649.1,1009.4,1286,7,1009.3,2363,13,1009.2,3104,14,1009.1,2837,13,1009.0,2108,19,1009.8,35,4,1009.9,1351,6,1010.0,4219,73,1010.1,861,14,1010.2,1370,11
317,2025-11-26 13:23:00+05:30,1009.4,8,1000.72,7019273,393692.0,435079.0,986.2,1012.2,981.3,986.2,120447000,1084.8,887.6,1102.5,649.1,1009.4,1286,7,1009.3,2363,13,1009.2,3104,14,1009.1,2837,13,1009.0,2108,19,1009.8,35,4,1009.9,1351,6,1010.0,4219,73,1010.1,861,14,1010.2,1370,11
317,2025-11-26 13:23:01+05:30,1009.9,146,1000.72,7019660,393537.0,433981.0,986.2,1012.2,981.3,986.2,120447000,1084.8,887.6,1102.5,649.1,1009.8,1,1,1009.6,138,1,1009.5,340,2,1009.4,983,6,1009.3,2366,13,1009.9,1437,9,1010.0,4243,76,1010.1,743,12,1010.2,996,10,1010.3,909,12
317,2025-11-26 13:23:01+05:30,1009.8,1,1000.72,7019660,393537.0,433981.0,986.2,1012.2,981.3,986.2,120447000,1084.8,887.6,1102.5,649.1,1009.8,1,1,1009.6,138,1,1009.5,340,2,1009.4,983,6,1009.3,2366,13,1009.9,1437,9,1010.0,4243,76,1010.1,743,12,1010.2,996,10,1010.3,909,12
317,2025-11-26 13:23:02+05:30,1009.8,1,1000.72,7019662,392960.0,434058.0,986.2,1012.2,981.3,986.2,120447000,1084.8,887.6,1102.5,649.1,1009.4,1057,7,1009.3,2558,16,1009.2,3208,16,1009.1,2797,12,1009.0,1915,16,1009.8,39,2,1009.9,1176,7,1010.0,4268,74,1010.1,776,13,1010.2,1014,10
317,2025-11-26 13:23:02+05:30,1009.8,5,1000.72,7019662,392960.0,434058.0,986.2,1012.2,981.3,986.2,120447000,1084.8,887.6,1102.5,649.1,1009.4,1057,7,1009.3,2558,16,1009.2,3208,16,1009.1,2797,12,1009.0,1915,16,1009.8,39,2,1009.9,1176,7,1010.0,4268,74,1010.1,776,13,1010.2,1014,10
317,2025-11-26 13:23:03+05:30,1009.8,8,1000.72,7019696,393249.0,434101.0,986.2,1012.2,981.3,986.2,120447000,1084.8,887.6,1102.5,649.1,1009.4,1160,8,1009.3,2748,18,1009.2,3224,17,1009.1,2797,12,1009.0,1915,16,1009.8,33,2,1009.9,1176,7,1010.0,4261,73,1010.1,776,13,1010.2,1044,11
317,2025-11-26 13:23:03+05:30,1009.8,8,1000.72,7019696,393249.0,434101.0,986.2,1012.2,981.3,986.2,120447000,1084.8,887.6,1102.5,649.1,1009.4,1160,8,1009.3,2748,18,1009.2,3224,17,1009.1,2797,12,1009.0,1915,16,1009.8,33,2,1009.9,1176,7,1010.0,4261,73,1010.1,776,13,1010.2,1044,11
317,2025-11-26 13:23:04+05:30,1009.9,23,1000.72,7020348,392778.0,433536.0,986.2,1012.2,981.3,986.2,120447000,1084.8,887.6,1102.5,649.1,1009.5,129,2,1009.4,1290,11,1009.3,2788,17,1009.2,3259,20,1009.1,2976,13,1009.9,644,4,1010.0,3959,67,1010.1,735,13,1010.2,730,12,1010.3,1139,11
317,2025-11-26 13:23:04+05:30,1009.9,23,1000.72,7020348,392778.0,433536.0,986.2,1012.2,981.3,986.2,120447000,1084.8,887.6,1102.5,649.1,1009.5,129,2,1009.4,1290,11,1009.3,2788,17,1009.2,3259,20,1009.1,2976,13,1009.9,644,4,1010.0,3959,67,1010.1,735,13,1010.2,730,12,1010.3,1139,11
317,2025-11-26 13:23:05+05:30,1009.9,108,1000.72,7021100,392195.0,431830.0,986.2,1012.2,981.3,986.2,120447000,1084.8,887.6,1102.5,649.1,1009.5,146,4,1009.4,506,7,1009.3,2660,15,1009.2,2550,18,1009.1,3096,16,1010.0,4146,72,1010.1,712,14,1010.2,981,12,1010.3,835,10,1010.4,680,9
317,2025-11-26 13:23:05+05:30,1009.9,108,1000.72,7021100,392195.0,431830.0,986.2,1012.2,981.3,986.2,120447000,1084.8,887.6,1102.5,649.1,1009.5,146,4,1009.4,506,7,1009.3,2660,15,1009.2,2550,18,1009.1,3096,16,1010.0,4146,72,1010.1,712,14,1010.2,981,12,1010.3,835,10,1010.4,680,9
317,2025-11-26 13:23:06+05:30,1009.5,195,1000.72,7021400,390569.0,431859.0,986.2,1012.2,981.3,986.2,120447000,1084.8,887.6,1102.5,649.1,1009.5,46,2,1009.4,526,7,1009.3,2642,16,1009.2,2466,15,1009.1,3022,14,1010.0,4147,73,1010.1,717,14,1010.2,984,13,1010.3,835,10,1010.4,692,10
317,2025-11-26 13:23:06+05:30,1009.5,195,1000.72,7021400,390569.0,431859.0,986.2,1012.2,981.3,986.2,120447000,1084.8,887.6,1102.5,649.1,1009.5,46,2,1009.4,526,7,1009.3,2642,16,1009.2,2466,15,1009.1,3022,14,1010.0,4147,73,1010.1,717,14,1010.2,984,13,1010.3,835,10,1010.4,692,10
317,2025-11-26 13:23:07+05:30,1009.5,195,1000.72,7021400,390587.0,431892.0,986.2,1012.2,981.3,986.2,120447000,1084.8,887.6,1102.5,649.1,1009.5,46,2,1009.4,526,7,1009.3,2642,16,1009.2,2540,16,1009.1,3022,14,1010.0,4148,74,1010.1,717,14,1010.2,984,13,1010.3,835,10,1010.4,692,10
317,2025-11-26 13:23:08+05:30,1009.5,195,1000.72,7021400,394325.0,432283.0,986.2,1012.2,981.3,986.2,120447000,1084.8,887.6,1102.5,649.1,1009.5,138,3,1009.4,1253,10,1009.3,3541,18,1009.2,3938,18,1009.1,1065,12,1009.9,253,2,1010.0,4182,73,1010.1,892,15,1010.2,686,12,1010.3,1137,12
317,2025-11-26 13:23:09+05:30,1009.5,5,1000.72,7021405,394219.0,433035.0,986.2,1012.2,981.3,986.2,120447000,1084.8,887.6,1102.5,649.1,1009.5,4,1,1009.4,2272,12,1009.3,2522,16,1009.2,3938,18,1009.1,1065,12,1009.9,253,2,1010.0,4256,75,1010.1,848,14,1010.2,686,12,1010.3,1137,12
317,2025-11-26 13:23:09+05:30,1009.5,5,1000.72,7021405,394219.0,433035.0,986.2,1012.2,981.3,986.2,120447000,1084.8,887.6,1102.5,649.1,1009.5,4,1,1009.4,2272,12,1009.3,2522,16,1009.2,3938,18,1009.1,1065,12,1009.9,253,2,1010.0,4256,75,1010.1,848,14,1010.2,686,12,1010.3,1137,12
317,2025-11-26 13:23:10+05:30,1009.9,1,1000.72,7021406,393474.0,432527.0,986.2,1012.2,981.3,986.2,120447000,1084.8,887.6,1102.5,649.1,1009.5,4,1,1009.4,1450,11,1009.3,2496,15,1009.2,3938,18,1009.1,1065,12,1009.9,252,2,1010.0,4266,75,1010.1,892,15,1010.2,984,13,1010.3,839,11
317,2025-11-26 13:23:10+05:30,1009.9,1,1000.72,7021406,393474.0,432527.0,986.2,1012.2,981.3,986.2,120447000,1084.8,887.6,1102.5,649.1,1009.5,4,1,1009.4,1450,11,1009.3,2496,15,1009.2,3938,18,1009.1,1065,12,1009.9,252,2,1010.0,4266,75,1010.1,892,15,1010.2,984,13,1010.3,839,11
317,2025-11-26 13:23:11+05:30,1009.9,1,1000.72,7021411,393473.0,432523.0,986.2,1012.2,981.3,986.2,120447000,1084.8,887.6,1102.5,649.1,1009.5,3,1,1009.4,1450,11,1009.3,2496,15,1009.2,3938,18,1009.1,1065,12,1009.9,248,2,1010.0,4266,75,1010.1,892,15,1010.2,984,13,1010.3,839,11
317,2025-11-26 13:23:11+05:30,1009.9,193,1000.72,7021411,393473.0,432523.0,986.2,1012.2,981.3,986.2,120447000,1084.8,887.6,1102.5,649.1,1009.5,3,1,1009.4,1450,11,1009.3,2496,15,1009.2,3938,18,1009.1,1065,12,1009.9,248,2,1010.0,4266,75,1010.1,892,15,1010.2,984,13,1010.3,839,11
317,2025-11-26 13:23:12+05:30,1009.9,193,1000.72,7022211,393487.0,432465.0,986.2,1012.2,981.3,986.2,120447000,1084.8,887.6,1102.5,649.1,1009.5,25,3,1009.4,1414,11,1009.3,2496,15,1009.2,3938,18,1009.1,907,10,1009.9,158,2,1010.0,4098,73,1010.1,753,14,1010.2,984,13,1010.3,879,12
317,2025-11-26 13:23:12+05:30,1009.8,4,1000.72,7022211,393487.0,432465.0,986.2,1012.2,981.3,986.2,120447000,1084.8,887.6,1102.5,649.1,1009.5,25,3,1009.4,1414,11,1009.3,2496,15,1009.2,3938,18,1009.1,907,10,1009.9,158,2,1010.0,4098,73,1010.1,753,14,1010.2,984,13,1010.3,879,12
317,2025-11-26 13:23:13+05:30,1009.8,6,1000.72,7023244,392658.0,434027.0,986.2,1012.2,981.3,986.2,120447000,1084.8,887.6,1102.5,649.1,1009.4,400,8,1009.3,1932,12,1009.2,3830,17,1009.1,1027,12,1009.0,3102,19,1009.8,116,2,1009.9,674,7,1010.0,4384,78,1010.1,739,15,1010.2,958,11
317,2025-11-26 13:23:13+05:30,1009.5,78,1000.72,7023244,392658.0,434027.0,986.2,1012.2,981.3,986.2,120447000,1084.8,887.6,1102.5,649.1,1009.4,400,8,1009.3,1932,12,1009.2,3830,17,1009.1,1027,12,1009.0,3102,19,1009.8,116,2,1009.9,674,7,1010.0,4384,78,1010.1,739,15,1010.2,958,11
317,2025-11-26 13:23:14+05:30,1009.9,2,1000.72,7023456,393470.0,433365.0,986.2,1012.2,981.3,986.2,120447000,1084.8,887.6,1102.5,649.1,1009.5,40,1,1009.4,1206,9,1009.3,2234,16,1009.2,3944,21,1009.1,1022,12,1009.9,277,3,1010.0,4162,74,1010.1,739,15,1010.2,995,11,1010.3,904,12
317,2025-11-26 13:23:14+05:30,1009.9,29,1000.72,7023456,393470.0,433365.0,986.2,1012.2,981.3,986.2,120447000,1084.8,887.6,1102.5,649.1,1009.5,40,1,1009.4,1206,9,1009.3,2234,16,1009.2,3944,21,1009.1,1022,12,1009.9,277,3,1010.0,4162,74,1010.1,739,15,1010.2,995,11,1010.3,904,12
317,2025-11-26 13:23:15+05:30,1010.0,1,1000.72,7023701,390589.0,432171.0,986.2,1012.2,981.3,986.2,120447000,1084.8,887.6,1102.5,649.1,1009.5,87,1,1009.4,1504,11,1009.3,2236,17,1009.2,3839,14,1009.1,925,11,1010.0,4107,75,1010.1,744,16,1010.2,898,10,1010.3,875,13,1010.4,658,11
317,2025-11-26 13:23:15+05:30,1010.0,1,1000.72,7023701,390589.0,432171.0,986.2,1012.2,981.3,986.2,120447000,1084.8,887.6,1102.5,649.1,1009.5,87,1,1009.4,1504,11,1009.3,2236,17,1009.2,3839,14,1009.1,925,11,1010.0,4107,75,1010.1,744,16,1010.2,898,10,1010.3,875,13,1010.4,658,11
317,2025-11-26 13:23:16+05:30,1009.4,280,1000.73,7024382,391742.0,433663.0,986.2,1012.2,981.3,986.2,120447000,1084.8,887.6,1102.5,649.1,1009.4,782,8,1009.3,2284,18,1009.2,3898,15,1009.1,993,11,1009.0,2982,17,1009.9,681,4,1010.0,4361,80,1010.1,856,16,1010.2,948,11,1010.3,881,13
317,2025-11-26 13:23:16+05:30,1009.4,280,1000.73,7024382,391742.0,433663.0,986.2,1012.2,981.3,986.2,120447000,1084.8,887.6,1102.5,649.1,1009.4,782,8,1009.3,2284,18,1009.2,3898,15,1009.1,993,11,1009.0,2982,17,1009.9,681,4,1010.0,4361,80,1010.1,856,16,1010.2,948,11,1010.3,881,13
317,2025-11-26 13:23:17+05:30,1009.4,280,1000.73,7024382,391918.0,433602.0,986.2,1012.2,981.3,986.2,120447000,1084.8,887.6,1102.5,649.1,1009.4,684,7,1009.3,2319,20,1009.2,3898,15,1009.1,965,10,1009.0,3036,19,1009.9,684,6,1010.0,4270,78,1010.1,856,16,1010.2,948,11,1010.3,881,13
317,2025-11-26 13:23:18+05:30,1009.4,280,1000.73,7024382,391887.0,433600.0,986.2,1012.2,981.3,986.2,120447000,1084.8,887.6,1102.5,649.1,1009.4,1060,10,1009.3,2279,19,1009.2,3898,15,1009.1,965,10,1009.0,3168,21,1009.9,794,7,1010.0,4296,79,1010.1,856,16,1010.2,948,11,1010.3,771,12
317,2025-11-26 13:23:19+05:30,1009.9,5,1000.73,7024387,391937.0,434033.0,986.2,1012.2,981.3,986.2,120447000,1084.8,887.6,1102.5,649.1,1009.4,1020,9,1009.3,2319,20,1009.2,3898,15,1009.1,965,10,1009.0,3218,22,1009.9,880,7,1010.0,4270,78,1010.1,856,16,1010.2,986,12,1010.3,771,12
317,2025-11-26 13:23:19+05:30,1009.9,1,1000.73,7024387,391937.0,434033.0,986.2,1012.2,981.3,986.2,120447000,1084.8,887.6,1102.5,649.1,1009.4,1020,9,1009.3,2319,20,1009.2,3898,15,1009.1,965,10,1009.0,3218,22,1009.9,880,7,1010.0,4270,78,1010.1,856,16,1010.2,986,12,1010.3,771,12
317,2025-11-26 13:23:20+05:30,1009.9,1,1000.73,7024389,392119.0,433860.0,986.2,1012.2,981.3,986.2,120447000,1084.8,887.6,1102.5,649.1,1009.4,788,9,1009.3,2279,19,1009.2,3898,15,1009.1,965,10,1009.0,3218,22,1009.9,878,7,1010.0,4270,78,1010.1,856,16,1010.2,986,12,1010.3,771,12
317,2025-11-26 13:23:20+05:30,1009.7,3,1000.73,7024389,392119.0,433860.0,986.2,1012.2,981.3,986.2,120447000,1084.8,887.6,1102.5,649.1,1009.4,788,9,1009.3,2279,19,1009.2,3898,15,1009.1,965,10,1009.0,3218,22,1009.9,878,7,1010.0,4270,78,1010.1,856,16,1010.2,986,12,1010.3,771,12
317,2025-11-26 13:23:21+05:30,1009.7,1,1000.73,7024394,394714.0,434563.0,986.2,1012.2,981.3,986.2,120447000,1084.8,887.6,1102.5,649.1,1009.4,1360,8,1009.3,3047,20,1009.2,3906,16,1009.1,900,9,1009.0,3191,21,1009.7,137,1,1009.8,4,1,1009.9,313,6,1010.0,4255,77,1010.1,948,20
317,2025-11-26 13:23:21+05:30,1009.4,4,1000.73,7024394,394714.0,434563.0,986.2,1012.2,981.3,986.2,120447000,1084.8,887.6,1102.5,649.1,1009.4,1360,8,1009.3,3047,20,1009.2,3906,16,1009.1,900,9,1009.0,3191,21,1009.7,137,1,1009.8,4,1,1009.9,313,6,1010.0,4255,77,1010.1,948,20
317,2025-11-26 13:23:22+05:30,1009.5,50,1000.73,7024448,395971.0,435755.0,986.2,1012.2,981.3,986.2,120447000,1084.8,887.6,1102.5,649.1,1009.4,1636,10,1009.3,2837,19,1009.2,4518,16,1009.1,750,9,1009.0,2856,20,1009.5,10,1,1009.7,137,1,1009.8,19,2,1009.9,424,7,1010.0,4256,78
317,2025-11-26 13:23:22+05:30,1009.5,4,1000.73,7024448,395971.0,435755.0,986.2,1012.2,981.3,986.2,120447000,1084.8,887.6,1102.5,649.1,1009.4,1636,10,1009.3,2837,19,1009.2,4518,16,1009.1,750,9,1009.0,2856,20,1009.5,10,1,1009.7,137,1,1009.8,19,2,1009.9,424,7,1010.0,4256,78
317,2025-11-26 13:23:23+05:30,1009.5,23,1000.73,7024703,396021.0,435661.0,986.2,1012.2,981.3,986.2,120447000,1084.8,887.6,1102.5,649.1,1009.4,1464,8,1009.3,2832,17,1009.2,4544,18,1009.1,750,9,1009.0,2880,20,1009.5,37,1,1009.7,137,1,1009.8,19,2,1009.9,414,6,1010.0,4254,78
317,2025-11-26 13:23:23+05:30,1009.5,23,1000.73,7024703,396021.0,435661.0,986.2,1012.2,981.3,986.2,120447000,1084.8,887.6,1102.5,649.1,1009.4,1464,8,1009.3,2832,17,1009.2,4544,18,1009.1,750,9,1009.0,2880,20,1009.5,37,1,1009.7,137,1,1009.8,19,2,1009.9,414,6,1010.0,4254,78
317,2025-11-26 13:23:24+05:30,1009.5,23,1000.73,7024703,395805.0,435435.0,986.2,1012.2,981.3,986.2,120447000,1084.8,887.6,1102.5,649.1,1009.4,1280,7,1009.3,2832,17,1009.2,4544,18,1009.1,750,9,1009.0,2880,20,1009.5,37,1,1009.6,40,1,1009.7,137,1,1009.8,19,2,1009.9,414,6
317,2025-11-26 13:23:25+05:30,1009.5,11,1000.73,7024730,395989.0,435957.0,986.2,1012.2,981.3,986.2,120447000,1084.8,887.6,1102.5,649.1,1009.4,1464,8,1009.3,2832,17,1009.2,4544,18,1009.1,750,9,1009.0,2880,20,1009.5,10,1,1009.6,40,1,1009.7,137,1,1009.8,19,2,1009.9,997,7
317,2025-11-26 13:23:25+05:30,1009.5,11,1000.73,7024730,395989.0,435957.0,986.2,1012.2,981.3,986.2,120447000,1084.8,887.6,1102.5,649.1,1009.4,1464,8,1009.3,2832,17,1009.2,4544,18,1009.1,750,9,1009.0,2880,20,1009.5,10,1,1009.6,40,1,1009.7,137,1,1009.8,19,2,1009.9,997,7
317,2025-11-26 13:23:26+05:30,1009.5,2,1000.73,7024732,395585.0,436091.0,986.2,1012.2,981.3,986.2,120447000,1084.8,887.6,1102.5,649.1,1009.4,1219,6,1009.3,2722,16,1009.2,4496,18,1009.1,750,9,1009.0,2880,20,1009.5,12,4,1009.6,70,2,1009.7,137,1,1009.8,19,2,1009.9,1094,6
317,2025-11-26 13:23:26+05:30,1009.4,263,1000.73,7024732,395585.0,436091.0,986.2,1012.2,981.3,986.2,120447000,1084.8,887.6,1102.5,649.1,1009.4,1219,6,1009.3,2722,16,1009.2,4496,18,1009.1,750,9,1009.0,2880,20,1009.5,12,4,1009.6,70,2,1009.7,137,1,1009.8,19,2,1009.9,1094,6
317,2025-11-26 13:23:27+05:30,1009.7,124,1000.73,7025300,394163.0,434024.0,986.2,1012.2,981.3,986.2,120447000,1084.8,887.6,1102.5,649.1,1009.4,882,6,1009.3,2454,8,1009.2,3824,22,1009.1,747,9,1009.0,2907,21,1009.7,13,1,1009.8,80,3,1009.9,1118,9,1010.0,4099,78,1010.1,938,17
317,2025-11-26 13:23:27+05:30,1009.7,124,1000.73,7025300,394163.0,434024.0,986.2,1012.2,981.3,986.2,120447000,1084.8,887.6,1102.5,649.1,1009.4,882,6,1009.3,2454,8,1009.2,3824,22,1009.1,747,9,1009.0,2907,21,1009.7,13,1,1009.8,80,3,1009.9,1118,9,1010.0,4099,78,1010.1,938,17
317,2025-11-26 13:23:28+05:30,1009.7,124,1000.73,7025300,395276.0,434074.0,986.2,1012.2,981.3,986.2,120447000,1084.8,887.6,1102.5,649.1,1009.4,1719,9,1009.3,2626,10,1009.2,3968,25,1009.1,747,9,1009.0,2907,21,1009.7,13,1,1009.8,80,3,1009.9,1065,8,1010.0,4044,77,1010.1,938,17
317,2025-11-26 13:23:29+05:30,1009.7,1,1000.73,7025317,395245.0,434089.0,986.2,1012.2,981.3,986.2,120447000,1084.8,887.6,1102.5,649.1,1009.4,1634,8,1009.3,2626,10,1009.2,3968,25,1009.1,747,9,1009.0,2907,21,1009.7,12,2,1009.8,80,3,1009.9,592,7,1010.0,4044,77,1010.1,938,17
317,2025-11-26 13:23:29+05:30,1009.7,1,1000.73,7025317,395245.0,434089.0,986.2,1012.2,981.3,986.2,120447000,1084.8,887.6,1102.5,649.1,1009.4,1634,8,1009.3,2626,10,1009.2,3968,25,1009.1,747,9,1009.0,2907,21,1009.7,12,2,1009.8,80,3,1009.9,592,7,1010.0,4044,77,1010.1,938,17
317,2025-11-26 13:23:30+05:30,1009.7,8,1000.73,7025337,394651.0,432937.0,986.2,1012.2,981.3,986.2,120447000,1084.8,887.6,1102.5,649.1,1009.7,33,2,1009.5,49,1,1009.4,1573,7,1009.3,2671,10,1009.2,3960,24,1009.8,218,4,1009.9,592,9,1010.0,3972,77,1010.1,870,15,1010.2,1008,12
317,2025-11-26 13:23:30+05:30,1009.7,8,1000.73,7025337,394651.0,432937.0,986.2,1012.2,981.3,986.2,120447000,1084.8,887.6,1102.5,649.1,1009.7,33,2,1009.5,49,1,1009.4,1573,7,1009.3,2671,10,1009.2,3960,24,1009.8,218,4,1009.9,592,9,1010.0,3972,77,1010.1,870,15,1010.2,1008,12
317,2025-11-26 13:23:31+05:30,1009.7,13,1000.73,7025384,394710.0,432873.0,986.2,1012.2,981.3,986.2,120447000,1084.8,887.6,1102.5,649.1,1009.5,49,1,1009.4,1617,7,1009.3,2088,11,1009.2,3960,24,1009.1,789,9,1009.7,6,1,1009.8,18,2,1009.9,425,6,1010.0,4031,78,1010.1,870,15
317,2025-11-26 13:23:31+05:30,1009.7,13,1000.73,7025384,394710.0,432873.0,986.2,1012.2,981.3,986.2,120447000,1084.8,887.6,1102.5,649.1,1009.5,49,1,1009.4,1617,7,1009.3,2088,11,1009.2,3960,24,1009.1,789,9,1009.7,6,1,1009.8,18,2,1009.9,425,6,1010.0,4031,78,1010.1,870,15
317,2025-11-26 13:23:32+05:30,1009.7,13,1000.73,7025384,395077.0,433480.0,986.2,1012.2,981.3,986.2,120447000,1084.8,887.6,1102.5,649.1,1009.4,1617,7,1009.3,2760,12,1009.2,3960,24,1009.1,789,9,1009.0,3247,23,1009.7,6,1,1009.8,18,2,1009.9,1140,9,1010.0,4031,78,1010.1,870,15
317,2025-11-26 13:23:32+05:30,1009.7,4,1000.73,7025384,395077.0,433480.0,986.2,1012.2,981.3,986.2,120447000,1084.8,887.6,1102.5,649.1,1009.4,1617,7,1009.3,2760,12,1009.2,3960,24,1009.1,789,9,1009.0,3247,23,1009.7,6,1,1009.8,18,2,1009.9,1140,9,1010.0,4031,78,1010.1,870,15
317,2025-11-26 13:23:33+05:30,1009.4,71,1000.73,7025543,395383.0,433626.0,986.2,1012.2,981.3,986.2,120447000,1084.8,887.6,1102.5,649.1,1009.4,1486,6,1009.3,2655,10,1009.2,3984,25,1009.1,789,9,1009.0,3215,21,1009.6,141,1,1009.7,19,1,1009.8,18,2,1009.9,1145,10,1010.0,4066,81
317,2025-11-26 13:23:33+05:30,1009.4,71,1000.73,7025543,395383.0,433626.0,986.2,1012.2,981.3,986.2,120447000,1084.8,887.6,1102.5,649.1,1009.4,1486,6,1009.3,2655,10,1009.2,3984,25,1009.1,789,9,1009.0,3215,21,1009.6,141,1,1009.7,19,1,1009.8,18,2,1009.9,1145,10,1010.0,4066,81
317,2025-11-26 13:23:34+05:30,1009.4,14,1000.73,7025671,394927.0,434980.0,986.2,1012.2,981.3,986.2,120447000,1084.8,887.6,1102.5,649.1,1009.4,1472,6,1009.3,2545,9,1009.2,4010,25,1009.1,789,9,1009.0,2880,20,1009.6,142,2,1009.7,19,1,1009.8,217,2,1009.9,1190,12,1010.0,4066,81
317,2025-11-26 13:23:34+05:30,1009.4,14,1000.73,7025671,394927.0,434980.0,986.2,1012.2,981.3,986.2,120447000,1084.8,887.6,1102.5,649.1,1009.4,1472,6,1009.3,2545,9,1009.2,4010,25,1009.1,789,9,1009.0,2880,20,1009.6,142,2,1009.7,19,1,1009.8,217,2,1009.9,1190,12,1010.0,4066,81
317,2025-11-26 13:23:35+05:30,1009.4,128,1000.73,7025671,394927.0,434980.0,986.2,1012.2,981.3,986.2,120447000,1084.8,887.6,1102.5,649.1,1009.4,1472,6,1009.3,2545,9,1009.2,4010,25,1009.1,789,9,1009.0,2880,20,1009.6,142,2,1009.7,19,1,1009.8,217,2,1009.9,1190,12,1010.0,4066,81
317,2025-11-26 13:23:35+05:30,1009.4,128,1000.73,7025802,394943.0,434982.0,986.2,1012.2,981.3,986.2,120447000,1084.8,887.6,1102.5,649.1,1009.4,1343,6,1009.3,2450,8,1009.2,3792,18,1009.1,784,9,1009.0,2880,20,1009.6,140,2,1009.7,65,2,1009.8,278,3,1009.9,1185,11,1010.0,4086,83
317,2025-11-26 13:23:36+05:30,1009.4,111,1000.73,7025802,394943.0,434982.0,986.2,1012.2,981.3,986.2,120447000,1084.8,887.6,1102.5,649.1,1009.4,1343,6,1009.3,2450,8,1009.2,3792,18,1009.1,784,9,1009.0,2880,20,1009.6,140,2,1009.7,65,2,1009.8,278,3,1009.9,1185,11,1010.0,4086,83
317,2025-11-26 13:23:36+05:30,1009.4,111,1000.73,7026048,395032.0,435288.0,986.2,1012.2,981.3,986.2,120447000,1084.8,887.6,1102.5,649.1,1009.4,1105,6,1009.3,2450,8,1009.2,3989,26,1009.1,784,9,1009.0,2880,20,1009.6,132,2,1009.7,46,1,1009.8,278,3,1009.9,1185,11,1010.0,4123,84
317,2025-11-26 13:23:37+05:30,1009.9,42,1000.73,7026048,395032.0,435288.0,986.2,1012.2,981.3,986.2,120447000,1084.8,887.6,1102.5,649.1,1009.4,1105,6,1009.3,2450,8,1009.2,3989,26,1009.1,784,9,1009.0,2880,20,1009.6,132,2,1009.7,46,1,1009.8,278,3,1009.9,1185,11,1010.0,4123,84
317,2025-11-26 13:23:37+05:30,1009.9,42,1000.73,7026642,389317.0,433748.0,986.2,1012.2,981.3,986.2,120447000,1084.8,887.6,1102.5,649.1,1009.4,53,3,1009.3,890,4,1009.2,746,10,1009.1,956,9,1009.0,3655,23,1009.8,236,6,1009.9,948,16,1010.0,4134,81,1010.1,1140,13,1010.2,750,11
317,2025-11-26 13:23:38+05:30,1009.8,62,1000.73,7026642,389317.0,433748.0,986.2,1012.2,981.3,986.2,120447000,1084.8,887.6,1102.5,649.1,1009.4,53,3,1009.3,890,4,1009.2,746,10,1009.1,956,9,1009.0,3655,23,1009.8,236,6,1009.9,948,16,1010.0,4134,81,1010.1,1140,13,1010.2,750,11
317,2025-11-26 13:23:38+05:30,1009.8,62,1000.73,7026964,386795.0,434100.0,986.2,1012.2,981.3,986.2,120447000,1084.8,887.6,1102.5,649.1,1009.4,53,3,1009.3,276,2,1009.2,586,6,1009.1,2045,10,1009.0,4405,24,1009.7,57,1,1009.8,159,3,1009.9,1262,12,1010.0,4108,82,1010.1,1022,13
317,2025-11-26 13:23:39+05:30,1009.4,34,1000.73,7026964,386795.0,434100.0,986.2,1012.2,981.3,986.2,120447000,1084.8,887.6,1102.5,649.1,1009.4,53,3,1009.3,276,2,1009.2,586,6,1009.1,2045,10,1009.0,4405,24,1009.7,57,1,1009.8,159,3,1009.9,1262,12,1010.0,4108,82,1010.1,1022,13
317,2025-11-26 13:23:40+05:30,1009.4,8,1000.73,7027099,389318.0,436513.0,986.2,1012.2,981.3,986.2,120447000,1084.8,887.6,1102.5,649.1,1009.3,4,1,1009.2,833,8,1009.1,2043,10,1009.0,4262,22,1008.9,3282,16,1009.4,120,1,1009.6,4,1,1009.8,370,5,1009.9,1271,10,1010.0,4236,84
317,2025-11-26 13:23:40+05:30,1009.2,44,1000.73,7027099,389318.0,436513.0,986.2,1012.2,981.3,986.2,120447000,1084.8,887.6,1102.5,649.1,1009.3,4,1,1009.2,833,8,1009.1,2043,10,1009.0,4262,22,1008.9,3282,16,1009.4,120,1,1009.6,4,1,1009.8,370,5,1009.9,1271,10,1010.0,4236,84
317,2025-11-26 13:23:41+05:30,1009.4,2,1000.73,7027603,390436.0,435626.0,986.2,1012.2,981.3,986.2,120447000,1084.8,887.6,1102.5,649.1,1009.2,556,6,1009.1,2185,12,1009.0,5046,23,1008.9,3364,18,1008.8,1730,20,1009.4,60,1,1009.7,3,1,1009.8,497,7,1009.9,1343,13,1010.0,4245,85
317,2025-11-26 13:23:41+05:30,1009.4,2,1000.73,7027603,390436.0,435626.0,986.2,1012.2,981.3,986.2,120447000,1084.8,887.6,1102.5,649.1,1009.2,556,6,1009.1,2185,12,1009.0,5046,23,1008.9,3364,18,1008.8,1730,20,1009.4,60,1,1009.7,3,1,1009.8,497,7,1009.9,1343,13,1010.0,4245,85
317,2025-11-26 13:23:42+05:30,1009.4,2,1000.73,7027603,391076.0,436248.0,986.2,1012.2,981.3,986.2,120447000,1084.8,887.6,1102.5,649.1,1009.2,337,3,1009.1,2065,11,1009.0,5021,22,1008.9,3331,18,1008.8,1730,20,1009.3,46,1,1009.4,60,1,1009.7,226,3,1009.8,467,7,1009.9,1404,15
317,2025-11-26 13:23:42+05:30,1009.2,5,1000.73,7027603,391076.0,436248.0,986.2,1012.2,981.3,986.2,120447000,1084.8,887.6,1102.5,649.1,1009.2,337,3,1009.1,2065,11,1009.0,5021,22,1008.9,3331,18,1008.8,1730,20,1009.3,46,1,1009.4,60,1,1009.7,226,3,1009.8,467,7,1009.9,1404,15
317,2025-11-26 13:23:43+05:30,1009.3,23,1000.73,7027886,389120.0,437652.0,986.2,1012.2,981.3,986.2,120447000,1084.8,887.6,1102.5,649.1,1009.1,1677,6,1009.0,4524,16,1008.9,3126,15,1008.8,1088,18,1008.7,1918,13,1009.3,19,1,1009.4,62,3,1009.5,63,2,1009.6,337,4,1009.7,998,7
317,2025-11-26 13:23:43+05:30,1009.1,79,1000.73,7027886,389120.0,437652.0,986.2,1012.2,981.3,986.2,120447000,1084.8,887.6,1102.5,649.1,1009.1,1677,6,1009.0,4524,16,1008.9,3126,15,1008.8,1088,18,1008.7,1918,13,1009.3,19,1,1009.4,62,3,1009.5,63,2,1009.6,337,4,1009.7,998,7
317,2025-11-26 13:23:44+05:30,1009.1,128,1000.73,7028221,388606.0,437421.0,986.2,1012.2,981.3,986.2,120447000,1084.8,887.6,1102.5,649.1,1009.1,1281,4,1009.0,4585,17,1008.9,3147,16,1008.8,1088,18,1008.7,1954,14,1009.3,19,1,1009.4,62,3,1009.5,63,2,1009.6,448,6,1009.7,452,6
317,2025-11-26 13:23:44+05:30,1009.3,3,1000.73,7028221,388606.0,437421.0,986.2,1012.2,981.3,986.2,120447000,1084.8,887.6,1102.5,649.1,1009.1,1281,4,1009.0,4585,17,1008.9,3147,16,1008.8,1088,18,1008.7,1954,14,1009.3,19,1,1009.4,62,3,1009.5,63,2,1009.6,448,6,1009.7,452,6
317,2025-11-26 13:23:45+05:30,1009.3,2,1000.73,7028227,388707.0,437250.0,986.2,1012.2,981.3,986.2,120447000,1084.8,887.6,1102.5,649.1,1009.1,1280,4,1009.0,4488,16,1008.9,3147,16,1008.8,1088,18,1008.7,2064,15,1009.3,14,1,1009.4,62,3,1009.5,63,2,1009.6,503,7,1009.7,452,6
317,2025-11-26 13:23:45+05:30,1009.3,2,1000.73,7028227,388707.0,437250.0,986.2,1012.2,981.3,986.2,120447000,1084.8,887.6,1102.5,649.1,1009.1,1280,4,1009.0,4488,16,1008.9,3147,16,1008.8,1088,18,1008.7,2064,15,1009.3,14,1,1009.4,62,3,1009.5,63,2,1009.6,503,7,1009.7,452,6
317,2025-11-26 13:23:46+05:30,1009.3,1,1000.73,7028228,388708.0,437267.0,986.2,1012.2,981.3,986.2,120447000,1084.8,887.6,1102.5,649.1,1009.1,1354,6,1009.0,4515,16,1008.9,3147,16,1008.8,1088,18,1008.7,2064,15,1009.3,13,1,1009.4,62,3,1009.5,112,3,1009.6,503,7,1009.7,452,6
317,2025-11-26 13:23:46+05:30,1009.4,20,1000.73,7028228,388708.0,437267.0,986.2,1012.2,981.3,986.2,120447000,1084.8,887.6,1102.5,649.1,1009.1,1354,6,1009.0,4515,16,1008.9,3147,16,1008.8,1088,18,1008.7,2064,15,1009.3,13,1,1009.4,62,3,1009.5,112,3,1009.6,503,7,1009.7,452,6
317,2025-11-26 13:23:47+05:30,1009.4,20,1000.73,7028730,390049.0,437422.0,986.2,1012.2,981.3,986.2,120447000,1084.8,887.6,1102.5,649.1,1009.3,1,1,1009.2,45,1,1009.1,1594,10,1009.0,4818,19,1008.9,3131,15,1009.4,42,1,1009.5,52,2,1009.6,237,4,1009.7,228,4,1009.8,540,7
317,2025-11-26 13:23:47+05:30,1009.1,28,1000.73,7028730,390049.0,437422.0,986.2,1012.2,981.3,986.2,120447000,1084.8,887.6,1102.5,649.1,1009.3,1,1,1009.2,45,1,1009.1,1594,10,1009.0,4818,19,1008.9,3131,15,1009.4,42,1,1009.5,52,2,1009.6,237,4,1009.7,228,4,1009.8,540,7
317,2025-11-26 13:23:48+05:30,1009.4,1,1000.73,7028801,389081.0,437634.0,986.2,1012.2,981.3,986.2,120447000,1084.8,887.6,1102.5,649.1,1009.1,1169,6,1009.0,5629,21,1008.9,2350,12,1008.8,1089,17,1008.7,2867,20,1009.4,42,2,1009.5,52,2,1009.6,236,3,1009.7,333,6,1009.8,566,9
317,2025-11-26 13:23:48+05:30,1009.4,1,1000.73,7028801,389081.0,437634.0,986.2,1012.2,981.3,986.2,120447000,1084.8,887.6,1102.5,649.1,1009.1,1169,6,1009.0,5629,21,1008.9,2350,12,1008.8,1089,17,1008.7,2867,20,1009.4,42,2,1009.5,52,2,1009.6,236,3,1009.7,333,6,1009.8,566,9
317,2025-11-26 13:23:49+05:30,1009.4,1,1000.73,7028801,389081.0,437663.0,986.2,1012.2,981.3,986.2,120447000,1084.8,887.6,1102.5,649.1,1009.1,1169,6,1009.0,5629,21,1008.9,2350,12,1008.8,1089,17,1008.7,2867,20,1009.4,42,2,1009.5,52,2,1009.6,236,3,1009.7,333,6,1009.8,566,9
317,2025-11-26 13:23:49+05:30,1009.1,127,1000.73,7028801,389081.0,437663.0,986.2,1012.2,981.3,986.2,120447000,1084.8,887.6,1102.5,649.1,1009.1,1169,6,1009.0,5629,21,1008.9,2350,12,1008.8,1089,17,1008.7,2867,20,1009.4,42,2,1009.5,52,2,1009.6,236,3,1009.7,333,6,1009.8,566,9
317,2025-11-26 13:23:50+05:30,1009.4,53,1000.73,7029722,386689.0,437347.0,986.2,1012.2,981.3,986.2,120447000,1084.8,887.6,1102.5,649.1,1009.1,267,3,1009.0,4598,17,1008.9,1934,8,1008.8,950,15,1008.7,2867,20,1009.5,327,5,1009.6,565,6,1009.7,468,6,1009.8,988,11,1009.9,750,13
317,2025-11-26 13:23:50+05:30,1009.4,53,1000.73,7029722,386689.0,437347.0,986.2,1012.2,981.3,986.2,120447000,1084.8,887.6,1102.5,649.1,1009.1,267,3,1009.0,4598,17,1008.9,1934,8,1008.8,950,15,1008.7,2867,20,1009.5,327,5,1009.6,565,6,1009.7,468,6,1009.8,988,11,1009.9,750,13
317,2025-11-26 13:23:51+05:30,1009.5,6,1000.73,7029986,385629.0,438693.0,986.2,1012.2,981.3,986.2,120447000,1084.8,887.6,1102.5,649.1,1009.1,331,3,1009.0,1651,12,1008.9,1562,11,1008.8,3307,17,1008.7,3540,24,1009.5,133,3,1009.6,343,4,1009.7,869,10,1009.8,1005,11,1009.9,820,12
317,2025-11-26 13:23:51+05:30,1009.5,6,1000.73,7029986,385629.0,438693.0,986.2,1012.2,981.3,986.2,120447000,1084.8,887.6,1102.5,649.1,1009.1,331,3,1009.0,1651,12,1008.9,1562,11,1008.8,3307,17,1008.7,3540,24,1009.5,133,3,1009.6,343,4,1009.7,869,10,1009.8,1005,11,1009.9,820,12
317,2025-11-26 13:23:52+05:30,1009.1,43,1000.73,7030114,390089.0,438971.0,986.2,1012.2,981.3,986.2,120447000,1084.8,887.6,1102.5,649.1,1009.1,111,2,1009.0,1659,13,1008.9,2481,14,1008.8,3426,17,1008.7,3540,24,1009.3,45,1,1009.5,133,3,1009.6,455,5,1009.7,610,8,1009.8,1005,11
317,2025-11-26 13:23:52+05:30,1009.3,5,1000.73,7030114,390089.0,438971.0,986.2,1012.2,981.3,986.2,120447000,1084.8,887.6,1102.5,649.1,1009.1,111,2,1009.0,1659,13,1008.9,2481,14,1008.8,3426,17,1008.7,3540,24,1009.3,45,1,1009.5,133,3,1009.6,455,5,1009.7,610,8,1009.8,1005,11
317,2025-11-26 13:23:53+05:30,1009.1,85,1000.73,7030508,390506.0,439563.0,986.2,1012.2,981.3,986.2,120447000,1084.8,887.6,1102.5,649.1,1009.1,18,1,1009.0,1395,10,1008.9,2312,12,1008.8,3360,16,1008.7,3384,21,1009.2,69,1,1009.3,18,1,1009.4,1,1,1009.5,442,4,1009.6,562,9
317,2025-11-26 13:23:53+05:30,1009.1,85,1000.73,7030508,390506.0,439563.0,986.2,1012.2,981.3,986.2,120447000,1084.8,887.6,1102.5,649.1,1009.1,18,1,1009.0,1395,10,1008.9,2312,12,1008.8,3360,16,1008.7,3384,21,1009.2,69,1,1009.3,18,1,1009.4,1,1,1009.5,442,4,1009.6,562,9
317,2025-11-26 13:23:54+05:30,1009.0,93,1000.73,7030636,390983.0,439209.0,986.2,1012.2,981.3,986.2,120447000,1084.8,887.6,1102.5,649.1,1009.1,112,1,1009.0,1267,8,1008.9,2339,13,1008.8,4037,17,1008.7,3384,21,1009.2,69,1,1009.3,18,1,1009.4,1,1,1009.5,442,4,1009.6,564,10
317,2025-11-26 13:23:54+05:30,1009.3,52,1000.73,7030636,390983.0,439209.0,986.2,1012.2,981.3,986.2,120447000,1084.8,887.6,1102.5,649.1,1009.1,112,1,1009.0,1267,8,1008.9,2339,13,1008.8,4037,17,1008.7,3384,21,1009.2,69,1,1009.3,18,1,1009.4,1,1,1009.5,442,4,1009.6,564,10
317,2025-11-26 13:23:55+05:30,1009.2,13,1000.73,7031013,390945.0,438668.0,986.2,1012.2,981.3,986.2,120447000,1084.8,887.6,1102.5,649.1,1009.0,1267,8,1008.9,2297,12,1008.8,4127,19,1008.7,3384,21,1008.6,857,10,1009.2,79,1,1009.3,45,1,1009.4,1,1,1009.5,361,3,1009.6,1042,10
317,2025-11-26 13:23:55+05:30,1009.0,127,1000.73,7031013,390945.0,438668.0,986.2,1012.2,981.3,986.2,120447000,1084.8,887.6,1102.5,649.1,1009.0,1267,8,1008.9,2297,12,1008.8,4127,19,1008.7,3384,21,1008.6,857,10,1009.2,79,1,1009.3,45,1,1009.4,1,1,1009.5,361,3,1009.6,1042,10
317,2025-11-26 13:23:56+05:30,1009.2,125,1000.73,7031347,389244.0,438472.0,986.2,1012.2,981.3,986.2,120447000,1084.8,887.6,1102.5,649.1,1009.0,1115,9,1008.9,2238,11,1008.8,3383,18,1008.7,3384,21,1008.6,857,10,1009.3,45,1,1009.4,4,2,1009.5,159,2,1009.6,998,9,1009.7,634,10
317,2025-11-26 13:23:56+05:30,1009.3,1,1000.73,7031347,389244.0,438472.0,986.2,1012.2,981.3,986.2,120447000,1084.8,887.6,1102.5,649.1,1009.0,1115,9,1008.9,2238,11,1008.8,3383,18,1008.7,3384,21,1008.6,857,10,1009.3,45,1,1009.4,4,2,1009.5,159,2,1009.6,998,9,1009.7,634,10
317,2025-11-26 13:23:57+05:30,1009.0,127,1000.73,7031603,389643.0,438406.0,986.2,1012.2,981.3,986.2,120447000,1084.8,887.6,1102.5,649.1,1009.0,741,8,1008.9,2232,11,1008.8,3381,18,1008.7,3384,21,1008.6,857,10,1009.2,148,1,1009.3,44,1,1009.4,4,2,1009.5,159,2,1009.6,998,9
317,2025-11-26 13:23:57+05:30,1009.0,128,1000.73,7031603,389643.0,438406.0,986.2,1012.2,981.3,986.2,120447000,1084.8,887.6,1102.5,649.1,1009.0,741,8,1008.9,2232,11,1008.8,3381,18,1008.7,3384,21,1008.6,857,10,1009.2,148,1,1009.3,44,1,1009.4,4,2,1009.5,159,2,1009.6,998,9
317,2025-11-26 13:23:58+05:30,1009.0,1,1000.73,7032008,389401.0,438563.0,986.2,1012.2,981.3,986.2,120447000,1084.8,887.6,1102.5,649.1,1009.0,614,10,1008.9,2257,12,1008.8,4131,19,1008.7,3384,21,1008.6,857,10,1009.3,44,1,1009.4,4,2,1009.5,159,2,1009.6,1040,8,1009.7,595,8
317,2025-11-26 13:23:58+05:30,1009.0,1,1000.73,7032008,389401.0,438563.0,986.2,1012.2,981.3,986.2,120447000,1084.8,887.6,1102.5,649.1,1009.0,614,10,1008.9,2257,12,1008.8,4131,19,1008.7,3384,21,1008.6,857,10,1009.3,44,1,1009.4,4,2,1009.5,159,2,1009.6,1040,8,1009.7,595,8
317,2025-11-26 13:23:59+05:30,1009.0,128,1000.73,7032323,388667.0,438494.0,986.2,1012.2,981.3,986.2,120447000,1084.8,887.6,1102.5,649.1,1009.0,539,11,1008.9,2264,12,1008.8,3381,18,1008.7,3375,20,1008.6,886,11,1009.3,45,1,1009.4,4,2,1009.5,159,2,1009.6,1066,8,1009.7,538,6
317,2025-11-26 13:23:59+05:30,1009.0,1,1000.73,7032323,388667.0,438494.0,986.2,1012.2,981.3,986.2,120447000,1084.8,887.6,1102.5,649.1,1009.0,539,11,1008.9,2264,12,1008.8,3381,18,1008.7,3375,20,1008.6,886,11,1009.3,45,1,1009.4,4,2,1009.5,159,2,1009.6,1066,8,1009.7,538,6
317,2025-11-26 13:24:00+05:30,1009.0,3,1000.74,7032843,387061.0,438553.0,986.2,1012.2,981.3,986.2,120447000,1084.8,887.6,1102.5,649.1,1009.0,201,7,1008.9,1999,8,1008.8,3080,14,1008.7,3029,18,1008.6,593,8,1009.3,44,1,1009.4,104,3,1009.5,603,5,1009.6,1014,7,1009.7,538,6
317,2025-11-26 13:24:00+05:30,1009.0,3,1000.74,7032843,387061.0,438553.0,986.2,1012.2,981.3,986.2,120447000,1084.8,887.6,1102.5,649.1,1009.0,201,7,1008.9,1999,8,1008.8,3080,14,1008.7,3029,18,1008.6,593,8,1009.3,44,1,1009.4,104,3,1009.5,603,5,1009.6,1014,7,1009.7,538,6
317,2025-11-26 13:24:01+05:30,1009.0,11,1000.74,7033726,388412.0,437968.0,986.2,1012.2,981.3,986.2,120447000,1084.8,887.6,1102.5,649.1,1009.0,556,11,1008.9,2524,13,1008.8,3296,18,1008.7,3182,18,1008.6,862,12,1009.3,43,1,1009.4,1,1,1009.5,236,3,1009.6,1014,7,1009.7,567,9
317,2025-11-26 13:24:01+05:30,1009.0,11,1000.74,7033726,388412.0,437968.0,986.2,1012.2,981.3,986.2,120447000,1084.8,887.6,1102.5,649.1,1009.0,556,11,1008.9,2524,13,1008.8,3296,18,1008.7,3182,18,1008.6,862,12,1009.3,43,1,1009.4,1,1,1009.5,236,3,1009.6,1014,7,1009.7,567,9
317,2025-11-26 13:24:02+05:30,1009.0,19,1000.74,7033853,388445.0,438092.0,986.2,1012.2,981.3,986.2,120447000,1084.8,887.6,1102.5,649.1,1009.0,480,9,1008.9,2586,15,1008.8,3296,18,1008.7,3182,18,1008.6,833,11,1009.3,43,1,1009.4,38,2,1009.5,187,2,1009.6,1014,7,1009.7,572,10
317,2025-11-26 13:24:02+05:30,1009.3,4,1000.74,7033853,388445.0,438092.0,986.2,1012.2,981.3,986.2,120447000,1084.8,887.6,1102.5,649.1,1009.0,480,9,1008.9,2586,15,1008.8,3296,18,1008.7,3182,18,1008.6,833,11,1009.3,43,1,1009.4,38,2,1009.5,187,2,1009.6,1014,7,1009.7,572,10
317,2025-11-26 13:24:03+05:30,1009.4,39,1000.74,7034379,389345.0,437789.0,986.2,1012.2,981.3,986.2,120447000,1084.8,887.6,1102.5,649.1,1009.1,602,8,1009.0,2393,16,1008.9,2119,11,1008.8,4616,19,1008.7,1140,18,1009.4,37,1,1009.6,345,5,1009.7,1198,11,1009.8,957,10,1009.9,1367,19
317,2025-11-26 13:24:03+05:30,1009.1,25,1000.74,7034379,389345.0,437789.0,986.2,1012.2,981.3,986.2,120447000,1084.8,887.6,1102.5,649.1,1009.1,602,8,1009.0,2393,16,1008.9,2119,11,1008.8,4616,19,1008.7,1140,18,1009.4,37,1,1009.6,345,5,1009.7,1198,11,1009.8,957,10,1009.9,1367,19
317,2025-11-26 13:24:04+05:30,1009.0,42,1000.74,7035292,388821.0,438313.0,986.2,1012.2,981.3,986.2,120447000,1084.8,887.6,1102.5,649.1,1009.0,1712,10,1008.9,1260,7,1008.8,4607,19,1008.7,1140,18,1008.6,809,9,1009.3,2,1,1009.4,46,2,1009.6,1008,7,1009.7,624,11,1009.8,1255,11
317,2025-11-26 13:24:04+05:30,1009.0,42,1000.74,7035292,388821.0,438313.0,986.2,1012.2,981.3,986.2,120447000,1084.8,887.6,1102.5,649.1,1009.0,1712,10,1008.9,1260,7,1008.8,4607,19,1008.7,1140,18,1008.6,809,9,1009.3,2,1,1009.4,46,2,1009.6,1008,7,1009.7,624,11,1009.8,1255,11
317,2025-11-26 13:24:05+05:30,1009.3,18,1000.74,7035442,390790.0,438447.0,986.2,1012.2,981.3,986.2,120447000,1084.8,887.6,1102.5,649.1,1009.2,132,2,1009.1,151,2,1009.0,2635,11,1008.9,2239,12,1008.8,3795,18,1009.3,108,1,1009.4,46,2,1009.5,112,1,1009.6,876,7,1009.7,676,11
317,2025-11-26 13:24:05+05:30,1009.3,18,1000.74,7035442,390790.0,438447.0,986.2,1012.2,981.3,986.2,120447000,1084.8,887.6,1102.5,649.1,1009.2,132,2,1009.1,151,2,1009.0,2635,11,1008.9,2239,12,1008.8,3795,18,1009.3,108,1,1009.4,46,2,1009.5,112,1,1009.6,876,7,1009.7,676,11
317,2025-11-26 13:24:06+05:30,1009.2,52,1000.74,7035442,390790.0,438447.0,986.2,1012.2,981.3,986.2,120447000,1084.8,887.6,1102.5,649.1,1009.2,132,2,1009.1,151,2,1009.0,2635,11,1008.9,2239,12,1008.8,3795,18,1009.3,108,1,1009.4,46,2,1009.5,112,1,1009.6,876,7,1009.7,676,11
317,2025-11-26 13:24:06+05:30,1009.2,52,1000.74,7036538,388588.0,438912.0,986.2,1012.2,981.3,986.2,120447000,1084.8,887.6,1102.5,649.1,1009.2,108,2,1009.1,51,1,1009.0,2077,12,1008.9,1619,12,1008.8,3998,19,1009.3,97,1,1009.4,61,2,1009.5,212,2,1009.6,949,6,1009.7,622,10
317,2025-11-26 13:24:07+05:30,1009.4,17,1000.74,7036538,388588.0,438912.0,986.2,1012.2,981.3,986.2,120447000,1084.8,887.6,1102.5,649.1,1009.2,108,2,1009.1,51,1,1009.0,2077,12,1008.9,1619,12,1008.8,3998,19,1009.3,97,1,1009.4,61,2,1009.5,212,2,1009.6,949,6,1009.7,622,10
317,2025-11-26 13:24:07+05:30,1009.4,17,1000.74,7037299,388099.0,438964.0,986.2,1012.2,981.3,986.2,120447000,1084.8,887.6,1102.5,649.1,1009.0,1892,11,1008.9,2372,13,1008.8,4001,19,1008.7,1140,18,1008.6,809,9,1009.4,47,3,1009.5,212,2,1009.6,1109,8,1009.7,725,11,1009.8,731,10
317,2025-11-26 13:24:08+05:30,1009.0,127,1000.74,7037299,388099.0,438964.0,986.2,1012.2,981.3,986.2,120447000,1084.8,887.6,1102.5,649.1,1009.0,1892,11,1008.9,2372,13,1008.8,4001,19,1008.7,1140,18,1008.6,809,9,1009.4,47,3,1009.5,212,2,1009.6,1109,8,1009.7,725,11,1009.8,731,10
317,2025-11-26 13:24:08+05:30,1009.0,16,1000.74,7038180,386472.0,439081.0,986.2,1012.2,981.3,986.2,120447000,1084.8,887.6,1102.5,649.1,1009.0,949,7,1008.9,1267,8,1008.8,3669,15,1008.7,953,10,1008.6,809,9,1009.4,129,4,1009.5,287,3,1009.6,1216,11,1009.7,725,11,1009.8,908,9
317,2025-11-26 13:24:09+05:30,1009.0,53,1000.74,7038180,386472.0,439081.0,986.2,1012.2,981.3,986.2,120447000,1084.8,887.6,1102.5,649.1,1009.0,949,7,1008.9,1267,8,1008.8,3669,15,1008.7,953,10,1008.6,809,9,1009.4,129,4,1009.5,287,3,1009.6,1216,11,1009.7,725,11,1009.8,908,9
317,2025-11-26 13:24:09+05:30,1009.0,40,1000.74,7039421,387661.0,438758.0,986.2,1012.2,981.3,986.2,120447000,1084.8,887.6,1102.5,649.1,1009.0,1657,9,1008.9,1387,9,1008.8,3180,20,1008.7,1876,17,1008.6,1157,11,1009.4,51,1,1009.5,333,5,1009.6,1096,9,1009.7,709,9,1009.8,912,10
317,2025-11-26 13:24:10+05:30,1009.3,100,1000.74,7039421,387661.0,438758.0,986.2,1012.2,981.3,986.2,120447000,1084.8,887.6,1102.5,649.1,1009.0,1657,9,1008.9,1387,9,1008.8,3180,20,1008.7,1876,17,1008.6,1157,11,1009.4,51,1,1009.5,333,5,1009.6,1096,9,1009.7,709,9,1009.8,912,10
317,2025-11-26 13:24:10+05:30,1009.3,2,1000.74,7039779,388869.0,438596.0,986.2,1012.2,981.3,986.2,120447000,1084.8,887.6,1102.5,649.1,1009.2,74,1,1009.0,1576,11,1008.9,1392,7,1008.8,2955,17,1008.7,1882,18,1009.3,26,1,1009.4,48,1,1009.5,283,5,1009.6,1087,10,1009.7,709,9
317,2025-11-26 13:24:11+05:30,1009.2,80,1000.74,7039779,388869.0,438596.0,986.2,1012.2,981.3,986.2,120447000,1084.8,887.6,1102.5,649.1,1009.2,74,1,1009.0,1576,11,1008.9,1392,7,1008.8,2955,17,1008.7,1882,18,1009.3,26,1,1009.4,48,1,1009.5,283,5,1009.6,1087,10,1009.7,709,9
317,2025-11-26 13:24:11+05:30,1009.2,80,1000.74,7039933,390644.0,438398.0,986.2,1012.2,981.3,986.2,120447000,1084.8,887.6,1102.5,649.1,1009.0,1695,14,1008.9,3074,13,1008.8,3345,22,1008.7,1913,19,1008.6,800,8,1009.2,137,1,1009.4,3,1,1009.5,250,4,1009.6,792,5,1009.7,710,9
317,2025-11-26 13:24:12+05:30,1009.2,6,1000.74,7039933,390644.0,438398.0,986.2,1012.2,981.3,986.2,120447000,1084.8,887.6,1102.5,649.1,1009.0,1695,14,1008.9,3074,13,1008.8,3345,22,1008.7,1913,19,1008.6,800,8,1009.2,137,1,1009.4,3,1,1009.5,250,4,1009.6,792,5,1009.7,710,9
317,2025-11-26 13:24:12+05:30,1009.2,6,1000.74,7040198,389824.0,439106.0,986.2,1012.2,981.3,986.2,120447000,1084.8,887.6,1102.5,649.1,1009.0,1233,11,1008.9,3063,13,1008.8,3345,22,1008.7,1913,19,1008.6,800,8,1009.2,127,1,1009.4,3,1,1009.5,250,4,1009.6,848,6,1009.7,770,11
317,2025-11-26 13:24:13+05:30,1009.2,122,1000.74,7040198,389824.0,439106.0,986.2,1012.2,981.3,986.2,120447000,1084.8,887.6,1102.5,649.1,1009.0,1233,11,1008.9,3063,13,1008.8,3345,22,1008.7,1913,19,1008.6,800,8,1009.2,127,1,1009.4,3,1,1009.5,250,4,1009.6,848,6,1009.7,770,11
317,2025-11-26 13:24:14+05:30,1009.0,9,1000.75,7040959,388663.0,440203.0,986.2,1012.2,981.3,986.2,120447000,1084.8,887.6,1102.5,649.1,1009.0,202,6,1008.9,2089,10,1008.8,3389,20,1008.7,3307,22,1008.6,840,10,1009.2,137,1,1009.4,3,1,1009.5,287,6,1009.6,438,6,1009.7,1271,10
317,2025-11-26 13:24:14+05:30,1009.0,6,1000.75,7040959,388663.0,440203.0,986.2,1012.2,981.3,986.2,120447000,1084.8,887.6,1102.5,649.1,1009.0,202,6,1008.9,2089,10,1008.8,3389,20,1008.7,3307,22,1008.6,840,10,1009.2,137,1,1009.4,3,1,1009.5,287,6,1009.6,438,6,1009.7,1271,10
317,2025-11-26 13:24:15+05:30,1009.2,3,1000.75,7041593,388785.0,439622.0,986.2,1012.2,981.3,986.2,120447000,1084.8,887.6,1102.5,649.1,1009.0,28,2,1008.9,2624,9,1008.8,3250,19,1008.7,3241,21,1008.6,692,7,1009.2,96,1,1009.4,205,2,1009.5,306,5,1009.6,949,7,1009.7,717,9
317,2025-11-26 13:24:15+05:30,1008.9,101,1000.75,7041593,388785.0,439622.0,986.2,1012.2,981.3,986.2,120447000,1084.8,887.6,1102.5,649.1,1009.0,28,2,1008.9,2624,9,1008.8,3250,19,1008.7,3241,21,1008.6,692,7,1009.2,96,1,1009.4,205,2,1009.5,306,5,1009.6,949,7,1009.7,717,9
317,2025-11-26 13:24:16+05:30,1009.2,49,1000.75,7042027,388713.0,439079.0,986.2,1012.2,981.3,986.2,120447000,1084.8,887.6,1102.5,649.1,1009.0,16,1,1008.9,2531,10,1008.8,3374,21,1008.7,3168,16,1008.6,1211,9,1009.2,45,1,1009.4,205,2,1009.5,292,5,1009.6,909,7,1009.7,780,10
317,2025-11-26 13:24:16+05:30,1009.0,580,1000.75,7042027,388713.0,439079.0,986.2,1012.2,981.3,986.2,120447000,1084.8,887.6,1102.5,649.1,1009.0,16,1,1008.9,2531,10,1008.8,3374,21,1008.7,3168,16,1008.6,1211,9,1009.2,45,1,1009.4,205,2,1009.5,292,5,1009.6,909,7,1009.7,780,10
317,2025-11-26 13:24:17+05:30,1009.0,18,1000.75,7043125,387878.0,438096.0,986.2,1012.2,981.3,986.2,120447000,1084.8,887.6,1102.5,649.1,1009.0,214,6,1008.9,2673,13,1008.8,3264,18,1008.7,3122,15,1008.6,1298,11,1009.4,87,1,1009.5,183,4,1009.6,873,7,1009.7,828,10,1009.8,1108,17
317,2025-11-26 13:24:17+05:30,1009.0,18,1000.75,7043125,387878.0,438096.0,986.2,1012.2,981.3,986.2,120447000,1084.8,887.6,1102.5,649.1,1009.0,214,6,1008.9,2673,13,1008.8,3264,18,1008.7,3122,15,1008.6,1298,11,1009.4,87,1,1009.5,183,4,1009.6,873,7,1009.7,828,10,1009.8,1108,17
317,2025-11-26 13:24:18+05:30,1009.0,48,1000.75,7043519,386878.0,438323.0,986.2,1012.2,981.3,986.2,120447000,1084.8,887.6,1102.5,649.1,1009.0,82,2,1008.9,2696,13,1008.8,2216,14,1008.7,2145,12,1008.6,1989,11,1009.4,87,1,1009.5,385,5,1009.6,873,7,1009.7,755,9,1009.8,1294,17
317,2025-11-26 13:24:18+05:30,1009.0,48,1000.75,7043519,386878.0,438323.0,986.2,1012.2,981.3,986.2,120447000,1084.8,887.6,1102.5,649.1,1009.0,82,2,1008.9,2696,13,1008.8,2216,14,1008.7,2145,12,1008.6,1989,11,1009.4,87,1,1009.5,385,5,1009.6,873,7,1009.7,755,9,1009.8,1294,17
317,2025-11-26 13:24:19+05:30,1009.0,48,1000.75,7043519,388082.0,438729.0,986.2,1012.2,981.3,986.2,120447000,1084.8,887.6,1102.5,649.1,1009.2,128,3,1009.0,182,1,1008.9,2860,14,1008.8,2431,16,1008.7,2145,12,1009.4,87,1,1009.5,385,5,1009.6,916,8,1009.7,659,7,1009.8,1406,18
317,2025-11-26 13:24:20+05:30,1009.4,1,1000.75,7043520,386955.0,437976.0,986.2,1012.2,981.3,986.2,120447000,1084.8,887.6,1102.5,649.1,1009.2,141,4,1009.0,182,1,1008.9,2812,13,1008.8,2475,17,1008.7,2145,12,1009.5,283,5,1009.6,964,9,1009.7,659,7,1009.8,1125,18,1009.9,1074,11
317,2025-11-26 13:24:20+05:30,1009.4,1,1000.75,7043520,386955.0,437976.0,986.2,1012.2,981.3,986.2,120447000,1084.8,887.6,1102.5,649.1,1009.2,141,4,1009.0,182,1,1008.9,2812,13,1008.8,2475,17,1008.7,2145,12,1009.5,283,5,1009.6,964,9,1009.7,659,7,1009.8,1125,18,1009.9,1074,11
317,2025-11-26 13:24:21+05:30,1009.5,1,1000.75,7043648,387090.0,438545.0,986.2,1012.2,981.3,986.2,120447000,1084.8,887.6,1102.5,649.1,1009.2,201,5,1009.0,378,2,1008.9,2812,13,1008.8,2358,15,1008.7,2214,14,1009.5,282,5,1009.6,964,9,1009.7,712,8,1009.8,807,16,1009.9,1423,15
317,2025-11-26 13:24:21+05:30,1009.5,1,1000.75,7043648,387090.0,438545.0,986.2,1012.2,981.3,986.2,120447000,1084.8,887.6,1102.5,649.1,1009.2,201,5,1009.0,378,2,1008.9,2812,13,1008.8,2358,15,1008.7,2214,14,1009.5,282,5,1009.6,964,9,1009.7,712,8,1009.8,807,16,1009.9,1423,15
317,2025-11-26 13:24:22+05:30,1009.2,1,1000.75,7043649,388809.0,439103.0,986.2,1012.2,981.3,986.2,120447000,1084.8,887.6,1102.5,649.1,1009.2,148,4,1009.0,202,1,1008.9,2812,13,1008.8,2358,15,1008.7,2214,14,1009.3,75,1,1009.4,148,1,1009.5,326,6,1009.6,920,8,1009.7,712,8
317,2025-11-26 13:24:22+05:30,1009.3,4,1000.75,7043649,388809.0,439103.0,986.2,1012.2,981.3,986.2,120447000,1084.8,887.6,1102.5,649.1,1009.2,148,4,1009.0,202,1,1008.9,2812,13,1008.8,2358,15,1008.7,2214,14,1009.3,75,1,1009.4,148,1,1009.5,326,6,1009.6,920,8,1009.7,712,8
317,2025-11-26 13:24:23+05:30,1009.3,1,1000.75,7043681,388601.0,439115.0,986.2,1012.2,981.3,986.2,120447000,1084.8,887.6,1102.5,649.1,1009.2,148,4,1009.0,202,1,1008.9,2812,13,1008.8,2358,15,1008.7,2214,14,1009.3,44,2,1009.4,198,2,1009.5,326,6,1009.6,920,8,1009.7,712,8
317,2025-11-26 13:24:23+05:30,1009.2,2,1000.75,7043681,388601.0,439115.0,986.2,1012.2,981.3,986.2,120447000,1084.8,887.6,1102.5,649.1,1009.2,148,4,1009.0,202,1,1008.9,2812,13,1008.8,2358,15,1008.7,2214,14,1009.3,44,2,1009.4,198,2,1009.5,326,6,1009.6,920,8,1009.7,712,8
317,2025-11-26 13:24:24+05:30,1009.2,2,1000.75,7043809,388100.0,439224.0,986.2,1012.2,981.3,986.2,120447000,1084.8,887.6,1102.5,649.1,1009.2,42,2,1008.9,2672,11,1008.8,2464,17,1008.7,2331,16,1008.6,2367,13,1009.3,44,2,1009.4,198,2,1009.5,379,7,1009.6,976,9,1009.7,712,8
317,2025-11-26 13:24:24+05:30,1009.2,15,1000.75,7043809,388100.0,439224.0,986.2,1012.2,981.3,986.2,120447000,1084.8,887.6,1102.5,649.1,1009.2,42,2,1008.9,2672,11,1008.8,2464,17,1008.7,2331,16,1008.6,2367,13,1009.3,44,2,1009.4,198,2,1009.5,379,7,1009.6,976,9,1009.7,712,8
317,2025-11-26 13:24:25+05:30,1009.2,2,1000.75,7044136,387730.0,440031.0,986.2,1012.2,981.3,986.2,120447000,1084.8,887.6,1102.5,649.1,1008.9,2560,10,1008.8,2394,17,1008.7,2362,15,1008.6,2022,11,1008.5,2444,18,1009.2,56,1,1009.3,47,3,1009.4,298,3,1009.5,500,8,1009.6,928,7
317,2025-11-26 13:24:25+05:30,1009.0,127,1000.75,7044136,387730.0,440031.0,986.2,1012.2,981.3,986.2,120447000,1084.8,887.6,1102.5,649.1,1008.9,2560,10,1008.8,2394,17,1008.7,2362,15,1008.6,2022,11,1008.5,2444,18,1009.2,56,1,1009.3,47,3,1009.4,298,3,1009.5,500,8,1009.6,928,7
317,2025-11-26 13:24:26+05:30,1009.0,126,1000.75,7044593,388694.0,439776.0,986.2,1012.2,981.3,986.2,120447000,1084.8,887.6,1102.5,649.1,1009.0,629,2,1008.9,2500,9,1008.8,3103,17,1008.7,2453,17,1008.6,2022,11,1009.3,27,2,1009.4,253,4,1009.5,356,7,1009.6,978,8,1009.7,824,12
317,2025-11-26 13:24:26+05:30,1008.9,124,1000.75,7044593,388694.0,439776.0,986.2,1012.2,981.3,986.2,120447000,1084.8,887.6,1102.5,649.1,1009.0,629,2,1008.9,2500,9,1008.8,3103,17,1008.7,2453,17,1008.6,2022,11,1009.3,27,2,1009.4,253,4,1009.5,356,7,1009.6,978,8,1009.7,824,12
317,2025-11-26 13:24:27+05:30,1008.9,128,1000.75,7046301,385803.0,438480.0,986.2,1012.2,981.3,986.2,120447000,1084.8,887.6,1102.5,649.1,1008.9,1704,10,1008.8,2133,13,1008.7,2209,13,1008.6,2002,11,1008.5,2638,19,1009.3,87,1,1009.4,158,3,1009.5,535,9,1009.6,1043,8,1009.7,778,9
317,2025-11-26 13:24:27+05:30,1008.9,127,1000.75,7046301,385803.0,438480.0,986.2,1012.2,981.3,986.2,120447000,1084.8,887.6,1102.5,649.1,1008.9,1704,10,1008.8,2133,13,1008.7,2209,13,1008.6,2002,11,1008.5,2638,19,1009.3,87,1,1009.4,158,3,1009.5,535,9,1009.6,1043,8,1009.7,778,9
317,2025-11-26 13:24:28+05:30,1008.9,128,1000.75,7046771,385454.0,439558.0,986.2,1012.2,981.3,986.2,120447000,1084.8,887.6,1102.5,649.1,1008.9,1138,5,1008.8,1821,8,1008.7,1918,9,1008.6,1912,13,1008.5,2054,21,1009.3,437,7,1009.4,482,8,1009.5,1133,12,1009.6,521,7,1009.7,1123,10
317,2025-11-26 13:24:28+05:30,1009.3,26,1000.75,7046771,385454.0,439558.0,986.2,1012.2,981.3,986.2,120447000,1084.8,887.6,1102.5,649.1,1008.9,1138,5,1008.8,1821,8,1008.7,1918,9,1008.6,1912,13,1008.5,2054,21,1009.3,437,7,1009.4,482,8,1009.5,1133,12,1009.6,521,7,1009.7,1123,10
317,2025-11-26 13:24:29+05:30,1008.9,8,1000.75,7047393,382038.0,441511.0,986.2,1012.2,981.3,986.2,120447000,1084.8,887.6,1102.5,649.1,1008.9,25,2,1008.8,130,3,1008.7,1878,6,1008.6,1538,7,1008.5,1571,13,1009.1,3,1,1009.2,112,1,1009.3,338,6,1009.4,1091,11,1009.5,970,12
317,2025-11-26 13:24:29+05:30,1008.9,8,1000.75,7047393,382038.0,441511.0,986.2,1012.2,981.3,986.2,120447000,1084.8,887.6,1102.5,649.1,1008.9,25,2,1008.8,130,3,1008.7,1878,6,1008.6,1538,7,1008.5,1571,13,1009.1,3,1,1009.2,112,1,1009.3,338,6,1009.4,1091,11,1009.5,970,12
317,2025-11-26 13:24:30+05:30,1008.8,11,1000.75,7047709,382290.0,439966.0,986.2,1012.2,981.3,986.2,120447000,1084.8,887.6,1102.5,649.1,1008.8,365,6,1008.7,2138,10,1008.6,2488,10,1008.5,2920,14,1008.4,1811,20,1009.2,3,1,1009.3,183,3,1009.4,1047,8,1009.5,670,9,1009.6,627,11
317,2025-11-26 13:24:30+05:30,1008.8,11,1000.75,7047709,382290.0,439966.0,986.2,1012.2,981.3,986.2,120447000,1084.8,887.6,1102.5,649.1,1008.8,365,6,1008.7,2138,10,1008.6,2488,10,1008.5,2920,14,1008.4,1811,20,1009.2,3,1,1009.3,183,3,1009.4,1047,8,1009.5,670,9,1009.6,627,11
317,2025-11-26 13:24:31+05:30,1008.8,76,1000.75,7048093,382201.0,440040.0,986.2,1012.2,981.3,986.2,120447000,1084.8,887.6,1102.5,649.1,1008.8,172,3,1008.7,2080,9,1008.6,2514,12,1008.5,2894,12,1008.4,1811,20,1009.2,2,1,1009.3,295,4,1009.4,1047,8,1009.5,670,9,1009.6,884,11
317,2025-11-26 13:24:31+05:30,1009.1,95,1000.75,7048093,382201.0,440040.0,986.2,1012.2,981.3,986.2,120447000,1084.8,887.6,1102.5,649.1,1008.8,172,3,1008.7,2080,9,1008.6,2514,12,1008.5,2894,12,1008.4,1811,20,1009.2,2,1,1009.3,295,4,1009.4,1047,8,1009.5,670,9,1009.6,884,11
317,2025-11-26 13:24:32+05:30,1009.0,133,1000.75,7048664,383355.0,441471.0,986.2,1012.2,981.3,986.2,120447000,1084.8,887.6,1102.5,649.1,1008.8,284,5,1008.7,1131,7,1008.6,3196,10,1008.5,1497,11,1008.4,3865,18,1009.0,37,1,1009.1,95,1,1009.2,3,1,1009.3,358,5,1009.4,976,9
317,2025-11-26 13:24:32+05:30,1009.0,123,1000.75,7048664,383355.0,441471.0,986.2,1012.2,981.3,986.2,120447000,1084.8,887.6,1102.5,649.1,1008.8,284,5,1008.7,1131,7,1008.6,3196,10,1008.5,1497,11,1008.4,3865,18,1009.0,37,1,1009.1,95,1,1009.2,3,1,1009.3,358,5,1009.4,976,9
317,2025-11-26 13:24:33+05:30,1009.0,1,1000.75,7049290,384567.0,441458.0,986.2,1012.2,981.3,986.2,120447000,1084.8,887.6,1102.5,649.1,1009.0,62,3,1008.9,8,1,1008.8,757,10,1008.7,2736,10,1008.6,3283,13,1009.1,95,1,1009.2,3,1,1009.3,130,2,1009.4,942,7,1009.5,670,9
317,2025-11-26 13:24:33+05:30,1009.0,1,1000.75,7049290,384567.0,441458.0,986.2,1012.2,981.3,986.2,120447000,1084.8,887.6,1102.5,649.1,1009.0,62,3,1008.9,8,1,1008.8,757,10,1008.7,2736,10,1008.6,3283,13,1009.1,95,1,1009.2,3,1,1009.3,130,2,1009.4,942,7,1009.5,670,9
317,2025-11-26 13:24:34+05:30,1009.0,119,1000.76,7049531,383564.0,441106.0,986.2,1012.2,981.3,986.2,120447000,1084.8,887.6,1102.5,649.1,1009.0,62,2,1008.9,8,1,1008.8,607,10,1008.7,2729,11,1008.6,2547,11,1009.1,95,1,1009.2,3,1,1009.3,100,1,1009.4,907,7,1009.5,567,9
317,2025-11-26 13:24:34+05:30,1009.0,119,1000.76,7049531,383564.0,441106.0,986.2,1012.2,981.3,986.2,120447000,1084.8,887.6,1102.5,649.1,1009.0,62,2,1008.9,8,1,1008.8,607,10,1008.7,2729,11,1008.6,2547,11,1009.1,95,1,1009.2,3,1,1009.3,100,1,1009.4,907,7,1009.5,567,9
317,2025-11-26 13:24:35+05:30,1009.2,3,1000.76,7050040,385262.0,440084.0,986.2,1012.2,981.3,986.2,120447000,1084.8,887.6,1102.5,649.1,1009.2,225,3,1009.0,13,1,1008.9,256,3,1008.8,795,11,1008.7,3695,14,1009.3,100,1,1009.4,55,2,1009.5,1057,9,1009.6,600,8,1009.7,887,10
317,2025-11-26 13:24:35+05:30,1009.2,53,1000.76,7050040,385262.0,440084.0,986.2,1012.2,981.3,986.2,120447000,1084.8,887.6,1102.5,649.1,1009.2,225,3,1009.0,13,1,1008.9,256,3,1008.8,795,11,1008.7,3695,14,1009.3,100,1,1009.4,55,2,1009.5,1057,9,1009.6,600,8,1009.7,887,10
317,2025-11-26 13:24:36+05:30,1009.2,31,1000.76,7050297,385348.0,440446.0,986.2,1012.2,981.3,986.2,120447000,1084.8,887.6,1102.5,649.1,1009.2,154,2,1009.0,16,2,1008.9,215,2,1008.8,2301,13,1008.7,2221,14,1009.3,99,1,1009.4,249,5,1009.5,1151,11,1009.6,600,8,1009.7,887,10
317,2025-11-26 13:24:36+05:30,1009.2,31,1000.76,7050297,385348.0,440446.0,986.2,1012.2,981.3,986.2,120447000,1084.8,887.6,1102.5,649.1,1009.2,154,2,1009.0,16,2,1008.9,215,2,1008.8,2301,13,1008.7,2221,14,1009.3,99,1,1009.4,249,5,1009.5,1151,11,1009.6,600,8,1009.7,887,10
317,2025-11-26 13:24:37+05:30,1009.2,31,1000.76,7050297,384803.0,440234.0,986.2,1012.2,981.3,986.2,120447000,1084.8,887.6,1102.5,649.1,1009.2,243,4,1009.0,3,1,1008.9,13,1,1008.8,2361,14,1008.7,2156,12,1009.3,99,1,1009.4,244,4,1009.5,1151,11,1009.6,602,9,1009.7,1185,11
317,2025-11-26 13:24:38+05:30,1009.2,31,1000.76,7050297,384803.0,440308.0,986.2,1012.2,981.3,986.2,120447000,1084.8,887.6,1102.5,649.1,1009.2,243,4,1009.0,3,1,1008.9,13,1,1008.8,2361,14,1008.7,2156,12,1009.3,99,1,1009.4,244,4,1009.5,1151,11,1009.6,602,9,1009.7,1185,11
317,2025-11-26 13:24:39+05:30,1009.2,31,1000.76,7050297,384854.0,440340.0,986.2,1012.2,981.3,986.2,120447000,1084.8,887.6,1102.5,649.1,1009.2,265,5,1009.0,3,1,1008.9,13,1,1008.8,2361,14,1008.7,2185,13,1009.3,99,1,1009.4,276,5,1009.5,1151,11,1009.6,600,8,1009.7,1187,12
317,2025-11-26 13:24:40+05:30,1009.3,2,1000.76,7050299,383428.0,440575.0,986.2,1012.2,981.3,986.2,120447000,1084.8,887.6,1102.5,649.1,1009.2,265,5,1009.0,3,1,1008.9,13,1,1008.8,708,10,1008.7,2944,12,1009.3,223,2,1009.4,467,8,1009.5,1109,10,1009.6,559,7,1009.7,1190,13
317,2025-11-26 13:24:40+05:30,1009.3,2,1000.76,7050299,383428.0,440575.0,986.2,1012.2,981.3,986.2,120447000,1084.8,887.6,1102.5,649.1,1009.2,265,5,1009.0,3,1,1008.9,13,1,1008.8,708,10,1008.7,2944,12,1009.3,223,2,1009.4,467,8,1009.5,1109,10,1009.6,559,7,1009.7,1190,13
317,2025-11-26 13:24:41+05:30,1009.2,50,1000.76,7050299,383428.0,440575.0,986.2,1012.2,981.3,986.2,120447000,1084.8,887.6,1102.5,649.1,1009.2,265,5,1009.0,3,1,1008.9,13,1,1008.8,708,10,1008.7,2944,12,1009.3,223,2,1009.4,467,8,1009.5,1109,10,1009.6,559,7,1009.7,1190,13
317,2025-11-26 13:24:41+05:30,1009.2,50,1000.76,7050713,383177.0,440563.0,986.2,1012.2,981.3,986.2,120447000,1084.8,887.6,1102.5,649.1,1009.2,135,3,1008.8,1431,11,1008.7,2305,13,1008.6,2800,16,1008.5,3270,22,1009.3,220,2,1009.4,328,6,1009.5,563,9,1009.6,1093,9,1009.7,1190,13
317,2025-11-26 13:24:42+05:30,1009.3,5,1000.76,7050713,383177.0,440563.0,986.2,1012.2,981.3,986.2,120447000,1084.8,887.6,1102.5,649.1,1009.2,135,3,1008.8,1431,11,1008.7,2305,13,1008.6,2800,16,1008.5,3270,22,1009.3,220,2,1009.4,328,6,1009.5,563,9,1009.6,1093,9,1009.7,1190,13
317,2025-11-26 13:24:42+05:30,1009.3,5,1000.76,7050722,384786.0,440355.0,986.2,1012.2,981.3,986.2,120447000,1084.8,887.6,1102.5,649.1,1009.2,135,3,1008.9,183,1,1008.8,607,10,1008.7,3768,15,1008.6,4220,18,1009.3,211,2,1009.4,328,6,1009.5,563,9,1009.6,598,8,1009.7,1405,13
317,2025-11-26 13:24:43+05:30,1009.2,78,1000.76,7050722,384786.0,440355.0,986.2,1012.2,981.3,986.2,120447000,1084.8,887.6,1102.5,649.1,1009.2,135,3,1008.9,183,1,1008.8,607,10,1008.7,3768,15,1008.6,4220,18,1009.3,211,2,1009.4,328,6,1009.5,563,9,1009.6,598,8,1009.7,1405,13
317,2025-11-26 13:24:43+05:30,1009.2,78,1000.76,7050828,384886.0,440287.0,986.2,1012.2,981.3,986.2,120447000,1084.8,887.6,1102.5,649.1,1009.2,52,3,1008.9,183,1,1008.8,2107,12,1008.7,2268,13,1008.6,2752,17,1009.3,188,2,1009.4,276,5,1009.5,524,8,1009.6,637,9,1009.7,1703,14
317,2025-11-26 13:24:44+05:30,1009.2,75,1000.76,7050958,382937.0,440853.0,986.2,1012.2,981.3,986.2,120447000,1084.8,887.6,1102.5,649.1,1009.2,97,2,1008.8,1939,10,1008.7,1378,9,1008.6,2827,17,1008.5,3238,22,1009.3,185,2,1009.4,538,7,1009.5,563,9,1009.6,559,7,1009.7,1703,14
317,2025-11-26 13:24:44+05:30,1009.2,75,1000.76,7050958,382937.0,440853.0,986.2,1012.2,981.3,986.2,120447000,1084.8,887.6,1102.5,649.1,1009.2,97,2,1008.8,1939,10,1008.7,1378,9,1008.6,2827,17,1008.5,3238,22,1009.3,185,2,1009.4,538,7,1009.5,563,9,1009.6,559,7,1009.7,1703,14
317,2025-11-26 13:24:45+05:30,1009.2,1,1000.76,7050961,382768.0,440278.0,986.2,1012.2,981.3,986.2,120447000,1084.8,887.6,1102.5,649.1,1009.2,96,2,1008.8,645,9,1008.7,2933,12,1008.6,2827,17,1008.5,3238,22,1009.3,183,2,1009.4,297,5,1009.5,602,10,1009.6,559,7,1009.7,1728,15
317,2025-11-26 13:24:45+05:30,1009.2,1,1000.76,7050961,382768.0,440278.0,986.2,1012.2,981.3,986.2,120447000,1084.8,887.6,1102.5,649.1,1009.2,96,2,1008.8,645,9,1008.7,2933,12,1008.6,2827,17,1008.5,3238,22,1009.3,183,2,1009.4,297,5,1009.5,602,10,1009.6,559,7,1009.7,1728,15
317,2025-11-26 13:24:46+05:30,1009.3,2,1000.76,7050964,383262.0,440275.0,986.2,1012.2,981.3,986.2,120447000,1084.8,887.6,1102.5,649.1,1009.2,96,2,1008.9,198,1,1008.8,551,9,1008.7,2894,11,1008.6,2834,17,1009.3,180,2,1009.4,336,6,1009.5,563,9,1009.6,559,7,1009.7,1728,15
317,2025-11-26 13:24:46+05:30,1009.3,2,1000.76,7050964,383262.0,440275.0,986.2,1012.2,981.3,986.2,120447000,1084.8,887.6,1102.5,649.1,1009.2,96,2,1008.9,198,1,1008.8,551,9,1008.7,2894,11,1008.6,2834,17,1009.3,180,2,1009.4,336,6,1009.5,563,9,1009.6,559,7,1009.7,1728,15
317,2025-11-26 13:24:47+05:30,1009.3,2,1000.76,7050964,384568.0,440275.0,986.2,1012.2,981.3,986.2,120447000,1084.8,887.6,1102.5,649.1,1009.2,96,2,1008.9,198,1,1008.8,2051,11,1008.7,2133,12,1008.6,4228,17,1009.3,180,2,1009.4,336,6,1009.5,563,9,1009.6,559,7,1009.7,1430,14
317,2025-11-26 13:24:48+05:30,1009.3,2,1000.76,7050964,384427.0,440278.0,986.2,1012.2,981.3,986.2,120447000,1084.8,887.6,1102.5,649.1,1009.2,96,2,1008.9,198,1,1008.8,2051,11,1008.7,2107,10,1008.6,3539,19,1009.3,180,2,1009.4,246,4,1009.5,602,10,1009.6,559,7,1009.7,1728,15
317,2025-11-26 13:24:49+05:30,1009.2,20,1000.76,7050984,382924.0,440458.0,986.2,1012.2,981.3,986.2,120447000,1084.8,887.6,1102.5,649.1,1009.2,76,2,1008.9,198,1,1008.8,439,8,1008.7,2894,11,1008.6,2834,17,1009.3,217,3,1009.4,336,6,1009.5,563,9,1009.6,585,8,1009.7,1728,15
317,2025-11-26 13:24:49+05:30,1009.2,20,1000.76,7050984,382924.0,440458.0,986.2,1012.2,981.3,986.2,120447000,1084.8,887.6,1102.5,649.1,1009.2,76,2,1008.9,198,1,1008.8,439,8,1008.7,2894,11,1008.6,2834,17,1009.3,217,3,1009.4,336,6,1009.5,563,9,1009.6,585,8,1009.7,1728,15
317,2025-11-26 13:24:50+05:30,1009.3,1,1000.76,7050987,383063.0,440267.0,986.2,1012.2,981.3,986.2,120447000,1084.8,887.6,1102.5,649.1,1009.2,76,2,1008.9,198,1,1008.8,551,9,1008.7,2894,11,1008.6,2834,17,1009.3,177,2,1009.4,297,5,1009.5,599,10,1009.6,559,7,1009.7,1728,15
317,2025-11-26 13:24:50+05:30,1009.3,1,1000.76,7050987,383063.0,440267.0,986.2,1012.2,981.3,986.2,120447000,1084.8,887.6,1102.5,649.1,1009.2,76,2,1008.9,198,1,1008.8,551,9,1008.7,2894,11,1008.6,2834,17,1009.3,177,2,1009.4,297,5,1009.5,599,10,1009.6,559,7,1009.7,1728,15
317,2025-11-26 13:24:51+05:30,1009.2,30,1000.76,7051279,382909.0,440692.0,986.2,1012.2,981.3,986.2,120447000,1084.8,887.6,1102.5,649.1,1009.2,142,2,1008.8,632,9,1008.7,2839,10,1008.6,2793,16,1008.5,3274,23,1009.3,212,3,1009.4,463,8,1009.5,1066,10,1009.6,559,7,1009.7,1200,13
317,2025-11-26 13:24:51+05:30,1009.2,30,1000.76,7051279,382909.0,440692.0,986.2,1012.2,981.3,986.2,120447000,1084.8,887.6,1102.5,649.1,1009.2,142,2,1008.8,632,9,1008.7,2839,10,1008.6,2793,16,1008.5,3274,23,1009.3,212,3,1009.4,463,8,1009.5,1066,10,1009.6,559,7,1009.7,1200,13
317,2025-11-26 13:24:52+05:30,1009.2,30,1000.76,7051279,383068.0,440869.0,986.2,1012.2,981.3,986.2,120447000,1084.8,887.6,1102.5,649.1,1009.2,142,2,1008.8,632,9,1008.7,2936,13,1008.6,2767,14,1008.5,3325,24,1009.3,344,3,1009.4,431,7,1009.5,1066,10,1009.6,583,8,1009.7,1200,13
317,2025-11-26 13:24:52+05:30,1009.3,6,1000.76,7051279,383068.0,440869.0,986.2,1012.2,981.3,986.2,120447000,1084.8,887.6,1102.5,649.1,1009.2,142,2,1008.8,632,9,1008.7,2936,13,1008.6,2767,14,1008.5,3325,24,1009.3,344,3,1009.4,431,7,1009.5,1066,10,1009.6,583,8,1009.7,1200,13
317,2025-11-26 13:24:53+05:30,1009.3,7,1000.76,7051320,383183.0,440048.0,986.2,1012.2,981.3,986.2,120447000,1084.8,887.6,1102.5,649.1,1009.2,142,2,1008.9,202,1,1008.8,632,9,1008.7,2936,13,1008.6,2767,14,1009.3,303,3,1009.4,344,5,1009.5,1114,11,1009.6,595,8,1009.7,915,13
317,2025-11-26 13:24:53+05:30,1009.3,7,1000.76,7051320,383183.0,440048.0,986.2,1012.2,981.3,986.2,120447000,1084.8,887.6,1102.5,649.1,1009.2,142,2,1008.9,202,1,1008.8,632,9,1008.7,2936,13,1008.6,2767,14,1009.3,303,3,1009.4,344,5,1009.5,1114,11,1009.6,595,8,1009.7,915,13
317,2025-11-26 13:24:54+05:30,1009.3,103,1000.76,7051560,383020.0,440148.0,986.2,1012.2,981.3,986.2,120447000,1084.8,887.6,1102.5,649.1,1009.2,87,2,1008.8,551,9,1008.7,2936,13,1008.6,2767,14,1008.5,3325,24,1009.3,191,2,1009.4,890,7,1009.5,601,10,1009.6,626,9,1009.7,1226,15
317,2025-11-26 13:24:54+05:30,1009.2,41,1000.76,7051560,383020.0,440148.0,986.2,1012.2,981.3,986.2,120447000,1084.8,887.6,1102.5,649.1,1009.2,87,2,1008.8,551,9,1008.7,2936,13,1008.6,2767,14,1008.5,3325,24,1009.3,191,2,1009.4,890,7,1009.5,601,10,1009.6,626,9,1009.7,1226,15
317,2025-11-26 13:24:55+05:30,1009.3,7,1000.76,7051718,383222.0,440081.0,986.2,1012.2,981.3,986.2,120447000,1084.8,887.6,1102.5,649.1,1009.2,22,1,1008.9,289,2,1008.8,617,8,1008.7,2865,12,1008.6,2755,15,1009.3,161,1,1009.4,859,6,1009.5,634,11,1009.6,566,8,1009.7,1226,15
317,2025-11-26 13:24:55+05:30,1009.3,7,1000.76,7051718,383222.0,440081.0,986.2,1012.2,981.3,986.2,120447000,1084.8,887.6,1102.5,649.1,1009.2,22,1,1008.9,289,2,1008.8,617,8,1008.7,2865,12,1008.6,2755,15,1009.3,161,1,1009.4,859,6,1009.5,634,11,1009.6,566,8,1009.7,1226,15
317,2025-11-26 13:24:56+05:30,1009.3,4,1000.76,7051722,383198.0,440095.0,986.2,1012.2,981.3,986.2,120447000,1084.8,887.6,1102.5,649.1,1009.2,22,1,1008.9,289,2,1008.8,633,8,1008.7,2865,12,1008.6,2755,15,1009.3,157,1,1009.4,364,5,1009.5,1124,12,1009.6,566,8,1009.7,1226,15
317,2025-11-26 13:24:56+05:30,1009.3,4,1000.76,7051722,383198.0,440095.0,986.2,1012.2,981.3,986.2,120447000,1084.8,887.6,1102.5,649.1,1009.2,22,1,1008.9,289,2,1008.8,633,8,1008.7,2865,12,1008.6,2755,15,1009.3,157,1,1009.4,364,5,1009.5,1124,12,1009.6,566,8,1009.7,1226,15
317,2025-11-26 13:24:57+05:30,1009.3,1,1000.76,7051723,384109.0,440331.0,986.2,1012.2,981.3,986.2,120447000,1084.8,887.6,1102.5,649.1,1009.2,272,2,1008.9,341,3,1008.8,800,11,1008.7,2917,13,1008.6,3082,15,1009.3,156,1,1009.4,313,4,1009.5,1035,10,1009.6,591,8,1009.7,1226,15
317,2025-11-26 13:24:57+05:30,1009.3,1,1000.76,7051723,384109.0,440331.0,986.2,1012.2,981.3,986.2,120447000,1084.8,887.6,1102.5,649.1,1009.2,272,2,1008.9,341,3,1008.8,800,11,1008.7,2917,13,1008.6,3082,15,1009.3,156,1,1009.4,313,4,1009.5,1035,10,1009.6,591,8,1009.7,1226,15
317,2025-11-26 13:24:58+05:30,1009.3,1,1000.76,7051723,384038.0,440579.0,986.2,1012.2,981.3,986.2,120447000,1084.8,887.6,1102.5,649.1,1009.2,272,2,1008.9,341,3,1008.8,701,10,1008.7,2917,13,1008.6,3110,16,1009.3,352,2,1009.4,313,4,1009.5,1123,12,1009.6,555,7,1009.7,1226,15
317,2025-11-26 13:24:59+05:30,1009.3,1,1000.76,7051724,384174.0,440633.0,986.2,1012.2,981.3,986.2,120447000,1084.8,887.6,1102.5,649.1,1009.2,293,3,1008.9,341,3,1008.8,813,11,1008.7,2917,13,1008.6,3110,16,1009.3,351,2,1009.4,368,5,1009.5,1123,12,1009.6,555,7,1009.7,1226,15
317,2025-11-26 13:24:59+05:30,1009.3,1,1000.76,7051724,384174.0,440633.0,986.2,1012.2,981.3,986.2,120447000,1084.8,887.6,1102.5,649.1,1009.2,293,3,1008.9,341,3,1008.8,813,11,1008.7,2917,13,1008.6,3110,16,1009.3,351,2,1009.4,368,5,1009.5,1123,12,1009.6,555,7,1009.7,1226,15
317,2025-11-26 13:25:00+05:30,1009.2,8,1000.76,7051733,383775.0,440683.0,986.2,1012.2,981.3,986.2,120447000,1084.8,887.6,1102.5,649.1,1009.2,285,3,1008.9,87,1,1008.8,439,8,1008.7,2917,13,1008.6,3110,16,1009.3,350,2,1009.4,419,6,1009.5,1123,12,1009.6,555,7,1009.7,1226,15
317,2025-11-26 13:25:00+05:30,1009.2,8,1000.76,7051733,383775.0,440683.0,986.2,1012.2,981.3,986.2,120447000,1084.8,887.6,1102.5,649.1,1009.2,285,3,1008.9,87,1,1008.8,439,8,1008.7,2917,13,1008.6,3110,16,1009.3,350,2,1009.4,419,6,1009.5,1123,12,1009.6,555,7,1009.7,1226,15
317,2025-11-26 13:25:01+05:30,1009.2,109,1000.76,7051857,383765.0,440682.0,986.2,1012.2,981.3,986.2,120447000,1084.8,887.6,1102.5,649.1,1009.2,180,3,1008.9,87,1,1008.8,439,8,1008.7,2917,13,1008.6,3110,16,1009.3,349,2,1009.4,419,6,1009.5,1123,12,1009.6,578,8,1009.7,1213,14
317,2025-11-26 13:25:01+05:30,1009.2,109,1000.76,7051857,383765.0,440682.0,986.2,1012.2,981.3,986.2,120447000,1084.8,887.6,1102.5,649.1,1009.2,180,3,1008.9,87,1,1008.8,439,8,1008.7,2917,13,1008.6,3110,16,1009.3,349,2,1009.4,419,6,1009.5,1123,12,1009.6,578,8,1009.7,1213,14
317,2025-11-26 13:25:02+05:30,1009.3,2,1000.76,7051859,384015.0,440643.0,986.2,1012.2,981.3,986.2,120447000,1084.8,887.6,1102.5,649.1,1009.2,180,3,1008.9,289,2,1008.8,643,9,1008.7,2917,13,1008.6,3110,16,1009.3,347,2,1009.4,419,6,1009.5,1087,11,1009.6,587,8,1009.7,1200,13
317,2025-11-26 13:25:02+05:30,1009.3,4,1000.76,7051859,384015.0,440643.0,986.2,1012.2,981.3,986.2,120447000,1084.8,887.6,1102.5,649.1,1009.2,180,3,1008.9,289,2,1008.8,643,9,1008.7,2917,13,1008.6,3110,16,1009.3,347,2,1009.4,419,6,1009.5,1087,11,1009.6,587,8,1009.7,1200,13
317,2025-11-26 13:25:03+05:30,1009.3,23,1000.76,7051891,385204.0,440595.0,986.2,1012.2,981.3,986.2,120447000,1084.8,887.6,1102.5,649.1,1009.2,180,3,1008.9,289,2,1008.8,1537,13,1008.7,2922,12,1008.6,4530,18,1009.3,315,2,1009.4,316,4,1009.5,543,9,1009.6,1135,9,1009.7,902,12
317,2025-11-26 13:25:03+05:30,1009.3,23,1000.76,7051891,385204.0,440595.0,986.2,1012.2,981.3,986.2,120447000,1084.8,887.6,1102.5,649.1,1009.2,180,3,1008.9,289,2,1008.8,1537,13,1008.7,2922,12,1008.6,4530,18,1009.3,315,2,1009.4,316,4,1009.5,543,9,1009.6,1135,9,1009.7,902,12
317,2025-11-26 13:25:04+05:30,1009.3,23,1000.76,7051891,386099.0,440397.0,986.2,1012.2,981.3,986.2,120447000,1084.8,887.6,1102.5,649.1,1009.2,219,5,1009.0,817,4,1008.9,2919,13,1008.8,2825,15,1008.7,1504,11,1009.3,315,2,1009.4,105,2,1009.5,523,8,1009.6,555,7,1009.7,1465,13
317,2025-11-26 13:25:05+05:30,1009.2,126,1000.76,7052020,386252.0,440691.0,986.2,1012.2,981.3,986.2,120447000,1084.8,887.6,1102.5,649.1,1009.2,93,5,1009.0,1630,7,1008.9,2517,10,1008.8,2833,15,1008.7,1504,11,1009.3,312,2,1009.4,155,3,1009.5,523,8,1009.6,676,11,1009.7,1475,14
317,2025-11-26 13:25:05+05:30,1009.2,126,1000.76,7052020,386252.0,440691.0,986.2,1012.2,981.3,986.2,120447000,1084.8,887.6,1102.5,649.1,1009.2,93,5,1009.0,1630,7,1008.9,2517,10,1008.8,2833,15,1008.7,1504,11,1009.3,312,2,1009.4,155,3,1009.5,523,8,1009.6,676,11,1009.7,1475,14
317,2025-11-26 13:25:06+05:30,1009.2,15,1000.76,7052051,386712.0,440819.0,986.2,1012.2,981.3,986.2,120447000,1084.8,887.6,1102.5,649.1,1009.2,313,5,1009.0,1630,7,1008.9,2549,11,1008.8,2801,14,1008.7,1504,11,1009.3,311,2,1009.4,155,3,1009.5,523,8,1009.6,644,10,1009.7,1507,15
317,2025-11-26 13:25:06+05:30,1009.2,15,1000.76,7052051,386712.0,440819.0,986.2,1012.2,981.3,986.2,120447000,1084.8,887.6,1102.5,649.1,1009.2,313,5,1009.0,1630,7,1008.9,2549,11,1008.8,2801,14,1008.7,1504,11,1009.3,311,2,1009.4,155,3,1009.5,523,8,1009.6,644,10,1009.7,1507,15
317,2025-11-26 13:25:07+05:30,1009.2,15,1000.76,7052051,386812.0,440885.0,986.2,1012.2,981.3,986.2,120447000,1084.8,887.6,1102.5,649.1,1009.2,326,6,1009.0,1630,7,1008.9,2586,12,1008.8,3617,16,1008.7,754,10,1009.3,477,3,1009.4,105,2,1009.5,469,7,1009.6,582,8,1009.7,1507,15
317,2025-11-26 13:25:08+05:30,1009.3,1,1000.76,7052052,387377.0,441298.0,986.2,1012.2,981.3,986.2,120447000,1084.8,887.6,1102.5,649.1,1009.2,316,5,1009.1,750,1,1009.0,835,4,1008.9,4022,10,1008.8,2102,13,1009.3,490,4,1009.4,55,1,1009.5,523,8,1009.6,703,11,1009.7,912,13
317,2025-11-26 13:25:08+05:30,1009.3,1,1000.76,7052052,387377.0,441298.0,986.2,1012.2,981.3,986.2,120447000,1084.8,887.6,1102.5,649.1,1009.2,316,5,1009.1,750,1,1009.0,835,4,1008.9,4022,10,1008.8,2102,13,1009.3,490,4,1009.4,55,1,1009.5,523,8,1009.6,703,11,1009.7,912,13
317,2025-11-26 13:25:09+05:30,1009.2,1,1000.76,7052053,387613.0,441339.0,986.2,1012.2,981.3,986.2,120447000,1084.8,887.6,1102.5,649.1,1009.2,315,5,1009.1,783,2,1009.0,848,5,1008.9,4022,10,1008.8,2102,13,1009.3,490,4,1009.4,105,2,1009.5,523,8,1009.6,703,11,1009.7,912,13
317,2025-11-26 13:25:09+05:30,1009.2,1,1000.76,7052053,387613.0,441339.0,986.2,1012.2,981.3,986.2,120447000,1084.8,887.6,1102.5,649.1,1009.2,315,5,1009.1,783,2,1009.0,848,5,1008.9,4022,10,1008.8,2102,13,1009.3,490,4,1009.4,105,2,1009.5,523,8,1009.6,703,11,1009.7,912,13
317,2025-11-26 13:25:10+05:30,1009.3,1,1000.76,7052053,387613.0,441339.0,986.2,1012.2,981.3,986.2,120447000,1084.8,887.6,1102.5,649.1,1009.2,267,2,1009.1,783,2,1009.0,848,5,1008.9,4122,11,1008.8,2268,14,1009.3,489,4,1009.4,55,1,1009.5,306,6,1009.6,671,10,1009.7,944,14
317,2025-11-26 13:25:10+05:30,1009.3,1,1000.76,7052394,387625.0,440775.0,986.2,1012.2,981.3,986.2,120447000,1084.8,887.6,1102.5,649.1,1009.2,267,2,1009.1,783,2,1009.0,848,5,1008.9,4122,11,1008.8,2268,14,1009.3,489,4,1009.4,55,1,1009.5,306,6,1009.6,671,10,1009.7,944,14
317,2025-11-26 13:25:11+05:30,1009.2,134,1000.76,7052394,387625.0,440775.0,986.2,1012.2,981.3,986.2,120447000,1084.8,887.6,1102.5,649.1,1009.2,267,2,1009.1,783,2,1009.0,848,5,1008.9,4122,11,1008.8,2268,14,1009.3,489,4,1009.4,55,1,1009.5,306,6,1009.6,671,10,1009.7,944,14
317,2025-11-26 13:25:11+05:30,1009.3,5,1000.76,7052662,387593.0,440261.0,986.2,1012.2,981.3,986.2,120447000,1084.8,887.6,1102.5,649.1,1009.2,169,3,1009.1,783,2,1009.0,897,5,1008.9,4473,16,1008.8,2443,15,1009.3,357,3,1009.4,55,1,1009.5,4,2,1009.6,1043,7,1009.7,934,13
317,2025-11-26 13:25:12+05:30,1009.3,6,1000.76,7052662,387593.0,440261.0,986.2,1012.2,981.3,986.2,120447000,1084.8,887.6,1102.5,649.1,1009.2,169,3,1009.1,783,2,1009.0,897,5,1008.9,4473,16,1008.8,2443,15,1009.3,357,3,1009.4,55,1,1009.5,4,2,1009.6,1043,7,1009.7,934,13
317,2025-11-26 13:25:13+05:30,1009.3,23,1000.76,7052695,387586.0,440234.0,986.2,1012.2,981.3,986.2,120447000,1084.8,887.6,1102.5,649.1,1009.2,169,3,1009.1,783,2,1009.0,897,5,1008.9,4443,15,1008.8,2473,16,1009.3,325,4,1009.4,55,1,1009.5,34,3,1009.6,1073,8,1009.7,902,12
317,2025-11-26 13:25:13+05:30,1009.2,79,1000.76,7052695,387586.0,440234.0,986.2,1012.2,981.3,986.2,120447000,1084.8,887.6,1102.5,649.1,1009.2,169,3,1009.1,783,2,1009.0,897,5,1008.9,4443,15,1008.8,2473,16,1009.3,325,4,1009.4,55,1,1009.5,34,3,1009.6,1073,8,1009.7,902,12
317,2025-11-26 13:25:14+05:30,1009.3,3,1000.76,7052777,387325.0,440231.0,986.2,1012.2,981.3,986.2,120447000,1084.8,887.6,1102.5,649.1,1009.2,90,3,1009.1,783,2,1009.0,897,5,1008.9,4443,15,1008.8,2473,16,1009.3,322,4,1009.4,55,1,1009.5,34,3,1009.6,1073,8,1009.7,902,12
317,2025-11-26 13:25:14+05:30,1009.3,112,1000.76,7052777,387325.0,440231.0,986.2,1012.2,981.3,986.2,120447000,1084.8,887.6,1102.5,649.1,1009.2,90,3,1009.1,783,2,1009.0,897,5,1008.9,4443,15,1008.8,2473,16,1009.3,322,4,1009.4,55,1,1009.5,34,3,1009.6,1073,8,1009.7,902,12
317,2025-11-26 13:25:15+05:30,1009.3,2,1000.76,7052891,388614.0,439487.0,986.2,1012.2,981.3,986.2,120447000,1084.8,887.6,1102.5,649.1,1009.2,101,4,1009.1,2369,8,1009.0,2383,6,1008.9,2919,14,1008.8,1810,14,1009.3,208,4,1009.4,55,1,1009.5,4,2,1009.6,465,6,1009.7,902,12
317,2025-11-26 13:25:15+05:30,1009.2,3,1000.76,7052891,388614.0,439487.0,986.2,1012.2,981.3,986.2,120447000,1084.8,887.6,1102.5,649.1,1009.2,101,4,1009.1,2369,8,1009.0,2383,6,1008.9,2919,14,1008.8,1810,14,1009.3,208,4,1009.4,55,1,1009.5,4,2,1009.6,465,6,1009.7,902,12
317,2025-11-26 13:25:16+05:30,1009.3,1,1000.76,7053267,388813.0,439133.0,986.2,1012.2,981.3,986.2,120447000,1084.8,887.6,1102.5,649.1,1009.2,310,4,1009.1,2348,7,1009.0,2423,8,1008.9,2895,13,1008.8,1750,13,1009.3,207,4,1009.4,55,1,1009.5,53,3,1009.6,465,6,1009.7,902,12
317,2025-11-26 13:25:16+05:30,1009.3,1,1000.76,7053267,388813.0,439133.0,986.2,1012.2,981.3,986.2,120447000,1084.8,887.6,1102.5,649.1,1009.2,310,4,1009.1,2348,7,1009.0,2423,8,1008.9,2895,13,1008.8,1750,13,1009.3,207,4,1009.4,55,1,1009.5,53,3,1009.6,465,6,1009.7,902,12
317,2025-11-26 13:25:17+05:30,1009.3,1,1000.76,7053268,388840.0,439132.0,986.2,1012.2,981.3,986.2,120447000,1084.8,887.6,1102.5,649.1,1009.2,310,4,1009.1,2348,7,1009.0,2471,11,1008.9,3645,14,1008.8,1000,12,1009.3,206,4,1009.4,55,1,1009.5,53,3,1009.6,465,6,1009.7,902,12
317,2025-11-26 13:25:17+05:30,1009.2,20,1000.76,7053268,388840.0,439132.0,986.2,1012.2,981.3,986.2,120447000,1084.8,887.6,1102.5,649.1,1009.2,310,4,1009.1,2348,7,1009.0,2471,11,1008.9,3645,14,1008.8,1000,12,1009.3,206,4,1009.4,55,1,1009.5,53,3,1009.6,465,6,1009.7,902,12
317,2025-11-26 13:25:18+05:30,1009.2,20,1000.76,7053288,388618.0,439112.0,986.2,1012.2,981.3,986.2,120447000,1084.8,887.6,1102.5,649.1,1009.2,290,4,1009.1,2348,7,1009.0,2537,12,1008.9,3645,14,1008.8,1000,12,1009.3,207,5,1009.4,55,1,1009.5,53,3,1009.6,465,6,1009.7,902,12
317,2025-11-26 13:25:19+05:30,1009.2,20,1000.76,7053288,388382.0,439156.0,986.2,1012.2,981.3,986.2,120447000,1084.8,887.6,1102.5,649.1,1009.2,311,5,1009.1,2378,8,1009.0,2441,10,1008.9,3645,14,1008.8,1000,12,1009.3,207,5,1009.4,98,2,1009.5,53,3,1009.6,465,6,1009.7,915,13
317,2025-11-26 13:25:20+05:30,1009.3,1,1000.76,7053289,388410.0,439115.0,986.2,1012.2,981.3,986.2,120447000,1084.8,887.6,1102.5,649.1,1009.2,311,5,1009.1,1598,6,1009.0,3173,9,1008.9,2759,10,1008.8,1000,12,1009.3,206,5,1009.4,146,3,1009.5,50,2,1009.6,1024,7,1009.7,767,14
317,2025-11-26 13:25:20+05:30,1009.3,2,1000.76,7053289,388410.0,439115.0,986.2,1012.2,981.3,986.2,120447000,1084.8,887.6,1102.5,649.1,1009.2,311,5,1009.1,1598,6,1009.0,3173,9,1008.9,2759,10,1008.8,1000,12,1009.3,206,5,1009.4,146,3,1009.5,50,2,1009.6,1024,7,1009.7,767,14
317,2025-11-26 13:25:21+05:30,1009.3,1,1000.76,7053292,388627.0,439292.0,986.2,1012.2,981.3,986.2,120447000,1084.8,887.6,1102.5,649.1,1009.2,292,3,1009.1,1598,6,1009.0,3113,7,1008.9,2786,11,1008.8,1027,13,1009.3,203,5,1009.4,146,3,1009.5,105,3,1009.6,1078,9,1009.7,767,14
317,2025-11-26 13:25:21+05:30,1009.2,178,1000.76,7053292,388627.0,439292.0,986.2,1012.2,981.3,986.2,120447000,1084.8,887.6,1102.5,649.1,1009.2,292,3,1009.1,1598,6,1009.0,3113,7,1008.9,2786,11,1008.8,1027,13,1009.3,203,5,1009.4,146,3,1009.5,105,3,1009.6,1078,9,1009.7,767,14
317,2025-11-26 13:25:22+05:30,1009.2,178,1000.76,7053471,388454.0,439243.0,986.2,1012.2,981.3,986.2,120447000,1084.8,887.6,1102.5,649.1,1009.2,114,3,1009.1,1598,6,1009.0,3113,7,1008.9,2786,11,1008.8,1027,13,1009.3,202,5,1009.4,98,2,1009.5,105,3,1009.6,1051,8,1009.7,794,15
317,2025-11-26 13:25:22+05:30,1009.3,4,1000.76,7053471,388454.0,439243.0,986.2,1012.2,981.3,986.2,120447000,1084.8,887.6,1102.5,649.1,1009.2,114,3,1009.1,1598,6,1009.0,3113,7,1008.9,2786,11,1008.8,1027,13,1009.3,202,5,1009.4,98,2,1009.5,105,3,1009.6,1051,8,1009.7,794,15
317,2025-11-26 13:25:23+05:30,1009.3,10,1000.76,7053501,388397.0,439220.0,986.2,1012.2,981.3,986.2,120447000,1084.8,887.6,1102.5,649.1,1009.2,114,3,1009.1,1572,4,1009.0,3166,10,1008.9,2759,10,1008.8,1027,13,1009.3,312,6,1009.4,55,1,1009.5,105,3,1009.6,1051,8,1009.7,794,15
317,2025-11-26 13:25:23+05:30,1009.3,10,1000.76,7053501,388397.0,439220.0,986.2,1012.2,981.3,986.2,120447000,1084.8,887.6,1102.5,649.1,1009.2,114,3,1009.1,1572,4,1009.0,3166,10,1008.9,2759,10,1008.8,1027,13,1009.3,312,6,1009.4,55,1,1009.5,105,3,1009.6,1051,8,1009.7,794,15
317,2025-11-26 13:25:24+05:30,1009.3,100,1000.76,7053601,388442.0,439147.0,986.2,1012.2,981.3,986.2,120447000,1084.8,887.6,1102.5,649.1,1009.2,114,3,1009.1,1572,4,1009.0,3166,10,1008.9,2759,10,1008.8,1027,13,1009.3,212,6,1009.4,55,1,1009.5,105,3,1009.6,1051,8,1009.7,794,15
317,2025-11-26 13:25:24+05:30,1009.3,100,1000.76,7053601,388442.0,439147.0,986.2,1012.2,981.3,986.2,120447000,1084.8,887.6,1102.5,649.1,1009.2,114,3,1009.1,1572,4,1009.0,3166,10,1008.9,2759,10,1008.8,1027,13,1009.3,212,6,1009.4,55,1,1009.5,105,3,1009.6,1051,8,1009.7,794,15
317,2025-11-26 13:25:25+05:30,1009.3,11,1000.76,7053628,384267.0,439954.0,986.2,1012.2,981.3,986.2,120447000,1084.8,887.6,1102.5,649.1,1009.2,127,4,1009.1,822,3,1009.0,32,2,1008.9,626,7,1008.8,1185,13,1009.3,185,6,1009.4,103,2,1009.5,269,5,1009.6,1085,8,1009.7,794,15
317,2025-11-26 13:25:25+05:30,1009.3,11,1000.76,7053628,384267.0,439954.0,986.2,1012.2,981.3,986.2,120447000,1084.8,887.6,1102.5,649.1,1009.2,127,4,1009.1,822,3,1009.0,32,2,1008.9,626,7,1008.8,1185,13,1009.3,185,6,1009.4,103,2,1009.5,269,5,1009.6,1085,8,1009.7,794,15
317,2025-11-26 13:25:26+05:30,1009.3,1,1000.76,7053631,384209.0,439605.0,986.2,1012.2,981.3,986.2,120447000,1084.8,887.6,1102.5,649.1,1009.2,127,4,1009.1,783,2,1009.0,32,2,1008.9,591,6,1008.8,1935,14,1009.3,182,6,1009.4,55,1,1009.5,299,7,1009.6,526,7,1009.7,1249,15
317,2025-11-26 13:25:26+05:30,1009.3,1,1000.76,7053631,384209.0,439605.0,986.2,1012.2,981.3,986.2,120447000,1084.8,887.6,1102.5,649.1,1009.2,127,4,1009.1,783,2,1009.0,32,2,1008.9,591,6,1008.8,1935,14,1009.3,182,6,1009.4,55,1,1009.5,299,7,1009.6,526,7,1009.7,1249,15
317,2025-11-26 13:25:27+05:30,1009.3,1,1000.76,7053631,384209.0,438855.0,986.2,1012.2,981.3,986.2,120447000,1084.8,887.6,1102.5,649.1,1009.2,127,4,1009.1,783,2,1009.0,32,2,1008.9,591,6,1008.8,1185,13,1009.3,182,6,1009.4,55,1,1009.5,299,7,1009.6,626,8,1009.7,1249,15
317,2025-11-26 13:25:28+05:30,1009.3,1,1000.76,7053631,384209.0,438855.0,986.2,1012.2,981.3,986.2,120447000,1084.8,887.6,1102.5,649.1,1009.2,127,4,1009.1,783,2,1009.0,32,2,1008.9,591,6,1008.8,1185,13,1009.3,182,6,1009.4,55,1,1009.5,299,7,1009.6,626,8,1009.7,1249,15
317,2025-11-26 13:25:29+05:30,1009.3,1,1000.76,7053631,383849.0,438855.0,986.2,1012.2,981.3,986.2,120447000,1084.8,887.6,1102.5,649.1,1009.2,127,4,1009.1,783,2,1009.0,32,2,1008.9,591,6,1008.8,1185,13,1009.3,182,6,1009.4,55,1,1009.5,299,7,1009.6,626,8,1009.7,1249,15
317,2025-11-26 13:25:30+05:30,1009.2,8,1000.76,7053703,383392.0,438972.0,986.2,1012.2,981.3,986.2,120447000,1084.8,887.6,1102.5,649.1,1009.2,109,4,1009.1,33,1,1009.0,332,3,1008.9,591,6,1008.8,1196,13,1009.3,142,3,1009.4,55,1,1009.5,763,7,1009.6,626,8,1009.7,767,14
317,2025-11-26 13:25:30+05:30,1009.2,8,1000.76,7053703,383392.0,438972.0,986.2,1012.2,981.3,986.2,120447000,1084.8,887.6,1102.5,649.1,1009.2,109,4,1009.1,33,1,1009.0,332,3,1008.9,591,6,1008.8,1196,13,1009.3,142,3,1009.4,55,1,1009.5,763,7,1009.6,626,8,1009.7,767,14
317,2025-11-26 13:25:31+05:30,1009.2,10,1000.76,7053898,383584.0,439009.0,986.2,1012.2,981.3,986.2,120447000,1084.8,887.6,1102.5,649.1,1009.2,295,4,1009.1,33,1,1009.0,303,2,1008.9,637,7,1008.8,1206,13,1009.3,228,4,1009.4,55,1,1009.5,741,7,1009.6,626,8,1009.7,767,14
317,2025-11-26 13:25:31+05:30,1009.2,10,1000.76,7053898,383584.0,439009.0,986.2,1012.2,981.3,986.2,120447000,1084.8,887.6,1102.5,649.1,1009.2,295,4,1009.1,33,1,1009.0,303,2,1008.9,637,7,1008.8,1206,13,1009.3,228,4,1009.4,55,1,1009.5,741,7,1009.6,626,8,1009.7,767,14
317,2025-11-26 13:25:32+05:30,1009.2,121,1000.76,7054043,382589.0,439585.0,986.2,1012.2,981.3,986.2,120447000,1084.8,887.6,1102.5,649.1,1009.2,171,3,1009.1,33,1,1009.0,300,1,1008.9,124,2,1008.8,731,10,1009.3,228,4,1009.4,300,4,1009.5,993,11,1009.6,667,10,1009.7,1180,18
317,2025-11-26 13:25:32+05:30,1009.3,5,1000.76,7054043,382589.0,439585.0,986.2,1012.2,981.3,986.2,120447000,1084.8,887.6,1102.5,649.1,1009.2,171,3,1009.1,33,1,1009.0,300,1,1008.9,124,2,1008.8,731,10,1009.3,228,4,1009.4,300,4,1009.5,993,11,1009.6,667,10,1009.7,1180,18
317,2025-11-26 13:25:33+05:30,1009.2,1,1000.76,7054076,381162.0,439691.0,986.2,1012.2,981.3,986.2,120447000,1084.8,887.6,1102.5,649.1,1009.2,170,3,1009.1,33,1,1009.0,300,1,1008.9,124,2,1008.8,849,11,1009.3,254,4,1009.4,273,4,1009.5,614,12,1009.6,1164,10,1009.7,1180,18
317,2025-11-26 13:25:33+05:30,1009.2,1,1000.76,7054076,381162.0,439691.0,986.2,1012.2,981.3,986.2,120447000,1084.8,887.6,1102.5,649.1,1009.2,170,3,1009.1,33,1,1009.0,300,1,1008.9,124,2,1008.8,849,11,1009.3,254,4,1009.4,273,4,1009.5,614,12,1009.6,1164,10,1009.7,1180,18
317,2025-11-26 13:25:34+05:30,1009.3,28,1000.76,7054188,382947.0,438970.0,986.2,1012.2,981.3,986.2,120447000,1084.8,887.6,1102.5,649.1,1009.2,170,3,1009.1,33,1,1009.0,300,1,1008.9,373,4,1008.8,655,10,1009.3,122,3,1009.4,173,2,1009.5,505,9,1009.6,780,12,1009.7,876,16
317,2025-11-26 13:25:34+05:30,1009.3,28,1000.76,7054188,382947.0,438970.0,986.2,1012.2,981.3,986.2,120447000,1084.8,887.6,1102.5,649.1,1009.2,170,3,1009.1,33,1,1009.0,300,1,1008.9,373,4,1008.8,655,10,1009.3,122,3,1009.4,173,2,1009.5,505,9,1009.6,780,12,1009.7,876,16
317,2025-11-26 13:25:35+05:30,1009.3,1,1000.76,7054241,382940.0,438866.0,986.2,1012.2,981.3,986.2,120447000,1084.8,887.6,1102.5,649.1,1009.2,120,3,1009.1,33,1,1009.0,300,1,1008.9,491,5,1008.8,686,11,1009.3,119,3,1009.4,55,1,1009.5,532,10,1009.6,753,11,1009.7,866,15
317,2025-11-26 13:25:35+05:30,1009.3,1,1000.76,7054241,382940.0,438866.0,986.2,1012.2,981.3,986.2,120447000,1084.8,887.6,1102.5,649.1,1009.2,120,3,1009.1,33,1,1009.0,300,1,1008.9,491,5,1008.8,686,11,1009.3,119,3,1009.4,55,1,1009.5,532,10,1009.6,753,11,1009.7,866,15
317,2025-11-26 13:25:36+05:30,1009.3,50,1000.76,7054293,382814.0,438927.0,986.2,1012.2,981.3,986.2,120447000,1084.8,887.6,1102.5,649.1,1009.2,120,3,1009.1,33,1,1009.0,300,1,1008.9,491,5,1008.8,686,11,1009.3,67,3,1009.4,55,1,1009.5,532,10,1009.6,753,11,1009.7,866,15
317,2025-11-26 13:25:36+05:30,1009.3,50,1000.76,7054293,382814.0,438927.0,986.2,1012.2,981.3,986.2,120447000,1084.8,887.6,1102.5,649.1,1009.2,120,3,1009.1,33,1,1009.0,300,1,1008.9,491,5,1008.8,686,11,1009.3,67,3,1009.4,55,1,1009.5,532,10,1009.6,753,11,1009.7,866,15
317,2025-11-26 13:25:37+05:30,1009.3,50,1000.76,7054293,384167.0,438614.0,986.2,1012.2,981.3,986.2,120447000,1084.8,887.6,1102.5,649.1,1009.2,149,4,1009.1,133,2,1009.0,641,6,1008.9,692,7,1008.8,2395,17,1009.3,67,3,1009.4,55,1,1009.5,237,5,1009.6,626,9,1009.7,893,16
317,2025-11-26 13:25:38+05:30,1009.3,50,1000.76,7054293,384938.0,438710.0,986.2,1012.2,981.3,986.2,120447000,1084.8,887.6,1102.5,649.1,1009.2,170,5,1009.1,33,1,1009.0,448,4,1008.9,843,10,1008.8,3258,19,1009.3,67,3,1009.4,55,1,1009.5,237,5,1009.6,626,9,1009.7,893,16
317,2025-11-26 13:25:39+05:30,1009.3,50,1000.76,7054293,382730.0,439482.0,986.2,1012.2,981.3,986.2,120447000,1084.8,887.6,1102.5,649.1,1009.2,141,4,1009.1,33,1,1009.0,421,3,1008.9,755,8,1008.8,990,12,1009.3,274,4,1009.4,63,1,1009.5,229,7,1009.6,882,12,1009.7,1381,19
317,2025-11-26 13:25:40+05:30,1009.2,50,1000.76,7054293,382730.0,439482.0,986.2,1012.2,981.3,986.2,120447000,1084.8,887.6,1102.5,649.1,1009.2,141,4,1009.1,33,1,1009.0,421,3,1008.9,755,8,1008.8,990,12,1009.3,274,4,1009.4,63,1,1009.5,229,7,1009.6,882,12,1009.7,1381,19
317,2025-11-26 13:25:40+05:30,1009.3,2,1000.76,7054347,382707.0,439537.0,986.2,1012.2,981.3,986.2,120447000,1084.8,887.6,1102.5,649.1,1009.2,91,4,1009.1,33,1,1009.0,303,2,1008.9,709,7,1008.8,990,12,1009.3,270,4,1009.4,108,2,1009.5,897,10,1009.6,877,12,1009.7,1381,19
317,2025-11-26 13:25:41+05:30,1009.2,22,1000.76,7054347,382707.0,439537.0,986.2,1012.2,981.3,986.2,120447000,1084.8,887.6,1102.5,649.1,1009.2,91,4,1009.1,33,1,1009.0,303,2,1008.9,709,7,1008.8,990,12,1009.3,270,4,1009.4,108,2,1009.5,897,10,1009.6,877,12,1009.7,1381,19
317,2025-11-26 13:25:42+05:30,1009.2,22,1000.76,7054756,382889.0,438773.0,986.2,1012.2,981.3,986.2,120447000,1084.8,887.6,1102.5,649.1,1009.2,291,4,1009.1,33,1,1009.0,300,1,1008.9,754,8,1008.8,990,12,1009.3,113,2,1009.4,63,1,1009.5,348,8,1009.6,881,12,1009.7,866,15
317,2025-11-26 13:25:42+05:30,1009.3,5,1000.76,7054756,382889.0,438773.0,986.2,1012.2,981.3,986.2,120447000,1084.8,887.6,1102.5,649.1,1009.2,291,4,1009.1,33,1,1009.0,300,1,1008.9,754,8,1008.8,990,12,1009.3,113,2,1009.4,63,1,1009.5,348,8,1009.6,881,12,1009.7,866,15
317,2025-11-26 13:25:43+05:30,1009.3,5,1000.76,7054912,383178.0,437944.0,986.2,1012.2,981.3,986.2,120447000,1084.8,887.6,1102.5,649.1,1009.2,307,5,1009.1,33,1,1009.0,329,3,1008.9,817,9,1008.8,990,12,1009.3,83,2,1009.4,63,1,1009.5,237,5,1009.6,1044,8,1009.7,761,13
317,2025-11-26 13:25:43+05:30,1009.2,78,1000.76,7054912,383178.0,437944.0,986.2,1012.2,981.3,986.2,120447000,1084.8,887.6,1102.5,649.1,1009.2,307,5,1009.1,33,1,1009.0,329,3,1008.9,817,9,1008.8,990,12,1009.3,83,2,1009.4,63,1,1009.5,237,5,1009.6,1044,8,1009.7,761,13
317,2025-11-26 13:25:44+05:30,1009.3,3,1000.76,7055003,383100.0,437951.0,986.2,1012.2,981.3,986.2,120447000,1084.8,887.6,1102.5,649.1,1009.2,219,5,1009.1,33,1,1009.0,303,2,1008.9,843,10,1008.8,990,12,1009.3,80,2,1009.4,63,1,1009.5,237,5,1009.6,1044,8,1009.7,766,14
317,2025-11-26 13:25:44+05:30,1009.3,1,1000.76,7055003,383100.0,437951.0,986.2,1012.2,981.3,986.2,120447000,1084.8,887.6,1102.5,649.1,1009.2,219,5,1009.1,33,1,1009.0,303,2,1008.9,843,10,1008.8,990,12,1009.3,80,2,1009.4,63,1,1009.5,237,5,1009.6,1044,8,1009.7,766,14
317,2025-11-26 13:25:45+05:30,1009.3,2,1000.76,7055006,383100.0,437948.0,986.2,1012.2,981.3,986.2,120447000,1084.8,887.6,1102.5,649.1,1009.2,219,5,1009.1,33,1,1009.0,303,2,1008.9,843,10,1008.8,990,12,1009.3,77,2,1009.4,63,1,1009.5,237,5,1009.6,1044,8,1009.7,766,14
317,2025-11-26 13:25:45+05:30,1009.3,2,1000.76,7055006,383100.0,437948.0,986.2,1012.2,981.3,986.2,120447000,1084.8,887.6,1102.5,649.1,1009.2,219,5,1009.1,33,1,1009.0,303,2,1008.9,843,10,1008.8,990,12,1009.3,77,2,1009.4,63,1,1009.5,237,5,1009.6,1044,8,1009.7,766,14
317,2025-11-26 13:25:46+05:30,1009.3,1,1000.76,7055007,383100.0,437947.0,986.2,1012.2,981.3,986.2,120447000,1084.8,887.6,1102.5,649.1,1009.2,219,5,1009.1,33,1,1009.0,303,2,1008.9,843,10,1008.8,990,12,1009.3,76,2,1009.4,63,1,1009.5,237,5,1009.6,1044,8,1009.7,766,14
317,2025-11-26 13:25:46+05:30,1009.3,1,1000.76,7055007,383100.0,437947.0,986.2,1012.2,981.3,986.2,120447000,1084.8,887.6,1102.5,649.1,1009.2,219,5,1009.1,33,1,1009.0,303,2,1008.9,843,10,1008.8,990,12,1009.3,76,2,1009.4,63,1,1009.5,237,5,1009.6,1044,8,1009.7,766,14
317,2025-11-26 13:25:47+05:30,1009.3,1,1000.76,7055007,383100.0,437947.0,986.2,1012.2,981.3,986.2,120447000,1084.8,887.6,1102.5,649.1,1009.2,219,5,1009.1,33,1,1009.0,303,2,1008.9,843,10,1008.8,990,12,1009.3,76,2,1009.4,63,1,1009.5,237,5,1009.6,1044,8,1009.7,766,14
317,2025-11-26 13:25:48+05:30,1009.3,1,1000.76,7055007,383110.0,437959.0,986.2,1012.2,981.3,986.2,120447000,1084.8,887.6,1102.5,649.1,1009.2,219,5,1009.1,33,1,1009.0,303,2,1008.9,843,10,1008.8,990,12,1009.3,76,2,1009.4,63,1,1009.5,249,6,1009.6,1044,8,1009.7,766,14
317,2025-11-26 13:25:49+05:30,1009.3,1,1000.76,7055009,383108.0,438098.0,986.2,1012.2,981.3,986.2,120447000,1084.8,887.6,1102.5,649.1,1009.2,218,5,1009.1,33,1,1009.0,303,2,1008.9,791,8,1008.8,1042,14,1009.3,91,4,1009.4,63,1,1009.5,373,9,1009.6,1101,10,1009.7,766,14
317,2025-11-26 13:25:49+05:30,1009.4,226,1000.76,7055009,383108.0,438098.0,986.2,1012.2,981.3,986.2,120447000,1084.8,887.6,1102.5,649.1,1009.2,218,5,1009.1,33,1,1009.0,303,2,1008.9,791,8,1008.8,1042,14,1009.3,91,4,1009.4,63,1,1009.5,373,9,1009.6,1101,10,1009.7,766,14
317,2025-11-26 13:25:50+05:30,1009.3,1,1000.76,7055510,382791.0,438135.0,986.2,1012.2,981.3,986.2,120447000,1084.8,887.6,1102.5,649.1,1009.2,218,5,1009.1,33,1,1009.0,421,3,1008.9,837,8,1008.8,1042,14,1009.3,149,1,1009.4,44,1,1009.5,116,6,1009.6,1125,11,1009.7,766,14
317,2025-11-26 13:25:50+05:30,1009.3,1,1000.76,7055510,382791.0,438135.0,986.2,1012.2,981.3,986.2,120447000,1084.8,887.6,1102.5,649.1,1009.2,218,5,1009.1,33,1,1009.0,421,3,1008.9,837,8,1008.8,1042,14,1009.3,149,1,1009.4,44,1,1009.5,116,6,1009.6,1125,11,1009.7,766,14
317,2025-11-26 13:25:51+05:30,1009.3,1,1000.76,7055511,382912.0,438102.0,986.2,1012.2,981.3,986.2,120447000,1084.8,887.6,1102.5,649.1,1009.2,218,5,1009.1,33,1,1009.0,421,3,1008.9,837,8,1008.8,1042,14,1009.3,148,1,1009.5,154,7,1009.6,1099,10,1009.7,766,14,1009.8,873,8
317,2025-11-26 13:25:51+05:30,1009.2,15,1000.76,7055511,382912.0,438102.0,986.2,1012.2,981.3,986.2,120447000,1084.8,887.6,1102.5,649.1,1009.2,218,5,1009.1,33,1,1009.0,421,3,1008.9,837,8,1008.8,1042,14,1009.3,148,1,1009.5,154,7,1009.6,1099,10,1009.7,766,14,1009.8,873,8
317,2025-11-26 13:25:52+05:30,1009.2,15,1000.76,7055744,383212.0,438127.0,986.2,1012.2,981.3,986.2,120447000,1084.8,887.6,1102.5,649.1,1009.2,314,5,1009.1,33,1,1009.0,421,3,1008.9,837,8,1008.8,1041,14,1009.3,150,2,1009.5,154,7,1009.6,1097,10,1009.7,766,14,1009.8,873,8
317,2025-11-26 13:25:52+05:30,1009.3,5,1000.76,7055744,383212.0,438127.0,986.2,1012.2,981.3,986.2,120447000,1084.8,887.6,1102.5,649.1,1009.2,314,5,1009.1,33,1,1009.0,421,3,1008.9,837,8,1008.8,1041,14,1009.3,150,2,1009.5,154,7,1009.6,1097,10,1009.7,766,14,1009.8,873,8
317,2025-11-26 13:25:52+05:30,1009.3,5,1000.76,7055744,383212.0,438127.0,986.2,1012.2,981.3,986.2,120447000,1084.8,887.6,1102.5,649.1,1009.2,314,5,1009.1,33,1,1009.0,421,3,1008.9,837,8,1008.8,1041,14,1009.3,150,2,1009.5,154,7,1009.6,1097,10,1009.7,766,14,1009.8,873,8
317,2025-11-26 13:25:53+05:30,1009.3,23,1000.76,7055786,383210.0,438092.0,986.2,1012.2,981.3,986.2,120447000,1084.8,887.6,1102.5,649.1,1009.2,314,5,1009.1,33,1,1009.0,421,3,1008.9,837,8,1008.8,1041,14,1009.3,108,2,1009.5,116,6,1009.6,1135,11,1009.7,766,14,1009.8,873,8
317,2025-11-26 13:25:53+05:30,1009.3,23,1000.76,7055786,383210.0,438092.0,986.2,1012.2,981.3,986.2,120447000,1084.8,887.6,1102.5,649.1,1009.2,314,5,1009.1,33,1,1009.0,421,3,1008.9,837,8,1008.8,1041,14,1009.3,108,2,1009.5,116,6,1009.6,1135,11,1009.7,766,14,1009.8,873,8
317,2025-11-26 13:25:53+05:30,1009.2,25,1000.76,7055786,383210.0,438092.0,986.2,1012.2,981.3,986.2,120447000,1084.8,887.6,1102.5,649.1,1009.2,314,5,1009.1,33,1,1009.0,421,3,1008.9,837,8,1008.8,1041,14,1009.3,108,2,1009.5,116,6,1009.6,1135,11,1009.7,766,14,1009.8,873,8
317,2025-11-26 13:25:54+05:30,1009.2,25,1000.76,7055786,383210.0,438092.0,986.2,1012.2,981.3,986.2,120447000,1084.8,887.6,1102.5,649.1,1009.2,314,5,1009.1,33,1,1009.0,421,3,1008.9,837,8,1008.8,1041,14,1009.3,108,2,1009.5,116,6,1009.6,1135,11,1009.7,766,14,1009.8,873,8
317,2025-11-26 13:25:54+05:30,1009.2,25,1000.76,7055812,383186.0,438090.0,986.2,1012.2,981.3,986.2,120447000,1084.8,887.6,1102.5,649.1,1009.2,289,5,1009.1,33,1,1009.0,421,3,1008.9,837,8,1008.8,1041,14,1009.3,107,2,1009.5,272,8,1009.6,1096,10,1009.7,766,14,1009.8,873,8
317,2025-11-26 13:25:54+05:30,1009.2,25,1000.76,7055812,383186.0,438090.0,986.2,1012.2,981.3,986.2,120447000,1084.8,887.6,1102.5,649.1,1009.2,289,5,1009.1,33,1,1009.0,421,3,1008.9,837,8,1008.8,1041,14,1009.3,107,2,1009.5,272,8,1009.6,1096,10,1009.7,766,14,1009.8,873,8
317,2025-11-26 13:25:54+05:30,1009.3,13,1000.76,7055812,383186.0,438090.0,986.2,1012.2,981.3,986.2,120447000,1084.8,887.6,1102.5,649.1,1009.2,289,5,1009.1,33,1,1009.0,421,3,1008.9,837,8,1008.8,1041,14,1009.3,107,2,1009.5,272,8,1009.6,1096,10,1009.7,766,14,1009.8,873,8
317,2025-11-26 13:25:55+05:30,1009.3,13,1000.76,7055812,383186.0,438090.0,986.2,1012.2,981.3,986.2,120447000,1084.8,887.6,1102.5,649.1,1009.2,289,5,1009.1,33,1,1009.0,421,3,1008.9,837,8,1008.8,1041,14,1009.3,107,2,1009.5,272,8,1009.6,1096,10,1009.7,766,14,1009.8,873,8
317,2025-11-26 13:25:55+05:30,1009.3,3,1000.76,7055940,382759.0,438397.0,986.2,1012.2,981.3,986.2,120447000,1084.8,887.6,1102.5,649.1,1009.2,289,5,1009.1,33,1,1009.0,421,3,1008.9,792,7,1008.8,925,12,1009.3,77,2,1009.4,82,2,1009.5,331,8,1009.6,1292,12,1009.7,761,13
317,2025-11-26 13:25:55+05:30,1009.3,3,1000.76,7055940,382759.0,438397.0,986.2,1012.2,981.3,986.2,120447000,1084.8,887.6,1102.5,649.1,1009.2,289,5,1009.1,33,1,1009.0,421,3,1008.9,792,7,1008.8,925,12,1009.3,77,2,1009.4,82,2,1009.5,331,8,1009.6,1292,12,1009.7,761,13
317,2025-11-26 13:25:55+05:30,1009.3,12,1000.76,7055940,382759.0,438397.0,986.2,1012.2,981.3,986.2,120447000,1084.8,887.6,1102.5,649.1,1009.2,289,5,1009.1,33,1,1009.0,421,3,1008.9,792,7,1008.8,925,12,1009.3,77,2,1009.4,82,2,1009.5,331,8,1009.6,1292,12,1009.7,761,13
317,2025-11-26 13:25:56+05:30,1009.3,12,1000.76,7055940,382759.0,438397.0,986.2,1012.2,981.3,986.2,120447000,1084.8,887.6,1102.5,649.1,1009.2,289,5,1009.1,33,1,1009.0,421,3,1008.9,792,7,1008.8,925,12,1009.3,77,2,1009.4,82,2,1009.5,331,8,1009.6,1292,12,1009.7,761,13
317,2025-11-26 13:25:56+05:30,1009.3,2,1000.76,7055969,382963.0,438373.0,986.2,1012.2,981.3,986.2,120447000,1084.8,887.6,1102.5,649.1,1009.2,289,5,1009.1,33,1,1009.0,421,3,1008.9,792,7,1008.8,925,12,1009.3,48,2,1009.4,82,2,1009.5,331,8,1009.6,1269,11,1009.7,766,14
317,2025-11-26 13:25:56+05:30,1009.3,2,1000.76,7055969,382963.0,438373.0,986.2,1012.2,981.3,986.2,120447000,1084.8,887.6,1102.5,649.1,1009.2,289,5,1009.1,33,1,1009.0,421,3,1008.9,792,7,1008.8,925,12,1009.3,48,2,1009.4,82,2,1009.5,331,8,1009.6,1269,11,1009.7,766,14
317,2025-11-26 13:25:56+05:30,1009.2,1,1000.76,7055969,382963.0,438373.0,986.2,1012.2,981.3,986.2,120447000,1084.8,887.6,1102.5,649.1,1009.2,289,5,1009.1,33,1,1009.0,421,3,1008.9,792,7,1008.8,925,12,1009.3,48,2,1009.4,82,2,1009.5,331,8,1009.6,1269,11,1009.7,766,14
317,2025-11-26 13:25:57+05:30,1009.2,1,1000.76,7055969,382963.0,438373.0,986.2,1012.2,981.3,986.2,120429750,1084.8,887.6,1102.5,649.1,1009.2,289,5,1009.1,33,1,1009.0,421,3,1008.9,792,7,1008.8,925,12,1009.3,48,2,1009.4,82,2,1009.5,331,8,1009.6,1269,11,1009.7,766,14
317,2025-11-26 13:25:57+05:30,1009.3,1,1000.76,7055972,382961.0,438701.0,986.2,1012.2,981.3,986.2,120429750,1084.8,887.6,1102.5,649.1,1009.2,287,5,1009.1,33,1,1009.0,421,3,1008.9,792,7,1008.8,925,12,1009.3,47,2,1009.4,82,2,1009.5,331,8,1009.6,1269,11,1009.7,766,14
317,2025-11-26 13:25:57+05:30,1009.3,1,1000.76,7055972,382961.0,438701.0,986.2,1012.2,981.3,986.2,120429750,1084.8,887.6,1102.5,649.1,1009.2,287,5,1009.1,33,1,1009.0,421,3,1008.9,792,7,1008.8,925,12,1009.3,47,2,1009.4,82,2,1009.5,331,8,1009.6,1269,11,1009.7,766,14
317,2025-11-26 13:25:57+05:30,1009.2,25,1000.76,7055972,382961.0,438701.0,986.2,1012.2,981.3,986.2,120429750,1084.8,887.6,1102.5,649.1,1009.2,287,5,1009.1,33,1,1009.0,421,3,1008.9,792,7,1008.8,925,12,1009.3,47,2,1009.4,82,2,1009.5,331,8,1009.6,1269,11,1009.7,766,14
317,2025-11-26 13:25:58+05:30,1009.2,25,1000.76,7055997,382936.0,438701.0,986.2,1012.2,981.3,986.2,120429750,1084.8,887.6,1102.5,649.1,1009.2,262,5,1009.1,33,1,1009.0,421,3,1008.9,792,7,1008.8,925,12,1009.3,47,2,1009.4,82,2,1009.5,331,8,1009.6,1269,11,1009.7,766,14
317,2025-11-26 13:25:59+05:30,1009.3,1,1000.76,7055998,383020.0,438951.0,986.2,1012.2,981.3,986.2,120429750,1084.8,887.6,1102.5,649.1,1009.2,296,7,1009.1,33,1,1009.0,421,3,1008.9,868,9,1008.8,899,11,1009.3,46,2,1009.4,81,2,1009.5,533,9,1009.6,1205,9,1009.7,804,15
317,2025-11-26 13:25:59+05:30,1009.3,1,1000.76,7055998,383020.0,438951.0,986.2,1012.2,981.3,986.2,120429750,1084.8,887.6,1102.5,649.1,1009.2,296,7,1009.1,33,1,1009.0,421,3,1008.9,868,9,1008.8,899,11,1009.3,46,2,1009.4,81,2,1009.5,533,9,1009.6,1205,9,1009.7,804,15
317,2025-11-26 13:26:00+05:30,1009.3,1,1000.76,7055999,383000.0,438627.0,986.2,1012.2,981.3,986.2,120429750,1084.8,887.6,1102.5,649.1,1009.2,296,7,1009.1,33,1,1009.0,421,3,1008.9,868,9,1008.8,946,12,1009.3,45,2,1009.4,81,2,1009.5,533,9,1009.6,1205,9,1009.7,1102,16
317,2025-11-26 13:26:00+05:30,1009.2,8,1000.76,7055999,383000.0,438627.0,986.2,1012.2,981.3,986.2,120429750,1084.8,887.6,1102.5,649.1,1009.2,296,7,1009.1,33,1,1009.0,421,3,1008.9,868,9,1008.8,946,12,1009.3,45,2,1009.4,81,2,1009.5,533,9,1009.6,1205,9,1009.7,1102,16
317,2025-11-26 13:26:01+05:30,1009.3,1,1000.76,7056008,382991.0,438626.0,986.2,1012.2,981.3,986.2,120429750,1084.8,887.6,1102.5,649.1,1009.2,288,7,1009.1,33,1,1009.0,421,3,1008.9,892,10,1008.8,921,11,1009.3,44,2,1009.4,81,2,1009.5,533,9,1009.6,1205,9,1009.7,1102,16
317,2025-11-26 13:26:01+05:30,1009.2,99,1000.76,7056008,382991.0,438626.0,986.2,1012.2,981.3,986.2,120429750,1084.8,887.6,1102.5,649.1,1009.2,288,7,1009.1,33,1,1009.0,421,3,1008.9,892,10,1008.8,921,11,1009.3,44,2,1009.4,81,2,1009.5,533,9,1009.6,1205,9,1009.7,1102,16
317,2025-11-26 13:26:02+05:30,1009.2,99,1000.76,7056107,382699.0,438578.0,986.2,1012.2,981.3,986.2,120429750,1084.8,887.6,1102.5,649.1,1009.2,113,6,1009.1,33,1,1009.0,303,2,1008.9,854,9,1008.8,957,12,1009.3,44,2,1009.4,37,1,1009.5,531,9,1009.6,1241,10,1009.7,1064,15
317,2025-11-26 13:26:02+05:30,1009.3,16,1000.76,7056107,382699.0,438578.0,986.2,1012.2,981.3,986.2,120429750,1084.8,887.6,1102.5,649.1,1009.2,113,6,1009.1,33,1,1009.0,303,2,1008.9,854,9,1008.8,957,12,1009.3,44,2,1009.4,37,1,1009.5,531,9,1009.6,1241,10,1009.7,1064,15
317,2025-11-26 13:26:03+05:30,1009.3,16,1000.76,7056165,382363.0,438649.0,986.2,1012.2,981.3,986.2,120429750,1084.8,887.6,1102.5,649.1,1009.3,4,2,1009.2,113,6,1009.1,33,1,1009.0,303,2,1008.9,859,9,1009.4,221,2,1009.5,286,7,1009.6,751,10,1009.7,761,13,1009.8,1417,9
317,2025-11-26 13:26:04+05:30,1009.3,16,1000.76,7056165,382516.0,438534.0,986.2,1012.2,981.3,986.2,120429750,1084.8,887.6,1102.5,649.1,1009.3,26,4,1009.2,79,4,1009.1,33,1,1009.0,303,2,1008.9,859,9,1009.4,37,1,1009.5,316,6,1009.6,728,11,1009.7,818,15,1009.8,1417,9
317,2025-11-26 13:26:05+05:30,1009.4,2,1000.76,7056167,384258.0,438369.0,986.2,1012.2,981.3,986.2,120429750,1084.8,887.6,1102.5,649.1,1009.3,37,5,1009.2,107,5,1009.1,235,2,1009.0,460,4,1008.9,859,9,1009.4,36,2,1009.5,2,1,1009.6,694,10,1009.7,797,14,1009.8,1119,8
317,2025-11-26 13:26:05+05:30,1009.4,2,1000.76,7056167,384258.0,438369.0,986.2,1012.2,981.3,986.2,120429750,1084.8,887.6,1102.5,649.1,1009.3,37,5,1009.2,107,5,1009.1,235,2,1009.0,460,4,1008.9,859,9,1009.4,36,2,1009.5,2,1,1009.6,694,10,1009.7,797,14,1009.8,1119,8
317,2025-11-26 13:26:06+05:30,1009.4,23,1000.76,7056191,384329.0,438461.0,986.2,1012.2,981.3,986.2,120429750,1084.8,887.6,1102.5,649.1,1009.3,34,4,1009.2,107,5,1009.1,349,3,1009.0,460,4,1008.9,859,9,1009.4,49,3,1009.5,55,2,1009.6,694,10,1009.7,792,12,1009.8,1160,11
317,2025-11-26 13:26:06+05:30,1009.4,23,1000.76,7056191,384329.0,438461.0,986.2,1012.2,981.3,986.2,120429750,1084.8,887.6,1102.5,649.1,1009.3,34,4,1009.2,107,5,1009.1,349,3,1009.0,460,4,1008.9,859,9,1009.4,49,3,1009.5,55,2,1009.6,694,10,1009.7,792,12,1009.8,1160,11
317,2025-11-26 13:26:07+05:30,1009.4,2,1000.76,7056193,384329.0,438459.0,986.2,1012.2,981.3,986.2,120429750,1084.8,887.6,1102.5,649.1,1009.3,34,4,1009.2,107,5,1009.1,349,3,1009.0,460,4,1008.9,859,9,1009.4,47,3,1009.5,55,2,1009.6,694,10,1009.7,792,12,1009.8,1160,11
317,2025-11-26 13:26:07+05:30,1009.4,10,1000.76,7056193,384329.0,438459.0,986.2,1012.2,981.3,986.2,120429750,1084.8,887.6,1102.5,649.1,1009.3,34,4,1009.2,107,5,1009.1,349,3,1009.0,460,4,1008.9,859,9,1009.4,47,3,1009.5,55,2,1009.6,694,10,1009.7,792,12,1009.8,1160,11
317,2025-11-26 13:26:08+05:30,1009.4,10,1000.76,7056213,384195.0,438476.0,986.2,1012.2,981.3,986.2,120429750,1084.8,887.6,1102.5,649.1,1009.3,14,3,1009.2,107,5,1009.1,235,2,1009.0,460,4,1008.9,859,9,1009.4,64,2,1009.5,55,2,1009.6,694,10,1009.7,828,13,1009.8,1124,10
317,2025-11-26 13:26:09+05:30,1009.4,10,1000.76,7056213,384195.0,438476.0,986.2,1012.2,981.3,986.2,120429750,1084.8,887.6,1102.5,649.1,1009.3,14,3,1009.2,107,5,1009.1,235,2,1009.0,460,4,1008.9,859,9,1009.4,64,2,1009.5,55,2,1009.6,694,10,1009.7,828,13,1009.8,1124,10
317,2025-11-26 13:26:10+05:30,1009.4,1,1000.76,7056214,384309.0,437956.0,986.2,1012.2,981.3,986.2,120429750,1084.8,887.6,1102.5,649.1,1009.3,14,3,1009.2,107,5,1009.1,235,2,1009.0,560,5,1008.9,859,9,1009.4,63,2,1009.5,55,2,1009.6,694,10,1009.7,853,13,1009.8,580,9
317,2025-11-26 13:26:10+05:30,1009.4,1,1000.76,7056214,384309.0,437956.0,986.2,1012.2,981.3,986.2,120429750,1084.8,887.6,1102.5,649.1,1009.3,14,3,1009.2,107,5,1009.1,235,2,1009.0,560,5,1008.9,859,9,1009.4,63,2,1009.5,55,2,1009.6,694,10,1009.7,853,13,1009.8,580,9
317,2025-11-26 13:26:11+05:30,1009.4,1,1000.76,7056217,384309.0,438901.0,986.2,1012.2,981.3,986.2,120429750,1084.8,887.6,1102.5,649.1,1009.3,14,3,1009.2,107,5,1009.1,235,2,1009.0,560,5,1008.9,859,9,1009.4,96,3,1009.5,55,2,1009.6,727,11,1009.7,817,12,1009.8,1413,11
317,2025-11-26 13:26:11+05:30,1009.3,11,1000.76,7056217,384309.0,438901.0,986.2,1012.2,981.3,986.2,120429750,1084.8,887.6,1102.5,649.1,1009.3,14,3,1009.2,107,5,1009.1,235,2,1009.0,560,5,1008.9,859,9,1009.4,96,3,1009.5,55,2,1009.6,727,11,1009.7,817,12,1009.8,1413,11
317,2025-11-26 13:26:12+05:30,1009.3,11,1000.76,7056231,385627.0,438807.0,986.2,1012.2,981.3,986.2,120429750,1084.8,887.6,1102.5,649.1,1009.2,107,5,1009.1,33,1,1009.0,593,6,1008.9,859,9,1008.8,3282,20,1009.3,5,1,1009.4,96,3,1009.5,58,3,1009.6,694,10,1009.7,850,13
317,2025-11-26 13:26:12+05:30,1009.3,6,1000.76,7056231,385627.0,438807.0,986.2,1012.2,981.3,986.2,120429750,1084.8,887.6,1102.5,649.1,1009.2,107,5,1009.1,33,1,1009.0,593,6,1008.9,859,9,1008.8,3282,20,1009.3,5,1,1009.4,96,3,1009.5,58,3,1009.6,694,10,1009.7,850,13
317,2025-11-26 13:26:13+05:30,1009.3,18,1000.76,7056259,384306.0,439086.0,986.2,1012.2,981.3,986.2,120429750,1084.8,887.6,1102.5,649.1,1009.3,3,1,1009.2,107,5,1009.1,33,1,1009.0,517,4,1008.9,859,9,1009.4,322,5,1009.5,171,5,1009.6,760,12,1009.7,781,11,1009.8,1417,12
317,2025-11-26 13:26:13+05:30,1009.3,2,1000.76,7056259,384306.0,439086.0,986.2,1012.2,981.3,986.2,120429750,1084.8,887.6,1102.5,649.1,1009.3,3,1,1009.2,107,5,1009.1,33,1,1009.0,517,4,1008.9,859,9,1009.4,322,5,1009.5,171,5,1009.6,760,12,1009.7,781,11,1009.8,1417,12
317,2025-11-26 13:26:14+05:30,1009.3,2,1000.76,7056268,385657.0,438932.0,986.2,1012.2,981.3,986.2,120429750,1084.8,887.6,1102.5,649.1,1009.2,109,6,1009.1,33,1,1009.0,583,6,1008.9,885,10,1008.8,3285,20,1009.3,8,1,1009.4,128,3,1009.5,55,3,1009.6,694,10,1009.7,804,12
317,2025-11-26 13:26:14+05:30,1009.3,1,1000.76,7056268,385657.0,438932.0,986.2,1012.2,981.3,986.2,120429750,1084.8,887.6,1102.5,649.1,1009.2,109,6,1009.1,33,1,1009.0,583,6,1008.9,885,10,1008.8,3285,20,1009.3,8,1,1009.4,128,3,1009.5,55,3,1009.6,694,10,1009.7,804,12
317,2025-11-26 13:26:15+05:30,1009.4,2,1000.76,7056340,383869.0,438953.0,986.2,1012.2,981.3,986.2,120429750,1084.8,887.6,1102.5,649.1,1009.3,42,1,1009.2,120,7,1009.1,33,1,1009.0,403,3,1008.9,859,9,1009.4,168,4,1009.5,168,5,1009.6,760,12,1009.7,781,11,1009.8,1412,10
317,2025-11-26 13:26:15+05:30,1009.4,2,1000.76,7056340,383869.0,438953.0,986.2,1012.2,981.3,986.2,120429750,1084.8,887.6,1102.5,649.1,1009.3,42,1,1009.2,120,7,1009.1,33,1,1009.0,403,3,1008.9,859,9,1009.4,168,4,1009.5,168,5,1009.6,760,12,1009.7,781,11,1009.8,1412,10
317,2025-11-26 13:26:16+05:30,1009.4,2,1000.76,7056342,383869.0,438977.0,986.2,1012.2,981.3,986.2,120429750,1084.8,887.6,1102.5,649.1,1009.3,42,1,1009.2,120,7,1009.1,33,1,1009.0,403,3,1008.9,859,9,1009.4,166,4,1009.5,194,6,1009.6,727,11,1009.7,814,12,1009.8,1412,10
317,2025-11-26 13:26:16+05:30,1009.4,2,1000.76,7056342,383869.0,438977.0,986.2,1012.2,981.3,986.2,120429750,1084.8,887.6,1102.5,649.1,1009.3,42,1,1009.2,120,7,1009.1,33,1,1009.0,403,3,1008.9,859,9,1009.4,166,4,1009.5,194,6,1009.6,727,11,1009.7,814,12,1009.8,1412,10
317,2025-11-26 13:26:17+05:30,1009.2,18,1000.76,7056402,383628.0,438978.0,986.2,1012.2,981.3,986.2,120429750,1084.8,887.6,1102.5,649.1,1009.2,102,7,1009.1,33,1,1009.0,517,4,1008.9,859,9,1008.8,3312,21,1009.4,124,3,1009.5,153,5,1009.6,648,9,1009.7,847,13,1009.8,1418,11
317,2025-11-26 13:26:17+05:30,1009.4,1,1000.76,7056402,383628.0,438978.0,986.2,1012.2,981.3,986.2,120429750,1084.8,887.6,1102.5,649.1,1009.2,102,7,1009.1,33,1,1009.0,517,4,1008.9,859,9,1008.8,3312,21,1009.4,124,3,1009.5,153,5,1009.6,648,9,1009.7,847,13,1009.8,1418,11
317,2025-11-26 13:26:18+05:30,1009.4,1,1000.76,7056408,383628.0,438943.0,986.2,1012.2,981.3,986.2,120429750,1084.8,887.6,1102.5,649.1,1009.2,102,7,1009.1,33,1,1009.0,546,5,1008.9,859,9,1008.8,3312,21,1009.4,118,3,1009.5,153,5,1009.6,648,9,1009.7,847,13,1009.8,1418,11
317,2025-11-26 13:26:19+05:30,1009.4,1,1000.76,7056408,383639.0,438983.0,986.2,1012.2,981.3,986.2,120429750,1084.8,887.6,1102.5,649.1,1009.2,123,8,1009.1,33,1,1009.0,612,7,1008.9,859,9,1008.8,3246,19,1009.4,118,3,1009.5,153,5,1009.6,688,10,1009.7,847,13,1009.8,1418,11
317,2025-11-26 13:26:19+05:30,1009.2,19,1000.76,7056408,383639.0,438983.0,986.2,1012.2,981.3,986.2,120429750,1084.8,887.6,1102.5,649.1,1009.2,123,8,1009.1,33,1,1009.0,612,7,1008.9,859,9,1008.8,3246,19,1009.4,118,3,1009.5,153,5,1009.6,688,10,1009.7,847,13,1009.8,1418,11
317,2025-11-26 13:26:21+05:30,1009.2,4,1000.76,7056408,383639.0,438983.0,986.2,1012.2,981.3,986.2,120429750,1084.8,887.6,1102.5,649.1,1009.2,123,8,1009.1,33,1,1009.0,612,7,1008.9,859,9,1008.8,3246,19,1009.4,118,3,1009.5,153,5,1009.6,688,10,1009.7,847,13,1009.8,1418,11
317,2025-11-26 13:26:22+05:30,1009.3,4,1000.76,7056600,385116.0,438346.0,986.2,1012.2,981.3,986.2,120429750,1084.8,887.6,1102.5,649.1,1009.2,93,5,1009.1,33,1,1009.0,710,5,1008.9,763,11,1008.8,3317,20,1009.3,7,1,1009.4,101,2,1009.5,300,7,1009.6,698,11,1009.7,1132,15
317,2025-11-26 13:26:23+05:30,1009.3,23,1000.76,7056600,385116.0,438346.0,986.2,1012.2,981.3,986.2,120429750,1084.8,887.6,1102.5,649.1,1009.2,93,5,1009.1,33,1,1009.0,710,5,1008.9,763,11,1008.8,3317,20,1009.3,7,1,1009.4,101,2,1009.5,300,7,1009.6,698,11,1009.7,1132,15
317,2025-11-26 13:26:25+05:30,1009.4,4,1000.76,7056600,385116.0,438346.0,986.2,1012.2,981.3,986.2,120429750,1084.8,887.6,1102.5,649.1,1009.2,93,5,1009.1,33,1,1009.0,710,5,1008.9,763,11,1008.8,3317,20,1009.3,7,1,1009.4,101,2,1009.5,300,7,1009.6,698,11,1009.7,1132,15
317,2025-11-26 13:26:26+05:30,1009.2,11,1000.76,7057096,389512.0,436504.0,986.2,1012.2,981.3,986.2,120429750,1084.8,887.6,1102.5,649.1,1009.2,1164,8,1009.1,273,4,1009.0,2378,13,1008.9,3751,15,1008.8,3804,17,1009.4,68,2,1009.5,29,3,1009.6,115,3,1009.7,521,9,1009.8,493,6
317,2025-11-26 13:26:27+05:30,1009.2,11,1000.76,7057096,389512.0,436504.0,986.2,1012.2,981.3,986.2,120429750,1084.8,887.6,1102.5,649.1,1009.2,1164,8,1009.1,273,4,1009.0,2378,13,1008.9,3751,15,1008.8,3804,17,1009.4,68,2,1009.5,29,3,1009.6,115,3,1009.7,521,9,1009.8,493,6
317,2025-11-26 13:26:29+05:30,1009.4,1,1000.76,7057096,389512.0,436504.0,986.2,1012.2,981.3,986.2,120429750,1084.8,887.6,1102.5,649.1,1009.2,1164,8,1009.1,273,4,1009.0,2378,13,1008.9,3751,15,1008.8,3804,17,1009.4,68,2,1009.5,29,3,1009.6,115,3,1009.7,521,9,1009.8,493,6
317,2025-11-26 13:26:30+05:30,1009.4,1,1000.76,7057097,389415.0,436715.0,986.2,1012.2,981.3,986.2,120429750,1084.8,887.6,1102.5,649.1,1009.2,1176,8,1009.1,304,5,1009.0,2430,14,1008.9,3001,14,1008.8,3889,19,1009.4,68,3,1009.5,29,3,1009.6,115,3,1009.7,525,10,1009.8,493,6
317,2025-11-26 13:26:33+05:30,1009.4,5,1000.76,7057097,389415.0,436715.0,986.2,1012.2,981.3,986.2,120429750,1084.8,887.6,1102.5,649.1,1009.2,1176,8,1009.1,304,5,1009.0,2430,14,1008.9,3001,14,1008.8,3889,19,1009.4,68,3,1009.5,29,3,1009.6,115,3,1009.7,525,10,1009.8,493,6
317,2025-11-26 13:26:33+05:30,1009.4,5,1000.76,7057586,390248.0,434522.0,986.2,1012.2,981.3,986.2,120429750,1084.8,887.6,1102.5,649.1,1009.3,501,2,1009.2,1446,13,1009.1,502,7,1009.0,2466,15,1008.9,2980,15,1009.4,300,2,1009.5,20,1,1009.6,115,3,1009.7,337,6,1009.8,831,8
317,2025-11-26 13:26:35+05:30,1009.4,2,1000.76,7057586,390248.0,434522.0,986.2,1012.2,981.3,986.2,120429750,1084.8,887.6,1102.5,649.1,1009.3,501,2,1009.2,1446,13,1009.1,502,7,1009.0,2466,15,1008.9,2980,15,1009.4,300,2,1009.5,20,1,1009.6,115,3,1009.7,337,6,1009.8,831,8
317,2025-11-26 13:26:37+05:30,1009.3,201,1000.77,7057903,389945.0,434459.0,986.2,1012.2,981.3,986.2,120429750,1084.8,887.6,1102.5,649.1,1009.3,313,3,1009.2,1495,13,1009.1,310,6,1009.0,2494,16,1008.9,2980,15,1009.4,284,2,1009.6,115,3,1009.7,337,6,1009.8,332,7,1009.9,1375,16
317,2025-11-26 13:26:37+05:30,1009.3,201,1000.77,7057903,389945.0,434459.0,986.2,1012.2,981.3,986.2,120429750,1084.8,887.6,1102.5,649.1,1009.3,313,3,1009.2,1495,13,1009.1,310,6,1009.0,2494,16,1008.9,2980,15,1009.4,284,2,1009.6,115,3,1009.7,337,6,1009.8,332,7,1009.9,1375,16
317,2025-11-26 13:26:41+05:30,1009.3,76,1000.77,7057903,389945.0,434459.0,986.2,1012.2,981.3,986.2,120429750,1084.8,887.6,1102.5,649.1,1009.3,313,3,1009.2,1495,13,1009.1,310,6,1009.0,2494,16,1008.9,2980,15,1009.4,284,2,1009.6,115,3,1009.7,337,6,1009.8,332,7,1009.9,1375,16
317,2025-11-26 13:26:41+05:30,1009.3,76,1000.77,7058003,389962.0,434699.0,986.2,1012.2,981.3,986.2,120429750,1084.8,887.6,1102.5,649.1,1009.3,220,4,1009.2,1402,13,1009.1,449,5,1009.0,2520,17,1008.9,2980,15,1009.4,281,3,1009.5,53,1,1009.6,115,3,1009.7,337,6,1009.8,360,8
317,2025-11-26 13:26:43+05:30,1009.3,78,1000.77,7058003,389962.0,434699.0,986.2,1012.2,981.3,986.2,120429750,1084.8,887.6,1102.5,649.1,1009.3,220,4,1009.2,1402,13,1009.1,449,5,1009.0,2520,17,1008.9,2980,15,1009.4,281,3,1009.5,53,1,1009.6,115,3,1009.7,337,6,1009.8,360,8
317,2025-11-26 13:26:45+05:30,1009.4,3,1000.77,7058003,389962.0,434699.0,986.2,1012.2,981.3,986.2,120429750,1084.8,887.6,1102.5,649.1,1009.3,220,4,1009.2,1402,13,1009.1,449,5,1009.0,2520,17,1008.9,2980,15,1009.4,281,3,1009.5,53,1,1009.6,115,3,1009.7,337,6,1009.8,360,8
317,2025-11-26 13:26:45+05:30,1009.4,3,1000.77,7058251,390150.0,434664.0,986.2,1012.2,981.3,986.2,120429750,1084.8,887.6,1102.5,649.1,1009.3,74,5,1009.2,1381,12,1009.1,296,6,1009.0,2466,15,1008.9,2980,15,1009.4,192,3,1009.5,53,1,1009.6,160,4,1009.7,396,7,1009.8,332,7
317,2025-11-26 13:26:47+05:30,1009.5,108,1000.77,7058251,390150.0,434664.0,986.2,1012.2,981.3,986.2,120429750,1084.8,887.6,1102.5,649.1,1009.3,74,5,1009.2,1381,12,1009.1,296,6,1009.0,2466,15,1008.9,2980,15,1009.4,192,3,1009.5,53,1,1009.6,160,4,1009.7,396,7,1009.8,332,7
317,2025-11-26 13:26:49+05:30,1009.5,97,1000.77,7058251,390150.0,434664.0,986.2,1012.2,981.3,986.2,120429750,1084.8,887.6,1102.5,649.1,1009.3,324,6,1009.2,1585,16,1009.1,481,6,1009.0,2439,15,1008.9,2980,15,1009.5,5,1,1009.6,100,1,1009.7,292,7,1009.8,399,7,1009.9,1322,15
317,2025-11-26 13:26:49+05:30,1009.5,97,1000.77,7058648,390283.0,434514.0,986.2,1012.2,981.3,986.2,120429750,1084.8,887.6,1102.5,649.1,1009.3,324,6,1009.2,1585,16,1009.1,481,6,1009.0,2439,15,1008.9,2980,15,1009.5,5,1,1009.6,100,1,1009.7,292,7,1009.8,399,7,1009.9,1322,15
317,2025-11-26 13:26:51+05:30,1009.3,83,1000.77,7058648,390283.0,434514.0,986.2,1012.2,981.3,986.2,120429750,1084.8,887.6,1102.5,649.1,1009.3,324,6,1009.2,1585,16,1009.1,481,6,1009.0,2439,15,1008.9,2980,15,1009.5,5,1,1009.6,100,1,1009.7,292,7,1009.8,399,7,1009.9,1322,15
317,2025-11-26 13:26:53+05:30,1009.4,3,1000.77,7058648,390283.0,434514.0,986.2,1012.2,981.3,986.2,120429750,1084.8,887.6,1102.5,649.1,1009.3,324,6,1009.2,1585,16,1009.1,481,6,1009.0,2439,15,1008.9,2980,15,1009.5,5,1,1009.6,100,1,1009.7,292,7,1009.8,399,7,1009.9,1322,15
317,2025-11-26 13:26:54+05:30,1009.4,3,1000.77,7058856,390324.0,434370.0,986.2,1012.2,981.3,986.2,120429750,1084.8,887.6,1102.5,649.1,1009.3,169,2,1009.2,1303,11,1009.1,504,6,1009.0,2469,16,1008.9,2980,15,1009.4,114,1,1009.5,1,1,1009.6,100,1,1009.7,449,9,1009.8,884,9
317,2025-11-26 13:26:55+05:30,1009.4,12,1000.77,7058856,390324.0,434370.0,986.2,1012.2,981.3,986.2,120429750,1084.8,887.6,1102.5,649.1,1009.3,169,2,1009.2,1303,11,1009.1,504,6,1009.0,2469,16,1008.9,2980,15,1009.4,114,1,1009.5,1,1,1009.6,100,1,1009.7,449,9,1009.8,884,9
317,2025-11-26 13:26:57+05:30,1009.4,1,1000.77,7058856,390324.0,434370.0,986.2,1012.2,981.3,986.2,120429750,1084.8,887.6,1102.5,649.1,1009.3,169,2,1009.2,1303,11,1009.1,504,6,1009.0,2469,16,1008.9,2980,15,1009.4,114,1,1009.5,1,1,1009.6,100,1,1009.7,449,9,1009.8,884,9
317,2025-11-26 13:26:57+05:30,1009.4,1,1000.77,7059004,390825.0,434714.0,986.2,1012.2,981.3,986.2,120429750,1084.8,887.6,1102.5,649.1,1009.3,179,3,1009.2,1280,10,1009.1,468,6,1009.0,2560,17,1008.9,3008,16,1009.4,76,2,1009.5,1,1,1009.6,103,2,1009.7,411,8,1009.8,877,8
317,2025-11-26 13:27:01+05:30,1009.3,83,1000.77,7059147,391597.0,434716.0,986.2,1012.2,981.3,986.2,120429750,1084.8,887.6,1102.5,649.1,1009.3,851,5,1009.2,1301,11,1009.1,342,6,1009.0,2586,18,1008.9,2980,15,1009.4,26,4,1009.5,47,1,1009.6,103,2,1009.7,411,8,1009.8,877,8
317,2025-11-26 13:27:01+05:30,1009.3,10,1000.77,7059147,391597.0,434716.0,986.2,1012.2,981.3,986.2,120429750,1084.8,887.6,1102.5,649.1,1009.3,851,5,1009.2,1301,11,1009.1,342,6,1009.0,2586,18,1008.9,2980,15,1009.4,26,4,1009.5,47,1,1009.6,103,2,1009.7,411,8,1009.8,877,8
317,2025-11-26 13:27:03+05:30,1009.5,1,1000.77,7059147,391597.0,434716.0,986.2,1012.2,981.3,986.2,120429750,1084.8,887.6,1102.5,649.1,1009.3,851,5,1009.2,1301,11,1009.1,342,6,1009.0,2586,18,1008.9,2980,15,1009.4,26,4,1009.5,47,1,1009.6,103,2,1009.7,411,8,1009.8,877,8
317,2025-11-26 13:27:05+05:30,1009.5,2,1000.77,7059187,391516.0,434612.0,986.2,1012.2,981.3,986.2,120429750,1084.8,887.6,1102.5,649.1,1009.4,41,7,1009.3,839,4,1009.2,1312,11,1009.1,417,6,1009.0,2556,17,1009.5,87,2,1009.6,100,1,1009.7,256,6,1009.8,916,9,1009.9,838,17
317,2025-11-26 13:27:05+05:30,1009.5,1,1000.77,7059187,391516.0,434612.0,986.2,1012.2,981.3,986.2,120429750,1084.8,887.6,1102.5,649.1,1009.4,41,7,1009.3,839,4,1009.2,1312,11,1009.1,417,6,1009.0,2556,17,1009.5,87,2,1009.6,100,1,1009.7,256,6,1009.8,916,9,1009.9,838,17
317,2025-11-26 13:27:07+05:30,1009.5,2,1000.77,7059187,391516.0,434612.0,986.2,1012.2,981.3,986.2,120429750,1084.8,887.6,1102.5,649.1,1009.4,41,7,1009.3,839,4,1009.2,1312,11,1009.1,417,6,1009.0,2556,17,1009.5,87,2,1009.6,100,1,1009.7,256,6,1009.8,916,9,1009.9,838,17
317,2025-11-26 13:27:09+05:30,1009.4,1,1000.77,7059248,390547.0,434708.0,986.2,1012.2,981.3,986.2,120429750,1084.8,887.6,1102.5,649.1,1009.4,9,1,1009.3,829,3,1009.2,1264,10,1009.1,417,6,1009.0,2165,15,1009.5,52,2,1009.6,100,1,1009.7,256,6,1009.8,1002,8,1009.9,861,18
317,2025-11-26 13:27:09+05:30,1009.4,1,1000.77,7059248,390547.0,434708.0,986.2,1012.2,981.3,986.2,120429750,1084.8,887.6,1102.5,649.1,1009.4,9,1,1009.3,829,3,1009.2,1264,10,1009.1,417,6,1009.0,2165,15,1009.5,52,2,1009.6,100,1,1009.7,256,6,1009.8,1002,8,1009.9,861,18
317,2025-11-26 13:27:11+05:30,1009.5,2,1000.77,7059248,390547.0,434708.0,986.2,1012.2,981.3,986.2,120429750,1084.8,887.6,1102.5,649.1,1009.4,9,1,1009.3,829,3,1009.2,1264,10,1009.1,417,6,1009.0,2165,15,1009.5,52,2,1009.6,100,1,1009.7,256,6,1009.8,1002,8,1009.9,861,18
317,2025-11-26 13:27:13+05:30,1009.4,23,1000.77,7059649,390862.0,434917.0,986.2,1012.2,981.3,986.2,120429750,1084.8,887.6,1102.5,649.1,1009.3,492,1,1009.2,1244,9,1009.1,2187,13,1009.0,1539,15,1008.9,4356,16,1009.4,7,1,1009.5,48,2,1009.6,149,2,1009.7,372,8,1009.8,402,7
317,2025-11-26 13:27:13+05:30,1009.5,5,1000.77,7059649,390862.0,434917.0,986.2,1012.2,981.3,986.2,120429750,1084.8,887.6,1102.5,649.1,1009.3,492,1,1009.2,1244,9,1009.1,2187,13,1009.0,1539,15,1008.9,4356,16,1009.4,7,1,1009.5,48,2,1009.6,149,2,1009.7,372,8,1009.8,402,7
317,2025-11-26 13:27:15+05:30,1009.5,1,1000.77,7059649,390862.0,434917.0,986.2,1012.2,981.3,986.2,120429750,1084.8,887.6,1102.5,649.1,1009.3,492,1,1009.2,1244,9,1009.1,2187,13,1009.0,1539,15,1008.9,4356,16,1009.4,7,1,1009.5,48,2,1009.6,149,2,1009.7,372,8,1009.8,402,7
317,2025-11-26 13:27:17+05:30,1009.5,1,1000.77,7059943,389513.0,434783.0,986.2,1012.2,981.3,986.2,120429750,1084.8,887.6,1102.5,649.1,1009.4,112,1,1009.3,420,2,1009.2,1252,9,1009.1,2170,14,1009.0,2359,16,1009.5,80,2,1009.6,100,1,1009.7,228,6,1009.8,969,10,1009.9,860,17
317,2025-11-26 13:27:19+05:30,1009.3,100,1000.77,7059943,389513.0,434783.0,986.2,1012.2,981.3,986.2,120429750,1084.8,887.6,1102.5,649.1,1009.4,112,1,1009.3,420,2,1009.2,1252,9,1009.1,2170,14,1009.0,2359,16,1009.5,80,2,1009.6,100,1,1009.7,228,6,1009.8,969,10,1009.9,860,17
317,2025-11-26 13:27:20+05:30,1009.5,1,1000.77,7060306,386911.0,435136.0,986.2,1012.2,981.3,986.2,120429750,1084.8,887.6,1102.5,649.1,1009.3,185,2,1009.2,1139,8,1009.1,1650,7,1009.0,1319,13,1008.9,4340,16,1009.5,177,3,1009.6,361,6,1009.7,533,11,1009.8,927,8,1009.9,860,17
317,2025-11-26 13:27:21+05:30,1009.5,1,1000.77,7060306,386911.0,435136.0,986.2,1012.2,981.3,986.2,120429750,1084.8,887.6,1102.5,649.1,1009.3,185,2,1009.2,1139,8,1009.1,1650,7,1009.0,1319,13,1008.9,4340,16,1009.5,177,3,1009.6,361,6,1009.7,533,11,1009.8,927,8,1009.9,860,17
317,2025-11-26 13:27:23+05:30,1009.4,90,1000.77,7060306,386911.0,435136.0,986.2,1012.2,981.3,986.2,120429750,1084.8,887.6,1102.5,649.1,1009.3,185,2,1009.2,1139,8,1009.1,1650,7,1009.0,1319,13,1008.9,4340,16,1009.5,177,3,1009.6,361,6,1009.7,533,11,1009.8,927,8,1009.9,860,17
317,2025-11-26 13:27:24+05:30,1009.4,90,1000.77,7060430,387655.0,435285.0,986.2,1012.2,981.3,986.2,120429750,1084.8,887.6,1102.5,649.1,1009.3,185,2,1009.2,1118,7,1009.1,1712,7,1009.0,1364,15,1008.9,4319,15,1009.4,19,1,1009.5,269,4,1009.6,106,4,1009.7,626,10,1009.8,1104,10
317,2025-11-26 13:27:25+05:30,1009.2,128,1000.77,7060430,387655.0,435285.0,986.2,1012.2,981.3,986.2,120429750,1084.8,887.6,1102.5,649.1,1009.3,185,2,1009.2,1118,7,1009.1,1712,7,1009.0,1364,15,1008.9,4319,15,1009.4,19,1,1009.5,269,4,1009.6,106,4,1009.7,626,10,1009.8,1104,10
317,2025-11-26 13:27:27+05:30,1009.2,128,1000.77,7060430,387655.0,435285.0,986.2,1012.2,981.3,986.2,120429750,1084.8,887.6,1102.5,649.1,1009.3,185,2,1009.2,1118,7,1009.1,1712,7,1009.0,1364,15,1008.9,4319,15,1009.4,19,1,1009.5,269,4,1009.6,106,4,1009.7,626,10,1009.8,1104,10
317,2025-11-26 13:27:29+05:30,1009.2,127,1000.77,7061532,384401.0,435790.0,986.2,1012.2,981.3,986.2,120429750,1084.8,887.6,1102.5,649.1,1009.2,428,8,1009.1,1597,6,1009.0,1923,13,1008.9,4199,14,1008.8,796,12,1009.5,479,8,1009.6,372,9,1009.7,1253,14,1009.8,573,10,1009.9,1228,20
317,2025-11-26 13:27:29+05:30,1009.2,128,1000.77,7061532,384401.0,435790.0,986.2,1012.2,981.3,986.2,120429750,1084.8,887.6,1102.5,649.1,1009.2,428,8,1009.1,1597,6,1009.0,1923,13,1008.9,4199,14,1008.8,796,12,1009.5,479,8,1009.6,372,9,1009.7,1253,14,1009.8,573,10,1009.9,1228,20
317,2025-11-26 13:27:31+05:30,1009.2,1,1000.77,7061532,384401.0,435790.0,986.2,1012.2,981.3,986.2,120429750,1084.8,887.6,1102.5,649.1,1009.2,428,8,1009.1,1597,6,1009.0,1923,13,1008.9,4199,14,1008.8,796,12,1009.5,479,8,1009.6,372,9,1009.7,1253,14,1009.8,573,10,1009.9,1228,20
317,2025-11-26 13:27:33+05:30,1009.4,23,1000.77,7062472,384048.0,435665.0,986.2,1012.2,981.3,986.2,120429750,1084.8,887.6,1102.5,649.1,1009.2,178,5,1009.1,1538,3,1009.0,1092,14,1008.9,4244,15,1008.8,1477,13,1009.4,44,2,1009.5,184,3,1009.6,452,8,1009.7,1145,11,1009.8,553,8
317,2025-11-26 13:27:33+05:30,1009.4,23,1000.77,7062472,384048.0,435665.0,986.2,1012.2,981.3,986.2,120429750,1084.8,887.6,1102.5,649.1,1009.2,178,5,1009.1,1538,3,1009.0,1092,14,1008.9,4244,15,1008.8,1477,13,1009.4,44,2,1009.5,184,3,1009.6,452,8,1009.7,1145,11,1009.8,553,8
317,2025-11-26 13:27:35+05:30,1009.4,2,1000.77,7062472,384048.0,435665.0,986.2,1012.2,981.3,986.2,120429750,1084.8,887.6,1102.5,649.1,1009.2,178,5,1009.1,1538,3,1009.0,1092,14,1008.9,4244,15,1008.8,1477,13,1009.4,44,2,1009.5,184,3,1009.6,452,8,1009.7,1145,11,1009.8,553,8
317,2025-11-26 13:27:37+05:30,1009.3,1,1000.77,7063110,384794.0,436763.0,986.2,1012.2,981.3,986.2,120429750,1084.8,887.6,1102.5,649.1,1009.2,211,5,1009.1,1538,3,1009.0,1780,12,1008.9,4218,16,1008.8,834,13,1009.3,34,1,1009.4,4,1,1009.5,1235,4,1009.6,435,9,1009.7,702,12
317,2025-11-26 13:27:37+05:30,1009.3,1,1000.77,7063110,384794.0,436763.0,986.2,1012.2,981.3,986.2,120429750,1084.8,887.6,1102.5,649.1,1009.2,211,5,1009.1,1538,3,1009.0,1780,12,1008.9,4218,16,1008.8,834,13,1009.3,34,1,1009.4,4,1,1009.5,1235,4,1009.6,435,9,1009.7,702,12
317,2025-11-26 13:27:39+05:30,1009.2,109,1000.77,7063110,384794.0,436763.0,986.2,1012.2,981.3,986.2,120429750,1084.8,887.6,1102.5,649.1,1009.2,211,5,1009.1,1538,3,1009.0,1780,12,1008.9,4218,16,1008.8,834,13,1009.3,34,1,1009.4,4,1,1009.5,1235,4,1009.6,435,9,1009.7,702,12
317,2025-11-26 13:27:41+05:30,1009.4,1,1000.77,7064557,383678.0,436143.0,986.2,1012.2,981.3,986.2,120429750,1084.8,887.6,1102.5,649.1,1009.2,237,7,1009.1,1583,4,1009.0,1612,8,1008.9,4047,15,1008.8,730,10,1009.4,136,4,1009.5,1333,6,1009.6,475,9,1009.7,637,11,1009.8,1201,14
317,2025-11-26 13:27:41+05:30,1009.2,128,1000.77,7064557,383678.0,436143.0,986.2,1012.2,981.3,986.2,120429750,1084.8,887.6,1102.5,649.1,1009.2,237,7,1009.1,1583,4,1009.0,1612,8,1008.9,4047,15,1008.8,730,10,1009.4,136,4,1009.5,1333,6,1009.6,475,9,1009.7,637,11,1009.8,1201,14
317,2025-11-26 13:27:43+05:30,1009.2,50,1000.77,7064557,383678.0,436143.0,986.2,1012.2,981.3,986.2,120429750,1084.8,887.6,1102.5,649.1,1009.2,237,7,1009.1,1583,4,1009.0,1612,8,1008.9,4047,15,1008.8,730,10,1009.4,136,4,1009.5,1333,6,1009.6,475,9,1009.7,637,11,1009.8,1201,14
317,2025-11-26 13:27:45+05:30,1009.1,93,1000.78,7066226,380555.0,440016.0,986.2,1012.2,981.3,986.2,120429750,1084.8,887.6,1102.5,649.1,1009.0,143,3,1008.8,750,1,1008.7,3557,13,1008.6,1704,6,1008.5,979,12,1009.1,35,1,1009.2,56,2,1009.3,398,8,1009.4,826,11,1009.5,1609,10
317,2025-11-26 13:27:45+05:30,1009.1,1,1000.78,7066226,380555.0,440016.0,986.2,1012.2,981.3,986.2,120429750,1084.8,887.6,1102.5,649.1,1009.0,143,3,1008.8,750,1,1008.7,3557,13,1008.6,1704,6,1008.5,979,12,1009.1,35,1,1009.2,56,2,1009.3,398,8,1009.4,826,11,1009.5,1609,10
317,2025-11-26 13:27:47+05:30,1008.8,16,1000.78,7066226,380555.0,440016.0,986.2,1012.2,981.3,986.2,120429750,1084.8,887.6,1102.5,649.1,1009.0,143,3,1008.8,750,1,1008.7,3557,13,1008.6,1704,6,1008.5,979,12,1009.1,35,1,1009.2,56,2,1009.3,398,8,1009.4,826,11,1009.5,1609,10
317,2025-11-26 13:27:49+05:30,1008.6,31,1000.78,7066226,380555.0,440016.0,986.2,1012.2,981.3,986.2,120429750,1084.8,887.6,1102.5,649.1,1009.0,143,3,1008.8,750,1,1008.7,3557,13,1008.6,1704,6,1008.5,979,12,1009.1,35,1,1009.2,56,2,1009.3,398,8,1009.4,826,11,1009.5,1609,10
317,2025-11-26 13:27:49+05:30,1008.6,31,1000.78,7069184,373630.0,442496.0,986.2,1012.2,981.3,986.2,120429750,1084.8,887.6,1102.5,649.1,1008.5,44,4,1008.4,1384,9,1008.3,2380,11,1008.2,2887,12,1008.1,1020,13,1008.9,19,1,1009.0,487,6,1009.1,581,9,1009.2,729,7,1009.3,1117,14
317,2025-11-26 13:27:51+05:30,1008.5,54,1000.78,7069184,373630.0,442496.0,986.2,1012.2,981.3,986.2,120429750,1084.8,887.6,1102.5,649.1,1008.5,44,4,1008.4,1384,9,1008.3,2380,11,1008.2,2887,12,1008.1,1020,13,1008.9,19,1,1009.0,487,6,1009.1,581,9,1009.2,729,7,1009.3,1117,14
317,2025-11-26 13:27:53+05:30,1008.4,25,1000.78,7069184,373630.0,442496.0,986.2,1012.2,981.3,986.2,120429750,1084.8,887.6,1102.5,649.1,1008.5,44,4,1008.4,1384,9,1008.3,2380,11,1008.2,2887,12,1008.1,1020,13,1008.9,19,1,1009.0,487,6,1009.1,581,9,1009.2,729,7,1009.3,1117,14
317,2025-11-26 13:27:54+05:30,1008.4,25,1000.78,7072589,374965.0,444121.0,986.2,1012.2,981.3,986.2,120429750,1084.8,887.6,1102.5,649.1,1008.5,17,1,1008.4,2487,11,1008.3,2420,15,1008.2,2821,17,1008.1,928,11,1008.7,115,1,1008.9,362,4,1009.0,902,6,1009.1,566,7,1009.2,722,15
317,2025-11-26 13:27:55+05:30,1009.3,2,1000.78,7072589,374965.0,444121.0,986.2,1012.2,981.3,986.2,120429750,1084.8,887.6,1102.5,649.1,1008.5,17,1,1008.4,2487,11,1008.3,2420,15,1008.2,2821,17,1008.1,928,11,1008.7,115,1,1008.9,362,4,1009.0,902,6,1009.1,566,7,1009.2,722,15
317,2025-11-26 13:27:57+05:30,1009.3,166,1000.78,7072589,374965.0,444121.0,986.2,1012.2,981.3,986.2,120429750,1084.8,887.6,1102.5,649.1,1008.5,17,1,1008.4,2487,11,1008.3,2420,15,1008.2,2821,17,1008.1,928,11,1008.7,115,1,1008.9,362,4,1009.0,902,6,1009.1,566,7,1009.2,722,15
317,2025-11-26 13:27:58+05:30,1009.3,12,1000.78,7073519,380722.0,439332.0,986.2,1012.2,981.3,986.2,120429750,1084.8,887.6,1102.5,649.1,1009.0,49,1,1008.9,1609,3,1008.8,1498,6,1008.7,3459,18,1008.6,3000,15,1009.3,334,3,1009.4,1356,10,1009.5,1862,15,1009.6,615,15,1009.7,1192,15
317,2025-11-26 13:27:59+05:30,1009.3,184,1000.78,7073519,380722.0,439332.0,986.2,1012.2,981.3,986.2,120429750,1084.8,887.6,1102.5,649.1,1009.0,49,1,1008.9,1609,3,1008.8,1498,6,1008.7,3459,18,1008.6,3000,15,1009.3,334,3,1009.4,1356,10,1009.5,1862,15,1009.6,615,15,1009.7,1192,15
317,2025-11-26 13:28:01+05:30,1009.3,1,1000.78,7073519,380722.0,439332.0,986.2,1012.2,981.3,986.2,120429750,1084.8,887.6,1102.5,649.1,1009.0,49,1,1008.9,1609,3,1008.8,1498,6,1008.7,3459,18,1008.6,3000,15,1009.3,334,3,1009.4,1356,10,1009.5,1862,15,1009.6,615,15,1009.7,1192,15
317,2025-11-26 13:28:02+05:30,1009.3,1,1000.78,7074385,380374.0,438437.0,986.2,1012.2,981.3,986.2,120429750,1084.8,887.6,1102.5,649.1,1009.2,20,1,1009.0,255,3,1008.9,859,2,1008.8,2417,11,1008.7,2813,17,1009.3,84,1,1009.4,586,5,1009.5,1843,13,1009.6,539,13,1009.7,1161,15
317,2025-11-26 13:28:03+05:30,1009.2,1,1000.78,7074385,380374.0,438437.0,986.2,1012.2,981.3,986.2,120429750,1084.8,887.6,1102.5,649.1,1009.2,20,1,1009.0,255,3,1008.9,859,2,1008.8,2417,11,1008.7,2813,17,1009.3,84,1,1009.4,586,5,1009.5,1843,13,1009.6,539,13,1009.7,1161,15
317,2025-11-26 13:28:05+05:30,1009.3,1,1000.78,7074385,380374.0,438437.0,986.2,1012.2,981.3,986.2,120429750,1084.8,887.6,1102.5,649.1,1009.2,20,1,1009.0,255,3,1008.9,859,2,1008.8,2417,11,1008.7,2813,17,1009.3,84,1,1009.4,586,5,1009.5,1843,13,1009.6,539,13,1009.7,1161,15
317,2025-11-26 13:28:06+05:30,1009.3,1,1000.78,7074420,380691.0,439364.0,986.2,1012.2,981.3,986.2,120429750,1084.8,887.6,1102.5,649.1,1009.2,19,1,1009.0,255,3,1008.9,859,2,1008.8,1808,11,1008.7,2886,19,1009.3,103,3,1009.4,574,5,1009.5,1664,12,1009.6,1018,10,1009.7,1166,16
317,2025-11-26 13:28:07+05:30,1009.2,198,1000.78,7074420,380691.0,439364.0,986.2,1012.2,981.3,986.2,120429750,1084.8,887.6,1102.5,649.1,1009.2,19,1,1009.0,255,3,1008.9,859,2,1008.8,1808,11,1008.7,2886,19,1009.3,103,3,1009.4,574,5,1009.5,1664,12,1009.6,1018,10,1009.7,1166,16
317,2025-11-26 13:28:09+05:30,1009.2,1,1000.78,7074420,380691.0,439364.0,986.2,1012.2,981.3,986.2,120429750,1084.8,887.6,1102.5,649.1,1009.2,19,1,1009.0,255,3,1008.9,859,2,1008.8,1808,11,1008.7,2886,19,1009.3,103,3,1009.4,574,5,1009.5,1664,12,1009.6,1018,10,1009.7,1166,16
317,2025-11-26 13:28:10+05:30,1009.2,1,1000.78,7074634,380265.0,435018.0,986.2,1012.2,981.3,986.2,120429750,1084.8,887.6,1102.5,649.1,1008.9,1784,8,1008.8,1793,11,1008.7,2843,18,1008.6,2123,12,1008.5,871,12,1009.2,69,1,1009.3,53,2,1009.4,753,8,1009.5,1685,12,1009.6,495,9
317,2025-11-26 13:28:11+05:30,1008.9,416,1000.78,7074634,380265.0,435018.0,986.2,1012.2,981.3,986.2,120429750,1084.8,887.6,1102.5,649.1,1008.9,1784,8,1008.8,1793,11,1008.7,2843,18,1008.6,2123,12,1008.5,871,12,1009.2,69,1,1009.3,53,2,1009.4,753,8,1009.5,1685,12,1009.6,495,9
317,2025-11-26 13:28:13+05:30,1008.9,78,1000.78,7074634,380265.0,435018.0,986.2,1012.2,981.3,986.2,120429750,1084.8,887.6,1102.5,649.1,1008.9,1784,8,1008.8,1793,11,1008.7,2843,18,1008.6,2123,12,1008.5,871,12,1009.2,69,1,1009.3,53,2,1009.4,753,8,1009.5,1685,12,1009.6,495,9
317,2025-11-26 13:28:14+05:30,1009.0,1,1000.79,7075169,380170.0,439904.0,986.2,1012.2,981.3,986.2,120429750,1084.8,887.6,1102.5,649.1,1008.9,1163,6,1008.8,871,6,1008.7,3162,10,1008.6,1403,12,1008.5,983,13,1009.0,5,1,1009.2,4,2,1009.3,404,6,1009.4,845,8,1009.5,2039,13
317,2025-11-26 13:28:15+05:30,1009.2,2,1000.79,7075169,380170.0,439904.0,986.2,1012.2,981.3,986.2,120429750,1084.8,887.6,1102.5,649.1,1008.9,1163,6,1008.8,871,6,1008.7,3162,10,1008.6,1403,12,1008.5,983,13,1009.0,5,1,1009.2,4,2,1009.3,404,6,1009.4,845,8,1009.5,2039,13
317,2025-11-26 13:28:17+05:30,1009.0,1,1000.79,7075169,380170.0,439904.0,986.2,1012.2,981.3,986.2,120429750,1084.8,887.6,1102.5,649.1,1008.9,1163,6,1008.8,871,6,1008.7,3162,10,1008.6,1403,12,1008.5,983,13,1009.0,5,1,1009.2,4,2,1009.3,404,6,1009.4,845,8,1009.5,2039,13
317,2025-11-26 13:28:18+05:30,1009.2,7,1000.79,7075314,377122.0,438715.0,986.2,1012.2,981.3,986.2,120429750,1084.8,887.6,1102.5,649.1,1009.0,33,2,1008.9,1170,8,1008.8,1201,9,1008.7,3411,13,1008.6,1345,10,1009.3,119,5,1009.4,803,8,1009.5,2039,13,1009.6,458,8,1009.7,1560,13
317,2025-11-26 13:28:19+05:30,1008.9,18,1000.79,7075314,377122.0,438715.0,986.2,1012.2,981.3,986.2,120429750,1084.8,887.6,1102.5,649.1,1009.0,33,2,1008.9,1170,8,1008.8,1201,9,1008.7,3411,13,1008.6,1345,10,1009.3,119,5,1009.4,803,8,1009.5,2039,13,1009.6,458,8,1009.7,1560,13
317,2025-11-26 13:28:20+05:30,1009.3,1,1000.79,7075381,377935.0,438506.0,986.2,1012.2,981.3,986.2,120429750,1084.8,887.6,1102.5,649.1,1009.2,20,1,1009.0,49,1,1008.9,1122,6,1008.8,1257,11,1008.7,3456,14,1009.3,103,5,1009.4,714,9,1009.5,2039,13,1009.6,456,8,1009.7,1545,12
317,2025-11-26 13:28:20+05:30,1009.3,1,1000.79,7075381,377935.0,438506.0,986.2,1012.2,981.3,986.2,120429750,1084.8,887.6,1102.5,649.1,1009.2,20,1,1009.0,49,1,1008.9,1122,6,1008.8,1257,11,1008.7,3456,14,1009.3,103,5,1009.4,714,9,1009.5,2039,13,1009.6,456,8,1009.7,1545,12
317,2025-11-26 13:28:21+05:30,1009.2,24,1000.79,7075582,376872.0,438879.0,986.2,1012.2,981.3,986.2,120429750,1084.8,887.6,1102.5,649.1,1008.9,1119,5,1008.8,1238,10,1008.7,3474,16,1008.6,1372,11,1008.5,1043,14,1009.2,16,1,1009.3,102,5,1009.4,874,11,1009.5,2046,14,1009.6,468,10
317,2025-11-26 13:28:21+05:30,1009.2,24,1000.79,7075582,376872.0,438879.0,986.2,1012.2,981.3,986.2,120429750,1084.8,887.6,1102.5,649.1,1008.9,1119,5,1008.8,1238,10,1008.7,3474,16,1008.6,1372,11,1008.5,1043,14,1009.2,16,1,1009.3,102,5,1009.4,874,11,1009.5,2046,14,1009.6,468,10
317,2025-11-26 13:28:22+05:30,1008.9,3,1000.79,7075585,377034.0,438967.0,986.2,1012.2,981.3,986.2,120429750,1084.8,887.6,1102.5,649.1,1008.9,1116,5,1008.8,1049,9,1008.7,3397,14,1008.6,1387,12,1008.5,1056,15,1009.2,16,1,1009.3,105,6,1009.4,874,11,1009.5,2068,15,1009.6,759,10
317,2025-11-26 13:28:22+05:30,1009.2,4,1000.79,7075585,377034.0,438967.0,986.2,1012.2,981.3,986.2,120429750,1084.8,887.6,1102.5,649.1,1008.9,1116,5,1008.8,1049,9,1008.7,3397,14,1008.6,1387,12,1008.5,1056,15,1009.2,16,1,1009.3,105,6,1009.4,874,11,1009.5,2068,15,1009.6,759,10
317,2025-11-26 13:28:23+05:30,1008.9,128,1000.79,7076508,375747.0,439192.0,986.2,1012.2,981.3,986.2,120429750,1084.8,887.6,1102.5,649.1,1008.9,223,3,1008.8,605,3,1008.7,3078,11,1008.6,1324,11,1008.5,979,12,1009.2,16,1,1009.3,499,13,1009.4,1524,13,1009.5,2130,20,1009.6,817,12
317,2025-11-26 13:28:23+05:30,1008.9,128,1000.79,7076508,375747.0,439192.0,986.2,1012.2,981.3,986.2,120429750,1084.8,887.6,1102.5,649.1,1008.9,223,3,1008.8,605,3,1008.7,3078,11,1008.6,1324,11,1008.5,979,12,1009.2,16,1,1009.3,499,13,1009.4,1524,13,1009.5,2130,20,1009.6,817,12
317,2025-11-26 13:28:24+05:30,1009.2,39,1000.79,7076818,375217.0,439073.0,986.2,1012.2,981.3,986.2,120429750,1084.8,887.6,1102.5,649.1,1008.9,17,1,1008.8,605,3,1008.7,2811,9,1008.6,1037,6,1008.5,651,8,1009.2,284,5,1009.3,484,12,1009.4,1529,14,1009.5,2130,20,1009.6,702,10
317,2025-11-26 13:28:24+05:30,1009.2,39,1000.79,7076818,375217.0,439073.0,986.2,1012.2,981.3,986.2,120429750,1084.8,887.6,1102.5,649.1,1008.9,17,1,1008.8,605,3,1008.7,2811,9,1008.6,1037,6,1008.5,651,8,1009.2,284,5,1009.3,484,12,1009.4,1529,14,1009.5,2130,20,1009.6,702,10
317,2025-11-26 13:28:25+05:30,1008.9,2,1000.79,7076818,375217.0,439073.0,986.2,1012.2,981.3,986.2,120429750,1084.8,887.6,1102.5,649.1,1008.9,17,1,1008.8,605,3,1008.7,2811,9,1008.6,1037,6,1008.5,651,8,1009.2,284,5,1009.3,484,12,1009.4,1529,14,1009.5,2130,20,1009.6,702,10
317,2025-11-26 13:28:25+05:30,1008.9,2,1000.79,7077115,369405.0,442763.0,986.2,1012.2,981.3,986.2,120429750,1084.8,887.6,1102.5,649.1,1008.8,150,2,1008.6,27,1,1008.5,1728,6,1008.4,2446,17,1008.3,2589,19,1008.9,155,1,1009.0,245,5,1009.1,712,8,1009.2,674,8,1009.3,966,11
317,2025-11-26 13:28:26+05:30,1008.8,39,1000.79,7077115,369405.0,442763.0,986.2,1012.2,981.3,986.2,120429750,1084.8,887.6,1102.5,649.1,1008.8,150,2,1008.6,27,1,1008.5,1728,6,1008.4,2446,17,1008.3,2589,19,1008.9,155,1,1009.0,245,5,1009.1,712,8,1009.2,674,8,1009.3,966,11
317,2025-11-26 13:28:26+05:30,1008.8,39,1000.79,7077206,369195.0,442680.0,986.2,1012.2,981.3,986.2,120429750,1084.8,887.6,1102.5,649.1,1008.8,111,2,1008.6,27,1,1008.5,1757,7,1008.4,2389,16,1008.3,2603,21,1008.9,154,1,1009.0,90,2,1009.1,727,9,1009.2,816,8,1009.3,1124,12
317,2025-11-26 13:28:27+05:30,1009.0,12,1000.79,7077206,369195.0,442680.0,986.2,1012.2,981.3,986.2,120429750,1084.8,887.6,1102.5,649.1,1008.8,111,2,1008.6,27,1,1008.5,1757,7,1008.4,2389,16,1008.3,2603,21,1008.9,154,1,1009.0,90,2,1009.1,727,9,1009.2,816,8,1009.3,1124,12
317,2025-11-26 13:28:27+05:30,1009.0,12,1000.79,7077874,367575.0,443197.0,986.2,1012.2,981.3,986.2,120429750,1084.8,887.6,1102.5,649.1,1008.5,165,3,1008.4,3331,13,1008.3,1668,14,1008.2,2108,14,1008.1,749,12,1008.9,85,1,1009.0,240,4,1009.1,801,9,1009.2,1148,9,1009.3,1200,21
317,2025-11-26 13:28:28+05:30,1008.5,14,1000.79,7077874,367575.0,443197.0,986.2,1012.2,981.3,986.2,120429750,1084.8,887.6,1102.5,649.1,1008.5,165,3,1008.4,3331,13,1008.3,1668,14,1008.2,2108,14,1008.1,749,12,1008.9,85,1,1009.0,240,4,1009.1,801,9,1009.2,1148,9,1009.3,1200,21
317,2025-11-26 13:28:28+05:30,1008.5,14,1000.79,7078001,367010.0,443769.0,986.2,1012.2,981.3,986.2,120429750,1084.8,887.6,1102.5,649.1,1008.5,11,1,1008.4,2941,9,1008.3,1430,11,1008.2,2123,15,1008.1,851,12,1008.9,329,4,1009.0,854,7,1009.1,806,10,1009.2,652,10,1009.3,1202,21
317,2025-11-26 13:28:30+05:30,1008.5,14,1000.79,7078001,366681.0,443117.0,986.2,1012.2,981.3,986.2,120429750,1084.8,887.6,1102.5,649.1,1008.5,27,3,1008.4,3009,12,1008.3,1397,10,1008.2,2142,15,1008.1,739,11,1008.9,89,3,1009.0,352,5,1009.1,604,9,1009.2,1153,11,1009.3,815,14
317,2025-11-26 13:28:30+05:30,1008.9,1,1000.79,7078001,366681.0,443117.0,986.2,1012.2,981.3,986.2,120429750,1084.8,887.6,1102.5,649.1,1008.5,27,3,1008.4,3009,12,1008.3,1397,10,1008.2,2142,15,1008.1,739,11,1008.9,89,3,1009.0,352,5,1009.1,604,9,1009.2,1153,11,1009.3,815,14
317,2025-11-26 13:28:30+05:30,1008.9,1,1000.79,7078066,368459.0,442820.0,986.2,1012.2,981.3,986.2,120429750,1084.8,887.6,1102.5,649.1,1008.5,476,11,1008.4,3354,14,1008.3,1502,12,1008.2,2892,16,1008.1,731,10,1008.9,32,3,1009.1,499,6,1009.2,1160,9,1009.3,860,19,1009.4,1304,15
317,2025-11-26 13:28:31+05:30,1009.2,18,1000.79,7078066,368459.0,442820.0,986.2,1012.2,981.3,986.2,120429750,1084.8,887.6,1102.5,649.1,1008.5,476,11,1008.4,3354,14,1008.3,1502,12,1008.2,2892,16,1008.1,731,10,1008.9,32,3,1009.1,499,6,1009.2,1160,9,1009.3,860,19,1009.4,1304,15
317,2025-11-26 13:28:32+05:30,1009.2,18,1000.79,7080043,370397.0,442728.0,986.2,1012.2,981.3,986.2,120429750,1084.8,887.6,1102.5,649.1,1008.7,29,1,1008.6,401,5,1008.5,3054,17,1008.4,2371,13,1008.3,2388,16,1008.9,94,1,1009.2,1152,8,1009.3,799,15,1009.4,1482,18,1009.5,2655,20
317,2025-11-26 13:28:32+05:30,1008.9,5,1000.79,7080043,370397.0,442728.0,986.2,1012.2,981.3,986.2,120429750,1084.8,887.6,1102.5,649.1,1008.7,29,1,1008.6,401,5,1008.5,3054,17,1008.4,2371,13,1008.3,2388,16,1008.9,94,1,1009.2,1152,8,1009.3,799,15,1009.4,1482,18,1009.5,2655,20
317,2025-11-26 13:28:33+05:30,1008.9,23,1000.79,7080086,370344.0,442787.0,986.2,1012.2,981.3,986.2,120429750,1084.8,887.6,1102.5,649.1,1008.7,19,1,1008.6,343,3,1008.5,3069,18,1008.4,2384,14,1008.3,2326,14,1008.9,61,1,1009.2,1258,9,1009.3,799,15,1009.4,1482,18,1009.5,2655,20
317,2025-11-26 13:28:33+05:30,1008.5,36,1000.79,7080086,370344.0,442787.0,986.2,1012.2,981.3,986.2,120429750,1084.8,887.6,1102.5,649.1,1008.7,19,1,1008.6,343,3,1008.5,3069,18,1008.4,2384,14,1008.3,2326,14,1008.9,61,1,1009.2,1258,9,1009.3,799,15,1009.4,1482,18,1009.5,2655,20
317,2025-11-26 13:28:34+05:30,1008.5,36,1000.79,7080341,368477.0,443088.0,986.2,1012.2,981.3,986.2,120429750,1084.8,887.6,1102.5,649.1,1008.6,103,3,1008.5,2156,11,1008.4,1569,10,1008.3,1540,12,1008.2,2973,16,1008.9,61,1,1009.0,51,2,1009.1,328,4,1009.2,978,8,1009.3,785,15
317,2025-11-26 13:28:34+05:30,1008.9,1,1000.79,7080341,368477.0,443088.0,986.2,1012.2,981.3,986.2,120429750,1084.8,887.6,1102.5,649.1,1008.6,103,3,1008.5,2156,11,1008.4,1569,10,1008.3,1540,12,1008.2,2973,16,1008.9,61,1,1009.0,51,2,1009.1,328,4,1009.2,978,8,1009.3,785,15
317,2025-11-26 13:28:35+05:30,1008.9,1,1000.79,7080342,369533.0,443040.0,986.2,1012.2,981.3,986.2,120429750,1084.8,887.6,1102.5,649.1,1008.7,141,2,1008.6,597,4,1008.5,1065,9,1008.4,2721,13,1008.3,1495,11,1008.9,60,1,1009.0,1,1,1009.1,328,4,1009.2,978,8,1009.3,780,14
317,2025-11-26 13:28:35+05:30,1008.9,1,1000.79,7080342,369533.0,443040.0,986.2,1012.2,981.3,986.2,120429750,1084.8,887.6,1102.5,649.1,1008.7,141,2,1008.6,597,4,1008.5,1065,9,1008.4,2721,13,1008.3,1495,11,1008.9,60,1,1009.0,1,1,1009.1,328,4,1009.2,978,8,1009.3,780,14
317,2025-11-26 13:28:36+05:30,1008.9,1,1000.79,7080472,369386.0,442931.0,986.2,1012.2,981.3,986.2,120429750,1084.8,887.6,1102.5,649.1,1008.7,15,1,1008.6,582,3,1008.5,1080,10,1008.4,2770,14,1008.3,1495,11,1008.9,56,1,1009.0,1,1,1009.1,351,5,1009.2,494,9,1009.3,1272,15
317,2025-11-26 13:28:36+05:30,1008.7,15,1000.79,7080472,369386.0,442931.0,986.2,1012.2,981.3,986.2,120429750,1084.8,887.6,1102.5,649.1,1008.7,15,1,1008.6,582,3,1008.5,1080,10,1008.4,2770,14,1008.3,1495,11,1008.9,56,1,1009.0,1,1,1009.1,351,5,1009.2,494,9,1009.3,1272,15
317,2025-11-26 13:28:37+05:30,1008.7,15,1000.79,7080487,369449.0,443442.0,986.2,1012.2,981.3,986.2,120429750,1084.8,887.6,1102.5,649.1,1008.6,1,1,1008.5,1041,8,1008.4,2615,13,1008.3,1519,12,1008.2,2973,16,1008.7,41,1,1009.0,399,4,1009.1,351,5,1009.2,494,9,1009.3,1259,15
317,2025-11-26 13:28:37+05:30,1008.6,109,1000.79,7080487,369449.0,443442.0,986.2,1012.2,981.3,986.2,120429750,1084.8,887.6,1102.5,649.1,1008.6,1,1,1008.5,1041,8,1008.4,2615,13,1008.3,1519,12,1008.2,2973,16,1008.7,41,1,1009.0,399,4,1009.1,351,5,1009.2,494,9,1009.3,1259,15
317,2025-11-26 13:28:38+05:30,1008.7,370,1000.79,7081406,369348.0,444407.0,986.2,1012.2,981.3,986.2,120429750,1084.8,887.6,1102.5,649.1,1008.5,184,4,1008.4,2392,11,1008.3,2294,12,1008.2,2908,16,1008.1,1591,12,1008.7,94,1,1008.9,313,3,1009.0,356,4,1009.1,878,7,1009.2,454,8
317,2025-11-26 13:28:38+05:30,1008.5,43,1000.79,7081406,369348.0,444407.0,986.2,1012.2,981.3,986.2,120429750,1084.8,887.6,1102.5,649.1,1008.5,184,4,1008.4,2392,11,1008.3,2294,12,1008.2,2908,16,1008.1,1591,12,1008.7,94,1,1008.9,313,3,1009.0,356,4,1009.1,878,7,1009.2,454,8
317,2025-11-26 13:28:39+05:30,1008.5,104,1000.79,7082171,369199.0,444261.0,986.2,1012.2,981.3,986.2,120429750,1084.8,887.6,1102.5,649.1,1008.5,21,1,1008.4,2501,11,1008.3,2165,15,1008.2,2912,16,1008.1,1643,12,1008.7,94,1,1008.9,111,2,1009.0,531,8,1009.1,922,8,1009.2,531,8
317,2025-11-26 13:28:39+05:30,1008.4,214,1000.79,7082171,369199.0,444261.0,986.2,1012.2,981.3,986.2,120429750,1084.8,887.6,1102.5,649.1,1008.5,21,1,1008.4,2501,11,1008.3,2165,15,1008.2,2912,16,1008.1,1643,12,1008.7,94,1,1008.9,111,2,1009.0,531,8,1009.1,922,8,1009.2,531,8
317,2025-11-26 13:28:40+05:30,1008.7,224,1000.79,7082822,370188.0,443491.0,986.2,1012.2,981.3,986.2,120429750,1084.8,887.6,1102.5,649.1,1008.5,1112,2,1008.4,2141,12,1008.3,2250,15,1008.2,2912,16,1008.1,1531,11,1008.7,1,1,1008.9,3,1,1009.0,819,7,1009.1,390,6,1009.2,514,7
317,2025-11-26 13:28:40+05:30,1008.9,1,1000.79,7082822,370188.0,443491.0,986.2,1012.2,981.3,986.2,120429750,1084.8,887.6,1102.5,649.1,1008.5,1112,2,1008.4,2141,12,1008.3,2250,15,1008.2,2912,16,1008.1,1531,11,1008.7,1,1,1008.9,3,1,1009.0,819,7,1009.1,390,6,1009.2,514,7
317,2025-11-26 13:28:41+05:30,1008.5,60,1000.79,7082884,370141.0,444186.0,986.2,1012.2,981.3,986.2,120429750,1084.8,887.6,1102.5,649.1,1008.5,1052,2,1008.4,2240,13,1008.3,2291,16,1008.2,2913,16,1008.1,1532,11,1008.7,56,1,1008.9,2,1,1009.0,995,9,1009.1,629,9,1009.2,568,8
317,2025-11-26 13:28:41+05:30,1008.5,60,1000.79,7082884,370141.0,444186.0,986.2,1012.2,981.3,986.2,120429750,1084.8,887.6,1102.5,649.1,1008.5,1052,2,1008.4,2240,13,1008.3,2291,16,1008.2,2913,16,1008.1,1532,11,1008.7,56,1,1008.9,2,1,1009.0,995,9,1009.1,629,9,1009.2,568,8
317,2025-11-26 13:28:42+05:30,1008.5,127,1000.79,7083138,369688.0,444571.0,986.2,1012.2,981.3,986.2,120429750,1084.8,887.6,1102.5,649.1,1008.5,717,3,1008.4,2040,9,1008.3,2251,16,1008.2,2913,16,1008.1,1644,12,1008.7,56,1,1008.9,250,3,1009.0,1071,11,1009.1,631,10,1009.2,573,9
317,2025-11-26 13:28:42+05:30,1008.7,5,1000.79,7083138,369688.0,444571.0,986.2,1012.2,981.3,986.2,120429750,1084.8,887.6,1102.5,649.1,1008.5,717,3,1008.4,2040,9,1008.3,2251,16,1008.2,2913,16,1008.1,1644,12,1008.7,56,1,1008.9,250,3,1009.0,1071,11,1009.1,631,10,1009.2,573,9
317,2025-11-26 13:28:43+05:30,1008.5,79,1000.79,7083274,369054.0,444626.0,986.2,1012.2,981.3,986.2,120429750,1084.8,887.6,1102.5,649.1,1008.5,613,3,1008.4,2040,9,1008.3,2251,16,1008.2,2913,16,1008.1,1586,11,1008.7,24,1,1008.9,250,3,1009.0,1045,10,1009.1,657,11,1009.2,573,9
317,2025-11-26 13:28:43+05:30,1008.5,79,1000.79,7083274,369054.0,444626.0,986.2,1012.2,981.3,986.2,120429750,1084.8,887.6,1102.5,649.1,1008.5,613,3,1008.4,2040,9,1008.3,2251,16,1008.2,2913,16,1008.1,1586,11,1008.7,24,1,1008.9,250,3,1009.0,1045,10,1009.1,657,11,1009.2,573,9
317,2025-11-26 13:28:44+05:30,1008.7,240,1000.79,7083274,369054.0,444626.0,986.2,1012.2,981.3,986.2,120429750,1084.8,887.6,1102.5,649.1,1008.5,613,3,1008.4,2040,9,1008.3,2251,16,1008.2,2913,16,1008.1,1586,11,1008.7,24,1,1008.9,250,3,1009.0,1045,10,1009.1,657,11,1009.2,573,9
317,2025-11-26 13:28:44+05:30,1008.7,240,1000.79,7083645,369479.0,444786.0,986.2,1012.2,981.3,986.2,120429750,1084.8,887.6,1102.5,649.1,1008.5,485,3,1008.4,1942,8,1008.3,2053,14,1008.2,2877,16,1008.1,1584,11,1008.7,56,1,1008.9,296,4,1009.0,520,9,1009.1,658,11,1009.2,1108,11
317,2025-11-26 13:28:45+05:30,1008.7,1,1000.79,7083645,369479.0,444786.0,986.2,1012.2,981.3,986.2,120429750,1084.8,887.6,1102.5,649.1,1008.5,485,3,1008.4,1942,8,1008.3,2053,14,1008.2,2877,16,1008.1,1584,11,1008.7,56,1,1008.9,296,4,1009.0,520,9,1009.1,658,11,1009.2,1108,11
317,2025-11-26 13:28:46+05:30,1008.7,1,1000.79,7083648,369443.0,444759.0,986.2,1012.2,981.3,986.2,120429750,1084.8,887.6,1102.5,649.1,1008.5,485,3,1008.4,1942,8,1008.3,2027,13,1008.2,2837,16,1008.1,1584,11,1008.7,53,1,1008.9,386,9,1009.0,520,9,1009.1,632,10,1009.2,1084,10
317,2025-11-26 13:28:46+05:30,1008.5,106,1000.79,7083648,369443.0,444759.0,986.2,1012.2,981.3,986.2,120429750,1084.8,887.6,1102.5,649.1,1008.5,485,3,1008.4,1942,8,1008.3,2027,13,1008.2,2837,16,1008.1,1584,11,1008.7,53,1,1008.9,386,9,1009.0,520,9,1009.1,632,10,1009.2,1084,10
317,2025-11-26 13:28:47+05:30,1008.9,1,1000.8,7084949,367905.0,443265.0,986.2,1012.2,981.3,986.2,120429750,1084.8,887.6,1102.5,649.1,1008.5,47,2,1008.4,1955,9,1008.3,1531,15,1008.2,2942,16,1008.1,1621,12,1008.9,111,6,1009.0,1018,10,1009.1,597,8,1009.2,615,9,1009.3,1138,16
317,2025-11-26 13:28:47+05:30,1008.5,106,1000.8,7084949,367905.0,443265.0,986.2,1012.2,981.3,986.2,120429750,1084.8,887.6,1102.5,649.1,1008.5,47,2,1008.4,1955,9,1008.3,1531,15,1008.2,2942,16,1008.1,1621,12,1008.9,111,6,1009.0,1018,10,1009.1,597,8,1009.2,615,9,1009.3,1138,16
317,2025-11-26 13:28:48+05:30,1008.4,128,1000.8,7085843,367629.0,443785.0,986.2,1012.2,981.3,986.2,120429750,1084.8,887.6,1102.5,649.1,1008.4,1767,11,1008.3,1447,13,1008.2,2941,16,1008.1,1657,13,1008.0,2646,25,1008.9,111,6,1009.0,1023,9,1009.1,622,10,1009.2,614,9,1009.3,1164,17
317,2025-11-26 13:28:48+05:30,1008.4,63,1000.8,7085843,367629.0,443785.0,986.2,1012.2,981.3,986.2,120429750,1084.8,887.6,1102.5,649.1,1008.4,1767,11,1008.3,1447,13,1008.2,2941,16,1008.1,1657,13,1008.0,2646,25,1008.9,111,6,1009.0,1023,9,1009.1,622,10,1009.2,614,9,1009.3,1164,17
317,2025-11-26 13:28:49+05:30,1008.4,72,1000.8,7087088,369295.0,446611.0,986.2,1012.2,981.3,986.2,120429750,1084.8,887.6,1102.5,649.1,1008.4,125,3,1008.3,170,4,1008.2,1466,8,1008.1,1512,14,1008.0,3044,25,1008.7,3,1,1008.8,17,1,1008.9,914,7,1009.0,636,11,1009.1,1078,11
317,2025-11-26 13:28:49+05:30,1008.3,6,1000.8,7087088,369295.0,446611.0,986.2,1012.2,981.3,986.2,120429750,1084.8,887.6,1102.5,649.1,1008.4,125,3,1008.3,170,4,1008.2,1466,8,1008.1,1512,14,1008.0,3044,25,1008.7,3,1,1008.8,17,1,1008.9,914,7,1009.0,636,11,1009.1,1078,11
317,2025-11-26 13:28:50+05:30,1008.3,35,1000.8,7088311,368585.0,447135.0,986.2,1012.2,981.3,986.2,120429750,1084.8,887.6,1102.5,649.1,1008.3,103,2,1008.2,727,4,1008.1,2548,15,1008.0,3139,24,1007.9,3096,15,1008.7,55,2,1008.8,294,4,1008.9,914,7,1009.0,588,10,1009.1,1110,13
317,2025-11-26 13:28:50+05:30,1008.7,20,1000.8,7088311,368585.0,447135.0,986.2,1012.2,981.3,986.2,120429750,1084.8,887.6,1102.5,649.1,1008.3,103,2,1008.2,727,4,1008.1,2548,15,1008.0,3139,24,1007.9,3096,15,1008.7,55,2,1008.8,294,4,1008.9,914,7,1009.0,588,10,1009.1,1110,13
317,2025-11-26 13:28:51+05:30,1008.4,60,1000.8,7089569,369720.0,444596.0,986.2,1012.2,981.3,986.2,120429750,1084.8,887.6,1102.5,649.1,1008.4,99,2,1008.3,857,7,1008.2,2185,10,1008.1,1514,11,1008.0,4485,33,1008.9,616,7,1009.0,739,10,1009.1,1054,9,1009.2,882,9,1009.3,799,17
317,2025-11-26 13:28:51+05:30,1008.5,87,1000.8,7089569,369720.0,444596.0,986.2,1012.2,981.3,986.2,120429750,1084.8,887.6,1102.5,649.1,1008.4,99,2,1008.3,857,7,1008.2,2185,10,1008.1,1514,11,1008.0,4485,33,1008.9,616,7,1009.0,739,10,1009.1,1054,9,1009.2,882,9,1009.3,799,17
317,2025-11-26 13:28:52+05:30,1008.5,106,1000.8,7091862,369981.0,443902.0,986.2,1012.2,981.3,986.2,120429750,1084.8,887.6,1102.5,649.1,1008.5,582,2,1008.4,475,8,1008.3,1552,12,1008.2,2073,9,1008.1,2274,16,1009.0,417,6,1009.1,1038,8,1009.2,671,10,1009.3,1151,17,1009.4,1122,16
317,2025-11-26 13:28:52+05:30,1009.0,5,1000.8,7091862,369981.0,443902.0,986.2,1012.2,981.3,986.2,120429750,1084.8,887.6,1102.5,649.1,1008.5,582,2,1008.4,475,8,1008.3,1552,12,1008.2,2073,9,1008.1,2274,16,1009.0,417,6,1009.1,1038,8,1009.2,671,10,1009.3,1151,17,1009.4,1122,16
317,2025-11-26 13:28:53+05:30,1008.4,41,1000.8,7092913,369701.0,445218.0,986.2,1012.2,981.3,986.2,120429750,1084.8,887.6,1102.5,649.1,1008.4,147,3,1008.3,817,8,1008.2,2527,13,1008.1,1567,12,1008.0,4372,33,1008.9,162,2,1009.0,690,9,1009.1,1126,10,1009.2,1137,10,1009.3,1030,18
317,2025-11-26 13:28:53+05:30,1008.4,41,1000.8,7092913,369701.0,445218.0,986.2,1012.2,981.3,986.2,120429750,1084.8,887.6,1102.5,649.1,1008.4,147,3,1008.3,817,8,1008.2,2527,13,1008.1,1567,12,1008.0,4372,33,1008.9,162,2,1009.0,690,9,1009.1,1126,10,1009.2,1137,10,1009.3,1030,18
317,2025-11-26 13:28:53+05:30,1008.5,87,1000.8,7092913,369701.0,445218.0,986.2,1012.2,981.3,986.2,120429750,1084.8,887.6,1102.5,649.1,1008.4,147,3,1008.3,817,8,1008.2,2527,13,1008.1,1567,12,1008.0,4372,33,1008.9,162,2,1009.0,690,9,1009.1,1126,10,1009.2,1137,10,1009.3,1030,18
317,2025-11-26 13:28:54+05:30,1008.5,87,1000.8,7092913,369701.0,445218.0,986.2,1012.2,981.3,986.2,120429750,1084.8,887.6,1102.5,649.1,1008.4,147,3,1008.3,817,8,1008.2,2527,13,1008.1,1567,12,1008.0,4372,33,1008.9,162,2,1009.0,690,9,1009.1,1126,10,1009.2,1137,10,1009.3,1030,18
317,2025-11-26 13:28:54+05:30,1008.5,107,1000.81,7093424,371702.0,445390.0,986.2,1012.2,981.3,986.2,120429750,1084.8,887.6,1102.5,649.1,1008.5,21,1,1008.4,539,7,1008.3,924,9,1008.2,3167,13,1008.1,1506,11,1008.8,3,1,1008.9,237,3,1009.0,1053,8,1009.1,546,7,1009.2,679,10
317,2025-11-26 13:28:54+05:30,1008.5,107,1000.81,7093424,371702.0,445390.0,986.2,1012.2,981.3,986.2,120429750,1084.8,887.6,1102.5,649.1,1008.5,21,1,1008.4,539,7,1008.3,924,9,1008.2,3167,13,1008.1,1506,11,1008.8,3,1,1008.9,237,3,1009.0,1053,8,1009.1,546,7,1009.2,679,10
317,2025-11-26 13:28:54+05:30,1008.5,16,1000.81,7093424,371702.0,445390.0,986.2,1012.2,981.3,986.2,120429750,1084.8,887.6,1102.5,649.1,1008.5,21,1,1008.4,539,7,1008.3,924,9,1008.2,3167,13,1008.1,1506,11,1008.8,3,1,1008.9,237,3,1009.0,1053,8,1009.1,546,7,1009.2,679,10
317,2025-11-26 13:28:54+05:30,1008.5,16,1000.81,7093424,371702.0,445390.0,986.2,1012.2,981.3,986.2,120429750,1084.8,887.6,1102.5,649.1,1008.5,21,1,1008.4,539,7,1008.3,924,9,1008.2,3167,13,1008.1,1506,11,1008.8,3,1,1008.9,237,3,1009.0,1053,8,1009.1,546,7,1009.2,679,10
317,2025-11-26 13:28:55+05:30,1008.8,2,1000.81,7093557,371474.0,445182.0,986.2,1012.2,981.3,986.2,120429750,1084.8,887.6,1102.5,649.1,1008.5,31,1,1008.4,306,5,1008.3,857,8,1008.2,3112,12,1008.1,1479,11,1008.8,1,1,1008.9,128,2,1009.0,1200,12,1009.1,600,8,1009.2,937,9
317,2025-11-26 13:28:55+05:30,1008.8,2,1000.81,7093557,371474.0,445182.0,986.2,1012.2,981.3,986.2,120429750,1084.8,887.6,1102.5,649.1,1008.5,31,1,1008.4,306,5,1008.3,857,8,1008.2,3112,12,1008.1,1479,11,1008.8,1,1,1008.9,128,2,1009.0,1200,12,1009.1,600,8,1009.2,937,9
317,2025-11-26 13:28:55+05:30,1008.9,3,1000.81,7093557,371474.0,445182.0,986.2,1012.2,981.3,986.2,120429750,1084.8,887.6,1102.5,649.1,1008.5,31,1,1008.4,306,5,1008.3,857,8,1008.2,3112,12,1008.1,1479,11,1008.8,1,1,1008.9,128,2,1009.0,1200,12,1009.1,600,8,1009.2,937,9
317,2025-11-26 13:28:56+05:30,1008.9,3,1000.81,7093557,371474.0,445182.0,986.2,1012.2,981.3,986.2,120429750,1084.8,887.6,1102.5,649.1,1008.5,31,1,1008.4,306,5,1008.3,857,8,1008.2,3112,12,1008.1,1479,11,1008.8,1,1,1008.9,128,2,1009.0,1200,12,1009.1,600,8,1009.2,937,9
317,2025-11-26 13:28:56+05:30,1008.4,13,1000.81,7093715,370268.0,444479.0,986.2,1012.2,981.3,986.2,120429750,1084.8,887.6,1102.5,649.1,1008.4,446,7,1008.3,987,9,1008.2,3555,16,1008.1,1464,12,1008.0,3728,32,1009.0,499,10,1009.1,546,7,1009.2,1198,9,1009.3,1247,20,1009.4,1131,16
317,2025-11-26 13:28:56+05:30,1008.4,13,1000.81,7093715,370268.0,444479.0,986.2,1012.2,981.3,986.2,120429750,1084.8,887.6,1102.5,649.1,1008.4,446,7,1008.3,987,9,1008.2,3555,16,1008.1,1464,12,1008.0,3728,32,1009.0,499,10,1009.1,546,7,1009.2,1198,9,1009.3,1247,20,1009.4,1131,16
317,2025-11-26 13:28:56+05:30,1009.0,1,1000.81,7093715,370268.0,444479.0,986.2,1012.2,981.3,986.2,120429750,1084.8,887.6,1102.5,649.1,1008.4,446,7,1008.3,987,9,1008.2,3555,16,1008.1,1464,12,1008.0,3728,32,1009.0,499,10,1009.1,546,7,1009.2,1198,9,1009.3,1247,20,1009.4,1131,16
317,2025-11-26 13:28:57+05:30,1009.0,1,1000.81,7093715,370268.0,444479.0,986.2,1012.2,981.3,986.2,120429750,1084.8,887.6,1102.5,649.1,1008.4,446,7,1008.3,987,9,1008.2,3555,16,1008.1,1464,12,1008.0,3728,32,1009.0,499,10,1009.1,546,7,1009.2,1198,9,1009.3,1247,20,1009.4,1131,16
317,2025-11-26 13:28:57+05:30,1009.0,1,1000.81,7093716,370229.0,444484.0,986.2,1012.2,981.3,986.2,120429750,1084.8,887.6,1102.5,649.1,1008.5,31,1,1008.4,446,7,1008.3,2039,14,1008.2,2546,12,1008.1,2219,14,1009.0,467,9,1009.1,577,8,1009.2,1198,9,1009.3,1247,20,1009.4,1125,16
317,2025-11-26 13:28:57+05:30,1009.0,1,1000.81,7093716,370229.0,444484.0,986.2,1012.2,981.3,986.2,120429750,1084.8,887.6,1102.5,649.1,1008.5,31,1,1008.4,446,7,1008.3,2039,14,1008.2,2546,12,1008.1,2219,14,1009.0,467,9,1009.1,577,8,1009.2,1198,9,1009.3,1247,20,1009.4,1125,16
317,2025-11-26 13:28:57+05:30,1009.0,1,1000.81,7093716,370229.0,444484.0,986.2,1012.2,981.3,986.2,120419250,1084.8,887.6,1102.5,649.1,1008.5,31,1,1008.4,446,7,1008.3,2039,14,1008.2,2546,12,1008.1,2219,14,1009.0,467,9,1009.1,577,8,1009.2,1198,9,1009.3,1247,20,1009.4,1125,16
317,2025-11-26 13:28:57+05:30,1009.0,88,1000.81,7093716,370229.0,444484.0,986.2,1012.2,981.3,986.2,120419250,1084.8,887.6,1102.5,649.1,1008.5,31,1,1008.4,446,7,1008.3,2039,14,1008.2,2546,12,1008.1,2219,14,1009.0,467,9,1009.1,577,8,1009.2,1198,9,1009.3,1247,20,1009.4,1125,16
317,2025-11-26 13:28:58+05:30,1009.0,88,1000.81,7093716,370229.0,444484.0,986.2,1012.2,981.3,986.2,120419250,1084.8,887.6,1102.5,649.1,1008.5,31,1,1008.4,446,7,1008.3,2039,14,1008.2,2546,12,1008.1,2219,14,1009.0,467,9,1009.1,577,8,1009.2,1198,9,1009.3,1247,20,1009.4,1125,16
317,2025-11-26 13:28:58+05:30,1009.0,88,1000.81,7093804,373895.0,444652.0,986.2,1012.2,981.3,986.2,120419250,1084.8,887.6,1102.5,649.1,1008.5,486,5,1008.4,2609,17,1008.3,1538,14,1008.2,3221,14,1008.1,1498,13,1008.8,249,1,1009.0,214,7,1009.1,461,6,1009.2,670,9,1009.3,1448,19
317,2025-11-26 13:28:58+05:30,1009.0,88,1000.81,7093804,373895.0,444652.0,986.2,1012.2,981.3,986.2,120419250,1084.8,887.6,1102.5,649.1,1008.5,486,5,1008.4,2609,17,1008.3,1538,14,1008.2,3221,14,1008.1,1498,13,1008.8,249,1,1009.0,214,7,1009.1,461,6,1009.2,670,9,1009.3,1448,19
317,2025-11-26 13:28:58+05:30,1008.5,59,1000.81,7093804,373895.0,444652.0,986.2,1012.2,981.3,986.2,120419250,1084.8,887.6,1102.5,649.1,1008.5,486,5,1008.4,2609,17,1008.3,1538,14,1008.2,3221,14,1008.1,1498,13,1008.8,249,1,1009.0,214,7,1009.1,461,6,1009.2,670,9,1009.3,1448,19
317,2025-11-26 13:28:59+05:30,1008.8,200,1000.81,7094137,373602.0,443141.0,986.2,1012.2,981.3,986.2,120419250,1084.8,887.6,1102.5,649.1,1008.6,31,1,1008.5,444,7,1008.4,2685,18,1008.3,1474,11,1008.2,3567,14,1008.8,49,1,1009.0,116,7,1009.1,429,5,1009.2,639,8,1009.3,1453,18
317,2025-11-26 13:28:59+05:30,1008.8,200,1000.81,7094137,373602.0,443141.0,986.2,1012.2,981.3,986.2,120419250,1084.8,887.6,1102.5,649.1,1008.6,31,1,1008.5,444,7,1008.4,2685,18,1008.3,1474,11,1008.2,3567,14,1008.8,49,1,1009.0,116,7,1009.1,429,5,1009.2,639,8,1009.3,1453,18
317,2025-11-26 13:29:00+05:30,1008.6,117,1000.81,7094590,372529.0,442498.0,986.2,1012.2,981.3,986.2,120419250,1084.8,887.6,1102.5,649.1,1008.5,676,5,1008.4,2660,17,1008.3,1412,10,1008.2,3967,16,1008.1,950,12,1009.0,119,7,1009.1,824,7,1009.2,589,8,1009.3,772,13,1009.4,1472,19
317,2025-11-26 13:29:00+05:30,1009.0,1,1000.81,7094590,372529.0,442498.0,986.2,1012.2,981.3,986.2,120419250,1084.8,887.6,1102.5,649.1,1008.5,676,5,1008.4,2660,17,1008.3,1412,10,1008.2,3967,16,1008.1,950,12,1009.0,119,7,1009.1,824,7,1009.2,589,8,1009.3,772,13,1009.4,1472,19
317,2025-11-26 13:29:01+05:30,1009.0,1,1000.81,7094599,372950.0,443088.0,986.2,1012.2,981.3,986.2,120419250,1084.8,887.6,1102.5,649.1,1008.8,1,1,1008.5,537,3,1008.4,2326,9,1008.3,1548,18,1008.2,3967,16,1009.0,357,11,1009.1,1011,9,1009.2,638,8,1009.3,1144,17,1009.4,1145,17
317,2025-11-26 13:29:01+05:30,1008.9,1,1000.81,7094599,372950.0,443088.0,986.2,1012.2,981.3,986.2,120419250,1084.8,887.6,1102.5,649.1,1008.8,1,1,1008.5,537,3,1008.4,2326,9,1008.3,1548,18,1008.2,3967,16,1009.0,357,11,1009.1,1011,9,1009.2,638,8,1009.3,1144,17,1009.4,1145,17
317,2025-11-26 13:29:02+05:30,1008.9,1,1000.81,7094601,374147.0,443352.0,986.2,1012.2,981.3,986.2,120419250,1084.8,887.6,1102.5,649.1,1008.5,652,3,1008.4,2248,9,1008.3,1440,15,1008.2,4152,17,1008.1,823,10,1008.9,202,2,1009.0,299,10,1009.1,559,9,1009.2,1190,9,1009.3,1138,16
317,2025-11-26 13:29:02+05:30,1008.9,23,1000.81,7094601,374147.0,443352.0,986.2,1012.2,981.3,986.2,120419250,1084.8,887.6,1102.5,649.1,1008.5,652,3,1008.4,2248,9,1008.3,1440,15,1008.2,4152,17,1008.1,823,10,1008.9,202,2,1009.0,299,10,1009.1,559,9,1009.2,1190,9,1009.3,1138,16
317,2025-11-26 13:29:03+05:30,1008.5,137,1000.81,7094782,373528.0,443308.0,986.2,1012.2,981.3,986.2,120419250,1084.8,887.6,1102.5,649.1,1008.5,485,2,1008.4,2277,10,1008.3,1492,16,1008.2,4152,17,1008.1,941,11,1008.9,171,2,1009.0,261,9,1009.1,530,8,1009.2,1227,12,1009.3,1138,16
317,2025-11-26 13:29:03+05:30,1008.5,313,1000.81,7094782,373528.0,443308.0,986.2,1012.2,981.3,986.2,120419250,1084.8,887.6,1102.5,649.1,1008.5,485,2,1008.4,2277,10,1008.3,1492,16,1008.2,4152,17,1008.1,941,11,1008.9,171,2,1009.0,261,9,1009.1,530,8,1009.2,1227,12,1009.3,1138,16
317,2025-11-26 13:29:04+05:30,1008.5,313,1000.81,7095182,373143.0,443285.0,986.2,1012.2,981.3,986.2,120419250,1084.8,887.6,1102.5,649.1,1008.5,87,1,1008.4,2277,10,1008.3,1440,15,1008.2,4152,17,1008.1,941,11,1008.9,204,4,1009.0,377,8,1009.1,530,8,1009.2,1227,12,1009.3,1138,16
317,2025-11-26 13:29:05+05:30,1008.5,126,1000.81,7095440,372614.0,447270.0,986.2,1012.2,981.3,986.2,120419250,1084.8,887.6,1102.5,649.1,1008.5,43,1,1008.4,2037,7,1008.3,1341,15,1008.2,3492,12,1008.1,929,10,1008.9,173,4,1009.0,325,6,1009.1,570,9,1009.2,1167,10,1009.3,1239,19
317,2025-11-26 13:29:05+05:30,1008.5,1,1000.81,7095440,372614.0,447270.0,986.2,1012.2,981.3,986.2,120419250,1084.8,887.6,1102.5,649.1,1008.5,43,1,1008.4,2037,7,1008.3,1341,15,1008.2,3492,12,1008.1,929,10,1008.9,173,4,1009.0,325,6,1009.1,570,9,1009.2,1167,10,1009.3,1239,19
317,2025-11-26 13:29:06+05:30,1008.9,16,1000.81,7095787,373152.0,446735.0,986.2,1012.2,981.3,986.2,120419250,1084.8,887.6,1102.5,649.1,1008.5,56,2,1008.4,2268,11,1008.3,1381,15,1008.2,3880,14,1008.1,811,9,1008.9,192,4,1009.0,325,6,1009.1,1090,10,1009.2,733,12,1009.3,960,19
317,2025-11-26 13:29:06+05:30,1008.5,337,1000.81,7095787,373152.0,446735.0,986.2,1012.2,981.3,986.2,120419250,1084.8,887.6,1102.5,649.1,1008.5,56,2,1008.4,2268,11,1008.3,1381,15,1008.2,3880,14,1008.1,811,9,1008.9,192,4,1009.0,325,6,1009.1,1090,10,1009.2,733,12,1009.3,960,19
317,2025-11-26 13:29:07+05:30,1008.5,337,1000.81,7096762,373070.0,445901.0,986.2,1012.2,981.3,986.2,120419250,1084.8,887.6,1102.5,649.1,1008.5,295,4,1008.4,2271,11,1008.3,1573,13,1008.2,3631,18,1008.1,811,9,1008.9,7,3,1009.0,66,3,1009.1,1090,8,1009.2,735,12,1009.3,1173,17
317,2025-11-26 13:29:07+05:30,1008.5,56,1000.81,7096762,373070.0,445901.0,986.2,1012.2,981.3,986.2,120419250,1084.8,887.6,1102.5,649.1,1008.5,295,4,1008.4,2271,11,1008.3,1573,13,1008.2,3631,18,1008.1,811,9,1008.9,7,3,1009.0,66,3,1009.1,1090,8,1009.2,735,12,1009.3,1173,17
317,2025-11-26 13:29:08+05:30,1008.5,56,1000.81,7097018,372792.0,446686.0,986.2,1012.2,981.3,986.2,120419250,1084.8,887.6,1102.5,649.1,1008.4,2216,10,1008.3,1333,12,1008.2,3633,18,1008.1,931,10,1008.0,3636,27,1008.9,102,4,1009.0,342,5,1009.1,1152,10,1009.2,735,12,1009.3,1173,17
317,2025-11-26 13:29:09+05:30,1008.5,56,1000.81,7097018,372792.0,446422.0,986.2,1012.2,981.3,986.2,120419250,1084.8,887.6,1102.5,649.1,1008.4,2216,10,1008.3,1333,12,1008.2,3633,18,1008.1,931,10,1008.0,3636,27,1008.9,102,4,1009.0,342,5,1009.1,582,9,1009.2,1238,13,1009.3,1199,19
317,2025-11-26 13:29:10+05:30,1008.7,36,1000.81,7097055,372150.0,447763.0,986.2,1012.2,981.3,986.2,120419250,1084.8,887.6,1102.5,649.1,1008.4,253,4,1008.3,343,4,1008.2,3068,13,1008.1,1506,9,1008.0,5057,27,1008.7,165,1,1008.9,299,5,1009.0,468,9,1009.1,614,11,1009.2,1521,13
317,2025-11-26 13:29:10+05:30,1008.7,2,1000.81,7097055,372150.0,447763.0,986.2,1012.2,981.3,986.2,120419250,1084.8,887.6,1102.5,649.1,1008.4,253,4,1008.3,343,4,1008.2,3068,13,1008.1,1506,9,1008.0,5057,27,1008.7,165,1,1008.9,299,5,1009.0,468,9,1009.1,614,11,1009.2,1521,13
317,2025-11-26 13:29:11+05:30,1008.4,25,1000.81,7097083,373263.0,448592.0,986.2,1012.2,981.3,986.2,120419250,1084.8,887.6,1102.5,649.1,1008.4,154,3,1008.3,280,4,1008.2,3109,13,1008.1,1634,13,1008.0,5193,32,1008.5,50,1,1008.7,162,1,1008.9,299,5,1009.0,468,9,1009.1,614,11
317,2025-11-26 13:29:11+05:30,1008.4,25,1000.81,7097083,373263.0,448592.0,986.2,1012.2,981.3,986.2,120419250,1084.8,887.6,1102.5,649.1,1008.4,154,3,1008.3,280,4,1008.2,3109,13,1008.1,1634,13,1008.0,5193,32,1008.5,50,1,1008.7,162,1,1008.9,299,5,1009.0,468,9,1009.1,614,11
317,2025-11-26 13:29:12+05:30,1008.5,6,1000.81,7097083,373263.0,448592.0,986.2,1012.2,981.3,986.2,120419250,1084.8,887.6,1102.5,649.1,1008.4,154,3,1008.3,280,4,1008.2,3109,13,1008.1,1634,13,1008.0,5193,32,1008.5,50,1,1008.7,162,1,1008.9,299,5,1009.0,468,9,1009.1,614,11
317,2025-11-26 13:29:12+05:30,1008.5,6,1000.81,7097693,369444.0,450087.0,986.2,1012.2,981.3,986.2,120419250,1084.8,887.6,1102.5,649.1,1008.3,43,1,1008.2,583,10,1008.1,697,9,1008.0,4909,25,1007.9,2288,11,1008.5,40,1,1008.7,449,4,1008.8,118,1,1008.9,431,9,1009.0,565,11
317,2025-11-26 13:29:13+05:30,1008.3,14,1000.81,7097693,369444.0,450087.0,986.2,1012.2,981.3,986.2,120419250,1084.8,887.6,1102.5,649.1,1008.3,43,1,1008.2,583,10,1008.1,697,9,1008.0,4909,25,1007.9,2288,11,1008.5,40,1,1008.7,449,4,1008.8,118,1,1008.9,431,9,1009.0,565,11
317,2025-11-26 13:29:14+05:30,1008.3,14,1000.81,7098048,369820.0,448917.0,986.2,1012.2,981.3,986.2,120419250,1084.8,887.6,1102.5,649.1,1008.3,82,2,1008.2,771,10,1008.1,1851,11,1008.0,3967,24,1007.9,2325,13,1008.5,17,1,1008.6,1,1,1008.7,166,2,1008.8,118,1,1008.9,431,9
317,2025-11-26 13:29:14+05:30,1008.5,3,1000.81,7098048,369820.0,448917.0,986.2,1012.2,981.3,986.2,120419250,1084.8,887.6,1102.5,649.1,1008.3,82,2,1008.2,771,10,1008.1,1851,11,1008.0,3967,24,1007.9,2325,13,1008.5,17,1,1008.6,1,1,1008.7,166,2,1008.8,118,1,1008.9,431,9
317,2025-11-26 13:29:15+05:30,1008.5,3,1000.81,7098054,371084.0,448685.0,986.2,1012.2,981.3,986.2,120419250,1084.8,887.6,1102.5,649.1,1008.4,199,2,1008.3,204,4,1008.2,587,9,1008.1,1851,11,1008.0,4735,25,1008.5,74,2,1008.6,49,2,1008.7,166,2,1008.8,118,1,1008.9,418,8
317,2025-11-26 13:29:15+05:30,1008.5,1,1000.81,7098054,371084.0,448685.0,986.2,1012.2,981.3,986.2,120419250,1084.8,887.6,1102.5,649.1,1008.4,199,2,1008.3,204,4,1008.2,587,9,1008.1,1851,11,1008.0,4735,25,1008.5,74,2,1008.6,49,2,1008.7,166,2,1008.8,118,1,1008.9,418,8
317,2025-11-26 13:29:16+05:30,1008.5,1,1000.81,7098055,370345.0,448445.0,986.2,1012.2,981.3,986.2,120419250,1084.8,887.6,1102.5,649.1,1008.4,212,3,1008.3,191,3,1008.2,587,9,1008.1,1851,11,1008.0,4032,25,1008.5,73,2,1008.6,49,2,1008.7,166,2,1008.8,118,1,1008.9,418,8
317,2025-11-26 13:29:16+05:30,1008.4,240,1000.81,7098055,370345.0,448445.0,986.2,1012.2,981.3,986.2,120419250,1084.8,887.6,1102.5,649.1,1008.4,212,3,1008.3,191,3,1008.2,587,9,1008.1,1851,11,1008.0,4032,25,1008.5,73,2,1008.6,49,2,1008.7,166,2,1008.8,118,1,1008.9,418,8
317,2025-11-26 13:29:17+05:30,1008.3,85,1000.81,7098635,369918.0,448501.0,986.2,1012.2,981.3,986.2,120419250,1084.8,887.6,1102.5,649.1,1008.2,300,6,1008.1,1585,10,1008.0,4779,26,1007.9,2346,12,1007.8,1594,9,1008.5,68,2,1008.6,251,3,1008.7,284,3,1008.8,118,1,1008.9,382,8
317,2025-11-26 13:29:17+05:30,1008.5,10,1000.81,7098635,369918.0,448501.0,986.2,1012.2,981.3,986.2,120419250,1084.8,887.6,1102.5,649.1,1008.2,300,6,1008.1,1585,10,1008.0,4779,26,1007.9,2346,12,1007.8,1594,9,1008.5,68,2,1008.6,251,3,1008.7,284,3,1008.8,118,1,1008.9,382,8
317,2025-11-26 13:29:18+05:30,1008.5,10,1000.81,7098773,370625.0,447752.0,986.2,1012.2,981.3,986.2,120419250,1084.8,887.6,1102.5,649.1,1008.2,300,6,1008.1,1691,11,1008.0,4779,26,1007.9,2346,12,1007.8,1929,10,1008.5,58,2,1008.6,49,2,1008.7,318,4,1008.8,177,2,1008.9,438,9
317,2025-11-26 13:29:19+05:30,1008.5,54,1000.81,7098972,367993.0,448940.0,986.2,1012.2,981.3,986.2,120419250,1084.8,887.6,1102.5,649.1,1008.2,104,3,1008.1,413,4,1008.0,1518,19,1007.9,1747,12,1007.8,3198,17,1008.5,205,2,1008.6,269,5,1008.7,578,7,1008.8,577,11,1008.9,595,13
317,2025-11-26 13:29:19+05:30,1008.5,54,1000.81,7098972,367993.0,448940.0,986.2,1012.2,981.3,986.2,120419250,1084.8,887.6,1102.5,649.1,1008.2,104,3,1008.1,413,4,1008.0,1518,19,1007.9,1747,12,1007.8,3198,17,1008.5,205,2,1008.6,269,5,1008.7,578,7,1008.8,577,11,1008.9,595,13
317,2025-11-26 13:29:20+05:30,1008.5,1,1000.81,7098974,369979.0,448460.0,986.2,1012.2,981.3,986.2,120419250,1084.8,887.6,1102.5,649.1,1008.3,43,1,1008.2,104,3,1008.1,1618,10,1008.0,3829,24,1007.9,2077,10,1008.5,38,2,1008.6,216,4,1008.7,535,6,1008.8,523,7,1008.9,803,18
317,2025-11-26 13:29:20+05:30,1008.5,1,1000.81,7098974,369979.0,448460.0,986.2,1012.2,981.3,986.2,120419250,1084.8,887.6,1102.5,649.1,1008.3,43,1,1008.2,104,3,1008.1,1618,10,1008.0,3829,24,1007.9,2077,10,1008.5,38,2,1008.6,216,4,1008.7,535,6,1008.8,523,7,1008.9,803,18
317,2025-11-26 13:29:21+05:30,1008.5,1,1000.81,7098975,370230.0,448314.0,986.2,1012.2,981.3,986.2,120419250,1084.8,887.6,1102.5,649.1,1008.3,43,1,1008.2,404,5,1008.1,2495,12,1008.0,3079,23,1007.9,2186,13,1008.6,49,2,1008.7,442,4,1008.8,525,7,1008.9,570,11,1009.0,936,18
317,2025-11-26 13:29:22+05:30,1008.7,148,1000.81,7099979,369677.0,448092.0,986.2,1012.2,981.3,986.2,120419250,1084.8,887.6,1102.5,649.1,1008.3,43,1,1008.2,404,5,1008.1,2433,11,1008.0,3997,25,1007.9,2281,14,1008.7,199,7,1008.8,716,10,1008.9,476,9,1009.0,942,18,1009.1,1150,12
317,2025-11-26 13:29:22+05:30,1008.7,4,1000.81,7099979,369677.0,448092.0,986.2,1012.2,981.3,986.2,120419250,1084.8,887.6,1102.5,649.1,1008.3,43,1,1008.2,404,5,1008.1,2433,11,1008.0,3997,25,1007.9,2281,14,1008.7,199,7,1008.8,716,10,1008.9,476,9,1009.0,942,18,1009.1,1150,12
317,2025-11-26 13:29:23+05:30,1008.2,42,1000.81,7100366,368566.0,448698.0,986.2,1012.2,981.3,986.2,120419250,1084.8,887.6,1102.5,649.1,1008.2,43,1,1008.1,2145,10,1008.0,2774,19,1007.9,2033,10,1007.8,896,9,1008.6,87,1,1008.7,404,5,1008.8,742,10,1008.9,587,10,1009.0,1361,21
317,2025-11-26 13:29:23+05:30,1008.2,72,1000.81,7100366,368566.0,448698.0,986.2,1012.2,981.3,986.2,120419250,1084.8,887.6,1102.5,649.1,1008.2,43,1,1008.1,2145,10,1008.0,2774,19,1007.9,2033,10,1007.8,896,9,1008.6,87,1,1008.7,404,5,1008.8,742,10,1008.9,587,10,1009.0,1361,21
317,2025-11-26 13:29:24+05:30,1008.2,40,1000.81,7100534,369200.0,448436.0,986.2,1012.2,981.3,986.2,120419250,1084.8,887.6,1102.5,649.1,1008.2,3,1,1008.1,2169,10,1008.0,3237,24,1007.9,2099,12,1007.8,1256,11,1008.6,135,4,1008.7,717,10,1008.8,628,8,1008.9,620,13,1009.0,1560,18
317,2025-11-26 13:29:24+05:30,1008.2,40,1000.81,7100534,369200.0,448436.0,986.2,1012.2,981.3,986.2,120419250,1084.8,887.6,1102.5,649.1,1008.2,3,1,1008.1,2169,10,1008.0,3237,24,1007.9,2099,12,1007.8,1256,11,1008.6,135,4,1008.7,717,10,1008.8,628,8,1008.9,620,13,1009.0,1560,18
317,2025-11-26 13:29:25+05:30,1008.6,11,1000.81,7100560,370014.0,448443.0,986.2,1012.2,981.3,986.2,120419250,1084.8,887.6,1102.5,649.1,1008.2,3,1,1008.1,1476,10,1008.0,3930,24,1007.9,2173,13,1007.8,1256,11,1008.4,69,1,1008.6,85,3,1008.7,603,8,1008.8,742,10,1008.9,605,12
317,2025-11-26 13:29:25+05:30,1008.4,2,1000.81,7100560,370014.0,448443.0,986.2,1012.2,981.3,986.2,120419250,1084.8,887.6,1102.5,649.1,1008.2,3,1,1008.1,1476,10,1008.0,3930,24,1007.9,2173,13,1007.8,1256,11,1008.4,69,1,1008.6,85,3,1008.7,603,8,1008.8,742,10,1008.9,605,12
317,2025-11-26 13:29:26+05:30,1008.2,16,1000.81,7100817,370875.0,448700.0,986.2,1012.2,981.3,986.2,120419250,1084.8,887.6,1102.5,649.1,1008.2,116,3,1008.1,2410,12,1008.0,4001,25,1007.9,2170,13,1007.8,1628,10,1008.4,67,1,1008.5,50,1,1008.6,61,2,1008.7,383,7,1008.8,633,8
317,2025-11-26 13:29:26+05:30,1008.2,16,1000.81,7100817,370875.0,448700.0,986.2,1012.2,981.3,986.2,120419250,1084.8,887.6,1102.5,649.1,1008.2,116,3,1008.1,2410,12,1008.0,4001,25,1007.9,2170,13,1007.8,1628,10,1008.4,67,1,1008.5,50,1,1008.6,61,2,1008.7,383,7,1008.8,633,8
317,2025-11-26 13:29:27+05:30,1008.4,1,1000.81,7101074,370489.0,448811.0,986.2,1012.2,981.3,986.2,120419250,1084.8,887.6,1102.5,649.1,1008.2,78,2,1008.1,1433,9,1008.0,4541,24,1007.9,2164,12,1007.8,878,9,1008.4,66,1,1008.5,50,1,1008.6,263,3,1008.7,379,7,1008.8,633,8
317,2025-11-26 13:29:27+05:30,1008.4,1,1000.81,7101074,370489.0,448811.0,986.2,1012.2,981.3,986.2,120419250,1084.8,887.6,1102.5,649.1,1008.2,78,2,1008.1,1433,9,1008.0,4541,24,1007.9,2164,12,1007.8,878,9,1008.4,66,1,1008.5,50,1,1008.6,263,3,1008.7,379,7,1008.8,633,8
317,2025-11-26 13:29:28+05:30,1008.2,10,1000.81,7101084,369258.0,449619.0,986.2,1012.2,981.3,986.2,120419250,1084.8,887.6,1102.5,649.1,1008.2,54,2,1008.1,276,6,1008.0,1474,16,1007.9,2344,10,1007.8,2357,12,1008.4,66,1,1008.5,50,1,1008.6,381,4,1008.7,438,8,1008.8,633,8
317,2025-11-26 13:29:28+05:30,1008.2,10,1000.81,7101084,369258.0,449619.0,986.2,1012.2,981.3,986.2,120419250,1084.8,887.6,1102.5,649.1,1008.2,54,2,1008.1,276,6,1008.0,1474,16,1007.9,2344,10,1007.8,2357,12,1008.4,66,1,1008.5,50,1,1008.6,381,4,1008.7,438,8,1008.8,633,8
317,2025-11-26 13:29:29+05:30,1008.2,1,1000.81,7101086,369109.0,449969.0,986.2,1012.2,981.3,986.2,120419250,1084.8,887.6,1102.5,649.1,1008.2,23,2,1008.1,181,5,1008.0,1161,12,1007.9,2512,13,1007.8,2443,14,1008.4,65,1,1008.5,50,1,1008.6,578,8,1008.7,438,8,1008.8,612,8
317,2025-11-26 13:29:29+05:30,1008.2,1,1000.81,7101086,369109.0,449969.0,986.2,1012.2,981.3,986.2,120419250,1084.8,887.6,1102.5,649.1,1008.2,23,2,1008.1,181,5,1008.0,1161,12,1007.9,2512,13,1007.8,2443,14,1008.4,65,1,1008.5,50,1,1008.6,578,8,1008.7,438,8,1008.8,612,8
317,2025-11-26 13:29:30+05:30,1008.4,1,1000.81,7101086,369109.0,449969.0,986.2,1012.2,981.3,986.2,120419250,1084.8,887.6,1102.5,649.1,1008.2,23,2,1008.1,181,5,1008.0,1161,12,1007.9,2512,13,1007.8,2443,14,1008.4,65,1,1008.5,50,1,1008.6,578,8,1008.7,438,8,1008.8,612,8
317,2025-11-26 13:29:31+05:30,1008.4,1,1000.81,7101262,368904.0,449619.0,986.2,1012.2,981.3,986.2,120419250,1084.8,887.6,1102.5,649.1,1008.1,335,7,1008.0,1500,19,1007.9,2387,10,1007.8,2325,14,1007.7,3175,18,1008.4,16,2,1008.5,50,1,1008.6,578,7,1008.7,438,8,1008.8,1208,10
317,2025-11-26 13:29:31+05:30,1008.2,413,1000.81,7101262,368904.0,449619.0,986.2,1012.2,981.3,986.2,120419250,1084.8,887.6,1102.5,649.1,1008.1,335,7,1008.0,1500,19,1007.9,2387,10,1007.8,2325,14,1007.7,3175,18,1008.4,16,2,1008.5,50,1,1008.6,578,7,1008.7,438,8,1008.8,1208,10
317,2025-11-26 13:29:32+05:30,1008.2,413,1000.81,7101728,369300.0,448697.0,986.2,1012.2,981.3,986.2,120419250,1084.8,887.6,1102.5,649.1,1008.2,129,2,1008.1,335,7,1008.0,1423,16,1007.9,2457,11,1007.8,2359,15,1008.4,9,2,1008.5,50,1,1008.6,376,6,1008.7,438,8,1008.8,1163,9
317,2025-11-26 13:29:32+05:30,1008.4,5,1000.81,7101728,369300.0,448697.0,986.2,1012.2,981.3,986.2,120419250,1084.8,887.6,1102.5,649.1,1008.2,129,2,1008.1,335,7,1008.0,1423,16,1007.9,2457,11,1007.8,2359,15,1008.4,9,2,1008.5,50,1,1008.6,376,6,1008.7,438,8,1008.8,1163,9
317,2025-11-26 13:29:33+05:30,1008.1,10,1000.81,7102015,368272.0,448807.0,986.2,1012.2,981.3,986.2,120419250,1084.8,887.6,1102.5,649.1,1008.0,966,12,1007.9,2281,9,1007.8,1548,11,1007.7,1775,12,1007.6,4331,27,1008.4,120,3,1008.5,357,4,1008.6,583,9,1008.7,438,8,1008.8,1163,9
317,2025-11-26 13:29:33+05:30,1008.0,40,1000.81,7102015,368272.0,448807.0,986.2,1012.2,981.3,986.2,120419250,1084.8,887.6,1102.5,649.1,1008.0,966,12,1007.9,2281,9,1007.8,1548,11,1007.7,1775,12,1007.6,4331,27,1008.4,120,3,1008.5,357,4,1008.6,583,9,1008.7,438,8,1008.8,1163,9
317,2025-11-26 13:29:34+05:30,1007.9,90,1000.82,7105812,363247.0,450382.0,986.2,1012.2,981.3,986.2,120419250,1084.8,887.6,1102.5,649.1,1007.9,126,3,1007.8,200,5,1007.7,1201,4,1007.6,2251,13,1007.5,2988,20,1008.3,302,5,1008.4,610,9,1008.5,767,7,1008.6,1075,13,1008.7,915,11
317,2025-11-26 13:29:34+05:30,1007.9,90,1000.82,7105812,363247.0,450382.0,986.2,1012.2,981.3,986.2,120419250,1084.8,887.6,1102.5,649.1,1007.9,126,3,1007.8,200,5,1007.7,1201,4,1007.6,2251,13,1007.5,2988,20,1008.3,302,5,1008.4,610,9,1008.5,767,7,1008.6,1075,13,1008.7,915,11
317,2025-11-26 13:29:35+05:30,1007.9,90,1000.82,7105812,367947.0,449394.0,986.2,1012.2,981.3,986.2,120419250,1084.8,887.6,1102.5,649.1,1008.0,381,5,1007.9,2156,9,1007.8,2264,12,1007.7,2939,15,1007.6,1966,17,1008.4,270,5,1008.5,565,6,1008.6,747,10,1008.7,713,11,1008.8,1206,16
317,2025-11-26 13:29:35+05:30,1008.4,2,1000.82,7105812,367947.0,449394.0,986.2,1012.2,981.3,986.2,120419250,1084.8,887.6,1102.5,649.1,1008.0,381,5,1007.9,2156,9,1007.8,2264,12,1007.7,2939,15,1007.6,1966,17,1008.4,270,5,1008.5,565,6,1008.6,747,10,1008.7,713,11,1008.8,1206,16
317,2025-11-26 13:29:36+05:30,1008.4,2,1000.82,7106237,369189.0,447832.0,986.2,1012.2,981.3,986.2,120419250,1084.8,887.6,1102.5,649.1,1008.2,112,1,1008.1,245,2,1008.0,521,8,1007.9,2300,11,1007.8,2314,12,1008.4,5,1,1008.5,50,1,1008.6,372,7,1008.7,1017,9,1008.8,695,13
317,2025-11-26 13:29:36+05:30,1007.9,11,1000.82,7106237,369189.0,447832.0,986.2,1012.2,981.3,986.2,120419250,1084.8,887.6,1102.5,649.1,1008.2,112,1,1008.1,245,2,1008.0,521,8,1007.9,2300,11,1007.8,2314,12,1008.4,5,1,1008.5,50,1,1008.6,372,7,1008.7,1017,9,1008.8,695,13
317,2025-11-26 13:29:37+05:30,1007.9,11,1000.82,7106937,370213.0,449449.0,986.2,1012.2,981.3,986.2,120419250,1084.8,887.6,1102.5,649.1,1008.0,341,4,1007.9,2692,16,1007.8,2278,11,1007.7,3166,20,1007.6,1833,17,1008.1,100,1,1008.4,20,4,1008.5,162,2,1008.6,360,5,1008.7,892,8
317,2025-11-26 13:29:37+05:30,1008.0,3,1000.82,7106937,370213.0,449449.0,986.2,1012.2,981.3,986.2,120419250,1084.8,887.6,1102.5,649.1,1008.0,341,4,1007.9,2692,16,1007.8,2278,11,1007.7,3166,20,1007.6,1833,17,1008.1,100,1,1008.4,20,4,1008.5,162,2,1008.6,360,5,1008.7,892,8
317,2025-11-26 13:29:38+05:30,1008.0,3,1000.82,7106940,370941.0,449593.0,986.2,1012.2,981.3,986.2,120419250,1084.8,887.6,1102.5,649.1,1008.0,273,3,1007.9,2319,11,1007.8,3200,14,1007.7,3166,20,1007.6,1951,18,1008.1,100,1,1008.4,7,3,1008.5,291,4,1008.6,360,5,1008.7,961,10
317,2025-11-26 13:29:38+05:30,1007.9,128,1000.82,7106940,370941.0,449593.0,986.2,1012.2,981.3,986.2,120419250,1084.8,887.6,1102.5,649.1,1008.0,273,3,1007.9,2319,11,1007.8,3200,14,1007.7,3166,20,1007.6,1951,18,1008.1,100,1,1008.4,7,3,1008.5,291,4,1008.6,360,5,1008.7,961,10
317,2025-11-26 13:29:39+05:30,1008.3,63,1000.82,7107919,367858.0,449107.0,986.2,1012.2,981.3,986.2,120419250,1084.8,887.6,1102.5,649.1,1007.9,1999,10,1007.8,1859,7,1007.7,3066,15,1007.6,1616,19,1007.5,1893,20,1008.4,376,8,1008.5,604,8,1008.6,498,8,1008.7,1060,9,1008.8,678,15
317,2025-11-26 13:29:39+05:30,1008.3,63,1000.82,7107919,367858.0,449107.0,986.2,1012.2,981.3,986.2,120419250,1084.8,887.6,1102.5,649.1,1007.9,1999,10,1007.8,1859,7,1007.7,3066,15,1007.6,1616,19,1007.5,1893,20,1008.4,376,8,1008.5,604,8,1008.6,498,8,1008.7,1060,9,1008.8,678,15
317,2025-11-26 13:29:40+05:30,1008.4,2,1000.82,7107987,368189.0,449014.0,986.2,1012.2,981.3,986.2,120419250,1084.8,887.6,1102.5,649.1,1007.9,1999,10,1007.8,2127,9,1007.7,3167,17,1007.6,1575,18,1007.5,1936,22,1008.4,256,5,1008.5,545,7,1008.6,437,7,1008.7,1060,9,1008.8,796,16
317,2025-11-26 13:29:40+05:30,1008.4,2,1000.82,7107987,368189.0,449014.0,986.2,1012.2,981.3,986.2,120419250,1084.8,887.6,1102.5,649.1,1007.9,1999,10,1007.8,2127,9,1007.7,3167,17,1007.6,1575,18,1007.5,1936,22,1008.4,256,5,1008.5,545,7,1008.6,437,7,1008.7,1060,9,1008.8,796,16
317,2025-11-26 13:29:41+05:30,1008.4,2,1000.82,7107989,369141.0,450505.0,986.2,1012.2,981.3,986.2,120419250,1084.8,887.6,1102.5,649.1,1007.9,1999,10,1007.8,2877,10,1007.7,3167,17,1007.6,1575,18,1007.5,1936,22,1008.3,1500,1,1008.4,385,7,1008.5,552,8,1008.6,437,7,1008.7,473,8
317,2025-11-26 13:29:42+05:30,1008.4,2,1000.82,7107989,370115.0,451171.0,986.2,1012.2,981.3,986.2,120419250,1084.8,887.6,1102.5,649.1,1007.9,1999,10,1007.8,2704,8,1007.7,3007,15,1007.6,1175,16,1007.5,1926,21,1008.1,136,1,1008.3,1500,1,1008.4,545,9,1008.5,532,9,1008.6,493,8
317,2025-11-26 13:29:42+05:30,1008.0,5,1000.82,7107989,370115.0,451171.0,986.2,1012.2,981.3,986.2,120419250,1084.8,887.6,1102.5,649.1,1007.9,1999,10,1007.8,2704,8,1007.7,3007,15,1007.6,1175,16,1007.5,1926,21,1008.1,136,1,1008.3,1500,1,1008.4,545,9,1008.5,532,9,1008.6,493,8
317,2025-11-26 13:29:43+05:30,1008.1,6,1000.82,7108386,369514.0,452136.0,986.2,1012.2,981.3,986.2,120419250,1084.8,887.6,1102.5,649.1,1007.9,1586,5,1007.8,2378,6,1007.7,2733,11,1007.6,1010,17,1007.5,1840,20,1008.1,381,3,1008.3,1677,3,1008.4,676,15,1008.5,525,8,1008.6,519,10
317,2025-11-26 13:29:43+05:30,1007.9,78,1000.82,7108386,369514.0,452136.0,986.2,1012.2,981.3,986.2,120419250,1084.8,887.6,1102.5,649.1,1007.9,1586,5,1007.8,2378,6,1007.7,2733,11,1007.6,1010,17,1007.5,1840,20,1008.1,381,3,1008.3,1677,3,1008.4,676,15,1008.5,525,8,1008.6,519,10
317,2025-11-26 13:29:44+05:30,1008.1,3,1000.82,7109305,369103.0,451802.0,986.2,1012.2,981.3,986.2,120419250,1084.8,887.6,1102.5,649.1,1007.9,1583,5,1007.8,2298,5,1007.7,2997,12,1007.6,1055,13,1007.5,1926,21,1008.1,296,3,1008.3,1618,2,1008.4,604,10,1008.5,589,12,1008.6,525,10
317,2025-11-26 13:29:44+05:30,1007.9,128,1000.82,7109305,369103.0,451802.0,986.2,1012.2,981.3,986.2,120419250,1084.8,887.6,1102.5,649.1,1007.9,1583,5,1007.8,2298,5,1007.7,2997,12,1007.6,1055,13,1007.5,1926,21,1008.1,296,3,1008.3,1618,2,1008.4,604,10,1008.5,589,12,1008.6,525,10
317,2025-11-26 13:29:45+05:30,1008.1,2,1000.82,7109562,369914.0,451772.0,986.2,1012.2,981.3,986.2,120419250,1084.8,887.6,1102.5,649.1,1007.9,2091,6,1007.8,2298,5,1007.7,3023,14,1007.6,1134,18,1007.5,1926,21,1008.1,294,3,1008.2,95,2,1008.3,1745,5,1008.4,604,10,1008.5,589,12
317,2025-11-26 13:29:45+05:30,1007.9,127,1000.82,7109562,369914.0,451772.0,986.2,1012.2,981.3,986.2,120419250,1084.8,887.6,1102.5,649.1,1007.9,2091,6,1007.8,2298,5,1007.7,3023,14,1007.6,1134,18,1007.5,1926,21,1008.1,294,3,1008.2,95,2,1008.3,1745,5,1008.4,604,10,1008.5,589,12
317,2025-11-26 13:29:46+05:30,1007.9,127,1000.82,7110187,370313.0,451493.0,986.2,1012.2,981.3,986.2,120419250,1084.8,887.6,1102.5,649.1,1007.9,2297,7,1007.8,2535,7,1007.7,2786,11,1007.6,1119,17,1007.5,1926,21,1008.1,60,1,1008.2,50,1,1008.3,1745,5,1008.4,610,10,1008.5,478,9
317,2025-11-26 13:29:46+05:30,1007.9,431,1000.82,7110187,370313.0,451493.0,986.2,1012.2,981.3,986.2,120419250,1084.8,887.6,1102.5,649.1,1007.9,2297,7,1007.8,2535,7,1007.7,2786,11,1007.6,1119,17,1007.5,1926,21,1008.1,60,1,1008.2,50,1,1008.3,1745,5,1008.4,610,10,1008.5,478,9
317,2025-11-26 13:29:47+05:30,1008.0,1,1000.82,7111336,369122.0,452055.0,986.2,1012.2,981.3,986.2,120419250,1084.8,887.6,1102.5,649.1,1007.9,1150,4,1007.8,2298,5,1007.7,3622,13,1007.6,1055,13,1007.5,1840,20,1008.0,29,1,1008.2,252,2,1008.3,1798,6,1008.4,610,10,1008.5,478,9
317,2025-11-26 13:29:47+05:30,1008.0,29,1000.82,7111336,369122.0,452055.0,986.2,1012.2,981.3,986.2,120419250,1084.8,887.6,1102.5,649.1,1007.9,1150,4,1007.8,2298,5,1007.7,3622,13,1007.6,1055,13,1007.5,1840,20,1008.0,29,1,1008.2,252,2,1008.3,1798,6,1008.4,610,10,1008.5,478,9
317,2025-11-26 13:29:48+05:30,1008.1,3,1000.82,7111368,370370.0,450756.0,986.2,1012.2,981.3,986.2,120419250,1084.8,887.6,1102.5,649.1,1008.1,28,1,1007.9,1900,5,1007.8,2414,7,1007.7,2837,14,1007.6,2434,24,1008.2,50,1,1008.3,1582,3,1008.4,524,9,1008.5,478,9,1008.6,597,14
317,2025-11-26 13:29:48+05:30,1008.1,15,1000.82,7111368,370370.0,450756.0,986.2,1012.2,981.3,986.2,120419250,1084.8,887.6,1102.5,649.1,1008.1,28,1,1007.9,1900,5,1007.8,2414,7,1007.7,2837,14,1007.6,2434,24,1008.2,50,1,1008.3,1582,3,1008.4,524,9,1008.5,478,9,1008.6,597,14
317,2025-11-26 13:29:49+05:30,1008.1,15,1000.82,7111683,370388.0,450808.0,986.2,1012.2,981.3,986.2,120419250,1084.8,887.6,1102.5,649.1,1008.1,45,1,1007.9,1900,5,1007.8,2445,8,1007.7,2807,13,1007.6,2434,24,1008.2,50,1,1008.3,1582,3,1008.4,545,9,1008.5,478,9,1008.6,517,13
317,2025-11-26 13:29:49+05:30,1008.3,5,1000.82,7111683,370388.0,450808.0,986.2,1012.2,981.3,986.2,120419250,1084.8,887.6,1102.5,649.1,1008.1,45,1,1007.9,1900,5,1007.8,2445,8,1007.7,2807,13,1007.6,2434,24,1008.2,50,1,1008.3,1582,3,1008.4,545,9,1008.5,478,9,1008.6,517,13
317,2025-11-26 13:29:50+05:30,1008.2,1,1000.82,7111914,370216.0,450410.0,986.2,1012.2,981.3,986.2,120419250,1084.8,887.6,1102.5,649.1,1008.1,55,2,1007.9,2065,7,1007.8,2702,11,1007.7,2899,14,1007.6,2339,23,1008.2,46,1,1008.3,1588,4,1008.4,372,6,1008.5,476,7,1008.6,414,7
317,2025-11-26 13:29:50+05:30,1008.2,1,1000.82,7111914,370216.0,450410.0,986.2,1012.2,981.3,986.2,120419250,1084.8,887.6,1102.5,649.1,1008.1,55,2,1007.9,2065,7,1007.8,2702,11,1007.7,2899,14,1007.6,2339,23,1008.2,46,1,1008.3,1588,4,1008.4,372,6,1008.5,476,7,1008.6,414,7
317,2025-11-26 13:29:51+05:30,1008.2,1,1000.82,7111928,370267.0,450461.0,986.2,1012.2,981.3,986.2,120419250,1084.8,887.6,1102.5,649.1,1008.1,42,2,1007.9,1900,5,1007.8,2824,12,1007.7,2899,14,1007.6,2405,24,1008.2,45,1,1008.3,1588,4,1008.4,372,6,1008.5,476,7,1008.6,414,7
317,2025-11-26 13:29:51+05:30,1008.1,1,1000.82,7111928,370267.0,450461.0,986.2,1012.2,981.3,986.2,120419250,1084.8,887.6,1102.5,649.1,1008.1,42,2,1007.9,1900,5,1007.8,2824,12,1007.7,2899,14,1007.6,2405,24,1008.2,45,1,1008.3,1588,4,1008.4,372,6,1008.5,476,7,1008.6,414,7
317,2025-11-26 13:29:52+05:30,1008.1,1,1000.83,7112178,370387.0,450486.0,986.2,1012.2,981.3,986.2,120419250,1084.8,887.6,1102.5,649.1,1007.9,1926,6,1007.8,2775,11,1007.7,2899,14,1007.6,2070,23,1007.5,1937,21,1008.1,77,1,1008.2,58,2,1008.3,1577,3,1008.4,544,8,1008.5,540,9
317,2025-11-26 13:29:52+05:30,1008.1,23,1000.83,7112178,370387.0,450486.0,986.2,1012.2,981.3,986.2,120419250,1084.8,887.6,1102.5,649.1,1007.9,1926,6,1007.8,2775,11,1007.7,2899,14,1007.6,2070,23,1007.5,1937,21,1008.1,77,1,1008.2,58,2,1008.3,1577,3,1008.4,544,8,1008.5,540,9
317,2025-11-26 13:29:53+05:30,1007.9,1,1000.83,7112212,370744.0,450411.0,986.2,1012.2,981.3,986.2,120419250,1084.8,887.6,1102.5,649.1,1007.9,2003,8,1007.8,2754,11,1007.7,3029,15,1007.6,2070,23,1007.5,1937,21,1008.1,44,1,1008.2,45,1,1008.3,1590,4,1008.4,544,8,1008.5,444,8
317,2025-11-26 13:29:53+05:30,1007.9,1,1000.83,7112212,370744.0,450411.0,986.2,1012.2,981.3,986.2,120419250,1084.8,887.6,1102.5,649.1,1007.9,2003,8,1007.8,2754,11,1007.7,3029,15,1007.6,2070,23,1007.5,1937,21,1008.1,44,1,1008.2,45,1,1008.3,1590,4,1008.4,544,8,1008.5,444,8
317,2025-11-26 13:29:54+05:30,1007.9,1,1000.83,7112212,371065.0,450253.0,986.2,1012.2,981.3,986.2,120419250,1084.8,887.6,1102.5,649.1,1008.0,112,1,1007.9,2099,9,1007.8,2865,12,1007.7,3029,15,1007.6,2070,23,1008.1,44,1,1008.2,58,2,1008.3,1577,3,1008.4,485,7,1008.5,380,6
317,2025-11-26 13:29:54+05:30,1008.0,112,1000.83,7112212,371065.0,450253.0,986.2,1012.2,981.3,986.2,120419250,1084.8,887.6,1102.5,649.1,1008.0,112,1,1007.9,2099,9,1007.8,2865,12,1007.7,3029,15,1007.6,2070,23,1008.1,44,1,1008.2,58,2,1008.3,1577,3,1008.4,485,7,1008.5,380,6
317,2025-11-26 13:29:55+05:30,1008.1,14,1000.83,7112687,369866.0,450849.0,986.2,1012.2,981.3,986.2,120419250,1084.8,887.6,1102.5,649.1,1007.9,1861,8,1007.8,2559,9,1007.7,3007,13,1007.6,1214,16,1007.5,1896,20,1008.1,65,1,1008.2,56,2,1008.3,1577,3,1008.4,324,7,1008.5,437,7
317,2025-11-26 13:29:55+05:30,1007.9,124,1000.83,7112687,369866.0,450849.0,986.2,1012.2,981.3,986.2,120419250,1084.8,887.6,1102.5,649.1,1007.9,1861,8,1007.8,2559,9,1007.7,3007,13,1007.6,1214,16,1007.5,1896,20,1008.1,65,1,1008.2,56,2,1008.3,1577,3,1008.4,324,7,1008.5,437,7
317,2025-11-26 13:29:56+05:30,1008.1,1,1000.83,7113895,369690.0,451111.0,986.2,1012.2,981.3,986.2,120419250,1084.8,887.6,1102.5,649.1,1007.9,2997,5,1007.8,90,3,1007.7,466,6,1007.6,2023,16,1007.5,2410,19,1008.1,62,1,1008.2,90,3,1008.3,1659,3,1008.4,488,9,1008.5,909,16
317,2025-11-26 13:29:56+05:30,1007.9,285,1000.83,7113895,369690.0,451111.0,986.2,1012.2,981.3,986.2,120419250,1084.8,887.6,1102.5,649.1,1007.9,2997,5,1007.8,90,3,1007.7,466,6,1007.6,2023,16,1007.5,2410,19,1008.1,62,1,1008.2,90,3,1008.3,1659,3,1008.4,488,9,1008.5,909,16
317,2025-11-26 13:29:57+05:30,1007.9,285,1000.83,7114180,369103.0,450988.0,986.2,1012.2,981.3,986.2,120419250,1084.8,887.6,1102.5,649.1,1007.9,2754,6,1007.8,65,2,1007.7,424,5,1007.6,2836,18,1007.5,2446,20,1008.2,79,2,1008.3,1768,5,1008.4,576,9,1008.5,813,15,1008.6,1105,11
317,2025-11-26 13:29:57+05:30,1008.3,207,1000.83,7114180,369103.0,450988.0,986.2,1012.2,981.3,986.2,120419250,1084.8,887.6,1102.5,649.1,1007.9,2754,6,1007.8,65,2,1007.7,424,5,1007.6,2836,18,1007.5,2446,20,1008.2,79,2,1008.3,1768,5,1008.4,576,9,1008.5,813,15,1008.6,1105,11
317,2025-11-26 13:29:58+05:30,1007.9,80,1000.83,7114760,370793.0,450676.0,986.2,1012.2,981.3,986.2,120419250,1084.8,887.6,1102.5,649.1,1007.9,2674,6,1007.8,5,1,1007.7,324,4,1007.6,3490,18,1007.5,1687,19,1008.2,96,1,1008.3,1627,7,1008.4,519,9,1008.5,751,15,1008.6,1079,9
317,2025-11-26 13:29:58+05:30,1007.9,40,1000.83,7114760,370793.0,450676.0,986.2,1012.2,981.3,986.2,120419250,1084.8,887.6,1102.5,649.1,1007.9,2674,6,1007.8,5,1,1007.7,324,4,1007.6,3490,18,1007.5,1687,19,1008.2,96,1,1008.3,1627,7,1008.4,519,9,1008.5,751,15,1008.6,1079,9
317,2025-11-26 13:29:59+05:30,1008.2,96,1000.83,7114896,369181.0,450446.0,986.2,1012.2,981.3,986.2,120419250,1084.8,887.6,1102.5,649.1,1007.9,2592,5,1007.8,5,1,1007.7,324,4,1007.6,2685,17,1007.5,1651,18,1008.3,1498,5,1008.4,615,10,1008.5,778,16,1008.6,1114,10,1008.7,749,11
317,2025-11-26 13:29:59+05:30,1008.2,96,1000.83,7114896,369181.0,450446.0,986.2,1012.2,981.3,986.2,120419250,1084.8,887.6,1102.5,649.1,1007.9,2592,5,1007.8,5,1,1007.7,324,4,1007.6,2685,17,1007.5,1651,18,1008.3,1498,5,1008.4,615,10,1008.5,778,16,1008.6,1114,10,1008.7,749,11
317,2025-11-26 13:30:00+05:30,1008.0,9,1000.83,7114906,371491.0,451302.0,986.2,1012.2,981.3,986.2,120419250,1084.8,887.6,1102.5,649.1,1007.9,2592,5,1007.8,5,1,1007.7,220,3,1007.6,3221,15,1007.5,1564,18,1008.0,15,1,1008.1,20,1,1008.2,304,3,1008.3,1559,7,1008.4,519,9
317,2025-11-26 13:30:00+05:30,1008.0,1,1000.83,7114906,371491.0,451302.0,986.2,1012.2,981.3,986.2,120419250,1084.8,887.6,1102.5,649.1,1007.9,2592,5,1007.8,5,1,1007.7,220,3,1007.6,3221,15,1007.5,1564,18,1008.0,15,1,1008.1,20,1,1008.2,304,3,1008.3,1559,7,1008.4,519,9
317,2025-11-26 13:30:01+05:30,1008.1,20,1000.83,7115085,369454.0,450526.0,986.2,1012.2,981.3,986.2,120419250,1084.8,887.6,1102.5,649.1,1007.9,2590,5,1007.8,5,1,1007.7,433,5,1007.6,2662,17,1007.5,2308,19,1008.3,1380,4,1008.4,727,11,1008.5,759,16,1008.6,1160,10,1008.7,1163,12
317,2025-11-26 13:30:01+05:30,1007.9,50,1000.83,7115085,369454.0,450526.0,986.2,1012.2,981.3,986.2,120419250,1084.8,887.6,1102.5,649.1,1007.9,2590,5,1007.8,5,1,1007.7,433,5,1007.6,2662,17,1007.5,2308,19,1008.3,1380,4,1008.4,727,11,1008.5,759,16,1008.6,1160,10,1008.7,1163,12
317,2025-11-26 13:30:02+05:30,1007.9,50,1000.83,7115136,371407.0,450898.0,986.2,1012.2,981.3,986.2,120419250,1084.8,887.6,1102.5,649.1,1007.9,2540,5,1007.8,5,1,1007.7,396,5,1007.6,3548,19,1007.5,1585,19,1008.1,63,1,1008.2,40,1,1008.3,1618,6,1008.4,466,8,1008.5,848,16
317,2025-11-26 13:30:02+05:30,1008.1,4,1000.83,7115136,371407.0,450898.0,986.2,1012.2,981.3,986.2,120419250,1084.8,887.6,1102.5,649.1,1007.9,2540,5,1007.8,5,1,1007.7,396,5,1007.6,3548,19,1007.5,1585,19,1008.1,63,1,1008.2,40,1,1008.3,1618,6,1008.4,466,8,1008.5,848,16
317,2025-11-26 13:30:03+05:30,1008.1,22,1000.83,7115176,371497.0,451802.0,986.2,1012.2,981.3,986.2,120419250,1084.8,887.6,1102.5,649.1,1007.9,2530,5,1007.7,329,4,1007.6,3481,18,1007.5,1495,18,1007.4,3358,22,1008.1,33,1,1008.2,130,3,1008.3,1714,8,1008.4,629,10,1008.5,863,17
317,2025-11-26 13:30:03+05:30,1007.9,240,1000.83,7115176,371497.0,451802.0,986.2,1012.2,981.3,986.2,120419250,1084.8,887.6,1102.5,649.1,1007.9,2530,5,1007.7,329,4,1007.6,3481,18,1007.5,1495,18,1007.4,3358,22,1008.1,33,1,1008.2,130,3,1008.3,1714,8,1008.4,629,10,1008.5,863,17
317,2025-11-26 13:30:04+05:30,1007.9,12,1000.83,7115428,371741.0,452390.0,986.2,1012.2,981.3,986.2,120419250,1084.8,887.6,1102.5,649.1,1007.9,2278,5,1007.7,1866,7,1007.6,4103,19,1007.5,2322,22,1007.4,1962,19,1008.1,33,1,1008.2,130,3,1008.3,1714,8,1008.4,629,10,1008.5,900,18
317,2025-11-26 13:30:04+05:30,1007.9,12,1000.83,7115428,371741.0,452390.0,986.2,1012.2,981.3,986.2,120419250,1084.8,887.6,1102.5,649.1,1007.9,2278,5,1007.7,1866,7,1007.6,4103,19,1007.5,2322,22,1007.4,1962,19,1008.1,33,1,1008.2,130,3,1008.3,1714,8,1008.4,629,10,1008.5,900,18
317,2025-11-26 13:30:05+05:30,1008.1,1,1000.83,7115432,372345.0,451451.0,986.2,1012.2,981.3,986.2,120419250,1084.8,887.6,1102.5,649.1,1007.9,2278,5,1007.7,1720,5,1007.6,4116,20,1007.5,2309,21,1007.4,1962,19,1008.0,136,1,1008.1,29,1,1008.2,85,2,1008.3,1818,9,1008.4,672,12
317,2025-11-26 13:30:05+05:30,1008.0,1,1000.83,7115432,372345.0,451451.0,986.2,1012.2,981.3,986.2,120419250,1084.8,887.6,1102.5,649.1,1007.9,2278,5,1007.7,1720,5,1007.6,4116,20,1007.5,2309,21,1007.4,1962,19,1008.0,136,1,1008.1,29,1,1008.2,85,2,1008.3,1818,9,1008.4,672,12
317,2025-11-26 13:30:06+05:30,1008.0,1,1000.83,7115433,372357.0,451633.0,986.2,1012.2,981.3,986.2,120419250,1084.8,887.6,1102.5,649.1,1007.9,2278,5,1007.7,1758,6,1007.6,4116,20,1007.5,2314,22,1007.4,1931,18,1008.0,135,1,1008.1,107,3,1008.2,85,2,1008.3,1729,7,1008.4,643,10
317,2025-11-26 13:30:07+05:30,1008.0,1,1000.83,7115433,373107.0,451623.0,986.2,1012.2,981.3,986.2,120419250,1084.8,887.6,1102.5,649.1,1007.9,2278,5,1007.8,2250,3,1007.7,1851,9,1007.6,3156,16,1007.5,1681,21,1008.0,136,2,1008.1,166,4,1008.2,95,3,1008.3,1729,7,1008.4,643,10
317,2025-11-26 13:30:08+05:30,1008.0,1,1000.83,7115433,373310.0,451773.0,986.2,1012.2,981.3,986.2,120419250,1084.8,887.6,1102.5,649.1,1007.9,2278,5,1007.8,2297,4,1007.7,1747,8,1007.6,3285,17,1007.5,1768,22,1008.0,136,2,1008.1,266,5,1008.2,50,2,1008.3,1729,7,1008.4,643,10
317,2025-11-26 13:30:09+05:30,1007.9,1,1000.83,7115434,371431.0,452883.0,986.2,1012.2,981.3,986.2,120419250,1084.8,887.6,1102.5,649.1,1007.9,2277,5,1007.8,47,1,1007.7,43,2,1007.6,3913,15,1007.5,2420,24,1008.0,374,3,1008.1,267,5,1008.2,488,7,1008.3,1739,7,1008.4,571,11
317,2025-11-26 13:30:09+05:30,1008.0,100,1000.83,7115434,371431.0,452883.0,986.2,1012.2,981.3,986.2,120419250,1084.8,887.6,1102.5,649.1,1007.9,2277,5,1007.8,47,1,1007.7,43,2,1007.6,3913,15,1007.5,2420,24,1008.0,374,3,1008.1,267,5,1008.2,488,7,1008.3,1739,7,1008.4,571,11
317,2025-11-26 13:30:10+05:30,1008.0,136,1000.83,7115808,371219.0,451781.0,986.2,1012.2,981.3,986.2,120419250,1084.8,887.6,1102.5,649.1,1007.9,2308,6,1007.8,102,1,1007.7,233,4,1007.6,3889,15,1007.5,2444,25,1008.1,335,6,1008.2,103,3,1008.3,1614,6,1008.4,666,12,1008.5,844,16
317,2025-11-26 13:30:10+05:30,1008.0,136,1000.83,7115808,371219.0,451781.0,986.2,1012.2,981.3,986.2,120419250,1084.8,887.6,1102.5,649.1,1007.9,2308,6,1007.8,102,1,1007.7,233,4,1007.6,3889,15,1007.5,2444,25,1008.1,335,6,1008.2,103,3,1008.3,1614,6,1008.4,666,12,1008.5,844,16
317,2025-11-26 13:30:11+05:30,1008.1,3,1000.83,7115808,371219.0,451781.0,986.2,1012.2,981.3,986.2,120419250,1084.8,887.6,1102.5,649.1,1007.9,2308,6,1007.8,102,1,1007.7,233,4,1007.6,3889,15,1007.5,2444,25,1008.1,335,6,1008.2,103,3,1008.3,1614,6,1008.4,666,12,1008.5,844,16
317,2025-11-26 13:30:11+05:30,1008.1,3,1000.83,7115811,370703.0,451900.0,986.2,1012.2,981.3,986.2,120419250,1084.8,887.6,1102.5,649.1,1007.9,2308,6,1007.7,275,4,1007.6,3991,16,1007.5,1781,25,1007.4,3380,22,1008.1,332,6,1008.2,103,3,1008.3,1828,8,1008.4,564,11,1008.5,844,16
317,2025-11-26 13:30:12+05:30,1008.1,10,1000.83,7115811,370703.0,451900.0,986.2,1012.2,981.3,986.2,120419250,1084.8,887.6,1102.5,649.1,1007.9,2308,6,1007.7,275,4,1007.6,3991,16,1007.5,1781,25,1007.4,3380,22,1008.1,332,6,1008.2,103,3,1008.3,1828,8,1008.4,564,11,1008.5,844,16
317,2025-11-26 13:30:13+05:30,1008.1,10,1000.83,7116948,370548.0,450553.0,986.2,1012.2,981.3,986.2,120419250,1084.8,887.6,1102.5,649.1,1008.1,5,3,1007.9,2410,7,1007.8,107,2,1007.7,466,7,1007.6,4810,19,1008.2,50,2,1008.3,1346,3,1008.4,369,7,1008.5,1181,12,1008.6,964,12
317,2025-11-26 13:30:13+05:30,1008.1,8,1000.83,7116948,370548.0,450553.0,986.2,1012.2,981.3,986.2,120419250,1084.8,887.6,1102.5,649.1,1008.1,5,3,1007.9,2410,7,1007.8,107,2,1007.7,466,7,1007.6,4810,19,1008.2,50,2,1008.3,1346,3,1008.4,369,7,1008.5,1181,12,1008.6,964,12
317,2025-11-26 13:30:14+05:30,1008.1,8,1000.83,7117115,371137.0,450276.0,986.2,1012.2,981.3,986.2,120419250,1084.8,887.6,1102.5,649.1,1007.9,2465,7,1007.8,583,7,1007.7,2294,10,1007.6,3339,18,1007.5,3020,22,1008.1,8,1,1008.2,22,2,1008.3,1300,2,1008.4,309,5,1008.5,531,9
317,2025-11-26 13:30:14+05:30,1008.1,40,1000.83,7117115,371137.0,450276.0,986.2,1012.2,981.3,986.2,120419250,1084.8,887.6,1102.5,649.1,1007.9,2465,7,1007.8,583,7,1007.7,2294,10,1007.6,3339,18,1007.5,3020,22,1008.1,8,1,1008.2,22,2,1008.3,1300,2,1008.4,309,5,1008.5,531,9
317,2025-11-26 13:30:15+05:30,1008.2,2,1000.83,7117160,373417.0,450346.0,986.2,1012.2,981.3,986.2,120419250,1084.8,887.6,1102.5,649.1,1008.0,157,2,1007.9,2475,8,1007.8,583,7,1007.7,2294,10,1007.6,5520,21,1008.2,20,2,1008.3,1300,2,1008.4,246,4,1008.5,589,10,1008.6,949,10
317,2025-11-26 13:30:15+05:30,1008.2,2,1000.83,7117160,373417.0,450346.0,986.2,1012.2,981.3,986.2,120419250,1084.8,887.6,1102.5,649.1,1008.0,157,2,1007.9,2475,8,1007.8,583,7,1007.7,2294,10,1007.6,5520,21,1008.2,20,2,1008.3,1300,2,1008.4,246,4,1008.5,589,10,1008.6,949,10
317,2025-11-26 13:30:16+05:30,1008.2,2,1000.83,7117162,372807.0,450344.0,986.2,1012.2,981.3,986.2,120419250,1084.8,887.6,1102.5,649.1,1008.0,180,3,1007.9,2465,7,1007.8,492,6,1007.7,2317,11,1007.6,4834,21,1008.2,30,3,1008.3,1288,1,1008.4,246,4,1008.5,589,10,1008.6,949,10
317,2025-11-26 13:30:16+05:30,1008.0,1,1000.83,7117162,372807.0,450344.0,986.2,1012.2,981.3,986.2,120419250,1084.8,887.6,1102.5,649.1,1008.0,180,3,1007.9,2465,7,1007.8,492,6,1007.7,2317,11,1007.6,4834,21,1008.2,30,3,1008.3,1288,1,1008.4,246,4,1008.5,589,10,1008.6,949,10
317,2025-11-26 13:30:17+05:30,1008.0,1,1000.83,7117163,372988.0,450566.0,986.2,1012.2,981.3,986.2,120419250,1084.8,887.6,1102.5,649.1,1008.0,179,3,1007.9,2363,6,1007.8,266,4,1007.7,2559,14,1007.6,4834,21,1008.2,32,4,1008.3,1288,1,1008.4,348,5,1008.5,589,10,1008.6,957,11
317,2025-11-26 13:30:18+05:30,1008.0,1,1000.83,7117163,373117.0,450687.0,986.2,1012.2,981.3,986.2,120419250,1084.8,887.6,1102.5,649.1,1008.0,179,3,1007.9,2363,6,1007.8,428,6,1007.7,2521,13,1007.6,4834,21,1008.2,32,4,1008.3,1288,1,1008.4,348,5,1008.5,652,11,1008.6,957,11
317,2025-11-26 13:30:18+05:30,1008.2,2,1000.83,7117163,373117.0,450687.0,986.2,1012.2,981.3,986.2,120419250,1084.8,887.6,1102.5,649.1,1008.0,179,3,1007.9,2363,6,1007.8,428,6,1007.7,2521,13,1007.6,4834,21,1008.2,32,4,1008.3,1288,1,1008.4,348,5,1008.5,652,11,1008.6,957,11
317,2025-11-26 13:30:19+05:30,1008.2,2,1000.83,7117173,373003.0,450821.0,986.2,1012.2,981.3,986.2,120419250,1084.8,887.6,1102.5,649.1,1008.0,134,2,1007.9,2295,5,1007.8,390,5,1007.7,2551,14,1007.6,4834,21,1008.2,36,3,1008.3,1300,2,1008.4,501,7,1008.5,652,11,1008.6,1510,11
317,2025-11-26 13:30:19+05:30,1008.0,5,1000.83,7117173,373003.0,450821.0,986.2,1012.2,981.3,986.2,120419250,1084.8,887.6,1102.5,649.1,1008.0,134,2,1007.9,2295,5,1007.8,390,5,1007.7,2551,14,1007.6,4834,21,1008.2,36,3,1008.3,1300,2,1008.4,501,7,1008.5,652,11,1008.6,1510,11
317,2025-11-26 13:30:20+05:30,1008.2,1,1000.83,7117179,372837.0,451115.0,986.2,1012.2,981.3,986.2,120419250,1084.8,887.6,1102.5,649.1,1008.0,129,2,1007.9,2295,5,1007.8,266,4,1007.7,2551,14,1007.6,4834,21,1008.2,46,4,1008.3,1288,1,1008.4,553,8,1008.5,652,11,1008.6,949,10
317,2025-11-26 13:30:20+05:30,1008.2,1,1000.83,7117179,372837.0,451115.0,986.2,1012.2,981.3,986.2,120419250,1084.8,887.6,1102.5,649.1,1008.0,129,2,1007.9,2295,5,1007.8,266,4,1007.7,2551,14,1007.6,4834,21,1008.2,46,4,1008.3,1288,1,1008.4,553,8,1008.5,652,11,1008.6,949,10
317,2025-11-26 13:30:21+05:30,1008.0,4,1000.83,7117291,373161.0,451031.0,986.2,1012.2,981.3,986.2,120419250,1084.8,887.6,1102.5,649.1,1008.0,19,1,1007.9,2295,5,1007.8,100,2,1007.7,2449,13,1007.6,4897,21,1008.2,44,4,1008.3,1380,3,1008.4,605,9,1008.5,652,11,1008.6,1528,11
317,2025-11-26 13:30:21+05:30,1008.0,4,1000.83,7117291,373161.0,451031.0,986.2,1012.2,981.3,986.2,120419250,1084.8,887.6,1102.5,649.1,1008.0,19,1,1007.9,2295,5,1007.8,100,2,1007.7,2449,13,1007.6,4897,21,1008.2,44,4,1008.3,1380,3,1008.4,605,9,1008.5,652,11,1008.6,1528,11
317,2025-11-26 13:30:22+05:30,1008.0,4,1000.83,7117291,372907.0,451001.0,986.2,1012.2,981.3,986.2,120419250,1084.8,887.6,1102.5,649.1,1008.0,19,1,1007.9,2295,5,1007.8,100,2,1007.7,2449,13,1007.6,4897,21,1008.2,33,3,1008.3,1299,2,1008.4,553,8,1008.5,702,12,1008.6,1528,11
317,2025-11-26 13:30:22+05:30,1008.2,4,1000.83,7117291,372907.0,451001.0,986.2,1012.2,981.3,986.2,120419250,1084.8,887.6,1102.5,649.1,1008.0,19,1,1007.9,2295,5,1007.8,100,2,1007.7,2449,13,1007.6,4897,21,1008.2,33,3,1008.3,1299,2,1008.4,553,8,1008.5,702,12,1008.6,1528,11
317,2025-11-26 13:30:23+05:30,1008.2,1,1000.83,7117324,372997.0,451749.0,986.2,1012.2,981.3,986.2,120419250,1084.8,887.6,1102.5,649.1,1008.0,19,1,1007.9,2295,5,1007.8,100,2,1007.7,2449,13,1007.6,4897,21,1008.2,44,3,1008.3,1458,3,1008.4,656,10,1008.5,778,13,1008.6,1528,11
317,2025-11-26 13:30:23+05:30,1008.2,1,1000.83,7117324,372997.0,451749.0,986.2,1012.2,981.3,986.2,120419250,1084.8,887.6,1102.5,649.1,1008.0,19,1,1007.9,2295,5,1007.8,100,2,1007.7,2449,13,1007.6,4897,21,1008.2,44,3,1008.3,1458,3,1008.4,656,10,1008.5,778,13,1008.6,1528,11
317,2025-11-26 13:30:24+05:30,1008.2,17,1000.83,7117469,371425.0,451179.0,986.2,1012.2,981.3,986.2,120419250,1084.8,887.6,1102.5,649.1,1008.2,110,1,1008.0,19,1,1007.9,2295,5,1007.8,234,2,1007.7,1990,10,1008.3,1334,2,1008.4,427,8,1008.5,711,10,1008.6,1175,12,1008.7,881,12
317,2025-11-26 13:30:24+05:30,1008.3,110,1000.83,7117469,371425.0,451179.0,986.2,1012.2,981.3,986.2,120419250,1084.8,887.6,1102.5,649.1,1008.2,110,1,1008.0,19,1,1007.9,2295,5,1007.8,234,2,1007.7,1990,10,1008.3,1334,2,1008.4,427,8,1008.5,711,10,1008.6,1175,12,1008.7,881,12
317,2025-11-26 13:30:25+05:30,1008.3,1,1000.83,7117599,371258.0,451415.0,986.2,1012.2,981.3,986.2,120419250,1084.8,887.6,1102.5,649.1,1008.2,30,2,1007.9,2377,5,1007.8,393,3,1007.7,2215,14,1007.6,4856,23,1008.3,1243,4,1008.4,509,9,1008.5,626,10,1008.6,596,11,1008.7,1456,13
317,2025-11-26 13:30:25+05:30,1008.3,2,1000.83,7117599,371258.0,451415.0,986.2,1012.2,981.3,986.2,120419250,1084.8,887.6,1102.5,649.1,1008.2,30,2,1007.9,2377,5,1007.8,393,3,1007.7,2215,14,1007.6,4856,23,1008.3,1243,4,1008.4,509,9,1008.5,626,10,1008.6,596,11,1008.7,1456,13
317,2025-11-26 13:30:26+05:30,1008.3,2,1000.83,7117612,371565.0,451402.0,986.2,1012.2,981.3,986.2,120419250,1084.8,887.6,1102.5,649.1,1008.2,30,2,1007.9,2377,5,1007.8,393,3,1007.7,2215,14,1007.6,4856,23,1008.3,1230,4,1008.4,509,9,1008.5,626,10,1008.6,596,11,1008.7,1456,13
317,2025-11-26 13:30:26+05:30,1008.3,128,1000.83,7117612,371565.0,451402.0,986.2,1012.2,981.3,986.2,120419250,1084.8,887.6,1102.5,649.1,1008.2,30,2,1007.9,2377,5,1007.8,393,3,1007.7,2215,14,1007.6,4856,23,1008.3,1230,4,1008.4,509,9,1008.5,626,10,1008.6,596,11,1008.7,1456,13
317,2025-11-26 13:30:27+05:30,1008.3,128,1000.83,7117742,371734.0,451339.0,986.2,1012.2,981.3,986.2,120419250,1084.8,887.6,1102.5,649.1,1008.2,28,2,1007.9,2377,5,1007.8,269,2,1007.7,2215,14,1007.6,4856,23,1008.3,1089,5,1008.4,509,9,1008.5,626,10,1008.6,596,11,1008.7,1456,13
317,2025-11-26 13:30:28+05:30,1008.4,59,1000.83,7119182,375425.0,446806.0,986.2,1012.2,981.3,986.2,120419250,1084.8,887.6,1102.5,649.1,1008.3,795,2,1008.2,265,6,1008.1,650,7,1008.0,1902,9,1007.9,2686,10,1008.5,107,3,1008.7,311,3,1008.8,393,3,1008.9,1121,8,1009.0,1475,12
317,2025-11-26 13:30:28+05:30,1008.9,127,1000.83,7119182,375425.0,446806.0,986.2,1012.2,981.3,986.2,120419250,1084.8,887.6,1102.5,649.1,1008.3,795,2,1008.2,265,6,1008.1,650,7,1008.0,1902,9,1007.9,2686,10,1008.5,107,3,1008.7,311,3,1008.8,393,3,1008.9,1121,8,1009.0,1475,12
317,2025-11-26 13:30:29+05:30,1008.6,6,1000.83,7119679,373305.0,444342.0,986.2,1012.2,981.3,986.2,120419250,1084.8,887.6,1102.5,649.1,1008.6,744,1,1008.5,26,2,1008.4,536,6,1008.3,497,5,1008.2,615,8,1009.0,1348,11,1009.1,729,12,1009.2,1134,13,1009.3,1159,13,1009.4,849,11
317,2025-11-26 13:30:29+05:30,1008.6,6,1000.83,7119679,373305.0,444342.0,986.2,1012.2,981.3,986.2,120419250,1084.8,887.6,1102.5,649.1,1008.6,744,1,1008.5,26,2,1008.4,536,6,1008.3,497,5,1008.2,615,8,1009.0,1348,11,1009.1,729,12,1009.2,1134,13,1009.3,1159,13,1009.4,849,11
317,2025-11-26 13:30:30+05:30,1009.0,91,1000.83,7120828,373415.0,443181.0,986.2,1012.2,981.3,986.2,120419250,1084.8,887.6,1102.5,649.1,1008.6,21,1,1008.5,317,4,1008.4,614,7,1008.3,599,6,1008.2,2437,15,1009.0,787,7,1009.1,519,8,1009.2,527,7,1009.3,1145,13,1009.4,1072,15
317,2025-11-26 13:30:30+05:30,1009.0,1,1000.83,7120828,373415.0,443181.0,986.2,1012.2,981.3,986.2,120419250,1084.8,887.6,1102.5,649.1,1008.6,21,1,1008.5,317,4,1008.4,614,7,1008.3,599,6,1008.2,2437,15,1009.0,787,7,1009.1,519,8,1009.2,527,7,1009.3,1145,13,1009.4,1072,15
317,2025-11-26 13:30:31+05:30,1009.0,38,1000.83,7121093,373937.0,443648.0,986.2,1012.2,981.3,986.2,120419250,1084.8,887.6,1102.5,649.1,1008.6,25,2,1008.5,441,5,1008.4,805,9,1008.3,804,9,1008.2,2411,13,1009.0,510,3,1009.1,509,7,1009.2,921,15,1009.3,1269,14,1009.4,1072,15
317,2025-11-26 13:30:31+05:30,1009.0,128,1000.83,7121093,373937.0,443648.0,986.2,1012.2,981.3,986.2,120419250,1084.8,887.6,1102.5,649.1,1008.6,25,2,1008.5,441,5,1008.4,805,9,1008.3,804,9,1008.2,2411,13,1009.0,510,3,1009.1,509,7,1009.2,921,15,1009.3,1269,14,1009.4,1072,15
317,2025-11-26 13:30:32+05:30,1009.0,128,1000.83,7121350,374473.0,443704.0,986.2,1012.2,981.3,986.2,120419250,1084.8,887.6,1102.5,649.1,1008.6,179,5,1008.5,1002,10,1008.4,805,9,1008.3,804,9,1008.2,2532,14,1009.0,253,3,1009.1,777,5,1009.2,835,14,1009.3,1355,15,1009.4,800,17
317,2025-11-26 13:30:32+05:30,1009.0,5,1000.83,7121350,374473.0,443704.0,986.2,1012.2,981.3,986.2,120419250,1084.8,887.6,1102.5,649.1,1008.6,179,5,1008.5,1002,10,1008.4,805,9,1008.3,804,9,1008.2,2532,14,1009.0,253,3,1009.1,777,5,1009.2,835,14,1009.3,1355,15,1009.4,800,17
317,2025-11-26 13:30:33+05:30,1008.8,77,1000.84,7121736,376956.0,441954.0,986.2,1012.2,981.3,986.2,120419250,1084.8,887.6,1102.5,649.1,1008.8,26,2,1008.7,229,2,1008.6,465,7,1008.5,990,10,1008.4,1807,19,1009.0,1,1,1009.1,26,1,1009.2,736,11,1009.3,683,11,1009.4,1374,11
317,2025-11-26 13:30:33+05:30,1009.0,3,1000.84,7121736,376956.0,441954.0,986.2,1012.2,981.3,986.2,120419250,1084.8,887.6,1102.5,649.1,1008.8,26,2,1008.7,229,2,1008.6,465,7,1008.5,990,10,1008.4,1807,19,1009.0,1,1,1009.1,26,1,1009.2,736,11,1009.3,683,11,1009.4,1374,11
317,2025-11-26 13:30:34+05:30,1009.2,27,1000.84,7122117,375764.0,441874.0,986.2,1012.2,981.3,986.2,120419250,1084.8,887.6,1102.5,649.1,1008.8,26,2,1008.7,229,2,1008.6,379,6,1008.5,1047,11,1008.4,1892,20,1009.2,664,10,1009.3,683,11,1009.4,1381,12,1009.5,2193,19,1009.6,1803,9
317,2025-11-26 13:30:34+05:30,1009.2,30,1000.84,7122117,375764.0,441874.0,986.2,1012.2,981.3,986.2,120419250,1084.8,887.6,1102.5,649.1,1008.8,26,2,1008.7,229,2,1008.6,379,6,1008.5,1047,11,1008.4,1892,20,1009.2,664,10,1009.3,683,11,1009.4,1381,12,1009.5,2193,19,1009.6,1803,9
317,2025-11-26 13:30:35+05:30,1009.2,1,1000.84,7122368,376258.0,441189.0,986.2,1012.2,981.3,986.2,120419250,1084.8,887.6,1102.5,649.1,1008.9,460,1,1008.8,51,3,1008.7,486,5,1008.6,721,7,1008.5,803,10,1009.2,58,2,1009.3,612,10,1009.4,525,8,1009.5,2215,16,1009.6,1949,12
317,2025-11-26 13:30:35+05:30,1009.2,1,1000.84,7122368,376258.0,441189.0,986.2,1012.2,981.3,986.2,120419250,1084.8,887.6,1102.5,649.1,1008.9,460,1,1008.8,51,3,1008.7,486,5,1008.6,721,7,1008.5,803,10,1009.2,58,2,1009.3,612,10,1009.4,525,8,1009.5,2215,16,1009.6,1949,12
317,2025-11-26 13:30:36+05:30,1009.2,32,1000.84,7122368,376258.0,441189.0,986.2,1012.2,981.3,986.2,120419250,1084.8,887.6,1102.5,649.1,1008.9,460,1,1008.8,51,3,1008.7,486,5,1008.6,721,7,1008.5,803,10,1009.2,58,2,1009.3,612,10,1009.4,525,8,1009.5,2215,16,1009.6,1949,12
317,2025-11-26 13:30:36+05:30,1009.2,32,1000.84,7122501,376441.0,441700.0,986.2,1012.2,981.3,986.2,120419250,1084.8,887.6,1102.5,649.1,1008.9,460,1,1008.8,116,3,1008.7,287,2,1008.6,893,9,1008.5,869,11,1009.2,13,1,1009.3,1062,12,1009.4,672,9,1009.5,2276,13,1009.6,1968,13
317,2025-11-26 13:30:37+05:30,1009.2,76,1000.84,7122501,376441.0,441700.0,986.2,1012.2,981.3,986.2,120419250,1084.8,887.6,1102.5,649.1,1008.9,460,1,1008.8,116,3,1008.7,287,2,1008.6,893,9,1008.5,869,11,1009.2,13,1,1009.3,1062,12,1009.4,672,9,1009.5,2276,13,1009.6,1968,13
317,2025-11-26 13:30:38+05:30,1009.2,76,1000.84,7122629,377207.0,441775.0,986.2,1012.2,981.3,986.2,120419250,1084.8,887.6,1102.5,649.1,1008.9,507,3,1008.7,206,2,1008.6,506,5,1008.5,906,12,1008.4,1721,18,1009.1,147,1,1009.2,92,2,1009.3,1206,16,1009.4,957,11,1009.5,2151,16
317,2025-11-26 13:30:38+05:30,1008.9,90,1000.84,7122629,377207.0,441775.0,986.2,1012.2,981.3,986.2,120419250,1084.8,887.6,1102.5,649.1,1008.9,507,3,1008.7,206,2,1008.6,506,5,1008.5,906,12,1008.4,1721,18,1009.1,147,1,1009.2,92,2,1009.3,1206,16,1009.4,957,11,1009.5,2151,16
317,2025-11-26 13:30:39+05:30,1009.1,20,1000.84,7122866,376321.0,441247.0,986.2,1012.2,981.3,986.2,120419250,1084.8,887.6,1102.5,649.1,1009.1,108,1,1008.9,417,3,1008.7,206,2,1008.6,511,6,1008.5,1057,14,1009.2,92,2,1009.3,679,14,1009.4,659,10,1009.5,2444,16,1009.6,1637,13
317,2025-11-26 13:30:39+05:30,1009.3,1,1000.84,7122866,376321.0,441247.0,986.2,1012.2,981.3,986.2,120419250,1084.8,887.6,1102.5,649.1,1009.1,108,1,1008.9,417,3,1008.7,206,2,1008.6,511,6,1008.5,1057,14,1009.2,92,2,1009.3,679,14,1009.4,659,10,1009.5,2444,16,1009.6,1637,13
317,2025-11-26 13:30:40+05:30,1009.3,2,1000.84,7123235,377944.0,438524.0,986.2,1012.2,981.3,986.2,120419250,1084.8,887.6,1102.5,649.1,1009.2,2,2,1009.1,25,1,1009.0,215,2,1008.9,524,4,1008.8,187,2,1009.3,58,5,1009.4,168,5,1009.5,1986,11,1009.6,1884,10,1009.7,726,11
317,2025-11-26 13:30:40+05:30,1009.3,2,1000.84,7123235,377944.0,438524.0,986.2,1012.2,981.3,986.2,120419250,1084.8,887.6,1102.5,649.1,1009.2,2,2,1009.1,25,1,1009.0,215,2,1008.9,524,4,1008.8,187,2,1009.3,58,5,1009.4,168,5,1009.5,1986,11,1009.6,1884,10,1009.7,726,11
317,2025-11-26 13:30:41+05:30,1009.3,1,1000.84,7123495,381271.0,438114.0,986.2,1012.2,981.3,986.2,120419250,1084.8,887.6,1102.5,649.1,1009.1,25,1,1009.0,339,3,1008.9,966,9,1008.8,822,11,1008.7,731,11,1009.4,11,2,1009.5,1527,6,1009.6,1373,5,1009.7,1203,16,1009.8,1213,10
317,2025-11-26 13:30:41+05:30,1009.5,127,1000.84,7123495,381271.0,438114.0,986.2,1012.2,981.3,986.2,120419250,1084.8,887.6,1102.5,649.1,1009.1,25,1,1009.0,339,3,1008.9,966,9,1008.8,822,11,1008.7,731,11,1009.4,11,2,1009.5,1527,6,1009.6,1373,5,1009.7,1203,16,1009.8,1213,10
317,2025-11-26 13:30:42+05:30,1009.5,128,1000.84,7124128,380960.0,436259.0,986.2,1012.2,981.3,986.2,120419250,1084.8,887.6,1102.5,649.1,1009.1,149,2,1009.0,562,7,1008.9,886,8,1008.8,1649,14,1008.7,1325,10,1009.5,889,7,1009.6,1307,4,1009.7,805,11,1009.8,952,9,1009.9,1139,18
317,2025-11-26 13:30:42+05:30,1009.5,23,1000.84,7124128,380960.0,436259.0,986.2,1012.2,981.3,986.2,120419250,1084.8,887.6,1102.5,649.1,1009.1,149,2,1009.0,562,7,1008.9,886,8,1008.8,1649,14,1008.7,1325,10,1009.5,889,7,1009.6,1307,4,1009.7,805,11,1009.8,952,9,1009.9,1139,18
317,2025-11-26 13:30:43+05:30,1009.5,128,1000.84,7124893,382486.0,433121.0,986.2,1012.2,981.3,986.2,120419250,1084.8,887.6,1102.5,649.1,1009.2,48,2,1009.1,447,6,1009.0,808,9,1008.9,1130,12,1008.8,1638,15,1009.5,106,4,1009.6,1135,4,1009.7,322,5,1009.8,1361,7,1009.9,776,14
317,2025-11-26 13:30:43+05:30,1009.5,128,1000.84,7124893,382486.0,433121.0,986.2,1012.2,981.3,986.2,120419250,1084.8,887.6,1102.5,649.1,1009.2,48,2,1009.1,447,6,1009.0,808,9,1008.9,1130,12,1008.8,1638,15,1009.5,106,4,1009.6,1135,4,1009.7,322,5,1009.8,1361,7,1009.9,776,14
317,2025-11-26 13:30:44+05:30,1009.3,3,1000.84,7124896,383649.0,434375.0,986.2,1012.2,981.3,986.2,120419250,1084.8,887.6,1102.5,649.1,1009.2,26,1,1009.1,223,3,1009.0,493,7,1008.9,882,9,1008.8,1577,13,1009.3,5,1,1009.5,216,5,1009.6,1188,6,1009.7,319,5,1009.8,1210,8
317,2025-11-26 13:30:44+05:30,1009.3,3,1000.84,7124896,383649.0,434375.0,986.2,1012.2,981.3,986.2,120419250,1084.8,887.6,1102.5,649.1,1009.2,26,1,1009.1,223,3,1009.0,493,7,1008.9,882,9,1008.8,1577,13,1009.3,5,1,1009.5,216,5,1009.6,1188,6,1009.7,319,5,1009.8,1210,8
317,2025-11-26 13:30:45+05:30,1009.2,4,1000.84,7124902,384034.0,434373.0,986.2,1012.2,981.3,986.2,120419250,1084.8,887.6,1102.5,649.1,1009.2,47,2,1009.1,292,3,1009.0,713,9,1008.9,945,10,1008.8,1577,13,1009.3,3,1,1009.5,216,5,1009.6,1188,6,1009.7,319,5,1009.8,1210,8
317,2025-11-26 13:30:45+05:30,1009.3,72,1000.84,7124902,384034.0,434373.0,986.2,1012.2,981.3,986.2,120419250,1084.8,887.6,1102.5,649.1,1009.2,47,2,1009.1,292,3,1009.0,713,9,1008.9,945,10,1008.8,1577,13,1009.3,3,1,1009.5,216,5,1009.6,1188,6,1009.7,319,5,1009.8,1210,8
317,2025-11-26 13:30:46+05:30,1009.2,1,1000.84,7124976,381165.0,436524.0,986.2,1012.2,981.3,986.2,120419250,1084.8,887.6,1102.5,649.1,1009.2,24,1,1009.0,332,3,1008.9,809,9,1008.8,980,11,1008.7,1343,19,1009.4,65,1,1009.5,617,10,1009.6,1601,11,1009.7,1008,10,1009.8,839,7
317,2025-11-26 13:30:46+05:30,1009.2,1,1000.84,7124976,381165.0,436524.0,986.2,1012.2,981.3,986.2,120419250,1084.8,887.6,1102.5,649.1,1009.2,24,1,1009.0,332,3,1008.9,809,9,1008.8,980,11,1008.7,1343,19,1009.4,65,1,1009.5,617,10,1009.6,1601,11,1009.7,1008,10,1009.8,839,7
317,2025-11-26 13:30:47+05:30,1009.2,1,1000.84,7124976,381624.0,438194.0,986.2,1012.2,981.3,986.2,120419250,1084.8,887.6,1102.5,649.1,1009.2,47,2,1009.0,358,5,1008.9,783,7,1008.8,1013,12,1008.7,2093,20,1009.4,65,1,1009.5,1598,7,1009.6,1637,11,1009.7,1606,12,1009.8,832,6
317,2025-11-26 13:30:48+05:30,1009.3,1,1000.84,7124977,383173.0,438792.0,986.2,1012.2,981.3,986.2,120419250,1084.8,887.6,1102.5,649.1,1009.2,118,4,1009.0,358,5,1008.9,925,9,1008.8,965,12,1008.7,2791,21,1009.3,4,1,1009.4,65,1,1009.5,1708,8,1009.6,557,9,1009.7,1659,13
317,2025-11-26 13:30:48+05:30,1009.3,1,1000.84,7124977,383173.0,438792.0,986.2,1012.2,981.3,986.2,120419250,1084.8,887.6,1102.5,649.1,1009.2,118,4,1009.0,358,5,1008.9,925,9,1008.8,965,12,1008.7,2791,21,1009.3,4,1,1009.4,65,1,1009.5,1708,8,1009.6,557,9,1009.7,1659,13
317,2025-11-26 13:30:49+05:30,1009.4,147,1000.84,7125128,381516.0,438575.0,986.2,1012.2,981.3,986.2,120419250,1084.8,887.6,1102.5,649.1,1009.2,95,3,1009.1,80,1,1009.0,438,6,1008.9,845,8,1008.8,1096,13,1009.5,1642,8,1009.6,691,11,1009.7,1273,10,1009.8,832,6,1009.9,958,20
317,2025-11-26 13:30:49+05:30,1009.4,147,1000.84,7125128,381516.0,438575.0,986.2,1012.2,981.3,986.2,120419250,1084.8,887.6,1102.5,649.1,1009.2,95,3,1009.1,80,1,1009.0,438,6,1008.9,845,8,1008.8,1096,13,1009.5,1642,8,1009.6,691,11,1009.7,1273,10,1009.8,832,6,1009.9,958,20
317,2025-11-26 13:30:50+05:30,1009.5,2,1000.84,7125131,381207.0,438048.0,986.2,1012.2,981.3,986.2,120419250,1084.8,887.6,1102.5,649.1,1009.2,95,3,1009.0,358,5,1008.9,845,8,1008.8,1256,15,1008.7,2711,20,1009.5,1671,9,1009.6,771,12,1009.7,1571,11,1009.8,832,6,1009.9,878,19
317,2025-11-26 13:30:50+05:30,1009.5,1,1000.84,7125131,381207.0,438048.0,986.2,1012.2,981.3,986.2,120419250,1084.8,887.6,1102.5,649.1,1009.2,95,3,1009.0,358,5,1008.9,845,8,1008.8,1256,15,1008.7,2711,20,1009.5,1671,9,1009.6,771,12,1009.7,1571,11,1009.8,832,6,1009.9,878,19
317,2025-11-26 13:30:51+05:30,1009.5,1,1000.84,7125132,381087.0,438043.0,986.2,1012.2,981.3,986.2,120419250,1084.8,887.6,1102.5,649.1,1009.2,95,3,1009.0,358,5,1008.9,845,8,1008.8,1256,15,1008.7,2711,20,1009.5,1671,10,1009.6,771,12,1009.7,1571,11,1009.8,832,6,1009.9,878,19
317,2025-11-26 13:30:52+05:30,1009.5,1,1000.84,7125132,381081.0,437860.0,986.2,1012.2,981.3,986.2,120419250,1084.8,887.6,1102.5,649.1,1009.2,95,3,1009.0,358,5,1008.9,845,8,1008.8,1290,16,1008.7,2711,20,1009.5,1671,10,1009.6,771,12,1009.7,710,9,1009.8,1648,8,1009.9,843,18
317,2025-11-26 13:30:52+05:30,1009.5,5,1000.84,7125132,381081.0,437860.0,986.2,1012.2,981.3,986.2,120419250,1084.8,887.6,1102.5,649.1,1009.2,95,3,1009.0,358,5,1008.9,845,8,1008.8,1290,16,1008.7,2711,20,1009.5,1671,10,1009.6,771,12,1009.7,710,9,1009.8,1648,8,1009.9,843,18
317,2025-11-26 13:30:53+05:30,1009.5,23,1000.84,7125164,381020.0,437807.0,986.2,1012.2,981.3,986.2,120419250,1084.8,887.6,1102.5,649.1,1009.2,95,3,1009.0,358,5,1008.9,845,8,1008.8,1229,15,1008.7,2711,20,1009.5,1405,8,1009.6,611,10,1009.7,1727,13,1009.8,832,6,1009.9,878,19
317,2025-11-26 13:30:53+05:30,1009.5,23,1000.84,7125164,381020.0,437807.0,986.2,1012.2,981.3,986.2,120419250,1084.8,887.6,1102.5,649.1,1009.2,95,3,1009.0,358,5,1008.9,845,8,1008.8,1229,15,1008.7,2711,20,1009.5,1405,8,1009.6,611,10,1009.7,1727,13,1009.8,832,6,1009.9,878,19
317,2025-11-26 13:30:54+05:30,1009.2,363,1000.84,7125564,381014.0,438217.0,986.2,1012.2,981.3,986.2,120419250,1084.8,887.6,1102.5,649.1,1009.3,112,1,1009.2,58,1,1009.0,175,4,1008.9,599,6,1008.8,552,8,1009.4,179,2,1009.5,1542,11,1009.6,668,11,1009.7,1008,10,1009.8,1399,7
317,2025-11-26 13:30:54+05:30,1009.2,363,1000.84,7125564,381014.0,438217.0,986.2,1012.2,981.3,986.2,120419250,1084.8,887.6,1102.5,649.1,1009.3,112,1,1009.2,58,1,1009.0,175,4,1008.9,599,6,1008.8,552,8,1009.4,179,2,1009.5,1542,11,1009.6,668,11,1009.7,1008,10,1009.8,1399,7
317,2025-11-26 13:30:55+05:30,1009.4,84,1000.84,7125680,381501.0,437799.0,986.2,1012.2,981.3,986.2,120419250,1084.8,887.6,1102.5,649.1,1009.3,112,1,1009.2,58,1,1009.0,175,4,1008.9,640,7,1008.8,1265,9,1009.4,31,1,1009.5,1470,10,1009.6,661,10,1009.7,1393,12,1009.8,1137,8
317,2025-11-26 13:30:55+05:30,1009.4,3,1000.84,7125680,381501.0,437799.0,986.2,1012.2,981.3,986.2,120419250,1084.8,887.6,1102.5,649.1,1009.3,112,1,1009.2,58,1,1009.0,175,4,1008.9,640,7,1008.8,1265,9,1009.4,31,1,1009.5,1470,10,1009.6,661,10,1009.7,1393,12,1009.8,1137,8
317,2025-11-26 13:30:56+05:30,1009.4,3,1000.84,7125683,381501.0,437290.0,986.2,1012.2,981.3,986.2,120419250,1084.8,887.6,1102.5,649.1,1009.3,112,1,1009.2,58,1,1009.0,175,4,1008.9,640,7,1008.8,1265,9,1009.4,28,1,1009.5,1520,11,1009.6,733,11,1009.7,1321,11,1009.8,1137,8
317,2025-11-26 13:30:57+05:30,1009.3,60,1000.84,7125743,383175.0,436641.0,986.2,1012.2,981.3,986.2,120419250,1084.8,887.6,1102.5,649.1,1009.3,52,1,1009.2,58,1,1009.0,270,6,1008.9,743,8,1008.8,2864,13,1009.4,28,1,1009.5,1449,10,1009.6,555,8,1009.7,757,9,1009.8,1402,9
317,2025-11-26 13:30:57+05:30,1009.4,1,1000.84,7125743,383175.0,436641.0,986.2,1012.2,981.3,986.2,120419250,1084.8,887.6,1102.5,649.1,1009.3,52,1,1009.2,58,1,1009.0,270,6,1008.9,743,8,1008.8,2864,13,1009.4,28,1,1009.5,1449,10,1009.6,555,8,1009.7,757,9,1009.8,1402,9
317,2025-11-26 13:30:58+05:30,1009.2,98,1000.84,7125894,383539.0,436631.0,986.2,1012.2,981.3,986.2,120419250,1084.8,887.6,1102.5,649.1,1009.2,58,1,1009.0,715,11,1008.9,1071,11,1008.8,2817,12,1008.7,3141,18,1009.4,30,2,1009.5,1450,11,1009.6,429,6,1009.7,714,10,1009.8,1508,9
317,2025-11-26 13:30:58+05:30,1009.2,98,1000.84,7125894,383539.0,436631.0,986.2,1012.2,981.3,986.2,120419250,1084.8,887.6,1102.5,649.1,1009.2,58,1,1009.0,715,11,1008.9,1071,11,1008.8,2817,12,1008.7,3141,18,1009.4,30,2,1009.5,1450,11,1009.6,429,6,1009.7,714,10,1009.8,1508,9
317,2025-11-26 13:30:59+05:30,1009.4,1,1000.84,7125895,383526.0,436546.0,986.2,1012.2,981.3,986.2,120419250,1084.8,887.6,1102.5,649.1,1009.2,58,1,1009.0,635,10,1008.9,1017,9,1008.8,2817,12,1008.7,3879,18,1009.4,29,2,1009.5,1450,11,1009.6,450,7,1009.7,692,9,1009.8,1425,9
317,2025-11-26 13:30:59+05:30,1009.4,1,1000.84,7125895,383526.0,436546.0,986.2,1012.2,981.3,986.2,120419250,1084.8,887.6,1102.5,649.1,1009.2,58,1,1009.0,635,10,1008.9,1017,9,1008.8,2817,12,1008.7,3879,18,1009.4,29,2,1009.5,1450,11,1009.6,450,7,1009.7,692,9,1009.8,1425,9
317,2025-11-26 13:31:00+05:30,1009.2,8,1000.84,7125904,383574.0,436647.0,986.2,1012.2,981.3,986.2,120419250,1084.8,887.6,1102.5,649.1,1009.2,50,1,1009.0,635,10,1008.9,1017,9,1008.8,2817,12,1008.7,3935,19,1009.4,28,2,1009.5,1550,12,1009.6,450,7,1009.7,692,9,1009.8,1425,9
317,2025-11-26 13:31:00+05:30,1009.4,1,1000.84,7125904,383574.0,436647.0,986.2,1012.2,981.3,986.2,120419250,1084.8,887.6,1102.5,649.1,1009.2,50,1,1009.0,635,10,1008.9,1017,9,1008.8,2817,12,1008.7,3935,19,1009.4,28,2,1009.5,1550,12,1009.6,450,7,1009.7,692,9,1009.8,1425,9
317,2025-11-26 13:31:01+05:30,1009.4,1,1000.84,7125905,383570.0,436646.0,986.2,1012.2,981.3,986.2,120419250,1084.8,887.6,1102.5,649.1,1009.2,51,2,1009.0,630,10,1008.9,1017,9,1008.8,2817,12,1008.7,3935,19,1009.4,27,2,1009.5,1550,12,1009.6,450,7,1009.7,692,9,1009.8,1425,9
317,2025-11-26 13:31:02+05:30,1009.5,4,1000.84,7126295,382848.0,435851.0,986.2,1012.2,981.3,986.2,120419250,1084.8,887.6,1102.5,649.1,1009.2,264,6,1009.1,550,6,1009.0,570,9,1008.9,1152,12,1008.8,2891,13,1009.5,1093,10,1009.6,112,3,1009.7,507,6,1009.8,803,6,1009.9,1483,21
317,2025-11-26 13:31:02+05:30,1009.5,128,1000.84,7126295,382848.0,435851.0,986.2,1012.2,981.3,986.2,120419250,1084.8,887.6,1102.5,649.1,1009.2,264,6,1009.1,550,6,1009.0,570,9,1008.9,1152,12,1008.8,2891,13,1009.5,1093,10,1009.6,112,3,1009.7,507,6,1009.8,803,6,1009.9,1483,21
317,2025-11-26 13:31:03+05:30,1009.5,127,1000.84,7126957,382634.0,434852.0,986.2,1012.2,981.3,986.2,120419250,1084.8,887.6,1102.5,649.1,1009.2,676,12,1009.1,610,6,1009.0,570,9,1008.9,1152,12,1008.8,2926,13,1009.5,431,9,1009.6,107,2,1009.7,110,2,1009.8,771,3,1009.9,1164,21
317,2025-11-26 13:31:03+05:30,1009.5,127,1000.84,7126957,382634.0,434852.0,986.2,1012.2,981.3,986.2,120419250,1084.8,887.6,1102.5,649.1,1009.2,676,12,1009.1,610,6,1009.0,570,9,1008.9,1152,12,1008.8,2926,13,1009.5,431,9,1009.6,107,2,1009.7,110,2,1009.8,771,3,1009.9,1164,21
317,2025-11-26 13:31:04+05:30,1009.5,15,1000.84,7128462,383488.0,433565.0,986.2,1012.2,981.3,986.2,120419250,1084.8,887.6,1102.5,649.1,1009.5,34,1,1009.3,465,5,1009.2,762,13,1009.1,667,5,1009.0,639,9,1009.6,1,1,1009.7,1,1,1009.8,621,2,1009.9,400,10,1010.0,6647,86
317,2025-11-26 13:31:04+05:30,1009.5,15,1000.84,7128462,383488.0,433565.0,986.2,1012.2,981.3,986.2,120419250,1084.8,887.6,1102.5,649.1,1009.5,34,1,1009.3,465,5,1009.2,762,13,1009.1,667,5,1009.0,639,9,1009.6,1,1,1009.7,1,1,1009.8,621,2,1009.9,400,10,1010.0,6647,86
317,2025-11-26 13:31:05+05:30,1009.6,128,1000.84,7128747,382309.0,432847.0,986.2,1012.2,981.3,986.2,120419250,1084.8,887.6,1102.5,649.1,1009.5,14,2,1009.3,301,2,1009.2,432,8,1009.1,767,8,1009.0,801,11,1009.6,19,1,1009.8,508,1,1009.9,683,15,1010.0,6230,80,1010.1,698,13
317,2025-11-26 13:31:05+05:30,1009.9,1,1000.84,7128747,382309.0,432847.0,986.2,1012.2,981.3,986.2,120419250,1084.8,887.6,1102.5,649.1,1009.5,14,2,1009.3,301,2,1009.2,432,8,1009.1,767,8,1009.0,801,11,1009.6,19,1,1009.8,508,1,1009.9,683,15,1010.0,6230,80,1010.1,698,13
317,2025-11-26 13:31:06+05:30,1009.8,65,1000.84,7129772,380772.0,432310.0,986.2,1012.2,981.3,986.2,120419250,1084.8,887.6,1102.5,649.1,1009.5,13,1,1009.4,17,1,1009.2,571,8,1009.1,647,9,1009.0,760,10,1009.8,355,6,1009.9,1172,13,1010.0,6008,81,1010.1,632,9,1010.2,1878,17
317,2025-11-26 13:31:06+05:30,1009.8,65,1000.84,7129772,380772.0,432310.0,986.2,1012.2,981.3,986.2,120419250,1084.8,887.6,1102.5,649.1,1009.5,13,1,1009.4,17,1,1009.2,571,8,1009.1,647,9,1009.0,760,10,1009.8,355,6,1009.9,1172,13,1010.0,6008,81,1010.1,632,9,1010.2,1878,17
317,2025-11-26 13:31:07+05:30,1009.9,8,1000.85,7130373,383208.0,429799.0,986.2,1012.2,981.3,986.2,120419250,1084.8,887.6,1102.5,649.1,1009.6,89,2,1009.5,292,3,1009.4,452,5,1009.3,708,7,1009.2,1131,21,1009.9,42,3,1010.0,5828,79,1010.1,207,4,1010.2,1289,14,1010.3,914,11
317,2025-11-26 13:31:07+05:30,1009.9,8,1000.85,7130373,383208.0,429799.0,986.2,1012.2,981.3,986.2,120419250,1084.8,887.6,1102.5,649.1,1009.6,89,2,1009.5,292,3,1009.4,452,5,1009.3,708,7,1009.2,1131,21,1009.9,42,3,1010.0,5828,79,1010.1,207,4,1010.2,1289,14,1010.3,914,11
317,2025-11-26 13:31:08+05:30,1009.9,1,1000.85,7130373,383208.0,429799.0,986.2,1012.2,981.3,986.2,120419250,1084.8,887.6,1102.5,649.1,1009.6,89,2,1009.5,292,3,1009.4,452,5,1009.3,708,7,1009.2,1131,21,1009.9,42,3,1010.0,5828,79,1010.1,207,4,1010.2,1289,14,1010.3,914,11
317,2025-11-26 13:31:09+05:30,1009.9,1,1000.85,7130374,383031.0,430698.0,986.2,1012.2,981.3,986.2,120419250,1084.8,887.6,1102.5,649.1,1009.6,89,2,1009.5,414,4,1009.4,452,5,1009.3,708,7,1009.2,1131,21,1009.9,135,4,1010.0,6098,83,1010.1,627,6,1010.2,991,13,1010.3,914,11
317,2025-11-26 13:31:09+05:30,1010.0,44,1000.85,7130374,383031.0,430698.0,986.2,1012.2,981.3,986.2,120419250,1084.8,887.6,1102.5,649.1,1009.6,89,2,1009.5,414,4,1009.4,452,5,1009.3,708,7,1009.2,1131,21,1009.9,135,4,1010.0,6098,83,1010.1,627,6,1010.2,991,13,1010.3,914,11
317,2025-11-26 13:31:10+05:30,1010.0,44,1000.85,7130885,381185.0,430820.0,986.2,1012.2,981.3,986.2,120419250,1084.8,887.6,1102.5,649.1,1009.6,100,2,1009.4,358,4,1009.3,459,6,1009.2,1009,21,1009.1,954,11,1010.0,5768,77,1010.1,908,11,1010.2,686,12,1010.3,687,12,1010.4,1135,14
317,2025-11-26 13:31:10+05:30,1010.0,2,1000.85,7130885,381185.0,430820.0,986.2,1012.2,981.3,986.2,120419250,1084.8,887.6,1102.5,649.1,1009.6,100,2,1009.4,358,4,1009.3,459,6,1009.2,1009,21,1009.1,954,11,1010.0,5768,77,1010.1,908,11,1010.2,686,12,1010.3,687,12,1010.4,1135,14
317,2025-11-26 13:31:11+05:30,1010.0,2,1000.85,7130888,380963.0,430744.0,986.2,1012.2,981.3,986.2,120419250,1084.8,887.6,1102.5,649.1,1009.6,100,2,1009.4,359,5,1009.3,459,6,1009.2,1009,21,1009.1,954,11,1010.0,5771,78,1010.1,908,11,1010.2,686,12,1010.3,687,12,1010.4,1135,14
317,2025-11-26 13:31:11+05:30,1010.0,2,1000.85,7130888,380963.0,430744.0,986.2,1012.2,981.3,986.2,120419250,1084.8,887.6,1102.5,649.1,1009.6,100,2,1009.4,359,5,1009.3,459,6,1009.2,1009,21,1009.1,954,11,1010.0,5771,78,1010.1,908,11,1010.2,686,12,1010.3,687,12,1010.4,1135,14
317,2025-11-26 13:31:12+05:30,1010.0,4,1000.85,7131147,382042.0,430524.0,986.2,1012.2,981.3,986.2,120419250,1084.8,887.6,1102.5,649.1,1009.6,160,3,1009.5,367,3,1009.4,446,6,1009.3,459,6,1009.2,1697,22,1010.0,5245,73,1010.1,961,11,1010.2,693,13,1010.3,687,12,1010.4,1135,14
317,2025-11-26 13:31:12+05:30,1010.0,6,1000.85,7131147,382042.0,430524.0,986.2,1012.2,981.3,986.2,120419250,1084.8,887.6,1102.5,649.1,1009.6,160,3,1009.5,367,3,1009.4,446,6,1009.3,459,6,1009.2,1697,22,1010.0,5245,73,1010.1,961,11,1010.2,693,13,1010.3,687,12,1010.4,1135,14
317,2025-11-26 13:31:13+05:30,1010.0,6,1000.85,7131447,382755.0,429550.0,986.2,1012.2,981.3,986.2,120419250,1084.8,887.6,1102.5,649.1,1009.6,189,3,1009.5,367,3,1009.4,532,9,1009.3,732,7,1009.2,1647,22,1010.0,4970,67,1010.1,272,7,1010.2,678,11,1010.3,659,11,1010.4,1076,13
317,2025-11-26 13:31:14+05:30,1009.7,78,1000.85,7131525,383099.0,429394.0,986.2,1012.2,981.3,986.2,120419250,1084.8,887.6,1102.5,649.1,1009.6,189,3,1009.5,427,4,1009.4,532,9,1009.3,751,7,1009.2,1573,20,1010.0,4997,68,1010.1,441,9,1010.2,373,9,1010.3,894,11,1010.4,1208,14
317,2025-11-26 13:31:14+05:30,1010.0,3,1000.85,7131525,383099.0,429394.0,986.2,1012.2,981.3,986.2,120419250,1084.8,887.6,1102.5,649.1,1009.6,189,3,1009.5,427,4,1009.4,532,9,1009.3,751,7,1009.2,1573,20,1010.0,4997,68,1010.1,441,9,1010.2,373,9,1010.3,894,11,1010.4,1208,14
317,2025-11-26 13:31:15+05:30,1010.0,3,1000.85,7131528,383669.0,430242.0,986.2,1012.2,981.3,986.2,120419250,1084.8,887.6,1102.5,649.1,1009.7,112,1,1009.6,189,3,1009.5,367,3,1009.4,532,9,1009.3,835,9,1010.0,4995,69,1010.1,387,9,1010.2,798,12,1010.3,596,10,1010.4,1155,14
317,2025-11-26 13:31:15+05:30,1010.0,1,1000.85,7131528,383669.0,430242.0,986.2,1012.2,981.3,986.2,120419250,1084.8,887.6,1102.5,649.1,1009.7,112,1,1009.6,189,3,1009.5,367,3,1009.4,532,9,1009.3,835,9,1010.0,4995,69,1010.1,387,9,1010.2,798,12,1010.3,596,10,1010.4,1155,14
317,2025-11-26 13:31:16+05:30,1010.0,1,1000.85,7131531,383454.0,430476.0,986.2,1012.2,981.3,986.2,120419250,1084.8,887.6,1102.5,649.1,1009.7,132,2,1009.6,189,3,1009.5,367,3,1009.4,575,9,1009.3,896,10,1010.0,4939,68,1010.1,374,8,1010.2,1065,15,1010.3,596,10,1010.4,1148,13
317,2025-11-26 13:31:16+05:30,1010.0,1,1000.85,7131531,383454.0,430476.0,986.2,1012.2,981.3,986.2,120419250,1084.8,887.6,1102.5,649.1,1009.7,132,2,1009.6,189,3,1009.5,367,3,1009.4,575,9,1009.3,896,10,1010.0,4939,68,1010.1,374,8,1010.2,1065,15,1010.3,596,10,1010.4,1148,13
317,2025-11-26 13:31:17+05:30,1009.7,60,1000.85,7131592,384749.0,430450.0,986.2,1012.2,981.3,986.2,120419250,1084.8,887.6,1102.5,649.1,1009.7,85,3,1009.6,176,2,1009.5,393,5,1009.4,549,7,1009.3,896,10,1010.0,4793,67,1010.1,419,9,1010.2,1065,15,1010.3,596,10,1010.4,1148,13
317,2025-11-26 13:31:17+05:30,1010.0,128,1000.85,7131592,384749.0,430450.0,986.2,1012.2,981.3,986.2,120419250,1084.8,887.6,1102.5,649.1,1009.7,85,3,1009.6,176,2,1009.5,393,5,1009.4,549,7,1009.3,896,10,1010.0,4793,67,1010.1,419,9,1010.2,1065,15,1010.3,596,10,1010.4,1148,13
317,2025-11-26 13:31:18+05:30,1010.0,128,1000.85,7131848,384908.0,430191.0,986.2,1012.2,981.3,986.2,120419250,1084.8,887.6,1102.5,649.1,1009.7,85,3,1009.6,76,1,1009.5,367,3,1009.4,686,13,1009.3,896,10,1009.9,231,1,1010.0,4484,64,1010.1,402,8,1010.2,869,13,1010.3,673,11
317,2025-11-26 13:31:18+05:30,1010.0,24,1000.85,7131848,384908.0,430191.0,986.2,1012.2,981.3,986.2,120419250,1084.8,887.6,1102.5,649.1,1009.7,85,3,1009.6,76,1,1009.5,367,3,1009.4,686,13,1009.3,896,10,1009.9,231,1,1010.0,4484,64,1010.1,402,8,1010.2,869,13,1010.3,673,11
317,2025-11-26 13:31:19+05:30,1010.0,24,1000.85,7132103,384089.0,430241.0,986.2,1012.2,981.3,986.2,120419250,1084.8,887.6,1102.5,649.1,1009.7,98,4,1009.6,198,2,1009.5,427,4,1009.4,788,17,1009.3,956,11,1010.0,4466,65,1010.1,220,6,1010.2,1076,15,1010.3,673,11,1010.4,1221,15
317,2025-11-26 13:31:20+05:30,1010.0,2,1000.85,7132109,383812.0,431657.0,986.2,1012.2,981.3,986.2,120419250,1084.8,887.6,1102.5,649.1,1009.7,94,4,1009.6,198,2,1009.5,367,3,1009.4,788,17,1009.3,956,11,1010.0,4563,68,1010.1,441,9,1010.2,1076,15,1010.3,673,11,1010.4,1221,15
317,2025-11-26 13:31:20+05:30,1010.0,1,1000.85,7132109,383812.0,431657.0,986.2,1012.2,981.3,986.2,120419250,1084.8,887.6,1102.5,649.1,1009.7,94,4,1009.6,198,2,1009.5,367,3,1009.4,788,17,1009.3,956,11,1010.0,4563,68,1010.1,441,9,1010.2,1076,15,1010.3,673,11,1010.4,1221,15
317,2025-11-26 13:31:21+05:30,1010.0,1,1000.85,7132110,383561.0,431670.0,986.2,1012.2,981.3,986.2,120419250,1084.8,887.6,1102.5,649.1,1009.7,94,4,1009.6,198,2,1009.5,275,2,1009.4,635,16,1009.3,896,10,1010.0,4671,71,1010.1,481,10,1010.2,1016,14,1010.3,673,11,1010.4,1221,15
317,2025-11-26 13:31:22+05:30,1010.0,1,1000.85,7132110,384571.0,431753.0,986.2,1012.2,981.3,986.2,120419250,1084.8,887.6,1102.5,649.1,1009.7,94,4,1009.6,198,2,1009.5,338,5,1009.4,464,12,1009.3,929,11,1010.0,4669,71,1010.1,536,11,1010.2,937,9,1010.3,752,16,1010.4,1208,14
317,2025-11-26 13:31:22+05:30,1010.0,4,1000.85,7132110,384571.0,431753.0,986.2,1012.2,981.3,986.2,120419250,1084.8,887.6,1102.5,649.1,1009.7,94,4,1009.6,198,2,1009.5,338,5,1009.4,464,12,1009.3,929,11,1010.0,4669,71,1010.1,536,11,1010.2,937,9,1010.3,752,16,1010.4,1208,14
317,2025-11-26 13:31:23+05:30,1010.0,23,1000.85,7132141,384599.0,431626.0,986.2,1012.2,981.3,986.2,120419250,1084.8,887.6,1102.5,649.1,1009.7,94,4,1009.6,198,2,1009.5,338,5,1009.4,464,12,1009.3,929,11,1010.0,4540,70,1010.1,403,8,1010.2,1047,11,1010.3,752,16,1010.4,1221,15
317,2025-11-26 13:31:23+05:30,1010.0,23,1000.85,7132141,384599.0,431626.0,986.2,1012.2,981.3,986.2,120419250,1084.8,887.6,1102.5,649.1,1009.7,94,4,1009.6,198,2,1009.5,338,5,1009.4,464,12,1009.3,929,11,1010.0,4540,70,1010.1,403,8,1010.2,1047,11,1010.3,752,16,1010.4,1221,15
317,2025-11-26 13:31:24+05:30,1010.0,23,1000.85,7132141,384577.0,431670.0,986.2,1012.2,981.3,986.2,120419250,1084.8,887.6,1102.5,649.1,1009.7,94,4,1009.6,198,2,1009.5,344,6,1009.4,464,12,1009.3,929,11,1010.0,4561,72,1010.1,534,11,1010.2,1482,10,1010.3,752,16,1010.4,1221,15
317,2025-11-26 13:31:25+05:30,1009.9,1,1000.85,7132169,385174.0,431217.0,986.2,1012.2,981.3,986.2,120419250,1084.8,887.6,1102.5,649.1,1009.7,94,4,1009.6,198,2,1009.5,344,6,1009.4,464,12,1009.3,819,9,1009.9,122,1,1010.0,4592,72,1010.1,513,10,1010.2,937,9,1010.3,752,16
317,2025-11-26 13:31:25+05:30,1009.9,2,1000.85,7132169,385174.0,431217.0,986.2,1012.2,981.3,986.2,120419250,1084.8,887.6,1102.5,649.1,1009.7,94,4,1009.6,198,2,1009.5,344,6,1009.4,464,12,1009.3,819,9,1009.9,122,1,1010.0,4592,72,1010.1,513,10,1010.2,937,9,1010.3,752,16
317,2025-11-26 13:31:26+05:30,1010.0,128,1000.85,7133194,384919.0,430146.0,986.2,1012.2,981.3,986.2,120419250,1084.8,887.6,1102.5,649.1,1009.7,94,4,1009.6,518,6,1009.5,609,9,1009.4,693,14,1009.3,759,8,1010.0,3697,53,1010.1,313,6,1010.2,1376,9,1010.3,675,15,1010.4,1083,12
317,2025-11-26 13:31:26+05:30,1010.0,128,1000.85,7133194,384919.0,430146.0,986.2,1012.2,981.3,986.2,120419250,1084.8,887.6,1102.5,649.1,1009.7,94,4,1009.6,518,6,1009.5,609,9,1009.4,693,14,1009.3,759,8,1010.0,3697,53,1010.1,313,6,1010.2,1376,9,1010.3,675,15,1010.4,1083,12
317,2025-11-26 13:31:27+05:30,1009.7,1,1000.85,7133322,384930.0,430071.0,986.2,1012.2,981.3,986.2,120419250,1084.8,887.6,1102.5,649.1,1009.7,93,4,1009.6,405,4,1009.5,664,10,1009.4,693,14,1009.3,759,8,1010.0,3591,54,1010.1,313,6,1010.2,1376,9,1010.3,675,15,1010.4,1083,12
317,2025-11-26 13:31:27+05:30,1010.0,213,1000.85,7133322,384930.0,430071.0,986.2,1012.2,981.3,986.2,120419250,1084.8,887.6,1102.5,649.1,1009.7,93,4,1009.6,405,4,1009.5,664,10,1009.4,693,14,1009.3,759,8,1010.0,3591,54,1010.1,313,6,1010.2,1376,9,1010.3,675,15,1010.4,1083,12
317,2025-11-26 13:31:28+05:30,1010.0,128,1000.85,7133322,384930.0,430071.0,986.2,1012.2,981.3,986.2,120419250,1084.8,887.6,1102.5,649.1,1009.7,141,5,1009.6,521,6,1009.5,675,13,1009.4,742,11,1009.3,669,8,1010.0,1955,50,1010.1,160,5,1010.2,891,6,1010.3,1050,17,1010.4,997,11
317,2025-11-26 13:31:28+05:30,1010.0,128,1000.85,7134977,384388.0,427942.0,986.2,1012.2,981.3,986.2,120419250,1084.8,887.6,1102.5,649.1,1009.7,141,5,1009.6,521,6,1009.5,675,13,1009.4,742,11,1009.3,669,8,1010.0,1955,50,1010.1,160,5,1010.2,891,6,1010.3,1050,17,1010.4,997,11
317,2025-11-26 13:31:29+05:30,1010.0,127,1000.85,7134977,384388.0,427942.0,986.2,1012.2,981.3,986.2,120419250,1084.8,887.6,1102.5,649.1,1009.7,141,5,1009.6,521,6,1009.5,675,13,1009.4,742,11,1009.3,669,8,1010.0,1955,50,1010.1,160,5,1010.2,891,6,1010.3,1050,17,1010.4,997,11
317,2025-11-26 13:31:30+05:30,1010.0,128,1000.85,7136371,385597.0,427333.0,986.2,1012.2,981.3,986.2,120419250,1084.8,887.6,1102.5,649.1,1009.7,233,6,1009.6,642,6,1009.5,840,16,1009.4,742,11,1009.3,783,9,1010.0,566,46,1010.1,160,5,1010.2,866,6,1010.3,752,16,1010.4,1302,13
317,2025-11-26 13:31:30+05:30,1010.0,1,1000.85,7136371,385597.0,427333.0,986.2,1012.2,981.3,986.2,120419250,1084.8,887.6,1102.5,649.1,1009.7,233,6,1009.6,642,6,1009.5,840,16,1009.4,742,11,1009.3,783,9,1010.0,566,46,1010.1,160,5,1010.2,866,6,1010.3,752,16,1010.4,1302,13
317,2025-11-26 13:31:31+05:30,1010.0,27,1000.85,7137342,385083.0,426547.0,986.2,1012.2,981.3,986.2,120419250,1084.8,887.6,1102.5,649.1,1009.7,178,6,1009.6,282,3,1009.5,643,13,1009.4,718,11,1009.3,722,8,1010.0,396,31,1010.1,160,5,1010.2,997,8,1010.3,972,16,1010.4,997,11
317,2025-11-26 13:31:31+05:30,1010.0,2,1000.85,7137342,385083.0,426547.0,986.2,1012.2,981.3,986.2,120419250,1084.8,887.6,1102.5,649.1,1009.7,178,6,1009.6,282,3,1009.5,643,13,1009.4,718,11,1009.3,722,8,1010.0,396,31,1010.1,160,5,1010.2,997,8,1010.3,972,16,1010.4,997,11
317,2025-11-26 13:31:32+05:30,1010.0,1,1000.86,7138911,384866.0,427006.0,986.2,1012.2,981.3,986.2,120419250,1084.8,887.6,1102.5,649.1,1009.7,20,1,1009.6,198,2,1009.5,498,6,1009.4,716,10,1009.3,989,12,1010.0,367,27,1010.1,639,11,1010.2,1182,11,1010.3,835,14,1010.4,978,12
317,2025-11-26 13:31:32+05:30,1010.0,10,1000.86,7138911,384866.0,427006.0,986.2,1012.2,981.3,986.2,120419250,1084.8,887.6,1102.5,649.1,1009.7,20,1,1009.6,198,2,1009.5,498,6,1009.4,716,10,1009.3,989,12,1010.0,367,27,1010.1,639,11,1010.2,1182,11,1010.3,835,14,1010.4,978,12
317,2025-11-26 13:31:33+05:30,1010.0,4,1000.86,7140203,385338.0,426147.0,986.2,1012.2,981.3,986.2,120419250,1084.8,887.6,1102.5,649.1,1009.7,157,4,1009.6,553,6,1009.5,688,12,1009.4,785,13,1009.3,822,11,1010.0,65,7,1010.1,153,6,1010.2,899,8,1010.3,760,14,1010.4,1316,13
317,2025-11-26 13:31:33+05:30,1010.2,5,1000.86,7140203,385338.0,426147.0,986.2,1012.2,981.3,986.2,120419250,1084.8,887.6,1102.5,649.1,1009.7,157,4,1009.6,553,6,1009.5,688,12,1009.4,785,13,1009.3,822,11,1010.0,65,7,1010.1,153,6,1010.2,899,8,1010.3,760,14,1010.4,1316,13
317,2025-11-26 13:31:34+05:30,1010.1,31,1000.86,7141631,384084.0,425741.0,986.2,1012.2,981.3,986.2,120419250,1084.8,887.6,1102.5,649.1,1009.7,156,4,1009.6,435,7,1009.5,528,8,1009.4,827,13,1009.3,882,12,1010.1,207,3,1010.2,576,7,1010.3,862,16,1010.4,551,9,1010.5,1200,18
317,2025-11-26 13:31:34+05:30,1010.2,117,1000.86,7141631,384084.0,425741.0,986.2,1012.2,981.3,986.2,120419250,1084.8,887.6,1102.5,649.1,1009.7,156,4,1009.6,435,7,1009.5,528,8,1009.4,827,13,1009.3,882,12,1010.1,207,3,1010.2,576,7,1010.3,862,16,1010.4,551,9,1010.5,1200,18
317,2025-11-26 13:31:35+05:30,1010.2,109,1000.86,7142769,385811.0,425507.0,986.2,1012.2,981.3,986.2,120419250,1084.8,887.6,1102.5,649.1,1010.1,3,3,1009.8,215,2,1009.7,557,8,1009.6,1305,8,1009.5,838,12,1010.2,21,1,1010.3,164,6,1010.4,492,9,1010.5,1246,17,1010.6,898,20
317,2025-11-26 13:31:35+05:30,1010.2,1,1000.86,7142769,385811.0,425507.0,986.2,1012.2,981.3,986.2,120419250,1084.8,887.6,1102.5,649.1,1010.1,3,3,1009.8,215,2,1009.7,557,8,1009.6,1305,8,1009.5,838,12,1010.2,21,1,1010.3,164,6,1010.4,492,9,1010.5,1246,17,1010.6,898,20
317,2025-11-26 13:31:36+05:30,1010.2,44,1000.86,7143273,385113.0,425723.0,986.2,1012.2,981.3,986.2,120419250,1084.8,887.6,1102.5,649.1,1010.1,1,1,1009.8,202,1,1009.7,553,9,1009.6,537,5,1009.5,891,12,1010.3,312,8,1010.4,759,11,1010.5,905,15,1010.6,897,19,1010.7,1783,14
317,2025-11-26 13:31:36+05:30,1010.3,35,1000.86,7143273,385113.0,425723.0,986.2,1012.2,981.3,986.2,120419250,1084.8,887.6,1102.5,649.1,1010.1,1,1,1009.8,202,1,1009.7,553,9,1009.6,537,5,1009.5,891,12,1010.3,312,8,1010.4,759,11,1010.5,905,15,1010.6,897,19,1010.7,1783,14
317,2025-11-26 13:31:37+05:30,1010.3,35,1000.86,7143423,384901.0,425838.0,986.2,1012.2,981.3,986.2,120419250,1084.8,887.6,1102.5,649.1,1010.1,18,3,1009.8,202,1,1009.7,524,7,1009.6,537,5,1009.5,891,12,1010.3,279,7,1010.4,760,12,1010.5,1265,18,1010.6,897,19,1010.7,1791,15
317,2025-11-26 13:31:37+05:30,1010.2,3,1000.86,7143423,384901.0,425838.0,986.2,1012.2,981.3,986.2,120419250,1084.8,887.6,1102.5,649.1,1010.1,18,3,1009.8,202,1,1009.7,524,7,1009.6,537,5,1009.5,891,12,1010.3,279,7,1010.4,760,12,1010.5,1265,18,1010.6,897,19,1010.7,1791,15
317,2025-11-26 13:31:38+05:30,1010.3,5,1000.86,7143556,386474.0,426181.0,986.2,1012.2,981.3,986.2,120419250,1084.8,887.6,1102.5,649.1,1010.1,27,3,1009.8,329,2,1009.7,524,7,1009.6,1334,8,1009.5,955,13,1010.3,187,6,1010.4,1169,10,1010.5,816,15,1010.6,885,19,1010.7,1931,17
317,2025-11-26 13:31:38+05:30,1010.3,5,1000.86,7143556,386474.0,426181.0,986.2,1012.2,981.3,986.2,120419250,1084.8,887.6,1102.5,649.1,1010.1,27,3,1009.8,329,2,1009.7,524,7,1009.6,1334,8,1009.5,955,13,1010.3,187,6,1010.4,1169,10,1010.5,816,15,1010.6,885,19,1010.7,1931,17
317,2025-11-26 13:31:39+05:30,1010.3,5,1000.86,7143556,386425.0,426249.0,986.2,1012.2,981.3,986.2,120419250,1084.8,887.6,1102.5,649.1,1010.1,27,3,1009.8,329,2,1009.7,498,5,1009.6,1527,11,1009.5,925,11,1010.3,225,6,1010.4,1413,13,1010.5,1267,17,1010.6,799,13,1010.7,1654,19
317,2025-11-26 13:31:40+05:30,1010.3,1,1000.86,7143557,385882.0,426258.0,986.2,1012.2,981.3,986.2,120419250,1084.8,887.6,1102.5,649.1,1010.1,27,3,1009.8,451,3,1009.7,575,10,1009.6,1527,11,1009.5,925,11,1010.3,175,5,1010.4,1463,14,1010.5,1267,17,1010.6,799,13,1010.7,1663,20
317,2025-11-26 13:31:40+05:30,1010.3,2,1000.86,7143557,385882.0,426258.0,986.2,1012.2,981.3,986.2,120419250,1084.8,887.6,1102.5,649.1,1010.1,27,3,1009.8,451,3,1009.7,575,10,1009.6,1527,11,1009.5,925,11,1010.3,175,5,1010.4,1463,14,1010.5,1267,17,1010.6,799,13,1010.7,1663,20
317,2025-11-26 13:31:41+05:30,1010.3,2,1000.86,7143559,385990.0,426256.0,986.2,1012.2,981.3,986.2,120419250,1084.8,887.6,1102.5,649.1,1010.1,27,3,1009.8,451,3,1009.7,603,12,1009.6,1527,11,1009.5,925,11,1010.3,173,5,1010.4,1463,14,1010.5,1267,17,1010.6,799,13,1010.7,1663,20
317,2025-11-26 13:31:42+05:30,1010.3,2,1000.86,7143559,386747.0,426130.0,986.2,1012.2,981.3,986.2,120419250,1084.8,887.6,1102.5,649.1,1010.1,27,3,1009.8,477,5,1009.7,620,11,1009.6,1527,11,1009.5,935,12,1010.3,120,4,1010.4,1302,11,1010.5,1019,17,1010.6,1147,15,1010.7,1663,20
317,2025-11-26 13:31:42+05:30,1010.3,5,1000.86,7143559,386747.0,426130.0,986.2,1012.2,981.3,986.2,120419250,1084.8,887.6,1102.5,649.1,1010.1,27,3,1009.8,477,5,1009.7,620,11,1009.6,1527,11,1009.5,935,12,1010.3,120,4,1010.4,1302,11,1010.5,1019,17,1010.6,1147,15,1010.7,1663,20
317,2025-11-26 13:31:43+05:30,1010.1,52,1000.86,7143670,386847.0,426177.0,986.2,1012.2,981.3,986.2,120419250,1084.8,887.6,1102.5,649.1,1010.1,16,1,1009.9,26,2,1009.8,515,7,1009.7,556,7,1009.6,1611,12,1010.3,90,3,1010.4,1402,13,1010.5,969,16,1010.6,1097,14,1010.7,1663,20
317,2025-11-26 13:31:43+05:30,1010.1,52,1000.86,7143670,386847.0,426177.0,986.2,1012.2,981.3,986.2,120419250,1084.8,887.6,1102.5,649.1,1010.1,16,1,1009.9,26,2,1009.8,515,7,1009.7,556,7,1009.6,1611,12,1010.3,90,3,1010.4,1402,13,1010.5,969,16,1010.6,1097,14,1010.7,1663,20
317,2025-11-26 13:31:44+05:30,1010.2,16,1000.86,7143689,387371.0,425829.0,986.2,1012.2,981.3,986.2,120419250,1084.8,887.6,1102.5,649.1,1010.2,280,1,1010.1,18,2,1009.9,238,4,1009.8,464,7,1009.7,643,11,1010.3,287,4,1010.4,1126,10,1010.5,688,14,1010.6,1094,14,1010.7,1654,19
317,2025-11-26 13:31:44+05:30,1010.2,16,1000.86,7143689,387371.0,425829.0,986.2,1012.2,981.3,986.2,120419250,1084.8,887.6,1102.5,649.1,1010.2,280,1,1010.1,18,2,1009.9,238,4,1009.8,464,7,1009.7,643,11,1010.3,287,4,1010.4,1126,10,1010.5,688,14,1010.6,1094,14,1010.7,1654,19
317,2025-11-26 13:31:45+05:30,1010.2,15,1000.86,7143707,387298.0,426004.0,986.2,1012.2,981.3,986.2,120419250,1084.8,887.6,1102.5,649.1,1010.2,265,1,1010.1,18,2,1009.9,238,4,1009.8,506,8,1009.7,643,11,1010.3,233,3,1010.4,1076,9,1010.5,738,15,1010.6,1115,15,1010.7,1654,19
317,2025-11-26 13:31:45+05:30,1010.3,1,1000.86,7143707,387298.0,426004.0,986.2,1012.2,981.3,986.2,120419250,1084.8,887.6,1102.5,649.1,1010.2,265,1,1010.1,18,2,1009.9,238,4,1009.8,506,8,1009.7,643,11,1010.3,233,3,1010.4,1076,9,1010.5,738,15,1010.6,1115,15,1010.7,1654,19
317,2025-11-26 13:31:46+05:30,1010.3,1,1000.86,7143708,387303.0,425890.0,986.2,1012.2,981.3,986.2,120419250,1084.8,887.6,1102.5,649.1,1010.2,265,1,1010.1,16,1,1009.9,238,4,1009.8,506,8,1009.7,643,11,1010.3,283,4,1010.4,1076,9,1010.5,738,15,1010.6,1115,15,1010.7,1654,19
317,2025-11-26 13:31:47+05:30,1010.5,43,1000.87,7146435,387372.0,424051.0,986.2,1012.2,981.3,986.2,120419250,1084.8,887.6,1102.5,649.1,1010.2,295,2,1010.1,16,1,1010.0,127,2,1009.9,282,5,1009.8,506,8,1010.5,811,6,1010.6,812,14,1010.7,1135,19,1010.8,1509,15,1010.9,1765,14
317,2025-11-26 13:31:47+05:30,1010.5,32,1000.87,7146435,387372.0,424051.0,986.2,1012.2,981.3,986.2,120419250,1084.8,887.6,1102.5,649.1,1010.2,295,2,1010.1,16,1,1010.0,127,2,1009.9,282,5,1009.8,506,8,1010.5,811,6,1010.6,812,14,1010.7,1135,19,1010.8,1509,15,1010.9,1765,14
317,2025-11-26 13:31:48+05:30,1010.5,32,1000.87,7146690,387420.0,424130.0,986.2,1012.2,981.3,986.2,120419250,1084.8,887.6,1102.5,649.1,1010.2,310,3,1010.1,16,1,1010.0,127,2,1009.9,282,5,1009.8,574,9,1010.5,822,7,1010.6,812,14,1010.7,1135,19,1010.8,1509,15,1010.9,1765,14
317,2025-11-26 13:31:49+05:30,1010.5,32,1000.87,7146690,387483.0,424548.0,986.2,1012.2,981.3,986.2,120419250,1084.8,887.6,1102.5,649.1,1010.2,328,4,1010.1,16,1,1010.0,127,2,1009.9,282,5,1009.8,574,9,1010.4,1,1,1010.5,772,6,1010.6,866,16,1010.7,1114,19,1010.8,1509,15
317,2025-11-26 13:31:50+05:30,1010.5,1,1000.87,7146693,388697.0,419756.0,986.2,1012.2,981.3,986.2,120419250,1084.8,887.6,1102.5,649.1,1010.2,327,4,1010.1,489,5,1010.0,627,6,1009.9,456,8,1009.8,842,12,1010.5,142,2,1010.6,444,12,1010.7,690,13,1010.8,1716,13,1010.9,1518,13
317,2025-11-26 13:31:50+05:30,1010.5,1,1000.87,7146693,388697.0,419756.0,986.2,1012.2,981.3,986.2,120419250,1084.8,887.6,1102.5,649.1,1010.2,327,4,1010.1,489,5,1010.0,627,6,1009.9,456,8,1009.8,842,12,1010.5,142,2,1010.6,444,12,1010.7,690,13,1010.8,1716,13,1010.9,1518,13
317,2025-11-26 13:31:51+05:30,1010.2,70,1000.87,7146764,388136.0,422708.0,986.2,1012.2,981.3,986.2,120419250,1084.8,887.6,1102.5,649.1,1010.2,226,3,1010.1,110,2,1010.0,127,2,1009.9,539,8,1009.8,1141,14,1010.5,1444,5,1010.6,1105,15,1010.7,1100,16,1010.8,1516,14,1010.9,1410,12
317,2025-11-26 13:31:51+05:30,1010.2,70,1000.87,7146764,388136.0,422708.0,986.2,1012.2,981.3,986.2,120419250,1084.8,887.6,1102.5,649.1,1010.2,226,3,1010.1,110,2,1010.0,127,2,1009.9,539,8,1009.8,1141,14,1010.5,1444,5,1010.6,1105,15,1010.7,1100,16,1010.8,1516,14,1010.9,1410,12
317,2025-11-26 13:31:52+05:30,1010.7,5,1000.87,7146764,388136.0,422708.0,986.2,1012.2,981.3,986.2,120419250,1084.8,887.6,1102.5,649.1,1010.2,226,3,1010.1,110,2,1010.0,127,2,1009.9,539,8,1009.8,1141,14,1010.5,1444,5,1010.6,1105,15,1010.7,1100,16,1010.8,1516,14,1010.9,1410,12
317,2025-11-26 13:31:52+05:30,1010.7,5,1000.87,7148934,392751.0,414714.0,986.2,1012.2,981.3,986.2,120419250,1084.8,887.6,1102.5,649.1,1010.5,110,3,1010.4,571,5,1010.3,722,8,1010.2,914,10,1010.1,485,6,1010.6,8,1,1010.7,73,6,1010.8,463,3,1010.9,767,7,1011.0,3300,37
317,2025-11-26 13:31:53+05:30,1010.7,157,1000.87,7148934,392751.0,414714.0,986.2,1012.2,981.3,986.2,120419250,1084.8,887.6,1102.5,649.1,1010.5,110,3,1010.4,571,5,1010.3,722,8,1010.2,914,10,1010.1,485,6,1010.6,8,1,1010.7,73,6,1010.8,463,3,1010.9,767,7,1011.0,3300,37
317,2025-11-26 13:31:54+05:30,1010.7,157,1000.87,7149239,392566.0,413871.0,986.2,1012.2,981.3,986.2,120419250,1084.8,887.6,1102.5,649.1,1010.6,1,1,1010.5,123,3,1010.4,411,4,1010.3,851,10,1010.2,892,10,1010.8,463,3,1010.9,726,7,1011.0,3004,37,1011.1,985,11,1011.2,1843,11
317,2025-11-26 13:31:54+05:30,1010.7,157,1000.87,7149239,392566.0,413871.0,986.2,1012.2,981.3,986.2,120419250,1084.8,887.6,1102.5,649.1,1010.6,1,1,1010.5,123,3,1010.4,411,4,1010.3,851,10,1010.2,892,10,1010.8,463,3,1010.9,726,7,1011.0,3004,37,1011.1,985,11,1011.2,1843,11
317,2025-11-26 13:31:54+05:30,1010.8,31,1000.87,7149239,392566.0,413871.0,986.2,1012.2,981.3,986.2,120419250,1084.8,887.6,1102.5,649.1,1010.6,1,1,1010.5,123,3,1010.4,411,4,1010.3,851,10,1010.2,892,10,1010.8,463,3,1010.9,726,7,1011.0,3004,37,1011.1,985,11,1011.2,1843,11
317,2025-11-26 13:31:54+05:30,1010.8,31,1000.87,7149460,392872.0,413692.0,986.2,1012.2,981.3,986.2,120419250,1084.8,887.6,1102.5,649.1,1010.7,52,2,1010.6,1,1,1010.5,323,4,1010.4,303,3,1010.3,775,10,1010.8,219,1,1010.9,173,5,1011.0,2827,35,1011.1,709,11,1011.2,1835,10
317,2025-11-26 13:31:55+05:30,1010.8,31,1000.87,7149460,392872.0,413692.0,986.2,1012.2,981.3,986.2,120419250,1084.8,887.6,1102.5,649.1,1010.7,52,2,1010.6,1,1,1010.5,323,4,1010.4,303,3,1010.3,775,10,1010.8,219,1,1010.9,173,5,1011.0,2827,35,1011.1,709,11,1011.2,1835,10
317,2025-11-26 13:31:55+05:30,1010.3,38,1000.87,7149460,392872.0,413692.0,986.2,1012.2,981.3,986.2,120419250,1084.8,887.6,1102.5,649.1,1010.7,52,2,1010.6,1,1,1010.5,323,4,1010.4,303,3,1010.3,775,10,1010.8,219,1,1010.9,173,5,1011.0,2827,35,1011.1,709,11,1011.2,1835,10
317,2025-11-26 13:31:56+05:30,1010.3,38,1000.87,7150491,391384.0,414503.0,986.2,1012.2,981.3,986.2,120419250,1084.8,887.6,1102.5,649.1,1010.5,108,1,1010.4,661,8,1010.3,676,11,1010.2,795,7,1010.1,801,9,1010.8,301,2,1010.9,655,6,1011.0,2841,35,1011.1,853,9,1011.2,1854,12
317,2025-11-26 13:31:56+05:30,1010.3,38,1000.87,7150491,391384.0,414503.0,986.2,1012.2,981.3,986.2,120419250,1084.8,887.6,1102.5,649.1,1010.5,108,1,1010.4,661,8,1010.3,676,11,1010.2,795,7,1010.1,801,9,1010.8,301,2,1010.9,655,6,1011.0,2841,35,1011.1,853,9,1011.2,1854,12
317,2025-11-26 13:31:56+05:30,1010.4,14,1000.87,7150491,391384.0,414503.0,986.2,1012.2,981.3,986.2,120419250,1084.8,887.6,1102.5,649.1,1010.5,108,1,1010.4,661,8,1010.3,676,11,1010.2,795,7,1010.1,801,9,1010.8,301,2,1010.9,655,6,1011.0,2841,35,1011.1,853,9,1011.2,1854,12
317,2025-11-26 13:31:57+05:30,1010.4,14,1000.87,7150491,391384.0,414503.0,986.2,1012.2,981.3,986.2,120419250,1084.8,887.6,1102.5,649.1,1010.5,108,1,1010.4,661,8,1010.3,676,11,1010.2,795,7,1010.1,801,9,1010.8,301,2,1010.9,655,6,1011.0,2841,35,1011.1,853,9,1011.2,1854,12
317,2025-11-26 13:31:57+05:30,1010.8,10,1000.87,7150645,390726.0,415370.0,986.2,1012.2,981.3,986.2,120419250,1084.8,887.6,1102.5,649.1,1010.4,273,3,1010.3,683,10,1010.2,827,8,1010.1,843,9,1010.0,1589,13,1010.8,619,4,1010.9,1015,10,1011.0,3556,40,1011.1,681,11,1011.2,1751,12
317,2025-11-26 13:31:57+05:30,1010.8,10,1000.87,7150645,390726.0,415370.0,986.2,1012.2,981.3,986.2,120419250,1084.8,887.6,1102.5,649.1,1010.4,273,3,1010.3,683,10,1010.2,827,8,1010.1,843,9,1010.0,1589,13,1010.8,619,4,1010.9,1015,10,1011.0,3556,40,1011.1,681,11,1011.2,1751,12
317,2025-11-26 13:31:57+05:30,1010.8,10,1000.87,7150645,390726.0,415370.0,986.2,1012.2,981.3,986.2,120419250,1084.8,887.6,1102.5,649.1,1010.4,273,3,1010.3,683,10,1010.2,827,8,1010.1,843,9,1010.0,1589,13,1010.8,619,4,1010.9,1015,10,1011.0,3556,40,1011.1,681,11,1011.2,1751,12
317,2025-11-26 13:31:58+05:30,1010.8,10,1000.87,7150645,390726.0,415370.0,986.2,1012.2,981.3,986.2,120419250,1084.8,887.6,1102.5,649.1,1010.4,273,3,1010.3,683,10,1010.2,827,8,1010.1,843,9,1010.0,1589,13,1010.8,619,4,1010.9,1015,10,1011.0,3556,40,1011.1,681,11,1011.2,1751,12
317,2025-11-26 13:31:58+05:30,1010.8,10,1000.87,7150645,392019.0,415426.0,986.2,1012.2,981.3,986.2,120419250,1084.8,887.6,1102.5,649.1,1010.4,503,7,1010.3,786,10,1010.2,827,8,1010.1,1149,10,1010.0,2589,14,1010.8,417,3,1010.9,925,9,1011.0,2999,37,1011.1,1061,12,1011.2,1902,13
317,2025-11-26 13:31:58+05:30,1010.8,10,1000.87,7150645,392019.0,415426.0,986.2,1012.2,981.3,986.2,120419250,1084.8,887.6,1102.5,649.1,1010.4,503,7,1010.3,786,10,1010.2,827,8,1010.1,1149,10,1010.0,2589,14,1010.8,417,3,1010.9,925,9,1011.0,2999,37,1011.1,1061,12,1011.2,1902,13
317,2025-11-26 13:31:58+05:30,1010.8,10,1000.87,7150645,392019.0,415426.0,986.2,1012.2,981.3,986.2,120385500,1084.8,887.6,1102.5,649.1,1010.4,503,7,1010.3,786,10,1010.2,827,8,1010.1,1149,10,1010.0,2589,14,1010.8,417,3,1010.9,925,9,1011.0,2999,37,1011.1,1061,12,1011.2,1902,13
317,2025-11-26 13:31:59+05:30,1010.8,10,1000.87,7150645,392116.0,415434.0,986.2,1012.2,981.3,986.2,120385500,1084.8,887.6,1102.5,649.1,1010.4,530,8,1010.3,786,10,1010.2,827,8,1010.1,843,9,1010.0,2616,15,1010.8,417,3,1010.9,925,9,1011.0,2999,37,1011.1,1069,13,1011.2,1902,13
317,2025-11-26 13:31:59+05:30,1010.8,10,1000.87,7150645,392116.0,415434.0,986.2,1012.2,981.3,986.2,120385500,1084.8,887.6,1102.5,649.1,1010.4,530,8,1010.3,786,10,1010.2,827,8,1010.1,843,9,1010.0,2616,15,1010.8,417,3,1010.9,925,9,1011.0,2999,37,1011.1,1069,13,1011.2,1902,13
317,2025-11-26 13:32:00+05:30,1010.8,10,1000.87,7150645,392104.0,415453.0,986.2,1012.2,981.3,986.2,120385500,1084.8,887.6,1102.5,649.1,1010.4,503,7,1010.3,786,10,1010.2,827,8,1010.1,843,9,1010.0,2616,15,1010.8,417,3,1010.9,926,10,1011.0,2999,37,1011.1,1061,12,1011.2,1902,13
317,2025-11-26 13:32:00+05:30,1010.8,1,1000.87,7150645,392104.0,415453.0,986.2,1012.2,981.3,986.2,120385500,1084.8,887.6,1102.5,649.1,1010.4,503,7,1010.3,786,10,1010.2,827,8,1010.1,843,9,1010.0,2616,15,1010.8,417,3,1010.9,926,10,1011.0,2999,37,1011.1,1061,12,1011.2,1902,13
317,2025-11-26 13:32:01+05:30,1010.8,1,1000.87,7150655,392146.0,415487.0,986.2,1012.2,981.3,986.2,120385500,1084.8,887.6,1102.5,649.1,1010.4,495,7,1010.3,786,10,1010.2,827,8,1010.1,843,9,1010.0,2616,15,1010.8,422,4,1010.9,804,9,1011.0,2999,37,1011.1,1061,12,1011.2,1902,13
317,2025-11-26 13:32:01+05:30,1010.8,79,1000.87,7150655,392146.0,415487.0,986.2,1012.2,981.3,986.2,120385500,1084.8,887.6,1102.5,649.1,1010.4,495,7,1010.3,786,10,1010.2,827,8,1010.1,843,9,1010.0,2616,15,1010.8,422,4,1010.9,804,9,1011.0,2999,37,1011.1,1061,12,1011.2,1902,13
317,2025-11-26 13:32:02+05:30,1010.8,79,1000.87,7150910,392628.0,415604.0,986.2,1012.2,981.3,986.2,120385500,1084.8,887.6,1102.5,649.1,1010.4,650,7,1010.3,802,12,1010.2,827,8,1010.1,1106,11,1010.0,2642,15,1010.8,541,3,1010.9,804,9,1011.0,2999,37,1011.1,1061,12,1011.2,1837,12
317,2025-11-26 13:32:02+05:30,1010.8,4,1000.87,7150910,392628.0,415604.0,986.2,1012.2,981.3,986.2,120385500,1084.8,887.6,1102.5,649.1,1010.4,650,7,1010.3,802,12,1010.2,827,8,1010.1,1106,11,1010.0,2642,15,1010.8,541,3,1010.9,804,9,1011.0,2999,37,1011.1,1061,12,1011.2,1837,12
317,2025-11-26 13:32:03+05:30,1010.8,4,1000.87,7151036,393486.0,415000.0,986.2,1012.2,981.3,986.2,120385500,1084.8,887.6,1102.5,649.1,1010.7,1,1,1010.4,530,6,1010.3,789,11,1010.2,967,9,1010.1,1194,12,1010.8,418,1,1010.9,221,7,1011.0,2939,36,1011.1,1041,11,1011.2,1773,10
317,2025-11-26 13:32:03+05:30,1010.8,20,1000.87,7151036,393486.0,415000.0,986.2,1012.2,981.3,986.2,120385500,1084.8,887.6,1102.5,649.1,1010.7,1,1,1010.4,530,6,1010.3,789,11,1010.2,967,9,1010.1,1194,12,1010.8,418,1,1010.9,221,7,1011.0,2939,36,1011.1,1041,11,1011.2,1773,10
317,2025-11-26 13:32:04+05:30,1010.8,1,1000.87,7151057,393054.0,414965.0,986.2,1012.2,981.3,986.2,120385500,1084.8,887.6,1102.5,649.1,1010.4,265,3,1010.3,842,12,1010.2,899,9,1010.1,1080,11,1010.0,2895,18,1010.8,506,2,1010.9,724,7,1011.0,2947,37,1011.1,1041,11,1011.2,1765,10
317,2025-11-26 13:32:04+05:30,1010.4,2,1000.87,7151057,393054.0,414965.0,986.2,1012.2,981.3,986.2,120385500,1084.8,887.6,1102.5,649.1,1010.4,265,3,1010.3,842,12,1010.2,899,9,1010.1,1080,11,1010.0,2895,18,1010.8,506,2,1010.9,724,7,1011.0,2947,37,1011.1,1041,11,1011.2,1765,10
317,2025-11-26 13:32:05+05:30,1010.8,2,1000.87,7151204,392378.0,415464.0,986.2,1012.2,981.3,986.2,120385500,1084.8,887.6,1102.5,649.1,1010.4,133,2,1010.3,717,11,1010.2,728,7,1010.1,1003,10,1010.0,2762,15,1010.8,527,3,1010.9,1045,12,1011.0,3354,40,1011.1,776,12,1011.2,2081,15
317,2025-11-26 13:32:05+05:30,1010.4,1,1000.87,7151204,392378.0,415464.0,986.2,1012.2,981.3,986.2,120385500,1084.8,887.6,1102.5,649.1,1010.4,133,2,1010.3,717,11,1010.2,728,7,1010.1,1003,10,1010.0,2762,15,1010.8,527,3,1010.9,1045,12,1011.0,3354,40,1011.1,776,12,1011.2,2081,15
317,2025-11-26 13:32:06+05:30,1010.4,1,1000.87,7151207,392377.0,415427.0,986.2,1012.2,981.3,986.2,120385500,1084.8,887.6,1102.5,649.1,1010.4,230,3,1010.3,619,10,1010.2,797,8,1010.1,1315,11,1010.0,2762,15,1010.8,502,2,1010.9,1045,12,1011.0,3056,39,1011.1,1062,12,1011.2,2081,15
317,2025-11-26 13:32:06+05:30,1010.5,1,1000.87,7151207,392377.0,415427.0,986.2,1012.2,981.3,986.2,120385500,1084.8,887.6,1102.5,649.1,1010.4,230,3,1010.3,619,10,1010.2,797,8,1010.1,1315,11,1010.0,2762,15,1010.8,502,2,1010.9,1045,12,1011.0,3056,39,1011.1,1062,12,1011.2,2081,15
317,2025-11-26 13:32:07+05:30,1010.5,1,1000.87,7151808,392745.0,414813.0,986.2,1012.2,981.3,986.2,120385500,1084.8,887.6,1102.5,649.1,1010.4,222,3,1010.3,936,13,1010.2,797,8,1010.1,1371,11,1010.0,2773,15,1010.8,303,3,1010.9,757,9,1011.0,3038,38,1011.1,1062,12,1011.2,1949,14
317,2025-11-26 13:32:07+05:30,1010.6,100,1000.87,7151808,392745.0,414813.0,986.2,1012.2,981.3,986.2,120385500,1084.8,887.6,1102.5,649.1,1010.4,222,3,1010.3,936,13,1010.2,797,8,1010.1,1371,11,1010.0,2773,15,1010.8,303,3,1010.9,757,9,1011.0,3038,38,1011.1,1062,12,1011.2,1949,14
317,2025-11-26 13:32:08+05:30,1010.6,100,1000.87,7152336,395325.0,413633.0,986.2,1012.2,981.3,986.2,120385500,1084.8,887.6,1102.5,649.1,1010.6,414,5,1010.5,561,9,1010.4,761,11,1010.3,794,14,1010.2,1432,12,1010.9,813,6,1011.0,2754,34,1011.1,245,4,1011.2,1648,9,1011.3,715,14
317,2025-11-26 13:32:09+05:30,1010.9,37,1000.87,7152436,395325.0,413807.0,986.2,1012.2,981.3,986.2,120385500,1084.8,887.6,1102.5,649.1,1010.6,335,5,1010.5,653,11,1010.4,748,10,1010.3,794,14,1010.2,1432,12,1010.9,714,2,1011.0,2754,34,1011.1,430,6,1011.2,1703,10,1011.3,715,14
317,2025-11-26 13:32:09+05:30,1010.9,37,1000.87,7152436,395325.0,413807.0,986.2,1012.2,981.3,986.2,120385500,1084.8,887.6,1102.5,649.1,1010.6,335,5,1010.5,653,11,1010.4,748,10,1010.3,794,14,1010.2,1432,12,1010.9,714,2,1011.0,2754,34,1011.1,430,6,1011.2,1703,10,1011.3,715,14
317,2025-11-26 13:32:10+05:30,1010.9,2,1000.87,7152438,395326.0,413860.0,986.2,1012.2,981.3,986.2,120385500,1084.8,887.6,1102.5,649.1,1010.6,335,5,1010.5,653,11,1010.4,770,11,1010.3,741,13,1010.2,1379,11,1010.9,712,2,1011.0,2754,34,1011.1,426,6,1011.2,1706,10,1011.3,715,14
317,2025-11-26 13:32:10+05:30,1010.9,2,1000.87,7152438,395326.0,413860.0,986.2,1012.2,981.3,986.2,120385500,1084.8,887.6,1102.5,649.1,1010.6,335,5,1010.5,653,11,1010.4,770,11,1010.3,741,13,1010.2,1379,11,1010.9,712,2,1011.0,2754,34,1011.1,426,6,1011.2,1706,10,1011.3,715,14
317,2025-11-26 13:32:11+05:30,1010.9,1,1000.87,7152516,395076.0,413779.0,986.2,1012.2,981.3,986.2,120385500,1084.8,887.6,1102.5,649.1,1010.6,177,5,1010.5,561,9,1010.4,770,11,1010.3,741,13,1010.2,1379,11,1010.9,709,2,1011.0,2754,34,1011.1,426,6,1011.2,1706,10,1011.3,715,14
317,2025-11-26 13:32:11+05:30,1010.9,1,1000.87,7152516,395076.0,413779.0,986.2,1012.2,981.3,986.2,120385500,1084.8,887.6,1102.5,649.1,1010.6,177,5,1010.5,561,9,1010.4,770,11,1010.3,741,13,1010.2,1379,11,1010.9,709,2,1011.0,2754,34,1011.1,426,6,1011.2,1706,10,1011.3,715,14
317,2025-11-26 13:32:12+05:30,1010.6,24,1000.87,7152662,395546.0,414132.0,986.2,1012.2,981.3,986.2,120385500,1084.8,887.6,1102.5,649.1,1010.6,32,2,1010.5,726,6,1010.4,825,11,1010.3,1047,15,1010.2,973,10,1010.9,709,3,1011.0,2754,34,1011.1,444,9,1011.2,1180,9,1011.3,715,14
317,2025-11-26 13:32:12+05:30,1010.6,39,1000.87,7152662,395546.0,414132.0,986.2,1012.2,981.3,986.2,120385500,1084.8,887.6,1102.5,649.1,1010.6,32,2,1010.5,726,6,1010.4,825,11,1010.3,1047,15,1010.2,973,10,1010.9,709,3,1011.0,2754,34,1011.1,444,9,1011.2,1180,9,1011.3,715,14
317,2025-11-26 13:32:13+05:30,1010.9,82,1000.88,7152849,393512.0,413805.0,986.2,1012.2,981.3,986.2,120385500,1084.8,887.6,1102.5,649.1,1010.5,710,9,1010.4,726,11,1010.3,1110,15,1010.2,941,9,1010.1,2490,12,1010.9,700,4,1011.0,2754,34,1011.1,431,7,1011.2,1279,7,1011.3,877,13
317,2025-11-26 13:32:13+05:30,1010.5,50,1000.88,7152849,393512.0,413805.0,986.2,1012.2,981.3,986.2,120385500,1084.8,887.6,1102.5,649.1,1010.5,710,9,1010.4,726,11,1010.3,1110,15,1010.2,941,9,1010.1,2490,12,1010.9,700,4,1011.0,2754,34,1011.1,431,7,1011.2,1279,7,1011.3,877,13
317,2025-11-26 13:32:14+05:30,1010.6,3,1000.88,7152902,397925.0,414825.0,986.2,1012.2,981.3,986.2,120385500,1084.8,887.6,1102.5,649.1,1010.5,538,6,1010.4,852,12,1010.3,754,14,1010.2,1029,9,1010.1,3240,13,1010.6,5,1,1010.9,700,4,1011.0,2754,34,1011.1,431,7,1011.2,1040,7
317,2025-11-26 13:32:14+05:30,1010.6,75,1000.88,7152902,397925.0,414825.0,986.2,1012.2,981.3,986.2,120385500,1084.8,887.6,1102.5,649.1,1010.5,538,6,1010.4,852,12,1010.3,754,14,1010.2,1029,9,1010.1,3240,13,1010.6,5,1,1010.9,700,4,1011.0,2754,34,1011.1,431,7,1011.2,1040,7
317,2025-11-26 13:32:15+05:30,1010.9,2,1000.88,7152980,394600.0,412928.0,986.2,1012.2,981.3,986.2,120385500,1084.8,887.6,1102.5,649.1,1010.6,66,2,1010.5,442,5,1010.4,839,12,1010.3,754,14,1010.2,1289,10,1010.9,591,3,1011.0,2754,34,1011.1,384,7,1011.2,1184,13,1011.3,560,8
317,2025-11-26 13:32:15+05:30,1010.9,2,1000.88,7152980,394600.0,412928.0,986.2,1012.2,981.3,986.2,120385500,1084.8,887.6,1102.5,649.1,1010.6,66,2,1010.5,442,5,1010.4,839,12,1010.3,754,14,1010.2,1289,10,1010.9,591,3,1011.0,2754,34,1011.1,384,7,1011.2,1184,13,1011.3,560,8
317,2025-11-26 13:32:16+05:30,1010.9,2,1000.88,7152982,393872.0,412926.0,986.2,1012.2,981.3,986.2,120385500,1084.8,887.6,1102.5,649.1,1010.6,66,2,1010.5,466,6,1010.4,839,12,1010.3,754,14,1010.2,943,9,1010.9,589,3,1011.0,2754,34,1011.1,384,7,1011.2,1184,13,1011.3,560,8
317,2025-11-26 13:32:17+05:30,1010.9,2,1000.88,7152982,393714.0,412564.0,986.2,1012.2,981.3,986.2,120385500,1084.8,887.6,1102.5,649.1,1010.6,66,2,1010.5,259,3,1010.4,934,13,1010.3,754,14,1010.2,943,9,1010.9,589,3,1011.0,2754,34,1011.1,496,9,1011.2,1083,12,1011.3,560,8
317,2025-11-26 13:32:18+05:30,1010.9,2,1000.88,7152982,393683.0,413221.0,986.2,1012.2,981.3,986.2,120385500,1084.8,887.6,1102.5,649.1,1010.6,66,2,1010.5,259,3,1010.4,839,12,1010.3,849,15,1010.2,943,9,1010.9,1117,4,1011.0,2912,37,1011.1,669,11,1011.2,1161,13,1011.3,560,8
317,2025-11-26 13:32:19+05:30,1010.9,2,1000.88,7152982,393690.0,412665.0,986.2,1012.2,981.3,986.2,120385500,1084.8,887.6,1102.5,649.1,1010.6,79,3,1010.5,449,5,1010.4,744,11,1010.3,754,14,1010.2,1297,10,1010.9,589,3,1011.0,2789,35,1011.1,574,10,1011.2,1351,15,1011.3,560,8
317,2025-11-26 13:32:20+05:30,1010.9,1,1000.88,7152985,393713.0,412953.0,986.2,1012.2,981.3,986.2,120385500,1084.8,887.6,1102.5,649.1,1010.6,79,3,1010.5,472,6,1010.4,744,11,1010.3,754,14,1010.2,1297,10,1010.9,586,3,1011.0,2889,36,1011.1,565,9,1011.2,1584,15,1011.3,560,8
317,2025-11-26 13:32:20+05:30,1010.9,1,1000.88,7152985,393713.0,412953.0,986.2,1012.2,981.3,986.2,120385500,1084.8,887.6,1102.5,649.1,1010.6,79,3,1010.5,472,6,1010.4,744,11,1010.3,754,14,1010.2,1297,10,1010.9,586,3,1011.0,2889,36,1011.1,565,9,1011.2,1584,15,1011.3,560,8
317,2025-11-26 13:32:21+05:30,1010.5,49,1000.88,7152985,393713.0,412953.0,986.2,1012.2,981.3,986.2,120385500,1084.8,887.6,1102.5,649.1,1010.6,79,3,1010.5,472,6,1010.4,744,11,1010.3,754,14,1010.2,1297,10,1010.9,586,3,1011.0,2889,36,1011.1,565,9,1011.2,1584,15,1011.3,560,8
317,2025-11-26 13:32:22+05:30,1010.5,49,1000.88,7153153,393387.0,414111.0,986.2,1012.2,981.3,986.2,120385500,1084.8,887.6,1102.5,649.1,1010.5,87,1,1010.4,379,6,1010.3,915,15,1010.2,1223,10,1010.1,2608,13,1010.9,1310,6,1011.0,3156,39,1011.1,1057,14,1011.2,782,14,1011.3,657,9
317,2025-11-26 13:32:22+05:30,1010.8,1,1000.88,7153153,393387.0,414111.0,986.2,1012.2,981.3,986.2,120385500,1084.8,887.6,1102.5,649.1,1010.5,87,1,1010.4,379,6,1010.3,915,15,1010.2,1223,10,1010.1,2608,13,1010.9,1310,6,1011.0,3156,39,1011.1,1057,14,1011.2,782,14,1011.3,657,9
317,2025-11-26 13:32:23+05:30,1010.8,1,1000.88,7153184,393390.0,424841.0,986.2,1012.2,981.3,986.2,120385500,1084.8,887.6,1102.5,649.1,1010.4,48,3,1010.3,626,12,1010.2,1014,6,1010.1,2570,12,1010.0,6163,20,1010.8,724,4,1010.9,11398,12,1011.0,3477,43,1011.1,900,14,1011.2,792,15
317,2025-11-26 13:32:24+05:30,1010.8,1,1000.88,7153184,393518.0,423912.0,986.2,1012.2,981.3,986.2,120385500,1084.8,887.6,1102.5,649.1,1010.4,135,4,1010.3,659,12,1010.2,987,6,1010.1,2605,13,1010.0,6228,21,1010.8,136,2,1010.9,11398,12,1011.0,3477,43,1011.1,813,13,1011.2,879,16
317,2025-11-26 13:32:24+05:30,1010.9,117,1000.88,7153184,393518.0,423912.0,986.2,1012.2,981.3,986.2,120385500,1084.8,887.6,1102.5,649.1,1010.4,135,4,1010.3,659,12,1010.2,987,6,1010.1,2605,13,1010.0,6228,21,1010.8,136,2,1010.9,11398,12,1011.0,3477,43,1011.1,813,13,1011.2,879,16
317,2025-11-26 13:32:25+05:30,1010.9,117,1000.88,7153438,394261.0,423256.0,986.2,1012.2,981.3,986.2,120385500,1084.8,887.6,1102.5,649.1,1010.4,599,7,1010.3,655,12,1010.2,1680,8,1010.1,4068,15,1010.0,4871,20,1010.9,10800,7,1011.0,3616,43,1011.1,684,12,1011.2,942,17,1011.3,563,11
317,2025-11-26 13:32:25+05:30,1010.9,2,1000.88,7153438,394261.0,423256.0,986.2,1012.2,981.3,986.2,120385500,1084.8,887.6,1102.5,649.1,1010.4,599,7,1010.3,655,12,1010.2,1680,8,1010.1,4068,15,1010.0,4871,20,1010.9,10800,7,1011.0,3616,43,1011.1,684,12,1011.2,942,17,1011.3,563,11
317,2025-11-26 13:32:26+05:30,1010.9,2,1000.88,7153466,394570.0,423358.0,986.2,1012.2,981.3,986.2,120385500,1084.8,887.6,1102.5,649.1,1010.5,137,4,1010.4,765,6,1010.3,655,12,1010.2,2566,11,1010.1,3318,14,1010.9,10553,5,1011.0,3367,39,1011.1,759,12,1011.2,863,17,1011.3,929,14
317,2025-11-26 13:32:27+05:30,1010.9,2,1000.88,7153466,394505.0,424042.0,986.2,1012.2,981.3,986.2,120385500,1084.8,887.6,1102.5,649.1,1010.5,50,3,1010.4,852,7,1010.3,655,12,1010.2,2566,11,1010.1,3318,14,1010.9,11216,6,1011.0,3367,39,1011.1,761,13,1011.2,856,16,1011.3,955,15
317,2025-11-26 13:32:28+05:30,1010.9,2,1000.88,7153466,394505.0,424093.0,986.2,1012.2,981.3,986.2,120385500,1084.8,887.6,1102.5,649.1,1010.5,50,3,1010.4,765,6,1010.3,742,13,1010.2,2566,11,1010.1,3318,14,1010.9,10777,5,1011.0,3454,40,1011.1,674,12,1011.2,856,16,1011.3,929,14
317,2025-11-26 13:32:28+05:30,1010.9,1,1000.88,7153466,394505.0,424093.0,986.2,1012.2,981.3,986.2,120385500,1084.8,887.6,1102.5,649.1,1010.5,50,3,1010.4,765,6,1010.3,742,13,1010.2,2566,11,1010.1,3318,14,1010.9,10777,5,1011.0,3454,40,1011.1,674,12,1011.2,856,16,1011.3,929,14
317,2025-11-26 13:32:29+05:30,1010.9,1,1000.88,7153467,395739.0,424231.0,986.2,1012.2,981.3,986.2,120385500,1084.8,887.6,1102.5,649.1,1010.8,78,1,1010.5,228,3,1010.4,548,4,1010.3,839,15,1010.2,2749,14,1010.9,10883,5,1011.0,3603,41,1011.1,761,13,1011.2,752,14,1011.3,712,12
317,2025-11-26 13:32:29+05:30,1010.6,39,1000.88,7153467,395739.0,424231.0,986.2,1012.2,981.3,986.2,120385500,1084.8,887.6,1102.5,649.1,1010.8,78,1,1010.5,228,3,1010.4,548,4,1010.3,839,15,1010.2,2749,14,1010.9,10883,5,1011.0,3603,41,1011.1,761,13,1011.2,752,14,1011.3,712,12
317,2025-11-26 13:32:30+05:30,1010.9,28,1000.88,7153639,394696.0,423192.0,986.2,1012.2,981.3,986.2,120385500,1084.8,887.6,1102.5,649.1,1010.5,233,5,1010.4,982,8,1010.3,726,13,1010.2,2337,9,1010.1,3283,13,1010.9,10880,5,1011.0,3330,40,1011.1,790,13,1011.2,709,13,1011.3,712,12
317,2025-11-26 13:32:30+05:30,1010.9,1,1000.88,7153639,394696.0,423192.0,986.2,1012.2,981.3,986.2,120385500,1084.8,887.6,1102.5,649.1,1010.5,233,5,1010.4,982,8,1010.3,726,13,1010.2,2337,9,1010.1,3283,13,1010.9,10880,5,1011.0,3330,40,1011.1,790,13,1011.2,709,13,1011.3,712,12
317,2025-11-26 13:32:31+05:30,1010.9,1,1000.88,7153750,394136.0,423364.0,986.2,1012.2,981.3,986.2,120385500,1084.8,887.6,1102.5,649.1,1010.5,86,1,1010.4,828,6,1010.3,621,14,1010.2,2366,10,1010.1,3324,14,1010.9,10878,6,1011.0,3461,42,1011.1,674,12,1011.2,949,19,1011.3,686,10
317,2025-11-26 13:32:31+05:30,1010.9,1,1000.88,7153750,394136.0,423364.0,986.2,1012.2,981.3,986.2,120385500,1084.8,887.6,1102.5,649.1,1010.5,86,1,1010.4,828,6,1010.3,621,14,1010.2,2366,10,1010.1,3324,14,1010.9,10878,6,1011.0,3461,42,1011.1,674,12,1011.2,949,19,1011.3,686,10
317,2025-11-26 13:32:32+05:30,1010.9,27,1000.88,7153777,394230.0,425227.0,986.2,1012.2,981.3,986.2,120385500,1084.8,887.6,1102.5,649.1,1010.5,86,1,1010.4,887,8,1010.3,621,14,1010.2,2366,10,1010.1,3324,14,1010.9,10921,6,1011.0,3158,40,1011.1,962,12,1011.2,931,17,1011.3,676,9
317,2025-11-26 13:32:32+05:30,1010.9,5,1000.88,7153777,394230.0,425227.0,986.2,1012.2,981.3,986.2,120385500,1084.8,887.6,1102.5,649.1,1010.5,86,1,1010.4,887,8,1010.3,621,14,1010.2,2366,10,1010.1,3324,14,1010.9,10921,6,1011.0,3158,40,1011.1,962,12,1011.2,931,17,1011.3,676,9
317,2025-11-26 13:32:33+05:30,1010.9,23,1000.88,7153809,394108.0,425203.0,986.2,1012.2,981.3,986.2,120385500,1084.8,887.6,1102.5,649.1,1010.4,829,7,1010.3,837,16,1010.2,2366,10,1010.1,3324,14,1010.0,4806,19,1010.9,10897,7,1011.0,3456,41,1011.1,751,17,1011.2,852,12,1011.3,676,9
317,2025-11-26 13:32:33+05:30,1010.9,23,1000.88,7153809,394108.0,425203.0,986.2,1012.2,981.3,986.2,120385500,1084.8,887.6,1102.5,649.1,1010.4,829,7,1010.3,837,16,1010.2,2366,10,1010.1,3324,14,1010.0,4806,19,1010.9,10897,7,1011.0,3456,41,1011.1,751,17,1011.2,852,12,1011.3,676,9
317,2025-11-26 13:32:34+05:30,1010.9,23,1000.88,7153809,394115.0,425203.0,986.2,1012.2,981.3,986.2,120385500,1084.8,887.6,1102.5,649.1,1010.5,86,1,1010.4,829,7,1010.3,751,15,1010.2,2366,10,1010.1,3324,14,1010.9,10897,7,1011.0,3456,41,1011.1,751,17,1011.2,852,12,1011.3,676,9
317,2025-11-26 13:32:35+05:30,1010.9,8,1000.88,7153820,394385.0,425048.0,986.2,1012.2,981.3,986.2,120385500,1084.8,887.6,1102.5,649.1,1010.6,112,1,1010.5,127,3,1010.4,1017,9,1010.3,764,16,1010.2,2366,10,1010.9,10645,5,1011.0,3022,38,1011.1,1127,18,1011.2,823,11,1011.3,709,9
317,2025-11-26 13:32:35+05:30,1010.6,15,1000.88,7153820,394385.0,425048.0,986.2,1012.2,981.3,986.2,120385500,1084.8,887.6,1102.5,649.1,1010.6,112,1,1010.5,127,3,1010.4,1017,9,1010.3,764,16,1010.2,2366,10,1010.9,10645,5,1011.0,3022,38,1011.1,1127,18,1011.2,823,11,1011.3,709,9
317,2025-11-26 13:32:36+05:30,1010.6,1,1000.88,7153837,394338.0,425080.0,986.2,1012.2,981.3,986.2,120385500,1084.8,887.6,1102.5,649.1,1010.6,96,1,1010.5,127,3,1010.4,1017,9,1010.3,764,16,1010.2,2366,10,1010.9,10644,5,1011.0,3022,38,1011.1,1127,18,1011.2,823,11,1011.3,709,9
317,2025-11-26 13:32:36+05:30,1010.6,1,1000.88,7153837,394338.0,425080.0,986.2,1012.2,981.3,986.2,120385500,1084.8,887.6,1102.5,649.1,1010.6,96,1,1010.5,127,3,1010.4,1017,9,1010.3,764,16,1010.2,2366,10,1010.9,10644,5,1011.0,3022,38,1011.1,1127,18,1011.2,823,11,1011.3,709,9
317,2025-11-26 13:32:37+05:30,1010.4,26,1000.88,7154011,393903.0,426102.0,986.2,1012.2,981.3,986.2,120385500,1084.8,887.6,1102.5,649.1,1010.4,162,4,1010.3,774,14,1010.2,2452,11,1010.1,3318,14,1010.0,4855,20,1010.9,11086,9,1011.0,3509,43,1011.1,743,16,1011.2,841,12,1011.3,579,8
317,2025-11-26 13:32:37+05:30,1010.4,14,1000.88,7154011,393903.0,426102.0,986.2,1012.2,981.3,986.2,120385500,1084.8,887.6,1102.5,649.1,1010.4,162,4,1010.3,774,14,1010.2,2452,11,1010.1,3318,14,1010.0,4855,20,1010.9,11086,9,1011.0,3509,43,1011.1,743,16,1011.2,841,12,1011.3,579,8
317,2025-11-26 13:32:38+05:30,1010.9,1,1000.88,7154083,394532.0,426735.0,986.2,1012.2,981.3,986.2,120385500,1084.8,887.6,1102.5,649.1,1010.4,308,5,1010.3,1139,17,1010.2,2257,9,1010.1,3319,15,1010.0,4855,20,1010.8,190,1,1010.9,10978,8,1011.0,3416,41,1011.1,748,17,1011.2,1274,16
317,2025-11-26 13:32:38+05:30,1010.4,1,1000.88,7154083,394532.0,426735.0,986.2,1012.2,981.3,986.2,120385500,1084.8,887.6,1102.5,649.1,1010.4,308,5,1010.3,1139,17,1010.2,2257,9,1010.1,3319,15,1010.0,4855,20,1010.8,190,1,1010.9,10978,8,1011.0,3416,41,1011.1,748,17,1011.2,1274,16
317,2025-11-26 13:32:39+05:30,1010.4,1,1000.88,7154084,394555.0,426331.0,986.2,1012.2,981.3,986.2,120385500,1084.8,887.6,1102.5,649.1,1010.4,307,5,1010.3,1139,17,1010.2,2257,9,1010.1,3319,15,1010.0,4855,20,1010.8,190,1,1010.9,10818,6,1011.0,3416,41,1011.1,669,12,1011.2,1248,14
317,2025-11-26 13:32:40+05:30,1010.8,1,1000.88,7154086,394719.0,426493.0,986.2,1012.2,981.3,986.2,120385500,1084.8,887.6,1102.5,649.1,1010.5,1031,2,1010.4,521,8,1010.3,1057,16,1010.2,2257,9,1010.1,3319,15,1010.8,188,1,1010.9,10818,6,1011.0,3330,40,1011.1,834,18,1011.2,1274,16
317,2025-11-26 13:32:40+05:30,1010.8,2,1000.88,7154086,394719.0,426493.0,986.2,1012.2,981.3,986.2,120385500,1084.8,887.6,1102.5,649.1,1010.5,1031,2,1010.4,521,8,1010.3,1057,16,1010.2,2257,9,1010.1,3319,15,1010.8,188,1,1010.9,10818,6,1011.0,3330,40,1011.1,834,18,1011.2,1274,16
317,2025-11-26 13:32:41+05:30,1010.5,200,1000.88,7154288,394524.0,427174.0,986.2,1012.2,981.3,986.2,120385500,1084.8,887.6,1102.5,649.1,1010.5,847,3,1010.4,438,7,1010.3,1047,16,1010.2,2257,9,1010.1,3319,15,1010.8,216,2,1010.9,11504,11,1011.0,3180,40,1011.1,982,19,1011.2,1274,16
317,2025-11-26 13:32:41+05:30,1010.5,200,1000.88,7154288,394524.0,427174.0,986.2,1012.2,981.3,986.2,120385500,1084.8,887.6,1102.5,649.1,1010.5,847,3,1010.4,438,7,1010.3,1047,16,1010.2,2257,9,1010.1,3319,15,1010.8,216,2,1010.9,11504,11,1011.0,3180,40,1011.1,982,19,1011.2,1274,16
317,2025-11-26 13:32:42+05:30,1010.8,5,1000.88,7154297,394447.0,428005.0,986.2,1012.2,981.3,986.2,120385500,1084.8,887.6,1102.5,649.1,1010.5,847,3,1010.4,391,6,1010.3,1047,16,1010.2,2228,8,1010.1,3319,15,1010.8,207,2,1010.9,11504,11,1011.0,3200,41,1011.1,995,20,1011.2,1261,15
317,2025-11-26 13:32:42+05:30,1010.8,23,1000.88,7154297,394447.0,428005.0,986.2,1012.2,981.3,986.2,120385500,1084.8,887.6,1102.5,649.1,1010.5,847,3,1010.4,391,6,1010.3,1047,16,1010.2,2228,8,1010.1,3319,15,1010.8,207,2,1010.9,11504,11,1011.0,3200,41,1011.1,995,20,1011.2,1261,15
317,2025-11-26 13:32:43+05:30,1010.8,23,1000.88,7154320,396381.0,429139.0,986.2,1012.2,981.3,986.2,120385500,1084.8,887.6,1102.5,649.1,1010.5,902,4,1010.4,391,6,1010.3,749,15,1010.2,2251,9,1010.1,4069,16,1010.6,8,1,1010.8,156,3,1010.9,11205,9,1011.0,3626,44,1011.1,922,20
317,2025-11-26 13:32:43+05:30,1010.6,2,1000.88,7154320,396381.0,429139.0,986.2,1012.2,981.3,986.2,120385500,1084.8,887.6,1102.5,649.1,1010.5,902,4,1010.4,391,6,1010.3,749,15,1010.2,2251,9,1010.1,4069,16,1010.6,8,1,1010.8,156,3,1010.9,11205,9,1011.0,3626,44,1011.1,922,20
317,2025-11-26 13:32:44+05:30,1010.6,3,1000.88,7154325,398123.0,427134.0,986.2,1012.2,981.3,986.2,120385500,1084.8,887.6,1102.5,649.1,1010.5,847,3,1010.4,325,5,1010.3,717,14,1010.2,3793,12,1010.1,4121,17,1010.6,46,2,1010.7,82,2,1010.8,156,3,1010.9,11205,9,1011.0,3652,46
317,2025-11-26 13:32:44+05:30,1010.6,3,1000.88,7154325,398123.0,427134.0,986.2,1012.2,981.3,986.2,120385500,1084.8,887.6,1102.5,649.1,1010.5,847,3,1010.4,325,5,1010.3,717,14,1010.2,3793,12,1010.1,4121,17,1010.6,46,2,1010.7,82,2,1010.8,156,3,1010.9,11205,9,1011.0,3652,46
317,2025-11-26 13:32:45+05:30,1010.6,2,1000.88,7154327,398121.0,427242.0,986.2,1012.2,981.3,986.2,120385500,1084.8,887.6,1102.5,649.1,1010.5,847,3,1010.4,325,5,1010.3,717,14,1010.2,3793,12,1010.1,4121,17,1010.6,44,2,1010.7,82,2,1010.8,156,3,1010.9,11205,9,1011.0,3647,45
317,2025-11-26 13:32:45+05:30,1010.6,6,1000.88,7154327,398121.0,427242.0,986.2,1012.2,981.3,986.2,120385500,1084.8,887.6,1102.5,649.1,1010.5,847,3,1010.4,325,5,1010.3,717,14,1010.2,3793,12,1010.1,4121,17,1010.6,44,2,1010.7,82,2,1010.8,156,3,1010.9,11205,9,1011.0,3647,45
317,2025-11-26 13:32:46+05:30,1010.5,10,1000.88,7154438,398057.0,427242.0,986.2,1012.2,981.3,986.2,120385500,1084.8,887.6,1102.5,649.1,1010.5,837,3,1010.4,247,4,1010.3,795,15,1010.2,3770,11,1010.1,4159,18,1010.6,45,2,1010.7,82,2,1010.8,157,4,1010.9,11205,9,1011.0,3647,45
317,2025-11-26 13:32:46+05:30,1010.5,10,1000.88,7154438,398057.0,427242.0,986.2,1012.2,981.3,986.2,120385500,1084.8,887.6,1102.5,649.1,1010.5,837,3,1010.4,247,4,1010.3,795,15,1010.2,3770,11,1010.1,4159,18,1010.6,45,2,1010.7,82,2,1010.8,157,4,1010.9,11205,9,1011.0,3647,45
317,2025-11-26 13:32:47+05:30,1010.5,148,1000.88,7154587,397817.0,426777.0,986.2,1012.2,981.3,986.2,120385500,1084.8,887.6,1102.5,649.1,1010.5,689,3,1010.4,7,1,1010.3,723,14,1010.2,3760,11,1010.1,4159,18,1010.6,44,2,1010.7,82,2,1010.8,157,4,1010.9,11258,10,1011.0,3617,43
317,2025-11-26 13:32:47+05:30,1010.5,148,1000.88,7154587,397817.0,426777.0,986.2,1012.2,981.3,986.2,120385500,1084.8,887.6,1102.5,649.1,1010.5,689,3,1010.4,7,1,1010.3,723,14,1010.2,3760,11,1010.1,4159,18,1010.6,44,2,1010.7,82,2,1010.8,157,4,1010.9,11258,10,1011.0,3617,43
317,2025-11-26 13:32:48+05:30,1010.5,148,1000.88,7154587,397840.0,427416.0,986.2,1012.2,981.3,986.2,120385500,1084.8,887.6,1102.5,649.1,1010.5,689,3,1010.4,7,1,1010.3,1052,15,1010.2,3760,11,1010.1,4159,18,1010.6,44,2,1010.7,82,2,1010.8,157,4,1010.9,11258,10,1011.0,3681,47
317,2025-11-26 13:32:49+05:30,1010.6,1,1000.88,7154598,398593.0,427450.0,986.2,1012.2,981.3,986.2,120385500,1084.8,887.6,1102.5,649.1,1010.5,692,4,1010.4,835,3,1010.3,1052,15,1010.2,3781,12,1010.1,4159,18,1010.6,51,2,1010.7,82,2,1010.8,157,4,1010.9,11258,10,1011.0,3681,47
317,2025-11-26 13:32:49+05:30,1010.6,1,1000.88,7154598,398593.0,427450.0,986.2,1012.2,981.3,986.2,120385500,1084.8,887.6,1102.5,649.1,1010.5,692,4,1010.4,835,3,1010.3,1052,15,1010.2,3781,12,1010.1,4159,18,1010.6,51,2,1010.7,82,2,1010.8,157,4,1010.9,11258,10,1011.0,3681,47
317,2025-11-26 13:32:50+05:30,1010.6,1,1000.88,7154607,398862.0,427360.0,986.2,1012.2,981.3,986.2,120385500,1084.8,887.6,1102.5,649.1,1010.5,692,4,1010.4,905,4,1010.3,718,14,1010.2,3811,13,1010.1,4121,17,1010.6,7,1,1010.7,82,2,1010.8,207,5,1010.9,11258,10,1011.0,3733,48
317,2025-11-26 13:32:50+05:30,1010.6,1,1000.88,7154607,398862.0,427360.0,986.2,1012.2,981.3,986.2,120385500,1084.8,887.6,1102.5,649.1,1010.5,692,4,1010.4,905,4,1010.3,718,14,1010.2,3811,13,1010.1,4121,17,1010.6,7,1,1010.7,82,2,1010.8,207,5,1010.9,11258,10,1011.0,3733,48
317,2025-11-26 13:32:52+05:30,1010.6,1,1000.88,7154607,398765.0,427375.0,986.2,1012.2,981.3,986.2,120385500,1084.8,887.6,1102.5,649.1,1010.5,692,4,1010.4,835,3,1010.3,645,13,1010.2,3863,13,1010.1,4121,17,1010.6,7,1,1010.7,82,2,1010.8,207,5,1010.9,11258,10,1011.0,3733,48
317,2025-11-26 13:32:52+05:30,1010.6,5,1000.88,7154607,398765.0,427375.0,986.2,1012.2,981.3,986.2,120385500,1084.8,887.6,1102.5,649.1,1010.5,692,4,1010.4,835,3,1010.3,645,13,1010.2,3863,13,1010.1,4121,17,1010.6,7,1,1010.7,82,2,1010.8,207,5,1010.9,11258,10,1011.0,3733,48
317,2025-11-26 13:32:53+05:30,1010.6,5,1000.88,7154639,398510.0,427071.0,986.2,1012.2,981.3,986.2,120385500,1084.8,887.6,1102.5,649.1,1010.5,692,4,1010.4,757,2,1010.3,843,16,1010.2,3790,12,1010.1,4121,17,1010.6,16,2,1010.7,82,2,1010.8,207,5,1010.9,11057,8,1011.0,3729,48
317,2025-11-26 13:32:53+05:30,1010.5,21,1000.88,7154639,398510.0,427071.0,986.2,1012.2,981.3,986.2,120385500,1084.8,887.6,1102.5,649.1,1010.5,692,4,1010.4,757,2,1010.3,843,16,1010.2,3790,12,1010.1,4121,17,1010.6,16,2,1010.7,82,2,1010.8,207,5,1010.9,11057,8,1011.0,3729,48
317,2025-11-26 13:32:54+05:30,1010.5,21,1000.88,7154660,398225.0,426723.0,986.2,1012.2,981.3,986.2,120385500,1084.8,887.6,1102.5,649.1,1010.5,671,4,1010.4,757,2,1010.3,843,16,1010.2,3790,12,1010.1,4121,17,1010.6,8,1,1010.7,82,2,1010.8,207,5,1010.9,11057,8,1011.0,3729,48
317,2025-11-26 13:32:54+05:30,1010.6,71,1000.88,7154660,398225.0,426723.0,986.2,1012.2,981.3,986.2,120385500,1084.8,887.6,1102.5,649.1,1010.5,671,4,1010.4,757,2,1010.3,843,16,1010.2,3790,12,1010.1,4121,17,1010.6,8,1,1010.7,82,2,1010.8,207,5,1010.9,11057,8,1011.0,3729,48
317,2025-11-26 13:32:55+05:30,1010.7,3,1000.88,7154734,397941.0,427761.0,986.2,1012.2,981.3,986.2,120385500,1084.8,887.6,1102.5,649.1,1010.6,41,1,1010.5,671,4,1010.4,757,2,1010.3,410,5,1010.2,4727,20,1010.7,79,2,1010.8,207,5,1010.9,11300,12,1011.0,3895,51,1011.1,862,15
317,2025-11-26 13:32:55+05:30,1010.7,3,1000.88,7154734,397941.0,427761.0,986.2,1012.2,981.3,986.2,120385500,1084.8,887.6,1102.5,649.1,1010.6,41,1,1010.5,671,4,1010.4,757,2,1010.3,410,5,1010.2,4727,20,1010.7,79,2,1010.8,207,5,1010.9,11300,12,1011.0,3895,51,1011.1,862,15
317,2025-11-26 13:32:56+05:30,1010.5,10,1000.88,7154988,398006.0,428333.0,986.2,1012.2,981.3,986.2,120385500,1084.8,887.6,1102.5,649.1,1010.5,1239,5,1010.4,110,3,1010.3,559,9,1010.2,6082,20,1010.1,2623,14,1010.7,48,2,1010.8,207,5,1010.9,11167,11,1011.0,3879,51,1011.1,945,17
317,2025-11-26 13:32:56+05:30,1010.7,1,1000.88,7154988,398006.0,428333.0,986.2,1012.2,981.3,986.2,120385500,1084.8,887.6,1102.5,649.1,1010.5,1239,5,1010.4,110,3,1010.3,559,9,1010.2,6082,20,1010.1,2623,14,1010.7,48,2,1010.8,207,5,1010.9,11167,11,1011.0,3879,51,1011.1,945,17
317,2025-11-26 13:32:57+05:30,1010.7,1,1000.88,7154989,398166.0,427715.0,986.2,1012.2,981.3,986.2,120385500,1084.8,887.6,1102.5,649.1,1010.5,1239,5,1010.4,37,2,1010.3,2961,14,1010.2,3905,18,1010.1,2623,14,1010.7,51,5,1010.8,205,3,1010.9,11167,11,1011.0,3879,51,1011.1,945,17
317,2025-11-26 13:32:57+05:30,1010.7,68,1000.88,7154989,398166.0,427715.0,986.2,1012.2,981.3,986.2,120385500,1084.8,887.6,1102.5,649.1,1010.5,1239,5,1010.4,37,2,1010.3,2961,14,1010.2,3905,18,1010.1,2623,14,1010.7,51,5,1010.8,205,3,1010.9,11167,11,1011.0,3879,51,1011.1,945,17
317,2025-11-26 13:32:58+05:30,1010.7,68,1000.88,7155106,398790.0,427760.0,986.2,1012.2,981.3,986.2,120385500,1084.8,887.6,1102.5,649.1,1010.5,1342,7,1010.4,350,5,1010.3,3671,15,1010.2,3802,16,1010.1,2657,15,1010.7,45,1,1010.8,205,3,1010.9,10912,7,1011.0,3835,49,1011.1,865,16
317,2025-11-26 13:32:59+05:30,1010.7,68,1000.88,7155106,398843.0,427785.0,986.2,1012.2,981.3,986.2,120385500,1084.8,887.6,1102.5,649.1,1010.5,1342,7,1010.4,350,5,1010.3,3671,15,1010.2,3802,16,1010.1,2657,15,1010.7,45,1,1010.8,205,3,1010.9,10912,7,1011.0,3835,49,1011.1,865,16
317,2025-11-26 13:32:59+05:30,1010.5,5,1000.88,7155106,398843.0,427785.0,986.2,1012.2,981.3,986.2,120385500,1084.8,887.6,1102.5,649.1,1010.5,1342,7,1010.4,350,5,1010.3,3671,15,1010.2,3802,16,1010.1,2657,15,1010.7,45,1,1010.8,205,3,1010.9,10912,7,1011.0,3835,49,1011.1,865,16
317,2025-11-26 13:33:00+05:30,1010.7,2,1000.88,7155113,398631.0,427919.0,986.2,1012.2,981.3,986.2,120385500,1084.8,887.6,1102.5,649.1,1010.5,1264,6,1010.4,366,5,1010.3,3541,14,1010.2,3802,16,1010.1,2657,15,1010.7,43,1,1010.8,205,3,1010.9,11042,8,1011.0,3835,49,1011.1,865,16
317,2025-11-26 13:33:00+05:30,1010.5,8,1000.88,7155113,398631.0,427919.0,986.2,1012.2,981.3,986.2,120385500,1084.8,887.6,1102.5,649.1,1010.5,1264,6,1010.4,366,5,1010.3,3541,14,1010.2,3802,16,1010.1,2657,15,1010.7,43,1,1010.8,205,3,1010.9,11042,8,1011.0,3835,49,1011.1,865,16
317,2025-11-26 13:33:01+05:30,1010.5,8,1000.88,7155192,399427.0,427257.0,986.2,1012.2,981.3,986.2,120385500,1084.8,887.6,1102.5,649.1,1010.5,1186,6,1010.4,366,5,1010.3,3519,13,1010.2,3912,17,1010.1,2657,15,1010.8,204,3,1010.9,11092,9,1011.0,3790,48,1011.1,865,16,1011.2,1104,11
317,2025-11-26 13:33:02+05:30,1010.5,8,1000.88,7155192,399505.0,426746.0,986.2,1012.2,981.3,986.2,120385500,1084.8,887.6,1102.5,649.1,1010.5,1186,6,1010.4,299,4,1010.3,3645,14,1010.2,3912,17,1010.1,2657,15,1010.8,204,3,1010.9,11099,10,1011.0,3787,47,1011.1,865,16,1011.2,1104,11
317,2025-11-26 13:33:02+05:30,1010.8,4,1000.88,7155192,399505.0,426746.0,986.2,1012.2,981.3,986.2,120385500,1084.8,887.6,1102.5,649.1,1010.5,1186,6,1010.4,299,4,1010.3,3645,14,1010.2,3912,17,1010.1,2657,15,1010.8,204,3,1010.9,11099,10,1011.0,3787,47,1011.1,865,16,1011.2,1104,11
317,2025-11-26 13:33:03+05:30,1010.8,22,1000.88,7155223,399141.0,427496.0,986.2,1012.2,981.3,986.2,120385500,1084.8,887.6,1102.5,649.1,1010.5,1185,6,1010.4,253,4,1010.3,3711,15,1010.2,3912,17,1010.1,2657,15,1010.8,274,4,1010.9,11099,10,1011.0,3787,47,1011.1,865,16,1011.2,1104,11
317,2025-11-26 13:33:03+05:30,1010.8,1,1000.88,7155223,399141.0,427496.0,986.2,1012.2,981.3,986.2,120385500,1084.8,887.6,1102.5,649.1,1010.5,1185,6,1010.4,253,4,1010.3,3711,15,1010.2,3912,17,1010.1,2657,15,1010.8,274,4,1010.9,11099,10,1011.0,3787,47,1011.1,865,16,1011.2,1104,11
317,2025-11-26 13:33:04+05:30,1010.5,11,1000.88,7155235,399130.0,427495.0,986.2,1012.2,981.3,986.2,120385500,1084.8,887.6,1102.5,649.1,1010.5,1174,6,1010.4,253,4,1010.3,3585,14,1010.2,3912,17,1010.1,2657,15,1010.8,273,4,1010.9,11099,10,1011.0,3787,47,1011.1,865,16,1011.2,1104,11
317,2025-11-26 13:33:04+05:30,1010.5,11,1000.88,7155235,399130.0,427495.0,986.2,1012.2,981.3,986.2,120385500,1084.8,887.6,1102.5,649.1,1010.5,1174,6,1010.4,253,4,1010.3,3585,14,1010.2,3912,17,1010.1,2657,15,1010.8,273,4,1010.9,11099,10,1011.0,3787,47,1011.1,865,16,1011.2,1104,11
317,2025-11-26 13:33:05+05:30,1010.8,1,1000.88,7155238,399443.0,427115.0,986.2,1012.2,981.3,986.2,120385500,1084.8,887.6,1102.5,649.1,1010.5,1174,6,1010.4,226,3,1010.3,3711,15,1010.2,3912,17,1010.1,2657,15,1010.8,270,4,1010.9,11099,10,1011.0,3787,47,1011.1,865,16,1011.2,1104,11
317,2025-11-26 13:33:05+05:30,1010.8,1,1000.88,7155238,399443.0,427115.0,986.2,1012.2,981.3,986.2,120385500,1084.8,887.6,1102.5,649.1,1010.5,1174,6,1010.4,226,3,1010.3,3711,15,1010.2,3912,17,1010.1,2657,15,1010.8,270,4,1010.9,11099,10,1011.0,3787,47,1011.1,865,16,1011.2,1104,11
317,2025-11-26 13:33:06+05:30,1010.8,1,1000.88,7155239,399524.0,427793.0,986.2,1012.2,981.3,986.2,120385500,1084.8,887.6,1102.5,649.1,1010.5,1187,7,1010.4,317,5,1010.3,3645,14,1010.2,3912,17,1010.1,2657,15,1010.8,269,4,1010.9,11099,10,1011.0,3787,47,1011.1,865,16,1011.2,1104,11
317,2025-11-26 13:33:07+05:30,1010.5,148,1000.88,7155387,398747.0,428017.0,986.2,1012.2,981.3,986.2,120385500,1084.8,887.6,1102.5,649.1,1010.5,1009,6,1010.4,169,4,1010.3,3711,18,1010.2,3833,12,1010.1,2657,15,1010.7,25,1,1010.8,319,5,1010.9,11146,11,1011.0,3877,49,1011.1,870,17
317,2025-11-26 13:33:07+05:30,1010.5,148,1000.88,7155387,398747.0,428017.0,986.2,1012.2,981.3,986.2,120385500,1084.8,887.6,1102.5,649.1,1010.5,1009,6,1010.4,169,4,1010.3,3711,18,1010.2,3833,12,1010.1,2657,15,1010.7,25,1,1010.8,319,5,1010.9,11146,11,1011.0,3877,49,1011.1,870,17
317,2025-11-26 13:33:08+05:30,1010.7,1,1000.88,7155388,399296.0,427952.0,986.2,1012.2,981.3,986.2,120385500,1084.8,887.6,1102.5,649.1,1010.6,240,1,1010.5,1009,6,1010.4,103,3,1010.3,3790,20,1010.2,3846,13,1010.7,25,2,1010.8,219,4,1010.9,11109,11,1011.0,3877,49,1011.1,870,17
317,2025-11-26 13:33:08+05:30,1010.7,1,1000.88,7155388,399296.0,427952.0,986.2,1012.2,981.3,986.2,120385500,1084.8,887.6,1102.5,649.1,1010.6,240,1,1010.5,1009,6,1010.4,103,3,1010.3,3790,20,1010.2,3846,13,1010.7,25,2,1010.8,219,4,1010.9,11109,11,1011.0,3877,49,1011.1,870,17
317,2025-11-26 13:33:09+05:30,1010.6,6,1000.88,7155394,399359.0,428181.0,986.2,1012.2,981.3,986.2,120385500,1084.8,887.6,1102.5,649.1,1010.6,260,2,1010.5,983,4,1010.4,169,4,1010.3,3598,18,1010.2,3846,13,1010.7,25,2,1010.8,373,5,1010.9,11156,12,1011.0,3905,50,1011.1,870,17
317,2025-11-26 13:33:09+05:30,1010.6,6,1000.88,7155394,399359.0,428181.0,986.2,1012.2,981.3,986.2,120385500,1084.8,887.6,1102.5,649.1,1010.6,260,2,1010.5,983,4,1010.4,169,4,1010.3,3598,18,1010.2,3846,13,1010.7,25,2,1010.8,373,5,1010.9,11156,12,1011.0,3905,50,1011.1,870,17
317,2025-11-26 13:33:10+05:30,1010.7,1,1000.88,7155396,399359.0,428025.0,986.2,1012.2,981.3,986.2,120385500,1084.8,887.6,1102.5,649.1,1010.6,260,2,1010.5,983,4,1010.4,169,4,1010.3,3724,19,1010.2,3846,13,1010.7,23,2,1010.8,309,5,1010.9,11156,12,1011.0,3815,49,1011.1,870,17
317,2025-11-26 13:33:10+05:30,1010.7,2,1000.88,7155396,399359.0,428025.0,986.2,1012.2,981.3,986.2,120385500,1084.8,887.6,1102.5,649.1,1010.6,260,2,1010.5,983,4,1010.4,169,4,1010.3,3724,19,1010.2,3846,13,1010.7,23,2,1010.8,309,5,1010.9,11156,12,1011.0,3815,49,1011.1,870,17
317,2025-11-26 13:33:11+05:30,1010.7,2,1000.88,7155398,399289.0,428121.0,986.2,1012.2,981.3,986.2,120385500,1084.8,887.6,1102.5,649.1,1010.6,260,2,1010.5,983,4,1010.4,103,3,1010.3,3657,19,1010.2,3846,13,1010.7,129,3,1010.8,404,7,1010.9,11106,11,1011.0,3760,48,1011.1,870,17
317,2025-11-26 13:33:12+05:30,1010.7,2,1000.88,7155398,398825.0,429195.0,986.2,1012.2,981.3,986.2,120385500,1084.8,887.6,1102.5,649.1,1010.6,260,2,1010.5,233,3,1010.4,757,2,1010.3,252,4,1010.2,3754,13,1010.7,175,4,1010.8,592,9,1010.9,11380,15,1011.0,3918,49,1011.1,935,18
317,2025-11-26 13:33:12+05:30,1010.7,12,1000.88,7155398,398825.0,429195.0,986.2,1012.2,981.3,986.2,120385500,1084.8,887.6,1102.5,649.1,1010.6,260,2,1010.5,233,3,1010.4,757,2,1010.3,252,4,1010.2,3754,13,1010.7,175,4,1010.8,592,9,1010.9,11380,15,1011.0,3918,49,1011.1,935,18
317,2025-11-26 13:33:13+05:30,1010.6,79,1000.88,7155512,398706.0,428733.0,986.2,1012.2,981.3,986.2,120385500,1084.8,887.6,1102.5,649.1,1010.6,931,3,1010.5,233,3,1010.3,553,4,1010.2,3741,12,1010.1,3378,16,1010.7,248,4,1010.8,592,9,1010.9,11321,14,1011.0,3952,49,1011.1,935,18
317,2025-11-26 13:33:13+05:30,1010.6,79,1000.88,7155512,398706.0,428733.0,986.2,1012.2,981.3,986.2,120385500,1084.8,887.6,1102.5,649.1,1010.6,931,3,1010.5,233,3,1010.3,553,4,1010.2,3741,12,1010.1,3378,16,1010.7,248,4,1010.8,592,9,1010.9,11321,14,1011.0,3952,49,1011.1,935,18
317,2025-11-26 13:33:14+05:30,1010.7,13,1000.88,7155627,399079.0,428642.0,986.2,1012.2,981.3,986.2,120385500,1084.8,887.6,1102.5,649.1,1010.6,931,3,1010.5,233,3,1010.3,219,3,1010.2,3802,13,1010.1,3378,16,1010.7,216,3,1010.8,440,8,1010.9,11380,15,1011.0,3943,51,1011.1,909,16
317,2025-11-26 13:33:14+05:30,1010.7,13,1000.88,7155627,399079.0,428642.0,986.2,1012.2,981.3,986.2,120385500,1084.8,887.6,1102.5,649.1,1010.6,931,3,1010.5,233,3,1010.3,219,3,1010.2,3802,13,1010.1,3378,16,1010.7,216,3,1010.8,440,8,1010.9,11380,15,1011.0,3943,51,1011.1,909,16
317,2025-11-26 13:33:15+05:30,1010.7,2,1000.88,7155777,398948.0,428640.0,986.2,1012.2,981.3,986.2,120385500,1084.8,887.6,1102.5,649.1,1010.6,783,3,1010.5,233,3,1010.3,219,3,1010.2,3802,13,1010.1,3440,17,1010.7,214,3,1010.8,625,10,1010.9,11321,14,1011.0,3943,51,1011.1,909,16
317,2025-11-26 13:33:15+05:30,1010.7,1,1000.88,7155777,398948.0,428640.0,986.2,1012.2,981.3,986.2,120385500,1084.8,887.6,1102.5,649.1,1010.6,783,3,1010.5,233,3,1010.3,219,3,1010.2,3802,13,1010.1,3440,17,1010.7,214,3,1010.8,625,10,1010.9,11321,14,1011.0,3943,51,1011.1,909,16
317,2025-11-26 13:33:16+05:30,1010.6,125,1000.88,7155936,398895.0,428611.0,986.2,1012.2,981.3,986.2,120385500,1084.8,887.6,1102.5,649.1,1010.6,625,1,1010.5,233,3,1010.3,280,4,1010.2,3802,13,1010.1,3440,17,1010.7,258,4,1010.8,625,10,1010.9,11321,14,1011.0,3943,51,1011.1,909,16
317,2025-11-26 13:33:16+05:30,1010.6,125,1000.88,7155936,398895.0,428611.0,986.2,1012.2,981.3,986.2,120385500,1084.8,887.6,1102.5,649.1,1010.6,625,1,1010.5,233,3,1010.3,280,4,1010.2,3802,13,1010.1,3440,17,1010.7,258,4,1010.8,625,10,1010.9,11321,14,1011.0,3943,51,1011.1,909,16
317,2025-11-26 13:33:17+05:30,1010.6,63,1000.88,7156035,398837.0,428775.0,986.2,1012.2,981.3,986.2,120385500,1084.8,887.6,1102.5,649.1,1010.6,552,1,1010.5,233,3,1010.3,280,4,1010.2,3802,13,1010.1,3440,17,1010.7,224,3,1010.8,566,9,1010.9,11380,15,1011.0,3943,51,1011.1,844,15
317,2025-11-26 13:33:17+05:30,1010.6,63,1000.88,7156035,398837.0,428775.0,986.2,1012.2,981.3,986.2,120385500,1084.8,887.6,1102.5,649.1,1010.6,552,1,1010.5,233,3,1010.3,280,4,1010.2,3802,13,1010.1,3440,17,1010.7,224,3,1010.8,566,9,1010.9,11380,15,1011.0,3943,51,1011.1,844,15
317,2025-11-26 13:33:18+05:30,1010.6,63,1000.88,7156035,398777.0,428257.0,986.2,1012.2,981.3,986.2,120385500,1084.8,887.6,1102.5,649.1,1010.6,552,1,1010.5,233,3,1010.3,280,4,1010.2,3802,13,1010.1,3440,17,1010.7,224,3,1010.8,566,9,1010.9,11380,15,1011.0,3948,52,1011.1,844,15
317,2025-11-26 13:33:20+05:30,1010.7,1,1000.88,7156035,398777.0,428257.0,986.2,1012.2,981.3,986.2,120385500,1084.8,887.6,1102.5,649.1,1010.6,552,1,1010.5,233,3,1010.3,280,4,1010.2,3802,13,1010.1,3440,17,1010.7,224,3,1010.8,566,9,1010.9,11380,15,1011.0,3948,52,1011.1,844,15
317,2025-11-26 13:33:21+05:30,1010.7,1,1000.88,7156037,398790.0,428622.0,986.2,1012.2,981.3,986.2,120385500,1084.8,887.6,1102.5,649.1,1010.6,565,2,1010.5,233,3,1010.3,280,4,1010.2,3802,13,1010.1,3440,17,1010.7,222,4,1010.8,603,10,1010.9,11380,15,1011.0,3948,52,1011.1,844,15
317,2025-11-26 13:33:22+05:30,1010.7,4,1000.88,7156037,398790.0,428622.0,986.2,1012.2,981.3,986.2,120385500,1084.8,887.6,1102.5,649.1,1010.6,565,2,1010.5,233,3,1010.3,280,4,1010.2,3802,13,1010.1,3440,17,1010.7,222,4,1010.8,603,10,1010.9,11380,15,1011.0,3948,52,1011.1,844,15
317,2025-11-26 13:33:24+05:30,1010.7,2,1000.88,7156037,398790.0,428622.0,986.2,1012.2,981.3,986.2,120385500,1084.8,887.6,1102.5,649.1,1010.6,565,2,1010.5,233,3,1010.3,280,4,1010.2,3802,13,1010.1,3440,17,1010.7,222,4,1010.8,603,10,1010.9,11380,15,1011.0,3948,52,1011.1,844,15
317,2025-11-26 13:33:25+05:30,1010.6,50,1000.88,7156307,397992.0,428494.0,986.2,1012.2,981.3,986.2,120385500,1084.8,887.6,1102.5,649.1,1010.6,381,4,1010.5,233,3,1010.3,427,3,1010.2,3764,12,1010.1,3440,17,1010.7,145,3,1010.8,575,9,1010.9,11258,13,1011.0,4043,53,1011.1,849,16
317,2025-11-26 13:33:26+05:30,1010.7,1,1000.88,7156307,397992.0,428494.0,986.2,1012.2,981.3,986.2,120385500,1084.8,887.6,1102.5,649.1,1010.6,381,4,1010.5,233,3,1010.3,427,3,1010.2,3764,12,1010.1,3440,17,1010.7,145,3,1010.8,575,9,1010.9,11258,13,1011.0,4043,53,1011.1,849,16
317,2025-11-26 13:33:28+05:30,1010.7,100,1000.88,7156714,398541.0,428514.0,986.2,1012.2,981.3,986.2,120385500,1084.8,887.6,1102.5,649.1,1010.6,105,4,1010.5,233,3,1010.3,70,2,1010.2,4598,16,1010.1,3466,18,1010.7,197,3,1010.8,470,7,1010.9,11462,15,1011.0,3976,51,1011.1,875,18
317,2025-11-26 13:33:29+05:30,1010.7,100,1000.88,7156714,398541.0,428514.0,986.2,1012.2,981.3,986.2,120385500,1084.8,887.6,1102.5,649.1,1010.6,105,4,1010.5,233,3,1010.3,70,2,1010.2,4598,16,1010.1,3466,18,1010.7,197,3,1010.8,470,7,1010.9,11462,15,1011.0,3976,51,1011.1,875,18
317,2025-11-26 13:33:31+05:30,1010.5,8,1000.88,7156714,398541.0,428514.0,986.2,1012.2,981.3,986.2,120385500,1084.8,887.6,1102.5,649.1,1010.6,105,4,1010.5,233,3,1010.3,70,2,1010.2,4598,16,1010.1,3466,18,1010.7,197,3,1010.8,470,7,1010.9,11462,15,1011.0,3976,51,1011.1,875,18
317,2025-11-26 13:33:32+05:30,1010.7,1,1000.88,7156925,393179.0,430090.0,986.2,1012.2,981.3,986.2,120385500,1084.8,887.6,1102.5,649.1,1010.5,188,4,1010.4,5,1,1010.3,755,2,1010.2,385,3,1010.1,1111,13,1010.7,519,6,1010.8,1403,17,1010.9,11631,18,1011.0,3961,51,1011.1,781,15
317,2025-11-26 13:33:33+05:30,1010.7,23,1000.88,7156925,393179.0,430090.0,986.2,1012.2,981.3,986.2,120385500,1084.8,887.6,1102.5,649.1,1010.5,188,4,1010.4,5,1,1010.3,755,2,1010.2,385,3,1010.1,1111,13,1010.7,519,6,1010.8,1403,17,1010.9,11631,18,1011.0,3961,51,1011.1,781,15
317,2025-11-26 13:33:35+05:30,1010.5,3,1000.88,7156925,393179.0,430090.0,986.2,1012.2,981.3,986.2,120385500,1084.8,887.6,1102.5,649.1,1010.5,188,4,1010.4,5,1,1010.3,755,2,1010.2,385,3,1010.1,1111,13,1010.7,519,6,1010.8,1403,17,1010.9,11631,18,1011.0,3961,51,1011.1,781,15
317,2025-11-26 13:33:36+05:30,1010.7,2,1000.88,7156964,392351.0,429595.0,986.2,1012.2,981.3,986.2,120385500,1084.8,887.6,1102.5,649.1,1010.6,117,2,1010.5,198,5,1010.4,5,1,1010.3,750,1,1010.2,441,4,1010.7,385,7,1010.8,996,15,1010.9,11459,16,1011.0,4018,54,1011.1,781,15
317,2025-11-26 13:33:37+05:30,1010.7,2,1000.88,7156964,392351.0,429595.0,986.2,1012.2,981.3,986.2,120385500,1084.8,887.6,1102.5,649.1,1010.6,117,2,1010.5,198,5,1010.4,5,1,1010.3,750,1,1010.2,441,4,1010.7,385,7,1010.8,996,15,1010.9,11459,16,1011.0,4018,54,1011.1,781,15
317,2025-11-26 13:33:39+05:30,1010.3,132,1000.88,7156964,392351.0,429595.0,986.2,1012.2,981.3,986.2,120385500,1084.8,887.6,1102.5,649.1,1010.6,117,2,1010.5,198,5,1010.4,5,1,1010.3,750,1,1010.2,441,4,1010.7,385,7,1010.8,996,15,1010.9,11459,16,1011.0,4018,54,1011.1,781,15
317,2025-11-26 13:33:40+05:30,1010.3,1,1000.88,7157666,390973.0,431000.0,986.2,1012.2,981.3,986.2,120385500,1084.8,887.6,1102.5,649.1,1010.3,630,2,1010.2,193,1,1010.1,641,7,1010.0,1387,19,1009.9,2413,13,1010.6,429,7,1010.7,925,14,1010.8,1628,22,1010.9,11581,17,1011.0,3912,52
317,2025-11-26 13:33:41+05:30,1010.6,2,1000.88,7157666,390973.0,431000.0,986.2,1012.2,981.3,986.2,120385500,1084.8,887.6,1102.5,649.1,1010.3,630,2,1010.2,193,1,1010.1,641,7,1010.0,1387,19,1009.9,2413,13,1010.6,429,7,1010.7,925,14,1010.8,1628,22,1010.9,11581,17,1011.0,3912,52
317,2025-11-26 13:33:43+05:30,1010.5,5,1000.88,7157666,390973.0,431000.0,986.2,1012.2,981.3,986.2,120385500,1084.8,887.6,1102.5,649.1,1010.3,630,2,1010.2,193,1,1010.1,641,7,1010.0,1387,19,1009.9,2413,13,1010.6,429,7,1010.7,925,14,1010.8,1628,22,1010.9,11581,17,1011.0,3912,52
317,2025-11-26 13:33:44+05:30,1010.5,3,1000.88,7157833,387934.0,433816.0,986.2,1012.2,981.3,986.2,120385500,1084.8,887.6,1102.5,649.1,1010.3,23,2,1010.2,95,1,1010.1,1,1,1010.0,744,3,1009.9,540,6,1010.5,842,8,1010.6,1254,16,1010.7,1165,16,1010.8,1525,25,1010.9,11425,14
317,2025-11-26 13:33:45+05:30,1010.5,3,1000.88,7157833,387934.0,433816.0,986.2,1012.2,981.3,986.2,120385500,1084.8,887.6,1102.5,649.1,1010.3,23,2,1010.2,95,1,1010.1,1,1,1010.0,744,3,1009.9,540,6,1010.5,842,8,1010.6,1254,16,1010.7,1165,16,1010.8,1525,25,1010.9,11425,14
317,2025-11-26 13:33:47+05:30,1010.0,86,1000.88,7157833,387934.0,433816.0,986.2,1012.2,981.3,986.2,120385500,1084.8,887.6,1102.5,649.1,1010.3,23,2,1010.2,95,1,1010.1,1,1,1010.0,744,3,1009.9,540,6,1010.5,842,8,1010.6,1254,16,1010.7,1165,16,1010.8,1525,25,1010.9,11425,14
317,2025-11-26 13:33:48+05:30,1010.0,1,1000.88,7158068,388170.0,433499.0,986.2,1012.2,981.3,986.2,120385500,1084.8,887.6,1102.5,649.1,1010.0,703,2,1009.9,411,4,1009.8,794,10,1009.7,1307,13,1009.6,2641,20,1010.5,1070,13,1010.6,1288,20,1010.7,1109,13,1010.8,1602,24,1010.9,11538,16
317,2025-11-26 13:33:49+05:30,1010.0,1,1000.88,7158068,388170.0,433499.0,986.2,1012.2,981.3,986.2,120385500,1084.8,887.6,1102.5,649.1,1010.0,703,2,1009.9,411,4,1009.8,794,10,1009.7,1307,13,1009.6,2641,20,1010.5,1070,13,1010.6,1288,20,1010.7,1109,13,1010.8,1602,24,1010.9,11538,16
317,2025-11-26 13:33:51+05:30,1010.0,137,1000.88,7158068,388170.0,433499.0,986.2,1012.2,981.3,986.2,120385500,1084.8,887.6,1102.5,649.1,1010.0,703,2,1009.9,411,4,1009.8,794,10,1009.7,1307,13,1009.6,2641,20,1010.5,1070,13,1010.6,1288,20,1010.7,1109,13,1010.8,1602,24,1010.9,11538,16
317,2025-11-26 13:33:52+05:30,1010.0,137,1000.88,7158221,388995.0,433775.0,986.2,1012.2,981.3,986.2,120385500,1084.8,887.6,1102.5,649.1,1010.0,472,2,1009.9,260,3,1009.8,662,8,1009.7,1236,12,1009.6,2539,19,1010.4,359,7,1010.5,1076,12,1010.6,1338,19,1010.7,1159,16,1010.8,1637,25
317,2025-11-26 13:33:55+05:30,1010.0,68,1000.88,7158221,388995.0,433775.0,986.2,1012.2,981.3,986.2,120385500,1084.8,887.6,1102.5,649.1,1010.0,472,2,1009.9,260,3,1009.8,662,8,1009.7,1236,12,1009.6,2539,19,1010.4,359,7,1010.5,1076,12,1010.6,1338,19,1010.7,1159,16,1010.8,1637,25
317,2025-11-26 13:33:56+05:30,1010.0,10,1000.88,7158552,390123.0,424889.0,986.2,1012.2,981.3,986.2,120385500,1084.8,887.6,1102.5,649.1,1010.0,333,3,1009.9,310,4,1009.8,779,12,1009.7,1178,10,1009.6,3220,19,1010.3,435,2,1010.4,3,3,1010.5,1236,9,1010.6,1020,11,1010.7,2115,17
317,2025-11-26 13:33:57+05:30,1010.0,10,1000.88,7158552,390123.0,424889.0,986.2,1012.2,981.3,986.2,120385500,1084.8,887.6,1102.5,649.1,1010.0,333,3,1009.9,310,4,1009.8,779,12,1009.7,1178,10,1009.6,3220,19,1010.3,435,2,1010.4,3,3,1010.5,1236,9,1010.6,1020,11,1010.7,2115,17
317,2025-11-26 13:33:59+05:30,1009.8,60,1000.88,7158552,390123.0,424889.0,986.2,1012.2,981.3,986.2,120385500,1084.8,887.6,1102.5,649.1,1010.0,333,3,1009.9,310,4,1009.8,779,12,1009.7,1178,10,1009.6,3220,19,1010.3,435,2,1010.4,3,3,1010.5,1236,9,1010.6,1020,11,1010.7,2115,17
317,2025-11-26 13:34:00+05:30,1010.3,1,1000.88,7159190,390419.0,425428.0,986.2,1012.2,981.3,986.2,120385500,1084.8,887.6,1102.5,649.1,1010.0,750,1,1009.9,49,1,1009.8,573,5,1009.7,836,16,1009.6,3188,14,1010.3,338,4,1010.4,497,9,1010.5,824,10,1010.6,1529,13,1010.7,1981,17
317,2025-11-26 13:34:01+05:30,1010.0,8,1000.88,7159190,390419.0,425428.0,986.2,1012.2,981.3,986.2,120385500,1084.8,887.6,1102.5,649.1,1010.0,750,1,1009.9,49,1,1009.8,573,5,1009.7,836,16,1009.6,3188,14,1010.3,338,4,1010.4,497,9,1010.5,824,10,1010.6,1529,13,1010.7,1981,17
317,2025-11-26 13:34:03+05:30,1010.3,23,1000.88,7159190,390419.0,425428.0,986.2,1012.2,981.3,986.2,120385500,1084.8,887.6,1102.5,649.1,1010.0,750,1,1009.9,49,1,1009.8,573,5,1009.7,836,16,1009.6,3188,14,1010.3,338,4,1010.4,497,9,1010.5,824,10,1010.6,1529,13,1010.7,1981,17
317,2025-11-26 13:34:03+05:30,1010.3,23,1000.88,7159284,390557.0,425594.0,986.2,1012.2,981.3,986.2,120385500,1084.8,887.6,1102.5,649.1,1010.0,763,3,1009.9,335,3,1009.8,478,6,1009.7,880,17,1009.6,3188,14,1010.3,248,2,1010.4,752,8,1010.5,972,13,1010.6,1036,14,1010.7,2106,15
317,2025-11-26 13:34:05+05:30,1010.3,1,1000.88,7159284,390557.0,425594.0,986.2,1012.2,981.3,986.2,120385500,1084.8,887.6,1102.5,649.1,1010.0,763,3,1009.9,335,3,1009.8,478,6,1009.7,880,17,1009.6,3188,14,1010.3,248,2,1010.4,752,8,1010.5,972,13,1010.6,1036,14,1010.7,2106,15
317,2025-11-26 13:34:07+05:30,1010.2,49,1000.88,7159284,390557.0,425594.0,986.2,1012.2,981.3,986.2,120385500,1084.8,887.6,1102.5,649.1,1010.0,763,3,1009.9,335,3,1009.8,478,6,1009.7,880,17,1009.6,3188,14,1010.3,248,2,1010.4,752,8,1010.5,972,13,1010.6,1036,14,1010.7,2106,15
317,2025-11-26 13:34:07+05:30,1010.0,30,1000.88,7159442,392020.0,425915.0,986.2,1012.2,981.3,986.2,120385500,1084.8,887.6,1102.5,649.1,1010.0,683,3,1009.9,216,2,1009.8,463,6,1009.7,1402,20,1009.6,3963,16,1010.2,109,1,1010.3,251,6,1010.4,379,7,1010.5,926,13,1010.6,1575,13
317,2025-11-26 13:34:09+05:30,1010.2,1,1000.88,7159442,392020.0,425915.0,986.2,1012.2,981.3,986.2,120385500,1084.8,887.6,1102.5,649.1,1010.0,683,3,1009.9,216,2,1009.8,463,6,1009.7,1402,20,1009.6,3963,16,1010.2,109,1,1010.3,251,6,1010.4,379,7,1010.5,926,13,1010.6,1575,13
317,2025-11-26 13:34:11+05:30,1010.2,2,1000.88,7159442,392020.0,425915.0,986.2,1012.2,981.3,986.2,120385500,1084.8,887.6,1102.5,649.1,1010.0,683,3,1009.9,216,2,1009.8,463,6,1009.7,1402,20,1009.6,3963,16,1010.2,109,1,1010.3,251,6,1010.4,379,7,1010.5,926,13,1010.6,1575,13
317,2025-11-26 13:34:12+05:30,1010.2,49,1000.88,7159631,391738.0,426137.0,986.2,1012.2,981.3,986.2,120385500,1084.8,887.6,1102.5,649.1,1010.0,547,3,1009.9,96,1,1009.8,378,4,1009.7,1334,19,1009.6,3970,16,1010.2,270,2,1010.3,184,7,1010.4,1141,11,1010.5,833,11,1010.6,1036,14
317,2025-11-26 13:34:13+05:30,1010.2,6,1000.88,7159631,391738.0,426137.0,986.2,1012.2,981.3,986.2,120385500,1084.8,887.6,1102.5,649.1,1010.0,547,3,1009.9,96,1,1009.8,378,4,1009.7,1334,19,1009.6,3970,16,1010.2,270,2,1010.3,184,7,1010.4,1141,11,1010.5,833,11,1010.6,1036,14
317,2025-11-26 13:34:15+05:30,1010.1,1,1000.88,7159631,391738.0,426137.0,986.2,1012.2,981.3,986.2,120385500,1084.8,887.6,1102.5,649.1,1010.0,547,3,1009.9,96,1,1009.8,378,4,1009.7,1334,19,1009.6,3970,16,1010.2,270,2,1010.3,184,7,1010.4,1141,11,1010.5,833,11,1010.6,1036,14
317,2025-11-26 13:34:15+05:30,1010.2,2,1000.89,7160335,391747.0,425513.0,986.2,1012.2,981.3,986.2,120385500,1084.8,887.6,1102.5,649.1,1010.0,134,2,1009.9,144,3,1009.8,862,9,1009.7,1029,18,1009.6,3792,12,1010.2,170,3,1010.3,149,7,1010.4,332,6,1010.5,1296,12,1010.6,1159,20
317,2025-11-26 13:34:17+05:30,1010.0,2,1000.89,7160335,391747.0,425513.0,986.2,1012.2,981.3,986.2,120385500,1084.8,887.6,1102.5,649.1,1010.0,134,2,1009.9,144,3,1009.8,862,9,1009.7,1029,18,1009.6,3792,12,1010.2,170,3,1010.3,149,7,1010.4,332,6,1010.5,1296,12,1010.6,1159,20
317,2025-11-26 13:34:19+05:30,1010.0,1,1000.89,7160335,391747.0,425513.0,986.2,1012.2,981.3,986.2,120385500,1084.8,887.6,1102.5,649.1,1010.0,134,2,1009.9,144,3,1009.8,862,9,1009.7,1029,18,1009.6,3792,12,1010.2,170,3,1010.3,149,7,1010.4,332,6,1010.5,1296,12,1010.6,1159,20
317,2025-11-26 13:34:19+05:30,1010.2,49,1000.89,7160459,391946.0,425801.0,986.2,1012.2,981.3,986.2,120385500,1084.8,887.6,1102.5,649.1,1010.0,73,3,1009.9,97,2,1009.8,698,7,1009.7,1073,19,1009.6,3959,15,1010.2,268,8,1010.3,145,3,1010.4,513,10,1010.5,1252,11,1010.6,1139,20
317,2025-11-26 13:34:20+05:30,1010.2,1,1000.89,7160461,391953.0,425515.0,986.2,1012.2,981.3,986.2,120385500,1084.8,887.6,1102.5,649.1,1010.0,78,4,1009.9,97,2,1009.8,818,8,1009.7,1073,19,1009.6,3922,14,1010.2,266,8,1010.3,145,3,1010.4,469,9,1010.5,829,11,1010.6,1115,19
317,2025-11-26 13:34:21+05:30,1010.2,1,1000.89,7160461,391953.0,425515.0,986.2,1012.2,981.3,986.2,120385500,1084.8,887.6,1102.5,649.1,1010.0,78,4,1009.9,97,2,1009.8,818,8,1009.7,1073,19,1009.6,3922,14,1010.2,266,8,1010.3,145,3,1010.4,469,9,1010.5,829,11,1010.6,1115,19
317,2025-11-26 13:34:22+05:30,1010.2,1,1000.89,7160461,391953.0,425655.0,986.2,1012.2,981.3,986.2,120385500,1084.8,887.6,1102.5,649.1,1010.0,78,4,1009.9,97,2,1009.8,818,8,1009.7,1073,19,1009.6,3922,14,1010.2,266,8,1010.3,145,3,1010.4,469,9,1010.5,829,11,1010.6,1685,20
317,2025-11-26 13:34:23+05:30,1010.2,23,1000.89,7160461,391953.0,425655.0,986.2,1012.2,981.3,986.2,120385500,1084.8,887.6,1102.5,649.1,1010.0,78,4,1009.9,97,2,1009.8,818,8,1009.7,1073,19,1009.6,3922,14,1010.2,266,8,1010.3,145,3,1010.4,469,9,1010.5,829,11,1010.6,1685,20
317,2025-11-26 13:34:23+05:30,1010.2,23,1000.89,7160492,391990.0,426628.0,986.2,1012.2,981.3,986.2,120385500,1084.8,887.6,1102.5,649.1,1010.0,78,4,1009.9,97,2,1009.8,818,8,1009.7,1073,19,1009.6,3959,15,1010.2,235,8,1010.3,145,3,1010.4,425,8,1010.5,877,12,1010.6,1685,20
317,2025-11-26 13:34:24+05:30,1010.2,1,1000.89,7160492,391990.0,426628.0,986.2,1012.2,981.3,986.2,120385500,1084.8,887.6,1102.5,649.1,1010.0,78,4,1009.9,97,2,1009.8,818,8,1009.7,1073,19,1009.6,3959,15,1010.2,235,8,1010.3,145,3,1010.4,425,8,1010.5,877,12,1010.6,1685,20
317,2025-11-26 13:34:24+05:30,1010.2,1,1000.89,7160493,391874.0,426651.0,986.2,1012.2,981.3,986.2,120385500,1084.8,887.6,1102.5,649.1,1010.0,78,4,1009.9,97,2,1009.8,746,8,1009.7,1029,18,1009.6,3959,15,1010.2,279,9,1010.3,145,3,1010.4,376,7,1010.5,877,12,1010.6,1685,20
317,2025-11-26 13:34:25+05:30,1010.2,2,1000.89,7160495,392085.0,426621.0,986.2,1012.2,981.3,986.2,120385500,1084.8,887.6,1102.5,649.1,1010.0,78,4,1009.9,97,2,1009.8,866,9,1009.7,1029,18,1009.6,3959,15,1010.2,277,9,1010.3,145,3,1010.4,376,7,1010.5,877,12,1010.6,1685,20
317,2025-11-26 13:34:26+05:30,1010.2,2,1000.89,7160495,392085.0,426621.0,986.2,1012.2,981.3,986.2,120385500,1084.8,887.6,1102.5,649.1,1010.0,78,4,1009.9,97,2,1009.8,866,9,1009.7,1029,18,1009.6,3959,15,1010.2,277,9,1010.3,145,3,1010.4,376,7,1010.5,877,12,1010.6,1685,20
317,2025-11-26 13:34:26+05:30,1010.2,2,1000.89,7160523,392050.0,426582.0,986.2,1012.2,981.3,986.2,120385500,1084.8,887.6,1102.5,649.1,1010.0,78,4,1009.9,178,4,1009.8,794,9,1009.7,985,17,1009.6,3959,15,1010.2,341,11,1010.3,145,3,1010.4,376,7,1010.5,829,11,1010.6,1733,21
317,2025-11-26 13:34:27+05:30,1010.2,1,1000.89,7160523,392050.0,426582.0,986.2,1012.2,981.3,986.2,120385500,1084.8,887.6,1102.5,649.1,1010.0,78,4,1009.9,178,4,1009.8,794,9,1009.7,985,17,1009.6,3959,15,1010.2,341,11,1010.3,145,3,1010.4,376,7,1010.5,829,11,1010.6,1733,21
317,2025-11-26 13:34:27+05:30,1010.2,1,1000.89,7160524,392099.0,426549.0,986.2,1012.2,981.3,986.2,120385500,1084.8,887.6,1102.5,649.1,1010.0,78,4,1009.9,178,4,1009.8,914,10,1009.7,985,17,1009.6,3959,15,1010.2,340,11,1010.3,145,3,1010.4,376,7,1010.5,829,11,1010.6,1701,21
317,2025-11-26 13:34:28+05:30,1010.2,9,1000.89,7160524,392099.0,426549.0,986.2,1012.2,981.3,986.2,120385500,1084.8,887.6,1102.5,649.1,1010.0,78,4,1009.9,178,4,1009.8,914,10,1009.7,985,17,1009.6,3959,15,1010.2,340,11,1010.3,145,3,1010.4,376,7,1010.5,829,11,1010.6,1701,21
317,2025-11-26 13:34:28+05:30,1010.2,9,1000.89,7160533,391973.0,426473.0,986.2,1012.2,981.3,986.2,120385500,1084.8,887.6,1102.5,649.1,1010.0,78,4,1009.9,178,4,1009.8,914,10,1009.7,985,17,1009.6,3959,15,1010.2,331,11,1010.3,145,3,1010.4,376,7,1010.5,829,11,1010.6,1634,21
317,2025-11-26 13:34:29+05:30,1010.2,9,1000.89,7160533,391818.0,426993.0,986.2,1012.2,981.3,986.2,120385500,1084.8,887.6,1102.5,649.1,1010.0,78,4,1009.9,143,3,1009.8,794,9,1009.7,985,17,1009.6,3959,15,1010.2,331,11,1010.3,145,3,1010.4,376,7,1010.5,829,11,1010.6,1137,18
317,2025-11-26 13:34:30+05:30,1010.2,17,1000.89,7160588,391966.0,426900.0,986.2,1012.2,981.3,986.2,120385500,1084.8,887.6,1102.5,649.1,1010.0,78,4,1009.9,221,5,1009.8,866,9,1009.7,985,17,1009.6,3959,15,1010.2,276,9,1010.3,145,3,1010.4,340,6,1010.5,829,11,1010.6,1137,18
317,2025-11-26 13:34:31+05:30,1010.0,8,1000.89,7160588,391966.0,426900.0,986.2,1012.2,981.3,986.2,120385500,1084.8,887.6,1102.5,649.1,1010.0,78,4,1009.9,221,5,1009.8,866,9,1009.7,985,17,1009.6,3959,15,1010.2,276,9,1010.3,145,3,1010.4,340,6,1010.5,829,11,1010.6,1137,18
317,2025-11-26 13:34:31+05:30,1010.0,8,1000.89,7160597,391960.0,426915.0,986.2,1012.2,981.3,986.2,120385500,1084.8,887.6,1102.5,649.1,1010.0,70,4,1009.9,221,5,1009.8,866,9,1009.7,985,17,1009.6,3959,15,1010.2,275,9,1010.3,145,3,1010.4,340,6,1010.5,829,11,1010.6,1137,18
317,2025-11-26 13:34:32+05:30,1010.0,10,1000.89,7160597,391960.0,426915.0,986.2,1012.2,981.3,986.2,120385500,1084.8,887.6,1102.5,649.1,1010.0,70,4,1009.9,221,5,1009.8,866,9,1009.7,985,17,1009.6,3959,15,1010.2,275,9,1010.3,145,3,1010.4,340,6,1010.5,829,11,1010.6,1137,18
317,2025-11-26 13:34:32+05:30,1010.0,10,1000.89,7160622,391960.0,426803.0,986.2,1012.2,981.3,986.2,120385500,1084.8,887.6,1102.5,649.1,1010.0,60,4,1009.9,671,7,1009.8,536,8,1009.7,985,17,1009.6,3959,15,1010.2,260,9,1010.3,145,3,1010.4,340,6,1010.5,829,11,1010.6,1137,18
317,2025-11-26 13:34:33+05:30,1010.0,11,1000.89,7160622,391960.0,426803.0,986.2,1012.2,981.3,986.2,120385500,1084.8,887.6,1102.5,649.1,1010.0,60,4,1009.9,671,7,1009.8,536,8,1009.7,985,17,1009.6,3959,15,1010.2,260,9,1010.3,145,3,1010.4,340,6,1010.5,829,11,1010.6,1137,18
317,2025-11-26 13:34:33+05:30,1010.2,49,1000.89,7160783,392577.0,426267.0,986.2,1012.2,981.3,986.2,120385500,1084.8,887.6,1102.5,649.1,1010.0,752,2,1009.9,1,1,1009.8,840,8,1009.7,982,15,1009.6,4006,18,1010.2,170,9,1010.3,145,3,1010.4,296,6,1010.5,821,12,1010.6,1521,17
317,2025-11-26 13:34:34+05:30,1010.2,49,1000.89,7160783,392577.0,426267.0,986.2,1012.2,981.3,986.2,120385500,1084.8,887.6,1102.5,649.1,1010.0,752,2,1009.9,1,1,1009.8,840,8,1009.7,982,15,1009.6,4006,18,1010.2,170,9,1010.3,145,3,1010.4,296,6,1010.5,821,12,1010.6,1521,17
317,2025-11-26 13:34:34+05:30,1010.2,1,1000.89,7160784,392575.0,426119.0,986.2,1012.2,981.3,986.2,120385500,1084.8,887.6,1102.5,649.1,1010.0,750,1,1009.9,1,1,1009.8,884,9,1009.7,938,14,1009.6,4006,18,1010.2,169,9,1010.3,145,3,1010.4,296,6,1010.5,821,12,1010.6,1521,17
317,2025-11-26 13:34:35+05:30,1010.2,1,1000.89,7160784,392575.0,426119.0,986.2,1012.2,981.3,986.2,120385500,1084.8,887.6,1102.5,649.1,1010.0,750,1,1009.9,1,1,1009.8,884,9,1009.7,938,14,1009.6,4006,18,1010.2,169,9,1010.3,145,3,1010.4,296,6,1010.5,821,12,1010.6,1521,17
317,2025-11-26 13:34:35+05:30,1010.2,1,1000.89,7160787,392629.0,426369.0,986.2,1012.2,981.3,986.2,120385500,1084.8,887.6,1102.5,649.1,1010.1,112,1,1010.0,750,1,1009.9,1,1,1009.8,929,10,1009.7,938,14,1010.2,257,10,1010.3,145,3,1010.4,246,5,1010.5,777,11,1010.6,1565,18
317,2025-11-26 13:34:36+05:30,1010.2,1,1000.89,7160787,392629.0,426369.0,986.2,1012.2,981.3,986.2,120385500,1084.8,887.6,1102.5,649.1,1010.1,112,1,1010.0,750,1,1009.9,1,1,1009.8,929,10,1009.7,938,14,1010.2,257,10,1010.3,145,3,1010.4,246,5,1010.5,777,11,1010.6,1565,18
317,2025-11-26 13:34:36+05:30,1010.2,1,1000.89,7160788,392617.0,426413.0,986.2,1012.2,981.3,986.2,120385500,1084.8,887.6,1102.5,649.1,1010.1,112,1,1010.0,750,1,1009.9,1,1,1009.8,918,10,1009.7,995,16,1010.2,256,10,1010.3,145,3,1010.4,246,5,1010.5,777,11,1010.6,1076,17
317,2025-11-26 13:34:37+05:30,1010.2,21,1000.89,7160788,392617.0,426413.0,986.2,1012.2,981.3,986.2,120385500,1084.8,887.6,1102.5,649.1,1010.1,112,1,1010.0,750,1,1009.9,1,1,1009.8,918,10,1009.7,995,16,1010.2,256,10,1010.3,145,3,1010.4,246,5,1010.5,777,11,1010.6,1076,17
317,2025-11-26 13:34:37+05:30,1010.2,21,1000.89,7160838,392616.0,426539.0,986.2,1012.2,981.3,986.2,120385500,1084.8,887.6,1102.5,649.1,1010.1,111,1,1010.0,750,1,1009.9,121,2,1009.8,918,10,1009.7,995,16,1010.2,304,5,1010.3,145,3,1010.4,246,5,1010.5,821,12,1010.6,1076,17
317,2025-11-26 13:34:38+05:30,1010.2,1,1000.89,7160838,392616.0,426539.0,986.2,1012.2,981.3,986.2,120385500,1084.8,887.6,1102.5,649.1,1010.1,111,1,1010.0,750,1,1009.9,121,2,1009.8,918,10,1009.7,995,16,1010.2,304,5,1010.3,145,3,1010.4,246,5,1010.5,821,12,1010.6,1076,17
317,2025-11-26 13:34:38+05:30,1010.1,3,1000.89,7160842,392641.0,426515.0,986.2,1012.2,981.3,986.2,120385500,1084.8,887.6,1102.5,649.1,1010.1,108,1,1010.0,750,1,1009.9,198,4,1009.8,918,10,1009.7,995,16,1010.2,303,5,1010.3,145,3,1010.4,213,4,1010.5,821,12,1010.6,1621,18
317,2025-11-26 13:34:39+05:30,1010.1,3,1000.89,7160842,392641.0,426515.0,986.2,1012.2,981.3,986.2,120385500,1084.8,887.6,1102.5,649.1,1010.1,108,1,1010.0,750,1,1009.9,198,4,1009.8,918,10,1009.7,995,16,1010.2,303,5,1010.3,145,3,1010.4,213,4,1010.5,821,12,1010.6,1621,18
317,2025-11-26 13:34:39+05:30,1010.1,3,1000.89,7160842,392408.0,429015.0,986.2,1012.2,981.3,986.2,120385500,1084.8,887.6,1102.5,649.1,1010.1,108,1,1010.0,750,1,1009.9,78,3,1009.8,896,9,1009.7,995,16,1010.2,373,6,1010.3,2645,4,1010.4,257,5,1010.5,774,10,1010.6,1378,20
317,2025-11-26 13:34:40+05:30,1010.2,26,1000.89,7160842,392408.0,429015.0,986.2,1012.2,981.3,986.2,120385500,1084.8,887.6,1102.5,649.1,1010.1,108,1,1010.0,750,1,1009.9,78,3,1009.8,896,9,1009.7,995,16,1010.2,373,6,1010.3,2645,4,1010.4,257,5,1010.5,774,10,1010.6,1378,20
317,2025-11-26 13:34:40+05:30,1010.2,2,1000.89,7161054,392013.0,429769.0,986.2,1012.2,981.3,986.2,120385500,1084.8,887.6,1102.5,649.1,1010.0,697,1,1009.9,1,1,1009.8,664,7,1009.7,945,15,1009.6,3974,17,1010.2,368,7,1010.3,2719,6,1010.4,547,8,1010.5,784,11,1010.6,1440,21
317,2025-11-26 13:34:41+05:30,1010.2,2,1000.89,7161054,392013.0,429769.0,986.2,1012.2,981.3,986.2,120385500,1084.8,887.6,1102.5,649.1,1010.0,697,1,1009.9,1,1,1009.8,664,7,1009.7,945,15,1009.6,3974,17,1010.2,368,7,1010.3,2719,6,1010.4,547,8,1010.5,784,11,1010.6,1440,21
317,2025-11-26 13:34:41+05:30,1010.2,2,1000.89,7161056,392013.0,429765.0,986.2,1012.2,981.3,986.2,120385500,1084.8,887.6,1102.5,649.1,1010.0,697,1,1009.9,1,1,1009.8,664,7,1009.7,945,15,1009.6,3974,17,1010.2,366,7,1010.3,2675,5,1010.4,591,9,1010.5,784,11,1010.6,1440,21
317,2025-11-26 13:34:42+05:30,1010.2,3,1000.89,7161056,392013.0,429765.0,986.2,1012.2,981.3,986.2,120385500,1084.8,887.6,1102.5,649.1,1010.0,697,1,1009.9,1,1,1009.8,664,7,1009.7,945,15,1009.6,3974,17,1010.2,366,7,1010.3,2675,5,1010.4,591,9,1010.5,784,11,1010.6,1440,21
317,2025-11-26 13:34:42+05:30,1010.0,1,1000.89,7161110,392176.0,429700.0,986.2,1012.2,981.3,986.2,120385500,1084.8,887.6,1102.5,649.1,1010.0,696,1,1009.9,1,1,1009.8,694,8,1009.7,945,15,1009.6,4011,18,1010.2,313,7,1010.3,2675,5,1010.4,591,9,1010.5,784,11,1010.6,1440,21
317,2025-11-26 13:34:43+05:30,1010.2,2,1000.89,7161110,392176.0,429700.0,986.2,1012.2,981.3,986.2,120385500,1084.8,887.6,1102.5,649.1,1010.0,696,1,1009.9,1,1,1009.8,694,8,1009.7,945,15,1009.6,4011,18,1010.2,313,7,1010.3,2675,5,1010.4,591,9,1010.5,784,11,1010.6,1440,21
317,2025-11-26 13:34:43+05:30,1010.2,20,1000.89,7161162,392129.0,429722.0,986.2,1012.2,981.3,986.2,120385500,1084.8,887.6,1102.5,649.1,1010.0,696,1,1009.9,1,1,1009.8,814,9,1009.7,945,15,1009.6,4011,18,1010.2,261,5,1010.3,2675,5,1010.4,591,9,1010.5,784,11,1010.6,1440,21
317,2025-11-26 13:34:44+05:30,1010.0,78,1000.89,7161162,392129.0,429722.0,986.2,1012.2,981.3,986.2,120385500,1084.8,887.6,1102.5,649.1,1010.0,696,1,1009.9,1,1,1009.8,814,9,1009.7,945,15,1009.6,4011,18,1010.2,261,5,1010.3,2675,5,1010.4,591,9,1010.5,784,11,1010.6,1440,21
317,2025-11-26 13:34:44+05:30,1010.2,1,1000.89,7161271,392016.0,429646.0,986.2,1012.2,981.3,986.2,120385500,1084.8,887.6,1102.5,649.1,1010.0,588,1,1009.9,33,2,1009.8,814,9,1009.7,945,15,1009.6,3974,17,1010.2,260,5,1010.3,2675,5,1010.4,591,9,1010.5,784,11,1010.6,1440,21
317,2025-11-26 13:34:45+05:30,1010.0,148,1000.89,7161271,392016.0,429646.0,986.2,1012.2,981.3,986.2,120385500,1084.8,887.6,1102.5,649.1,1010.0,588,1,1009.9,33,2,1009.8,814,9,1009.7,945,15,1009.6,3974,17,1010.2,260,5,1010.3,2675,5,1010.4,591,9,1010.5,784,11,1010.6,1440,21
317,2025-11-26 13:34:45+05:30,1010.2,2,1000.89,7161473,391986.0,429695.0,986.2,1012.2,981.3,986.2,120385500,1084.8,887.6,1102.5,649.1,1010.0,441,2,1009.8,637,6,1009.7,932,14,1009.6,3974,17,1009.5,3953,14,1010.2,297,5,1010.3,2765,5,1010.4,783,13,1010.5,784,11,1010.6,1440,21
317,2025-11-26 13:34:46+05:30,1010.2,1,1000.89,7161473,391986.0,429695.0,986.2,1012.2,981.3,986.2,120385500,1084.8,887.6,1102.5,649.1,1010.0,441,2,1009.8,637,6,1009.7,932,14,1009.6,3974,17,1009.5,3953,14,1010.2,297,5,1010.3,2765,5,1010.4,783,13,1010.5,784,11,1010.6,1440,21
317,2025-11-26 13:34:46+05:30,1010.2,1,1000.89,7161480,392225.0,429726.0,986.2,1012.2,981.3,986.2,120385500,1084.8,887.6,1102.5,649.1,1010.0,435,2,1009.8,637,6,1009.7,932,14,1009.6,3974,17,1009.5,3953,14,1010.2,296,5,1010.3,2765,5,1010.4,756,12,1010.5,784,11,1010.6,1440,21
317,2025-11-26 13:34:47+05:30,1010.0,12,1000.89,7161492,392297.0,429760.0,986.2,1012.2,981.3,986.2,120385500,1084.8,887.6,1102.5,649.1,1010.0,430,3,1009.8,681,7,1009.7,932,14,1009.6,3930,16,1009.5,4006,15,1010.2,296,5,1010.3,2765,5,1010.4,712,11,1010.5,828,12,1010.6,1440,21
317,2025-11-26 13:34:48+05:30,1010.2,49,1000.89,7161492,392297.0,429760.0,986.2,1012.2,981.3,986.2,120385500,1084.8,887.6,1102.5,649.1,1010.0,430,3,1009.8,681,7,1009.7,932,14,1009.6,3930,16,1009.5,4006,15,1010.2,296,5,1010.3,2765,5,1010.4,712,11,1010.5,828,12,1010.6,1440,21
317,2025-11-26 13:34:48+05:30,1010.2,5,1000.89,7161546,392450.0,429634.0,986.2,1012.2,981.3,986.2,120385500,1084.8,887.6,1102.5,649.1,1010.0,430,3,1009.8,713,8,1009.7,932,14,1009.6,3930,16,1009.5,4006,15,1010.2,242,5,1010.3,2645,4,1010.4,669,10,1010.5,828,12,1010.6,1440,21
317,2025-11-26 13:34:49+05:30,1010.2,5,1000.89,7161546,392450.0,429634.0,986.2,1012.2,981.3,986.2,120385500,1084.8,887.6,1102.5,649.1,1010.0,430,3,1009.8,713,8,1009.7,932,14,1009.6,3930,16,1009.5,4006,15,1010.2,242,5,1010.3,2645,4,1010.4,669,10,1010.5,828,12,1010.6,1440,21
317,2025-11-26 13:34:49+05:30,1010.2,5,1000.89,7161546,392669.0,429560.0,986.2,1012.2,981.3,986.2,120385500,1084.8,887.6,1102.5,649.1,1010.0,430,3,1009.9,74,2,1009.8,861,10,1009.7,945,15,1009.6,3967,17,1010.2,242,5,1010.3,2645,4,1010.4,637,9,1010.5,795,11,1010.6,1440,21
317,2025-11-26 13:34:50+05:30,1010.2,1,1000.89,7161547,392632.0,429642.0,986.2,1012.2,981.3,986.2,120385500,1084.8,887.6,1102.5,649.1,1010.0,430,3,1009.9,74,2,1009.8,861,10,1009.7,945,15,1009.6,3930,16,1010.2,241,5,1010.3,2645,4,1010.4,593,8,1010.5,873,13,1010.6,1440,21
317,2025-11-26 13:34:51+05:30,1010.2,1,1000.89,7161547,392632.0,429642.0,986.2,1012.2,981.3,986.2,120385500,1084.8,887.6,1102.5,649.1,1010.0,430,3,1009.9,74,2,1009.8,861,10,1009.7,945,15,1009.6,3930,16,1010.2,241,5,1010.3,2645,4,1010.4,593,8,1010.5,873,13,1010.6,1440,21
317,2025-11-26 13:34:51+05:30,1010.2,1,1000.89,7161548,392604.0,429653.0,986.2,1012.2,981.3,986.2,120385500,1084.8,887.6,1102.5,649.1,1010.0,430,3,1009.9,74,2,1009.8,713,8,1009.7,945,15,1009.6,3930,16,1010.2,240,5,1010.3,2645,4,1010.4,593,8,1010.5,873,13,1010.6,1440,21
317,2025-11-26 13:34:52+05:30,1010.2,3,1000.89,7161551,392835.0,429585.0,986.2,1012.2,981.3,986.2,120385500,1084.8,887.6,1102.5,649.1,1010.0,430,3,1009.9,32,1,1009.8,713,8,1009.7,945,15,1009.6,3967,17,1010.2,237,5,1010.3,2645,4,1010.4,639,9,1010.5,817,11,1010.6,1132,19
317,2025-11-26 13:34:53+05:30,1010.0,135,1000.89,7161551,392835.0,429585.0,986.2,1012.2,981.3,986.2,120385500,1084.8,887.6,1102.5,649.1,1010.0,430,3,1009.9,32,1,1009.8,713,8,1009.7,945,15,1009.6,3967,17,1010.2,237,5,1010.3,2645,4,1010.4,639,9,1010.5,817,11,1010.6,1132,19
317,2025-11-26 13:34:53+05:30,1010.2,1,1000.89,7161719,392950.0,429603.0,986.2,1012.2,981.3,986.2,120385500,1084.8,887.6,1102.5,649.1,1010.0,295,3,1009.8,683,7,1009.7,978,15,1009.6,3930,16,1009.5,3953,14,1010.2,212,5,1010.3,2765,5,1010.4,802,13,1010.5,783,11,1010.6,1435,21
317,2025-11-26 13:34:54+05:30,1010.2,10,1000.89,7161719,392950.0,429603.0,986.2,1012.2,981.3,986.2,120385500,1084.8,887.6,1102.5,649.1,1010.0,295,3,1009.8,683,7,1009.7,978,15,1009.6,3930,16,1009.5,3953,14,1010.2,212,5,1010.3,2765,5,1010.4,802,13,1010.5,783,11,1010.6,1435,21
317,2025-11-26 13:34:54+05:30,1010.2,10,1000.89,7161729,394547.0,430285.0,986.2,1012.2,981.3,986.2,120385500,1084.8,887.6,1102.5,649.1,1010.0,295,3,1009.8,370,6,1009.7,965,14,1009.6,3943,17,1009.5,3953,14,1010.1,258,1,1010.2,202,5,1010.3,2765,5,1010.4,844,14,1010.5,783,11
317,2025-11-26 13:34:55+05:30,1010.3,26,1000.89,7161729,394547.0,430285.0,986.2,1012.2,981.3,986.2,120385500,1084.8,887.6,1102.5,649.1,1010.0,295,3,1009.8,370,6,1009.7,965,14,1009.6,3943,17,1009.5,3953,14,1010.1,258,1,1010.2,202,5,1010.3,2765,5,1010.4,844,14,1010.5,783,11
317,2025-11-26 13:34:55+05:30,1010.4,2,1000.89,7165270,395039.0,423130.0,986.2,1012.2,981.3,986.2,120385500,1084.8,887.6,1102.5,649.1,1010.3,699,1,1010.2,92,2,1010.1,323,4,1010.0,490,8,1009.9,396,5,1010.4,74,2,1010.5,54,1,1010.6,654,5,1010.7,1595,16,1010.8,806,9
317,2025-11-26 13:34:55+05:30,1010.4,2,1000.89,7165270,395039.0,423130.0,986.2,1012.2,981.3,986.2,120385500,1084.8,887.6,1102.5,649.1,1010.3,699,1,1010.2,92,2,1010.1,323,4,1010.0,490,8,1009.9,396,5,1010.4,74,2,1010.5,54,1,1010.6,654,5,1010.7,1595,16,1010.8,806,9
317,2025-11-26 13:34:56+05:30,1010.3,52,1000.89,7165270,395039.0,423130.0,986.2,1012.2,981.3,986.2,120385500,1084.8,887.6,1102.5,649.1,1010.3,699,1,1010.2,92,2,1010.1,323,4,1010.0,490,8,1009.9,396,5,1010.4,74,2,1010.5,54,1,1010.6,654,5,1010.7,1595,16,1010.8,806,9
317,2025-11-26 13:34:56+05:30,1010.3,52,1000.89,7165270,395039.0,423130.0,986.2,1012.2,981.3,986.2,120385500,1084.8,887.6,1102.5,649.1,1010.3,699,1,1010.2,92,2,1010.1,323,4,1010.0,490,8,1009.9,396,5,1010.4,74,2,1010.5,54,1,1010.6,654,5,1010.7,1595,16,1010.8,806,9
317,2025-11-26 13:34:56+05:30,1010.5,3,1000.89,7165788,392902.0,423044.0,986.2,1012.2,981.3,986.2,120385500,1084.8,887.6,1102.5,649.1,1010.3,440,2,1010.2,30,1,1010.1,504,5,1010.0,597,8,1009.9,396,5,1010.5,39,1,1010.6,876,7,1010.7,1768,15,1010.8,1273,16,1010.9,1449,13
317,2025-11-26 13:34:56+05:30,1010.5,3,1000.89,7165788,392902.0,423044.0,986.2,1012.2,981.3,986.2,120385500,1084.8,887.6,1102.5,649.1,1010.3,440,2,1010.2,30,1,1010.1,504,5,1010.0,597,8,1009.9,396,5,1010.5,39,1,1010.6,876,7,1010.7,1768,15,1010.8,1273,16,1010.9,1449,13
317,2025-11-26 13:34:57+05:30,1010.5,3,1000.89,7165788,392902.0,423044.0,986.2,1012.2,981.3,986.2,120385500,1084.8,887.6,1102.5,649.1,1010.3,440,2,1010.2,30,1,1010.1,504,5,1010.0,597,8,1009.9,396,5,1010.5,39,1,1010.6,876,7,1010.7,1768,15,1010.8,1273,16,1010.9,1449,13
317,2025-11-26 13:34:57+05:30,1010.5,3,1000.89,7165788,392902.0,423044.0,986.2,1012.2,981.3,986.2,120385500,1084.8,887.6,1102.5,649.1,1010.3,440,2,1010.2,30,1,1010.1,504,5,1010.0,597,8,1009.9,396,5,1010.5,39,1,1010.6,876,7,1010.7,1768,15,1010.8,1273,16,1010.9,1449,13
317,2025-11-26 13:34:57+05:30,1010.5,3,1000.89,7165788,392697.0,423666.0,986.2,1012.2,981.3,986.2,120385500,1084.8,887.6,1102.5,649.1,1010.3,440,2,1010.2,30,1,1010.1,292,2,1010.0,689,10,1009.9,396,5,1010.5,41,2,1010.6,876,7,1010.7,1839,17,1010.8,1273,16,1010.9,1449,13
317,2025-11-26 13:34:57+05:30,1010.5,3,1000.89,7165788,392697.0,423666.0,986.2,1012.2,981.3,986.2,120385500,1084.8,887.6,1102.5,649.1,1010.3,440,2,1010.2,30,1,1010.1,292,2,1010.0,689,10,1009.9,396,5,1010.5,41,2,1010.6,876,7,1010.7,1839,17,1010.8,1273,16,1010.9,1449,13
317,2025-11-26 13:34:58+05:30,1010.5,2,1000.89,7165788,392697.0,423666.0,986.2,1012.2,981.3,986.2,120385500,1084.8,887.6,1102.5,649.1,1010.3,440,2,1010.2,30,1,1010.1,292,2,1010.0,689,10,1009.9,396,5,1010.5,41,2,1010.6,876,7,1010.7,1839,17,1010.8,1273,16,1010.9,1449,13
317,2025-11-26 13:34:58+05:30,1010.5,2,1000.89,7165788,392697.0,423666.0,986.2,1012.2,981.3,986.2,120385500,1084.8,887.6,1102.5,649.1,1010.3,440,2,1010.2,30,1,1010.1,292,2,1010.0,689,10,1009.9,396,5,1010.5,41,2,1010.6,876,7,1010.7,1839,17,1010.8,1273,16,1010.9,1449,13
317,2025-11-26 13:34:58+05:30,1010.4,135,1000.89,7165964,391942.0,423651.0,986.2,1012.2,981.3,986.2,120385500,1084.8,887.6,1102.5,649.1,1010.3,470,3,1010.2,47,2,1010.1,459,5,1010.0,675,9,1009.9,501,6,1010.6,892,7,1010.7,1753,14,1010.8,1024,16,1010.9,1747,14,1011.0,4457,46
317,2025-11-26 13:34:58+05:30,1010.4,135,1000.89,7165964,391942.0,423651.0,986.2,1012.2,981.3,986.2,120385500,1084.8,887.6,1102.5,649.1,1010.3,470,3,1010.2,47,2,1010.1,459,5,1010.0,675,9,1009.9,501,6,1010.6,892,7,1010.7,1753,14,1010.8,1024,16,1010.9,1747,14,1011.0,4457,46
317,2025-11-26 13:34:59+05:30,1010.4,135,1000.89,7165964,391942.0,423651.0,986.2,1012.2,981.3,986.2,120385500,1084.8,887.6,1102.5,649.1,1010.3,470,3,1010.2,47,2,1010.1,459,5,1010.0,675,9,1009.9,501,6,1010.6,892,7,1010.7,1753,14,1010.8,1024,16,1010.9,1747,14,1011.0,4457,46
317,2025-11-26 13:34:59+05:30,1010.6,72,1000.89,7165964,391942.0,423651.0,986.2,1012.2,981.3,986.2,120385500,1084.8,887.6,1102.5,649.1,1010.3,470,3,1010.2,47,2,1010.1,459,5,1010.0,675,9,1009.9,501,6,1010.6,892,7,1010.7,1753,14,1010.8,1024,16,1010.9,1747,14,1011.0,4457,46
317,2025-11-26 13:34:59+05:30,1010.6,72,1000.89,7165964,391942.0,423651.0,986.2,1012.2,981.3,986.2,120385500,1084.8,887.6,1102.5,649.1,1010.3,470,3,1010.2,47,2,1010.1,459,5,1010.0,675,9,1009.9,501,6,1010.6,892,7,1010.7,1753,14,1010.8,1024,16,1010.9,1747,14,1011.0,4457,46
317,2025-11-26 13:34:59+05:30,1010.6,72,1000.89,7166040,392215.0,423322.0,986.2,1012.2,981.3,986.2,120385500,1084.8,887.6,1102.5,649.1,1010.3,470,3,1010.2,1,1,1010.1,505,6,1010.0,675,9,1009.9,501,6,1010.6,542,2,1010.7,1520,12,1010.8,1322,17,1010.9,1449,13,1011.0,4577,47
317,2025-11-26 13:34:59+05:30,1010.6,72,1000.89,7166040,392215.0,423322.0,986.2,1012.2,981.3,986.2,120406500,1084.8,887.6,1102.5,649.1,1010.3,470,3,1010.2,1,1,1010.1,505,6,1010.0,675,9,1009.9,501,6,1010.6,542,2,1010.7,1520,12,1010.8,1322,17,1010.9,1449,13,1011.0,4577,47
317,2025-11-26 13:35:00+05:30,1010.6,373,1000.89,7166040,392215.0,423322.0,986.2,1012.2,981.3,986.2,120406500,1084.8,887.6,1102.5,649.1,1010.3,470,3,1010.2,1,1,1010.1,505,6,1010.0,675,9,1009.9,501,6,1010.6,542,2,1010.7,1520,12,1010.8,1322,17,1010.9,1449,13,1011.0,4577,47
317,2025-11-26 13:35:00+05:30,1010.6,373,1000.89,7166040,392215.0,423322.0,986.2,1012.2,981.3,986.2,120406500,1084.8,887.6,1102.5,649.1,1010.3,470,3,1010.2,1,1,1010.1,505,6,1010.0,675,9,1009.9,501,6,1010.6,542,2,1010.7,1520,12,1010.8,1322,17,1010.9,1449,13,1011.0,4577,47
317,2025-11-26 13:35:00+05:30,1010.6,1,1000.89,7166474,391646.0,423156.0,986.2,1012.2,981.3,986.2,120406500,1084.8,887.6,1102.5,649.1,1010.3,51,3,1010.2,203,2,1010.1,413,4,1010.0,767,11,1009.9,501,6,1010.6,292,5,1010.7,1750,15,1010.8,1325,18,1010.9,1449,13,1011.0,4457,46
317,2025-11-26 13:35:00+05:30,1010.6,1,1000.89,7166474,391646.0,423156.0,986.2,1012.2,981.3,986.2,120406500,1084.8,887.6,1102.5,649.1,1010.3,51,3,1010.2,203,2,1010.1,413,4,1010.0,767,11,1009.9,501,6,1010.6,292,5,1010.7,1750,15,1010.8,1325,18,1010.9,1449,13,1011.0,4457,46
317,2025-11-26 13:35:01+05:30,1010.3,2,1000.89,7166474,391646.0,423156.0,986.2,1012.2,981.3,986.2,120406500,1084.8,887.6,1102.5,649.1,1010.3,51,3,1010.2,203,2,1010.1,413,4,1010.0,767,11,1009.9,501,6,1010.6,292,5,1010.7,1750,15,1010.8,1325,18,1010.9,1449,13,1011.0,4457,46
317,2025-11-26 13:35:01+05:30,1010.3,72,1000.89,7166635,392461.0,423078.0,986.2,1012.2,981.3,986.2,120406500,1084.8,887.6,1102.5,649.1,1010.3,14,1,1010.2,31,2,1010.1,420,6,1010.0,482,7,1009.9,513,6,1010.5,4,1,1010.6,613,3,1010.7,1451,9,1010.8,1257,17,1010.9,1486,14
317,2025-11-26 13:35:02+05:30,1010.3,72,1000.89,7166635,392461.0,423078.0,986.2,1012.2,981.3,986.2,120406500,1084.8,887.6,1102.5,649.1,1010.3,14,1,1010.2,31,2,1010.1,420,6,1010.0,482,7,1009.9,513,6,1010.5,4,1,1010.6,613,3,1010.7,1451,9,1010.8,1257,17,1010.9,1486,14
317,2025-11-26 13:35:02+05:30,1010.4,1,1000.89,7166636,393207.0,423406.0,986.2,1012.2,981.3,986.2,120406500,1084.8,887.6,1102.5,649.1,1010.3,9,1,1010.2,32,3,1010.1,452,5,1010.0,568,9,1009.9,513,6,1010.4,1,1,1010.5,4,1,1010.6,722,4,1010.7,1521,11,1010.8,1298,18
317,2025-11-26 13:35:03+05:30,1010.6,58,1000.89,7166636,393207.0,423406.0,986.2,1012.2,981.3,986.2,120406500,1084.8,887.6,1102.5,649.1,1010.3,9,1,1010.2,32,3,1010.1,452,5,1010.0,568,9,1009.9,513,6,1010.4,1,1,1010.5,4,1,1010.6,722,4,1010.7,1521,11,1010.8,1298,18
317,2025-11-26 13:35:03+05:30,1010.7,6,1000.89,7166984,392609.0,423155.0,986.2,1012.2,981.3,986.2,120406500,1084.8,887.6,1102.5,649.1,1010.4,3,1,1010.3,9,1,1010.2,234,4,1010.1,528,5,1010.0,780,10,1010.6,43,1,1010.7,1302,7,1010.8,601,12,1010.9,1772,19,1011.0,4522,45
317,2025-11-26 13:35:04+05:30,1010.7,6,1000.89,7166984,392609.0,423155.0,986.2,1012.2,981.3,986.2,120406500,1084.8,887.6,1102.5,649.1,1010.4,3,1,1010.3,9,1,1010.2,234,4,1010.1,528,5,1010.0,780,10,1010.6,43,1,1010.7,1302,7,1010.8,601,12,1010.9,1772,19,1011.0,4522,45
317,2025-11-26 13:35:04+05:30,1010.7,115,1000.89,7167099,392622.0,423035.0,986.2,1012.2,981.3,986.2,120406500,1084.8,887.6,1102.5,649.1,1010.4,3,1,1010.3,39,2,1010.2,609,5,1010.1,241,4,1010.0,780,10,1010.7,1024,5,1010.8,1215,15,1010.9,1415,16,1011.0,4522,45,1011.1,991,12
317,2025-11-26 13:35:05+05:30,1010.7,115,1000.89,7167099,392622.0,423035.0,986.2,1012.2,981.3,986.2,120406500,1084.8,887.6,1102.5,649.1,1010.4,3,1,1010.3,39,2,1010.2,609,5,1010.1,241,4,1010.0,780,10,1010.7,1024,5,1010.8,1215,15,1010.9,1415,16,1011.0,4522,45,1011.1,991,12
317,2025-11-26 13:35:05+05:30,1010.6,3,1000.89,7167102,394537.0,423589.0,986.2,1012.2,981.3,986.2,120406500,1084.8,887.6,1102.5,649.1,1010.4,5,2,1010.3,317,2,1010.2,322,4,1010.1,769,5,1010.0,1014,17,1010.6,132,1,1010.7,1024,5,1010.8,1201,15,1010.9,1336,11,1011.0,4902,52
317,2025-11-26 13:35:06+05:30,1010.6,1,1000.89,7167102,394537.0,423589.0,986.2,1012.2,981.3,986.2,120406500,1084.8,887.6,1102.5,649.1,1010.4,5,2,1010.3,317,2,1010.2,322,4,1010.1,769,5,1010.0,1014,17,1010.6,132,1,1010.7,1024,5,1010.8,1201,15,1010.9,1336,11,1011.0,4902,52
317,2025-11-26 13:35:06+05:30,1010.6,1,1000.89,7167126,394534.0,423566.0,986.2,1012.2,981.3,986.2,120406500,1084.8,887.6,1102.5,649.1,1010.4,2,1,1010.3,317,2,1010.2,322,4,1010.1,769,5,1010.0,1014,17,1010.6,108,1,1010.7,1024,5,1010.8,1202,16,1010.9,1336,11,1011.0,4902,52
317,2025-11-26 13:35:07+05:30,1010.6,1,1000.89,7167126,394368.0,423552.0,986.2,1012.2,981.3,986.2,120406500,1084.8,887.6,1102.5,649.1,1010.4,2,1,1010.3,317,2,1010.2,204,3,1010.1,836,9,1010.0,944,16,1010.6,108,1,1010.7,1142,6,1010.8,1188,16,1010.9,1634,12,1011.0,4554,50
317,2025-11-26 13:35:08+05:30,1010.6,1,1000.89,7167126,394514.0,423554.0,986.2,1012.2,981.3,986.2,120406500,1084.8,887.6,1102.5,649.1,1010.4,2,1,1010.3,317,2,1010.2,204,3,1010.1,836,9,1010.0,944,16,1010.6,108,1,1010.7,1142,6,1010.8,1185,16,1010.9,1639,13,1011.0,4554,50
317,2025-11-26 13:35:09+05:30,1010.6,1,1000.89,7167126,394515.0,423554.0,986.2,1012.2,981.3,986.2,120406500,1084.8,887.6,1102.5,649.1,1010.4,2,1,1010.3,317,2,1010.2,204,3,1010.1,836,9,1010.0,944,16,1010.6,108,1,1010.7,1142,6,1010.8,1185,16,1010.9,1639,13,1011.0,4554,50
317,2025-11-26 13:35:10+05:30,1010.6,1,1000.89,7167126,394515.0,423554.0,986.2,1012.2,981.3,986.2,120406500,1084.8,887.6,1102.5,649.1,1010.4,2,1,1010.3,317,2,1010.2,204,3,1010.1,836,9,1010.0,944,16,1010.6,108,1,1010.7,1142,6,1010.8,1185,16,1010.9,1639,13,1011.0,4554,50
317,2025-11-26 13:35:10+05:30,1010.6,1,1000.89,7167128,394397.0,423267.0,986.2,1012.2,981.3,986.2,120406500,1084.8,887.6,1102.5,649.1,1010.4,32,2,1010.3,287,1,1010.2,101,4,1010.1,503,9,1010.0,1597,17,1010.6,106,1,1010.7,1142,6,1010.8,654,14,1010.9,1682,14,1011.0,4554,50
317,2025-11-26 13:35:11+05:30,1010.6,2,1000.89,7167128,394397.0,423267.0,986.2,1012.2,981.3,986.2,120406500,1084.8,887.6,1102.5,649.1,1010.4,32,2,1010.3,287,1,1010.2,101,4,1010.1,503,9,1010.0,1597,17,1010.6,106,1,1010.7,1142,6,1010.8,654,14,1010.9,1682,14,1011.0,4554,50
317,2025-11-26 13:35:11+05:30,1010.6,2,1000.89,7167131,395878.0,424724.0,986.2,1012.2,981.3,986.2,120406500,1084.8,887.6,1102.5,649.1,1010.5,100,1,1010.4,43,3,1010.3,287,1,1010.2,101,4,1010.1,575,10,1010.6,103,1,1010.7,1254,7,1010.8,1158,13,1010.9,1733,15,1011.0,4551,49
317,2025-11-26 13:35:12+05:30,1010.6,1,1000.89,7167131,395878.0,424724.0,986.2,1012.2,981.3,986.2,120406500,1084.8,887.6,1102.5,649.1,1010.5,100,1,1010.4,43,3,1010.3,287,1,1010.2,101,4,1010.1,575,10,1010.6,103,1,1010.7,1254,7,1010.8,1158,13,1010.9,1733,15,1011.0,4551,49
317,2025-11-26 13:35:12+05:30,1010.6,1,1000.89,7167132,395863.0,424227.0,986.2,1012.2,981.3,986.2,120406500,1084.8,887.6,1102.5,649.1,1010.5,104,3,1010.4,44,4,1010.3,287,1,1010.2,99,2,1010.1,1099,11,1010.6,102,1,1010.7,1264,7,1010.8,587,12,1010.9,1460,15,1011.0,4849,50
317,2025-11-26 13:35:13+05:30,1010.6,23,1000.89,7167165,396092.0,424060.0,986.2,1012.2,981.3,986.2,120406500,1084.8,887.6,1102.5,649.1,1010.5,117,4,1010.4,31,2,1010.3,287,1,1010.2,314,5,1010.1,1218,15,1010.6,77,2,1010.7,1034,5,1010.8,587,12,1010.9,1392,13,1011.0,4900,51
317,2025-11-26 13:35:13+05:30,1010.6,23,1000.89,7167165,396092.0,424060.0,986.2,1012.2,981.3,986.2,120406500,1084.8,887.6,1102.5,649.1,1010.5,117,4,1010.4,31,2,1010.3,287,1,1010.2,314,5,1010.1,1218,15,1010.6,77,2,1010.7,1034,5,1010.8,587,12,1010.9,1392,13,1011.0,4900,51
317,2025-11-26 13:35:14+05:30,1010.5,79,1000.89,7167244,396012.0,424009.0,986.2,1012.2,981.3,986.2,120406500,1084.8,887.6,1102.5,649.1,1010.5,37,3,1010.4,31,2,1010.3,287,1,1010.2,314,5,1010.1,1218,15,1010.6,77,2,1010.7,979,4,1010.8,638,13,1010.9,1392,13,1011.0,4849,50
317,2025-11-26 13:35:14+05:30,1010.6,43,1000.89,7167244,396012.0,424009.0,986.2,1012.2,981.3,986.2,120406500,1084.8,887.6,1102.5,649.1,1010.5,37,3,1010.4,31,2,1010.3,287,1,1010.2,314,5,1010.1,1218,15,1010.6,77,2,1010.7,979,4,1010.8,638,13,1010.9,1392,13,1011.0,4849,50
317,2025-11-26 13:35:15+05:30,1010.6,17,1000.89,7167386,396155.0,423978.0,986.2,1012.2,981.3,986.2,120406500,1084.8,887.6,1102.5,649.1,1010.5,49,4,1010.4,31,2,1010.3,456,3,1010.2,354,6,1010.1,694,14,1010.6,3,1,1010.7,979,4,1010.8,587,12,1010.9,1392,13,1011.0,4551,49
317,2025-11-26 13:35:15+05:30,1010.6,17,1000.89,7167386,396155.0,423978.0,986.2,1012.2,981.3,986.2,120406500,1084.8,887.6,1102.5,649.1,1010.5,49,4,1010.4,31,2,1010.3,456,3,1010.2,354,6,1010.1,694,14,1010.6,3,1,1010.7,979,4,1010.8,587,12,1010.9,1392,13,1011.0,4551,49
317,2025-11-26 13:35:16+05:30,1010.6,3,1000.89,7167389,395939.0,424148.0,986.2,1012.2,981.3,986.2,120406500,1084.8,887.6,1102.5,649.1,1010.6,2,2,1010.5,49,4,1010.4,31,2,1010.3,287,1,1010.2,405,7,1010.7,1072,6,1010.8,587,12,1010.9,1443,14,1011.0,4580,50,1011.1,991,12
317,2025-11-26 13:35:16+05:30,1010.6,3,1000.89,7167389,395939.0,424148.0,986.2,1012.2,981.3,986.2,120406500,1084.8,887.6,1102.5,649.1,1010.6,2,2,1010.5,49,4,1010.4,31,2,1010.3,287,1,1010.2,405,7,1010.7,1072,6,1010.8,587,12,1010.9,1443,14,1011.0,4580,50,1011.1,991,12
317,2025-11-26 13:35:17+05:30,1010.7,1,1000.89,7167409,395738.0,424255.0,986.2,1012.2,981.3,986.2,120406500,1084.8,887.6,1102.5,649.1,1010.6,26,1,1010.5,53,3,1010.4,1,1,1010.3,287,1,1010.2,354,6,1010.7,1094,5,1010.8,597,12,1010.9,1392,13,1011.0,4878,51,1011.1,693,11
317,2025-11-26 13:35:17+05:30,1010.7,1,1000.89,7167409,395738.0,424255.0,986.2,1012.2,981.3,986.2,120406500,1084.8,887.6,1102.5,649.1,1010.6,26,1,1010.5,53,3,1010.4,1,1,1010.3,287,1,1010.2,354,6,1010.7,1094,5,1010.8,597,12,1010.9,1392,13,1011.0,4878,51,1011.1,693,11
317,2025-11-26 13:35:18+05:30,1010.7,1,1000.89,7167409,395804.0,424294.0,986.2,1012.2,981.3,986.2,120406500,1084.8,887.6,1102.5,649.1,1010.6,26,1,1010.5,53,3,1010.4,1,1,1010.3,287,1,1010.2,437,7,1010.7,1094,5,1010.8,636,13,1010.9,1392,13,1011.0,4878,51,1011.1,693,11
317,2025-11-26 13:35:19+05:30,1010.7,1,1000.89,7167409,395731.0,424449.0,986.2,1012.2,981.3,986.2,120406500,1084.8,887.6,1102.5,649.1,1010.6,26,1,1010.5,53,3,1010.4,1,1,1010.3,287,1,1010.2,386,6,1010.7,1149,7,1010.8,687,14,1010.9,1341,12,1011.0,4878,51,1011.1,693,11
317,2025-11-26 13:35:19+05:30,1010.7,1,1000.89,7167410,395731.0,424448.0,986.2,1012.2,981.3,986.2,120406500,1084.8,887.6,1102.5,649.1,1010.6,26,1,1010.5,53,3,1010.4,1,1,1010.3,287,1,1010.2,386,6,1010.7,1148,7,1010.8,687,14,1010.9,1341,12,1011.0,4878,51,1011.1,693,11
317,2025-11-26 13:35:20+05:30,1010.7,1,1000.89,7167410,395731.0,424448.0,986.2,1012.2,981.3,986.2,120406500,1084.8,887.6,1102.5,649.1,1010.6,26,1,1010.5,53,3,1010.4,1,1,1010.3,287,1,1010.2,386,6,1010.7,1148,7,1010.8,687,14,1010.9,1341,12,1011.0,4878,51,1011.1,693,11
317,2025-11-26 13:35:21+05:30,1010.7,1,1000.89,7167410,395731.0,424448.0,986.2,1012.2,981.3,986.2,120406500,1084.8,887.6,1102.5,649.1,1010.6,26,1,1010.5,53,3,1010.4,1,1,1010.3,287,1,1010.2,386,6,1010.7,1148,7,1010.8,687,14,1010.9,1341,12,1011.0,4878,51,1011.1,693,11
317,2025-11-26 13:35:21+05:30,1010.7,1,1000.89,7167413,395643.0,423109.0,986.2,1012.2,981.3,986.2,120406500,1084.8,887.6,1102.5,649.1,1010.6,56,2,1010.5,23,2,1010.4,47,2,1010.3,444,3,1010.2,438,7,1010.7,1088,5,1010.8,372,7,1010.9,1346,12,1011.0,3686,43,1011.1,1031,12
317,2025-11-26 13:35:22+05:30,1010.6,5,1000.89,7167413,395643.0,423109.0,986.2,1012.2,981.3,986.2,120406500,1084.8,887.6,1102.5,649.1,1010.6,56,2,1010.5,23,2,1010.4,47,2,1010.3,444,3,1010.2,438,7,1010.7,1088,5,1010.8,372,7,1010.9,1346,12,1011.0,3686,43,1011.1,1031,12
317,2025-11-26 13:35:22+05:30,1010.6,5,1000.89,7167418,396344.0,423745.0,986.2,1012.2,981.3,986.2,120406500,1084.8,887.6,1102.5,649.1,1010.6,51,2,1010.5,23,2,1010.4,288,2,1010.3,85,2,1010.2,464,9,1010.7,1088,5,1010.8,461,9,1010.9,1343,13,1011.0,4030,45,1011.1,842,19
317,2025-11-26 13:35:23+05:30,1010.7,23,1000.89,7167418,396344.0,423745.0,986.2,1012.2,981.3,986.2,120406500,1084.8,887.6,1102.5,649.1,1010.6,51,2,1010.5,23,2,1010.4,288,2,1010.3,85,2,1010.2,464,9,1010.7,1088,5,1010.8,461,9,1010.9,1343,13,1011.0,4030,45,1011.1,842,19
317,2025-11-26 13:35:23+05:30,1010.6,5,1000.89,7167454,398237.0,424119.0,986.2,1012.2,981.3,986.2,120406500,1084.8,887.6,1102.5,649.1,1010.6,46,2,1010.5,310,3,1010.4,93,3,1010.3,183,4,1010.2,1048,10,1010.7,1557,6,1010.8,209,6,1010.9,1343,13,1011.0,3703,43,1011.1,1090,18
317,2025-11-26 13:35:24+05:30,1010.5,19,1000.89,7167454,398237.0,424119.0,986.2,1012.2,981.3,986.2,120406500,1084.8,887.6,1102.5,649.1,1010.6,46,2,1010.5,310,3,1010.4,93,3,1010.3,183,4,1010.2,1048,10,1010.7,1557,6,1010.8,209,6,1010.9,1343,13,1011.0,3703,43,1011.1,1090,18
317,2025-11-26 13:35:24+05:30,1010.5,19,1000.89,7167520,398033.0,423297.0,986.2,1012.2,981.3,986.2,120406500,1084.8,887.6,1102.5,649.1,1010.5,299,4,1010.4,93,3,1010.3,65,3,1010.2,1048,10,1010.1,2429,16,1010.7,1581,7,1010.8,158,5,1010.9,1336,13,1011.0,3657,42,1011.1,1136,19
317,2025-11-26 13:35:25+05:30,1010.5,1,1000.89,7167520,398033.0,423297.0,986.2,1012.2,981.3,986.2,120406500,1084.8,887.6,1102.5,649.1,1010.5,299,4,1010.4,93,3,1010.3,65,3,1010.2,1048,10,1010.1,2429,16,1010.7,1581,7,1010.8,158,5,1010.9,1336,13,1011.0,3657,42,1011.1,1136,19
317,2025-11-26 13:35:25+05:30,1010.7,11,1000.89,7167535,398158.0,423401.0,986.2,1012.2,981.3,986.2,120406500,1084.8,887.6,1102.5,649.1,1010.5,298,4,1010.4,47,2,1010.3,229,5,1010.2,1048,10,1010.1,2429,16,1010.7,1567,7,1010.8,195,6,1010.9,1363,14,1011.0,3657,42,1011.1,1136,19
317,2025-11-26 13:35:26+05:30,1010.6,3,1000.89,7167535,398158.0,423401.0,986.2,1012.2,981.3,986.2,120406500,1084.8,887.6,1102.5,649.1,1010.5,298,4,1010.4,47,2,1010.3,229,5,1010.2,1048,10,1010.1,2429,16,1010.7,1567,7,1010.8,195,6,1010.9,1363,14,1011.0,3657,42,1011.1,1136,19
317,2025-11-26 13:35:26+05:30,1010.6,3,1000.89,7167550,400196.0,422833.0,986.2,1012.2,981.3,986.2,120406500,1084.8,887.6,1102.5,649.1,1010.5,528,6,1010.4,177,4,1010.3,674,8,1010.2,1193,12,1010.1,3218,18,1010.6,7,1,1010.7,1555,7,1010.8,158,5,1010.9,1336,13,1011.0,3657,42
317,2025-11-26 13:35:27+05:30,1010.6,7,1000.89,7167550,400196.0,422833.0,986.2,1012.2,981.3,986.2,120406500,1084.8,887.6,1102.5,649.1,1010.5,528,6,1010.4,177,4,1010.3,674,8,1010.2,1193,12,1010.1,3218,18,1010.6,7,1,1010.7,1555,7,1010.8,158,5,1010.9,1336,13,1011.0,3657,42
317,2025-11-26 13:35:27+05:30,1010.6,7,1000.89,7167557,399899.0,423108.0,986.2,1012.2,981.3,986.2,120406500,1084.8,887.6,1102.5,649.1,1010.5,344,5,1010.4,317,6,1010.3,705,9,1010.2,602,10,1010.1,4718,20,1010.7,1555,7,1010.8,158,5,1010.9,1285,12,1011.0,3670,43,1011.1,714,15
317,2025-11-26 13:35:28+05:30,1010.7,30,1000.89,7167557,399899.0,423108.0,986.2,1012.2,981.3,986.2,120406500,1084.8,887.6,1102.5,649.1,1010.5,344,5,1010.4,317,6,1010.3,705,9,1010.2,602,10,1010.1,4718,20,1010.7,1555,7,1010.8,158,5,1010.9,1285,12,1011.0,3670,43,1011.1,714,15
317,2025-11-26 13:35:28+05:30,1010.7,30,1000.89,7167612,398596.0,423120.0,986.2,1012.2,981.3,986.2,120406500,1084.8,887.6,1102.5,649.1,1010.5,344,5,1010.4,317,6,1010.3,736,10,1010.2,602,10,1010.1,3218,18,1010.7,1500,7,1010.8,158,5,1010.9,1285,12,1011.0,3981,45,1011.1,701,14
317,2025-11-26 13:35:29+05:30,1010.7,1,1000.89,7167613,398646.0,423200.0,986.2,1012.2,981.3,986.2,120406500,1084.8,887.6,1102.5,649.1,1010.5,311,5,1010.4,326,6,1010.3,736,10,1010.2,602,10,1010.1,3218,18,1010.7,1499,7,1010.8,158,5,1010.9,1334,13,1011.0,3981,45,1011.1,701,14
317,2025-11-26 13:35:30+05:30,1010.7,3,1000.89,7167613,398646.0,423200.0,986.2,1012.2,981.3,986.2,120406500,1084.8,887.6,1102.5,649.1,1010.5,311,5,1010.4,326,6,1010.3,736,10,1010.2,602,10,1010.1,3218,18,1010.7,1499,7,1010.8,158,5,1010.9,1334,13,1011.0,3981,45,1011.1,701,14
317,2025-11-26 13:35:30+05:30,1010.7,27,1000.89,7167677,398781.0,423051.0,986.2,1012.2,981.3,986.2,120406500,1084.8,887.6,1102.5,649.1,1010.5,305,4,1010.4,206,5,1010.3,751,10,1010.2,1098,11,1010.1,3218,18,1010.7,1443,7,1010.8,158,5,1010.9,1246,11,1011.0,3683,44,1011.1,999,15
317,2025-11-26 13:35:31+05:30,1010.7,1,1000.89,7167677,398781.0,423051.0,986.2,1012.2,981.3,986.2,120406500,1084.8,887.6,1102.5,649.1,1010.5,305,4,1010.4,206,5,1010.3,751,10,1010.2,1098,11,1010.1,3218,18,1010.7,1443,7,1010.8,158,5,1010.9,1246,11,1011.0,3683,44,1011.1,999,15
317,2025-11-26 13:35:31+05:30,1010.7,1,1000.89,7167678,398914.0,423124.0,986.2,1012.2,981.3,986.2,120406500,1084.8,887.6,1102.5,649.1,1010.5,354,5,1010.4,206,5,1010.3,749,10,1010.2,1184,11,1010.1,3218,18,1010.7,1447,8,1010.8,159,6,1010.9,1246,11,1011.0,3683,44,1011.1,999,15
317,2025-11-26 13:35:32+05:30,1010.5,135,1000.89,7167678,398914.0,423124.0,986.2,1012.2,981.3,986.2,120406500,1084.8,887.6,1102.5,649.1,1010.5,354,5,1010.4,206,5,1010.3,749,10,1010.2,1184,11,1010.1,3218,18,1010.7,1447,8,1010.8,159,6,1010.9,1246,11,1011.0,3683,44,1011.1,999,15
317,2025-11-26 13:35:32+05:30,1010.5,135,1000.89,7167813,397319.0,423358.0,986.2,1012.2,981.3,986.2,120406500,1084.8,887.6,1102.5,649.1,1010.5,219,5,1010.4,1,1,1010.3,599,9,1010.2,1024,9,1010.1,3146,17,1010.7,1447,8,1010.8,307,8,1010.9,1366,16,1011.0,3991,46,1011.1,706,15
317,2025-11-26 13:35:33+05:30,1010.5,71,1000.89,7167813,397319.0,423358.0,986.2,1012.2,981.3,986.2,120406500,1084.8,887.6,1102.5,649.1,1010.5,219,5,1010.4,1,1,1010.3,599,9,1010.2,1024,9,1010.1,3146,17,1010.7,1447,8,1010.8,307,8,1010.9,1366,16,1011.0,3991,46,1011.1,706,15
317,2025-11-26 13:35:33+05:30,1010.7,23,1000.89,7167916,397441.0,423366.0,986.2,1012.2,981.3,986.2,120406500,1084.8,887.6,1102.5,649.1,1010.5,148,5,1010.4,1,1,1010.3,599,9,1010.2,1024,9,1010.1,3146,17,1010.7,1415,8,1010.8,307,8,1010.9,1366,16,1011.0,3991,46,1011.1,706,15
317,2025-11-26 13:35:34+05:30,1010.7,23,1000.89,7167916,397441.0,423366.0,986.2,1012.2,981.3,986.2,120406500,1084.8,887.6,1102.5,649.1,1010.5,148,5,1010.4,1,1,1010.3,599,9,1010.2,1024,9,1010.1,3146,17,1010.7,1415,8,1010.8,307,8,1010.9,1366,16,1011.0,3991,46,1011.1,706,15
317,2025-11-26 13:35:34+05:30,1010.7,34,1000.9,7167950,398024.0,423381.0,986.2,1012.2,981.3,986.2,120406500,1084.8,887.6,1102.5,649.1,1010.6,112,1,1010.5,146,4,1010.4,77,4,1010.3,581,9,1010.2,626,10,1010.7,1381,8,1010.8,202,7,1010.9,1330,13,1011.0,3981,45,1011.1,701,14
317,2025-11-26 13:35:35+05:30,1010.7,34,1000.9,7167950,398024.0,423381.0,986.2,1012.2,981.3,986.2,120406500,1084.8,887.6,1102.5,649.1,1010.6,112,1,1010.5,146,4,1010.4,77,4,1010.3,581,9,1010.2,626,10,1010.7,1381,8,1010.8,202,7,1010.9,1330,13,1011.0,3981,45,1011.1,701,14
317,2025-11-26 13:35:35+05:30,1010.7,5,1000.9,7167957,397934.0,423349.0,986.2,1012.2,981.3,986.2,120406500,1084.8,887.6,1102.5,649.1,1010.6,112,1,1010.5,146,4,1010.4,33,3,1010.3,599,9,1010.2,626,10,1010.7,1374,8,1010.8,203,7,1010.9,1246,11,1011.0,4003,46,1011.1,701,14
317,2025-11-26 13:35:36+05:30,1010.7,2,1000.9,7167957,397934.0,423349.0,986.2,1012.2,981.3,986.2,120406500,1084.8,887.6,1102.5,649.1,1010.6,112,1,1010.5,146,4,1010.4,33,3,1010.3,599,9,1010.2,626,10,1010.7,1374,8,1010.8,203,7,1010.9,1246,11,1011.0,4003,46,1011.1,701,14
317,2025-11-26 13:35:36+05:30,1010.6,1,1000.9,7168263,397959.0,423195.0,986.2,1012.2,981.3,986.2,120406500,1084.8,887.6,1102.5,649.1,1010.6,124,2,1010.5,138,4,1010.4,113,5,1010.3,590,9,1010.2,1125,11,1010.7,1069,8,1010.8,89,4,1010.9,1245,12,1011.0,3348,43,1011.1,999,15
317,2025-11-26 13:35:37+05:30,1010.6,1,1000.9,7168263,397959.0,423195.0,986.2,1012.2,981.3,986.2,120406500,1084.8,887.6,1102.5,649.1,1010.6,124,2,1010.5,138,4,1010.4,113,5,1010.3,590,9,1010.2,1125,11,1010.7,1069,8,1010.8,89,4,1010.9,1245,12,1011.0,3348,43,1011.1,999,15
317,2025-11-26 13:35:37+05:30,1010.6,1,1000.9,7168265,397729.0,423250.0,986.2,1012.2,981.3,986.2,120406500,1084.8,887.6,1102.5,649.1,1010.6,127,3,1010.5,138,4,1010.4,113,5,1010.3,472,8,1010.2,1125,11,1010.7,1068,8,1010.8,89,4,1010.9,1285,14,1011.0,3373,44,1011.1,999,15
317,2025-11-26 13:35:38+05:30,1010.7,1,1000.9,7168265,397729.0,423250.0,986.2,1012.2,981.3,986.2,120406500,1084.8,887.6,1102.5,649.1,1010.6,127,3,1010.5,138,4,1010.4,113,5,1010.3,472,8,1010.2,1125,11,1010.7,1068,8,1010.8,89,4,1010.9,1285,14,1011.0,3373,44,1011.1,999,15
317,2025-11-26 13:35:38+05:30,1010.7,10,1000.9,7168278,397851.0,423246.0,986.2,1012.2,981.3,986.2,120406500,1084.8,887.6,1102.5,649.1,1010.6,127,3,1010.5,138,4,1010.4,113,5,1010.3,590,9,1010.2,1125,11,1010.7,1065,9,1010.8,89,4,1010.9,1288,13,1011.0,3332,43,1011.1,1003,16
317,2025-11-26 13:35:39+05:30,1010.7,10,1000.9,7168278,397851.0,423246.0,986.2,1012.2,981.3,986.2,120406500,1084.8,887.6,1102.5,649.1,1010.6,127,3,1010.5,138,4,1010.4,113,5,1010.3,590,9,1010.2,1125,11,1010.7,1065,9,1010.8,89,4,1010.9,1288,13,1011.0,3332,43,1011.1,1003,16
317,2025-11-26 13:35:39+05:30,1010.8,48,1000.9,7169737,397620.0,419476.0,986.2,1012.2,981.3,986.2,120406500,1084.8,887.6,1102.5,649.1,1010.7,44,1,1010.6,446,8,1010.5,289,7,1010.4,622,12,1010.3,754,10,1010.9,824,6,1011.0,2869,36,1011.1,333,6,1011.2,747,6,1011.3,1032,11
317,2025-11-26 13:35:40+05:30,1010.8,48,1000.9,7169737,397620.0,419476.0,986.2,1012.2,981.3,986.2,120406500,1084.8,887.6,1102.5,649.1,1010.7,44,1,1010.6,446,8,1010.5,289,7,1010.4,622,12,1010.3,754,10,1010.9,824,6,1011.0,2869,36,1011.1,333,6,1011.2,747,6,1011.3,1032,11
317,2025-11-26 13:35:40+05:30,1010.9,2,1000.9,7169894,399795.0,422662.0,986.2,1012.2,981.3,986.2,120406500,1084.8,887.6,1102.5,649.1,1010.8,208,3,1010.7,14,2,1010.6,200,5,1010.5,363,7,1010.4,778,16,1010.9,669,7,1011.0,2756,35,1011.1,595,15,1011.2,906,9,1011.3,1113,11
317,2025-11-26 13:35:41+05:30,1010.9,2,1000.9,7169894,399795.0,422662.0,986.2,1012.2,981.3,986.2,120406500,1084.8,887.6,1102.5,649.1,1010.8,208,3,1010.7,14,2,1010.6,200,5,1010.5,363,7,1010.4,778,16,1010.9,669,7,1011.0,2756,35,1011.1,595,15,1011.2,906,9,1011.3,1113,11
317,2025-11-26 13:35:41+05:30,1010.9,82,1000.9,7169977,399367.0,422327.0,986.2,1012.2,981.3,986.2,120406500,1084.8,887.6,1102.5,649.1,1010.8,113,3,1010.7,51,4,1010.6,450,8,1010.5,500,8,1010.4,861,17,1010.9,586,7,1011.0,2756,35,1011.1,556,14,1011.2,880,8,1011.3,815,10
317,2025-11-26 13:35:42+05:30,1010.9,82,1000.9,7169977,399367.0,422327.0,986.2,1012.2,981.3,986.2,120406500,1084.8,887.6,1102.5,649.1,1010.8,113,3,1010.7,51,4,1010.6,450,8,1010.5,500,8,1010.4,861,17,1010.9,586,7,1011.0,2756,35,1011.1,556,14,1011.2,880,8,1011.3,815,10
317,2025-11-26 13:35:42+05:30,1010.9,82,1000.9,7169977,399286.0,421166.0,986.2,1012.2,981.3,986.2,120406500,1084.8,887.6,1102.5,649.1,1010.8,239,3,1010.7,21,3,1010.6,420,8,1010.5,561,14,1010.4,1051,18,1010.9,844,8,1011.0,2756,35,1011.1,333,6,1011.2,827,7,1011.3,1048,10
317,2025-11-26 13:35:43+05:30,1010.9,23,1000.9,7169977,399286.0,421166.0,986.2,1012.2,981.3,986.2,120406500,1084.8,887.6,1102.5,649.1,1010.8,239,3,1010.7,21,3,1010.6,420,8,1010.5,561,14,1010.4,1051,18,1010.9,844,8,1011.0,2756,35,1011.1,333,6,1011.2,827,7,1011.3,1048,10
317,2025-11-26 13:35:43+05:30,1010.9,23,1000.9,7170009,401024.0,422345.0,986.2,1012.2,981.3,986.2,120406500,1084.8,887.6,1102.5,649.1,1010.8,153,3,1010.7,124,4,1010.6,304,6,1010.5,1095,17,1010.4,1038,17,1010.9,812,8,1011.0,2756,35,1011.1,333,6,1011.2,932,14,1011.3,1048,10
317,2025-11-26 13:35:44+05:30,1010.9,10,1000.9,7170009,401024.0,422345.0,986.2,1012.2,981.3,986.2,120406500,1084.8,887.6,1102.5,649.1,1010.8,153,3,1010.7,124,4,1010.6,304,6,1010.5,1095,17,1010.4,1038,17,1010.9,812,8,1011.0,2756,35,1011.1,333,6,1011.2,932,14,1011.3,1048,10
317,2025-11-26 13:35:44+05:30,1010.9,2,1000.9,7170099,400764.0,422315.0,986.2,1012.2,981.3,986.2,120406500,1084.8,887.6,1102.5,649.1,1010.8,88,4,1010.7,224,5,1010.6,309,7,1010.5,574,15,1010.4,1567,18,1010.9,800,8,1011.0,2756,35,1011.1,451,7,1011.2,932,14,1011.3,1048,10
317,2025-11-26 13:35:45+05:30,1010.9,2,1000.9,7170099,400764.0,422315.0,986.2,1012.2,981.3,986.2,120406500,1084.8,887.6,1102.5,649.1,1010.8,88,4,1010.7,224,5,1010.6,309,7,1010.5,574,15,1010.4,1567,18,1010.9,800,8,1011.0,2756,35,1011.1,451,7,1011.2,932,14,1011.3,1048,10
317,2025-11-26 13:35:45+05:30,1010.9,2,1000.9,7170101,401112.0,421878.0,986.2,1012.2,981.3,986.2,120406500,1084.8,887.6,1102.5,649.1,1010.8,173,5,1010.7,224,5,1010.6,256,6,1010.5,574,15,1010.4,1053,17,1010.9,798,8,1011.0,2756,35,1011.1,451,7,1011.2,932,14,1011.3,1048,10
317,2025-11-26 13:35:46+05:30,1010.8,55,1000.9,7170101,401112.0,421878.0,986.2,1012.2,981.3,986.2,120406500,1084.8,887.6,1102.5,649.1,1010.8,173,5,1010.7,224,5,1010.6,256,6,1010.5,574,15,1010.4,1053,17,1010.9,798,8,1011.0,2756,35,1011.1,451,7,1011.2,932,14,1011.3,1048,10
317,2025-11-26 13:35:46+05:30,1010.8,55,1000.9,7170245,400193.0,422284.0,986.2,1012.2,981.3,986.2,120406500,1084.8,887.6,1102.5,649.1,1010.7,184,4,1010.6,89,4,1010.5,431,13,1010.4,1346,15,1010.3,2758,10,1010.9,797,8,1011.0,2862,36,1011.1,502,8,1011.2,1291,17,1011.3,761,11
317,2025-11-26 13:35:47+05:30,1010.9,1,1000.9,7170247,400230.0,422416.0,986.2,1012.2,981.3,986.2,120406500,1084.8,887.6,1102.5,649.1,1010.7,184,4,1010.6,49,3,1010.5,471,14,1010.4,1262,14,1010.3,2797,11,1010.9,795,8,1011.0,2862,36,1011.1,502,8,1011.2,1291,17,1011.3,761,11
317,2025-11-26 13:35:48+05:30,1010.7,1,1000.9,7170247,400230.0,422416.0,986.2,1012.2,981.3,986.2,120406500,1084.8,887.6,1102.5,649.1,1010.7,184,4,1010.6,49,3,1010.5,471,14,1010.4,1262,14,1010.3,2797,11,1010.9,795,8,1011.0,2862,36,1011.1,502,8,1011.2,1291,17,1011.3,761,11
317,2025-11-26 13:35:48+05:30,1010.7,1,1000.9,7170248,402897.0,422163.0,986.2,1012.2,981.3,986.2,120406500,1084.8,887.6,1102.5,649.1,1010.7,183,4,1010.6,9,2,1010.5,511,15,1010.4,1262,14,1010.3,4297,13,1010.8,70,1,1010.9,843,10,1011.0,2862,36,1011.1,540,9,1011.2,1291,17
317,2025-11-26 13:35:49+05:30,1010.7,1,1000.9,7170248,403144.0,422248.0,986.2,1012.2,981.3,986.2,120406500,1084.8,887.6,1102.5,649.1,1010.7,367,5,1010.6,87,4,1010.5,471,14,1010.4,1287,15,1010.3,4297,13,1010.8,70,1,1010.9,843,10,1011.0,2862,36,1011.1,540,9,1011.2,993,16
317,2025-11-26 13:35:50+05:30,1010.7,43,1000.9,7170304,402919.0,422187.0,986.2,1012.2,981.3,986.2,120406500,1084.8,887.6,1102.5,649.1,1010.7,141,4,1010.6,87,4,1010.5,471,14,1010.4,1262,14,1010.3,4297,13,1010.8,64,1,1010.9,843,10,1011.0,2862,36,1011.1,540,9,1011.2,993,16
317,2025-11-26 13:35:51+05:30,1010.8,1,1000.9,7170304,402919.0,422187.0,986.2,1012.2,981.3,986.2,120406500,1084.8,887.6,1102.5,649.1,1010.7,141,4,1010.6,87,4,1010.5,471,14,1010.4,1262,14,1010.3,4297,13,1010.8,64,1,1010.9,843,10,1011.0,2862,36,1011.1,540,9,1011.2,993,16
317,2025-11-26 13:35:51+05:30,1010.8,1,1000.9,7170305,402842.0,422225.0,986.2,1012.2,981.3,986.2,120406500,1084.8,887.6,1102.5,649.1,1010.7,141,4,1010.6,49,3,1010.5,432,13,1010.4,1262,14,1010.3,4297,13,1010.8,63,1,1010.9,895,11,1011.0,2862,36,1011.1,540,9,1011.2,993,16
317,2025-11-26 13:35:52+05:30,1010.8,1,1000.9,7170305,402759.0,423827.0,986.2,1012.2,981.3,986.2,120406500,1084.8,887.6,1102.5,649.1,1010.7,141,4,1010.6,9,2,1010.5,428,13,1010.4,1275,15,1010.3,4330,14,1010.8,66,3,1010.9,893,10,1011.0,4362,37,1011.1,545,10,1011.2,1291,17
317,2025-11-26 13:35:53+05:30,1010.8,5,1000.9,7170305,402759.0,423827.0,986.2,1012.2,981.3,986.2,120406500,1084.8,887.6,1102.5,649.1,1010.7,141,4,1010.6,9,2,1010.5,428,13,1010.4,1275,15,1010.3,4330,14,1010.8,66,3,1010.9,893,10,1011.0,4362,37,1011.1,545,10,1011.2,1291,17
317,2025-11-26 13:35:53+05:30,1010.8,23,1000.9,7170341,402794.0,423724.0,986.2,1012.2,981.3,986.2,120406500,1084.8,887.6,1102.5,649.1,1010.7,138,4,1010.6,9,2,1010.5,465,14,1010.4,1299,16,1010.3,4330,14,1010.8,41,4,1010.9,893,10,1011.0,4362,37,1011.1,545,10,1011.2,1291,17
317,2025-11-26 13:35:54+05:30,1010.7,2,1000.9,7170341,402794.0,423724.0,986.2,1012.2,981.3,986.2,120406500,1084.8,887.6,1102.5,649.1,1010.7,138,4,1010.6,9,2,1010.5,465,14,1010.4,1299,16,1010.3,4330,14,1010.8,41,4,1010.9,893,10,1011.0,4362,37,1011.1,545,10,1011.2,1291,17
317,2025-11-26 13:35:54+05:30,1010.8,71,1000.9,7170447,400671.0,424451.0,986.2,1012.2,981.3,986.2,120406500,1084.8,887.6,1102.5,649.1,1010.8,8,1,1010.7,136,4,1010.6,9,2,1010.5,429,13,1010.4,1311,16,1010.9,893,10,1011.0,4480,38,1011.1,581,11,1011.2,1291,17,1011.3,794,12
317,2025-11-26 13:35:55+05:30,1010.7,17,1000.9,7170447,400671.0,424451.0,986.2,1012.2,981.3,986.2,120406500,1084.8,887.6,1102.5,649.1,1010.8,8,1,1010.7,136,4,1010.6,9,2,1010.5,429,13,1010.4,1311,16,1010.9,893,10,1011.0,4480,38,1011.1,581,11,1011.2,1291,17,1011.3,794,12
317,2025-11-26 13:35:55+05:30,1010.7,1,1000.9,7170532,400696.0,423696.0,986.2,1012.2,981.3,986.2,120406500,1084.8,887.6,1102.5,649.1,1010.7,840,4,1010.6,45,3,1010.5,492,16,1010.4,824,12,1010.3,2830,12,1010.9,862,10,1011.0,4362,37,1011.1,548,11,1011.2,1291,17,1011.3,815,13
317,2025-11-26 13:35:56+05:30,1010.7,53,1000.9,7170532,400696.0,423696.0,986.2,1012.2,981.3,986.2,120406500,1084.8,887.6,1102.5,649.1,1010.7,840,4,1010.6,45,3,1010.5,492,16,1010.4,824,12,1010.3,2830,12,1010.9,862,10,1011.0,4362,37,1011.1,548,11,1011.2,1291,17,1011.3,815,13
317,2025-11-26 13:35:56+05:30,1010.9,1,1000.9,7170679,400807.0,423854.0,986.2,1012.2,981.3,986.2,120406500,1084.8,887.6,1102.5,649.1,1010.7,923,6,1010.6,9,2,1010.5,498,16,1010.4,1375,13,1010.3,2830,12,1010.9,858,10,1011.0,4516,39,1011.1,548,11,1011.2,1396,19,1011.3,794,12
317,2025-11-26 13:35:57+05:30,1010.9,1,1000.9,7170679,400807.0,423854.0,986.2,1012.2,981.3,986.2,120406500,1084.8,887.6,1102.5,649.1,1010.7,923,6,1010.6,9,2,1010.5,498,16,1010.4,1375,13,1010.3,2830,12,1010.9,858,10,1011.0,4516,39,1011.1,548,11,1011.2,1396,19,1011.3,794,12
317,2025-11-26 13:35:57+05:30,1010.9,1,1000.9,7170679,401085.0,423673.0,986.2,1012.2,981.3,986.2,120406500,1084.8,887.6,1102.5,649.1,1010.7,1119,8,1010.6,97,5,1010.5,519,17,1010.4,824,12,1010.3,2830,12,1010.9,858,10,1011.0,4362,37,1011.1,497,10,1011.2,1255,11,1011.3,830,13
317,2025-11-26 13:35:58+05:30,1010.9,1,1000.9,7170679,401023.0,423768.0,986.2,1012.2,981.3,986.2,120406500,1084.8,887.6,1102.5,649.1,1010.7,1071,7,1010.6,61,4,1010.5,534,17,1010.4,824,12,1010.3,2830,12,1010.9,858,10,1011.0,4362,37,1011.1,497,10,1011.2,1332,16,1011.3,830,13
317,2025-11-26 13:35:59+05:30,1010.9,1,1000.9,7170679,400871.0,423841.0,986.2,1012.2,981.3,986.2,120406500,1084.8,887.6,1102.5,649.1,1010.7,1071,7,1010.6,61,4,1010.5,429,10,1010.4,824,12,1010.3,2830,12,1010.9,858,10,1011.0,4365,38,1011.1,497,10,1011.2,1360,18,1011.3,830,13
317,2025-11-26 13:36:00+05:30,1010.7,8,1000.9,7170679,400871.0,423841.0,986.2,1012.2,981.3,986.2,120406500,1084.8,887.6,1102.5,649.1,1010.7,1071,7,1010.6,61,4,1010.5,429,10,1010.4,824,12,1010.3,2830,12,1010.9,858,10,1011.0,4365,38,1011.1,497,10,1011.2,1360,18,1011.3,830,13
317,2025-11-26 13:36:00+05:30,1010.9,30,1000.9,7170718,400960.0,423825.0,986.2,1012.2,981.3,986.2,120406500,1084.8,887.6,1102.5,649.1,1010.7,1063,7,1010.6,61,4,1010.5,534,17,1010.4,796,11,1010.3,2830,12,1010.9,827,10,1011.0,4365,38,1011.1,497,10,1011.2,1360,18,1011.3,830,13
317,2025-11-26 13:36:01+05:30,1010.9,1,1000.9,7170718,400960.0,423825.0,986.2,1012.2,981.3,986.2,120406500,1084.8,887.6,1102.5,649.1,1010.7,1063,7,1010.6,61,4,1010.5,534,17,1010.4,796,11,1010.3,2830,12,1010.9,827,10,1011.0,4365,38,1011.1,497,10,1011.2,1360,18,1011.3,830,13
317,2025-11-26 13:36:01+05:30,1010.9,1,1000.9,7170719,400918.0,423903.0,986.2,1012.2,981.3,986.2,120406500,1084.8,887.6,1102.5,649.1,1010.7,1063,7,1010.6,61,4,1010.5,534,17,1010.4,1269,12,1010.3,2830,12,1010.9,826,10,1011.0,4365,38,1011.1,497,10,1011.2,1360,18,1011.3,830,13
317,2025-11-26 13:36:02+05:30,1010.9,1,1000.9,7170719,401040.0,423387.0,986.2,1012.2,981.3,986.2,120406500,1084.8,887.6,1102.5,649.1,1010.7,1110,8,1010.6,61,4,1010.5,531,17,1010.4,1374,12,1010.3,2830,12,1010.9,827,11,1011.0,4365,38,1011.1,497,10,1011.2,1360,18,1011.3,824,12
317,2025-11-26 13:36:03+05:30,1010.9,22,1000.9,7170719,401040.0,423387.0,986.2,1012.2,981.3,986.2,120406500,1084.8,887.6,1102.5,649.1,1010.7,1110,8,1010.6,61,4,1010.5,531,17,1010.4,1374,12,1010.3,2830,12,1010.9,827,11,1011.0,4365,38,1011.1,497,10,1011.2,1360,18,1011.3,824,12
317,2025-11-26 13:36:03+05:30,1010.7,50,1000.9,7170800,400950.0,423869.0,986.2,1012.2,981.3,986.2,120406500,1084.8,887.6,1102.5,649.1,1010.7,1012,7,1010.6,61,4,1010.5,531,17,1010.4,1352,12,1010.3,2830,12,1010.9,797,11,1011.0,4365,38,1011.1,497,10,1011.2,1360,18,1011.3,824,12
317,2025-11-26 13:36:04+05:30,1010.7,49,1000.9,7170800,400950.0,423869.0,986.2,1012.2,981.3,986.2,120406500,1084.8,887.6,1102.5,649.1,1010.7,1012,7,1010.6,61,4,1010.5,531,17,1010.4,1352,12,1010.3,2830,12,1010.9,797,11,1011.0,4365,38,1011.1,497,10,1011.2,1360,18,1011.3,824,12
317,2025-11-26 13:36:04+05:30,1010.9,80,1000.9,7171580,401152.0,423455.0,986.2,1012.2,981.3,986.2,120406500,1084.8,887.6,1102.5,649.1,1010.7,1070,6,1010.6,46,4,1010.5,454,14,1010.4,1254,13,1010.3,2916,13,1010.9,717,11,1011.0,4379,39,1011.1,558,9,1011.2,983,15,1011.3,1114,12
317,2025-11-26 13:36:05+05:30,1010.7,143,1000.9,7171580,401152.0,423455.0,986.2,1012.2,981.3,986.2,120406500,1084.8,887.6,1102.5,649.1,1010.7,1070,6,1010.6,46,4,1010.5,454,14,1010.4,1254,13,1010.3,2916,13,1010.9,717,11,1011.0,4379,39,1011.1,558,9,1011.2,983,15,1011.3,1114,12
317,2025-11-26 13:36:05+05:30,1010.9,16,1000.9,7171743,400689.0,423523.0,986.2,1012.2,981.3,986.2,120406500,1084.8,887.6,1102.5,649.1,1010.7,943,7,1010.6,9,2,1010.5,425,13,1010.4,1225,13,1010.3,2863,13,1010.9,697,11,1011.0,4196,39,1011.1,595,10,1011.2,1311,17,1011.3,796,12
317,2025-11-26 13:36:06+05:30,1010.9,1,1000.9,7171743,400689.0,423523.0,986.2,1012.2,981.3,986.2,120406500,1084.8,887.6,1102.5,649.1,1010.7,943,7,1010.6,9,2,1010.5,425,13,1010.4,1225,13,1010.3,2863,13,1010.9,697,11,1011.0,4196,39,1011.1,595,10,1011.2,1311,17,1011.3,796,12
317,2025-11-26 13:36:06+05:30,1010.9,1,1000.9,7171744,400473.0,423643.0,986.2,1012.2,981.3,986.2,120406500,1084.8,887.6,1102.5,649.1,1010.7,943,7,1010.6,9,2,1010.5,150,5,1010.4,1245,13,1010.3,2113,12,1010.9,696,11,1011.0,4310,40,1011.1,595,10,1011.2,1324,18,1011.3,796,12
317,2025-11-26 13:36:07+05:30,1010.9,135,1000.9,7171879,402766.0,422724.0,986.2,1012.2,981.3,986.2,120406500,1084.8,887.6,1102.5,649.1,1010.7,1006,10,1010.6,413,9,1010.5,808,16,1010.4,1666,14,1010.3,3238,15,1010.9,556,9,1011.0,4174,41,1011.1,410,7,1011.2,593,5,1011.3,1126,17
317,2025-11-26 13:36:08+05:30,1010.9,135,1000.9,7171879,402766.0,422724.0,986.2,1012.2,981.3,986.2,120406500,1084.8,887.6,1102.5,649.1,1010.7,1006,10,1010.6,413,9,1010.5,808,16,1010.4,1666,14,1010.3,3238,15,1010.9,556,9,1011.0,4174,41,1011.1,410,7,1011.2,593,5,1011.3,1126,17
317,2025-11-26 13:36:08+05:30,1011.0,3,1000.9,7172816,401478.0,420715.0,986.2,1012.2,981.3,986.2,120406500,1084.8,887.6,1102.5,649.1,1010.9,25,2,1010.7,1128,9,1010.6,446,8,1010.5,854,18,1010.4,1839,16,1011.0,3865,36,1011.1,247,5,1011.2,287,4,1011.3,1016,10,1011.4,1156,13
317,2025-11-26 13:36:09+05:30,1011.0,3,1000.9,7172816,401478.0,420715.0,986.2,1012.2,981.3,986.2,120406500,1084.8,887.6,1102.5,649.1,1010.9,25,2,1010.7,1128,9,1010.6,446,8,1010.5,854,18,1010.4,1839,16,1011.0,3865,36,1011.1,247,5,1011.2,287,4,1011.3,1016,10,1011.4,1156,13
317,2025-11-26 13:36:09+05:30,1010.9,2,1000.91,7176814,401247.0,413496.0,986.2,1012.2,981.3,986.2,120406500,1084.8,887.6,1102.5,649.1,1010.9,23,2,1010.8,42,2,1010.7,1535,14,1010.6,484,9,1010.5,1009,20,1011.1,137,3,1011.2,104,1,1011.3,865,6,1011.4,1198,10,1011.5,1002,23
317,2025-11-26 13:36:10+05:30,1011.1,1,1000.91,7176814,401247.0,413496.0,986.2,1012.2,981.3,986.2,120406500,1084.8,887.6,1102.5,649.1,1010.9,23,2,1010.8,42,2,1010.7,1535,14,1010.6,484,9,1010.5,1009,20,1011.1,137,3,1011.2,104,1,1011.3,865,6,1011.4,1198,10,1011.5,1002,23
317,2025-11-26 13:36:10+05:30,1011.1,2,1000.91,7177222,400523.0,413057.0,986.2,1012.2,981.3,986.2,120406500,1084.8,887.6,1102.5,649.1,1011.1,22,3,1010.9,224,4,1010.8,700,10,1010.7,1489,12,1010.6,752,11,1011.3,74,2,1011.4,386,6,1011.5,1088,25,1011.6,1279,12,1011.7,1093,10
317,2025-11-26 13:36:11+05:30,1011.1,2,1000.91,7177222,400523.0,413057.0,986.2,1012.2,981.3,986.2,120406500,1084.8,887.6,1102.5,649.1,1011.1,22,3,1010.9,224,4,1010.8,700,10,1010.7,1489,12,1010.6,752,11,1011.3,74,2,1011.4,386,6,1011.5,1088,25,1011.6,1279,12,1011.7,1093,10
317,2025-11-26 13:36:11+05:30,1010.9,1,1000.91,7177524,398651.0,414764.0,986.2,1012.2,981.3,986.2,120406500,1084.8,887.6,1102.5,649.1,1011.1,13,1,1010.9,16,2,1010.7,1194,7,1010.6,730,11,1010.5,1612,22,1011.3,706,9,1011.4,890,12,1011.5,1104,23,1011.6,1513,18,1011.7,982,10
317,2025-11-26 13:36:12+05:30,1010.9,1,1000.91,7177524,398651.0,414764.0,986.2,1012.2,981.3,986.2,120406500,1084.8,887.6,1102.5,649.1,1011.1,13,1,1010.9,16,2,1010.7,1194,7,1010.6,730,11,1010.5,1612,22,1011.3,706,9,1011.4,890,12,1011.5,1104,23,1011.6,1513,18,1011.7,982,10
317,2025-11-26 13:36:12+05:30,1011.3,10,1000.91,7177886,399060.0,415317.0,986.2,1012.2,981.3,986.2,120406500,1084.8,887.6,1102.5,649.1,1010.9,16,2,1010.7,1128,6,1010.6,480,11,1010.5,1388,16,1010.4,1916,12,1011.1,8,1,1011.2,229,3,1011.3,926,7,1011.4,1071,15,1011.5,1142,26
317,2025-11-26 13:36:13+05:30,1011.3,10,1000.91,7177886,399060.0,415317.0,986.2,1012.2,981.3,986.2,120406500,1084.8,887.6,1102.5,649.1,1010.9,16,2,1010.7,1128,6,1010.6,480,11,1010.5,1388,16,1010.4,1916,12,1011.1,8,1,1011.2,229,3,1011.3,926,7,1011.4,1071,15,1011.5,1142,26
317,2025-11-26 13:36:14+05:30,1010.9,65,1000.91,7178065,398922.0,415279.0,986.2,1012.2,981.3,986.2,120406500,1084.8,887.6,1102.5,649.1,1010.9,4,1,1010.8,3,1,1010.7,1276,6,1010.6,809,16,1010.5,1389,15,1011.1,8,1,1011.2,117,2,1011.3,339,4,1011.4,1529,13,1011.5,1134,27
317,2025-11-26 13:36:14+05:30,1010.9,65,1000.91,7178065,398922.0,415279.0,986.2,1012.2,981.3,986.2,120406500,1084.8,887.6,1102.5,649.1,1010.9,4,1,1010.8,3,1,1010.7,1276,6,1010.6,809,16,1010.5,1389,15,1011.1,8,1,1011.2,117,2,1011.3,339,4,1011.4,1529,13,1011.5,1134,27
317,2025-11-26 13:36:15+05:30,1011.1,1,1000.91,7178065,398922.0,415279.0,986.2,1012.2,981.3,986.2,120406500,1084.8,887.6,1102.5,649.1,1010.9,4,1,1010.8,3,1,1010.7,1276,6,1010.6,809,16,1010.5,1389,15,1011.1,8,1,1011.2,117,2,1011.3,339,4,1011.4,1529,13,1011.5,1134,27
317,2025-11-26 13:36:15+05:30,1011.1,1,1000.91,7178070,399087.0,416171.0,986.2,1012.2,981.3,986.2,120406500,1084.8,887.6,1102.5,649.1,1011.0,112,1,1010.9,4,1,1010.8,3,1,1010.7,1330,7,1010.6,788,16,1011.1,3,1,1011.2,4,1,1011.3,388,5,1011.4,665,11,1011.5,1152,25
317,2025-11-26 13:36:16+05:30,1011.1,2,1000.91,7178070,399087.0,416171.0,986.2,1012.2,981.3,986.2,120406500,1084.8,887.6,1102.5,649.1,1011.0,112,1,1010.9,4,1,1010.8,3,1,1010.7,1330,7,1010.6,788,16,1011.1,3,1,1011.2,4,1,1011.3,388,5,1011.4,665,11,1011.5,1152,25
317,2025-11-26 13:36:16+05:30,1011.1,2,1000.91,7178075,399300.0,416666.0,986.2,1012.2,981.3,986.2,120406500,1084.8,887.6,1102.5,649.1,1011.0,112,1,1010.9,4,1,1010.8,319,3,1010.7,1330,7,1010.6,837,17,1011.1,6,1,1011.2,4,1,1011.3,862,5,1011.4,665,11,1011.5,1450,26
317,2025-11-26 13:36:17+05:30,1011.1,6,1000.91,7178075,399300.0,416666.0,986.2,1012.2,981.3,986.2,120406500,1084.8,887.6,1102.5,649.1,1011.0,112,1,1010.9,4,1,1010.8,319,3,1010.7,1330,7,1010.6,837,17,1011.1,6,1,1011.2,4,1,1011.3,862,5,1011.4,665,11,1011.5,1450,26
317,2025-11-26 13:36:17+05:30,1011.1,6,1000.91,7178193,398728.0,417529.0,986.2,1012.2,981.3,986.2,120406500,1084.8,887.6,1102.5,649.1,1011.0,3,1,1010.9,4,1,1010.8,3,1,1010.7,906,3,1010.6,994,14,1011.1,115,3,1011.2,482,6,1011.3,616,7,1011.4,1350,13,1011.5,1399,26
317,2025-11-26 13:36:18+05:30,1010.9,51,1000.91,7178193,398728.0,417529.0,986.2,1012.2,981.3,986.2,120406500,1084.8,887.6,1102.5,649.1,1011.0,3,1,1010.9,4,1,1010.8,3,1,1010.7,906,3,1010.6,994,14,1011.1,115,3,1011.2,482,6,1011.3,616,7,1011.4,1350,13,1011.5,1399,26
317,2025-11-26 13:36:18+05:30,1011.1,40,1000.91,7178310,398501.0,416900.0,986.2,1012.2,981.3,986.2,120406500,1084.8,887.6,1102.5,649.1,1010.9,7,1,1010.8,3,1,1010.7,1020,4,1010.6,999,14,1010.5,853,13,1011.1,19,1,1011.2,428,5,1011.3,702,10,1011.4,1100,13,1011.5,1590,27
317,2025-11-26 13:36:19+05:30,1011.1,40,1000.91,7178310,398501.0,416900.0,986.2,1012.2,981.3,986.2,120406500,1084.8,887.6,1102.5,649.1,1010.9,7,1,1010.8,3,1,1010.7,1020,4,1010.6,999,14,1010.5,853,13,1011.1,19,1,1011.2,428,5,1011.3,702,10,1011.4,1100,13,1011.5,1590,27
317,2025-11-26 13:36:19+05:30,1011.1,40,1000.91,7178310,398222.0,417504.0,986.2,1012.2,981.3,986.2,120406500,1084.8,887.6,1102.5,649.1,1011.0,96,1,1010.9,7,1,1010.8,3,1,1010.7,1020,4,1010.6,556,14,1011.2,116,3,1011.3,1232,10,1011.4,1100,13,1011.5,1099,25,1011.6,1539,16
317,2025-11-26 13:36:20+05:30,1011.0,2,1000.91,7178310,398222.0,417504.0,986.2,1012.2,981.3,986.2,120406500,1084.8,887.6,1102.5,649.1,1011.0,96,1,1010.9,7,1,1010.8,3,1,1010.7,1020,4,1010.6,556,14,1011.2,116,3,1011.3,1232,10,1011.4,1100,13,1011.5,1099,25,1011.6,1539,16
317,2025-11-26 13:36:20+05:30,1011.0,2,1000.91,7178312,398222.0,416977.0,986.2,1012.2,981.3,986.2,120406500,1084.8,887.6,1102.5,649.1,1011.0,94,1,1010.9,7,1,1010.8,3,1,1010.7,1020,4,1010.6,556,14,1011.2,116,3,1011.3,675,9,1011.4,1130,14,1011.5,1099,25,1011.6,1539,16
317,2025-11-26 13:36:21+05:30,1011.0,200,1000.91,7178312,398222.0,416977.0,986.2,1012.2,981.3,986.2,120406500,1084.8,887.6,1102.5,649.1,1011.0,94,1,1010.9,7,1,1010.8,3,1,1010.7,1020,4,1010.6,556,14,1011.2,116,3,1011.3,675,9,1011.4,1130,14,1011.5,1099,25,1011.6,1539,16
317,2025-11-26 13:36:21+05:30,1011.0,200,1000.91,7178515,398224.0,417757.0,986.2,1012.2,981.3,986.2,120406500,1084.8,887.6,1102.5,649.1,1011.0,96,1,1010.9,7,1,1010.8,3,1,1010.7,1020,4,1010.6,556,14,1011.2,219,5,1011.3,807,10,1011.4,1675,15,1011.5,1099,25,1011.6,1539,16
317,2025-11-26 13:36:22+05:30,1011.0,200,1000.91,7178515,398724.0,418507.0,986.2,1012.2,981.3,986.2,120406500,1084.8,887.6,1102.5,649.1,1011.0,96,1,1010.9,507,2,1010.8,3,1,1010.7,1020,4,1010.6,556,14,1011.2,219,5,1011.3,807,10,1011.4,1675,15,1011.5,1099,25,1011.6,1539,16
317,2025-11-26 13:36:23+05:30,1011.2,4,1000.91,7178515,398724.0,418507.0,986.2,1012.2,981.3,986.2,120406500,1084.8,887.6,1102.5,649.1,1011.0,96,1,1010.9,507,2,1010.8,3,1,1010.7,1020,4,1010.6,556,14,1011.2,219,5,1011.3,807,10,1011.4,1675,15,1011.5,1099,25,1011.6,1539,16
317,2025-11-26 13:36:23+05:30,1011.2,1,1000.91,7178839,398982.0,418479.0,986.2,1012.2,981.3,986.2,120406500,1084.8,887.6,1102.5,649.1,1011.0,96,1,1010.9,507,2,1010.8,112,3,1010.7,1169,5,1010.6,582,16,1011.2,191,5,1011.3,807,10,1011.4,1377,14,1011.5,1397,26,1011.6,1539,16
317,2025-11-26 13:36:24+05:30,1011.2,1,1000.91,7178839,398982.0,418479.0,986.2,1012.2,981.3,986.2,120406500,1084.8,887.6,1102.5,649.1,1011.0,96,1,1010.9,507,2,1010.8,112,3,1010.7,1169,5,1010.6,582,16,1011.2,191,5,1011.3,807,10,1011.4,1377,14,1011.5,1397,26,1011.6,1539,16
317,2025-11-26 13:36:24+05:30,1011.2,1,1000.91,7178839,398982.0,419379.0,986.2,1012.2,981.3,986.2,120406500,1084.8,887.6,1102.5,649.1,1011.0,96,1,1010.9,507,2,1010.8,112,3,1010.7,1169,5,1010.6,582,16,1011.2,191,5,1011.3,807,10,1011.4,1377,14,1011.5,1397,26,1011.6,1539,16
317,2025-11-26 13:36:25+05:30,1011.2,1,1000.91,7178839,398982.0,419379.0,986.2,1012.2,981.3,986.2,120406500,1084.8,887.6,1102.5,649.1,1011.0,96,1,1010.9,507,2,1010.8,112,3,1010.7,1169,5,1010.6,582,16,1011.2,191,5,1011.3,807,10,1011.4,1377,14,1011.5,1397,26,1011.6,1539,16
317,2025-11-26 13:36:25+05:30,1011.2,11,1000.91,7179005,399130.0,418687.0,986.2,1012.2,981.3,986.2,120406500,1084.8,887.6,1102.5,649.1,1011.0,96,1,1010.9,512,3,1010.8,219,4,1010.7,1303,6,1010.6,569,15,1011.2,122,4,1011.3,472,5,1011.4,1478,15,1011.5,1388,25,1011.6,1534,15
317,2025-11-26 13:36:26+05:30,1011.2,2,1000.91,7179005,399130.0,418687.0,986.2,1012.2,981.3,986.2,120406500,1084.8,887.6,1102.5,649.1,1011.0,96,1,1010.9,512,3,1010.8,219,4,1010.7,1303,6,1010.6,569,15,1011.2,122,4,1011.3,472,5,1011.4,1478,15,1011.5,1388,25,1011.6,1534,15
317,2025-11-26 13:36:26+05:30,1011.2,2,1000.91,7179007,399130.0,418704.0,986.2,1012.2,981.3,986.2,120406500,1084.8,887.6,1102.5,649.1,1011.0,96,1,1010.9,512,3,1010.8,219,4,1010.7,1303,6,1010.6,569,15,1011.2,70,3,1011.3,1083,7,1011.4,875,13,1011.5,1388,25,1011.6,1534,15
317,2025-11-26 13:36:27+05:30,1011.2,2,1000.91,7179007,399143.0,418704.0,986.2,1012.2,981.3,986.2,120406500,1084.8,887.6,1102.5,649.1,1011.0,109,2,1010.9,512,3,1010.8,219,4,1010.7,1303,6,1010.6,569,15,1011.2,70,3,1011.3,1030,6,1011.4,928,14,1011.5,1388,25,1011.6,1534,15
317,2025-11-26 13:36:28+05:30,1011.2,2,1000.91,7179007,399345.0,418756.0,986.2,1012.2,981.3,986.2,120406500,1084.8,887.6,1102.5,649.1,1011.0,109,2,1010.9,512,3,1010.8,219,4,1010.7,1303,6,1010.6,569,15,1011.2,122,4,1011.3,1083,7,1011.4,875,13,1011.5,1388,25,1011.6,1534,15
317,2025-11-26 13:36:29+05:30,1011.0,5,1000.91,7179012,399340.0,418203.0,986.2,1012.2,981.3,986.2,120406500,1084.8,887.6,1102.5,649.1,1011.0,104,2,1010.9,512,3,1010.8,219,4,1010.7,1303,6,1010.6,569,15,1011.2,122,4,1011.3,530,7,1011.4,875,13,1011.5,1388,25,1011.6,1534,15
317,2025-11-26 13:36:30+05:30,1011.0,5,1000.91,7179012,399340.0,418203.0,986.2,1012.2,981.3,986.2,120406500,1084.8,887.6,1102.5,649.1,1011.0,104,2,1010.9,512,3,1010.8,219,4,1010.7,1303,6,1010.6,569,15,1011.2,122,4,1011.3,530,7,1011.4,875,13,1011.5,1388,25,1011.6,1534,15
317,2025-11-26 13:36:30+05:30,1011.2,29,1000.91,7179076,399292.0,418902.0,986.2,1012.2,981.3,986.2,120406500,1084.8,887.6,1102.5,649.1,1011.0,96,2,1010.9,512,3,1010.8,112,3,1010.7,1303,6,1010.6,1119,10,1011.2,175,4,1011.3,583,8,1011.4,1170,14,1011.5,1646,25,1011.6,1534,15
317,2025-11-26 13:36:31+05:30,1011.2,1,1000.91,7179076,399292.0,418902.0,986.2,1012.2,981.3,986.2,120406500,1084.8,887.6,1102.5,649.1,1011.0,96,2,1010.9,512,3,1010.8,112,3,1010.7,1303,6,1010.6,1119,10,1011.2,175,4,1011.3,583,8,1011.4,1170,14,1011.5,1646,25,1011.6,1534,15
317,2025-11-26 13:36:31+05:30,1011.2,26,1000.91,7179277,399185.0,418139.0,986.2,1012.2,981.3,986.2,120406500,1084.8,887.6,1102.5,649.1,1011.0,96,2,1010.9,512,3,1010.8,112,3,1010.7,1303,6,1010.6,1191,12,1011.2,230,5,1011.3,530,7,1011.4,1343,16,1011.5,1630,25,1011.6,1534,15
317,2025-11-26 13:36:32+05:30,1011.2,26,1000.91,7179277,399185.0,418139.0,986.2,1012.2,981.3,986.2,120406500,1084.8,887.6,1102.5,649.1,1011.0,96,2,1010.9,512,3,1010.8,112,3,1010.7,1303,6,1010.6,1191,12,1011.2,230,5,1011.3,530,7,1011.4,1343,16,1011.5,1630,25,1011.6,1534,15
317,2025-11-26 13:36:32+05:30,1011.2,5,1000.91,7179287,399282.0,418161.0,986.2,1012.2,981.3,986.2,120406500,1084.8,887.6,1102.5,649.1,1011.0,96,2,1010.9,512,3,1010.8,112,3,1010.7,1303,6,1010.6,618,11,1011.2,220,5,1011.3,1102,9,1011.4,1343,16,1011.5,1090,24,1011.6,1534,15
317,2025-11-26 13:36:33+05:30,1011.2,23,1000.91,7179287,399282.0,418161.0,986.2,1012.2,981.3,986.2,120406500,1084.8,887.6,1102.5,649.1,1011.0,96,2,1010.9,512,3,1010.8,112,3,1010.7,1303,6,1010.6,618,11,1011.2,220,5,1011.3,1102,9,1011.4,1343,16,1011.5,1090,24,1011.6,1534,15
317,2025-11-26 13:36:33+05:30,1011.0,10,1000.91,7179345,399048.0,419559.0,986.2,1012.2,981.3,986.2,120406500,1084.8,887.6,1102.5,649.1,1011.0,61,2,1010.9,507,2,1010.8,23,2,1010.7,404,4,1010.6,681,10,1011.2,259,8,1011.3,792,10,1011.4,1343,16,1011.5,1590,25,1011.6,1736,16
317,2025-11-26 13:36:34+05:30,1011.2,1,1000.91,7179345,399048.0,419559.0,986.2,1012.2,981.3,986.2,120406500,1084.8,887.6,1102.5,649.1,1011.0,61,2,1010.9,507,2,1010.8,23,2,1010.7,404,4,1010.6,681,10,1011.2,259,8,1011.3,792,10,1011.4,1343,16,1011.5,1590,25,1011.6,1736,16
317,2025-11-26 13:36:34+05:30,1011.2,1,1000.91,7179346,399052.0,419558.0,986.2,1012.2,981.3,986.2,120406500,1084.8,887.6,1102.5,649.1,1011.0,61,2,1010.9,507,2,1010.8,23,2,1010.7,404,4,1010.6,654,9,1011.2,258,8,1011.3,792,10,1011.4,1343,16,1011.5,1590,25,1011.6,1736,16
317,2025-11-26 13:36:35+05:30,1011.2,1,1000.91,7179350,399390.0,418447.0,986.2,1012.2,981.3,986.2,120406500,1084.8,887.6,1102.5,649.1,1011.1,113,2,1011.0,61,2,1010.9,582,3,1010.8,56,2,1010.7,404,4,1011.2,202,7,1011.3,845,11,1011.4,1189,14,1011.5,1117,26,1011.6,1457,14
317,2025-11-26 13:36:36+05:30,1011.2,1,1000.91,7179350,399390.0,418447.0,986.2,1012.2,981.3,986.2,120406500,1084.8,887.6,1102.5,649.1,1011.1,113,2,1011.0,61,2,1010.9,582,3,1010.8,56,2,1010.7,404,4,1011.2,202,7,1011.3,845,11,1011.4,1189,14,1011.5,1117,26,1011.6,1457,14
317,2025-11-26 13:36:36+05:30,1011.2,1,1000.91,7179351,399122.0,419018.0,986.2,1012.2,981.3,986.2,120406500,1084.8,887.6,1102.5,649.1,1011.1,113,2,1011.0,61,2,1010.9,582,3,1010.8,56,2,1010.7,404,4,1011.2,201,7,1011.3,906,12,1011.4,1700,14,1011.5,1112,24,1011.6,1462,16
317,2025-11-26 13:36:37+05:30,1011.2,4,1000.91,7179400,399095.0,418518.0,986.2,1012.2,981.3,986.2,120406500,1084.8,887.6,1102.5,649.1,1011.1,126,3,1011.0,48,1,1010.9,582,3,1010.8,56,2,1010.7,404,4,1011.2,261,7,1011.3,906,12,1011.4,1139,13,1011.5,1112,24,1011.6,1463,16
317,2025-11-26 13:36:38+05:30,1011.1,71,1000.91,7179400,399095.0,418518.0,986.2,1012.2,981.3,986.2,120406500,1084.8,887.6,1102.5,649.1,1011.1,126,3,1011.0,48,1,1010.9,582,3,1010.8,56,2,1010.7,404,4,1011.2,261,7,1011.3,906,12,1011.4,1139,13,1011.5,1112,24,1011.6,1463,16
317,2025-11-26 13:36:38+05:30,1011.1,71,1000.91,7179471,399024.0,418760.0,986.2,1012.2,981.3,986.2,120406500,1084.8,887.6,1102.5,649.1,1011.1,55,3,1011.0,48,1,1010.9,582,3,1010.8,56,2,1010.7,404,4,1011.2,253,6,1011.3,906,12,1011.4,1139,13,1011.5,1112,24,1011.6,1463,16
317,2025-11-26 13:36:39+05:30,1011.1,71,1000.91,7179471,398994.0,418731.0,986.2,1012.2,981.3,986.2,120406500,1084.8,887.6,1102.5,649.1,1011.1,53,2,1011.0,49,2,1010.9,582,3,1010.8,56,2,1010.7,404,4,1011.2,253,6,1011.3,906,12,1011.4,1139,13,1011.5,1112,24,1011.6,1463,16
317,2025-11-26 13:36:40+05:30,1011.2,1,1000.91,7179472,399017.0,418730.0,986.2,1012.2,981.3,986.2,120406500,1084.8,887.6,1102.5,649.1,1011.1,55,3,1011.0,49,2,1010.9,582,3,1010.8,56,2,1010.7,404,4,1011.2,252,6,1011.3,853,11,1011.4,1192,14,1011.5,1112,24,1011.6,1463,16
317,2025-11-26 13:36:41+05:30,1011.2,12,1000.91,7179472,399017.0,418730.0,986.2,1012.2,981.3,986.2,120406500,1084.8,887.6,1102.5,649.1,1011.1,55,3,1011.0,49,2,1010.9,582,3,1010.8,56,2,1010.7,404,4,1011.2,252,6,1011.3,853,11,1011.4,1192,14,1011.5,1112,24,1011.6,1463,16
317,2025-11-26 13:36:41+05:30,1011.2,1,1000.91,7179524,398970.0,418837.0,986.2,1012.2,981.3,986.2,120406500,1084.8,887.6,1102.5,649.1,1011.1,55,3,1011.0,49,2,1010.9,582,3,1010.8,56,2,1010.7,404,4,1011.2,242,6,1011.3,815,11,1011.4,841,12,1011.5,1410,25,1011.6,1463,16
317,2025-11-26 13:36:42+05:30,1011.2,1,1000.91,7179524,398970.0,418837.0,986.2,1012.2,981.3,986.2,120406500,1084.8,887.6,1102.5,649.1,1011.1,55,3,1011.0,49,2,1010.9,582,3,1010.8,56,2,1010.7,404,4,1011.2,242,6,1011.3,815,11,1011.4,841,12,1011.5,1410,25,1011.6,1463,16
317,2025-11-26 13:36:42+05:30,1011.2,5,1000.91,7179556,398953.0,418840.0,986.2,1012.2,981.3,986.2,120406500,1084.8,887.6,1102.5,649.1,1011.1,68,4,1011.0,49,2,1010.9,582,3,1010.8,56,2,1010.7,404,4,1011.2,210,6,1011.3,764,10,1011.4,892,13,1011.5,1435,26,1011.6,1463,16
317,2025-11-26 13:36:43+05:30,1011.2,5,1000.91,7179556,398953.0,418840.0,986.2,1012.2,981.3,986.2,120406500,1084.8,887.6,1102.5,649.1,1011.1,68,4,1011.0,49,2,1010.9,582,3,1010.8,56,2,1010.7,404,4,1011.2,210,6,1011.3,764,10,1011.4,892,13,1011.5,1435,26,1011.6,1463,16
317,2025-11-26 13:36:43+05:30,1011.2,5,1000.91,7179556,398977.0,418840.0,986.2,1012.2,981.3,986.2,120406500,1084.8,887.6,1102.5,649.1,1011.1,66,3,1011.0,49,2,1010.9,582,3,1010.8,56,2,1010.7,404,4,1011.2,210,6,1011.3,815,11,1011.4,841,12,1011.5,1435,26,1011.6,1463,16
317,2025-11-26 13:36:44+05:30,1011.1,13,1000.91,7179556,398977.0,418840.0,986.2,1012.2,981.3,986.2,120406500,1084.8,887.6,1102.5,649.1,1011.1,66,3,1011.0,49,2,1010.9,582,3,1010.8,56,2,1010.7,404,4,1011.2,210,6,1011.3,815,11,1011.4,841,12,1011.5,1435,26,1011.6,1463,16
317,2025-11-26 13:36:44+05:30,1011.1,3,1000.91,7179625,399095.0,419405.0,986.2,1012.2,981.3,986.2,120406500,1084.8,887.6,1102.5,649.1,1011.0,49,2,1010.9,669,4,1010.8,202,3,1010.7,404,4,1010.6,718,12,1011.1,5,1,1011.2,529,8,1011.3,697,10,1011.4,983,11,1011.5,1127,25
317,2025-11-26 13:36:45+05:30,1011.1,3,1000.91,7179625,399095.0,419405.0,986.2,1012.2,981.3,986.2,120406500,1084.8,887.6,1102.5,649.1,1011.0,49,2,1010.9,669,4,1010.8,202,3,1010.7,404,4,1010.6,718,12,1011.1,5,1,1011.2,529,8,1011.3,697,10,1011.4,983,11,1011.5,1127,25
317,2025-11-26 13:36:45+05:30,1011.1,1,1000.91,7179629,399099.0,419401.0,986.2,1012.2,981.3,986.2,120406500,1084.8,887.6,1102.5,649.1,1011.0,49,2,1010.9,582,3,1010.8,202,3,1010.7,550,5,1010.6,718,12,1011.1,1,1,1011.2,529,8,1011.3,646,9,1011.4,1034,12,1011.5,1127,25
317,2025-11-26 13:36:46+05:30,1011.1,1,1000.91,7179629,399099.0,419401.0,986.2,1012.2,981.3,986.2,120406500,1084.8,887.6,1102.5,649.1,1011.0,49,2,1010.9,582,3,1010.8,202,3,1010.7,550,5,1010.6,718,12,1011.1,1,1,1011.2,529,8,1011.3,646,9,1011.4,1034,12,1011.5,1127,25
317,2025-11-26 13:36:46+05:30,1011.1,1,1000.91,7179629,399218.0,419395.0,986.2,1012.2,981.3,986.2,120406500,1084.8,887.6,1102.5,649.1,1011.0,49,2,1010.9,582,3,1010.8,202,3,1010.7,550,5,1010.6,718,12,1011.1,1,1,1011.2,529,8,1011.3,646,9,1011.4,1034,12,1011.5,1127,25
317,2025-11-26 13:36:47+05:30,1011.1,1,1000.91,7179629,399208.0,419395.0,986.2,1012.2,981.3,986.2,120406500,1084.8,887.6,1102.5,649.1,1011.0,49,2,1010.9,582,3,1010.8,202,3,1010.7,550,5,1010.6,718,12,1011.1,1,1,1011.2,529,8,1011.3,646,9,1011.4,1034,12,1011.5,1127,25
317,2025-11-26 13:36:48+05:30,1011.1,94,1000.91,7179729,398405.0,418941.0,986.2,1012.2,981.3,986.2,120406500,1084.8,887.6,1102.5,649.1,1011.0,49,2,1010.9,587,4,1010.8,202,3,1010.7,550,5,1010.6,617,10,1011.1,43,1,1011.2,393,7,1011.3,584,10,1011.4,1008,9,1011.5,1157,28
317,2025-11-26 13:36:49+05:30,1011.1,94,1000.91,7179729,398405.0,418941.0,986.2,1012.2,981.3,986.2,120406500,1084.8,887.6,1102.5,649.1,1011.0,49,2,1010.9,587,4,1010.8,202,3,1010.7,550,5,1010.6,617,10,1011.1,43,1,1011.2,393,7,1011.3,584,10,1011.4,1008,9,1011.5,1157,28
317,2025-11-26 13:36:50+05:30,1011.1,94,1000.91,7179729,398509.0,418963.0,986.2,1012.2,981.3,986.2,120406500,1084.8,887.6,1102.5,649.1,1011.0,89,4,1010.9,587,4,1010.8,182,2,1010.7,550,5,1010.6,617,10,1011.1,44,2,1011.2,393,7,1011.3,635,11,1011.4,978,9,1011.5,1157,28
317,2025-11-26 13:36:51+05:30,1011.1,1,1000.91,7179729,398509.0,418963.0,986.2,1012.2,981.3,986.2,120406500,1084.8,887.6,1102.5,649.1,1011.0,89,4,1010.9,587,4,1010.8,182,2,1010.7,550,5,1010.6,617,10,1011.1,44,2,1011.2,393,7,1011.3,635,11,1011.4,978,9,1011.5,1157,28
317,2025-11-26 13:36:51+05:30,1011.1,1,1000.91,7179776,398729.0,419283.0,986.2,1012.2,981.3,986.2,120406500,1084.8,887.6,1102.5,649.1,1011.0,89,4,1010.9,587,4,1010.8,182,2,1010.7,597,6,1010.6,659,10,1011.1,40,1,1011.2,310,6,1011.3,1054,10,1011.4,1025,10,1011.5,1153,27
317,2025-11-26 13:36:52+05:30,1011.0,11,1000.91,7179776,398729.0,419283.0,986.2,1012.2,981.3,986.2,120406500,1084.8,887.6,1102.5,649.1,1011.0,89,4,1010.9,587,4,1010.8,182,2,1010.7,597,6,1010.6,659,10,1011.1,40,1,1011.2,310,6,1011.3,1054,10,1011.4,1025,10,1011.5,1153,27
317,2025-11-26 13:36:52+05:30,1011.0,11,1000.91,7179876,399856.0,418656.0,986.2,1012.2,981.3,986.2,120406500,1084.8,887.6,1102.5,649.1,1011.0,216,6,1010.9,721,6,1010.8,343,4,1010.7,644,7,1010.6,1516,15,1011.1,43,1,1011.2,214,4,1011.3,465,8,1011.4,961,6,1011.5,1222,22
317,2025-11-26 13:36:53+05:30,1011.1,23,1000.91,7179980,399763.0,418818.0,986.2,1012.2,981.3,986.2,120406500,1084.8,887.6,1102.5,649.1,1011.0,145,4,1010.9,721,6,1010.8,343,4,1010.7,644,7,1010.6,1516,15,1011.1,10,1,1011.2,214,4,1011.3,465,8,1011.4,961,6,1011.5,1222,22
317,2025-11-26 13:36:53+05:30,1011.1,23,1000.91,7179980,399763.0,418818.0,986.2,1012.2,981.3,986.2,120406500,1084.8,887.6,1102.5,649.1,1011.0,145,4,1010.9,721,6,1010.8,343,4,1010.7,644,7,1010.6,1516,15,1011.1,10,1,1011.2,214,4,1011.3,465,8,1011.4,961,6,1011.5,1222,22
317,2025-11-26 13:36:54+05:30,1011.1,75,1000.91,7179980,399763.0,418818.0,986.2,1012.2,981.3,986.2,120406500,1084.8,887.6,1102.5,649.1,1011.0,145,4,1010.9,721,6,1010.8,343,4,1010.7,644,7,1010.6,1516,15,1011.1,10,1,1011.2,214,4,1011.3,465,8,1011.4,961,6,1011.5,1222,22
317,2025-11-26 13:36:54+05:30,1011.1,75,1000.91,7180055,399511.0,419194.0,986.2,1012.2,981.3,986.2,120406500,1084.8,887.6,1102.5,649.1,1011.0,58,3,1010.9,599,4,1010.8,182,2,1010.7,691,8,1010.6,1563,16,1011.1,265,4,1011.2,213,3,1011.3,515,8,1011.4,1043,8,1011.5,1222,22
317,2025-11-26 13:36:55+05:30,1011.1,76,1000.91,7180167,399357.0,420216.0,986.2,1012.2,981.3,986.2,120406500,1084.8,887.6,1102.5,649.1,1011.0,55,2,1010.9,600,5,1010.8,182,2,1010.7,644,7,1010.6,1502,16,1011.1,1153,4,1011.2,253,4,1011.3,609,10,1011.4,1341,9,1011.5,924,21
317,2025-11-26 13:36:55+05:30,1011.1,76,1000.91,7180167,399357.0,420216.0,986.2,1012.2,981.3,986.2,120406500,1084.8,887.6,1102.5,649.1,1011.0,55,2,1010.9,600,5,1010.8,182,2,1010.7,644,7,1010.6,1502,16,1011.1,1153,4,1011.2,253,4,1011.3,609,10,1011.4,1341,9,1011.5,924,21
317,2025-11-26 13:36:56+05:30,1011.0,49,1000.91,7180253,399239.0,420109.0,986.2,1012.2,981.3,986.2,120406500,1084.8,887.6,1102.5,649.1,1011.0,6,2,1010.9,513,4,1010.8,182,2,1010.7,644,7,1010.6,1502,16,1011.1,1116,4,1011.2,213,3,1011.3,561,9,1011.4,1359,9,1011.5,924,21
317,2025-11-26 13:36:56+05:30,1011.0,49,1000.91,7180253,399239.0,420109.0,986.2,1012.2,981.3,986.2,120406500,1084.8,887.6,1102.5,649.1,1011.0,6,2,1010.9,513,4,1010.8,182,2,1010.7,644,7,1010.6,1502,16,1011.1,1116,4,1011.2,213,3,1011.3,561,9,1011.4,1359,9,1011.5,924,21
317,2025-11-26 13:36:57+05:30,1011.0,10,1000.91,7180273,399262.0,420109.0,986.2,1012.2,981.3,986.2,120406500,1084.8,887.6,1102.5,649.1,1011.0,87,2,1010.9,513,4,1010.8,182,2,1010.7,550,5,1010.6,1499,16,1011.1,1116,4,1011.2,213,3,1011.3,514,8,1011.4,1359,9,1011.5,971,22
317,2025-11-26 13:36:57+05:30,1011.0,10,1000.91,7180273,399262.0,420109.0,986.2,1012.2,981.3,986.2,120406500,1084.8,887.6,1102.5,649.1,1011.0,87,2,1010.9,513,4,1010.8,182,2,1010.7,550,5,1010.6,1499,16,1011.1,1116,4,1011.2,213,3,1011.3,514,8,1011.4,1359,9,1011.5,971,22
317,2025-11-26 13:36:57+05:30,1011.1,14,1000.91,7180287,399286.0,420411.0,986.2,1012.2,981.3,986.2,120406500,1084.8,887.6,1102.5,649.1,1011.0,96,3,1010.9,513,4,1010.8,182,2,1010.7,636,7,1010.6,1452,15,1011.1,1390,5,1011.2,213,3,1011.3,509,7,1011.4,1359,9,1011.5,936,22
317,2025-11-26 13:36:58+05:30,1011.1,14,1000.91,7180287,399286.0,420411.0,986.2,1012.2,981.3,986.2,120406500,1084.8,887.6,1102.5,649.1,1011.0,96,3,1010.9,513,4,1010.8,182,2,1010.7,636,7,1010.6,1452,15,1011.1,1390,5,1011.2,213,3,1011.3,509,7,1011.4,1359,9,1011.5,936,22
317,2025-11-26 13:36:58+05:30,1011.0,20,1000.91,7180308,399205.0,420442.0,986.2,1012.2,981.3,986.2,120406500,1084.8,887.6,1102.5,649.1,1011.0,75,3,1010.9,513,4,1010.8,182,2,1010.7,636,7,1010.6,1452,15,1011.1,1390,5,1011.2,213,3,1011.3,509,7,1011.4,1385,10,1011.5,936,22
317,2025-11-26 13:36:59+05:30,1011.0,20,1000.91,7180308,399205.0,420442.0,986.2,1012.2,981.3,986.2,120406500,1084.8,887.6,1102.5,649.1,1011.0,75,3,1010.9,513,4,1010.8,182,2,1010.7,636,7,1010.6,1452,15,1011.1,1390,5,1011.2,213,3,1011.3,509,7,1011.4,1385,10,1011.5,936,22
317,2025-11-26 13:36:59+05:30,1011.1,1,1000.91,7180309,399215.0,420508.0,986.2,1012.2,981.3,986.2,120406500,1084.8,887.6,1102.5,649.1,1011.0,75,3,1010.9,513,4,1010.8,182,2,1010.7,636,7,1010.6,1452,15,1011.1,1389,5,1011.2,251,4,1011.3,509,7,1011.4,868,9,1011.5,1482,23
317,2025-11-26 13:37:00+05:30,1011.0,8,1000.91,7180309,399215.0,420508.0,986.2,1012.2,981.3,986.2,120406500,1084.8,887.6,1102.5,649.1,1011.0,75,3,1010.9,513,4,1010.8,182,2,1010.7,636,7,1010.6,1452,15,1011.1,1389,5,1011.2,251,4,1011.3,509,7,1011.4,868,9,1011.5,1482,23
317,2025-11-26 13:37:00+05:30,1011.1,1,1000.91,7180339,399255.0,419322.0,986.2,1012.2,981.3,986.2,120406500,1084.8,887.6,1102.5,649.1,1011.0,67,3,1010.9,513,4,1010.8,182,2,1010.7,636,7,1010.6,1452,15,1011.1,1367,5,1011.2,213,3,1011.3,474,7,1011.4,837,8,1011.5,1470,22
317,2025-11-26 13:37:01+05:30,1011.1,1,1000.91,7180339,399255.0,419322.0,986.2,1012.2,981.3,986.2,120406500,1084.8,887.6,1102.5,649.1,1011.0,67,3,1010.9,513,4,1010.8,182,2,1010.7,636,7,1010.6,1452,15,1011.1,1367,5,1011.2,213,3,1011.3,474,7,1011.4,837,8,1011.5,1470,22
317,2025-11-26 13:37:01+05:30,1011.1,2,1000.91,7180341,399235.0,419346.0,986.2,1012.2,981.3,986.2,120406500,1084.8,887.6,1102.5,649.1,1011.0,67,3,1010.9,513,4,1010.8,182,2,1010.7,636,7,1010.6,1452,15,1011.1,1365,5,1011.2,213,3,1011.3,474,7,1011.4,859,9,1011.5,1470,22
317,2025-11-26 13:37:02+05:30,1011.1,2,1000.91,7180341,399235.0,419346.0,986.2,1012.2,981.3,986.2,120406500,1084.8,887.6,1102.5,649.1,1011.0,67,3,1010.9,513,4,1010.8,182,2,1010.7,636,7,1010.6,1452,15,1011.1,1365,5,1011.2,213,3,1011.3,474,7,1011.4,859,9,1011.5,1470,22
317,2025-11-26 13:37:02+05:30,1011.1,23,1000.91,7180373,399205.0,419329.0,986.2,1012.2,981.3,986.2,120406500,1084.8,887.6,1102.5,649.1,1011.0,67,3,1010.9,513,4,1010.8,182,2,1010.7,636,7,1010.6,1452,15,1011.1,1333,5,1011.2,213,3,1011.3,474,7,1011.4,874,9,1011.5,1470,22
317,2025-11-26 13:37:03+05:30,1011.1,23,1000.91,7180373,399205.0,419329.0,986.2,1012.2,981.3,986.2,120406500,1084.8,887.6,1102.5,649.1,1011.0,67,3,1010.9,513,4,1010.8,182,2,1010.7,636,7,1010.6,1452,15,1011.1,1333,5,1011.2,213,3,1011.3,474,7,1011.4,874,9,1011.5,1470,22
317,2025-11-26 13:37:03+05:30,1011.0,3,1000.91,7180461,399734.0,419077.0,986.2,1012.2,981.3,986.2,120406500,1084.8,887.6,1102.5,649.1,1010.9,784,6,1010.8,235,3,1010.7,724,9,1010.6,1401,14,1010.5,1347,13,1011.0,12,1,1011.1,1334,6,1011.2,327,4,1011.3,511,8,1011.4,827,8
317,2025-11-26 13:37:04+05:30,1011.0,3,1000.91,7180461,399734.0,419077.0,986.2,1012.2,981.3,986.2,120406500,1084.8,887.6,1102.5,649.1,1010.9,784,6,1010.8,235,3,1010.7,724,9,1010.6,1401,14,1010.5,1347,13,1011.0,12,1,1011.1,1334,6,1011.2,327,4,1011.3,511,8,1011.4,827,8
317,2025-11-26 13:37:04+05:30,1011.0,12,1000.91,7180473,400207.0,419730.0,986.2,1012.2,981.3,986.2,120406500,1084.8,887.6,1102.5,649.1,1011.0,396,1,1010.9,644,6,1010.8,316,5,1010.7,636,7,1010.6,1401,14,1011.1,1334,6,1011.2,327,4,1011.3,457,7,1011.4,913,6,1011.5,968,22
317,2025-11-26 13:37:05+05:30,1011.0,12,1000.91,7180473,400207.0,419730.0,986.2,1012.2,981.3,986.2,120406500,1084.8,887.6,1102.5,649.1,1011.0,396,1,1010.9,644,6,1010.8,316,5,1010.7,636,7,1010.6,1401,14,1011.1,1334,6,1011.2,327,4,1011.3,457,7,1011.4,913,6,1011.5,968,22
317,2025-11-26 13:37:05+05:30,1011.1,1,1000.91,7180501,400567.0,418316.0,986.2,1012.2,981.3,986.2,120406500,1084.8,887.6,1102.5,649.1,1011.0,396,1,1010.9,600,5,1010.8,328,6,1010.7,695,9,1010.6,1401,14,1011.1,1331,7,1011.2,327,4,1011.3,362,4,1011.4,525,7,1011.5,1669,20
317,2025-11-26 13:37:06+05:30,1011.1,1,1000.91,7180501,400567.0,418316.0,986.2,1012.2,981.3,986.2,120406500,1084.8,887.6,1102.5,649.1,1011.0,396,1,1010.9,600,5,1010.8,328,6,1010.7,695,9,1010.6,1401,14,1011.1,1331,7,1011.2,327,4,1011.3,362,4,1011.4,525,7,1011.5,1669,20
317,2025-11-26 13:37:06+05:30,1011.1,1,1000.91,7180502,400528.0,418467.0,986.2,1012.2,981.3,986.2,120406500,1084.8,887.6,1102.5,649.1,1011.0,396,1,1010.9,513,4,1010.8,328,6,1010.7,1257,10,1010.6,1401,14,1011.1,1330,7,1011.2,327,4,1011.3,362,4,1011.4,525,7,1011.5,1192,19
317,2025-11-26 13:37:07+05:30,1011.1,380,1000.91,7180898,399219.0,418848.0,986.2,1012.2,981.3,986.2,120406500,1084.8,887.6,1102.5,649.1,1010.9,513,4,1010.8,291,5,1010.7,680,8,1010.6,657,13,1010.5,1437,13,1011.1,934,4,1011.2,327,4,1011.3,333,5,1011.4,823,8,1011.5,1428,20
317,2025-11-26 13:37:08+05:30,1011.1,380,1000.91,7180898,399219.0,418848.0,986.2,1012.2,981.3,986.2,120406500,1084.8,887.6,1102.5,649.1,1010.9,513,4,1010.8,291,5,1010.7,680,8,1010.6,657,13,1010.5,1437,13,1011.1,934,4,1011.2,327,4,1011.3,333,5,1011.4,823,8,1011.5,1428,20
317,2025-11-26 13:37:08+05:30,1011.0,1,1000.91,7180899,401070.0,418993.0,986.2,1012.2,981.3,986.2,120406500,1084.8,887.6,1102.5,649.1,1010.9,697,5,1010.8,328,6,1010.7,680,8,1010.6,1423,14,1010.5,1437,13,1011.0,9,2,1011.1,1019,6,1011.2,264,3,1011.3,333,5,1011.4,779,7
317,2025-11-26 13:37:09+05:30,1011.1,40,1000.91,7180899,401070.0,418993.0,986.2,1012.2,981.3,986.2,120406500,1084.8,887.6,1102.5,649.1,1010.9,697,5,1010.8,328,6,1010.7,680,8,1010.6,1423,14,1010.5,1437,13,1011.0,9,2,1011.1,1019,6,1011.2,264,3,1011.3,333,5,1011.4,779,7
317,2025-11-26 13:37:09+05:30,1011.1,40,1000.91,7180948,400833.0,418687.0,986.2,1012.2,981.3,986.2,120406500,1084.8,887.6,1102.5,649.1,1010.9,697,5,1010.8,158,2,1010.7,687,8,1010.6,1336,12,1010.5,1396,12,1011.0,295,1,1011.1,701,6,1011.2,164,2,1011.3,151,3,1011.4,779,7
317,2025-11-26 13:37:10+05:30,1011.0,2,1000.91,7181003,400557.0,418345.0,986.2,1012.2,981.3,986.2,120406500,1084.8,887.6,1102.5,649.1,1010.9,512,4,1010.8,12,1,1010.7,550,5,1010.6,1422,14,1010.5,1396,12,1011.0,242,2,1011.1,701,6,1011.2,201,3,1011.3,319,6,1011.4,779,7
317,2025-11-26 13:37:11+05:30,1011.0,2,1000.91,7181003,400557.0,418345.0,986.2,1012.2,981.3,986.2,120406500,1084.8,887.6,1102.5,649.1,1010.9,512,4,1010.8,12,1,1010.7,550,5,1010.6,1422,14,1010.5,1396,12,1011.0,242,2,1011.1,701,6,1011.2,201,3,1011.3,319,6,1011.4,779,7
317,2025-11-26 13:37:11+05:30,1011.0,1,1000.91,7181004,400557.0,418339.0,986.2,1012.2,981.3,986.2,120406500,1084.8,887.6,1102.5,649.1,1010.9,525,5,1010.8,12,1,1010.7,636,7,1010.6,1297,9,1010.5,1422,14,1011.0,241,2,1011.1,701,6,1011.2,201,3,1011.3,319,6,1011.4,779,7
317,2025-11-26 13:37:12+05:30,1011.0,1,1000.91,7181004,400557.0,418339.0,986.2,1012.2,981.3,986.2,120406500,1084.8,887.6,1102.5,649.1,1010.9,525,5,1010.8,12,1,1010.7,636,7,1010.6,1297,9,1010.5,1422,14,1011.0,241,2,1011.1,701,6,1011.2,201,3,1011.3,319,6,1011.4,779,7
317,2025-11-26 13:37:12+05:30,1011.0,6,1000.91,7181014,400557.0,418372.0,986.2,1012.2,981.3,986.2,120406500,1084.8,887.6,1102.5,649.1,1010.9,525,5,1010.8,12,1,1010.7,593,6,1010.6,1363,11,1010.5,1422,14,1011.0,239,3,1011.1,701,6,1011.2,250,4,1011.3,319,6,1011.4,779,7
317,2025-11-26 13:37:13+05:30,1011.0,6,1000.91,7181014,400557.0,418372.0,986.2,1012.2,981.3,986.2,120406500,1084.8,887.6,1102.5,649.1,1010.9,525,5,1010.8,12,1,1010.7,593,6,1010.6,1363,11,1010.5,1422,14,1011.0,239,3,1011.1,701,6,1011.2,250,4,1011.3,319,6,1011.4,779,7
317,2025-11-26 13:37:13+05:30,1010.9,72,1000.91,7181164,400284.0,418664.0,986.2,1012.2,981.3,986.2,120406500,1084.8,887.6,1102.5,649.1,1010.9,454,5,1010.8,12,1,1010.7,922,5,1010.6,1383,11,1010.5,845,13,1011.0,167,3,1011.1,701,6,1011.2,364,5,1011.3,319,6,1011.4,782,8
317,2025-11-26 13:37:14+05:30,1010.9,72,1000.91,7181164,400284.0,418664.0,986.2,1012.2,981.3,986.2,120406500,1084.8,887.6,1102.5,649.1,1010.9,454,5,1010.8,12,1,1010.7,922,5,1010.6,1383,11,1010.5,845,13,1011.0,167,3,1011.1,701,6,1011.2,364,5,1011.3,319,6,1011.4,782,8
317,2025-11-26 13:37:14+05:30,1011.0,112,1000.91,7181278,400453.0,418508.0,986.2,1012.2,981.3,986.2,120406500,1084.8,887.6,1102.5,649.1,1010.9,454,5,1010.8,12,1,1010.7,1107,8,1010.6,1383,11,1010.5,883,14,1011.0,206,4,1011.1,679,6,1011.2,164,2,1011.3,326,6,1011.4,782,8
317,2025-11-26 13:37:15+05:30,1011.0,112,1000.91,7181278,400453.0,418508.0,986.2,1012.2,981.3,986.2,120406500,1084.8,887.6,1102.5,649.1,1010.9,454,5,1010.8,12,1,1010.7,1107,8,1010.6,1383,11,1010.5,883,14,1011.0,206,4,1011.1,679,6,1011.2,164,2,1011.3,326,6,1011.4,782,8
317,2025-11-26 13:37:15+05:30,1011.0,1,1000.91,7181331,400282.0,418514.0,986.2,1012.2,981.3,986.2,120406500,1084.8,887.6,1102.5,649.1,1010.9,434,5,1010.8,12,1,1010.7,621,7,1010.6,1382,11,1010.5,1380,15,1011.0,173,4,1011.1,679,6,1011.2,171,3,1011.3,315,5,1011.4,825,9
317,2025-11-26 13:37:16+05:30,1011.1,125,1000.91,7181331,400282.0,418514.0,986.2,1012.2,981.3,986.2,120406500,1084.8,887.6,1102.5,649.1,1010.9,434,5,1010.8,12,1,1010.7,621,7,1010.6,1382,11,1010.5,1380,15,1011.0,173,4,1011.1,679,6,1011.2,171,3,1011.3,315,5,1011.4,825,9
317,2025-11-26 13:37:16+05:30,1011.1,12,1000.92,7182293,399531.0,417534.0,986.2,1012.2,981.3,986.2,120406500,1084.8,887.6,1102.5,649.1,1010.9,472,5,1010.8,177,3,1010.7,701,9,1010.6,1286,10,1010.5,1380,15,1011.1,63,2,1011.2,171,3,1011.3,152,3,1011.4,904,7,1011.5,920,20
317,2025-11-26 13:37:17+05:30,1011.1,12,1000.92,7182293,399531.0,417534.0,986.2,1012.2,981.3,986.2,120406500,1084.8,887.6,1102.5,649.1,1010.9,472,5,1010.8,177,3,1010.7,701,9,1010.6,1286,10,1010.5,1380,15,1011.1,63,2,1011.2,171,3,1011.3,152,3,1011.4,904,7,1011.5,920,20
317,2025-11-26 13:37:17+05:30,1011.1,1,1000.92,7182357,399840.0,417606.0,986.2,1012.2,981.3,986.2,120406500,1084.8,887.6,1102.5,649.1,1010.9,559,6,1010.8,330,5,1010.7,1192,9,1010.6,1324,11,1010.5,883,14,1011.1,62,2,1011.2,171,3,1011.3,152,3,1011.4,1047,8,1011.5,920,20
317,2025-11-26 13:37:18+05:30,1010.9,20,1000.92,7182357,399840.0,417606.0,986.2,1012.2,981.3,986.2,120406500,1084.8,887.6,1102.5,649.1,1010.9,559,6,1010.8,330,5,1010.7,1192,9,1010.6,1324,11,1010.5,883,14,1011.1,62,2,1011.2,171,3,1011.3,152,3,1011.4,1047,8,1011.5,920,20
317,2025-11-26 13:37:18+05:30,1011.2,30,1000.92,7182778,400021.0,416350.0,986.2,1012.2,981.3,986.2,120406500,1084.8,887.6,1102.5,649.1,1011.0,43,1,1010.9,452,5,1010.8,456,8,1010.7,1157,8,1010.6,1420,11,1011.2,7,1,1011.3,111,1,1011.4,941,7,1011.5,815,18,1011.6,1410,14
317,2025-11-26 13:37:19+05:30,1011.2,30,1000.92,7182778,400021.0,416350.0,986.2,1012.2,981.3,986.2,120406500,1084.8,887.6,1102.5,649.1,1011.0,43,1,1010.9,452,5,1010.8,456,8,1010.7,1157,8,1010.6,1420,11,1011.2,7,1,1011.3,111,1,1011.4,941,7,1011.5,815,18,1011.6,1410,14
317,2025-11-26 13:37:19+05:30,1011.1,1,1000.92,7182779,400157.0,416554.0,986.2,1012.2,981.3,986.2,120406500,1084.8,887.6,1102.5,649.1,1011.0,43,1,1010.9,452,5,1010.8,568,9,1010.7,675,8,1010.6,1420,11,1011.2,7,1,1011.3,159,2,1011.4,893,8,1011.5,815,18,1011.6,1708,15
317,2025-11-26 13:37:21+05:30,1011.3,1,1000.92,7182779,400157.0,416554.0,986.2,1012.2,981.3,986.2,120406500,1084.8,887.6,1102.5,649.1,1011.0,43,1,1010.9,452,5,1010.8,568,9,1010.7,675,8,1010.6,1420,11,1011.2,7,1,1011.3,159,2,1011.4,893,8,1011.5,815,18,1011.6,1708,15
317,2025-11-26 13:37:21+05:30,1011.3,1,1000.92,7182830,400693.0,415082.0,986.2,1012.2,981.3,986.2,120406500,1084.8,887.6,1102.5,649.1,1011.1,14,2,1011.0,60,2,1010.9,409,4,1010.8,444,7,1010.7,1527,13,1011.3,197,2,1011.4,578,9,1011.5,1689,23,1011.6,872,10,1011.7,1888,16
317,2025-11-26 13:37:23+05:30,1011.3,23,1000.92,7182830,400693.0,415082.0,986.2,1012.2,981.3,986.2,120406500,1084.8,887.6,1102.5,649.1,1011.1,14,2,1011.0,60,2,1010.9,409,4,1010.8,444,7,1010.7,1527,13,1011.3,197,2,1011.4,578,9,1011.5,1689,23,1011.6,872,10,1011.7,1888,16
317,2025-11-26 13:37:25+05:30,1011.3,105,1000.92,7182830,400693.0,415082.0,986.2,1012.2,981.3,986.2,120406500,1084.8,887.6,1102.5,649.1,1011.1,14,2,1011.0,60,2,1010.9,409,4,1010.8,444,7,1010.7,1527,13,1011.3,197,2,1011.4,578,9,1011.5,1689,23,1011.6,872,10,1011.7,1888,16
317,2025-11-26 13:37:25+05:30,1011.3,11,1000.92,7183095,401117.0,415219.0,986.2,1012.2,981.3,986.2,120406500,1084.8,887.6,1102.5,649.1,1011.1,14,3,1011.0,60,2,1010.9,510,4,1010.8,652,10,1010.7,1484,12,1011.3,139,1,1011.4,527,8,1011.5,1489,19,1011.6,944,14,1011.7,1178,15
317,2025-11-26 13:37:27+05:30,1011.3,1,1000.92,7183095,401117.0,415219.0,986.2,1012.2,981.3,986.2,120406500,1084.8,887.6,1102.5,649.1,1011.1,14,3,1011.0,60,2,1010.9,510,4,1010.8,652,10,1010.7,1484,12,1011.3,139,1,1011.4,527,8,1011.5,1489,19,1011.6,944,14,1011.7,1178,15
317,2025-11-26 13:37:29+05:30,1011.3,1,1000.92,7183223,400355.0,416181.0,986.2,1012.2,981.3,986.2,120406500,1084.8,887.6,1102.5,649.1,1011.1,27,3,1011.0,23,2,1010.9,439,4,1010.8,284,4,1010.7,1340,10,1011.3,473,3,1011.4,833,11,1011.5,1560,20,1011.6,1005,14,1011.7,1166,15
317,2025-11-26 13:37:31+05:30,1011.3,1,1000.92,7183223,400355.0,416181.0,986.2,1012.2,981.3,986.2,120406500,1084.8,887.6,1102.5,649.1,1011.1,27,3,1011.0,23,2,1010.9,439,4,1010.8,284,4,1010.7,1340,10,1011.3,473,3,1011.4,833,11,1011.5,1560,20,1011.6,1005,14,1011.7,1166,15
317,2025-11-26 13:37:33+05:30,1011.3,5,1000.92,7183316,400414.0,415724.0,986.2,1012.2,981.3,986.2,120406500,1084.8,887.6,1102.5,649.1,1011.1,25,3,1011.0,28,3,1010.9,1165,9,1010.8,368,6,1010.7,1680,14,1011.3,374,4,1011.4,570,9,1011.5,1063,20,1011.6,906,10,1011.7,1734,21
317,2025-11-26 13:37:33+05:30,1011.3,5,1000.92,7183316,400414.0,415724.0,986.2,1012.2,981.3,986.2,120406500,1084.8,887.6,1102.5,649.1,1011.1,25,3,1011.0,28,3,1010.9,1165,9,1010.8,368,6,1010.7,1680,14,1011.3,374,4,1011.4,570,9,1011.5,1063,20,1011.6,906,10,1011.7,1734,21
317,2025-11-26 13:37:35+05:30,1011.3,3,1000.92,7183316,400414.0,415724.0,986.2,1012.2,981.3,986.2,120406500,1084.8,887.6,1102.5,649.1,1011.1,25,3,1011.0,28,3,1010.9,1165,9,1010.8,368,6,1010.7,1680,14,1011.3,374,4,1011.4,570,9,1011.5,1063,20,1011.6,906,10,1011.7,1734,21
317,2025-11-26 13:37:36+05:30,1011.3,284,1000.92,7183652,400865.0,415146.0,986.2,1012.2,981.3,986.2,120406500,1084.8,887.6,1102.5,649.1,1011.2,111,1,1011.1,32,4,1011.0,273,5,1010.9,666,8,1010.8,1035,10,1011.3,190,4,1011.4,372,6,1011.5,620,17,1011.6,1232,12,1011.7,1753,20
317,2025-11-26 13:37:37+05:30,1011.3,284,1000.92,7183652,400865.0,415146.0,986.2,1012.2,981.3,986.2,120406500,1084.8,887.6,1102.5,649.1,1011.2,111,1,1011.1,32,4,1011.0,273,5,1010.9,666,8,1010.8,1035,10,1011.3,190,4,1011.4,372,6,1011.5,620,17,1011.6,1232,12,1011.7,1753,20
317,2025-11-26 13:37:39+05:30,1011.2,71,1000.92,7183652,400865.0,415146.0,986.2,1012.2,981.3,986.2,120406500,1084.8,887.6,1102.5,649.1,1011.2,111,1,1011.1,32,4,1011.0,273,5,1010.9,666,8,1010.8,1035,10,1011.3,190,4,1011.4,372,6,1011.5,620,17,1011.6,1232,12,1011.7,1753,20
317,2025-11-26 13:37:41+05:30,1011.3,2,1000.92,7183862,401276.0,416997.0,986.2,1012.2,981.3,986.2,120406500,1084.8,887.6,1102.5,649.1,1011.2,7,1,1011.1,16,2,1011.0,76,5,1010.9,584,5,1010.8,1321,16,1011.3,1205,4,1011.4,722,11,1011.5,1073,20,1011.6,891,10,1011.7,1755,21
317,2025-11-26 13:37:41+05:30,1011.3,2,1000.92,7183862,401276.0,416997.0,986.2,1012.2,981.3,986.2,120406500,1084.8,887.6,1102.5,649.1,1011.2,7,1,1011.1,16,2,1011.0,76,5,1010.9,584,5,1010.8,1321,16,1011.3,1205,4,1011.4,722,11,1011.5,1073,20,1011.6,891,10,1011.7,1755,21
317,2025-11-26 13:37:43+05:30,1011.3,23,1000.92,7183862,401276.0,416997.0,986.2,1012.2,981.3,986.2,120406500,1084.8,887.6,1102.5,649.1,1011.2,7,1,1011.1,16,2,1011.0,76,5,1010.9,584,5,1010.8,1321,16,1011.3,1205,4,1011.4,722,11,1011.5,1073,20,1011.6,891,10,1011.7,1755,21
317,2025-11-26 13:37:44+05:30,1011.3,3,1000.92,7184012,402000.0,416858.0,986.2,1012.2,981.3,986.2,120406500,1084.8,887.6,1102.5,649.1,1011.2,7,1,1011.1,9,2,1011.0,1073,7,1010.9,424,3,1010.8,1477,19,1011.3,1459,10,1011.4,717,9,1011.5,907,21,1011.6,1081,10,1011.7,1224,22
317,2025-11-26 13:37:45+05:30,1011.3,3,1000.92,7184012,402000.0,416858.0,986.2,1012.2,981.3,986.2,120406500,1084.8,887.6,1102.5,649.1,1011.2,7,1,1011.1,9,2,1011.0,1073,7,1010.9,424,3,1010.8,1477,19,1011.3,1459,10,1011.4,717,9,1011.5,907,21,1011.6,1081,10,1011.7,1224,22
317,2025-11-26 13:37:47+05:30,1011.3,1,1000.92,7184012,402000.0,416858.0,986.2,1012.2,981.3,986.2,120406500,1084.8,887.6,1102.5,649.1,1011.2,7,1,1011.1,9,2,1011.0,1073,7,1010.9,424,3,1010.8,1477,19,1011.3,1459,10,1011.4,717,9,1011.5,907,21,1011.6,1081,10,1011.7,1224,22
317,2025-11-26 13:37:48+05:30,1011.3,112,1000.92,7184231,401077.0,416155.0,986.2,1012.2,981.3,986.2,120406500,1084.8,887.6,1102.5,649.1,1011.2,6,1,1011.1,9,2,1011.0,1053,6,1010.9,538,4,1010.8,1436,18,1011.3,1465,11,1011.4,717,9,1011.5,1407,22,1011.6,1122,11,1011.7,1224,22
317,2025-11-26 13:37:49+05:30,1011.3,1,1000.92,7184231,401077.0,416155.0,986.2,1012.2,981.3,986.2,120406500,1084.8,887.6,1102.5,649.1,1011.2,6,1,1011.1,9,2,1011.0,1053,6,1010.9,538,4,1010.8,1436,18,1011.3,1465,11,1011.4,717,9,1011.5,1407,22,1011.6,1122,11,1011.7,1224,22
317,2025-11-26 13:37:51+05:30,1011.3,111,1000.92,7184231,401077.0,416155.0,986.2,1012.2,981.3,986.2,120406500,1084.8,887.6,1102.5,649.1,1011.2,6,1,1011.1,9,2,1011.0,1053,6,1010.9,538,4,1010.8,1436,18,1011.3,1465,11,1011.4,717,9,1011.5,1407,22,1011.6,1122,11,1011.7,1224,22
317,2025-11-26 13:37:52+05:30,1011.3,111,1000.92,7184445,401875.0,417621.0,986.2,1012.2,981.3,986.2,120406500,1084.8,887.6,1102.5,649.1,1011.2,7,1,1011.1,16,2,1011.0,1053,6,1010.9,393,2,1010.8,1276,15,1011.3,2342,15,1011.4,714,9,1011.5,1749,24,1011.6,785,9,1011.7,1221,21
317,2025-11-26 13:37:53+05:30,1011.3,23,1000.92,7184445,401875.0,417621.0,986.2,1012.2,981.3,986.2,120406500,1084.8,887.6,1102.5,649.1,1011.2,7,1,1011.1,16,2,1011.0,1053,6,1010.9,393,2,1010.8,1276,15,1011.3,2342,15,1011.4,714,9,1011.5,1749,24,1011.6,785,9,1011.7,1221,21
317,2025-11-26 13:37:55+05:30,1011.3,112,1000.92,7184445,401875.0,417621.0,986.2,1012.2,981.3,986.2,120406500,1084.8,887.6,1102.5,649.1,1011.2,7,1,1011.1,16,2,1011.0,1053,6,1010.9,393,2,1010.8,1276,15,1011.3,2342,15,1011.4,714,9,1011.5,1749,24,1011.6,785,9,1011.7,1221,21
317,2025-11-26 13:37:55+05:30,1011.3,2,1000.92,7184625,401196.0,418329.0,986.2,1012.2,981.3,986.2,120406500,1084.8,887.6,1102.5,649.1,1011.2,10,2,1011.1,21,3,1011.0,1053,6,1010.9,603,5,1010.8,627,15,1011.3,2332,16,1011.4,631,7,1011.5,1645,22,1011.6,760,8,1011.7,1176,17
317,2025-11-26 13:37:56+05:30,1011.3,2,1000.92,7184625,401196.0,418329.0,986.2,1012.2,981.3,986.2,120406500,1084.8,887.6,1102.5,649.1,1011.2,10,2,1011.1,21,3,1011.0,1053,6,1010.9,603,5,1010.8,627,15,1011.3,2332,16,1011.4,631,7,1011.5,1645,22,1011.6,760,8,1011.7,1176,17
317,2025-11-26 13:37:57+05:30,1011.3,2,1000.92,7184625,401196.0,418329.0,986.2,1012.2,981.3,986.2,120406500,1084.8,887.6,1102.5,649.1,1011.2,10,2,1011.1,21,3,1011.0,1053,6,1010.9,603,5,1010.8,627,15,1011.3,2332,16,1011.4,631,7,1011.5,1645,22,1011.6,760,8,1011.7,1176,17
317,2025-11-26 13:37:57+05:30,1011.3,2,1000.92,7184625,401196.0,418329.0,986.2,1012.2,981.3,986.2,120406500,1084.8,887.6,1102.5,649.1,1011.2,10,2,1011.1,21,3,1011.0,1053,6,1010.9,603,5,1010.8,627,15,1011.3,2332,16,1011.4,631,7,1011.5,1645,22,1011.6,760,8,1011.7,1176,17
317,2025-11-26 13:37:58+05:30,1011.3,2,1000.92,7184625,401196.0,418329.0,986.2,1012.2,981.3,986.2,120406500,1084.8,887.6,1102.5,649.1,1011.2,10,2,1011.1,21,3,1011.0,1053,6,1010.9,603,5,1010.8,627,15,1011.3,2332,16,1011.4,631,7,1011.5,1645,22,1011.6,760,8,1011.7,1176,17
317,2025-11-26 13:37:59+05:30,1011.3,2,1000.92,7184625,401196.0,418329.0,986.2,1012.2,981.3,986.2,120406500,1084.8,887.6,1102.5,649.1,1011.2,10,2,1011.1,21,3,1011.0,1053,6,1010.9,603,5,1010.8,627,15,1011.3,2332,16,1011.4,631,7,1011.5,1645,22,1011.6,760,8,1011.7,1176,17
317,2025-11-26 13:37:59+05:30,1011.1,75,1000.92,7184625,401196.0,418329.0,986.2,1012.2,981.3,986.2,120406500,1084.8,887.6,1102.5,649.1,1011.2,10,2,1011.1,21,3,1011.0,1053,6,1010.9,603,5,1010.8,627,15,1011.3,2332,16,1011.4,631,7,1011.5,1645,22,1011.6,760,8,1011.7,1176,17
317,2025-11-26 13:37:59+05:30,1011.1,75,1000.92,7184625,401196.0,418329.0,986.2,1012.2,981.3,986.2,120406500,1084.8,887.6,1102.5,649.1,1011.2,10,2,1011.1,21,3,1011.0,1053,6,1010.9,603,5,1010.8,627,15,1011.3,2332,16,1011.4,631,7,1011.5,1645,22,1011.6,760,8,1011.7,1176,17
317,2025-11-26 13:37:59+05:30,1011.3,3,1000.92,7184866,401257.0,417624.0,986.2,1012.2,981.3,986.2,120406500,1084.8,887.6,1102.5,649.1,1011.2,7,1,1011.1,23,2,1011.0,1053,6,1010.9,689,6,1010.8,622,15,1011.3,2319,15,1011.4,711,9,1011.5,1591,22,1011.6,751,8,1011.7,1186,17
317,2025-11-26 13:37:59+05:30,1011.3,3,1000.92,7184866,401257.0,417624.0,986.2,1012.2,981.3,986.2,120406500,1084.8,887.6,1102.5,649.1,1011.2,7,1,1011.1,23,2,1011.0,1053,6,1010.9,689,6,1010.8,622,15,1011.3,2319,15,1011.4,711,9,1011.5,1591,22,1011.6,751,8,1011.7,1186,17
317,2025-11-26 13:38:00+05:30,1011.3,3,1000.92,7184866,401257.0,417624.0,986.2,1012.2,981.3,986.2,120422250,1084.8,887.6,1102.5,649.1,1011.2,7,1,1011.1,23,2,1011.0,1053,6,1010.9,689,6,1010.8,622,15,1011.3,2319,15,1011.4,711,9,1011.5,1591,22,1011.6,751,8,1011.7,1186,17
317,2025-11-26 13:38:01+05:30,1011.3,2,1000.92,7184866,401257.0,417624.0,986.2,1012.2,981.3,986.2,120422250,1084.8,887.6,1102.5,649.1,1011.2,7,1,1011.1,23,2,1011.0,1053,6,1010.9,689,6,1010.8,622,15,1011.3,2319,15,1011.4,711,9,1011.5,1591,22,1011.6,751,8,1011.7,1186,17
317,2025-11-26 13:38:03+05:30,1011.3,4,1000.92,7184866,401257.0,417624.0,986.2,1012.2,981.3,986.2,120422250,1084.8,887.6,1102.5,649.1,1011.2,7,1,1011.1,23,2,1011.0,1053,6,1010.9,689,6,1010.8,622,15,1011.3,2319,15,1011.4,711,9,1011.5,1591,22,1011.6,751,8,1011.7,1186,17
317,2025-11-26 13:38:03+05:30,1011.6,3,1000.93,7192237,404358.0,408769.0,986.2,1012.2,981.3,986.2,120422250,1084.8,887.6,1102.5,649.1,1011.5,21,1,1011.4,45,1,1011.3,364,4,1011.2,1065,12,1011.1,1131,11,1011.6,134,2,1011.7,496,5,1011.8,1017,8,1011.9,2160,19,1012.0,8996,93
317,2025-11-26 13:38:05+05:30,1011.7,133,1000.93,7192237,404358.0,408769.0,986.2,1012.2,981.3,986.2,120422250,1084.8,887.6,1102.5,649.1,1011.5,21,1,1011.4,45,1,1011.3,364,4,1011.2,1065,12,1011.1,1131,11,1011.6,134,2,1011.7,496,5,1011.8,1017,8,1011.9,2160,19,1012.0,8996,93
317,2025-11-26 13:38:07+05:30,1011.7,1,1000.93,7192237,404358.0,408769.0,986.2,1012.2,981.3,986.2,120422250,1084.8,887.6,1102.5,649.1,1011.5,21,1,1011.4,45,1,1011.3,364,4,1011.2,1065,12,1011.1,1131,11,1011.6,134,2,1011.7,496,5,1011.8,1017,8,1011.9,2160,19,1012.0,8996,93
317,2025-11-26 13:38:07+05:30,1011.7,1,1000.93,7193390,404301.0,411866.0,986.2,1012.2,981.3,986.2,120422250,1084.8,887.6,1102.5,649.1,1011.4,8,2,1011.3,10,2,1011.2,554,8,1011.1,1066,8,1011.0,1977,15,1011.7,1414,11,1011.8,1175,15,1011.9,2289,25,1012.0,8218,92,1012.1,1991,14
317,2025-11-26 13:38:09+05:30,1011.7,101,1000.93,7193390,404301.0,411866.0,986.2,1012.2,981.3,986.2,120422250,1084.8,887.6,1102.5,649.1,1011.4,8,2,1011.3,10,2,1011.2,554,8,1011.1,1066,8,1011.0,1977,15,1011.7,1414,11,1011.8,1175,15,1011.9,2289,25,1012.0,8218,92,1012.1,1991,14
317,2025-11-26 13:38:11+05:30,1011.7,2,1000.93,7193390,404301.0,411866.0,986.2,1012.2,981.3,986.2,120422250,1084.8,887.6,1102.5,649.1,1011.4,8,2,1011.3,10,2,1011.2,554,8,1011.1,1066,8,1011.0,1977,15,1011.7,1414,11,1011.8,1175,15,1011.9,2289,25,1012.0,8218,92,1012.1,1991,14
317,2025-11-26 13:38:11+05:30,1011.7,1,1000.93,7193502,404300.0,413168.0,986.2,1012.2,981.3,986.2,120422250,1084.8,887.6,1102.5,649.1,1011.4,24,3,1011.3,10,2,1011.2,435,6,1011.1,1060,8,1011.0,2077,17,1011.7,1865,14,1011.8,1170,15,1011.9,2760,24,1012.0,8247,95,1012.1,1988,13
317,2025-11-26 13:38:13+05:30,1011.6,23,1000.93,7193502,404300.0,413168.0,986.2,1012.2,981.3,986.2,120422250,1084.8,887.6,1102.5,649.1,1011.4,24,3,1011.3,10,2,1011.2,435,6,1011.1,1060,8,1011.0,2077,17,1011.7,1865,14,1011.8,1170,15,1011.9,2760,24,1012.0,8247,95,1012.1,1988,13
317,2025-11-26 13:38:15+05:30,1011.7,8,1000.93,7193502,404300.0,413168.0,986.2,1012.2,981.3,986.2,120422250,1084.8,887.6,1102.5,649.1,1011.4,24,3,1011.3,10,2,1011.2,435,6,1011.1,1060,8,1011.0,2077,17,1011.7,1865,14,1011.8,1170,15,1011.9,2760,24,1012.0,8247,95,1012.1,1988,13
317,2025-11-26 13:38:15+05:30,1011.7,8,1000.95,7209534,405153.0,406471.0,986.2,1012.2,981.3,986.2,120422250,1084.8,887.6,1102.5,649.1,1011.5,50,3,1011.4,6,2,1011.3,279,3,1011.2,1230,12,1011.1,742,13,1011.7,1253,10,1011.8,583,8,1011.9,1252,19,1012.0,8797,100,1012.1,2043,15
317,2025-11-26 13:38:17+05:30,1011.5,108,1000.95,7209534,405153.0,406471.0,986.2,1012.2,981.3,986.2,120422250,1084.8,887.6,1102.5,649.1,1011.5,50,3,1011.4,6,2,1011.3,279,3,1011.2,1230,12,1011.1,742,13,1011.7,1253,10,1011.8,583,8,1011.9,1252,19,1012.0,8797,100,1012.1,2043,15
317,2025-11-26 13:38:19+05:30,1011.5,106,1000.95,7209534,405153.0,406471.0,986.2,1012.2,981.3,986.2,120422250,1084.8,887.6,1102.5,649.1,1011.5,50,3,1011.4,6,2,1011.3,279,3,1011.2,1230,12,1011.1,742,13,1011.7,1253,10,1011.8,583,8,1011.9,1252,19,1012.0,8797,100,1012.1,2043,15
317,2025-11-26 13:38:19+05:30,1011.6,76,1000.96,7215406,398714.0,409943.0,986.2,1012.2,981.3,986.2,120422250,1084.8,887.6,1102.5,649.1,1011.1,37,2,1011.0,272,6,1010.9,1349,17,1010.8,716,9,1010.7,1595,13,1011.6,238,3,1011.7,1244,19,1011.8,1256,15,1011.9,1173,21,1012.0,8480,98
317,2025-11-26 13:38:20+05:30,1011.5,1,1000.96,7216021,398031.0,411210.0,986.2,1012.2,981.3,986.2,120422250,1084.8,887.6,1102.5,649.1,1011.1,5,1,1011.0,87,1,1010.9,628,6,1010.8,561,11,1010.7,866,11,1011.5,588,6,1011.6,1500,11,1011.7,1287,21,1011.8,1297,17,1011.9,871,23
317,2025-11-26 13:38:21+05:30,1011.0,126,1000.96,7216021,398031.0,411210.0,986.2,1012.2,981.3,986.2,120422250,1084.8,887.6,1102.5,649.1,1011.1,5,1,1011.0,87,1,1010.9,628,6,1010.8,561,11,1010.7,866,11,1011.5,588,6,1011.6,1500,11,1011.7,1287,21,1011.8,1297,17,1011.9,871,23
317,2025-11-26 13:38:21+05:30,1011.0,126,1000.96,7216277,397965.0,411793.0,986.2,1012.2,981.3,986.2,120422250,1084.8,887.6,1102.5,649.1,1010.9,754,7,1010.8,318,9,1010.7,726,9,1010.6,1170,8,1010.5,3636,12,1011.5,939,10,1011.6,1442,11,1011.7,1367,21,1011.8,1297,17,1011.9,811,23
317,2025-11-26 13:38:22+05:30,1011.6,13,1000.96,7216277,397965.0,411793.0,986.2,1012.2,981.3,986.2,120422250,1084.8,887.6,1102.5,649.1,1010.9,754,7,1010.8,318,9,1010.7,726,9,1010.6,1170,8,1010.5,3636,12,1011.5,939,10,1011.6,1442,11,1011.7,1367,21,1011.8,1297,17,1011.9,811,23
317,2025-11-26 13:38:22+05:30,1011.7,18,1000.97,7217546,402026.0,409108.0,986.2,1012.2,981.3,986.2,120422250,1084.8,887.6,1102.5,649.1,1011.3,5,1,1011.1,264,5,1011.0,721,7,1010.9,1414,17,1010.8,1870,18,1011.6,314,3,1011.7,1369,18,1011.8,1219,15,1011.9,801,20,1012.0,8415,97
317,2025-11-26 13:38:23+05:30,1011.6,4,1000.97,7217546,402026.0,409108.0,986.2,1012.2,981.3,986.2,120422250,1084.8,887.6,1102.5,649.1,1011.3,5,1,1011.1,264,5,1011.0,721,7,1010.9,1414,17,1010.8,1870,18,1011.6,314,3,1011.7,1369,18,1011.8,1219,15,1011.9,801,20,1012.0,8415,97
317,2025-11-26 13:38:23+05:30,1011.6,23,1000.97,7217577,402246.0,409868.0,986.2,1012.2,981.3,986.2,120422250,1084.8,887.6,1102.5,649.1,1011.3,19,3,1011.2,7,1,1011.1,264,5,1011.0,721,7,1010.9,1393,15,1011.6,188,2,1011.7,2245,20,1011.8,1219,15,1011.9,801,20,1012.0,8415,97
317,2025-11-26 13:38:24+05:30,1011.6,23,1000.97,7217577,402246.0,409868.0,986.2,1012.2,981.3,986.2,120422250,1084.8,887.6,1102.5,649.1,1011.3,19,3,1011.2,7,1,1011.1,264,5,1011.0,721,7,1010.9,1393,15,1011.6,188,2,1011.7,2245,20,1011.8,1219,15,1011.9,801,20,1012.0,8415,97
317,2025-11-26 13:38:24+05:30,1011.0,48,1000.97,7218747,398961.0,412043.0,986.2,1012.2,981.3,986.2,120422250,1084.8,887.6,1102.5,649.1,1011.1,87,1,1011.0,225,4,1010.9,965,10,1010.8,548,11,1010.7,859,10,1011.5,183,3,1011.6,1171,11,1011.7,2320,23,1011.8,1054,16,1011.9,866,22
317,2025-11-26 13:38:25+05:30,1011.0,48,1000.97,7218747,398961.0,412043.0,986.2,1012.2,981.3,986.2,120422250,1084.8,887.6,1102.5,649.1,1011.1,87,1,1011.0,225,4,1010.9,965,10,1010.8,548,11,1010.7,859,10,1011.5,183,3,1011.6,1171,11,1011.7,2320,23,1011.8,1054,16,1011.9,866,22
317,2025-11-26 13:38:25+05:30,1011.5,11,1000.97,7218774,399421.0,411685.0,986.2,1012.2,981.3,986.2,120422250,1084.8,887.6,1102.5,649.1,1011.1,213,2,1011.0,351,5,1010.9,1043,12,1010.8,548,11,1010.7,859,10,1011.5,156,3,1011.6,1055,11,1011.7,2184,21,1011.8,1180,17,1011.9,992,23
317,2025-11-26 13:38:26+05:30,1011.5,1,1000.97,7218774,399421.0,411685.0,986.2,1012.2,981.3,986.2,120422250,1084.8,887.6,1102.5,649.1,1011.1,213,2,1011.0,351,5,1010.9,1043,12,1010.8,548,11,1010.7,859,10,1011.5,156,3,1011.6,1055,11,1011.7,2184,21,1011.8,1180,17,1011.9,992,23
317,2025-11-26 13:38:26+05:30,1011.5,1,1000.97,7218778,397277.0,411728.0,986.2,1012.2,981.3,986.2,120422250,1084.8,887.6,1102.5,649.1,1011.1,219,3,1011.0,351,5,1010.9,1043,12,1010.8,548,11,1010.7,859,10,1011.5,152,3,1011.6,1055,11,1011.7,2184,21,1011.8,1180,17,1011.9,992,23
317,2025-11-26 13:38:27+05:30,1011.5,1,1000.97,7218778,397277.0,411728.0,986.2,1012.2,981.3,986.2,120422250,1084.8,887.6,1102.5,649.1,1011.1,219,3,1011.0,351,5,1010.9,1043,12,1010.8,548,11,1010.7,859,10,1011.5,152,3,1011.6,1055,11,1011.7,2184,21,1011.8,1180,17,1011.9,992,23
317,2025-11-26 13:38:27+05:30,1011.5,1,1000.97,7218778,397292.0,410891.0,986.2,1012.2,981.3,986.2,120422250,1084.8,887.6,1102.5,649.1,1011.1,232,4,1011.0,351,5,1010.9,1045,13,1010.8,548,11,1010.7,859,10,1011.5,56,1,1011.6,977,10,1011.7,1434,20,1011.8,1180,17,1011.9,992,23
317,2025-11-26 13:38:28+05:30,1011.5,56,1000.97,7218778,397292.0,410891.0,986.2,1012.2,981.3,986.2,120422250,1084.8,887.6,1102.5,649.1,1011.1,232,4,1011.0,351,5,1010.9,1045,13,1010.8,548,11,1010.7,859,10,1011.5,56,1,1011.6,977,10,1011.7,1434,20,1011.8,1180,17,1011.9,992,23
317,2025-11-26 13:38:28+05:30,1011.5,56,1000.97,7218834,396257.0,411543.0,986.2,1012.2,981.3,986.2,120422250,1084.8,887.6,1102.5,649.1,1011.1,158,4,1011.0,457,7,1010.9,588,6,1010.8,469,6,1010.7,812,10,1011.5,453,4,1011.6,817,8,1011.7,1312,18,1011.8,1655,21,1011.9,821,20
317,2025-11-26 13:38:29+05:30,1011.5,85,1000.97,7218834,396257.0,411543.0,986.2,1012.2,981.3,986.2,120422250,1084.8,887.6,1102.5,649.1,1011.1,158,4,1011.0,457,7,1010.9,588,6,1010.8,469,6,1010.7,812,10,1011.5,453,4,1011.6,817,8,1011.7,1312,18,1011.8,1655,21,1011.9,821,20
317,2025-11-26 13:38:29+05:30,1011.5,85,1000.97,7218928,398710.0,410553.0,986.2,1012.2,981.3,986.2,120422250,1084.8,887.6,1102.5,649.1,1011.5,1,1,1011.1,312,6,1011.0,423,6,1010.9,1768,14,1010.8,660,8,1011.6,459,6,1011.7,1096,18,1011.8,1193,13,1011.9,1371,24,1012.0,8498,99
317,2025-11-26 13:38:30+05:30,1011.5,1,1000.97,7218928,398710.0,410553.0,986.2,1012.2,981.3,986.2,120422250,1084.8,887.6,1102.5,649.1,1011.5,1,1,1011.1,312,6,1011.0,423,6,1010.9,1768,14,1010.8,660,8,1011.6,459,6,1011.7,1096,18,1011.8,1193,13,1011.9,1371,24,1012.0,8498,99
317,2025-11-26 13:38:30+05:30,1011.6,28,1000.97,7218991,399106.0,410568.0,986.2,1012.2,981.3,986.2,120422250,1084.8,887.6,1102.5,649.1,1011.2,126,1,1011.1,382,7,1011.0,600,8,1010.9,961,11,1010.8,1451,9,1011.6,317,5,1011.7,930,15,1011.8,895,12,1011.9,1453,21,1012.0,8488,100
317,2025-11-26 13:38:31+05:30,1011.6,1,1000.97,7218991,399106.0,410568.0,986.2,1012.2,981.3,986.2,120422250,1084.8,887.6,1102.5,649.1,1011.2,126,1,1011.1,382,7,1011.0,600,8,1010.9,961,11,1010.8,1451,9,1011.6,317,5,1011.7,930,15,1011.8,895,12,1011.9,1453,21,1012.0,8488,100
317,2025-11-26 13:38:31+05:30,1011.6,1,1000.97,7218992,398944.0,410627.0,986.2,1012.2,981.3,986.2,120422250,1084.8,887.6,1102.5,649.1,1011.2,138,2,1011.1,407,7,1011.0,604,9,1010.9,961,11,1010.8,1476,10,1011.6,316,5,1011.7,930,15,1011.8,895,12,1011.9,1453,21,1012.0,8498,101
317,2025-11-26 13:38:32+05:30,1011.6,1,1000.97,7218992,399523.0,410613.0,986.2,1012.2,981.3,986.2,120422250,1084.8,887.6,1102.5,649.1,1011.2,171,4,1011.1,533,8,1011.0,757,12,1010.9,1137,10,1010.8,1811,11,1011.6,261,4,1011.7,627,13,1011.8,1193,13,1011.9,1387,21,1012.0,8646,104
317,2025-11-26 13:38:33+05:30,1011.6,23,1000.97,7218992,399523.0,410613.0,986.2,1012.2,981.3,986.2,120422250,1084.8,887.6,1102.5,649.1,1011.2,171,4,1011.1,533,8,1011.0,757,12,1010.9,1137,10,1010.8,1811,11,1011.6,261,4,1011.7,627,13,1011.8,1193,13,1011.9,1387,21,1012.0,8646,104
317,2025-11-26 13:38:33+05:30,1011.2,1,1000.97,7219058,400255.0,410566.0,986.2,1012.2,981.3,986.2,120422250,1084.8,887.6,1102.5,649.1,1011.2,170,4,1011.1,616,8,1011.0,757,12,1010.9,1138,11,1010.8,1811,11,1011.5,10,1,1011.6,194,4,1011.7,627,13,1011.8,1193,13,1011.9,1395,21
317,2025-11-26 13:38:34+05:30,1011.2,1,1000.97,7219058,400255.0,410566.0,986.2,1012.2,981.3,986.2,120422250,1084.8,887.6,1102.5,649.1,1011.2,170,4,1011.1,616,8,1011.0,757,12,1010.9,1138,11,1010.8,1811,11,1011.5,10,1,1011.6,194,4,1011.7,627,13,1011.8,1193,13,1011.9,1395,21
317,2025-11-26 13:38:34+05:30,1011.5,1,1000.97,7219059,400726.0,410395.0,986.2,1012.2,981.3,986.2,120422250,1084.8,887.6,1102.5,649.1,1011.3,112,1,1011.2,255,5,1011.1,757,9,1011.0,757,12,1010.9,1138,11,1011.5,19,2,1011.6,194,4,1011.7,542,12,1011.8,1108,12,1011.9,1407,21
317,2025-11-26 13:38:35+05:30,1011.6,6,1000.97,7219059,400726.0,410395.0,986.2,1012.2,981.3,986.2,120422250,1084.8,887.6,1102.5,649.1,1011.3,112,1,1011.2,255,5,1011.1,757,9,1011.0,757,12,1010.9,1138,11,1011.5,19,2,1011.6,194,4,1011.7,542,12,1011.8,1108,12,1011.9,1407,21
317,2025-11-26 13:38:35+05:30,1011.3,3,1000.97,7219394,400962.0,410451.0,986.2,1012.2,981.3,986.2,120422250,1084.8,887.6,1102.5,649.1,1011.5,7,2,1011.4,2,1,1011.3,109,1,1011.2,332,5,1011.1,794,8,1011.6,105,2,1011.7,576,13,1011.8,1146,12,1011.9,1447,21,1012.0,8653,104
317,2025-11-26 13:38:36+05:30,1011.6,1,1000.97,7219394,400962.0,410451.0,986.2,1012.2,981.3,986.2,120422250,1084.8,887.6,1102.5,649.1,1011.5,7,2,1011.4,2,1,1011.3,109,1,1011.2,332,5,1011.1,794,8,1011.6,105,2,1011.7,576,13,1011.8,1146,12,1011.9,1447,21,1012.0,8653,104
317,2025-11-26 13:38:36+05:30,1011.7,42,1000.97,7219762,401807.0,409521.0,986.2,1012.2,981.3,986.2,120422250,1084.8,887.6,1102.5,649.1,1011.5,11,3,1011.4,7,2,1011.3,36,1,1011.2,520,6,1011.1,1395,9,1011.7,174,7,1011.8,732,10,1011.9,1745,22,1012.0,8275,101,1012.1,2177,17
317,2025-11-26 13:38:37+05:30,1011.5,1,1000.97,7219762,401807.0,409521.0,986.2,1012.2,981.3,986.2,120422250,1084.8,887.6,1102.5,649.1,1011.5,11,3,1011.4,7,2,1011.3,36,1,1011.2,520,6,1011.1,1395,9,1011.7,174,7,1011.8,732,10,1011.9,1745,22,1012.0,8275,101,1012.1,2177,17
317,2025-11-26 13:38:37+05:30,1011.5,1,1000.97,7219763,403414.0,409146.0,986.2,1012.2,981.3,986.2,120422250,1084.8,887.6,1102.5,649.1,1011.5,10,3,1011.4,7,2,1011.3,362,3,1011.2,1381,9,1011.1,834,12,1011.6,9,1,1011.7,175,8,1011.8,732,10,1011.9,1082,19,1012.0,8271,99
317,2025-11-26 13:38:38+05:30,1011.5,2,1000.97,7219763,403414.0,409146.0,986.2,1012.2,981.3,986.2,120422250,1084.8,887.6,1102.5,649.1,1011.5,10,3,1011.4,7,2,1011.3,362,3,1011.2,1381,9,1011.1,834,12,1011.6,9,1,1011.7,175,8,1011.8,732,10,1011.9,1082,19,1012.0,8271,99
317,2025-11-26 13:38:38+05:30,1011.6,81,1000.97,7219846,397708.0,409342.0,986.2,1012.2,981.3,986.2,120422250,1084.8,887.6,1102.5,649.1,1011.6,1,1,1011.5,11,3,1011.4,37,3,1011.3,238,2,1011.2,1511,10,1011.7,170,8,1011.8,830,11,1011.9,1405,20,1012.0,8570,100,1012.1,2072,17
317,2025-11-26 13:38:39+05:30,1011.6,81,1000.97,7219846,397708.0,409342.0,986.2,1012.2,981.3,986.2,120422250,1084.8,887.6,1102.5,649.1,1011.6,1,1,1011.5,11,3,1011.4,37,3,1011.3,238,2,1011.2,1511,10,1011.7,170,8,1011.8,830,11,1011.9,1405,20,1012.0,8570,100,1012.1,2072,17
317,2025-11-26 13:38:39+05:30,1011.6,81,1000.97,7219846,397801.0,408957.0,986.2,1012.2,981.3,986.2,120422250,1084.8,887.6,1102.5,649.1,1011.6,2,2,1011.5,7,2,1011.4,39,4,1011.3,238,2,1011.2,1384,8,1011.7,170,8,1011.8,916,13,1011.9,1205,20,1012.0,8261,98,1012.1,2110,19
317,2025-11-26 13:38:40+05:30,1011.7,1,1000.97,7219846,397801.0,408957.0,986.2,1012.2,981.3,986.2,120422250,1084.8,887.6,1102.5,649.1,1011.6,2,2,1011.5,7,2,1011.4,39,4,1011.3,238,2,1011.2,1384,8,1011.7,170,8,1011.8,916,13,1011.9,1205,20,1012.0,8261,98,1012.1,2110,19
317,2025-11-26 13:38:40+05:30,1011.7,1,1000.97,7219848,397472.0,409049.0,986.2,1012.2,981.3,986.2,120422250,1084.8,887.6,1102.5,649.1,1011.6,26,3,1011.5,7,2,1011.4,39,4,1011.3,238,2,1011.2,1384,8,1011.7,254,9,1011.8,916,13,1011.9,1329,21,1012.0,8135,97,1012.1,2110,19
317,2025-11-26 13:38:41+05:30,1011.5,8,1000.97,7219848,397472.0,409049.0,986.2,1012.2,981.3,986.2,120422250,1084.8,887.6,1102.5,649.1,1011.6,26,3,1011.5,7,2,1011.4,39,4,1011.3,238,2,1011.2,1384,8,1011.7,254,9,1011.8,916,13,1011.9,1329,21,1012.0,8135,97,1012.1,2110,19
317,2025-11-26 13:38:41+05:30,1011.5,8,1000.97,7219927,403089.0,410510.0,986.2,1012.2,981.3,986.2,120422250,1084.8,887.6,1102.5,649.1,1011.4,37,3,1011.3,37,2,1011.2,986,4,1011.1,692,10,1011.0,784,9,1011.5,773,1,1011.7,561,12,1011.8,1202,14,1011.9,1403,20,1012.0,8584,99
317,2025-11-26 13:38:42+05:30,1011.5,8,1000.97,7219927,403089.0,410444.0,986.2,1012.2,981.3,986.2,120422250,1084.8,887.6,1102.5,649.1,1011.4,37,3,1011.3,37,2,1011.2,986,4,1011.1,692,10,1011.0,784,9,1011.5,773,1,1011.7,615,13,1011.8,1202,14,1011.9,1403,20,1012.0,8584,99
317,2025-11-26 13:38:43+05:30,1011.5,23,1000.97,7219927,403089.0,410444.0,986.2,1012.2,981.3,986.2,120422250,1084.8,887.6,1102.5,649.1,1011.4,37,3,1011.3,37,2,1011.2,986,4,1011.1,692,10,1011.0,784,9,1011.5,773,1,1011.7,615,13,1011.8,1202,14,1011.9,1403,20,1012.0,8584,99
317,2025-11-26 13:38:43+05:30,1011.5,2,1000.97,7219986,403069.0,410380.0,986.2,1012.2,981.3,986.2,120422250,1084.8,887.6,1102.5,649.1,1011.4,17,3,1011.3,37,2,1011.2,986,4,1011.1,692,10,1011.0,784,9,1011.5,739,1,1011.7,615,13,1011.8,1202,14,1011.9,1403,20,1012.0,8584,99
317,2025-11-26 13:38:44+05:30,1011.4,1,1000.97,7219986,403069.0,410380.0,986.2,1012.2,981.3,986.2,120422250,1084.8,887.6,1102.5,649.1,1011.4,17,3,1011.3,37,2,1011.2,986,4,1011.1,692,10,1011.0,784,9,1011.5,739,1,1011.7,615,13,1011.8,1202,14,1011.9,1403,20,1012.0,8584,99
317,2025-11-26 13:38:44+05:30,1011.4,1,1000.97,7220046,404883.0,410060.0,986.2,1012.2,981.3,986.2,120422250,1084.8,887.6,1102.5,649.1,1011.3,37,2,1011.2,817,3,1011.1,574,7,1011.0,558,9,1010.9,1678,19,1011.4,42,2,1011.5,770,2,1011.6,109,1,1011.7,449,10,1011.8,1221,15
317,2025-11-26 13:38:45+05:30,1011.4,1,1000.97,7220046,404883.0,410060.0,986.2,1012.2,981.3,986.2,120422250,1084.8,887.6,1102.5,649.1,1011.3,37,2,1011.2,817,3,1011.1,574,7,1011.0,558,9,1010.9,1678,19,1011.4,42,2,1011.5,770,2,1011.6,109,1,1011.7,449,10,1011.8,1221,15
317,2025-11-26 13:38:45+05:30,1011.3,14,1000.97,7220065,404903.0,410062.0,986.2,1012.2,981.3,986.2,120422250,1084.8,887.6,1102.5,649.1,1011.3,23,2,1011.2,817,3,1011.1,574,7,1011.0,558,9,1010.9,1712,20,1011.4,45,2,1011.5,770,2,1011.6,119,2,1011.7,527,11,1011.8,1221,15
317,2025-11-26 13:38:46+05:30,1011.4,12,1000.97,7220065,404903.0,410062.0,986.2,1012.2,981.3,986.2,120422250,1084.8,887.6,1102.5,649.1,1011.3,23,2,1011.2,817,3,1011.1,574,7,1011.0,558,9,1010.9,1712,20,1011.4,45,2,1011.5,770,2,1011.6,119,2,1011.7,527,11,1011.8,1221,15
317,2025-11-26 13:38:46+05:30,1011.4,12,1000.97,7220078,400058.0,411915.0,986.2,1012.2,981.3,986.2,120422250,1084.8,887.6,1102.5,649.1,1011.3,23,2,1011.2,37,1,1011.1,39,1,1011.0,182,3,1010.9,2030,13,1011.4,32,2,1011.5,1469,9,1011.6,1402,10,1011.7,828,15,1011.8,1113,14
317,2025-11-26 13:38:47+05:30,1011.3,10,1000.97,7220078,400058.0,411915.0,986.2,1012.2,981.3,986.2,120422250,1084.8,887.6,1102.5,649.1,1011.3,23,2,1011.2,37,1,1011.1,39,1,1011.0,182,3,1010.9,2030,13,1011.4,32,2,1011.5,1469,9,1011.6,1402,10,1011.7,828,15,1011.8,1113,14
317,2025-11-26 13:38:47+05:30,1011.4,1,1000.97,7220149,400200.0,411938.0,986.2,1012.2,981.3,986.2,120422250,1084.8,887.6,1102.5,649.1,1011.3,27,2,1011.2,37,1,1011.1,39,1,1011.0,182,3,1010.9,1920,12,1011.4,86,3,1011.5,1469,9,1011.6,834,9,1011.7,1352,16,1011.8,1142,17
317,2025-11-26 13:38:48+05:30,1011.4,1,1000.97,7220149,400200.0,411938.0,986.2,1012.2,981.3,986.2,120422250,1084.8,887.6,1102.5,649.1,1011.3,27,2,1011.2,37,1,1011.1,39,1,1011.0,182,3,1010.9,1920,12,1011.4,86,3,1011.5,1469,9,1011.6,834,9,1011.7,1352,16,1011.8,1142,17
317,2025-11-26 13:38:48+05:30,1011.4,1,1000.97,7220149,400258.0,411938.0,986.2,1012.2,981.3,986.2,120422250,1084.8,887.6,1102.5,649.1,1011.3,27,2,1011.2,37,1,1011.1,39,1,1011.0,182,3,1010.9,1920,12,1011.4,86,3,1011.5,1469,9,1011.6,834,9,1011.7,1352,16,1011.8,1142,17
317,2025-11-26 13:38:49+05:30,1011.4,19,1000.97,7220199,400227.0,411946.0,986.2,1012.2,981.3,986.2,120422250,1084.8,887.6,1102.5,649.1,1011.3,1,1,1011.2,37,1,1011.0,142,2,1010.9,1880,11,1010.8,608,7,1011.4,82,3,1011.5,1485,9,1011.6,834,9,1011.7,1347,15,1011.8,1142,17
317,2025-11-26 13:38:50+05:30,1011.4,19,1000.97,7220199,400227.0,411946.0,986.2,1012.2,981.3,986.2,120422250,1084.8,887.6,1102.5,649.1,1011.3,1,1,1011.2,37,1,1011.0,142,2,1010.9,1880,11,1010.8,608,7,1011.4,82,3,1011.5,1485,9,1011.6,834,9,1011.7,1347,15,1011.8,1142,17
317,2025-11-26 13:38:50+05:30,1011.4,2,1000.97,7220201,403068.0,412179.0,986.2,1012.2,981.3,986.2,120422250,1084.8,887.6,1102.5,649.1,1011.3,8,2,1011.2,37,1,1011.1,750,1,1011.0,556,5,1010.9,1266,13,1011.4,46,4,1011.5,1140,6,1011.6,370,6,1011.7,905,14,1011.8,1318,16
317,2025-11-26 13:38:51+05:30,1011.4,55,1000.97,7220201,403068.0,412179.0,986.2,1012.2,981.3,986.2,120422250,1084.8,887.6,1102.5,649.1,1011.3,8,2,1011.2,37,1,1011.1,750,1,1011.0,556,5,1010.9,1266,13,1011.4,46,4,1011.5,1140,6,1011.6,370,6,1011.7,905,14,1011.8,1318,16
317,2025-11-26 13:38:51+05:30,1011.4,55,1000.97,7220302,403558.0,412007.0,986.2,1012.2,981.3,986.2,120422250,1084.8,887.6,1102.5,649.1,1011.3,8,2,1011.2,137,2,1011.1,834,2,1011.0,946,9,1010.9,1266,13,1011.4,81,2,1011.5,820,3,1011.6,288,5,1011.7,905,14,1011.8,1318,16
317,2025-11-26 13:38:52+05:30,1011.4,1,1000.97,7220302,403558.0,412007.0,986.2,1012.2,981.3,986.2,120422250,1084.8,887.6,1102.5,649.1,1011.3,8,2,1011.2,137,2,1011.1,834,2,1011.0,946,9,1010.9,1266,13,1011.4,81,2,1011.5,820,3,1011.6,288,5,1011.7,905,14,1011.8,1318,16
317,2025-11-26 13:38:52+05:30,1011.4,1,1000.97,7220303,403491.0,412074.0,986.2,1012.2,981.3,986.2,120422250,1084.8,887.6,1102.5,649.1,1011.3,8,2,1011.2,137,2,1011.1,834,2,1011.0,993,10,1010.9,1266,13,1011.4,80,2,1011.5,820,3,1011.6,370,6,1011.7,1484,15,1011.8,1318,16
317,2025-11-26 13:38:53+05:30,1011.3,25,1000.97,7220303,403491.0,412074.0,986.2,1012.2,981.3,986.2,120422250,1084.8,887.6,1102.5,649.1,1011.3,8,2,1011.2,137,2,1011.1,834,2,1011.0,993,10,1010.9,1266,13,1011.4,80,2,1011.5,820,3,1011.6,370,6,1011.7,1484,15,1011.8,1318,16
317,2025-11-26 13:38:53+05:30,1011.4,2,1000.97,7220374,403282.0,412019.0,986.2,1012.2,981.3,986.2,120422250,1084.8,887.6,1102.5,649.1,1011.3,7,1,1011.2,144,3,1011.1,908,3,1011.0,849,9,1010.9,1372,14,1011.4,56,2,1011.5,820,3,1011.6,370,6,1011.7,1484,15,1011.8,1318,16
317,2025-11-26 13:38:54+05:30,1011.4,2,1000.97,7220374,403282.0,412019.0,986.2,1012.2,981.3,986.2,120422250,1084.8,887.6,1102.5,649.1,1011.3,7,1,1011.2,144,3,1011.1,908,3,1011.0,849,9,1010.9,1372,14,1011.4,56,2,1011.5,820,3,1011.6,370,6,1011.7,1484,15,1011.8,1318,16
317,2025-11-26 13:38:54+05:30,1011.4,55,1000.97,7220486,402993.0,412034.0,986.2,1012.2,981.3,986.2,120422250,1084.8,887.6,1102.5,649.1,1011.3,11,2,1011.2,144,3,1011.1,839,3,1011.0,644,7,1010.9,1445,15,1011.4,8,1,1011.5,902,4,1011.6,468,7,1011.7,1914,19,1011.8,914,14
317,2025-11-26 13:38:55+05:30,1011.4,1,1000.97,7220486,402993.0,412034.0,986.2,1012.2,981.3,986.2,120422250,1084.8,887.6,1102.5,649.1,1011.3,11,2,1011.2,144,3,1011.1,839,3,1011.0,644,7,1010.9,1445,15,1011.4,8,1,1011.5,902,4,1011.6,468,7,1011.7,1914,19,1011.8,914,14
317,2025-11-26 13:38:55+05:30,1011.5,11,1000.97,7220505,401488.0,411940.0,986.2,1012.2,981.3,986.2,120422250,1084.8,887.6,1102.5,649.1,1011.3,11,2,1011.2,144,3,1011.1,89,2,1011.0,534,6,1010.9,2275,15,1011.5,919,4,1011.6,572,8,1011.7,1203,15,1011.8,1429,17,1011.9,926,25
317,2025-11-26 13:38:56+05:30,1011.5,32,1000.97,7220505,401488.0,411940.0,986.2,1012.2,981.3,986.2,120422250,1084.8,887.6,1102.5,649.1,1011.3,11,2,1011.2,144,3,1011.1,89,2,1011.0,534,6,1010.9,2275,15,1011.5,919,4,1011.6,572,8,1011.7,1203,15,1011.8,1429,17,1011.9,926,25
317,2025-11-26 13:38:56+05:30,1011.5,1,1000.97,7220551,401417.0,411417.0,986.2,1012.2,981.3,986.2,120422250,1084.8,887.6,1102.5,649.1,1011.4,8,2,1011.3,11,2,1011.2,144,3,1011.1,89,2,1011.0,534,6,1011.5,873,4,1011.6,572,8,1011.7,1203,15,1011.8,940,16,1011.9,926,25
317,2025-11-26 13:38:57+05:30,1011.4,1,1000.97,7220551,401417.0,411417.0,986.2,1012.2,981.3,986.2,120422250,1084.8,887.6,1102.5,649.1,1011.4,8,2,1011.3,11,2,1011.2,144,3,1011.1,89,2,1011.0,534,6,1011.5,873,4,1011.6,572,8,1011.7,1203,15,1011.8,940,16,1011.9,926,25
317,2025-11-26 13:38:57+05:30,1011.4,1,1000.97,7220555,401004.0,411544.0,986.2,1012.2,981.3,986.2,120422250,1084.8,887.6,1102.5,649.1,1011.3,15,3,1011.2,144,3,1011.1,89,2,1011.0,534,6,1010.9,2140,13,1011.5,1011,5,1011.6,474,7,1011.7,1203,15,1011.8,940,16,1011.9,926,25
317,2025-11-26 13:38:58+05:30,1011.5,36,1000.97,7220555,401004.0,411544.0,986.2,1012.2,981.3,986.2,120422250,1084.8,887.6,1102.5,649.1,1011.3,15,3,1011.2,144,3,1011.1,89,2,1011.0,534,6,1010.9,2140,13,1011.5,1011,5,1011.6,474,7,1011.7,1203,15,1011.8,940,16,1011.9,926,25
317,2025-11-26 13:38:58+05:30,1011.5,36,1000.97,7220591,401007.0,411536.0,986.2,1012.2,981.3,986.2,120422250,1084.8,887.6,1102.5,649.1,1011.3,11,3,1011.2,144,3,1011.1,96,3,1011.0,534,6,1010.9,2140,13,1011.5,975,5,1011.6,368,6,1011.7,1309,16,1011.8,940,16,1011.9,926,25
317,2025-11-26 13:38:59+05:30,1011.5,36,1000.97,7220591,401365.0,411536.0,986.2,1012.2,981.3,986.2,120422250,1084.8,887.6,1102.5,649.1,1011.4,50,1,1011.3,11,3,1011.2,144,3,1011.1,96,3,1011.0,534,6,1011.5,975,5,1011.6,368,6,1011.7,1203,15,1011.8,1074,18,1011.9,926,25
317,2025-11-26 13:39:00+05:30,1011.4,8,1000.97,7220600,401351.0,411863.0,986.2,1012.2,981.3,986.2,120422250,1084.8,887.6,1102.5,649.1,1011.4,42,1,1011.3,11,3,1011.2,144,3,1011.1,96,3,1011.0,534,6,1011.5,864,4,1011.6,368,6,1011.7,1620,17,1011.8,968,17,1011.9,1048,26
317,2025-11-26 13:39:01+05:30,1011.5,1,1000.97,7220600,401351.0,411863.0,986.2,1012.2,981.3,986.2,120422250,1084.8,887.6,1102.5,649.1,1011.4,42,1,1011.3,11,3,1011.2,144,3,1011.1,96,3,1011.0,534,6,1011.5,864,4,1011.6,368,6,1011.7,1620,17,1011.8,968,17,1011.9,1048,26
317,2025-11-26 13:39:01+05:30,1011.5,1,1000.97,7220601,401024.0,411879.0,986.2,1012.2,981.3,986.2,120422250,1084.8,887.6,1102.5,649.1,1011.4,50,2,1011.3,4,1,1011.2,144,3,1011.1,96,3,1011.0,332,5,1011.5,863,4,1011.6,288,5,1011.7,1542,16,1011.8,1068,18,1011.9,1048,26
317,2025-11-26 13:39:02+05:30,1011.5,200,1000.97,7220601,401024.0,411879.0,986.2,1012.2,981.3,986.2,120422250,1084.8,887.6,1102.5,649.1,1011.4,50,2,1011.3,4,1,1011.2,144,3,1011.1,96,3,1011.0,332,5,1011.5,863,4,1011.6,288,5,1011.7,1542,16,1011.8,1068,18,1011.9,1048,26
317,2025-11-26 13:39:02+05:30,1011.5,200,1000.97,7220801,401024.0,411005.0,986.2,1012.2,981.3,986.2,120422250,1084.8,887.6,1102.5,649.1,1011.4,50,2,1011.3,4,1,1011.2,144,3,1011.1,96,3,1011.0,332,5,1011.5,663,4,1011.6,288,5,1011.7,1618,17,1011.8,1068,18,1011.9,1048,26
317,2025-11-26 13:39:03+05:30,1011.5,22,1000.97,7220801,401024.0,411005.0,986.2,1012.2,981.3,986.2,120422250,1084.8,887.6,1102.5,649.1,1011.4,50,2,1011.3,4,1,1011.2,144,3,1011.1,96,3,1011.0,332,5,1011.5,663,4,1011.6,288,5,1011.7,1618,17,1011.8,1068,18,1011.9,1048,26
317,2025-11-26 13:39:03+05:30,1011.5,22,1000.97,7220831,401003.0,411772.0,986.2,1012.2,981.3,986.2,120422250,1084.8,887.6,1102.5,649.1,1011.4,50,2,1011.3,4,1,1011.2,144,3,1011.1,166,4,1011.0,454,6,1011.5,643,5,1011.6,234,4,1011.7,1718,18,1011.8,1718,18,1011.9,1048,26
317,2025-11-26 13:39:04+05:30,1011.4,1,1000.97,7220831,401003.0,411772.0,986.2,1012.2,981.3,986.2,120422250,1084.8,887.6,1102.5,649.1,1011.4,50,2,1011.3,4,1,1011.2,144,3,1011.1,166,4,1011.0,454,6,1011.5,643,5,1011.6,234,4,1011.7,1718,18,1011.8,1718,18,1011.9,1048,26
317,2025-11-26 13:39:04+05:30,1011.4,1,1000.97,7220843,401002.0,411797.0,986.2,1012.2,981.3,986.2,120422250,1084.8,887.6,1102.5,649.1,1011.4,39,2,1011.3,4,1,1011.2,144,3,1011.1,166,4,1011.0,454,6,1011.5,642,5,1011.6,234,4,1011.7,1718,18,1011.8,1718,18,1011.9,1048,26
317,2025-11-26 13:39:05+05:30,1011.5,1,1000.97,7220846,400502.0,411794.0,986.2,1012.2,981.3,986.2,120422250,1084.8,887.6,1102.5,649.1,1011.4,39,2,1011.3,4,1,1011.2,144,3,1011.1,166,4,1011.0,454,6,1011.5,639,5,1011.6,234,4,1011.7,1718,18,1011.8,1718,18,1011.9,1048,26
317,2025-11-26 13:39:06+05:30,1011.5,1,1000.97,7220846,400502.0,411794.0,986.2,1012.2,981.3,986.2,120422250,1084.8,887.6,1102.5,649.1,1011.4,39,2,1011.3,4,1,1011.2,144,3,1011.1,166,4,1011.0,454,6,1011.5,639,5,1011.6,234,4,1011.7,1718,18,1011.8,1718,18,1011.9,1048,26
317,2025-11-26 13:39:06+05:30,1011.5,1,1000.97,7220847,400502.0,411842.0,986.2,1012.2,981.3,986.2,120422250,1084.8,887.6,1102.5,649.1,1011.4,39,2,1011.3,4,1,1011.2,144,3,1011.1,166,4,1011.0,454,6,1011.5,638,5,1011.6,283,5,1011.7,1718,18,1011.8,1718,18,1011.9,1048,26
317,2025-11-26 13:39:07+05:30,1011.2,27,1000.97,7220847,400502.0,411842.0,986.2,1012.2,981.3,986.2,120422250,1084.8,887.6,1102.5,649.1,1011.4,39,2,1011.3,4,1,1011.2,144,3,1011.1,166,4,1011.0,454,6,1011.5,638,5,1011.6,283,5,1011.7,1718,18,1011.8,1718,18,1011.9,1048,26
317,2025-11-26 13:39:07+05:30,1011.2,27,1000.97,7220947,400449.0,411927.0,986.2,1012.2,981.3,986.2,120422250,1084.8,887.6,1102.5,649.1,1011.4,13,1,1011.3,7,1,1011.2,117,3,1011.1,96,3,1011.0,554,7,1011.5,638,5,1011.6,356,6,1011.7,1618,17,1011.8,1816,19,1011.9,1048,26
317,2025-11-26 13:39:08+05:30,1011.2,27,1000.97,7220947,400450.0,413140.0,986.2,1012.2,981.3,986.2,120422250,1084.8,887.6,1102.5,649.1,1011.4,13,1,1011.3,7,1,1011.2,117,3,1011.1,96,3,1011.0,554,7,1011.5,1638,6,1011.6,454,7,1011.7,1718,18,1011.8,1716,18,1011.9,1048,26
317,2025-11-26 13:39:09+05:30,1011.2,27,1000.97,7220947,400449.0,412531.0,986.2,1012.2,981.3,986.2,120422250,1084.8,887.6,1102.5,649.1,1011.4,13,1,1011.3,7,1,1011.2,117,3,1011.1,96,3,1011.0,554,7,1011.5,1779,7,1011.6,454,7,1011.7,1718,18,1011.8,966,17,1011.9,1048,26
317,2025-11-26 13:39:10+05:30,1011.5,20,1000.97,7220947,400449.0,412531.0,986.2,1012.2,981.3,986.2,120422250,1084.8,887.6,1102.5,649.1,1011.4,13,1,1011.3,7,1,1011.2,117,3,1011.1,96,3,1011.0,554,7,1011.5,1779,7,1011.6,454,7,1011.7,1718,18,1011.8,966,17,1011.9,1048,26
317,2025-11-26 13:39:10+05:30,1011.5,1,1000.97,7221169,400442.0,412856.0,986.2,1012.2,981.3,986.2,120422250,1084.8,887.6,1102.5,649.1,1011.4,12,1,1011.3,7,1,1011.2,117,3,1011.1,162,4,1011.0,554,7,1011.5,1568,8,1011.6,283,5,1011.7,1718,18,1011.8,1715,17,1011.9,1048,26
317,2025-11-26 13:39:11+05:30,1011.5,2,1000.97,7221169,400442.0,412856.0,986.2,1012.2,981.3,986.2,120422250,1084.8,887.6,1102.5,649.1,1011.4,12,1,1011.3,7,1,1011.2,117,3,1011.1,162,4,1011.0,554,7,1011.5,1568,8,1011.6,283,5,1011.7,1718,18,1011.8,1715,17,1011.9,1048,26
317,2025-11-26 13:39:11+05:30,1011.5,2,1000.97,7221171,400108.0,413022.0,986.2,1012.2,981.3,986.2,120422250,1084.8,887.6,1102.5,649.1,1011.4,12,1,1011.3,7,1,1011.2,117,3,1011.1,78,3,1011.0,192,4,1011.5,1658,9,1011.6,750,11,1011.7,1515,17,1011.8,1715,17,1011.9,1038,25
317,2025-11-26 13:39:12+05:30,1011.4,11,1000.97,7221182,399891.0,413533.0,986.2,1012.2,981.3,986.2,120422250,1084.8,887.6,1102.5,649.1,1011.4,1,1,1011.3,7,1,1011.2,117,3,1011.1,12,2,1011.0,52,2,1011.5,1728,10,1011.6,1096,12,1011.7,1217,16,1011.8,1715,17,1011.9,1038,25
317,2025-11-26 13:39:13+05:30,1011.2,5,1000.97,7221182,399891.0,413533.0,986.2,1012.2,981.3,986.2,120422250,1084.8,887.6,1102.5,649.1,1011.4,1,1,1011.3,7,1,1011.2,117,3,1011.1,12,2,1011.0,52,2,1011.5,1728,10,1011.6,1096,12,1011.7,1217,16,1011.8,1715,17,1011.9,1038,25
317,2025-11-26 13:39:13+05:30,1011.4,70,1000.97,7221550,400496.0,414500.0,986.2,1012.2,981.3,986.2,120422250,1084.8,887.6,1102.5,649.1,1011.2,39,2,1011.0,142,3,1010.9,2112,13,1010.8,1544,17,1010.7,999,15,1011.4,1,1,1011.5,1655,9,1011.6,1004,11,1011.7,1397,18,1011.8,2580,18
317,2025-11-26 13:39:14+05:30,1011.2,2,1000.97,7221550,400496.0,414500.0,986.2,1012.2,981.3,986.2,120422250,1084.8,887.6,1102.5,649.1,1011.2,39,2,1011.0,142,3,1010.9,2112,13,1010.8,1544,17,1010.7,999,15,1011.4,1,1,1011.5,1655,9,1011.6,1004,11,1011.7,1397,18,1011.8,2580,18
317,2025-11-26 13:39:14+05:30,1011.5,3,1000.97,7221642,400416.0,414324.0,986.2,1012.2,981.3,986.2,120422250,1084.8,887.6,1102.5,649.1,1011.3,112,1,1011.2,26,2,1011.0,115,3,1010.9,2112,13,1010.8,1634,18,1011.5,1712,9,1011.6,1184,13,1011.7,1248,17,1011.8,2024,17,1011.9,1118,25
317,2025-11-26 13:39:15+05:30,1011.5,3,1000.97,7221642,400416.0,414324.0,986.2,1012.2,981.3,986.2,120422250,1084.8,887.6,1102.5,649.1,1011.3,112,1,1011.2,26,2,1011.0,115,3,1010.9,2112,13,1010.8,1634,18,1011.5,1712,9,1011.6,1184,13,1011.7,1248,17,1011.8,2024,17,1011.9,1118,25
317,2025-11-26 13:39:15+05:30,1011.5,3,1000.97,7221645,400419.0,413917.0,986.2,1012.2,981.3,986.2,120422250,1084.8,887.6,1102.5,649.1,1011.3,115,2,1011.2,26,2,1011.0,115,3,1010.9,2022,12,1010.8,1724,19,1011.5,1709,9,1011.6,1184,13,1011.7,1248,17,1011.8,2024,17,1011.9,916,24
317,2025-11-26 13:39:16+05:30,1011.5,1,1000.97,7221645,400419.0,413917.0,986.2,1012.2,981.3,986.2,120422250,1084.8,887.6,1102.5,649.1,1011.3,115,2,1011.2,26,2,1011.0,115,3,1010.9,2022,12,1010.8,1724,19,1011.5,1709,9,1011.6,1184,13,1011.7,1248,17,1011.8,2024,17,1011.9,916,24
317,2025-11-26 13:39:16+05:30,1011.5,1,1000.97,7221646,400457.0,414134.0,986.2,1012.2,981.3,986.2,120422250,1084.8,887.6,1102.5,649.1,1011.3,115,2,1011.2,26,2,1011.0,115,3,1010.9,2060,13,1010.8,1724,19,1011.5,1928,10,1011.6,1184,13,1011.7,1248,17,1011.8,2024,17,1011.9,916,24
317,2025-11-26 13:39:17+05:30,1011.5,26,1000.97,7221646,400457.0,414134.0,986.2,1012.2,981.3,986.2,120422250,1084.8,887.6,1102.5,649.1,1011.3,115,2,1011.2,26,2,1011.0,115,3,1010.9,2060,13,1010.8,1724,19,1011.5,1928,10,1011.6,1184,13,1011.7,1248,17,1011.8,2024,17,1011.9,916,24
317,2025-11-26 13:39:17+05:30,1011.5,26,1000.97,7221846,400945.0,413965.0,986.2,1012.2,981.3,986.2,120422250,1084.8,887.6,1102.5,649.1,1011.3,115,2,1011.2,26,2,1011.0,317,4,1010.9,2060,13,1010.8,1724,19,1011.5,1759,9,1011.6,1184,13,1011.7,1248,17,1011.8,2024,17,1011.9,916,24
317,2025-11-26 13:39:18+05:30,1011.3,50,1000.97,7221846,400945.0,413965.0,986.2,1012.2,981.3,986.2,120422250,1084.8,887.6,1102.5,649.1,1011.3,115,2,1011.2,26,2,1011.0,317,4,1010.9,2060,13,1010.8,1724,19,1011.5,1759,9,1011.6,1184,13,1011.7,1248,17,1011.8,2024,17,1011.9,916,24
317,2025-11-26 13:39:18+05:30,1011.3,50,1000.97,7221899,400895.0,413781.0,986.2,1012.2,981.3,986.2,120422250,1084.8,887.6,1102.5,649.1,1011.3,65,2,1011.2,26,2,1011.0,317,4,1010.9,2060,13,1010.8,1724,19,1011.5,1686,8,1011.6,1837,13,1011.7,1278,19,1011.8,1248,14,1011.9,916,24
317,2025-11-26 13:39:19+05:30,1011.0,7,1000.97,7222600,399117.0,412980.0,986.2,1012.2,981.3,986.2,120422250,1084.8,887.6,1102.5,649.1,1011.0,103,2,1010.9,1828,12,1010.8,855,17,1010.7,999,15,1010.6,1043,10,1011.5,1236,7,1011.6,1770,12,1011.7,1337,19,1011.8,1248,14,1011.9,916,24
317,2025-11-26 13:39:20+05:30,1011.0,1,1000.97,7222600,399117.0,412980.0,986.2,1012.2,981.3,986.2,120422250,1084.8,887.6,1102.5,649.1,1011.0,103,2,1010.9,1828,12,1010.8,855,17,1010.7,999,15,1010.6,1043,10,1011.5,1236,7,1011.6,1770,12,1011.7,1337,19,1011.8,1248,14,1011.9,916,24
317,2025-11-26 13:39:20+05:30,1011.4,1,1000.97,7222602,400697.0,414253.0,986.2,1012.2,981.3,986.2,120422250,1084.8,887.6,1102.5,649.1,1011.0,233,4,1010.9,1905,12,1010.8,855,17,1010.7,964,12,1010.6,782,11,1011.3,10,1,1011.4,114,3,1011.5,1265,6,1011.6,1669,11,1011.7,1894,22
317,2025-11-26 13:39:21+05:30,1011.3,1,1000.97,7222602,400697.0,414253.0,986.2,1012.2,981.3,986.2,120422250,1084.8,887.6,1102.5,649.1,1011.0,233,4,1010.9,1905,12,1010.8,855,17,1010.7,964,12,1010.6,782,11,1011.3,10,1,1011.4,114,3,1011.5,1265,6,1011.6,1669,11,1011.7,1894,22
317,2025-11-26 13:39:21+05:30,1011.4,42,1000.97,7222664,401020.0,413267.0,986.2,1012.2,981.3,986.2,120422250,1084.8,887.6,1102.5,649.1,1011.2,600,1,1011.0,139,3,1010.9,1084,10,1010.8,1575,13,1010.7,1010,16,1011.5,1277,7,1011.6,1981,15,1011.7,1304,18,1011.8,1281,17,1011.9,946,24
317,2025-11-26 13:39:22+05:30,1011.4,42,1000.97,7222664,401020.0,413267.0,986.2,1012.2,981.3,986.2,120422250,1084.8,887.6,1102.5,649.1,1011.2,600,1,1011.0,139,3,1010.9,1084,10,1010.8,1575,13,1010.7,1010,16,1011.5,1277,7,1011.6,1981,15,1011.7,1304,18,1011.8,1281,17,1011.9,946,24
317,2025-11-26 13:39:22+05:30,1011.4,42,1000.97,7222664,402336.0,413241.0,986.2,1012.2,981.3,986.2,120422250,1084.8,887.6,1102.5,649.1,1011.3,1,1,1011.2,613,2,1011.0,139,3,1010.9,994,9,1010.8,2297,14,1011.5,1526,9,1011.6,1412,11,1011.7,1602,19,1011.8,1278,16,1011.9,947,25
317,2025-11-26 13:39:23+05:30,1011.5,23,1000.97,7222664,402336.0,413241.0,986.2,1012.2,981.3,986.2,120422250,1084.8,887.6,1102.5,649.1,1011.3,1,1,1011.2,613,2,1011.0,139,3,1010.9,994,9,1010.8,2297,14,1011.5,1526,9,1011.6,1412,11,1011.7,1602,19,1011.8,1278,16,1011.9,947,25
317,2025-11-26 13:39:23+05:30,1011.5,1,1000.97,7222697,402335.0,413077.0,986.2,1012.2,981.3,986.2,120422250,1084.8,887.6,1102.5,649.1,1011.2,613,2,1011.0,139,3,1010.9,994,9,1010.8,2315,15,1010.7,1032,18,1011.5,1543,10,1011.6,1447,13,1011.7,1602,19,1011.8,1278,16,1011.9,947,25
317,2025-11-26 13:39:24+05:30,1011.5,1,1000.97,7222697,402335.0,413077.0,986.2,1012.2,981.3,986.2,120422250,1084.8,887.6,1102.5,649.1,1011.2,613,2,1011.0,139,3,1010.9,994,9,1010.8,2315,15,1010.7,1032,18,1011.5,1543,10,1011.6,1447,13,1011.7,1602,19,1011.8,1278,16,1011.9,947,25
317,2025-11-26 13:39:24+05:30,1011.5,1,1000.97,7222697,401829.0,414162.0,986.2,1012.2,981.3,986.2,120422250,1084.8,887.6,1102.5,649.1,1011.2,629,3,1011.0,92,2,1010.9,1163,11,1010.8,1483,13,1010.7,1067,19,1011.3,215,2,1011.4,81,3,1011.5,1542,10,1011.6,1556,11,1011.7,1887,18
317,2025-11-26 13:39:25+05:30,1011.3,11,1000.97,7222697,401829.0,414162.0,986.2,1012.2,981.3,986.2,120422250,1084.8,887.6,1102.5,649.1,1011.2,629,3,1011.0,92,2,1010.9,1163,11,1010.8,1483,13,1010.7,1067,19,1011.3,215,2,1011.4,81,3,1011.5,1542,10,1011.6,1556,11,1011.7,1887,18
317,2025-11-26 13:39:25+05:30,1011.3,11,1000.97,7222734,401810.0,413594.0,986.2,1012.2,981.3,986.2,120422250,1084.8,887.6,1102.5,649.1,1011.2,629,3,1011.0,162,3,1010.9,1163,11,1010.8,1483,13,1010.7,1067,19,1011.3,178,1,1011.4,81,3,1011.5,1475,9,1011.6,1556,11,1011.7,1322,17
317,2025-11-26 13:39:26+05:30,1011.3,2,1000.97,7222734,401810.0,413594.0,986.2,1012.2,981.3,986.2,120422250,1084.8,887.6,1102.5,649.1,1011.2,629,3,1011.0,162,3,1010.9,1163,11,1010.8,1483,13,1010.7,1067,19,1011.3,178,1,1011.4,81,3,1011.5,1475,9,1011.6,1556,11,1011.7,1322,17
317,2025-11-26 13:39:26+05:30,1011.3,7,1000.97,7222743,401810.0,414233.0,986.2,1012.2,981.3,986.2,120422250,1084.8,887.6,1102.5,649.1,1011.2,629,3,1011.0,162,3,1010.9,1163,11,1010.8,1483,13,1010.7,1067,19,1011.3,172,2,1011.4,81,3,1011.5,1540,10,1011.6,1666,12,1011.7,1849,18
317,2025-11-26 13:39:27+05:30,1011.3,7,1000.97,7222743,401810.0,414233.0,986.2,1012.2,981.3,986.2,120422250,1084.8,887.6,1102.5,649.1,1011.2,629,3,1011.0,162,3,1010.9,1163,11,1010.8,1483,13,1010.7,1067,19,1011.3,172,2,1011.4,81,3,1011.5,1540,10,1011.6,1666,12,1011.7,1849,18
317,2025-11-26 13:39:27+05:30,1011.2,1,1000.97,7222744,401839.0,414244.0,986.2,1012.2,981.3,986.2,120422250,1084.8,887.6,1102.5,649.1,1011.2,644,4,1011.1,10,1,1011.0,82,1,1010.9,1163,11,1010.8,1483,13,1011.3,172,2,1011.4,81,3,1011.5,1540,10,1011.6,1556,11,1011.7,1432,18
317,2025-11-26 13:39:28+05:30,1011.2,1,1000.97,7222744,401839.0,414244.0,986.2,1012.2,981.3,986.2,120422250,1084.8,887.6,1102.5,649.1,1011.2,644,4,1011.1,10,1,1011.0,82,1,1010.9,1163,11,1010.8,1483,13,1011.3,172,2,1011.4,81,3,1011.5,1540,10,1011.6,1556,11,1011.7,1432,18
317,2025-11-26 13:39:28+05:30,1011.3,12,1000.97,7222756,401841.0,413680.0,986.2,1012.2,981.3,986.2,120422250,1084.8,887.6,1102.5,649.1,1011.2,644,4,1011.1,10,1,1011.0,82,1,1010.9,1163,11,1010.8,1483,13,1011.3,311,3,1011.4,42,2,1011.5,1540,10,1011.6,1666,12,1011.7,1322,17
317,2025-11-26 13:39:29+05:30,1011.3,12,1000.97,7222756,401841.0,413680.0,986.2,1012.2,981.3,986.2,120422250,1084.8,887.6,1102.5,649.1,1011.2,644,4,1011.1,10,1,1011.0,82,1,1010.9,1163,11,1010.8,1483,13,1011.3,311,3,1011.4,42,2,1011.5,1540,10,1011.6,1666,12,1011.7,1322,17
317,2025-11-26 13:39:29+05:30,1011.3,12,1000.97,7222756,401841.0,414194.0,986.2,1012.2,981.3,986.2,120422250,1084.8,887.6,1102.5,649.1,1011.2,644,4,1011.1,10,1,1011.0,82,1,1010.9,1163,11,1010.8,1483,13,1011.3,311,3,1011.4,106,3,1011.5,1540,10,1011.6,1666,12,1011.7,1809,18
317,2025-11-26 13:39:30+05:30,1011.3,27,1000.97,7222816,401848.0,414308.0,986.2,1012.2,981.3,986.2,120422250,1084.8,887.6,1102.5,649.1,1011.2,636,4,1011.1,10,1,1011.0,82,1,1010.9,805,7,1010.8,1585,14,1011.3,546,5,1011.4,106,3,1011.5,1642,11,1011.6,1666,12,1011.7,1605,16
317,2025-11-26 13:39:31+05:30,1011.3,1,1000.97,7222816,401848.0,414308.0,986.2,1012.2,981.3,986.2,120422250,1084.8,887.6,1102.5,649.1,1011.2,636,4,1011.1,10,1,1011.0,82,1,1010.9,805,7,1010.8,1585,14,1011.3,546,5,1011.4,106,3,1011.5,1642,11,1011.6,1666,12,1011.7,1605,16
317,2025-11-26 13:39:31+05:30,1011.3,1,1000.97,7222817,401840.0,413866.0,986.2,1012.2,981.3,986.2,120422250,1084.8,887.6,1102.5,649.1,1011.2,636,4,1011.1,10,1,1011.0,82,1,1010.9,695,6,1010.8,1687,15,1011.3,482,4,1011.4,106,3,1011.5,1642,11,1011.6,1666,12,1011.7,1126,15
317,2025-11-26 13:39:32+05:30,1011.3,1,1000.97,7222817,401840.0,413866.0,986.2,1012.2,981.3,986.2,120422250,1084.8,887.6,1102.5,649.1,1011.2,636,4,1011.1,10,1,1011.0,82,1,1010.9,695,6,1010.8,1687,15,1011.3,482,4,1011.4,106,3,1011.5,1642,11,1011.6,1666,12,1011.7,1126,15
317,2025-11-26 13:39:32+05:30,1011.3,1,1000.97,7222819,401883.0,414480.0,986.2,1012.2,981.3,986.2,120422250,1084.8,887.6,1102.5,649.1,1011.2,636,4,1011.1,10,1,1011.0,82,1,1010.9,695,6,1010.8,1687,15,1011.3,543,5,1011.4,143,4,1011.5,2019,12,1011.6,1795,14,1011.7,1126,15
317,2025-11-26 13:39:33+05:30,1011.3,23,1000.97,7222819,401883.0,414480.0,986.2,1012.2,981.3,986.2,120422250,1084.8,887.6,1102.5,649.1,1011.2,636,4,1011.1,10,1,1011.0,82,1,1010.9,695,6,1010.8,1687,15,1011.3,543,5,1011.4,143,4,1011.5,2019,12,1011.6,1795,14,1011.7,1126,15
317,2025-11-26 13:39:33+05:30,1011.3,23,1000.97,7222852,401883.0,414877.0,986.2,1012.2,981.3,986.2,120422250,1084.8,887.6,1102.5,649.1,1011.2,636,4,1011.1,10,1,1011.0,82,1,1010.9,695,6,1010.8,1687,15,1011.3,455,5,1011.4,143,4,1011.5,2121,13,1011.6,1687,13,1011.7,1126,15
317,2025-11-26 13:39:34+05:30,1011.3,40,1000.97,7223224,401821.0,414315.0,986.2,1012.2,981.3,986.2,120422250,1084.8,887.6,1102.5,649.1,1011.2,376,4,1011.1,10,1,1011.0,82,1,1010.9,695,6,1010.8,1577,14,1011.3,343,3,1011.4,197,4,1011.5,1954,11,1011.6,1762,13,1011.7,1126,15
317,2025-11-26 13:39:35+05:30,1011.3,40,1000.97,7223224,401821.0,414315.0,986.2,1012.2,981.3,986.2,120422250,1084.8,887.6,1102.5,649.1,1011.2,376,4,1011.1,10,1,1011.0,82,1,1010.9,695,6,1010.8,1577,14,1011.3,343,3,1011.4,197,4,1011.5,1954,11,1011.6,1762,13,1011.7,1126,15
317,2025-11-26 13:39:35+05:30,1011.3,2,1000.97,7223226,401913.0,414347.0,986.2,1012.2,981.3,986.2,120422250,1084.8,887.6,1102.5,649.1,1011.2,376,4,1011.1,10,1,1011.0,82,1,1010.9,695,6,1010.8,1699,15,1011.3,341,3,1011.4,197,4,1011.5,2118,13,1011.6,1660,12,1011.7,1126,15
317,2025-11-26 13:39:36+05:30,1011.3,2,1000.97,7223226,401913.0,414347.0,986.2,1012.2,981.3,986.2,120422250,1084.8,887.6,1102.5,649.1,1011.2,376,4,1011.1,10,1,1011.0,82,1,1010.9,695,6,1010.8,1699,15,1011.3,341,3,1011.4,197,4,1011.5,2118,13,1011.6,1660,12,1011.7,1126,15
317,2025-11-26 13:39:36+05:30,1011.3,2,1000.97,7223228,401913.0,414369.0,986.2,1012.2,981.3,986.2,120422250,1084.8,887.6,1102.5,649.1,1011.2,376,4,1011.1,10,1,1011.0,82,1,1010.9,695,6,1010.8,1699,15,1011.3,339,3,1011.4,197,4,1011.5,2016,12,1011.6,1762,13,1011.7,1126,15
317,2025-11-26 13:39:37+05:30,1011.3,5,1000.97,7223228,401913.0,414369.0,986.2,1012.2,981.3,986.2,120422250,1084.8,887.6,1102.5,649.1,1011.2,376,4,1011.1,10,1,1011.0,82,1,1010.9,695,6,1010.8,1699,15,1011.3,339,3,1011.4,197,4,1011.5,2016,12,1011.6,1762,13,1011.7,1126,15
317,2025-11-26 13:39:37+05:30,1011.3,5,1000.97,7223233,401944.0,414364.0,986.2,1012.2,981.3,986.2,120422250,1084.8,887.6,1102.5,649.1,1011.2,395,6,1011.1,16,2,1011.0,88,2,1010.9,797,7,1010.8,1597,14,1011.3,334,3,1011.4,197,4,1011.5,2016,12,1011.6,1660,12,1011.7,1228,16
317,2025-11-26 13:39:38+05:30,1011.2,71,1000.97,7223233,401944.0,414364.0,986.2,1012.2,981.3,986.2,120422250,1084.8,887.6,1102.5,649.1,1011.2,395,6,1011.1,16,2,1011.0,88,2,1010.9,797,7,1010.8,1597,14,1011.3,334,3,1011.4,197,4,1011.5,2016,12,1011.6,1660,12,1011.7,1228,16
317,2025-11-26 13:39:38+05:30,1011.2,71,1000.97,7223304,401751.0,414606.0,986.2,1012.2,981.3,986.2,120422250,1084.8,887.6,1102.5,649.1,1011.2,324,6,1011.1,16,2,1011.0,88,2,1010.9,695,6,1010.8,1577,14,1011.3,521,3,1011.4,160,3,1011.5,2220,14,1011.6,1550,11,1011.7,1126,15
317,2025-11-26 13:39:39+05:30,1011.3,36,1000.97,7223340,401873.0,414571.0,986.2,1012.2,981.3,986.2,120422250,1084.8,887.6,1102.5,649.1,1011.2,324,6,1011.1,16,2,1011.0,88,2,1010.9,695,6,1010.8,1699,15,1011.3,486,4,1011.4,160,3,1011.5,2118,13,1011.6,1652,12,1011.7,1126,15
317,2025-11-26 13:39:40+05:30,1011.3,36,1000.97,7223340,401873.0,414571.0,986.2,1012.2,981.3,986.2,120422250,1084.8,887.6,1102.5,649.1,1011.2,324,6,1011.1,16,2,1011.0,88,2,1010.9,695,6,1010.8,1699,15,1011.3,486,4,1011.4,160,3,1011.5,2118,13,1011.6,1652,12,1011.7,1126,15
317,2025-11-26 13:39:40+05:30,1011.3,1,1000.97,7223344,402115.0,414764.0,986.2,1012.2,981.3,986.2,120422250,1084.8,887.6,1102.5,649.1,1011.2,323,6,1011.1,16,2,1011.0,88,2,1010.9,695,6,1010.8,1699,15,1011.3,681,6,1011.4,160,3,1011.5,2220,14,1011.6,1572,12,1011.7,1126,15
317,2025-11-26 13:39:41+05:30,1011.3,2,1000.97,7223344,402115.0,414764.0,986.2,1012.2,981.3,986.2,120422250,1084.8,887.6,1102.5,649.1,1011.2,323,6,1011.1,16,2,1011.0,88,2,1010.9,695,6,1010.8,1699,15,1011.3,681,6,1011.4,160,3,1011.5,2220,14,1011.6,1572,12,1011.7,1126,15
317,2025-11-26 13:39:41+05:30,1011.2,15,1000.97,7223665,402078.0,414281.0,986.2,1012.2,981.3,986.2,120422250,1084.8,887.6,1102.5,649.1,1011.2,308,6,1011.1,16,2,1011.0,88,2,1010.9,881,8,1010.8,1699,15,1011.3,427,6,1011.4,42,2,1011.5,2023,13,1011.6,1750,13,1011.7,1123,14
317,2025-11-26 13:39:42+05:30,1011.2,15,1000.97,7223665,402078.0,414281.0,986.2,1012.2,981.3,986.2,120422250,1084.8,887.6,1102.5,649.1,1011.2,308,6,1011.1,16,2,1011.0,88,2,1010.9,881,8,1010.8,1699,15,1011.3,427,6,1011.4,42,2,1011.5,2023,13,1011.6,1750,13,1011.7,1123,14
317,2025-11-26 13:39:42+05:30,1011.2,15,1000.97,7223665,402065.0,414309.0,986.2,1012.2,981.3,986.2,120422250,1084.8,887.6,1102.5,649.1,1011.2,292,5,1011.1,19,3,1011.0,88,2,1010.9,881,8,1010.8,1699,15,1011.3,427,6,1011.4,42,2,1011.5,2023,13,1011.6,1750,13,1011.7,1123,14
317,2025-11-26 13:39:43+05:30,1011.3,5,1000.97,7223665,402065.0,414309.0,986.2,1012.2,981.3,986.2,120422250,1084.8,887.6,1102.5,649.1,1011.2,292,5,1011.1,19,3,1011.0,88,2,1010.9,881,8,1010.8,1699,15,1011.3,427,6,1011.4,42,2,1011.5,2023,13,1011.6,1750,13,1011.7,1123,14
317,2025-11-26 13:39:43+05:30,1011.3,23,1000.97,7223697,402191.0,414538.0,986.2,1012.2,981.3,986.2,120422250,1084.8,887.6,1102.5,649.1,1011.2,292,5,1011.1,19,3,1011.0,88,2,1010.9,881,8,1010.8,1699,15,1011.3,397,7,1011.4,41,1,1011.5,2123,14,1011.6,1650,12,1011.7,1123,14
317,2025-11-26 13:39:44+05:30,1011.2,79,1000.97,7223697,402191.0,414538.0,986.2,1012.2,981.3,986.2,120422250,1084.8,887.6,1102.5,649.1,1011.2,292,5,1011.1,19,3,1011.0,88,2,1010.9,881,8,1010.8,1699,15,1011.3,397,7,1011.4,41,1,1011.5,2123,14,1011.6,1650,12,1011.7,1123,14
317,2025-11-26 13:39:44+05:30,1011.2,1,1000.97,7223780,402111.0,414463.0,986.2,1012.2,981.3,986.2,120422250,1084.8,887.6,1102.5,649.1,1011.2,212,5,1011.1,19,3,1011.0,88,2,1010.9,881,8,1010.8,1699,15,1011.3,394,7,1011.4,41,1,1011.5,1941,12,1011.6,1750,13,1011.7,1123,14
317,2025-11-26 13:39:45+05:30,1011.2,1,1000.97,7223780,402111.0,414463.0,986.2,1012.2,981.3,986.2,120422250,1084.8,887.6,1102.5,649.1,1011.2,212,5,1011.1,19,3,1011.0,88,2,1010.9,881,8,1010.8,1699,15,1011.3,394,7,1011.4,41,1,1011.5,1941,12,1011.6,1750,13,1011.7,1123,14
317,2025-11-26 13:39:45+05:30,1011.3,2,1000.97,7223782,402208.0,414218.0,986.2,1012.2,981.3,986.2,120422250,1084.8,887.6,1102.5,649.1,1011.2,312,6,1011.1,9,2,1011.0,99,4,1010.9,1081,10,1010.8,1495,13,1011.3,392,7,1011.4,41,1,1011.5,1941,12,1011.6,1750,13,1011.7,1123,14
317,2025-11-26 13:39:46+05:30,1011.3,1,1000.97,7223782,402208.0,414218.0,986.2,1012.2,981.3,986.2,120422250,1084.8,887.6,1102.5,649.1,1011.2,312,6,1011.1,9,2,1011.0,99,4,1010.9,1081,10,1010.8,1495,13,1011.3,392,7,1011.4,41,1,1011.5,1941,12,1011.6,1750,13,1011.7,1123,14
317,2025-11-26 13:39:46+05:30,1011.3,1,1000.97,7223783,402212.0,414217.0,986.2,1012.2,981.3,986.2,120422250,1084.8,887.6,1102.5,649.1,1011.2,312,6,1011.1,13,3,1011.0,99,4,1010.9,1081,10,1010.8,1495,13,1011.3,391,7,1011.4,41,1,1011.5,1941,12,1011.6,1750,13,1011.7,1123,14
317,2025-11-26 13:39:47+05:30,1011.3,61,1000.97,7223983,401967.0,413987.0,986.2,1012.2,981.3,986.2,120422250,1084.8,887.6,1102.5,649.1,1011.2,317,7,1011.1,13,3,1011.0,99,4,1010.9,1081,10,1010.8,1495,13,1011.3,191,5,1011.4,41,1,1011.5,1798,12,1011.6,1650,12,1011.7,1223,15
317,2025-11-26 13:39:48+05:30,1011.3,61,1000.97,7223983,401967.0,413987.0,986.2,1012.2,981.3,986.2,120422250,1084.8,887.6,1102.5,649.1,1011.2,317,7,1011.1,13,3,1011.0,99,4,1010.9,1081,10,1010.8,1495,13,1011.3,191,5,1011.4,41,1,1011.5,1798,12,1011.6,1650,12,1011.7,1223,15
317,2025-11-26 13:39:48+05:30,1011.3,1,1000.97,7223984,401525.0,414308.0,986.2,1012.2,981.3,986.2,120422250,1084.8,887.6,1102.5,649.1,1011.2,317,7,1011.1,13,3,1011.0,17,3,1010.9,677,5,1010.8,915,12,1011.3,411,7,1011.4,176,3,1011.5,1999,15,1011.6,1578,12,1011.7,1123,14
317,2025-11-26 13:39:49+05:30,1011.3,1,1000.97,7223984,401525.0,414308.0,986.2,1012.2,981.3,986.2,120422250,1084.8,887.6,1102.5,649.1,1011.2,317,7,1011.1,13,3,1011.0,17,3,1010.9,677,5,1010.8,915,12,1011.3,411,7,1011.4,176,3,1011.5,1999,15,1011.6,1578,12,1011.7,1123,14
317,2025-11-26 13:39:49+05:30,1011.3,1,1000.97,7223984,401586.0,414308.0,986.2,1012.2,981.3,986.2,120422250,1084.8,887.6,1102.5,649.1,1011.2,317,7,1011.1,13,3,1011.0,17,3,1010.9,677,5,1010.8,915,12,1011.3,411,7,1011.4,176,3,1011.5,1999,15,1011.6,1578,12,1011.7,1123,14
317,2025-11-26 13:39:50+05:30,1011.2,1,1000.97,7223984,401586.0,414308.0,986.2,1012.2,981.3,986.2,120422250,1084.8,887.6,1102.5,649.1,1011.2,317,7,1011.1,13,3,1011.0,17,3,1010.9,677,5,1010.8,915,12,1011.3,411,7,1011.4,176,3,1011.5,1999,15,1011.6,1578,12,1011.7,1123,14
317,2025-11-26 13:39:50+05:30,1011.2,2,1000.97,7223989,401643.0,414306.0,986.2,1012.2,981.3,986.2,120422250,1084.8,887.6,1102.5,649.1,1011.2,314,7,1011.1,13,3,1011.0,17,3,1010.9,677,5,1010.8,815,11,1011.3,548,8,1011.4,99,2,1011.5,1860,14,1011.6,1578,12,1011.7,1123,14
317,2025-11-26 13:39:51+05:30,1011.3,1,1000.97,7223989,401643.0,414306.0,986.2,1012.2,981.3,986.2,120422250,1084.8,887.6,1102.5,649.1,1011.2,314,7,1011.1,13,3,1011.0,17,3,1010.9,677,5,1010.8,815,11,1011.3,548,8,1011.4,99,2,1011.5,1860,14,1011.6,1578,12,1011.7,1123,14
317,2025-11-26 13:39:51+05:30,1011.3,1,1000.97,7223990,401656.0,414444.0,986.2,1012.2,981.3,986.2,120422250,1084.8,887.6,1102.5,649.1,1011.2,327,8,1011.1,13,3,1011.0,17,3,1010.9,677,5,1010.8,815,11,1011.3,686,9,1011.4,99,2,1011.5,1860,14,1011.6,1578,12,1011.7,1123,14
317,2025-11-26 13:39:52+05:30,1011.3,8,1000.97,7223990,401656.0,414444.0,986.2,1012.2,981.3,986.2,120422250,1084.8,887.6,1102.5,649.1,1011.2,327,8,1011.1,13,3,1011.0,17,3,1010.9,677,5,1010.8,815,11,1011.3,686,9,1011.4,99,2,1011.5,1860,14,1011.6,1578,12,1011.7,1123,14
317,2025-11-26 13:39:52+05:30,1011.3,8,1000.97,7223998,401597.0,414551.0,986.2,1012.2,981.3,986.2,120422250,1084.8,887.6,1102.5,649.1,1011.2,319,8,1011.1,13,3,1011.0,17,3,1010.9,555,4,1010.8,693,10,1011.3,678,9,1011.4,99,2,1011.5,2051,15,1011.6,1280,11,1011.7,1421,15
317,2025-11-26 13:39:53+05:30,1011.3,23,1000.97,7223998,401597.0,414551.0,986.2,1012.2,981.3,986.2,120422250,1084.8,887.6,1102.5,649.1,1011.2,319,8,1011.1,13,3,1011.0,17,3,1010.9,555,4,1010.8,693,10,1011.3,678,9,1011.4,99,2,1011.5,2051,15,1011.6,1280,11,1011.7,1421,15
317,2025-11-26 13:39:53+05:30,1011.2,1,1000.98,7224234,401151.0,416171.0,986.2,1012.2,981.3,986.2,120422250,1084.8,887.6,1102.5,649.1,1011.2,131,5,1011.1,13,3,1011.0,17,3,1010.9,495,4,1010.8,593,9,1011.3,1793,12,1011.4,532,8,1011.5,2386,16,1011.6,1280,11,1011.7,1123,14
317,2025-11-26 13:39:54+05:30,1011.2,1,1000.98,7224234,401151.0,416171.0,986.2,1012.2,981.3,986.2,120422250,1084.8,887.6,1102.5,649.1,1011.2,131,5,1011.1,13,3,1011.0,17,3,1010.9,495,4,1010.8,593,9,1011.3,1793,12,1011.4,532,8,1011.5,2386,16,1011.6,1280,11,1011.7,1123,14
317,2025-11-26 13:39:54+05:30,1011.2,15,1000.98,7224366,401448.0,415271.0,986.2,1012.2,981.3,986.2,120422250,1084.8,887.6,1102.5,649.1,1011.2,117,5,1011.1,13,3,1011.0,11,2,1010.9,497,5,1010.8,715,10,1011.3,1681,9,1011.4,284,5,1011.5,2477,17,1011.6,523,9,1011.7,1129,15
317,2025-11-26 13:39:55+05:30,1011.2,15,1000.98,7224366,401448.0,415271.0,986.2,1012.2,981.3,986.2,120422250,1084.8,887.6,1102.5,649.1,1011.2,117,5,1011.1,13,3,1011.0,11,2,1010.9,497,5,1010.8,715,10,1011.3,1681,9,1011.4,284,5,1011.5,2477,17,1011.6,523,9,1011.7,1129,15
317,2025-11-26 13:39:55+05:30,1011.3,12,1000.98,7224395,401448.0,415947.0,986.2,1012.2,981.3,986.2,120422250,1084.8,887.6,1102.5,649.1,1011.2,117,5,1011.1,13,3,1011.0,11,2,1010.9,497,5,1010.8,715,10,1011.3,1653,10,1011.4,247,4,1011.5,2477,17,1011.6,523,9,1011.7,1879,16
317,2025-11-26 13:39:56+05:30,1011.3,2,1000.98,7224395,401448.0,415947.0,986.2,1012.2,981.3,986.2,120422250,1084.8,887.6,1102.5,649.1,1011.2,117,5,1011.1,13,3,1011.0,11,2,1010.9,497,5,1010.8,715,10,1011.3,1653,10,1011.4,247,4,1011.5,2477,17,1011.6,523,9,1011.7,1879,16
317,2025-11-26 13:39:56+05:30,1011.3,2,1000.98,7224417,401336.0,415947.0,986.2,1012.2,981.3,986.2,120422250,1084.8,887.6,1102.5,649.1,1011.2,92,4,1011.1,13,3,1011.0,11,2,1010.9,502,6,1010.8,593,9,1011.3,1651,10,1011.4,189,3,1011.5,2527,18,1011.6,523,9,1011.7,1879,16
317,2025-11-26 13:39:57+05:30,1011.3,2,1000.98,7224417,401336.0,416500.0,986.2,1012.2,981.3,986.2,120422250,1084.8,887.6,1102.5,649.1,1011.2,92,4,1011.1,13,3,1011.0,11,2,1010.9,502,6,1010.8,593,9,1011.3,1651,10,1011.4,189,3,1011.5,2527,18,1011.6,523,9,1011.7,1879,16
317,2025-11-26 13:39:58+05:30,1011.2,1,1000.98,7224417,401336.0,416500.0,986.2,1012.2,981.3,986.2,120422250,1084.8,887.6,1102.5,649.1,1011.2,92,4,1011.1,13,3,1011.0,11,2,1010.9,502,6,1010.8,593,9,1011.3,1651,10,1011.4,189,3,1011.5,2527,18,1011.6,523,9,1011.7,1879,16
317,2025-11-26 13:39:58+05:30,1011.0,20,1000.98,7224962,401807.0,418075.0,986.2,1012.2,981.3,986.2,120422250,1084.8,887.6,1102.5,649.1,1010.9,436,4,1010.8,371,5,1010.7,1564,11,1010.6,856,16,1010.5,1039,11,1011.0,527,1,1011.3,1940,14,1011.4,624,5,1011.5,2838,17,1011.6,1017,12
317,2025-11-26 13:39:59+05:30,1011.0,285,1000.98,7224962,401807.0,418075.0,986.2,1012.2,981.3,986.2,120422250,1084.8,887.6,1102.5,649.1,1010.9,436,4,1010.8,371,5,1010.7,1564,11,1010.6,856,16,1010.5,1039,11,1011.0,527,1,1011.3,1940,14,1011.4,624,5,1011.5,2838,17,1011.6,1017,12
317,2025-11-26 13:39:59+05:30,1011.3,134,1000.98,7225628,400347.0,414652.0,986.2,1012.2,981.3,986.2,120422250,1084.8,887.6,1102.5,649.1,1011.1,3,1,1011.0,2,2,1010.9,442,5,1010.8,434,5,1010.7,1647,12,1011.3,1570,9,1011.4,332,5,1011.5,2848,17,1011.6,848,11,1011.7,1212,16
317,2025-11-26 13:40:00+05:30,1011.3,134,1000.98,7225628,400347.0,414652.0,986.2,1012.2,981.3,986.2,120422250,1084.8,887.6,1102.5,649.1,1011.1,3,1,1011.0,2,2,1010.9,442,5,1010.8,434,5,1010.7,1647,12,1011.3,1570,9,1011.4,332,5,1011.5,2848,17,1011.6,848,11,1011.7,1212,16
317,2025-11-26 13:40:00+05:30,1011.0,287,1000.98,7226450,401079.0,415440.0,986.2,1012.2,981.3,986.2,120422250,1084.8,887.6,1102.5,649.1,1010.9,536,7,1010.8,349,6,1010.7,1391,10,1010.6,824,16,1010.5,1039,11,1011.0,296,1,1011.3,1122,4,1011.4,332,5,1011.5,2715,18,1011.6,1120,10
317,2025-11-26 13:40:01+05:30,1011.0,24,1000.98,7226450,401079.0,415440.0,986.2,1012.2,981.3,986.2,120422250,1084.8,887.6,1102.5,649.1,1010.9,536,7,1010.8,349,6,1010.7,1391,10,1010.6,824,16,1010.5,1039,11,1011.0,296,1,1011.3,1122,4,1011.4,332,5,1011.5,2715,18,1011.6,1120,10
317,2025-11-26 13:40:01+05:30,1011.0,24,1000.98,7227887,399261.0,413062.0,986.2,1012.2,981.3,986.2,120422250,1084.8,887.6,1102.5,649.1,1011.0,9,1,1010.9,166,7,1010.8,251,4,1010.7,1601,12,1010.6,798,14,1011.3,1011,3,1011.4,277,4,1011.5,3050,19,1011.6,779,10,1011.7,1012,16
317,2025-11-26 13:40:02+05:30,1011.0,58,1000.98,7227945,399930.0,414541.0,986.2,1012.2,981.3,986.2,120422250,1084.8,887.6,1102.5,649.1,1010.9,98,5,1010.8,267,4,1010.7,1465,11,1010.6,798,14,1010.5,1257,16,1011.3,1173,5,1011.4,501,7,1011.5,2965,18,1011.6,880,12,1011.7,1125,16
317,2025-11-26 13:40:03+05:30,1011.3,4,1000.98,7227945,399930.0,414541.0,986.2,1012.2,981.3,986.2,120422250,1084.8,887.6,1102.5,649.1,1010.9,98,5,1010.8,267,4,1010.7,1465,11,1010.6,798,14,1010.5,1257,16,1011.3,1173,5,1011.4,501,7,1011.5,2965,18,1011.6,880,12,1011.7,1125,16
317,2025-11-26 13:40:03+05:30,1011.3,23,1000.98,7228216,399940.0,413403.0,986.2,1012.2,981.3,986.2,120422250,1084.8,887.6,1102.5,649.1,1010.9,135,5,1010.8,210,5,1010.7,1430,10,1010.6,764,13,1010.5,1221,15,1011.3,902,5,1011.4,414,5,1011.5,3110,21,1011.6,880,12,1011.7,1125,16
317,2025-11-26 13:40:04+05:30,1011.3,23,1000.98,7228216,399940.0,413403.0,986.2,1012.2,981.3,986.2,120422250,1084.8,887.6,1102.5,649.1,1010.9,135,5,1010.8,210,5,1010.7,1430,10,1010.6,764,13,1010.5,1221,15,1011.3,902,5,1011.4,414,5,1011.5,3110,21,1011.6,880,12,1011.7,1125,16
317,2025-11-26 13:40:04+05:30,1011.3,334,1000.98,7228551,400155.0,413518.0,986.2,1012.2,981.3,986.2,120422250,1084.8,887.6,1102.5,649.1,1010.9,237,6,1010.8,615,10,1010.7,1541,11,1010.6,764,13,1010.5,1057,13,1011.3,436,4,1011.4,236,3,1011.5,3083,19,1011.6,987,15,1011.7,1125,16
317,2025-11-26 13:40:05+05:30,1011.3,334,1000.98,7228551,400155.0,413518.0,986.2,1012.2,981.3,986.2,120422250,1084.8,887.6,1102.5,649.1,1010.9,237,6,1010.8,615,10,1010.7,1541,11,1010.6,764,13,1010.5,1057,13,1011.3,436,4,1011.4,236,3,1011.5,3083,19,1011.6,987,15,1011.7,1125,16
317,2025-11-26 13:40:05+05:30,1011.3,3,1000.98,7228554,404082.0,413396.0,986.2,1012.2,981.3,986.2,120422250,1084.8,887.6,1102.5,649.1,1011.0,894,3,1010.9,438,9,1010.8,463,8,1010.7,791,10,1010.6,979,15,1011.3,403,3,1011.4,119,3,1011.5,2562,14,1011.6,1193,14,1011.7,1142,16
317,2025-11-26 13:40:06+05:30,1011.3,1,1000.98,7228554,404082.0,413396.0,986.2,1012.2,981.3,986.2,120422250,1084.8,887.6,1102.5,649.1,1011.0,894,3,1010.9,438,9,1010.8,463,8,1010.7,791,10,1010.6,979,15,1011.3,403,3,1011.4,119,3,1011.5,2562,14,1011.6,1193,14,1011.7,1142,16
317,2025-11-26 13:40:06+05:30,1011.0,270,1000.98,7228838,403349.0,414824.0,986.2,1012.2,981.3,986.2,120422250,1084.8,887.6,1102.5,649.1,1011.0,27,1,1010.9,803,6,1010.8,535,8,1010.7,703,11,1010.6,801,14,1011.2,99,1,1011.3,535,5,1011.4,331,5,1011.5,2939,16,1011.6,931,15
317,2025-11-26 13:40:07+05:30,1011.0,270,1000.98,7228838,403349.0,414824.0,986.2,1012.2,981.3,986.2,120422250,1084.8,887.6,1102.5,649.1,1011.0,27,1,1010.9,803,6,1010.8,535,8,1010.7,703,11,1010.6,801,14,1011.2,99,1,1011.3,535,5,1011.4,331,5,1011.5,2939,16,1011.6,931,15
317,2025-11-26 13:40:07+05:30,1011.2,99,1000.98,7228937,405447.0,412791.0,986.2,1012.2,981.3,986.2,120422250,1084.8,887.6,1102.5,649.1,1011.1,532,8,1011.0,1051,6,1010.9,499,9,1010.8,1232,10,1010.7,1101,12,1011.3,535,5,1011.4,100,3,1011.5,1499,10,1011.6,164,4,1011.7,1530,12
317,2025-11-26 13:40:08+05:30,1011.3,1,1000.98,7228937,405447.0,412791.0,986.2,1012.2,981.3,986.2,120422250,1084.8,887.6,1102.5,649.1,1011.1,532,8,1011.0,1051,6,1010.9,499,9,1010.8,1232,10,1010.7,1101,12,1011.3,535,5,1011.4,100,3,1011.5,1499,10,1011.6,164,4,1011.7,1530,12
317,2025-11-26 13:40:08+05:30,1011.3,1,1000.98,7229473,410132.0,411793.0,986.2,1012.2,981.3,986.2,120422250,1084.8,887.6,1102.5,649.1,1011.3,914,5,1011.2,1192,10,1011.1,499,9,1011.0,456,8,1010.9,882,13,1011.4,100,3,1011.5,1344,8,1011.6,164,4,1011.7,1291,8,1011.8,1065,10
317,2025-11-26 13:40:09+05:30,1011.4,92,1000.98,7229473,410132.0,411793.0,986.2,1012.2,981.3,986.2,120422250,1084.8,887.6,1102.5,649.1,1011.3,914,5,1011.2,1192,10,1011.1,499,9,1011.0,456,8,1010.9,882,13,1011.4,100,3,1011.5,1344,8,1011.6,164,4,1011.7,1291,8,1011.8,1065,10
317,2025-11-26 13:40:09+05:30,1011.4,1,1000.98,7229572,410054.0,411847.0,986.2,1012.2,981.3,986.2,120422250,1084.8,887.6,1102.5,649.1,1011.3,942,6,1011.2,1279,12,1011.1,469,8,1011.0,456,8,1010.9,947,14,1011.4,2,2,1011.5,1424,10,1011.6,122,3,1011.7,1291,8,1011.8,1065,10
317,2025-11-26 13:40:10+05:30,1011.4,1,1000.98,7229572,410054.0,411847.0,986.2,1012.2,981.3,986.2,120422250,1084.8,887.6,1102.5,649.1,1011.3,942,6,1011.2,1279,12,1011.1,469,8,1011.0,456,8,1010.9,947,14,1011.4,2,2,1011.5,1424,10,1011.6,122,3,1011.7,1291,8,1011.8,1065,10
317,2025-11-26 13:40:10+05:30,1011.4,1,1000.98,7229573,409858.0,411782.0,986.2,1012.2,981.3,986.2,120422250,1084.8,887.6,1102.5,649.1,1011.3,958,7,1011.2,1279,12,1011.1,469,8,1011.0,503,11,1010.9,947,14,1011.4,39,2,1011.5,1424,10,1011.6,10,1,1011.7,1296,10,1011.8,1363,11
317,2025-11-26 13:40:11+05:30,1011.4,1,1000.98,7229573,409858.0,411782.0,986.2,1012.2,981.3,986.2,120422250,1084.8,887.6,1102.5,649.1,1011.3,958,7,1011.2,1279,12,1011.1,469,8,1011.0,503,11,1010.9,947,14,1011.4,39,2,1011.5,1424,10,1011.6,10,1,1011.7,1296,10,1011.8,1363,11
317,2025-11-26 13:40:11+05:30,1011.4,1,1000.98,7229576,411617.0,412210.0,986.2,1012.2,981.3,986.2,120422250,1084.8,887.6,1102.5,649.1,1011.3,1723,8,1011.2,676,12,1011.1,495,10,1011.0,477,9,1010.9,1044,15,1011.4,314,2,1011.5,1424,10,1011.6,10,1,1011.7,1296,10,1011.8,1065,10
317,2025-11-26 13:40:12+05:30,1011.4,10,1000.98,7229576,411617.0,412210.0,986.2,1012.2,981.3,986.2,120422250,1084.8,887.6,1102.5,649.1,1011.3,1723,8,1011.2,676,12,1011.1,495,10,1011.0,477,9,1010.9,1044,15,1011.4,314,2,1011.5,1424,10,1011.6,10,1,1011.7,1296,10,1011.8,1065,10
317,2025-11-26 13:40:12+05:30,1011.8,526,1000.99,7233738,406321.0,403819.0,986.2,1012.2,981.3,986.2,120422250,1084.8,887.6,1102.5,649.1,1011.7,21,1,1011.6,123,3,1011.5,8,1,1011.4,1125,8,1011.3,596,10,1011.8,200,1,1011.9,331,13,1012.0,7455,90,1012.1,1817,9,1012.2,1969,24
317,2025-11-26 13:40:13+05:30,1011.5,1,1000.99,7233738,406321.0,403819.0,986.2,1012.2,981.3,986.2,120422250,1084.8,887.6,1102.5,649.1,1011.7,21,1,1011.6,123,3,1011.5,8,1,1011.4,1125,8,1011.3,596,10,1011.8,200,1,1011.9,331,13,1012.0,7455,90,1012.1,1817,9,1012.2,1969,24
317,2025-11-26 13:40:13+05:30,1011.5,1,1000.99,7233903,404360.0,403977.0,986.2,1012.2,981.3,986.2,120422250,1084.8,887.6,1102.5,649.1,1011.6,9,1,1011.5,910,3,1011.4,218,5,1011.3,473,10,1011.2,868,16,1011.8,175,2,1011.9,560,15,1012.0,7955,93,1012.1,1800,12,1012.2,2295,33
317,2025-11-26 13:40:14+05:30,1011.9,87,1000.99,7233903,404360.0,403977.0,986.2,1012.2,981.3,986.2,120422250,1084.8,887.6,1102.5,649.1,1011.6,9,1,1011.5,910,3,1011.4,218,5,1011.3,473,10,1011.2,868,16,1011.8,175,2,1011.9,560,15,1012.0,7955,93,1012.1,1800,12,1012.2,2295,33
317,2025-11-26 13:40:14+05:30,1011.9,2,1000.99,7235512,407588.0,400729.0,986.2,1012.2,981.3,986.2,120422250,1084.8,887.6,1102.5,649.1,1011.7,1008,5,1011.6,663,12,1011.5,338,4,1011.4,458,11,1011.3,1776,17,1011.9,232,4,1012.0,7342,89,1012.1,1391,6,1012.2,509,18,1012.3,1512,15
317,2025-11-26 13:40:15+05:30,1011.9,2,1000.99,7235512,407588.0,400729.0,986.2,1012.2,981.3,986.2,120422250,1084.8,887.6,1102.5,649.1,1011.7,1008,5,1011.6,663,12,1011.5,338,4,1011.4,458,11,1011.3,1776,17,1011.9,232,4,1012.0,7342,89,1012.1,1391,6,1012.2,509,18,1012.3,1512,15
317,2025-11-26 13:40:15+05:30,1011.9,2,1000.99,7235514,407603.0,400952.0,986.2,1012.2,981.3,986.2,120422250,1084.8,887.6,1102.5,649.1,1011.8,112,1,1011.7,969,7,1011.6,663,12,1011.5,375,5,1011.4,602,13,1011.9,230,4,1012.0,7367,90,1012.1,1391,6,1012.2,807,19,1012.3,1512,15
317,2025-11-26 13:40:16+05:30,1011.9,2,1000.99,7235514,407603.0,400952.0,986.2,1012.2,981.3,986.2,120422250,1084.8,887.6,1102.5,649.1,1011.8,112,1,1011.7,969,7,1011.6,663,12,1011.5,375,5,1011.4,602,13,1011.9,230,4,1012.0,7367,90,1012.1,1391,6,1012.2,807,19,1012.3,1512,15
317,2025-11-26 13:40:16+05:30,1011.9,88,1000.99,7235712,407378.0,401097.0,986.2,1012.2,981.3,986.2,120422250,1084.8,887.6,1102.5,649.1,1011.8,188,6,1011.7,947,7,1011.6,633,11,1011.5,440,6,1011.4,675,14,1011.9,323,3,1012.0,7367,90,1012.1,1392,7,1012.2,509,18,1012.3,1391,12
317,2025-11-26 13:40:17+05:30,1011.9,2,1000.99,7235712,407378.0,401097.0,986.2,1012.2,981.3,986.2,120422250,1084.8,887.6,1102.5,649.1,1011.8,188,6,1011.7,947,7,1011.6,633,11,1011.5,440,6,1011.4,675,14,1011.9,323,3,1012.0,7367,90,1012.1,1392,7,1012.2,509,18,1012.3,1391,12
317,2025-11-26 13:40:17+05:30,1011.9,1,1000.99,7235757,407301.0,401168.0,986.2,1012.2,981.3,986.2,120422250,1084.8,887.6,1102.5,649.1,1011.8,20,3,1011.7,1038,8,1011.6,542,10,1011.5,531,7,1011.4,675,14,1011.9,321,4,1012.0,7367,90,1012.1,1392,7,1012.2,509,18,1012.3,1464,13
317,2025-11-26 13:40:18+05:30,1011.9,1,1000.99,7235757,407301.0,401168.0,986.2,1012.2,981.3,986.2,120422250,1084.8,887.6,1102.5,649.1,1011.8,20,3,1011.7,1038,8,1011.6,542,10,1011.5,531,7,1011.4,675,14,1011.9,321,4,1012.0,7367,90,1012.1,1392,7,1012.2,509,18,1012.3,1464,13
317,2025-11-26 13:40:18+05:30,1011.9,1,1000.99,7235758,407301.0,401221.0,986.2,1012.2,981.3,986.2,120422250,1084.8,887.6,1102.5,649.1,1011.8,20,3,1011.7,1038,8,1011.6,542,10,1011.5,531,7,1011.4,675,14,1011.9,320,4,1012.0,7367,90,1012.1,1392,7,1012.2,509,18,1012.3,1464,13
317,2025-11-26 13:40:19+05:30,1011.9,2,1000.99,7235768,407374.0,401249.0,986.2,1012.2,981.3,986.2,120422250,1084.8,887.6,1102.5,649.1,1011.8,20,3,1011.7,947,7,1011.6,633,11,1011.5,531,7,1011.4,675,14,1011.9,310,3,1012.0,7367,90,1012.1,1392,7,1012.2,807,19,1012.3,1464,13
317,2025-11-26 13:40:20+05:30,1011.9,3,1000.99,7235768,407374.0,401249.0,986.2,1012.2,981.3,986.2,120422250,1084.8,887.6,1102.5,649.1,1011.8,20,3,1011.7,947,7,1011.6,633,11,1011.5,531,7,1011.4,675,14,1011.9,310,3,1012.0,7367,90,1012.1,1392,7,1012.2,807,19,1012.3,1464,13
317,2025-11-26 13:40:20+05:30,1011.7,118,1000.99,7235972,407043.0,401464.0,986.2,1012.2,981.3,986.2,120422250,1084.8,887.6,1102.5,649.1,1011.7,845,7,1011.6,424,9,1011.5,531,7,1011.4,675,14,1011.3,2505,17,1011.9,306,3,1012.0,7367,90,1012.1,1808,9,1012.2,674,20,1012.3,1464,13
317,2025-11-26 13:40:21+05:30,1011.9,1,1000.99,7235972,407043.0,401464.0,986.2,1012.2,981.3,986.2,120422250,1084.8,887.6,1102.5,649.1,1011.7,845,7,1011.6,424,9,1011.5,531,7,1011.4,675,14,1011.3,2505,17,1011.9,306,3,1012.0,7367,90,1012.1,1808,9,1012.2,674,20,1012.3,1464,13
317,2025-11-26 13:40:21+05:30,1011.9,1,1000.99,7235973,426754.0,420990.0,986.2,1012.2,981.3,986.2,120422250,1084.8,887.6,1102.5,649.1,1011.7,866,9,1011.6,424,9,1011.5,531,7,1011.4,675,14,1011.3,2552,17,1011.9,305,3,1012.0,7367,90,1012.1,1808,9,1012.2,674,20,1012.3,1464,13
317,2025-11-26 13:40:22+05:30,1011.9,104,1000.99,7236605,424870.0,420926.0,986.2,1012.2,981.3,986.2,120422250,1084.8,887.6,1102.5,649.1,1011.7,150,7,1011.6,344,7,1011.5,406,6,1011.4,667,9,1011.3,2552,17,1011.9,201,3,1012.0,7367,90,1012.1,1690,8,1012.2,674,20,1012.3,1588,17
317,2025-11-26 13:40:23+05:30,1011.9,23,1000.99,7236605,424870.0,420926.0,986.2,1012.2,981.3,986.2,120422250,1084.8,887.6,1102.5,649.1,1011.7,150,7,1011.6,344,7,1011.5,406,6,1011.4,667,9,1011.3,2552,17,1011.9,201,3,1012.0,7367,90,1012.1,1690,8,1012.2,674,20,1012.3,1588,17
317,2025-11-26 13:40:23+05:30,1011.9,23,1000.99,7236639,425093.0,421458.0,986.2,1012.2,981.3,986.2,120422250,1084.8,887.6,1102.5,649.1,1011.7,150,7,1011.6,344,7,1011.5,406,6,1011.4,772,16,1011.3,2552,17,1011.9,179,3,1012.0,7367,90,1012.1,1808,9,1012.2,674,20,1012.3,1588,17
317,2025-11-26 13:40:24+05:30,1011.9,23,1000.99,7236639,426123.0,421552.0,986.2,1012.2,981.3,986.2,120422250,1084.8,887.6,1102.5,649.1,1011.7,900,8,1011.6,428,8,1011.5,487,6,1011.4,853,15,1011.3,2517,16,1011.9,279,4,1012.0,7367,90,1012.1,1808,9,1012.2,674,20,1012.3,1588,17
317,2025-11-26 13:40:25+05:30,1011.7,39,1000.99,7236639,426123.0,421552.0,986.2,1012.2,981.3,986.2,120422250,1084.8,887.6,1102.5,649.1,1011.7,900,8,1011.6,428,8,1011.5,487,6,1011.4,853,15,1011.3,2517,16,1011.9,279,4,1012.0,7367,90,1012.1,1808,9,1012.2,674,20,1012.3,1588,17
317,2025-11-26 13:40:25+05:30,1011.9,11,1000.99,7236766,426089.0,421525.0,986.2,1012.2,981.3,986.2,120422250,1084.8,887.6,1102.5,649.1,1011.7,831,7,1011.6,428,8,1011.5,487,6,1011.4,888,16,1011.3,2517,16,1011.9,252,4,1012.0,7367,90,1012.1,1808,9,1012.2,674,20,1012.3,1588,17
317,2025-11-26 13:40:26+05:30,1011.9,2,1000.99,7236766,426089.0,421525.0,986.2,1012.2,981.3,986.2,120422250,1084.8,887.6,1102.5,649.1,1011.7,831,7,1011.6,428,8,1011.5,487,6,1011.4,888,16,1011.3,2517,16,1011.9,252,4,1012.0,7367,90,1012.1,1808,9,1012.2,674,20,1012.3,1588,17
317,2025-11-26 13:40:26+05:30,1011.9,1,1000.99,7236869,426150.0,421430.0,986.2,1012.2,981.3,986.2,120422250,1084.8,887.6,1102.5,649.1,1011.7,1049,10,1011.6,344,7,1011.5,487,6,1011.4,888,16,1011.3,2517,16,1011.9,149,4,1012.0,7367,90,1012.1,1808,9,1012.2,674,20,1012.3,1588,17
317,2025-11-26 13:40:27+05:30,1011.9,51,1000.99,7236869,426150.0,421430.0,986.2,1012.2,981.3,986.2,120422250,1084.8,887.6,1102.5,649.1,1011.7,1049,10,1011.6,344,7,1011.5,487,6,1011.4,888,16,1011.3,2517,16,1011.9,149,4,1012.0,7367,90,1012.1,1808,9,1012.2,674,20,1012.3,1588,17
317,2025-11-26 13:40:27+05:30,1011.9,51,1000.99,7236969,426105.0,421699.0,986.2,1012.2,981.3,986.2,120422250,1084.8,887.6,1102.5,649.1,1011.7,831,7,1011.6,428,8,1011.5,487,6,1011.4,888,16,1011.3,2517,16,1011.9,241,3,1012.0,7499,91,1012.1,1858,10,1012.2,674,20,1012.3,1588,17
317,2025-11-26 13:40:28+05:30,1011.9,25,1000.99,7236969,426105.0,421699.0,986.2,1012.2,981.3,986.2,120422250,1084.8,887.6,1102.5,649.1,1011.7,831,7,1011.6,428,8,1011.5,487,6,1011.4,888,16,1011.3,2517,16,1011.9,241,3,1012.0,7499,91,1012.1,1858,10,1012.2,674,20,1012.3,1588,17
317,2025-11-26 13:40:28+05:30,1011.9,25,1000.99,7236994,426705.0,421650.0,986.2,1012.2,981.3,986.2,120422250,1084.8,887.6,1102.5,649.1,1011.7,831,7,1011.6,428,8,1011.5,487,6,1011.4,888,16,1011.3,2517,16,1011.9,216,3,1012.0,7499,91,1012.1,1858,10,1012.2,674,20,1012.3,1588,17
317,2025-11-26 13:40:29+05:30,1011.9,25,1000.99,7236994,426705.0,421673.0,986.2,1012.2,981.3,986.2,120422250,1084.8,887.6,1102.5,649.1,1011.7,831,7,1011.6,428,8,1011.5,487,6,1011.4,888,16,1011.3,2517,16,1011.9,216,3,1012.0,7499,91,1012.1,1858,10,1012.2,674,20,1012.3,1588,17
317,2025-11-26 13:40:30+05:30,1011.7,10,1000.99,7236994,426705.0,421673.0,986.2,1012.2,981.3,986.2,120422250,1084.8,887.6,1102.5,649.1,1011.7,831,7,1011.6,428,8,1011.5,487,6,1011.4,888,16,1011.3,2517,16,1011.9,216,3,1012.0,7499,91,1012.1,1858,10,1012.2,674,20,1012.3,1588,17
317,2025-11-26 13:40:30+05:30,1011.9,27,1000.99,7237089,426621.0,420615.0,986.2,1012.2,981.3,986.2,120422250,1084.8,887.6,1102.5,649.1,1011.7,867,7,1011.6,398,8,1011.5,403,5,1011.4,781,16,1011.3,2504,15,1011.9,166,3,1012.0,7499,91,1012.1,1863,11,1012.2,684,21,1012.3,1612,19
317,2025-11-26 13:40:31+05:30,1011.9,1,1000.99,7237089,426621.0,420615.0,986.2,1012.2,981.3,986.2,120422250,1084.8,887.6,1102.5,649.1,1011.7,867,7,1011.6,398,8,1011.5,403,5,1011.4,781,16,1011.3,2504,15,1011.9,166,3,1012.0,7499,91,1012.1,1863,11,1012.2,684,21,1012.3,1612,19
317,2025-11-26 13:40:31+05:30,1011.9,10,1000.99,7237410,425938.0,421015.0,986.2,1012.2,981.3,986.2,120422250,1084.8,887.6,1102.5,649.1,1011.7,490,6,1011.6,311,7,1011.5,374,5,1011.4,781,16,1011.3,2504,15,1011.9,155,3,1012.0,7617,92,1012.1,1868,12,1012.2,749,22,1012.3,1612,19
317,2025-11-26 13:40:32+05:30,1011.7,1,1000.99,7237410,425938.0,421015.0,986.2,1012.2,981.3,986.2,120422250,1084.8,887.6,1102.5,649.1,1011.7,490,6,1011.6,311,7,1011.5,374,5,1011.4,781,16,1011.3,2504,15,1011.9,155,3,1012.0,7617,92,1012.1,1868,12,1012.2,749,22,1012.3,1612,19
317,2025-11-26 13:40:32+05:30,1011.7,1,1000.99,7237412,425837.0,421017.0,986.2,1012.2,981.3,986.2,120422250,1084.8,887.6,1102.5,649.1,1011.7,488,6,1011.6,400,8,1011.5,285,4,1011.4,781,16,1011.3,2504,15,1011.9,155,3,1012.0,7613,91,1012.1,1868,12,1012.2,753,23,1012.3,1612,19
317,2025-11-26 13:40:33+05:30,1011.7,71,1000.99,7237412,425837.0,421017.0,986.2,1012.2,981.3,986.2,120422250,1084.8,887.6,1102.5,649.1,1011.7,488,6,1011.6,400,8,1011.5,285,4,1011.4,781,16,1011.3,2504,15,1011.9,155,3,1012.0,7613,91,1012.1,1868,12,1012.2,753,23,1012.3,1612,19
317,2025-11-26 13:40:33+05:30,1011.6,44,1001.0,7238514,425815.0,420939.0,986.2,1012.2,981.3,986.2,120422250,1084.8,887.6,1102.5,649.1,1011.7,850,4,1011.6,80,3,1011.5,494,7,1011.4,579,8,1011.3,2439,14,1011.9,209,4,1012.0,7613,91,1012.1,1950,13,1012.2,806,23,1012.3,1701,20
317,2025-11-26 13:40:34+05:30,1011.6,44,1001.0,7238514,425815.0,420939.0,986.2,1012.2,981.3,986.2,120422250,1084.8,887.6,1102.5,649.1,1011.7,850,4,1011.6,80,3,1011.5,494,7,1011.4,579,8,1011.3,2439,14,1011.9,209,4,1012.0,7613,91,1012.1,1950,13,1012.2,806,23,1012.3,1701,20
317,2025-11-26 13:40:34+05:30,1011.6,44,1001.0,7238514,425990.0,421411.0,986.2,1012.2,981.3,986.2,120422250,1084.8,887.6,1102.5,649.1,1011.8,112,1,1011.7,850,4,1011.6,148,4,1011.5,552,8,1011.4,684,15,1011.9,209,4,1012.0,7613,91,1012.1,1950,13,1012.2,806,23,1012.3,1701,20
317,2025-11-26 13:40:35+05:30,1011.8,1,1001.0,7238514,425990.0,421411.0,986.2,1012.2,981.3,986.2,120422250,1084.8,887.6,1102.5,649.1,1011.8,112,1,1011.7,850,4,1011.6,148,4,1011.5,552,8,1011.4,684,15,1011.9,209,4,1012.0,7613,91,1012.1,1950,13,1012.2,806,23,1012.3,1701,20
317,2025-11-26 13:40:35+05:30,1011.9,1,1001.0,7238518,425798.0,421326.0,986.2,1012.2,981.3,986.2,120422250,1084.8,887.6,1102.5,649.1,1011.8,111,1,1011.7,761,3,1011.6,237,5,1011.5,345,6,1011.4,975,17,1011.9,219,5,1012.0,7714,93,1012.1,2105,15,1012.2,806,23,1012.3,1612,19
317,2025-11-26 13:40:36+05:30,1011.9,1,1001.0,7238518,425798.0,421326.0,986.2,1012.2,981.3,986.2,120422250,1084.8,887.6,1102.5,649.1,1011.8,111,1,1011.7,761,3,1011.6,237,5,1011.5,345,6,1011.4,975,17,1011.9,219,5,1012.0,7714,93,1012.1,2105,15,1012.2,806,23,1012.3,1612,19
317,2025-11-26 13:40:36+05:30,1011.9,1,1001.0,7238519,425820.0,421325.0,986.2,1012.2,981.3,986.2,120422250,1084.8,887.6,1102.5,649.1,1011.8,133,3,1011.7,761,3,1011.6,237,5,1011.5,434,7,1011.4,886,16,1011.9,218,5,1012.0,7714,93,1012.1,2016,14,1012.2,895,24,1012.3,1612,19
317,2025-11-26 13:40:37+05:30,1011.9,1,1001.0,7238519,425820.0,421325.0,986.2,1012.2,981.3,986.2,120422250,1084.8,887.6,1102.5,649.1,1011.8,133,3,1011.7,761,3,1011.6,237,5,1011.5,434,7,1011.4,886,16,1011.9,218,5,1012.0,7714,93,1012.1,2016,14,1012.2,895,24,1012.3,1612,19
317,2025-11-26 13:40:37+05:30,1011.9,1,1001.0,7238520,425401.0,421324.0,986.2,1012.2,981.3,986.2,120422250,1084.8,887.6,1102.5,649.1,1011.8,133,3,1011.7,11,2,1011.6,237,5,1011.5,485,8,1011.4,922,17,1011.9,217,5,1012.0,7714,93,1012.1,2016,14,1012.2,895,24,1012.3,1612,19
317,2025-11-26 13:40:38+05:30,1011.9,1,1001.0,7238520,425401.0,421124.0,986.2,1012.2,981.3,986.2,120422250,1084.8,887.6,1102.5,649.1,1011.8,133,3,1011.7,11,2,1011.6,237,5,1011.5,485,8,1011.4,922,17,1011.9,217,5,1012.0,7714,93,1012.1,2016,14,1012.2,895,24,1012.3,1612,19
317,2025-11-26 13:40:39+05:30,1012.0,21,1001.0,7238520,425401.0,421124.0,986.2,1012.2,981.3,986.2,120422250,1084.8,887.6,1102.5,649.1,1011.8,133,3,1011.7,11,2,1011.6,237,5,1011.5,485,8,1011.4,922,17,1011.9,217,5,1012.0,7714,93,1012.1,2016,14,1012.2,895,24,1012.3,1612,19
317,2025-11-26 13:40:39+05:30,1011.8,25,1001.0,7242639,424377.0,417792.0,986.2,1012.2,981.3,986.2,120422250,1084.8,887.6,1102.5,649.1,1011.8,913,7,1011.7,100,3,1011.6,312,7,1011.5,514,8,1011.4,1024,18,1012.0,4956,44,1012.1,1346,7,1012.2,957,22,1012.3,1742,19,1012.4,1981,16
317,2025-11-26 13:40:40+05:30,1011.8,25,1001.0,7242639,424377.0,417792.0,986.2,1012.2,981.3,986.2,120422250,1084.8,887.6,1102.5,649.1,1011.8,913,7,1011.7,100,3,1011.6,312,7,1011.5,514,8,1011.4,1024,18,1012.0,4956,44,1012.1,1346,7,1012.2,957,22,1012.3,1742,19,1012.4,1981,16
317,2025-11-26 13:40:40+05:30,1012.0,1,1001.0,7242640,424720.0,417828.0,986.2,1012.2,981.3,986.2,120422250,1084.8,887.6,1102.5,649.1,1011.8,931,8,1011.7,11,2,1011.6,312,7,1011.5,603,9,1011.4,1024,18,1012.0,4967,45,1012.1,1520,9,1012.2,1031,23,1012.3,1742,19,1012.4,2099,17
317,2025-11-26 13:40:41+05:30,1011.9,47,1001.0,7242640,424720.0,417828.0,986.2,1012.2,981.3,986.2,120422250,1084.8,887.6,1102.5,649.1,1011.8,931,8,1011.7,11,2,1011.6,312,7,1011.5,603,9,1011.4,1024,18,1012.0,4967,45,1012.1,1520,9,1012.2,1031,23,1012.3,1742,19,1012.4,2099,17
317,2025-11-26 13:40:41+05:30,1012.0,135,1001.0,7242825,425309.0,418266.0,986.2,1012.2,981.3,986.2,120422250,1084.8,887.6,1102.5,649.1,1011.8,1187,10,1011.7,41,3,1011.6,431,7,1011.5,514,8,1011.4,1024,18,1012.0,4832,45,1012.1,1390,7,1012.2,733,22,1012.3,1665,19,1012.4,2511,18
317,2025-11-26 13:40:42+05:30,1012.0,321,1001.0,7242825,425309.0,418266.0,986.2,1012.2,981.3,986.2,120422250,1084.8,887.6,1102.5,649.1,1011.8,1187,10,1011.7,41,3,1011.6,431,7,1011.5,514,8,1011.4,1024,18,1012.0,4832,45,1012.1,1390,7,1012.2,733,22,1012.3,1665,19,1012.4,2511,18
317,2025-11-26 13:40:42+05:30,1012.0,321,1001.0,7243146,425298.0,417935.0,986.2,1012.2,981.3,986.2,120422250,1084.8,887.6,1102.5,649.1,1011.8,1056,8,1011.7,41,3,1011.6,431,7,1011.5,634,9,1011.4,1024,18,1012.0,4770,48,1012.1,1589,9,1012.2,1011,25,1012.3,1963,20,1012.4,2093,16
317,2025-11-26 13:40:43+05:30,1011.8,50,1001.0,7243146,425298.0,417935.0,986.2,1012.2,981.3,986.2,120422250,1084.8,887.6,1102.5,649.1,1011.8,1056,8,1011.7,41,3,1011.6,431,7,1011.5,634,9,1011.4,1024,18,1012.0,4770,48,1012.1,1589,9,1012.2,1011,25,1012.3,1963,20,1012.4,2093,16
317,2025-11-26 13:40:43+05:30,1011.8,50,1001.0,7243235,425273.0,417899.0,986.2,1012.2,981.3,986.2,120422250,1084.8,887.6,1102.5,649.1,1011.8,999,8,1011.7,11,2,1011.6,313,6,1011.5,634,9,1011.4,1024,18,1012.0,4740,48,1012.1,1669,11,1012.2,1309,26,1012.3,1653,18,1012.4,2093,16
317,2025-11-26 13:40:44+05:30,1011.8,27,1001.0,7243235,425273.0,417899.0,986.2,1012.2,981.3,986.2,120422250,1084.8,887.6,1102.5,649.1,1011.8,999,8,1011.7,11,2,1011.6,313,6,1011.5,634,9,1011.4,1024,18,1012.0,4740,48,1012.1,1669,11,1012.2,1309,26,1012.3,1653,18,1012.4,2093,16
317,2025-11-26 13:40:44+05:30,1012.0,1,1001.0,7243343,425077.0,418095.0,986.2,1012.2,981.3,986.2,120422250,1084.8,887.6,1102.5,649.1,1011.8,898,5,1011.7,11,2,1011.6,182,4,1011.5,634,9,1011.4,942,18,1012.0,4864,50,1012.1,1942,14,1012.2,1189,25,1012.3,1653,18,1012.4,2093,16
317,2025-11-26 13:40:45+05:30,1012.0,2,1001.0,7243343,425077.0,418095.0,986.2,1012.2,981.3,986.2,120422250,1084.8,887.6,1102.5,649.1,1011.8,898,5,1011.7,11,2,1011.6,182,4,1011.5,634,9,1011.4,942,18,1012.0,4864,50,1012.1,1942,14,1012.2,1189,25,1012.3,1653,18,1012.4,2093,16
317,2025-11-26 13:40:45+05:30,1012.0,2,1001.0,7243350,425279.0,418104.0,986.2,1012.2,981.3,986.2,120422250,1084.8,887.6,1102.5,649.1,1011.8,898,5,1011.7,11,2,1011.6,302,5,1011.5,514,8,1011.4,1144,19,1012.0,4703,48,1012.1,1942,14,1012.2,1180,24,1012.3,1659,19,1012.4,2093,16
317,2025-11-26 13:40:46+05:30,1012.0,11,1001.0,7243683,425279.0,418593.0,986.2,1012.2,981.3,986.2,120422250,1084.8,887.6,1102.5,649.1,1011.8,898,5,1011.7,11,2,1011.6,302,5,1011.5,514,8,1011.4,1144,19,1012.0,5370,49,1012.1,1650,11,1012.2,1002,24,1012.3,1957,20,1012.4,2093,16
317,2025-11-26 13:40:46+05:30,1012.0,11,1001.0,7243683,425279.0,418593.0,986.2,1012.2,981.3,986.2,120422250,1084.8,887.6,1102.5,649.1,1011.8,898,5,1011.7,11,2,1011.6,302,5,1011.5,514,8,1011.4,1144,19,1012.0,5370,49,1012.1,1650,11,1012.2,1002,24,1012.3,1957,20,1012.4,2093,16
317,2025-11-26 13:40:47+05:30,1012.0,19,1001.0,7243811,425269.0,418800.0,986.2,1012.2,981.3,986.2,120422250,1084.8,887.6,1102.5,649.1,1011.8,898,5,1011.7,11,2,1011.6,302,5,1011.5,514,8,1011.4,1134,18,1012.0,6080,50,1012.1,1815,12,1012.2,1007,26,1012.3,1659,19,1012.4,2093,16
317,2025-11-26 13:40:47+05:30,1012.0,19,1001.0,7243811,425269.0,418800.0,986.2,1012.2,981.3,986.2,120422250,1084.8,887.6,1102.5,649.1,1011.8,898,5,1011.7,11,2,1011.6,302,5,1011.5,514,8,1011.4,1134,18,1012.0,6080,50,1012.1,1815,12,1012.2,1007,26,1012.3,1659,19,1012.4,2093,16
317,2025-11-26 13:40:48+05:30,1012.0,19,1001.0,7243811,425327.0,418804.0,986.2,1012.2,981.3,986.2,120422250,1084.8,887.6,1102.5,649.1,1011.8,898,5,1011.7,11,2,1011.6,302,5,1011.5,514,8,1011.4,1134,18,1012.0,6080,50,1012.1,1815,12,1012.2,1007,26,1012.3,1659,19,1012.4,2093,16
317,2025-11-26 13:40:48+05:30,1012.0,19,1001.0,7243811,425282.0,418811.0,986.2,1012.2,981.3,986.2,120422250,1084.8,887.6,1102.5,649.1,1011.8,898,5,1011.7,11,2,1011.6,234,4,1011.5,514,8,1011.4,1134,18,1012.0,6080,50,1012.1,1815,12,1012.2,1007,26,1012.3,1659,19,1012.4,2100,17
317,2025-11-26 13:40:50+05:30,1012.0,19,1001.0,7243811,425295.0,419399.0,986.2,1012.2,981.3,986.2,120422250,1084.8,887.6,1102.5,649.1,1011.8,911,6,1011.7,11,2,1011.6,234,4,1011.5,514,8,1011.4,1134,18,1012.0,6130,51,1012.1,1935,13,1012.2,887,25,1012.3,1659,19,1012.4,2100,17
317,2025-11-26 13:40:51+05:30,1012.0,1,1001.0,7244064,425010.0,419257.0,986.2,1012.2,981.3,986.2,120422250,1084.8,887.6,1102.5,649.1,1011.8,660,6,1011.7,11,2,1011.6,114,3,1011.5,514,8,1011.4,812,16,1012.0,6128,51,1012.1,2233,14,1012.2,1047,27,1012.3,1669,20,1012.4,2105,18
317,2025-11-26 13:40:51+05:30,1012.0,1,1001.0,7244064,425010.0,419257.0,986.2,1012.2,981.3,986.2,120422250,1084.8,887.6,1102.5,649.1,1011.8,660,6,1011.7,11,2,1011.6,114,3,1011.5,514,8,1011.4,812,16,1012.0,6128,51,1012.1,2233,14,1012.2,1047,27,1012.3,1669,20,1012.4,2105,18
317,2025-11-26 13:40:52+05:30,1012.0,1,1001.0,7244064,425469.0,419189.0,986.2,1012.2,981.3,986.2,120422250,1084.8,887.6,1102.5,649.1,1011.9,1,1,1011.8,660,6,1011.7,11,2,1011.6,114,3,1011.5,626,9,1012.0,5908,50,1012.1,2125,13,1012.2,1127,27,1012.3,1796,21,1012.4,2105,18
317,2025-11-26 13:40:53+05:30,1012.0,43,1001.0,7244221,425337.0,419897.0,986.2,1012.2,981.3,986.2,120422250,1084.8,887.6,1102.5,649.1,1011.8,659,6,1011.7,11,2,1011.6,241,4,1011.5,626,9,1011.4,777,15,1012.0,6017,52,1012.1,1707,11,1012.2,1244,27,1012.3,1957,20,1012.4,2220,17
317,2025-11-26 13:40:53+05:30,1012.0,43,1001.0,7244221,425337.0,419897.0,986.2,1012.2,981.3,986.2,120422250,1084.8,887.6,1102.5,649.1,1011.8,659,6,1011.7,11,2,1011.6,241,4,1011.5,626,9,1011.4,777,15,1012.0,6017,52,1012.1,1707,11,1012.2,1244,27,1012.3,1957,20,1012.4,2220,17
317,2025-11-26 13:40:54+05:30,1012.0,605,1001.01,7244972,425669.0,419764.0,986.2,1012.2,981.3,986.2,120422250,1084.8,887.6,1102.5,649.1,1011.9,112,1,1011.8,828,8,1011.7,11,2,1011.6,481,7,1011.5,626,9,1012.0,5266,48,1012.1,1286,6,1012.2,1350,26,1012.3,1712,22,1012.4,2169,14
317,2025-11-26 13:40:54+05:30,1012.0,605,1001.01,7244972,425669.0,419764.0,986.2,1012.2,981.3,986.2,120422250,1084.8,887.6,1102.5,649.1,1011.9,112,1,1011.8,828,8,1011.7,11,2,1011.6,481,7,1011.5,626,9,1012.0,5266,48,1012.1,1286,6,1012.2,1350,26,1012.3,1712,22,1012.4,2169,14
317,2025-11-26 13:40:55+05:30,1012.0,605,1001.01,7244972,425670.0,420013.0,986.2,1012.2,981.3,986.2,120422250,1084.8,887.6,1102.5,649.1,1011.9,121,2,1011.8,701,7,1011.7,138,3,1011.6,472,6,1011.5,626,9,1012.0,5267,49,1012.1,1413,8,1012.2,1388,26,1012.3,1633,17,1012.4,2261,20
317,2025-11-26 13:40:55+05:30,1012.0,3,1001.01,7245008,425669.0,419971.0,986.2,1012.2,981.3,986.2,120422250,1084.8,887.6,1102.5,649.1,1011.9,133,3,1011.8,688,6,1011.7,138,3,1011.6,472,6,1011.5,626,9,1012.0,5232,49,1012.1,1413,8,1012.2,1388,26,1012.3,1633,17,1012.4,2261,20
317,2025-11-26 13:40:56+05:30,1012.0,3,1001.01,7245008,425669.0,419971.0,986.2,1012.2,981.3,986.2,120422250,1084.8,887.6,1102.5,649.1,1011.9,133,3,1011.8,688,6,1011.7,138,3,1011.6,472,6,1011.5,626,9,1012.0,5232,49,1012.1,1413,8,1012.2,1388,26,1012.3,1633,17,1012.4,2261,20
317,2025-11-26 13:40:56+05:30,1012.0,100,1001.01,7246004,424319.0,420935.0,986.2,1012.2,981.3,986.2,120422250,1084.8,887.6,1102.5,649.1,1011.9,9,1,1011.8,829,5,1011.7,11,2,1011.6,127,1,1011.5,636,9,1012.0,5162,50,1012.1,1774,12,1012.2,1515,27,1012.3,1821,22,1012.4,1790,18
317,2025-11-26 13:40:56+05:30,1012.0,100,1001.01,7246004,424319.0,420935.0,986.2,1012.2,981.3,986.2,120422250,1084.8,887.6,1102.5,649.1,1011.9,9,1,1011.8,829,5,1011.7,11,2,1011.6,127,1,1011.5,636,9,1012.0,5162,50,1012.1,1774,12,1012.2,1515,27,1012.3,1821,22,1012.4,1790,18
317,2025-11-26 13:40:57+05:30,1012.0,100,1001.01,7246004,424319.0,420935.0,986.2,1012.2,981.3,986.2,120422250,1084.8,887.6,1102.5,649.1,1011.9,9,1,1011.8,829,5,1011.7,11,2,1011.6,127,1,1011.5,636,9,1012.0,5162,50,1012.1,1774,12,1012.2,1515,27,1012.3,1821,22,1012.4,1790,18
317,2025-11-26 13:40:57+05:30,1012.0,100,1001.01,7246004,424319.0,420935.0,986.2,1012.2,981.3,986.2,120422250,1084.8,887.6,1102.5,649.1,1011.9,9,1,1011.8,829,5,1011.7,11,2,1011.6,127,1,1011.5,636,9,1012.0,5162,50,1012.1,1774,12,1012.2,1515,27,1012.3,1821,22,1012.4,1790,18
317,2025-11-26 13:40:57+05:30,1011.9,56,1001.01,7246086,425594.0,421340.0,986.2,1012.2,981.3,986.2,120422250,1084.8,887.6,1102.5,649.1,1011.8,829,5,1011.7,11,2,1011.5,671,10,1011.4,740,15,1011.3,2373,14,1011.9,8,1,1012.0,5128,48,1012.1,1762,12,1012.2,1520,28,1012.3,1796,21
317,2025-11-26 13:40:58+05:30,1011.9,56,1001.01,7246086,425594.0,421340.0,986.2,1012.2,981.3,986.2,120422250,1084.8,887.6,1102.5,649.1,1011.8,829,5,1011.7,11,2,1011.5,671,10,1011.4,740,15,1011.3,2373,14,1011.9,8,1,1012.0,5128,48,1012.1,1762,12,1012.2,1520,28,1012.3,1796,21
317,2025-11-26 13:40:58+05:30,1011.9,56,1001.01,7246086,425594.0,421340.0,986.2,1012.2,981.3,986.2,120422250,1084.8,887.6,1102.5,649.1,1011.8,829,5,1011.7,11,2,1011.5,671,10,1011.4,740,15,1011.3,2373,14,1011.9,8,1,1012.0,5128,48,1012.1,1762,12,1012.2,1520,28,1012.3,1796,21
317,2025-11-26 13:40:58+05:30,1012.0,207,1001.01,7246308,424456.0,420584.0,986.2,1012.2,981.3,986.2,120422250,1084.8,887.6,1102.5,649.1,1011.8,811,4,1011.7,131,3,1011.6,122,2,1011.5,544,9,1011.4,740,15,1012.0,4960,49,1012.1,1555,9,1012.2,1090,25,1012.3,1786,20,1012.4,2071,17
317,2025-11-26 13:40:59+05:30,1012.0,207,1001.01,7246308,424456.0,420584.0,986.2,1012.2,981.3,986.2,120422250,1084.8,887.6,1102.5,649.1,1011.8,811,4,1011.7,131,3,1011.6,122,2,1011.5,544,9,1011.4,740,15,1012.0,4960,49,1012.1,1555,9,1012.2,1090,25,1012.3,1786,20,1012.4,2071,17
317,2025-11-26 13:40:59+05:30,1012.0,207,1001.01,7246308,424456.0,420584.0,986.2,1012.2,981.3,986.2,120422250,1084.8,887.6,1102.5,649.1,1011.8,811,4,1011.7,131,3,1011.6,122,2,1011.5,544,9,1011.4,740,15,1012.0,4960,49,1012.1,1555,9,1012.2,1090,25,1012.3,1786,20,1012.4,2071,17
317,2025-11-26 13:40:59+05:30,1012.0,207,1001.01,7246308,424456.0,420584.0,986.2,1012.2,981.3,986.2,120422250,1084.8,887.6,1102.5,649.1,1011.8,811,4,1011.7,131,3,1011.6,122,2,1011.5,544,9,1011.4,740,15,1012.0,4960,49,1012.1,1555,9,1012.2,1090,25,1012.3,1786,20,1012.4,2071,17
317,2025-11-26 13:40:59+05:30,1012.0,72,1001.01,7246558,424456.0,420804.0,986.2,1012.2,981.3,986.2,120422250,1084.8,887.6,1102.5,649.1,1011.8,811,4,1011.7,4,2,1011.6,122,2,1011.5,671,10,1011.4,740,15,1012.0,4730,47,1012.1,1649,10,1012.2,1515,27,1012.3,1786,20,1012.4,1773,16
317,2025-11-26 13:40:59+05:30,1012.0,72,1001.01,7246558,424456.0,420804.0,986.2,1012.2,981.3,986.2,120422250,1084.8,887.6,1102.5,649.1,1011.8,811,4,1011.7,4,2,1011.6,122,2,1011.5,671,10,1011.4,740,15,1012.0,4730,47,1012.1,1649,10,1012.2,1515,27,1012.3,1786,20,1012.4,1773,16
317,2025-11-26 13:41:00+05:30,1012.0,72,1001.01,7246558,424456.0,420804.0,986.2,1012.2,981.3,986.2,120422250,1084.8,887.6,1102.5,649.1,1011.8,811,4,1011.7,4,2,1011.6,122,2,1011.5,671,10,1011.4,740,15,1012.0,4730,47,1012.1,1649,10,1012.2,1515,27,1012.3,1786,20,1012.4,1773,16
317,2025-11-26 13:41:00+05:30,1012.0,72,1001.01,7246558,424456.0,420804.0,986.2,1012.2,981.3,986.2,120422250,1084.8,887.6,1102.5,649.1,1011.8,811,4,1011.7,4,2,1011.6,122,2,1011.5,671,10,1011.4,740,15,1012.0,4730,47,1012.1,1649,10,1012.2,1515,27,1012.3,1786,20,1012.4,1773,16
317,2025-11-26 13:41:00+05:30,1012.0,72,1001.01,7246558,424456.0,420804.0,986.2,1012.2,981.3,986.2,120422250,1084.8,887.6,1102.5,649.1,1011.8,811,4,1011.7,4,2,1011.6,122,2,1011.5,671,10,1011.4,740,15,1012.0,4730,47,1012.1,1649,10,1012.2,1515,27,1012.3,1786,20,1012.4,1773,16
317,2025-11-26 13:41:00+05:30,1012.0,1,1001.01,7246658,424344.0,420860.0,986.2,1012.2,981.3,986.2,120422250,1084.8,887.6,1102.5,649.1,1011.8,734,4,1011.7,4,2,1011.6,61,1,1011.5,671,10,1011.4,766,16,1012.0,4728,47,1012.1,1839,12,1012.2,1418,27,1012.3,1786,20,1012.4,1773,16
317,2025-11-26 13:41:01+05:30,1012.0,1,1001.01,7246658,424344.0,420860.0,986.2,1012.2,981.3,986.2,120492750,1084.8,887.6,1102.5,649.1,1011.8,734,4,1011.7,4,2,1011.6,61,1,1011.5,671,10,1011.4,766,16,1012.0,4728,47,1012.1,1839,12,1012.2,1418,27,1012.3,1786,20,1012.4,1773,16
317,2025-11-26 13:41:01+05:30,1012.0,1,1001.01,7246658,424344.0,420860.0,986.2,1012.2,981.3,986.2,120492750,1084.8,887.6,1102.5,649.1,1011.8,734,4,1011.7,4,2,1011.6,61,1,1011.5,671,10,1011.4,766,16,1012.0,4728,47,1012.1,1839,12,1012.2,1418,27,1012.3,1786,20,1012.4,1773,16
317,2025-11-26 13:41:01+05:30,1012.0,1,1001.01,7246658,424344.0,420860.0,986.2,1012.2,981.3,986.2,120492750,1084.8,887.6,1102.5,649.1,1011.8,734,4,1011.7,4,2,1011.6,61,1,1011.5,671,10,1011.4,766,16,1012.0,4728,47,1012.1,1839,12,1012.2,1418,27,1012.3,1786,20,1012.4,1773,16
317,2025-11-26 13:41:01+05:30,1012.0,1,1001.01,7246658,424206.0,420818.0,986.2,1012.2,981.3,986.2,120492750,1084.8,887.6,1102.5,649.1,1011.9,50,1,1011.8,683,3,1011.7,55,3,1011.6,61,1,1011.5,671,10,1012.0,4728,47,1012.1,1719,11,1012.2,1628,28,1012.3,1659,19,1012.4,1773,16
317,2025-11-26 13:41:02+05:30,1012.0,4,1001.01,7246687,424186.0,420918.0,986.2,1012.2,981.3,986.2,120492750,1084.8,887.6,1102.5,649.1,1011.9,30,1,1011.8,683,3,1011.7,55,3,1011.6,61,1,1011.5,671,10,1012.0,4719,47,1012.1,1719,11,1012.2,1508,27,1012.3,1801,21,1012.4,1773,16
317,2025-11-26 13:41:03+05:30,1012.0,6,1001.01,7246687,424186.0,420918.0,986.2,1012.2,981.3,986.2,120492750,1084.8,887.6,1102.5,649.1,1011.9,30,1,1011.8,683,3,1011.7,55,3,1011.6,61,1,1011.5,671,10,1012.0,4719,47,1012.1,1719,11,1012.2,1508,27,1012.3,1801,21,1012.4,1773,16
317,2025-11-26 13:41:03+05:30,1012.0,6,1001.01,7246710,424160.0,420880.0,986.2,1012.2,981.3,986.2,120492750,1084.8,887.6,1102.5,649.1,1011.9,30,1,1011.8,683,3,1011.7,55,3,1011.6,61,1,1011.5,671,10,1012.0,4722,48,1012.1,1839,12,1012.2,1508,27,1012.3,1681,20,1012.4,1773,16
317,2025-11-26 13:41:04+05:30,1012.0,2,1001.01,7246710,424160.0,420880.0,986.2,1012.2,981.3,986.2,120492750,1084.8,887.6,1102.5,649.1,1011.9,30,1,1011.8,683,3,1011.7,55,3,1011.6,61,1,1011.5,671,10,1012.0,4722,48,1012.1,1839,12,1012.2,1508,27,1012.3,1681,20,1012.4,1773,16
317,2025-11-26 13:41:04+05:30,1012.0,2,1001.01,7246712,424160.0,420897.0,986.2,1012.2,981.3,986.2,120492750,1084.8,887.6,1102.5,649.1,1011.9,30,1,1011.8,683,3,1011.7,55,3,1011.6,61,1,1011.5,671,10,1012.0,4720,48,1012.1,1839,12,1012.2,1508,27,1012.3,1681,20,1012.4,1773,16
317,2025-11-26 13:41:05+05:30,1012.0,1,1001.01,7246715,424599.0,420776.0,986.2,1012.2,981.3,986.2,120492750,1084.8,887.6,1102.5,649.1,1011.9,365,3,1011.8,683,3,1011.7,116,4,1011.6,61,1,1011.5,778,11,1012.0,4734,50,1012.1,1619,9,1012.2,1437,26,1012.3,1685,20,1012.4,1773,16
317,2025-11-26 13:41:06+05:30,1012.0,1,1001.01,7246715,424599.0,420776.0,986.2,1012.2,981.3,986.2,120492750,1084.8,887.6,1102.5,649.1,1011.9,365,3,1011.8,683,3,1011.7,116,4,1011.6,61,1,1011.5,778,11,1012.0,4734,50,1012.1,1619,9,1012.2,1437,26,1012.3,1685,20,1012.4,1773,16
317,2025-11-26 13:41:06+05:30,1012.0,7,1001.01,7246729,424612.0,420733.0,986.2,1012.2,981.3,986.2,120492750,1084.8,887.6,1102.5,649.1,1011.9,378,4,1011.8,734,4,1011.7,65,3,1011.6,61,1,1011.5,778,11,1012.0,4870,49,1012.1,1499,8,1012.2,1437,26,1012.3,1805,21,1012.4,1773,16
317,2025-11-26 13:41:07+05:30,1012.0,7,1001.01,7246729,424612.0,420733.0,986.2,1012.2,981.3,986.2,120492750,1084.8,887.6,1102.5,649.1,1011.9,378,4,1011.8,734,4,1011.7,65,3,1011.6,61,1,1011.5,778,11,1012.0,4870,49,1012.1,1499,8,1012.2,1437,26,1012.3,1805,21,1012.4,1773,16
317,2025-11-26 13:41:07+05:30,1012.0,7,1001.01,7246729,424612.0,420733.0,986.2,1012.2,981.3,986.2,120492750,1084.8,887.6,1102.5,649.1,1011.9,378,4,1011.8,734,4,1011.7,65,3,1011.6,61,1,1011.5,778,11,1012.0,4870,49,1012.1,1499,8,1012.2,1437,26,1012.3,1805,21,1012.4,1773,16
317,2025-11-26 13:41:08+05:30,1012.0,7,1001.01,7246729,424612.0,420913.0,986.2,1012.2,981.3,986.2,120492750,1084.8,887.6,1102.5,649.1,1011.9,378,4,1011.8,734,4,1011.7,65,3,1011.6,61,1,1011.5,778,11,1012.0,4870,49,1012.1,1499,8,1012.2,1437,26,1012.3,1805,21,1012.4,1773,16
317,2025-11-26 13:41:09+05:30,1012.0,7,1001.01,7246729,424608.0,421052.0,986.2,1012.2,981.3,986.2,120492750,1084.8,887.6,1102.5,649.1,1011.9,378,4,1011.8,734,4,1011.7,112,4,1011.6,61,1,1011.5,727,10,1012.0,4870,49,1012.1,1588,9,1012.2,1624,28,1012.3,1685,20,1012.4,1773,16
317,2025-11-26 13:41:10+05:30,1012.0,1,1001.01,7246729,424608.0,421052.0,986.2,1012.2,981.3,986.2,120492750,1084.8,887.6,1102.5,649.1,1011.9,378,4,1011.8,734,4,1011.7,112,4,1011.6,61,1,1011.5,727,10,1012.0,4870,49,1012.1,1588,9,1012.2,1624,28,1012.3,1685,20,1012.4,1773,16
317,2025-11-26 13:41:10+05:30,1011.9,123,1001.01,7246883,424161.0,421260.0,986.2,1012.2,981.3,986.2,120492750,1084.8,887.6,1102.5,649.1,1011.9,225,3,1011.8,734,4,1011.7,51,3,1011.6,61,1,1011.5,600,9,1012.0,4869,49,1012.1,1803,12,1012.2,1509,28,1012.3,1685,20,1012.4,1773,16
317,2025-11-26 13:41:11+05:30,1012.0,50,1001.01,7246883,424161.0,421260.0,986.2,1012.2,981.3,986.2,120492750,1084.8,887.6,1102.5,649.1,1011.9,225,3,1011.8,734,4,1011.7,51,3,1011.6,61,1,1011.5,600,9,1012.0,4869,49,1012.1,1803,12,1012.2,1509,28,1012.3,1685,20,1012.4,1773,16
317,2025-11-26 13:41:11+05:30,1012.0,1,1001.01,7248087,424390.0,420206.0,986.2,1012.2,981.3,986.2,120492750,1084.8,887.6,1102.5,649.1,1011.9,228,4,1011.8,763,5,1011.7,51,3,1011.6,295,3,1011.5,600,9,1012.0,3665,40,1012.1,1592,9,1012.2,1509,28,1012.3,1695,21,1012.4,1895,18
317,2025-11-26 13:41:12+05:30,1012.0,1,1001.01,7248087,424390.0,420206.0,986.2,1012.2,981.3,986.2,120492750,1084.8,887.6,1102.5,649.1,1011.9,228,4,1011.8,763,5,1011.7,51,3,1011.6,295,3,1011.5,600,9,1012.0,3665,40,1012.1,1592,9,1012.2,1509,28,1012.3,1695,21,1012.4,1895,18
317,2025-11-26 13:41:12+05:30,1012.0,1,1001.01,7248087,425018.0,419716.0,986.2,1012.2,981.3,986.2,120492750,1084.8,887.6,1102.5,649.1,1011.9,228,4,1011.8,763,5,1011.7,51,3,1011.6,173,2,1011.5,600,9,1012.0,3665,40,1012.1,1592,9,1012.2,1519,29,1012.3,1695,21,1012.4,1895,18
317,2025-11-26 13:41:13+05:30,1012.0,23,1001.01,7248087,425018.0,419716.0,986.2,1012.2,981.3,986.2,120492750,1084.8,887.6,1102.5,649.1,1011.9,228,4,1011.8,763,5,1011.7,51,3,1011.6,173,2,1011.5,600,9,1012.0,3665,40,1012.1,1592,9,1012.2,1519,29,1012.3,1695,21,1012.4,1895,18
317,2025-11-26 13:41:13+05:30,1012.0,49,1001.01,7248169,425140.0,420101.0,986.2,1012.2,981.3,986.2,120492750,1084.8,887.6,1102.5,649.1,1011.9,228,4,1011.8,763,5,1011.7,51,3,1011.6,173,2,1011.5,600,9,1012.0,3591,41,1012.1,1503,8,1012.2,1514,28,1012.3,1668,20,1012.4,1895,18
317,2025-11-26 13:41:14+05:30,1012.0,1,1001.01,7248169,425140.0,420101.0,986.2,1012.2,981.3,986.2,120492750,1084.8,887.6,1102.5,649.1,1011.9,228,4,1011.8,763,5,1011.7,51,3,1011.6,173,2,1011.5,600,9,1012.0,3591,41,1012.1,1503,8,1012.2,1514,28,1012.3,1668,20,1012.4,1895,18
317,2025-11-26 13:41:14+05:30,1012.0,2,1001.01,7248251,425061.0,419548.0,986.2,1012.2,981.3,986.2,120492750,1084.8,887.6,1102.5,649.1,1011.9,149,4,1011.8,763,5,1011.7,51,3,1011.6,173,2,1011.5,600,9,1012.0,3588,41,1012.1,1503,8,1012.2,1514,28,1012.3,1693,21,1012.4,1895,18
317,2025-11-26 13:41:15+05:30,1012.0,2,1001.01,7248251,425061.0,419548.0,986.2,1012.2,981.3,986.2,120492750,1084.8,887.6,1102.5,649.1,1011.9,149,4,1011.8,763,5,1011.7,51,3,1011.6,173,2,1011.5,600,9,1012.0,3588,41,1012.1,1503,8,1012.2,1514,28,1012.3,1693,21,1012.4,1895,18
317,2025-11-26 13:41:15+05:30,1011.9,2,1001.01,7248367,425132.0,419334.0,986.2,1012.2,981.3,986.2,120492750,1084.8,887.6,1102.5,649.1,1011.9,147,4,1011.8,763,5,1011.7,114,4,1011.6,238,3,1011.5,626,11,1012.0,3472,32,1012.1,1503,8,1012.2,1433,27,1012.3,1668,19,1012.4,1903,20
317,2025-11-26 13:41:16+05:30,1012.0,1,1001.01,7248367,425132.0,419334.0,986.2,1012.2,981.3,986.2,120492750,1084.8,887.6,1102.5,649.1,1011.9,147,4,1011.8,763,5,1011.7,114,4,1011.6,238,3,1011.5,626,11,1012.0,3472,32,1012.1,1503,8,1012.2,1433,27,1012.3,1668,19,1012.4,1903,20
317,2025-11-26 13:41:16+05:30,1012.0,1,1001.01,7248368,425217.0,419362.0,986.2,1012.2,981.3,986.2,120492750,1084.8,887.6,1102.5,649.1,1011.9,147,4,1011.8,763,5,1011.7,114,4,1011.6,238,3,1011.5,626,11,1012.0,3471,32,1012.1,1503,8,1012.2,1433,27,1012.3,1668,19,1012.4,1903,20
317,2025-11-26 13:41:17+05:30,1012.0,41,1001.01,7248368,425217.0,419362.0,986.2,1012.2,981.3,986.2,120492750,1084.8,887.6,1102.5,649.1,1011.9,147,4,1011.8,763,5,1011.7,114,4,1011.6,238,3,1011.5,626,11,1012.0,3471,32,1012.1,1503,8,1012.2,1433,27,1012.3,1668,19,1012.4,1903,20
317,2025-11-26 13:41:17+05:30,1012.0,41,1001.01,7248417,425217.0,419721.0,986.2,1012.2,981.3,986.2,120492750,1084.8,887.6,1102.5,649.1,1011.9,147,4,1011.8,763,5,1011.7,114,4,1011.6,360,4,1011.5,626,11,1012.0,3422,31,1012.1,1381,7,1012.2,1135,26,1012.3,1966,20,1012.4,1903,20
317,2025-11-26 13:41:18+05:30,1011.9,71,1001.01,7248417,425217.0,419721.0,986.2,1012.2,981.3,986.2,120492750,1084.8,887.6,1102.5,649.1,1011.9,147,4,1011.8,763,5,1011.7,114,4,1011.6,360,4,1011.5,626,11,1012.0,3422,31,1012.1,1381,7,1012.2,1135,26,1012.3,1966,20,1012.4,1903,20
317,2025-11-26 13:41:18+05:30,1011.9,71,1001.01,7248491,425080.0,419942.0,986.2,1012.2,981.3,986.2,120492750,1084.8,887.6,1102.5,649.1,1011.9,64,2,1011.8,763,5,1011.7,51,3,1011.6,369,6,1011.5,626,11,1012.0,3464,31,1012.1,1381,7,1012.2,1433,27,1012.3,1697,20,1012.4,1903,20
317,2025-11-26 13:41:19+05:30,1011.9,1,1001.01,7248491,425080.0,419942.0,986.2,1012.2,981.3,986.2,120492750,1084.8,887.6,1102.5,649.1,1011.9,64,2,1011.8,763,5,1011.7,51,3,1011.6,369,6,1011.5,626,11,1012.0,3464,31,1012.1,1381,7,1012.2,1433,27,1012.3,1697,20,1012.4,1903,20
317,2025-11-26 13:41:19+05:30,1011.9,1,1001.01,7248494,425079.0,420025.0,986.2,1012.2,981.3,986.2,120492750,1084.8,887.6,1102.5,649.1,1011.9,63,2,1011.8,763,5,1011.7,51,3,1011.6,369,6,1011.5,626,11,1012.0,3462,31,1012.1,1381,7,1012.2,1515,28,1012.3,1697,20,1012.4,1903,20
317,2025-11-26 13:41:20+05:30,1012.0,2,1001.01,7248494,425079.0,420025.0,986.2,1012.2,981.3,986.2,120492750,1084.8,887.6,1102.5,649.1,1011.9,63,2,1011.8,763,5,1011.7,51,3,1011.6,369,6,1011.5,626,11,1012.0,3462,31,1012.1,1381,7,1012.2,1515,28,1012.3,1697,20,1012.4,1903,20
317,2025-11-26 13:41:20+05:30,1012.0,16,1001.01,7248566,425079.0,419342.0,986.2,1012.2,981.3,986.2,120492750,1084.8,887.6,1102.5,649.1,1011.9,63,2,1011.8,763,5,1011.7,51,3,1011.6,369,6,1011.5,626,11,1012.0,3395,28,1012.1,1381,7,1012.2,1417,27,1012.3,1697,20,1012.4,1928,21
317,2025-11-26 13:41:22+05:30,1012.0,1,1001.01,7248566,425079.0,419342.0,986.2,1012.2,981.3,986.2,120492750,1084.8,887.6,1102.5,649.1,1011.9,63,2,1011.8,763,5,1011.7,51,3,1011.6,369,6,1011.5,626,11,1012.0,3395,28,1012.1,1381,7,1012.2,1417,27,1012.3,1697,20,1012.4,1928,21
317,2025-11-26 13:41:24+05:30,1012.1,371,1001.01,7248566,425079.0,419342.0,986.2,1012.2,981.3,986.2,120492750,1084.8,887.6,1102.5,649.1,1011.9,63,2,1011.8,763,5,1011.7,51,3,1011.6,369,6,1011.5,626,11,1012.0,3395,28,1012.1,1381,7,1012.2,1417,27,1012.3,1697,20,1012.4,1928,21
317,2025-11-26 13:41:24+05:30,1012.1,25,1001.02,7256571,424332.0,413700.0,986.2,1012.2,981.3,986.2,120492750,1084.8,887.6,1102.5,649.1,1012.0,1074,3,1011.9,341,8,1011.8,1317,12,1011.7,623,7,1011.6,460,8,1012.1,780,6,1012.2,511,20,1012.3,1200,10,1012.4,1980,19,1012.5,2654,36
317,2025-11-26 13:41:26+05:30,1012.3,128,1001.02,7256571,424332.0,413700.0,986.2,1012.2,981.3,986.2,120492750,1084.8,887.6,1102.5,649.1,1012.0,1074,3,1011.9,341,8,1011.8,1317,12,1011.7,623,7,1011.6,460,8,1012.1,780,6,1012.2,511,20,1012.3,1200,10,1012.4,1980,19,1012.5,2654,36
317,2025-11-26 13:41:28+05:30,1012.3,6,1001.02,7256571,424332.0,413700.0,986.2,1012.2,981.3,986.2,120492750,1084.8,887.6,1102.5,649.1,1012.0,1074,3,1011.9,341,8,1011.8,1317,12,1011.7,623,7,1011.6,460,8,1012.1,780,6,1012.2,511,20,1012.3,1200,10,1012.4,1980,19,1012.5,2654,36
317,2025-11-26 13:41:28+05:30,1012.4,101,1001.03,7261366,432953.0,405984.0,986.2,1012.4,981.3,986.2,120492750,1084.8,887.6,1102.5,649.1,1012.3,513,7,1012.2,275,6,1012.1,1218,9,1012.0,1692,15,1011.9,675,9,1012.4,99,1,1012.5,2050,30,1012.6,1228,9,1012.7,319,4,1012.8,1708,15
317,2025-11-26 13:41:30+05:30,1012.4,1,1001.03,7261366,432953.0,405984.0,986.2,1012.4,981.3,986.2,120492750,1084.8,887.6,1102.5,649.1,1012.3,513,7,1012.2,275,6,1012.1,1218,9,1012.0,1692,15,1011.9,675,9,1012.4,99,1,1012.5,2050,30,1012.6,1228,9,1012.7,319,4,1012.8,1708,15
317,2025-11-26 13:41:32+05:30,1012.1,6,1001.03,7261366,432953.0,405984.0,986.2,1012.4,981.3,986.2,120492750,1084.8,887.6,1102.5,649.1,1012.3,513,7,1012.2,275,6,1012.1,1218,9,1012.0,1692,15,1011.9,675,9,1012.4,99,1,1012.5,2050,30,1012.6,1228,9,1012.7,319,4,1012.8,1708,15
317,2025-11-26 13:41:32+05:30,1012.1,6,1001.03,7262476,430331.0,407575.0,986.2,1012.4,981.3,986.2,120492750,1084.8,887.6,1102.5,649.1,1012.3,93,1,1012.2,9,1,1012.1,1042,9,1012.0,1620,10,1011.9,599,7,1012.4,456,3,1012.5,2650,31,1012.6,1391,12,1012.7,1011,10,1012.8,1898,18
317,2025-11-26 13:41:34+05:30,1012.7,5,1001.03,7262476,430331.0,407575.0,986.2,1012.4,981.3,986.2,120492750,1084.8,887.6,1102.5,649.1,1012.3,93,1,1012.2,9,1,1012.1,1042,9,1012.0,1620,10,1011.9,599,7,1012.4,456,3,1012.5,2650,31,1012.6,1391,12,1012.7,1011,10,1012.8,1898,18
317,2025-11-26 13:41:36+05:30,1012.8,17,1001.03,7262476,430331.0,407575.0,986.2,1012.4,981.3,986.2,120492750,1084.8,887.6,1102.5,649.1,1012.3,93,1,1012.2,9,1,1012.1,1042,9,1012.0,1620,10,1011.9,599,7,1012.4,456,3,1012.5,2650,31,1012.6,1391,12,1012.7,1011,10,1012.8,1898,18
317,2025-11-26 13:41:36+05:30,1012.8,17,1001.05,7272351,427959.0,402070.0,986.2,1012.8,981.3,986.2,120492750,1084.8,887.6,1102.5,649.1,1012.7,580,3,1012.6,264,4,1012.5,5,1,1012.4,566,6,1012.3,1088,8,1012.8,373,2,1012.9,519,16,1013.0,9460,55,1013.1,939,14,1013.2,676,11
317,2025-11-26 13:41:38+05:30,1012.7,82,1001.05,7272351,427959.0,402070.0,986.2,1012.8,981.3,986.2,120492750,1084.8,887.6,1102.5,649.1,1012.7,580,3,1012.6,264,4,1012.5,5,1,1012.4,566,6,1012.3,1088,8,1012.8,373,2,1012.9,519,16,1013.0,9460,55,1013.1,939,14,1013.2,676,11
317,2025-11-26 13:41:40+05:30,1012.5,49,1001.06,7279956,418796.0,411058.0,986.2,1012.8,981.3,986.2,120492750,1084.8,887.6,1102.5,649.1,1012.4,28,1,1012.3,4,1,1012.1,850,4,1012.0,1040,4,1011.9,903,12,1012.5,395,3,1012.6,592,6,1012.7,1372,11,1012.8,2760,19,1012.9,1329,32
317,2025-11-26 13:41:40+05:30,1012.3,48,1001.06,7279956,418796.0,411058.0,986.2,1012.8,981.3,986.2,120492750,1084.8,887.6,1102.5,649.1,1012.4,28,1,1012.3,4,1,1012.1,850,4,1012.0,1040,4,1011.9,903,12,1012.5,395,3,1012.6,592,6,1012.7,1372,11,1012.8,2760,19,1012.9,1329,32
317,2025-11-26 13:41:42+05:30,1012.1,49,1001.06,7279956,418796.0,411058.0,986.2,1012.8,981.3,986.2,120492750,1084.8,887.6,1102.5,649.1,1012.4,28,1,1012.3,4,1,1012.1,850,4,1012.0,1040,4,1011.9,903,12,1012.5,395,3,1012.6,592,6,1012.7,1372,11,1012.8,2760,19,1012.9,1329,32
317,2025-11-26 13:41:43+05:30,1011.7,39,1001.07,7289349,414444.0,421235.0,986.2,1012.8,981.3,986.2,120492750,1084.8,887.6,1102.5,649.1,1011.4,135,2,1011.3,295,4,1011.2,822,11,1011.1,1500,11,1011.0,2536,15,1011.7,115,2,1011.8,8,1,1011.9,431,3,1012.0,1225,11,1012.1,1022,8
317,2025-11-26 13:41:44+05:30,1011.2,26,1001.07,7289349,414444.0,421235.0,986.2,1012.8,981.3,986.2,120492750,1084.8,887.6,1102.5,649.1,1011.4,135,2,1011.3,295,4,1011.2,822,11,1011.1,1500,11,1011.0,2536,15,1011.7,115,2,1011.8,8,1,1011.9,431,3,1012.0,1225,11,1012.1,1022,8
317,2025-11-26 13:41:46+05:30,1011.8,1,1001.07,7289349,414444.0,421235.0,986.2,1012.8,981.3,986.2,120492750,1084.8,887.6,1102.5,649.1,1011.4,135,2,1011.3,295,4,1011.2,822,11,1011.1,1500,11,1011.0,2536,15,1011.7,115,2,1011.8,8,1,1011.9,431,3,1012.0,1225,11,1012.1,1022,8
317,2025-11-26 13:41:47+05:30,1011.8,107,1001.08,7292788,417313.0,422493.0,986.2,1012.8,981.3,986.2,120492750,1084.8,887.6,1102.5,649.1,1011.7,1,1,1011.4,967,5,1011.3,363,4,1011.2,584,8,1011.1,733,9,1011.9,1039,10,1012.0,972,10,1012.1,1365,11,1012.2,1932,12,1012.3,869,17
317,2025-11-26 13:41:48+05:30,1011.9,47,1001.08,7292788,417313.0,422493.0,986.2,1012.8,981.3,986.2,120492750,1084.8,887.6,1102.5,649.1,1011.7,1,1,1011.4,967,5,1011.3,363,4,1011.2,584,8,1011.1,733,9,1011.9,1039,10,1012.0,972,10,1012.1,1365,11,1012.2,1932,12,1012.3,869,17
317,2025-11-26 13:41:50+05:30,1011.7,1,1001.08,7292788,417313.0,422493.0,986.2,1012.8,981.3,986.2,120492750,1084.8,887.6,1102.5,649.1,1011.7,1,1,1011.4,967,5,1011.3,363,4,1011.2,584,8,1011.1,733,9,1011.9,1039,10,1012.0,972,10,1012.1,1365,11,1012.2,1932,12,1012.3,869,17
317,2025-11-26 13:41:51+05:30,1011.7,1,1001.08,7294771,416949.0,422198.0,986.2,1012.8,981.3,986.2,120492750,1084.8,887.6,1102.5,649.1,1011.4,967,5,1011.3,613,7,1011.2,446,5,1011.1,744,11,1011.0,1074,11,1011.8,240,3,1011.9,389,5,1012.0,1310,11,1012.1,2148,14,1012.2,966,14
317,2025-11-26 13:41:52+05:30,1011.8,128,1001.08,7294771,416949.0,422198.0,986.2,1012.8,981.3,986.2,120492750,1084.8,887.6,1102.5,649.1,1011.4,967,5,1011.3,613,7,1011.2,446,5,1011.1,744,11,1011.0,1074,11,1011.8,240,3,1011.9,389,5,1012.0,1310,11,1012.1,2148,14,1012.2,966,14
317,2025-11-26 13:41:54+05:30,1011.8,23,1001.08,7294771,416949.0,422198.0,986.2,1012.8,981.3,986.2,120492750,1084.8,887.6,1102.5,649.1,1011.4,967,5,1011.3,613,7,1011.2,446,5,1011.1,744,11,1011.0,1074,11,1011.8,240,3,1011.9,389,5,1012.0,1310,11,1012.1,2148,14,1012.2,966,14
317,2025-11-26 13:41:55+05:30,1011.8,12,1001.08,7295142,417265.0,432838.0,986.2,1012.8,981.3,986.2,120492750,1084.8,887.6,1102.5,649.1,1011.5,253,2,1011.4,1108,8,1011.3,837,10,1011.2,516,7,1011.1,714,10,1011.8,86,2,1011.9,37,1,1012.0,897,7,1012.1,2198,14,1012.2,825,13
317,2025-11-26 13:41:56+05:30,1011.8,2,1001.08,7295142,417265.0,432838.0,986.2,1012.8,981.3,986.2,120492750,1084.8,887.6,1102.5,649.1,1011.5,253,2,1011.4,1108,8,1011.3,837,10,1011.2,516,7,1011.1,714,10,1011.8,86,2,1011.9,37,1,1012.0,897,7,1012.1,2198,14,1012.2,825,13
317,2025-11-26 13:41:58+05:30,1011.5,2,1001.08,7295142,417265.0,432838.0,986.2,1012.8,981.3,986.2,120492750,1084.8,887.6,1102.5,649.1,1011.5,253,2,1011.4,1108,8,1011.3,837,10,1011.2,516,7,1011.1,714,10,1011.8,86,2,1011.9,37,1,1012.0,897,7,1012.1,2198,14,1012.2,825,13
317,2025-11-26 13:41:59+05:30,1011.7,127,1001.08,7295905,418423.0,433314.0,986.2,1012.8,981.3,986.2,120492750,1084.8,887.6,1102.5,649.1,1011.5,119,2,1011.4,1102,8,1011.3,839,10,1011.2,613,8,1011.1,730,11,1011.7,2,1,1011.9,196,2,1012.0,1443,12,1012.1,2150,14,1012.2,1149,14
317,2025-11-26 13:42:00+05:30,1011.7,1,1001.08,7295905,418423.0,433314.0,986.2,1012.8,981.3,986.2,120492750,1084.8,887.6,1102.5,649.1,1011.5,119,2,1011.4,1102,8,1011.3,839,10,1011.2,613,8,1011.1,730,11,1011.7,2,1,1011.9,196,2,1012.0,1443,12,1012.1,2150,14,1012.2,1149,14
317,2025-11-26 13:42:02+05:30,1011.7,1,1001.08,7295905,418423.0,433314.0,986.2,1012.8,981.3,986.2,120492750,1084.8,887.6,1102.5,649.1,1011.5,119,2,1011.4,1102,8,1011.3,839,10,1011.2,613,8,1011.1,730,11,1011.7,2,1,1011.9,196,2,1012.0,1443,12,1012.1,2150,14,1012.2,1149,14
317,2025-11-26 13:42:03+05:30,1011.7,1,1001.08,7296199,419376.0,433930.0,986.2,1012.8,981.3,986.2,120492750,1084.8,887.6,1102.5,649.1,1011.5,301,5,1011.4,1181,8,1011.3,685,7,1011.2,451,5,1011.1,755,12,1011.7,96,1,1011.9,1210,10,1012.0,1866,13,1012.1,2135,13,1012.2,1165,15
317,2025-11-26 13:42:04+05:30,1011.9,5,1001.08,7296199,419376.0,433930.0,986.2,1012.8,981.3,986.2,120492750,1084.8,887.6,1102.5,649.1,1011.5,301,5,1011.4,1181,8,1011.3,685,7,1011.2,451,5,1011.1,755,12,1011.7,96,1,1011.9,1210,10,1012.0,1866,13,1012.1,2135,13,1012.2,1165,15
317,2025-11-26 13:42:06+05:30,1011.8,1,1001.08,7296199,419376.0,433930.0,986.2,1012.8,981.3,986.2,120492750,1084.8,887.6,1102.5,649.1,1011.5,301,5,1011.4,1181,8,1011.3,685,7,1011.2,451,5,1011.1,755,12,1011.7,96,1,1011.9,1210,10,1012.0,1866,13,1012.1,2135,13,1012.2,1165,15
317,2025-11-26 13:42:07+05:30,1011.7,128,1001.09,7297251,419173.0,448274.0,986.2,1012.8,981.3,986.2,120492750,1084.8,887.6,1102.5,649.1,1011.5,914,2,1011.4,844,7,1011.3,168,3,1011.2,446,5,1011.1,900,13,1011.8,517,6,1011.9,919,11,1012.0,2154,15,1012.1,1888,14,1012.2,718,14
317,2025-11-26 13:42:08+05:30,1011.7,128,1001.09,7297251,419173.0,448274.0,986.2,1012.8,981.3,986.2,120492750,1084.8,887.6,1102.5,649.1,1011.5,914,2,1011.4,844,7,1011.3,168,3,1011.2,446,5,1011.1,900,13,1011.8,517,6,1011.9,919,11,1012.0,2154,15,1012.1,1888,14,1012.2,718,14
317,2025-11-26 13:42:10+05:30,1011.4,19,1001.09,7297251,419173.0,448274.0,986.2,1012.8,981.3,986.2,120492750,1084.8,887.6,1102.5,649.1,1011.5,914,2,1011.4,844,7,1011.3,168,3,1011.2,446,5,1011.1,900,13,1011.8,517,6,1011.9,919,11,1012.0,2154,15,1012.1,1888,14,1012.2,718,14
317,2025-11-26 13:42:11+05:30,1011.5,2,1001.1,7304426,415866.0,442812.0,986.2,1012.8,981.3,986.2,120492750,1084.8,887.6,1102.5,649.1,1011.3,2,2,1011.2,9,1,1011.1,101,3,1011.0,859,6,1010.9,541,12,1011.5,88,3,1011.6,926,9,1011.7,1594,9,1011.8,1013,12,1011.9,968,12
317,2025-11-26 13:42:12+05:30,1011.0,87,1001.1,7304426,415866.0,442812.0,986.2,1012.8,981.3,986.2,120492750,1084.8,887.6,1102.5,649.1,1011.3,2,2,1011.2,9,1,1011.1,101,3,1011.0,859,6,1010.9,541,12,1011.5,88,3,1011.6,926,9,1011.7,1594,9,1011.8,1013,12,1011.9,968,12
317,2025-11-26 13:42:14+05:30,1010.8,121,1001.1,7304426,415866.0,442812.0,986.2,1012.8,981.3,986.2,120492750,1084.8,887.6,1102.5,649.1,1011.3,2,2,1011.2,9,1,1011.1,101,3,1011.0,859,6,1010.9,541,12,1011.5,88,3,1011.6,926,9,1011.7,1594,9,1011.8,1013,12,1011.9,968,12
317,2025-11-26 13:42:15+05:30,1011.0,74,1001.1,7307881,418747.0,442053.0,986.2,1012.8,981.3,986.2,120492750,1084.8,887.6,1102.5,649.1,1011.0,804,2,1010.9,336,5,1010.8,599,7,1010.7,707,12,1010.6,950,12,1011.3,87,1,1011.4,147,2,1011.5,1201,7,1011.6,671,12,1011.7,1136,8
317,2025-11-26 13:42:16+05:30,1011.0,22,1001.1,7307881,418747.0,442053.0,986.2,1012.8,981.3,986.2,120492750,1084.8,887.6,1102.5,649.1,1011.0,804,2,1010.9,336,5,1010.8,599,7,1010.7,707,12,1010.6,950,12,1011.3,87,1,1011.4,147,2,1011.5,1201,7,1011.6,671,12,1011.7,1136,8
317,2025-11-26 13:42:18+05:30,1011.4,17,1001.1,7307881,418747.0,442053.0,986.2,1012.8,981.3,986.2,120492750,1084.8,887.6,1102.5,649.1,1011.0,804,2,1010.9,336,5,1010.8,599,7,1010.7,707,12,1010.6,950,12,1011.3,87,1,1011.4,147,2,1011.5,1201,7,1011.6,671,12,1011.7,1136,8
317,2025-11-26 13:42:19+05:30,1011.1,10,1001.1,7310834,417602.0,442935.0,986.2,1012.8,981.3,986.2,120492750,1084.8,887.6,1102.5,649.1,1011.1,9,1,1011.0,9,1,1010.9,1230,6,1010.8,623,8,1010.7,610,9,1011.2,129,1,1011.3,2,2,1011.4,56,1,1011.5,674,8,1011.6,1154,10
317,2025-11-26 13:42:20+05:30,1011.2,1,1001.1,7310834,417602.0,442935.0,986.2,1012.8,981.3,986.2,120492750,1084.8,887.6,1102.5,649.1,1011.1,9,1,1011.0,9,1,1010.9,1230,6,1010.8,623,8,1010.7,610,9,1011.2,129,1,1011.3,2,2,1011.4,56,1,1011.5,674,8,1011.6,1154,10
317,2025-11-26 13:42:20+05:30,1011.2,1,1001.1,7310963,417698.0,443542.0,986.2,1012.8,981.3,986.2,120492750,1084.8,887.6,1102.5,649.1,1011.1,9,1,1011.0,9,1,1010.9,1141,5,1010.8,816,10,1010.7,704,11,1011.2,198,2,1011.3,2,2,1011.5,540,7,1011.6,1247,11,1011.7,2025,16
317,2025-11-26 13:42:21+05:30,1011.2,1,1001.1,7310963,417698.0,443542.0,986.2,1012.8,981.3,986.2,120492750,1084.8,887.6,1102.5,649.1,1011.1,9,1,1011.0,9,1,1010.9,1141,5,1010.8,816,10,1010.7,704,11,1011.2,198,2,1011.3,2,2,1011.5,540,7,1011.6,1247,11,1011.7,2025,16
317,2025-11-26 13:42:21+05:30,1011.2,1,1001.11,7311219,417762.0,443778.0,986.2,1012.8,981.3,986.2,120492750,1084.8,887.6,1102.5,649.1,1011.1,9,1,1011.0,9,1,1010.9,1141,5,1010.8,816,10,1010.7,704,11,1011.2,140,2,1011.3,2,2,1011.5,540,7,1011.6,1247,11,1011.7,2425,17
317,2025-11-26 13:42:22+05:30,1011.2,114,1001.11,7311219,417762.0,443778.0,986.2,1012.8,981.3,986.2,120492750,1084.8,887.6,1102.5,649.1,1011.1,9,1,1011.0,9,1,1010.9,1141,5,1010.8,816,10,1010.7,704,11,1011.2,140,2,1011.3,2,2,1011.5,540,7,1011.6,1247,11,1011.7,2425,17
317,2025-11-26 13:42:22+05:30,1011.2,127,1001.11,7311602,418020.0,443616.0,986.2,1012.8,981.3,986.2,120492750,1084.8,887.6,1102.5,649.1,1011.1,9,1,1011.0,159,2,1010.9,1244,7,1010.8,947,11,1010.7,680,10,1011.2,129,1,1011.3,51,3,1011.5,389,5,1011.6,1069,8,1011.7,2548,18
317,2025-11-26 13:42:23+05:30,1011.2,23,1001.11,7311602,418020.0,443616.0,986.2,1012.8,981.3,986.2,120492750,1084.8,887.6,1102.5,649.1,1011.1,9,1,1011.0,159,2,1010.9,1244,7,1010.8,947,11,1010.7,680,10,1011.2,129,1,1011.3,51,3,1011.5,389,5,1011.6,1069,8,1011.7,2548,18
317,2025-11-26 13:42:23+05:30,1011.1,25,1001.11,7312170,418260.0,429314.0,986.2,1012.8,981.3,986.2,120492750,1084.8,887.6,1102.5,649.1,1011.1,9,1,1011.0,228,3,1010.9,1230,6,1010.8,754,9,1010.7,817,12,1011.2,110,1,1011.3,51,3,1011.5,234,3,1011.6,945,6,1011.7,2533,17
317,2025-11-26 13:42:24+05:30,1011.5,24,1001.11,7312170,418260.0,429314.0,986.2,1012.8,981.3,986.2,120492750,1084.8,887.6,1102.5,649.1,1011.1,9,1,1011.0,228,3,1010.9,1230,6,1010.8,754,9,1010.7,817,12,1011.2,110,1,1011.3,51,3,1011.5,234,3,1011.6,945,6,1011.7,2533,17
317,2025-11-26 13:42:24+05:30,1011.5,150,1001.11,7312777,417828.0,427177.0,986.2,1012.8,981.3,986.2,120492750,1084.8,887.6,1102.5,649.1,1011.2,36,3,1011.1,26,2,1011.0,1157,5,1010.9,437,5,1010.8,845,10,1011.5,371,6,1011.6,535,7,1011.7,1854,11,1011.8,1095,16,1011.9,680,9
317,2025-11-26 13:42:25+05:30,1011.5,2,1001.11,7312777,417828.0,427177.0,986.2,1012.8,981.3,986.2,120492750,1084.8,887.6,1102.5,649.1,1011.2,36,3,1011.1,26,2,1011.0,1157,5,1010.9,437,5,1010.8,845,10,1011.5,371,6,1011.6,535,7,1011.7,1854,11,1011.8,1095,16,1011.9,680,9
317,2025-11-26 13:42:25+05:30,1011.5,11,1001.11,7313117,418068.0,427829.0,986.2,1012.8,981.3,986.2,120492750,1084.8,887.6,1102.5,649.1,1011.2,34,3,1011.1,233,4,1011.0,1240,7,1010.9,507,6,1010.8,850,10,1011.4,1,1,1011.5,349,3,1011.6,1064,7,1011.7,1755,9,1011.8,1095,16
317,2025-11-26 13:42:26+05:30,1011.5,1,1001.11,7313117,418068.0,427829.0,986.2,1012.8,981.3,986.2,120492750,1084.8,887.6,1102.5,649.1,1011.2,34,3,1011.1,233,4,1011.0,1240,7,1010.9,507,6,1010.8,850,10,1011.4,1,1,1011.5,349,3,1011.6,1064,7,1011.7,1755,9,1011.8,1095,16
317,2025-11-26 13:42:26+05:30,1011.5,1,1001.11,7313119,417866.0,428332.0,986.2,1012.8,981.3,986.2,120492750,1084.8,887.6,1102.5,649.1,1011.2,34,3,1011.1,31,3,1011.0,1226,6,1010.9,507,6,1010.8,850,10,1011.5,477,4,1011.6,1352,10,1011.7,1850,11,1011.8,1030,15,1011.9,814,10
317,2025-11-26 13:42:27+05:30,1011.5,127,1001.11,7313246,417881.0,428215.0,986.2,1012.8,981.3,986.2,120492750,1084.8,887.6,1102.5,649.1,1011.2,34,3,1011.1,31,3,1011.0,1279,7,1010.9,473,5,1010.8,875,11,1011.5,227,3,1011.6,1475,11,1011.7,1850,11,1011.8,1030,15,1011.9,814,10
317,2025-11-26 13:42:28+05:30,1011.5,127,1001.11,7313246,417881.0,428215.0,986.2,1012.8,981.3,986.2,120492750,1084.8,887.6,1102.5,649.1,1011.2,34,3,1011.1,31,3,1011.0,1279,7,1010.9,473,5,1010.8,875,11,1011.5,227,3,1011.6,1475,11,1011.7,1850,11,1011.8,1030,15,1011.9,814,10
317,2025-11-26 13:42:28+05:30,1011.5,1,1001.11,7313247,417891.0,428064.0,986.2,1012.8,981.3,986.2,120492750,1084.8,887.6,1102.5,649.1,1011.2,34,3,1011.1,31,3,1011.0,1279,7,1010.9,473,5,1010.8,875,11,1011.5,226,3,1011.6,1383,10,1011.7,1770,10,1011.8,1030,15,1011.9,814,10
317,2025-11-26 13:42:29+05:30,1011.2,9,1001.11,7313247,417891.0,428064.0,986.2,1012.8,981.3,986.2,120492750,1084.8,887.6,1102.5,649.1,1011.2,34,3,1011.1,31,3,1011.0,1279,7,1010.9,473,5,1010.8,875,11,1011.5,226,3,1011.6,1383,10,1011.7,1770,10,1011.8,1030,15,1011.9,814,10
317,2025-11-26 13:42:29+05:30,1011.3,128,1001.11,7314519,416174.0,429358.0,986.2,1012.8,981.3,986.2,120492750,1084.8,887.6,1102.5,649.1,1011.1,17,1,1011.0,237,4,1010.9,860,2,1010.8,258,3,1010.7,618,9,1011.3,306,3,1011.4,443,5,1011.5,740,8,1011.6,543,6,1011.7,2302,15
317,2025-11-26 13:42:30+05:30,1011.3,1,1001.11,7314519,416174.0,429358.0,986.2,1012.8,981.3,986.2,120492750,1084.8,887.6,1102.5,649.1,1011.1,17,1,1011.0,237,4,1010.9,860,2,1010.8,258,3,1010.7,618,9,1011.3,306,3,1011.4,443,5,1011.5,740,8,1011.6,543,6,1011.7,2302,15
317,2025-11-26 13:42:30+05:30,1011.3,4,1001.11,7314586,416491.0,429552.0,986.2,1012.8,981.3,986.2,120492750,1084.8,887.6,1102.5,649.1,1011.1,17,2,1011.0,237,4,1010.9,860,2,1010.8,392,4,1010.7,618,9,1011.3,254,3,1011.4,577,6,1011.5,771,10,1011.6,625,7,1011.7,2315,16
317,2025-11-26 13:42:31+05:30,1011.3,1,1001.11,7314586,416491.0,429552.0,986.2,1012.8,981.3,986.2,120492750,1084.8,887.6,1102.5,649.1,1011.1,17,2,1011.0,237,4,1010.9,860,2,1010.8,392,4,1010.7,618,9,1011.3,254,3,1011.4,577,6,1011.5,771,10,1011.6,625,7,1011.7,2315,16
317,2025-11-26 13:42:31+05:30,1011.3,1,1001.11,7314587,415726.0,430428.0,986.2,1012.8,981.3,986.2,120492750,1084.8,887.6,1102.5,649.1,1011.1,17,2,1011.0,251,5,1010.9,110,1,1010.8,392,4,1010.7,618,9,1011.3,430,5,1011.4,577,6,1011.5,1521,11,1011.6,1165,11,1011.7,2017,15
317,2025-11-26 13:42:32+05:30,1011.3,58,1001.11,7314587,415726.0,430428.0,986.2,1012.8,981.3,986.2,120492750,1084.8,887.6,1102.5,649.1,1011.1,17,2,1011.0,251,5,1010.9,110,1,1010.8,392,4,1010.7,618,9,1011.3,430,5,1011.4,577,6,1011.5,1521,11,1011.6,1165,11,1011.7,2017,15
317,2025-11-26 13:42:32+05:30,1011.3,4,1001.11,7314743,416491.0,430387.0,986.2,1012.8,981.3,986.2,120492750,1084.8,887.6,1102.5,649.1,1011.1,17,2,1011.0,251,5,1010.9,860,2,1010.8,392,4,1010.7,618,9,1011.3,284,3,1011.4,454,5,1011.5,1645,12,1011.6,867,10,1011.7,2325,17
317,2025-11-26 13:42:33+05:30,1011.3,5,1001.11,7314743,416491.0,430387.0,986.2,1012.8,981.3,986.2,120492750,1084.8,887.6,1102.5,649.1,1011.1,17,2,1011.0,251,5,1010.9,860,2,1010.8,392,4,1010.7,618,9,1011.3,284,3,1011.4,454,5,1011.5,1645,12,1011.6,867,10,1011.7,2325,17
317,2025-11-26 13:42:33+05:30,1011.3,127,1001.11,7314875,416573.0,430183.0,986.2,1012.8,981.3,986.2,120492750,1084.8,887.6,1102.5,649.1,1011.1,29,3,1011.0,251,5,1010.9,860,2,1010.8,462,5,1010.7,618,9,1011.3,150,3,1011.4,374,4,1011.5,1655,13,1011.6,867,10,1011.7,2325,17
317,2025-11-26 13:42:34+05:30,1011.1,19,1001.11,7314875,416573.0,430183.0,986.2,1012.8,981.3,986.2,120492750,1084.8,887.6,1102.5,649.1,1011.1,29,3,1011.0,251,5,1010.9,860,2,1010.8,462,5,1010.7,618,9,1011.3,150,3,1011.4,374,4,1011.5,1655,13,1011.6,867,10,1011.7,2325,17
317,2025-11-26 13:42:34+05:30,1011.3,44,1001.11,7315896,416536.0,428203.0,986.2,1012.8,981.3,986.2,120492750,1084.8,887.6,1102.5,649.1,1011.1,9,1,1011.0,251,5,1010.9,1074,4,1010.8,542,7,1010.7,632,9,1011.4,380,5,1011.5,1487,11,1011.6,945,11,1011.7,2281,16,1011.8,767,14
317,2025-11-26 13:42:35+05:30,1011.4,1,1001.11,7315896,416536.0,428203.0,986.2,1012.8,981.3,986.2,120492750,1084.8,887.6,1102.5,649.1,1011.1,9,1,1011.0,251,5,1010.9,1074,4,1010.8,542,7,1010.7,632,9,1011.4,380,5,1011.5,1487,11,1011.6,945,11,1011.7,2281,16,1011.8,767,14
317,2025-11-26 13:42:35+05:30,1011.5,1,1001.11,7316135,417849.0,427869.0,986.2,1012.8,981.3,986.2,120492750,1084.8,887.6,1102.5,649.1,1011.2,112,1,1011.1,10,2,1011.0,1249,9,1010.9,324,3,1010.8,1443,12,1011.5,934,5,1011.6,780,10,1011.7,1862,13,1011.8,1096,17,1011.9,824,11
317,2025-11-26 13:42:36+05:30,1011.5,1,1001.11,7316135,417849.0,427869.0,986.2,1012.8,981.3,986.2,120492750,1084.8,887.6,1102.5,649.1,1011.2,112,1,1011.1,10,2,1011.0,1249,9,1010.9,324,3,1010.8,1443,12,1011.5,934,5,1011.6,780,10,1011.7,1862,13,1011.8,1096,17,1011.9,824,11
317,2025-11-26 13:42:36+05:30,1011.5,42,1001.11,7316262,418367.0,427684.0,986.2,1012.8,981.3,986.2,120492750,1084.8,887.6,1102.5,649.1,1011.2,121,2,1011.1,273,4,1011.0,1318,10,1010.9,464,5,1010.8,1443,12,1011.4,1,1,1011.5,905,4,1011.6,527,7,1011.7,1755,11,1011.8,733,15
317,2025-11-26 13:42:37+05:30,1011.5,42,1001.11,7316262,418367.0,427684.0,986.2,1012.8,981.3,986.2,120492750,1084.8,887.6,1102.5,649.1,1011.2,121,2,1011.1,273,4,1011.0,1318,10,1010.9,464,5,1010.8,1443,12,1011.4,1,1,1011.5,905,4,1011.6,527,7,1011.7,1755,11,1011.8,733,15
317,2025-11-26 13:42:37+05:30,1011.5,19,1001.11,7316282,419979.0,428426.0,986.2,1012.8,981.3,986.2,120492750,1084.8,887.6,1102.5,649.1,1011.2,121,2,1011.1,1067,5,1011.0,843,12,1010.9,534,8,1010.8,1481,12,1011.3,63,1,1011.5,886,4,1011.6,403,6,1011.7,1755,11,1011.8,1335,17
317,2025-11-26 13:42:38+05:30,1011.3,128,1001.11,7316282,419979.0,428426.0,986.2,1012.8,981.3,986.2,120492750,1084.8,887.6,1102.5,649.1,1011.2,121,2,1011.1,1067,5,1011.0,843,12,1010.9,534,8,1010.8,1481,12,1011.3,63,1,1011.5,886,4,1011.6,403,6,1011.7,1755,11,1011.8,1335,17
317,2025-11-26 13:42:38+05:30,1011.3,128,1001.11,7316435,420202.0,428520.0,986.2,1012.8,981.3,986.2,120492750,1084.8,887.6,1102.5,649.1,1011.2,96,2,1011.1,1039,5,1011.0,650,10,1010.9,860,10,1010.8,1435,11,1011.3,63,1,1011.5,886,4,1011.6,483,7,1011.7,1837,12,1011.8,1332,17
317,2025-11-26 13:42:39+05:30,1011.3,1,1001.11,7316435,420202.0,428520.0,986.2,1012.8,981.3,986.2,120492750,1084.8,887.6,1102.5,649.1,1011.2,96,2,1011.1,1039,5,1011.0,650,10,1010.9,860,10,1010.8,1435,11,1011.3,63,1,1011.5,886,4,1011.6,483,7,1011.7,1837,12,1011.8,1332,17
317,2025-11-26 13:42:39+05:30,1011.3,127,1001.11,7317972,419236.0,428172.0,986.2,1012.8,981.3,986.2,120492750,1084.8,887.6,1102.5,649.1,1011.2,14,2,1011.1,1244,8,1011.0,844,12,1010.9,575,7,1010.8,702,11,1011.3,36,1,1011.4,42,1,1011.5,881,3,1011.6,763,4,1011.7,1714,9
317,2025-11-26 13:42:40+05:30,1011.2,4,1001.11,7317972,419236.0,428172.0,986.2,1012.8,981.3,986.2,120492750,1084.8,887.6,1102.5,649.1,1011.2,14,2,1011.1,1244,8,1011.0,844,12,1010.9,575,7,1010.8,702,11,1011.3,36,1,1011.4,42,1,1011.5,881,3,1011.6,763,4,1011.7,1714,9
317,2025-11-26 13:42:40+05:30,1011.2,16,1001.12,7320098,417408.0,429421.0,986.2,1012.8,981.3,986.2,120492750,1084.8,887.6,1102.5,649.1,1011.1,583,3,1011.0,365,7,1010.9,554,3,1010.8,349,6,1010.7,753,10,1011.3,171,3,1011.4,720,7,1011.5,806,11,1011.6,767,10,1011.7,2224,16
317,2025-11-26 13:42:41+05:30,1011.3,38,1001.12,7320098,417408.0,429421.0,986.2,1012.8,981.3,986.2,120492750,1084.8,887.6,1102.5,649.1,1011.1,583,3,1011.0,365,7,1010.9,554,3,1010.8,349,6,1010.7,753,10,1011.3,171,3,1011.4,720,7,1011.5,806,11,1011.6,767,10,1011.7,2224,16
317,2025-11-26 13:42:42+05:30,1011.3,128,1001.12,7320810,418184.0,428707.0,986.2,1012.8,981.3,986.2,120492750,1084.8,887.6,1102.5,649.1,1011.2,56,2,1011.1,613,4,1011.0,314,6,1010.9,688,4,1010.8,759,9,1011.3,42,1,1011.4,212,3,1011.5,792,10,1011.6,1272,9,1011.7,1904,13
317,2025-11-26 13:42:42+05:30,1011.3,128,1001.12,7320810,418184.0,428707.0,986.2,1012.8,981.3,986.2,120492750,1084.8,887.6,1102.5,649.1,1011.2,56,2,1011.1,613,4,1011.0,314,6,1010.9,688,4,1010.8,759,9,1011.3,42,1,1011.4,212,3,1011.5,792,10,1011.6,1272,9,1011.7,1904,13
317,2025-11-26 13:42:42+05:30,1011.3,5,1001.12,7320819,418202.0,428713.0,986.2,1012.8,981.3,986.2,120492750,1084.8,887.6,1102.5,649.1,1011.2,74,3,1011.1,613,4,1011.0,314,6,1010.9,688,4,1010.8,759,9,1011.3,33,1,1011.4,127,2,1011.5,770,10,1011.6,1394,10,1011.7,1904,13
317,2025-11-26 13:42:43+05:30,1011.3,23,1001.12,7320819,418202.0,428713.0,986.2,1012.8,981.3,986.2,120492750,1084.8,887.6,1102.5,649.1,1011.2,74,3,1011.1,613,4,1011.0,314,6,1010.9,688,4,1010.8,759,9,1011.3,33,1,1011.4,127,2,1011.5,770,10,1011.6,1394,10,1011.7,1904,13
317,2025-11-26 13:42:44+05:30,1011.2,2,1001.12,7321410,416794.0,427850.0,986.2,1012.8,981.3,986.2,120492750,1084.8,887.6,1102.5,649.1,1011.1,583,3,1011.0,198,4,1010.9,554,3,1010.8,349,6,1010.7,832,15,1011.3,98,3,1011.4,512,6,1011.5,784,11,1011.6,757,8,1011.7,2204,16
317,2025-11-26 13:42:44+05:30,1011.3,18,1001.12,7321410,416794.0,427850.0,986.2,1012.8,981.3,986.2,120492750,1084.8,887.6,1102.5,649.1,1011.1,583,3,1011.0,198,4,1010.9,554,3,1010.8,349,6,1010.7,832,15,1011.3,98,3,1011.4,512,6,1011.5,784,11,1011.6,757,8,1011.7,2204,16
317,2025-11-26 13:42:45+05:30,1011.4,15,1001.12,7322657,416619.0,427907.0,986.2,1012.8,981.3,986.2,120492750,1084.8,887.6,1102.5,649.1,1011.2,4,1,1011.1,591,4,1011.0,445,7,1010.9,704,5,1010.8,540,7,1011.4,16,1,1011.5,802,10,1011.6,1085,9,1011.7,1927,16,1011.8,979,11
317,2025-11-26 13:42:45+05:30,1011.2,6,1001.12,7322657,416619.0,427907.0,986.2,1012.8,981.3,986.2,120492750,1084.8,887.6,1102.5,649.1,1011.2,4,1,1011.1,591,4,1011.0,445,7,1010.9,704,5,1010.8,540,7,1011.4,16,1,1011.5,802,10,1011.6,1085,9,1011.7,1927,16,1011.8,979,11
317,2025-11-26 13:42:46+05:30,1011.4,54,1001.12,7324334,416135.0,430340.0,986.2,1012.8,981.3,986.2,120492750,1084.8,887.6,1102.5,649.1,1011.2,4,1,1011.1,591,4,1011.0,313,6,1010.9,688,4,1010.8,470,6,1011.4,404,5,1011.5,624,9,1011.6,712,9,1011.7,2037,17,1011.8,597,7
317,2025-11-26 13:42:46+05:30,1011.4,51,1001.12,7324334,416135.0,430340.0,986.2,1012.8,981.3,986.2,120492750,1084.8,887.6,1102.5,649.1,1011.2,4,1,1011.1,591,4,1011.0,313,6,1010.9,688,4,1010.8,470,6,1011.4,404,5,1011.5,624,9,1011.6,712,9,1011.7,2037,17,1011.8,597,7
317,2025-11-26 13:42:47+05:30,1011.4,113,1001.12,7324590,415443.0,429577.0,986.2,1012.8,981.3,986.2,120492750,1084.8,887.6,1102.5,649.1,1011.2,5,2,1011.1,591,4,1011.0,339,7,1010.9,688,4,1010.8,540,7,1011.5,800,10,1011.6,737,10,1011.7,2216,16,1011.8,610,8,1011.9,677,8
317,2025-11-26 13:42:47+05:30,1011.5,33,1001.12,7324590,415443.0,429577.0,986.2,1012.8,981.3,986.2,120492750,1084.8,887.6,1102.5,649.1,1011.2,5,2,1011.1,591,4,1011.0,339,7,1010.9,688,4,1010.8,540,7,1011.5,800,10,1011.6,737,10,1011.7,2216,16,1011.8,610,8,1011.9,677,8
317,2025-11-26 13:42:48+05:30,1011.5,41,1001.12,7325229,415351.0,429813.0,986.2,1012.8,981.3,986.2,120492750,1084.8,887.6,1102.5,649.1,1011.2,5,2,1011.1,679,5,1011.0,449,8,1010.9,717,5,1010.8,540,7,1011.5,1040,5,1011.6,535,7,1011.7,1453,14,1011.8,1373,10,1011.9,677,8
317,2025-11-26 13:42:48+05:30,1011.5,41,1001.12,7325229,415351.0,429813.0,986.2,1012.8,981.3,986.2,120492750,1084.8,887.6,1102.5,649.1,1011.2,5,2,1011.1,679,5,1011.0,449,8,1010.9,717,5,1010.8,540,7,1011.5,1040,5,1011.6,535,7,1011.7,1453,14,1011.8,1373,10,1011.9,677,8
317,2025-11-26 13:42:49+05:30,1011.3,128,1001.13,7326123,417262.0,429972.0,986.2,1012.8,981.3,986.2,120492750,1084.8,887.6,1102.5,649.1,1011.2,5,2,1011.1,591,4,1011.0,348,8,1010.9,955,8,1010.8,716,9,1011.3,129,1,1011.5,756,8,1011.6,823,9,1011.7,1186,11,1011.8,1373,10
317,2025-11-26 13:42:49+05:30,1011.3,128,1001.13,7326123,417262.0,429972.0,986.2,1012.8,981.3,986.2,120492750,1084.8,887.6,1102.5,649.1,1011.2,5,2,1011.1,591,4,1011.0,348,8,1010.9,955,8,1010.8,716,9,1011.3,129,1,1011.5,756,8,1011.6,823,9,1011.7,1186,11,1011.8,1373,10
317,2025-11-26 13:42:50+05:30,1011.3,128,1001.13,7327144,417691.0,429734.0,986.2,1012.8,981.3,986.2,120492750,1084.8,887.6,1102.5,649.1,1011.2,8,3,1011.1,719,6,1011.0,592,10,1010.9,1143,10,1010.8,716,9,1011.3,5,1,1011.5,332,3,1011.6,824,5,1011.7,1151,12,1011.8,1598,10
317,2025-11-26 13:42:50+05:30,1011.3,1,1001.13,7327144,417691.0,429734.0,986.2,1012.8,981.3,986.2,120492750,1084.8,887.6,1102.5,649.1,1011.2,8,3,1011.1,719,6,1011.0,592,10,1010.9,1143,10,1010.8,716,9,1011.3,5,1,1011.5,332,3,1011.6,824,5,1011.7,1151,12,1011.8,1598,10
317,2025-11-26 13:42:51+05:30,1011.2,3,1001.13,7328983,417107.0,430305.0,986.2,1012.8,981.3,986.2,120492750,1084.8,887.6,1102.5,649.1,1011.1,71,4,1011.0,1013,7,1010.9,554,3,1010.8,112,1,1010.7,856,17,1011.2,3,1,1011.4,505,7,1011.5,880,11,1011.6,825,13,1011.7,1542,17
317,2025-11-26 13:42:51+05:30,1011.4,17,1001.13,7328983,417107.0,430305.0,986.2,1012.8,981.3,986.2,120492750,1084.8,887.6,1102.5,649.1,1011.1,71,4,1011.0,1013,7,1010.9,554,3,1010.8,112,1,1010.7,856,17,1011.2,3,1,1011.4,505,7,1011.5,880,11,1011.6,825,13,1011.7,1542,17
317,2025-11-26 13:42:52+05:30,1011.4,125,1001.13,7329841,415943.0,429654.0,986.2,1012.8,981.3,986.2,120492750,1084.8,887.6,1102.5,649.1,1011.1,92,6,1011.0,1128,10,1010.9,634,4,1010.8,600,8,1010.7,959,17,1011.4,21,1,1011.5,674,7,1011.6,723,10,1011.7,1289,17,1011.8,1360,10
317,2025-11-26 13:42:52+05:30,1011.3,4,1001.13,7329841,415943.0,429654.0,986.2,1012.8,981.3,986.2,120492750,1084.8,887.6,1102.5,649.1,1011.1,92,6,1011.0,1128,10,1010.9,634,4,1010.8,600,8,1010.7,959,17,1011.4,21,1,1011.5,674,7,1011.6,723,10,1011.7,1289,17,1011.8,1360,10
317,2025-11-26 13:42:53+05:30,1011.2,3,1001.13,7329841,415943.0,429654.0,986.2,1012.8,981.3,986.2,120492750,1084.8,887.6,1102.5,649.1,1011.1,92,6,1011.0,1128,10,1010.9,634,4,1010.8,600,8,1010.7,959,17,1011.4,21,1,1011.5,674,7,1011.6,723,10,1011.7,1289,17,1011.8,1360,10
317,2025-11-26 13:42:53+05:30,1011.2,3,1001.13,7331517,415794.0,431855.0,986.2,1012.8,981.3,986.2,120492750,1084.8,887.6,1102.5,649.1,1011.2,10,2,1011.1,49,2,1011.0,1004,6,1010.9,634,4,1010.8,345,6,1011.3,12,1,1011.4,398,2,1011.5,884,9,1011.6,714,12,1011.7,1257,15
317,2025-11-26 13:42:54+05:30,1011.5,128,1001.13,7331517,415794.0,431855.0,986.2,1012.8,981.3,986.2,120492750,1084.8,887.6,1102.5,649.1,1011.2,10,2,1011.1,49,2,1011.0,1004,6,1010.9,634,4,1010.8,345,6,1011.3,12,1,1011.4,398,2,1011.5,884,9,1011.6,714,12,1011.7,1257,15
317,2025-11-26 13:42:54+05:30,1011.5,128,1001.13,7331936,416651.0,430386.0,986.2,1012.8,981.3,986.2,120492750,1084.8,887.6,1102.5,649.1,1011.2,9,2,1011.1,49,2,1011.0,1126,8,1010.9,834,6,1010.8,500,8,1011.5,610,7,1011.6,728,12,1011.7,954,13,1011.8,1352,10,1011.9,995,10
317,2025-11-26 13:42:55+05:30,1011.2,3,1001.13,7331936,416651.0,430386.0,986.2,1012.8,981.3,986.2,120492750,1084.8,887.6,1102.5,649.1,1011.2,9,2,1011.1,49,2,1011.0,1126,8,1010.9,834,6,1010.8,500,8,1011.5,610,7,1011.6,728,12,1011.7,954,13,1011.8,1352,10,1011.9,995,10
317,2025-11-26 13:42:55+05:30,1011.2,12,1001.14,7332887,417173.0,433406.0,986.2,1012.8,981.3,986.2,120492750,1084.8,887.6,1102.5,649.1,1011.1,24,2,1011.0,1004,6,1010.9,634,4,1010.8,432,7,1010.7,885,15,1011.2,4,1,1011.3,118,4,1011.4,1047,6,1011.5,926,9,1011.6,1204,12
317,2025-11-26 13:42:56+05:30,1011.3,50,1001.14,7332887,417173.0,433406.0,986.2,1012.8,981.3,986.2,120492750,1084.8,887.6,1102.5,649.1,1011.1,24,2,1011.0,1004,6,1010.9,634,4,1010.8,432,7,1010.7,885,15,1011.2,4,1,1011.3,118,4,1011.4,1047,6,1011.5,926,9,1011.6,1204,12
317,2025-11-26 13:42:56+05:30,1011.3,78,1001.14,7334757,414740.0,431222.0,986.2,1012.8,981.3,986.2,120492750,1084.8,887.6,1102.5,649.1,1011.0,39,1,1010.9,549,3,1010.8,230,9,1010.7,884,12,1010.6,622,10,1011.3,44,1,1011.4,398,6,1011.5,852,11,1011.6,1523,15,1011.7,1292,16
317,2025-11-26 13:42:57+05:30,1011.5,58,1001.14,7334757,414740.0,431222.0,986.2,1012.8,981.3,986.2,120492750,1084.8,887.6,1102.5,649.1,1011.0,39,1,1010.9,549,3,1010.8,230,9,1010.7,884,12,1010.6,622,10,1011.3,44,1,1011.4,398,6,1011.5,852,11,1011.6,1523,15,1011.7,1292,16
317,2025-11-26 13:42:57+05:30,1011.5,58,1001.14,7335161,415338.0,432145.0,986.2,1012.8,981.3,986.2,120492750,1084.8,887.6,1102.5,649.1,1011.0,773,2,1010.9,778,6,1010.8,522,12,1010.7,994,13,1010.6,952,11,1011.5,1160,10,1011.6,1524,15,1011.7,1261,13,1011.8,1013,10,1011.9,697,9
317,2025-11-26 13:42:58+05:30,1011.5,113,1001.14,7335161,415338.0,432145.0,986.2,1012.8,981.3,986.2,120492750,1084.8,887.6,1102.5,649.1,1011.0,773,2,1010.9,778,6,1010.8,522,12,1010.7,994,13,1010.6,952,11,1011.5,1160,10,1011.6,1524,15,1011.7,1261,13,1011.8,1013,10,1011.9,697,9
317,2025-11-26 13:42:58+05:30,1011.5,18,1001.14,7335672,415268.0,431999.0,986.2,1012.8,981.3,986.2,120492750,1084.8,887.6,1102.5,649.1,1011.0,839,3,1010.9,862,7,1010.8,522,12,1010.7,943,12,1010.6,952,11,1011.5,826,7,1011.6,1465,14,1011.7,1265,14,1011.8,1013,10,1011.9,697,9
317,2025-11-26 13:42:59+05:30,1011.2,127,1001.14,7335672,415268.0,431999.0,986.2,1012.8,981.3,986.2,120492750,1084.8,887.6,1102.5,649.1,1011.0,839,3,1010.9,862,7,1010.8,522,12,1010.7,943,12,1010.6,952,11,1011.5,826,7,1011.6,1465,14,1011.7,1265,14,1011.8,1013,10,1011.9,697,9
317,2025-11-26 13:42:59+05:30,1011.2,1,1001.14,7336491,416709.0,433742.0,986.2,1012.8,981.3,986.2,120492750,1084.8,887.6,1102.5,649.1,1011.0,745,3,1010.9,732,6,1010.8,816,15,1010.7,718,9,1010.6,841,7,1011.2,360,2,1011.4,699,4,1011.5,1035,7,1011.6,1448,11,1011.7,1348,16
317,2025-11-26 13:43:00+05:30,1011.2,2,1001.14,7336491,416709.0,433742.0,986.2,1012.8,981.3,986.2,120492750,1084.8,887.6,1102.5,649.1,1011.0,745,3,1010.9,732,6,1010.8,816,15,1010.7,718,9,1010.6,841,7,1011.2,360,2,1011.4,699,4,1011.5,1035,7,1011.6,1448,11,1011.7,1348,16
317,2025-11-26 13:43:00+05:30,1011.2,5,1001.14,7336634,417254.0,433481.0,986.2,1012.8,981.3,986.2,120492750,1084.8,887.6,1102.5,649.1,1011.0,737,3,1010.9,1034,9,1010.8,706,14,1010.7,771,10,1010.6,993,9,1011.2,354,2,1011.5,1035,7,1011.6,1448,11,1011.7,1348,16,1011.8,1070,10
317,2025-11-26 13:43:01+05:30,1011.0,6,1001.14,7336634,417254.0,433481.0,986.2,1012.8,981.3,986.2,120492750,1084.8,887.6,1102.5,649.1,1011.0,737,3,1010.9,1034,9,1010.8,706,14,1010.7,771,10,1010.6,993,9,1011.2,354,2,1011.5,1035,7,1011.6,1448,11,1011.7,1348,16,1011.8,1070,10
317,2025-11-26 13:43:01+05:30,1011.2,42,1001.14,7337152,417141.0,433214.0,986.2,1012.8,981.3,986.2,120492750,1084.8,887.6,1102.5,649.1,1011.0,731,3,1010.9,845,6,1010.8,810,15,1010.7,786,11,1010.6,986,9,1011.2,87,1,1011.5,1035,7,1011.6,1448,11,1011.7,1348,16,1011.8,1070,10
317,2025-11-26 13:43:02+05:30,1011.2,127,1001.14,7337152,417141.0,433214.0,986.2,1012.8,981.3,986.2,120492750,1084.8,887.6,1102.5,649.1,1011.0,731,3,1010.9,845,6,1010.8,810,15,1010.7,786,11,1010.6,986,9,1011.2,87,1,1011.5,1035,7,1011.6,1448,11,1011.7,1348,16,1011.8,1070,10
317,2025-11-26 13:43:02+05:30,1011.2,127,1001.14,7337578,417681.0,434228.0,986.2,1012.8,981.3,986.2,120492750,1084.8,887.6,1102.5,649.1,1011.0,751,4,1010.9,917,7,1010.8,914,16,1010.7,759,10,1010.6,998,9,1011.2,2,1,1011.4,655,3,1011.5,1114,7,1011.6,1380,10,1011.7,1345,17
317,2025-11-26 13:43:03+05:30,1011.2,23,1001.14,7337578,417681.0,434228.0,986.2,1012.8,981.3,986.2,120492750,1084.8,887.6,1102.5,649.1,1011.0,751,4,1010.9,917,7,1010.8,914,16,1010.7,759,10,1010.6,998,9,1011.2,2,1,1011.4,655,3,1011.5,1114,7,1011.6,1380,10,1011.7,1345,17
317,2025-11-26 13:43:03+05:30,1011.2,128,1001.14,7337865,417634.0,432305.0,986.2,1012.8,981.3,986.2,120492750,1084.8,887.6,1102.5,649.1,1011.1,5,1,1011.0,1081,7,1010.9,1021,8,1010.8,779,16,1010.7,759,10,1011.2,50,1,1011.5,706,2,1011.6,1331,8,1011.7,1266,12,1011.8,1015,10
317,2025-11-26 13:43:04+05:30,1011.4,193,1001.14,7337865,417634.0,432305.0,986.2,1012.8,981.3,986.2,120492750,1084.8,887.6,1102.5,649.1,1011.1,5,1,1011.0,1081,7,1010.9,1021,8,1010.8,779,16,1010.7,759,10,1011.2,50,1,1011.5,706,2,1011.6,1331,8,1011.7,1266,12,1011.8,1015,10
317,2025-11-26 13:43:04+05:30,1011.4,193,1001.14,7338215,415533.0,432301.0,986.2,1012.8,981.3,986.2,120492750,1084.8,887.6,1102.5,649.1,1011.1,5,1,1011.0,864,5,1010.9,810,7,1010.8,727,15,1010.7,913,11,1011.4,319,5,1011.5,1430,12,1011.6,1535,14,1011.7,1322,16,1011.8,745,11
317,2025-11-26 13:43:05+05:30,1011.4,2,1001.14,7338215,415533.0,432301.0,986.2,1012.8,981.3,986.2,120492750,1084.8,887.6,1102.5,649.1,1011.1,5,1,1011.0,864,5,1010.9,810,7,1010.8,727,15,1010.7,913,11,1011.4,319,5,1011.5,1430,12,1011.6,1535,14,1011.7,1322,16,1011.8,745,11
317,2025-11-26 13:43:05+05:30,1011.4,2,1001.14,7338327,415984.0,431890.0,986.2,1012.8,981.3,986.2,120492750,1084.8,887.6,1102.5,649.1,1011.1,14,2,1011.0,1010,6,1010.9,810,7,1010.8,751,15,1010.7,913,11,1011.4,106,1,1011.5,1264,9,1011.6,1668,15,1011.7,1297,14,1011.8,727,9
317,2025-11-26 13:43:06+05:30,1011.4,1,1001.14,7338327,415984.0,431890.0,986.2,1012.8,981.3,986.2,120492750,1084.8,887.6,1102.5,649.1,1011.1,14,2,1011.0,1010,6,1010.9,810,7,1010.8,751,15,1010.7,913,11,1011.4,106,1,1011.5,1264,9,1011.6,1668,15,1011.7,1297,14,1011.8,727,9
317,2025-11-26 13:43:06+05:30,1011.4,1,1001.14,7338468,416119.0,432127.0,986.2,1012.8,981.3,986.2,120492750,1084.8,887.6,1102.5,649.1,1011.1,12,2,1011.0,864,5,1010.9,810,7,1010.8,752,15,1010.7,914,11,1011.4,257,2,1011.5,1237,9,1011.6,1609,15,1011.7,1297,14,1011.8,727,9
317,2025-11-26 13:43:07+05:30,1011.4,127,1001.14,7338468,416119.0,432127.0,986.2,1012.8,981.3,986.2,120492750,1084.8,887.6,1102.5,649.1,1011.1,12,2,1011.0,864,5,1010.9,810,7,1010.8,752,15,1010.7,914,11,1011.4,257,2,1011.5,1237,9,1011.6,1609,15,1011.7,1297,14,1011.8,727,9
317,2025-11-26 13:43:07+05:30,1011.4,127,1001.14,7338723,415267.0,431911.0,986.2,1012.8,981.3,986.2,120492750,1084.8,887.6,1102.5,649.1,1011.1,11,2,1011.0,1119,8,1010.9,992,10,1010.8,752,15,1010.7,836,11,1011.4,110,2,1011.5,969,6,1011.6,1609,15,1011.7,1297,14,1011.8,727,9
317,2025-11-26 13:43:08+05:30,1011.4,128,1001.14,7338723,415267.0,431911.0,986.2,1012.8,981.3,986.2,120492750,1084.8,887.6,1102.5,649.1,1011.1,11,2,1011.0,1119,8,1010.9,992,10,1010.8,752,15,1010.7,836,11,1011.4,110,2,1011.5,969,6,1011.6,1609,15,1011.7,1297,14,1011.8,727,9
317,2025-11-26 13:43:08+05:30,1011.4,16,1001.14,7339230,415547.0,431653.0,986.2,1012.8,981.3,986.2,120492750,1084.8,887.6,1102.5,649.1,1011.1,10,2,1011.0,930,8,1010.9,889,9,1010.8,886,15,1010.7,872,11,1011.5,966,6,1011.6,1595,15,1011.7,1209,15,1011.8,667,9,1011.9,828,10
317,2025-11-26 13:43:09+05:30,1011.4,16,1001.14,7339230,415547.0,431653.0,986.2,1012.8,981.3,986.2,120492750,1084.8,887.6,1102.5,649.1,1011.1,10,2,1011.0,930,8,1010.9,889,9,1010.8,886,15,1010.7,872,11,1011.5,966,6,1011.6,1595,15,1011.7,1209,15,1011.8,667,9,1011.9,828,10
317,2025-11-26 13:43:09+05:30,1011.4,16,1001.14,7339230,416740.0,432695.0,986.2,1012.8,981.3,986.2,120492750,1084.8,887.6,1102.5,649.1,1011.1,19,3,1011.0,928,8,1010.9,1125,12,1010.8,755,15,1010.7,842,10,1011.2,129,1,1011.3,41,1,1011.5,886,4,1011.6,1491,14,1011.7,1313,16
317,2025-11-26 13:43:10+05:30,1011.2,1,1001.14,7339230,416740.0,432695.0,986.2,1012.8,981.3,986.2,120492750,1084.8,887.6,1102.5,649.1,1011.1,19,3,1011.0,928,8,1010.9,1125,12,1010.8,755,15,1010.7,842,10,1011.2,129,1,1011.3,41,1,1011.5,886,4,1011.6,1491,14,1011.7,1313,16
317,2025-11-26 13:43:10+05:30,1011.2,1,1001.14,7339241,416530.0,432670.0,986.2,1012.8,981.3,986.2,120492750,1084.8,887.6,1102.5,649.1,1011.1,19,3,1011.0,928,8,1010.9,1125,12,1010.8,755,15,1010.7,842,10,1011.2,119,2,1011.3,41,1,1011.4,7,1,1011.5,880,3,1011.6,1491,14
317,2025-11-26 13:43:11+05:30,1011.2,2,1001.14,7339241,416530.0,432670.0,986.2,1012.8,981.3,986.2,120492750,1084.8,887.6,1102.5,649.1,1011.1,19,3,1011.0,928,8,1010.9,1125,12,1010.8,755,15,1010.7,842,10,1011.2,119,2,1011.3,41,1,1011.4,7,1,1011.5,880,3,1011.6,1491,14
317,2025-11-26 13:43:11+05:30,1011.2,2,1001.14,7339243,416887.0,432454.0,986.2,1012.8,981.3,986.2,120492750,1084.8,887.6,1102.5,649.1,1011.1,98,4,1011.0,1124,10,1010.9,1119,12,1010.8,755,15,1010.7,932,11,1011.2,117,2,1011.3,41,1,1011.4,407,2,1011.5,800,2,1011.6,1357,13
317,2025-11-26 13:43:12+05:30,1011.2,2,1001.14,7339243,416667.0,433253.0,986.2,1012.8,981.3,986.2,120492750,1084.8,887.6,1102.5,649.1,1011.1,19,3,1011.0,992,9,1010.9,1119,12,1010.8,755,15,1010.7,828,10,1011.2,185,3,1011.3,41,1,1011.4,407,2,1011.5,800,2,1011.6,1357,13
317,2025-11-26 13:43:13+05:30,1011.2,23,1001.14,7339243,416667.0,433253.0,986.2,1012.8,981.3,986.2,120492750,1084.8,887.6,1102.5,649.1,1011.1,19,3,1011.0,992,9,1010.9,1119,12,1010.8,755,15,1010.7,828,10,1011.2,185,3,1011.3,41,1,1011.4,407,2,1011.5,800,2,1011.6,1357,13
317,2025-11-26 13:43:13+05:30,1011.1,2,1001.14,7339280,415661.0,433226.0,986.2,1012.8,981.3,986.2,120492750,1084.8,887.6,1102.5,649.1,1011.1,17,3,1011.0,888,8,1010.9,1217,13,1010.8,755,15,1010.7,928,11,1011.2,158,4,1011.3,41,1,1011.4,407,2,1011.5,800,2,1011.6,1357,13
317,2025-11-26 13:43:14+05:30,1011.2,5,1001.14,7339280,415661.0,433226.0,986.2,1012.8,981.3,986.2,120492750,1084.8,887.6,1102.5,649.1,1011.1,17,3,1011.0,888,8,1010.9,1217,13,1010.8,755,15,1010.7,928,11,1011.2,158,4,1011.3,41,1,1011.4,407,2,1011.5,800,2,1011.6,1357,13
317,2025-11-26 13:43:14+05:30,1011.2,3,1001.15,7340701,416112.0,432277.0,986.2,1012.8,981.3,986.2,120492750,1084.8,887.6,1102.5,649.1,1011.1,158,4,1011.0,1303,13,1010.9,997,11,1010.8,681,13,1010.7,904,13,1011.2,68,2,1011.3,41,1,1011.4,407,2,1011.5,800,2,1011.6,1147,7
317,2025-11-26 13:43:15+05:30,1011.2,2,1001.15,7340701,416112.0,432277.0,986.2,1012.8,981.3,986.2,120492750,1084.8,887.6,1102.5,649.1,1011.1,158,4,1011.0,1303,13,1010.9,997,11,1010.8,681,13,1010.7,904,13,1011.2,68,2,1011.3,41,1,1011.4,407,2,1011.5,800,2,1011.6,1147,7
317,2025-11-26 13:43:15+05:30,1011.1,23,1001.15,7340838,415778.0,431869.0,986.2,1012.8,981.3,986.2,120492750,1084.8,887.6,1102.5,649.1,1011.1,14,2,1011.0,1056,9,1010.9,1045,11,1010.8,681,13,1010.7,904,13,1011.2,125,3,1011.3,41,1,1011.4,407,2,1011.5,800,2,1011.6,1147,7
317,2025-11-26 13:43:16+05:30,1011.2,1,1001.15,7340838,415778.0,431869.0,986.2,1012.8,981.3,986.2,120492750,1084.8,887.6,1102.5,649.1,1011.1,14,2,1011.0,1056,9,1010.9,1045,11,1010.8,681,13,1010.7,904,13,1011.2,125,3,1011.3,41,1,1011.4,407,2,1011.5,800,2,1011.6,1147,7
317,2025-11-26 13:43:16+05:30,1011.2,1,1001.15,7341087,415428.0,432540.0,986.2,1012.8,981.3,986.2,120492750,1084.8,887.6,1102.5,649.1,1011.1,9,1,1011.0,776,7,1010.9,948,10,1010.8,602,8,1010.7,970,17,1011.2,97,2,1011.3,41,1,1011.4,407,2,1011.5,951,4,1011.6,1198,8
317,2025-11-26 13:43:17+05:30,1011.1,5,1001.15,7341087,415428.0,432540.0,986.2,1012.8,981.3,986.2,120492750,1084.8,887.6,1102.5,649.1,1011.1,9,1,1011.0,776,7,1010.9,948,10,1010.8,602,8,1010.7,970,17,1011.2,97,2,1011.3,41,1,1011.4,407,2,1011.5,951,4,1011.6,1198,8
317,2025-11-26 13:43:17+05:30,1011.1,6,1001.15,7341323,414564.0,433769.0,986.2,1012.8,981.3,986.2,120492750,1084.8,887.6,1102.5,649.1,1011.1,9,2,1011.0,678,6,1010.9,482,4,1010.8,480,6,1010.7,892,17,1011.2,227,2,1011.3,128,3,1011.4,907,8,1011.5,1306,10,1011.6,1563,13
317,2025-11-26 13:43:18+05:30,1011.1,6,1001.15,7341323,414564.0,433769.0,986.2,1012.8,981.3,986.2,120492750,1084.8,887.6,1102.5,649.1,1011.1,9,2,1011.0,678,6,1010.9,482,4,1010.8,480,6,1010.7,892,17,1011.2,227,2,1011.3,128,3,1011.4,907,8,1011.5,1306,10,1011.6,1563,13
317,2025-11-26 13:43:18+05:30,1011.1,3,1001.15,7341499,416273.0,433895.0,986.2,1012.8,981.3,986.2,120492750,1084.8,887.6,1102.5,649.1,1011.0,682,7,1010.9,678,6,1010.8,474,6,1010.7,892,17,1010.6,742,11,1011.1,126,1,1011.2,349,3,1011.3,71,2,1011.4,798,7,1011.5,1389,10
317,2025-11-26 13:43:19+05:30,1011.1,3,1001.15,7341499,416273.0,433895.0,986.2,1012.8,981.3,986.2,120492750,1084.8,887.6,1102.5,649.1,1011.0,682,7,1010.9,678,6,1010.8,474,6,1010.7,892,17,1010.6,742,11,1011.1,126,1,1011.2,349,3,1011.3,71,2,1011.4,798,7,1011.5,1389,10
317,2025-11-26 13:43:19+05:30,1011.1,3,1001.15,7341499,416258.0,433911.0,986.2,1012.8,981.3,986.2,120492750,1084.8,887.6,1102.5,649.1,1011.0,682,7,1010.9,678,6,1010.8,376,5,1010.7,990,18,1010.6,727,11,1011.1,126,1,1011.2,350,4,1011.3,71,2,1011.4,798,7,1011.5,1389,10
317,2025-11-26 13:43:20+05:30,1011.1,1,1001.15,7341499,416258.0,433911.0,986.2,1012.8,981.3,986.2,120492750,1084.8,887.6,1102.5,649.1,1011.0,682,7,1010.9,678,6,1010.8,376,5,1010.7,990,18,1010.6,727,11,1011.1,126,1,1011.2,350,4,1011.3,71,2,1011.4,798,7,1011.5,1389,10
317,2025-11-26 13:43:21+05:30,1011.1,1,1001.15,7341501,415421.0,434624.0,986.2,1012.8,981.3,986.2,120492750,1084.8,887.6,1102.5,649.1,1011.0,682,7,1010.9,678,6,1010.8,376,5,1010.7,990,18,1010.6,727,11,1011.1,124,1,1011.2,350,4,1011.3,71,2,1011.4,741,6,1011.5,1410,11
317,2025-11-26 13:43:21+05:30,1011.1,1,1001.15,7341501,415421.0,434624.0,986.2,1012.8,981.3,986.2,120492750,1084.8,887.6,1102.5,649.1,1011.0,682,7,1010.9,678,6,1010.8,376,5,1010.7,990,18,1010.6,727,11,1011.1,124,1,1011.2,350,4,1011.3,71,2,1011.4,741,6,1011.5,1410,11
317,2025-11-26 13:43:22+05:30,1011.1,5,1001.15,7341506,415536.0,434794.0,986.2,1012.8,981.3,986.2,120492750,1084.8,887.6,1102.5,649.1,1011.0,682,7,1010.9,628,5,1010.8,417,5,1010.7,892,17,1010.6,753,12,1011.1,119,1,1011.2,389,5,1011.3,35,2,1011.4,1302,7,1011.5,1401,11
317,2025-11-26 13:43:22+05:30,1011.1,5,1001.15,7341506,415536.0,434794.0,986.2,1012.8,981.3,986.2,120492750,1084.8,887.6,1102.5,649.1,1011.0,682,7,1010.9,628,5,1010.8,417,5,1010.7,892,17,1010.6,753,12,1011.1,119,1,1011.2,389,5,1011.3,35,2,1011.4,1302,7,1011.5,1401,11
317,2025-11-26 13:43:23+05:30,1011.1,4,1001.15,7341835,415951.0,434798.0,986.2,1012.8,981.3,986.2,120492750,1084.8,887.6,1102.5,649.1,1011.0,770,8,1010.9,637,6,1010.8,586,7,1010.7,979,18,1010.6,955,13,1011.1,98,1,1011.2,389,5,1011.4,1234,7,1011.5,1388,9,1011.6,1631,12
317,2025-11-26 13:43:23+05:30,1011.1,4,1001.15,7341835,415951.0,434798.0,986.2,1012.8,981.3,986.2,120492750,1084.8,887.6,1102.5,649.1,1011.0,770,8,1010.9,637,6,1010.8,586,7,1010.7,979,18,1010.6,955,13,1011.1,98,1,1011.2,389,5,1011.4,1234,7,1011.5,1388,9,1011.6,1631,12
317,2025-11-26 13:43:24+05:30,1011.1,17,1001.15,7342828,413950.0,435016.0,986.2,1012.8,981.3,986.2,120492750,1084.8,887.6,1102.5,649.1,1011.0,803,5,1010.9,573,5,1010.8,327,4,1010.7,951,16,1010.6,739,11,1011.2,389,5,1011.3,291,4,1011.4,1004,11,1011.5,1285,9,1011.6,2231,14
317,2025-11-26 13:43:24+05:30,1011.1,17,1001.15,7342828,413950.0,435016.0,986.2,1012.8,981.3,986.2,120492750,1084.8,887.6,1102.5,649.1,1011.0,803,5,1010.9,573,5,1010.8,327,4,1010.7,951,16,1010.6,739,11,1011.2,389,5,1011.3,291,4,1011.4,1004,11,1011.5,1285,9,1011.6,2231,14
317,2025-11-26 13:43:25+05:30,1011.1,50,1001.15,7342878,414274.0,434119.0,986.2,1012.8,981.3,986.2,120492750,1084.8,887.6,1102.5,649.1,1011.1,1,1,1011.0,803,5,1010.9,625,6,1010.8,540,7,1010.7,981,17,1011.2,389,5,1011.4,765,7,1011.5,1411,10,1011.6,1631,12,1011.7,726,15
317,2025-11-26 13:43:25+05:30,1011.1,50,1001.15,7342878,414274.0,434119.0,986.2,1012.8,981.3,986.2,120492750,1084.8,887.6,1102.5,649.1,1011.1,1,1,1011.0,803,5,1010.9,625,6,1010.8,540,7,1010.7,981,17,1011.2,389,5,1011.4,765,7,1011.5,1411,10,1011.6,1631,12,1011.7,726,15
317,2025-11-26 13:43:26+05:30,1011.1,1,1001.15,7342910,414575.0,434149.0,986.2,1012.8,981.3,986.2,120492750,1084.8,887.6,1102.5,649.1,1011.0,779,3,1010.9,601,7,1010.8,526,6,1010.7,1009,19,1010.6,1053,11,1011.2,557,6,1011.3,118,2,1011.4,830,8,1011.5,1356,12,1011.6,1615,11
317,2025-11-26 13:43:26+05:30,1011.1,1,1001.15,7342910,414575.0,434149.0,986.2,1012.8,981.3,986.2,120492750,1084.8,887.6,1102.5,649.1,1011.0,779,3,1010.9,601,7,1010.8,526,6,1010.7,1009,19,1010.6,1053,11,1011.2,557,6,1011.3,118,2,1011.4,830,8,1011.5,1356,12,1011.6,1615,11
317,2025-11-26 13:43:27+05:30,1011.2,1,1001.15,7342911,415948.0,434795.0,986.2,1012.8,981.3,986.2,120492750,1084.8,887.6,1102.5,649.1,1011.0,779,3,1010.9,601,7,1010.8,380,5,1010.7,1009,19,1010.6,1067,12,1011.1,440,2,1011.2,556,6,1011.4,1005,9,1011.5,1469,13,1011.6,1615,11
317,2025-11-26 13:43:27+05:30,1011.2,1,1001.15,7342911,415948.0,434795.0,986.2,1012.8,981.3,986.2,120492750,1084.8,887.6,1102.5,649.1,1011.0,779,3,1010.9,601,7,1010.8,380,5,1010.7,1009,19,1010.6,1067,12,1011.1,440,2,1011.2,556,6,1011.4,1005,9,1011.5,1469,13,1011.6,1615,11
317,2025-11-26 13:43:28+05:30,1011.2,1,1001.15,7342911,416206.0,434789.0,986.2,1012.8,981.3,986.2,120492750,1084.8,887.6,1102.5,649.1,1011.0,800,4,1010.9,601,7,1010.8,617,7,1010.7,1009,19,1010.6,1067,12,1011.1,440,2,1011.2,556,6,1011.4,914,8,1011.5,1560,14,1011.6,1615,11
317,2025-11-26 13:43:29+05:30,1011.0,2,1001.15,7344604,409917.0,437029.0,986.2,1012.8,981.3,986.2,120492750,1084.8,887.6,1102.5,649.1,1011.0,14,2,1010.9,442,4,1010.7,217,4,1010.6,290,3,1010.5,610,9,1011.1,633,6,1011.2,964,14,1011.3,631,9,1011.4,1430,13,1011.5,1919,19
317,2025-11-26 13:43:29+05:30,1011.0,2,1001.15,7344604,409917.0,437029.0,986.2,1012.8,981.3,986.2,120492750,1084.8,887.6,1102.5,649.1,1011.0,14,2,1010.9,442,4,1010.7,217,4,1010.6,290,3,1010.5,610,9,1011.1,633,6,1011.2,964,14,1011.3,631,9,1011.4,1430,13,1011.5,1919,19
317,2025-11-26 13:43:30+05:30,1011.0,2,1001.15,7344604,409305.0,436859.0,986.2,1012.8,981.3,986.2,120492750,1084.8,887.6,1102.5,649.1,1011.0,14,2,1010.9,438,3,1010.7,217,4,1010.6,446,5,1010.5,684,11,1011.1,504,4,1011.2,1102,15,1011.3,631,9,1011.4,1452,14,1011.5,2443,20
317,2025-11-26 13:43:30+05:30,1011.1,24,1001.15,7344604,409305.0,436859.0,986.2,1012.8,981.3,986.2,120492750,1084.8,887.6,1102.5,649.1,1011.0,14,2,1010.9,438,3,1010.7,217,4,1010.6,446,5,1010.5,684,11,1011.1,504,4,1011.2,1102,15,1011.3,631,9,1011.4,1452,14,1011.5,2443,20
317,2025-11-26 13:43:31+05:30,1011.1,1,1001.15,7344785,409588.0,437079.0,986.2,1012.8,981.3,986.2,120492750,1084.8,887.6,1102.5,649.1,1010.9,438,3,1010.7,217,4,1010.6,233,3,1010.5,671,10,1010.4,1901,17,1011.1,739,6,1011.2,1130,15,1011.3,631,9,1011.4,1685,13,1011.5,1621,18
317,2025-11-26 13:43:31+05:30,1011.1,1,1001.15,7344785,409588.0,437079.0,986.2,1012.8,981.3,986.2,120492750,1084.8,887.6,1102.5,649.1,1010.9,438,3,1010.7,217,4,1010.6,233,3,1010.5,671,10,1010.4,1901,17,1011.1,739,6,1011.2,1130,15,1011.3,631,9,1011.4,1685,13,1011.5,1621,18
317,2025-11-26 13:43:32+05:30,1011.1,1,1001.15,7344785,410125.0,436256.0,986.2,1012.8,981.3,986.2,120492750,1084.8,887.6,1102.5,649.1,1010.9,438,3,1010.7,981,6,1010.6,448,5,1010.5,710,13,1010.4,1870,15,1011.1,388,3,1011.2,560,8,1011.3,700,9,1011.4,1921,11,1011.5,1959,22
317,2025-11-26 13:43:33+05:30,1011.1,23,1001.15,7344785,410125.0,436256.0,986.2,1012.8,981.3,986.2,120492750,1084.8,887.6,1102.5,649.1,1010.9,438,3,1010.7,981,6,1010.6,448,5,1010.5,710,13,1010.4,1870,15,1011.1,388,3,1011.2,560,8,1011.3,700,9,1011.4,1921,11,1011.5,1959,22
317,2025-11-26 13:43:33+05:30,1011.1,23,1001.15,7344817,410541.0,436211.0,986.2,1012.8,981.3,986.2,120492750,1084.8,887.6,1102.5,649.1,1010.9,438,3,1010.8,11,1,1010.7,1214,8,1010.6,608,7,1010.5,710,13,1011.1,364,4,1011.2,394,7,1011.3,695,8,1011.4,1853,11,1011.5,1959,22
317,2025-11-26 13:43:34+05:30,1011.1,23,1001.15,7344817,410337.0,436061.0,986.2,1012.8,981.3,986.2,120492750,1084.8,887.6,1102.5,649.1,1011.0,112,1,1010.9,438,3,1010.8,16,2,1010.7,1212,8,1010.6,568,6,1011.1,364,4,1011.2,315,6,1011.3,541,6,1011.4,1936,12,1011.5,1959,22
317,2025-11-26 13:43:35+05:30,1011.1,2,1001.15,7344817,410337.0,436061.0,986.2,1012.8,981.3,986.2,120492750,1084.8,887.6,1102.5,649.1,1011.0,112,1,1010.9,438,3,1010.8,16,2,1010.7,1212,8,1010.6,568,6,1011.1,364,4,1011.2,315,6,1011.3,541,6,1011.4,1936,12,1011.5,1959,22
317,2025-11-26 13:43:35+05:30,1011.1,2,1001.15,7344819,410352.0,435964.0,986.2,1012.8,981.3,986.2,120492750,1084.8,887.6,1102.5,649.1,1011.0,112,1,1010.9,438,3,1010.8,16,2,1010.7,1212,8,1010.6,479,5,1011.1,643,6,1011.2,350,5,1011.3,624,7,1011.4,1391,11,1011.5,1661,21
317,2025-11-26 13:43:36+05:30,1011.1,2,1001.15,7344819,410352.0,435964.0,986.2,1012.8,981.3,986.2,120492750,1084.8,887.6,1102.5,649.1,1011.0,112,1,1010.9,438,3,1010.8,16,2,1010.7,1212,8,1010.6,479,5,1011.1,643,6,1011.2,350,5,1011.3,624,7,1011.4,1391,11,1011.5,1661,21
317,2025-11-26 13:43:36+05:30,1011.1,2,1001.15,7344823,410420.0,436534.0,986.2,1012.8,981.3,986.2,120492750,1084.8,887.6,1102.5,649.1,1011.0,112,1,1010.9,438,3,1010.8,16,2,1010.7,1263,9,1010.6,479,5,1011.1,639,6,1011.2,350,5,1011.3,541,6,1011.4,1474,12,1011.5,1959,22
317,2025-11-26 13:43:37+05:30,1011.1,10,1001.15,7344823,410420.0,436534.0,986.2,1012.8,981.3,986.2,120492750,1084.8,887.6,1102.5,649.1,1011.0,112,1,1010.9,438,3,1010.8,16,2,1010.7,1263,9,1010.6,479,5,1011.1,639,6,1011.2,350,5,1011.3,541,6,1011.4,1474,12,1011.5,1959,22
317,2025-11-26 13:43:37+05:30,1011.1,10,1001.15,7345128,410356.0,435805.0,986.2,1012.8,981.3,986.2,120492750,1084.8,887.6,1102.5,649.1,1011.0,121,2,1010.9,438,3,1010.8,16,2,1010.7,1308,10,1010.6,479,5,1011.1,484,7,1011.2,350,5,1011.3,541,6,1011.4,1474,12,1011.5,1959,22
317,2025-11-26 13:43:38+05:30,1011.1,3,1001.15,7345128,410356.0,435805.0,986.2,1012.8,981.3,986.2,120492750,1084.8,887.6,1102.5,649.1,1011.0,121,2,1010.9,438,3,1010.8,16,2,1010.7,1308,10,1010.6,479,5,1011.1,484,7,1011.2,350,5,1011.3,541,6,1011.4,1474,12,1011.5,1959,22
317,2025-11-26 13:43:38+05:30,1011.1,3,1001.15,7345202,410496.0,435794.0,986.2,1012.8,981.3,986.2,120492750,1084.8,887.6,1102.5,649.1,1011.0,50,2,1010.9,438,3,1010.8,95,3,1010.7,1440,11,1010.6,479,5,1011.1,473,6,1011.2,350,5,1011.3,541,6,1011.4,1474,12,1011.5,1959,22
317,2025-11-26 13:43:39+05:30,1011.1,150,1001.15,7345202,410496.0,435794.0,986.2,1012.8,981.3,986.2,120492750,1084.8,887.6,1102.5,649.1,1011.0,50,2,1010.9,438,3,1010.8,95,3,1010.7,1440,11,1010.6,479,5,1011.1,473,6,1011.2,350,5,1011.3,541,6,1011.4,1474,12,1011.5,1959,22
317,2025-11-26 13:43:39+05:30,1011.1,150,1001.15,7346119,411844.0,435173.0,986.2,1012.8,981.3,986.2,120492750,1084.8,887.6,1102.5,649.1,1011.0,52,3,1010.9,572,5,1010.8,219,6,1010.7,1523,12,1010.6,611,6,1011.1,432,3,1011.2,319,4,1011.3,134,2,1011.4,1179,6,1011.5,1640,19
317,2025-11-26 13:43:40+05:30,1011.1,1,1001.15,7346119,411844.0,435173.0,986.2,1012.8,981.3,986.2,120492750,1084.8,887.6,1102.5,649.1,1011.0,52,3,1010.9,572,5,1010.8,219,6,1010.7,1523,12,1010.6,611,6,1011.1,432,3,1011.2,319,4,1011.3,134,2,1011.4,1179,6,1011.5,1640,19
317,2025-11-26 13:43:40+05:30,1011.1,1,1001.15,7346120,411552.0,435475.0,986.2,1012.8,981.3,986.2,120492750,1084.8,887.6,1102.5,649.1,1011.0,22,2,1010.9,438,3,1010.8,245,6,1010.7,1523,12,1010.6,611,6,1011.1,431,3,1011.2,319,4,1011.3,134,2,1011.4,1278,8,1011.5,1640,19
317,2025-11-26 13:43:41+05:30,1011.0,1,1001.15,7346120,411552.0,435475.0,986.2,1012.8,981.3,986.2,120492750,1084.8,887.6,1102.5,649.1,1011.0,22,2,1010.9,438,3,1010.8,245,6,1010.7,1523,12,1010.6,611,6,1011.1,431,3,1011.2,319,4,1011.3,134,2,1011.4,1278,8,1011.5,1640,19
317,2025-11-26 13:43:41+05:30,1011.0,1,1001.15,7346536,411492.0,435704.0,986.2,1012.8,981.3,986.2,120492750,1084.8,887.6,1102.5,649.1,1011.0,13,1,1010.9,442,4,1010.8,210,5,1010.7,1308,10,1010.6,688,7,1011.1,448,4,1011.2,319,4,1011.3,359,4,1011.4,1428,8,1011.5,1938,20
317,2025-11-26 13:43:42+05:30,1011.0,1,1001.15,7346536,411561.0,435755.0,986.2,1012.8,981.3,986.2,120492750,1084.8,887.6,1102.5,649.1,1011.0,13,1,1010.9,495,5,1010.8,210,5,1010.7,1308,10,1010.6,688,7,1011.1,448,4,1011.2,319,4,1011.3,370,5,1011.4,1456,9,1011.5,1938,20
317,2025-11-26 13:43:43+05:30,1011.1,15,1001.15,7346567,411495.0,435870.0,986.2,1012.8,981.3,986.2,120492750,1084.8,887.6,1102.5,649.1,1011.0,13,1,1010.9,442,4,1010.8,133,4,1010.7,1385,11,1010.6,688,7,1011.1,595,5,1011.2,419,5,1011.3,447,6,1011.4,1345,7,1011.5,1938,20
317,2025-11-26 13:43:43+05:30,1011.1,15,1001.15,7346567,411495.0,435870.0,986.2,1012.8,981.3,986.2,120492750,1084.8,887.6,1102.5,649.1,1011.0,13,1,1010.9,442,4,1010.8,133,4,1010.7,1385,11,1010.6,688,7,1011.1,595,5,1011.2,419,5,1011.3,447,6,1011.4,1345,7,1011.5,1938,20
317,2025-11-26 13:43:44+05:30,1011.1,3,1001.15,7346567,411495.0,435870.0,986.2,1012.8,981.3,986.2,120492750,1084.8,887.6,1102.5,649.1,1011.0,13,1,1010.9,442,4,1010.8,133,4,1010.7,1385,11,1010.6,688,7,1011.1,595,5,1011.2,419,5,1011.3,447,6,1011.4,1345,7,1011.5,1938,20
317,2025-11-26 13:43:44+05:30,1011.1,3,1001.15,7346807,412009.0,435306.0,986.2,1012.8,981.3,986.2,120492750,1084.8,887.6,1102.5,649.1,1010.9,900,9,1010.8,373,7,1010.7,1440,11,1010.6,709,7,1010.5,883,15,1011.1,19,2,1011.2,295,4,1011.3,145,3,1011.4,1213,6,1011.5,1575,18
317,2025-11-26 13:43:45+05:30,1010.9,132,1001.15,7346940,411590.0,435132.0,986.2,1012.8,981.3,986.2,120492750,1084.8,887.6,1102.5,649.1,1010.9,410,5,1010.8,387,7,1010.7,1510,12,1010.6,611,6,1010.5,974,16,1011.1,18,2,1011.2,295,4,1011.3,291,4,1011.4,1225,7,1011.5,1571,17
317,2025-11-26 13:43:45+05:30,1011.1,2,1001.15,7346940,411590.0,435132.0,986.2,1012.8,981.3,986.2,120492750,1084.8,887.6,1102.5,649.1,1010.9,410,5,1010.8,387,7,1010.7,1510,12,1010.6,611,6,1010.5,974,16,1011.1,18,2,1011.2,295,4,1011.3,291,4,1011.4,1225,7,1011.5,1571,17
317,2025-11-26 13:43:46+05:30,1011.0,132,1001.15,7347081,411829.0,435851.0,986.2,1012.8,981.3,986.2,120492750,1084.8,887.6,1102.5,649.1,1010.9,577,8,1010.8,288,6,1010.7,1440,12,1010.6,611,6,1010.5,912,16,1011.1,2,1,1011.2,290,3,1011.3,727,4,1011.4,1247,7,1011.5,1576,18
317,2025-11-26 13:43:46+05:30,1011.0,132,1001.15,7347081,411829.0,435851.0,986.2,1012.8,981.3,986.2,120492750,1084.8,887.6,1102.5,649.1,1010.9,577,8,1010.8,288,6,1010.7,1440,12,1010.6,611,6,1010.5,912,16,1011.1,2,1,1011.2,290,3,1011.3,727,4,1011.4,1247,7,1011.5,1576,18
317,2025-11-26 13:43:47+05:30,1011.0,132,1001.15,7347081,411938.0,436001.0,986.2,1012.8,981.3,986.2,120492750,1084.8,887.6,1102.5,649.1,1010.9,532,7,1010.8,288,6,1010.7,1440,12,1010.6,611,6,1010.5,912,16,1011.1,2,1,1011.2,290,3,1011.3,727,4,1011.4,1251,8,1011.5,1576,18
317,2025-11-26 13:43:48+05:30,1011.0,132,1001.15,7347081,411987.0,436013.0,986.2,1012.8,981.3,986.2,120492750,1084.8,887.6,1102.5,649.1,1010.9,552,8,1010.8,288,6,1010.7,1395,11,1010.6,611,6,1010.5,912,16,1011.1,2,1,1011.2,290,3,1011.3,727,4,1011.4,1251,8,1011.5,1874,19
317,2025-11-26 13:43:49+05:30,1011.0,132,1001.15,7347081,412709.0,435824.0,986.2,1012.8,981.3,986.2,120492750,1084.8,887.6,1102.5,649.1,1010.9,430,6,1010.8,288,6,1010.7,1472,12,1010.6,611,6,1010.5,1014,17,1011.0,39,1,1011.1,2,1,1011.2,290,3,1011.3,878,6,1011.4,1251,8
317,2025-11-26 13:43:50+05:30,1010.9,50,1001.15,7347131,412607.0,435824.0,986.2,1012.8,981.3,986.2,120492750,1084.8,887.6,1102.5,649.1,1010.9,380,6,1010.8,159,4,1010.7,1549,13,1010.6,611,6,1010.5,1014,17,1011.0,39,1,1011.1,2,1,1011.2,290,3,1011.3,878,6,1011.4,1251,8
317,2025-11-26 13:43:50+05:30,1011.0,2,1001.15,7347131,412607.0,435824.0,986.2,1012.8,981.3,986.2,120492750,1084.8,887.6,1102.5,649.1,1010.9,380,6,1010.8,159,4,1010.7,1549,13,1010.6,611,6,1010.5,1014,17,1011.0,39,1,1011.1,2,1,1011.2,290,3,1011.3,878,6,1011.4,1251,8
317,2025-11-26 13:43:51+05:30,1011.0,1,1001.15,7347134,412531.0,435730.0,986.2,1012.8,981.3,986.2,120492750,1084.8,887.6,1102.5,649.1,1010.9,380,6,1010.8,16,2,1010.7,1548,13,1010.6,611,6,1010.5,1013,17,1011.0,36,1,1011.1,2,1,1011.2,290,3,1011.3,929,7,1011.4,1977,11
317,2025-11-26 13:43:51+05:30,1011.0,160,1001.15,7347134,412531.0,435730.0,986.2,1012.8,981.3,986.2,120492750,1084.8,887.6,1102.5,649.1,1010.9,380,6,1010.8,16,2,1010.7,1548,13,1010.6,611,6,1010.5,1013,17,1011.0,36,1,1011.1,2,1,1011.2,290,3,1011.3,929,7,1011.4,1977,11
317,2025-11-26 13:43:52+05:30,1011.0,160,1001.15,7347330,412523.0,435622.0,986.2,1012.8,981.3,986.2,120492750,1084.8,887.6,1102.5,649.1,1010.9,380,6,1010.8,16,2,1010.7,1465,12,1010.6,682,7,1010.5,912,16,1011.0,64,2,1011.1,76,3,1011.2,251,2,1011.3,940,8,1011.4,1943,10
317,2025-11-26 13:43:52+05:30,1010.9,3,1001.15,7347330,412523.0,435622.0,986.2,1012.8,981.3,986.2,120492750,1084.8,887.6,1102.5,649.1,1010.9,380,6,1010.8,16,2,1010.7,1465,12,1010.6,682,7,1010.5,912,16,1011.0,64,2,1011.1,76,3,1011.2,251,2,1011.3,940,8,1011.4,1943,10
317,2025-11-26 13:43:53+05:30,1010.9,71,1001.16,7347492,411892.0,435904.0,986.2,1012.8,981.3,986.2,120492750,1084.8,887.6,1102.5,649.1,1010.9,227,6,1010.8,16,2,1010.7,971,6,1010.6,611,6,1010.5,1169,20,1011.0,58,4,1011.1,124,3,1011.2,586,6,1011.3,1240,12,1011.4,1953,11
317,2025-11-26 13:43:53+05:30,1011.0,23,1001.16,7347492,411892.0,435904.0,986.2,1012.8,981.3,986.2,120492750,1084.8,887.6,1102.5,649.1,1010.9,227,6,1010.8,16,2,1010.7,971,6,1010.6,611,6,1010.5,1169,20,1011.0,58,4,1011.1,124,3,1011.2,586,6,1011.3,1240,12,1011.4,1953,11
317,2025-11-26 13:43:54+05:30,1010.9,20,1001.16,7347862,411081.0,435420.0,986.2,1012.8,981.3,986.2,120492750,1084.8,887.6,1102.5,649.1,1010.9,13,2,1010.8,16,2,1010.7,1062,7,1010.6,697,7,1010.5,1098,19,1011.1,132,3,1011.2,397,3,1011.3,765,10,1011.4,2121,12,1011.5,1148,16
317,2025-11-26 13:43:54+05:30,1011.0,25,1001.16,7347862,411081.0,435420.0,986.2,1012.8,981.3,986.2,120492750,1084.8,887.6,1102.5,649.1,1010.9,13,2,1010.8,16,2,1010.7,1062,7,1010.6,697,7,1010.5,1098,19,1011.1,132,3,1011.2,397,3,1011.3,765,10,1011.4,2121,12,1011.5,1148,16
317,2025-11-26 13:43:55+05:30,1011.0,44,1001.16,7347937,411125.0,435652.0,986.2,1012.8,981.3,986.2,120492750,1084.8,887.6,1102.5,649.1,1011.0,43,1,1010.9,22,3,1010.8,16,2,1010.7,991,6,1010.6,611,6,1011.1,126,3,1011.2,447,4,1011.3,573,10,1011.4,2163,15,1011.5,1158,17
317,2025-11-26 13:43:55+05:30,1011.1,2,1001.16,7347937,411125.0,435652.0,986.2,1012.8,981.3,986.2,120492750,1084.8,887.6,1102.5,649.1,1011.0,43,1,1010.9,22,3,1010.8,16,2,1010.7,991,6,1010.6,611,6,1011.1,126,3,1011.2,447,4,1011.3,573,10,1011.4,2163,15,1011.5,1158,17
317,2025-11-26 13:43:56+05:30,1011.1,2,1001.16,7348012,410814.0,436078.0,986.2,1012.8,981.3,986.2,120492750,1084.8,887.6,1102.5,649.1,1011.0,3,1,1010.9,22,3,1010.8,16,2,1010.7,991,6,1010.6,611,6,1011.1,209,5,1011.2,668,6,1011.3,634,10,1011.4,2151,14,1011.5,1158,17
317,2025-11-26 13:43:56+05:30,1011.1,2,1001.16,7348012,410814.0,436078.0,986.2,1012.8,981.3,986.2,120492750,1084.8,887.6,1102.5,649.1,1011.0,3,1,1010.9,22,3,1010.8,16,2,1010.7,991,6,1010.6,611,6,1011.1,209,5,1011.2,668,6,1011.3,634,10,1011.4,2151,14,1011.5,1158,17
317,2025-11-26 13:43:57+05:30,1011.1,2,1001.16,7348012,410789.0,436232.0,986.2,1012.8,981.3,986.2,120492750,1084.8,887.6,1102.5,649.1,1011.0,3,1,1010.9,22,3,1010.8,16,2,1010.7,991,6,1010.6,611,6,1011.1,315,6,1011.2,716,7,1011.3,634,10,1011.4,2151,14,1011.5,1158,17
317,2025-11-26 13:43:57+05:30,1011.1,2,1001.16,7348012,410789.0,436232.0,986.2,1012.8,981.3,986.2,120492750,1084.8,887.6,1102.5,649.1,1011.0,3,1,1010.9,22,3,1010.8,16,2,1010.7,991,6,1010.6,611,6,1011.1,315,6,1011.2,716,7,1011.3,634,10,1011.4,2151,14,1011.5,1158,17
317,2025-11-26 13:43:58+05:30,1011.1,2,1001.16,7348012,410789.0,436232.0,986.2,1012.8,981.3,986.2,120492750,1084.8,887.6,1102.5,649.1,1011.0,2,1,1010.9,11,2,1010.8,11,1,1010.7,1028,7,1010.6,611,6,1011.1,350,6,1011.2,645,6,1011.3,695,10,1011.4,2121,12,1011.5,850,15
317,2025-11-26 13:43:58+05:30,1011.1,2,1001.16,7348020,410844.0,435918.0,986.2,1012.8,981.3,986.2,120492750,1084.8,887.6,1102.5,649.1,1011.0,2,1,1010.9,11,2,1010.8,11,1,1010.7,1028,7,1010.6,611,6,1011.1,350,6,1011.2,645,6,1011.3,695,10,1011.4,2121,12,1011.5,850,15
317,2025-11-26 13:43:58+05:30,1011.1,47,1001.16,7348020,410844.0,435918.0,986.2,1012.8,981.3,986.2,120492750,1084.8,887.6,1102.5,649.1,1011.0,2,1,1010.9,11,2,1010.8,11,1,1010.7,1028,7,1010.6,611,6,1011.1,350,6,1011.2,645,6,1011.3,695,10,1011.4,2121,12,1011.5,850,15
317,2025-11-26 13:43:58+05:30,1011.1,47,1001.16,7348020,410844.0,435918.0,986.2,1012.8,981.3,986.2,120492750,1084.8,887.6,1102.5,649.1,1011.0,2,1,1010.9,11,2,1010.8,11,1,1010.7,1028,7,1010.6,611,6,1011.1,350,6,1011.2,645,6,1011.3,695,10,1011.4,2121,12,1011.5,850,15
317,2025-11-26 13:43:59+05:30,1011.0,1,1001.16,7348276,411443.0,436149.0,986.2,1012.8,981.3,986.2,120492750,1084.8,887.6,1102.5,649.1,1010.9,11,2,1010.8,11,1,1010.7,1124,7,1010.6,611,6,1010.5,1053,17,1011.0,21,1,1011.1,217,4,1011.2,597,5,1011.3,1135,10,1011.4,2068,11
317,2025-11-26 13:43:59+05:30,1011.0,1,1001.16,7348276,411443.0,436149.0,986.2,1012.8,981.3,986.2,120492750,1084.8,887.6,1102.5,649.1,1010.9,11,2,1010.8,11,1,1010.7,1124,7,1010.6,611,6,1010.5,1053,17,1011.0,21,1,1011.1,217,4,1011.2,597,5,1011.3,1135,10,1011.4,2068,11
317,2025-11-26 13:43:59+05:30,1011.0,1,1001.16,7348276,411443.0,436149.0,986.2,1012.8,981.3,986.2,120492750,1084.8,887.6,1102.5,649.1,1010.9,11,2,1010.8,11,1,1010.7,1124,7,1010.6,611,6,1010.5,1053,17,1011.0,21,1,1011.1,217,4,1011.2,597,5,1011.3,1135,10,1011.4,2068,11
317,2025-11-26 13:44:00+05:30,1011.0,1,1001.16,7348276,411443.0,436149.0,986.2,1012.8,981.3,986.2,120492750,1084.8,887.6,1102.5,649.1,1010.9,11,2,1010.8,11,1,1010.7,1124,7,1010.6,611,6,1010.5,1053,17,1011.0,21,1,1011.1,217,4,1011.2,597,5,1011.3,1135,10,1011.4,2068,11
317,2025-11-26 13:44:00+05:30,1010.9,1,1001.16,7348285,411681.0,436159.0,986.2,1012.8,981.3,986.2,120492750,1084.8,887.6,1102.5,649.1,1010.9,18,3,1010.8,11,1,1010.7,1243,9,1010.6,682,7,1010.5,1094,18,1011.0,120,2,1011.1,217,4,1011.2,597,5,1011.3,1064,9,1011.4,2187,13
317,2025-11-26 13:44:00+05:30,1010.9,1,1001.16,7348285,411681.0,436159.0,986.2,1012.8,981.3,986.2,120492750,1084.8,887.6,1102.5,649.1,1010.9,18,3,1010.8,11,1,1010.7,1243,9,1010.6,682,7,1010.5,1094,18,1011.0,120,2,1011.1,217,4,1011.2,597,5,1011.3,1064,9,1011.4,2187,13
317,2025-11-26 13:44:01+05:30,1010.9,1,1001.16,7348285,411681.0,436159.0,986.2,1012.8,981.3,986.2,120492750,1084.8,887.6,1102.5,649.1,1010.9,18,3,1010.8,11,1,1010.7,1243,9,1010.6,682,7,1010.5,1094,18,1011.0,120,2,1011.1,217,4,1011.2,597,5,1011.3,1064,9,1011.4,2187,13
317,2025-11-26 13:44:01+05:30,1010.9,2,1001.16,7348285,411681.0,436159.0,986.2,1012.8,981.3,986.2,120492750,1084.8,887.6,1102.5,649.1,1010.9,18,3,1010.8,11,1,1010.7,1243,9,1010.6,682,7,1010.5,1094,18,1011.0,120,2,1011.1,217,4,1011.2,597,5,1011.3,1064,9,1011.4,2187,13
317,2025-11-26 13:44:01+05:30,1011.0,10,1001.16,7348298,411678.0,435836.0,986.2,1012.8,981.3,986.2,120492750,1084.8,887.6,1102.5,649.1,1010.9,16,3,1010.8,11,1,1010.7,1168,8,1010.6,755,8,1010.5,1083,22,1011.0,178,4,1011.1,74,2,1011.2,251,2,1011.3,994,8,1011.4,2163,11
317,2025-11-26 13:44:01+05:30,1011.0,10,1001.16,7348298,411678.0,435836.0,986.2,1012.8,981.3,986.2,120492750,1084.8,887.6,1102.5,649.1,1010.9,16,3,1010.8,11,1,1010.7,1168,8,1010.6,755,8,1010.5,1083,22,1011.0,178,4,1011.1,74,2,1011.2,251,2,1011.3,994,8,1011.4,2163,11
317,2025-11-26 13:44:01+05:30,1011.0,10,1001.16,7348298,411678.0,435836.0,986.2,1012.8,981.3,986.2,120507750,1084.8,887.6,1102.5,649.1,1010.9,16,3,1010.8,11,1,1010.7,1168,8,1010.6,755,8,1010.5,1083,22,1011.0,178,4,1011.1,74,2,1011.2,251,2,1011.3,994,8,1011.4,2163,11
317,2025-11-26 13:44:02+05:30,1011.0,10,1001.16,7348298,411678.0,435836.0,986.2,1012.8,981.3,986.2,120507750,1084.8,887.6,1102.5,649.1,1010.9,16,3,1010.8,11,1,1010.7,1168,8,1010.6,755,8,1010.5,1083,22,1011.0,178,4,1011.1,74,2,1011.2,251,2,1011.3,994,8,1011.4,2163,11
317,2025-11-26 13:44:02+05:30,1011.0,1,1001.16,7348298,411678.0,435836.0,986.2,1012.8,981.3,986.2,120507750,1084.8,887.6,1102.5,649.1,1010.9,16,3,1010.8,11,1,1010.7,1168,8,1010.6,755,8,1010.5,1083,22,1011.0,178,4,1011.1,74,2,1011.2,251,2,1011.3,994,8,1011.4,2163,11
317,2025-11-26 13:44:02+05:30,1011.0,1,1001.16,7348298,411678.0,435836.0,986.2,1012.8,981.3,986.2,120507750,1084.8,887.6,1102.5,649.1,1010.9,16,3,1010.8,11,1,1010.7,1168,8,1010.6,755,8,1010.5,1083,22,1011.0,178,4,1011.1,74,2,1011.2,251,2,1011.3,994,8,1011.4,2163,11
317,2025-11-26 13:44:02+05:30,1011.0,1,1001.16,7348315,411762.0,435872.0,986.2,1012.8,981.3,986.2,120507750,1084.8,887.6,1102.5,649.1,1010.9,16,3,1010.8,73,2,1010.7,1241,9,1010.6,709,8,1010.5,1169,23,1011.0,185,4,1011.1,80,2,1011.2,251,2,1011.3,994,8,1011.4,2163,11
317,2025-11-26 13:44:02+05:30,1011.0,1,1001.16,7348315,411762.0,435872.0,986.2,1012.8,981.3,986.2,120507750,1084.8,887.6,1102.5,649.1,1010.9,16,3,1010.8,73,2,1010.7,1241,9,1010.6,709,8,1010.5,1169,23,1011.0,185,4,1011.1,80,2,1011.2,251,2,1011.3,994,8,1011.4,2163,11
317,2025-11-26 13:44:03+05:30,1011.0,23,1001.16,7348315,411762.0,435872.0,986.2,1012.8,981.3,986.2,120507750,1084.8,887.6,1102.5,649.1,1010.9,16,3,1010.8,73,2,1010.7,1241,9,1010.6,709,8,1010.5,1169,23,1011.0,185,4,1011.1,80,2,1011.2,251,2,1011.3,994,8,1011.4,2163,11
317,2025-11-26 13:44:03+05:30,1011.0,23,1001.16,7348846,410696.0,435847.0,986.2,1012.8,981.3,986.2,120507750,1084.8,887.6,1102.5,649.1,1010.9,9,1,1010.7,981,7,1010.6,782,9,1010.5,1169,23,1010.4,1172,10,1011.0,154,4,1011.1,80,2,1011.2,251,2,1011.3,1177,10,1011.4,2082,10
317,2025-11-26 13:44:04+05:30,1011.0,132,1001.16,7348846,410696.0,435847.0,986.2,1012.8,981.3,986.2,120507750,1084.8,887.6,1102.5,649.1,1010.9,9,1,1010.7,981,7,1010.6,782,9,1010.5,1169,23,1010.4,1172,10,1011.0,154,4,1011.1,80,2,1011.2,251,2,1011.3,1177,10,1011.4,2082,10
317,2025-11-26 13:44:04+05:30,1011.0,132,1001.16,7349255,410799.0,435997.0,986.2,1012.8,981.3,986.2,120507750,1084.8,887.6,1102.5,649.1,1011.0,23,1,1010.9,11,2,1010.8,5,1,1010.7,1015,7,1010.6,466,6,1011.1,80,2,1011.2,442,4,1011.3,1021,8,1011.4,2103,11,1011.5,990,12
317,2025-11-26 13:44:05+05:30,1011.1,2,1001.16,7349255,410799.0,435997.0,986.2,1012.8,981.3,986.2,120507750,1084.8,887.6,1102.5,649.1,1011.0,23,1,1010.9,11,2,1010.8,5,1,1010.7,1015,7,1010.6,466,6,1011.1,80,2,1011.2,442,4,1011.3,1021,8,1011.4,2103,11,1011.5,990,12
317,2025-11-26 13:44:05+05:30,1011.1,2,1001.16,7349338,410830.0,435622.0,986.2,1012.8,981.3,986.2,120507750,1084.8,887.6,1102.5,649.1,1011.0,31,2,1010.9,18,3,1010.8,52,2,1010.7,1124,8,1010.6,574,7,1011.1,166,3,1011.2,362,3,1011.3,528,7,1011.4,2105,12,1011.5,990,12
317,2025-11-26 13:44:06+05:30,1011.1,1,1001.16,7349338,410830.0,435622.0,986.2,1012.8,981.3,986.2,120507750,1084.8,887.6,1102.5,649.1,1011.0,31,2,1010.9,18,3,1010.8,52,2,1010.7,1124,8,1010.6,574,7,1011.1,166,3,1011.2,362,3,1011.3,528,7,1011.4,2105,12,1011.5,990,12
317,2025-11-26 13:44:06+05:30,1011.1,1,1001.16,7349339,410830.0,435621.0,986.2,1012.8,981.3,986.2,120507750,1084.8,887.6,1102.5,649.1,1011.0,31,2,1010.9,18,3,1010.8,52,2,1010.7,1124,8,1010.6,574,7,1011.1,165,3,1011.2,362,3,1011.3,528,7,1011.4,2105,12,1011.5,990,12
317,2025-11-26 13:44:07+05:30,1011.1,1,1001.16,7349339,412180.0,435983.0,986.2,1012.8,981.3,986.2,120507750,1084.8,887.6,1102.5,649.1,1011.0,31,2,1010.9,217,6,1010.8,1098,8,1010.7,655,8,1010.6,592,9,1011.1,263,4,1011.2,362,3,1011.3,238,3,1011.4,1144,7,1011.5,1146,9
317,2025-11-26 13:44:08+05:30,1011.0,7,1001.16,7349339,412180.0,435983.0,986.2,1012.8,981.3,986.2,120507750,1084.8,887.6,1102.5,649.1,1011.0,31,2,1010.9,217,6,1010.8,1098,8,1010.7,655,8,1010.6,592,9,1011.1,263,4,1011.2,362,3,1011.3,238,3,1011.4,1144,7,1011.5,1146,9
317,2025-11-26 13:44:08+05:30,1011.0,7,1001.16,7349368,412111.0,436019.0,986.2,1012.8,981.3,986.2,120507750,1084.8,887.6,1102.5,649.1,1011.0,9,2,1010.9,81,4,1010.8,1214,10,1010.7,655,8,1010.6,565,8,1011.1,263,4,1011.2,362,3,1011.3,238,3,1011.4,1144,7,1011.5,1146,9
317,2025-11-26 13:44:09+05:30,1011.0,55,1001.16,7349368,412111.0,436019.0,986.2,1012.8,981.3,986.2,120507750,1084.8,887.6,1102.5,649.1,1011.0,9,2,1010.9,81,4,1010.8,1214,10,1010.7,655,8,1010.6,565,8,1011.1,263,4,1011.2,362,3,1011.3,238,3,1011.4,1144,7,1011.5,1146,9
317,2025-11-26 13:44:09+05:30,1011.0,55,1001.16,7349587,411993.0,435939.0,986.2,1012.8,981.3,986.2,120507750,1084.8,887.6,1102.5,649.1,1010.9,91,4,1010.8,985,8,1010.7,655,8,1010.6,797,10,1010.5,882,16,1011.1,263,4,1011.2,362,3,1011.3,238,3,1011.4,1196,9,1011.5,1156,8
317,2025-11-26 13:44:10+05:30,1011.1,1,1001.16,7349587,411993.0,435939.0,986.2,1012.8,981.3,986.2,120507750,1084.8,887.6,1102.5,649.1,1010.9,91,4,1010.8,985,8,1010.7,655,8,1010.6,797,10,1010.5,882,16,1011.1,263,4,1011.2,362,3,1011.3,238,3,1011.4,1196,9,1011.5,1156,8
317,2025-11-26 13:44:10+05:30,1011.1,1,1001.16,7349588,411999.0,435981.0,986.2,1012.8,981.3,986.2,120507750,1084.8,887.6,1102.5,649.1,1010.9,18,3,1010.8,841,7,1010.7,691,8,1010.6,797,10,1010.5,882,16,1011.1,262,4,1011.2,362,3,1011.3,238,3,1011.4,1259,10,1011.5,1454,9
317,2025-11-26 13:44:11+05:30,1011.1,2,1001.16,7349588,411999.0,435981.0,986.2,1012.8,981.3,986.2,120507750,1084.8,887.6,1102.5,649.1,1010.9,18,3,1010.8,841,7,1010.7,691,8,1010.6,797,10,1010.5,882,16,1011.1,262,4,1011.2,362,3,1011.3,238,3,1011.4,1259,10,1011.5,1454,9
317,2025-11-26 13:44:11+05:30,1011.1,1,1001.16,7349591,412021.0,435941.0,986.2,1012.8,981.3,986.2,120507750,1084.8,887.6,1102.5,649.1,1010.9,30,4,1010.8,841,7,1010.7,691,8,1010.6,797,10,1010.5,882,16,1011.1,259,4,1011.2,362,3,1011.3,739,4,1011.4,1259,10,1011.5,918,8
317,2025-11-26 13:44:12+05:30,1011.1,1,1001.16,7349591,412021.0,435941.0,986.2,1012.8,981.3,986.2,120507750,1084.8,887.6,1102.5,649.1,1010.9,30,4,1010.8,841,7,1010.7,691,8,1010.6,797,10,1010.5,882,16,1011.1,259,4,1011.2,362,3,1011.3,739,4,1011.4,1259,10,1011.5,918,8
317,2025-11-26 13:44:12+05:30,1011.1,1,1001.16,7349591,412904.0,435574.0,986.2,1012.8,981.3,986.2,120507750,1084.8,887.6,1102.5,649.1,1010.9,22,2,1010.8,727,6,1010.7,759,10,1010.6,697,9,1010.5,1189,18,1011.0,132,1,1011.1,130,3,1011.2,251,2,1011.3,739,4,1011.4,1259,10
317,2025-11-26 13:44:13+05:30,1011.0,6,1001.16,7349591,412904.0,435574.0,986.2,1012.8,981.3,986.2,120507750,1084.8,887.6,1102.5,649.1,1010.9,22,2,1010.8,727,6,1010.7,759,10,1010.6,697,9,1010.5,1189,18,1011.0,132,1,1011.1,130,3,1011.2,251,2,1011.3,739,4,1011.4,1259,10
317,2025-11-26 13:44:13+05:30,1011.0,6,1001.16,7349631,412831.0,435647.0,986.2,1012.8,981.3,986.2,120507750,1084.8,887.6,1102.5,649.1,1010.9,22,2,1010.8,731,6,1010.7,589,7,1010.6,764,9,1010.5,1215,20,1011.0,93,2,1011.1,138,4,1011.2,251,2,1011.3,739,4,1011.4,1259,10
317,2025-11-26 13:44:14+05:30,1011.0,1,1001.16,7349631,412831.0,435647.0,986.2,1012.8,981.3,986.2,120507750,1084.8,887.6,1102.5,649.1,1010.9,22,2,1010.8,731,6,1010.7,589,7,1010.6,764,9,1010.5,1215,20,1011.0,93,2,1011.1,138,4,1011.2,251,2,1011.3,739,4,1011.4,1259,10
317,2025-11-26 13:44:14+05:30,1011.0,1,1001.16,7349859,412257.0,435549.0,986.2,1012.8,981.3,986.2,120507750,1084.8,887.6,1102.5,649.1,1011.0,21,1,1010.9,9,1,1010.8,710,6,1010.7,513,7,1010.6,809,10,1011.1,161,5,1011.2,266,3,1011.3,294,3,1011.4,1153,9,1011.5,1405,9
317,2025-11-26 13:44:15+05:30,1011.1,3,1001.16,7349859,412257.0,435549.0,986.2,1012.8,981.3,986.2,120507750,1084.8,887.6,1102.5,649.1,1011.0,21,1,1010.9,9,1,1010.8,710,6,1010.7,513,7,1010.6,809,10,1011.1,161,5,1011.2,266,3,1011.3,294,3,1011.4,1153,9,1011.5,1405,9
317,2025-11-26 13:44:15+05:30,1011.1,3,1001.16,7349863,412257.0,435984.0,986.2,1012.8,981.3,986.2,120507750,1084.8,887.6,1102.5,649.1,1011.0,21,1,1010.9,9,1,1010.8,710,6,1010.7,513,7,1010.6,742,9,1011.1,281,6,1011.2,351,4,1011.3,294,3,1011.4,1153,9,1011.5,1405,9
317,2025-11-26 13:44:16+05:30,1011.1,2,1001.16,7349863,412257.0,435984.0,986.2,1012.8,981.3,986.2,120507750,1084.8,887.6,1102.5,649.1,1011.0,21,1,1010.9,9,1,1010.8,710,6,1010.7,513,7,1010.6,742,9,1011.1,281,6,1011.2,351,4,1011.3,294,3,1011.4,1153,9,1011.5,1405,9
317,2025-11-26 13:44:16+05:30,1011.1,2,1001.16,7349865,414729.0,435550.0,986.2,1012.8,981.3,986.2,120507750,1084.8,887.6,1102.5,649.1,1011.0,623,3,1010.9,121,3,1010.8,308,6,1010.7,579,9,1010.6,970,12,1011.1,280,7,1011.2,351,4,1011.3,81,1,1011.4,1220,10,1011.5,620,7
317,2025-11-26 13:44:17+05:30,1011.1,2,1001.16,7349865,414812.0,435880.0,986.2,1012.8,981.3,986.2,120507750,1084.8,887.6,1102.5,649.1,1011.0,623,3,1010.9,181,4,1010.8,479,9,1010.7,597,9,1010.6,970,12,1011.1,630,8,1011.2,351,4,1011.3,81,1,1011.4,1220,10,1011.5,1132,10
317,2025-11-26 13:44:18+05:30,1011.0,49,1001.16,7349865,414812.0,435880.0,986.2,1012.8,981.3,986.2,120507750,1084.8,887.6,1102.5,649.1,1011.0,623,3,1010.9,181,4,1010.8,479,9,1010.7,597,9,1010.6,970,12,1011.1,630,8,1011.2,351,4,1011.3,81,1,1011.4,1220,10,1011.5,1132,10
317,2025-11-26 13:44:18+05:30,1011.0,49,1001.16,7349936,414553.0,435902.0,986.2,1012.8,981.3,986.2,120507750,1084.8,887.6,1102.5,649.1,1011.0,572,3,1010.9,181,4,1010.8,473,8,1010.7,597,9,1010.6,768,11,1011.1,622,7,1011.2,351,4,1011.3,81,1,1011.4,1149,8,1011.5,1203,12
317,2025-11-26 13:44:19+05:30,1011.1,45,1001.16,7349936,414553.0,435902.0,986.2,1012.8,981.3,986.2,120507750,1084.8,887.6,1102.5,649.1,1011.0,572,3,1010.9,181,4,1010.8,473,8,1010.7,597,9,1010.6,768,11,1011.1,622,7,1011.2,351,4,1011.3,81,1,1011.4,1149,8,1011.5,1203,12
317,2025-11-26 13:44:19+05:30,1011.1,45,1001.16,7350849,414841.0,435118.0,986.2,1012.8,981.3,986.2,120507750,1084.8,887.6,1102.5,649.1,1011.0,476,4,1010.9,119,4,1010.8,473,8,1010.7,597,9,1010.6,957,11,1011.1,162,3,1011.2,351,4,1011.3,536,1,1011.4,940,5,1011.5,561,7
317,2025-11-26 13:44:20+05:30,1011.1,1,1001.16,7350849,414841.0,435118.0,986.2,1012.8,981.3,986.2,120507750,1084.8,887.6,1102.5,649.1,1011.0,476,4,1010.9,119,4,1010.8,473,8,1010.7,597,9,1010.6,957,11,1011.1,162,3,1011.2,351,4,1011.3,536,1,1011.4,940,5,1011.5,561,7
317,2025-11-26 13:44:20+05:30,1011.1,2,1001.16,7350972,415177.0,435226.0,986.2,1012.8,981.3,986.2,120507750,1084.8,887.6,1102.5,649.1,1011.0,517,5,1010.9,198,5,1010.8,597,9,1010.7,597,9,1010.6,957,11,1011.1,182,3,1011.2,390,5,1011.4,940,5,1011.5,1061,8,1011.6,1470,16
317,2025-11-26 13:44:21+05:30,1011.0,20,1001.16,7350972,415177.0,435226.0,986.2,1012.8,981.3,986.2,120507750,1084.8,887.6,1102.5,649.1,1011.0,517,5,1010.9,198,5,1010.8,597,9,1010.7,597,9,1010.6,957,11,1011.1,182,3,1011.2,390,5,1011.4,940,5,1011.5,1061,8,1011.6,1470,16
317,2025-11-26 13:44:21+05:30,1011.0,20,1001.16,7350994,412590.0,435488.0,986.2,1012.8,981.3,986.2,120507750,1084.8,887.6,1102.5,649.1,1011.0,20,2,1010.9,14,2,1010.8,676,6,1010.7,571,7,1010.6,815,11,1011.1,332,5,1011.2,390,5,1011.4,1133,9,1011.5,1123,9,1011.6,1752,16
317,2025-11-26 13:44:22+05:30,1011.0,39,1001.16,7350994,412590.0,435488.0,986.2,1012.8,981.3,986.2,120507750,1084.8,887.6,1102.5,649.1,1011.0,20,2,1010.9,14,2,1010.8,676,6,1010.7,571,7,1010.6,815,11,1011.1,332,5,1011.2,390,5,1011.4,1133,9,1011.5,1123,9,1011.6,1752,16
317,2025-11-26 13:44:22+05:30,1011.0,39,1001.16,7351279,412625.0,435617.0,986.2,1012.8,981.3,986.2,120507750,1084.8,887.6,1102.5,649.1,1011.0,13,2,1010.9,9,1,1010.8,527,5,1010.7,643,8,1010.6,755,10,1011.1,69,4,1011.2,305,4,1011.3,363,4,1011.4,1351,10,1011.5,1123,9
317,2025-11-26 13:44:23+05:30,1011.0,23,1001.16,7351279,412625.0,435617.0,986.2,1012.8,981.3,986.2,120507750,1084.8,887.6,1102.5,649.1,1011.0,13,2,1010.9,9,1,1010.8,527,5,1010.7,643,8,1010.6,755,10,1011.1,69,4,1011.2,305,4,1011.3,363,4,1011.4,1351,10,1011.5,1123,9
317,2025-11-26 13:44:23+05:30,1011.0,23,1001.16,7351565,413409.0,435467.0,986.2,1012.8,981.3,986.2,120507750,1084.8,887.6,1102.5,649.1,1010.9,9,1,1010.8,522,5,1010.7,463,6,1010.6,755,10,1010.5,1229,20,1011.0,23,1,1011.1,69,4,1011.2,154,3,1011.3,907,5,1011.4,1299,10
317,2025-11-26 13:44:24+05:30,1011.0,85,1001.16,7351565,413409.0,435467.0,986.2,1012.8,981.3,986.2,120507750,1084.8,887.6,1102.5,649.1,1010.9,9,1,1010.8,522,5,1010.7,463,6,1010.6,755,10,1010.5,1229,20,1011.0,23,1,1011.1,69,4,1011.2,154,3,1011.3,907,5,1011.4,1299,10
317,2025-11-26 13:44:24+05:30,1011.0,85,1001.16,7351798,412634.0,435026.0,986.2,1012.8,981.3,986.2,120507750,1084.8,887.6,1102.5,649.1,1011.0,23,1,1010.9,3,1,1010.8,421,3,1010.7,359,4,1010.6,961,13,1011.1,69,4,1011.2,258,4,1011.3,967,6,1011.4,1381,13,1011.5,616,7
317,2025-11-26 13:44:25+05:30,1011.0,11,1001.16,7351798,412634.0,435026.0,986.2,1012.8,981.3,986.2,120507750,1084.8,887.6,1102.5,649.1,1011.0,23,1,1010.9,3,1,1010.8,421,3,1010.7,359,4,1010.6,961,13,1011.1,69,4,1011.2,258,4,1011.3,967,6,1011.4,1381,13,1011.5,616,7
317,2025-11-26 13:44:25+05:30,1011.1,11,1001.16,7352078,412564.0,434779.0,986.2,1012.8,981.3,986.2,120507750,1084.8,887.6,1102.5,649.1,1011.0,5,1,1010.9,3,1,1010.8,466,4,1010.7,359,4,1010.6,875,12,1011.1,163,5,1011.2,450,6,1011.3,468,6,1011.4,1313,11,1011.5,940,10
317,2025-11-26 13:44:26+05:30,1010.8,56,1001.16,7352078,412564.0,434779.0,986.2,1012.8,981.3,986.2,120507750,1084.8,887.6,1102.5,649.1,1011.0,5,1,1010.9,3,1,1010.8,466,4,1010.7,359,4,1010.6,875,12,1011.1,163,5,1011.2,450,6,1011.3,468,6,1011.4,1313,11,1011.5,940,10
317,2025-11-26 13:44:26+05:30,1010.8,56,1001.16,7352208,412728.0,435526.0,986.2,1012.8,981.3,986.2,120507750,1084.8,887.6,1102.5,649.1,1010.8,367,3,1010.7,326,4,1010.6,755,10,1010.5,1123,13,1010.4,2001,15,1011.0,63,2,1011.1,14,3,1011.2,165,3,1011.3,1024,7,1011.4,1338,11
317,2025-11-26 13:44:27+05:30,1010.8,56,1001.16,7352208,412738.0,435496.0,986.2,1012.8,981.3,986.2,120507750,1084.8,887.6,1102.5,649.1,1010.8,437,5,1010.7,266,3,1010.6,755,10,1010.5,1123,13,1010.4,2001,15,1011.0,63,2,1011.1,14,3,1011.2,165,3,1011.3,1024,7,1011.4,1338,11
317,2025-11-26 13:44:28+05:30,1010.8,1,1001.16,7352208,412738.0,435496.0,986.2,1012.8,981.3,986.2,120507750,1084.8,887.6,1102.5,649.1,1010.8,437,5,1010.7,266,3,1010.6,755,10,1010.5,1123,13,1010.4,2001,15,1011.0,63,2,1011.1,14,3,1011.2,165,3,1011.3,1024,7,1011.4,1338,11
317,2025-11-26 13:44:28+05:30,1011.0,37,1001.16,7352309,412812.0,435462.0,986.2,1012.8,981.3,986.2,120507750,1084.8,887.6,1102.5,649.1,1010.8,436,5,1010.7,403,5,1010.6,744,10,1010.5,1032,12,1010.4,2027,16,1011.0,33,1,1011.1,14,3,1011.2,165,3,1011.3,979,6,1011.4,1304,10
317,2025-11-26 13:44:29+05:30,1011.0,37,1001.16,7352309,412812.0,435462.0,986.2,1012.8,981.3,986.2,120507750,1084.8,887.6,1102.5,649.1,1010.8,436,5,1010.7,403,5,1010.6,744,10,1010.5,1032,12,1010.4,2027,16,1011.0,33,1,1011.1,14,3,1011.2,165,3,1011.3,979,6,1011.4,1304,10
317,2025-11-26 13:44:29+05:30,1010.9,1,1001.16,7352310,414133.0,435140.0,986.2,1012.8,981.3,986.2,120507750,1084.8,887.6,1102.5,649.1,1010.8,436,5,1010.7,307,4,1010.6,769,10,1010.5,1234,13,1010.4,1700,16,1010.9,47,1,1011.0,33,1,1011.1,14,3,1011.2,165,3,1011.3,1023,7
317,2025-11-26 13:44:30+05:30,1010.9,26,1001.16,7352310,414133.0,435140.0,986.2,1012.8,981.3,986.2,120507750,1084.8,887.6,1102.5,649.1,1010.8,436,5,1010.7,307,4,1010.6,769,10,1010.5,1234,13,1010.4,1700,16,1010.9,47,1,1011.0,33,1,1011.1,14,3,1011.2,165,3,1011.3,1023,7
317,2025-11-26 13:44:30+05:30,1010.9,28,1001.16,7352374,413650.0,436016.0,986.2,1012.8,981.3,986.2,120507750,1084.8,887.6,1102.5,649.1,1010.8,368,4,1010.7,302,4,1010.6,734,10,1010.5,1234,13,1010.4,1176,16,1010.9,184,2,1011.0,49,1,1011.1,14,3,1011.2,165,3,1011.3,472,6
317,2025-11-26 13:44:31+05:30,1010.9,1,1001.16,7352374,413650.0,436016.0,986.2,1012.8,981.3,986.2,120507750,1084.8,887.6,1102.5,649.1,1010.8,368,4,1010.7,302,4,1010.6,734,10,1010.5,1234,13,1010.4,1176,16,1010.9,184,2,1011.0,49,1,1011.1,14,3,1011.2,165,3,1011.3,472,6
317,2025-11-26 13:44:31+05:30,1010.9,136,1001.16,7352685,412944.0,435563.0,986.2,1012.8,981.3,986.2,120507750,1084.8,887.6,1102.5,649.1,1010.8,64,3,1010.7,475,6,1010.6,674,9,1010.5,1034,12,1010.4,898,11,1010.9,48,1,1011.0,49,1,1011.1,19,4,1011.2,165,3,1011.3,875,6
317,2025-11-26 13:44:32+05:30,1010.9,136,1001.16,7352685,412944.0,435563.0,986.2,1012.8,981.3,986.2,120507750,1084.8,887.6,1102.5,649.1,1010.8,64,3,1010.7,475,6,1010.6,674,9,1010.5,1034,12,1010.4,898,11,1010.9,48,1,1011.0,49,1,1011.1,19,4,1011.2,165,3,1011.3,875,6
317,2025-11-26 13:44:32+05:30,1011.0,2,1001.16,7353437,414734.0,433637.0,986.2,1012.8,981.3,986.2,120507750,1084.8,887.6,1102.5,649.1,1011.0,748,1,1010.9,139,3,1010.8,652,10,1010.7,919,10,1010.6,941,11,1011.2,102,3,1011.3,3,1,1011.4,884,5,1011.5,378,4,1011.6,1179,12
317,2025-11-26 13:44:33+05:30,1011.2,23,1001.16,7353437,414734.0,433637.0,986.2,1012.8,981.3,986.2,120507750,1084.8,887.6,1102.5,649.1,1011.0,748,1,1010.9,139,3,1010.8,652,10,1010.7,919,10,1010.6,941,11,1011.2,102,3,1011.3,3,1,1011.4,884,5,1011.5,378,4,1011.6,1179,12
317,2025-11-26 13:44:33+05:30,1011.0,128,1001.16,7353668,413754.0,435172.0,986.2,1012.8,981.3,986.2,120507750,1084.8,887.6,1102.5,649.1,1011.0,573,3,1010.9,89,2,1010.8,483,8,1010.7,611,8,1010.6,765,12,1011.2,283,4,1011.3,204,3,1011.4,1218,8,1011.5,1072,8,1011.6,1678,15
317,2025-11-26 13:44:34+05:30,1011.0,128,1001.16,7353668,413754.0,435172.0,986.2,1012.8,981.3,986.2,120507750,1084.8,887.6,1102.5,649.1,1011.0,573,3,1010.9,89,2,1010.8,483,8,1010.7,611,8,1010.6,765,12,1011.2,283,4,1011.3,204,3,1011.4,1218,8,1011.5,1072,8,1011.6,1678,15
317,2025-11-26 13:44:34+05:30,1011.1,100,1001.16,7353768,413846.0,435019.0,986.2,1012.8,981.3,986.2,120507750,1084.8,887.6,1102.5,649.1,1011.1,12,1,1011.0,573,3,1010.9,5,1,1010.8,192,4,1010.7,721,10,1011.2,283,4,1011.3,305,4,1011.4,1265,10,1011.5,1104,9,1011.6,1678,15
317,2025-11-26 13:44:35+05:30,1011.2,38,1001.16,7353768,413846.0,435019.0,986.2,1012.8,981.3,986.2,120507750,1084.8,887.6,1102.5,649.1,1011.1,12,1,1011.0,573,3,1010.9,5,1,1010.8,192,4,1010.7,721,10,1011.2,283,4,1011.3,305,4,1011.4,1265,10,1011.5,1104,9,1011.6,1678,15
317,2025-11-26 13:44:35+05:30,1011.0,50,1001.16,7353976,413958.0,434677.0,986.2,1012.8,981.3,986.2,120507750,1084.8,887.6,1102.5,649.1,1011.0,513,2,1010.9,35,2,1010.8,429,7,1010.7,581,7,1010.6,813,13,1011.2,240,3,1011.3,122,1,1011.4,1206,9,1011.5,644,8,1011.6,1678,15
317,2025-11-26 13:44:36+05:30,1011.0,127,1001.16,7353976,413958.0,434677.0,986.2,1012.8,981.3,986.2,120507750,1084.8,887.6,1102.5,649.1,1011.0,513,2,1010.9,35,2,1010.8,429,7,1010.7,581,7,1010.6,813,13,1011.2,240,3,1011.3,122,1,1011.4,1206,9,1011.5,644,8,1011.6,1678,15
317,2025-11-26 13:44:36+05:30,1011.0,127,1001.16,7354104,414052.0,435321.0,986.2,1012.8,981.3,986.2,120507750,1084.8,887.6,1102.5,649.1,1011.0,372,1,1010.9,53,4,1010.8,346,7,1010.7,581,7,1010.6,758,12,1011.2,240,3,1011.3,122,1,1011.4,1262,9,1011.5,1195,9,1011.6,1684,17
317,2025-11-26 13:44:37+05:30,1011.0,127,1001.16,7354104,414052.0,435321.0,986.2,1012.8,981.3,986.2,120507750,1084.8,887.6,1102.5,649.1,1011.0,372,1,1010.9,53,4,1010.8,346,7,1010.7,581,7,1010.6,758,12,1011.2,240,3,1011.3,122,1,1011.4,1262,9,1011.5,1195,9,1011.6,1684,17
317,2025-11-26 13:44:37+05:30,1011.0,127,1001.16,7354231,413781.0,435258.0,986.2,1012.8,981.3,986.2,120507750,1084.8,887.6,1102.5,649.1,1011.0,245,1,1010.9,53,4,1010.8,291,6,1010.7,636,8,1010.6,758,12,1011.2,240,3,1011.3,167,3,1011.4,1262,9,1011.5,1118,9,1011.6,1684,17
317,2025-11-26 13:44:38+05:30,1011.0,245,1001.16,7354231,413781.0,435258.0,986.2,1012.8,981.3,986.2,120507750,1084.8,887.6,1102.5,649.1,1011.0,245,1,1010.9,53,4,1010.8,291,6,1010.7,636,8,1010.6,758,12,1011.2,240,3,1011.3,167,3,1011.4,1262,9,1011.5,1118,9,1011.6,1684,17
317,2025-11-26 13:44:38+05:30,1011.0,128,1001.16,7354605,415412.0,435605.0,986.2,1012.8,981.3,986.2,120507750,1084.8,887.6,1102.5,649.1,1011.0,637,2,1010.9,18,2,1010.8,161,3,1010.7,518,6,1010.6,786,13,1011.1,99,1,1011.2,240,3,1011.3,428,7,1011.4,1327,12,1011.5,1188,10
317,2025-11-26 13:44:39+05:30,1011.0,10,1001.16,7354605,415412.0,435605.0,986.2,1012.8,981.3,986.2,120507750,1084.8,887.6,1102.5,649.1,1011.0,637,2,1010.9,18,2,1010.8,161,3,1010.7,518,6,1010.6,786,13,1011.1,99,1,1011.2,240,3,1011.3,428,7,1011.4,1327,12,1011.5,1188,10
317,2025-11-26 13:44:39+05:30,1010.9,1,1001.17,7355536,411912.0,436878.0,986.2,1012.8,981.3,986.2,120507750,1084.8,887.6,1102.5,649.1,1010.8,63,3,1010.7,46,1,1010.6,525,8,1010.5,860,12,1010.4,1589,10,1010.9,84,1,1011.1,5,1,1011.2,522,5,1011.3,1429,12,1011.4,1382,11
317,2025-11-26 13:44:40+05:30,1010.8,10,1001.17,7355536,411912.0,436878.0,986.2,1012.8,981.3,986.2,120507750,1084.8,887.6,1102.5,649.1,1010.8,63,3,1010.7,46,1,1010.6,525,8,1010.5,860,12,1010.4,1589,10,1010.9,84,1,1011.1,5,1,1011.2,522,5,1011.3,1429,12,1011.4,1382,11
317,2025-11-26 13:44:40+05:30,1010.8,4,1001.17,7355748,410926.0,435648.0,986.2,1012.8,981.3,986.2,120507750,1084.8,887.6,1102.5,649.1,1010.8,16,2,1010.7,800,2,1010.6,339,6,1010.5,585,9,1010.4,1634,11,1011.1,11,2,1011.2,594,8,1011.3,1246,11,1011.4,1382,11,1011.5,926,12
317,2025-11-26 13:44:41+05:30,1011.1,2,1001.17,7355748,410926.0,435648.0,986.2,1012.8,981.3,986.2,120507750,1084.8,887.6,1102.5,649.1,1010.8,16,2,1010.7,800,2,1010.6,339,6,1010.5,585,9,1010.4,1634,11,1011.1,11,2,1011.2,594,8,1011.3,1246,11,1011.4,1382,11,1011.5,926,12
317,2025-11-26 13:44:41+05:30,1011.1,2,1001.17,7355750,411501.0,435620.0,986.2,1012.8,981.3,986.2,120507750,1084.8,887.6,1102.5,649.1,1010.8,11,1,1010.7,800,2,1010.6,534,9,1010.5,592,10,1010.4,1669,12,1011.0,32,1,1011.1,9,2,1011.2,594,8,1011.3,1044,10,1011.4,1382,11
317,2025-11-26 13:44:42+05:30,1011.1,2,1001.17,7355750,411609.0,435676.0,986.2,1012.8,981.3,986.2,120507750,1084.8,887.6,1102.5,649.1,1010.8,11,1,1010.7,904,4,1010.6,534,9,1010.5,592,10,1010.4,1669,12,1011.0,32,1,1011.1,9,2,1011.2,586,8,1011.3,1044,10,1011.4,1382,11
317,2025-11-26 13:44:43+05:30,1011.2,43,1001.17,7355750,411609.0,435676.0,986.2,1012.8,981.3,986.2,120507750,1084.8,887.6,1102.5,649.1,1010.8,11,1,1010.7,904,4,1010.6,534,9,1010.5,592,10,1010.4,1669,12,1011.0,32,1,1011.1,9,2,1011.2,586,8,1011.3,1044,10,1011.4,1382,11
317,2025-11-26 13:44:43+05:30,1011.2,1,1001.17,7356790,411583.0,435426.0,986.2,1012.8,981.3,986.2,120507750,1084.8,887.6,1102.5,649.1,1011.0,3,1,1010.8,760,2,1010.7,176,3,1010.6,484,8,1010.5,822,12,1011.2,410,7,1011.3,870,6,1011.4,1318,11,1011.5,655,11,1011.6,1621,15
317,2025-11-26 13:44:44+05:30,1011.2,17,1001.17,7356790,411583.0,435426.0,986.2,1012.8,981.3,986.2,120507750,1084.8,887.6,1102.5,649.1,1011.0,3,1,1010.8,760,2,1010.7,176,3,1010.6,484,8,1010.5,822,12,1011.2,410,7,1011.3,870,6,1011.4,1318,11,1011.5,655,11,1011.6,1621,15
317,2025-11-26 13:44:45+05:30,1011.2,3,1001.17,7357040,411706.0,435990.0,986.2,1012.8,981.3,986.2,120507750,1084.8,887.6,1102.5,649.1,1011.0,17,1,1010.8,760,2,1010.7,296,4,1010.6,489,8,1010.5,859,13,1011.2,304,6,1011.3,921,6,1011.4,1327,12,1011.5,953,12,1011.6,1258,13
317,2025-11-26 13:44:45+05:30,1011.2,2,1001.17,7357040,411706.0,435990.0,986.2,1012.8,981.3,986.2,120507750,1084.8,887.6,1102.5,649.1,1011.0,17,1,1010.8,760,2,1010.7,296,4,1010.6,489,8,1010.5,859,13,1011.2,304,6,1011.3,921,6,1011.4,1327,12,1011.5,953,12,1011.6,1258,13
317,2025-11-26 13:44:46+05:30,1011.2,1,1001.17,7357209,411571.0,436376.0,986.2,1012.8,981.3,986.2,120507750,1084.8,887.6,1102.5,649.1,1010.9,15,3,1010.8,757,2,1010.7,291,3,1010.6,490,7,1010.5,852,12,1011.2,460,7,1011.3,999,9,1011.4,1297,11,1011.5,953,12,1011.6,1258,13
317,2025-11-26 13:44:46+05:30,1011.2,1,1001.17,7357209,411571.0,436376.0,986.2,1012.8,981.3,986.2,120507750,1084.8,887.6,1102.5,649.1,1010.9,15,3,1010.8,757,2,1010.7,291,3,1010.6,490,7,1010.5,852,12,1011.2,460,7,1011.3,999,9,1011.4,1297,11,1011.5,953,12,1011.6,1258,13
317,2025-11-26 13:44:46+05:30,1011.2,7,1001.17,7357216,411669.0,435988.0,986.2,1012.8,981.3,986.2,120507750,1084.8,887.6,1102.5,649.1,1011.0,11,1,1010.9,15,3,1010.8,757,2,1010.7,391,4,1010.6,387,6,1011.2,610,7,1011.3,979,7,1011.4,1315,11,1011.5,3145,11,1011.6,1551,13
317,2025-11-26 13:44:47+05:30,1011.2,7,1001.17,7357216,411669.0,435988.0,986.2,1012.8,981.3,986.2,120507750,1084.8,887.6,1102.5,649.1,1011.0,11,1,1010.9,15,3,1010.8,757,2,1010.7,391,4,1010.6,387,6,1011.2,610,7,1011.3,979,7,1011.4,1315,11,1011.5,3145,11,1011.6,1551,13
317,2025-11-26 13:44:47+05:30,1011.2,1,1001.17,7357217,411670.0,436542.0,986.2,1012.8,981.3,986.2,120507750,1084.8,887.6,1102.5,649.1,1011.0,11,1,1010.9,15,3,1010.8,757,2,1010.7,391,4,1010.6,387,6,1011.2,671,8,1011.3,979,7,1011.4,1315,11,1011.5,3443,12,1011.6,1253,12
317,2025-11-26 13:44:48+05:30,1011.2,1,1001.17,7357217,411670.0,436542.0,986.2,1012.8,981.3,986.2,120507750,1084.8,887.6,1102.5,649.1,1011.0,11,1,1010.9,15,3,1010.8,757,2,1010.7,391,4,1010.6,387,6,1011.2,671,8,1011.3,979,7,1011.4,1315,11,1011.5,3443,12,1011.6,1253,12
317,2025-11-26 13:44:48+05:30,1011.2,1,1001.17,7357217,411659.0,436542.0,986.2,1012.8,981.3,986.2,120507750,1084.8,887.6,1102.5,649.1,1011.0,11,1,1010.9,15,3,1010.8,757,2,1010.7,391,4,1010.6,387,6,1011.2,609,7,1011.3,979,7,1011.4,1315,11,1011.5,3443,12,1011.6,1253,12
317,2025-11-26 13:44:49+05:30,1011.2,1,1001.17,7357217,411643.0,436452.0,986.2,1012.8,981.3,986.2,120507750,1084.8,887.6,1102.5,649.1,1011.0,11,1,1010.9,15,3,1010.8,807,3,1010.7,328,3,1010.6,387,6,1011.1,53,1,1011.2,671,8,1011.3,934,7,1011.4,1315,11,1011.5,3443,12
317,2025-11-26 13:44:50+05:30,1011.1,1,1001.17,7357218,411644.0,436444.0,986.2,1012.8,981.3,986.2,120507750,1084.8,887.6,1102.5,649.1,1011.0,11,1,1010.9,15,3,1010.8,807,3,1010.7,372,4,1010.6,387,6,1011.1,53,2,1011.2,656,7,1011.3,941,8,1011.4,1315,11,1011.5,3443,12
317,2025-11-26 13:44:51+05:30,1011.1,1,1001.17,7357218,411644.0,436444.0,986.2,1012.8,981.3,986.2,120507750,1084.8,887.6,1102.5,649.1,1011.0,11,1,1010.9,15,3,1010.8,807,3,1010.7,372,4,1010.6,387,6,1011.1,53,2,1011.2,656,7,1011.3,941,8,1011.4,1315,11,1011.5,3443,12
317,2025-11-26 13:44:51+05:30,1011.0,1,1001.17,7357220,410431.0,437151.0,986.2,1012.8,981.3,986.2,120507750,1084.8,887.6,1102.5,649.1,1011.0,10,1,1010.9,15,3,1010.8,57,2,1010.7,144,2,1010.6,219,3,1011.1,160,4,1011.2,991,16,1011.3,1273,10,1011.4,1613,12,1011.5,3184,10
317,2025-11-26 13:44:52+05:30,1011.0,1,1001.17,7357220,410431.0,437151.0,986.2,1012.8,981.3,986.2,120507750,1084.8,887.6,1102.5,649.1,1011.0,10,1,1010.9,15,3,1010.8,57,2,1010.7,144,2,1010.6,219,3,1011.1,160,4,1011.2,991,16,1011.3,1273,10,1011.4,1613,12,1011.5,3184,10
317,2025-11-26 13:44:52+05:30,1011.1,5,1001.17,7357229,410636.0,437572.0,986.2,1012.8,981.3,986.2,120507750,1084.8,887.6,1102.5,649.1,1011.0,10,1,1010.9,15,3,1010.8,57,2,1010.7,144,2,1010.6,219,3,1011.1,89,3,1011.2,887,13,1011.3,1299,12,1011.4,1613,12,1011.5,3175,9
317,2025-11-26 13:44:53+05:30,1011.1,23,1001.17,7357229,410636.0,437572.0,986.2,1012.8,981.3,986.2,120507750,1084.8,887.6,1102.5,649.1,1011.0,10,1,1010.9,15,3,1010.8,57,2,1010.7,144,2,1010.6,219,3,1011.1,89,3,1011.2,887,13,1011.3,1299,12,1011.4,1613,12,1011.5,3175,9
317,2025-11-26 13:44:53+05:30,1011.1,23,1001.17,7357252,410327.0,436772.0,986.2,1012.8,981.3,986.2,120507750,1084.8,887.6,1102.5,649.1,1011.0,10,1,1010.9,15,3,1010.8,57,2,1010.7,144,2,1010.6,424,5,1011.1,74,4,1011.2,875,13,1011.3,1299,12,1011.4,1315,11,1011.5,3481,11
317,2025-11-26 13:44:54+05:30,1011.0,3,1001.17,7357252,410327.0,436772.0,986.2,1012.8,981.3,986.2,120507750,1084.8,887.6,1102.5,649.1,1011.0,10,1,1010.9,15,3,1010.8,57,2,1010.7,144,2,1010.6,424,5,1011.1,74,4,1011.2,875,13,1011.3,1299,12,1011.4,1315,11,1011.5,3481,11
317,2025-11-26 13:44:54+05:30,1011.0,3,1001.17,7357265,410559.0,436776.0,986.2,1012.8,981.3,986.2,120507750,1084.8,887.6,1102.5,649.1,1010.9,15,3,1010.8,57,2,1010.7,149,3,1010.6,1185,6,1010.5,825,11,1011.0,78,3,1011.1,9,2,1011.2,369,7,1011.3,1468,18,1011.4,1801,11
317,2025-11-26 13:44:55+05:30,1011.0,3,1001.17,7357265,410559.0,436776.0,986.2,1012.8,981.3,986.2,120507750,1084.8,887.6,1102.5,649.1,1010.9,15,3,1010.8,57,2,1010.7,149,3,1010.6,1185,6,1010.5,825,11,1011.0,78,3,1011.1,9,2,1011.2,369,7,1011.3,1468,18,1011.4,1801,11
317,2025-11-26 13:44:55+05:30,1011.0,13,1001.17,7357410,410559.0,436499.0,986.2,1012.8,981.3,986.2,120507750,1084.8,887.6,1102.5,649.1,1010.9,15,3,1010.8,57,2,1010.7,149,3,1010.6,1230,7,1010.5,825,11,1011.0,61,2,1011.1,132,4,1011.2,459,7,1011.3,1405,17,1011.4,1292,10
317,2025-11-26 13:44:56+05:30,1011.0,3,1001.17,7357410,410559.0,436499.0,986.2,1012.8,981.3,986.2,120507750,1084.8,887.6,1102.5,649.1,1010.9,15,3,1010.8,57,2,1010.7,149,3,1010.6,1230,7,1010.5,825,11,1011.0,61,2,1011.1,132,4,1011.2,459,7,1011.3,1405,17,1011.4,1292,10
317,2025-11-26 13:44:56+05:30,1011.0,1,1001.17,7357414,410569.0,436432.0,986.2,1012.8,981.3,986.2,120507750,1084.8,887.6,1102.5,649.1,1010.9,25,4,1010.8,57,2,1010.7,149,3,1010.6,1230,7,1010.5,825,11,1011.0,57,2,1011.1,9,2,1011.2,459,7,1011.3,1379,16,1011.4,1292,10
317,2025-11-26 13:44:57+05:30,1011.0,1,1001.17,7357414,410569.0,436432.0,986.2,1012.8,981.3,986.2,120507750,1084.8,887.6,1102.5,649.1,1010.9,25,4,1010.8,57,2,1010.7,149,3,1010.6,1230,7,1010.5,825,11,1011.0,57,2,1011.1,9,2,1011.2,459,7,1011.3,1379,16,1011.4,1292,10
317,2025-11-26 13:44:57+05:30,1011.0,1,1001.17,7357414,410609.0,436491.0,986.2,1012.8,981.3,986.2,120507750,1084.8,887.6,1102.5,649.1,1010.9,25,4,1010.8,57,2,1010.7,149,3,1010.6,1230,7,1010.5,898,13,1011.0,57,2,1011.1,9,2,1011.2,459,7,1011.3,1438,17,1011.4,1292,10
317,2025-11-26 13:44:58+05:30,1011.0,1,1001.17,7357414,410609.0,436491.0,986.2,1012.8,981.3,986.2,120507750,1084.8,887.6,1102.5,649.1,1010.9,25,4,1010.8,57,2,1010.7,149,3,1010.6,1230,7,1010.5,898,13,1011.0,57,2,1011.1,9,2,1011.2,459,7,1011.3,1438,17,1011.4,1292,10
317,2025-11-26 13:44:58+05:30,1011.0,1,1001.17,7357486,410656.0,436485.0,986.2,1012.8,981.3,986.2,120507750,1084.8,887.6,1102.5,649.1,1010.9,17,4,1010.8,57,2,1010.7,149,3,1010.6,1275,8,1010.5,898,13,1011.0,56,2,1011.1,1,1,1011.2,459,7,1011.3,1438,17,1011.4,1292,10
317,2025-11-26 13:44:59+05:30,1010.9,66,1001.17,7357486,410656.0,436485.0,986.2,1012.8,981.3,986.2,120507750,1084.8,887.6,1102.5,649.1,1010.9,17,4,1010.8,57,2,1010.7,149,3,1010.6,1275,8,1010.5,898,13,1011.0,56,2,1011.1,1,1,1011.2,459,7,1011.3,1438,17,1011.4,1292,10
317,2025-11-26 13:44:59+05:30,1010.9,66,1001.17,7357957,410636.0,437505.0,986.2,1012.8,981.3,986.2,120507750,1084.8,887.6,1102.5,649.1,1010.8,66,3,1010.7,207,4,1010.6,1171,7,1010.5,898,13,1010.4,1961,14,1011.0,127,3,1011.1,1,1,1011.2,998,8,1011.3,1438,17,1011.4,1598,12
317,2025-11-26 13:45:00+05:30,1011.0,1,1001.17,7357957,410636.0,437505.0,986.2,1012.8,981.3,986.2,120507750,1084.8,887.6,1102.5,649.1,1010.8,66,3,1010.7,207,4,1010.6,1171,7,1010.5,898,13,1010.4,1961,14,1011.0,127,3,1011.1,1,1,1011.2,998,8,1011.3,1438,17,1011.4,1598,12
317,2025-11-26 13:45:00+05:30,1010.8,1,1001.17,7357966,410647.0,437309.0,986.2,1012.8,981.3,986.2,120507750,1084.8,887.6,1102.5,649.1,1010.8,69,3,1010.7,215,5,1010.6,1171,7,1010.5,898,13,1010.4,1961,14,1011.0,161,4,1011.1,1,1,1011.2,998,8,1011.3,1438,17,1011.4,1598,12
317,2025-11-26 13:45:01+05:30,1011.0,1,1001.17,7357966,410647.0,437309.0,986.2,1012.8,981.3,986.2,120507750,1084.8,887.6,1102.5,649.1,1010.8,69,3,1010.7,215,5,1010.6,1171,7,1010.5,898,13,1010.4,1961,14,1011.0,161,4,1011.1,1,1,1011.2,998,8,1011.3,1438,17,1011.4,1598,12
317,2025-11-26 13:45:01+05:30,1011.0,1,1001.17,7357967,410691.0,437330.0,986.2,1012.8,981.3,986.2,120507750,1084.8,887.6,1102.5,649.1,1010.8,69,3,1010.7,259,6,1010.6,1171,7,1010.5,898,13,1010.4,1961,14,1011.0,182,4,1011.1,1,1,1011.2,998,8,1011.3,1438,17,1011.4,1598,12
317,2025-11-26 13:45:02+05:30,1011.0,1,1001.17,7357967,410691.0,437330.0,986.2,1012.8,981.3,986.2,120507750,1084.8,887.6,1102.5,649.1,1010.8,69,3,1010.7,259,6,1010.6,1171,7,1010.5,898,13,1010.4,1961,14,1011.0,182,4,1011.1,1,1,1011.2,998,8,1011.3,1438,17,1011.4,1598,12
317,2025-11-26 13:45:02+05:30,1011.0,1,1001.17,7357968,413855.0,437093.0,986.2,1012.8,981.3,986.2,120507750,1084.8,887.6,1102.5,649.1,1010.8,1332,13,1010.7,542,9,1010.6,653,11,1010.5,1203,17,1010.4,1973,14,1011.0,161,5,1011.2,90,2,1011.3,121,3,1011.4,1138,7,1011.5,3866,9
317,2025-11-26 13:45:03+05:30,1011.2,21,1001.17,7357968,413855.0,437093.0,986.2,1012.8,981.3,986.2,120507750,1084.8,887.6,1102.5,649.1,1010.8,1332,13,1010.7,542,9,1010.6,653,11,1010.5,1203,17,1010.4,1973,14,1011.0,161,5,1011.2,90,2,1011.3,121,3,1011.4,1138,7,1011.5,3866,9
317,2025-11-26 13:45:03+05:30,1010.9,1,1001.17,7358369,414704.0,436611.0,986.2,1012.8,981.3,986.2,120507750,1084.8,887.6,1102.5,649.1,1010.8,1332,13,1010.7,441,8,1010.6,593,7,1010.5,943,12,1010.4,1971,21,1010.9,7,1,1011.2,69,2,1011.3,328,4,1011.4,1204,9,1011.5,4157,10
317,2025-11-26 13:45:04+05:30,1010.9,7,1001.17,7358369,414704.0,436611.0,986.2,1012.8,981.3,986.2,120507750,1084.8,887.6,1102.5,649.1,1010.8,1332,13,1010.7,441,8,1010.6,593,7,1010.5,943,12,1010.4,1971,21,1010.9,7,1,1011.2,69,2,1011.3,328,4,1011.4,1204,9,1011.5,4157,10
317,2025-11-26 13:45:04+05:30,1010.9,7,1001.17,7358376,411733.0,436966.0,986.2,1012.8,981.3,986.2,120507750,1084.8,887.6,1102.5,649.1,1010.9,16,1,1010.8,118,4,1010.7,346,6,1010.6,1343,8,1010.5,984,13,1011.1,49,1,1011.2,390,5,1011.3,634,8,1011.4,1853,11,1011.5,4183,12
317,2025-11-26 13:45:05+05:30,1011.1,1,1001.17,7358376,411733.0,436966.0,986.2,1012.8,981.3,986.2,120507750,1084.8,887.6,1102.5,649.1,1010.9,16,1,1010.8,118,4,1010.7,346,6,1010.6,1343,8,1010.5,984,13,1011.1,49,1,1011.2,390,5,1011.3,634,8,1011.4,1853,11,1011.5,4183,12
317,2025-11-26 13:45:05+05:30,1011.1,1,1001.17,7358427,412420.0,436698.0,986.2,1012.8,981.3,986.2,120507750,1084.8,887.6,1102.5,649.1,1011.1,2,2,1010.9,19,2,1010.8,69,3,1010.7,413,7,1010.6,1352,9,1011.2,74,3,1011.3,1442,11,1011.4,1335,10,1011.5,3478,11,1011.6,790,13
317,2025-11-26 13:45:06+05:30,1011.2,1,1001.17,7358427,412420.0,436698.0,986.2,1012.8,981.3,986.2,120507750,1084.8,887.6,1102.5,649.1,1011.1,2,2,1010.9,19,2,1010.8,69,3,1010.7,413,7,1010.6,1352,9,1011.2,74,3,1011.3,1442,11,1011.4,1335,10,1011.5,3478,11,1011.6,790,13
317,2025-11-26 13:45:06+05:30,1011.0,38,1001.17,7358569,411653.0,437707.0,986.2,1012.8,981.3,986.2,120507750,1084.8,887.6,1102.5,649.1,1011.1,8,1,1010.9,19,2,1010.8,187,3,1010.7,1176,8,1010.6,658,8,1011.2,196,4,1011.3,375,6,1011.4,1176,10,1011.5,4220,12,1011.6,867,16
317,2025-11-26 13:45:07+05:30,1011.2,6,1001.17,7358569,411653.0,437707.0,986.2,1012.8,981.3,986.2,120507750,1084.8,887.6,1102.5,649.1,1011.1,8,1,1010.9,19,2,1010.8,187,3,1010.7,1176,8,1010.6,658,8,1011.2,196,4,1011.3,375,6,1011.4,1176,10,1011.5,4220,12,1011.6,867,16
317,2025-11-26 13:45:07+05:30,1011.2,5,1001.17,7358597,411653.0,437981.0,986.2,1012.8,981.3,986.2,120507750,1084.8,887.6,1102.5,649.1,1011.1,8,1,1010.9,19,2,1010.8,187,3,1010.7,1176,8,1010.6,658,8,1011.2,408,6,1011.3,501,7,1011.4,1233,11,1011.5,4220,12,1011.6,867,16
317,2025-11-26 13:45:08+05:30,1011.1,10,1001.17,7358597,411653.0,437981.0,986.2,1012.8,981.3,986.2,120507750,1084.8,887.6,1102.5,649.1,1011.1,8,1,1010.9,19,2,1010.8,187,3,1010.7,1176,8,1010.6,658,8,1011.2,408,6,1011.3,501,7,1011.4,1233,11,1011.5,4220,12,1011.6,867,16
317,2025-11-26 13:45:08+05:30,1011.2,1,1001.17,7358608,412540.0,437103.0,986.2,1012.8,981.3,986.2,120507750,1084.8,887.6,1102.5,649.1,1011.0,14,2,1010.9,24,3,1010.8,1075,7,1010.7,446,7,1010.6,1019,11,1011.1,23,1,1011.2,299,4,1011.3,173,5,1011.4,1279,10,1011.5,4198,11
317,2025-11-26 13:45:09+05:30,1011.2,1,1001.17,7358608,412540.0,437103.0,986.2,1012.8,981.3,986.2,120507750,1084.8,887.6,1102.5,649.1,1011.0,14,2,1010.9,24,3,1010.8,1075,7,1010.7,446,7,1010.6,1019,11,1011.1,23,1,1011.2,299,4,1011.3,173,5,1011.4,1279,10,1011.5,4198,11
317,2025-11-26 13:45:09+05:30,1011.2,1,1001.17,7358608,412671.0,437305.0,986.2,1012.8,981.3,986.2,120507750,1084.8,887.6,1102.5,649.1,1011.0,8,1,1010.9,24,3,1010.8,1215,8,1010.7,446,7,1010.6,1019,11,1011.1,23,1,1011.2,299,4,1011.3,173,5,1011.4,1279,10,1011.5,4198,11
317,2025-11-26 13:45:10+05:30,1011.1,1,1001.17,7358608,412671.0,437305.0,986.2,1012.8,981.3,986.2,120507750,1084.8,887.6,1102.5,649.1,1011.0,8,1,1010.9,24,3,1010.8,1215,8,1010.7,446,7,1010.6,1019,11,1011.1,23,1,1011.2,299,4,1011.3,173,5,1011.4,1279,10,1011.5,4198,11
317,2025-11-26 13:45:10+05:30,1011.1,2,1001.17,7358611,412721.0,437305.0,986.2,1012.8,981.3,986.2,120507750,1084.8,887.6,1102.5,649.1,1011.0,8,1,1010.9,66,4,1010.8,1256,9,1010.7,413,6,1010.6,1019,11,1011.1,20,1,1011.2,327,4,1011.3,173,5,1011.4,1236,9,1011.5,4198,11
317,2025-11-26 13:45:11+05:30,1011.1,2,1001.17,7358611,412721.0,437305.0,986.2,1012.8,981.3,986.2,120507750,1084.8,887.6,1102.5,649.1,1011.0,8,1,1010.9,66,4,1010.8,1256,9,1010.7,413,6,1010.6,1019,11,1011.1,20,1,1011.2,327,4,1011.3,173,5,1011.4,1236,9,1011.5,4198,11
317,2025-11-26 13:45:11+05:30,1011.1,10,1001.17,7358621,412498.0,437590.0,986.2,1012.8,981.3,986.2,120507750,1084.8,887.6,1102.5,649.1,1011.0,8,1,1010.9,111,5,1010.8,1075,7,1010.7,413,6,1010.6,1019,11,1011.1,11,2,1011.2,327,4,1011.3,133,4,1011.4,1136,8,1011.5,4289,12
317,2025-11-26 13:45:12+05:30,1011.1,10,1001.17,7358621,412498.0,437590.0,986.2,1012.8,981.3,986.2,120507750,1084.8,887.6,1102.5,649.1,1011.0,8,1,1010.9,111,5,1010.8,1075,7,1010.7,413,6,1010.6,1019,11,1011.1,11,2,1011.2,327,4,1011.3,133,4,1011.4,1136,8,1011.5,4289,12
317,2025-11-26 13:45:12+05:30,1011.1,6,1001.17,7358710,412597.0,437442.0,986.2,1012.8,981.3,986.2,120507750,1084.8,887.6,1102.5,649.1,1011.0,3,1,1010.9,69,4,1010.8,941,5,1010.7,450,7,1010.6,1064,12,1011.1,32,3,1011.2,106,2,1011.3,920,8,1011.4,1286,12,1011.5,4289,12
317,2025-11-26 13:45:13+05:30,1011.1,21,1001.17,7358710,412597.0,437442.0,986.2,1012.8,981.3,986.2,120507750,1084.8,887.6,1102.5,649.1,1011.0,3,1,1010.9,69,4,1010.8,941,5,1010.7,450,7,1010.6,1064,12,1011.1,32,3,1011.2,106,2,1011.3,920,8,1011.4,1286,12,1011.5,4289,12
317,2025-11-26 13:45:14+05:30,1011.3,1,1001.17,7359529,411622.0,437355.0,986.2,1012.8,981.3,986.2,120507750,1084.8,887.6,1102.5,649.1,1011.0,7,1,1010.9,8,2,1010.8,894,4,1010.7,445,7,1010.6,1109,13,1011.3,954,8,1011.4,1376,13,1011.5,4296,13,1011.6,973,18,1011.7,692,15
317,2025-11-26 13:45:14+05:30,1011.3,1,1001.17,7359529,411622.0,437355.0,986.2,1012.8,981.3,986.2,120507750,1084.8,887.6,1102.5,649.1,1011.0,7,1,1010.9,8,2,1010.8,894,4,1010.7,445,7,1010.6,1109,13,1011.3,954,8,1011.4,1376,13,1011.5,4296,13,1011.6,973,18,1011.7,692,15
317,2025-11-26 13:45:15+05:30,1011.3,1,1001.17,7359530,412389.0,436889.0,986.2,1012.8,981.3,986.2,120507750,1084.8,887.6,1102.5,649.1,1011.1,112,1,1011.0,12,2,1010.9,210,3,1010.8,1147,7,1010.7,445,7,1011.3,283,4,1011.4,1265,12,1011.5,4023,13,1011.6,1271,19,1011.7,790,15
317,2025-11-26 13:45:15+05:30,1011.3,2,1001.17,7359530,412389.0,436889.0,986.2,1012.8,981.3,986.2,120507750,1084.8,887.6,1102.5,649.1,1011.1,112,1,1011.0,12,2,1010.9,210,3,1010.8,1147,7,1010.7,445,7,1011.3,283,4,1011.4,1265,12,1011.5,4023,13,1011.6,1271,19,1011.7,790,15
317,2025-11-26 13:45:16+05:30,1011.2,71,1001.17,7359795,411797.0,436093.0,986.2,1012.8,981.3,986.2,120507750,1084.8,887.6,1102.5,649.1,1010.9,78,4,1010.8,1032,6,1010.7,445,7,1010.6,1164,13,1010.5,995,16,1011.3,499,6,1011.4,1256,10,1011.5,3974,12,1011.6,970,18,1011.7,645,13
317,2025-11-26 13:45:16+05:30,1011.2,71,1001.17,7359795,411797.0,436093.0,986.2,1012.8,981.3,986.2,120507750,1084.8,887.6,1102.5,649.1,1010.9,78,4,1010.8,1032,6,1010.7,445,7,1010.6,1164,13,1010.5,995,16,1011.3,499,6,1011.4,1256,10,1011.5,3974,12,1011.6,970,18,1011.7,645,13
317,2025-11-26 13:45:17+05:30,1011.3,1,1001.17,7359796,411829.0,436353.0,986.2,1012.8,981.3,986.2,120507750,1084.8,887.6,1102.5,649.1,1010.9,8,2,1010.8,847,4,1010.7,453,7,1010.6,1164,13,1010.5,995,16,1011.3,753,6,1011.4,1252,9,1011.5,4272,13,1011.6,973,19,1011.7,652,14
317,2025-11-26 13:45:17+05:30,1011.3,1,1001.17,7359796,411829.0,436353.0,986.2,1012.8,981.3,986.2,120507750,1084.8,887.6,1102.5,649.1,1010.9,8,2,1010.8,847,4,1010.7,453,7,1010.6,1164,13,1010.5,995,16,1011.3,753,6,1011.4,1252,9,1011.5,4272,13,1011.6,973,19,1011.7,652,14
317,2025-11-26 13:45:18+05:30,1011.3,1,1001.17,7359796,411701.0,436827.0,986.2,1012.8,981.3,986.2,120507750,1084.8,887.6,1102.5,649.1,1010.9,10,3,1010.8,892,5,1010.7,453,7,1010.6,1019,11,1010.5,1100,17,1011.2,131,1,1011.3,869,8,1011.4,1367,11,1011.5,4246,11,1011.6,909,14
317,2025-11-26 13:45:19+05:30,1011.3,1,1001.17,7359796,412630.0,437362.0,986.2,1012.8,981.3,986.2,120507750,1084.8,887.6,1102.5,649.1,1010.9,10,3,1010.8,892,5,1010.7,287,5,1010.6,614,9,1010.5,1100,17,1011.0,24,1,1011.2,131,1,1011.3,902,8,1011.4,1367,11,1011.5,4246,11
317,2025-11-26 13:45:20+05:30,1011.0,1,1001.17,7359796,412630.0,437362.0,986.2,1012.8,981.3,986.2,120507750,1084.8,887.6,1102.5,649.1,1010.9,10,3,1010.8,892,5,1010.7,287,5,1010.6,614,9,1010.5,1100,17,1011.0,24,1,1011.2,131,1,1011.3,902,8,1011.4,1367,11,1011.5,4246,11
317,2025-11-26 13:45:20+05:30,1011.0,1,1001.17,7359797,412630.0,437745.0,986.2,1012.8,981.3,986.2,120507750,1084.8,887.6,1102.5,649.1,1010.9,10,3,1010.8,892,5,1010.7,287,5,1010.6,614,9,1010.5,1100,17,1011.0,23,1,1011.2,131,1,1011.3,902,8,1011.4,1367,11,1011.5,4256,12
317,2025-11-26 13:45:21+05:30,1011.0,1,1001.17,7359929,412670.0,438574.0,986.2,1012.8,981.3,986.2,120507750,1084.8,887.6,1102.5,649.1,1010.9,4,1,1010.8,847,4,1010.7,297,5,1010.6,716,10,1010.5,995,16,1011.0,22,1,1011.2,395,3,1011.3,1035,9,1011.4,1403,13,1011.5,4266,13
317,2025-11-26 13:45:21+05:30,1011.0,1,1001.17,7359929,412670.0,438574.0,986.2,1012.8,981.3,986.2,120507750,1084.8,887.6,1102.5,649.1,1010.9,4,1,1010.8,847,4,1010.7,297,5,1010.6,716,10,1010.5,995,16,1011.0,22,1,1011.2,395,3,1011.3,1035,9,1011.4,1403,13,1011.5,4266,13
317,2025-11-26 13:45:22+05:30,1011.0,1,1001.17,7359929,412605.0,438605.0,986.2,1012.8,981.3,986.2,120507750,1084.8,887.6,1102.5,649.1,1010.9,4,1,1010.8,847,4,1010.7,297,5,1010.6,758,11,1010.5,1044,17,1011.0,22,1,1011.2,409,4,1011.3,1052,7,1011.4,1403,13,1011.5,4266,13
317,2025-11-26 13:45:23+05:30,1011.0,23,1001.17,7359929,412605.0,438605.0,986.2,1012.8,981.3,986.2,120507750,1084.8,887.6,1102.5,649.1,1010.9,4,1,1010.8,847,4,1010.7,297,5,1010.6,758,11,1010.5,1044,17,1011.0,22,1,1011.2,409,4,1011.3,1052,7,1011.4,1403,13,1011.5,4266,13
317,2025-11-26 13:45:23+05:30,1011.0,1,1001.17,7359961,412604.0,438300.0,986.2,1012.8,981.3,986.2,120507750,1084.8,887.6,1102.5,649.1,1010.9,4,1,1010.8,847,4,1010.7,255,4,1010.6,813,12,1010.5,1044,17,1011.0,23,1,1011.2,347,3,1011.3,1208,9,1011.4,1380,12,1011.5,4297,14
317,2025-11-26 13:45:24+05:30,1010.9,111,1001.17,7359961,412604.0,438300.0,986.2,1012.8,981.3,986.2,120507750,1084.8,887.6,1102.5,649.1,1010.9,4,1,1010.8,847,4,1010.7,255,4,1010.6,813,12,1010.5,1044,17,1011.0,23,1,1011.2,347,3,1011.3,1208,9,1011.4,1380,12,1011.5,4297,14
317,2025-11-26 13:45:24+05:30,1010.9,111,1001.17,7360164,411750.0,437910.0,986.2,1012.8,981.3,986.2,120507750,1084.8,887.6,1102.5,649.1,1011.0,23,1,1010.9,8,2,1010.8,792,3,1010.7,422,6,1010.6,682,9,1011.1,147,1,1011.2,14,1,1011.3,1063,7,1011.4,1357,10,1011.5,4254,12
317,2025-11-26 13:45:25+05:30,1011.1,2,1001.17,7360164,411750.0,437910.0,986.2,1012.8,981.3,986.2,120507750,1084.8,887.6,1102.5,649.1,1011.0,23,1,1010.9,8,2,1010.8,792,3,1010.7,422,6,1010.6,682,9,1011.1,147,1,1011.2,14,1,1011.3,1063,7,1011.4,1357,10,1011.5,4254,12
317,2025-11-26 13:45:25+05:30,1011.1,11,1001.17,7360190,411762.0,437693.0,986.2,1012.8,981.3,986.2,120507750,1084.8,887.6,1102.5,649.1,1011.0,23,1,1010.9,3,1,1010.8,799,4,1010.7,468,8,1010.6,682,9,1011.1,121,1,1011.2,14,1,1011.3,1063,7,1011.4,1399,11,1011.5,4254,12
317,2025-11-26 13:45:26+05:30,1011.0,10,1001.17,7360190,411762.0,437693.0,986.2,1012.8,981.3,986.2,120507750,1084.8,887.6,1102.5,649.1,1011.0,23,1,1010.9,3,1,1010.8,799,4,1010.7,468,8,1010.6,682,9,1011.1,121,1,1011.2,14,1,1011.3,1063,7,1011.4,1399,11,1011.5,4254,12
317,2025-11-26 13:45:26+05:30,1011.0,10,1001.17,7360202,411752.0,437444.0,986.2,1012.8,981.3,986.2,120507750,1084.8,887.6,1102.5,649.1,1011.0,13,1,1010.9,3,1,1010.8,799,4,1010.7,468,8,1010.6,682,9,1011.1,119,1,1011.2,14,1,1011.3,1063,7,1011.4,1427,12,1011.5,4268,13
317,2025-11-26 13:45:27+05:30,1011.0,10,1001.17,7360202,411792.0,437738.0,986.2,1012.8,981.3,986.2,120507750,1084.8,887.6,1102.5,649.1,1011.0,13,1,1010.9,3,1,1010.8,839,5,1010.7,468,8,1010.6,627,8,1011.1,120,2,1011.2,14,1,1011.3,1094,8,1011.4,1389,11,1011.5,4268,13
317,2025-11-26 13:45:28+05:30,1011.1,80,1001.17,7360202,411792.0,437738.0,986.2,1012.8,981.3,986.2,120507750,1084.8,887.6,1102.5,649.1,1011.0,13,1,1010.9,3,1,1010.8,839,5,1010.7,468,8,1010.6,627,8,1011.1,120,2,1011.2,14,1,1011.3,1094,8,1011.4,1389,11,1011.5,4268,13
317,2025-11-26 13:45:28+05:30,1011.1,80,1001.17,7360293,411855.0,438399.0,986.2,1012.8,981.3,986.2,120507750,1084.8,887.6,1102.5,649.1,1011.0,22,2,1010.9,58,2,1010.8,1088,8,1010.7,413,7,1010.6,627,8,1011.1,29,2,1011.2,14,1,1011.3,1063,7,1011.4,1368,10,1011.5,4299,14
317,2025-11-26 13:45:29+05:30,1011.0,56,1001.17,7360293,411855.0,438399.0,986.2,1012.8,981.3,986.2,120507750,1084.8,887.6,1102.5,649.1,1011.0,22,2,1010.9,58,2,1010.8,1088,8,1010.7,413,7,1010.6,627,8,1011.1,29,2,1011.2,14,1,1011.3,1063,7,1011.4,1368,10,1011.5,4299,14
317,2025-11-26 13:45:29+05:30,1011.0,56,1001.17,7360393,411900.0,438341.0,986.2,1012.8,981.3,986.2,120507750,1084.8,887.6,1102.5,649.1,1011.0,27,2,1010.9,98,3,1010.8,1088,8,1010.7,413,7,1010.6,627,8,1011.1,29,2,1011.2,14,1,1011.3,1063,7,1011.4,1333,10,1011.5,4268,13
317,2025-11-26 13:45:30+05:30,1011.1,24,1001.17,7360393,411900.0,438341.0,986.2,1012.8,981.3,986.2,120507750,1084.8,887.6,1102.5,649.1,1011.0,27,2,1010.9,98,3,1010.8,1088,8,1010.7,413,7,1010.6,627,8,1011.1,29,2,1011.2,14,1,1011.3,1063,7,1011.4,1333,10,1011.5,4268,13
317,2025-11-26 13:45:30+05:30,1011.0,8,1001.17,7360454,411784.0,438013.0,986.2,1012.8,981.3,986.2,120507750,1084.8,887.6,1102.5,649.1,1011.0,19,2,1010.9,46,3,1010.8,946,7,1010.7,411,7,1010.6,627,8,1011.1,123,1,1011.2,45,2,1011.3,873,6,1011.4,1270,8,1011.5,4268,13
317,2025-11-26 13:45:31+05:30,1011.1,50,1001.17,7360454,411784.0,438013.0,986.2,1012.8,981.3,986.2,120507750,1084.8,887.6,1102.5,649.1,1011.0,19,2,1010.9,46,3,1010.8,946,7,1010.7,411,7,1010.6,627,8,1011.1,123,1,1011.2,45,2,1011.3,873,6,1011.4,1270,8,1011.5,4268,13
317,2025-11-26 13:45:31+05:30,1011.1,50,1001.17,7360826,411834.0,438287.0,986.2,1012.8,981.3,986.2,120507750,1084.8,887.6,1102.5,649.1,1011.0,19,2,1010.9,46,3,1010.8,1084,8,1010.7,463,8,1010.6,627,8,1011.1,97,1,1011.2,45,2,1011.3,873,6,1011.4,1270,8,1011.5,4268,13
317,2025-11-26 13:45:32+05:30,1011.1,33,1001.17,7360826,411834.0,438287.0,986.2,1012.8,981.3,986.2,120507750,1084.8,887.6,1102.5,649.1,1011.0,19,2,1010.9,46,3,1010.8,1084,8,1010.7,463,8,1010.6,627,8,1011.1,97,1,1011.2,45,2,1011.3,873,6,1011.4,1270,8,1011.5,4268,13
317,2025-11-26 13:45:32+05:30,1011.1,1,1001.17,7360957,411810.0,438015.0,986.2,1012.8,981.3,986.2,120507750,1084.8,887.6,1102.5,649.1,1011.0,19,2,1010.9,46,3,1010.8,1084,8,1010.7,463,8,1010.6,603,7,1011.1,254,2,1011.2,45,2,1011.3,310,5,1011.4,1719,8,1011.5,3879,11
317,2025-11-26 13:45:33+05:30,1011.1,23,1001.17,7360957,411810.0,438015.0,986.2,1012.8,981.3,986.2,120507750,1084.8,887.6,1102.5,649.1,1011.0,19,2,1010.9,46,3,1010.8,1084,8,1010.7,463,8,1010.6,603,7,1011.1,254,2,1011.2,45,2,1011.3,310,5,1011.4,1719,8,1011.5,3879,11
317,2025-11-26 13:45:33+05:30,1011.1,23,1001.17,7361018,411810.0,438134.0,986.2,1012.8,981.3,986.2,120507750,1084.8,887.6,1102.5,649.1,1011.0,19,2,1010.9,46,3,1010.8,1084,8,1010.7,463,8,1010.6,603,7,1011.1,201,3,1011.2,45,2,1011.3,848,6,1011.4,1181,7,1011.5,4184,13
317,2025-11-26 13:45:34+05:30,1011.1,91,1001.17,7361018,411810.0,438134.0,986.2,1012.8,981.3,986.2,120507750,1084.8,887.6,1102.5,649.1,1011.0,19,2,1010.9,46,3,1010.8,1084,8,1010.7,463,8,1010.6,603,7,1011.1,201,3,1011.2,45,2,1011.3,848,6,1011.4,1181,7,1011.5,4184,13
317,2025-11-26 13:45:34+05:30,1011.1,91,1001.17,7361155,411795.0,437697.0,986.2,1012.8,981.3,986.2,120507750,1084.8,887.6,1102.5,649.1,1011.0,4,1,1010.9,46,3,1010.8,1084,8,1010.7,463,8,1010.6,603,7,1011.1,64,2,1011.2,45,2,1011.3,848,6,1011.4,1181,7,1011.5,4184,13
317,2025-11-26 13:45:35+05:30,1011.1,2,1001.17,7361155,411795.0,437697.0,986.2,1012.8,981.3,986.2,120507750,1084.8,887.6,1102.5,649.1,1011.0,4,1,1010.9,46,3,1010.8,1084,8,1010.7,463,8,1010.6,603,7,1011.1,64,2,1011.2,45,2,1011.3,848,6,1011.4,1181,7,1011.5,4184,13
317,2025-11-26 13:45:35+05:30,1011.3,9,1001.17,7362373,414236.0,434343.0,986.2,1012.8,981.3,986.2,120507750,1084.8,887.6,1102.5,649.1,1011.1,36,3,1011.0,84,4,1010.9,1574,12,1010.8,718,10,1010.7,773,11,1011.3,125,1,1011.4,702,2,1011.5,2555,4,1011.6,335,4,1011.7,1553,19
317,2025-11-26 13:45:36+05:30,1011.1,11,1001.17,7362373,414236.0,434343.0,986.2,1012.8,981.3,986.2,120507750,1084.8,887.6,1102.5,649.1,1011.1,36,3,1011.0,84,4,1010.9,1574,12,1010.8,718,10,1010.7,773,11,1011.3,125,1,1011.4,702,2,1011.5,2555,4,1011.6,335,4,1011.7,1553,19
317,2025-11-26 13:45:36+05:30,1011.3,1,1001.17,7362387,413951.0,435318.0,986.2,1012.8,981.3,986.2,120507750,1084.8,887.6,1102.5,649.1,1011.1,23,3,1011.0,64,4,1010.9,1378,11,1010.8,718,10,1010.7,676,10,1011.3,124,1,1011.4,781,3,1011.5,2915,8,1011.6,540,7,1011.7,1036,18
317,2025-11-26 13:45:37+05:30,1011.3,2,1001.17,7362387,413951.0,435318.0,986.2,1012.8,981.3,986.2,120507750,1084.8,887.6,1102.5,649.1,1011.1,23,3,1011.0,64,4,1010.9,1378,11,1010.8,718,10,1010.7,676,10,1011.3,124,1,1011.4,781,3,1011.5,2915,8,1011.6,540,7,1011.7,1036,18
317,2025-11-26 13:45:37+05:30,1011.3,2,1001.17,7362389,413673.0,435723.0,986.2,1012.8,981.3,986.2,120507750,1084.8,887.6,1102.5,649.1,1011.1,26,3,1011.0,60,3,1010.9,1267,10,1010.8,718,10,1010.7,777,11,1011.3,122,1,1011.4,781,3,1011.5,2915,8,1011.6,838,8,1011.7,738,17
317,2025-11-26 13:45:38+05:30,1011.3,2,1001.17,7362389,413469.0,435747.0,986.2,1012.8,981.3,986.2,120507750,1084.8,887.6,1102.5,649.1,1011.1,33,4,1011.0,103,4,1010.9,1267,10,1010.8,711,9,1010.7,777,11,1011.3,122,1,1011.4,702,2,1011.5,2886,8,1011.6,838,8,1011.7,738,17
317,2025-11-26 13:45:39+05:30,1011.1,1,1001.17,7362389,413469.0,435747.0,986.2,1012.8,981.3,986.2,120507750,1084.8,887.6,1102.5,649.1,1011.1,33,4,1011.0,103,4,1010.9,1267,10,1010.8,711,9,1010.7,777,11,1011.3,122,1,1011.4,702,2,1011.5,2886,8,1011.6,838,8,1011.7,738,17
317,2025-11-26 13:45:39+05:30,1011.1,1,1001.18,7362533,414118.0,436625.0,986.2,1012.8,981.3,986.2,120507750,1084.8,887.6,1102.5,649.1,1011.1,31,4,1011.0,160,4,1010.9,1209,9,1010.8,811,10,1010.7,676,10,1011.2,43,1,1011.3,122,1,1011.4,702,2,1011.5,2997,9,1011.6,838,8
317,2025-11-26 13:45:40+05:30,1011.2,1,1001.18,7362533,414118.0,436625.0,986.2,1012.8,981.3,986.2,120507750,1084.8,887.6,1102.5,649.1,1011.1,31,4,1011.0,160,4,1010.9,1209,9,1010.8,811,10,1010.7,676,10,1011.2,43,1,1011.3,122,1,1011.4,702,2,1011.5,2997,9,1011.6,838,8
317,2025-11-26 13:45:40+05:30,1011.2,278,1001.18,7362812,414594.0,435467.0,986.2,1012.8,981.3,986.2,120507750,1084.8,887.6,1102.5,649.1,1011.1,117,6,1011.0,1093,8,1010.9,425,7,1010.8,646,8,1010.7,799,13,1011.3,122,1,1011.4,702,2,1011.5,3267,5,1011.6,457,6,1011.7,738,17
317,2025-11-26 13:45:41+05:30,1011.3,2,1001.18,7362812,414594.0,435467.0,986.2,1012.8,981.3,986.2,120507750,1084.8,887.6,1102.5,649.1,1011.1,117,6,1011.0,1093,8,1010.9,425,7,1010.8,646,8,1010.7,799,13,1011.3,122,1,1011.4,702,2,1011.5,3267,5,1011.6,457,6,1011.7,738,17
317,2025-11-26 13:45:41+05:30,1011.3,1,1001.18,7362815,414796.0,435657.0,986.2,1012.8,981.3,986.2,120507750,1084.8,887.6,1102.5,649.1,1011.1,53,5,1011.0,1093,8,1010.9,489,8,1010.8,646,8,1010.7,799,13,1011.3,237,2,1011.4,702,2,1011.5,3267,5,1011.6,457,6,1011.7,1036,18
317,2025-11-26 13:45:42+05:30,1011.3,1,1001.18,7362815,414796.0,435657.0,986.2,1012.8,981.3,986.2,120507750,1084.8,887.6,1102.5,649.1,1011.1,53,5,1011.0,1093,8,1010.9,489,8,1010.8,646,8,1010.7,799,13,1011.3,237,2,1011.4,702,2,1011.5,3267,5,1011.6,457,6,1011.7,1036,18
317,2025-11-26 13:45:42+05:30,1011.3,1,1001.18,7362815,414067.0,435897.0,986.2,1012.8,981.3,986.2,120507750,1084.8,887.6,1102.5,649.1,1011.1,31,4,1011.0,938,5,1010.9,456,7,1010.8,646,8,1010.7,773,11,1011.3,237,2,1011.4,702,2,1011.5,3267,5,1011.6,457,6,1011.7,1036,18
317,2025-11-26 13:45:43+05:30,1011.3,23,1001.18,7362815,414067.0,435897.0,986.2,1012.8,981.3,986.2,120507750,1084.8,887.6,1102.5,649.1,1011.1,31,4,1011.0,938,5,1010.9,456,7,1010.8,646,8,1010.7,773,11,1011.3,237,2,1011.4,702,2,1011.5,3267,5,1011.6,457,6,1011.7,1036,18
317,2025-11-26 13:45:43+05:30,1011.3,23,1001.18,7362847,414270.0,435880.0,986.2,1012.8,981.3,986.2,120507750,1084.8,887.6,1102.5,649.1,1011.1,31,4,1011.0,938,5,1010.9,554,9,1010.8,646,8,1010.7,878,18,1011.3,205,2,1011.4,702,2,1011.5,3267,5,1011.6,457,6,1011.7,1036,18
317,2025-11-26 13:45:44+05:30,1011.3,20,1001.18,7362847,414270.0,435880.0,986.2,1012.8,981.3,986.2,120507750,1084.8,887.6,1102.5,649.1,1011.1,31,4,1011.0,938,5,1010.9,554,9,1010.8,646,8,1010.7,878,18,1011.3,205,2,1011.4,702,2,1011.5,3267,5,1011.6,457,6,1011.7,1036,18
317,2025-11-26 13:45:44+05:30,1011.3,7,1001.18,7363157,412513.0,437359.0,986.2,1012.8,981.3,986.2,120507750,1084.8,887.6,1102.5,649.1,1011.1,1,1,1011.0,59,4,1010.9,792,4,1010.8,407,6,1010.7,702,9,1011.3,130,2,1011.4,1638,7,1011.5,3214,13,1011.6,798,9,1011.7,739,14
317,2025-11-26 13:45:45+05:30,1011.3,2,1001.18,7363157,412513.0,437359.0,986.2,1012.8,981.3,986.2,120507750,1084.8,887.6,1102.5,649.1,1011.1,1,1,1011.0,59,4,1010.9,792,4,1010.8,407,6,1010.7,702,9,1011.3,130,2,1011.4,1638,7,1011.5,3214,13,1011.6,798,9,1011.7,739,14
317,2025-11-26 13:45:45+05:30,1011.3,2,1001.18,7363159,412901.0,436708.0,986.2,1012.8,981.3,986.2,120507750,1084.8,887.6,1102.5,649.1,1011.1,2,2,1011.0,59,4,1010.9,792,4,1010.8,483,6,1010.7,766,10,1011.3,128,2,1011.4,1778,8,1011.5,3210,13,1011.6,798,9,1011.7,739,14
317,2025-11-26 13:45:46+05:30,1011.3,1,1001.18,7363159,412901.0,436708.0,986.2,1012.8,981.3,986.2,120507750,1084.8,887.6,1102.5,649.1,1011.1,2,2,1011.0,59,4,1010.9,792,4,1010.8,483,6,1010.7,766,10,1011.3,128,2,1011.4,1778,8,1011.5,3210,13,1011.6,798,9,1011.7,739,14
317,2025-11-26 13:45:46+05:30,1011.3,1,1001.18,7363162,412901.0,436772.0,986.2,1012.8,981.3,986.2,120507750,1084.8,887.6,1102.5,649.1,1011.1,2,2,1011.0,59,4,1010.9,792,4,1010.8,483,6,1010.7,766,10,1011.3,125,2,1011.4,1778,8,1011.5,3210,13,1011.6,798,9,1011.7,739,14
317,2025-11-26 13:45:47+05:30,1011.3,1,1001.18,7363162,412901.0,436693.0,986.2,1012.8,981.3,986.2,120507750,1084.8,887.6,1102.5,649.1,1011.1,2,2,1011.0,59,4,1010.9,792,4,1010.8,483,6,1010.7,766,10,1011.3,125,2,1011.4,1778,8,1011.5,3210,13,1011.6,798,9,1011.7,739,14
317,2025-11-26 13:45:48+05:30,1011.3,1,1001.18,7363162,412901.0,436805.0,986.2,1012.8,981.3,986.2,120507750,1084.8,887.6,1102.5,649.1,1011.1,2,2,1011.0,59,4,1010.9,792,4,1010.8,483,6,1010.7,766,10,1011.3,125,2,1011.4,1778,8,1011.5,3210,13,1011.6,868,10,1011.7,739,14
317,2025-11-26 13:45:49+05:30,1011.3,70,1001.18,7363162,412901.0,436805.0,986.2,1012.8,981.3,986.2,120507750,1084.8,887.6,1102.5,649.1,1011.1,2,2,1011.0,59,4,1010.9,792,4,1010.8,483,6,1010.7,766,10,1011.3,125,2,1011.4,1778,8,1011.5,3210,13,1011.6,868,10,1011.7,739,14
317,2025-11-26 13:45:49+05:30,1011.3,18,1001.18,7364324,411145.0,438574.0,986.2,1012.8,981.3,986.2,120507750,1084.8,887.6,1102.5,649.1,1010.9,6,2,1010.8,7,1,1010.7,458,6,1010.6,873,8,1010.5,1076,14,1011.3,1171,9,1011.4,2116,11,1011.5,3804,16,1011.6,867,18,1011.7,711,15
317,2025-11-26 13:45:50+05:30,1011.3,1,1001.18,7364324,411145.0,438574.0,986.2,1012.8,981.3,986.2,120507750,1084.8,887.6,1102.5,649.1,1010.9,6,2,1010.8,7,1,1010.7,458,6,1010.6,873,8,1010.5,1076,14,1011.3,1171,9,1011.4,2116,11,1011.5,3804,16,1011.6,867,18,1011.7,711,15
317,2025-11-26 13:45:50+05:30,1011.3,1,1001.18,7364326,411640.0,439356.0,986.2,1012.8,981.3,986.2,120507750,1084.8,887.6,1102.5,649.1,1011.1,8,1,1010.9,26,4,1010.8,115,2,1010.7,458,6,1010.6,932,9,1011.3,498,6,1011.4,2096,10,1011.5,3831,17,1011.6,873,19,1011.7,851,16
317,2025-11-26 13:45:51+05:30,1011.3,1,1001.18,7364326,411640.0,439356.0,986.2,1012.8,981.3,986.2,120507750,1084.8,887.6,1102.5,649.1,1011.1,8,1,1010.9,26,4,1010.8,115,2,1010.7,458,6,1010.6,932,9,1011.3,498,6,1011.4,2096,10,1011.5,3831,17,1011.6,873,19,1011.7,851,16
317,2025-11-26 13:45:51+05:30,1011.3,1,1001.18,7364327,412244.0,438126.0,986.2,1012.8,981.3,986.2,120507750,1084.8,887.6,1102.5,649.1,1011.1,8,1,1010.9,26,4,1010.8,159,3,1010.7,1267,8,1010.6,958,10,1011.3,114,2,1011.4,2140,9,1011.5,3888,18,1011.6,835,16,1011.7,877,18
317,2025-11-26 13:45:52+05:30,1011.3,1,1001.18,7364327,412385.0,438099.0,986.2,1012.8,981.3,986.2,120507750,1084.8,887.6,1102.5,649.1,1011.1,13,2,1010.9,22,3,1010.8,299,4,1010.7,1267,8,1010.6,958,10,1011.3,114,2,1011.4,2140,9,1011.5,3590,17,1011.6,1133,17,1011.7,877,18
317,2025-11-26 13:45:53+05:30,1011.3,5,1001.18,7364327,412385.0,438099.0,986.2,1012.8,981.3,986.2,120507750,1084.8,887.6,1102.5,649.1,1011.1,13,2,1010.9,22,3,1010.8,299,4,1010.7,1267,8,1010.6,958,10,1011.3,114,2,1011.4,2140,9,1011.5,3590,17,1011.6,1133,17,1011.7,877,18
317,2025-11-26 13:45:53+05:30,1011.3,5,1001.18,7364359,412385.0,438126.0,986.2,1012.8,981.3,986.2,120507750,1084.8,887.6,1102.5,649.1,1011.1,13,2,1010.9,22,3,1010.8,299,4,1010.7,1267,8,1010.6,958,10,1011.3,141,4,1011.4,2140,9,1011.5,3590,17,1011.6,1116,16,1011.7,894,19
317,2025-11-26 13:45:54+05:30,1011.3,1,1001.18,7364359,412385.0,438126.0,986.2,1012.8,981.3,986.2,120507750,1084.8,887.6,1102.5,649.1,1011.1,13,2,1010.9,22,3,1010.8,299,4,1010.7,1267,8,1010.6,958,10,1011.3,141,4,1011.4,2140,9,1011.5,3590,17,1011.6,1116,16,1011.7,894,19
317,2025-11-26 13:45:54+05:30,1011.3,1,1001.18,7364360,413063.0,437236.0,986.2,1012.8,981.3,986.2,120507750,1084.8,887.6,1102.5,649.1,1011.2,122,3,1011.1,13,2,1011.0,46,2,1010.9,587,7,1010.8,1202,6,1011.3,58,2,1011.4,1550,4,1011.5,3093,9,1011.6,804,12,1011.7,1177,20
317,2025-11-26 13:45:55+05:30,1011.3,3,1001.18,7364360,413063.0,437236.0,986.2,1012.8,981.3,986.2,120507750,1084.8,887.6,1102.5,649.1,1011.2,122,3,1011.1,13,2,1011.0,46,2,1010.9,587,7,1010.8,1202,6,1011.3,58,2,1011.4,1550,4,1011.5,3093,9,1011.6,804,12,1011.7,1177,20
317,2025-11-26 13:45:55+05:30,1011.3,12,1001.18,7364390,413045.0,437146.0,986.2,1012.8,981.3,986.2,120507750,1084.8,887.6,1102.5,649.1,1011.2,129,4,1011.1,24,2,1011.0,46,2,1010.9,616,7,1010.8,1249,7,1011.3,36,2,1011.4,1601,5,1011.5,3042,7,1011.6,775,11,1011.7,1178,21
317,2025-11-26 13:45:56+05:30,1011.3,3,1001.18,7364390,413045.0,437146.0,986.2,1012.8,981.3,986.2,120507750,1084.8,887.6,1102.5,649.1,1011.2,129,4,1011.1,24,2,1011.0,46,2,1010.9,616,7,1010.8,1249,7,1011.3,36,2,1011.4,1601,5,1011.5,3042,7,1011.6,775,11,1011.7,1178,21
317,2025-11-26 13:45:56+05:30,1011.3,3,1001.18,7364393,413087.0,437179.0,986.2,1012.8,981.3,986.2,120507750,1084.8,887.6,1102.5,649.1,1011.2,134,5,1011.1,24,2,1011.0,46,2,1010.9,674,8,1010.8,1281,8,1011.3,33,2,1011.4,1601,5,1011.5,3042,7,1011.6,1096,13,1011.7,880,20
317,2025-11-26 13:45:57+05:30,1011.3,3,1001.18,7364393,413156.0,437184.0,986.2,1012.8,981.3,986.2,120507750,1084.8,887.6,1102.5,649.1,1011.2,134,5,1011.1,24,2,1011.0,46,2,1010.9,1324,8,1010.8,531,7,1011.3,33,2,1011.4,1601,5,1011.5,3042,7,1011.6,749,10,1011.7,1178,21
317,2025-11-26 13:45:58+05:30,1011.2,63,1001.18,7364393,413156.0,437184.0,986.2,1012.8,981.3,986.2,120507750,1084.8,887.6,1102.5,649.1,1011.2,134,5,1011.1,24,2,1011.0,46,2,1010.9,1324,8,1010.8,531,7,1011.3,33,2,1011.4,1601,5,1011.5,3042,7,1011.6,749,10,1011.7,1178,21
317,2025-11-26 13:45:58+05:30,1011.2,63,1001.18,7364456,413115.0,437176.0,986.2,1012.8,981.3,986.2,120507750,1084.8,887.6,1102.5,649.1,1011.2,71,5,1011.1,24,2,1011.0,2417,3,1010.9,1202,8,1010.8,665,8,1011.3,25,1,1011.4,1601,5,1011.5,3042,7,1011.6,749,10,1011.7,1178,21
317,2025-11-26 13:45:59+05:30,1011.2,11,1001.18,7364456,413115.0,437176.0,986.2,1012.8,981.3,986.2,120507750,1084.8,887.6,1102.5,649.1,1011.2,71,5,1011.1,24,2,1011.0,2417,3,1010.9,1202,8,1010.8,665,8,1011.3,25,1,1011.4,1601,5,1011.5,3042,7,1011.6,749,10,1011.7,1178,21
317,2025-11-26 13:45:59+05:30,1011.3,1,1001.18,7364716,413269.0,436380.0,986.2,1012.8,981.3,986.2,120507750,1084.8,887.6,1102.5,649.1,1011.2,7,2,1011.1,24,2,1011.0,2631,5,1010.9,1386,11,1010.8,633,7,1011.3,24,1,1011.4,851,4,1011.5,2930,6,1011.6,598,8,1011.7,1184,22
317,2025-11-26 13:46:00+05:30,1011.3,1,1001.18,7364716,413269.0,436380.0,986.2,1012.8,981.3,986.2,120507750,1084.8,887.6,1102.5,649.1,1011.2,7,2,1011.1,24,2,1011.0,2631,5,1010.9,1386,11,1010.8,633,7,1011.3,24,1,1011.4,851,4,1011.5,2930,6,1011.6,598,8,1011.7,1184,22
317,2025-11-26 13:46:00+05:30,1011.3,77,1001.18,7364925,414536.0,437156.0,986.2,1012.8,981.3,986.2,120507750,1084.8,887.6,1102.5,649.1,1011.2,36,3,1011.1,198,5,1011.0,3641,10,1010.9,555,8,1010.8,815,16,1011.3,51,1,1011.4,851,4,1011.5,2502,2,1011.6,472,5,1011.7,778,16
317,2025-11-26 13:46:01+05:30,1011.3,1,1001.18,7364925,414536.0,437156.0,986.2,1012.8,981.3,986.2,120507750,1084.8,887.6,1102.5,649.1,1011.2,36,3,1011.1,198,5,1011.0,3641,10,1010.9,555,8,1010.8,815,16,1011.3,51,1,1011.4,851,4,1011.5,2502,2,1011.6,472,5,1011.7,778,16
317,2025-11-26 13:46:01+05:30,1011.3,1,1001.18,7364926,414291.0,437225.0,986.2,1012.8,981.3,986.2,120507750,1084.8,887.6,1102.5,649.1,1011.2,49,4,1011.1,24,2,1011.0,3559,10,1010.9,555,8,1010.8,754,12,1011.3,50,1,1011.4,851,4,1011.5,2502,2,1011.6,402,4,1011.7,1089,18
317,2025-11-26 13:46:02+05:30,1011.3,4,1001.18,7364931,414454.0,437285.0,986.2,1012.8,981.3,986.2,120507750,1084.8,887.6,1102.5,649.1,1011.2,48,4,1011.1,66,3,1011.0,3559,10,1010.9,555,8,1010.8,767,13,1011.3,95,2,1011.4,883,5,1011.5,2502,2,1011.6,402,4,1011.7,1089,18
317,2025-11-26 13:46:03+05:30,1011.3,23,1001.18,7364931,414454.0,437285.0,986.2,1012.8,981.3,986.2,120507750,1084.8,887.6,1102.5,649.1,1011.2,48,4,1011.1,66,3,1011.0,3559,10,1010.9,555,8,1010.8,767,13,1011.3,95,2,1011.4,883,5,1011.5,2502,2,1011.6,402,4,1011.7,1089,18
317,2025-11-26 13:46:04+05:30,1011.3,92,1001.18,7365165,414655.0,435994.0,986.2,1012.8,981.3,986.2,120507750,1084.8,887.6,1102.5,649.1,1011.3,21,1,1011.2,48,4,1011.1,140,3,1011.0,3449,8,1010.9,659,10,1011.4,883,5,1011.5,2502,2,1011.6,220,2,1011.7,689,16,1011.8,1714,11
317,2025-11-26 13:46:04+05:30,1011.3,92,1001.18,7365165,414655.0,435994.0,986.2,1012.8,981.3,986.2,120507750,1084.8,887.6,1102.5,649.1,1011.3,21,1,1011.2,48,4,1011.1,140,3,1011.0,3449,8,1010.9,659,10,1011.4,883,5,1011.5,2502,2,1011.6,220,2,1011.7,689,16,1011.8,1714,11
317,2025-11-26 13:46:05+05:30,1011.4,2,1001.18,7365167,414810.0,436340.0,986.2,1012.8,981.3,986.2,120507750,1084.8,887.6,1102.5,649.1,1011.3,34,2,1011.2,28,1,1011.1,140,3,1011.0,3453,9,1010.9,662,11,1011.4,881,5,1011.5,2502,2,1011.6,220,2,1011.7,1268,18,1011.8,1720,12
317,2025-11-26 13:46:05+05:30,1011.4,2,1001.18,7365167,414810.0,436340.0,986.2,1012.8,981.3,986.2,120507750,1084.8,887.6,1102.5,649.1,1011.3,34,2,1011.2,28,1,1011.1,140,3,1011.0,3453,9,1010.9,662,11,1011.4,881,5,1011.5,2502,2,1011.6,220,2,1011.7,1268,18,1011.8,1720,12
317,2025-11-26 13:46:06+05:30,1011.3,1,1001.18,7365167,414810.0,436340.0,986.2,1012.8,981.3,986.2,120507750,1084.8,887.6,1102.5,649.1,1011.3,34,2,1011.2,28,1,1011.1,140,3,1011.0,3453,9,1010.9,662,11,1011.4,881,5,1011.5,2502,2,1011.6,220,2,1011.7,1268,18,1011.8,1720,12
317,2025-11-26 13:46:06+05:30,1011.3,1,1001.18,7365184,414749.0,436037.0,986.2,1012.8,981.3,986.2,120507750,1084.8,887.6,1102.5,649.1,1011.3,18,2,1011.2,28,1,1011.1,66,3,1011.0,3453,9,1010.9,662,11,1011.4,880,5,1011.5,2502,2,1011.6,220,2,1011.7,1268,18,1011.8,1720,12
317,2025-11-26 13:46:07+05:30,1011.3,1,1001.18,7365184,414910.0,436031.0,986.2,1012.8,981.3,986.2,120507750,1084.8,887.6,1102.5,649.1,1011.3,18,2,1011.2,69,2,1011.1,66,3,1011.0,3453,9,1010.9,662,11,1011.4,880,5,1011.5,2502,2,1011.6,220,2,1011.7,716,17,1011.8,1720,12
317,2025-11-26 13:46:08+05:30,1011.4,1,1001.18,7365184,414910.0,436031.0,986.2,1012.8,981.3,986.2,120507750,1084.8,887.6,1102.5,649.1,1011.3,18,2,1011.2,69,2,1011.1,66,3,1011.0,3453,9,1010.9,662,11,1011.4,880,5,1011.5,2502,2,1011.6,220,2,1011.7,716,17,1011.8,1720,12
317,2025-11-26 13:46:08+05:30,1011.4,1,1001.18,7365234,414920.0,436439.0,986.2,1012.8,981.3,986.2,120507750,1084.8,887.6,1102.5,649.1,1011.3,38,3,1011.2,69,2,1011.1,66,3,1011.0,3453,9,1010.9,610,10,1011.4,1012,6,1011.5,2502,2,1011.6,220,2,1011.7,689,16,1011.8,1720,12
317,2025-11-26 13:46:09+05:30,1011.3,15,1001.18,7365234,414920.0,436439.0,986.2,1012.8,981.3,986.2,120507750,1084.8,887.6,1102.5,649.1,1011.3,38,3,1011.2,69,2,1011.1,66,3,1011.0,3453,9,1010.9,610,10,1011.4,1012,6,1011.5,2502,2,1011.6,220,2,1011.7,689,16,1011.8,1720,12
317,2025-11-26 13:46:09+05:30,1011.3,15,1001.18,7365271,414520.0,436762.0,986.2,1012.8,981.3,986.2,120507750,1084.8,887.6,1102.5,649.1,1011.1,58,2,1011.0,3558,12,1010.9,558,9,1010.8,861,12,1010.7,848,15,1011.3,1,1,1011.4,1012,6,1011.5,2500,1,1011.6,456,7,1011.7,987,17
317,2025-11-26 13:46:10+05:30,1011.3,1,1001.18,7365271,414520.0,436762.0,986.2,1012.8,981.3,986.2,120507750,1084.8,887.6,1102.5,649.1,1011.1,58,2,1011.0,3558,12,1010.9,558,9,1010.8,861,12,1010.7,848,15,1011.3,1,1,1011.4,1012,6,1011.5,2500,1,1011.6,456,7,1011.7,987,17
317,2025-11-26 13:46:10+05:30,1011.3,1,1001.18,7365272,414541.0,437032.0,986.2,1012.8,981.3,986.2,120507750,1084.8,887.6,1102.5,649.1,1011.1,58,2,1011.0,3558,12,1010.9,558,9,1010.8,852,12,1010.7,878,16,1011.3,16,1,1011.4,1012,6,1011.5,2500,1,1011.6,544,9,1011.7,987,17
317,2025-11-26 13:46:11+05:30,1011.3,2,1001.18,7365272,414541.0,437032.0,986.2,1012.8,981.3,986.2,120507750,1084.8,887.6,1102.5,649.1,1011.1,58,2,1011.0,3558,12,1010.9,558,9,1010.8,852,12,1010.7,878,16,1011.3,16,1,1011.4,1012,6,1011.5,2500,1,1011.6,544,9,1011.7,987,17
317,2025-11-26 13:46:11+05:30,1011.1,72,1001.18,7365404,414531.0,437080.0,986.2,1012.8,981.3,986.2,120507750,1084.8,887.6,1102.5,649.1,1011.1,78,4,1011.0,3640,12,1010.9,558,9,1010.8,740,11,1010.7,878,16,1011.3,14,1,1011.4,1012,6,1011.5,2500,1,1011.6,544,9,1011.7,987,17
317,2025-11-26 13:46:12+05:30,1011.3,49,1001.18,7365404,414531.0,437080.0,986.2,1012.8,981.3,986.2,120507750,1084.8,887.6,1102.5,649.1,1011.1,78,4,1011.0,3640,12,1010.9,558,9,1010.8,740,11,1010.7,878,16,1011.3,14,1,1011.4,1012,6,1011.5,2500,1,1011.6,544,9,1011.7,987,17
317,2025-11-26 13:46:12+05:30,1011.3,49,1001.18,7365453,414383.0,437107.0,986.2,1012.8,981.3,986.2,120507750,1084.8,887.6,1102.5,649.1,1011.1,16,1,1011.0,3501,11,1010.9,611,11,1010.8,740,11,1010.7,878,16,1011.3,20,2,1011.4,1012,6,1011.5,2500,1,1011.6,544,9,1011.7,987,17
317,2025-11-26 13:46:13+05:30,1011.3,6,1001.18,7365453,414383.0,437107.0,986.2,1012.8,981.3,986.2,120507750,1084.8,887.6,1102.5,649.1,1011.1,16,1,1011.0,3501,11,1010.9,611,11,1010.8,740,11,1010.7,878,16,1011.3,20,2,1011.4,1012,6,1011.5,2500,1,1011.6,544,9,1011.7,987,17
317,2025-11-26 13:46:13+05:30,1011.3,6,1001.18,7365487,414688.0,437102.0,986.2,1012.8,981.3,986.2,120507750,1084.8,887.6,1102.5,649.1,1011.1,272,4,1011.0,3501,11,1010.9,562,10,1010.8,693,10,1010.7,828,15,1011.3,18,2,1011.4,1012,6,1011.5,2500,1,1011.6,544,9,1011.7,987,17
317,2025-11-26 13:46:14+05:30,1011.3,1,1001.18,7365487,414688.0,437102.0,986.2,1012.8,981.3,986.2,120507750,1084.8,887.6,1102.5,649.1,1011.1,272,4,1011.0,3501,11,1010.9,562,10,1010.8,693,10,1010.7,828,15,1011.3,18,2,1011.4,1012,6,1011.5,2500,1,1011.6,544,9,1011.7,987,17
317,2025-11-26 13:46:14+05:30,1011.3,16,1001.18,7365655,414755.0,437001.0,986.2,1012.8,981.3,986.2,120507750,1084.8,887.6,1102.5,649.1,1011.2,112,1,1011.1,173,5,1011.0,3501,11,1010.9,562,10,1010.8,667,8,1011.3,8,1,1011.4,1012,6,1011.5,2500,1,1011.6,449,7,1011.7,890,15
317,2025-11-26 13:46:15+05:30,1011.4,2,1001.18,7365655,414755.0,437001.0,986.2,1012.8,981.3,986.2,120507750,1084.8,887.6,1102.5,649.1,1011.2,112,1,1011.1,173,5,1011.0,3501,11,1010.9,562,10,1010.8,667,8,1011.3,8,1,1011.4,1012,6,1011.5,2500,1,1011.6,449,7,1011.7,890,15
317,2025-11-26 13:46:15+05:30,1011.4,2,1001.18,7365698,413830.0,436914.0,986.2,1012.8,981.3,986.2,120507750,1084.8,887.6,1102.5,649.1,1011.2,113,2,1011.1,16,1,1011.0,3384,8,1010.9,607,10,1010.8,740,10,1011.4,1010,6,1011.5,2743,4,1011.6,1381,13,1011.7,684,16,1011.8,938,8
317,2025-11-26 13:46:16+05:30,1011.4,2,1001.18,7365698,413830.0,436914.0,986.2,1012.8,981.3,986.2,120507750,1084.8,887.6,1102.5,649.1,1011.2,113,2,1011.1,16,1,1011.0,3384,8,1010.9,607,10,1010.8,740,10,1011.4,1010,6,1011.5,2743,4,1011.6,1381,13,1011.7,684,16,1011.8,938,8
317,2025-11-26 13:46:16+05:30,1011.4,2,1001.18,7365700,413817.0,436917.0,986.2,1012.8,981.3,986.2,120507750,1084.8,887.6,1102.5,649.1,1011.2,113,2,1011.1,16,1,1011.0,3384,8,1010.9,607,10,1010.8,740,10,1011.4,1013,7,1011.5,2704,3,1011.6,1381,13,1011.7,684,16,1011.8,938,8
317,2025-11-26 13:46:17+05:30,1011.4,1,1001.18,7365700,413817.0,436917.0,986.2,1012.8,981.3,986.2,120507750,1084.8,887.6,1102.5,649.1,1011.2,113,2,1011.1,16,1,1011.0,3384,8,1010.9,607,10,1010.8,740,10,1011.4,1013,7,1011.5,2704,3,1011.6,1381,13,1011.7,684,16,1011.8,938,8
317,2025-11-26 13:46:17+05:30,1011.4,1,1001.18,7365701,413833.0,436920.0,986.2,1012.8,981.3,986.2,120507750,1084.8,887.6,1102.5,649.1,1011.2,129,4,1011.1,16,1,1011.0,3244,7,1010.9,604,9,1010.8,740,10,1011.4,1012,7,1011.5,2708,4,1011.6,1381,13,1011.7,982,17,1011.8,640,7
317,2025-11-26 13:46:18+05:30,1011.4,1,1001.18,7365701,413833.0,436920.0,986.2,1012.8,981.3,986.2,120507750,1084.8,887.6,1102.5,649.1,1011.2,129,4,1011.1,16,1,1011.0,3244,7,1010.9,604,9,1010.8,740,10,1011.4,1012,7,1011.5,2708,4,1011.6,1381,13,1011.7,982,17,1011.8,640,7
317,2025-11-26 13:46:18+05:30,1011.2,2,1001.18,7365838,413599.0,437335.0,986.2,1012.8,981.3,986.2,120507750,1084.8,887.6,1102.5,649.1,1011.1,16,1,1011.0,3293,8,1010.9,450,7,1010.8,740,10,1010.7,824,16,1011.2,119,1,1011.4,1011,7,1011.5,2708,4,1011.6,1407,13,1011.7,982,17
317,2025-11-26 13:46:19+05:30,1011.2,31,1001.18,7365838,413599.0,437335.0,986.2,1012.8,981.3,986.2,120507750,1084.8,887.6,1102.5,649.1,1011.1,16,1,1011.0,3293,8,1010.9,450,7,1010.8,740,10,1010.7,824,16,1011.2,119,1,1011.4,1011,7,1011.5,2708,4,1011.6,1407,13,1011.7,982,17
317,2025-11-26 13:46:19+05:30,1011.2,11,1001.18,7367661,411137.0,436982.0,986.2,1012.8,981.3,986.2,120507750,1084.8,887.6,1102.5,649.1,1011.2,8,1,1011.0,1768,6,1010.9,92,3,1010.8,272,7,1010.7,947,15,1011.4,1152,9,1011.5,2984,8,1011.6,1819,16,1011.7,674,15,1011.8,500,6
317,2025-11-26 13:46:20+05:30,1011.4,2,1001.18,7367661,411137.0,436982.0,986.2,1012.8,981.3,986.2,120507750,1084.8,887.6,1102.5,649.1,1011.2,8,1,1011.0,1768,6,1010.9,92,3,1010.8,272,7,1010.7,947,15,1011.4,1152,9,1011.5,2984,8,1011.6,1819,16,1011.7,674,15,1011.8,500,6
317,2025-11-26 13:46:20+05:30,1011.4,115,1001.18,7367783,411261.0,437385.0,986.2,1012.8,981.3,986.2,120507750,1084.8,887.6,1102.5,649.1,1011.2,3,1,1011.0,1768,6,1010.9,205,4,1010.8,384,7,1010.7,898,14,1011.4,1418,11,1011.5,2984,8,1011.6,1575,16,1011.7,674,15,1011.8,798,7
317,2025-11-26 13:46:21+05:30,1011.0,122,1001.18,7367783,411261.0,437385.0,986.2,1012.8,981.3,986.2,120507750,1084.8,887.6,1102.5,649.1,1011.2,3,1,1011.0,1768,6,1010.9,205,4,1010.8,384,7,1010.7,898,14,1011.4,1418,11,1011.5,2984,8,1011.6,1575,16,1011.7,674,15,1011.8,798,7
317,2025-11-26 13:46:21+05:30,1011.0,122,1001.18,7368038,411276.0,438092.0,986.2,1012.8,981.3,986.2,120507750,1084.8,887.6,1102.5,649.1,1011.0,1692,7,1010.9,50,2,1010.8,321,7,1010.7,849,13,1010.6,1114,11,1011.4,1911,12,1011.5,3096,9,1011.6,1851,16,1011.7,676,15,1011.8,500,6
317,2025-11-26 13:46:22+05:30,1011.0,128,1001.18,7368166,411359.0,438338.0,986.2,1012.8,981.3,986.2,120507750,1084.8,887.6,1102.5,649.1,1011.0,1518,6,1010.9,50,2,1010.8,425,8,1010.7,895,14,1010.6,1140,12,1011.4,1583,13,1011.5,3096,9,1011.6,1851,16,1011.7,676,15,1011.8,500,6
317,2025-11-26 13:46:23+05:30,1011.4,23,1001.18,7368166,411359.0,438338.0,986.2,1012.8,981.3,986.2,120507750,1084.8,887.6,1102.5,649.1,1011.0,1518,6,1010.9,50,2,1010.8,425,8,1010.7,895,14,1010.6,1140,12,1011.4,1583,13,1011.5,3096,9,1011.6,1851,16,1011.7,676,15,1011.8,500,6
317,2025-11-26 13:46:23+05:30,1011.4,23,1001.18,7368197,411360.0,438293.0,986.2,1012.8,981.3,986.2,120507750,1084.8,887.6,1102.5,649.1,1011.0,1518,6,1010.9,5,1,1010.8,337,6,1010.7,899,14,1010.6,1140,12,1011.4,2159,15,1011.5,3096,9,1011.6,1769,16,1011.7,676,15,1011.8,530,7
317,2025-11-26 13:46:24+05:30,1011.4,223,1001.18,7368197,411360.0,438293.0,986.2,1012.8,981.3,986.2,120507750,1084.8,887.6,1102.5,649.1,1011.0,1518,6,1010.9,5,1,1010.8,337,6,1010.7,899,14,1010.6,1140,12,1011.4,2159,15,1011.5,3096,9,1011.6,1769,16,1011.7,676,15,1011.8,530,7
317,2025-11-26 13:46:24+05:30,1011.4,223,1001.18,7368549,411232.0,437974.0,986.2,1012.8,981.3,986.2,120507750,1084.8,887.6,1102.5,649.1,1011.0,1390,6,1010.9,5,1,1010.8,337,6,1010.7,899,14,1010.6,1140,12,1011.4,1952,16,1011.5,3096,9,1011.6,1769,16,1011.7,676,15,1011.8,530,7
317,2025-11-26 13:46:25+05:30,1011.4,1,1001.18,7368549,411232.0,437974.0,986.2,1012.8,981.3,986.2,120507750,1084.8,887.6,1102.5,649.1,1011.0,1390,6,1010.9,5,1,1010.8,337,6,1010.7,899,14,1010.6,1140,12,1011.4,1952,16,1011.5,3096,9,1011.6,1769,16,1011.7,676,15,1011.8,530,7
317,2025-11-26 13:46:25+05:30,1011.4,11,1001.18,7368801,411361.0,437727.0,986.2,1012.8,981.3,986.2,120507750,1084.8,887.6,1102.5,649.1,1011.0,1263,6,1010.9,92,3,1010.8,378,7,1010.7,894,14,1010.6,1133,12,1011.4,1801,14,1011.5,3055,8,1011.6,1425,13,1011.7,980,17,1011.8,501,6
317,2025-11-26 13:46:26+05:30,1011.4,1,1001.18,7368801,411361.0,437727.0,986.2,1012.8,981.3,986.2,120507750,1084.8,887.6,1102.5,649.1,1011.0,1263,6,1010.9,92,3,1010.8,378,7,1010.7,894,14,1010.6,1133,12,1011.4,1801,14,1011.5,3055,8,1011.6,1425,13,1011.7,980,17,1011.8,501,6
317,2025-11-26 13:46:26+05:30,1011.0,1,1001.18,7368935,411232.0,437950.0,986.2,1012.8,981.3,986.2,120507750,1084.8,887.6,1102.5,649.1,1011.0,1134,6,1010.9,46,2,1010.8,424,8,1010.7,894,14,1010.6,1133,12,1011.4,1920,15,1011.5,3096,9,1011.6,1764,15,1011.7,682,16,1011.8,523,7
317,2025-11-26 13:46:27+05:30,1011.0,1,1001.18,7368935,411232.0,437950.0,986.2,1012.8,981.3,986.2,120507750,1084.8,887.6,1102.5,649.1,1011.0,1134,6,1010.9,46,2,1010.8,424,8,1010.7,894,14,1010.6,1133,12,1011.4,1920,15,1011.5,3096,9,1011.6,1764,15,1011.7,682,16,1011.8,523,7
317,2025-11-26 13:46:27+05:30,1011.0,1,1001.18,7368935,413752.0,436609.0,986.2,1012.8,981.3,986.2,120507750,1084.8,887.6,1102.5,649.1,1011.2,761,2,1011.1,122,3,1011.0,505,10,1010.9,395,6,1010.8,799,11,1011.4,1059,10,1011.5,2640,3,1011.6,520,8,1011.7,682,16,1011.8,1712,14
317,2025-11-26 13:46:28+05:30,1011.0,1,1001.18,7368935,413774.0,437033.0,986.2,1012.8,981.3,986.2,120507750,1084.8,887.6,1102.5,649.1,1011.2,783,3,1011.1,122,3,1011.0,641,11,1010.9,395,6,1010.8,799,11,1011.4,1059,10,1011.5,2640,3,1011.6,520,8,1011.7,682,16,1011.8,1725,15
317,2025-11-26 13:46:29+05:30,1011.0,1,1001.18,7368935,415939.0,436888.0,986.2,1012.8,981.3,986.2,120507750,1084.8,887.6,1102.5,649.1,1011.2,967,4,1011.1,298,6,1011.0,777,12,1010.9,286,5,1010.8,787,11,1011.3,62,1,1011.4,1059,10,1011.5,2504,2,1011.6,520,8,1011.7,1245,16
317,2025-11-26 13:46:30+05:30,1011.3,25,1001.18,7368935,415939.0,436888.0,986.2,1012.8,981.3,986.2,120507750,1084.8,887.6,1102.5,649.1,1011.2,967,4,1011.1,298,6,1011.0,777,12,1010.9,286,5,1010.8,787,11,1011.3,62,1,1011.4,1059,10,1011.5,2504,2,1011.6,520,8,1011.7,1245,16
317,2025-11-26 13:46:30+05:30,1011.2,8,1001.18,7368998,415727.0,436803.0,986.2,1012.8,981.3,986.2,120507750,1084.8,887.6,1102.5,649.1,1011.2,775,3,1011.1,171,4,1011.0,661,10,1010.9,475,9,1010.8,1025,13,1011.3,7,1,1011.4,1059,10,1011.5,2504,2,1011.6,479,7,1011.7,1448,17
317,2025-11-26 13:46:31+05:30,1011.3,3,1001.18,7368998,415727.0,436803.0,986.2,1012.8,981.3,986.2,120507750,1084.8,887.6,1102.5,649.1,1011.2,775,3,1011.1,171,4,1011.0,661,10,1010.9,475,9,1010.8,1025,13,1011.3,7,1,1011.4,1059,10,1011.5,2504,2,1011.6,479,7,1011.7,1448,17
317,2025-11-26 13:46:31+05:30,1011.3,3,1001.18,7369002,415824.0,436625.0,986.2,1012.8,981.3,986.2,120507750,1084.8,887.6,1102.5,649.1,1011.2,808,4,1011.1,245,6,1011.0,648,10,1010.9,475,9,1010.8,1028,13,1011.3,3,1,1011.4,877,9,1011.5,2504,2,1011.6,479,7,1011.7,1470,17
317,2025-11-26 13:46:32+05:30,1011.2,90,1001.18,7369002,415824.0,436625.0,986.2,1012.8,981.3,986.2,120507750,1084.8,887.6,1102.5,649.1,1011.2,808,4,1011.1,245,6,1011.0,648,10,1010.9,475,9,1010.8,1028,13,1011.3,3,1,1011.4,877,9,1011.5,2504,2,1011.6,479,7,1011.7,1470,17
317,2025-11-26 13:46:32+05:30,1011.2,90,1001.18,7369093,414970.0,437001.0,986.2,1012.8,981.3,986.2,120507750,1084.8,887.6,1102.5,649.1,1011.2,718,4,1011.1,104,3,1011.0,730,12,1010.9,475,9,1010.8,827,12,1011.3,490,3,1011.4,845,8,1011.5,2504,2,1011.6,425,6,1011.7,975,16
317,2025-11-26 13:46:33+05:30,1011.3,23,1001.18,7369093,414970.0,437001.0,986.2,1012.8,981.3,986.2,120507750,1084.8,887.6,1102.5,649.1,1011.2,718,4,1011.1,104,3,1011.0,730,12,1010.9,475,9,1010.8,827,12,1011.3,490,3,1011.4,845,8,1011.5,2504,2,1011.6,425,6,1011.7,975,16
317,2025-11-26 13:46:33+05:30,1011.3,23,1001.18,7369198,414839.0,437168.0,986.2,1012.8,981.3,986.2,120507750,1084.8,887.6,1102.5,649.1,1011.2,639,4,1011.1,83,4,1011.0,563,10,1010.9,475,9,1010.8,827,12,1011.3,642,4,1011.4,845,8,1011.5,2640,3,1011.6,465,7,1011.7,1001,18
317,2025-11-26 13:46:34+05:30,1011.3,2,1001.18,7369198,414839.0,437168.0,986.2,1012.8,981.3,986.2,120507750,1084.8,887.6,1102.5,649.1,1011.2,639,4,1011.1,83,4,1011.0,563,10,1010.9,475,9,1010.8,827,12,1011.3,642,4,1011.4,845,8,1011.5,2640,3,1011.6,465,7,1011.7,1001,18
317,2025-11-26 13:46:34+05:30,1011.3,2,1001.19,7369891,414978.0,437011.0,986.2,1012.8,981.3,986.2,120507750,1084.8,887.6,1102.5,649.1,1011.2,808,4,1011.1,53,3,1011.0,702,11,1010.9,567,13,1010.8,885,13,1011.3,452,2,1011.4,845,8,1011.5,2640,3,1011.6,517,8,1011.7,975,16
317,2025-11-26 13:46:35+05:30,1011.3,1,1001.19,7369891,414978.0,437011.0,986.2,1012.8,981.3,986.2,120507750,1084.8,887.6,1102.5,649.1,1011.2,808,4,1011.1,53,3,1011.0,702,11,1010.9,567,13,1010.8,885,13,1011.3,452,2,1011.4,845,8,1011.5,2640,3,1011.6,517,8,1011.7,975,16
317,2025-11-26 13:46:35+05:30,1011.3,1,1001.19,7369894,415302.0,436920.0,986.2,1012.8,981.3,986.2,120507750,1084.8,887.6,1102.5,649.1,1011.2,808,4,1011.1,148,5,1011.0,784,13,1010.9,554,14,1010.8,950,14,1011.3,449,2,1011.4,845,8,1011.5,2641,4,1011.6,477,7,1011.7,933,15
317,2025-11-26 13:46:36+05:30,1011.3,1,1001.19,7369894,415302.0,436920.0,986.2,1012.8,981.3,986.2,120507750,1084.8,887.6,1102.5,649.1,1011.2,808,4,1011.1,148,5,1011.0,784,13,1010.9,554,14,1010.8,950,14,1011.3,449,2,1011.4,845,8,1011.5,2641,4,1011.6,477,7,1011.7,933,15
317,2025-11-26 13:46:36+05:30,1011.3,1,1001.19,7369895,415302.0,436916.0,986.2,1012.8,981.3,986.2,120507750,1084.8,887.6,1102.5,649.1,1011.2,809,5,1011.1,189,6,1011.0,742,11,1010.9,554,14,1010.8,950,14,1011.3,448,2,1011.4,845,8,1011.5,2641,4,1011.6,477,7,1011.7,933,15
317,2025-11-26 13:46:37+05:30,1011.2,69,1001.19,7369895,415302.0,436916.0,986.2,1012.8,981.3,986.2,120507750,1084.8,887.6,1102.5,649.1,1011.2,809,5,1011.1,189,6,1011.0,742,11,1010.9,554,14,1010.8,950,14,1011.3,448,2,1011.4,845,8,1011.5,2641,4,1011.6,477,7,1011.7,933,15
317,2025-11-26 13:46:37+05:30,1011.2,69,1001.19,7370022,414808.0,436889.0,986.2,1012.8,981.3,986.2,120507750,1084.8,887.6,1102.5,649.1,1011.2,727,4,1011.1,94,4,1011.0,668,9,1010.9,513,13,1010.8,950,14,1011.3,448,2,1011.4,845,8,1011.5,2641,4,1011.6,477,7,1011.7,973,16
317,2025-11-26 13:46:38+05:30,1011.2,69,1001.19,7370022,414817.0,437248.0,986.2,1012.8,981.3,986.2,120507750,1084.8,887.6,1102.5,649.1,1011.2,727,4,1011.1,53,3,1011.0,491,7,1010.9,595,15,1010.8,840,13,1011.3,779,4,1011.4,845,8,1011.5,2646,5,1011.6,539,9,1011.7,999,18
317,2025-11-26 13:46:39+05:30,1011.2,12,1001.19,7370022,414817.0,437248.0,986.2,1012.8,981.3,986.2,120507750,1084.8,887.6,1102.5,649.1,1011.2,727,4,1011.1,53,3,1011.0,491,7,1010.9,595,15,1010.8,840,13,1011.3,779,4,1011.4,845,8,1011.5,2646,5,1011.6,539,9,1011.7,999,18
317,2025-11-26 13:46:39+05:30,1011.3,108,1001.19,7370960,411956.0,438146.0,986.2,1012.8,981.3,986.2,120507750,1084.8,887.6,1102.5,649.1,1011.2,12,1,1011.1,20,2,1011.0,1177,6,1010.9,54,1,1010.8,307,6,1011.3,805,7,1011.4,1158,11,1011.5,2944,9,1011.6,533,7,1011.7,1087,20
317,2025-11-26 13:46:40+05:30,1011.3,1,1001.19,7370960,411956.0,438146.0,986.2,1012.8,981.3,986.2,120507750,1084.8,887.6,1102.5,649.1,1011.2,12,1,1011.1,20,2,1011.0,1177,6,1010.9,54,1,1010.8,307,6,1011.3,805,7,1011.4,1158,11,1011.5,2944,9,1011.6,533,7,1011.7,1087,20
317,2025-11-26 13:46:40+05:30,1011.3,1,1001.19,7370961,412884.0,438765.0,986.2,1012.8,981.3,986.2,120507750,1084.8,887.6,1102.5,649.1,1011.2,12,1,1011.1,770,3,1011.0,427,5,1010.9,54,1,1010.8,469,9,1011.3,928,8,1011.4,1200,12,1011.5,2954,10,1011.6,831,8,1011.7,789,19
317,2025-11-26 13:46:41+05:30,1011.3,2,1001.19,7370961,412884.0,438765.0,986.2,1012.8,981.3,986.2,120507750,1084.8,887.6,1102.5,649.1,1011.2,12,1,1011.1,770,3,1011.0,427,5,1010.9,54,1,1010.8,469,9,1011.3,928,8,1011.4,1200,12,1011.5,2954,10,1011.6,831,8,1011.7,789,19
317,2025-11-26 13:46:41+05:30,1011.3,2,1001.19,7370963,412884.0,438824.0,986.2,1012.8,981.3,986.2,120507750,1084.8,887.6,1102.5,649.1,1011.2,12,1,1011.1,770,3,1011.0,427,5,1010.9,54,1,1010.8,469,9,1011.3,926,8,1011.4,1200,12,1011.5,2954,10,1011.6,831,8,1011.7,789,19
317,2025-11-26 13:46:42+05:30,1011.1,33,1001.19,7370963,412884.0,438824.0,986.2,1012.8,981.3,986.2,120507750,1084.8,887.6,1102.5,649.1,1011.2,12,1,1011.1,770,3,1011.0,427,5,1010.9,54,1,1010.8,469,9,1011.3,926,8,1011.4,1200,12,1011.5,2954,10,1011.6,831,8,1011.7,789,19
317,2025-11-26 13:46:42+05:30,1011.1,33,1001.19,7373068,407297.0,440859.0,986.2,1012.8,981.3,986.2,120507750,1084.8,887.6,1102.5,649.1,1011.1,22,2,1010.9,12,1,1010.8,37,1,1010.7,607,6,1010.6,399,9,1011.2,238,6,1011.3,1433,17,1011.4,1510,17,1011.5,4321,19,1011.6,987,15
317,2025-11-26 13:46:43+05:30,1011.1,21,1001.19,7373068,407297.0,440859.0,986.2,1012.8,981.3,986.2,120507750,1084.8,887.6,1102.5,649.1,1011.1,22,2,1010.9,12,1,1010.8,37,1,1010.7,607,6,1010.6,399,9,1011.2,238,6,1011.3,1433,17,1011.4,1510,17,1011.5,4321,19,1011.6,987,15
317,2025-11-26 13:46:43+05:30,1011.1,21,1001.19,7373335,407870.0,440497.0,986.2,1012.8,981.3,986.2,120507750,1084.8,887.6,1102.5,649.1,1011.1,18,1,1011.0,7,1,1010.9,12,1,1010.8,37,1,1010.7,606,7,1011.2,254,5,1011.3,1226,16,1011.4,1372,15,1011.5,4219,18,1011.6,987,15
317,2025-11-26 13:46:44+05:30,1011.2,1,1001.19,7373335,407870.0,440497.0,986.2,1012.8,981.3,986.2,120507750,1084.8,887.6,1102.5,649.1,1011.1,18,1,1011.0,7,1,1010.9,12,1,1010.8,37,1,1010.7,606,7,1011.2,254,5,1011.3,1226,16,1011.4,1372,15,1011.5,4219,18,1011.6,987,15
317,2025-11-26 13:46:44+05:30,1011.2,1,1001.19,7373516,408285.0,440566.0,986.2,1012.8,981.3,986.2,120507750,1084.8,887.6,1102.5,649.1,1011.1,19,1,1011.0,8,1,1010.9,12,1,1010.8,37,1,1010.7,681,9,1011.2,211,4,1011.3,1218,15,1011.4,1372,15,1011.5,4293,19,1011.6,986,16
317,2025-11-26 13:46:45+05:30,1011.2,3,1001.19,7373516,408285.0,440566.0,986.2,1012.8,981.3,986.2,120507750,1084.8,887.6,1102.5,649.1,1011.1,19,1,1011.0,8,1,1010.9,12,1,1010.8,37,1,1010.7,681,9,1011.2,211,4,1011.3,1218,15,1011.4,1372,15,1011.5,4293,19,1011.6,986,16
317,2025-11-26 13:46:45+05:30,1011.1,8,1001.19,7373647,408216.0,440706.0,986.2,1012.8,981.3,986.2,120507750,1084.8,887.6,1102.5,649.1,1011.1,23,2,1011.0,8,1,1010.9,12,1,1010.8,37,1,1010.7,632,9,1011.2,208,4,1011.3,1173,14,1011.4,1372,15,1011.5,4293,19,1011.6,986,16
317,2025-11-26 13:46:46+05:30,1011.0,74,1001.19,7373647,408216.0,440706.0,986.2,1012.8,981.3,986.2,120507750,1084.8,887.6,1102.5,649.1,1011.1,23,2,1011.0,8,1,1010.9,12,1,1010.8,37,1,1010.7,632,9,1011.2,208,4,1011.3,1173,14,1011.4,1372,15,1011.5,4293,19,1011.6,986,16
317,2025-11-26 13:46:46+05:30,1011.0,6,1001.19,7374039,407658.0,440799.0,986.2,1012.8,981.3,986.2,120507750,1084.8,887.6,1102.5,649.1,1011.0,2,1,1010.9,12,1,1010.8,37,1,1010.7,411,6,1010.6,521,12,1011.2,782,7,1011.3,1224,15,1011.4,1878,17,1011.5,3971,17,1011.6,838,14
317,2025-11-26 13:46:47+05:30,1011.0,6,1001.19,7374039,407658.0,440799.0,986.2,1012.8,981.3,986.2,120507750,1084.8,887.6,1102.5,649.1,1011.0,2,1,1010.9,12,1,1010.8,37,1,1010.7,411,6,1010.6,521,12,1011.2,782,7,1011.3,1224,15,1011.4,1878,17,1011.5,3971,17,1011.6,838,14
317,2025-11-26 13:46:47+05:30,1011.0,18,1001.19,7374123,410648.0,440333.0,986.2,1012.8,981.3,986.2,120507750,1084.8,887.6,1102.5,649.1,1010.9,12,1,1010.8,45,2,1010.7,592,8,1010.6,333,5,1010.5,1201,18,1011.0,44,1,1011.2,833,4,1011.3,1323,15,1011.4,1066,13,1011.5,3185,13
317,2025-11-26 13:46:48+05:30,1010.9,128,1001.19,7374123,410648.0,440333.0,986.2,1012.8,981.3,986.2,120507750,1084.8,887.6,1102.5,649.1,1010.9,12,1,1010.8,45,2,1010.7,592,8,1010.6,333,5,1010.5,1201,18,1011.0,44,1,1011.2,833,4,1011.3,1323,15,1011.4,1066,13,1011.5,3185,13
317,2025-11-26 13:46:48+05:30,1010.9,128,1001.19,7374295,409492.0,439393.0,986.2,1012.8,981.3,986.2,120507750,1084.8,887.6,1102.5,649.1,1010.9,628,4,1010.8,45,2,1010.7,744,9,1010.6,454,8,1010.5,1245,19,1011.2,359,4,1011.3,1237,15,1011.4,1061,12,1011.5,3483,14,1011.6,713,12
317,2025-11-26 13:46:49+05:30,1010.9,127,1001.19,7374295,409492.0,439393.0,986.2,1012.8,981.3,986.2,120507750,1084.8,887.6,1102.5,649.1,1010.9,628,4,1010.8,45,2,1010.7,744,9,1010.6,454,8,1010.5,1245,19,1011.2,359,4,1011.3,1237,15,1011.4,1061,12,1011.5,3483,14,1011.6,713,12
317,2025-11-26 13:46:49+05:30,1010.9,127,1001.19,7374422,411518.0,439301.0,986.2,1012.8,981.3,986.2,120507750,1084.8,887.6,1102.5,649.1,1010.9,506,5,1010.8,8,1,1010.7,587,7,1010.6,454,8,1010.5,1166,19,1011.0,86,1,1011.2,619,3,1011.3,709,11,1011.4,715,9,1011.5,3483,14
317,2025-11-26 13:46:50+05:30,1011.0,1,1001.19,7374422,411518.0,439301.0,986.2,1012.8,981.3,986.2,120507750,1084.8,887.6,1102.5,649.1,1010.9,506,5,1010.8,8,1,1010.7,587,7,1010.6,454,8,1010.5,1166,19,1011.0,86,1,1011.2,619,3,1011.3,709,11,1011.4,715,9,1011.5,3483,14
317,2025-11-26 13:46:50+05:30,1011.0,1,1001.19,7374425,411565.0,439299.0,986.2,1012.8,981.3,986.2,120507750,1084.8,887.6,1102.5,649.1,1010.9,505,5,1010.8,8,1,1010.7,541,6,1010.6,500,9,1010.5,1166,19,1011.0,84,1,1011.2,665,4,1011.3,709,11,1011.4,715,9,1011.5,3733,15
317,2025-11-26 13:46:51+05:30,1011.0,1,1001.19,7374425,411565.0,439299.0,986.2,1012.8,981.3,986.2,120507750,1084.8,887.6,1102.5,649.1,1010.9,505,5,1010.8,8,1,1010.7,541,6,1010.6,500,9,1010.5,1166,19,1011.0,84,1,1011.2,665,4,1011.3,709,11,1011.4,715,9,1011.5,3733,15
317,2025-11-26 13:46:51+05:30,1011.0,1,1001.19,7374426,411532.0,439381.0,986.2,1012.8,981.3,986.2,120507750,1084.8,887.6,1102.5,649.1,1010.9,496,5,1010.8,57,3,1010.7,536,6,1010.6,454,8,1010.5,1267,20,1011.0,83,1,1011.2,164,3,1011.3,1291,12,1011.4,717,10,1011.5,3733,15
317,2025-11-26 13:46:53+05:30,1011.0,5,1001.19,7374598,410926.0,440366.0,986.2,1012.8,981.3,986.2,120507750,1084.8,887.6,1102.5,649.1,1010.9,334,5,1010.8,16,2,1010.7,359,4,1010.6,346,6,1010.5,1207,20,1011.0,483,7,1011.1,228,4,1011.2,493,7,1011.3,1068,9,1011.4,806,16
317,2025-11-26 13:46:53+05:30,1011.0,1,1001.19,7374598,410926.0,440366.0,986.2,1012.8,981.3,986.2,120507750,1084.8,887.6,1102.5,649.1,1010.9,334,5,1010.8,16,2,1010.7,359,4,1010.6,346,6,1010.5,1207,20,1011.0,483,7,1011.1,228,4,1011.2,493,7,1011.3,1068,9,1011.4,806,16
317,2025-11-26 13:46:54+05:30,1010.9,382,1001.19,7375439,407947.0,440374.0,986.2,1012.8,981.3,986.2,120507750,1084.8,887.6,1102.5,649.1,1010.8,16,2,1010.7,552,4,1010.6,198,4,1010.5,1070,14,1010.4,1416,10,1011.0,410,6,1011.1,102,2,1011.2,441,6,1011.3,1059,9,1011.4,960,12
317,2025-11-26 13:46:54+05:30,1010.9,382,1001.19,7375439,407947.0,440374.0,986.2,1012.8,981.3,986.2,120507750,1084.8,887.6,1102.5,649.1,1010.8,16,2,1010.7,552,4,1010.6,198,4,1010.5,1070,14,1010.4,1416,10,1011.0,410,6,1011.1,102,2,1011.2,441,6,1011.3,1059,9,1011.4,960,12
317,2025-11-26 13:46:55+05:30,1011.0,1,1001.19,7375442,408452.0,440552.0,986.2,1012.8,981.3,986.2,120507750,1084.8,887.6,1102.5,649.1,1010.9,112,1,1010.8,16,2,1010.7,615,5,1010.6,374,6,1010.5,1070,14,1011.0,407,5,1011.1,57,1,1011.2,396,5,1011.3,1011,8,1011.4,960,12
317,2025-11-26 13:46:55+05:30,1011.0,2,1001.19,7375442,408452.0,440552.0,986.2,1012.8,981.3,986.2,120507750,1084.8,887.6,1102.5,649.1,1010.9,112,1,1010.8,16,2,1010.7,615,5,1010.6,374,6,1010.5,1070,14,1011.0,407,5,1011.1,57,1,1011.2,396,5,1011.3,1011,8,1011.4,960,12
317,2025-11-26 13:46:56+05:30,1011.0,1,1001.19,7375593,408473.0,440446.0,986.2,1012.8,981.3,986.2,120507750,1084.8,887.6,1102.5,649.1,1010.9,2,1,1010.8,16,2,1010.7,765,7,1010.6,454,7,1010.5,1070,14,1011.0,388,3,1011.1,57,1,1011.2,355,4,1011.3,909,7,1011.4,961,12
317,2025-11-26 13:46:56+05:30,1011.0,1,1001.19,7375593,408473.0,440446.0,986.2,1012.8,981.3,986.2,120507750,1084.8,887.6,1102.5,649.1,1010.9,2,1,1010.8,16,2,1010.7,765,7,1010.6,454,7,1010.5,1070,14,1011.0,388,3,1011.1,57,1,1011.2,355,4,1011.3,909,7,1011.4,961,12
317,2025-11-26 13:46:57+05:30,1011.0,1,1001.19,7375593,408332.0,440517.0,986.2,1012.8,981.3,986.2,120507750,1084.8,887.6,1102.5,649.1,1010.9,2,1,1010.8,16,2,1010.7,629,6,1010.6,454,7,1010.5,1070,14,1011.0,388,3,1011.1,57,1,1011.2,401,5,1011.3,909,7,1011.4,961,12
317,2025-11-26 13:46:58+05:30,1010.9,1,1001.19,7375662,409534.0,440527.0,986.2,1012.8,981.3,986.2,120507750,1084.8,887.6,1102.5,649.1,1010.8,217,4,1010.7,805,8,1010.6,412,6,1010.5,1070,14,1010.4,1444,12,1010.9,4,1,1011.0,381,3,1011.1,57,1,1011.2,219,3,1011.3,1030,8
317,2025-11-26 13:46:58+05:30,1010.9,1,1001.19,7375662,409534.0,440527.0,986.2,1012.8,981.3,986.2,120507750,1084.8,887.6,1102.5,649.1,1010.8,217,4,1010.7,805,8,1010.6,412,6,1010.5,1070,14,1010.4,1444,12,1010.9,4,1,1011.0,381,3,1011.1,57,1,1011.2,219,3,1011.3,1030,8
317,2025-11-26 13:46:58+05:30,1010.9,1,1001.19,7375662,409534.0,440527.0,986.2,1012.8,981.3,986.2,120507750,1084.8,887.6,1102.5,649.1,1010.8,217,4,1010.7,805,8,1010.6,412,6,1010.5,1070,14,1010.4,1444,12,1010.9,4,1,1011.0,381,3,1011.1,57,1,1011.2,219,3,1011.3,1030,8
317,2025-11-26 13:46:59+05:30,1010.8,1,1001.19,7375936,408628.0,440514.0,986.2,1012.8,981.3,986.2,120507750,1084.8,887.6,1102.5,649.1,1010.8,15,2,1010.7,623,6,1010.6,412,6,1010.5,960,13,1010.4,857,12,1010.9,4,1,1011.0,381,3,1011.1,62,2,1011.2,355,4,1011.3,1772,9
317,2025-11-26 13:46:59+05:30,1010.8,1,1001.19,7375936,408628.0,440514.0,986.2,1012.8,981.3,986.2,120507750,1084.8,887.6,1102.5,649.1,1010.8,15,2,1010.7,623,6,1010.6,412,6,1010.5,960,13,1010.4,857,12,1010.9,4,1,1011.0,381,3,1011.1,62,2,1011.2,355,4,1011.3,1772,9
317,2025-11-26 13:46:59+05:30,1010.8,1,1001.19,7375936,408628.0,440514.0,986.2,1012.8,981.3,986.2,120507750,1084.8,887.6,1102.5,649.1,1010.8,15,2,1010.7,623,6,1010.6,412,6,1010.5,960,13,1010.4,857,12,1010.9,4,1,1011.0,381,3,1011.1,62,2,1011.2,355,4,1011.3,1772,9
317,2025-11-26 13:46:59+05:30,1010.8,1,1001.19,7375936,408628.0,440514.0,986.2,1012.8,981.3,986.2,120507750,1084.8,887.6,1102.5,649.1,1010.8,15,2,1010.7,623,6,1010.6,412,6,1010.5,960,13,1010.4,857,12,1010.9,4,1,1011.0,381,3,1011.1,62,2,1011.2,355,4,1011.3,1772,9
317,2025-11-26 13:47:00+05:30,1010.8,1,1001.19,7375936,408628.0,440514.0,986.2,1012.8,981.3,986.2,120507750,1084.8,887.6,1102.5,649.1,1010.8,15,2,1010.7,623,6,1010.6,412,6,1010.5,960,13,1010.4,857,12,1010.9,4,1,1011.0,381,3,1011.1,62,2,1011.2,355,4,1011.3,1772,9
317,2025-11-26 13:47:00+05:30,1010.9,1,1001.19,7376067,407958.0,440950.0,986.2,1012.8,981.3,986.2,120507750,1084.8,887.6,1102.5,649.1,1010.7,461,4,1010.6,299,5,1010.5,960,13,1010.4,816,13,1010.3,1100,15,1010.9,3,1,1011.0,381,3,1011.1,68,3,1011.2,511,6,1011.3,1833,10
317,2025-11-26 13:47:00+05:30,1010.9,1,1001.19,7376067,407958.0,440950.0,986.2,1012.8,981.3,986.2,120507750,1084.8,887.6,1102.5,649.1,1010.7,461,4,1010.6,299,5,1010.5,960,13,1010.4,816,13,1010.3,1100,15,1010.9,3,1,1011.0,381,3,1011.1,68,3,1011.2,511,6,1011.3,1833,10
317,2025-11-26 13:47:00+05:30,1010.9,1,1001.19,7376067,407958.0,440950.0,986.2,1012.8,981.3,986.2,120507750,1084.8,887.6,1102.5,649.1,1010.7,461,4,1010.6,299,5,1010.5,960,13,1010.4,816,13,1010.3,1100,15,1010.9,3,1,1011.0,381,3,1011.1,68,3,1011.2,511,6,1011.3,1833,10
317,2025-11-26 13:47:01+05:30,1010.9,1,1001.19,7376067,407958.0,440950.0,986.2,1012.8,981.3,986.2,120507750,1084.8,887.6,1102.5,649.1,1010.7,461,4,1010.6,299,5,1010.5,960,13,1010.4,816,13,1010.3,1100,15,1010.9,3,1,1011.0,381,3,1011.1,68,3,1011.2,511,6,1011.3,1833,10
317,2025-11-26 13:47:01+05:30,1010.9,3,1001.19,7376078,407464.0,441123.0,986.2,1012.8,981.3,986.2,120507750,1084.8,887.6,1102.5,649.1,1010.9,2,2,1010.7,410,3,1010.6,271,4,1010.5,957,13,1010.4,806,13,1011.0,426,4,1011.1,250,5,1011.2,989,9,1011.3,541,8,1011.4,1117,16
317,2025-11-26 13:47:01+05:30,1010.9,3,1001.19,7376078,407464.0,441123.0,986.2,1012.8,981.3,986.2,120507750,1084.8,887.6,1102.5,649.1,1010.9,2,2,1010.7,410,3,1010.6,271,4,1010.5,957,13,1010.4,806,13,1011.0,426,4,1011.1,250,5,1011.2,989,9,1011.3,541,8,1011.4,1117,16
317,2025-11-26 13:47:01+05:30,1010.9,3,1001.19,7376078,407464.0,441123.0,986.2,1012.8,981.3,986.2,120507750,1084.8,887.6,1102.5,649.1,1010.9,2,2,1010.7,410,3,1010.6,271,4,1010.5,957,13,1010.4,806,13,1011.0,426,4,1011.1,250,5,1011.2,989,9,1011.3,541,8,1011.4,1117,16
317,2025-11-26 13:47:02+05:30,1010.9,3,1001.19,7376078,407464.0,441123.0,986.2,1012.8,981.3,986.2,120507750,1084.8,887.6,1102.5,649.1,1010.9,2,2,1010.7,410,3,1010.6,271,4,1010.5,957,13,1010.4,806,13,1011.0,426,4,1011.1,250,5,1011.2,989,9,1011.3,541,8,1011.4,1117,16
317,2025-11-26 13:47:02+05:30,1010.7,84,1001.19,7376632,406578.0,439467.0,986.2,1012.8,981.3,986.2,120507750,1084.8,887.6,1102.5,649.1,1010.7,329,3,1010.6,259,5,1010.5,731,10,1010.4,935,14,1010.3,1210,17,1011.1,57,1,1011.2,843,4,1011.3,475,7,1011.4,1045,17,1011.5,4188,15
317,2025-11-26 13:47:02+05:30,1010.7,84,1001.19,7376632,406578.0,439467.0,986.2,1012.8,981.3,986.2,120507750,1084.8,887.6,1102.5,649.1,1010.7,329,3,1010.6,259,5,1010.5,731,10,1010.4,935,14,1010.3,1210,17,1011.1,57,1,1011.2,843,4,1011.3,475,7,1011.4,1045,17,1011.5,4188,15
317,2025-11-26 13:47:02+05:30,1011.1,1,1001.19,7376632,406578.0,439467.0,986.2,1012.8,981.3,986.2,120507750,1084.8,887.6,1102.5,649.1,1010.7,329,3,1010.6,259,5,1010.5,731,10,1010.4,935,14,1010.3,1210,17,1011.1,57,1,1011.2,843,4,1011.3,475,7,1011.4,1045,17,1011.5,4188,15
317,2025-11-26 13:47:02+05:30,1011.1,1,1001.19,7376632,406578.0,439467.0,986.2,1012.8,981.3,986.2,120498750,1084.8,887.6,1102.5,649.1,1010.7,329,3,1010.6,259,5,1010.5,731,10,1010.4,935,14,1010.3,1210,17,1011.1,57,1,1011.2,843,4,1011.3,475,7,1011.4,1045,17,1011.5,4188,15
317,2025-11-26 13:47:03+05:30,1011.1,106,1001.2,7377355,405434.0,439272.0,986.2,1012.8,981.3,986.2,120498750,1084.8,887.6,1102.5,649.1,1010.7,117,2,1010.6,310,8,1010.5,624,9,1010.4,601,9,1010.3,1031,12,1011.1,57,1,1011.2,442,6,1011.3,503,7,1011.4,703,15,1011.5,4350,15
317,2025-11-26 13:47:03+05:30,1011.1,106,1001.2,7377355,405434.0,439272.0,986.2,1012.8,981.3,986.2,120498750,1084.8,887.6,1102.5,649.1,1010.7,117,2,1010.6,310,8,1010.5,624,9,1010.4,601,9,1010.3,1031,12,1011.1,57,1,1011.2,442,6,1011.3,503,7,1011.4,703,15,1011.5,4350,15
317,2025-11-26 13:47:03+05:30,1011.1,106,1001.2,7377355,405434.0,439272.0,986.2,1012.8,981.3,986.2,120498750,1084.8,887.6,1102.5,649.1,1010.7,117,2,1010.6,310,8,1010.5,624,9,1010.4,601,9,1010.3,1031,12,1011.1,57,1,1011.2,442,6,1011.3,503,7,1011.4,703,15,1011.5,4350,15
317,2025-11-26 13:47:04+05:30,1010.6,9,1001.2,7377833,405561.0,440667.0,986.2,1012.8,981.3,986.2,120498750,1084.8,887.6,1102.5,649.1,1010.6,871,5,1010.5,661,10,1010.4,638,9,1010.3,979,12,1010.2,722,9,1011.1,232,3,1011.2,1073,8,1011.3,503,7,1011.4,1048,17,1011.5,4186,15
317,2025-11-26 13:47:04+05:30,1010.6,9,1001.2,7377833,405561.0,440667.0,986.2,1012.8,981.3,986.2,120498750,1084.8,887.6,1102.5,649.1,1010.6,871,5,1010.5,661,10,1010.4,638,9,1010.3,979,12,1010.2,722,9,1011.1,232,3,1011.2,1073,8,1011.3,503,7,1011.4,1048,17,1011.5,4186,15
317,2025-11-26 13:47:05+05:30,1010.9,2,1001.2,7377835,406638.0,440946.0,986.2,1012.8,981.3,986.2,120498750,1084.8,887.6,1102.5,649.1,1010.8,20,1,1010.6,871,5,1010.5,413,6,1010.4,587,7,1010.3,1029,14,1010.9,128,1,1011.1,947,7,1011.2,750,9,1011.3,866,11,1011.4,750,16
317,2025-11-26 13:47:05+05:30,1010.9,2,1001.2,7377835,406638.0,440946.0,986.2,1012.8,981.3,986.2,120498750,1084.8,887.6,1102.5,649.1,1010.8,20,1,1010.6,871,5,1010.5,413,6,1010.4,587,7,1010.3,1029,14,1010.9,128,1,1011.1,947,7,1011.2,750,9,1011.3,866,11,1011.4,750,16
317,2025-11-26 13:47:06+05:30,1010.6,128,1001.2,7377835,406638.0,440946.0,986.2,1012.8,981.3,986.2,120498750,1084.8,887.6,1102.5,649.1,1010.8,20,1,1010.6,871,5,1010.5,413,6,1010.4,587,7,1010.3,1029,14,1010.9,128,1,1011.1,947,7,1011.2,750,9,1011.3,866,11,1011.4,750,16
317,2025-11-26 13:47:06+05:30,1010.6,128,1001.2,7378014,406724.0,440809.0,986.2,1012.8,981.3,986.2,120498750,1084.8,887.6,1102.5,649.1,1010.6,657,5,1010.5,560,9,1010.4,550,6,1010.3,1021,14,1010.2,908,10,1010.9,128,2,1011.0,44,1,1011.1,961,6,1011.2,688,8,1011.3,861,10
317,2025-11-26 13:47:07+05:30,1010.6,128,1001.2,7378014,406724.0,440809.0,986.2,1012.8,981.3,986.2,120498750,1084.8,887.6,1102.5,649.1,1010.6,657,5,1010.5,560,9,1010.4,550,6,1010.3,1021,14,1010.2,908,10,1010.9,128,2,1011.0,44,1,1011.1,961,6,1011.2,688,8,1011.3,861,10
317,2025-11-26 13:47:07+05:30,1010.6,128,1001.2,7378269,406469.0,440757.0,986.2,1012.8,981.3,986.2,120498750,1084.8,887.6,1102.5,649.1,1010.6,365,4,1010.5,597,10,1010.4,550,6,1010.3,1021,14,1010.2,908,10,1010.9,128,2,1011.0,49,2,1011.1,914,5,1011.2,750,9,1011.3,848,9
317,2025-11-26 13:47:08+05:30,1010.6,2,1001.2,7378269,406469.0,440757.0,986.2,1012.8,981.3,986.2,120498750,1084.8,887.6,1102.5,649.1,1010.6,365,4,1010.5,597,10,1010.4,550,6,1010.3,1021,14,1010.2,908,10,1010.9,128,2,1011.0,49,2,1011.1,914,5,1011.2,750,9,1011.3,848,9
317,2025-11-26 13:47:08+05:30,1010.6,2,1001.2,7378735,404948.0,440499.0,986.2,1012.8,981.3,986.2,120498750,1084.8,887.6,1102.5,649.1,1010.6,11,2,1010.5,208,5,1010.4,688,8,1010.3,1034,15,1010.2,837,14,1011.0,385,4,1011.1,857,5,1011.2,582,7,1011.3,853,10,1011.4,613,14
317,2025-11-26 13:47:09+05:30,1010.6,40,1001.2,7378735,404948.0,440499.0,986.2,1012.8,981.3,986.2,120498750,1084.8,887.6,1102.5,649.1,1010.6,11,2,1010.5,208,5,1010.4,688,8,1010.3,1034,15,1010.2,837,14,1011.0,385,4,1011.1,857,5,1011.2,582,7,1011.3,853,10,1011.4,613,14
317,2025-11-26 13:47:09+05:30,1010.6,40,1001.2,7379119,408542.0,442017.0,986.2,1012.8,981.3,986.2,120498750,1084.8,887.6,1102.5,649.1,1010.6,717,2,1010.5,267,8,1010.4,705,11,1010.3,961,10,1010.2,979,15,1010.7,52,1,1011.0,536,2,1011.1,922,5,1011.2,554,6,1011.3,886,12
317,2025-11-26 13:47:10+05:30,1010.7,2,1001.2,7379119,408542.0,442017.0,986.2,1012.8,981.3,986.2,120498750,1084.8,887.6,1102.5,649.1,1010.6,717,2,1010.5,267,8,1010.4,705,11,1010.3,961,10,1010.2,979,15,1010.7,52,1,1011.0,536,2,1011.1,922,5,1011.2,554,6,1011.3,886,12
317,2025-11-26 13:47:10+05:30,1010.6,65,1001.2,7379613,406515.0,442650.0,986.2,1012.8,981.3,986.2,120498750,1084.8,887.6,1102.5,649.1,1010.6,25,1,1010.5,752,6,1010.4,543,8,1010.3,725,8,1010.2,955,12,1010.7,51,1,1011.0,481,6,1011.1,979,7,1011.2,600,7,1011.3,938,12
317,2025-11-26 13:47:11+05:30,1010.7,1,1001.2,7379613,406515.0,442650.0,986.2,1012.8,981.3,986.2,120498750,1084.8,887.6,1102.5,649.1,1010.6,25,1,1010.5,752,6,1010.4,543,8,1010.3,725,8,1010.2,955,12,1010.7,51,1,1011.0,481,6,1011.1,979,7,1011.2,600,7,1011.3,938,12
317,2025-11-26 13:47:11+05:30,1010.7,1,1001.2,7379744,406525.0,442456.0,986.2,1012.8,981.3,986.2,120498750,1084.8,887.6,1102.5,649.1,1010.6,25,1,1010.5,792,8,1010.4,489,8,1010.3,725,8,1010.2,1004,13,1010.7,48,1,1010.8,51,1,1010.9,13,1,1011.0,863,5,1011.1,500,6
317,2025-11-26 13:47:12+05:30,1010.6,385,1001.2,7380244,408957.0,441896.0,986.2,1012.8,981.3,986.2,120498750,1084.8,887.6,1102.5,649.1,1010.6,619,2,1010.5,187,8,1010.4,698,11,1010.3,725,8,1010.2,1232,16,1010.7,48,1,1010.8,51,1,1010.9,13,1,1011.0,51,2,1011.1,1132,9
317,2025-11-26 13:47:13+05:30,1010.7,6,1001.2,7380244,408957.0,441896.0,986.2,1012.8,981.3,986.2,120498750,1084.8,887.6,1102.5,649.1,1010.6,619,2,1010.5,187,8,1010.4,698,11,1010.3,725,8,1010.2,1232,16,1010.7,48,1,1010.8,51,1,1010.9,13,1,1011.0,51,2,1011.1,1132,9
317,2025-11-26 13:47:13+05:30,1010.7,6,1001.2,7380404,408768.0,442127.0,986.2,1012.8,981.3,986.2,120498750,1084.8,887.6,1102.5,649.1,1010.6,515,4,1010.5,318,10,1010.4,615,9,1010.3,725,8,1010.2,1232,16,1010.7,24,3,1010.8,51,1,1010.9,13,1,1011.0,51,2,1011.1,1132,9
317,2025-11-26 13:47:14+05:30,1010.6,55,1001.2,7380404,408768.0,442127.0,986.2,1012.8,981.3,986.2,120498750,1084.8,887.6,1102.5,649.1,1010.6,515,4,1010.5,318,10,1010.4,615,9,1010.3,725,8,1010.2,1232,16,1010.7,24,3,1010.8,51,1,1010.9,13,1,1011.0,51,2,1011.1,1132,9
317,2025-11-26 13:47:14+05:30,1010.7,2,1001.2,7380941,407193.0,442303.0,986.2,1012.8,981.3,986.2,120498750,1084.8,887.6,1102.5,649.1,1010.6,718,3,1010.5,226,8,1010.4,836,12,1010.3,754,9,1010.2,974,12,1010.7,128,1,1010.8,49,1,1010.9,167,3,1011.0,292,5,1011.1,545,8
317,2025-11-26 13:47:15+05:30,1010.7,2,1001.2,7380941,407193.0,442303.0,986.2,1012.8,981.3,986.2,120498750,1084.8,887.6,1102.5,649.1,1010.6,718,3,1010.5,226,8,1010.4,836,12,1010.3,754,9,1010.2,974,12,1010.7,128,1,1010.8,49,1,1010.9,167,3,1011.0,292,5,1011.1,545,8
317,2025-11-26 13:47:15+05:30,1010.7,2,1001.2,7381055,407385.0,442225.0,986.2,1012.8,981.3,986.2,120498750,1084.8,887.6,1102.5,649.1,1010.6,724,4,1010.5,353,10,1010.4,799,11,1010.3,754,9,1010.2,974,12,1010.7,14,1,1010.8,80,2,1010.9,100,2,1011.0,140,3,1011.1,499,7
317,2025-11-26 13:47:16+05:30,1010.7,14,1001.2,7381055,407385.0,442225.0,986.2,1012.8,981.3,986.2,120498750,1084.8,887.6,1102.5,649.1,1010.6,724,4,1010.5,353,10,1010.4,799,11,1010.3,754,9,1010.2,974,12,1010.7,14,1,1010.8,80,2,1010.9,100,2,1011.0,140,3,1011.1,499,7
317,2025-11-26 13:47:16+05:30,1010.7,14,1001.2,7381069,409216.0,442014.0,986.2,1012.8,981.3,986.2,120498750,1084.8,887.6,1102.5,649.1,1010.7,1616,2,1010.6,724,4,1010.5,276,10,1010.4,785,11,1010.3,926,10,1010.8,80,2,1010.9,100,2,1011.0,6,2,1011.1,328,5,1011.2,1154,9
317,2025-11-26 13:47:17+05:30,1010.8,1,1001.2,7381069,409216.0,442014.0,986.2,1012.8,981.3,986.2,120498750,1084.8,887.6,1102.5,649.1,1010.7,1616,2,1010.6,724,4,1010.5,276,10,1010.4,785,11,1010.3,926,10,1010.8,80,2,1010.9,100,2,1011.0,6,2,1011.1,328,5,1011.2,1154,9
317,2025-11-26 13:47:17+05:30,1010.8,1,1001.2,7381070,409371.0,442006.0,986.2,1012.8,981.3,986.2,120498750,1084.8,887.6,1102.5,649.1,1010.7,1615,1,1010.6,905,6,1010.5,400,12,1010.4,1015,13,1010.3,792,9,1010.8,79,2,1010.9,100,2,1011.0,6,2,1011.1,328,5,1011.2,580,8
317,2025-11-26 13:47:18+05:30,1010.7,100,1001.2,7381170,409125.0,442008.0,986.2,1012.8,981.3,986.2,120498750,1084.8,887.6,1102.5,649.1,1010.7,1586,4,1010.6,747,5,1010.5,364,11,1010.4,992,11,1010.3,792,9,1010.8,79,2,1010.9,100,2,1011.0,6,2,1011.1,328,5,1011.2,580,8
317,2025-11-26 13:47:19+05:30,1010.7,551,1001.2,7381170,409125.0,442008.0,986.2,1012.8,981.3,986.2,120498750,1084.8,887.6,1102.5,649.1,1010.7,1586,4,1010.6,747,5,1010.5,364,11,1010.4,992,11,1010.3,792,9,1010.8,79,2,1010.9,100,2,1011.0,6,2,1011.1,328,5,1011.2,580,8
317,2025-11-26 13:47:19+05:30,1010.7,551,1001.2,7381721,408652.0,442034.0,986.2,1012.8,981.3,986.2,120498750,1084.8,887.6,1102.5,649.1,1010.7,1048,5,1010.6,747,5,1010.5,264,9,1010.4,880,11,1010.3,935,10,1010.8,80,3,1010.9,100,2,1011.0,6,2,1011.1,868,7,1011.2,627,9
317,2025-11-26 13:47:20+05:30,1010.8,1,1001.2,7381721,408652.0,442034.0,986.2,1012.8,981.3,986.2,120498750,1084.8,887.6,1102.5,649.1,1010.7,1048,5,1010.6,747,5,1010.5,264,9,1010.4,880,11,1010.3,935,10,1010.8,80,3,1010.9,100,2,1011.0,6,2,1011.1,868,7,1011.2,627,9
317,2025-11-26 13:47:20+05:30,1010.8,1,1001.2,7381851,408852.0,441915.0,986.2,1012.8,981.3,986.2,120498750,1084.8,887.6,1102.5,649.1,1010.7,1048,5,1010.6,754,5,1010.5,301,10,1010.4,843,10,1010.3,935,10,1010.8,32,2,1010.9,13,1,1011.0,6,2,1011.1,900,7,1011.2,627,9
317,2025-11-26 13:47:21+05:30,1010.8,1,1001.2,7381851,408852.0,441915.0,986.2,1012.8,981.3,986.2,120498750,1084.8,887.6,1102.5,649.1,1010.7,1048,5,1010.6,754,5,1010.5,301,10,1010.4,843,10,1010.3,935,10,1010.8,32,2,1010.9,13,1,1011.0,6,2,1011.1,900,7,1011.2,627,9
317,2025-11-26 13:47:21+05:30,1010.7,25,1001.2,7381978,408723.0,442242.0,986.2,1012.8,981.3,986.2,120498750,1084.8,887.6,1102.5,649.1,1010.7,923,5,1010.6,754,5,1010.5,297,10,1010.4,843,10,1010.3,935,10,1010.8,81,2,1010.9,13,1,1011.0,6,2,1011.1,965,8,1011.2,627,9
317,2025-11-26 13:47:22+05:30,1010.7,11,1001.2,7381978,408723.0,442242.0,986.2,1012.8,981.3,986.2,120498750,1084.8,887.6,1102.5,649.1,1010.7,923,5,1010.6,754,5,1010.5,297,10,1010.4,843,10,1010.3,935,10,1010.8,81,2,1010.9,13,1,1011.0,6,2,1011.1,965,8,1011.2,627,9
317,2025-11-26 13:47:22+05:30,1010.9,4,1001.2,7382054,407828.0,441904.0,986.2,1012.8,981.3,986.2,120498750,1084.8,887.6,1102.5,649.1,1010.7,912,5,1010.6,868,8,1010.5,227,8,1010.4,843,10,1010.3,935,10,1010.9,13,1,1011.0,6,2,1011.1,908,8,1011.2,536,8,1011.3,681,11
317,2025-11-26 13:47:23+05:30,1010.9,23,1001.2,7382054,407828.0,441904.0,986.2,1012.8,981.3,986.2,120498750,1084.8,887.6,1102.5,649.1,1010.7,912,5,1010.6,868,8,1010.5,227,8,1010.4,843,10,1010.3,935,10,1010.9,13,1,1011.0,6,2,1011.1,908,8,1011.2,536,8,1011.3,681,11
317,2025-11-26 13:47:23+05:30,1010.9,23,1001.2,7382100,407748.0,441136.0,986.2,1012.8,981.3,986.2,120498750,1084.8,887.6,1102.5,649.1,1010.7,959,6,1010.6,969,8,1010.5,434,11,1010.4,843,10,1010.3,935,10,1010.9,14,2,1011.0,1,1,1011.1,794,6,1011.2,489,7,1011.3,682,11
317,2025-11-26 13:47:24+05:30,1010.9,45,1001.2,7382100,407748.0,441136.0,986.2,1012.8,981.3,986.2,120498750,1084.8,887.6,1102.5,649.1,1010.7,959,6,1010.6,969,8,1010.5,434,11,1010.4,843,10,1010.3,935,10,1010.9,14,2,1011.0,1,1,1011.1,794,6,1011.2,489,7,1011.3,682,11
317,2025-11-26 13:47:24+05:30,1011.0,2,1001.2,7382562,408429.0,440452.0,986.2,1012.8,981.3,986.2,120498750,1084.8,887.6,1102.5,649.1,1010.9,23,1,1010.7,512,5,1010.6,879,6,1010.5,534,10,1010.4,1544,11,1011.0,10,1,1011.1,417,6,1011.2,399,6,1011.3,631,12,1011.4,2296,20
317,2025-11-26 13:47:25+05:30,1011.0,1,1001.2,7382562,408429.0,440452.0,986.2,1012.8,981.3,986.2,120498750,1084.8,887.6,1102.5,649.1,1010.9,23,1,1010.7,512,5,1010.6,879,6,1010.5,534,10,1010.4,1544,11,1011.0,10,1,1011.1,417,6,1011.2,399,6,1011.3,631,12,1011.4,2296,20
317,2025-11-26 13:47:25+05:30,1011.0,11,1001.2,7382588,408235.0,440582.0,986.2,1012.8,981.3,986.2,120498750,1084.8,887.6,1102.5,649.1,1010.9,54,3,1010.7,499,4,1010.6,997,6,1010.5,534,10,1010.4,1544,11,1011.0,7,1,1011.1,417,6,1011.2,351,5,1011.3,607,11,1011.4,2296,20
317,2025-11-26 13:47:26+05:30,1011.0,2,1001.2,7382588,408235.0,440582.0,986.2,1012.8,981.3,986.2,120498750,1084.8,887.6,1102.5,649.1,1010.9,54,3,1010.7,499,4,1010.6,997,6,1010.5,534,10,1010.4,1544,11,1011.0,7,1,1011.1,417,6,1011.2,351,5,1011.3,607,11,1011.4,2296,20
317,2025-11-26 13:47:26+05:30,1011.0,2,1001.2,7382590,408350.0,441162.0,986.2,1012.8,981.3,986.2,120498750,1084.8,887.6,1102.5,649.1,1010.9,73,7,1010.8,47,1,1010.7,546,5,1010.6,984,4,1010.5,539,9,1011.0,5,1,1011.1,354,5,1011.2,933,6,1011.3,633,12,1011.4,2290,19
317,2025-11-26 13:47:27+05:30,1011.0,1,1001.2,7382591,408347.0,440457.0,986.2,1012.8,981.3,986.2,120498750,1084.8,887.6,1102.5,649.1,1010.9,73,7,1010.8,47,1,1010.7,546,5,1010.6,984,4,1010.5,772,12,1011.0,4,1,1011.1,264,4,1011.2,351,5,1011.3,607,11,1011.4,2290,19
317,2025-11-26 13:47:28+05:30,1011.0,1,1001.2,7382591,408347.0,440457.0,986.2,1012.8,981.3,986.2,120498750,1084.8,887.6,1102.5,649.1,1010.9,73,7,1010.8,47,1,1010.7,546,5,1010.6,984,4,1010.5,772,12,1011.0,4,1,1011.1,264,4,1011.2,351,5,1011.3,607,11,1011.4,2290,19
317,2025-11-26 13:47:28+05:30,1011.0,1,1001.2,7382591,408352.0,440606.0,986.2,1012.8,981.3,986.2,120498750,1084.8,887.6,1102.5,649.1,1010.9,73,7,1010.8,47,1,1010.7,546,5,1010.6,984,4,1010.5,827,13,1011.0,4,1,1011.1,273,4,1011.2,351,5,1011.3,607,11,1011.4,2290,19
317,2025-11-26 13:47:29+05:30,1011.0,1,1001.2,7382591,408352.0,440606.0,986.2,1012.8,981.3,986.2,120498750,1084.8,887.6,1102.5,649.1,1010.9,73,7,1010.8,47,1,1010.7,546,5,1010.6,984,4,1010.5,827,13,1011.0,4,1,1011.1,273,4,1011.2,351,5,1011.3,607,11,1011.4,2290,19
317,2025-11-26 13:47:29+05:30,1011.0,10,1001.2,7382907,407905.0,441727.0,986.2,1012.8,981.3,986.2,120498750,1084.8,887.6,1102.5,649.1,1010.9,57,6,1010.7,499,4,1010.6,987,5,1010.5,676,11,1010.4,1586,11,1011.0,23,1,1011.1,272,3,1011.2,911,6,1011.3,636,13,1011.4,2290,19
317,2025-11-26 13:47:30+05:30,1011.0,27,1001.2,7382907,407905.0,441727.0,986.2,1012.8,981.3,986.2,120498750,1084.8,887.6,1102.5,649.1,1010.9,57,6,1010.7,499,4,1010.6,987,5,1010.5,676,11,1010.4,1586,11,1011.0,23,1,1011.1,272,3,1011.2,911,6,1011.3,636,13,1011.4,2290,19
317,2025-11-26 13:47:30+05:30,1011.1,1,1001.2,7383016,407805.0,441799.0,986.2,1012.8,981.3,986.2,120498750,1084.8,887.6,1102.5,649.1,1010.9,60,6,1010.8,5,1,1010.7,499,4,1010.6,987,5,1010.5,676,11,1011.1,325,4,1011.2,351,5,1011.3,610,11,1011.4,2280,20,1011.5,3441,15
317,2025-11-26 13:47:31+05:30,1011.1,1,1001.2,7383016,407805.0,441799.0,986.2,1012.8,981.3,986.2,120498750,1084.8,887.6,1102.5,649.1,1010.9,60,6,1010.8,5,1,1010.7,499,4,1010.6,987,5,1010.5,676,11,1011.1,325,4,1011.2,351,5,1011.3,610,11,1011.4,2280,20,1011.5,3441,15
317,2025-11-26 13:47:31+05:30,1011.1,1,1001.2,7383017,407788.0,441818.0,986.2,1012.8,981.3,986.2,120498750,1084.8,887.6,1102.5,649.1,1010.9,52,4,1010.8,8,2,1010.7,499,4,1010.6,987,5,1010.5,676,11,1011.0,30,1,1011.1,539,6,1011.2,398,6,1011.3,635,12,1011.4,2297,21
317,2025-11-26 13:47:32+05:30,1011.1,1,1001.2,7383017,407796.0,441818.0,986.2,1012.8,981.3,986.2,120498750,1084.8,887.6,1102.5,649.1,1010.9,52,4,1010.8,8,2,1010.7,499,4,1010.6,987,5,1010.5,676,11,1011.0,30,1,1011.1,539,6,1011.2,398,6,1011.3,635,12,1011.4,2297,21
317,2025-11-26 13:47:33+05:30,1011.0,2,1001.2,7383017,407796.0,441818.0,986.2,1012.8,981.3,986.2,120498750,1084.8,887.6,1102.5,649.1,1010.9,52,4,1010.8,8,2,1010.7,499,4,1010.6,987,5,1010.5,676,11,1011.0,30,1,1011.1,539,6,1011.2,398,6,1011.3,635,12,1011.4,2297,21
317,2025-11-26 13:47:33+05:30,1011.0,49,1001.2,7383098,407070.0,441702.0,986.2,1012.8,981.3,986.2,120498750,1084.8,887.6,1102.5,649.1,1010.9,52,4,1010.8,8,2,1010.7,499,4,1010.6,987,5,1010.5,676,11,1011.0,8,1,1011.1,351,4,1011.2,361,6,1011.3,590,12,1011.4,2307,22
317,2025-11-26 13:47:34+05:30,1011.1,28,1001.2,7383098,407070.0,441702.0,986.2,1012.8,981.3,986.2,120498750,1084.8,887.6,1102.5,649.1,1010.9,52,4,1010.8,8,2,1010.7,499,4,1010.6,987,5,1010.5,676,11,1011.0,8,1,1011.1,351,4,1011.2,361,6,1011.3,590,12,1011.4,2307,22
317,2025-11-26 13:47:34+05:30,1010.9,9,1001.2,7383188,406822.0,442024.0,986.2,1012.8,981.3,986.2,120498750,1084.8,887.6,1102.5,649.1,1011.0,112,1,1010.9,33,4,1010.8,8,2,1010.7,499,4,1010.6,987,5,1011.1,296,4,1011.2,397,6,1011.3,857,14,1011.4,2271,21,1011.5,3443,15
317,2025-11-26 13:47:35+05:30,1011.1,3,1001.2,7383188,406822.0,442024.0,986.2,1012.8,981.3,986.2,120498750,1084.8,887.6,1102.5,649.1,1011.0,112,1,1010.9,33,4,1010.8,8,2,1010.7,499,4,1010.6,987,5,1011.1,296,4,1011.2,397,6,1011.3,857,14,1011.4,2271,21,1011.5,3443,15
317,2025-11-26 13:47:36+05:30,1011.1,2,1001.2,7383309,406773.0,442369.0,986.2,1012.8,981.3,986.2,120498750,1084.8,887.6,1102.5,649.1,1010.9,18,1,1010.8,8,2,1010.7,499,4,1010.6,998,7,1010.5,650,10,1011.1,654,8,1011.2,520,9,1011.3,885,15,1011.4,2271,21,1011.5,3443,15
317,2025-11-26 13:47:36+05:30,1011.1,2,1001.2,7383309,406773.0,442369.0,986.2,1012.8,981.3,986.2,120498750,1084.8,887.6,1102.5,649.1,1010.9,18,1,1010.8,8,2,1010.7,499,4,1010.6,998,7,1010.5,650,10,1011.1,654,8,1011.2,520,9,1011.3,885,15,1011.4,2271,21,1011.5,3443,15
317,2025-11-26 13:47:36+05:30,1010.9,10,1001.2,7383319,406733.0,442966.0,986.2,1012.8,981.3,986.2,120498750,1084.8,887.6,1102.5,649.1,1010.9,8,1,1010.8,8,2,1010.7,499,4,1010.6,817,5,1010.5,650,10,1011.1,629,10,1011.2,1051,10,1011.3,1183,16,1011.4,2051,21,1011.5,3309,14
317,2025-11-26 13:47:37+05:30,1010.9,10,1001.2,7383319,406733.0,442966.0,986.2,1012.8,981.3,986.2,120498750,1084.8,887.6,1102.5,649.1,1010.9,8,1,1010.8,8,2,1010.7,499,4,1010.6,817,5,1010.5,650,10,1011.1,629,10,1011.2,1051,10,1011.3,1183,16,1011.4,2051,21,1011.5,3309,14
317,2025-11-26 13:47:38+05:30,1011.1,16,1001.2,7383345,406732.0,442941.0,986.2,1012.8,981.3,986.2,120498750,1084.8,887.6,1102.5,649.1,1010.9,7,1,1010.8,8,2,1010.7,499,4,1010.6,817,5,1010.5,650,10,1011.1,604,9,1011.2,1051,10,1011.3,1183,16,1011.4,2051,21,1011.5,3309,14
317,2025-11-26 13:47:38+05:30,1011.1,1,1001.2,7383345,406732.0,442941.0,986.2,1012.8,981.3,986.2,120498750,1084.8,887.6,1102.5,649.1,1010.9,7,1,1010.8,8,2,1010.7,499,4,1010.6,817,5,1010.5,650,10,1011.1,604,9,1011.2,1051,10,1011.3,1183,16,1011.4,2051,21,1011.5,3309,14
317,2025-11-26 13:47:39+05:30,1011.1,1,1001.2,7383347,406638.0,442309.0,986.2,1012.8,981.3,986.2,120498750,1084.8,887.6,1102.5,649.1,1010.9,7,1,1010.8,8,2,1010.7,499,4,1010.6,817,5,1010.5,587,9,1011.0,15,1,1011.1,557,8,1011.2,482,9,1011.3,1183,16,1011.4,2087,22
317,2025-11-26 13:47:40+05:30,1011.1,1,1001.2,7383347,406656.0,442846.0,986.2,1012.8,981.3,986.2,120498750,1084.8,887.6,1102.5,649.1,1010.9,7,1,1010.8,8,2,1010.7,499,4,1010.6,817,5,1010.5,587,9,1011.0,15,1,1011.1,557,8,1011.2,1004,10,1011.3,1183,16,1011.4,2087,22
317,2025-11-26 13:47:40+05:30,1011.0,1,1001.2,7383347,406656.0,442846.0,986.2,1012.8,981.3,986.2,120498750,1084.8,887.6,1102.5,649.1,1010.9,7,1,1010.8,8,2,1010.7,499,4,1010.6,817,5,1010.5,587,9,1011.0,15,1,1011.1,557,8,1011.2,1004,10,1011.3,1183,16,1011.4,2087,22
317,2025-11-26 13:47:41+05:30,1011.0,2,1001.2,7383350,406816.0,442858.0,986.2,1012.8,981.3,986.2,120498750,1084.8,887.6,1102.5,649.1,1010.9,7,1,1010.8,8,2,1010.7,499,4,1010.6,817,5,1010.5,587,9,1011.0,61,2,1011.1,557,8,1011.2,1014,11,1011.3,1139,15,1011.4,2087,22
317,2025-11-26 13:47:41+05:30,1011.0,2,1001.2,7383350,406816.0,442858.0,986.2,1012.8,981.3,986.2,120498750,1084.8,887.6,1102.5,649.1,1010.9,7,1,1010.8,8,2,1010.7,499,4,1010.6,817,5,1010.5,587,9,1011.0,61,2,1011.1,557,8,1011.2,1014,11,1011.3,1139,15,1011.4,2087,22
317,2025-11-26 13:47:42+05:30,1011.0,2,1001.2,7383350,406816.0,442858.0,986.2,1012.8,981.3,986.2,120498750,1084.8,887.6,1102.5,649.1,1010.9,7,1,1010.8,8,2,1010.7,499,4,1010.6,817,5,1010.5,587,9,1011.0,61,2,1011.1,557,8,1011.2,1014,11,1011.3,1139,15,1011.4,2087,22
317,2025-11-26 13:47:43+05:30,1011.0,20,1001.2,7383431,406878.0,442877.0,986.2,1012.8,981.3,986.2,120498750,1084.8,887.6,1102.5,649.1,1010.9,7,1,1010.8,8,2,1010.7,499,4,1010.6,951,6,1010.5,587,9,1011.0,78,3,1011.1,557,8,1011.2,1014,11,1011.3,1139,15,1011.4,2087,22
317,2025-11-26 13:47:43+05:30,1011.0,20,1001.2,7383431,406878.0,442877.0,986.2,1012.8,981.3,986.2,120498750,1084.8,887.6,1102.5,649.1,1010.9,7,1,1010.8,8,2,1010.7,499,4,1010.6,951,6,1010.5,587,9,1011.0,78,3,1011.1,557,8,1011.2,1014,11,1011.3,1139,15,1011.4,2087,22
317,2025-11-26 13:47:44+05:30,1011.0,3,1001.2,7383431,406878.0,442877.0,986.2,1012.8,981.3,986.2,120498750,1084.8,887.6,1102.5,649.1,1010.9,7,1,1010.8,8,2,1010.7,499,4,1010.6,951,6,1010.5,587,9,1011.0,78,3,1011.1,557,8,1011.2,1014,11,1011.3,1139,15,1011.4,2087,22
317,2025-11-26 13:47:44+05:30,1011.0,3,1001.2,7383891,406305.0,442320.0,986.2,1012.8,981.3,986.2,120498750,1084.8,887.6,1102.5,649.1,1010.8,8,2,1010.7,499,4,1010.6,735,5,1010.5,479,7,1010.4,707,8,1011.0,263,5,1011.1,999,12,1011.2,700,13,1011.3,883,11,1011.4,2012,22
317,2025-11-26 13:47:45+05:30,1011.1,12,1001.2,7383891,406305.0,442320.0,986.2,1012.8,981.3,986.2,120498750,1084.8,887.6,1102.5,649.1,1010.8,8,2,1010.7,499,4,1010.6,735,5,1010.5,479,7,1010.4,707,8,1011.0,263,5,1011.1,999,12,1011.2,700,13,1011.3,883,11,1011.4,2012,22
317,2025-11-26 13:47:45+05:30,1011.1,12,1001.2,7384243,407231.0,440926.0,986.2,1012.8,981.3,986.2,120498750,1084.8,887.6,1102.5,649.1,1011.0,1,1,1010.8,8,2,1010.7,499,4,1010.6,977,7,1010.5,540,8,1011.1,415,9,1011.2,453,8,1011.3,549,9,1011.4,2310,23,1011.5,3244,13
317,2025-11-26 13:47:46+05:30,1011.0,1,1001.2,7384243,407231.0,440926.0,986.2,1012.8,981.3,986.2,120498750,1084.8,887.6,1102.5,649.1,1011.0,1,1,1010.8,8,2,1010.7,499,4,1010.6,977,7,1010.5,540,8,1011.1,415,9,1011.2,453,8,1011.3,549,9,1011.4,2310,23,1011.5,3244,13
317,2025-11-26 13:47:46+05:30,1011.0,1,1001.2,7384348,407490.0,441184.0,986.2,1012.8,981.3,986.2,120498750,1084.8,887.6,1102.5,649.1,1010.8,6,2,1010.7,499,4,1010.6,977,7,1010.5,479,7,1010.4,1403,9,1011.0,2,1,1011.1,221,7,1011.2,1062,9,1011.3,544,8,1011.4,2194,18
317,2025-11-26 13:47:47+05:30,1011.0,1,1001.2,7384348,407490.0,441184.0,986.2,1012.8,981.3,986.2,120498750,1084.8,887.6,1102.5,649.1,1010.8,6,2,1010.7,499,4,1010.6,977,7,1010.5,479,7,1010.4,1403,9,1011.0,2,1,1011.1,221,7,1011.2,1062,9,1011.3,544,8,1011.4,2194,18
317,2025-11-26 13:47:47+05:30,1011.0,1,1001.2,7384349,407499.0,441183.0,986.2,1012.8,981.3,986.2,120498750,1084.8,887.6,1102.5,649.1,1010.9,11,2,1010.8,6,2,1010.7,499,4,1010.6,966,5,1010.5,479,7,1011.0,1,1,1011.1,176,6,1011.2,1062,9,1011.3,544,8,1011.4,2194,18
317,2025-11-26 13:47:48+05:30,1010.9,2,1001.2,7384349,407499.0,441183.0,986.2,1012.8,981.3,986.2,120498750,1084.8,887.6,1102.5,649.1,1010.9,11,2,1010.8,6,2,1010.7,499,4,1010.6,966,5,1010.5,479,7,1011.0,1,1,1011.1,176,6,1011.2,1062,9,1011.3,544,8,1011.4,2194,18
317,2025-11-26 13:47:48+05:30,1011.1,40,1001.2,7384418,407630.0,441430.0,986.2,1012.8,981.3,986.2,120498750,1084.8,887.6,1102.5,649.1,1010.9,2,1,1010.8,6,2,1010.7,499,4,1010.6,966,5,1010.5,624,10,1011.1,62,4,1011.2,1135,10,1011.3,625,10,1011.4,2222,18,1011.5,3437,17
317,2025-11-26 13:47:49+05:30,1010.9,1,1001.2,7384418,407630.0,441430.0,986.2,1012.8,981.3,986.2,120498750,1084.8,887.6,1102.5,649.1,1010.9,2,1,1010.8,6,2,1010.7,499,4,1010.6,966,5,1010.5,624,10,1011.1,62,4,1011.2,1135,10,1011.3,625,10,1011.4,2222,18,1011.5,3437,17
317,2025-11-26 13:47:49+05:30,1010.9,1,1001.2,7384521,407300.0,442352.0,986.2,1012.8,981.3,986.2,120498750,1084.8,887.6,1102.5,649.1,1010.8,6,2,1010.7,499,4,1010.6,858,4,1010.5,564,9,1010.4,1502,12,1010.9,18,1,1011.1,257,3,1011.2,1264,12,1011.3,914,11,1011.4,1996,19
317,2025-11-26 13:47:50+05:30,1010.9,1,1001.2,7384521,407300.0,442352.0,986.2,1012.8,981.3,986.2,120498750,1084.8,887.6,1102.5,649.1,1010.8,6,2,1010.7,499,4,1010.6,858,4,1010.5,564,9,1010.4,1502,12,1010.9,18,1,1011.1,257,3,1011.2,1264,12,1011.3,914,11,1011.4,1996,19
317,2025-11-26 13:47:51+05:30,1010.9,1,1001.2,7384521,407300.0,442352.0,986.2,1012.8,981.3,986.2,120498750,1084.8,887.6,1102.5,649.1,1010.8,6,2,1010.7,499,4,1010.6,858,4,1010.5,564,9,1010.4,1502,12,1010.9,18,1,1011.1,257,3,1011.2,1264,12,1011.3,914,11,1011.4,1996,19
317,2025-11-26 13:47:51+05:30,1010.9,1,1001.2,7384523,407363.0,442430.0,986.2,1012.8,981.3,986.2,120498750,1084.8,887.6,1102.5,649.1,1010.8,10,3,1010.7,499,4,1010.6,902,5,1010.5,735,11,1010.4,1502,12,1010.9,16,1,1011.1,257,3,1011.2,1242,11,1011.3,914,11,1011.4,1996,19
317,2025-11-26 13:47:52+05:30,1010.9,23,1001.2,7384523,407363.0,442430.0,986.2,1012.8,981.3,986.2,120498750,1084.8,887.6,1102.5,649.1,1010.8,10,3,1010.7,499,4,1010.6,902,5,1010.5,735,11,1010.4,1502,12,1010.9,16,1,1011.1,257,3,1011.2,1242,11,1011.3,914,11,1011.4,1996,19
317,2025-11-26 13:47:52+05:30,1010.9,23,1001.2,7384572,407333.0,442466.0,986.2,1012.8,981.3,986.2,120498750,1084.8,887.6,1102.5,649.1,1010.8,10,3,1010.7,499,4,1010.6,858,4,1010.5,749,11,1010.4,1502,12,1010.9,42,2,1011.1,208,2,1011.2,1242,11,1011.3,914,11,1011.4,1996,19
317,2025-11-26 13:47:53+05:30,1010.9,11,1001.2,7384572,407333.0,442466.0,986.2,1012.8,981.3,986.2,120498750,1084.8,887.6,1102.5,649.1,1010.8,10,3,1010.7,499,4,1010.6,858,4,1010.5,749,11,1010.4,1502,12,1010.9,42,2,1011.1,208,2,1011.2,1242,11,1011.3,914,11,1011.4,1996,19
317,2025-11-26 13:47:53+05:30,1010.9,11,1001.2,7384604,407375.0,442509.0,986.2,1012.8,981.3,986.2,120498750,1084.8,887.6,1102.5,649.1,1010.8,10,3,1010.7,499,4,1010.6,858,4,1010.5,793,12,1010.4,1502,12,1010.9,39,3,1011.0,52,1,1011.1,202,1,1011.2,1242,11,1011.3,914,11
317,2025-11-26 13:47:54+05:30,1010.9,10,1001.2,7384604,407375.0,442509.0,986.2,1012.8,981.3,986.2,120498750,1084.8,887.6,1102.5,649.1,1010.8,10,3,1010.7,499,4,1010.6,858,4,1010.5,793,12,1010.4,1502,12,1010.9,39,3,1011.0,52,1,1011.1,202,1,1011.2,1242,11,1011.3,914,11
317,2025-11-26 13:47:54+05:30,1010.9,10,1001.2,7384754,405629.0,442590.0,986.2,1012.8,981.3,986.2,120498750,1084.8,887.6,1102.5,649.1,1010.8,15,2,1010.7,499,4,1010.6,858,4,1010.5,552,10,1010.4,815,10,1010.9,29,2,1011.0,57,2,1011.1,202,1,1011.2,1242,11,1011.3,914,11
317,2025-11-26 13:47:55+05:30,1010.9,2,1001.2,7384754,405629.0,442590.0,986.2,1012.8,981.3,986.2,120498750,1084.8,887.6,1102.5,649.1,1010.8,15,2,1010.7,499,4,1010.6,858,4,1010.5,552,10,1010.4,815,10,1010.9,29,2,1011.0,57,2,1011.1,202,1,1011.2,1242,11,1011.3,914,11
317,2025-11-26 13:47:55+05:30,1010.9,5,1001.2,7384883,405599.0,442203.0,986.2,1012.8,981.3,986.2,120498750,1084.8,887.6,1102.5,649.1,1010.8,15,2,1010.7,499,4,1010.6,858,4,1010.5,457,10,1010.4,777,9,1010.9,20,2,1011.0,57,2,1011.1,512,1,1011.2,745,10,1011.3,914,11
317,2025-11-26 13:47:56+05:30,1010.9,1,1001.2,7384883,405599.0,442203.0,986.2,1012.8,981.3,986.2,120498750,1084.8,887.6,1102.5,649.1,1010.8,15,2,1010.7,499,4,1010.6,858,4,1010.5,457,10,1010.4,777,9,1010.9,20,2,1011.0,57,2,1011.1,512,1,1011.2,745,10,1011.3,914,11
317,2025-11-26 13:47:56+05:30,1010.9,1,1001.2,7384899,405599.0,442201.0,986.2,1012.8,981.3,986.2,120498750,1084.8,887.6,1102.5,649.1,1010.8,15,2,1010.7,499,4,1010.6,858,4,1010.5,457,10,1010.4,777,9,1010.9,4,1,1011.0,57,2,1011.1,518,2,1011.2,723,9,1011.3,914,11
317,2025-11-26 13:47:57+05:30,1011.0,22,1001.2,7384899,405599.0,442201.0,986.2,1012.8,981.3,986.2,120498750,1084.8,887.6,1102.5,649.1,1010.8,15,2,1010.7,499,4,1010.6,858,4,1010.5,457,10,1010.4,777,9,1010.9,4,1,1011.0,57,2,1011.1,518,2,1011.2,723,9,1011.3,914,11
317,2025-11-26 13:47:57+05:30,1011.0,22,1001.21,7385055,406162.0,441653.0,986.2,1012.8,981.3,986.2,120498750,1084.8,887.6,1102.5,649.1,1010.7,429,4,1010.6,942,7,1010.5,457,10,1010.4,777,9,1010.3,883,12,1011.0,35,2,1011.1,6,1,1011.2,786,10,1011.3,616,10,1011.4,2215,16
317,2025-11-26 13:47:58+05:30,1011.0,22,1001.21,7385055,406162.0,442314.0,986.2,1012.8,981.3,986.2,120498750,1084.8,887.6,1102.5,649.1,1010.7,429,4,1010.6,899,6,1010.5,457,10,1010.4,777,9,1010.3,883,12,1011.0,35,2,1011.1,49,2,1011.2,1344,11,1011.3,914,11,1011.4,1977,17
317,2025-11-26 13:47:59+05:30,1011.0,22,1001.21,7385055,406803.0,442523.0,986.2,1012.8,981.3,986.2,120498750,1084.8,887.6,1102.5,649.1,1010.7,429,4,1010.6,942,7,1010.5,448,10,1010.4,777,9,1010.3,883,12,1010.8,14,1,1011.0,37,3,1011.1,576,3,1011.2,741,9,1011.3,914,11
317,2025-11-26 13:48:00+05:30,1010.7,8,1001.21,7385055,406803.0,442523.0,986.2,1012.8,981.3,986.2,120498750,1084.8,887.6,1102.5,649.1,1010.7,429,4,1010.6,942,7,1010.5,448,10,1010.4,777,9,1010.3,883,12,1010.8,14,1,1011.0,37,3,1011.1,576,3,1011.2,741,9,1011.3,914,11
317,2025-11-26 13:48:00+05:30,1010.7,15,1001.21,7385080,407443.0,443222.0,986.2,1012.8,981.3,986.2,120498750,1084.8,887.6,1102.5,649.1,1010.7,442,5,1010.6,1000,8,1010.5,456,10,1010.4,777,9,1010.3,883,12,1010.8,12,1,1011.0,37,3,1011.1,576,3,1011.2,741,9,1011.3,916,12
317,2025-11-26 13:48:01+05:30,1010.7,1,1001.21,7385080,407443.0,443222.0,986.2,1012.8,981.3,986.2,120498750,1084.8,887.6,1102.5,649.1,1010.7,442,5,1010.6,1000,8,1010.5,456,10,1010.4,777,9,1010.3,883,12,1010.8,12,1,1011.0,37,3,1011.1,576,3,1011.2,741,9,1011.3,916,12
317,2025-11-26 13:48:01+05:30,1010.7,1,1001.21,7385082,407406.0,443281.0,986.2,1012.8,981.3,986.2,120498750,1084.8,887.6,1102.5,649.1,1010.7,405,4,1010.6,1000,8,1010.5,456,10,1010.4,777,9,1010.3,883,12,1010.8,11,1,1010.9,40,1,1011.0,32,3,1011.1,576,3,1011.2,812,11
317,2025-11-26 13:48:02+05:30,1010.7,1,1001.21,7385082,407366.0,443373.0,986.2,1012.8,981.3,986.2,120498750,1084.8,887.6,1102.5,649.1,1010.7,405,4,1010.6,864,6,1010.5,496,11,1010.4,777,9,1010.3,883,12,1010.8,133,2,1010.9,40,1,1011.0,32,3,1011.1,708,4,1011.2,784,10
317,2025-11-26 13:48:03+05:30,1010.8,4,1001.21,7385113,407355.0,443465.0,986.2,1012.8,981.3,986.2,120498750,1084.8,887.6,1102.5,649.1,1010.7,382,2,1010.6,876,8,1010.5,496,11,1010.4,777,9,1010.3,883,12,1010.8,116,2,1010.9,40,1,1011.0,32,3,1011.1,817,5,1011.2,784,10
317,2025-11-26 13:48:03+05:30,1010.8,4,1001.21,7385113,407355.0,443465.0,986.2,1012.8,981.3,986.2,120498750,1084.8,887.6,1102.5,649.1,1010.7,382,2,1010.6,876,8,1010.5,496,11,1010.4,777,9,1010.3,883,12,1010.8,116,2,1010.9,40,1,1011.0,32,3,1011.1,817,5,1011.2,784,10
317,2025-11-26 13:48:04+05:30,1010.8,50,1001.21,7385388,406614.0,443143.0,986.2,1012.8,981.3,986.2,120498750,1084.8,887.6,1102.5,649.1,1010.8,23,1,1010.7,281,4,1010.6,742,7,1010.5,522,10,1010.4,817,10,1010.9,40,1,1011.0,32,3,1011.1,750,5,1011.2,721,9,1011.3,914,11
317,2025-11-26 13:48:04+05:30,1010.8,50,1001.21,7385388,406614.0,443143.0,986.2,1012.8,981.3,986.2,120498750,1084.8,887.6,1102.5,649.1,1010.8,23,1,1010.7,281,4,1010.6,742,7,1010.5,522,10,1010.4,817,10,1010.9,40,1,1011.0,32,3,1011.1,750,5,1011.2,721,9,1011.3,914,11
317,2025-11-26 13:48:05+05:30,1010.9,1,1001.21,7385388,406614.0,443143.0,986.2,1012.8,981.3,986.2,120498750,1084.8,887.6,1102.5,649.1,1010.8,23,1,1010.7,281,4,1010.6,742,7,1010.5,522,10,1010.4,817,10,1010.9,40,1,1011.0,32,3,1011.1,750,5,1011.2,721,9,1011.3,914,11
317,2025-11-26 13:48:05+05:30,1010.9,1,1001.21,7385392,406614.0,443162.0,986.2,1012.8,981.3,986.2,120498750,1084.8,887.6,1102.5,649.1,1010.8,23,1,1010.7,281,4,1010.6,742,7,1010.5,522,10,1010.4,817,10,1010.9,36,1,1011.0,32,3,1011.1,750,5,1011.2,721,9,1011.3,914,11
317,2025-11-26 13:48:06+05:30,1010.9,1,1001.21,7385392,406614.0,443162.0,986.2,1012.8,981.3,986.2,120498750,1084.8,887.6,1102.5,649.1,1010.8,23,1,1010.7,281,4,1010.6,742,7,1010.5,522,10,1010.4,817,10,1010.9,36,1,1011.0,32,3,1011.1,750,5,1011.2,721,9,1011.3,914,11
317,2025-11-26 13:48:06+05:30,1010.9,1,1001.21,7385396,406621.0,442462.0,986.2,1012.8,981.3,986.2,120498750,1084.8,887.6,1102.5,649.1,1010.8,45,3,1010.7,267,3,1010.6,784,8,1010.5,522,10,1010.4,817,10,1010.9,32,1,1011.0,32,3,1011.1,708,4,1011.2,744,10,1011.3,917,12
317,2025-11-26 13:48:07+05:30,1010.9,1,1001.21,7385396,406621.0,442461.0,986.2,1012.8,981.3,986.2,120498750,1084.8,887.6,1102.5,649.1,1010.8,45,3,1010.7,267,3,1010.6,784,8,1010.5,522,10,1010.4,817,10,1010.9,32,1,1011.0,32,3,1011.1,708,4,1011.2,743,10,1011.3,917,12
317,2025-11-26 13:48:08+05:30,1010.8,2,1001.21,7385396,406621.0,442461.0,986.2,1012.8,981.3,986.2,120498750,1084.8,887.6,1102.5,649.1,1010.8,45,3,1010.7,267,3,1010.6,784,8,1010.5,522,10,1010.4,817,10,1010.9,32,1,1011.0,32,3,1011.1,708,4,1011.2,743,10,1011.3,917,12
317,2025-11-26 13:48:08+05:30,1010.8,2,1001.21,7385398,406619.0,445022.0,986.2,1012.8,981.3,986.2,120498750,1084.8,887.6,1102.5,649.1,1010.8,43,3,1010.7,267,3,1010.6,784,8,1010.5,522,10,1010.4,817,10,1010.9,32,1,1011.0,32,3,1011.1,708,4,1011.2,783,10,1011.3,917,12
317,2025-11-26 13:48:09+05:30,1010.8,3,1001.21,7385398,406619.0,445022.0,986.2,1012.8,981.3,986.2,120498750,1084.8,887.6,1102.5,649.1,1010.8,43,3,1010.7,267,3,1010.6,784,8,1010.5,522,10,1010.4,817,10,1010.9,32,1,1011.0,32,3,1011.1,708,4,1011.2,783,10,1011.3,917,12
317,2025-11-26 13:48:09+05:30,1010.9,120,1001.21,7385587,406421.0,444813.0,986.2,1012.8,981.3,986.2,120498750,1084.8,887.6,1102.5,649.1,1010.8,28,2,1010.7,267,3,1010.6,971,10,1010.5,522,10,1010.4,817,10,1010.9,40,1,1011.0,47,3,1011.1,708,4,1011.2,681,10,1011.3,930,13
317,2025-11-26 13:48:10+05:30,1010.8,3,1001.21,7385587,406421.0,444813.0,986.2,1012.8,981.3,986.2,120498750,1084.8,887.6,1102.5,649.1,1010.8,28,2,1010.7,267,3,1010.6,971,10,1010.5,522,10,1010.4,817,10,1010.9,40,1,1011.0,47,3,1011.1,708,4,1011.2,681,10,1011.3,930,13
317,2025-11-26 13:48:10+05:30,1010.8,3,1001.21,7385591,406376.0,444882.0,986.2,1012.8,981.3,986.2,120498750,1084.8,887.6,1102.5,649.1,1010.8,20,1,1010.7,267,3,1010.6,969,10,1010.5,567,12,1010.4,777,9,1010.9,39,1,1011.0,47,3,1011.1,228,4,1011.2,681,10,1011.3,632,12
317,2025-11-26 13:48:11+05:30,1010.9,2,1001.21,7385591,406376.0,444882.0,986.2,1012.8,981.3,986.2,120498750,1084.8,887.6,1102.5,649.1,1010.8,20,1,1010.7,267,3,1010.6,969,10,1010.5,567,12,1010.4,777,9,1010.9,39,1,1011.0,47,3,1011.1,228,4,1011.2,681,10,1011.3,632,12
317,2025-11-26 13:48:11+05:30,1010.9,2,1001.21,7385593,406373.0,444818.0,986.2,1012.8,981.3,986.2,120498750,1084.8,887.6,1102.5,649.1,1010.8,20,1,1010.7,267,3,1010.6,929,9,1010.5,604,13,1010.4,777,9,1010.9,37,1,1011.0,47,3,1011.1,187,3,1011.2,660,9,1011.3,632,12
317,2025-11-26 13:48:12+05:30,1010.9,2,1001.21,7385593,406318.0,444889.0,986.2,1012.8,981.3,986.2,120498750,1084.8,887.6,1102.5,649.1,1010.8,25,2,1010.7,267,3,1010.6,874,8,1010.5,599,12,1010.4,777,9,1010.9,69,4,1011.0,83,2,1011.1,228,4,1011.2,622,9,1011.3,930,13
317,2025-11-26 13:48:13+05:30,1010.9,22,1001.21,7385593,406318.0,444889.0,986.2,1012.8,981.3,986.2,120498750,1084.8,887.6,1102.5,649.1,1010.8,25,2,1010.7,267,3,1010.6,874,8,1010.5,599,12,1010.4,777,9,1010.9,69,4,1011.0,83,2,1011.1,228,4,1011.2,622,9,1011.3,930,13
317,2025-11-26 13:48:13+05:30,1010.9,22,1001.21,7385625,406318.0,444865.0,986.2,1012.8,981.3,986.2,120498750,1084.8,887.6,1102.5,649.1,1010.8,25,2,1010.7,267,3,1010.6,874,8,1010.5,599,12,1010.4,777,9,1010.9,45,5,1011.0,83,2,1011.1,228,4,1011.2,622,9,1011.3,632,12
317,2025-11-26 13:48:14+05:30,1010.9,1,1001.21,7385625,406318.0,444865.0,986.2,1012.8,981.3,986.2,120498750,1084.8,887.6,1102.5,649.1,1010.8,25,2,1010.7,267,3,1010.6,874,8,1010.5,599,12,1010.4,777,9,1010.9,45,5,1011.0,83,2,1011.1,228,4,1011.2,622,9,1011.3,632,12
317,2025-11-26 13:48:14+05:30,1010.9,1,1001.21,7385704,406364.0,444823.0,986.2,1012.8,981.3,986.2,120498750,1084.8,887.6,1102.5,649.1,1010.8,8,1,1010.7,267,3,1010.6,783,8,1010.5,522,10,1010.4,851,11,1010.9,44,5,1011.0,83,2,1011.1,187,3,1011.2,622,9,1011.3,632,12
317,2025-11-26 13:48:15+05:30,1010.9,2,1001.21,7385704,406364.0,444823.0,986.2,1012.8,981.3,986.2,120498750,1084.8,887.6,1102.5,649.1,1010.8,8,1,1010.7,267,3,1010.6,783,8,1010.5,522,10,1010.4,851,11,1010.9,44,5,1011.0,83,2,1011.1,187,3,1011.2,622,9,1011.3,632,12
317,2025-11-26 13:48:15+05:30,1010.9,1,1001.21,7387321,405649.0,445458.0,986.2,1012.8,981.3,986.2,120498750,1084.8,887.6,1102.5,649.1,1010.6,331,10,1010.5,1207,11,1010.4,856,11,1010.3,838,11,1010.2,755,10,1010.9,13,2,1011.0,88,3,1011.1,779,4,1011.2,596,8,1011.3,1662,13
317,2025-11-26 13:48:16+05:30,1010.9,2,1001.21,7387321,405649.0,445458.0,986.2,1012.8,981.3,986.2,120498750,1084.8,887.6,1102.5,649.1,1010.6,331,10,1010.5,1207,11,1010.4,856,11,1010.3,838,11,1010.2,755,10,1010.9,13,2,1011.0,88,3,1011.1,779,4,1011.2,596,8,1011.3,1662,13
317,2025-11-26 13:48:16+05:30,1010.9,2,1001.21,7387323,405672.0,445043.0,986.2,1012.8,981.3,986.2,120498750,1084.8,887.6,1102.5,649.1,1010.8,4,1,1010.6,164,8,1010.5,1277,11,1010.4,808,11,1010.3,838,11,1010.9,11,2,1011.0,88,3,1011.1,671,3,1011.2,534,7,1011.3,1662,13
317,2025-11-26 13:48:17+05:30,1010.8,1,1001.21,7387362,406479.0,445357.0,986.2,1012.8,981.3,986.2,120498750,1084.8,887.6,1102.5,649.1,1010.6,370,10,1010.5,1167,10,1010.4,868,12,1010.3,838,11,1010.2,697,8,1010.8,6,1,1010.9,28,1,1011.0,88,3,1011.1,806,5,1011.2,594,8
317,2025-11-26 13:48:18+05:30,1010.8,1,1001.21,7387362,406479.0,445357.0,986.2,1012.8,981.3,986.2,120498750,1084.8,887.6,1102.5,649.1,1010.6,370,10,1010.5,1167,10,1010.4,868,12,1010.3,838,11,1010.2,697,8,1010.8,6,1,1010.9,28,1,1011.0,88,3,1011.1,806,5,1011.2,594,8
317,2025-11-26 13:48:18+05:30,1010.8,1,1001.21,7387362,407292.0,446118.0,986.2,1012.8,981.3,986.2,120498750,1084.8,887.6,1102.5,649.1,1010.6,272,8,1010.5,1184,10,1010.4,868,12,1010.3,838,11,1010.2,697,8,1010.7,40,1,1010.8,7,2,1011.0,290,4,1011.1,806,5,1011.2,594,8
317,2025-11-26 13:48:19+05:30,1010.6,1,1001.21,7387372,407301.0,446874.0,986.2,1012.8,981.3,986.2,120498750,1084.8,887.6,1102.5,649.1,1010.6,227,8,1010.5,1184,10,1010.4,868,12,1010.3,838,11,1010.2,735,9,1010.7,40,1,1010.8,7,2,1011.0,290,4,1011.1,806,5,1011.2,594,8
317,2025-11-26 13:48:20+05:30,1010.7,1,1001.21,7387372,407301.0,446874.0,986.2,1012.8,981.3,986.2,120498750,1084.8,887.6,1102.5,649.1,1010.6,227,8,1010.5,1184,10,1010.4,868,12,1010.3,838,11,1010.2,735,9,1010.7,40,1,1010.8,7,2,1011.0,290,4,1011.1,806,5,1011.2,594,8
317,2025-11-26 13:48:22+05:30,1010.6,7,1001.21,7387372,407301.0,446874.0,986.2,1012.8,981.3,986.2,120498750,1084.8,887.6,1102.5,649.1,1010.6,227,8,1010.5,1184,10,1010.4,868,12,1010.3,838,11,1010.2,735,9,1010.7,40,1,1010.8,7,2,1011.0,290,4,1011.1,806,5,1011.2,594,8
317,2025-11-26 13:48:22+05:30,1010.6,7,1001.21,7387381,407343.0,447237.0,986.2,1012.8,981.3,986.2,120498750,1084.8,887.6,1102.5,649.1,1010.6,219,8,1010.5,1225,10,1010.4,946,13,1010.3,745,11,1010.2,760,10,1010.7,171,2,1010.8,15,3,1010.9,15,1,1011.0,290,4,1011.1,293,4
317,2025-11-26 13:48:24+05:30,1011.1,54,1001.21,7387381,407343.0,447237.0,986.2,1012.8,981.3,986.2,120498750,1084.8,887.6,1102.5,649.1,1010.6,219,8,1010.5,1225,10,1010.4,946,13,1010.3,745,11,1010.2,760,10,1010.7,171,2,1010.8,15,3,1010.9,15,1,1011.0,290,4,1011.1,293,4
317,2025-11-26 13:48:26+05:30,1010.9,2,1001.21,7387381,407343.0,447237.0,986.2,1012.8,981.3,986.2,120498750,1084.8,887.6,1102.5,649.1,1010.6,219,8,1010.5,1225,10,1010.4,946,13,1010.3,745,11,1010.2,760,10,1010.7,171,2,1010.8,15,3,1010.9,15,1,1011.0,290,4,1011.1,293,4
317,2025-11-26 13:48:26+05:30,1010.9,2,1001.21,7389681,409084.0,443479.0,986.2,1012.8,981.3,986.2,120498750,1084.8,887.6,1102.5,649.1,1010.9,16,1,1010.8,939,7,1010.7,410,7,1010.6,656,10,1010.5,634,16,1011.0,140,1,1011.2,263,1,1011.3,474,6,1011.4,1609,11,1011.5,4378,17
317,2025-11-26 13:48:30+05:30,1010.9,8,1001.21,7389681,409084.0,443479.0,986.2,1012.8,981.3,986.2,120498750,1084.8,887.6,1102.5,649.1,1010.9,16,1,1010.8,939,7,1010.7,410,7,1010.6,656,10,1010.5,634,16,1011.0,140,1,1011.2,263,1,1011.3,474,6,1011.4,1609,11,1011.5,4378,17
317,2025-11-26 13:48:30+05:30,1010.9,8,1001.21,7389743,408341.0,443564.0,986.2,1012.8,981.3,986.2,120498750,1084.8,887.6,1102.5,649.1,1010.9,19,2,1010.8,990,6,1010.7,554,9,1010.6,722,17,1010.5,572,12,1011.1,47,1,1011.3,341,4,1011.4,1433,12,1011.5,4576,18,1011.6,771,12
317,2025-11-26 13:48:32+05:30,1011.1,1,1001.21,7389743,408341.0,443564.0,986.2,1012.8,981.3,986.2,120498750,1084.8,887.6,1102.5,649.1,1010.9,19,2,1010.8,990,6,1010.7,554,9,1010.6,722,17,1010.5,572,12,1011.1,47,1,1011.3,341,4,1011.4,1433,12,1011.5,4576,18,1011.6,771,12
317,2025-11-26 13:48:34+05:30,1010.9,135,1001.21,7389940,409935.0,445227.0,986.2,1012.8,981.3,986.2,120498750,1084.8,887.6,1102.5,649.1,1010.8,790,4,1010.7,551,9,1010.6,464,12,1010.5,580,13,1010.4,1524,11,1010.9,47,1,1011.0,34,2,1011.1,15,3,1011.2,248,2,1011.3,561,7
317,2025-11-26 13:48:34+05:30,1010.9,112,1001.21,7389940,409935.0,445227.0,986.2,1012.8,981.3,986.2,120498750,1084.8,887.6,1102.5,649.1,1010.8,790,4,1010.7,551,9,1010.6,464,12,1010.5,580,13,1010.4,1524,11,1010.9,47,1,1011.0,34,2,1011.1,15,3,1011.2,248,2,1011.3,561,7
317,2025-11-26 13:48:36+05:30,1010.9,1,1001.21,7389940,409935.0,445227.0,986.2,1012.8,981.3,986.2,120498750,1084.8,887.6,1102.5,649.1,1010.8,790,4,1010.7,551,9,1010.6,464,12,1010.5,580,13,1010.4,1524,11,1010.9,47,1,1011.0,34,2,1011.1,15,3,1011.2,248,2,1011.3,561,7
317,2025-11-26 13:48:37+05:30,1010.9,1,1001.21,7390055,412404.0,444763.0,986.2,1012.8,981.3,986.2,120498750,1084.8,887.6,1102.5,649.1,1010.8,931,7,1010.7,404,8,1010.6,662,13,1010.5,580,13,1010.4,1551,12,1010.9,45,2,1011.0,69,3,1011.1,15,3,1011.2,49,1,1011.3,985,7
317,2025-11-26 13:48:38+05:30,1010.8,66,1001.21,7390055,412404.0,444763.0,986.2,1012.8,981.3,986.2,120498750,1084.8,887.6,1102.5,649.1,1010.8,931,7,1010.7,404,8,1010.6,662,13,1010.5,580,13,1010.4,1551,12,1010.9,45,2,1011.0,69,3,1011.1,15,3,1011.2,49,1,1011.3,985,7
317,2025-11-26 13:48:40+05:30,1010.9,1,1001.21,7390055,412404.0,444763.0,986.2,1012.8,981.3,986.2,120498750,1084.8,887.6,1102.5,649.1,1010.8,931,7,1010.7,404,8,1010.6,662,13,1010.5,580,13,1010.4,1551,12,1010.9,45,2,1011.0,69,3,1011.1,15,3,1011.2,49,1,1011.3,985,7
317,2025-11-26 13:48:41+05:30,1011.0,2,1001.21,7390388,410061.0,445076.0,986.2,1012.8,981.3,986.2,120498750,1084.8,887.6,1102.5,649.1,1010.9,1,1,1010.8,490,5,1010.7,67,4,1010.6,608,9,1010.5,643,17,1011.0,57,3,1011.1,269,6,1011.2,643,6,1011.3,375,8,1011.4,1882,15
317,2025-11-26 13:48:42+05:30,1011.0,1,1001.21,7390388,410061.0,445076.0,986.2,1012.8,981.3,986.2,120498750,1084.8,887.6,1102.5,649.1,1010.9,1,1,1010.8,490,5,1010.7,67,4,1010.6,608,9,1010.5,643,17,1011.0,57,3,1011.1,269,6,1011.2,643,6,1011.3,375,8,1011.4,1882,15
317,2025-11-26 13:48:44+05:30,1011.1,25,1001.21,7390388,410061.0,445076.0,986.2,1012.8,981.3,986.2,120498750,1084.8,887.6,1102.5,649.1,1010.9,1,1,1010.8,490,5,1010.7,67,4,1010.6,608,9,1010.5,643,17,1011.0,57,3,1011.1,269,6,1011.2,643,6,1011.3,375,8,1011.4,1882,15
317,2025-11-26 13:48:45+05:30,1011.1,3,1001.21,7391086,408576.0,445049.0,986.2,1012.8,981.3,986.2,120498750,1084.8,887.6,1102.5,649.1,1010.9,10,2,1010.8,42,3,1010.7,59,3,1010.6,521,6,1010.5,539,12,1011.2,1229,11,1011.3,705,14,1011.4,1359,12,1011.5,4376,21,1011.6,615,12
317,2025-11-26 13:48:46+05:30,1010.8,20,1001.21,7391086,408576.0,445049.0,986.2,1012.8,981.3,986.2,120498750,1084.8,887.6,1102.5,649.1,1010.9,10,2,1010.8,42,3,1010.7,59,3,1010.6,521,6,1010.5,539,12,1011.2,1229,11,1011.3,705,14,1011.4,1359,12,1011.5,4376,21,1011.6,615,12
317,2025-11-26 13:48:48+05:30,1010.8,1,1001.21,7391086,408576.0,445049.0,986.2,1012.8,981.3,986.2,120498750,1084.8,887.6,1102.5,649.1,1010.9,10,2,1010.8,42,3,1010.7,59,3,1010.6,521,6,1010.5,539,12,1011.2,1229,11,1011.3,705,14,1011.4,1359,12,1011.5,4376,21,1011.6,615,12
317,2025-11-26 13:48:48+05:30,1011.0,3,1001.22,7392821,409100.0,445368.0,986.2,1012.8,981.3,986.2,120498750,1084.8,887.6,1102.5,649.1,1010.8,7,2,1010.7,809,4,1010.6,134,2,1010.5,550,9,1010.4,1429,12,1011.1,474,8,1011.2,1373,10,1011.3,1032,15,1011.4,1264,15,1011.5,3562,18
317,2025-11-26 13:48:50+05:30,1010.9,310,1001.22,7392821,409100.0,445368.0,986.2,1012.8,981.3,986.2,120498750,1084.8,887.6,1102.5,649.1,1010.8,7,2,1010.7,809,4,1010.6,134,2,1010.5,550,9,1010.4,1429,12,1011.1,474,8,1011.2,1373,10,1011.3,1032,15,1011.4,1264,15,1011.5,3562,18
317,2025-11-26 13:48:52+05:30,1010.9,1,1001.22,7392821,409100.0,445368.0,986.2,1012.8,981.3,986.2,120498750,1084.8,887.6,1102.5,649.1,1010.8,7,2,1010.7,809,4,1010.6,134,2,1010.5,550,9,1010.4,1429,12,1011.1,474,8,1011.2,1373,10,1011.3,1032,15,1011.4,1264,15,1011.5,3562,18
317,2025-11-26 13:48:52+05:30,1010.9,1,1001.22,7393233,410027.0,445839.0,986.2,1012.8,981.3,986.2,120498750,1084.8,887.6,1102.5,649.1,1010.8,11,3,1010.7,809,4,1010.6,153,2,1010.5,472,9,1010.4,786,12,1010.9,53,1,1011.0,48,2,1011.1,368,7,1011.2,1281,8,1011.3,695,12
317,2025-11-26 13:48:54+05:30,1010.8,16,1001.22,7393233,410027.0,445839.0,986.2,1012.8,981.3,986.2,120498750,1084.8,887.6,1102.5,649.1,1010.8,11,3,1010.7,809,4,1010.6,153,2,1010.5,472,9,1010.4,786,12,1010.9,53,1,1011.0,48,2,1011.1,368,7,1011.2,1281,8,1011.3,695,12
317,2025-11-26 13:48:56+05:30,1011.1,3,1001.22,7393233,410027.0,445839.0,986.2,1012.8,981.3,986.2,120498750,1084.8,887.6,1102.5,649.1,1010.8,11,3,1010.7,809,4,1010.6,153,2,1010.5,472,9,1010.4,786,12,1010.9,53,1,1011.0,48,2,1011.1,368,7,1011.2,1281,8,1011.3,695,12
317,2025-11-26 13:48:56+05:30,1011.1,3,1001.22,7393903,411944.0,444364.0,986.2,1012.8,981.3,986.2,120498750,1084.8,887.6,1102.5,649.1,1010.9,107,1,1010.8,216,4,1010.7,941,5,1010.6,372,5,1010.5,528,10,1011.1,5,1,1011.2,40,1,1011.3,672,12,1011.4,1939,11,1011.5,3596,18
317,2025-11-26 13:48:58+05:30,1010.9,10,1001.22,7393903,411944.0,444364.0,986.2,1012.8,981.3,986.2,120498750,1084.8,887.6,1102.5,649.1,1010.9,107,1,1010.8,216,4,1010.7,941,5,1010.6,372,5,1010.5,528,10,1011.1,5,1,1011.2,40,1,1011.3,672,12,1011.4,1939,11,1011.5,3596,18
317,2025-11-26 13:49:00+05:30,1010.8,3,1001.22,7393903,411944.0,444364.0,986.2,1012.8,981.3,986.2,120498750,1084.8,887.6,1102.5,649.1,1010.9,107,1,1010.8,216,4,1010.7,941,5,1010.6,372,5,1010.5,528,10,1011.1,5,1,1011.2,40,1,1011.3,672,12,1011.4,1939,11,1011.5,3596,18
317,2025-11-26 13:49:00+05:30,1010.8,3,1001.22,7394020,412175.0,446005.0,986.2,1012.8,981.3,986.2,120498750,1084.8,887.6,1102.5,649.1,1010.8,6,2,1010.7,809,4,1010.6,153,2,1010.5,554,9,1010.4,935,14,1010.9,22,1,1011.0,153,3,1011.1,436,8,1011.2,1118,10,1011.3,930,13
317,2025-11-26 13:49:02+05:30,1010.8,1,1001.22,7394020,412175.0,446005.0,986.2,1012.8,981.3,986.2,120498750,1084.8,887.6,1102.5,649.1,1010.8,6,2,1010.7,809,4,1010.6,153,2,1010.5,554,9,1010.4,935,14,1010.9,22,1,1011.0,153,3,1011.1,436,8,1011.2,1118,10,1011.3,930,13
317,2025-11-26 13:49:04+05:30,1010.8,24,1001.22,7394020,412175.0,446005.0,986.2,1012.8,981.3,986.2,120498750,1084.8,887.6,1102.5,649.1,1010.8,6,2,1010.7,809,4,1010.6,153,2,1010.5,554,9,1010.4,935,14,1010.9,22,1,1011.0,153,3,1011.1,436,8,1011.2,1118,10,1011.3,930,13
317,2025-11-26 13:49:04+05:30,1010.8,24,1001.22,7394308,412294.0,445717.0,986.2,1012.8,981.3,986.2,120498750,1084.8,887.6,1102.5,649.1,1010.9,23,1,1010.8,4,2,1010.7,861,5,1010.6,281,4,1010.5,566,9,1011.0,106,2,1011.1,180,4,1011.2,577,7,1011.3,1242,13,1011.4,2161,18
317,2025-11-26 13:49:06+05:30,1011.0,1,1001.22,7394308,412294.0,445717.0,986.2,1012.8,981.3,986.2,120498750,1084.8,887.6,1102.5,649.1,1010.9,23,1,1010.8,4,2,1010.7,861,5,1010.6,281,4,1010.5,566,9,1011.0,106,2,1011.1,180,4,1011.2,577,7,1011.3,1242,13,1011.4,2161,18
317,2025-11-26 13:49:08+05:30,1011.0,1,1001.22,7394308,412294.0,445717.0,986.2,1012.8,981.3,986.2,120498750,1084.8,887.6,1102.5,649.1,1010.9,23,1,1010.8,4,2,1010.7,861,5,1010.6,281,4,1010.5,566,9,1011.0,106,2,1011.1,180,4,1011.2,577,7,1011.3,1242,13,1011.4,2161,18
317,2025-11-26 13:49:08+05:30,1011.0,1,1001.22,7394312,412317.0,445887.0,986.2,1012.8,981.3,986.2,120498750,1084.8,887.6,1102.5,649.1,1010.9,36,2,1010.7,793,4,1010.6,217,5,1010.5,702,11,1010.4,1693,16,1011.0,105,4,1011.1,298,5,1011.2,707,9,1011.3,1202,13,1011.4,2139,18
317,2025-11-26 13:49:10+05:30,1011.0,1,1001.22,7394312,412317.0,445887.0,986.2,1012.8,981.3,986.2,120498750,1084.8,887.6,1102.5,649.1,1010.9,36,2,1010.7,793,4,1010.6,217,5,1010.5,702,11,1010.4,1693,16,1011.0,105,4,1011.1,298,5,1011.2,707,9,1011.3,1202,13,1011.4,2139,18
317,2025-11-26 13:49:12+05:30,1010.9,121,1001.22,7394312,412317.0,445887.0,986.2,1012.8,981.3,986.2,120498750,1084.8,887.6,1102.5,649.1,1010.9,36,2,1010.7,793,4,1010.6,217,5,1010.5,702,11,1010.4,1693,16,1011.0,105,4,1011.1,298,5,1011.2,707,9,1011.3,1202,13,1011.4,2139,18
317,2025-11-26 13:49:12+05:30,1010.9,121,1001.22,7394515,412552.0,446161.0,986.2,1012.8,981.3,986.2,120498750,1084.8,887.6,1102.5,649.1,1010.9,23,1,1010.7,793,4,1010.6,85,4,1010.5,553,9,1010.4,1693,16,1011.0,286,5,1011.1,418,7,1011.2,724,9,1011.3,1510,15,1011.4,1851,18
317,2025-11-26 13:49:14+05:30,1010.7,79,1001.22,7394515,412552.0,446161.0,986.2,1012.8,981.3,986.2,120498750,1084.8,887.6,1102.5,649.1,1010.9,23,1,1010.7,793,4,1010.6,85,4,1010.5,553,9,1010.4,1693,16,1011.0,286,5,1011.1,418,7,1011.2,724,9,1011.3,1510,15,1011.4,1851,18
317,2025-11-26 13:49:16+05:30,1010.8,1,1001.22,7394671,411752.0,446373.0,986.2,1012.8,981.3,986.2,120498750,1084.8,887.6,1102.5,649.1,1010.8,111,1,1010.7,714,4,1010.6,87,4,1010.5,458,8,1010.4,811,13,1010.9,1,1,1011.0,280,7,1011.1,422,7,1011.2,771,10,1011.3,1604,18
317,2025-11-26 13:49:16+05:30,1010.8,1,1001.22,7394671,411752.0,446373.0,986.2,1012.8,981.3,986.2,120498750,1084.8,887.6,1102.5,649.1,1010.8,111,1,1010.7,714,4,1010.6,87,4,1010.5,458,8,1010.4,811,13,1010.9,1,1,1011.0,280,7,1011.1,422,7,1011.2,771,10,1011.3,1604,18
317,2025-11-26 13:49:18+05:30,1010.8,4,1001.22,7394671,411752.0,446373.0,986.2,1012.8,981.3,986.2,120498750,1084.8,887.6,1102.5,649.1,1010.8,111,1,1010.7,714,4,1010.6,87,4,1010.5,458,8,1010.4,811,13,1010.9,1,1,1011.0,280,7,1011.1,422,7,1011.2,771,10,1011.3,1604,18
317,2025-11-26 13:49:19+05:30,1010.9,1,1001.22,7394733,411914.0,446563.0,986.2,1012.8,981.3,986.2,120498750,1084.8,887.6,1102.5,649.1,1010.8,107,1,1010.7,713,3,1010.6,25,3,1010.5,412,10,1010.4,935,15,1010.9,7,1,1011.0,384,9,1011.1,386,6,1011.2,883,14,1011.3,1516,15
317,2025-11-26 13:49:20+05:30,1010.9,1,1001.22,7394733,411914.0,446563.0,986.2,1012.8,981.3,986.2,120498750,1084.8,887.6,1102.5,649.1,1010.8,107,1,1010.7,713,3,1010.6,25,3,1010.5,412,10,1010.4,935,15,1010.9,7,1,1011.0,384,9,1011.1,386,6,1011.2,883,14,1011.3,1516,15
317,2025-11-26 13:49:21+05:30,1010.9,1,1001.22,7394760,411897.0,446492.0,986.2,1012.8,981.3,986.2,120498750,1084.8,887.6,1102.5,649.1,1010.8,95,2,1010.7,719,5,1010.6,82,4,1010.5,614,10,1010.4,811,13,1010.9,5,1,1011.0,342,8,1011.1,386,6,1011.2,797,12,1011.3,1575,17
317,2025-11-26 13:49:21+05:30,1010.9,1,1001.22,7394760,411897.0,446492.0,986.2,1012.8,981.3,986.2,120498750,1084.8,887.6,1102.5,649.1,1010.8,95,2,1010.7,719,5,1010.6,82,4,1010.5,614,10,1010.4,811,13,1010.9,5,1,1011.0,342,8,1011.1,386,6,1011.2,797,12,1011.3,1575,17
317,2025-11-26 13:49:22+05:30,1010.8,25,1001.22,7394785,411872.0,446511.0,986.2,1012.8,981.3,986.2,120498750,1084.8,887.6,1102.5,649.1,1010.8,70,2,1010.7,719,5,1010.6,82,4,1010.5,614,10,1010.4,811,13,1010.9,5,1,1011.0,342,8,1011.1,386,6,1011.2,797,12,1011.3,1575,17
317,2025-11-26 13:49:22+05:30,1010.8,25,1001.22,7394785,411872.0,446511.0,986.2,1012.8,981.3,986.2,120498750,1084.8,887.6,1102.5,649.1,1010.8,70,2,1010.7,719,5,1010.6,82,4,1010.5,614,10,1010.4,811,13,1010.9,5,1,1011.0,342,8,1011.1,386,6,1011.2,797,12,1011.3,1575,17
317,2025-11-26 13:49:23+05:30,1010.9,11,1001.22,7394924,411067.0,446107.0,986.2,1012.8,981.3,986.2,120498750,1084.8,887.6,1102.5,649.1,1010.9,3,1,1010.7,669,5,1010.6,66,4,1010.5,614,10,1010.4,811,13,1011.0,342,8,1011.1,308,5,1011.2,793,12,1011.3,1575,17,1011.4,1805,14
317,2025-11-26 13:49:23+05:30,1010.9,11,1001.22,7394924,411067.0,446107.0,986.2,1012.8,981.3,986.2,120498750,1084.8,887.6,1102.5,649.1,1010.9,3,1,1010.7,669,5,1010.6,66,4,1010.5,614,10,1010.4,811,13,1011.0,342,8,1011.1,308,5,1011.2,793,12,1011.3,1575,17,1011.4,1805,14
317,2025-11-26 13:49:24+05:30,1011.0,65,1001.22,7395148,411733.0,445939.0,986.2,1012.8,981.3,986.2,120498750,1084.8,887.6,1102.5,649.1,1010.9,3,1,1010.8,4,2,1010.7,669,5,1010.6,62,2,1010.5,557,9,1011.0,174,6,1011.1,308,5,1011.2,793,12,1011.3,1575,17,1011.4,1805,14
317,2025-11-26 13:49:24+05:30,1011.0,65,1001.22,7395148,411733.0,445939.0,986.2,1012.8,981.3,986.2,120498750,1084.8,887.6,1102.5,649.1,1010.9,3,1,1010.8,4,2,1010.7,669,5,1010.6,62,2,1010.5,557,9,1011.0,174,6,1011.1,308,5,1011.2,793,12,1011.3,1575,17,1011.4,1805,14
317,2025-11-26 13:49:25+05:30,1011.0,2,1001.22,7395150,411733.0,445484.0,986.2,1012.8,981.3,986.2,120498750,1084.8,887.6,1102.5,649.1,1010.9,3,1,1010.8,4,2,1010.7,669,5,1010.6,62,2,1010.5,557,9,1011.0,173,7,1011.1,308,5,1011.2,850,13,1011.3,1029,15,1011.4,1811,15
317,2025-11-26 13:49:25+05:30,1011.0,1,1001.22,7395150,411733.0,445484.0,986.2,1012.8,981.3,986.2,120498750,1084.8,887.6,1102.5,649.1,1010.9,3,1,1010.8,4,2,1010.7,669,5,1010.6,62,2,1010.5,557,9,1011.0,173,7,1011.1,308,5,1011.2,850,13,1011.3,1029,15,1011.4,1811,15
317,2025-11-26 13:49:26+05:30,1010.9,1,1001.22,7395150,411733.0,445484.0,986.2,1012.8,981.3,986.2,120498750,1084.8,887.6,1102.5,649.1,1010.9,3,1,1010.8,4,2,1010.7,669,5,1010.6,62,2,1010.5,557,9,1011.0,173,7,1011.1,308,5,1011.2,850,13,1011.3,1029,15,1011.4,1811,15
317,2025-11-26 13:49:26+05:30,1010.9,1,1001.22,7395190,411553.0,446330.0,986.2,1012.8,981.3,986.2,120498750,1084.8,887.6,1102.5,649.1,1010.8,4,2,1010.7,669,5,1010.6,62,2,1010.5,614,10,1010.4,885,14,1010.9,39,1,1011.0,134,6,1011.1,308,5,1011.2,1395,12,1011.3,1055,17
317,2025-11-26 13:49:27+05:30,1010.8,9,1001.22,7395190,411553.0,446330.0,986.2,1012.8,981.3,986.2,120498750,1084.8,887.6,1102.5,649.1,1010.8,4,2,1010.7,669,5,1010.6,62,2,1010.5,614,10,1010.4,885,14,1010.9,39,1,1011.0,134,6,1011.1,308,5,1011.2,1395,12,1011.3,1055,17
317,2025-11-26 13:49:27+05:30,1010.8,9,1001.22,7395200,411550.0,446352.0,986.2,1012.8,981.3,986.2,120498750,1084.8,887.6,1102.5,649.1,1010.8,3,1,1010.7,669,5,1010.6,119,3,1010.5,557,9,1010.4,885,14,1010.9,39,1,1011.0,134,6,1011.1,308,5,1011.2,1395,12,1011.3,1047,16
317,2025-11-26 13:49:28+05:30,1010.8,9,1001.22,7395200,411552.0,446364.0,986.2,1012.8,981.3,986.2,120498750,1084.8,887.6,1102.5,649.1,1010.8,3,1,1010.7,669,5,1010.6,119,3,1010.5,557,9,1010.4,885,14,1010.9,39,1,1011.0,134,6,1011.1,308,5,1011.2,1407,13,1011.3,1047,16
317,2025-11-26 13:49:29+05:30,1010.8,30,1001.22,7395200,411552.0,446364.0,986.2,1012.8,981.3,986.2,120498750,1084.8,887.6,1102.5,649.1,1010.8,3,1,1010.7,669,5,1010.6,119,3,1010.5,557,9,1010.4,885,14,1010.9,39,1,1011.0,134,6,1011.1,308,5,1011.2,1407,13,1011.3,1047,16
317,2025-11-26 13:49:29+05:30,1010.8,30,1001.22,7395245,412549.0,446781.0,986.2,1012.8,981.3,986.2,120498750,1084.8,887.6,1102.5,649.1,1010.7,669,5,1010.6,212,4,1010.5,461,8,1010.4,883,14,1010.3,887,10,1010.8,11,1,1010.9,39,1,1011.0,134,6,1011.1,457,7,1011.2,779,11
317,2025-11-26 13:49:30+05:30,1010.7,8,1001.22,7395245,412549.0,446781.0,986.2,1012.8,981.3,986.2,120498750,1084.8,887.6,1102.5,649.1,1010.7,669,5,1010.6,212,4,1010.5,461,8,1010.4,883,14,1010.3,887,10,1010.8,11,1,1010.9,39,1,1011.0,134,6,1011.1,457,7,1011.2,779,11
317,2025-11-26 13:49:30+05:30,1010.7,8,1001.22,7395307,412580.0,446730.0,986.2,1012.8,981.3,986.2,120498750,1084.8,887.6,1102.5,649.1,1010.7,661,5,1010.6,252,5,1010.5,501,9,1010.4,883,14,1010.3,887,10,1010.8,6,1,1010.9,39,1,1011.0,134,6,1011.1,416,6,1011.2,774,11
317,2025-11-26 13:49:31+05:30,1010.8,1,1001.22,7395307,412580.0,446730.0,986.2,1012.8,981.3,986.2,120498750,1084.8,887.6,1102.5,649.1,1010.7,661,5,1010.6,252,5,1010.5,501,9,1010.4,883,14,1010.3,887,10,1010.8,6,1,1010.9,39,1,1011.0,134,6,1011.1,416,6,1011.2,774,11
317,2025-11-26 13:49:31+05:30,1010.8,1,1001.22,7395309,412580.0,446634.0,986.2,1012.8,981.3,986.2,120498750,1084.8,887.6,1102.5,649.1,1010.7,661,5,1010.6,252,5,1010.5,501,9,1010.4,883,14,1010.3,887,10,1010.8,4,1,1010.9,39,1,1011.0,78,5,1011.1,416,6,1011.2,774,11
317,2025-11-26 13:49:32+05:30,1010.7,121,1001.22,7395309,412580.0,446634.0,986.2,1012.8,981.3,986.2,120498750,1084.8,887.6,1102.5,649.1,1010.7,661,5,1010.6,252,5,1010.5,501,9,1010.4,883,14,1010.3,887,10,1010.8,4,1,1010.9,39,1,1011.0,78,5,1011.1,416,6,1011.2,774,11
317,2025-11-26 13:49:32+05:30,1010.7,121,1001.22,7395436,412178.0,447274.0,986.2,1012.8,981.3,986.2,120498750,1084.8,887.6,1102.5,649.1,1010.7,540,5,1010.6,21,1,1010.5,481,9,1010.4,838,13,1010.3,887,10,1010.8,41,1,1010.9,104,2,1011.0,19,3,1011.1,456,7,1011.2,774,11
317,2025-11-26 13:49:33+05:30,1010.8,23,1001.22,7395436,412178.0,447274.0,986.2,1012.8,981.3,986.2,120498750,1084.8,887.6,1102.5,649.1,1010.7,540,5,1010.6,21,1,1010.5,481,9,1010.4,838,13,1010.3,887,10,1010.8,41,1,1010.9,104,2,1011.0,19,3,1011.1,456,7,1011.2,774,11
317,2025-11-26 13:49:33+05:30,1010.8,10,1001.22,7395549,412300.0,447276.0,986.2,1012.8,981.3,986.2,120498750,1084.8,887.6,1102.5,649.1,1010.7,469,5,1010.6,21,1,1010.5,538,10,1010.4,781,12,1010.3,887,10,1010.8,43,1,1010.9,104,2,1011.0,19,3,1011.1,456,7,1011.2,774,11
317,2025-11-26 13:49:34+05:30,1010.8,112,1001.22,7395549,412300.0,447276.0,986.2,1012.8,981.3,986.2,120498750,1084.8,887.6,1102.5,649.1,1010.7,469,5,1010.6,21,1,1010.5,538,10,1010.4,781,12,1010.3,887,10,1010.8,43,1,1010.9,104,2,1011.0,19,3,1011.1,456,7,1011.2,774,11
317,2025-11-26 13:49:34+05:30,1010.8,112,1001.22,7395661,412300.0,447191.0,986.2,1012.8,981.3,986.2,120498750,1084.8,887.6,1102.5,649.1,1010.7,469,5,1010.6,21,1,1010.5,538,10,1010.4,781,12,1010.3,887,10,1010.8,23,1,1010.9,104,2,1011.0,119,4,1011.1,965,8,1011.2,674,10
317,2025-11-26 13:49:35+05:30,1010.8,2,1001.22,7395661,412300.0,447191.0,986.2,1012.8,981.3,986.2,120498750,1084.8,887.6,1102.5,649.1,1010.7,469,5,1010.6,21,1,1010.5,538,10,1010.4,781,12,1010.3,887,10,1010.8,23,1,1010.9,104,2,1011.0,119,4,1011.1,965,8,1011.2,674,10
317,2025-11-26 13:49:35+05:30,1010.8,2,1001.22,7395663,412300.0,447191.0,986.2,1012.8,981.3,986.2,120498750,1084.8,887.6,1102.5,649.1,1010.7,469,5,1010.6,21,1,1010.5,538,10,1010.4,781,12,1010.3,887,10,1010.8,24,3,1010.9,104,2,1011.0,118,3,1011.1,965,8,1011.2,674,10
317,2025-11-26 13:49:36+05:30,1010.7,1,1001.22,7395663,412300.0,447191.0,986.2,1012.8,981.3,986.2,120498750,1084.8,887.6,1102.5,649.1,1010.7,469,5,1010.6,21,1,1010.5,538,10,1010.4,781,12,1010.3,887,10,1010.8,24,3,1010.9,104,2,1011.0,118,3,1011.1,965,8,1011.2,674,10
317,2025-11-26 13:49:36+05:30,1010.7,1,1001.22,7395734,410800.0,446329.0,986.2,1012.8,981.3,986.2,120498750,1084.8,887.6,1102.5,649.1,1010.8,1,1,1010.7,468,5,1010.6,21,1,1010.5,481,9,1010.4,838,13,1010.9,58,1,1011.0,118,3,1011.1,404,7,1011.2,1186,12,1011.3,1034,15
317,2025-11-26 13:49:37+05:30,1010.9,1,1001.22,7395734,410800.0,446329.0,986.2,1012.8,981.3,986.2,120498750,1084.8,887.6,1102.5,649.1,1010.8,1,1,1010.7,468,5,1010.6,21,1,1010.5,481,9,1010.4,838,13,1010.9,58,1,1011.0,118,3,1011.1,404,7,1011.2,1186,12,1011.3,1034,15
317,2025-11-26 13:49:37+05:30,1010.9,1,1001.22,7395736,410800.0,446083.0,986.2,1012.8,981.3,986.2,120498750,1084.8,887.6,1102.5,649.1,1010.8,1,1,1010.7,468,5,1010.6,21,1,1010.5,424,8,1010.4,838,13,1010.9,57,1,1011.0,118,3,1011.1,347,6,1011.2,731,11,1011.3,1034,15
317,2025-11-26 13:49:38+05:30,1010.9,43,1001.22,7395736,410800.0,446083.0,986.2,1012.8,981.3,986.2,120498750,1084.8,887.6,1102.5,649.1,1010.8,1,1,1010.7,468,5,1010.6,21,1,1010.5,424,8,1010.4,838,13,1010.9,57,1,1011.0,118,3,1011.1,347,6,1011.2,731,11,1011.3,1034,15
317,2025-11-26 13:49:38+05:30,1010.9,1,1001.22,7395780,410805.0,446375.0,986.2,1012.8,981.3,986.2,120498750,1084.8,887.6,1102.5,649.1,1010.8,1,1,1010.7,469,6,1010.6,21,1,1010.5,293,7,1010.4,973,14,1010.9,13,1,1011.0,233,5,1011.1,536,9,1011.2,758,12,1011.3,1039,16
317,2025-11-26 13:49:39+05:30,1010.8,1,1001.22,7395780,410805.0,446375.0,986.2,1012.8,981.3,986.2,120498750,1084.8,887.6,1102.5,649.1,1010.8,1,1,1010.7,469,6,1010.6,21,1,1010.5,293,7,1010.4,973,14,1010.9,13,1,1011.0,233,5,1011.1,536,9,1011.2,758,12,1011.3,1039,16
317,2025-11-26 13:49:39+05:30,1010.8,1,1001.22,7395781,412252.0,446981.0,986.2,1012.8,981.3,986.2,120498750,1084.8,887.6,1102.5,649.1,1010.7,469,6,1010.6,21,1,1010.5,195,5,1010.4,915,13,1010.3,944,11,1010.8,11,1,1010.9,13,1,1011.0,194,4,1011.1,673,11,1011.2,1198,11
317,2025-11-26 13:49:40+05:30,1010.8,2,1001.22,7395781,412252.0,446981.0,986.2,1012.8,981.3,986.2,120498750,1084.8,887.6,1102.5,649.1,1010.7,469,6,1010.6,21,1,1010.5,195,5,1010.4,915,13,1010.3,944,11,1010.8,11,1,1010.9,13,1,1011.0,194,4,1011.1,673,11,1011.2,1198,11
317,2025-11-26 13:49:40+05:30,1010.7,25,1001.22,7395858,412189.0,446707.0,986.2,1012.8,981.3,986.2,120498750,1084.8,887.6,1102.5,649.1,1010.7,406,7,1010.6,21,1,1010.5,309,7,1010.4,858,12,1010.3,887,10,1010.8,9,1,1010.9,13,1,1011.0,194,4,1011.1,646,10,1011.2,1224,13
317,2025-11-26 13:49:41+05:30,1010.8,2,1001.22,7395858,412189.0,446707.0,986.2,1012.8,981.3,986.2,120498750,1084.8,887.6,1102.5,649.1,1010.7,406,7,1010.6,21,1,1010.5,309,7,1010.4,858,12,1010.3,887,10,1010.8,9,1,1010.9,13,1,1011.0,194,4,1011.1,646,10,1011.2,1224,13
317,2025-11-26 13:49:41+05:30,1010.8,1,1001.22,7395861,412192.0,446748.0,986.2,1012.8,981.3,986.2,120498750,1084.8,887.6,1102.5,649.1,1010.7,406,7,1010.6,21,1,1010.5,447,8,1010.4,723,11,1010.3,887,10,1010.8,6,1,1010.9,57,2,1011.0,194,4,1011.1,646,10,1011.2,1224,13
317,2025-11-26 13:49:42+05:30,1011.0,179,1001.22,7395861,412192.0,446748.0,986.2,1012.8,981.3,986.2,120498750,1084.8,887.6,1102.5,649.1,1010.7,406,7,1010.6,21,1,1010.5,447,8,1010.4,723,11,1010.3,887,10,1010.8,6,1,1010.9,57,2,1011.0,194,4,1011.1,646,10,1011.2,1224,13
317,2025-11-26 13:49:42+05:30,1011.0,179,1001.23,7401311,407738.0,446998.0,986.2,1012.8,981.3,986.2,120498750,1084.8,887.6,1102.5,649.1,1010.7,734,4,1010.6,21,1,1010.5,309,10,1010.4,658,8,1010.3,899,11,1011.0,737,6,1011.1,693,12,1011.2,1370,16,1011.3,1215,16,1011.4,1621,12
317,2025-11-26 13:49:43+05:30,1011.0,146,1001.23,7401311,407738.0,446998.0,986.2,1012.8,981.3,986.2,120498750,1084.8,887.6,1102.5,649.1,1010.7,734,4,1010.6,21,1,1010.5,309,10,1010.4,658,8,1010.3,899,11,1011.0,737,6,1011.1,693,12,1011.2,1370,16,1011.3,1215,16,1011.4,1621,12
317,2025-11-26 13:49:43+05:30,1011.0,146,1001.23,7401588,408317.0,446850.0,986.2,1012.8,981.3,986.2,120498750,1084.8,887.6,1102.5,649.1,1010.7,734,4,1010.6,21,1,1010.5,266,9,1010.4,801,10,1010.3,952,12,1011.0,553,3,1011.1,653,12,1011.2,1385,16,1011.3,1223,16,1011.4,1556,11
317,2025-11-26 13:49:44+05:30,1011.0,1,1001.23,7401588,408317.0,446850.0,986.2,1012.8,981.3,986.2,120498750,1084.8,887.6,1102.5,649.1,1010.7,734,4,1010.6,21,1,1010.5,266,9,1010.4,801,10,1010.3,952,12,1011.0,553,3,1011.1,653,12,1011.2,1385,16,1011.3,1223,16,1011.4,1556,11
317,2025-11-26 13:49:44+05:30,1011.0,1,1001.23,7402254,407906.0,445378.0,986.2,1012.8,981.3,986.2,120498750,1084.8,887.6,1102.5,649.1,1010.7,819,6,1010.6,81,3,1010.5,448,11,1010.4,855,11,1010.3,885,10,1011.1,222,4,1011.2,622,9,1011.3,1002,14,1011.4,1589,11,1011.5,3457,16
317,2025-11-26 13:49:45+05:30,1010.8,2,1001.23,7402254,407906.0,445378.0,986.2,1012.8,981.3,986.2,120498750,1084.8,887.6,1102.5,649.1,1010.7,819,6,1010.6,81,3,1010.5,448,11,1010.4,855,11,1010.3,885,10,1011.1,222,4,1011.2,622,9,1011.3,1002,14,1011.4,1589,11,1011.5,3457,16
317,2025-11-26 13:49:45+05:30,1010.8,2,1001.23,7402258,411117.0,447095.0,986.2,1012.8,981.3,986.2,120498750,1084.8,887.6,1102.5,649.1,1010.7,789,6,1010.6,259,6,1010.5,397,11,1010.4,855,11,1010.3,885,10,1010.8,8,1,1011.1,333,5,1011.2,1199,11,1011.3,1015,15,1011.4,1719,12
317,2025-11-26 13:49:46+05:30,1010.8,7,1001.23,7402258,411117.0,447095.0,986.2,1012.8,981.3,986.2,120498750,1084.8,887.6,1102.5,649.1,1010.7,789,6,1010.6,259,6,1010.5,397,11,1010.4,855,11,1010.3,885,10,1010.8,8,1,1011.1,333,5,1011.2,1199,11,1011.3,1015,15,1011.4,1719,12
317,2025-11-26 13:49:46+05:30,1010.7,90,1001.23,7402361,408976.0,446029.0,986.2,1012.8,981.3,986.2,120498750,1084.8,887.6,1102.5,649.1,1010.7,639,4,1010.6,136,4,1010.5,656,13,1010.4,697,10,1010.3,885,10,1011.0,88,2,1011.1,442,8,1011.2,727,11,1011.3,704,13,1011.4,2089,15
317,2025-11-26 13:49:47+05:30,1011.0,77,1001.23,7402361,408976.0,446029.0,986.2,1012.8,981.3,986.2,120498750,1084.8,887.6,1102.5,649.1,1010.7,639,4,1010.6,136,4,1010.5,656,13,1010.4,697,10,1010.3,885,10,1011.0,88,2,1011.1,442,8,1011.2,727,11,1011.3,704,13,1011.4,2089,15
317,2025-11-26 13:49:47+05:30,1011.0,77,1001.23,7402487,410037.0,444786.0,986.2,1012.8,981.3,986.2,120498750,1084.8,887.6,1102.5,649.1,1011.0,515,2,1010.9,6,2,1010.7,716,4,1010.6,373,7,1010.5,626,15,1011.1,144,3,1011.2,1113,9,1011.3,645,11,1011.4,1160,10,1011.5,3489,16
317,2025-11-26 13:49:48+05:30,1011.0,105,1001.23,7402487,410037.0,444786.0,986.2,1012.8,981.3,986.2,120498750,1084.8,887.6,1102.5,649.1,1011.0,515,2,1010.9,6,2,1010.7,716,4,1010.6,373,7,1010.5,626,15,1011.1,144,3,1011.2,1113,9,1011.3,645,11,1011.4,1160,10,1011.5,3489,16
317,2025-11-26 13:49:48+05:30,1011.0,105,1001.23,7405682,409516.0,446001.0,986.2,1012.8,981.3,986.2,120498750,1084.8,887.6,1102.5,649.1,1011.0,395,1,1010.9,6,2,1010.8,15,1,1010.7,711,4,1010.6,270,4,1011.1,601,5,1011.2,1439,15,1011.3,915,13,1011.4,823,9,1011.5,3525,17
317,2025-11-26 13:49:49+05:30,1011.1,87,1001.23,7405682,409516.0,446001.0,986.2,1012.8,981.3,986.2,120498750,1084.8,887.6,1102.5,649.1,1011.0,395,1,1010.9,6,2,1010.8,15,1,1010.7,711,4,1010.6,270,4,1011.1,601,5,1011.2,1439,15,1011.3,915,13,1011.4,823,9,1011.5,3525,17
317,2025-11-26 13:49:49+05:30,1011.1,87,1001.23,7407885,408613.0,445383.0,986.2,1012.8,981.3,986.2,120498750,1084.8,887.6,1102.5,649.1,1010.7,769,6,1010.6,222,5,1010.5,573,15,1010.4,671,8,1010.3,1039,11,1011.1,226,6,1011.2,1436,15,1011.3,635,11,1011.4,1245,11,1011.5,3457,17
317,2025-11-26 13:49:50+05:30,1011.1,4,1001.23,7407885,408613.0,445383.0,986.2,1012.8,981.3,986.2,120498750,1084.8,887.6,1102.5,649.1,1010.7,769,6,1010.6,222,5,1010.5,573,15,1010.4,671,8,1010.3,1039,11,1011.1,226,6,1011.2,1436,15,1011.3,635,11,1011.4,1245,11,1011.5,3457,17
317,2025-11-26 13:49:50+05:30,1011.1,4,1001.23,7407900,408996.0,445312.0,986.2,1012.8,981.3,986.2,120498750,1084.8,887.6,1102.5,649.1,1010.9,11,1,1010.8,8,1,1010.7,691,5,1010.6,465,6,1010.5,357,7,1011.1,57,4,1011.2,1296,11,1011.3,1010,15,1011.4,1205,11,1011.5,3522,17
317,2025-11-26 13:49:51+05:30,1011.1,1,1001.23,7407900,408996.0,445312.0,986.2,1012.8,981.3,986.2,120498750,1084.8,887.6,1102.5,649.1,1010.9,11,1,1010.8,8,1,1010.7,691,5,1010.6,465,6,1010.5,357,7,1011.1,57,4,1011.2,1296,11,1011.3,1010,15,1011.4,1205,11,1011.5,3522,17
317,2025-11-26 13:49:51+05:30,1011.1,1,1001.23,7407901,409050.0,445090.0,986.2,1012.8,981.3,986.2,120498750,1084.8,887.6,1102.5,649.1,1010.9,11,1,1010.8,8,1,1010.7,691,5,1010.6,332,5,1010.5,582,9,1011.1,61,4,1011.2,1253,10,1011.3,1029,16,1011.4,1003,10,1011.5,3522,17
317,2025-11-26 13:49:52+05:30,1011.1,1,1001.23,7407901,409776.0,445420.0,986.2,1012.8,981.3,986.2,120498750,1084.8,887.6,1102.5,649.1,1011.0,509,3,1010.9,11,1,1010.8,8,1,1010.7,803,5,1010.6,332,5,1011.1,341,5,1011.2,1023,5,1011.3,668,13,1011.4,1323,12,1011.5,3519,16
317,2025-11-26 13:49:53+05:30,1011.0,478,1001.23,7407901,409776.0,445420.0,986.2,1012.8,981.3,986.2,120498750,1084.8,887.6,1102.5,649.1,1011.0,509,3,1010.9,11,1,1010.8,8,1,1010.7,803,5,1010.6,332,5,1011.1,341,5,1011.2,1023,5,1011.3,668,13,1011.4,1323,12,1011.5,3519,16
317,2025-11-26 13:49:53+05:30,1011.1,65,1001.24,7409027,409850.0,444658.0,986.2,1012.8,981.3,986.2,120498750,1084.8,887.6,1102.5,649.1,1011.0,65,4,1010.9,41,2,1010.8,201,4,1010.7,1043,7,1010.6,427,6,1011.1,242,4,1011.2,905,4,1011.3,430,9,1011.4,755,10,1011.5,3447,15
317,2025-11-26 13:49:54+05:30,1011.1,65,1001.24,7409027,409850.0,444658.0,986.2,1012.8,981.3,986.2,120498750,1084.8,887.6,1102.5,649.1,1011.0,65,4,1010.9,41,2,1010.8,201,4,1010.7,1043,7,1010.6,427,6,1011.1,242,4,1011.2,905,4,1011.3,430,9,1011.4,755,10,1011.5,3447,15
317,2025-11-26 13:49:54+05:30,1011.1,65,1001.24,7409027,409907.0,444664.0,986.2,1012.8,981.3,986.2,120498750,1084.8,887.6,1102.5,649.1,1011.0,56,2,1010.9,41,2,1010.8,148,3,1010.7,1105,10,1010.6,489,7,1011.1,242,4,1011.2,905,4,1011.3,430,9,1011.4,755,10,1011.5,3447,15
317,2025-11-26 13:49:55+05:30,1011.1,2,1001.24,7409027,409907.0,444664.0,986.2,1012.8,981.3,986.2,120498750,1084.8,887.6,1102.5,649.1,1011.0,56,2,1010.9,41,2,1010.8,148,3,1010.7,1105,10,1010.6,489,7,1011.1,242,4,1011.2,905,4,1011.3,430,9,1011.4,755,10,1011.5,3447,15
317,2025-11-26 13:49:55+05:30,1011.1,12,1001.24,7409168,409925.0,444523.0,986.2,1012.8,981.3,986.2,120498750,1084.8,887.6,1102.5,649.1,1011.0,56,2,1010.9,41,2,1010.8,148,3,1010.7,1110,11,1010.6,489,7,1011.1,101,4,1011.2,905,4,1011.3,430,9,1011.4,1053,11,1011.5,3447,15
317,2025-11-26 13:49:56+05:30,1011.1,2,1001.24,7409168,409925.0,444523.0,986.2,1012.8,981.3,986.2,120498750,1084.8,887.6,1102.5,649.1,1011.0,56,2,1010.9,41,2,1010.8,148,3,1010.7,1110,11,1010.6,489,7,1011.1,101,4,1011.2,905,4,1011.3,430,9,1011.4,1053,11,1011.5,3447,15
317,2025-11-26 13:49:56+05:30,1011.1,2,1001.24,7409170,410024.0,444605.0,986.2,1012.8,981.3,986.2,120498750,1084.8,887.6,1102.5,649.1,1011.0,65,4,1010.9,106,3,1010.8,148,3,1010.7,1082,9,1010.6,542,8,1011.1,100,5,1011.2,905,4,1011.3,368,8,1011.4,989,10,1011.5,3552,16
317,2025-11-26 13:49:57+05:30,1011.0,10,1001.24,7409170,410024.0,444605.0,986.2,1012.8,981.3,986.2,120498750,1084.8,887.6,1102.5,649.1,1011.0,65,4,1010.9,106,3,1010.8,148,3,1010.7,1082,9,1010.6,542,8,1011.1,100,5,1011.2,905,4,1011.3,368,8,1011.4,989,10,1011.5,3552,16
317,2025-11-26 13:49:57+05:30,1011.0,16,1001.24,7409252,410417.0,445131.0,986.2,1012.8,981.3,986.2,120498750,1084.8,887.6,1102.5,649.1,1011.0,527,4,1010.9,11,1,1010.8,83,2,1010.7,1265,13,1010.6,521,9,1011.1,168,4,1011.2,143,2,1011.3,848,9,1011.4,1725,10,1011.5,3518,15
317,2025-11-26 13:49:58+05:30,1011.0,16,1001.24,7409252,410417.0,445131.0,986.2,1012.8,981.3,986.2,120498750,1084.8,887.6,1102.5,649.1,1011.0,527,4,1010.9,11,1,1010.8,83,2,1010.7,1265,13,1010.6,521,9,1011.1,168,4,1011.2,143,2,1011.3,848,9,1011.4,1725,10,1011.5,3518,15
317,2025-11-26 13:49:58+05:30,1011.0,187,1001.24,7409966,410522.0,445147.0,986.2,1012.8,981.3,986.2,120498750,1084.8,887.6,1102.5,649.1,1011.0,356,4,1010.9,11,1,1010.8,83,2,1010.7,1135,10,1010.6,574,10,1011.1,173,5,1011.2,143,2,1011.3,859,9,1011.4,975,9,1011.5,3492,13
317,2025-11-26 13:49:59+05:30,1011.0,187,1001.24,7409966,410522.0,445147.0,986.2,1012.8,981.3,986.2,120498750,1084.8,887.6,1102.5,649.1,1011.0,356,4,1010.9,11,1,1010.8,83,2,1010.7,1135,10,1010.6,574,10,1011.1,173,5,1011.2,143,2,1011.3,859,9,1011.4,975,9,1011.5,3492,13
317,2025-11-26 13:49:59+05:30,1011.0,1,1001.24,7409966,410522.0,445147.0,986.2,1012.8,981.3,986.2,120498750,1084.8,887.6,1102.5,649.1,1011.0,356,4,1010.9,11,1,1010.8,83,2,1010.7,1135,10,1010.6,574,10,1011.1,173,5,1011.2,143,2,1011.3,859,9,1011.4,975,9,1011.5,3492,13
317,2025-11-26 13:49:59+05:30,1011.0,1,1001.24,7409966,410522.0,445147.0,986.2,1012.8,981.3,986.2,120498750,1084.8,887.6,1102.5,649.1,1011.0,356,4,1010.9,11,1,1010.8,83,2,1010.7,1135,10,1010.6,574,10,1011.1,173,5,1011.2,143,2,1011.3,859,9,1011.4,975,9,1011.5,3492,13
317,2025-11-26 13:50:00+05:30,1011.0,44,1001.24,7410905,410178.0,445664.0,986.2,1012.8,981.3,986.2,120498750,1084.8,887.6,1102.5,649.1,1011.0,497,3,1010.9,18,3,1010.8,61,2,1010.7,957,8,1010.6,596,10,1011.1,20,3,1011.2,273,3,1011.3,1081,12,1011.4,1450,14,1011.5,3600,15
317,2025-11-26 13:50:00+05:30,1011.0,44,1001.24,7410905,410178.0,445664.0,986.2,1012.8,981.3,986.2,120498750,1084.8,887.6,1102.5,649.1,1011.0,497,3,1010.9,18,3,1010.8,61,2,1010.7,957,8,1010.6,596,10,1011.1,20,3,1011.2,273,3,1011.3,1081,12,1011.4,1450,14,1011.5,3600,15
317,2025-11-26 13:50:00+05:30,1011.0,8,1001.24,7410905,410178.0,445664.0,986.2,1012.8,981.3,986.2,120498750,1084.8,887.6,1102.5,649.1,1011.0,497,3,1010.9,18,3,1010.8,61,2,1010.7,957,8,1010.6,596,10,1011.1,20,3,1011.2,273,3,1011.3,1081,12,1011.4,1450,14,1011.5,3600,15
317,2025-11-26 13:50:00+05:30,1011.0,8,1001.24,7410905,410178.0,445664.0,986.2,1012.8,981.3,986.2,120498750,1084.8,887.6,1102.5,649.1,1011.0,497,3,1010.9,18,3,1010.8,61,2,1010.7,957,8,1010.6,596,10,1011.1,20,3,1011.2,273,3,1011.3,1081,12,1011.4,1450,14,1011.5,3600,15
317,2025-11-26 13:50:01+05:30,1011.0,8,1001.24,7410905,410178.0,445664.0,986.2,1012.8,981.3,986.2,120498750,1084.8,887.6,1102.5,649.1,1011.0,497,3,1010.9,18,3,1010.8,61,2,1010.7,957,8,1010.6,596,10,1011.1,20,3,1011.2,273,3,1011.3,1081,12,1011.4,1450,14,1011.5,3600,15
317,2025-11-26 13:50:01+05:30,1011.1,1,1001.24,7411199,410273.0,444979.0,986.2,1012.8,981.3,986.2,120498750,1084.8,887.6,1102.5,649.1,1011.0,455,2,1010.9,18,3,1010.8,86,2,1010.7,957,8,1010.6,695,12,1011.1,148,2,1011.2,143,2,1011.3,593,11,1011.4,940,11,1011.5,3662,14
317,2025-11-26 13:50:01+05:30,1011.1,1,1001.24,7411199,410273.0,444979.0,986.2,1012.8,981.3,986.2,120498750,1084.8,887.6,1102.5,649.1,1011.0,455,2,1010.9,18,3,1010.8,86,2,1010.7,957,8,1010.6,695,12,1011.1,148,2,1011.2,143,2,1011.3,593,11,1011.4,940,11,1011.5,3662,14
317,2025-11-26 13:50:01+05:30,1011.1,1,1001.24,7411199,410273.0,444979.0,986.2,1012.8,981.3,986.2,120498750,1084.8,887.6,1102.5,649.1,1011.0,455,2,1010.9,18,3,1010.8,86,2,1010.7,957,8,1010.6,695,12,1011.1,148,2,1011.2,143,2,1011.3,593,11,1011.4,940,11,1011.5,3662,14
317,2025-11-26 13:50:02+05:30,1011.1,1,1001.24,7411199,410273.0,444979.0,986.2,1012.8,981.3,986.2,120498750,1084.8,887.6,1102.5,649.1,1011.0,455,2,1010.9,18,3,1010.8,86,2,1010.7,957,8,1010.6,695,12,1011.1,148,2,1011.2,143,2,1011.3,593,11,1011.4,940,11,1011.5,3662,14
317,2025-11-26 13:50:02+05:30,1011.1,114,1001.24,7411319,410421.0,445039.0,986.2,1012.8,981.3,986.2,120498750,1084.8,887.6,1102.5,649.1,1011.0,455,2,1010.9,18,3,1010.8,86,2,1010.7,1099,10,1010.6,617,11,1011.1,231,3,1011.2,199,3,1011.3,509,10,1011.4,1015,11,1011.5,3489,13
317,2025-11-26 13:50:02+05:30,1011.1,114,1001.24,7411319,410421.0,445039.0,986.2,1012.8,981.3,986.2,120498750,1084.8,887.6,1102.5,649.1,1011.0,455,2,1010.9,18,3,1010.8,86,2,1010.7,1099,10,1010.6,617,11,1011.1,231,3,1011.2,199,3,1011.3,509,10,1011.4,1015,11,1011.5,3489,13
317,2025-11-26 13:50:02+05:30,1011.1,114,1001.24,7411319,410421.0,445039.0,986.2,1012.8,981.3,986.2,120498750,1084.8,887.6,1102.5,649.1,1011.0,455,2,1010.9,18,3,1010.8,86,2,1010.7,1099,10,1010.6,617,11,1011.1,231,3,1011.2,199,3,1011.3,509,10,1011.4,1015,11,1011.5,3489,13
317,2025-11-26 13:50:02+05:30,1011.1,114,1001.24,7411319,410421.0,445039.0,986.2,1012.8,981.3,986.2,120498750,1084.8,887.6,1102.5,649.1,1011.0,455,2,1010.9,18,3,1010.8,86,2,1010.7,1099,10,1010.6,617,11,1011.1,231,3,1011.2,199,3,1011.3,509,10,1011.4,1015,11,1011.5,3489,13
317,2025-11-26 13:50:03+05:30,1011.1,114,1001.24,7411319,410421.0,445039.0,986.2,1012.8,981.3,986.2,120498750,1084.8,887.6,1102.5,649.1,1011.0,455,2,1010.9,18,3,1010.8,86,2,1010.7,1099,10,1010.6,617,11,1011.1,231,3,1011.2,199,3,1011.3,509,10,1011.4,1015,11,1011.5,3489,13
317,2025-11-26 13:50:03+05:30,1011.1,90,1001.24,7411319,410421.0,445039.0,986.2,1012.8,981.3,986.2,120498750,1084.8,887.6,1102.5,649.1,1011.0,455,2,1010.9,18,3,1010.8,86,2,1010.7,1099,10,1010.6,617,11,1011.1,231,3,1011.2,199,3,1011.3,509,10,1011.4,1015,11,1011.5,3489,13
317,2025-11-26 13:50:03+05:30,1011.1,90,1001.24,7411679,410431.0,444907.0,986.2,1012.8,981.3,986.2,120498750,1084.8,887.6,1102.5,649.1,1011.0,455,2,1010.9,18,3,1010.8,86,2,1010.7,1099,10,1010.6,617,11,1011.1,89,2,1011.2,199,3,1011.3,509,10,1011.4,1313,12,1011.5,3499,14
317,2025-11-26 13:50:03+05:30,1011.1,90,1001.24,7411679,410431.0,444907.0,986.2,1012.8,981.3,986.2,120499500,1084.8,887.6,1102.5,649.1,1011.0,455,2,1010.9,18,3,1010.8,86,2,1010.7,1099,10,1010.6,617,11,1011.1,89,2,1011.2,199,3,1011.3,509,10,1011.4,1313,12,1011.5,3499,14
317,2025-11-26 13:50:04+05:30,1011.1,90,1001.24,7411679,410431.0,444907.0,986.2,1012.8,981.3,986.2,120499500,1084.8,887.6,1102.5,649.1,1011.0,455,2,1010.9,18,3,1010.8,86,2,1010.7,1099,10,1010.6,617,11,1011.1,89,2,1011.2,199,3,1011.3,509,10,1011.4,1313,12,1011.5,3499,14
317,2025-11-26 13:50:04+05:30,1011.1,39,1001.24,7411679,410431.0,444907.0,986.2,1012.8,981.3,986.2,120499500,1084.8,887.6,1102.5,649.1,1011.0,455,2,1010.9,18,3,1010.8,86,2,1010.7,1099,10,1010.6,617,11,1011.1,89,2,1011.2,199,3,1011.3,509,10,1011.4,1313,12,1011.5,3499,14
317,2025-11-26 13:50:04+05:30,1011.2,53,1001.24,7411924,410846.0,443444.0,986.2,1012.8,981.3,986.2,120499500,1084.8,887.6,1102.5,649.1,1011.1,23,1,1011.0,455,2,1010.9,23,4,1010.8,229,4,1010.7,1128,10,1011.2,106,2,1011.3,20,4,1011.4,677,7,1011.5,3815,15,1011.6,1517,12
317,2025-11-26 13:50:05+05:30,1011.2,3,1001.24,7411924,410846.0,443444.0,986.2,1012.8,981.3,986.2,120499500,1084.8,887.6,1102.5,649.1,1011.1,23,1,1011.0,455,2,1010.9,23,4,1010.8,229,4,1010.7,1128,10,1011.2,106,2,1011.3,20,4,1011.4,677,7,1011.5,3815,15,1011.6,1517,12
317,2025-11-26 13:50:05+05:30,1011.2,3,1001.24,7411927,410822.0,444556.0,986.2,1012.8,981.3,986.2,120499500,1084.8,887.6,1102.5,649.1,1011.1,28,2,1011.0,455,2,1010.9,23,4,1010.8,195,2,1010.7,1284,12,1011.2,103,2,1011.3,79,5,1011.4,969,10,1011.5,3929,18,1011.6,1517,12
317,2025-11-26 13:50:06+05:30,1011.2,1,1001.24,7411927,410822.0,444556.0,986.2,1012.8,981.3,986.2,120499500,1084.8,887.6,1102.5,649.1,1011.1,28,2,1011.0,455,2,1010.9,23,4,1010.8,195,2,1010.7,1284,12,1011.2,103,2,1011.3,79,5,1011.4,969,10,1011.5,3929,18,1011.6,1517,12
317,2025-11-26 13:50:06+05:30,1011.2,1,1001.24,7411928,410820.0,445075.0,986.2,1012.8,981.3,986.2,120499500,1084.8,887.6,1102.5,649.1,1011.1,28,2,1011.0,455,2,1010.9,23,4,1010.8,927,4,1010.7,711,11,1011.2,103,3,1011.3,20,4,1011.4,1047,11,1011.5,3851,17,1011.6,1517,12
317,2025-11-26 13:50:07+05:30,1011.2,1,1001.24,7411928,411951.0,445032.0,986.2,1012.8,981.3,986.2,120499500,1084.8,887.6,1102.5,649.1,1011.1,28,2,1011.0,455,2,1010.9,736,7,1010.8,367,6,1010.7,785,14,1011.2,103,3,1011.3,20,4,1011.4,922,10,1011.5,3417,15,1011.6,1754,12
317,2025-11-26 13:50:08+05:30,1011.0,32,1001.24,7411928,411951.0,445032.0,986.2,1012.8,981.3,986.2,120499500,1084.8,887.6,1102.5,649.1,1011.1,28,2,1011.0,455,2,1010.9,736,7,1010.8,367,6,1010.7,785,14,1011.2,103,3,1011.3,20,4,1011.4,922,10,1011.5,3417,15,1011.6,1754,12
317,2025-11-26 13:50:08+05:30,1011.0,32,1001.24,7412079,412802.0,445046.0,986.2,1012.8,981.3,986.2,120499500,1084.8,887.6,1102.5,649.1,1011.0,1018,4,1010.9,309,7,1010.8,468,10,1010.7,728,11,1010.6,783,10,1011.2,102,3,1011.3,20,4,1011.4,1124,6,1011.5,3616,13,1011.6,1456,11
317,2025-11-26 13:50:09+05:30,1011.0,32,1001.24,7412079,414380.0,445069.0,986.2,1012.8,981.3,986.2,120499500,1084.8,887.6,1102.5,649.1,1011.0,1109,6,1010.9,296,7,1010.8,468,10,1010.7,728,11,1010.6,783,10,1011.1,57,1,1011.2,102,3,1011.3,20,4,1011.4,547,5,1011.5,3616,13
317,2025-11-26 13:50:10+05:30,1011.2,5,1001.24,7412079,414380.0,445069.0,986.2,1012.8,981.3,986.2,120499500,1084.8,887.6,1102.5,649.1,1011.0,1109,6,1010.9,296,7,1010.8,468,10,1010.7,728,11,1010.6,783,10,1011.1,57,1,1011.2,102,3,1011.3,20,4,1011.4,547,5,1011.5,3616,13
317,2025-11-26 13:50:10+05:30,1011.2,5,1001.24,7412657,412509.0,444769.0,986.2,1012.8,981.3,986.2,120499500,1084.8,887.6,1102.5,649.1,1011.1,1,1,1011.0,458,4,1010.9,288,6,1010.8,553,7,1010.7,734,11,1011.2,93,3,1011.3,20,4,1011.4,1054,6,1011.5,3616,13,1011.6,1573,15
317,2025-11-26 13:50:11+05:30,1011.2,1,1001.24,7412657,412509.0,444769.0,986.2,1012.8,981.3,986.2,120499500,1084.8,887.6,1102.5,649.1,1011.1,1,1,1011.0,458,4,1010.9,288,6,1010.8,553,7,1010.7,734,11,1011.2,93,3,1011.3,20,4,1011.4,1054,6,1011.5,3616,13,1011.6,1573,15
317,2025-11-26 13:50:11+05:30,1011.2,1,1001.24,7412660,412348.0,444841.0,986.2,1012.8,981.3,986.2,120499500,1084.8,887.6,1102.5,649.1,1011.0,458,4,1010.9,288,6,1010.8,487,7,1010.7,813,12,1010.6,842,13,1011.2,136,4,1011.3,20,4,1011.4,1083,7,1011.5,3616,13,1011.6,1573,15
317,2025-11-26 13:50:12+05:30,1011.2,1,1001.24,7412660,412352.0,444840.0,986.2,1012.8,981.3,986.2,120499500,1084.8,887.6,1102.5,649.1,1011.0,461,5,1010.9,367,7,1010.8,488,7,1010.7,734,11,1010.6,842,13,1011.2,136,4,1011.3,20,4,1011.4,1083,7,1011.5,3616,13,1011.6,1573,15
317,2025-11-26 13:50:13+05:30,1011.2,23,1001.24,7412660,412352.0,444840.0,986.2,1012.8,981.3,986.2,120499500,1084.8,887.6,1102.5,649.1,1011.0,461,5,1010.9,367,7,1010.8,488,7,1010.7,734,11,1010.6,842,13,1011.2,136,4,1011.3,20,4,1011.4,1083,7,1011.5,3616,13,1011.6,1573,15
317,2025-11-26 13:50:13+05:30,1011.2,23,1001.24,7412693,412352.0,444913.0,986.2,1012.8,981.3,986.2,120499500,1084.8,887.6,1102.5,649.1,1011.0,461,5,1010.9,288,6,1010.8,567,8,1010.7,734,11,1010.6,842,13,1011.2,209,5,1011.3,20,4,1011.4,1083,7,1011.5,3616,13,1011.6,1573,15
317,2025-11-26 13:50:14+05:30,1011.2,67,1001.24,7412693,412352.0,444913.0,986.2,1012.8,981.3,986.2,120499500,1084.8,887.6,1102.5,649.1,1011.0,461,5,1010.9,288,6,1010.8,567,8,1010.7,734,11,1010.6,842,13,1011.2,209,5,1011.3,20,4,1011.4,1083,7,1011.5,3616,13,1011.6,1573,15
317,2025-11-26 13:50:14+05:30,1011.2,67,1001.24,7413049,412174.0,444919.0,986.2,1012.8,981.3,986.2,120499500,1084.8,887.6,1102.5,649.1,1011.0,283,5,1010.9,403,9,1010.8,488,7,1010.7,700,10,1010.6,842,13,1011.2,141,4,1011.3,20,4,1011.4,1132,6,1011.5,3318,12,1011.6,1573,15
317,2025-11-26 13:50:15+05:30,1011.2,2,1001.24,7413049,412174.0,444919.0,986.2,1012.8,981.3,986.2,120499500,1084.8,887.6,1102.5,649.1,1011.0,283,5,1010.9,403,9,1010.8,488,7,1010.7,700,10,1010.6,842,13,1011.2,141,4,1011.3,20,4,1011.4,1132,6,1011.5,3318,12,1011.6,1573,15
317,2025-11-26 13:50:15+05:30,1011.2,1,1001.24,7413055,411450.0,444512.0,986.2,1012.8,981.3,986.2,120499500,1084.8,887.6,1102.5,649.1,1011.1,117,2,1011.0,283,5,1010.9,158,5,1010.8,1228,6,1010.7,700,10,1011.2,135,4,1011.3,20,4,1011.4,1195,7,1011.5,3805,16,1011.6,1488,14
317,2025-11-26 13:50:16+05:30,1011.2,2,1001.24,7413055,411450.0,444512.0,986.2,1012.8,981.3,986.2,120499500,1084.8,887.6,1102.5,649.1,1011.1,117,2,1011.0,283,5,1010.9,158,5,1010.8,1228,6,1010.7,700,10,1011.2,135,4,1011.3,20,4,1011.4,1195,7,1011.5,3805,16,1011.6,1488,14
317,2025-11-26 13:50:16+05:30,1011.2,2,1001.24,7413057,411447.0,444589.0,986.2,1012.8,981.3,986.2,120499500,1084.8,887.6,1102.5,649.1,1011.1,130,3,1011.0,270,4,1010.9,93,4,1010.8,1212,6,1010.7,779,11,1011.2,133,4,1011.3,20,4,1011.4,1195,7,1011.5,3884,17,1011.6,1488,14
317,2025-11-26 13:50:17+05:30,1011.1,3,1001.24,7413057,411447.0,444589.0,986.2,1012.8,981.3,986.2,120499500,1084.8,887.6,1102.5,649.1,1011.1,130,3,1011.0,270,4,1010.9,93,4,1010.8,1212,6,1010.7,779,11,1011.2,133,4,1011.3,20,4,1011.4,1195,7,1011.5,3884,17,1011.6,1488,14
317,2025-11-26 13:50:17+05:30,1011.1,3,1001.24,7413060,411314.0,444710.0,986.2,1012.8,981.3,986.2,120499500,1084.8,887.6,1102.5,649.1,1011.1,127,3,1011.0,270,4,1010.9,93,4,1010.8,1082,5,1010.7,779,11,1011.2,182,5,1011.3,20,4,1011.4,1346,9,1011.5,3805,16,1011.6,1488,14
317,2025-11-26 13:50:18+05:30,1011.1,63,1001.24,7413060,411314.0,444710.0,986.2,1012.8,981.3,986.2,120499500,1084.8,887.6,1102.5,649.1,1011.1,127,3,1011.0,270,4,1010.9,93,4,1010.8,1082,5,1010.7,779,11,1011.2,182,5,1011.3,20,4,1011.4,1346,9,1011.5,3805,16,1011.6,1488,14
317,2025-11-26 13:50:18+05:30,1011.1,63,1001.24,7413123,411335.0,444737.0,986.2,1012.8,981.3,986.2,120499500,1084.8,887.6,1102.5,649.1,1011.1,59,2,1011.0,270,4,1010.9,18,3,1010.8,1138,6,1010.7,779,11,1011.2,180,6,1011.3,20,4,1011.4,1267,8,1011.5,3884,17,1011.6,1488,14
317,2025-11-26 13:50:19+05:30,1011.1,25,1001.24,7413123,411335.0,444737.0,986.2,1012.8,981.3,986.2,120499500,1084.8,887.6,1102.5,649.1,1011.1,59,2,1011.0,270,4,1010.9,18,3,1010.8,1138,6,1010.7,779,11,1011.2,180,6,1011.3,20,4,1011.4,1267,8,1011.5,3884,17,1011.6,1488,14
317,2025-11-26 13:50:19+05:30,1011.1,25,1001.24,7413207,412145.0,445092.0,986.2,1012.8,981.3,986.2,120499500,1084.8,887.6,1102.5,649.1,1011.0,267,3,1010.9,219,7,1010.8,1217,7,1010.7,700,10,1010.6,874,16,1011.1,21,1,1011.2,285,7,1011.3,20,4,1011.4,1267,8,1011.5,3675,14
317,2025-11-26 13:50:20+05:30,1011.1,1,1001.24,7413207,412145.0,445092.0,986.2,1012.8,981.3,986.2,120499500,1084.8,887.6,1102.5,649.1,1011.0,267,3,1010.9,219,7,1010.8,1217,7,1010.7,700,10,1010.6,874,16,1011.1,21,1,1011.2,285,7,1011.3,20,4,1011.4,1267,8,1011.5,3675,14
317,2025-11-26 13:50:21+05:30,1011.1,1,1001.24,7413229,412158.0,445115.0,986.2,1012.8,981.3,986.2,120499500,1084.8,887.6,1102.5,649.1,1011.0,257,3,1010.9,140,6,1010.8,1290,8,1010.7,700,10,1010.6,903,17,1011.1,9,1,1011.2,320,8,1011.3,20,4,1011.4,1267,8,1011.5,3675,14
317,2025-11-26 13:50:21+05:30,1011.1,1,1001.24,7413229,412158.0,445115.0,986.2,1012.8,981.3,986.2,120499500,1084.8,887.6,1102.5,649.1,1011.0,257,3,1010.9,140,6,1010.8,1290,8,1010.7,700,10,1010.6,903,17,1011.1,9,1,1011.2,320,8,1011.3,20,4,1011.4,1267,8,1011.5,3675,14
317,2025-11-26 13:50:22+05:30,1011.1,5,1001.24,7413235,412040.0,445581.0,986.2,1012.8,981.3,986.2,120499500,1084.8,887.6,1102.5,649.1,1011.0,257,3,1010.9,140,6,1010.8,1290,8,1010.7,700,10,1010.6,903,17,1011.1,3,1,1011.2,320,8,1011.3,20,4,1011.4,1563,9,1011.5,3377,13
317,2025-11-26 13:50:23+05:30,1011.1,23,1001.24,7413267,412067.0,445842.0,986.2,1012.8,981.3,986.2,120499500,1084.8,887.6,1102.5,649.1,1011.0,256,3,1010.9,76,5,1010.8,1211,7,1010.7,773,11,1010.6,903,17,1011.1,21,1,1011.2,330,9,1011.3,20,4,1011.4,1424,8,1011.5,3377,13
317,2025-11-26 13:50:23+05:30,1011.1,23,1001.24,7413267,412067.0,445842.0,986.2,1012.8,981.3,986.2,120499500,1084.8,887.6,1102.5,649.1,1011.0,256,3,1010.9,76,5,1010.8,1211,7,1010.7,773,11,1010.6,903,17,1011.1,21,1,1011.2,330,9,1011.3,20,4,1011.4,1424,8,1011.5,3377,13
317,2025-11-26 13:50:24+05:30,1011.2,36,1001.24,7413765,412566.0,445623.0,986.2,1012.8,981.3,986.2,120499500,1084.8,887.6,1102.5,649.1,1011.0,269,4,1010.9,76,5,1010.8,1284,8,1010.7,700,10,1010.6,903,17,1011.1,1,1,1011.2,167,4,1011.3,20,4,1011.4,1126,7,1011.5,3596,13
317,2025-11-26 13:50:24+05:30,1011.2,36,1001.24,7413765,412566.0,445623.0,986.2,1012.8,981.3,986.2,120499500,1084.8,887.6,1102.5,649.1,1011.0,269,4,1010.9,76,5,1010.8,1284,8,1010.7,700,10,1010.6,903,17,1011.1,1,1,1011.2,167,4,1011.3,20,4,1011.4,1126,7,1011.5,3596,13
317,2025-11-26 13:50:25+05:30,1011.1,1,1001.24,7413766,411594.0,445390.0,986.2,1012.8,981.3,986.2,120499500,1084.8,887.6,1102.5,649.1,1011.1,1,1,1011.0,269,4,1010.9,12,4,1010.8,1018,5,1010.7,773,11,1011.2,167,4,1011.3,20,4,1011.4,1196,8,1011.5,3596,13,1011.6,1635,16
317,2025-11-26 13:50:25+05:30,1011.2,2,1001.24,7413766,411594.0,445390.0,986.2,1012.8,981.3,986.2,120499500,1084.8,887.6,1102.5,649.1,1011.1,1,1,1011.0,269,4,1010.9,12,4,1010.8,1018,5,1010.7,773,11,1011.2,167,4,1011.3,20,4,1011.4,1196,8,1011.5,3596,13,1011.6,1635,16
317,2025-11-26 13:50:26+05:30,1011.2,2,1001.24,7414045,411771.0,445505.0,986.2,1012.8,981.3,986.2,120499500,1084.8,887.6,1102.5,649.1,1011.1,1,1,1011.0,249,2,1010.9,18,5,1010.8,1239,8,1010.7,773,11,1011.2,51,3,1011.3,18,3,1011.4,1272,9,1011.5,3725,15,1011.6,1736,18
317,2025-11-26 13:50:26+05:30,1011.2,1,1001.24,7414045,411771.0,445505.0,986.2,1012.8,981.3,986.2,120499500,1084.8,887.6,1102.5,649.1,1011.1,1,1,1011.0,249,2,1010.9,18,5,1010.8,1239,8,1010.7,773,11,1011.2,51,3,1011.3,18,3,1011.4,1272,9,1011.5,3725,15,1011.6,1736,18
317,2025-11-26 13:50:27+05:30,1011.2,1,1001.24,7414046,411964.0,444960.0,986.2,1012.8,981.3,986.2,120499500,1084.8,887.6,1102.5,649.1,1011.1,1,1,1011.0,249,2,1010.9,91,6,1010.8,1166,7,1010.7,773,11,1011.2,50,3,1011.3,18,3,1011.4,756,8,1011.5,5725,16,1011.6,1708,17
317,2025-11-26 13:50:28+05:30,1011.2,1,1001.24,7414046,411964.0,444960.0,986.2,1012.8,981.3,986.2,120499500,1084.8,887.6,1102.5,649.1,1011.1,1,1,1011.0,249,2,1010.9,18,5,1010.8,1239,8,1010.7,773,11,1011.2,50,3,1011.3,2,1,1011.4,772,10,1011.5,5725,16,1011.6,1708,17
317,2025-11-26 13:50:29+05:30,1011.1,45,1001.24,7414092,412497.0,446487.0,986.2,1012.8,981.3,986.2,120499500,1084.8,887.6,1102.5,649.1,1011.0,249,2,1010.9,82,6,1010.8,1104,6,1010.7,773,11,1010.6,714,15,1011.1,19,1,1011.2,1050,4,1011.3,2,1,1011.4,1676,12,1011.5,5500,16
317,2025-11-26 13:50:29+05:30,1011.1,45,1001.24,7414092,412497.0,446487.0,986.2,1012.8,981.3,986.2,120499500,1084.8,887.6,1102.5,649.1,1011.0,249,2,1010.9,82,6,1010.8,1104,6,1010.7,773,11,1010.6,714,15,1011.1,19,1,1011.2,1050,4,1011.3,2,1,1011.4,1676,12,1011.5,5500,16
317,2025-11-26 13:50:30+05:30,1011.0,10,1001.24,7414129,412632.0,446245.0,986.2,1012.8,981.3,986.2,120499500,1084.8,887.6,1102.5,649.1,1011.0,255,4,1010.9,155,7,1010.8,1161,6,1010.7,767,11,1010.6,714,15,1011.1,19,1,1011.2,1050,4,1011.3,2,1,1011.4,1004,10,1011.5,5426,15
317,2025-11-26 13:50:30+05:30,1011.0,8,1001.24,7414129,412632.0,446245.0,986.2,1012.8,981.3,986.2,120499500,1084.8,887.6,1102.5,649.1,1011.0,255,4,1010.9,155,7,1010.8,1161,6,1010.7,767,11,1010.6,714,15,1011.1,19,1,1011.2,1050,4,1011.3,2,1,1011.4,1004,10,1011.5,5426,15
317,2025-11-26 13:50:31+05:30,1011.1,1,1001.24,7414166,412559.0,446243.0,986.2,1012.8,981.3,986.2,120499500,1084.8,887.6,1102.5,649.1,1011.0,247,4,1010.9,91,6,1010.8,1228,7,1010.7,700,10,1010.6,714,15,1011.1,18,1,1011.2,1061,4,1011.3,2,1,1011.4,1004,10,1011.5,5426,15
317,2025-11-26 13:50:31+05:30,1011.1,1,1001.24,7414166,412559.0,446243.0,986.2,1012.8,981.3,986.2,120499500,1084.8,887.6,1102.5,649.1,1011.0,247,4,1010.9,91,6,1010.8,1228,7,1010.7,700,10,1010.6,714,15,1011.1,18,1,1011.2,1061,4,1011.3,2,1,1011.4,1004,10,1011.5,5426,15
317,2025-11-26 13:50:32+05:30,1011.1,3,1001.24,7414169,412693.0,446500.0,986.2,1012.8,981.3,986.2,120499500,1084.8,887.6,1102.5,649.1,1011.0,247,4,1010.9,219,8,1010.8,1228,7,1010.7,857,11,1010.6,714,15,1011.1,15,1,1011.2,1061,4,1011.3,2,1,1011.4,1004,10,1011.5,5432,16
317,2025-11-26 13:50:32+05:30,1011.1,3,1001.24,7414169,412693.0,446500.0,986.2,1012.8,981.3,986.2,120499500,1084.8,887.6,1102.5,649.1,1011.0,247,4,1010.9,219,8,1010.8,1228,7,1010.7,857,11,1010.6,714,15,1011.1,15,1,1011.2,1061,4,1011.3,2,1,1011.4,1004,10,1011.5,5432,16
317,2025-11-26 13:50:33+05:30,1011.1,5,1001.24,7414202,412693.0,446636.0,986.2,1012.8,981.3,986.2,120499500,1084.8,887.6,1102.5,649.1,1011.0,247,4,1010.9,219,8,1010.8,1228,7,1010.7,857,11,1010.6,714,15,1011.1,17,2,1011.2,1061,4,1011.3,2,1,1011.4,941,9,1011.5,5350,15
317,2025-11-26 13:50:33+05:30,1011.1,5,1001.24,7414202,412693.0,446636.0,986.2,1012.8,981.3,986.2,120499500,1084.8,887.6,1102.5,649.1,1011.0,247,4,1010.9,219,8,1010.8,1228,7,1010.7,857,11,1010.6,714,15,1011.1,17,2,1011.2,1061,4,1011.3,2,1,1011.4,941,9,1011.5,5350,15
317,2025-11-26 13:50:34+05:30,1011.1,71,1001.24,7414340,412840.0,445761.0,986.2,1012.8,981.3,986.2,120499500,1084.8,887.6,1102.5,649.1,1011.1,41,1,1011.0,180,4,1010.9,18,5,1010.8,1161,6,1010.7,934,13,1011.2,1061,4,1011.3,2,1,1011.4,941,9,1011.5,5432,16,1011.6,1623,15
317,2025-11-26 13:50:34+05:30,1011.2,1,1001.24,7414340,412840.0,445761.0,986.2,1012.8,981.3,986.2,120499500,1084.8,887.6,1102.5,649.1,1011.1,41,1,1011.0,180,4,1010.9,18,5,1010.8,1161,6,1010.7,934,13,1011.2,1061,4,1011.3,2,1,1011.4,941,9,1011.5,5432,16,1011.6,1623,15
317,2025-11-26 13:50:35+05:30,1011.2,1,1001.24,7414341,411949.0,446511.0,986.2,1012.8,981.3,986.2,120499500,1084.8,887.6,1102.5,649.1,1011.1,42,2,1011.0,168,3,1010.9,18,5,1010.8,1031,5,1010.7,934,13,1011.2,1125,4,1011.3,27,2,1011.4,1546,11,1011.5,5527,18,1011.6,1584,15
317,2025-11-26 13:50:35+05:30,1011.2,2,1001.24,7414341,411949.0,446511.0,986.2,1012.8,981.3,986.2,120499500,1084.8,887.6,1102.5,649.1,1011.1,42,2,1011.0,168,3,1010.9,18,5,1010.8,1031,5,1010.7,934,13,1011.2,1125,4,1011.3,27,2,1011.4,1546,11,1011.5,5527,18,1011.6,1584,15
317,2025-11-26 13:50:36+05:30,1011.2,1,1001.24,7414345,412087.0,445929.0,986.2,1012.8,981.3,986.2,120499500,1084.8,887.6,1102.5,649.1,1011.1,53,2,1011.0,168,3,1010.9,83,6,1010.8,1161,6,1010.7,934,13,1011.2,1122,5,1011.3,27,2,1011.4,941,9,1011.5,5527,18,1011.6,1610,16
317,2025-11-26 13:50:36+05:30,1011.2,1,1001.24,7414345,412087.0,445929.0,986.2,1012.8,981.3,986.2,120499500,1084.8,887.6,1102.5,649.1,1011.1,53,2,1011.0,168,3,1010.9,83,6,1010.8,1161,6,1010.7,934,13,1011.2,1122,5,1011.3,27,2,1011.4,941,9,1011.5,5527,18,1011.6,1610,16
317,2025-11-26 13:50:37+05:30,1011.2,740,1001.24,7415095,412163.0,445562.0,986.2,1012.8,981.3,986.2,120499500,1084.8,887.6,1102.5,649.1,1011.1,53,2,1011.0,168,3,1010.9,83,6,1010.8,1161,6,1010.7,934,13,1011.2,372,4,1011.3,57,3,1011.4,1428,9,1011.5,5360,12,1011.6,1635,17
317,2025-11-26 13:50:37+05:30,1011.2,740,1001.24,7415095,412163.0,445562.0,986.2,1012.8,981.3,986.2,120499500,1084.8,887.6,1102.5,649.1,1011.1,53,2,1011.0,168,3,1010.9,83,6,1010.8,1161,6,1010.7,934,13,1011.2,372,4,1011.3,57,3,1011.4,1428,9,1011.5,5360,12,1011.6,1635,17
317,2025-11-26 13:50:38+05:30,1011.2,740,1001.24,7415095,412168.0,445622.0,986.2,1012.8,981.3,986.2,120499500,1084.8,887.6,1102.5,649.1,1011.1,53,2,1011.0,168,3,1010.9,83,6,1010.8,1161,6,1010.7,934,13,1011.2,372,4,1011.3,57,3,1011.4,1428,9,1011.5,5389,13,1011.6,1635,17
317,2025-11-26 13:50:39+05:30,1011.1,13,1001.24,7415162,413987.0,444956.0,986.2,1012.8,981.3,986.2,120499500,1084.8,887.6,1102.5,649.1,1011.0,275,5,1010.9,1129,11,1010.8,457,6,1010.7,800,11,1010.6,708,14,1011.1,21,1,1011.2,372,4,1011.3,27,2,1011.4,921,5,1011.5,5503,11
317,2025-11-26 13:50:39+05:30,1011.1,13,1001.24,7415162,413987.0,444956.0,986.2,1012.8,981.3,986.2,120499500,1084.8,887.6,1102.5,649.1,1011.0,275,5,1010.9,1129,11,1010.8,457,6,1010.7,800,11,1010.6,708,14,1011.1,21,1,1011.2,372,4,1011.3,27,2,1011.4,921,5,1011.5,5503,11
317,2025-11-26 13:50:40+05:30,1011.1,1,1001.24,7415183,414097.0,445038.0,986.2,1012.8,981.3,986.2,120499500,1084.8,887.6,1102.5,649.1,1011.0,270,5,1010.9,1129,11,1010.8,457,6,1010.7,826,13,1010.6,708,13,1011.1,10,1,1011.2,372,4,1011.3,27,2,1011.4,385,4,1011.5,5569,12
317,2025-11-26 13:50:40+05:30,1011.1,1,1001.24,7415183,414097.0,445038.0,986.2,1012.8,981.3,986.2,120499500,1084.8,887.6,1102.5,649.1,1011.0,270,5,1010.9,1129,11,1010.8,457,6,1010.7,826,13,1010.6,708,13,1011.1,10,1,1011.2,372,4,1011.3,27,2,1011.4,385,4,1011.5,5569,12
317,2025-11-26 13:50:41+05:30,1011.1,2,1001.24,7415185,414191.0,445094.0,986.2,1012.8,981.3,986.2,120499500,1084.8,887.6,1102.5,649.1,1011.0,225,4,1010.9,1129,11,1010.8,457,6,1010.7,826,13,1010.6,708,13,1011.1,8,1,1011.2,372,4,1011.3,27,2,1011.4,385,4,1011.5,5569,12
317,2025-11-26 13:50:41+05:30,1011.1,2,1001.24,7415185,414191.0,445094.0,986.2,1012.8,981.3,986.2,120499500,1084.8,887.6,1102.5,649.1,1011.0,225,4,1010.9,1129,11,1010.8,457,6,1010.7,826,13,1010.6,708,13,1011.1,8,1,1011.2,372,4,1011.3,27,2,1011.4,385,4,1011.5,5569,12
317,2025-11-26 13:50:42+05:30,1011.1,2,1001.24,7415185,413955.0,445228.0,986.2,1012.8,981.3,986.2,120499500,1084.8,887.6,1102.5,649.1,1011.0,158,3,1010.9,1000,9,1010.8,446,5,1010.7,876,16,1010.6,629,8,1011.1,8,1,1011.2,372,4,1011.3,27,2,1011.4,1357,7,1011.5,5364,13
317,2025-11-26 13:50:43+05:30,1011.1,23,1001.24,7415218,414037.0,445288.0,986.2,1012.8,981.3,986.2,120499500,1084.8,887.6,1102.5,649.1,1011.0,158,3,1010.9,1058,10,1010.8,510,6,1010.7,904,18,1010.6,629,8,1011.1,21,1,1011.2,372,4,1011.3,27,2,1011.4,1086,6,1011.5,5384,14
317,2025-11-26 13:50:43+05:30,1011.1,23,1001.24,7415218,414037.0,445288.0,986.2,1012.8,981.3,986.2,120499500,1084.8,887.6,1102.5,649.1,1011.0,158,3,1010.9,1058,10,1010.8,510,6,1010.7,904,18,1010.6,629,8,1011.1,21,1,1011.2,372,4,1011.3,27,2,1011.4,1086,6,1011.5,5384,14
317,2025-11-26 13:50:44+05:30,1011.1,212,1001.25,7415640,413284.0,445304.0,986.2,1012.8,981.3,986.2,120499500,1084.8,887.6,1102.5,649.1,1011.1,12,1,1011.0,525,3,1010.9,803,7,1010.8,319,4,1010.7,1000,18,1011.2,372,4,1011.3,27,2,1011.4,1045,6,1011.5,5682,15,1011.6,1397,10
317,2025-11-26 13:50:44+05:30,1011.1,212,1001.25,7415640,413284.0,445304.0,986.2,1012.8,981.3,986.2,120499500,1084.8,887.6,1102.5,649.1,1011.1,12,1,1011.0,525,3,1010.9,803,7,1010.8,319,4,1010.7,1000,18,1011.2,372,4,1011.3,27,2,1011.4,1045,6,1011.5,5682,15,1011.6,1397,10
317,2025-11-26 13:50:45+05:30,1011.2,3,1001.25,7415648,413398.0,445240.0,986.2,1012.8,981.3,986.2,120499500,1084.8,887.6,1102.5,649.1,1011.1,12,1,1011.0,525,3,1010.9,803,7,1010.8,449,5,1010.7,1000,18,1011.2,364,4,1011.3,27,2,1011.4,474,5,1011.5,5682,15,1011.6,1397,10
317,2025-11-26 13:50:45+05:30,1011.2,2,1001.25,7415648,413398.0,445240.0,986.2,1012.8,981.3,986.2,120499500,1084.8,887.6,1102.5,649.1,1011.1,12,1,1011.0,525,3,1010.9,803,7,1010.8,449,5,1010.7,1000,18,1011.2,364,4,1011.3,27,2,1011.4,474,5,1011.5,5682,15,1011.6,1397,10
317,2025-11-26 13:50:46+05:30,1011.2,1,1001.25,7415652,413898.0,445254.0,986.2,1012.8,981.3,986.2,120499500,1084.8,887.6,1102.5,649.1,1011.1,12,1,1011.0,1025,4,1010.9,803,7,1010.8,510,6,1010.7,939,17,1011.2,360,4,1011.3,27,2,1011.4,947,6,1011.5,5682,15,1011.6,1397,10
317,2025-11-26 13:50:46+05:30,1011.2,1,1001.25,7415652,413898.0,445254.0,986.2,1012.8,981.3,986.2,120499500,1084.8,887.6,1102.5,649.1,1011.1,12,1,1011.0,1025,4,1010.9,803,7,1010.8,510,6,1010.7,939,17,1011.2,360,4,1011.3,27,2,1011.4,947,6,1011.5,5682,15,1011.6,1397,10
317,2025-11-26 13:50:47+05:30,1011.0,1,1001.25,7415763,414038.0,445280.0,986.2,1012.8,981.3,986.2,120499500,1084.8,887.6,1102.5,649.1,1011.0,930,4,1010.9,864,8,1010.8,510,6,1010.7,909,17,1010.6,629,9,1011.2,360,4,1011.3,27,2,1011.4,947,6,1011.5,5682,15,1011.6,1397,10
317,2025-11-26 13:50:47+05:30,1011.0,10,1001.25,7415763,414038.0,445280.0,986.2,1012.8,981.3,986.2,120499500,1084.8,887.6,1102.5,649.1,1011.0,930,4,1010.9,864,8,1010.8,510,6,1010.7,909,17,1010.6,629,9,1011.2,360,4,1011.3,27,2,1011.4,947,6,1011.5,5682,15,1011.6,1397,10
317,2025-11-26 13:50:48+05:30,1011.2,133,1001.25,7415906,414209.0,445148.0,986.2,1012.8,981.3,986.2,120499500,1084.8,887.6,1102.5,649.1,1011.0,920,4,1010.9,1059,10,1010.8,510,6,1010.7,878,16,1010.6,629,9,1011.2,356,5,1011.3,27,2,1011.4,974,6,1011.5,5384,14,1011.6,1690,10
317,2025-11-26 13:50:48+05:30,1011.2,133,1001.25,7415906,414209.0,445148.0,986.2,1012.8,981.3,986.2,120499500,1084.8,887.6,1102.5,649.1,1011.0,920,4,1010.9,1059,10,1010.8,510,6,1010.7,878,16,1010.6,629,9,1011.2,356,5,1011.3,27,2,1011.4,974,6,1011.5,5384,14,1011.6,1690,10
317,2025-11-26 13:50:49+05:30,1011.2,133,1001.25,7415906,415015.0,445530.0,986.2,1012.8,981.3,986.2,120499500,1084.8,887.6,1102.5,649.1,1011.0,920,4,1010.9,1062,10,1010.8,571,7,1010.7,878,16,1010.6,786,10,1011.1,17,1,1011.2,419,6,1011.3,27,2,1011.4,1078,7,1011.5,5384,14
317,2025-11-26 13:50:50+05:30,1011.2,133,1001.25,7415906,414954.0,445558.0,986.2,1012.8,981.3,986.2,120499500,1084.8,887.6,1102.5,649.1,1011.0,926,5,1010.9,927,7,1010.8,571,7,1010.7,878,16,1010.6,794,10,1011.1,17,1,1011.2,419,6,1011.3,27,2,1011.4,1078,7,1011.5,5682,15
317,2025-11-26 13:50:50+05:30,1011.1,1,1001.25,7415906,414954.0,445558.0,986.2,1012.8,981.3,986.2,120499500,1084.8,887.6,1102.5,649.1,1011.0,926,5,1010.9,927,7,1010.8,571,7,1010.7,878,16,1010.6,794,10,1011.1,17,1,1011.2,419,6,1011.3,27,2,1011.4,1078,7,1011.5,5682,15
317,2025-11-26 13:50:51+05:30,1011.1,1,1001.25,7415908,415014.0,445678.0,986.2,1012.8,981.3,986.2,120499500,1084.8,887.6,1102.5,649.1,1011.0,926,5,1010.9,992,8,1010.8,571,7,1010.7,878,16,1010.6,793,10,1011.1,15,1,1011.2,419,6,1011.3,27,2,1011.4,1078,7,1011.5,5682,15
317,2025-11-26 13:50:51+05:30,1011.1,1,1001.25,7415908,415014.0,445678.0,986.2,1012.8,981.3,986.2,120499500,1084.8,887.6,1102.5,649.1,1011.0,926,5,1010.9,992,8,1010.8,571,7,1010.7,878,16,1010.6,793,10,1011.1,15,1,1011.2,419,6,1011.3,27,2,1011.4,1078,7,1011.5,5682,15
317,2025-11-26 13:50:52+05:30,1011.1,1,1001.25,7415908,415019.0,445778.0,986.2,1012.8,981.3,986.2,120499500,1084.8,887.6,1102.5,649.1,1011.0,926,5,1010.9,992,8,1010.8,571,7,1010.7,878,16,1010.6,793,10,1011.1,15,1,1011.2,419,6,1011.3,27,2,1011.4,1078,7,1011.5,5682,15
317,2025-11-26 13:50:53+05:30,1011.1,1,1001.25,7415941,414953.0,445756.0,986.2,1012.8,981.3,986.2,120499500,1084.8,887.6,1102.5,649.1,1011.0,926,5,1010.9,991,8,1010.8,506,6,1010.7,878,16,1010.6,793,10,1011.1,15,2,1011.2,419,6,1011.3,27,2,1011.4,1078,7,1011.5,5682,15
317,2025-11-26 13:50:53+05:30,1011.1,1,1001.25,7415941,414953.0,445756.0,986.2,1012.8,981.3,986.2,120499500,1084.8,887.6,1102.5,649.1,1011.0,926,5,1010.9,991,8,1010.8,506,6,1010.7,878,16,1010.6,793,10,1011.1,15,2,1011.2,419,6,1011.3,27,2,1011.4,1078,7,1011.5,5682,15
317,2025-11-26 13:50:54+05:30,1011.0,134,1001.25,7416076,415126.0,445421.0,986.2,1012.8,981.3,986.2,120499500,1084.8,887.6,1102.5,649.1,1011.0,792,5,1010.9,991,8,1010.8,570,7,1010.7,878,16,1010.6,793,10,1011.1,13,2,1011.2,419,6,1011.3,32,3,1011.4,1078,7,1011.5,5682,15
317,2025-11-26 13:50:54+05:30,1011.1,55,1001.25,7416076,415126.0,445421.0,986.2,1012.8,981.3,986.2,120499500,1084.8,887.6,1102.5,649.1,1011.0,792,5,1010.9,991,8,1010.8,570,7,1010.7,878,16,1010.6,793,10,1011.1,13,2,1011.2,419,6,1011.3,32,3,1011.4,1078,7,1011.5,5682,15
317,2025-11-26 13:50:55+05:30,1011.1,55,1001.25,7416144,414348.0,445408.0,986.2,1012.8,981.3,986.2,120499500,1084.8,887.6,1102.5,649.1,1011.1,44,1,1011.0,805,6,1010.9,927,7,1010.8,449,5,1010.7,938,17,1011.2,419,6,1011.3,32,3,1011.4,1078,7,1011.5,5682,15,1011.6,1425,11
317,2025-11-26 13:50:55+05:30,1011.2,4,1001.25,7416144,414348.0,445408.0,986.2,1012.8,981.3,986.2,120499500,1084.8,887.6,1102.5,649.1,1011.1,44,1,1011.0,805,6,1010.9,927,7,1010.8,449,5,1010.7,938,17,1011.2,419,6,1011.3,32,3,1011.4,1078,7,1011.5,5682,15,1011.6,1425,11
317,2025-11-26 13:50:56+05:30,1011.2,3,1001.25,7416179,414351.0,444901.0,986.2,1012.8,981.3,986.2,120499500,1084.8,887.6,1102.5,649.1,1011.1,57,2,1011.0,782,3,1010.9,927,7,1010.8,515,7,1010.7,882,17,1011.2,384,6,1011.3,32,3,1011.4,974,6,1011.5,5682,15,1011.6,1425,11
317,2025-11-26 13:50:56+05:30,1011.2,3,1001.25,7416179,414351.0,444901.0,986.2,1012.8,981.3,986.2,120499500,1084.8,887.6,1102.5,649.1,1011.1,57,2,1011.0,782,3,1010.9,927,7,1010.8,515,7,1010.7,882,17,1011.2,384,6,1011.3,32,3,1011.4,974,6,1011.5,5682,15,1011.6,1425,11
317,2025-11-26 13:50:57+05:30,1011.2,50,1001.25,7416229,414375.0,444880.0,986.2,1012.8,981.3,986.2,120499500,1084.8,887.6,1102.5,649.1,1011.1,57,2,1011.0,789,5,1010.9,927,7,1010.8,569,7,1010.7,878,16,1011.2,334,6,1011.3,32,3,1011.4,974,6,1011.5,5682,15,1011.6,1425,11
317,2025-11-26 13:50:57+05:30,1011.2,50,1001.25,7416229,414375.0,444880.0,986.2,1012.8,981.3,986.2,120499500,1084.8,887.6,1102.5,649.1,1011.1,57,2,1011.0,789,5,1010.9,927,7,1010.8,569,7,1010.7,878,16,1011.2,334,6,1011.3,32,3,1011.4,974,6,1011.5,5682,15,1011.6,1425,11
317,2025-11-26 13:50:58+05:30,1011.2,50,1001.25,7416229,414375.0,444934.0,986.2,1012.8,981.3,986.2,120499500,1084.8,887.6,1102.5,649.1,1011.1,57,2,1011.0,789,5,1010.9,927,7,1010.8,569,7,1010.7,878,16,1011.2,334,6,1011.3,86,4,1011.4,974,6,1011.5,5682,15,1011.6,1454,12
317,2025-11-26 13:50:59+05:30,1011.1,1,1001.25,7416287,417576.0,444968.0,986.2,1012.8,981.3,986.2,120499500,1084.8,887.6,1102.5,649.1,1011.0,789,5,1010.9,1174,11,1010.8,580,7,1010.7,878,16,1010.6,629,9,1011.1,6,1,1011.2,334,6,1011.3,32,3,1011.4,1022,6,1011.5,5384,14
317,2025-11-26 13:50:59+05:30,1011.1,1,1001.25,7416287,417576.0,444968.0,986.2,1012.8,981.3,986.2,120499500,1084.8,887.6,1102.5,649.1,1011.0,789,5,1010.9,1174,11,1010.8,580,7,1010.7,878,16,1010.6,629,9,1011.1,6,1,1011.2,334,6,1011.3,32,3,1011.4,1022,6,1011.5,5384,14
317,2025-11-26 13:51:00+05:30,1011.1,1,1001.25,7416287,417610.0,444940.0,986.2,1012.8,981.3,986.2,120499500,1084.8,887.6,1102.5,649.1,1011.0,789,5,1010.9,1174,11,1010.8,580,7,1010.7,878,16,1010.6,788,10,1011.1,6,1,1011.2,334,6,1011.3,32,3,1011.4,1002,4,1011.5,5682,15
317,2025-11-26 13:51:00+05:30,1011.0,8,1001.25,7416287,417610.0,444940.0,986.2,1012.8,981.3,986.2,120499500,1084.8,887.6,1102.5,649.1,1011.0,789,5,1010.9,1174,11,1010.8,580,7,1010.7,878,16,1010.6,788,10,1011.1,6,1,1011.2,334,6,1011.3,32,3,1011.4,1002,4,1011.5,5682,15
317,2025-11-26 13:51:01+05:30,1011.1,1,1001.25,7416297,417590.0,444688.0,986.2,1012.8,981.3,986.2,120499500,1084.8,887.6,1102.5,649.1,1011.0,781,5,1010.9,1054,9,1010.8,688,9,1010.7,878,16,1010.6,788,10,1011.1,4,1,1011.2,334,6,1011.3,56,4,1011.4,1002,4,1011.5,5682,15
317,2025-11-26 13:51:01+05:30,1011.1,1,1001.25,7416297,417590.0,444688.0,986.2,1012.8,981.3,986.2,120499500,1084.8,887.6,1102.5,649.1,1011.0,781,5,1010.9,1054,9,1010.8,688,9,1010.7,878,16,1010.6,788,10,1011.1,4,1,1011.2,334,6,1011.3,56,4,1011.4,1002,4,1011.5,5682,15
317,2025-11-26 13:51:01+05:30,1011.1,1,1001.25,7416297,417463.0,444653.0,986.2,1012.8,981.3,986.2,120499500,1084.8,887.6,1102.5,649.1,1011.0,781,5,1010.9,927,7,1010.8,688,9,1010.7,878,16,1010.6,788,10,1011.1,48,2,1011.2,288,5,1011.3,56,4,1011.4,1249,5,1011.5,5682,15
317,2025-11-26 13:51:02+05:30,1011.1,1,1001.25,7416306,417463.0,444702.0,986.2,1012.8,981.3,986.2,120499500,1084.8,887.6,1102.5,649.1,1011.0,781,5,1010.9,927,7,1010.8,688,9,1010.7,878,16,1010.6,788,10,1011.1,39,1,1011.2,288,5,1011.3,56,4,1011.4,1301,5,1011.5,5682,15
317,2025-11-26 13:51:03+05:30,1011.1,23,1001.25,7416306,417463.0,444702.0,986.2,1012.8,981.3,986.2,120499500,1084.8,887.6,1102.5,649.1,1011.0,781,5,1010.9,927,7,1010.8,688,9,1010.7,878,16,1010.6,788,10,1011.1,39,1,1011.2,288,5,1011.3,56,4,1011.4,1301,5,1011.5,5682,15
317,2025-11-26 13:51:03+05:30,1011.1,23,1001.25,7416329,417463.0,444982.0,986.2,1012.8,981.3,986.2,120499500,1084.8,887.6,1102.5,649.1,1011.0,781,5,1010.9,927,7,1010.8,688,9,1010.7,878,16,1010.6,788,10,1011.1,16,1,1011.2,288,5,1011.3,56,4,1011.4,1301,5,1011.5,5682,15
317,2025-11-26 13:51:04+05:30,1011.1,182,1001.25,7416329,417463.0,444982.0,986.2,1012.8,981.3,986.2,120499500,1084.8,887.6,1102.5,649.1,1011.0,781,5,1010.9,927,7,1010.8,688,9,1010.7,878,16,1010.6,788,10,1011.1,16,1,1011.2,288,5,1011.3,56,4,1011.4,1301,5,1011.5,5682,15
317,2025-11-26 13:51:04+05:30,1011.1,182,1001.25,7416511,417209.0,445116.0,986.2,1012.8,981.3,986.2,120499500,1084.8,887.6,1102.5,649.1,1011.1,23,1,1011.0,781,5,1010.9,988,8,1010.8,745,9,1010.7,932,17,1011.2,417,6,1011.3,110,5,1011.4,730,4,1011.5,5736,17,1011.6,1397,10
317,2025-11-26 13:51:05+05:30,1011.2,2,1001.25,7416511,417209.0,445116.0,986.2,1012.8,981.3,986.2,120499500,1084.8,887.6,1102.5,649.1,1011.1,23,1,1011.0,781,5,1010.9,988,8,1010.8,745,9,1010.7,932,17,1011.2,417,6,1011.3,110,5,1011.4,730,4,1011.5,5736,17,1011.6,1397,10
317,2025-11-26 13:51:05+05:30,1011.2,1,1001.25,7416514,417135.0,445094.0,986.2,1012.8,981.3,986.2,120499500,1084.8,887.6,1102.5,649.1,1011.1,23,1,1011.0,781,5,1010.9,988,8,1010.8,745,9,1010.7,932,17,1011.2,414,6,1011.3,56,4,1011.4,669,3,1011.5,5711,16,1011.6,1397,10
317,2025-11-26 13:51:06+05:30,1011.2,1,1001.25,7416514,417135.0,445094.0,986.2,1012.8,981.3,986.2,120499500,1084.8,887.6,1102.5,649.1,1011.1,23,1,1011.0,781,5,1010.9,988,8,1010.8,745,9,1010.7,932,17,1011.2,414,6,1011.3,56,4,1011.4,669,3,1011.5,5711,16,1011.6,1397,10
317,2025-11-26 13:51:06+05:30,1011.0,2,1001.25,7416579,416439.0,445146.0,986.2,1012.8,981.3,986.2,120499500,1084.8,887.6,1102.5,649.1,1011.0,760,5,1010.9,1046,9,1010.8,745,9,1010.7,878,16,1010.6,729,9,1011.2,411,6,1011.3,56,4,1011.4,730,4,1011.5,5687,16,1011.6,1426,11
317,2025-11-26 13:51:07+05:30,1011.0,2,1001.25,7416579,416439.0,445146.0,986.2,1012.8,981.3,986.2,120499500,1084.8,887.6,1102.5,649.1,1011.0,760,5,1010.9,1046,9,1010.8,745,9,1010.7,878,16,1010.6,729,9,1011.2,411,6,1011.3,56,4,1011.4,730,4,1011.5,5687,16,1011.6,1426,11
317,2025-11-26 13:51:07+05:30,1011.0,2,1001.25,7416579,416499.0,445170.0,986.2,1012.8,981.3,986.2,120499500,1084.8,887.6,1102.5,649.1,1011.0,760,5,1010.9,1106,10,1010.8,745,9,1010.7,878,16,1010.6,729,9,1011.2,411,6,1011.3,56,4,1011.4,1243,5,1011.5,5687,16,1011.6,1436,12
317,2025-11-26 13:51:08+05:30,1011.0,127,1001.25,7416579,416499.0,445170.0,986.2,1012.8,981.3,986.2,120499500,1084.8,887.6,1102.5,649.1,1011.0,760,5,1010.9,1106,10,1010.8,745,9,1010.7,878,16,1010.6,729,9,1011.2,411,6,1011.3,56,4,1011.4,1243,5,1011.5,5687,16,1011.6,1436,12
317,2025-11-26 13:51:08+05:30,1011.0,127,1001.25,7416971,417672.0,445293.0,986.2,1012.8,981.3,986.2,120499500,1084.8,887.6,1102.5,649.1,1011.0,900,5,1010.9,992,8,1010.8,624,8,1010.7,878,16,1010.6,729,9,1011.1,7,1,1011.2,401,6,1011.3,56,4,1011.4,1250,5,1011.5,5687,16
317,2025-11-26 13:51:09+05:30,1011.0,127,1001.25,7416971,417672.0,445293.0,986.2,1012.8,981.3,986.2,120499500,1084.8,887.6,1102.5,649.1,1011.0,900,5,1010.9,992,8,1010.8,624,8,1010.7,878,16,1010.6,729,9,1011.1,7,1,1011.2,401,6,1011.3,56,4,1011.4,1250,5,1011.5,5687,16
317,2025-11-26 13:51:09+05:30,1011.1,4,1001.25,7416975,417723.0,445380.0,986.2,1012.8,981.3,986.2,120499500,1084.8,887.6,1102.5,649.1,1011.0,913,6,1010.9,927,7,1010.8,493,6,1010.7,878,16,1010.6,729,9,1011.1,3,1,1011.2,401,6,1011.3,56,4,1011.4,1307,5,1011.5,5687,16
317,2025-11-26 13:51:10+05:30,1011.0,1,1001.25,7416975,417723.0,445380.0,986.2,1012.8,981.3,986.2,120499500,1084.8,887.6,1102.5,649.1,1011.0,913,6,1010.9,927,7,1010.8,493,6,1010.7,878,16,1010.6,729,9,1011.1,3,1,1011.2,401,6,1011.3,56,4,1011.4,1307,5,1011.5,5687,16
317,2025-11-26 13:51:10+05:30,1011.1,1,1001.25,7417108,417592.0,445337.0,986.2,1012.8,981.3,986.2,120499500,1084.8,887.6,1102.5,649.1,1011.0,784,6,1010.9,797,6,1010.8,498,6,1010.7,863,13,1010.6,793,13,1011.1,11,3,1011.2,400,5,1011.3,56,4,1011.4,740,5,1011.5,5687,16
317,2025-11-26 13:51:11+05:30,1011.1,1,1001.25,7417108,417592.0,445337.0,986.2,1012.8,981.3,986.2,120499500,1084.8,887.6,1102.5,649.1,1011.0,784,6,1010.9,797,6,1010.8,498,6,1010.7,863,13,1010.6,793,13,1011.1,11,3,1011.2,400,5,1011.3,56,4,1011.4,740,5,1011.5,5687,16
317,2025-11-26 13:51:11+05:30,1011.1,1,1001.25,7417237,417080.0,445072.0,986.2,1012.8,981.3,986.2,120499500,1084.8,887.6,1102.5,649.1,1011.0,656,6,1010.9,797,6,1010.8,66,1,1010.7,738,11,1010.6,840,14,1011.1,10,3,1011.2,400,5,1011.3,254,6,1011.4,1419,8,1011.5,5687,16
317,2025-11-26 13:51:12+05:30,1011.0,6,1001.25,7417237,417080.0,445072.0,986.2,1012.8,981.3,986.2,120499500,1084.8,887.6,1102.5,649.1,1011.0,656,6,1010.9,797,6,1010.8,66,1,1010.7,738,11,1010.6,840,14,1011.1,10,3,1011.2,400,5,1011.3,254,6,1011.4,1419,8,1011.5,5687,16
317,2025-11-26 13:51:12+05:30,1011.0,71,1001.25,7417445,416956.0,445611.0,986.2,1012.8,981.3,986.2,120499500,1084.8,887.6,1102.5,649.1,1011.0,465,5,1010.9,797,6,1010.8,66,1,1010.7,810,12,1010.6,836,14,1011.1,136,2,1011.2,400,5,1011.3,401,9,1011.4,1956,12,1011.5,5431,16
317,2025-11-26 13:51:13+05:30,1011.1,22,1001.25,7417445,416956.0,445611.0,986.2,1012.8,981.3,986.2,120499500,1084.8,887.6,1102.5,649.1,1011.0,465,5,1010.9,797,6,1010.8,66,1,1010.7,810,12,1010.6,836,14,1011.1,136,2,1011.2,400,5,1011.3,401,9,1011.4,1956,12,1011.5,5431,16
317,2025-11-26 13:51:13+05:30,1011.1,22,1001.25,7417467,417012.0,445822.0,986.2,1012.8,981.3,986.2,120499500,1084.8,887.6,1102.5,649.1,1011.0,465,5,1010.9,797,6,1010.8,133,2,1010.7,795,11,1010.6,840,15,1011.1,339,3,1011.2,400,5,1011.3,401,9,1011.4,1956,12,1011.5,5431,16
317,2025-11-26 13:51:14+05:30,1011.0,3,1001.25,7417467,417012.0,445822.0,986.2,1012.8,981.3,986.2,120499500,1084.8,887.6,1102.5,649.1,1011.0,465,5,1010.9,797,6,1010.8,133,2,1010.7,795,11,1010.6,840,15,1011.1,339,3,1011.2,400,5,1011.3,401,9,1011.4,1956,12,1011.5,5431,16
317,2025-11-26 13:51:14+05:30,1011.1,5,1001.25,7417716,416885.0,445639.0,986.2,1012.8,981.3,986.2,120499500,1084.8,887.6,1102.5,649.1,1011.0,328,5,1010.9,797,6,1010.8,259,3,1010.7,795,11,1010.6,840,15,1011.1,220,1,1011.2,400,5,1011.3,343,8,1011.4,1849,10,1011.5,5457,18
317,2025-11-26 13:51:15+05:30,1011.1,2,1001.25,7417716,416885.0,445639.0,986.2,1012.8,981.3,986.2,120499500,1084.8,887.6,1102.5,649.1,1011.0,328,5,1010.9,797,6,1010.8,259,3,1010.7,795,11,1010.6,840,15,1011.1,220,1,1011.2,400,5,1011.3,343,8,1011.4,1849,10,1011.5,5457,18
317,2025-11-26 13:51:15+05:30,1011.1,1,1001.25,7417849,416969.0,445656.0,986.2,1012.8,981.3,986.2,120499500,1084.8,887.6,1102.5,649.1,1011.0,200,5,1010.9,923,8,1010.8,190,3,1010.7,844,12,1010.6,840,15,1011.1,215,1,1011.2,400,5,1011.3,271,7,1011.4,1551,9,1011.5,5755,19
317,2025-11-26 13:51:16+05:30,1011.0,25,1001.25,7417849,416969.0,445656.0,986.2,1012.8,981.3,986.2,120499500,1084.8,887.6,1102.5,649.1,1011.0,200,5,1010.9,923,8,1010.8,190,3,1010.7,844,12,1010.6,840,15,1011.1,215,1,1011.2,400,5,1011.3,271,7,1011.4,1551,9,1011.5,5755,19
317,2025-11-26 13:51:16+05:30,1011.0,128,1001.25,7418257,416603.0,445597.0,986.2,1012.8,981.3,986.2,120499500,1084.8,887.6,1102.5,649.1,1011.0,321,4,1010.9,797,6,1010.8,259,3,1010.7,737,10,1010.6,824,15,1011.1,215,1,1011.2,400,5,1011.3,271,7,1011.4,1863,10,1011.5,5457,18
317,2025-11-26 13:51:17+05:30,1011.0,62,1001.25,7418257,416603.0,445597.0,986.2,1012.8,981.3,986.2,120499500,1084.8,887.6,1102.5,649.1,1011.0,321,4,1010.9,797,6,1010.8,259,3,1010.7,737,10,1010.6,824,15,1011.1,215,1,1011.2,400,5,1011.3,271,7,1011.4,1863,10,1011.5,5457,18
317,2025-11-26 13:51:17+05:30,1011.0,128,1001.25,7418828,416745.0,445481.0,986.2,1012.8,981.3,986.2,120499500,1084.8,887.6,1102.5,649.1,1011.0,333,3,1010.9,797,6,1010.8,133,2,1010.7,717,10,1010.6,880,16,1011.1,155,1,1011.2,400,5,1011.3,271,7,1011.4,1788,9,1011.5,5443,18
317,2025-11-26 13:51:18+05:30,1011.1,30,1001.25,7418828,416745.0,445481.0,986.2,1012.8,981.3,986.2,120499500,1084.8,887.6,1102.5,649.1,1011.0,333,3,1010.9,797,6,1010.8,133,2,1010.7,717,10,1010.6,880,16,1011.1,155,1,1011.2,400,5,1011.3,271,7,1011.4,1788,9,1011.5,5443,18
317,2025-11-26 13:51:18+05:30,1010.9,128,1001.25,7419634,417485.0,445442.0,986.2,1012.8,981.3,986.2,120499500,1084.8,887.6,1102.5,649.1,1010.9,554,6,1010.8,96,2,1010.7,403,8,1010.6,635,14,1010.5,1203,16,1011.0,41,1,1011.1,369,2,1011.2,526,6,1011.3,849,8,1011.4,1439,10
317,2025-11-26 13:51:19+05:30,1010.9,128,1001.25,7419634,417485.0,445442.0,986.2,1012.8,981.3,986.2,120499500,1084.8,887.6,1102.5,649.1,1010.9,554,6,1010.8,96,2,1010.7,403,8,1010.6,635,14,1010.5,1203,16,1011.0,41,1,1011.1,369,2,1011.2,526,6,1011.3,849,8,1011.4,1439,10
317,2025-11-26 13:51:20+05:30,1011.0,217,1001.25,7419634,417485.0,445442.0,986.2,1012.8,981.3,986.2,120499500,1084.8,887.6,1102.5,649.1,1010.9,554,6,1010.8,96,2,1010.7,403,8,1010.6,635,14,1010.5,1203,16,1011.0,41,1,1011.1,369,2,1011.2,526,6,1011.3,849,8,1011.4,1439,10
317,2025-11-26 13:51:21+05:30,1010.9,81,1001.25,7420548,416973.0,445071.0,986.2,1012.8,981.3,986.2,120499500,1084.8,887.6,1102.5,649.1,1010.9,713,5,1010.8,178,4,1010.7,856,12,1010.6,561,11,1010.5,1192,17,1011.1,91,3,1011.2,270,3,1011.3,468,9,1011.4,1376,10,1011.5,5396,15
317,2025-11-26 13:51:22+05:30,1010.9,128,1001.25,7420548,416973.0,445071.0,986.2,1012.8,981.3,986.2,120499500,1084.8,887.6,1102.5,649.1,1010.9,713,5,1010.8,178,4,1010.7,856,12,1010.6,561,11,1010.5,1192,17,1011.1,91,3,1011.2,270,3,1011.3,468,9,1011.4,1376,10,1011.5,5396,15
317,2025-11-26 13:51:24+05:30,1010.8,106,1001.25,7420548,416973.0,445071.0,986.2,1012.8,981.3,986.2,120499500,1084.8,887.6,1102.5,649.1,1010.9,713,5,1010.8,178,4,1010.7,856,12,1010.6,561,11,1010.5,1192,17,1011.1,91,3,1011.2,270,3,1011.3,468,9,1011.4,1376,10,1011.5,5396,15
317,2025-11-26 13:51:25+05:30,1011.2,133,1001.25,7422303,415445.0,445543.0,986.2,1012.8,981.3,986.2,120499500,1084.8,887.6,1102.5,649.1,1010.9,56,3,1010.8,11,1,1010.7,388,7,1010.6,463,6,1010.5,1184,16,1011.2,173,4,1011.3,598,10,1011.4,1540,12,1011.5,5539,22,1011.6,1302,9
317,2025-11-26 13:51:26+05:30,1010.9,13,1001.25,7422303,415445.0,445543.0,986.2,1012.8,981.3,986.2,120499500,1084.8,887.6,1102.5,649.1,1010.9,56,3,1010.8,11,1,1010.7,388,7,1010.6,463,6,1010.5,1184,16,1011.2,173,4,1011.3,598,10,1011.4,1540,12,1011.5,5539,22,1011.6,1302,9
317,2025-11-26 13:51:28+05:30,1010.9,128,1001.25,7422303,415445.0,445543.0,986.2,1012.8,981.3,986.2,120499500,1084.8,887.6,1102.5,649.1,1010.9,56,3,1010.8,11,1,1010.7,388,7,1010.6,463,6,1010.5,1184,16,1011.2,173,4,1011.3,598,10,1011.4,1540,12,1011.5,5539,22,1011.6,1302,9
317,2025-11-26 13:51:29+05:30,1011.0,3,1001.26,7424018,418612.0,445218.0,986.2,1012.8,981.3,986.2,120499500,1084.8,887.6,1102.5,649.1,1011.0,505,2,1010.9,585,6,1010.8,379,7,1010.7,797,12,1010.6,692,8,1011.2,47,1,1011.3,610,4,1011.4,1134,10,1011.5,5758,20,1011.6,1431,10
317,2025-11-26 13:51:30+05:30,1011.2,7,1001.26,7424018,418612.0,445218.0,986.2,1012.8,981.3,986.2,120499500,1084.8,887.6,1102.5,649.1,1011.0,505,2,1010.9,585,6,1010.8,379,7,1010.7,797,12,1010.6,692,8,1011.2,47,1,1011.3,610,4,1011.4,1134,10,1011.5,5758,20,1011.6,1431,10
317,2025-11-26 13:51:32+05:30,1011.3,9,1001.26,7424018,418612.0,445218.0,986.2,1012.8,981.3,986.2,120499500,1084.8,887.6,1102.5,649.1,1011.0,505,2,1010.9,585,6,1010.8,379,7,1010.7,797,12,1010.6,692,8,1011.2,47,1,1011.3,610,4,1011.4,1134,10,1011.5,5758,20,1011.6,1431,10
317,2025-11-26 13:51:33+05:30,1011.0,71,1001.26,7425281,418001.0,444751.0,986.2,1012.8,981.3,986.2,120499500,1084.8,887.6,1102.5,649.1,1011.2,3,1,1011.0,508,2,1010.9,406,4,1010.8,415,6,1010.7,747,11,1011.3,410,7,1011.4,1039,10,1011.5,5765,21,1011.6,1364,10,1011.7,1733,18
317,2025-11-26 13:51:34+05:30,1011.3,17,1001.26,7425281,418001.0,444751.0,986.2,1012.8,981.3,986.2,120499500,1084.8,887.6,1102.5,649.1,1011.2,3,1,1011.0,508,2,1010.9,406,4,1010.8,415,6,1010.7,747,11,1011.3,410,7,1011.4,1039,10,1011.5,5765,21,1011.6,1364,10,1011.7,1733,18
317,2025-11-26 13:51:36+05:30,1011.0,38,1001.26,7425281,418001.0,444751.0,986.2,1012.8,981.3,986.2,120499500,1084.8,887.6,1102.5,649.1,1011.2,3,1,1011.0,508,2,1010.9,406,4,1010.8,415,6,1010.7,747,11,1011.3,410,7,1011.4,1039,10,1011.5,5765,21,1011.6,1364,10,1011.7,1733,18
317,2025-11-26 13:51:37+05:30,1011.0,37,1001.26,7426467,417867.0,444884.0,986.2,1012.8,981.3,986.2,120499500,1084.8,887.6,1102.5,649.1,1011.0,471,2,1010.9,383,3,1010.8,352,5,1010.7,802,13,1010.6,604,9,1011.3,494,8,1011.4,1753,13,1011.5,5716,16,1011.6,1408,13,1011.7,1798,19
317,2025-11-26 13:51:38+05:30,1011.3,178,1001.26,7426467,417867.0,444884.0,986.2,1012.8,981.3,986.2,120499500,1084.8,887.6,1102.5,649.1,1011.0,471,2,1010.9,383,3,1010.8,352,5,1010.7,802,13,1010.6,604,9,1011.3,494,8,1011.4,1753,13,1011.5,5716,16,1011.6,1408,13,1011.7,1798,19
317,2025-11-26 13:51:40+05:30,1011.0,2,1001.26,7426467,417867.0,444884.0,986.2,1012.8,981.3,986.2,120499500,1084.8,887.6,1102.5,649.1,1011.0,471,2,1010.9,383,3,1010.8,352,5,1010.7,802,13,1010.6,604,9,1011.3,494,8,1011.4,1753,13,1011.5,5716,16,1011.6,1408,13,1011.7,1798,19
317,2025-11-26 13:51:41+05:30,1011.0,128,1001.26,7427648,419186.0,446189.0,986.2,1012.8,981.3,986.2,120499500,1084.8,887.6,1102.5,649.1,1011.0,292,4,1010.9,383,3,1010.8,194,4,1010.7,799,16,1010.6,619,10,1011.1,75,1,1011.3,1162,12,1011.4,1591,13,1011.5,5413,14,1011.6,1398,12
317,2025-11-26 13:51:41+05:30,1011.0,128,1001.26,7427648,419186.0,446189.0,986.2,1012.8,981.3,986.2,120499500,1084.8,887.6,1102.5,649.1,1011.0,292,4,1010.9,383,3,1010.8,194,4,1010.7,799,16,1010.6,619,10,1011.1,75,1,1011.3,1162,12,1011.4,1591,13,1011.5,5413,14,1011.6,1398,12
317,2025-11-26 13:51:42+05:30,1011.0,128,1001.26,7427648,419186.0,446189.0,986.2,1012.8,981.3,986.2,120499500,1084.8,887.6,1102.5,649.1,1011.0,292,4,1010.9,383,3,1010.8,194,4,1010.7,799,16,1010.6,619,10,1011.1,75,1,1011.3,1162,12,1011.4,1591,13,1011.5,5413,14,1011.6,1398,12
317,2025-11-26 13:51:43+05:30,1011.1,23,1001.26,7427648,419186.0,446189.0,986.2,1012.8,981.3,986.2,120499500,1084.8,887.6,1102.5,649.1,1011.0,292,4,1010.9,383,3,1010.8,194,4,1010.7,799,16,1010.6,619,10,1011.1,75,1,1011.3,1162,12,1011.4,1591,13,1011.5,5413,14,1011.6,1398,12
317,2025-11-26 13:51:44+05:30,1011.0,25,1001.26,7427648,419186.0,446189.0,986.2,1012.8,981.3,986.2,120499500,1084.8,887.6,1102.5,649.1,1011.0,292,4,1010.9,383,3,1010.8,194,4,1010.7,799,16,1010.6,619,10,1011.1,75,1,1011.3,1162,12,1011.4,1591,13,1011.5,5413,14,1011.6,1398,12
317,2025-11-26 13:51:45+05:30,1011.0,127,1001.26,7429373,418571.0,446695.0,986.2,1012.8,981.3,986.2,120499500,1084.8,887.6,1102.5,649.1,1011.0,373,2,1010.9,394,5,1010.8,50,1,1010.7,324,11,1010.6,499,9,1011.1,242,3,1011.2,359,5,1011.3,1212,13,1011.4,1584,13,1011.5,5376,13
317,2025-11-26 13:51:45+05:30,1011.1,3,1001.26,7429373,418571.0,446695.0,986.2,1012.8,981.3,986.2,120499500,1084.8,887.6,1102.5,649.1,1011.0,373,2,1010.9,394,5,1010.8,50,1,1010.7,324,11,1010.6,499,9,1011.1,242,3,1011.2,359,5,1011.3,1212,13,1011.4,1584,13,1011.5,5376,13
317,2025-11-26 13:51:46+05:30,1010.9,10,1001.26,7429373,418571.0,446695.0,986.2,1012.8,981.3,986.2,120499500,1084.8,887.6,1102.5,649.1,1011.0,373,2,1010.9,394,5,1010.8,50,1,1010.7,324,11,1010.6,499,9,1011.1,242,3,1011.2,359,5,1011.3,1212,13,1011.4,1584,13,1011.5,5376,13
317,2025-11-26 13:51:47+05:30,1010.7,56,1001.26,7429373,418571.0,446695.0,986.2,1012.8,981.3,986.2,120499500,1084.8,887.6,1102.5,649.1,1011.0,373,2,1010.9,394,5,1010.8,50,1,1010.7,324,11,1010.6,499,9,1011.1,242,3,1011.2,359,5,1011.3,1212,13,1011.4,1584,13,1011.5,5376,13
317,2025-11-26 13:51:48+05:30,1010.9,128,1001.26,7429373,418571.0,446695.0,986.2,1012.8,981.3,986.2,120499500,1084.8,887.6,1102.5,649.1,1011.0,373,2,1010.9,394,5,1010.8,50,1,1010.7,324,11,1010.6,499,9,1011.1,242,3,1011.2,359,5,1011.3,1212,13,1011.4,1584,13,1011.5,5376,13
317,2025-11-26 13:51:48+05:30,1010.9,128,1001.27,7431868,418526.0,448245.0,986.2,1012.8,981.3,986.2,120499500,1084.8,887.6,1102.5,649.1,1010.9,235,2,1010.7,38,1,1010.6,280,6,1010.5,1001,13,1010.4,2495,17,1011.0,669,3,1011.1,130,2,1011.2,1134,11,1011.3,802,17,1011.4,2375,16
317,2025-11-26 13:51:49+05:30,1011.0,1,1001.27,7431868,418526.0,448245.0,986.2,1012.8,981.3,986.2,120499500,1084.8,887.6,1102.5,649.1,1010.9,235,2,1010.7,38,1,1010.6,280,6,1010.5,1001,13,1010.4,2495,17,1011.0,669,3,1011.1,130,2,1011.2,1134,11,1011.3,802,17,1011.4,2375,16
317,2025-11-26 13:51:50+05:30,1011.1,49,1001.27,7431868,418526.0,448245.0,986.2,1012.8,981.3,986.2,120499500,1084.8,887.6,1102.5,649.1,1010.9,235,2,1010.7,38,1,1010.6,280,6,1010.5,1001,13,1010.4,2495,17,1011.0,669,3,1011.1,130,2,1011.2,1134,11,1011.3,802,17,1011.4,2375,16
317,2025-11-26 13:51:52+05:30,1011.1,50,1001.27,7431868,418526.0,448245.0,986.2,1012.8,981.3,986.2,120499500,1084.8,887.6,1102.5,649.1,1010.9,235,2,1010.7,38,1,1010.6,280,6,1010.5,1001,13,1010.4,2495,17,1011.0,669,3,1011.1,130,2,1011.2,1134,11,1011.3,802,17,1011.4,2375,16
317,2025-11-26 13:51:52+05:30,1011.0,5,1001.27,7435767,415610.0,447100.0,986.2,1012.8,981.3,986.2,120499500,1084.8,887.6,1102.5,649.1,1011.0,500,1,1010.9,48,3,1010.6,562,7,1010.5,1242,12,1010.4,1443,11,1011.1,326,3,1011.2,464,7,1011.3,670,14,1011.4,2001,13,1011.5,5476,17
317,2025-11-26 13:51:54+05:30,1011.0,128,1001.27,7435767,415610.0,447100.0,986.2,1012.8,981.3,986.2,120499500,1084.8,887.6,1102.5,649.1,1011.0,500,1,1010.9,48,3,1010.6,562,7,1010.5,1242,12,1010.4,1443,11,1011.1,326,3,1011.2,464,7,1011.3,670,14,1011.4,2001,13,1011.5,5476,17
317,2025-11-26 13:51:56+05:30,1011.0,56,1001.27,7435767,415610.0,447100.0,986.2,1012.8,981.3,986.2,120499500,1084.8,887.6,1102.5,649.1,1011.0,500,1,1010.9,48,3,1010.6,562,7,1010.5,1242,12,1010.4,1443,11,1011.1,326,3,1011.2,464,7,1011.3,670,14,1011.4,2001,13,1011.5,5476,17
317,2025-11-26 13:51:56+05:30,1011.0,56,1001.28,7439034,415832.0,448346.0,986.2,1012.8,981.3,986.2,120499500,1084.8,887.6,1102.5,649.1,1011.0,474,3,1010.9,18,2,1010.6,1202,6,1010.5,947,8,1010.4,1545,18,1011.1,512,6,1011.2,464,7,1011.3,1153,12,1011.4,1527,12,1011.5,5470,16
317,2025-11-26 13:51:58+05:30,1011.0,128,1001.28,7439034,415832.0,448346.0,986.2,1012.8,981.3,986.2,120499500,1084.8,887.6,1102.5,649.1,1011.0,474,3,1010.9,18,2,1010.6,1202,6,1010.5,947,8,1010.4,1545,18,1011.1,512,6,1011.2,464,7,1011.3,1153,12,1011.4,1527,12,1011.5,5470,16
317,2025-11-26 13:52:00+05:30,1011.1,143,1001.28,7444935,415577.0,447292.0,986.2,1012.8,981.3,986.2,120499500,1084.8,887.6,1102.5,649.1,1011.0,108,1,1010.9,18,2,1010.8,9,1,1010.6,1193,7,1010.5,1004,7,1011.1,225,5,1011.2,452,6,1011.3,641,11,1011.4,2009,13,1011.5,5768,17
317,2025-11-26 13:52:00+05:30,1011.1,143,1001.28,7444935,415577.0,447292.0,986.2,1012.8,981.3,986.2,120499500,1084.8,887.6,1102.5,649.1,1011.0,108,1,1010.9,18,2,1010.8,9,1,1010.6,1193,7,1010.5,1004,7,1011.1,225,5,1011.2,452,6,1011.3,641,11,1011.4,2009,13,1011.5,5768,17
317,2025-11-26 13:52:02+05:30,1010.7,98,1001.28,7444935,415577.0,447292.0,986.2,1012.8,981.3,986.2,120499500,1084.8,887.6,1102.5,649.1,1011.0,108,1,1010.9,18,2,1010.8,9,1,1010.6,1193,7,1010.5,1004,7,1011.1,225,5,1011.2,452,6,1011.3,641,11,1011.4,2009,13,1011.5,5768,17
317,2025-11-26 13:52:04+05:30,1011.2,3,1001.29,7447777,417553.0,444823.0,986.2,1012.8,981.3,986.2,120499500,1084.8,887.6,1102.5,649.1,1011.0,479,2,1010.9,2,2,1010.8,884,2,1010.7,252,3,1010.6,508,10,1011.3,276,8,1011.4,1137,8,1011.5,5701,16,1011.6,1459,16,1011.7,1742,15
317,2025-11-26 13:52:04+05:30,1011.2,3,1001.29,7447777,417553.0,444823.0,986.2,1012.8,981.3,986.2,120499500,1084.8,887.6,1102.5,649.1,1011.0,479,2,1010.9,2,2,1010.8,884,2,1010.7,252,3,1010.6,508,10,1011.3,276,8,1011.4,1137,8,1011.5,5701,16,1011.6,1459,16,1011.7,1742,15
317,2025-11-26 13:52:06+05:30,1011.3,1,1001.29,7447777,417553.0,444823.0,986.2,1012.8,981.3,986.2,120499500,1084.8,887.6,1102.5,649.1,1011.0,479,2,1010.9,2,2,1010.8,884,2,1010.7,252,3,1010.6,508,10,1011.3,276,8,1011.4,1137,8,1011.5,5701,16,1011.6,1459,16,1011.7,1742,15
317,2025-11-26 13:52:08+05:30,1011.3,1,1001.29,7448419,416928.0,445947.0,986.2,1012.8,981.3,986.2,120499500,1084.8,887.6,1102.5,649.1,1011.1,5,1,1011.0,99,3,1010.9,14,3,1010.8,779,2,1010.7,252,3,1011.3,833,11,1011.4,1725,12,1011.5,5469,17,1011.6,1439,12,1011.7,1688,20
317,2025-11-26 13:52:08+05:30,1011.3,1,1001.29,7448419,416928.0,445947.0,986.2,1012.8,981.3,986.2,120499500,1084.8,887.6,1102.5,649.1,1011.1,5,1,1011.0,99,3,1010.9,14,3,1010.8,779,2,1010.7,252,3,1011.3,833,11,1011.4,1725,12,1011.5,5469,17,1011.6,1439,12,1011.7,1688,20
317,2025-11-26 13:52:10+05:30,1011.0,25,1001.29,7448419,416928.0,445947.0,986.2,1012.8,981.3,986.2,120499500,1084.8,887.6,1102.5,649.1,1011.1,5,1,1011.0,99,3,1010.9,14,3,1010.8,779,2,1010.7,252,3,1011.3,833,11,1011.4,1725,12,1011.5,5469,17,1011.6,1439,12,1011.7,1688,20
317,2025-11-26 13:52:12+05:30,1011.2,2,1001.29,7448613,418502.0,445787.0,986.2,1012.8,981.3,986.2,120499500,1084.8,887.6,1102.5,649.1,1011.0,981,2,1010.9,1007,8,1010.8,437,7,1010.7,488,8,1010.6,1030,9,1011.2,177,2,1011.3,480,7,1011.4,921,7,1011.5,5611,16,1011.6,1439,12
317,2025-11-26 13:52:12+05:30,1011.2,2,1001.29,7448613,418502.0,445787.0,986.2,1012.8,981.3,986.2,120499500,1084.8,887.6,1102.5,649.1,1011.0,981,2,1010.9,1007,8,1010.8,437,7,1010.7,488,8,1010.6,1030,9,1011.2,177,2,1011.3,480,7,1011.4,921,7,1011.5,5611,16,1011.6,1439,12
317,2025-11-26 13:52:14+05:30,1011.1,7,1001.29,7448613,418502.0,445787.0,986.2,1012.8,981.3,986.2,120499500,1084.8,887.6,1102.5,649.1,1011.0,981,2,1010.9,1007,8,1010.8,437,7,1010.7,488,8,1010.6,1030,9,1011.2,177,2,1011.3,480,7,1011.4,921,7,1011.5,5611,16,1011.6,1439,12
317,2025-11-26 13:52:16+05:30,1011.3,2,1001.29,7450705,421598.0,444077.0,986.2,1012.8,981.3,986.2,120499500,1084.8,887.6,1102.5,649.1,1011.2,111,1,1011.1,129,4,1011.0,2182,11,1010.9,471,9,1010.8,878,18,1011.3,363,6,1011.4,622,3,1011.5,4921,9,1011.6,573,5,1011.7,1476,10
317,2025-11-26 13:52:16+05:30,1011.3,2,1001.29,7450705,421598.0,444077.0,986.2,1012.8,981.3,986.2,120499500,1084.8,887.6,1102.5,649.1,1011.2,111,1,1011.1,129,4,1011.0,2182,11,1010.9,471,9,1010.8,878,18,1011.3,363,6,1011.4,622,3,1011.5,4921,9,1011.6,573,5,1011.7,1476,10
317,2025-11-26 13:52:18+05:30,1011.2,10,1001.29,7450705,421598.0,444077.0,986.2,1012.8,981.3,986.2,120499500,1084.8,887.6,1102.5,649.1,1011.2,111,1,1011.1,129,4,1011.0,2182,11,1010.9,471,9,1010.8,878,18,1011.3,363,6,1011.4,622,3,1011.5,4921,9,1011.6,573,5,1011.7,1476,10
317,2025-11-26 13:52:19+05:30,1011.2,8,1001.29,7451184,422246.0,444542.0,986.2,1012.8,981.3,986.2,120499500,1084.8,887.6,1102.5,649.1,1011.1,79,5,1011.0,2147,10,1010.9,501,10,1010.8,1012,20,1010.7,758,10,1011.2,78,2,1011.3,513,6,1011.4,655,4,1011.5,5018,9,1011.6,709,8
317,2025-11-26 13:52:20+05:30,1011.2,1,1001.29,7451184,422246.0,444542.0,986.2,1012.8,981.3,986.2,120499500,1084.8,887.6,1102.5,649.1,1011.1,79,5,1011.0,2147,10,1010.9,501,10,1010.8,1012,20,1010.7,758,10,1011.2,78,2,1011.3,513,6,1011.4,655,4,1011.5,5018,9,1011.6,709,8
317,2025-11-26 13:52:21+05:30,1011.1,1,1001.29,7451187,421373.0,444618.0,986.2,1012.8,981.3,986.2,120499500,1084.8,887.6,1102.5,649.1,1011.1,78,5,1011.0,2065,9,1010.9,441,8,1010.8,1040,20,1010.7,784,12,1011.2,154,3,1011.3,513,6,1011.4,655,4,1011.5,5018,9,1011.6,709,8
317,2025-11-26 13:52:21+05:30,1011.1,1,1001.29,7451187,421373.0,444618.0,986.2,1012.8,981.3,986.2,120499500,1084.8,887.6,1102.5,649.1,1011.1,78,5,1011.0,2065,9,1010.9,441,8,1010.8,1040,20,1010.7,784,12,1011.2,154,3,1011.3,513,6,1011.4,655,4,1011.5,5018,9,1011.6,709,8
317,2025-11-26 13:52:22+05:30,1011.1,14,1001.29,7452446,420403.0,442865.0,986.2,1012.8,981.3,986.2,120499500,1084.8,887.6,1102.5,649.1,1011.1,83,3,1011.0,2183,11,1010.9,440,8,1010.8,1506,19,1010.7,784,12,1011.3,464,6,1011.4,655,4,1011.5,5075,10,1011.6,304,3,1011.7,1697,11
317,2025-11-26 13:52:22+05:30,1011.1,42,1001.29,7452446,420403.0,442865.0,986.2,1012.8,981.3,986.2,120499500,1084.8,887.6,1102.5,649.1,1011.1,83,3,1011.0,2183,11,1010.9,440,8,1010.8,1506,19,1010.7,784,12,1011.3,464,6,1011.4,655,4,1011.5,5075,10,1011.6,304,3,1011.7,1697,11
317,2025-11-26 13:52:23+05:30,1011.1,13,1001.29,7452446,420403.0,442865.0,986.2,1012.8,981.3,986.2,120499500,1084.8,887.6,1102.5,649.1,1011.1,83,3,1011.0,2183,11,1010.9,440,8,1010.8,1506,19,1010.7,784,12,1011.3,464,6,1011.4,655,4,1011.5,5075,10,1011.6,304,3,1011.7,1697,11
317,2025-11-26 13:52:23+05:30,1011.1,13,1001.29,7453258,421950.0,444826.0,986.2,1012.8,981.3,986.2,120499500,1084.8,887.6,1102.5,649.1,1011.0,1213,8,1010.9,175,5,1010.8,847,16,1010.7,743,11,1010.6,843,12,1011.1,115,1,1011.2,28,1,1011.3,473,7,1011.4,1408,6,1011.5,5668,15
317,2025-11-26 13:52:24+05:30,1011.1,18,1001.29,7453258,421950.0,444826.0,986.2,1012.8,981.3,986.2,120499500,1084.8,887.6,1102.5,649.1,1011.0,1213,8,1010.9,175,5,1010.8,847,16,1010.7,743,11,1010.6,843,12,1011.1,115,1,1011.2,28,1,1011.3,473,7,1011.4,1408,6,1011.5,5668,15
317,2025-11-26 13:52:24+05:30,1011.1,18,1001.29,7453373,420630.0,444225.0,986.2,1012.8,981.3,986.2,120499500,1084.8,887.6,1102.5,649.1,1011.1,5,1,1011.0,1186,7,1010.9,342,8,1010.8,755,11,1010.7,807,15,1011.2,28,1,1011.3,473,7,1011.4,727,4,1011.5,5289,13,1011.6,649,6
317,2025-11-26 13:52:25+05:30,1011.2,127,1001.29,7453373,420630.0,444225.0,986.2,1012.8,981.3,986.2,120499500,1084.8,887.6,1102.5,649.1,1011.1,5,1,1011.0,1186,7,1010.9,342,8,1010.8,755,11,1010.7,807,15,1011.2,28,1,1011.3,473,7,1011.4,727,4,1011.5,5289,13,1011.6,649,6
317,2025-11-26 13:52:25+05:30,1011.3,1,1001.3,7454132,419047.0,444290.0,986.2,1012.8,981.3,986.2,120499500,1084.8,887.6,1102.5,649.1,1011.2,305,2,1011.0,363,6,1010.9,269,6,1010.8,736,10,1010.7,1485,19,1011.3,458,7,1011.4,730,5,1011.5,5637,15,1011.6,712,10,1011.7,1619,12
317,2025-11-26 13:52:26+05:30,1011.3,2,1001.3,7454132,419047.0,444290.0,986.2,1012.8,981.3,986.2,120499500,1084.8,887.6,1102.5,649.1,1011.2,305,2,1011.0,363,6,1010.9,269,6,1010.8,736,10,1010.7,1485,19,1011.3,458,7,1011.4,730,5,1011.5,5637,15,1011.6,712,10,1011.7,1619,12
317,2025-11-26 13:52:26+05:30,1011.3,2,1001.3,7454704,418801.0,445817.0,986.2,1012.8,981.3,986.2,120499500,1084.8,887.6,1102.5,649.1,1011.0,110,6,1010.9,14,3,1010.8,1098,7,1010.7,923,18,1010.6,1554,12,1011.3,585,8,1011.4,1077,9,1011.5,5818,17,1011.6,1469,11,1011.7,1707,14
317,2025-11-26 13:52:27+05:30,1011.0,128,1001.3,7454704,418801.0,445817.0,986.2,1012.8,981.3,986.2,120499500,1084.8,887.6,1102.5,649.1,1011.0,110,6,1010.9,14,3,1010.8,1098,7,1010.7,923,18,1010.6,1554,12,1011.3,585,8,1011.4,1077,9,1011.5,5818,17,1011.6,1469,11,1011.7,1707,14
317,2025-11-26 13:52:27+05:30,1011.0,128,1001.3,7454961,419238.0,444927.0,986.2,1012.8,981.3,986.2,120499500,1084.8,887.6,1102.5,649.1,1011.0,942,6,1010.9,107,5,1010.8,1147,8,1010.7,691,16,1010.6,1474,11,1011.3,584,8,1011.4,865,5,1011.5,5758,16,1011.6,1469,11,1011.7,1706,14
317,2025-11-26 13:52:28+05:30,1011.0,127,1001.3,7454961,419238.0,444927.0,986.2,1012.8,981.3,986.2,120499500,1084.8,887.6,1102.5,649.1,1011.0,942,6,1010.9,107,5,1010.8,1147,8,1010.7,691,16,1010.6,1474,11,1011.3,584,8,1011.4,865,5,1011.5,5758,16,1011.6,1469,11,1011.7,1706,14
317,2025-11-26 13:52:28+05:30,1011.0,127,1001.3,7455088,419130.0,445205.0,986.2,1012.8,981.3,986.2,120499500,1084.8,887.6,1102.5,649.1,1011.0,815,6,1010.9,107,5,1010.8,1171,9,1010.7,664,15,1010.6,1496,12,1011.3,584,8,1011.4,865,5,1011.5,5758,16,1011.6,1469,11,1011.7,1706,14
317,2025-11-26 13:52:29+05:30,1011.0,127,1001.3,7455088,420610.0,446562.0,986.2,1012.8,981.3,986.2,120499500,1084.8,887.6,1102.5,649.1,1011.0,815,6,1010.9,24,4,1010.8,479,9,1010.7,1309,16,1010.6,1607,12,1011.1,81,1,1011.3,842,10,1011.4,1093,8,1011.5,5817,17,1011.6,1469,11
317,2025-11-26 13:52:30+05:30,1011.0,8,1001.3,7455088,420610.0,446562.0,986.2,1012.8,981.3,986.2,120499500,1084.8,887.6,1102.5,649.1,1011.0,815,6,1010.9,24,4,1010.8,479,9,1010.7,1309,16,1010.6,1607,12,1011.1,81,1,1011.3,842,10,1011.4,1093,8,1011.5,5817,17,1011.6,1469,11
317,2025-11-26 13:52:30+05:30,1011.0,8,1001.3,7455408,419959.0,446249.0,986.2,1012.8,981.3,986.2,120499500,1084.8,887.6,1102.5,649.1,1011.0,551,6,1010.9,24,4,1010.8,334,6,1010.7,1261,16,1010.6,1526,12,1011.1,26,2,1011.3,842,10,1011.4,1093,8,1011.5,5817,17,1011.6,1469,11
317,2025-11-26 13:52:31+05:30,1011.0,128,1001.3,7455408,419959.0,446249.0,986.2,1012.8,981.3,986.2,120499500,1084.8,887.6,1102.5,649.1,1011.0,551,6,1010.9,24,4,1010.8,334,6,1010.7,1261,16,1010.6,1526,12,1011.1,26,2,1011.3,842,10,1011.4,1093,8,1011.5,5817,17,1011.6,1469,11
317,2025-11-26 13:52:31+05:30,1011.0,128,1001.3,7455664,420587.0,446265.0,986.2,1012.8,981.3,986.2,120499500,1084.8,887.6,1102.5,649.1,1011.0,296,6,1010.9,24,4,1010.8,961,7,1010.7,545,9,1010.6,1605,17,1011.1,25,2,1011.2,35,1,1011.3,842,10,1011.4,1093,8,1011.5,5774,16
317,2025-11-26 13:52:32+05:30,1011.0,128,1001.3,7455664,420587.0,446265.0,986.2,1012.8,981.3,986.2,120499500,1084.8,887.6,1102.5,649.1,1011.0,296,6,1010.9,24,4,1010.8,961,7,1010.7,545,9,1010.6,1605,17,1011.1,25,2,1011.2,35,1,1011.3,842,10,1011.4,1093,8,1011.5,5774,16
317,2025-11-26 13:52:32+05:30,1011.0,128,1001.3,7456175,421665.0,446682.0,986.2,1012.8,981.3,986.2,120499500,1084.8,887.6,1102.5,649.1,1011.0,1614,7,1010.9,24,4,1010.8,220,5,1010.7,989,9,1010.6,1526,12,1011.1,25,2,1011.2,89,2,1011.3,974,10,1011.4,1093,8,1011.5,5774,16
317,2025-11-26 13:52:33+05:30,1011.1,7,1001.3,7456175,421665.0,446682.0,986.2,1012.8,981.3,986.2,120499500,1084.8,887.6,1102.5,649.1,1011.0,1614,7,1010.9,24,4,1010.8,220,5,1010.7,989,9,1010.6,1526,12,1011.1,25,2,1011.2,89,2,1011.3,974,10,1011.4,1093,8,1011.5,5774,16
317,2025-11-26 13:52:33+05:30,1011.1,7,1001.3,7456405,421480.0,446618.0,986.2,1012.8,981.3,986.2,120499500,1084.8,887.6,1102.5,649.1,1011.0,1416,7,1010.9,24,4,1010.8,278,6,1010.7,1013,10,1010.6,1541,12,1011.1,74,1,1011.2,35,1,1011.3,974,10,1011.4,1093,8,1011.5,5774,16
317,2025-11-26 13:52:34+05:30,1011.0,232,1001.3,7456405,421480.0,446618.0,986.2,1012.8,981.3,986.2,120499500,1084.8,887.6,1102.5,649.1,1011.0,1416,7,1010.9,24,4,1010.8,278,6,1010.7,1013,10,1010.6,1541,12,1011.1,74,1,1011.2,35,1,1011.3,974,10,1011.4,1093,8,1011.5,5774,16
317,2025-11-26 13:52:34+05:30,1011.0,232,1001.3,7457247,420172.0,446525.0,986.2,1012.8,981.3,986.2,120499500,1084.8,887.6,1102.5,649.1,1011.0,1597,7,1010.9,24,4,1010.8,278,6,1010.7,1013,10,1010.6,1541,12,1011.2,35,1,1011.3,974,10,1011.4,1093,8,1011.5,5774,16,1011.6,1469,11
317,2025-11-26 13:52:35+05:30,1011.1,112,1001.3,7457247,420172.0,446525.0,986.2,1012.8,981.3,986.2,120499500,1084.8,887.6,1102.5,649.1,1011.0,1597,7,1010.9,24,4,1010.8,278,6,1010.7,1013,10,1010.6,1541,12,1011.2,35,1,1011.3,974,10,1011.4,1093,8,1011.5,5774,16,1011.6,1469,11
317,2025-11-26 13:52:35+05:30,1011.0,15,1001.3,7457377,420499.0,446232.0,986.2,1012.8,981.3,986.2,120499500,1084.8,887.6,1102.5,649.1,1011.0,1619,8,1010.9,167,6,1010.8,426,9,1010.7,450,8,1010.6,2062,13,1011.2,32,1,1011.3,884,8,1011.4,1501,8,1011.5,5774,16,1011.6,1460,10
317,2025-11-26 13:52:36+05:30,1011.0,626,1001.3,7457377,420499.0,446232.0,986.2,1012.8,981.3,986.2,120499500,1084.8,887.6,1102.5,649.1,1011.0,1619,8,1010.9,167,6,1010.8,426,9,1010.7,450,8,1010.6,2062,13,1011.2,32,1,1011.3,884,8,1011.4,1501,8,1011.5,5774,16,1011.6,1460,10
317,2025-11-26 13:52:36+05:30,1011.0,128,1001.3,7458694,418468.0,447098.0,986.2,1012.8,981.3,986.2,120499500,1084.8,887.6,1102.5,649.1,1011.0,329,6,1010.9,19,3,1010.8,781,3,1010.7,1093,6,1010.6,773,11,1011.1,19,1,1011.2,29,1,1011.3,645,6,1011.4,1346,12,1011.5,5784,17
317,2025-11-26 13:52:37+05:30,1011.0,9,1001.3,7458694,418468.0,447098.0,986.2,1012.8,981.3,986.2,120499500,1084.8,887.6,1102.5,649.1,1011.0,329,6,1010.9,19,3,1010.8,781,3,1010.7,1093,6,1010.6,773,11,1011.1,19,1,1011.2,29,1,1011.3,645,6,1011.4,1346,12,1011.5,5784,17
317,2025-11-26 13:52:37+05:30,1011.0,9,1001.3,7459114,419523.0,446825.0,986.2,1012.8,981.3,986.2,120499500,1084.8,887.6,1102.5,649.1,1011.0,1019,4,1010.9,19,3,1010.8,1056,6,1010.7,555,7,1010.6,1263,12,1011.1,112,2,1011.2,29,1,1011.3,779,7,1011.4,1686,11,1011.5,5476,15
317,2025-11-26 13:52:38+05:30,1011.0,109,1001.3,7459114,419523.0,446825.0,986.2,1012.8,981.3,986.2,120499500,1084.8,887.6,1102.5,649.1,1011.0,1019,4,1010.9,19,3,1010.8,1056,6,1010.7,555,7,1010.6,1263,12,1011.1,112,2,1011.2,29,1,1011.3,779,7,1011.4,1686,11,1011.5,5476,15
317,2025-11-26 13:52:38+05:30,1011.0,109,1001.3,7459243,419437.0,446816.0,986.2,1012.8,981.3,986.2,120499500,1084.8,887.6,1102.5,649.1,1011.0,927,5,1010.9,19,3,1010.8,1056,6,1010.7,555,7,1010.6,1268,12,1011.1,111,2,1011.2,29,1,1011.3,779,7,1011.4,1697,11,1011.5,5774,16
317,2025-11-26 13:52:39+05:30,1011.0,128,1001.3,7459243,419437.0,446816.0,986.2,1012.8,981.3,986.2,120499500,1084.8,887.6,1102.5,649.1,1011.0,927,5,1010.9,19,3,1010.8,1056,6,1010.7,555,7,1010.6,1268,12,1011.1,111,2,1011.2,29,1,1011.3,779,7,1011.4,1697,11,1011.5,5774,16
317,2025-11-26 13:52:39+05:30,1011.0,127,1001.3,7460542,419884.0,446378.0,986.2,1012.8,981.3,986.2,120499500,1084.8,887.6,1102.5,649.1,1011.0,733,3,1010.9,19,3,1010.8,781,3,1010.7,506,5,1010.6,797,12,1011.1,175,4,1011.2,133,3,1011.3,916,9,1011.4,1165,11,1011.5,5774,16
317,2025-11-26 13:52:40+05:30,1011.0,128,1001.3,7460542,419884.0,446378.0,986.2,1012.8,981.3,986.2,120499500,1084.8,887.6,1102.5,649.1,1011.0,733,3,1010.9,19,3,1010.8,781,3,1010.7,506,5,1010.6,797,12,1011.1,175,4,1011.2,133,3,1011.3,916,9,1011.4,1165,11,1011.5,5774,16
317,2025-11-26 13:52:40+05:30,1011.0,128,1001.31,7461340,418682.0,446615.0,986.2,1012.8,981.3,986.2,120499500,1084.8,887.6,1102.5,649.1,1011.0,376,4,1010.9,24,4,1010.8,942,5,1010.7,556,7,1010.6,773,11,1011.2,60,2,1011.3,1296,10,1011.4,1272,11,1011.5,5774,16,1011.6,1525,11
317,2025-11-26 13:52:41+05:30,1011.2,2,1001.31,7461340,418682.0,446615.0,986.2,1012.8,981.3,986.2,120499500,1084.8,887.6,1102.5,649.1,1011.0,376,4,1010.9,24,4,1010.8,942,5,1010.7,556,7,1010.6,773,11,1011.2,60,2,1011.3,1296,10,1011.4,1272,11,1011.5,5774,16,1011.6,1525,11
317,2025-11-26 13:52:41+05:30,1011.0,9,1001.31,7462117,419042.0,446045.0,986.2,1012.8,981.3,986.2,120499500,1084.8,887.6,1102.5,649.1,1011.0,606,3,1010.9,24,4,1010.8,942,5,1010.7,378,3,1010.6,695,10,1011.2,133,4,1011.3,798,9,1011.4,1294,12,1011.5,5774,16,1011.6,1525,11
317,2025-11-26 13:52:42+05:30,1011.2,49,1001.31,7462499,418795.0,446600.0,986.2,1012.8,981.3,986.2,120499500,1084.8,887.6,1102.5,649.1,1011.0,351,3,1010.9,54,5,1010.8,942,5,1010.7,442,4,1010.6,695,10,1011.2,66,2,1011.3,715,8,1011.4,1272,11,1011.5,6274,17,1011.6,1525,11
317,2025-11-26 13:52:42+05:30,1011.2,49,1001.31,7462499,418795.0,446600.0,986.2,1012.8,981.3,986.2,120499500,1084.8,887.6,1102.5,649.1,1011.0,351,3,1010.9,54,5,1010.8,942,5,1010.7,442,4,1010.6,695,10,1011.2,66,2,1011.3,715,8,1011.4,1272,11,1011.5,6274,17,1011.6,1525,11
317,2025-11-26 13:52:43+05:30,1011.2,22,1001.31,7462929,419380.0,447121.0,986.2,1012.8,981.3,986.2,120499500,1084.8,887.6,1102.5,649.1,1011.0,957,3,1010.9,799,5,1010.8,90,3,1010.7,240,2,1010.6,561,10,1011.2,394,4,1011.3,799,9,1011.4,1272,11,1011.5,6274,17,1011.6,1534,12
317,2025-11-26 13:52:43+05:30,1011.2,22,1001.31,7462929,419380.0,447121.0,986.2,1012.8,981.3,986.2,120499500,1084.8,887.6,1102.5,649.1,1011.0,957,3,1010.9,799,5,1010.8,90,3,1010.7,240,2,1010.6,561,10,1011.2,394,4,1011.3,799,9,1011.4,1272,11,1011.5,6274,17,1011.6,1534,12
317,2025-11-26 13:52:44+05:30,1011.2,189,1001.31,7463741,419143.0,447027.0,986.2,1012.8,981.3,986.2,120499500,1084.8,887.6,1102.5,649.1,1011.0,369,3,1010.9,821,6,1010.8,95,4,1010.7,240,2,1010.6,550,11,1011.2,236,4,1011.3,799,9,1011.4,1272,11,1011.5,6274,17,1011.6,1534,12
317,2025-11-26 13:52:44+05:30,1011.2,189,1001.31,7463741,419143.0,447027.0,986.2,1012.8,981.3,986.2,120499500,1084.8,887.6,1102.5,649.1,1011.0,369,3,1010.9,821,6,1010.8,95,4,1010.7,240,2,1010.6,550,11,1011.2,236,4,1011.3,799,9,1011.4,1272,11,1011.5,6274,17,1011.6,1534,12
317,2025-11-26 13:52:45+05:30,1011.2,2,1001.31,7463755,419032.0,447205.0,986.2,1012.8,981.3,986.2,120499500,1084.8,887.6,1102.5,649.1,1011.0,358,3,1010.9,821,6,1010.8,98,5,1010.7,240,2,1010.6,550,11,1011.2,384,5,1011.3,799,9,1011.4,1302,12,1011.5,6274,17,1011.6,1534,12
317,2025-11-26 13:52:45+05:30,1011.2,2,1001.31,7463755,419032.0,447205.0,986.2,1012.8,981.3,986.2,120499500,1084.8,887.6,1102.5,649.1,1011.0,358,3,1010.9,821,6,1010.8,98,5,1010.7,240,2,1010.6,550,11,1011.2,384,5,1011.3,799,9,1011.4,1302,12,1011.5,6274,17,1011.6,1534,12
317,2025-11-26 13:52:46+05:30,1011.2,1,1001.31,7464195,418783.0,446838.0,986.2,1012.8,981.3,986.2,120499500,1084.8,887.6,1102.5,649.1,1011.0,52,3,1010.9,821,6,1010.8,74,4,1010.7,240,2,1010.6,550,11,1011.2,493,6,1011.3,799,9,1011.4,1302,12,1011.5,5985,17,1011.6,1525,11
317,2025-11-26 13:52:46+05:30,1011.2,1,1001.31,7464195,418783.0,446838.0,986.2,1012.8,981.3,986.2,120499500,1084.8,887.6,1102.5,649.1,1011.0,52,3,1010.9,821,6,1010.8,74,4,1010.7,240,2,1010.6,550,11,1011.2,493,6,1011.3,799,9,1011.4,1302,12,1011.5,5985,17,1011.6,1525,11
317,2025-11-26 13:52:47+05:30,1011.0,127,1001.31,7464449,419531.0,446983.0,986.2,1012.8,981.3,986.2,120499500,1084.8,887.6,1102.5,649.1,1011.0,801,2,1010.9,821,6,1010.8,74,4,1010.7,240,2,1010.6,550,11,1011.2,644,7,1011.3,781,9,1011.4,1300,12,1011.5,6304,19,1011.6,1499,9
317,2025-11-26 13:52:47+05:30,1011.0,127,1001.31,7464449,419531.0,446983.0,986.2,1012.8,981.3,986.2,120499500,1084.8,887.6,1102.5,649.1,1011.0,801,2,1010.9,821,6,1010.8,74,4,1010.7,240,2,1010.6,550,11,1011.2,644,7,1011.3,781,9,1011.4,1300,12,1011.5,6304,19,1011.6,1499,9
317,2025-11-26 13:52:48+05:30,1011.0,72,1001.31,7465343,418371.0,447310.0,986.2,1012.8,981.3,986.2,120499500,1084.8,887.6,1102.5,649.1,1011.0,19,1,1010.9,791,5,1010.8,74,4,1010.7,240,2,1010.6,421,9,1011.2,939,11,1011.3,772,9,1011.4,1598,13,1011.5,6006,18,1011.6,1378,9
317,2025-11-26 13:52:48+05:30,1011.0,72,1001.31,7465343,418371.0,447310.0,986.2,1012.8,981.3,986.2,120499500,1084.8,887.6,1102.5,649.1,1011.0,19,1,1010.9,791,5,1010.8,74,4,1010.7,240,2,1010.6,421,9,1011.2,939,11,1011.3,772,9,1011.4,1598,13,1011.5,6006,18,1011.6,1378,9
317,2025-11-26 13:52:49+05:30,1010.7,3,1001.31,7467226,417753.0,447879.0,986.2,1012.8,981.3,986.2,120499500,1084.8,887.6,1102.5,649.1,1010.7,214,5,1010.6,329,6,1010.5,1645,18,1010.4,2390,14,1010.3,3085,12,1011.1,144,2,1011.2,894,8,1011.3,925,10,1011.4,1735,17,1011.5,6044,20
317,2025-11-26 13:52:49+05:30,1010.7,20,1001.31,7467226,417753.0,447879.0,986.2,1012.8,981.3,986.2,120499500,1084.8,887.6,1102.5,649.1,1010.7,214,5,1010.6,329,6,1010.5,1645,18,1010.4,2390,14,1010.3,3085,12,1011.1,144,2,1011.2,894,8,1011.3,925,10,1011.4,1735,17,1011.5,6044,20
317,2025-11-26 13:52:50+05:30,1011.0,1,1001.31,7467619,421465.0,448256.0,986.2,1012.8,981.3,986.2,120499500,1084.8,887.6,1102.5,649.1,1010.9,527,2,1010.8,237,5,1010.7,674,11,1010.6,880,10,1010.5,2523,20,1011.0,89,1,1011.1,139,1,1011.2,66,2,1011.3,977,6,1011.4,1313,12
317,2025-11-26 13:52:50+05:30,1011.0,1,1001.31,7467619,421465.0,448256.0,986.2,1012.8,981.3,986.2,120499500,1084.8,887.6,1102.5,649.1,1010.9,527,2,1010.8,237,5,1010.7,674,11,1010.6,880,10,1010.5,2523,20,1011.0,89,1,1011.1,139,1,1011.2,66,2,1011.3,977,6,1011.4,1313,12
317,2025-11-26 13:52:51+05:30,1011.0,1,1001.31,7467619,421465.0,448256.0,986.2,1012.8,981.3,986.2,120499500,1084.8,887.6,1102.5,649.1,1010.9,527,2,1010.8,237,5,1010.7,674,11,1010.6,880,10,1010.5,2523,20,1011.0,89,1,1011.1,139,1,1011.2,66,2,1011.3,977,6,1011.4,1313,12
317,2025-11-26 13:52:51+05:30,1011.0,1,1001.31,7468106,419749.0,448720.0,986.2,1012.8,981.3,986.2,120499500,1084.8,887.6,1102.5,649.1,1010.8,5,1,1010.7,669,3,1010.6,638,9,1010.5,1043,14,1010.4,3282,20,1011.0,88,1,1011.1,139,1,1011.2,133,3,1011.3,645,8,1011.4,1616,13
317,2025-11-26 13:52:52+05:30,1010.9,127,1001.31,7468233,422257.0,448035.0,986.2,1012.8,981.3,986.2,120499500,1084.8,887.6,1102.5,649.1,1010.9,647,2,1010.8,365,10,1010.7,1033,8,1010.6,646,7,1010.5,1270,15,1011.0,89,2,1011.1,139,1,1011.2,63,1,1011.3,506,7,1011.4,1220,10
317,2025-11-26 13:52:53+05:30,1011.0,23,1001.31,7468233,422257.0,448035.0,986.2,1012.8,981.3,986.2,120499500,1084.8,887.6,1102.5,649.1,1010.9,647,2,1010.8,365,10,1010.7,1033,8,1010.6,646,7,1010.5,1270,15,1011.0,89,2,1011.1,139,1,1011.2,63,1,1011.3,506,7,1011.4,1220,10
317,2025-11-26 13:52:53+05:30,1011.0,23,1001.31,7468336,422007.0,448234.0,986.2,1012.8,981.3,986.2,120499500,1084.8,887.6,1102.5,649.1,1010.9,589,3,1010.8,385,10,1010.7,1014,8,1010.6,646,7,1010.5,1033,13,1011.0,57,2,1011.1,139,1,1011.2,128,2,1011.3,506,7,1011.4,1306,11
317,2025-11-26 13:52:54+05:30,1010.9,186,1001.31,7468336,422007.0,448234.0,986.2,1012.8,981.3,986.2,120499500,1084.8,887.6,1102.5,649.1,1010.9,589,3,1010.8,385,10,1010.7,1014,8,1010.6,646,7,1010.5,1033,13,1011.0,57,2,1011.1,139,1,1011.2,128,2,1011.3,506,7,1011.4,1306,11
317,2025-11-26 13:52:54+05:30,1011.0,100,1001.31,7468807,420162.0,447880.0,986.2,1012.8,981.3,986.2,120499500,1084.8,887.6,1102.5,649.1,1011.0,843,1,1010.9,275,3,1010.8,161,6,1010.7,1106,8,1010.6,698,9,1011.2,128,2,1011.3,401,7,1011.4,1904,13,1011.5,5985,18,1011.6,1591,17
317,2025-11-26 13:52:55+05:30,1011.2,12,1001.31,7468807,420162.0,447880.0,986.2,1012.8,981.3,986.2,120499500,1084.8,887.6,1102.5,649.1,1011.0,843,1,1010.9,275,3,1010.8,161,6,1010.7,1106,8,1010.6,698,9,1011.2,128,2,1011.3,401,7,1011.4,1904,13,1011.5,5985,18,1011.6,1591,17
317,2025-11-26 13:52:55+05:30,1011.2,12,1001.32,7470079,420079.0,447203.0,986.2,1012.8,981.3,986.2,120499500,1084.8,887.6,1102.5,649.1,1011.0,862,6,1010.9,238,1,1010.8,336,7,1010.7,539,8,1010.6,1216,9,1011.2,336,2,1011.3,243,5,1011.4,1024,9,1011.5,5976,17,1011.6,1513,13
317,2025-11-26 13:52:56+05:30,1011.0,6,1001.32,7470079,420079.0,447203.0,986.2,1012.8,981.3,986.2,120499500,1084.8,887.6,1102.5,649.1,1011.0,862,6,1010.9,238,1,1010.8,336,7,1010.7,539,8,1010.6,1216,9,1011.2,336,2,1011.3,243,5,1011.4,1024,9,1011.5,5976,17,1011.6,1513,13
317,2025-11-26 13:52:56+05:30,1011.0,83,1001.32,7471115,419941.0,447522.0,986.2,1012.8,981.3,986.2,120499500,1084.8,887.6,1102.5,649.1,1011.0,974,3,1010.9,268,2,1010.8,111,6,1010.7,493,7,1010.6,1250,10,1011.2,307,2,1011.3,404,6,1011.4,1602,11,1011.5,5682,17,1011.6,1618,17
317,2025-11-26 13:52:57+05:30,1011.0,128,1001.32,7471115,419941.0,447522.0,986.2,1012.8,981.3,986.2,120499500,1084.8,887.6,1102.5,649.1,1011.0,974,3,1010.9,268,2,1010.8,111,6,1010.7,493,7,1010.6,1250,10,1011.2,307,2,1011.3,404,6,1011.4,1602,11,1011.5,5682,17,1011.6,1618,17
317,2025-11-26 13:52:57+05:30,1011.0,128,1001.32,7471243,419881.0,447822.0,986.2,1012.8,981.3,986.2,120499500,1084.8,887.6,1102.5,649.1,1011.0,864,4,1010.9,268,2,1010.8,111,6,1010.7,493,7,1010.6,1250,10,1011.2,625,4,1011.3,459,7,1011.4,1602,11,1011.5,6024,21,1011.6,1592,15
317,2025-11-26 13:52:58+05:30,1011.0,128,1001.32,7471243,419881.0,447822.0,986.2,1012.8,981.3,986.2,120499500,1084.8,887.6,1102.5,649.1,1011.0,864,4,1010.9,268,2,1010.8,111,6,1010.7,493,7,1010.6,1250,10,1011.2,625,4,1011.3,459,7,1011.4,1602,11,1011.5,6024,21,1011.6,1592,15
317,2025-11-26 13:52:58+05:30,1011.0,128,1001.32,7472349,419063.0,447791.0,986.2,1012.8,981.3,986.2,120499500,1084.8,887.6,1102.5,649.1,1011.0,226,4,1010.9,238,1,1010.8,47,5,1010.7,417,6,1010.6,1224,9,1011.2,899,7,1011.3,620,9,1011.4,1230,11,1011.5,5704,18,1011.6,1588,16
317,2025-11-26 13:52:59+05:30,1011.0,127,1001.32,7472349,419063.0,447791.0,986.2,1012.8,981.3,986.2,120499500,1084.8,887.6,1102.5,649.1,1011.0,226,4,1010.9,238,1,1010.8,47,5,1010.7,417,6,1010.6,1224,9,1011.2,899,7,1011.3,620,9,1011.4,1230,11,1011.5,5704,18,1011.6,1588,16
317,2025-11-26 13:52:59+05:30,1011.0,128,1001.32,7472995,420245.0,448408.0,986.2,1012.8,981.3,986.2,120499500,1084.8,887.6,1102.5,649.1,1011.0,658,4,1010.9,238,1,1010.8,47,5,1010.7,417,6,1010.6,647,7,1011.1,142,1,1011.2,1061,9,1011.3,630,9,1011.4,1528,12,1011.5,5704,18
317,2025-11-26 13:53:00+05:30,1011.0,128,1001.32,7472995,420245.0,448408.0,986.2,1012.8,981.3,986.2,120499500,1084.8,887.6,1102.5,649.1,1011.0,658,4,1010.9,238,1,1010.8,47,5,1010.7,417,6,1010.6,647,7,1011.1,142,1,1011.2,1061,9,1011.3,630,9,1011.4,1528,12,1011.5,5704,18
317,2025-11-26 13:53:00+05:30,1011.0,126,1001.32,7473763,420413.0,448059.0,986.2,1012.8,981.3,986.2,120499500,1084.8,887.6,1102.5,649.1,1011.0,931,3,1010.9,238,1,1010.8,52,6,1010.7,307,5,1010.6,647,7,1011.1,295,3,1011.2,1061,9,1011.3,630,9,1011.4,1528,12,1011.5,5704,18
317,2025-11-26 13:53:00+05:30,1011.0,8,1001.32,7473763,420413.0,448059.0,986.2,1012.8,981.3,986.2,120499500,1084.8,887.6,1102.5,649.1,1011.0,931,3,1010.9,238,1,1010.8,52,6,1010.7,307,5,1010.6,647,7,1011.1,295,3,1011.2,1061,9,1011.3,630,9,1011.4,1528,12,1011.5,5704,18
317,2025-11-26 13:53:00+05:30,1011.0,8,1001.32,7473763,420413.0,448059.0,986.2,1012.8,981.3,986.2,120499500,1084.8,887.6,1102.5,649.1,1011.0,931,3,1010.9,238,1,1010.8,52,6,1010.7,307,5,1010.6,647,7,1011.1,295,3,1011.2,1061,9,1011.3,630,9,1011.4,1528,12,1011.5,5704,18
317,2025-11-26 13:53:01+05:30,1011.1,1,1001.32,7473772,420405.0,448058.0,986.2,1012.8,981.3,986.2,120499500,1084.8,887.6,1102.5,649.1,1011.0,923,3,1010.9,238,1,1010.8,52,6,1010.7,307,5,1010.6,647,7,1011.1,294,3,1011.2,1061,9,1011.3,630,9,1011.4,1528,12,1011.5,5704,18
317,2025-11-26 13:53:01+05:30,1011.1,1,1001.32,7473772,420405.0,448058.0,986.2,1012.8,981.3,986.2,120499500,1084.8,887.6,1102.5,649.1,1011.0,923,3,1010.9,238,1,1010.8,52,6,1010.7,307,5,1010.6,647,7,1011.1,294,3,1011.2,1061,9,1011.3,630,9,1011.4,1528,12,1011.5,5704,18
317,2025-11-26 13:53:01+05:30,1011.0,128,1001.32,7473772,420405.0,448058.0,986.2,1012.8,981.3,986.2,120499500,1084.8,887.6,1102.5,649.1,1011.0,923,3,1010.9,238,1,1010.8,52,6,1010.7,307,5,1010.6,647,7,1011.1,294,3,1011.2,1061,9,1011.3,630,9,1011.4,1528,12,1011.5,5704,18
317,2025-11-26 13:53:01+05:30,1011.0,128,1001.32,7473772,420405.0,448058.0,986.2,1012.8,981.3,986.2,120499500,1084.8,887.6,1102.5,649.1,1011.0,923,3,1010.9,238,1,1010.8,52,6,1010.7,307,5,1010.6,647,7,1011.1,294,3,1011.2,1061,9,1011.3,630,9,1011.4,1528,12,1011.5,5704,18
317,2025-11-26 13:53:02+05:30,1011.0,128,1001.32,7473772,420405.0,448058.0,986.2,1012.8,981.3,986.2,120499500,1084.8,887.6,1102.5,649.1,1011.0,923,3,1010.9,238,1,1010.8,52,6,1010.7,307,5,1010.6,647,7,1011.1,294,3,1011.2,1061,9,1011.3,630,9,1011.4,1528,12,1011.5,5704,18
317,2025-11-26 13:53:02+05:30,1011.0,128,1001.32,7474921,420245.0,448210.0,986.2,1012.8,981.3,986.2,120499500,1084.8,887.6,1102.5,649.1,1011.0,799,3,1010.9,238,1,1010.8,52,6,1010.7,307,5,1010.6,683,8,1011.1,543,4,1011.2,1103,10,1011.3,630,9,1011.4,1554,14,1011.5,5701,17
317,2025-11-26 13:53:02+05:30,1011.0,128,1001.32,7474921,420245.0,448210.0,986.2,1012.8,981.3,986.2,120499500,1084.8,887.6,1102.5,649.1,1011.0,799,3,1010.9,238,1,1010.8,52,6,1010.7,307,5,1010.6,683,8,1011.1,543,4,1011.2,1103,10,1011.3,630,9,1011.4,1554,14,1011.5,5701,17
317,2025-11-26 13:53:02+05:30,1011.0,128,1001.32,7474921,420245.0,448210.0,986.2,1012.8,981.3,986.2,120499500,1084.8,887.6,1102.5,649.1,1011.0,799,3,1010.9,238,1,1010.8,52,6,1010.7,307,5,1010.6,683,8,1011.1,543,4,1011.2,1103,10,1011.3,630,9,1011.4,1554,14,1011.5,5701,17
317,2025-11-26 13:53:03+05:30,1011.0,128,1001.32,7475974,420479.0,448627.0,986.2,1012.8,981.3,986.2,120499500,1084.8,887.6,1102.5,649.1,1011.0,796,2,1010.9,238,1,1010.8,52,6,1010.7,215,4,1010.6,615,9,1011.1,512,4,1011.2,1026,9,1011.3,1140,10,1011.4,1503,11,1011.5,5727,19
317,2025-11-26 13:53:03+05:30,1011.0,128,1001.32,7475974,420479.0,448627.0,986.2,1012.8,981.3,986.2,120499500,1084.8,887.6,1102.5,649.1,1011.0,796,2,1010.9,238,1,1010.8,52,6,1010.7,215,4,1010.6,615,9,1011.1,512,4,1011.2,1026,9,1011.3,1140,10,1011.4,1503,11,1011.5,5727,19
317,2025-11-26 13:53:03+05:30,1011.1,59,1001.32,7475974,420479.0,448627.0,986.2,1012.8,981.3,986.2,120499500,1084.8,887.6,1102.5,649.1,1011.0,796,2,1010.9,238,1,1010.8,52,6,1010.7,215,4,1010.6,615,9,1011.1,512,4,1011.2,1026,9,1011.3,1140,10,1011.4,1503,11,1011.5,5727,19
317,2025-11-26 13:53:03+05:30,1011.1,59,1001.32,7475974,420479.0,448627.0,986.2,1012.8,981.3,986.2,120499500,1084.8,887.6,1102.5,649.1,1011.0,796,2,1010.9,238,1,1010.8,52,6,1010.7,215,4,1010.6,615,9,1011.1,512,4,1011.2,1026,9,1011.3,1140,10,1011.4,1503,11,1011.5,5727,19
317,2025-11-26 13:53:04+05:30,1011.0,128,1001.33,7478438,418815.0,447629.0,986.2,1012.8,981.3,986.2,120499500,1084.8,887.6,1102.5,649.1,1011.1,23,1,1011.0,226,2,1010.9,238,1,1010.8,179,8,1010.7,350,6,1011.2,999,9,1011.3,630,9,1011.4,1503,11,1011.5,5727,19,1011.6,1440,8
317,2025-11-26 13:53:04+05:30,1011.0,128,1001.33,7478438,418815.0,447629.0,986.2,1012.8,981.3,986.2,120490500,1084.8,887.6,1102.5,649.1,1011.1,23,1,1011.0,226,2,1010.9,238,1,1010.8,179,8,1010.7,350,6,1011.2,999,9,1011.3,630,9,1011.4,1503,11,1011.5,5727,19,1011.6,1440,8
317,2025-11-26 13:53:04+05:30,1011.0,128,1001.33,7478438,418815.0,447629.0,986.2,1012.8,981.3,986.2,120490500,1084.8,887.6,1102.5,649.1,1011.1,23,1,1011.0,226,2,1010.9,238,1,1010.8,179,8,1010.7,350,6,1011.2,999,9,1011.3,630,9,1011.4,1503,11,1011.5,5727,19,1011.6,1440,8
317,2025-11-26 13:53:04+05:30,1011.0,128,1001.33,7478438,418815.0,447629.0,986.2,1012.8,981.3,986.2,120490500,1084.8,887.6,1102.5,649.1,1011.1,23,1,1011.0,226,2,1010.9,238,1,1010.8,179,8,1010.7,350,6,1011.2,999,9,1011.3,630,9,1011.4,1503,11,1011.5,5727,19,1011.6,1440,8
317,2025-11-26 13:53:05+05:30,1011.0,128,1001.33,7480874,418208.0,447495.0,986.2,1012.8,981.3,986.2,120490500,1084.8,887.6,1102.5,649.1,1011.0,62,2,1010.9,243,2,1010.8,52,6,1010.7,114,2,1010.6,475,8,1011.2,1009,9,1011.3,630,9,1011.4,1535,13,1011.5,5727,19,1011.6,1418,9
317,2025-11-26 13:53:05+05:30,1011.0,128,1001.33,7480874,418208.0,447495.0,986.2,1012.8,981.3,986.2,120490500,1084.8,887.6,1102.5,649.1,1011.0,62,2,1010.9,243,2,1010.8,52,6,1010.7,114,2,1010.6,475,8,1011.2,1009,9,1011.3,630,9,1011.4,1535,13,1011.5,5727,19,1011.6,1418,9
317,2025-11-26 13:53:06+05:30,1010.9,1,1001.33,7481634,417976.0,448510.0,986.2,1012.8,981.3,986.2,120490500,1084.8,887.6,1102.5,649.1,1010.9,9,2,1010.8,76,6,1010.7,89,2,1010.6,756,10,1010.5,1552,14,1011.1,89,2,1011.2,514,5,1011.3,1292,12,1011.4,1606,12,1011.5,5734,19
317,2025-11-26 13:53:06+05:30,1010.8,1,1001.33,7481634,417976.0,448510.0,986.2,1012.8,981.3,986.2,120490500,1084.8,887.6,1102.5,649.1,1010.9,9,2,1010.8,76,6,1010.7,89,2,1010.6,756,10,1010.5,1552,14,1011.1,89,2,1011.2,514,5,1011.3,1292,12,1011.4,1606,12,1011.5,5734,19
317,2025-11-26 13:53:07+05:30,1010.9,13,1001.33,7482415,418467.0,447365.0,986.2,1012.8,981.3,986.2,120490500,1084.8,887.6,1102.5,649.1,1010.9,23,1,1010.8,851,8,1010.7,244,5,1010.6,399,6,1010.5,1067,11,1011.1,89,2,1011.2,374,4,1011.3,736,10,1011.4,1318,11,1011.5,6100,20
317,2025-11-26 13:53:07+05:30,1010.9,13,1001.33,7482415,418467.0,447365.0,986.2,1012.8,981.3,986.2,120490500,1084.8,887.6,1102.5,649.1,1010.9,23,1,1010.8,851,8,1010.7,244,5,1010.6,399,6,1010.5,1067,11,1011.1,89,2,1011.2,374,4,1011.3,736,10,1011.4,1318,11,1011.5,6100,20
317,2025-11-26 13:53:08+05:30,1011.1,40,1001.33,7483352,417767.0,446908.0,986.2,1012.8,981.3,986.2,120490500,1084.8,887.6,1102.5,649.1,1010.9,13,1,1010.8,251,8,1010.7,189,3,1010.6,903,6,1010.5,867,10,1011.1,49,2,1011.2,126,4,1011.3,684,10,1011.4,1616,12,1011.5,5758,18
317,2025-11-26 13:53:08+05:30,1011.1,40,1001.33,7483352,417767.0,446908.0,986.2,1012.8,981.3,986.2,120490500,1084.8,887.6,1102.5,649.1,1010.9,13,1,1010.8,251,8,1010.7,189,3,1010.6,903,6,1010.5,867,10,1011.1,49,2,1011.2,126,4,1011.3,684,10,1011.4,1616,12,1011.5,5758,18
317,2025-11-26 13:53:09+05:30,1010.8,4,1001.33,7483781,420619.0,447837.0,986.2,1012.8,981.3,986.2,120490500,1084.8,887.6,1102.5,649.1,1010.8,163,7,1010.7,105,2,1010.6,381,5,1010.5,1402,13,1010.4,1658,15,1010.9,189,1,1011.1,133,3,1011.2,475,7,1011.3,1192,11,1011.4,1597,11
317,2025-11-26 13:53:09+05:30,1010.8,38,1001.33,7483781,420619.0,447837.0,986.2,1012.8,981.3,986.2,120490500,1084.8,887.6,1102.5,649.1,1010.8,163,7,1010.7,105,2,1010.6,381,5,1010.5,1402,13,1010.4,1658,15,1010.9,189,1,1011.1,133,3,1011.2,475,7,1011.3,1192,11,1011.4,1597,11
317,2025-11-26 13:53:10+05:30,1010.7,37,1001.34,7485170,418821.0,448702.0,986.2,1012.8,981.3,986.2,120490500,1084.8,887.6,1102.5,649.1,1010.7,53,2,1010.6,106,5,1010.5,682,8,1010.4,1270,11,1010.3,2533,20,1010.9,231,1,1011.1,202,1,1011.2,1018,8,1011.3,1067,11,1011.4,1305,10
317,2025-11-26 13:53:10+05:30,1010.7,37,1001.34,7485170,418821.0,448702.0,986.2,1012.8,981.3,986.2,120490500,1084.8,887.6,1102.5,649.1,1010.7,53,2,1010.6,106,5,1010.5,682,8,1010.4,1270,11,1010.3,2533,20,1010.9,231,1,1011.1,202,1,1011.2,1018,8,1011.3,1067,11,1011.4,1305,10
317,2025-11-26 13:53:11+05:30,1011.0,1,1001.34,7487063,419065.0,447635.0,986.2,1012.8,981.3,986.2,120490500,1084.8,887.6,1102.5,649.1,1011.0,541,3,1010.9,16,3,1010.8,28,1,1010.7,246,2,1010.6,1061,7,1011.2,324,3,1011.3,1223,10,1011.4,1275,9,1011.5,6071,25,1011.6,1443,8
317,2025-11-26 13:53:11+05:30,1011.0,1,1001.34,7487063,419065.0,447635.0,986.2,1012.8,981.3,986.2,120490500,1084.8,887.6,1102.5,649.1,1011.0,541,3,1010.9,16,3,1010.8,28,1,1010.7,246,2,1010.6,1061,7,1011.2,324,3,1011.3,1223,10,1011.4,1275,9,1011.5,6071,25,1011.6,1443,8
317,2025-11-26 13:53:12+05:30,1011.0,13,1001.34,7487076,418241.0,448588.0,986.2,1012.8,981.3,986.2,120490500,1084.8,887.6,1102.5,649.1,1011.0,525,3,1010.9,26,4,1010.8,28,1,1010.7,246,2,1010.6,485,6,1011.2,892,7,1011.3,1363,11,1011.4,1599,12,1011.5,5951,24,1011.6,1443,8
317,2025-11-26 13:53:12+05:30,1011.0,128,1001.34,7487076,418241.0,448588.0,986.2,1012.8,981.3,986.2,120490500,1084.8,887.6,1102.5,649.1,1011.0,525,3,1010.9,26,4,1010.8,28,1,1010.7,246,2,1010.6,485,6,1011.2,892,7,1011.3,1363,11,1011.4,1599,12,1011.5,5951,24,1011.6,1443,8
317,2025-11-26 13:53:13+05:30,1011.2,18,1001.34,7487620,417743.0,448427.0,986.2,1012.8,981.3,986.2,120490500,1084.8,887.6,1102.5,649.1,1011.0,496,2,1010.9,26,4,1010.7,246,2,1010.6,351,5,1010.5,1714,12,1011.2,838,8,1011.3,1363,11,1011.4,1599,12,1011.5,5872,19,1011.6,1387,13
317,2025-11-26 13:53:13+05:30,1011.2,18,1001.34,7487620,417743.0,448427.0,986.2,1012.8,981.3,986.2,120490500,1084.8,887.6,1102.5,649.1,1011.0,496,2,1010.9,26,4,1010.7,246,2,1010.6,351,5,1010.5,1714,12,1011.2,838,8,1011.3,1363,11,1011.4,1599,12,1011.5,5872,19,1011.6,1387,13
317,2025-11-26 13:53:14+05:30,1011.0,78,1001.34,7487876,417622.0,449183.0,986.2,1012.8,981.3,986.2,120490500,1084.8,887.6,1102.5,649.1,1011.0,240,2,1010.9,21,3,1010.8,81,2,1010.7,246,2,1010.6,351,5,1011.2,1294,12,1011.3,1363,11,1011.4,1626,13,1011.5,5872,19,1011.6,1387,13
317,2025-11-26 13:53:14+05:30,1011.2,88,1001.34,7487876,417622.0,449183.0,986.2,1012.8,981.3,986.2,120490500,1084.8,887.6,1102.5,649.1,1011.0,240,2,1010.9,21,3,1010.8,81,2,1010.7,246,2,1010.6,351,5,1011.2,1294,12,1011.3,1363,11,1011.4,1626,13,1011.5,5872,19,1011.6,1387,13
317,2025-11-26 13:53:15+05:30,1011.0,10,1001.34,7490348,417508.0,449848.0,986.2,1012.8,981.3,986.2,120490500,1084.8,887.6,1102.5,649.1,1011.0,384,1,1010.9,21,3,1010.8,14,2,1010.7,173,2,1010.6,364,6,1011.2,1547,14,1011.3,1201,11,1011.4,1593,11,1011.5,5833,20,1011.6,1527,16
317,2025-11-26 13:53:15+05:30,1011.0,10,1001.34,7490348,417508.0,449848.0,986.2,1012.8,981.3,986.2,120490500,1084.8,887.6,1102.5,649.1,1011.0,384,1,1010.9,21,3,1010.8,14,2,1010.7,173,2,1010.6,364,6,1011.2,1547,14,1011.3,1201,11,1011.4,1593,11,1011.5,5833,20,1011.6,1527,16
317,2025-11-26 13:53:16+05:30,1011.2,123,1001.34,7490474,417222.0,449660.0,986.2,1012.8,981.3,986.2,120490500,1084.8,887.6,1102.5,649.1,1011.0,384,1,1010.9,21,3,1010.8,14,2,1010.7,173,2,1010.6,364,6,1011.2,1341,13,1011.3,1201,11,1011.4,1295,10,1011.5,6120,20,1011.6,1527,16
317,2025-11-26 13:53:16+05:30,1010.9,1,1001.34,7490474,417222.0,449660.0,986.2,1012.8,981.3,986.2,120490500,1084.8,887.6,1102.5,649.1,1011.0,384,1,1010.9,21,3,1010.8,14,2,1010.7,173,2,1010.6,364,6,1011.2,1341,13,1011.3,1201,11,1011.4,1295,10,1011.5,6120,20,1011.6,1527,16
317,2025-11-26 13:53:17+05:30,1010.9,1,1001.34,7490859,416850.0,449579.0,986.2,1012.8,981.3,986.2,120490500,1084.8,887.6,1102.5,649.1,1010.9,20,3,1010.8,15,3,1010.7,106,1,1010.6,885,6,1010.5,835,10,1011.2,1388,14,1011.3,932,12,1011.4,1571,10,1011.5,5835,20,1011.6,1617,17
317,2025-11-26 13:53:18+05:30,1010.9,4,1001.34,7490930,416855.0,449572.0,986.2,1012.8,981.3,986.2,120490500,1084.8,887.6,1102.5,649.1,1010.9,17,3,1010.8,15,3,1010.7,106,1,1010.6,885,6,1010.5,835,10,1011.2,1380,13,1011.3,933,13,1011.4,1571,10,1011.5,5835,20,1011.6,1617,17
317,2025-11-26 13:53:18+05:30,1010.9,4,1001.34,7490930,416855.0,449572.0,986.2,1012.8,981.3,986.2,120490500,1084.8,887.6,1102.5,649.1,1010.9,17,3,1010.8,15,3,1010.7,106,1,1010.6,885,6,1010.5,835,10,1011.2,1380,13,1011.3,933,13,1011.4,1571,10,1011.5,5835,20,1011.6,1617,17
317,2025-11-26 13:53:19+05:30,1010.9,1,1001.34,7490931,417456.0,449837.0,986.2,1012.8,981.3,986.2,120490500,1084.8,887.6,1102.5,649.1,1010.9,16,3,1010.8,15,3,1010.6,302,4,1010.5,1371,11,1010.4,1509,13,1011.0,161,1,1011.1,179,3,1011.2,1123,11,1011.3,1198,14,1011.4,1350,10
317,2025-11-26 13:53:19+05:30,1010.9,1,1001.34,7490931,417456.0,449837.0,986.2,1012.8,981.3,986.2,120490500,1084.8,887.6,1102.5,649.1,1010.9,16,3,1010.8,15,3,1010.6,302,4,1010.5,1371,11,1010.4,1509,13,1011.0,161,1,1011.1,179,3,1011.2,1123,11,1011.3,1198,14,1011.4,1350,10
317,2025-11-26 13:53:20+05:30,1010.9,1,1001.34,7490931,417475.0,449983.0,986.2,1012.8,981.3,986.2,120490500,1084.8,887.6,1102.5,649.1,1010.9,16,3,1010.8,15,3,1010.6,833,5,1010.5,835,10,1010.4,1533,14,1011.0,161,1,1011.1,395,5,1011.2,1123,11,1011.3,1198,14,1011.4,1376,12
317,2025-11-26 13:53:20+05:30,1011.0,1,1001.34,7490931,417475.0,449983.0,986.2,1012.8,981.3,986.2,120490500,1084.8,887.6,1102.5,649.1,1010.9,16,3,1010.8,15,3,1010.6,833,5,1010.5,835,10,1010.4,1533,14,1011.0,161,1,1011.1,395,5,1011.2,1123,11,1011.3,1198,14,1011.4,1376,12
317,2025-11-26 13:53:21+05:30,1011.0,8,1001.34,7490941,417482.0,449948.0,986.2,1012.8,981.3,986.2,120490500,1084.8,887.6,1102.5,649.1,1010.9,27,4,1010.8,15,3,1010.6,302,4,1010.5,1362,11,1010.4,1533,14,1011.0,152,2,1011.1,395,5,1011.2,1123,11,1011.3,3177,14,1011.4,1376,12
317,2025-11-26 13:53:21+05:30,1011.0,8,1001.34,7490941,417482.0,449948.0,986.2,1012.8,981.3,986.2,120490500,1084.8,887.6,1102.5,649.1,1010.9,27,4,1010.8,15,3,1010.6,302,4,1010.5,1362,11,1010.4,1533,14,1011.0,152,2,1011.1,395,5,1011.2,1123,11,1011.3,3177,14,1011.4,1376,12
317,2025-11-26 13:53:22+05:30,1010.8,4,1001.34,7490941,417482.0,449948.0,986.2,1012.8,981.3,986.2,120490500,1084.8,887.6,1102.5,649.1,1010.9,27,4,1010.8,15,3,1010.6,302,4,1010.5,1362,11,1010.4,1533,14,1011.0,152,2,1011.1,395,5,1011.2,1123,11,1011.3,3177,14,1011.4,1376,12
317,2025-11-26 13:53:22+05:30,1011.0,1,1001.34,7491079,416424.0,449845.0,986.2,1012.8,981.3,986.2,120490500,1084.8,887.6,1102.5,649.1,1010.8,11,3,1010.6,804,4,1010.5,766,8,1010.4,774,11,1010.3,992,17,1011.0,186,3,1011.1,476,7,1011.2,1185,12,1011.3,3177,14,1011.4,1350,10
317,2025-11-26 13:53:23+05:30,1011.0,23,1001.34,7491079,416424.0,449845.0,986.2,1012.8,981.3,986.2,120490500,1084.8,887.6,1102.5,649.1,1010.8,11,3,1010.6,804,4,1010.5,766,8,1010.4,774,11,1010.3,992,17,1011.0,186,3,1011.1,476,7,1011.2,1185,12,1011.3,3177,14,1011.4,1350,10
317,2025-11-26 13:53:23+05:30,1011.0,23,1001.34,7491110,416489.0,449928.0,986.2,1012.8,981.3,986.2,120490500,1084.8,887.6,1102.5,649.1,1010.9,1,1,1010.8,13,4,1010.7,5,1,1010.6,804,4,1010.5,766,8,1011.0,120,2,1011.1,425,6,1011.2,1122,11,1011.3,3177,14,1011.4,1381,13
317,2025-11-26 13:53:24+05:30,1010.9,224,1001.34,7491110,416489.0,449928.0,986.2,1012.8,981.3,986.2,120490500,1084.8,887.6,1102.5,649.1,1010.9,1,1,1010.8,13,4,1010.7,5,1,1010.6,804,4,1010.5,766,8,1011.0,120,2,1011.1,425,6,1011.2,1122,11,1011.3,3177,14,1011.4,1381,13
317,2025-11-26 13:53:24+05:30,1010.9,224,1001.34,7491335,417166.0,449128.0,986.2,1012.8,981.3,986.2,120490500,1084.8,887.6,1102.5,649.1,1010.8,13,4,1010.7,5,1,1010.6,841,6,1010.5,760,8,1010.4,786,12,1010.9,161,1,1011.0,1,1,1011.1,88,3,1011.2,523,9,1011.3,3164,13
317,2025-11-26 13:53:25+05:30,1010.9,11,1001.34,7491335,417166.0,449128.0,986.2,1012.8,981.3,986.2,120490500,1084.8,887.6,1102.5,649.1,1010.8,13,4,1010.7,5,1,1010.6,841,6,1010.5,760,8,1010.4,786,12,1010.9,161,1,1011.0,1,1,1011.1,88,3,1011.2,523,9,1011.3,3164,13
317,2025-11-26 13:53:25+05:30,1010.9,11,1001.34,7491362,416754.0,449658.0,986.2,1012.8,981.3,986.2,120490500,1084.8,887.6,1102.5,649.1,1010.8,13,4,1010.7,5,1,1010.6,280,5,1010.5,760,8,1010.4,786,12,1010.9,134,1,1011.0,47,2,1011.1,243,3,1011.2,1035,10,1011.3,3190,15
317,2025-11-26 13:53:26+05:30,1010.9,2,1001.34,7491362,416754.0,449658.0,986.2,1012.8,981.3,986.2,120490500,1084.8,887.6,1102.5,649.1,1010.8,13,4,1010.7,5,1,1010.6,280,5,1010.5,760,8,1010.4,786,12,1010.9,134,1,1011.0,47,2,1011.1,243,3,1011.2,1035,10,1011.3,3190,15
317,2025-11-26 13:53:26+05:30,1010.7,6,1001.34,7491564,417075.0,449971.0,986.2,1012.8,981.3,986.2,120490500,1084.8,887.6,1102.5,649.1,1010.7,35,3,1010.6,827,5,1010.5,574,7,1010.4,799,12,1010.3,1018,19,1010.9,132,1,1011.0,47,2,1011.1,140,1,1011.2,603,10,1011.3,3190,15
317,2025-11-26 13:53:27+05:30,1010.7,6,1001.34,7491564,417075.0,449971.0,986.2,1012.8,981.3,986.2,120490500,1084.8,887.6,1102.5,649.1,1010.7,35,3,1010.6,827,5,1010.5,574,7,1010.4,799,12,1010.3,1018,19,1010.9,132,1,1011.0,47,2,1011.1,140,1,1011.2,603,10,1011.3,3190,15
317,2025-11-26 13:53:27+05:30,1010.9,5,1001.34,7491569,416708.0,449994.0,986.2,1012.8,981.3,986.2,120490500,1084.8,887.6,1102.5,649.1,1010.7,21,2,1010.6,285,6,1010.5,667,9,1010.4,799,12,1010.3,1018,19,1010.9,127,1,1011.0,47,2,1011.1,217,3,1011.2,1154,11,1011.3,3190,15
317,2025-11-26 13:53:28+05:30,1010.9,5,1001.34,7491569,416708.0,449994.0,986.2,1012.8,981.3,986.2,120490500,1084.8,887.6,1102.5,649.1,1010.7,21,2,1010.6,285,6,1010.5,667,9,1010.4,799,12,1010.3,1018,19,1010.9,127,1,1011.0,47,2,1011.1,217,3,1011.2,1154,11,1011.3,3190,15
317,2025-11-26 13:53:28+05:30,1010.9,5,1001.34,7491569,416708.0,450019.0,986.2,1012.8,981.3,986.2,120490500,1084.8,887.6,1102.5,649.1,1010.7,21,2,1010.6,285,6,1010.5,667,9,1010.4,799,12,1010.3,1018,19,1010.9,127,1,1011.0,47,2,1011.1,217,3,1011.2,1154,11,1011.3,3190,15
317,2025-11-26 13:53:29+05:30,1010.7,132,1001.34,7491569,416708.0,450019.0,986.2,1012.8,981.3,986.2,120490500,1084.8,887.6,1102.5,649.1,1010.7,21,2,1010.6,285,6,1010.5,667,9,1010.4,799,12,1010.3,1018,19,1010.9,127,1,1011.0,47,2,1011.1,217,3,1011.2,1154,11,1011.3,3190,15
317,2025-11-26 13:53:29+05:30,1010.7,132,1001.35,7492870,418708.0,450785.0,986.2,1012.8,981.3,986.2,120490500,1084.8,887.6,1102.5,649.1,1010.6,936,8,1010.5,416,6,1010.4,946,13,1010.3,1419,12,1010.2,1552,17,1010.7,3,1,1010.8,60,2,1011.0,203,2,1011.1,326,4,1011.2,1023,10
317,2025-11-26 13:53:30+05:30,1010.7,27,1001.35,7492870,418708.0,450785.0,986.2,1012.8,981.3,986.2,120490500,1084.8,887.6,1102.5,649.1,1010.6,936,8,1010.5,416,6,1010.4,946,13,1010.3,1419,12,1010.2,1552,17,1010.7,3,1,1010.8,60,2,1011.0,203,2,1011.1,326,4,1011.2,1023,10
317,2025-11-26 13:53:30+05:30,1010.6,8,1001.35,7492930,419098.0,450536.0,986.2,1012.8,981.3,986.2,120490500,1084.8,887.6,1102.5,649.1,1010.6,1045,8,1010.5,437,7,1010.4,946,13,1010.3,1429,12,1010.2,614,14,1010.7,88,1,1010.8,60,2,1011.0,1,1,1011.1,325,4,1011.2,1017,10
317,2025-11-26 13:53:31+05:30,1010.7,1,1001.35,7492930,419098.0,450536.0,986.2,1012.8,981.3,986.2,120490500,1084.8,887.6,1102.5,649.1,1010.6,1045,8,1010.5,437,7,1010.4,946,13,1010.3,1429,12,1010.2,614,14,1010.7,88,1,1010.8,60,2,1011.0,1,1,1011.1,325,4,1011.2,1017,10
317,2025-11-26 13:53:31+05:30,1010.7,1,1001.35,7492931,419126.0,450473.0,986.2,1012.8,981.3,986.2,120490500,1084.8,887.6,1102.5,649.1,1010.6,1056,8,1010.5,435,7,1010.4,965,14,1010.3,1429,12,1010.2,614,14,1010.7,189,4,1010.8,60,2,1011.0,1,1,1011.1,325,4,1011.2,1016,9
317,2025-11-26 13:53:32+05:30,1010.6,1,1001.35,7492931,419126.0,450473.0,986.2,1012.8,981.3,986.2,120490500,1084.8,887.6,1102.5,649.1,1010.6,1056,8,1010.5,435,7,1010.4,965,14,1010.3,1429,12,1010.2,614,14,1010.7,189,4,1010.8,60,2,1011.0,1,1,1011.1,325,4,1011.2,1016,9
317,2025-11-26 13:53:32+05:30,1010.7,5,1001.35,7492949,418475.0,450770.0,986.2,1012.8,981.3,986.2,120490500,1084.8,887.6,1102.5,649.1,1010.6,841,6,1010.5,389,5,1010.4,982,14,1010.3,910,11,1010.2,713,11,1010.7,180,5,1010.8,60,2,1011.0,205,3,1011.1,333,4,1011.2,1087,9
317,2025-11-26 13:53:33+05:30,1010.7,23,1001.35,7492949,418475.0,450770.0,986.2,1012.8,981.3,986.2,120490500,1084.8,887.6,1102.5,649.1,1010.6,841,6,1010.5,389,5,1010.4,982,14,1010.3,910,11,1010.2,713,11,1010.7,180,5,1010.8,60,2,1011.0,205,3,1011.1,333,4,1011.2,1087,9
317,2025-11-26 13:53:33+05:30,1011.0,492,1001.35,7494210,417074.0,446886.0,986.2,1012.8,981.3,986.2,120490500,1084.8,887.6,1102.5,649.1,1011.0,80,1,1010.7,365,3,1010.6,1111,10,1010.5,1047,8,1010.4,1481,10,1011.1,338,4,1011.2,244,5,1011.3,2523,11,1011.4,1579,10,1011.5,3708,20
317,2025-11-26 13:53:34+05:30,1011.0,492,1001.35,7494210,417074.0,446886.0,986.2,1012.8,981.3,986.2,120490500,1084.8,887.6,1102.5,649.1,1011.0,80,1,1010.7,365,3,1010.6,1111,10,1010.5,1047,8,1010.4,1481,10,1011.1,338,4,1011.2,244,5,1011.3,2523,11,1011.4,1579,10,1011.5,3708,20
317,2025-11-26 13:53:34+05:30,1011.1,98,1001.35,7494322,417159.0,448053.0,986.2,1012.8,981.3,986.2,120490500,1084.8,887.6,1102.5,649.1,1011.0,80,1,1010.9,5,1,1010.8,5,1,1010.7,505,4,1010.6,1240,9,1011.1,512,4,1011.2,410,8,1011.3,2497,9,1011.4,1629,13,1011.5,3848,21
317,2025-11-26 13:53:35+05:30,1011.1,2,1001.35,7494322,417159.0,448053.0,986.2,1012.8,981.3,986.2,120490500,1084.8,887.6,1102.5,649.1,1011.0,80,1,1010.9,5,1,1010.8,5,1,1010.7,505,4,1010.6,1240,9,1011.1,512,4,1011.2,410,8,1011.3,2497,9,1011.4,1629,13,1011.5,3848,21
317,2025-11-26 13:53:35+05:30,1011.1,2,1001.35,7494324,417219.0,447284.0,986.2,1012.8,981.3,986.2,120490500,1084.8,887.6,1102.5,649.1,1011.0,93,2,1010.9,5,1,1010.8,89,2,1010.7,1395,6,1010.6,498,8,1011.1,328,2,1011.2,284,6,1011.3,2346,7,1011.4,1156,9,1011.5,4161,23
317,2025-11-26 13:53:36+05:30,1011.1,2,1001.35,7494324,417219.0,447284.0,986.2,1012.8,981.3,986.2,120490500,1084.8,887.6,1102.5,649.1,1011.0,93,2,1010.9,5,1,1010.8,89,2,1010.7,1395,6,1010.6,498,8,1011.1,328,2,1011.2,284,6,1011.3,2346,7,1011.4,1156,9,1011.5,4161,23
317,2025-11-26 13:53:36+05:30,1011.1,2,1001.35,7494326,417126.0,447856.0,986.2,1012.8,981.3,986.2,120490500,1084.8,887.6,1102.5,649.1,1011.0,342,3,1010.9,5,1,1010.8,5,1,1010.7,1356,7,1010.6,595,10,1011.1,326,2,1011.2,284,6,1011.3,2346,7,1011.4,1254,10,1011.5,4161,23
317,2025-11-26 13:53:37+05:30,1011.0,7,1001.35,7494326,417126.0,447856.0,986.2,1012.8,981.3,986.2,120490500,1084.8,887.6,1102.5,649.1,1011.0,342,3,1010.9,5,1,1010.8,5,1,1010.7,1356,7,1010.6,595,10,1011.1,326,2,1011.2,284,6,1011.3,2346,7,1011.4,1254,10,1011.5,4161,23
317,2025-11-26 13:53:37+05:30,1011.0,7,1001.35,7494426,417416.0,447894.0,986.2,1012.8,981.3,986.2,120490500,1084.8,887.6,1102.5,649.1,1011.0,814,2,1010.9,5,1,1010.8,5,1,1010.7,1154,6,1010.6,595,10,1011.1,327,3,1011.2,207,6,1011.3,2422,8,1011.4,1627,11,1011.5,3889,24
317,2025-11-26 13:53:38+05:30,1011.0,329,1001.35,7494997,416650.0,448262.0,986.2,1012.8,981.3,986.2,120490500,1084.8,887.6,1102.5,649.1,1011.0,243,1,1010.9,5,1,1010.8,5,1,1010.7,965,4,1010.6,595,10,1011.1,511,4,1011.2,301,7,1011.3,2496,9,1011.4,1627,11,1011.5,3889,24
317,2025-11-26 13:53:39+05:30,1011.0,329,1001.35,7494997,416650.0,448262.0,986.2,1012.8,981.3,986.2,120490500,1084.8,887.6,1102.5,649.1,1011.0,243,1,1010.9,5,1,1010.8,5,1,1010.7,965,4,1010.6,595,10,1011.1,511,4,1011.2,301,7,1011.3,2496,9,1011.4,1627,11,1011.5,3889,24
317,2025-11-26 13:53:39+05:30,1011.1,8,1001.35,7496293,417992.0,447284.0,986.2,1012.8,981.3,986.2,120490500,1084.8,887.6,1102.5,649.1,1011.0,602,2,1010.9,5,1,1010.8,755,2,1010.7,326,5,1010.6,556,9,1011.2,110,4,1011.3,2597,11,1011.4,1329,10,1011.5,3889,24,1011.6,1376,8
317,2025-11-26 13:53:40+05:30,1011.1,8,1001.35,7496293,417992.0,447284.0,986.2,1012.8,981.3,986.2,120490500,1084.8,887.6,1102.5,649.1,1011.0,602,2,1010.9,5,1,1010.8,755,2,1010.7,326,5,1010.6,556,9,1011.2,110,4,1011.3,2597,11,1011.4,1329,10,1011.5,3889,24,1011.6,1376,8
317,2025-11-26 13:53:40+05:30,1011.1,1,1001.35,7496296,419017.0,448426.0,986.2,1012.8,981.3,986.2,120490500,1084.8,887.6,1102.5,649.1,1011.0,572,1,1010.9,5,1,1010.8,33,2,1010.7,1172,6,1010.6,1181,13,1011.1,295,1,1011.2,108,4,1011.3,2407,10,1011.4,1623,11,1011.5,3822,20
317,2025-11-26 13:53:41+05:30,1011.1,1,1001.35,7496296,419017.0,448426.0,986.2,1012.8,981.3,986.2,120490500,1084.8,887.6,1102.5,649.1,1011.0,572,1,1010.9,5,1,1010.8,33,2,1010.7,1172,6,1010.6,1181,13,1011.1,295,1,1011.2,108,4,1011.3,2407,10,1011.4,1623,11,1011.5,3822,20
317,2025-11-26 13:53:41+05:30,1011.1,288,1001.35,7497085,418812.0,448049.0,986.2,1012.8,981.3,986.2,120490500,1084.8,887.6,1102.5,649.1,1011.0,72,1,1010.9,35,2,1010.8,947,8,1010.7,1393,8,1010.6,762,13,1011.1,6,1,1011.2,108,4,1011.3,2290,8,1011.4,1229,8,1011.5,3810,19
317,2025-11-26 13:53:42+05:30,1011.1,288,1001.35,7497085,418812.0,448049.0,986.2,1012.8,981.3,986.2,120490500,1084.8,887.6,1102.5,649.1,1011.0,72,1,1010.9,35,2,1010.8,947,8,1010.7,1393,8,1010.6,762,13,1011.1,6,1,1011.2,108,4,1011.3,2290,8,1011.4,1229,8,1011.5,3810,19
317,2025-11-26 13:53:42+05:30,1011.1,3,1001.35,7497094,418836.0,448198.0,986.2,1012.8,981.3,986.2,120490500,1084.8,887.6,1102.5,649.1,1011.0,72,1,1010.9,35,2,1010.8,814,7,1010.7,1410,9,1010.6,762,13,1011.1,332,2,1011.2,108,4,1011.3,2290,8,1011.4,1606,10,1011.5,3810,19
317,2025-11-26 13:53:43+05:30,1011.1,23,1001.35,7497094,418836.0,448198.0,986.2,1012.8,981.3,986.2,120490500,1084.8,887.6,1102.5,649.1,1011.0,72,1,1010.9,35,2,1010.8,814,7,1010.7,1410,9,1010.6,762,13,1011.1,332,2,1011.2,108,4,1011.3,2290,8,1011.4,1606,10,1011.5,3810,19
317,2025-11-26 13:53:43+05:30,1011.0,78,1001.35,7497195,419174.0,447964.0,986.2,1012.8,981.3,986.2,120490500,1084.8,887.6,1102.5,649.1,1011.0,572,1,1010.9,40,3,1010.8,143,4,1010.7,1326,7,1010.6,828,13,1011.1,437,3,1011.2,109,5,1011.3,2368,9,1011.4,1627,11,1011.5,3810,19
317,2025-11-26 13:53:44+05:30,1011.1,210,1001.35,7497195,419174.0,447964.0,986.2,1012.8,981.3,986.2,120490500,1084.8,887.6,1102.5,649.1,1011.0,572,1,1010.9,40,3,1010.8,143,4,1010.7,1326,7,1010.6,828,13,1011.1,437,3,1011.2,109,5,1011.3,2368,9,1011.4,1627,11,1011.5,3810,19
317,2025-11-26 13:53:44+05:30,1011.1,210,1001.35,7497418,419161.0,447760.0,986.2,1012.8,981.3,986.2,120490500,1084.8,887.6,1102.5,649.1,1011.0,586,2,1010.9,40,3,1010.8,143,4,1010.7,1360,9,1010.6,811,12,1011.1,253,3,1011.2,181,6,1011.3,2450,10,1011.4,1627,11,1011.5,3810,19
317,2025-11-26 13:53:45+05:30,1011.1,2,1001.35,7497418,419161.0,447760.0,986.2,1012.8,981.3,986.2,120490500,1084.8,887.6,1102.5,649.1,1011.0,586,2,1010.9,40,3,1010.8,143,4,1010.7,1360,9,1010.6,811,12,1011.1,253,3,1011.2,181,6,1011.3,2450,10,1011.4,1627,11,1011.5,3810,19
317,2025-11-26 13:53:45+05:30,1011.1,1,1001.35,7497478,419154.0,448276.0,986.2,1012.8,981.3,986.2,120490500,1084.8,887.6,1102.5,649.1,1011.0,586,2,1010.9,40,3,1010.8,143,4,1010.7,1360,9,1010.6,811,12,1011.1,193,3,1011.2,181,6,1011.3,2450,10,1011.4,1627,11,1011.5,3810,19
317,2025-11-26 13:53:46+05:30,1011.1,1,1001.35,7497478,419154.0,448276.0,986.2,1012.8,981.3,986.2,120490500,1084.8,887.6,1102.5,649.1,1011.0,586,2,1010.9,40,3,1010.8,143,4,1010.7,1360,9,1010.6,811,12,1011.1,193,3,1011.2,181,6,1011.3,2450,10,1011.4,1627,11,1011.5,3810,19
317,2025-11-26 13:53:46+05:30,1011.1,1,1001.35,7497478,419404.0,448091.0,986.2,1012.8,981.3,986.2,120490500,1084.8,887.6,1102.5,649.1,1011.0,586,2,1010.9,40,3,1010.8,220,5,1010.7,1433,10,1010.6,811,12,1011.1,194,4,1011.2,109,5,1011.3,2290,8,1011.4,1627,11,1011.5,3810,19
317,2025-11-26 13:53:47+05:30,1011.1,1,1001.35,7497478,419404.0,448215.0,986.2,1012.8,981.3,986.2,120490500,1084.8,887.6,1102.5,649.1,1011.0,586,2,1010.9,40,3,1010.8,220,5,1010.7,1433,10,1010.6,811,12,1011.1,194,4,1011.2,109,5,1011.3,2450,10,1011.4,1627,11,1011.5,3810,19
317,2025-11-26 13:53:48+05:30,1011.0,12,1001.35,7498089,419298.0,447727.0,986.2,1012.8,981.3,986.2,120490500,1084.8,887.6,1102.5,649.1,1011.0,574,2,1010.9,40,3,1010.8,134,4,1010.7,1416,9,1010.6,828,13,1011.1,194,4,1011.2,263,7,1011.3,2450,10,1011.4,1627,11,1011.5,3810,19
317,2025-11-26 13:53:49+05:30,1011.0,1,1001.35,7498089,419298.0,447727.0,986.2,1012.8,981.3,986.2,120490500,1084.8,887.6,1102.5,649.1,1011.0,574,2,1010.9,40,3,1010.8,134,4,1010.7,1416,9,1010.6,828,13,1011.1,194,4,1011.2,263,7,1011.3,2450,10,1011.4,1627,11,1011.5,3810,19
317,2025-11-26 13:53:49+05:30,1011.1,87,1001.35,7498203,419297.0,447689.0,986.2,1012.8,981.3,986.2,120490500,1084.8,887.6,1102.5,649.1,1011.0,573,2,1010.9,40,3,1010.8,151,5,1010.7,1416,9,1010.6,811,12,1011.1,107,4,1011.2,154,5,1011.3,2450,10,1011.4,1329,10,1011.5,3810,19
317,2025-11-26 13:53:50+05:30,1011.1,2,1001.35,7498203,419297.0,447689.0,986.2,1012.8,981.3,986.2,120490500,1084.8,887.6,1102.5,649.1,1011.0,573,2,1010.9,40,3,1010.8,151,5,1010.7,1416,9,1010.6,811,12,1011.1,107,4,1011.2,154,5,1011.3,2450,10,1011.4,1329,10,1011.5,3810,19
317,2025-11-26 13:53:50+05:30,1011.1,1,1001.35,7498216,419347.0,447826.0,986.2,1012.8,981.3,986.2,120490500,1084.8,887.6,1102.5,649.1,1011.0,579,3,1010.9,40,3,1010.8,134,4,1010.7,1431,10,1010.6,811,12,1011.1,232,5,1011.2,154,5,1011.3,2450,10,1011.4,1329,10,1011.5,3810,19
317,2025-11-26 13:53:51+05:30,1011.1,1,1001.35,7498216,419347.0,447826.0,986.2,1012.8,981.3,986.2,120490500,1084.8,887.6,1102.5,649.1,1011.0,579,3,1010.9,40,3,1010.8,134,4,1010.7,1431,10,1010.6,811,12,1011.1,232,5,1011.2,154,5,1011.3,2450,10,1011.4,1329,10,1011.5,3810,19
317,2025-11-26 13:53:51+05:30,1011.1,1,1001.35,7498216,419347.0,448407.0,986.2,1012.8,981.3,986.2,120490500,1084.8,887.6,1102.5,649.1,1011.0,579,3,1010.9,40,3,1010.8,134,4,1010.7,1431,10,1010.6,811,12,1011.1,232,5,1011.2,154,5,1011.3,2450,10,1011.4,1627,11,1011.5,3810,19
317,2025-11-26 13:53:52+05:30,1011.0,25,1001.35,7498216,419347.0,448407.0,986.2,1012.8,981.3,986.2,120490500,1084.8,887.6,1102.5,649.1,1011.0,579,3,1010.9,40,3,1010.8,134,4,1010.7,1431,10,1010.6,811,12,1011.1,232,5,1011.2,154,5,1011.3,2450,10,1011.4,1627,11,1011.5,3810,19
317,2025-11-26 13:53:52+05:30,1011.2,11,1001.35,7499025,417318.0,447079.0,986.2,1012.8,981.3,986.2,120490500,1084.8,887.6,1102.5,649.1,1011.0,554,3,1010.9,137,10,1010.8,29,2,1010.7,655,7,1010.6,1578,14,1011.2,125,5,1011.3,2150,7,1011.4,1269,7,1011.5,3723,15,1011.6,1588,10
317,2025-11-26 13:53:53+05:30,1011.2,11,1001.35,7499025,417318.0,447079.0,986.2,1012.8,981.3,986.2,120490500,1084.8,887.6,1102.5,649.1,1011.0,554,3,1010.9,137,10,1010.8,29,2,1010.7,655,7,1010.6,1578,14,1011.2,125,5,1011.3,2150,7,1011.4,1269,7,1011.5,3723,15,1011.6,1588,10
317,2025-11-26 13:53:54+05:30,1011.2,11,1001.35,7499025,417518.0,447356.0,986.2,1012.8,981.3,986.2,120490500,1084.8,887.6,1102.5,649.1,1011.0,554,3,1010.9,15,3,1010.8,49,3,1010.7,1133,8,1010.6,1642,18,1011.2,125,5,1011.3,2150,7,1011.4,1290,8,1011.5,3734,16,1011.6,1614,12
317,2025-11-26 13:53:55+05:30,1011.2,11,1001.35,7499025,417678.0,447407.0,986.2,1012.8,981.3,986.2,120490500,1084.8,887.6,1102.5,649.1,1011.1,112,1,1011.0,554,3,1010.9,15,3,1010.8,49,3,1010.7,693,8,1011.2,125,5,1011.3,2150,7,1011.4,1347,8,1011.5,3758,17,1011.6,1584,11
317,2025-11-26 13:53:55+05:30,1011.2,1,1001.35,7499025,417678.0,447407.0,986.2,1012.8,981.3,986.2,120490500,1084.8,887.6,1102.5,649.1,1011.1,112,1,1011.0,554,3,1010.9,15,3,1010.8,49,3,1010.7,693,8,1011.2,125,5,1011.3,2150,7,1011.4,1347,8,1011.5,3758,17,1011.6,1584,11
317,2025-11-26 13:53:56+05:30,1011.2,2,1001.35,7499058,417887.0,447389.0,986.2,1012.8,981.3,986.2,120490500,1084.8,887.6,1102.5,649.1,1011.1,111,1,1011.0,554,3,1010.9,15,3,1010.8,122,4,1010.7,1265,9,1011.2,94,6,1011.3,2290,8,1011.4,1347,8,1011.5,3758,17,1011.6,1584,11
317,2025-11-26 13:53:56+05:30,1011.2,2,1001.35,7499058,417887.0,447389.0,986.2,1012.8,981.3,986.2,120490500,1084.8,887.6,1102.5,649.1,1011.1,111,1,1011.0,554,3,1010.9,15,3,1010.8,122,4,1010.7,1265,9,1011.2,94,6,1011.3,2290,8,1011.4,1347,8,1011.5,3758,17,1011.6,1584,11
317,2025-11-26 13:53:57+05:30,1011.2,2,1001.35,7499058,417844.0,447389.0,986.2,1012.8,981.3,986.2,120490500,1084.8,887.6,1102.5,649.1,1011.1,111,1,1011.0,554,3,1010.9,15,3,1010.8,122,4,1010.7,693,8,1011.2,94,6,1011.3,2290,8,1011.4,1347,8,1011.5,3758,17,1011.6,1584,11
317,2025-11-26 13:53:58+05:30,1011.2,2,1001.35,7499058,418380.0,447533.0,986.2,1012.8,981.3,986.2,120490500,1084.8,887.6,1102.5,649.1,1011.1,111,1,1011.0,554,3,1010.9,15,3,1010.8,122,4,1010.7,693,8,1011.2,94,6,1011.3,2434,10,1011.4,1347,8,1011.5,3758,17,1011.6,1558,9
317,2025-11-26 13:53:59+05:30,1011.1,111,1001.35,7499169,419916.0,447939.0,986.2,1012.8,981.3,986.2,120490500,1084.8,887.6,1102.5,649.1,1011.0,554,3,1010.9,10,2,1010.8,799,4,1010.7,708,9,1010.6,1635,18,1011.1,32,1,1011.2,94,6,1011.3,2362,9,1011.4,1073,8,1011.5,4032,17
317,2025-11-26 13:53:59+05:30,1011.1,111,1001.35,7499169,419916.0,447939.0,986.2,1012.8,981.3,986.2,120490500,1084.8,887.6,1102.5,649.1,1011.0,554,3,1010.9,10,2,1010.8,799,4,1010.7,708,9,1010.6,1635,18,1011.1,32,1,1011.2,94,6,1011.3,2362,9,1011.4,1073,8,1011.5,4032,17
317,2025-11-26 13:53:59+05:30,1011.1,1,1001.35,7499170,420205.0,447914.0,986.2,1012.8,981.3,986.2,120490500,1084.8,887.6,1102.5,649.1,1011.0,556,4,1010.9,10,2,1010.8,829,6,1010.7,1224,9,1010.6,1620,17,1011.1,31,1,1011.2,94,6,1011.3,2362,9,1011.4,1049,7,1011.5,4032,17
317,2025-11-26 13:54:00+05:30,1011.0,8,1001.35,7499170,420205.0,447914.0,986.2,1012.8,981.3,986.2,120490500,1084.8,887.6,1102.5,649.1,1011.0,556,4,1010.9,10,2,1010.8,829,6,1010.7,1224,9,1010.6,1620,17,1011.1,31,1,1011.2,94,6,1011.3,2362,9,1011.4,1049,7,1011.5,4032,17
317,2025-11-26 13:54:01+05:30,1011.1,1,1001.35,7499180,419888.0,447475.0,986.2,1012.8,981.3,986.2,120490500,1084.8,887.6,1102.5,649.1,1011.0,548,4,1010.9,10,2,1010.8,834,7,1010.7,693,8,1010.6,1607,16,1011.1,29,1,1011.2,94,6,1011.3,2362,9,1011.4,1079,8,1011.5,4032,17
317,2025-11-26 13:54:01+05:30,1011.1,1,1001.35,7499180,419888.0,447475.0,986.2,1012.8,981.3,986.2,120490500,1084.8,887.6,1102.5,649.1,1011.0,548,4,1010.9,10,2,1010.8,834,7,1010.7,693,8,1010.6,1607,16,1011.1,29,1,1011.2,94,6,1011.3,2362,9,1011.4,1079,8,1011.5,4032,17
317,2025-11-26 13:54:02+05:30,1011.0,14,1001.35,7499194,419854.0,448059.0,986.2,1012.8,981.3,986.2,120490500,1084.8,887.6,1102.5,649.1,1011.0,534,4,1010.9,10,2,1010.8,819,6,1010.7,708,9,1010.6,1607,16,1011.1,29,1,1011.2,94,6,1011.3,2362,9,1011.4,1079,8,1011.5,4032,17
317,2025-11-26 13:54:02+05:30,1011.0,14,1001.35,7499194,419854.0,448059.0,986.2,1012.8,981.3,986.2,120490500,1084.8,887.6,1102.5,649.1,1011.0,534,4,1010.9,10,2,1010.8,819,6,1010.7,708,9,1010.6,1607,16,1011.1,29,1,1011.2,94,6,1011.3,2362,9,1011.4,1079,8,1011.5,4032,17
317,2025-11-26 13:54:03+05:30,1011.1,4,1001.35,7499202,418913.0,447601.0,986.2,1012.8,981.3,986.2,120490500,1084.8,887.6,1102.5,649.1,1011.0,547,5,1010.9,10,2,1010.8,84,6,1010.7,1219,9,1010.6,1607,16,1011.1,21,1,1011.2,129,5,1011.3,2363,10,1011.4,1377,10,1011.5,3734,16
317,2025-11-26 13:54:03+05:30,1011.0,2,1001.35,7499202,418913.0,447601.0,986.2,1012.8,981.3,986.2,120490500,1084.8,887.6,1102.5,649.1,1011.0,547,5,1010.9,10,2,1010.8,84,6,1010.7,1219,9,1010.6,1607,16,1011.1,21,1,1011.2,129,5,1011.3,2363,10,1011.4,1377,10,1011.5,3734,16
317,2025-11-26 13:54:04+05:30,1011.0,171,1001.35,7499398,419343.0,448824.0,986.2,1012.8,981.3,986.2,120490500,1084.8,887.6,1102.5,649.1,1011.1,23,1,1011.0,374,5,1010.9,10,2,1010.8,892,7,1010.7,708,9,1011.2,129,5,1011.3,2363,10,1011.4,1047,8,1011.5,4030,17,1011.6,1594,10
317,2025-11-26 13:54:04+05:30,1011.0,171,1001.35,7499398,419343.0,448824.0,986.2,1012.8,981.3,986.2,120490500,1084.8,887.6,1102.5,649.1,1011.1,23,1,1011.0,374,5,1010.9,10,2,1010.8,892,7,1010.7,708,9,1011.2,129,5,1011.3,2363,10,1011.4,1047,8,1011.5,4030,17,1011.6,1594,10
317,2025-11-26 13:54:05+05:30,1011.1,1,1001.35,7499399,419342.0,448321.0,986.2,1012.8,981.3,986.2,120490500,1084.8,887.6,1102.5,649.1,1011.1,22,1,1011.0,374,5,1010.9,10,2,1010.8,877,6,1010.7,708,9,1011.2,205,6,1011.3,2363,10,1011.4,1047,8,1011.5,4058,18,1011.6,1594,10
317,2025-11-26 13:54:05+05:30,1011.2,2,1001.35,7499399,419342.0,448321.0,986.2,1012.8,981.3,986.2,120490500,1084.8,887.6,1102.5,649.1,1011.1,22,1,1011.0,374,5,1010.9,10,2,1010.8,877,6,1010.7,708,9,1011.2,205,6,1011.3,2363,10,1011.4,1047,8,1011.5,4058,18,1011.6,1594,10
317,2025-11-26 13:54:06+05:30,1011.2,1,1001.35,7499402,419321.0,448309.0,986.2,1012.8,981.3,986.2,120490500,1084.8,887.6,1102.5,649.1,1011.1,35,2,1011.0,347,3,1010.9,16,3,1010.8,912,7,1010.7,1227,10,1011.2,202,6,1011.3,2363,10,1011.4,1047,8,1011.5,4043,17,1011.6,1600,11
317,2025-11-26 13:54:06+05:30,1011.2,1,1001.35,7499402,419321.0,448309.0,986.2,1012.8,981.3,986.2,120490500,1084.8,887.6,1102.5,649.1,1011.1,35,2,1011.0,347,3,1010.9,16,3,1010.8,912,7,1010.7,1227,10,1011.2,202,6,1011.3,2363,10,1011.4,1047,8,1011.5,4043,17,1011.6,1600,11
317,2025-11-26 13:54:07+05:30,1011.2,10,1001.35,7499412,419203.0,450795.0,986.2,1012.8,981.3,986.2,120490500,1084.8,887.6,1102.5,649.1,1011.1,35,2,1011.0,347,3,1010.9,16,3,1010.8,839,6,1010.7,693,8,1011.2,2486,9,1011.3,2574,13,1011.4,1568,11,1011.5,3745,16,1011.6,1655,14
317,2025-11-26 13:54:07+05:30,1011.2,10,1001.35,7499412,419203.0,450795.0,986.2,1012.8,981.3,986.2,120490500,1084.8,887.6,1102.5,649.1,1011.1,35,2,1011.0,347,3,1010.9,16,3,1010.8,839,6,1010.7,693,8,1011.2,2486,9,1011.3,2574,13,1011.4,1568,11,1011.5,3745,16,1011.6,1655,14
317,2025-11-26 13:54:08+05:30,1011.2,10,1001.35,7499412,419244.0,451379.0,986.2,1012.8,981.3,986.2,120490500,1084.8,887.6,1102.5,649.1,1011.1,35,2,1011.0,347,3,1010.9,16,3,1010.8,839,6,1010.7,693,8,1011.2,2486,9,1011.3,2574,13,1011.4,1568,11,1011.5,3745,16,1011.6,1655,14
317,2025-11-26 13:54:09+05:30,1011.1,46,1001.35,7499493,419155.0,451163.0,986.2,1012.8,981.3,986.2,120490500,1084.8,887.6,1102.5,649.1,1011.1,23,1,1011.0,352,4,1010.9,16,3,1010.8,839,6,1010.7,693,8,1011.2,2652,11,1011.3,2574,13,1011.4,1568,11,1011.5,3745,16,1011.6,1655,14
317,2025-11-26 13:54:09+05:30,1011.1,46,1001.35,7499493,419155.0,451163.0,986.2,1012.8,981.3,986.2,120490500,1084.8,887.6,1102.5,649.1,1011.1,23,1,1011.0,352,4,1010.9,16,3,1010.8,839,6,1010.7,693,8,1011.2,2652,11,1011.3,2574,13,1011.4,1568,11,1011.5,3745,16,1011.6,1655,14
317,2025-11-26 13:54:10+05:30,1011.2,1,1001.35,7499622,419202.0,451220.0,986.2,1012.8,981.3,986.2,120490500,1084.8,887.6,1102.5,649.1,1011.1,22,1,1011.0,352,4,1010.9,16,3,1010.8,839,6,1010.7,693,8,1011.2,2612,9,1011.3,2632,12,1011.4,1607,14,1011.5,3745,16,1011.6,1655,14
317,2025-11-26 13:54:10+05:30,1011.2,1,1001.35,7499622,419202.0,451220.0,986.2,1012.8,981.3,986.2,120490500,1084.8,887.6,1102.5,649.1,1011.1,22,1,1011.0,352,4,1010.9,16,3,1010.8,839,6,1010.7,693,8,1011.2,2612,9,1011.3,2632,12,1011.4,1607,14,1011.5,3745,16,1011.6,1655,14
317,2025-11-26 13:54:11+05:30,1011.2,128,1001.36,7500135,419249.0,450705.0,986.2,1012.8,981.3,986.2,120490500,1084.8,887.6,1102.5,649.1,1011.1,22,1,1011.0,352,4,1010.9,16,3,1010.8,839,6,1010.7,693,8,1011.2,2099,7,1011.3,2493,10,1011.4,1607,14,1011.5,3745,16,1011.6,1655,14
317,2025-11-26 13:54:11+05:30,1011.2,128,1001.36,7500135,419249.0,450705.0,986.2,1012.8,981.3,986.2,120490500,1084.8,887.6,1102.5,649.1,1011.1,22,1,1011.0,352,4,1010.9,16,3,1010.8,839,6,1010.7,693,8,1011.2,2099,7,1011.3,2493,10,1011.4,1607,14,1011.5,3745,16,1011.6,1655,14
317,2025-11-26 13:54:12+05:30,1011.2,128,1001.36,7500135,419249.0,450705.0,986.2,1012.8,981.3,986.2,120490500,1084.8,887.6,1102.5,649.1,1011.1,22,1,1011.0,352,4,1010.9,16,3,1010.8,839,6,1010.7,693,8,1011.2,2099,7,1011.3,2493,10,1011.4,1607,14,1011.5,3745,16,1011.6,1655,14
317,2025-11-26 13:54:12+05:30,1011.2,128,1001.36,7500477,419650.0,450192.0,986.2,1012.8,981.3,986.2,120490500,1084.8,887.6,1102.5,649.1,1011.1,22,1,1011.0,352,4,1010.9,16,3,1010.8,910,7,1010.7,693,8,1011.2,1759,8,1011.3,2421,9,1011.4,1384,12,1011.5,3734,15,1011.6,1626,13
317,2025-11-26 13:54:13+05:30,1011.2,23,1001.36,7500663,419692.0,450351.0,986.2,1012.8,981.3,986.2,120490500,1084.8,887.6,1102.5,649.1,1011.1,4,1,1011.0,352,4,1010.9,16,3,1010.8,910,7,1010.7,693,8,1011.2,1836,10,1011.3,2503,10,1011.4,1384,12,1011.5,3734,15,1011.6,1626,13
317,2025-11-26 13:54:13+05:30,1011.2,23,1001.36,7500663,419692.0,450351.0,986.2,1012.8,981.3,986.2,120490500,1084.8,887.6,1102.5,649.1,1011.1,4,1,1011.0,352,4,1010.9,16,3,1010.8,910,7,1010.7,693,8,1011.2,1836,10,1011.3,2503,10,1011.4,1384,12,1011.5,3734,15,1011.6,1626,13
317,2025-11-26 13:54:14+05:30,1011.1,4,1001.36,7500663,419692.0,450351.0,986.2,1012.8,981.3,986.2,120490500,1084.8,887.6,1102.5,649.1,1011.1,4,1,1011.0,352,4,1010.9,16,3,1010.8,910,7,1010.7,693,8,1011.2,1836,10,1011.3,2503,10,1011.4,1384,12,1011.5,3734,15,1011.6,1626,13
317,2025-11-26 13:54:14+05:30,1011.1,4,1001.36,7500667,420370.0,450450.0,986.2,1012.8,981.3,986.2,120490500,1084.8,887.6,1102.5,649.1,1011.0,352,4,1010.9,16,3,1010.8,1070,9,1010.7,693,8,1010.6,1616,16,1011.1,4,1,1011.2,1724,8,1011.3,2349,8,1011.4,1311,11,1011.5,3641,14
317,2025-11-26 13:54:15+05:30,1011.2,3,1001.36,7500667,420370.0,450450.0,986.2,1012.8,981.3,986.2,120490500,1084.8,887.6,1102.5,649.1,1011.0,352,4,1010.9,16,3,1010.8,1070,9,1010.7,693,8,1010.6,1616,16,1011.1,4,1,1011.2,1724,8,1011.3,2349,8,1011.4,1311,11,1011.5,3641,14
317,2025-11-26 13:54:15+05:30,1011.2,3,1001.36,7500747,419635.0,450069.0,986.2,1012.8,981.3,986.2,120490500,1084.8,887.6,1102.5,649.1,1011.1,37,1,1011.0,352,4,1010.9,16,3,1010.8,910,7,1010.7,693,8,1011.2,1719,8,1011.3,2419,9,1011.4,1381,12,1011.5,3665,15,1011.6,1626,13
317,2025-11-26 13:54:16+05:30,1011.2,2,1001.36,7500747,419635.0,450069.0,986.2,1012.8,981.3,986.2,120490500,1084.8,887.6,1102.5,649.1,1011.1,37,1,1011.0,352,4,1010.9,16,3,1010.8,910,7,1010.7,693,8,1011.2,1719,8,1011.3,2419,9,1011.4,1381,12,1011.5,3665,15,1011.6,1626,13
317,2025-11-26 13:54:16+05:30,1011.2,2,1001.36,7500749,419627.0,450302.0,986.2,1012.8,981.3,986.2,120490500,1084.8,887.6,1102.5,649.1,1011.1,37,1,1011.0,364,5,1010.9,16,3,1010.8,910,7,1010.7,693,8,1011.2,1717,8,1011.3,2507,10,1011.4,1528,13,1011.5,3665,15,1011.6,1626,13
317,2025-11-26 13:54:17+05:30,1011.1,1,1001.36,7500750,419584.0,450388.0,986.2,1012.8,981.3,986.2,120490500,1084.8,887.6,1102.5,649.1,1011.1,36,1,1011.0,364,5,1010.9,16,3,1010.8,910,7,1010.7,693,8,1011.2,1717,8,1011.3,2590,11,1011.4,1531,14,1011.5,3665,15,1011.6,1626,13
317,2025-11-26 13:54:18+05:30,1011.1,1,1001.36,7500750,419584.0,450388.0,986.2,1012.8,981.3,986.2,120490500,1084.8,887.6,1102.5,649.1,1011.1,36,1,1011.0,364,5,1010.9,16,3,1010.8,910,7,1010.7,693,8,1011.2,1717,8,1011.3,2590,11,1011.4,1531,14,1011.5,3665,15,1011.6,1626,13
317,2025-11-26 13:54:18+05:30,1011.2,1,1001.36,7500753,419583.0,450385.0,986.2,1012.8,981.3,986.2,120490500,1084.8,887.6,1102.5,649.1,1011.1,49,2,1011.0,362,4,1010.9,16,3,1010.8,910,7,1010.7,693,8,1011.2,1714,8,1011.3,2590,11,1011.4,1531,14,1011.5,3665,15,1011.6,1626,13
317,2025-11-26 13:54:19+05:30,1011.0,1,1001.36,7500753,419583.0,450385.0,986.2,1012.8,981.3,986.2,120490500,1084.8,887.6,1102.5,649.1,1011.1,49,2,1011.0,362,4,1010.9,16,3,1010.8,910,7,1010.7,693,8,1011.2,1714,8,1011.3,2590,11,1011.4,1531,14,1011.5,3665,15,1011.6,1626,13
317,2025-11-26 13:54:19+05:30,1011.0,110,1001.36,7500922,420091.0,450780.0,986.2,1012.8,981.3,986.2,120490500,1084.8,887.6,1102.5,649.1,1011.0,242,4,1010.9,10,2,1010.8,839,6,1010.7,693,8,1010.6,1630,17,1011.1,14,1,1011.2,1714,8,1011.3,2526,10,1011.4,1552,15,1011.5,3709,15
317,2025-11-26 13:54:20+05:30,1011.1,1,1001.36,7500922,420091.0,450780.0,986.2,1012.8,981.3,986.2,120490500,1084.8,887.6,1102.5,649.1,1011.0,242,4,1010.9,10,2,1010.8,839,6,1010.7,693,8,1010.6,1630,17,1011.1,14,1,1011.2,1714,8,1011.3,2526,10,1011.4,1552,15,1011.5,3709,15
317,2025-11-26 13:54:21+05:30,1011.1,1,1001.36,7500928,420392.0,450479.0,986.2,1012.8,981.3,986.2,120490500,1084.8,887.6,1102.5,649.1,1011.0,242,4,1010.9,5,1,1010.8,906,7,1010.7,1229,9,1010.6,1630,17,1011.1,8,1,1011.2,1811,9,1011.3,2526,10,1011.4,1552,15,1011.5,3735,17
317,2025-11-26 13:54:21+05:30,1011.1,1,1001.36,7500928,420392.0,450479.0,986.2,1012.8,981.3,986.2,120490500,1084.8,887.6,1102.5,649.1,1011.0,242,4,1010.9,5,1,1010.8,906,7,1010.7,1229,9,1010.6,1630,17,1011.1,8,1,1011.2,1811,9,1011.3,2526,10,1011.4,1552,15,1011.5,3735,17
317,2025-11-26 13:54:22+05:30,1011.2,121,1001.36,7502428,419507.0,447261.0,986.2,1012.8,981.3,986.2,120490500,1084.8,887.6,1102.5,649.1,1011.0,242,4,1010.9,21,2,1010.8,462,10,1010.7,746,9,1010.6,1401,16,1011.2,524,7,1011.3,2209,7,1011.4,940,10,1011.5,4021,17,1011.6,1496,10
317,2025-11-26 13:54:22+05:30,1011.2,128,1001.36,7502428,419507.0,447261.0,986.2,1012.8,981.3,986.2,120490500,1084.8,887.6,1102.5,649.1,1011.0,242,4,1010.9,21,2,1010.8,462,10,1010.7,746,9,1010.6,1401,16,1011.2,524,7,1011.3,2209,7,1011.4,940,10,1011.5,4021,17,1011.6,1496,10
317,2025-11-26 13:54:23+05:30,1011.2,4,1001.36,7502649,420055.0,448220.0,986.2,1012.8,981.3,986.2,120490500,1084.8,887.6,1102.5,649.1,1011.0,262,5,1010.9,106,3,1010.8,697,13,1010.7,746,9,1010.6,866,15,1011.2,303,6,1011.3,2209,7,1011.4,965,11,1011.5,3714,15,1011.6,1509,11
317,2025-11-26 13:54:23+05:30,1011.2,22,1001.36,7502649,420055.0,448220.0,986.2,1012.8,981.3,986.2,120490500,1084.8,887.6,1102.5,649.1,1011.0,262,5,1010.9,106,3,1010.8,697,13,1010.7,746,9,1010.6,866,15,1011.2,303,6,1011.3,2209,7,1011.4,965,11,1011.5,3714,15,1011.6,1509,11
317,2025-11-26 13:54:24+05:30,1011.2,39,1001.36,7502944,419914.0,447866.0,986.2,1012.8,981.3,986.2,120490500,1084.8,887.6,1102.5,649.1,1011.0,212,5,1010.9,5,1,1010.8,697,13,1010.7,708,8,1010.6,1453,18,1011.2,198,5,1011.3,2209,7,1011.4,1301,13,1011.5,3714,15,1011.6,1509,11
317,2025-11-26 13:54:24+05:30,1011.2,39,1001.36,7502944,419914.0,447866.0,986.2,1012.8,981.3,986.2,120490500,1084.8,887.6,1102.5,649.1,1011.0,212,5,1010.9,5,1,1010.8,697,13,1010.7,708,8,1010.6,1453,18,1011.2,198,5,1011.3,2209,7,1011.4,1301,13,1011.5,3714,15,1011.6,1509,11
317,2025-11-26 13:54:25+05:30,1011.2,2,1001.36,7502948,419768.0,447862.0,986.2,1012.8,981.3,986.2,120490500,1084.8,887.6,1102.5,649.1,1011.0,212,5,1010.9,5,1,1010.8,535,11,1010.7,724,9,1010.6,1453,18,1011.2,194,5,1011.3,2209,7,1011.4,1003,12,1011.5,3714,15,1011.6,1807,12
317,2025-11-26 13:54:25+05:30,1011.2,1,1001.36,7502948,419768.0,447862.0,986.2,1012.8,981.3,986.2,120490500,1084.8,887.6,1102.5,649.1,1011.0,212,5,1010.9,5,1,1010.8,535,11,1010.7,724,9,1010.6,1453,18,1011.2,194,5,1011.3,2209,7,1011.4,1003,12,1011.5,3714,15,1011.6,1807,12
317,2025-11-26 13:54:26+05:30,1011.2,31,1001.36,7503453,420210.0,447777.0,986.2,1012.8,981.3,986.2,120490500,1084.8,887.6,1102.5,649.1,1011.0,434,4,1010.9,5,1,1010.8,604,11,1010.7,690,8,1010.6,1491,19,1011.2,107,4,1011.3,2209,7,1011.4,1047,12,1011.5,3714,15,1011.6,1509,11
317,2025-11-26 13:54:26+05:30,1011.2,31,1001.36,7503453,420210.0,447777.0,986.2,1012.8,981.3,986.2,120490500,1084.8,887.6,1102.5,649.1,1011.0,434,4,1010.9,5,1,1010.8,604,11,1010.7,690,8,1010.6,1491,19,1011.2,107,4,1011.3,2209,7,1011.4,1047,12,1011.5,3714,15,1011.6,1509,11
317,2025-11-26 13:54:27+05:30,1011.2,20,1001.36,7503628,420062.0,447904.0,986.2,1012.8,981.3,986.2,120490500,1084.8,887.6,1102.5,649.1,1011.0,255,4,1010.9,5,1,1010.8,604,10,1010.7,633,8,1010.6,1377,17,1011.2,87,4,1011.3,2278,8,1011.4,1434,14,1011.5,3714,15,1011.6,1483,9
317,2025-11-26 13:54:27+05:30,1011.2,20,1001.36,7503628,420062.0,447904.0,986.2,1012.8,981.3,986.2,120490500,1084.8,887.6,1102.5,649.1,1011.0,255,4,1010.9,5,1,1010.8,604,10,1010.7,633,8,1010.6,1377,17,1011.2,87,4,1011.3,2278,8,1011.4,1434,14,1011.5,3714,15,1011.6,1483,9
317,2025-11-26 13:54:28+05:30,1011.2,20,1001.36,7503628,419938.0,448075.0,986.2,1012.8,981.3,986.2,120490500,1084.8,887.6,1102.5,649.1,1011.0,255,4,1010.9,5,1,1010.8,604,10,1010.7,690,8,1010.6,1502,18,1011.2,258,5,1011.3,2278,8,1011.4,1434,14,1011.5,3714,15,1011.6,1483,9
317,2025-11-26 13:54:29+05:30,1011.1,253,1001.36,7503881,421551.0,448269.0,986.2,1012.8,981.3,986.2,120490500,1084.8,887.6,1102.5,649.1,1011.0,255,4,1010.9,5,1,1010.8,986,7,1010.7,698,8,1010.6,962,20,1011.1,58,1,1011.2,394,6,1011.3,2424,9,1011.4,1136,13,1011.5,4012,16
317,2025-11-26 13:54:29+05:30,1011.1,253,1001.36,7503881,421551.0,448269.0,986.2,1012.8,981.3,986.2,120490500,1084.8,887.6,1102.5,649.1,1011.0,255,4,1010.9,5,1,1010.8,986,7,1010.7,698,8,1010.6,962,20,1011.1,58,1,1011.2,394,6,1011.3,2424,9,1011.4,1136,13,1011.5,4012,16
317,2025-11-26 13:54:30+05:30,1011.1,25,1001.36,7503908,421318.0,448476.0,986.2,1012.8,981.3,986.2,120490500,1084.8,887.6,1102.5,649.1,1011.0,255,4,1010.9,5,1,1010.8,1205,9,1010.7,698,8,1010.6,1533,21,1011.1,31,1,1011.2,394,6,1011.3,2424,9,1011.4,1136,13,1011.5,4012,16
317,2025-11-26 13:54:30+05:30,1011.0,8,1001.36,7503908,421318.0,448476.0,986.2,1012.8,981.3,986.2,120490500,1084.8,887.6,1102.5,649.1,1011.0,255,4,1010.9,5,1,1010.8,1205,9,1010.7,698,8,1010.6,1533,21,1011.1,31,1,1011.2,394,6,1011.3,2424,9,1011.4,1136,13,1011.5,4012,16
317,2025-11-26 13:54:31+05:30,1011.1,1,1001.36,7504191,421082.0,449032.0,986.2,1012.8,981.3,986.2,120490500,1084.8,887.6,1102.5,649.1,1011.0,231,3,1010.9,5,1,1010.8,1059,8,1010.7,727,9,1010.6,1429,20,1011.1,21,1,1011.2,394,6,1011.3,2424,9,1011.4,1434,14,1011.5,3714,15
317,2025-11-26 13:54:31+05:30,1011.1,1,1001.36,7504191,421082.0,449032.0,986.2,1012.8,981.3,986.2,120490500,1084.8,887.6,1102.5,649.1,1011.0,231,3,1010.9,5,1,1010.8,1059,8,1010.7,727,9,1010.6,1429,20,1011.1,21,1,1011.2,394,6,1011.3,2424,9,1011.4,1434,14,1011.5,3714,15
317,2025-11-26 13:54:32+05:30,1011.1,1,1001.36,7504191,421191.0,448631.0,986.2,1012.8,981.3,986.2,120490500,1084.8,887.6,1102.5,649.1,1011.0,231,3,1010.9,5,1,1010.8,1128,9,1010.7,727,9,1010.6,1425,20,1011.1,21,1,1011.2,456,7,1011.3,2424,9,1011.4,1421,14,1011.5,3714,15
317,2025-11-26 13:54:33+05:30,1011.1,10,1001.36,7504223,421514.0,448463.0,986.2,1012.8,981.3,986.2,120490500,1084.8,887.6,1102.5,649.1,1011.0,231,3,1010.9,5,1,1010.8,1156,10,1010.7,698,8,1010.6,946,19,1011.1,8,1,1011.2,404,6,1011.3,2355,8,1011.4,1098,12,1011.5,4012,16
317,2025-11-26 13:54:33+05:30,1011.1,10,1001.36,7504223,421514.0,448463.0,986.2,1012.8,981.3,986.2,120490500,1084.8,887.6,1102.5,649.1,1011.0,231,3,1010.9,5,1,1010.8,1156,10,1010.7,698,8,1010.6,946,19,1011.1,8,1,1011.2,404,6,1011.3,2355,8,1011.4,1098,12,1011.5,4012,16
317,2025-11-26 13:54:34+05:30,1011.2,15,1001.36,7504973,421655.0,447998.0,986.2,1012.8,981.3,986.2,120490500,1084.8,887.6,1102.5,649.1,1011.0,244,4,1010.9,207,2,1010.8,1395,13,1010.7,698,8,1010.6,1437,19,1011.2,49,2,1011.3,2204,6,1011.4,1015,12,1011.5,4019,17,1011.6,1494,9
317,2025-11-26 13:54:34+05:30,1011.2,13,1001.36,7504973,421655.0,447998.0,986.2,1012.8,981.3,986.2,120490500,1084.8,887.6,1102.5,649.1,1011.0,244,4,1010.9,207,2,1010.8,1395,13,1010.7,698,8,1010.6,1437,19,1011.2,49,2,1011.3,2204,6,1011.4,1015,12,1011.5,4019,17,1011.6,1494,9
317,2025-11-26 13:54:35+05:30,1011.2,13,1001.36,7505035,421912.0,447296.0,986.2,1012.8,981.3,986.2,120490500,1084.8,887.6,1102.5,649.1,1011.2,1,1,1011.1,112,1,1011.0,249,5,1010.9,180,3,1010.8,1445,12,1011.3,2274,7,1011.4,994,12,1011.5,3712,15,1011.6,1489,8,1011.7,1932,20
317,2025-11-26 13:54:35+05:30,1011.3,2,1001.36,7505035,421912.0,447296.0,986.2,1012.8,981.3,986.2,120490500,1084.8,887.6,1102.5,649.1,1011.2,1,1,1011.1,112,1,1011.0,249,5,1010.9,180,3,1010.8,1445,12,1011.3,2274,7,1011.4,994,12,1011.5,3712,15,1011.6,1489,8,1011.7,1932,20
317,2025-11-26 13:54:36+05:30,1011.3,2,1001.36,7505150,421946.0,447650.0,986.2,1012.8,981.3,986.2,120490500,1084.8,887.6,1102.5,649.1,1011.2,1,1,1011.0,236,4,1010.9,261,4,1010.8,1445,12,1010.7,756,10,1011.3,2473,6,1011.4,1082,13,1011.5,4039,17,1011.6,1489,8,1011.7,1932,20
317,2025-11-26 13:54:36+05:30,1011.2,1,1001.36,7505150,421946.0,447650.0,986.2,1012.8,981.3,986.2,120490500,1084.8,887.6,1102.5,649.1,1011.2,1,1,1011.0,236,4,1010.9,261,4,1010.8,1445,12,1010.7,756,10,1011.3,2473,6,1011.4,1082,13,1011.5,4039,17,1011.6,1489,8,1011.7,1932,20
317,2025-11-26 13:54:37+05:30,1011.2,15,1001.36,7505150,421946.0,447650.0,986.2,1012.8,981.3,986.2,120490500,1084.8,887.6,1102.5,649.1,1011.2,1,1,1011.0,236,4,1010.9,261,4,1010.8,1445,12,1010.7,756,10,1011.3,2473,6,1011.4,1082,13,1011.5,4039,17,1011.6,1489,8,1011.7,1932,20
317,2025-11-26 13:54:37+05:30,1011.2,15,1001.36,7505167,421848.0,448258.0,986.2,1012.8,981.3,986.2,120490500,1084.8,887.6,1102.5,649.1,1011.0,236,4,1010.9,220,4,1010.8,1338,11,1010.7,727,9,1010.6,1426,18,1011.2,33,1,1011.3,2403,5,1011.4,1038,13,1011.5,4010,16,1011.6,1489,8
317,2025-11-26 13:54:38+05:30,1011.2,15,1001.36,7505167,421869.0,447606.0,986.2,1012.8,981.3,986.2,120490500,1084.8,887.6,1102.5,649.1,1011.0,257,6,1010.9,220,4,1010.8,1367,12,1010.7,698,8,1010.6,1426,18,1011.2,33,1,1011.3,2403,5,1011.4,1038,13,1011.5,4010,16,1011.6,1489,8
317,2025-11-26 13:54:39+05:30,1011.2,15,1001.36,7505167,422468.0,448078.0,986.2,1012.8,981.3,986.2,120490500,1084.8,887.6,1102.5,649.1,1011.0,257,6,1010.9,5,1,1010.8,1249,10,1010.7,738,9,1010.6,909,17,1011.1,31,1,1011.2,33,1,1011.3,2403,5,1011.4,1213,15,1011.5,4023,17
317,2025-11-26 13:54:40+05:30,1011.1,2,1001.36,7505167,422468.0,448078.0,986.2,1012.8,981.3,986.2,120490500,1084.8,887.6,1102.5,649.1,1011.0,257,6,1010.9,5,1,1010.8,1249,10,1010.7,738,9,1010.6,909,17,1011.1,31,1,1011.2,33,1,1011.3,2403,5,1011.4,1213,15,1011.5,4023,17
317,2025-11-26 13:54:40+05:30,1011.1,2,1001.36,7505169,422614.0,448840.0,986.2,1012.8,981.3,986.2,120490500,1084.8,887.6,1102.5,649.1,1011.0,257,6,1010.9,5,1,1010.8,1249,10,1010.7,738,9,1010.6,909,17,1011.1,30,2,1011.2,33,1,1011.3,2403,5,1011.4,1174,12,1011.5,4023,17
317,2025-11-26 13:54:41+05:30,1011.0,101,1001.36,7505169,422614.0,448840.0,986.2,1012.8,981.3,986.2,120490500,1084.8,887.6,1102.5,649.1,1011.0,257,6,1010.9,5,1,1010.8,1249,10,1010.7,738,9,1010.6,909,17,1011.1,30,2,1011.2,33,1,1011.3,2403,5,1011.4,1174,12,1011.5,4023,17
317,2025-11-26 13:54:41+05:30,1011.0,101,1001.36,7505272,422360.0,448643.0,986.2,1012.8,981.3,986.2,120490500,1084.8,887.6,1102.5,649.1,1011.0,150,5,1010.9,10,2,1010.8,1045,7,1010.7,790,11,1010.6,909,17,1011.1,28,2,1011.2,33,1,1011.3,2659,8,1011.4,1494,14,1011.5,3725,16
317,2025-11-26 13:54:42+05:30,1011.1,32,1001.36,7505272,422360.0,448643.0,986.2,1012.8,981.3,986.2,120490500,1084.8,887.6,1102.5,649.1,1011.0,150,5,1010.9,10,2,1010.8,1045,7,1010.7,790,11,1010.6,909,17,1011.1,28,2,1011.2,33,1,1011.3,2659,8,1011.4,1494,14,1011.5,3725,16
317,2025-11-26 13:54:42+05:30,1011.1,32,1001.36,7505332,422331.0,448825.0,986.2,1012.8,981.3,986.2,120490500,1084.8,887.6,1102.5,649.1,1011.0,150,5,1010.9,66,4,1010.8,1217,9,1010.7,738,9,1010.6,909,17,1011.1,31,1,1011.2,33,1,1011.3,2659,8,1011.4,1174,12,1011.5,3725,16
317,2025-11-26 13:54:43+05:30,1011.0,1,1001.36,7505332,422331.0,448825.0,986.2,1012.8,981.3,986.2,120490500,1084.8,887.6,1102.5,649.1,1011.0,150,5,1010.9,66,4,1010.8,1217,9,1010.7,738,9,1010.6,909,17,1011.1,31,1,1011.2,33,1,1011.3,2659,8,1011.4,1174,12,1011.5,3725,16
317,2025-11-26 13:54:43+05:30,1011.0,1,1001.36,7505365,422506.0,448977.0,986.2,1012.8,981.3,986.2,120490500,1084.8,887.6,1102.5,649.1,1011.0,149,5,1010.9,40,3,1010.8,1357,11,1010.7,764,10,1010.6,909,17,1011.1,31,1,1011.2,33,1,1011.3,2591,7,1011.4,1085,11,1011.5,4023,17
317,2025-11-26 13:54:44+05:30,1011.0,78,1001.36,7505365,422506.0,448977.0,986.2,1012.8,981.3,986.2,120490500,1084.8,887.6,1102.5,649.1,1011.0,149,5,1010.9,40,3,1010.8,1357,11,1010.7,764,10,1010.6,909,17,1011.1,31,1,1011.2,33,1,1011.3,2591,7,1011.4,1085,11,1011.5,4023,17
317,2025-11-26 13:54:44+05:30,1011.0,78,1001.36,7505656,421788.0,448444.0,986.2,1012.8,981.3,986.2,120490500,1084.8,887.6,1102.5,649.1,1011.1,23,1,1011.0,440,3,1010.9,40,3,1010.8,1143,9,1010.7,764,10,1011.2,33,1,1011.3,2658,8,1011.4,1068,11,1011.5,4045,18,1011.6,1415,7
317,2025-11-26 13:54:45+05:30,1011.2,2,1001.36,7505656,421788.0,448444.0,986.2,1012.8,981.3,986.2,120490500,1084.8,887.6,1102.5,649.1,1011.1,23,1,1011.0,440,3,1010.9,40,3,1010.8,1143,9,1010.7,764,10,1011.2,33,1,1011.3,2658,8,1011.4,1068,11,1011.5,4045,18,1011.6,1415,7
317,2025-11-26 13:54:45+05:30,1011.2,2,1001.36,7505667,421689.0,448336.0,986.2,1012.8,981.3,986.2,120490500,1084.8,887.6,1102.5,649.1,1011.1,28,2,1011.0,440,3,1010.9,40,3,1010.8,1284,9,1010.7,764,10,1011.2,22,1,1011.3,2658,8,1011.4,979,10,1011.5,4045,18,1011.6,1415,7
317,2025-11-26 13:54:46+05:30,1011.3,127,1001.36,7506324,420584.0,448033.0,986.2,1012.8,981.3,986.2,120490500,1084.8,887.6,1102.5,649.1,1011.2,1,1,1011.1,6,2,1011.0,435,2,1010.9,5,1,1010.8,1029,8,1011.3,2329,8,1011.4,980,10,1011.5,4016,17,1011.6,1505,10,1011.7,1932,20
317,2025-11-26 13:54:46+05:30,1011.3,127,1001.36,7506324,420584.0,448033.0,986.2,1012.8,981.3,986.2,120490500,1084.8,887.6,1102.5,649.1,1011.2,1,1,1011.1,6,2,1011.0,435,2,1010.9,5,1,1010.8,1029,8,1011.3,2329,8,1011.4,980,10,1011.5,4016,17,1011.6,1505,10,1011.7,1932,20
317,2025-11-26 13:54:47+05:30,1011.3,128,1001.36,7506324,420584.0,448033.0,986.2,1012.8,981.3,986.2,120490500,1084.8,887.6,1102.5,649.1,1011.2,1,1,1011.1,6,2,1011.0,435,2,1010.9,5,1,1010.8,1029,8,1011.3,2329,8,1011.4,980,10,1011.5,4016,17,1011.6,1505,10,1011.7,1932,20
317,2025-11-26 13:54:47+05:30,1011.3,128,1001.36,7506964,420704.0,446621.0,986.2,1012.8,981.3,986.2,120490500,1084.8,887.6,1102.5,649.1,1011.1,16,2,1011.0,493,4,1010.9,5,1,1010.8,1175,9,1010.7,594,8,1011.3,1575,7,1011.4,980,10,1011.5,3913,17,1011.6,1482,9,1011.7,1932,20
317,2025-11-26 13:54:48+05:30,1011.3,128,1001.36,7506964,420704.0,446621.0,986.2,1012.8,981.3,986.2,120490500,1084.8,887.6,1102.5,649.1,1011.1,16,2,1011.0,493,4,1010.9,5,1,1010.8,1175,9,1010.7,594,8,1011.3,1575,7,1011.4,980,10,1011.5,3913,17,1011.6,1482,9,1011.7,1932,20
317,2025-11-26 13:54:48+05:30,1011.3,128,1001.36,7507603,421048.0,446249.0,986.2,1012.8,981.3,986.2,120490500,1084.8,887.6,1102.5,649.1,1011.1,16,2,1011.0,498,5,1010.9,244,4,1010.8,1410,11,1010.7,742,9,1011.3,936,7,1011.4,676,7,1011.5,3861,16,1011.6,1347,7,1011.7,1813,20
317,2025-11-26 13:54:49+05:30,1011.2,128,1001.37,7507870,421603.0,447450.0,986.2,1012.8,981.3,986.2,120490500,1084.8,887.6,1102.5,649.1,1011.1,5,1,1011.0,439,4,1010.9,1033,8,1010.8,1505,12,1010.7,742,9,1011.2,52,1,1011.3,1046,10,1011.4,744,8,1011.5,3957,17,1011.6,1355,8
317,2025-11-26 13:54:49+05:30,1011.2,128,1001.37,7507870,421603.0,447450.0,986.2,1012.8,981.3,986.2,120490500,1084.8,887.6,1102.5,649.1,1011.1,5,1,1011.0,439,4,1010.9,1033,8,1010.8,1505,12,1010.7,742,9,1011.2,52,1,1011.3,1046,10,1011.4,744,8,1011.5,3957,17,1011.6,1355,8
317,2025-11-26 13:54:50+05:30,1011.1,11,1001.37,7508018,421549.0,446921.0,986.2,1012.8,981.3,986.2,120490500,1084.8,887.6,1102.5,649.1,1011.1,5,1,1011.0,439,4,1010.9,452,6,1010.8,1536,13,1010.7,742,9,1011.2,56,2,1011.3,1046,10,1011.4,890,9,1011.5,3957,17,1011.6,1355,8
317,2025-11-26 13:54:50+05:30,1011.1,11,1001.37,7508018,421549.0,446921.0,986.2,1012.8,981.3,986.2,120490500,1084.8,887.6,1102.5,649.1,1011.1,5,1,1011.0,439,4,1010.9,452,6,1010.8,1536,13,1010.7,742,9,1011.2,56,2,1011.3,1046,10,1011.4,890,9,1011.5,3957,17,1011.6,1355,8
317,2025-11-26 13:54:51+05:30,1011.2,1,1001.37,7508018,421549.0,446921.0,986.2,1012.8,981.3,986.2,120490500,1084.8,887.6,1102.5,649.1,1011.1,5,1,1011.0,439,4,1010.9,452,6,1010.8,1536,13,1010.7,742,9,1011.2,56,2,1011.3,1046,10,1011.4,890,9,1011.5,3957,17,1011.6,1355,8
317,2025-11-26 13:54:51+05:30,1011.2,1,1001.37,7508019,421639.0,446920.0,986.2,1012.8,981.3,986.2,120490500,1084.8,887.6,1102.5,649.1,1011.1,5,1,1011.0,439,4,1010.9,421,5,1010.8,1567,14,1010.7,742,9,1011.2,55,2,1011.3,1046,10,1011.4,890,9,1011.5,3957,17,1011.6,1355,8
317,2025-11-26 13:54:52+05:30,1011.2,17,1001.37,7508019,421639.0,446920.0,986.2,1012.8,981.3,986.2,120490500,1084.8,887.6,1102.5,649.1,1011.1,5,1,1011.0,439,4,1010.9,421,5,1010.8,1567,14,1010.7,742,9,1011.2,55,2,1011.3,1046,10,1011.4,890,9,1011.5,3957,17,1011.6,1355,8
317,2025-11-26 13:54:52+05:30,1011.2,17,1001.37,7508036,421674.0,446893.0,986.2,1012.8,981.3,986.2,120490500,1084.8,887.6,1102.5,649.1,1011.1,5,1,1011.0,439,4,1010.9,421,5,1010.8,1567,14,1010.7,742,9,1011.2,38,2,1011.3,1046,10,1011.4,890,9,1011.5,3942,16,1011.6,1360,9
317,2025-11-26 13:54:53+05:30,1011.2,23,1001.37,7508036,421674.0,446893.0,986.2,1012.8,981.3,986.2,120490500,1084.8,887.6,1102.5,649.1,1011.1,5,1,1011.0,439,4,1010.9,421,5,1010.8,1567,14,1010.7,742,9,1011.2,38,2,1011.3,1046,10,1011.4,890,9,1011.5,3942,16,1011.6,1360,9
317,2025-11-26 13:54:53+05:30,1011.2,23,1001.37,7508068,421698.0,447040.0,986.2,1012.8,981.3,986.2,120490500,1084.8,887.6,1102.5,649.1,1011.1,5,1,1011.0,439,4,1010.9,488,6,1010.8,1567,14,1010.7,742,9,1011.2,14,3,1011.3,1046,10,1011.4,890,9,1011.5,3973,17,1011.6,1360,9
317,2025-11-26 13:54:54+05:30,1011.2,15,1001.37,7508068,421698.0,447040.0,986.2,1012.8,981.3,986.2,120490500,1084.8,887.6,1102.5,649.1,1011.1,5,1,1011.0,439,4,1010.9,488,6,1010.8,1567,14,1010.7,742,9,1011.2,14,3,1011.3,1046,10,1011.4,890,9,1011.5,3973,17,1011.6,1360,9
317,2025-11-26 13:54:54+05:30,1011.2,15,1001.37,7508383,421365.0,446653.0,986.2,1012.8,981.3,986.2,120490500,1084.8,887.6,1102.5,649.1,1011.1,4,1,1011.0,440,4,1010.9,82,3,1010.8,1386,9,1010.7,772,10,1011.3,1091,11,1011.4,929,10,1011.5,3672,14,1011.6,1511,11,1011.7,1787,18
317,2025-11-26 13:54:55+05:30,1011.3,1,1001.37,7508383,421365.0,446653.0,986.2,1012.8,981.3,986.2,120490500,1084.8,887.6,1102.5,649.1,1011.1,4,1,1011.0,440,4,1010.9,82,3,1010.8,1386,9,1010.7,772,10,1011.3,1091,11,1011.4,929,10,1011.5,3672,14,1011.6,1511,11,1011.7,1787,18
317,2025-11-26 13:54:55+05:30,1011.2,100,1001.37,7508513,421684.0,446148.0,986.2,1012.8,981.3,986.2,120490500,1084.8,887.6,1102.5,649.1,1011.2,12,1,1011.1,2,1,1011.0,445,5,1010.9,91,3,1010.8,1466,11,1011.3,1061,11,1011.4,929,10,1011.5,3970,15,1011.6,1479,11,1011.7,1787,18
317,2025-11-26 13:54:56+05:30,1011.3,3,1001.37,7508513,421684.0,446148.0,986.2,1012.8,981.3,986.2,120490500,1084.8,887.6,1102.5,649.1,1011.2,12,1,1011.1,2,1,1011.0,445,5,1010.9,91,3,1010.8,1466,11,1011.3,1061,11,1011.4,929,10,1011.5,3970,15,1011.6,1479,11,1011.7,1787,18
317,2025-11-26 13:54:56+05:30,1011.3,3,1001.37,7508517,421665.0,446532.0,986.2,1012.8,981.3,986.2,120490500,1084.8,887.6,1102.5,649.1,1011.2,17,2,1011.1,2,1,1011.0,445,5,1010.9,91,3,1010.8,1466,11,1011.3,1291,12,1011.4,1083,12,1011.5,3970,15,1011.6,1479,11,1011.7,1787,18
317,2025-11-26 13:54:57+05:30,1011.3,3,1001.37,7508517,421783.0,445904.0,986.2,1012.8,981.3,986.2,120490500,1084.8,887.6,1102.5,649.1,1011.2,17,2,1011.1,11,3,1011.0,445,5,1010.9,297,4,1010.8,1629,13,1011.3,1541,13,1011.4,822,8,1011.5,3901,14,1011.6,1455,9,1011.7,1779,17
317,2025-11-26 13:54:58+05:30,1011.3,3,1001.37,7508517,421760.0,445904.0,986.2,1012.8,981.3,986.2,120490500,1084.8,887.6,1102.5,649.1,1011.2,20,3,1011.1,9,2,1011.0,445,5,1010.9,297,4,1010.8,1629,13,1011.3,1541,13,1011.4,822,8,1011.5,3901,14,1011.6,1455,9,1011.7,1787,18
317,2025-11-26 13:54:59+05:30,1011.2,3,1001.37,7508517,421760.0,445904.0,986.2,1012.8,981.3,986.2,120490500,1084.8,887.6,1102.5,649.1,1011.2,20,3,1011.1,9,2,1011.0,445,5,1010.9,297,4,1010.8,1629,13,1011.3,1541,13,1011.4,822,8,1011.5,3901,14,1011.6,1455,9,1011.7,1787,18
317,2025-11-26 13:54:59+05:30,1011.2,3,1001.37,7508537,422154.0,446404.0,986.2,1012.8,981.3,986.2,120490500,1084.8,887.6,1102.5,649.1,1011.1,9,2,1011.0,445,5,1010.9,328,5,1010.8,1598,12,1010.7,798,10,1011.2,13,1,1011.3,1546,14,1011.4,822,8,1011.5,3966,15,1011.6,1426,8
317,2025-11-26 13:55:00+05:30,1011.2,1,1001.37,7508537,422154.0,446404.0,986.2,1012.8,981.3,986.2,120490500,1084.8,887.6,1102.5,649.1,1011.1,9,2,1011.0,445,5,1010.9,328,5,1010.8,1598,12,1010.7,798,10,1011.2,13,1,1011.3,1546,14,1011.4,822,8,1011.5,3966,15,1011.6,1426,8
317,2025-11-26 13:55:00+05:30,1011.1,4,1001.37,7508546,421998.0,446533.0,986.2,1012.8,981.3,986.2,120490500,1084.8,887.6,1102.5,649.1,1011.1,3,2,1011.0,445,5,1010.9,151,3,1010.8,1598,12,1010.7,825,11,1011.2,14,3,1011.3,1545,13,1011.4,972,10,1011.5,3989,16,1011.6,1426,8
317,2025-11-26 13:55:01+05:30,1011.2,1,1001.37,7508546,421998.0,446533.0,986.2,1012.8,981.3,986.2,120490500,1084.8,887.6,1102.5,649.1,1011.1,3,2,1011.0,445,5,1010.9,151,3,1010.8,1598,12,1010.7,825,11,1011.2,14,3,1011.3,1545,13,1011.4,972,10,1011.5,3989,16,1011.6,1426,8
317,2025-11-26 13:55:01+05:30,1011.0,21,1001.37,7508607,421398.0,447760.0,986.2,1012.8,981.3,986.2,120490500,1084.8,887.6,1102.5,649.1,1011.0,424,5,1010.9,86,2,1010.8,1081,5,1010.7,825,11,1010.6,1449,17,1011.2,363,4,1011.3,1545,13,1011.4,1104,12,1011.5,3995,16,1011.6,1426,8
317,2025-11-26 13:55:02+05:30,1011.0,21,1001.37,7508607,421398.0,447760.0,986.2,1012.8,981.3,986.2,120490500,1084.8,887.6,1102.5,649.1,1011.0,424,5,1010.9,86,2,1010.8,1081,5,1010.7,825,11,1010.6,1449,17,1011.2,363,4,1011.3,1545,13,1011.4,1104,12,1011.5,3995,16,1011.6,1426,8
317,2025-11-26 13:55:02+05:30,1011.2,18,1001.37,7508638,421851.0,447207.0,986.2,1012.8,981.3,986.2,120490500,1084.8,887.6,1102.5,649.1,1011.1,6,1,1011.0,424,5,1010.9,86,2,1010.8,1216,7,1010.7,796,10,1011.2,351,3,1011.3,1763,15,1011.4,1081,11,1011.5,4023,17,1011.6,1452,10
317,2025-11-26 13:55:03+05:30,1011.2,13,1001.37,7508638,421851.0,447207.0,986.2,1012.8,981.3,986.2,120490500,1084.8,887.6,1102.5,649.1,1011.1,6,1,1011.0,424,5,1010.9,86,2,1010.8,1216,7,1010.7,796,10,1011.2,351,3,1011.3,1763,15,1011.4,1081,11,1011.5,4023,17,1011.6,1452,10
317,2025-11-26 13:55:03+05:30,1011.3,15,1001.37,7509133,421900.0,445980.0,986.2,1012.8,981.3,986.2,120490500,1084.8,887.6,1102.5,649.1,1011.1,6,1,1011.0,424,5,1010.9,149,3,1010.8,1470,9,1010.7,767,9,1011.3,1530,13,1011.4,823,9,1011.5,3993,16,1011.6,1522,12,1011.7,1633,16
317,2025-11-26 13:55:04+05:30,1011.3,128,1001.37,7509133,421900.0,445980.0,986.2,1012.8,981.3,986.2,120490500,1084.8,887.6,1102.5,649.1,1011.1,6,1,1011.0,424,5,1010.9,149,3,1010.8,1470,9,1010.7,767,9,1011.3,1530,13,1011.4,823,9,1011.5,3993,16,1011.6,1522,12,1011.7,1633,16
317,2025-11-26 13:55:04+05:30,1011.3,101,1001.37,7509995,421730.0,445481.0,986.2,1012.8,981.3,986.2,120490500,1084.8,887.6,1102.5,649.1,1011.0,423,5,1010.9,1065,7,1010.8,744,9,1010.7,768,10,1010.6,1419,16,1011.3,1119,11,1011.4,676,7,1011.5,3557,13,1011.6,1675,11,1011.7,1913,18
317,2025-11-26 13:55:05+05:30,1011.3,96,1001.37,7509995,421730.0,445481.0,986.2,1012.8,981.3,986.2,120490500,1084.8,887.6,1102.5,649.1,1011.0,423,5,1010.9,1065,7,1010.8,744,9,1010.7,768,10,1010.6,1419,16,1011.3,1119,11,1011.4,676,7,1011.5,3557,13,1011.6,1675,11,1011.7,1913,18
317,2025-11-26 13:55:05+05:30,1011.3,1,1001.37,7510127,421859.0,446003.0,986.2,1012.8,981.3,986.2,120490500,1084.8,887.6,1102.5,649.1,1011.0,423,5,1010.9,1226,8,1010.8,854,11,1010.7,1216,9,1010.6,808,10,1011.3,987,10,1011.4,676,7,1011.5,3557,13,1011.6,1649,9,1011.7,1947,21
317,2025-11-26 13:55:06+05:30,1011.3,79,1001.37,7510127,421859.0,446003.0,986.2,1012.8,981.3,986.2,120490500,1084.8,887.6,1102.5,649.1,1011.0,423,5,1010.9,1226,8,1010.8,854,11,1010.7,1216,9,1010.6,808,10,1011.3,987,10,1011.4,676,7,1011.5,3557,13,1011.6,1649,9,1011.7,1947,21
317,2025-11-26 13:55:07+05:30,1011.3,102,1001.37,7510512,422058.0,445092.0,986.2,1012.8,981.3,986.2,120490500,1084.8,887.6,1102.5,649.1,1011.0,435,6,1010.9,1310,9,1010.8,854,11,1010.7,1348,17,1010.6,780,9,1011.3,687,10,1011.4,676,7,1011.5,3557,13,1011.6,1649,9,1011.7,1947,21
317,2025-11-26 13:55:07+05:30,1011.3,1,1001.37,7510512,422058.0,445092.0,986.2,1012.8,981.3,986.2,120490500,1084.8,887.6,1102.5,649.1,1011.0,435,6,1010.9,1310,9,1010.8,854,11,1010.7,1348,17,1010.6,780,9,1011.3,687,10,1011.4,676,7,1011.5,3557,13,1011.6,1649,9,1011.7,1947,21
317,2025-11-26 13:55:08+05:30,1011.3,92,1001.37,7510655,423851.0,444513.0,986.2,1012.8,981.3,986.2,120490500,1084.8,887.6,1102.5,649.1,1011.2,20,1,1011.1,750,1,1011.0,414,7,1010.9,694,10,1010.8,970,14,1011.3,594,10,1011.4,711,8,1011.5,3164,9,1011.6,1066,5,1011.7,1874,19
317,2025-11-26 13:55:08+05:30,1011.3,99,1001.37,7510655,423851.0,444513.0,986.2,1012.8,981.3,986.2,120490500,1084.8,887.6,1102.5,649.1,1011.2,20,1,1011.1,750,1,1011.0,414,7,1010.9,694,10,1010.8,970,14,1011.3,594,10,1011.4,711,8,1011.5,3164,9,1011.6,1066,5,1011.7,1874,19
317,2025-11-26 13:55:09+05:30,1011.2,20,1001.37,7510929,422785.0,446100.0,986.2,1012.8,981.3,986.2,120490500,1084.8,887.6,1102.5,649.1,1011.1,6,1,1011.0,449,7,1010.9,1304,8,1010.8,849,15,1010.7,1253,11,1011.2,28,1,1011.3,377,8,1011.4,711,8,1011.5,3650,12,1011.6,1260,7
317,2025-11-26 13:55:09+05:30,1011.2,20,1001.37,7510929,422785.0,446100.0,986.2,1012.8,981.3,986.2,120490500,1084.8,887.6,1102.5,649.1,1011.1,6,1,1011.0,449,7,1010.9,1304,8,1010.8,849,15,1010.7,1253,11,1011.2,28,1,1011.3,377,8,1011.4,711,8,1011.5,3650,12,1011.6,1260,7
317,2025-11-26 13:55:10+05:30,1011.2,128,1001.37,7511185,422854.0,445696.0,986.2,1012.8,981.3,986.2,120490500,1084.8,887.6,1102.5,649.1,1011.1,10,2,1011.0,436,6,1010.9,1362,10,1010.8,865,15,1010.7,1266,12,1011.2,48,1,1011.3,405,9,1011.4,711,8,1011.5,3650,12,1011.6,1260,7
317,2025-11-26 13:55:10+05:30,1011.2,1,1001.37,7511185,422854.0,445696.0,986.2,1012.8,981.3,986.2,120490500,1084.8,887.6,1102.5,649.1,1011.1,10,2,1011.0,436,6,1010.9,1362,10,1010.8,865,15,1010.7,1266,12,1011.2,48,1,1011.3,405,9,1011.4,711,8,1011.5,3650,12,1011.6,1260,7
317,2025-11-26 13:55:11+05:30,1011.3,55,1001.37,7511447,422487.0,444599.0,986.2,1012.8,981.3,986.2,120490500,1084.8,887.6,1102.5,649.1,1011.2,1,1,1011.1,5,2,1011.0,1014,7,1010.9,1310,9,1010.8,865,15,1011.3,308,8,1011.4,749,9,1011.5,3164,9,1011.6,1389,7,1011.7,1881,20
317,2025-11-26 13:55:11+05:30,1011.3,55,1001.37,7511447,422487.0,444599.0,986.2,1012.8,981.3,986.2,120490500,1084.8,887.6,1102.5,649.1,1011.2,1,1,1011.1,5,2,1011.0,1014,7,1010.9,1310,9,1010.8,865,15,1011.3,308,8,1011.4,749,9,1011.5,3164,9,1011.6,1389,7,1011.7,1881,20
317,2025-11-26 13:55:12+05:30,1011.3,2,1001.37,7511779,422902.0,444833.0,986.2,1012.8,981.3,986.2,120490500,1084.8,887.6,1102.5,649.1,1011.2,1,1,1011.1,90,2,1011.0,1207,9,1010.9,1339,9,1010.8,876,15,1011.3,310,6,1011.4,882,11,1011.5,3263,11,1011.6,1389,7,1011.7,1881,20
317,2025-11-26 13:55:12+05:30,1011.4,98,1001.37,7511779,422902.0,444833.0,986.2,1012.8,981.3,986.2,120490500,1084.8,887.6,1102.5,649.1,1011.2,1,1,1011.1,90,2,1011.0,1207,9,1010.9,1339,9,1010.8,876,15,1011.3,310,6,1011.4,882,11,1011.5,3263,11,1011.6,1389,7,1011.7,1881,20
317,2025-11-26 13:55:12+05:30,1011.4,127,1001.37,7512809,423742.0,443282.0,986.2,1012.8,981.3,986.2,120490500,1084.8,887.6,1102.5,649.1,1011.2,67,4,1011.1,936,7,1011.0,2238,15,1010.9,661,8,1010.8,1723,21,1011.4,395,10,1011.5,3024,8,1011.6,863,3,1011.7,1743,16,1011.8,1143,10
317,2025-11-26 13:55:13+05:30,1011.4,99,1001.37,7512809,423742.0,443282.0,986.2,1012.8,981.3,986.2,120490500,1084.8,887.6,1102.5,649.1,1011.2,67,4,1011.1,936,7,1011.0,2238,15,1010.9,661,8,1010.8,1723,21,1011.4,395,10,1011.5,3024,8,1011.6,863,3,1011.7,1743,16,1011.8,1143,10
317,2025-11-26 13:55:14+05:30,1011.2,4,1001.37,7513521,424214.0,443335.0,986.2,1012.8,981.3,986.2,120490500,1084.8,887.6,1102.5,649.1,1011.2,27,3,1011.1,435,6,1011.0,2222,14,1010.9,667,8,1010.8,1657,21,1011.3,1,1,1011.4,100,6,1011.5,3067,9,1011.6,895,5,1011.7,1947,18
317,2025-11-26 13:55:14+05:30,1011.3,1,1001.37,7513521,424214.0,443335.0,986.2,1012.8,981.3,986.2,120490500,1084.8,887.6,1102.5,649.1,1011.2,27,3,1011.1,435,6,1011.0,2222,14,1010.9,667,8,1010.8,1657,21,1011.3,1,1,1011.4,100,6,1011.5,3067,9,1011.6,895,5,1011.7,1947,18
317,2025-11-26 13:55:15+05:30,1011.3,1,1001.37,7513522,423696.0,443340.0,986.2,1012.8,981.3,986.2,120490500,1084.8,887.6,1102.5,649.1,1011.3,112,2,1011.2,37,4,1011.1,289,4,1011.0,2051,11,1010.9,754,10,1011.4,100,6,1011.5,3067,9,1011.6,934,5,1011.7,1977,19,1011.8,1208,8
317,2025-11-26 13:55:15+05:30,1011.4,2,1001.37,7513522,423696.0,443340.0,986.2,1012.8,981.3,986.2,120490500,1084.8,887.6,1102.5,649.1,1011.3,112,2,1011.2,37,4,1011.1,289,4,1011.0,2051,11,1010.9,754,10,1011.4,100,6,1011.5,3067,9,1011.6,934,5,1011.7,1977,19,1011.8,1208,8
317,2025-11-26 13:55:16+05:30,1011.4,33,1001.37,7513655,423266.0,444121.0,986.2,1012.8,981.3,986.2,120490500,1084.8,887.6,1102.5,649.1,1011.3,111,1,1011.2,31,3,1011.1,202,4,1011.0,1968,11,1010.9,776,12,1011.4,173,7,1011.5,3067,9,1011.6,1397,7,1011.7,1769,14,1011.8,1294,14
317,2025-11-26 13:55:16+05:30,1011.4,33,1001.37,7513655,423266.0,444121.0,986.2,1012.8,981.3,986.2,120490500,1084.8,887.6,1102.5,649.1,1011.3,111,1,1011.2,31,3,1011.1,202,4,1011.0,1968,11,1010.9,776,12,1011.4,173,7,1011.5,3067,9,1011.6,1397,7,1011.7,1769,14,1011.8,1294,14
317,2025-11-26 13:55:16+05:30,1011.4,26,1001.37,7513911,423394.0,443566.0,986.2,1012.8,981.3,986.2,120490500,1084.8,887.6,1102.5,649.1,1011.3,111,1,1011.2,33,4,1011.1,125,4,1011.0,2007,12,1010.9,763,11,1011.4,180,7,1011.5,3067,9,1011.6,1097,6,1011.7,1984,15,1011.8,1383,15
317,2025-11-26 13:55:17+05:30,1011.4,26,1001.37,7513911,423394.0,443566.0,986.2,1012.8,981.3,986.2,120490500,1084.8,887.6,1102.5,649.1,1011.3,111,1,1011.2,33,4,1011.1,125,4,1011.0,2007,12,1010.9,763,11,1011.4,180,7,1011.5,3067,9,1011.6,1097,6,1011.7,1984,15,1011.8,1383,15
317,2025-11-26 13:55:17+05:30,1011.3,31,1001.37,7513942,423335.0,443697.0,986.2,1012.8,981.3,986.2,120490500,1084.8,887.6,1102.5,649.1,1011.3,80,1,1011.2,33,4,1011.1,60,3,1011.0,2007,12,1010.9,763,11,1011.4,172,6,1011.5,3067,9,1011.6,1484,8,1011.7,1834,15,1011.8,1383,15
317,2025-11-26 13:55:18+05:30,1011.3,31,1001.37,7513942,423335.0,443697.0,986.2,1012.8,981.3,986.2,120490500,1084.8,887.6,1102.5,649.1,1011.3,80,1,1011.2,33,4,1011.1,60,3,1011.0,2007,12,1010.9,763,11,1011.4,172,6,1011.5,3067,9,1011.6,1484,8,1011.7,1834,15,1011.8,1383,15
317,2025-11-26 13:55:18+05:30,1011.3,52,1001.37,7514277,424014.0,443639.0,986.2,1012.8,981.3,986.2,120490500,1084.8,887.6,1102.5,649.1,1011.2,33,4,1011.1,329,7,1011.0,2212,13,1010.9,741,11,1010.8,1699,18,1011.3,12,1,1011.4,41,5,1011.5,3010,8,1011.6,1040,6,1011.7,1927,12
317,2025-11-26 13:55:19+05:30,1011.3,127,1001.37,7514277,424014.0,443639.0,986.2,1012.8,981.3,986.2,120490500,1084.8,887.6,1102.5,649.1,1011.2,33,4,1011.1,329,7,1011.0,2212,13,1010.9,741,11,1010.8,1699,18,1011.3,12,1,1011.4,41,5,1011.5,3010,8,1011.6,1040,6,1011.7,1927,12
317,2025-11-26 13:55:19+05:30,1011.3,72,1001.37,7514857,423899.0,443671.0,986.2,1012.8,981.3,986.2,120490500,1084.8,887.6,1102.5,649.1,1011.3,182,2,1011.2,68,5,1011.1,234,4,1011.0,2148,12,1010.9,683,9,1011.4,141,6,1011.5,3010,8,1011.6,1010,5,1011.7,1543,10,1011.8,1621,12
317,2025-11-26 13:55:20+05:30,1011.5,127,1001.37,7514857,423899.0,443671.0,986.2,1012.8,981.3,986.2,120490500,1084.8,887.6,1102.5,649.1,1011.3,182,2,1011.2,68,5,1011.1,234,4,1011.0,2148,12,1010.9,683,9,1011.4,141,6,1011.5,3010,8,1011.6,1010,5,1011.7,1543,10,1011.8,1621,12
317,2025-11-26 13:55:20+05:30,1011.5,1,1001.38,7515678,423591.0,441941.0,986.2,1012.8,981.3,986.2,120490500,1084.8,887.6,1102.5,649.1,1011.3,1,1,1011.2,252,7,1011.1,399,7,1011.0,2336,14,1010.9,772,11,1011.5,2413,8,1011.6,902,4,1011.7,1665,10,1011.8,1258,10,1011.9,1049,21
317,2025-11-26 13:55:21+05:30,1011.5,1,1001.38,7515678,423591.0,441941.0,986.2,1012.8,981.3,986.2,120490500,1084.8,887.6,1102.5,649.1,1011.3,1,1,1011.2,252,7,1011.1,399,7,1011.0,2336,14,1010.9,772,11,1011.5,2413,8,1011.6,902,4,1011.7,1665,10,1011.8,1258,10,1011.9,1049,21
317,2025-11-26 13:55:21+05:30,1011.5,128,1001.38,7515807,423817.0,442137.0,986.2,1012.8,981.3,986.2,120490500,1084.8,887.6,1102.5,649.1,1011.2,309,8,1011.1,399,7,1011.0,2366,15,1010.9,748,10,1010.8,1775,21,1011.5,2601,9,1011.6,787,4,1011.7,1638,9,1011.8,1258,10,1011.9,1049,21
317,2025-11-26 13:55:22+05:30,1011.5,128,1001.38,7515807,423817.0,442137.0,986.2,1012.8,981.3,986.2,120490500,1084.8,887.6,1102.5,649.1,1011.2,309,8,1011.1,399,7,1011.0,2366,15,1010.9,748,10,1010.8,1775,21,1011.5,2601,9,1011.6,787,4,1011.7,1638,9,1011.8,1258,10,1011.9,1049,21
317,2025-11-26 13:55:22+05:30,1011.5,4,1001.38,7515942,423779.0,442077.0,986.2,1012.8,981.3,986.2,120490500,1084.8,887.6,1102.5,649.1,1011.2,199,7,1011.1,333,6,1011.0,2366,15,1010.9,748,10,1010.8,1775,21,1011.5,2466,9,1011.6,787,4,1011.7,2263,11,1011.8,1258,10,1011.9,1049,21
317,2025-11-26 13:55:23+05:30,1011.5,23,1001.38,7515942,423779.0,442077.0,986.2,1012.8,981.3,986.2,120490500,1084.8,887.6,1102.5,649.1,1011.2,199,7,1011.1,333,6,1011.0,2366,15,1010.9,748,10,1010.8,1775,21,1011.5,2466,9,1011.6,787,4,1011.7,2263,11,1011.8,1258,10,1011.9,1049,21
317,2025-11-26 13:55:23+05:30,1011.5,23,1001.38,7516093,424337.0,441699.0,986.2,1012.8,981.3,986.2,120490500,1084.8,887.6,1102.5,649.1,1011.2,241,8,1011.1,493,8,1011.0,2218,13,1010.9,748,10,1010.8,1775,21,1011.3,1,1,1011.5,2315,9,1011.6,1037,7,1011.7,1725,10,1011.8,1192,9
317,2025-11-26 13:55:24+05:30,1011.5,127,1001.38,7516093,424337.0,441699.0,986.2,1012.8,981.3,986.2,120490500,1084.8,887.6,1102.5,649.1,1011.2,241,8,1011.1,493,8,1011.0,2218,13,1010.9,748,10,1010.8,1775,21,1011.3,1,1,1011.5,2315,9,1011.6,1037,7,1011.7,1725,10,1011.8,1192,9
317,2025-11-26 13:55:24+05:30,1011.5,128,1001.38,7516477,423448.0,441674.0,986.2,1012.8,981.3,986.2,120490500,1084.8,887.6,1102.5,649.1,1011.3,22,1,1011.2,202,7,1011.1,398,7,1011.0,2373,15,1010.9,748,10,1011.5,1932,9,1011.6,903,5,1011.7,1813,12,1011.8,1192,9,1011.9,1049,21
317,2025-11-26 13:55:25+05:30,1011.5,1,1001.38,7516477,423448.0,441674.0,986.2,1012.8,981.3,986.2,120490500,1084.8,887.6,1102.5,649.1,1011.3,22,1,1011.2,202,7,1011.1,398,7,1011.0,2373,15,1010.9,748,10,1011.5,1932,9,1011.6,903,5,1011.7,1813,12,1011.8,1192,9,1011.9,1049,21
317,2025-11-26 13:55:25+05:30,1011.5,2,1001.38,7516890,423610.0,441107.0,986.2,1012.8,981.3,986.2,120490500,1084.8,887.6,1102.5,649.1,1011.3,22,1,1011.2,267,8,1011.1,440,8,1011.0,2331,14,1010.9,748,10,1011.5,1519,9,1011.6,898,4,1011.7,1735,13,1011.8,1622,9,1011.9,1049,21
317,2025-11-26 13:55:26+05:30,1011.3,165,1001.38,7516890,423610.0,441107.0,986.2,1012.8,981.3,986.2,120490500,1084.8,887.6,1102.5,649.1,1011.3,22,1,1011.2,267,8,1011.1,440,8,1011.0,2331,14,1010.9,748,10,1011.5,1519,9,1011.6,898,4,1011.7,1735,13,1011.8,1622,9,1011.9,1049,21
317,2025-11-26 13:55:26+05:30,1011.5,127,1001.38,7517478,423781.0,440160.0,986.2,1012.8,981.3,986.2,120490500,1084.8,887.6,1102.5,649.1,1011.3,23,1,1011.2,254,7,1011.1,440,8,1011.0,2301,13,1010.9,771,11,1011.5,1249,10,1011.6,1,1,1011.7,1499,12,1011.8,1978,9,1011.9,1294,19
317,2025-11-26 13:55:27+05:30,1011.5,128,1001.38,7517478,423781.0,440160.0,986.2,1012.8,981.3,986.2,120490500,1084.8,887.6,1102.5,649.1,1011.3,23,1,1011.2,254,7,1011.1,440,8,1011.0,2301,13,1010.9,771,11,1011.5,1249,10,1011.6,1,1,1011.7,1499,12,1011.8,1978,9,1011.9,1294,19
317,2025-11-26 13:55:27+05:30,1011.5,128,1001.38,7517734,423720.0,439843.0,986.2,1012.8,981.3,986.2,120490500,1084.8,887.6,1102.5,649.1,1011.3,23,1,1011.2,189,6,1011.1,440,8,1011.0,2301,13,1010.9,771,11,1011.5,993,10,1011.6,1,1,1011.7,1438,12,1011.8,2137,9,1011.9,996,18
317,2025-11-26 13:55:28+05:30,1011.5,1,1001.38,7517735,425076.0,439891.0,986.2,1012.8,981.3,986.2,120490500,1084.8,887.6,1102.5,649.1,1011.3,23,1,1011.2,343,8,1011.1,1312,11,1011.0,1568,14,1010.9,745,9,1011.4,74,1,1011.5,992,10,1011.6,1,1,1011.7,1413,11,1011.8,2137,9
317,2025-11-26 13:55:29+05:30,1011.4,127,1001.38,7517735,425076.0,439891.0,986.2,1012.8,981.3,986.2,120490500,1084.8,887.6,1102.5,649.1,1011.3,23,1,1011.2,343,8,1011.1,1312,11,1011.0,1568,14,1010.9,745,9,1011.4,74,1,1011.5,992,10,1011.6,1,1,1011.7,1413,11,1011.8,2137,9
317,2025-11-26 13:55:30+05:30,1011.4,128,1001.38,7518118,425064.0,439819.0,986.2,1012.8,981.3,986.2,120490500,1084.8,887.6,1102.5,649.1,1011.3,24,2,1011.2,527,10,1011.1,1270,10,1011.0,1567,13,1010.9,745,9,1011.4,74,1,1011.5,992,10,1011.6,1,1,1011.7,1349,10,1011.8,2138,9
317,2025-11-26 13:55:30+05:30,1011.4,128,1001.38,7518118,425064.0,439819.0,986.2,1012.8,981.3,986.2,120490500,1084.8,887.6,1102.5,649.1,1011.3,24,2,1011.2,527,10,1011.1,1270,10,1011.0,1567,13,1010.9,745,9,1011.4,74,1,1011.5,992,10,1011.6,1,1,1011.7,1349,10,1011.8,2138,9
317,2025-11-26 13:55:30+05:30,1011.5,30,1001.38,7518564,424407.0,439435.0,986.2,1012.8,981.3,986.2,120490500,1084.8,887.6,1102.5,649.1,1011.4,1,1,1011.3,21,3,1011.2,523,10,1011.1,1375,11,1011.0,1585,13,1011.5,955,8,1011.6,1,1,1011.7,1239,9,1011.8,2080,9,1011.9,969,16
317,2025-11-26 13:55:31+05:30,1011.5,128,1001.38,7518564,424407.0,439435.0,986.2,1012.8,981.3,986.2,120490500,1084.8,887.6,1102.5,649.1,1011.4,1,1,1011.3,21,3,1011.2,523,10,1011.1,1375,11,1011.0,1585,13,1011.5,955,8,1011.6,1,1,1011.7,1239,9,1011.8,2080,9,1011.9,969,16
317,2025-11-26 13:55:32+05:30,1011.5,127,1001.38,7519713,424192.0,438571.0,986.2,1012.8,981.3,986.2,120490500,1084.8,887.6,1102.5,649.1,1011.4,3,2,1011.3,110,4,1011.2,458,9,1011.1,1372,9,1011.0,1585,13,1011.5,243,3,1011.6,1,1,1011.7,1097,8,1011.8,1988,8,1011.9,930,17
317,2025-11-26 13:55:32+05:30,1011.5,137,1001.38,7519713,424192.0,438571.0,986.2,1012.8,981.3,986.2,120490500,1084.8,887.6,1102.5,649.1,1011.4,3,2,1011.3,110,4,1011.2,458,9,1011.1,1372,9,1011.0,1585,13,1011.5,243,3,1011.6,1,1,1011.7,1097,8,1011.8,1988,8,1011.9,930,17
317,2025-11-26 13:55:33+05:30,1011.5,23,1001.38,7520138,424426.0,438476.0,986.2,1012.8,981.3,986.2,120490500,1084.8,887.6,1102.5,649.1,1011.4,3,2,1011.3,312,5,1011.2,652,12,1011.1,1368,9,1011.0,1650,14,1011.5,63,3,1011.6,43,2,1011.7,1097,8,1011.8,1756,5,1011.9,791,16
317,2025-11-26 13:55:33+05:30,1011.5,22,1001.38,7520138,424426.0,438476.0,986.2,1012.8,981.3,986.2,120490500,1084.8,887.6,1102.5,649.1,1011.4,3,2,1011.3,312,5,1011.2,652,12,1011.1,1368,9,1011.0,1650,14,1011.5,63,3,1011.6,43,2,1011.7,1097,8,1011.8,1756,5,1011.9,791,16
317,2025-11-26 13:55:34+05:30,1011.4,2,1001.38,7520271,424121.0,438390.0,986.2,1012.8,981.3,986.2,120490500,1084.8,887.6,1102.5,649.1,1011.4,7,2,1011.3,21,3,1011.2,618,12,1011.1,1330,8,1011.0,1650,14,1011.5,8,1,1011.6,43,2,1011.7,1097,8,1011.8,2004,8,1011.9,901,17
317,2025-11-26 13:55:34+05:30,1011.5,27,1001.38,7520271,424121.0,438390.0,986.2,1012.8,981.3,986.2,120490500,1084.8,887.6,1102.5,649.1,1011.4,7,2,1011.3,21,3,1011.2,618,12,1011.1,1330,8,1011.0,1650,14,1011.5,8,1,1011.6,43,2,1011.7,1097,8,1011.8,2004,8,1011.9,901,17
317,2025-11-26 13:55:35+05:30,1011.5,14,1001.38,7520312,424709.0,438629.0,986.2,1012.8,981.3,986.2,120490500,1084.8,887.6,1102.5,649.1,1011.5,98,1,1011.4,7,2,1011.3,7,2,1011.2,1235,10,1011.1,695,12,1011.6,43,2,1011.7,1186,9,1011.8,2215,9,1011.9,901,17,1012.0,5574,56
317,2025-11-26 13:55:35+05:30,1011.5,14,1001.38,7520312,424709.0,438629.0,986.2,1012.8,981.3,986.2,120490500,1084.8,887.6,1102.5,649.1,1011.5,98,1,1011.4,7,2,1011.3,7,2,1011.2,1235,10,1011.1,695,12,1011.6,43,2,1011.7,1186,9,1011.8,2215,9,1011.9,901,17,1012.0,5574,56
317,2025-11-26 13:55:36+05:30,1011.6,1,1001.38,7520314,425029.0,438628.0,986.2,1012.8,981.3,986.2,120490500,1084.8,887.6,1102.5,649.1,1011.5,102,4,1011.4,96,4,1011.3,213,4,1011.2,1291,9,1011.1,693,13,1011.6,42,2,1011.7,1097,8,1011.8,1748,6,1011.9,1163,18,1012.0,5712,57
317,2025-11-26 13:55:36+05:30,1011.6,2,1001.38,7520314,425029.0,438628.0,986.2,1012.8,981.3,986.2,120490500,1084.8,887.6,1102.5,649.1,1011.5,102,4,1011.4,96,4,1011.3,213,4,1011.2,1291,9,1011.1,693,13,1011.6,42,2,1011.7,1097,8,1011.8,1748,6,1011.9,1163,18,1012.0,5712,57
317,2025-11-26 13:55:37+05:30,1011.2,3,1001.38,7521066,422370.0,439065.0,986.2,1012.8,981.3,986.2,120490500,1084.8,887.6,1102.5,649.1,1011.5,2,1,1011.2,935,6,1011.1,491,7,1011.0,1505,10,1010.9,722,8,1011.6,112,3,1011.7,1210,9,1011.8,2370,11,1011.9,1149,17,1012.0,5797,57
317,2025-11-26 13:55:37+05:30,1011.2,3,1001.38,7521066,422370.0,439065.0,986.2,1012.8,981.3,986.2,120490500,1084.8,887.6,1102.5,649.1,1011.5,2,1,1011.2,935,6,1011.1,491,7,1011.0,1505,10,1010.9,722,8,1011.6,112,3,1011.7,1210,9,1011.8,2370,11,1011.9,1149,17,1012.0,5797,57
317,2025-11-26 13:55:38+05:30,1011.2,3,1001.38,7521066,422786.0,439137.0,986.2,1012.8,981.3,986.2,120490500,1084.8,887.6,1102.5,649.1,1011.5,2,1,1011.2,873,5,1011.1,624,11,1011.0,1601,14,1010.9,722,8,1011.6,209,5,1011.7,1383,11,1011.8,2408,12,1011.9,1172,18,1012.0,5797,57
317,2025-11-26 13:55:38+05:30,1011.6,16,1001.38,7521066,422786.0,439137.0,986.2,1012.8,981.3,986.2,120490500,1084.8,887.6,1102.5,649.1,1011.5,2,1,1011.2,873,5,1011.1,624,11,1011.0,1601,14,1010.9,722,8,1011.6,209,5,1011.7,1383,11,1011.8,2408,12,1011.9,1172,18,1012.0,5797,57
317,2025-11-26 13:55:39+05:30,1011.5,127,1001.38,7521520,422891.0,439726.0,986.2,1012.8,981.3,986.2,120490500,1084.8,887.6,1102.5,649.1,1011.2,873,5,1011.1,452,9,1011.0,1605,14,1010.9,724,8,1010.8,1621,14,1011.5,70,1,1011.6,796,6,1011.7,1518,12,1011.8,2305,10,1011.9,913,15
317,2025-11-26 13:55:39+05:30,1011.5,106,1001.38,7521520,422891.0,439726.0,986.2,1012.8,981.3,986.2,120490500,1084.8,887.6,1102.5,649.1,1011.2,873,5,1011.1,452,9,1011.0,1605,14,1010.9,724,8,1010.8,1621,14,1011.5,70,1,1011.6,796,6,1011.7,1518,12,1011.8,2305,10,1011.9,913,15
317,2025-11-26 13:55:40+05:30,1011.5,1,1001.38,7521893,423952.0,439619.0,986.2,1012.8,981.3,986.2,120490500,1084.8,887.6,1102.5,649.1,1011.2,1143,9,1011.1,692,11,1011.0,2267,14,1010.9,753,9,1010.8,1511,14,1011.5,59,1,1011.6,693,5,1011.7,1454,11,1011.8,2227,11,1011.9,913,15
317,2025-11-26 13:55:40+05:30,1011.5,1,1001.38,7521893,423952.0,439619.0,986.2,1012.8,981.3,986.2,120490500,1084.8,887.6,1102.5,649.1,1011.2,1143,9,1011.1,692,11,1011.0,2267,14,1010.9,753,9,1010.8,1511,14,1011.5,59,1,1011.6,693,5,1011.7,1454,11,1011.8,2227,11,1011.9,913,15
317,2025-11-26 13:55:41+05:30,1011.6,2,1001.38,7522201,423608.0,438413.0,986.2,1012.8,981.3,986.2,120490500,1084.8,887.6,1102.5,649.1,1011.5,1,1,1011.3,202,1,1011.2,1105,8,1011.1,889,14,1011.0,2301,15,1011.6,244,5,1011.7,1343,10,1011.8,2115,10,1011.9,996,19,1012.0,5584,50
317,2025-11-26 13:55:41+05:30,1011.6,2,1001.38,7522201,423608.0,438413.0,986.2,1012.8,981.3,986.2,120490500,1084.8,887.6,1102.5,649.1,1011.5,1,1,1011.3,202,1,1011.2,1105,8,1011.1,889,14,1011.0,2301,15,1011.6,244,5,1011.7,1343,10,1011.8,2115,10,1011.9,996,19,1012.0,5584,50
317,2025-11-26 13:55:42+05:30,1011.6,2,1001.38,7522283,423642.0,438074.0,986.2,1012.8,981.3,986.2,120490500,1084.8,887.6,1102.5,649.1,1011.5,12,2,1011.3,251,2,1011.2,1327,9,1011.1,869,14,1011.0,2301,15,1011.6,115,3,1011.7,1311,10,1011.8,2123,11,1011.9,897,17,1012.0,5584,50
317,2025-11-26 13:55:42+05:30,1011.6,2,1001.38,7522283,423642.0,438074.0,986.2,1012.8,981.3,986.2,120490500,1084.8,887.6,1102.5,649.1,1011.5,12,2,1011.3,251,2,1011.2,1327,9,1011.1,869,14,1011.0,2301,15,1011.6,115,3,1011.7,1311,10,1011.8,2123,11,1011.9,897,17,1012.0,5584,50
317,2025-11-26 13:55:43+05:30,1011.6,9,1001.38,7522315,423408.0,438185.0,986.2,1012.8,981.3,986.2,120490500,1084.8,887.6,1102.5,649.1,1011.5,20,3,1011.3,251,2,1011.2,1315,8,1011.1,869,14,1011.0,2301,15,1011.6,155,3,1011.7,1361,11,1011.8,2123,11,1011.9,892,17,1012.0,5618,51
317,2025-11-26 13:55:43+05:30,1011.6,9,1001.38,7522315,423408.0,438185.0,986.2,1012.8,981.3,986.2,120490500,1084.8,887.6,1102.5,649.1,1011.5,20,3,1011.3,251,2,1011.2,1315,8,1011.1,869,14,1011.0,2301,15,1011.6,155,3,1011.7,1361,11,1011.8,2123,11,1011.9,892,17,1012.0,5618,51
317,2025-11-26 13:55:44+05:30,1011.6,9,1001.39,7522717,422703.0,439399.0,986.2,1012.8,981.3,986.2,120490500,1084.8,887.6,1102.5,649.1,1011.5,4,1,1011.2,964,7,1011.1,666,13,1011.0,2277,15,1010.9,1281,9,1011.6,123,3,1011.7,1360,11,1011.8,2367,12,1011.9,1430,18,1012.0,5685,52
317,2025-11-26 13:55:44+05:30,1011.6,9,1001.39,7522717,422703.0,439399.0,986.2,1012.8,981.3,986.2,120490500,1084.8,887.6,1102.5,649.1,1011.5,4,1,1011.2,964,7,1011.1,666,13,1011.0,2277,15,1010.9,1281,9,1011.6,123,3,1011.7,1360,11,1011.8,2367,12,1011.9,1430,18,1012.0,5685,52
317,2025-11-26 13:55:45+05:30,1011.6,3,1001.39,7522851,422723.0,438892.0,986.2,1012.8,981.3,986.2,120490500,1084.8,887.6,1102.5,649.1,1011.5,10,2,1011.3,236,2,1011.2,1074,7,1011.1,720,13,1011.0,2281,15,1011.6,33,2,1011.7,1099,8,1011.8,1877,9,1011.9,1162,16,1012.0,5679,53
317,2025-11-26 13:55:45+05:30,1011.6,3,1001.39,7522851,422723.0,438892.0,986.2,1012.8,981.3,986.2,120490500,1084.8,887.6,1102.5,649.1,1011.5,10,2,1011.3,236,2,1011.2,1074,7,1011.1,720,13,1011.0,2281,15,1011.6,33,2,1011.7,1099,8,1011.8,1877,9,1011.9,1162,16,1012.0,5679,53
317,2025-11-26 13:55:46+05:30,1011.6,1,1001.39,7522864,422504.0,438593.0,986.2,1012.8,981.3,986.2,120490500,1084.8,887.6,1102.5,649.1,1011.5,6,1,1011.2,1108,8,1011.1,720,13,1011.0,2281,15,1010.9,729,9,1011.6,33,3,1011.7,1099,8,1011.8,2175,10,1011.9,864,15,1012.0,5679,53
317,2025-11-26 13:55:46+05:30,1011.6,1,1001.39,7522864,422504.0,438593.0,986.2,1012.8,981.3,986.2,120490500,1084.8,887.6,1102.5,649.1,1011.5,6,1,1011.2,1108,8,1011.1,720,13,1011.0,2281,15,1010.9,729,9,1011.6,33,3,1011.7,1099,8,1011.8,2175,10,1011.9,864,15,1012.0,5679,53
317,2025-11-26 13:55:47+05:30,1011.7,7,1001.39,7522913,422796.0,438627.0,986.2,1012.8,981.3,986.2,120490500,1084.8,887.6,1102.5,649.1,1011.5,6,1,1011.2,1263,9,1011.1,754,14,1011.0,2435,17,1010.9,729,9,1011.7,1168,9,1011.8,2175,10,1011.9,898,16,1012.0,5679,53,1012.1,858,16
317,2025-11-26 13:55:47+05:30,1011.5,11,1001.39,7522913,422796.0,438627.0,986.2,1012.8,981.3,986.2,120490500,1084.8,887.6,1102.5,649.1,1011.5,6,1,1011.2,1263,9,1011.1,754,14,1011.0,2435,17,1010.9,729,9,1011.7,1168,9,1011.8,2175,10,1011.9,898,16,1012.0,5679,53,1012.1,858,16
317,2025-11-26 13:55:48+05:30,1011.5,11,1001.39,7522924,422849.0,438596.0,986.2,1012.8,981.3,986.2,120490500,1084.8,887.6,1102.5,649.1,1011.5,6,1,1011.2,1044,6,1011.1,681,12,1011.0,2601,19,1010.9,815,9,1011.6,24,2,1011.7,1168,9,1011.8,2170,9,1011.9,1100,17,1012.0,5679,53
317,2025-11-26 13:55:49+05:30,1011.5,128,1001.39,7523086,423832.0,438648.0,986.2,1012.8,981.3,986.2,120490500,1084.8,887.6,1102.5,649.1,1011.4,36,3,1011.3,62,1,1011.2,1030,8,1011.1,949,14,1011.0,2565,17,1011.5,35,1,1011.6,19,1,1011.7,1123,9,1011.8,1913,8,1011.9,1133,15
317,2025-11-26 13:55:49+05:30,1011.5,128,1001.39,7523086,423832.0,438648.0,986.2,1012.8,981.3,986.2,120490500,1084.8,887.6,1102.5,649.1,1011.4,36,3,1011.3,62,1,1011.2,1030,8,1011.1,949,14,1011.0,2565,17,1011.5,35,1,1011.6,19,1,1011.7,1123,9,1011.8,1913,8,1011.9,1133,15
317,2025-11-26 13:55:50+05:30,1011.5,1,1001.39,7523087,423511.0,438748.0,986.2,1012.8,981.3,986.2,120490500,1084.8,887.6,1102.5,649.1,1011.4,6,2,1011.2,1147,9,1011.1,714,13,1011.0,2565,17,1010.9,879,9,1011.5,35,2,1011.6,19,1,1011.7,1189,11,1011.8,2278,11,1011.9,835,14
317,2025-11-26 13:55:50+05:30,1011.5,1,1001.39,7523087,423511.0,438748.0,986.2,1012.8,981.3,986.2,120490500,1084.8,887.6,1102.5,649.1,1011.4,6,2,1011.2,1147,9,1011.1,714,13,1011.0,2565,17,1010.9,879,9,1011.5,35,2,1011.6,19,1,1011.7,1189,11,1011.8,2278,11,1011.9,835,14
317,2025-11-26 13:55:51+05:30,1011.6,60,1001.39,7523334,422671.0,437613.0,986.2,1012.8,981.3,986.2,120490500,1084.8,887.6,1102.5,649.1,1011.4,6,2,1011.2,994,5,1011.1,1335,18,1011.0,2565,17,1010.9,879,9,1011.6,19,1,1011.7,1189,11,1011.8,1980,10,1011.9,1133,15,1012.0,5710,54
317,2025-11-26 13:55:51+05:30,1011.6,60,1001.39,7523334,422671.0,437613.0,986.2,1012.8,981.3,986.2,120490500,1084.8,887.6,1102.5,649.1,1011.4,6,2,1011.2,994,5,1011.1,1335,18,1011.0,2565,17,1010.9,879,9,1011.6,19,1,1011.7,1189,11,1011.8,1980,10,1011.9,1133,15,1012.0,5710,54
317,2025-11-26 13:55:52+05:30,1011.6,60,1001.39,7523334,422984.0,438760.0,986.2,1012.8,981.3,986.2,120490500,1084.8,887.6,1102.5,649.1,1011.5,5,2,1011.4,6,2,1011.2,1105,7,1011.1,826,16,1011.0,2565,17,1011.6,19,1,1011.7,1254,10,1011.8,2286,13,1011.9,835,14,1012.0,5710,54
317,2025-11-26 13:55:53+05:30,1011.4,22,1001.39,7523456,423436.0,440217.0,986.2,1012.8,981.3,986.2,120490500,1084.8,887.6,1102.5,649.1,1011.2,1035,7,1011.1,639,14,1011.0,2500,16,1010.9,814,8,1010.8,1433,12,1011.4,878,1,1011.6,571,3,1011.7,1548,13,1011.8,1544,13,1011.9,861,16
317,2025-11-26 13:55:53+05:30,1011.4,22,1001.39,7523456,423436.0,440217.0,986.2,1012.8,981.3,986.2,120490500,1084.8,887.6,1102.5,649.1,1011.2,1035,7,1011.1,639,14,1011.0,2500,16,1010.9,814,8,1010.8,1433,12,1011.4,878,1,1011.6,571,3,1011.7,1548,13,1011.8,1544,13,1011.9,861,16
317,2025-11-26 13:55:54+05:30,1011.4,112,1001.39,7523569,426040.0,439930.0,986.2,1012.8,981.3,986.2,120490500,1084.8,887.6,1102.5,649.1,1011.3,1087,7,1011.2,594,9,1011.1,678,15,1011.0,2511,15,1010.9,879,9,1011.4,766,1,1011.6,27,2,1011.7,1412,11,1011.8,1238,11,1011.9,1647,18
317,2025-11-26 13:55:54+05:30,1011.4,112,1001.39,7523569,426040.0,439930.0,986.2,1012.8,981.3,986.2,120490500,1084.8,887.6,1102.5,649.1,1011.3,1087,7,1011.2,594,9,1011.1,678,15,1011.0,2511,15,1010.9,879,9,1011.4,766,1,1011.6,27,2,1011.7,1412,11,1011.8,1238,11,1011.9,1647,18
317,2025-11-26 13:55:55+05:30,1011.4,1,1001.39,7523569,426040.0,439930.0,986.2,1012.8,981.3,986.2,120490500,1084.8,887.6,1102.5,649.1,1011.3,1087,7,1011.2,594,9,1011.1,678,15,1011.0,2511,15,1010.9,879,9,1011.4,766,1,1011.6,27,2,1011.7,1412,11,1011.8,1238,11,1011.9,1647,18
317,2025-11-26 13:55:55+05:30,1011.4,12,1001.39,7523976,425200.0,439095.0,986.2,1012.8,981.3,986.2,120490500,1084.8,887.6,1102.5,649.1,1011.3,1100,8,1011.2,551,8,1011.1,715,16,1011.0,2511,15,1010.9,957,10,1011.4,478,3,1011.6,27,2,1011.7,1228,9,1011.8,1085,9,1011.9,1653,17
317,2025-11-26 13:55:56+05:30,1011.4,1,1001.39,7523976,425200.0,439095.0,986.2,1012.8,981.3,986.2,120490500,1084.8,887.6,1102.5,649.1,1011.3,1100,8,1011.2,551,8,1011.1,715,16,1011.0,2511,15,1010.9,957,10,1011.4,478,3,1011.6,27,2,1011.7,1228,9,1011.8,1085,9,1011.9,1653,17
317,2025-11-26 13:55:56+05:30,1011.4,1,1001.39,7524454,423742.0,437724.0,986.2,1012.8,981.3,986.2,120490500,1084.8,887.6,1102.5,649.1,1011.4,83,1,1011.3,1228,10,1011.2,525,9,1011.1,784,16,1011.0,2576,16,1011.6,27,2,1011.7,1118,8,1011.8,750,5,1011.9,1505,15,1012.0,5648,53
317,2025-11-26 13:55:57+05:30,1011.6,82,1001.39,7524454,423742.0,437724.0,986.2,1012.8,981.3,986.2,120490500,1084.8,887.6,1102.5,649.1,1011.4,83,1,1011.3,1228,10,1011.2,525,9,1011.1,784,16,1011.0,2576,16,1011.6,27,2,1011.7,1118,8,1011.8,750,5,1011.9,1505,15,1012.0,5648,53
317,2025-11-26 13:55:57+05:30,1011.6,82,1001.39,7524665,423537.0,435964.0,986.2,1012.8,981.3,986.2,120490500,1084.8,887.6,1102.5,649.1,1011.4,24,3,1011.3,914,5,1011.2,552,7,1011.1,1424,19,1011.0,2613,17,1011.7,1118,8,1011.8,758,6,1011.9,973,16,1012.0,5701,52,1012.1,876,15
317,2025-11-26 13:55:58+05:30,1011.7,128,1001.39,7524665,423537.0,435964.0,986.2,1012.8,981.3,986.2,120490500,1084.8,887.6,1102.5,649.1,1011.4,24,3,1011.3,914,5,1011.2,552,7,1011.1,1424,19,1011.0,2613,17,1011.7,1118,8,1011.8,758,6,1011.9,973,16,1012.0,5701,52,1012.1,876,15
317,2025-11-26 13:55:58+05:30,1011.7,128,1001.39,7525048,423602.0,435569.0,986.2,1012.8,981.3,986.2,120490500,1084.8,887.6,1102.5,649.1,1011.4,24,3,1011.3,1196,8,1011.2,552,7,1011.1,1396,19,1011.0,2613,17,1011.7,735,5,1011.8,600,2,1011.9,936,15,1012.0,5768,57,1012.1,876,15
317,2025-11-26 13:55:59+05:30,1011.5,128,1001.39,7525048,423602.0,435569.0,986.2,1012.8,981.3,986.2,120490500,1084.8,887.6,1102.5,649.1,1011.4,24,3,1011.3,1196,8,1011.2,552,7,1011.1,1396,19,1011.0,2613,17,1011.7,735,5,1011.8,600,2,1011.9,936,15,1012.0,5768,57,1012.1,876,15
317,2025-11-26 13:55:59+05:30,1011.5,128,1001.39,7525303,424170.0,437628.0,986.2,1012.8,981.3,986.2,120490500,1084.8,887.6,1102.5,649.1,1011.4,24,3,1011.3,990,6,1011.2,510,8,1011.1,1361,18,1011.0,2561,15,1011.5,72,2,1011.7,608,5,1011.8,708,3,1011.9,970,16,1012.0,5593,55
317,2025-11-26 13:56:00+05:30,1011.7,16,1001.39,7525303,424170.0,437628.0,986.2,1012.8,981.3,986.2,120490500,1084.8,887.6,1102.5,649.1,1011.4,24,3,1011.3,990,6,1011.2,510,8,1011.1,1361,18,1011.0,2561,15,1011.5,72,2,1011.7,608,5,1011.8,708,3,1011.9,970,16,1012.0,5593,55
317,2025-11-26 13:56:00+05:30,1011.7,36,1001.39,7526650,424595.0,435712.0,986.2,1012.8,981.3,986.2,120490500,1084.8,887.6,1102.5,649.1,1011.5,37,1,1011.4,226,4,1011.3,1231,9,1011.2,826,12,1011.1,1426,19,1011.7,18,2,1011.8,600,2,1011.9,497,10,1012.0,5768,54,1012.1,876,15
317,2025-11-26 13:56:00+05:30,1011.7,36,1001.39,7526650,424595.0,435712.0,986.2,1012.8,981.3,986.2,120490500,1084.8,887.6,1102.5,649.1,1011.5,37,1,1011.4,226,4,1011.3,1231,9,1011.2,826,12,1011.1,1426,19,1011.7,18,2,1011.8,600,2,1011.9,497,10,1012.0,5768,54,1012.1,876,15
317,2025-11-26 13:56:01+05:30,1011.7,36,1001.39,7526650,424595.0,435712.0,986.2,1012.8,981.3,986.2,120490500,1084.8,887.6,1102.5,649.1,1011.5,37,1,1011.4,226,4,1011.3,1231,9,1011.2,826,12,1011.1,1426,19,1011.7,18,2,1011.8,600,2,1011.9,497,10,1012.0,5768,54,1012.1,876,15
317,2025-11-26 13:56:01+05:30,1011.8,10,1001.39,7526650,424595.0,435712.0,986.2,1012.8,981.3,986.2,120490500,1084.8,887.6,1102.5,649.1,1011.5,37,1,1011.4,226,4,1011.3,1231,9,1011.2,826,12,1011.1,1426,19,1011.7,18,2,1011.8,600,2,1011.9,497,10,1012.0,5768,54,1012.1,876,15
317,2025-11-26 13:56:01+05:30,1011.8,10,1001.39,7527623,426254.0,432714.0,986.2,1012.8,981.3,986.2,120490500,1084.8,887.6,1102.5,649.1,1011.7,5,2,1011.5,49,1,1011.4,333,5,1011.3,1431,9,1011.2,1532,12,1011.9,419,11,1012.0,5405,53,1012.1,965,11,1012.2,785,17,1012.3,671,8
317,2025-11-26 13:56:01+05:30,1011.8,10,1001.39,7527623,426254.0,432714.0,986.2,1012.8,981.3,986.2,120490500,1084.8,887.6,1102.5,649.1,1011.7,5,2,1011.5,49,1,1011.4,333,5,1011.3,1431,9,1011.2,1532,12,1011.9,419,11,1012.0,5405,53,1012.1,965,11,1012.2,785,17,1012.3,671,8
317,2025-11-26 13:56:02+05:30,1011.8,10,1001.39,7527623,426254.0,432714.0,986.2,1012.8,981.3,986.2,120490500,1084.8,887.6,1102.5,649.1,1011.7,5,2,1011.5,49,1,1011.4,333,5,1011.3,1431,9,1011.2,1532,12,1011.9,419,11,1012.0,5405,53,1012.1,965,11,1012.2,785,17,1012.3,671,8
317,2025-11-26 13:56:02+05:30,1011.9,1,1001.39,7527623,426254.0,432714.0,986.2,1012.8,981.3,986.2,120490500,1084.8,887.6,1102.5,649.1,1011.7,5,2,1011.5,49,1,1011.4,333,5,1011.3,1431,9,1011.2,1532,12,1011.9,419,11,1012.0,5405,53,1012.1,965,11,1012.2,785,17,1012.3,671,8
317,2025-11-26 13:56:02+05:30,1011.9,122,1001.39,7528134,427280.0,433591.0,986.2,1012.8,981.3,986.2,120490500,1084.8,887.6,1102.5,649.1,1011.7,7,2,1011.5,1062,6,1011.4,1207,7,1011.3,937,11,1011.2,1608,16,1012.0,5150,51,1012.1,614,7,1012.2,1083,18,1012.3,756,9,1012.4,847,11
317,2025-11-26 13:56:02+05:30,1011.9,122,1001.39,7528134,427280.0,433591.0,986.2,1012.8,981.3,986.2,120490500,1084.8,887.6,1102.5,649.1,1011.7,7,2,1011.5,1062,6,1011.4,1207,7,1011.3,937,11,1011.2,1608,16,1012.0,5150,51,1012.1,614,7,1012.2,1083,18,1012.3,756,9,1012.4,847,11
317,2025-11-26 13:56:03+05:30,1011.9,122,1001.39,7528134,427280.0,433591.0,986.2,1012.8,981.3,986.2,120490500,1084.8,887.6,1102.5,649.1,1011.7,7,2,1011.5,1062,6,1011.4,1207,7,1011.3,937,11,1011.2,1608,16,1012.0,5150,51,1012.1,614,7,1012.2,1083,18,1012.3,756,9,1012.4,847,11
317,2025-11-26 13:56:03+05:30,1012.0,127,1001.39,7528134,427280.0,433591.0,986.2,1012.8,981.3,986.2,120490500,1084.8,887.6,1102.5,649.1,1011.7,7,2,1011.5,1062,6,1011.4,1207,7,1011.3,937,11,1011.2,1608,16,1012.0,5150,51,1012.1,614,7,1012.2,1083,18,1012.3,756,9,1012.4,847,11
317,2025-11-26 13:56:03+05:30,1012.0,127,1001.39,7528932,427568.0,433395.0,986.2,1012.8,981.3,986.2,120490500,1084.8,887.6,1102.5,649.1,1011.7,7,2,1011.6,165,2,1011.5,827,8,1011.4,1345,10,1011.3,963,13,1012.0,4299,49,1012.1,252,4,1012.2,907,17,1012.3,756,9,1012.4,989,12
317,2025-11-26 13:56:03+05:30,1012.0,127,1001.39,7528932,427568.0,433395.0,986.2,1012.8,981.3,986.2,120490500,1084.8,887.6,1102.5,649.1,1011.7,7,2,1011.6,165,2,1011.5,827,8,1011.4,1345,10,1011.3,963,13,1012.0,4299,49,1012.1,252,4,1012.2,907,17,1012.3,756,9,1012.4,989,12
317,2025-11-26 13:56:04+05:30,1012.0,127,1001.39,7528932,427568.0,433395.0,986.2,1012.8,981.3,986.2,120490500,1084.8,887.6,1102.5,649.1,1011.7,7,2,1011.6,165,2,1011.5,827,8,1011.4,1345,10,1011.3,963,13,1012.0,4299,49,1012.1,252,4,1012.2,907,17,1012.3,756,9,1012.4,989,12
317,2025-11-26 13:56:04+05:30,1012.0,43,1001.39,7528932,427568.0,433395.0,986.2,1012.8,981.3,986.2,120490500,1084.8,887.6,1102.5,649.1,1011.7,7,2,1011.6,165,2,1011.5,827,8,1011.4,1345,10,1011.3,963,13,1012.0,4299,49,1012.1,252,4,1012.2,907,17,1012.3,756,9,1012.4,989,12
317,2025-11-26 13:56:04+05:30,1012.0,43,1001.4,7530053,427516.0,432167.0,986.2,1012.8,981.3,986.2,120490500,1084.8,887.6,1102.5,649.1,1011.7,91,5,1011.6,471,6,1011.5,963,10,1011.4,1525,11,1011.3,778,12,1012.0,3372,31,1012.1,104,3,1012.2,736,15,1012.3,740,8,1012.4,928,12
317,2025-11-26 13:56:04+05:30,1012.0,43,1001.4,7530053,427516.0,432167.0,986.2,1012.8,981.3,986.2,120490500,1084.8,887.6,1102.5,649.1,1011.7,91,5,1011.6,471,6,1011.5,963,10,1011.4,1525,11,1011.3,778,12,1012.0,3372,31,1012.1,104,3,1012.2,736,15,1012.3,740,8,1012.4,928,12
317,2025-11-26 13:56:04+05:30,1012.0,43,1001.4,7530053,427516.0,432167.0,986.2,1012.8,981.3,986.2,120492000,1084.8,887.6,1102.5,649.1,1011.7,91,5,1011.6,471,6,1011.5,963,10,1011.4,1525,11,1011.3,778,12,1012.0,3372,31,1012.1,104,3,1012.2,736,15,1012.3,740,8,1012.4,928,12
317,2025-11-26 13:56:05+05:30,1012.0,43,1001.4,7530053,427516.0,432167.0,986.2,1012.8,981.3,986.2,120492000,1084.8,887.6,1102.5,649.1,1011.7,91,5,1011.6,471,6,1011.5,963,10,1011.4,1525,11,1011.3,778,12,1012.0,3372,31,1012.1,104,3,1012.2,736,15,1012.3,740,8,1012.4,928,12
317,2025-11-26 13:56:05+05:30,1012.0,2,1001.4,7530053,427516.0,432167.0,986.2,1012.8,981.3,986.2,120492000,1084.8,887.6,1102.5,649.1,1011.7,91,5,1011.6,471,6,1011.5,963,10,1011.4,1525,11,1011.3,778,12,1012.0,3372,31,1012.1,104,3,1012.2,736,15,1012.3,740,8,1012.4,928,12
317,2025-11-26 13:56:05+05:30,1012.0,2,1001.4,7530053,427516.0,432167.0,986.2,1012.8,981.3,986.2,120492000,1084.8,887.6,1102.5,649.1,1011.7,91,5,1011.6,471,6,1011.5,963,10,1011.4,1525,11,1011.3,778,12,1012.0,3372,31,1012.1,104,3,1012.2,736,15,1012.3,740,8,1012.4,928,12
317,2025-11-26 13:56:05+05:30,1012.0,2,1001.4,7530438,427467.0,431708.0,986.2,1012.8,981.3,986.2,120492000,1084.8,887.6,1102.5,649.1,1011.7,103,6,1011.6,508,7,1011.5,1017,11,1011.4,1525,11,1011.3,656,11,1012.0,3133,28,1012.1,104,3,1012.2,710,13,1012.3,766,10,1012.4,928,12
317,2025-11-26 13:56:05+05:30,1012.0,2,1001.4,7530438,427467.0,431708.0,986.2,1012.8,981.3,986.2,120492000,1084.8,887.6,1102.5,649.1,1011.7,103,6,1011.6,508,7,1011.5,1017,11,1011.4,1525,11,1011.3,656,11,1012.0,3133,28,1012.1,104,3,1012.2,710,13,1012.3,766,10,1012.4,928,12
317,2025-11-26 13:56:06+05:30,1012.0,81,1001.4,7530438,427467.0,431708.0,986.2,1012.8,981.3,986.2,120492000,1084.8,887.6,1102.5,649.1,1011.7,103,6,1011.6,508,7,1011.5,1017,11,1011.4,1525,11,1011.3,656,11,1012.0,3133,28,1012.1,104,3,1012.2,710,13,1012.3,766,10,1012.4,928,12
317,2025-11-26 13:56:06+05:30,1012.0,81,1001.4,7530696,427657.0,431294.0,986.2,1012.8,981.3,986.2,120492000,1084.8,887.6,1102.5,649.1,1011.7,101,6,1011.6,574,8,1011.5,1017,11,1011.4,1525,11,1011.3,656,11,1012.0,2853,22,1012.1,104,3,1012.2,712,14,1012.3,618,8,1012.4,926,12
317,2025-11-26 13:56:07+05:30,1011.9,10,1001.4,7530696,427657.0,431294.0,986.2,1012.8,981.3,986.2,120492000,1084.8,887.6,1102.5,649.1,1011.7,101,6,1011.6,574,8,1011.5,1017,11,1011.4,1525,11,1011.3,656,11,1012.0,2853,22,1012.1,104,3,1012.2,712,14,1012.3,618,8,1012.4,926,12
317,2025-11-26 13:56:07+05:30,1011.9,10,1001.4,7530706,427570.0,431479.0,986.2,1012.8,981.3,986.2,120492000,1084.8,887.6,1102.5,649.1,1011.7,47,4,1011.6,391,5,1011.5,980,12,1011.4,1525,11,1011.3,798,12,1011.9,84,2,1012.0,2865,23,1012.1,217,4,1012.2,712,14,1012.3,618,8
317,2025-11-26 13:56:08+05:30,1012.0,127,1001.4,7530706,427570.0,431479.0,986.2,1012.8,981.3,986.2,120492000,1084.8,887.6,1102.5,649.1,1011.7,47,4,1011.6,391,5,1011.5,980,12,1011.4,1525,11,1011.3,798,12,1011.9,84,2,1012.0,2865,23,1012.1,217,4,1012.2,712,14,1012.3,618,8
317,2025-11-26 13:56:08+05:30,1012.0,127,1001.4,7530961,421722.0,431260.0,986.2,1012.8,981.3,986.2,120492000,1084.8,887.6,1102.5,649.1,1011.8,8,2,1011.7,17,3,1011.6,423,6,1011.5,1594,16,1011.4,895,14,1012.0,2730,23,1012.1,20,1,1012.2,636,9,1012.3,1091,8,1012.4,1089,20
317,2025-11-26 13:56:09+05:30,1011.8,231,1001.4,7530961,421722.0,431260.0,986.2,1012.8,981.3,986.2,120492000,1084.8,887.6,1102.5,649.1,1011.8,8,2,1011.7,17,3,1011.6,423,6,1011.5,1594,16,1011.4,895,14,1012.0,2730,23,1012.1,20,1,1012.2,636,9,1012.3,1091,8,1012.4,1089,20
317,2025-11-26 13:56:09+05:30,1011.6,53,1001.4,7531669,425280.0,431705.0,986.2,1012.8,981.3,986.2,120492000,1084.8,887.6,1102.5,649.1,1011.6,42,2,1011.5,1240,8,1011.4,897,15,1011.3,755,9,1011.2,1831,12,1011.8,121,1,1012.0,3055,25,1012.1,266,3,1012.2,790,11,1012.3,778,11
317,2025-11-26 13:56:10+05:30,1011.8,127,1001.4,7531669,425280.0,431705.0,986.2,1012.8,981.3,986.2,120492000,1084.8,887.6,1102.5,649.1,1011.6,42,2,1011.5,1240,8,1011.4,897,15,1011.3,755,9,1011.2,1831,12,1011.8,121,1,1012.0,3055,25,1012.1,266,3,1012.2,790,11,1012.3,778,11
317,2025-11-26 13:56:10+05:30,1011.8,127,1001.4,7532053,427164.0,431698.0,986.2,1012.8,981.3,986.2,120492000,1084.8,887.6,1102.5,649.1,1011.6,179,2,1011.5,1313,10,1011.4,897,15,1011.3,957,10,1011.2,2193,13,1011.8,121,1,1012.0,3112,26,1012.1,266,3,1012.2,665,9,1012.3,778,11
317,2025-11-26 13:56:11+05:30,1011.8,2,1001.4,7532053,427164.0,431698.0,986.2,1012.8,981.3,986.2,120492000,1084.8,887.6,1102.5,649.1,1011.6,179,2,1011.5,1313,10,1011.4,897,15,1011.3,957,10,1011.2,2193,13,1011.8,121,1,1012.0,3112,26,1012.1,266,3,1012.2,665,9,1012.3,778,11
317,2025-11-26 13:56:11+05:30,1011.8,2,1001.4,7532146,427662.0,431629.0,986.2,1012.8,981.3,986.2,120492000,1084.8,887.6,1102.5,649.1,1011.6,463,6,1011.5,1379,11,1011.4,897,15,1011.3,957,10,1011.2,1739,13,1011.8,28,1,1012.0,3079,25,1012.1,266,3,1012.2,732,10,1012.3,770,10
317,2025-11-26 13:56:12+05:30,1012.0,128,1001.4,7532146,427662.0,431629.0,986.2,1012.8,981.3,986.2,120492000,1084.8,887.6,1102.5,649.1,1011.6,463,6,1011.5,1379,11,1011.4,897,15,1011.3,957,10,1011.2,1739,13,1011.8,28,1,1012.0,3079,25,1012.1,266,3,1012.2,732,10,1012.3,770,10
317,2025-11-26 13:56:12+05:30,1012.0,128,1001.4,7532657,425791.0,432127.0,986.2,1012.8,981.3,986.2,120492000,1084.8,887.6,1102.5,649.1,1011.6,13,1,1011.5,1200,11,1011.4,872,13,1011.3,783,11,1011.2,1872,13,1011.9,750,1,1012.0,2748,27,1012.1,328,5,1012.2,1357,11,1012.3,780,11
317,2025-11-26 13:56:13+05:30,1011.9,23,1001.4,7532657,425791.0,432127.0,986.2,1012.8,981.3,986.2,120492000,1084.8,887.6,1102.5,649.1,1011.6,13,1,1011.5,1200,11,1011.4,872,13,1011.3,783,11,1011.2,1872,13,1011.9,750,1,1012.0,2748,27,1012.1,328,5,1012.2,1357,11,1012.3,780,11
317,2025-11-26 13:56:13+05:30,1011.9,127,1001.4,7532945,425677.0,431599.0,986.2,1012.8,981.3,986.2,120492000,1084.8,887.6,1102.5,649.1,1011.6,13,1,1011.5,943,8,1011.4,844,13,1011.3,783,11,1011.2,1872,13,1011.9,462,1,1012.0,2934,28,1012.1,562,7,1012.2,837,10,1012.3,780,11
317,2025-11-26 13:56:14+05:30,1011.7,34,1001.4,7532945,425677.0,431599.0,986.2,1012.8,981.3,986.2,120492000,1084.8,887.6,1102.5,649.1,1011.6,13,1,1011.5,943,8,1011.4,844,13,1011.3,783,11,1011.2,1872,13,1011.9,462,1,1012.0,2934,28,1012.1,562,7,1012.2,837,10,1012.3,780,11
317,2025-11-26 13:56:14+05:30,1011.7,34,1001.4,7533057,425018.0,434823.0,986.2,1012.8,981.3,986.2,120492000,1084.8,887.6,1102.5,649.1,1011.6,13,1,1011.5,764,6,1011.4,711,11,1011.3,1306,12,1011.2,1468,11,1011.9,554,4,1012.0,5177,34,1012.1,997,9,1012.2,539,9,1012.3,772,10
317,2025-11-26 13:56:15+05:30,1011.9,3,1001.4,7533057,425018.0,434823.0,986.2,1012.8,981.3,986.2,120492000,1084.8,887.6,1102.5,649.1,1011.6,13,1,1011.5,764,6,1011.4,711,11,1011.3,1306,12,1011.2,1468,11,1011.9,554,4,1012.0,5177,34,1012.1,997,9,1012.2,539,9,1012.3,772,10
317,2025-11-26 13:56:15+05:30,1011.9,3,1001.4,7533062,425018.0,434335.0,986.2,1012.8,981.3,986.2,120492000,1084.8,887.6,1102.5,649.1,1011.6,13,1,1011.5,764,6,1011.4,711,11,1011.3,1306,12,1011.2,1468,11,1011.9,458,2,1012.0,5308,37,1012.1,997,9,1012.2,539,9,1012.3,772,10
317,2025-11-26 13:56:16+05:30,1011.6,1,1001.4,7533062,425018.0,434335.0,986.2,1012.8,981.3,986.2,120492000,1084.8,887.6,1102.5,649.1,1011.6,13,1,1011.5,764,6,1011.4,711,11,1011.3,1306,12,1011.2,1468,11,1011.9,458,2,1012.0,5308,37,1012.1,997,9,1012.2,539,9,1012.3,772,10
317,2025-11-26 13:56:16+05:30,1011.6,1,1001.4,7533065,426274.0,434705.0,986.2,1012.8,981.3,986.2,120492000,1084.8,887.6,1102.5,649.1,1011.6,772,4,1011.5,488,11,1011.4,737,13,1011.3,1243,9,1011.2,1468,11,1011.9,456,2,1012.0,4954,32,1012.1,464,6,1012.2,970,13,1012.3,772,10
317,2025-11-26 13:56:17+05:30,1011.9,128,1001.4,7533321,426936.0,434264.0,986.2,1012.8,981.3,986.2,120492000,1084.8,887.6,1102.5,649.1,1011.6,1316,11,1011.5,644,11,1011.4,939,14,1011.3,1270,10,1011.2,1393,11,1011.9,212,3,1012.0,4954,32,1012.1,262,4,1012.2,758,10,1012.3,772,10
317,2025-11-26 13:56:18+05:30,1011.6,60,1001.4,7533321,426936.0,434264.0,986.2,1012.8,981.3,986.2,120492000,1084.8,887.6,1102.5,649.1,1011.6,1316,11,1011.5,644,11,1011.4,939,14,1011.3,1270,10,1011.2,1393,11,1011.9,212,3,1012.0,4954,32,1012.1,262,4,1012.2,758,10,1012.3,772,10
317,2025-11-26 13:56:18+05:30,1011.6,60,1001.4,7533393,426875.0,434173.0,986.2,1012.8,981.3,986.2,120492000,1084.8,887.6,1102.5,649.1,1011.6,1255,11,1011.5,644,11,1011.4,939,14,1011.3,1270,10,1011.2,1393,11,1011.9,212,3,1012.0,4946,31,1012.1,261,3,1012.2,727,13,1012.3,759,9
317,2025-11-26 13:56:19+05:30,1011.7,50,1001.4,7533393,426875.0,434173.0,986.2,1012.8,981.3,986.2,120492000,1084.8,887.6,1102.5,649.1,1011.6,1255,11,1011.5,644,11,1011.4,939,14,1011.3,1270,10,1011.2,1393,11,1011.9,212,3,1012.0,4946,31,1012.1,261,3,1012.2,727,13,1012.3,759,9
317,2025-11-26 13:56:19+05:30,1011.7,50,1001.4,7534258,428744.0,433564.0,986.2,1012.8,981.3,986.2,120492000,1084.8,887.6,1102.5,649.1,1011.6,1213,12,1011.5,568,10,1011.4,629,12,1011.3,1273,11,1011.2,1487,11,1011.7,7,1,1011.8,48,1,1012.0,4931,30,1012.1,258,3,1012.2,358,13
317,2025-11-26 13:56:20+05:30,1011.7,2,1001.4,7534258,428744.0,433564.0,986.2,1012.8,981.3,986.2,120492000,1084.8,887.6,1102.5,649.1,1011.6,1213,12,1011.5,568,10,1011.4,629,12,1011.3,1273,11,1011.2,1487,11,1011.7,7,1,1011.8,48,1,1012.0,4931,30,1012.1,258,3,1012.2,358,13
317,2025-11-26 13:56:20+05:30,1011.7,2,1001.4,7534260,428436.0,433589.0,986.2,1012.8,981.3,986.2,120492000,1084.8,887.6,1102.5,649.1,1011.6,1088,10,1011.5,601,11,1011.4,629,12,1011.3,1273,11,1011.2,1487,11,1011.7,5,1,1011.8,48,1,1012.0,4931,30,1012.1,258,3,1012.2,355,11
317,2025-11-26 13:56:21+05:30,1011.7,22,1001.4,7534260,428436.0,433589.0,986.2,1012.8,981.3,986.2,120492000,1084.8,887.6,1102.5,649.1,1011.6,1088,10,1011.5,601,11,1011.4,629,12,1011.3,1273,11,1011.2,1487,11,1011.7,5,1,1011.8,48,1,1012.0,4931,30,1012.1,258,3,1012.2,355,11
317,2025-11-26 13:56:21+05:30,1011.7,22,1001.4,7534411,428415.0,433430.0,986.2,1012.8,981.3,986.2,120492000,1084.8,887.6,1102.5,649.1,1011.7,234,2,1011.6,1337,12,1011.5,601,11,1011.4,735,13,1011.3,1273,11,1011.8,48,1,1012.0,4825,29,1012.1,259,4,1012.2,653,12,1012.3,769,10
317,2025-11-26 13:56:22+05:30,1012.0,18,1001.4,7534411,428415.0,433430.0,986.2,1012.8,981.3,986.2,120492000,1084.8,887.6,1102.5,649.1,1011.7,234,2,1011.6,1337,12,1011.5,601,11,1011.4,735,13,1011.3,1273,11,1011.8,48,1,1012.0,4825,29,1012.1,259,4,1012.2,653,12,1012.3,769,10
317,2025-11-26 13:56:22+05:30,1012.0,18,1001.4,7535030,426851.0,431875.0,986.2,1012.8,981.3,986.2,120492000,1084.8,887.6,1102.5,649.1,1011.6,1168,10,1011.5,602,11,1011.4,770,14,1011.3,1317,12,1011.2,1820,13,1012.0,4398,28,1012.1,126,2,1012.2,680,15,1012.3,743,8,1012.4,850,11
317,2025-11-26 13:56:23+05:30,1012.0,23,1001.4,7535030,426851.0,431875.0,986.2,1012.8,981.3,986.2,120492000,1084.8,887.6,1102.5,649.1,1011.6,1168,10,1011.5,602,11,1011.4,770,14,1011.3,1317,12,1011.2,1820,13,1012.0,4398,28,1012.1,126,2,1012.2,680,15,1012.3,743,8,1012.4,850,11
317,2025-11-26 13:56:23+05:30,1012.0,23,1001.4,7535061,426850.0,431863.0,986.2,1012.8,981.3,986.2,120492000,1084.8,887.6,1102.5,649.1,1011.6,1233,11,1011.5,602,11,1011.4,770,14,1011.3,1317,12,1011.2,1820,13,1012.0,4368,29,1012.1,126,2,1012.2,681,16,1012.3,800,9,1012.4,850,11
317,2025-11-26 13:56:24+05:30,1012.0,127,1001.4,7535061,426850.0,431863.0,986.2,1012.8,981.3,986.2,120492000,1084.8,887.6,1102.5,649.1,1011.6,1233,11,1011.5,602,11,1011.4,770,14,1011.3,1317,12,1011.2,1820,13,1012.0,4368,29,1012.1,126,2,1012.2,681,16,1012.3,800,9,1012.4,850,11
317,2025-11-26 13:56:24+05:30,1012.0,127,1001.4,7535665,426940.0,431405.0,986.2,1012.8,981.3,986.2,120492000,1084.8,887.6,1102.5,649.1,1011.6,1233,11,1011.5,602,11,1011.4,770,14,1011.3,1317,12,1011.2,1847,14,1012.0,3965,26,1012.1,154,2,1012.2,681,16,1012.3,663,8,1012.4,740,11
317,2025-11-26 13:56:25+05:30,1012.0,11,1001.4,7535665,426940.0,431405.0,986.2,1012.8,981.3,986.2,120492000,1084.8,887.6,1102.5,649.1,1011.6,1233,11,1011.5,602,11,1011.4,770,14,1011.3,1317,12,1011.2,1847,14,1012.0,3965,26,1012.1,154,2,1012.2,681,16,1012.3,663,8,1012.4,740,11
317,2025-11-26 13:56:25+05:30,1012.0,11,1001.4,7536080,427623.0,430425.0,986.2,1012.8,981.3,986.2,120492000,1084.8,887.6,1102.5,649.1,1011.6,1168,10,1011.5,710,12,1011.4,948,15,1011.3,1317,12,1011.2,1920,17,1012.0,3518,22,1012.1,20,1,1012.2,747,17,1012.3,671,9,1012.4,704,9
317,2025-11-26 13:56:26+05:30,1012.0,3,1001.4,7536080,427623.0,430425.0,986.2,1012.8,981.3,986.2,120492000,1084.8,887.6,1102.5,649.1,1011.6,1168,10,1011.5,710,12,1011.4,948,15,1011.3,1317,12,1011.2,1920,17,1012.0,3518,22,1012.1,20,1,1012.2,747,17,1012.3,671,9,1012.4,704,9
317,2025-11-26 13:56:26+05:30,1012.0,3,1001.4,7536083,427326.0,430595.0,986.2,1012.8,981.3,986.2,120492000,1084.8,887.6,1102.5,649.1,1011.6,1184,11,1011.5,645,11,1011.4,948,15,1011.3,1404,12,1011.2,1920,17,1012.0,3601,23,1012.1,85,2,1012.2,834,18,1012.3,671,9,1012.4,704,9
317,2025-11-26 13:56:27+05:30,1012.0,3,1001.4,7536083,427726.0,430602.0,986.2,1012.8,981.3,986.2,120492000,1084.8,887.6,1102.5,649.1,1011.6,1068,8,1011.5,678,12,1011.4,913,14,1011.3,1364,11,1011.2,1851,15,1012.0,3608,23,1012.1,85,2,1012.2,971,19,1012.3,808,10,1012.4,704,9
317,2025-11-26 13:56:28+05:30,1012.0,1,1001.4,7536083,427726.0,430602.0,986.2,1012.8,981.3,986.2,120492000,1084.8,887.6,1102.5,649.1,1011.6,1068,8,1011.5,678,12,1011.4,913,14,1011.3,1364,11,1011.2,1851,15,1012.0,3608,23,1012.1,85,2,1012.2,971,19,1012.3,808,10,1012.4,704,9
317,2025-11-26 13:56:28+05:30,1012.0,1,1001.4,7536509,427829.0,430230.0,986.2,1012.8,981.3,986.2,120492000,1084.8,887.6,1102.5,649.1,1011.6,1047,8,1011.5,711,12,1011.4,913,14,1011.3,1258,11,1011.2,1851,15,1012.0,3245,18,1012.1,152,2,1012.2,865,19,1012.3,664,8,1012.4,882,12
317,2025-11-26 13:56:29+05:30,1011.8,1,1001.4,7536509,427829.0,430230.0,986.2,1012.8,981.3,986.2,120492000,1084.8,887.6,1102.5,649.1,1011.6,1047,8,1011.5,711,12,1011.4,913,14,1011.3,1258,11,1011.2,1851,15,1012.0,3245,18,1012.1,152,2,1012.2,865,19,1012.3,664,8,1012.4,882,12
317,2025-11-26 13:56:29+05:30,1011.8,1,1001.4,7536510,429127.0,431639.0,986.2,1012.8,981.3,986.2,120492000,1084.8,887.6,1102.5,649.1,1011.6,1070,9,1011.5,603,11,1011.4,913,14,1011.3,1258,11,1011.2,1988,15,1011.8,62,1,1012.0,3296,19,1012.1,263,3,1012.2,1328,19,1012.3,607,7
317,2025-11-26 13:56:30+05:30,1011.8,28,1001.4,7536510,429127.0,431639.0,986.2,1012.8,981.3,986.2,120492000,1084.8,887.6,1102.5,649.1,1011.6,1070,9,1011.5,603,11,1011.4,913,14,1011.3,1258,11,1011.2,1988,15,1011.8,62,1,1012.0,3296,19,1012.1,263,3,1012.2,1328,19,1012.3,607,7
317,2025-11-26 13:56:30+05:30,1011.6,8,1001.4,7536572,429061.0,431606.0,986.2,1012.8,981.3,986.2,120492000,1084.8,887.6,1102.5,649.1,1011.6,1100,10,1011.5,603,11,1011.4,913,14,1011.3,1258,11,1011.2,1988,15,1011.8,8,1,1012.0,3296,19,1012.1,263,3,1012.2,1380,17,1012.3,607,7
317,2025-11-26 13:56:31+05:30,1011.8,128,1001.4,7536572,429061.0,431606.0,986.2,1012.8,981.3,986.2,120492000,1084.8,887.6,1102.5,649.1,1011.6,1100,10,1011.5,603,11,1011.4,913,14,1011.3,1258,11,1011.2,1988,15,1011.8,8,1,1012.0,3296,19,1012.1,263,3,1012.2,1380,17,1012.3,607,7
317,2025-11-26 13:56:31+05:30,1011.8,128,1001.4,7536956,429446.0,431161.0,986.2,1012.8,981.3,986.2,120492000,1084.8,887.6,1102.5,649.1,1011.6,1343,13,1011.5,601,11,1011.4,913,14,1011.3,1258,11,1011.2,1809,13,1011.8,63,1,1012.0,3296,19,1012.1,132,3,1012.2,537,13,1012.3,1030,7
317,2025-11-26 13:56:32+05:30,1011.8,1,1001.4,7536957,429358.0,431372.0,986.2,1012.8,981.3,986.2,120492000,1084.8,887.6,1102.5,649.1,1011.6,1255,12,1011.5,601,11,1011.4,913,14,1011.3,1258,11,1011.2,1809,13,1011.8,62,1,1012.0,3296,19,1012.1,131,2,1012.2,1323,17,1012.3,605,7
317,2025-11-26 13:56:33+05:30,1011.8,23,1001.4,7536957,429358.0,431372.0,986.2,1012.8,981.3,986.2,120492000,1084.8,887.6,1102.5,649.1,1011.6,1255,12,1011.5,601,11,1011.4,913,14,1011.3,1258,11,1011.2,1809,13,1011.8,62,1,1012.0,3296,19,1012.1,131,2,1012.2,1323,17,1012.3,605,7
317,2025-11-26 13:56:33+05:30,1011.8,23,1001.4,7536989,429316.0,431204.0,986.2,1012.8,981.3,986.2,120492000,1084.8,887.6,1102.5,649.1,1011.6,975,9,1011.5,601,11,1011.4,913,14,1011.3,1258,11,1011.2,1951,14,1011.8,40,4,1012.0,3075,17,1012.1,273,3,1012.2,767,17,1012.3,1094,8
317,2025-11-26 13:56:34+05:30,1011.6,151,1001.4,7536989,429316.0,431204.0,986.2,1012.8,981.3,986.2,120492000,1084.8,887.6,1102.5,649.1,1011.6,975,9,1011.5,601,11,1011.4,913,14,1011.3,1258,11,1011.2,1951,14,1011.8,40,4,1012.0,3075,17,1012.1,273,3,1012.2,767,17,1012.3,1094,8
317,2025-11-26 13:56:34+05:30,1011.6,151,1001.4,7537140,428714.0,431630.0,986.2,1012.8,981.3,986.2,120492000,1084.8,887.6,1102.5,649.1,1011.7,112,1,1011.6,654,6,1011.5,601,11,1011.4,944,15,1011.3,1258,11,1011.8,426,5,1012.0,3080,18,1012.1,273,3,1012.2,1304,17,1012.3,592,6
317,2025-11-26 13:56:35+05:30,1011.8,102,1001.4,7537140,428714.0,431630.0,986.2,1012.8,981.3,986.2,120492000,1084.8,887.6,1102.5,649.1,1011.7,112,1,1011.6,654,6,1011.5,601,11,1011.4,944,15,1011.3,1258,11,1011.8,426,5,1012.0,3080,18,1012.1,273,3,1012.2,1304,17,1012.3,592,6
317,2025-11-26 13:56:35+05:30,1011.8,102,1001.41,7537252,428622.0,431867.0,986.2,1012.8,981.3,986.2,120492000,1084.8,887.6,1102.5,649.1,1011.7,122,2,1011.6,748,8,1011.5,575,10,1011.4,955,15,1011.3,1297,12,1011.8,322,3,1012.0,3080,18,1012.1,274,4,1012.2,1116,16,1012.3,592,6
317,2025-11-26 13:56:36+05:30,1011.8,2,1001.41,7537252,428622.0,431867.0,986.2,1012.8,981.3,986.2,120492000,1084.8,887.6,1102.5,649.1,1011.7,122,2,1011.6,748,8,1011.5,575,10,1011.4,955,15,1011.3,1297,12,1011.8,322,3,1012.0,3080,18,1012.1,274,4,1012.2,1116,16,1012.3,592,6
317,2025-11-26 13:56:36+05:30,1011.8,2,1001.41,7537637,424535.0,431265.0,986.2,1012.8,981.3,986.2,120492000,1084.8,887.6,1102.5,649.1,1011.7,214,5,1011.6,763,6,1011.5,581,11,1011.4,1157,16,1011.3,1297,12,1011.8,5,1,1011.9,69,1,1012.0,3025,17,1012.1,274,4,1012.2,743,15
317,2025-11-26 13:56:37+05:30,1012.0,65,1001.41,7537637,424535.0,431265.0,986.2,1012.8,981.3,986.2,120492000,1084.8,887.6,1102.5,649.1,1011.7,214,5,1011.6,763,6,1011.5,581,11,1011.4,1157,16,1011.3,1297,12,1011.8,5,1,1011.9,69,1,1012.0,3025,17,1012.1,274,4,1012.2,743,15
317,2025-11-26 13:56:37+05:30,1012.0,128,1001.41,7538404,427618.0,429725.0,986.2,1012.8,981.3,986.2,120492000,1084.8,887.6,1102.5,649.1,1011.7,193,4,1011.6,1022,9,1011.5,692,12,1011.4,980,16,1011.3,1356,12,1012.0,2589,16,1012.1,21,2,1012.2,412,14,1012.3,1553,9,1012.4,841,10
317,2025-11-26 13:56:38+05:30,1012.0,2,1001.41,7538404,427618.0,429725.0,986.2,1012.8,981.3,986.2,120492000,1084.8,887.6,1102.5,649.1,1011.7,193,4,1011.6,1022,9,1011.5,692,12,1011.4,980,16,1011.3,1356,12,1012.0,2589,16,1012.1,21,2,1012.2,412,14,1012.3,1553,9,1012.4,841,10
317,2025-11-26 13:56:38+05:30,1012.0,2,1001.41,7538406,429074.0,430855.0,986.2,1012.8,981.3,986.2,120492000,1084.8,887.6,1102.5,649.1,1011.7,141,4,1011.6,946,8,1011.5,692,12,1011.4,980,16,1011.3,823,11,1011.8,40,1,1012.0,2600,16,1012.1,148,4,1012.2,1442,18,1012.3,728,7
317,2025-11-26 13:56:39+05:30,1011.8,319,1001.41,7538951,428024.0,429616.0,986.2,1012.8,981.3,986.2,120492000,1084.8,887.6,1102.5,649.1,1011.7,228,6,1011.6,1111,12,1011.5,661,11,1011.4,967,15,1011.3,1025,12,1012.0,2600,16,1012.1,28,4,1012.2,761,6,1012.3,1040,14,1012.4,843,10
317,2025-11-26 13:56:40+05:30,1012.0,127,1001.41,7538951,428024.0,429616.0,986.2,1012.8,981.3,986.2,120492000,1084.8,887.6,1102.5,649.1,1011.7,228,6,1011.6,1111,12,1011.5,661,11,1011.4,967,15,1011.3,1025,12,1012.0,2600,16,1012.1,28,4,1012.2,761,6,1012.3,1040,14,1012.4,843,10
317,2025-11-26 13:56:40+05:30,1012.0,2,1001.41,7539557,422789.0,430511.0,986.2,1012.8,981.3,986.2,120492000,1084.8,887.6,1102.5,649.1,1011.8,1,1,1011.7,29,3,1011.6,1049,9,1011.5,674,12,1011.4,995,16,1012.0,2106,16,1012.1,114,4,1012.2,496,9,1012.3,1439,18,1012.4,1200,12
317,2025-11-26 13:56:41+05:30,1011.7,1,1001.41,7539557,422789.0,430511.0,986.2,1012.8,981.3,986.2,120492000,1084.8,887.6,1102.5,649.1,1011.8,1,1,1011.7,29,3,1011.6,1049,9,1011.5,674,12,1011.4,995,16,1012.0,2106,16,1012.1,114,4,1012.2,496,9,1012.3,1439,18,1012.4,1200,12
317,2025-11-26 13:56:41+05:30,1011.7,1,1001.41,7539977,427677.0,430640.0,986.2,1012.8,981.3,986.2,120492000,1084.8,887.6,1102.5,649.1,1011.7,181,4,1011.6,1316,11,1011.5,674,12,1011.4,1008,17,1011.3,1340,11,1012.0,1722,16,1012.1,27,3,1012.2,152,6,1012.3,1433,15,1012.4,838,10
317,2025-11-26 13:56:42+05:30,1012.0,128,1001.41,7539977,427677.0,430640.0,986.2,1012.8,981.3,986.2,120492000,1084.8,887.6,1102.5,649.1,1011.7,181,4,1011.6,1316,11,1011.5,674,12,1011.4,1008,17,1011.3,1340,11,1012.0,1722,16,1012.1,27,3,1012.2,152,6,1012.3,1433,15,1012.4,838,10
317,2025-11-26 13:56:42+05:30,1012.0,4,1001.41,7540364,427690.0,429592.0,986.2,1012.8,981.3,986.2,120492000,1084.8,887.6,1102.5,649.1,1011.7,390,7,1011.6,1316,11,1011.5,702,13,1011.4,980,16,1011.3,1227,11,1012.0,1642,18,1012.1,27,3,1012.2,152,6,1012.3,1367,14,1012.4,773,9
317,2025-11-26 13:56:43+05:30,1012.0,23,1001.41,7540364,427690.0,429592.0,986.2,1012.8,981.3,986.2,120492000,1084.8,887.6,1102.5,649.1,1011.7,390,7,1011.6,1316,11,1011.5,702,13,1011.4,980,16,1011.3,1227,11,1012.0,1642,18,1012.1,27,3,1012.2,152,6,1012.3,1367,14,1012.4,773,9
317,2025-11-26 13:56:43+05:30,1012.0,23,1001.41,7540392,427690.0,429666.0,986.2,1012.8,981.3,986.2,120492000,1084.8,887.6,1102.5,649.1,1011.7,390,7,1011.6,1316,11,1011.5,702,13,1011.4,980,16,1011.3,1227,11,1012.0,1614,18,1012.1,27,3,1012.2,181,5,1012.3,1372,17,1012.4,840,10
317,2025-11-26 13:56:44+05:30,1012.0,146,1001.41,7540392,427690.0,429666.0,986.2,1012.8,981.3,986.2,120492000,1084.8,887.6,1102.5,649.1,1011.7,390,7,1011.6,1316,11,1011.5,702,13,1011.4,980,16,1011.3,1227,11,1012.0,1614,18,1012.1,27,3,1012.2,181,5,1012.3,1372,17,1012.4,840,10
317,2025-11-26 13:56:44+05:30,1012.0,146,1001.41,7540616,427597.0,429510.0,986.2,1012.8,981.3,986.2,120492000,1084.8,887.6,1102.5,649.1,1011.7,121,3,1011.6,1132,9,1011.5,729,14,1011.4,967,15,1011.3,1314,11,1012.0,1468,18,1012.1,27,3,1012.2,294,6,1012.3,1439,18,1012.4,775,9
317,2025-11-26 13:56:45+05:30,1012.0,2,1001.41,7540616,427597.0,429510.0,986.2,1012.8,981.3,986.2,120492000,1084.8,887.6,1102.5,649.1,1011.7,121,3,1011.6,1132,9,1011.5,729,14,1011.4,967,15,1011.3,1314,11,1012.0,1468,18,1012.1,27,3,1012.2,294,6,1012.3,1439,18,1012.4,775,9
317,2025-11-26 13:56:45+05:30,1012.0,2,1001.41,7540621,427306.0,431890.0,986.2,1012.8,981.3,986.2,120492000,1084.8,887.6,1102.5,649.1,1011.7,6,1,1011.6,944,8,1011.5,701,13,1011.4,1008,17,1011.3,1344,11,1012.0,2463,19,1012.1,408,7,1012.2,1027,11,1012.3,1074,17,1012.4,775,9
317,2025-11-26 13:56:46+05:30,1012.0,127,1001.41,7540621,427306.0,431890.0,986.2,1012.8,981.3,986.2,120492000,1084.8,887.6,1102.5,649.1,1011.7,6,1,1011.6,944,8,1011.5,701,13,1011.4,1008,17,1011.3,1344,11,1012.0,2463,19,1012.1,408,7,1012.2,1027,11,1012.3,1074,17,1012.4,775,9
317,2025-11-26 13:56:46+05:30,1012.0,127,1001.41,7541004,427390.0,431713.0,986.2,1012.8,981.3,986.2,120492000,1084.8,887.6,1102.5,649.1,1011.7,6,1,1011.6,774,6,1011.5,729,14,1011.4,983,16,1011.3,1305,12,1012.0,2325,20,1012.1,234,5,1012.2,854,10,1012.3,1224,18,1012.4,775,9
317,2025-11-26 13:56:47+05:30,1012.0,127,1001.41,7541004,427392.0,431713.0,986.2,1012.8,981.3,986.2,120492000,1084.8,887.6,1102.5,649.1,1011.7,6,1,1011.6,774,6,1011.5,729,14,1011.4,983,16,1011.3,1305,12,1012.0,2325,20,1012.1,234,5,1012.2,854,10,1012.3,1224,18,1012.4,775,9
317,2025-11-26 13:56:48+05:30,1012.0,1,1001.41,7541004,427392.0,431713.0,986.2,1012.8,981.3,986.2,120492000,1084.8,887.6,1102.5,649.1,1011.7,6,1,1011.6,774,6,1011.5,729,14,1011.4,983,16,1011.3,1305,12,1012.0,2325,20,1012.1,234,5,1012.2,854,10,1012.3,1224,18,1012.4,775,9
317,2025-11-26 13:56:48+05:30,1011.7,2,1001.41,7541007,427390.0,431713.0,986.2,1012.8,981.3,986.2,120492000,1084.8,887.6,1102.5,649.1,1011.7,4,1,1011.6,774,6,1011.5,729,14,1011.4,983,16,1011.3,1305,12,1012.0,2324,20,1012.1,234,5,1012.2,854,10,1012.3,1224,18,1012.4,775,9
317,2025-11-26 13:56:49+05:30,1011.7,2,1001.41,7541007,427390.0,431713.0,986.2,1012.8,981.3,986.2,120492000,1084.8,887.6,1102.5,649.1,1011.7,4,1,1011.6,774,6,1011.5,729,14,1011.4,983,16,1011.3,1305,12,1012.0,2324,20,1012.1,234,5,1012.2,854,10,1012.3,1224,18,1012.4,775,9
317,2025-11-26 13:56:49+05:30,1011.7,2,1001.41,7541007,429000.0,431618.0,986.2,1012.8,981.3,986.2,120492000,1084.8,887.6,1102.5,649.1,1011.7,4,1,1011.6,878,8,1011.5,757,15,1011.4,955,15,1011.3,1406,12,1011.8,52,1,1012.0,2325,21,1012.1,147,4,1012.2,747,9,1012.3,1339,20
317,2025-11-26 13:56:50+05:30,1011.8,1,1001.41,7541007,429000.0,431618.0,986.2,1012.8,981.3,986.2,120492000,1084.8,887.6,1102.5,649.1,1011.7,4,1,1011.6,878,8,1011.5,757,15,1011.4,955,15,1011.3,1406,12,1011.8,52,1,1012.0,2325,21,1012.1,147,4,1012.2,747,9,1012.3,1339,20
317,2025-11-26 13:56:50+05:30,1011.8,1,1001.41,7541008,429304.0,431596.0,986.2,1012.8,981.3,986.2,120492000,1084.8,887.6,1102.5,649.1,1011.7,106,3,1011.6,906,9,1011.5,729,14,1011.4,955,15,1011.3,1406,12,1011.8,51,1,1012.0,2325,21,1012.1,147,4,1012.2,449,8,1012.3,1609,20
317,2025-11-26 13:56:51+05:30,1011.7,14,1001.41,7541008,429304.0,431596.0,986.2,1012.8,981.3,986.2,120492000,1084.8,887.6,1102.5,649.1,1011.7,106,3,1011.6,906,9,1011.5,729,14,1011.4,955,15,1011.3,1406,12,1011.8,51,1,1012.0,2325,21,1012.1,147,4,1012.2,449,8,1012.3,1609,20
317,2025-11-26 13:56:51+05:30,1011.7,14,1001.41,7541029,429301.0,432634.0,986.2,1012.8,981.3,986.2,120492000,1084.8,887.6,1102.5,649.1,1011.7,103,3,1011.6,906,9,1011.5,729,14,1011.4,955,15,1011.3,1406,12,1011.8,50,1,1012.0,2325,21,1012.1,147,4,1012.2,1747,10,1012.3,808,18
317,2025-11-26 13:56:52+05:30,1011.8,4,1001.41,7541056,429412.0,432561.0,986.2,1012.8,981.3,986.2,120492000,1084.8,887.6,1102.5,649.1,1011.7,149,4,1011.6,906,9,1011.5,729,14,1011.4,955,15,1011.3,1024,12,1011.8,23,1,1012.0,2325,21,1012.1,147,4,1012.2,2251,11,1012.3,808,18
317,2025-11-26 13:56:53+05:30,1011.8,5,1001.41,7541056,429412.0,432561.0,986.2,1012.8,981.3,986.2,120492000,1084.8,887.6,1102.5,649.1,1011.7,149,4,1011.6,906,9,1011.5,729,14,1011.4,955,15,1011.3,1024,12,1011.8,23,1,1012.0,2325,21,1012.1,147,4,1012.2,2251,11,1012.3,808,18
317,2025-11-26 13:56:53+05:30,1011.8,36,1001.41,7541303,429557.0,433045.0,986.2,1012.8,981.3,986.2,120492000,1084.8,887.6,1102.5,649.1,1011.7,43,3,1011.6,758,5,1011.5,711,13,1011.4,955,15,1011.3,1024,12,1011.8,24,2,1011.9,36,1,1012.0,2425,22,1012.1,212,5,1012.2,2280,10
317,2025-11-26 13:56:54+05:30,1011.7,112,1001.41,7541303,429557.0,433045.0,986.2,1012.8,981.3,986.2,120492000,1084.8,887.6,1102.5,649.1,1011.7,43,3,1011.6,758,5,1011.5,711,13,1011.4,955,15,1011.3,1024,12,1011.8,24,2,1011.9,36,1,1012.0,2425,22,1012.1,212,5,1012.2,2280,10
317,2025-11-26 13:56:54+05:30,1011.7,112,1001.41,7541501,430928.0,432485.0,986.2,1012.8,981.3,986.2,120492000,1084.8,887.6,1102.5,649.1,1011.6,709,5,1011.5,505,11,1011.4,751,12,1011.3,825,12,1011.2,2177,17,1011.7,52,1,1011.8,8,1,1011.9,36,1,1012.0,2547,22,1012.1,270,7
317,2025-11-26 13:56:55+05:30,1011.9,12,1001.41,7541501,430928.0,432485.0,986.2,1012.8,981.3,986.2,120492000,1084.8,887.6,1102.5,649.1,1011.6,709,5,1011.5,505,11,1011.4,751,12,1011.3,825,12,1011.2,2177,17,1011.7,52,1,1011.8,8,1,1011.9,36,1,1012.0,2547,22,1012.1,270,7
317,2025-11-26 13:56:55+05:30,1011.9,2,1001.41,7541707,427068.0,432554.0,986.2,1012.8,981.3,986.2,120492000,1084.8,887.6,1102.5,649.1,1011.8,20,1,1011.7,1,1,1011.6,623,4,1011.5,424,9,1011.4,749,12,1011.9,64,2,1012.0,2647,25,1012.1,477,10,1012.2,1965,11,1012.3,803,15
317,2025-11-26 13:56:56+05:30,1011.9,3,1001.41,7541707,427068.0,432554.0,986.2,1012.8,981.3,986.2,120492000,1084.8,887.6,1102.5,649.1,1011.8,20,1,1011.7,1,1,1011.6,623,4,1011.5,424,9,1011.4,749,12,1011.9,64,2,1012.0,2647,25,1012.1,477,10,1012.2,1965,11,1012.3,803,15
317,2025-11-26 13:56:56+05:30,1011.9,84,1001.41,7541819,427071.0,432305.0,986.2,1012.8,981.3,986.2,120492000,1084.8,887.6,1102.5,649.1,1011.8,20,1,1011.7,6,1,1011.6,623,4,1011.5,598,9,1011.4,749,12,1011.9,36,1,1012.0,2621,24,1012.1,469,9,1012.2,1693,11,1012.3,803,15
317,2025-11-26 13:56:57+05:30,1011.9,84,1001.41,7541819,427071.0,432305.0,986.2,1012.8,981.3,986.2,120492000,1084.8,887.6,1102.5,649.1,1011.8,20,1,1011.7,6,1,1011.6,623,4,1011.5,598,9,1011.4,749,12,1011.9,36,1,1012.0,2621,24,1012.1,469,9,1012.2,1693,11,1012.3,803,15
317,2025-11-26 13:56:57+05:30,1011.8,10,1001.41,7541840,427856.0,432543.0,986.2,1012.8,981.3,986.2,120492000,1084.8,887.6,1102.5,649.1,1011.8,12,1,1011.7,6,1,1011.6,623,4,1011.5,456,8,1011.4,775,13,1011.9,48,2,1012.0,2741,24,1012.1,405,8,1012.2,1965,11,1012.3,832,17
317,2025-11-26 13:56:58+05:30,1011.9,60,1001.41,7541840,427856.0,432543.0,986.2,1012.8,981.3,986.2,120492000,1084.8,887.6,1102.5,649.1,1011.8,12,1,1011.7,6,1,1011.6,623,4,1011.5,456,8,1011.4,775,13,1011.9,48,2,1012.0,2741,24,1012.1,405,8,1012.2,1965,11,1012.3,832,17
317,2025-11-26 13:56:58+05:30,1011.8,1,1001.41,7541967,428753.0,431728.0,986.2,1012.8,981.3,986.2,120492000,1084.8,887.6,1102.5,649.1,1011.7,6,1,1011.6,684,5,1011.5,492,8,1011.4,775,13,1011.3,917,13,1011.8,6,1,1011.9,55,3,1012.0,2493,22,1012.1,433,8,1012.2,1601,9
317,2025-11-26 13:56:59+05:30,1011.8,1,1001.41,7541967,428753.0,431728.0,986.2,1012.8,981.3,986.2,120492000,1084.8,887.6,1102.5,649.1,1011.7,6,1,1011.6,684,5,1011.5,492,8,1011.4,775,13,1011.3,917,13,1011.8,6,1,1011.9,55,3,1012.0,2493,22,1012.1,433,8,1012.2,1601,9
317,2025-11-26 13:56:59+05:30,1011.8,1,1001.41,7541968,428920.0,431843.0,986.2,1012.8,981.3,986.2,120492000,1084.8,887.6,1102.5,649.1,1011.7,6,1,1011.6,684,5,1011.5,518,9,1011.4,749,12,1011.3,941,14,1011.8,5,1,1011.9,43,2,1012.0,2947,25,1012.1,433,8,1012.2,1968,12
317,2025-11-26 13:57:00+05:30,1011.8,1,1001.41,7541968,428920.0,431843.0,986.2,1012.8,981.3,986.2,120492000,1084.8,887.6,1102.5,649.1,1011.7,6,1,1011.6,684,5,1011.5,518,9,1011.4,749,12,1011.3,941,14,1011.8,5,1,1011.9,43,2,1012.0,2947,25,1012.1,433,8,1012.2,1968,12
317,2025-11-26 13:57:01+05:30,1011.8,1,1001.41,7541978,428918.0,431989.0,986.2,1012.8,981.3,986.2,120492000,1084.8,887.6,1102.5,649.1,1011.7,6,1,1011.6,684,5,1011.5,518,9,1011.4,749,12,1011.3,939,14,1011.8,6,3,1011.9,56,3,1012.0,2934,23,1012.1,433,8,1012.2,1989,13
317,2025-11-26 13:57:01+05:30,1011.8,1,1001.41,7541978,428918.0,431989.0,986.2,1012.8,981.3,986.2,120492000,1084.8,887.6,1102.5,649.1,1011.7,6,1,1011.6,684,5,1011.5,518,9,1011.4,749,12,1011.3,939,14,1011.8,6,3,1011.9,56,3,1012.0,2934,23,1012.1,433,8,1012.2,1989,13
317,2025-11-26 13:57:01+05:30,1011.8,1,1001.41,7541978,428666.0,432578.0,986.2,1012.8,981.3,986.2,120492000,1084.8,887.6,1102.5,649.1,1011.7,6,1,1011.6,684,5,1011.5,518,9,1011.4,749,12,1011.3,1503,15,1011.8,6,3,1011.9,43,2,1012.0,2947,24,1012.1,433,8,1012.2,2512,13
317,2025-11-26 13:57:02+05:30,1011.8,7,1001.41,7541978,428666.0,432578.0,986.2,1012.8,981.3,986.2,120492000,1084.8,887.6,1102.5,649.1,1011.7,6,1,1011.6,684,5,1011.5,518,9,1011.4,749,12,1011.3,1503,15,1011.8,6,3,1011.9,43,2,1012.0,2947,24,1012.1,433,8,1012.2,2512,13
317,2025-11-26 13:57:02+05:30,1011.8,4,1001.41,7542049,428606.0,432949.0,986.2,1012.8,981.3,986.2,120492000,1084.8,887.6,1102.5,649.1,1011.7,6,1,1011.6,708,6,1011.5,518,9,1011.4,749,12,1011.3,1479,14,1011.8,8,1,1011.9,43,2,1012.0,2947,24,1012.1,433,8,1012.2,1662,10
317,2025-11-26 13:57:03+05:30,1011.8,23,1001.41,7542049,428606.0,432949.0,986.2,1012.8,981.3,986.2,120492000,1084.8,887.6,1102.5,649.1,1011.7,6,1,1011.6,708,6,1011.5,518,9,1011.4,749,12,1011.3,1479,14,1011.8,8,1,1011.9,43,2,1012.0,2947,24,1012.1,433,8,1012.2,1662,10
317,2025-11-26 13:57:03+05:30,1011.8,23,1001.41,7542126,428734.0,433015.0,986.2,1012.8,981.3,986.2,120492000,1084.8,887.6,1102.5,649.1,1011.6,641,5,1011.5,512,9,1011.4,665,7,1011.3,1760,20,1011.2,2066,16,1011.8,19,1,1011.9,55,3,1012.0,2792,22,1012.1,511,9,1012.2,1973,13
317,2025-11-26 13:57:04+05:30,1011.9,3,1001.41,7542126,428734.0,433015.0,986.2,1012.8,981.3,986.2,120492000,1084.8,887.6,1102.5,649.1,1011.6,641,5,1011.5,512,9,1011.4,665,7,1011.3,1760,20,1011.2,2066,16,1011.8,19,1,1011.9,55,3,1012.0,2792,22,1012.1,511,9,1012.2,1973,13
317,2025-11-26 13:57:04+05:30,1011.8,5,1001.41,7542436,428511.0,432567.0,986.2,1012.8,981.3,986.2,120492000,1084.8,887.6,1102.5,649.1,1011.6,626,6,1011.5,488,8,1011.4,891,9,1011.3,1558,19,1011.2,1771,16,1011.8,46,1,1011.9,21,1,1012.0,2934,23,1012.1,266,6,1012.2,2347,12
317,2025-11-26 13:57:05+05:30,1011.8,2,1001.41,7542436,428511.0,432567.0,986.2,1012.8,981.3,986.2,120492000,1084.8,887.6,1102.5,649.1,1011.6,626,6,1011.5,488,8,1011.4,891,9,1011.3,1558,19,1011.2,1771,16,1011.8,46,1,1011.9,21,1,1012.0,2934,23,1012.1,266,6,1012.2,2347,12
317,2025-11-26 13:57:05+05:30,1011.8,2,1001.41,7542439,428914.0,432283.0,986.2,1012.8,981.3,986.2,120492000,1084.8,887.6,1102.5,649.1,1011.6,601,5,1011.5,512,9,1011.4,891,9,1011.3,1157,18,1011.2,2375,18,1011.8,272,2,1011.9,21,1,1012.0,2753,22,1012.1,266,6,1012.2,2321,12
317,2025-11-26 13:57:06+05:30,1011.8,1,1001.41,7542439,428914.0,432283.0,986.2,1012.8,981.3,986.2,120492000,1084.8,887.6,1102.5,649.1,1011.6,601,5,1011.5,512,9,1011.4,891,9,1011.3,1157,18,1011.2,2375,18,1011.8,272,2,1011.9,21,1,1012.0,2753,22,1012.1,266,6,1012.2,2321,12
317,2025-11-26 13:57:06+05:30,1011.8,1,1001.41,7542441,428850.0,432660.0,986.2,1012.8,981.3,986.2,120492000,1084.8,887.6,1102.5,649.1,1011.6,672,6,1011.5,512,9,1011.4,916,10,1011.3,1657,19,1011.2,1731,15,1011.8,270,2,1011.9,21,1,1012.0,2753,22,1012.1,266,6,1012.2,1812,11
317,2025-11-26 13:57:07+05:30,1011.8,1,1001.41,7542441,428850.0,432660.0,986.2,1012.8,981.3,986.2,120492000,1084.8,887.6,1102.5,649.1,1011.6,672,6,1011.5,512,9,1011.4,916,10,1011.3,1657,19,1011.2,1731,15,1011.8,270,2,1011.9,21,1,1012.0,2753,22,1012.1,266,6,1012.2,1812,11
317,2025-11-26 13:57:07+05:30,1011.8,1,1001.41,7542442,428863.0,432953.0,986.2,1012.8,981.3,986.2,120492000,1084.8,887.6,1102.5,649.1,1011.6,685,7,1011.5,512,9,1011.4,916,10,1011.3,1657,19,1011.2,1731,15,1011.8,270,3,1011.9,21,1,1012.0,2753,22,1012.1,266,6,1012.2,1812,11
317,2025-11-26 13:57:08+05:30,1011.8,1,1001.41,7542442,428832.0,433106.0,986.2,1012.8,981.3,986.2,120492000,1084.8,887.6,1102.5,649.1,1011.6,614,6,1011.5,512,9,1011.4,916,10,1011.3,1657,19,1011.2,1731,15,1011.8,270,3,1011.9,21,1,1012.0,2753,22,1012.1,266,6,1012.2,2369,12
317,2025-11-26 13:57:09+05:30,1011.8,1,1001.41,7542442,430467.0,432656.0,986.2,1012.8,981.3,986.2,120492000,1084.8,887.6,1102.5,649.1,1011.6,558,6,1011.5,512,9,1011.4,916,10,1011.3,1222,18,1011.2,1640,14,1011.7,10,1,1011.8,270,3,1011.9,21,1,1012.0,2611,21,1012.1,254,3
317,2025-11-26 13:57:10+05:30,1011.8,61,1001.41,7542442,430467.0,432656.0,986.2,1012.8,981.3,986.2,120492000,1084.8,887.6,1102.5,649.1,1011.6,558,6,1011.5,512,9,1011.4,916,10,1011.3,1222,18,1011.2,1640,14,1011.7,10,1,1011.8,270,3,1011.9,21,1,1012.0,2611,21,1012.1,254,3
317,2025-11-26 13:57:10+05:30,1011.8,61,1001.41,7543196,428956.0,432591.0,986.2,1012.8,981.3,986.2,120492000,1084.8,887.6,1102.5,649.1,1011.6,667,8,1011.5,439,8,1011.4,892,9,1011.3,1222,18,1011.2,1640,14,1011.8,216,2,1011.9,31,2,1012.0,2737,22,1012.1,333,4,1012.2,1819,12
317,2025-11-26 13:57:11+05:30,1011.8,61,1001.41,7543196,428104.0,432955.0,986.2,1012.8,981.3,986.2,120492000,1084.8,887.6,1102.5,649.1,1011.7,1,1,1011.6,573,6,1011.5,297,7,1011.4,690,8,1011.3,1020,17,1011.8,216,2,1011.9,117,3,1012.0,2940,24,1012.1,411,5,1012.2,1832,13
317,2025-11-26 13:57:12+05:30,1011.8,2,1001.41,7543196,428104.0,432955.0,986.2,1012.8,981.3,986.2,120492000,1084.8,887.6,1102.5,649.1,1011.7,1,1,1011.6,573,6,1011.5,297,7,1011.4,690,8,1011.3,1020,17,1011.8,216,2,1011.9,117,3,1012.0,2940,24,1012.1,411,5,1012.2,1832,13
317,2025-11-26 13:57:12+05:30,1011.8,6,1001.41,7543208,428023.0,433215.0,986.2,1012.8,981.3,986.2,120492000,1084.8,887.6,1102.5,649.1,1011.6,550,5,1011.5,217,5,1011.4,736,10,1011.3,1520,18,1011.2,1640,14,1011.8,313,4,1011.9,61,3,1012.0,2491,22,1012.1,497,6,1012.2,2461,16
317,2025-11-26 13:57:13+05:30,1011.8,23,1001.41,7543208,428023.0,433215.0,986.2,1012.8,981.3,986.2,120492000,1084.8,887.6,1102.5,649.1,1011.6,550,5,1011.5,217,5,1011.4,736,10,1011.3,1520,18,1011.2,1640,14,1011.8,313,4,1011.9,61,3,1012.0,2491,22,1012.1,497,6,1012.2,2461,16
317,2025-11-26 13:57:13+05:30,1011.8,23,1001.41,7543231,428155.0,433394.0,986.2,1012.8,981.3,986.2,120492000,1084.8,887.6,1102.5,649.1,1011.6,550,5,1011.5,217,5,1011.4,736,10,1011.3,1578,18,1011.2,1714,15,1011.8,489,6,1011.9,61,3,1012.0,2496,23,1012.1,497,6,1012.2,2472,16
317,2025-11-26 13:57:14+05:30,1011.6,79,1001.41,7543231,428155.0,433394.0,986.2,1012.8,981.3,986.2,120492000,1084.8,887.6,1102.5,649.1,1011.6,550,5,1011.5,217,5,1011.4,736,10,1011.3,1578,18,1011.2,1714,15,1011.8,489,6,1011.9,61,3,1012.0,2496,23,1012.1,497,6,1012.2,2472,16
317,2025-11-26 13:57:14+05:30,1011.8,21,1001.41,7543331,428028.0,433150.0,986.2,1012.8,981.3,986.2,120492000,1084.8,887.6,1102.5,649.1,1011.7,112,1,1011.6,471,5,1011.5,217,5,1011.4,713,9,1011.3,1587,19,1011.8,468,6,1011.9,61,3,1012.0,2496,23,1012.1,573,8,1012.2,2472,16
317,2025-11-26 13:57:15+05:30,1011.8,3,1001.41,7543331,428028.0,433150.0,986.2,1012.8,981.3,986.2,120492000,1084.8,887.6,1102.5,649.1,1011.7,112,1,1011.6,471,5,1011.5,217,5,1011.4,713,9,1011.3,1587,19,1011.8,468,6,1011.9,61,3,1012.0,2496,23,1012.1,573,8,1012.2,2472,16
317,2025-11-26 13:57:15+05:30,1011.8,3,1001.41,7543346,428334.0,433518.0,986.2,1012.8,981.3,986.2,120492000,1084.8,887.6,1102.5,649.1,1011.7,102,1,1011.6,471,5,1011.5,217,5,1011.4,713,9,1011.3,1043,18,1011.8,463,6,1011.9,61,3,1012.0,2496,23,1012.1,573,8,1012.2,2516,16
317,2025-11-26 13:57:16+05:30,1011.8,1,1001.41,7543346,428334.0,433518.0,986.2,1012.8,981.3,986.2,120492000,1084.8,887.6,1102.5,649.1,1011.7,102,1,1011.6,471,5,1011.5,217,5,1011.4,713,9,1011.3,1043,18,1011.8,463,6,1011.9,61,3,1012.0,2496,23,1012.1,573,8,1012.2,2516,16
317,2025-11-26 13:57:16+05:30,1011.8,1,1001.41,7543347,428023.0,433263.0,986.2,1012.8,981.3,986.2,120492000,1084.8,887.6,1102.5,649.1,1011.7,121,3,1011.6,458,4,1011.5,263,7,1011.4,690,8,1011.3,1563,18,1011.8,462,6,1011.9,61,3,1012.0,2251,22,1012.1,550,7,1012.2,2532,16
317,2025-11-26 13:57:17+05:30,1011.8,1,1001.41,7543347,428347.0,432495.0,986.2,1012.8,981.3,986.2,120492000,1084.8,887.6,1102.5,649.1,1011.7,121,3,1011.6,458,4,1011.5,217,5,1011.4,690,8,1011.3,1066,19,1011.8,652,7,1011.9,114,4,1012.0,2353,24,1012.1,603,10,1012.2,1956,12
317,2025-11-26 13:57:18+05:30,1011.7,71,1001.41,7543347,428347.0,432495.0,986.2,1012.8,981.3,986.2,120492000,1084.8,887.6,1102.5,649.1,1011.7,121,3,1011.6,458,4,1011.5,217,5,1011.4,690,8,1011.3,1066,19,1011.8,652,7,1011.9,114,4,1012.0,2353,24,1012.1,603,10,1012.2,1956,12
317,2025-11-26 13:57:18+05:30,1011.7,71,1001.41,7543418,427668.0,433290.0,986.2,1012.8,981.3,986.2,120492000,1084.8,887.6,1102.5,649.1,1011.7,50,3,1011.6,458,4,1011.5,70,4,1011.4,542,7,1011.3,1557,17,1011.8,778,7,1011.9,152,5,1012.0,2353,24,1012.1,603,10,1012.2,2513,13
317,2025-11-26 13:57:19+05:30,1011.7,45,1001.41,7543418,427668.0,433290.0,986.2,1012.8,981.3,986.2,120492000,1084.8,887.6,1102.5,649.1,1011.7,50,3,1011.6,458,4,1011.5,70,4,1011.4,542,7,1011.3,1557,17,1011.8,778,7,1011.9,152,5,1012.0,2353,24,1012.1,603,10,1012.2,2513,13
317,2025-11-26 13:57:19+05:30,1011.8,162,1001.41,7544230,427216.0,433059.0,986.2,1012.8,981.3,986.2,120492000,1084.8,887.6,1102.5,649.1,1011.7,5,1,1011.6,458,4,1011.5,126,5,1011.4,667,8,1011.3,996,16,1011.8,479,7,1011.9,69,3,1012.0,2346,24,1012.1,679,10,1012.2,1960,13
317,2025-11-26 13:57:20+05:30,1011.8,1,1001.41,7544230,427216.0,433059.0,986.2,1012.8,981.3,986.2,120492000,1084.8,887.6,1102.5,649.1,1011.7,5,1,1011.6,458,4,1011.5,126,5,1011.4,667,8,1011.3,996,16,1011.8,479,7,1011.9,69,3,1012.0,2346,24,1012.1,679,10,1012.2,1960,13
317,2025-11-26 13:57:20+05:30,1011.8,1,1001.41,7544341,427214.0,433211.0,986.2,1012.8,981.3,986.2,120492000,1084.8,887.6,1102.5,649.1,1011.6,458,4,1011.5,126,5,1011.4,693,10,1011.3,996,16,1011.2,1655,14,1011.8,580,8,1011.9,69,3,1012.0,2248,22,1012.1,679,10,1012.2,1662,12
317,2025-11-26 13:57:21+05:30,1011.8,1,1001.41,7544341,427214.0,433211.0,986.2,1012.8,981.3,986.2,120492000,1084.8,887.6,1102.5,649.1,1011.6,458,4,1011.5,126,5,1011.4,693,10,1011.3,996,16,1011.2,1655,14,1011.8,580,8,1011.9,69,3,1012.0,2248,22,1012.1,679,10,1012.2,1662,12
317,2025-11-26 13:57:21+05:30,1011.8,1,1001.41,7544342,427038.0,433681.0,986.2,1012.8,981.3,986.2,120492000,1084.8,887.6,1102.5,649.1,1011.6,458,4,1011.5,126,5,1011.4,693,10,1011.3,1490,17,1011.2,1655,14,1011.8,584,9,1011.9,69,3,1012.0,2248,22,1012.1,679,10,1012.2,2133,13
317,2025-11-26 13:57:22+05:30,1011.8,4,1001.41,7544350,427163.0,434182.0,986.2,1012.8,981.3,986.2,120492000,1084.8,887.6,1102.5,649.1,1011.6,471,5,1011.5,126,5,1011.4,693,10,1011.3,1600,18,1011.2,1655,14,1011.8,576,9,1011.9,99,4,1012.0,2324,23,1012.1,679,10,1012.2,2431,14
317,2025-11-26 13:57:23+05:30,1011.8,22,1001.41,7544350,427163.0,434182.0,986.2,1012.8,981.3,986.2,120492000,1084.8,887.6,1102.5,649.1,1011.6,471,5,1011.5,126,5,1011.4,693,10,1011.3,1600,18,1011.2,1655,14,1011.8,576,9,1011.9,99,4,1012.0,2324,23,1012.1,679,10,1012.2,2431,14
317,2025-11-26 13:57:23+05:30,1011.8,3,1001.41,7544375,427238.0,434420.0,986.2,1012.8,981.3,986.2,120492000,1084.8,887.6,1102.5,649.1,1011.6,471,5,1011.5,201,6,1011.4,693,10,1011.3,1600,18,1011.2,1655,14,1011.8,551,9,1011.9,99,4,1012.0,2192,21,1012.1,679,10,1012.2,1960,13
317,2025-11-26 13:57:24+05:30,1011.8,81,1001.41,7544375,427238.0,434420.0,986.2,1012.8,981.3,986.2,120492000,1084.8,887.6,1102.5,649.1,1011.6,471,5,1011.5,201,6,1011.4,693,10,1011.3,1600,18,1011.2,1655,14,1011.8,551,9,1011.9,99,4,1012.0,2192,21,1012.1,679,10,1012.2,1960,13
317,2025-11-26 13:57:24+05:30,1011.8,81,1001.42,7544599,427457.0,434213.0,986.2,1012.8,981.3,986.2,120492000,1084.8,887.6,1102.5,649.1,1011.6,471,5,1011.5,201,6,1011.4,895,11,1011.3,1600,18,1011.2,1697,16,1011.8,344,5,1011.9,99,4,1012.0,2192,21,1012.1,653,8,1012.2,1986,15
317,2025-11-26 13:57:25+05:30,1011.8,11,1001.42,7544599,427457.0,434213.0,986.2,1012.8,981.3,986.2,120492000,1084.8,887.6,1102.5,649.1,1011.6,471,5,1011.5,201,6,1011.4,895,11,1011.3,1600,18,1011.2,1697,16,1011.8,344,5,1011.9,99,4,1012.0,2192,21,1012.1,653,8,1012.2,1986,15
317,2025-11-26 13:57:25+05:30,1011.8,2,1001.42,7544926,427381.0,434255.0,986.2,1012.8,981.3,986.2,120492000,1084.8,887.6,1102.5,649.1,1011.6,173,4,1011.5,451,9,1011.4,1280,11,1011.3,1024,17,1011.2,1674,15,1011.8,286,5,1011.9,299,5,1012.0,2192,21,1012.1,653,8,1012.2,1986,15
317,2025-11-26 13:57:26+05:30,1011.8,2,1001.42,7544926,427381.0,434255.0,986.2,1012.8,981.3,986.2,120492000,1084.8,887.6,1102.5,649.1,1011.6,173,4,1011.5,451,9,1011.4,1280,11,1011.3,1024,17,1011.2,1674,15,1011.8,286,5,1011.9,299,5,1012.0,2192,21,1012.1,653,8,1012.2,1986,15
317,2025-11-26 13:57:27+05:30,1011.8,2,1001.42,7544926,428011.0,434389.0,986.2,1012.8,981.3,986.2,120492000,1084.8,887.6,1102.5,649.1,1011.6,923,5,1011.5,319,7,1011.4,1236,11,1011.3,891,9,1011.2,1674,15,1011.8,286,5,1011.9,269,4,1012.0,2321,23,1012.1,653,8,1012.2,1986,15
317,2025-11-26 13:57:28+05:30,1011.8,2,1001.42,7544926,428355.0,434385.0,986.2,1012.8,981.3,986.2,120492000,1084.8,887.6,1102.5,649.1,1011.6,923,5,1011.5,177,6,1011.4,719,11,1011.3,983,15,1011.2,2203,16,1011.8,286,5,1011.9,269,4,1012.0,2321,23,1012.1,653,8,1012.2,2542,16
317,2025-11-26 13:57:29+05:30,1011.6,1,1001.42,7544927,429664.0,434345.0,986.2,1012.8,981.3,986.2,120492000,1084.8,887.6,1102.5,649.1,1011.6,922,5,1011.5,156,5,1011.4,740,12,1011.3,996,16,1011.2,2239,16,1011.7,31,1,1011.8,286,5,1011.9,269,4,1012.0,2247,22,1012.1,653,8
317,2025-11-26 13:57:29+05:30,1011.6,1,1001.42,7544927,429664.0,434345.0,986.2,1012.8,981.3,986.2,120492000,1084.8,887.6,1102.5,649.1,1011.6,922,5,1011.5,156,5,1011.4,740,12,1011.3,996,16,1011.2,2239,16,1011.7,31,1,1011.8,286,5,1011.9,269,4,1012.0,2247,22,1012.1,653,8
317,2025-11-26 13:57:30+05:30,1011.7,24,1001.42,7544952,429877.0,434276.0,986.2,1012.8,981.3,986.2,120492000,1084.8,887.6,1102.5,649.1,1011.6,922,5,1011.5,211,6,1011.4,740,12,1011.3,996,16,1011.2,2195,16,1011.7,6,1,1011.8,286,5,1011.9,269,4,1012.0,2247,22,1012.1,653,8
317,2025-11-26 13:57:30+05:30,1011.7,27,1001.42,7544952,429877.0,434276.0,986.2,1012.8,981.3,986.2,120492000,1084.8,887.6,1102.5,649.1,1011.6,922,5,1011.5,211,6,1011.4,740,12,1011.3,996,16,1011.2,2195,16,1011.7,6,1,1011.8,286,5,1011.9,269,4,1012.0,2247,22,1012.1,653,8
317,2025-11-26 13:57:31+05:30,1011.7,1,1001.42,7544988,429990.0,434276.0,986.2,1012.8,981.3,986.2,120492000,1084.8,887.6,1102.5,649.1,1011.6,920,5,1011.5,283,7,1011.4,740,12,1011.3,1560,17,1011.2,1674,15,1011.7,30,1,1011.8,286,5,1011.9,248,3,1012.0,2247,22,1012.1,653,8
317,2025-11-26 13:57:31+05:30,1011.7,1,1001.42,7544988,429990.0,434276.0,986.2,1012.8,981.3,986.2,120492000,1084.8,887.6,1102.5,649.1,1011.6,920,5,1011.5,283,7,1011.4,740,12,1011.3,1560,17,1011.2,1674,15,1011.7,30,1,1011.8,286,5,1011.9,248,3,1012.0,2247,22,1012.1,653,8
317,2025-11-26 13:57:32+05:30,1011.7,1,1001.42,7544988,429847.0,434247.0,986.2,1012.8,981.3,986.2,120492000,1084.8,887.6,1102.5,649.1,1011.6,934,6,1011.5,225,7,1011.4,663,11,1011.3,1538,15,1011.2,1674,15,1011.7,30,1,1011.8,286,5,1011.9,248,3,1012.0,2247,22,1012.1,655,9
317,2025-11-26 13:57:33+05:30,1011.8,89,1001.42,7545497,428594.0,433379.0,986.2,1012.8,981.3,986.2,120492000,1084.8,887.6,1102.5,649.1,1011.7,17,2,1011.6,934,6,1011.5,156,6,1011.4,847,12,1011.3,1728,18,1011.8,96,2,1011.9,327,4,1012.0,2546,24,1012.1,677,10,1012.2,1978,14
317,2025-11-26 13:57:33+05:30,1011.8,89,1001.42,7545497,428594.0,433379.0,986.2,1012.8,981.3,986.2,120492000,1084.8,887.6,1102.5,649.1,1011.7,17,2,1011.6,934,6,1011.5,156,6,1011.4,847,12,1011.3,1728,18,1011.8,96,2,1011.9,327,4,1012.0,2546,24,1012.1,677,10,1012.2,1978,14
317,2025-11-26 13:57:34+05:30,1011.8,16,1001.42,7545609,428442.0,433867.0,986.2,1012.8,981.3,986.2,120492000,1084.8,887.6,1102.5,649.1,1011.7,17,2,1011.6,934,6,1011.5,298,7,1011.4,804,10,1011.3,1799,19,1011.8,40,1,1011.9,327,4,1012.0,2578,26,1012.1,655,9,1012.2,2512,15
317,2025-11-26 13:57:34+05:30,1011.8,16,1001.42,7545609,428442.0,433867.0,986.2,1012.8,981.3,986.2,120492000,1084.8,887.6,1102.5,649.1,1011.7,17,2,1011.6,934,6,1011.5,298,7,1011.4,804,10,1011.3,1799,19,1011.8,40,1,1011.9,327,4,1012.0,2578,26,1012.1,655,9,1012.2,2512,15
317,2025-11-26 13:57:35+05:30,1011.8,3,1001.42,7545612,428454.0,433863.0,986.2,1012.8,981.3,986.2,120492000,1084.8,887.6,1102.5,649.1,1011.7,39,5,1011.6,921,5,1011.5,320,8,1011.4,815,9,1011.3,1224,18,1011.8,37,1,1011.9,327,4,1012.0,2556,25,1012.1,655,9,1012.2,2521,16
317,2025-11-26 13:57:35+05:30,1011.8,3,1001.42,7545612,428454.0,433863.0,986.2,1012.8,981.3,986.2,120492000,1084.8,887.6,1102.5,649.1,1011.7,39,5,1011.6,921,5,1011.5,320,8,1011.4,815,9,1011.3,1224,18,1011.8,37,1,1011.9,327,4,1012.0,2556,25,1012.1,655,9,1012.2,2521,16
317,2025-11-26 13:57:36+05:30,1011.8,23,1001.42,7545637,428423.0,434411.0,986.2,1012.8,981.3,986.2,120492000,1084.8,887.6,1102.5,649.1,1011.7,36,4,1011.6,994,6,1011.5,431,10,1011.4,890,10,1011.3,1764,19,1011.8,12,1,1011.9,285,4,1012.0,2395,23,1012.1,655,9,1012.2,2000,15
317,2025-11-26 13:57:36+05:30,1011.8,44,1001.42,7545637,428423.0,434411.0,986.2,1012.8,981.3,986.2,120492000,1084.8,887.6,1102.5,649.1,1011.7,36,4,1011.6,994,6,1011.5,431,10,1011.4,890,10,1011.3,1764,19,1011.8,12,1,1011.9,285,4,1012.0,2395,23,1012.1,655,9,1012.2,2000,15
317,2025-11-26 13:57:37+05:30,1011.8,1,1001.42,7545682,428425.0,434358.0,986.2,1012.8,981.3,986.2,120492000,1084.8,887.6,1102.5,649.1,1011.7,51,5,1011.6,994,6,1011.5,453,11,1011.4,868,9,1011.3,1751,19,1011.8,55,1,1011.9,285,4,1012.0,2395,23,1012.1,580,8,1012.2,2000,15
317,2025-11-26 13:57:37+05:30,1011.8,1,1001.42,7545682,428425.0,434358.0,986.2,1012.8,981.3,986.2,120492000,1084.8,887.6,1102.5,649.1,1011.7,51,5,1011.6,994,6,1011.5,453,11,1011.4,868,9,1011.3,1751,19,1011.8,55,1,1011.9,285,4,1012.0,2395,23,1012.1,580,8,1012.2,2000,15
317,2025-11-26 13:57:38+05:30,1011.7,2,1001.42,7545767,427731.0,434202.0,986.2,1012.8,981.3,986.2,120492000,1084.8,887.6,1102.5,649.1,1011.7,12,1,1011.6,921,5,1011.5,124,5,1011.4,715,11,1011.3,1549,18,1011.8,55,1,1011.9,285,4,1012.0,2449,24,1012.1,681,10,1012.2,2000,15
317,2025-11-26 13:57:38+05:30,1011.7,2,1001.42,7545767,427731.0,434202.0,986.2,1012.8,981.3,986.2,120492000,1084.8,887.6,1102.5,649.1,1011.7,12,1,1011.6,921,5,1011.5,124,5,1011.4,715,11,1011.3,1549,18,1011.8,55,1,1011.9,285,4,1012.0,2449,24,1012.1,681,10,1012.2,2000,15
317,2025-11-26 13:57:39+05:30,1011.7,1,1001.42,7545780,429381.0,433981.0,986.2,1012.8,981.3,986.2,120492000,1084.8,887.6,1102.5,649.1,1011.6,943,6,1011.5,217,7,1011.4,671,9,1011.3,1549,18,1011.2,1727,15,1011.7,4,1,1011.8,57,2,1011.9,285,4,1012.0,2256,23,1012.1,652,9
317,2025-11-26 13:57:39+05:30,1011.7,1,1001.42,7545780,429381.0,433981.0,986.2,1012.8,981.3,986.2,120492000,1084.8,887.6,1102.5,649.1,1011.6,943,6,1011.5,217,7,1011.4,671,9,1011.3,1549,18,1011.2,1727,15,1011.7,4,1,1011.8,57,2,1011.9,285,4,1012.0,2256,23,1012.1,652,9
317,2025-11-26 13:57:40+05:30,1011.7,1,1001.42,7545781,429385.0,434088.0,986.2,1012.8,981.3,986.2,120492000,1084.8,887.6,1102.5,649.1,1011.6,921,5,1011.5,219,7,1011.4,695,10,1011.3,1549,18,1011.2,1727,15,1011.7,3,1,1011.8,57,2,1011.9,285,4,1012.0,2256,23,1012.1,652,9
317,2025-11-26 13:57:40+05:30,1011.7,1,1001.42,7545781,429385.0,434088.0,986.2,1012.8,981.3,986.2,120492000,1084.8,887.6,1102.5,649.1,1011.6,921,5,1011.5,219,7,1011.4,695,10,1011.3,1549,18,1011.2,1727,15,1011.7,3,1,1011.8,57,2,1011.9,285,4,1012.0,2256,23,1012.1,652,9
317,2025-11-26 13:57:41+05:30,1011.7,2,1001.42,7545783,429385.0,433973.0,986.2,1012.8,981.3,986.2,120492000,1084.8,887.6,1102.5,649.1,1011.6,921,5,1011.5,219,7,1011.4,695,10,1011.3,1549,18,1011.2,1727,15,1011.7,1,1,1011.8,57,2,1011.9,285,4,1012.0,2256,23,1012.1,652,9
317,2025-11-26 13:57:41+05:30,1011.7,2,1001.42,7545783,429385.0,433973.0,986.2,1012.8,981.3,986.2,120492000,1084.8,887.6,1102.5,649.1,1011.6,921,5,1011.5,219,7,1011.4,695,10,1011.3,1549,18,1011.2,1727,15,1011.7,1,1,1011.8,57,2,1011.9,285,4,1012.0,2256,23,1012.1,652,9
317,2025-11-26 13:57:42+05:30,1011.7,2,1001.42,7545783,429398.0,434071.0,986.2,1012.8,981.3,986.2,120492000,1084.8,887.6,1102.5,649.1,1011.6,931,6,1011.5,219,7,1011.4,695,10,1011.3,1552,18,1011.2,1727,15,1011.7,1,1,1011.8,136,4,1011.9,210,2,1012.0,2256,23,1012.1,652,9
317,2025-11-26 13:57:43+05:30,1011.7,5,1001.42,7545783,429398.0,434071.0,986.2,1012.8,981.3,986.2,120492000,1084.8,887.6,1102.5,649.1,1011.6,931,6,1011.5,219,7,1011.4,695,10,1011.3,1552,18,1011.2,1727,15,1011.7,1,1,1011.8,136,4,1011.9,210,2,1012.0,2256,23,1012.1,652,9
317,2025-11-26 13:57:43+05:30,1011.7,5,1001.42,7545815,429413.0,434053.0,986.2,1012.8,981.3,986.2,120492000,1084.8,887.6,1102.5,649.1,1011.6,931,6,1011.5,165,6,1011.4,688,10,1011.3,1576,18,1011.2,1727,15,1011.7,8,1,1011.8,136,4,1011.9,210,2,1012.0,2256,23,1012.1,652,9
317,2025-11-26 13:57:44+05:30,1011.6,32,1001.42,7546013,427435.0,433296.0,986.2,1012.8,981.3,986.2,120492000,1084.8,887.6,1102.5,649.1,1011.7,23,1,1011.6,746,4,1011.5,120,5,1011.4,688,10,1011.3,1511,17,1011.8,136,4,1011.9,262,3,1012.0,2256,23,1012.1,652,9,1012.2,1971,13
317,2025-11-26 13:57:44+05:30,1011.6,32,1001.42,7546013,427435.0,433296.0,986.2,1012.8,981.3,986.2,120492000,1084.8,887.6,1102.5,649.1,1011.7,23,1,1011.6,746,4,1011.5,120,5,1011.4,688,10,1011.3,1511,17,1011.8,136,4,1011.9,262,3,1012.0,2256,23,1012.1,652,9,1012.2,1971,13
317,2025-11-26 13:57:45+05:30,1011.8,2,1001.42,7546013,427435.0,433296.0,986.2,1012.8,981.3,986.2,120492000,1084.8,887.6,1102.5,649.1,1011.7,23,1,1011.6,746,4,1011.5,120,5,1011.4,688,10,1011.3,1511,17,1011.8,136,4,1011.9,262,3,1012.0,2256,23,1012.1,652,9,1012.2,1971,13
317,2025-11-26 13:57:45+05:30,1011.8,2,1001.42,7546318,427435.0,433040.0,986.2,1012.8,981.3,986.2,120492000,1084.8,887.6,1102.5,649.1,1011.7,28,2,1011.6,746,4,1011.5,120,5,1011.4,683,9,1011.3,1511,17,1011.8,45,2,1011.9,262,3,1012.0,2333,24,1012.1,676,10,1012.2,1971,13
317,2025-11-26 13:57:46+05:30,1011.8,1,1001.42,7546322,427678.0,433148.0,986.2,1012.8,981.3,986.2,120492000,1084.8,887.6,1102.5,649.1,1011.7,28,2,1011.6,746,4,1011.5,96,4,1011.4,707,10,1011.3,1511,17,1011.8,129,3,1011.9,252,2,1012.0,2343,25,1012.1,700,11,1012.2,1974,14
317,2025-11-26 13:57:46+05:30,1011.8,1,1001.42,7546322,427678.0,433148.0,986.2,1012.8,981.3,986.2,120492000,1084.8,887.6,1102.5,649.1,1011.7,28,2,1011.6,746,4,1011.5,96,4,1011.4,707,10,1011.3,1511,17,1011.8,129,3,1011.9,252,2,1012.0,2343,25,1012.1,700,11,1012.2,1974,14
317,2025-11-26 13:57:47+05:30,1011.8,9,1001.42,7546322,427678.0,433148.0,986.2,1012.8,981.3,986.2,120492000,1084.8,887.6,1102.5,649.1,1011.7,28,2,1011.6,746,4,1011.5,96,4,1011.4,707,10,1011.3,1511,17,1011.8,129,3,1011.9,252,2,1012.0,2343,25,1012.1,700,11,1012.2,1974,14
317,2025-11-26 13:57:47+05:30,1011.8,9,1001.42,7546372,427678.0,433146.0,986.2,1012.8,981.3,986.2,120492000,1084.8,887.6,1102.5,649.1,1011.7,28,2,1011.6,746,4,1011.5,96,4,1011.4,707,10,1011.3,1511,17,1011.8,122,3,1011.9,252,2,1012.0,2348,26,1012.1,700,11,1012.2,1974,14
317,2025-11-26 13:57:48+05:30,1011.8,9,1001.42,7546372,427552.0,433209.0,986.2,1012.8,981.3,986.2,120492000,1084.8,887.6,1102.5,649.1,1011.7,28,2,1011.6,746,4,1011.5,96,4,1011.4,707,10,1011.3,1511,17,1011.8,122,3,1011.9,252,2,1012.0,2348,26,1012.1,700,11,1012.2,1974,14
317,2025-11-26 13:57:49+05:30,1011.7,66,1001.42,7546372,427552.0,433209.0,986.2,1012.8,981.3,986.2,120492000,1084.8,887.6,1102.5,649.1,1011.7,28,2,1011.6,746,4,1011.5,96,4,1011.4,707,10,1011.3,1511,17,1011.8,122,3,1011.9,252,2,1012.0,2348,26,1012.1,700,11,1012.2,1974,14
317,2025-11-26 13:57:49+05:30,1011.7,66,1001.42,7546493,427784.0,433728.0,986.2,1012.8,981.3,986.2,120492000,1084.8,887.6,1102.5,649.1,1011.7,23,1,1011.6,746,4,1011.5,25,3,1011.4,659,8,1011.3,1559,19,1011.8,123,4,1011.9,252,2,1012.0,2347,26,1012.1,695,11,1012.2,1916,13
317,2025-11-26 13:57:50+05:30,1011.8,1,1001.42,7546494,427244.0,433145.0,986.2,1012.8,981.3,986.2,120492000,1084.8,887.6,1102.5,649.1,1011.7,23,1,1011.6,746,4,1011.5,25,3,1011.4,659,8,1011.3,1559,19,1011.8,122,4,1011.9,252,2,1012.0,2347,26,1012.1,695,11,1012.2,1916,13
317,2025-11-26 13:57:50+05:30,1011.7,36,1001.42,7546494,427244.0,433145.0,986.2,1012.8,981.3,986.2,120492000,1084.8,887.6,1102.5,649.1,1011.7,23,1,1011.6,746,4,1011.5,25,3,1011.4,659,8,1011.3,1559,19,1011.8,122,4,1011.9,252,2,1012.0,2347,26,1012.1,695,11,1012.2,1916,13
317,2025-11-26 13:57:51+05:30,1011.8,246,1001.42,7547360,424909.0,433430.0,986.2,1012.8,981.3,986.2,120492000,1084.8,887.6,1102.5,649.1,1011.6,92,4,1011.5,25,3,1011.4,1147,8,1011.3,839,9,1011.2,1566,13,1011.9,253,3,1012.0,2442,29,1012.1,973,13,1012.2,2132,12,1012.3,831,14
317,2025-11-26 13:57:51+05:30,1011.8,246,1001.42,7547360,424909.0,433430.0,986.2,1012.8,981.3,986.2,120492000,1084.8,887.6,1102.5,649.1,1011.6,92,4,1011.5,25,3,1011.4,1147,8,1011.3,839,9,1011.2,1566,13,1011.9,253,3,1012.0,2442,29,1012.1,973,13,1012.2,2132,12,1012.3,831,14
317,2025-11-26 13:57:52+05:30,1011.6,1,1001.42,7547463,424664.0,433548.0,986.2,1012.8,981.3,986.2,120492000,1084.8,887.6,1102.5,649.1,1011.6,13,2,1011.5,555,4,1011.4,606,7,1011.3,944,16,1011.2,789,11,1011.9,272,3,1012.0,2468,30,1012.1,973,13,1012.2,1643,11,1012.3,831,14
317,2025-11-26 13:57:52+05:30,1011.6,1,1001.42,7547463,424664.0,433548.0,986.2,1012.8,981.3,986.2,120492000,1084.8,887.6,1102.5,649.1,1011.6,13,2,1011.5,555,4,1011.4,606,7,1011.3,944,16,1011.2,789,11,1011.9,272,3,1012.0,2468,30,1012.1,973,13,1012.2,1643,11,1012.3,831,14
317,2025-11-26 13:57:53+05:30,1011.9,23,1001.42,7547567,424620.0,432956.0,986.2,1012.8,981.3,986.2,120492000,1084.8,887.6,1102.5,649.1,1011.6,17,2,1011.5,25,3,1011.4,1157,8,1011.3,944,16,1011.2,789,11,1011.9,310,4,1012.0,2577,32,1012.1,973,13,1012.2,1643,11,1012.3,831,14
317,2025-11-26 13:57:53+05:30,1011.9,23,1001.42,7547567,424620.0,432956.0,986.2,1012.8,981.3,986.2,120492000,1084.8,887.6,1102.5,649.1,1011.6,17,2,1011.5,25,3,1011.4,1157,8,1011.3,944,16,1011.2,789,11,1011.9,310,4,1012.0,2577,32,1012.1,973,13,1012.2,1643,11,1012.3,831,14
317,2025-11-26 13:57:54+05:30,1011.9,23,1001.42,7547567,424676.0,433068.0,986.2,1012.8,981.3,986.2,120492000,1084.8,887.6,1102.5,649.1,1011.6,21,3,1011.5,25,3,1011.4,1209,9,1011.3,944,16,1011.2,789,11,1011.9,452,5,1012.0,2577,32,1012.1,1021,14,1012.2,1643,11,1012.3,689,13
317,2025-11-26 13:57:54+05:30,1011.7,112,1001.42,7547567,424676.0,433068.0,986.2,1012.8,981.3,986.2,120492000,1084.8,887.6,1102.5,649.1,1011.6,21,3,1011.5,25,3,1011.4,1209,9,1011.3,944,16,1011.2,789,11,1011.9,452,5,1012.0,2577,32,1012.1,1021,14,1012.2,1643,11,1012.3,689,13
317,2025-11-26 13:57:55+05:30,1011.8,2,1001.42,7547683,425428.0,434277.0,986.2,1012.8,981.3,986.2,120492000,1084.8,887.6,1102.5,649.1,1011.6,21,3,1011.5,25,3,1011.4,1052,8,1011.3,944,16,1011.2,725,10,1011.8,19,1,1011.9,786,7,1012.0,2585,33,1012.1,1021,14,1012.2,1643,11
317,2025-11-26 13:57:55+05:30,1011.9,6,1001.42,7547683,425428.0,434277.0,986.2,1012.8,981.3,986.2,120492000,1084.8,887.6,1102.5,649.1,1011.6,21,3,1011.5,25,3,1011.4,1052,8,1011.3,944,16,1011.2,725,10,1011.8,19,1,1011.9,786,7,1012.0,2585,33,1012.1,1021,14,1012.2,1643,11
317,2025-11-26 13:57:56+05:30,1011.8,1,1001.42,7547710,422212.0,435498.0,986.2,1012.8,981.3,986.2,120492000,1084.8,887.6,1102.5,649.1,1011.6,21,3,1011.5,12,2,1011.4,70,2,1011.3,628,3,1011.2,563,7,1011.8,212,6,1011.9,1291,12,1012.0,3066,36,1012.1,790,12,1012.2,1669,13
317,2025-11-26 13:57:56+05:30,1011.6,5,1001.42,7547710,422212.0,435498.0,986.2,1012.8,981.3,986.2,120492000,1084.8,887.6,1102.5,649.1,1011.6,21,3,1011.5,12,2,1011.4,70,2,1011.3,628,3,1011.2,563,7,1011.8,212,6,1011.9,1291,12,1012.0,3066,36,1012.1,790,12,1012.2,1669,13
317,2025-11-26 13:57:57+05:30,1011.6,5,1001.42,7547715,422644.0,436190.0,986.2,1012.8,981.3,986.2,120492000,1084.8,887.6,1102.5,649.1,1011.6,4,1,1011.5,18,3,1011.4,82,3,1011.3,628,3,1011.2,604,7,1011.8,248,6,1011.9,1433,13,1012.0,3093,37,1012.1,816,14,1012.2,1643,11
317,2025-11-26 13:57:58+05:30,1011.6,5,1001.42,7547715,424713.0,436234.0,986.2,1012.8,981.3,986.2,120492000,1084.8,887.6,1102.5,649.1,1011.6,4,1,1011.5,18,3,1011.4,82,3,1011.3,695,4,1011.2,604,7,1011.8,205,4,1011.9,1446,14,1012.0,2795,36,1012.1,1114,15,1012.2,1643,11
317,2025-11-26 13:57:59+05:30,1011.6,5,1001.42,7547715,424611.0,436366.0,986.2,1012.8,981.3,986.2,120492000,1084.8,887.6,1102.5,649.1,1011.6,4,1,1011.5,18,3,1011.4,82,3,1011.3,695,4,1011.2,604,7,1011.7,27,1,1011.8,219,6,1011.9,1249,12,1012.0,2904,37,1012.1,1114,15
317,2025-11-26 13:58:00+05:30,1011.7,2,1001.42,7547715,424611.0,436366.0,986.2,1012.8,981.3,986.2,120492000,1084.8,887.6,1102.5,649.1,1011.6,4,1,1011.5,18,3,1011.4,82,3,1011.3,695,4,1011.2,604,7,1011.7,27,1,1011.8,219,6,1011.9,1249,12,1012.0,2904,37,1012.1,1114,15
317,2025-11-26 13:58:00+05:30,1011.7,2,1001.42,7547717,424611.0,436865.0,986.2,1012.8,981.3,986.2,120492000,1084.8,887.6,1102.5,649.1,1011.6,4,1,1011.5,18,3,1011.4,82,3,1011.3,695,4,1011.2,604,7,1011.7,25,1,1011.8,314,6,1011.9,1259,13,1012.0,2904,37,1012.1,1114,15
317,2025-11-26 13:58:01+05:30,1011.7,1,1001.42,7547726,424824.0,437322.0,986.2,1012.8,981.3,986.2,120492000,1084.8,887.6,1102.5,649.1,1011.5,6,1,1011.4,82,3,1011.3,1445,5,1011.2,604,7,1011.1,825,12,1011.7,24,1,1011.8,364,7,1011.9,1287,14,1012.0,2878,37,1012.1,1151,16
317,2025-11-26 13:58:01+05:30,1011.7,1,1001.42,7547726,424824.0,437322.0,986.2,1012.8,981.3,986.2,120492000,1084.8,887.6,1102.5,649.1,1011.5,6,1,1011.4,82,3,1011.3,1445,5,1011.2,604,7,1011.1,825,12,1011.7,24,1,1011.8,364,7,1011.9,1287,14,1012.0,2878,37,1012.1,1151,16
317,2025-11-26 13:58:02+05:30,1011.7,1,1001.42,7547726,424914.0,437095.0,986.2,1012.8,981.3,986.2,120492000,1084.8,887.6,1102.5,649.1,1011.5,6,1,1011.4,82,3,1011.3,1494,6,1011.2,604,7,1011.1,825,12,1011.7,24,1,1011.8,306,5,1011.9,1277,14,1012.0,2805,36,1012.1,1103,15
317,2025-11-26 13:58:03+05:30,1011.7,23,1001.42,7547758,425174.0,436306.0,986.2,1012.8,981.3,986.2,120492000,1084.8,887.6,1102.5,649.1,1011.5,6,1,1011.4,82,3,1011.3,885,3,1011.2,604,7,1011.1,1339,13,1011.7,27,1,1011.8,259,5,1011.9,1110,12,1012.0,2802,40,1012.1,1013,14
317,2025-11-26 13:58:03+05:30,1011.7,23,1001.42,7547758,425174.0,436306.0,986.2,1012.8,981.3,986.2,120492000,1084.8,887.6,1102.5,649.1,1011.5,6,1,1011.4,82,3,1011.3,885,3,1011.2,604,7,1011.1,1339,13,1011.7,27,1,1011.8,259,5,1011.9,1110,12,1012.0,2802,40,1012.1,1013,14
317,2025-11-26 13:58:04+05:30,1011.5,225,1001.42,7548033,426268.0,437551.0,986.2,1012.8,981.3,986.2,120492000,1084.8,887.6,1102.5,649.1,1011.4,39,2,1011.3,1004,5,1011.2,520,6,1011.1,1335,13,1011.0,4836,21,1011.5,9,1,1011.8,272,4,1011.9,1392,9,1012.0,2850,37,1012.1,703,12
317,2025-11-26 13:58:04+05:30,1011.5,225,1001.42,7548033,426268.0,437551.0,986.2,1012.8,981.3,986.2,120492000,1084.8,887.6,1102.5,649.1,1011.4,39,2,1011.3,1004,5,1011.2,520,6,1011.1,1335,13,1011.0,4836,21,1011.5,9,1,1011.8,272,4,1011.9,1392,9,1012.0,2850,37,1012.1,703,12
317,2025-11-26 13:58:05+05:30,1011.5,1,1001.42,7548033,426268.0,437551.0,986.2,1012.8,981.3,986.2,120492000,1084.8,887.6,1102.5,649.1,1011.4,39,2,1011.3,1004,5,1011.2,520,6,1011.1,1335,13,1011.0,4836,21,1011.5,9,1,1011.8,272,4,1011.9,1392,9,1012.0,2850,37,1012.1,703,12
317,2025-11-26 13:58:05+05:30,1011.5,1,1001.42,7548086,426814.0,438179.0,986.2,1012.8,981.3,986.2,120492000,1084.8,887.6,1102.5,649.1,1011.4,29,2,1011.3,918,3,1011.2,562,8,1011.1,1384,12,1011.0,4836,21,1011.5,6,1,1011.6,44,1,1011.7,49,1,1011.8,982,7,1011.9,813,9
317,2025-11-26 13:58:06+05:30,1011.5,1,1001.42,7548086,426814.0,438179.0,986.2,1012.8,981.3,986.2,120492000,1084.8,887.6,1102.5,649.1,1011.4,29,2,1011.3,918,3,1011.2,562,8,1011.1,1384,12,1011.0,4836,21,1011.5,6,1,1011.6,44,1,1011.7,49,1,1011.8,982,7,1011.9,813,9
317,2025-11-26 13:58:06+05:30,1011.6,6,1001.42,7548117,426122.0,437656.0,986.2,1012.8,981.3,986.2,120492000,1084.8,887.6,1102.5,649.1,1011.4,29,2,1011.3,923,4,1011.2,541,7,1011.1,1245,12,1011.0,4906,22,1011.6,38,1,1011.7,49,1,1011.8,568,8,1011.9,1513,11,1012.0,2918,37
317,2025-11-26 13:58:07+05:30,1011.6,6,1001.42,7548117,426122.0,437656.0,986.2,1012.8,981.3,986.2,120492000,1084.8,887.6,1102.5,649.1,1011.4,29,2,1011.3,923,4,1011.2,541,7,1011.1,1245,12,1011.0,4906,22,1011.6,38,1,1011.7,49,1,1011.8,568,8,1011.9,1513,11,1012.0,2918,37
317,2025-11-26 13:58:07+05:30,1011.6,6,1001.42,7548117,426122.0,437720.0,986.2,1012.8,981.3,986.2,120492000,1084.8,887.6,1102.5,649.1,1011.4,29,2,1011.3,923,4,1011.2,541,7,1011.1,1245,12,1011.0,4906,22,1011.6,38,1,1011.7,49,1,1011.8,568,8,1011.9,1577,12,1012.0,2918,37
317,2025-11-26 13:58:08+05:30,1011.3,20,1001.42,7548117,426122.0,437720.0,986.2,1012.8,981.3,986.2,120492000,1084.8,887.6,1102.5,649.1,1011.4,29,2,1011.3,923,4,1011.2,541,7,1011.1,1245,12,1011.0,4906,22,1011.6,38,1,1011.7,49,1,1011.8,568,8,1011.9,1577,12,1012.0,2918,37
317,2025-11-26 13:58:08+05:30,1011.3,20,1001.42,7548215,425491.0,437729.0,986.2,1012.8,981.3,986.2,120492000,1084.8,887.6,1102.5,649.1,1011.3,867,5,1011.2,479,6,1011.1,1210,10,1011.0,4870,21,1010.9,1032,10,1011.6,38,1,1011.7,49,1,1011.8,507,8,1011.9,1548,12,1012.0,2910,39
317,2025-11-26 13:58:09+05:30,1011.3,20,1001.42,7548215,427812.0,437960.0,986.2,1012.8,981.3,986.2,120492000,1084.8,887.6,1102.5,649.1,1011.3,911,7,1011.2,479,6,1011.1,1210,10,1011.0,4870,21,1010.9,1032,10,1011.4,11,1,1011.6,38,1,1011.7,251,2,1011.8,507,8,1011.9,1492,12
317,2025-11-26 13:58:10+05:30,1011.4,1,1001.42,7548215,427812.0,437960.0,986.2,1012.8,981.3,986.2,120492000,1084.8,887.6,1102.5,649.1,1011.3,911,7,1011.2,479,6,1011.1,1210,10,1011.0,4870,21,1010.9,1032,10,1011.4,11,1,1011.6,38,1,1011.7,251,2,1011.8,507,8,1011.9,1492,12
317,2025-11-26 13:58:10+05:30,1011.4,1,1001.42,7548216,427769.0,438141.0,986.2,1012.8,981.3,986.2,120492000,1084.8,887.6,1102.5,649.1,1011.3,804,5,1011.2,452,6,1011.1,1210,10,1011.0,4870,21,1010.9,1032,10,1011.4,12,3,1011.6,38,1,1011.7,256,3,1011.8,506,7,1011.9,1492,12
317,2025-11-26 13:58:11+05:30,1011.4,2,1001.42,7548216,427769.0,438141.0,986.2,1012.8,981.3,986.2,120492000,1084.8,887.6,1102.5,649.1,1011.3,804,5,1011.2,452,6,1011.1,1210,10,1011.0,4870,21,1010.9,1032,10,1011.4,12,3,1011.6,38,1,1011.7,256,3,1011.8,506,7,1011.9,1492,12
317,2025-11-26 13:58:11+05:30,1011.4,2,1001.42,7548218,427840.0,438362.0,986.2,1012.8,981.3,986.2,120492000,1084.8,887.6,1102.5,649.1,1011.3,804,5,1011.2,500,7,1011.1,1210,10,1011.0,4918,22,1010.9,1055,11,1011.4,10,3,1011.5,103,2,1011.7,256,3,1011.8,506,7,1011.9,1007,11
317,2025-11-26 13:58:12+05:30,1011.3,107,1001.42,7548218,427840.0,438362.0,986.2,1012.8,981.3,986.2,120492000,1084.8,887.6,1102.5,649.1,1011.3,804,5,1011.2,500,7,1011.1,1210,10,1011.0,4918,22,1010.9,1055,11,1011.4,10,3,1011.5,103,2,1011.7,256,3,1011.8,506,7,1011.9,1007,11
317,2025-11-26 13:58:12+05:30,1011.3,107,1001.42,7548331,427594.0,438108.0,986.2,1012.8,981.3,986.2,120492000,1084.8,887.6,1102.5,649.1,1011.3,717,5,1011.2,372,4,1011.1,1231,11,1011.0,4918,22,1010.9,1055,11,1011.4,10,3,1011.5,103,2,1011.7,256,3,1011.8,569,8,1011.9,1553,14
317,2025-11-26 13:58:13+05:30,1011.4,6,1001.42,7548331,427594.0,438108.0,986.2,1012.8,981.3,986.2,120492000,1084.8,887.6,1102.5,649.1,1011.3,717,5,1011.2,372,4,1011.1,1231,11,1011.0,4918,22,1010.9,1055,11,1011.4,10,3,1011.5,103,2,1011.7,256,3,1011.8,569,8,1011.9,1553,14
317,2025-11-26 13:58:13+05:30,1011.4,6,1001.42,7548366,426414.0,438138.0,986.2,1012.8,981.3,986.2,120492000,1084.8,887.6,1102.5,649.1,1011.3,717,5,1011.2,398,4,1011.1,1252,12,1011.0,3639,16,1010.9,1111,15,1011.4,13,2,1011.5,103,2,1011.7,394,4,1011.8,582,10,1011.9,1503,18
317,2025-11-26 13:58:14+05:30,1011.4,1,1001.42,7548366,426414.0,438138.0,986.2,1012.8,981.3,986.2,120492000,1084.8,887.6,1102.5,649.1,1011.3,717,5,1011.2,398,4,1011.1,1252,12,1011.0,3639,16,1010.9,1111,15,1011.4,13,2,1011.5,103,2,1011.7,394,4,1011.8,582,10,1011.9,1503,18
317,2025-11-26 13:58:14+05:30,1011.4,1,1001.42,7548531,426055.0,438213.0,986.2,1012.8,981.3,986.2,120492000,1084.8,887.6,1102.5,649.1,1011.3,553,5,1011.2,284,2,1011.1,1173,11,1011.0,3639,16,1010.9,1111,15,1011.4,7,1,1011.5,103,2,1011.7,394,4,1011.8,582,10,1011.9,1503,18
317,2025-11-26 13:58:15+05:30,1011.5,2,1001.42,7548531,426055.0,438213.0,986.2,1012.8,981.3,986.2,120492000,1084.8,887.6,1102.5,649.1,1011.3,553,5,1011.2,284,2,1011.1,1173,11,1011.0,3639,16,1010.9,1111,15,1011.4,7,1,1011.5,103,2,1011.7,394,4,1011.8,582,10,1011.9,1503,18
317,2025-11-26 13:58:15+05:30,1011.5,2,1001.42,7548597,424451.0,438622.0,986.2,1012.8,981.3,986.2,120492000,1084.8,887.6,1102.5,649.1,1011.4,50,1,1011.3,553,5,1011.2,284,2,1011.1,1214,11,1011.0,3660,17,1011.5,99,2,1011.7,636,7,1011.8,668,11,1011.9,1647,19,1012.0,2959,34
317,2025-11-26 13:58:16+05:30,1011.5,2,1001.42,7548597,424451.0,438622.0,986.2,1012.8,981.3,986.2,120492000,1084.8,887.6,1102.5,649.1,1011.4,50,1,1011.3,553,5,1011.2,284,2,1011.1,1214,11,1011.0,3660,17,1011.5,99,2,1011.7,636,7,1011.8,668,11,1011.9,1647,19,1012.0,2959,34
317,2025-11-26 13:58:16+05:30,1011.5,2,1001.42,7548600,424426.0,438707.0,986.2,1012.8,981.3,986.2,120492000,1084.8,887.6,1102.5,649.1,1011.4,49,1,1011.3,527,4,1011.2,148,2,1011.1,1193,10,1011.0,3681,18,1011.5,98,3,1011.7,636,7,1011.8,695,12,1011.9,1647,19,1012.0,2944,32
317,2025-11-26 13:58:17+05:30,1011.5,2,1001.42,7548600,424675.0,439052.0,986.2,1012.8,981.3,986.2,120492000,1084.8,887.6,1102.5,649.1,1011.4,49,1,1011.3,533,5,1011.2,148,2,1011.1,1193,10,1011.0,3681,18,1011.5,108,4,1011.6,1,1,1011.7,654,8,1011.8,668,11,1011.9,1108,17
317,2025-11-26 13:58:18+05:30,1011.5,2,1001.42,7548600,424675.0,438869.0,986.2,1012.8,981.3,986.2,120492000,1084.8,887.6,1102.5,649.1,1011.4,49,1,1011.3,533,5,1011.2,148,2,1011.1,1193,10,1011.0,3681,18,1011.5,108,4,1011.6,1,1,1011.7,592,7,1011.8,668,11,1011.9,1622,18
317,2025-11-26 13:58:19+05:30,1011.4,1,1001.42,7548600,424675.0,438869.0,986.2,1012.8,981.3,986.2,120492000,1084.8,887.6,1102.5,649.1,1011.4,49,1,1011.3,533,5,1011.2,148,2,1011.1,1193,10,1011.0,3681,18,1011.5,108,4,1011.6,1,1,1011.7,592,7,1011.8,668,11,1011.9,1622,18
317,2025-11-26 13:58:19+05:30,1011.4,1,1001.42,7548650,426304.0,438480.0,986.2,1012.8,981.3,986.2,120492000,1084.8,887.6,1102.5,649.1,1011.3,541,6,1011.2,251,5,1011.1,1128,9,1011.0,3639,16,1010.9,1111,15,1011.4,7,1,1011.5,108,4,1011.6,1,1,1011.7,459,6,1011.8,676,11
317,2025-11-26 13:58:20+05:30,1011.4,43,1001.42,7548650,426304.0,438480.0,986.2,1012.8,981.3,986.2,120492000,1084.8,887.6,1102.5,649.1,1011.3,541,6,1011.2,251,5,1011.1,1128,9,1011.0,3639,16,1010.9,1111,15,1011.4,7,1,1011.5,108,4,1011.6,1,1,1011.7,459,6,1011.8,676,11
317,2025-11-26 13:58:20+05:30,1011.4,43,1001.42,7548894,425169.0,438064.0,986.2,1012.8,981.3,986.2,120492000,1084.8,887.6,1102.5,649.1,1011.3,541,6,1011.2,473,8,1011.1,1330,10,1011.0,3613,14,1010.9,1217,18,1011.5,64,3,1011.6,1,1,1011.7,161,3,1011.8,1097,9,1011.9,1104,16
317,2025-11-26 13:58:21+05:30,1011.5,1,1001.42,7548894,425169.0,438064.0,986.2,1012.8,981.3,986.2,120492000,1084.8,887.6,1102.5,649.1,1011.3,541,6,1011.2,473,8,1011.1,1330,10,1011.0,3613,14,1010.9,1217,18,1011.5,64,3,1011.6,1,1,1011.7,161,3,1011.8,1097,9,1011.9,1104,16
317,2025-11-26 13:58:21+05:30,1011.5,1,1001.42,7548896,425194.0,438113.0,986.2,1012.8,981.3,986.2,120492000,1084.8,887.6,1102.5,649.1,1011.3,541,6,1011.2,473,8,1011.1,1355,11,1011.0,3613,14,1010.9,1217,18,1011.5,62,3,1011.6,1,1,1011.7,161,3,1011.8,565,8,1011.9,1104,16
317,2025-11-26 13:58:22+05:30,1011.3,1,1001.42,7548896,425194.0,438113.0,986.2,1012.8,981.3,986.2,120492000,1084.8,887.6,1102.5,649.1,1011.3,541,6,1011.2,473,8,1011.1,1355,11,1011.0,3613,14,1010.9,1217,18,1011.5,62,3,1011.6,1,1,1011.7,161,3,1011.8,565,8,1011.9,1104,16
317,2025-11-26 13:58:22+05:30,1011.3,1,1001.42,7548897,425188.0,438067.0,986.2,1012.8,981.3,986.2,120492000,1084.8,887.6,1102.5,649.1,1011.3,540,6,1011.2,454,7,1011.1,1374,12,1011.0,3573,13,1010.9,1217,18,1011.5,65,4,1011.7,161,3,1011.8,1130,10,1011.9,1104,16,1012.0,2959,33
317,2025-11-26 13:58:23+05:30,1011.5,23,1001.42,7548897,425188.0,438067.0,986.2,1012.8,981.3,986.2,120492000,1084.8,887.6,1102.5,649.1,1011.3,540,6,1011.2,454,7,1011.1,1374,12,1011.0,3573,13,1010.9,1217,18,1011.5,65,4,1011.7,161,3,1011.8,1130,10,1011.9,1104,16,1012.0,2959,33
317,2025-11-26 13:58:23+05:30,1011.5,23,1001.42,7548928,425244.0,438308.0,986.2,1012.8,981.3,986.2,120492000,1084.8,887.6,1102.5,649.1,1011.3,664,9,1011.2,452,7,1011.1,1355,11,1011.0,3573,13,1010.9,1217,18,1011.5,34,4,1011.7,161,3,1011.8,1130,10,1011.9,1104,16,1012.0,2959,33
317,2025-11-26 13:58:24+05:30,1011.7,43,1001.42,7548928,425244.0,438308.0,986.2,1012.8,981.3,986.2,120492000,1084.8,887.6,1102.5,649.1,1011.3,664,9,1011.2,452,7,1011.1,1355,11,1011.0,3573,13,1010.9,1217,18,1011.5,34,4,1011.7,161,3,1011.8,1130,10,1011.9,1104,16,1012.0,2959,33
317,2025-11-26 13:58:24+05:30,1011.4,91,1001.42,7549296,424652.0,435775.0,986.2,1012.8,981.3,986.2,120492000,1084.8,887.6,1102.5,649.1,1011.4,7,2,1011.3,580,6,1011.2,573,7,1011.1,1278,13,1011.0,3640,17,1011.7,75,2,1011.8,637,11,1011.9,1093,14,1012.0,3061,32,1012.1,667,9
317,2025-11-26 13:58:25+05:30,1011.7,10,1001.42,7549296,424652.0,435775.0,986.2,1012.8,981.3,986.2,120492000,1084.8,887.6,1102.5,649.1,1011.4,7,2,1011.3,580,6,1011.2,573,7,1011.1,1278,13,1011.0,3640,17,1011.7,75,2,1011.8,637,11,1011.9,1093,14,1012.0,3061,32,1012.1,667,9
317,2025-11-26 13:58:25+05:30,1011.7,1,1001.42,7549325,424651.0,435691.0,986.2,1012.8,981.3,986.2,120492000,1084.8,887.6,1102.5,649.1,1011.4,7,2,1011.3,579,6,1011.2,573,7,1011.1,1278,13,1011.0,3640,17,1011.7,64,2,1011.8,551,9,1011.9,1070,14,1012.0,3061,32,1012.1,667,9
317,2025-11-26 13:58:26+05:30,1011.7,2,1001.42,7549325,424651.0,435691.0,986.2,1012.8,981.3,986.2,120492000,1084.8,887.6,1102.5,649.1,1011.4,7,2,1011.3,579,6,1011.2,573,7,1011.1,1278,13,1011.0,3640,17,1011.7,64,2,1011.8,551,9,1011.9,1070,14,1012.0,3061,32,1012.1,667,9
317,2025-11-26 13:58:26+05:30,1011.7,2,1001.42,7549327,424655.0,435809.0,986.2,1012.8,981.3,986.2,120492000,1084.8,887.6,1102.5,649.1,1011.4,11,3,1011.3,579,6,1011.2,573,7,1011.1,1278,13,1011.0,3640,17,1011.7,72,3,1011.8,610,10,1011.9,1135,15,1012.0,3061,32,1012.1,667,9
317,2025-11-26 13:58:27+05:30,1011.7,2,1001.42,7549327,424705.0,435809.0,986.2,1012.8,981.3,986.2,120492000,1084.8,887.6,1102.5,649.1,1011.4,11,3,1011.3,579,6,1011.2,573,7,1011.1,1278,13,1011.0,3640,17,1011.7,73,4,1011.8,669,11,1011.9,1135,15,1012.0,3061,32,1012.1,667,9
317,2025-11-26 13:58:28+05:30,1011.4,5,1001.42,7549332,424392.0,436006.0,986.2,1012.8,981.3,986.2,120492000,1084.8,887.6,1102.5,649.1,1011.4,6,3,1011.3,579,6,1011.2,573,7,1011.1,1278,13,1011.0,3640,17,1011.7,275,5,1011.8,669,11,1011.9,1135,15,1012.0,3056,31,1012.1,667,9
317,2025-11-26 13:58:29+05:30,1011.4,4,1001.42,7549332,424392.0,436006.0,986.2,1012.8,981.3,986.2,120492000,1084.8,887.6,1102.5,649.1,1011.4,6,3,1011.3,579,6,1011.2,573,7,1011.1,1278,13,1011.0,3640,17,1011.7,275,5,1011.8,669,11,1011.9,1135,15,1012.0,3056,31,1012.1,667,9
317,2025-11-26 13:58:29+05:30,1011.4,4,1001.42,7549342,425766.0,438131.0,986.2,1012.8,981.3,986.2,120492000,1084.8,887.6,1102.5,649.1,1011.4,7,3,1011.3,579,6,1011.2,542,8,1011.1,1259,12,1011.0,3621,16,1011.5,15,1,1011.7,275,5,1011.8,1174,12,1011.9,1135,15,1012.0,3085,32
317,2025-11-26 13:58:30+05:30,1011.5,29,1001.42,7549342,425766.0,438131.0,986.2,1012.8,981.3,986.2,120492000,1084.8,887.6,1102.5,649.1,1011.4,7,3,1011.3,579,6,1011.2,542,8,1011.1,1259,12,1011.0,3621,16,1011.5,15,1,1011.7,275,5,1011.8,1174,12,1011.9,1135,15,1012.0,3085,32
317,2025-11-26 13:58:30+05:30,1011.4,1,1001.42,7549405,425509.0,438006.0,986.2,1012.8,981.3,986.2,120492000,1084.8,887.6,1102.5,649.1,1011.4,6,2,1011.3,579,6,1011.2,357,5,1011.1,1259,12,1011.0,3642,17,1011.5,15,1,1011.7,369,5,1011.8,669,11,1011.9,1133,15,1012.0,3021,32
317,2025-11-26 13:58:31+05:30,1011.5,1,1001.42,7549405,425509.0,438006.0,986.2,1012.8,981.3,986.2,120492000,1084.8,887.6,1102.5,649.1,1011.4,6,2,1011.3,579,6,1011.2,357,5,1011.1,1259,12,1011.0,3642,17,1011.5,15,1,1011.7,369,5,1011.8,669,11,1011.9,1133,15,1012.0,3021,32
317,2025-11-26 13:58:31+05:30,1011.4,14,1001.42,7549426,425521.0,438123.0,986.2,1012.8,981.3,986.2,120492000,1084.8,887.6,1102.5,649.1,1011.4,10,3,1011.3,551,6,1011.2,352,6,1011.1,1259,12,1011.0,3621,16,1011.5,14,1,1011.7,369,5,1011.8,780,12,1011.9,1133,15,1012.0,3021,32
317,2025-11-26 13:58:32+05:30,1011.4,14,1001.42,7549426,425521.0,438123.0,986.2,1012.8,981.3,986.2,120492000,1084.8,887.6,1102.5,649.1,1011.4,10,3,1011.3,551,6,1011.2,352,6,1011.1,1259,12,1011.0,3621,16,1011.5,14,1,1011.7,369,5,1011.8,780,12,1011.9,1133,15,1012.0,3021,32
317,2025-11-26 13:58:32+05:30,1011.5,5,1001.42,7549458,425524.0,438103.0,986.2,1012.8,981.3,986.2,120492000,1084.8,887.6,1102.5,649.1,1011.4,15,4,1011.3,594,7,1011.2,431,7,1011.1,1280,13,1011.0,3621,16,1011.5,6,1,1011.6,37,1,1011.7,369,5,1011.8,823,13,1011.9,1133,15
317,2025-11-26 13:58:33+05:30,1011.5,5,1001.42,7549458,425524.0,438103.0,986.2,1012.8,981.3,986.2,120492000,1084.8,887.6,1102.5,649.1,1011.4,15,4,1011.3,594,7,1011.2,431,7,1011.1,1280,13,1011.0,3621,16,1011.5,6,1,1011.6,37,1,1011.7,369,5,1011.8,823,13,1011.9,1133,15
317,2025-11-26 13:58:33+05:30,1011.4,17,1001.42,7549514,426945.0,439171.0,986.2,1012.8,981.3,986.2,120492000,1084.8,887.6,1102.5,649.1,1011.3,551,6,1011.2,215,4,1011.1,1280,13,1011.0,3599,15,1010.9,1191,16,1011.4,2,1,1011.5,8,1,1011.6,37,1,1011.7,369,5,1011.8,742,12
317,2025-11-26 13:58:34+05:30,1011.4,2,1001.42,7549514,426945.0,439171.0,986.2,1012.8,981.3,986.2,120492000,1084.8,887.6,1102.5,649.1,1011.3,551,6,1011.2,215,4,1011.1,1280,13,1011.0,3599,15,1010.9,1191,16,1011.4,2,1,1011.5,8,1,1011.6,37,1,1011.7,369,5,1011.8,742,12
317,2025-11-26 13:58:35+05:30,1011.5,1,1001.42,7549517,425250.0,438788.0,986.2,1012.8,981.3,986.2,120492000,1084.8,887.6,1102.5,649.1,1011.4,110,1,1011.3,551,6,1011.2,215,4,1011.1,1280,13,1011.0,3635,16,1011.5,7,1,1011.6,37,1,1011.7,369,5,1011.8,687,12,1011.9,1641,17
317,2025-11-26 13:58:35+05:30,1011.5,2,1001.42,7549517,425250.0,438788.0,986.2,1012.8,981.3,986.2,120492000,1084.8,887.6,1102.5,649.1,1011.4,110,1,1011.3,551,6,1011.2,215,4,1011.1,1280,13,1011.0,3635,16,1011.5,7,1,1011.6,37,1,1011.7,369,5,1011.8,687,12,1011.9,1641,17
317,2025-11-26 13:58:35+05:30,1011.7,35,1001.42,7549823,424278.0,437277.0,986.2,1012.8,981.3,986.2,120492000,1084.8,887.6,1102.5,649.1,1011.4,133,3,1011.3,576,6,1011.2,497,7,1011.1,1301,14,1011.0,3635,16,1011.7,156,2,1011.8,860,13,1011.9,1641,17,1012.0,4021,32,1012.1,594,9
317,2025-11-26 13:58:36+05:30,1011.7,35,1001.42,7549823,424278.0,437277.0,986.2,1012.8,981.3,986.2,120492000,1084.8,887.6,1102.5,649.1,1011.4,133,3,1011.3,576,6,1011.2,497,7,1011.1,1301,14,1011.0,3635,16,1011.7,156,2,1011.8,860,13,1011.9,1641,17,1012.0,4021,32,1012.1,594,9
317,2025-11-26 13:58:36+05:30,1011.7,35,1001.42,7549823,423877.0,437094.0,986.2,1012.8,981.3,986.2,120492000,1084.8,887.6,1102.5,649.1,1011.4,133,3,1011.3,576,6,1011.2,497,7,1011.1,1208,13,1011.0,3635,16,1011.7,300,3,1011.8,713,13,1011.9,983,15,1012.0,4021,32,1012.1,594,9
317,2025-11-26 13:58:38+05:30,1011.7,4,1001.42,7549827,424197.0,436748.0,986.2,1012.8,981.3,986.2,120492000,1084.8,887.6,1102.5,649.1,1011.4,134,4,1011.3,587,7,1011.2,497,7,1011.1,1208,13,1011.0,3657,17,1011.7,296,3,1011.8,504,11,1011.9,1552,15,1012.0,3723,31,1012.1,896,11
317,2025-11-26 13:58:38+05:30,1011.7,4,1001.42,7549827,424197.0,436748.0,986.2,1012.8,981.3,986.2,120492000,1084.8,887.6,1102.5,649.1,1011.4,134,4,1011.3,587,7,1011.2,497,7,1011.1,1208,13,1011.0,3657,17,1011.7,296,3,1011.8,504,11,1011.9,1552,15,1012.0,3723,31,1012.1,896,11
317,2025-11-26 13:58:39+05:30,1011.7,4,1001.42,7549827,425674.0,438290.0,986.2,1012.8,981.3,986.2,120492000,1084.8,887.6,1102.5,649.1,1011.4,176,5,1011.3,608,8,1011.2,518,8,1011.1,1166,11,1011.0,3657,17,1011.5,10,1,1011.7,202,3,1011.8,380,7,1011.9,1550,15,1012.0,4025,33
317,2025-11-26 13:58:40+05:30,1011.5,1,1001.42,7549829,425814.0,438528.0,986.2,1012.8,981.3,986.2,120492000,1084.8,887.6,1102.5,649.1,1011.4,185,6,1011.3,587,7,1011.2,428,8,1011.1,1166,11,1011.0,3657,17,1011.5,9,1,1011.7,202,3,1011.8,1066,9,1011.9,1005,16,1012.0,4054,34
317,2025-11-26 13:58:40+05:30,1011.5,1,1001.42,7549829,425814.0,438528.0,986.2,1012.8,981.3,986.2,120492000,1084.8,887.6,1102.5,649.1,1011.4,185,6,1011.3,587,7,1011.2,428,8,1011.1,1166,11,1011.0,3657,17,1011.5,9,1,1011.7,202,3,1011.8,1066,9,1011.9,1005,16,1012.0,4054,34
317,2025-11-26 13:58:41+05:30,1011.5,2,1001.42,7549832,425811.0,438466.0,986.2,1012.8,981.3,986.2,120492000,1084.8,887.6,1102.5,649.1,1011.4,184,6,1011.3,606,8,1011.2,407,7,1011.1,1166,11,1011.0,3657,17,1011.5,8,2,1011.7,202,3,1011.8,488,8,1011.9,1551,17,1012.0,4025,33
317,2025-11-26 13:58:41+05:30,1011.5,2,1001.42,7549832,425811.0,438466.0,986.2,1012.8,981.3,986.2,120492000,1084.8,887.6,1102.5,649.1,1011.4,184,6,1011.3,606,8,1011.2,407,7,1011.1,1166,11,1011.0,3657,17,1011.5,8,2,1011.7,202,3,1011.8,488,8,1011.9,1551,17,1012.0,4025,33
317,2025-11-26 13:58:42+05:30,1011.5,2,1001.42,7549832,425775.0,438166.0,986.2,1012.8,981.3,986.2,120492000,1084.8,887.6,1102.5,649.1,1011.4,143,5,1011.3,587,7,1011.2,426,8,1011.1,1166,11,1011.0,3657,17,1011.5,8,2,1011.7,202,3,1011.8,488,8,1011.9,1005,16,1012.0,4025,33
317,2025-11-26 13:58:43+05:30,1011.5,1,1001.42,7549841,426045.0,438454.0,986.2,1012.8,981.3,986.2,120492000,1084.8,887.6,1102.5,649.1,1011.4,184,6,1011.3,692,9,1011.2,550,8,1011.1,1166,11,1011.0,3657,17,1011.5,9,1,1011.7,202,3,1011.8,488,8,1011.9,1506,17,1012.0,4025,33
317,2025-11-26 13:58:43+05:30,1011.5,23,1001.42,7549841,426045.0,438454.0,986.2,1012.8,981.3,986.2,120492000,1084.8,887.6,1102.5,649.1,1011.4,184,6,1011.3,692,9,1011.2,550,8,1011.1,1166,11,1011.0,3657,17,1011.5,9,1,1011.7,202,3,1011.8,488,8,1011.9,1506,17,1012.0,4025,33
317,2025-11-26 13:58:44+05:30,1011.7,4,1001.42,7550232,424607.0,436910.0,986.2,1012.8,981.3,986.2,120492000,1084.8,887.6,1102.5,649.1,1011.4,21,3,1011.3,624,7,1011.2,755,10,1011.1,1185,12,1011.0,3657,17,1011.7,158,2,1011.8,438,7,1011.9,1003,16,1012.0,4013,32,1012.1,732,10
317,2025-11-26 13:58:44+05:30,1011.7,4,1001.42,7550232,424607.0,436910.0,986.2,1012.8,981.3,986.2,120492000,1084.8,887.6,1102.5,649.1,1011.4,21,3,1011.3,624,7,1011.2,755,10,1011.1,1185,12,1011.0,3657,17,1011.7,158,2,1011.8,438,7,1011.9,1003,16,1012.0,4013,32,1012.1,732,10
317,2025-11-26 13:58:44+05:30,1011.7,4,1001.42,7550232,424609.0,437262.0,986.2,1012.8,981.3,986.2,120492000,1084.8,887.6,1102.5,649.1,1011.4,21,3,1011.3,624,7,1011.2,755,10,1011.1,1185,12,1011.0,3657,17,1011.7,159,3,1011.8,460,8,1011.9,1539,17,1012.0,4012,31,1012.1,732,10
317,2025-11-26 13:58:45+05:30,1011.7,3,1001.42,7550232,424609.0,437262.0,986.2,1012.8,981.3,986.2,120492000,1084.8,887.6,1102.5,649.1,1011.4,21,3,1011.3,624,7,1011.2,755,10,1011.1,1185,12,1011.0,3657,17,1011.7,159,3,1011.8,460,8,1011.9,1539,17,1012.0,4012,31,1012.1,732,10
317,2025-11-26 13:58:45+05:30,1011.7,1,1001.42,7550238,424608.0,437417.0,986.2,1012.8,981.3,986.2,120492000,1084.8,887.6,1102.5,649.1,1011.4,21,3,1011.3,665,8,1011.2,755,10,1011.1,1185,12,1011.0,3657,17,1011.7,243,4,1011.8,460,8,1011.9,1003,16,1012.0,4012,31,1012.1,732,10
317,2025-11-26 13:58:46+05:30,1011.7,1,1001.42,7550238,424608.0,437417.0,986.2,1012.8,981.3,986.2,120492000,1084.8,887.6,1102.5,649.1,1011.4,21,3,1011.3,665,8,1011.2,755,10,1011.1,1185,12,1011.0,3657,17,1011.7,243,4,1011.8,460,8,1011.9,1003,16,1012.0,4012,31,1012.1,732,10
317,2025-11-26 13:58:47+05:30,1011.7,1,1001.42,7550238,424608.0,437351.0,986.2,1012.8,981.3,986.2,120492000,1084.8,887.6,1102.5,649.1,1011.4,21,3,1011.3,665,8,1011.2,755,10,1011.1,1185,12,1011.0,3657,17,1011.7,244,5,1011.8,460,8,1011.9,1458,10,1012.0,4015,32,1012.1,732,10
317,2025-11-26 13:58:47+05:30,1011.7,1,1001.42,7550238,425000.0,439972.0,986.2,1012.8,981.3,986.2,120492000,1084.8,887.6,1102.5,649.1,1011.4,21,3,1011.3,624,7,1011.2,564,8,1011.1,1185,12,1011.0,3657,17,1011.6,30,1,1011.7,2086,7,1011.8,460,8,1011.9,1273,13,1012.0,3796,36
317,2025-11-26 13:58:48+05:30,1011.7,1,1001.42,7550238,425811.0,440515.0,986.2,1012.8,981.3,986.2,120492000,1084.8,887.6,1102.5,649.1,1011.4,21,3,1011.3,586,7,1011.2,564,8,1011.1,1185,12,1011.0,3657,17,1011.5,9,1,1011.6,30,1,1011.7,2068,6,1011.8,574,10,1011.9,1273,13
317,2025-11-26 13:58:50+05:30,1011.5,1,1001.42,7550239,425811.0,440478.0,986.2,1012.8,981.3,986.2,120492000,1084.8,887.6,1102.5,649.1,1011.4,21,3,1011.3,586,7,1011.2,564,8,1011.1,1185,12,1011.0,3657,17,1011.5,8,1,1011.6,30,1,1011.7,2068,6,1011.8,579,11,1011.9,1273,13
317,2025-11-26 13:58:50+05:30,1011.5,2,1001.42,7550239,425811.0,440478.0,986.2,1012.8,981.3,986.2,120492000,1084.8,887.6,1102.5,649.1,1011.4,21,3,1011.3,586,7,1011.2,564,8,1011.1,1185,12,1011.0,3657,17,1011.5,8,1,1011.6,30,1,1011.7,2068,6,1011.8,579,11,1011.9,1273,13
317,2025-11-26 13:58:51+05:30,1011.5,1,1001.42,7550242,425811.0,440459.0,986.2,1012.8,981.3,986.2,120492000,1084.8,887.6,1102.5,649.1,1011.4,21,3,1011.3,586,7,1011.2,564,8,1011.1,1185,12,1011.0,3657,17,1011.5,5,1,1011.6,30,1,1011.7,2068,6,1011.8,577,10,1011.9,1277,14
317,2025-11-26 13:58:51+05:30,1011.5,1,1001.42,7550242,425811.0,440459.0,986.2,1012.8,981.3,986.2,120492000,1084.8,887.6,1102.5,649.1,1011.4,21,3,1011.3,586,7,1011.2,564,8,1011.1,1185,12,1011.0,3657,17,1011.5,5,1,1011.6,30,1,1011.7,2068,6,1011.8,577,10,1011.9,1277,14
317,2025-11-26 13:58:51+05:30,1011.5,1,1001.42,7550243,425796.0,440477.0,986.2,1012.8,981.3,986.2,120492000,1084.8,887.6,1102.5,649.1,1011.4,61,4,1011.3,586,7,1011.2,528,8,1011.1,1166,11,1011.0,3657,17,1011.5,4,1,1011.6,30,1,1011.7,2068,6,1011.8,553,9,1011.9,1278,15
317,2025-11-26 13:58:52+05:30,1011.5,1,1001.42,7550243,425796.0,440477.0,986.2,1012.8,981.3,986.2,120492000,1084.8,887.6,1102.5,649.1,1011.4,61,4,1011.3,586,7,1011.2,528,8,1011.1,1166,11,1011.0,3657,17,1011.5,4,1,1011.6,30,1,1011.7,2068,6,1011.8,553,9,1011.9,1278,15
317,2025-11-26 13:58:52+05:30,1011.5,1,1001.42,7550274,425796.0,440901.0,986.2,1012.8,981.3,986.2,120492000,1084.8,887.6,1102.5,649.1,1011.4,61,4,1011.3,586,7,1011.2,511,7,1011.1,1183,12,1011.0,3657,17,1011.5,16,2,1011.6,72,2,1011.7,2268,7,1011.8,553,9,1011.9,1227,14
317,2025-11-26 13:58:53+05:30,1011.5,1,1001.42,7550274,425796.0,440901.0,986.2,1012.8,981.3,986.2,120492000,1084.8,887.6,1102.5,649.1,1011.4,61,4,1011.3,586,7,1011.2,511,7,1011.1,1183,12,1011.0,3657,17,1011.5,16,2,1011.6,72,2,1011.7,2268,7,1011.8,553,9,1011.9,1227,14
317,2025-11-26 13:58:53+05:30,1011.4,40,1001.42,7550329,425836.0,440901.0,986.2,1012.8,981.3,986.2,120492000,1084.8,887.6,1102.5,649.1,1011.4,6,1,1011.3,545,6,1011.2,170,3,1011.1,1166,12,1011.0,3657,17,1011.5,37,2,1011.6,42,1,1011.7,2406,8,1011.8,672,13,1011.9,1227,14
317,2025-11-26 13:58:54+05:30,1011.4,40,1001.42,7550329,425836.0,440901.0,986.2,1012.8,981.3,986.2,120492000,1084.8,887.6,1102.5,649.1,1011.4,6,1,1011.3,545,6,1011.2,170,3,1011.1,1166,12,1011.0,3657,17,1011.5,37,2,1011.6,42,1,1011.7,2406,8,1011.8,672,13,1011.9,1227,14
317,2025-11-26 13:58:54+05:30,1011.5,1,1001.42,7550422,425488.0,441219.0,986.2,1012.8,981.3,986.2,120492000,1084.8,887.6,1102.5,649.1,1011.5,19,1,1011.4,6,1,1011.3,545,6,1011.2,244,4,1011.1,1166,12,1011.6,72,2,1011.7,2406,8,1011.8,606,10,1011.9,1227,14,1012.0,3796,36
317,2025-11-26 13:58:55+05:30,1011.6,13,1001.42,7550422,425488.0,441219.0,986.2,1012.8,981.3,986.2,120492000,1084.8,887.6,1102.5,649.1,1011.5,19,1,1011.4,6,1,1011.3,545,6,1011.2,244,4,1011.1,1166,12,1011.6,72,2,1011.7,2406,8,1011.8,606,10,1011.9,1227,14,1012.0,3796,36
317,2025-11-26 13:58:55+05:30,1011.6,3,1001.42,7550456,425525.0,441189.0,986.2,1012.8,981.3,986.2,120492000,1084.8,887.6,1102.5,649.1,1011.5,19,1,1011.4,39,1,1011.3,585,7,1011.2,250,5,1011.1,1166,12,1011.6,83,3,1011.7,2406,8,1011.8,606,10,1011.9,1227,14,1012.0,3818,37
317,2025-11-26 13:58:56+05:30,1011.6,3,1001.42,7550456,425525.0,441189.0,986.2,1012.8,981.3,986.2,120492000,1084.8,887.6,1102.5,649.1,1011.5,19,1,1011.4,39,1,1011.3,585,7,1011.2,250,5,1011.1,1166,12,1011.6,83,3,1011.7,2406,8,1011.8,606,10,1011.9,1227,14,1012.0,3818,37
317,2025-11-26 13:58:56+05:30,1011.3,4,1001.42,7550531,424757.0,441227.0,986.2,1012.8,981.3,986.2,120492000,1084.8,887.6,1102.5,649.1,1011.4,6,1,1011.3,541,6,1011.2,129,5,1011.1,1166,12,1011.0,3587,16,1011.6,83,3,1011.7,2406,8,1011.8,606,10,1011.9,1222,12,1012.0,3892,39
317,2025-11-26 13:58:57+05:30,1011.3,4,1001.42,7550531,424757.0,441227.0,986.2,1012.8,981.3,986.2,120492000,1084.8,887.6,1102.5,649.1,1011.4,6,1,1011.3,541,6,1011.2,129,5,1011.1,1166,12,1011.0,3587,16,1011.6,83,3,1011.7,2406,8,1011.8,606,10,1011.9,1222,12,1012.0,3892,39
317,2025-11-26 13:58:58+05:30,1011.3,4,1001.42,7550531,424704.0,441293.0,986.2,1012.8,981.3,986.2,120492000,1084.8,887.6,1102.5,649.1,1011.4,6,1,1011.3,541,6,1011.2,543,4,1011.1,698,12,1011.0,3615,15,1011.6,83,3,1011.7,2406,8,1011.8,645,11,1011.9,1222,12,1012.0,3891,38
317,2025-11-26 13:58:58+05:30,1011.6,1,1001.42,7550532,425559.0,441376.0,986.2,1012.8,981.3,986.2,120492000,1084.8,887.6,1102.5,649.1,1011.4,6,1,1011.3,541,6,1011.2,577,6,1011.1,664,10,1011.0,3641,17,1011.5,6,1,1011.6,82,3,1011.7,2406,8,1011.8,645,11,1011.9,1243,13
317,2025-11-26 13:58:59+05:30,1011.6,1,1001.42,7550532,425559.0,441376.0,986.2,1012.8,981.3,986.2,120492000,1084.8,887.6,1102.5,649.1,1011.4,6,1,1011.3,541,6,1011.2,577,6,1011.1,664,10,1011.0,3641,17,1011.5,6,1,1011.6,82,3,1011.7,2406,8,1011.8,645,11,1011.9,1243,13
317,2025-11-26 13:59:00+05:30,1011.6,1,1001.42,7550532,425559.0,441125.0,986.2,1012.8,981.3,986.2,120492000,1084.8,887.6,1102.5,649.1,1011.4,6,1,1011.3,541,6,1011.2,577,6,1011.1,664,10,1011.0,3641,17,1011.5,6,1,1011.6,84,5,1011.7,2405,7,1011.8,645,11,1011.9,1751,13
317,2025-11-26 13:59:00+05:30,1011.5,1,1001.42,7550532,425559.0,441125.0,986.2,1012.8,981.3,986.2,120492000,1084.8,887.6,1102.5,649.1,1011.4,6,1,1011.3,541,6,1011.2,577,6,1011.1,664,10,1011.0,3641,17,1011.5,6,1,1011.6,84,5,1011.7,2405,7,1011.8,645,11,1011.9,1751,13
317,2025-11-26 13:59:01+05:30,1011.5,1,1001.42,7550542,425561.0,441131.0,986.2,1012.8,981.3,986.2,120492000,1084.8,887.6,1102.5,649.1,1011.4,6,1,1011.3,541,6,1011.2,543,4,1011.1,700,12,1011.0,3641,17,1011.5,4,1,1011.6,84,5,1011.7,2405,7,1011.8,645,11,1011.9,1222,12
317,2025-11-26 13:59:01+05:30,1011.5,1,1001.42,7550542,425561.0,441131.0,986.2,1012.8,981.3,986.2,120492000,1084.8,887.6,1102.5,649.1,1011.4,6,1,1011.3,541,6,1011.2,543,4,1011.1,700,12,1011.0,3641,17,1011.5,4,1,1011.6,84,5,1011.7,2405,7,1011.8,645,11,1011.9,1222,12
317,2025-11-26 13:59:01+05:30,1011.5,1,1001.42,7550542,425561.0,441131.0,986.2,1012.8,981.3,986.2,120492000,1084.8,887.6,1102.5,649.1,1011.4,6,1,1011.3,541,6,1011.2,543,4,1011.1,700,12,1011.0,3641,17,1011.5,4,1,1011.6,84,5,1011.7,2405,7,1011.8,645,11,1011.9,1222,12
317,2025-11-26 13:59:02+05:30,1011.5,1,1001.42,7550542,425561.0,441131.0,986.2,1012.8,981.3,986.2,120492000,1084.8,887.6,1102.5,649.1,1011.4,6,1,1011.3,541,6,1011.2,543,4,1011.1,700,12,1011.0,3641,17,1011.5,4,1,1011.6,84,5,1011.7,2405,7,1011.8,645,11,1011.9,1222,12
317,2025-11-26 13:59:02+05:30,1011.5,1,1001.42,7550543,425641.0,441393.0,986.2,1012.8,981.3,986.2,120492000,1084.8,887.6,1102.5,649.1,1011.4,49,3,1011.3,620,8,1011.2,579,6,1011.1,622,9,1011.0,3641,17,1011.5,3,1,1011.6,84,5,1011.7,2405,7,1011.8,645,11,1011.9,1222,12
317,2025-11-26 13:59:02+05:30,1011.5,1,1001.42,7550543,425641.0,441393.0,986.2,1012.8,981.3,986.2,120492000,1084.8,887.6,1102.5,649.1,1011.4,49,3,1011.3,620,8,1011.2,579,6,1011.1,622,9,1011.0,3641,17,1011.5,3,1,1011.6,84,5,1011.7,2405,7,1011.8,645,11,1011.9,1222,12
317,2025-11-26 13:59:02+05:30,1011.5,4,1001.42,7550551,425521.0,441554.0,986.2,1012.8,981.3,986.2,120492000,1084.8,887.6,1102.5,649.1,1011.4,58,4,1011.3,582,7,1011.2,572,5,1011.1,600,9,1011.0,3631,17,1011.5,2,1,1011.6,84,5,1011.7,2580,10,1011.8,788,12,1011.9,1712,14
317,2025-11-26 13:59:03+05:30,1011.5,4,1001.42,7550551,425521.0,441554.0,986.2,1012.8,981.3,986.2,120492000,1084.8,887.6,1102.5,649.1,1011.4,58,4,1011.3,582,7,1011.2,572,5,1011.1,600,9,1011.0,3631,17,1011.5,2,1,1011.6,84,5,1011.7,2580,10,1011.8,788,12,1011.9,1712,14
317,2025-11-26 13:59:03+05:30,1011.5,23,1001.42,7550551,425521.0,441554.0,986.2,1012.8,981.3,986.2,120492000,1084.8,887.6,1102.5,649.1,1011.4,58,4,1011.3,582,7,1011.2,572,5,1011.1,600,9,1011.0,3631,17,1011.5,2,1,1011.6,84,5,1011.7,2580,10,1011.8,788,12,1011.9,1712,14
317,2025-11-26 13:59:03+05:30,1011.5,23,1001.42,7550551,425521.0,441554.0,986.2,1012.8,981.3,986.2,120492000,1084.8,887.6,1102.5,649.1,1011.4,58,4,1011.3,582,7,1011.2,572,5,1011.1,600,9,1011.0,3631,17,1011.5,2,1,1011.6,84,5,1011.7,2580,10,1011.8,788,12,1011.9,1712,14
317,2025-11-26 13:59:03+05:30,1011.4,16,1001.42,7550600,424936.0,440709.0,986.2,1012.8,981.3,986.2,120492000,1084.8,887.6,1102.5,649.1,1011.4,58,4,1011.3,582,7,1011.2,207,5,1011.1,1170,11,1011.0,3631,17,1011.6,54,4,1011.7,2455,8,1011.8,586,11,1011.9,1724,14,1012.0,3796,36
317,2025-11-26 13:59:04+05:30,1011.4,16,1001.42,7550600,424936.0,440709.0,986.2,1012.8,981.3,986.2,120492000,1084.8,887.6,1102.5,649.1,1011.4,58,4,1011.3,582,7,1011.2,207,5,1011.1,1170,11,1011.0,3631,17,1011.6,54,4,1011.7,2455,8,1011.8,586,11,1011.9,1724,14,1012.0,3796,36
317,2025-11-26 13:59:04+05:30,1011.6,8,1001.42,7550600,424936.0,440709.0,986.2,1012.8,981.3,986.2,120492000,1084.8,887.6,1102.5,649.1,1011.4,58,4,1011.3,582,7,1011.2,207,5,1011.1,1170,11,1011.0,3631,17,1011.6,54,4,1011.7,2455,8,1011.8,586,11,1011.9,1724,14,1012.0,3796,36
317,2025-11-26 13:59:04+05:30,1011.6,8,1001.42,7550600,424936.0,440709.0,986.2,1012.8,981.3,986.2,120492000,1084.8,887.6,1102.5,649.1,1011.4,58,4,1011.3,582,7,1011.2,207,5,1011.1,1170,11,1011.0,3631,17,1011.6,54,4,1011.7,2455,8,1011.8,586,11,1011.9,1724,14,1012.0,3796,36
317,2025-11-26 13:59:04+05:30,1011.6,8,1001.42,7550823,424936.0,440641.0,986.2,1012.8,981.3,986.2,120492000,1084.8,887.6,1102.5,649.1,1011.4,58,4,1011.3,582,7,1011.2,57,3,1011.1,1188,12,1011.0,3631,17,1011.6,165,3,1011.7,2321,7,1011.8,586,11,1011.9,1724,14,1012.0,3796,36
317,2025-11-26 13:59:05+05:30,1011.6,8,1001.42,7550823,424936.0,440641.0,986.2,1012.8,981.3,986.2,120492000,1084.8,887.6,1102.5,649.1,1011.4,58,4,1011.3,582,7,1011.2,57,3,1011.1,1188,12,1011.0,3631,17,1011.6,165,3,1011.7,2321,7,1011.8,586,11,1011.9,1724,14,1012.0,3796,36
317,2025-11-26 13:59:05+05:30,1011.6,2,1001.42,7550823,424936.0,440641.0,986.2,1012.8,981.3,986.2,120492000,1084.8,887.6,1102.5,649.1,1011.4,58,4,1011.3,582,7,1011.2,57,3,1011.1,1188,12,1011.0,3631,17,1011.6,165,3,1011.7,2321,7,1011.8,586,11,1011.9,1724,14,1012.0,3796,36
317,2025-11-26 13:59:05+05:30,1011.6,2,1001.42,7550823,424936.0,440641.0,986.2,1012.8,981.3,986.2,120492000,1084.8,887.6,1102.5,649.1,1011.4,58,4,1011.3,582,7,1011.2,57,3,1011.1,1188,12,1011.0,3631,17,1011.6,165,3,1011.7,2321,7,1011.8,586,11,1011.9,1724,14,1012.0,3796,36
317,2025-11-26 13:59:05+05:30,1011.6,2,1001.42,7550823,424936.0,440641.0,986.2,1012.8,981.3,986.2,120479250,1084.8,887.6,1102.5,649.1,1011.4,58,4,1011.3,582,7,1011.2,57,3,1011.1,1188,12,1011.0,3631,17,1011.6,165,3,1011.7,2321,7,1011.8,586,11,1011.9,1724,14,1012.0,3796,36
317,2025-11-26 13:59:05+05:30,1011.6,1,1001.42,7550826,424936.0,440174.0,986.2,1012.8,981.3,986.2,120479250,1084.8,887.6,1102.5,649.1,1011.4,58,4,1011.3,582,7,1011.2,57,3,1011.1,1170,11,1011.0,3649,18,1011.6,162,3,1011.7,2435,9,1011.8,717,13,1011.9,1229,13,1012.0,3796,36
317,2025-11-26 13:59:06+05:30,1011.6,1,1001.42,7550826,424936.0,440174.0,986.2,1012.8,981.3,986.2,120479250,1084.8,887.6,1102.5,649.1,1011.4,58,4,1011.3,582,7,1011.2,57,3,1011.1,1170,11,1011.0,3649,18,1011.6,162,3,1011.7,2435,9,1011.8,717,13,1011.9,1229,13,1012.0,3796,36
317,2025-11-26 13:59:06+05:30,1011.6,1,1001.42,7550826,424936.0,440174.0,986.2,1012.8,981.3,986.2,120479250,1084.8,887.6,1102.5,649.1,1011.4,58,4,1011.3,582,7,1011.2,57,3,1011.1,1170,11,1011.0,3649,18,1011.6,162,3,1011.7,2435,9,1011.8,717,13,1011.9,1229,13,1012.0,3796,36
317,2025-11-26 13:59:06+05:30,1011.6,1,1001.42,7550826,424936.0,440174.0,986.2,1012.8,981.3,986.2,120479250,1084.8,887.6,1102.5,649.1,1011.4,58,4,1011.3,582,7,1011.2,57,3,1011.1,1170,11,1011.0,3649,18,1011.6,162,3,1011.7,2435,9,1011.8,717,13,1011.9,1229,13,1012.0,3796,36
317,2025-11-26 13:59:06+05:30,1011.6,1,1001.42,7550826,424936.0,440740.0,986.2,1012.8,981.3,986.2,120479250,1084.8,887.6,1102.5,649.1,1011.4,58,4,1011.3,582,7,1011.2,57,3,1011.1,1170,11,1011.0,3649,18,1011.6,162,3,1011.7,2435,9,1011.8,749,14,1011.9,1763,14,1012.0,3796,36
317,2025-11-26 13:59:07+05:30,1011.6,1,1001.42,7550826,425244.0,440851.0,986.2,1012.8,981.3,986.2,120479250,1084.8,887.6,1102.5,649.1,1011.4,58,4,1011.3,582,7,1011.2,57,3,1011.1,1170,11,1011.0,3649,18,1011.6,273,5,1011.7,2435,9,1011.8,749,14,1011.9,1763,14,1012.0,3796,36
317,2025-11-26 13:59:08+05:30,1011.4,1,1001.42,7550826,425244.0,440851.0,986.2,1012.8,981.3,986.2,120479250,1084.8,887.6,1102.5,649.1,1011.4,58,4,1011.3,582,7,1011.2,57,3,1011.1,1170,11,1011.0,3649,18,1011.6,273,5,1011.7,2435,9,1011.8,749,14,1011.9,1763,14,1012.0,3796,36
317,2025-11-26 13:59:08+05:30,1011.4,1,1001.42,7550827,425689.0,440593.0,986.2,1012.8,981.3,986.2,120479250,1084.8,887.6,1102.5,649.1,1011.4,57,4,1011.3,541,6,1011.2,57,3,1011.1,1215,12,1011.0,3649,18,1011.5,6,1,1011.6,273,5,1011.7,2397,8,1011.8,687,12,1011.9,1777,14
317,2025-11-26 13:59:09+05:30,1011.6,58,1001.42,7550827,425689.0,440593.0,986.2,1012.8,981.3,986.2,120479250,1084.8,887.6,1102.5,649.1,1011.4,57,4,1011.3,541,6,1011.2,57,3,1011.1,1215,12,1011.0,3649,18,1011.5,6,1,1011.6,273,5,1011.7,2397,8,1011.8,687,12,1011.9,1777,14
317,2025-11-26 13:59:09+05:30,1011.6,58,1001.42,7551031,424953.0,440678.0,986.2,1012.8,981.3,986.2,120479250,1084.8,887.6,1102.5,649.1,1011.4,57,4,1011.3,525,5,1011.2,294,4,1011.1,1215,12,1011.0,3649,18,1011.6,209,5,1011.7,2269,7,1011.8,724,13,1011.9,1480,13,1012.0,3768,35
317,2025-11-26 13:59:10+05:30,1011.6,1,1001.42,7551031,424953.0,440678.0,986.2,1012.8,981.3,986.2,120479250,1084.8,887.6,1102.5,649.1,1011.4,57,4,1011.3,525,5,1011.2,294,4,1011.1,1215,12,1011.0,3649,18,1011.6,209,5,1011.7,2269,7,1011.8,724,13,1011.9,1480,13,1012.0,3768,35
317,2025-11-26 13:59:10+05:30,1011.6,1,1001.42,7551032,425146.0,440488.0,986.2,1012.8,981.3,986.2,120479250,1084.8,887.6,1102.5,649.1,1011.4,57,4,1011.3,525,5,1011.2,294,4,1011.1,1215,12,1011.0,3649,18,1011.6,208,5,1011.7,2269,7,1011.8,724,13,1011.9,1737,14,1012.0,3771,36
317,2025-11-26 13:59:11+05:30,1011.6,2,1001.42,7551032,425146.0,440488.0,986.2,1012.8,981.3,986.2,120479250,1084.8,887.6,1102.5,649.1,1011.4,57,4,1011.3,525,5,1011.2,294,4,1011.1,1215,12,1011.0,3649,18,1011.6,208,5,1011.7,2269,7,1011.8,724,13,1011.9,1737,14,1012.0,3771,36
317,2025-11-26 13:59:11+05:30,1011.4,1,1001.42,7551035,425491.0,440531.0,986.2,1012.8,981.3,986.2,120479250,1084.8,887.6,1102.5,649.1,1011.4,56,4,1011.3,525,5,1011.2,332,5,1011.1,1215,12,1011.0,3649,18,1011.6,206,5,1011.7,2043,4,1011.8,634,11,1011.9,1188,12,1012.0,3783,36
317,2025-11-26 13:59:12+05:30,1011.4,1,1001.42,7551035,425491.0,440531.0,986.2,1012.8,981.3,986.2,120479250,1084.8,887.6,1102.5,649.1,1011.4,56,4,1011.3,525,5,1011.2,332,5,1011.1,1215,12,1011.0,3649,18,1011.6,206,5,1011.7,2043,4,1011.8,634,11,1011.9,1188,12,1012.0,3783,36
317,2025-11-26 13:59:12+05:30,1011.4,22,1001.42,7551117,424949.0,440599.0,986.2,1012.8,981.3,986.2,120479250,1084.8,887.6,1102.5,649.1,1011.4,6,1,1011.3,525,5,1011.2,200,4,1011.1,1214,12,1011.0,3648,18,1011.6,196,5,1011.7,2175,5,1011.8,721,13,1011.9,1738,14,1012.0,3783,36
317,2025-11-26 13:59:13+05:30,1011.6,18,1001.42,7551117,424949.0,440599.0,986.2,1012.8,981.3,986.2,120479250,1084.8,887.6,1102.5,649.1,1011.4,6,1,1011.3,525,5,1011.2,200,4,1011.1,1214,12,1011.0,3648,18,1011.6,196,5,1011.7,2175,5,1011.8,721,13,1011.9,1738,14,1012.0,3783,36
317,2025-11-26 13:59:13+05:30,1011.6,18,1001.42,7551140,424949.0,440609.0,986.2,1012.8,981.3,986.2,120479250,1084.8,887.6,1102.5,649.1,1011.4,6,1,1011.3,525,5,1011.2,200,4,1011.1,1214,12,1011.0,3648,18,1011.6,173,3,1011.7,2175,5,1011.8,751,14,1011.9,1738,14,1012.0,3786,37
317,2025-11-26 13:59:14+05:30,1011.4,62,1001.42,7551140,424949.0,440609.0,986.2,1012.8,981.3,986.2,120479250,1084.8,887.6,1102.5,649.1,1011.4,6,1,1011.3,525,5,1011.2,200,4,1011.1,1214,12,1011.0,3648,18,1011.6,173,3,1011.7,2175,5,1011.8,751,14,1011.9,1738,14,1012.0,3786,37
317,2025-11-26 13:59:14+05:30,1011.4,62,1001.42,7551218,424794.0,440265.0,986.2,1012.8,981.3,986.2,120479250,1084.8,887.6,1102.5,649.1,1011.4,50,1,1011.3,525,5,1011.2,191,5,1011.1,1213,12,1011.0,3601,17,1011.6,174,4,1011.7,2212,6,1011.8,751,14,1011.9,1702,15,1012.0,3783,36
317,2025-11-26 13:59:15+05:30,1011.6,3,1001.42,7551218,424794.0,440265.0,986.2,1012.8,981.3,986.2,120479250,1084.8,887.6,1102.5,649.1,1011.4,50,1,1011.3,525,5,1011.2,191,5,1011.1,1213,12,1011.0,3601,17,1011.6,174,4,1011.7,2212,6,1011.8,751,14,1011.9,1702,15,1012.0,3783,36
317,2025-11-26 13:59:15+05:30,1011.6,1,1001.42,7551225,424800.0,440366.0,986.2,1012.8,981.3,986.2,120479250,1084.8,887.6,1102.5,649.1,1011.4,56,2,1011.3,525,5,1011.2,191,5,1011.1,1213,12,1011.0,3601,17,1011.6,277,5,1011.7,2212,6,1011.8,749,14,1011.9,1702,15,1012.0,3783,36
317,2025-11-26 13:59:16+05:30,1011.6,1,1001.42,7551225,424800.0,440366.0,986.2,1012.8,981.3,986.2,120479250,1084.8,887.6,1102.5,649.1,1011.4,56,2,1011.3,525,5,1011.2,191,5,1011.1,1213,12,1011.0,3601,17,1011.6,277,5,1011.7,2212,6,1011.8,749,14,1011.9,1702,15,1012.0,3783,36
317,2025-11-26 13:59:16+05:30,1011.6,1,1001.42,7551225,424758.0,439941.0,986.2,1012.8,981.3,986.2,120479250,1084.8,887.6,1102.5,649.1,1011.4,69,3,1011.3,525,5,1011.2,191,5,1011.1,678,11,1011.0,3601,17,1011.6,277,5,1011.7,2261,7,1011.8,749,14,1011.9,1228,14,1012.0,5424,38
317,2025-11-26 13:59:17+05:30,1011.6,4,1001.42,7551225,424758.0,439941.0,986.2,1012.8,981.3,986.2,120479250,1084.8,887.6,1102.5,649.1,1011.4,69,3,1011.3,525,5,1011.2,191,5,1011.1,678,11,1011.0,3601,17,1011.6,277,5,1011.7,2261,7,1011.8,749,14,1011.9,1228,14,1012.0,5424,38
317,2025-11-26 13:59:17+05:30,1011.6,4,1001.42,7551299,423410.0,440932.0,986.2,1012.8,981.3,986.2,120479250,1084.8,887.6,1102.5,649.1,1011.4,6,1,1011.3,51,4,1011.2,6,1,1011.1,265,4,1011.0,3389,12,1011.6,646,10,1011.7,2487,10,1011.8,1060,16,1011.9,936,13,1012.0,5358,39
317,2025-11-26 13:59:18+05:30,1011.6,4,1001.42,7551299,422553.0,440985.0,986.2,1012.8,981.3,986.2,120479250,1084.8,887.6,1102.5,649.1,1011.4,6,1,1011.3,51,4,1011.2,6,1,1011.1,265,4,1011.0,3389,12,1011.5,10,1,1011.6,846,11,1011.7,2500,11,1011.8,1047,15,1011.9,936,13
317,2025-11-26 13:59:20+05:30,1011.5,1,1001.42,7551299,422553.0,440985.0,986.2,1012.8,981.3,986.2,120479250,1084.8,887.6,1102.5,649.1,1011.4,6,1,1011.3,51,4,1011.2,6,1,1011.1,265,4,1011.0,3389,12,1011.5,10,1,1011.6,846,11,1011.7,2500,11,1011.8,1047,15,1011.9,936,13
317,2025-11-26 13:59:22+05:30,1011.5,1,1001.42,7551426,422329.0,441097.0,986.2,1012.8,981.3,986.2,120479250,1084.8,887.6,1102.5,649.1,1011.4,2,1,1011.3,84,4,1011.2,6,1,1011.1,114,2,1011.0,3393,13,1011.5,129,3,1011.6,536,11,1011.7,2619,12,1011.8,982,12,1011.9,1065,14
317,2025-11-26 13:59:22+05:30,1011.5,1,1001.42,7551426,422329.0,441097.0,986.2,1012.8,981.3,986.2,120479250,1084.8,887.6,1102.5,649.1,1011.4,2,1,1011.3,84,4,1011.2,6,1,1011.1,114,2,1011.0,3393,13,1011.5,129,3,1011.6,536,11,1011.7,2619,12,1011.8,982,12,1011.9,1065,14
317,2025-11-26 13:59:24+05:30,1011.5,1,1001.42,7551426,422329.0,441097.0,986.2,1012.8,981.3,986.2,120479250,1084.8,887.6,1102.5,649.1,1011.4,2,1,1011.3,84,4,1011.2,6,1,1011.1,114,2,1011.0,3393,13,1011.5,129,3,1011.6,536,11,1011.7,2619,12,1011.8,982,12,1011.9,1065,14
317,2025-11-26 13:59:26+05:30,1011.5,10,1001.42,7551722,422855.0,440342.0,986.2,1012.8,981.3,986.2,120479250,1084.8,887.6,1102.5,649.1,1011.5,11,1,1011.4,61,3,1011.3,40,3,1011.2,273,3,1011.1,857,5,1011.6,539,8,1011.7,2485,9,1011.8,995,13,1011.9,992,13,1012.0,5591,40
317,2025-11-26 13:59:26+05:30,1011.5,10,1001.42,7551722,422855.0,440342.0,986.2,1012.8,981.3,986.2,120479250,1084.8,887.6,1102.5,649.1,1011.5,11,1,1011.4,61,3,1011.3,40,3,1011.2,273,3,1011.1,857,5,1011.6,539,8,1011.7,2485,9,1011.8,995,13,1011.9,992,13,1012.0,5591,40
317,2025-11-26 13:59:28+05:30,1011.5,1,1001.42,7551722,422855.0,440342.0,986.2,1012.8,981.3,986.2,120479250,1084.8,887.6,1102.5,649.1,1011.5,11,1,1011.4,61,3,1011.3,40,3,1011.2,273,3,1011.1,857,5,1011.6,539,8,1011.7,2485,9,1011.8,995,13,1011.9,992,13,1012.0,5591,40
317,2025-11-26 13:59:29+05:30,1011.5,1,1001.43,7551909,422175.0,441304.0,986.2,1012.8,981.3,986.2,120479250,1084.8,887.6,1102.5,649.1,1011.5,22,1,1011.4,55,2,1011.3,40,3,1011.2,1870,4,1011.1,460,5,1011.6,631,10,1011.7,2546,10,1011.8,995,13,1011.9,1017,14,1012.0,5787,42
317,2025-11-26 13:59:30+05:30,1011.6,1,1001.43,7551909,422175.0,441304.0,986.2,1012.8,981.3,986.2,120479250,1084.8,887.6,1102.5,649.1,1011.5,22,1,1011.4,55,2,1011.3,40,3,1011.2,1870,4,1011.1,460,5,1011.6,631,10,1011.7,2546,10,1011.8,995,13,1011.9,1017,14,1012.0,5787,42
317,2025-11-26 13:59:32+05:30,1011.6,1,1001.43,7551909,422175.0,441304.0,986.2,1012.8,981.3,986.2,120479250,1084.8,887.6,1102.5,649.1,1011.5,22,1,1011.4,55,2,1011.3,40,3,1011.2,1870,4,1011.1,460,5,1011.6,631,10,1011.7,2546,10,1011.8,995,13,1011.9,1017,14,1012.0,5787,42
317,2025-11-26 13:59:33+05:30,1011.5,13,1001.43,7552035,422170.0,440488.0,986.2,1012.8,981.3,986.2,120479250,1084.8,887.6,1102.5,649.1,1011.4,55,2,1011.3,32,2,1011.2,1945,8,1011.1,441,5,1011.0,1801,12,1011.5,15,1,1011.6,404,7,1011.7,2323,7,1011.8,969,11,1011.9,1011,14
317,2025-11-26 13:59:34+05:30,1011.5,13,1001.43,7552035,422170.0,440488.0,986.2,1012.8,981.3,986.2,120479250,1084.8,887.6,1102.5,649.1,1011.4,55,2,1011.3,32,2,1011.2,1945,8,1011.1,441,5,1011.0,1801,12,1011.5,15,1,1011.6,404,7,1011.7,2323,7,1011.8,969,11,1011.9,1011,14
317,2025-11-26 13:59:36+05:30,1011.5,1,1001.43,7552035,422170.0,440488.0,986.2,1012.8,981.3,986.2,120479250,1084.8,887.6,1102.5,649.1,1011.4,55,2,1011.3,32,2,1011.2,1945,8,1011.1,441,5,1011.0,1801,12,1011.5,15,1,1011.6,404,7,1011.7,2323,7,1011.8,969,11,1011.9,1011,14
317,2025-11-26 13:59:37+05:30,1011.4,65,1001.43,7552224,422307.0,440821.0,986.2,1012.8,981.3,986.2,120479250,1084.8,887.6,1102.5,649.1,1011.4,49,1,1011.3,32,2,1011.2,1885,7,1011.1,406,4,1011.0,1967,14,1011.6,626,9,1011.7,2392,9,1011.8,969,11,1011.9,987,13,1012.0,5914,46
317,2025-11-26 13:59:38+05:30,1011.4,65,1001.43,7552224,422307.0,440821.0,986.2,1012.8,981.3,986.2,120479250,1084.8,887.6,1102.5,649.1,1011.4,49,1,1011.3,32,2,1011.2,1885,7,1011.1,406,4,1011.0,1967,14,1011.6,626,9,1011.7,2392,9,1011.8,969,11,1011.9,987,13,1012.0,5914,46
317,2025-11-26 13:59:40+05:30,1011.5,1,1001.43,7552224,422307.0,440821.0,986.2,1012.8,981.3,986.2,120479250,1084.8,887.6,1102.5,649.1,1011.4,49,1,1011.3,32,2,1011.2,1885,7,1011.1,406,4,1011.0,1967,14,1011.6,626,9,1011.7,2392,9,1011.8,969,11,1011.9,987,13,1012.0,5914,46
317,2025-11-26 13:59:41+05:30,1011.5,2,1001.43,7552279,421858.0,441238.0,986.2,1012.8,981.3,986.2,120479250,1084.8,887.6,1102.5,649.1,1011.3,32,2,1011.2,1849,6,1011.1,301,3,1011.0,1967,14,1010.9,863,11,1011.5,80,3,1011.6,879,12,1011.7,2376,9,1011.8,969,11,1011.9,987,13
317,2025-11-26 13:59:45+05:30,1011.6,2,1001.43,7552832,421864.0,440644.0,986.2,1012.8,981.3,986.2,120479250,1084.8,887.6,1102.5,649.1,1011.5,1,1,1011.3,6,1,1011.2,1849,6,1011.1,409,4,1011.0,1971,15,1011.6,739,11,1011.7,2399,9,1011.8,973,12,1011.9,946,18,1012.0,5851,40
317,2025-11-26 13:59:46+05:30,1011.6,1,1001.43,7552832,421864.0,440644.0,986.2,1012.8,981.3,986.2,120479250,1084.8,887.6,1102.5,649.1,1011.5,1,1,1011.3,6,1,1011.2,1849,6,1011.1,409,4,1011.0,1971,15,1011.6,739,11,1011.7,2399,9,1011.8,973,12,1011.9,946,18,1012.0,5851,40
317,2025-11-26 13:59:48+05:30,1011.6,15,1001.43,7552832,421864.0,440644.0,986.2,1012.8,981.3,986.2,120479250,1084.8,887.6,1102.5,649.1,1011.5,1,1,1011.3,6,1,1011.2,1849,6,1011.1,409,4,1011.0,1971,15,1011.6,739,11,1011.7,2399,9,1011.8,973,12,1011.9,946,18,1012.0,5851,40
317,2025-11-26 13:59:49+05:30,1011.5,16,1001.43,7552927,421773.0,440816.0,986.2,1012.8,981.3,986.2,120479250,1084.8,887.6,1102.5,649.1,1011.4,10,2,1011.3,48,2,1011.2,1833,3,1011.1,402,6,1011.0,1973,16,1011.5,13,1,1011.6,968,11,1011.7,2263,7,1011.8,966,12,1011.9,886,16
317,2025-11-26 13:59:50+05:30,1011.4,1,1001.43,7552927,421773.0,440816.0,986.2,1012.8,981.3,986.2,120479250,1084.8,887.6,1102.5,649.1,1011.4,10,2,1011.3,48,2,1011.2,1833,3,1011.1,402,6,1011.0,1973,16,1011.5,13,1,1011.6,968,11,1011.7,2263,7,1011.8,966,12,1011.9,886,16
317,2025-11-26 13:59:52+05:30,1011.4,12,1001.43,7552927,421773.0,440816.0,986.2,1012.8,981.3,986.2,120479250,1084.8,887.6,1102.5,649.1,1011.4,10,2,1011.3,48,2,1011.2,1833,3,1011.1,402,6,1011.0,1973,16,1011.5,13,1,1011.6,968,11,1011.7,2263,7,1011.8,966,12,1011.9,886,16
317,2025-11-26 13:59:52+05:30,1011.4,5,1001.43,7553028,421946.0,441102.0,986.2,1012.8,981.3,986.2,120479250,1084.8,887.6,1102.5,649.1,1011.4,3,1,1011.3,48,2,1011.2,1864,4,1011.1,425,6,1011.0,2004,17,1011.5,40,4,1011.6,821,9,1011.7,2219,6,1011.8,959,12,1011.9,1352,17
317,2025-11-26 13:59:54+05:30,1011.4,18,1001.43,7553028,421946.0,441102.0,986.2,1012.8,981.3,986.2,120479250,1084.8,887.6,1102.5,649.1,1011.4,3,1,1011.3,48,2,1011.2,1864,4,1011.1,425,6,1011.0,2004,17,1011.5,40,4,1011.6,821,9,1011.7,2219,6,1011.8,959,12,1011.9,1352,17
317,2025-11-26 13:59:56+05:30,1011.5,2,1001.43,7553028,421946.0,441102.0,986.2,1012.8,981.3,986.2,120479250,1084.8,887.6,1102.5,649.1,1011.4,3,1,1011.3,48,2,1011.2,1864,4,1011.1,425,6,1011.0,2004,17,1011.5,40,4,1011.6,821,9,1011.7,2219,6,1011.8,959,12,1011.9,1352,17
317,2025-11-26 13:59:56+05:30,1011.5,2,1001.43,7553246,422635.0,440528.0,986.2,1012.8,981.3,986.2,120479250,1084.8,887.6,1102.5,649.1,1011.3,51,3,1011.2,1919,4,1011.1,506,7,1011.0,2003,17,1010.9,867,10,1011.5,14,2,1011.6,821,9,1011.7,2260,7,1011.8,946,11,1011.9,829,16
317,2025-11-26 14:00:00+05:30,1011.4,1,1001.43,7553246,422635.0,440528.0,986.2,1012.8,981.3,986.2,120479250,1084.8,887.6,1102.5,649.1,1011.3,51,3,1011.2,1919,4,1011.1,506,7,1011.0,2003,17,1010.9,867,10,1011.5,14,2,1011.6,821,9,1011.7,2260,7,1011.8,946,11,1011.9,829,16
317,2025-11-26 14:00:00+05:30,1011.4,1,1001.43,7553248,422861.0,441339.0,986.2,1012.8,981.3,986.2,120479250,1084.8,887.6,1102.5,649.1,1011.3,46,3,1011.2,1949,5,1011.1,382,5,1011.0,2031,19,1010.9,867,10,1011.4,6,1,1011.5,14,2,1011.6,2575,9,1011.7,588,6,1011.8,1530,12
317,2025-11-26 14:00:02+05:30,1011.3,5,1001.43,7553248,422861.0,441339.0,986.2,1012.8,981.3,986.2,120479250,1084.8,887.6,1102.5,649.1,1011.3,46,3,1011.2,1949,5,1011.1,382,5,1011.0,2031,19,1010.9,867,10,1011.4,6,1,1011.5,14,2,1011.6,2575,9,1011.7,588,6,1011.8,1530,12
317,2025-11-26 14:00:05+05:30,1011.5,2,1001.43,7553712,423829.0,439580.0,986.2,1012.8,981.3,986.2,120479250,1084.8,887.6,1102.5,649.1,1011.4,53,2,1011.3,341,5,1011.2,2684,11,1011.1,585,8,1011.0,2024,18,1011.5,44,1,1011.6,2430,7,1011.7,200,1,1011.8,458,7,1011.9,972,9
317,2025-11-26 14:00:05+05:30,1011.5,2,1001.43,7553712,423829.0,439580.0,986.2,1012.8,981.3,986.2,120479250,1084.8,887.6,1102.5,649.1,1011.4,53,2,1011.3,341,5,1011.2,2684,11,1011.1,585,8,1011.0,2024,18,1011.5,44,1,1011.6,2430,7,1011.7,200,1,1011.8,458,7,1011.9,972,9
317,2025-11-26 14:00:07+05:30,1011.5,1,1001.43,7553712,423829.0,439580.0,986.2,1012.8,981.3,986.2,120479250,1084.8,887.6,1102.5,649.1,1011.4,53,2,1011.3,341,5,1011.2,2684,11,1011.1,585,8,1011.0,2024,18,1011.5,44,1,1011.6,2430,7,1011.7,200,1,1011.8,458,7,1011.9,972,9
317,2025-11-26 14:00:09+05:30,1011.4,93,1001.43,7553843,425386.0,440257.0,986.2,1012.8,981.3,986.2,120479250,1084.8,887.6,1102.5,649.1,1011.3,262,3,1011.2,2638,10,1011.1,515,10,1011.0,2183,20,1010.9,893,11,1011.4,8,1,1011.5,3396,4,1011.6,2431,8,1011.7,438,3,1011.8,839,11
317,2025-11-26 14:00:09+05:30,1011.4,93,1001.43,7553843,425386.0,440257.0,986.2,1012.8,981.3,986.2,120479250,1084.8,887.6,1102.5,649.1,1011.3,262,3,1011.2,2638,10,1011.1,515,10,1011.0,2183,20,1010.9,893,11,1011.4,8,1,1011.5,3396,4,1011.6,2431,8,1011.7,438,3,1011.8,839,11
317,2025-11-26 14:00:11+05:30,1011.4,2,1001.43,7553843,425386.0,440257.0,986.2,1012.8,981.3,986.2,120479250,1084.8,887.6,1102.5,649.1,1011.3,262,3,1011.2,2638,10,1011.1,515,10,1011.0,2183,20,1010.9,893,11,1011.4,8,1,1011.5,3396,4,1011.6,2431,8,1011.7,438,3,1011.8,839,11
317,2025-11-26 14:00:13+05:30,1011.4,1,1001.43,7553880,425736.0,440046.0,986.2,1012.8,981.3,986.2,120479250,1084.8,887.6,1102.5,649.1,1011.3,302,4,1011.2,2519,9,1011.1,515,10,1011.0,2181,20,1010.9,893,11,1011.4,3,1,1011.5,3462,6,1011.6,2412,8,1011.7,458,4,1011.8,841,12
317,2025-11-26 14:00:13+05:30,1011.4,1,1001.43,7553880,425736.0,440046.0,986.2,1012.8,981.3,986.2,120479250,1084.8,887.6,1102.5,649.1,1011.3,302,4,1011.2,2519,9,1011.1,515,10,1011.0,2181,20,1010.9,893,11,1011.4,3,1,1011.5,3462,6,1011.6,2412,8,1011.7,458,4,1011.8,841,12
317,2025-11-26 14:00:15+05:30,1011.4,2,1001.43,7553880,425736.0,440046.0,986.2,1012.8,981.3,986.2,120479250,1084.8,887.6,1102.5,649.1,1011.3,302,4,1011.2,2519,9,1011.1,515,10,1011.0,2181,20,1010.9,893,11,1011.4,3,1,1011.5,3462,6,1011.6,2412,8,1011.7,458,4,1011.8,841,12
317,2025-11-26 14:00:17+05:30,1011.5,2,1001.43,7554016,424657.0,440129.0,986.2,1012.8,981.3,986.2,120479250,1084.8,887.6,1102.5,649.1,1011.4,62,1,1011.3,79,4,1011.2,2499,8,1011.1,610,10,1011.0,2206,22,1011.5,5489,8,1011.6,611,7,1011.7,346,3,1011.8,789,10,1011.9,716,10
317,2025-11-26 14:00:17+05:30,1011.5,2,1001.43,7554016,424657.0,440129.0,986.2,1012.8,981.3,986.2,120479250,1084.8,887.6,1102.5,649.1,1011.4,62,1,1011.3,79,4,1011.2,2499,8,1011.1,610,10,1011.0,2206,22,1011.5,5489,8,1011.6,611,7,1011.7,346,3,1011.8,789,10,1011.9,716,10
317,2025-11-26 14:00:19+05:30,1011.4,56,1001.43,7554016,424657.0,440129.0,986.2,1012.8,981.3,986.2,120479250,1084.8,887.6,1102.5,649.1,1011.4,62,1,1011.3,79,4,1011.2,2499,8,1011.1,610,10,1011.0,2206,22,1011.5,5489,8,1011.6,611,7,1011.7,346,3,1011.8,789,10,1011.9,716,10
317,2025-11-26 14:00:20+05:30,1011.5,1,1001.43,7554016,424657.0,440129.0,986.2,1012.8,981.3,986.2,120479250,1084.8,887.6,1102.5,649.1,1011.4,62,1,1011.3,79,4,1011.2,2499,8,1011.1,610,10,1011.0,2206,22,1011.5,5489,8,1011.6,611,7,1011.7,346,3,1011.8,789,10,1011.9,716,10
317,2025-11-26 14:00:20+05:30,1011.5,1,1001.43,7554088,424125.0,439967.0,986.2,1012.8,981.3,986.2,120479250,1084.8,887.6,1102.5,649.1,1011.4,6,1,1011.3,20,2,1011.2,2412,7,1011.1,610,10,1011.0,2131,22,1011.5,5473,8,1011.6,480,6,1011.7,424,4,1011.8,818,11,1011.9,716,10
317,2025-11-26 14:00:21+05:30,1011.5,1,1001.43,7554089,423755.0,440061.0,986.2,1012.8,981.3,986.2,120479250,1084.8,887.6,1102.5,649.1,1011.4,8,2,1011.3,59,3,1011.2,2412,7,1011.1,610,10,1011.0,1647,21,1011.5,5603,9,1011.6,481,7,1011.7,424,4,1011.8,818,11,1011.9,703,9
317,2025-11-26 14:00:21+05:30,1011.5,1,1001.43,7554089,423755.0,440061.0,986.2,1012.8,981.3,986.2,120479250,1084.8,887.6,1102.5,649.1,1011.4,8,2,1011.3,59,3,1011.2,2412,7,1011.1,610,10,1011.0,1647,21,1011.5,5603,9,1011.6,481,7,1011.7,424,4,1011.8,818,11,1011.9,703,9
317,2025-11-26 14:00:22+05:30,1011.5,2,1001.43,7554091,424066.0,440426.0,986.2,1012.8,981.3,986.2,120479250,1084.8,887.6,1102.5,649.1,1011.4,13,3,1011.3,46,2,1011.2,2431,8,1011.1,610,10,1011.0,2197,21,1011.5,5722,10,1011.6,481,7,1011.7,541,6,1011.8,965,12,1011.9,703,9
317,2025-11-26 14:00:22+05:30,1011.5,2,1001.43,7554091,424066.0,440426.0,986.2,1012.8,981.3,986.2,120479250,1084.8,887.6,1102.5,649.1,1011.4,13,3,1011.3,46,2,1011.2,2431,8,1011.1,610,10,1011.0,2197,21,1011.5,5722,10,1011.6,481,7,1011.7,541,6,1011.8,965,12,1011.9,703,9
317,2025-11-26 14:00:23+05:30,1011.5,15,1001.43,7554121,423998.0,440475.0,986.2,1012.8,981.3,986.2,120479250,1084.8,887.6,1102.5,649.1,1011.4,13,3,1011.3,46,2,1011.2,2412,7,1011.1,629,11,1011.0,2129,21,1011.5,5738,10,1011.6,481,7,1011.7,512,5,1011.8,943,11,1011.9,703,9
317,2025-11-26 14:00:23+05:30,1011.5,15,1001.43,7554121,423998.0,440475.0,986.2,1012.8,981.3,986.2,120479250,1084.8,887.6,1102.5,649.1,1011.4,13,3,1011.3,46,2,1011.2,2412,7,1011.1,629,11,1011.0,2129,21,1011.5,5738,10,1011.6,481,7,1011.7,512,5,1011.8,943,11,1011.9,703,9
317,2025-11-26 14:00:24+05:30,1011.5,223,1001.43,7554424,423461.0,440017.0,986.2,1012.8,981.3,986.2,120479250,1084.8,887.6,1102.5,649.1,1011.4,8,1,1011.2,2410,8,1011.1,608,9,1011.0,1633,21,1010.9,893,11,1011.5,5515,10,1011.6,350,6,1011.7,541,6,1011.8,956,12,1011.9,663,8
317,2025-11-26 14:00:24+05:30,1011.5,223,1001.43,7554424,423461.0,440017.0,986.2,1012.8,981.3,986.2,120479250,1084.8,887.6,1102.5,649.1,1011.4,8,1,1011.2,2410,8,1011.1,608,9,1011.0,1633,21,1010.9,893,11,1011.5,5515,10,1011.6,350,6,1011.7,541,6,1011.8,956,12,1011.9,663,8
317,2025-11-26 14:00:25+05:30,1011.5,11,1001.43,7554450,423407.0,440040.0,986.2,1012.8,981.3,986.2,120479250,1084.8,887.6,1102.5,649.1,1011.4,8,1,1011.2,2410,8,1011.1,608,9,1011.0,1554,16,1010.9,893,11,1011.5,5489,10,1011.6,350,6,1011.7,541,6,1011.8,954,11,1011.9,729,13
317,2025-11-26 14:00:25+05:30,1011.5,11,1001.43,7554450,423407.0,440040.0,986.2,1012.8,981.3,986.2,120479250,1084.8,887.6,1102.5,649.1,1011.4,8,1,1011.2,2410,8,1011.1,608,9,1011.0,1554,16,1010.9,893,11,1011.5,5489,10,1011.6,350,6,1011.7,541,6,1011.8,954,11,1011.9,729,13
317,2025-11-26 14:00:26+05:30,1011.5,2,1001.43,7554652,423551.0,440023.0,986.2,1012.8,981.3,986.2,120479250,1084.8,887.6,1102.5,649.1,1011.2,2306,9,1011.1,558,8,1011.0,2012,16,1010.9,855,10,1010.8,1804,18,1011.5,5618,11,1011.6,476,7,1011.7,541,6,1011.8,954,11,1011.9,768,14
317,2025-11-26 14:00:26+05:30,1011.5,2,1001.43,7554652,423551.0,440023.0,986.2,1012.8,981.3,986.2,120479250,1084.8,887.6,1102.5,649.1,1011.2,2306,9,1011.1,558,8,1011.0,2012,16,1010.9,855,10,1010.8,1804,18,1011.5,5618,11,1011.6,476,7,1011.7,541,6,1011.8,954,11,1011.9,768,14
317,2025-11-26 14:00:27+05:30,1011.5,2,1001.43,7554652,422488.0,439636.0,986.2,1012.8,981.3,986.2,120479250,1084.8,887.6,1102.5,649.1,1011.2,1656,4,1011.1,1491,9,1011.0,1443,12,1010.9,868,11,1010.8,1696,12,1011.5,5618,11,1011.6,476,7,1011.7,541,6,1011.8,954,11,1011.9,768,14
317,2025-11-26 14:00:28+05:30,1011.5,2,1001.43,7554652,422658.0,439695.0,986.2,1012.8,981.3,986.2,120479250,1084.8,887.6,1102.5,649.1,1011.2,1714,6,1011.1,1491,9,1011.0,1424,11,1010.9,894,13,1010.8,1775,17,1011.5,5618,11,1011.6,476,7,1011.7,576,7,1011.8,954,11,1011.9,768,14
317,2025-11-26 14:00:29+05:30,1011.5,2,1001.43,7554652,424093.0,440638.0,986.2,1012.8,981.3,986.2,120479250,1084.8,887.6,1102.5,649.1,1011.2,1997,9,1011.1,919,8,1011.0,1803,11,1010.9,881,12,1010.8,1673,16,1011.3,13,1,1011.5,5618,11,1011.6,476,7,1011.7,654,7,1011.8,954,11
317,2025-11-26 14:00:30+05:30,1011.3,28,1001.43,7554708,423542.0,440360.0,986.2,1012.8,981.3,986.2,120479250,1084.8,887.6,1102.5,649.1,1011.2,1892,7,1011.1,919,8,1011.0,1328,11,1010.9,881,12,1010.8,1673,16,1011.3,13,1,1011.5,5618,11,1011.6,350,6,1011.7,654,7,1011.8,925,10
317,2025-11-26 14:00:30+05:30,1011.3,28,1001.43,7554708,423542.0,440360.0,986.2,1012.8,981.3,986.2,120479250,1084.8,887.6,1102.5,649.1,1011.2,1892,7,1011.1,919,8,1011.0,1328,11,1010.9,881,12,1010.8,1673,16,1011.3,13,1,1011.5,5618,11,1011.6,350,6,1011.7,654,7,1011.8,925,10
317,2025-11-26 14:00:31+05:30,1011.3,1,1001.43,7554717,423559.0,440150.0,986.2,1012.8,981.3,986.2,120479250,1084.8,887.6,1102.5,649.1,1011.2,1922,9,1011.1,925,8,1011.0,1309,10,1010.9,881,12,1010.8,1673,16,1011.3,12,1,1011.5,5618,11,1011.6,332,5,1011.7,654,7,1011.8,925,10
317,2025-11-26 14:00:31+05:30,1011.3,1,1001.43,7554717,423559.0,440150.0,986.2,1012.8,981.3,986.2,120479250,1084.8,887.6,1102.5,649.1,1011.2,1922,9,1011.1,925,8,1011.0,1309,10,1010.9,881,12,1010.8,1673,16,1011.3,12,1,1011.5,5618,11,1011.6,332,5,1011.7,654,7,1011.8,925,10
317,2025-11-26 14:00:32+05:30,1011.3,1,1001.43,7554718,423554.0,440192.0,986.2,1012.8,981.3,986.2,120479250,1084.8,887.6,1102.5,649.1,1011.2,1897,8,1011.1,950,9,1011.0,1309,10,1010.9,925,13,1010.8,1707,17,1011.3,11,1,1011.5,5640,12,1011.6,332,5,1011.7,654,7,1011.8,925,10
317,2025-11-26 14:00:32+05:30,1011.3,1,1001.43,7554718,423554.0,440192.0,986.2,1012.8,981.3,986.2,120479250,1084.8,887.6,1102.5,649.1,1011.2,1897,8,1011.1,950,9,1011.0,1309,10,1010.9,925,13,1010.8,1707,17,1011.3,11,1,1011.5,5640,12,1011.6,332,5,1011.7,654,7,1011.8,925,10
317,2025-11-26 14:00:33+05:30,1011.3,13,1001.43,7554775,423303.0,440061.0,986.2,1012.8,981.3,986.2,120479250,1084.8,887.6,1102.5,649.1,1011.2,1843,7,1011.1,239,4,1011.0,1833,13,1010.9,1419,11,1010.8,1654,14,1011.3,21,2,1011.5,5640,12,1011.6,458,6,1011.7,702,8,1011.8,980,13
317,2025-11-26 14:00:33+05:30,1011.3,13,1001.43,7554775,423303.0,440061.0,986.2,1012.8,981.3,986.2,120479250,1084.8,887.6,1102.5,649.1,1011.2,1843,7,1011.1,239,4,1011.0,1833,13,1010.9,1419,11,1010.8,1654,14,1011.3,21,2,1011.5,5640,12,1011.6,458,6,1011.7,702,8,1011.8,980,13
317,2025-11-26 14:00:34+05:30,1011.3,63,1001.43,7554884,423651.0,439469.0,986.2,1012.8,981.3,986.2,120479250,1084.8,887.6,1102.5,649.1,1011.3,49,1,1011.2,2201,9,1011.1,558,9,1011.0,1874,14,1010.9,899,11,1011.5,5640,12,1011.6,332,5,1011.7,547,6,1011.8,943,11,1011.9,811,14
317,2025-11-26 14:00:34+05:30,1011.3,63,1001.43,7554884,423651.0,439469.0,986.2,1012.8,981.3,986.2,120479250,1084.8,887.6,1102.5,649.1,1011.3,49,1,1011.2,2201,9,1011.1,558,9,1011.0,1874,14,1010.9,899,11,1011.5,5640,12,1011.6,332,5,1011.7,547,6,1011.8,943,11,1011.9,811,14
317,2025-11-26 14:00:35+05:30,1011.5,2,1001.43,7555155,423549.0,439343.0,986.2,1012.8,981.3,986.2,120479250,1084.8,887.6,1102.5,649.1,1011.3,76,3,1011.2,2266,8,1011.1,528,8,1011.0,1348,13,1010.9,899,11,1011.5,5395,13,1011.6,332,5,1011.7,462,6,1011.8,796,10,1011.9,824,15
317,2025-11-26 14:00:35+05:30,1011.5,2,1001.43,7555155,423549.0,439343.0,986.2,1012.8,981.3,986.2,120479250,1084.8,887.6,1102.5,649.1,1011.3,76,3,1011.2,2266,8,1011.1,528,8,1011.0,1348,13,1010.9,899,11,1011.5,5395,13,1011.6,332,5,1011.7,462,6,1011.8,796,10,1011.9,824,15
317,2025-11-26 14:00:36+05:30,1011.5,303,1001.43,7555459,422960.0,438909.0,986.2,1012.8,981.3,986.2,120479250,1084.8,887.6,1102.5,649.1,1011.3,105,4,1011.2,2417,10,1011.1,503,7,1011.0,1348,13,1010.9,899,11,1011.5,5091,13,1011.6,332,5,1011.7,384,5,1011.8,796,10,1011.9,759,14
317,2025-11-26 14:00:36+05:30,1011.5,303,1001.43,7555459,422960.0,438909.0,986.2,1012.8,981.3,986.2,120479250,1084.8,887.6,1102.5,649.1,1011.3,105,4,1011.2,2417,10,1011.1,503,7,1011.0,1348,13,1010.9,899,11,1011.5,5091,13,1011.6,332,5,1011.7,384,5,1011.8,796,10,1011.9,759,14
317,2025-11-26 14:00:37+05:30,1011.5,303,1001.43,7555459,423485.0,438698.0,986.2,1012.8,981.3,986.2,120479250,1084.8,887.6,1102.5,649.1,1011.3,105,4,1011.2,2392,9,1011.1,528,8,1011.0,1915,14,1010.9,899,11,1011.5,5095,14,1011.6,174,4,1011.7,384,5,1011.8,796,10,1011.9,759,14
317,2025-11-26 14:00:37+05:30,1011.3,1,1001.43,7555459,423485.0,438698.0,986.2,1012.8,981.3,986.2,120479250,1084.8,887.6,1102.5,649.1,1011.3,105,4,1011.2,2392,9,1011.1,528,8,1011.0,1915,14,1010.9,899,11,1011.5,5095,14,1011.6,174,4,1011.7,384,5,1011.8,796,10,1011.9,759,14
317,2025-11-26 14:00:38+05:30,1011.3,5,1001.43,7555465,423075.0,439173.0,986.2,1012.8,981.3,986.2,120479250,1084.8,887.6,1102.5,649.1,1011.3,99,4,1011.2,2392,9,1011.1,528,8,1011.0,1915,14,1010.9,899,11,1011.5,5396,15,1011.6,174,4,1011.7,384,5,1011.8,796,10,1011.9,759,14
317,2025-11-26 14:00:38+05:30,1011.3,5,1001.43,7555465,423075.0,439173.0,986.2,1012.8,981.3,986.2,120479250,1084.8,887.6,1102.5,649.1,1011.3,99,4,1011.2,2392,9,1011.1,528,8,1011.0,1915,14,1010.9,899,11,1011.5,5396,15,1011.6,174,4,1011.7,384,5,1011.8,796,10,1011.9,759,14
317,2025-11-26 14:00:39+05:30,1011.5,587,1001.43,7556216,422504.0,438285.0,986.2,1012.8,981.3,986.2,120479250,1084.8,887.6,1102.5,649.1,1011.3,69,3,1011.2,1918,8,1011.1,977,8,1011.0,1921,13,1010.9,899,11,1011.5,4809,15,1011.6,174,4,1011.7,258,4,1011.8,670,9,1011.9,654,7
317,2025-11-26 14:00:39+05:30,1011.5,126,1001.43,7556216,422504.0,438285.0,986.2,1012.8,981.3,986.2,120479250,1084.8,887.6,1102.5,649.1,1011.3,69,3,1011.2,1918,8,1011.1,977,8,1011.0,1921,13,1010.9,899,11,1011.5,4809,15,1011.6,174,4,1011.7,258,4,1011.8,670,9,1011.9,654,7
317,2025-11-26 14:00:40+05:30,1011.5,1,1001.43,7556343,422646.0,438360.0,986.2,1012.8,981.3,986.2,120479250,1084.8,887.6,1102.5,649.1,1011.3,100,4,1011.2,1907,8,1011.1,1006,9,1011.0,1896,12,1010.9,998,14,1011.5,4682,15,1011.6,174,4,1011.7,258,4,1011.8,498,9,1011.9,1057,15
317,2025-11-26 14:00:40+05:30,1011.5,1,1001.43,7556343,422646.0,438360.0,986.2,1012.8,981.3,986.2,120479250,1084.8,887.6,1102.5,649.1,1011.3,100,4,1011.2,1907,8,1011.1,1006,9,1011.0,1896,12,1010.9,998,14,1011.5,4682,15,1011.6,174,4,1011.7,258,4,1011.8,498,9,1011.9,1057,15
317,2025-11-26 14:00:41+05:30,1011.5,10,1001.43,7556355,422413.0,438395.0,986.2,1012.8,981.3,986.2,120479250,1084.8,887.6,1102.5,649.1,1011.3,69,3,1011.2,1907,8,1011.1,1006,9,1011.0,1896,12,1010.9,998,14,1011.5,4670,15,1011.6,174,4,1011.7,296,5,1011.8,796,10,1011.9,759,14
317,2025-11-26 14:00:41+05:30,1011.5,10,1001.43,7556355,422413.0,438395.0,986.2,1012.8,981.3,986.2,120479250,1084.8,887.6,1102.5,649.1,1011.3,69,3,1011.2,1907,8,1011.1,1006,9,1011.0,1896,12,1010.9,998,14,1011.5,4670,15,1011.6,174,4,1011.7,296,5,1011.8,796,10,1011.9,759,14
317,2025-11-26 14:00:42+05:30,1011.5,10,1001.43,7556355,422401.0,438496.0,986.2,1012.8,981.3,986.2,120479250,1084.8,887.6,1102.5,649.1,1011.3,30,2,1011.2,1907,8,1011.1,1006,9,1011.0,1799,12,1010.9,998,14,1011.5,4670,15,1011.6,174,4,1011.7,296,5,1011.8,796,10,1011.9,829,16
317,2025-11-26 14:00:43+05:30,1011.5,23,1001.43,7556387,422791.0,438384.0,986.2,1012.8,981.3,986.2,120479250,1084.8,887.6,1102.5,649.1,1011.3,30,2,1011.2,1882,7,1011.1,1031,10,1011.0,1322,11,1010.9,998,14,1011.5,4638,15,1011.6,174,4,1011.7,422,6,1011.8,796,10,1011.9,801,15
317,2025-11-26 14:00:43+05:30,1011.5,23,1001.43,7556387,422791.0,438384.0,986.2,1012.8,981.3,986.2,120479250,1084.8,887.6,1102.5,649.1,1011.3,30,2,1011.2,1882,7,1011.1,1031,10,1011.0,1322,11,1010.9,998,14,1011.5,4638,15,1011.6,174,4,1011.7,422,6,1011.8,796,10,1011.9,801,15
317,2025-11-26 14:00:44+05:30,1011.5,166,1001.43,7556642,422353.0,438300.0,986.2,1012.8,981.3,986.2,120479250,1084.8,887.6,1102.5,649.1,1011.3,166,1,1011.2,1566,4,1011.1,893,8,1011.0,1322,11,1010.9,1495,14,1011.5,4471,15,1011.6,174,4,1011.7,535,7,1011.8,796,10,1011.9,800,15
317,2025-11-26 14:00:44+05:30,1011.5,166,1001.43,7556642,422353.0,438300.0,986.2,1012.8,981.3,986.2,120479250,1084.8,887.6,1102.5,649.1,1011.3,166,1,1011.2,1566,4,1011.1,893,8,1011.0,1322,11,1010.9,1495,14,1011.5,4471,15,1011.6,174,4,1011.7,535,7,1011.8,796,10,1011.9,800,15
317,2025-11-26 14:00:45+05:30,1011.5,2,1001.43,7556644,422800.0,438228.0,986.2,1012.8,981.3,986.2,120479250,1084.8,887.6,1102.5,649.1,1011.3,166,1,1011.2,1639,6,1011.1,893,8,1011.0,1822,12,1010.9,978,13,1011.5,4469,15,1011.6,174,4,1011.7,535,7,1011.8,796,10,1011.9,800,15
317,2025-11-26 14:00:45+05:30,1011.5,3,1001.43,7556644,422800.0,438228.0,986.2,1012.8,981.3,986.2,120479250,1084.8,887.6,1102.5,649.1,1011.3,166,1,1011.2,1639,6,1011.1,893,8,1011.0,1822,12,1010.9,978,13,1011.5,4469,15,1011.6,174,4,1011.7,535,7,1011.8,796,10,1011.9,800,15
317,2025-11-26 14:00:46+05:30,1011.5,1,1001.43,7556648,422935.0,438141.0,986.2,1012.8,981.3,986.2,120479250,1084.8,887.6,1102.5,649.1,1011.3,210,3,1011.2,1614,5,1011.1,918,9,1011.0,1822,12,1010.9,978,13,1011.5,4465,15,1011.6,174,4,1011.7,422,6,1011.8,796,10,1011.9,827,16
317,2025-11-26 14:00:46+05:30,1011.5,1,1001.43,7556648,422935.0,438141.0,986.2,1012.8,981.3,986.2,120479250,1084.8,887.6,1102.5,649.1,1011.3,210,3,1011.2,1614,5,1011.1,918,9,1011.0,1822,12,1010.9,978,13,1011.5,4465,15,1011.6,174,4,1011.7,422,6,1011.8,796,10,1011.9,827,16
317,2025-11-26 14:00:47+05:30,1011.3,80,1001.43,7556863,422583.0,438739.0,986.2,1012.8,981.3,986.2,120479250,1084.8,887.6,1102.5,649.1,1011.3,44,2,1011.2,1614,5,1011.1,868,7,1011.0,2431,15,1010.9,905,12,1011.5,4473,16,1011.6,174,4,1011.7,447,7,1011.8,820,11,1011.9,800,15
317,2025-11-26 14:00:47+05:30,1011.3,80,1001.43,7556863,422583.0,438739.0,986.2,1012.8,981.3,986.2,120479250,1084.8,887.6,1102.5,649.1,1011.3,44,2,1011.2,1614,5,1011.1,868,7,1011.0,2431,15,1010.9,905,12,1011.5,4473,16,1011.6,174,4,1011.7,447,7,1011.8,820,11,1011.9,800,15
317,2025-11-26 14:00:48+05:30,1011.3,80,1001.43,7556863,424280.0,438833.0,986.2,1012.8,981.3,986.2,120479250,1084.8,887.6,1102.5,649.1,1011.3,487,2,1011.2,1597,5,1011.1,1030,11,1011.0,1822,12,1010.9,879,10,1011.5,4473,16,1011.6,174,4,1011.7,422,6,1011.8,838,11,1011.9,825,16
317,2025-11-26 14:00:49+05:30,1011.3,80,1001.43,7556863,426152.0,438858.0,986.2,1012.8,981.3,986.2,120479250,1084.8,887.6,1102.5,649.1,1011.3,687,3,1011.2,1854,8,1011.1,549,10,1011.0,2386,13,1010.9,879,10,1011.4,28,1,1011.5,4473,16,1011.6,213,5,1011.7,384,5,1011.8,540,10
317,2025-11-26 14:00:50+05:30,1011.3,80,1001.43,7556863,426351.0,438842.0,986.2,1012.8,981.3,986.2,120479250,1084.8,887.6,1102.5,649.1,1011.3,760,5,1011.2,1879,9,1011.1,1108,10,1011.0,1822,12,1010.9,879,10,1011.4,28,1,1011.5,4473,16,1011.6,213,5,1011.7,384,5,1011.8,540,10
317,2025-11-26 14:00:50+05:30,1011.3,1,1001.43,7556863,426351.0,438842.0,986.2,1012.8,981.3,986.2,120479250,1084.8,887.6,1102.5,649.1,1011.3,760,5,1011.2,1879,9,1011.1,1108,10,1011.0,1822,12,1010.9,879,10,1011.4,28,1,1011.5,4473,16,1011.6,213,5,1011.7,384,5,1011.8,540,10
317,2025-11-26 14:00:51+05:30,1011.4,1,1001.43,7556867,424170.0,438767.0,986.2,1012.8,981.3,986.2,120479250,1084.8,887.6,1102.5,649.1,1011.3,235,3,1011.2,1744,8,1011.1,1530,9,1011.0,1838,12,1010.9,933,14,1011.4,25,1,1011.5,4473,16,1011.6,213,5,1011.7,384,5,1011.8,851,12
317,2025-11-26 14:00:51+05:30,1011.4,1,1001.43,7556867,424170.0,438767.0,986.2,1012.8,981.3,986.2,120479250,1084.8,887.6,1102.5,649.1,1011.3,235,3,1011.2,1744,8,1011.1,1530,9,1011.0,1838,12,1010.9,933,14,1011.4,25,1,1011.5,4473,16,1011.6,213,5,1011.7,384,5,1011.8,851,12
317,2025-11-26 14:00:52+05:30,1011.4,1,1001.43,7556867,424125.0,438585.0,986.2,1012.8,981.3,986.2,120479250,1084.8,887.6,1102.5,649.1,1011.3,212,2,1011.2,1753,9,1011.1,1001,9,1011.0,2336,12,1010.9,933,14,1011.4,25,1,1011.5,4342,15,1011.6,213,5,1011.7,384,5,1011.8,851,12
317,2025-11-26 14:00:53+05:30,1011.4,7,1001.43,7557247,422983.0,439062.0,986.2,1012.8,981.3,986.2,120479250,1084.8,887.6,1102.5,649.1,1011.3,14,2,1011.2,1617,6,1011.1,510,3,1011.0,1546,9,1010.9,1427,14,1011.4,172,2,1011.5,4382,17,1011.6,497,8,1011.7,757,8,1011.8,835,12
317,2025-11-26 14:00:53+05:30,1011.4,7,1001.43,7557247,422983.0,439062.0,986.2,1012.8,981.3,986.2,120479250,1084.8,887.6,1102.5,649.1,1011.3,14,2,1011.2,1617,6,1011.1,510,3,1011.0,1546,9,1010.9,1427,14,1011.4,172,2,1011.5,4382,17,1011.6,497,8,1011.7,757,8,1011.8,835,12
317,2025-11-26 14:00:54+05:30,1011.2,251,1001.43,7557498,423195.0,438956.0,986.2,1012.8,981.3,986.2,120479250,1084.8,887.6,1102.5,649.1,1011.2,1335,5,1011.1,1279,8,1011.0,1726,11,1010.9,905,12,1010.8,1798,18,1011.4,305,2,1011.5,4382,17,1011.6,336,7,1011.7,829,10,1011.8,835,12
317,2025-11-26 14:00:54+05:30,1011.2,251,1001.43,7557498,423195.0,438956.0,986.2,1012.8,981.3,986.2,120479250,1084.8,887.6,1102.5,649.1,1011.2,1335,5,1011.1,1279,8,1011.0,1726,11,1010.9,905,12,1010.8,1798,18,1011.4,305,2,1011.5,4382,17,1011.6,336,7,1011.7,829,10,1011.8,835,12
317,2025-11-26 14:00:54+05:30,1011.2,251,1001.43,7557498,423122.0,438981.0,986.2,1012.8,981.3,986.2,120479250,1084.8,887.6,1102.5,649.1,1011.3,112,1,1011.2,1352,6,1011.1,655,7,1011.0,1726,11,1010.9,1432,14,1011.4,305,2,1011.5,4382,17,1011.6,307,6,1011.7,858,11,1011.8,835,12
317,2025-11-26 14:00:55+05:30,1011.4,12,1001.43,7557498,423122.0,438981.0,986.2,1012.8,981.3,986.2,120479250,1084.8,887.6,1102.5,649.1,1011.3,112,1,1011.2,1352,6,1011.1,655,7,1011.0,1726,11,1010.9,1432,14,1011.4,305,2,1011.5,4382,17,1011.6,307,6,1011.7,858,11,1011.8,835,12
317,2025-11-26 14:00:56+05:30,1011.4,3,1001.43,7557532,423584.0,438952.0,986.2,1012.8,981.3,986.2,120479250,1084.8,887.6,1102.5,649.1,1011.3,112,1,1011.2,1383,7,1011.1,1166,8,1011.0,1726,11,1010.9,918,13,1011.4,271,2,1011.5,4382,17,1011.6,307,6,1011.7,827,10,1011.8,835,12
317,2025-11-26 14:00:56+05:30,1011.4,3,1001.43,7557532,423584.0,438952.0,986.2,1012.8,981.3,986.2,120479250,1084.8,887.6,1102.5,649.1,1011.3,112,1,1011.2,1383,7,1011.1,1166,8,1011.0,1726,11,1010.9,918,13,1011.4,271,2,1011.5,4382,17,1011.6,307,6,1011.7,827,10,1011.8,835,12
317,2025-11-26 14:00:56+05:30,1011.4,3,1001.43,7557532,423628.0,438956.0,986.2,1012.8,981.3,986.2,120479250,1084.8,887.6,1102.5,649.1,1011.3,112,1,1011.2,1393,7,1011.1,1200,8,1011.0,1726,11,1010.9,918,13,1011.4,271,2,1011.5,4382,17,1011.6,307,6,1011.7,786,9,1011.8,866,13
317,2025-11-26 14:00:57+05:30,1011.4,3,1001.43,7557532,423345.0,439099.0,986.2,1012.8,981.3,986.2,120479250,1084.8,887.6,1102.5,649.1,1011.3,121,2,1011.2,1424,8,1011.1,655,7,1011.0,1755,12,1010.9,1410,14,1011.4,275,4,1011.5,4381,16,1011.6,307,6,1011.7,757,8,1011.8,895,14
317,2025-11-26 14:00:59+05:30,1011.3,22,1001.43,7557673,423266.0,439234.0,986.2,1012.8,981.3,986.2,120479250,1084.8,887.6,1102.5,649.1,1011.3,12,2,1011.2,1424,8,1011.1,781,8,1011.0,1697,10,1010.9,1522,15,1011.4,268,4,1011.5,4381,16,1011.6,139,4,1011.7,757,8,1011.8,973,13
317,2025-11-26 14:00:59+05:30,1011.3,22,1001.43,7557673,423266.0,439234.0,986.2,1012.8,981.3,986.2,120479250,1084.8,887.6,1102.5,649.1,1011.3,12,2,1011.2,1424,8,1011.1,781,8,1011.0,1697,10,1010.9,1522,15,1011.4,268,4,1011.5,4381,16,1011.6,139,4,1011.7,757,8,1011.8,973,13
317,2025-11-26 14:01:00+05:30,1011.3,4,1001.43,7557677,423296.0,439191.0,986.2,1012.8,981.3,986.2,120479250,1084.8,887.6,1102.5,649.1,1011.3,8,2,1011.2,1424,8,1011.1,1229,8,1011.0,1697,10,1010.9,976,15,1011.4,268,4,1011.5,4381,16,1011.6,139,4,1011.7,786,9,1011.8,973,13
317,2025-11-26 14:01:00+05:30,1011.4,1,1001.43,7557677,423296.0,439191.0,986.2,1012.8,981.3,986.2,120479250,1084.8,887.6,1102.5,649.1,1011.3,8,2,1011.2,1424,8,1011.1,1229,8,1011.0,1697,10,1010.9,976,15,1011.4,268,4,1011.5,4381,16,1011.6,139,4,1011.7,786,9,1011.8,973,13
317,2025-11-26 14:01:01+05:30,1011.2,3,1001.43,7557687,423197.0,439257.0,986.2,1012.8,981.3,986.2,120479250,1084.8,887.6,1102.5,649.1,1011.2,1390,7,1011.1,1172,8,1011.0,1732,13,1010.9,947,14,1010.8,1720,17,1011.4,300,5,1011.5,4356,16,1011.6,139,4,1011.7,817,10,1011.8,1014,14
317,2025-11-26 14:01:01+05:30,1011.2,3,1001.43,7557687,423197.0,439257.0,986.2,1012.8,981.3,986.2,120479250,1084.8,887.6,1102.5,649.1,1011.2,1390,7,1011.1,1172,8,1011.0,1732,13,1010.9,947,14,1010.8,1720,17,1011.4,300,5,1011.5,4356,16,1011.6,139,4,1011.7,817,10,1011.8,1014,14
317,2025-11-26 14:01:02+05:30,1011.2,3,1001.43,7557687,423239.0,439370.0,986.2,1012.8,981.3,986.2,120479250,1084.8,887.6,1102.5,649.1,1011.2,1398,8,1011.1,1199,9,1011.0,1732,13,1010.9,918,13,1010.8,1756,18,1011.4,300,5,1011.5,4334,15,1011.6,161,5,1011.7,788,9,1011.8,1041,15
317,2025-11-26 14:01:03+05:30,1011.4,15,1001.43,7557968,423052.0,438874.0,986.2,1012.8,981.3,986.2,120479250,1084.8,887.6,1102.5,649.1,1011.2,1517,10,1011.1,1411,12,1011.0,1539,12,1010.9,918,13,1010.8,1756,18,1011.4,19,1,1011.5,4329,14,1011.6,165,6,1011.7,757,8,1011.8,1014,14
317,2025-11-26 14:01:03+05:30,1011.4,15,1001.43,7557968,423052.0,438874.0,986.2,1012.8,981.3,986.2,120479250,1084.8,887.6,1102.5,649.1,1011.2,1517,10,1011.1,1411,12,1011.0,1539,12,1010.9,918,13,1010.8,1756,18,1011.4,19,1,1011.5,4329,14,1011.6,165,6,1011.7,757,8,1011.8,1014,14
317,2025-11-26 14:01:04+05:30,1011.2,54,1001.43,7558245,422420.0,438804.0,986.2,1012.8,981.3,986.2,120479250,1084.8,887.6,1102.5,649.1,1011.2,1345,8,1011.1,867,10,1011.0,1593,14,1010.9,1406,14,1010.8,2091,19,1011.5,4329,14,1011.6,189,7,1011.7,676,8,1011.8,974,12,1011.9,866,16
317,2025-11-26 14:01:04+05:30,1011.2,54,1001.43,7558245,422420.0,438804.0,986.2,1012.8,981.3,986.2,120479250,1084.8,887.6,1102.5,649.1,1011.2,1345,8,1011.1,867,10,1011.0,1593,14,1010.9,1406,14,1010.8,2091,19,1011.5,4329,14,1011.6,189,7,1011.7,676,8,1011.8,974,12,1011.9,866,16
317,2025-11-26 14:01:05+05:30,1011.4,2,1001.43,7558247,422849.0,439127.0,986.2,1012.8,981.3,986.2,120479250,1084.8,887.6,1102.5,649.1,1011.2,1404,10,1011.1,745,9,1011.0,1566,13,1010.9,1449,14,1010.8,1756,18,1011.4,1799,1,1011.5,2853,14,1011.6,165,6,1011.7,790,9,1011.8,1002,13
317,2025-11-26 14:01:05+05:30,1011.4,2,1001.43,7558247,422849.0,439127.0,986.2,1012.8,981.3,986.2,120479250,1084.8,887.6,1102.5,649.1,1011.2,1404,10,1011.1,745,9,1011.0,1566,13,1010.9,1449,14,1010.8,1756,18,1011.4,1799,1,1011.5,2853,14,1011.6,165,6,1011.7,790,9,1011.8,1002,13
317,2025-11-26 14:01:06+05:30,1011.4,1,1001.43,7558247,422849.0,439127.0,986.2,1012.8,981.3,986.2,120479250,1084.8,887.6,1102.5,649.1,1011.2,1404,10,1011.1,745,9,1011.0,1566,13,1010.9,1449,14,1010.8,1756,18,1011.4,1799,1,1011.5,2853,14,1011.6,165,6,1011.7,790,9,1011.8,1002,13
317,2025-11-26 14:01:06+05:30,1011.4,1,1001.43,7558248,423180.0,439303.0,986.2,1012.8,981.3,986.2,120479250,1084.8,887.6,1102.5,649.1,1011.2,1404,10,1011.1,1302,10,1011.0,1534,12,1010.9,947,14,1010.8,1756,18,1011.4,1798,1,1011.5,2854,15,1011.6,165,6,1011.7,787,8,1011.8,1098,21
317,2025-11-26 14:01:07+05:30,1011.2,1,1001.43,7558248,423180.0,439303.0,986.2,1012.8,981.3,986.2,120479250,1084.8,887.6,1102.5,649.1,1011.2,1404,10,1011.1,1302,10,1011.0,1534,12,1010.9,947,14,1010.8,1756,18,1011.4,1798,1,1011.5,2854,15,1011.6,165,6,1011.7,787,8,1011.8,1098,21
317,2025-11-26 14:01:07+05:30,1011.2,1,1001.43,7558249,423194.0,439139.0,986.2,1012.8,981.3,986.2,120479250,1084.8,887.6,1102.5,649.1,1011.2,1376,9,1011.1,1344,11,1011.0,1534,12,1010.9,947,14,1010.8,1756,18,1011.4,1798,1,1011.5,2854,15,1011.6,165,6,1011.7,787,8,1011.8,1142,23
317,2025-11-26 14:01:08+05:30,1011.4,1,1001.43,7558249,423194.0,439139.0,986.2,1012.8,981.3,986.2,120479250,1084.8,887.6,1102.5,649.1,1011.2,1376,9,1011.1,1344,11,1011.0,1534,12,1010.9,947,14,1010.8,1756,18,1011.4,1798,1,1011.5,2854,15,1011.6,165,6,1011.7,787,8,1011.8,1142,23
317,2025-11-26 14:01:08+05:30,1011.4,1,1001.43,7558250,422900.0,439138.0,986.2,1012.8,981.3,986.2,120479250,1084.8,887.6,1102.5,649.1,1011.2,1376,9,1011.1,772,10,1011.0,1534,12,1010.9,1533,15,1010.8,1756,18,1011.4,1797,1,1011.5,2854,15,1011.6,165,6,1011.7,787,8,1011.8,1142,23
317,2025-11-26 14:01:09+05:30,1011.3,1,1001.43,7558250,422900.0,439138.0,986.2,1012.8,981.3,986.2,120479250,1084.8,887.6,1102.5,649.1,1011.2,1376,9,1011.1,772,10,1011.0,1534,12,1010.9,1533,15,1010.8,1756,18,1011.4,1797,1,1011.5,2854,15,1011.6,165,6,1011.7,787,8,1011.8,1142,23
317,2025-11-26 14:01:09+05:30,1011.3,1,1001.43,7558259,423359.0,440398.0,986.2,1012.8,981.3,986.2,120479250,1084.8,887.6,1102.5,649.1,1011.2,1376,9,1011.1,772,10,1011.0,1534,12,1010.9,934,13,1010.8,1756,18,1011.3,36,2,1011.4,1797,1,1011.5,2703,13,1011.6,165,6,1011.7,787,8
317,2025-11-26 14:01:10+05:30,1011.2,28,1001.43,7558259,423359.0,440398.0,986.2,1012.8,981.3,986.2,120479250,1084.8,887.6,1102.5,649.1,1011.2,1376,9,1011.1,772,10,1011.0,1534,12,1010.9,934,13,1010.8,1756,18,1011.3,36,2,1011.4,1797,1,1011.5,2703,13,1011.6,165,6,1011.7,787,8
317,2025-11-26 14:01:10+05:30,1011.2,28,1001.43,7558290,423329.0,440016.0,986.2,1012.8,981.3,986.2,120479250,1084.8,887.6,1102.5,649.1,1011.2,1346,9,1011.1,772,10,1011.0,1534,12,1010.9,934,13,1010.8,1756,18,1011.3,35,2,1011.4,1797,1,1011.5,2402,12,1011.6,165,6,1011.7,787,8
317,2025-11-26 14:01:11+05:30,1011.3,1,1001.43,7558290,423329.0,440016.0,986.2,1012.8,981.3,986.2,120479250,1084.8,887.6,1102.5,649.1,1011.2,1346,9,1011.1,772,10,1011.0,1534,12,1010.9,934,13,1010.8,1756,18,1011.3,35,2,1011.4,1797,1,1011.5,2402,12,1011.6,165,6,1011.7,787,8
317,2025-11-26 14:01:11+05:30,1011.3,1,1001.43,7558293,423292.0,440189.0,986.2,1012.8,981.3,986.2,120479250,1084.8,887.6,1102.5,649.1,1011.2,1314,8,1011.1,745,9,1011.0,1562,13,1010.9,934,13,1010.8,1720,17,1011.3,210,3,1011.4,1831,2,1011.5,2320,10,1011.6,165,6,1011.7,787,8
317,2025-11-26 14:01:12+05:30,1011.3,1,1001.43,7558293,423292.0,440232.0,986.2,1012.8,981.3,986.2,120479250,1084.8,887.6,1102.5,649.1,1011.2,1314,8,1011.1,745,9,1011.0,1562,13,1010.9,934,13,1010.8,1720,17,1011.3,210,3,1011.4,1831,2,1011.5,2320,10,1011.6,165,6,1011.7,790,9
317,2025-11-26 14:01:13+05:30,1011.3,1,1001.43,7558293,423292.0,440232.0,986.2,1012.8,981.3,986.2,120479250,1084.8,887.6,1102.5,649.1,1011.2,1314,8,1011.1,745,9,1011.0,1562,13,1010.9,934,13,1010.8,1720,17,1011.3,210,3,1011.4,1831,2,1011.5,2320,10,1011.6,165,6,1011.7,790,9
317,2025-11-26 14:01:13+05:30,1011.3,1,1001.43,7558326,423322.0,440291.0,986.2,1012.8,981.3,986.2,120479250,1084.8,887.6,1102.5,649.1,1011.2,1344,9,1011.1,773,10,1011.0,1534,12,1010.9,934,13,1010.8,1720,17,1011.3,200,3,1011.4,1831,2,1011.5,2320,10,1011.6,165,6,1011.7,790,9
317,2025-11-26 14:01:14+05:30,1011.3,35,1001.43,7558326,423322.0,440291.0,986.2,1012.8,981.3,986.2,120479250,1084.8,887.6,1102.5,649.1,1011.2,1344,9,1011.1,773,10,1011.0,1534,12,1010.9,934,13,1010.8,1720,17,1011.3,200,3,1011.4,1831,2,1011.5,2320,10,1011.6,165,6,1011.7,790,9
317,2025-11-26 14:01:14+05:30,1011.3,35,1001.43,7558744,423086.0,439838.0,986.2,1012.8,981.3,986.2,120479250,1084.8,887.6,1102.5,649.1,1011.2,1138,9,1011.1,745,9,1011.0,1562,13,1010.9,908,11,1010.8,1746,19,1011.3,8,1,1011.4,1831,2,1011.5,2092,10,1011.6,165,6,1011.7,759,8
317,2025-11-26 14:01:15+05:30,1011.3,1,1001.43,7558744,423086.0,439838.0,986.2,1012.8,981.3,986.2,120479250,1084.8,887.6,1102.5,649.1,1011.2,1138,9,1011.1,745,9,1011.0,1562,13,1010.9,908,11,1010.8,1746,19,1011.3,8,1,1011.4,1831,2,1011.5,2092,10,1011.6,165,6,1011.7,759,8
317,2025-11-26 14:01:15+05:30,1011.3,1,1001.43,7558774,423061.0,439881.0,986.2,1012.8,981.3,986.2,120479250,1084.8,887.6,1102.5,649.1,1011.2,1113,9,1011.1,745,9,1011.0,1562,13,1010.9,908,11,1010.8,1746,19,1011.3,182,2,1011.4,1831,2,1011.5,1961,9,1011.6,165,6,1011.7,759,8
317,2025-11-26 14:01:16+05:30,1011.3,84,1001.43,7558774,423061.0,439881.0,986.2,1012.8,981.3,986.2,120479250,1084.8,887.6,1102.5,649.1,1011.2,1113,9,1011.1,745,9,1011.0,1562,13,1010.9,908,11,1010.8,1746,19,1011.3,182,2,1011.4,1831,2,1011.5,1961,9,1011.6,165,6,1011.7,759,8
317,2025-11-26 14:01:16+05:30,1011.3,84,1001.43,7558861,423421.0,439730.0,986.2,1012.8,981.3,986.2,120479250,1084.8,887.6,1102.5,649.1,1011.2,1154,11,1011.1,718,8,1011.0,1534,12,1010.9,908,11,1010.8,1835,20,1011.3,103,2,1011.4,1831,2,1011.5,1961,9,1011.6,165,6,1011.7,759,8
317,2025-11-26 14:01:17+05:30,1011.3,84,1001.43,7558861,423421.0,439798.0,986.2,1012.8,981.3,986.2,120479250,1084.8,887.6,1102.5,649.1,1011.2,1126,10,1011.1,746,9,1011.0,1534,12,1010.9,908,11,1010.8,1835,20,1011.3,106,4,1011.4,1883,3,1011.5,1960,8,1011.6,165,6,1011.7,759,8
317,2025-11-26 14:01:18+05:30,1011.2,28,1001.43,7558861,423421.0,439798.0,986.2,1012.8,981.3,986.2,120479250,1084.8,887.6,1102.5,649.1,1011.2,1126,10,1011.1,746,9,1011.0,1534,12,1010.9,908,11,1010.8,1835,20,1011.3,106,4,1011.4,1883,3,1011.5,1960,8,1011.6,165,6,1011.7,759,8
317,2025-11-26 14:01:18+05:30,1011.3,20,1001.43,7558909,423192.0,439735.0,986.2,1012.8,981.3,986.2,120479250,1084.8,887.6,1102.5,649.1,1011.2,1098,10,1011.1,746,9,1011.0,1534,12,1010.9,908,11,1010.8,1861,21,1011.3,78,3,1011.4,1883,3,1011.5,1960,8,1011.6,165,6,1011.7,759,8
317,2025-11-26 14:01:19+05:30,1011.2,128,1001.43,7558909,423192.0,439735.0,986.2,1012.8,981.3,986.2,120479250,1084.8,887.6,1102.5,649.1,1011.2,1098,10,1011.1,746,9,1011.0,1534,12,1010.9,908,11,1010.8,1861,21,1011.3,78,3,1011.4,1883,3,1011.5,1960,8,1011.6,165,6,1011.7,759,8
317,2025-11-26 14:01:19+05:30,1011.2,128,1001.43,7559037,423064.0,439945.0,986.2,1012.8,981.3,986.2,120479250,1084.8,887.6,1102.5,649.1,1011.2,970,10,1011.1,718,8,1011.0,1562,13,1010.9,908,11,1010.8,1861,21,1011.3,228,4,1011.4,1883,3,1011.5,1960,8,1011.6,165,6,1011.7,759,8
317,2025-11-26 14:01:20+05:30,1011.3,2,1001.43,7559037,423064.0,439945.0,986.2,1012.8,981.3,986.2,120479250,1084.8,887.6,1102.5,649.1,1011.2,970,10,1011.1,718,8,1011.0,1562,13,1010.9,908,11,1010.8,1861,21,1011.3,228,4,1011.4,1883,3,1011.5,1960,8,1011.6,165,6,1011.7,759,8
317,2025-11-26 14:01:20+05:30,1011.3,2,1001.43,7559040,423447.0,439877.0,986.2,1012.8,981.3,986.2,120479250,1084.8,887.6,1102.5,649.1,1011.2,940,9,1011.1,718,8,1011.0,1449,12,1010.9,1434,12,1010.8,1861,21,1011.3,225,4,1011.4,1883,3,1011.5,1960,8,1011.6,165,6,1011.7,789,9
317,2025-11-26 14:01:21+05:30,1011.3,1,1001.43,7559040,423447.0,439877.0,986.2,1012.8,981.3,986.2,120479250,1084.8,887.6,1102.5,649.1,1011.2,940,9,1011.1,718,8,1011.0,1449,12,1010.9,1434,12,1010.8,1861,21,1011.3,225,4,1011.4,1883,3,1011.5,1960,8,1011.6,165,6,1011.7,789,9
317,2025-11-26 14:01:21+05:30,1011.3,1,1001.43,7559057,422935.0,439885.0,986.2,1012.8,981.3,986.2,120479250,1084.8,887.6,1102.5,649.1,1011.2,955,10,1011.1,718,8,1011.0,1448,12,1010.9,908,11,1010.8,1861,21,1011.3,223,4,1011.4,1883,3,1011.5,1960,8,1011.6,165,6,1011.7,789,9
317,2025-11-26 14:01:22+05:30,1011.3,1,1001.43,7559057,422935.0,439947.0,986.2,1012.8,981.3,986.2,120479250,1084.8,887.6,1102.5,649.1,1011.2,955,10,1011.1,718,8,1011.0,1448,12,1010.9,908,11,1010.8,1861,21,1011.3,223,4,1011.4,1883,3,1011.5,1960,8,1011.6,165,6,1011.7,789,9
317,2025-11-26 14:01:23+05:30,1011.3,23,1001.43,7559057,422935.0,439947.0,986.2,1012.8,981.3,986.2,120479250,1084.8,887.6,1102.5,649.1,1011.2,955,10,1011.1,718,8,1011.0,1448,12,1010.9,908,11,1010.8,1861,21,1011.3,223,4,1011.4,1883,3,1011.5,1960,8,1011.6,165,6,1011.7,789,9
317,2025-11-26 14:01:23+05:30,1011.3,23,1001.43,7559088,423026.0,439913.0,986.2,1012.8,981.3,986.2,120479250,1084.8,887.6,1102.5,649.1,1011.2,1046,11,1011.1,745,9,1011.0,1421,11,1010.9,908,11,1010.8,1861,21,1011.3,192,4,1011.4,1883,3,1011.5,1960,8,1011.6,165,6,1011.7,789,9
317,2025-11-26 14:01:24+05:30,1011.3,10,1001.43,7559088,423026.0,439913.0,986.2,1012.8,981.3,986.2,120479250,1084.8,887.6,1102.5,649.1,1011.2,1046,11,1011.1,745,9,1011.0,1421,11,1010.9,908,11,1010.8,1861,21,1011.3,192,4,1011.4,1883,3,1011.5,1960,8,1011.6,165,6,1011.7,789,9
317,2025-11-26 14:01:24+05:30,1011.3,10,1001.43,7559292,422528.0,439601.0,986.2,1012.8,981.3,986.2,120479250,1084.8,887.6,1102.5,649.1,1011.3,13,1,1011.2,972,9,1011.1,611,6,1011.0,1449,11,1010.9,1477,14,1011.4,1883,3,1011.5,1960,8,1011.6,192,7,1011.7,789,9,1011.8,1125,20
317,2025-11-26 14:01:25+05:30,1011.4,11,1001.43,7559292,422528.0,439601.0,986.2,1012.8,981.3,986.2,120479250,1084.8,887.6,1102.5,649.1,1011.3,13,1,1011.2,972,9,1011.1,611,6,1011.0,1449,11,1010.9,1477,14,1011.4,1883,3,1011.5,1960,8,1011.6,192,7,1011.7,789,9,1011.8,1125,20
317,2025-11-26 14:01:25+05:30,1011.4,11,1001.43,7559339,422606.0,439650.0,986.2,1012.8,981.3,986.2,120479250,1084.8,887.6,1102.5,649.1,1011.3,34,2,1011.2,951,7,1011.1,650,7,1011.0,1422,10,1010.9,1504,15,1011.4,1836,3,1011.5,1960,8,1011.6,165,6,1011.7,789,9,1011.8,1152,21
317,2025-11-26 14:01:26+05:30,1011.4,2,1001.43,7559339,422606.0,439650.0,986.2,1012.8,981.3,986.2,120479250,1084.8,887.6,1102.5,649.1,1011.3,34,2,1011.2,951,7,1011.1,650,7,1011.0,1422,10,1010.9,1504,15,1011.4,1836,3,1011.5,1960,8,1011.6,165,6,1011.7,789,9,1011.8,1152,21
317,2025-11-26 14:01:26+05:30,1011.4,2,1001.43,7559341,422633.0,439615.0,986.2,1012.8,981.3,986.2,120479250,1084.8,887.6,1102.5,649.1,1011.3,34,2,1011.2,980,8,1011.1,692,8,1011.0,1449,11,1010.9,1433,13,1011.4,1834,3,1011.5,1960,8,1011.6,165,6,1011.7,789,9,1011.8,1152,21
317,2025-11-26 14:01:27+05:30,1011.4,20,1001.43,7559361,422633.0,439713.0,986.2,1012.8,981.3,986.2,120479250,1084.8,887.6,1102.5,649.1,1011.3,34,2,1011.2,980,8,1011.1,692,8,1011.0,1449,11,1010.9,1433,13,1011.4,1815,4,1011.5,1960,8,1011.6,165,6,1011.7,789,9,1011.8,1152,21
317,2025-11-26 14:01:28+05:30,1011.4,1,1001.43,7559361,422633.0,439713.0,986.2,1012.8,981.3,986.2,120479250,1084.8,887.6,1102.5,649.1,1011.3,34,2,1011.2,980,8,1011.1,692,8,1011.0,1449,11,1010.9,1433,13,1011.4,1815,4,1011.5,1960,8,1011.6,165,6,1011.7,789,9,1011.8,1152,21
317,2025-11-26 14:01:28+05:30,1011.3,29,1001.44,7559434,423558.0,439210.0,986.2,1012.8,981.3,986.2,120479250,1084.8,887.6,1102.5,649.1,1011.2,1019,9,1011.1,841,10,1011.0,1472,12,1010.9,1393,11,1010.8,1934,21,1011.3,10,1,1011.4,2007,5,1011.5,1606,7,1011.6,165,6,1011.7,759,8
317,2025-11-26 14:01:29+05:30,1011.3,29,1001.44,7559434,423558.0,439210.0,986.2,1012.8,981.3,986.2,120479250,1084.8,887.6,1102.5,649.1,1011.2,1019,9,1011.1,841,10,1011.0,1472,12,1010.9,1393,11,1010.8,1934,21,1011.3,10,1,1011.4,2007,5,1011.5,1606,7,1011.6,165,6,1011.7,759,8
317,2025-11-26 14:01:29+05:30,1011.3,29,1001.44,7559434,423520.0,439359.0,986.2,1012.8,981.3,986.2,120479250,1084.8,887.6,1102.5,649.1,1011.2,1019,9,1011.1,841,10,1011.0,1472,12,1010.9,1355,11,1010.8,1934,21,1011.3,169,2,1011.4,1973,4,1011.5,1606,7,1011.6,165,6,1011.7,759,8
317,2025-11-26 14:01:30+05:30,1011.3,28,1001.44,7559434,423520.0,439359.0,986.2,1012.8,981.3,986.2,120479250,1084.8,887.6,1102.5,649.1,1011.2,1019,9,1011.1,841,10,1011.0,1472,12,1010.9,1355,11,1010.8,1934,21,1011.3,169,2,1011.4,1973,4,1011.5,1606,7,1011.6,165,6,1011.7,759,8
317,2025-11-26 14:01:30+05:30,1011.3,28,1001.44,7559487,423029.0,439315.0,986.2,1012.8,981.3,986.2,120479250,1084.8,887.6,1102.5,649.1,1011.2,1019,9,1011.1,814,9,1011.0,1498,13,1010.9,864,10,1010.8,1934,21,1011.3,126,2,1011.4,1973,4,1011.5,1606,7,1011.6,165,6,1011.7,759,8
317,2025-11-26 14:01:31+05:30,1011.3,1,1001.44,7559487,423029.0,439315.0,986.2,1012.8,981.3,986.2,120479250,1084.8,887.6,1102.5,649.1,1011.2,1019,9,1011.1,814,9,1011.0,1498,13,1010.9,864,10,1010.8,1934,21,1011.3,126,2,1011.4,1973,4,1011.5,1606,7,1011.6,165,6,1011.7,759,8
317,2025-11-26 14:01:31+05:30,1011.3,1,1001.44,7559496,422917.0,439268.0,986.2,1012.8,981.3,986.2,120479250,1084.8,887.6,1102.5,649.1,1011.2,1011,9,1011.1,882,11,1011.0,1535,13,1010.9,835,9,1010.8,1964,22,1011.3,125,2,1011.4,1973,4,1011.5,1606,7,1011.6,165,6,1011.7,759,8
317,2025-11-26 14:01:32+05:30,1011.3,6,1001.44,7559507,424626.0,439096.0,986.2,1012.8,981.3,986.2,120479250,1084.8,887.6,1102.5,649.1,1011.2,1446,9,1011.1,408,10,1011.0,1535,13,1010.9,861,11,1010.8,1946,21,1011.3,122,3,1011.4,1973,4,1011.5,1463,6,1011.6,139,4,1011.7,759,8
317,2025-11-26 14:01:33+05:30,1011.3,23,1001.44,7559507,424626.0,439096.0,986.2,1012.8,981.3,986.2,120479250,1084.8,887.6,1102.5,649.1,1011.2,1446,9,1011.1,408,10,1011.0,1535,13,1010.9,861,11,1010.8,1946,21,1011.3,122,3,1011.4,1973,4,1011.5,1463,6,1011.6,139,4,1011.7,759,8
317,2025-11-26 14:01:33+05:30,1011.2,13,1001.44,7559543,423429.0,439047.0,986.2,1012.8,981.3,986.2,120479250,1084.8,887.6,1102.5,649.1,1011.2,972,9,1011.1,817,9,1011.0,1561,14,1010.9,1382,10,1010.8,1972,23,1011.3,89,2,1011.4,1973,4,1011.5,1493,7,1011.6,139,4,1011.7,759,8
317,2025-11-26 14:01:34+05:30,1011.2,13,1001.44,7559543,423429.0,439047.0,986.2,1012.8,981.3,986.2,120479250,1084.8,887.6,1102.5,649.1,1011.2,972,9,1011.1,817,9,1011.0,1561,14,1010.9,1382,10,1010.8,1972,23,1011.3,89,2,1011.4,1973,4,1011.5,1493,7,1011.6,139,4,1011.7,759,8
317,2025-11-26 14:01:34+05:30,1011.3,31,1001.44,7559655,423395.0,439007.0,986.2,1012.8,981.3,986.2,120479250,1084.8,887.6,1102.5,649.1,1011.2,943,8,1011.1,854,10,1011.0,1561,14,1010.9,1378,10,1010.8,1972,23,1011.3,8,1,1011.4,1973,4,1011.5,1493,7,1011.6,139,4,1011.7,787,9
317,2025-11-26 14:01:35+05:30,1011.4,762,1001.44,7559655,423395.0,439007.0,986.2,1012.8,981.3,986.2,120479250,1084.8,887.6,1102.5,649.1,1011.2,943,8,1011.1,854,10,1011.0,1561,14,1010.9,1378,10,1010.8,1972,23,1011.3,8,1,1011.4,1973,4,1011.5,1493,7,1011.6,139,4,1011.7,787,9
317,2025-11-26 14:01:35+05:30,1011.4,2,1001.44,7560459,422569.0,438221.0,986.2,1012.8,981.3,986.2,120479250,1084.8,887.6,1102.5,649.1,1011.2,1015,10,1011.1,1434,12,1011.0,1535,13,1010.9,848,10,1010.8,1883,22,1011.4,1209,4,1011.5,1493,7,1011.6,13,3,1011.7,787,9,1011.8,1125,20
317,2025-11-26 14:01:36+05:30,1011.4,2,1001.44,7560459,422569.0,438221.0,986.2,1012.8,981.3,986.2,120479250,1084.8,887.6,1102.5,649.1,1011.2,1015,10,1011.1,1434,12,1011.0,1535,13,1010.9,848,10,1010.8,1883,22,1011.4,1209,4,1011.5,1493,7,1011.6,13,3,1011.7,787,9,1011.8,1125,20
317,2025-11-26 14:01:36+05:30,1011.2,3,1001.44,7560462,422749.0,438462.0,986.2,1012.8,981.3,986.2,120479250,1084.8,887.6,1102.5,649.1,1011.2,1012,10,1011.1,880,11,1011.0,1535,13,1010.9,835,9,1010.8,1883,22,1011.3,10,1,1011.4,1209,4,1011.5,1493,7,1011.6,135,4,1011.7,759,8
317,2025-11-26 14:01:37+05:30,1011.4,83,1001.44,7560462,422749.0,438462.0,986.2,1012.8,981.3,986.2,120479250,1084.8,887.6,1102.5,649.1,1011.2,1012,10,1011.1,880,11,1011.0,1535,13,1010.9,835,9,1010.8,1883,22,1011.3,10,1,1011.4,1209,4,1011.5,1493,7,1011.6,135,4,1011.7,759,8
317,2025-11-26 14:01:38+05:30,1011.4,83,1001.44,7560555,422127.0,438110.0,986.2,1012.8,981.3,986.2,120479250,1084.8,887.6,1102.5,649.1,1011.2,1013,10,1011.1,838,10,1011.0,1508,12,1010.9,875,11,1010.8,1883,22,1011.4,1126,4,1011.5,1218,7,1011.6,135,4,1011.7,759,8,1011.8,825,18
317,2025-11-26 14:01:38+05:30,1011.2,4,1001.44,7560555,422127.0,438110.0,986.2,1012.8,981.3,986.2,120479250,1084.8,887.6,1102.5,649.1,1011.2,1013,10,1011.1,838,10,1011.0,1508,12,1010.9,875,11,1010.8,1883,22,1011.4,1126,4,1011.5,1218,7,1011.6,135,4,1011.7,759,8,1011.8,825,18
317,2025-11-26 14:01:39+05:30,1011.2,4,1001.44,7560559,422953.0,438515.0,986.2,1012.8,981.3,986.2,120479250,1084.8,887.6,1102.5,649.1,1011.2,982,9,1011.1,838,10,1011.0,1534,13,1010.9,862,10,1010.8,1977,23,1011.3,24,1,1011.4,1378,5,1011.5,1218,7,1011.6,185,5,1011.7,759,8
317,2025-11-26 14:01:40+05:30,1011.2,4,1001.44,7560559,422953.0,438488.0,986.2,1012.8,981.3,986.2,120479250,1084.8,887.6,1102.5,649.1,1011.2,941,8,1011.1,812,9,1011.0,1560,14,1010.9,862,10,1010.8,1977,23,1011.3,27,3,1011.4,1377,4,1011.5,1218,7,1011.6,185,5,1011.7,759,8
317,2025-11-26 14:01:40+05:30,1011.3,1,1001.44,7560559,422953.0,438488.0,986.2,1012.8,981.3,986.2,120479250,1084.8,887.6,1102.5,649.1,1011.2,941,8,1011.1,812,9,1011.0,1560,14,1010.9,862,10,1010.8,1977,23,1011.3,27,3,1011.4,1377,4,1011.5,1218,7,1011.6,185,5,1011.7,759,8
317,2025-11-26 14:01:41+05:30,1011.3,3,1001.44,7560563,422977.0,438486.0,986.2,1012.8,981.3,986.2,120479250,1084.8,887.6,1102.5,649.1,1011.2,981,9,1011.1,859,10,1011.0,1572,14,1010.9,862,10,1010.8,1943,22,1011.3,23,3,1011.4,1377,4,1011.5,1218,7,1011.6,185,5,1011.7,759,8
317,2025-11-26 14:01:41+05:30,1011.3,3,1001.44,7560563,422977.0,438486.0,986.2,1012.8,981.3,986.2,120479250,1084.8,887.6,1102.5,649.1,1011.2,981,9,1011.1,859,10,1011.0,1572,14,1010.9,862,10,1010.8,1943,22,1011.3,23,3,1011.4,1377,4,1011.5,1218,7,1011.6,185,5,1011.7,759,8
317,2025-11-26 14:01:42+05:30,1011.3,3,1001.44,7560563,422947.0,438581.0,986.2,1012.8,981.3,986.2,120479250,1084.8,887.6,1102.5,649.1,1011.2,951,8,1011.1,812,9,1011.0,1619,15,1010.9,862,10,1010.8,1943,22,1011.3,129,4,1011.4,1377,4,1011.5,1218,7,1011.6,135,4,1011.7,759,8
317,2025-11-26 14:01:43+05:30,1011.3,9,1001.44,7560595,422978.0,438748.0,986.2,1012.8,981.3,986.2,120479250,1084.8,887.6,1102.5,649.1,1011.2,941,8,1011.1,859,10,1011.0,1573,15,1010.9,862,10,1010.8,1943,22,1011.3,121,2,1011.4,1377,4,1011.5,1218,7,1011.6,135,4,1011.7,759,8
317,2025-11-26 14:01:43+05:30,1011.3,9,1001.44,7560595,422978.0,438748.0,986.2,1012.8,981.3,986.2,120479250,1084.8,887.6,1102.5,649.1,1011.2,941,8,1011.1,859,10,1011.0,1573,15,1010.9,862,10,1010.8,1943,22,1011.3,121,2,1011.4,1377,4,1011.5,1218,7,1011.6,135,4,1011.7,759,8
317,2025-11-26 14:01:44+05:30,1011.3,216,1001.44,7561104,421884.0,438751.0,986.2,1012.8,981.3,986.2,120479250,1084.8,887.6,1102.5,649.1,1011.3,7,1,1011.2,618,7,1011.1,839,10,1011.0,1547,14,1010.9,969,13,1011.4,1377,4,1011.5,1218,7,1011.6,135,4,1011.7,789,9,1011.8,1125,20
317,2025-11-26 14:01:44+05:30,1011.3,216,1001.44,7561104,421884.0,438751.0,986.2,1012.8,981.3,986.2,120479250,1084.8,887.6,1102.5,649.1,1011.3,7,1,1011.2,618,7,1011.1,839,10,1011.0,1547,14,1010.9,969,13,1011.4,1377,4,1011.5,1218,7,1011.6,135,4,1011.7,789,9,1011.8,1125,20
317,2025-11-26 14:01:45+05:30,1011.3,216,1001.44,7561104,421867.0,439108.0,986.2,1012.8,981.3,986.2,120479250,1084.8,887.6,1102.5,649.1,1011.3,11,2,1011.2,605,6,1011.1,839,10,1011.0,1547,14,1010.9,969,13,1011.4,1659,5,1011.5,1218,7,1011.6,182,5,1011.7,812,10,1011.8,1125,20
317,2025-11-26 14:01:45+05:30,1011.4,3,1001.44,7561104,421867.0,439108.0,986.2,1012.8,981.3,986.2,120479250,1084.8,887.6,1102.5,649.1,1011.3,11,2,1011.2,605,6,1011.1,839,10,1011.0,1547,14,1010.9,969,13,1011.4,1659,5,1011.5,1218,7,1011.6,182,5,1011.7,812,10,1011.8,1125,20
317,2025-11-26 14:01:46+05:30,1011.4,1,1001.44,7561111,421868.0,439088.0,986.2,1012.8,981.3,986.2,120479250,1084.8,887.6,1102.5,649.1,1011.3,11,2,1011.2,636,7,1011.1,839,10,1011.0,1547,14,1010.9,969,13,1011.4,1652,5,1011.5,1218,7,1011.6,135,4,1011.7,786,8,1011.8,1173,21
317,2025-11-26 14:01:46+05:30,1011.4,1,1001.44,7561111,421868.0,439088.0,986.2,1012.8,981.3,986.2,120479250,1084.8,887.6,1102.5,649.1,1011.3,11,2,1011.2,636,7,1011.1,839,10,1011.0,1547,14,1010.9,969,13,1011.4,1652,5,1011.5,1218,7,1011.6,135,4,1011.7,786,8,1011.8,1173,21
317,2025-11-26 14:01:47+05:30,1011.4,1,1001.44,7561112,422893.0,439128.0,986.2,1012.8,981.3,986.2,120479250,1084.8,887.6,1102.5,649.1,1011.3,11,2,1011.2,1151,9,1011.1,412,10,1011.0,1547,14,1010.9,948,14,1011.4,1652,6,1011.5,1218,7,1011.6,135,4,1011.7,786,8,1011.8,1175,22
317,2025-11-26 14:01:47+05:30,1011.4,1,1001.44,7561112,422893.0,439128.0,986.2,1012.8,981.3,986.2,120479250,1084.8,887.6,1102.5,649.1,1011.3,11,2,1011.2,1151,9,1011.1,412,10,1011.0,1547,14,1010.9,948,14,1011.4,1652,6,1011.5,1218,7,1011.6,135,4,1011.7,786,8,1011.8,1175,22
317,2025-11-26 14:01:48+05:30,1011.4,1,1001.44,7561112,423468.0,439085.0,986.2,1012.8,981.3,986.2,120479250,1084.8,887.6,1102.5,649.1,1011.3,41,3,1011.2,1151,9,1011.1,1004,12,1011.0,1547,14,1010.9,901,13,1011.4,1652,6,1011.5,1418,8,1011.6,135,4,1011.7,586,7,1011.8,1128,21
317,2025-11-26 14:01:49+05:30,1011.3,61,1001.44,7561223,423485.0,439073.0,986.2,1012.8,981.3,986.2,120479250,1084.8,887.6,1102.5,649.1,1011.3,18,1,1011.2,1262,10,1011.1,412,10,1011.0,1594,15,1010.9,901,13,1011.4,1652,6,1011.5,1418,8,1011.6,13,3,1011.7,556,6,1011.8,1088,21
317,2025-11-26 14:01:49+05:30,1011.3,61,1001.44,7561223,423485.0,439073.0,986.2,1012.8,981.3,986.2,120479250,1084.8,887.6,1102.5,649.1,1011.3,18,1,1011.2,1262,10,1011.1,412,10,1011.0,1594,15,1010.9,901,13,1011.4,1652,6,1011.5,1418,8,1011.6,13,3,1011.7,556,6,1011.8,1088,21
317,2025-11-26 14:01:50+05:30,1011.4,1,1001.44,7561224,423391.0,439082.0,986.2,1012.8,981.3,986.2,120479250,1084.8,887.6,1102.5,649.1,1011.3,126,3,1011.2,1060,8,1011.1,459,11,1011.0,1574,15,1010.9,874,12,1011.4,1721,7,1011.5,1418,8,1011.6,13,3,1011.7,556,6,1011.8,1088,21
317,2025-11-26 14:01:50+05:30,1011.4,1,1001.44,7561224,423391.0,439082.0,986.2,1012.8,981.3,986.2,120479250,1084.8,887.6,1102.5,649.1,1011.3,126,3,1011.2,1060,8,1011.1,459,11,1011.0,1574,15,1010.9,874,12,1011.4,1721,7,1011.5,1418,8,1011.6,13,3,1011.7,556,6,1011.8,1088,21
317,2025-11-26 14:01:51+05:30,1011.3,2,1001.44,7561245,423384.0,439185.0,986.2,1012.8,981.3,986.2,120479250,1084.8,887.6,1102.5,649.1,1011.3,124,3,1011.2,1060,8,1011.1,454,11,1011.0,1574,15,1010.9,874,12,1011.4,1720,7,1011.5,1428,9,1011.6,13,3,1011.7,556,6,1011.8,1088,21
317,2025-11-26 14:01:51+05:30,1011.2,202,1001.44,7561245,423384.0,439185.0,986.2,1012.8,981.3,986.2,120479250,1084.8,887.6,1102.5,649.1,1011.3,124,3,1011.2,1060,8,1011.1,454,11,1011.0,1574,15,1010.9,874,12,1011.4,1720,7,1011.5,1428,9,1011.6,13,3,1011.7,556,6,1011.8,1088,21
317,2025-11-26 14:01:52+05:30,1011.2,202,1001.44,7562232,421640.0,439355.0,986.2,1012.8,981.3,986.2,120479250,1084.8,887.6,1102.5,649.1,1011.2,398,7,1011.1,203,7,1011.0,1595,16,1010.9,874,12,1010.8,1164,14,1011.4,1720,7,1011.5,1428,9,1011.6,135,4,1011.7,896,8,1011.8,830,21
317,2025-11-26 14:01:53+05:30,1011.4,201,1001.44,7562535,421869.0,438623.0,986.2,1012.8,981.3,986.2,120479250,1084.8,887.6,1102.5,649.1,1011.2,89,5,1011.1,795,10,1011.0,1636,16,1010.9,909,14,1010.8,1085,9,1011.4,1488,7,1011.5,1428,9,1011.6,135,4,1011.7,556,6,1011.8,1128,22
317,2025-11-26 14:01:53+05:30,1011.4,201,1001.44,7562535,421869.0,438623.0,986.2,1012.8,981.3,986.2,120479250,1084.8,887.6,1102.5,649.1,1011.2,89,5,1011.1,795,10,1011.0,1636,16,1010.9,909,14,1010.8,1085,9,1011.4,1488,7,1011.5,1428,9,1011.6,135,4,1011.7,556,6,1011.8,1128,22
317,2025-11-26 14:01:54+05:30,1011.4,201,1001.44,7562535,422018.0,438599.0,986.2,1012.8,981.3,986.2,120479250,1084.8,887.6,1102.5,649.1,1011.2,169,7,1011.1,795,10,1011.0,1636,16,1010.9,953,17,1010.8,1085,9,1011.4,1488,7,1011.5,1428,9,1011.6,135,4,1011.7,556,6,1011.8,1128,22
317,2025-11-26 14:01:54+05:30,1011.4,138,1001.44,7562535,422018.0,438599.0,986.2,1012.8,981.3,986.2,120479250,1084.8,887.6,1102.5,649.1,1011.2,169,7,1011.1,795,10,1011.0,1636,16,1010.9,953,17,1010.8,1085,9,1011.4,1488,7,1011.5,1428,9,1011.6,135,4,1011.7,556,6,1011.8,1128,22
317,2025-11-26 14:01:55+05:30,1011.4,2,1001.44,7564025,423717.0,436500.0,986.2,1012.8,981.3,986.2,120479250,1084.8,887.6,1102.5,649.1,1011.3,519,12,1011.2,1060,11,1011.1,396,9,1011.0,1567,14,1010.9,979,18,1011.4,410,3,1011.5,1423,8,1011.6,13,3,1011.7,298,4,1011.8,608,17
317,2025-11-26 14:01:55+05:30,1011.4,12,1001.44,7564025,423717.0,436500.0,986.2,1012.8,981.3,986.2,120479250,1084.8,887.6,1102.5,649.1,1011.3,519,12,1011.2,1060,11,1011.1,396,9,1011.0,1567,14,1010.9,979,18,1011.4,410,3,1011.5,1423,8,1011.6,13,3,1011.7,298,4,1011.8,608,17
317,2025-11-26 14:01:56+05:30,1011.4,2,1001.44,7564052,423717.0,436617.0,986.2,1012.8,981.3,986.2,120479250,1084.8,887.6,1102.5,649.1,1011.3,519,12,1011.2,1018,10,1011.1,438,10,1011.0,1567,14,1010.9,979,18,1011.4,383,3,1011.5,1423,8,1011.6,135,4,1011.7,298,4,1011.8,608,17
317,2025-11-26 14:01:56+05:30,1011.4,2,1001.44,7564052,423717.0,436617.0,986.2,1012.8,981.3,986.2,120479250,1084.8,887.6,1102.5,649.1,1011.3,519,12,1011.2,1018,10,1011.1,438,10,1011.0,1567,14,1010.9,979,18,1011.4,383,3,1011.5,1423,8,1011.6,135,4,1011.7,298,4,1011.8,608,17
317,2025-11-26 14:01:57+05:30,1011.4,140,1001.44,7565343,424849.0,435738.0,986.2,1012.8,981.3,986.2,120479250,1084.8,887.6,1102.5,649.1,1011.4,1157,14,1011.3,350,8,1011.2,1246,13,1011.1,1074,9,1011.0,1664,16,1011.5,2004,9,1011.6,13,3,1011.7,62,2,1011.8,296,10,1011.9,633,7
317,2025-11-26 14:01:57+05:30,1011.5,5,1001.44,7565343,424849.0,435738.0,986.2,1012.8,981.3,986.2,120479250,1084.8,887.6,1102.5,649.1,1011.4,1157,14,1011.3,350,8,1011.2,1246,13,1011.1,1074,9,1011.0,1664,16,1011.5,2004,9,1011.6,13,3,1011.7,62,2,1011.8,296,10,1011.9,633,7
317,2025-11-26 14:01:58+05:30,1011.5,5,1001.44,7565458,424739.0,435647.0,986.2,1012.8,981.3,986.2,120479250,1084.8,887.6,1102.5,649.1,1011.4,1157,14,1011.3,240,7,1011.2,1246,13,1011.1,1074,9,1011.0,1664,16,1011.5,1889,9,1011.6,13,3,1011.7,62,2,1011.8,354,7,1011.9,1028,15
317,2025-11-26 14:01:59+05:30,1011.5,101,1001.44,7565458,424739.0,435647.0,986.2,1012.8,981.3,986.2,120479250,1084.8,887.6,1102.5,649.1,1011.4,1157,14,1011.3,240,7,1011.2,1246,13,1011.1,1074,9,1011.0,1664,16,1011.5,1889,9,1011.6,13,3,1011.7,62,2,1011.8,354,7,1011.9,1028,15
317,2025-11-26 14:01:59+05:30,1011.5,101,1001.44,7566479,423162.0,436309.0,986.2,1012.8,981.3,986.2,120479250,1084.8,887.6,1102.5,649.1,1011.4,225,3,1011.3,140,5,1011.2,1286,13,1011.1,488,8,1011.0,1664,16,1011.5,2007,11,1011.6,51,4,1011.7,62,2,1011.8,354,7,1011.9,751,15
317,2025-11-26 14:02:00+05:30,1011.5,109,1001.44,7566479,423162.0,436309.0,986.2,1012.8,981.3,986.2,120479250,1084.8,887.6,1102.5,649.1,1011.4,225,3,1011.3,140,5,1011.2,1286,13,1011.1,488,8,1011.0,1664,16,1011.5,2007,11,1011.6,51,4,1011.7,62,2,1011.8,354,7,1011.9,751,15
317,2025-11-26 14:02:00+05:30,1011.5,109,1001.44,7566589,423521.0,436391.0,986.2,1012.8,981.3,986.2,120479250,1084.8,887.6,1102.5,649.1,1011.4,479,5,1011.3,247,6,1011.2,1284,13,1011.1,488,8,1011.0,1664,16,1011.5,2089,12,1011.6,51,4,1011.7,62,2,1011.8,354,7,1011.9,751,15
317,2025-11-26 14:02:01+05:30,1011.4,8,1001.44,7566589,423521.0,436391.0,986.2,1012.8,981.3,986.2,120479250,1084.8,887.6,1102.5,649.1,1011.4,479,5,1011.3,247,6,1011.2,1284,13,1011.1,488,8,1011.0,1664,16,1011.5,2089,12,1011.6,51,4,1011.7,62,2,1011.8,354,7,1011.9,751,15
317,2025-11-26 14:02:01+05:30,1011.4,8,1001.44,7567024,423609.0,436251.0,986.2,1012.8,981.3,986.2,120479250,1084.8,887.6,1102.5,649.1,1011.4,378,5,1011.3,336,7,1011.2,1375,15,1011.1,496,10,1011.0,1756,15,1011.5,1812,13,1011.6,51,4,1011.7,62,2,1011.8,354,7,1011.9,1036,15
317,2025-11-26 14:02:02+05:30,1011.4,8,1001.44,7567024,423609.0,436251.0,986.2,1012.8,981.3,986.2,120479250,1084.8,887.6,1102.5,649.1,1011.4,378,5,1011.3,336,7,1011.2,1375,15,1011.1,496,10,1011.0,1756,15,1011.5,1812,13,1011.6,51,4,1011.7,62,2,1011.8,354,7,1011.9,1036,15
317,2025-11-26 14:02:02+05:30,1011.5,32,1001.44,7567024,423609.0,436251.0,986.2,1012.8,981.3,986.2,120479250,1084.8,887.6,1102.5,649.1,1011.4,378,5,1011.3,336,7,1011.2,1375,15,1011.1,496,10,1011.0,1756,15,1011.5,1812,13,1011.6,51,4,1011.7,62,2,1011.8,354,7,1011.9,1036,15
317,2025-11-26 14:02:02+05:30,1011.5,32,1001.45,7567465,423819.0,435840.0,986.2,1012.8,981.3,986.2,120479250,1084.8,887.6,1102.5,649.1,1011.4,697,9,1011.3,227,6,1011.2,1375,15,1011.1,496,10,1011.0,1756,15,1011.5,1401,9,1011.6,51,4,1011.7,62,2,1011.8,354,7,1011.9,1036,15
317,2025-11-26 14:02:02+05:30,1011.5,32,1001.45,7567465,423819.0,435840.0,986.2,1012.8,981.3,986.2,120479250,1084.8,887.6,1102.5,649.1,1011.4,697,9,1011.3,227,6,1011.2,1375,15,1011.1,496,10,1011.0,1756,15,1011.5,1401,9,1011.6,51,4,1011.7,62,2,1011.8,354,7,1011.9,1036,15
317,2025-11-26 14:02:03+05:30,1011.5,32,1001.45,7567465,423819.0,435840.0,986.2,1012.8,981.3,986.2,120479250,1084.8,887.6,1102.5,649.1,1011.4,697,9,1011.3,227,6,1011.2,1375,15,1011.1,496,10,1011.0,1756,15,1011.5,1401,9,1011.6,51,4,1011.7,62,2,1011.8,354,7,1011.9,1036,15
317,2025-11-26 14:02:03+05:30,1011.4,65,1001.45,7567465,423819.0,435840.0,986.2,1012.8,981.3,986.2,120479250,1084.8,887.6,1102.5,649.1,1011.4,697,9,1011.3,227,6,1011.2,1375,15,1011.1,496,10,1011.0,1756,15,1011.5,1401,9,1011.6,51,4,1011.7,62,2,1011.8,354,7,1011.9,1036,15
317,2025-11-26 14:02:03+05:30,1011.4,65,1001.45,7568430,423708.0,434687.0,986.2,1012.8,981.3,986.2,120479250,1084.8,887.6,1102.5,649.1,1011.4,579,8,1011.3,187,5,1011.2,1481,16,1011.1,496,10,1011.0,1756,15,1011.5,424,5,1011.6,51,4,1011.7,62,2,1011.8,244,6,1011.9,736,14
317,2025-11-26 14:02:03+05:30,1011.4,65,1001.45,7568430,423708.0,434687.0,986.2,1012.8,981.3,986.2,120479250,1084.8,887.6,1102.5,649.1,1011.4,579,8,1011.3,187,5,1011.2,1481,16,1011.1,496,10,1011.0,1756,15,1011.5,424,5,1011.6,51,4,1011.7,62,2,1011.8,244,6,1011.9,736,14
317,2025-11-26 14:02:04+05:30,1011.4,65,1001.45,7568430,423708.0,434687.0,986.2,1012.8,981.3,986.2,120479250,1084.8,887.6,1102.5,649.1,1011.4,579,8,1011.3,187,5,1011.2,1481,16,1011.1,496,10,1011.0,1756,15,1011.5,424,5,1011.6,51,4,1011.7,62,2,1011.8,244,6,1011.9,736,14
317,2025-11-26 14:02:04+05:30,1011.4,25,1001.45,7568430,423708.0,434687.0,986.2,1012.8,981.3,986.2,120479250,1084.8,887.6,1102.5,649.1,1011.4,579,8,1011.3,187,5,1011.2,1481,16,1011.1,496,10,1011.0,1756,15,1011.5,424,5,1011.6,51,4,1011.7,62,2,1011.8,244,6,1011.9,736,14
317,2025-11-26 14:02:04+05:30,1011.4,25,1001.45,7569284,425193.0,434372.0,986.2,1012.8,981.3,986.2,120479250,1084.8,887.6,1102.5,649.1,1011.4,611,9,1011.3,1089,8,1011.2,691,14,1011.1,544,11,1011.0,1833,20,1011.5,296,4,1011.6,51,4,1011.7,20,1,1011.8,239,4,1011.9,633,8
317,2025-11-26 14:02:04+05:30,1011.4,25,1001.45,7569284,425193.0,434372.0,986.2,1012.8,981.3,986.2,120479250,1084.8,887.6,1102.5,649.1,1011.4,611,9,1011.3,1089,8,1011.2,691,14,1011.1,544,11,1011.0,1833,20,1011.5,296,4,1011.6,51,4,1011.7,20,1,1011.8,239,4,1011.9,633,8
317,2025-11-26 14:02:05+05:30,1011.4,25,1001.45,7569284,425193.0,434372.0,986.2,1012.8,981.3,986.2,120479250,1084.8,887.6,1102.5,649.1,1011.4,611,9,1011.3,1089,8,1011.2,691,14,1011.1,544,11,1011.0,1833,20,1011.5,296,4,1011.6,51,4,1011.7,20,1,1011.8,239,4,1011.9,633,8
317,2025-11-26 14:02:05+05:30,1011.5,1,1001.45,7569284,425193.0,434372.0,986.2,1012.8,981.3,986.2,120479250,1084.8,887.6,1102.5,649.1,1011.4,611,9,1011.3,1089,8,1011.2,691,14,1011.1,544,11,1011.0,1833,20,1011.5,296,4,1011.6,51,4,1011.7,20,1,1011.8,239,4,1011.9,633,8
317,2025-11-26 14:02:05+05:30,1011.5,1,1001.45,7569284,425193.0,434372.0,986.2,1012.8,981.3,986.2,120479250,1084.8,887.6,1102.5,649.1,1011.4,611,9,1011.3,1089,8,1011.2,691,14,1011.1,544,11,1011.0,1833,20,1011.5,296,4,1011.6,51,4,1011.7,20,1,1011.8,239,4,1011.9,633,8
317,2025-11-26 14:02:05+05:30,1011.5,1,1001.45,7569287,425236.0,434394.0,986.2,1012.8,981.3,986.2,120479250,1084.8,887.6,1102.5,649.1,1011.4,626,10,1011.3,1089,8,1011.2,691,14,1011.1,544,11,1011.0,1861,22,1011.5,293,4,1011.6,51,4,1011.7,20,1,1011.8,239,4,1011.9,696,9
317,2025-11-26 14:02:05+05:30,1011.5,1,1001.45,7569287,425236.0,434394.0,986.2,1012.8,981.3,986.2,120479250,1084.8,887.6,1102.5,649.1,1011.4,626,10,1011.3,1089,8,1011.2,691,14,1011.1,544,11,1011.0,1861,22,1011.5,293,4,1011.6,51,4,1011.7,20,1,1011.8,239,4,1011.9,696,9
317,2025-11-26 14:02:06+05:30,1011.5,1,1001.45,7569287,425236.0,434394.0,986.2,1012.8,981.3,986.2,120479250,1084.8,887.6,1102.5,649.1,1011.4,626,10,1011.3,1089,8,1011.2,691,14,1011.1,544,11,1011.0,1861,22,1011.5,293,4,1011.6,51,4,1011.7,20,1,1011.8,239,4,1011.9,696,9
317,2025-11-26 14:02:06+05:30,1011.4,1,1001.45,7569287,425236.0,434394.0,986.2,1012.8,981.3,986.2,120479250,1084.8,887.6,1102.5,649.1,1011.4,626,10,1011.3,1089,8,1011.2,691,14,1011.1,544,11,1011.0,1861,22,1011.5,293,4,1011.6,51,4,1011.7,20,1,1011.8,239,4,1011.9,696,9
317,2025-11-26 14:02:06+05:30,1011.4,1,1001.45,7569694,425383.0,433800.0,986.2,1012.8,981.3,986.2,120479250,1084.8,887.6,1102.5,649.1,1011.4,978,16,1011.3,1243,11,1011.2,634,12,1011.1,738,10,1011.0,1880,23,1011.5,78,3,1011.6,51,4,1011.7,20,1,1011.8,119,3,1011.9,633,8
317,2025-11-26 14:02:06+05:30,1011.4,1,1001.45,7569694,425383.0,433800.0,986.2,1012.8,981.3,986.2,120479250,1084.8,887.6,1102.5,649.1,1011.4,978,16,1011.3,1243,11,1011.2,634,12,1011.1,738,10,1011.0,1880,23,1011.5,78,3,1011.6,51,4,1011.7,20,1,1011.8,119,3,1011.9,633,8
317,2025-11-26 14:02:07+05:30,1011.4,1,1001.45,7569694,425383.0,433800.0,986.2,1012.8,981.3,986.2,120479250,1084.8,887.6,1102.5,649.1,1011.4,978,16,1011.3,1243,11,1011.2,634,12,1011.1,738,10,1011.0,1880,23,1011.5,78,3,1011.6,51,4,1011.7,20,1,1011.8,119,3,1011.9,633,8
317,2025-11-26 14:02:07+05:30,1011.4,4,1001.45,7569694,425383.0,433800.0,986.2,1012.8,981.3,986.2,120479250,1084.8,887.6,1102.5,649.1,1011.4,978,16,1011.3,1243,11,1011.2,634,12,1011.1,738,10,1011.0,1880,23,1011.5,78,3,1011.6,51,4,1011.7,20,1,1011.8,119,3,1011.9,633,8
317,2025-11-26 14:02:07+05:30,1011.4,4,1001.45,7569694,425383.0,433800.0,986.2,1012.8,981.3,986.2,120479250,1084.8,887.6,1102.5,649.1,1011.4,978,16,1011.3,1243,11,1011.2,634,12,1011.1,738,10,1011.0,1880,23,1011.5,78,3,1011.6,51,4,1011.7,20,1,1011.8,119,3,1011.9,633,8
317,2025-11-26 14:02:07+05:30,1011.4,4,1001.45,7570000,425099.0,433500.0,986.2,1012.8,981.3,986.2,120479250,1084.8,887.6,1102.5,649.1,1011.4,854,14,1011.3,1181,10,1011.2,634,12,1011.1,738,10,1011.0,1754,22,1011.5,66,2,1011.6,51,4,1011.7,20,1,1011.8,119,3,1011.9,489,7
317,2025-11-26 14:02:08+05:30,1011.6,150,1001.45,7570000,425099.0,433500.0,986.2,1012.8,981.3,986.2,120479250,1084.8,887.6,1102.5,649.1,1011.4,854,14,1011.3,1181,10,1011.2,634,12,1011.1,738,10,1011.0,1754,22,1011.5,66,2,1011.6,51,4,1011.7,20,1,1011.8,119,3,1011.9,489,7
317,2025-11-26 14:02:08+05:30,1011.7,86,1001.45,7570916,426158.0,433274.0,986.2,1012.8,981.3,986.2,120479250,1084.8,887.6,1102.5,649.1,1011.6,252,3,1011.5,49,1,1011.4,1384,9,1011.3,423,7,1011.2,636,12,1011.7,411,2,1011.8,60,2,1011.9,414,7,1012.0,4176,40,1012.1,1107,18
317,2025-11-26 14:02:09+05:30,1011.6,14,1001.45,7570916,426158.0,433274.0,986.2,1012.8,981.3,986.2,120479250,1084.8,887.6,1102.5,649.1,1011.6,252,3,1011.5,49,1,1011.4,1384,9,1011.3,423,7,1011.2,636,12,1011.7,411,2,1011.8,60,2,1011.9,414,7,1012.0,4176,40,1012.1,1107,18
317,2025-11-26 14:02:09+05:30,1011.6,14,1001.45,7571296,426276.0,433790.0,986.2,1012.8,981.3,986.2,120479250,1084.8,887.6,1102.5,649.1,1011.4,955,8,1011.3,794,8,1011.2,633,11,1011.1,627,12,1011.0,2255,21,1011.6,452,3,1011.7,91,1,1011.8,180,3,1011.9,521,8,1012.0,4549,42
317,2025-11-26 14:02:10+05:30,1011.6,117,1001.45,7571296,426276.0,433790.0,986.2,1012.8,981.3,986.2,120479250,1084.8,887.6,1102.5,649.1,1011.4,955,8,1011.3,794,8,1011.2,633,11,1011.1,627,12,1011.0,2255,21,1011.6,452,3,1011.7,91,1,1011.8,180,3,1011.9,521,8,1012.0,4549,42
317,2025-11-26 14:02:10+05:30,1011.5,20,1001.45,7571436,426402.0,433683.0,986.2,1012.8,981.3,986.2,120479250,1084.8,887.6,1102.5,649.1,1011.5,422,5,1011.4,1142,10,1011.3,531,9,1011.2,693,11,1011.1,627,12,1011.6,483,4,1011.7,91,1,1011.8,65,3,1011.9,414,7,1012.0,4251,41
317,2025-11-26 14:02:11+05:30,1011.6,2,1001.45,7571436,426402.0,433683.0,986.2,1012.8,981.3,986.2,120479250,1084.8,887.6,1102.5,649.1,1011.5,422,5,1011.4,1142,10,1011.3,531,9,1011.2,693,11,1011.1,627,12,1011.6,483,4,1011.7,91,1,1011.8,65,3,1011.9,414,7,1012.0,4251,41
317,2025-11-26 14:02:11+05:30,1011.6,2,1001.45,7571438,426396.0,433696.0,986.2,1012.8,981.3,986.2,120479250,1084.8,887.6,1102.5,649.1,1011.5,425,6,1011.4,1142,10,1011.3,531,9,1011.2,684,10,1011.1,627,12,1011.6,487,5,1011.7,91,1,1011.8,65,3,1011.9,414,7,1012.0,4251,41
317,2025-11-26 14:02:12+05:30,1011.6,2,1001.45,7571438,426396.0,433696.0,986.2,1012.8,981.3,986.2,120479250,1084.8,887.6,1102.5,649.1,1011.5,425,6,1011.4,1142,10,1011.3,531,9,1011.2,684,10,1011.1,627,12,1011.6,487,5,1011.7,91,1,1011.8,65,3,1011.9,414,7,1012.0,4251,41
317,2025-11-26 14:02:12+05:30,1011.6,4,1001.45,7572254,426334.0,432361.0,986.2,1012.8,981.3,986.2,120479250,1084.8,887.6,1102.5,649.1,1011.5,426,6,1011.4,1245,12,1011.3,530,9,1011.2,709,11,1011.1,627,12,1011.6,224,3,1011.7,91,1,1011.8,65,3,1011.9,230,3,1012.0,4201,40
317,2025-11-26 14:02:13+05:30,1011.5,137,1001.45,7572254,426334.0,432361.0,986.2,1012.8,981.3,986.2,120479250,1084.8,887.6,1102.5,649.1,1011.5,426,6,1011.4,1245,12,1011.3,530,9,1011.2,709,11,1011.1,627,12,1011.6,224,3,1011.7,91,1,1011.8,65,3,1011.9,230,3,1012.0,4201,40
317,2025-11-26 14:02:13+05:30,1011.5,137,1001.45,7572423,426208.0,433264.0,986.2,1012.8,981.3,986.2,120479250,1084.8,887.6,1102.5,649.1,1011.5,281,7,1011.4,1121,11,1011.3,530,9,1011.2,629,9,1011.1,627,12,1011.6,286,4,1011.7,131,2,1011.8,65,3,1011.9,230,3,1012.0,4272,42
317,2025-11-26 14:02:14+05:30,1011.6,4,1001.45,7572423,426208.0,433264.0,986.2,1012.8,981.3,986.2,120479250,1084.8,887.6,1102.5,649.1,1011.5,281,7,1011.4,1121,11,1011.3,530,9,1011.2,629,9,1011.1,627,12,1011.6,286,4,1011.7,131,2,1011.8,65,3,1011.9,230,3,1012.0,4272,42
317,2025-11-26 14:02:14+05:30,1011.6,4,1001.45,7573211,426985.0,433189.0,986.2,1012.8,981.3,986.2,120479250,1084.8,887.6,1102.5,649.1,1011.5,309,6,1011.4,1337,11,1011.3,542,9,1011.2,708,10,1011.1,829,13,1011.6,10,2,1011.7,131,2,1011.8,65,3,1011.9,230,3,1012.0,4322,43
317,2025-11-26 14:02:15+05:30,1011.6,1,1001.45,7573211,426985.0,433189.0,986.2,1012.8,981.3,986.2,120479250,1084.8,887.6,1102.5,649.1,1011.5,309,6,1011.4,1337,11,1011.3,542,9,1011.2,708,10,1011.1,829,13,1011.6,10,2,1011.7,131,2,1011.8,65,3,1011.9,230,3,1012.0,4322,43
317,2025-11-26 14:02:15+05:30,1011.6,1,1001.45,7573217,427003.0,433263.0,986.2,1012.8,981.3,986.2,120479250,1084.8,887.6,1102.5,649.1,1011.5,265,6,1011.4,1376,12,1011.3,542,9,1011.2,708,10,1011.1,852,14,1011.6,13,3,1011.7,131,2,1011.8,65,3,1011.9,230,3,1012.0,4322,43
317,2025-11-26 14:02:16+05:30,1011.7,108,1001.45,7573217,427003.0,433263.0,986.2,1012.8,981.3,986.2,120479250,1084.8,887.6,1102.5,649.1,1011.5,265,6,1011.4,1376,12,1011.3,542,9,1011.2,708,10,1011.1,852,14,1011.6,13,3,1011.7,131,2,1011.8,65,3,1011.9,230,3,1012.0,4322,43
317,2025-11-26 14:02:16+05:30,1011.7,108,1001.45,7573937,425911.0,432428.0,986.2,1012.8,981.3,986.2,120479250,1084.8,887.6,1102.5,649.1,1011.7,208,4,1011.6,244,3,1011.5,9,1,1011.4,1185,9,1011.3,518,11,1011.8,257,4,1011.9,186,3,1012.0,3993,38,1012.1,974,19,1012.2,1237,10
317,2025-11-26 14:02:17+05:30,1011.8,52,1001.45,7573937,425911.0,432428.0,986.2,1012.8,981.3,986.2,120479250,1084.8,887.6,1102.5,649.1,1011.7,208,4,1011.6,244,3,1011.5,9,1,1011.4,1185,9,1011.3,518,11,1011.8,257,4,1011.9,186,3,1012.0,3993,38,1012.1,974,19,1012.2,1237,10
317,2025-11-26 14:02:17+05:30,1011.8,52,1001.45,7574253,426140.0,431344.0,986.2,1012.8,981.3,986.2,120479250,1084.8,887.6,1102.5,649.1,1011.7,80,3,1011.6,262,6,1011.5,94,3,1011.4,1129,5,1011.3,776,13,1011.8,112,3,1011.9,53,1,1012.0,3850,38,1012.1,913,13,1012.2,729,13
317,2025-11-26 14:02:18+05:30,1011.7,82,1001.45,7574253,426140.0,431344.0,986.2,1012.8,981.3,986.2,120479250,1084.8,887.6,1102.5,649.1,1011.7,80,3,1011.6,262,6,1011.5,94,3,1011.4,1129,5,1011.3,776,13,1011.8,112,3,1011.9,53,1,1012.0,3850,38,1012.1,913,13,1012.2,729,13
317,2025-11-26 14:02:18+05:30,1011.7,82,1001.46,7574773,426299.0,431058.0,986.2,1012.8,981.3,986.2,120479250,1084.8,887.6,1102.5,649.1,1011.7,336,4,1011.6,88,6,1011.5,958,5,1011.4,544,5,1011.3,750,11,1011.8,21,1,1011.9,188,2,1012.0,4069,43,1012.1,841,12,1012.2,631,10
317,2025-11-26 14:02:19+05:30,1011.7,13,1001.46,7574773,426299.0,431058.0,986.2,1012.8,981.3,986.2,120479250,1084.8,887.6,1102.5,649.1,1011.7,336,4,1011.6,88,6,1011.5,958,5,1011.4,544,5,1011.3,750,11,1011.8,21,1,1011.9,188,2,1012.0,4069,43,1012.1,841,12,1012.2,631,10
317,2025-11-26 14:02:19+05:30,1011.7,13,1001.46,7575546,427457.0,431282.0,986.2,1012.8,981.3,986.2,120479250,1084.8,887.6,1102.5,649.1,1011.6,162,8,1011.5,998,7,1011.4,742,8,1011.3,794,14,1011.2,1240,13,1011.7,206,3,1011.9,255,2,1012.0,3917,38,1012.1,686,15,1012.2,670,11
317,2025-11-26 14:02:20+05:30,1011.7,78,1001.46,7575546,427457.0,431282.0,986.2,1012.8,981.3,986.2,120479250,1084.8,887.6,1102.5,649.1,1011.6,162,8,1011.5,998,7,1011.4,742,8,1011.3,794,14,1011.2,1240,13,1011.7,206,3,1011.9,255,2,1012.0,3917,38,1012.1,686,15,1012.2,670,11
317,2025-11-26 14:02:20+05:30,1011.7,78,1001.46,7575684,427331.0,431235.0,986.2,1012.8,981.3,986.2,120479250,1084.8,887.6,1102.5,649.1,1011.6,225,10,1011.5,998,7,1011.4,742,8,1011.3,794,14,1011.2,1240,13,1011.7,260,4,1011.9,136,2,1012.0,3917,38,1012.1,984,16,1012.2,670,11
317,2025-11-26 14:02:21+05:30,1011.7,1,1001.46,7575684,427331.0,431235.0,986.2,1012.8,981.3,986.2,120479250,1084.8,887.6,1102.5,649.1,1011.6,225,10,1011.5,998,7,1011.4,742,8,1011.3,794,14,1011.2,1240,13,1011.7,260,4,1011.9,136,2,1012.0,3917,38,1012.1,984,16,1012.2,670,11
317,2025-11-26 14:02:21+05:30,1011.7,95,1001.46,7575781,427324.0,431942.0,986.2,1012.8,981.3,986.2,120479250,1084.8,887.6,1102.5,649.1,1011.6,172,9,1011.5,927,6,1011.4,664,6,1011.3,866,16,1011.2,1240,13,1011.7,518,5,1011.9,136,2,1012.0,3947,39,1012.1,686,15,1012.2,670,11
317,2025-11-26 14:02:22+05:30,1011.7,72,1001.46,7575781,427324.0,431942.0,986.2,1012.8,981.3,986.2,120479250,1084.8,887.6,1102.5,649.1,1011.6,172,9,1011.5,927,6,1011.4,664,6,1011.3,866,16,1011.2,1240,13,1011.7,518,5,1011.9,136,2,1012.0,3947,39,1012.1,686,15,1012.2,670,11
317,2025-11-26 14:02:23+05:30,1011.7,4,1001.46,7576229,428250.0,431435.0,986.2,1012.8,981.3,986.2,120479250,1084.8,887.6,1102.5,649.1,1011.6,874,15,1011.5,1179,9,1011.4,761,8,1011.3,768,12,1011.2,832,15,1011.7,210,4,1011.9,136,2,1012.0,3829,37,1012.1,883,14,1012.2,631,10
317,2025-11-26 14:02:23+05:30,1011.7,23,1001.46,7576229,428250.0,431435.0,986.2,1012.8,981.3,986.2,120479250,1084.8,887.6,1102.5,649.1,1011.6,874,15,1011.5,1179,9,1011.4,761,8,1011.3,768,12,1011.2,832,15,1011.7,210,4,1011.9,136,2,1012.0,3829,37,1012.1,883,14,1012.2,631,10
317,2025-11-26 14:02:23+05:30,1011.7,23,1001.46,7576252,428241.0,431583.0,986.2,1012.8,981.3,986.2,120479250,1084.8,887.6,1102.5,649.1,1011.6,823,15,1011.5,1179,9,1011.4,761,8,1011.3,768,12,1011.2,832,15,1011.7,187,4,1011.9,136,2,1012.0,3829,37,1012.1,883,14,1012.2,631,10
317,2025-11-26 14:02:24+05:30,1011.9,1,1001.46,7576252,428241.0,431583.0,986.2,1012.8,981.3,986.2,120479250,1084.8,887.6,1102.5,649.1,1011.6,823,15,1011.5,1179,9,1011.4,761,8,1011.3,768,12,1011.2,832,15,1011.7,187,4,1011.9,136,2,1012.0,3829,37,1012.1,883,14,1012.2,631,10
317,2025-11-26 14:02:25+05:30,1011.9,73,1001.46,7577259,426351.0,431524.0,986.2,1012.8,981.3,986.2,120479250,1084.8,887.6,1102.5,649.1,1011.8,109,2,1011.7,25,3,1011.6,51,6,1011.5,1179,8,1011.4,740,8,1011.9,383,4,1012.0,3914,40,1012.1,870,13,1012.2,531,9,1012.3,869,16
317,2025-11-26 14:02:25+05:30,1012.0,12,1001.46,7577259,426351.0,431524.0,986.2,1012.8,981.3,986.2,120479250,1084.8,887.6,1102.5,649.1,1011.8,109,2,1011.7,25,3,1011.6,51,6,1011.5,1179,8,1011.4,740,8,1011.9,383,4,1012.0,3914,40,1012.1,870,13,1012.2,531,9,1012.3,869,16
317,2025-11-26 14:02:25+05:30,1012.0,2,1001.46,7577399,427046.0,430592.0,986.2,1012.8,981.3,986.2,120479250,1084.8,887.6,1102.5,649.1,1011.8,108,3,1011.7,33,3,1011.6,964,9,1011.5,429,7,1011.4,753,9,1012.0,4018,40,1012.1,295,8,1012.2,794,9,1012.3,829,18,1012.4,915,12
317,2025-11-26 14:02:26+05:30,1011.9,79,1001.46,7577399,427046.0,430592.0,986.2,1012.8,981.3,986.2,120479250,1084.8,887.6,1102.5,649.1,1011.8,108,3,1011.7,33,3,1011.6,964,9,1011.5,429,7,1011.4,753,9,1012.0,4018,40,1012.1,295,8,1012.2,794,9,1012.3,829,18,1012.4,915,12
317,2025-11-26 14:02:26+05:30,1011.9,79,1001.46,7577504,428873.0,430508.0,986.2,1012.8,981.3,986.2,120479250,1084.8,887.6,1102.5,649.1,1011.8,713,8,1011.7,170,6,1011.6,1106,12,1011.5,456,7,1011.4,778,10,1011.9,161,2,1012.0,3777,39,1012.1,295,8,1012.2,380,6,1012.3,829,18
317,2025-11-26 14:02:27+05:30,1011.9,84,1001.46,7577504,428873.0,430508.0,986.2,1012.8,981.3,986.2,120479250,1084.8,887.6,1102.5,649.1,1011.8,713,8,1011.7,170,6,1011.6,1106,12,1011.5,456,7,1011.4,778,10,1011.9,161,2,1012.0,3777,39,1012.1,295,8,1012.2,380,6,1012.3,829,18
317,2025-11-26 14:02:27+05:30,1011.9,84,1001.46,7577613,423701.0,431437.0,986.2,1012.8,981.3,986.2,120479250,1084.8,887.6,1102.5,649.1,1011.9,109,1,1011.8,651,8,1011.7,46,4,1011.6,1100,9,1011.5,483,7,1012.0,4119,42,1012.1,295,8,1012.2,416,7,1012.3,1149,20,1012.4,908,12
317,2025-11-26 14:02:28+05:30,1012.0,119,1001.46,7577613,423701.0,431437.0,986.2,1012.8,981.3,986.2,120479250,1084.8,887.6,1102.5,649.1,1011.9,109,1,1011.8,651,8,1011.7,46,4,1011.6,1100,9,1011.5,483,7,1012.0,4119,42,1012.1,295,8,1012.2,416,7,1012.3,1149,20,1012.4,908,12
317,2025-11-26 14:02:28+05:30,1011.9,150,1001.46,7578424,424301.0,430603.0,986.2,1012.8,981.3,986.2,120479250,1084.8,887.6,1102.5,649.1,1011.8,294,4,1011.7,135,6,1011.6,1300,12,1011.5,629,8,1011.4,1385,12,1011.9,62,1,1012.0,3928,36,1012.1,67,6,1012.2,702,8,1012.3,820,16
317,2025-11-26 14:02:29+05:30,1011.9,150,1001.46,7578424,424301.0,430603.0,986.2,1012.8,981.3,986.2,120479250,1084.8,887.6,1102.5,649.1,1011.8,294,4,1011.7,135,6,1011.6,1300,12,1011.5,629,8,1011.4,1385,12,1011.9,62,1,1012.0,3928,36,1012.1,67,6,1012.2,702,8,1012.3,820,16
317,2025-11-26 14:02:29+05:30,1011.9,22,1001.46,7578601,428331.0,430565.0,986.2,1012.8,981.3,986.2,120479250,1084.8,887.6,1102.5,649.1,1011.8,152,3,1011.7,176,6,1011.6,1231,11,1011.5,665,9,1011.4,1385,12,1012.0,4015,38,1012.1,146,7,1012.2,798,10,1012.3,875,17,1012.4,965,15
317,2025-11-26 14:02:30+05:30,1012.0,29,1001.46,7578601,428331.0,430565.0,986.2,1012.8,981.3,986.2,120479250,1084.8,887.6,1102.5,649.1,1011.8,152,3,1011.7,176,6,1011.6,1231,11,1011.5,665,9,1011.4,1385,12,1012.0,4015,38,1012.1,146,7,1012.2,798,10,1012.3,875,17,1012.4,965,15
317,2025-11-26 14:02:30+05:30,1012.0,25,1001.46,7578780,424005.0,430731.0,986.2,1012.8,981.3,986.2,120479250,1084.8,887.6,1102.5,649.1,1011.9,265,4,1011.8,152,3,1011.7,377,10,1011.6,1340,13,1011.5,552,6,1012.0,4045,36,1012.1,54,5,1012.2,380,6,1012.3,1045,13,1012.4,941,13
317,2025-11-26 14:02:31+05:30,1012.0,150,1001.46,7578780,424005.0,430731.0,986.2,1012.8,981.3,986.2,120479250,1084.8,887.6,1102.5,649.1,1011.9,265,4,1011.8,152,3,1011.7,377,10,1011.6,1340,13,1011.5,552,6,1012.0,4045,36,1012.1,54,5,1012.2,380,6,1012.3,1045,13,1012.4,941,13
317,2025-11-26 14:02:31+05:30,1012.0,1,1001.46,7578940,424385.0,430051.0,986.2,1012.8,981.3,986.2,120479250,1084.8,887.6,1102.5,649.1,1011.9,857,8,1011.8,96,4,1011.7,331,8,1011.6,1340,13,1011.5,552,6,1012.0,3893,36,1012.1,54,5,1012.2,380,6,1012.3,1045,13,1012.4,910,12
317,2025-11-26 14:02:32+05:30,1012.0,150,1001.46,7578940,424385.0,430051.0,986.2,1012.8,981.3,986.2,120479250,1084.8,887.6,1102.5,649.1,1011.9,857,8,1011.8,96,4,1011.7,331,8,1011.6,1340,13,1011.5,552,6,1012.0,3893,36,1012.1,54,5,1012.2,380,6,1012.3,1045,13,1012.4,910,12
317,2025-11-26 14:02:33+05:30,1012.0,23,1001.46,7579414,426260.0,429458.0,986.2,1012.8,981.3,986.2,120479250,1084.8,887.6,1102.5,649.1,1011.9,896,9,1011.8,814,4,1011.7,362,9,1011.6,616,14,1011.5,1135,7,1012.0,3514,37,1012.1,54,5,1012.2,260,5,1012.3,990,12,1012.4,910,12
317,2025-11-26 14:02:33+05:30,1011.9,50,1001.46,7579414,426260.0,429458.0,986.2,1012.8,981.3,986.2,120479250,1084.8,887.6,1102.5,649.1,1011.9,896,9,1011.8,814,4,1011.7,362,9,1011.6,616,14,1011.5,1135,7,1012.0,3514,37,1012.1,54,5,1012.2,260,5,1012.3,990,12,1012.4,910,12
317,2025-11-26 14:02:34+05:30,1012.0,36,1001.46,7580700,426092.0,428294.0,986.2,1012.8,981.3,986.2,120479250,1084.8,887.6,1102.5,649.1,1011.9,665,9,1011.8,832,4,1011.7,489,9,1011.6,693,16,1011.5,876,9,1012.0,2578,28,1012.1,54,5,1012.2,86,4,1012.3,813,9,1012.4,1324,14
317,2025-11-26 14:02:34+05:30,1012.0,148,1001.46,7580700,426092.0,428294.0,986.2,1012.8,981.3,986.2,120479250,1084.8,887.6,1102.5,649.1,1011.9,665,9,1011.8,832,4,1011.7,489,9,1011.6,693,16,1011.5,876,9,1012.0,2578,28,1012.1,54,5,1012.2,86,4,1012.3,813,9,1012.4,1324,14
317,2025-11-26 14:02:34+05:30,1012.0,105,1001.46,7581184,426222.0,427825.0,986.2,1012.8,981.3,986.2,120479250,1084.8,887.6,1102.5,649.1,1011.9,774,11,1011.8,817,4,1011.7,489,9,1011.6,728,17,1011.5,928,10,1012.0,2094,28,1012.1,54,5,1012.2,7,3,1012.3,1364,10,1012.4,745,12
317,2025-11-26 14:02:35+05:30,1011.9,17,1001.46,7581184,426222.0,427825.0,986.2,1012.8,981.3,986.2,120479250,1084.8,887.6,1102.5,649.1,1011.9,774,11,1011.8,817,4,1011.7,489,9,1011.6,728,17,1011.5,928,10,1012.0,2094,28,1012.1,54,5,1012.2,7,3,1012.3,1364,10,1012.4,745,12
317,2025-11-26 14:02:36+05:30,1011.9,7,1001.47,7582034,421977.0,428570.0,986.2,1012.8,981.3,986.2,120479250,1084.8,887.6,1102.5,649.1,1011.9,15,3,1011.8,10,2,1011.7,59,3,1011.6,926,5,1011.5,478,5,1012.0,2404,32,1012.1,311,8,1012.2,786,9,1012.3,1201,11,1012.4,897,15
317,2025-11-26 14:02:36+05:30,1011.8,1,1001.47,7582034,421977.0,428570.0,986.2,1012.8,981.3,986.2,120479250,1084.8,887.6,1102.5,649.1,1011.9,15,3,1011.8,10,2,1011.7,59,3,1011.6,926,5,1011.5,478,5,1012.0,2404,32,1012.1,311,8,1012.2,786,9,1012.3,1201,11,1012.4,897,15
317,2025-11-26 14:02:37+05:30,1011.8,1,1001.47,7582085,426116.0,428382.0,986.2,1012.8,981.3,986.2,120479250,1084.8,887.6,1102.5,649.1,1011.8,359,6,1011.7,117,4,1011.6,1062,10,1011.5,619,9,1011.4,1886,19,1011.9,226,2,1012.0,2155,30,1012.1,316,9,1012.2,749,9,1012.3,1358,12
317,2025-11-26 14:02:37+05:30,1011.9,73,1001.47,7582085,426116.0,428382.0,986.2,1012.8,981.3,986.2,120479250,1084.8,887.6,1102.5,649.1,1011.8,359,6,1011.7,117,4,1011.6,1062,10,1011.5,619,9,1011.4,1886,19,1011.9,226,2,1012.0,2155,30,1012.1,316,9,1012.2,749,9,1012.3,1358,12
317,2025-11-26 14:02:38+05:30,1011.8,62,1001.47,7582302,425663.0,428483.0,986.2,1012.8,981.3,986.2,120479250,1084.8,887.6,1102.5,649.1,1011.8,385,5,1011.7,115,3,1011.6,1160,9,1011.5,599,9,1011.4,1307,18,1012.0,2360,30,1012.1,406,11,1012.2,812,10,1012.3,1326,11,1012.4,898,15
317,2025-11-26 14:02:38+05:30,1011.9,146,1001.47,7582302,425663.0,428483.0,986.2,1012.8,981.3,986.2,120479250,1084.8,887.6,1102.5,649.1,1011.8,385,5,1011.7,115,3,1011.6,1160,9,1011.5,599,9,1011.4,1307,18,1012.0,2360,30,1012.1,406,11,1012.2,812,10,1012.3,1326,11,1012.4,898,15
317,2025-11-26 14:02:39+05:30,1011.9,84,1001.47,7582532,426303.0,428841.0,986.2,1012.8,981.3,986.2,120479250,1084.8,887.6,1102.5,649.1,1011.8,301,3,1011.7,115,3,1011.6,1083,8,1011.5,567,8,1011.4,1307,18,1011.9,160,2,1012.0,2181,30,1012.1,406,11,1012.2,790,10,1012.3,1326,11
317,2025-11-26 14:02:39+05:30,1011.9,143,1001.47,7582532,426303.0,428841.0,986.2,1012.8,981.3,986.2,120479250,1084.8,887.6,1102.5,649.1,1011.8,301,3,1011.7,115,3,1011.6,1083,8,1011.5,567,8,1011.4,1307,18,1011.9,160,2,1012.0,2181,30,1012.1,406,11,1012.2,790,10,1012.3,1326,11
317,2025-11-26 14:02:39+05:30,1011.9,109,1001.47,7582900,426046.0,428164.0,986.2,1012.8,981.3,986.2,120479250,1084.8,887.6,1102.5,649.1,1011.8,524,5,1011.7,80,3,1011.6,1192,10,1011.5,567,8,1011.4,1307,18,1011.9,91,1,1012.0,2155,29,1012.1,59,6,1012.2,357,7,1012.3,1047,11
317,2025-11-26 14:02:40+05:30,1011.9,1,1001.47,7582900,426046.0,428164.0,986.2,1012.8,981.3,986.2,120479250,1084.8,887.6,1102.5,649.1,1011.8,524,5,1011.7,80,3,1011.6,1192,10,1011.5,567,8,1011.4,1307,18,1011.9,91,1,1012.0,2155,29,1012.1,59,6,1012.2,357,7,1012.3,1047,11
317,2025-11-26 14:02:41+05:30,1011.9,2,1001.47,7582904,426619.0,428115.0,986.2,1012.8,981.3,986.2,120479250,1084.8,887.6,1102.5,649.1,1011.8,669,7,1011.7,22,2,1011.6,1160,9,1011.5,567,8,1011.4,1339,19,1011.9,91,4,1012.0,2200,30,1012.1,117,7,1012.2,469,10,1012.3,1073,11
317,2025-11-26 14:02:41+05:30,1011.9,142,1001.47,7582904,426619.0,428115.0,986.2,1012.8,981.3,986.2,120479250,1084.8,887.6,1102.5,649.1,1011.8,669,7,1011.7,22,2,1011.6,1160,9,1011.5,567,8,1011.4,1339,19,1011.9,91,4,1012.0,2200,30,1012.1,117,7,1012.2,469,10,1012.3,1073,11
317,2025-11-26 14:02:42+05:30,1011.9,142,1001.47,7583496,426532.0,428475.0,986.2,1012.8,981.3,986.2,120479250,1084.8,887.6,1102.5,649.1,1011.8,673,8,1011.7,98,3,1011.6,1289,10,1011.5,668,11,1011.4,1307,18,1011.9,318,2,1012.0,2200,30,1012.1,59,6,1012.2,381,8,1012.3,1073,11
317,2025-11-26 14:02:43+05:30,1012.0,5,1001.47,7583788,425770.0,427985.0,986.2,1012.8,981.3,986.2,120479250,1084.8,887.6,1102.5,649.1,1011.9,6,4,1011.8,527,6,1011.7,22,2,1011.6,1203,10,1011.5,522,10,1012.0,2205,24,1012.1,254,9,1012.2,488,8,1012.3,1108,14,1012.4,1417,16
317,2025-11-26 14:02:43+05:30,1011.9,146,1001.47,7583788,425770.0,427985.0,986.2,1012.8,981.3,986.2,120479250,1084.8,887.6,1102.5,649.1,1011.9,6,4,1011.8,527,6,1011.7,22,2,1011.6,1203,10,1011.5,522,10,1012.0,2205,24,1012.1,254,9,1012.2,488,8,1012.3,1108,14,1012.4,1417,16
317,2025-11-26 14:02:43+05:30,1011.9,150,1001.47,7584391,425276.0,428118.0,986.2,1012.8,981.3,986.2,120479250,1084.8,887.6,1102.5,649.1,1011.9,155,4,1011.8,83,3,1011.7,22,2,1011.6,1203,10,1011.5,461,7,1012.0,2210,24,1012.1,226,9,1012.2,489,8,1012.3,1107,14,1012.4,1512,17
317,2025-11-26 14:02:44+05:30,1012.0,6,1001.47,7584391,425276.0,428118.0,986.2,1012.8,981.3,986.2,120479250,1084.8,887.6,1102.5,649.1,1011.9,155,4,1011.8,83,3,1011.7,22,2,1011.6,1203,10,1011.5,461,7,1012.0,2210,24,1012.1,226,9,1012.2,489,8,1012.3,1107,14,1012.4,1512,17
317,2025-11-26 14:02:45+05:30,1012.0,6,1001.47,7584787,425251.0,428640.0,986.2,1012.8,981.3,986.2,120479250,1084.8,887.6,1102.5,649.1,1011.8,229,5,1011.7,22,2,1011.6,1068,8,1011.5,462,7,1011.4,1277,17,1012.0,2148,21,1012.1,399,11,1012.2,870,12,1012.3,1317,13,1012.4,1006,16
317,2025-11-26 14:02:45+05:30,1012.0,39,1001.47,7584787,425251.0,428640.0,986.2,1012.8,981.3,986.2,120479250,1084.8,887.6,1102.5,649.1,1011.8,229,5,1011.7,22,2,1011.6,1068,8,1011.5,462,7,1011.4,1277,17,1012.0,2148,21,1012.1,399,11,1012.2,870,12,1012.3,1317,13,1012.4,1006,16
317,2025-11-26 14:02:46+05:30,1011.9,73,1001.47,7585200,425999.0,428217.0,986.2,1012.8,981.3,986.2,120479250,1084.8,887.6,1102.5,649.1,1011.8,220,4,1011.7,219,4,1011.6,1207,10,1011.5,462,7,1011.4,1830,19,1011.9,193,2,1012.0,1948,20,1012.1,308,9,1012.2,478,8,1012.3,1078,13
317,2025-11-26 14:02:46+05:30,1011.8,1,1001.47,7585200,425999.0,428217.0,986.2,1012.8,981.3,986.2,120479250,1084.8,887.6,1102.5,649.1,1011.8,220,4,1011.7,219,4,1011.6,1207,10,1011.5,462,7,1011.4,1830,19,1011.9,193,2,1012.0,1948,20,1012.1,308,9,1012.2,478,8,1012.3,1078,13
317,2025-11-26 14:02:47+05:30,1011.8,99,1001.47,7585382,425385.0,428201.0,986.2,1012.8,981.3,986.2,120479250,1084.8,887.6,1102.5,649.1,1011.8,193,4,1011.7,160,3,1011.6,1207,10,1011.5,492,8,1011.4,1319,18,1012.0,1860,18,1012.1,367,10,1012.2,567,10,1012.3,1562,14,1012.4,1012,17
317,2025-11-26 14:02:47+05:30,1012.0,77,1001.47,7585382,425385.0,428201.0,986.2,1012.8,981.3,986.2,120479250,1084.8,887.6,1102.5,649.1,1011.8,193,4,1011.7,160,3,1011.6,1207,10,1011.5,492,8,1011.4,1319,18,1012.0,1860,18,1012.1,367,10,1012.2,567,10,1012.3,1562,14,1012.4,1012,17
317,2025-11-26 14:02:48+05:30,1012.0,132,1001.47,7586071,425335.0,427573.0,986.2,1012.8,981.3,986.2,120479250,1084.8,887.6,1102.5,649.1,1011.8,258,4,1011.7,90,4,1011.6,1133,9,1011.5,421,6,1011.4,1319,18,1012.0,1709,18,1012.1,196,8,1012.2,508,9,1012.3,1499,14,1012.4,879,14
317,2025-11-26 14:02:48+05:30,1012.0,132,1001.47,7586071,425335.0,427573.0,986.2,1012.8,981.3,986.2,120479250,1084.8,887.6,1102.5,649.1,1011.8,258,4,1011.7,90,4,1011.6,1133,9,1011.5,421,6,1011.4,1319,18,1012.0,1709,18,1012.1,196,8,1012.2,508,9,1012.3,1499,14,1012.4,879,14
317,2025-11-26 14:02:49+05:30,1011.8,146,1001.47,7586329,424971.0,428460.0,986.2,1012.8,981.3,986.2,120479250,1084.8,887.6,1102.5,649.1,1011.7,176,5,1011.6,839,6,1011.5,424,6,1011.4,1319,18,1011.3,910,11,1011.9,191,2,1012.0,1866,20,1012.1,438,13,1012.2,941,11,1012.3,1309,14
317,2025-11-26 14:02:49+05:30,1011.8,146,1001.47,7586329,424971.0,428460.0,986.2,1012.8,981.3,986.2,120479250,1084.8,887.6,1102.5,649.1,1011.7,176,5,1011.6,839,6,1011.5,424,6,1011.4,1319,18,1011.3,910,11,1011.9,191,2,1012.0,1866,20,1012.1,438,13,1012.2,941,11,1012.3,1309,14
317,2025-11-26 14:02:50+05:30,1011.9,1,1001.47,7586330,425494.0,428364.0,986.2,1012.8,981.3,986.2,120479250,1084.8,887.6,1102.5,649.1,1011.8,507,6,1011.7,35,3,1011.6,1099,9,1011.5,454,7,1011.4,1319,18,1011.9,76,1,1012.0,1730,19,1012.1,316,9,1012.2,643,10,1012.3,1164,15
317,2025-11-26 14:02:50+05:30,1011.9,131,1001.47,7586330,425494.0,428364.0,986.2,1012.8,981.3,986.2,120479250,1084.8,887.6,1102.5,649.1,1011.8,507,6,1011.7,35,3,1011.6,1099,9,1011.5,454,7,1011.4,1319,18,1011.9,76,1,1012.0,1730,19,1012.1,316,9,1012.2,643,10,1012.3,1164,15
317,2025-11-26 14:02:51+05:30,1011.9,38,1001.47,7587065,425629.0,428207.0,986.2,1012.8,981.3,986.2,120479250,1084.8,887.6,1102.5,649.1,1011.8,411,5,1011.7,267,8,1011.6,1099,9,1011.5,453,7,1011.4,1319,18,1011.9,188,2,1012.0,1730,19,1012.1,230,8,1012.2,583,9,1012.3,836,13
317,2025-11-26 14:02:51+05:30,1011.9,38,1001.47,7587065,425629.0,428207.0,986.2,1012.8,981.3,986.2,120479250,1084.8,887.6,1102.5,649.1,1011.8,411,5,1011.7,267,8,1011.6,1099,9,1011.5,453,7,1011.4,1319,18,1011.9,188,2,1012.0,1730,19,1012.1,230,8,1012.2,583,9,1012.3,836,13
317,2025-11-26 14:02:52+05:30,1011.9,146,1001.47,7587357,426070.0,433058.0,986.2,1012.8,981.3,986.2,120479250,1084.8,887.6,1102.5,649.1,1011.8,533,7,1011.7,224,6,1011.6,1214,11,1011.5,568,7,1011.4,1319,18,1011.9,64,2,1012.0,1730,19,1012.1,59,6,1012.2,426,7,1012.3,1139,14
317,2025-11-26 14:02:52+05:30,1011.9,146,1001.47,7587357,426070.0,433058.0,986.2,1012.8,981.3,986.2,120479250,1084.8,887.6,1102.5,649.1,1011.8,533,7,1011.7,224,6,1011.6,1214,11,1011.5,568,7,1011.4,1319,18,1011.9,64,2,1012.0,1730,19,1012.1,59,6,1012.2,426,7,1012.3,1139,14
317,2025-11-26 14:02:53+05:30,1011.8,73,1001.47,7588100,425264.0,435080.0,986.2,1012.8,981.3,986.2,120479250,1084.8,887.6,1102.5,649.1,1011.7,22,2,1011.6,89,5,1011.4,1248,6,1011.3,1081,10,1011.2,907,10,1011.8,273,5,1011.9,577,10,1012.0,2174,24,1012.1,977,15,1012.2,1332,11
317,2025-11-26 14:02:53+05:30,1011.8,73,1001.47,7588100,425264.0,435080.0,986.2,1012.8,981.3,986.2,120479250,1084.8,887.6,1102.5,649.1,1011.7,22,2,1011.6,89,5,1011.4,1248,6,1011.3,1081,10,1011.2,907,10,1011.8,273,5,1011.9,577,10,1012.0,2174,24,1012.1,977,15,1012.2,1332,11
317,2025-11-26 14:02:54+05:30,1011.8,19,1001.47,7588250,425853.0,434783.0,986.2,1012.8,981.3,986.2,120479250,1084.8,887.6,1102.5,649.1,1011.7,423,6,1011.6,89,5,1011.5,220,2,1011.4,1326,7,1011.3,572,8,1011.8,127,2,1011.9,604,9,1012.0,2227,23,1012.1,978,15,1012.2,772,10
317,2025-11-26 14:02:54+05:30,1011.8,73,1001.47,7588250,425853.0,434783.0,986.2,1012.8,981.3,986.2,120479250,1084.8,887.6,1102.5,649.1,1011.7,423,6,1011.6,89,5,1011.5,220,2,1011.4,1326,7,1011.3,572,8,1011.8,127,2,1011.9,604,9,1012.0,2227,23,1012.1,978,15,1012.2,772,10
317,2025-11-26 14:02:55+05:30,1011.8,3,1001.47,7588519,426651.0,434910.0,986.2,1012.8,981.3,986.2,120479250,1084.8,887.6,1102.5,649.1,1011.7,348,6,1011.6,89,5,1011.5,329,3,1011.4,1331,8,1011.3,572,8,1011.9,813,11,1012.0,2373,25,1012.1,871,14,1012.2,772,10,1012.3,1080,17
317,2025-11-26 14:02:55+05:30,1011.8,36,1001.47,7588519,426651.0,434910.0,986.2,1012.8,981.3,986.2,120479250,1084.8,887.6,1102.5,649.1,1011.7,348,6,1011.6,89,5,1011.5,329,3,1011.4,1331,8,1011.3,572,8,1011.9,813,11,1012.0,2373,25,1012.1,871,14,1012.2,772,10,1012.3,1080,17
317,2025-11-26 14:02:56+05:30,1011.8,105,1001.48,7589396,426362.0,434579.0,986.2,1012.8,981.3,986.2,120479250,1084.8,887.6,1102.5,649.1,1011.7,94,3,1011.6,89,5,1011.5,390,4,1011.4,1371,9,1011.3,533,7,1011.8,33,2,1011.9,415,7,1012.0,2329,25,1012.1,657,14,1012.2,1070,11
317,2025-11-26 14:02:56+05:30,1011.8,105,1001.48,7589396,426362.0,434579.0,986.2,1012.8,981.3,986.2,120479250,1084.8,887.6,1102.5,649.1,1011.7,94,3,1011.6,89,5,1011.5,390,4,1011.4,1371,9,1011.3,533,7,1011.8,33,2,1011.9,415,7,1012.0,2329,25,1012.1,657,14,1012.2,1070,11
317,2025-11-26 14:02:57+05:30,1011.8,105,1001.48,7589396,426362.0,434624.0,986.2,1012.8,981.3,986.2,120479250,1084.8,887.6,1102.5,649.1,1011.7,94,3,1011.6,89,5,1011.5,390,4,1011.4,1371,9,1011.3,533,7,1011.8,12,1,1011.9,505,9,1012.0,2382,25,1012.1,983,16,1012.2,1242,11
317,2025-11-26 14:02:57+05:30,1011.8,73,1001.48,7589396,426362.0,434624.0,986.2,1012.8,981.3,986.2,120479250,1084.8,887.6,1102.5,649.1,1011.7,94,3,1011.6,89,5,1011.5,390,4,1011.4,1371,9,1011.3,533,7,1011.8,12,1,1011.9,505,9,1012.0,2382,25,1012.1,983,16,1012.2,1242,11
317,2025-11-26 14:02:58+05:30,1011.7,50,1001.48,7589650,427166.0,435084.0,986.2,1012.8,981.3,986.2,120479250,1084.8,887.6,1102.5,649.1,1011.7,369,5,1011.6,89,5,1011.5,209,2,1011.4,1293,8,1011.3,1066,8,1011.8,9,1,1011.9,631,10,1012.0,2340,25,1012.1,740,16,1012.2,1069,10
317,2025-11-26 14:02:58+05:30,1011.7,50,1001.48,7589650,427166.0,435084.0,986.2,1012.8,981.3,986.2,120479250,1084.8,887.6,1102.5,649.1,1011.7,369,5,1011.6,89,5,1011.5,209,2,1011.4,1293,8,1011.3,1066,8,1011.8,9,1,1011.9,631,10,1012.0,2340,25,1012.1,740,16,1012.2,1069,10
317,2025-11-26 14:02:59+05:30,1011.9,168,1001.48,7591421,426983.0,434044.0,986.2,1012.8,981.3,986.2,120479250,1084.8,887.6,1102.5,649.1,1011.7,39,2,1011.6,89,5,1011.5,211,2,1011.4,1109,6,1011.3,1214,9,1011.9,124,4,1012.0,2067,22,1012.1,743,15,1012.2,1264,10,1012.3,1075,15
317,2025-11-26 14:02:59+05:30,1011.9,168,1001.48,7591421,426983.0,434044.0,986.2,1012.8,981.3,986.2,120479250,1084.8,887.6,1102.5,649.1,1011.7,39,2,1011.6,89,5,1011.5,211,2,1011.4,1109,6,1011.3,1214,9,1011.9,124,4,1012.0,2067,22,1012.1,743,15,1012.2,1264,10,1012.3,1075,15
317,2025-11-26 14:03:00+05:30,1011.8,73,1001.48,7591421,426983.0,434044.0,986.2,1012.8,981.3,986.2,120479250,1084.8,887.6,1102.5,649.1,1011.7,39,2,1011.6,89,5,1011.5,211,2,1011.4,1109,6,1011.3,1214,9,1011.9,124,4,1012.0,2067,22,1012.1,743,15,1012.2,1264,10,1012.3,1075,15
317,2025-11-26 14:03:00+05:30,1011.8,73,1001.48,7591496,427395.0,435820.0,986.2,1012.8,981.3,986.2,120479250,1084.8,887.6,1102.5,649.1,1011.8,616,6,1011.7,26,2,1011.6,89,5,1011.5,331,3,1011.4,1164,7,1011.9,535,5,1012.0,2323,24,1012.1,740,15,1012.2,1073,11,1012.3,1081,16
317,2025-11-26 14:03:01+05:30,1011.9,1,1001.48,7591496,427395.0,435820.0,986.2,1012.8,981.3,986.2,120479250,1084.8,887.6,1102.5,649.1,1011.8,616,6,1011.7,26,2,1011.6,89,5,1011.5,331,3,1011.4,1164,7,1011.9,535,5,1012.0,2323,24,1012.1,740,15,1012.2,1073,11,1012.3,1081,16
317,2025-11-26 14:03:01+05:30,1011.9,1,1001.48,7592122,426770.0,435432.0,986.2,1012.8,981.3,986.2,120479250,1084.8,887.6,1102.5,649.1,1011.7,163,3,1011.6,89,5,1011.5,212,3,1011.4,1092,6,1011.3,1126,9,1011.9,805,7,1012.0,2227,25,1012.1,1035,16,1012.2,775,10,1012.3,1037,16
317,2025-11-26 14:03:02+05:30,1011.8,101,1001.48,7592122,426770.0,435432.0,986.2,1012.8,981.3,986.2,120479250,1084.8,887.6,1102.5,649.1,1011.7,163,3,1011.6,89,5,1011.5,212,3,1011.4,1092,6,1011.3,1126,9,1011.9,805,7,1012.0,2227,25,1012.1,1035,16,1012.2,775,10,1012.3,1037,16
317,2025-11-26 14:03:02+05:30,1011.8,101,1001.48,7592598,426769.0,435680.0,986.2,1012.8,981.3,986.2,120479250,1084.8,887.6,1102.5,649.1,1011.7,90,2,1011.6,162,6,1011.5,212,3,1011.4,1193,8,1011.3,1106,8,1011.9,890,9,1012.0,2051,23,1012.1,1064,16,1012.2,1292,12,1012.3,1157,16
317,2025-11-26 14:03:03+05:30,1011.9,5,1001.48,7592598,426769.0,435680.0,986.2,1012.8,981.3,986.2,120479250,1084.8,887.6,1102.5,649.1,1011.7,90,2,1011.6,162,6,1011.5,212,3,1011.4,1193,8,1011.3,1106,8,1011.9,890,9,1012.0,2051,23,1012.1,1064,16,1012.2,1292,12,1012.3,1157,16
317,2025-11-26 14:03:03+05:30,1011.9,5,1001.48,7592659,407743.0,416064.0,986.2,1012.8,981.3,986.2,120479250,1084.8,887.6,1102.5,649.1,1011.7,249,5,1011.6,162,6,1011.5,212,3,1011.4,1115,7,1011.3,1185,13,1011.9,910,8,1012.0,2077,24,1012.1,1088,17,1012.2,1292,12,1012.3,1157,16
317,2025-11-26 14:03:04+05:30,1011.8,73,1001.48,7592659,407743.0,416064.0,986.2,1012.8,981.3,986.2,120479250,1084.8,887.6,1102.5,649.1,1011.7,249,5,1011.6,162,6,1011.5,212,3,1011.4,1115,7,1011.3,1185,13,1011.9,910,8,1012.0,2077,24,1012.1,1088,17,1012.2,1292,12,1012.3,1157,16
317,2025-11-26 14:03:04+05:30,1011.8,73,1001.48,7592955,408140.0,416412.0,986.2,1012.8,981.3,986.2,120479250,1084.8,887.6,1102.5,649.1,1011.8,588,5,1011.7,176,4,1011.6,89,5,1011.5,338,4,1011.4,1193,8,1011.9,771,5,1012.0,1825,21,1012.1,792,16,1012.2,1073,11,1012.3,1157,16
317,2025-11-26 14:03:05+05:30,1011.7,1,1001.48,7592955,408140.0,416412.0,986.2,1012.8,981.3,986.2,120479250,1084.8,887.6,1102.5,649.1,1011.8,588,5,1011.7,176,4,1011.6,89,5,1011.5,338,4,1011.4,1193,8,1011.9,771,5,1012.0,1825,21,1012.1,792,16,1012.2,1073,11,1012.3,1157,16
317,2025-11-26 14:03:05+05:30,1011.9,1,1001.48,7593778,407347.0,415580.0,986.2,1012.8,981.3,986.2,120479250,1084.8,887.6,1102.5,649.1,1011.7,236,5,1011.6,46,4,1011.5,276,4,1011.4,1193,8,1011.3,1199,15,1011.9,822,7,1012.0,1969,22,1012.1,1119,18,1012.2,1305,11,1012.3,1157,16
317,2025-11-26 14:03:06+05:30,1011.6,8,1001.48,7593778,407347.0,415580.0,986.2,1012.8,981.3,986.2,120479250,1084.8,887.6,1102.5,649.1,1011.7,236,5,1011.6,46,4,1011.5,276,4,1011.4,1193,8,1011.3,1199,15,1011.9,822,7,1012.0,1969,22,1012.1,1119,18,1012.2,1305,11,1012.3,1157,16
317,2025-11-26 14:03:07+05:30,1011.6,8,1001.48,7594362,406672.0,415718.0,986.2,1012.8,981.3,986.2,120479250,1084.8,887.6,1102.5,649.1,1011.7,293,6,1011.6,194,4,1011.5,101,2,1011.4,1231,8,1011.3,1275,15,1011.9,871,8,1012.0,1759,22,1012.1,1174,17,1012.2,808,12,1012.3,1157,16
317,2025-11-26 14:03:08+05:30,1011.7,12,1001.48,7594377,406900.0,415908.0,986.2,1012.8,981.3,986.2,120479250,1084.8,887.6,1102.5,649.1,1011.7,278,5,1011.6,194,4,1011.5,101,2,1011.4,1234,9,1011.3,1275,15,1011.9,1284,10,1012.0,1759,22,1012.1,1231,19,1012.2,782,11,1012.3,1157,16
317,2025-11-26 14:03:08+05:30,1011.7,12,1001.48,7594377,406900.0,415908.0,986.2,1012.8,981.3,986.2,120479250,1084.8,887.6,1102.5,649.1,1011.7,278,5,1011.6,194,4,1011.5,101,2,1011.4,1234,9,1011.3,1275,15,1011.9,1284,10,1012.0,1759,22,1012.1,1231,19,1012.2,782,11,1012.3,1157,16
317,2025-11-26 14:03:09+05:30,1011.8,57,1001.48,7595166,426113.0,434595.0,986.2,1012.8,981.3,986.2,120479250,1084.8,887.6,1102.5,649.1,1011.6,121,3,1011.5,208,4,1011.4,1324,11,1011.3,740,15,1011.2,528,7,1011.8,66,2,1011.9,1128,7,1012.0,1359,17,1012.1,1167,17,1012.2,782,10
317,2025-11-26 14:03:09+05:30,1011.8,57,1001.48,7595166,426113.0,434595.0,986.2,1012.8,981.3,986.2,120479250,1084.8,887.6,1102.5,649.1,1011.6,121,3,1011.5,208,4,1011.4,1324,11,1011.3,740,15,1011.2,528,7,1011.8,66,2,1011.9,1128,7,1012.0,1359,17,1012.1,1167,17,1012.2,782,10
317,2025-11-26 14:03:10+05:30,1011.8,1,1001.48,7595245,426446.0,435043.0,986.2,1012.8,981.3,986.2,120479250,1084.8,887.6,1102.5,649.1,1011.6,371,7,1011.5,129,3,1011.4,1236,9,1011.3,766,16,1011.2,528,7,1011.8,65,2,1011.9,1236,8,1012.0,1685,21,1012.1,1167,17,1012.2,782,10
317,2025-11-26 14:03:10+05:30,1011.8,1,1001.48,7595245,426446.0,435043.0,986.2,1012.8,981.3,986.2,120479250,1084.8,887.6,1102.5,649.1,1011.6,371,7,1011.5,129,3,1011.4,1236,9,1011.3,766,16,1011.2,528,7,1011.8,65,2,1011.9,1236,8,1012.0,1685,21,1012.1,1167,17,1012.2,782,10
317,2025-11-26 14:03:11+05:30,1011.8,83,1001.48,7595513,426661.0,435091.0,986.2,1012.8,981.3,986.2,120479250,1084.8,887.6,1102.5,649.1,1011.7,249,3,1011.6,182,4,1011.5,205,4,1011.4,1301,10,1011.3,766,16,1011.8,158,2,1011.9,1161,7,1012.0,1597,20,1012.1,1167,17,1012.2,782,10
317,2025-11-26 14:03:11+05:30,1011.8,83,1001.48,7595513,426661.0,435091.0,986.2,1012.8,981.3,986.2,120479250,1084.8,887.6,1102.5,649.1,1011.7,249,3,1011.6,182,4,1011.5,205,4,1011.4,1301,10,1011.3,766,16,1011.8,158,2,1011.9,1161,7,1012.0,1597,20,1012.1,1167,17,1012.2,782,10
317,2025-11-26 14:03:12+05:30,1011.8,146,1001.48,7595923,426409.0,434867.0,986.2,1012.8,981.3,986.2,120479250,1084.8,887.6,1102.5,649.1,1011.7,146,1,1011.6,21,2,1011.5,401,6,1011.4,1301,10,1011.3,770,15,1011.8,39,1,1011.9,1161,7,1012.0,1495,20,1012.1,1079,16,1012.2,782,10
317,2025-11-26 14:03:12+05:30,1011.8,78,1001.48,7595923,426409.0,434867.0,986.2,1012.8,981.3,986.2,120479250,1084.8,887.6,1102.5,649.1,1011.7,146,1,1011.6,21,2,1011.5,401,6,1011.4,1301,10,1011.3,770,15,1011.8,39,1,1011.9,1161,7,1012.0,1495,20,1012.1,1079,16,1012.2,782,10
317,2025-11-26 14:03:13+05:30,1011.8,10,1001.48,7596258,426267.0,434605.0,986.2,1012.8,981.3,986.2,120479250,1084.8,887.6,1102.5,649.1,1011.6,321,4,1011.5,210,3,1011.4,1301,10,1011.3,744,14,1011.2,554,9,1011.8,40,2,1011.9,1176,8,1012.0,1580,23,1012.1,1169,17,1012.2,782,10
317,2025-11-26 14:03:13+05:30,1011.8,10,1001.48,7596258,426267.0,434605.0,986.2,1012.8,981.3,986.2,120479250,1084.8,887.6,1102.5,649.1,1011.6,321,4,1011.5,210,3,1011.4,1301,10,1011.3,744,14,1011.2,554,9,1011.8,40,2,1011.9,1176,8,1012.0,1580,23,1012.1,1169,17,1012.2,782,10
317,2025-11-26 14:03:14+05:30,1011.8,3,1001.48,7596258,426267.0,434605.0,986.2,1012.8,981.3,986.2,120479250,1084.8,887.6,1102.5,649.1,1011.6,321,4,1011.5,210,3,1011.4,1301,10,1011.3,744,14,1011.2,554,9,1011.8,40,2,1011.9,1176,8,1012.0,1580,23,1012.1,1169,17,1012.2,782,10
317,2025-11-26 14:03:14+05:30,1011.8,2,1001.48,7596342,427387.0,434674.0,986.2,1012.8,981.3,986.2,120479250,1084.8,887.6,1102.5,649.1,1011.6,549,8,1011.5,210,3,1011.4,1301,10,1011.3,744,14,1011.2,1754,10,1011.8,91,3,1011.9,1176,8,1012.0,1638,23,1012.1,1197,18,1012.2,782,10
317,2025-11-26 14:03:15+05:30,1011.8,2,1001.48,7596342,427387.0,434674.0,986.2,1012.8,981.3,986.2,120479250,1084.8,887.6,1102.5,649.1,1011.6,549,8,1011.5,210,3,1011.4,1301,10,1011.3,744,14,1011.2,1754,10,1011.8,91,3,1011.9,1176,8,1012.0,1638,23,1012.1,1197,18,1012.2,782,10
317,2025-11-26 14:03:15+05:30,1011.8,2,1001.49,7596644,427935.0,434638.0,986.2,1012.8,981.3,986.2,120479250,1084.8,887.6,1102.5,649.1,1011.7,554,6,1011.6,119,3,1011.5,354,5,1011.4,1301,10,1011.3,744,14,1011.8,514,4,1011.9,1117,7,1012.0,1285,18,1012.1,666,13,1012.2,1014,10
317,2025-11-26 14:03:16+05:30,1011.7,2,1001.49,7596644,427935.0,434638.0,986.2,1012.8,981.3,986.2,120479250,1084.8,887.6,1102.5,649.1,1011.7,554,6,1011.6,119,3,1011.5,354,5,1011.4,1301,10,1011.3,744,14,1011.8,514,4,1011.9,1117,7,1012.0,1285,18,1012.1,666,13,1012.2,1014,10
317,2025-11-26 14:03:16+05:30,1011.9,24,1001.49,7597207,428581.0,433502.0,986.2,1012.8,981.3,986.2,120479250,1084.8,887.6,1102.5,649.1,1011.7,269,4,1011.6,261,6,1011.5,671,8,1011.4,1467,11,1011.3,744,14,1011.9,1093,7,1012.0,1193,16,1012.1,499,11,1012.2,1042,11,1012.3,1580,15
317,2025-11-26 14:03:17+05:30,1011.8,150,1001.49,7597207,428581.0,433502.0,986.2,1012.8,981.3,986.2,120479250,1084.8,887.6,1102.5,649.1,1011.7,269,4,1011.6,261,6,1011.5,671,8,1011.4,1467,11,1011.3,744,14,1011.9,1093,7,1012.0,1193,16,1012.1,499,11,1012.2,1042,11,1012.3,1580,15
317,2025-11-26 14:03:17+05:30,1011.9,76,1001.49,7597843,427620.0,434616.0,986.2,1012.8,981.3,986.2,120479250,1084.8,887.6,1102.5,649.1,1011.7,289,6,1011.6,14,2,1011.5,333,4,1011.4,1298,9,1011.3,766,14,1011.9,1195,10,1012.0,1585,21,1012.1,649,13,1012.2,1015,10,1012.3,1075,14
317,2025-11-26 14:03:18+05:30,1011.8,5,1001.49,7597843,427620.0,434616.0,986.2,1012.8,981.3,986.2,120479250,1084.8,887.6,1102.5,649.1,1011.7,289,6,1011.6,14,2,1011.5,333,4,1011.4,1298,9,1011.3,766,14,1011.9,1195,10,1012.0,1585,21,1012.1,649,13,1012.2,1015,10,1012.3,1075,14
317,2025-11-26 14:03:18+05:30,1011.8,5,1001.49,7597921,427610.0,435595.0,986.2,1012.8,981.3,986.2,120479250,1084.8,887.6,1102.5,649.1,1011.8,214,3,1011.7,193,6,1011.6,14,2,1011.5,246,4,1011.4,1298,9,1011.9,1167,9,1012.0,1543,22,1012.1,649,13,1012.2,1080,11,1012.3,1101,16
317,2025-11-26 14:03:19+05:30,1011.8,13,1001.49,7597921,427610.0,435595.0,986.2,1012.8,981.3,986.2,120479250,1084.8,887.6,1102.5,649.1,1011.8,214,3,1011.7,193,6,1011.6,14,2,1011.5,246,4,1011.4,1298,9,1011.9,1167,9,1012.0,1543,22,1012.1,649,13,1012.2,1080,11,1012.3,1101,16
317,2025-11-26 14:03:19+05:30,1011.8,13,1001.49,7598448,427863.0,433837.0,986.2,1012.8,981.3,986.2,120479250,1084.8,887.6,1102.5,649.1,1011.7,209,5,1011.6,58,3,1011.5,602,8,1011.4,1467,11,1011.3,766,14,1011.8,50,1,1011.9,908,7,1012.0,1173,17,1012.1,499,11,1012.2,1043,11
317,2025-11-26 14:03:20+05:30,1011.8,27,1001.49,7598448,427863.0,433837.0,986.2,1012.8,981.3,986.2,120479250,1084.8,887.6,1102.5,649.1,1011.7,209,5,1011.6,58,3,1011.5,602,8,1011.4,1467,11,1011.3,766,14,1011.8,50,1,1011.9,908,7,1012.0,1173,17,1012.1,499,11,1012.2,1043,11
317,2025-11-26 14:03:20+05:30,1011.8,27,1001.49,7598525,428008.0,434221.0,986.2,1012.8,981.3,986.2,120479250,1084.8,887.6,1102.5,649.1,1011.7,355,7,1011.6,58,3,1011.5,602,8,1011.4,1439,10,1011.3,793,16,1011.8,348,2,1011.9,908,7,1012.0,1173,17,1012.1,525,12,1012.2,1080,11
317,2025-11-26 14:03:21+05:30,1011.7,14,1001.49,7598525,428008.0,434221.0,986.2,1012.8,981.3,986.2,120479250,1084.8,887.6,1102.5,649.1,1011.7,355,7,1011.6,58,3,1011.5,602,8,1011.4,1439,10,1011.3,793,16,1011.8,348,2,1011.9,908,7,1012.0,1173,17,1012.1,525,12,1012.2,1080,11
317,2025-11-26 14:03:21+05:30,1011.7,14,1001.49,7598819,428341.0,434063.0,986.2,1012.8,981.3,986.2,120479250,1084.8,887.6,1102.5,649.1,1011.7,486,9,1011.6,151,4,1011.5,628,9,1011.4,1490,12,1011.3,767,15,1011.8,200,3,1011.9,908,7,1012.0,1180,17,1012.1,585,12,1012.2,1080,11
317,2025-11-26 14:03:22+05:30,1011.7,34,1001.49,7598855,428153.0,434131.0,986.2,1012.8,981.3,986.2,120479250,1084.8,887.6,1102.5,649.1,1011.7,500,9,1011.6,14,2,1011.5,537,7,1011.4,1516,13,1011.3,767,15,1011.8,325,4,1011.9,908,7,1012.0,1180,17,1012.1,616,13,1012.2,1080,11
317,2025-11-26 14:03:23+05:30,1011.8,73,1001.49,7598855,428153.0,434131.0,986.2,1012.8,981.3,986.2,120479250,1084.8,887.6,1102.5,649.1,1011.7,500,9,1011.6,14,2,1011.5,537,7,1011.4,1516,13,1011.3,767,15,1011.8,325,4,1011.9,908,7,1012.0,1180,17,1012.1,616,13,1012.2,1080,11
317,2025-11-26 14:03:23+05:30,1011.8,73,1001.49,7599774,429092.0,433819.0,986.2,1012.8,981.3,986.2,120479250,1084.8,887.6,1102.5,649.1,1011.7,414,8,1011.6,156,5,1011.5,713,11,1011.4,1464,11,1011.3,1290,16,1011.8,165,2,1011.9,908,7,1012.0,1014,15,1012.1,336,9,1012.2,768,8
317,2025-11-26 14:03:24+05:30,1011.8,13,1001.49,7599774,429092.0,433819.0,986.2,1012.8,981.3,986.2,120479250,1084.8,887.6,1102.5,649.1,1011.7,414,8,1011.6,156,5,1011.5,713,11,1011.4,1464,11,1011.3,1290,16,1011.8,165,2,1011.9,908,7,1012.0,1014,15,1012.1,336,9,1012.2,768,8
317,2025-11-26 14:03:24+05:30,1011.8,13,1001.49,7600035,428902.0,434441.0,986.2,1012.8,981.3,986.2,120479250,1084.8,887.6,1102.5,649.1,1011.8,229,4,1011.7,344,7,1011.6,19,3,1011.5,581,8,1011.4,1490,12,1011.9,831,7,1012.0,1014,15,1012.1,496,11,1012.2,839,13,1012.3,1593,15
317,2025-11-26 14:03:25+05:30,1011.9,11,1001.49,7600035,428902.0,434441.0,986.2,1012.8,981.3,986.2,120479250,1084.8,887.6,1102.5,649.1,1011.8,229,4,1011.7,344,7,1011.6,19,3,1011.5,581,8,1011.4,1490,12,1011.9,831,7,1012.0,1014,15,1012.1,496,11,1012.2,839,13,1012.3,1593,15
317,2025-11-26 14:03:26+05:30,1011.9,2,1001.49,7600806,429170.0,433196.0,986.2,1012.8,981.3,986.2,120479250,1084.8,887.6,1102.5,649.1,1011.8,379,7,1011.7,147,6,1011.6,516,9,1011.5,656,8,1011.4,1490,12,1011.9,279,6,1012.0,938,14,1012.1,188,8,1012.2,343,7,1012.3,1743,15
317,2025-11-26 14:03:26+05:30,1011.9,30,1001.49,7600806,429170.0,433196.0,986.2,1012.8,981.3,986.2,120479250,1084.8,887.6,1102.5,649.1,1011.8,379,7,1011.7,147,6,1011.6,516,9,1011.5,656,8,1011.4,1490,12,1011.9,279,6,1012.0,938,14,1012.1,188,8,1012.2,343,7,1012.3,1743,15
317,2025-11-26 14:03:27+05:30,1011.8,10,1001.49,7600906,429512.0,433501.0,986.2,1012.8,981.3,986.2,120479250,1084.8,887.6,1102.5,649.1,1011.8,493,9,1011.7,83,5,1011.6,410,7,1011.5,731,11,1011.4,1439,10,1011.9,680,5,1012.0,905,13,1012.1,188,8,1012.2,873,8,1012.3,871,13
317,2025-11-26 14:03:27+05:30,1011.8,10,1001.49,7600906,429512.0,433501.0,986.2,1012.8,981.3,986.2,120479250,1084.8,887.6,1102.5,649.1,1011.8,493,9,1011.7,83,5,1011.6,410,7,1011.5,731,11,1011.4,1439,10,1011.9,680,5,1012.0,905,13,1012.1,188,8,1012.2,873,8,1012.3,871,13
317,2025-11-26 14:03:28+05:30,1011.9,73,1001.49,7601329,430336.0,432372.0,986.2,1012.8,981.3,986.2,120479250,1084.8,887.6,1102.5,649.1,1011.8,505,8,1011.7,221,7,1011.6,520,10,1011.5,1490,11,1011.4,1359,13,1011.9,257,3,1012.0,834,12,1012.1,55,6,1012.2,477,7,1012.3,1078,11
317,2025-11-26 14:03:28+05:30,1011.9,2,1001.49,7601329,430336.0,432372.0,986.2,1012.8,981.3,986.2,120479250,1084.8,887.6,1102.5,649.1,1011.8,505,8,1011.7,221,7,1011.6,520,10,1011.5,1490,11,1011.4,1359,13,1011.9,257,3,1012.0,834,12,1012.1,55,6,1012.2,477,7,1012.3,1078,11
317,2025-11-26 14:03:29+05:30,1011.7,5,1001.49,7602274,430237.0,432467.0,986.2,1012.8,981.3,986.2,120479250,1084.8,887.6,1102.5,649.1,1011.7,186,5,1011.6,104,6,1011.5,1489,12,1011.4,754,10,1011.3,970,19,1011.8,229,2,1011.9,342,3,1012.0,829,11,1012.1,190,9,1012.2,930,11
317,2025-11-26 14:03:29+05:30,1011.8,29,1001.49,7602274,430237.0,432467.0,986.2,1012.8,981.3,986.2,120479250,1084.8,887.6,1102.5,649.1,1011.7,186,5,1011.6,104,6,1011.5,1489,12,1011.4,754,10,1011.3,970,19,1011.8,229,2,1011.9,342,3,1012.0,829,11,1012.1,190,9,1012.2,930,11
317,2025-11-26 14:03:30+05:30,1011.8,24,1001.49,7602399,430674.0,432356.0,986.2,1012.8,981.3,986.2,120479250,1084.8,887.6,1102.5,649.1,1011.7,553,9,1011.6,169,7,1011.5,1494,13,1011.4,754,10,1011.3,970,19,1011.8,175,2,1011.9,342,3,1012.0,829,11,1012.1,190,9,1012.2,930,11
317,2025-11-26 14:03:30+05:30,1011.8,27,1001.49,7602399,430674.0,432356.0,986.2,1012.8,981.3,986.2,120479250,1084.8,887.6,1102.5,649.1,1011.7,553,9,1011.6,169,7,1011.5,1494,13,1011.4,754,10,1011.3,970,19,1011.8,175,2,1011.9,342,3,1012.0,829,11,1012.1,190,9,1012.2,930,11
317,2025-11-26 14:03:31+05:30,1011.9,10,1001.49,7602620,430053.0,432279.0,986.2,1012.8,981.3,986.2,120479250,1084.8,887.6,1102.5,649.1,1011.8,45,1,1011.7,328,6,1011.6,215,8,1011.5,1494,13,1011.4,754,10,1011.9,369,4,1012.0,829,11,1012.1,190,9,1012.2,546,9,1012.3,1150,13
317,2025-11-26 14:03:31+05:30,1011.8,13,1001.49,7602620,430053.0,432279.0,986.2,1012.8,981.3,986.2,120479250,1084.8,887.6,1102.5,649.1,1011.8,45,1,1011.7,328,6,1011.6,215,8,1011.5,1494,13,1011.4,754,10,1011.9,369,4,1012.0,829,11,1012.1,190,9,1012.2,546,9,1012.3,1150,13
317,2025-11-26 14:03:32+05:30,1012.0,109,1001.49,7603621,430946.0,430843.0,986.2,1012.8,981.3,986.2,120479250,1084.8,887.6,1102.5,649.1,1011.8,538,6,1011.7,1070,8,1011.6,722,14,1011.5,875,13,1011.4,1298,12,1012.0,508,11,1012.1,64,8,1012.2,136,4,1012.3,447,7,1012.4,1492,10
317,2025-11-26 14:03:32+05:30,1012.0,109,1001.49,7603621,430946.0,430843.0,986.2,1012.8,981.3,986.2,120479250,1084.8,887.6,1102.5,649.1,1011.8,538,6,1011.7,1070,8,1011.6,722,14,1011.5,875,13,1011.4,1298,12,1012.0,508,11,1012.1,64,8,1012.2,136,4,1012.3,447,7,1012.4,1492,10
317,2025-11-26 14:03:33+05:30,1012.0,23,1001.49,7603653,430963.0,430795.0,986.2,1012.8,981.3,986.2,120479250,1084.8,887.6,1102.5,649.1,1011.8,734,9,1011.7,1204,9,1011.6,722,14,1011.5,901,15,1011.4,1272,10,1012.0,484,12,1012.1,64,8,1012.2,6,2,1012.3,889,7,1012.4,958,10
317,2025-11-26 14:03:33+05:30,1012.0,23,1001.49,7603653,430963.0,430795.0,986.2,1012.8,981.3,986.2,120479250,1084.8,887.6,1102.5,649.1,1011.8,734,9,1011.7,1204,9,1011.6,722,14,1011.5,901,15,1011.4,1272,10,1012.0,484,12,1012.1,64,8,1012.2,6,2,1012.3,889,7,1012.4,958,10
317,2025-11-26 14:03:34+05:30,1012.0,109,1001.5,7604317,431947.0,430068.0,986.2,1012.8,981.3,986.2,120479250,1084.8,887.6,1102.5,649.1,1011.9,606,6,1011.8,379,5,1011.7,1246,10,1011.6,722,14,1011.5,878,14,1012.0,135,6,1012.1,127,9,1012.2,6,2,1012.3,763,6,1012.4,669,7
317,2025-11-26 14:03:34+05:30,1012.0,1,1001.5,7604317,431947.0,430068.0,986.2,1012.8,981.3,986.2,120479250,1084.8,887.6,1102.5,649.1,1011.9,606,6,1011.8,379,5,1011.7,1246,10,1011.6,722,14,1011.5,878,14,1012.0,135,6,1012.1,127,9,1012.2,6,2,1012.3,763,6,1012.4,669,7
317,2025-11-26 14:03:35+05:30,1012.0,2,1001.5,7604431,432216.0,430669.0,986.2,1012.8,981.3,986.2,120479250,1084.8,887.6,1102.5,649.1,1011.9,878,11,1011.8,412,8,1011.7,1246,10,1011.6,709,11,1011.5,870,12,1012.0,623,7,1012.1,127,9,1012.2,6,2,1012.3,790,7,1012.4,695,9
317,2025-11-26 14:03:35+05:30,1012.0,73,1001.5,7604431,432216.0,430669.0,986.2,1012.8,981.3,986.2,120479250,1084.8,887.6,1102.5,649.1,1011.9,878,11,1011.8,412,8,1011.7,1246,10,1011.6,709,11,1011.5,870,12,1012.0,623,7,1012.1,127,9,1012.2,6,2,1012.3,790,7,1012.4,695,9
317,2025-11-26 14:03:36+05:30,1012.0,150,1001.5,7604729,432110.0,430789.0,986.2,1012.8,981.3,986.2,120479250,1084.8,887.6,1102.5,649.1,1011.9,804,11,1011.8,380,8,1011.7,1253,11,1011.6,702,10,1011.5,870,12,1012.0,744,10,1012.1,127,9,1012.2,6,2,1012.3,789,7,1012.4,695,9
317,2025-11-26 14:03:36+05:30,1012.0,99,1001.5,7604729,432110.0,430789.0,986.2,1012.8,981.3,986.2,120479250,1084.8,887.6,1102.5,649.1,1011.9,804,11,1011.8,380,8,1011.7,1253,11,1011.6,702,10,1011.5,870,12,1012.0,744,10,1012.1,127,9,1012.2,6,2,1012.3,789,7,1012.4,695,9
317,2025-11-26 14:03:37+05:30,1012.0,80,1001.5,7605137,431912.0,430866.0,986.2,1012.8,981.3,986.2,120479250,1084.8,887.6,1102.5,649.1,1011.9,592,8,1011.8,133,4,1011.7,1281,12,1011.6,702,10,1011.5,870,12,1012.0,733,9,1012.1,127,9,1012.2,6,2,1012.3,869,7,1012.4,695,9
317,2025-11-26 14:03:37+05:30,1011.9,35,1001.5,7605137,431912.0,430866.0,986.2,1012.8,981.3,986.2,120479250,1084.8,887.6,1102.5,649.1,1011.9,592,8,1011.8,133,4,1011.7,1281,12,1011.6,702,10,1011.5,870,12,1012.0,733,9,1012.1,127,9,1012.2,6,2,1012.3,869,7,1012.4,695,9
317,2025-11-26 14:03:38+05:30,1011.9,32,1001.5,7605822,428911.0,431508.0,986.2,1012.8,981.3,986.2,120479250,1084.8,887.6,1102.5,649.1,1011.8,629,7,1011.7,132,5,1011.6,360,6,1011.5,1374,8,1011.4,1322,11,1011.9,127,1,1012.0,508,8,1012.1,292,12,1012.2,654,9,1012.3,1458,10
317,2025-11-26 14:03:38+05:30,1011.9,32,1001.5,7605822,428911.0,431508.0,986.2,1012.8,981.3,986.2,120479250,1084.8,887.6,1102.5,649.1,1011.8,629,7,1011.7,132,5,1011.6,360,6,1011.5,1374,8,1011.4,1322,11,1011.9,127,1,1012.0,508,8,1012.1,292,12,1012.2,654,9,1012.3,1458,10
317,2025-11-26 14:03:39+05:30,1012.0,1649,1001.51,7611686,427089.0,431569.0,986.2,1012.8,981.3,986.2,120479250,1084.8,887.6,1102.5,649.1,1011.7,286,8,1011.6,295,5,1011.5,1308,7,1011.4,724,8,1011.3,1532,22,1012.0,391,7,1012.1,1055,17,1012.2,1311,9,1012.3,974,13,1012.4,840,14
317,2025-11-26 14:03:39+05:30,1012.0,1649,1001.51,7611686,427089.0,431569.0,986.2,1012.8,981.3,986.2,120479250,1084.8,887.6,1102.5,649.1,1011.7,286,8,1011.6,295,5,1011.5,1308,7,1011.4,724,8,1011.3,1532,22,1012.0,391,7,1012.1,1055,17,1012.2,1311,9,1012.3,974,13,1012.4,840,14
317,2025-11-26 14:03:40+05:30,1011.9,1,1001.51,7612413,426831.0,432261.0,986.2,1012.8,981.3,986.2,120479250,1084.8,887.6,1102.5,649.1,1011.7,45,2,1011.6,20,3,1011.5,1336,8,1011.4,727,8,1011.3,1469,23,1011.9,27,1,1012.0,262,5,1012.1,1262,20,1012.2,1126,11,1012.3,969,12
317,2025-11-26 14:03:40+05:30,1011.9,1,1001.51,7612413,426831.0,432261.0,986.2,1012.8,981.3,986.2,120479250,1084.8,887.6,1102.5,649.1,1011.7,45,2,1011.6,20,3,1011.5,1336,8,1011.4,727,8,1011.3,1469,23,1011.9,27,1,1012.0,262,5,1012.1,1262,20,1012.2,1126,11,1012.3,969,12
317,2025-11-26 14:03:41+05:30,1012.0,36,1001.51,7612490,427657.0,431573.0,986.2,1012.8,981.3,986.2,120479250,1084.8,887.6,1102.5,649.1,1011.9,145,5,1011.7,50,3,1011.6,226,5,1011.5,1490,11,1011.4,763,10,1012.1,736,16,1012.2,636,9,1012.3,999,13,1012.4,827,13,1012.5,4273,26
317,2025-11-26 14:03:41+05:30,1011.9,1,1001.51,7612490,427657.0,431573.0,986.2,1012.8,981.3,986.2,120479250,1084.8,887.6,1102.5,649.1,1011.9,145,5,1011.7,50,3,1011.6,226,5,1011.5,1490,11,1011.4,763,10,1012.1,736,16,1012.2,636,9,1012.3,999,13,1012.4,827,13,1012.5,4273,26
317,2025-11-26 14:03:42+05:30,1012.0,125,1001.51,7612930,427646.0,431829.0,986.2,1012.8,981.3,986.2,120479250,1084.8,887.6,1102.5,649.1,1011.9,222,3,1011.8,150,1,1011.7,54,3,1011.6,221,5,1011.5,1490,11,1012.0,21,1,1012.1,369,14,1012.2,1016,10,1012.3,1153,12,1012.4,775,13
317,2025-11-26 14:03:42+05:30,1012.0,125,1001.51,7612930,427646.0,431829.0,986.2,1012.8,981.3,986.2,120479250,1084.8,887.6,1102.5,649.1,1011.9,222,3,1011.8,150,1,1011.7,54,3,1011.6,221,5,1011.5,1490,11,1012.0,21,1,1012.1,369,14,1012.2,1016,10,1012.3,1153,12,1012.4,775,13
317,2025-11-26 14:03:43+05:30,1011.9,23,1001.51,7612930,427646.0,431829.0,986.2,1012.8,981.3,986.2,120479250,1084.8,887.6,1102.5,649.1,1011.9,222,3,1011.8,150,1,1011.7,54,3,1011.6,221,5,1011.5,1490,11,1012.0,21,1,1012.1,369,14,1012.2,1016,10,1012.3,1153,12,1012.4,775,13
317,2025-11-26 14:03:43+05:30,1011.9,23,1001.51,7613256,427273.0,431903.0,986.2,1012.8,981.3,986.2,120479250,1084.8,887.6,1102.5,649.1,1011.8,150,1,1011.7,151,3,1011.6,20,3,1011.5,1415,10,1011.4,1338,11,1011.9,284,2,1012.0,124,3,1012.1,542,15,1012.2,1335,12,1012.3,962,12
317,2025-11-26 14:03:44+05:30,1011.9,35,1001.51,7613256,427273.0,431903.0,986.2,1012.8,981.3,986.2,120479250,1084.8,887.6,1102.5,649.1,1011.8,150,1,1011.7,151,3,1011.6,20,3,1011.5,1415,10,1011.4,1338,11,1011.9,284,2,1012.0,124,3,1012.1,542,15,1012.2,1335,12,1012.3,962,12
317,2025-11-26 14:03:44+05:30,1011.9,139,1001.51,7613849,426673.0,431682.0,986.2,1012.8,981.3,986.2,120479250,1084.8,887.6,1102.5,649.1,1011.8,219,5,1011.7,151,3,1011.6,146,4,1011.5,1490,11,1011.4,777,11,1011.9,84,2,1012.1,544,15,1012.2,1068,9,1012.3,989,13,1012.4,1140,15
317,2025-11-26 14:03:45+05:30,1011.8,10,1001.51,7613849,426673.0,431682.0,986.2,1012.8,981.3,986.2,120479250,1084.8,887.6,1102.5,649.1,1011.8,219,5,1011.7,151,3,1011.6,146,4,1011.5,1490,11,1011.4,777,11,1011.9,84,2,1012.1,544,15,1012.2,1068,9,1012.3,989,13,1012.4,1140,15
317,2025-11-26 14:03:45+05:30,1011.8,10,1001.51,7613861,427395.0,431776.0,986.2,1012.8,981.3,986.2,120479250,1084.8,887.6,1102.5,649.1,1011.8,222,6,1011.7,151,3,1011.6,146,4,1011.5,1490,11,1011.4,777,11,1011.9,82,2,1012.1,624,16,1012.2,584,10,1012.3,1518,13,1012.4,1111,14
317,2025-11-26 14:03:46+05:30,1011.9,110,1001.51,7613861,427395.0,431776.0,986.2,1012.8,981.3,986.2,120479250,1084.8,887.6,1102.5,649.1,1011.8,222,6,1011.7,151,3,1011.6,146,4,1011.5,1490,11,1011.4,777,11,1011.9,82,2,1012.1,624,16,1012.2,584,10,1012.3,1518,13,1012.4,1111,14
317,2025-11-26 14:03:46+05:30,1011.9,146,1001.51,7614374,427915.0,432731.0,986.2,1012.8,981.3,986.2,120479250,1084.8,887.6,1102.5,649.1,1011.8,220,3,1011.7,251,4,1011.6,146,4,1011.5,1323,9,1011.4,777,11,1011.9,116,2,1012.1,341,13,1012.2,534,9,1012.3,1842,16,1012.4,718,10
317,2025-11-26 14:03:47+05:30,1011.9,146,1001.51,7614374,427915.0,432731.0,986.2,1012.8,981.3,986.2,120479250,1084.8,887.6,1102.5,649.1,1011.8,220,3,1011.7,251,4,1011.6,146,4,1011.5,1323,9,1011.4,777,11,1011.9,116,2,1012.1,341,13,1012.2,534,9,1012.3,1842,16,1012.4,718,10
317,2025-11-26 14:03:47+05:30,1011.9,146,1001.51,7614374,428221.0,433330.0,986.2,1012.8,981.3,986.2,120479250,1084.8,887.6,1102.5,649.1,1011.8,592,7,1011.7,251,4,1011.6,146,4,1011.5,1276,9,1011.4,785,15,1011.9,435,3,1012.0,177,2,1012.1,540,15,1012.2,1131,12,1012.3,996,15
317,2025-11-26 14:03:48+05:30,1011.8,4,1001.51,7614374,428221.0,433330.0,986.2,1012.8,981.3,986.2,120479250,1084.8,887.6,1102.5,649.1,1011.8,592,7,1011.7,251,4,1011.6,146,4,1011.5,1276,9,1011.4,785,15,1011.9,435,3,1012.0,177,2,1012.1,540,15,1012.2,1131,12,1012.3,996,15
317,2025-11-26 14:03:48+05:30,1011.9,150,1001.51,7615039,428151.0,432316.0,986.2,1012.8,981.3,986.2,120479250,1084.8,887.6,1102.5,649.1,1011.8,237,7,1011.7,340,5,1011.6,173,5,1011.5,1347,10,1011.4,859,16,1011.9,109,3,1012.0,141,2,1012.1,544,15,1012.2,561,8,1012.3,1872,17
317,2025-11-26 14:03:49+05:30,1011.8,190,1001.51,7615039,428151.0,432316.0,986.2,1012.8,981.3,986.2,120479250,1084.8,887.6,1102.5,649.1,1011.8,237,7,1011.7,340,5,1011.6,173,5,1011.5,1347,10,1011.4,859,16,1011.9,109,3,1012.0,141,2,1012.1,544,15,1012.2,561,8,1012.3,1872,17
317,2025-11-26 14:03:49+05:30,1011.8,190,1001.51,7617149,427445.0,432682.0,986.2,1012.8,981.3,986.2,120479250,1084.8,887.6,1102.5,649.1,1011.8,22,2,1011.7,338,5,1011.6,133,2,1011.5,1449,12,1011.4,833,14,1011.9,134,3,1012.0,225,3,1012.1,456,14,1012.2,675,9,1012.3,1881,18
317,2025-11-26 14:03:50+05:30,1011.9,73,1001.51,7617149,427445.0,432682.0,986.2,1012.8,981.3,986.2,120479250,1084.8,887.6,1102.5,649.1,1011.8,22,2,1011.7,338,5,1011.6,133,2,1011.5,1449,12,1011.4,833,14,1011.9,134,3,1012.0,225,3,1012.1,456,14,1012.2,675,9,1012.3,1881,18
317,2025-11-26 14:03:50+05:30,1011.8,68,1001.51,7617808,428078.0,432727.0,986.2,1012.8,981.3,986.2,120479250,1084.8,887.6,1102.5,649.1,1011.7,544,7,1011.6,206,4,1011.5,1421,11,1011.4,859,15,1011.3,1376,16,1011.8,798,2,1012.0,222,3,1012.1,565,16,1012.2,1451,11,1012.3,996,15
317,2025-11-26 14:03:51+05:30,1011.9,67,1001.51,7617808,428078.0,432727.0,986.2,1012.8,981.3,986.2,120479250,1084.8,887.6,1102.5,649.1,1011.7,544,7,1011.6,206,4,1011.5,1421,11,1011.4,859,15,1011.3,1376,16,1011.8,798,2,1012.0,222,3,1012.1,565,16,1012.2,1451,11,1012.3,996,15
317,2025-11-26 14:03:52+05:30,1011.9,67,1001.52,7618639,427665.0,432179.0,986.2,1012.8,981.3,986.2,120479250,1084.8,887.6,1102.5,649.1,1011.8,151,3,1011.7,570,8,1011.6,162,4,1011.5,1395,10,1011.4,833,14,1011.9,45,2,1012.0,265,3,1012.1,859,13,1012.2,678,9,1012.3,1278,15
317,2025-11-26 14:03:53+05:30,1012.0,750,1001.52,7619818,426310.0,429286.0,986.2,1012.8,981.3,986.2,120479250,1084.8,887.6,1102.5,649.1,1011.9,97,3,1011.8,222,4,1011.7,761,11,1011.6,839,12,1011.5,736,12,1012.1,127,9,1012.2,601,4,1012.3,879,13,1012.4,1007,10,1012.5,4034,25
317,2025-11-26 14:03:53+05:30,1012.0,750,1001.52,7619818,426310.0,429286.0,986.2,1012.8,981.3,986.2,120479250,1084.8,887.6,1102.5,649.1,1011.9,97,3,1011.8,222,4,1011.7,761,11,1011.6,839,12,1011.5,736,12,1012.1,127,9,1012.2,601,4,1012.3,879,13,1012.4,1007,10,1012.5,4034,25
317,2025-11-26 14:03:54+05:30,1012.0,129,1001.52,7620118,426246.0,430597.0,986.2,1012.8,981.3,986.2,120479250,1084.8,887.6,1102.5,649.1,1011.9,97,3,1011.8,86,4,1011.7,477,8,1011.6,394,6,1011.5,1273,13,1012.0,47,2,1012.1,380,12,1012.2,473,7,1012.3,1151,13,1012.4,1305,11
317,2025-11-26 14:03:54+05:30,1012.0,62,1001.52,7620118,426246.0,430597.0,986.2,1012.8,981.3,986.2,120479250,1084.8,887.6,1102.5,649.1,1011.9,97,3,1011.8,86,4,1011.7,477,8,1011.6,394,6,1011.5,1273,13,1012.0,47,2,1012.1,380,12,1012.2,473,7,1012.3,1151,13,1012.4,1305,11
317,2025-11-26 14:03:55+05:30,1012.0,99,1001.52,7620620,425947.0,429983.0,986.2,1012.8,981.3,986.2,120479250,1084.8,887.6,1102.5,649.1,1011.9,438,8,1011.8,15,3,1011.7,530,8,1011.6,961,6,1011.5,736,12,1012.0,331,3,1012.1,309,11,1012.2,473,7,1012.3,1151,13,1012.4,1329,12
317,2025-11-26 14:03:55+05:30,1012.0,8,1001.52,7620620,425947.0,429983.0,986.2,1012.8,981.3,986.2,120479250,1084.8,887.6,1102.5,649.1,1011.9,438,8,1011.8,15,3,1011.7,530,8,1011.6,961,6,1011.5,736,12,1012.0,331,3,1012.1,309,11,1012.2,473,7,1012.3,1151,13,1012.4,1329,12
317,2025-11-26 14:03:56+05:30,1012.0,23,1001.52,7620759,426748.0,430635.0,986.2,1012.8,981.3,986.2,120479250,1084.8,887.6,1102.5,649.1,1011.9,435,7,1011.8,31,4,1011.7,563,9,1011.6,1059,10,1011.5,643,8,1012.0,309,3,1012.1,283,10,1012.2,318,6,1012.3,1344,13,1012.4,1191,13
317,2025-11-26 14:03:56+05:30,1012.0,105,1001.52,7620759,426748.0,430635.0,986.2,1012.8,981.3,986.2,120479250,1084.8,887.6,1102.5,649.1,1011.9,435,7,1011.8,31,4,1011.7,563,9,1011.6,1059,10,1011.5,643,8,1012.0,309,3,1012.1,283,10,1012.2,318,6,1012.3,1344,13,1012.4,1191,13
317,2025-11-26 14:03:57+05:30,1012.0,129,1001.52,7621492,426991.0,430330.0,986.2,1012.8,981.3,986.2,120479250,1084.8,887.6,1102.5,649.1,1011.9,401,6,1011.8,63,5,1011.7,798,13,1011.6,574,10,1011.5,1166,9,1012.0,21,1,1012.1,339,12,1012.2,6,2,1012.3,1360,13,1012.4,1191,13
317,2025-11-26 14:03:57+05:30,1012.0,1,1001.52,7621492,426991.0,430330.0,986.2,1012.8,981.3,986.2,120479250,1084.8,887.6,1102.5,649.1,1011.9,401,6,1011.8,63,5,1011.7,798,13,1011.6,574,10,1011.5,1166,9,1012.0,21,1,1012.1,339,12,1012.2,6,2,1012.3,1360,13,1012.4,1191,13
317,2025-11-26 14:03:58+05:30,1012.0,52,1001.52,7621785,426813.0,430463.0,986.2,1012.8,981.3,986.2,120479250,1084.8,887.6,1102.5,649.1,1011.9,401,6,1011.8,63,5,1011.7,563,9,1011.6,597,11,1011.5,745,9,1012.0,21,1,1012.1,493,13,1012.2,978,9,1012.3,1199,13,1012.4,893,12
317,2025-11-26 14:03:58+05:30,1012.0,52,1001.52,7621785,426813.0,430463.0,986.2,1012.8,981.3,986.2,120479250,1084.8,887.6,1102.5,649.1,1011.9,401,6,1011.8,63,5,1011.7,563,9,1011.6,597,11,1011.5,745,9,1012.0,21,1,1012.1,493,13,1012.2,978,9,1012.3,1199,13,1012.4,893,12
317,2025-11-26 14:03:59+05:30,1012.0,150,1001.52,7623562,428105.0,430560.0,986.2,1012.8,981.3,986.2,120479250,1084.8,887.6,1102.5,649.1,1011.9,412,7,1011.8,781,5,1011.7,540,9,1011.6,394,6,1011.5,698,11,1012.0,167,2,1012.1,329,11,1012.2,729,6,1012.3,1220,14,1012.4,800,10
317,2025-11-26 14:03:59+05:30,1012.0,150,1001.52,7623562,428105.0,430560.0,986.2,1012.8,981.3,986.2,120479250,1084.8,887.6,1102.5,649.1,1011.9,412,7,1011.8,781,5,1011.7,540,9,1011.6,394,6,1011.5,698,11,1012.0,167,2,1012.1,329,11,1012.2,729,6,1012.3,1220,14,1012.4,800,10
317,2025-11-26 14:04:00+05:30,1012.0,52,1001.52,7623562,428105.0,430560.0,986.2,1012.8,981.3,986.2,120479250,1084.8,887.6,1102.5,649.1,1011.9,412,7,1011.8,781,5,1011.7,540,9,1011.6,394,6,1011.5,698,11,1012.0,167,2,1012.1,329,11,1012.2,729,6,1012.3,1220,14,1012.4,800,10
317,2025-11-26 14:04:00+05:30,1012.0,52,1001.52,7624354,427365.0,430139.0,986.2,1012.8,981.3,986.2,120479250,1084.8,887.6,1102.5,649.1,1011.9,155,3,1011.8,781,5,1011.7,634,9,1011.6,394,6,1011.5,695,11,1012.1,617,13,1012.2,1006,9,1012.3,1334,15,1012.4,800,10,1012.5,4227,31
317,2025-11-26 14:04:01+05:30,1012.0,73,1001.52,7624354,427365.0,430139.0,986.2,1012.8,981.3,986.2,120479250,1084.8,887.6,1102.5,649.1,1011.9,155,3,1011.8,781,5,1011.7,634,9,1011.6,394,6,1011.5,695,11,1012.1,617,13,1012.2,1006,9,1012.3,1334,15,1012.4,800,10,1012.5,4227,31
317,2025-11-26 14:04:01+05:30,1012.0,73,1001.52,7624660,427693.0,430843.0,986.2,1012.8,981.3,986.2,120479250,1084.8,887.6,1102.5,649.1,1011.9,6,2,1011.8,809,5,1011.7,523,7,1011.6,437,6,1011.5,695,11,1012.0,187,1,1012.1,365,9,1012.2,955,8,1012.3,1339,17,1012.4,734,12
317,2025-11-26 14:04:02+05:30,1012.0,73,1001.52,7624763,426862.0,431016.0,986.2,1012.8,981.3,986.2,120479250,1084.8,887.6,1102.5,649.1,1012.0,220,4,1011.9,5,1,1011.8,814,6,1011.7,708,10,1011.6,437,6,1012.1,748,11,1012.2,927,8,1012.3,1208,16,1012.4,795,13,1012.5,4102,27
317,2025-11-26 14:04:03+05:30,1012.0,1,1001.52,7624763,426862.0,431016.0,986.2,1012.8,981.3,986.2,120479250,1084.8,887.6,1102.5,649.1,1012.0,220,4,1011.9,5,1,1011.8,814,6,1011.7,708,10,1011.6,437,6,1012.1,748,11,1012.2,927,8,1012.3,1208,16,1012.4,795,13,1012.5,4102,27
317,2025-11-26 14:04:03+05:30,1012.1,88,1001.52,7625076,426922.0,429362.0,986.2,1012.8,981.3,986.2,120479250,1084.8,887.6,1102.5,649.1,1012.0,438,3,1011.9,5,1,1011.8,814,6,1011.7,769,10,1011.6,437,6,1012.1,723,10,1012.2,138,4,1012.3,819,13,1012.4,862,15,1012.5,4426,30
317,2025-11-26 14:04:04+05:30,1012.1,23,1001.52,7625076,426922.0,429362.0,986.2,1012.8,981.3,986.2,120479250,1084.8,887.6,1102.5,649.1,1012.0,438,3,1011.9,5,1,1011.8,814,6,1011.7,769,10,1011.6,437,6,1012.1,723,10,1012.2,138,4,1012.3,819,13,1012.4,862,15,1012.5,4426,30
317,2025-11-26 14:04:05+05:30,1012.0,10,1001.52,7625383,426243.0,431255.0,986.2,1012.8,981.3,986.2,120479250,1084.8,887.6,1102.5,649.1,1012.0,647,6,1011.9,5,1,1011.8,59,4,1011.7,723,9,1011.6,1187,7,1012.1,736,12,1012.2,404,7,1012.3,1715,17,1012.4,1013,18,1012.5,4112,28
317,2025-11-26 14:04:05+05:30,1012.1,6,1001.52,7625383,426243.0,431255.0,986.2,1012.8,981.3,986.2,120479250,1084.8,887.6,1102.5,649.1,1012.0,647,6,1011.9,5,1,1011.8,59,4,1011.7,723,9,1011.6,1187,7,1012.1,736,12,1012.2,404,7,1012.3,1715,17,1012.4,1013,18,1012.5,4112,28
317,2025-11-26 14:04:06+05:30,1011.9,2,1001.53,7626267,426008.0,430475.0,986.2,1012.8,981.3,986.2,120479250,1084.8,887.6,1102.5,649.1,1011.9,67,2,1011.8,59,4,1011.7,658,9,1011.6,1197,7,1011.5,600,7,1012.1,527,9,1012.2,877,8,1012.3,1218,16,1012.4,1204,16,1012.5,4192,32
317,2025-11-26 14:04:06+05:30,1011.9,2,1001.53,7626267,426008.0,430475.0,986.2,1012.8,981.3,986.2,120479250,1084.8,887.6,1102.5,649.1,1011.9,67,2,1011.8,59,4,1011.7,658,9,1011.6,1197,7,1011.5,600,7,1012.1,527,9,1012.2,877,8,1012.3,1218,16,1012.4,1204,16,1012.5,4192,32
317,2025-11-26 14:04:07+05:30,1012.0,36,1001.53,7626303,426195.0,435470.0,986.2,1012.8,981.3,986.2,120479250,1084.8,887.6,1102.5,649.1,1011.9,323,6,1011.8,59,4,1011.7,658,9,1011.6,1197,7,1011.5,625,8,1012.1,527,9,1012.2,877,8,1012.3,1194,15,1012.4,1230,18,1012.5,4185,31
317,2025-11-26 14:04:07+05:30,1012.1,1,1001.53,7626303,426195.0,435470.0,986.2,1012.8,981.3,986.2,120479250,1084.8,887.6,1102.5,649.1,1011.9,323,6,1011.8,59,4,1011.7,658,9,1011.6,1197,7,1011.5,625,8,1012.1,527,9,1012.2,877,8,1012.3,1194,15,1012.4,1230,18,1012.5,4185,31
317,2025-11-26 14:04:08+05:30,1012.1,7,1001.53,7626407,429544.0,435251.0,986.2,1012.8,981.3,986.2,120479250,1084.8,887.6,1102.5,649.1,1012.0,708,7,1011.9,6,2,1011.8,138,6,1011.7,1619,12,1011.6,447,6,1012.1,674,9,1012.2,6,2,1012.3,1242,13,1012.4,1295,16,1012.5,4211,33
317,2025-11-26 14:04:08+05:30,1012.1,7,1001.53,7626407,429544.0,435251.0,986.2,1012.8,981.3,986.2,120479250,1084.8,887.6,1102.5,649.1,1012.0,708,7,1011.9,6,2,1011.8,138,6,1011.7,1619,12,1011.6,447,6,1012.1,674,9,1012.2,6,2,1012.3,1242,13,1012.4,1295,16,1012.5,4211,33
317,2025-11-26 14:04:09+05:30,1012.0,57,1001.53,7627338,429856.0,435425.0,986.2,1012.8,981.3,986.2,120479250,1084.8,887.6,1102.5,649.1,1011.9,152,4,1011.8,209,7,1011.7,1609,14,1011.6,546,7,1011.5,691,11,1012.0,332,2,1012.1,378,7,1012.2,64,3,1012.3,1245,11,1012.4,633,8
317,2025-11-26 14:04:09+05:30,1012.0,57,1001.53,7627338,429856.0,435425.0,986.2,1012.8,981.3,986.2,120479250,1084.8,887.6,1102.5,649.1,1011.9,152,4,1011.8,209,7,1011.7,1609,14,1011.6,546,7,1011.5,691,11,1012.0,332,2,1012.1,378,7,1012.2,64,3,1012.3,1245,11,1012.4,633,8
317,2025-11-26 14:04:10+05:30,1012.1,22,1001.53,7628330,428439.0,434116.0,986.2,1012.8,981.3,986.2,120479250,1084.8,887.6,1102.5,649.1,1012.0,370,9,1011.9,171,5,1011.8,156,7,1011.7,1781,13,1011.6,750,9,1012.1,444,7,1012.2,64,3,1012.3,805,9,1012.4,823,8,1012.5,2389,21
317,2025-11-26 14:04:10+05:30,1012.0,5,1001.53,7628330,428439.0,434116.0,986.2,1012.8,981.3,986.2,120479250,1084.8,887.6,1102.5,649.1,1012.0,370,9,1011.9,171,5,1011.8,156,7,1011.7,1781,13,1011.6,750,9,1012.1,444,7,1012.2,64,3,1012.3,805,9,1012.4,823,8,1012.5,2389,21
317,2025-11-26 14:04:11+05:30,1012.1,1,1001.53,7628547,428148.0,434058.0,986.2,1012.8,981.3,986.2,120479250,1084.8,887.6,1102.5,649.1,1012.0,155,6,1011.9,79,3,1011.8,109,6,1011.7,1754,14,1011.6,750,9,1012.1,232,6,1012.2,105,4,1012.3,887,10,1012.4,1018,11,1012.5,2389,21
317,2025-11-26 14:04:11+05:30,1012.1,56,1001.53,7628547,428148.0,434058.0,986.2,1012.8,981.3,986.2,120479250,1084.8,887.6,1102.5,649.1,1012.0,155,6,1011.9,79,3,1011.8,109,6,1011.7,1754,14,1011.6,750,9,1012.1,232,6,1012.2,105,4,1012.3,887,10,1012.4,1018,11,1012.5,2389,21
317,2025-11-26 14:04:12+05:30,1012.0,8,1001.53,7628948,428451.0,434073.0,986.2,1012.8,981.3,986.2,120479250,1084.8,887.6,1102.5,649.1,1012.0,356,4,1011.9,46,3,1011.8,179,7,1011.7,1774,14,1011.6,818,11,1012.1,305,7,1012.2,105,4,1012.3,889,9,1012.4,996,10,1012.5,2438,25
317,2025-11-26 14:04:12+05:30,1012.0,8,1001.53,7628948,428451.0,434073.0,986.2,1012.8,981.3,986.2,120479250,1084.8,887.6,1102.5,649.1,1012.0,356,4,1011.9,46,3,1011.8,179,7,1011.7,1774,14,1011.6,818,11,1012.1,305,7,1012.2,105,4,1012.3,889,9,1012.4,996,10,1012.5,2438,25
317,2025-11-26 14:04:13+05:30,1012.1,23,1001.53,7629052,428600.0,434162.0,986.2,1012.8,981.3,986.2,120479250,1084.8,887.6,1102.5,649.1,1012.0,514,7,1011.9,46,3,1011.8,109,6,1011.7,927,11,1011.6,1590,13,1012.1,272,7,1012.2,105,4,1012.3,1065,11,1012.4,1046,12,1012.5,2438,25
317,2025-11-26 14:04:13+05:30,1012.0,93,1001.53,7629052,428600.0,434162.0,986.2,1012.8,981.3,986.2,120479250,1084.8,887.6,1102.5,649.1,1012.0,514,7,1011.9,46,3,1011.8,109,6,1011.7,927,11,1011.6,1590,13,1012.1,272,7,1012.2,105,4,1012.3,1065,11,1012.4,1046,12,1012.5,2438,25
317,2025-11-26 14:04:14+05:30,1012.1,99,1001.53,7629563,428463.0,433915.0,986.2,1012.8,981.3,986.2,120479250,1084.8,887.6,1102.5,649.1,1012.0,481,6,1011.9,46,3,1011.8,315,8,1011.7,1022,13,1011.6,1568,12,1012.1,224,7,1012.2,105,4,1012.3,968,10,1012.4,945,11,1012.5,2411,23
317,2025-11-26 14:04:14+05:30,1012.1,3,1001.53,7629563,428463.0,433915.0,986.2,1012.8,981.3,986.2,120479250,1084.8,887.6,1102.5,649.1,1012.0,481,6,1011.9,46,3,1011.8,315,8,1011.7,1022,13,1011.6,1568,12,1012.1,224,7,1012.2,105,4,1012.3,968,10,1012.4,945,11,1012.5,2411,23
317,2025-11-26 14:04:15+05:30,1012.1,109,1001.53,7629678,428690.0,433791.0,986.2,1012.8,981.3,986.2,120479250,1084.8,887.6,1102.5,649.1,1012.0,615,10,1011.9,112,4,1011.8,315,8,1011.7,1015,11,1011.6,1568,12,1012.1,109,7,1012.2,105,4,1012.3,889,9,1012.4,993,10,1012.5,2433,24
317,2025-11-26 14:04:15+05:30,1012.1,13,1001.53,7629678,428690.0,433791.0,986.2,1012.8,981.3,986.2,120479250,1084.8,887.6,1102.5,649.1,1012.0,615,10,1011.9,112,4,1011.8,315,8,1011.7,1015,11,1011.6,1568,12,1012.1,109,7,1012.2,105,4,1012.3,889,9,1012.4,993,10,1012.5,2433,24
317,2025-11-26 14:04:16+05:30,1012.1,1,1001.53,7630609,428581.0,434809.0,986.2,1012.8,981.3,986.2,120479250,1084.8,887.6,1102.5,649.1,1012.0,174,6,1011.9,46,3,1011.8,109,6,1011.7,1420,7,1011.6,697,9,1012.1,49,2,1012.2,338,6,1012.3,1136,14,1012.4,1339,13,1012.5,2432,23
317,2025-11-26 14:04:16+05:30,1012.0,1,1001.53,7630609,428581.0,434809.0,986.2,1012.8,981.3,986.2,120479250,1084.8,887.6,1102.5,649.1,1012.0,174,6,1011.9,46,3,1011.8,109,6,1011.7,1420,7,1011.6,697,9,1012.1,49,2,1012.2,338,6,1012.3,1136,14,1012.4,1339,13,1012.5,2432,23
317,2025-11-26 14:04:17+05:30,1012.1,73,1001.53,7631100,428687.0,434405.0,986.2,1012.8,981.3,986.2,120479250,1084.8,887.6,1102.5,649.1,1012.0,60,4,1011.9,46,3,1011.8,109,6,1011.7,1565,9,1011.6,761,13,1012.2,367,5,1012.3,561,11,1012.4,1569,12,1012.5,2600,25,1012.6,1771,11
317,2025-11-26 14:04:17+05:30,1012.1,73,1001.53,7631100,428687.0,434405.0,986.2,1012.8,981.3,986.2,120479250,1084.8,887.6,1102.5,649.1,1012.0,60,4,1011.9,46,3,1011.8,109,6,1011.7,1565,9,1011.6,761,13,1012.2,367,5,1012.3,561,11,1012.4,1569,12,1012.5,2600,25,1012.6,1771,11
317,2025-11-26 14:04:18+05:30,1012.1,73,1001.53,7631100,429108.0,434723.0,986.2,1012.8,981.3,986.2,120479250,1084.8,887.6,1102.5,649.1,1012.0,503,5,1011.9,46,3,1011.8,109,6,1011.7,1500,10,1011.6,761,13,1012.1,292,2,1012.2,698,5,1012.3,656,13,1012.4,1171,13,1012.5,2600,25
317,2025-11-26 14:04:19+05:30,1012.0,136,1001.53,7631100,429108.0,434723.0,986.2,1012.8,981.3,986.2,120479250,1084.8,887.6,1102.5,649.1,1012.0,503,5,1011.9,46,3,1011.8,109,6,1011.7,1500,10,1011.6,761,13,1012.1,292,2,1012.2,698,5,1012.3,656,13,1012.4,1171,13,1012.5,2600,25
317,2025-11-26 14:04:19+05:30,1012.0,136,1001.53,7631739,428308.0,435562.0,986.2,1012.8,981.3,986.2,120479250,1084.8,887.6,1102.5,649.1,1011.9,338,7,1011.8,109,6,1011.7,349,5,1011.6,1097,6,1011.5,793,12,1012.0,280,2,1012.1,326,3,1012.2,970,7,1012.3,1079,16,1012.4,809,10
317,2025-11-26 14:04:20+05:30,1012.0,1,1001.53,7631740,428704.0,435497.0,986.2,1012.8,981.3,986.2,120479250,1084.8,887.6,1102.5,649.1,1011.9,721,10,1011.8,109,6,1011.7,349,5,1011.6,1097,6,1011.5,793,12,1012.0,279,2,1012.1,297,3,1012.2,970,7,1012.3,1056,15,1012.4,841,11
317,2025-11-26 14:04:20+05:30,1012.0,1,1001.53,7631740,428704.0,435497.0,986.2,1012.8,981.3,986.2,120479250,1084.8,887.6,1102.5,649.1,1011.9,721,10,1011.8,109,6,1011.7,349,5,1011.6,1097,6,1011.5,793,12,1012.0,279,2,1012.1,297,3,1012.2,970,7,1012.3,1056,15,1012.4,841,11
317,2025-11-26 14:04:21+05:30,1012.0,1,1001.53,7631741,428727.0,435532.0,986.2,1012.8,981.3,986.2,120479250,1084.8,887.6,1102.5,649.1,1011.9,721,10,1011.8,109,6,1011.7,349,5,1011.6,1097,6,1011.5,1347,13,1012.0,278,2,1012.1,297,3,1012.2,481,6,1012.3,1056,15,1012.4,1341,12
317,2025-11-26 14:04:21+05:30,1012.0,146,1001.53,7631741,428727.0,435532.0,986.2,1012.8,981.3,986.2,120479250,1084.8,887.6,1102.5,649.1,1011.9,721,10,1011.8,109,6,1011.7,349,5,1011.6,1097,6,1011.5,1347,13,1012.0,278,2,1012.1,297,3,1012.2,481,6,1012.3,1056,15,1012.4,1341,12
317,2025-11-26 14:04:22+05:30,1012.0,12,1001.53,7631741,428727.0,435532.0,986.2,1012.8,981.3,986.2,120479250,1084.8,887.6,1102.5,649.1,1011.9,721,10,1011.8,109,6,1011.7,349,5,1011.6,1097,6,1011.5,1347,13,1012.0,278,2,1012.1,297,3,1012.2,481,6,1012.3,1056,15,1012.4,1341,12
317,2025-11-26 14:04:22+05:30,1012.0,12,1001.53,7632735,428023.0,436242.0,986.2,1012.8,981.3,986.2,120479250,1084.8,887.6,1102.5,649.1,1011.9,348,6,1011.8,159,6,1011.7,349,5,1011.6,1097,6,1011.5,493,10,1012.0,218,3,1012.1,477,7,1012.2,1150,10,1012.3,1059,14,1012.4,1108,13
317,2025-11-26 14:04:23+05:30,1012.0,120,1001.53,7632735,428023.0,436242.0,986.2,1012.8,981.3,986.2,120479250,1084.8,887.6,1102.5,649.1,1011.9,348,6,1011.8,159,6,1011.7,349,5,1011.6,1097,6,1011.5,493,10,1012.0,218,3,1012.1,477,7,1012.2,1150,10,1012.3,1059,14,1012.4,1108,13
317,2025-11-26 14:04:23+05:30,1012.0,120,1001.53,7632905,428688.0,435066.0,986.2,1012.8,981.3,986.2,120479250,1084.8,887.6,1102.5,649.1,1011.9,640,10,1011.8,164,7,1011.7,525,6,1011.6,1456,10,1011.5,650,11,1012.0,389,2,1012.1,359,4,1012.2,1020,8,1012.3,1079,15,1012.4,906,12
317,2025-11-26 14:04:24+05:30,1011.9,3,1001.53,7632905,428688.0,435066.0,986.2,1012.8,981.3,986.2,120479250,1084.8,887.6,1102.5,649.1,1011.9,640,10,1011.8,164,7,1011.7,525,6,1011.6,1456,10,1011.5,650,11,1012.0,389,2,1012.1,359,4,1012.2,1020,8,1012.3,1079,15,1012.4,906,12
317,2025-11-26 14:04:24+05:30,1011.9,3,1001.54,7633662,428212.0,434425.0,986.2,1012.8,981.3,986.2,120479250,1084.8,887.6,1102.5,649.1,1011.9,264,6,1011.8,261,8,1011.7,459,6,1011.6,1456,10,1011.5,684,13,1012.1,342,6,1012.2,219,4,1012.3,1153,14,1012.4,1204,13,1012.5,2602,30
317,2025-11-26 14:04:25+05:30,1012.0,73,1001.54,7633662,428212.0,434425.0,986.2,1012.8,981.3,986.2,120479250,1084.8,887.6,1102.5,649.1,1011.9,264,6,1011.8,261,8,1011.7,459,6,1011.6,1456,10,1011.5,684,13,1012.1,342,6,1012.2,219,4,1012.3,1153,14,1012.4,1204,13,1012.5,2602,30
317,2025-11-26 14:04:25+05:30,1012.0,125,1001.54,7634210,427667.0,435610.0,986.2,1012.8,981.3,986.2,120479250,1084.8,887.6,1102.5,649.1,1011.9,48,4,1011.8,256,7,1011.7,311,5,1011.6,1097,6,1011.5,586,12,1012.0,79,3,1012.1,716,10,1012.2,530,7,1012.3,1531,15,1012.4,1118,14
317,2025-11-26 14:04:26+05:30,1012.0,31,1001.54,7634210,427667.0,435610.0,986.2,1012.8,981.3,986.2,120479250,1084.8,887.6,1102.5,649.1,1011.9,48,4,1011.8,256,7,1011.7,311,5,1011.6,1097,6,1011.5,586,12,1012.0,79,3,1012.1,716,10,1012.2,530,7,1012.3,1531,15,1012.4,1118,14
317,2025-11-26 14:04:26+05:30,1012.0,31,1001.54,7634262,428103.0,435677.0,986.2,1012.8,981.3,986.2,120479250,1084.8,887.6,1102.5,649.1,1011.9,541,8,1011.8,104,5,1011.7,311,5,1011.6,1130,7,1011.5,586,12,1012.0,365,4,1012.1,373,7,1012.2,540,8,1012.3,1558,16,1012.4,906,12
317,2025-11-26 14:04:27+05:30,1011.9,2,1001.54,7634262,428103.0,435677.0,986.2,1012.8,981.3,986.2,120479250,1084.8,887.6,1102.5,649.1,1011.9,541,8,1011.8,104,5,1011.7,311,5,1011.6,1130,7,1011.5,586,12,1012.0,365,4,1012.1,373,7,1012.2,540,8,1012.3,1558,16,1012.4,906,12
317,2025-11-26 14:04:27+05:30,1011.9,2,1001.54,7634312,428402.0,435885.0,986.2,1012.8,981.3,986.2,120479250,1084.8,887.6,1102.5,649.1,1011.9,826,10,1011.8,104,5,1011.7,311,5,1011.6,1203,8,1011.5,586,12,1012.0,625,5,1012.1,322,6,1012.2,540,8,1012.3,1531,15,1012.4,906,12
317,2025-11-26 14:04:28+05:30,1012.0,1,1001.54,7634312,428402.0,435885.0,986.2,1012.8,981.3,986.2,120479250,1084.8,887.6,1102.5,649.1,1011.9,826,10,1011.8,104,5,1011.7,311,5,1011.6,1203,8,1011.5,586,12,1012.0,625,5,1012.1,322,6,1012.2,540,8,1012.3,1531,15,1012.4,906,12
317,2025-11-26 14:04:28+05:30,1011.9,8,1001.54,7635522,428191.0,435733.0,986.2,1012.8,981.3,986.2,120479250,1084.8,887.6,1102.5,649.1,1011.9,53,3,1011.8,104,5,1011.7,381,6,1011.6,1489,11,1011.5,822,15,1012.0,215,2,1012.1,225,4,1012.2,384,7,1012.3,1532,15,1012.4,908,13
317,2025-11-26 14:04:29+05:30,1011.9,8,1001.54,7635522,428191.0,435733.0,986.2,1012.8,981.3,986.2,120479250,1084.8,887.6,1102.5,649.1,1011.9,53,3,1011.8,104,5,1011.7,381,6,1011.6,1489,11,1011.5,822,15,1012.0,215,2,1012.1,225,4,1012.2,384,7,1012.3,1532,15,1012.4,908,13
317,2025-11-26 14:04:30+05:30,1012.0,73,1001.54,7635668,427680.0,435784.0,986.2,1012.8,981.3,986.2,120479250,1084.8,887.6,1102.5,649.1,1011.9,36,1,1011.8,99,4,1011.7,330,6,1011.6,1342,10,1011.5,738,10,1012.0,529,6,1012.1,437,7,1012.2,559,9,1012.3,1082,15,1012.4,908,13
317,2025-11-26 14:04:30+05:30,1012.0,103,1001.54,7635668,427680.0,435784.0,986.2,1012.8,981.3,986.2,120479250,1084.8,887.6,1102.5,649.1,1011.9,36,1,1011.8,99,4,1011.7,330,6,1011.6,1342,10,1011.5,738,10,1012.0,529,6,1012.1,437,7,1012.2,559,9,1012.3,1082,15,1012.4,908,13
317,2025-11-26 14:04:31+05:30,1012.0,22,1001.54,7636146,428635.0,435292.0,986.2,1012.8,981.3,986.2,120479250,1084.8,887.6,1102.5,649.1,1011.9,398,4,1011.8,144,5,1011.7,420,8,1011.6,1435,12,1011.5,802,14,1012.0,10,1,1012.1,260,5,1012.2,678,4,1012.3,778,14,1012.4,905,12
317,2025-11-26 14:04:31+05:30,1011.9,135,1001.54,7636146,428635.0,435292.0,986.2,1012.8,981.3,986.2,120479250,1084.8,887.6,1102.5,649.1,1011.9,398,4,1011.8,144,5,1011.7,420,8,1011.6,1435,12,1011.5,802,14,1012.0,10,1,1012.1,260,5,1012.2,678,4,1012.3,778,14,1012.4,905,12
317,2025-11-26 14:04:32+05:30,1011.9,135,1001.54,7636346,428591.0,435619.0,986.2,1012.8,981.3,986.2,120479250,1084.8,887.6,1102.5,649.1,1011.9,342,5,1011.8,128,4,1011.7,400,7,1011.6,1455,13,1011.5,802,14,1012.0,203,4,1012.1,260,5,1012.2,774,5,1012.3,1104,16,1012.4,915,13
317,2025-11-26 14:04:33+05:30,1012.0,21,1001.54,7636450,431094.0,435402.0,986.2,1012.8,981.3,986.2,120479250,1084.8,887.6,1102.5,649.1,1011.9,608,8,1011.8,904,6,1011.7,646,11,1011.6,686,11,1011.5,802,14,1012.0,170,2,1012.1,260,5,1012.2,215,4,1012.3,1137,11,1012.4,1213,14
317,2025-11-26 14:04:33+05:30,1011.9,8,1001.54,7636450,431094.0,435402.0,986.2,1012.8,981.3,986.2,120479250,1084.8,887.6,1102.5,649.1,1011.9,608,8,1011.8,904,6,1011.7,646,11,1011.6,686,11,1011.5,802,14,1012.0,170,2,1012.1,260,5,1012.2,215,4,1012.3,1137,11,1012.4,1213,14
317,2025-11-26 14:04:34+05:30,1012.0,120,1001.54,7636750,431020.0,434893.0,986.2,1012.8,981.3,986.2,120479250,1084.8,887.6,1102.5,649.1,1011.9,454,5,1011.8,970,7,1011.7,705,12,1011.6,765,12,1011.5,802,14,1012.0,190,3,1012.1,225,4,1012.2,79,3,1012.3,667,10,1012.4,1213,14
317,2025-11-26 14:04:34+05:30,1012.0,146,1001.54,7636750,431020.0,434893.0,986.2,1012.8,981.3,986.2,120479250,1084.8,887.6,1102.5,649.1,1011.9,454,5,1011.8,970,7,1011.7,705,12,1011.6,765,12,1011.5,802,14,1012.0,190,3,1012.1,225,4,1012.2,79,3,1012.3,667,10,1012.4,1213,14
317,2025-11-26 14:04:35+05:30,1012.0,2,1001.54,7637457,428490.0,436252.0,986.2,1012.8,981.3,986.2,120479250,1084.8,887.6,1102.5,649.1,1011.9,366,3,1011.8,850,7,1011.7,681,11,1011.6,653,10,1011.5,853,16,1012.0,169,2,1012.1,225,4,1012.2,340,8,1012.3,1171,12,1012.4,1203,13
317,2025-11-26 14:04:35+05:30,1012.0,2,1001.54,7637457,428490.0,436252.0,986.2,1012.8,981.3,986.2,120479250,1084.8,887.6,1102.5,649.1,1011.9,366,3,1011.8,850,7,1011.7,681,11,1011.6,653,10,1011.5,853,16,1012.0,169,2,1012.1,225,4,1012.2,340,8,1012.3,1171,12,1012.4,1203,13
317,2025-11-26 14:04:36+05:30,1012.0,1,1001.54,7637458,427890.0,435665.0,986.2,1012.8,981.3,986.2,120479250,1084.8,887.6,1102.5,649.1,1011.9,586,5,1011.8,850,7,1011.7,611,10,1011.6,653,10,1011.5,853,16,1012.1,374,5,1012.2,257,6,1012.3,1283,13,1012.4,1213,14,1012.5,2719,31
317,2025-11-26 14:04:36+05:30,1012.0,110,1001.54,7637458,427890.0,435665.0,986.2,1012.8,981.3,986.2,120479250,1084.8,887.6,1102.5,649.1,1011.9,586,5,1011.8,850,7,1011.7,611,10,1011.6,653,10,1011.5,853,16,1012.1,374,5,1012.2,257,6,1012.3,1283,13,1012.4,1213,14,1012.5,2719,31
317,2025-11-26 14:04:37+05:30,1012.0,1,1001.54,7638222,428469.0,436663.0,986.2,1012.8,981.3,986.2,120479250,1084.8,887.6,1102.5,649.1,1011.9,486,5,1011.8,843,6,1011.7,541,9,1011.6,653,10,1011.5,853,16,1012.0,1370,3,1012.1,319,6,1012.2,401,8,1012.3,1098,14,1012.4,1530,16
317,2025-11-26 14:04:37+05:30,1012.0,1,1001.54,7638222,428469.0,436663.0,986.2,1012.8,981.3,986.2,120479250,1084.8,887.6,1102.5,649.1,1011.9,486,5,1011.8,843,6,1011.7,541,9,1011.6,653,10,1011.5,853,16,1012.0,1370,3,1012.1,319,6,1012.2,401,8,1012.3,1098,14,1012.4,1530,16
317,2025-11-26 14:04:38+05:30,1012.0,1,1001.54,7638222,428685.0,436756.0,986.2,1012.8,981.3,986.2,120479250,1084.8,887.6,1102.5,649.1,1011.9,632,7,1011.8,843,6,1011.7,611,10,1011.6,653,10,1011.5,853,16,1012.0,1739,4,1012.1,319,6,1012.2,401,8,1012.3,1072,13,1012.4,1530,16
317,2025-11-26 14:04:39+05:30,1011.9,131,1001.54,7638222,428685.0,436756.0,986.2,1012.8,981.3,986.2,120479250,1084.8,887.6,1102.5,649.1,1011.9,632,7,1011.8,843,6,1011.7,611,10,1011.6,653,10,1011.5,853,16,1012.0,1739,4,1012.1,319,6,1012.2,401,8,1012.3,1072,13,1012.4,1530,16
317,2025-11-26 14:04:39+05:30,1011.9,131,1001.54,7639143,426801.0,437593.0,986.2,1012.8,981.3,986.2,120479250,1084.8,887.6,1102.5,649.1,1011.8,238,5,1011.7,330,6,1011.6,847,4,1011.5,596,8,1011.4,970,15,1011.9,465,3,1012.0,1630,4,1012.1,530,8,1012.2,616,10,1012.3,1219,13
317,2025-11-26 14:04:40+05:30,1011.9,20,1001.54,7639143,426801.0,437593.0,986.2,1012.8,981.3,986.2,120479250,1084.8,887.6,1102.5,649.1,1011.8,238,5,1011.7,330,6,1011.6,847,4,1011.5,596,8,1011.4,970,15,1011.9,465,3,1012.0,1630,4,1012.1,530,8,1012.2,616,10,1012.3,1219,13
317,2025-11-26 14:04:40+05:30,1011.9,73,1001.54,7639292,427998.0,437477.0,986.2,1012.8,981.3,986.2,120479250,1084.8,887.6,1102.5,649.1,1011.8,309,7,1011.7,330,6,1011.6,1122,7,1011.5,687,10,1011.4,998,17,1011.9,317,2,1012.0,1630,4,1012.1,434,6,1012.2,611,10,1012.3,1517,14
317,2025-11-26 14:04:41+05:30,1011.9,6,1001.54,7639292,427998.0,437477.0,986.2,1012.8,981.3,986.2,120479250,1084.8,887.6,1102.5,649.1,1011.8,309,7,1011.7,330,6,1011.6,1122,7,1011.5,687,10,1011.4,998,17,1011.9,317,2,1012.0,1630,4,1012.1,434,6,1012.2,611,10,1012.3,1517,14
317,2025-11-26 14:04:41+05:30,1011.9,6,1001.54,7639590,427469.0,437037.0,986.2,1012.8,981.3,986.2,120479250,1084.8,887.6,1102.5,649.1,1011.8,630,8,1011.7,330,6,1011.6,1231,8,1011.5,730,12,1011.4,1473,18,1012.0,1748,4,1012.1,361,5,1012.2,356,8,1012.3,1077,14,1012.4,1429,14
317,2025-11-26 14:04:42+05:30,1012.0,2,1001.54,7639590,427469.0,437037.0,986.2,1012.8,981.3,986.2,120479250,1084.8,887.6,1102.5,649.1,1011.8,630,8,1011.7,330,6,1011.6,1231,8,1011.5,730,12,1011.4,1473,18,1012.0,1748,4,1012.1,361,5,1012.2,356,8,1012.3,1077,14,1012.4,1429,14
317,2025-11-26 14:04:43+05:30,1012.0,23,1001.54,7639624,427601.0,437267.0,986.2,1012.8,981.3,986.2,120479250,1084.8,887.6,1102.5,649.1,1011.9,218,4,1011.8,630,8,1011.7,330,6,1011.6,1231,8,1011.5,730,12,1012.0,1716,5,1012.1,300,5,1012.2,391,7,1012.3,1121,16,1012.4,1429,14
317,2025-11-26 14:04:43+05:30,1012.0,150,1001.54,7639624,427601.0,437267.0,986.2,1012.8,981.3,986.2,120479250,1084.8,887.6,1102.5,649.1,1011.9,218,4,1011.8,630,8,1011.7,330,6,1011.6,1231,8,1011.5,730,12,1012.0,1716,5,1012.1,300,5,1012.2,391,7,1012.3,1121,16,1012.4,1429,14
317,2025-11-26 14:04:44+05:30,1012.0,224,1001.55,7640710,427191.0,437421.0,986.2,1012.8,981.3,986.2,120479250,1084.8,887.6,1102.5,649.1,1011.9,141,3,1011.8,192,5,1011.7,399,7,1011.6,1231,8,1011.5,712,11,1012.0,858,5,1012.1,225,4,1012.2,824,6,1012.3,1139,18,1012.4,1009,13
317,2025-11-26 14:04:44+05:30,1012.0,3,1001.55,7640710,427191.0,437421.0,986.2,1012.8,981.3,986.2,120479250,1084.8,887.6,1102.5,649.1,1011.9,141,3,1011.8,192,5,1011.7,399,7,1011.6,1231,8,1011.5,712,11,1012.0,858,5,1012.1,225,4,1012.2,824,6,1012.3,1139,18,1012.4,1009,13
317,2025-11-26 14:04:45+05:30,1011.9,2,1001.55,7640930,428160.0,436669.0,986.2,1012.8,981.3,986.2,120479250,1084.8,887.6,1102.5,649.1,1011.8,357,8,1011.7,469,8,1011.6,1303,11,1011.5,669,9,1011.4,998,17,1011.9,183,2,1012.0,762,5,1012.1,265,5,1012.2,824,6,1012.3,1109,17
317,2025-11-26 14:04:45+05:30,1011.9,117,1001.55,7640930,428160.0,436669.0,986.2,1012.8,981.3,986.2,120479250,1084.8,887.6,1102.5,649.1,1011.8,357,8,1011.7,469,8,1011.6,1303,11,1011.5,669,9,1011.4,998,17,1011.9,183,2,1012.0,762,5,1012.1,265,5,1012.2,824,6,1012.3,1109,17
317,2025-11-26 14:04:46+05:30,1011.9,1,1001.55,7641131,427650.0,437432.0,986.2,1012.8,981.3,986.2,120479250,1084.8,887.6,1102.5,649.1,1011.9,265,5,1011.8,338,7,1011.7,400,7,1011.6,1285,10,1011.5,687,10,1012.0,945,6,1012.1,265,5,1012.2,243,5,1012.3,1706,19,1012.4,889,11
317,2025-11-26 14:04:46+05:30,1011.9,1,1001.55,7641131,427650.0,437432.0,986.2,1012.8,981.3,986.2,120479250,1084.8,887.6,1102.5,649.1,1011.9,265,5,1011.8,338,7,1011.7,400,7,1011.6,1285,10,1011.5,687,10,1012.0,945,6,1012.1,265,5,1012.2,243,5,1012.3,1706,19,1012.4,889,11
317,2025-11-26 14:04:47+05:30,1012.0,73,1001.55,7641315,427693.0,437045.0,986.2,1012.8,981.3,986.2,120479250,1084.8,887.6,1102.5,649.1,1011.9,301,4,1011.8,292,6,1011.7,605,9,1011.6,1267,9,1011.5,705,11,1012.0,2400,8,1012.1,265,5,1012.2,243,5,1012.3,1149,19,1012.4,1421,12
317,2025-11-26 14:04:47+05:30,1012.0,54,1001.55,7641315,427693.0,437045.0,986.2,1012.8,981.3,986.2,120479250,1084.8,887.6,1102.5,649.1,1011.9,301,4,1011.8,292,6,1011.7,605,9,1011.6,1267,9,1011.5,705,11,1012.0,2400,8,1012.1,265,5,1012.2,243,5,1012.3,1149,19,1012.4,1421,12
317,2025-11-26 14:04:48+05:30,1011.9,1,1001.55,7642251,427473.0,436057.0,986.2,1012.8,981.3,986.2,120479250,1084.8,887.6,1102.5,649.1,1011.9,208,4,1011.8,213,6,1011.7,663,10,1011.6,1345,10,1011.5,705,11,1012.0,1683,3,1012.1,265,5,1012.2,161,4,1012.3,917,13,1012.4,1447,14
317,2025-11-26 14:04:48+05:30,1011.9,1,1001.55,7642251,427473.0,436057.0,986.2,1012.8,981.3,986.2,120479250,1084.8,887.6,1102.5,649.1,1011.9,208,4,1011.8,213,6,1011.7,663,10,1011.6,1345,10,1011.5,705,11,1012.0,1683,3,1012.1,265,5,1012.2,161,4,1012.3,917,13,1012.4,1447,14
317,2025-11-26 14:04:49+05:30,1011.8,29,1001.55,7642936,428100.0,435134.0,986.2,1012.8,981.3,986.2,120479250,1084.8,887.6,1102.5,649.1,1011.8,43,3,1011.7,400,7,1011.6,1267,9,1011.5,705,11,1011.4,998,17,1011.9,44,1,1012.0,1521,2,1012.1,482,7,1012.2,297,5,1012.3,1007,14
317,2025-11-26 14:04:49+05:30,1011.9,36,1001.55,7642936,428100.0,435134.0,986.2,1012.8,981.3,986.2,120479250,1084.8,887.6,1102.5,649.1,1011.8,43,3,1011.7,400,7,1011.6,1267,9,1011.5,705,11,1011.4,998,17,1011.9,44,1,1012.0,1521,2,1012.1,482,7,1012.2,297,5,1012.3,1007,14
317,2025-11-26 14:04:50+05:30,1011.9,1,1001.55,7643082,428424.0,435244.0,986.2,1012.8,981.3,986.2,120479250,1084.8,887.6,1102.5,649.1,1011.8,486,8,1011.7,330,6,1011.6,1214,9,1011.5,685,10,1011.4,998,17,1011.9,150,2,1012.0,1521,2,1012.1,543,7,1012.2,424,7,1012.3,1118,14
317,2025-11-26 14:04:50+05:30,1011.9,1,1001.55,7643082,428424.0,435244.0,986.2,1012.8,981.3,986.2,120479250,1084.8,887.6,1102.5,649.1,1011.8,486,8,1011.7,330,6,1011.6,1214,9,1011.5,685,10,1011.4,998,17,1011.9,150,2,1012.0,1521,2,1012.1,543,7,1012.2,424,7,1012.3,1118,14
317,2025-11-26 14:04:51+05:30,1011.9,66,1001.55,7643082,428424.0,435244.0,986.2,1012.8,981.3,986.2,120479250,1084.8,887.6,1102.5,649.1,1011.8,486,8,1011.7,330,6,1011.6,1214,9,1011.5,685,10,1011.4,998,17,1011.9,150,2,1012.0,1521,2,1012.1,543,7,1012.2,424,7,1012.3,1118,14
317,2025-11-26 14:04:51+05:30,1011.9,66,1001.55,7643163,428664.0,436014.0,986.2,1012.8,981.3,986.2,120479250,1084.8,887.6,1102.5,649.1,1011.8,632,10,1011.7,456,8,1011.6,1283,10,1011.5,685,10,1011.4,998,17,1011.9,329,3,1012.0,1713,6,1012.1,466,5,1012.2,928,8,1012.3,1118,14
317,2025-11-26 14:04:52+05:30,1011.9,150,1001.55,7643163,428664.0,436014.0,986.2,1012.8,981.3,986.2,120479250,1084.8,887.6,1102.5,649.1,1011.8,632,10,1011.7,456,8,1011.6,1283,10,1011.5,685,10,1011.4,998,17,1011.9,329,3,1012.0,1713,6,1012.1,466,5,1012.2,928,8,1012.3,1118,14
317,2025-11-26 14:04:52+05:30,1011.9,150,1001.55,7643645,428662.0,435912.0,986.2,1012.8,981.3,986.2,120479250,1084.8,887.6,1102.5,649.1,1011.8,543,10,1011.7,517,9,1011.6,1341,11,1011.5,685,10,1011.4,998,17,1011.9,506,3,1012.0,1713,6,1012.1,521,5,1012.2,321,6,1012.3,1704,15
317,2025-11-26 14:04:53+05:30,1011.9,1,1001.55,7643645,428662.0,435912.0,986.2,1012.8,981.3,986.2,120479250,1084.8,887.6,1102.5,649.1,1011.8,543,10,1011.7,517,9,1011.6,1341,11,1011.5,685,10,1011.4,998,17,1011.9,506,3,1012.0,1713,6,1012.1,521,5,1012.2,321,6,1012.3,1704,15
317,2025-11-26 14:04:53+05:30,1011.9,1,1001.55,7644089,428545.0,435562.0,986.2,1012.8,981.3,986.2,120479250,1084.8,887.6,1102.5,649.1,1011.8,390,8,1011.7,517,9,1011.6,1341,11,1011.5,708,11,1011.4,998,17,1011.9,209,3,1012.0,1714,7,1012.1,385,4,1012.2,323,6,1012.3,1648,15
317,2025-11-26 14:04:54+05:30,1011.9,104,1001.55,7644089,428545.0,435562.0,986.2,1012.8,981.3,986.2,120479250,1084.8,887.6,1102.5,649.1,1011.8,390,8,1011.7,517,9,1011.6,1341,11,1011.5,708,11,1011.4,998,17,1011.9,209,3,1012.0,1714,7,1012.1,385,4,1012.2,323,6,1012.3,1648,15
317,2025-11-26 14:04:54+05:30,1011.9,104,1001.55,7644329,428402.0,435361.0,986.2,1012.8,981.3,986.2,120479250,1084.8,887.6,1102.5,649.1,1011.8,412,8,1011.7,393,7,1011.6,1357,12,1011.5,692,10,1011.4,998,17,1011.9,8,1,1012.0,1714,7,1012.1,521,5,1012.2,323,6,1012.3,1674,17
317,2025-11-26 14:04:55+05:30,1011.9,4,1001.55,7644329,428402.0,435361.0,986.2,1012.8,981.3,986.2,120479250,1084.8,887.6,1102.5,649.1,1011.8,412,8,1011.7,393,7,1011.6,1357,12,1011.5,692,10,1011.4,998,17,1011.9,8,1,1012.0,1714,7,1012.1,521,5,1012.2,323,6,1012.3,1674,17
317,2025-11-26 14:04:55+05:30,1012.0,126,1001.55,7644659,427595.0,436420.0,986.2,1012.8,981.3,986.2,120479250,1084.8,887.6,1102.5,649.1,1011.9,1,1,1011.8,376,7,1011.7,393,7,1011.6,1325,10,1011.5,724,12,1012.0,1659,8,1012.1,521,5,1012.2,396,7,1012.3,1674,17,1012.4,949,12
317,2025-11-26 14:04:56+05:30,1012.0,126,1001.55,7644659,427595.0,436420.0,986.2,1012.8,981.3,986.2,120479250,1084.8,887.6,1102.5,649.1,1011.9,1,1,1011.8,376,7,1011.7,393,7,1011.6,1325,10,1011.5,724,12,1012.0,1659,8,1012.1,521,5,1012.2,396,7,1012.3,1674,17,1012.4,949,12
317,2025-11-26 14:04:56+05:30,1012.0,126,1001.55,7644659,427288.0,436660.0,986.2,1012.8,981.3,986.2,120479250,1084.8,887.6,1102.5,649.1,1011.9,27,3,1011.8,59,4,1011.7,393,7,1011.6,1325,10,1011.5,724,12,1012.0,1659,8,1012.1,666,7,1012.2,469,8,1012.3,1696,18,1012.4,949,12
317,2025-11-26 14:04:57+05:30,1011.8,16,1001.55,7644659,427288.0,436660.0,986.2,1012.8,981.3,986.2,120479250,1084.8,887.6,1102.5,649.1,1011.9,27,3,1011.8,59,4,1011.7,393,7,1011.6,1325,10,1011.5,724,12,1012.0,1659,8,1012.1,666,7,1012.2,469,8,1012.3,1696,18,1012.4,949,12
317,2025-11-26 14:04:57+05:30,1011.8,16,1001.55,7644747,426883.0,436890.0,986.2,1012.8,981.3,986.2,120479250,1084.8,887.6,1102.5,649.1,1011.8,36,4,1011.7,330,6,1011.6,883,5,1011.5,550,8,1011.4,889,10,1011.9,71,1,1012.0,1959,14,1012.1,978,13,1012.2,966,11,1012.3,846,15
317,2025-11-26 14:04:58+05:30,1011.8,4,1001.55,7644747,426883.0,436890.0,986.2,1012.8,981.3,986.2,120479250,1084.8,887.6,1102.5,649.1,1011.8,36,4,1011.7,330,6,1011.6,883,5,1011.5,550,8,1011.4,889,10,1011.9,71,1,1012.0,1959,14,1012.1,978,13,1012.2,966,11,1012.3,846,15
317,2025-11-26 14:04:58+05:30,1011.7,19,1001.55,7645255,426075.0,438559.0,986.2,1012.8,981.3,986.2,120479250,1084.8,887.6,1102.5,649.1,1011.7,30,4,1011.6,133,4,1011.5,838,4,1011.4,290,3,1011.3,651,8,1011.8,254,5,1011.9,668,10,1012.0,2507,18,1012.1,1440,19,1012.2,672,11
317,2025-11-26 14:04:59+05:30,1011.7,2,1001.55,7645255,426075.0,438559.0,986.2,1012.8,981.3,986.2,120479250,1084.8,887.6,1102.5,649.1,1011.7,30,4,1011.6,133,4,1011.5,838,4,1011.4,290,3,1011.3,651,8,1011.8,254,5,1011.9,668,10,1012.0,2507,18,1012.1,1440,19,1012.2,672,11
317,2025-11-26 14:05:00+05:30,1011.7,2,1001.55,7645335,426482.0,438476.0,986.2,1012.8,981.3,986.2,120479250,1084.8,887.6,1102.5,649.1,1011.7,3,2,1011.6,142,5,1011.5,838,4,1011.4,290,3,1011.3,747,11,1011.8,234,5,1011.9,692,10,1012.0,2507,18,1012.1,1376,15,1012.2,723,14
317,2025-11-26 14:05:00+05:30,1011.8,1,1001.55,7645335,426482.0,438476.0,986.2,1012.8,981.3,986.2,120479250,1084.8,887.6,1102.5,649.1,1011.7,3,2,1011.6,142,5,1011.5,838,4,1011.4,290,3,1011.3,747,11,1011.8,234,5,1011.9,692,10,1012.0,2507,18,1012.1,1376,15,1012.2,723,14
317,2025-11-26 14:05:00+05:30,1011.8,1,1001.55,7645341,424858.0,438634.0,986.2,1012.8,981.3,986.2,120479250,1084.8,887.6,1102.5,649.1,1011.7,3,2,1011.6,142,5,1011.5,48,2,1011.4,290,3,1011.3,1318,9,1011.8,185,5,1011.9,691,9,1012.0,2507,18,1012.1,1376,15,1012.2,751,16
317,2025-11-26 14:05:01+05:30,1011.7,5,1001.55,7645341,424858.0,438634.0,986.2,1012.8,981.3,986.2,120479250,1084.8,887.6,1102.5,649.1,1011.7,3,2,1011.6,142,5,1011.5,48,2,1011.4,290,3,1011.3,1318,9,1011.8,185,5,1011.9,691,9,1012.0,2507,18,1012.1,1376,15,1012.2,751,16
317,2025-11-26 14:05:01+05:30,1011.7,5,1001.55,7645349,424880.0,438646.0,986.2,1012.8,981.3,986.2,120479250,1084.8,887.6,1102.5,649.1,1011.7,1,1,1011.6,52,3,1011.5,48,2,1011.4,328,4,1011.3,1356,10,1011.8,240,6,1011.9,691,9,1012.0,2607,19,1012.1,1306,14,1012.2,751,16
317,2025-11-26 14:05:03+05:30,1011.8,4,1001.55,7645357,424779.0,438638.0,986.2,1012.8,981.3,986.2,120479250,1084.8,887.6,1102.5,649.1,1011.7,1,1,1011.6,52,3,1011.5,35,2,1011.4,328,4,1011.3,1310,11,1011.8,213,5,1011.9,710,10,1012.0,2607,19,1012.1,1306,14,1012.2,751,16
317,2025-11-26 14:05:03+05:30,1011.8,4,1001.55,7645357,424779.0,438638.0,986.2,1012.8,981.3,986.2,120479250,1084.8,887.6,1102.5,649.1,1011.7,1,1,1011.6,52,3,1011.5,35,2,1011.4,328,4,1011.3,1310,11,1011.8,213,5,1011.9,710,10,1012.0,2607,19,1012.1,1306,14,1012.2,751,16
317,2025-11-26 14:05:03+05:30,1011.8,104,1001.55,7645357,424779.0,438638.0,986.2,1012.8,981.3,986.2,120479250,1084.8,887.6,1102.5,649.1,1011.7,1,1,1011.6,52,3,1011.5,35,2,1011.4,328,4,1011.3,1310,11,1011.8,213,5,1011.9,710,10,1012.0,2607,19,1012.1,1306,14,1012.2,751,16
317,2025-11-26 14:05:03+05:30,1011.8,104,1001.55,7645357,424779.0,438638.0,986.2,1012.8,981.3,986.2,120479250,1084.8,887.6,1102.5,649.1,1011.7,1,1,1011.6,52,3,1011.5,35,2,1011.4,328,4,1011.3,1310,11,1011.8,213,5,1011.9,710,10,1012.0,2607,19,1012.1,1306,14,1012.2,751,16
317,2025-11-26 14:05:04+05:30,1011.7,223,1001.55,7645868,422643.0,436876.0,986.2,1012.8,981.3,986.2,120479250,1084.8,887.6,1102.5,649.1,1011.6,52,3,1011.5,55,3,1011.4,276,5,1011.3,1450,12,1011.2,1825,8,1011.7,61,1,1011.8,62,1,1011.9,319,7,1012.0,2578,19,1012.1,1270,13
317,2025-11-26 14:05:04+05:30,1011.7,223,1001.55,7645868,422643.0,436876.0,986.2,1012.8,981.3,986.2,120479250,1084.8,887.6,1102.5,649.1,1011.6,52,3,1011.5,55,3,1011.4,276,5,1011.3,1450,12,1011.2,1825,8,1011.7,61,1,1011.8,62,1,1011.9,319,7,1012.0,2578,19,1012.1,1270,13
317,2025-11-26 14:05:04+05:30,1011.7,223,1001.55,7645868,422643.0,436876.0,986.2,1012.8,981.3,986.2,120479250,1084.8,887.6,1102.5,649.1,1011.6,52,3,1011.5,55,3,1011.4,276,5,1011.3,1450,12,1011.2,1825,8,1011.7,61,1,1011.8,62,1,1011.9,319,7,1012.0,2578,19,1012.1,1270,13
317,2025-11-26 14:05:04+05:30,1011.7,223,1001.55,7645868,422643.0,436876.0,986.2,1012.8,981.3,986.2,120479250,1084.8,887.6,1102.5,649.1,1011.6,52,3,1011.5,55,3,1011.4,276,5,1011.3,1450,12,1011.2,1825,8,1011.7,61,1,1011.8,62,1,1011.9,319,7,1012.0,2578,19,1012.1,1270,13
317,2025-11-26 14:05:05+05:30,1011.7,223,1001.55,7645868,423026.0,437668.0,986.2,1012.8,981.3,986.2,120479250,1084.8,887.6,1102.5,649.1,1011.6,52,3,1011.5,55,3,1011.4,276,5,1011.3,1450,12,1011.2,1855,9,1011.7,61,1,1011.8,62,1,1011.9,555,9,1012.0,2633,21,1012.1,1270,13
317,2025-11-26 14:05:05+05:30,1011.7,223,1001.55,7645868,423026.0,437668.0,986.2,1012.8,981.3,986.2,120479250,1084.8,887.6,1102.5,649.1,1011.6,52,3,1011.5,55,3,1011.4,276,5,1011.3,1450,12,1011.2,1855,9,1011.7,61,1,1011.8,62,1,1011.9,555,9,1012.0,2633,21,1012.1,1270,13
317,2025-11-26 14:05:05+05:30,1011.7,3,1001.55,7645868,423026.0,437668.0,986.2,1012.8,981.3,986.2,120479250,1084.8,887.6,1102.5,649.1,1011.6,52,3,1011.5,55,3,1011.4,276,5,1011.3,1450,12,1011.2,1855,9,1011.7,61,1,1011.8,62,1,1011.9,555,9,1012.0,2633,21,1012.1,1270,13
317,2025-11-26 14:05:05+05:30,1011.7,3,1001.55,7645868,423026.0,437668.0,986.2,1012.8,981.3,986.2,120479250,1084.8,887.6,1102.5,649.1,1011.6,52,3,1011.5,55,3,1011.4,276,5,1011.3,1450,12,1011.2,1855,9,1011.7,61,1,1011.8,62,1,1011.9,555,9,1012.0,2633,21,1012.1,1270,13
317,2025-11-26 14:05:06+05:30,1011.7,3,1001.55,7645868,423026.0,437668.0,986.2,1012.8,981.3,986.2,120479250,1084.8,887.6,1102.5,649.1,1011.6,52,3,1011.5,55,3,1011.4,276,5,1011.3,1450,12,1011.2,1855,9,1011.7,61,1,1011.8,62,1,1011.9,555,9,1012.0,2633,21,1012.1,1270,13
317,2025-11-26 14:05:06+05:30,1011.7,1,1001.55,7645873,423088.0,437640.0,986.2,1012.8,981.3,986.2,120479250,1084.8,887.6,1102.5,649.1,1011.6,52,3,1011.5,55,3,1011.4,276,5,1011.3,1450,12,1011.2,1855,9,1011.7,56,1,1011.8,134,2,1011.9,627,10,1012.0,2633,21,1012.1,1277,14
317,2025-11-26 14:05:06+05:30,1011.7,1,1001.55,7645873,423088.0,437640.0,986.2,1012.8,981.3,986.2,120479250,1084.8,887.6,1102.5,649.1,1011.6,52,3,1011.5,55,3,1011.4,276,5,1011.3,1450,12,1011.2,1855,9,1011.7,56,1,1011.8,134,2,1011.9,627,10,1012.0,2633,21,1012.1,1277,14
317,2025-11-26 14:05:06+05:30,1011.6,1,1001.55,7645873,423088.0,437640.0,986.2,1012.8,981.3,986.2,120479250,1084.8,887.6,1102.5,649.1,1011.6,52,3,1011.5,55,3,1011.4,276,5,1011.3,1450,12,1011.2,1855,9,1011.7,56,1,1011.8,134,2,1011.9,627,10,1012.0,2633,21,1012.1,1277,14
317,2025-11-26 14:05:06+05:30,1011.6,1,1001.55,7645873,423088.0,437640.0,986.2,1012.8,981.3,986.2,120479250,1084.8,887.6,1102.5,649.1,1011.6,52,3,1011.5,55,3,1011.4,276,5,1011.3,1450,12,1011.2,1855,9,1011.7,56,1,1011.8,134,2,1011.9,627,10,1012.0,2633,21,1012.1,1277,14
317,2025-11-26 14:05:07+05:30,1011.6,1,1001.55,7645873,423088.0,437640.0,986.2,1012.8,981.3,986.2,120479250,1084.8,887.6,1102.5,649.1,1011.6,52,3,1011.5,55,3,1011.4,276,5,1011.3,1450,12,1011.2,1855,9,1011.7,56,1,1011.8,134,2,1011.9,627,10,1012.0,2633,21,1012.1,1277,14
317,2025-11-26 14:05:07+05:30,1011.6,1,1001.55,7645874,423005.0,437759.0,986.2,1012.8,981.3,986.2,120479250,1084.8,887.6,1102.5,649.1,1011.6,51,3,1011.5,55,3,1011.4,207,4,1011.3,1450,12,1011.2,1855,9,1011.7,56,1,1011.8,134,2,1011.9,627,10,1012.0,2632,20,1012.1,1277,14
317,2025-11-26 14:05:07+05:30,1011.6,1,1001.55,7645874,423005.0,437759.0,986.2,1012.8,981.3,986.2,120479250,1084.8,887.6,1102.5,649.1,1011.6,51,3,1011.5,55,3,1011.4,207,4,1011.3,1450,12,1011.2,1855,9,1011.7,56,1,1011.8,134,2,1011.9,627,10,1012.0,2632,20,1012.1,1277,14
317,2025-11-26 14:05:07+05:30,1011.6,1,1001.55,7645874,423005.0,437759.0,986.2,1012.8,981.3,986.2,120480000,1084.8,887.6,1102.5,649.1,1011.6,51,3,1011.5,55,3,1011.4,207,4,1011.3,1450,12,1011.2,1855,9,1011.7,56,1,1011.8,134,2,1011.9,627,10,1012.0,2632,20,1012.1,1277,14
317,2025-11-26 14:05:08+05:30,1011.6,1,1001.55,7645874,423005.0,437759.0,986.2,1012.8,981.3,986.2,120480000,1084.8,887.6,1102.5,649.1,1011.6,51,3,1011.5,55,3,1011.4,207,4,1011.3,1450,12,1011.2,1855,9,1011.7,56,1,1011.8,134,2,1011.9,627,10,1012.0,2632,20,1012.1,1277,14
317,2025-11-26 14:05:08+05:30,1011.6,1,1001.55,7645874,422999.0,437759.0,986.2,1012.8,981.3,986.2,120480000,1084.8,887.6,1102.5,649.1,1011.6,51,3,1011.5,55,3,1011.4,207,4,1011.3,1450,12,1011.2,1855,9,1011.7,56,1,1011.8,134,2,1011.9,627,10,1012.0,2632,20,1012.1,1277,14
317,2025-11-26 14:05:08+05:30,1011.6,1,1001.55,7645874,422999.0,437759.0,986.2,1012.8,981.3,986.2,120480000,1084.8,887.6,1102.5,649.1,1011.6,51,3,1011.5,55,3,1011.4,207,4,1011.3,1450,12,1011.2,1855,9,1011.7,56,1,1011.8,134,2,1011.9,627,10,1012.0,2632,20,1012.1,1277,14
317,2025-11-26 14:05:09+05:30,1011.6,62,1001.55,7646112,422991.0,442700.0,986.2,1012.8,981.3,986.2,120480000,1084.8,887.6,1102.5,649.1,1011.5,55,3,1011.4,70,3,1011.3,1141,9,1011.2,1794,8,1011.1,818,12,1011.6,61,1,1011.7,73,3,1011.8,264,2,1011.9,567,9,1012.0,2818,18
317,2025-11-26 14:05:09+05:30,1011.6,62,1001.55,7646112,422991.0,442700.0,986.2,1012.8,981.3,986.2,120480000,1084.8,887.6,1102.5,649.1,1011.5,55,3,1011.4,70,3,1011.3,1141,9,1011.2,1794,8,1011.1,818,12,1011.6,61,1,1011.7,73,3,1011.8,264,2,1011.9,567,9,1012.0,2818,18
317,2025-11-26 14:05:10+05:30,1011.6,1,1001.55,7646113,423113.0,442436.0,986.2,1012.8,981.3,986.2,120480000,1084.8,887.6,1102.5,649.1,1011.5,55,3,1011.4,70,3,1011.3,1141,9,1011.2,1794,8,1011.1,818,12,1011.6,216,2,1011.7,120,4,1011.8,264,2,1011.9,530,8,1012.0,2799,17
317,2025-11-26 14:05:10+05:30,1011.6,1,1001.55,7646113,423113.0,442436.0,986.2,1012.8,981.3,986.2,120480000,1084.8,887.6,1102.5,649.1,1011.5,55,3,1011.4,70,3,1011.3,1141,9,1011.2,1794,8,1011.1,818,12,1011.6,216,2,1011.7,120,4,1011.8,264,2,1011.9,530,8,1012.0,2799,17
317,2025-11-26 14:05:11+05:30,1011.6,2,1001.55,7646115,423036.0,442518.0,986.2,1012.8,981.3,986.2,120480000,1084.8,887.6,1102.5,649.1,1011.5,55,3,1011.4,70,3,1011.3,1001,8,1011.2,1794,8,1011.1,818,12,1011.6,214,2,1011.7,120,4,1011.8,404,3,1011.9,530,8,1012.0,2799,17
317,2025-11-26 14:05:11+05:30,1011.6,2,1001.55,7646115,423036.0,442518.0,986.2,1012.8,981.3,986.2,120480000,1084.8,887.6,1102.5,649.1,1011.5,55,3,1011.4,70,3,1011.3,1001,8,1011.2,1794,8,1011.1,818,12,1011.6,214,2,1011.7,120,4,1011.8,404,3,1011.9,530,8,1012.0,2799,17
317,2025-11-26 14:05:12+05:30,1011.6,1,1001.55,7646116,423307.0,442533.0,986.2,1012.8,981.3,986.2,120480000,1084.8,887.6,1102.5,649.1,1011.5,55,3,1011.4,32,2,1011.3,1141,9,1011.2,1844,9,1011.1,818,12,1011.6,213,2,1011.7,120,4,1011.8,404,3,1011.9,530,8,1012.0,2799,17
317,2025-11-26 14:05:12+05:30,1011.6,17,1001.55,7646116,423307.0,442533.0,986.2,1012.8,981.3,986.2,120480000,1084.8,887.6,1102.5,649.1,1011.5,55,3,1011.4,32,2,1011.3,1141,9,1011.2,1844,9,1011.1,818,12,1011.6,213,2,1011.7,120,4,1011.8,404,3,1011.9,530,8,1012.0,2799,17
317,2025-11-26 14:05:13+05:30,1011.6,23,1001.55,7646167,423300.0,442511.0,986.2,1012.8,981.3,986.2,120480000,1084.8,887.6,1102.5,649.1,1011.5,55,3,1011.4,32,2,1011.3,1070,9,1011.2,1939,11,1011.1,1363,13,1011.6,170,3,1011.7,118,4,1011.8,271,3,1011.9,580,8,1012.0,2595,18
317,2025-11-26 14:05:13+05:30,1011.6,23,1001.55,7646167,423300.0,442511.0,986.2,1012.8,981.3,986.2,120480000,1084.8,887.6,1102.5,649.1,1011.5,55,3,1011.4,32,2,1011.3,1070,9,1011.2,1939,11,1011.1,1363,13,1011.6,170,3,1011.7,118,4,1011.8,271,3,1011.9,580,8,1012.0,2595,18
317,2025-11-26 14:05:14+05:30,1011.5,37,1001.55,7646259,423174.0,442179.0,986.2,1012.8,981.3,986.2,120480000,1084.8,887.6,1102.5,649.1,1011.5,10,1,1011.4,90,3,1011.3,1563,10,1011.2,1939,11,1011.1,818,12,1011.6,164,2,1011.7,49,3,1011.8,202,2,1011.9,370,5,1012.0,2514,17
317,2025-11-26 14:05:14+05:30,1011.5,25,1001.55,7646259,423174.0,442179.0,986.2,1012.8,981.3,986.2,120480000,1084.8,887.6,1102.5,649.1,1011.5,10,1,1011.4,90,3,1011.3,1563,10,1011.2,1939,11,1011.1,818,12,1011.6,164,2,1011.7,49,3,1011.8,202,2,1011.9,370,5,1012.0,2514,17
317,2025-11-26 14:05:15+05:30,1011.5,25,1001.55,7646398,423494.0,442092.0,986.2,1012.8,981.3,986.2,120480000,1084.8,887.6,1102.5,649.1,1011.5,10,1,1011.4,93,4,1011.3,1829,13,1011.2,1914,10,1011.1,818,12,1011.6,50,2,1011.7,49,3,1011.8,130,2,1011.9,370,5,1012.0,2448,15
317,2025-11-26 14:05:15+05:30,1011.6,2,1001.55,7646398,423494.0,442092.0,986.2,1012.8,981.3,986.2,120480000,1084.8,887.6,1102.5,649.1,1011.5,10,1,1011.4,93,4,1011.3,1829,13,1011.2,1914,10,1011.1,818,12,1011.6,50,2,1011.7,49,3,1011.8,130,2,1011.9,370,5,1012.0,2448,15
317,2025-11-26 14:05:16+05:30,1011.6,1,1001.55,7646401,423502.0,442120.0,986.2,1012.8,981.3,986.2,120480000,1084.8,887.6,1102.5,649.1,1011.5,18,2,1011.4,93,4,1011.3,1804,12,1011.2,1939,11,1011.1,818,12,1011.6,48,3,1011.7,49,3,1011.8,130,2,1011.9,370,5,1012.0,2448,15
317,2025-11-26 14:05:16+05:30,1011.6,1,1001.55,7646401,423502.0,442120.0,986.2,1012.8,981.3,986.2,120480000,1084.8,887.6,1102.5,649.1,1011.5,18,2,1011.4,93,4,1011.3,1804,12,1011.2,1939,11,1011.1,818,12,1011.6,48,3,1011.7,49,3,1011.8,130,2,1011.9,370,5,1012.0,2448,15
317,2025-11-26 14:05:17+05:30,1011.6,1,1001.55,7646401,423415.0,442428.0,986.2,1012.8,981.3,986.2,120480000,1084.8,887.6,1102.5,649.1,1011.5,18,2,1011.4,93,4,1011.3,1235,11,1011.2,1939,11,1011.1,818,12,1011.6,48,3,1011.7,83,4,1011.8,130,2,1011.9,856,6,1012.0,2263,14
317,2025-11-26 14:05:18+05:30,1011.5,33,1001.55,7646472,423289.0,442601.0,986.2,1012.8,981.3,986.2,120480000,1084.8,887.6,1102.5,649.1,1011.5,16,2,1011.4,35,3,1011.3,1095,10,1011.2,1869,10,1011.1,818,12,1011.6,83,3,1011.7,150,5,1011.8,269,3,1011.9,856,6,1012.0,2288,15
317,2025-11-26 14:05:18+05:30,1011.5,33,1001.55,7646472,423289.0,442601.0,986.2,1012.8,981.3,986.2,120480000,1084.8,887.6,1102.5,649.1,1011.5,16,2,1011.4,35,3,1011.3,1095,10,1011.2,1869,10,1011.1,818,12,1011.6,83,3,1011.7,150,5,1011.8,269,3,1011.9,856,6,1012.0,2288,15
317,2025-11-26 14:05:19+05:30,1011.5,6,1001.55,7646591,423318.0,442512.0,986.2,1012.8,981.3,986.2,120480000,1084.8,887.6,1102.5,649.1,1011.5,10,2,1011.4,93,4,1011.3,1070,9,1011.2,1936,11,1011.1,843,13,1011.6,86,6,1011.7,81,2,1011.8,269,3,1011.9,856,6,1012.0,2263,14
317,2025-11-26 14:05:19+05:30,1011.5,6,1001.55,7646591,423318.0,442512.0,986.2,1012.8,981.3,986.2,120480000,1084.8,887.6,1102.5,649.1,1011.5,10,2,1011.4,93,4,1011.3,1070,9,1011.2,1936,11,1011.1,843,13,1011.6,86,6,1011.7,81,2,1011.8,269,3,1011.9,856,6,1012.0,2263,14
317,2025-11-26 14:05:20+05:30,1011.6,2,1001.55,7646593,423409.0,442615.0,986.2,1012.8,981.3,986.2,120480000,1084.8,887.6,1102.5,649.1,1011.5,2,1,1011.4,35,3,1011.3,1075,10,1011.2,1946,13,1011.1,843,13,1011.6,84,6,1011.7,81,2,1011.8,269,3,1011.9,856,6,1012.0,2263,14
317,2025-11-26 14:05:20+05:30,1011.6,1,1001.55,7646593,423409.0,442615.0,986.2,1012.8,981.3,986.2,120480000,1084.8,887.6,1102.5,649.1,1011.5,2,1,1011.4,35,3,1011.3,1075,10,1011.2,1946,13,1011.1,843,13,1011.6,84,6,1011.7,81,2,1011.8,269,3,1011.9,856,6,1012.0,2263,14
317,2025-11-26 14:05:21+05:30,1011.6,1,1001.55,7646595,423393.0,442388.0,986.2,1012.8,981.3,986.2,120480000,1084.8,887.6,1102.5,649.1,1011.5,2,1,1011.4,35,3,1011.3,1075,10,1011.2,1946,13,1011.1,843,13,1011.6,125,7,1011.7,81,2,1011.8,269,3,1011.9,856,6,1012.0,2278,15
317,2025-11-26 14:05:21+05:30,1011.6,1,1001.55,7646595,423393.0,442388.0,986.2,1012.8,981.3,986.2,120480000,1084.8,887.6,1102.5,649.1,1011.5,2,1,1011.4,35,3,1011.3,1075,10,1011.2,1946,13,1011.1,843,13,1011.6,125,7,1011.7,81,2,1011.8,269,3,1011.9,856,6,1012.0,2278,15
317,2025-11-26 14:05:22+05:30,1011.6,1,1001.55,7646595,423346.0,442475.0,986.2,1012.8,981.3,986.2,120480000,1084.8,887.6,1102.5,649.1,1011.5,2,1,1011.4,35,3,1011.3,1006,9,1011.2,1946,13,1011.1,843,13,1011.6,125,7,1011.7,81,2,1011.8,269,3,1011.9,943,7,1012.0,2576,16
317,2025-11-26 14:05:23+05:30,1011.6,23,1001.55,7646626,423310.0,443032.0,986.2,1012.8,981.3,986.2,120480000,1084.8,887.6,1102.5,649.1,1011.5,2,1,1011.4,35,3,1011.3,1006,9,1011.2,1921,12,1011.1,866,14,1011.6,148,8,1011.7,100,2,1011.8,351,4,1011.9,1102,9,1012.0,2576,16
317,2025-11-26 14:05:23+05:30,1011.6,23,1001.55,7646626,423310.0,443032.0,986.2,1012.8,981.3,986.2,120480000,1084.8,887.6,1102.5,649.1,1011.5,2,1,1011.4,35,3,1011.3,1006,9,1011.2,1921,12,1011.1,866,14,1011.6,148,8,1011.7,100,2,1011.8,351,4,1011.9,1102,9,1012.0,2576,16
317,2025-11-26 14:05:24+05:30,1011.6,15,1001.55,7646875,423544.0,442966.0,986.2,1012.8,981.3,986.2,120480000,1084.8,887.6,1102.5,649.1,1011.5,2,1,1011.4,35,3,1011.3,1146,10,1011.2,1921,12,1011.1,866,14,1011.6,118,3,1011.7,100,2,1011.8,351,4,1011.9,1079,8,1012.0,2599,17
317,2025-11-26 14:05:24+05:30,1011.6,15,1001.55,7646875,423544.0,442966.0,986.2,1012.8,981.3,986.2,120480000,1084.8,887.6,1102.5,649.1,1011.5,2,1,1011.4,35,3,1011.3,1146,10,1011.2,1921,12,1011.1,866,14,1011.6,118,3,1011.7,100,2,1011.8,351,4,1011.9,1079,8,1012.0,2599,17
317,2025-11-26 14:05:25+05:30,1011.6,11,1001.55,7646889,423490.0,442855.0,986.2,1012.8,981.3,986.2,120480000,1084.8,887.6,1102.5,649.1,1011.5,2,1,1011.4,35,3,1011.3,1146,10,1011.2,1921,12,1011.1,866,14,1011.6,104,3,1011.7,100,2,1011.8,269,3,1011.9,1079,8,1012.0,2306,18
317,2025-11-26 14:05:25+05:30,1011.6,11,1001.55,7646889,423490.0,442855.0,986.2,1012.8,981.3,986.2,120480000,1084.8,887.6,1102.5,649.1,1011.5,2,1,1011.4,35,3,1011.3,1146,10,1011.2,1921,12,1011.1,866,14,1011.6,104,3,1011.7,100,2,1011.8,269,3,1011.9,1079,8,1012.0,2306,18
317,2025-11-26 14:05:26+05:30,1011.6,2,1001.55,7646903,423268.0,443311.0,986.2,1012.8,981.3,986.2,120480000,1084.8,887.6,1102.5,649.1,1011.5,12,3,1011.4,35,3,1011.3,1098,11,1011.2,1911,10,1011.1,843,13,1011.6,150,4,1011.7,34,1,1011.8,811,5,1011.9,593,7,1012.0,2604,19
317,2025-11-26 14:05:26+05:30,1011.6,2,1001.55,7646903,423268.0,443311.0,986.2,1012.8,981.3,986.2,120480000,1084.8,887.6,1102.5,649.1,1011.5,12,3,1011.4,35,3,1011.3,1098,11,1011.2,1911,10,1011.1,843,13,1011.6,150,4,1011.7,34,1,1011.8,811,5,1011.9,593,7,1012.0,2604,19
317,2025-11-26 14:05:27+05:30,1011.6,2,1001.55,7646903,423233.0,442728.0,986.2,1012.8,981.3,986.2,120480000,1084.8,887.6,1102.5,649.1,1011.5,12,3,1011.4,35,3,1011.3,1098,11,1011.2,1911,10,1011.1,843,13,1011.6,150,4,1011.7,34,1,1011.8,228,4,1011.9,593,7,1012.0,2604,19
317,2025-11-26 14:05:28+05:30,1011.6,10,1001.55,7646913,423188.0,442992.0,986.2,1012.8,981.3,986.2,120480000,1084.8,887.6,1102.5,649.1,1011.5,12,3,1011.4,35,3,1011.3,1075,10,1011.2,1934,11,1011.1,843,13,1011.6,140,4,1011.7,34,1,1011.8,228,4,1011.9,593,7,1012.0,2306,18
317,2025-11-26 14:05:28+05:30,1011.6,10,1001.55,7646913,423188.0,442992.0,986.2,1012.8,981.3,986.2,120480000,1084.8,887.6,1102.5,649.1,1011.5,12,3,1011.4,35,3,1011.3,1075,10,1011.2,1934,11,1011.1,843,13,1011.6,140,4,1011.7,34,1,1011.8,228,4,1011.9,593,7,1012.0,2306,18
317,2025-11-26 14:05:29+05:30,1011.5,14,1001.55,7647001,423508.0,444596.0,986.2,1012.8,981.3,986.2,120480000,1084.8,887.6,1102.5,649.1,1011.4,35,3,1011.3,1006,9,1011.2,1878,12,1011.1,818,12,1011.0,2359,17,1011.6,140,4,1011.7,266,3,1011.8,731,5,1011.9,672,9,1012.0,2676,20
317,2025-11-26 14:05:29+05:30,1011.5,14,1001.55,7647001,423508.0,444596.0,986.2,1012.8,981.3,986.2,120480000,1084.8,887.6,1102.5,649.1,1011.4,35,3,1011.3,1006,9,1011.2,1878,12,1011.1,818,12,1011.0,2359,17,1011.6,140,4,1011.7,266,3,1011.8,731,5,1011.9,672,9,1012.0,2676,20
317,2025-11-26 14:05:30+05:30,1011.6,9,1001.55,7647054,423104.0,443864.0,986.2,1012.8,981.3,986.2,120480000,1084.8,887.6,1102.5,649.1,1011.4,35,3,1011.3,1167,11,1011.2,1878,12,1011.1,818,12,1011.0,1900,14,1011.6,284,5,1011.7,128,3,1011.8,759,3,1011.9,603,8,1012.0,2599,20
317,2025-11-26 14:05:30+05:30,1011.6,9,1001.55,7647054,423104.0,443864.0,986.2,1012.8,981.3,986.2,120480000,1084.8,887.6,1102.5,649.1,1011.4,35,3,1011.3,1167,11,1011.2,1878,12,1011.1,818,12,1011.0,1900,14,1011.6,284,5,1011.7,128,3,1011.8,759,3,1011.9,603,8,1012.0,2599,20
317,2025-11-26 14:05:31+05:30,1011.4,8,1001.55,7647064,423173.0,443593.0,986.2,1012.8,981.3,986.2,120480000,1084.8,887.6,1102.5,649.1,1011.4,27,3,1011.3,1006,9,1011.2,1876,12,1011.1,839,13,1011.0,1933,15,1011.6,283,6,1011.7,128,3,1011.8,759,3,1011.9,603,8,1012.0,2599,20
317,2025-11-26 14:05:31+05:30,1011.4,8,1001.55,7647064,423173.0,443593.0,986.2,1012.8,981.3,986.2,120480000,1084.8,887.6,1102.5,649.1,1011.4,27,3,1011.3,1006,9,1011.2,1876,12,1011.1,839,13,1011.0,1933,15,1011.6,283,6,1011.7,128,3,1011.8,759,3,1011.9,603,8,1012.0,2599,20
317,2025-11-26 14:05:32+05:30,1011.4,8,1001.55,7647064,423368.0,443600.0,986.2,1012.8,981.3,986.2,120480000,1084.8,887.6,1102.5,649.1,1011.4,40,4,1011.3,949,8,1011.2,1826,11,1011.1,818,12,1011.0,1933,15,1011.6,283,6,1011.7,128,3,1011.8,759,3,1011.9,603,8,1012.0,2599,20
317,2025-11-26 14:05:33+05:30,1011.6,7,1001.55,7647096,423411.0,443811.0,986.2,1012.8,981.3,986.2,120480000,1084.8,887.6,1102.5,649.1,1011.4,40,4,1011.3,1147,10,1011.2,1826,11,1011.1,818,12,1011.0,1933,15,1011.6,259,6,1011.7,64,2,1011.8,759,3,1011.9,603,8,1012.0,2599,20
317,2025-11-26 14:05:33+05:30,1011.6,7,1001.55,7647096,423411.0,443811.0,986.2,1012.8,981.3,986.2,120480000,1084.8,887.6,1102.5,649.1,1011.4,40,4,1011.3,1147,10,1011.2,1826,11,1011.1,818,12,1011.0,1933,15,1011.6,259,6,1011.7,64,2,1011.8,759,3,1011.9,603,8,1012.0,2599,20
317,2025-11-26 14:05:34+05:30,1011.6,7,1001.55,7647096,423579.0,443820.0,986.2,1012.8,981.3,986.2,120480000,1084.8,887.6,1102.5,649.1,1011.5,112,1,1011.4,40,4,1011.3,1007,9,1011.2,1826,11,1011.1,818,12,1011.6,259,6,1011.7,64,2,1011.8,759,3,1011.9,603,8,1012.0,2579,19
317,2025-11-26 14:05:35+05:30,1011.6,2,1001.55,7647096,423579.0,443820.0,986.2,1012.8,981.3,986.2,120480000,1084.8,887.6,1102.5,649.1,1011.5,112,1,1011.4,40,4,1011.3,1007,9,1011.2,1826,11,1011.1,818,12,1011.6,259,6,1011.7,64,2,1011.8,759,3,1011.9,603,8,1012.0,2579,19
317,2025-11-26 14:05:35+05:30,1011.6,2,1001.55,7647098,423686.0,443967.0,986.2,1012.8,981.3,986.2,120480000,1084.8,887.6,1102.5,649.1,1011.5,112,1,1011.4,40,4,1011.3,1048,9,1011.2,1826,11,1011.1,839,13,1011.6,379,7,1011.7,98,3,1011.8,783,4,1011.9,624,9,1012.0,2556,18
317,2025-11-26 14:05:36+05:30,1011.6,2,1001.55,7647098,423686.0,443967.0,986.2,1012.8,981.3,986.2,120480000,1084.8,887.6,1102.5,649.1,1011.5,112,1,1011.4,40,4,1011.3,1048,9,1011.2,1826,11,1011.1,839,13,1011.6,379,7,1011.7,98,3,1011.8,783,4,1011.9,624,9,1012.0,2556,18
317,2025-11-26 14:05:36+05:30,1011.6,2,1001.55,7647100,423636.0,443900.0,986.2,1012.8,981.3,986.2,120480000,1084.8,887.6,1102.5,649.1,1011.5,135,4,1011.4,86,4,1011.3,1090,11,1011.2,1795,8,1011.1,1323,14,1011.6,377,7,1011.7,98,3,1011.8,228,3,1011.9,1093,9,1012.0,2577,19
317,2025-11-26 14:05:37+05:30,1011.6,2,1001.55,7647100,423724.0,443900.0,986.2,1012.8,981.3,986.2,120480000,1084.8,887.6,1102.5,649.1,1011.5,135,4,1011.4,86,4,1011.3,1090,11,1011.2,1795,8,1011.1,844,13,1011.6,377,7,1011.7,98,3,1011.8,228,3,1011.9,1093,9,1012.0,2577,19
317,2025-11-26 14:05:38+05:30,1011.5,71,1001.55,7647100,423724.0,443900.0,986.2,1012.8,981.3,986.2,120480000,1084.8,887.6,1102.5,649.1,1011.5,135,4,1011.4,86,4,1011.3,1090,11,1011.2,1795,8,1011.1,844,13,1011.6,377,7,1011.7,98,3,1011.8,228,3,1011.9,1093,9,1012.0,2577,19
317,2025-11-26 14:05:38+05:30,1011.5,4,1001.55,7647243,423670.0,443896.0,986.2,1012.8,981.3,986.2,120480000,1084.8,887.6,1102.5,649.1,1011.5,6,2,1011.4,27,3,1011.3,1188,10,1011.2,1832,9,1011.1,932,16,1011.6,369,6,1011.7,98,3,1011.8,226,3,1011.9,1093,9,1012.0,2577,19
317,2025-11-26 14:05:39+05:30,1011.5,4,1001.55,7647243,423670.0,443896.0,986.2,1012.8,981.3,986.2,120480000,1084.8,887.6,1102.5,649.1,1011.5,6,2,1011.4,27,3,1011.3,1188,10,1011.2,1832,9,1011.1,932,16,1011.6,369,6,1011.7,98,3,1011.8,226,3,1011.9,1093,9,1012.0,2577,19
317,2025-11-26 14:05:39+05:30,1011.5,4,1001.55,7647243,423461.0,443877.0,986.2,1012.8,981.3,986.2,120480000,1084.8,887.6,1102.5,649.1,1011.5,6,2,1011.4,27,3,1011.3,1048,9,1011.2,1832,9,1011.1,932,16,1011.6,413,7,1011.7,64,2,1011.8,247,4,1011.9,1120,10,1012.0,2556,18
317,2025-11-26 14:05:40+05:30,1011.6,1,1001.55,7647243,423461.0,443877.0,986.2,1012.8,981.3,986.2,120480000,1084.8,887.6,1102.5,649.1,1011.5,6,2,1011.4,27,3,1011.3,1048,9,1011.2,1832,9,1011.1,932,16,1011.6,413,7,1011.7,64,2,1011.8,247,4,1011.9,1120,10,1012.0,2556,18
317,2025-11-26 14:05:40+05:30,1011.6,2,1001.55,7647246,423331.0,444144.0,986.2,1012.8,981.3,986.2,120480000,1084.8,887.6,1102.5,649.1,1011.5,6,2,1011.4,27,3,1011.3,1188,10,1011.2,1832,9,1011.1,1454,17,1011.6,410,7,1011.7,64,2,1011.8,226,3,1011.9,1112,10,1012.0,2556,18
317,2025-11-26 14:05:41+05:30,1011.6,2,1001.55,7647246,423331.0,444144.0,986.2,1012.8,981.3,986.2,120480000,1084.8,887.6,1102.5,649.1,1011.5,6,2,1011.4,27,3,1011.3,1188,10,1011.2,1832,9,1011.1,1454,17,1011.6,410,7,1011.7,64,2,1011.8,226,3,1011.9,1112,10,1012.0,2556,18
317,2025-11-26 14:05:42+05:30,1011.5,1,1001.55,7647249,423656.0,444197.0,986.2,1012.8,981.3,986.2,120480000,1084.8,887.6,1102.5,649.1,1011.5,9,2,1011.4,27,3,1011.3,1724,11,1011.2,1832,9,1011.1,932,16,1011.6,410,7,1011.7,64,2,1011.8,226,3,1011.9,1145,10,1012.0,2556,18
317,2025-11-26 14:05:42+05:30,1011.5,1,1001.55,7647249,423656.0,444197.0,986.2,1012.8,981.3,986.2,120480000,1084.8,887.6,1102.5,649.1,1011.5,9,2,1011.4,27,3,1011.3,1724,11,1011.2,1832,9,1011.1,932,16,1011.6,410,7,1011.7,64,2,1011.8,226,3,1011.9,1145,10,1012.0,2556,18
317,2025-11-26 14:05:43+05:30,1011.6,5,1001.55,7647281,423453.0,444319.0,986.2,1012.8,981.3,986.2,120480000,1084.8,887.6,1102.5,649.1,1011.5,9,2,1011.4,27,3,1011.3,1048,9,1011.2,1832,9,1011.1,932,16,1011.6,378,7,1011.7,64,2,1011.8,226,3,1011.9,1145,10,1012.0,2618,19
317,2025-11-26 14:05:43+05:30,1011.6,1,1001.55,7647281,423453.0,444319.0,986.2,1012.8,981.3,986.2,120480000,1084.8,887.6,1102.5,649.1,1011.5,9,2,1011.4,27,3,1011.3,1048,9,1011.2,1832,9,1011.1,932,16,1011.6,378,7,1011.7,64,2,1011.8,226,3,1011.9,1145,10,1012.0,2618,19
317,2025-11-26 14:05:44+05:30,1011.6,12,1001.55,7647710,423511.0,444255.0,986.2,1012.8,981.3,986.2,120480000,1084.8,887.6,1102.5,649.1,1011.5,11,2,1011.4,27,3,1011.3,986,8,1011.2,1863,11,1011.1,864,12,1011.6,311,5,1011.7,64,2,1011.8,224,3,1011.9,1111,9,1012.0,2637,20
317,2025-11-26 14:05:44+05:30,1011.6,3,1001.55,7647710,423511.0,444255.0,986.2,1012.8,981.3,986.2,120480000,1084.8,887.6,1102.5,649.1,1011.5,11,2,1011.4,27,3,1011.3,986,8,1011.2,1863,11,1011.1,864,12,1011.6,311,5,1011.7,64,2,1011.8,224,3,1011.9,1111,9,1012.0,2637,20
317,2025-11-26 14:05:45+05:30,1011.6,3,1001.55,7647713,423051.0,444186.0,986.2,1012.8,981.3,986.2,120480000,1084.8,887.6,1102.5,649.1,1011.5,11,2,1011.4,27,3,1011.3,988,8,1011.2,1863,11,1011.1,864,12,1011.6,308,5,1011.7,96,3,1011.8,224,3,1011.9,1111,9,1012.0,2637,20
317,2025-11-26 14:05:45+05:30,1011.5,39,1001.55,7647713,423051.0,444186.0,986.2,1012.8,981.3,986.2,120480000,1084.8,887.6,1102.5,649.1,1011.5,11,2,1011.4,27,3,1011.3,988,8,1011.2,1863,11,1011.1,864,12,1011.6,308,5,1011.7,96,3,1011.8,224,3,1011.9,1111,9,1012.0,2637,20
317,2025-11-26 14:05:46+05:30,1011.4,45,1001.56,7647970,423051.0,444356.0,986.2,1012.8,981.3,986.2,120480000,1084.8,887.6,1102.5,649.1,1011.3,914,8,1011.2,1854,12,1011.1,864,12,1011.0,1978,17,1010.9,969,14,1011.6,307,6,1011.7,66,2,1011.8,24,1,1011.9,1029,8,1012.0,2573,19
317,2025-11-26 14:05:46+05:30,1011.3,127,1001.56,7647970,423051.0,444356.0,986.2,1012.8,981.3,986.2,120480000,1084.8,887.6,1102.5,649.1,1011.3,914,8,1011.2,1854,12,1011.1,864,12,1011.0,1978,17,1010.9,969,14,1011.6,307,6,1011.7,66,2,1011.8,24,1,1011.9,1029,8,1012.0,2573,19
317,2025-11-26 14:05:47+05:30,1011.3,128,1001.56,7648483,422963.0,444838.0,986.2,1012.8,981.3,986.2,120480000,1084.8,887.6,1102.5,649.1,1011.3,571,7,1011.2,1693,10,1011.1,864,12,1011.0,2583,19,1010.9,1109,15,1011.6,307,6,1011.7,162,3,1011.8,342,4,1011.9,1106,9,1012.0,2601,20
317,2025-11-26 14:05:47+05:30,1011.3,128,1001.56,7648483,422963.0,444838.0,986.2,1012.8,981.3,986.2,120480000,1084.8,887.6,1102.5,649.1,1011.3,571,7,1011.2,1693,10,1011.1,864,12,1011.0,2583,19,1010.9,1109,15,1011.6,307,6,1011.7,162,3,1011.8,342,4,1011.9,1106,9,1012.0,2601,20
317,2025-11-26 14:05:48+05:30,1011.3,128,1001.56,7648483,423087.0,444979.0,986.2,1012.8,981.3,986.2,120480000,1084.8,887.6,1102.5,649.1,1011.3,576,8,1011.2,1693,10,1011.1,864,12,1011.0,2554,19,1010.9,1109,15,1011.6,307,6,1011.7,162,3,1011.8,342,4,1011.9,1106,9,1012.0,2701,21
317,2025-11-26 14:05:48+05:30,1011.3,128,1001.56,7648483,423087.0,444979.0,986.2,1012.8,981.3,986.2,120480000,1084.8,887.6,1102.5,649.1,1011.3,576,8,1011.2,1693,10,1011.1,864,12,1011.0,2554,19,1010.9,1109,15,1011.6,307,6,1011.7,162,3,1011.8,342,4,1011.9,1106,9,1012.0,2701,21
317,2025-11-26 14:05:49+05:30,1011.3,128,1001.56,7648611,425199.0,445205.0,986.2,1012.8,981.3,986.2,120480000,1084.8,887.6,1102.5,649.1,1011.3,414,8,1011.2,1602,9,1011.1,1314,12,1011.0,2049,19,1010.9,1109,15,1011.4,27,1,1011.6,307,6,1011.7,162,3,1011.8,532,6,1011.9,1136,12
317,2025-11-26 14:05:49+05:30,1011.4,1,1001.56,7648611,425199.0,445205.0,986.2,1012.8,981.3,986.2,120480000,1084.8,887.6,1102.5,649.1,1011.3,414,8,1011.2,1602,9,1011.1,1314,12,1011.0,2049,19,1010.9,1109,15,1011.4,27,1,1011.6,307,6,1011.7,162,3,1011.8,532,6,1011.9,1136,12
317,2025-11-26 14:05:50+05:30,1011.4,165,1001.56,7648905,422555.0,445268.0,986.2,1012.8,981.3,986.2,120480000,1084.8,887.6,1102.5,649.1,1011.3,56,5,1011.2,1376,5,1011.1,1175,11,1011.0,1877,15,1010.9,1030,10,1011.4,27,1,1011.6,364,7,1011.7,359,5,1011.8,532,6,1011.9,1207,15
317,2025-11-26 14:05:50+05:30,1011.4,165,1001.56,7648905,422555.0,445268.0,986.2,1012.8,981.3,986.2,120480000,1084.8,887.6,1102.5,649.1,1011.3,56,5,1011.2,1376,5,1011.1,1175,11,1011.0,1877,15,1010.9,1030,10,1011.4,27,1,1011.6,364,7,1011.7,359,5,1011.8,532,6,1011.9,1207,15
317,2025-11-26 14:05:51+05:30,1011.3,1,1001.56,7648907,421700.0,445927.0,986.2,1012.8,981.3,986.2,120480000,1084.8,887.6,1102.5,649.1,1011.3,45,3,1011.2,1240,4,1011.1,538,8,1011.0,2667,17,1010.9,873,9,1011.4,64,2,1011.6,518,9,1011.7,440,7,1011.8,532,6,1011.9,1492,15
317,2025-11-26 14:05:51+05:30,1011.3,1,1001.56,7648907,421700.0,445927.0,986.2,1012.8,981.3,986.2,120480000,1084.8,887.6,1102.5,649.1,1011.3,45,3,1011.2,1240,4,1011.1,538,8,1011.0,2667,17,1010.9,873,9,1011.4,64,2,1011.6,518,9,1011.7,440,7,1011.8,532,6,1011.9,1492,15
317,2025-11-26 14:05:52+05:30,1011.3,1,1001.56,7648907,420754.0,446309.0,986.2,1012.8,981.3,986.2,120480000,1084.8,887.6,1102.5,649.1,1011.3,45,3,1011.2,1240,4,1011.1,538,8,1011.0,1885,15,1010.9,1605,10,1011.4,161,3,1011.5,40,1,1011.6,425,6,1011.7,388,6,1011.8,846,15
317,2025-11-26 14:05:53+05:30,1011.4,6,1001.56,7648939,420938.0,446163.0,986.2,1012.8,981.3,986.2,120480000,1084.8,887.6,1102.5,649.1,1011.3,45,3,1011.2,1240,4,1011.1,538,8,1011.0,1885,15,1010.9,1605,10,1011.4,164,4,1011.5,40,1,1011.6,439,7,1011.7,374,5,1011.8,644,14
317,2025-11-26 14:05:53+05:30,1011.4,6,1001.56,7648939,420938.0,446163.0,986.2,1012.8,981.3,986.2,120480000,1084.8,887.6,1102.5,649.1,1011.3,45,3,1011.2,1240,4,1011.1,538,8,1011.0,1885,15,1010.9,1605,10,1011.4,164,4,1011.5,40,1,1011.6,439,7,1011.7,374,5,1011.8,644,14
317,2025-11-26 14:05:54+05:30,1011.4,80,1001.56,7648939,420938.0,446163.0,986.2,1012.8,981.3,986.2,120480000,1084.8,887.6,1102.5,649.1,1011.3,45,3,1011.2,1240,4,1011.1,538,8,1011.0,1885,15,1010.9,1605,10,1011.4,164,4,1011.5,40,1,1011.6,439,7,1011.7,374,5,1011.8,644,14
317,2025-11-26 14:05:54+05:30,1011.3,9,1001.56,7649219,420605.0,446131.0,986.2,1012.8,981.3,986.2,120480000,1084.8,887.6,1102.5,649.1,1011.3,1,1,1011.2,1240,4,1011.1,334,6,1011.0,1745,14,1010.9,1605,10,1011.4,63,3,1011.5,186,3,1011.6,438,6,1011.7,947,6,1011.8,658,15
317,2025-11-26 14:05:55+05:30,1011.3,13,1001.56,7649219,420605.0,446131.0,986.2,1012.8,981.3,986.2,120480000,1084.8,887.6,1102.5,649.1,1011.3,1,1,1011.2,1240,4,1011.1,334,6,1011.0,1745,14,1010.9,1605,10,1011.4,63,3,1011.5,186,3,1011.6,438,6,1011.7,947,6,1011.8,658,15
317,2025-11-26 14:05:55+05:30,1011.3,13,1001.56,7649296,421460.0,446877.0,986.2,1012.8,981.3,986.2,120480000,1084.8,887.6,1102.5,649.1,1011.2,1240,4,1011.1,286,7,1011.0,1907,17,1010.9,1448,9,1010.8,798,11,1011.3,54,1,1011.4,60,3,1011.5,40,1,1011.6,363,5,1011.7,1060,7
317,2025-11-26 14:05:56+05:30,1011.2,126,1001.56,7649296,421460.0,446877.0,986.2,1012.8,981.3,986.2,120480000,1084.8,887.6,1102.5,649.1,1011.2,1240,4,1011.1,286,7,1011.0,1907,17,1010.9,1448,9,1010.8,798,11,1011.3,54,1,1011.4,60,3,1011.5,40,1,1011.6,363,5,1011.7,1060,7
317,2025-11-26 14:05:56+05:30,1011.2,126,1001.56,7649478,420794.0,447190.0,986.2,1012.8,981.3,986.2,120480000,1084.8,887.6,1102.5,649.1,1011.2,1060,4,1011.1,82,4,1011.0,1314,10,1010.9,1455,10,1010.8,798,11,1011.3,1,1,1011.4,60,3,1011.5,191,3,1011.6,517,6,1011.7,1266,11
317,2025-11-26 14:05:57+05:30,1011.2,127,1001.56,7649478,420794.0,447190.0,986.2,1012.8,981.3,986.2,120480000,1084.8,887.6,1102.5,649.1,1011.2,1060,4,1011.1,82,4,1011.0,1314,10,1010.9,1455,10,1010.8,798,11,1011.3,1,1,1011.4,60,3,1011.5,191,3,1011.6,517,6,1011.7,1266,11
317,2025-11-26 14:05:57+05:30,1011.2,71,1001.56,7649804,420420.0,447290.0,986.2,1012.8,981.3,986.2,120480000,1084.8,887.6,1102.5,649.1,1011.2,734,4,1011.1,82,4,1011.0,1369,11,1010.9,1299,7,1010.8,756,11,1011.3,1,1,1011.4,52,2,1011.5,824,6,1011.6,613,7,1011.7,697,11
317,2025-11-26 14:05:58+05:30,1011.2,127,1001.56,7649804,420420.0,447290.0,986.2,1012.8,981.3,986.2,120480000,1084.8,887.6,1102.5,649.1,1011.2,734,4,1011.1,82,4,1011.0,1369,11,1010.9,1299,7,1010.8,756,11,1011.3,1,1,1011.4,52,2,1011.5,824,6,1011.6,613,7,1011.7,697,11
317,2025-11-26 14:05:58+05:30,1011.2,266,1001.56,7650330,420044.0,447248.0,986.2,1012.8,981.3,986.2,120480000,1084.8,887.6,1102.5,649.1,1011.2,208,4,1011.1,82,4,1011.0,1369,11,1010.9,1299,7,1010.8,730,9,1011.3,1,1,1011.4,235,5,1011.5,973,8,1011.6,613,7,1011.7,683,10
317,2025-11-26 14:05:59+05:30,1011.2,128,1001.56,7650330,420044.0,447248.0,986.2,1012.8,981.3,986.2,120480000,1084.8,887.6,1102.5,649.1,1011.2,208,4,1011.1,82,4,1011.0,1369,11,1010.9,1299,7,1010.8,730,9,1011.3,1,1,1011.4,235,5,1011.5,973,8,1011.6,613,7,1011.7,683,10
317,2025-11-26 14:05:59+05:30,1011.2,9,1001.56,7650585,419101.0,446886.0,986.2,1012.8,981.3,986.2,120480000,1084.8,887.6,1102.5,649.1,1011.2,25,2,1011.1,82,4,1011.0,1312,10,1010.9,1086,5,1010.8,565,7,1011.3,159,3,1011.4,421,8,1011.5,933,7,1011.6,636,8,1011.7,683,10
317,2025-11-26 14:06:00+05:30,1011.2,90,1001.56,7650585,419101.0,446886.0,986.2,1012.8,981.3,986.2,120480000,1084.8,887.6,1102.5,649.1,1011.2,25,2,1011.1,82,4,1011.0,1312,10,1010.9,1086,5,1010.8,565,7,1011.3,159,3,1011.4,421,8,1011.5,933,7,1011.6,636,8,1011.7,683,10
317,2025-11-26 14:06:00+05:30,1011.3,1,1001.56,7650715,421956.0,446672.0,986.2,1012.8,981.3,986.2,120480000,1084.8,887.6,1102.5,649.1,1011.2,741,4,1011.1,216,6,1011.0,1723,15,1010.9,401,6,1010.8,1082,8,1011.3,255,3,1011.4,98,4,1011.5,168,2,1011.6,532,6,1011.7,1174,12
317,2025-11-26 14:06:01+05:30,1011.2,8,1001.56,7650715,421956.0,446672.0,986.2,1012.8,981.3,986.2,120480000,1084.8,887.6,1102.5,649.1,1011.2,741,4,1011.1,216,6,1011.0,1723,15,1010.9,401,6,1010.8,1082,8,1011.3,255,3,1011.4,98,4,1011.5,168,2,1011.6,532,6,1011.7,1174,12
317,2025-11-26 14:06:01+05:30,1011.2,150,1001.56,7650873,421268.0,446935.0,986.2,1012.8,981.3,986.2,120480000,1084.8,887.6,1102.5,649.1,1011.2,552,4,1011.1,82,4,1011.0,1464,12,1010.9,401,5,1010.8,1258,10,1011.3,255,3,1011.4,98,4,1011.5,218,3,1011.6,858,6,1011.7,647,12
317,2025-11-26 14:06:02+05:30,1011.2,150,1001.56,7650873,421268.0,446935.0,986.2,1012.8,981.3,986.2,120480000,1084.8,887.6,1102.5,649.1,1011.2,552,4,1011.1,82,4,1011.0,1464,12,1010.9,401,5,1010.8,1258,10,1011.3,255,3,1011.4,98,4,1011.5,218,3,1011.6,858,6,1011.7,647,12
317,2025-11-26 14:06:03+05:30,1011.3,23,1001.56,7650904,421748.0,447035.0,986.2,1012.8,981.3,986.2,120480000,1084.8,887.6,1102.5,649.1,1011.2,562,5,1011.1,163,5,1011.0,1676,15,1010.9,578,13,1010.8,1258,10,1011.3,225,4,1011.4,98,4,1011.5,272,4,1011.6,858,6,1011.7,719,13
317,2025-11-26 14:06:03+05:30,1011.5,128,1001.56,7650904,421748.0,447035.0,986.2,1012.8,981.3,986.2,120480000,1084.8,887.6,1102.5,649.1,1011.2,562,5,1011.1,163,5,1011.0,1676,15,1010.9,578,13,1010.8,1258,10,1011.3,225,4,1011.4,98,4,1011.5,272,4,1011.6,858,6,1011.7,719,13
317,2025-11-26 14:06:04+05:30,1011.6,60,1001.56,7652968,419701.0,446203.0,986.2,1012.8,981.3,986.2,120480000,1084.8,887.6,1102.5,649.1,1011.5,322,1,1011.3,1,1,1011.2,803,7,1011.1,454,9,1011.0,1106,14,1011.6,467,3,1011.7,427,8,1011.8,1061,9,1011.9,1070,16,1012.0,2468,21
317,2025-11-26 14:06:04+05:30,1011.6,60,1001.56,7652968,419701.0,446203.0,986.2,1012.8,981.3,986.2,120480000,1084.8,887.6,1102.5,649.1,1011.5,322,1,1011.3,1,1,1011.2,803,7,1011.1,454,9,1011.0,1106,14,1011.6,467,3,1011.7,427,8,1011.8,1061,9,1011.9,1070,16,1012.0,2468,21
317,2025-11-26 14:06:05+05:30,1011.6,2,1001.56,7652970,419677.0,446207.0,986.2,1012.8,981.3,986.2,120480000,1084.8,887.6,1102.5,649.1,1011.5,322,1,1011.3,47,2,1011.2,803,7,1011.1,408,8,1011.0,1106,14,1011.6,465,3,1011.7,355,7,1011.8,1061,9,1011.9,1070,16,1012.0,2468,21
317,2025-11-26 14:06:05+05:30,1011.6,93,1001.56,7652970,419677.0,446207.0,986.2,1012.8,981.3,986.2,120480000,1084.8,887.6,1102.5,649.1,1011.5,322,1,1011.3,47,2,1011.2,803,7,1011.1,408,8,1011.0,1106,14,1011.6,465,3,1011.7,355,7,1011.8,1061,9,1011.9,1070,16,1012.0,2468,21
317,2025-11-26 14:06:06+05:30,1011.5,127,1001.56,7653318,419004.0,446669.0,986.2,1012.8,981.3,986.2,120480000,1084.8,887.6,1102.5,649.1,1011.5,84,2,1011.4,3,2,1011.3,47,2,1011.2,711,6,1011.1,522,9,1011.6,793,7,1011.7,1016,9,1011.8,571,8,1011.9,961,10,1012.0,2547,26
317,2025-11-26 14:06:06+05:30,1011.5,456,1001.56,7653318,419004.0,446669.0,986.2,1012.8,981.3,986.2,120480000,1084.8,887.6,1102.5,649.1,1011.5,84,2,1011.4,3,2,1011.3,47,2,1011.2,711,6,1011.1,522,9,1011.6,793,7,1011.7,1016,9,1011.8,571,8,1011.9,961,10,1012.0,2547,26
317,2025-11-26 14:06:07+05:30,1011.5,16,1001.56,7654434,419309.0,446959.0,986.2,1012.8,981.3,986.2,120480000,1084.8,887.6,1102.5,649.1,1011.5,516,2,1011.4,3,2,1011.3,47,2,1011.2,653,5,1011.1,335,5,1011.6,857,7,1011.7,1016,9,1011.8,571,8,1011.9,991,11,1012.0,2547,26
317,2025-11-26 14:06:07+05:30,1011.5,16,1001.56,7654434,419309.0,446959.0,986.2,1012.8,981.3,986.2,120480000,1084.8,887.6,1102.5,649.1,1011.5,516,2,1011.4,3,2,1011.3,47,2,1011.2,653,5,1011.1,335,5,1011.6,857,7,1011.7,1016,9,1011.8,571,8,1011.9,991,11,1012.0,2547,26
317,2025-11-26 14:06:08+05:30,1011.5,16,1001.56,7655467,419662.0,445861.0,986.2,1012.8,981.3,986.2,120480000,1084.8,887.6,1102.5,649.1,1011.5,516,2,1011.4,3,2,1011.3,52,3,1011.2,734,6,1011.1,543,7,1011.6,781,5,1011.7,909,8,1011.8,550,6,1011.9,663,9,1012.0,2871,29
317,2025-11-26 14:06:08+05:30,1011.5,16,1001.56,7655467,419662.0,445861.0,986.2,1012.8,981.3,986.2,120480000,1084.8,887.6,1102.5,649.1,1011.5,516,2,1011.4,3,2,1011.3,52,3,1011.2,734,6,1011.1,543,7,1011.6,781,5,1011.7,909,8,1011.8,550,6,1011.9,663,9,1012.0,2871,29
317,2025-11-26 14:06:09+05:30,1011.4,6,1001.57,7656413,419888.0,446069.0,986.2,1012.8,981.3,986.2,120480000,1084.8,887.6,1102.5,649.1,1011.3,47,2,1011.2,546,4,1011.1,90,3,1011.0,1731,21,1010.9,661,8,1011.4,99,1,1011.5,51,1,1011.6,1169,9,1011.7,357,5,1011.8,1194,10
317,2025-11-26 14:06:09+05:30,1011.4,6,1001.57,7656413,419888.0,446069.0,986.2,1012.8,981.3,986.2,120480000,1084.8,887.6,1102.5,649.1,1011.3,47,2,1011.2,546,4,1011.1,90,3,1011.0,1731,21,1010.9,661,8,1011.4,99,1,1011.5,51,1,1011.6,1169,9,1011.7,357,5,1011.8,1194,10
317,2025-11-26 14:06:10+05:30,1011.2,80,1001.57,7656413,419888.0,446069.0,986.2,1012.8,981.3,986.2,120480000,1084.8,887.6,1102.5,649.1,1011.3,47,2,1011.2,546,4,1011.1,90,3,1011.0,1731,21,1010.9,661,8,1011.4,99,1,1011.5,51,1,1011.6,1169,9,1011.7,357,5,1011.8,1194,10
317,2025-11-26 14:06:10+05:30,1011.2,80,1001.57,7656894,419630.0,445761.0,986.2,1012.8,981.3,986.2,120480000,1084.8,887.6,1102.5,649.1,1011.2,482,5,1011.1,346,7,1011.0,1410,20,1010.9,1223,11,1010.8,1834,11,1011.5,88,1,1011.6,1174,9,1011.7,358,5,1011.8,669,8,1011.9,1525,11
317,2025-11-26 14:06:11+05:30,1011.2,127,1001.57,7656894,419630.0,445761.0,986.2,1012.8,981.3,986.2,120480000,1084.8,887.6,1102.5,649.1,1011.2,482,5,1011.1,346,7,1011.0,1410,20,1010.9,1223,11,1010.8,1834,11,1011.5,88,1,1011.6,1174,9,1011.7,358,5,1011.8,669,8,1011.9,1525,11
317,2025-11-26 14:06:11+05:30,1011.2,127,1001.57,7657023,418803.0,446079.0,986.2,1012.8,981.3,986.2,120480000,1084.8,887.6,1102.5,649.1,1011.2,339,4,1011.1,346,7,1011.0,1335,19,1010.9,1223,11,1010.8,1128,10,1011.5,86,1,1011.6,1174,9,1011.7,358,5,1011.8,943,8,1011.9,1258,11
317,2025-11-26 14:06:12+05:30,1011.5,86,1001.57,7657023,418803.0,446079.0,986.2,1012.8,981.3,986.2,120480000,1084.8,887.6,1102.5,649.1,1011.2,339,4,1011.1,346,7,1011.0,1335,19,1010.9,1223,11,1010.8,1128,10,1011.5,86,1,1011.6,1174,9,1011.7,358,5,1011.8,943,8,1011.9,1258,11
317,2025-11-26 14:06:12+05:30,1011.5,86,1001.57,7657109,419305.0,446066.0,986.2,1012.8,981.3,986.2,120480000,1084.8,887.6,1102.5,649.1,1011.5,39,1,1011.2,409,6,1011.1,476,8,1011.0,993,19,1010.9,1948,13,1011.6,1021,8,1011.7,414,6,1011.8,1159,7,1011.9,966,11,1012.0,2383,24
317,2025-11-26 14:06:13+05:30,1011.5,143,1001.57,7657109,419305.0,446066.0,986.2,1012.8,981.3,986.2,120480000,1084.8,887.6,1102.5,649.1,1011.5,39,1,1011.2,409,6,1011.1,476,8,1011.0,993,19,1010.9,1948,13,1011.6,1021,8,1011.7,414,6,1011.8,1159,7,1011.9,966,11,1012.0,2383,24
317,2025-11-26 14:06:13+05:30,1011.5,143,1001.57,7657541,417518.0,446781.0,986.2,1012.8,981.3,986.2,120480000,1084.8,887.6,1102.5,649.1,1011.2,329,3,1011.1,106,5,1011.0,1346,17,1010.9,748,13,1010.8,1117,9,1011.6,1367,13,1011.7,489,8,1011.8,1457,8,1011.9,663,9,1012.0,2318,24
317,2025-11-26 14:06:14+05:30,1011.6,94,1001.57,7657541,417518.0,446781.0,986.2,1012.8,981.3,986.2,120480000,1084.8,887.6,1102.5,649.1,1011.2,329,3,1011.1,106,5,1011.0,1346,17,1010.9,748,13,1010.8,1117,9,1011.6,1367,13,1011.7,489,8,1011.8,1457,8,1011.9,663,9,1012.0,2318,24
317,2025-11-26 14:06:14+05:30,1011.6,94,1001.57,7657840,416986.0,446910.0,986.2,1012.8,981.3,986.2,120480000,1084.8,887.6,1102.5,649.1,1011.3,112,1,1011.2,34,2,1011.1,212,6,1011.0,1373,14,1010.9,762,14,1011.6,1339,14,1011.7,596,7,1011.8,1481,10,1011.9,735,11,1012.0,2516,26
317,2025-11-26 14:06:15+05:30,1011.3,112,1001.57,7657840,416986.0,446910.0,986.2,1012.8,981.3,986.2,120480000,1084.8,887.6,1102.5,649.1,1011.3,112,1,1011.2,34,2,1011.1,212,6,1011.0,1373,14,1010.9,762,14,1011.6,1339,14,1011.7,596,7,1011.8,1481,10,1011.9,735,11,1012.0,2516,26
317,2025-11-26 14:06:15+05:30,1011.2,12,1001.57,7657970,418031.0,447033.0,986.2,1012.8,981.3,986.2,120480000,1084.8,887.6,1102.5,649.1,1011.2,772,3,1011.1,212,6,1011.0,1303,13,1010.9,778,15,1010.8,1135,11,1011.6,1398,15,1011.7,483,6,1011.8,1481,10,1011.9,663,9,1012.0,2516,26
317,2025-11-26 14:06:16+05:30,1011.2,12,1001.57,7657970,418031.0,447033.0,986.2,1012.8,981.3,986.2,120480000,1084.8,887.6,1102.5,649.1,1011.2,772,3,1011.1,212,6,1011.0,1303,13,1010.9,778,15,1010.8,1135,11,1011.6,1398,15,1011.7,483,6,1011.8,1481,10,1011.9,663,9,1012.0,2516,26
317,2025-11-26 14:06:16+05:30,1011.2,12,1001.57,7657970,418103.0,447083.0,986.2,1012.8,981.3,986.2,120480000,1084.8,887.6,1102.5,649.1,1011.3,1,1,1011.2,788,4,1011.1,212,6,1011.0,1343,14,1010.9,778,15,1011.6,1398,15,1011.7,483,6,1011.8,1481,10,1011.9,663,9,1012.0,2523,27
317,2025-11-26 14:06:17+05:30,1011.2,110,1001.57,7657970,418103.0,447083.0,986.2,1012.8,981.3,986.2,120480000,1084.8,887.6,1102.5,649.1,1011.3,1,1,1011.2,788,4,1011.1,212,6,1011.0,1343,14,1010.9,778,15,1011.6,1398,15,1011.7,483,6,1011.8,1481,10,1011.9,663,9,1012.0,2523,27
317,2025-11-26 14:06:17+05:30,1011.2,72,1001.57,7658476,417640.0,447104.0,986.2,1012.8,981.3,986.2,120480000,1084.8,887.6,1102.5,649.1,1011.2,299,4,1011.1,212,6,1011.0,1327,13,1010.9,794,16,1010.8,1162,12,1011.6,1462,16,1011.7,594,8,1011.8,1476,9,1011.9,663,9,1012.0,2523,27
317,2025-11-26 14:06:18+05:30,1011.5,840,1001.57,7658476,417640.0,447104.0,986.2,1012.8,981.3,986.2,120480000,1084.8,887.6,1102.5,649.1,1011.2,299,4,1011.1,212,6,1011.0,1327,13,1010.9,794,16,1010.8,1162,12,1011.6,1462,16,1011.7,594,8,1011.8,1476,9,1011.9,663,9,1012.0,2523,27
317,2025-11-26 14:06:19+05:30,1011.5,221,1001.57,7660735,418925.0,447808.0,986.2,1012.8,981.3,986.2,120480000,1084.8,887.6,1102.5,649.1,1011.5,285,2,1011.2,299,4,1011.1,385,8,1011.0,883,14,1010.9,778,15,1011.6,1222,14,1011.7,369,6,1011.8,632,6,1011.9,1541,13,1012.0,2432,24
317,2025-11-26 14:06:19+05:30,1011.5,128,1001.57,7660735,418925.0,447808.0,986.2,1012.8,981.3,986.2,120480000,1084.8,887.6,1102.5,649.1,1011.5,285,2,1011.2,299,4,1011.1,385,8,1011.0,883,14,1010.9,778,15,1011.6,1222,14,1011.7,369,6,1011.8,632,6,1011.9,1541,13,1012.0,2432,24
317,2025-11-26 14:06:20+05:30,1011.5,128,1001.57,7661092,418389.0,447342.0,986.2,1012.8,981.3,986.2,120480000,1084.8,887.6,1102.5,649.1,1011.5,23,1,1011.3,11,2,1011.2,299,4,1011.1,451,9,1011.0,870,13,1011.6,1230,15,1011.7,450,7,1011.8,632,6,1011.9,1016,13,1012.0,2432,24
317,2025-11-26 14:06:20+05:30,1011.6,2,1001.57,7661092,418389.0,447342.0,986.2,1012.8,981.3,986.2,120480000,1084.8,887.6,1102.5,649.1,1011.5,23,1,1011.3,11,2,1011.2,299,4,1011.1,451,9,1011.0,870,13,1011.6,1230,15,1011.7,450,7,1011.8,632,6,1011.9,1016,13,1012.0,2432,24
317,2025-11-26 14:06:21+05:30,1011.5,128,1001.57,7661343,418971.0,447740.0,986.2,1012.8,981.3,986.2,120480000,1084.8,887.6,1102.5,649.1,1011.5,500,1,1011.3,11,2,1011.2,299,4,1011.1,356,8,1011.0,887,13,1011.6,1187,13,1011.7,321,5,1011.8,1212,8,1011.9,689,11,1012.0,2589,23
317,2025-11-26 14:06:21+05:30,1011.5,127,1001.57,7661343,418971.0,447740.0,986.2,1012.8,981.3,986.2,120480000,1084.8,887.6,1102.5,649.1,1011.5,500,1,1011.3,11,2,1011.2,299,4,1011.1,356,8,1011.0,887,13,1011.6,1187,13,1011.7,321,5,1011.8,1212,8,1011.9,689,11,1012.0,2589,23
317,2025-11-26 14:06:22+05:30,1011.5,127,1001.57,7661470,419039.0,447927.0,986.2,1012.8,981.3,986.2,120480000,1084.8,887.6,1102.5,649.1,1011.5,392,2,1011.3,11,2,1011.2,283,3,1011.1,565,10,1011.0,984,16,1011.6,1053,12,1011.7,422,7,1011.8,1192,7,1011.9,725,13,1012.0,2723,24
317,2025-11-26 14:06:22+05:30,1011.5,50,1001.57,7661470,419039.0,447927.0,986.2,1012.8,981.3,986.2,120480000,1084.8,887.6,1102.5,649.1,1011.5,392,2,1011.3,11,2,1011.2,283,3,1011.1,565,10,1011.0,984,16,1011.6,1053,12,1011.7,422,7,1011.8,1192,7,1011.9,725,13,1012.0,2723,24
317,2025-11-26 14:06:23+05:30,1011.5,49,1001.57,7661855,419216.0,447614.0,986.2,1012.8,981.3,986.2,120480000,1084.8,887.6,1102.5,649.1,1011.5,38,2,1011.3,11,2,1011.2,283,3,1011.1,565,10,1011.0,1420,18,1011.6,1212,15,1011.7,470,8,1011.8,1192,7,1011.9,1023,14,1012.0,2425,23
317,2025-11-26 14:06:23+05:30,1011.5,49,1001.57,7661855,419216.0,447614.0,986.2,1012.8,981.3,986.2,120480000,1084.8,887.6,1102.5,649.1,1011.5,38,2,1011.3,11,2,1011.2,283,3,1011.1,565,10,1011.0,1420,18,1011.6,1212,15,1011.7,470,8,1011.8,1192,7,1011.9,1023,14,1012.0,2425,23
317,2025-11-26 14:06:24+05:30,1011.6,83,1001.57,7662078,419321.0,447565.0,986.2,1012.8,981.3,986.2,120480000,1084.8,887.6,1102.5,649.1,1011.5,38,2,1011.3,11,2,1011.2,283,3,1011.1,565,10,1011.0,1452,19,1011.6,1199,14,1011.7,473,8,1011.8,1192,7,1011.9,1023,14,1012.0,2386,23
317,2025-11-26 14:06:24+05:30,1011.6,83,1001.57,7662078,419321.0,447565.0,986.2,1012.8,981.3,986.2,120480000,1084.8,887.6,1102.5,649.1,1011.5,38,2,1011.3,11,2,1011.2,283,3,1011.1,565,10,1011.0,1452,19,1011.6,1199,14,1011.7,473,8,1011.8,1192,7,1011.9,1023,14,1012.0,2386,23
317,2025-11-26 14:06:25+05:30,1011.6,2,1001.57,7662336,419922.0,447548.0,986.2,1012.8,981.3,986.2,120480000,1084.8,887.6,1102.5,649.1,1011.5,819,3,1011.3,6,1,1011.2,283,3,1011.1,343,7,1011.0,1245,17,1011.6,1317,15,1011.7,473,8,1011.8,1192,7,1011.9,994,13,1012.0,2252,22
317,2025-11-26 14:06:25+05:30,1011.6,11,1001.57,7662336,419922.0,447548.0,986.2,1012.8,981.3,986.2,120480000,1084.8,887.6,1102.5,649.1,1011.5,819,3,1011.3,6,1,1011.2,283,3,1011.1,343,7,1011.0,1245,17,1011.6,1317,15,1011.7,473,8,1011.8,1192,7,1011.9,994,13,1012.0,2252,22
317,2025-11-26 14:06:26+05:30,1011.6,2,1001.57,7662617,419823.0,447737.0,986.2,1012.8,981.3,986.2,120480000,1084.8,887.6,1102.5,649.1,1011.5,564,3,1011.3,6,1,1011.2,283,3,1011.1,343,7,1011.0,1323,19,1011.6,1372,16,1011.7,453,7,1011.8,1212,8,1011.9,994,13,1012.0,2386,23
317,2025-11-26 14:06:26+05:30,1011.5,4,1001.57,7662617,419823.0,447737.0,986.2,1012.8,981.3,986.2,120480000,1084.8,887.6,1102.5,649.1,1011.5,564,3,1011.3,6,1,1011.2,283,3,1011.1,343,7,1011.0,1323,19,1011.6,1372,16,1011.7,453,7,1011.8,1212,8,1011.9,994,13,1012.0,2386,23
317,2025-11-26 14:06:27+05:30,1011.6,1,1001.57,7662668,420381.0,447721.0,986.2,1012.8,981.3,986.2,120480000,1084.8,887.6,1102.5,649.1,1011.5,1155,5,1011.3,6,1,1011.2,283,3,1011.1,343,7,1011.0,1323,19,1011.6,1356,15,1011.7,453,7,1011.8,1212,8,1011.9,994,13,1012.0,2386,23
317,2025-11-26 14:06:27+05:30,1011.6,1,1001.57,7662668,420381.0,447721.0,986.2,1012.8,981.3,986.2,120480000,1084.8,887.6,1102.5,649.1,1011.5,1155,5,1011.3,6,1,1011.2,283,3,1011.1,343,7,1011.0,1323,19,1011.6,1356,15,1011.7,453,7,1011.8,1212,8,1011.9,994,13,1012.0,2386,23
317,2025-11-26 14:06:28+05:30,1011.6,1,1001.57,7662668,420457.0,447934.0,986.2,1012.8,981.3,986.2,120480000,1084.8,887.6,1102.5,649.1,1011.5,1155,5,1011.4,4,1,1011.3,6,1,1011.2,279,2,1011.1,343,7,1011.6,1491,17,1011.7,524,8,1011.8,1192,7,1011.9,1017,14,1012.0,2390,24
317,2025-11-26 14:06:29+05:30,1011.5,186,1001.58,7663381,421195.0,447725.0,986.2,1012.8,981.3,986.2,120480000,1084.8,887.6,1102.5,649.1,1011.5,960,4,1011.4,16,2,1011.3,273,2,1011.1,495,11,1011.0,1362,18,1011.6,1227,13,1011.7,456,6,1011.8,1212,8,1011.9,994,13,1012.0,2396,25
317,2025-11-26 14:06:29+05:30,1011.5,128,1001.58,7663381,421195.0,447725.0,986.2,1012.8,981.3,986.2,120480000,1084.8,887.6,1102.5,649.1,1011.5,960,4,1011.4,16,2,1011.3,273,2,1011.1,495,11,1011.0,1362,18,1011.6,1227,13,1011.7,456,6,1011.8,1212,8,1011.9,994,13,1012.0,2396,25
317,2025-11-26 14:06:29+05:30,1011.5,60,1001.58,7663774,421286.0,447704.0,986.2,1012.8,981.3,986.2,120480000,1084.8,887.6,1102.5,649.1,1011.5,1086,4,1011.4,16,2,1011.3,273,2,1011.1,560,12,1011.0,1362,18,1011.6,1281,14,1011.7,476,7,1011.8,1192,7,1011.9,1023,14,1012.0,2396,25
317,2025-11-26 14:06:30+05:30,1011.5,167,1001.58,7663774,421286.0,447704.0,986.2,1012.8,981.3,986.2,120480000,1084.8,887.6,1102.5,649.1,1011.5,1086,4,1011.4,16,2,1011.3,273,2,1011.1,560,12,1011.0,1362,18,1011.6,1281,14,1011.7,476,7,1011.8,1192,7,1011.9,1023,14,1012.0,2396,25
317,2025-11-26 14:06:31+05:30,1011.6,1,1001.58,7664252,420531.0,448652.0,986.2,1012.8,981.3,986.2,120480000,1084.8,887.6,1102.5,649.1,1011.5,663,3,1011.4,16,2,1011.3,273,2,1011.1,560,12,1011.0,1300,18,1011.6,1226,13,1011.7,561,9,1011.8,632,6,1011.9,2050,16,1012.0,2552,27
317,2025-11-26 14:06:31+05:30,1011.5,8,1001.58,7664252,420531.0,448652.0,986.2,1012.8,981.3,986.2,120480000,1084.8,887.6,1102.5,649.1,1011.5,663,3,1011.4,16,2,1011.3,273,2,1011.1,560,12,1011.0,1300,18,1011.6,1226,13,1011.7,561,9,1011.8,632,6,1011.9,2050,16,1012.0,2552,27
317,2025-11-26 14:06:32+05:30,1011.5,127,1001.58,7664387,420321.0,449077.0,986.2,1012.8,981.3,986.2,120480000,1084.8,887.6,1102.5,649.1,1011.5,528,3,1011.4,16,2,1011.3,273,2,1011.1,560,12,1011.0,1310,18,1011.6,1281,14,1011.7,561,9,1011.8,1125,7,1011.9,1523,15,1012.0,2552,27
317,2025-11-26 14:06:32+05:30,1011.6,10,1001.58,7664387,420321.0,449077.0,986.2,1012.8,981.3,986.2,120480000,1084.8,887.6,1102.5,649.1,1011.5,528,3,1011.4,16,2,1011.3,273,2,1011.1,560,12,1011.0,1310,18,1011.6,1281,14,1011.7,561,9,1011.8,1125,7,1011.9,1523,15,1012.0,2552,27
317,2025-11-26 14:06:33+05:30,1011.5,128,1001.58,7664684,420699.0,448385.0,986.2,1012.8,981.3,986.2,120480000,1084.8,887.6,1102.5,649.1,1011.5,790,3,1011.4,16,2,1011.3,273,2,1011.1,560,12,1011.0,1310,18,1011.6,1193,14,1011.7,561,9,1011.8,1125,7,1011.9,1523,15,1012.0,2552,27
317,2025-11-26 14:06:33+05:30,1011.5,127,1001.58,7664684,420699.0,448385.0,986.2,1012.8,981.3,986.2,120480000,1084.8,887.6,1102.5,649.1,1011.5,790,3,1011.4,16,2,1011.3,273,2,1011.1,560,12,1011.0,1310,18,1011.6,1193,14,1011.7,561,9,1011.8,1125,7,1011.9,1523,15,1012.0,2552,27
317,2025-11-26 14:06:34+05:30,1011.5,2,1001.58,7664939,420869.0,448702.0,986.2,1012.8,981.3,986.2,120480000,1084.8,887.6,1102.5,649.1,1011.5,963,3,1011.4,16,2,1011.3,281,3,1011.2,138,2,1011.1,548,10,1011.6,1591,16,1011.7,480,8,1011.8,1125,7,1011.9,1523,15,1012.0,2552,27
317,2025-11-26 14:06:34+05:30,1011.6,1,1001.58,7664939,420869.0,448702.0,986.2,1012.8,981.3,986.2,120480000,1084.8,887.6,1102.5,649.1,1011.5,963,3,1011.4,16,2,1011.3,281,3,1011.2,138,2,1011.1,548,10,1011.6,1591,16,1011.7,480,8,1011.8,1125,7,1011.9,1523,15,1012.0,2552,27
317,2025-11-26 14:06:35+05:30,1011.5,128,1001.58,7665818,420381.0,448709.0,986.2,1012.8,981.3,986.2,120480000,1084.8,887.6,1102.5,649.1,1011.5,855,4,1011.4,16,2,1011.3,281,3,1011.2,4,1,1011.1,477,9,1011.6,1517,16,1011.7,561,9,1011.8,1125,7,1011.9,1523,15,1012.0,2552,27
317,2025-11-26 14:06:35+05:30,1011.5,127,1001.58,7665818,420381.0,448709.0,986.2,1012.8,981.3,986.2,120480000,1084.8,887.6,1102.5,649.1,1011.5,855,4,1011.4,16,2,1011.3,281,3,1011.2,4,1,1011.1,477,9,1011.6,1517,16,1011.7,561,9,1011.8,1125,7,1011.9,1523,15,1012.0,2552,27
317,2025-11-26 14:06:36+05:30,1011.5,82,1001.58,7667314,419081.0,448744.0,986.2,1012.8,981.3,986.2,120480000,1084.8,887.6,1102.5,649.1,1011.5,455,2,1011.4,16,2,1011.3,281,3,1011.2,4,1,1011.1,477,9,1011.6,1648,17,1011.7,561,9,1011.8,1125,7,1011.9,1552,16,1012.0,2418,26
317,2025-11-26 14:06:36+05:30,1011.5,128,1001.58,7667314,419081.0,448744.0,986.2,1012.8,981.3,986.2,120480000,1084.8,887.6,1102.5,649.1,1011.5,455,2,1011.4,16,2,1011.3,281,3,1011.2,4,1,1011.1,477,9,1011.6,1648,17,1011.7,561,9,1011.8,1125,7,1011.9,1552,16,1012.0,2418,26
317,2025-11-26 14:06:37+05:30,1011.5,231,1001.58,7669875,418264.0,449476.0,986.2,1012.8,981.3,986.2,120480000,1084.8,887.6,1102.5,649.1,1011.4,16,2,1011.3,281,3,1011.2,4,1,1011.1,237,7,1011.0,1053,14,1011.6,2065,24,1011.7,1115,10,1011.8,1452,9,1011.9,1218,13,1012.0,2418,26
317,2025-11-26 14:06:37+05:30,1011.5,231,1001.58,7669875,418264.0,449476.0,986.2,1012.8,981.3,986.2,120480000,1084.8,887.6,1102.5,649.1,1011.4,16,2,1011.3,281,3,1011.2,4,1,1011.1,237,7,1011.0,1053,14,1011.6,2065,24,1011.7,1115,10,1011.8,1452,9,1011.9,1218,13,1012.0,2418,26
317,2025-11-26 14:06:38+05:30,1011.3,19,1001.59,7671739,419464.0,447309.0,986.2,1012.8,981.3,986.2,120480000,1084.8,887.6,1102.5,649.1,1011.3,18,3,1011.2,54,1,1011.1,507,8,1011.0,877,14,1010.9,1331,13,1011.4,8,1,1011.6,1780,18,1011.7,460,6,1011.8,839,9,1011.9,1213,13
317,2025-11-26 14:06:38+05:30,1011.6,30,1001.59,7671739,419464.0,447309.0,986.2,1012.8,981.3,986.2,120480000,1084.8,887.6,1102.5,649.1,1011.3,18,3,1011.2,54,1,1011.1,507,8,1011.0,877,14,1010.9,1331,13,1011.4,8,1,1011.6,1780,18,1011.7,460,6,1011.8,839,9,1011.9,1213,13
317,2025-11-26 14:06:39+05:30,1011.3,68,1001.59,7674176,418227.0,447675.0,986.2,1012.8,981.3,986.2,120480000,1084.8,887.6,1102.5,649.1,1011.3,704,2,1011.2,194,6,1011.1,384,7,1011.0,1060,17,1010.9,1286,13,1011.6,1381,14,1011.7,309,4,1011.8,1163,9,1011.9,1573,16,1012.0,2550,23
317,2025-11-26 14:06:39+05:30,1011.3,127,1001.59,7674176,418227.0,447675.0,986.2,1012.8,981.3,986.2,120480000,1084.8,887.6,1102.5,649.1,1011.3,704,2,1011.2,194,6,1011.1,384,7,1011.0,1060,17,1010.9,1286,13,1011.6,1381,14,1011.7,309,4,1011.8,1163,9,1011.9,1573,16,1012.0,2550,23
317,2025-11-26 14:06:40+05:30,1011.6,113,1001.59,7674674,417711.0,447929.0,986.2,1012.8,981.3,986.2,120480000,1084.8,887.6,1102.5,649.1,1011.3,311,2,1011.2,146,4,1011.1,249,6,1011.0,835,17,1010.9,1214,13,1011.6,1267,14,1011.7,459,5,1011.8,1198,10,1011.9,1307,16,1012.0,2886,25
317,2025-11-26 14:06:40+05:30,1011.6,113,1001.59,7674674,417711.0,447929.0,986.2,1012.8,981.3,986.2,120480000,1084.8,887.6,1102.5,649.1,1011.3,311,2,1011.2,146,4,1011.1,249,6,1011.0,835,17,1010.9,1214,13,1011.6,1267,14,1011.7,459,5,1011.8,1198,10,1011.9,1307,16,1012.0,2886,25
317,2025-11-26 14:06:41+05:30,1011.6,2,1001.59,7674974,417349.0,448635.0,986.2,1012.8,981.3,986.2,120480000,1084.8,887.6,1102.5,649.1,1011.3,13,1,1011.2,5,1,1011.1,686,5,1011.0,758,12,1010.9,733,16,1011.6,1672,17,1011.7,660,8,1011.8,1575,12,1011.9,1303,17,1012.0,2547,23
317,2025-11-26 14:06:41+05:30,1011.6,2,1001.59,7674974,417349.0,448635.0,986.2,1012.8,981.3,986.2,120480000,1084.8,887.6,1102.5,649.1,1011.3,13,1,1011.2,5,1,1011.1,686,5,1011.0,758,12,1010.9,733,16,1011.6,1672,17,1011.7,660,8,1011.8,1575,12,1011.9,1303,17,1012.0,2547,23
317,2025-11-26 14:06:42+05:30,1011.6,2,1001.59,7674974,418274.0,448584.0,986.2,1012.8,981.3,986.2,120480000,1084.8,887.6,1102.5,649.1,1011.3,868,4,1011.2,5,1,1011.1,751,6,1011.0,758,12,1010.9,733,16,1011.6,1672,17,1011.7,635,7,1011.8,1040,12,1011.9,1303,17,1012.0,2547,23
317,2025-11-26 14:06:43+05:30,1011.3,127,1001.59,7675388,417993.0,448545.0,986.2,1012.8,981.3,986.2,120480000,1084.8,887.6,1102.5,649.1,1011.3,486,3,1011.2,14,2,1011.1,297,6,1011.0,758,12,1010.9,1284,16,1011.6,1874,17,1011.7,635,7,1011.8,1574,12,1011.9,1315,17,1012.0,2547,23
317,2025-11-26 14:06:43+05:30,1011.3,127,1001.59,7675388,417993.0,448545.0,986.2,1012.8,981.3,986.2,120480000,1084.8,887.6,1102.5,649.1,1011.3,486,3,1011.2,14,2,1011.1,297,6,1011.0,758,12,1010.9,1284,16,1011.6,1874,17,1011.7,635,7,1011.8,1574,12,1011.9,1315,17,1012.0,2547,23
317,2025-11-26 14:06:44+05:30,1011.6,105,1001.59,7675662,417972.0,448541.0,986.2,1012.8,981.3,986.2,120480000,1084.8,887.6,1102.5,649.1,1011.3,436,3,1011.2,14,2,1011.1,321,7,1011.0,920,13,1010.9,1259,15,1011.6,1723,17,1011.7,635,7,1011.8,1543,12,1011.9,1240,15,1012.0,2482,22
317,2025-11-26 14:06:44+05:30,1011.5,2,1001.59,7675662,417972.0,448541.0,986.2,1012.8,981.3,986.2,120480000,1084.8,887.6,1102.5,649.1,1011.3,436,3,1011.2,14,2,1011.1,321,7,1011.0,920,13,1010.9,1259,15,1011.6,1723,17,1011.7,635,7,1011.8,1543,12,1011.9,1240,15,1012.0,2482,22
317,2025-11-26 14:06:45+05:30,1011.2,11,1001.59,7677089,420339.0,448569.0,986.2,1012.8,981.3,986.2,120480000,1084.8,887.6,1102.5,649.1,1011.1,220,8,1011.0,813,15,1010.9,1084,11,1010.8,2319,14,1010.7,3236,15,1011.2,218,2,1011.5,311,2,1011.6,1741,15,1011.7,583,8,1011.8,975,8
317,2025-11-26 14:06:45+05:30,1011.3,750,1001.59,7677089,420339.0,448569.0,986.2,1012.8,981.3,986.2,120480000,1084.8,887.6,1102.5,649.1,1011.1,220,8,1011.0,813,15,1010.9,1084,11,1010.8,2319,14,1010.7,3236,15,1011.2,218,2,1011.5,311,2,1011.6,1741,15,1011.7,583,8,1011.8,975,8
317,2025-11-26 14:06:46+05:30,1011.0,126,1001.59,7678312,415363.0,452532.0,986.2,1012.8,981.3,986.2,120480000,1084.8,887.6,1102.5,649.1,1011.0,193,7,1010.8,835,5,1010.7,737,8,1010.6,1137,13,1010.5,2809,20,1011.2,60,3,1011.3,230,3,1011.4,765,8,1011.5,1460,10,1011.6,3085,29
317,2025-11-26 14:06:46+05:30,1010.8,79,1001.59,7678312,415363.0,452532.0,986.2,1012.8,981.3,986.2,120480000,1084.8,887.6,1102.5,649.1,1011.0,193,7,1010.8,835,5,1010.7,737,8,1010.6,1137,13,1010.5,2809,20,1011.2,60,3,1011.3,230,3,1011.4,765,8,1011.5,1460,10,1011.6,3085,29
317,2025-11-26 14:06:47+05:30,1011.3,63,1001.6,7679311,413800.0,449028.0,986.2,1012.8,981.3,986.2,120480000,1084.8,887.6,1102.5,649.1,1010.9,690,2,1010.8,103,3,1010.7,717,8,1010.6,1504,12,1010.5,2009,18,1011.3,690,3,1011.4,780,12,1011.5,954,15,1011.6,3068,27,1011.7,844,10
317,2025-11-26 14:06:47+05:30,1011.3,63,1001.6,7679311,413800.0,449028.0,986.2,1012.8,981.3,986.2,120480000,1084.8,887.6,1102.5,649.1,1010.9,690,2,1010.8,103,3,1010.7,717,8,1010.6,1504,12,1010.5,2009,18,1011.3,690,3,1011.4,780,12,1011.5,954,15,1011.6,3068,27,1011.7,844,10
317,2025-11-26 14:06:48+05:30,1011.3,63,1001.6,7679311,414596.0,447404.0,986.2,1012.8,981.3,986.2,120480000,1084.8,887.6,1102.5,649.1,1011.0,19,1,1010.9,690,2,1010.8,173,5,1010.7,678,7,1010.6,1504,12,1011.3,87,1,1011.4,818,13,1011.5,1005,14,1011.6,1356,19,1011.7,1104,10
317,2025-11-26 14:06:48+05:30,1011.0,57,1001.6,7679311,414596.0,447404.0,986.2,1012.8,981.3,986.2,120480000,1084.8,887.6,1102.5,649.1,1011.0,19,1,1010.9,690,2,1010.8,173,5,1010.7,678,7,1010.6,1504,12,1011.3,87,1,1011.4,818,13,1011.5,1005,14,1011.6,1356,19,1011.7,1104,10
317,2025-11-26 14:06:49+05:30,1010.9,127,1001.6,7679821,415049.0,449488.0,986.2,1012.8,981.3,986.2,120480000,1084.8,887.6,1102.5,649.1,1010.9,364,2,1010.8,91,3,1010.7,271,4,1010.6,946,8,1010.5,2034,19,1011.1,169,1,1011.3,1070,10,1011.4,768,10,1011.5,1204,14,1011.6,1309,19
317,2025-11-26 14:06:49+05:30,1011.1,89,1001.6,7679821,415049.0,449488.0,986.2,1012.8,981.3,986.2,120480000,1084.8,887.6,1102.5,649.1,1010.9,364,2,1010.8,91,3,1010.7,271,4,1010.6,946,8,1010.5,2034,19,1011.1,169,1,1011.3,1070,10,1011.4,768,10,1011.5,1204,14,1011.6,1309,19
317,2025-11-26 14:06:50+05:30,1010.8,73,1001.6,7680479,414536.0,450635.0,986.2,1012.8,981.3,986.2,120480000,1084.8,887.6,1102.5,649.1,1010.8,10,1,1010.7,60,3,1010.6,303,5,1010.5,1788,14,1010.4,1882,12,1010.9,71,1,1011.1,286,3,1011.2,474,4,1011.3,479,8,1011.4,1358,12
317,2025-11-26 14:06:50+05:30,1010.9,127,1001.6,7680479,414536.0,450635.0,986.2,1012.8,981.3,986.2,120480000,1084.8,887.6,1102.5,649.1,1010.8,10,1,1010.7,60,3,1010.6,303,5,1010.5,1788,14,1010.4,1882,12,1010.9,71,1,1011.1,286,3,1011.2,474,4,1011.3,479,8,1011.4,1358,12
317,2025-11-26 14:06:51+05:30,1011.1,1,1001.6,7680806,414348.0,449624.0,986.2,1012.8,981.3,986.2,120480000,1084.8,887.6,1102.5,649.1,1010.8,589,4,1010.7,338,5,1010.6,1073,10,1010.5,1814,14,1010.4,1116,10,1011.1,83,2,1011.3,1197,12,1011.4,754,10,1011.5,1204,14,1011.6,1513,22
317,2025-11-26 14:06:51+05:30,1010.8,128,1001.6,7680806,414348.0,449624.0,986.2,1012.8,981.3,986.2,120480000,1084.8,887.6,1102.5,649.1,1010.8,589,4,1010.7,338,5,1010.6,1073,10,1010.5,1814,14,1010.4,1116,10,1011.1,83,2,1011.3,1197,12,1011.4,754,10,1011.5,1204,14,1011.6,1513,22
317,2025-11-26 14:06:52+05:30,1011.1,119,1001.6,7681391,411421.0,450069.0,986.2,1012.8,981.3,986.2,120480000,1084.8,887.6,1102.5,649.1,1010.8,14,2,1010.7,141,3,1010.6,745,5,1010.5,1578,12,1010.4,1029,8,1011.1,55,2,1011.2,628,6,1011.3,1175,11,1011.4,1062,12,1011.5,896,12
317,2025-11-26 14:06:52+05:30,1010.6,21,1001.6,7681391,411421.0,450069.0,986.2,1012.8,981.3,986.2,120480000,1084.8,887.6,1102.5,649.1,1010.8,14,2,1010.7,141,3,1010.6,745,5,1010.5,1578,12,1010.4,1029,8,1011.1,55,2,1011.2,628,6,1011.3,1175,11,1011.4,1062,12,1011.5,896,12
317,2025-11-26 14:06:53+05:30,1011.0,23,1001.6,7681806,413609.0,450141.0,986.2,1012.8,981.3,986.2,120480000,1084.8,887.6,1102.5,649.1,1010.7,1047,7,1010.6,597,10,1010.5,1503,10,1010.4,1323,11,1010.3,1094,15,1011.1,49,2,1011.2,227,2,1011.3,1118,9,1011.4,625,8,1011.5,1154,14
317,2025-11-26 14:06:53+05:30,1011.1,24,1001.6,7681806,413609.0,450141.0,986.2,1012.8,981.3,986.2,120480000,1084.8,887.6,1102.5,649.1,1010.7,1047,7,1010.6,597,10,1010.5,1503,10,1010.4,1323,11,1010.3,1094,15,1011.1,49,2,1011.2,227,2,1011.3,1118,9,1011.4,625,8,1011.5,1154,14
317,2025-11-26 14:06:54+05:30,1010.7,38,1001.6,7683450,411688.0,449742.0,986.2,1012.8,981.3,986.2,120480000,1084.8,887.6,1102.5,649.1,1010.7,49,3,1010.6,209,7,1010.5,1517,11,1010.4,905,12,1010.3,979,12,1011.0,87,1,1011.1,181,3,1011.2,361,5,1011.3,1044,8,1011.4,929,9
317,2025-11-26 14:06:54+05:30,1010.7,38,1001.6,7683450,411688.0,449742.0,986.2,1012.8,981.3,986.2,120480000,1084.8,887.6,1102.5,649.1,1010.7,49,3,1010.6,209,7,1010.5,1517,11,1010.4,905,12,1010.3,979,12,1011.0,87,1,1011.1,181,3,1011.2,361,5,1011.3,1044,8,1011.4,929,9
317,2025-11-26 14:06:55+05:30,1010.7,127,1001.6,7683794,414725.0,449449.0,986.2,1012.8,981.3,986.2,120480000,1084.8,887.6,1102.5,649.1,1011.0,1,1,1010.7,141,3,1010.6,1227,8,1010.5,1448,11,1010.4,1841,19,1011.1,303,4,1011.2,842,6,1011.3,409,7,1011.4,714,9,1011.5,968,10
317,2025-11-26 14:06:55+05:30,1010.7,91,1001.6,7683794,414725.0,449449.0,986.2,1012.8,981.3,986.2,120480000,1084.8,887.6,1102.5,649.1,1011.0,1,1,1010.7,141,3,1010.6,1227,8,1010.5,1448,11,1010.4,1841,19,1011.1,303,4,1011.2,842,6,1011.3,409,7,1011.4,714,9,1011.5,968,10
317,2025-11-26 14:06:56+05:30,1010.8,34,1001.6,7684084,412681.0,450910.0,986.2,1012.8,981.3,986.2,120480000,1084.8,887.6,1102.5,649.1,1010.8,14,2,1010.6,1148,9,1010.5,1511,12,1010.4,1035,16,1010.3,1530,12,1011.0,214,2,1011.1,593,5,1011.2,484,9,1011.3,1196,9,1011.4,1182,11
317,2025-11-26 14:06:56+05:30,1010.6,17,1001.6,7684084,412681.0,450910.0,986.2,1012.8,981.3,986.2,120480000,1084.8,887.6,1102.5,649.1,1010.8,14,2,1010.6,1148,9,1010.5,1511,12,1010.4,1035,16,1010.3,1530,12,1011.0,214,2,1011.1,593,5,1011.2,484,9,1011.3,1196,9,1011.4,1182,11
317,2025-11-26 14:06:57+05:30,1010.7,10,1001.6,7684205,414077.0,450675.0,986.2,1012.8,981.3,986.2,120480000,1084.8,887.6,1102.5,649.1,1010.7,813,3,1010.6,362,7,1010.5,1533,13,1010.4,1027,15,1010.3,1403,10,1011.0,164,1,1011.1,175,3,1011.2,417,5,1011.3,1152,8,1011.4,937,14
317,2025-11-26 14:06:57+05:30,1010.7,10,1001.6,7684205,414077.0,450675.0,986.2,1012.8,981.3,986.2,120480000,1084.8,887.6,1102.5,649.1,1010.7,813,3,1010.6,362,7,1010.5,1533,13,1010.4,1027,15,1010.3,1403,10,1011.0,164,1,1011.1,175,3,1011.2,417,5,1011.3,1152,8,1011.4,937,14
317,2025-11-26 14:06:58+05:30,1011.0,1,1001.6,7684270,413405.0,450665.0,986.2,1012.8,981.3,986.2,120480000,1084.8,887.6,1102.5,649.1,1010.7,855,4,1010.6,390,8,1010.5,1511,12,1010.4,1513,16,1010.3,784,9,1011.0,162,1,1011.1,167,2,1011.2,417,5,1011.3,1152,8,1011.4,937,14
317,2025-11-26 14:06:58+05:30,1011.0,10,1001.6,7684270,413405.0,450665.0,986.2,1012.8,981.3,986.2,120480000,1084.8,887.6,1102.5,649.1,1010.7,855,4,1010.6,390,8,1010.5,1511,12,1010.4,1513,16,1010.3,784,9,1011.0,162,1,1011.1,167,2,1011.2,417,5,1011.3,1152,8,1011.4,937,14
317,2025-11-26 14:06:59+05:30,1011.0,1,1001.6,7685413,413817.0,450288.0,986.2,1012.8,981.3,986.2,120480000,1084.8,887.6,1102.5,649.1,1010.7,686,6,1010.6,371,8,1010.5,1454,11,1010.4,1541,16,1010.3,1146,13,1011.0,151,1,1011.1,162,1,1011.2,162,2,1011.3,881,9,1011.4,891,10
317,2025-11-26 14:06:59+05:30,1011.0,1,1001.6,7685413,413817.0,450288.0,986.2,1012.8,981.3,986.2,120480000,1084.8,887.6,1102.5,649.1,1010.7,686,6,1010.6,371,8,1010.5,1454,11,1010.4,1541,16,1010.3,1146,13,1011.0,151,1,1011.1,162,1,1011.2,162,2,1011.3,881,9,1011.4,891,10
317,2025-11-26 14:07:00+05:30,1011.0,1,1001.6,7685414,413891.0,450412.0,986.2,1012.8,981.3,986.2,120480000,1084.8,887.6,1102.5,649.1,1010.7,830,7,1010.6,371,8,1010.5,1518,12,1010.4,1541,16,1010.3,1012,12,1011.0,150,1,1011.1,162,1,1011.2,296,3,1011.3,965,11,1011.4,891,10
317,2025-11-26 14:07:00+05:30,1011.0,1,1001.6,7685414,413891.0,450412.0,986.2,1012.8,981.3,986.2,120480000,1084.8,887.6,1102.5,649.1,1010.7,830,7,1010.6,371,8,1010.5,1518,12,1010.4,1541,16,1010.3,1012,12,1011.0,150,1,1011.1,162,1,1011.2,296,3,1011.3,965,11,1011.4,891,10
317,2025-11-26 14:07:01+05:30,1010.7,8,1001.6,7685677,413144.0,450822.0,986.2,1012.8,981.3,986.2,120480000,1084.8,887.6,1102.5,649.1,1010.7,464,7,1010.6,371,8,1010.5,1518,12,1010.4,1569,16,1010.3,929,11,1011.0,149,1,1011.1,240,2,1011.2,379,5,1011.3,965,11,1011.4,1189,11
317,2025-11-26 14:07:01+05:30,1011.1,144,1001.6,7685677,413144.0,450822.0,986.2,1012.8,981.3,986.2,120480000,1084.8,887.6,1102.5,649.1,1010.7,464,7,1010.6,371,8,1010.5,1518,12,1010.4,1569,16,1010.3,929,11,1011.0,149,1,1011.1,240,2,1011.2,379,5,1011.3,965,11,1011.4,1189,11
317,2025-11-26 14:07:02+05:30,1011.2,25,1001.6,7686413,417213.0,449249.0,986.2,1012.8,981.3,986.2,120480000,1084.8,887.6,1102.5,649.1,1011.1,338,2,1010.9,86,3,1010.8,827,13,1010.7,768,10,1010.6,1530,11,1011.2,30,1,1011.3,5,3,1011.4,859,5,1011.5,557,7,1011.6,1131,15
317,2025-11-26 14:07:02+05:30,1011.1,12,1001.6,7686413,417213.0,449249.0,986.2,1012.8,981.3,986.2,120480000,1084.8,887.6,1102.5,649.1,1011.1,338,2,1010.9,86,3,1010.8,827,13,1010.7,768,10,1010.6,1530,11,1011.2,30,1,1011.3,5,3,1011.4,859,5,1011.5,557,7,1011.6,1131,15
317,2025-11-26 14:07:03+05:30,1011.2,23,1001.6,7686895,415866.0,450359.0,986.2,1012.8,981.3,986.2,120480000,1084.8,887.6,1102.5,649.1,1010.9,5,1,1010.8,1074,8,1010.7,1163,11,1010.6,907,10,1010.5,1848,16,1011.2,147,2,1011.3,251,6,1011.4,633,8,1011.5,1232,12,1011.6,1433,16
317,2025-11-26 14:07:03+05:30,1011.2,23,1001.6,7686895,415866.0,450359.0,986.2,1012.8,981.3,986.2,120480000,1084.8,887.6,1102.5,649.1,1010.9,5,1,1010.8,1074,8,1010.7,1163,11,1010.6,907,10,1010.5,1848,16,1011.2,147,2,1011.3,251,6,1011.4,633,8,1011.5,1232,12,1011.6,1433,16
317,2025-11-26 14:07:04+05:30,1011.2,1,1001.6,7687132,414842.0,451077.0,986.2,1012.8,981.3,986.2,120480000,1084.8,887.6,1102.5,649.1,1010.8,121,5,1010.7,1175,9,1010.6,580,10,1010.5,1549,11,1010.4,1933,16,1011.0,251,1,1011.2,352,4,1011.3,641,9,1011.4,715,9,1011.5,1568,15
317,2025-11-26 14:07:04+05:30,1011.0,1,1001.6,7687132,414842.0,451077.0,986.2,1012.8,981.3,986.2,120480000,1084.8,887.6,1102.5,649.1,1010.8,121,5,1010.7,1175,9,1010.6,580,10,1010.5,1549,11,1010.4,1933,16,1011.0,251,1,1011.2,352,4,1011.3,641,9,1011.4,715,9,1011.5,1568,15
317,2025-11-26 14:07:05+05:30,1010.8,17,1001.61,7687391,413571.0,451194.0,986.2,1012.8,981.3,986.2,120480000,1084.8,887.6,1102.5,649.1,1010.8,771,3,1010.7,205,5,1010.6,1087,9,1010.5,1458,10,1010.4,1206,14,1011.2,895,6,1011.3,589,9,1011.4,732,10,1011.5,1137,16,1011.6,929,10
317,2025-11-26 14:07:05+05:30,1010.8,17,1001.61,7687391,413571.0,451194.0,986.2,1012.8,981.3,986.2,120480000,1084.8,887.6,1102.5,649.1,1010.8,771,3,1010.7,205,5,1010.6,1087,9,1010.5,1458,10,1010.4,1206,14,1011.2,895,6,1011.3,589,9,1011.4,732,10,1011.5,1137,16,1011.6,929,10
317,2025-11-26 14:07:06+05:30,1010.8,106,1001.61,7687519,413882.0,451193.0,986.2,1012.8,981.3,986.2,120480000,1084.8,887.6,1102.5,649.1,1010.8,25,3,1010.7,205,5,1010.6,1727,10,1010.5,1527,11,1010.4,1206,14,1011.2,894,6,1011.3,589,9,1011.4,732,10,1011.5,1137,16,1011.6,929,10
317,2025-11-26 14:07:06+05:30,1010.8,65,1001.61,7687519,413882.0,451193.0,986.2,1012.8,981.3,986.2,120480000,1084.8,887.6,1102.5,649.1,1010.8,25,3,1010.7,205,5,1010.6,1727,10,1010.5,1527,11,1010.4,1206,14,1011.2,894,6,1011.3,589,9,1011.4,732,10,1011.5,1137,16,1011.6,929,10
317,2025-11-26 14:07:07+05:30,1010.8,20,1001.61,7687925,413048.0,450680.0,986.2,1012.8,981.3,986.2,120480000,1084.8,887.6,1102.5,649.1,1010.8,89,2,1010.7,134,3,1010.6,972,7,1010.5,1450,12,1010.4,1089,11,1011.2,931,5,1011.3,727,10,1011.4,876,12,1011.5,1028,16,1011.6,861,10
317,2025-11-26 14:07:07+05:30,1010.8,20,1001.61,7687925,413048.0,450680.0,986.2,1012.8,981.3,986.2,120480000,1084.8,887.6,1102.5,649.1,1010.8,89,2,1010.7,134,3,1010.6,972,7,1010.5,1450,12,1010.4,1089,11,1011.2,931,5,1011.3,727,10,1011.4,876,12,1011.5,1028,16,1011.6,861,10
317,2025-11-26 14:07:08+05:30,1010.8,10,1001.61,7687935,413050.0,451363.0,986.2,1012.8,981.3,986.2,120480000,1084.8,887.6,1102.5,649.1,1010.8,76,1,1010.7,134,3,1010.6,972,7,1010.5,1429,12,1010.4,1113,12,1011.1,189,2,1011.2,1092,9,1011.3,939,13,1011.4,1124,10,1011.5,874,17
317,2025-11-26 14:07:08+05:30,1010.8,10,1001.61,7687935,413050.0,451363.0,986.2,1012.8,981.3,986.2,120480000,1084.8,887.6,1102.5,649.1,1010.8,76,1,1010.7,134,3,1010.6,972,7,1010.5,1429,12,1010.4,1113,12,1011.1,189,2,1011.2,1092,9,1011.3,939,13,1011.4,1124,10,1011.5,874,17
317,2025-11-26 14:07:09+05:30,1010.7,16,1001.61,7688201,412931.0,452895.0,986.2,1012.8,981.3,986.2,120480000,1084.8,887.6,1102.5,649.1,1010.7,41,2,1010.6,662,4,1010.5,1117,8,1010.4,728,10,1010.3,1011,14,1010.9,191,3,1011.0,282,3,1011.1,605,5,1011.2,1241,9,1011.3,963,14
317,2025-11-26 14:07:09+05:30,1010.7,16,1001.61,7688201,412931.0,452895.0,986.2,1012.8,981.3,986.2,120480000,1084.8,887.6,1102.5,649.1,1010.7,41,2,1010.6,662,4,1010.5,1117,8,1010.4,728,10,1010.3,1011,14,1010.9,191,3,1011.0,282,3,1011.1,605,5,1011.2,1241,9,1011.3,963,14
317,2025-11-26 14:07:10+05:30,1010.9,2,1001.61,7688203,412725.0,452754.0,986.2,1012.8,981.3,986.2,120480000,1084.8,887.6,1102.5,649.1,1010.7,41,2,1010.6,662,4,1010.5,1093,7,1010.4,750,11,1010.3,1537,15,1010.9,133,2,1011.0,282,3,1011.1,605,5,1011.2,1246,10,1011.3,963,14
317,2025-11-26 14:07:10+05:30,1010.9,2,1001.61,7688203,412725.0,452754.0,986.2,1012.8,981.3,986.2,120480000,1084.8,887.6,1102.5,649.1,1010.7,41,2,1010.6,662,4,1010.5,1093,7,1010.4,750,11,1010.3,1537,15,1010.9,133,2,1011.0,282,3,1011.1,605,5,1011.2,1246,10,1011.3,963,14
317,2025-11-26 14:07:11+05:30,1010.6,42,1001.61,7688459,413348.0,452677.0,986.2,1012.8,981.3,986.2,120480000,1084.8,887.6,1102.5,649.1,1010.6,620,4,1010.5,1176,9,1010.4,840,12,1010.3,1001,10,1010.2,1233,15,1010.9,131,2,1011.0,425,5,1011.1,780,8,1011.2,693,11,1011.3,1216,10
317,2025-11-26 14:07:11+05:30,1010.6,42,1001.61,7688459,413348.0,452677.0,986.2,1012.8,981.3,986.2,120480000,1084.8,887.6,1102.5,649.1,1010.6,620,4,1010.5,1176,9,1010.4,840,12,1010.3,1001,10,1010.2,1233,15,1010.9,131,2,1011.0,425,5,1011.1,780,8,1011.2,693,11,1011.3,1216,10
317,2025-11-26 14:07:12+05:30,1010.6,128,1001.61,7688587,413229.0,452633.0,986.2,1012.8,981.3,986.2,120480000,1084.8,887.6,1102.5,649.1,1010.6,492,4,1010.5,1176,9,1010.4,1354,13,1010.3,1001,10,1010.2,1233,15,1010.9,131,2,1011.0,425,5,1011.1,780,8,1011.2,693,11,1011.3,1216,10
317,2025-11-26 14:07:12+05:30,1010.6,128,1001.61,7688587,413229.0,452633.0,986.2,1012.8,981.3,986.2,120480000,1084.8,887.6,1102.5,649.1,1010.6,492,4,1010.5,1176,9,1010.4,1354,13,1010.3,1001,10,1010.2,1233,15,1010.9,131,2,1011.0,425,5,1011.1,780,8,1011.2,693,11,1011.3,1216,10
317,2025-11-26 14:07:13+05:30,1010.9,45,1001.61,7689104,411600.0,452660.0,986.2,1012.8,981.3,986.2,120480000,1084.8,887.6,1102.5,649.1,1010.6,18,3,1010.5,908,5,1010.4,712,9,1010.3,1360,10,1010.2,1233,13,1010.9,153,4,1011.0,368,6,1011.1,741,8,1011.2,667,9,1011.3,1551,14
317,2025-11-26 14:07:13+05:30,1010.6,2,1001.61,7689104,411600.0,452660.0,986.2,1012.8,981.3,986.2,120480000,1084.8,887.6,1102.5,649.1,1010.6,18,3,1010.5,908,5,1010.4,712,9,1010.3,1360,10,1010.2,1233,13,1010.9,153,4,1011.0,368,6,1011.1,741,8,1011.2,667,9,1011.3,1551,14
317,2025-11-26 14:07:14+05:30,1010.6,60,1001.61,7690121,412823.0,451648.0,986.2,1012.8,981.3,986.2,120480000,1084.8,887.6,1102.5,649.1,1010.6,22,1,1010.5,1893,9,1010.4,551,11,1010.3,648,9,1010.2,1853,17,1010.9,64,2,1011.0,120,2,1011.1,934,6,1011.2,831,11,1011.3,763,10
317,2025-11-26 14:07:14+05:30,1010.6,60,1001.61,7690121,412823.0,451648.0,986.2,1012.8,981.3,986.2,120480000,1084.8,887.6,1102.5,649.1,1010.6,22,1,1010.5,1893,9,1010.4,551,11,1010.3,648,9,1010.2,1853,17,1010.9,64,2,1011.0,120,2,1011.1,934,6,1011.2,831,11,1011.3,763,10
317,2025-11-26 14:07:15+05:30,1010.5,128,1001.61,7690889,411874.0,452235.0,986.2,1012.8,981.3,986.2,120480000,1084.8,887.6,1102.5,649.1,1010.5,1070,8,1010.4,598,10,1010.3,1180,9,1010.2,1116,11,1010.1,1265,16,1010.9,148,4,1011.0,641,6,1011.1,1115,9,1011.2,966,13,1011.3,1061,11
317,2025-11-26 14:07:15+05:30,1010.5,49,1001.61,7690889,411874.0,452235.0,986.2,1012.8,981.3,986.2,120480000,1084.8,887.6,1102.5,649.1,1010.5,1070,8,1010.4,598,10,1010.3,1180,9,1010.2,1116,11,1010.1,1265,16,1010.9,148,4,1011.0,641,6,1011.1,1115,9,1011.2,966,13,1011.3,1061,11
317,2025-11-26 14:07:16+05:30,1010.5,38,1001.61,7692103,410703.0,453070.0,986.2,1012.8,981.3,986.2,120480000,1084.8,887.6,1102.5,649.1,1010.5,10,1,1010.4,841,9,1010.3,480,8,1010.2,1159,12,1010.1,1193,16,1010.8,5,1,1010.9,460,5,1011.0,586,5,1011.1,1063,8,1011.2,1085,13
317,2025-11-26 14:07:16+05:30,1010.5,56,1001.61,7692103,410703.0,453070.0,986.2,1012.8,981.3,986.2,120480000,1084.8,887.6,1102.5,649.1,1010.5,10,1,1010.4,841,9,1010.3,480,8,1010.2,1159,12,1010.1,1193,16,1010.8,5,1,1010.9,460,5,1011.0,586,5,1011.1,1063,8,1011.2,1085,13
317,2025-11-26 14:07:17+05:30,1010.5,37,1001.61,7692997,413310.0,453579.0,986.2,1012.8,981.3,986.2,120480000,1084.8,887.6,1102.5,649.1,1010.5,138,4,1010.4,1298,16,1010.3,673,10,1010.2,728,10,1010.1,1918,19,1010.7,10,1,1010.9,67,2,1011.0,267,3,1011.1,1095,8,1011.2,772,11
317,2025-11-26 14:07:17+05:30,1010.5,7,1001.61,7692997,413310.0,453579.0,986.2,1012.8,981.3,986.2,120480000,1084.8,887.6,1102.5,649.1,1010.5,138,4,1010.4,1298,16,1010.3,673,10,1010.2,728,10,1010.1,1918,19,1010.7,10,1,1010.9,67,2,1011.0,267,3,1011.1,1095,8,1011.2,772,11
317,2025-11-26 14:07:18+05:30,1010.6,128,1001.61,7693562,413993.0,453931.0,986.2,1012.8,981.3,986.2,120480000,1084.8,887.6,1102.5,649.1,1010.6,440,1,1010.5,109,4,1010.4,816,16,1010.3,1289,11,1010.2,766,10,1010.7,10,1,1010.9,93,2,1011.0,330,4,1011.1,1152,10,1011.2,908,11
317,2025-11-26 14:07:18+05:30,1010.6,128,1001.61,7693562,413993.0,453931.0,986.2,1012.8,981.3,986.2,120480000,1084.8,887.6,1102.5,649.1,1010.6,440,1,1010.5,109,4,1010.4,816,16,1010.3,1289,11,1010.2,766,10,1010.7,10,1,1010.9,93,2,1011.0,330,4,1011.1,1152,10,1011.2,908,11
317,2025-11-26 14:07:19+05:30,1010.6,48,1001.61,7695531,411897.0,451978.0,986.2,1012.8,981.3,986.2,120480000,1084.8,887.6,1102.5,649.1,1010.6,94,4,1010.5,485,8,1010.4,1208,15,1010.3,576,9,1010.2,1417,16,1010.9,166,3,1011.0,126,3,1011.1,510,7,1011.2,755,9,1011.3,898,12
317,2025-11-26 14:07:19+05:30,1010.6,104,1001.61,7695531,411897.0,451978.0,986.2,1012.8,981.3,986.2,120480000,1084.8,887.6,1102.5,649.1,1010.6,94,4,1010.5,485,8,1010.4,1208,15,1010.3,576,9,1010.2,1417,16,1010.9,166,3,1011.0,126,3,1011.1,510,7,1011.2,755,9,1011.3,898,12
317,2025-11-26 14:07:20+05:30,1010.9,1,1001.61,7695531,411897.0,451978.0,986.2,1012.8,981.3,986.2,120480000,1084.8,887.6,1102.5,649.1,1010.6,94,4,1010.5,485,8,1010.4,1208,15,1010.3,576,9,1010.2,1417,16,1010.9,166,3,1011.0,126,3,1011.1,510,7,1011.2,755,9,1011.3,898,12
317,2025-11-26 14:07:20+05:30,1010.9,1,1001.62,7696167,411990.0,452361.0,986.2,1012.8,981.3,986.2,120480000,1084.8,887.6,1102.5,649.1,1010.6,726,4,1010.5,410,8,1010.4,894,16,1010.3,1255,12,1010.2,818,10,1010.9,167,5,1011.0,15,2,1011.1,946,5,1011.2,935,12,1011.3,1196,13
317,2025-11-26 14:07:21+05:30,1010.6,16,1001.62,7696167,411990.0,452361.0,986.2,1012.8,981.3,986.2,120480000,1084.8,887.6,1102.5,649.1,1010.6,726,4,1010.5,410,8,1010.4,894,16,1010.3,1255,12,1010.2,818,10,1010.9,167,5,1011.0,15,2,1011.1,946,5,1011.2,935,12,1011.3,1196,13
317,2025-11-26 14:07:21+05:30,1010.6,16,1001.62,7696922,411749.0,452963.0,986.2,1012.8,981.3,986.2,120480000,1084.8,887.6,1102.5,649.1,1010.6,31,3,1010.5,700,5,1010.4,583,12,1010.3,717,11,1010.2,1254,12,1010.9,259,6,1011.0,592,6,1011.1,560,8,1011.2,909,10,1011.3,1196,13
317,2025-11-26 14:07:22+05:30,1010.9,78,1001.62,7696922,411749.0,452963.0,986.2,1012.8,981.3,986.2,120480000,1084.8,887.6,1102.5,649.1,1010.6,31,3,1010.5,700,5,1010.4,583,12,1010.3,717,11,1010.2,1254,12,1010.9,259,6,1011.0,592,6,1011.1,560,8,1011.2,909,10,1011.3,1196,13
317,2025-11-26 14:07:22+05:30,1010.9,12,1001.62,7697313,412959.0,452276.0,986.2,1012.8,981.3,986.2,120480000,1084.8,887.6,1102.5,649.1,1010.7,32,2,1010.6,802,3,1010.5,382,7,1010.4,921,15,1010.3,1196,11,1010.9,79,2,1011.0,15,2,1011.1,960,7,1011.2,829,9,1011.3,833,11
317,2025-11-26 14:07:23+05:30,1010.6,15,1001.62,7697313,412959.0,452276.0,986.2,1012.8,981.3,986.2,120480000,1084.8,887.6,1102.5,649.1,1010.7,32,2,1010.6,802,3,1010.5,382,7,1010.4,921,15,1010.3,1196,11,1010.9,79,2,1011.0,15,2,1011.1,960,7,1011.2,829,9,1011.3,833,11
317,2025-11-26 14:07:23+05:30,1010.6,15,1001.62,7697588,413799.0,453435.0,986.2,1012.8,981.3,986.2,120480000,1084.8,887.6,1102.5,649.1,1010.6,568,2,1010.5,507,10,1010.4,901,14,1010.3,1196,11,1010.2,1258,13,1010.8,1,1,1010.9,75,2,1011.0,159,3,1011.1,1154,9,1011.2,829,9
317,2025-11-26 14:07:24+05:30,1010.8,95,1001.62,7697588,413799.0,453435.0,986.2,1012.8,981.3,986.2,120480000,1084.8,887.6,1102.5,649.1,1010.6,568,2,1010.5,507,10,1010.4,901,14,1010.3,1196,11,1010.2,1258,13,1010.8,1,1,1010.9,75,2,1011.0,159,3,1011.1,1154,9,1011.2,829,9
317,2025-11-26 14:07:24+05:30,1010.6,33,1001.62,7698099,412547.0,452529.0,986.2,1012.8,981.3,986.2,120480000,1084.8,887.6,1102.5,649.1,1010.6,343,3,1010.5,862,8,1010.4,902,15,1010.3,697,10,1010.2,1258,13,1010.9,75,2,1011.0,197,4,1011.1,591,8,1011.2,920,10,1011.3,1686,13
317,2025-11-26 14:07:25+05:30,1010.6,14,1001.62,7698099,412547.0,452529.0,986.2,1012.8,981.3,986.2,120480000,1084.8,887.6,1102.5,649.1,1010.6,343,3,1010.5,862,8,1010.4,902,15,1010.3,697,10,1010.2,1258,13,1010.9,75,2,1011.0,197,4,1011.1,591,8,1011.2,920,10,1011.3,1686,13
317,2025-11-26 14:07:25+05:30,1010.6,24,1001.62,7698558,411022.0,452599.0,986.2,1012.8,981.3,986.2,120480000,1084.8,887.6,1102.5,649.1,1010.6,38,1,1010.5,123,6,1010.4,633,12,1010.3,1210,11,1010.2,1253,12,1010.9,6,1,1011.0,852,7,1011.1,663,9,1011.2,920,10,1011.3,1131,12
317,2025-11-26 14:07:26+05:30,1010.6,4,1001.62,7698558,411022.0,452599.0,986.2,1012.8,981.3,986.2,120480000,1084.8,887.6,1102.5,649.1,1010.6,38,1,1010.5,123,6,1010.4,633,12,1010.3,1210,11,1010.2,1253,12,1010.9,6,1,1011.0,852,7,1011.1,663,9,1011.2,920,10,1011.3,1131,12
317,2025-11-26 14:07:26+05:30,1010.6,4,1001.62,7698820,410850.0,452437.0,986.2,1012.8,981.3,986.2,120480000,1084.8,887.6,1102.5,649.1,1010.6,129,3,1010.5,1107,9,1010.4,1201,15,1010.3,687,9,1010.2,817,10,1010.9,4,1,1011.0,205,4,1011.1,1176,10,1011.2,920,10,1011.3,1196,13
317,2025-11-26 14:07:27+05:30,1010.6,3,1001.62,7698820,410850.0,452437.0,986.2,1012.8,981.3,986.2,120480000,1084.8,887.6,1102.5,649.1,1010.6,129,3,1010.5,1107,9,1010.4,1201,15,1010.3,687,9,1010.2,817,10,1010.9,4,1,1011.0,205,4,1011.1,1176,10,1011.2,920,10,1011.3,1196,13
317,2025-11-26 14:07:27+05:30,1010.6,3,1001.62,7698823,412237.0,453574.0,986.2,1012.8,981.3,986.2,120480000,1084.8,887.6,1102.5,649.1,1010.6,132,5,1010.5,885,7,1010.4,787,15,1010.3,687,9,1010.2,1457,12,1010.7,10,1,1010.9,4,1,1011.0,281,4,1011.1,1176,10,1011.2,920,10
317,2025-11-26 14:07:28+05:30,1010.7,10,1001.62,7698823,412237.0,453574.0,986.2,1012.8,981.3,986.2,120480000,1084.8,887.6,1102.5,649.1,1010.6,132,5,1010.5,885,7,1010.4,787,15,1010.3,687,9,1010.2,1457,12,1010.7,10,1,1010.9,4,1,1011.0,281,4,1011.1,1176,10,1011.2,920,10
317,2025-11-26 14:07:28+05:30,1010.7,10,1001.62,7698833,411160.0,452669.0,986.2,1012.8,981.3,986.2,120480000,1084.8,887.6,1102.5,649.1,1010.6,112,4,1010.5,885,7,1010.4,807,16,1010.3,687,9,1010.2,1792,13,1010.9,4,1,1011.0,179,4,1011.1,1176,10,1011.2,920,10,1011.3,1207,14
317,2025-11-26 14:07:29+05:30,1010.7,321,1001.62,7698833,411160.0,452669.0,986.2,1012.8,981.3,986.2,120480000,1084.8,887.6,1102.5,649.1,1010.6,112,4,1010.5,885,7,1010.4,807,16,1010.3,687,9,1010.2,1792,13,1010.9,4,1,1011.0,179,4,1011.1,1176,10,1011.2,920,10,1011.3,1207,14
317,2025-11-26 14:07:29+05:30,1010.7,321,1001.62,7699154,412752.0,453859.0,986.2,1012.8,981.3,986.2,120480000,1084.8,887.6,1102.5,649.1,1010.6,112,4,1010.5,905,8,1010.4,1229,14,1010.3,687,9,1010.2,1253,12,1010.7,108,1,1010.9,4,1,1011.0,392,6,1011.1,664,9,1011.2,920,10
317,2025-11-26 14:07:30+05:30,1010.5,32,1001.62,7699154,412752.0,453859.0,986.2,1012.8,981.3,986.2,120480000,1084.8,887.6,1102.5,649.1,1010.6,112,4,1010.5,905,8,1010.4,1229,14,1010.3,687,9,1010.2,1253,12,1010.7,108,1,1010.9,4,1,1011.0,392,6,1011.1,664,9,1011.2,920,10
317,2025-11-26 14:07:30+05:30,1010.5,32,1001.62,7699443,411517.0,454516.0,986.2,1012.8,981.3,986.2,120480000,1084.8,887.6,1102.5,649.1,1010.6,1,1,1010.5,749,4,1010.4,681,14,1010.3,682,8,1010.2,817,10,1010.7,83,1,1010.9,262,3,1011.0,475,7,1011.1,664,9,1011.2,1070,10
317,2025-11-26 14:07:31+05:30,1010.7,50,1001.62,7699443,411517.0,454516.0,986.2,1012.8,981.3,986.2,120480000,1084.8,887.6,1102.5,649.1,1010.6,1,1,1010.5,749,4,1010.4,681,14,1010.3,682,8,1010.2,817,10,1010.7,83,1,1010.9,262,3,1011.0,475,7,1011.1,664,9,1011.2,1070,10
317,2025-11-26 14:07:31+05:30,1010.7,1,1001.62,7699494,411496.0,454246.0,986.2,1012.8,981.3,986.2,120480000,1084.8,887.6,1102.5,649.1,1010.5,749,4,1010.4,681,14,1010.3,682,8,1010.2,817,10,1010.1,1337,20,1010.7,32,1,1010.9,60,2,1011.0,464,6,1011.1,664,9,1011.2,772,9
317,2025-11-26 14:07:32+05:30,1010.7,1,1001.62,7699494,411496.0,454246.0,986.2,1012.8,981.3,986.2,120480000,1084.8,887.6,1102.5,649.1,1010.5,749,4,1010.4,681,14,1010.3,682,8,1010.2,817,10,1010.1,1337,20,1010.7,32,1,1010.9,60,2,1011.0,464,6,1011.1,664,9,1011.2,772,9
317,2025-11-26 14:07:32+05:30,1010.5,127,1001.62,7699758,411233.0,454376.0,986.2,1012.8,981.3,986.2,120480000,1084.8,887.6,1102.5,649.1,1010.5,556,5,1010.4,681,14,1010.3,612,7,1010.2,817,10,1010.1,1337,20,1010.7,31,2,1010.9,60,2,1011.0,464,6,1011.1,664,9,1011.2,1650,11
317,2025-11-26 14:07:33+05:30,1010.7,23,1001.62,7699758,411233.0,454376.0,986.2,1012.8,981.3,986.2,120480000,1084.8,887.6,1102.5,649.1,1010.5,556,5,1010.4,681,14,1010.3,612,7,1010.2,817,10,1010.1,1337,20,1010.7,31,2,1010.9,60,2,1011.0,464,6,1011.1,664,9,1011.2,1650,11
317,2025-11-26 14:07:33+05:30,1010.5,35,1001.62,7700427,408839.0,453914.0,986.2,1012.8,981.3,986.2,120480000,1084.8,887.6,1102.5,649.1,1010.4,316,8,1010.3,333,6,1010.2,588,8,1010.1,1238,15,1010.0,3137,38,1010.7,8,1,1010.8,42,1,1010.9,350,3,1011.0,386,5,1011.1,1166,10
317,2025-11-26 14:07:34+05:30,1010.4,28,1001.62,7700427,408839.0,453914.0,986.2,1012.8,981.3,986.2,120480000,1084.8,887.6,1102.5,649.1,1010.4,316,8,1010.3,333,6,1010.2,588,8,1010.1,1238,15,1010.0,3137,38,1010.7,8,1,1010.8,42,1,1010.9,350,3,1011.0,386,5,1011.1,1166,10
317,2025-11-26 14:07:34+05:30,1010.4,28,1001.62,7700682,409449.0,454166.0,986.2,1012.8,981.3,986.2,120480000,1084.8,887.6,1102.5,649.1,1010.4,263,8,1010.3,749,5,1010.2,583,9,1010.1,1210,15,1010.0,3438,43,1010.7,8,1,1010.8,42,1,1010.9,436,4,1011.0,468,7,1011.1,1177,11
317,2025-11-26 14:07:35+05:30,1010.7,1,1001.62,7700682,409449.0,454166.0,986.2,1012.8,981.3,986.2,120480000,1084.8,887.6,1102.5,649.1,1010.4,263,8,1010.3,749,5,1010.2,583,9,1010.1,1210,15,1010.0,3438,43,1010.7,8,1,1010.8,42,1,1010.9,436,4,1011.0,468,7,1011.1,1177,11
317,2025-11-26 14:07:35+05:30,1010.7,2,1001.62,7700698,410114.0,453821.0,986.2,1012.8,981.3,986.2,120480000,1084.8,887.6,1102.5,649.1,1010.6,20,1,1010.4,193,6,1010.3,779,6,1010.2,556,9,1010.1,1210,15,1010.7,2,1,1010.8,42,1,1010.9,313,4,1011.0,493,7,1011.1,1177,11
317,2025-11-26 14:07:36+05:30,1010.7,2,1001.62,7700698,410114.0,453821.0,986.2,1012.8,981.3,986.2,120480000,1084.8,887.6,1102.5,649.1,1010.6,20,1,1010.4,193,6,1010.3,779,6,1010.2,556,9,1010.1,1210,15,1010.7,2,1,1010.8,42,1,1010.9,313,4,1011.0,493,7,1011.1,1177,11
317,2025-11-26 14:07:36+05:30,1010.7,2,1001.62,7700698,410249.0,453860.0,986.2,1012.8,981.3,986.2,120480000,1084.8,887.6,1102.5,649.1,1010.6,33,2,1010.5,5,2,1010.4,283,8,1010.3,744,4,1010.2,553,8,1010.7,2,1,1010.8,42,1,1010.9,227,3,1011.0,493,7,1011.1,1177,11
317,2025-11-26 14:07:37+05:30,1010.6,13,1001.62,7700731,412099.0,453907.0,986.2,1012.8,981.3,986.2,120480000,1084.8,887.6,1102.5,649.1,1010.5,5,2,1010.4,454,9,1010.3,754,9,1010.2,600,8,1010.1,1313,16,1010.6,8,1,1010.8,42,1,1010.9,148,2,1011.0,457,6,1011.1,664,9
317,2025-11-26 14:07:38+05:30,1010.6,5,1001.62,7700731,412099.0,453907.0,986.2,1012.8,981.3,986.2,120480000,1084.8,887.6,1102.5,649.1,1010.5,5,2,1010.4,454,9,1010.3,754,9,1010.2,600,8,1010.1,1313,16,1010.6,8,1,1010.8,42,1,1010.9,148,2,1011.0,457,6,1011.1,664,9
317,2025-11-26 14:07:38+05:30,1010.5,36,1001.62,7701146,411892.0,454506.0,986.2,1012.8,981.3,986.2,120480000,1084.8,887.6,1102.5,649.1,1010.4,422,12,1010.3,475,5,1010.2,733,9,1010.1,1276,15,1010.0,4339,43,1010.6,4,2,1010.8,42,1,1010.9,667,5,1011.0,322,5,1011.1,1121,11
317,2025-11-26 14:07:39+05:30,1010.4,19,1001.62,7701146,411892.0,454506.0,986.2,1012.8,981.3,986.2,120480000,1084.8,887.6,1102.5,649.1,1010.4,422,12,1010.3,475,5,1010.2,733,9,1010.1,1276,15,1010.0,4339,43,1010.6,4,2,1010.8,42,1,1010.9,667,5,1011.0,322,5,1011.1,1121,11
317,2025-11-26 14:07:39+05:30,1010.6,6,1001.62,7701406,411656.0,454079.0,986.2,1012.8,981.3,986.2,120480000,1084.8,887.6,1102.5,649.1,1010.4,483,10,1010.3,494,8,1010.2,729,9,1010.1,1252,15,1010.0,4257,43,1010.6,2,1,1010.8,42,1,1010.9,561,4,1011.0,486,8,1011.1,1233,15
317,2025-11-26 14:07:40+05:30,1010.4,11,1001.62,7701406,411656.0,454079.0,986.2,1012.8,981.3,986.2,120480000,1084.8,887.6,1102.5,649.1,1010.4,483,10,1010.3,494,8,1010.2,729,9,1010.1,1252,15,1010.0,4257,43,1010.6,2,1,1010.8,42,1,1010.9,561,4,1011.0,486,8,1011.1,1233,15
317,2025-11-26 14:07:40+05:30,1010.4,5,1001.62,7701794,411126.0,454128.0,986.2,1012.8,981.3,986.2,120480000,1084.8,887.6,1102.5,649.1,1010.4,196,6,1010.3,894,6,1010.2,661,8,1010.1,1220,15,1010.0,3715,43,1010.6,8,1,1010.7,42,1,1010.8,47,2,1010.9,708,6,1011.0,484,8
317,2025-11-26 14:07:41+05:30,1010.6,1,1001.62,7701794,411126.0,454128.0,986.2,1012.8,981.3,986.2,120480000,1084.8,887.6,1102.5,649.1,1010.4,196,6,1010.3,894,6,1010.2,661,8,1010.1,1220,15,1010.0,3715,43,1010.6,8,1,1010.7,42,1,1010.8,47,2,1010.9,708,6,1011.0,484,8
317,2025-11-26 14:07:41+05:30,1010.6,1,1001.62,7701810,410593.0,454613.0,986.2,1012.8,981.3,986.2,120480000,1084.8,887.6,1102.5,649.1,1010.4,311,9,1010.3,376,7,1010.2,727,9,1010.1,1093,14,1010.0,3715,43,1010.6,7,1,1010.7,42,1,1010.8,191,3,1010.9,708,6,1011.0,484,8
317,2025-11-26 14:07:42+05:30,1010.6,10,1001.62,7701824,410055.0,454173.0,986.2,1012.8,981.3,986.2,120480000,1084.8,887.6,1102.5,649.1,1010.6,4,2,1010.4,311,9,1010.3,503,9,1010.2,727,9,1010.1,1154,15,1010.7,42,1,1010.8,191,3,1010.9,561,4,1011.0,484,8,1011.1,708,12
317,2025-11-26 14:07:43+05:30,1010.6,1,1001.62,7701824,410055.0,454173.0,986.2,1012.8,981.3,986.2,120480000,1084.8,887.6,1102.5,649.1,1010.6,4,2,1010.4,311,9,1010.3,503,9,1010.2,727,9,1010.1,1154,15,1010.7,42,1,1010.8,191,3,1010.9,561,4,1011.0,484,8,1011.1,708,12
317,2025-11-26 14:07:43+05:30,1010.6,1,1001.62,7701856,411543.0,453650.0,986.2,1012.8,981.3,986.2,120480000,1084.8,887.6,1102.5,649.1,1010.5,61,1,1010.4,282,8,1010.3,514,9,1010.2,754,10,1010.1,1154,15,1010.6,4,1,1010.7,42,1,1010.8,47,2,1010.9,628,5,1011.0,372,7
317,2025-11-26 14:07:44+05:30,1010.7,3,1001.62,7701856,411543.0,453650.0,986.2,1012.8,981.3,986.2,120480000,1084.8,887.6,1102.5,649.1,1010.5,61,1,1010.4,282,8,1010.3,514,9,1010.2,754,10,1010.1,1154,15,1010.6,4,1,1010.7,42,1,1010.8,47,2,1010.9,628,5,1011.0,372,7
317,2025-11-26 14:07:44+05:30,1010.7,5,1001.62,7701910,410294.0,453231.0,986.2,1012.8,981.3,986.2,120480000,1084.8,887.6,1102.5,649.1,1010.6,23,1,1010.5,125,3,1010.4,455,10,1010.3,508,8,1010.2,956,11,1010.7,34,1,1010.8,42,1,1010.9,359,3,1011.0,304,6,1011.1,711,13
317,2025-11-26 14:07:45+05:30,1010.6,100,1001.62,7701910,410294.0,453231.0,986.2,1012.8,981.3,986.2,120480000,1084.8,887.6,1102.5,649.1,1010.6,23,1,1010.5,125,3,1010.4,455,10,1010.3,508,8,1010.2,956,11,1010.7,34,1,1010.8,42,1,1010.9,359,3,1011.0,304,6,1011.1,711,13
317,2025-11-26 14:07:45+05:30,1010.7,1,1001.62,7702013,411926.0,452700.0,986.2,1012.8,981.3,986.2,120480000,1084.8,887.6,1102.5,649.1,1010.6,120,3,1010.5,130,4,1010.4,774,15,1010.3,598,7,1010.2,992,11,1010.7,31,1,1010.8,42,1,1010.9,215,2,1011.0,223,5,1011.1,643,12
317,2025-11-26 14:07:46+05:30,1010.7,1,1001.62,7702013,411926.0,452700.0,986.2,1012.8,981.3,986.2,120480000,1084.8,887.6,1102.5,649.1,1010.6,120,3,1010.5,130,4,1010.4,774,15,1010.3,598,7,1010.2,992,11,1010.7,31,1,1010.8,42,1,1010.9,215,2,1011.0,223,5,1011.1,643,12
317,2025-11-26 14:07:46+05:30,1010.7,1,1001.62,7702013,411926.0,452804.0,986.2,1012.8,981.3,986.2,120480000,1084.8,887.6,1102.5,649.1,1010.6,120,3,1010.5,130,4,1010.4,774,15,1010.3,598,7,1010.2,992,11,1010.7,31,1,1010.8,42,1,1010.9,215,2,1011.0,223,5,1011.1,643,12
317,2025-11-26 14:07:47+05:30,1010.6,10,1001.62,7702013,411926.0,452804.0,986.2,1012.8,981.3,986.2,120480000,1084.8,887.6,1102.5,649.1,1010.6,120,3,1010.5,130,4,1010.4,774,15,1010.3,598,7,1010.2,992,11,1010.7,31,1,1010.8,42,1,1010.9,215,2,1011.0,223,5,1011.1,643,12
317,2025-11-26 14:07:47+05:30,1010.6,10,1001.62,7702344,412026.0,452888.0,986.2,1012.8,981.3,986.2,120480000,1084.8,887.6,1102.5,649.1,1010.6,74,2,1010.5,130,4,1010.4,774,15,1010.3,598,7,1010.2,992,11,1010.7,1,1,1010.8,42,1,1010.9,215,2,1011.0,187,4,1011.1,708,13
317,2025-11-26 14:07:49+05:30,1010.6,8,1001.62,7702666,412544.0,452742.0,986.2,1012.8,981.3,986.2,120480000,1084.8,887.6,1102.5,649.1,1010.5,210,7,1010.4,729,13,1010.3,598,7,1010.2,790,10,1010.1,2048,16,1010.7,1,1,1010.8,42,1,1010.9,215,2,1011.0,187,4,1011.1,708,13
317,2025-11-26 14:07:49+05:30,1010.6,8,1001.62,7702666,412544.0,452742.0,986.2,1012.8,981.3,986.2,120480000,1084.8,887.6,1102.5,649.1,1010.5,210,7,1010.4,729,13,1010.3,598,7,1010.2,790,10,1010.1,2048,16,1010.7,1,1,1010.8,42,1,1010.9,215,2,1011.0,187,4,1011.1,708,13
317,2025-11-26 14:07:50+05:30,1010.5,40,1001.62,7702706,412064.0,452959.0,986.2,1012.8,981.3,986.2,120480000,1084.8,887.6,1102.5,649.1,1010.5,181,7,1010.4,815,15,1010.3,598,7,1010.2,790,10,1010.1,1899,16,1010.7,1,1,1010.8,42,1,1010.9,215,2,1011.0,197,5,1011.1,708,13
317,2025-11-26 14:07:50+05:30,1010.7,1,1001.62,7702706,412064.0,452959.0,986.2,1012.8,981.3,986.2,120480000,1084.8,887.6,1102.5,649.1,1010.5,181,7,1010.4,815,15,1010.3,598,7,1010.2,790,10,1010.1,1899,16,1010.7,1,1,1010.8,42,1,1010.9,215,2,1011.0,197,5,1011.1,708,13
317,2025-11-26 14:07:51+05:30,1010.7,1,1001.62,7702707,411634.0,451877.0,986.2,1012.8,981.3,986.2,120480000,1084.8,887.6,1102.5,649.1,1010.8,1,1,1010.6,928,4,1010.5,185,5,1010.4,838,15,1010.3,703,9,1010.9,399,3,1011.0,187,4,1011.1,630,13,1011.2,773,10,1011.3,1659,13
317,2025-11-26 14:07:52+05:30,1010.9,1,1001.62,7702708,412161.0,452193.0,986.2,1012.8,981.3,986.2,120480000,1084.8,887.6,1102.5,649.1,1010.8,1,1,1010.6,938,5,1010.5,692,6,1010.4,838,15,1010.3,703,9,1010.9,398,3,1011.0,187,4,1011.1,630,13,1011.2,694,8,1011.3,935,12
317,2025-11-26 14:07:52+05:30,1010.6,4,1001.62,7702708,412161.0,452193.0,986.2,1012.8,981.3,986.2,120480000,1084.8,887.6,1102.5,649.1,1010.8,1,1,1010.6,938,5,1010.5,692,6,1010.4,838,15,1010.3,703,9,1010.9,398,3,1011.0,187,4,1011.1,630,13,1011.2,694,8,1011.3,935,12
317,2025-11-26 14:07:53+05:30,1010.9,5,1001.62,7702722,411039.0,452265.0,986.2,1012.8,981.3,986.2,120480000,1084.8,887.6,1102.5,649.1,1010.6,829,5,1010.5,276,5,1010.4,851,15,1010.3,653,8,1010.2,891,11,1010.9,342,3,1011.0,187,4,1011.1,621,14,1011.2,831,10,1011.3,1233,13
317,2025-11-26 14:07:53+05:30,1010.9,10,1001.62,7702722,411039.0,452265.0,986.2,1012.8,981.3,986.2,120480000,1084.8,887.6,1102.5,649.1,1010.6,829,5,1010.5,276,5,1010.4,851,15,1010.3,653,8,1010.2,891,11,1010.9,342,3,1011.0,187,4,1011.1,621,14,1011.2,831,10,1011.3,1233,13
317,2025-11-26 14:07:54+05:30,1010.9,10,1001.62,7702755,411530.0,452236.0,986.2,1012.8,981.3,986.2,120480000,1084.8,887.6,1102.5,649.1,1010.7,112,1,1010.6,841,6,1010.5,276,5,1010.4,1425,16,1010.3,653,8,1010.9,309,3,1011.0,187,4,1011.1,585,14,1011.2,802,9,1011.3,1233,13
317,2025-11-26 14:07:55+05:30,1010.9,2,1001.62,7702819,412141.0,452306.0,986.2,1012.8,981.3,986.2,120480000,1084.8,887.6,1102.5,649.1,1010.7,52,1,1010.6,841,6,1010.5,182,4,1010.4,851,15,1010.3,1265,10,1010.9,305,3,1011.0,170,3,1011.1,616,12,1011.2,852,13,1011.3,1233,13
317,2025-11-26 14:07:55+05:30,1010.9,12,1001.62,7702819,412141.0,452306.0,986.2,1012.8,981.3,986.2,120480000,1084.8,887.6,1102.5,649.1,1010.7,52,1,1010.6,841,6,1010.5,182,4,1010.4,851,15,1010.3,1265,10,1010.9,305,3,1011.0,170,3,1011.1,616,12,1011.2,852,13,1011.3,1233,13
317,2025-11-26 14:07:56+05:30,1010.9,32,1001.62,7703219,411998.0,452003.0,986.2,1012.8,981.3,986.2,120480000,1084.8,887.6,1102.5,649.1,1010.8,61,1,1010.7,61,1,1010.6,944,6,1010.5,512,8,1010.4,872,16,1010.9,868,1,1011.0,13,1,1011.1,204,4,1011.2,489,10,1011.3,1266,12
317,2025-11-26 14:07:56+05:30,1010.9,32,1001.62,7703219,411998.0,452003.0,986.2,1012.8,981.3,986.2,120480000,1084.8,887.6,1102.5,649.1,1010.8,61,1,1010.7,61,1,1010.6,944,6,1010.5,512,8,1010.4,872,16,1010.9,868,1,1011.0,13,1,1011.1,204,4,1011.2,489,10,1011.3,1266,12
317,2025-11-26 14:07:57+05:30,1010.9,32,1001.62,7703219,411866.0,452956.0,986.2,1012.8,981.3,986.2,120480000,1084.8,887.6,1102.5,649.1,1010.8,12,1,1010.7,73,3,1010.6,761,3,1010.5,392,6,1010.4,806,13,1010.9,1052,2,1011.0,110,3,1011.1,527,9,1011.2,802,11,1011.3,1269,13
317,2025-11-26 14:07:58+05:30,1010.9,5,1001.62,7703224,408869.0,452673.0,986.2,1012.8,981.3,986.2,120480000,1084.8,887.6,1102.5,649.1,1010.8,86,2,1010.7,12,2,1010.6,78,3,1010.5,1004,6,1010.4,730,12,1010.9,1047,2,1011.0,213,5,1011.1,435,7,1011.2,776,10,1011.3,1269,13
317,2025-11-26 14:07:58+05:30,1010.9,5,1001.62,7703224,408869.0,452673.0,986.2,1012.8,981.3,986.2,120480000,1084.8,887.6,1102.5,649.1,1010.8,86,2,1010.7,12,2,1010.6,78,3,1010.5,1004,6,1010.4,730,12,1010.9,1047,2,1011.0,213,5,1011.1,435,7,1011.2,776,10,1011.3,1269,13
317,2025-11-26 14:07:59+05:30,1010.8,74,1001.62,7703310,411321.0,453006.0,986.2,1012.8,981.3,986.2,120480000,1084.8,887.6,1102.5,649.1,1010.7,12,2,1010.6,15,2,1010.5,1004,6,1010.4,580,9,1010.3,660,7,1010.8,18,1,1010.9,863,1,1011.0,314,7,1011.1,505,8,1011.2,809,11
317,2025-11-26 14:07:59+05:30,1010.8,74,1001.62,7703310,411321.0,453006.0,986.2,1012.8,981.3,986.2,120480000,1084.8,887.6,1102.5,649.1,1010.7,12,2,1010.6,15,2,1010.5,1004,6,1010.4,580,9,1010.3,660,7,1010.8,18,1,1010.9,863,1,1011.0,314,7,1011.1,505,8,1011.2,809,11
317,2025-11-26 14:08:00+05:30,1010.8,1,1001.62,7703321,411284.0,453093.0,986.2,1012.8,981.3,986.2,120480000,1084.8,887.6,1102.5,649.1,1010.7,7,1,1010.6,14,3,1010.5,946,5,1010.4,544,8,1010.3,660,7,1010.8,16,2,1010.9,863,1,1011.0,319,8,1011.1,583,10,1011.2,746,9
317,2025-11-26 14:08:00+05:30,1010.8,5,1001.62,7703321,411284.0,453093.0,986.2,1012.8,981.3,986.2,120480000,1084.8,887.6,1102.5,649.1,1010.7,7,1,1010.6,14,3,1010.5,946,5,1010.4,544,8,1010.3,660,7,1010.8,16,2,1010.9,863,1,1011.0,319,8,1011.1,583,10,1011.2,746,9
317,2025-11-26 14:08:01+05:30,1010.8,1,1001.62,7703415,410981.0,452929.0,986.2,1012.8,981.3,986.2,120480000,1084.8,887.6,1102.5,649.1,1010.8,625,2,1010.7,7,1,1010.6,9,2,1010.5,1627,8,1010.4,577,10,1010.9,863,1,1011.0,264,5,1011.1,588,11,1011.2,827,11,1011.3,1312,14
317,2025-11-26 14:08:01+05:30,1010.8,1,1001.62,7703415,410981.0,452929.0,986.2,1012.8,981.3,986.2,120480000,1084.8,887.6,1102.5,649.1,1010.8,625,2,1010.7,7,1,1010.6,9,2,1010.5,1627,8,1010.4,577,10,1010.9,863,1,1011.0,264,5,1011.1,588,11,1011.2,827,11,1011.3,1312,14
317,2025-11-26 14:08:02+05:30,1010.9,624,1001.62,7704040,409947.0,451646.0,986.2,1012.8,981.3,986.2,120480000,1084.8,887.6,1102.5,649.1,1010.7,7,1,1010.6,9,2,1010.5,1152,7,1010.4,706,12,1010.3,710,8,1010.9,238,1,1011.0,106,3,1011.1,493,8,1011.2,770,11,1011.3,812,12
317,2025-11-26 14:08:02+05:30,1010.9,624,1001.62,7704040,409947.0,451646.0,986.2,1012.8,981.3,986.2,120480000,1084.8,887.6,1102.5,649.1,1010.7,7,1,1010.6,9,2,1010.5,1152,7,1010.4,706,12,1010.3,710,8,1010.9,238,1,1011.0,106,3,1011.1,493,8,1011.2,770,11,1011.3,812,12
317,2025-11-26 14:08:03+05:30,1010.9,22,1001.62,7704075,410190.0,451610.0,986.2,1012.8,981.3,986.2,120480000,1084.8,887.6,1102.5,649.1,1010.7,7,1,1010.6,67,3,1010.5,1258,9,1010.4,775,13,1010.3,710,8,1010.9,203,1,1011.0,178,4,1011.1,462,9,1011.2,744,9,1011.3,1170,15
317,2025-11-26 14:08:03+05:30,1010.9,22,1001.62,7704075,410190.0,451610.0,986.2,1012.8,981.3,986.2,120480000,1084.8,887.6,1102.5,649.1,1010.7,7,1,1010.6,67,3,1010.5,1258,9,1010.4,775,13,1010.3,710,8,1010.9,203,1,1011.0,178,4,1011.1,462,9,1011.2,744,9,1011.3,1170,15
317,2025-11-26 14:08:04+05:30,1010.9,22,1001.62,7704075,410190.0,451610.0,986.2,1012.8,981.3,986.2,120480000,1084.8,887.6,1102.5,649.1,1010.7,7,1,1010.6,67,3,1010.5,1258,9,1010.4,775,13,1010.3,710,8,1010.9,203,1,1011.0,178,4,1011.1,462,9,1011.2,744,9,1011.3,1170,15
317,2025-11-26 14:08:04+05:30,1010.6,30,1001.63,7704398,410029.0,451220.0,986.2,1012.8,981.3,986.2,120480000,1084.8,887.6,1102.5,649.1,1010.7,71,2,1010.6,92,3,1010.5,1201,8,1010.4,770,13,1010.3,710,8,1011.0,106,3,1011.1,403,8,1011.2,724,8,1011.3,1182,16,1011.4,1361,12
317,2025-11-26 14:08:04+05:30,1010.6,30,1001.63,7704398,410029.0,451220.0,986.2,1012.8,981.3,986.2,120480000,1084.8,887.6,1102.5,649.1,1010.7,71,2,1010.6,92,3,1010.5,1201,8,1010.4,770,13,1010.3,710,8,1011.0,106,3,1011.1,403,8,1011.2,724,8,1011.3,1182,16,1011.4,1361,12
317,2025-11-26 14:08:04+05:30,1010.6,30,1001.63,7704398,410029.0,451220.0,986.2,1012.8,981.3,986.2,120480000,1084.8,887.6,1102.5,649.1,1010.7,71,2,1010.6,92,3,1010.5,1201,8,1010.4,770,13,1010.3,710,8,1011.0,106,3,1011.1,403,8,1011.2,724,8,1011.3,1182,16,1011.4,1361,12
317,2025-11-26 14:08:05+05:30,1010.6,30,1001.63,7704398,410029.0,451220.0,986.2,1012.8,981.3,986.2,120480000,1084.8,887.6,1102.5,649.1,1010.7,71,2,1010.6,92,3,1010.5,1201,8,1010.4,770,13,1010.3,710,8,1011.0,106,3,1011.1,403,8,1011.2,724,8,1011.3,1182,16,1011.4,1361,12
317,2025-11-26 14:08:05+05:30,1011.0,2,1001.63,7704410,410029.0,451146.0,986.2,1012.8,981.3,986.2,120480000,1084.8,887.6,1102.5,649.1,1010.7,71,2,1010.6,92,3,1010.5,1201,8,1010.4,770,13,1010.3,710,8,1011.0,94,3,1011.1,922,10,1011.2,724,8,1011.3,1125,15,1011.4,837,12
317,2025-11-26 14:08:05+05:30,1011.0,2,1001.63,7704410,410029.0,451146.0,986.2,1012.8,981.3,986.2,120480000,1084.8,887.6,1102.5,649.1,1010.7,71,2,1010.6,92,3,1010.5,1201,8,1010.4,770,13,1010.3,710,8,1011.0,94,3,1011.1,922,10,1011.2,724,8,1011.3,1125,15,1011.4,837,12
317,2025-11-26 14:08:05+05:30,1011.0,2,1001.63,7704410,410029.0,451146.0,986.2,1012.8,981.3,986.2,120480000,1084.8,887.6,1102.5,649.1,1010.7,71,2,1010.6,92,3,1010.5,1201,8,1010.4,770,13,1010.3,710,8,1011.0,94,3,1011.1,922,10,1011.2,724,8,1011.3,1125,15,1011.4,837,12
317,2025-11-26 14:08:06+05:30,1011.0,2,1001.63,7704410,410029.0,451146.0,986.2,1012.8,981.3,986.2,120480000,1084.8,887.6,1102.5,649.1,1010.7,71,2,1010.6,92,3,1010.5,1201,8,1010.4,770,13,1010.3,710,8,1011.0,94,3,1011.1,922,10,1011.2,724,8,1011.3,1125,15,1011.4,837,12
317,2025-11-26 14:08:06+05:30,1010.5,2,1001.63,7705960,409281.0,451089.0,986.2,1012.8,981.3,986.2,120480000,1084.8,887.6,1102.5,649.1,1010.6,71,2,1010.5,622,5,1010.4,827,14,1010.3,642,7,1010.2,854,10,1011.0,255,6,1011.1,674,10,1011.2,1109,8,1011.3,1006,13,1011.4,636,10
317,2025-11-26 14:08:06+05:30,1011.0,10,1001.63,7705960,409281.0,451089.0,986.2,1012.8,981.3,986.2,120480000,1084.8,887.6,1102.5,649.1,1010.6,71,2,1010.5,622,5,1010.4,827,14,1010.3,642,7,1010.2,854,10,1011.0,255,6,1011.1,674,10,1011.2,1109,8,1011.3,1006,13,1011.4,636,10
317,2025-11-26 14:08:06+05:30,1011.0,10,1001.63,7705960,409281.0,451089.0,986.2,1012.8,981.3,986.2,120480000,1084.8,887.6,1102.5,649.1,1010.6,71,2,1010.5,622,5,1010.4,827,14,1010.3,642,7,1010.2,854,10,1011.0,255,6,1011.1,674,10,1011.2,1109,8,1011.3,1006,13,1011.4,636,10
317,2025-11-26 14:08:07+05:30,1011.0,10,1001.63,7705960,409281.0,451089.0,986.2,1012.8,981.3,986.2,120480000,1084.8,887.6,1102.5,649.1,1010.6,71,2,1010.5,622,5,1010.4,827,14,1010.3,642,7,1010.2,854,10,1011.0,255,6,1011.1,674,10,1011.2,1109,8,1011.3,1006,13,1011.4,636,10
317,2025-11-26 14:08:07+05:30,1011.0,10,1001.63,7705970,410481.0,451252.0,986.2,1012.8,981.3,986.2,120480000,1084.8,887.6,1102.5,649.1,1010.6,84,3,1010.5,879,7,1010.4,1463,13,1010.3,826,10,1010.2,901,13,1011.0,257,6,1011.1,733,11,1011.2,1240,11,1011.3,1006,13,1011.4,636,10
317,2025-11-26 14:08:07+05:30,1011.0,10,1001.63,7705970,410481.0,451252.0,986.2,1012.8,981.3,986.2,120480000,1084.8,887.6,1102.5,649.1,1010.6,84,3,1010.5,879,7,1010.4,1463,13,1010.3,826,10,1010.2,901,13,1011.0,257,6,1011.1,733,11,1011.2,1240,11,1011.3,1006,13,1011.4,636,10
317,2025-11-26 14:08:08+05:30,1011.0,10,1001.63,7705970,410481.0,451252.0,986.2,1012.8,981.3,986.2,120508500,1084.8,887.6,1102.5,649.1,1010.6,84,3,1010.5,879,7,1010.4,1463,13,1010.3,826,10,1010.2,901,13,1011.0,257,6,1011.1,733,11,1011.2,1240,11,1011.3,1006,13,1011.4,636,10
317,2025-11-26 14:08:08+05:30,1010.6,10,1001.63,7705980,410376.0,451224.0,986.2,1012.8,981.3,986.2,120508500,1084.8,887.6,1102.5,649.1,1010.6,84,4,1010.5,786,6,1010.4,1463,13,1010.3,853,11,1010.2,818,12,1011.0,257,6,1011.1,790,12,1011.2,1183,10,1011.3,1006,13,1011.4,636,10
317,2025-11-26 14:08:08+05:30,1010.6,10,1001.63,7705980,410376.0,451224.0,986.2,1012.8,981.3,986.2,120508500,1084.8,887.6,1102.5,649.1,1010.6,84,4,1010.5,786,6,1010.4,1463,13,1010.3,853,11,1010.2,818,12,1011.0,257,6,1011.1,790,12,1011.2,1183,10,1011.3,1006,13,1011.4,636,10
317,2025-11-26 14:08:08+05:30,1010.6,10,1001.63,7705980,410376.0,451224.0,986.2,1012.8,981.3,986.2,120508500,1084.8,887.6,1102.5,649.1,1010.6,84,4,1010.5,786,6,1010.4,1463,13,1010.3,853,11,1010.2,818,12,1011.0,257,6,1011.1,790,12,1011.2,1183,10,1011.3,1006,13,1011.4,636,10
317,2025-11-26 14:08:08+05:30,1010.6,10,1001.63,7705980,410376.0,451224.0,986.2,1012.8,981.3,986.2,120508500,1084.8,887.6,1102.5,649.1,1010.6,84,4,1010.5,786,6,1010.4,1463,13,1010.3,853,11,1010.2,818,12,1011.0,257,6,1011.1,790,12,1011.2,1183,10,1011.3,1006,13,1011.4,636,10
317,2025-11-26 14:08:09+05:30,1010.6,10,1001.63,7705980,410376.0,451224.0,986.2,1012.8,981.3,986.2,120508500,1084.8,887.6,1102.5,649.1,1010.6,84,4,1010.5,786,6,1010.4,1463,13,1010.3,853,11,1010.2,818,12,1011.0,257,6,1011.1,790,12,1011.2,1183,10,1011.3,1006,13,1011.4,636,10
317,2025-11-26 14:08:09+05:30,1010.6,10,1001.63,7705980,409664.0,451545.0,986.2,1012.8,981.3,986.2,120508500,1084.8,887.6,1102.5,649.1,1010.6,84,4,1010.5,119,4,1010.4,1577,15,1010.3,674,8,1010.2,818,12,1010.8,56,1,1011.0,257,6,1011.1,840,12,1011.2,1240,11,1011.3,1006,13
317,2025-11-26 14:08:10+05:30,1010.8,1,1001.63,7705981,409705.0,451598.0,986.2,1012.8,981.3,986.2,120508500,1084.8,887.6,1102.5,649.1,1010.6,84,4,1010.5,119,4,1010.4,1577,15,1010.3,674,8,1010.2,818,12,1010.8,55,1,1010.9,20,1,1011.0,771,6,1011.1,840,12,1011.2,760,10
317,2025-11-26 14:08:10+05:30,1010.8,1,1001.63,7705981,409705.0,451598.0,986.2,1012.8,981.3,986.2,120508500,1084.8,887.6,1102.5,649.1,1010.6,84,4,1010.5,119,4,1010.4,1577,15,1010.3,674,8,1010.2,818,12,1010.8,55,1,1010.9,20,1,1011.0,771,6,1011.1,840,12,1011.2,760,10
317,2025-11-26 14:08:11+05:30,1010.8,200,1001.63,7706183,410312.0,451640.0,986.2,1012.8,981.3,986.2,120508500,1084.8,887.6,1102.5,649.1,1010.6,84,4,1010.5,119,4,1010.4,1463,13,1010.3,878,10,1010.2,1335,13,1010.8,56,1,1010.9,85,2,1011.0,873,7,1011.1,783,11,1011.2,760,10
317,2025-11-26 14:08:11+05:30,1010.8,200,1001.63,7706183,410312.0,451640.0,986.2,1012.8,981.3,986.2,120508500,1084.8,887.6,1102.5,649.1,1010.6,84,4,1010.5,119,4,1010.4,1463,13,1010.3,878,10,1010.2,1335,13,1010.8,56,1,1010.9,85,2,1011.0,873,7,1011.1,783,11,1011.2,760,10
317,2025-11-26 14:08:12+05:30,1010.8,200,1001.63,7706183,409795.0,451667.0,986.2,1012.8,981.3,986.2,120508500,1084.8,887.6,1102.5,649.1,1010.6,84,4,1010.5,119,4,1010.4,1463,13,1010.3,878,10,1010.2,818,12,1010.8,56,1,1010.9,85,2,1011.0,900,8,1011.1,783,11,1011.2,760,10
317,2025-11-26 14:08:13+05:30,1010.6,5,1001.63,7706183,409795.0,451667.0,986.2,1012.8,981.3,986.2,120508500,1084.8,887.6,1102.5,649.1,1010.6,84,4,1010.5,119,4,1010.4,1463,13,1010.3,878,10,1010.2,818,12,1010.8,56,1,1010.9,85,2,1011.0,900,8,1011.1,783,11,1011.2,760,10
317,2025-11-26 14:08:13+05:30,1010.6,5,1001.63,7706296,409767.0,451196.0,986.2,1012.8,981.3,986.2,120508500,1084.8,887.6,1102.5,649.1,1010.6,15,2,1010.5,119,4,1010.4,1405,12,1010.3,912,10,1010.2,818,12,1010.8,30,2,1010.9,88,2,1011.0,888,7,1011.1,579,10,1011.2,701,10
317,2025-11-26 14:08:14+05:30,1010.8,2,1001.63,7706296,409767.0,451196.0,986.2,1012.8,981.3,986.2,120508500,1084.8,887.6,1102.5,649.1,1010.6,15,2,1010.5,119,4,1010.4,1405,12,1010.3,912,10,1010.2,818,12,1010.8,30,2,1010.9,88,2,1011.0,888,7,1011.1,579,10,1011.2,701,10
317,2025-11-26 14:08:14+05:30,1010.8,2,1001.63,7706612,410722.0,451310.0,986.2,1012.8,981.3,986.2,120508500,1084.8,887.6,1102.5,649.1,1010.6,214,2,1010.5,290,7,1010.4,1434,14,1010.3,773,9,1010.2,1235,12,1010.8,6,1,1010.9,20,1,1011.0,137,3,1011.1,1052,10,1011.2,700,9
317,2025-11-26 14:08:15+05:30,1010.8,58,1001.63,7706612,410722.0,451310.0,986.2,1012.8,981.3,986.2,120508500,1084.8,887.6,1102.5,649.1,1010.6,214,2,1010.5,290,7,1010.4,1434,14,1010.3,773,9,1010.2,1235,12,1010.8,6,1,1010.9,20,1,1011.0,137,3,1011.1,1052,10,1011.2,700,9
317,2025-11-26 14:08:15+05:30,1010.8,58,1001.63,7706672,410712.0,451269.0,986.2,1012.8,981.3,986.2,120508500,1084.8,887.6,1102.5,649.1,1010.6,112,1,1010.5,249,6,1010.4,1471,14,1010.3,772,9,1010.2,1235,12,1010.8,8,1,1010.9,20,1,1011.0,202,4,1011.1,1117,11,1011.2,723,10
317,2025-11-26 14:08:16+05:30,1010.6,82,1001.63,7706672,410712.0,451269.0,986.2,1012.8,981.3,986.2,120508500,1084.8,887.6,1102.5,649.1,1010.6,112,1,1010.5,249,6,1010.4,1471,14,1010.3,772,9,1010.2,1235,12,1010.8,8,1,1010.9,20,1,1011.0,202,4,1011.1,1117,11,1011.2,723,10
317,2025-11-26 14:08:16+05:30,1010.6,82,1001.63,7706766,410724.0,450829.0,986.2,1012.8,981.3,986.2,120508500,1084.8,887.6,1102.5,649.1,1010.6,30,1,1010.5,677,6,1010.4,1639,16,1010.3,772,9,1010.2,717,11,1010.9,92,3,1011.0,429,7,1011.1,1219,12,1011.2,635,8,1011.3,1066,13
317,2025-11-26 14:08:17+05:30,1010.6,82,1001.63,7706766,410461.0,451472.0,986.2,1012.8,981.3,986.2,120508500,1084.8,887.6,1102.5,649.1,1010.6,30,1,1010.5,119,4,1010.4,1346,12,1010.3,639,8,1010.2,1433,14,1010.9,345,8,1011.0,1000,14,1011.1,541,8,1011.2,635,8,1011.3,922,12
317,2025-11-26 14:08:18+05:30,1010.9,10,1001.63,7706766,410461.0,451472.0,986.2,1012.8,981.3,986.2,120508500,1084.8,887.6,1102.5,649.1,1010.6,30,1,1010.5,119,4,1010.4,1346,12,1010.3,639,8,1010.2,1433,14,1010.9,345,8,1011.0,1000,14,1011.1,541,8,1011.2,635,8,1011.3,922,12
317,2025-11-26 14:08:18+05:30,1010.9,10,1001.63,7706776,410600.0,451459.0,986.2,1012.8,981.3,986.2,120508500,1084.8,887.6,1102.5,649.1,1010.6,30,1,1010.5,119,4,1010.4,1346,12,1010.3,639,8,1010.2,1572,15,1010.9,336,9,1011.0,1000,14,1011.1,541,8,1011.2,635,8,1011.3,922,12
317,2025-11-26 14:08:19+05:30,1010.7,1,1001.63,7706776,410600.0,451459.0,986.2,1012.8,981.3,986.2,120508500,1084.8,887.6,1102.5,649.1,1010.6,30,1,1010.5,119,4,1010.4,1346,12,1010.3,639,8,1010.2,1572,15,1010.9,336,9,1011.0,1000,14,1011.1,541,8,1011.2,635,8,1011.3,922,12
317,2025-11-26 14:08:19+05:30,1010.7,1,1001.63,7706777,411090.0,452087.0,986.2,1012.8,981.3,986.2,120508500,1084.8,887.6,1102.5,649.1,1010.6,30,1,1010.5,173,5,1010.4,1346,12,1010.3,672,8,1010.2,1476,14,1010.7,15,1,1010.9,823,8,1011.0,858,12,1011.1,610,11,1011.2,1044,11
317,2025-11-26 14:08:20+05:30,1010.7,1,1001.63,7706777,411090.0,452087.0,986.2,1012.8,981.3,986.2,120508500,1084.8,887.6,1102.5,649.1,1010.6,30,1,1010.5,173,5,1010.4,1346,12,1010.3,672,8,1010.2,1476,14,1010.7,15,1,1010.9,823,8,1011.0,858,12,1011.1,610,11,1011.2,1044,11
317,2025-11-26 14:08:20+05:30,1010.7,1,1001.63,7706789,410804.0,453008.0,986.2,1012.8,981.3,986.2,120508500,1084.8,887.6,1102.5,649.1,1010.6,30,1,1010.5,58,3,1010.4,1306,12,1010.3,639,8,1010.2,1476,14,1010.7,44,2,1010.8,54,2,1010.9,205,5,1011.0,718,8,1011.1,1344,16
317,2025-11-26 14:08:21+05:30,1010.7,1,1001.63,7706789,410804.0,453008.0,986.2,1012.8,981.3,986.2,120508500,1084.8,887.6,1102.5,649.1,1010.6,30,1,1010.5,58,3,1010.4,1306,12,1010.3,639,8,1010.2,1476,14,1010.7,44,2,1010.8,54,2,1010.9,205,5,1011.0,718,8,1011.1,1344,16
317,2025-11-26 14:08:22+05:30,1010.7,1,1001.63,7706789,410535.0,452982.0,986.2,1012.8,981.3,986.2,120508500,1084.8,887.6,1102.5,649.1,1010.6,30,1,1010.5,58,3,1010.4,1306,12,1010.3,639,8,1010.2,902,13,1010.7,44,2,1010.8,54,2,1010.9,205,5,1011.0,718,8,1011.1,1344,16
317,2025-11-26 14:08:23+05:30,1010.7,4,1001.63,7706797,411008.0,452990.0,986.2,1012.8,981.3,986.2,120508500,1084.8,887.6,1102.5,649.1,1010.6,30,1,1010.5,58,3,1010.4,1306,12,1010.3,1112,9,1010.2,902,13,1010.7,52,2,1010.8,54,2,1010.9,205,5,1011.0,718,8,1011.1,1344,16
317,2025-11-26 14:08:23+05:30,1010.7,14,1001.63,7706797,411008.0,452990.0,986.2,1012.8,981.3,986.2,120508500,1084.8,887.6,1102.5,649.1,1010.6,30,1,1010.5,58,3,1010.4,1306,12,1010.3,1112,9,1010.2,902,13,1010.7,52,2,1010.8,54,2,1010.9,205,5,1011.0,718,8,1011.1,1344,16
317,2025-11-26 14:08:24+05:30,1010.7,37,1001.63,7707095,411620.0,451661.0,986.2,1012.8,981.3,986.2,120508500,1084.8,887.6,1102.5,649.1,1010.7,23,1,1010.5,1073,9,1010.4,1450,13,1010.3,768,9,1010.2,1002,13,1010.8,54,2,1010.9,26,3,1011.0,84,2,1011.1,858,7,1011.2,632,7
317,2025-11-26 14:08:24+05:30,1010.7,37,1001.63,7707095,411620.0,451661.0,986.2,1012.8,981.3,986.2,120508500,1084.8,887.6,1102.5,649.1,1010.7,23,1,1010.5,1073,9,1010.4,1450,13,1010.3,768,9,1010.2,1002,13,1010.8,54,2,1010.9,26,3,1011.0,84,2,1011.1,858,7,1011.2,632,7
317,2025-11-26 14:08:25+05:30,1010.7,37,1001.63,7707095,412365.0,451819.0,986.2,1012.8,981.3,986.2,120508500,1084.8,887.6,1102.5,649.1,1010.7,23,1,1010.6,10,1,1010.5,1823,10,1010.4,793,14,1010.3,741,8,1010.8,54,2,1010.9,26,3,1011.0,84,2,1011.1,936,8,1011.2,632,7
317,2025-11-26 14:08:25+05:30,1010.8,11,1001.63,7707095,412365.0,451819.0,986.2,1012.8,981.3,986.2,120508500,1084.8,887.6,1102.5,649.1,1010.7,23,1,1010.6,10,1,1010.5,1823,10,1010.4,793,14,1010.3,741,8,1010.8,54,2,1010.9,26,3,1011.0,84,2,1011.1,936,8,1011.2,632,7
317,2025-11-26 14:08:26+05:30,1010.8,2,1001.63,7707124,411557.0,451598.0,986.2,1012.8,981.3,986.2,120508500,1084.8,887.6,1102.5,649.1,1010.7,23,1,1010.6,10,1,1010.5,1724,9,1010.4,892,15,1010.3,741,8,1010.8,68,2,1010.9,26,3,1011.0,84,2,1011.1,999,9,1011.2,634,8
317,2025-11-26 14:08:26+05:30,1010.8,2,1001.63,7707124,411557.0,451598.0,986.2,1012.8,981.3,986.2,120508500,1084.8,887.6,1102.5,649.1,1010.7,23,1,1010.6,10,1,1010.5,1724,9,1010.4,892,15,1010.3,741,8,1010.8,68,2,1010.9,26,3,1011.0,84,2,1011.1,999,9,1011.2,634,8
317,2025-11-26 14:08:27+05:30,1010.7,5,1001.63,7707139,413281.0,451561.0,986.2,1012.8,981.3,986.2,120508500,1084.8,887.6,1102.5,649.1,1010.7,18,1,1010.6,10,1,1010.5,1724,9,1010.4,892,15,1010.3,741,8,1010.8,58,2,1010.9,26,3,1011.0,84,2,1011.1,999,9,1011.2,634,8
317,2025-11-26 14:08:27+05:30,1010.7,5,1001.63,7707139,413281.0,451561.0,986.2,1012.8,981.3,986.2,120508500,1084.8,887.6,1102.5,649.1,1010.7,18,1,1010.6,10,1,1010.5,1724,9,1010.4,892,15,1010.3,741,8,1010.8,58,2,1010.9,26,3,1011.0,84,2,1011.1,999,9,1011.2,634,8
317,2025-11-26 14:08:28+05:30,1010.7,5,1001.63,7707139,413281.0,451582.0,986.2,1012.8,981.3,986.2,120508500,1084.8,887.6,1102.5,649.1,1010.7,18,1,1010.6,10,1,1010.5,1724,9,1010.4,892,15,1010.3,741,8,1010.8,58,2,1010.9,26,3,1011.0,84,2,1011.1,999,9,1011.2,655,9
317,2025-11-26 14:08:28+05:30,1010.7,5,1001.63,7707139,413281.0,451582.0,986.2,1012.8,981.3,986.2,120508500,1084.8,887.6,1102.5,649.1,1010.7,18,1,1010.6,10,1,1010.5,1724,9,1010.4,892,15,1010.3,741,8,1010.8,58,2,1010.9,26,3,1011.0,84,2,1011.1,999,9,1011.2,655,9
317,2025-11-26 14:08:28+05:30,1010.8,10,1001.63,7707227,413286.0,451732.0,986.2,1012.8,981.3,986.2,120508500,1084.8,887.6,1102.5,649.1,1010.7,23,1,1010.6,10,1,1010.5,1724,9,1010.4,793,14,1010.3,840,9,1010.8,48,2,1010.9,26,3,1011.0,84,2,1011.1,458,7,1011.2,1132,11
317,2025-11-26 14:08:29+05:30,1010.7,1,1001.63,7707227,413286.0,451732.0,986.2,1012.8,981.3,986.2,120508500,1084.8,887.6,1102.5,649.1,1010.7,23,1,1010.6,10,1,1010.5,1724,9,1010.4,793,14,1010.3,840,9,1010.8,48,2,1010.9,26,3,1011.0,84,2,1011.1,458,7,1011.2,1132,11
317,2025-11-26 14:08:30+05:30,1011.0,77,1001.63,7708032,416943.0,450099.0,986.2,1012.8,981.3,986.2,120508500,1084.8,887.6,1102.5,649.1,1011.0,96,1,1010.8,314,3,1010.7,469,6,1010.6,1364,8,1010.5,1345,13,1011.1,44,1,1011.2,195,6,1011.3,1178,10,1011.4,549,9,1011.5,671,10
317,2025-11-26 14:08:30+05:30,1011.1,11,1001.63,7708032,416943.0,450099.0,986.2,1012.8,981.3,986.2,120508500,1084.8,887.6,1102.5,649.1,1011.0,96,1,1010.8,314,3,1010.7,469,6,1010.6,1364,8,1010.5,1345,13,1011.1,44,1,1011.2,195,6,1011.3,1178,10,1011.4,549,9,1011.5,671,10
317,2025-11-26 14:08:31+05:30,1011.1,1,1001.63,7708184,414199.0,450687.0,986.2,1012.8,981.3,986.2,120508500,1084.8,887.6,1102.5,649.1,1010.8,84,2,1010.7,81,3,1010.6,1168,6,1010.5,626,10,1010.4,919,15,1011.1,259,3,1011.2,416,12,1011.3,1252,11,1011.4,1089,13,1011.5,807,10
317,2025-11-26 14:08:31+05:30,1011.1,10,1001.63,7708184,414199.0,450687.0,986.2,1012.8,981.3,986.2,120508500,1084.8,887.6,1102.5,649.1,1010.8,84,2,1010.7,81,3,1010.6,1168,6,1010.5,626,10,1010.4,919,15,1011.1,259,3,1011.2,416,12,1011.3,1252,11,1011.4,1089,13,1011.5,807,10
317,2025-11-26 14:08:32+05:30,1010.8,5,1001.63,7708199,414948.0,450346.0,986.2,1012.8,981.3,986.2,120508500,1084.8,887.6,1102.5,649.1,1010.8,79,2,1010.7,888,6,1010.6,1297,7,1010.5,626,10,1010.4,919,15,1011.1,41,2,1011.2,333,11,1011.3,781,11,1011.4,758,12,1011.5,1543,11
317,2025-11-26 14:08:32+05:30,1010.8,5,1001.63,7708199,414948.0,450346.0,986.2,1012.8,981.3,986.2,120508500,1084.8,887.6,1102.5,649.1,1010.8,79,2,1010.7,888,6,1010.6,1297,7,1010.5,626,10,1010.4,919,15,1011.1,41,2,1011.2,333,11,1011.3,781,11,1011.4,758,12,1011.5,1543,11
317,2025-11-26 14:08:32+05:30,1011.2,4,1001.63,7708581,415270.0,450247.0,986.2,1012.8,981.3,986.2,120508500,1084.8,887.6,1102.5,649.1,1011.1,5,3,1010.9,207,2,1010.8,441,5,1010.7,1903,9,1010.6,812,13,1011.2,3,1,1011.3,1,1,1011.4,217,3,1011.5,1376,11,1011.6,1171,18
317,2025-11-26 14:08:33+05:30,1011.4,10,1001.63,7708581,415270.0,450247.0,986.2,1012.8,981.3,986.2,120508500,1084.8,887.6,1102.5,649.1,1011.1,5,3,1010.9,207,2,1010.8,441,5,1010.7,1903,9,1010.6,812,13,1011.2,3,1,1011.3,1,1,1011.4,217,3,1011.5,1376,11,1011.6,1171,18
317,2025-11-26 14:08:33+05:30,1011.2,91,1001.63,7709241,414534.0,451152.0,986.2,1012.8,981.3,986.2,120508500,1084.8,887.6,1102.5,649.1,1011.2,27,1,1010.9,202,1,1010.8,896,5,1010.7,1169,7,1010.6,706,10,1011.3,89,1,1011.4,436,8,1011.5,850,11,1011.6,1139,15,1011.7,1252,16
317,2025-11-26 14:08:34+05:30,1011.4,43,1001.63,7709241,414534.0,451152.0,986.2,1012.8,981.3,986.2,120508500,1084.8,887.6,1102.5,649.1,1011.2,27,1,1010.9,202,1,1010.8,896,5,1010.7,1169,7,1010.6,706,10,1011.3,89,1,1011.4,436,8,1011.5,850,11,1011.6,1139,15,1011.7,1252,16
317,2025-11-26 14:08:34+05:30,1011.0,51,1001.63,7710296,415142.0,448281.0,986.2,1012.8,981.3,986.2,120508500,1084.8,887.6,1102.5,649.1,1011.0,629,2,1010.9,637,5,1010.8,1153,7,1010.7,629,9,1010.6,814,9,1011.4,48,2,1011.5,202,2,1011.6,665,12,1011.7,1497,11,1011.8,820,9
317,2025-11-26 14:08:35+05:30,1011.4,29,1001.63,7710296,415142.0,448281.0,986.2,1012.8,981.3,986.2,120508500,1084.8,887.6,1102.5,649.1,1011.0,629,2,1010.9,637,5,1010.8,1153,7,1010.7,629,9,1010.6,814,9,1011.4,48,2,1011.5,202,2,1011.6,665,12,1011.7,1497,11,1011.8,820,9
317,2025-11-26 14:08:36+05:30,1011.5,10,1001.63,7710496,415772.0,449369.0,986.2,1012.8,981.3,986.2,120508500,1084.8,887.6,1102.5,649.1,1011.3,1,1,1011.0,450,5,1010.9,453,3,1010.8,1682,8,1010.7,719,10,1011.5,381,4,1011.6,775,13,1011.7,1087,15,1011.8,1496,15,1011.9,2003,13
317,2025-11-26 14:08:36+05:30,1011.5,10,1001.63,7710496,415772.0,449369.0,986.2,1012.8,981.3,986.2,120508500,1084.8,887.6,1102.5,649.1,1011.3,1,1,1011.0,450,5,1010.9,453,3,1010.8,1682,8,1010.7,719,10,1011.5,381,4,1011.6,775,13,1011.7,1087,15,1011.8,1496,15,1011.9,2003,13
317,2025-11-26 14:08:36+05:30,1011.0,8,1001.63,7711398,414647.0,449967.0,986.2,1012.8,981.3,986.2,120508500,1084.8,887.6,1102.5,649.1,1011.0,87,1,1010.9,287,3,1010.8,844,5,1010.7,1344,13,1010.6,757,11,1011.4,51,1,1011.5,856,9,1011.6,1190,17,1011.7,1185,16,1011.8,1413,15
317,2025-11-26 14:08:37+05:30,1011.5,1,1001.63,7711398,414647.0,449967.0,986.2,1012.8,981.3,986.2,120508500,1084.8,887.6,1102.5,649.1,1011.0,87,1,1010.9,287,3,1010.8,844,5,1010.7,1344,13,1010.6,757,11,1011.4,51,1,1011.5,856,9,1011.6,1190,17,1011.7,1185,16,1011.8,1413,15
317,2025-11-26 14:08:38+05:30,1011.5,1,1001.63,7711656,415107.0,449319.0,986.2,1012.8,981.3,986.2,120508500,1084.8,887.6,1102.5,649.1,1011.2,10,1,1011.1,10,1,1011.0,338,3,1010.9,436,4,1010.8,1970,10,1011.5,94,4,1011.6,1265,15,1011.7,1191,15,1011.8,1031,15,1011.9,2155,15
317,2025-11-26 14:08:38+05:30,1011.2,5,1001.63,7711656,415107.0,449319.0,986.2,1012.8,981.3,986.2,120508500,1084.8,887.6,1102.5,649.1,1011.2,10,1,1011.1,10,1,1011.0,338,3,1010.9,436,4,1010.8,1970,10,1011.5,94,4,1011.6,1265,15,1011.7,1191,15,1011.8,1031,15,1011.9,2155,15
317,2025-11-26 14:08:39+05:30,1011.3,128,1001.63,7712443,416421.0,450855.0,986.2,1012.8,981.3,986.2,120508500,1084.8,887.6,1102.5,649.1,1011.1,10,1,1011.0,10,1,1010.9,221,2,1010.8,1117,7,1010.7,1447,13,1011.3,91,1,1011.4,793,5,1011.5,604,8,1011.6,1539,21,1011.7,760,12
317,2025-11-26 14:08:39+05:30,1011.3,109,1001.63,7712443,416421.0,450855.0,986.2,1012.8,981.3,986.2,120508500,1084.8,887.6,1102.5,649.1,1011.1,10,1,1011.0,10,1,1010.9,221,2,1010.8,1117,7,1010.7,1447,13,1011.3,91,1,1011.4,793,5,1011.5,604,8,1011.6,1539,21,1011.7,760,12
317,2025-11-26 14:08:40+05:30,1011.3,109,1001.63,7712552,416052.0,450943.0,986.2,1012.8,981.3,986.2,120508500,1084.8,887.6,1102.5,649.1,1011.1,16,2,1011.0,100,2,1010.9,420,4,1010.8,1027,6,1010.7,1447,13,1011.3,91,1,1011.4,265,5,1011.5,1266,12,1011.6,1053,17,1011.7,1058,13
317,2025-11-26 14:08:40+05:30,1011.3,1,1001.63,7712552,416052.0,450943.0,986.2,1012.8,981.3,986.2,120508500,1084.8,887.6,1102.5,649.1,1011.1,16,2,1011.0,100,2,1010.9,420,4,1010.8,1027,6,1010.7,1447,13,1011.3,91,1,1011.4,265,5,1011.5,1266,12,1011.6,1053,17,1011.7,1058,13
317,2025-11-26 14:08:41+05:30,1011.3,19,1001.64,7712886,414659.0,451099.0,986.2,1012.8,981.3,986.2,120508500,1084.8,887.6,1102.5,649.1,1010.9,120,2,1010.8,892,5,1010.7,1315,11,1010.6,688,8,1010.5,1075,14,1011.3,191,3,1011.4,692,8,1011.5,1392,15,1011.6,1079,19,1011.7,1339,12
317,2025-11-26 14:08:41+05:30,1011.3,10,1001.64,7712886,414659.0,451099.0,986.2,1012.8,981.3,986.2,120508500,1084.8,887.6,1102.5,649.1,1010.9,120,2,1010.8,892,5,1010.7,1315,11,1010.6,688,8,1010.5,1075,14,1011.3,191,3,1011.4,692,8,1011.5,1392,15,1011.6,1079,19,1011.7,1339,12
317,2025-11-26 14:08:42+05:30,1011.3,93,1001.64,7713079,415480.0,449636.0,986.2,1012.8,981.3,986.2,120508500,1084.8,887.6,1102.5,649.1,1010.9,264,3,1010.8,951,8,1010.7,1378,12,1010.6,717,9,1010.5,931,13,1011.3,91,1,1011.4,193,3,1011.5,1029,8,1011.6,1139,17,1011.7,745,11
317,2025-11-26 14:08:42+05:30,1011.3,127,1001.64,7713079,415480.0,449636.0,986.2,1012.8,981.3,986.2,120508500,1084.8,887.6,1102.5,649.1,1010.9,264,3,1010.8,951,8,1010.7,1378,12,1010.6,717,9,1010.5,931,13,1011.3,91,1,1011.4,193,3,1011.5,1029,8,1011.6,1139,17,1011.7,745,11
317,2025-11-26 14:08:43+05:30,1011.3,5,1001.64,7713215,415907.0,451877.0,986.2,1012.8,981.3,986.2,120508500,1084.8,887.6,1102.5,649.1,1010.9,238,2,1010.8,447,7,1010.7,1378,12,1010.6,1235,9,1010.5,931,13,1011.0,8,1,1011.2,74,1,1011.3,289,3,1011.4,711,8,1011.5,1706,14
317,2025-11-26 14:08:43+05:30,1011.3,41,1001.64,7713215,415907.0,451877.0,986.2,1012.8,981.3,986.2,120508500,1084.8,887.6,1102.5,649.1,1010.9,238,2,1010.8,447,7,1010.7,1378,12,1010.6,1235,9,1010.5,931,13,1011.0,8,1,1011.2,74,1,1011.3,289,3,1011.4,711,8,1011.5,1706,14
317,2025-11-26 14:08:44+05:30,1011.4,3,1001.64,7714689,415497.0,449719.0,986.2,1012.8,981.3,986.2,120508500,1084.8,887.6,1102.5,649.1,1010.9,1038,9,1010.8,505,8,1010.7,581,8,1010.6,683,11,1010.5,1079,14,1011.4,5,1,1011.5,666,5,1011.6,802,15,1011.7,628,9,1011.8,1378,17
317,2025-11-26 14:08:44+05:30,1011.4,3,1001.64,7714689,415497.0,449719.0,986.2,1012.8,981.3,986.2,120508500,1084.8,887.6,1102.5,649.1,1010.9,1038,9,1010.8,505,8,1010.7,581,8,1010.6,683,11,1010.5,1079,14,1011.4,5,1,1011.5,666,5,1011.6,802,15,1011.7,628,9,1011.8,1378,17
317,2025-11-26 14:08:45+05:30,1011.4,8,1001.64,7714949,416239.0,449973.0,986.2,1012.8,981.3,986.2,120508500,1084.8,887.6,1102.5,649.1,1010.9,777,5,1010.8,1339,10,1010.7,650,8,1010.6,698,12,1010.5,1079,14,1011.4,99,3,1011.5,1217,12,1011.6,1056,16,1011.7,672,8,1011.8,1378,17
317,2025-11-26 14:08:45+05:30,1011.4,8,1001.64,7714949,416239.0,449973.0,986.2,1012.8,981.3,986.2,120508500,1084.8,887.6,1102.5,649.1,1010.9,777,5,1010.8,1339,10,1010.7,650,8,1010.6,698,12,1010.5,1079,14,1011.4,99,3,1011.5,1217,12,1011.6,1056,16,1011.7,672,8,1011.8,1378,17
317,2025-11-26 14:08:46+05:30,1011.6,104,1001.64,7715842,418185.0,446526.0,986.2,1012.8,981.3,986.2,120508500,1084.8,887.6,1102.5,649.1,1011.5,2,1,1011.4,1,1,1011.2,398,3,1011.1,815,4,1011.0,1246,7,1011.8,977,10,1011.9,1520,13,1012.0,3153,27,1012.1,1091,15,1012.2,1806,13
317,2025-11-26 14:08:46+05:30,1011.4,35,1001.64,7715842,418185.0,446526.0,986.2,1012.8,981.3,986.2,120508500,1084.8,887.6,1102.5,649.1,1011.5,2,1,1011.4,1,1,1011.2,398,3,1011.1,815,4,1011.0,1246,7,1011.8,977,10,1011.9,1520,13,1012.0,3153,27,1012.1,1091,15,1012.2,1806,13
317,2025-11-26 14:08:47+05:30,1011.5,28,1001.64,7718082,416128.0,449575.0,986.2,1012.8,981.3,986.2,120508500,1084.8,887.6,1102.5,649.1,1011.0,204,3,1010.9,873,6,1010.8,991,5,1010.7,876,11,1010.6,690,8,1011.5,736,4,1011.6,729,11,1011.7,1547,15,1011.8,1024,16,1011.9,2341,17
317,2025-11-26 14:08:47+05:30,1011.5,98,1001.64,7718082,416128.0,449575.0,986.2,1012.8,981.3,986.2,120508500,1084.8,887.6,1102.5,649.1,1011.0,204,3,1010.9,873,6,1010.8,991,5,1010.7,876,11,1010.6,690,8,1011.5,736,4,1011.6,729,11,1011.7,1547,15,1011.8,1024,16,1011.9,2341,17
317,2025-11-26 14:08:48+05:30,1011.0,138,1001.64,7719266,416733.0,449747.0,986.2,1012.8,981.3,986.2,120508500,1084.8,887.6,1102.5,649.1,1011.0,510,2,1010.9,1243,10,1010.8,582,6,1010.7,902,13,1010.6,608,11,1011.5,494,9,1011.6,1446,13,1011.7,1338,15,1011.8,1283,12,1011.9,1514,17
317,2025-11-26 14:08:48+05:30,1011.5,92,1001.64,7719266,416733.0,449747.0,986.2,1012.8,981.3,986.2,120508500,1084.8,887.6,1102.5,649.1,1011.0,510,2,1010.9,1243,10,1010.8,582,6,1010.7,902,13,1010.6,608,11,1011.5,494,9,1011.6,1446,13,1011.7,1338,15,1011.8,1283,12,1011.9,1514,17
317,2025-11-26 14:08:49+05:30,1011.3,128,1001.64,7720164,416470.0,449579.0,986.2,1012.8,981.3,986.2,120508500,1084.8,887.6,1102.5,649.1,1011.0,305,3,1010.9,1229,10,1010.8,693,7,1010.7,821,11,1010.6,612,11,1011.3,161,1,1011.5,351,3,1011.6,1124,9,1011.7,1260,16,1011.8,868,10
317,2025-11-26 14:08:49+05:30,1011.3,125,1001.64,7720164,416470.0,449579.0,986.2,1012.8,981.3,986.2,120508500,1084.8,887.6,1102.5,649.1,1011.0,305,3,1010.9,1229,10,1010.8,693,7,1010.7,821,11,1010.6,612,11,1011.3,161,1,1011.5,351,3,1011.6,1124,9,1011.7,1260,16,1011.8,868,10
317,2025-11-26 14:08:50+05:30,1011.3,74,1001.65,7721258,419195.0,448426.0,986.2,1012.8,981.3,986.2,120508500,1084.8,887.6,1102.5,649.1,1011.3,53,1,1011.1,313,2,1011.0,1133,6,1010.9,1298,12,1010.8,778,9,1011.6,315,5,1011.7,957,13,1011.8,788,8,1011.9,1322,15,1012.0,3274,22
317,2025-11-26 14:08:50+05:30,1011.4,9,1001.65,7721258,419195.0,448426.0,986.2,1012.8,981.3,986.2,120508500,1084.8,887.6,1102.5,649.1,1011.3,53,1,1011.1,313,2,1011.0,1133,6,1010.9,1298,12,1010.8,778,9,1011.6,315,5,1011.7,957,13,1011.8,788,8,1011.9,1322,15,1012.0,3274,22
317,2025-11-26 14:08:51+05:30,1011.6,1,1001.65,7721706,419947.0,447527.0,986.2,1012.8,981.3,986.2,120508500,1084.8,887.6,1102.5,649.1,1011.4,19,1,1011.2,439,3,1011.1,1387,7,1011.0,618,6,1010.9,1280,15,1011.7,529,6,1011.8,601,10,1011.9,1411,15,1012.0,2951,21,1012.1,1897,14
317,2025-11-26 14:08:51+05:30,1011.7,35,1001.65,7721706,419947.0,447527.0,986.2,1012.8,981.3,986.2,120508500,1084.8,887.6,1102.5,649.1,1011.4,19,1,1011.2,439,3,1011.1,1387,7,1011.0,618,6,1010.9,1280,15,1011.7,529,6,1011.8,601,10,1011.9,1411,15,1012.0,2951,21,1012.1,1897,14
317,2025-11-26 14:08:52+05:30,1011.7,20,1001.65,7722634,419952.0,447554.0,986.2,1012.8,981.3,986.2,120508500,1084.8,887.6,1102.5,649.1,1011.4,19,1,1011.2,280,2,1011.1,1215,7,1011.0,697,7,1010.9,1339,15,1011.7,782,7,1011.8,937,11,1011.9,1290,13,1012.0,3079,28,1012.1,1147,13
317,2025-11-26 14:08:52+05:30,1011.7,20,1001.65,7722634,419952.0,447554.0,986.2,1012.8,981.3,986.2,120508500,1084.8,887.6,1102.5,649.1,1011.4,19,1,1011.2,280,2,1011.1,1215,7,1011.0,697,7,1010.9,1339,15,1011.7,782,7,1011.8,937,11,1011.9,1290,13,1012.0,3079,28,1012.1,1147,13
317,2025-11-26 14:08:53+05:30,1011.7,16,1001.65,7722923,420104.0,447645.0,986.2,1012.8,981.3,986.2,120508500,1084.8,887.6,1102.5,649.1,1011.4,19,1,1011.3,152,2,1011.2,424,3,1011.1,1285,8,1011.0,697,7,1011.7,717,6,1011.8,857,10,1011.9,1676,16,1012.0,3061,28,1012.1,1291,14
317,2025-11-26 14:08:53+05:30,1011.7,16,1001.65,7722923,420104.0,447645.0,986.2,1012.8,981.3,986.2,120508500,1084.8,887.6,1102.5,649.1,1011.4,19,1,1011.3,152,2,1011.2,424,3,1011.1,1285,8,1011.0,697,7,1011.7,717,6,1011.8,857,10,1011.9,1676,16,1012.0,3061,28,1012.1,1291,14
317,2025-11-26 14:08:54+05:30,1011.7,49,1001.65,7723689,420689.0,447436.0,986.2,1012.8,981.3,986.2,120508500,1084.8,887.6,1102.5,649.1,1011.4,32,2,1011.3,163,3,1011.2,711,6,1011.1,1354,9,1011.0,766,8,1011.7,383,4,1011.8,906,6,1011.9,1562,15,1012.0,2917,26,1012.1,1289,14
317,2025-11-26 14:08:54+05:30,1011.5,112,1001.65,7723689,420689.0,447436.0,986.2,1012.8,981.3,986.2,120508500,1084.8,887.6,1102.5,649.1,1011.4,32,2,1011.3,163,3,1011.2,711,6,1011.1,1354,9,1011.0,766,8,1011.7,383,4,1011.8,906,6,1011.9,1562,15,1012.0,2917,26,1012.1,1289,14
317,2025-11-26 14:08:55+05:30,1011.7,13,1001.65,7723833,419775.0,449178.0,986.2,1012.8,981.3,986.2,120508500,1084.8,887.6,1102.5,649.1,1011.4,32,2,1011.3,10,1,1011.2,444,4,1011.1,1381,9,1011.0,715,8,1011.7,606,8,1011.8,1689,13,1011.9,1321,16,1012.0,3348,27,1012.1,2039,15
317,2025-11-26 14:08:55+05:30,1011.7,13,1001.65,7723833,419775.0,449178.0,986.2,1012.8,981.3,986.2,120508500,1084.8,887.6,1102.5,649.1,1011.4,32,2,1011.3,10,1,1011.2,444,4,1011.1,1381,9,1011.0,715,8,1011.7,606,8,1011.8,1689,13,1011.9,1321,16,1012.0,3348,27,1012.1,2039,15
317,2025-11-26 14:08:56+05:30,1011.7,57,1001.65,7723833,419775.0,449178.0,986.2,1012.8,981.3,986.2,120508500,1084.8,887.6,1102.5,649.1,1011.4,32,2,1011.3,10,1,1011.2,444,4,1011.1,1381,9,1011.0,715,8,1011.7,606,8,1011.8,1689,13,1011.9,1321,16,1012.0,3348,27,1012.1,2039,15
317,2025-11-26 14:08:56+05:30,1011.7,57,1001.65,7724241,419654.0,447719.0,986.2,1012.8,981.3,986.2,120508500,1084.8,887.6,1102.5,649.1,1011.4,42,3,1011.3,10,1,1011.2,450,6,1011.1,1381,9,1011.0,715,8,1011.7,305,4,1011.8,1161,8,1011.9,1378,15,1012.0,3486,30,1012.1,1289,14
317,2025-11-26 14:08:57+05:30,1011.4,1,1001.65,7724241,419654.0,447719.0,986.2,1012.8,981.3,986.2,120508500,1084.8,887.6,1102.5,649.1,1011.4,42,3,1011.3,10,1,1011.2,450,6,1011.1,1381,9,1011.0,715,8,1011.7,305,4,1011.8,1161,8,1011.9,1378,15,1012.0,3486,30,1012.1,1289,14
317,2025-11-26 14:08:57+05:30,1011.4,1,1001.65,7724508,419654.0,447712.0,986.2,1012.8,981.3,986.2,120508500,1084.8,887.6,1102.5,649.1,1011.4,41,3,1011.3,86,2,1011.2,545,7,1011.1,1381,9,1011.0,715,8,1011.7,112,4,1011.8,863,7,1011.9,1640,16,1012.0,3459,30,1012.1,1289,14
317,2025-11-26 14:08:58+05:30,1011.7,10,1001.65,7724508,419654.0,447712.0,986.2,1012.8,981.3,986.2,120508500,1084.8,887.6,1102.5,649.1,1011.4,41,3,1011.3,86,2,1011.2,545,7,1011.1,1381,9,1011.0,715,8,1011.7,112,4,1011.8,863,7,1011.9,1640,16,1012.0,3459,30,1012.1,1289,14
317,2025-11-26 14:08:58+05:30,1011.7,10,1001.65,7724667,420019.0,447651.0,986.2,1012.8,981.3,986.2,120508500,1084.8,887.6,1102.5,649.1,1011.4,13,2,1011.3,10,1,1011.2,892,6,1011.1,1335,8,1011.0,798,9,1011.7,596,6,1011.8,885,12,1011.9,1635,15,1012.0,3495,30,1012.1,1220,14
317,2025-11-26 14:08:59+05:30,1011.5,128,1001.65,7724667,420019.0,447651.0,986.2,1012.8,981.3,986.2,120508500,1084.8,887.6,1102.5,649.1,1011.4,13,2,1011.3,10,1,1011.2,892,6,1011.1,1335,8,1011.0,798,9,1011.7,596,6,1011.8,885,12,1011.9,1635,15,1012.0,3495,30,1012.1,1220,14
317,2025-11-26 14:08:59+05:30,1011.5,128,1001.65,7724923,419917.0,449657.0,986.2,1012.8,981.3,986.2,120508500,1084.8,887.6,1102.5,649.1,1011.4,13,2,1011.3,10,1,1011.2,213,4,1011.1,1495,10,1011.0,798,9,1011.5,161,2,1011.6,105,2,1011.7,505,4,1011.8,1643,12,1011.9,1500,17
317,2025-11-26 14:09:00+05:30,1011.5,1,1001.65,7724923,419917.0,449657.0,986.2,1012.8,981.3,986.2,120508500,1084.8,887.6,1102.5,649.1,1011.4,13,2,1011.3,10,1,1011.2,213,4,1011.1,1495,10,1011.0,798,9,1011.5,161,2,1011.6,105,2,1011.7,505,4,1011.8,1643,12,1011.9,1500,17
317,2025-11-26 14:09:00+05:30,1011.5,1,1001.65,7724932,420013.0,449564.0,986.2,1012.8,981.3,986.2,120508500,1084.8,887.6,1102.5,649.1,1011.4,5,2,1011.3,10,1,1011.2,687,5,1011.1,1564,11,1011.0,828,10,1011.5,161,3,1011.6,105,2,1011.7,530,5,1011.8,1057,11,1011.9,1500,17
317,2025-11-26 14:09:01+05:30,1011.5,94,1001.65,7724932,420013.0,449564.0,986.2,1012.8,981.3,986.2,120508500,1084.8,887.6,1102.5,649.1,1011.4,5,2,1011.3,10,1,1011.2,687,5,1011.1,1564,11,1011.0,828,10,1011.5,161,3,1011.6,105,2,1011.7,530,5,1011.8,1057,11,1011.9,1500,17
317,2025-11-26 14:09:01+05:30,1011.5,94,1001.65,7725187,419909.0,449043.0,986.2,1012.8,981.3,986.2,120508500,1084.8,887.6,1102.5,649.1,1011.4,5,2,1011.3,10,1,1011.2,687,5,1011.1,1564,11,1011.0,828,10,1011.5,67,2,1011.6,105,2,1011.7,328,4,1011.8,670,9,1011.9,1701,16
317,2025-11-26 14:09:02+05:30,1011.5,58,1001.65,7725187,419909.0,449043.0,986.2,1012.8,981.3,986.2,120508500,1084.8,887.6,1102.5,649.1,1011.4,5,2,1011.3,10,1,1011.2,687,5,1011.1,1564,11,1011.0,828,10,1011.5,67,2,1011.6,105,2,1011.7,328,4,1011.8,670,9,1011.9,1701,16
317,2025-11-26 14:09:02+05:30,1011.5,58,1001.65,7725473,420018.0,449110.0,986.2,1012.8,981.3,986.2,120508500,1084.8,887.6,1102.5,649.1,1011.4,5,2,1011.3,10,1,1011.2,624,4,1011.1,1487,10,1011.0,802,10,1011.5,103,2,1011.6,105,2,1011.7,328,4,1011.8,939,9,1011.9,1323,14
317,2025-11-26 14:09:03+05:30,1011.4,5,1001.65,7725473,420018.0,449110.0,986.2,1012.8,981.3,986.2,120508500,1084.8,887.6,1102.5,649.1,1011.4,5,2,1011.3,10,1,1011.2,624,4,1011.1,1487,10,1011.0,802,10,1011.5,103,2,1011.6,105,2,1011.7,328,4,1011.8,939,9,1011.9,1323,14
317,2025-11-26 14:09:03+05:30,1011.4,5,1001.65,7725770,420419.0,448912.0,986.2,1012.8,981.3,986.2,120508500,1084.8,887.6,1102.5,649.1,1011.4,24,3,1011.3,10,1,1011.2,624,4,1011.1,798,10,1011.0,1622,13,1011.5,122,3,1011.6,49,1,1011.7,265,3,1011.8,885,9,1011.9,1278,14
317,2025-11-26 14:09:04+05:30,1011.6,46,1001.65,7725770,420419.0,448912.0,986.2,1012.8,981.3,986.2,120508500,1084.8,887.6,1102.5,649.1,1011.4,24,3,1011.3,10,1,1011.2,624,4,1011.1,798,10,1011.0,1622,13,1011.5,122,3,1011.6,49,1,1011.7,265,3,1011.8,885,9,1011.9,1278,14
317,2025-11-26 14:09:04+05:30,1011.6,46,1001.65,7726277,420270.0,448684.0,986.2,1012.8,981.3,986.2,120508500,1084.8,887.6,1102.5,649.1,1011.5,23,1,1011.4,14,2,1011.3,82,2,1011.2,624,4,1011.1,657,8,1011.6,3,1,1011.7,265,3,1011.8,644,9,1011.9,1322,16,1012.0,3516,25
317,2025-11-26 14:09:05+05:30,1011.6,2,1001.65,7726277,420270.0,448684.0,986.2,1012.8,981.3,986.2,120508500,1084.8,887.6,1102.5,649.1,1011.5,23,1,1011.4,14,2,1011.3,82,2,1011.2,624,4,1011.1,657,8,1011.6,3,1,1011.7,265,3,1011.8,644,9,1011.9,1322,16,1012.0,3516,25
317,2025-11-26 14:09:05+05:30,1011.6,2,1001.65,7726279,420609.0,448573.0,986.2,1012.8,981.3,986.2,120508500,1084.8,887.6,1102.5,649.1,1011.5,23,1,1011.4,14,2,1011.3,10,1,1011.2,696,5,1011.1,657,8,1011.6,1,1,1011.7,265,3,1011.8,530,8,1011.9,1322,16,1012.0,3516,25
317,2025-11-26 14:09:06+05:30,1011.7,15,1001.65,7726662,420672.0,448299.0,986.2,1012.8,981.3,986.2,120508500,1084.8,887.6,1102.5,649.1,1011.5,29,3,1011.4,18,3,1011.3,217,3,1011.2,971,5,1011.1,1542,12,1011.7,250,3,1011.8,134,3,1011.9,1692,18,1012.0,3454,25,1012.1,1304,15
317,2025-11-26 14:09:06+05:30,1011.7,15,1001.65,7726662,420672.0,448299.0,986.2,1012.8,981.3,986.2,120508500,1084.8,887.6,1102.5,649.1,1011.5,29,3,1011.4,18,3,1011.3,217,3,1011.2,971,5,1011.1,1542,12,1011.7,250,3,1011.8,134,3,1011.9,1692,18,1012.0,3454,25,1012.1,1304,15
317,2025-11-26 14:09:07+05:30,1011.7,6,1001.65,7726662,420672.0,448299.0,986.2,1012.8,981.3,986.2,120508500,1084.8,887.6,1102.5,649.1,1011.5,29,3,1011.4,18,3,1011.3,217,3,1011.2,971,5,1011.1,1542,12,1011.7,250,3,1011.8,134,3,1011.9,1692,18,1012.0,3454,25,1012.1,1304,15
317,2025-11-26 14:09:07+05:30,1011.7,6,1001.65,7726918,420490.0,448127.0,986.2,1012.8,981.3,986.2,120508500,1084.8,887.6,1102.5,649.1,1011.5,29,3,1011.4,18,3,1011.3,362,5,1011.2,971,5,1011.1,1568,13,1011.7,373,3,1011.8,286,5,1011.9,2103,15,1012.0,3345,26,1012.1,1005,13
317,2025-11-26 14:09:08+05:30,1011.7,34,1001.65,7726918,420490.0,448127.0,986.2,1012.8,981.3,986.2,120508500,1084.8,887.6,1102.5,649.1,1011.5,29,3,1011.4,18,3,1011.3,362,5,1011.2,971,5,1011.1,1568,13,1011.7,373,3,1011.8,286,5,1011.9,2103,15,1012.0,3345,26,1012.1,1005,13
317,2025-11-26 14:09:08+05:30,1011.7,34,1001.65,7728086,420584.0,448173.0,986.2,1012.8,981.3,986.2,120508500,1084.8,887.6,1102.5,649.1,1011.5,29,3,1011.4,18,3,1011.3,889,4,1011.2,1009,4,1011.1,662,8,1011.7,21,1,1011.8,299,7,1011.9,1437,13,1012.0,4161,26,1012.1,1139,15
317,2025-11-26 14:09:09+05:30,1011.6,25,1001.65,7728086,420584.0,448173.0,986.2,1012.8,981.3,986.2,120508500,1084.8,887.6,1102.5,649.1,1011.5,29,3,1011.4,18,3,1011.3,889,4,1011.2,1009,4,1011.1,662,8,1011.7,21,1,1011.8,299,7,1011.9,1437,13,1012.0,4161,26,1012.1,1139,15
317,2025-11-26 14:09:09+05:30,1011.6,25,1001.65,7728214,421374.0,446553.0,986.2,1012.8,981.3,986.2,120508500,1084.8,887.6,1102.5,649.1,1011.5,29,3,1011.4,18,3,1011.3,949,5,1011.2,1107,6,1011.1,704,9,1011.6,44,1,1011.8,193,4,1011.9,1346,15,1012.0,3722,27,1012.1,1139,15
317,2025-11-26 14:09:10+05:30,1011.6,20,1001.66,7728855,421392.0,446924.0,986.2,1012.8,981.3,986.2,120508500,1084.8,887.6,1102.5,649.1,1011.5,41,4,1011.4,18,3,1011.3,405,5,1011.2,1115,6,1011.1,1278,11,1011.8,1010,6,1011.9,1362,12,1012.0,3436,27,1012.1,1078,14,1012.2,837,14
317,2025-11-26 14:09:10+05:30,1011.6,20,1001.66,7728855,421392.0,446924.0,986.2,1012.8,981.3,986.2,120508500,1084.8,887.6,1102.5,649.1,1011.5,41,4,1011.4,18,3,1011.3,405,5,1011.2,1115,6,1011.1,1278,11,1011.8,1010,6,1011.9,1362,12,1012.0,3436,27,1012.1,1078,14,1012.2,837,14
317,2025-11-26 14:09:11+05:30,1011.8,40,1001.66,7728855,421392.0,446924.0,986.2,1012.8,981.3,986.2,120508500,1084.8,887.6,1102.5,649.1,1011.5,41,4,1011.4,18,3,1011.3,405,5,1011.2,1115,6,1011.1,1278,11,1011.8,1010,6,1011.9,1362,12,1012.0,3436,27,1012.1,1078,14,1012.2,837,14
317,2025-11-26 14:09:11+05:30,1011.8,40,1001.66,7729118,422168.0,446111.0,986.2,1012.8,981.3,986.2,120508500,1084.8,887.6,1102.5,649.1,1011.5,41,4,1011.4,108,4,1011.3,1041,7,1011.2,1157,6,1011.1,728,10,1011.7,50,1,1011.8,93,2,1011.9,2179,14,1012.0,3466,25,1012.1,1017,14
317,2025-11-26 14:09:12+05:30,1011.7,10,1001.66,7729118,422168.0,446111.0,986.2,1012.8,981.3,986.2,120508500,1084.8,887.6,1102.5,649.1,1011.5,41,4,1011.4,108,4,1011.3,1041,7,1011.2,1157,6,1011.1,728,10,1011.7,50,1,1011.8,93,2,1011.9,2179,14,1012.0,3466,25,1012.1,1017,14
317,2025-11-26 14:09:12+05:30,1011.7,10,1001.66,7729128,422177.0,446168.0,986.2,1012.8,981.3,986.2,120508500,1084.8,887.6,1102.5,649.1,1011.5,41,4,1011.4,108,4,1011.3,1041,7,1011.2,1187,7,1011.1,697,9,1011.7,40,1,1011.8,160,3,1011.9,2179,14,1012.0,3475,26,1012.1,1017,14
317,2025-11-26 14:09:13+05:30,1011.8,16,1001.66,7729128,422177.0,446168.0,986.2,1012.8,981.3,986.2,120508500,1084.8,887.6,1102.5,649.1,1011.5,41,4,1011.4,108,4,1011.3,1041,7,1011.2,1187,7,1011.1,697,9,1011.7,40,1,1011.8,160,3,1011.9,2179,14,1012.0,3475,26,1012.1,1017,14
317,2025-11-26 14:09:13+05:30,1011.8,16,1001.66,7729493,422166.0,445622.0,986.2,1012.8,981.3,986.2,120508500,1084.8,887.6,1102.5,649.1,1011.5,21,3,1011.4,561,7,1011.3,822,6,1011.2,1203,8,1011.1,810,9,1011.8,177,4,1011.9,1830,14,1012.0,3667,24,1012.1,1016,15,1012.2,731,12
317,2025-11-26 14:09:14+05:30,1011.7,10,1001.66,7730019,421679.0,446638.0,986.2,1012.8,981.3,986.2,120508500,1084.8,887.6,1102.5,649.1,1011.5,6,2,1011.4,18,3,1011.3,827,6,1011.2,1107,5,1011.1,770,10,1011.8,1342,10,1011.9,1457,14,1012.0,3373,24,1012.1,946,14,1012.2,823,13
317,2025-11-26 14:09:14+05:30,1011.7,10,1001.66,7730019,421679.0,446638.0,986.2,1012.8,981.3,986.2,120508500,1084.8,887.6,1102.5,649.1,1011.5,6,2,1011.4,18,3,1011.3,827,6,1011.2,1107,5,1011.1,770,10,1011.8,1342,10,1011.9,1457,14,1012.0,3373,24,1012.1,946,14,1012.2,823,13
317,2025-11-26 14:09:15+05:30,1011.8,3,1001.66,7730019,421679.0,446638.0,986.2,1012.8,981.3,986.2,120508500,1084.8,887.6,1102.5,649.1,1011.5,6,2,1011.4,18,3,1011.3,827,6,1011.2,1107,5,1011.1,770,10,1011.8,1342,10,1011.9,1457,14,1012.0,3373,24,1012.1,946,14,1012.2,823,13
317,2025-11-26 14:09:15+05:30,1011.8,3,1001.66,7730023,421726.0,446936.0,986.2,1012.8,981.3,986.2,120508500,1084.8,887.6,1102.5,649.1,1011.5,6,2,1011.4,18,3,1011.3,32,2,1011.2,836,5,1011.1,770,10,1011.7,12,2,1011.8,1535,12,1011.9,1563,15,1012.0,3461,30,1012.1,920,12
317,2025-11-26 14:09:16+05:30,1011.7,1,1001.66,7730023,421726.0,446936.0,986.2,1012.8,981.3,986.2,120508500,1084.8,887.6,1102.5,649.1,1011.5,6,2,1011.4,18,3,1011.3,32,2,1011.2,836,5,1011.1,770,10,1011.7,12,2,1011.8,1535,12,1011.9,1563,15,1012.0,3461,30,1012.1,920,12
317,2025-11-26 14:09:16+05:30,1011.7,1,1001.66,7730024,421797.0,447130.0,986.2,1012.8,981.3,986.2,120508500,1084.8,887.6,1102.5,649.1,1011.5,6,2,1011.4,18,3,1011.3,32,2,1011.2,907,6,1011.1,770,10,1011.7,12,3,1011.8,1486,11,1011.9,1563,15,1012.0,3611,31,1012.1,920,12
317,2025-11-26 14:09:17+05:30,1011.8,12,1001.66,7730024,421797.0,447130.0,986.2,1012.8,981.3,986.2,120508500,1084.8,887.6,1102.5,649.1,1011.5,6,2,1011.4,18,3,1011.3,32,2,1011.2,907,6,1011.1,770,10,1011.7,12,3,1011.8,1486,11,1011.9,1563,15,1012.0,3611,31,1012.1,920,12
317,2025-11-26 14:09:17+05:30,1011.8,10,1001.66,7731055,422349.0,444491.0,986.2,1012.8,981.3,986.2,120508500,1084.8,887.6,1102.5,649.1,1011.5,6,2,1011.4,177,6,1011.3,515,6,1011.2,836,5,1011.1,1507,10,1011.8,179,3,1011.9,1118,9,1012.0,3519,25,1012.1,873,13,1012.2,758,12
317,2025-11-26 14:09:18+05:30,1011.8,82,1001.66,7731055,422349.0,444491.0,986.2,1012.8,981.3,986.2,120508500,1084.8,887.6,1102.5,649.1,1011.5,6,2,1011.4,177,6,1011.3,515,6,1011.2,836,5,1011.1,1507,10,1011.8,179,3,1011.9,1118,9,1012.0,3519,25,1012.1,873,13,1012.2,758,12
317,2025-11-26 14:09:18+05:30,1011.8,82,1001.66,7731182,422386.0,446133.0,986.2,1012.8,981.3,986.2,120508500,1084.8,887.6,1102.5,649.1,1011.5,6,2,1011.4,23,4,1011.3,225,4,1011.2,1176,9,1011.1,757,9,1011.6,62,1,1011.8,1197,6,1011.9,1250,11,1012.0,3324,27,1012.1,920,12
317,2025-11-26 14:09:19+05:30,1011.6,128,1001.66,7731182,422386.0,446133.0,986.2,1012.8,981.3,986.2,120508500,1084.8,887.6,1102.5,649.1,1011.5,6,2,1011.4,23,4,1011.3,225,4,1011.2,1176,9,1011.1,757,9,1011.6,62,1,1011.8,1197,6,1011.9,1250,11,1012.0,3324,27,1012.1,920,12
317,2025-11-26 14:09:19+05:30,1011.6,128,1001.66,7731438,422862.0,446526.0,986.2,1012.8,981.3,986.2,120508500,1084.8,887.6,1102.5,649.1,1011.5,6,2,1011.4,18,3,1011.3,161,3,1011.2,1042,7,1011.1,832,11,1011.6,62,1,1011.8,1131,5,1011.9,1472,14,1012.0,3557,27,1012.1,923,13
317,2025-11-26 14:09:20+05:30,1011.6,1,1001.66,7731438,422862.0,446526.0,986.2,1012.8,981.3,986.2,120508500,1084.8,887.6,1102.5,649.1,1011.5,6,2,1011.4,18,3,1011.3,161,3,1011.2,1042,7,1011.1,832,11,1011.6,62,1,1011.8,1131,5,1011.9,1472,14,1012.0,3557,27,1012.1,923,13
317,2025-11-26 14:09:20+05:30,1011.6,1,1001.66,7731570,422856.0,446607.0,986.2,1012.8,981.3,986.2,120508500,1084.8,887.6,1102.5,649.1,1011.5,6,2,1011.4,18,3,1011.3,238,4,1011.2,1012,6,1011.1,765,10,1011.6,61,1,1011.8,1204,6,1011.9,1180,13,1012.0,3848,28,1012.1,923,13
317,2025-11-26 14:09:21+05:30,1011.6,1,1001.66,7731570,422856.0,446607.0,986.2,1012.8,981.3,986.2,120508500,1084.8,887.6,1102.5,649.1,1011.5,6,2,1011.4,18,3,1011.3,238,4,1011.2,1012,6,1011.1,765,10,1011.6,61,1,1011.8,1204,6,1011.9,1180,13,1012.0,3848,28,1012.1,923,13
317,2025-11-26 14:09:21+05:30,1011.6,2,1001.66,7731573,422895.0,447848.0,986.2,1012.8,981.3,986.2,120508500,1084.8,887.6,1102.5,649.1,1011.5,6,2,1011.4,18,3,1011.3,92,3,1011.2,1012,6,1011.1,765,10,1011.6,58,1,1011.7,63,1,1011.8,1204,6,1011.9,1426,13,1012.0,3190,26
317,2025-11-26 14:09:22+05:30,1011.6,47,1001.66,7731573,422895.0,447848.0,986.2,1012.8,981.3,986.2,120508500,1084.8,887.6,1102.5,649.1,1011.5,6,2,1011.4,18,3,1011.3,92,3,1011.2,1012,6,1011.1,765,10,1011.6,58,1,1011.7,63,1,1011.8,1204,6,1011.9,1426,13,1012.0,3190,26
317,2025-11-26 14:09:22+05:30,1011.6,47,1001.66,7732689,422099.0,448536.0,986.2,1012.8,981.3,986.2,120508500,1084.8,887.6,1102.5,649.1,1011.5,12,2,1011.4,18,3,1011.3,32,2,1011.2,755,4,1011.1,1424,8,1011.6,115,3,1011.7,158,3,1011.8,1802,11,1011.9,1398,12,1012.0,3126,27
317,2025-11-26 14:09:23+05:30,1011.6,29,1001.66,7734260,421916.0,448718.0,986.2,1012.8,981.3,986.2,120508500,1084.8,887.6,1102.5,649.1,1011.5,12,2,1011.4,18,3,1011.3,22,1,1011.2,827,4,1011.1,1326,7,1011.6,21,1,1011.7,207,5,1011.8,1833,12,1011.9,1449,12,1012.0,3193,27
317,2025-11-26 14:09:23+05:30,1011.6,29,1001.66,7734260,421916.0,448718.0,986.2,1012.8,981.3,986.2,120508500,1084.8,887.6,1102.5,649.1,1011.5,12,2,1011.4,18,3,1011.3,22,1,1011.2,827,4,1011.1,1326,7,1011.6,21,1,1011.7,207,5,1011.8,1833,12,1011.9,1449,12,1012.0,3193,27
317,2025-11-26 14:09:24+05:30,1011.6,57,1001.66,7734260,421916.0,448718.0,986.2,1012.8,981.3,986.2,120508500,1084.8,887.6,1102.5,649.1,1011.5,12,2,1011.4,18,3,1011.3,22,1,1011.2,827,4,1011.1,1326,7,1011.6,21,1,1011.7,207,5,1011.8,1833,12,1011.9,1449,12,1012.0,3193,27
317,2025-11-26 14:09:24+05:30,1011.6,57,1001.66,7735047,422262.0,446580.0,986.2,1012.8,981.3,986.2,120508500,1084.8,887.6,1102.5,649.1,1011.5,22,2,1011.4,18,3,1011.3,435,5,1011.2,842,4,1011.1,1485,13,1011.6,33,1,1011.7,48,3,1011.8,1153,7,1011.9,2228,14,1012.0,3208,26
317,2025-11-26 14:09:25+05:30,1011.7,85,1001.66,7735047,422262.0,446580.0,986.2,1012.8,981.3,986.2,120508500,1084.8,887.6,1102.5,649.1,1011.5,22,2,1011.4,18,3,1011.3,435,5,1011.2,842,4,1011.1,1485,13,1011.6,33,1,1011.7,48,3,1011.8,1153,7,1011.9,2228,14,1012.0,3208,26
317,2025-11-26 14:09:25+05:30,1011.7,85,1001.66,7735967,421439.0,447710.0,986.2,1012.8,981.3,986.2,120508500,1084.8,887.6,1102.5,649.1,1011.6,128,1,1011.5,22,2,1011.4,18,3,1011.3,224,2,1011.2,1672,7,1011.7,63,1,1011.8,1913,8,1011.9,1464,13,1012.0,3250,26,1012.1,912,13
317,2025-11-26 14:09:26+05:30,1011.8,1,1001.66,7735967,421439.0,447710.0,986.2,1012.8,981.3,986.2,120508500,1084.8,887.6,1102.5,649.1,1011.6,128,1,1011.5,22,2,1011.4,18,3,1011.3,224,2,1011.2,1672,7,1011.7,63,1,1011.8,1913,8,1011.9,1464,13,1012.0,3250,26,1012.1,912,13
317,2025-11-26 14:09:26+05:30,1011.8,1,1001.67,7736875,422446.0,446368.0,986.2,1012.8,981.3,986.2,120508500,1084.8,887.6,1102.5,649.1,1011.6,13,1,1011.5,22,2,1011.4,225,5,1011.3,572,5,1011.2,995,5,1011.8,321,4,1011.9,1608,9,1012.0,3107,21,1012.1,912,13,1012.2,1210,16
317,2025-11-26 14:09:27+05:30,1011.8,26,1001.67,7736875,422446.0,446368.0,986.2,1012.8,981.3,986.2,120508500,1084.8,887.6,1102.5,649.1,1011.6,13,1,1011.5,22,2,1011.4,225,5,1011.3,572,5,1011.2,995,5,1011.8,321,4,1011.9,1608,9,1012.0,3107,21,1012.1,912,13,1012.2,1210,16
317,2025-11-26 14:09:27+05:30,1011.8,1,1001.67,7737242,422162.0,445593.0,986.2,1012.8,981.3,986.2,120508500,1084.8,887.6,1102.5,649.1,1011.6,13,1,1011.5,22,2,1011.4,297,5,1011.3,849,9,1011.2,554,6,1011.8,20,1,1011.9,1485,8,1012.0,3312,25,1012.1,765,11,1012.2,1174,14
317,2025-11-26 14:09:28+05:30,1011.8,128,1001.67,7737242,422162.0,445593.0,986.2,1012.8,981.3,986.2,120508500,1084.8,887.6,1102.5,649.1,1011.6,13,1,1011.5,22,2,1011.4,297,5,1011.3,849,9,1011.2,554,6,1011.8,20,1,1011.9,1485,8,1012.0,3312,25,1012.1,765,11,1012.2,1174,14
317,2025-11-26 14:09:28+05:30,1011.8,128,1001.67,7737752,421715.0,445096.0,986.2,1012.8,981.3,986.2,120508500,1084.8,887.6,1102.5,649.1,1011.6,23,2,1011.5,22,2,1011.4,220,4,1011.3,1020,8,1011.2,558,6,1011.8,105,1,1011.9,1189,9,1012.0,3336,26,1012.1,779,9,1012.2,1189,15
317,2025-11-26 14:09:29+05:30,1011.7,62,1001.67,7737752,421715.0,445096.0,986.2,1012.8,981.3,986.2,120508500,1084.8,887.6,1102.5,649.1,1011.6,23,2,1011.5,22,2,1011.4,220,4,1011.3,1020,8,1011.2,558,6,1011.8,105,1,1011.9,1189,9,1012.0,3336,26,1012.1,779,9,1012.2,1189,15
317,2025-11-26 14:09:29+05:30,1011.7,62,1001.67,7738529,421857.0,445405.0,986.2,1012.8,981.3,986.2,120508500,1084.8,887.6,1102.5,649.1,1011.6,116,3,1011.5,22,2,1011.4,220,4,1011.3,427,6,1011.2,1176,8,1011.7,235,3,1011.8,152,2,1011.9,1178,9,1012.0,3269,27,1012.1,851,10
317,2025-11-26 14:09:30+05:30,1011.7,128,1001.67,7738529,421857.0,445405.0,986.2,1012.8,981.3,986.2,120508500,1084.8,887.6,1102.5,649.1,1011.6,116,3,1011.5,22,2,1011.4,220,4,1011.3,427,6,1011.2,1176,8,1011.7,235,3,1011.8,152,2,1011.9,1178,9,1012.0,3269,27,1012.1,851,10
317,2025-11-26 14:09:30+05:30,1011.7,128,1001.67,7738971,422308.0,445641.0,986.2,1012.8,981.3,986.2,120508500,1084.8,887.6,1102.5,649.1,1011.6,108,3,1011.5,168,3,1011.4,297,6,1011.3,1206,10,1011.2,630,7,1011.7,124,1,1011.8,152,2,1011.9,1032,8,1012.0,3242,26,1012.1,694,10
317,2025-11-26 14:09:31+05:30,1011.7,125,1001.67,7738971,422308.0,445641.0,986.2,1012.8,981.3,986.2,120508500,1084.8,887.6,1102.5,649.1,1011.6,108,3,1011.5,168,3,1011.4,297,6,1011.3,1206,10,1011.2,630,7,1011.7,124,1,1011.8,152,2,1011.9,1032,8,1012.0,3242,26,1012.1,694,10
317,2025-11-26 14:09:31+05:30,1011.7,125,1001.67,7739097,422419.0,445557.0,986.2,1012.8,981.3,986.2,120508500,1084.8,887.6,1102.5,649.1,1011.6,164,4,1011.5,22,2,1011.4,241,5,1011.3,1262,11,1011.2,630,7,1011.7,124,1,1011.8,152,2,1011.9,1032,8,1012.0,2981,25,1012.1,1065,12
317,2025-11-26 14:09:32+05:30,1011.6,2,1001.67,7739097,422419.0,445557.0,986.2,1012.8,981.3,986.2,120508500,1084.8,887.6,1102.5,649.1,1011.6,164,4,1011.5,22,2,1011.4,241,5,1011.3,1262,11,1011.2,630,7,1011.7,124,1,1011.8,152,2,1011.9,1032,8,1012.0,2981,25,1012.1,1065,12
317,2025-11-26 14:09:32+05:30,1011.6,2,1001.67,7739099,422417.0,445568.0,986.2,1012.8,981.3,986.2,120508500,1084.8,887.6,1102.5,649.1,1011.6,106,3,1011.5,22,2,1011.4,297,6,1011.3,1262,11,1011.2,630,7,1011.7,125,2,1011.8,152,2,1011.9,1032,8,1012.0,2981,25,1012.1,1065,12
317,2025-11-26 14:09:33+05:30,1011.8,61,1001.67,7739099,422417.0,445568.0,986.2,1012.8,981.3,986.2,120508500,1084.8,887.6,1102.5,649.1,1011.6,106,3,1011.5,22,2,1011.4,297,6,1011.3,1262,11,1011.2,630,7,1011.7,125,2,1011.8,152,2,1011.9,1032,8,1012.0,2981,25,1012.1,1065,12
317,2025-11-26 14:09:33+05:30,1011.8,30,1001.67,7740940,421397.0,444624.0,986.2,1012.8,981.3,986.2,120508500,1084.8,887.6,1102.5,649.1,1011.5,22,2,1011.4,14,2,1011.3,827,5,1011.2,1150,5,1011.1,806,12,1011.8,199,4,1011.9,1392,13,1012.0,3347,28,1012.1,855,12,1012.2,1151,12
317,2025-11-26 14:09:34+05:30,1011.8,18,1001.67,7740940,421397.0,444624.0,986.2,1012.8,981.3,986.2,120508500,1084.8,887.6,1102.5,649.1,1011.5,22,2,1011.4,14,2,1011.3,827,5,1011.2,1150,5,1011.1,806,12,1011.8,199,4,1011.9,1392,13,1012.0,3347,28,1012.1,855,12,1012.2,1151,12
317,2025-11-26 14:09:34+05:30,1011.7,112,1001.67,7741308,421404.0,445043.0,986.2,1012.8,981.3,986.2,120508500,1084.8,887.6,1102.5,649.1,1011.6,10,1,1011.5,22,2,1011.4,14,2,1011.3,686,4,1011.2,1183,6,1011.7,21,1,1011.8,229,5,1011.9,1180,10,1012.0,3383,27,1012.1,878,12
317,2025-11-26 14:09:35+05:30,1011.7,108,1001.67,7741308,421404.0,445043.0,986.2,1012.8,981.3,986.2,120508500,1084.8,887.6,1102.5,649.1,1011.6,10,1,1011.5,22,2,1011.4,14,2,1011.3,686,4,1011.2,1183,6,1011.7,21,1,1011.8,229,5,1011.9,1180,10,1012.0,3383,27,1012.1,878,12
317,2025-11-26 14:09:35+05:30,1011.7,108,1001.67,7741821,421261.0,445538.0,986.2,1012.8,981.3,986.2,120508500,1084.8,887.6,1102.5,649.1,1011.6,10,1,1011.5,41,3,1011.4,14,2,1011.3,653,4,1011.2,1180,6,1011.7,21,1,1011.8,185,4,1011.9,1469,14,1012.0,3485,28,1012.1,878,12
317,2025-11-26 14:09:36+05:30,1011.6,19,1001.67,7741821,421261.0,445538.0,986.2,1012.8,981.3,986.2,120508500,1084.8,887.6,1102.5,649.1,1011.6,10,1,1011.5,41,3,1011.4,14,2,1011.3,653,4,1011.2,1180,6,1011.7,21,1,1011.8,185,4,1011.9,1469,14,1012.0,3485,28,1012.1,878,12
317,2025-11-26 14:09:36+05:30,1011.7,56,1001.67,7743735,422114.0,445137.0,986.2,1012.8,981.3,986.2,120508500,1084.8,887.6,1102.5,649.1,1011.4,163,3,1011.3,947,7,1011.2,1202,7,1011.1,764,9,1011.0,802,17,1011.7,70,2,1011.8,130,3,1011.9,891,9,1012.0,3328,25,1012.1,943,13
317,2025-11-26 14:09:37+05:30,1011.7,128,1001.67,7743735,422114.0,445137.0,986.2,1012.8,981.3,986.2,120508500,1084.8,887.6,1102.5,649.1,1011.4,163,3,1011.3,947,7,1011.2,1202,7,1011.1,764,9,1011.0,802,17,1011.7,70,2,1011.8,130,3,1011.9,891,9,1012.0,3328,25,1012.1,943,13
317,2025-11-26 14:09:37+05:30,1011.7,128,1001.68,7744501,421690.0,444120.0,986.2,1012.8,981.3,986.2,120508500,1084.8,887.6,1102.5,649.1,1011.3,27,2,1011.2,1186,6,1011.1,668,7,1011.0,1360,18,1010.9,1017,13,1011.7,21,1,1011.8,147,3,1011.9,1705,14,1012.0,3180,27,1012.1,870,12
317,2025-11-26 14:09:38+05:30,1011.7,2,1001.68,7744501,421690.0,444120.0,986.2,1012.8,981.3,986.2,120508500,1084.8,887.6,1102.5,649.1,1011.3,27,2,1011.2,1186,6,1011.1,668,7,1011.0,1360,18,1010.9,1017,13,1011.7,21,1,1011.8,147,3,1011.9,1705,14,1012.0,3180,27,1012.1,870,12
317,2025-11-26 14:09:38+05:30,1011.7,2,1001.68,7744504,421885.0,446211.0,986.2,1012.8,981.3,986.2,120508500,1084.8,887.6,1102.5,649.1,1011.4,5,1,1011.3,27,2,1011.2,1020,4,1011.1,604,6,1011.0,1416,19,1011.5,143,1,1011.7,5,1,1011.8,521,7,1011.9,1787,14,1012.0,3206,29
317,2025-11-26 14:09:39+05:30,1011.5,128,1001.68,7744504,421885.0,446211.0,986.2,1012.8,981.3,986.2,120508500,1084.8,887.6,1102.5,649.1,1011.4,5,1,1011.3,27,2,1011.2,1020,4,1011.1,604,6,1011.0,1416,19,1011.5,143,1,1011.7,5,1,1011.8,521,7,1011.9,1787,14,1012.0,3206,29
317,2025-11-26 14:09:40+05:30,1011.5,127,1001.68,7745269,422757.0,445842.0,986.2,1012.8,981.3,986.2,120508500,1084.8,887.6,1102.5,649.1,1011.4,5,1,1011.3,508,6,1011.2,1222,6,1011.1,744,8,1011.0,1483,20,1011.5,143,1,1011.8,230,3,1011.9,1421,10,1012.0,2955,26,1012.1,841,9
317,2025-11-26 14:09:40+05:30,1011.3,79,1001.68,7745269,422757.0,445842.0,986.2,1012.8,981.3,986.2,120508500,1084.8,887.6,1102.5,649.1,1011.4,5,1,1011.3,508,6,1011.2,1222,6,1011.1,744,8,1011.0,1483,20,1011.5,143,1,1011.8,230,3,1011.9,1421,10,1012.0,2955,26,1012.1,841,9
317,2025-11-26 14:09:40+05:30,1011.5,2,1001.68,7745473,422632.0,446280.0,986.2,1012.8,981.3,986.2,120508500,1084.8,887.6,1102.5,649.1,1011.3,77,3,1011.2,1196,6,1011.1,788,9,1011.0,1396,17,1010.9,1007,14,1011.5,236,2,1011.6,39,1,1011.8,238,3,1011.9,1635,12,1012.0,3100,28
317,2025-11-26 14:09:41+05:30,1011.5,5,1001.68,7745473,422632.0,446280.0,986.2,1012.8,981.3,986.2,120508500,1084.8,887.6,1102.5,649.1,1011.3,77,3,1011.2,1196,6,1011.1,788,9,1011.0,1396,17,1010.9,1007,14,1011.5,236,2,1011.6,39,1,1011.8,238,3,1011.9,1635,12,1012.0,3100,28
317,2025-11-26 14:09:41+05:30,1011.5,5,1001.68,7745857,423718.0,446699.0,986.2,1012.8,981.3,986.2,120508500,1084.8,887.6,1102.5,649.1,1011.3,599,9,1011.2,1305,9,1011.1,783,10,1011.0,1358,16,1010.9,890,14,1011.5,235,2,1011.6,39,1,1011.8,563,2,1011.9,1645,12,1012.0,2950,24
317,2025-11-26 14:09:42+05:30,1011.5,51,1001.68,7745857,423718.0,446699.0,986.2,1012.8,981.3,986.2,120508500,1084.8,887.6,1102.5,649.1,1011.3,599,9,1011.2,1305,9,1011.1,783,10,1011.0,1358,16,1010.9,890,14,1011.5,235,2,1011.6,39,1,1011.8,563,2,1011.9,1645,12,1012.0,2950,24
317,2025-11-26 14:09:42+05:30,1011.5,16,1001.68,7746348,423729.0,447292.0,986.2,1012.8,981.3,986.2,120508500,1084.8,887.6,1102.5,649.1,1011.3,144,7,1011.2,1305,9,1011.1,761,9,1011.0,1358,16,1010.9,1238,16,1011.5,170,2,1011.6,67,2,1011.8,1609,4,1011.9,1567,11,1012.0,2919,26
317,2025-11-26 14:09:43+05:30,1011.3,2,1001.68,7746348,423729.0,447292.0,986.2,1012.8,981.3,986.2,120508500,1084.8,887.6,1102.5,649.1,1011.3,144,7,1011.2,1305,9,1011.1,761,9,1011.0,1358,16,1010.9,1238,16,1011.5,170,2,1011.6,67,2,1011.8,1609,4,1011.9,1567,11,1012.0,2919,26
317,2025-11-26 14:09:43+05:30,1011.3,44,1001.68,7746539,422884.0,447757.0,986.2,1012.8,981.3,986.2,120508500,1084.8,887.6,1102.5,649.1,1011.3,40,5,1011.2,1112,6,1011.1,744,9,1011.0,846,15,1010.9,1568,16,1011.5,58,1,1011.6,67,2,1011.7,202,1,1011.8,1614,5,1011.9,1643,14
317,2025-11-26 14:09:44+05:30,1011.3,5,1001.68,7746539,422884.0,447757.0,986.2,1012.8,981.3,986.2,120508500,1084.8,887.6,1102.5,649.1,1011.3,40,5,1011.2,1112,6,1011.1,744,9,1011.0,846,15,1010.9,1568,16,1011.5,58,1,1011.6,67,2,1011.7,202,1,1011.8,1614,5,1011.9,1643,14
317,2025-11-26 14:09:44+05:30,1011.3,5,1001.68,7746770,422978.0,447923.0,986.2,1012.8,981.3,986.2,120508500,1084.8,887.6,1102.5,649.1,1011.3,35,5,1011.2,1159,7,1011.1,811,10,1011.0,846,15,1010.9,1527,16,1011.5,143,2,1011.6,67,2,1011.7,208,2,1011.8,1614,5,1011.9,1718,14
317,2025-11-26 14:09:45+05:30,1011.6,46,1001.68,7746770,422978.0,447923.0,986.2,1012.8,981.3,986.2,120508500,1084.8,887.6,1102.5,649.1,1011.3,35,5,1011.2,1159,7,1011.1,811,10,1011.0,846,15,1010.9,1527,16,1011.5,143,2,1011.6,67,2,1011.7,208,2,1011.8,1614,5,1011.9,1718,14
317,2025-11-26 14:09:46+05:30,1011.6,1,1001.68,7747158,422992.0,446359.0,986.2,1012.8,981.3,986.2,120508500,1084.8,887.6,1102.5,649.1,1011.3,347,8,1011.2,1323,9,1011.1,761,9,1011.0,1534,17,1010.9,1036,15,1011.6,35,1,1011.7,6,1,1011.8,987,2,1011.9,1615,11,1012.0,3015,28
317,2025-11-26 14:09:46+05:30,1011.6,4,1001.68,7747158,422992.0,446359.0,986.2,1012.8,981.3,986.2,120508500,1084.8,887.6,1102.5,649.1,1011.3,347,8,1011.2,1323,9,1011.1,761,9,1011.0,1534,17,1010.9,1036,15,1011.6,35,1,1011.7,6,1,1011.8,987,2,1011.9,1615,11,1012.0,3015,28
317,2025-11-26 14:09:47+05:30,1011.6,4,1001.68,7747163,423124.0,446241.0,986.2,1012.8,981.3,986.2,120508500,1084.8,887.6,1102.5,649.1,1011.3,57,5,1011.2,1373,10,1011.1,761,9,1011.0,1656,18,1010.9,1036,15,1011.7,6,1,1011.8,993,3,1011.9,1615,11,1012.0,3069,28,1012.1,968,12
317,2025-11-26 14:09:48+05:30,1011.6,4,1001.68,7747163,423527.0,446394.0,986.2,1012.8,981.3,986.2,120508500,1084.8,887.6,1102.5,649.1,1011.3,1171,10,1011.2,573,8,1011.1,963,10,1011.0,1637,20,1010.9,1010,13,1011.7,103,2,1011.8,995,4,1011.9,1383,13,1012.0,3341,27,1012.1,957,11
317,2025-11-26 14:09:48+05:30,1011.7,128,1001.68,7747163,423527.0,446394.0,986.2,1012.8,981.3,986.2,120508500,1084.8,887.6,1102.5,649.1,1011.3,1171,10,1011.2,573,8,1011.1,963,10,1011.0,1637,20,1010.9,1010,13,1011.7,103,2,1011.8,995,4,1011.9,1383,13,1012.0,3341,27,1012.1,957,11
317,2025-11-26 14:09:49+05:30,1011.3,1,1001.68,7747931,423123.0,447104.0,986.2,1012.8,981.3,986.2,120508500,1084.8,887.6,1102.5,649.1,1011.3,937,8,1011.2,620,8,1011.1,680,7,1011.0,1103,19,1010.9,1700,16,1011.5,55,1,1011.7,70,2,1011.8,1218,6,1011.9,1627,13,1012.0,3066,27
317,2025-11-26 14:09:49+05:30,1011.5,5,1001.68,7747931,423123.0,447104.0,986.2,1012.8,981.3,986.2,120508500,1084.8,887.6,1102.5,649.1,1011.3,937,8,1011.2,620,8,1011.1,680,7,1011.0,1103,19,1010.9,1700,16,1011.5,55,1,1011.7,70,2,1011.8,1218,6,1011.9,1627,13,1012.0,3066,27
317,2025-11-26 14:09:49+05:30,1011.5,5,1001.68,7747936,422976.0,448037.0,986.2,1012.8,981.3,986.2,120508500,1084.8,887.6,1102.5,649.1,1011.3,986,10,1011.2,620,8,1011.1,680,7,1011.0,1667,20,1010.9,1221,15,1011.5,199,2,1011.7,49,1,1011.8,1364,7,1011.9,1786,15,1012.0,3053,26
317,2025-11-26 14:09:50+05:30,1011.5,1,1001.68,7747936,422976.0,448037.0,986.2,1012.8,981.3,986.2,120508500,1084.8,887.6,1102.5,649.1,1011.3,986,10,1011.2,620,8,1011.1,680,7,1011.0,1667,20,1010.9,1221,15,1011.5,199,2,1011.7,49,1,1011.8,1364,7,1011.9,1786,15,1012.0,3053,26
317,2025-11-26 14:09:50+05:30,1011.5,1,1001.68,7747938,423866.0,447980.0,986.2,1012.8,981.3,986.2,120508500,1084.8,887.6,1102.5,649.1,1011.3,953,9,1011.2,620,8,1011.1,680,7,1011.0,1641,18,1010.9,1247,17,1011.5,346,3,1011.7,50,2,1011.8,1364,7,1011.9,1799,16,1012.0,3040,25
317,2025-11-26 14:09:51+05:30,1011.5,46,1001.68,7747938,423866.0,447980.0,986.2,1012.8,981.3,986.2,120508500,1084.8,887.6,1102.5,649.1,1011.3,953,9,1011.2,620,8,1011.1,680,7,1011.0,1641,18,1010.9,1247,17,1011.5,346,3,1011.7,50,2,1011.8,1364,7,1011.9,1799,16,1012.0,3040,25
317,2025-11-26 14:09:52+05:30,1011.5,46,1001.68,7748032,423467.0,449336.0,986.2,1012.8,981.3,986.2,120508500,1084.8,887.6,1102.5,649.1,1011.3,826,7,1011.2,625,8,1011.1,735,8,1011.0,1423,18,1010.9,1097,16,1011.5,1206,5,1011.7,117,4,1011.8,1682,10,1011.9,1202,16,1012.0,3041,25
317,2025-11-26 14:09:52+05:30,1011.5,10,1001.68,7748032,423467.0,449336.0,986.2,1012.8,981.3,986.2,120508500,1084.8,887.6,1102.5,649.1,1011.3,826,7,1011.2,625,8,1011.1,735,8,1011.0,1423,18,1010.9,1097,16,1011.5,1206,5,1011.7,117,4,1011.8,1682,10,1011.9,1202,16,1012.0,3041,25
317,2025-11-26 14:09:53+05:30,1011.5,500,1001.68,7748957,423520.0,447454.0,986.2,1012.8,981.3,986.2,120508500,1084.8,887.6,1102.5,649.1,1011.3,881,8,1011.2,625,8,1011.1,680,7,1011.0,1423,18,1010.9,1299,17,1011.5,289,4,1011.7,100,3,1011.8,1254,6,1011.9,1857,16,1012.0,3796,32
317,2025-11-26 14:09:53+05:30,1011.5,500,1001.68,7748957,423520.0,447454.0,986.2,1012.8,981.3,986.2,120508500,1084.8,887.6,1102.5,649.1,1011.3,881,8,1011.2,625,8,1011.1,680,7,1011.0,1423,18,1010.9,1299,17,1011.5,289,4,1011.7,100,3,1011.8,1254,6,1011.9,1857,16,1012.0,3796,32
317,2025-11-26 14:09:54+05:30,1011.3,69,1001.68,7749059,423704.0,448311.0,986.2,1012.8,981.3,986.2,120508500,1084.8,887.6,1102.5,649.1,1011.3,956,11,1011.2,625,8,1011.1,705,8,1011.0,1423,18,1010.9,1299,17,1011.5,234,3,1011.7,100,3,1011.8,1254,6,1011.9,1883,18,1012.0,3770,30
317,2025-11-26 14:09:54+05:30,1011.3,69,1001.68,7749059,423704.0,448311.0,986.2,1012.8,981.3,986.2,120508500,1084.8,887.6,1102.5,649.1,1011.3,956,11,1011.2,625,8,1011.1,705,8,1011.0,1423,18,1010.9,1299,17,1011.5,234,3,1011.7,100,3,1011.8,1254,6,1011.9,1883,18,1012.0,3770,30
317,2025-11-26 14:09:55+05:30,1011.3,69,1001.68,7749059,423960.0,447387.0,986.2,1012.8,981.3,986.2,120508500,1084.8,887.6,1102.5,649.1,1011.4,112,1,1011.3,1025,12,1011.2,678,8,1011.1,680,7,1011.0,1423,18,1011.5,234,3,1011.6,74,1,1011.7,51,2,1011.8,1144,5,1011.9,1883,18
317,2025-11-26 14:09:55+05:30,1011.5,12,1001.68,7749059,423960.0,447387.0,986.2,1012.8,981.3,986.2,120508500,1084.8,887.6,1102.5,649.1,1011.4,112,1,1011.3,1025,12,1011.2,678,8,1011.1,680,7,1011.0,1423,18,1011.5,234,3,1011.6,74,1,1011.7,51,2,1011.8,1144,5,1011.9,1883,18
317,2025-11-26 14:09:56+05:30,1011.5,2,1001.68,7749120,423918.0,447273.0,986.2,1012.8,981.3,986.2,120508500,1084.8,887.6,1102.5,649.1,1011.4,114,2,1011.3,1171,13,1011.2,678,8,1011.1,704,8,1011.0,1423,18,1011.5,173,3,1011.6,121,2,1011.7,1,1,1011.8,1144,5,1011.9,1883,18
317,2025-11-26 14:09:56+05:30,1011.5,2,1001.68,7749120,423918.0,447273.0,986.2,1012.8,981.3,986.2,120508500,1084.8,887.6,1102.5,649.1,1011.4,114,2,1011.3,1171,13,1011.2,678,8,1011.1,704,8,1011.0,1423,18,1011.5,173,3,1011.6,121,2,1011.7,1,1,1011.8,1144,5,1011.9,1883,18
317,2025-11-26 14:09:57+05:30,1011.5,2,1001.68,7749120,424161.0,447441.0,986.2,1012.8,981.3,986.2,120508500,1084.8,887.6,1102.5,649.1,1011.4,114,2,1011.3,937,10,1011.2,733,9,1011.1,680,7,1011.0,1463,19,1011.5,316,4,1011.6,121,2,1011.7,1,1,1011.8,1144,5,1011.9,1883,18
317,2025-11-26 14:09:57+05:30,1011.5,111,1001.68,7749120,424161.0,447441.0,986.2,1012.8,981.3,986.2,120508500,1084.8,887.6,1102.5,649.1,1011.4,114,2,1011.3,937,10,1011.2,733,9,1011.1,680,7,1011.0,1463,19,1011.5,316,4,1011.6,121,2,1011.7,1,1,1011.8,1144,5,1011.9,1883,18
317,2025-11-26 14:09:58+05:30,1011.4,2,1001.68,7749505,424640.0,446898.0,986.2,1012.8,981.3,986.2,120508500,1084.8,887.6,1102.5,649.1,1011.4,167,3,1011.3,948,10,1011.2,752,9,1011.1,882,8,1011.0,1453,19,1011.6,47,1,1011.7,1,1,1011.8,998,4,1011.9,1772,16,1012.0,3644,28
317,2025-11-26 14:09:58+05:30,1011.4,2,1001.68,7749505,424640.0,446898.0,986.2,1012.8,981.3,986.2,120508500,1084.8,887.6,1102.5,649.1,1011.4,167,3,1011.3,948,10,1011.2,752,9,1011.1,882,8,1011.0,1453,19,1011.6,47,1,1011.7,1,1,1011.8,998,4,1011.9,1772,16,1012.0,3644,28
317,2025-11-26 14:09:59+05:30,1011.5,1,1001.68,7749974,423928.0,446374.0,986.2,1012.8,981.3,986.2,120508500,1084.8,887.6,1102.5,649.1,1011.5,42,1,1011.4,257,5,1011.3,929,10,1011.2,784,10,1011.1,882,8,1011.6,47,1,1011.7,1,1,1011.8,998,4,1011.9,1397,14,1012.0,3879,29
317,2025-11-26 14:09:59+05:30,1011.6,78,1001.68,7749974,423928.0,446374.0,986.2,1012.8,981.3,986.2,120508500,1084.8,887.6,1102.5,649.1,1011.5,42,1,1011.4,257,5,1011.3,929,10,1011.2,784,10,1011.1,882,8,1011.6,47,1,1011.7,1,1,1011.8,998,4,1011.9,1397,14,1012.0,3879,29
317,2025-11-26 14:10:00+05:30,1011.6,78,1001.68,7750204,423717.0,445248.0,986.2,1012.8,981.3,986.2,120508500,1084.8,887.6,1102.5,649.1,1011.5,10,1,1011.4,390,5,1011.3,1246,13,1011.2,729,9,1011.1,882,8,1011.7,1,1,1011.8,998,4,1011.9,1142,12,1012.0,3631,29,1012.1,1218,12
317,2025-11-26 14:10:00+05:30,1011.7,1,1001.68,7750204,423717.0,445248.0,986.2,1012.8,981.3,986.2,120508500,1084.8,887.6,1102.5,649.1,1011.5,10,1,1011.4,390,5,1011.3,1246,13,1011.2,729,9,1011.1,882,8,1011.7,1,1,1011.8,998,4,1011.9,1142,12,1012.0,3631,29,1012.1,1218,12
317,2025-11-26 14:10:00+05:30,1011.7,1,1001.68,7750214,422865.0,445648.0,986.2,1012.8,981.3,986.2,120508500,1084.8,887.6,1102.5,649.1,1011.5,2,1,1011.4,111,3,1011.3,1136,11,1011.2,831,11,1011.1,680,7,1011.7,70,2,1011.8,998,4,1011.9,1765,18,1012.0,3631,29,1012.1,920,11
317,2025-11-26 14:10:01+05:30,1011.4,21,1001.68,7750214,422865.0,445648.0,986.2,1012.8,981.3,986.2,120508500,1084.8,887.6,1102.5,649.1,1011.5,2,1,1011.4,111,3,1011.3,1136,11,1011.2,831,11,1011.1,680,7,1011.7,70,2,1011.8,998,4,1011.9,1765,18,1012.0,3631,29,1012.1,920,11
317,2025-11-26 14:10:01+05:30,1011.7,4,1001.68,7750429,422951.0,446092.0,986.2,1012.8,981.3,986.2,120508500,1084.8,887.6,1102.5,649.1,1011.5,8,1,1011.4,130,3,1011.3,1079,11,1011.2,780,10,1011.1,680,7,1011.7,66,2,1011.8,998,4,1011.9,1737,16,1012.0,3759,31,1012.1,919,11
317,2025-11-26 14:10:02+05:30,1011.7,26,1001.68,7750429,422951.0,446092.0,986.2,1012.8,981.3,986.2,120508500,1084.8,887.6,1102.5,649.1,1011.5,8,1,1011.4,130,3,1011.3,1079,11,1011.2,780,10,1011.1,680,7,1011.7,66,2,1011.8,998,4,1011.9,1737,16,1012.0,3759,31,1012.1,919,11
317,2025-11-26 14:10:02+05:30,1011.7,26,1001.68,7750811,423071.0,446220.0,986.2,1012.8,981.3,986.2,120508500,1084.8,887.6,1102.5,649.1,1011.6,2,2,1011.5,13,2,1011.4,79,2,1011.3,1367,14,1011.2,723,9,1011.7,31,2,1011.8,998,4,1011.9,1319,13,1012.0,3859,30,1012.1,929,12
317,2025-11-26 14:10:03+05:30,1011.8,101,1001.68,7750811,423071.0,446220.0,986.2,1012.8,981.3,986.2,120508500,1084.8,887.6,1102.5,649.1,1011.6,2,2,1011.5,13,2,1011.4,79,2,1011.3,1367,14,1011.2,723,9,1011.7,31,2,1011.8,998,4,1011.9,1319,13,1012.0,3859,30,1012.1,929,12
317,2025-11-26 14:10:03+05:30,1011.6,1,1001.68,7751179,422719.0,444839.0,986.2,1012.8,981.3,986.2,120508500,1084.8,887.6,1102.5,649.1,1011.6,2,2,1011.5,33,3,1011.4,79,2,1011.3,1313,13,1011.2,774,10,1011.8,767,3,1011.9,1319,13,1012.0,3627,30,1012.1,1217,12,1012.2,746,10
317,2025-11-26 14:10:04+05:30,1011.8,225,1001.68,7751179,422719.0,444839.0,986.2,1012.8,981.3,986.2,120508500,1084.8,887.6,1102.5,649.1,1011.6,2,2,1011.5,33,3,1011.4,79,2,1011.3,1313,13,1011.2,774,10,1011.8,767,3,1011.9,1319,13,1012.0,3627,30,1012.1,1217,12,1012.2,746,10
317,2025-11-26 14:10:04+05:30,1011.8,225,1001.68,7751404,423027.0,445131.0,986.2,1012.8,981.3,986.2,120508500,1084.8,887.6,1102.5,649.1,1011.6,9,4,1011.5,28,2,1011.4,431,4,1011.3,1306,11,1011.2,774,10,1011.8,542,3,1011.9,1302,12,1012.0,3831,29,1012.1,900,13,1012.2,746,10
317,2025-11-26 14:10:05+05:30,1011.8,5,1001.68,7751404,423027.0,445131.0,986.2,1012.8,981.3,986.2,120508500,1084.8,887.6,1102.5,649.1,1011.6,9,4,1011.5,28,2,1011.4,431,4,1011.3,1306,11,1011.2,774,10,1011.8,542,3,1011.9,1302,12,1012.0,3831,29,1012.1,900,13,1012.2,746,10
317,2025-11-26 14:10:05+05:30,1011.8,1,1001.68,7751416,423210.0,444352.0,986.2,1012.8,981.3,986.2,120508500,1084.8,887.6,1102.5,649.1,1011.6,4,1,1011.5,20,1,1011.4,437,5,1011.3,1309,12,1011.2,774,10,1011.8,532,3,1011.9,1302,12,1012.0,3747,28,1012.1,965,14,1012.2,746,10
317,2025-11-26 14:10:06+05:30,1011.8,1,1001.68,7751416,423210.0,444352.0,986.2,1012.8,981.3,986.2,120508500,1084.8,887.6,1102.5,649.1,1011.6,4,1,1011.5,20,1,1011.4,437,5,1011.3,1309,12,1011.2,774,10,1011.8,532,3,1011.9,1302,12,1012.0,3747,28,1012.1,965,14,1012.2,746,10
317,2025-11-26 14:10:06+05:30,1011.8,1,1001.68,7751417,423407.0,445355.0,986.2,1012.8,981.3,986.2,120508500,1084.8,887.6,1102.5,649.1,1011.6,2,1,1011.5,25,2,1011.4,437,5,1011.3,1402,14,1011.2,672,8,1011.8,781,4,1011.9,1302,12,1012.0,3751,27,1012.1,965,14,1012.2,746,10
317,2025-11-26 14:10:07+05:30,1011.8,5,1001.68,7751417,423407.0,445355.0,986.2,1012.8,981.3,986.2,120508500,1084.8,887.6,1102.5,649.1,1011.6,2,1,1011.5,25,2,1011.4,437,5,1011.3,1402,14,1011.2,672,8,1011.8,781,4,1011.9,1302,12,1012.0,3751,27,1012.1,965,14,1012.2,746,10
317,2025-11-26 14:10:07+05:30,1011.8,5,1001.68,7751423,423182.0,445317.0,986.2,1012.8,981.3,986.2,120508500,1084.8,887.6,1102.5,649.1,1011.6,1,1,1011.5,33,3,1011.4,85,3,1011.3,1402,14,1011.2,672,8,1011.8,776,4,1011.9,1302,12,1012.0,3718,27,1012.1,965,14,1012.2,746,10
317,2025-11-26 14:10:08+05:30,1011.8,128,1001.68,7751551,423426.0,445233.0,986.2,1012.8,981.3,986.2,120508500,1084.8,887.6,1102.5,649.1,1011.6,1,1,1011.5,80,4,1011.4,351,5,1011.3,1351,13,1011.2,723,9,1011.7,44,2,1011.8,648,4,1011.9,1353,13,1012.0,3667,26,1012.1,900,13
317,2025-11-26 14:10:09+05:30,1011.8,128,1001.68,7751551,423426.0,445233.0,986.2,1012.8,981.3,986.2,120508500,1084.8,887.6,1102.5,649.1,1011.6,1,1,1011.5,80,4,1011.4,351,5,1011.3,1351,13,1011.2,723,9,1011.7,44,2,1011.8,648,4,1011.9,1353,13,1012.0,3667,26,1012.1,900,13
317,2025-11-26 14:10:09+05:30,1011.7,84,1001.68,7751679,423282.0,445063.0,986.2,1012.8,981.3,986.2,120508500,1084.8,887.6,1102.5,649.1,1011.6,8,3,1011.5,33,3,1011.4,351,5,1011.3,1293,10,1011.2,774,10,1011.7,39,1,1011.8,648,4,1011.9,1302,12,1012.0,3687,26,1012.1,835,12
317,2025-11-26 14:10:10+05:30,1011.7,5,1001.68,7751679,423282.0,445063.0,986.2,1012.8,981.3,986.2,120508500,1084.8,887.6,1102.5,649.1,1011.6,8,3,1011.5,33,3,1011.4,351,5,1011.3,1293,10,1011.2,774,10,1011.7,39,1,1011.8,648,4,1011.9,1302,12,1012.0,3687,26,1012.1,835,12
317,2025-11-26 14:10:10+05:30,1011.8,128,1001.69,7752193,422817.0,444970.0,986.2,1012.8,981.3,986.2,120508500,1084.8,887.6,1102.5,649.1,1011.6,11,4,1011.5,33,3,1011.4,500,6,1011.3,1439,13,1011.2,672,8,1011.8,395,4,1011.9,1276,10,1012.0,3739,29,1012.1,950,14,1012.2,742,10
317,2025-11-26 14:10:11+05:30,1011.8,33,1001.69,7752193,422817.0,444970.0,986.2,1012.8,981.3,986.2,120508500,1084.8,887.6,1102.5,649.1,1011.6,11,4,1011.5,33,3,1011.4,500,6,1011.3,1439,13,1011.2,672,8,1011.8,395,4,1011.9,1276,10,1012.0,3739,29,1012.1,950,14,1012.2,742,10
317,2025-11-26 14:10:11+05:30,1011.8,127,1001.69,7752498,423151.0,444967.0,986.2,1012.8,981.3,986.2,120508500,1084.8,887.6,1102.5,649.1,1011.6,11,4,1011.5,167,5,1011.4,629,7,1011.3,1439,13,1011.2,672,8,1011.8,320,3,1011.9,1126,9,1012.0,3792,30,1012.1,899,13,1012.2,742,10
317,2025-11-26 14:10:12+05:30,1011.8,68,1001.69,7752498,423151.0,444967.0,986.2,1012.8,981.3,986.2,120508500,1084.8,887.6,1102.5,649.1,1011.6,11,4,1011.5,167,5,1011.4,629,7,1011.3,1439,13,1011.2,672,8,1011.8,320,3,1011.9,1126,9,1012.0,3792,30,1012.1,899,13,1012.2,742,10
317,2025-11-26 14:10:12+05:30,1011.8,28,1001.69,7753302,422511.0,443439.0,986.2,1012.8,981.3,986.2,120508500,1084.8,887.6,1102.5,649.1,1011.6,31,5,1011.5,33,3,1011.4,268,5,1011.3,1228,10,1011.2,1394,10,1011.8,21,1,1011.9,692,7,1012.0,4043,28,1012.1,797,9,1012.2,620,9
317,2025-11-26 14:10:13+05:30,1011.8,76,1001.69,7753302,422511.0,443439.0,986.2,1012.8,981.3,986.2,120508500,1084.8,887.6,1102.5,649.1,1011.6,31,5,1011.5,33,3,1011.4,268,5,1011.3,1228,10,1011.2,1394,10,1011.8,21,1,1011.9,692,7,1012.0,4043,28,1012.1,797,9,1012.2,620,9
317,2025-11-26 14:10:13+05:30,1011.8,128,1001.69,7754402,421648.0,443606.0,986.2,1012.8,981.3,986.2,120508500,1084.8,887.6,1102.5,649.1,1011.6,8,1,1011.5,33,3,1011.4,191,4,1011.3,1255,9,1011.2,1350,10,1011.8,21,1,1011.9,1081,8,1012.0,3815,29,1012.1,777,11,1012.2,674,13
317,2025-11-26 14:10:14+05:30,1011.9,4,1001.69,7754402,421648.0,443606.0,986.2,1012.8,981.3,986.2,120508500,1084.8,887.6,1102.5,649.1,1011.6,8,1,1011.5,33,3,1011.4,191,4,1011.3,1255,9,1011.2,1350,10,1011.8,21,1,1011.9,1081,8,1012.0,3815,29,1012.1,777,11,1012.2,674,13
317,2025-11-26 14:10:14+05:30,1011.9,18,1001.69,7755290,422177.0,444378.0,986.2,1012.8,981.3,986.2,120508500,1084.8,887.6,1102.5,649.1,1011.7,112,1,1011.6,8,1,1011.5,109,4,1011.4,1094,8,1011.3,1397,11,1011.9,502,4,1012.0,3390,25,1012.1,1143,14,1012.2,683,14,1012.3,824,12
317,2025-11-26 14:10:15+05:30,1011.9,20,1001.69,7755290,422177.0,444378.0,986.2,1012.8,981.3,986.2,120508500,1084.8,887.6,1102.5,649.1,1011.7,112,1,1011.6,8,1,1011.5,109,4,1011.4,1094,8,1011.3,1397,11,1011.9,502,4,1012.0,3390,25,1012.1,1143,14,1012.2,683,14,1012.3,824,12
317,2025-11-26 14:10:15+05:30,1011.9,2,1001.69,7756507,423191.0,442631.0,986.2,1012.8,981.3,986.2,120508500,1084.8,887.6,1102.5,649.1,1011.7,55,2,1011.6,8,1,1011.5,440,6,1011.4,1857,9,1011.3,841,12,1011.9,49,1,1012.0,3223,22,1012.1,965,9,1012.2,475,8,1012.3,1289,16
317,2025-11-26 14:10:16+05:30,1011.9,107,1001.69,7756507,423191.0,442631.0,986.2,1012.8,981.3,986.2,120508500,1084.8,887.6,1102.5,649.1,1011.7,55,2,1011.6,8,1,1011.5,440,6,1011.4,1857,9,1011.3,841,12,1011.9,49,1,1012.0,3223,22,1012.1,965,9,1012.2,475,8,1012.3,1289,16
317,2025-11-26 14:10:16+05:30,1011.9,21,1001.69,7757191,423248.0,442193.0,986.2,1012.8,981.3,986.2,120508500,1084.8,887.6,1102.5,649.1,1011.7,51,2,1011.6,91,3,1011.5,461,6,1011.4,1145,7,1011.3,1413,13,1012.0,3223,22,1012.1,746,9,1012.2,647,10,1012.3,1099,16,1012.4,917,16
317,2025-11-26 14:10:17+05:30,1012.0,127,1001.69,7757191,423248.0,442193.0,986.2,1012.8,981.3,986.2,120508500,1084.8,887.6,1102.5,649.1,1011.7,51,2,1011.6,91,3,1011.5,461,6,1011.4,1145,7,1011.3,1413,13,1012.0,3223,22,1012.1,746,9,1012.2,647,10,1012.3,1099,16,1012.4,917,16
317,2025-11-26 14:10:17+05:30,1012.0,128,1001.69,7758498,424006.0,440610.0,986.2,1012.8,981.3,986.2,120508500,1084.8,887.6,1102.5,649.1,1011.7,68,3,1011.6,244,5,1011.5,769,9,1011.4,1205,8,1011.3,1420,13,1012.0,2279,23,1012.1,397,4,1012.2,608,7,1012.3,607,12,1012.4,865,16
317,2025-11-26 14:10:18+05:30,1012.0,28,1001.69,7758498,424006.0,440610.0,986.2,1012.8,981.3,986.2,120508500,1084.8,887.6,1102.5,649.1,1011.7,68,3,1011.6,244,5,1011.5,769,9,1011.4,1205,8,1011.3,1420,13,1012.0,2279,23,1012.1,397,4,1012.2,608,7,1012.3,607,12,1012.4,865,16
317,2025-11-26 14:10:18+05:30,1011.7,78,1001.7,7760235,426524.0,439479.0,986.2,1012.8,981.3,986.2,120508500,1084.8,887.6,1102.5,649.1,1011.6,297,6,1011.5,474,8,1011.4,1332,8,1011.3,841,12,1011.2,677,15,1011.7,64,1,1012.0,1301,12,1012.1,430,5,1012.2,564,8,1012.3,487,8
317,2025-11-26 14:10:19+05:30,1011.8,127,1001.7,7760235,426524.0,439479.0,986.2,1012.8,981.3,986.2,120508500,1084.8,887.6,1102.5,649.1,1011.6,297,6,1011.5,474,8,1011.4,1332,8,1011.3,841,12,1011.2,677,15,1011.7,64,1,1012.0,1301,12,1012.1,430,5,1012.2,564,8,1012.3,487,8
317,2025-11-26 14:10:20+05:30,1011.8,128,1001.7,7761667,426079.0,440322.0,986.2,1012.8,981.3,986.2,120508500,1084.8,887.6,1102.5,649.1,1011.7,107,4,1011.6,245,4,1011.5,465,9,1011.4,1332,8,1011.3,841,12,1011.8,62,1,1012.0,2176,14,1012.1,503,5,1012.2,585,8,1012.3,755,11
317,2025-11-26 14:10:20+05:30,1012.0,5,1001.7,7761667,426079.0,440322.0,986.2,1012.8,981.3,986.2,120508500,1084.8,887.6,1102.5,649.1,1011.7,107,4,1011.6,245,4,1011.5,465,9,1011.4,1332,8,1011.3,841,12,1011.8,62,1,1012.0,2176,14,1012.1,503,5,1012.2,585,8,1012.3,755,11
317,2025-11-26 14:10:21+05:30,1012.0,1,1001.7,7762920,425969.0,439536.0,986.2,1012.8,981.3,986.2,120508500,1084.8,887.6,1102.5,649.1,1011.8,13,2,1011.7,134,3,1011.6,240,4,1011.5,1236,10,1011.4,682,9,1012.0,1067,6,1012.1,247,3,1012.2,240,5,1012.3,1001,13,1012.4,851,17
317,2025-11-26 14:10:21+05:30,1012.0,64,1001.7,7762920,425969.0,439536.0,986.2,1012.8,981.3,986.2,120508500,1084.8,887.6,1102.5,649.1,1011.8,13,2,1011.7,134,3,1011.6,240,4,1011.5,1236,10,1011.4,682,9,1012.0,1067,6,1012.1,247,3,1012.2,240,5,1012.3,1001,13,1012.4,851,17
317,2025-11-26 14:10:22+05:30,1012.0,64,1001.7,7763176,426588.0,439292.0,986.2,1012.8,981.3,986.2,120508500,1084.8,887.6,1102.5,649.1,1011.8,13,2,1011.7,268,5,1011.6,453,7,1011.5,1268,11,1011.4,682,9,1012.0,852,4,1012.1,247,3,1012.2,240,5,1012.3,1001,13,1012.4,822,16
317,2025-11-26 14:10:23+05:30,1012.0,2,1001.7,7763591,421091.0,438577.0,986.2,1012.8,981.3,986.2,120508500,1084.8,887.6,1102.5,649.1,1011.8,8,1,1011.7,1028,3,1011.6,326,5,1011.5,1393,11,1011.4,977,12,1012.0,85,2,1012.1,372,4,1012.2,561,9,1012.3,1138,15,1012.4,779,16
317,2025-11-26 14:10:23+05:30,1012.0,2,1001.7,7763591,421091.0,438577.0,986.2,1012.8,981.3,986.2,120508500,1084.8,887.6,1102.5,649.1,1011.8,8,1,1011.7,1028,3,1011.6,326,5,1011.5,1393,11,1011.4,977,12,1012.0,85,2,1012.1,372,4,1012.2,561,9,1012.3,1138,15,1012.4,779,16
317,2025-11-26 14:10:24+05:30,1012.0,127,1001.7,7764317,421515.0,438998.0,986.2,1012.8,981.3,986.2,120508500,1084.8,887.6,1102.5,649.1,1011.8,8,1,1011.7,1028,3,1011.6,354,6,1011.5,1393,11,1011.4,977,12,1012.0,442,2,1012.1,372,4,1012.2,346,6,1012.3,1186,16,1012.4,891,17
317,2025-11-26 14:10:24+05:30,1012.0,24,1001.7,7764317,421515.0,438998.0,986.2,1012.8,981.3,986.2,120508500,1084.8,887.6,1102.5,649.1,1011.8,8,1,1011.7,1028,3,1011.6,354,6,1011.5,1393,11,1011.4,977,12,1012.0,442,2,1012.1,372,4,1012.2,346,6,1012.3,1186,16,1012.4,891,17
317,2025-11-26 14:10:25+05:30,1012.1,11,1001.7,7765861,420503.0,437334.0,986.2,1012.8,981.3,986.2,120508500,1084.8,887.6,1102.5,649.1,1011.8,49,3,1011.7,648,5,1011.6,447,6,1011.5,1429,11,1011.4,929,11,1012.1,347,3,1012.2,175,5,1012.3,887,13,1012.4,766,16,1012.5,2759,24
317,2025-11-26 14:10:25+05:30,1012.1,11,1001.7,7765861,420503.0,437334.0,986.2,1012.8,981.3,986.2,120508500,1084.8,887.6,1102.5,649.1,1011.8,49,3,1011.7,648,5,1011.6,447,6,1011.5,1429,11,1011.4,929,11,1012.1,347,3,1012.2,175,5,1012.3,887,13,1012.4,766,16,1012.5,2759,24
317,2025-11-26 14:10:26+05:30,1012.0,2,1001.7,7765941,425594.0,438117.0,986.2,1012.8,981.3,986.2,120508500,1084.8,887.6,1102.5,649.1,1011.8,49,3,1011.7,648,5,1011.6,590,9,1011.5,1381,10,1011.4,929,11,1012.0,2,1,1012.1,323,4,1012.2,177,6,1012.3,1017,15,1012.4,630,12
317,2025-11-26 14:10:26+05:30,1012.1,5,1001.7,7765941,425594.0,438117.0,986.2,1012.8,981.3,986.2,120508500,1084.8,887.6,1102.5,649.1,1011.8,49,3,1011.7,648,5,1011.6,590,9,1011.5,1381,10,1011.4,929,11,1012.0,2,1,1012.1,323,4,1012.2,177,6,1012.3,1017,15,1012.4,630,12
317,2025-11-26 14:10:27+05:30,1012.1,29,1001.7,7766074,425781.0,437267.0,986.2,1012.8,981.3,986.2,120508500,1084.8,887.6,1102.5,649.1,1011.8,62,4,1011.7,648,5,1011.6,615,9,1011.5,1267,8,1011.4,929,11,1012.1,136,2,1012.2,175,6,1012.3,967,14,1012.4,678,13,1012.5,2759,24
317,2025-11-26 14:10:27+05:30,1012.1,29,1001.7,7766074,425781.0,437267.0,986.2,1012.8,981.3,986.2,120508500,1084.8,887.6,1102.5,649.1,1011.8,62,4,1011.7,648,5,1011.6,615,9,1011.5,1267,8,1011.4,929,11,1012.1,136,2,1012.2,175,6,1012.3,967,14,1012.4,678,13,1012.5,2759,24
317,2025-11-26 14:10:28+05:30,1012.1,54,1001.7,7766348,420023.0,437464.0,986.2,1012.8,981.3,986.2,120508500,1084.8,887.6,1102.5,649.1,1011.9,1,1,1011.8,114,5,1011.7,744,7,1011.6,532,8,1011.5,1333,9,1012.1,40,1,1012.2,73,4,1012.3,510,13,1012.4,973,14,1012.5,2735,24
317,2025-11-26 14:10:28+05:30,1012.1,54,1001.7,7766348,420023.0,437464.0,986.2,1012.8,981.3,986.2,120508500,1084.8,887.6,1102.5,649.1,1011.9,1,1,1011.8,114,5,1011.7,744,7,1011.6,532,8,1011.5,1333,9,1012.1,40,1,1012.2,73,4,1012.3,510,13,1012.4,973,14,1012.5,2735,24
317,2025-11-26 14:10:29+05:30,1012.1,54,1001.7,7766348,420037.0,438910.0,986.2,1012.8,981.3,986.2,120508500,1084.8,887.6,1102.5,649.1,1011.9,9,2,1011.8,114,5,1011.7,591,4,1011.6,500,7,1011.5,1381,10,1012.0,158,1,1012.1,181,3,1012.2,386,7,1012.3,1116,18,1012.4,776,14
317,2025-11-26 14:10:29+05:30,1012.0,1,1001.7,7766348,420037.0,438910.0,986.2,1012.8,981.3,986.2,120508500,1084.8,887.6,1102.5,649.1,1011.9,9,2,1011.8,114,5,1011.7,591,4,1011.6,500,7,1011.5,1381,10,1012.0,158,1,1012.1,181,3,1012.2,386,7,1012.3,1116,18,1012.4,776,14
317,2025-11-26 14:10:30+05:30,1012.0,29,1001.7,7766413,420184.0,439008.0,986.2,1012.8,981.3,986.2,120508500,1084.8,887.6,1102.5,649.1,1011.9,7,2,1011.8,101,4,1011.7,441,3,1011.6,370,5,1011.5,1381,10,1012.0,182,3,1012.1,144,2,1012.2,428,7,1012.3,1044,14,1012.4,855,16
317,2025-11-26 14:10:30+05:30,1012.0,29,1001.7,7766413,420184.0,439008.0,986.2,1012.8,981.3,986.2,120508500,1084.8,887.6,1102.5,649.1,1011.9,7,2,1011.8,101,4,1011.7,441,3,1011.6,370,5,1011.5,1381,10,1012.0,182,3,1012.1,144,2,1012.2,428,7,1012.3,1044,14,1012.4,855,16
317,2025-11-26 14:10:31+05:30,1011.9,23,1001.7,7766444,420121.0,439100.0,986.2,1012.8,981.3,986.2,120508500,1084.8,887.6,1102.5,649.1,1011.9,12,2,1011.8,101,4,1011.7,441,3,1011.6,370,5,1011.5,1382,11,1012.0,181,3,1012.1,144,2,1012.2,493,8,1012.3,1072,15,1012.4,855,16
317,2025-11-26 14:10:31+05:30,1012.0,5,1001.7,7766444,420121.0,439100.0,986.2,1012.8,981.3,986.2,120508500,1084.8,887.6,1102.5,649.1,1011.9,12,2,1011.8,101,4,1011.7,441,3,1011.6,370,5,1011.5,1382,11,1012.0,181,3,1012.1,144,2,1012.2,493,8,1012.3,1072,15,1012.4,855,16
317,2025-11-26 14:10:32+05:30,1012.0,5,1001.7,7766449,420128.0,439160.0,986.2,1012.8,981.3,986.2,120508500,1084.8,887.6,1102.5,649.1,1011.9,13,3,1011.8,101,4,1011.7,485,4,1011.6,370,5,1011.5,1334,10,1012.0,176,3,1012.1,144,2,1012.2,493,8,1012.3,1072,15,1012.4,929,17
317,2025-11-26 14:10:33+05:30,1012.0,23,1001.7,7766481,420158.0,439138.0,986.2,1012.8,981.3,986.2,120508500,1084.8,887.6,1102.5,649.1,1011.9,13,3,1011.8,101,4,1011.7,441,3,1011.6,414,6,1011.5,1334,10,1012.0,152,4,1012.1,144,2,1012.2,493,8,1012.3,1083,15,1012.4,890,16
317,2025-11-26 14:10:33+05:30,1012.0,23,1001.7,7766481,420158.0,439138.0,986.2,1012.8,981.3,986.2,120508500,1084.8,887.6,1102.5,649.1,1011.9,13,3,1011.8,101,4,1011.7,441,3,1011.6,414,6,1011.5,1334,10,1012.0,152,4,1012.1,144,2,1012.2,493,8,1012.3,1083,15,1012.4,890,16
317,2025-11-26 14:10:34+05:30,1012.0,60,1001.71,7768153,421253.0,438788.0,986.2,1012.8,981.3,986.2,120508500,1084.8,887.6,1102.5,649.1,1011.9,10,2,1011.8,101,4,1011.7,635,5,1011.6,464,7,1011.5,1330,9,1012.0,3,1,1012.1,144,2,1012.2,254,5,1012.3,1041,14,1012.4,863,16
317,2025-11-26 14:10:34+05:30,1012.0,60,1001.71,7768153,421253.0,438788.0,986.2,1012.8,981.3,986.2,120508500,1084.8,887.6,1102.5,649.1,1011.9,10,2,1011.8,101,4,1011.7,635,5,1011.6,464,7,1011.5,1330,9,1012.0,3,1,1012.1,144,2,1012.2,254,5,1012.3,1041,14,1012.4,863,16
317,2025-11-26 14:10:35+05:30,1012.0,2,1001.71,7768155,421144.0,438786.0,986.2,1012.8,981.3,986.2,120508500,1084.8,887.6,1102.5,649.1,1011.9,10,2,1011.8,101,4,1011.7,635,5,1011.6,464,7,1011.5,1330,9,1012.0,1,1,1012.1,144,2,1012.2,254,5,1012.3,1041,14,1012.4,863,16
317,2025-11-26 14:10:35+05:30,1012.0,2,1001.71,7768155,421144.0,438786.0,986.2,1012.8,981.3,986.2,120508500,1084.8,887.6,1102.5,649.1,1011.9,10,2,1011.8,101,4,1011.7,635,5,1011.6,464,7,1011.5,1330,9,1012.0,1,1,1012.1,144,2,1012.2,254,5,1012.3,1041,14,1012.4,863,16
317,2025-11-26 14:10:36+05:30,1012.1,1,1001.71,7768158,421677.0,438059.0,986.2,1012.8,981.3,986.2,120508500,1084.8,887.6,1102.5,649.1,1011.9,10,2,1011.8,72,2,1011.7,591,4,1011.6,627,9,1011.5,1374,10,1012.1,142,2,1012.2,211,5,1012.3,1041,14,1012.4,789,15,1012.5,2786,25
317,2025-11-26 14:10:36+05:30,1012.1,1,1001.71,7768158,421677.0,438059.0,986.2,1012.8,981.3,986.2,120508500,1084.8,887.6,1102.5,649.1,1011.9,10,2,1011.8,72,2,1011.7,591,4,1011.6,627,9,1011.5,1374,10,1012.1,142,2,1012.2,211,5,1012.3,1041,14,1012.4,789,15,1012.5,2786,25
317,2025-11-26 14:10:37+05:30,1012.1,1,1001.71,7768158,421637.0,438084.0,986.2,1012.8,981.3,986.2,120508500,1084.8,887.6,1102.5,649.1,1011.9,10,2,1011.8,72,2,1011.7,591,4,1011.6,627,9,1011.5,1374,10,1012.1,142,2,1012.2,211,5,1012.3,1041,14,1012.4,789,15,1012.5,2786,25
317,2025-11-26 14:10:38+05:30,1012.1,5,1001.71,7768163,421615.0,438194.0,986.2,1012.8,981.3,986.2,120508500,1084.8,887.6,1102.5,649.1,1011.9,10,2,1011.8,72,2,1011.7,591,4,1011.6,570,7,1011.5,1418,11,1012.1,213,3,1012.2,211,5,1012.3,1080,15,1012.4,789,15,1012.5,2786,25
317,2025-11-26 14:10:38+05:30,1012.1,5,1001.71,7768163,421615.0,438194.0,986.2,1012.8,981.3,986.2,120508500,1084.8,887.6,1102.5,649.1,1011.9,10,2,1011.8,72,2,1011.7,591,4,1011.6,570,7,1011.5,1418,11,1012.1,213,3,1012.2,211,5,1012.3,1080,15,1012.4,789,15,1012.5,2786,25
317,2025-11-26 14:10:39+05:30,1012.1,5,1001.71,7768163,421447.0,438593.0,986.2,1012.8,981.3,986.2,120508500,1084.8,887.6,1102.5,649.1,1011.9,10,2,1011.8,72,2,1011.7,591,4,1011.6,464,6,1011.5,1418,11,1012.0,48,1,1012.1,213,3,1012.2,251,5,1012.3,1080,15,1012.4,789,15
317,2025-11-26 14:10:40+05:30,1012.0,1,1001.71,7768164,421544.0,438554.0,986.2,1012.8,981.3,986.2,120508500,1084.8,887.6,1102.5,649.1,1011.9,10,2,1011.8,72,2,1011.7,654,5,1011.6,487,7,1011.5,1418,11,1012.0,48,2,1012.1,213,3,1012.2,251,5,1012.3,1041,14,1012.4,789,15
317,2025-11-26 14:10:40+05:30,1012.0,11,1001.71,7768164,421544.0,438554.0,986.2,1012.8,981.3,986.2,120508500,1084.8,887.6,1102.5,649.1,1011.9,10,2,1011.8,72,2,1011.7,654,5,1011.6,487,7,1011.5,1418,11,1012.0,48,2,1012.1,213,3,1012.2,251,5,1012.3,1041,14,1012.4,789,15
317,2025-11-26 14:10:41+05:30,1012.0,2,1001.71,7768235,421560.0,438257.0,986.2,1012.8,981.3,986.2,120508500,1084.8,887.6,1102.5,649.1,1011.9,13,3,1011.8,112,3,1011.7,654,5,1011.6,487,7,1011.5,1418,11,1012.0,35,1,1012.1,213,3,1012.2,251,5,1012.3,898,12,1012.4,648,13
317,2025-11-26 14:10:41+05:30,1012.0,2,1001.71,7768235,421560.0,438257.0,986.2,1012.8,981.3,986.2,120508500,1084.8,887.6,1102.5,649.1,1011.9,13,3,1011.8,112,3,1011.7,654,5,1011.6,487,7,1011.5,1418,11,1012.0,35,1,1012.1,213,3,1012.2,251,5,1012.3,898,12,1012.4,648,13
317,2025-11-26 14:10:42+05:30,1012.0,2,1001.71,7768235,421584.0,438438.0,986.2,1012.8,981.3,986.2,120508500,1084.8,887.6,1102.5,649.1,1011.9,13,3,1011.8,72,2,1011.7,591,4,1011.6,487,7,1011.5,1418,11,1012.0,35,1,1012.1,213,3,1012.2,251,5,1012.3,1039,14,1012.4,723,14
317,2025-11-26 14:10:42+05:30,1012.0,1,1001.71,7768235,421584.0,438438.0,986.2,1012.8,981.3,986.2,120508500,1084.8,887.6,1102.5,649.1,1011.9,13,3,1011.8,72,2,1011.7,591,4,1011.6,487,7,1011.5,1418,11,1012.0,35,1,1012.1,213,3,1012.2,251,5,1012.3,1039,14,1012.4,723,14
317,2025-11-26 14:10:43+05:30,1012.0,5,1001.71,7768354,421219.0,439397.0,986.2,1012.8,981.3,986.2,120508500,1084.8,887.6,1102.5,649.1,1011.9,7,1,1011.8,72,2,1011.7,514,3,1011.6,398,5,1011.5,1374,10,1012.0,88,3,1012.1,213,3,1012.2,464,7,1012.3,983,14,1012.4,657,13
317,2025-11-26 14:10:43+05:30,1012.0,5,1001.71,7768354,421219.0,439397.0,986.2,1012.8,981.3,986.2,120508500,1084.8,887.6,1102.5,649.1,1011.9,7,1,1011.8,72,2,1011.7,514,3,1011.6,398,5,1011.5,1374,10,1012.0,88,3,1012.1,213,3,1012.2,464,7,1012.3,983,14,1012.4,657,13
317,2025-11-26 14:10:44+05:30,1012.1,1,1001.71,7769078,421508.0,437549.0,986.2,1012.8,981.3,986.2,120508500,1084.8,887.6,1102.5,649.1,1011.9,8,1,1011.8,72,2,1011.7,682,5,1011.6,611,8,1011.5,1396,11,1012.1,212,3,1012.2,145,4,1012.3,673,13,1012.4,777,14,1012.5,3804,26
317,2025-11-26 14:10:44+05:30,1012.1,1,1001.71,7769078,421508.0,437549.0,986.2,1012.8,981.3,986.2,120508500,1084.8,887.6,1102.5,649.1,1011.9,8,1,1011.8,72,2,1011.7,682,5,1011.6,611,8,1011.5,1396,11,1012.1,212,3,1012.2,145,4,1012.3,673,13,1012.4,777,14,1012.5,3804,26
317,2025-11-26 14:10:45+05:30,1012.1,2,1001.71,7769081,421461.0,437599.0,986.2,1012.8,981.3,986.2,120508500,1084.8,887.6,1102.5,649.1,1011.9,13,2,1011.8,72,2,1011.7,664,5,1011.6,665,10,1011.5,1396,11,1012.1,209,3,1012.2,145,4,1012.3,971,14,1012.4,805,15,1012.5,3531,26
317,2025-11-26 14:10:45+05:30,1012.1,2,1001.71,7769081,421461.0,437599.0,986.2,1012.8,981.3,986.2,120508500,1084.8,887.6,1102.5,649.1,1011.9,13,2,1011.8,72,2,1011.7,664,5,1011.6,665,10,1011.5,1396,11,1012.1,209,3,1012.2,145,4,1012.3,971,14,1012.4,805,15,1012.5,3531,26
317,2025-11-26 14:10:46+05:30,1011.9,20,1001.71,7769198,421555.0,440581.0,986.2,1012.8,981.3,986.2,120508500,1084.8,887.6,1102.5,649.1,1011.9,8,1,1011.8,45,2,1011.7,491,3,1011.6,500,7,1011.5,1436,11,1012.0,999,1,1012.1,209,3,1012.2,463,7,1012.3,1626,16,1012.4,777,14
317,2025-11-26 14:10:46+05:30,1011.9,20,1001.71,7769198,421555.0,440581.0,986.2,1012.8,981.3,986.2,120508500,1084.8,887.6,1102.5,649.1,1011.9,8,1,1011.8,45,2,1011.7,491,3,1011.6,500,7,1011.5,1436,11,1012.0,999,1,1012.1,209,3,1012.2,463,7,1012.3,1626,16,1012.4,777,14
317,2025-11-26 14:10:47+05:30,1011.9,20,1001.71,7769198,426447.0,441159.0,986.2,1012.8,981.3,986.2,120508500,1084.8,887.6,1102.5,649.1,1011.8,48,3,1011.7,532,4,1011.6,500,7,1011.5,1395,10,1011.4,821,13,1012.0,1311,3,1012.1,239,4,1012.2,787,10,1012.3,1504,14,1012.4,1770,17
317,2025-11-26 14:10:48+05:30,1012.0,1,1001.71,7769199,426225.0,441186.0,986.2,1012.8,981.3,986.2,120508500,1084.8,887.6,1102.5,649.1,1011.8,40,2,1011.7,493,4,1011.6,500,7,1011.5,1436,11,1011.4,821,13,1012.0,1310,3,1012.1,239,4,1012.2,787,10,1012.3,1504,14,1012.4,1770,17
317,2025-11-26 14:10:48+05:30,1012.0,1,1001.71,7769199,426225.0,441186.0,986.2,1012.8,981.3,986.2,120508500,1084.8,887.6,1102.5,649.1,1011.8,40,2,1011.7,493,4,1011.6,500,7,1011.5,1436,11,1011.4,821,13,1012.0,1310,3,1012.1,239,4,1012.2,787,10,1012.3,1504,14,1012.4,1770,17
317,2025-11-26 14:10:49+05:30,1012.0,1,1001.71,7769199,426574.0,441232.0,986.2,1012.8,981.3,986.2,120508500,1084.8,887.6,1102.5,649.1,1011.8,40,2,1011.7,533,5,1011.6,500,7,1011.5,1354,11,1011.4,821,13,1011.9,21,1,1012.0,1310,3,1012.1,244,5,1012.2,787,10,1012.3,1504,14
317,2025-11-26 14:10:50+05:30,1011.9,1,1001.71,7769200,427148.0,441258.0,986.2,1012.8,981.3,986.2,120508500,1084.8,887.6,1102.5,649.1,1011.8,40,2,1011.7,406,4,1011.6,459,6,1011.5,1395,12,1011.4,820,12,1011.9,20,1,1012.0,1310,3,1012.1,394,6,1012.2,787,10,1012.3,1504,14
317,2025-11-26 14:10:50+05:30,1011.9,1,1001.71,7769200,427148.0,441258.0,986.2,1012.8,981.3,986.2,120508500,1084.8,887.6,1102.5,649.1,1011.8,40,2,1011.7,406,4,1011.6,459,6,1011.5,1395,12,1011.4,820,12,1011.9,20,1,1012.0,1310,3,1012.1,394,6,1012.2,787,10,1012.3,1504,14
317,2025-11-26 14:10:51+05:30,1011.9,1,1001.71,7769201,427240.0,441121.0,986.2,1012.8,981.3,986.2,120508500,1084.8,887.6,1102.5,649.1,1011.8,40,2,1011.7,406,4,1011.6,388,5,1011.5,1354,11,1011.4,863,13,1011.9,19,1,1012.0,1320,4,1012.1,394,6,1012.2,838,9,1012.3,1302,13
317,2025-11-26 14:10:51+05:30,1011.9,1,1001.71,7769201,427240.0,441121.0,986.2,1012.8,981.3,986.2,120508500,1084.8,887.6,1102.5,649.1,1011.8,40,2,1011.7,406,4,1011.6,388,5,1011.5,1354,11,1011.4,863,13,1011.9,19,1,1012.0,1320,4,1012.1,394,6,1012.2,838,9,1012.3,1302,13
317,2025-11-26 14:10:52+05:30,1012.1,27,1001.71,7771406,426893.0,438089.0,986.2,1012.8,981.3,986.2,120508500,1084.8,887.6,1102.5,649.1,1011.8,40,2,1011.7,366,3,1011.6,369,5,1011.5,1333,9,1011.4,894,15,1012.1,249,5,1012.2,502,8,1012.3,1009,12,1012.4,918,19,1012.5,2781,25
317,2025-11-26 14:10:52+05:30,1012.1,33,1001.71,7771406,426893.0,438089.0,986.2,1012.8,981.3,986.2,120508500,1084.8,887.6,1102.5,649.1,1011.8,40,2,1011.7,366,3,1011.6,369,5,1011.5,1333,9,1011.4,894,15,1012.1,249,5,1012.2,502,8,1012.3,1009,12,1012.4,918,19,1012.5,2781,25
317,2025-11-26 14:10:53+05:30,1012.1,20,1001.71,7771543,427244.0,438119.0,986.2,1012.8,981.3,986.2,120508500,1084.8,887.6,1102.5,649.1,1011.8,40,2,1011.7,440,5,1011.6,369,5,1011.5,1333,9,1011.4,851,14,1012.1,237,7,1012.2,502,8,1012.3,1061,15,1012.4,918,19,1012.5,2781,25
317,2025-11-26 14:10:53+05:30,1011.8,9,1001.71,7771543,427244.0,438119.0,986.2,1012.8,981.3,986.2,120508500,1084.8,887.6,1102.5,649.1,1011.8,40,2,1011.7,440,5,1011.6,369,5,1011.5,1333,9,1011.4,851,14,1012.1,237,7,1012.2,502,8,1012.3,1061,15,1012.4,918,19,1012.5,2781,25
317,2025-11-26 14:10:54+05:30,1011.8,9,1001.71,7771572,427170.0,439254.0,986.2,1012.8,981.3,986.2,120508500,1084.8,887.6,1102.5,649.1,1011.8,11,2,1011.7,366,3,1011.6,503,8,1011.5,1333,9,1011.4,851,14,1012.0,19,2,1012.1,191,6,1012.2,1042,9,1012.3,1033,14,1012.4,931,19
317,2025-11-26 14:10:54+05:30,1012.0,4,1001.71,7771572,427170.0,439254.0,986.2,1012.8,981.3,986.2,120508500,1084.8,887.6,1102.5,649.1,1011.8,11,2,1011.7,366,3,1011.6,503,8,1011.5,1333,9,1011.4,851,14,1012.0,19,2,1012.1,191,6,1012.2,1042,9,1012.3,1033,14,1012.4,931,19
317,2025-11-26 14:10:55+05:30,1012.0,4,1001.71,7771693,421487.0,439380.0,986.2,1012.8,981.3,986.2,120508500,1084.8,887.6,1102.5,649.1,1011.9,5,1,1011.8,12,3,1011.7,366,3,1011.6,389,5,1011.5,1441,11,1012.0,64,4,1012.1,191,6,1012.2,982,9,1012.3,1016,13,1012.4,903,18
317,2025-11-26 14:10:55+05:30,1012.0,12,1001.71,7771693,421487.0,439380.0,986.2,1012.8,981.3,986.2,120508500,1084.8,887.6,1102.5,649.1,1011.9,5,1,1011.8,12,3,1011.7,366,3,1011.6,389,5,1011.5,1441,11,1012.0,64,4,1012.1,191,6,1012.2,982,9,1012.3,1016,13,1012.4,903,18
317,2025-11-26 14:10:56+05:30,1012.0,3,1001.71,7771723,421569.0,439364.0,986.2,1012.8,981.3,986.2,120508500,1084.8,887.6,1102.5,649.1,1011.9,14,3,1011.8,12,3,1011.7,366,3,1011.6,389,5,1011.5,1441,11,1012.0,48,5,1012.1,191,6,1012.2,965,8,1012.3,1033,14,1012.4,903,18
317,2025-11-26 14:10:56+05:30,1012.0,3,1001.71,7771723,421569.0,439364.0,986.2,1012.8,981.3,986.2,120508500,1084.8,887.6,1102.5,649.1,1011.9,14,3,1011.8,12,3,1011.7,366,3,1011.6,389,5,1011.5,1441,11,1012.0,48,5,1012.1,191,6,1012.2,965,8,1012.3,1033,14,1012.4,903,18
317,2025-11-26 14:10:57+05:30,1012.0,3,1001.71,7771723,421883.0,439485.0,986.2,1012.8,981.3,986.2,120508500,1084.8,887.6,1102.5,649.1,1011.9,20,4,1011.8,12,3,1011.7,366,3,1011.6,389,5,1011.5,1441,11,1012.0,81,8,1012.1,279,8,1012.2,982,9,1012.3,1016,13,1012.4,903,18
317,2025-11-26 14:10:58+05:30,1011.7,24,1001.71,7771853,427139.0,439377.0,986.2,1012.8,981.3,986.2,120508500,1084.8,887.6,1102.5,649.1,1011.9,8,1,1011.7,342,3,1011.6,389,5,1011.5,1433,11,1011.4,829,13,1012.0,81,8,1012.1,272,9,1012.2,983,9,1012.3,1016,13,1012.4,903,18
317,2025-11-26 14:10:58+05:30,1011.7,24,1001.71,7771853,427139.0,439377.0,986.2,1012.8,981.3,986.2,120508500,1084.8,887.6,1102.5,649.1,1011.9,8,1,1011.7,342,3,1011.6,389,5,1011.5,1433,11,1011.4,829,13,1012.0,81,8,1012.1,272,9,1012.2,983,9,1012.3,1016,13,1012.4,903,18
317,2025-11-26 14:10:59+05:30,1011.9,4,1001.71,7772499,427769.0,439408.0,986.2,1012.8,981.3,986.2,120508500,1084.8,887.6,1102.5,649.1,1011.9,4,1,1011.7,342,3,1011.6,671,8,1011.5,1475,12,1011.4,873,15,1012.0,60,7,1012.1,186,6,1012.2,962,8,1012.3,1037,15,1012.4,877,16
317,2025-11-26 14:10:59+05:30,1011.9,4,1001.71,7772499,427769.0,439408.0,986.2,1012.8,981.3,986.2,120508500,1084.8,887.6,1102.5,649.1,1011.9,4,1,1011.7,342,3,1011.6,671,8,1011.5,1475,12,1011.4,873,15,1012.0,60,7,1012.1,186,6,1012.2,962,8,1012.3,1037,15,1012.4,877,16
317,2025-11-26 14:11:00+05:30,1011.9,2,1001.71,7772508,427483.0,439527.0,986.2,1012.8,981.3,986.2,120508500,1084.8,887.6,1102.5,649.1,1011.9,2,1,1011.7,342,3,1011.6,508,7,1011.5,1428,11,1011.4,912,16,1012.0,91,8,1012.1,186,6,1012.2,962,8,1012.3,1037,15,1012.4,815,15
317,2025-11-26 14:11:00+05:30,1011.9,2,1001.71,7772508,427483.0,439527.0,986.2,1012.8,981.3,986.2,120508500,1084.8,887.6,1102.5,649.1,1011.9,2,1,1011.7,342,3,1011.6,508,7,1011.5,1428,11,1011.4,912,16,1012.0,91,8,1012.1,186,6,1012.2,962,8,1012.3,1037,15,1012.4,815,15
317,2025-11-26 14:11:01+05:30,1012.0,1,1001.71,7772510,427656.0,439570.0,986.2,1012.8,981.3,986.2,120508500,1084.8,887.6,1102.5,649.1,1011.9,2,1,1011.7,342,3,1011.6,529,8,1011.5,1428,11,1011.4,912,16,1012.0,89,8,1012.1,186,6,1012.2,962,8,1012.3,1037,15,1012.4,815,15
317,2025-11-26 14:11:01+05:30,1012.0,5,1001.71,7772510,427656.0,439570.0,986.2,1012.8,981.3,986.2,120508500,1084.8,887.6,1102.5,649.1,1011.9,2,1,1011.7,342,3,1011.6,529,8,1011.5,1428,11,1011.4,912,16,1012.0,89,8,1012.1,186,6,1012.2,962,8,1012.3,1037,15,1012.4,815,15
317,2025-11-26 14:11:02+05:30,1012.0,5,1001.71,7772515,427727.0,439565.0,986.2,1012.8,981.3,986.2,120508500,1084.8,887.6,1102.5,649.1,1011.9,10,2,1011.7,342,3,1011.6,529,8,1011.5,1428,11,1011.4,912,16,1012.0,84,8,1012.1,186,6,1012.2,962,8,1012.3,1037,15,1012.4,815,15
317,2025-11-26 14:11:03+05:30,1012.0,15,1001.71,7772545,427727.0,439595.0,986.2,1012.8,981.3,986.2,120508500,1084.8,887.6,1102.5,649.1,1011.9,10,2,1011.7,342,3,1011.6,529,8,1011.5,1428,11,1011.4,912,16,1012.0,88,9,1012.1,186,6,1012.2,962,8,1012.3,1037,15,1012.4,841,16
317,2025-11-26 14:11:03+05:30,1012.0,15,1001.71,7772545,427727.0,439595.0,986.2,1012.8,981.3,986.2,120508500,1084.8,887.6,1102.5,649.1,1011.9,10,2,1011.7,342,3,1011.6,529,8,1011.5,1428,11,1011.4,912,16,1012.0,88,9,1012.1,186,6,1012.2,962,8,1012.3,1037,15,1012.4,841,16
317,2025-11-26 14:11:04+05:30,1012.0,21,1001.71,7772768,427731.0,439718.0,986.2,1012.8,981.3,986.2,120508500,1084.8,887.6,1102.5,649.1,1011.9,10,2,1011.7,342,3,1011.6,508,7,1011.5,1428,11,1011.4,912,16,1012.0,62,3,1012.1,246,7,1012.2,962,8,1012.3,1037,15,1012.4,901,17
317,2025-11-26 14:11:04+05:30,1012.0,21,1001.71,7772768,427731.0,439718.0,986.2,1012.8,981.3,986.2,120508500,1084.8,887.6,1102.5,649.1,1011.9,10,2,1011.7,342,3,1011.6,508,7,1011.5,1428,11,1011.4,912,16,1012.0,62,3,1012.1,246,7,1012.2,962,8,1012.3,1037,15,1012.4,901,17
317,2025-11-26 14:11:04+05:30,1012.0,21,1001.71,7772768,427731.0,439718.0,986.2,1012.8,981.3,986.2,120508500,1084.8,887.6,1102.5,649.1,1011.9,10,2,1011.7,342,3,1011.6,508,7,1011.5,1428,11,1011.4,912,16,1012.0,62,3,1012.1,246,7,1012.2,962,8,1012.3,1037,15,1012.4,901,17
317,2025-11-26 14:11:05+05:30,1011.9,2,1001.71,7773784,428286.0,439284.0,986.2,1012.8,981.3,986.2,120508500,1084.8,887.6,1102.5,649.1,1011.7,342,3,1011.6,108,1,1011.5,1269,9,1011.4,860,14,1011.3,1479,15,1011.9,32,2,1012.0,110,5,1012.1,887,11,1012.2,803,9,1012.3,803,14
317,2025-11-26 14:11:05+05:30,1011.9,2,1001.71,7773784,428286.0,439284.0,986.2,1012.8,981.3,986.2,120508500,1084.8,887.6,1102.5,649.1,1011.7,342,3,1011.6,108,1,1011.5,1269,9,1011.4,860,14,1011.3,1479,15,1011.9,32,2,1012.0,110,5,1012.1,887,11,1012.2,803,9,1012.3,803,14
317,2025-11-26 14:11:05+05:30,1011.9,1,1001.71,7773784,428286.0,439284.0,986.2,1012.8,981.3,986.2,120508500,1084.8,887.6,1102.5,649.1,1011.7,342,3,1011.6,108,1,1011.5,1269,9,1011.4,860,14,1011.3,1479,15,1011.9,32,2,1012.0,110,5,1012.1,887,11,1012.2,803,9,1012.3,803,14
317,2025-11-26 14:11:05+05:30,1011.9,1,1001.71,7773784,428286.0,439284.0,986.2,1012.8,981.3,986.2,120508500,1084.8,887.6,1102.5,649.1,1011.7,342,3,1011.6,108,1,1011.5,1269,9,1011.4,860,14,1011.3,1479,15,1011.9,32,2,1012.0,110,5,1012.1,887,11,1012.2,803,9,1012.3,803,14
317,2025-11-26 14:11:06+05:30,1011.9,1,1001.71,7773784,428286.0,439284.0,986.2,1012.8,981.3,986.2,120508500,1084.8,887.6,1102.5,649.1,1011.7,342,3,1011.6,108,1,1011.5,1269,9,1011.4,860,14,1011.3,1479,15,1011.9,32,2,1012.0,110,5,1012.1,887,11,1012.2,803,9,1012.3,803,14
317,2025-11-26 14:11:06+05:30,1012.0,27,1001.71,7773917,428835.0,439367.0,986.2,1012.8,981.3,986.2,120508500,1084.8,887.6,1102.5,649.1,1011.7,367,4,1011.6,501,4,1011.5,1466,13,1011.4,825,13,1011.3,1447,15,1012.0,98,5,1012.1,801,9,1012.2,445,7,1012.3,1051,15,1012.4,901,17
317,2025-11-26 14:11:06+05:30,1012.0,27,1001.71,7773917,428835.0,439367.0,986.2,1012.8,981.3,986.2,120508500,1084.8,887.6,1102.5,649.1,1011.7,367,4,1011.6,501,4,1011.5,1466,13,1011.4,825,13,1011.3,1447,15,1012.0,98,5,1012.1,801,9,1012.2,445,7,1012.3,1051,15,1012.4,901,17
317,2025-11-26 14:11:06+05:30,1012.0,27,1001.71,7773917,428835.0,439367.0,986.2,1012.8,981.3,986.2,120508500,1084.8,887.6,1102.5,649.1,1011.7,367,4,1011.6,501,4,1011.5,1466,13,1011.4,825,13,1011.3,1447,15,1012.0,98,5,1012.1,801,9,1012.2,445,7,1012.3,1051,15,1012.4,901,17
317,2025-11-26 14:11:07+05:30,1012.0,27,1001.71,7773917,428835.0,439367.0,986.2,1012.8,981.3,986.2,120508500,1084.8,887.6,1102.5,649.1,1011.7,367,4,1011.6,501,4,1011.5,1466,13,1011.4,825,13,1011.3,1447,15,1012.0,98,5,1012.1,801,9,1012.2,445,7,1012.3,1051,15,1012.4,901,17
317,2025-11-26 14:11:07+05:30,1012.0,1,1001.71,7773918,428897.0,439420.0,986.2,1012.8,981.3,986.2,120508500,1084.8,887.6,1102.5,649.1,1011.7,335,3,1011.6,501,4,1011.5,1427,12,1011.4,893,15,1011.3,1416,14,1012.0,97,5,1012.1,801,9,1012.2,443,6,1012.3,1107,16,1012.4,901,17
317,2025-11-26 14:11:07+05:30,1012.0,1,1001.71,7773918,428897.0,439420.0,986.2,1012.8,981.3,986.2,120508500,1084.8,887.6,1102.5,649.1,1011.7,335,3,1011.6,501,4,1011.5,1427,12,1011.4,893,15,1011.3,1416,14,1012.0,97,5,1012.1,801,9,1012.2,443,6,1012.3,1107,16,1012.4,901,17
317,2025-11-26 14:11:07+05:30,1012.0,1,1001.71,7773918,428897.0,439420.0,986.2,1012.8,981.3,986.2,120508500,1084.8,887.6,1102.5,649.1,1011.7,335,3,1011.6,501,4,1011.5,1427,12,1011.4,893,15,1011.3,1416,14,1012.0,97,5,1012.1,801,9,1012.2,443,6,1012.3,1107,16,1012.4,901,17
317,2025-11-26 14:11:07+05:30,1012.0,1,1001.71,7773918,428897.0,439420.0,986.2,1012.8,981.3,986.2,120508500,1084.8,887.6,1102.5,649.1,1011.7,335,3,1011.6,501,4,1011.5,1427,12,1011.4,893,15,1011.3,1416,14,1012.0,97,5,1012.1,801,9,1012.2,443,6,1012.3,1107,16,1012.4,901,17
317,2025-11-26 14:11:08+05:30,1012.0,1,1001.71,7773918,428897.0,439420.0,986.2,1012.8,981.3,986.2,120508500,1084.8,887.6,1102.5,649.1,1011.7,335,3,1011.6,501,4,1011.5,1427,12,1011.4,893,15,1011.3,1416,14,1012.0,97,5,1012.1,801,9,1012.2,443,6,1012.3,1107,16,1012.4,901,17
317,2025-11-26 14:11:08+05:30,1012.0,3,1001.71,7773923,428922.0,438963.0,986.2,1012.8,981.3,986.2,120508500,1084.8,887.6,1102.5,649.1,1011.7,335,3,1011.6,501,4,1011.5,1427,12,1011.4,854,14,1011.3,1455,15,1012.0,93,5,1012.1,283,9,1012.2,483,7,1012.3,1107,16,1012.4,901,17
317,2025-11-26 14:11:08+05:30,1012.0,3,1001.71,7773923,428922.0,438963.0,986.2,1012.8,981.3,986.2,120508500,1084.8,887.6,1102.5,649.1,1011.7,335,3,1011.6,501,4,1011.5,1427,12,1011.4,854,14,1011.3,1455,15,1012.0,93,5,1012.1,283,9,1012.2,483,7,1012.3,1107,16,1012.4,901,17
317,2025-11-26 14:11:08+05:30,1012.0,3,1001.71,7773923,428922.0,438963.0,986.2,1012.8,981.3,986.2,120508500,1084.8,887.6,1102.5,649.1,1011.7,335,3,1011.6,501,4,1011.5,1427,12,1011.4,854,14,1011.3,1455,15,1012.0,93,5,1012.1,283,9,1012.2,483,7,1012.3,1107,16,1012.4,901,17
317,2025-11-26 14:11:08+05:30,1012.0,3,1001.71,7773923,428922.0,438963.0,986.2,1012.8,981.3,986.2,120508500,1084.8,887.6,1102.5,649.1,1011.7,335,3,1011.6,501,4,1011.5,1427,12,1011.4,854,14,1011.3,1455,15,1012.0,93,5,1012.1,283,9,1012.2,483,7,1012.3,1107,16,1012.4,901,17
317,2025-11-26 14:11:09+05:30,1012.0,3,1001.71,7773923,428922.0,438963.0,986.2,1012.8,981.3,986.2,120513750,1084.8,887.6,1102.5,649.1,1011.7,335,3,1011.6,501,4,1011.5,1427,12,1011.4,854,14,1011.3,1455,15,1012.0,93,5,1012.1,283,9,1012.2,483,7,1012.3,1107,16,1012.4,901,17
317,2025-11-26 14:11:09+05:30,1012.0,3,1001.71,7773923,429297.0,439887.0,986.2,1012.8,981.3,986.2,120513750,1084.8,887.6,1102.5,649.1,1011.7,335,3,1011.6,339,4,1011.5,1286,11,1011.4,884,15,1011.3,1389,14,1011.8,42,1,1012.0,75,4,1012.1,1045,14,1012.2,760,8,1012.3,783,13
317,2025-11-26 14:11:09+05:30,1012.0,3,1001.71,7773923,429297.0,439887.0,986.2,1012.8,981.3,986.2,120513750,1084.8,887.6,1102.5,649.1,1011.7,335,3,1011.6,339,4,1011.5,1286,11,1011.4,884,15,1011.3,1389,14,1011.8,42,1,1012.0,75,4,1012.1,1045,14,1012.2,760,8,1012.3,783,13
317,2025-11-26 14:11:09+05:30,1011.8,100,1001.71,7773923,429297.0,439887.0,986.2,1012.8,981.3,986.2,120513750,1084.8,887.6,1102.5,649.1,1011.7,335,3,1011.6,339,4,1011.5,1286,11,1011.4,884,15,1011.3,1389,14,1011.8,42,1,1012.0,75,4,1012.1,1045,14,1012.2,760,8,1012.3,783,13
317,2025-11-26 14:11:09+05:30,1011.8,100,1001.71,7773923,429297.0,439887.0,986.2,1012.8,981.3,986.2,120513750,1084.8,887.6,1102.5,649.1,1011.7,335,3,1011.6,339,4,1011.5,1286,11,1011.4,884,15,1011.3,1389,14,1011.8,42,1,1012.0,75,4,1012.1,1045,14,1012.2,760,8,1012.3,783,13
317,2025-11-26 14:11:10+05:30,1011.8,1,1001.71,7774024,429470.0,439884.0,986.2,1012.8,981.3,986.2,120513750,1084.8,887.6,1102.5,649.1,1011.7,348,4,1011.5,1153,8,1011.4,905,16,1011.3,856,13,1011.2,1932,13,1011.8,41,1,1012.0,85,5,1012.1,1045,14,1012.2,834,9,1012.3,783,13
317,2025-11-26 14:11:10+05:30,1011.8,1,1001.71,7774024,429470.0,439884.0,986.2,1012.8,981.3,986.2,120513750,1084.8,887.6,1102.5,649.1,1011.7,348,4,1011.5,1153,8,1011.4,905,16,1011.3,856,13,1011.2,1932,13,1011.8,41,1,1012.0,85,5,1012.1,1045,14,1012.2,834,9,1012.3,783,13
317,2025-11-26 14:11:11+05:30,1011.8,30,1001.71,7774056,429467.0,439676.0,986.2,1012.8,981.3,986.2,120513750,1084.8,887.6,1102.5,649.1,1011.7,348,4,1011.5,1189,9,1011.4,866,15,1011.3,856,13,1011.2,1932,13,1011.8,9,1,1012.0,140,6,1012.1,1045,14,1012.2,834,9,1012.3,783,13
317,2025-11-26 14:11:11+05:30,1011.8,30,1001.71,7774056,429467.0,439676.0,986.2,1012.8,981.3,986.2,120513750,1084.8,887.6,1102.5,649.1,1011.7,348,4,1011.5,1189,9,1011.4,866,15,1011.3,856,13,1011.2,1932,13,1011.8,9,1,1012.0,140,6,1012.1,1045,14,1012.2,834,9,1012.3,783,13
317,2025-11-26 14:11:12+05:30,1011.8,30,1001.71,7774056,429512.0,440255.0,986.2,1012.8,981.3,986.2,120513750,1084.8,887.6,1102.5,649.1,1011.7,348,4,1011.5,1189,9,1011.4,866,15,1011.3,856,13,1011.2,1419,12,1011.8,9,1,1012.0,140,6,1012.1,989,13,1012.2,1584,10,1012.3,783,13
317,2025-11-26 14:11:12+05:30,1011.8,5,1001.71,7774056,429512.0,440255.0,986.2,1012.8,981.3,986.2,120513750,1084.8,887.6,1102.5,649.1,1011.7,348,4,1011.5,1189,9,1011.4,866,15,1011.3,856,13,1011.2,1419,12,1011.8,9,1,1012.0,140,6,1012.1,989,13,1012.2,1584,10,1012.3,783,13
317,2025-11-26 14:11:13+05:30,1011.8,4,1001.71,7774172,429335.0,440410.0,986.2,1012.8,981.3,986.2,120513750,1084.8,887.6,1102.5,649.1,1011.7,270,4,1011.5,1189,9,1011.4,866,15,1011.3,856,13,1011.2,1890,13,1011.8,46,2,1012.0,166,8,1012.1,989,13,1012.2,1584,10,1012.3,783,13
317,2025-11-26 14:11:13+05:30,1011.8,4,1001.71,7774172,429335.0,440410.0,986.2,1012.8,981.3,986.2,120513750,1084.8,887.6,1102.5,649.1,1011.7,270,4,1011.5,1189,9,1011.4,866,15,1011.3,856,13,1011.2,1890,13,1011.8,46,2,1012.0,166,8,1012.1,989,13,1012.2,1584,10,1012.3,783,13
317,2025-11-26 14:11:14+05:30,1011.8,3,1001.71,7774443,429169.0,440676.0,986.2,1012.8,981.3,986.2,120513750,1084.8,887.6,1102.5,649.1,1011.7,12,3,1011.5,1003,7,1011.4,828,14,1011.3,1456,15,1011.2,1397,11,1011.8,174,2,1011.9,42,1,1012.0,468,11,1012.1,949,12,1012.2,1544,9
317,2025-11-26 14:11:14+05:30,1011.8,107,1001.71,7774443,429169.0,440676.0,986.2,1012.8,981.3,986.2,120513750,1084.8,887.6,1102.5,649.1,1011.7,12,3,1011.5,1003,7,1011.4,828,14,1011.3,1456,15,1011.2,1397,11,1011.8,174,2,1011.9,42,1,1012.0,468,11,1012.1,949,12,1012.2,1544,9
317,2025-11-26 14:11:15+05:30,1011.8,2,1001.71,7774558,429131.0,440518.0,986.2,1012.8,981.3,986.2,120513750,1084.8,887.6,1102.5,649.1,1011.7,12,3,1011.5,1155,8,1011.4,882,15,1011.3,1456,15,1011.2,1397,11,1011.8,160,3,1011.9,42,1,1012.0,413,10,1012.1,948,12,1012.2,1544,9
317,2025-11-26 14:11:15+05:30,1011.8,2,1001.71,7774558,429131.0,440518.0,986.2,1012.8,981.3,986.2,120513750,1084.8,887.6,1102.5,649.1,1011.7,12,3,1011.5,1155,8,1011.4,882,15,1011.3,1456,15,1011.2,1397,11,1011.8,160,3,1011.9,42,1,1012.0,413,10,1012.1,948,12,1012.2,1544,9
317,2025-11-26 14:11:16+05:30,1011.8,1,1001.71,7774559,429242.0,440814.0,986.2,1012.8,981.3,986.2,120513750,1084.8,887.6,1102.5,649.1,1011.7,12,3,1011.5,1155,8,1011.4,882,15,1011.3,892,14,1011.2,2035,13,1011.8,159,3,1011.9,42,1,1012.0,413,10,1012.1,948,12,1012.2,1544,9
317,2025-11-26 14:11:16+05:30,1011.8,1,1001.71,7774559,429242.0,440814.0,986.2,1012.8,981.3,986.2,120513750,1084.8,887.6,1102.5,649.1,1011.7,12,3,1011.5,1155,8,1011.4,882,15,1011.3,892,14,1011.2,2035,13,1011.8,159,3,1011.9,42,1,1012.0,413,10,1012.1,948,12,1012.2,1544,9
317,2025-11-26 14:11:17+05:30,1011.8,1,1001.71,7774559,429180.0,440645.0,986.2,1012.8,981.3,986.2,120513750,1084.8,887.6,1102.5,649.1,1011.7,12,3,1011.5,1155,8,1011.4,882,15,1011.3,892,14,1011.2,1973,13,1011.8,159,3,1011.9,42,1,1012.0,413,10,1012.1,948,12,1012.2,1544,9
317,2025-11-26 14:11:17+05:30,1011.8,2,1001.71,7774559,429180.0,440645.0,986.2,1012.8,981.3,986.2,120513750,1084.8,887.6,1102.5,649.1,1011.7,12,3,1011.5,1155,8,1011.4,882,15,1011.3,892,14,1011.2,1973,13,1011.8,159,3,1011.9,42,1,1012.0,413,10,1012.1,948,12,1012.2,1544,9
317,2025-11-26 14:11:18+05:30,1011.7,29,1001.72,7774680,429354.0,440753.0,986.2,1012.8,981.3,986.2,120513750,1084.8,887.6,1102.5,649.1,1011.7,8,1,1011.5,1039,8,1011.4,846,14,1011.3,892,14,1011.2,2053,13,1011.8,93,1,1011.9,42,1,1012.0,413,10,1012.1,948,12,1012.2,1550,10
317,2025-11-26 14:11:18+05:30,1011.7,29,1001.72,7774680,429354.0,440753.0,986.2,1012.8,981.3,986.2,120513750,1084.8,887.6,1102.5,649.1,1011.7,8,1,1011.5,1039,8,1011.4,846,14,1011.3,892,14,1011.2,2053,13,1011.8,93,1,1011.9,42,1,1012.0,413,10,1012.1,948,12,1012.2,1550,10
317,2025-11-26 14:11:19+05:30,1011.7,9,1001.72,7774689,427677.0,441318.0,986.2,1012.8,981.3,986.2,120513750,1084.8,887.6,1102.5,649.1,1011.5,1012,10,1011.4,675,12,1011.3,843,12,1011.2,813,11,1011.1,1480,12,1011.7,7,1,1011.8,101,2,1011.9,244,2,1012.0,524,11,1012.1,1263,13
317,2025-11-26 14:11:19+05:30,1011.7,9,1001.72,7774689,427677.0,441318.0,986.2,1012.8,981.3,986.2,120513750,1084.8,887.6,1102.5,649.1,1011.5,1012,10,1011.4,675,12,1011.3,843,12,1011.2,813,11,1011.1,1480,12,1011.7,7,1,1011.8,101,2,1011.9,244,2,1012.0,524,11,1012.1,1263,13
317,2025-11-26 14:11:20+05:30,1011.7,2,1001.72,7774692,429444.0,440987.0,986.2,1012.8,981.3,986.2,120513750,1084.8,887.6,1102.5,649.1,1011.6,821,4,1011.5,429,11,1011.4,590,10,1011.3,824,12,1011.2,1566,15,1011.7,4,1,1011.8,104,4,1011.9,42,1,1012.0,524,11,1012.1,936,13
317,2025-11-26 14:11:20+05:30,1011.7,1,1001.72,7774692,429444.0,440987.0,986.2,1012.8,981.3,986.2,120513750,1084.8,887.6,1102.5,649.1,1011.6,821,4,1011.5,429,11,1011.4,590,10,1011.3,824,12,1011.2,1566,15,1011.7,4,1,1011.8,104,4,1011.9,42,1,1012.0,524,11,1012.1,936,13
317,2025-11-26 14:11:21+05:30,1011.7,1,1001.72,7774694,429617.0,440528.0,986.2,1012.8,981.3,986.2,120513750,1084.8,887.6,1102.5,649.1,1011.6,888,7,1011.5,429,11,1011.4,590,10,1011.3,837,13,1011.2,1553,14,1011.7,2,1,1011.8,122,5,1011.9,42,1,1012.0,549,12,1012.1,361,12
317,2025-11-26 14:11:21+05:30,1011.7,1,1001.72,7774694,429617.0,440528.0,986.2,1012.8,981.3,986.2,120513750,1084.8,887.6,1102.5,649.1,1011.6,888,7,1011.5,429,11,1011.4,590,10,1011.3,837,13,1011.2,1553,14,1011.7,2,1,1011.8,122,5,1011.9,42,1,1012.0,549,12,1012.1,361,12
317,2025-11-26 14:11:22+05:30,1011.7,1,1001.72,7774694,429694.0,440511.0,986.2,1012.8,981.3,986.2,120513750,1084.8,887.6,1102.5,649.1,1011.6,869,6,1011.5,429,11,1011.4,590,10,1011.3,837,13,1011.2,1553,14,1011.7,2,1,1011.8,122,5,1011.9,42,1,1012.0,549,12,1012.1,307,11
317,2025-11-26 14:11:23+05:30,1011.7,23,1001.72,7774725,429683.0,440486.0,986.2,1012.8,981.3,986.2,120513750,1084.8,887.6,1102.5,649.1,1011.6,807,4,1011.5,429,11,1011.4,590,10,1011.3,837,13,1011.2,1553,14,1011.7,26,2,1011.8,160,6,1012.0,549,12,1012.1,541,12,1012.2,1424,8
317,2025-11-26 14:11:23+05:30,1011.7,23,1001.72,7774725,429683.0,440486.0,986.2,1012.8,981.3,986.2,120513750,1084.8,887.6,1102.5,649.1,1011.6,807,4,1011.5,429,11,1011.4,590,10,1011.3,837,13,1011.2,1553,14,1011.7,26,2,1011.8,160,6,1012.0,549,12,1012.1,541,12,1012.2,1424,8
317,2025-11-26 14:11:24+05:30,1011.6,8,1001.72,7775092,429194.0,440365.0,986.2,1012.8,981.3,986.2,120513750,1084.8,887.6,1102.5,649.1,1011.6,739,7,1011.5,441,11,1011.4,613,11,1011.3,814,12,1011.2,2082,15,1011.8,160,6,1012.0,438,11,1012.1,541,12,1012.2,1472,9,1012.3,844,13
317,2025-11-26 14:11:24+05:30,1011.6,8,1001.72,7775092,429194.0,440365.0,986.2,1012.8,981.3,986.2,120513750,1084.8,887.6,1102.5,649.1,1011.6,739,7,1011.5,441,11,1011.4,613,11,1011.3,814,12,1011.2,2082,15,1011.8,160,6,1012.0,438,11,1012.1,541,12,1012.2,1472,9,1012.3,844,13
317,2025-11-26 14:11:25+05:30,1011.8,11,1001.72,7775118,429336.0,440339.0,986.2,1012.8,981.3,986.2,120513750,1084.8,887.6,1102.5,649.1,1011.6,775,8,1011.5,441,11,1011.4,613,11,1011.3,1016,13,1011.2,2082,15,1011.8,134,6,1012.0,438,11,1012.1,541,12,1012.2,1472,9,1012.3,844,13
317,2025-11-26 14:11:25+05:30,1011.8,1,1001.72,7775118,429336.0,440339.0,986.2,1012.8,981.3,986.2,120513750,1084.8,887.6,1102.5,649.1,1011.6,775,8,1011.5,441,11,1011.4,613,11,1011.3,1016,13,1011.2,2082,15,1011.8,134,6,1012.0,438,11,1012.1,541,12,1012.2,1472,9,1012.3,844,13
317,2025-11-26 14:11:26+05:30,1011.8,5,1001.72,7775126,429305.0,440838.0,986.2,1012.8,981.3,986.2,120513750,1084.8,887.6,1102.5,649.1,1011.6,744,7,1011.5,441,11,1011.4,613,11,1011.3,1016,13,1011.2,2082,15,1011.8,329,7,1012.0,286,10,1012.1,519,10,1012.2,1489,10,1012.3,906,17
317,2025-11-26 14:11:26+05:30,1011.8,5,1001.72,7775126,429305.0,440838.0,986.2,1012.8,981.3,986.2,120513750,1084.8,887.6,1102.5,649.1,1011.6,744,7,1011.5,441,11,1011.4,613,11,1011.3,1016,13,1011.2,2082,15,1011.8,329,7,1012.0,286,10,1012.1,519,10,1012.2,1489,10,1012.3,906,17
317,2025-11-26 14:11:27+05:30,1011.8,10,1001.72,7775136,429305.0,440769.0,986.2,1012.8,981.3,986.2,120513750,1084.8,887.6,1102.5,649.1,1011.6,744,7,1011.5,441,11,1011.4,613,11,1011.3,1016,13,1011.2,2082,15,1011.8,319,7,1012.0,266,9,1012.1,479,9,1012.2,1489,10,1012.3,906,17
317,2025-11-26 14:11:27+05:30,1011.8,10,1001.72,7775136,429305.0,440769.0,986.2,1012.8,981.3,986.2,120513750,1084.8,887.6,1102.5,649.1,1011.6,744,7,1011.5,441,11,1011.4,613,11,1011.3,1016,13,1011.2,2082,15,1011.8,319,7,1012.0,266,9,1012.1,479,9,1012.2,1489,10,1012.3,906,17
317,2025-11-26 14:11:28+05:30,1011.8,10,1001.72,7775136,429274.0,440799.0,986.2,1012.8,981.3,986.2,120513750,1084.8,887.6,1102.5,649.1,1011.6,713,6,1011.5,441,11,1011.4,613,11,1011.3,1016,13,1011.2,2082,15,1011.8,319,7,1012.0,266,9,1012.1,479,9,1012.2,1489,10,1012.3,906,17
317,2025-11-26 14:11:29+05:30,1011.6,1,1001.72,7775137,430496.0,440901.0,986.2,1012.8,981.3,986.2,120513750,1084.8,887.6,1102.5,649.1,1011.6,601,4,1011.5,441,11,1011.4,590,10,1011.3,814,12,1011.2,2082,15,1011.7,11,1,1011.8,319,7,1012.0,320,8,1012.1,479,9,1012.2,1582,13
317,2025-11-26 14:11:29+05:30,1011.6,1,1001.72,7775137,430496.0,440901.0,986.2,1012.8,981.3,986.2,120513750,1084.8,887.6,1102.5,649.1,1011.6,601,4,1011.5,441,11,1011.4,590,10,1011.3,814,12,1011.2,2082,15,1011.7,11,1,1011.8,319,7,1012.0,320,8,1012.1,479,9,1012.2,1582,13
317,2025-11-26 14:11:30+05:30,1011.7,27,1001.72,7775197,430525.0,440949.0,986.2,1012.8,981.3,986.2,120513750,1084.8,887.6,1102.5,649.1,1011.6,749,7,1011.5,441,11,1011.4,590,10,1011.3,845,13,1011.2,2079,15,1011.7,11,1,1011.8,319,7,1012.0,320,8,1012.1,528,10,1012.2,1581,13
317,2025-11-26 14:11:30+05:30,1011.7,27,1001.72,7775197,430525.0,440949.0,986.2,1012.8,981.3,986.2,120513750,1084.8,887.6,1102.5,649.1,1011.6,749,7,1011.5,441,11,1011.4,590,10,1011.3,845,13,1011.2,2079,15,1011.7,11,1,1011.8,319,7,1012.0,320,8,1012.1,528,10,1012.2,1581,13
317,2025-11-26 14:11:31+05:30,1011.8,139,1001.72,7775501,429301.0,440845.0,986.2,1012.8,981.3,986.2,120513750,1084.8,887.6,1102.5,649.1,1011.6,889,8,1011.5,441,11,1011.4,621,11,1011.3,1016,13,1011.2,1927,14,1011.8,203,4,1012.0,320,8,1012.1,519,9,1012.2,1568,12,1012.3,880,15
317,2025-11-26 14:11:31+05:30,1011.8,139,1001.72,7775501,429301.0,440845.0,986.2,1012.8,981.3,986.2,120513750,1084.8,887.6,1102.5,649.1,1011.6,889,8,1011.5,441,11,1011.4,621,11,1011.3,1016,13,1011.2,1927,14,1011.8,203,4,1012.0,320,8,1012.1,519,9,1012.2,1568,12,1012.3,880,15
317,2025-11-26 14:11:32+05:30,1011.8,139,1001.72,7775501,429476.0,440010.0,986.2,1012.8,981.3,986.2,120513750,1084.8,887.6,1102.5,649.1,1011.6,955,10,1011.5,441,11,1011.4,730,12,1011.3,1016,13,1011.2,1927,14,1011.8,203,4,1012.0,212,7,1012.1,534,10,1012.2,831,12,1012.3,880,15
317,2025-11-26 14:11:33+05:30,1011.8,5,1001.72,7775533,429472.0,440159.0,986.2,1012.8,981.3,986.2,120513750,1084.8,887.6,1102.5,649.1,1011.6,981,11,1011.5,441,11,1011.4,701,11,1011.3,1016,13,1011.2,1927,14,1011.8,179,5,1012.0,212,7,1012.1,450,9,1012.2,831,12,1012.3,880,15
317,2025-11-26 14:11:33+05:30,1011.8,1,1001.72,7775533,429472.0,440159.0,986.2,1012.8,981.3,986.2,120513750,1084.8,887.6,1102.5,649.1,1011.6,981,11,1011.5,441,11,1011.4,701,11,1011.3,1016,13,1011.2,1927,14,1011.8,179,5,1012.0,212,7,1012.1,450,9,1012.2,831,12,1012.3,880,15
317,2025-11-26 14:11:34+05:30,1011.8,5,1001.72,7775539,429579.0,440142.0,986.2,1012.8,981.3,986.2,120513750,1084.8,887.6,1102.5,649.1,1011.7,112,1,1011.6,875,9,1011.5,441,11,1011.4,701,11,1011.3,990,11,1011.8,173,5,1012.0,269,8,1012.1,593,10,1012.2,533,11,1012.3,888,16
317,2025-11-26 14:11:34+05:30,1011.8,5,1001.72,7775539,429579.0,440142.0,986.2,1012.8,981.3,986.2,120513750,1084.8,887.6,1102.5,649.1,1011.7,112,1,1011.6,875,9,1011.5,441,11,1011.4,701,11,1011.3,990,11,1011.8,173,5,1012.0,269,8,1012.1,593,10,1012.2,533,11,1012.3,888,16
317,2025-11-26 14:11:35+05:30,1011.8,2,1001.72,7775541,429547.0,440116.0,986.2,1012.8,981.3,986.2,120513750,1084.8,887.6,1102.5,649.1,1011.7,112,1,1011.6,844,8,1011.5,441,11,1011.4,701,11,1011.3,1025,12,1011.8,171,5,1012.0,269,8,1012.1,593,10,1012.2,533,11,1012.3,888,16
317,2025-11-26 14:11:35+05:30,1011.8,2,1001.72,7775541,429547.0,440116.0,986.2,1012.8,981.3,986.2,120513750,1084.8,887.6,1102.5,649.1,1011.7,112,1,1011.6,844,8,1011.5,441,11,1011.4,701,11,1011.3,1025,12,1011.8,171,5,1012.0,269,8,1012.1,593,10,1012.2,533,11,1012.3,888,16
317,2025-11-26 14:11:36+05:30,1011.8,2,1001.72,7775543,429417.0,440184.0,986.2,1012.8,981.3,986.2,120513750,1084.8,887.6,1102.5,649.1,1011.7,133,3,1011.6,679,6,1011.5,438,11,1011.4,692,11,1011.3,1025,12,1011.8,314,7,1012.0,269,8,1012.1,593,10,1012.2,836,13,1012.3,888,16
317,2025-11-26 14:11:36+05:30,1011.8,2,1001.72,7775543,429417.0,440184.0,986.2,1012.8,981.3,986.2,120513750,1084.8,887.6,1102.5,649.1,1011.7,133,3,1011.6,679,6,1011.5,438,11,1011.4,692,11,1011.3,1025,12,1011.8,314,7,1012.0,269,8,1012.1,593,10,1012.2,836,13,1012.3,888,16
317,2025-11-26 14:11:37+05:30,1011.8,2,1001.72,7775543,429426.0,440417.0,986.2,1012.8,981.3,986.2,120513750,1084.8,887.6,1102.5,649.1,1011.7,133,3,1011.6,645,5,1011.5,469,12,1011.4,692,11,1011.3,1025,12,1011.8,443,8,1012.0,269,8,1012.1,593,10,1012.2,836,13,1012.3,888,16
317,2025-11-26 14:11:38+05:30,1011.7,71,1001.72,7775614,429122.0,440373.0,986.2,1012.8,981.3,986.2,120513750,1084.8,887.6,1102.5,649.1,1011.7,62,3,1011.6,645,5,1011.5,438,11,1011.4,692,11,1011.3,823,11,1011.8,435,7,1012.0,415,9,1012.1,585,9,1012.2,836,13,1012.3,888,16
317,2025-11-26 14:11:38+05:30,1011.7,71,1001.72,7775614,429122.0,440373.0,986.2,1012.8,981.3,986.2,120513750,1084.8,887.6,1102.5,649.1,1011.7,62,3,1011.6,645,5,1011.5,438,11,1011.4,692,11,1011.3,823,11,1011.8,435,7,1012.0,415,9,1012.1,585,9,1012.2,836,13,1012.3,888,16
317,2025-11-26 14:11:39+05:30,1011.8,7,1001.72,7776201,429395.0,440058.0,986.2,1012.8,981.3,986.2,120513750,1084.8,887.6,1102.5,649.1,1011.7,8,1,1011.6,719,7,1011.5,424,10,1011.4,701,11,1011.3,1025,12,1011.8,102,3,1012.0,281,9,1012.1,536,8,1012.2,836,13,1012.3,888,16
317,2025-11-26 14:11:39+05:30,1011.8,7,1001.72,7776201,429395.0,440058.0,986.2,1012.8,981.3,986.2,120513750,1084.8,887.6,1102.5,649.1,1011.7,8,1,1011.6,719,7,1011.5,424,10,1011.4,701,11,1011.3,1025,12,1011.8,102,3,1012.0,281,9,1012.1,536,8,1012.2,836,13,1012.3,888,16
317,2025-11-26 14:11:40+05:30,1011.8,1,1001.72,7776202,429667.0,440058.0,986.2,1012.8,981.3,986.2,120513750,1084.8,887.6,1102.5,649.1,1011.7,8,1,1011.6,719,7,1011.5,424,10,1011.4,730,12,1011.3,1025,12,1011.8,101,3,1012.0,281,9,1012.1,536,8,1012.2,836,13,1012.3,888,16
317,2025-11-26 14:11:40+05:30,1011.8,1,1001.72,7776202,429667.0,440058.0,986.2,1012.8,981.3,986.2,120513750,1084.8,887.6,1102.5,649.1,1011.7,8,1,1011.6,719,7,1011.5,424,10,1011.4,730,12,1011.3,1025,12,1011.8,101,3,1012.0,281,9,1012.1,536,8,1012.2,836,13,1012.3,888,16
317,2025-11-26 14:11:41+05:30,1011.8,8,1001.72,7776349,429804.0,440036.0,986.2,1012.8,981.3,986.2,120513750,1084.8,887.6,1102.5,649.1,1011.7,71,4,1011.6,987,10,1011.5,392,9,1011.4,723,12,1011.3,1025,12,1011.8,33,2,1011.9,57,1,1012.0,254,9,1012.1,146,6,1012.2,1082,13
317,2025-11-26 14:11:41+05:30,1011.8,10,1001.72,7776349,429804.0,440036.0,986.2,1012.8,981.3,986.2,120513750,1084.8,887.6,1102.5,649.1,1011.7,71,4,1011.6,987,10,1011.5,392,9,1011.4,723,12,1011.3,1025,12,1011.8,33,2,1011.9,57,1,1012.0,254,9,1012.1,146,6,1012.2,1082,13
317,2025-11-26 14:11:42+05:30,1011.8,10,1001.72,7776359,429815.0,440204.0,986.2,1012.8,981.3,986.2,120513750,1084.8,887.6,1102.5,649.1,1011.7,82,6,1011.6,987,10,1011.5,392,9,1011.4,723,12,1011.3,1025,12,1011.8,23,2,1011.9,57,1,1012.0,254,9,1012.1,146,6,1012.2,1082,13
317,2025-11-26 14:11:43+05:30,1011.8,19,1001.72,7776481,429594.0,440192.0,986.2,1012.8,981.3,986.2,120513750,1084.8,887.6,1102.5,649.1,1011.7,39,3,1011.6,761,8,1011.5,392,9,1011.4,694,11,1011.3,1100,13,1011.8,2,1,1011.9,57,1,1012.0,254,9,1012.1,848,8,1012.2,770,12
317,2025-11-26 14:11:43+05:30,1011.8,19,1001.72,7776481,429594.0,440192.0,986.2,1012.8,981.3,986.2,120513750,1084.8,887.6,1102.5,649.1,1011.7,39,3,1011.6,761,8,1011.5,392,9,1011.4,694,11,1011.3,1100,13,1011.8,2,1,1011.9,57,1,1012.0,254,9,1012.1,848,8,1012.2,770,12
317,2025-11-26 14:11:44+05:30,1011.8,2,1001.72,7776483,430428.0,439788.0,986.2,1012.8,981.3,986.2,120513750,1084.8,887.6,1102.5,649.1,1011.8,29,2,1011.7,57,3,1011.6,716,7,1011.5,521,11,1011.4,694,11,1011.9,96,2,1012.0,254,9,1012.1,742,7,1012.2,472,11,1012.3,1167,16
317,2025-11-26 14:11:44+05:30,1011.9,3,1001.72,7776483,430428.0,439788.0,986.2,1012.8,981.3,986.2,120513750,1084.8,887.6,1102.5,649.1,1011.8,29,2,1011.7,57,3,1011.6,716,7,1011.5,521,11,1011.4,694,11,1011.9,96,2,1012.0,254,9,1012.1,742,7,1012.2,472,11,1012.3,1167,16
317,2025-11-26 14:11:45+05:30,1011.9,3,1001.72,7776539,430224.0,439757.0,986.2,1012.8,981.3,986.2,120513750,1084.8,887.6,1102.5,649.1,1011.8,43,3,1011.7,85,4,1011.6,780,8,1011.5,477,9,1011.4,694,11,1011.9,90,2,1012.0,254,9,1012.1,742,7,1012.2,443,10,1012.3,1114,16
317,2025-11-26 14:11:45+05:30,1011.8,10,1001.72,7776539,430224.0,439757.0,986.2,1012.8,981.3,986.2,120513750,1084.8,887.6,1102.5,649.1,1011.8,43,3,1011.7,85,4,1011.6,780,8,1011.5,477,9,1011.4,694,11,1011.9,90,2,1012.0,254,9,1012.1,742,7,1012.2,443,10,1012.3,1114,16
317,2025-11-26 14:11:46+05:30,1011.9,1,1001.72,7776650,429976.0,439728.0,986.2,1012.8,981.3,986.2,120513750,1084.8,887.6,1102.5,649.1,1011.8,27,3,1011.7,11,2,1011.6,853,8,1011.5,405,7,1011.4,687,11,1011.9,89,2,1012.0,254,9,1012.1,742,7,1012.2,415,9,1012.3,1114,16
317,2025-11-26 14:11:46+05:30,1011.9,5,1001.72,7776650,429976.0,439728.0,986.2,1012.8,981.3,986.2,120513750,1084.8,887.6,1102.5,649.1,1011.8,27,3,1011.7,11,2,1011.6,853,8,1011.5,405,7,1011.4,687,11,1011.9,89,2,1012.0,254,9,1012.1,742,7,1012.2,415,9,1012.3,1114,16
317,2025-11-26 14:11:47+05:30,1011.9,5,1001.72,7776655,430073.0,439770.0,986.2,1012.8,981.3,986.2,120513750,1084.8,887.6,1102.5,649.1,1011.8,27,3,1011.7,11,2,1011.6,853,8,1011.5,452,8,1011.4,687,11,1011.9,84,2,1012.0,254,9,1012.1,742,7,1012.2,713,10,1012.3,863,16
317,2025-11-26 14:11:48+05:30,1011.9,5,1001.72,7776655,430070.0,439931.0,986.2,1012.8,981.3,986.2,120513750,1084.8,887.6,1102.5,649.1,1011.8,27,3,1011.7,11,2,1011.6,825,7,1011.5,480,9,1011.4,687,11,1011.9,91,3,1012.0,254,9,1012.1,742,7,1012.2,799,12,1012.3,863,16
317,2025-11-26 14:11:48+05:30,1011.9,5,1001.72,7776655,430070.0,439931.0,986.2,1012.8,981.3,986.2,120513750,1084.8,887.6,1102.5,649.1,1011.8,27,3,1011.7,11,2,1011.6,825,7,1011.5,480,9,1011.4,687,11,1011.9,91,3,1012.0,254,9,1012.1,742,7,1012.2,799,12,1012.3,863,16
317,2025-11-26 14:11:49+05:30,1011.8,25,1001.72,7776978,430162.0,440178.0,986.2,1012.8,981.3,986.2,120513750,1084.8,887.6,1102.5,649.1,1011.8,8,1,1011.7,57,3,1011.6,905,9,1011.5,480,9,1011.4,687,11,1011.9,86,3,1012.0,259,10,1012.1,742,7,1012.2,415,9,1012.3,1114,16
317,2025-11-26 14:11:49+05:30,1011.8,25,1001.72,7776978,430162.0,440178.0,986.2,1012.8,981.3,986.2,120513750,1084.8,887.6,1102.5,649.1,1011.8,8,1,1011.7,57,3,1011.6,905,9,1011.5,480,9,1011.4,687,11,1011.9,86,3,1012.0,259,10,1012.1,742,7,1012.2,415,9,1012.3,1114,16
317,2025-11-26 14:11:50+05:30,1011.9,1,1001.72,7776980,430185.0,440291.0,986.2,1012.8,981.3,986.2,120513750,1084.8,887.6,1102.5,649.1,1011.8,7,1,1011.7,57,3,1011.6,905,9,1011.5,480,9,1011.4,711,12,1011.9,85,3,1012.0,303,11,1012.1,742,7,1012.2,438,10,1012.3,1161,17
317,2025-11-26 14:11:50+05:30,1011.8,50,1001.72,7776980,430185.0,440291.0,986.2,1012.8,981.3,986.2,120513750,1084.8,887.6,1102.5,649.1,1011.8,7,1,1011.7,57,3,1011.6,905,9,1011.5,480,9,1011.4,711,12,1011.9,85,3,1012.0,303,11,1012.1,742,7,1012.2,438,10,1012.3,1161,17
317,2025-11-26 14:11:51+05:30,1011.9,1,1001.72,7777031,430474.0,439258.0,986.2,1012.8,981.3,986.2,120513750,1084.8,887.6,1102.5,649.1,1011.8,32,2,1011.7,156,5,1011.6,857,8,1011.5,452,8,1011.4,954,13,1011.9,84,3,1012.0,303,11,1012.1,192,6,1012.2,974,9,1012.3,1016,14
317,2025-11-26 14:11:51+05:30,1011.9,1,1001.72,7777031,430474.0,439258.0,986.2,1012.8,981.3,986.2,120513750,1084.8,887.6,1102.5,649.1,1011.8,32,2,1011.7,156,5,1011.6,857,8,1011.5,452,8,1011.4,954,13,1011.9,84,3,1012.0,303,11,1012.1,192,6,1012.2,974,9,1012.3,1016,14
317,2025-11-26 14:11:52+05:30,1011.9,1,1001.72,7777032,430387.0,439293.0,986.2,1012.8,981.3,986.2,120513750,1084.8,887.6,1102.5,649.1,1011.8,32,2,1011.7,111,4,1011.6,794,7,1011.5,473,9,1011.4,954,13,1011.9,83,3,1012.0,303,11,1012.1,192,6,1012.2,974,9,1012.3,1031,15
317,2025-11-26 14:11:52+05:30,1011.9,1,1001.72,7777032,430387.0,439293.0,986.2,1012.8,981.3,986.2,120513750,1084.8,887.6,1102.5,649.1,1011.8,32,2,1011.7,111,4,1011.6,794,7,1011.5,473,9,1011.4,954,13,1011.9,83,3,1012.0,303,11,1012.1,192,6,1012.2,974,9,1012.3,1031,15
317,2025-11-26 14:11:53+05:30,1011.9,23,1001.72,7777064,430136.0,439441.0,986.2,1012.8,981.3,986.2,120513750,1084.8,887.6,1102.5,649.1,1011.8,10,2,1011.7,11,2,1011.6,840,8,1011.5,452,8,1011.4,778,13,1011.9,116,5,1012.0,303,11,1012.1,192,6,1012.2,987,10,1012.3,1092,16
317,2025-11-26 14:11:53+05:30,1011.8,1,1001.72,7777064,430136.0,439441.0,986.2,1012.8,981.3,986.2,120513750,1084.8,887.6,1102.5,649.1,1011.8,10,2,1011.7,11,2,1011.6,840,8,1011.5,452,8,1011.4,778,13,1011.9,116,5,1012.0,303,11,1012.1,192,6,1012.2,987,10,1012.3,1092,16
317,2025-11-26 14:11:54+05:30,1011.9,4,1001.72,7777197,430082.0,439440.0,986.2,1012.8,981.3,986.2,120513750,1084.8,887.6,1102.5,649.1,1011.8,9,2,1011.7,82,4,1011.6,814,7,1011.5,477,9,1011.4,778,13,1011.9,164,5,1012.0,303,11,1012.1,192,6,1012.2,987,10,1012.3,1092,16
317,2025-11-26 14:11:54+05:30,1011.9,4,1001.72,7777197,430082.0,439440.0,986.2,1012.8,981.3,986.2,120513750,1084.8,887.6,1102.5,649.1,1011.8,9,2,1011.7,82,4,1011.6,814,7,1011.5,477,9,1011.4,778,13,1011.9,164,5,1012.0,303,11,1012.1,192,6,1012.2,987,10,1012.3,1092,16
317,2025-11-26 14:11:55+05:30,1011.9,2,1001.72,7777204,430298.0,439475.0,986.2,1012.8,981.3,986.2,120513750,1084.8,887.6,1102.5,649.1,1011.8,9,2,1011.7,11,2,1011.6,901,9,1011.5,476,9,1011.4,778,13,1011.9,165,5,1012.0,303,11,1012.1,726,7,1012.2,415,9,1012.3,1099,17
317,2025-11-26 14:11:55+05:30,1011.9,12,1001.72,7777204,430298.0,439475.0,986.2,1012.8,981.3,986.2,120513750,1084.8,887.6,1102.5,649.1,1011.8,9,2,1011.7,11,2,1011.6,901,9,1011.5,476,9,1011.4,778,13,1011.9,165,5,1012.0,303,11,1012.1,726,7,1012.2,415,9,1012.3,1099,17
317,2025-11-26 14:11:56+05:30,1011.9,2,1001.72,7777232,430360.0,439417.0,986.2,1012.8,981.3,986.2,120513750,1084.8,887.6,1102.5,649.1,1011.8,15,3,1011.7,56,3,1011.6,901,9,1011.5,502,10,1011.4,752,12,1011.9,137,5,1012.0,303,11,1012.1,726,7,1012.2,415,9,1012.3,1092,16
317,2025-11-26 14:11:56+05:30,1011.9,2,1001.72,7777232,430360.0,439417.0,986.2,1012.8,981.3,986.2,120513750,1084.8,887.6,1102.5,649.1,1011.8,15,3,1011.7,56,3,1011.6,901,9,1011.5,502,10,1011.4,752,12,1011.9,137,5,1012.0,303,11,1012.1,726,7,1012.2,415,9,1012.3,1092,16
317,2025-11-26 14:11:57+05:30,1012.1,1,1001.72,7778607,423939.0,436334.0,986.2,1012.8,981.3,986.2,120513750,1084.8,887.6,1102.5,649.1,1012.0,12,1,1011.9,38,2,1011.8,76,5,1011.7,515,7,1011.6,1062,8,1012.1,3,2,1012.2,191,7,1012.3,703,14,1012.4,907,14,1012.5,2559,26
317,2025-11-26 14:11:57+05:30,1012.0,1,1001.72,7778607,423939.0,436334.0,986.2,1012.8,981.3,986.2,120513750,1084.8,887.6,1102.5,649.1,1012.0,12,1,1011.9,38,2,1011.8,76,5,1011.7,515,7,1011.6,1062,8,1012.1,3,2,1012.2,191,7,1012.3,703,14,1012.4,907,14,1012.5,2559,26
317,2025-11-26 14:11:58+05:30,1012.0,1,1001.72,7778608,423989.0,436693.0,986.2,1012.8,981.3,986.2,120513750,1084.8,887.6,1102.5,649.1,1012.0,11,1,1011.9,8,1,1011.8,76,5,1011.7,481,5,1011.6,1088,9,1012.1,3,2,1012.2,216,8,1012.3,703,14,1012.4,1180,14,1012.5,2736,28
317,2025-11-26 14:11:59+05:30,1012.0,117,1001.72,7778743,423687.0,437745.0,986.2,1012.8,981.3,986.2,120513750,1084.8,887.6,1102.5,649.1,1011.9,8,1,1011.8,14,3,1011.7,75,1,1011.6,1189,11,1011.5,493,9,1012.0,45,2,1012.1,3,2,1012.2,434,9,1012.3,1027,18,1012.4,882,13
317,2025-11-26 14:11:59+05:30,1012.0,117,1001.72,7778743,423687.0,437745.0,986.2,1012.8,981.3,986.2,120513750,1084.8,887.6,1102.5,649.1,1011.9,8,1,1011.8,14,3,1011.7,75,1,1011.6,1189,11,1011.5,493,9,1012.0,45,2,1012.1,3,2,1012.2,434,9,1012.3,1027,18,1012.4,882,13
317,2025-11-26 14:12:00+05:30,1011.9,8,1001.72,7778752,423564.0,437669.0,986.2,1012.8,981.3,986.2,120513750,1084.8,887.6,1102.5,649.1,1011.9,13,2,1011.8,14,3,1011.7,75,1,1011.6,1189,11,1011.5,493,9,1012.0,44,2,1012.1,3,2,1012.2,434,9,1012.3,1057,19,1012.4,796,12
317,2025-11-26 14:12:00+05:30,1011.9,8,1001.72,7778752,423564.0,437669.0,986.2,1012.8,981.3,986.2,120513750,1084.8,887.6,1102.5,649.1,1011.9,13,2,1011.8,14,3,1011.7,75,1,1011.6,1189,11,1011.5,493,9,1012.0,44,2,1012.1,3,2,1012.2,434,9,1012.3,1057,19,1012.4,796,12
317,2025-11-26 14:12:01+05:30,1011.8,4,1001.72,7778841,428233.0,438079.0,986.2,1012.8,981.3,986.2,120513750,1084.8,887.6,1102.5,649.1,1011.8,10,2,1011.6,965,8,1011.5,433,8,1011.4,812,12,1011.3,1515,16,1012.0,93,4,1012.1,205,3,1012.2,542,10,1012.3,1024,17,1012.4,880,14
317,2025-11-26 14:12:01+05:30,1011.8,4,1001.72,7778841,428233.0,438079.0,986.2,1012.8,981.3,986.2,120513750,1084.8,887.6,1102.5,649.1,1011.8,10,2,1011.6,965,8,1011.5,433,8,1011.4,812,12,1011.3,1515,16,1012.0,93,4,1012.1,205,3,1012.2,542,10,1012.3,1024,17,1012.4,880,14
317,2025-11-26 14:12:02+05:30,1011.8,4,1001.72,7778841,428589.0,438076.0,986.2,1012.8,981.3,986.2,120513750,1084.8,887.6,1102.5,649.1,1011.9,8,1,1011.8,11,3,1011.6,965,8,1011.5,496,9,1011.4,835,13,1012.0,93,4,1012.1,205,3,1012.2,542,10,1012.3,1049,18,1012.4,880,14
317,2025-11-26 14:12:03+05:30,1012.0,23,1001.72,7778873,428555.0,437725.0,986.2,1012.8,981.3,986.2,120513750,1084.8,887.6,1102.5,649.1,1011.9,8,1,1011.8,11,3,1011.6,1011,9,1011.5,521,10,1011.4,773,9,1012.0,61,4,1012.1,3,2,1012.2,496,10,1012.3,1048,18,1012.4,887,15
317,2025-11-26 14:12:03+05:30,1012.0,23,1001.72,7778873,428555.0,437725.0,986.2,1012.8,981.3,986.2,120513750,1084.8,887.6,1102.5,649.1,1011.9,8,1,1011.8,11,3,1011.6,1011,9,1011.5,521,10,1011.4,773,9,1012.0,61,4,1012.1,3,2,1012.2,496,10,1012.3,1048,18,1012.4,887,15
317,2025-11-26 14:12:04+05:30,1012.0,216,1001.72,7779319,423966.0,437420.0,986.2,1012.8,981.3,986.2,120513750,1084.8,887.6,1102.5,649.1,1011.9,8,1,1011.8,15,3,1011.7,301,3,1011.6,1080,10,1011.5,542,12,1012.0,42,1,1012.1,3,2,1012.2,478,10,1012.3,1025,17,1012.4,880,14
317,2025-11-26 14:12:04+05:30,1012.0,216,1001.72,7779319,423966.0,437420.0,986.2,1012.8,981.3,986.2,120513750,1084.8,887.6,1102.5,649.1,1011.9,8,1,1011.8,15,3,1011.7,301,3,1011.6,1080,10,1011.5,542,12,1012.0,42,1,1012.1,3,2,1012.2,478,10,1012.3,1025,17,1012.4,880,14
317,2025-11-26 14:12:05+05:30,1012.0,2,1001.72,7779321,423943.0,437487.0,986.2,1012.8,981.3,986.2,120513750,1084.8,887.6,1102.5,649.1,1011.9,8,1,1011.8,15,3,1011.7,276,2,1011.6,1105,11,1011.5,542,12,1012.0,40,1,1012.1,43,3,1012.2,478,10,1012.3,1025,17,1012.4,902,15
317,2025-11-26 14:12:05+05:30,1012.0,2,1001.72,7779321,423943.0,437487.0,986.2,1012.8,981.3,986.2,120513750,1084.8,887.6,1102.5,649.1,1011.9,8,1,1011.8,15,3,1011.7,276,2,1011.6,1105,11,1011.5,542,12,1012.0,40,1,1012.1,43,3,1012.2,478,10,1012.3,1025,17,1012.4,902,15
317,2025-11-26 14:12:06+05:30,1012.0,1,1001.72,7779322,423943.0,437489.0,986.2,1012.8,981.3,986.2,120513750,1084.8,887.6,1102.5,649.1,1011.9,8,1,1011.8,15,3,1011.7,276,2,1011.6,1105,11,1011.5,542,12,1012.0,64,2,1012.1,43,3,1012.2,478,10,1012.3,1025,17,1012.4,880,14
317,2025-11-26 14:12:06+05:30,1012.0,1,1001.72,7779322,423943.0,437489.0,986.2,1012.8,981.3,986.2,120513750,1084.8,887.6,1102.5,649.1,1011.9,8,1,1011.8,15,3,1011.7,276,2,1011.6,1105,11,1011.5,542,12,1012.0,64,2,1012.1,43,3,1012.2,478,10,1012.3,1025,17,1012.4,880,14
317,2025-11-26 14:12:07+05:30,1012.0,10,1001.72,7779332,423746.0,437509.0,986.2,1012.8,981.3,986.2,120513750,1084.8,887.6,1102.5,649.1,1011.9,8,1,1011.8,15,3,1011.7,202,1,1011.6,982,10,1011.5,542,12,1012.0,54,2,1012.1,43,3,1012.2,432,9,1012.3,1054,18,1012.4,880,14
317,2025-11-26 14:12:07+05:30,1012.0,10,1001.72,7779332,423746.0,437509.0,986.2,1012.8,981.3,986.2,120513750,1084.8,887.6,1102.5,649.1,1011.9,8,1,1011.8,15,3,1011.7,202,1,1011.6,982,10,1011.5,542,12,1012.0,54,2,1012.1,43,3,1012.2,432,9,1012.3,1054,18,1012.4,880,14
317,2025-11-26 14:12:08+05:30,1012.0,10,1001.72,7779332,423715.0,438746.0,986.2,1012.8,981.3,986.2,120513750,1084.8,887.6,1102.5,649.1,1011.9,8,1,1011.8,15,3,1011.7,202,1,1011.6,951,9,1011.5,542,12,1012.0,54,2,1012.1,43,3,1012.2,1021,11,1012.3,1025,17,1012.4,880,14
317,2025-11-26 14:12:08+05:30,1011.9,1,1001.72,7779332,423715.0,438746.0,986.2,1012.8,981.3,986.2,120513750,1084.8,887.6,1102.5,649.1,1011.9,8,1,1011.8,15,3,1011.7,202,1,1011.6,951,9,1011.5,542,12,1012.0,54,2,1012.1,43,3,1012.2,1021,11,1012.3,1025,17,1012.4,880,14
317,2025-11-26 14:12:09+05:30,1011.9,55,1001.72,7779478,428665.0,438046.0,986.2,1012.8,981.3,986.2,120513750,1084.8,887.6,1102.5,649.1,1011.9,8,1,1011.8,15,3,1011.6,972,10,1011.5,516,11,1011.4,807,11,1012.0,56,3,1012.1,43,3,1012.2,494,10,1012.3,1055,18,1012.4,685,11
317,2025-11-26 14:12:09+05:30,1011.9,55,1001.72,7779478,428665.0,438046.0,986.2,1012.8,981.3,986.2,120513750,1084.8,887.6,1102.5,649.1,1011.9,8,1,1011.8,15,3,1011.6,972,10,1011.5,516,11,1011.4,807,11,1012.0,56,3,1012.1,43,3,1012.2,494,10,1012.3,1055,18,1012.4,685,11
317,2025-11-26 14:12:10+05:30,1012.0,1,1001.72,7779481,428692.0,438189.0,986.2,1012.8,981.3,986.2,120513750,1084.8,887.6,1102.5,649.1,1011.9,8,1,1011.8,15,3,1011.6,972,10,1011.5,516,11,1011.4,834,12,1012.0,53,3,1012.1,43,3,1012.2,494,10,1012.3,1055,18,1012.4,685,11
317,2025-11-26 14:12:10+05:30,1012.0,10,1001.72,7779481,428692.0,438189.0,986.2,1012.8,981.3,986.2,120513750,1084.8,887.6,1102.5,649.1,1011.9,8,1,1011.8,15,3,1011.6,972,10,1011.5,516,11,1011.4,834,12,1012.0,53,3,1012.1,43,3,1012.2,494,10,1012.3,1055,18,1012.4,685,11
317,2025-11-26 14:12:11+05:30,1012.0,3,1001.72,7779494,428875.0,438167.0,986.2,1012.8,981.3,986.2,120513750,1084.8,887.6,1102.5,649.1,1011.9,13,2,1011.8,20,4,1011.7,225,2,1011.6,947,9,1011.5,516,11,1012.0,40,3,1012.1,43,3,1012.2,494,10,1012.3,1025,17,1012.4,685,11
317,2025-11-26 14:12:11+05:30,1012.0,3,1001.72,7779494,428875.0,438167.0,986.2,1012.8,981.3,986.2,120513750,1084.8,887.6,1102.5,649.1,1011.9,13,2,1011.8,20,4,1011.7,225,2,1011.6,947,9,1011.5,516,11,1012.0,40,3,1012.1,43,3,1012.2,494,10,1012.3,1025,17,1012.4,685,11
317,2025-11-26 14:12:12+05:30,1012.0,3,1001.72,7779494,428875.0,438706.0,986.2,1012.8,981.3,986.2,120513750,1084.8,887.6,1102.5,649.1,1011.9,13,2,1011.8,20,4,1011.7,225,2,1011.6,947,9,1011.5,516,11,1012.0,40,3,1012.1,43,3,1012.2,1027,11,1012.3,1025,17,1012.4,712,12
317,2025-11-26 14:12:13+05:30,1011.9,15,1001.72,7779555,429399.0,438654.0,986.2,1012.8,981.3,986.2,120513750,1084.8,887.6,1102.5,649.1,1011.8,20,4,1011.6,862,7,1011.5,539,12,1011.4,834,12,1011.3,1477,16,1011.9,8,1,1012.0,15,3,1012.1,105,4,1012.2,1506,14,1012.3,807,17
317,2025-11-26 14:12:13+05:30,1011.9,15,1001.72,7779555,429399.0,438654.0,986.2,1012.8,981.3,986.2,120513750,1084.8,887.6,1102.5,649.1,1011.8,20,4,1011.6,862,7,1011.5,539,12,1011.4,834,12,1011.3,1477,16,1011.9,8,1,1012.0,15,3,1012.1,105,4,1012.2,1506,14,1012.3,807,17
317,2025-11-26 14:12:14+05:30,1012.0,2,1001.72,7779707,423012.0,438646.0,986.2,1012.8,981.3,986.2,120513750,1084.8,887.6,1102.5,649.1,1011.9,5,2,1011.8,28,5,1011.6,665,5,1011.5,492,12,1011.4,794,10,1012.0,12,2,1012.1,147,5,1012.2,1100,13,1012.3,1150,18,1012.4,719,13
317,2025-11-26 14:12:14+05:30,1012.0,32,1001.72,7779707,423012.0,438646.0,986.2,1012.8,981.3,986.2,120513750,1084.8,887.6,1102.5,649.1,1011.9,5,2,1011.8,28,5,1011.6,665,5,1011.5,492,12,1011.4,794,10,1012.0,12,2,1012.1,147,5,1012.2,1100,13,1012.3,1150,18,1012.4,719,13
317,2025-11-26 14:12:15+05:30,1012.1,1,1001.72,7779821,428317.0,437947.0,986.2,1012.8,981.3,986.2,120513750,1084.8,887.6,1102.5,649.1,1011.9,5,2,1011.8,28,5,1011.7,202,1,1011.6,920,7,1011.5,552,13,1012.1,109,5,1012.2,897,11,1012.3,1174,19,1012.4,804,14,1012.5,2920,31
317,2025-11-26 14:12:15+05:30,1012.1,1,1001.72,7779821,428317.0,437947.0,986.2,1012.8,981.3,986.2,120513750,1084.8,887.6,1102.5,649.1,1011.9,5,2,1011.8,28,5,1011.7,202,1,1011.6,920,7,1011.5,552,13,1012.1,109,5,1012.2,897,11,1012.3,1174,19,1012.4,804,14,1012.5,2920,31
317,2025-11-26 14:12:16+05:30,1012.0,2,1001.72,7779823,423313.0,438012.0,986.2,1012.8,981.3,986.2,120513750,1084.8,887.6,1102.5,649.1,1011.9,8,3,1011.8,20,4,1011.7,202,1,1011.6,920,7,1011.5,552,13,1012.0,118,2,1012.1,109,5,1012.2,897,11,1012.3,1174,19,1012.4,804,14
317,2025-11-26 14:12:16+05:30,1012.0,2,1001.72,7779823,423313.0,438012.0,986.2,1012.8,981.3,986.2,120513750,1084.8,887.6,1102.5,649.1,1011.9,8,3,1011.8,20,4,1011.7,202,1,1011.6,920,7,1011.5,552,13,1012.0,118,2,1012.1,109,5,1012.2,897,11,1012.3,1174,19,1012.4,804,14
317,2025-11-26 14:12:17+05:30,1012.0,2,1001.72,7779823,423288.0,438098.0,986.2,1012.8,981.3,986.2,120513750,1084.8,887.6,1102.5,649.1,1011.9,8,3,1011.8,21,5,1011.7,202,1,1011.6,920,7,1011.5,552,13,1012.0,118,2,1012.1,204,6,1012.2,897,11,1012.3,1150,18,1012.4,804,14
317,2025-11-26 14:12:18+05:30,1012.0,2,1001.72,7779823,423325.0,437887.0,986.2,1012.8,981.3,986.2,120513750,1084.8,887.6,1102.5,649.1,1011.9,8,3,1011.8,21,5,1011.7,202,1,1011.6,920,7,1011.5,552,13,1012.0,118,2,1012.1,204,6,1012.2,387,12,1012.3,1124,16,1012.4,804,14
317,2025-11-26 14:12:19+05:30,1011.9,13,1001.72,7779934,427808.0,438939.0,986.2,1012.8,981.3,986.2,120513750,1084.8,887.6,1102.5,649.1,1011.9,8,1,1011.8,16,4,1011.6,665,5,1011.5,528,12,1011.4,706,9,1012.0,149,4,1012.1,373,8,1012.2,496,13,1012.3,1124,16,1012.4,958,16
317,2025-11-26 14:12:19+05:30,1011.9,13,1001.72,7779934,427808.0,438939.0,986.2,1012.8,981.3,986.2,120513750,1084.8,887.6,1102.5,649.1,1011.9,8,1,1011.8,16,4,1011.6,665,5,1011.5,528,12,1011.4,706,9,1012.0,149,4,1012.1,373,8,1012.2,496,13,1012.3,1124,16,1012.4,958,16
317,2025-11-26 14:12:20+05:30,1011.9,8,1001.72,7781467,426226.0,439821.0,986.2,1012.8,981.3,986.2,120513750,1084.8,887.6,1102.5,649.1,1011.9,8,1,1011.8,16,4,1011.6,627,4,1011.5,581,12,1011.4,726,11,1012.0,277,6,1012.1,312,9,1012.2,467,12,1012.3,1281,14,1012.4,1245,21
317,2025-11-26 14:12:21+05:30,1011.9,1,1001.72,7781467,426226.0,439821.0,986.2,1012.8,981.3,986.2,120513750,1084.8,887.6,1102.5,649.1,1011.9,8,1,1011.8,16,4,1011.6,627,4,1011.5,581,12,1011.4,726,11,1012.0,277,6,1012.1,312,9,1012.2,467,12,1012.3,1281,14,1012.4,1245,21
317,2025-11-26 14:12:23+05:30,1012.0,2,1001.72,7781467,426226.0,439821.0,986.2,1012.8,981.3,986.2,120513750,1084.8,887.6,1102.5,649.1,1011.9,8,1,1011.8,16,4,1011.6,627,4,1011.5,581,12,1011.4,726,11,1012.0,277,6,1012.1,312,9,1012.2,467,12,1012.3,1281,14,1012.4,1245,21
317,2025-11-26 14:12:24+05:30,1012.0,38,1001.73,7784861,427356.0,438442.0,986.2,1012.8,981.3,986.2,120513750,1084.8,887.6,1102.5,649.1,1012.0,8,1,1011.6,4,1,1011.5,1009,4,1011.4,673,8,1011.3,1918,16,1012.1,661,11,1012.2,702,14,1012.3,901,14,1012.4,985,18,1012.5,3963,30
317,2025-11-26 14:12:25+05:30,1012.1,11,1001.73,7784861,427356.0,438442.0,986.2,1012.8,981.3,986.2,120513750,1084.8,887.6,1102.5,649.1,1012.0,8,1,1011.6,4,1,1011.5,1009,4,1011.4,673,8,1011.3,1918,16,1012.1,661,11,1012.2,702,14,1012.3,901,14,1012.4,985,18,1012.5,3963,30
317,2025-11-26 14:12:27+05:30,1011.9,83,1001.73,7784861,427356.0,438442.0,986.2,1012.8,981.3,986.2,120513750,1084.8,887.6,1102.5,649.1,1012.0,8,1,1011.6,4,1,1011.5,1009,4,1011.4,673,8,1011.3,1918,16,1012.1,661,11,1012.2,702,14,1012.3,901,14,1012.4,985,18,1012.5,3963,30
317,2025-11-26 14:12:28+05:30,1011.9,10,1001.73,7788357,427539.0,440641.0,986.2,1012.8,981.3,986.2,120513750,1084.8,887.6,1102.5,649.1,1011.8,7,1,1011.7,95,2,1011.6,288,5,1011.5,1529,16,1011.4,1022,12,1011.9,272,3,1012.0,272,5,1012.1,265,8,1012.2,1346,14,1012.3,874,15
317,2025-11-26 14:12:29+05:30,1011.8,70,1001.73,7788357,427539.0,440641.0,986.2,1012.8,981.3,986.2,120513750,1084.8,887.6,1102.5,649.1,1011.8,7,1,1011.7,95,2,1011.6,288,5,1011.5,1529,16,1011.4,1022,12,1011.9,272,3,1012.0,272,5,1012.1,265,8,1012.2,1346,14,1012.3,874,15
317,2025-11-26 14:12:31+05:30,1011.7,7,1001.73,7788357,427539.0,440641.0,986.2,1012.8,981.3,986.2,120513750,1084.8,887.6,1102.5,649.1,1011.8,7,1,1011.7,95,2,1011.6,288,5,1011.5,1529,16,1011.4,1022,12,1011.9,272,3,1012.0,272,5,1012.1,265,8,1012.2,1346,14,1012.3,874,15
317,2025-11-26 14:12:32+05:30,1011.7,10,1001.73,7788616,427467.0,440614.0,986.2,1012.8,981.3,986.2,120513750,1084.8,887.6,1102.5,649.1,1011.7,9,2,1011.6,225,6,1011.5,1356,13,1011.4,1059,13,1011.3,702,8,1011.8,66,2,1011.9,272,3,1012.0,212,4,1012.1,417,10,1012.2,902,13
317,2025-11-26 14:12:33+05:30,1011.8,5,1001.73,7788616,427467.0,440614.0,986.2,1012.8,981.3,986.2,120513750,1084.8,887.6,1102.5,649.1,1011.7,9,2,1011.6,225,6,1011.5,1356,13,1011.4,1059,13,1011.3,702,8,1011.8,66,2,1011.9,272,3,1012.0,212,4,1012.1,417,10,1012.2,902,13
317,2025-11-26 14:12:35+05:30,1011.7,10,1001.73,7788616,427467.0,440614.0,986.2,1012.8,981.3,986.2,120513750,1084.8,887.6,1102.5,649.1,1011.7,9,2,1011.6,225,6,1011.5,1356,13,1011.4,1059,13,1011.3,702,8,1011.8,66,2,1011.9,272,3,1012.0,212,4,1012.1,417,10,1012.2,902,13
317,2025-11-26 14:12:36+05:30,1011.7,1,1001.73,7788860,429231.0,440580.0,986.2,1012.8,981.3,986.2,120513750,1084.8,887.6,1102.5,649.1,1011.6,891,6,1011.5,542,10,1011.4,1184,15,1011.3,782,11,1011.2,928,10,1011.7,30,1,1011.8,38,3,1011.9,277,4,1012.0,212,4,1012.1,374,7
317,2025-11-26 14:12:37+05:30,1011.7,5,1001.73,7788860,429231.0,440580.0,986.2,1012.8,981.3,986.2,120513750,1084.8,887.6,1102.5,649.1,1011.6,891,6,1011.5,542,10,1011.4,1184,15,1011.3,782,11,1011.2,928,10,1011.7,30,1,1011.8,38,3,1011.9,277,4,1012.0,212,4,1012.1,374,7
317,2025-11-26 14:12:39+05:30,1011.7,87,1001.73,7788860,429231.0,440580.0,986.2,1012.8,981.3,986.2,120513750,1084.8,887.6,1102.5,649.1,1011.6,891,6,1011.5,542,10,1011.4,1184,15,1011.3,782,11,1011.2,928,10,1011.7,30,1,1011.8,38,3,1011.9,277,4,1012.0,212,4,1012.1,374,7
317,2025-11-26 14:12:40+05:30,1011.7,87,1001.74,7790473,427153.0,440473.0,986.2,1012.8,981.3,986.2,120513750,1084.8,887.6,1102.5,649.1,1011.6,99,3,1011.5,1183,10,1011.4,1065,8,1011.3,751,12,1011.2,817,12,1011.7,322,2,1011.8,57,3,1011.9,241,3,1012.0,302,6,1012.1,436,13
317,2025-11-26 14:12:41+05:30,1011.7,2,1001.74,7790473,427153.0,440473.0,986.2,1012.8,981.3,986.2,120513750,1084.8,887.6,1102.5,649.1,1011.6,99,3,1011.5,1183,10,1011.4,1065,8,1011.3,751,12,1011.2,817,12,1011.7,322,2,1011.8,57,3,1011.9,241,3,1012.0,302,6,1012.1,436,13
317,2025-11-26 14:12:43+05:30,1011.6,55,1001.74,7790473,427153.0,440473.0,986.2,1012.8,981.3,986.2,120513750,1084.8,887.6,1102.5,649.1,1011.6,99,3,1011.5,1183,10,1011.4,1065,8,1011.3,751,12,1011.2,817,12,1011.7,322,2,1011.8,57,3,1011.9,241,3,1012.0,302,6,1012.1,436,13
317,2025-11-26 14:12:44+05:30,1011.7,5,1001.74,7790782,426947.0,439474.0,986.2,1012.8,981.3,986.2,120513750,1084.8,887.6,1102.5,649.1,1011.7,18,1,1011.6,111,4,1011.5,1183,10,1011.4,567,10,1011.3,1246,11,1011.8,57,3,1011.9,241,3,1012.0,89,6,1012.1,862,16,1012.2,782,11
317,2025-11-26 14:12:45+05:30,1011.7,2,1001.74,7790782,426947.0,439474.0,986.2,1012.8,981.3,986.2,120513750,1084.8,887.6,1102.5,649.1,1011.7,18,1,1011.6,111,4,1011.5,1183,10,1011.4,567,10,1011.3,1246,11,1011.8,57,3,1011.9,241,3,1012.0,89,6,1012.1,862,16,1012.2,782,11
317,2025-11-26 14:12:47+05:30,1011.6,1,1001.74,7790782,426947.0,439474.0,986.2,1012.8,981.3,986.2,120513750,1084.8,887.6,1102.5,649.1,1011.7,18,1,1011.6,111,4,1011.5,1183,10,1011.4,567,10,1011.3,1246,11,1011.8,57,3,1011.9,241,3,1012.0,89,6,1012.1,862,16,1012.2,782,11
317,2025-11-26 14:12:47+05:30,1011.6,1,1001.74,7790844,427727.0,439994.0,986.2,1012.8,981.3,986.2,120513750,1084.8,887.6,1102.5,649.1,1011.6,121,4,1011.5,1227,12,1011.4,974,8,1011.3,734,11,1011.2,886,13,1011.7,78,2,1011.8,45,2,1011.9,241,3,1012.0,91,7,1012.1,862,16
317,2025-11-26 14:12:49+05:30,1011.6,25,1001.74,7790844,427727.0,439994.0,986.2,1012.8,981.3,986.2,120513750,1084.8,887.6,1102.5,649.1,1011.6,121,4,1011.5,1227,12,1011.4,974,8,1011.3,734,11,1011.2,886,13,1011.7,78,2,1011.8,45,2,1011.9,241,3,1012.0,91,7,1012.1,862,16
317,2025-11-26 14:12:51+05:30,1011.5,2,1001.74,7790876,426738.0,441103.0,986.2,1012.8,981.3,986.2,120513750,1084.8,887.6,1102.5,649.1,1011.5,122,5,1011.4,992,9,1011.3,1390,11,1011.2,768,10,1011.1,1147,14,1011.6,8,1,1011.7,78,2,1011.8,45,2,1011.9,387,4,1012.0,475,13
317,2025-11-26 14:12:51+05:30,1011.5,2,1001.74,7790876,426738.0,441103.0,986.2,1012.8,981.3,986.2,120513750,1084.8,887.6,1102.5,649.1,1011.5,122,5,1011.4,992,9,1011.3,1390,11,1011.2,768,10,1011.1,1147,14,1011.6,8,1,1011.7,78,2,1011.8,45,2,1011.9,387,4,1012.0,475,13
317,2025-11-26 14:12:53+05:30,1011.6,5,1001.74,7790876,426738.0,441103.0,986.2,1012.8,981.3,986.2,120513750,1084.8,887.6,1102.5,649.1,1011.5,122,5,1011.4,992,9,1011.3,1390,11,1011.2,768,10,1011.1,1147,14,1011.6,8,1,1011.7,78,2,1011.8,45,2,1011.9,387,4,1012.0,475,13
317,2025-11-26 14:12:55+05:30,1011.7,13,1001.74,7791362,425940.0,440323.0,986.2,1012.8,981.3,986.2,120513750,1084.8,887.6,1102.5,649.1,1011.6,112,1,1011.5,67,4,1011.4,131,5,1011.3,1137,12,1011.2,1484,10,1011.7,12,1,1011.8,45,2,1011.9,498,6,1012.0,1041,14,1012.1,1179,14
317,2025-11-26 14:12:55+05:30,1011.7,13,1001.74,7791362,425940.0,440323.0,986.2,1012.8,981.3,986.2,120513750,1084.8,887.6,1102.5,649.1,1011.6,112,1,1011.5,67,4,1011.4,131,5,1011.3,1137,12,1011.2,1484,10,1011.7,12,1,1011.8,45,2,1011.9,498,6,1012.0,1041,14,1012.1,1179,14
317,2025-11-26 14:12:57+05:30,1011.6,9,1001.74,7791362,425940.0,440323.0,986.2,1012.8,981.3,986.2,120513750,1084.8,887.6,1102.5,649.1,1011.6,112,1,1011.5,67,4,1011.4,131,5,1011.3,1137,12,1011.2,1484,10,1011.7,12,1,1011.8,45,2,1011.9,498,6,1012.0,1041,14,1012.1,1179,14
317,2025-11-26 14:12:59+05:30,1011.6,1,1001.74,7791362,425940.0,440323.0,986.2,1012.8,981.3,986.2,120513750,1084.8,887.6,1102.5,649.1,1011.6,112,1,1011.5,67,4,1011.4,131,5,1011.3,1137,12,1011.2,1484,10,1011.7,12,1,1011.8,45,2,1011.9,498,6,1012.0,1041,14,1012.1,1179,14
317,2025-11-26 14:13:00+05:30,1011.6,2,1001.74,7791577,426266.0,440085.0,986.2,1012.8,981.3,986.2,120513750,1084.8,887.6,1102.5,649.1,1011.5,77,7,1011.4,416,8,1011.3,1284,8,1011.2,907,14,1011.1,1012,12,1011.6,13,1,1011.7,103,3,1011.8,44,1,1011.9,434,4,1012.0,633,12
317,2025-11-26 14:13:01+05:30,1011.6,10,1001.74,7791577,426266.0,440085.0,986.2,1012.8,981.3,986.2,120513750,1084.8,887.6,1102.5,649.1,1011.5,77,7,1011.4,416,8,1011.3,1284,8,1011.2,907,14,1011.1,1012,12,1011.6,13,1,1011.7,103,3,1011.8,44,1,1011.9,434,4,1012.0,633,12
317,2025-11-26 14:13:03+05:30,1011.6,23,1001.74,7791577,426266.0,440085.0,986.2,1012.8,981.3,986.2,120513750,1084.8,887.6,1102.5,649.1,1011.5,77,7,1011.4,416,8,1011.3,1284,8,1011.2,907,14,1011.1,1012,12,1011.6,13,1,1011.7,103,3,1011.8,44,1,1011.9,434,4,1012.0,633,12
317,2025-11-26 14:13:04+05:30,1011.6,33,1001.74,7791962,426057.0,440863.0,986.2,1012.8,981.3,986.2,120513750,1084.8,887.6,1102.5,649.1,1011.5,63,7,1011.4,150,6,1011.3,1187,8,1011.2,878,13,1011.1,1012,12,1011.6,31,1,1011.7,155,4,1011.8,10,1,1011.9,495,4,1012.0,635,11
317,2025-11-26 14:13:05+05:30,1011.6,18,1001.74,7791962,426057.0,440863.0,986.2,1012.8,981.3,986.2,120513750,1084.8,887.6,1102.5,649.1,1011.5,63,7,1011.4,150,6,1011.3,1187,8,1011.2,878,13,1011.1,1012,12,1011.6,31,1,1011.7,155,4,1011.8,10,1,1011.9,495,4,1012.0,635,11
317,2025-11-26 14:13:07+05:30,1011.6,1,1001.74,7791962,426057.0,440863.0,986.2,1012.8,981.3,986.2,120513750,1084.8,887.6,1102.5,649.1,1011.5,63,7,1011.4,150,6,1011.3,1187,8,1011.2,878,13,1011.1,1012,12,1011.6,31,1,1011.7,155,4,1011.8,10,1,1011.9,495,4,1012.0,635,11
317,2025-11-26 14:13:08+05:30,1011.6,3,1001.74,7791986,426838.0,441031.0,986.2,1012.8,981.3,986.2,120513750,1084.8,887.6,1102.5,649.1,1011.5,63,7,1011.4,858,9,1011.3,1187,8,1011.2,919,14,1011.1,1012,12,1011.6,30,5,1011.7,152,2,1011.8,10,1,1011.9,495,4,1012.0,401,11
317,2025-11-26 14:13:09+05:30,1011.4,3,1001.74,7791986,426838.0,441031.0,986.2,1012.8,981.3,986.2,120513750,1084.8,887.6,1102.5,649.1,1011.5,63,7,1011.4,858,9,1011.3,1187,8,1011.2,919,14,1011.1,1012,12,1011.6,30,5,1011.7,152,2,1011.8,10,1,1011.9,495,4,1012.0,401,11
317,2025-11-26 14:13:11+05:30,1011.6,1,1001.74,7791986,426838.0,441031.0,986.2,1012.8,981.3,986.2,120513750,1084.8,887.6,1102.5,649.1,1011.5,63,7,1011.4,858,9,1011.3,1187,8,1011.2,919,14,1011.1,1012,12,1011.6,30,5,1011.7,152,2,1011.8,10,1,1011.9,495,4,1012.0,401,11
317,2025-11-26 14:13:12+05:30,1011.6,1,1001.74,7792222,425624.0,441059.0,986.2,1012.8,981.3,986.2,120513750,1084.8,887.6,1102.5,649.1,1011.5,13,1,1011.4,71,5,1011.3,824,8,1011.2,1631,15,1011.1,1012,12,1011.6,112,4,1011.7,52,1,1011.8,10,1,1011.9,495,4,1012.0,949,15
317,2025-11-26 14:13:13+05:30,1011.5,1,1001.74,7792222,425624.0,441059.0,986.2,1012.8,981.3,986.2,120513750,1084.8,887.6,1102.5,649.1,1011.5,13,1,1011.4,71,5,1011.3,824,8,1011.2,1631,15,1011.1,1012,12,1011.6,112,4,1011.7,52,1,1011.8,10,1,1011.9,495,4,1012.0,949,15
317,2025-11-26 14:13:15+05:30,1011.6,4,1001.74,7792222,425624.0,441059.0,986.2,1012.8,981.3,986.2,120513750,1084.8,887.6,1102.5,649.1,1011.5,13,1,1011.4,71,5,1011.3,824,8,1011.2,1631,15,1011.1,1012,12,1011.6,112,4,1011.7,52,1,1011.8,10,1,1011.9,495,4,1012.0,949,15
317,2025-11-26 14:13:16+05:30,1011.6,1,1001.74,7792354,425696.0,441265.0,986.2,1012.8,981.3,986.2,120513750,1084.8,887.6,1102.5,649.1,1011.5,47,1,1011.4,69,5,1011.3,824,8,1011.2,1564,14,1011.1,1012,12,1011.6,207,7,1011.7,57,2,1011.8,212,2,1011.9,454,5,1012.0,1005,14
317,2025-11-26 14:13:17+05:30,1011.6,1,1001.74,7792354,425696.0,441265.0,986.2,1012.8,981.3,986.2,120513750,1084.8,887.6,1102.5,649.1,1011.5,47,1,1011.4,69,5,1011.3,824,8,1011.2,1564,14,1011.1,1012,12,1011.6,207,7,1011.7,57,2,1011.8,212,2,1011.9,454,5,1012.0,1005,14
317,2025-11-26 14:13:19+05:30,1011.5,48,1001.74,7792354,425696.0,441265.0,986.2,1012.8,981.3,986.2,120513750,1084.8,887.6,1102.5,649.1,1011.5,47,1,1011.4,69,5,1011.3,824,8,1011.2,1564,14,1011.1,1012,12,1011.6,207,7,1011.7,57,2,1011.8,212,2,1011.9,454,5,1012.0,1005,14
317,2025-11-26 14:13:20+05:30,1011.5,1,1001.74,7792572,425708.0,441163.0,986.2,1012.8,981.3,986.2,120513750,1084.8,887.6,1102.5,649.1,1011.5,8,1,1011.4,34,3,1011.3,726,7,1011.2,1610,15,1011.1,1012,12,1011.6,284,7,1011.7,57,2,1011.8,154,2,1011.9,446,4,1012.0,982,14
317,2025-11-26 14:13:20+05:30,1011.5,1,1001.74,7792572,425708.0,441163.0,986.2,1012.8,981.3,986.2,120513750,1084.8,887.6,1102.5,649.1,1011.5,8,1,1011.4,34,3,1011.3,726,7,1011.2,1610,15,1011.1,1012,12,1011.6,284,7,1011.7,57,2,1011.8,154,2,1011.9,446,4,1012.0,982,14
317,2025-11-26 14:13:21+05:30,1011.6,47,1001.74,7792903,425359.0,441020.0,986.2,1012.8,981.3,986.2,120513750,1084.8,887.6,1102.5,649.1,1011.5,8,1,1011.4,34,3,1011.3,726,7,1011.2,1610,15,1011.1,855,11,1011.6,151,3,1011.7,57,2,1011.8,10,1,1011.9,486,5,1012.0,982,14
317,2025-11-26 14:13:21+05:30,1011.6,47,1001.74,7792903,425359.0,441020.0,986.2,1012.8,981.3,986.2,120513750,1084.8,887.6,1102.5,649.1,1011.5,8,1,1011.4,34,3,1011.3,726,7,1011.2,1610,15,1011.1,855,11,1011.6,151,3,1011.7,57,2,1011.8,10,1,1011.9,486,5,1012.0,982,14
317,2025-11-26 14:13:22+05:30,1011.5,78,1001.74,7793081,426214.0,441124.0,986.2,1012.8,981.3,986.2,120513750,1084.8,887.6,1102.5,649.1,1011.4,31,3,1011.3,705,6,1011.2,1608,15,1011.1,855,11,1011.0,920,15,1011.5,22,1,1011.6,151,3,1011.7,57,2,1011.8,154,2,1011.9,486,5
317,2025-11-26 14:13:22+05:30,1011.5,78,1001.74,7793081,426214.0,441124.0,986.2,1012.8,981.3,986.2,120513750,1084.8,887.6,1102.5,649.1,1011.4,31,3,1011.3,705,6,1011.2,1608,15,1011.1,855,11,1011.0,920,15,1011.5,22,1,1011.6,151,3,1011.7,57,2,1011.8,154,2,1011.9,486,5
317,2025-11-26 14:13:23+05:30,1011.6,3,1001.74,7793108,425540.0,441401.0,986.2,1012.8,981.3,986.2,120513750,1084.8,887.6,1102.5,649.1,1011.5,3,1,1011.4,10,2,1011.3,741,7,1011.2,1635,16,1011.1,876,12,1011.6,153,3,1011.7,57,2,1011.8,154,2,1011.9,486,5,1012.0,1182,15
317,2025-11-26 14:13:23+05:30,1011.6,3,1001.74,7793108,425540.0,441401.0,986.2,1012.8,981.3,986.2,120513750,1084.8,887.6,1102.5,649.1,1011.5,3,1,1011.4,10,2,1011.3,741,7,1011.2,1635,16,1011.1,876,12,1011.6,153,3,1011.7,57,2,1011.8,154,2,1011.9,486,5,1012.0,1182,15
317,2025-11-26 14:13:24+05:30,1011.6,30,1001.74,7793341,425622.0,441152.0,986.2,1012.8,981.3,986.2,120513750,1084.8,887.6,1102.5,649.1,1011.4,63,5,1011.3,741,7,1011.2,1639,16,1011.1,855,11,1011.0,920,15,1011.6,104,2,1011.7,57,2,1011.8,154,2,1011.9,486,5,1012.0,1527,17
317,2025-11-26 14:13:24+05:30,1011.6,30,1001.74,7793341,425622.0,441152.0,986.2,1012.8,981.3,986.2,120513750,1084.8,887.6,1102.5,649.1,1011.4,63,5,1011.3,741,7,1011.2,1639,16,1011.1,855,11,1011.0,920,15,1011.6,104,2,1011.7,57,2,1011.8,154,2,1011.9,486,5,1012.0,1527,17
317,2025-11-26 14:13:25+05:30,1011.6,10,1001.74,7793379,425703.0,441436.0,986.2,1012.8,981.3,986.2,120513750,1084.8,887.6,1102.5,649.1,1011.4,78,6,1011.3,741,7,1011.2,1607,15,1011.1,817,10,1011.0,945,16,1011.6,110,2,1011.7,57,2,1011.8,154,2,1011.9,486,5,1012.0,1525,16
317,2025-11-26 14:13:25+05:30,1011.6,10,1001.74,7793379,425703.0,441436.0,986.2,1012.8,981.3,986.2,120513750,1084.8,887.6,1102.5,649.1,1011.4,78,6,1011.3,741,7,1011.2,1607,15,1011.1,817,10,1011.0,945,16,1011.6,110,2,1011.7,57,2,1011.8,154,2,1011.9,486,5,1012.0,1525,16
317,2025-11-26 14:13:26+05:30,1011.6,7,1001.74,7793540,425353.0,441033.0,986.2,1012.8,981.3,986.2,120513750,1084.8,887.6,1102.5,649.1,1011.4,29,2,1011.3,746,8,1011.2,1586,14,1011.1,782,9,1011.0,910,15,1011.6,104,3,1011.7,57,2,1011.8,154,2,1011.9,334,4,1012.0,1578,17
317,2025-11-26 14:13:26+05:30,1011.6,7,1001.74,7793540,425353.0,441033.0,986.2,1012.8,981.3,986.2,120513750,1084.8,887.6,1102.5,649.1,1011.4,29,2,1011.3,746,8,1011.2,1586,14,1011.1,782,9,1011.0,910,15,1011.6,104,3,1011.7,57,2,1011.8,154,2,1011.9,334,4,1012.0,1578,17
317,2025-11-26 14:13:27+05:30,1011.6,17,1001.74,7793557,425369.0,441100.0,986.2,1012.8,981.3,986.2,120513750,1084.8,887.6,1102.5,649.1,1011.4,45,3,1011.3,746,8,1011.2,1586,14,1011.1,782,9,1011.0,910,15,1011.6,87,3,1011.7,57,2,1011.8,208,3,1011.9,335,5,1012.0,1578,17
317,2025-11-26 14:13:27+05:30,1011.6,17,1001.74,7793557,425369.0,441100.0,986.2,1012.8,981.3,986.2,120513750,1084.8,887.6,1102.5,649.1,1011.4,45,3,1011.3,746,8,1011.2,1586,14,1011.1,782,9,1011.0,910,15,1011.6,87,3,1011.7,57,2,1011.8,208,3,1011.9,335,5,1012.0,1578,17
317,2025-11-26 14:13:28+05:30,1011.6,17,1001.74,7793557,425369.0,441061.0,986.2,1012.8,981.3,986.2,120513750,1084.8,887.6,1102.5,649.1,1011.4,45,3,1011.3,890,9,1011.2,1586,14,1011.1,782,9,1011.0,910,15,1011.6,47,2,1011.7,57,2,1011.8,208,3,1011.9,335,5,1012.0,1578,17
317,2025-11-26 14:13:29+05:30,1011.4,70,1001.74,7793672,425148.0,441539.0,986.2,1012.8,981.3,986.2,120513750,1084.8,887.6,1102.5,649.1,1011.4,3,1,1011.3,75,3,1011.2,1364,11,1011.1,804,10,1011.0,850,15,1011.5,53,2,1011.6,47,2,1011.7,52,1,1011.8,271,4,1011.9,340,6
317,2025-11-26 14:13:29+05:30,1011.4,70,1001.74,7793672,425148.0,441539.0,986.2,1012.8,981.3,986.2,120513750,1084.8,887.6,1102.5,649.1,1011.4,3,1,1011.3,75,3,1011.2,1364,11,1011.1,804,10,1011.0,850,15,1011.5,53,2,1011.6,47,2,1011.7,52,1,1011.8,271,4,1011.9,340,6
317,2025-11-26 14:13:30+05:30,1011.4,5,1001.74,7793740,425456.0,441673.0,986.2,1012.8,981.3,986.2,120513750,1084.8,887.6,1102.5,649.1,1011.4,10,2,1011.3,75,3,1011.2,1429,12,1011.1,767,9,1011.0,850,15,1011.5,70,2,1011.6,48,2,1011.7,202,1,1011.8,361,4,1011.9,366,8
317,2025-11-26 14:13:30+05:30,1011.4,8,1001.74,7793740,425456.0,441673.0,986.2,1012.8,981.3,986.2,120513750,1084.8,887.6,1102.5,649.1,1011.4,10,2,1011.3,75,3,1011.2,1429,12,1011.1,767,9,1011.0,850,15,1011.5,70,2,1011.6,48,2,1011.7,202,1,1011.8,361,4,1011.9,366,8
317,2025-11-26 14:13:31+05:30,1011.5,1,1001.74,7793771,425962.0,441684.0,986.2,1012.8,981.3,986.2,120513750,1084.8,887.6,1102.5,649.1,1011.4,10,2,1011.3,661,4,1011.2,1393,11,1011.1,767,9,1011.0,912,18,1011.5,69,2,1011.6,78,3,1011.7,346,2,1011.8,351,3,1011.9,366,8
317,2025-11-26 14:13:31+05:30,1011.5,1,1001.74,7793771,425962.0,441684.0,986.2,1012.8,981.3,986.2,120513750,1084.8,887.6,1102.5,649.1,1011.4,10,2,1011.3,661,4,1011.2,1393,11,1011.1,767,9,1011.0,912,18,1011.5,69,2,1011.6,78,3,1011.7,346,2,1011.8,351,3,1011.9,366,8
317,2025-11-26 14:13:32+05:30,1011.5,5,1001.74,7793776,425976.0,441708.0,986.2,1012.8,981.3,986.2,120513750,1084.8,887.6,1102.5,649.1,1011.4,24,3,1011.3,661,4,1011.2,1448,12,1011.1,803,10,1011.0,876,17,1011.5,64,2,1011.6,78,3,1011.7,360,3,1011.8,351,3,1011.9,366,8
317,2025-11-26 14:13:32+05:30,1011.5,5,1001.74,7793776,425976.0,441708.0,986.2,1012.8,981.3,986.2,120513750,1084.8,887.6,1102.5,649.1,1011.4,24,3,1011.3,661,4,1011.2,1448,12,1011.1,803,10,1011.0,876,17,1011.5,64,2,1011.6,78,3,1011.7,360,3,1011.8,351,3,1011.9,366,8
317,2025-11-26 14:13:33+05:30,1011.5,17,1001.74,7793808,425976.0,441732.0,986.2,1012.8,981.3,986.2,120513750,1084.8,887.6,1102.5,649.1,1011.4,24,3,1011.3,661,4,1011.2,1448,12,1011.1,803,10,1011.0,876,17,1011.5,63,3,1011.6,78,3,1011.7,360,3,1011.8,351,3,1011.9,366,8
317,2025-11-26 14:13:33+05:30,1011.5,17,1001.74,7793808,425976.0,441732.0,986.2,1012.8,981.3,986.2,120513750,1084.8,887.6,1102.5,649.1,1011.4,24,3,1011.3,661,4,1011.2,1448,12,1011.1,803,10,1011.0,876,17,1011.5,63,3,1011.6,78,3,1011.7,360,3,1011.8,351,3,1011.9,366,8
317,2025-11-26 14:13:34+05:30,1011.5,10,1001.74,7793808,425976.0,441732.0,986.2,1012.8,981.3,986.2,120513750,1084.8,887.6,1102.5,649.1,1011.4,24,3,1011.3,661,4,1011.2,1448,12,1011.1,803,10,1011.0,876,17,1011.5,63,3,1011.6,78,3,1011.7,360,3,1011.8,351,3,1011.9,366,8
317,2025-11-26 14:13:34+05:30,1011.5,10,1001.74,7794107,425468.0,442251.0,986.2,1012.8,981.3,986.2,120513750,1084.8,887.6,1102.5,649.1,1011.4,6,1,1011.3,67,3,1011.2,1412,11,1011.1,1334,11,1011.0,863,16,1011.5,32,2,1011.6,118,4,1011.7,14,1,1011.8,421,4,1011.9,483,9
317,2025-11-26 14:13:35+05:30,1011.5,2,1001.74,7794107,425468.0,442251.0,986.2,1012.8,981.3,986.2,120513750,1084.8,887.6,1102.5,649.1,1011.4,6,1,1011.3,67,3,1011.2,1412,11,1011.1,1334,11,1011.0,863,16,1011.5,32,2,1011.6,118,4,1011.7,14,1,1011.8,421,4,1011.9,483,9
317,2025-11-26 14:13:35+05:30,1011.5,2,1001.74,7794111,424910.0,442105.0,986.2,1012.8,981.3,986.2,120513750,1084.8,887.6,1102.5,649.1,1011.4,6,1,1011.3,67,3,1011.2,1448,12,1011.1,740,9,1011.0,863,16,1011.5,28,2,1011.6,128,5,1011.7,14,1,1011.8,421,4,1011.9,483,9
317,2025-11-26 14:13:36+05:30,1011.5,1,1001.74,7794111,424910.0,442105.0,986.2,1012.8,981.3,986.2,120513750,1084.8,887.6,1102.5,649.1,1011.4,6,1,1011.3,67,3,1011.2,1448,12,1011.1,740,9,1011.0,863,16,1011.5,28,2,1011.6,128,5,1011.7,14,1,1011.8,421,4,1011.9,483,9
317,2025-11-26 14:13:36+05:30,1011.5,1,1001.74,7795112,424790.0,442056.0,986.2,1012.8,981.3,986.2,120513750,1084.8,887.6,1102.5,649.1,1011.4,6,1,1011.3,513,1,1011.2,831,8,1011.1,740,9,1011.0,867,16,1011.5,31,4,1011.6,95,3,1011.7,19,2,1011.8,421,4,1011.9,483,9
317,2025-11-26 14:13:38+05:30,1011.4,55,1001.74,7795167,424978.0,442004.0,986.2,1012.8,981.3,986.2,120513750,1084.8,887.6,1102.5,649.1,1011.4,5,1,1011.3,594,3,1011.2,975,10,1011.1,740,9,1011.0,867,16,1011.5,4,2,1011.6,95,3,1011.7,19,2,1011.8,421,4,1011.9,483,9
317,2025-11-26 14:13:38+05:30,1011.6,23,1001.74,7795167,424978.0,442004.0,986.2,1012.8,981.3,986.2,120513750,1084.8,887.6,1102.5,649.1,1011.4,5,1,1011.3,594,3,1011.2,975,10,1011.1,740,9,1011.0,867,16,1011.5,4,2,1011.6,95,3,1011.7,19,2,1011.8,421,4,1011.9,483,9
317,2025-11-26 14:13:39+05:30,1011.4,5,1001.74,7795339,424012.0,442000.0,986.2,1012.8,981.3,986.2,120513750,1084.8,887.6,1102.5,649.1,1011.3,86,3,1011.2,977,10,1011.1,680,7,1011.0,854,15,1010.9,2059,17,1011.4,28,1,1011.6,62,2,1011.7,24,3,1011.8,464,5,1011.9,562,8
317,2025-11-26 14:13:39+05:30,1011.4,5,1001.74,7795339,424012.0,442000.0,986.2,1012.8,981.3,986.2,120513750,1084.8,887.6,1102.5,649.1,1011.3,86,3,1011.2,977,10,1011.1,680,7,1011.0,854,15,1010.9,2059,17,1011.4,28,1,1011.6,62,2,1011.7,24,3,1011.8,464,5,1011.9,562,8
317,2025-11-26 14:13:40+05:30,1011.4,5,1001.74,7795345,424103.0,441997.0,986.2,1012.8,981.3,986.2,120513750,1084.8,887.6,1102.5,649.1,1011.3,125,6,1011.2,977,10,1011.1,680,7,1011.0,883,16,1010.9,2082,18,1011.4,22,1,1011.6,62,2,1011.7,19,2,1011.8,464,5,1011.9,580,10
317,2025-11-26 14:13:40+05:30,1011.4,5,1001.74,7795345,424103.0,441997.0,986.2,1012.8,981.3,986.2,120513750,1084.8,887.6,1102.5,649.1,1011.3,125,6,1011.2,977,10,1011.1,680,7,1011.0,883,16,1010.9,2082,18,1011.4,22,1,1011.6,62,2,1011.7,19,2,1011.8,464,5,1011.9,580,10
317,2025-11-26 14:13:41+05:30,1011.3,1,1001.74,7795350,424045.0,442010.0,986.2,1012.8,981.3,986.2,120513750,1084.8,887.6,1102.5,649.1,1011.3,99,5,1011.2,977,10,1011.1,680,7,1011.0,883,16,1010.9,2082,18,1011.4,20,1,1011.5,77,2,1011.7,19,2,1011.8,464,5,1011.9,580,10
317,2025-11-26 14:13:41+05:30,1011.3,1,1001.74,7795350,424045.0,442010.0,986.2,1012.8,981.3,986.2,120513750,1084.8,887.6,1102.5,649.1,1011.3,99,5,1011.2,977,10,1011.1,680,7,1011.0,883,16,1010.9,2082,18,1011.4,20,1,1011.5,77,2,1011.7,19,2,1011.8,464,5,1011.9,580,10
317,2025-11-26 14:13:42+05:30,1011.4,5,1001.74,7795355,424037.0,442031.0,986.2,1012.8,981.3,986.2,120513750,1084.8,887.6,1102.5,649.1,1011.3,63,4,1011.2,1010,11,1011.1,680,7,1011.0,883,16,1010.9,2082,18,1011.4,15,1,1011.5,77,2,1011.7,19,2,1011.8,464,5,1011.9,580,10
317,2025-11-26 14:13:42+05:30,1011.4,35,1001.74,7795355,424037.0,442031.0,986.2,1012.8,981.3,986.2,120513750,1084.8,887.6,1102.5,649.1,1011.3,63,4,1011.2,1010,11,1011.1,680,7,1011.0,883,16,1010.9,2082,18,1011.4,15,1,1011.5,77,2,1011.7,19,2,1011.8,464,5,1011.9,580,10
317,2025-11-26 14:13:43+05:30,1011.4,23,1001.74,7795590,423902.0,442038.0,986.2,1012.8,981.3,986.2,120513750,1084.8,887.6,1102.5,649.1,1011.3,18,3,1011.2,887,9,1011.1,713,8,1011.0,883,16,1010.9,2082,18,1011.4,1,1,1011.5,77,2,1011.7,163,3,1011.8,490,7,1011.9,554,8
317,2025-11-26 14:13:43+05:30,1011.4,23,1001.74,7795590,423902.0,442038.0,986.2,1012.8,981.3,986.2,120513750,1084.8,887.6,1102.5,649.1,1011.3,18,3,1011.2,887,9,1011.1,713,8,1011.0,883,16,1010.9,2082,18,1011.4,1,1,1011.5,77,2,1011.7,163,3,1011.8,490,7,1011.9,554,8
317,2025-11-26 14:13:44+05:30,1011.5,2,1001.74,7795740,424949.0,441514.0,986.2,1012.8,981.3,986.2,120513750,1084.8,887.6,1102.5,649.1,1011.4,23,1,1011.3,33,1,1011.2,859,8,1011.1,1206,8,1011.0,712,15,1011.5,75,2,1011.7,68,3,1011.8,427,4,1011.9,1038,11,1012.0,1604,23
317,2025-11-26 14:13:44+05:30,1011.5,2,1001.74,7795740,424949.0,441514.0,986.2,1012.8,981.3,986.2,120513750,1084.8,887.6,1102.5,649.1,1011.4,23,1,1011.3,33,1,1011.2,859,8,1011.1,1206,8,1011.0,712,15,1011.5,75,2,1011.7,68,3,1011.8,427,4,1011.9,1038,11,1012.0,1604,23
317,2025-11-26 14:13:45+05:30,1011.5,2,1001.74,7795742,424366.0,441380.0,986.2,1012.8,981.3,986.2,120513750,1084.8,887.6,1102.5,649.1,1011.4,23,1,1011.3,33,1,1011.2,859,8,1011.1,646,8,1011.0,712,15,1011.5,73,2,1011.7,68,3,1011.8,427,4,1011.9,1038,11,1012.0,1604,23
317,2025-11-26 14:13:45+05:30,1011.5,2,1001.74,7795742,424366.0,441380.0,986.2,1012.8,981.3,986.2,120513750,1084.8,887.6,1102.5,649.1,1011.4,23,1,1011.3,33,1,1011.2,859,8,1011.1,646,8,1011.0,712,15,1011.5,73,2,1011.7,68,3,1011.8,427,4,1011.9,1038,11,1012.0,1604,23
317,2025-11-26 14:13:46+05:30,1011.5,1,1001.74,7795743,424366.0,441379.0,986.2,1012.8,981.3,986.2,120513750,1084.8,887.6,1102.5,649.1,1011.4,23,1,1011.3,33,1,1011.2,859,8,1011.1,646,8,1011.0,712,15,1011.5,72,2,1011.7,68,3,1011.8,427,4,1011.9,1038,11,1012.0,1604,23
317,2025-11-26 14:13:46+05:30,1011.5,1,1001.74,7795743,424366.0,441379.0,986.2,1012.8,981.3,986.2,120513750,1084.8,887.6,1102.5,649.1,1011.4,23,1,1011.3,33,1,1011.2,859,8,1011.1,646,8,1011.0,712,15,1011.5,72,2,1011.7,68,3,1011.8,427,4,1011.9,1038,11,1012.0,1604,23
317,2025-11-26 14:13:47+05:30,1011.5,1,1001.74,7795754,424842.0,441101.0,986.2,1012.8,981.3,986.2,120513750,1084.8,887.6,1102.5,649.1,1011.4,23,1,1011.3,33,1,1011.2,1335,9,1011.1,646,8,1011.0,712,15,1011.5,61,2,1011.7,198,4,1011.8,488,7,1011.9,1012,9,1012.0,1604,23
317,2025-11-26 14:13:48+05:30,1011.5,1,1001.74,7795754,424366.0,441144.0,986.2,1012.8,981.3,986.2,120513750,1084.8,887.6,1102.5,649.1,1011.4,23,1,1011.3,33,1,1011.2,859,8,1011.1,646,8,1011.0,712,15,1011.5,61,2,1011.7,198,4,1011.8,488,7,1011.9,1012,9,1012.0,1634,24
317,2025-11-26 14:13:49+05:30,1011.5,19,1001.74,7795951,423078.0,440416.0,986.2,1012.8,981.3,986.2,120513750,1084.8,887.6,1102.5,649.1,1011.4,23,1,1011.3,184,4,1011.2,1234,14,1011.1,653,8,1011.0,889,15,1011.5,58,2,1011.7,19,2,1011.8,149,2,1011.9,776,11,1012.0,1395,22
317,2025-11-26 14:13:49+05:30,1011.5,1,1001.74,7795951,423078.0,440416.0,986.2,1012.8,981.3,986.2,120513750,1084.8,887.6,1102.5,649.1,1011.4,23,1,1011.3,184,4,1011.2,1234,14,1011.1,653,8,1011.0,889,15,1011.5,58,2,1011.7,19,2,1011.8,149,2,1011.9,776,11,1012.0,1395,22
317,2025-11-26 14:13:50+05:30,1011.4,100,1001.74,7796054,422259.0,440737.0,986.2,1012.8,981.3,986.2,120513750,1084.8,887.6,1102.5,649.1,1011.4,6,1,1011.2,1041,12,1011.1,586,7,1011.0,687,14,1010.9,2145,18,1011.5,55,2,1011.7,145,3,1011.8,175,4,1011.9,750,9,1012.0,1698,24
317,2025-11-26 14:13:50+05:30,1011.4,100,1001.74,7796054,422259.0,440737.0,986.2,1012.8,981.3,986.2,120513750,1084.8,887.6,1102.5,649.1,1011.4,6,1,1011.2,1041,12,1011.1,586,7,1011.0,687,14,1010.9,2145,18,1011.5,55,2,1011.7,145,3,1011.8,175,4,1011.9,750,9,1012.0,1698,24
317,2025-11-26 14:13:51+05:30,1011.7,1,1001.74,7796055,422537.0,439441.0,986.2,1012.8,981.3,986.2,120513750,1084.8,887.6,1102.5,649.1,1011.4,6,1,1011.3,568,2,1011.2,1056,12,1011.1,652,9,1011.0,768,14,1011.7,144,3,1011.8,206,4,1011.9,819,12,1012.0,1686,23,1012.1,564,12
317,2025-11-26 14:13:51+05:30,1011.7,1,1001.74,7796055,422537.0,439441.0,986.2,1012.8,981.3,986.2,120513750,1084.8,887.6,1102.5,649.1,1011.4,6,1,1011.3,568,2,1011.2,1056,12,1011.1,652,9,1011.0,768,14,1011.7,144,3,1011.8,206,4,1011.9,819,12,1012.0,1686,23,1012.1,564,12
317,2025-11-26 14:13:52+05:30,1011.7,1,1001.74,7796055,422755.0,439440.0,986.2,1012.8,981.3,986.2,120513750,1084.8,887.6,1102.5,649.1,1011.4,6,1,1011.3,817,7,1011.2,1235,14,1011.1,621,8,1011.0,768,14,1011.7,18,2,1011.8,184,3,1011.9,706,11,1012.0,1323,21,1012.1,862,13
317,2025-11-26 14:13:53+05:30,1011.5,5,1001.74,7796095,422161.0,441661.0,986.2,1012.8,981.3,986.2,120513750,1084.8,887.6,1102.5,649.1,1011.4,6,1,1011.3,5,1,1011.2,915,9,1011.1,619,8,1011.0,799,15,1011.5,460,1,1011.7,153,5,1011.8,292,7,1011.9,836,11,1012.0,1690,23
317,2025-11-26 14:13:53+05:30,1011.5,5,1001.74,7796095,422161.0,441661.0,986.2,1012.8,981.3,986.2,120513750,1084.8,887.6,1102.5,649.1,1011.4,6,1,1011.3,5,1,1011.2,915,9,1011.1,619,8,1011.0,799,15,1011.5,460,1,1011.7,153,5,1011.8,292,7,1011.9,836,11,1012.0,1690,23
317,2025-11-26 14:13:54+05:30,1011.5,6,1001.74,7796101,422222.0,441679.0,986.2,1012.8,981.3,986.2,120513750,1084.8,887.6,1102.5,649.1,1011.4,4,1,1011.3,5,1,1011.2,981,11,1011.1,616,8,1011.0,799,15,1011.5,454,1,1011.7,153,5,1011.8,292,7,1011.9,836,11,1012.0,1690,23
317,2025-11-26 14:13:54+05:30,1011.5,112,1001.74,7796101,422222.0,441679.0,986.2,1012.8,981.3,986.2,120513750,1084.8,887.6,1102.5,649.1,1011.4,4,1,1011.3,5,1,1011.2,981,11,1011.1,616,8,1011.0,799,15,1011.5,454,1,1011.7,153,5,1011.8,292,7,1011.9,836,11,1012.0,1690,23
317,2025-11-26 14:13:55+05:30,1011.5,2,1001.74,7796216,424694.0,441225.0,986.2,1012.8,981.3,986.2,120513750,1084.8,887.6,1102.5,649.1,1011.4,483,5,1011.3,849,7,1011.2,818,13,1011.1,531,6,1011.0,996,17,1011.5,339,1,1011.7,27,4,1011.8,210,5,1011.9,603,9,1012.0,1318,20
317,2025-11-26 14:13:55+05:30,1011.5,12,1001.74,7796216,424694.0,441225.0,986.2,1012.8,981.3,986.2,120513750,1084.8,887.6,1102.5,649.1,1011.4,483,5,1011.3,849,7,1011.2,818,13,1011.1,531,6,1011.0,996,17,1011.5,339,1,1011.7,27,4,1011.8,210,5,1011.9,603,9,1012.0,1318,20
317,2025-11-26 14:13:56+05:30,1011.5,2,1001.74,7796245,424646.0,441297.0,986.2,1012.8,981.3,986.2,120513750,1084.8,887.6,1102.5,649.1,1011.4,515,7,1011.3,913,9,1011.2,719,11,1011.1,553,7,1011.0,1021,18,1011.5,485,2,1011.6,49,1,1011.7,27,4,1011.8,175,4,1011.9,560,8
317,2025-11-26 14:13:56+05:30,1011.5,2,1001.74,7796245,424646.0,441297.0,986.2,1012.8,981.3,986.2,120513750,1084.8,887.6,1102.5,649.1,1011.4,515,7,1011.3,913,9,1011.2,719,11,1011.1,553,7,1011.0,1021,18,1011.5,485,2,1011.6,49,1,1011.7,27,4,1011.8,175,4,1011.9,560,8
317,2025-11-26 14:13:57+05:30,1011.5,2,1001.74,7796245,424613.0,441314.0,986.2,1012.8,981.3,986.2,120513750,1084.8,887.6,1102.5,649.1,1011.4,484,6,1011.3,913,9,1011.2,717,11,1011.1,553,7,1011.0,1021,18,1011.5,485,2,1011.6,49,1,1011.7,27,4,1011.8,175,4,1011.9,560,8
317,2025-11-26 14:13:58+05:30,1011.5,5,1001.74,7796321,424542.0,441301.0,986.2,1012.8,981.3,986.2,120513750,1084.8,887.6,1102.5,649.1,1011.4,413,5,1011.3,913,9,1011.2,717,11,1011.1,553,7,1011.0,1021,18,1011.5,480,2,1011.6,49,1,1011.7,19,3,1011.8,175,4,1011.9,560,8
317,2025-11-26 14:13:58+05:30,1011.4,26,1001.74,7796321,424542.0,441301.0,986.2,1012.8,981.3,986.2,120513750,1084.8,887.6,1102.5,649.1,1011.4,413,5,1011.3,913,9,1011.2,717,11,1011.1,553,7,1011.0,1021,18,1011.5,480,2,1011.6,49,1,1011.7,19,3,1011.8,175,4,1011.9,560,8
317,2025-11-26 14:13:59+05:30,1011.5,30,1001.74,7796695,421088.0,441500.0,986.2,1012.8,981.3,986.2,120513750,1084.8,887.6,1102.5,649.1,1011.4,23,2,1011.3,63,2,1011.2,387,6,1011.1,1839,8,1011.0,806,16,1011.5,328,3,1011.6,49,1,1011.7,139,4,1011.8,523,6,1011.9,762,9
317,2025-11-26 14:13:59+05:30,1011.5,30,1001.74,7796695,421088.0,441500.0,986.2,1012.8,981.3,986.2,120513750,1084.8,887.6,1102.5,649.1,1011.4,23,2,1011.3,63,2,1011.2,387,6,1011.1,1839,8,1011.0,806,16,1011.5,328,3,1011.6,49,1,1011.7,139,4,1011.8,523,6,1011.9,762,9
317,2025-11-26 14:14:00+05:30,1011.4,8,1001.74,7796704,421224.0,441672.0,986.2,1012.8,981.3,986.2,120513750,1084.8,887.6,1102.5,649.1,1011.4,15,2,1011.3,63,2,1011.2,387,6,1011.1,1839,8,1011.0,806,16,1011.5,327,3,1011.6,49,1,1011.7,139,4,1011.8,552,7,1011.9,762,9
317,2025-11-26 14:14:00+05:30,1011.4,3,1001.74,7796704,421224.0,441672.0,986.2,1012.8,981.3,986.2,120513750,1084.8,887.6,1102.5,649.1,1011.4,15,2,1011.3,63,2,1011.2,387,6,1011.1,1839,8,1011.0,806,16,1011.5,327,3,1011.6,49,1,1011.7,139,4,1011.8,552,7,1011.9,762,9
317,2025-11-26 14:14:01+05:30,1011.5,1,1001.74,7796708,421221.0,441518.0,986.2,1012.8,981.3,986.2,120513750,1084.8,887.6,1102.5,649.1,1011.4,12,2,1011.3,63,2,1011.2,387,6,1011.1,1839,8,1011.0,806,16,1011.5,373,4,1011.6,49,1,1011.7,139,4,1011.8,552,7,1011.9,762,9
317,2025-11-26 14:14:01+05:30,1011.4,3,1001.74,7796708,421221.0,441518.0,986.2,1012.8,981.3,986.2,120513750,1084.8,887.6,1102.5,649.1,1011.4,12,2,1011.3,63,2,1011.2,387,6,1011.1,1839,8,1011.0,806,16,1011.5,373,4,1011.6,49,1,1011.7,139,4,1011.8,552,7,1011.9,762,9
317,2025-11-26 14:14:02+05:30,1011.4,3,1001.74,7796728,420964.0,442229.0,986.2,1012.8,981.3,986.2,120513750,1084.8,887.6,1102.5,649.1,1011.3,46,3,1011.2,311,6,1011.1,1839,8,1011.0,806,16,1010.9,2114,15,1011.5,368,4,1011.6,49,1,1011.7,139,4,1011.8,634,7,1011.9,807,10
317,2025-11-26 14:14:02+05:30,1011.5,10,1001.74,7796728,420964.0,442229.0,986.2,1012.8,981.3,986.2,120513750,1084.8,887.6,1102.5,649.1,1011.3,46,3,1011.2,311,6,1011.1,1839,8,1011.0,806,16,1010.9,2114,15,1011.5,368,4,1011.6,49,1,1011.7,139,4,1011.8,634,7,1011.9,807,10
317,2025-11-26 14:14:03+05:30,1011.6,2,1001.74,7797098,421220.0,441842.0,986.2,1012.8,981.3,986.2,120513750,1084.8,887.6,1102.5,649.1,1011.3,81,5,1011.2,430,8,1011.1,1833,8,1011.0,806,16,1010.9,2083,14,1011.5,3,2,1011.6,47,1,1011.7,325,4,1011.8,634,7,1011.9,605,9
317,2025-11-26 14:14:03+05:30,1011.7,21,1001.74,7797098,421220.0,441842.0,986.2,1012.8,981.3,986.2,120513750,1084.8,887.6,1102.5,649.1,1011.3,81,5,1011.2,430,8,1011.1,1833,8,1011.0,806,16,1010.9,2083,14,1011.5,3,2,1011.6,47,1,1011.7,325,4,1011.8,634,7,1011.9,605,9
317,2025-11-26 14:14:04+05:30,1011.7,21,1001.74,7797351,422526.0,440157.0,986.2,1012.8,981.3,986.2,120513750,1084.8,887.6,1102.5,649.1,1011.5,28,2,1011.3,1014,8,1011.2,1435,12,1011.1,556,7,1011.0,850,16,1011.7,25,2,1011.8,201,5,1011.9,607,7,1012.0,1380,23,1012.1,978,14
317,2025-11-26 14:14:05+05:30,1011.7,2,1001.74,7797353,422826.0,440193.0,986.2,1012.8,981.3,986.2,120513750,1084.8,887.6,1102.5,649.1,1011.5,28,2,1011.3,1028,8,1011.2,1435,12,1011.1,556,7,1011.0,850,16,1011.7,23,2,1011.8,201,5,1011.9,680,9,1012.0,1380,23,1012.1,978,14
317,2025-11-26 14:14:05+05:30,1011.7,2,1001.74,7797353,422826.0,440193.0,986.2,1012.8,981.3,986.2,120513750,1084.8,887.6,1102.5,649.1,1011.5,28,2,1011.3,1028,8,1011.2,1435,12,1011.1,556,7,1011.0,850,16,1011.7,23,2,1011.8,201,5,1011.9,680,9,1012.0,1380,23,1012.1,978,14
317,2025-11-26 14:14:05+05:30,1011.7,2,1001.74,7797353,422826.0,440193.0,986.2,1012.8,981.3,986.2,120513750,1084.8,887.6,1102.5,649.1,1011.5,28,2,1011.3,1028,8,1011.2,1435,12,1011.1,556,7,1011.0,850,16,1011.7,23,2,1011.8,201,5,1011.9,680,9,1012.0,1380,23,1012.1,978,14
317,2025-11-26 14:14:06+05:30,1011.7,2,1001.74,7797353,422826.0,440193.0,986.2,1012.8,981.3,986.2,120513750,1084.8,887.6,1102.5,649.1,1011.5,28,2,1011.3,1028,8,1011.2,1435,12,1011.1,556,7,1011.0,850,16,1011.7,23,2,1011.8,201,5,1011.9,680,9,1012.0,1380,23,1012.1,978,14
317,2025-11-26 14:14:06+05:30,1011.7,1,1001.74,7797354,422534.0,440196.0,986.2,1012.8,981.3,986.2,120513750,1084.8,887.6,1102.5,649.1,1011.5,28,2,1011.3,1092,10,1011.2,1437,12,1011.1,523,6,1011.0,850,16,1011.7,8,1,1011.8,57,4,1011.9,650,10,1012.0,1329,21,1012.1,982,15
317,2025-11-26 14:14:06+05:30,1011.7,1,1001.74,7797354,422534.0,440196.0,986.2,1012.8,981.3,986.2,120513750,1084.8,887.6,1102.5,649.1,1011.5,28,2,1011.3,1092,10,1011.2,1437,12,1011.1,523,6,1011.0,850,16,1011.7,8,1,1011.8,57,4,1011.9,650,10,1012.0,1329,21,1012.1,982,15
317,2025-11-26 14:14:06+05:30,1011.7,1,1001.74,7797354,422534.0,440196.0,986.2,1012.8,981.3,986.2,120513750,1084.8,887.6,1102.5,649.1,1011.5,28,2,1011.3,1092,10,1011.2,1437,12,1011.1,523,6,1011.0,850,16,1011.7,8,1,1011.8,57,4,1011.9,650,10,1012.0,1329,21,1012.1,982,15
317,2025-11-26 14:14:06+05:30,1011.7,1,1001.74,7797354,422534.0,440196.0,986.2,1012.8,981.3,986.2,120513750,1084.8,887.6,1102.5,649.1,1011.5,28,2,1011.3,1092,10,1011.2,1437,12,1011.1,523,6,1011.0,850,16,1011.7,8,1,1011.8,57,4,1011.9,650,10,1012.0,1329,21,1012.1,982,15
317,2025-11-26 14:14:07+05:30,1011.7,1,1001.74,7797354,422534.0,440196.0,986.2,1012.8,981.3,986.2,120513750,1084.8,887.6,1102.5,649.1,1011.5,28,2,1011.3,1092,10,1011.2,1437,12,1011.1,523,6,1011.0,850,16,1011.7,8,1,1011.8,57,4,1011.9,650,10,1012.0,1329,21,1012.1,982,15
317,2025-11-26 14:14:07+05:30,1011.7,1,1001.74,7797354,422546.0,440422.0,986.2,1012.8,981.3,986.2,120513750,1084.8,887.6,1102.5,649.1,1011.5,41,3,1011.3,1109,10,1011.2,1466,13,1011.1,523,6,1011.0,850,16,1011.7,9,2,1011.8,57,4,1011.9,620,10,1012.0,1329,21,1012.1,982,15
317,2025-11-26 14:14:07+05:30,1011.7,1,1001.74,7797354,422546.0,440422.0,986.2,1012.8,981.3,986.2,120513750,1084.8,887.6,1102.5,649.1,1011.5,41,3,1011.3,1109,10,1011.2,1466,13,1011.1,523,6,1011.0,850,16,1011.7,9,2,1011.8,57,4,1011.9,620,10,1012.0,1329,21,1012.1,982,15
317,2025-11-26 14:14:08+05:30,1011.7,1,1001.74,7797354,422546.0,440422.0,986.2,1012.8,981.3,986.2,120513750,1084.8,887.6,1102.5,649.1,1011.5,41,3,1011.3,1109,10,1011.2,1466,13,1011.1,523,6,1011.0,850,16,1011.7,9,2,1011.8,57,4,1011.9,620,10,1012.0,1329,21,1012.1,982,15
317,2025-11-26 14:14:08+05:30,1011.7,1,1001.74,7797360,422983.0,440394.0,986.2,1012.8,981.3,986.2,120513750,1084.8,887.6,1102.5,649.1,1011.5,58,4,1011.4,237,2,1011.3,618,11,1011.2,1408,11,1011.1,1005,7,1011.7,3,2,1011.8,57,4,1011.9,619,9,1012.0,1330,22,1012.1,982,15
317,2025-11-26 14:14:08+05:30,1011.7,1,1001.74,7797360,422983.0,440394.0,986.2,1012.8,981.3,986.2,120513750,1084.8,887.6,1102.5,649.1,1011.5,58,4,1011.4,237,2,1011.3,618,11,1011.2,1408,11,1011.1,1005,7,1011.7,3,2,1011.8,57,4,1011.9,619,9,1012.0,1330,22,1012.1,982,15
317,2025-11-26 14:14:08+05:30,1011.7,1,1001.74,7797360,422983.0,440394.0,986.2,1012.8,981.3,986.2,120513750,1084.8,887.6,1102.5,649.1,1011.5,58,4,1011.4,237,2,1011.3,618,11,1011.2,1408,11,1011.1,1005,7,1011.7,3,2,1011.8,57,4,1011.9,619,9,1012.0,1330,22,1012.1,982,15
317,2025-11-26 14:14:08+05:30,1011.7,1,1001.74,7797360,422983.0,440394.0,986.2,1012.8,981.3,986.2,120513750,1084.8,887.6,1102.5,649.1,1011.5,58,4,1011.4,237,2,1011.3,618,11,1011.2,1408,11,1011.1,1005,7,1011.7,3,2,1011.8,57,4,1011.9,619,9,1012.0,1330,22,1012.1,982,15
317,2025-11-26 14:14:09+05:30,1011.7,1,1001.74,7797360,422983.0,440394.0,986.2,1012.8,981.3,986.2,120513750,1084.8,887.6,1102.5,649.1,1011.5,58,4,1011.4,237,2,1011.3,618,11,1011.2,1408,11,1011.1,1005,7,1011.7,3,2,1011.8,57,4,1011.9,619,9,1012.0,1330,22,1012.1,982,15
317,2025-11-26 14:14:09+05:30,1011.7,1,1001.74,7797360,424369.0,440384.0,986.2,1012.8,981.3,986.2,120513750,1084.8,887.6,1102.5,649.1,1011.5,41,3,1011.4,1103,5,1011.3,787,13,1011.2,687,11,1011.1,1005,7,1011.6,21,1,1011.7,3,2,1011.8,57,4,1011.9,619,9,1012.0,1334,23
317,2025-11-26 14:14:09+05:30,1011.7,1,1001.74,7797360,424369.0,440384.0,986.2,1012.8,981.3,986.2,120513750,1084.8,887.6,1102.5,649.1,1011.5,41,3,1011.4,1103,5,1011.3,787,13,1011.2,687,11,1011.1,1005,7,1011.6,21,1,1011.7,3,2,1011.8,57,4,1011.9,619,9,1012.0,1334,23
317,2025-11-26 14:14:10+05:30,1011.7,1,1001.74,7797360,424369.0,440384.0,986.2,1012.8,981.3,986.2,120527250,1084.8,887.6,1102.5,649.1,1011.5,41,3,1011.4,1103,5,1011.3,787,13,1011.2,687,11,1011.1,1005,7,1011.6,21,1,1011.7,3,2,1011.8,57,4,1011.9,619,9,1012.0,1334,23
317,2025-11-26 14:14:10+05:30,1011.8,26,1001.74,7797619,423503.0,440467.0,986.2,1012.8,981.3,986.2,120527250,1084.8,887.6,1102.5,649.1,1011.6,31,2,1011.5,69,4,1011.4,1385,8,1011.3,628,11,1011.2,1011,9,1011.9,402,9,1012.0,1078,19,1012.1,570,11,1012.2,1575,13,1012.3,713,11
317,2025-11-26 14:14:10+05:30,1011.8,26,1001.74,7797619,423503.0,440467.0,986.2,1012.8,981.3,986.2,120527250,1084.8,887.6,1102.5,649.1,1011.6,31,2,1011.5,69,4,1011.4,1385,8,1011.3,628,11,1011.2,1011,9,1011.9,402,9,1012.0,1078,19,1012.1,570,11,1012.2,1575,13,1012.3,713,11
317,2025-11-26 14:14:10+05:30,1011.8,26,1001.74,7797619,423503.0,440467.0,986.2,1012.8,981.3,986.2,120527250,1084.8,887.6,1102.5,649.1,1011.6,31,2,1011.5,69,4,1011.4,1385,8,1011.3,628,11,1011.2,1011,9,1011.9,402,9,1012.0,1078,19,1012.1,570,11,1012.2,1575,13,1012.3,713,11
317,2025-11-26 14:14:11+05:30,1011.6,1,1001.74,7797624,423561.0,440752.0,986.2,1012.8,981.3,986.2,120527250,1084.8,887.6,1102.5,649.1,1011.6,40,3,1011.5,76,4,1011.4,1300,8,1011.3,620,10,1011.2,1058,12,1011.7,79,1,1011.9,282,8,1012.0,1115,20,1012.1,872,13,1012.2,1277,12
317,2025-11-26 14:14:11+05:30,1011.6,1,1001.74,7797624,423561.0,440752.0,986.2,1012.8,981.3,986.2,120527250,1084.8,887.6,1102.5,649.1,1011.6,40,3,1011.5,76,4,1011.4,1300,8,1011.3,620,10,1011.2,1058,12,1011.7,79,1,1011.9,282,8,1012.0,1115,20,1012.1,872,13,1012.2,1277,12
317,2025-11-26 14:14:12+05:30,1011.7,1,1001.74,7797625,424048.0,440715.0,986.2,1012.8,981.3,986.2,120527250,1084.8,887.6,1102.5,649.1,1011.6,53,4,1011.5,28,2,1011.4,1127,6,1011.3,556,10,1011.2,1073,13,1011.7,79,2,1011.9,293,10,1012.0,1161,21,1012.1,880,13,1012.2,1277,12
317,2025-11-26 14:14:12+05:30,1011.7,1,1001.74,7797625,424048.0,440715.0,986.2,1012.8,981.3,986.2,120527250,1084.8,887.6,1102.5,649.1,1011.6,53,4,1011.5,28,2,1011.4,1127,6,1011.3,556,10,1011.2,1073,13,1011.7,79,2,1011.9,293,10,1012.0,1161,21,1012.1,880,13,1012.2,1277,12
317,2025-11-26 14:14:13+05:30,1011.6,3,1001.74,7797809,423428.0,440977.0,986.2,1012.8,981.3,986.2,120527250,1084.8,887.6,1102.5,649.1,1011.6,5,1,1011.5,32,3,1011.4,827,3,1011.3,579,10,1011.2,1067,12,1011.7,54,3,1011.9,479,12,1012.0,1195,22,1012.1,862,12,1012.2,1342,13
317,2025-11-26 14:14:13+05:30,1011.7,1,1001.74,7797809,423428.0,440977.0,986.2,1012.8,981.3,986.2,120527250,1084.8,887.6,1102.5,649.1,1011.6,5,1,1011.5,32,3,1011.4,827,3,1011.3,579,10,1011.2,1067,12,1011.7,54,3,1011.9,479,12,1012.0,1195,22,1012.1,862,12,1012.2,1342,13
317,2025-11-26 14:14:14+05:30,1011.9,3,1001.75,7798038,423803.0,440430.0,986.2,1012.8,981.3,986.2,120527250,1084.8,887.6,1102.5,649.1,1011.7,112,1,1011.6,35,2,1011.5,759,3,1011.4,334,4,1011.3,579,10,1011.9,150,9,1012.0,1007,19,1012.1,770,12,1012.2,1640,14,1012.3,648,10
317,2025-11-26 14:14:14+05:30,1011.9,3,1001.75,7798038,423803.0,440430.0,986.2,1012.8,981.3,986.2,120527250,1084.8,887.6,1102.5,649.1,1011.7,112,1,1011.6,35,2,1011.5,759,3,1011.4,334,4,1011.3,579,10,1011.9,150,9,1012.0,1007,19,1012.1,770,12,1012.2,1640,14,1012.3,648,10
317,2025-11-26 14:14:15+05:30,1011.9,9,1001.75,7798160,425239.0,440013.0,986.2,1012.8,981.3,986.2,120527250,1084.8,887.6,1102.5,649.1,1011.7,650,4,1011.6,107,4,1011.5,1175,9,1011.4,376,4,1011.3,536,9,1011.9,80,6,1012.0,1020,20,1012.1,478,8,1012.2,1191,10,1012.3,786,11
317,2025-11-26 14:14:15+05:30,1011.9,9,1001.75,7798160,425239.0,440013.0,986.2,1012.8,981.3,986.2,120527250,1084.8,887.6,1102.5,649.1,1011.7,650,4,1011.6,107,4,1011.5,1175,9,1011.4,376,4,1011.3,536,9,1011.9,80,6,1012.0,1020,20,1012.1,478,8,1012.2,1191,10,1012.3,786,11
317,2025-11-26 14:14:16+05:30,1012.0,129,1001.75,7798662,426113.0,438203.0,986.2,1012.8,981.3,986.2,120527250,1084.8,887.6,1102.5,649.1,1011.7,656,5,1011.6,136,6,1011.5,1247,8,1011.4,555,7,1011.3,549,10,1012.0,524,7,1012.1,358,7,1012.2,579,16,1012.3,1824,14,1012.4,825,12
317,2025-11-26 14:14:16+05:30,1012.0,129,1001.75,7798662,426113.0,438203.0,986.2,1012.8,981.3,986.2,120527250,1084.8,887.6,1102.5,649.1,1011.7,656,5,1011.6,136,6,1011.5,1247,8,1011.4,555,7,1011.3,549,10,1012.0,524,7,1012.1,358,7,1012.2,579,16,1012.3,1824,14,1012.4,825,12
317,2025-11-26 14:14:17+05:30,1012.0,129,1001.75,7798662,426279.0,438361.0,986.2,1012.8,981.3,986.2,120527250,1084.8,887.6,1102.5,649.1,1011.7,686,7,1011.6,116,5,1011.5,1303,10,1011.4,555,7,1011.3,536,9,1012.0,524,7,1012.1,510,9,1012.2,579,16,1012.3,1824,14,1012.4,825,12
317,2025-11-26 14:14:18+05:30,1012.0,129,1001.75,7798662,426293.0,438364.0,986.2,1012.8,981.3,986.2,120527250,1084.8,887.6,1102.5,649.1,1011.7,686,7,1011.6,116,5,1011.5,1303,10,1011.4,555,7,1011.3,536,9,1012.0,525,8,1012.1,512,10,1012.2,877,17,1012.3,1526,13,1012.4,825,12
317,2025-11-26 14:14:19+05:30,1012.0,5,1001.75,7798667,426970.0,439073.0,986.2,1012.8,981.3,986.2,120527250,1084.8,887.6,1102.5,649.1,1011.7,686,7,1011.6,144,6,1011.5,1171,8,1011.4,555,7,1011.3,591,10,1011.8,26,1,1012.0,520,8,1012.1,429,10,1012.2,877,17,1012.3,1526,13
317,2025-11-26 14:14:19+05:30,1012.0,5,1001.75,7798667,426970.0,439073.0,986.2,1012.8,981.3,986.2,120527250,1084.8,887.6,1102.5,649.1,1011.7,686,7,1011.6,144,6,1011.5,1171,8,1011.4,555,7,1011.3,591,10,1011.8,26,1,1012.0,520,8,1012.1,429,10,1012.2,877,17,1012.3,1526,13
317,2025-11-26 14:14:20+05:30,1011.8,1,1001.75,7798667,426970.0,439073.0,986.2,1012.8,981.3,986.2,120527250,1084.8,887.6,1102.5,649.1,1011.7,686,7,1011.6,144,6,1011.5,1171,8,1011.4,555,7,1011.3,591,10,1011.8,26,1,1012.0,520,8,1012.1,429,10,1012.2,877,17,1012.3,1526,13
317,2025-11-26 14:14:20+05:30,1011.8,1,1001.75,7798669,426915.0,439071.0,986.2,1012.8,981.3,986.2,120527250,1084.8,887.6,1102.5,649.1,1011.7,686,7,1011.6,116,5,1011.5,1206,10,1011.4,555,7,1011.3,641,11,1011.8,24,1,1012.0,520,8,1012.1,429,10,1012.2,877,17,1012.3,1526,13
317,2025-11-26 14:14:21+05:30,1011.7,15,1001.75,7798669,426915.0,439071.0,986.2,1012.8,981.3,986.2,120527250,1084.8,887.6,1102.5,649.1,1011.7,686,7,1011.6,116,5,1011.5,1206,10,1011.4,555,7,1011.3,641,11,1011.8,24,1,1012.0,520,8,1012.1,429,10,1012.2,877,17,1012.3,1526,13
317,2025-11-26 14:14:21+05:30,1011.7,15,1001.75,7798685,426970.0,439302.0,986.2,1012.8,981.3,986.2,120527250,1084.8,887.6,1102.5,649.1,1011.7,671,7,1011.6,50,4,1011.5,1206,10,1011.4,555,7,1011.3,686,12,1011.8,23,1,1012.0,520,8,1012.1,586,11,1012.2,877,17,1012.3,1526,13
317,2025-11-26 14:14:22+05:30,1011.8,5,1001.75,7798685,426970.0,439302.0,986.2,1012.8,981.3,986.2,120527250,1084.8,887.6,1102.5,649.1,1011.7,671,7,1011.6,50,4,1011.5,1206,10,1011.4,555,7,1011.3,686,12,1011.8,23,1,1012.0,520,8,1012.1,586,11,1012.2,877,17,1012.3,1526,13
317,2025-11-26 14:14:22+05:30,1011.8,23,1001.75,7798829,427054.0,439199.0,986.2,1012.8,981.3,986.2,120527250,1084.8,887.6,1102.5,649.1,1011.7,666,7,1011.6,83,4,1011.5,1179,9,1011.4,581,8,1011.3,686,12,1011.8,26,1,1012.0,520,8,1012.1,331,9,1012.2,872,17,1012.3,1526,13
317,2025-11-26 14:14:23+05:30,1011.8,23,1001.75,7798829,427054.0,439199.0,986.2,1012.8,981.3,986.2,120527250,1084.8,887.6,1102.5,649.1,1011.7,666,7,1011.6,83,4,1011.5,1179,9,1011.4,581,8,1011.3,686,12,1011.8,26,1,1012.0,520,8,1012.1,331,9,1012.2,872,17,1012.3,1526,13
317,2025-11-26 14:14:23+05:30,1011.7,18,1001.75,7798947,426103.0,439447.0,986.2,1012.8,981.3,986.2,120527250,1084.8,887.6,1102.5,649.1,1011.7,556,6,1011.6,14,3,1011.5,1144,8,1011.4,581,8,1011.3,686,12,1011.9,63,1,1012.0,720,9,1012.1,366,10,1012.2,872,17,1012.3,1526,13
317,2025-11-26 14:14:24+05:30,1011.8,1,1001.75,7798947,426103.0,439447.0,986.2,1012.8,981.3,986.2,120527250,1084.8,887.6,1102.5,649.1,1011.7,556,6,1011.6,14,3,1011.5,1144,8,1011.4,581,8,1011.3,686,12,1011.9,63,1,1012.0,720,9,1012.1,366,10,1012.2,872,17,1012.3,1526,13
317,2025-11-26 14:14:25+05:30,1011.8,1,1001.75,7799288,426528.0,439678.0,986.2,1012.8,981.3,986.2,120527250,1084.8,887.6,1102.5,649.1,1011.7,409,5,1011.6,14,3,1011.5,1180,9,1011.4,620,11,1011.3,711,13,1011.8,2,1,1011.9,19,1,1012.0,775,10,1012.1,387,9,1012.2,780,11
317,2025-11-26 14:14:25+05:30,1011.9,8,1001.75,7799288,426528.0,439678.0,986.2,1012.8,981.3,986.2,120527250,1084.8,887.6,1102.5,649.1,1011.7,409,5,1011.6,14,3,1011.5,1180,9,1011.4,620,11,1011.3,711,13,1011.8,2,1,1011.9,19,1,1012.0,775,10,1012.1,387,9,1012.2,780,11
317,2025-11-26 14:14:26+05:30,1011.9,2,1001.75,7799316,425746.0,439675.0,986.2,1012.8,981.3,986.2,120527250,1084.8,887.6,1102.5,649.1,1011.7,409,5,1011.6,14,3,1011.5,1204,10,1011.4,620,11,1011.3,687,12,1011.9,9,1,1012.0,913,11,1012.1,474,11,1012.2,885,13,1012.3,1605,18
317,2025-11-26 14:14:26+05:30,1012.0,20,1001.75,7799316,425746.0,439675.0,986.2,1012.8,981.3,986.2,120527250,1084.8,887.6,1102.5,649.1,1011.7,409,5,1011.6,14,3,1011.5,1204,10,1011.4,620,11,1011.3,687,12,1011.9,9,1,1012.0,913,11,1012.1,474,11,1012.2,885,13,1012.3,1605,18
317,2025-11-26 14:14:27+05:30,1012.0,1,1001.75,7799347,425811.0,439916.0,986.2,1012.8,981.3,986.2,120527250,1084.8,887.6,1102.5,649.1,1011.7,409,5,1011.6,14,3,1011.5,1154,8,1011.4,670,13,1011.3,752,13,1012.0,753,10,1012.1,727,13,1012.2,885,13,1012.3,1605,18,1012.4,941,14
317,2025-11-26 14:14:27+05:30,1011.7,10,1001.75,7799347,425811.0,439916.0,986.2,1012.8,981.3,986.2,120527250,1084.8,887.6,1102.5,649.1,1011.7,409,5,1011.6,14,3,1011.5,1154,8,1011.4,670,13,1011.3,752,13,1012.0,753,10,1012.1,727,13,1012.2,885,13,1012.3,1605,18,1012.4,941,14
317,2025-11-26 14:14:28+05:30,1011.7,10,1001.75,7799357,425801.0,439916.0,986.2,1012.8,981.3,986.2,120527250,1084.8,887.6,1102.5,649.1,1011.7,399,5,1011.6,14,3,1011.5,1154,8,1011.4,670,13,1011.3,752,13,1012.0,753,10,1012.1,727,13,1012.2,885,13,1012.3,1605,18,1012.4,941,14
317,2025-11-26 14:14:29+05:30,1011.7,10,1001.75,7799357,426490.0,439942.0,986.2,1012.8,981.3,986.2,120527250,1084.8,887.6,1102.5,649.1,1011.7,393,4,1011.6,79,6,1011.5,1179,9,1011.4,618,11,1011.3,752,13,1011.8,14,1,1012.0,753,10,1012.1,692,12,1012.2,850,12,1012.3,1605,18
317,2025-11-26 14:14:29+05:30,1011.7,86,1001.75,7799357,426490.0,439942.0,986.2,1012.8,981.3,986.2,120527250,1084.8,887.6,1102.5,649.1,1011.7,393,4,1011.6,79,6,1011.5,1179,9,1011.4,618,11,1011.3,752,13,1011.8,14,1,1012.0,753,10,1012.1,692,12,1012.2,850,12,1012.3,1605,18
317,2025-11-26 14:14:29+05:30,1011.7,86,1001.75,7799448,426545.0,439937.0,986.2,1012.8,981.3,986.2,120527250,1084.8,887.6,1102.5,649.1,1011.7,447,5,1011.6,54,5,1011.5,1204,10,1011.4,641,12,1011.3,1244,14,1011.8,9,1,1012.0,753,10,1012.1,692,12,1012.2,850,12,1012.3,1605,18
317,2025-11-26 14:14:30+05:30,1011.8,28,1001.75,7799448,426545.0,439937.0,986.2,1012.8,981.3,986.2,120527250,1084.8,887.6,1102.5,649.1,1011.7,447,5,1011.6,54,5,1011.5,1204,10,1011.4,641,12,1011.3,1244,14,1011.8,9,1,1012.0,753,10,1012.1,692,12,1012.2,850,12,1012.3,1605,18
317,2025-11-26 14:14:30+05:30,1011.8,1,1001.75,7799512,426561.0,439961.0,986.2,1012.8,981.3,986.2,120527250,1084.8,887.6,1102.5,649.1,1011.7,438,5,1011.6,53,5,1011.5,1178,9,1011.4,664,13,1011.3,1223,14,1011.8,13,1,1012.0,753,10,1012.1,560,11,1012.2,884,13,1012.3,1630,19
317,2025-11-26 14:14:31+05:30,1011.8,1,1001.75,7799512,426561.0,439961.0,986.2,1012.8,981.3,986.2,120527250,1084.8,887.6,1102.5,649.1,1011.7,438,5,1011.6,53,5,1011.5,1178,9,1011.4,664,13,1011.3,1223,14,1011.8,13,1,1012.0,753,10,1012.1,560,11,1012.2,884,13,1012.3,1630,19
317,2025-11-26 14:14:31+05:30,1011.8,1,1001.75,7799512,426561.0,439967.0,986.2,1012.8,981.3,986.2,120527250,1084.8,887.6,1102.5,649.1,1011.7,438,5,1011.6,53,5,1011.5,1178,9,1011.4,664,13,1011.3,1223,14,1011.8,13,1,1012.0,763,11,1012.1,560,11,1012.2,884,13,1012.3,1605,18
317,2025-11-26 14:14:32+05:30,1011.8,23,1001.75,7799512,426561.0,439967.0,986.2,1012.8,981.3,986.2,120527250,1084.8,887.6,1102.5,649.1,1011.7,438,5,1011.6,53,5,1011.5,1178,9,1011.4,664,13,1011.3,1223,14,1011.8,13,1,1012.0,763,11,1012.1,560,11,1012.2,884,13,1012.3,1605,18
317,2025-11-26 14:14:32+05:30,1011.8,5,1001.75,7799545,417752.0,439842.0,986.2,1012.8,981.3,986.2,120527250,1084.8,887.6,1102.5,649.1,1011.7,438,5,1011.6,19,4,1011.5,1201,10,1011.4,640,12,1011.3,1223,14,1011.8,13,2,1012.0,763,11,1012.1,560,11,1012.2,884,13,1012.3,1605,18
317,2025-11-26 14:14:33+05:30,1011.8,5,1001.75,7799545,417752.0,439842.0,986.2,1012.8,981.3,986.2,120527250,1084.8,887.6,1102.5,649.1,1011.7,438,5,1011.6,19,4,1011.5,1201,10,1011.4,640,12,1011.3,1223,14,1011.8,13,2,1012.0,763,11,1012.1,560,11,1012.2,884,13,1012.3,1605,18
317,2025-11-26 14:14:33+05:30,1011.7,46,1001.75,7799591,417814.0,441031.0,986.2,1012.8,981.3,986.2,120527250,1084.8,887.6,1102.5,649.1,1011.7,392,5,1011.6,52,5,1011.5,1201,10,1011.4,617,11,1011.3,752,13,1011.8,8,1,1012.0,763,11,1012.1,400,10,1012.2,884,13,1012.3,1605,18
317,2025-11-26 14:14:34+05:30,1011.8,71,1001.75,7799591,417814.0,441031.0,986.2,1012.8,981.3,986.2,120527250,1084.8,887.6,1102.5,649.1,1011.7,392,5,1011.6,52,5,1011.5,1201,10,1011.4,617,11,1011.3,752,13,1011.8,8,1,1012.0,763,11,1012.1,400,10,1012.2,884,13,1012.3,1605,18
317,2025-11-26 14:14:34+05:30,1011.8,71,1001.75,7799662,416879.0,441101.0,986.2,1012.8,981.3,986.2,120527250,1084.8,887.6,1102.5,649.1,1011.8,41,1,1011.7,392,5,1011.6,19,4,1011.5,1124,8,1011.4,641,12,1012.0,1085,13,1012.1,294,9,1012.2,884,13,1012.3,1605,18,1012.4,803,13
317,2025-11-26 14:14:35+05:30,1012.0,2,1001.75,7799662,416879.0,441101.0,986.2,1012.8,981.3,986.2,120527250,1084.8,887.6,1102.5,649.1,1011.8,41,1,1011.7,392,5,1011.6,19,4,1011.5,1124,8,1011.4,641,12,1012.0,1085,13,1012.1,294,9,1012.2,884,13,1012.3,1605,18,1012.4,803,13
317,2025-11-26 14:14:35+05:30,1012.0,1,1001.75,7799715,406321.0,421886.0,986.2,1012.8,981.3,986.2,120527250,1084.8,887.6,1102.5,649.1,1011.7,375,4,1011.6,23,5,1011.5,1262,9,1011.4,641,12,1011.3,1220,13,1012.0,898,12,1012.1,444,10,1012.2,1634,14,1012.3,855,17,1012.4,716,12
317,2025-11-26 14:14:36+05:30,1012.0,1,1001.75,7799715,406321.0,421886.0,986.2,1012.8,981.3,986.2,120527250,1084.8,887.6,1102.5,649.1,1011.7,375,4,1011.6,23,5,1011.5,1262,9,1011.4,641,12,1011.3,1220,13,1012.0,898,12,1012.1,444,10,1012.2,1634,14,1012.3,855,17,1012.4,716,12
317,2025-11-26 14:14:36+05:30,1012.0,1,1001.75,7799715,415154.0,421734.0,986.2,1012.8,981.3,986.2,120527250,1084.8,887.6,1102.5,649.1,1011.7,375,4,1011.6,23,5,1011.5,1262,9,1011.4,641,12,1011.3,1220,13,1012.0,898,12,1012.1,294,9,1012.2,1634,14,1012.3,855,17,1012.4,716,12
317,2025-11-26 14:14:37+05:30,1012.0,5,1001.75,7799715,415154.0,421734.0,986.2,1012.8,981.3,986.2,120527250,1084.8,887.6,1102.5,649.1,1011.7,375,4,1011.6,23,5,1011.5,1262,9,1011.4,641,12,1011.3,1220,13,1012.0,898,12,1012.1,294,9,1012.2,1634,14,1012.3,855,17,1012.4,716,12
317,2025-11-26 14:14:37+05:30,1012.0,5,1001.75,7799720,415415.0,421795.0,986.2,1012.8,981.3,986.2,120527250,1084.8,887.6,1102.5,649.1,1011.7,375,4,1011.6,23,5,1011.5,1562,10,1011.4,641,12,1011.3,687,12,1012.0,893,12,1012.1,462,10,1012.2,1634,14,1012.3,855,17,1012.4,716,12
317,2025-11-26 14:14:38+05:30,1012.0,5,1001.75,7799720,416139.0,421672.0,986.2,1012.8,981.3,986.2,120527250,1084.8,887.6,1102.5,649.1,1011.7,380,5,1011.6,80,7,1011.5,1506,11,1011.4,617,11,1011.3,687,12,1011.8,9,1,1012.0,755,11,1012.1,572,11,1012.2,1634,14,1012.3,855,17
317,2025-11-26 14:14:39+05:30,1012.0,5,1001.75,7799720,416175.0,421789.0,986.2,1012.8,981.3,986.2,120527250,1084.8,887.6,1102.5,649.1,1011.7,380,5,1011.6,56,6,1011.5,1482,10,1011.4,665,13,1011.3,687,12,1011.8,14,3,1011.9,31,1,1012.0,749,8,1012.1,404,10,1012.2,1634,14
317,2025-11-26 14:14:40+05:30,1011.7,1,1001.75,7799720,416175.0,421789.0,986.2,1012.8,981.3,986.2,120527250,1084.8,887.6,1102.5,649.1,1011.7,380,5,1011.6,56,6,1011.5,1482,10,1011.4,665,13,1011.3,687,12,1011.8,14,3,1011.9,31,1,1012.0,749,8,1012.1,404,10,1012.2,1634,14
317,2025-11-26 14:14:40+05:30,1011.8,2,1001.75,7799725,416222.0,421966.0,986.2,1012.8,981.3,986.2,120527250,1084.8,887.6,1102.5,649.1,1011.7,379,5,1011.6,56,6,1011.5,1482,10,1011.4,665,13,1011.3,1262,13,1011.8,10,3,1011.9,31,1,1012.0,749,8,1012.1,585,11,1012.2,1634,14
317,2025-11-26 14:14:41+05:30,1011.8,3,1001.75,7799725,416222.0,421966.0,986.2,1012.8,981.3,986.2,120527250,1084.8,887.6,1102.5,649.1,1011.7,379,5,1011.6,56,6,1011.5,1482,10,1011.4,665,13,1011.3,1262,13,1011.8,10,3,1011.9,31,1,1012.0,749,8,1012.1,585,11,1012.2,1634,14
317,2025-11-26 14:14:41+05:30,1011.8,3,1001.75,7799733,416478.0,421929.0,986.2,1012.8,981.3,986.2,120527250,1084.8,887.6,1102.5,649.1,1011.7,397,6,1011.6,78,7,1011.5,1504,11,1011.4,639,12,1011.3,1163,13,1011.8,11,3,1011.9,31,1,1012.0,749,8,1012.1,560,11,1012.2,1336,13
317,2025-11-26 14:14:42+05:30,1011.7,9,1001.75,7799733,416478.0,421929.0,986.2,1012.8,981.3,986.2,120527250,1084.8,887.6,1102.5,649.1,1011.7,397,6,1011.6,78,7,1011.5,1504,11,1011.4,639,12,1011.3,1163,13,1011.8,11,3,1011.9,31,1,1012.0,749,8,1012.1,560,11,1012.2,1336,13
317,2025-11-26 14:14:42+05:30,1011.8,5,1001.75,7799761,416286.0,421847.0,986.2,1012.8,981.3,986.2,120527250,1084.8,887.6,1102.5,649.1,1011.7,388,6,1011.6,55,6,1011.5,1504,11,1011.4,661,13,1011.3,1208,13,1011.8,4,1,1011.9,31,1,1012.0,749,8,1012.1,512,10,1012.2,1634,14
317,2025-11-26 14:14:43+05:30,1011.7,79,1001.75,7799761,416286.0,421847.0,986.2,1012.8,981.3,986.2,120527250,1084.8,887.6,1102.5,649.1,1011.7,388,6,1011.6,55,6,1011.5,1504,11,1011.4,661,13,1011.3,1208,13,1011.8,4,1,1011.9,31,1,1012.0,749,8,1012.1,512,10,1012.2,1634,14
317,2025-11-26 14:14:43+05:30,1011.7,34,1001.75,7799897,416207.0,421873.0,986.2,1012.8,981.3,986.2,120527250,1084.8,887.6,1102.5,649.1,1011.7,275,6,1011.6,23,5,1011.5,1547,12,1011.4,639,12,1011.3,687,12,1011.8,1,1,1011.9,31,1,1012.0,849,9,1012.1,602,11,1012.2,1640,15
317,2025-11-26 14:14:44+05:30,1011.9,3,1001.75,7799897,416207.0,421873.0,986.2,1012.8,981.3,986.2,120527250,1084.8,887.6,1102.5,649.1,1011.7,275,6,1011.6,23,5,1011.5,1547,12,1011.4,639,12,1011.3,687,12,1011.8,1,1,1011.9,31,1,1012.0,849,9,1012.1,602,11,1012.2,1640,15
317,2025-11-26 14:14:44+05:30,1011.9,3,1001.75,7799901,415468.0,421838.0,986.2,1012.8,981.3,986.2,120527250,1084.8,887.6,1102.5,649.1,1011.8,22,1,1011.7,278,7,1011.6,23,5,1011.5,1520,10,1011.4,617,11,1011.9,28,1,1012.0,874,10,1012.1,446,10,1012.2,1640,15,1012.3,855,17
317,2025-11-26 14:14:45+05:30,1011.9,2,1001.75,7799901,415468.0,421838.0,986.2,1012.8,981.3,986.2,120527250,1084.8,887.6,1102.5,649.1,1011.8,22,1,1011.7,278,7,1011.6,23,5,1011.5,1520,10,1011.4,617,11,1011.9,28,1,1012.0,874,10,1012.1,446,10,1012.2,1640,15,1012.3,855,17
317,2025-11-26 14:14:45+05:30,1011.9,1,1001.75,7799904,414970.0,421835.0,986.2,1012.8,981.3,986.2,120527250,1084.8,887.6,1102.5,649.1,1011.8,22,1,1011.7,278,7,1011.6,19,4,1011.5,1520,10,1011.4,617,11,1011.9,25,1,1012.0,874,10,1012.1,446,10,1012.2,1640,15,1012.3,855,17
317,2025-11-26 14:14:46+05:30,1012.0,17,1001.75,7799904,414970.0,421835.0,986.2,1012.8,981.3,986.2,120527250,1084.8,887.6,1102.5,649.1,1011.8,22,1,1011.7,278,7,1011.6,19,4,1011.5,1520,10,1011.4,617,11,1011.9,25,1,1012.0,874,10,1012.1,446,10,1012.2,1640,15,1012.3,855,17
317,2025-11-26 14:14:46+05:30,1012.0,17,1001.75,7800103,414299.0,422375.0,986.2,1012.8,981.3,986.2,120527250,1084.8,887.6,1102.5,649.1,1011.8,53,2,1011.7,247,5,1011.6,19,4,1011.5,1339,8,1011.4,617,11,1012.0,1212,12,1012.1,894,14,1012.2,1663,16,1012.3,855,17,1012.4,716,12
317,2025-11-26 14:14:47+05:30,1012.0,17,1001.75,7800103,414289.0,422376.0,986.2,1012.8,981.3,986.2,120527250,1084.8,887.6,1102.5,649.1,1011.8,53,2,1011.7,247,5,1011.6,19,4,1011.5,1339,8,1011.4,617,11,1012.0,1212,12,1012.1,894,14,1012.2,1663,16,1012.3,855,17,1012.4,716,12
317,2025-11-26 14:14:48+05:30,1012.0,17,1001.75,7800103,414409.0,421803.0,986.2,1012.8,981.3,986.2,120527250,1084.8,887.6,1102.5,649.1,1011.8,53,2,1011.7,247,5,1011.6,19,4,1011.5,1477,9,1011.4,617,11,1011.9,8,1,1012.0,1005,10,1012.1,543,12,1012.2,1640,15,1012.3,855,17
317,2025-11-26 14:14:49+05:30,1012.0,17,1001.75,7800103,414442.0,422352.0,986.2,1012.8,981.3,986.2,120527250,1084.8,887.6,1102.5,649.1,1011.8,53,2,1011.7,247,5,1011.6,19,4,1011.5,1477,9,1011.4,617,11,1011.9,8,1,1012.0,1053,12,1012.1,850,14,1012.2,1668,16,1012.3,855,17
317,2025-11-26 14:14:50+05:30,1011.9,1,1001.75,7800103,414442.0,422352.0,986.2,1012.8,981.3,986.2,120527250,1084.8,887.6,1102.5,649.1,1011.8,53,2,1011.7,247,5,1011.6,19,4,1011.5,1477,9,1011.4,617,11,1011.9,8,1,1012.0,1053,12,1012.1,850,14,1012.2,1668,16,1012.3,855,17
317,2025-11-26 14:14:50+05:30,1011.8,121,1001.75,7800279,413270.0,423133.0,986.2,1012.8,981.3,986.2,120527250,1084.8,887.6,1102.5,649.1,1011.8,23,1,1011.7,247,5,1011.6,14,3,1011.5,1116,5,1011.4,159,2,1011.9,123,4,1012.0,1351,15,1012.1,1050,14,1012.2,1668,16,1012.3,855,17
317,2025-11-26 14:14:51+05:30,1011.8,57,1001.75,7800279,413270.0,423133.0,986.2,1012.8,981.3,986.2,120527250,1084.8,887.6,1102.5,649.1,1011.8,23,1,1011.7,247,5,1011.6,14,3,1011.5,1116,5,1011.4,159,2,1011.9,123,4,1012.0,1351,15,1012.1,1050,14,1012.2,1668,16,1012.3,855,17
317,2025-11-26 14:14:51+05:30,1011.8,57,1001.75,7800360,413434.0,423001.0,986.2,1012.8,981.3,986.2,120527250,1084.8,887.6,1102.5,649.1,1011.7,247,5,1011.6,14,3,1011.5,1254,6,1011.4,251,2,1011.3,745,13,1011.9,210,6,1012.0,1551,18,1012.1,653,15,1012.2,1698,17,1012.3,851,16
317,2025-11-26 14:14:52+05:30,1011.8,71,1001.75,7800463,414350.0,422282.0,986.2,1012.8,981.3,986.2,120527250,1084.8,887.6,1102.5,649.1,1011.7,260,6,1011.6,14,3,1011.5,1274,7,1011.4,271,3,1011.3,745,13,1011.9,102,3,1012.0,1254,16,1012.1,659,15,1012.2,1396,15,1012.3,1149,17
317,2025-11-26 14:14:53+05:30,1011.8,71,1001.75,7800463,414350.0,422282.0,986.2,1012.8,981.3,986.2,120527250,1084.8,887.6,1102.5,649.1,1011.7,260,6,1011.6,14,3,1011.5,1274,7,1011.4,271,3,1011.3,745,13,1011.9,102,3,1012.0,1254,16,1012.1,659,15,1012.2,1396,15,1012.3,1149,17
317,2025-11-26 14:14:53+05:30,1011.7,69,1001.75,7800532,413690.0,422062.0,986.2,1012.8,981.3,986.2,120527250,1084.8,887.6,1102.5,649.1,1011.7,191,6,1011.6,14,3,1011.5,1254,6,1011.4,359,6,1011.3,1295,14,1012.0,1052,13,1012.1,689,16,1012.2,1640,15,1012.3,855,17,1012.4,810,13
317,2025-11-26 14:14:54+05:30,1012.0,10,1001.75,7800532,413690.0,422062.0,986.2,1012.8,981.3,986.2,120527250,1084.8,887.6,1102.5,649.1,1011.7,191,6,1011.6,14,3,1011.5,1254,6,1011.4,359,6,1011.3,1295,14,1012.0,1052,13,1012.1,689,16,1012.2,1640,15,1012.3,855,17,1012.4,810,13
317,2025-11-26 14:14:54+05:30,1012.0,10,1001.75,7800542,413935.0,422006.0,986.2,1012.8,981.3,986.2,120527250,1084.8,887.6,1102.5,649.1,1011.8,112,1,1011.7,186,5,1011.6,14,3,1011.5,1259,7,1011.4,359,6,1012.0,909,13,1012.1,609,14,1012.2,1669,16,1012.3,855,17,1012.4,948,14
317,2025-11-26 14:14:55+05:30,1012.0,12,1001.75,7800542,413935.0,422006.0,986.2,1012.8,981.3,986.2,120527250,1084.8,887.6,1102.5,649.1,1011.8,112,1,1011.7,186,5,1011.6,14,3,1011.5,1259,7,1011.4,359,6,1012.0,909,13,1012.1,609,14,1012.2,1669,16,1012.3,855,17,1012.4,948,14
317,2025-11-26 14:14:55+05:30,1012.0,3,1001.75,7800627,414087.0,422114.0,986.2,1012.8,981.3,986.2,120527250,1084.8,887.6,1102.5,649.1,1011.8,70,3,1011.7,186,5,1011.6,14,3,1011.5,1254,6,1011.4,339,5,1012.0,900,13,1012.1,607,13,1012.2,1671,17,1012.3,855,17,1012.4,948,14
317,2025-11-26 14:14:56+05:30,1012.0,15,1001.75,7800627,414087.0,422114.0,986.2,1012.8,981.3,986.2,120527250,1084.8,887.6,1102.5,649.1,1011.8,70,3,1011.7,186,5,1011.6,14,3,1011.5,1254,6,1011.4,339,5,1012.0,900,13,1012.1,607,13,1012.2,1671,17,1012.3,855,17,1012.4,948,14
317,2025-11-26 14:14:56+05:30,1012.0,15,1001.75,7800642,414113.0,422105.0,986.2,1012.8,981.3,986.2,120527250,1084.8,887.6,1102.5,649.1,1011.8,83,4,1011.7,173,4,1011.6,14,3,1011.5,1254,6,1011.4,339,5,1012.0,887,14,1012.1,607,13,1012.2,1675,18,1012.3,855,17,1012.4,948,14
317,2025-11-26 14:14:57+05:30,1012.0,50,1001.75,7800642,414113.0,422105.0,986.2,1012.8,981.3,986.2,120527250,1084.8,887.6,1102.5,649.1,1011.8,83,4,1011.7,173,4,1011.6,14,3,1011.5,1254,6,1011.4,339,5,1012.0,887,14,1012.1,607,13,1012.2,1675,18,1012.3,855,17,1012.4,948,14
317,2025-11-26 14:14:57+05:30,1011.8,6,1001.75,7800698,414106.0,421876.0,986.2,1012.8,981.3,986.2,120527250,1084.8,887.6,1102.5,649.1,1011.8,77,4,1011.7,173,4,1011.6,14,3,1011.5,1254,6,1011.4,339,5,1012.0,723,12,1012.1,575,12,1012.2,1640,16,1012.3,815,17,1012.4,948,14
317,2025-11-26 14:14:58+05:30,1011.8,6,1001.75,7800698,414106.0,421876.0,986.2,1012.8,981.3,986.2,120527250,1084.8,887.6,1102.5,649.1,1011.8,77,4,1011.7,173,4,1011.6,14,3,1011.5,1254,6,1011.4,339,5,1012.0,723,12,1012.1,575,12,1012.2,1640,16,1012.3,815,17,1012.4,948,14
317,2025-11-26 14:14:58+05:30,1011.8,6,1001.75,7800698,409517.0,421797.0,986.2,1012.8,981.3,986.2,120527250,1084.8,887.6,1102.5,649.1,1011.9,25,1,1011.8,69,2,1011.7,176,5,1011.6,19,4,1011.5,1402,9,1012.0,723,12,1012.1,496,12,1012.2,1342,15,1012.3,1113,18,1012.4,948,14
317,2025-11-26 14:14:59+05:30,1011.9,5,1001.75,7800698,409517.0,421797.0,986.2,1012.8,981.3,986.2,120527250,1084.8,887.6,1102.5,649.1,1011.9,25,1,1011.8,69,2,1011.7,176,5,1011.6,19,4,1011.5,1402,9,1012.0,723,12,1012.1,496,12,1012.2,1342,15,1012.3,1113,18,1012.4,948,14
317,2025-11-26 14:14:59+05:30,1011.9,5,1001.75,7800784,414634.0,421701.0,986.2,1012.8,981.3,986.2,120527250,1084.8,887.6,1102.5,649.1,1011.8,13,1,1011.7,176,5,1011.6,221,5,1011.5,1402,9,1011.4,339,5,1011.9,7,1,1012.0,667,12,1012.1,465,11,1012.2,1337,15,1012.3,1099,17
317,2025-11-26 14:15:00+05:30,1011.8,8,1001.75,7800793,413974.0,421873.0,986.2,1012.8,981.3,986.2,120527250,1084.8,887.6,1102.5,649.1,1011.8,8,2,1011.7,36,4,1011.6,19,4,1011.5,1285,7,1011.4,339,5,1011.9,6,1,1012.0,667,12,1012.1,607,13,1012.2,1666,17,1012.3,801,16
317,2025-11-26 14:15:00+05:30,1011.8,8,1001.75,7800793,413974.0,421873.0,986.2,1012.8,981.3,986.2,120527250,1084.8,887.6,1102.5,649.1,1011.8,8,2,1011.7,36,4,1011.6,19,4,1011.5,1285,7,1011.4,339,5,1011.9,6,1,1012.0,667,12,1012.1,607,13,1012.2,1666,17,1012.3,801,16
317,2025-11-26 14:15:01+05:30,1011.9,1,1001.75,7800794,414047.0,421872.0,986.2,1012.8,981.3,986.2,120527250,1084.8,887.6,1102.5,649.1,1011.8,78,3,1011.7,36,4,1011.6,39,5,1011.5,1285,7,1011.4,339,5,1011.9,5,1,1012.0,667,12,1012.1,607,13,1012.2,1667,18,1012.3,801,16
317,2025-11-26 14:15:01+05:30,1011.9,1,1001.75,7800794,414047.0,421872.0,986.2,1012.8,981.3,986.2,120527250,1084.8,887.6,1102.5,649.1,1011.8,78,3,1011.7,36,4,1011.6,39,5,1011.5,1285,7,1011.4,339,5,1011.9,5,1,1012.0,667,12,1012.1,607,13,1012.2,1667,18,1012.3,801,16
317,2025-11-26 14:15:02+05:30,1012.0,10,1001.75,7801011,414718.0,421519.0,986.2,1012.8,981.3,986.2,120527250,1084.8,887.6,1102.5,649.1,1011.8,76,3,1011.7,19,3,1011.6,355,6,1011.5,1285,7,1011.4,359,6,1012.0,584,13,1012.1,376,8,1012.2,1340,16,1012.3,801,16,1012.4,854,13
317,2025-11-26 14:15:02+05:30,1012.0,4,1001.75,7801011,414718.0,421519.0,986.2,1012.8,981.3,986.2,120527250,1084.8,887.6,1102.5,649.1,1011.8,76,3,1011.7,19,3,1011.6,355,6,1011.5,1285,7,1011.4,359,6,1012.0,584,13,1012.1,376,8,1012.2,1340,16,1012.3,801,16,1012.4,854,13
317,2025-11-26 14:15:03+05:30,1011.9,2,1001.75,7801011,414718.0,421519.0,986.2,1012.8,981.3,986.2,120527250,1084.8,887.6,1102.5,649.1,1011.8,76,3,1011.7,19,3,1011.6,355,6,1011.5,1285,7,1011.4,359,6,1012.0,584,13,1012.1,376,8,1012.2,1340,16,1012.3,801,16,1012.4,854,13
317,2025-11-26 14:15:03+05:30,1011.9,2,1001.75,7801283,414801.0,420468.0,986.2,1012.8,981.3,986.2,120527250,1084.8,887.6,1102.5,649.1,1011.8,76,3,1011.7,19,3,1011.6,409,7,1011.5,1505,10,1011.4,359,6,1011.9,47,1,1012.0,319,9,1012.1,243,7,1012.2,1309,15,1012.3,1099,17
317,2025-11-26 14:15:04+05:30,1011.9,47,1001.75,7801283,414801.0,420468.0,986.2,1012.8,981.3,986.2,120527250,1084.8,887.6,1102.5,649.1,1011.8,76,3,1011.7,19,3,1011.6,409,7,1011.5,1505,10,1011.4,359,6,1011.9,47,1,1012.0,319,9,1012.1,243,7,1012.2,1309,15,1012.3,1099,17
317,2025-11-26 14:15:04+05:30,1011.9,47,1001.75,7801330,409765.0,421747.0,986.2,1012.8,981.3,986.2,120527250,1084.8,887.6,1102.5,649.1,1011.9,24,2,1011.8,89,4,1011.7,19,3,1011.6,509,9,1011.5,1620,11,1012.0,819,10,1012.1,161,6,1012.2,1340,16,1012.3,1126,17,1012.4,860,15
317,2025-11-26 14:15:05+05:30,1012.0,1,1001.75,7801330,409765.0,421747.0,986.2,1012.8,981.3,986.2,120527250,1084.8,887.6,1102.5,649.1,1011.9,24,2,1011.8,89,4,1011.7,19,3,1011.6,509,9,1011.5,1620,11,1012.0,819,10,1012.1,161,6,1012.2,1340,16,1012.3,1126,17,1012.4,860,15
317,2025-11-26 14:15:05+05:30,1012.0,1,1001.75,7801335,409719.0,421783.0,986.2,1012.8,981.3,986.2,120527250,1084.8,887.6,1102.5,649.1,1011.9,26,2,1011.8,83,2,1011.7,19,3,1011.6,509,9,1011.5,1623,12,1012.0,814,10,1012.1,192,7,1012.2,1327,15,1012.3,1139,18,1012.4,860,15
317,2025-11-26 14:15:06+05:30,1012.0,10,1001.75,7801335,409719.0,421783.0,986.2,1012.8,981.3,986.2,120527250,1084.8,887.6,1102.5,649.1,1011.9,26,2,1011.8,83,2,1011.7,19,3,1011.6,509,9,1011.5,1623,12,1012.0,814,10,1012.1,192,7,1012.2,1327,15,1012.3,1139,18,1012.4,860,15
317,2025-11-26 14:15:06+05:30,1012.0,10,1001.75,7801345,410044.0,421610.0,986.2,1012.8,981.3,986.2,120527250,1084.8,887.6,1102.5,649.1,1011.9,39,3,1011.8,78,3,1011.7,19,3,1011.6,504,8,1011.5,1620,11,1012.0,828,11,1012.1,130,5,1012.2,577,14,1012.3,1767,12,1012.4,857,14
317,2025-11-26 14:15:07+05:30,1012.0,17,1001.75,7801666,409809.0,421538.0,986.2,1012.8,981.3,986.2,120527250,1084.8,887.6,1102.5,649.1,1011.9,39,3,1011.8,88,4,1011.7,153,4,1011.6,504,8,1011.5,1734,16,1012.0,681,7,1012.1,77,5,1012.2,531,13,1012.3,1804,14,1012.4,952,21
317,2025-11-26 14:15:08+05:30,1012.0,17,1001.75,7801666,409809.0,421538.0,986.2,1012.8,981.3,986.2,120527250,1084.8,887.6,1102.5,649.1,1011.9,39,3,1011.8,88,4,1011.7,153,4,1011.6,504,8,1011.5,1734,16,1012.0,681,7,1012.1,77,5,1012.2,531,13,1012.3,1804,14,1012.4,952,21
317,2025-11-26 14:15:08+05:30,1011.9,153,1001.75,7801858,414681.0,421316.0,986.2,1012.8,981.3,986.2,120527250,1084.8,887.6,1102.5,649.1,1011.8,88,4,1011.7,153,4,1011.6,544,10,1011.5,1734,16,1011.4,419,7,1011.9,1,1,1012.0,681,7,1012.1,77,5,1012.2,500,12,1012.3,1745,12
317,2025-11-26 14:15:09+05:30,1011.9,1,1001.75,7801858,414681.0,421316.0,986.2,1012.8,981.3,986.2,120527250,1084.8,887.6,1102.5,649.1,1011.8,88,4,1011.7,153,4,1011.6,544,10,1011.5,1734,16,1011.4,419,7,1011.9,1,1,1012.0,681,7,1012.1,77,5,1012.2,500,12,1012.3,1745,12
317,2025-11-26 14:15:09+05:30,1011.9,1,1001.75,7801859,414667.0,421382.0,986.2,1012.8,981.3,986.2,120527250,1084.8,887.6,1102.5,649.1,1011.8,88,4,1011.7,153,4,1011.6,544,10,1011.5,1734,16,1011.4,419,7,1011.9,27,1,1012.0,658,10,1012.1,77,5,1012.2,528,13,1012.3,1777,13
317,2025-11-26 14:15:10+05:30,1011.9,27,1001.75,7801859,414667.0,421382.0,986.2,1012.8,981.3,986.2,120527250,1084.8,887.6,1102.5,649.1,1011.8,88,4,1011.7,153,4,1011.6,544,10,1011.5,1734,16,1011.4,419,7,1011.9,27,1,1012.0,658,10,1012.1,77,5,1012.2,528,13,1012.3,1777,13
317,2025-11-26 14:15:10+05:30,1011.9,27,1001.75,7801915,414910.0,421394.0,986.2,1012.8,981.3,986.2,120527250,1084.8,887.6,1102.5,649.1,1011.8,88,4,1011.7,183,5,1011.6,539,9,1011.5,1769,17,1011.4,595,8,1012.0,658,10,1012.1,77,5,1012.2,560,14,1012.3,1014,11,1012.4,1686,21
317,2025-11-26 14:15:11+05:30,1012.0,1,1001.75,7801915,414910.0,421394.0,986.2,1012.8,981.3,986.2,120527250,1084.8,887.6,1102.5,649.1,1011.8,88,4,1011.7,183,5,1011.6,539,9,1011.5,1769,17,1011.4,595,8,1012.0,658,10,1012.1,77,5,1012.2,560,14,1012.3,1014,11,1012.4,1686,21
317,2025-11-26 14:15:11+05:30,1012.0,1,1001.75,7801966,414903.0,421716.0,986.2,1012.8,981.3,986.2,120527250,1084.8,887.6,1102.5,649.1,1011.8,40,4,1011.7,49,4,1011.6,302,7,1011.5,1804,18,1011.4,595,8,1012.0,657,10,1012.1,77,5,1012.2,600,15,1012.3,1777,13,1012.4,958,20
317,2025-11-26 14:15:12+05:30,1012.0,4,1001.75,7801966,414903.0,421716.0,986.2,1012.8,981.3,986.2,120527250,1084.8,887.6,1102.5,649.1,1011.8,40,4,1011.7,49,4,1011.6,302,7,1011.5,1804,18,1011.4,595,8,1012.0,657,10,1012.1,77,5,1012.2,600,15,1012.3,1777,13,1012.4,958,20
317,2025-11-26 14:15:12+05:30,1012.0,6,1001.75,7801977,414860.0,421712.0,986.2,1012.8,981.3,986.2,120527250,1084.8,887.6,1102.5,649.1,1011.8,18,3,1011.7,49,4,1011.6,302,7,1011.5,1804,18,1011.4,595,8,1012.0,646,10,1012.1,77,5,1012.2,600,15,1012.3,1777,13,1012.4,965,21
317,2025-11-26 14:15:13+05:30,1011.8,1,1001.75,7801977,414860.0,421712.0,986.2,1012.8,981.3,986.2,120527250,1084.8,887.6,1102.5,649.1,1011.8,18,3,1011.7,49,4,1011.6,302,7,1011.5,1804,18,1011.4,595,8,1012.0,646,10,1012.1,77,5,1012.2,600,15,1012.3,1777,13,1012.4,965,21
317,2025-11-26 14:15:13+05:30,1011.8,1,1001.75,7802078,414832.0,421398.0,986.2,1012.8,981.3,986.2,120527250,1084.8,887.6,1102.5,649.1,1011.8,2,1,1011.7,49,4,1011.6,302,7,1011.5,1769,17,1011.4,630,9,1012.0,632,12,1012.1,77,5,1012.2,600,15,1012.3,1014,11,1012.4,1715,22
317,2025-11-26 14:15:14+05:30,1012.0,2,1001.75,7802078,414832.0,421398.0,986.2,1012.8,981.3,986.2,120527250,1084.8,887.6,1102.5,649.1,1011.8,2,1,1011.7,49,4,1011.6,302,7,1011.5,1769,17,1011.4,630,9,1012.0,632,12,1012.1,77,5,1012.2,600,15,1012.3,1014,11,1012.4,1715,22
317,2025-11-26 14:15:14+05:30,1012.0,2,1001.75,7802080,409966.0,421370.0,986.2,1012.8,981.3,986.2,120527250,1084.8,887.6,1102.5,649.1,1011.9,112,1,1011.8,2,1,1011.7,81,5,1011.6,302,7,1011.5,1769,17,1012.0,630,12,1012.1,77,5,1012.2,500,12,1012.3,1014,11,1012.4,1715,22
317,2025-11-26 14:15:15+05:30,1012.0,2,1001.75,7802087,409981.0,421391.0,986.2,1012.8,981.3,986.2,120527250,1084.8,887.6,1102.5,649.1,1011.9,111,2,1011.8,2,1,1011.7,81,5,1011.6,298,6,1011.5,1769,17,1012.0,628,12,1012.1,77,5,1012.2,500,12,1012.3,1037,12,1012.4,1715,22
317,2025-11-26 14:15:15+05:30,1012.0,2,1001.75,7802087,409981.0,421391.0,986.2,1012.8,981.3,986.2,120527250,1084.8,887.6,1102.5,649.1,1011.9,111,2,1011.8,2,1,1011.7,81,5,1011.6,298,6,1011.5,1769,17,1012.0,628,12,1012.1,77,5,1012.2,500,12,1012.3,1037,12,1012.4,1715,22
317,2025-11-26 14:15:16+05:30,1012.0,1,1001.75,7802088,409994.0,421365.0,986.2,1012.8,981.3,986.2,120527250,1084.8,887.6,1102.5,649.1,1011.9,124,3,1011.8,2,1,1011.7,81,5,1011.6,333,7,1011.5,1734,16,1012.0,627,12,1012.1,77,5,1012.2,500,12,1012.3,1037,12,1012.4,1690,21
317,2025-11-26 14:15:16+05:30,1012.0,1,1001.75,7802088,409994.0,421365.0,986.2,1012.8,981.3,986.2,120527250,1084.8,887.6,1102.5,649.1,1011.9,124,3,1011.8,2,1,1011.7,81,5,1011.6,333,7,1011.5,1734,16,1012.0,627,12,1012.1,77,5,1012.2,500,12,1012.3,1037,12,1012.4,1690,21
317,2025-11-26 14:15:17+05:30,1012.0,1,1001.75,7802088,409982.0,421666.0,986.2,1012.8,981.3,986.2,120527250,1084.8,887.6,1102.5,649.1,1011.9,124,3,1011.8,2,1,1011.7,51,4,1011.6,333,7,1011.5,1734,16,1012.0,628,13,1012.1,77,5,1012.2,500,12,1012.3,1787,13,1012.4,953,21
317,2025-11-26 14:15:18+05:30,1011.9,71,1001.75,7802159,410016.0,421668.0,986.2,1012.8,981.3,986.2,120527250,1084.8,887.6,1102.5,649.1,1011.9,53,3,1011.8,2,1,1011.7,51,4,1011.6,298,6,1011.5,1769,17,1012.0,620,12,1012.1,77,5,1012.2,500,12,1012.3,1810,15,1012.4,940,20
317,2025-11-26 14:15:18+05:30,1011.9,71,1001.75,7802159,410016.0,421668.0,986.2,1012.8,981.3,986.2,120527250,1084.8,887.6,1102.5,649.1,1011.9,53,3,1011.8,2,1,1011.7,51,4,1011.6,298,6,1011.5,1769,17,1012.0,620,12,1012.1,77,5,1012.2,500,12,1012.3,1810,15,1012.4,940,20
317,2025-11-26 14:15:19+05:30,1011.9,12,1001.75,7802224,414824.0,421379.0,986.2,1012.8,981.3,986.2,120527250,1084.8,887.6,1102.5,649.1,1011.8,5,2,1011.7,19,3,1011.6,410,9,1011.5,1734,16,1011.4,595,8,1011.9,11,1,1012.0,620,12,1012.1,77,5,1012.2,554,14,1012.3,1787,14
317,2025-11-26 14:15:19+05:30,1011.9,12,1001.75,7802224,414824.0,421379.0,986.2,1012.8,981.3,986.2,120527250,1084.8,887.6,1102.5,649.1,1011.8,5,2,1011.7,19,3,1011.6,410,9,1011.5,1734,16,1011.4,595,8,1011.9,11,1,1012.0,620,12,1012.1,77,5,1012.2,554,14,1012.3,1787,14
317,2025-11-26 14:15:20+05:30,1011.9,1,1001.75,7802225,414855.0,421371.0,986.2,1012.8,981.3,986.2,120527250,1084.8,887.6,1102.5,649.1,1011.8,5,2,1011.7,19,3,1011.6,321,7,1011.5,1766,17,1011.4,684,9,1011.9,10,1,1012.0,620,12,1012.1,211,6,1012.2,596,15,1012.3,1787,14
317,2025-11-26 14:15:20+05:30,1011.9,1,1001.75,7802225,414855.0,421371.0,986.2,1012.8,981.3,986.2,120527250,1084.8,887.6,1102.5,649.1,1011.8,5,2,1011.7,19,3,1011.6,321,7,1011.5,1766,17,1011.4,684,9,1011.9,10,1,1012.0,620,12,1012.1,211,6,1012.2,596,15,1012.3,1787,14
317,2025-11-26 14:15:21+05:30,1011.9,1,1001.75,7802226,414899.0,421370.0,986.2,1012.8,981.3,986.2,120527250,1084.8,887.6,1102.5,649.1,1011.8,5,2,1011.7,19,3,1011.6,279,6,1011.5,1766,17,1011.4,684,9,1011.9,9,1,1012.0,620,12,1012.1,211,6,1012.2,596,15,1012.3,1787,14
317,2025-11-26 14:15:21+05:30,1011.9,1,1001.75,7802226,414899.0,421370.0,986.2,1012.8,981.3,986.2,120527250,1084.8,887.6,1102.5,649.1,1011.8,5,2,1011.7,19,3,1011.6,279,6,1011.5,1766,17,1011.4,684,9,1011.9,9,1,1012.0,620,12,1012.1,211,6,1012.2,596,15,1012.3,1787,14
317,2025-11-26 14:15:22+05:30,1011.9,1,1001.75,7802236,414834.0,421489.0,986.2,1012.8,981.3,986.2,120527250,1084.8,887.6,1102.5,649.1,1011.8,5,2,1011.7,19,3,1011.6,210,5,1011.5,1734,16,1011.4,748,11,1011.9,76,2,1012.0,731,13,1012.1,145,5,1012.2,596,15,1012.3,1794,15
317,2025-11-26 14:15:22+05:30,1011.9,4,1001.75,7802236,414834.0,421489.0,986.2,1012.8,981.3,986.2,120527250,1084.8,887.6,1102.5,649.1,1011.8,5,2,1011.7,19,3,1011.6,210,5,1011.5,1734,16,1011.4,748,11,1011.9,76,2,1012.0,731,13,1012.1,145,5,1012.2,596,15,1012.3,1794,15
317,2025-11-26 14:15:23+05:30,1011.9,6,1001.75,7802273,414738.0,421960.0,986.2,1012.8,981.3,986.2,120527250,1084.8,887.6,1102.5,649.1,1011.8,5,2,1011.7,769,4,1011.6,179,4,1011.5,920,11,1011.4,812,15,1011.9,39,2,1012.0,1131,14,1012.1,176,6,1012.2,1662,18,1012.3,749,14
317,2025-11-26 14:15:23+05:30,1011.9,6,1001.75,7802273,414738.0,421960.0,986.2,1012.8,981.3,986.2,120527250,1084.8,887.6,1102.5,649.1,1011.8,5,2,1011.7,769,4,1011.6,179,4,1011.5,920,11,1011.4,812,15,1011.9,39,2,1012.0,1131,14,1012.1,176,6,1012.2,1662,18,1012.3,749,14
317,2025-11-26 14:15:24+05:30,1011.8,3,1001.75,7802528,414625.0,421922.0,986.2,1012.8,981.3,986.2,120527250,1084.8,887.6,1102.5,649.1,1011.8,3,2,1011.7,794,5,1011.6,174,3,1011.5,891,10,1011.4,812,15,1012.0,1131,14,1012.1,176,6,1012.2,1663,18,1012.3,749,14,1012.4,920,18
317,2025-11-26 14:15:24+05:30,1011.8,3,1001.75,7802528,414625.0,421922.0,986.2,1012.8,981.3,986.2,120527250,1084.8,887.6,1102.5,649.1,1011.8,3,2,1011.7,794,5,1011.6,174,3,1011.5,891,10,1011.4,812,15,1012.0,1131,14,1012.1,176,6,1012.2,1663,18,1012.3,749,14,1012.4,920,18
317,2025-11-26 14:15:25+05:30,1012.0,11,1001.75,7802554,414176.0,421867.0,986.2,1012.8,981.3,986.2,120527250,1084.8,887.6,1102.5,649.1,1011.8,3,2,1011.7,794,5,1011.6,174,3,1011.5,891,10,1011.4,812,15,1012.0,1105,14,1012.1,176,6,1012.2,1634,17,1012.3,749,14,1012.4,920,18
317,2025-11-26 14:15:25+05:30,1012.0,10,1001.75,7802554,414176.0,421867.0,986.2,1012.8,981.3,986.2,120527250,1084.8,887.6,1102.5,649.1,1011.8,3,2,1011.7,794,5,1011.6,174,3,1011.5,891,10,1011.4,812,15,1012.0,1105,14,1012.1,176,6,1012.2,1634,17,1012.3,749,14,1012.4,920,18
317,2025-11-26 14:15:26+05:30,1012.0,2,1001.75,7802566,414637.0,421882.0,986.2,1012.8,981.3,986.2,120527250,1084.8,887.6,1102.5,649.1,1011.8,2,1,1011.7,794,5,1011.6,175,4,1011.5,891,10,1011.4,812,15,1012.0,1093,14,1012.1,176,6,1012.2,1336,16,1012.3,1047,15,1012.4,920,18
317,2025-11-26 14:15:26+05:30,1012.0,2,1001.75,7802566,414637.0,421882.0,986.2,1012.8,981.3,986.2,120527250,1084.8,887.6,1102.5,649.1,1011.8,2,1,1011.7,794,5,1011.6,175,4,1011.5,891,10,1011.4,812,15,1012.0,1093,14,1012.1,176,6,1012.2,1336,16,1012.3,1047,15,1012.4,920,18
317,2025-11-26 14:15:27+05:30,1011.8,42,1001.75,7802608,414480.0,421802.0,986.2,1012.8,981.3,986.2,120527250,1084.8,887.6,1102.5,649.1,1011.8,8,1,1011.7,794,5,1011.6,177,5,1011.5,776,9,1011.4,880,16,1012.0,1093,14,1012.1,175,6,1012.2,1293,15,1012.3,1015,14,1012.4,888,17
317,2025-11-26 14:15:27+05:30,1011.8,42,1001.75,7802608,414480.0,421802.0,986.2,1012.8,981.3,986.2,120527250,1084.8,887.6,1102.5,649.1,1011.8,8,1,1011.7,794,5,1011.6,177,5,1011.5,776,9,1011.4,880,16,1012.0,1093,14,1012.1,175,6,1012.2,1293,15,1012.3,1015,14,1012.4,888,17
317,2025-11-26 14:15:28+05:30,1012.0,1,1001.75,7802609,414519.0,421867.0,986.2,1012.8,981.3,986.2,120527250,1084.8,887.6,1102.5,649.1,1011.8,13,2,1011.7,794,5,1011.6,136,4,1011.5,776,9,1011.4,880,16,1012.0,1117,15,1012.1,175,6,1012.2,1632,17,1012.3,717,13,1012.4,888,17
317,2025-11-26 14:15:28+05:30,1012.0,1,1001.75,7802609,414519.0,421867.0,986.2,1012.8,981.3,986.2,120527250,1084.8,887.6,1102.5,649.1,1011.8,13,2,1011.7,794,5,1011.6,136,4,1011.5,776,9,1011.4,880,16,1012.0,1117,15,1012.1,175,6,1012.2,1632,17,1012.3,717,13,1012.4,888,17
317,2025-11-26 14:15:29+05:30,1012.0,1,1001.75,7802609,414551.0,421877.0,986.2,1012.8,981.3,986.2,120527250,1084.8,887.6,1102.5,649.1,1011.8,13,2,1011.7,794,5,1011.6,177,5,1011.5,776,9,1011.4,880,16,1011.9,10,1,1012.0,1117,15,1012.1,145,5,1012.2,1304,15,1012.3,1015,14
317,2025-11-26 14:15:30+05:30,1011.9,28,1001.75,7802771,414563.0,421805.0,986.2,1012.8,981.3,986.2,120527250,1084.8,887.6,1102.5,649.1,1011.7,727,4,1011.6,321,7,1011.5,945,12,1011.4,846,15,1011.3,1352,14,1011.9,10,1,1012.0,1118,16,1012.1,187,6,1012.2,1561,15,1012.3,742,13
317,2025-11-26 14:15:30+05:30,1011.9,28,1001.75,7802771,414563.0,421805.0,986.2,1012.8,981.3,986.2,120527250,1084.8,887.6,1102.5,649.1,1011.7,727,4,1011.6,321,7,1011.5,945,12,1011.4,846,15,1011.3,1352,14,1011.9,10,1,1012.0,1118,16,1012.1,187,6,1012.2,1561,15,1012.3,742,13
317,2025-11-26 14:15:31+05:30,1011.9,1,1001.75,7802772,415329.0,421846.0,986.2,1012.8,981.3,986.2,120527250,1084.8,887.6,1102.5,649.1,1011.7,735,5,1011.6,351,8,1011.5,945,12,1011.4,845,15,1011.3,1352,14,1011.9,9,1,1012.0,1118,16,1012.1,198,7,1012.2,1555,13,1012.3,776,14
317,2025-11-26 14:15:31+05:30,1011.9,30,1001.75,7802772,415329.0,421846.0,986.2,1012.8,981.3,986.2,120527250,1084.8,887.6,1102.5,649.1,1011.7,735,5,1011.6,351,8,1011.5,945,12,1011.4,845,15,1011.3,1352,14,1011.9,9,1,1012.0,1118,16,1012.1,198,7,1012.2,1555,13,1012.3,776,14
317,2025-11-26 14:15:32+05:30,1011.9,30,1001.75,7802902,415127.0,421980.0,986.2,1012.8,981.3,986.2,120527250,1084.8,887.6,1102.5,649.1,1011.7,635,5,1011.6,355,8,1011.5,839,11,1011.4,845,15,1011.3,1352,14,1011.9,8,1,1012.0,1118,16,1012.1,312,8,1012.2,1585,14,1012.3,776,14
317,2025-11-26 14:15:32+05:30,1011.9,8,1001.75,7802902,415127.0,421980.0,986.2,1012.8,981.3,986.2,120527250,1084.8,887.6,1102.5,649.1,1011.7,635,5,1011.6,355,8,1011.5,839,11,1011.4,845,15,1011.3,1352,14,1011.9,8,1,1012.0,1118,16,1012.1,312,8,1012.2,1585,14,1012.3,776,14
317,2025-11-26 14:15:33+05:30,1011.8,22,1001.75,7802971,415877.0,421906.0,986.2,1012.8,981.3,986.2,120527250,1084.8,887.6,1102.5,649.1,1011.7,605,5,1011.6,324,7,1011.5,807,10,1011.4,843,15,1011.3,1289,13,1011.8,78,1,1011.9,8,1,1012.0,1118,16,1012.1,377,10,1012.2,1555,13
317,2025-11-26 14:15:33+05:30,1011.8,22,1001.75,7802971,415877.0,421906.0,986.2,1012.8,981.3,986.2,120527250,1084.8,887.6,1102.5,649.1,1011.7,605,5,1011.6,324,7,1011.5,807,10,1011.4,843,15,1011.3,1289,13,1011.8,78,1,1011.9,8,1,1012.0,1118,16,1012.1,377,10,1012.2,1555,13
317,2025-11-26 14:15:34+05:30,1011.8,22,1001.75,7802971,415946.0,421633.0,986.2,1012.8,981.3,986.2,120527250,1084.8,887.6,1102.5,649.1,1011.7,605,5,1011.6,324,7,1011.5,807,10,1011.4,867,16,1011.3,1334,13,1011.8,78,1,1011.9,8,1,1012.0,1118,16,1012.1,377,10,1012.2,1555,13
317,2025-11-26 14:15:34+05:30,1011.8,78,1001.75,7802971,415946.0,421633.0,986.2,1012.8,981.3,986.2,120527250,1084.8,887.6,1102.5,649.1,1011.7,605,5,1011.6,324,7,1011.5,807,10,1011.4,867,16,1011.3,1334,13,1011.8,78,1,1011.9,8,1,1012.0,1118,16,1012.1,377,10,1012.2,1555,13
317,2025-11-26 14:15:35+05:30,1011.9,60,1001.75,7803111,415451.0,421850.0,986.2,1012.8,981.3,986.2,120527250,1084.8,887.6,1102.5,649.1,1011.8,34,1,1011.7,605,5,1011.6,324,7,1011.5,918,11,1011.4,814,14,1012.0,1118,16,1012.1,229,8,1012.2,1287,13,1012.3,735,12,1012.4,1151,18
317,2025-11-26 14:15:35+05:30,1011.9,60,1001.75,7803111,415451.0,421850.0,986.2,1012.8,981.3,986.2,120527250,1084.8,887.6,1102.5,649.1,1011.8,34,1,1011.7,605,5,1011.6,324,7,1011.5,918,11,1011.4,814,14,1012.0,1118,16,1012.1,229,8,1012.2,1287,13,1012.3,735,12,1012.4,1151,18
317,2025-11-26 14:15:36+05:30,1011.9,2,1001.75,7803123,415509.0,422294.0,986.2,1012.8,981.3,986.2,120527250,1084.8,887.6,1102.5,649.1,1011.8,27,2,1011.7,605,5,1011.6,324,7,1011.5,918,11,1011.4,844,15,1011.9,8,1,1012.0,1118,16,1012.1,672,9,1012.2,1312,14,1012.3,735,12
317,2025-11-26 14:15:36+05:30,1011.9,2,1001.75,7803123,415509.0,422294.0,986.2,1012.8,981.3,986.2,120527250,1084.8,887.6,1102.5,649.1,1011.8,27,2,1011.7,605,5,1011.6,324,7,1011.5,918,11,1011.4,844,15,1011.9,8,1,1012.0,1118,16,1012.1,672,9,1012.2,1312,14,1012.3,735,12
317,2025-11-26 14:15:37+05:30,1011.9,2,1001.75,7803123,415482.0,422275.0,986.2,1012.8,981.3,986.2,120527250,1084.8,887.6,1102.5,649.1,1011.8,35,3,1011.7,597,4,1011.6,324,7,1011.5,888,10,1011.4,844,15,1011.9,8,1,1012.0,1118,16,1012.1,672,9,1012.2,1287,13,1012.3,1036,14
317,2025-11-26 14:15:38+05:30,1011.9,2,1001.75,7803123,415489.0,422275.0,986.2,1012.8,981.3,986.2,120527250,1084.8,887.6,1102.5,649.1,1011.8,35,3,1011.7,597,4,1011.6,324,7,1011.5,928,11,1011.4,844,15,1011.9,8,1,1012.0,1118,16,1012.1,672,9,1012.2,1585,14,1012.3,738,13
317,2025-11-26 14:15:38+05:30,1011.9,3,1001.75,7803123,415489.0,422275.0,986.2,1012.8,981.3,986.2,120527250,1084.8,887.6,1102.5,649.1,1011.8,35,3,1011.7,597,4,1011.6,324,7,1011.5,928,11,1011.4,844,15,1011.9,8,1,1012.0,1118,16,1012.1,672,9,1012.2,1585,14,1012.3,738,13
317,2025-11-26 14:15:39+05:30,1011.8,2,1001.75,7803249,415699.0,422373.0,986.2,1012.8,981.3,986.2,120527250,1084.8,887.6,1102.5,649.1,1011.8,3,1,1011.7,597,4,1011.6,186,4,1011.5,787,9,1011.4,844,15,1011.9,8,3,1012.0,1117,15,1012.1,780,10,1012.2,1584,14,1012.3,769,14
317,2025-11-26 14:15:39+05:30,1011.9,1,1001.75,7803249,415699.0,422373.0,986.2,1012.8,981.3,986.2,120527250,1084.8,887.6,1102.5,649.1,1011.8,3,1,1011.7,597,4,1011.6,186,4,1011.5,787,9,1011.4,844,15,1011.9,8,3,1012.0,1117,15,1012.1,780,10,1012.2,1584,14,1012.3,769,14
317,2025-11-26 14:15:40+05:30,1011.9,1,1001.75,7803256,415804.0,422383.0,986.2,1012.8,981.3,986.2,120527250,1084.8,887.6,1102.5,649.1,1011.7,597,4,1011.6,138,5,1011.5,879,12,1011.4,814,14,1011.3,1404,15,1011.9,49,4,1012.0,1117,15,1012.1,749,9,1012.2,1584,14,1012.3,769,14
317,2025-11-26 14:15:40+05:30,1011.9,1,1001.75,7803256,415804.0,422383.0,986.2,1012.8,981.3,986.2,120527250,1084.8,887.6,1102.5,649.1,1011.7,597,4,1011.6,138,5,1011.5,879,12,1011.4,814,14,1011.3,1404,15,1011.9,49,4,1012.0,1117,15,1012.1,749,9,1012.2,1584,14,1012.3,769,14
317,2025-11-26 14:15:41+05:30,1011.9,2,1001.75,7803258,415820.0,422417.0,986.2,1012.8,981.3,986.2,120527250,1084.8,887.6,1102.5,649.1,1011.7,608,5,1011.6,173,6,1011.5,879,12,1011.4,814,14,1011.3,1374,14,1011.9,47,4,1012.0,1127,16,1012.1,749,9,1012.2,1584,14,1012.3,769,14
317,2025-11-26 14:15:41+05:30,1011.9,1,1001.75,7803258,415820.0,422417.0,986.2,1012.8,981.3,986.2,120527250,1084.8,887.6,1102.5,649.1,1011.7,608,5,1011.6,173,6,1011.5,879,12,1011.4,814,14,1011.3,1374,14,1011.9,47,4,1012.0,1127,16,1012.1,749,9,1012.2,1584,14,1012.3,769,14
317,2025-11-26 14:15:42+05:30,1011.9,1,1001.75,7803259,415859.0,422399.0,986.2,1012.8,981.3,986.2,120527250,1084.8,887.6,1102.5,649.1,1011.7,608,5,1011.6,177,6,1011.5,914,13,1011.4,814,14,1011.3,1374,14,1011.9,57,5,1012.0,1127,16,1012.1,749,9,1012.2,1584,14,1012.3,769,14
317,2025-11-26 14:15:42+05:30,1011.9,1,1001.75,7803259,415859.0,422399.0,986.2,1012.8,981.3,986.2,120527250,1084.8,887.6,1102.5,649.1,1011.7,608,5,1011.6,177,6,1011.5,914,13,1011.4,814,14,1011.3,1374,14,1011.9,57,5,1012.0,1127,16,1012.1,749,9,1012.2,1584,14,1012.3,769,14
317,2025-11-26 14:15:43+05:30,1011.7,78,1001.75,7803369,415812.0,422399.0,986.2,1012.8,981.3,986.2,120527250,1084.8,887.6,1102.5,649.1,1011.7,530,5,1011.6,177,6,1011.5,914,13,1011.4,814,14,1011.3,1405,15,1011.9,35,4,1012.0,1128,17,1012.1,306,8,1012.2,1584,14,1012.3,1233,15
317,2025-11-26 14:15:43+05:30,1011.7,78,1001.75,7803369,415812.0,422399.0,986.2,1012.8,981.3,986.2,120527250,1084.8,887.6,1102.5,649.1,1011.7,530,5,1011.6,177,6,1011.5,914,13,1011.4,814,14,1011.3,1405,15,1011.9,35,4,1012.0,1128,17,1012.1,306,8,1012.2,1584,14,1012.3,1233,15
317,2025-11-26 14:15:44+05:30,1012.0,3,1001.75,7803587,415667.0,422263.0,986.2,1012.8,981.3,986.2,120527250,1084.8,887.6,1102.5,649.1,1011.9,8,1,1011.7,530,5,1011.6,109,4,1011.5,747,8,1011.4,794,14,1012.0,1275,18,1012.1,326,8,1012.2,1623,15,1012.3,1203,14,1012.4,891,18
317,2025-11-26 14:15:44+05:30,1011.7,2,1001.75,7803587,415667.0,422263.0,986.2,1012.8,981.3,986.2,120527250,1084.8,887.6,1102.5,649.1,1011.9,8,1,1011.7,530,5,1011.6,109,4,1011.5,747,8,1011.4,794,14,1012.0,1275,18,1012.1,326,8,1012.2,1623,15,1012.3,1203,14,1012.4,891,18
317,2025-11-26 14:15:45+05:30,1011.9,2,1001.75,7803609,415849.0,422367.0,986.2,1012.8,981.3,986.2,120527250,1084.8,887.6,1102.5,649.1,1011.7,528,5,1011.6,363,9,1011.5,987,13,1011.4,794,14,1011.3,1053,15,1011.9,2,1,1012.0,1276,19,1012.1,672,8,1012.2,821,12,1012.3,1479,14
317,2025-11-26 14:15:45+05:30,1012.0,284,1001.75,7803609,415849.0,422367.0,986.2,1012.8,981.3,986.2,120527250,1084.8,887.6,1102.5,649.1,1011.7,528,5,1011.6,363,9,1011.5,987,13,1011.4,794,14,1011.3,1053,15,1011.9,2,1,1012.0,1276,19,1012.1,672,8,1012.2,821,12,1012.3,1479,14
317,2025-11-26 14:15:46+05:30,1012.0,284,1001.75,7803914,415621.0,422313.0,986.2,1012.8,981.3,986.2,120527250,1084.8,887.6,1102.5,649.1,1011.9,1,1,1011.8,9,1,1011.7,528,5,1011.6,222,6,1011.5,815,10,1012.0,992,19,1012.1,611,8,1012.2,563,12,1012.3,1847,18,1012.4,989,19
317,2025-11-26 14:15:47+05:30,1012.0,1,1001.75,7803916,415657.0,422293.0,986.2,1012.8,981.3,986.2,120527250,1084.8,887.6,1102.5,649.1,1011.8,9,1,1011.7,528,5,1011.6,193,5,1011.5,815,10,1011.4,954,18,1012.0,990,19,1012.1,341,8,1012.2,1225,15,1012.3,1522,16,1012.4,904,18
317,2025-11-26 14:15:47+05:30,1012.0,1,1001.75,7803916,415657.0,422293.0,986.2,1012.8,981.3,986.2,120527250,1084.8,887.6,1102.5,649.1,1011.8,9,1,1011.7,528,5,1011.6,193,5,1011.5,815,10,1011.4,954,18,1012.0,990,19,1012.1,341,8,1012.2,1225,15,1012.3,1522,16,1012.4,904,18
317,2025-11-26 14:15:48+05:30,1011.8,1,1001.75,7803917,415590.0,422360.0,986.2,1012.8,981.3,986.2,120527250,1084.8,887.6,1102.5,649.1,1011.8,14,2,1011.7,518,5,1011.6,109,4,1011.5,815,10,1011.4,954,18,1012.0,1057,20,1012.1,341,8,1012.2,1988,17,1012.3,772,15,1012.4,891,17
317,2025-11-26 14:15:48+05:30,1011.8,19,1001.75,7803917,415590.0,422360.0,986.2,1012.8,981.3,986.2,120527250,1084.8,887.6,1102.5,649.1,1011.8,14,2,1011.7,518,5,1011.6,109,4,1011.5,815,10,1011.4,954,18,1012.0,1057,20,1012.1,341,8,1012.2,1988,17,1012.3,772,15,1012.4,891,17
317,2025-11-26 14:15:49+05:30,1011.8,19,1001.75,7803954,415759.0,422199.0,986.2,1012.8,981.3,986.2,120527250,1084.8,887.6,1102.5,649.1,1011.8,9,1,1011.7,32,4,1011.6,109,4,1011.5,1233,9,1011.4,827,11,1011.9,17,1,1012.0,986,19,1012.1,708,10,1012.2,1624,15,1012.3,769,14
317,2025-11-26 14:15:50+05:30,1011.9,1,1001.75,7803965,417073.0,421758.0,986.2,1012.8,981.3,986.2,120527250,1084.8,887.6,1102.5,649.1,1011.8,9,1,1011.7,61,5,1011.6,910,11,1011.5,970,13,1011.4,1108,17,1011.9,6,1,1012.0,986,19,1012.1,70,4,1012.2,462,10,1012.3,1426,15
317,2025-11-26 14:15:50+05:30,1011.9,49,1001.75,7803965,417073.0,421758.0,986.2,1012.8,981.3,986.2,120527250,1084.8,887.6,1102.5,649.1,1011.8,9,1,1011.7,61,5,1011.6,910,11,1011.5,970,13,1011.4,1108,17,1011.9,6,1,1012.0,986,19,1012.1,70,4,1012.2,462,10,1012.3,1426,15
317,2025-11-26 14:15:51+05:30,1011.9,1,1001.75,7804015,417082.0,421726.0,986.2,1012.8,981.3,986.2,120527250,1084.8,887.6,1102.5,649.1,1011.8,9,1,1011.7,94,6,1011.6,908,11,1011.5,970,13,1011.4,1607,18,1011.9,16,1,1012.0,986,19,1012.1,70,4,1012.2,422,9,1012.3,1426,15
317,2025-11-26 14:15:51+05:30,1011.9,1,1001.75,7804015,417082.0,421726.0,986.2,1012.8,981.3,986.2,120527250,1084.8,887.6,1102.5,649.1,1011.8,9,1,1011.7,94,6,1011.6,908,11,1011.5,970,13,1011.4,1607,18,1011.9,16,1,1012.0,986,19,1012.1,70,4,1012.2,422,9,1012.3,1426,15
317,2025-11-26 14:15:52+05:30,1011.9,1,1001.75,7804015,417087.0,421735.0,986.2,1012.8,981.3,986.2,120527250,1084.8,887.6,1102.5,649.1,1011.8,9,1,1011.7,61,5,1011.6,969,13,1011.5,970,13,1011.4,1584,17,1011.9,57,2,1012.0,983,19,1012.1,18,3,1012.2,422,9,1012.3,1426,15
317,2025-11-26 14:15:52+05:30,1011.9,4,1001.75,7804015,417087.0,421735.0,986.2,1012.8,981.3,986.2,120527250,1084.8,887.6,1102.5,649.1,1011.8,9,1,1011.7,61,5,1011.6,969,13,1011.5,970,13,1011.4,1584,17,1011.9,57,2,1012.0,983,19,1012.1,18,3,1012.2,422,9,1012.3,1426,15
317,2025-11-26 14:15:53+05:30,1011.9,5,1001.75,7804024,417430.0,421711.0,986.2,1012.8,981.3,986.2,120527250,1084.8,887.6,1102.5,649.1,1011.8,27,2,1011.7,61,5,1011.6,969,13,1011.5,970,13,1011.4,1063,16,1011.9,56,3,1012.0,983,19,1012.1,18,3,1012.2,422,9,1012.3,1426,15
317,2025-11-26 14:15:53+05:30,1011.9,1,1001.75,7804024,417430.0,421711.0,986.2,1012.8,981.3,986.2,120527250,1084.8,887.6,1102.5,649.1,1011.8,27,2,1011.7,61,5,1011.6,969,13,1011.5,970,13,1011.4,1063,16,1011.9,56,3,1012.0,983,19,1012.1,18,3,1012.2,422,9,1012.3,1426,15
317,2025-11-26 14:15:54+05:30,1011.8,11,1001.75,7804138,417175.0,421341.0,986.2,1012.8,981.3,986.2,120527250,1084.8,887.6,1102.5,649.1,1011.8,101,1,1011.7,32,4,1011.6,1025,14,1011.5,970,13,1011.4,1063,16,1011.9,32,2,1012.0,983,19,1012.1,18,3,1012.2,696,10,1012.3,769,14
317,2025-11-26 14:15:54+05:30,1011.9,14,1001.75,7804138,417175.0,421341.0,986.2,1012.8,981.3,986.2,120527250,1084.8,887.6,1102.5,649.1,1011.8,101,1,1011.7,32,4,1011.6,1025,14,1011.5,970,13,1011.4,1063,16,1011.9,32,2,1012.0,983,19,1012.1,18,3,1012.2,696,10,1012.3,769,14
317,2025-11-26 14:15:55+05:30,1011.9,3,1001.75,7804187,417239.0,421411.0,986.2,1012.8,981.3,986.2,120527250,1084.8,887.6,1102.5,649.1,1011.8,101,1,1011.7,32,4,1011.6,1058,15,1011.5,964,13,1011.4,1063,16,1011.9,32,2,1012.0,1053,20,1012.1,18,3,1012.2,696,10,1012.3,1067,15
317,2025-11-26 14:15:55+05:30,1011.9,12,1001.75,7804187,417239.0,421411.0,986.2,1012.8,981.3,986.2,120527250,1084.8,887.6,1102.5,649.1,1011.8,101,1,1011.7,32,4,1011.6,1058,15,1011.5,964,13,1011.4,1063,16,1011.9,32,2,1012.0,1053,20,1012.1,18,3,1012.2,696,10,1012.3,1067,15
317,2025-11-26 14:15:56+05:30,1011.9,2,1001.75,7804349,417336.0,421032.0,986.2,1012.8,981.3,986.2,120527250,1084.8,887.6,1102.5,649.1,1011.8,344,4,1011.7,180,7,1011.6,1045,13,1011.5,977,14,1011.4,1063,16,1011.9,6,1,1012.0,1053,20,1012.1,13,2,1012.2,448,10,1012.3,1067,15
317,2025-11-26 14:15:56+05:30,1011.9,2,1001.75,7804349,417336.0,421032.0,986.2,1012.8,981.3,986.2,120527250,1084.8,887.6,1102.5,649.1,1011.8,344,4,1011.7,180,7,1011.6,1045,13,1011.5,977,14,1011.4,1063,16,1011.9,6,1,1012.0,1053,20,1012.1,13,2,1012.2,448,10,1012.3,1067,15
317,2025-11-26 14:15:57+05:30,1012.0,47,1001.75,7804408,416563.0,421166.0,986.2,1012.8,981.3,986.2,120527250,1084.8,887.6,1102.5,649.1,1011.8,319,4,1011.7,175,7,1011.6,1145,14,1011.5,963,14,1011.4,1063,16,1012.0,1124,22,1012.1,13,2,1012.2,448,10,1012.3,1067,15,1012.4,1515,18
317,2025-11-26 14:15:57+05:30,1012.0,54,1001.75,7804408,416563.0,421166.0,986.2,1012.8,981.3,986.2,120527250,1084.8,887.6,1102.5,649.1,1011.8,319,4,1011.7,175,7,1011.6,1145,14,1011.5,963,14,1011.4,1063,16,1012.0,1124,22,1012.1,13,2,1012.2,448,10,1012.3,1067,15,1012.4,1515,18
317,2025-11-26 14:15:58+05:30,1012.0,54,1001.75,7804552,416652.0,420991.0,986.2,1012.8,981.3,986.2,120527250,1084.8,887.6,1102.5,649.1,1011.8,319,4,1011.7,175,7,1011.6,1145,14,1011.5,963,14,1011.4,1599,17,1012.0,982,20,1012.1,13,2,1012.2,310,9,1012.3,1067,15,1012.4,1515,18
317,2025-11-26 14:15:58+05:30,1012.0,3,1001.75,7804552,416652.0,420991.0,986.2,1012.8,981.3,986.2,120527250,1084.8,887.6,1102.5,649.1,1011.8,319,4,1011.7,175,7,1011.6,1145,14,1011.5,963,14,1011.4,1599,17,1012.0,982,20,1012.1,13,2,1012.2,310,9,1012.3,1067,15,1012.4,1515,18
317,2025-11-26 14:15:59+05:30,1011.8,30,1001.75,7804585,417090.0,421068.0,986.2,1012.8,981.3,986.2,120527250,1084.8,887.6,1102.5,649.1,1011.8,289,4,1011.7,32,4,1011.6,1084,12,1011.5,911,12,1011.4,769,9,1011.9,12,1,1012.0,979,20,1012.1,13,2,1012.2,449,11,1012.3,1067,15
317,2025-11-26 14:15:59+05:30,1011.9,5,1001.75,7804585,417090.0,421068.0,986.2,1012.8,981.3,986.2,120527250,1084.8,887.6,1102.5,649.1,1011.8,289,4,1011.7,32,4,1011.6,1084,12,1011.5,911,12,1011.4,769,9,1011.9,12,1,1012.0,979,20,1012.1,13,2,1012.2,449,11,1012.3,1067,15
317,2025-11-26 14:16:00+05:30,1011.8,7,1001.75,7804699,417284.0,421163.0,986.2,1012.8,981.3,986.2,120527250,1084.8,887.6,1102.5,649.1,1011.8,231,3,1011.7,32,4,1011.6,913,9,1011.5,1104,21,1011.4,769,9,1011.9,6,1,1012.0,1779,21,1012.1,13,2,1012.2,410,9,1012.3,1138,17
317,2025-11-26 14:16:00+05:30,1011.8,20,1001.75,7804699,417284.0,421163.0,986.2,1012.8,981.3,986.2,120527250,1084.8,887.6,1102.5,649.1,1011.8,231,3,1011.7,32,4,1011.6,913,9,1011.5,1104,21,1011.4,769,9,1011.9,6,1,1012.0,1779,21,1012.1,13,2,1012.2,410,9,1012.3,1138,17
317,2025-11-26 14:16:01+05:30,1011.9,1,1001.75,7804720,417111.0,421145.0,986.2,1012.8,981.3,986.2,120527250,1084.8,887.6,1102.5,649.1,1011.8,58,2,1011.7,32,4,1011.6,948,10,1011.5,1069,20,1011.4,769,9,1011.9,5,1,1012.0,1779,21,1012.1,13,2,1012.2,410,9,1012.3,1096,17
317,2025-11-26 14:16:01+05:30,1011.9,49,1001.75,7804720,417111.0,421145.0,986.2,1012.8,981.3,986.2,120527250,1084.8,887.6,1102.5,649.1,1011.8,58,2,1011.7,32,4,1011.6,948,10,1011.5,1069,20,1011.4,769,9,1011.9,5,1,1012.0,1779,21,1012.1,13,2,1012.2,410,9,1012.3,1096,17
317,2025-11-26 14:16:02+05:30,1011.9,49,1001.75,7804783,416304.0,420924.0,986.2,1012.8,981.3,986.2,120527250,1084.8,887.6,1102.5,649.1,1011.8,58,2,1011.7,32,4,1011.6,889,8,1011.5,1104,21,1011.4,769,9,1011.9,13,2,1012.0,1779,21,1012.1,13,2,1012.2,410,9,1012.3,1191,17
317,2025-11-26 14:16:02+05:30,1011.9,4,1001.75,7804783,416304.0,420924.0,986.2,1012.8,981.3,986.2,120527250,1084.8,887.6,1102.5,649.1,1011.8,58,2,1011.7,32,4,1011.6,889,8,1011.5,1104,21,1011.4,769,9,1011.9,13,2,1012.0,1779,21,1012.1,13,2,1012.2,410,9,1012.3,1191,17
317,2025-11-26 14:16:03+05:30,1011.9,5,1001.75,7804819,416301.0,421128.0,986.2,1012.8,981.3,986.2,120527250,1084.8,887.6,1102.5,649.1,1011.8,58,2,1011.7,32,4,1011.6,857,8,1011.5,1091,20,1011.4,817,11,1011.9,43,3,1012.0,1779,21,1012.1,141,3,1012.2,423,10,1012.3,1941,18
317,2025-11-26 14:16:03+05:30,1011.9,5,1001.75,7804819,416301.0,421128.0,986.2,1012.8,981.3,986.2,120527250,1084.8,887.6,1102.5,649.1,1011.8,58,2,1011.7,32,4,1011.6,857,8,1011.5,1091,20,1011.4,817,11,1011.9,43,3,1012.0,1779,21,1012.1,141,3,1012.2,423,10,1012.3,1941,18
317,2025-11-26 14:16:04+05:30,1011.9,5,1001.75,7805045,415755.0,421664.0,986.2,1012.8,981.3,986.2,120527250,1084.8,887.6,1102.5,649.1,1011.9,18,1,1011.8,42,4,1011.7,32,4,1011.6,731,5,1011.5,916,17,1012.0,1779,21,1012.1,208,4,1012.2,452,11,1012.3,1941,18,1012.4,775,17
317,2025-11-26 14:16:04+05:30,1011.9,5,1001.75,7805045,415755.0,421664.0,986.2,1012.8,981.3,986.2,120527250,1084.8,887.6,1102.5,649.1,1011.9,18,1,1011.8,42,4,1011.7,32,4,1011.6,731,5,1011.5,916,17,1012.0,1779,21,1012.1,208,4,1012.2,452,11,1012.3,1941,18,1012.4,775,17
317,2025-11-26 14:16:05+05:30,1012.0,2,1001.75,7805047,415781.0,421693.0,986.2,1012.8,981.3,986.2,120527250,1084.8,887.6,1102.5,649.1,1011.9,18,1,1011.8,42,4,1011.7,32,4,1011.6,731,5,1011.5,942,18,1012.0,1777,21,1012.1,208,4,1012.2,452,11,1012.3,1964,19,1012.4,775,17
317,2025-11-26 14:16:05+05:30,1012.0,1,1001.75,7805047,415781.0,421693.0,986.2,1012.8,981.3,986.2,120527250,1084.8,887.6,1102.5,649.1,1011.9,18,1,1011.8,42,4,1011.7,32,4,1011.6,731,5,1011.5,942,18,1012.0,1777,21,1012.1,208,4,1012.2,452,11,1012.3,1964,19,1012.4,775,17
317,2025-11-26 14:16:06+05:30,1012.0,1,1001.75,7805098,415694.0,422338.0,986.2,1012.8,981.3,986.2,120527250,1084.8,887.6,1102.5,649.1,1011.9,18,1,1011.8,42,4,1011.7,32,4,1011.6,859,6,1011.5,837,12,1012.0,1733,16,1012.1,263,5,1012.2,1286,14,1012.3,810,16,1012.4,2154,20
317,2025-11-26 14:16:06+05:30,1012.0,2,1001.75,7805098,415694.0,422338.0,986.2,1012.8,981.3,986.2,120527250,1084.8,887.6,1102.5,649.1,1011.9,18,1,1011.8,42,4,1011.7,32,4,1011.6,859,6,1011.5,837,12,1012.0,1733,16,1012.1,263,5,1012.2,1286,14,1012.3,810,16,1012.4,2154,20
317,2025-11-26 14:16:07+05:30,1012.0,2,1001.75,7805100,415859.0,421654.0,986.2,1012.8,981.3,986.2,120527250,1084.8,887.6,1102.5,649.1,1011.9,123,3,1011.8,29,3,1011.7,32,4,1011.6,831,5,1011.5,808,11,1012.0,1756,17,1012.1,312,7,1012.2,2054,17,1012.3,769,14,1012.4,1388,17
317,2025-11-26 14:16:07+05:30,1012.0,3,1001.75,7805100,415859.0,421654.0,986.2,1012.8,981.3,986.2,120527250,1084.8,887.6,1102.5,649.1,1011.9,123,3,1011.8,29,3,1011.7,32,4,1011.6,831,5,1011.5,808,11,1012.0,1756,17,1012.1,312,7,1012.2,2054,17,1012.3,769,14,1012.4,1388,17
317,2025-11-26 14:16:08+05:30,1011.9,12,1001.75,7805133,415896.0,421949.0,986.2,1012.8,981.3,986.2,120527250,1084.8,887.6,1102.5,649.1,1011.9,111,2,1011.8,29,3,1011.7,32,4,1011.6,831,5,1011.5,849,13,1012.0,1728,16,1012.1,284,6,1012.2,2054,17,1012.3,1288,15,1012.4,1391,18
317,2025-11-26 14:16:08+05:30,1012.0,4,1001.75,7805133,415896.0,421949.0,986.2,1012.8,981.3,986.2,120527250,1084.8,887.6,1102.5,649.1,1011.9,111,2,1011.8,29,3,1011.7,32,4,1011.6,831,5,1011.5,849,13,1012.0,1728,16,1012.1,284,6,1012.2,2054,17,1012.3,1288,15,1012.4,1391,18
317,2025-11-26 14:16:09+05:30,1012.0,5,1001.75,7805297,416191.0,421867.0,986.2,1012.8,981.3,986.2,120527250,1084.8,887.6,1102.5,649.1,1011.8,29,3,1011.7,267,6,1011.6,717,4,1011.5,811,12,1011.4,890,16,1012.0,1733,16,1012.1,234,4,1012.2,1403,16,1012.3,1348,15,1012.4,2199,17
317,2025-11-26 14:16:09+05:30,1012.0,5,1001.75,7805297,416191.0,421867.0,986.2,1012.8,981.3,986.2,120527250,1084.8,887.6,1102.5,649.1,1011.8,29,3,1011.7,267,6,1011.6,717,4,1011.5,811,12,1011.4,890,16,1012.0,1733,16,1012.1,234,4,1012.2,1403,16,1012.3,1348,15,1012.4,2199,17
317,2025-11-26 14:16:10+05:30,1012.0,1,1001.75,7805298,416191.0,421952.0,986.2,1012.8,981.3,986.2,120527250,1084.8,887.6,1102.5,649.1,1011.8,21,2,1011.7,240,6,1011.6,752,5,1011.5,811,12,1011.4,890,16,1012.0,1732,16,1012.1,262,5,1012.2,1403,16,1012.3,1348,16,1012.4,2285,21
317,2025-11-26 14:16:10+05:30,1012.0,1,1001.75,7805298,416191.0,421952.0,986.2,1012.8,981.3,986.2,120527250,1084.8,887.6,1102.5,649.1,1011.8,21,2,1011.7,240,6,1011.6,752,5,1011.5,811,12,1011.4,890,16,1012.0,1732,16,1012.1,262,5,1012.2,1403,16,1012.3,1348,16,1012.4,2285,21
317,2025-11-26 14:16:11+05:30,1012.0,2,1001.75,7805300,416211.0,421985.0,986.2,1012.8,981.3,986.2,120527250,1084.8,887.6,1102.5,649.1,1011.8,21,2,1011.7,240,6,1011.6,589,3,1011.5,848,13,1011.4,890,16,1012.0,1758,17,1012.1,262,5,1012.2,1438,18,1012.3,2083,17,1012.4,1522,19
317,2025-11-26 14:16:11+05:30,1012.0,1,1001.75,7805300,416211.0,421985.0,986.2,1012.8,981.3,986.2,120527250,1084.8,887.6,1102.5,649.1,1011.8,21,2,1011.7,240,6,1011.6,589,3,1011.5,848,13,1011.4,890,16,1012.0,1758,17,1012.1,262,5,1012.2,1438,18,1012.3,2083,17,1012.4,1522,19
317,2025-11-26 14:16:12+05:30,1012.0,1,1001.75,7805301,416270.0,421990.0,986.2,1012.8,981.3,986.2,120527250,1084.8,887.6,1102.5,649.1,1011.8,21,2,1011.7,240,6,1011.6,589,3,1011.5,907,15,1011.4,890,16,1012.0,1757,17,1012.1,262,5,1012.2,1425,17,1012.3,1333,16,1012.4,2291,22
317,2025-11-26 14:16:12+05:30,1012.0,5,1001.75,7805301,416270.0,421990.0,986.2,1012.8,981.3,986.2,120527250,1084.8,887.6,1102.5,649.1,1011.8,21,2,1011.7,240,6,1011.6,589,3,1011.5,907,15,1011.4,890,16,1012.0,1757,17,1012.1,262,5,1012.2,1425,17,1012.3,1333,16,1012.4,2291,22
317,2025-11-26 14:16:13+05:30,1011.8,1,1001.75,7805357,416829.0,422199.0,986.2,1012.8,981.3,986.2,120527250,1084.8,887.6,1102.5,649.1,1011.7,277,7,1011.6,887,8,1011.5,960,14,1011.4,878,16,1011.3,1297,11,1011.8,6,1,1012.0,1703,17,1012.1,197,3,1012.2,1077,14,1012.3,1223,14
317,2025-11-26 14:16:13+05:30,1011.8,1,1001.75,7805357,416829.0,422199.0,986.2,1012.8,981.3,986.2,120527250,1084.8,887.6,1102.5,649.1,1011.7,277,7,1011.6,887,8,1011.5,960,14,1011.4,878,16,1011.3,1297,11,1011.8,6,1,1012.0,1703,17,1012.1,197,3,1012.2,1077,14,1012.3,1223,14
317,2025-11-26 14:16:14+05:30,1011.8,1,1001.75,7805357,416862.0,421812.0,986.2,1012.8,981.3,986.2,120527250,1084.8,887.6,1102.5,649.1,1011.7,277,7,1011.6,887,8,1011.5,960,14,1011.4,878,16,1011.3,1330,12,1011.8,6,1,1011.9,37,1,1012.0,1650,16,1012.1,197,3,1012.2,1375,15
317,2025-11-26 14:16:14+05:30,1011.9,120,1001.75,7805357,416862.0,421812.0,986.2,1012.8,981.3,986.2,120527250,1084.8,887.6,1102.5,649.1,1011.7,277,7,1011.6,887,8,1011.5,960,14,1011.4,878,16,1011.3,1330,12,1011.8,6,1,1011.9,37,1,1012.0,1650,16,1012.1,197,3,1012.2,1375,15
317,2025-11-26 14:16:15+05:30,1011.9,2,1001.75,7805538,416957.0,421730.0,986.2,1012.8,981.3,986.2,120527250,1084.8,887.6,1102.5,649.1,1011.8,55,1,1011.7,277,7,1011.6,850,7,1011.5,983,15,1011.4,855,15,1011.9,31,1,1012.0,1850,17,1012.1,130,2,1012.2,1039,13,1012.3,775,14
317,2025-11-26 14:16:15+05:30,1011.9,2,1001.75,7805538,416957.0,421730.0,986.2,1012.8,981.3,986.2,120527250,1084.8,887.6,1102.5,649.1,1011.8,55,1,1011.7,277,7,1011.6,850,7,1011.5,983,15,1011.4,855,15,1011.9,31,1,1012.0,1850,17,1012.1,130,2,1012.2,1039,13,1012.3,775,14
317,2025-11-26 14:16:16+05:30,1011.9,2,1001.75,7805540,417040.0,421727.0,986.2,1012.8,981.3,986.2,120527250,1084.8,887.6,1102.5,649.1,1011.8,69,2,1011.7,277,7,1011.6,919,8,1011.5,970,14,1011.4,855,15,1011.9,29,1,1012.0,1850,17,1012.1,130,2,1012.2,1039,13,1012.3,1238,16
317,2025-11-26 14:16:16+05:30,1011.9,2,1001.75,7805540,417040.0,421727.0,986.2,1012.8,981.3,986.2,120527250,1084.8,887.6,1102.5,649.1,1011.8,69,2,1011.7,277,7,1011.6,919,8,1011.5,970,14,1011.4,855,15,1011.9,29,1,1012.0,1850,17,1012.1,130,2,1012.2,1039,13,1012.3,1238,16
317,2025-11-26 14:16:17+05:30,1011.9,2,1001.75,7805540,417051.0,421748.0,986.2,1012.8,981.3,986.2,120527250,1084.8,887.6,1102.5,649.1,1011.8,76,4,1011.7,277,7,1011.6,956,9,1011.5,970,14,1011.4,855,15,1011.9,29,1,1012.0,1850,17,1012.1,130,2,1012.2,1039,13,1012.3,1231,17
317,2025-11-26 14:16:17+05:30,1011.9,21,1001.75,7805540,417051.0,421748.0,986.2,1012.8,981.3,986.2,120527250,1084.8,887.6,1102.5,649.1,1011.8,76,4,1011.7,277,7,1011.6,956,9,1011.5,970,14,1011.4,855,15,1011.9,29,1,1012.0,1850,17,1012.1,130,2,1012.2,1039,13,1012.3,1231,17
317,2025-11-26 14:16:18+05:30,1011.9,71,1001.76,7805661,412440.0,421514.0,986.2,1012.8,981.3,986.2,120527250,1084.8,887.6,1102.5,649.1,1011.9,379,1,1011.8,76,4,1011.7,268,7,1011.6,1174,12,1011.5,984,14,1012.0,1842,16,1012.1,2,1,1012.2,927,12,1012.3,1076,16,1012.4,2337,21
317,2025-11-26 14:16:18+05:30,1011.9,1,1001.76,7805661,412440.0,421514.0,986.2,1012.8,981.3,986.2,120527250,1084.8,887.6,1102.5,649.1,1011.9,379,1,1011.8,76,4,1011.7,268,7,1011.6,1174,12,1011.5,984,14,1012.0,1842,16,1012.1,2,1,1012.2,927,12,1012.3,1076,16,1012.4,2337,21
317,2025-11-26 14:16:19+05:30,1011.9,117,1001.76,7805837,412246.0,421496.0,986.2,1012.8,981.3,986.2,120527250,1084.8,887.6,1102.5,649.1,1011.9,275,2,1011.8,7,2,1011.7,268,7,1011.6,1153,11,1011.5,984,14,1012.0,1784,15,1012.1,62,2,1012.2,927,12,1012.3,1044,15,1012.4,2337,21
317,2025-11-26 14:16:19+05:30,1012.0,1,1001.76,7805837,412246.0,421496.0,986.2,1012.8,981.3,986.2,120527250,1084.8,887.6,1102.5,649.1,1011.9,275,2,1011.8,7,2,1011.7,268,7,1011.6,1153,11,1011.5,984,14,1012.0,1784,15,1012.1,62,2,1012.2,927,12,1012.3,1044,15,1012.4,2337,21
317,2025-11-26 14:16:19+05:30,1012.0,1,1001.76,7805838,412177.0,421905.0,986.2,1012.8,981.3,986.2,120527250,1084.8,887.6,1102.5,649.1,1011.9,282,4,1011.8,7,2,1011.7,305,8,1011.6,1026,8,1011.5,984,14,1012.0,1783,15,1012.1,62,2,1012.2,927,12,1012.3,1572,17,1012.4,2185,20
317,2025-11-26 14:16:20+05:30,1012.0,2,1001.76,7805838,412177.0,421905.0,986.2,1012.8,981.3,986.2,120527250,1084.8,887.6,1102.5,649.1,1011.9,282,4,1011.8,7,2,1011.7,305,8,1011.6,1026,8,1011.5,984,14,1012.0,1783,15,1012.1,62,2,1012.2,927,12,1012.3,1572,17,1012.4,2185,20
317,2025-11-26 14:16:20+05:30,1012.0,1,1001.76,7805911,412336.0,421849.0,986.2,1012.8,981.3,986.2,120527250,1084.8,887.6,1102.5,649.1,1011.9,205,2,1011.8,10,3,1011.7,267,7,1011.6,1172,12,1011.5,1017,15,1012.0,1710,14,1012.1,62,2,1012.2,927,12,1012.3,1072,16,1012.4,2735,21
317,2025-11-26 14:16:21+05:30,1011.9,1,1001.76,7805911,412336.0,421849.0,986.2,1012.8,981.3,986.2,120527250,1084.8,887.6,1102.5,649.1,1011.9,205,2,1011.8,10,3,1011.7,267,7,1011.6,1172,12,1011.5,1017,15,1012.0,1710,14,1012.1,62,2,1012.2,927,12,1012.3,1072,16,1012.4,2735,21
317,2025-11-26 14:16:21+05:30,1011.9,1,1001.76,7805912,412152.0,421958.0,986.2,1012.8,981.3,986.2,120527250,1084.8,887.6,1102.5,649.1,1011.9,204,2,1011.8,10,3,1011.7,267,7,1011.6,989,9,1011.5,1017,15,1012.0,1710,14,1012.1,75,3,1012.2,1690,14,1012.3,1059,15,1012.4,1422,18
317,2025-11-26 14:16:22+05:30,1012.0,4,1001.76,7805912,412152.0,421958.0,986.2,1012.8,981.3,986.2,120527250,1084.8,887.6,1102.5,649.1,1011.9,204,2,1011.8,10,3,1011.7,267,7,1011.6,989,9,1011.5,1017,15,1012.0,1710,14,1012.1,75,3,1012.2,1690,14,1012.3,1059,15,1012.4,1422,18
317,2025-11-26 14:16:22+05:30,1012.0,4,1001.76,7805920,412088.0,422116.0,986.2,1012.8,981.3,986.2,120527250,1084.8,887.6,1102.5,649.1,1011.9,204,2,1011.8,10,3,1011.7,300,8,1011.6,989,9,1011.5,947,13,1012.0,1702,14,1012.1,148,3,1012.2,927,12,1012.3,2054,16,1012.4,1340,12
317,2025-11-26 14:16:23+05:30,1012.0,23,1001.76,7805920,412088.0,422116.0,986.2,1012.8,981.3,986.2,120527250,1084.8,887.6,1102.5,649.1,1011.9,204,2,1011.8,10,3,1011.7,300,8,1011.6,989,9,1011.5,947,13,1012.0,1702,14,1012.1,148,3,1012.2,927,12,1012.3,2054,16,1012.4,1340,12
317,2025-11-26 14:16:23+05:30,1012.0,23,1001.76,7805943,412141.0,421888.0,986.2,1012.8,981.3,986.2,120527250,1084.8,887.6,1102.5,649.1,1011.9,204,2,1011.8,10,3,1011.7,267,7,1011.6,1022,10,1011.5,947,13,1012.0,1679,14,1012.1,148,3,1012.2,927,12,1012.3,2337,17,1012.4,1422,18
317,2025-11-26 14:16:24+05:30,1012.0,123,1001.76,7805943,412141.0,421888.0,986.2,1012.8,981.3,986.2,120527250,1084.8,887.6,1102.5,649.1,1011.9,204,2,1011.8,10,3,1011.7,267,7,1011.6,1022,10,1011.5,947,13,1012.0,1679,14,1012.1,148,3,1012.2,927,12,1012.3,2337,17,1012.4,1422,18
317,2025-11-26 14:16:24+05:30,1012.0,123,1001.76,7806467,412074.0,421429.0,986.2,1012.8,981.3,986.2,120527250,1084.8,887.6,1102.5,649.1,1011.9,204,2,1011.8,10,3,1011.7,395,8,1011.6,1022,10,1011.5,960,14,1012.0,1155,9,1012.1,62,2,1012.2,1493,14,1012.3,1794,16,1012.4,1422,18
317,2025-11-26 14:16:25+05:30,1012.0,1,1001.76,7806467,412074.0,421429.0,986.2,1012.8,981.3,986.2,120527250,1084.8,887.6,1102.5,649.1,1011.9,204,2,1011.8,10,3,1011.7,395,8,1011.6,1022,10,1011.5,960,14,1012.0,1155,9,1012.1,62,2,1012.2,1493,14,1012.3,1794,16,1012.4,1422,18
317,2025-11-26 14:16:25+05:30,1012.0,1,1001.76,7806495,412916.0,421488.0,986.2,1012.8,981.3,986.2,120527250,1084.8,887.6,1102.5,649.1,1011.9,204,2,1011.8,10,3,1011.7,881,9,1011.6,662,12,1011.5,960,14,1012.0,1127,7,1012.1,62,2,1012.2,848,12,1012.3,1794,16,1012.4,1901,18
317,2025-11-26 14:16:26+05:30,1012.0,1,1001.76,7806495,412916.0,421488.0,986.2,1012.8,981.3,986.2,120527250,1084.8,887.6,1102.5,649.1,1011.9,204,2,1011.8,10,3,1011.7,881,9,1011.6,662,12,1011.5,960,14,1012.0,1127,7,1012.1,62,2,1012.2,848,12,1012.3,1794,16,1012.4,1901,18
317,2025-11-26 14:16:26+05:30,1012.0,1,1001.76,7806497,412872.0,421696.0,986.2,1012.8,981.3,986.2,120527250,1084.8,887.6,1102.5,649.1,1011.9,204,2,1011.8,38,4,1011.7,951,11,1011.6,607,10,1011.5,960,14,1012.0,1125,6,1012.1,62,2,1012.2,1424,13,1012.3,1794,16,1012.4,1419,17
317,2025-11-26 14:16:27+05:30,1012.0,72,1001.76,7806497,412872.0,421696.0,986.2,1012.8,981.3,986.2,120527250,1084.8,887.6,1102.5,649.1,1011.9,204,2,1011.8,38,4,1011.7,951,11,1011.6,607,10,1011.5,960,14,1012.0,1125,6,1012.1,62,2,1012.2,1424,13,1012.3,1794,16,1012.4,1419,17
317,2025-11-26 14:16:27+05:30,1012.0,72,1001.76,7806687,412705.0,421422.0,986.2,1012.8,981.3,986.2,120527250,1084.8,887.6,1102.5,649.1,1011.9,17,2,1011.8,38,4,1011.7,914,10,1011.6,604,9,1011.5,960,14,1012.0,935,4,1012.1,62,2,1012.2,1337,13,1012.3,1794,16,1012.4,1419,17
317,2025-11-26 14:16:28+05:30,1012.0,4,1001.76,7806687,412705.0,421422.0,986.2,1012.8,981.3,986.2,120527250,1084.8,887.6,1102.5,649.1,1011.9,17,2,1011.8,38,4,1011.7,914,10,1011.6,604,9,1011.5,960,14,1012.0,935,4,1012.1,62,2,1012.2,1337,13,1012.3,1794,16,1012.4,1419,17
317,2025-11-26 14:16:28+05:30,1012.0,4,1001.76,7806791,412592.0,421007.0,986.2,1012.8,981.3,986.2,120527250,1084.8,887.6,1102.5,649.1,1011.9,30,3,1011.8,73,5,1011.7,1004,12,1011.6,697,11,1011.5,960,14,1012.0,831,4,1012.1,62,2,1012.2,696,9,1012.3,1507,14,1012.4,2211,22
317,2025-11-26 14:16:29+05:30,1011.9,128,1001.76,7806968,416783.0,421158.0,986.2,1012.8,981.3,986.2,120527250,1084.8,887.6,1102.5,649.1,1011.8,43,4,1011.7,915,10,1011.6,465,7,1011.5,991,15,1011.4,842,14,1011.9,22,1,1012.0,831,4,1012.1,498,4,1012.2,943,12,1012.3,734,13
317,2025-11-26 14:16:29+05:30,1011.9,128,1001.76,7806968,416783.0,421158.0,986.2,1012.8,981.3,986.2,120527250,1084.8,887.6,1102.5,649.1,1011.8,43,4,1011.7,915,10,1011.6,465,7,1011.5,991,15,1011.4,842,14,1011.9,22,1,1012.0,831,4,1012.1,498,4,1012.2,943,12,1012.3,734,13
317,2025-11-26 14:16:30+05:30,1012.0,3,1001.76,7806968,416783.0,421158.0,986.2,1012.8,981.3,986.2,120527250,1084.8,887.6,1102.5,649.1,1011.8,43,4,1011.7,915,10,1011.6,465,7,1011.5,991,15,1011.4,842,14,1011.9,22,1,1012.0,831,4,1012.1,498,4,1012.2,943,12,1012.3,734,13
317,2025-11-26 14:16:30+05:30,1012.0,3,1001.76,7807021,416862.0,421063.0,986.2,1012.8,981.3,986.2,120527250,1084.8,887.6,1102.5,649.1,1011.9,14,1,1011.8,34,2,1011.7,882,9,1011.6,595,8,1011.5,990,15,1012.0,828,4,1012.1,63,3,1012.2,829,11,1012.3,1482,15,1012.4,2227,22
317,2025-11-26 14:16:31+05:30,1012.0,5,1001.76,7807021,416862.0,421063.0,986.2,1012.8,981.3,986.2,120527250,1084.8,887.6,1102.5,649.1,1011.9,14,1,1011.8,34,2,1011.7,882,9,1011.6,595,8,1011.5,990,15,1012.0,828,4,1012.1,63,3,1012.2,829,11,1012.3,1482,15,1012.4,2227,22
317,2025-11-26 14:16:31+05:30,1012.0,5,1001.76,7807027,416862.0,420740.0,986.2,1012.8,981.3,986.2,120527250,1084.8,887.6,1102.5,649.1,1011.9,14,1,1011.8,34,2,1011.7,882,9,1011.6,595,8,1011.5,990,15,1012.0,834,5,1012.1,63,3,1012.2,829,11,1012.3,1482,15,1012.4,2198,21
317,2025-11-26 14:16:32+05:30,1012.0,5,1001.76,7807027,416862.0,420740.0,986.2,1012.8,981.3,986.2,120527250,1084.8,887.6,1102.5,649.1,1011.9,14,1,1011.8,34,2,1011.7,882,9,1011.6,595,8,1011.5,990,15,1012.0,834,5,1012.1,63,3,1012.2,829,11,1012.3,1482,15,1012.4,2198,21
317,2025-11-26 14:16:32+05:30,1012.0,5,1001.76,7807036,416862.0,420928.0,986.2,1012.8,981.3,986.2,120527250,1084.8,887.6,1102.5,649.1,1011.9,14,1,1011.8,34,2,1011.7,882,9,1011.6,595,8,1011.5,990,15,1012.0,1022,7,1012.1,63,3,1012.2,829,11,1012.3,1482,15,1012.4,2198,21
317,2025-11-26 14:16:33+05:30,1012.0,14,1001.76,7807036,416862.0,420928.0,986.2,1012.8,981.3,986.2,120527250,1084.8,887.6,1102.5,649.1,1011.9,14,1,1011.8,34,2,1011.7,882,9,1011.6,595,8,1011.5,990,15,1012.0,1022,7,1012.1,63,3,1012.2,829,11,1012.3,1482,15,1012.4,2198,21
317,2025-11-26 14:16:33+05:30,1012.0,14,1001.76,7807073,416931.0,421270.0,986.2,1012.8,981.3,986.2,120527250,1084.8,887.6,1102.5,649.1,1011.9,25,1,1011.8,50,3,1011.7,912,10,1011.6,595,8,1011.5,960,14,1012.0,993,8,1012.1,63,3,1012.2,829,11,1012.3,1482,15,1012.4,2269,22
317,2025-11-26 14:16:34+05:30,1012.0,112,1001.76,7807073,416931.0,421270.0,986.2,1012.8,981.3,986.2,120527250,1084.8,887.6,1102.5,649.1,1011.9,25,1,1011.8,50,3,1011.7,912,10,1011.6,595,8,1011.5,960,14,1012.0,993,8,1012.1,63,3,1012.2,829,11,1012.3,1482,15,1012.4,2269,22
317,2025-11-26 14:16:34+05:30,1012.0,112,1001.76,7807196,416910.0,421197.0,986.2,1012.8,981.3,986.2,120527250,1084.8,887.6,1102.5,649.1,1011.9,14,1,1011.8,62,3,1011.7,912,10,1011.6,565,7,1011.5,990,15,1012.0,921,9,1012.1,62,2,1012.2,829,11,1012.3,1482,15,1012.4,2269,22
317,2025-11-26 14:16:35+05:30,1012.0,2,1001.76,7807196,416910.0,421197.0,986.2,1012.8,981.3,986.2,120527250,1084.8,887.6,1102.5,649.1,1011.9,14,1,1011.8,62,3,1011.7,912,10,1011.6,565,7,1011.5,990,15,1012.0,921,9,1012.1,62,2,1012.2,829,11,1012.3,1482,15,1012.4,2269,22
317,2025-11-26 14:16:35+05:30,1012.0,2,1001.76,7807267,416858.0,421195.0,986.2,1012.8,981.3,986.2,120527250,1084.8,887.6,1102.5,649.1,1011.8,6,1,1011.7,784,9,1011.6,565,7,1011.5,990,15,1011.4,855,15,1012.0,919,9,1012.1,62,2,1012.2,829,11,1012.3,1482,15,1012.4,2302,23
317,2025-11-26 14:16:36+05:30,1012.0,1,1001.76,7807267,416858.0,421195.0,986.2,1012.8,981.3,986.2,120527250,1084.8,887.6,1102.5,649.1,1011.8,6,1,1011.7,784,9,1011.6,565,7,1011.5,990,15,1011.4,855,15,1012.0,919,9,1012.1,62,2,1012.2,829,11,1012.3,1482,15,1012.4,2302,23
317,2025-11-26 14:16:36+05:30,1012.0,1,1001.76,7807268,416831.0,421823.0,986.2,1012.8,981.3,986.2,120527250,1084.8,887.6,1102.5,649.1,1011.8,6,1,1011.7,836,10,1011.6,660,9,1011.5,990,15,1011.4,855,15,1012.0,918,9,1012.1,62,2,1012.2,829,11,1012.3,1482,15,1012.4,2331,24
317,2025-11-26 14:16:37+05:30,1012.0,1,1001.76,7807268,416829.0,421794.0,986.2,1012.8,981.3,986.2,120527250,1084.8,887.6,1102.5,649.1,1011.8,6,1,1011.7,836,10,1011.6,660,9,1011.5,990,15,1011.4,855,15,1012.0,918,9,1012.1,62,2,1012.2,829,11,1012.3,1482,15,1012.4,2302,23
317,2025-11-26 14:16:38+05:30,1012.0,3,1001.76,7807342,416113.0,421770.0,986.2,1012.8,981.3,986.2,120527250,1084.8,887.6,1102.5,649.1,1011.8,9,1,1011.7,808,9,1011.6,578,9,1011.5,931,13,1011.4,855,15,1012.0,907,8,1012.1,62,2,1012.2,936,12,1012.3,1416,13,1012.4,2269,22
317,2025-11-26 14:16:38+05:30,1012.0,3,1001.76,7807342,416113.0,421770.0,986.2,1012.8,981.3,986.2,120527250,1084.8,887.6,1102.5,649.1,1011.8,9,1,1011.7,808,9,1011.6,578,9,1011.5,931,13,1011.4,855,15,1012.0,907,8,1012.1,62,2,1012.2,936,12,1012.3,1416,13,1012.4,2269,22
317,2025-11-26 14:16:39+05:30,1012.0,3,1001.76,7807342,416171.0,421813.0,986.2,1012.8,981.3,986.2,120527250,1084.8,887.6,1102.5,649.1,1011.8,9,1,1011.7,754,8,1011.6,582,9,1011.5,980,15,1011.4,855,15,1011.9,61,2,1012.0,907,8,1012.1,2,1,1012.2,936,12,1012.3,1481,15
317,2025-11-26 14:16:40+05:30,1011.9,1,1001.76,7807344,416217.0,421801.0,986.2,1012.8,981.3,986.2,120527250,1084.8,887.6,1102.5,649.1,1011.8,8,1,1011.7,726,7,1011.6,523,7,1011.5,1013,16,1011.4,855,15,1011.9,61,3,1012.0,908,9,1012.1,2,1,1012.2,920,10,1012.3,1481,15
317,2025-11-26 14:16:40+05:30,1011.9,1,1001.76,7807344,416217.0,421801.0,986.2,1012.8,981.3,986.2,120527250,1084.8,887.6,1102.5,649.1,1011.8,8,1,1011.7,726,7,1011.6,523,7,1011.5,1013,16,1011.4,855,15,1011.9,61,3,1012.0,908,9,1012.1,2,1,1012.2,920,10,1012.3,1481,15
317,2025-11-26 14:16:41+05:30,1011.9,2,1001.76,7807346,416273.0,421793.0,986.2,1012.8,981.3,986.2,120527250,1084.8,887.6,1102.5,649.1,1011.8,13,2,1011.7,782,9,1011.6,549,8,1011.5,983,15,1011.4,855,15,1011.9,59,3,1012.0,908,9,1012.1,23,2,1012.2,920,10,1012.3,1481,15
317,2025-11-26 14:16:41+05:30,1011.9,2,1001.76,7807346,416273.0,421793.0,986.2,1012.8,981.3,986.2,120527250,1084.8,887.6,1102.5,649.1,1011.8,13,2,1011.7,782,9,1011.6,549,8,1011.5,983,15,1011.4,855,15,1011.9,59,3,1012.0,908,9,1012.1,23,2,1012.2,920,10,1012.3,1481,15
317,2025-11-26 14:16:42+05:30,1011.9,2,1001.76,7807346,416273.0,421829.0,986.2,1012.8,981.3,986.2,120527250,1084.8,887.6,1102.5,649.1,1011.8,13,2,1011.7,782,9,1011.6,549,8,1011.5,983,15,1011.4,855,15,1011.9,59,3,1012.0,908,9,1012.1,23,2,1012.2,920,10,1012.3,1481,15
317,2025-11-26 14:16:42+05:30,1011.9,5,1001.76,7807346,416273.0,421829.0,986.2,1012.8,981.3,986.2,120527250,1084.8,887.6,1102.5,649.1,1011.8,13,2,1011.7,782,9,1011.6,549,8,1011.5,983,15,1011.4,855,15,1011.9,59,3,1012.0,908,9,1012.1,23,2,1012.2,920,10,1012.3,1481,15
317,2025-11-26 14:16:43+05:30,1011.9,23,1001.76,7807457,416860.0,421446.0,986.2,1012.8,981.3,986.2,120527250,1084.8,887.6,1102.5,649.1,1011.8,16,2,1011.7,782,9,1011.6,727,11,1011.5,984,15,1011.4,1057,16,1011.9,38,3,1012.0,1031,11,1012.1,23,2,1012.2,920,10,1012.3,1444,14
317,2025-11-26 14:16:43+05:30,1011.9,23,1001.76,7807457,416860.0,421446.0,986.2,1012.8,981.3,986.2,120527250,1084.8,887.6,1102.5,649.1,1011.8,16,2,1011.7,782,9,1011.6,727,11,1011.5,984,15,1011.4,1057,16,1011.9,38,3,1012.0,1031,11,1012.1,23,2,1012.2,920,10,1012.3,1444,14
317,2025-11-26 14:16:44+05:30,1011.9,2,1001.76,7807457,416860.0,421446.0,986.2,1012.8,981.3,986.2,120527250,1084.8,887.6,1102.5,649.1,1011.8,16,2,1011.7,782,9,1011.6,727,11,1011.5,984,15,1011.4,1057,16,1011.9,38,3,1012.0,1031,11,1012.1,23,2,1012.2,920,10,1012.3,1444,14
317,2025-11-26 14:16:44+05:30,1011.9,2,1001.76,7807734,417006.0,420999.0,986.2,1012.8,981.3,986.2,120527250,1084.8,887.6,1102.5,649.1,1011.9,30,2,1011.7,776,9,1011.6,897,14,1011.5,959,14,1011.4,1343,16,1012.0,1028,11,1012.1,23,2,1012.2,714,9,1012.3,1309,12,1012.4,2145,21
317,2025-11-26 14:16:45+05:30,1012.0,3,1001.76,7807734,417006.0,420999.0,986.2,1012.8,981.3,986.2,120527250,1084.8,887.6,1102.5,649.1,1011.9,30,2,1011.7,776,9,1011.6,897,14,1011.5,959,14,1011.4,1343,16,1012.0,1028,11,1012.1,23,2,1012.2,714,9,1012.3,1309,12,1012.4,2145,21
317,2025-11-26 14:16:45+05:30,1012.0,3,1001.76,7807737,417045.0,421011.0,986.2,1012.8,981.3,986.2,120527250,1084.8,887.6,1102.5,649.1,1011.9,21,1,1011.7,776,9,1011.6,905,15,1011.5,959,14,1011.4,1383,17,1012.0,1025,11,1012.1,23,2,1012.2,701,8,1012.3,1337,13,1012.4,2143,20
317,2025-11-26 14:16:46+05:30,1012.0,2,1001.76,7807737,417045.0,421011.0,986.2,1012.8,981.3,986.2,120527250,1084.8,887.6,1102.5,649.1,1011.9,21,1,1011.7,776,9,1011.6,905,15,1011.5,959,14,1011.4,1383,17,1012.0,1025,11,1012.1,23,2,1012.2,701,8,1012.3,1337,13,1012.4,2143,20
317,2025-11-26 14:16:46+05:30,1012.0,2,1001.76,7807995,416234.0,421279.0,986.2,1012.8,981.3,986.2,120527250,1084.8,887.6,1102.5,649.1,1011.7,609,7,1011.6,660,11,1011.5,988,15,1011.4,1387,17,1011.3,797,10,1012.0,1023,12,1012.1,23,2,1012.2,1145,12,1012.3,1060,13,1012.4,2130,19
317,2025-11-26 14:16:47+05:30,1012.0,2,1001.76,7807995,416256.0,421279.0,986.2,1012.8,981.3,986.2,120527250,1084.8,887.6,1102.5,649.1,1011.8,29,1,1011.7,602,8,1011.6,716,13,1011.5,959,14,1011.4,1387,17,1012.0,1023,12,1012.1,23,2,1012.2,820,10,1012.3,1358,14,1012.4,2130,19
317,2025-11-26 14:16:48+05:30,1012.0,5,1001.76,7808127,416216.0,421343.0,986.2,1012.8,981.3,986.2,120527250,1084.8,887.6,1102.5,649.1,1011.8,29,1,1011.7,533,8,1011.6,716,13,1011.5,959,14,1011.4,816,15,1012.0,1018,12,1012.1,23,2,1012.2,820,10,1012.3,1358,14,1012.4,2199,20
317,2025-11-26 14:16:48+05:30,1012.0,5,1001.76,7808127,416216.0,421343.0,986.2,1012.8,981.3,986.2,120527250,1084.8,887.6,1102.5,649.1,1011.8,29,1,1011.7,533,8,1011.6,716,13,1011.5,959,14,1011.4,816,15,1012.0,1018,12,1012.1,23,2,1012.2,820,10,1012.3,1358,14,1012.4,2199,20
317,2025-11-26 14:16:49+05:30,1012.0,64,1001.76,7808578,413332.0,422030.0,986.2,1012.8,981.3,986.2,120527250,1084.8,887.6,1102.5,649.1,1011.7,61,6,1011.6,200,3,1011.5,618,8,1011.4,694,8,1011.3,1382,12,1012.0,994,13,1012.1,352,7,1012.2,1382,15,1012.3,1057,12,1012.4,2237,23
317,2025-11-26 14:16:49+05:30,1011.7,10,1001.76,7808578,413332.0,422030.0,986.2,1012.8,981.3,986.2,120527250,1084.8,887.6,1102.5,649.1,1011.7,61,6,1011.6,200,3,1011.5,618,8,1011.4,694,8,1011.3,1382,12,1012.0,994,13,1012.1,352,7,1012.2,1382,15,1012.3,1057,12,1012.4,2237,23
317,2025-11-26 14:16:50+05:30,1011.9,1,1001.76,7808834,414434.0,422413.0,986.2,1012.8,981.3,986.2,120527250,1084.8,887.6,1102.5,649.1,1011.7,30,4,1011.6,137,3,1011.5,630,9,1011.4,447,7,1011.3,1395,13,1011.9,4,1,1012.0,1188,15,1012.1,445,7,1012.2,1384,15,1012.3,1170,14
317,2025-11-26 14:16:50+05:30,1011.7,31,1001.76,7808834,414434.0,422413.0,986.2,1012.8,981.3,986.2,120527250,1084.8,887.6,1102.5,649.1,1011.7,30,4,1011.6,137,3,1011.5,630,9,1011.4,447,7,1011.3,1395,13,1011.9,4,1,1012.0,1188,15,1012.1,445,7,1012.2,1384,15,1012.3,1170,14
317,2025-11-26 14:16:51+05:30,1011.7,37,1001.76,7809099,413251.0,423501.0,986.2,1012.8,981.3,986.2,120527250,1084.8,887.6,1102.5,649.1,1011.6,130,3,1011.5,381,5,1011.4,775,4,1011.3,1186,6,1011.2,781,12,1011.7,90,1,1011.9,207,2,1012.0,1226,16,1012.1,1284,11,1012.2,1058,13
317,2025-11-26 14:16:51+05:30,1011.6,3,1001.76,7809099,413251.0,423501.0,986.2,1012.8,981.3,986.2,120527250,1084.8,887.6,1102.5,649.1,1011.6,130,3,1011.5,381,5,1011.4,775,4,1011.3,1186,6,1011.2,781,12,1011.7,90,1,1011.9,207,2,1012.0,1226,16,1012.1,1284,11,1012.2,1058,13
317,2025-11-26 14:16:52+05:30,1011.6,127,1001.76,7809572,414235.0,421725.0,986.2,1012.8,981.3,986.2,120527250,1084.8,887.6,1102.5,649.1,1011.6,850,5,1011.5,391,7,1011.4,924,7,1011.3,720,8,1011.2,1497,17,1012.0,925,13,1012.1,405,6,1012.2,1091,13,1012.3,1383,15,1012.4,1979,17
317,2025-11-26 14:16:52+05:30,1012.0,5,1001.76,7809572,414235.0,421725.0,986.2,1012.8,981.3,986.2,120527250,1084.8,887.6,1102.5,649.1,1011.6,850,5,1011.5,391,7,1011.4,924,7,1011.3,720,8,1011.2,1497,17,1012.0,925,13,1012.1,405,6,1012.2,1091,13,1012.3,1383,15,1012.4,1979,17
317,2025-11-26 14:16:53+05:30,1011.6,127,1001.76,7809987,413160.0,422003.0,986.2,1012.8,981.3,986.2,120527250,1084.8,887.6,1102.5,649.1,1011.6,439,4,1011.5,490,8,1011.4,445,7,1011.3,961,9,1011.2,1357,17,1012.0,1200,20,1012.1,982,10,1012.2,1435,17,1012.3,1458,13,1012.4,1293,17
317,2025-11-26 14:16:53+05:30,1011.6,6,1001.76,7809987,413160.0,422003.0,986.2,1012.8,981.3,986.2,120527250,1084.8,887.6,1102.5,649.1,1011.6,439,4,1011.5,490,8,1011.4,445,7,1011.3,961,9,1011.2,1357,17,1012.0,1200,20,1012.1,982,10,1012.2,1435,17,1012.3,1458,13,1012.4,1293,17
317,2025-11-26 14:16:54+05:30,1011.5,14,1001.76,7810482,412786.0,422807.0,986.2,1012.8,981.3,986.2,120527250,1084.8,887.6,1102.5,649.1,1011.5,23,2,1011.4,170,4,1011.3,947,7,1011.2,1541,12,1011.1,801,11,1011.8,5,1,1011.9,440,3,1012.0,1275,21,1012.1,871,11,1012.2,1134,15
317,2025-11-26 14:16:54+05:30,1011.6,16,1001.76,7810482,412786.0,422807.0,986.2,1012.8,981.3,986.2,120527250,1084.8,887.6,1102.5,649.1,1011.5,23,2,1011.4,170,4,1011.3,947,7,1011.2,1541,12,1011.1,801,11,1011.8,5,1,1011.9,440,3,1012.0,1275,21,1012.1,871,11,1012.2,1134,15
317,2025-11-26 14:16:55+05:30,1011.6,12,1001.76,7810687,412207.0,425082.0,986.2,1012.8,981.3,986.2,120527250,1084.8,887.6,1102.5,649.1,1011.5,23,2,1011.4,50,3,1011.3,892,5,1011.2,1590,14,1011.1,566,8,1011.6,51,1,1011.8,5,1,1011.9,542,4,1012.0,1376,24,1012.1,869,11
317,2025-11-26 14:16:55+05:30,1011.6,12,1001.76,7810687,412207.0,425082.0,986.2,1012.8,981.3,986.2,120527250,1084.8,887.6,1102.5,649.1,1011.5,23,2,1011.4,50,3,1011.3,892,5,1011.2,1590,14,1011.1,566,8,1011.6,51,1,1011.8,5,1,1011.9,542,4,1012.0,1376,24,1012.1,869,11
317,2025-11-26 14:16:56+05:30,1011.5,82,1001.76,7810993,411789.0,423972.0,986.2,1012.8,981.3,986.2,120527250,1084.8,887.6,1102.5,649.1,1011.5,4,1,1011.4,6,1,1011.3,744,5,1011.2,1469,11,1011.1,664,11,1011.8,251,2,1011.9,624,6,1012.0,1319,23,1012.1,861,10,1012.2,1939,17
317,2025-11-26 14:16:56+05:30,1011.5,79,1001.76,7810993,411789.0,423972.0,986.2,1012.8,981.3,986.2,120527250,1084.8,887.6,1102.5,649.1,1011.5,4,1,1011.4,6,1,1011.3,744,5,1011.2,1469,11,1011.1,664,11,1011.8,251,2,1011.9,624,6,1012.0,1319,23,1012.1,861,10,1012.2,1939,17
317,2025-11-26 14:16:57+05:30,1011.9,12,1001.76,7811298,412763.0,423448.0,986.2,1012.8,981.3,986.2,120527250,1084.8,887.6,1102.5,649.1,1011.5,37,2,1011.4,101,3,1011.3,1218,8,1011.2,1508,11,1011.1,651,10,1011.9,371,3,1012.0,1306,22,1012.1,841,10,1012.2,1935,16,1012.3,713,13
317,2025-11-26 14:16:57+05:30,1011.9,12,1001.76,7811298,412763.0,423448.0,986.2,1012.8,981.3,986.2,120527250,1084.8,887.6,1102.5,649.1,1011.5,37,2,1011.4,101,3,1011.3,1218,8,1011.2,1508,11,1011.1,651,10,1011.9,371,3,1012.0,1306,22,1012.1,841,10,1012.2,1935,16,1012.3,713,13
317,2025-11-26 14:16:58+05:30,1011.9,3,1001.76,7811500,412358.0,423518.0,986.2,1012.8,981.3,986.2,120527250,1084.8,887.6,1102.5,649.1,1011.5,9,1,1011.4,11,2,1011.3,680,5,1011.2,1509,11,1011.1,652,10,1011.9,368,3,1012.0,1343,24,1012.1,828,9,1012.2,1932,15,1012.3,713,13
317,2025-11-26 14:16:58+05:30,1011.9,3,1001.76,7811500,412358.0,423518.0,986.2,1012.8,981.3,986.2,120527250,1084.8,887.6,1102.5,649.1,1011.5,9,1,1011.4,11,2,1011.3,680,5,1011.2,1509,11,1011.1,652,10,1011.9,368,3,1012.0,1343,24,1012.1,828,9,1012.2,1932,15,1012.3,713,13
317,2025-11-26 14:16:59+05:30,1011.5,4,1001.76,7811547,411889.0,425717.0,986.2,1012.8,981.3,986.2,120527250,1084.8,887.6,1102.5,649.1,1011.4,50,3,1011.3,96,3,1011.2,1201,8,1011.1,1119,10,1011.0,2162,20,1011.5,81,1,1011.7,75,2,1011.8,391,3,1011.9,542,9,1012.0,1634,22
317,2025-11-26 14:16:59+05:30,1011.4,3,1001.76,7811547,411889.0,425717.0,986.2,1012.8,981.3,986.2,120527250,1084.8,887.6,1102.5,649.1,1011.4,50,3,1011.3,96,3,1011.2,1201,8,1011.1,1119,10,1011.0,2162,20,1011.5,81,1,1011.7,75,2,1011.8,391,3,1011.9,542,9,1012.0,1634,22
317,2025-11-26 14:17:00+05:30,1011.4,128,1001.76,7811892,412701.0,423839.0,986.2,1012.8,981.3,986.2,120527250,1084.8,887.6,1102.5,649.1,1011.4,684,6,1011.3,901,8,1011.2,780,12,1011.1,626,9,1011.0,2149,19,1011.7,69,1,1011.9,516,7,1012.0,1331,22,1012.1,892,11,1012.2,1937,16
317,2025-11-26 14:17:00+05:30,1011.4,127,1001.76,7811892,412701.0,423839.0,986.2,1012.8,981.3,986.2,120527250,1084.8,887.6,1102.5,649.1,1011.4,684,6,1011.3,901,8,1011.2,780,12,1011.1,626,9,1011.0,2149,19,1011.7,69,1,1011.9,516,7,1012.0,1331,22,1012.1,892,11,1012.2,1937,16
317,2025-11-26 14:17:01+05:30,1011.7,1,1001.76,7812020,412831.0,423820.0,986.2,1012.8,981.3,986.2,120527250,1084.8,887.6,1102.5,649.1,1011.4,557,6,1011.3,777,7,1011.2,780,12,1011.1,852,11,1011.0,2178,20,1011.7,68,1,1011.9,477,7,1012.0,1331,22,1012.1,867,10,1012.2,1937,16
317,2025-11-26 14:17:01+05:30,1011.7,1,1001.76,7812020,412831.0,423820.0,986.2,1012.8,981.3,986.2,120527250,1084.8,887.6,1102.5,649.1,1011.4,557,6,1011.3,777,7,1011.2,780,12,1011.1,852,11,1011.0,2178,20,1011.7,68,1,1011.9,477,7,1012.0,1331,22,1012.1,867,10,1012.2,1937,16
317,2025-11-26 14:17:02+05:30,1011.4,100,1001.76,7812249,412574.0,424267.0,986.2,1012.8,981.3,986.2,120527250,1084.8,887.6,1102.5,649.1,1011.4,329,6,1011.3,901,8,1011.2,780,12,1011.1,852,11,1011.0,2178,20,1011.7,67,1,1011.9,341,7,1012.0,1319,21,1012.1,1438,11,1012.2,1937,16
317,2025-11-26 14:17:02+05:30,1011.7,4,1001.76,7812249,412574.0,424267.0,986.2,1012.8,981.3,986.2,120527250,1084.8,887.6,1102.5,649.1,1011.4,329,6,1011.3,901,8,1011.2,780,12,1011.1,852,11,1011.0,2178,20,1011.7,67,1,1011.9,341,7,1012.0,1319,21,1012.1,1438,11,1012.2,1937,16
317,2025-11-26 14:17:03+05:30,1011.7,4,1001.76,7812557,411806.0,423984.0,986.2,1012.8,981.3,986.2,120527250,1084.8,887.6,1102.5,649.1,1011.4,6,1,1011.3,796,9,1011.2,758,12,1011.1,839,10,1011.0,2526,22,1011.7,23,1,1011.8,231,4,1011.9,306,6,1012.0,1274,19,1012.1,1451,11
317,2025-11-26 14:17:03+05:30,1011.4,11,1001.76,7812557,411806.0,423984.0,986.2,1012.8,981.3,986.2,120527250,1084.8,887.6,1102.5,649.1,1011.4,6,1,1011.3,796,9,1011.2,758,12,1011.1,839,10,1011.0,2526,22,1011.7,23,1,1011.8,231,4,1011.9,306,6,1012.0,1274,19,1012.1,1451,11
317,2025-11-26 14:17:04+05:30,1011.7,18,1001.76,7813377,413908.0,422788.0,986.2,1012.8,981.3,986.2,120527250,1084.8,887.6,1102.5,649.1,1011.7,5,1,1011.6,116,3,1011.5,14,2,1011.4,443,6,1011.3,1549,11,1011.8,102,2,1011.9,14,3,1012.0,1192,17,1012.1,506,8,1012.2,2129,15
317,2025-11-26 14:17:04+05:30,1011.7,77,1001.76,7813377,413908.0,422788.0,986.2,1012.8,981.3,986.2,120527250,1084.8,887.6,1102.5,649.1,1011.7,5,1,1011.6,116,3,1011.5,14,2,1011.4,443,6,1011.3,1549,11,1011.8,102,2,1011.9,14,3,1012.0,1192,17,1012.1,506,8,1012.2,2129,15
317,2025-11-26 14:17:05+05:30,1011.8,2,1001.77,7813811,413934.0,423629.0,986.2,1012.8,981.3,986.2,120527250,1084.8,887.6,1102.5,649.1,1011.6,118,3,1011.5,29,3,1011.4,323,5,1011.3,1388,10,1011.2,905,13,1011.8,100,2,1011.9,689,5,1012.0,1192,17,1012.1,804,9,1012.2,1800,13
317,2025-11-26 14:17:05+05:30,1011.8,2,1001.77,7813811,413934.0,423629.0,986.2,1012.8,981.3,986.2,120527250,1084.8,887.6,1102.5,649.1,1011.6,118,3,1011.5,29,3,1011.4,323,5,1011.3,1388,10,1011.2,905,13,1011.8,100,2,1011.9,689,5,1012.0,1192,17,1012.1,804,9,1012.2,1800,13
317,2025-11-26 14:17:06+05:30,1011.8,1,1001.77,7813812,413930.0,423668.0,986.2,1012.8,981.3,986.2,120527250,1084.8,887.6,1102.5,649.1,1011.6,118,3,1011.5,29,3,1011.4,323,5,1011.3,1388,10,1011.2,905,13,1011.8,99,2,1011.9,689,5,1012.0,1192,17,1012.1,506,8,1012.2,2098,14
317,2025-11-26 14:17:06+05:30,1011.8,1,1001.77,7813812,413930.0,423668.0,986.2,1012.8,981.3,986.2,120527250,1084.8,887.6,1102.5,649.1,1011.6,118,3,1011.5,29,3,1011.4,323,5,1011.3,1388,10,1011.2,905,13,1011.8,99,2,1011.9,689,5,1012.0,1192,17,1012.1,506,8,1012.2,2098,14
317,2025-11-26 14:17:06+05:30,1011.6,13,1001.77,7813812,413930.0,423668.0,986.2,1012.8,981.3,986.2,120527250,1084.8,887.6,1102.5,649.1,1011.6,118,3,1011.5,29,3,1011.4,323,5,1011.3,1388,10,1011.2,905,13,1011.8,99,2,1011.9,689,5,1012.0,1192,17,1012.1,506,8,1012.2,2098,14
317,2025-11-26 14:17:07+05:30,1011.6,13,1001.77,7814587,412297.0,425813.0,986.2,1012.8,981.3,986.2,120527250,1084.8,887.6,1102.5,649.1,1011.5,3,1,1011.4,58,2,1011.3,883,5,1011.2,1118,9,1011.1,621,10,1011.6,115,1,1011.8,317,5,1011.9,906,7,1012.0,1737,24,1012.1,579,10
317,2025-11-26 14:17:07+05:30,1011.6,13,1001.77,7814587,412297.0,425813.0,986.2,1012.8,981.3,986.2,120527250,1084.8,887.6,1102.5,649.1,1011.5,3,1,1011.4,58,2,1011.3,883,5,1011.2,1118,9,1011.1,621,10,1011.6,115,1,1011.8,317,5,1011.9,906,7,1012.0,1737,24,1012.1,579,10
317,2025-11-26 14:17:07+05:30,1011.3,20,1001.77,7814587,412297.0,425813.0,986.2,1012.8,981.3,986.2,120527250,1084.8,887.6,1102.5,649.1,1011.5,3,1,1011.4,58,2,1011.3,883,5,1011.2,1118,9,1011.1,621,10,1011.6,115,1,1011.8,317,5,1011.9,906,7,1012.0,1737,24,1012.1,579,10
317,2025-11-26 14:17:08+05:30,1011.5,92,1001.77,7814829,411627.0,424348.0,986.2,1012.8,981.3,986.2,120527250,1084.8,887.6,1102.5,649.1,1011.5,25,1,1011.4,94,5,1011.3,876,6,1011.2,1246,11,1011.1,596,9,1011.8,115,4,1011.9,885,8,1012.0,1255,18,1012.1,848,10,1012.2,1898,15
317,2025-11-26 14:17:08+05:30,1011.5,92,1001.77,7814829,411627.0,424348.0,986.2,1012.8,981.3,986.2,120527250,1084.8,887.6,1102.5,649.1,1011.5,25,1,1011.4,94,5,1011.3,876,6,1011.2,1246,11,1011.1,596,9,1011.8,115,4,1011.9,885,8,1012.0,1255,18,1012.1,848,10,1012.2,1898,15
317,2025-11-26 14:17:08+05:30,1011.5,56,1001.77,7814829,411627.0,424348.0,986.2,1012.8,981.3,986.2,120527250,1084.8,887.6,1102.5,649.1,1011.5,25,1,1011.4,94,5,1011.3,876,6,1011.2,1246,11,1011.1,596,9,1011.8,115,4,1011.9,885,8,1012.0,1255,18,1012.1,848,10,1012.2,1898,15
317,2025-11-26 14:17:09+05:30,1011.5,56,1001.77,7814829,411627.0,424348.0,986.2,1012.8,981.3,986.2,120527250,1084.8,887.6,1102.5,649.1,1011.5,25,1,1011.4,94,5,1011.3,876,6,1011.2,1246,11,1011.1,596,9,1011.8,115,4,1011.9,885,8,1012.0,1255,18,1012.1,848,10,1012.2,1898,15
317,2025-11-26 14:17:09+05:30,1011.5,56,1001.77,7815092,412885.0,424483.0,986.2,1012.8,981.3,986.2,120527250,1084.8,887.6,1102.5,649.1,1011.4,64,4,1011.3,905,7,1011.2,797,13,1011.1,1078,10,1011.0,2572,26,1011.6,67,1,1011.8,98,4,1011.9,873,6,1012.0,1117,16,1012.1,877,10
317,2025-11-26 14:17:09+05:30,1011.5,56,1001.77,7815092,412885.0,424483.0,986.2,1012.8,981.3,986.2,120527250,1084.8,887.6,1102.5,649.1,1011.4,64,4,1011.3,905,7,1011.2,797,13,1011.1,1078,10,1011.0,2572,26,1011.6,67,1,1011.8,98,4,1011.9,873,6,1012.0,1117,16,1012.1,877,10
317,2025-11-26 14:17:09+05:30,1011.6,10,1001.77,7815092,412885.0,424483.0,986.2,1012.8,981.3,986.2,120527250,1084.8,887.6,1102.5,649.1,1011.4,64,4,1011.3,905,7,1011.2,797,13,1011.1,1078,10,1011.0,2572,26,1011.6,67,1,1011.8,98,4,1011.9,873,6,1012.0,1117,16,1012.1,877,10
317,2025-11-26 14:17:09+05:30,1011.6,10,1001.77,7815092,412885.0,424483.0,986.2,1012.8,981.3,986.2,120527250,1084.8,887.6,1102.5,649.1,1011.4,64,4,1011.3,905,7,1011.2,797,13,1011.1,1078,10,1011.0,2572,26,1011.6,67,1,1011.8,98,4,1011.9,873,6,1012.0,1117,16,1012.1,877,10
317,2025-11-26 14:17:10+05:30,1011.6,10,1001.77,7815092,412885.0,424483.0,986.2,1012.8,981.3,986.2,120527250,1084.8,887.6,1102.5,649.1,1011.4,64,4,1011.3,905,7,1011.2,797,13,1011.1,1078,10,1011.0,2572,26,1011.6,67,1,1011.8,98,4,1011.9,873,6,1012.0,1117,16,1012.1,877,10
317,2025-11-26 14:17:10+05:30,1011.6,2,1001.77,7815359,412976.0,423972.0,986.2,1012.8,981.3,986.2,120527250,1084.8,887.6,1102.5,649.1,1011.4,9,1,1011.3,905,7,1011.2,819,14,1011.1,1078,10,1011.0,2572,26,1011.6,58,4,1011.8,222,5,1011.9,871,4,1012.0,1915,18,1012.1,579,9
317,2025-11-26 14:17:10+05:30,1011.6,2,1001.77,7815359,412976.0,423972.0,986.2,1012.8,981.3,986.2,120527250,1084.8,887.6,1102.5,649.1,1011.4,9,1,1011.3,905,7,1011.2,819,14,1011.1,1078,10,1011.0,2572,26,1011.6,58,4,1011.8,222,5,1011.9,871,4,1012.0,1915,18,1012.1,579,9
317,2025-11-26 14:17:10+05:30,1011.6,2,1001.77,7815359,412976.0,423972.0,986.2,1012.8,981.3,986.2,120516750,1084.8,887.6,1102.5,649.1,1011.4,9,1,1011.3,905,7,1011.2,819,14,1011.1,1078,10,1011.0,2572,26,1011.6,58,4,1011.8,222,5,1011.9,871,4,1012.0,1915,18,1012.1,579,9
317,2025-11-26 14:17:10+05:30,1011.4,119,1001.77,7815359,412976.0,423972.0,986.2,1012.8,981.3,986.2,120516750,1084.8,887.6,1102.5,649.1,1011.4,9,1,1011.3,905,7,1011.2,819,14,1011.1,1078,10,1011.0,2572,26,1011.6,58,4,1011.8,222,5,1011.9,871,4,1012.0,1915,18,1012.1,579,9
317,2025-11-26 14:17:10+05:30,1011.4,119,1001.77,7815359,412976.0,423972.0,986.2,1012.8,981.3,986.2,120516750,1084.8,887.6,1102.5,649.1,1011.4,9,1,1011.3,905,7,1011.2,819,14,1011.1,1078,10,1011.0,2572,26,1011.6,58,4,1011.8,222,5,1011.9,871,4,1012.0,1915,18,1012.1,579,9
317,2025-11-26 14:17:11+05:30,1011.4,119,1001.77,7815359,412976.0,423972.0,986.2,1012.8,981.3,986.2,120516750,1084.8,887.6,1102.5,649.1,1011.4,9,1,1011.3,905,7,1011.2,819,14,1011.1,1078,10,1011.0,2572,26,1011.6,58,4,1011.8,222,5,1011.9,871,4,1012.0,1915,18,1012.1,579,9
317,2025-11-26 14:17:11+05:30,1011.4,128,1001.77,7815617,412850.0,424521.0,986.2,1012.8,981.3,986.2,120516750,1084.8,887.6,1102.5,649.1,1011.4,560,5,1011.3,184,7,1011.2,819,14,1011.1,1090,10,1011.0,2604,27,1011.6,56,4,1011.8,222,5,1011.9,778,4,1012.0,1617,17,1012.1,877,10
317,2025-11-26 14:17:11+05:30,1011.4,128,1001.77,7815617,412850.0,424521.0,986.2,1012.8,981.3,986.2,120516750,1084.8,887.6,1102.5,649.1,1011.4,560,5,1011.3,184,7,1011.2,819,14,1011.1,1090,10,1011.0,2604,27,1011.6,56,4,1011.8,222,5,1011.9,778,4,1012.0,1617,17,1012.1,877,10
317,2025-11-26 14:17:11+05:30,1011.4,127,1001.77,7815617,412850.0,424521.0,986.2,1012.8,981.3,986.2,120516750,1084.8,887.6,1102.5,649.1,1011.4,560,5,1011.3,184,7,1011.2,819,14,1011.1,1090,10,1011.0,2604,27,1011.6,56,4,1011.8,222,5,1011.9,778,4,1012.0,1617,17,1012.1,877,10
317,2025-11-26 14:17:12+05:30,1011.6,45,1001.77,7816100,411567.0,424685.0,986.2,1012.8,981.3,986.2,120516750,1084.8,887.6,1102.5,649.1,1011.4,37,3,1011.3,96,4,1011.2,761,13,1011.1,583,8,1011.0,2512,21,1011.6,22,1,1011.7,87,1,1011.8,385,8,1011.9,1025,7,1012.0,2027,21
317,2025-11-26 14:17:12+05:30,1011.4,36,1001.77,7816100,411567.0,424685.0,986.2,1012.8,981.3,986.2,120516750,1084.8,887.6,1102.5,649.1,1011.4,37,3,1011.3,96,4,1011.2,761,13,1011.1,583,8,1011.0,2512,21,1011.6,22,1,1011.7,87,1,1011.8,385,8,1011.9,1025,7,1012.0,2027,21
317,2025-11-26 14:17:13+05:30,1011.8,52,1001.77,7817614,411833.0,422642.0,986.2,1012.8,981.3,986.2,120516750,1084.8,887.6,1102.5,649.1,1011.5,39,2,1011.4,978,4,1011.3,1005,11,1011.2,845,14,1011.1,839,10,1011.8,85,4,1011.9,264,4,1012.0,1805,18,1012.1,830,11,1012.2,1447,14
317,2025-11-26 14:17:13+05:30,1011.5,88,1001.77,7817614,411833.0,422642.0,986.2,1012.8,981.3,986.2,120516750,1084.8,887.6,1102.5,649.1,1011.5,39,2,1011.4,978,4,1011.3,1005,11,1011.2,845,14,1011.1,839,10,1011.8,85,4,1011.9,264,4,1012.0,1805,18,1012.1,830,11,1012.2,1447,14
317,2025-11-26 14:17:14+05:30,1011.8,18,1001.77,7817819,413354.0,422511.0,986.2,1012.8,981.3,986.2,120516750,1084.8,887.6,1102.5,649.1,1011.5,96,4,1011.4,979,7,1011.3,1111,10,1011.2,810,14,1011.1,1041,11,1011.8,71,3,1011.9,50,1,1012.0,1617,17,1012.1,1066,13,1012.2,1113,12
317,2025-11-26 14:17:14+05:30,1011.6,112,1001.77,7817819,413354.0,422511.0,986.2,1012.8,981.3,986.2,120516750,1084.8,887.6,1102.5,649.1,1011.5,96,4,1011.4,979,7,1011.3,1111,10,1011.2,810,14,1011.1,1041,11,1011.8,71,3,1011.9,50,1,1012.0,1617,17,1012.1,1066,13,1012.2,1113,12
317,2025-11-26 14:17:15+05:30,1011.8,2,1001.77,7817952,412955.0,423315.0,986.2,1012.8,981.3,986.2,120516750,1084.8,887.6,1102.5,649.1,1011.5,19,2,1011.4,988,7,1011.3,1109,11,1011.2,783,13,1011.1,839,10,1011.8,66,3,1011.9,323,4,1012.0,1728,18,1012.1,892,13,1012.2,1716,14
317,2025-11-26 14:17:15+05:30,1011.8,2,1001.77,7817952,412955.0,423315.0,986.2,1012.8,981.3,986.2,120516750,1084.8,887.6,1102.5,649.1,1011.5,19,2,1011.4,988,7,1011.3,1109,11,1011.2,783,13,1011.1,839,10,1011.8,66,3,1011.9,323,4,1012.0,1728,18,1012.1,892,13,1012.2,1716,14
317,2025-11-26 14:17:16+05:30,1011.5,55,1001.77,7818208,412506.0,423186.0,986.2,1012.8,981.3,986.2,120516750,1084.8,887.6,1102.5,649.1,1011.5,47,2,1011.4,846,5,1011.3,374,8,1011.2,1328,14,1011.1,839,10,1011.8,54,2,1011.9,739,5,1012.0,1728,18,1012.1,600,13,1012.2,1410,13
317,2025-11-26 14:17:16+05:30,1011.5,55,1001.77,7818208,412506.0,423186.0,986.2,1012.8,981.3,986.2,120516750,1084.8,887.6,1102.5,649.1,1011.5,47,2,1011.4,846,5,1011.3,374,8,1011.2,1328,14,1011.1,839,10,1011.8,54,2,1011.9,739,5,1012.0,1728,18,1012.1,600,13,1012.2,1410,13
317,2025-11-26 14:17:17+05:30,1011.5,80,1001.77,7818463,412328.0,423197.0,986.2,1012.8,981.3,986.2,120516750,1084.8,887.6,1102.5,649.1,1011.5,47,2,1011.4,853,6,1011.3,305,7,1011.2,783,14,1011.1,1366,11,1011.8,55,3,1011.9,928,7,1012.0,1818,19,1012.1,600,13,1012.2,1410,13
317,2025-11-26 14:17:17+05:30,1011.4,128,1001.77,7818463,412328.0,423197.0,986.2,1012.8,981.3,986.2,120516750,1084.8,887.6,1102.5,649.1,1011.5,47,2,1011.4,853,6,1011.3,305,7,1011.2,783,14,1011.1,1366,11,1011.8,55,3,1011.9,928,7,1012.0,1818,19,1012.1,600,13,1012.2,1410,13
317,2025-11-26 14:17:18+05:30,1011.4,127,1001.77,7819151,412078.0,423347.0,986.2,1012.8,981.3,986.2,120516750,1084.8,887.6,1102.5,649.1,1011.4,402,5,1011.3,802,6,1011.2,778,14,1011.1,774,9,1011.0,2581,22,1011.8,55,3,1011.9,966,7,1012.0,1902,21,1012.1,934,15,1012.2,1148,13
317,2025-11-26 14:17:18+05:30,1011.4,12,1001.77,7819151,412078.0,423347.0,986.2,1012.8,981.3,986.2,120516750,1084.8,887.6,1102.5,649.1,1011.4,402,5,1011.3,802,6,1011.2,778,14,1011.1,774,9,1011.0,2581,22,1011.8,55,3,1011.9,966,7,1012.0,1902,21,1012.1,934,15,1012.2,1148,13
317,2025-11-26 14:17:19+05:30,1011.4,17,1001.77,7819861,411762.0,424455.0,986.2,1012.8,981.3,986.2,120516750,1084.8,887.6,1102.5,649.1,1011.4,43,2,1011.3,628,6,1011.2,642,12,1011.1,805,9,1011.0,2195,20,1011.6,88,1,1011.8,435,5,1011.9,1017,8,1012.0,2116,20,1012.1,642,14
317,2025-11-26 14:17:19+05:30,1011.6,132,1001.77,7819861,411762.0,424455.0,986.2,1012.8,981.3,986.2,120516750,1084.8,887.6,1102.5,649.1,1011.4,43,2,1011.3,628,6,1011.2,642,12,1011.1,805,9,1011.0,2195,20,1011.6,88,1,1011.8,435,5,1011.9,1017,8,1012.0,2116,20,1012.1,642,14
317,2025-11-26 14:17:20+05:30,1011.6,132,1001.77,7820887,411078.0,425200.0,986.2,1012.8,981.3,986.2,120516750,1084.8,887.6,1102.5,649.1,1011.3,640,6,1011.2,607,12,1011.1,608,7,1011.0,2279,21,1010.9,1063,15,1011.6,88,1,1011.8,349,5,1011.9,1061,9,1012.0,2166,21,1012.1,680,15
317,2025-11-26 14:17:20+05:30,1011.3,1,1001.77,7820887,411078.0,425200.0,986.2,1012.8,981.3,986.2,120516750,1084.8,887.6,1102.5,649.1,1011.3,640,6,1011.2,607,12,1011.1,608,7,1011.0,2279,21,1010.9,1063,15,1011.6,88,1,1011.8,349,5,1011.9,1061,9,1012.0,2166,21,1012.1,680,15
317,2025-11-26 14:17:21+05:30,1011.6,1,1001.77,7821273,412142.0,425193.0,986.2,1012.8,981.3,986.2,120516750,1084.8,887.6,1102.5,649.1,1011.3,165,6,1011.2,1959,15,1011.1,589,7,1011.0,2280,21,1010.9,1061,15,1011.6,85,1,1011.8,258,3,1011.9,1005,10,1012.0,2229,25,1012.1,667,14
317,2025-11-26 14:17:21+05:30,1011.3,78,1001.77,7821273,412142.0,425193.0,986.2,1012.8,981.3,986.2,120516750,1084.8,887.6,1102.5,649.1,1011.3,165,6,1011.2,1959,15,1011.1,589,7,1011.0,2280,21,1010.9,1061,15,1011.6,85,1,1011.8,258,3,1011.9,1005,10,1012.0,2229,25,1012.1,667,14
317,2025-11-26 14:17:22+05:30,1011.3,78,1001.78,7821911,411973.0,426163.0,986.2,1012.8,981.3,986.2,120516750,1084.8,887.6,1102.5,649.1,1011.3,109,5,1011.2,1106,11,1011.1,642,9,1011.0,2073,19,1010.9,1061,15,1011.5,5,1,1011.6,85,1,1011.7,415,4,1011.8,304,4,1011.9,1031,9
317,2025-11-26 14:17:22+05:30,1011.5,1,1001.78,7821911,411973.0,426163.0,986.2,1012.8,981.3,986.2,120516750,1084.8,887.6,1102.5,649.1,1011.3,109,5,1011.2,1106,11,1011.1,642,9,1011.0,2073,19,1010.9,1061,15,1011.5,5,1,1011.6,85,1,1011.7,415,4,1011.8,304,4,1011.9,1031,9
317,2025-11-26 14:17:22+05:30,1011.5,1,1001.78,7822049,412104.0,425128.0,986.2,1012.8,981.3,986.2,120516750,1084.8,887.6,1102.5,649.1,1011.5,4,2,1011.3,612,3,1011.2,1216,11,1011.1,601,8,1011.0,2138,20,1011.6,85,1,1011.7,44,1,1011.8,192,3,1011.9,1007,9,1012.0,2250,26
317,2025-11-26 14:17:23+05:30,1011.3,83,1001.78,7822049,412104.0,425128.0,986.2,1012.8,981.3,986.2,120516750,1084.8,887.6,1102.5,649.1,1011.5,4,2,1011.3,612,3,1011.2,1216,11,1011.1,601,8,1011.0,2138,20,1011.6,85,1,1011.7,44,1,1011.8,192,3,1011.9,1007,9,1012.0,2250,26
317,2025-11-26 14:17:24+05:30,1011.7,99,1001.78,7823654,412188.0,422992.0,986.2,1012.8,981.3,986.2,120516750,1084.8,887.6,1102.5,649.1,1011.4,144,4,1011.3,1465,11,1011.2,734,17,1011.1,789,8,1011.0,2245,21,1011.7,44,1,1011.8,165,3,1011.9,958,10,1012.0,1767,23,1012.1,675,12
317,2025-11-26 14:17:24+05:30,1011.7,75,1001.78,7823654,412188.0,422992.0,986.2,1012.8,981.3,986.2,120516750,1084.8,887.6,1102.5,649.1,1011.4,144,4,1011.3,1465,11,1011.2,734,17,1011.1,789,8,1011.0,2245,21,1011.7,44,1,1011.8,165,3,1011.9,958,10,1012.0,1767,23,1012.1,675,12
317,2025-11-26 14:17:25+05:30,1011.7,1,1001.78,7823730,415101.0,422784.0,986.2,1012.8,981.3,986.2,120516750,1084.8,887.6,1102.5,649.1,1011.7,22,1,1011.6,142,4,1011.5,13,3,1011.4,365,5,1011.3,1058,10,1011.8,165,3,1011.9,343,8,1012.0,1621,22,1012.1,864,10,1012.2,1997,15
317,2025-11-26 14:17:25+05:30,1011.8,4,1001.78,7823730,415101.0,422784.0,986.2,1012.8,981.3,986.2,120516750,1084.8,887.6,1102.5,649.1,1011.7,22,1,1011.6,142,4,1011.5,13,3,1011.4,365,5,1011.3,1058,10,1011.8,165,3,1011.9,343,8,1012.0,1621,22,1012.1,864,10,1012.2,1997,15
317,2025-11-26 14:17:26+05:30,1011.8,3,1001.78,7823921,416232.0,422777.0,986.2,1012.8,981.3,986.2,120516750,1084.8,887.6,1102.5,649.1,1011.7,17,1,1011.6,254,7,1011.5,714,6,1011.4,638,8,1011.3,1321,12,1011.8,181,4,1011.9,59,3,1012.0,1379,16,1012.1,487,6,1012.2,1468,14
317,2025-11-26 14:17:26+05:30,1011.8,3,1001.78,7823921,416232.0,422777.0,986.2,1012.8,981.3,986.2,120516750,1084.8,887.6,1102.5,649.1,1011.7,17,1,1011.6,254,7,1011.5,714,6,1011.4,638,8,1011.3,1321,12,1011.8,181,4,1011.9,59,3,1012.0,1379,16,1012.1,487,6,1012.2,1468,14
317,2025-11-26 14:17:27+05:30,1011.6,19,1001.78,7824298,414394.0,423454.0,986.2,1012.8,981.3,986.2,120516750,1084.8,887.6,1102.5,649.1,1011.6,110,4,1011.5,675,5,1011.4,360,6,1011.3,1019,10,1011.2,749,14,1011.8,186,5,1011.9,130,5,1012.0,1504,19,1012.1,1029,8,1012.2,1170,13
317,2025-11-26 14:17:27+05:30,1011.6,6,1001.78,7824298,414394.0,423454.0,986.2,1012.8,981.3,986.2,120516750,1084.8,887.6,1102.5,649.1,1011.6,110,4,1011.5,675,5,1011.4,360,6,1011.3,1019,10,1011.2,749,14,1011.8,186,5,1011.9,130,5,1012.0,1504,19,1012.1,1029,8,1012.2,1170,13
317,2025-11-26 14:17:28+05:30,1011.5,67,1001.78,7824808,413943.0,424073.0,986.2,1012.8,981.3,986.2,120516750,1084.8,887.6,1102.5,649.1,1011.5,678,6,1011.4,136,3,1011.3,1148,11,1011.2,751,14,1011.1,624,9,1011.8,186,5,1011.9,376,7,1012.0,1632,22,1012.1,1253,9,1012.2,1157,12
317,2025-11-26 14:17:28+05:30,1011.8,4,1001.78,7824808,413943.0,424073.0,986.2,1012.8,981.3,986.2,120516750,1084.8,887.6,1102.5,649.1,1011.5,678,6,1011.4,136,3,1011.3,1148,11,1011.2,751,14,1011.1,624,9,1011.8,186,5,1011.9,376,7,1012.0,1632,22,1012.1,1253,9,1012.2,1157,12
317,2025-11-26 14:17:29+05:30,1011.4,25,1001.78,7825640,411128.0,426133.0,986.2,1012.8,981.3,986.2,120516750,1084.8,887.6,1102.5,649.1,1011.4,20,2,1011.3,79,2,1011.2,917,7,1011.1,612,10,1011.0,2097,19,1011.7,434,3,1011.8,514,10,1011.9,1168,14,1012.0,2080,26,1012.1,526,8
317,2025-11-26 14:17:29+05:30,1011.3,25,1001.78,7825640,411128.0,426133.0,986.2,1012.8,981.3,986.2,120516750,1084.8,887.6,1102.5,649.1,1011.4,20,2,1011.3,79,2,1011.2,917,7,1011.1,612,10,1011.0,2097,19,1011.7,434,3,1011.8,514,10,1011.9,1168,14,1012.0,2080,26,1012.1,526,8
317,2025-11-26 14:17:30+05:30,1011.4,8,1001.78,7826210,411415.0,424921.0,986.2,1012.8,981.3,986.2,120516750,1084.8,887.6,1102.5,649.1,1011.4,3,1,1011.3,106,3,1011.2,1414,13,1011.1,1147,11,1011.0,1945,17,1011.7,56,1,1011.8,851,8,1011.9,590,11,1012.0,2041,25,1012.1,626,11
317,2025-11-26 14:17:30+05:30,1011.3,106,1001.78,7826210,411415.0,424921.0,986.2,1012.8,981.3,986.2,120516750,1084.8,887.6,1102.5,649.1,1011.4,3,1,1011.3,106,3,1011.2,1414,13,1011.1,1147,11,1011.0,1945,17,1011.7,56,1,1011.8,851,8,1011.9,590,11,1012.0,2041,25,1012.1,626,11
317,2025-11-26 14:17:31+05:30,1011.3,86,1001.78,7826849,410906.0,425319.0,986.2,1012.8,981.3,986.2,120516750,1084.8,887.6,1102.5,649.1,1011.3,96,2,1011.2,497,11,1011.1,1323,9,1011.0,1932,17,1010.9,1178,9,1011.6,4,1,1011.7,643,2,1011.8,460,8,1011.9,850,18,1012.0,2140,26
317,2025-11-26 14:17:31+05:30,1011.3,85,1001.78,7826849,410906.0,425319.0,986.2,1012.8,981.3,986.2,120516750,1084.8,887.6,1102.5,649.1,1011.3,96,2,1011.2,497,11,1011.1,1323,9,1011.0,1932,17,1010.9,1178,9,1011.6,4,1,1011.7,643,2,1011.8,460,8,1011.9,850,18,1012.0,2140,26
317,2025-11-26 14:17:32+05:30,1011.3,31,1001.78,7827429,410173.0,425513.0,986.2,1012.8,981.3,986.2,120516750,1084.8,887.6,1102.5,649.1,1011.3,91,3,1011.2,396,9,1011.1,1304,9,1011.0,1915,17,1010.9,1215,10,1011.6,4,1,1011.7,594,2,1011.8,460,8,1011.9,786,14,1012.0,1866,28
317,2025-11-26 14:17:32+05:30,1011.3,37,1001.78,7827429,410173.0,425513.0,986.2,1012.8,981.3,986.2,120516750,1084.8,887.6,1102.5,649.1,1011.3,91,3,1011.2,396,9,1011.1,1304,9,1011.0,1915,17,1010.9,1215,10,1011.6,4,1,1011.7,594,2,1011.8,460,8,1011.9,786,14,1012.0,1866,28
317,2025-11-26 14:17:33+05:30,1011.3,13,1001.78,7828403,411606.0,424307.0,986.2,1012.8,981.3,986.2,120516750,1084.8,887.6,1102.5,649.1,1011.3,327,4,1011.2,1448,14,1011.1,1210,9,1011.0,2100,19,1010.9,878,12,1011.7,56,1,1011.8,961,9,1011.9,634,12,1012.0,2035,24,1012.1,895,16
317,2025-11-26 14:17:33+05:30,1011.3,128,1001.78,7828403,411606.0,424307.0,986.2,1012.8,981.3,986.2,120516750,1084.8,887.6,1102.5,649.1,1011.3,327,4,1011.2,1448,14,1011.1,1210,9,1011.0,2100,19,1010.9,878,12,1011.7,56,1,1011.8,961,9,1011.9,634,12,1012.0,2035,24,1012.1,895,16
317,2025-11-26 14:17:34+05:30,1011.4,15,1001.79,7830156,411361.0,425759.0,986.2,1012.8,981.3,986.2,120516750,1084.8,887.6,1102.5,649.1,1011.3,139,4,1011.2,1378,13,1011.1,603,9,1011.0,2153,19,1010.9,881,12,1011.4,92,1,1011.7,87,1,1011.8,562,9,1011.9,1025,11,1012.0,1743,24
317,2025-11-26 14:17:34+05:30,1011.2,7,1001.79,7830156,411361.0,425759.0,986.2,1012.8,981.3,986.2,120516750,1084.8,887.6,1102.5,649.1,1011.3,139,4,1011.2,1378,13,1011.1,603,9,1011.0,2153,19,1010.9,881,12,1011.4,92,1,1011.7,87,1,1011.8,562,9,1011.9,1025,11,1012.0,1743,24
317,2025-11-26 14:17:35+05:30,1011.7,57,1001.79,7831158,411170.0,422135.0,986.2,1012.8,981.3,986.2,120516750,1084.8,887.6,1102.5,649.1,1011.4,126,3,1011.3,133,3,1011.2,1565,16,1011.1,1036,10,1011.0,2181,19,1011.8,240,6,1011.9,991,9,1012.0,1624,21,1012.1,1129,12,1012.2,1784,12
317,2025-11-26 14:17:35+05:30,1011.8,2,1001.79,7831158,411170.0,422135.0,986.2,1012.8,981.3,986.2,120516750,1084.8,887.6,1102.5,649.1,1011.4,126,3,1011.3,133,3,1011.2,1565,16,1011.1,1036,10,1011.0,2181,19,1011.8,240,6,1011.9,991,9,1012.0,1624,21,1012.1,1129,12,1012.2,1784,12
317,2025-11-26 14:17:36+05:30,1011.8,2,1001.79,7831423,412568.0,423474.0,986.2,1012.8,981.3,986.2,120516750,1084.8,887.6,1102.5,649.1,1011.7,1,1,1011.6,218,4,1011.5,9,1,1011.4,314,5,1011.3,1140,6,1011.8,116,4,1011.9,323,7,1012.0,1745,24,1012.1,929,11,1012.2,1979,18
317,2025-11-26 14:17:36+05:30,1011.6,9,1001.79,7831423,412568.0,423474.0,986.2,1012.8,981.3,986.2,120516750,1084.8,887.6,1102.5,649.1,1011.7,1,1,1011.6,218,4,1011.5,9,1,1011.4,314,5,1011.3,1140,6,1011.8,116,4,1011.9,323,7,1012.0,1745,24,1012.1,929,11,1012.2,1979,18
317,2025-11-26 14:17:37+05:30,1011.7,33,1001.79,7831967,412845.0,424987.0,986.2,1012.8,981.3,986.2,120516750,1084.8,887.6,1102.5,649.1,1011.6,46,3,1011.5,9,1,1011.4,112,4,1011.3,1037,5,1011.2,718,12,1011.7,94,1,1011.8,116,4,1011.9,854,9,1012.0,1789,25,1012.1,976,12
317,2025-11-26 14:17:37+05:30,1011.3,128,1001.79,7831967,412845.0,424987.0,986.2,1012.8,981.3,986.2,120516750,1084.8,887.6,1102.5,649.1,1011.6,46,3,1011.5,9,1,1011.4,112,4,1011.3,1037,5,1011.2,718,12,1011.7,94,1,1011.8,116,4,1011.9,854,9,1012.0,1789,25,1012.1,976,12
317,2025-11-26 14:17:38+05:30,1011.8,9,1001.79,7833192,410826.0,425809.0,986.2,1012.8,981.3,986.2,120516750,1084.8,887.6,1102.5,649.1,1011.5,9,1,1011.4,309,3,1011.3,49,1,1011.2,880,8,1011.1,577,9,1011.8,183,4,1011.9,1056,11,1012.0,1854,27,1012.1,671,10,1012.2,1864,17
317,2025-11-26 14:17:38+05:30,1011.8,3,1001.79,7833192,410826.0,425809.0,986.2,1012.8,981.3,986.2,120516750,1084.8,887.6,1102.5,649.1,1011.5,9,1,1011.4,309,3,1011.3,49,1,1011.2,880,8,1011.1,577,9,1011.8,183,4,1011.9,1056,11,1012.0,1854,27,1012.1,671,10,1012.2,1864,17
317,2025-11-26 14:17:39+05:30,1011.6,1,1001.79,7833196,412186.0,425903.0,986.2,1012.8,981.3,986.2,120516750,1084.8,887.6,1102.5,649.1,1011.5,9,1,1011.4,280,2,1011.3,449,6,1011.2,1034,9,1011.1,878,12,1011.6,173,1,1011.8,180,4,1011.9,1019,10,1012.0,1898,28,1012.1,1107,14
317,2025-11-26 14:17:39+05:30,1011.6,1,1001.79,7833196,412186.0,425903.0,986.2,1012.8,981.3,986.2,120516750,1084.8,887.6,1102.5,649.1,1011.5,9,1,1011.4,280,2,1011.3,449,6,1011.2,1034,9,1011.1,878,12,1011.6,173,1,1011.8,180,4,1011.9,1019,10,1012.0,1898,28,1012.1,1107,14
317,2025-11-26 14:17:40+05:30,1011.5,20,1001.79,7833217,412181.0,426517.0,986.2,1012.8,981.3,986.2,120516750,1084.8,887.6,1102.5,649.1,1011.5,9,1,1011.4,268,2,1011.3,302,5,1011.2,1064,10,1011.1,878,12,1011.6,172,1,1011.7,43,1,1011.8,258,4,1011.9,1019,10,1012.0,2187,28
317,2025-11-26 14:17:40+05:30,1011.5,20,1001.79,7833217,412181.0,426517.0,986.2,1012.8,981.3,986.2,120516750,1084.8,887.6,1102.5,649.1,1011.5,9,1,1011.4,268,2,1011.3,302,5,1011.2,1064,10,1011.1,878,12,1011.6,172,1,1011.7,43,1,1011.8,258,4,1011.9,1019,10,1012.0,2187,28
317,2025-11-26 14:17:41+05:30,1011.6,2,1001.79,7833219,412235.0,426522.0,986.2,1012.8,981.3,986.2,120516750,1084.8,887.6,1102.5,649.1,1011.5,9,1,1011.4,268,2,1011.3,281,4,1011.2,1085,11,1011.1,878,12,1011.6,170,1,1011.7,44,2,1011.8,258,4,1011.9,1019,10,1012.0,2187,28
317,2025-11-26 14:17:41+05:30,1011.6,2,1001.79,7833219,412235.0,426522.0,986.2,1012.8,981.3,986.2,120516750,1084.8,887.6,1102.5,649.1,1011.5,9,1,1011.4,268,2,1011.3,281,4,1011.2,1085,11,1011.1,878,12,1011.6,170,1,1011.7,44,2,1011.8,258,4,1011.9,1019,10,1012.0,2187,28
317,2025-11-26 14:17:42+05:30,1011.6,2,1001.79,7833219,412235.0,426485.0,986.2,1012.8,981.3,986.2,120516750,1084.8,887.6,1102.5,649.1,1011.5,9,1,1011.4,268,2,1011.3,281,4,1011.2,1085,11,1011.1,878,12,1011.6,171,2,1011.7,44,2,1011.8,268,5,1011.9,490,10,1012.0,2187,28
317,2025-11-26 14:17:42+05:30,1011.6,5,1001.79,7833219,412235.0,426485.0,986.2,1012.8,981.3,986.2,120516750,1084.8,887.6,1102.5,649.1,1011.5,9,1,1011.4,268,2,1011.3,281,4,1011.2,1085,11,1011.1,878,12,1011.6,171,2,1011.7,44,2,1011.8,268,5,1011.9,490,10,1012.0,2187,28
317,2025-11-26 14:17:43+05:30,1011.5,1,1001.79,7833321,413355.0,426575.0,986.2,1012.8,981.3,986.2,120516750,1084.8,887.6,1102.5,649.1,1011.4,289,3,1011.3,124,3,1011.2,1308,13,1011.1,880,12,1011.0,2338,25,1011.5,7,1,1011.6,136,2,1011.7,44,2,1011.8,311,6,1011.9,509,12
317,2025-11-26 14:17:43+05:30,1011.5,1,1001.79,7833321,413355.0,426575.0,986.2,1012.8,981.3,986.2,120516750,1084.8,887.6,1102.5,649.1,1011.4,289,3,1011.3,124,3,1011.2,1308,13,1011.1,880,12,1011.0,2338,25,1011.5,7,1,1011.6,136,2,1011.7,44,2,1011.8,311,6,1011.9,509,12
317,2025-11-26 14:17:44+05:30,1011.9,12,1001.79,7835282,412560.0,422925.0,986.2,1012.8,981.3,986.2,120516750,1084.8,887.6,1102.5,649.1,1011.6,781,2,1011.5,56,3,1011.4,253,4,1011.3,996,4,1011.2,1320,16,1011.9,193,6,1012.0,1692,25,1012.1,807,14,1012.2,2222,15,1012.3,998,14
317,2025-11-26 14:17:44+05:30,1011.9,12,1001.79,7835282,412560.0,422925.0,986.2,1012.8,981.3,986.2,120516750,1084.8,887.6,1102.5,649.1,1011.6,781,2,1011.5,56,3,1011.4,253,4,1011.3,996,4,1011.2,1320,16,1011.9,193,6,1012.0,1692,25,1012.1,807,14,1012.2,2222,15,1012.3,998,14
317,2025-11-26 14:17:45+05:30,1012.0,66,1001.79,7836031,417295.0,422640.0,986.2,1012.8,981.3,986.2,120516750,1084.8,887.6,1102.5,649.1,1011.9,1,1,1011.7,750,1,1011.6,89,4,1011.5,356,5,1011.4,1088,13,1012.0,906,13,1012.1,473,8,1012.2,1130,13,1012.3,2537,21,1012.4,548,10
317,2025-11-26 14:17:45+05:30,1012.0,66,1001.79,7836031,417295.0,422640.0,986.2,1012.8,981.3,986.2,120516750,1084.8,887.6,1102.5,649.1,1011.9,1,1,1011.7,750,1,1011.6,89,4,1011.5,356,5,1011.4,1088,13,1012.0,906,13,1012.1,473,8,1012.2,1130,13,1012.3,2537,21,1012.4,548,10
317,2025-11-26 14:17:46+05:30,1011.9,21,1001.79,7836055,414538.0,422606.0,986.2,1012.8,981.3,986.2,120516750,1084.8,887.6,1102.5,649.1,1011.8,9,1,1011.6,125,4,1011.5,266,4,1011.4,928,6,1011.3,1341,9,1012.0,1014,16,1012.1,539,9,1012.2,1715,18,1012.3,1973,15,1012.4,707,13
317,2025-11-26 14:17:46+05:30,1012.0,30,1001.79,7836055,414538.0,422606.0,986.2,1012.8,981.3,986.2,120516750,1084.8,887.6,1102.5,649.1,1011.8,9,1,1011.6,125,4,1011.5,266,4,1011.4,928,6,1011.3,1341,9,1012.0,1014,16,1012.1,539,9,1012.2,1715,18,1012.3,1973,15,1012.4,707,13
317,2025-11-26 14:17:47+05:30,1012.0,30,1001.79,7836182,414574.0,422451.0,986.2,1012.8,981.3,986.2,120516750,1084.8,887.6,1102.5,649.1,1011.8,15,2,1011.6,125,4,1011.5,266,4,1011.4,928,6,1011.3,1341,9,1012.0,887,15,1012.1,518,8,1012.2,1614,14,1012.3,1707,16,1012.4,1052,17
317,2025-11-26 14:17:48+05:30,1012.0,30,1001.79,7836182,414544.0,422421.0,986.2,1012.8,981.3,986.2,120516750,1084.8,887.6,1102.5,649.1,1011.8,15,2,1011.7,9,1,1011.6,125,4,1011.5,257,3,1011.4,928,6,1012.0,887,15,1012.1,518,8,1012.2,1614,14,1012.3,1707,16,1012.4,1052,17
317,2025-11-26 14:17:48+05:30,1012.0,4,1001.79,7836182,414544.0,422421.0,986.2,1012.8,981.3,986.2,120516750,1084.8,887.6,1102.5,649.1,1011.8,15,2,1011.7,9,1,1011.6,125,4,1011.5,257,3,1011.4,928,6,1012.0,887,15,1012.1,518,8,1012.2,1614,14,1012.3,1707,16,1012.4,1052,17
317,2025-11-26 14:17:49+05:30,1011.9,210,1001.79,7836396,410343.0,422227.0,986.2,1012.8,981.3,986.2,120516750,1084.8,887.6,1102.5,649.1,1011.8,15,2,1011.7,9,1,1011.6,249,5,1011.5,1156,7,1011.4,1113,9,1011.9,60,1,1012.0,592,13,1012.1,397,6,1012.2,1609,12,1012.3,2033,18
317,2025-11-26 14:17:49+05:30,1011.9,210,1001.79,7836396,410343.0,422227.0,986.2,1012.8,981.3,986.2,120516750,1084.8,887.6,1102.5,649.1,1011.8,15,2,1011.7,9,1,1011.6,249,5,1011.5,1156,7,1011.4,1113,9,1011.9,60,1,1012.0,592,13,1012.1,397,6,1012.2,1609,12,1012.3,2033,18
317,2025-11-26 14:17:50+05:30,1011.9,1,1001.79,7836397,410343.0,422230.0,986.2,1012.8,981.3,986.2,120516750,1084.8,887.6,1102.5,649.1,1011.8,15,2,1011.7,9,1,1011.6,249,5,1011.5,1156,7,1011.4,1113,9,1011.9,63,2,1012.0,592,13,1012.1,397,6,1012.2,1609,12,1012.3,2033,18
317,2025-11-26 14:17:50+05:30,1011.9,1,1001.79,7836397,410343.0,422230.0,986.2,1012.8,981.3,986.2,120516750,1084.8,887.6,1102.5,649.1,1011.8,15,2,1011.7,9,1,1011.6,249,5,1011.5,1156,7,1011.4,1113,9,1011.9,63,2,1012.0,592,13,1012.1,397,6,1012.2,1609,12,1012.3,2033,18
317,2025-11-26 14:17:51+05:30,1011.9,1,1001.79,7836398,410343.0,421976.0,986.2,1012.8,981.3,986.2,120516750,1084.8,887.6,1102.5,649.1,1011.8,15,2,1011.7,9,1,1011.6,249,5,1011.5,1156,7,1011.4,1113,9,1011.9,62,2,1012.0,592,13,1012.1,397,6,1012.2,1609,12,1012.3,2033,18
317,2025-11-26 14:17:51+05:30,1011.9,1,1001.79,7836398,410343.0,421976.0,986.2,1012.8,981.3,986.2,120516750,1084.8,887.6,1102.5,649.1,1011.8,15,2,1011.7,9,1,1011.6,249,5,1011.5,1156,7,1011.4,1113,9,1011.9,62,2,1012.0,592,13,1012.1,397,6,1012.2,1609,12,1012.3,2033,18
317,2025-11-26 14:17:52+05:30,1011.9,1,1001.79,7836398,410343.0,421976.0,986.2,1012.8,981.3,986.2,120516750,1084.8,887.6,1102.5,649.1,1011.8,15,2,1011.7,9,1,1011.6,249,5,1011.5,1156,7,1011.4,1113,9,1011.9,62,2,1012.0,592,13,1012.1,397,6,1012.2,1609,12,1012.3,2033,18
317,2025-11-26 14:17:52+05:30,1011.9,5,1001.79,7836398,410343.0,421976.0,986.2,1012.8,981.3,986.2,120516750,1084.8,887.6,1102.5,649.1,1011.8,15,2,1011.7,9,1,1011.6,249,5,1011.5,1156,7,1011.4,1113,9,1011.9,62,2,1012.0,592,13,1012.1,397,6,1012.2,1609,12,1012.3,2033,18
317,2025-11-26 14:17:53+05:30,1011.9,5,1001.79,7836430,410275.0,421945.0,986.2,1012.8,981.3,986.2,120516750,1084.8,887.6,1102.5,649.1,1011.8,15,2,1011.7,9,1,1011.6,249,5,1011.5,1046,6,1011.4,617,8,1011.9,38,3,1012.0,642,14,1012.1,397,6,1012.2,1609,12,1012.3,2042,19
317,2025-11-26 14:17:54+05:30,1012.0,119,1001.79,7837007,415464.0,422038.0,986.2,1012.8,981.3,986.2,120516750,1084.8,887.6,1102.5,649.1,1011.8,8,1,1011.7,9,1,1011.6,175,4,1011.5,974,4,1011.4,979,10,1012.0,707,15,1012.1,919,6,1012.2,1438,14,1012.3,1736,18,1012.4,751,15
317,2025-11-26 14:17:54+05:30,1012.0,119,1001.79,7837007,415464.0,422038.0,986.2,1012.8,981.3,986.2,120516750,1084.8,887.6,1102.5,649.1,1011.8,8,1,1011.7,9,1,1011.6,175,4,1011.5,974,4,1011.4,979,10,1012.0,707,15,1012.1,919,6,1012.2,1438,14,1012.3,1736,18,1012.4,751,15
317,2025-11-26 14:17:55+05:30,1012.0,2,1001.79,7837009,411568.0,422441.0,986.2,1012.8,981.3,986.2,120516750,1084.8,887.6,1102.5,649.1,1011.9,112,1,1011.8,13,2,1011.7,9,1,1011.6,273,5,1011.5,1136,6,1012.0,655,14,1012.1,919,6,1012.2,1140,13,1012.3,2034,19,1012.4,776,16
317,2025-11-26 14:17:55+05:30,1011.9,50,1001.79,7837009,411568.0,422441.0,986.2,1012.8,981.3,986.2,120516750,1084.8,887.6,1102.5,649.1,1011.9,112,1,1011.8,13,2,1011.7,9,1,1011.6,273,5,1011.5,1136,6,1012.0,655,14,1012.1,919,6,1012.2,1140,13,1012.3,2034,19,1012.4,776,16
317,2025-11-26 14:17:56+05:30,1012.0,2,1001.79,7837089,411438.0,429996.0,986.2,1012.8,981.3,986.2,120516750,1084.8,887.6,1102.5,649.1,1011.9,62,1,1011.8,18,3,1011.7,9,1,1011.6,377,5,1011.5,1136,6,1012.0,625,14,1012.1,801,5,1012.2,1140,13,1012.3,2017,18,1012.4,734,16
317,2025-11-26 14:17:56+05:30,1012.0,95,1001.79,7837089,411438.0,429996.0,986.2,1012.8,981.3,986.2,120516750,1084.8,887.6,1102.5,649.1,1011.9,62,1,1011.8,18,3,1011.7,9,1,1011.6,377,5,1011.5,1136,6,1012.0,625,14,1012.1,801,5,1012.2,1140,13,1012.3,2017,18,1012.4,734,16
317,2025-11-26 14:17:57+05:30,1012.0,95,1001.79,7837184,411489.0,429900.0,986.2,1012.8,981.3,986.2,120516750,1084.8,887.6,1102.5,649.1,1011.9,62,1,1011.8,18,3,1011.7,9,1,1011.6,424,6,1011.5,1136,6,1012.0,530,14,1012.1,801,5,1012.2,1092,12,1012.3,1985,17,1012.4,734,16
317,2025-11-26 14:17:57+05:30,1012.0,1,1001.79,7837184,411489.0,429900.0,986.2,1012.8,981.3,986.2,120516750,1084.8,887.6,1102.5,649.1,1011.9,62,1,1011.8,18,3,1011.7,9,1,1011.6,424,6,1011.5,1136,6,1012.0,530,14,1012.1,801,5,1012.2,1092,12,1012.3,1985,17,1012.4,734,16
317,2025-11-26 14:17:58+05:30,1012.0,1,1001.79,7837185,411452.0,429216.0,986.2,1012.8,981.3,986.2,120516750,1084.8,887.6,1102.5,649.1,1011.9,69,2,1011.8,13,2,1011.7,14,2,1011.6,424,6,1011.5,1176,8,1012.0,347,14,1012.1,706,4,1012.2,1025,10,1012.3,1218,14,1012.4,1530,18
317,2025-11-26 14:17:58+05:30,1012.0,4,1001.79,7837185,411452.0,429216.0,986.2,1012.8,981.3,986.2,120516750,1084.8,887.6,1102.5,649.1,1011.9,69,2,1011.8,13,2,1011.7,14,2,1011.6,424,6,1011.5,1176,8,1012.0,347,14,1012.1,706,4,1012.2,1025,10,1012.3,1218,14,1012.4,1530,18
317,2025-11-26 14:17:59+05:30,1011.9,3,1001.79,7837261,416163.0,429716.0,986.2,1012.8,981.3,986.2,120516750,1084.8,887.6,1102.5,649.1,1011.8,13,2,1011.7,14,2,1011.6,345,4,1011.5,1176,8,1011.4,1125,12,1011.9,11,1,1012.0,343,14,1012.1,756,5,1012.2,1350,11,1012.3,933,14
317,2025-11-26 14:17:59+05:30,1011.9,3,1001.79,7837261,416163.0,429716.0,986.2,1012.8,981.3,986.2,120516750,1084.8,887.6,1102.5,649.1,1011.8,13,2,1011.7,14,2,1011.6,345,4,1011.5,1176,8,1011.4,1125,12,1011.9,11,1,1012.0,343,14,1012.1,756,5,1012.2,1350,11,1012.3,933,14
317,2025-11-26 14:18:00+05:30,1011.9,2,1001.79,7837263,415564.0,429690.0,986.2,1012.8,981.3,986.2,120516750,1084.8,887.6,1102.5,649.1,1011.8,8,1,1011.7,14,2,1011.6,143,3,1011.5,1163,7,1011.4,674,9,1011.9,9,1,1012.0,343,14,1012.1,756,5,1012.2,1397,12,1012.3,933,14
317,2025-11-26 14:18:00+05:30,1011.8,8,1001.79,7837263,415564.0,429690.0,986.2,1012.8,981.3,986.2,120516750,1084.8,887.6,1102.5,649.1,1011.8,8,1,1011.7,14,2,1011.6,143,3,1011.5,1163,7,1011.4,674,9,1011.9,9,1,1012.0,343,14,1012.1,756,5,1012.2,1397,12,1012.3,933,14
317,2025-11-26 14:18:01+05:30,1011.9,1,1001.79,7837272,415594.0,429720.0,986.2,1012.8,981.3,986.2,120516750,1084.8,887.6,1102.5,649.1,1011.8,13,2,1011.7,14,2,1011.6,143,3,1011.5,1188,8,1011.4,674,9,1011.9,8,1,1012.0,343,14,1012.1,756,5,1012.2,1428,13,1012.3,933,14
317,2025-11-26 14:18:01+05:30,1011.9,1,1001.79,7837272,415594.0,429720.0,986.2,1012.8,981.3,986.2,120516750,1084.8,887.6,1102.5,649.1,1011.8,13,2,1011.7,14,2,1011.6,143,3,1011.5,1188,8,1011.4,674,9,1011.9,8,1,1012.0,343,14,1012.1,756,5,1012.2,1428,13,1012.3,933,14
317,2025-11-26 14:18:02+05:30,1011.9,1,1001.79,7837272,415594.0,429871.0,986.2,1012.8,981.3,986.2,120516750,1084.8,887.6,1102.5,649.1,1011.8,13,2,1011.7,14,2,1011.6,143,3,1011.5,1188,8,1011.4,674,9,1011.9,8,1,1012.0,494,16,1012.1,756,5,1012.2,1428,13,1012.3,933,14
317,2025-11-26 14:18:02+05:30,1011.9,4,1001.79,7837272,415594.0,429871.0,986.2,1012.8,981.3,986.2,120516750,1084.8,887.6,1102.5,649.1,1011.8,13,2,1011.7,14,2,1011.6,143,3,1011.5,1188,8,1011.4,674,9,1011.9,8,1,1012.0,494,16,1012.1,756,5,1012.2,1428,13,1012.3,933,14
317,2025-11-26 14:18:03+05:30,1011.9,23,1001.79,7837304,415327.0,429675.0,986.2,1012.8,981.3,986.2,120516750,1084.8,887.6,1102.5,649.1,1011.8,13,2,1011.7,14,2,1011.6,212,4,1011.5,1231,8,1011.4,664,10,1011.9,21,1,1012.0,494,16,1012.1,690,4,1012.2,1239,10,1012.3,933,14
317,2025-11-26 14:18:03+05:30,1011.9,23,1001.79,7837304,415327.0,429675.0,986.2,1012.8,981.3,986.2,120516750,1084.8,887.6,1102.5,649.1,1011.8,13,2,1011.7,14,2,1011.6,212,4,1011.5,1231,8,1011.4,664,10,1011.9,21,1,1012.0,494,16,1012.1,690,4,1012.2,1239,10,1012.3,933,14
317,2025-11-26 14:18:04+05:30,1011.8,13,1001.79,7837398,410197.0,430140.0,986.2,1012.8,981.3,986.2,120516750,1084.8,887.6,1102.5,649.1,1011.9,23,1,1011.8,5,1,1011.7,14,2,1011.6,143,3,1011.5,1198,7,1012.0,728,18,1012.1,912,7,1012.2,1457,13,1012.3,1683,15,1012.4,829,18
317,2025-11-26 14:18:04+05:30,1011.9,10,1001.79,7837398,410197.0,430140.0,986.2,1012.8,981.3,986.2,120516750,1084.8,887.6,1102.5,649.1,1011.9,23,1,1011.8,5,1,1011.7,14,2,1011.6,143,3,1011.5,1198,7,1012.0,728,18,1012.1,912,7,1012.2,1457,13,1012.3,1683,15,1012.4,829,18
317,2025-11-26 14:18:05+05:30,1012.0,2,1001.79,7837410,410278.0,430067.0,986.2,1012.8,981.3,986.2,120516750,1084.8,887.6,1102.5,649.1,1011.9,21,2,1011.7,14,2,1011.6,19,2,1011.5,1302,9,1011.4,1027,12,1012.0,676,17,1012.1,886,6,1012.2,1496,15,1012.3,1713,16,1012.4,841,18
317,2025-11-26 14:18:05+05:30,1012.0,2,1001.79,7837410,410278.0,430067.0,986.2,1012.8,981.3,986.2,120516750,1084.8,887.6,1102.5,649.1,1011.9,21,2,1011.7,14,2,1011.6,19,2,1011.5,1302,9,1011.4,1027,12,1012.0,676,17,1012.1,886,6,1012.2,1496,15,1012.3,1713,16,1012.4,841,18
317,2025-11-26 14:18:06+05:30,1012.0,1,1001.79,7837411,411194.0,429589.0,986.2,1012.8,981.3,986.2,120516750,1084.8,887.6,1102.5,649.1,1011.9,21,2,1011.8,8,2,1011.7,14,2,1011.6,247,3,1011.5,1297,8,1012.0,441,15,1012.1,886,6,1012.2,1185,13,1012.3,1261,16,1012.4,1604,20
317,2025-11-26 14:18:06+05:30,1011.9,95,1001.79,7837411,411194.0,429589.0,986.2,1012.8,981.3,986.2,120516750,1084.8,887.6,1102.5,649.1,1011.9,21,2,1011.8,8,2,1011.7,14,2,1011.6,247,3,1011.5,1297,8,1012.0,441,15,1012.1,886,6,1012.2,1185,13,1012.3,1261,16,1012.4,1604,20
317,2025-11-26 14:18:07+05:30,1011.9,95,1001.79,7837634,416075.0,429827.0,986.2,1012.8,981.3,986.2,120516750,1084.8,887.6,1102.5,649.1,1011.8,8,2,1011.7,14,2,1011.6,422,5,1011.5,1297,8,1011.4,1027,12,1011.9,32,1,1012.0,441,15,1012.1,886,6,1012.2,1159,12,1012.3,1257,16
317,2025-11-26 14:18:08+05:30,1011.8,7,1001.79,7837685,415672.0,429814.0,986.2,1012.8,981.3,986.2,120516750,1084.8,887.6,1102.5,649.1,1011.7,9,1,1011.6,172,3,1011.5,1192,8,1011.4,652,9,1011.3,1416,15,1011.8,109,1,1012.0,511,17,1012.1,994,7,1012.2,1457,13,1012.3,933,14
317,2025-11-26 14:18:08+05:30,1011.8,5,1001.79,7837685,415672.0,429814.0,986.2,1012.8,981.3,986.2,120516750,1084.8,887.6,1102.5,649.1,1011.7,9,1,1011.6,172,3,1011.5,1192,8,1011.4,652,9,1011.3,1416,15,1011.8,109,1,1012.0,511,17,1012.1,994,7,1012.2,1457,13,1012.3,933,14
317,2025-11-26 14:18:09+05:30,1011.7,128,1001.8,7838022,413500.0,429915.0,986.2,1012.8,981.3,986.2,120516750,1084.8,887.6,1102.5,649.1,1011.8,26,1,1011.7,608,1,1011.6,102,3,1011.5,503,9,1011.4,1584,13,1012.0,532,18,1012.1,914,7,1012.2,1158,12,1012.3,1208,15,1012.4,1637,20
317,2025-11-26 14:18:09+05:30,1011.5,66,1001.8,7838022,413500.0,429915.0,986.2,1012.8,981.3,986.2,120516750,1084.8,887.6,1102.5,649.1,1011.8,26,1,1011.7,608,1,1011.6,102,3,1011.5,503,9,1011.4,1584,13,1012.0,532,18,1012.1,914,7,1012.2,1158,12,1012.3,1208,15,1012.4,1637,20
317,2025-11-26 14:18:10+05:30,1011.8,1,1001.8,7839040,411231.0,431038.0,986.2,1012.8,981.3,986.2,120516750,1084.8,887.6,1102.5,649.1,1011.5,73,3,1011.4,360,7,1011.3,832,14,1011.2,744,11,1011.1,1313,12,1011.8,4,1,1011.9,660,3,1012.0,563,22,1012.1,877,9,1012.2,1157,14
317,2025-11-26 14:18:10+05:30,1011.6,128,1001.8,7839040,411231.0,431038.0,986.2,1012.8,981.3,986.2,120516750,1084.8,887.6,1102.5,649.1,1011.5,73,3,1011.4,360,7,1011.3,832,14,1011.2,744,11,1011.1,1313,12,1011.8,4,1,1011.9,660,3,1012.0,563,22,1012.1,877,9,1012.2,1157,14
317,2025-11-26 14:18:11+05:30,1011.9,1,1001.8,7839369,413791.0,430483.0,986.2,1012.8,981.3,986.2,120516750,1084.8,887.6,1102.5,649.1,1011.8,1,1,1011.6,622,1,1011.5,128,3,1011.4,408,6,1011.3,1616,19,1011.9,144,5,1012.0,922,21,1012.1,661,11,1012.2,1186,15,1012.3,2038,16
317,2025-11-26 14:18:11+05:30,1011.9,1,1001.8,7839369,413791.0,430483.0,986.2,1012.8,981.3,986.2,120516750,1084.8,887.6,1102.5,649.1,1011.8,1,1,1011.6,622,1,1011.5,128,3,1011.4,408,6,1011.3,1616,19,1011.9,144,5,1012.0,922,21,1012.1,661,11,1012.2,1186,15,1012.3,2038,16
317,2025-11-26 14:18:12+05:30,1011.9,2,1001.8,7839372,413878.0,430600.0,986.2,1012.8,981.3,986.2,120516750,1084.8,887.6,1102.5,649.1,1011.7,641,2,1011.6,23,1,1011.5,193,7,1011.4,728,10,1011.3,1567,16,1011.9,150,6,1012.0,323,18,1012.1,625,9,1012.2,1642,15,1012.3,1324,17
317,2025-11-26 14:18:12+05:30,1011.9,6,1001.8,7839372,413878.0,430600.0,986.2,1012.8,981.3,986.2,120516750,1084.8,887.6,1102.5,649.1,1011.7,641,2,1011.6,23,1,1011.5,193,7,1011.4,728,10,1011.3,1567,16,1011.9,150,6,1012.0,323,18,1012.1,625,9,1012.2,1642,15,1012.3,1324,17
317,2025-11-26 14:18:13+05:30,1011.7,78,1001.8,7839483,413809.0,429846.0,986.2,1012.8,981.3,986.2,120516750,1084.8,887.6,1102.5,649.1,1011.7,576,3,1011.6,114,3,1011.5,193,7,1011.4,728,10,1011.3,1567,16,1011.9,125,7,1012.0,323,18,1012.1,625,9,1012.2,1642,15,1012.3,1301,16
317,2025-11-26 14:18:13+05:30,1011.9,42,1001.8,7839483,413809.0,429846.0,986.2,1012.8,981.3,986.2,120516750,1084.8,887.6,1102.5,649.1,1011.7,576,3,1011.6,114,3,1011.5,193,7,1011.4,728,10,1011.3,1567,16,1011.9,125,7,1012.0,323,18,1012.1,625,9,1012.2,1642,15,1012.3,1301,16
317,2025-11-26 14:18:14+05:30,1011.9,3,1001.8,7839536,413809.0,429928.0,986.2,1012.8,981.3,986.2,120516750,1084.8,887.6,1102.5,649.1,1011.7,576,3,1011.6,114,3,1011.5,193,7,1011.4,728,10,1011.3,1567,16,1011.9,114,4,1012.0,323,18,1012.1,1046,9,1012.2,1456,15,1012.3,1003,15
317,2025-11-26 14:18:14+05:30,1011.9,3,1001.8,7839536,413809.0,429928.0,986.2,1012.8,981.3,986.2,120516750,1084.8,887.6,1102.5,649.1,1011.7,576,3,1011.6,114,3,1011.5,193,7,1011.4,728,10,1011.3,1567,16,1011.9,114,4,1012.0,323,18,1012.1,1046,9,1012.2,1456,15,1012.3,1003,15
317,2025-11-26 14:18:15+05:30,1011.9,2,1001.8,7839538,413930.0,430052.0,986.2,1012.8,981.3,986.2,120516750,1084.8,887.6,1102.5,649.1,1011.8,112,1,1011.7,576,3,1011.6,114,3,1011.5,169,6,1011.4,728,10,1011.9,287,5,1012.0,323,18,1012.1,1001,8,1012.2,1151,13,1012.3,1242,16
317,2025-11-26 14:18:15+05:30,1011.9,2,1001.8,7839538,413930.0,430052.0,986.2,1012.8,981.3,986.2,120516750,1084.8,887.6,1102.5,649.1,1011.8,112,1,1011.7,576,3,1011.6,114,3,1011.5,169,6,1011.4,728,10,1011.9,287,5,1012.0,323,18,1012.1,1001,8,1012.2,1151,13,1012.3,1242,16
317,2025-11-26 14:18:16+05:30,1011.9,1,1001.8,7839541,406404.0,430093.0,986.2,1012.8,981.3,986.2,120516750,1084.8,887.6,1102.5,649.1,1011.8,128,2,1011.7,576,3,1011.6,114,3,1011.5,153,5,1011.4,728,10,1011.9,284,5,1012.0,323,18,1012.1,1045,9,1012.2,1151,13,1012.3,1242,16
317,2025-11-26 14:18:16+05:30,1011.9,1,1001.8,7839541,406404.0,430093.0,986.2,1012.8,981.3,986.2,120516750,1084.8,887.6,1102.5,649.1,1011.8,128,2,1011.7,576,3,1011.6,114,3,1011.5,153,5,1011.4,728,10,1011.9,284,5,1012.0,323,18,1012.1,1045,9,1012.2,1151,13,1012.3,1242,16
317,2025-11-26 14:18:17+05:30,1011.9,1,1001.8,7839541,406404.0,430093.0,986.2,1012.8,981.3,986.2,120516750,1084.8,887.6,1102.5,649.1,1011.8,141,3,1011.7,563,2,1011.6,137,4,1011.5,130,4,1011.4,728,10,1011.9,284,5,1012.0,323,18,1012.1,1045,9,1012.2,1151,13,1012.3,1242,16
317,2025-11-26 14:18:18+05:30,1011.8,71,1001.8,7839612,406204.0,430086.0,986.2,1012.8,981.3,986.2,120516750,1084.8,887.6,1102.5,649.1,1011.8,70,3,1011.7,563,2,1011.6,13,1,1011.5,220,7,1011.4,526,9,1011.9,277,5,1012.0,323,18,1012.1,1175,10,1012.2,1472,15,1012.3,944,15
317,2025-11-26 14:18:18+05:30,1011.9,3,1001.8,7839612,406204.0,430086.0,986.2,1012.8,981.3,986.2,120516750,1084.8,887.6,1102.5,649.1,1011.8,70,3,1011.7,563,2,1011.6,13,1,1011.5,220,7,1011.4,526,9,1011.9,277,5,1012.0,323,18,1012.1,1175,10,1012.2,1472,15,1012.3,944,15
317,2025-11-26 14:18:19+05:30,1011.7,128,1001.8,7839961,407245.0,429479.0,986.2,1012.8,981.3,986.2,120516750,1084.8,887.6,1102.5,649.1,1011.7,435,2,1011.6,13,1,1011.5,174,5,1011.4,539,11,1011.3,1574,16,1011.8,33,1,1011.9,274,5,1012.0,323,18,1012.1,1158,10,1012.2,1151,13
317,2025-11-26 14:18:19+05:30,1011.7,32,1001.8,7839961,407245.0,429479.0,986.2,1012.8,981.3,986.2,120516750,1084.8,887.6,1102.5,649.1,1011.7,435,2,1011.6,13,1,1011.5,174,5,1011.4,539,11,1011.3,1574,16,1011.8,33,1,1011.9,274,5,1012.0,323,18,1012.1,1158,10,1012.2,1151,13
317,2025-11-26 14:18:20+05:30,1011.8,1,1001.8,7839994,407608.0,429397.0,986.2,1012.8,981.3,986.2,120516750,1084.8,887.6,1102.5,649.1,1011.7,403,2,1011.6,66,3,1011.5,241,7,1011.4,566,10,1011.3,1868,19,1011.8,197,2,1011.9,232,4,1012.0,278,17,1012.1,1158,10,1012.2,1484,16
317,2025-11-26 14:18:20+05:30,1011.8,1,1001.8,7839994,407608.0,429397.0,986.2,1012.8,981.3,986.2,120516750,1084.8,887.6,1102.5,649.1,1011.7,403,2,1011.6,66,3,1011.5,241,7,1011.4,566,10,1011.3,1868,19,1011.8,197,2,1011.9,232,4,1012.0,278,17,1012.1,1158,10,1012.2,1484,16
317,2025-11-26 14:18:21+05:30,1011.8,1,1001.8,7839995,407551.0,429268.0,986.2,1012.8,981.3,986.2,120516750,1084.8,887.6,1102.5,649.1,1011.7,403,2,1011.6,66,3,1011.5,228,6,1011.4,566,10,1011.3,1824,14,1011.8,196,2,1011.9,232,4,1012.0,278,17,1012.1,1158,10,1012.2,1613,19
317,2025-11-26 14:18:21+05:30,1011.8,8,1001.8,7839995,407551.0,429268.0,986.2,1012.8,981.3,986.2,120516750,1084.8,887.6,1102.5,649.1,1011.7,403,2,1011.6,66,3,1011.5,228,6,1011.4,566,10,1011.3,1824,14,1011.8,196,2,1011.9,232,4,1012.0,278,17,1012.1,1158,10,1012.2,1613,19
317,2025-11-26 14:18:22+05:30,1011.8,8,1001.8,7840003,407585.0,429287.0,986.2,1012.8,981.3,986.2,120516750,1084.8,887.6,1102.5,649.1,1011.7,403,2,1011.6,66,3,1011.5,184,5,1011.4,631,15,1011.3,1837,15,1011.8,188,2,1011.9,276,6,1012.0,321,18,1012.1,1158,10,1012.2,1613,19
317,2025-11-26 14:18:22+05:30,1011.8,4,1001.8,7840003,407585.0,429287.0,986.2,1012.8,981.3,986.2,120516750,1084.8,887.6,1102.5,649.1,1011.7,403,2,1011.6,66,3,1011.5,184,5,1011.4,631,15,1011.3,1837,15,1011.8,188,2,1011.9,276,6,1012.0,321,18,1012.1,1158,10,1012.2,1613,19
317,2025-11-26 14:18:23+05:30,1011.8,8,1001.8,7840034,407611.0,429487.0,986.2,1012.8,981.3,986.2,120516750,1084.8,887.6,1102.5,649.1,1011.7,403,2,1011.6,66,3,1011.5,184,5,1011.4,657,16,1011.3,1837,15,1011.8,199,2,1011.9,233,5,1012.0,278,17,1012.1,1158,10,1012.2,1607,19
317,2025-11-26 14:18:23+05:30,1011.8,8,1001.8,7840034,407611.0,429487.0,986.2,1012.8,981.3,986.2,120516750,1084.8,887.6,1102.5,649.1,1011.7,403,2,1011.6,66,3,1011.5,184,5,1011.4,657,16,1011.3,1837,15,1011.8,199,2,1011.9,233,5,1012.0,278,17,1012.1,1158,10,1012.2,1607,19
317,2025-11-26 14:18:24+05:30,1011.8,223,1001.8,7840768,405751.0,429233.0,986.2,1012.8,981.3,986.2,120516750,1084.8,887.6,1102.5,649.1,1011.7,19,1,1011.6,66,3,1011.5,836,9,1011.4,603,14,1011.3,1258,14,1011.9,233,5,1012.0,278,17,1012.1,1158,10,1012.2,1620,20,1012.3,799,14
317,2025-11-26 14:18:24+05:30,1011.6,1,1001.8,7840768,405751.0,429233.0,986.2,1012.8,981.3,986.2,120516750,1084.8,887.6,1102.5,649.1,1011.7,19,1,1011.6,66,3,1011.5,836,9,1011.4,603,14,1011.3,1258,14,1011.9,233,5,1012.0,278,17,1012.1,1158,10,1012.2,1620,20,1012.3,799,14
317,2025-11-26 14:18:25+05:30,1011.9,11,1001.8,7841048,407827.0,428789.0,986.2,1012.8,981.3,986.2,120516750,1084.8,887.6,1102.5,649.1,1011.7,623,2,1011.6,307,7,1011.5,829,8,1011.4,821,17,1011.3,1225,13,1011.9,209,5,1012.0,278,17,1012.1,564,8,1012.2,1337,20,1012.3,1076,13
317,2025-11-26 14:18:25+05:30,1011.9,11,1001.8,7841048,407827.0,428789.0,986.2,1012.8,981.3,986.2,120516750,1084.8,887.6,1102.5,649.1,1011.7,623,2,1011.6,307,7,1011.5,829,8,1011.4,821,17,1011.3,1225,13,1011.9,209,5,1012.0,278,17,1012.1,564,8,1012.2,1337,20,1012.3,1076,13
317,2025-11-26 14:18:26+05:30,1011.7,127,1001.8,7841295,406933.0,428707.0,986.2,1012.8,981.3,986.2,120516750,1084.8,887.6,1102.5,649.1,1011.7,507,2,1011.6,229,6,1011.5,832,9,1011.4,818,16,1011.3,1225,13,1011.9,98,4,1012.0,278,17,1012.1,966,7,1012.2,1247,19,1012.3,778,12
317,2025-11-26 14:18:26+05:30,1011.7,127,1001.8,7841295,406933.0,428707.0,986.2,1012.8,981.3,986.2,120516750,1084.8,887.6,1102.5,649.1,1011.7,507,2,1011.6,229,6,1011.5,832,9,1011.4,818,16,1011.3,1225,13,1011.9,98,4,1012.0,278,17,1012.1,966,7,1012.2,1247,19,1012.3,778,12
317,2025-11-26 14:18:27+05:30,1011.7,127,1001.8,7841295,406882.0,428825.0,986.2,1012.8,981.3,986.2,120516750,1084.8,887.6,1102.5,649.1,1011.7,502,2,1011.6,234,7,1011.5,282,8,1011.4,1317,17,1011.3,1225,13,1011.9,98,4,1012.0,278,17,1012.1,1018,8,1012.2,1168,14,1012.3,1155,18
317,2025-11-26 14:18:28+05:30,1011.9,4,1001.8,7841299,406925.0,428821.0,986.2,1012.8,981.3,986.2,120516750,1084.8,887.6,1102.5,649.1,1011.7,502,2,1011.6,234,7,1011.5,325,9,1011.4,1317,17,1011.3,1225,13,1011.9,94,4,1012.0,278,17,1012.1,1018,8,1012.2,1168,14,1012.3,1155,18
317,2025-11-26 14:18:28+05:30,1011.9,4,1001.8,7841299,406925.0,428821.0,986.2,1012.8,981.3,986.2,120516750,1084.8,887.6,1102.5,649.1,1011.7,502,2,1011.6,234,7,1011.5,325,9,1011.4,1317,17,1011.3,1225,13,1011.9,94,4,1012.0,278,17,1012.1,1018,8,1012.2,1168,14,1012.3,1155,18
317,2025-11-26 14:18:29+05:30,1011.9,4,1001.8,7841299,408436.0,428853.0,986.2,1012.8,981.3,986.2,120516750,1084.8,887.6,1102.5,649.1,1011.7,501,2,1011.6,239,8,1011.5,304,8,1011.4,1345,18,1011.3,1225,13,1011.8,32,1,1011.9,94,4,1012.0,278,17,1012.1,1018,8,1012.2,1168,14
317,2025-11-26 14:18:30+05:30,1011.7,8,1001.8,7841361,415871.0,428858.0,986.2,1012.8,981.3,986.2,120516750,1084.8,887.6,1102.5,649.1,1011.7,493,2,1011.6,311,9,1011.5,304,8,1011.4,1345,18,1011.3,1225,13,1011.8,32,1,1011.9,94,4,1012.0,278,17,1012.1,966,7,1012.2,1168,14
317,2025-11-26 14:18:30+05:30,1011.7,8,1001.8,7841361,415871.0,428858.0,986.2,1012.8,981.3,986.2,120516750,1084.8,887.6,1102.5,649.1,1011.7,493,2,1011.6,311,9,1011.5,304,8,1011.4,1345,18,1011.3,1225,13,1011.8,32,1,1011.9,94,4,1012.0,278,17,1012.1,966,7,1012.2,1168,14
317,2025-11-26 14:18:31+05:30,1011.8,7,1001.8,7841624,414568.0,428505.0,986.2,1012.8,981.3,986.2,120516750,1084.8,887.6,1102.5,649.1,1011.8,120,1,1011.7,493,2,1011.6,311,9,1011.5,438,10,1011.4,1317,17,1011.9,94,4,1012.0,278,17,1012.1,792,5,1012.2,1020,12,1012.3,1161,19
317,2025-11-26 14:18:31+05:30,1011.8,7,1001.8,7841624,414568.0,428505.0,986.2,1012.8,981.3,986.2,120516750,1084.8,887.6,1102.5,649.1,1011.8,120,1,1011.7,493,2,1011.6,311,9,1011.5,438,10,1011.4,1317,17,1011.9,94,4,1012.0,278,17,1012.1,792,5,1012.2,1020,12,1012.3,1161,19
317,2025-11-26 14:18:32+05:30,1011.8,7,1001.8,7841624,414515.0,428475.0,986.2,1012.8,981.3,986.2,120516750,1084.8,887.6,1102.5,649.1,1011.8,120,1,1011.7,497,3,1011.6,311,9,1011.5,429,9,1011.4,1317,17,1011.9,94,4,1012.0,278,17,1012.1,792,5,1012.2,1020,12,1012.3,1166,20
317,2025-11-26 14:18:32+05:30,1011.9,5,1001.8,7841624,414515.0,428475.0,986.2,1012.8,981.3,986.2,120516750,1084.8,887.6,1102.5,649.1,1011.8,120,1,1011.7,497,3,1011.6,311,9,1011.5,429,9,1011.4,1317,17,1011.9,94,4,1012.0,278,17,1012.1,792,5,1012.2,1020,12,1012.3,1166,20
317,2025-11-26 14:18:33+05:30,1012.0,21,1001.8,7841903,414143.0,428533.0,986.2,1012.8,981.3,986.2,120516750,1084.8,887.6,1102.5,649.1,1011.7,502,4,1011.6,254,8,1011.5,374,7,1011.4,1214,18,1011.3,975,11,1012.0,223,9,1012.1,893,7,1012.2,1459,15,1012.3,864,19,1012.4,1419,11
317,2025-11-26 14:18:33+05:30,1012.0,128,1001.8,7841903,414143.0,428533.0,986.2,1012.8,981.3,986.2,120516750,1084.8,887.6,1102.5,649.1,1011.7,502,4,1011.6,254,8,1011.5,374,7,1011.4,1214,18,1011.3,975,11,1012.0,223,9,1012.1,893,7,1012.2,1459,15,1012.3,864,19,1012.4,1419,11
317,2025-11-26 14:18:34+05:30,1012.1,47,1001.8,7842464,414512.0,426528.0,986.2,1012.8,981.3,986.2,120516750,1084.8,887.6,1102.5,649.1,1012.0,62,1,1011.9,100,1,1011.7,751,6,1011.6,589,9,1011.5,1172,12,1012.2,1080,14,1012.3,1508,20,1012.4,1465,12,1012.5,2855,32,1012.6,2339,16
317,2025-11-26 14:18:34+05:30,1012.2,60,1001.8,7842464,414512.0,426528.0,986.2,1012.8,981.3,986.2,120516750,1084.8,887.6,1102.5,649.1,1012.0,62,1,1011.9,100,1,1011.7,751,6,1011.6,589,9,1011.5,1172,12,1012.2,1080,14,1012.3,1508,20,1012.4,1465,12,1012.5,2855,32,1012.6,2339,16
317,2025-11-26 14:18:35+05:30,1012.0,8,1001.8,7842968,415244.0,425278.0,986.2,1012.8,981.3,986.2,120516750,1084.8,887.6,1102.5,649.1,1012.0,67,3,1011.9,100,1,1011.8,6,1,1011.7,794,7,1011.6,711,10,1012.2,268,8,1012.3,560,12,1012.4,1842,18,1012.5,2796,32,1012.6,2274,15
317,2025-11-26 14:18:35+05:30,1012.0,8,1001.8,7842968,415244.0,425278.0,986.2,1012.8,981.3,986.2,120516750,1084.8,887.6,1102.5,649.1,1012.0,67,3,1011.9,100,1,1011.8,6,1,1011.7,794,7,1011.6,711,10,1012.2,268,8,1012.3,560,12,1012.4,1842,18,1012.5,2796,32,1012.6,2274,15
317,2025-11-26 14:18:36+05:30,1012.2,25,1001.8,7842968,415244.0,425278.0,986.2,1012.8,981.3,986.2,120516750,1084.8,887.6,1102.5,649.1,1012.0,67,3,1011.9,100,1,1011.8,6,1,1011.7,794,7,1011.6,711,10,1012.2,268,8,1012.3,560,12,1012.4,1842,18,1012.5,2796,32,1012.6,2274,15
317,2025-11-26 14:18:36+05:30,1012.2,25,1001.8,7843480,415667.0,424293.0,986.2,1012.8,981.3,986.2,120516750,1084.8,887.6,1102.5,649.1,1012.0,83,5,1011.9,104,2,1011.8,213,3,1011.7,734,4,1011.6,1383,10,1012.2,24,1,1012.3,982,10,1012.4,1670,18,1012.5,2734,31,1012.6,2193,13
317,2025-11-26 14:18:37+05:30,1012.3,106,1001.8,7843982,414580.0,424539.0,986.2,1012.8,981.3,986.2,120516750,1084.8,887.6,1102.5,649.1,1012.0,83,5,1011.9,104,2,1011.8,6,1,1011.7,739,5,1011.6,693,11,1012.2,24,1,1012.3,868,7,1012.4,1802,19,1012.5,2838,33,1012.6,2328,16
317,2025-11-26 14:18:37+05:30,1012.2,57,1001.8,7843982,414580.0,424539.0,986.2,1012.8,981.3,986.2,120516750,1084.8,887.6,1102.5,649.1,1012.0,83,5,1011.9,104,2,1011.8,6,1,1011.7,739,5,1011.6,693,11,1012.2,24,1,1012.3,868,7,1012.4,1802,19,1012.5,2838,33,1012.6,2328,16
317,2025-11-26 14:18:38+05:30,1012.2,3,1001.8,7844805,414334.0,424630.0,986.2,1012.8,981.3,986.2,120516750,1084.8,887.6,1102.5,649.1,1012.0,29,4,1011.9,109,3,1011.8,214,3,1011.7,797,8,1011.6,661,10,1012.2,21,1,1012.3,889,10,1012.4,1891,21,1012.5,2858,34,1012.6,2328,16
317,2025-11-26 14:18:38+05:30,1012.2,3,1001.8,7844805,414334.0,424630.0,986.2,1012.8,981.3,986.2,120516750,1084.8,887.6,1102.5,649.1,1012.0,29,4,1011.9,109,3,1011.8,214,3,1011.7,797,8,1011.6,661,10,1012.2,21,1,1012.3,889,10,1012.4,1891,21,1012.5,2858,34,1012.6,2328,16
317,2025-11-26 14:18:39+05:30,1012.2,3,1001.8,7844805,414319.0,425086.0,986.2,1012.8,981.3,986.2,120516750,1084.8,887.6,1102.5,649.1,1012.0,29,4,1011.9,109,3,1011.8,214,3,1011.7,865,10,1011.6,661,10,1012.1,121,3,1012.2,58,1,1012.3,925,9,1012.4,1952,23,1012.5,2858,34
317,2025-11-26 14:18:40+05:30,1012.0,2,1001.8,7844856,413797.0,425904.0,986.2,1012.8,981.3,986.2,120516750,1084.8,887.6,1102.5,649.1,1012.0,14,3,1011.9,109,3,1011.8,12,2,1011.7,754,9,1011.6,661,10,1012.1,96,2,1012.2,392,5,1012.3,1330,11,1012.4,1654,22,1012.5,2858,34
317,2025-11-26 14:18:40+05:30,1012.0,2,1001.8,7844856,413797.0,425904.0,986.2,1012.8,981.3,986.2,120516750,1084.8,887.6,1102.5,649.1,1012.0,14,3,1011.9,109,3,1011.8,12,2,1011.7,754,9,1011.6,661,10,1012.1,96,2,1012.2,392,5,1012.3,1330,11,1012.4,1654,22,1012.5,2858,34
317,2025-11-26 14:18:41+05:30,1012.1,2,1001.8,7844856,413797.0,425904.0,986.2,1012.8,981.3,986.2,120516750,1084.8,887.6,1102.5,649.1,1012.0,14,3,1011.9,109,3,1011.8,12,2,1011.7,754,9,1011.6,661,10,1012.1,96,2,1012.2,392,5,1012.3,1330,11,1012.4,1654,22,1012.5,2858,34
317,2025-11-26 14:18:41+05:30,1012.1,2,1001.8,7844858,413772.0,425916.0,986.2,1012.8,981.3,986.2,120516750,1084.8,887.6,1102.5,649.1,1012.0,14,3,1011.9,109,3,1011.8,12,2,1011.7,754,9,1011.6,661,10,1012.1,117,3,1012.2,371,5,1012.3,1330,11,1012.4,1654,22,1012.5,2870,35
317,2025-11-26 14:18:42+05:30,1012.0,5,1001.8,7844858,413772.0,425916.0,986.2,1012.8,981.3,986.2,120516750,1084.8,887.6,1102.5,649.1,1012.0,14,3,1011.9,109,3,1011.8,12,2,1011.7,754,9,1011.6,661,10,1012.1,117,3,1012.2,371,5,1012.3,1330,11,1012.4,1654,22,1012.5,2870,35
317,2025-11-26 14:18:42+05:30,1012.0,5,1001.8,7844983,414082.0,427512.0,986.2,1012.8,981.3,986.2,120516750,1084.8,887.6,1102.5,649.1,1011.9,109,3,1011.8,12,2,1011.7,754,9,1011.6,661,10,1011.5,537,9,1012.0,99,1,1012.1,159,3,1012.2,476,7,1012.3,1358,12,1012.4,1626,21
317,2025-11-26 14:18:43+05:30,1011.9,78,1001.8,7845141,414180.0,427284.0,986.2,1012.8,981.3,986.2,120516750,1084.8,887.6,1102.5,649.1,1011.9,31,3,1011.8,12,2,1011.7,879,10,1011.6,661,10,1011.5,537,9,1012.0,19,1,1012.1,94,2,1012.2,971,8,1012.3,514,10,1012.4,1649,22
317,2025-11-26 14:18:43+05:30,1011.9,78,1001.8,7845141,414180.0,427284.0,986.2,1012.8,981.3,986.2,120516750,1084.8,887.6,1102.5,649.1,1011.9,31,3,1011.8,12,2,1011.7,879,10,1011.6,661,10,1011.5,537,9,1012.0,19,1,1012.1,94,2,1012.2,971,8,1012.3,514,10,1012.4,1649,22
317,2025-11-26 14:18:44+05:30,1011.9,3,1001.81,7845475,414281.0,427352.0,986.2,1012.8,981.3,986.2,120516750,1084.8,887.6,1102.5,649.1,1011.8,12,2,1011.7,749,9,1011.6,617,11,1011.5,565,10,1011.4,1063,10,1011.9,59,1,1012.0,19,1,1012.1,30,1,1012.2,1111,8,1012.3,716,10
317,2025-11-26 14:18:44+05:30,1011.9,3,1001.81,7845475,414281.0,427352.0,986.2,1012.8,981.3,986.2,120516750,1084.8,887.6,1102.5,649.1,1011.8,12,2,1011.7,749,9,1011.6,617,11,1011.5,565,10,1011.4,1063,10,1011.9,59,1,1012.0,19,1,1012.1,30,1,1012.2,1111,8,1012.3,716,10
317,2025-11-26 14:18:45+05:30,1011.9,2,1001.81,7845475,414281.0,427352.0,986.2,1012.8,981.3,986.2,120516750,1084.8,887.6,1102.5,649.1,1011.8,12,2,1011.7,749,9,1011.6,617,11,1011.5,565,10,1011.4,1063,10,1011.9,59,1,1012.0,19,1,1012.1,30,1,1012.2,1111,8,1012.3,716,10
317,2025-11-26 14:18:45+05:30,1011.9,1,1001.81,7845478,414306.0,427604.0,986.2,1012.8,981.3,986.2,120516750,1084.8,887.6,1102.5,649.1,1011.8,12,2,1011.7,685,5,1011.6,638,14,1011.5,560,10,1011.4,1063,10,1011.9,59,3,1012.0,50,2,1012.1,30,1,1012.2,1159,10,1012.3,716,10
317,2025-11-26 14:18:46+05:30,1011.9,1,1001.81,7845478,414306.0,427604.0,986.2,1012.8,981.3,986.2,120516750,1084.8,887.6,1102.5,649.1,1011.8,12,2,1011.7,685,5,1011.6,638,14,1011.5,560,10,1011.4,1063,10,1011.9,59,3,1012.0,50,2,1012.1,30,1,1012.2,1159,10,1012.3,716,10
317,2025-11-26 14:18:46+05:30,1011.9,1,1001.81,7845478,414406.0,427614.0,986.2,1012.8,981.3,986.2,120516750,1084.8,887.6,1102.5,649.1,1011.8,12,2,1011.7,685,5,1011.6,638,14,1011.5,560,10,1011.4,1063,10,1011.9,59,3,1012.0,50,2,1012.1,30,1,1012.2,1159,10,1012.3,716,10
317,2025-11-26 14:18:47+05:30,1011.9,1,1001.81,7845478,414406.0,427614.0,986.2,1012.8,981.3,986.2,120516750,1084.8,887.6,1102.5,649.1,1011.8,12,2,1011.7,685,5,1011.6,638,14,1011.5,560,10,1011.4,1063,10,1011.9,59,3,1012.0,50,2,1012.1,30,1,1012.2,1159,10,1012.3,716,10
317,2025-11-26 14:18:48+05:30,1011.9,1,1001.81,7845478,414406.0,427614.0,986.2,1012.8,981.3,986.2,120516750,1084.8,887.6,1102.5,649.1,1011.8,12,2,1011.7,685,5,1011.6,638,14,1011.5,560,10,1011.4,1063,10,1011.9,59,3,1012.0,50,2,1012.1,30,1,1012.2,1159,10,1012.3,716,10
317,2025-11-26 14:18:49+05:30,1011.8,47,1001.81,7845627,415045.0,427910.0,986.2,1012.8,981.3,986.2,120516750,1084.8,887.6,1102.5,649.1,1011.7,685,5,1011.6,567,12,1011.5,451,9,1011.4,728,9,1011.3,1327,10,1011.8,62,2,1012.0,55,3,1012.1,372,3,1012.2,1159,10,1012.3,703,9
317,2025-11-26 14:18:49+05:30,1011.8,47,1001.81,7845627,415045.0,427910.0,986.2,1012.8,981.3,986.2,120516750,1084.8,887.6,1102.5,649.1,1011.7,685,5,1011.6,567,12,1011.5,451,9,1011.4,728,9,1011.3,1327,10,1011.8,62,2,1012.0,55,3,1012.1,372,3,1012.2,1159,10,1012.3,703,9
317,2025-11-26 14:18:50+05:30,1011.8,47,1001.81,7845627,415307.0,427915.0,986.2,1012.8,981.3,986.2,120516750,1084.8,887.6,1102.5,649.1,1011.7,905,9,1011.6,544,11,1011.5,494,10,1011.4,750,10,1011.3,1327,10,1011.8,62,2,1012.0,55,3,1012.1,372,3,1012.2,1164,11,1012.3,703,9
317,2025-11-26 14:18:50+05:30,1011.8,2,1001.81,7845627,415307.0,427915.0,986.2,1012.8,981.3,986.2,120516750,1084.8,887.6,1102.5,649.1,1011.7,905,9,1011.6,544,11,1011.5,494,10,1011.4,750,10,1011.3,1327,10,1011.8,62,2,1012.0,55,3,1012.1,372,3,1012.2,1164,11,1012.3,703,9
317,2025-11-26 14:18:51+05:30,1011.8,1,1001.81,7845630,415305.0,427584.0,986.2,1012.8,981.3,986.2,120516750,1084.8,887.6,1102.5,649.1,1011.7,882,8,1011.6,565,12,1011.5,494,10,1011.4,750,10,1011.3,1327,10,1011.8,60,3,1012.0,55,3,1012.1,372,3,1012.2,962,10,1012.3,703,9
317,2025-11-26 14:18:51+05:30,1011.8,1,1001.81,7845630,415305.0,427584.0,986.2,1012.8,981.3,986.2,120516750,1084.8,887.6,1102.5,649.1,1011.7,882,8,1011.6,565,12,1011.5,494,10,1011.4,750,10,1011.3,1327,10,1011.8,60,3,1012.0,55,3,1012.1,372,3,1012.2,962,10,1012.3,703,9
317,2025-11-26 14:18:51+05:30,1011.8,1,1001.81,7845630,415305.0,427584.0,986.2,1012.8,981.3,986.2,120516750,1084.8,887.6,1102.5,649.1,1011.7,882,8,1011.6,565,12,1011.5,494,10,1011.4,750,10,1011.3,1327,10,1011.8,60,3,1012.0,55,3,1012.1,372,3,1012.2,962,10,1012.3,703,9
317,2025-11-26 14:18:52+05:30,1011.8,4,1001.81,7845634,415330.0,427598.0,986.2,1012.8,981.3,986.2,120516750,1084.8,887.6,1102.5,649.1,1011.7,882,8,1011.6,565,12,1011.5,494,10,1011.4,750,10,1011.3,1352,11,1011.8,56,3,1011.9,1,1,1012.0,55,3,1012.1,372,3,1012.2,962,10
317,2025-11-26 14:18:52+05:30,1011.8,5,1001.81,7845634,415330.0,427598.0,986.2,1012.8,981.3,986.2,120516750,1084.8,887.6,1102.5,649.1,1011.7,882,8,1011.6,565,12,1011.5,494,10,1011.4,750,10,1011.3,1352,11,1011.8,56,3,1011.9,1,1,1012.0,55,3,1012.1,372,3,1012.2,962,10
317,2025-11-26 14:18:53+05:30,1011.8,3,1001.81,7845811,415135.0,427910.0,986.2,1012.8,981.3,986.2,120516750,1084.8,887.6,1102.5,649.1,1011.7,620,7,1011.6,521,10,1011.5,536,12,1011.4,750,10,1011.3,1352,11,1011.8,340,4,1011.9,34,2,1012.0,25,3,1012.1,372,3,1012.2,962,10
317,2025-11-26 14:18:53+05:30,1011.8,1,1001.81,7845811,415135.0,427910.0,986.2,1012.8,981.3,986.2,120516750,1084.8,887.6,1102.5,649.1,1011.7,620,7,1011.6,521,10,1011.5,536,12,1011.4,750,10,1011.3,1352,11,1011.8,340,4,1011.9,34,2,1012.0,25,3,1012.1,372,3,1012.2,962,10
317,2025-11-26 14:18:54+05:30,1011.8,51,1001.81,7846388,415256.0,427406.0,986.2,1012.8,981.3,986.2,120516750,1084.8,887.6,1102.5,649.1,1011.7,331,4,1011.6,529,8,1011.5,536,15,1011.4,1244,11,1011.3,1023,11,1011.8,4,1,1011.9,34,2,1012.0,25,3,1012.1,315,2,1012.2,904,9
317,2025-11-26 14:18:54+05:30,1011.8,51,1001.81,7846388,415256.0,427406.0,986.2,1012.8,981.3,986.2,120516750,1084.8,887.6,1102.5,649.1,1011.7,331,4,1011.6,529,8,1011.5,536,15,1011.4,1244,11,1011.3,1023,11,1011.8,4,1,1011.9,34,2,1012.0,25,3,1012.1,315,2,1012.2,904,9
317,2025-11-26 14:18:55+05:30,1011.9,12,1001.81,7846418,414841.0,427009.0,986.2,1012.8,981.3,986.2,120516750,1084.8,887.6,1102.5,649.1,1011.7,1135,8,1011.6,572,9,1011.5,705,17,1011.4,1235,11,1011.3,893,10,1011.9,8,1,1012.0,35,3,1012.2,904,9,1012.3,735,12,1012.4,1479,17
317,2025-11-26 14:18:55+05:30,1011.9,12,1001.81,7846418,414841.0,427009.0,986.2,1012.8,981.3,986.2,120516750,1084.8,887.6,1102.5,649.1,1011.7,1135,8,1011.6,572,9,1011.5,705,17,1011.4,1235,11,1011.3,893,10,1011.9,8,1,1012.0,35,3,1012.2,904,9,1012.3,735,12,1012.4,1479,17
317,2025-11-26 14:18:56+05:30,1012.0,1,1001.81,7846591,414752.0,425271.0,986.2,1012.8,981.3,986.2,120516750,1084.8,887.6,1102.5,649.1,1012.0,4,1,1011.8,9,1,1011.7,1289,11,1011.6,665,9,1011.5,683,16,1012.2,421,8,1012.3,905,10,1012.4,1809,19,1012.5,2884,35,1012.6,2101,15
317,2025-11-26 14:18:56+05:30,1012.0,1,1001.81,7846591,414752.0,425271.0,986.2,1012.8,981.3,986.2,120516750,1084.8,887.6,1102.5,649.1,1012.0,4,1,1011.8,9,1,1011.7,1289,11,1011.6,665,9,1011.5,683,16,1012.2,421,8,1012.3,905,10,1012.4,1809,19,1012.5,2884,35,1012.6,2101,15
317,2025-11-26 14:18:57+05:30,1012.0,1,1001.81,7846592,414491.0,425375.0,986.2,1012.8,981.3,986.2,120516750,1084.8,887.6,1102.5,649.1,1012.0,3,1,1011.8,11,2,1011.7,1289,11,1011.6,665,9,1011.5,683,16,1012.2,525,10,1012.3,905,10,1012.4,1809,19,1012.5,2884,35,1012.6,2101,15
317,2025-11-26 14:18:58+05:30,1012.2,1,1001.81,7846597,414554.0,425206.0,986.2,1012.8,981.3,986.2,120516750,1084.8,887.6,1102.5,649.1,1012.0,3,2,1011.8,11,2,1011.7,1153,9,1011.6,697,10,1011.5,683,16,1012.2,420,7,1012.3,905,10,1012.4,1703,17,1012.5,2884,35,1012.6,2101,15
317,2025-11-26 14:18:58+05:30,1012.2,1,1001.81,7846597,414554.0,425206.0,986.2,1012.8,981.3,986.2,120516750,1084.8,887.6,1102.5,649.1,1012.0,3,2,1011.8,11,2,1011.7,1153,9,1011.6,697,10,1011.5,683,16,1012.2,420,7,1012.3,905,10,1012.4,1703,17,1012.5,2884,35,1012.6,2101,15
317,2025-11-26 14:18:59+05:30,1012.0,1,1001.81,7846601,414444.0,425180.0,986.2,1012.8,981.3,986.2,120516750,1084.8,887.6,1102.5,649.1,1012.0,39,1,1011.9,5,2,1011.8,11,2,1011.7,1296,11,1011.6,689,8,1012.1,23,1,1012.2,101,4,1012.3,932,10,1012.4,1757,20,1012.5,2884,35
317,2025-11-26 14:18:59+05:30,1012.0,1,1001.81,7846601,414444.0,425180.0,986.2,1012.8,981.3,986.2,120516750,1084.8,887.6,1102.5,649.1,1012.0,39,1,1011.9,5,2,1011.8,11,2,1011.7,1296,11,1011.6,689,8,1012.1,23,1,1012.2,101,4,1012.3,932,10,1012.4,1757,20,1012.5,2884,35
317,2025-11-26 14:19:00+05:30,1012.0,8,1001.81,7846601,414444.0,425180.0,986.2,1012.8,981.3,986.2,120516750,1084.8,887.6,1102.5,649.1,1012.0,39,1,1011.9,5,2,1011.8,11,2,1011.7,1296,11,1011.6,689,8,1012.1,23,1,1012.2,101,4,1012.3,932,10,1012.4,1757,20,1012.5,2884,35
317,2025-11-26 14:19:00+05:30,1012.1,1,1001.81,7846611,414392.0,425291.0,986.2,1012.8,981.3,986.2,120516750,1084.8,887.6,1102.5,649.1,1012.0,75,3,1011.9,5,2,1011.8,36,3,1011.7,1189,10,1011.6,689,8,1012.1,22,2,1012.2,96,3,1012.3,1039,11,1012.4,1767,22,1012.5,2884,35
317,2025-11-26 14:19:01+05:30,1012.1,28,1001.81,7846661,414405.0,425365.0,986.2,1012.8,981.3,986.2,120516750,1084.8,887.6,1102.5,649.1,1012.0,88,4,1011.9,21,3,1011.8,36,3,1011.7,1173,9,1011.6,689,8,1012.1,23,1,1012.2,96,3,1012.3,1039,11,1012.4,1736,21,1012.5,2884,35
317,2025-11-26 14:19:01+05:30,1012.1,28,1001.81,7846661,414405.0,425365.0,986.2,1012.8,981.3,986.2,120516750,1084.8,887.6,1102.5,649.1,1012.0,88,4,1011.9,21,3,1011.8,36,3,1011.7,1173,9,1011.6,689,8,1012.1,23,1,1012.2,96,3,1012.3,1039,11,1012.4,1736,21,1012.5,2884,35
317,2025-11-26 14:19:02+05:30,1012.0,20,1001.81,7846681,414385.0,425529.0,986.2,1012.8,981.3,986.2,120516750,1084.8,887.6,1102.5,649.1,1012.0,68,4,1011.9,21,3,1011.8,36,3,1011.7,1173,9,1011.6,689,8,1012.1,23,1,1012.2,96,3,1012.3,1039,11,1012.4,1756,20,1012.5,2889,36
317,2025-11-26 14:19:02+05:30,1012.1,4,1001.81,7846681,414385.0,425529.0,986.2,1012.8,981.3,986.2,120516750,1084.8,887.6,1102.5,649.1,1012.0,68,4,1011.9,21,3,1011.8,36,3,1011.7,1173,9,1011.6,689,8,1012.1,23,1,1012.2,96,3,1012.3,1039,11,1012.4,1756,20,1012.5,2889,36
317,2025-11-26 14:19:03+05:30,1012.0,1,1001.81,7846713,414637.0,425636.0,986.2,1012.8,981.3,986.2,120516750,1084.8,887.6,1102.5,649.1,1012.0,67,4,1011.9,21,3,1011.8,238,4,1011.7,1173,9,1011.6,743,9,1012.1,23,1,1012.2,96,3,1012.3,1014,10,1012.4,1777,21,1012.5,2896,37
317,2025-11-26 14:19:03+05:30,1012.0,1,1001.81,7846713,414637.0,425636.0,986.2,1012.8,981.3,986.2,120516750,1084.8,887.6,1102.5,649.1,1012.0,67,4,1011.9,21,3,1011.8,238,4,1011.7,1173,9,1011.6,743,9,1012.1,23,1,1012.2,96,3,1012.3,1014,10,1012.4,1777,21,1012.5,2896,37
317,2025-11-26 14:19:04+05:30,1012.0,33,1001.81,7846853,414080.0,425412.0,986.2,1012.8,981.3,986.2,120516750,1084.8,887.6,1102.5,649.1,1012.1,23,1,1012.0,347,3,1011.9,21,3,1011.8,186,4,1011.7,1279,10,1012.2,96,3,1012.3,932,10,1012.4,1729,19,1012.5,2925,38,1012.6,2219,15
317,2025-11-26 14:19:04+05:30,1012.1,10,1001.81,7846853,414080.0,425412.0,986.2,1012.8,981.3,986.2,120516750,1084.8,887.6,1102.5,649.1,1012.1,23,1,1012.0,347,3,1011.9,21,3,1011.8,186,4,1011.7,1279,10,1012.2,96,3,1012.3,932,10,1012.4,1729,19,1012.5,2925,38,1012.6,2219,15
317,2025-11-26 14:19:05+05:30,1012.2,2,1001.81,7846875,414235.0,425218.0,986.2,1012.8,981.3,986.2,120516750,1084.8,887.6,1102.5,649.1,1012.1,22,3,1012.0,347,3,1011.9,21,3,1011.8,200,4,1011.7,1311,10,1012.2,84,2,1012.3,729,6,1012.4,569,10,1012.5,3873,37,1012.6,2255,17
317,2025-11-26 14:19:05+05:30,1012.2,2,1001.81,7846875,414235.0,425218.0,986.2,1012.8,981.3,986.2,120516750,1084.8,887.6,1102.5,649.1,1012.1,22,3,1012.0,347,3,1011.9,21,3,1011.8,200,4,1011.7,1311,10,1012.2,84,2,1012.3,729,6,1012.4,569,10,1012.5,3873,37,1012.6,2255,17
317,2025-11-26 14:19:06+05:30,1012.1,2,1001.81,7846891,415132.0,425274.0,986.2,1012.8,981.3,986.2,120516750,1084.8,887.6,1102.5,649.1,1012.1,30,3,1012.0,347,3,1011.9,21,3,1011.8,305,4,1011.7,1334,11,1012.2,83,2,1012.3,778,6,1012.4,899,14,1012.5,3709,44,1012.6,2225,16
317,2025-11-26 14:19:06+05:30,1012.1,5,1001.81,7846891,415132.0,425274.0,986.2,1012.8,981.3,986.2,120516750,1084.8,887.6,1102.5,649.1,1012.1,30,3,1012.0,347,3,1011.9,21,3,1011.8,305,4,1011.7,1334,11,1012.2,83,2,1012.3,778,6,1012.4,899,14,1012.5,3709,44,1012.6,2225,16
317,2025-11-26 14:19:07+05:30,1012.1,5,1001.81,7847175,414366.0,426143.0,986.2,1012.8,981.3,986.2,120516750,1084.8,887.6,1102.5,649.1,1012.0,356,4,1011.9,21,3,1011.8,200,4,1011.7,1298,9,1011.6,1584,13,1012.2,113,3,1012.3,687,6,1012.4,974,16,1012.5,3703,44,1012.6,2225,16
317,2025-11-26 14:19:08+05:30,1012.2,24,1001.81,7847282,413759.0,425832.0,986.2,1012.8,981.3,986.2,120516750,1084.8,887.6,1102.5,649.1,1012.0,356,4,1011.9,21,3,1011.8,200,4,1011.7,1298,9,1011.6,751,11,1012.2,526,4,1012.3,329,6,1012.4,707,16,1012.5,3703,44,1012.6,2225,16
317,2025-11-26 14:19:08+05:30,1012.2,24,1001.81,7847282,413759.0,425832.0,986.2,1012.8,981.3,986.2,120516750,1084.8,887.6,1102.5,649.1,1012.0,356,4,1011.9,21,3,1011.8,200,4,1011.7,1298,9,1011.6,751,11,1012.2,526,4,1012.3,329,6,1012.4,707,16,1012.5,3703,44,1012.6,2225,16
317,2025-11-26 14:19:09+05:30,1012.2,24,1001.81,7847282,413688.0,425951.0,986.2,1012.8,981.3,986.2,120516750,1084.8,887.6,1102.5,649.1,1012.0,356,4,1011.9,21,3,1011.8,200,4,1011.7,1215,9,1011.6,751,11,1012.1,12,1,1012.2,526,4,1012.3,436,7,1012.4,1005,17,1012.5,3703,44
317,2025-11-26 14:19:10+05:30,1012.1,1,1001.81,7847282,413688.0,425951.0,986.2,1012.8,981.3,986.2,120516750,1084.8,887.6,1102.5,649.1,1012.0,356,4,1011.9,21,3,1011.8,200,4,1011.7,1215,9,1011.6,751,11,1012.1,12,1,1012.2,526,4,1012.3,436,7,1012.4,1005,17,1012.5,3703,44
317,2025-11-26 14:19:10+05:30,1012.1,2,1001.81,7847285,413710.0,425949.0,986.2,1012.8,981.3,986.2,120516750,1084.8,887.6,1102.5,649.1,1012.0,368,5,1011.9,21,3,1011.8,200,4,1011.7,1215,9,1011.6,751,11,1012.1,10,2,1012.2,526,4,1012.3,436,7,1012.4,1005,17,1012.5,3703,44
317,2025-11-26 14:19:11+05:30,1012.1,2,1001.81,7847285,413710.0,425949.0,986.2,1012.8,981.3,986.2,120516750,1084.8,887.6,1102.5,649.1,1012.0,368,5,1011.9,21,3,1011.8,200,4,1011.7,1215,9,1011.6,751,11,1012.1,10,2,1012.2,526,4,1012.3,436,7,1012.4,1005,17,1012.5,3703,44
317,2025-11-26 14:19:11+05:30,1012.1,2,1001.81,7847285,413768.0,426385.0,986.2,1012.8,981.3,986.2,120516750,1084.8,887.6,1102.5,649.1,1012.0,368,5,1011.9,21,3,1011.8,223,5,1011.7,1192,8,1011.6,751,11,1012.1,10,2,1012.2,948,3,1012.3,397,6,1012.4,1005,17,1012.5,3703,44
317,2025-11-26 14:19:12+05:30,1012.1,1,1001.81,7847285,413768.0,426385.0,986.2,1012.8,981.3,986.2,120516750,1084.8,887.6,1102.5,649.1,1012.0,368,5,1011.9,21,3,1011.8,223,5,1011.7,1192,8,1011.6,751,11,1012.1,10,2,1012.2,948,3,1012.3,397,6,1012.4,1005,17,1012.5,3703,44
317,2025-11-26 14:19:12+05:30,1012.1,1,1001.81,7847296,413712.0,426540.0,986.2,1012.8,981.3,986.2,120516750,1084.8,887.6,1102.5,649.1,1012.0,368,5,1011.9,21,3,1011.8,177,3,1011.7,1238,10,1011.6,751,11,1012.1,19,2,1012.2,539,4,1012.3,1005,8,1012.4,1005,17,1012.5,3703,44
317,2025-11-26 14:19:13+05:30,1012.1,4,1001.81,7847296,413712.0,426540.0,986.2,1012.8,981.3,986.2,120516750,1084.8,887.6,1102.5,649.1,1012.0,368,5,1011.9,21,3,1011.8,177,3,1011.7,1238,10,1011.6,751,11,1012.1,19,2,1012.2,539,4,1012.3,1005,8,1012.4,1005,17,1012.5,3703,44
317,2025-11-26 14:19:13+05:30,1012.0,89,1001.81,7847487,413726.0,425805.0,986.2,1012.8,981.3,986.2,120516750,1084.8,887.6,1102.5,649.1,1012.0,280,5,1011.9,21,3,1011.8,177,3,1011.7,1175,8,1011.6,774,12,1012.1,8,1,1012.2,543,4,1012.3,458,8,1012.4,1005,17,1012.5,3575,36
317,2025-11-26 14:19:14+05:30,1012.1,61,1001.81,7847487,413726.0,425805.0,986.2,1012.8,981.3,986.2,120516750,1084.8,887.6,1102.5,649.1,1012.0,280,5,1011.9,21,3,1011.8,177,3,1011.7,1175,8,1011.6,774,12,1012.1,8,1,1012.2,543,4,1012.3,458,8,1012.4,1005,17,1012.5,3575,36
317,2025-11-26 14:19:14+05:30,1012.1,61,1001.81,7847550,413525.0,425876.0,986.2,1012.8,981.3,986.2,120516750,1084.8,887.6,1102.5,649.1,1012.1,118,1,1012.0,101,4,1011.9,21,3,1011.8,177,3,1011.7,1288,9,1012.2,608,5,1012.3,396,8,1012.4,976,16,1012.5,3680,43,1012.6,2225,16
317,2025-11-26 14:19:15+05:30,1012.2,3,1001.81,7847550,413525.0,425876.0,986.2,1012.8,981.3,986.2,120516750,1084.8,887.6,1102.5,649.1,1012.1,118,1,1012.0,101,4,1011.9,21,3,1011.8,177,3,1011.7,1288,9,1012.2,608,5,1012.3,396,8,1012.4,976,16,1012.5,3680,43,1012.6,2225,16
317,2025-11-26 14:19:15+05:30,1012.2,1,1001.81,7847666,413448.0,425720.0,986.2,1012.8,981.3,986.2,120516750,1084.8,887.6,1102.5,649.1,1012.1,139,3,1012.0,89,3,1011.9,21,3,1011.8,177,3,1011.7,1288,9,1012.2,388,3,1012.3,373,7,1012.4,999,17,1012.5,3705,44,1012.6,2225,16
317,2025-11-26 14:19:16+05:30,1012.2,1,1001.81,7847666,413488.0,425720.0,986.2,1012.8,981.3,986.2,120516750,1084.8,887.6,1102.5,649.1,1012.1,139,3,1012.0,89,3,1011.9,21,3,1011.8,177,3,1011.7,1288,9,1012.2,388,3,1012.3,373,7,1012.4,999,17,1012.5,3705,44,1012.6,2225,16
317,2025-11-26 14:19:16+05:30,1012.2,1,1001.81,7847666,413488.0,425720.0,986.2,1012.8,981.3,986.2,120516750,1084.8,887.6,1102.5,649.1,1012.1,139,3,1012.0,89,3,1011.9,21,3,1011.8,177,3,1011.7,1288,9,1012.2,388,3,1012.3,373,7,1012.4,999,17,1012.5,3705,44,1012.6,2225,16
317,2025-11-26 14:19:17+05:30,1012.1,1,1001.81,7847667,413533.0,425721.0,986.2,1012.8,981.3,986.2,120516750,1084.8,887.6,1102.5,649.1,1012.1,138,3,1012.0,89,3,1011.9,21,3,1011.8,177,3,1011.7,1327,10,1012.2,389,4,1012.3,373,7,1012.4,999,17,1012.5,3705,44,1012.6,2225,16
317,2025-11-26 14:19:17+05:30,1012.1,1,1001.81,7847667,413533.0,425721.0,986.2,1012.8,981.3,986.2,120516750,1084.8,887.6,1102.5,649.1,1012.1,138,3,1012.0,89,3,1011.9,21,3,1011.8,177,3,1011.7,1327,10,1012.2,389,4,1012.3,373,7,1012.4,999,17,1012.5,3705,44,1012.6,2225,16
317,2025-11-26 14:19:18+05:30,1012.2,3,1001.81,7847667,413533.0,425721.0,986.2,1012.8,981.3,986.2,120516750,1084.8,887.6,1102.5,649.1,1012.1,138,3,1012.0,89,3,1011.9,21,3,1011.8,177,3,1011.7,1327,10,1012.2,389,4,1012.3,373,7,1012.4,999,17,1012.5,3705,44,1012.6,2225,16
317,2025-11-26 14:19:18+05:30,1012.0,4,1001.81,7848067,413229.0,425657.0,986.2,1012.8,981.3,986.2,120516750,1084.8,887.6,1102.5,649.1,1012.0,71,3,1011.9,21,3,1011.8,177,3,1011.7,1304,9,1011.6,894,13,1012.2,391,5,1012.3,396,8,1012.4,935,16,1012.5,3680,43,1012.6,2225,16
317,2025-11-26 14:19:19+05:30,1012.0,4,1001.81,7848067,413229.0,425657.0,986.2,1012.8,981.3,986.2,120516750,1084.8,887.6,1102.5,649.1,1012.0,71,3,1011.9,21,3,1011.8,177,3,1011.7,1304,9,1011.6,894,13,1012.2,391,5,1012.3,396,8,1012.4,935,16,1012.5,3680,43,1012.6,2225,16
317,2025-11-26 14:19:19+05:30,1012.0,4,1001.81,7848067,413391.0,425489.0,986.2,1012.8,981.3,986.2,120516750,1084.8,887.6,1102.5,649.1,1012.1,2,1,1012.0,74,4,1011.9,21,3,1011.8,177,3,1011.7,1304,9,1012.2,416,6,1012.3,373,7,1012.4,902,15,1012.5,3703,44,1012.6,2225,16
317,2025-11-26 14:19:20+05:30,1012.2,1,1001.81,7848067,413391.0,425489.0,986.2,1012.8,981.3,986.2,120516750,1084.8,887.6,1102.5,649.1,1012.1,2,1,1012.0,74,4,1011.9,21,3,1011.8,177,3,1011.7,1304,9,1012.2,416,6,1012.3,373,7,1012.4,902,15,1012.5,3703,44,1012.6,2225,16
317,2025-11-26 14:19:20+05:30,1012.2,1,1001.81,7848229,413524.0,425423.0,986.2,1012.8,981.3,986.2,120516750,1084.8,887.6,1102.5,649.1,1012.0,29,3,1011.9,21,3,1011.8,177,3,1011.7,1304,9,1011.6,929,14,1012.2,414,6,1012.3,373,7,1012.4,861,15,1012.5,3680,43,1012.6,2225,16
317,2025-11-26 14:19:21+05:30,1012.2,1,1001.81,7848229,413524.0,425423.0,986.2,1012.8,981.3,986.2,120516750,1084.8,887.6,1102.5,649.1,1012.0,29,3,1011.9,21,3,1011.8,177,3,1011.7,1304,9,1011.6,929,14,1012.2,414,6,1012.3,373,7,1012.4,861,15,1012.5,3680,43,1012.6,2225,16
317,2025-11-26 14:19:21+05:30,1012.2,1,1001.81,7848229,413276.0,426275.0,986.2,1012.8,981.3,986.2,120516750,1084.8,887.6,1102.5,649.1,1012.0,42,4,1011.9,21,3,1011.8,177,3,1011.7,1152,7,1011.6,863,12,1012.1,227,3,1012.2,482,8,1012.3,992,8,1012.4,1588,15,1012.5,2930,42
317,2025-11-26 14:19:22+05:30,1012.1,4,1001.81,7848233,413276.0,426289.0,986.2,1012.8,981.3,986.2,120516750,1084.8,887.6,1102.5,649.1,1012.0,42,4,1011.9,21,3,1011.8,177,3,1011.7,1152,7,1011.6,863,12,1012.1,189,2,1012.2,453,7,1012.3,1021,9,1012.4,1588,15,1012.5,2930,42
317,2025-11-26 14:19:22+05:30,1012.1,4,1001.81,7848233,413276.0,426289.0,986.2,1012.8,981.3,986.2,120516750,1084.8,887.6,1102.5,649.1,1012.0,42,4,1011.9,21,3,1011.8,177,3,1011.7,1152,7,1011.6,863,12,1012.1,189,2,1012.2,453,7,1012.3,1021,9,1012.4,1588,15,1012.5,2930,42
317,2025-11-26 14:19:23+05:30,1012.1,11,1001.81,7848260,413272.0,426457.0,986.2,1012.8,981.3,986.2,120516750,1084.8,887.6,1102.5,649.1,1012.0,67,5,1011.9,21,3,1011.8,152,2,1011.7,1152,7,1011.6,902,13,1012.1,162,1,1012.2,1203,8,1012.3,466,8,1012.4,1588,15,1012.5,2930,42
317,2025-11-26 14:19:23+05:30,1012.1,11,1001.81,7848260,413272.0,426457.0,986.2,1012.8,981.3,986.2,120516750,1084.8,887.6,1102.5,649.1,1012.0,67,5,1011.9,21,3,1011.8,152,2,1011.7,1152,7,1011.6,902,13,1012.1,162,1,1012.2,1203,8,1012.3,466,8,1012.4,1588,15,1012.5,2930,42
317,2025-11-26 14:19:24+05:30,1012.1,162,1001.81,7848260,413272.0,426457.0,986.2,1012.8,981.3,986.2,120516750,1084.8,887.6,1102.5,649.1,1012.0,67,5,1011.9,21,3,1011.8,152,2,1011.7,1152,7,1011.6,902,13,1012.1,162,1,1012.2,1203,8,1012.3,466,8,1012.4,1588,15,1012.5,2930,42
317,2025-11-26 14:19:25+05:30,1012.1,162,1001.81,7848422,412523.0,426150.0,986.2,1012.8,981.3,986.2,120516750,1084.8,887.6,1102.5,649.1,1012.1,23,1,1012.0,67,5,1011.9,21,3,1011.8,158,3,1011.7,1296,9,1012.2,1164,7,1012.3,357,7,1012.4,1565,14,1012.5,2956,43,1012.6,2225,16
317,2025-11-26 14:19:25+05:30,1012.2,11,1001.81,7848422,412523.0,426150.0,986.2,1012.8,981.3,986.2,120516750,1084.8,887.6,1102.5,649.1,1012.1,23,1,1012.0,67,5,1011.9,21,3,1011.8,158,3,1011.7,1296,9,1012.2,1164,7,1012.3,357,7,1012.4,1565,14,1012.5,2956,43,1012.6,2225,16
317,2025-11-26 14:19:25+05:30,1012.2,2,1001.81,7848451,413488.0,426057.0,986.2,1012.8,981.3,986.2,120516750,1084.8,887.6,1102.5,649.1,1012.1,36,2,1012.0,54,4,1011.9,21,3,1011.8,1154,6,1011.7,572,10,1012.2,1083,6,1012.3,348,7,1012.4,1624,17,1012.5,2887,39,1012.6,2238,17
317,2025-11-26 14:19:26+05:30,1012.2,1,1001.81,7848451,413488.0,426057.0,986.2,1012.8,981.3,986.2,120516750,1084.8,887.6,1102.5,649.1,1012.1,36,2,1012.0,54,4,1011.9,21,3,1011.8,1154,6,1011.7,572,10,1012.2,1083,6,1012.3,348,7,1012.4,1624,17,1012.5,2887,39,1012.6,2238,17
317,2025-11-26 14:19:27+05:30,1012.2,1,1001.81,7848452,413507.0,426045.0,986.2,1012.8,981.3,986.2,120516750,1084.8,887.6,1102.5,649.1,1012.1,36,2,1012.0,54,4,1011.9,21,3,1011.8,1154,6,1011.7,585,11,1012.2,1082,6,1012.3,309,6,1012.4,1624,17,1012.5,2915,40,1012.6,2238,17
317,2025-11-26 14:19:27+05:30,1012.3,2,1001.81,7848452,413507.0,426045.0,986.2,1012.8,981.3,986.2,120516750,1084.8,887.6,1102.5,649.1,1012.1,36,2,1012.0,54,4,1011.9,21,3,1011.8,1154,6,1011.7,585,11,1012.2,1082,6,1012.3,309,6,1012.4,1624,17,1012.5,2915,40,1012.6,2238,17
317,2025-11-26 14:19:28+05:30,1012.3,2,1001.81,7850954,414460.0,425421.0,986.2,1012.8,981.3,986.2,120516750,1084.8,887.6,1102.5,649.1,1012.1,150,5,1012.0,195,7,1011.9,298,6,1011.8,1750,15,1011.7,695,12,1012.4,579,7,1012.5,2607,32,1012.6,2591,15,1012.7,2353,13,1012.8,1662,22
317,2025-11-26 14:19:28+05:30,1012.5,103,1001.81,7850954,414460.0,425421.0,986.2,1012.8,981.3,986.2,120516750,1084.8,887.6,1102.5,649.1,1012.1,150,5,1012.0,195,7,1011.9,298,6,1011.8,1750,15,1011.7,695,12,1012.4,579,7,1012.5,2607,32,1012.6,2591,15,1012.7,2353,13,1012.8,1662,22
317,2025-11-26 14:19:29+05:30,1012.4,110,1001.81,7852040,413409.0,421761.0,986.2,1012.8,981.3,986.2,120516750,1084.8,887.6,1102.5,649.1,1012.4,55,2,1012.2,108,4,1012.1,261,8,1012.0,623,15,1011.9,1452,14,1012.5,2069,27,1012.6,2051,10,1012.7,2479,11,1012.8,1525,18,1012.9,2193,26
317,2025-11-26 14:19:29+05:30,1012.4,110,1001.81,7852040,413409.0,421761.0,986.2,1012.8,981.3,986.2,120516750,1084.8,887.6,1102.5,649.1,1012.4,55,2,1012.2,108,4,1012.1,261,8,1012.0,623,15,1011.9,1452,14,1012.5,2069,27,1012.6,2051,10,1012.7,2479,11,1012.8,1525,18,1012.9,2193,26
317,2025-11-26 14:19:29+05:30,1012.4,110,1001.81,7852040,412554.0,422137.0,986.2,1012.8,981.3,986.2,120516750,1084.8,887.6,1102.5,649.1,1012.4,46,2,1012.3,21,3,1012.2,54,5,1012.1,278,8,1012.0,611,13,1012.5,2072,28,1012.6,2051,10,1012.7,2533,12,1012.8,1609,20,1012.9,2193,26
317,2025-11-26 14:19:30+05:30,1012.5,1,1001.81,7852040,412554.0,422137.0,986.2,1012.8,981.3,986.2,120516750,1084.8,887.6,1102.5,649.1,1012.4,46,2,1012.3,21,3,1012.2,54,5,1012.1,278,8,1012.0,611,13,1012.5,2072,28,1012.6,2051,10,1012.7,2533,12,1012.8,1609,20,1012.9,2193,26
317,2025-11-26 14:19:30+05:30,1012.5,1,1001.81,7852113,412178.0,421397.0,986.2,1012.8,981.3,986.2,120516750,1084.8,887.6,1102.5,649.1,1012.4,136,3,1012.3,21,3,1012.2,129,7,1012.1,251,7,1012.0,1405,14,1012.5,2008,29,1012.6,1979,10,1012.7,2031,9,1012.8,1588,18,1012.9,2413,22
317,2025-11-26 14:19:31+05:30,1012.5,93,1001.81,7852113,412178.0,421397.0,986.2,1012.8,981.3,986.2,120516750,1084.8,887.6,1102.5,649.1,1012.4,136,3,1012.3,21,3,1012.2,129,7,1012.1,251,7,1012.0,1405,14,1012.5,2008,29,1012.6,1979,10,1012.7,2031,9,1012.8,1588,18,1012.9,2413,22
317,2025-11-26 14:19:31+05:30,1012.5,93,1001.82,7854707,412173.0,420066.0,986.2,1012.8,981.3,986.2,120516750,1084.8,887.6,1102.5,649.1,1012.4,261,6,1012.3,52,4,1012.2,147,7,1012.1,305,6,1012.0,1481,16,1012.5,902,3,1012.6,1681,9,1012.7,2083,10,1012.8,1886,19,1012.9,2413,22
317,2025-11-26 14:19:32+05:30,1012.5,23,1001.82,7854707,412173.0,420066.0,986.2,1012.8,981.3,986.2,120516750,1084.8,887.6,1102.5,649.1,1012.4,261,6,1012.3,52,4,1012.2,147,7,1012.1,305,6,1012.0,1481,16,1012.5,902,3,1012.6,1681,9,1012.7,2083,10,1012.8,1886,19,1012.9,2413,22
317,2025-11-26 14:19:32+05:30,1012.5,23,1001.82,7854745,412238.0,420300.0,986.2,1012.8,981.3,986.2,120516750,1084.8,887.6,1102.5,649.1,1012.4,261,7,1012.3,21,3,1012.2,82,6,1012.1,336,7,1012.0,1589,17,1012.5,873,4,1012.6,1979,10,1012.7,2137,11,1012.8,1582,18,1012.9,2413,22
317,2025-11-26 14:19:33+05:30,1012.5,5,1001.82,7854848,412238.0,420274.0,986.2,1012.8,981.3,986.2,120516750,1084.8,887.6,1102.5,649.1,1012.4,261,7,1012.3,21,3,1012.2,82,6,1012.1,336,7,1012.0,1589,17,1012.5,770,4,1012.6,1738,10,1012.7,2137,11,1012.8,1880,19,1012.9,2424,23
317,2025-11-26 14:19:33+05:30,1012.5,5,1001.82,7854848,412238.0,420274.0,986.2,1012.8,981.3,986.2,120516750,1084.8,887.6,1102.5,649.1,1012.4,261,7,1012.3,21,3,1012.2,82,6,1012.1,336,7,1012.0,1589,17,1012.5,770,4,1012.6,1738,10,1012.7,2137,11,1012.8,1880,19,1012.9,2424,23
317,2025-11-26 14:19:34+05:30,1012.5,39,1001.82,7854887,412248.0,420435.0,986.2,1012.8,981.3,986.2,120516750,1084.8,887.6,1102.5,649.1,1012.4,261,7,1012.3,21,3,1012.2,82,6,1012.1,365,7,1012.0,1589,17,1012.5,731,4,1012.6,1681,9,1012.7,2083,10,1012.8,1822,18,1012.9,2424,23
317,2025-11-26 14:19:34+05:30,1012.5,112,1001.82,7854887,412248.0,420435.0,986.2,1012.8,981.3,986.2,120516750,1084.8,887.6,1102.5,649.1,1012.4,261,7,1012.3,21,3,1012.2,82,6,1012.1,365,7,1012.0,1589,17,1012.5,731,4,1012.6,1681,9,1012.7,2083,10,1012.8,1822,18,1012.9,2424,23
317,2025-11-26 14:19:35+05:30,1012.5,32,1001.82,7854887,412248.0,420435.0,986.2,1012.8,981.3,986.2,120516750,1084.8,887.6,1102.5,649.1,1012.4,261,7,1012.3,21,3,1012.2,82,6,1012.1,365,7,1012.0,1589,17,1012.5,731,4,1012.6,1681,9,1012.7,2083,10,1012.8,1822,18,1012.9,2424,23
317,2025-11-26 14:19:35+05:30,1012.5,2,1001.82,7855296,411878.0,420591.0,986.2,1012.8,981.3,986.2,120516750,1084.8,887.6,1102.5,649.1,1012.4,6,2,1012.3,21,3,1012.2,22,3,1012.1,241,3,1012.0,1491,14,1012.5,529,4,1012.6,2067,12,1012.7,2175,13,1012.8,1906,18,1012.9,2130,24
317,2025-11-26 14:19:36+05:30,1012.5,2,1001.82,7855296,411878.0,420591.0,986.2,1012.8,981.3,986.2,120516750,1084.8,887.6,1102.5,649.1,1012.4,6,2,1012.3,21,3,1012.2,22,3,1012.1,241,3,1012.0,1491,14,1012.5,529,4,1012.6,2067,12,1012.7,2175,13,1012.8,1906,18,1012.9,2130,24
317,2025-11-26 14:19:37+05:30,1012.5,2,1001.82,7855296,411980.0,420913.0,986.2,1012.8,981.3,986.2,120516750,1084.8,887.6,1102.5,649.1,1012.4,6,2,1012.3,21,3,1012.2,22,3,1012.1,241,3,1012.0,1591,15,1012.5,778,5,1012.6,2067,12,1012.7,2175,13,1012.8,1979,20,1012.9,2130,24
317,2025-11-26 14:19:37+05:30,1012.4,17,1001.82,7855296,411980.0,420913.0,986.2,1012.8,981.3,986.2,120516750,1084.8,887.6,1102.5,649.1,1012.4,6,2,1012.3,21,3,1012.2,22,3,1012.1,241,3,1012.0,1591,15,1012.5,778,5,1012.6,2067,12,1012.7,2175,13,1012.8,1979,20,1012.9,2130,24
317,2025-11-26 14:19:38+05:30,1012.4,1,1001.82,7855396,412063.0,421264.0,986.2,1012.8,981.3,986.2,120516750,1084.8,887.6,1102.5,649.1,1012.3,21,3,1012.2,128,4,1012.1,293,4,1012.0,1571,16,1011.9,758,12,1012.4,6,1,1012.5,720,4,1012.6,1743,11,1012.7,2520,14,1012.8,1989,20
317,2025-11-26 14:19:38+05:30,1012.5,7,1001.82,7855396,412063.0,421264.0,986.2,1012.8,981.3,986.2,120516750,1084.8,887.6,1102.5,649.1,1012.3,21,3,1012.2,128,4,1012.1,293,4,1012.0,1571,16,1011.9,758,12,1012.4,6,1,1012.5,720,4,1012.6,1743,11,1012.7,2520,14,1012.8,1989,20
317,2025-11-26 14:19:39+05:30,1012.5,7,1001.82,7855424,412270.0,421356.0,986.2,1012.8,981.3,986.2,120516750,1084.8,887.6,1102.5,649.1,1012.3,21,3,1012.2,128,4,1012.1,241,3,1012.0,1515,14,1011.9,789,13,1012.4,90,1,1012.5,713,4,1012.6,2072,13,1012.7,2197,12,1012.8,1982,20
317,2025-11-26 14:19:39+05:30,1012.5,7,1001.82,7855424,412301.0,421381.0,986.2,1012.8,981.3,986.2,120516750,1084.8,887.6,1102.5,649.1,1012.3,21,3,1012.2,128,4,1012.1,241,3,1012.0,1515,14,1011.9,758,12,1012.4,100,2,1012.5,713,4,1012.6,2072,13,1012.7,2221,13,1012.8,1958,19
317,2025-11-26 14:19:40+05:30,1012.4,6,1001.82,7855424,412301.0,421381.0,986.2,1012.8,981.3,986.2,120516750,1084.8,887.6,1102.5,649.1,1012.3,21,3,1012.2,128,4,1012.1,241,3,1012.0,1515,14,1011.9,758,12,1012.4,100,2,1012.5,713,4,1012.6,2072,13,1012.7,2221,13,1012.8,1958,19
317,2025-11-26 14:19:40+05:30,1012.4,2,1001.82,7855434,412338.0,421589.0,986.2,1012.8,981.3,986.2,120516750,1084.8,887.6,1102.5,649.1,1012.3,21,3,1012.2,128,4,1012.1,292,4,1012.0,1515,14,1011.9,758,12,1012.4,90,2,1012.5,713,4,1012.6,1984,11,1012.7,2221,13,1012.8,1668,19
317,2025-11-26 14:19:41+05:30,1012.3,8,1001.82,7855434,412338.0,421589.0,986.2,1012.8,981.3,986.2,120516750,1084.8,887.6,1102.5,649.1,1012.3,21,3,1012.2,128,4,1012.1,292,4,1012.0,1515,14,1011.9,758,12,1012.4,90,2,1012.5,713,4,1012.6,1984,11,1012.7,2221,13,1012.8,1668,19
317,2025-11-26 14:19:41+05:30,1012.5,25,1001.82,7857944,411695.0,419720.0,986.2,1012.8,981.3,986.2,120516750,1084.8,887.6,1102.5,649.1,1012.3,13,3,1012.2,128,4,1012.1,133,2,1012.0,1329,13,1011.9,758,12,1012.5,74,4,1012.6,2249,16,1012.7,2073,12,1012.8,1512,17,1012.9,2353,22
317,2025-11-26 14:19:42+05:30,1012.5,5,1001.82,7857944,411695.0,419720.0,986.2,1012.8,981.3,986.2,120516750,1084.8,887.6,1102.5,649.1,1012.3,13,3,1012.2,128,4,1012.1,133,2,1012.0,1329,13,1011.9,758,12,1012.5,74,4,1012.6,2249,16,1012.7,2073,12,1012.8,1512,17,1012.9,2353,22
317,2025-11-26 14:19:42+05:30,1012.5,5,1001.82,7858066,411950.0,420818.0,986.2,1012.8,981.3,986.2,120516750,1084.8,887.6,1102.5,649.1,1012.3,22,4,1012.2,22,3,1012.1,233,3,1012.0,1297,12,1011.9,788,13,1012.5,1324,7,1012.6,2219,15,1012.7,2168,13,1012.8,1558,17,1012.9,2353,22
317,2025-11-26 14:19:43+05:30,1012.5,23,1001.82,7858066,411950.0,420818.0,986.2,1012.8,981.3,986.2,120516750,1084.8,887.6,1102.5,649.1,1012.3,22,4,1012.2,22,3,1012.1,233,3,1012.0,1297,12,1011.9,788,13,1012.5,1324,7,1012.6,2219,15,1012.7,2168,13,1012.8,1558,17,1012.9,2353,22
317,2025-11-26 14:19:43+05:30,1012.5,23,1001.82,7858167,411983.0,420818.0,986.2,1012.8,981.3,986.2,120516750,1084.8,887.6,1102.5,649.1,1012.3,11,4,1012.2,22,3,1012.1,233,3,1012.0,1297,12,1011.9,788,13,1012.5,1301,7,1012.6,2219,15,1012.7,2191,14,1012.8,1558,17,1012.9,2353,22
317,2025-11-26 14:19:44+05:30,1012.5,3,1001.82,7858167,411983.0,420818.0,986.2,1012.8,981.3,986.2,120516750,1084.8,887.6,1102.5,649.1,1012.3,11,4,1012.2,22,3,1012.1,233,3,1012.0,1297,12,1011.9,788,13,1012.5,1301,7,1012.6,2219,15,1012.7,2191,14,1012.8,1558,17,1012.9,2353,22
317,2025-11-26 14:19:44+05:30,1012.5,3,1001.82,7858395,411679.0,420447.0,986.2,1012.8,981.3,986.2,120516750,1084.8,887.6,1102.5,649.1,1012.3,11,4,1012.2,132,4,1012.1,233,3,1012.0,1297,12,1011.9,788,13,1012.5,1073,7,1012.6,2162,14,1012.7,2168,13,1012.8,1558,17,1012.9,2353,22
317,2025-11-26 14:19:45+05:30,1012.0,40,1001.83,7861428,410046.0,420748.0,986.2,1012.8,981.3,986.2,120516750,1084.8,887.6,1102.5,649.1,1012.1,134,2,1012.0,908,6,1011.9,647,14,1011.8,963,9,1011.7,807,13,1012.5,1262,8,1012.6,1977,15,1012.7,2009,12,1012.8,1785,21,1012.9,2507,25
317,2025-11-26 14:19:45+05:30,1012.0,40,1001.83,7861428,410046.0,420748.0,986.2,1012.8,981.3,986.2,120516750,1084.8,887.6,1102.5,649.1,1012.1,134,2,1012.0,908,6,1011.9,647,14,1011.8,963,9,1011.7,807,13,1012.5,1262,8,1012.6,1977,15,1012.7,2009,12,1012.8,1785,21,1012.9,2507,25
317,2025-11-26 14:19:46+05:30,1012.5,25,1001.83,7861553,411871.0,420495.0,986.2,1012.8,981.3,986.2,120516750,1084.8,887.6,1102.5,649.1,1012.3,28,2,1012.1,286,4,1012.0,976,7,1011.9,783,16,1011.8,1170,13,1012.5,786,4,1012.6,2166,14,1012.7,2229,14,1012.8,1637,18,1012.9,2428,25
317,2025-11-26 14:19:46+05:30,1012.5,25,1001.83,7861553,411871.0,420495.0,986.2,1012.8,981.3,986.2,120516750,1084.8,887.6,1102.5,649.1,1012.3,28,2,1012.1,286,4,1012.0,976,7,1011.9,783,16,1011.8,1170,13,1012.5,786,4,1012.6,2166,14,1012.7,2229,14,1012.8,1637,18,1012.9,2428,25
317,2025-11-26 14:19:47+05:30,1012.5,3,1001.83,7861948,411591.0,420234.0,986.2,1012.8,981.3,986.2,120516750,1084.8,887.6,1102.5,649.1,1012.3,25,2,1012.2,29,2,1012.1,965,3,1012.0,221,5,1011.9,753,15,1012.5,479,5,1012.6,1807,12,1012.7,2249,14,1012.8,2070,21,1012.9,2374,26
317,2025-11-26 14:19:47+05:30,1012.3,15,1001.83,7861948,411591.0,420234.0,986.2,1012.8,981.3,986.2,120516750,1084.8,887.6,1102.5,649.1,1012.3,25,2,1012.2,29,2,1012.1,965,3,1012.0,221,5,1011.9,753,15,1012.5,479,5,1012.6,1807,12,1012.7,2249,14,1012.8,2070,21,1012.9,2374,26
317,2025-11-26 14:19:48+05:30,1012.5,4,1001.83,7862056,411913.0,420426.0,986.2,1012.8,981.3,986.2,120516750,1084.8,887.6,1102.5,649.1,1012.3,1,1,1012.2,152,4,1012.1,1093,7,1012.0,304,6,1011.9,753,15,1012.5,386,5,1012.6,1692,10,1012.7,2219,13,1012.8,2041,21,1012.9,2368,25
317,2025-11-26 14:19:48+05:30,1012.5,4,1001.83,7862056,411913.0,420426.0,986.2,1012.8,981.3,986.2,120516750,1084.8,887.6,1102.5,649.1,1012.3,1,1,1012.2,152,4,1012.1,1093,7,1012.0,304,6,1011.9,753,15,1012.5,386,5,1012.6,1692,10,1012.7,2219,13,1012.8,2041,21,1012.9,2368,25
317,2025-11-26 14:19:49+05:30,1012.5,4,1001.83,7862056,412541.0,421293.0,986.2,1012.8,981.3,986.2,120516750,1084.8,887.6,1102.5,649.1,1012.3,1,1,1012.2,152,4,1012.1,1040,5,1012.0,334,7,1011.9,753,15,1012.4,133,1,1012.5,386,5,1012.6,1692,10,1012.7,2219,13,1012.8,2054,22
317,2025-11-26 14:19:50+05:30,1012.4,1,1001.83,7862058,412580.0,421485.0,986.2,1012.8,981.3,986.2,120516750,1084.8,887.6,1102.5,649.1,1012.3,1,1,1012.2,38,3,1012.1,1067,6,1012.0,334,7,1011.9,753,15,1012.4,131,1,1012.5,486,6,1012.6,2050,12,1012.7,2215,12,1012.8,1682,20
317,2025-11-26 14:19:50+05:30,1012.4,1,1001.83,7862058,412580.0,421485.0,986.2,1012.8,981.3,986.2,120516750,1084.8,887.6,1102.5,649.1,1012.3,1,1,1012.2,38,3,1012.1,1067,6,1012.0,334,7,1011.9,753,15,1012.4,131,1,1012.5,486,6,1012.6,2050,12,1012.7,2215,12,1012.8,1682,20
317,2025-11-26 14:19:51+05:30,1012.4,1,1001.83,7862060,412896.0,421272.0,986.2,1012.8,981.3,986.2,120516750,1084.8,887.6,1102.5,649.1,1012.3,1,1,1012.2,38,3,1012.1,1067,6,1012.0,384,8,1011.9,753,15,1012.4,129,1,1012.5,549,7,1012.6,2050,12,1012.7,2215,12,1012.8,1682,20
317,2025-11-26 14:19:51+05:30,1012.4,1,1001.83,7862060,412896.0,421272.0,986.2,1012.8,981.3,986.2,120516750,1084.8,887.6,1102.5,649.1,1012.3,1,1,1012.2,38,3,1012.1,1067,6,1012.0,384,8,1011.9,753,15,1012.4,129,1,1012.5,549,7,1012.6,2050,12,1012.7,2215,12,1012.8,1682,20
317,2025-11-26 14:19:52+05:30,1012.4,1,1001.83,7862060,412896.0,421383.0,986.2,1012.8,981.3,986.2,120516750,1084.8,887.6,1102.5,649.1,1012.3,1,1,1012.2,38,3,1012.1,1067,6,1012.0,384,8,1011.9,753,15,1012.4,129,1,1012.5,550,8,1012.6,2050,12,1012.7,2215,12,1012.8,1682,20
317,2025-11-26 14:19:52+05:30,1012.4,6,1001.83,7862060,412896.0,421383.0,986.2,1012.8,981.3,986.2,120516750,1084.8,887.6,1102.5,649.1,1012.3,1,1,1012.2,38,3,1012.1,1067,6,1012.0,384,8,1011.9,753,15,1012.4,129,1,1012.5,550,8,1012.6,2050,12,1012.7,2215,12,1012.8,1682,20
317,2025-11-26 14:19:53+05:30,1012.4,10,1001.83,7862106,412899.0,421397.0,986.2,1012.8,981.3,986.2,120516750,1084.8,887.6,1102.5,649.1,1012.3,2,2,1012.2,38,3,1012.1,1067,6,1012.0,441,10,1011.9,753,15,1012.4,91,2,1012.5,550,8,1012.6,2050,12,1012.7,2215,12,1012.8,1682,20
317,2025-11-26 14:19:53+05:30,1012.4,50,1001.83,7862106,412899.0,421397.0,986.2,1012.8,981.3,986.2,120516750,1084.8,887.6,1102.5,649.1,1012.3,2,2,1012.2,38,3,1012.1,1067,6,1012.0,441,10,1011.9,753,15,1012.4,91,2,1012.5,550,8,1012.6,2050,12,1012.7,2215,12,1012.8,1682,20
317,2025-11-26 14:19:54+05:30,1012.3,108,1001.83,7862266,413196.0,422967.0,986.2,1012.8,981.3,986.2,120516750,1084.8,887.6,1102.5,649.1,1012.2,38,3,1012.1,1162,8,1012.0,493,9,1011.9,774,16,1011.8,951,10,1012.3,133,1,1012.4,59,2,1012.5,1135,9,1012.6,2114,13,1012.7,2172,11
317,2025-11-26 14:19:54+05:30,1012.3,112,1001.83,7862266,413196.0,422967.0,986.2,1012.8,981.3,986.2,120516750,1084.8,887.6,1102.5,649.1,1012.2,38,3,1012.1,1162,8,1012.0,493,9,1011.9,774,16,1011.8,951,10,1012.3,133,1,1012.4,59,2,1012.5,1135,9,1012.6,2114,13,1012.7,2172,11
317,2025-11-26 14:19:55+05:30,1012.3,5,1001.83,7863135,416406.0,422160.0,986.2,1012.8,981.3,986.2,120516750,1084.8,887.6,1102.5,649.1,1012.2,27,3,1012.1,425,7,1012.0,454,8,1011.9,1145,9,1011.8,950,10,1012.3,126,1,1012.4,59,2,1012.5,723,10,1012.6,2184,14,1012.7,2215,12
317,2025-11-26 14:19:55+05:30,1012.3,2,1001.83,7863135,416406.0,422160.0,986.2,1012.8,981.3,986.2,120516750,1084.8,887.6,1102.5,649.1,1012.2,27,3,1012.1,425,7,1012.0,454,8,1011.9,1145,9,1011.8,950,10,1012.3,126,1,1012.4,59,2,1012.5,723,10,1012.6,2184,14,1012.7,2215,12
317,2025-11-26 14:19:56+05:30,1012.3,2,1001.83,7863165,416540.0,423148.0,986.2,1012.8,981.3,986.2,120516750,1084.8,887.6,1102.5,649.1,1012.2,27,3,1012.1,425,7,1012.0,425,7,1011.9,1279,17,1011.8,979,11,1012.3,98,3,1012.4,59,2,1012.5,1367,11,1012.6,2213,15,1012.7,2215,12
317,2025-11-26 14:19:57+05:30,1012.4,43,1001.83,7863553,416450.0,422324.0,986.2,1012.8,981.3,986.2,120516750,1084.8,887.6,1102.5,649.1,1012.2,27,3,1012.1,438,8,1012.0,403,7,1011.9,987,17,1011.8,1443,11,1012.4,16,2,1012.5,762,9,1012.6,1752,11,1012.7,2215,12,1012.8,1973,23
317,2025-11-26 14:19:57+05:30,1012.2,1,1001.83,7863553,416450.0,422324.0,986.2,1012.8,981.3,986.2,120516750,1084.8,887.6,1102.5,649.1,1012.2,27,3,1012.1,438,8,1012.0,403,7,1011.9,987,17,1011.8,1443,11,1012.4,16,2,1012.5,762,9,1012.6,1752,11,1012.7,2215,12,1012.8,1973,23
317,2025-11-26 14:19:58+05:30,1012.2,1,1001.83,7863600,416897.0,422176.0,986.2,1012.8,981.3,986.2,120516750,1084.8,887.6,1102.5,649.1,1012.2,13,2,1012.1,1188,9,1012.0,402,8,1011.9,764,15,1011.8,950,10,1012.4,8,1,1012.5,1177,9,1012.6,1984,11,1012.7,2105,11,1012.8,1944,25
317,2025-11-26 14:19:58+05:30,1012.4,3,1001.83,7863600,416897.0,422176.0,986.2,1012.8,981.3,986.2,120516750,1084.8,887.6,1102.5,649.1,1012.2,13,2,1012.1,1188,9,1012.0,402,8,1011.9,764,15,1011.8,950,10,1012.4,8,1,1012.5,1177,9,1012.6,1984,11,1012.7,2105,11,1012.8,1944,25
317,2025-11-26 14:19:59+05:30,1012.4,3,1001.83,7863643,416850.0,422646.0,986.2,1012.8,981.3,986.2,120516750,1084.8,887.6,1102.5,649.1,1012.2,13,2,1012.1,1159,8,1012.0,529,10,1011.9,764,15,1011.8,950,10,1012.3,32,1,1012.4,29,1,1012.5,1177,9,1012.6,1984,11,1012.7,2105,11
317,2025-11-26 14:20:00+05:30,1012.2,8,1001.83,7863652,416904.0,422589.0,986.2,1012.8,981.3,986.2,120516750,1084.8,887.6,1102.5,649.1,1012.2,15,3,1012.1,1159,8,1012.0,466,9,1011.9,815,17,1011.8,1492,10,1012.3,31,1,1012.4,1,1,1012.5,1177,9,1012.6,1984,11,1012.7,2105,11
317,2025-11-26 14:20:00+05:30,1012.3,1,1001.83,7863652,416904.0,422589.0,986.2,1012.8,981.3,986.2,120516750,1084.8,887.6,1102.5,649.1,1012.2,15,3,1012.1,1159,8,1012.0,466,9,1011.9,815,17,1011.8,1492,10,1012.3,31,1,1012.4,1,1,1012.5,1177,9,1012.6,1984,11,1012.7,2105,11
317,2025-11-26 14:20:01+05:30,1012.3,1,1001.83,7863653,417102.0,422529.0,986.2,1012.8,981.3,986.2,120516750,1084.8,887.6,1102.5,649.1,1012.2,15,3,1012.1,1159,8,1012.0,515,10,1011.9,815,17,1011.8,926,9,1012.3,30,1,1012.4,1,1,1012.5,1131,9,1012.6,1984,11,1012.7,2112,12
317,2025-11-26 14:20:02+05:30,1012.2,1,1001.83,7863679,416926.0,422542.0,986.2,1012.8,981.3,986.2,120516750,1084.8,887.6,1102.5,649.1,1012.2,15,3,1012.1,1159,8,1012.0,463,9,1011.9,815,17,1011.8,926,9,1012.3,25,1,1012.4,1,1,1012.5,1138,10,1012.6,1984,11,1012.7,2109,11
317,2025-11-26 14:20:02+05:30,1012.3,4,1001.83,7863679,416926.0,422542.0,986.2,1012.8,981.3,986.2,120516750,1084.8,887.6,1102.5,649.1,1012.2,15,3,1012.1,1159,8,1012.0,463,9,1011.9,815,17,1011.8,926,9,1012.3,25,1,1012.4,1,1,1012.5,1138,10,1012.6,1984,11,1012.7,2109,11
317,2025-11-26 14:20:03+05:30,1012.3,239,1001.83,7863951,416970.0,422047.0,986.2,1012.8,981.3,986.2,120516750,1084.8,887.6,1102.5,649.1,1012.2,15,3,1012.1,1159,8,1012.0,455,9,1011.9,815,17,1011.8,926,9,1012.3,32,1,1012.4,1,1,1012.5,656,9,1012.6,2178,13,1012.7,2109,11
317,2025-11-26 14:20:03+05:30,1012.3,1,1001.83,7863951,416970.0,422047.0,986.2,1012.8,981.3,986.2,120516750,1084.8,887.6,1102.5,649.1,1012.2,15,3,1012.1,1159,8,1012.0,455,9,1011.9,815,17,1011.8,926,9,1012.3,32,1,1012.4,1,1,1012.5,656,9,1012.6,2178,13,1012.7,2109,11
317,2025-11-26 14:20:04+05:30,1012.4,1,1001.83,7863990,416312.0,420437.0,986.2,1012.8,981.3,986.2,120516750,1084.8,887.6,1102.5,649.1,1012.4,22,1,1012.2,7,3,1012.1,1097,7,1012.0,427,8,1011.9,765,17,1012.5,656,9,1012.6,1906,11,1012.7,2257,14,1012.8,1977,23,1012.9,2164,25
317,2025-11-26 14:20:04+05:30,1012.4,1,1001.83,7863990,416312.0,420437.0,986.2,1012.8,981.3,986.2,120516750,1084.8,887.6,1102.5,649.1,1012.4,22,1,1012.2,7,3,1012.1,1097,7,1012.0,427,8,1011.9,765,17,1012.5,656,9,1012.6,1906,11,1012.7,2257,14,1012.8,1977,23,1012.9,2164,25
317,2025-11-26 14:20:05+05:30,1012.5,1,1001.83,7863994,416270.0,420420.0,986.2,1012.8,981.3,986.2,120516750,1084.8,887.6,1102.5,649.1,1012.4,22,1,1012.2,7,3,1012.1,1097,7,1012.0,401,7,1011.9,726,15,1012.5,663,10,1012.6,1906,11,1012.7,2257,14,1012.8,2006,24,1012.9,2164,25
317,2025-11-26 14:20:05+05:30,1012.5,1,1001.83,7863994,416270.0,420420.0,986.2,1012.8,981.3,986.2,120516750,1084.8,887.6,1102.5,649.1,1012.4,22,1,1012.2,7,3,1012.1,1097,7,1012.0,401,7,1011.9,726,15,1012.5,663,10,1012.6,1906,11,1012.7,2257,14,1012.8,2006,24,1012.9,2164,25
317,2025-11-26 14:20:06+05:30,1012.4,56,1001.83,7864147,415631.0,421203.0,986.2,1012.8,981.3,986.2,120516750,1084.8,887.6,1102.5,649.1,1012.4,23,1,1012.3,9,1,1012.2,10,3,1012.1,915,5,1012.0,203,4,1012.5,891,13,1012.6,2162,14,1012.7,2167,11,1012.8,2098,27,1012.9,2164,25
317,2025-11-26 14:20:06+05:30,1012.5,150,1001.83,7864147,415631.0,421203.0,986.2,1012.8,981.3,986.2,120516750,1084.8,887.6,1102.5,649.1,1012.4,23,1,1012.3,9,1,1012.2,10,3,1012.1,915,5,1012.0,203,4,1012.5,891,13,1012.6,2162,14,1012.7,2167,11,1012.8,2098,27,1012.9,2164,25
317,2025-11-26 14:20:07+05:30,1012.5,150,1001.83,7864147,415631.0,421203.0,986.2,1012.8,981.3,986.2,120516750,1084.8,887.6,1102.5,649.1,1012.4,23,1,1012.3,9,1,1012.2,10,3,1012.1,915,5,1012.0,203,4,1012.5,891,13,1012.6,2162,14,1012.7,2167,11,1012.8,2098,27,1012.9,2164,25
317,2025-11-26 14:20:07+05:30,1012.5,150,1001.83,7864298,415867.0,420128.0,986.2,1012.8,981.3,986.2,120516750,1084.8,887.6,1102.5,649.1,1012.4,23,1,1012.3,9,1,1012.2,10,3,1012.1,1045,6,1012.0,389,6,1012.5,548,13,1012.6,2150,14,1012.7,2112,11,1012.8,2094,27,1012.9,2164,25
317,2025-11-26 14:20:07+05:30,1012.5,150,1001.83,7864298,415867.0,420128.0,986.2,1012.8,981.3,986.2,120516750,1084.8,887.6,1102.5,649.1,1012.4,23,1,1012.3,9,1,1012.2,10,3,1012.1,1045,6,1012.0,389,6,1012.5,548,13,1012.6,2150,14,1012.7,2112,11,1012.8,2094,27,1012.9,2164,25
317,2025-11-26 14:20:08+05:30,1012.5,150,1001.83,7864298,415867.0,420128.0,986.2,1012.8,981.3,986.2,120516750,1084.8,887.6,1102.5,649.1,1012.4,23,1,1012.3,9,1,1012.2,10,3,1012.1,1045,6,1012.0,389,6,1012.5,548,13,1012.6,2150,14,1012.7,2112,11,1012.8,2094,27,1012.9,2164,25
317,2025-11-26 14:20:08+05:30,1012.5,150,1001.83,7864298,415777.0,420850.0,986.2,1012.8,981.3,986.2,120516750,1084.8,887.6,1102.5,649.1,1012.4,23,1,1012.3,9,1,1012.2,10,3,1012.1,1050,7,1012.0,488,7,1012.5,866,15,1012.6,2041,13,1012.7,2228,13,1012.8,2094,27,1012.9,2164,25
317,2025-11-26 14:20:08+05:30,1012.5,150,1001.83,7864298,415777.0,420850.0,986.2,1012.8,981.3,986.2,120516750,1084.8,887.6,1102.5,649.1,1012.4,23,1,1012.3,9,1,1012.2,10,3,1012.1,1050,7,1012.0,488,7,1012.5,866,15,1012.6,2041,13,1012.7,2228,13,1012.8,2094,27,1012.9,2164,25
317,2025-11-26 14:20:08+05:30,1012.4,25,1001.83,7864298,415777.0,420850.0,986.2,1012.8,981.3,986.2,120516750,1084.8,887.6,1102.5,649.1,1012.4,23,1,1012.3,9,1,1012.2,10,3,1012.1,1050,7,1012.0,488,7,1012.5,866,15,1012.6,2041,13,1012.7,2228,13,1012.8,2094,27,1012.9,2164,25
317,2025-11-26 14:20:09+05:30,1012.4,25,1001.83,7864298,415777.0,420850.0,986.2,1012.8,981.3,986.2,120516750,1084.8,887.6,1102.5,649.1,1012.4,23,1,1012.3,9,1,1012.2,10,3,1012.1,1050,7,1012.0,488,7,1012.5,866,15,1012.6,2041,13,1012.7,2228,13,1012.8,2094,27,1012.9,2164,25
317,2025-11-26 14:20:09+05:30,1012.3,63,1001.83,7864439,416400.0,421510.0,986.2,1012.8,981.3,986.2,120516750,1084.8,887.6,1102.5,649.1,1012.3,10,2,1012.2,9,2,1012.1,1116,8,1012.0,443,6,1011.9,708,15,1012.4,14,1,1012.5,794,13,1012.6,2006,13,1012.7,2232,13,1012.8,2065,26
317,2025-11-26 14:20:09+05:30,1012.3,63,1001.83,7864439,416400.0,421510.0,986.2,1012.8,981.3,986.2,120516750,1084.8,887.6,1102.5,649.1,1012.3,10,2,1012.2,9,2,1012.1,1116,8,1012.0,443,6,1011.9,708,15,1012.4,14,1,1012.5,794,13,1012.6,2006,13,1012.7,2232,13,1012.8,2065,26
317,2025-11-26 14:20:09+05:30,1012.2,1,1001.83,7864439,416400.0,421510.0,986.2,1012.8,981.3,986.2,120516750,1084.8,887.6,1102.5,649.1,1012.3,10,2,1012.2,9,2,1012.1,1116,8,1012.0,443,6,1011.9,708,15,1012.4,14,1,1012.5,794,13,1012.6,2006,13,1012.7,2232,13,1012.8,2065,26
317,2025-11-26 14:20:09+05:30,1012.2,1,1001.83,7864439,416400.0,421510.0,986.2,1012.8,981.3,986.2,120516750,1084.8,887.6,1102.5,649.1,1012.3,10,2,1012.2,9,2,1012.1,1116,8,1012.0,443,6,1011.9,708,15,1012.4,14,1,1012.5,794,13,1012.6,2006,13,1012.7,2232,13,1012.8,2065,26
317,2025-11-26 14:20:10+05:30,1012.2,1,1001.83,7864439,416400.0,421510.0,986.2,1012.8,981.3,986.2,120516750,1084.8,887.6,1102.5,649.1,1012.3,10,2,1012.2,9,2,1012.1,1116,8,1012.0,443,6,1011.9,708,15,1012.4,14,1,1012.5,794,13,1012.6,2006,13,1012.7,2232,13,1012.8,2065,26
317,2025-11-26 14:20:10+05:30,1012.4,42,1001.83,7864619,415784.0,421075.0,986.2,1012.8,981.3,986.2,120516750,1084.8,887.6,1102.5,649.1,1012.4,1,1,1012.2,7,1,1012.1,986,7,1012.0,467,6,1011.9,1229,17,1012.5,799,14,1012.6,2176,15,1012.7,2286,14,1012.8,2216,29,1012.9,2157,24
317,2025-11-26 14:20:10+05:30,1012.4,42,1001.83,7864619,415784.0,421075.0,986.2,1012.8,981.3,986.2,120516750,1084.8,887.6,1102.5,649.1,1012.4,1,1,1012.2,7,1,1012.1,986,7,1012.0,467,6,1011.9,1229,17,1012.5,799,14,1012.6,2176,15,1012.7,2286,14,1012.8,2216,29,1012.9,2157,24
317,2025-11-26 14:20:10+05:30,1012.5,2,1001.83,7864619,415784.0,421075.0,986.2,1012.8,981.3,986.2,120516750,1084.8,887.6,1102.5,649.1,1012.4,1,1,1012.2,7,1,1012.1,986,7,1012.0,467,6,1011.9,1229,17,1012.5,799,14,1012.6,2176,15,1012.7,2286,14,1012.8,2216,29,1012.9,2157,24
317,2025-11-26 14:20:11+05:30,1012.5,2,1001.83,7864619,415784.0,421075.0,986.2,1012.8,981.3,986.2,120516750,1084.8,887.6,1102.5,649.1,1012.4,1,1,1012.2,7,1,1012.1,986,7,1012.0,467,6,1011.9,1229,17,1012.5,799,14,1012.6,2176,15,1012.7,2286,14,1012.8,2216,29,1012.9,2157,24
317,2025-11-26 14:20:11+05:30,1012.5,1,1001.83,7864622,415811.0,422174.0,986.2,1012.8,981.3,986.2,120516750,1084.8,887.6,1102.5,649.1,1012.3,9,1,1012.2,16,2,1012.1,977,6,1012.0,468,7,1011.9,735,16,1012.5,801,15,1012.6,2242,16,1012.7,2317,15,1012.8,2216,29,1012.9,2157,24
317,2025-11-26 14:20:11+05:30,1012.5,1,1001.83,7864622,415811.0,422174.0,986.2,1012.8,981.3,986.2,120516750,1084.8,887.6,1102.5,649.1,1012.3,9,1,1012.2,16,2,1012.1,977,6,1012.0,468,7,1011.9,735,16,1012.5,801,15,1012.6,2242,16,1012.7,2317,15,1012.8,2216,29,1012.9,2157,24
317,2025-11-26 14:20:11+05:30,1012.5,1,1001.83,7864622,415811.0,422174.0,986.2,1012.8,981.3,986.2,120520500,1084.8,887.6,1102.5,649.1,1012.3,9,1,1012.2,16,2,1012.1,977,6,1012.0,468,7,1011.9,735,16,1012.5,801,15,1012.6,2242,16,1012.7,2317,15,1012.8,2216,29,1012.9,2157,24
317,2025-11-26 14:20:11+05:30,1012.5,1,1001.83,7864622,415811.0,422174.0,986.2,1012.8,981.3,986.2,120520500,1084.8,887.6,1102.5,649.1,1012.3,9,1,1012.2,16,2,1012.1,977,6,1012.0,468,7,1011.9,735,16,1012.5,801,15,1012.6,2242,16,1012.7,2317,15,1012.8,2216,29,1012.9,2157,24
317,2025-11-26 14:20:12+05:30,1012.5,1,1001.83,7864622,415811.0,422174.0,986.2,1012.8,981.3,986.2,120520500,1084.8,887.6,1102.5,649.1,1012.3,9,1,1012.2,16,2,1012.1,977,6,1012.0,468,7,1011.9,735,16,1012.5,801,15,1012.6,2242,16,1012.7,2317,15,1012.8,2216,29,1012.9,2157,24
317,2025-11-26 14:20:12+05:30,1012.5,1,1001.83,7864622,415811.0,422174.0,986.2,1012.8,981.3,986.2,120520500,1084.8,887.6,1102.5,649.1,1012.3,9,1,1012.2,16,2,1012.1,977,6,1012.0,468,7,1011.9,735,16,1012.5,801,15,1012.6,2242,16,1012.7,2317,15,1012.8,2116,28,1012.9,2157,24
317,2025-11-26 14:20:12+05:30,1012.5,1,1001.83,7864622,415811.0,422174.0,986.2,1012.8,981.3,986.2,120520500,1084.8,887.6,1102.5,649.1,1012.3,9,1,1012.2,16,2,1012.1,977,6,1012.0,468,7,1011.9,735,16,1012.5,801,15,1012.6,2242,16,1012.7,2317,15,1012.8,2116,28,1012.9,2157,24
317,2025-11-26 14:20:12+05:30,1012.5,6,1001.83,7864622,415811.0,422174.0,986.2,1012.8,981.3,986.2,120520500,1084.8,887.6,1102.5,649.1,1012.3,9,1,1012.2,16,2,1012.1,977,6,1012.0,468,7,1011.9,735,16,1012.5,801,15,1012.6,2242,16,1012.7,2317,15,1012.8,2116,28,1012.9,2157,24
317,2025-11-26 14:20:13+05:30,1012.3,12,1001.83,7864744,416365.0,422993.0,986.2,1012.8,981.3,986.2,120520500,1084.8,887.6,1102.5,649.1,1012.2,16,2,1012.1,977,6,1012.0,357,6,1011.9,735,16,1011.8,1325,11,1012.4,33,1,1012.5,716,14,1012.6,2296,17,1012.7,2286,14,1012.8,2109,27
317,2025-11-26 14:20:13+05:30,1012.2,1,1001.83,7864744,416365.0,422993.0,986.2,1012.8,981.3,986.2,120520500,1084.8,887.6,1102.5,649.1,1012.2,16,2,1012.1,977,6,1012.0,357,6,1011.9,735,16,1011.8,1325,11,1012.4,33,1,1012.5,716,14,1012.6,2296,17,1012.7,2286,14,1012.8,2109,27
317,2025-11-26 14:20:14+05:30,1012.2,1,1001.83,7864745,415751.0,422300.0,986.2,1012.8,981.3,986.2,120520500,1084.8,887.6,1102.5,649.1,1012.2,15,2,1012.1,911,5,1012.0,247,5,1011.9,735,16,1011.8,1395,12,1012.5,814,17,1012.6,2321,18,1012.7,2286,14,1012.8,2109,27,1012.9,2157,24
317,2025-11-26 14:20:14+05:30,1012.3,72,1001.83,7864745,415751.0,422300.0,986.2,1012.8,981.3,986.2,120520500,1084.8,887.6,1102.5,649.1,1012.2,15,2,1012.1,911,5,1012.0,247,5,1011.9,735,16,1011.8,1395,12,1012.5,814,17,1012.6,2321,18,1012.7,2286,14,1012.8,2109,27,1012.9,2157,24
317,2025-11-26 14:20:15+05:30,1012.3,2,1001.83,7864934,416708.0,423077.0,986.2,1012.8,981.3,986.2,120520500,1084.8,887.6,1102.5,649.1,1012.2,15,2,1012.1,1102,7,1012.0,358,6,1011.9,679,15,1011.8,1401,11,1012.3,19,1,1012.5,874,19,1012.6,2299,17,1012.7,2286,14,1012.8,2139,28
317,2025-11-26 14:20:15+05:30,1012.4,2,1001.83,7864934,416708.0,423077.0,986.2,1012.8,981.3,986.2,120520500,1084.8,887.6,1102.5,649.1,1012.2,15,2,1012.1,1102,7,1012.0,358,6,1011.9,679,15,1011.8,1401,11,1012.3,19,1,1012.5,874,19,1012.6,2299,17,1012.7,2286,14,1012.8,2139,28
317,2025-11-26 14:20:16+05:30,1012.3,2,1001.83,7864968,416766.0,423595.0,986.2,1012.8,981.3,986.2,120520500,1084.8,887.6,1102.5,649.1,1012.2,10,2,1012.1,1232,8,1012.0,444,8,1011.9,732,16,1011.8,807,9,1012.3,1,1,1012.5,1386,18,1012.6,2290,16,1012.7,2286,14,1012.8,2145,29
317,2025-11-26 14:20:16+05:30,1012.3,2,1001.83,7864968,416766.0,423595.0,986.2,1012.8,981.3,986.2,120520500,1084.8,887.6,1102.5,649.1,1012.2,10,2,1012.1,1232,8,1012.0,444,8,1011.9,732,16,1011.8,807,9,1012.3,1,1,1012.5,1386,18,1012.6,2290,16,1012.7,2286,14,1012.8,2145,29
317,2025-11-26 14:20:17+05:30,1012.3,2,1001.83,7864968,416750.0,423736.0,986.2,1012.8,981.3,986.2,120520500,1084.8,887.6,1102.5,649.1,1012.2,35,3,1012.1,1232,8,1012.0,444,8,1011.9,732,16,1011.8,1313,11,1012.3,39,2,1012.4,43,1,1012.5,1386,18,1012.6,2213,14,1012.7,2319,15
317,2025-11-26 14:20:17+05:30,1012.2,1,1001.83,7864968,416750.0,423736.0,986.2,1012.8,981.3,986.2,120520500,1084.8,887.6,1102.5,649.1,1012.2,35,3,1012.1,1232,8,1012.0,444,8,1011.9,732,16,1011.8,1313,11,1012.3,39,2,1012.4,43,1,1012.5,1386,18,1012.6,2213,14,1012.7,2319,15
317,2025-11-26 14:20:18+05:30,1012.2,1,1001.83,7865026,418137.0,423515.0,986.2,1012.8,981.3,986.2,120520500,1084.8,887.6,1102.5,649.1,1012.1,1287,8,1012.0,280,6,1011.9,589,15,1011.8,863,11,1011.7,2017,12,1012.2,6,1,1012.3,39,2,1012.4,305,4,1012.5,1482,18,1012.6,2278,15
317,2025-11-26 14:20:18+05:30,1012.1,72,1001.83,7865026,418137.0,423515.0,986.2,1012.8,981.3,986.2,120520500,1084.8,887.6,1102.5,649.1,1012.1,1287,8,1012.0,280,6,1011.9,589,15,1011.8,863,11,1011.7,2017,12,1012.2,6,1,1012.3,39,2,1012.4,305,4,1012.5,1482,18,1012.6,2278,15
317,2025-11-26 14:20:19+05:30,1012.1,72,1001.83,7865177,418038.0,423304.0,986.2,1012.8,981.3,986.2,120520500,1084.8,887.6,1102.5,649.1,1012.1,1060,7,1012.0,253,6,1011.9,503,13,1011.8,834,10,1011.7,1437,12,1012.2,1,1,1012.3,39,2,1012.4,103,3,1012.5,1482,18,1012.6,2278,15
317,2025-11-26 14:20:20+05:30,1012.2,1,1001.83,7865178,418062.0,422538.0,986.2,1012.8,981.3,986.2,120520500,1084.8,887.6,1102.5,649.1,1012.1,1060,7,1012.0,220,5,1011.9,533,14,1011.8,834,10,1011.7,1437,12,1012.2,7,1,1012.3,39,2,1012.4,48,2,1012.5,929,17,1012.6,2278,15
317,2025-11-26 14:20:20+05:30,1012.2,1,1001.83,7865178,418062.0,422538.0,986.2,1012.8,981.3,986.2,120520500,1084.8,887.6,1102.5,649.1,1012.1,1060,7,1012.0,220,5,1011.9,533,14,1011.8,834,10,1011.7,1437,12,1012.2,7,1,1012.3,39,2,1012.4,48,2,1012.5,929,17,1012.6,2278,15
317,2025-11-26 14:20:21+05:30,1012.1,3,1001.83,7865182,418839.0,422535.0,986.2,1012.8,981.3,986.2,120520500,1084.8,887.6,1102.5,649.1,1012.1,1063,8,1012.0,295,6,1011.9,503,13,1011.8,861,11,1011.7,1437,12,1012.2,6,1,1012.3,39,2,1012.4,48,2,1012.5,929,17,1012.6,2278,15
317,2025-11-26 14:20:21+05:30,1012.1,3,1001.83,7865182,418839.0,422535.0,986.2,1012.8,981.3,986.2,120520500,1084.8,887.6,1102.5,649.1,1012.1,1063,8,1012.0,295,6,1011.9,503,13,1011.8,861,11,1011.7,1437,12,1012.2,6,1,1012.3,39,2,1012.4,48,2,1012.5,929,17,1012.6,2278,15
317,2025-11-26 14:20:22+05:30,1012.1,3,1001.83,7865182,419096.0,423338.0,986.2,1012.8,981.3,986.2,120520500,1084.8,887.6,1102.5,649.1,1012.1,1063,8,1012.0,181,3,1011.9,563,15,1011.8,861,11,1011.7,1437,12,1012.2,113,3,1012.3,39,2,1012.4,5,1,1012.5,929,17,1012.6,2288,16
317,2025-11-26 14:20:22+05:30,1012.2,23,1001.83,7865182,419096.0,423338.0,986.2,1012.8,981.3,986.2,120520500,1084.8,887.6,1102.5,649.1,1012.1,1063,8,1012.0,181,3,1011.9,563,15,1011.8,861,11,1011.7,1437,12,1012.2,113,3,1012.3,39,2,1012.4,5,1,1012.5,929,17,1012.6,2288,16
317,2025-11-26 14:20:23+05:30,1012.2,23,1001.83,7865213,418807.0,423399.0,986.2,1012.8,981.3,986.2,120520500,1084.8,887.6,1102.5,649.1,1012.1,893,7,1012.0,181,3,1011.9,563,15,1011.8,861,11,1011.7,896,11,1012.2,82,2,1012.3,39,2,1012.4,634,3,1012.5,1227,18,1012.6,1990,15
317,2025-11-26 14:20:24+05:30,1012.2,141,1001.83,7865213,418807.0,423399.0,986.2,1012.8,981.3,986.2,120520500,1084.8,887.6,1102.5,649.1,1012.1,893,7,1012.0,181,3,1011.9,563,15,1011.8,861,11,1011.7,896,11,1012.2,82,2,1012.3,39,2,1012.4,634,3,1012.5,1227,18,1012.6,1990,15
317,2025-11-26 14:20:24+05:30,1012.2,141,1001.83,7865436,416909.0,423319.0,986.2,1012.8,981.3,986.2,120520500,1084.8,887.6,1102.5,649.1,1012.1,893,7,1012.0,183,4,1011.9,540,14,1011.8,775,9,1011.7,896,11,1012.3,39,2,1012.4,584,2,1012.5,1227,18,1012.6,1990,15,1012.7,2255,15
317,2025-11-26 14:20:25+05:30,1012.3,2,1001.83,7865436,416909.0,423319.0,986.2,1012.8,981.3,986.2,120520500,1084.8,887.6,1102.5,649.1,1012.1,893,7,1012.0,183,4,1011.9,540,14,1011.8,775,9,1011.7,896,11,1012.3,39,2,1012.4,584,2,1012.5,1227,18,1012.6,1990,15,1012.7,2255,15
317,2025-11-26 14:20:25+05:30,1012.3,2,1001.83,7865462,417029.0,422694.0,986.2,1012.8,981.3,986.2,120520500,1084.8,887.6,1102.5,649.1,1012.2,1,1,1012.1,878,7,1012.0,199,5,1011.9,657,16,1011.8,865,11,1012.3,22,2,1012.4,17,2,1012.5,1278,19,1012.6,2013,17,1012.7,2255,15
317,2025-11-26 14:20:26+05:30,1012.3,2,1001.83,7865462,417029.0,422694.0,986.2,1012.8,981.3,986.2,120520500,1084.8,887.6,1102.5,649.1,1012.2,1,1,1012.1,878,7,1012.0,199,5,1011.9,657,16,1011.8,865,11,1012.3,22,2,1012.4,17,2,1012.5,1278,19,1012.6,2013,17,1012.7,2255,15
317,2025-11-26 14:20:26+05:30,1012.2,13,1001.83,7865477,416885.0,422811.0,986.2,1012.8,981.3,986.2,120520500,1084.8,887.6,1102.5,649.1,1012.2,5,1,1012.1,878,7,1012.0,199,5,1011.9,712,17,1011.8,835,10,1012.3,33,3,1012.4,5,1,1012.5,950,17,1012.6,2223,15,1012.7,2287,17
317,2025-11-26 14:20:27+05:30,1012.3,1,1001.83,7865478,416804.0,424310.0,986.2,1012.8,981.3,986.2,120520500,1084.8,887.6,1102.5,649.1,1012.2,5,1,1012.1,878,7,1012.0,199,5,1011.9,600,14,1011.8,865,11,1012.3,1018,4,1012.4,90,3,1012.5,1334,21,1012.6,2544,16,1012.7,2255,15
317,2025-11-26 14:20:27+05:30,1012.3,1,1001.83,7865478,416804.0,424310.0,986.2,1012.8,981.3,986.2,120520500,1084.8,887.6,1102.5,649.1,1012.2,5,1,1012.1,878,7,1012.0,199,5,1011.9,600,14,1011.8,865,11,1012.3,1018,4,1012.4,90,3,1012.5,1334,21,1012.6,2544,16,1012.7,2255,15
317,2025-11-26 14:20:28+05:30,1012.2,1,1001.83,7865478,416804.0,424310.0,986.2,1012.8,981.3,986.2,120520500,1084.8,887.6,1102.5,649.1,1012.2,5,1,1012.1,878,7,1012.0,199,5,1011.9,600,14,1011.8,865,11,1012.3,1018,4,1012.4,90,3,1012.5,1334,21,1012.6,2544,16,1012.7,2255,15
317,2025-11-26 14:20:28+05:30,1012.2,73,1001.83,7865587,416520.0,424033.0,986.2,1012.8,981.3,986.2,120520500,1084.8,887.6,1102.5,649.1,1012.2,9,1,1012.1,873,6,1012.0,69,4,1011.9,444,13,1011.8,871,12,1012.3,1025,5,1012.4,5,1,1012.5,1439,21,1012.6,2438,15,1012.7,2251,15
317,2025-11-26 14:20:29+05:30,1012.2,73,1001.83,7865587,416520.0,424033.0,986.2,1012.8,981.3,986.2,120520500,1084.8,887.6,1102.5,649.1,1012.2,9,1,1012.1,873,6,1012.0,69,4,1011.9,444,13,1011.8,871,12,1012.3,1025,5,1012.4,5,1,1012.5,1439,21,1012.6,2438,15,1012.7,2251,15
317,2025-11-26 14:20:29+05:30,1012.2,73,1001.83,7865587,416886.0,423816.0,986.2,1012.8,981.3,986.2,120520500,1084.8,887.6,1102.5,649.1,1012.2,15,2,1012.1,873,6,1012.0,69,4,1011.9,444,13,1011.8,871,12,1012.3,1025,5,1012.4,95,3,1012.5,1475,21,1012.6,2065,16,1012.7,2577,17
317,2025-11-26 14:20:30+05:30,1012.3,1,1001.83,7865587,416886.0,423816.0,986.2,1012.8,981.3,986.2,120520500,1084.8,887.6,1102.5,649.1,1012.2,15,2,1012.1,873,6,1012.0,69,4,1011.9,444,13,1011.8,871,12,1012.3,1025,5,1012.4,95,3,1012.5,1475,21,1012.6,2065,16,1012.7,2577,17
317,2025-11-26 14:20:31+05:30,1012.3,1,1001.83,7865651,416632.0,424277.0,986.2,1012.8,981.3,986.2,120520500,1084.8,887.6,1102.5,649.1,1012.2,8,3,1012.1,873,6,1012.0,69,4,1011.9,444,13,1011.8,871,12,1012.3,1023,5,1012.4,95,3,1012.5,1475,21,1012.6,2062,16,1012.7,2575,16
317,2025-11-26 14:20:32+05:30,1012.3,1,1001.83,7865651,416654.0,423857.0,986.2,1012.8,981.3,986.2,120520500,1084.8,887.6,1102.5,649.1,1012.2,8,3,1012.1,873,6,1012.0,69,4,1011.9,549,16,1011.8,841,11,1012.3,1023,5,1012.4,47,2,1012.5,1129,19,1012.6,2360,17,1012.7,2549,14
317,2025-11-26 14:20:32+05:30,1012.3,5,1001.83,7865651,416654.0,423857.0,986.2,1012.8,981.3,986.2,120520500,1084.8,887.6,1102.5,649.1,1012.2,8,3,1012.1,873,6,1012.0,69,4,1011.9,549,16,1011.8,841,11,1012.3,1023,5,1012.4,47,2,1012.5,1129,19,1012.6,2360,17,1012.7,2549,14
317,2025-11-26 14:20:33+05:30,1012.1,113,1001.83,7865799,415963.0,423855.0,986.2,1012.8,981.3,986.2,120520500,1084.8,887.6,1102.5,649.1,1012.1,760,6,1012.0,69,4,1011.9,461,13,1011.8,841,11,1011.7,950,13,1012.3,1018,6,1012.4,77,3,1012.5,1494,21,1012.6,2162,21,1012.7,2590,17
317,2025-11-26 14:20:33+05:30,1012.3,23,1001.83,7865799,415963.0,423855.0,986.2,1012.8,981.3,986.2,120520500,1084.8,887.6,1102.5,649.1,1012.1,760,6,1012.0,69,4,1011.9,461,13,1011.8,841,11,1011.7,950,13,1012.3,1018,6,1012.4,77,3,1012.5,1494,21,1012.6,2162,21,1012.7,2590,17
317,2025-11-26 14:20:34+05:30,1012.3,23,1001.83,7865822,416305.0,424477.0,986.2,1012.8,981.3,986.2,120520500,1084.8,887.6,1102.5,649.1,1012.1,764,7,1012.0,187,7,1011.9,462,12,1011.8,867,13,1011.7,896,11,1012.3,995,6,1012.4,573,4,1012.5,1517,21,1012.6,2168,22,1012.7,2617,18
317,2025-11-26 14:20:34+05:30,1012.2,112,1001.83,7865822,416305.0,424477.0,986.2,1012.8,981.3,986.2,120520500,1084.8,887.6,1102.5,649.1,1012.1,764,7,1012.0,187,7,1011.9,462,12,1011.8,867,13,1011.7,896,11,1012.3,995,6,1012.4,573,4,1012.5,1517,21,1012.6,2168,22,1012.7,2617,18
317,2025-11-26 14:20:34+05:30,1012.2,112,1001.83,7865934,415818.0,424406.0,986.2,1012.8,981.3,986.2,120520500,1084.8,887.6,1102.5,649.1,1012.2,9,1,1012.1,764,7,1012.0,96,5,1011.9,435,11,1011.8,894,14,1012.3,995,6,1012.4,187,5,1012.5,1517,21,1012.6,2211,23,1012.7,2600,18
317,2025-11-26 14:20:35+05:30,1012.3,1,1001.83,7865934,415818.0,424406.0,986.2,1012.8,981.3,986.2,120520500,1084.8,887.6,1102.5,649.1,1012.2,9,1,1012.1,764,7,1012.0,96,5,1011.9,435,11,1011.8,894,14,1012.3,995,6,1012.4,187,5,1012.5,1517,21,1012.6,2211,23,1012.7,2600,18
317,2025-11-26 14:20:35+05:30,1012.3,5,1001.83,7865942,415864.0,424443.0,986.2,1012.8,981.3,986.2,120520500,1084.8,887.6,1102.5,649.1,1012.2,4,1,1012.1,737,5,1012.0,78,5,1011.9,424,12,1011.8,894,14,1012.3,987,6,1012.4,187,5,1012.5,1558,22,1012.6,2213,23,1012.7,2602,19
317,2025-11-26 14:20:36+05:30,1012.3,5,1001.83,7865942,415864.0,424443.0,986.2,1012.8,981.3,986.2,120520500,1084.8,887.6,1102.5,649.1,1012.2,4,1,1012.1,737,5,1012.0,78,5,1011.9,424,12,1011.8,894,14,1012.3,987,6,1012.4,187,5,1012.5,1558,22,1012.6,2213,23,1012.7,2602,19
317,2025-11-26 14:20:36+05:30,1012.3,5,1001.83,7865942,415829.0,424443.0,986.2,1012.8,981.3,986.2,120520500,1084.8,887.6,1102.5,649.1,1012.2,4,1,1012.1,746,6,1012.0,78,5,1011.9,424,12,1011.8,894,14,1012.3,987,6,1012.4,187,5,1012.5,1585,23,1012.6,2186,22,1012.7,2602,19
317,2025-11-26 14:20:37+05:30,1012.2,1,1001.83,7865942,415829.0,424443.0,986.2,1012.8,981.3,986.2,120520500,1084.8,887.6,1102.5,649.1,1012.2,4,1,1012.1,746,6,1012.0,78,5,1011.9,424,12,1011.8,894,14,1012.3,987,6,1012.4,187,5,1012.5,1585,23,1012.6,2186,22,1012.7,2602,19
317,2025-11-26 14:20:37+05:30,1012.2,1,1001.83,7865947,416814.0,425052.0,986.2,1012.8,981.3,986.2,120520500,1084.8,887.6,1102.5,649.1,1012.1,746,6,1012.0,132,7,1011.9,443,12,1011.8,867,13,1011.7,1417,12,1012.2,3,1,1012.3,979,5,1012.4,110,3,1012.5,1322,22,1012.6,2983,23
317,2025-11-26 14:20:38+05:30,1012.1,103,1001.83,7865947,416814.0,425052.0,986.2,1012.8,981.3,986.2,120520500,1084.8,887.6,1102.5,649.1,1012.1,746,6,1012.0,132,7,1011.9,443,12,1011.8,867,13,1011.7,1417,12,1012.2,3,1,1012.3,979,5,1012.4,110,3,1012.5,1322,22,1012.6,2983,23
317,2025-11-26 14:20:38+05:30,1012.1,103,1001.83,7866050,416665.0,424704.0,986.2,1012.8,981.3,986.2,120520500,1084.8,887.6,1102.5,649.1,1012.1,644,7,1012.0,78,5,1011.9,433,12,1011.8,867,13,1011.7,1479,12,1012.2,3,1,1012.3,980,6,1012.4,584,4,1012.5,1620,23,1012.6,2158,21
317,2025-11-26 14:20:39+05:30,1012.1,103,1001.83,7866050,416683.0,424780.0,986.2,1012.8,981.3,986.2,120520500,1084.8,887.6,1102.5,649.1,1012.1,644,7,1012.0,69,4,1011.9,433,12,1011.8,867,13,1011.7,1479,12,1012.2,3,1,1012.3,980,6,1012.4,110,3,1012.5,1620,23,1012.6,2681,22
317,2025-11-26 14:20:40+05:30,1012.2,2,1001.83,7866050,416683.0,424780.0,986.2,1012.8,981.3,986.2,120520500,1084.8,887.6,1102.5,649.1,1012.1,644,7,1012.0,69,4,1011.9,433,12,1011.8,867,13,1011.7,1479,12,1012.2,3,1,1012.3,980,6,1012.4,110,3,1012.5,1620,23,1012.6,2681,22
317,2025-11-26 14:20:40+05:30,1012.2,2,1001.83,7866053,416693.0,424266.0,986.2,1012.8,981.3,986.2,120520500,1084.8,887.6,1102.5,649.1,1012.1,657,8,1012.0,69,4,1011.9,430,12,1011.8,867,13,1011.7,1479,12,1012.2,14,3,1012.3,977,5,1012.4,110,3,1012.5,1620,23,1012.6,2158,21
317,2025-11-26 14:20:41+05:30,1012.2,1,1001.83,7866053,416693.0,424266.0,986.2,1012.8,981.3,986.2,120520500,1084.8,887.6,1102.5,649.1,1012.1,657,8,1012.0,69,4,1011.9,430,12,1011.8,867,13,1011.7,1479,12,1012.2,14,3,1012.3,977,5,1012.4,110,3,1012.5,1620,23,1012.6,2158,21
317,2025-11-26 14:20:41+05:30,1012.2,1,1001.83,7866054,416693.0,424339.0,986.2,1012.8,981.3,986.2,120520500,1084.8,887.6,1102.5,649.1,1012.1,657,8,1012.0,69,4,1011.9,430,12,1011.8,867,13,1011.7,1479,12,1012.2,94,4,1012.3,1002,5,1012.4,68,2,1012.5,1630,24,1012.6,2158,21
317,2025-11-26 14:20:42+05:30,1012.1,20,1001.83,7866054,416693.0,424339.0,986.2,1012.8,981.3,986.2,120520500,1084.8,887.6,1102.5,649.1,1012.1,657,8,1012.0,69,4,1011.9,430,12,1011.8,867,13,1011.7,1479,12,1012.2,94,4,1012.3,1002,5,1012.4,68,2,1012.5,1630,24,1012.6,2158,21
317,2025-11-26 14:20:42+05:30,1012.1,20,1001.83,7866142,416652.0,424871.0,986.2,1012.8,981.3,986.2,120520500,1084.8,887.6,1102.5,649.1,1012.1,579,8,1012.0,69,4,1011.9,406,11,1011.8,891,14,1011.7,1479,12,1012.2,81,1,1012.3,1002,5,1012.4,68,2,1012.5,1630,24,1012.6,2730,22
317,2025-11-26 14:20:43+05:30,1012.3,63,1001.83,7866142,416652.0,424871.0,986.2,1012.8,981.3,986.2,120520500,1084.8,887.6,1102.5,649.1,1012.1,579,8,1012.0,69,4,1011.9,406,11,1011.8,891,14,1011.7,1479,12,1012.2,81,1,1012.3,1002,5,1012.4,68,2,1012.5,1630,24,1012.6,2730,22
317,2025-11-26 14:20:43+05:30,1012.3,63,1001.83,7866453,415524.0,427102.0,986.2,1012.8,981.3,986.2,120520500,1084.8,887.6,1102.5,649.1,1012.1,501,8,1012.0,69,4,1011.9,406,11,1011.8,891,14,1011.7,896,11,1012.3,939,5,1012.4,914,5,1012.5,3861,25,1012.6,2158,21,1012.7,2589,17
317,2025-11-26 14:20:44+05:30,1012.3,123,1001.83,7866453,415524.0,427102.0,986.2,1012.8,981.3,986.2,120520500,1084.8,887.6,1102.5,649.1,1012.1,501,8,1012.0,69,4,1011.9,406,11,1011.8,891,14,1011.7,896,11,1012.3,939,5,1012.4,914,5,1012.5,3861,25,1012.6,2158,21,1012.7,2589,17
317,2025-11-26 14:20:45+05:30,1012.3,123,1001.83,7866802,415968.0,426523.0,986.2,1012.8,981.3,986.2,120520500,1084.8,887.6,1102.5,649.1,1012.1,501,8,1012.0,69,4,1011.9,401,11,1011.8,867,13,1011.7,1200,13,1012.3,591,6,1012.4,540,2,1012.5,3791,23,1012.6,2405,22,1012.7,2596,17
317,2025-11-26 14:20:45+05:30,1012.3,1,1001.83,7866802,415968.0,426523.0,986.2,1012.8,981.3,986.2,120520500,1084.8,887.6,1102.5,649.1,1012.1,501,8,1012.0,69,4,1011.9,401,11,1011.8,867,13,1011.7,1200,13,1012.3,591,6,1012.4,540,2,1012.5,3791,23,1012.6,2405,22,1012.7,2596,17
317,2025-11-26 14:20:46+05:30,1012.3,1,1001.83,7866823,415715.0,426611.0,986.2,1012.8,981.3,986.2,120520500,1084.8,887.6,1102.5,649.1,1012.1,484,8,1012.0,69,4,1011.9,405,11,1011.8,891,14,1011.7,1576,13,1012.3,587,6,1012.4,540,2,1012.5,4089,24,1012.6,2135,22,1012.7,2596,17
317,2025-11-26 14:20:46+05:30,1012.3,1,1001.83,7866823,415715.0,426611.0,986.2,1012.8,981.3,986.2,120520500,1084.8,887.6,1102.5,649.1,1012.1,484,8,1012.0,69,4,1011.9,405,11,1011.8,891,14,1011.7,1576,13,1012.3,587,6,1012.4,540,2,1012.5,4089,24,1012.6,2135,22,1012.7,2596,17
317,2025-11-26 14:20:47+05:30,1012.3,1,1001.83,7866823,415618.0,425972.0,986.2,1012.8,981.3,986.2,120520500,1084.8,887.6,1102.5,649.1,1012.1,484,8,1012.0,69,4,1011.9,405,11,1011.8,891,14,1011.7,1469,13,1012.3,587,6,1012.4,5,1,1012.5,4089,24,1012.6,2107,21,1012.7,2596,17
317,2025-11-26 14:20:47+05:30,1012.1,3,1001.83,7866823,415618.0,425972.0,986.2,1012.8,981.3,986.2,120520500,1084.8,887.6,1102.5,649.1,1012.1,484,8,1012.0,69,4,1011.9,405,11,1011.8,891,14,1011.7,1469,13,1012.3,587,6,1012.4,5,1,1012.5,4089,24,1012.6,2107,21,1012.7,2596,17
317,2025-11-26 14:20:48+05:30,1012.1,3,1001.83,7866826,415614.0,427027.0,986.2,1012.8,981.3,986.2,120520500,1084.8,887.6,1102.5,649.1,1012.1,481,8,1012.0,69,4,1011.9,377,10,1011.8,891,14,1011.7,1469,13,1012.3,658,8,1012.4,5,1,1012.5,4039,23,1012.6,2107,21,1012.7,2596,17
317,2025-11-26 14:20:49+05:30,1012.1,3,1001.83,7866826,417087.0,427020.0,986.2,1012.8,981.3,986.2,120520500,1084.8,887.6,1102.5,649.1,1012.1,481,8,1012.0,69,4,1011.9,377,10,1011.8,891,14,1011.7,1469,13,1012.2,20,1,1012.3,658,8,1012.4,5,1,1012.5,4039,23,1012.6,2107,21
317,2025-11-26 14:20:50+05:30,1012.1,3,1001.83,7866826,417124.0,427097.0,986.2,1012.8,981.3,986.2,120520500,1084.8,887.6,1102.5,649.1,1012.1,481,8,1012.0,69,4,1011.9,377,10,1011.8,891,14,1011.7,1469,13,1012.2,20,1,1012.3,658,8,1012.4,5,1,1012.5,4039,23,1012.6,2107,21
317,2025-11-26 14:20:50+05:30,1012.2,1,1001.83,7866826,417124.0,427097.0,986.2,1012.8,981.3,986.2,120520500,1084.8,887.6,1102.5,649.1,1012.1,481,8,1012.0,69,4,1011.9,377,10,1011.8,891,14,1011.7,1469,13,1012.2,20,1,1012.3,658,8,1012.4,5,1,1012.5,4039,23,1012.6,2107,21
317,2025-11-26 14:20:51+05:30,1012.2,1,1001.83,7867116,417514.0,427903.0,986.2,1012.8,981.3,986.2,120520500,1084.8,887.6,1102.5,649.1,1012.1,198,7,1012.0,284,6,1011.9,950,8,1011.8,991,20,1011.7,1200,13,1012.2,60,2,1012.3,658,8,1012.4,5,1,1012.5,4039,23,1012.6,2107,21
317,2025-11-26 14:20:52+05:30,1012.2,1,1001.83,7867116,418727.0,427192.0,986.2,1012.8,981.3,986.2,120520500,1084.8,887.6,1102.5,649.1,1012.1,1014,9,1012.0,512,10,1011.9,395,7,1011.8,1484,20,1011.7,1229,14,1012.2,60,2,1012.3,658,8,1012.4,5,1,1012.5,3973,22,1012.6,1996,20
317,2025-11-26 14:20:52+05:30,1012.2,2,1001.83,7867116,418727.0,427192.0,986.2,1012.8,981.3,986.2,120520500,1084.8,887.6,1102.5,649.1,1012.1,1014,9,1012.0,512,10,1011.9,395,7,1011.8,1484,20,1011.7,1229,14,1012.2,60,2,1012.3,658,8,1012.4,5,1,1012.5,3973,22,1012.6,1996,20
317,2025-11-26 14:20:53+05:30,1012.2,23,1001.83,7867148,418353.0,427647.0,986.2,1012.8,981.3,986.2,120520500,1084.8,887.6,1102.5,649.1,1012.1,1027,10,1012.0,605,10,1011.9,418,8,1011.8,968,19,1011.7,1754,15,1012.2,36,2,1012.3,658,8,1012.4,576,2,1012.5,3912,22,1012.6,1996,20
317,2025-11-26 14:20:53+05:30,1012.2,23,1001.83,7867148,418353.0,427647.0,986.2,1012.8,981.3,986.2,120520500,1084.8,887.6,1102.5,649.1,1012.1,1027,10,1012.0,605,10,1011.9,418,8,1011.8,968,19,1011.7,1754,15,1012.2,36,2,1012.3,658,8,1012.4,576,2,1012.5,3912,22,1012.6,1996,20
317,2025-11-26 14:20:54+05:30,1012.2,13,1001.83,7867161,418342.0,427058.0,986.2,1012.8,981.3,986.2,120520500,1084.8,887.6,1102.5,649.1,1012.1,1027,10,1012.0,651,12,1011.9,372,6,1011.8,968,19,1011.7,1229,14,1012.2,23,2,1012.3,658,8,1012.4,5,1,1012.5,3614,21,1012.6,2289,20
317,2025-11-26 14:20:54+05:30,1012.2,28,1001.83,7867161,418342.0,427058.0,986.2,1012.8,981.3,986.2,120520500,1084.8,887.6,1102.5,649.1,1012.1,1027,10,1012.0,651,12,1011.9,372,6,1011.8,968,19,1011.7,1229,14,1012.2,23,2,1012.3,658,8,1012.4,5,1,1012.5,3614,21,1012.6,2289,20
317,2025-11-26 14:20:55+05:30,1012.2,1,1001.83,7867293,418479.0,427635.0,986.2,1012.8,981.3,986.2,120520500,1084.8,887.6,1102.5,649.1,1012.1,961,9,1012.0,400,7,1011.9,418,8,1011.8,968,19,1011.7,1229,14,1012.2,13,2,1012.3,658,8,1012.4,495,1,1012.5,3724,20,1012.6,1996,20
317,2025-11-26 14:20:55+05:30,1012.2,2,1001.83,7867293,418479.0,427635.0,986.2,1012.8,981.3,986.2,120520500,1084.8,887.6,1102.5,649.1,1012.1,961,9,1012.0,400,7,1011.9,418,8,1011.8,968,19,1011.7,1229,14,1012.2,13,2,1012.3,658,8,1012.4,495,1,1012.5,3724,20,1012.6,1996,20
317,2025-11-26 14:20:56+05:30,1012.2,2,1001.83,7867308,418452.0,427730.0,986.2,1012.8,981.3,986.2,120520500,1084.8,887.6,1102.5,649.1,1012.1,961,9,1012.0,400,7,1011.9,418,8,1011.8,1453,20,1011.7,1229,14,1012.2,59,2,1012.3,658,8,1012.5,3854,21,1012.6,1996,20,1012.7,2584,16
317,2025-11-26 14:20:56+05:30,1012.2,16,1001.83,7867308,418452.0,427730.0,986.2,1012.8,981.3,986.2,120520500,1084.8,887.6,1102.5,649.1,1012.1,961,9,1012.0,400,7,1011.9,418,8,1011.8,1453,20,1011.7,1229,14,1012.2,59,2,1012.3,658,8,1012.5,3854,21,1012.6,1996,20,1012.7,2584,16
317,2025-11-26 14:20:57+05:30,1012.2,16,1001.83,7867324,417765.0,427210.0,986.2,1012.8,981.3,986.2,120520500,1084.8,887.6,1102.5,649.1,1012.1,961,9,1012.0,400,7,1011.9,418,8,1011.8,940,17,1011.7,1565,14,1012.2,43,2,1012.3,658,8,1012.5,3556,20,1012.6,2294,21,1012.7,2596,17
317,2025-11-26 14:20:57+05:30,1012.1,47,1001.83,7867324,417765.0,427210.0,986.2,1012.8,981.3,986.2,120520500,1084.8,887.6,1102.5,649.1,1012.1,961,9,1012.0,400,7,1011.9,418,8,1011.8,940,17,1011.7,1565,14,1012.2,43,2,1012.3,658,8,1012.5,3556,20,1012.6,2294,21,1012.7,2596,17
317,2025-11-26 14:20:58+05:30,1012.3,21,1001.84,7868479,416827.0,423889.0,986.2,1012.8,981.3,986.2,120520500,1084.8,887.6,1102.5,649.1,1012.3,427,2,1012.1,1115,12,1012.0,938,15,1011.9,552,8,1011.8,1039,19,1012.5,3304,18,1012.6,1933,13,1012.7,2310,18,1012.8,1890,21,1012.9,2029,23
317,2025-11-26 14:20:58+05:30,1012.3,109,1001.84,7868479,416827.0,423889.0,986.2,1012.8,981.3,986.2,120520500,1084.8,887.6,1102.5,649.1,1012.3,427,2,1012.1,1115,12,1012.0,938,15,1011.9,552,8,1011.8,1039,19,1012.5,3304,18,1012.6,1933,13,1012.7,2310,18,1012.8,1890,21,1012.9,2029,23
317,2025-11-26 14:20:59+05:30,1012.3,109,1001.84,7868588,416744.0,424298.0,986.2,1012.8,981.3,986.2,120520500,1084.8,887.6,1102.5,649.1,1012.3,347,4,1012.1,1089,10,1012.0,949,15,1011.9,575,9,1011.8,1063,20,1012.5,3304,18,1012.6,1999,14,1012.7,2352,20,1012.8,1903,22,1012.9,2159,24
317,2025-11-26 14:21:00+05:30,1012.3,8,1001.84,7868612,417239.0,424193.0,986.2,1012.8,981.3,986.2,120520500,1084.8,887.6,1102.5,649.1,1012.3,325,5,1012.2,750,1,1012.1,339,9,1012.0,994,16,1011.9,575,9,1012.5,3271,17,1012.6,1999,14,1012.7,2325,19,1012.8,1903,22,1012.9,2159,24
317,2025-11-26 14:21:00+05:30,1012.3,10,1001.84,7868612,417239.0,424193.0,986.2,1012.8,981.3,986.2,120520500,1084.8,887.6,1102.5,649.1,1012.3,325,5,1012.2,750,1,1012.1,339,9,1012.0,994,16,1011.9,575,9,1012.5,3271,17,1012.6,1999,14,1012.7,2325,19,1012.8,1903,22,1012.9,2159,24
317,2025-11-26 14:21:01+05:30,1012.3,10,1001.84,7868623,417363.0,424324.0,986.2,1012.8,981.3,986.2,120520500,1084.8,887.6,1102.5,649.1,1012.3,315,5,1012.2,776,2,1012.1,339,9,1012.0,994,16,1011.9,680,16,1012.5,3303,19,1012.6,1961,14,1012.7,2302,18,1012.8,1903,22,1012.9,2159,24
317,2025-11-26 14:21:02+05:30,1012.5,531,1001.84,7869923,417390.0,423841.0,986.2,1012.8,981.3,986.2,120520500,1084.8,887.6,1102.5,649.1,1012.3,312,4,1012.2,780,4,1012.1,494,12,1012.0,1075,18,1011.9,814,16,1012.5,3017,10,1012.6,1866,11,1012.7,2146,11,1012.8,1560,21,1012.9,2548,31
317,2025-11-26 14:21:02+05:30,1012.5,4,1001.84,7869923,417390.0,423841.0,986.2,1012.8,981.3,986.2,120520500,1084.8,887.6,1102.5,649.1,1012.3,312,4,1012.2,780,4,1012.1,494,12,1012.0,1075,18,1011.9,814,16,1012.5,3017,10,1012.6,1866,11,1012.7,2146,11,1012.8,1560,21,1012.9,2548,31
317,2025-11-26 14:21:03+05:30,1012.5,50,1001.84,7870266,416722.0,423524.0,986.2,1012.8,981.3,986.2,120520500,1084.8,887.6,1102.5,649.1,1012.3,51,3,1012.2,780,4,1012.1,528,13,1012.0,989,15,1011.9,814,16,1012.5,2874,10,1012.6,1882,13,1012.7,2210,12,1012.8,1560,21,1012.9,2535,30
317,2025-11-26 14:21:03+05:30,1012.5,80,1001.84,7870266,416722.0,423524.0,986.2,1012.8,981.3,986.2,120520500,1084.8,887.6,1102.5,649.1,1012.3,51,3,1012.2,780,4,1012.1,528,13,1012.0,989,15,1011.9,814,16,1012.5,2874,10,1012.6,1882,13,1012.7,2210,12,1012.8,1560,21,1012.9,2535,30
317,2025-11-26 14:21:04+05:30,1012.5,725,1001.84,7872819,420007.0,420292.0,986.2,1012.8,981.3,986.2,120520500,1084.8,887.6,1102.5,649.1,1012.4,784,3,1012.3,112,5,1012.2,390,8,1012.1,561,14,1012.0,927,15,1012.5,918,8,1012.6,1512,8,1012.7,2066,10,1012.8,1014,11,1012.9,2400,31
317,2025-11-26 14:21:04+05:30,1012.5,63,1001.84,7872819,420007.0,420292.0,986.2,1012.8,981.3,986.2,120520500,1084.8,887.6,1102.5,649.1,1012.4,784,3,1012.3,112,5,1012.2,390,8,1012.1,561,14,1012.0,927,15,1012.5,918,8,1012.6,1512,8,1012.7,2066,10,1012.8,1014,11,1012.9,2400,31
317,2025-11-26 14:21:05+05:30,1012.5,5,1001.84,7874565,420305.0,419272.0,986.2,1012.8,981.3,986.2,120520500,1084.8,887.6,1102.5,649.1,1012.5,12,2,1012.4,890,7,1012.3,150,3,1012.2,375,7,1012.1,675,15,1012.6,1465,9,1012.7,1660,8,1012.8,1312,12,1012.9,1967,23,1013.0,10901,84
317,2025-11-26 14:21:05+05:30,1012.6,1,1001.84,7874565,420305.0,419272.0,986.2,1012.8,981.3,986.2,120520500,1084.8,887.6,1102.5,649.1,1012.5,12,2,1012.4,890,7,1012.3,150,3,1012.2,375,7,1012.1,675,15,1012.6,1465,9,1012.7,1660,8,1012.8,1312,12,1012.9,1967,23,1013.0,10901,84
317,2025-11-26 14:21:06+05:30,1012.6,100,1001.84,7874679,415331.0,419599.0,986.2,1012.8,981.3,986.2,120520500,1084.8,887.6,1102.5,649.1,1012.5,50,1,1012.4,901,7,1012.3,292,7,1012.2,450,9,1012.1,674,14,1012.6,1367,11,1012.7,1947,9,1012.8,1014,11,1012.9,2330,25,1013.0,11242,86
317,2025-11-26 14:21:06+05:30,1012.5,50,1001.84,7874679,415331.0,419599.0,986.2,1012.8,981.3,986.2,120520500,1084.8,887.6,1102.5,649.1,1012.5,50,1,1012.4,901,7,1012.3,292,7,1012.2,450,9,1012.1,674,14,1012.6,1367,11,1012.7,1947,9,1012.8,1014,11,1012.9,2330,25,1013.0,11242,86
317,2025-11-26 14:21:07+05:30,1012.5,50,1001.84,7874729,415569.0,419613.0,986.2,1012.8,981.3,986.2,120520500,1084.8,887.6,1102.5,649.1,1012.4,1628,7,1012.3,315,8,1012.2,422,8,1012.1,674,14,1012.0,1826,20,1012.6,1367,11,1012.7,1947,9,1012.8,1312,12,1012.9,2037,25,1013.0,11251,87
317,2025-11-26 14:21:07+05:30,1012.4,1,1001.84,7874729,415569.0,419613.0,986.2,1012.8,981.3,986.2,120520500,1084.8,887.6,1102.5,649.1,1012.4,1628,7,1012.3,315,8,1012.2,422,8,1012.1,674,14,1012.0,1826,20,1012.6,1367,11,1012.7,1947,9,1012.8,1312,12,1012.9,2037,25,1013.0,11251,87
317,2025-11-26 14:21:08+05:30,1012.4,1,1001.84,7874730,416530.0,420755.0,986.2,1012.8,981.3,986.2,120520500,1084.8,887.6,1102.5,649.1,1012.4,1602,6,1012.3,92,4,1012.2,468,10,1012.1,674,14,1012.0,1156,18,1012.5,786,1,1012.6,1369,11,1012.7,2744,11,1012.8,1079,12,1012.9,2396,29
317,2025-11-26 14:21:08+05:30,1012.4,10,1001.84,7874730,416530.0,420755.0,986.2,1012.8,981.3,986.2,120520500,1084.8,887.6,1102.5,649.1,1012.4,1602,6,1012.3,92,4,1012.2,468,10,1012.1,674,14,1012.0,1156,18,1012.5,786,1,1012.6,1369,11,1012.7,2744,11,1012.8,1079,12,1012.9,2396,29
317,2025-11-26 14:21:09+05:30,1012.4,10,1001.84,7874740,416584.0,420888.0,986.2,1012.8,981.3,986.2,120520500,1084.8,887.6,1102.5,649.1,1012.4,1610,8,1012.3,100,4,1012.2,392,8,1012.1,688,14,1012.0,1156,18,1012.5,939,3,1012.6,1369,11,1012.7,2749,12,1012.8,1079,12,1012.9,2383,28
317,2025-11-26 14:21:10+05:30,1012.5,1,1001.85,7875491,416989.0,420500.0,986.2,1012.8,981.3,986.2,120520500,1084.8,887.6,1102.5,649.1,1012.4,1670,10,1012.3,328,7,1012.2,445,9,1012.1,665,13,1012.0,1156,18,1012.5,188,3,1012.6,1369,11,1012.7,2446,10,1012.8,1369,13,1012.9,2037,25
317,2025-11-26 14:21:10+05:30,1012.5,2,1001.85,7875491,416989.0,420500.0,986.2,1012.8,981.3,986.2,120520500,1084.8,887.6,1102.5,649.1,1012.4,1670,10,1012.3,328,7,1012.2,445,9,1012.1,665,13,1012.0,1156,18,1012.5,188,3,1012.6,1369,11,1012.7,2446,10,1012.8,1369,13,1012.9,2037,25
317,2025-11-26 14:21:11+05:30,1012.5,497,1001.85,7876532,417089.0,420929.0,986.2,1012.8,981.3,986.2,120520500,1084.8,887.6,1102.5,649.1,1012.4,1610,8,1012.3,162,5,1012.2,371,7,1012.1,763,15,1012.0,1027,16,1012.5,793,3,1012.6,1369,11,1012.7,2749,12,1012.8,1071,12,1012.9,2226,24
317,2025-11-26 14:21:11+05:30,1012.5,497,1001.85,7876532,417089.0,420929.0,986.2,1012.8,981.3,986.2,120520500,1084.8,887.6,1102.5,649.1,1012.4,1610,8,1012.3,162,5,1012.2,371,7,1012.1,763,15,1012.0,1027,16,1012.5,793,3,1012.6,1369,11,1012.7,2749,12,1012.8,1071,12,1012.9,2226,24
317,2025-11-26 14:21:12+05:30,1012.5,93,1001.85,7876625,417181.0,421900.0,986.2,1012.8,981.3,986.2,120520500,1084.8,887.6,1102.5,649.1,1012.4,1610,8,1012.3,96,4,1012.2,316,6,1012.1,704,14,1012.0,1098,17,1012.5,1642,5,1012.6,1469,12,1012.7,2451,11,1012.8,1521,16,1012.9,2358,26
317,2025-11-26 14:21:12+05:30,1012.5,23,1001.85,7876625,417181.0,421900.0,986.2,1012.8,981.3,986.2,120520500,1084.8,887.6,1102.5,649.1,1012.4,1610,8,1012.3,96,4,1012.2,316,6,1012.1,704,14,1012.0,1098,17,1012.5,1642,5,1012.6,1469,12,1012.7,2451,11,1012.8,1521,16,1012.9,2358,26
317,2025-11-26 14:21:13+05:30,1012.5,7,1001.85,7876744,416691.0,421859.0,986.2,1012.8,981.3,986.2,120520500,1084.8,887.6,1102.5,649.1,1012.4,1530,7,1012.3,34,3,1012.2,378,7,1012.1,674,13,1012.0,1098,17,1012.5,1610,6,1012.6,1469,12,1012.7,2749,12,1012.8,1292,16,1012.9,2358,26
317,2025-11-26 14:21:13+05:30,1012.4,579,1001.85,7876744,416691.0,421859.0,986.2,1012.8,981.3,986.2,120520500,1084.8,887.6,1102.5,649.1,1012.4,1530,7,1012.3,34,3,1012.2,378,7,1012.1,674,13,1012.0,1098,17,1012.5,1610,6,1012.6,1469,12,1012.7,2749,12,1012.8,1292,16,1012.9,2358,26
317,2025-11-26 14:21:14+05:30,1012.5,353,1001.85,7878951,416058.0,420503.0,986.2,1012.8,981.3,986.2,120520500,1084.8,887.6,1102.5,649.1,1012.4,322,8,1012.3,182,5,1012.2,488,9,1012.1,758,18,1012.0,1346,19,1012.5,637,5,1012.6,1469,12,1012.7,2749,12,1012.8,1014,11,1012.9,2352,25
317,2025-11-26 14:21:14+05:30,1012.4,9,1001.85,7878951,416058.0,420503.0,986.2,1012.8,981.3,986.2,120520500,1084.8,887.6,1102.5,649.1,1012.4,322,8,1012.3,182,5,1012.2,488,9,1012.1,758,18,1012.0,1346,19,1012.5,637,5,1012.6,1469,12,1012.7,2749,12,1012.8,1014,11,1012.9,2352,25
317,2025-11-26 14:21:15+05:30,1012.5,2,1001.85,7879884,415917.0,421006.0,986.2,1012.8,981.3,986.2,120520500,1084.8,887.6,1102.5,649.1,1012.4,778,2,1012.3,182,5,1012.2,448,10,1012.1,820,19,1012.0,1073,17,1012.5,845,5,1012.6,1469,12,1012.7,2749,12,1012.8,1123,13,1012.9,2352,25
317,2025-11-26 14:21:15+05:30,1012.5,1,1001.85,7879884,415917.0,421006.0,986.2,1012.8,981.3,986.2,120520500,1084.8,887.6,1102.5,649.1,1012.4,778,2,1012.3,182,5,1012.2,448,10,1012.1,820,19,1012.0,1073,17,1012.5,845,5,1012.6,1469,12,1012.7,2749,12,1012.8,1123,13,1012.9,2352,25
317,2025-11-26 14:21:16+05:30,1012.5,94,1001.85,7879979,416283.0,421118.0,986.2,1012.8,981.3,986.2,120520500,1084.8,887.6,1102.5,649.1,1012.4,840,3,1012.3,65,3,1012.2,448,10,1012.1,820,19,1012.0,1073,17,1012.5,850,6,1012.6,1469,12,1012.7,2451,11,1012.8,1608,21,1012.9,2352,25
317,2025-11-26 14:21:16+05:30,1012.5,94,1001.85,7879979,416283.0,421118.0,986.2,1012.8,981.3,986.2,120520500,1084.8,887.6,1102.5,649.1,1012.4,840,3,1012.3,65,3,1012.2,448,10,1012.1,820,19,1012.0,1073,17,1012.5,850,6,1012.6,1469,12,1012.7,2451,11,1012.8,1608,21,1012.9,2352,25
317,2025-11-26 14:21:17+05:30,1012.3,8,1001.85,7880932,412343.0,422353.0,986.2,1012.8,981.3,986.2,120520500,1084.8,887.6,1102.5,649.1,1012.3,2,2,1012.2,52,5,1012.1,207,4,1012.0,617,9,1011.9,805,10,1012.5,1113,12,1012.6,2026,17,1012.7,3025,20,1012.8,2015,26,1012.9,2135,27
317,2025-11-26 14:21:17+05:30,1012.3,1,1001.85,7880932,412343.0,422353.0,986.2,1012.8,981.3,986.2,120520500,1084.8,887.6,1102.5,649.1,1012.3,2,2,1012.2,52,5,1012.1,207,4,1012.0,617,9,1011.9,805,10,1012.5,1113,12,1012.6,2026,17,1012.7,3025,20,1012.8,2015,26,1012.9,2135,27
317,2025-11-26 14:21:18+05:30,1012.5,197,1001.85,7881192,415708.0,423498.0,986.2,1012.8,981.3,986.2,120520500,1084.8,887.6,1102.5,649.1,1012.2,52,5,1012.1,105,2,1012.0,305,7,1011.9,791,10,1011.8,810,10,1012.5,1234,18,1012.6,2138,21,1012.7,3407,21,1012.8,1608,23,1012.9,2116,25
317,2025-11-26 14:21:18+05:30,1012.5,34,1001.85,7881192,415708.0,423498.0,986.2,1012.8,981.3,986.2,120520500,1084.8,887.6,1102.5,649.1,1012.2,52,5,1012.1,105,2,1012.0,305,7,1011.9,791,10,1011.8,810,10,1012.5,1234,18,1012.6,2138,21,1012.7,3407,21,1012.8,1608,23,1012.9,2116,25
317,2025-11-26 14:21:19+05:30,1012.4,750,1001.85,7882093,419319.0,422157.0,986.2,1012.8,981.3,986.2,120520500,1084.8,887.6,1102.5,649.1,1012.3,773,3,1012.2,242,6,1012.1,474,9,1012.0,637,14,1011.9,1053,11,1012.4,179,1,1012.5,1135,14,1012.6,1475,11,1012.7,3036,15,1012.8,985,16
317,2025-11-26 14:21:19+05:30,1012.4,1,1001.85,7882093,419319.0,422157.0,986.2,1012.8,981.3,986.2,120520500,1084.8,887.6,1102.5,649.1,1012.3,773,3,1012.2,242,6,1012.1,474,9,1012.0,637,14,1011.9,1053,11,1012.4,179,1,1012.5,1135,14,1012.6,1475,11,1012.7,3036,15,1012.8,985,16
317,2025-11-26 14:21:20+05:30,1012.4,2,1001.85,7882096,419505.0,423965.0,986.2,1012.8,981.3,986.2,120520500,1084.8,887.6,1102.5,649.1,1012.3,822,3,1012.2,116,5,1012.1,419,8,1012.0,587,13,1011.9,1053,11,1012.4,176,1,1012.5,1437,15,1012.6,1842,13,1012.7,2869,16,1012.8,985,16
317,2025-11-26 14:21:20+05:30,1012.4,1,1001.85,7882096,419505.0,423965.0,986.2,1012.8,981.3,986.2,120520500,1084.8,887.6,1102.5,649.1,1012.3,822,3,1012.2,116,5,1012.1,419,8,1012.0,587,13,1011.9,1053,11,1012.4,176,1,1012.5,1437,15,1012.6,1842,13,1012.7,2869,16,1012.8,985,16
317,2025-11-26 14:21:21+05:30,1012.4,1,1001.85,7882207,419862.0,423421.0,986.2,1012.8,981.3,986.2,120520500,1084.8,887.6,1102.5,649.1,1012.3,881,4,1012.2,54,4,1012.1,419,8,1012.0,587,13,1011.9,1053,11,1012.4,65,1,1012.5,1392,14,1012.6,1502,11,1012.7,2825,15,1012.8,1223,16
317,2025-11-26 14:21:22+05:30,1012.4,135,1001.85,7882342,420006.0,424286.0,986.2,1012.8,981.3,986.2,120520500,1084.8,887.6,1102.5,649.1,1012.3,822,3,1012.2,54,4,1012.1,478,9,1012.0,587,13,1011.9,1152,12,1012.4,179,1,1012.5,2160,16,1012.6,1800,12,1012.7,2894,16,1012.8,931,16
317,2025-11-26 14:21:22+05:30,1012.4,4,1001.85,7882342,420006.0,424286.0,986.2,1012.8,981.3,986.2,120520500,1084.8,887.6,1102.5,649.1,1012.3,822,3,1012.2,54,4,1012.1,478,9,1012.0,587,13,1011.9,1152,12,1012.4,179,1,1012.5,2160,16,1012.6,1800,12,1012.7,2894,16,1012.8,931,16
317,2025-11-26 14:21:23+05:30,1012.5,93,1001.86,7883166,418738.0,422555.0,986.2,1012.8,981.3,986.2,120520500,1084.8,887.6,1102.5,649.1,1012.3,822,3,1012.2,180,5,1012.1,512,10,1012.0,747,16,1011.9,1152,12,1012.5,2032,16,1012.6,1800,12,1012.7,2753,14,1012.8,931,16,1012.9,2397,25
317,2025-11-26 14:21:23+05:30,1012.5,93,1001.86,7883166,418738.0,422555.0,986.2,1012.8,981.3,986.2,120520500,1084.8,887.6,1102.5,649.1,1012.3,822,3,1012.2,180,5,1012.1,512,10,1012.0,747,16,1011.9,1152,12,1012.5,2032,16,1012.6,1800,12,1012.7,2753,14,1012.8,931,16,1012.9,2397,25
317,2025-11-26 14:21:24+05:30,1012.5,224,1001.86,7883166,418738.0,422555.0,986.2,1012.8,981.3,986.2,120520500,1084.8,887.6,1102.5,649.1,1012.3,822,3,1012.2,180,5,1012.1,512,10,1012.0,747,16,1011.9,1152,12,1012.5,2032,16,1012.6,1800,12,1012.7,2753,14,1012.8,931,16,1012.9,2397,25
317,2025-11-26 14:21:24+05:30,1012.5,224,1001.86,7883390,418563.0,422811.0,986.2,1012.8,981.3,986.2,120520500,1084.8,887.6,1102.5,649.1,1012.3,822,3,1012.2,113,5,1012.1,398,8,1012.0,739,15,1011.9,1152,12,1012.5,1813,18,1012.6,1866,13,1012.7,3087,19,1012.8,965,20,1012.9,2439,28
317,2025-11-26 14:21:25+05:30,1012.5,2,1001.86,7883390,418563.0,422811.0,986.2,1012.8,981.3,986.2,120520500,1084.8,887.6,1102.5,649.1,1012.3,822,3,1012.2,113,5,1012.1,398,8,1012.0,739,15,1011.9,1152,12,1012.5,1813,18,1012.6,1866,13,1012.7,3087,19,1012.8,965,20,1012.9,2439,28
317,2025-11-26 14:21:25+05:30,1012.5,2,1001.86,7883418,418572.0,422530.0,986.2,1012.8,981.3,986.2,120520500,1084.8,887.6,1102.5,649.1,1012.3,930,4,1012.2,89,4,1012.1,455,9,1012.0,680,14,1011.9,1176,13,1012.5,1752,17,1012.6,1866,13,1012.7,3006,17,1012.8,1037,22,1012.9,2439,28
317,2025-11-26 14:21:26+05:30,1012.5,8,1001.86,7883418,418572.0,422530.0,986.2,1012.8,981.3,986.2,120520500,1084.8,887.6,1102.5,649.1,1012.3,930,4,1012.2,89,4,1012.1,455,9,1012.0,680,14,1011.9,1176,13,1012.5,1752,17,1012.6,1866,13,1012.7,3006,17,1012.8,1037,22,1012.9,2439,28
317,2025-11-26 14:21:26+05:30,1012.5,8,1001.86,7883488,418422.0,422271.0,986.2,1012.8,981.3,986.2,120520500,1084.8,887.6,1102.5,649.1,1012.4,100,1,1012.3,930,4,1012.2,89,4,1012.1,613,10,1012.0,693,15,1012.5,1691,17,1012.6,1502,11,1012.7,3197,17,1012.8,1037,22,1012.9,2439,28
317,2025-11-26 14:21:27+05:30,1012.5,8,1001.86,7883488,418638.0,421773.0,986.2,1012.8,981.3,986.2,120520500,1084.8,887.6,1102.5,649.1,1012.4,114,3,1012.3,930,4,1012.2,89,4,1012.1,588,9,1012.0,706,16,1012.5,1692,18,1012.6,1502,11,1012.7,2698,16,1012.8,1037,22,1012.9,2439,28
317,2025-11-26 14:21:28+05:30,1012.4,2,1001.86,7883488,418638.0,421773.0,986.2,1012.8,981.3,986.2,120520500,1084.8,887.6,1102.5,649.1,1012.4,114,3,1012.3,930,4,1012.2,89,4,1012.1,588,9,1012.0,706,16,1012.5,1692,18,1012.6,1502,11,1012.7,2698,16,1012.8,1037,22,1012.9,2439,28
317,2025-11-26 14:21:29+05:30,1012.4,45,1001.86,7883957,418572.0,422471.0,986.2,1012.8,981.3,986.2,120520500,1084.8,887.6,1102.5,649.1,1012.4,14,2,1012.3,930,4,1012.2,30,3,1012.1,533,8,1012.0,1094,21,1012.5,1909,19,1012.6,1601,13,1012.7,2813,18,1012.8,971,20,1012.9,2439,28
317,2025-11-26 14:21:29+05:30,1012.4,45,1001.86,7883957,418572.0,422471.0,986.2,1012.8,981.3,986.2,120520500,1084.8,887.6,1102.5,649.1,1012.4,14,2,1012.3,930,4,1012.2,30,3,1012.1,533,8,1012.0,1094,21,1012.5,1909,19,1012.6,1601,13,1012.7,2813,18,1012.8,971,20,1012.9,2439,28
317,2025-11-26 14:21:29+05:30,1012.4,45,1001.86,7883957,419097.0,422810.0,986.2,1012.8,981.3,986.2,120520500,1084.8,887.6,1102.5,649.1,1012.3,930,4,1012.2,30,3,1012.1,547,10,1012.0,1098,21,1011.9,950,11,1012.5,1909,19,1012.6,1899,14,1012.7,2456,16,1012.8,1030,21,1012.9,2446,29
317,2025-11-26 14:21:30+05:30,1012.5,1,1001.86,7883957,419097.0,422810.0,986.2,1012.8,981.3,986.2,120520500,1084.8,887.6,1102.5,649.1,1012.3,930,4,1012.2,30,3,1012.1,547,10,1012.0,1098,21,1011.9,950,11,1012.5,1909,19,1012.6,1899,14,1012.7,2456,16,1012.8,1030,21,1012.9,2446,29
317,2025-11-26 14:21:31+05:30,1012.5,1,1001.86,7884219,419480.0,422390.0,986.2,1012.8,981.3,986.2,120520500,1084.8,887.6,1102.5,649.1,1012.3,862,5,1012.2,4,2,1012.1,631,12,1012.0,1098,21,1011.9,1184,13,1012.5,1766,14,1012.6,1830,13,1012.7,2456,16,1012.8,971,20,1012.9,2505,30
317,2025-11-26 14:21:32+05:30,1012.3,10,1001.86,7884229,419482.0,422664.0,986.2,1012.8,981.3,986.2,120520500,1084.8,887.6,1102.5,649.1,1012.3,852,5,1012.2,10,3,1012.1,625,11,1012.0,1161,22,1011.9,1152,12,1012.5,1766,14,1012.6,1830,13,1012.7,2456,16,1012.8,971,20,1012.9,2505,30
317,2025-11-26 14:21:32+05:30,1012.3,71,1001.86,7884229,419482.0,422664.0,986.2,1012.8,981.3,986.2,120520500,1084.8,887.6,1102.5,649.1,1012.3,852,5,1012.2,10,3,1012.1,625,11,1012.0,1161,22,1011.9,1152,12,1012.5,1766,14,1012.6,1830,13,1012.7,2456,16,1012.8,971,20,1012.9,2505,30
317,2025-11-26 14:21:33+05:30,1012.5,23,1001.86,7885082,418658.0,420659.0,986.2,1012.8,981.3,986.2,120520500,1084.8,887.6,1102.5,649.1,1012.3,781,5,1012.2,202,5,1012.1,592,10,1012.0,967,22,1011.9,950,11,1012.5,1341,14,1012.6,1829,13,1012.7,1729,10,1012.8,981,24,1012.9,2367,24
317,2025-11-26 14:21:33+05:30,1012.5,23,1001.86,7885082,418658.0,420659.0,986.2,1012.8,981.3,986.2,120520500,1084.8,887.6,1102.5,649.1,1012.3,781,5,1012.2,202,5,1012.1,592,10,1012.0,967,22,1011.9,950,11,1012.5,1341,14,1012.6,1829,13,1012.7,1729,10,1012.8,981,24,1012.9,2367,24
317,2025-11-26 14:21:34+05:30,1012.5,23,1001.86,7885082,418669.0,420640.0,986.2,1012.8,981.3,986.2,120520500,1084.8,887.6,1102.5,649.1,1012.3,797,6,1012.2,257,6,1012.1,537,9,1012.0,912,21,1011.9,950,11,1012.5,1341,14,1012.6,1829,13,1012.7,1799,11,1012.8,981,24,1012.9,2367,24
317,2025-11-26 14:21:35+05:30,1012.5,2,1001.86,7885084,418634.0,421344.0,986.2,1012.8,981.3,986.2,120520500,1084.8,887.6,1102.5,649.1,1012.4,112,1,1012.3,797,6,1012.2,136,4,1012.1,482,8,1012.0,936,21,1012.5,1726,16,1012.6,1666,14,1012.7,2444,16,1012.8,955,24,1012.9,2367,24
317,2025-11-26 14:21:35+05:30,1012.5,2,1001.86,7885084,418634.0,421344.0,986.2,1012.8,981.3,986.2,120520500,1084.8,887.6,1102.5,649.1,1012.4,112,1,1012.3,797,6,1012.2,136,4,1012.1,482,8,1012.0,936,21,1012.5,1726,16,1012.6,1666,14,1012.7,2444,16,1012.8,955,24,1012.9,2367,24
317,2025-11-26 14:21:36+05:30,1012.5,2,1001.86,7885086,418718.0,421351.0,986.2,1012.8,981.3,986.2,120520500,1084.8,887.6,1102.5,649.1,1012.4,112,1,1012.3,797,6,1012.2,10,3,1012.1,482,8,1012.0,936,21,1012.5,1733,18,1012.6,1666,14,1012.7,2444,16,1012.8,955,24,1012.9,2367,24
317,2025-11-26 14:21:37+05:30,1012.5,2,1001.86,7885086,418688.0,421470.0,986.2,1012.8,981.3,986.2,120520500,1084.8,887.6,1102.5,649.1,1012.4,126,3,1012.3,797,6,1012.2,10,3,1012.1,468,6,1012.0,936,21,1012.5,1733,18,1012.6,1666,14,1012.7,2426,13,1012.8,979,28,1012.9,2367,24
317,2025-11-26 14:21:37+05:30,1012.5,43,1001.86,7885086,418688.0,421470.0,986.2,1012.8,981.3,986.2,120520500,1084.8,887.6,1102.5,649.1,1012.4,126,3,1012.3,797,6,1012.2,10,3,1012.1,468,6,1012.0,936,21,1012.5,1733,18,1012.6,1666,14,1012.7,2426,13,1012.8,979,28,1012.9,2367,24
317,2025-11-26 14:21:38+05:30,1012.5,43,1001.86,7885129,418675.0,421552.0,986.2,1012.8,981.3,986.2,120520500,1084.8,887.6,1102.5,649.1,1012.4,126,3,1012.3,797,6,1012.2,10,3,1012.1,468,6,1012.0,970,22,1012.5,1690,18,1012.6,1531,12,1012.7,2426,13,1012.8,1061,28,1012.9,2367,24
317,2025-11-26 14:21:38+05:30,1012.4,4,1001.86,7885129,418675.0,421552.0,986.2,1012.8,981.3,986.2,120520500,1084.8,887.6,1102.5,649.1,1012.4,126,3,1012.3,797,6,1012.2,10,3,1012.1,468,6,1012.0,970,22,1012.5,1690,18,1012.6,1531,12,1012.7,2426,13,1012.8,1061,28,1012.9,2367,24
317,2025-11-26 14:21:39+05:30,1012.4,42,1001.86,7886262,419270.0,420291.0,986.2,1012.8,981.3,986.2,120520500,1084.8,887.6,1102.5,649.1,1012.3,796,5,1012.2,302,6,1012.1,586,10,1012.0,1026,22,1011.9,998,12,1012.5,953,16,1012.6,1467,11,1012.7,2064,9,1012.8,930,25,1012.9,2378,26
317,2025-11-26 14:21:39+05:30,1012.3,4,1001.86,7886262,419270.0,420291.0,986.2,1012.8,981.3,986.2,120520500,1084.8,887.6,1102.5,649.1,1012.3,796,5,1012.2,302,6,1012.1,586,10,1012.0,1026,22,1011.9,998,12,1012.5,953,16,1012.6,1467,11,1012.7,2064,9,1012.8,930,25,1012.9,2378,26
317,2025-11-26 14:21:40+05:30,1012.5,1,1001.86,7886267,419318.0,420241.0,986.2,1012.8,981.3,986.2,120520500,1084.8,887.6,1102.5,649.1,1012.3,792,5,1012.2,247,5,1012.1,667,12,1012.0,1026,22,1011.9,1028,13,1012.5,955,17,1012.6,1467,11,1012.7,2190,10,1012.8,943,26,1012.9,2378,26
317,2025-11-26 14:21:40+05:30,1012.5,2,1001.86,7886267,419318.0,420241.0,986.2,1012.8,981.3,986.2,120520500,1084.8,887.6,1102.5,649.1,1012.3,792,5,1012.2,247,5,1012.1,667,12,1012.0,1026,22,1011.9,1028,13,1012.5,955,17,1012.6,1467,11,1012.7,2190,10,1012.8,943,26,1012.9,2378,26
317,2025-11-26 14:21:41+05:30,1012.5,2,1001.86,7886269,419283.0,420461.0,986.2,1012.8,981.3,986.2,120520500,1084.8,887.6,1102.5,649.1,1012.3,805,6,1012.2,121,4,1012.1,641,11,1012.0,992,21,1011.9,980,12,1012.5,953,17,1012.6,1828,13,1012.7,2069,14,1012.8,1237,25,1012.9,2058,25
317,2025-11-26 14:21:41+05:30,1012.3,5,1001.86,7886269,419283.0,420461.0,986.2,1012.8,981.3,986.2,120520500,1084.8,887.6,1102.5,649.1,1012.3,805,6,1012.2,121,4,1012.1,641,11,1012.0,992,21,1011.9,980,12,1012.5,953,17,1012.6,1828,13,1012.7,2069,14,1012.8,1237,25,1012.9,2058,25
317,2025-11-26 14:21:42+05:30,1012.5,1,1001.86,7886275,419170.0,420391.0,986.2,1012.8,981.3,986.2,120520500,1084.8,887.6,1102.5,649.1,1012.3,800,6,1012.2,10,3,1012.1,531,9,1012.0,1098,23,1011.9,980,12,1012.5,952,17,1012.6,1883,14,1012.7,2142,15,1012.8,1250,26,1012.9,2058,25
317,2025-11-26 14:21:42+05:30,1012.5,5,1001.86,7886275,419170.0,420391.0,986.2,1012.8,981.3,986.2,120520500,1084.8,887.6,1102.5,649.1,1012.3,800,6,1012.2,10,3,1012.1,531,9,1012.0,1098,23,1011.9,980,12,1012.5,952,17,1012.6,1883,14,1012.7,2142,15,1012.8,1250,26,1012.9,2058,25
317,2025-11-26 14:21:43+05:30,1012.3,15,1001.86,7886385,419047.0,420458.0,986.2,1012.8,981.3,986.2,120520500,1084.8,887.6,1102.5,649.1,1012.3,744,5,1012.2,10,3,1012.1,531,9,1012.0,1098,23,1011.9,980,12,1012.5,920,17,1012.6,1949,15,1012.7,2252,16,1012.8,1250,26,1012.9,2058,25
317,2025-11-26 14:21:43+05:30,1012.5,8,1001.86,7886385,419047.0,420458.0,986.2,1012.8,981.3,986.2,120520500,1084.8,887.6,1102.5,649.1,1012.3,744,5,1012.2,10,3,1012.1,531,9,1012.0,1098,23,1011.9,980,12,1012.5,920,17,1012.6,1949,15,1012.7,2252,16,1012.8,1250,26,1012.9,2058,25
317,2025-11-26 14:21:44+05:30,1012.5,3,1001.86,7886619,419315.0,420543.0,986.2,1012.8,981.3,986.2,120520500,1084.8,887.6,1102.5,649.1,1012.3,744,5,1012.2,10,3,1012.1,531,9,1012.0,1070,23,1011.9,1033,13,1012.5,952,15,1012.6,2002,16,1012.7,2252,16,1012.8,1250,26,1012.9,2058,25
317,2025-11-26 14:21:44+05:30,1012.5,3,1001.86,7886619,419315.0,420543.0,986.2,1012.8,981.3,986.2,120520500,1084.8,887.6,1102.5,649.1,1012.3,744,5,1012.2,10,3,1012.1,531,9,1012.0,1070,23,1011.9,1033,13,1012.5,952,15,1012.6,2002,16,1012.7,2252,16,1012.8,1250,26,1012.9,2058,25
317,2025-11-26 14:21:45+05:30,1012.5,3,1001.86,7886622,419340.0,420893.0,986.2,1012.8,981.3,986.2,120520500,1084.8,887.6,1102.5,649.1,1012.3,744,5,1012.2,10,3,1012.1,531,9,1012.0,1045,22,1011.9,1033,13,1012.5,999,16,1012.6,2002,16,1012.7,2252,16,1012.8,1250,26,1012.9,2058,25
317,2025-11-26 14:21:45+05:30,1012.5,1,1001.86,7886622,419340.0,420893.0,986.2,1012.8,981.3,986.2,120520500,1084.8,887.6,1102.5,649.1,1012.3,744,5,1012.2,10,3,1012.1,531,9,1012.0,1045,22,1011.9,1033,13,1012.5,999,16,1012.6,2002,16,1012.7,2252,16,1012.8,1250,26,1012.9,2058,25
317,2025-11-26 14:21:46+05:30,1012.5,1,1001.86,7886923,419408.0,420796.0,986.2,1012.8,981.3,986.2,120520500,1084.8,887.6,1102.5,649.1,1012.3,694,5,1012.2,10,3,1012.1,615,11,1012.0,1045,22,1011.9,1033,13,1012.5,748,16,1012.6,1951,16,1012.7,2305,17,1012.8,1250,26,1012.9,2059,26
317,2025-11-26 14:21:47+05:30,1012.5,1,1001.86,7886923,419156.0,421073.0,986.2,1012.8,981.3,986.2,120520500,1084.8,887.6,1102.5,649.1,1012.3,694,5,1012.2,10,3,1012.1,531,9,1012.0,986,21,1011.9,1033,13,1012.5,1038,19,1012.6,2072,18,1012.7,2252,16,1012.8,1250,26,1012.9,2059,26
317,2025-11-26 14:21:47+05:30,1012.5,285,1001.86,7886923,419156.0,421073.0,986.2,1012.8,981.3,986.2,120520500,1084.8,887.6,1102.5,649.1,1012.3,694,5,1012.2,10,3,1012.1,531,9,1012.0,986,21,1011.9,1033,13,1012.5,1038,19,1012.6,2072,18,1012.7,2252,16,1012.8,1250,26,1012.9,2059,26
317,2025-11-26 14:21:48+05:30,1012.5,285,1001.86,7887228,419899.0,420411.0,986.2,1012.8,981.3,986.2,120520500,1084.8,887.6,1102.5,649.1,1012.3,694,5,1012.2,194,5,1012.1,665,13,1012.0,918,19,1011.9,1182,13,1012.5,741,19,1012.6,1469,12,1012.7,2008,12,1012.8,835,20,1012.9,2379,27
317,2025-11-26 14:21:49+05:30,1012.3,5,1001.86,7887233,420925.0,420998.0,986.2,1012.8,981.3,986.2,120520500,1084.8,887.6,1102.5,649.1,1012.3,689,5,1012.2,136,4,1012.1,652,12,1012.0,931,20,1011.9,881,11,1012.4,42,1,1012.5,741,19,1012.6,1469,12,1012.7,2448,14,1012.8,1093,27
317,2025-11-26 14:21:49+05:30,1012.3,5,1001.86,7887233,420925.0,420998.0,986.2,1012.8,981.3,986.2,120520500,1084.8,887.6,1102.5,649.1,1012.3,689,5,1012.2,136,4,1012.1,652,12,1012.0,931,20,1011.9,881,11,1012.4,42,1,1012.5,741,19,1012.6,1469,12,1012.7,2448,14,1012.8,1093,27
317,2025-11-26 14:21:50+05:30,1012.4,1,1001.86,7887234,420972.0,421733.0,986.2,1012.8,981.3,986.2,120520500,1084.8,887.6,1102.5,649.1,1012.3,689,5,1012.2,136,4,1012.1,652,12,1012.0,962,21,1011.9,881,11,1012.4,41,1,1012.5,741,19,1012.6,1469,12,1012.7,2448,14,1012.8,1093,27
317,2025-11-26 14:21:50+05:30,1012.4,1,1001.86,7887234,420972.0,421733.0,986.2,1012.8,981.3,986.2,120520500,1084.8,887.6,1102.5,649.1,1012.3,689,5,1012.2,136,4,1012.1,652,12,1012.0,962,21,1011.9,881,11,1012.4,41,1,1012.5,741,19,1012.6,1469,12,1012.7,2448,14,1012.8,1093,27
317,2025-11-26 14:21:51+05:30,1012.4,1,1001.86,7887235,423293.0,421720.0,986.2,1012.8,981.3,986.2,120520500,1084.8,887.6,1102.5,649.1,1012.3,859,6,1012.2,1687,6,1012.1,709,13,1012.0,875,19,1011.9,1446,12,1012.4,40,1,1012.5,741,19,1012.6,1539,13,1012.7,2095,12,1012.8,1474,31
317,2025-11-26 14:21:51+05:30,1012.3,20,1001.86,7887235,423293.0,421720.0,986.2,1012.8,981.3,986.2,120520500,1084.8,887.6,1102.5,649.1,1012.3,859,6,1012.2,1687,6,1012.1,709,13,1012.0,875,19,1011.9,1446,12,1012.4,40,1,1012.5,741,19,1012.6,1539,13,1012.7,2095,12,1012.8,1474,31
317,2025-11-26 14:21:52+05:30,1012.3,20,1001.86,7887255,423150.0,422427.0,986.2,1012.8,981.3,986.2,120520500,1084.8,887.6,1102.5,649.1,1012.3,669,5,1012.2,1708,7,1012.1,709,13,1012.0,875,19,1011.9,851,10,1012.4,40,1,1012.5,721,18,1012.6,1539,13,1012.7,2393,13,1012.8,1176,30
317,2025-11-26 14:21:52+05:30,1012.3,37,1001.86,7887255,423150.0,422427.0,986.2,1012.8,981.3,986.2,120520500,1084.8,887.6,1102.5,649.1,1012.3,669,5,1012.2,1708,7,1012.1,709,13,1012.0,875,19,1011.9,851,10,1012.4,40,1,1012.5,721,18,1012.6,1539,13,1012.7,2393,13,1012.8,1176,30
317,2025-11-26 14:21:53+05:30,1012.4,23,1001.86,7887358,422920.0,422511.0,986.2,1012.8,981.3,986.2,120520500,1084.8,887.6,1102.5,649.1,1012.3,627,5,1012.2,1708,7,1012.1,599,11,1012.0,875,19,1011.9,884,11,1012.4,120,2,1012.5,725,18,1012.6,1505,12,1012.7,2347,12,1012.8,1123,29
317,2025-11-26 14:21:53+05:30,1012.4,184,1001.86,7887358,422920.0,422511.0,986.2,1012.8,981.3,986.2,120520500,1084.8,887.6,1102.5,649.1,1012.3,627,5,1012.2,1708,7,1012.1,599,11,1012.0,875,19,1011.9,884,11,1012.4,120,2,1012.5,725,18,1012.6,1505,12,1012.7,2347,12,1012.8,1123,29
317,2025-11-26 14:21:54+05:30,1012.4,112,1001.86,7888033,422434.0,422563.0,986.2,1012.8,981.3,986.2,120520500,1084.8,887.6,1102.5,649.1,1012.3,42,3,1012.2,1561,6,1012.1,590,10,1012.0,936,24,1011.9,884,11,1012.4,48,1,1012.5,785,19,1012.6,1564,13,1012.7,2455,13,1012.8,1123,29
317,2025-11-26 14:21:54+05:30,1012.4,112,1001.86,7888033,422434.0,422563.0,986.2,1012.8,981.3,986.2,120520500,1084.8,887.6,1102.5,649.1,1012.3,42,3,1012.2,1561,6,1012.1,590,10,1012.0,936,24,1011.9,884,11,1012.4,48,1,1012.5,785,19,1012.6,1564,13,1012.7,2455,13,1012.8,1123,29
317,2025-11-26 14:21:55+05:30,1012.5,1,1001.86,7889609,423062.0,420446.0,986.2,1012.8,981.3,986.2,120520500,1084.8,887.6,1102.5,649.1,1012.4,1,1,1012.3,802,5,1012.2,1786,9,1012.1,643,11,1012.0,1199,28,1012.5,833,8,1012.6,1505,12,1012.7,1997,7,1012.8,752,19,1012.9,2396,30
317,2025-11-26 14:21:55+05:30,1012.5,2,1001.86,7889609,423062.0,420446.0,986.2,1012.8,981.3,986.2,120520500,1084.8,887.6,1102.5,649.1,1012.4,1,1,1012.3,802,5,1012.2,1786,9,1012.1,643,11,1012.0,1199,28,1012.5,833,8,1012.6,1505,12,1012.7,1997,7,1012.8,752,19,1012.9,2396,30
317,2025-11-26 14:21:56+05:30,1012.5,1,1001.86,7889948,423169.0,420825.0,986.2,1012.8,981.3,986.2,120520500,1084.8,887.6,1102.5,649.1,1012.3,850,7,1012.2,1901,11,1012.1,670,11,1012.0,1142,27,1011.9,972,12,1012.5,597,7,1012.6,1505,12,1012.7,1977,7,1012.8,1231,22,1012.9,2452,30
317,2025-11-26 14:21:56+05:30,1012.5,1,1001.86,7889948,423169.0,420825.0,986.2,1012.8,981.3,986.2,120520500,1084.8,887.6,1102.5,649.1,1012.3,850,7,1012.2,1901,11,1012.1,670,11,1012.0,1142,27,1011.9,972,12,1012.5,597,7,1012.6,1505,12,1012.7,1977,7,1012.8,1231,22,1012.9,2452,30
317,2025-11-26 14:21:57+05:30,1012.5,125,1001.86,7890073,424060.0,421607.0,986.2,1012.8,981.3,986.2,120520500,1084.8,887.6,1102.5,649.1,1012.4,1000,1,1012.3,805,6,1012.2,1901,11,1012.1,640,10,1012.0,1102,26,1012.5,619,11,1012.6,1505,12,1012.7,1814,8,1012.8,835,22,1012.9,3679,31
317,2025-11-26 14:21:57+05:30,1012.5,125,1001.86,7890073,424060.0,421607.0,986.2,1012.8,981.3,986.2,120520500,1084.8,887.6,1102.5,649.1,1012.4,1000,1,1012.3,805,6,1012.2,1901,11,1012.1,640,10,1012.0,1102,26,1012.5,619,11,1012.6,1505,12,1012.7,1814,8,1012.8,835,22,1012.9,3679,31
317,2025-11-26 14:21:58+05:30,1012.5,125,1001.86,7890073,424172.0,422014.0,986.2,1012.8,981.3,986.2,120520500,1084.8,887.6,1102.5,649.1,1012.4,1117,3,1012.3,779,4,1012.2,1958,12,1012.1,606,10,1012.0,1102,26,1012.5,623,12,1012.6,1505,12,1012.7,1814,8,1012.8,778,21,1012.9,3736,32
317,2025-11-26 14:21:58+05:30,1012.4,570,1001.86,7890073,424172.0,422014.0,986.2,1012.8,981.3,986.2,120520500,1084.8,887.6,1102.5,649.1,1012.4,1117,3,1012.3,779,4,1012.2,1958,12,1012.1,606,10,1012.0,1102,26,1012.5,623,12,1012.6,1505,12,1012.7,1814,8,1012.8,778,21,1012.9,3736,32
317,2025-11-26 14:21:59+05:30,1012.4,570,1001.87,7890643,424082.0,421753.0,986.2,1012.8,981.3,986.2,120520500,1084.8,887.6,1102.5,649.1,1012.4,564,5,1012.3,779,4,1012.2,1832,9,1012.1,692,10,1012.0,1102,26,1012.5,626,14,1012.6,1505,12,1012.7,1977,7,1012.8,856,23,1012.9,3381,30
317,2025-11-26 14:22:00+05:30,1012.5,1,1001.87,7890644,424144.0,421877.0,986.2,1012.8,981.3,986.2,120520500,1084.8,887.6,1102.5,649.1,1012.4,573,5,1012.3,812,6,1012.2,1832,9,1012.1,704,11,1012.0,1102,26,1012.5,625,14,1012.6,1005,11,1012.7,2549,9,1012.8,860,23,1012.9,3381,30
317,2025-11-26 14:22:00+05:30,1012.5,1,1001.87,7890644,424144.0,421877.0,986.2,1012.8,981.3,986.2,120520500,1084.8,887.6,1102.5,649.1,1012.4,573,5,1012.3,812,6,1012.2,1832,9,1012.1,704,11,1012.0,1102,26,1012.5,625,14,1012.6,1005,11,1012.7,2549,9,1012.8,860,23,1012.9,3381,30
317,2025-11-26 14:22:01+05:30,1012.5,1,1001.87,7890655,424107.0,421877.0,986.2,1012.8,981.3,986.2,120520500,1084.8,887.6,1102.5,649.1,1012.4,568,7,1012.3,812,6,1012.2,1889,8,1012.1,647,10,1012.0,1102,26,1012.5,623,14,1012.6,1005,11,1012.7,2602,10,1012.8,799,22,1012.9,3381,30
317,2025-11-26 14:22:02+05:30,1012.5,1,1001.87,7890671,424190.0,421871.0,986.2,1012.8,981.3,986.2,120520500,1084.8,887.6,1102.5,649.1,1012.4,568,7,1012.3,812,6,1012.2,1828,7,1012.1,708,11,1012.0,1102,26,1012.5,607,14,1012.6,1005,11,1012.7,2541,9,1012.8,860,23,1012.9,3381,30
317,2025-11-26 14:22:02+05:30,1012.5,23,1001.87,7890671,424190.0,421871.0,986.2,1012.8,981.3,986.2,120520500,1084.8,887.6,1102.5,649.1,1012.4,568,7,1012.3,812,6,1012.2,1828,7,1012.1,708,11,1012.0,1102,26,1012.5,607,14,1012.6,1005,11,1012.7,2541,9,1012.8,860,23,1012.9,3381,30
317,2025-11-26 14:22:03+05:30,1012.5,5,1001.87,7890707,424217.0,422182.0,986.2,1012.8,981.3,986.2,120520500,1084.8,887.6,1102.5,649.1,1012.4,568,7,1012.3,870,7,1012.2,1828,7,1012.1,708,11,1012.0,1102,26,1012.5,571,14,1012.6,1005,11,1012.7,2477,8,1012.8,839,22,1012.9,3381,30
317,2025-11-26 14:22:03+05:30,1012.5,5,1001.87,7890707,424217.0,422182.0,986.2,1012.8,981.3,986.2,120520500,1084.8,887.6,1102.5,649.1,1012.4,568,7,1012.3,870,7,1012.2,1828,7,1012.1,708,11,1012.0,1102,26,1012.5,571,14,1012.6,1005,11,1012.7,2477,8,1012.8,839,22,1012.9,3381,30
317,2025-11-26 14:22:04+05:30,1012.5,225,1001.87,7890932,424235.0,421957.0,986.2,1012.8,981.3,986.2,120520500,1084.8,887.6,1102.5,649.1,1012.4,568,7,1012.3,870,7,1012.2,1828,7,1012.1,708,11,1012.0,1102,26,1012.5,346,14,1012.6,1005,11,1012.7,2179,7,1012.8,1111,21,1012.9,3087,31
317,2025-11-26 14:22:04+05:30,1012.5,225,1001.87,7890932,424235.0,421957.0,986.2,1012.8,981.3,986.2,120520500,1084.8,887.6,1102.5,649.1,1012.4,568,7,1012.3,870,7,1012.2,1828,7,1012.1,708,11,1012.0,1102,26,1012.5,346,14,1012.6,1005,11,1012.7,2179,7,1012.8,1111,21,1012.9,3087,31
317,2025-11-26 14:22:05+05:30,1012.5,2,1001.87,7890934,424252.0,422202.0,986.2,1012.8,981.3,986.2,120520500,1084.8,887.6,1102.5,649.1,1012.4,581,8,1012.3,812,6,1012.2,1837,8,1012.1,696,10,1012.0,1102,26,1012.5,536,15,1012.6,1039,12,1012.7,2179,7,1012.8,1158,24,1012.9,3381,30
317,2025-11-26 14:22:05+05:30,1012.5,1,1001.87,7890934,424252.0,422202.0,986.2,1012.8,981.3,986.2,120520500,1084.8,887.6,1102.5,649.1,1012.4,581,8,1012.3,812,6,1012.2,1837,8,1012.1,696,10,1012.0,1102,26,1012.5,536,15,1012.6,1039,12,1012.7,2179,7,1012.8,1158,24,1012.9,3381,30
317,2025-11-26 14:22:06+05:30,1012.5,1,1001.87,7890935,424221.0,422284.0,986.2,1012.8,981.3,986.2,120520500,1084.8,887.6,1102.5,649.1,1012.4,581,8,1012.3,812,6,1012.2,1837,8,1012.1,696,10,1012.0,1102,26,1012.5,535,15,1012.6,1039,12,1012.7,2179,7,1012.8,1158,24,1012.9,3381,30
317,2025-11-26 14:22:07+05:30,1012.5,10,1001.87,7890945,425756.0,422246.0,986.2,1012.8,981.3,986.2,120520500,1084.8,887.6,1102.5,649.1,1012.4,1381,10,1012.3,88,5,1012.2,2019,12,1012.1,633,11,1012.0,1066,23,1012.5,525,15,1012.6,1039,12,1012.7,2179,7,1012.8,1076,22,1012.9,3442,31
317,2025-11-26 14:22:07+05:30,1012.5,10,1001.87,7890945,425756.0,422246.0,986.2,1012.8,981.3,986.2,120520500,1084.8,887.6,1102.5,649.1,1012.4,1381,10,1012.3,88,5,1012.2,2019,12,1012.1,633,11,1012.0,1066,23,1012.5,525,15,1012.6,1039,12,1012.7,2179,7,1012.8,1076,22,1012.9,3442,31
317,2025-11-26 14:22:08+05:30,1012.5,167,1001.87,7891445,425453.0,422720.0,986.2,1012.8,981.3,986.2,120520500,1084.8,887.6,1102.5,649.1,1012.4,1381,10,1012.3,154,6,1012.2,1893,11,1012.1,630,11,1012.0,975,22,1012.5,938,8,1012.6,1039,12,1012.7,2179,7,1012.8,1076,22,1012.9,3468,32
317,2025-11-26 14:22:08+05:30,1012.4,274,1001.87,7891445,425453.0,422720.0,986.2,1012.8,981.3,986.2,120520500,1084.8,887.6,1102.5,649.1,1012.4,1381,10,1012.3,154,6,1012.2,1893,11,1012.1,630,11,1012.0,975,22,1012.5,938,8,1012.6,1039,12,1012.7,2179,7,1012.8,1076,22,1012.9,3468,32
317,2025-11-26 14:22:09+05:30,1012.5,93,1001.87,7891837,425303.0,422776.0,986.2,1012.8,981.3,986.2,120520500,1084.8,887.6,1102.5,649.1,1012.4,1107,10,1012.3,96,5,1012.2,1786,9,1012.1,665,11,1012.0,1005,23,1012.5,1226,9,1012.6,1039,12,1012.7,2309,8,1012.8,839,22,1012.9,3381,30
317,2025-11-26 14:22:09+05:30,1012.5,93,1001.87,7891837,425303.0,422776.0,986.2,1012.8,981.3,986.2,120520500,1084.8,887.6,1102.5,649.1,1012.4,1107,10,1012.3,96,5,1012.2,1786,9,1012.1,665,11,1012.0,1005,23,1012.5,1226,9,1012.6,1039,12,1012.7,2309,8,1012.8,839,22,1012.9,3381,30
317,2025-11-26 14:22:10+05:30,1012.5,2,1001.87,7891839,425496.0,422806.0,986.2,1012.8,981.3,986.2,120520500,1084.8,887.6,1102.5,649.1,1012.4,1107,10,1012.3,30,4,1012.2,1670,7,1012.1,720,12,1012.0,1005,23,1012.5,1226,10,1012.6,1039,12,1012.7,2309,8,1012.8,862,22,1012.9,3381,30
317,2025-11-26 14:22:10+05:30,1012.5,2,1001.87,7891839,425496.0,422806.0,986.2,1012.8,981.3,986.2,120520500,1084.8,887.6,1102.5,649.1,1012.4,1107,10,1012.3,30,4,1012.2,1670,7,1012.1,720,12,1012.0,1005,23,1012.5,1226,10,1012.6,1039,12,1012.7,2309,8,1012.8,862,22,1012.9,3381,30
317,2025-11-26 14:22:11+05:30,1012.5,2,1001.87,7891841,425556.0,422798.0,986.2,1012.8,981.3,986.2,120520500,1084.8,887.6,1102.5,649.1,1012.4,1107,10,1012.3,30,4,1012.2,1670,7,1012.1,720,12,1012.0,1005,23,1012.5,1224,10,1012.6,1039,12,1012.7,2662,10,1012.8,801,21,1012.9,3381,30
317,2025-11-26 14:22:11+05:30,1012.5,50,1001.87,7891841,425556.0,422798.0,986.2,1012.8,981.3,986.2,120520500,1084.8,887.6,1102.5,649.1,1012.4,1107,10,1012.3,30,4,1012.2,1670,7,1012.1,720,12,1012.0,1005,23,1012.5,1224,10,1012.6,1039,12,1012.7,2662,10,1012.8,801,21,1012.9,3381,30
317,2025-11-26 14:22:12+05:30,1012.4,50,1001.87,7891941,425523.0,422682.0,986.2,1012.8,981.3,986.2,120520500,1084.8,887.6,1102.5,649.1,1012.4,1057,10,1012.3,30,4,1012.2,1670,7,1012.1,720,12,1012.0,1005,23,1012.5,1177,11,1012.6,1039,12,1012.7,2607,9,1012.8,887,22,1012.9,3381,30
317,2025-11-26 14:22:12+05:30,1012.4,71,1001.87,7891941,425523.0,422682.0,986.2,1012.8,981.3,986.2,120520500,1084.8,887.6,1102.5,649.1,1012.4,1057,10,1012.3,30,4,1012.2,1670,7,1012.1,720,12,1012.0,1005,23,1012.5,1177,11,1012.6,1039,12,1012.7,2607,9,1012.8,887,22,1012.9,3381,30
317,2025-11-26 14:22:13+05:30,1012.5,23,1001.87,7892123,425341.0,422679.0,986.2,1012.8,981.3,986.2,120520500,1084.8,887.6,1102.5,649.1,1012.4,908,8,1012.3,30,4,1012.2,1670,7,1012.1,720,12,1012.0,1005,23,1012.5,1144,11,1012.6,1039,12,1012.7,2607,9,1012.8,917,23,1012.9,3381,30
317,2025-11-26 14:22:13+05:30,1012.4,1,1001.87,7892123,425341.0,422679.0,986.2,1012.8,981.3,986.2,120520500,1084.8,887.6,1102.5,649.1,1012.4,908,8,1012.3,30,4,1012.2,1670,7,1012.1,720,12,1012.0,1005,23,1012.5,1144,11,1012.6,1039,12,1012.7,2607,9,1012.8,917,23,1012.9,3381,30
317,2025-11-26 14:22:14+05:30,1012.5,25,1001.87,7892156,425269.0,422647.0,986.2,1012.8,981.3,986.2,120520500,1084.8,887.6,1102.5,649.1,1012.4,881,6,1012.3,30,4,1012.2,1670,7,1012.1,720,12,1012.0,1005,23,1012.5,1112,11,1012.6,1039,12,1012.7,2607,9,1012.8,917,23,1012.9,3381,30
317,2025-11-26 14:22:14+05:30,1012.5,2,1001.87,7892156,425269.0,422647.0,986.2,1012.8,981.3,986.2,120520500,1084.8,887.6,1102.5,649.1,1012.4,881,6,1012.3,30,4,1012.2,1670,7,1012.1,720,12,1012.0,1005,23,1012.5,1112,11,1012.6,1039,12,1012.7,2607,9,1012.8,917,23,1012.9,3381,30
317,2025-11-26 14:22:15+05:30,1012.5,2,1001.87,7892272,425384.0,422501.0,986.2,1012.8,981.3,986.2,120520500,1084.8,887.6,1102.5,649.1,1012.4,881,6,1012.3,88,5,1012.2,1855,9,1012.1,665,11,1012.0,1005,23,1012.5,996,11,1012.6,1039,12,1012.7,2607,9,1012.8,1207,23,1012.9,3061,29
317,2025-11-26 14:22:15+05:30,1012.5,2,1001.87,7892272,425384.0,422501.0,986.2,1012.8,981.3,986.2,120520500,1084.8,887.6,1102.5,649.1,1012.4,881,6,1012.3,88,5,1012.2,1855,9,1012.1,665,11,1012.0,1005,23,1012.5,996,11,1012.6,1039,12,1012.7,2607,9,1012.8,1207,23,1012.9,3061,29
317,2025-11-26 14:22:16+05:30,1012.5,2,1001.87,7892274,425264.0,422673.0,986.2,1012.8,981.3,986.2,120520500,1084.8,887.6,1102.5,649.1,1012.4,881,6,1012.3,30,4,1012.2,1745,7,1012.1,720,12,1012.0,1005,23,1012.5,1173,13,1012.6,1039,12,1012.7,2720,11,1012.8,1152,22,1012.9,3061,29
317,2025-11-26 14:22:17+05:30,1012.5,68,1001.87,7893842,421603.0,420535.0,986.2,1012.8,981.3,986.2,120520500,1084.8,887.6,1102.5,649.1,1012.4,954,9,1012.3,381,11,1012.2,1917,10,1012.1,591,9,1012.0,1135,24,1012.5,81,6,1012.6,1039,12,1012.7,2142,6,1012.8,789,16,1012.9,3065,22
317,2025-11-26 14:22:17+05:30,1012.5,68,1001.87,7893842,421603.0,420535.0,986.2,1012.8,981.3,986.2,120520500,1084.8,887.6,1102.5,649.1,1012.4,954,9,1012.3,381,11,1012.2,1917,10,1012.1,591,9,1012.0,1135,24,1012.5,81,6,1012.6,1039,12,1012.7,2142,6,1012.8,789,16,1012.9,3065,22
317,2025-11-26 14:22:18+05:30,1012.5,28,1001.87,7894671,421653.0,421676.0,986.2,1012.8,981.3,986.2,120520500,1084.8,887.6,1102.5,649.1,1012.4,894,7,1012.3,141,5,1012.2,1863,9,1012.1,663,11,1012.0,1190,25,1012.5,926,8,1012.6,1039,12,1012.7,2205,7,1012.8,1147,20,1012.9,2967,23
317,2025-11-26 14:22:18+05:30,1012.4,640,1001.87,7894671,421653.0,421676.0,986.2,1012.8,981.3,986.2,120520500,1084.8,887.6,1102.5,649.1,1012.4,894,7,1012.3,141,5,1012.2,1863,9,1012.1,663,11,1012.0,1190,25,1012.5,926,8,1012.6,1039,12,1012.7,2205,7,1012.8,1147,20,1012.9,2967,23
317,2025-11-26 14:22:19+05:30,1012.5,110,1001.87,7895502,420168.0,421978.0,986.2,1012.8,981.3,986.2,120520500,1084.8,887.6,1102.5,649.1,1012.4,67,4,1012.3,30,4,1012.2,1549,5,1012.1,742,16,1012.0,1074,18,1012.5,818,9,1012.6,1039,12,1012.7,2831,12,1012.8,1384,29,1012.9,2967,23
317,2025-11-26 14:22:19+05:30,1012.5,9,1001.87,7895502,420168.0,421978.0,986.2,1012.8,981.3,986.2,120520500,1084.8,887.6,1102.5,649.1,1012.4,67,4,1012.3,30,4,1012.2,1549,5,1012.1,742,16,1012.0,1074,18,1012.5,818,9,1012.6,1039,12,1012.7,2831,12,1012.8,1384,29,1012.9,2967,23
317,2025-11-26 14:22:20+05:30,1012.5,9,1001.87,7895598,420158.0,422302.0,986.2,1012.8,981.3,986.2,120520500,1084.8,887.6,1102.5,649.1,1012.4,67,4,1012.3,30,4,1012.2,1663,7,1012.1,712,16,1012.0,1044,17,1012.5,1111,7,1012.6,1039,12,1012.7,2456,10,1012.8,1384,29,1012.9,2967,23
317,2025-11-26 14:22:20+05:30,1012.5,1,1001.87,7895598,420158.0,422302.0,986.2,1012.8,981.3,986.2,120520500,1084.8,887.6,1102.5,649.1,1012.4,67,4,1012.3,30,4,1012.2,1663,7,1012.1,712,16,1012.0,1044,17,1012.5,1111,7,1012.6,1039,12,1012.7,2456,10,1012.8,1384,29,1012.9,2967,23
317,2025-11-26 14:22:21+05:30,1012.5,1,1001.87,7895600,420243.0,422302.0,986.2,1012.8,981.3,986.2,120520500,1084.8,887.6,1102.5,649.1,1012.4,67,4,1012.3,88,5,1012.2,1608,6,1012.1,762,17,1012.0,1044,17,1012.5,1110,7,1012.6,1039,12,1012.7,2456,10,1012.8,1384,29,1012.9,2967,23
317,2025-11-26 14:22:22+05:30,1012.5,1,1001.87,7895600,421083.0,422265.0,986.2,1012.8,981.3,986.2,120520500,1084.8,887.6,1102.5,649.1,1012.4,817,5,1012.3,30,4,1012.2,1638,7,1012.1,737,16,1012.0,1235,21,1012.5,1180,8,1012.6,969,11,1012.7,2713,10,1012.8,1413,29,1012.9,2967,23
317,2025-11-26 14:22:22+05:30,1012.5,4,1001.87,7895600,421083.0,422265.0,986.2,1012.8,981.3,986.2,120520500,1084.8,887.6,1102.5,649.1,1012.4,817,5,1012.3,30,4,1012.2,1638,7,1012.1,737,16,1012.0,1235,21,1012.5,1180,8,1012.6,969,11,1012.7,2713,10,1012.8,1413,29,1012.9,2967,23
317,2025-11-26 14:22:23+05:30,1012.4,10,1001.87,7895641,421221.0,422258.0,986.2,1012.8,981.3,986.2,120520500,1084.8,887.6,1102.5,649.1,1012.4,807,5,1012.3,88,5,1012.2,1638,7,1012.1,737,16,1012.0,1235,21,1012.5,1149,8,1012.6,969,11,1012.7,2713,10,1012.8,1413,29,1012.9,2967,23
317,2025-11-26 14:22:23+05:30,1012.4,286,1001.87,7895641,421221.0,422258.0,986.2,1012.8,981.3,986.2,120520500,1084.8,887.6,1102.5,649.1,1012.4,807,5,1012.3,88,5,1012.2,1638,7,1012.1,737,16,1012.0,1235,21,1012.5,1149,8,1012.6,969,11,1012.7,2713,10,1012.8,1413,29,1012.9,2967,23
317,2025-11-26 14:22:24+05:30,1012.5,223,1001.87,7896250,420532.0,422130.0,986.2,1012.8,981.3,986.2,120520500,1084.8,887.6,1102.5,649.1,1012.4,475,4,1012.3,30,4,1012.2,1709,7,1012.1,687,15,1012.0,1171,20,1012.5,926,8,1012.6,969,11,1012.7,2813,12,1012.8,1363,28,1012.9,2967,23
317,2025-11-26 14:22:24+05:30,1012.5,223,1001.87,7896250,420532.0,422130.0,986.2,1012.8,981.3,986.2,120520500,1084.8,887.6,1102.5,649.1,1012.4,475,4,1012.3,30,4,1012.2,1709,7,1012.1,687,15,1012.0,1171,20,1012.5,926,8,1012.6,969,11,1012.7,2813,12,1012.8,1363,28,1012.9,2967,23
317,2025-11-26 14:22:25+05:30,1012.5,11,1001.87,7896378,420672.0,422342.0,986.2,1012.8,981.3,986.2,120520500,1084.8,887.6,1102.5,649.1,1012.4,375,4,1012.3,96,5,1012.2,1799,9,1012.1,691,15,1012.0,1171,20,1012.5,898,8,1012.6,969,11,1012.7,2570,8,1012.8,1413,29,1012.9,3017,24
317,2025-11-26 14:22:26+05:30,1012.5,2,1001.87,7896429,420857.0,422177.0,986.2,1012.8,981.3,986.2,120520500,1084.8,887.6,1102.5,649.1,1012.4,375,4,1012.3,154,6,1012.2,1749,8,1012.1,813,18,1012.0,1116,19,1012.5,1014,10,1012.6,969,11,1012.7,2570,8,1012.8,1413,29,1012.9,3017,24
317,2025-11-26 14:22:26+05:30,1012.5,54,1001.87,7896429,420857.0,422177.0,986.2,1012.8,981.3,986.2,120520500,1084.8,887.6,1102.5,649.1,1012.4,375,4,1012.3,154,6,1012.2,1749,8,1012.1,813,18,1012.0,1116,19,1012.5,1014,10,1012.6,969,11,1012.7,2570,8,1012.8,1413,29,1012.9,3017,24
317,2025-11-26 14:22:27+05:30,1012.5,3,1001.88,7897986,421759.0,421515.0,986.2,1012.8,981.3,986.2,120520500,1084.8,887.6,1102.5,649.1,1012.4,375,4,1012.3,96,5,1012.2,1988,11,1012.1,806,17,1012.0,1204,22,1012.5,821,5,1012.6,969,11,1012.7,2147,7,1012.8,1370,19,1012.9,3010,29
317,2025-11-26 14:22:27+05:30,1012.5,3,1001.88,7897986,421759.0,421515.0,986.2,1012.8,981.3,986.2,120520500,1084.8,887.6,1102.5,649.1,1012.4,375,4,1012.3,96,5,1012.2,1988,11,1012.1,806,17,1012.0,1204,22,1012.5,821,5,1012.6,969,11,1012.7,2147,7,1012.8,1370,19,1012.9,3010,29
317,2025-11-26 14:22:28+05:30,1012.5,3,1001.88,7897986,421733.0,421632.0,986.2,1012.8,981.3,986.2,120520500,1084.8,887.6,1102.5,649.1,1012.4,375,4,1012.3,96,5,1012.2,1960,11,1012.1,806,17,1012.0,1105,21,1012.5,921,6,1012.6,969,11,1012.7,2522,9,1012.8,1214,22,1012.9,3084,27
317,2025-11-26 14:22:28+05:30,1012.4,1,1001.88,7897986,421733.0,421632.0,986.2,1012.8,981.3,986.2,120520500,1084.8,887.6,1102.5,649.1,1012.4,375,4,1012.3,96,5,1012.2,1960,11,1012.1,806,17,1012.0,1105,21,1012.5,921,6,1012.6,969,11,1012.7,2522,9,1012.8,1214,22,1012.9,3084,27
317,2025-11-26 14:22:29+05:30,1012.4,2,1001.88,7898702,420887.0,421863.0,986.2,1012.8,981.3,986.2,120520500,1084.8,887.6,1102.5,649.1,1012.4,4,1,1012.3,129,6,1012.2,1829,10,1012.1,705,15,1012.0,1054,18,1012.5,910,7,1012.6,969,11,1012.7,2616,10,1012.8,1164,21,1012.9,3116,28
317,2025-11-26 14:22:29+05:30,1012.4,2,1001.88,7898702,420887.0,421863.0,986.2,1012.8,981.3,986.2,120520500,1084.8,887.6,1102.5,649.1,1012.4,4,1,1012.3,129,6,1012.2,1829,10,1012.1,705,15,1012.0,1054,18,1012.5,910,7,1012.6,969,11,1012.7,2616,10,1012.8,1164,21,1012.9,3116,28
317,2025-11-26 14:22:30+05:30,1012.5,29,1001.88,7898757,421388.0,422167.0,986.2,1012.8,981.3,986.2,120520500,1084.8,887.6,1102.5,649.1,1012.4,751,2,1012.3,88,5,1012.2,2018,12,1012.1,776,18,1012.0,1086,19,1012.5,917,8,1012.6,984,11,1012.7,2318,9,1012.8,1512,23,1012.9,3116,28
317,2025-11-26 14:22:30+05:30,1012.5,1,1001.88,7898757,421388.0,422167.0,986.2,1012.8,981.3,986.2,120520500,1084.8,887.6,1102.5,649.1,1012.4,751,2,1012.3,88,5,1012.2,2018,12,1012.1,776,18,1012.0,1086,19,1012.5,917,8,1012.6,984,11,1012.7,2318,9,1012.8,1512,23,1012.9,3116,28
317,2025-11-26 14:22:31+05:30,1012.5,100,1001.88,7898867,421705.0,422130.0,986.2,1012.8,981.3,986.2,120520500,1084.8,887.6,1102.5,649.1,1012.4,796,5,1012.3,87,4,1012.2,2018,12,1012.1,750,16,1012.0,1086,19,1012.5,816,8,1012.6,984,11,1012.7,2318,9,1012.8,1512,23,1012.9,3116,28
317,2025-11-26 14:22:31+05:30,1012.5,20,1001.88,7898867,421705.0,422130.0,986.2,1012.8,981.3,986.2,120520500,1084.8,887.6,1102.5,649.1,1012.4,796,5,1012.3,87,4,1012.2,2018,12,1012.1,750,16,1012.0,1086,19,1012.5,816,8,1012.6,984,11,1012.7,2318,9,1012.8,1512,23,1012.9,3116,28
317,2025-11-26 14:22:32+05:30,1012.5,20,1001.88,7898962,421544.0,422085.0,986.2,1012.8,981.3,986.2,120520500,1084.8,887.6,1102.5,649.1,1012.4,721,4,1012.3,87,4,1012.2,2018,12,1012.1,780,17,1012.0,999,18,1012.5,747,8,1012.6,984,11,1012.7,2318,9,1012.8,1536,24,1012.9,3116,28
317,2025-11-26 14:22:32+05:30,1012.5,5,1001.88,7898962,421544.0,422085.0,986.2,1012.8,981.3,986.2,120520500,1084.8,887.6,1102.5,649.1,1012.4,721,4,1012.3,87,4,1012.2,2018,12,1012.1,780,17,1012.0,999,18,1012.5,747,8,1012.6,984,11,1012.7,2318,9,1012.8,1536,24,1012.9,3116,28
317,2025-11-26 14:22:33+05:30,1012.5,1,1001.88,7898995,421511.0,422061.0,986.2,1012.8,981.3,986.2,120520500,1084.8,887.6,1102.5,649.1,1012.4,721,4,1012.3,87,4,1012.2,1968,11,1012.1,826,18,1012.0,999,18,1012.5,722,9,1012.6,984,11,1012.7,2372,10,1012.8,1483,23,1012.9,3116,28
317,2025-11-26 14:22:33+05:30,1012.5,1,1001.88,7898995,421511.0,422061.0,986.2,1012.8,981.3,986.2,120520500,1084.8,887.6,1102.5,649.1,1012.4,721,4,1012.3,87,4,1012.2,1968,11,1012.1,826,18,1012.0,999,18,1012.5,722,9,1012.6,984,11,1012.7,2372,10,1012.8,1483,23,1012.9,3116,28
317,2025-11-26 14:22:34+05:30,1012.5,112,1001.88,7899156,421559.0,421974.0,986.2,1012.8,981.3,986.2,120520500,1084.8,887.6,1102.5,649.1,1012.4,721,4,1012.3,87,4,1012.2,2022,12,1012.1,772,17,1012.0,999,18,1012.5,561,9,1012.6,984,11,1012.7,2318,9,1012.8,1537,24,1012.9,3116,28
317,2025-11-26 14:22:34+05:30,1012.5,112,1001.88,7899156,421559.0,421974.0,986.2,1012.8,981.3,986.2,120520500,1084.8,887.6,1102.5,649.1,1012.4,721,4,1012.3,87,4,1012.2,2022,12,1012.1,772,17,1012.0,999,18,1012.5,561,9,1012.6,984,11,1012.7,2318,9,1012.8,1537,24,1012.9,3116,28
317,2025-11-26 14:22:35+05:30,1012.4,5,1001.88,7899164,421481.0,421898.0,986.2,1012.8,981.3,986.2,120520500,1084.8,887.6,1102.5,649.1,1012.4,716,4,1012.3,29,3,1012.2,2022,12,1012.1,772,17,1012.0,999,18,1012.5,781,10,1012.6,984,11,1012.7,2616,10,1012.8,1239,23,1012.9,3116,28
317,2025-11-26 14:22:35+05:30,1012.5,1,1001.88,7899164,421481.0,421898.0,986.2,1012.8,981.3,986.2,120520500,1084.8,887.6,1102.5,649.1,1012.4,716,4,1012.3,29,3,1012.2,2022,12,1012.1,772,17,1012.0,999,18,1012.5,781,10,1012.6,984,11,1012.7,2616,10,1012.8,1239,23,1012.9,3116,28
317,2025-11-26 14:22:36+05:30,1012.5,1,1001.88,7899165,421405.0,421863.0,986.2,1012.8,981.3,986.2,120520500,1084.8,887.6,1102.5,649.1,1012.4,716,4,1012.3,29,3,1012.2,1968,11,1012.1,826,18,1012.0,833,17,1012.5,780,10,1012.6,984,11,1012.7,2616,10,1012.8,1239,23,1012.9,3116,28
317,2025-11-26 14:22:37+05:30,1012.5,49,1001.88,7899214,421301.0,422096.0,986.2,1012.8,981.3,986.2,120520500,1084.8,887.6,1102.5,649.1,1012.4,716,4,1012.3,29,3,1012.2,1968,11,1012.1,826,18,1012.0,833,17,1012.5,731,10,1012.6,984,11,1012.7,2616,10,1012.8,1218,22,1012.9,3116,28
317,2025-11-26 14:22:37+05:30,1012.4,71,1001.88,7899214,421301.0,422096.0,986.2,1012.8,981.3,986.2,120520500,1084.8,887.6,1102.5,649.1,1012.4,716,4,1012.3,29,3,1012.2,1968,11,1012.1,826,18,1012.0,833,17,1012.5,731,10,1012.6,984,11,1012.7,2616,10,1012.8,1218,22,1012.9,3116,28
317,2025-11-26 14:22:38+05:30,1012.5,1,1001.88,7901563,417067.0,423403.0,986.2,1012.8,981.3,986.2,120520500,1084.8,887.6,1102.5,649.1,1012.4,8,3,1012.3,29,3,1012.2,48,3,1012.1,428,7,1012.0,662,18,1012.5,209,7,1012.6,1211,15,1012.7,2969,16,1012.8,1443,25,1012.9,3112,28
317,2025-11-26 14:22:38+05:30,1012.4,1,1001.88,7901563,417067.0,423403.0,986.2,1012.8,981.3,986.2,120520500,1084.8,887.6,1102.5,649.1,1012.4,8,3,1012.3,29,3,1012.2,48,3,1012.1,428,7,1012.0,662,18,1012.5,209,7,1012.6,1211,15,1012.7,2969,16,1012.8,1443,25,1012.9,3112,28
317,2025-11-26 14:22:39+05:30,1012.4,4,1001.88,7902549,414173.0,425024.0,986.2,1012.8,981.3,986.2,120520500,1084.8,887.6,1102.5,649.1,1012.4,14,2,1012.3,5,1,1012.2,48,3,1012.1,100,2,1012.0,269,7,1012.5,1749,14,1012.6,1680,17,1012.7,2617,15,1012.8,1311,25,1012.9,3210,30
317,2025-11-26 14:22:39+05:30,1012.4,4,1001.88,7902549,414173.0,425024.0,986.2,1012.8,981.3,986.2,120520500,1084.8,887.6,1102.5,649.1,1012.4,14,2,1012.3,5,1,1012.2,48,3,1012.1,100,2,1012.0,269,7,1012.5,1749,14,1012.6,1680,17,1012.7,2617,15,1012.8,1311,25,1012.9,3210,30
317,2025-11-26 14:22:40+05:30,1012.5,1,1001.88,7902550,414171.0,425059.0,986.2,1012.8,981.3,986.2,120520500,1084.8,887.6,1102.5,649.1,1012.3,7,2,1012.2,48,3,1012.1,110,3,1012.0,269,7,1011.9,640,8,1012.5,1628,12,1012.6,1734,18,1012.7,2650,16,1012.8,1278,23,1012.9,3221,31
317,2025-11-26 14:22:40+05:30,1012.5,3,1001.88,7902550,414171.0,425059.0,986.2,1012.8,981.3,986.2,120520500,1084.8,887.6,1102.5,649.1,1012.3,7,2,1012.2,48,3,1012.1,110,3,1012.0,269,7,1011.9,640,8,1012.5,1628,12,1012.6,1734,18,1012.7,2650,16,1012.8,1278,23,1012.9,3221,31
317,2025-11-26 14:22:41+05:30,1012.5,8,1001.88,7902634,415076.0,424608.0,986.2,1012.8,981.3,986.2,120520500,1084.8,887.6,1102.5,649.1,1012.3,6,2,1012.2,57,4,1012.1,88,2,1012.0,1510,9,1011.9,694,9,1012.5,1454,12,1012.6,1840,20,1012.7,2310,14,1012.8,1549,23,1012.9,3164,27
317,2025-11-26 14:22:41+05:30,1012.5,8,1001.88,7902634,415076.0,424608.0,986.2,1012.8,981.3,986.2,120520500,1084.8,887.6,1102.5,649.1,1012.3,6,2,1012.2,57,4,1012.1,88,2,1012.0,1510,9,1011.9,694,9,1012.5,1454,12,1012.6,1840,20,1012.7,2310,14,1012.8,1549,23,1012.9,3164,27
317,2025-11-26 14:22:42+05:30,1012.5,30,1001.88,7902734,415076.0,424582.0,986.2,1012.8,981.3,986.2,120520500,1084.8,887.6,1102.5,649.1,1012.3,6,2,1012.2,57,4,1012.1,88,2,1012.0,1510,9,1011.9,694,9,1012.5,1383,10,1012.6,1840,20,1012.7,2269,13,1012.8,1549,23,1012.9,3164,27
317,2025-11-26 14:22:42+05:30,1012.5,5,1001.88,7902734,415076.0,424582.0,986.2,1012.8,981.3,986.2,120520500,1084.8,887.6,1102.5,649.1,1012.3,6,2,1012.2,57,4,1012.1,88,2,1012.0,1510,9,1011.9,694,9,1012.5,1383,10,1012.6,1840,20,1012.7,2269,13,1012.8,1549,23,1012.9,3164,27
317,2025-11-26 14:22:43+05:30,1012.3,66,1001.88,7904420,415189.0,424869.0,986.2,1012.8,981.3,986.2,120520500,1084.8,887.6,1102.5,649.1,1012.3,13,2,1012.2,51,3,1012.1,93,3,1012.0,1074,11,1011.9,793,10,1012.4,63,1,1012.5,713,8,1012.6,1835,20,1012.7,2503,16,1012.8,1591,24
317,2025-11-26 14:22:43+05:30,1012.3,66,1001.88,7904420,415189.0,424869.0,986.2,1012.8,981.3,986.2,120520500,1084.8,887.6,1102.5,649.1,1012.3,13,2,1012.2,51,3,1012.1,93,3,1012.0,1074,11,1011.9,793,10,1012.4,63,1,1012.5,713,8,1012.6,1835,20,1012.7,2503,16,1012.8,1591,24
317,2025-11-26 14:22:44+05:30,1012.5,3,1001.88,7904586,415331.0,424137.0,986.2,1012.8,981.3,986.2,120520500,1084.8,887.6,1102.5,649.1,1012.4,22,1,1012.3,39,5,1012.2,51,3,1012.1,295,4,1012.0,1047,9,1012.5,1295,12,1012.6,1605,17,1012.7,2423,14,1012.8,1618,25,1012.9,3164,27
317,2025-11-26 14:22:44+05:30,1012.4,1,1001.88,7904586,415331.0,424137.0,986.2,1012.8,981.3,986.2,120520500,1084.8,887.6,1102.5,649.1,1012.4,22,1,1012.3,39,5,1012.2,51,3,1012.1,295,4,1012.0,1047,9,1012.5,1295,12,1012.6,1605,17,1012.7,2423,14,1012.8,1618,25,1012.9,3164,27
317,2025-11-26 14:22:45+05:30,1012.5,2,1001.88,7904590,415373.0,424218.0,986.2,1012.8,981.3,986.2,120520500,1084.8,887.6,1102.5,649.1,1012.4,23,2,1012.3,23,3,1012.2,51,3,1012.1,302,5,1012.0,1056,10,1012.5,1311,14,1012.6,1706,18,1012.7,2322,13,1012.8,1618,25,1012.9,3164,27
317,2025-11-26 14:22:45+05:30,1012.5,1,1001.88,7904590,415373.0,424218.0,986.2,1012.8,981.3,986.2,120520500,1084.8,887.6,1102.5,649.1,1012.4,23,2,1012.3,23,3,1012.2,51,3,1012.1,302,5,1012.0,1056,10,1012.5,1311,14,1012.6,1706,18,1012.7,2322,13,1012.8,1618,25,1012.9,3164,27
317,2025-11-26 14:22:46+05:30,1012.5,114,1001.88,7904705,415607.0,423823.0,986.2,1012.8,981.3,986.2,120520500,1084.8,887.6,1102.5,649.1,1012.4,27,3,1012.3,35,4,1012.2,51,3,1012.1,350,5,1012.0,1155,11,1012.5,1147,13,1012.6,1230,15,1012.7,2320,13,1012.8,1847,24,1012.9,3139,26
317,2025-11-26 14:22:46+05:30,1012.5,114,1001.88,7904705,415607.0,423823.0,986.2,1012.8,981.3,986.2,120520500,1084.8,887.6,1102.5,649.1,1012.4,27,3,1012.3,35,4,1012.2,51,3,1012.1,350,5,1012.0,1155,11,1012.5,1147,13,1012.6,1230,15,1012.7,2320,13,1012.8,1847,24,1012.9,3139,26
317,2025-11-26 14:22:47+05:30,1012.5,114,1001.88,7904705,415576.0,424105.0,986.2,1012.8,981.3,986.2,120520500,1084.8,887.6,1102.5,649.1,1012.4,27,3,1012.3,33,3,1012.2,51,3,1012.1,350,5,1012.0,1155,11,1012.5,1168,15,1012.6,1297,16,1012.7,2320,13,1012.8,1876,25,1012.9,3139,26
317,2025-11-26 14:22:48+05:30,1012.5,114,1001.88,7904705,415635.0,423955.0,986.2,1012.8,981.3,986.2,120520500,1084.8,887.6,1102.5,649.1,1012.4,27,3,1012.3,33,3,1012.2,51,3,1012.1,350,5,1012.0,1155,11,1012.5,1168,15,1012.6,1666,18,1012.7,2320,13,1012.8,1447,22,1012.9,3139,26
317,2025-11-26 14:22:48+05:30,1012.4,27,1001.88,7904705,415635.0,423955.0,986.2,1012.8,981.3,986.2,120520500,1084.8,887.6,1102.5,649.1,1012.4,27,3,1012.3,33,3,1012.2,51,3,1012.1,350,5,1012.0,1155,11,1012.5,1168,15,1012.6,1666,18,1012.7,2320,13,1012.8,1447,22,1012.9,3139,26
317,2025-11-26 14:22:49+05:30,1012.4,782,1001.89,7905659,415276.0,424878.0,986.2,1012.8,981.3,986.2,120520500,1084.8,887.6,1102.5,649.1,1012.3,33,3,1012.2,51,3,1012.1,350,5,1012.0,1047,10,1011.9,701,9,1012.4,195,2,1012.5,1168,15,1012.6,1809,19,1012.7,2250,13,1012.8,1532,23
317,2025-11-26 14:22:49+05:30,1012.4,782,1001.89,7905659,415276.0,424878.0,986.2,1012.8,981.3,986.2,120520500,1084.8,887.6,1102.5,649.1,1012.3,33,3,1012.2,51,3,1012.1,350,5,1012.0,1047,10,1011.9,701,9,1012.4,195,2,1012.5,1168,15,1012.6,1809,19,1012.7,2250,13,1012.8,1532,23
317,2025-11-26 14:22:50+05:30,1012.4,49,1001.89,7905709,416881.0,425097.0,986.2,1012.8,981.3,986.2,120520500,1084.8,887.6,1102.5,649.1,1012.3,33,3,1012.2,853,5,1012.1,648,9,1012.0,776,17,1011.9,734,10,1012.4,191,3,1012.5,1150,14,1012.6,1260,15,1012.7,2635,14,1012.8,1650,24
317,2025-11-26 14:22:50+05:30,1012.4,1,1001.89,7905709,416881.0,425097.0,986.2,1012.8,981.3,986.2,120520500,1084.8,887.6,1102.5,649.1,1012.3,33,3,1012.2,853,5,1012.1,648,9,1012.0,776,17,1011.9,734,10,1012.4,191,3,1012.5,1150,14,1012.6,1260,15,1012.7,2635,14,1012.8,1650,24
317,2025-11-26 14:22:51+05:30,1012.5,243,1001.89,7907453,422216.0,422601.0,986.2,1012.8,981.3,986.2,120520500,1084.8,887.6,1102.5,649.1,1012.3,33,3,1012.2,801,4,1012.1,509,8,1012.0,918,22,1011.9,734,10,1012.5,996,7,1012.6,1319,14,1012.7,2342,14,1012.8,1292,17,1012.9,2930,22
317,2025-11-26 14:22:51+05:30,1012.5,243,1001.89,7907453,422216.0,422601.0,986.2,1012.8,981.3,986.2,120520500,1084.8,887.6,1102.5,649.1,1012.3,33,3,1012.2,801,4,1012.1,509,8,1012.0,918,22,1011.9,734,10,1012.5,996,7,1012.6,1319,14,1012.7,2342,14,1012.8,1292,17,1012.9,2930,22
317,2025-11-26 14:22:52+05:30,1012.5,23,1001.89,7908373,422588.0,421827.0,986.2,1012.8,981.3,986.2,120520500,1084.8,887.6,1102.5,649.1,1012.3,48,4,1012.2,1160,7,1012.1,476,9,1012.0,1046,24,1011.9,758,11,1012.5,523,9,1012.6,950,12,1012.7,2400,11,1012.8,1181,16,1012.9,2997,23
317,2025-11-26 14:22:52+05:30,1012.5,23,1001.89,7908373,422588.0,421827.0,986.2,1012.8,981.3,986.2,120520500,1084.8,887.6,1102.5,649.1,1012.3,48,4,1012.2,1160,7,1012.1,476,9,1012.0,1046,24,1011.9,758,11,1012.5,523,9,1012.6,950,12,1012.7,2400,11,1012.8,1181,16,1012.9,2997,23
317,2025-11-26 14:22:53+05:30,1012.5,23,1001.89,7908373,422607.0,421977.0,986.2,1012.8,981.3,986.2,120520500,1084.8,887.6,1102.5,649.1,1012.3,48,4,1012.2,1042,6,1012.1,563,9,1012.0,1046,24,1011.9,758,11,1012.5,535,11,1012.6,1092,14,1012.7,2501,13,1012.8,1181,16,1012.9,2997,23
317,2025-11-26 14:22:54+05:30,1012.5,19,1001.89,7908422,422412.0,423254.0,986.2,1012.8,981.3,986.2,120520500,1084.8,887.6,1102.5,649.1,1012.4,112,1,1012.3,48,4,1012.2,801,4,1012.1,290,5,1012.0,973,22,1012.5,1142,12,1012.6,1513,17,1012.7,2537,16,1012.8,1209,17,1012.9,3011,24
317,2025-11-26 14:22:54+05:30,1012.5,19,1001.89,7908422,422412.0,423254.0,986.2,1012.8,981.3,986.2,120520500,1084.8,887.6,1102.5,649.1,1012.4,112,1,1012.3,48,4,1012.2,801,4,1012.1,290,5,1012.0,973,22,1012.5,1142,12,1012.6,1513,17,1012.7,2537,16,1012.8,1209,17,1012.9,3011,24
317,2025-11-26 14:22:55+05:30,1012.5,3,1001.89,7908455,422412.0,423313.0,986.2,1012.8,981.3,986.2,120520500,1084.8,887.6,1102.5,649.1,1012.4,112,1,1012.3,48,4,1012.2,801,4,1012.1,290,5,1012.0,737,20,1012.5,1101,13,1012.6,1513,17,1012.7,2537,16,1012.8,1237,18,1012.9,3011,24
317,2025-11-26 14:22:55+05:30,1012.5,3,1001.89,7908455,422412.0,423313.0,986.2,1012.8,981.3,986.2,120520500,1084.8,887.6,1102.5,649.1,1012.4,112,1,1012.3,48,4,1012.2,801,4,1012.1,290,5,1012.0,737,20,1012.5,1101,13,1012.6,1513,17,1012.7,2537,16,1012.8,1237,18,1012.9,3011,24
317,2025-11-26 14:22:56+05:30,1012.5,1,1001.89,7908456,422404.0,423284.0,986.2,1012.8,981.3,986.2,120520500,1084.8,887.6,1102.5,649.1,1012.4,129,3,1012.3,33,3,1012.2,801,4,1012.1,280,4,1012.0,768,21,1012.5,1100,13,1012.6,1513,17,1012.7,2419,15,1012.8,1327,18,1012.9,3011,24
317,2025-11-26 14:22:56+05:30,1012.5,1,1001.89,7908456,422404.0,423284.0,986.2,1012.8,981.3,986.2,120520500,1084.8,887.6,1102.5,649.1,1012.4,129,3,1012.3,33,3,1012.2,801,4,1012.1,280,4,1012.0,768,21,1012.5,1100,13,1012.6,1513,17,1012.7,2419,15,1012.8,1327,18,1012.9,3011,24
317,2025-11-26 14:22:57+05:30,1012.5,19,1001.89,7908505,422361.0,423456.0,986.2,1012.8,981.3,986.2,120520500,1084.8,887.6,1102.5,649.1,1012.4,144,4,1012.3,33,3,1012.2,801,4,1012.1,335,5,1012.0,737,20,1012.5,1099,11,1012.6,1457,16,1012.7,2530,15,1012.8,1209,17,1012.9,3018,25
317,2025-11-26 14:22:57+05:30,1012.4,71,1001.89,7908505,422361.0,423456.0,986.2,1012.8,981.3,986.2,120520500,1084.8,887.6,1102.5,649.1,1012.4,144,4,1012.3,33,3,1012.2,801,4,1012.1,335,5,1012.0,737,20,1012.5,1099,11,1012.6,1457,16,1012.7,2530,15,1012.8,1209,17,1012.9,3018,25
317,2025-11-26 14:22:58+05:30,1012.4,71,1001.89,7908576,422168.0,423608.0,986.2,1012.8,981.3,986.2,120520500,1084.8,887.6,1102.5,649.1,1012.4,56,2,1012.3,33,3,1012.2,801,4,1012.1,352,7,1012.0,737,20,1012.5,1091,10,1012.6,1457,16,1012.7,2530,15,1012.8,1278,18,1012.9,3018,25
317,2025-11-26 14:22:58+05:30,1012.4,15,1001.89,7908576,422168.0,423608.0,986.2,1012.8,981.3,986.2,120520500,1084.8,887.6,1102.5,649.1,1012.4,56,2,1012.3,33,3,1012.2,801,4,1012.1,352,7,1012.0,737,20,1012.5,1091,10,1012.6,1457,16,1012.7,2530,15,1012.8,1278,18,1012.9,3018,25
317,2025-11-26 14:22:59+05:30,1011.9,7,1001.89,7912632,418881.0,422663.0,986.2,1012.8,981.3,986.2,120520500,1084.8,887.6,1102.5,649.1,1012.1,128,2,1012.0,299,5,1011.9,844,7,1011.8,916,11,1011.7,2346,12,1012.4,22,1,1012.5,1272,12,1012.6,1704,18,1012.7,2408,14,1012.8,1305,18
317,2025-11-26 14:22:59+05:30,1011.9,7,1001.89,7912632,418881.0,422663.0,986.2,1012.8,981.3,986.2,120520500,1084.8,887.6,1102.5,649.1,1012.1,128,2,1012.0,299,5,1011.9,844,7,1011.8,916,11,1011.7,2346,12,1012.4,22,1,1012.5,1272,12,1012.6,1704,18,1012.7,2408,14,1012.8,1305,18
317,2025-11-26 14:23:00+05:30,1012.4,49,1001.89,7912692,419733.0,424007.0,986.2,1012.8,981.3,986.2,120520500,1084.8,887.6,1102.5,649.1,1012.3,2,1,1012.1,11,2,1012.0,296,5,1011.9,1249,11,1011.8,929,12,1012.4,78,1,1012.5,1477,14,1012.6,1822,19,1012.7,2337,16,1012.8,1305,18
317,2025-11-26 14:23:00+05:30,1012.4,1,1001.89,7912692,419733.0,424007.0,986.2,1012.8,981.3,986.2,120520500,1084.8,887.6,1102.5,649.1,1012.3,2,1,1012.1,11,2,1012.0,296,5,1011.9,1249,11,1011.8,929,12,1012.4,78,1,1012.5,1477,14,1012.6,1822,19,1012.7,2337,16,1012.8,1305,18
317,2025-11-26 14:23:01+05:30,1012.4,1,1001.89,7912693,421569.0,424034.0,986.2,1012.8,981.3,986.2,120520500,1084.8,887.6,1102.5,649.1,1012.3,2,1,1012.2,750,1,1012.1,174,5,1012.0,399,7,1011.9,1300,12,1012.4,77,1,1012.5,1406,13,1012.6,1704,18,1012.7,2458,16,1012.8,1305,18
317,2025-11-26 14:23:02+05:30,1012.4,1,1001.89,7912693,421401.0,424059.0,986.2,1012.8,981.3,986.2,120520500,1084.8,887.6,1102.5,649.1,1012.3,2,1,1012.2,750,1,1012.1,174,5,1012.0,399,7,1011.9,1300,12,1012.4,77,1,1012.5,1406,13,1012.6,1704,18,1012.7,2458,16,1012.8,1305,18
317,2025-11-26 14:23:02+05:30,1012.4,25,1001.89,7912693,421401.0,424059.0,986.2,1012.8,981.3,986.2,120520500,1084.8,887.6,1102.5,649.1,1012.3,2,1,1012.2,750,1,1012.1,174,5,1012.0,399,7,1011.9,1300,12,1012.4,77,1,1012.5,1406,13,1012.6,1704,18,1012.7,2458,16,1012.8,1305,18
317,2025-11-26 14:23:03+05:30,1012.4,29,1001.9,7912799,421539.0,424468.0,986.2,1012.8,981.3,986.2,120520500,1084.8,887.6,1102.5,649.1,1012.3,2,1,1012.2,750,1,1012.1,32,4,1012.0,454,8,1011.9,1432,12,1012.4,311,5,1012.5,1351,11,1012.6,1992,20,1012.7,2346,16,1012.8,1305,18
317,2025-11-26 14:23:03+05:30,1012.3,11,1001.9,7912799,421539.0,424468.0,986.2,1012.8,981.3,986.2,120520500,1084.8,887.6,1102.5,649.1,1012.3,2,1,1012.2,750,1,1012.1,32,4,1012.0,454,8,1011.9,1432,12,1012.4,311,5,1012.5,1351,11,1012.6,1992,20,1012.7,2346,16,1012.8,1305,18
317,2025-11-26 14:23:04+05:30,1012.5,373,1001.9,7914557,422930.0,422138.0,986.2,1012.8,981.3,986.2,120520500,1084.8,887.6,1102.5,649.1,1012.3,83,3,1012.2,1206,7,1012.1,482,10,1012.0,1048,15,1011.9,641,10,1012.5,783,8,1012.6,1016,12,1012.7,2152,9,1012.8,1181,16,1012.9,3027,25
317,2025-11-26 14:23:04+05:30,1012.5,373,1001.9,7914557,422930.0,422138.0,986.2,1012.8,981.3,986.2,120520500,1084.8,887.6,1102.5,649.1,1012.3,83,3,1012.2,1206,7,1012.1,482,10,1012.0,1048,15,1011.9,641,10,1012.5,783,8,1012.6,1016,12,1012.7,2152,9,1012.8,1181,16,1012.9,3027,25
317,2025-11-26 14:23:05+05:30,1012.5,1,1001.9,7914560,422998.0,423198.0,986.2,1012.8,981.3,986.2,120520500,1084.8,887.6,1102.5,649.1,1012.3,12,1,1012.2,773,2,1012.1,263,7,1012.0,1113,14,1011.9,641,10,1012.5,1680,15,1012.6,1642,17,1012.7,2516,20,1012.8,1215,19,1012.9,3067,25
317,2025-11-26 14:23:05+05:30,1012.5,1,1001.9,7914560,422998.0,423198.0,986.2,1012.8,981.3,986.2,120520500,1084.8,887.6,1102.5,649.1,1012.3,12,1,1012.2,773,2,1012.1,263,7,1012.0,1113,14,1011.9,641,10,1012.5,1680,15,1012.6,1642,17,1012.7,2516,20,1012.8,1215,19,1012.9,3067,25
317,2025-11-26 14:23:06+05:30,1012.5,7,1001.9,7916226,422785.0,422452.0,986.2,1012.8,981.3,986.2,120520500,1084.8,887.6,1102.5,649.1,1012.3,21,2,1012.2,802,3,1012.1,462,9,1012.0,898,15,1011.9,735,10,1012.5,1041,13,1012.6,1083,13,1012.7,2343,17,1012.8,1496,18,1012.9,3103,28
317,2025-11-26 14:23:06+05:30,1012.5,7,1001.9,7916226,422785.0,422452.0,986.2,1012.8,981.3,986.2,120520500,1084.8,887.6,1102.5,649.1,1012.3,21,2,1012.2,802,3,1012.1,462,9,1012.0,898,15,1011.9,735,10,1012.5,1041,13,1012.6,1083,13,1012.7,2343,17,1012.8,1496,18,1012.9,3103,28
317,2025-11-26 14:23:07+05:30,1012.5,46,1001.9,7916275,422814.0,422780.0,986.2,1012.8,981.3,986.2,120520500,1084.8,887.6,1102.5,649.1,1012.3,21,2,1012.2,802,3,1012.1,317,8,1012.0,1043,16,1011.9,735,10,1012.5,992,12,1012.6,1088,14,1012.7,2422,18,1012.8,1496,18,1012.9,3090,27
317,2025-11-26 14:23:07+05:30,1012.5,46,1001.9,7916275,422814.0,422780.0,986.2,1012.8,981.3,986.2,120520500,1084.8,887.6,1102.5,649.1,1012.3,21,2,1012.2,802,3,1012.1,317,8,1012.0,1043,16,1011.9,735,10,1012.5,992,12,1012.6,1088,14,1012.7,2422,18,1012.8,1496,18,1012.9,3090,27
317,2025-11-26 14:23:08+05:30,1012.5,46,1001.9,7916275,422814.0,422780.0,986.2,1012.8,981.3,986.2,120520500,1084.8,887.6,1102.5,649.1,1012.3,21,2,1012.2,802,3,1012.1,317,8,1012.0,1043,16,1011.9,735,10,1012.5,992,12,1012.6,1088,14,1012.7,2422,18,1012.8,1496,18,1012.9,3090,27
317,2025-11-26 14:23:08+05:30,1012.5,76,1001.9,7916351,423016.0,422872.0,986.2,1012.8,981.3,986.2,120520500,1084.8,887.6,1102.5,649.1,1012.3,21,2,1012.2,802,3,1012.1,263,7,1012.0,1043,16,1011.9,735,10,1012.4,156,1,1012.5,916,12,1012.6,1520,16,1012.7,2457,19,1012.8,1198,17
317,2025-11-26 14:23:08+05:30,1012.5,76,1001.9,7916351,423016.0,422872.0,986.2,1012.8,981.3,986.2,120520500,1084.8,887.6,1102.5,649.1,1012.3,21,2,1012.2,802,3,1012.1,263,7,1012.0,1043,16,1011.9,735,10,1012.4,156,1,1012.5,916,12,1012.6,1520,16,1012.7,2457,19,1012.8,1198,17
317,2025-11-26 14:23:08+05:30,1012.5,76,1001.9,7916351,423016.0,422872.0,986.2,1012.8,981.3,986.2,120520500,1084.8,887.6,1102.5,649.1,1012.3,21,2,1012.2,802,3,1012.1,263,7,1012.0,1043,16,1011.9,735,10,1012.4,156,1,1012.5,916,12,1012.6,1520,16,1012.7,2457,19,1012.8,1198,17
317,2025-11-26 14:23:09+05:30,1012.5,76,1001.9,7916351,423016.0,422872.0,986.2,1012.8,981.3,986.2,120520500,1084.8,887.6,1102.5,649.1,1012.3,21,2,1012.2,802,3,1012.1,263,7,1012.0,1043,16,1011.9,735,10,1012.4,156,1,1012.5,916,12,1012.6,1520,16,1012.7,2457,19,1012.8,1198,17
317,2025-11-26 14:23:09+05:30,1012.3,1,1001.9,7916351,423016.0,422872.0,986.2,1012.8,981.3,986.2,120520500,1084.8,887.6,1102.5,649.1,1012.3,21,2,1012.2,802,3,1012.1,263,7,1012.0,1043,16,1011.9,735,10,1012.4,156,1,1012.5,916,12,1012.6,1520,16,1012.7,2457,19,1012.8,1198,17
317,2025-11-26 14:23:09+05:30,1012.3,1,1001.9,7916406,422944.0,423966.0,986.2,1012.8,981.3,986.2,120520500,1084.8,887.6,1102.5,649.1,1012.3,18,3,1012.2,802,3,1012.1,357,7,1012.0,1056,16,1011.9,735,10,1012.4,105,1,1012.5,916,12,1012.6,1520,16,1012.7,2470,20,1012.8,1185,16
317,2025-11-26 14:23:10+05:30,1012.3,1,1001.9,7916406,422944.0,423966.0,986.2,1012.8,981.3,986.2,120520500,1084.8,887.6,1102.5,649.1,1012.3,18,3,1012.2,802,3,1012.1,357,7,1012.0,1056,16,1011.9,735,10,1012.4,105,1,1012.5,916,12,1012.6,1520,16,1012.7,2470,20,1012.8,1185,16
317,2025-11-26 14:23:10+05:30,1012.4,2,1001.9,7916406,422944.0,423966.0,986.2,1012.8,981.3,986.2,120520500,1084.8,887.6,1102.5,649.1,1012.3,18,3,1012.2,802,3,1012.1,357,7,1012.0,1056,16,1011.9,735,10,1012.4,105,1,1012.5,916,12,1012.6,1520,16,1012.7,2470,20,1012.8,1185,16
317,2025-11-26 14:23:10+05:30,1012.4,29,1001.9,7916449,423069.0,423900.0,986.2,1012.8,981.3,986.2,120520500,1084.8,887.6,1102.5,649.1,1012.3,18,3,1012.2,859,4,1012.1,357,7,1012.0,1056,16,1011.9,735,10,1012.4,62,1,1012.5,916,12,1012.6,1520,16,1012.7,2470,20,1012.8,1185,16
317,2025-11-26 14:23:11+05:30,1012.4,29,1001.9,7916449,423069.0,423900.0,986.2,1012.8,981.3,986.2,120520500,1084.8,887.6,1102.5,649.1,1012.3,18,3,1012.2,859,4,1012.1,357,7,1012.0,1056,16,1011.9,735,10,1012.4,62,1,1012.5,916,12,1012.6,1520,16,1012.7,2470,20,1012.8,1185,16
317,2025-11-26 14:23:11+05:30,1012.4,49,1001.9,7916449,423069.0,423900.0,986.2,1012.8,981.3,986.2,120520500,1084.8,887.6,1102.5,649.1,1012.3,18,3,1012.2,859,4,1012.1,357,7,1012.0,1056,16,1011.9,735,10,1012.4,62,1,1012.5,916,12,1012.6,1520,16,1012.7,2470,20,1012.8,1185,16
317,2025-11-26 14:23:11+05:30,1012.4,49,1001.9,7916449,423069.0,423900.0,986.2,1012.8,981.3,986.2,120520500,1084.8,887.6,1102.5,649.1,1012.3,18,3,1012.2,859,4,1012.1,357,7,1012.0,1056,16,1011.9,735,10,1012.4,62,1,1012.5,916,12,1012.6,1520,16,1012.7,2470,20,1012.8,1185,16
317,2025-11-26 14:23:11+05:30,1012.4,49,1001.9,7916498,423060.0,423826.0,986.2,1012.8,981.3,986.2,120520500,1084.8,887.6,1102.5,649.1,1012.3,18,3,1012.2,859,4,1012.1,357,7,1012.0,1056,16,1011.9,735,10,1012.4,13,1,1012.5,957,13,1012.6,1520,16,1012.7,2435,19,1012.8,1185,16
317,2025-11-26 14:23:12+05:30,1012.4,49,1001.9,7916498,423060.0,423826.0,986.2,1012.8,981.3,986.2,120520500,1084.8,887.6,1102.5,649.1,1012.3,18,3,1012.2,859,4,1012.1,357,7,1012.0,1056,16,1011.9,735,10,1012.4,13,1,1012.5,957,13,1012.6,1520,16,1012.7,2435,19,1012.8,1185,16
317,2025-11-26 14:23:12+05:30,1012.4,49,1001.9,7916498,423060.0,423826.0,986.2,1012.8,981.3,986.2,120576750,1084.8,887.6,1102.5,649.1,1012.3,18,3,1012.2,859,4,1012.1,357,7,1012.0,1056,16,1011.9,735,10,1012.4,13,1,1012.5,957,13,1012.6,1520,16,1012.7,2435,19,1012.8,1185,16
317,2025-11-26 14:23:12+05:30,1012.4,6,1001.9,7916498,423060.0,423826.0,986.2,1012.8,981.3,986.2,120576750,1084.8,887.6,1102.5,649.1,1012.3,18,3,1012.2,859,4,1012.1,357,7,1012.0,1056,16,1011.9,735,10,1012.4,13,1,1012.5,957,13,1012.6,1520,16,1012.7,2435,19,1012.8,1185,16
317,2025-11-26 14:23:12+05:30,1012.4,6,1001.9,7916498,423060.0,423826.0,986.2,1012.8,981.3,986.2,120576750,1084.8,887.6,1102.5,649.1,1012.3,18,3,1012.2,859,4,1012.1,357,7,1012.0,1056,16,1011.9,735,10,1012.4,13,1,1012.5,957,13,1012.6,1520,16,1012.7,2435,19,1012.8,1185,16
317,2025-11-26 14:23:12+05:30,1012.4,22,1001.9,7917879,423053.0,424197.0,986.2,1012.8,981.3,986.2,120576750,1084.8,887.6,1102.5,649.1,1012.3,18,3,1012.2,859,4,1012.1,227,6,1012.0,886,14,1011.9,864,10,1012.4,39,2,1012.5,957,13,1012.6,1688,19,1012.7,2724,18,1012.8,865,15
317,2025-11-26 14:23:13+05:30,1012.4,22,1001.9,7917879,423053.0,424197.0,986.2,1012.8,981.3,986.2,120576750,1084.8,887.6,1102.5,649.1,1012.3,18,3,1012.2,859,4,1012.1,227,6,1012.0,886,14,1011.9,864,10,1012.4,39,2,1012.5,957,13,1012.6,1688,19,1012.7,2724,18,1012.8,865,15
317,2025-11-26 14:23:13+05:30,1012.5,1,1001.9,7917879,423053.0,424197.0,986.2,1012.8,981.3,986.2,120576750,1084.8,887.6,1102.5,649.1,1012.3,18,3,1012.2,859,4,1012.1,227,6,1012.0,886,14,1011.9,864,10,1012.4,39,2,1012.5,957,13,1012.6,1688,19,1012.7,2724,18,1012.8,865,15
317,2025-11-26 14:23:13+05:30,1012.5,1,1001.9,7918060,422803.0,423928.0,986.2,1012.8,981.3,986.2,120576750,1084.8,887.6,1102.5,649.1,1012.3,12,2,1012.2,802,3,1012.1,361,7,1012.0,946,14,1011.9,723,9,1012.5,956,13,1012.6,1180,16,1012.7,2667,18,1012.8,1040,17,1012.9,3506,27
317,2025-11-26 14:23:14+05:30,1012.5,2,1001.9,7918060,422803.0,423928.0,986.2,1012.8,981.3,986.2,120576750,1084.8,887.6,1102.5,649.1,1012.3,12,2,1012.2,802,3,1012.1,361,7,1012.0,946,14,1011.9,723,9,1012.5,956,13,1012.6,1180,16,1012.7,2667,18,1012.8,1040,17,1012.9,3506,27
317,2025-11-26 14:23:14+05:30,1012.5,2,1001.9,7918062,423161.0,423935.0,986.2,1012.8,981.3,986.2,120576750,1084.8,887.6,1102.5,649.1,1012.4,112,1,1012.3,9,1,1012.2,802,3,1012.1,364,8,1012.0,814,14,1012.5,969,14,1012.6,1110,15,1012.7,3076,19,1012.8,1040,17,1012.9,3084,26
317,2025-11-26 14:23:15+05:30,1012.5,1,1001.9,7918062,423161.0,423935.0,986.2,1012.8,981.3,986.2,120576750,1084.8,887.6,1102.5,649.1,1012.4,112,1,1012.3,9,1,1012.2,802,3,1012.1,364,8,1012.0,814,14,1012.5,969,14,1012.6,1110,15,1012.7,3076,19,1012.8,1040,17,1012.9,3084,26
317,2025-11-26 14:23:15+05:30,1012.5,1,1001.9,7918066,423045.0,424264.0,986.2,1012.8,981.3,986.2,120576750,1084.8,887.6,1102.5,649.1,1012.4,122,3,1012.3,34,2,1012.2,857,4,1012.1,345,6,1012.0,864,15,1012.5,965,14,1012.6,1110,15,1012.7,2935,18,1012.8,1210,19,1012.9,3084,26
317,2025-11-26 14:23:16+05:30,1012.5,5,1001.9,7918066,423045.0,424264.0,986.2,1012.8,981.3,986.2,120576750,1084.8,887.6,1102.5,649.1,1012.4,122,3,1012.3,34,2,1012.2,857,4,1012.1,345,6,1012.0,864,15,1012.5,965,14,1012.6,1110,15,1012.7,2935,18,1012.8,1210,19,1012.9,3084,26
317,2025-11-26 14:23:17+05:30,1012.5,40,1001.9,7919774,424489.0,422533.0,986.2,1012.8,981.3,986.2,120576750,1084.8,887.6,1102.5,649.1,1012.4,915,6,1012.3,939,6,1012.2,738,9,1012.1,494,8,1012.0,945,17,1012.5,789,6,1012.6,945,11,1012.7,1940,6,1012.8,1519,17,1012.9,3131,30
317,2025-11-26 14:23:17+05:30,1012.4,17,1001.9,7919774,424489.0,422533.0,986.2,1012.8,981.3,986.2,120576750,1084.8,887.6,1102.5,649.1,1012.4,915,6,1012.3,939,6,1012.2,738,9,1012.1,494,8,1012.0,945,17,1012.5,789,6,1012.6,945,11,1012.7,1940,6,1012.8,1519,17,1012.9,3131,30
317,2025-11-26 14:23:18+05:30,1012.4,17,1001.9,7919791,424557.0,421933.0,986.2,1012.8,981.3,986.2,120576750,1084.8,887.6,1102.5,649.1,1012.4,898,6,1012.3,882,5,1012.2,738,9,1012.1,516,9,1012.0,945,17,1012.5,789,6,1012.6,945,11,1012.7,1966,8,1012.8,1140,18,1012.9,3131,30
317,2025-11-26 14:23:18+05:30,1012.4,570,1001.9,7919791,424557.0,421933.0,986.2,1012.8,981.3,986.2,120576750,1084.8,887.6,1102.5,649.1,1012.4,898,6,1012.3,882,5,1012.2,738,9,1012.1,516,9,1012.0,945,17,1012.5,789,6,1012.6,945,11,1012.7,1966,8,1012.8,1140,18,1012.9,3131,30
317,2025-11-26 14:23:19+05:30,1012.4,570,1001.91,7920479,423694.0,422394.0,986.2,1012.8,981.3,986.2,120576750,1084.8,887.6,1102.5,649.1,1012.4,220,4,1012.3,800,5,1012.2,187,3,1012.1,779,10,1012.0,933,16,1012.5,790,7,1012.6,945,11,1012.7,2178,10,1012.8,1790,21,1012.9,3131,30
317,2025-11-26 14:23:19+05:30,1012.5,82,1001.91,7920479,423694.0,422394.0,986.2,1012.8,981.3,986.2,120576750,1084.8,887.6,1102.5,649.1,1012.4,220,4,1012.3,800,5,1012.2,187,3,1012.1,779,10,1012.0,933,16,1012.5,790,7,1012.6,945,11,1012.7,2178,10,1012.8,1790,21,1012.9,3131,30
317,2025-11-26 14:23:20+05:30,1012.5,1,1001.91,7920601,423745.0,422203.0,986.2,1012.8,981.3,986.2,120576750,1084.8,887.6,1102.5,649.1,1012.4,210,2,1012.3,955,8,1012.2,307,7,1012.1,806,11,1012.0,906,15,1012.5,703,4,1012.6,945,11,1012.7,2100,9,1012.8,1756,20,1012.9,3131,30
317,2025-11-26 14:23:20+05:30,1012.5,1,1001.91,7920601,423745.0,422203.0,986.2,1012.8,981.3,986.2,120576750,1084.8,887.6,1102.5,649.1,1012.4,210,2,1012.3,955,8,1012.2,307,7,1012.1,806,11,1012.0,906,15,1012.5,703,4,1012.6,945,11,1012.7,2100,9,1012.8,1756,20,1012.9,3131,30
317,2025-11-26 14:23:21+05:30,1012.5,1,1001.91,7921421,423658.0,422242.0,986.2,1012.8,981.3,986.2,120576750,1084.8,887.6,1102.5,649.1,1012.4,223,4,1012.3,800,5,1012.2,342,6,1012.1,674,10,1012.0,916,16,1012.5,1090,3,1012.6,945,11,1012.7,2498,11,1012.8,845,18,1012.9,3275,31
317,2025-11-26 14:23:22+05:30,1012.5,160,1001.91,7921581,423482.0,422092.0,986.2,1012.8,981.3,986.2,120576750,1084.8,887.6,1102.5,649.1,1012.4,63,3,1012.3,827,6,1012.2,397,7,1012.1,648,9,1012.0,916,16,1012.5,931,4,1012.6,984,12,1012.7,2498,11,1012.8,807,17,1012.9,3275,31
317,2025-11-26 14:23:22+05:30,1012.5,4,1001.91,7921581,423482.0,422092.0,986.2,1012.8,981.3,986.2,120576750,1084.8,887.6,1102.5,649.1,1012.4,63,3,1012.3,827,6,1012.2,397,7,1012.1,648,9,1012.0,916,16,1012.5,931,4,1012.6,984,12,1012.7,2498,11,1012.8,807,17,1012.9,3275,31
317,2025-11-26 14:23:23+05:30,1012.5,49,1001.91,7921661,423541.0,422052.0,986.2,1012.8,981.3,986.2,120576750,1084.8,887.6,1102.5,649.1,1012.4,63,3,1012.3,827,6,1012.2,252,6,1012.1,793,10,1012.0,916,16,1012.5,851,4,1012.6,984,12,1012.7,2498,11,1012.8,807,17,1012.9,3275,31
317,2025-11-26 14:23:23+05:30,1012.5,49,1001.91,7921661,423541.0,422052.0,986.2,1012.8,981.3,986.2,120576750,1084.8,887.6,1102.5,649.1,1012.4,63,3,1012.3,827,6,1012.2,252,6,1012.1,793,10,1012.0,916,16,1012.5,851,4,1012.6,984,12,1012.7,2498,11,1012.8,807,17,1012.9,3275,31
317,2025-11-26 14:23:24+05:30,1012.5,212,1001.91,7921972,423409.0,422047.0,986.2,1012.8,981.3,986.2,120576750,1084.8,887.6,1102.5,649.1,1012.4,13,2,1012.3,827,6,1012.2,252,6,1012.1,793,10,1012.0,906,15,1012.5,590,4,1012.6,984,12,1012.7,2643,13,1012.8,918,18,1012.9,3275,31
317,2025-11-26 14:23:24+05:30,1012.5,212,1001.91,7921972,423409.0,422047.0,986.2,1012.8,981.3,986.2,120576750,1084.8,887.6,1102.5,649.1,1012.4,13,2,1012.3,827,6,1012.2,252,6,1012.1,793,10,1012.0,906,15,1012.5,590,4,1012.6,984,12,1012.7,2643,13,1012.8,918,18,1012.9,3275,31
317,2025-11-26 14:23:25+05:30,1012.5,1,1001.91,7921976,423488.0,422282.0,986.2,1012.8,981.3,986.2,120576750,1084.8,887.6,1102.5,649.1,1012.4,13,2,1012.3,827,6,1012.2,252,6,1012.1,793,10,1012.0,906,15,1012.5,824,5,1012.6,984,12,1012.7,2643,13,1012.8,1063,19,1012.9,3131,30
317,2025-11-26 14:23:25+05:30,1012.5,2,1001.91,7921976,423488.0,422282.0,986.2,1012.8,981.3,986.2,120576750,1084.8,887.6,1102.5,649.1,1012.4,13,2,1012.3,827,6,1012.2,252,6,1012.1,793,10,1012.0,906,15,1012.5,824,5,1012.6,984,12,1012.7,2643,13,1012.8,1063,19,1012.9,3131,30
317,2025-11-26 14:23:26+05:30,1012.4,1,1001.91,7922007,423409.0,422257.0,986.2,1012.8,981.3,986.2,120576750,1084.8,887.6,1102.5,649.1,1012.4,8,1,1012.3,827,6,1012.2,252,6,1012.1,793,10,1012.0,932,16,1012.5,798,5,1012.6,984,12,1012.7,2643,13,1012.8,1063,19,1012.9,3131,30
317,2025-11-26 14:23:26+05:30,1012.4,1,1001.91,7922007,423409.0,422257.0,986.2,1012.8,981.3,986.2,120576750,1084.8,887.6,1102.5,649.1,1012.4,8,1,1012.3,827,6,1012.2,252,6,1012.1,793,10,1012.0,932,16,1012.5,798,5,1012.6,984,12,1012.7,2643,13,1012.8,1063,19,1012.9,3131,30
317,2025-11-26 14:23:27+05:30,1012.5,32,1001.91,7922162,423797.0,422145.0,986.2,1012.8,981.3,986.2,120576750,1084.8,887.6,1102.5,649.1,1012.4,176,2,1012.3,884,7,1012.2,423,7,1012.1,670,10,1012.0,906,15,1012.5,721,6,1012.6,984,12,1012.7,2267,10,1012.8,711,15,1012.9,3131,30
317,2025-11-26 14:23:27+05:30,1012.5,32,1001.91,7922162,423797.0,422145.0,986.2,1012.8,981.3,986.2,120576750,1084.8,887.6,1102.5,649.1,1012.4,176,2,1012.3,884,7,1012.2,423,7,1012.1,670,10,1012.0,906,15,1012.5,721,6,1012.6,984,12,1012.7,2267,10,1012.8,711,15,1012.9,3131,30
317,2025-11-26 14:23:28+05:30,1012.5,32,1001.91,7922162,423721.0,421897.0,986.2,1012.8,981.3,986.2,120576750,1084.8,887.6,1102.5,649.1,1012.4,181,2,1012.3,827,6,1012.2,223,5,1012.1,823,12,1012.0,906,15,1012.5,721,6,1012.6,984,12,1012.7,2576,12,1012.8,927,17,1012.9,3131,30
317,2025-11-26 14:23:28+05:30,1012.4,13,1001.91,7922162,423721.0,421897.0,986.2,1012.8,981.3,986.2,120576750,1084.8,887.6,1102.5,649.1,1012.4,181,2,1012.3,827,6,1012.2,223,5,1012.1,823,12,1012.0,906,15,1012.5,721,6,1012.6,984,12,1012.7,2576,12,1012.8,927,17,1012.9,3131,30
317,2025-11-26 14:23:29+05:30,1012.4,13,1001.91,7922343,424861.0,422531.0,986.2,1012.8,981.3,986.2,120576750,1084.8,887.6,1102.5,649.1,1012.3,827,6,1012.2,168,4,1012.1,717,11,1012.0,906,15,1011.9,989,14,1012.4,35,1,1012.5,721,6,1012.6,984,12,1012.7,2682,13,1012.8,795,17
317,2025-11-26 14:23:30+05:30,1012.4,8,1001.91,7922698,423261.0,421706.0,986.2,1012.8,981.3,986.2,120576750,1084.8,887.6,1102.5,649.1,1012.4,43,2,1012.3,803,6,1012.2,168,4,1012.1,716,11,1012.0,906,15,1012.5,669,6,1012.6,1054,13,1012.7,2682,13,1012.8,939,18,1012.9,3164,31
317,2025-11-26 14:23:30+05:30,1012.5,1,1001.91,7922698,423261.0,421706.0,986.2,1012.8,981.3,986.2,120576750,1084.8,887.6,1102.5,649.1,1012.4,43,2,1012.3,803,6,1012.2,168,4,1012.1,716,11,1012.0,906,15,1012.5,669,6,1012.6,1054,13,1012.7,2682,13,1012.8,939,18,1012.9,3164,31
317,2025-11-26 14:23:31+05:30,1012.4,10,1001.91,7922709,424145.0,421620.0,986.2,1012.8,981.3,986.2,120576750,1084.8,887.6,1102.5,649.1,1012.4,33,2,1012.3,1553,7,1012.2,168,4,1012.1,722,12,1012.0,1050,16,1012.5,670,7,1012.6,984,12,1012.7,2682,13,1012.8,939,18,1012.9,3147,30
317,2025-11-26 14:23:31+05:30,1012.4,10,1001.91,7922709,424145.0,421620.0,986.2,1012.8,981.3,986.2,120576750,1084.8,887.6,1102.5,649.1,1012.4,33,2,1012.3,1553,7,1012.2,168,4,1012.1,722,12,1012.0,1050,16,1012.5,670,7,1012.6,984,12,1012.7,2682,13,1012.8,939,18,1012.9,3147,30
317,2025-11-26 14:23:32+05:30,1012.4,10,1001.91,7922709,424129.0,421622.0,986.2,1012.8,981.3,986.2,120576750,1084.8,887.6,1102.5,649.1,1012.4,33,2,1012.3,1553,7,1012.2,168,4,1012.1,682,11,1012.0,1074,17,1012.5,672,8,1012.6,984,12,1012.7,2826,14,1012.8,795,17,1012.9,3147,30
317,2025-11-26 14:23:32+05:30,1012.4,1,1001.91,7922709,424129.0,421622.0,986.2,1012.8,981.3,986.2,120576750,1084.8,887.6,1102.5,649.1,1012.4,33,2,1012.3,1553,7,1012.2,168,4,1012.1,682,11,1012.0,1074,17,1012.5,672,8,1012.6,984,12,1012.7,2826,14,1012.8,795,17,1012.9,3147,30
317,2025-11-26 14:23:33+05:30,1012.4,23,1001.91,7922776,425660.0,422238.0,986.2,1012.8,981.3,986.2,120576750,1084.8,887.6,1102.5,649.1,1012.3,1723,8,1012.2,427,7,1012.1,572,10,1012.0,1023,18,1011.9,1498,15,1012.4,8,1,1012.5,662,8,1012.6,984,12,1012.7,2228,10,1012.8,795,17
317,2025-11-26 14:23:33+05:30,1012.4,23,1001.91,7922776,425660.0,422238.0,986.2,1012.8,981.3,986.2,120576750,1084.8,887.6,1102.5,649.1,1012.3,1723,8,1012.2,427,7,1012.1,572,10,1012.0,1023,18,1011.9,1498,15,1012.4,8,1,1012.5,662,8,1012.6,984,12,1012.7,2228,10,1012.8,795,17
317,2025-11-26 14:23:34+05:30,1012.4,62,1001.91,7922889,425815.0,422007.0,986.2,1012.8,981.3,986.2,120576750,1084.8,887.6,1102.5,649.1,1012.3,1723,8,1012.2,282,6,1012.1,572,10,1012.0,1181,20,1011.9,1475,15,1012.4,37,1,1012.5,713,9,1012.6,945,11,1012.7,2668,13,1012.8,795,17
317,2025-11-26 14:23:34+05:30,1012.4,62,1001.91,7922889,425815.0,422007.0,986.2,1012.8,981.3,986.2,120576750,1084.8,887.6,1102.5,649.1,1012.3,1723,8,1012.2,282,6,1012.1,572,10,1012.0,1181,20,1011.9,1475,15,1012.4,37,1,1012.5,713,9,1012.6,945,11,1012.7,2668,13,1012.8,795,17
317,2025-11-26 14:23:35+05:30,1012.4,2,1001.91,7922891,425815.0,422029.0,986.2,1012.8,981.3,986.2,120576750,1084.8,887.6,1102.5,649.1,1012.3,1723,8,1012.2,282,6,1012.1,572,10,1012.0,1181,20,1011.9,1475,15,1012.4,35,1,1012.5,713,9,1012.6,945,11,1012.7,2668,13,1012.8,795,17
317,2025-11-26 14:23:35+05:30,1012.4,2,1001.91,7922891,425815.0,422029.0,986.2,1012.8,981.3,986.2,120576750,1084.8,887.6,1102.5,649.1,1012.3,1723,8,1012.2,282,6,1012.1,572,10,1012.0,1181,20,1011.9,1475,15,1012.4,35,1,1012.5,713,9,1012.6,945,11,1012.7,2668,13,1012.8,795,17
317,2025-11-26 14:23:36+05:30,1012.3,152,1001.91,7923054,424902.0,422175.0,986.2,1012.8,981.3,986.2,120576750,1084.8,887.6,1102.5,649.1,1012.3,1401,7,1012.2,168,4,1012.1,662,10,1012.0,955,18,1011.9,909,13,1012.4,34,2,1012.5,739,10,1012.6,1079,12,1012.7,2676,14,1012.8,795,17
317,2025-11-26 14:23:36+05:30,1012.3,152,1001.91,7923054,424902.0,422175.0,986.2,1012.8,981.3,986.2,120576750,1084.8,887.6,1102.5,649.1,1012.3,1401,7,1012.2,168,4,1012.1,662,10,1012.0,955,18,1011.9,909,13,1012.4,34,2,1012.5,739,10,1012.6,1079,12,1012.7,2676,14,1012.8,795,17
317,2025-11-26 14:23:37+05:30,1012.3,152,1001.91,7923054,424631.0,422200.0,986.2,1012.8,981.3,986.2,120576750,1084.8,887.6,1102.5,649.1,1012.3,1401,7,1012.2,168,4,1012.1,662,10,1012.0,977,19,1011.9,1493,14,1012.4,34,2,1012.5,739,10,1012.6,1079,12,1012.7,2676,14,1012.8,795,17
317,2025-11-26 14:23:38+05:30,1012.3,152,1001.91,7923054,424631.0,422263.0,986.2,1012.8,981.3,986.2,120576750,1084.8,887.6,1102.5,649.1,1012.3,1401,7,1012.2,168,4,1012.1,662,10,1012.0,977,19,1011.9,1493,14,1012.4,34,2,1012.5,739,10,1012.6,1079,12,1012.7,2676,14,1012.8,795,17
317,2025-11-26 14:23:38+05:30,1012.3,180,1001.91,7923054,424631.0,422263.0,986.2,1012.8,981.3,986.2,120576750,1084.8,887.6,1102.5,649.1,1012.3,1401,7,1012.2,168,4,1012.1,662,10,1012.0,977,19,1011.9,1493,14,1012.4,34,2,1012.5,739,10,1012.6,1079,12,1012.7,2676,14,1012.8,795,17
317,2025-11-26 14:23:39+05:30,1012.3,180,1001.91,7923234,424543.0,422480.0,986.2,1012.8,981.3,986.2,120576750,1084.8,887.6,1102.5,649.1,1012.3,1221,7,1012.2,57,3,1012.1,518,9,1012.0,1124,20,1011.9,1385,14,1012.4,1,1,1012.5,739,10,1012.6,1155,13,1012.7,2743,15,1012.8,795,17
317,2025-11-26 14:23:39+05:30,1012.4,1,1001.91,7923234,424543.0,422480.0,986.2,1012.8,981.3,986.2,120576750,1084.8,887.6,1102.5,649.1,1012.3,1221,7,1012.2,57,3,1012.1,518,9,1012.0,1124,20,1011.9,1385,14,1012.4,1,1,1012.5,739,10,1012.6,1155,13,1012.7,2743,15,1012.8,795,17
317,2025-11-26 14:23:40+05:30,1012.4,1,1001.91,7923240,423190.0,421891.0,986.2,1012.8,981.3,986.2,120576750,1084.8,887.6,1102.5,649.1,1012.4,21,2,1012.3,1234,8,1012.2,57,3,1012.1,428,9,1012.0,1229,19,1012.5,739,10,1012.6,1155,13,1012.7,3088,17,1012.8,906,18,1012.9,3155,31
317,2025-11-26 14:23:40+05:30,1012.5,2,1001.91,7923240,423190.0,421891.0,986.2,1012.8,981.3,986.2,120576750,1084.8,887.6,1102.5,649.1,1012.4,21,2,1012.3,1234,8,1012.2,57,3,1012.1,428,9,1012.0,1229,19,1012.5,739,10,1012.6,1155,13,1012.7,3088,17,1012.8,906,18,1012.9,3155,31
317,2025-11-26 14:23:41+05:30,1012.5,1,1001.91,7923243,423156.0,421875.0,986.2,1012.8,981.3,986.2,120576750,1084.8,887.6,1102.5,649.1,1012.4,34,3,1012.3,1220,6,1012.2,57,3,1012.1,428,9,1012.0,1229,19,1012.5,737,11,1012.6,1155,13,1012.7,2858,16,1012.8,1265,21,1012.9,3162,31
317,2025-11-26 14:23:41+05:30,1012.4,27,1001.91,7923243,423156.0,421875.0,986.2,1012.8,981.3,986.2,120576750,1084.8,887.6,1102.5,649.1,1012.4,34,3,1012.3,1220,6,1012.2,57,3,1012.1,428,9,1012.0,1229,19,1012.5,737,11,1012.6,1155,13,1012.7,2858,16,1012.8,1265,21,1012.9,3162,31
317,2025-11-26 14:23:42+05:30,1012.4,86,1001.91,7923459,423054.0,422868.0,986.2,1012.8,981.3,986.2,120576750,1084.8,887.6,1102.5,649.1,1012.3,1220,6,1012.2,10,2,1012.1,575,10,1012.0,943,17,1011.9,909,13,1012.5,737,11,1012.6,1014,12,1012.7,2853,16,1012.8,1264,21,1012.9,3170,32
317,2025-11-26 14:23:42+05:30,1012.5,23,1001.91,7923459,423054.0,422868.0,986.2,1012.8,981.3,986.2,120576750,1084.8,887.6,1102.5,649.1,1012.3,1220,6,1012.2,10,2,1012.1,575,10,1012.0,943,17,1011.9,909,13,1012.5,737,11,1012.6,1014,12,1012.7,2853,16,1012.8,1264,21,1012.9,3170,32
317,2025-11-26 14:23:43+05:30,1012.4,78,1001.91,7924319,423261.0,422712.0,986.2,1012.8,981.3,986.2,120576750,1084.8,887.6,1102.5,649.1,1012.4,22,1,1012.3,1220,6,1012.2,10,2,1012.1,575,10,1012.0,1083,18,1012.5,1177,9,1012.6,1282,15,1012.7,3038,20,1012.8,967,18,1012.9,3083,26
317,2025-11-26 14:23:43+05:30,1012.4,78,1001.91,7924319,423261.0,422712.0,986.2,1012.8,981.3,986.2,120576750,1084.8,887.6,1102.5,649.1,1012.4,22,1,1012.3,1220,6,1012.2,10,2,1012.1,575,10,1012.0,1083,18,1012.5,1177,9,1012.6,1282,15,1012.7,3038,20,1012.8,967,18,1012.9,3083,26
317,2025-11-26 14:23:44+05:30,1012.5,207,1001.91,7924919,423371.0,422098.0,986.2,1012.8,981.3,986.2,120576750,1084.8,887.6,1102.5,649.1,1012.4,20,1,1012.3,1220,6,1012.2,10,2,1012.1,709,11,1012.0,1083,18,1012.5,598,11,1012.6,1215,14,1012.7,2753,20,1012.8,1265,19,1012.9,3018,25
317,2025-11-26 14:23:44+05:30,1012.5,207,1001.91,7924919,423371.0,422098.0,986.2,1012.8,981.3,986.2,120576750,1084.8,887.6,1102.5,649.1,1012.4,20,1,1012.3,1220,6,1012.2,10,2,1012.1,709,11,1012.0,1083,18,1012.5,598,11,1012.6,1215,14,1012.7,2753,20,1012.8,1265,19,1012.9,3018,25
317,2025-11-26 14:23:45+05:30,1012.5,1,1001.91,7924922,423334.0,422317.0,986.2,1012.8,981.3,986.2,120576750,1084.8,887.6,1102.5,649.1,1012.4,24,2,1012.3,1220,6,1012.2,10,2,1012.1,705,10,1012.0,1083,18,1012.5,906,14,1012.6,1146,13,1012.7,3051,21,1012.8,967,18,1012.9,3018,25
317,2025-11-26 14:23:45+05:30,1012.5,1,1001.91,7924922,423334.0,422317.0,986.2,1012.8,981.3,986.2,120576750,1084.8,887.6,1102.5,649.1,1012.4,24,2,1012.3,1220,6,1012.2,10,2,1012.1,705,10,1012.0,1083,18,1012.5,906,14,1012.6,1146,13,1012.7,3051,21,1012.8,967,18,1012.9,3018,25
317,2025-11-26 14:23:46+05:30,1012.5,1,1001.91,7924922,423407.0,422394.0,986.2,1012.8,981.3,986.2,120576750,1084.8,887.6,1102.5,649.1,1012.4,24,2,1012.3,1220,6,1012.2,10,2,1012.1,705,10,1012.0,1083,18,1012.5,906,14,1012.6,1215,14,1012.7,3051,21,1012.8,967,18,1012.9,3018,25
317,2025-11-26 14:23:47+05:30,1012.4,20,1001.91,7924942,423417.0,422303.0,986.2,1012.8,981.3,986.2,120576750,1084.8,887.6,1102.5,649.1,1012.4,4,1,1012.3,1220,6,1012.2,10,2,1012.1,563,9,1012.0,1225,19,1012.5,886,13,1012.6,1215,14,1012.7,3051,21,1012.8,967,18,1012.9,3018,25
317,2025-11-26 14:23:47+05:30,1012.4,20,1001.91,7924942,423417.0,422303.0,986.2,1012.8,981.3,986.2,120576750,1084.8,887.6,1102.5,649.1,1012.4,4,1,1012.3,1220,6,1012.2,10,2,1012.1,563,9,1012.0,1225,19,1012.5,886,13,1012.6,1215,14,1012.7,3051,21,1012.8,967,18,1012.9,3018,25
317,2025-11-26 14:23:48+05:30,1012.5,1,1001.91,7924943,424221.0,422329.0,986.2,1012.8,981.3,986.2,120576750,1084.8,887.6,1102.5,649.1,1012.3,1220,6,1012.2,10,2,1012.1,709,11,1012.0,1083,18,1011.9,844,12,1012.4,38,1,1012.5,888,14,1012.6,1215,14,1012.7,3051,21,1012.8,980,19
317,2025-11-26 14:23:48+05:30,1012.5,1,1001.91,7924943,424221.0,422329.0,986.2,1012.8,981.3,986.2,120576750,1084.8,887.6,1102.5,649.1,1012.3,1220,6,1012.2,10,2,1012.1,709,11,1012.0,1083,18,1011.9,844,12,1012.4,38,1,1012.5,888,14,1012.6,1215,14,1012.7,3051,21,1012.8,980,19
317,2025-11-26 14:23:50+05:30,1012.5,1,1001.91,7924943,424297.0,423302.0,986.2,1012.8,981.3,986.2,120576750,1084.8,887.6,1102.5,649.1,1012.3,1220,6,1012.2,10,2,1012.1,512,9,1012.0,1255,20,1011.9,844,12,1012.4,297,2,1012.5,891,14,1012.6,1148,13,1012.7,3051,21,1012.8,1010,20
317,2025-11-26 14:23:50+05:30,1012.4,1,1001.91,7924943,424297.0,423302.0,986.2,1012.8,981.3,986.2,120576750,1084.8,887.6,1102.5,649.1,1012.3,1220,6,1012.2,10,2,1012.1,512,9,1012.0,1255,20,1011.9,844,12,1012.4,297,2,1012.5,891,14,1012.6,1148,13,1012.7,3051,21,1012.8,1010,20
317,2025-11-26 14:23:51+05:30,1012.4,1,1001.91,7924946,424271.0,423230.0,986.2,1012.8,981.3,986.2,120576750,1084.8,887.6,1102.5,649.1,1012.3,1220,6,1012.2,10,2,1012.1,512,9,1012.0,1255,20,1011.9,1329,13,1012.4,294,2,1012.5,891,14,1012.6,1148,13,1012.7,3051,21,1012.8,941,17
317,2025-11-26 14:23:51+05:30,1012.4,65,1001.91,7924946,424271.0,423230.0,986.2,1012.8,981.3,986.2,120576750,1084.8,887.6,1102.5,649.1,1012.3,1220,6,1012.2,10,2,1012.1,512,9,1012.0,1255,20,1011.9,1329,13,1012.4,294,2,1012.5,891,14,1012.6,1148,13,1012.7,3051,21,1012.8,941,17
317,2025-11-26 14:23:52+05:30,1012.3,1,1001.91,7925047,424356.0,423211.0,986.2,1012.8,981.3,986.2,120576750,1084.8,887.6,1102.5,649.1,1012.3,1232,7,1012.2,10,2,1012.1,652,10,1012.0,1113,19,1011.9,844,12,1012.4,232,2,1012.5,891,14,1012.6,1148,13,1012.7,2954,21,1012.8,1081,18
317,2025-11-26 14:23:52+05:30,1012.3,71,1001.91,7925047,424356.0,423211.0,986.2,1012.8,981.3,986.2,120576750,1084.8,887.6,1102.5,649.1,1012.3,1232,7,1012.2,10,2,1012.1,652,10,1012.0,1113,19,1011.9,844,12,1012.4,232,2,1012.5,891,14,1012.6,1148,13,1012.7,2954,21,1012.8,1081,18
317,2025-11-26 14:23:53+05:30,1012.4,23,1001.91,7925151,424298.0,423163.0,986.2,1012.8,981.3,986.2,120576750,1084.8,887.6,1102.5,649.1,1012.3,1161,7,1012.2,10,2,1012.1,518,9,1012.0,1113,19,1011.9,844,12,1012.4,199,2,1012.5,891,14,1012.6,1148,13,1012.7,2954,21,1012.8,1081,18
317,2025-11-26 14:23:53+05:30,1012.3,24,1001.91,7925151,424298.0,423163.0,986.2,1012.8,981.3,986.2,120576750,1084.8,887.6,1102.5,649.1,1012.3,1161,7,1012.2,10,2,1012.1,518,9,1012.0,1113,19,1011.9,844,12,1012.4,199,2,1012.5,891,14,1012.6,1148,13,1012.7,2954,21,1012.8,1081,18
317,2025-11-26 14:23:54+05:30,1012.3,24,1001.91,7925654,420947.0,424387.0,986.2,1012.8,981.3,986.2,120576750,1084.8,887.6,1102.5,649.1,1012.3,19,3,1012.2,760,3,1012.1,69,3,1012.0,415,9,1011.9,753,9,1012.4,344,3,1012.5,1369,19,1012.6,1697,18,1012.7,2811,24,1012.8,1117,19
317,2025-11-26 14:23:54+05:30,1012.4,112,1001.91,7925654,420947.0,424387.0,986.2,1012.8,981.3,986.2,120576750,1084.8,887.6,1102.5,649.1,1012.3,19,3,1012.2,760,3,1012.1,69,3,1012.0,415,9,1011.9,753,9,1012.4,344,3,1012.5,1369,19,1012.6,1697,18,1012.7,2811,24,1012.8,1117,19
317,2025-11-26 14:23:55+05:30,1012.4,2,1001.91,7925768,421215.0,424234.0,986.2,1012.8,981.3,986.2,120576750,1084.8,887.6,1102.5,649.1,1012.3,16,2,1012.2,760,3,1012.1,69,3,1012.0,604,11,1011.9,753,9,1012.4,91,2,1012.5,1234,18,1012.6,2155,20,1012.7,2466,22,1012.8,1117,19
317,2025-11-26 14:23:55+05:30,1012.4,2,1001.91,7925768,421215.0,424234.0,986.2,1012.8,981.3,986.2,120576750,1084.8,887.6,1102.5,649.1,1012.3,16,2,1012.2,760,3,1012.1,69,3,1012.0,604,11,1011.9,753,9,1012.4,91,2,1012.5,1234,18,1012.6,2155,20,1012.7,2466,22,1012.8,1117,19
317,2025-11-26 14:23:56+05:30,1012.4,2,1001.91,7925798,420792.0,424204.0,986.2,1012.8,981.3,986.2,120576750,1084.8,887.6,1102.5,649.1,1012.3,16,2,1012.2,760,3,1012.1,69,3,1012.0,604,11,1011.9,753,9,1012.4,61,2,1012.5,1234,18,1012.6,2155,20,1012.7,2493,23,1012.8,1117,19
317,2025-11-26 14:23:56+05:30,1012.3,2,1001.91,7925798,420792.0,424204.0,986.2,1012.8,981.3,986.2,120576750,1084.8,887.6,1102.5,649.1,1012.3,16,2,1012.2,760,3,1012.1,69,3,1012.0,604,11,1011.9,753,9,1012.4,61,2,1012.5,1234,18,1012.6,2155,20,1012.7,2493,23,1012.8,1117,19
317,2025-11-26 14:23:57+05:30,1012.3,2,1001.91,7925823,420580.0,423411.0,986.2,1012.8,981.3,986.2,120576750,1084.8,887.6,1102.5,649.1,1012.3,14,2,1012.2,760,3,1012.1,69,3,1012.0,659,12,1011.9,753,9,1012.5,1214,18,1012.6,2155,20,1012.7,2528,24,1012.8,1117,19,1012.9,2971,25
317,2025-11-26 14:23:58+05:30,1012.3,18,1001.91,7925903,422626.0,424464.0,986.2,1012.8,981.3,986.2,120576750,1084.8,887.6,1102.5,649.1,1012.2,1544,5,1012.1,167,5,1012.0,649,11,1011.9,911,11,1011.8,762,16,1012.3,306,1,1012.5,1083,18,1012.6,2093,20,1012.7,2642,24,1012.8,1254,20
317,2025-11-26 14:23:58+05:30,1012.3,18,1001.91,7925903,422626.0,424464.0,986.2,1012.8,981.3,986.2,120576750,1084.8,887.6,1102.5,649.1,1012.2,1544,5,1012.1,167,5,1012.0,649,11,1011.9,911,11,1011.8,762,16,1012.3,306,1,1012.5,1083,18,1012.6,2093,20,1012.7,2642,24,1012.8,1254,20
317,2025-11-26 14:23:59+05:30,1012.3,18,1001.91,7925903,422649.0,425018.0,986.2,1012.8,981.3,986.2,120576750,1084.8,887.6,1102.5,649.1,1012.2,1544,5,1012.1,167,5,1012.0,649,11,1011.9,890,10,1011.8,762,16,1012.3,306,1,1012.4,19,1,1012.5,1565,19,1012.6,2164,21,1012.7,2642,24
317,2025-11-26 14:23:59+05:30,1012.2,10,1001.91,7925903,422649.0,425018.0,986.2,1012.8,981.3,986.2,120576750,1084.8,887.6,1102.5,649.1,1012.2,1544,5,1012.1,167,5,1012.0,649,11,1011.9,890,10,1011.8,762,16,1012.3,306,1,1012.4,19,1,1012.5,1565,19,1012.6,2164,21,1012.7,2642,24
317,2025-11-26 14:24:00+05:30,1012.2,9,1001.92,7930993,413381.0,426104.0,986.2,1012.8,981.3,986.2,120576750,1084.8,887.6,1102.5,649.1,1012.1,45,5,1012.0,271,6,1011.9,331,4,1011.8,531,7,1011.7,1248,10,1012.3,861,5,1012.4,443,9,1012.5,1874,25,1012.6,1611,20,1012.7,2536,21
317,2025-11-26 14:24:00+05:30,1012.3,1,1001.92,7930993,413381.0,426104.0,986.2,1012.8,981.3,986.2,120576750,1084.8,887.6,1102.5,649.1,1012.1,45,5,1012.0,271,6,1011.9,331,4,1011.8,531,7,1011.7,1248,10,1012.3,861,5,1012.4,443,9,1012.5,1874,25,1012.6,1611,20,1012.7,2536,21
317,2025-11-26 14:24:01+05:30,1012.3,49,1001.92,7931171,413391.0,424628.0,986.2,1012.8,981.3,986.2,120576750,1084.8,887.6,1102.5,649.1,1012.1,45,5,1012.0,275,7,1011.9,264,3,1011.8,475,7,1011.7,1280,11,1012.3,633,4,1012.4,401,8,1012.5,1541,24,1012.6,1868,21,1012.7,2488,20
317,2025-11-26 14:24:01+05:30,1012.3,49,1001.92,7931171,413391.0,424628.0,986.2,1012.8,981.3,986.2,120576750,1084.8,887.6,1102.5,649.1,1012.1,45,5,1012.0,275,7,1011.9,264,3,1011.8,475,7,1011.7,1280,11,1012.3,633,4,1012.4,401,8,1012.5,1541,24,1012.6,1868,21,1012.7,2488,20
317,2025-11-26 14:24:02+05:30,1012.3,49,1001.92,7931171,413391.0,425912.0,986.2,1012.8,981.3,986.2,120576750,1084.8,887.6,1102.5,649.1,1012.1,45,5,1012.0,275,7,1011.9,264,3,1011.8,475,7,1011.7,1280,11,1012.3,683,5,1012.4,939,10,1012.5,1541,24,1012.6,1894,22,1012.7,2449,19
317,2025-11-26 14:24:02+05:30,1012.3,4,1001.92,7931171,413391.0,425912.0,986.2,1012.8,981.3,986.2,120576750,1084.8,887.6,1102.5,649.1,1012.1,45,5,1012.0,275,7,1011.9,264,3,1011.8,475,7,1011.7,1280,11,1012.3,683,5,1012.4,939,10,1012.5,1541,24,1012.6,1894,22,1012.7,2449,19
317,2025-11-26 14:24:03+05:30,1012.3,23,1001.92,7931202,413333.0,425868.0,986.2,1012.8,981.3,986.2,120576750,1084.8,887.6,1102.5,649.1,1012.1,61,6,1012.0,275,7,1011.9,242,2,1011.8,475,7,1011.7,714,10,1012.3,487,4,1012.4,1048,9,1012.5,1888,28,1012.6,1570,20,1012.7,2449,19
317,2025-11-26 14:24:03+05:30,1012.1,12,1001.92,7931202,413333.0,425868.0,986.2,1012.8,981.3,986.2,120576750,1084.8,887.6,1102.5,649.1,1012.1,61,6,1012.0,275,7,1011.9,242,2,1011.8,475,7,1011.7,714,10,1012.3,487,4,1012.4,1048,9,1012.5,1888,28,1012.6,1570,20,1012.7,2449,19
317,2025-11-26 14:24:04+05:30,1012.1,5,1001.92,7931808,413989.0,425941.0,986.2,1012.8,981.3,986.2,120576750,1084.8,887.6,1102.5,649.1,1012.1,27,3,1012.0,275,7,1011.9,164,2,1011.8,1225,8,1011.7,714,10,1012.3,175,3,1012.4,1189,11,1012.5,2009,33,1012.6,1623,21,1012.7,2370,14
317,2025-11-26 14:24:04+05:30,1012.1,5,1001.92,7931808,413989.0,425941.0,986.2,1012.8,981.3,986.2,120576750,1084.8,887.6,1102.5,649.1,1012.1,27,3,1012.0,275,7,1011.9,164,2,1011.8,1225,8,1011.7,714,10,1012.3,175,3,1012.4,1189,11,1012.5,2009,33,1012.6,1623,21,1012.7,2370,14
317,2025-11-26 14:24:05+05:30,1012.3,2,1001.92,7931860,414143.0,426190.0,986.2,1012.8,981.3,986.2,120576750,1084.8,887.6,1102.5,649.1,1012.1,22,2,1012.0,275,7,1011.9,108,1,1011.8,1132,5,1011.7,714,10,1012.3,168,4,1012.4,1423,13,1012.5,1886,26,1012.6,1623,21,1012.7,2475,21
317,2025-11-26 14:24:05+05:30,1012.3,1,1001.92,7931860,414143.0,426190.0,986.2,1012.8,981.3,986.2,120576750,1084.8,887.6,1102.5,649.1,1012.1,22,2,1012.0,275,7,1011.9,108,1,1011.8,1132,5,1011.7,714,10,1012.3,168,4,1012.4,1423,13,1012.5,1886,26,1012.6,1623,21,1012.7,2475,21
317,2025-11-26 14:24:06+05:30,1012.3,1,1001.92,7931863,414606.0,426139.0,986.2,1012.8,981.3,986.2,120576750,1084.8,887.6,1102.5,649.1,1012.1,20,2,1012.0,275,7,1011.9,117,2,1011.8,1882,6,1011.7,727,11,1012.3,117,3,1012.4,1289,12,1012.5,2020,27,1012.6,1649,23,1012.7,2449,19
317,2025-11-26 14:24:06+05:30,1012.3,32,1001.92,7931863,414606.0,426139.0,986.2,1012.8,981.3,986.2,120576750,1084.8,887.6,1102.5,649.1,1012.1,20,2,1012.0,275,7,1011.9,117,2,1011.8,1882,6,1011.7,727,11,1012.3,117,3,1012.4,1289,12,1012.5,2020,27,1012.6,1649,23,1012.7,2449,19
317,2025-11-26 14:24:07+05:30,1012.3,32,1001.92,7931912,414680.0,425321.0,986.2,1012.8,981.3,986.2,120576750,1084.8,887.6,1102.5,649.1,1012.1,29,3,1012.0,275,7,1011.9,1617,4,1011.8,428,5,1011.7,695,10,1012.3,50,1,1012.4,539,8,1012.5,1829,26,1012.6,1947,24,1012.7,2449,19
317,2025-11-26 14:24:08+05:30,1012.3,32,1001.92,7931912,414685.0,427325.0,986.2,1012.8,981.3,986.2,120576750,1084.8,887.6,1102.5,649.1,1012.1,29,3,1012.0,275,7,1011.9,1617,4,1011.8,428,5,1011.7,695,10,1012.3,650,4,1012.4,1198,9,1012.5,2015,27,1012.6,1649,23,1012.7,2449,19
317,2025-11-26 14:24:09+05:30,1012.3,32,1001.92,7931912,414002.0,427184.0,986.2,1012.8,981.3,986.2,120576750,1084.8,887.6,1102.5,649.1,1012.1,29,3,1012.0,275,7,1011.9,1509,3,1011.8,428,5,1011.7,695,10,1012.2,178,3,1012.3,650,4,1012.4,1198,9,1012.5,2108,27,1012.6,1649,23
317,2025-11-26 14:24:10+05:30,1012.2,1,1001.92,7931914,413906.0,427188.0,986.2,1012.8,981.3,986.2,120576750,1084.8,887.6,1102.5,649.1,1012.1,28,3,1012.0,275,7,1011.9,1542,4,1011.8,382,4,1011.7,739,11,1012.2,177,3,1012.3,655,5,1012.4,1198,9,1012.5,2108,27,1012.6,1649,23
317,2025-11-26 14:24:10+05:30,1012.2,2,1001.92,7931914,413906.0,427188.0,986.2,1012.8,981.3,986.2,120576750,1084.8,887.6,1102.5,649.1,1012.1,28,3,1012.0,275,7,1011.9,1542,4,1011.8,382,4,1011.7,739,11,1012.2,177,3,1012.3,655,5,1012.4,1198,9,1012.5,2108,27,1012.6,1649,23
317,2025-11-26 14:24:11+05:30,1012.2,46,1001.92,7931966,413929.0,427084.0,986.2,1012.8,981.3,986.2,120576750,1084.8,887.6,1102.5,649.1,1012.1,28,3,1012.0,275,7,1011.9,792,3,1011.8,1101,5,1011.7,740,11,1012.2,142,2,1012.3,703,6,1012.4,1220,9,1012.5,2047,25,1012.6,1649,23
317,2025-11-26 14:24:11+05:30,1012.2,46,1001.92,7931966,413929.0,427084.0,986.2,1012.8,981.3,986.2,120576750,1084.8,887.6,1102.5,649.1,1012.1,28,3,1012.0,275,7,1011.9,792,3,1011.8,1101,5,1011.7,740,11,1012.2,142,2,1012.3,703,6,1012.4,1220,9,1012.5,2047,25,1012.6,1649,23
317,2025-11-26 14:24:12+05:30,1012.1,22,1001.92,7932016,413117.0,427303.0,986.2,1012.8,981.3,986.2,120576750,1084.8,887.6,1102.5,649.1,1012.1,163,2,1012.0,275,7,1011.9,42,2,1011.8,1693,4,1011.7,727,10,1012.2,240,4,1012.3,837,7,1012.4,1220,9,1012.5,2077,26,1012.6,1649,23
317,2025-11-26 14:24:12+05:30,1012.1,3,1001.92,7932016,413117.0,427303.0,986.2,1012.8,981.3,986.2,120576750,1084.8,887.6,1102.5,649.1,1012.1,163,2,1012.0,275,7,1011.9,42,2,1011.8,1693,4,1011.7,727,10,1012.2,240,4,1012.3,837,7,1012.4,1220,9,1012.5,2077,26,1012.6,1649,23
317,2025-11-26 14:24:13+05:30,1012.1,3,1001.93,7937139,411391.0,429716.0,986.2,1012.8,981.3,986.2,120576750,1084.8,887.6,1102.5,649.1,1011.7,272,4,1011.6,1109,6,1011.5,569,9,1011.4,1005,9,1011.3,649,10,1012.1,62,3,1012.2,1047,9,1012.3,1582,17,1012.4,1004,13,1012.5,1664,26
317,2025-11-26 14:24:13+05:30,1011.7,66,1001.93,7937139,411391.0,429716.0,986.2,1012.8,981.3,986.2,120576750,1084.8,887.6,1102.5,649.1,1011.7,272,4,1011.6,1109,6,1011.5,569,9,1011.4,1005,9,1011.3,649,10,1012.1,62,3,1012.2,1047,9,1012.3,1582,17,1012.4,1004,13,1012.5,1664,26
317,2025-11-26 14:24:14+05:30,1011.9,3,1001.93,7938288,412356.0,429789.0,986.2,1012.8,981.3,986.2,120576750,1084.8,887.6,1102.5,649.1,1011.8,112,1,1011.7,5,2,1011.6,1781,7,1011.5,756,11,1011.4,984,9,1011.9,102,1,1012.1,419,5,1012.2,606,8,1012.3,1255,16,1012.4,1280,12
317,2025-11-26 14:24:14+05:30,1011.8,7,1001.93,7938288,412356.0,429789.0,986.2,1012.8,981.3,986.2,120576750,1084.8,887.6,1102.5,649.1,1011.8,112,1,1011.7,5,2,1011.6,1781,7,1011.5,756,11,1011.4,984,9,1011.9,102,1,1012.1,419,5,1012.2,606,8,1012.3,1255,16,1012.4,1280,12
317,2025-11-26 14:24:15+05:30,1011.9,3,1001.93,7938298,411499.0,429502.0,986.2,1012.8,981.3,986.2,120576750,1084.8,887.6,1102.5,649.1,1011.8,105,1,1011.7,2,1,1011.6,284,6,1011.5,2096,11,1011.4,554,9,1011.9,443,2,1012.0,118,2,1012.1,755,8,1012.2,514,5,1012.3,1531,18
317,2025-11-26 14:24:15+05:30,1011.9,3,1001.93,7938298,411499.0,429502.0,986.2,1012.8,981.3,986.2,120576750,1084.8,887.6,1102.5,649.1,1011.8,105,1,1011.7,2,1,1011.6,284,6,1011.5,2096,11,1011.4,554,9,1011.9,443,2,1012.0,118,2,1012.1,755,8,1012.2,514,5,1012.3,1531,18
317,2025-11-26 14:24:16+05:30,1011.9,3,1001.93,7938400,411604.0,429462.0,986.2,1012.8,981.3,986.2,120576750,1084.8,887.6,1102.5,649.1,1011.8,105,1,1011.7,2,1,1011.6,67,3,1011.5,1984,11,1011.4,517,8,1011.9,446,2,1012.0,143,3,1012.1,512,8,1012.2,673,7,1012.3,1215,16
317,2025-11-26 14:24:16+05:30,1011.9,30,1001.93,7938400,411604.0,429462.0,986.2,1012.8,981.3,986.2,120576750,1084.8,887.6,1102.5,649.1,1011.8,105,1,1011.7,2,1,1011.6,67,3,1011.5,1984,11,1011.4,517,8,1011.9,446,2,1012.0,143,3,1012.1,512,8,1012.2,673,7,1012.3,1215,16
317,2025-11-26 14:24:17+05:30,1011.9,1,1001.93,7938431,411649.0,429141.0,986.2,1012.8,981.3,986.2,120576750,1084.8,887.6,1102.5,649.1,1011.8,121,2,1011.7,2,1,1011.6,67,3,1011.5,2013,12,1011.4,517,8,1011.9,415,2,1012.0,73,2,1012.1,386,8,1012.2,799,7,1012.3,1513,17
317,2025-11-26 14:24:17+05:30,1011.8,68,1001.93,7938431,411649.0,429141.0,986.2,1012.8,981.3,986.2,120576750,1084.8,887.6,1102.5,649.1,1011.8,121,2,1011.7,2,1,1011.6,67,3,1011.5,2013,12,1011.4,517,8,1011.9,415,2,1012.0,73,2,1012.1,386,8,1012.2,799,7,1012.3,1513,17
317,2025-11-26 14:24:18+05:30,1011.9,440,1001.93,7939749,411696.0,428088.0,986.2,1012.8,981.3,986.2,120576750,1084.8,887.6,1102.5,649.1,1011.8,59,4,1011.7,1788,7,1011.6,689,10,1011.5,314,9,1011.4,1018,9,1011.9,105,1,1012.0,73,2,1012.1,8,1,1012.2,528,4,1012.3,1157,12
317,2025-11-26 14:24:18+05:30,1011.8,10,1001.93,7939749,411696.0,428088.0,986.2,1012.8,981.3,986.2,120576750,1084.8,887.6,1102.5,649.1,1011.8,59,4,1011.7,1788,7,1011.6,689,10,1011.5,314,9,1011.4,1018,9,1011.9,105,1,1012.0,73,2,1012.1,8,1,1012.2,528,4,1012.3,1157,12
317,2025-11-26 14:24:19+05:30,1011.8,10,1001.93,7939809,411556.0,429018.0,986.2,1012.8,981.3,986.2,120576750,1084.8,887.6,1102.5,649.1,1011.7,31,2,1011.6,2018,9,1011.5,596,10,1011.4,544,9,1011.3,1062,9,1011.8,45,1,1012.0,143,3,1012.1,450,6,1012.2,588,5,1012.3,1455,13
317,2025-11-26 14:24:20+05:30,1011.8,1,1001.93,7939810,411890.0,429036.0,986.2,1012.8,981.3,986.2,120576750,1084.8,887.6,1102.5,649.1,1011.7,34,3,1011.6,388,7,1011.5,2236,13,1011.4,603,10,1011.3,1062,9,1011.8,53,3,1011.9,45,1,1012.0,244,4,1012.1,485,7,1012.2,588,5
317,2025-11-26 14:24:20+05:30,1011.8,1,1001.93,7939810,411890.0,429036.0,986.2,1012.8,981.3,986.2,120576750,1084.8,887.6,1102.5,649.1,1011.7,34,3,1011.6,388,7,1011.5,2236,13,1011.4,603,10,1011.3,1062,9,1011.8,53,3,1011.9,45,1,1012.0,244,4,1012.1,485,7,1012.2,588,5
317,2025-11-26 14:24:21+05:30,1011.8,1,1001.93,7939811,414024.0,428558.0,986.2,1012.8,981.3,986.2,120576750,1084.8,887.6,1102.5,649.1,1011.7,1578,6,1011.6,810,13,1011.5,461,9,1011.4,1129,11,1011.3,614,9,1011.8,52,3,1011.9,45,1,1012.0,25,1,1012.1,222,3,1012.2,381,4
317,2025-11-26 14:24:22+05:30,1011.8,4,1001.93,7939850,412153.0,428496.0,986.2,1012.8,981.3,986.2,120576750,1084.8,887.6,1102.5,649.1,1011.7,5,2,1011.6,1906,11,1011.5,680,10,1011.4,1129,11,1011.3,614,9,1011.8,44,3,1011.9,45,1,1012.0,25,1,1012.1,273,4,1012.2,485,5
317,2025-11-26 14:24:22+05:30,1011.8,4,1001.93,7939850,412153.0,428496.0,986.2,1012.8,981.3,986.2,120576750,1084.8,887.6,1102.5,649.1,1011.7,5,2,1011.6,1906,11,1011.5,680,10,1011.4,1129,11,1011.3,614,9,1011.8,44,3,1011.9,45,1,1012.0,25,1,1012.1,273,4,1012.2,485,5
317,2025-11-26 14:24:23+05:30,1011.7,14,1001.93,7940198,413167.0,428507.0,986.2,1012.8,981.3,986.2,120576750,1084.8,887.6,1102.5,649.1,1011.6,1870,10,1011.5,266,6,1011.4,709,9,1011.3,1281,11,1011.2,972,16,1011.7,33,2,1011.8,9,2,1011.9,45,1,1012.0,159,2,1012.1,547,5
317,2025-11-26 14:24:23+05:30,1011.7,76,1001.93,7940198,413167.0,428507.0,986.2,1012.8,981.3,986.2,120576750,1084.8,887.6,1102.5,649.1,1011.6,1870,10,1011.5,266,6,1011.4,709,9,1011.3,1281,11,1011.2,972,16,1011.7,33,2,1011.8,9,2,1011.9,45,1,1012.0,159,2,1012.1,547,5
317,2025-11-26 14:24:24+05:30,1011.7,3,1001.93,7940198,413167.0,428507.0,986.2,1012.8,981.3,986.2,120576750,1084.8,887.6,1102.5,649.1,1011.6,1870,10,1011.5,266,6,1011.4,709,9,1011.3,1281,11,1011.2,972,16,1011.7,33,2,1011.8,9,2,1011.9,45,1,1012.0,159,2,1012.1,547,5
317,2025-11-26 14:24:24+05:30,1011.7,3,1001.93,7941031,415170.0,427263.0,986.2,1012.8,981.3,986.2,120576750,1084.8,887.6,1102.5,649.1,1011.7,1886,12,1011.6,736,12,1011.5,433,9,1011.4,446,7,1011.3,1173,12,1011.8,9,2,1011.9,45,1,1012.0,25,1,1012.1,368,3,1012.2,309,3
317,2025-11-26 14:24:25+05:30,1011.9,2,1001.93,7941031,415170.0,427263.0,986.2,1012.8,981.3,986.2,120576750,1084.8,887.6,1102.5,649.1,1011.7,1886,12,1011.6,736,12,1011.5,433,9,1011.4,446,7,1011.3,1173,12,1011.8,9,2,1011.9,45,1,1012.0,25,1,1012.1,368,3,1012.2,309,3
317,2025-11-26 14:24:26+05:30,1011.9,2,1001.93,7941068,413212.0,427441.0,986.2,1012.8,981.3,986.2,120576750,1084.8,887.6,1102.5,649.1,1011.8,42,2,1011.7,2025,13,1011.6,714,13,1011.5,457,10,1011.4,899,7,1011.9,17,1,1012.0,25,1,1012.1,314,3,1012.2,339,4,1012.3,1177,12
317,2025-11-26 14:24:26+05:30,1011.9,2,1001.93,7941068,413212.0,427441.0,986.2,1012.8,981.3,986.2,120576750,1084.8,887.6,1102.5,649.1,1011.8,42,2,1011.7,2025,13,1011.6,714,13,1011.5,457,10,1011.4,899,7,1011.9,17,1,1012.0,25,1,1012.1,314,3,1012.2,339,4,1012.3,1177,12
317,2025-11-26 14:24:27+05:30,1011.9,2,1001.93,7941070,413154.0,427357.0,986.2,1012.8,981.3,986.2,120576750,1084.8,887.6,1102.5,649.1,1011.8,50,2,1011.7,2027,12,1011.6,737,14,1011.5,457,10,1011.4,926,7,1011.9,15,1,1012.0,25,1,1012.1,314,3,1012.2,335,4,1012.3,1261,18
317,2025-11-26 14:24:27+05:30,1012.0,2,1001.93,7941070,413154.0,427357.0,986.2,1012.8,981.3,986.2,120576750,1084.8,887.6,1102.5,649.1,1011.8,50,2,1011.7,2027,12,1011.6,737,14,1011.5,457,10,1011.4,926,7,1011.9,15,1,1012.0,25,1,1012.1,314,3,1012.2,335,4,1012.3,1261,18
317,2025-11-26 14:24:28+05:30,1012.0,2,1001.93,7941263,412316.0,427263.0,986.2,1012.8,981.3,986.2,120576750,1084.8,887.6,1102.5,649.1,1011.9,29,1,1011.8,80,3,1011.7,1586,10,1011.6,890,15,1011.5,594,10,1012.0,23,1,1012.1,51,1,1012.2,262,3,1012.3,1206,16,1012.4,1011,12
317,2025-11-26 14:24:29+05:30,1012.0,2,1001.93,7941263,412321.0,427528.0,986.2,1012.8,981.3,986.2,120576750,1084.8,887.6,1102.5,649.1,1011.9,34,2,1011.8,80,3,1011.7,1586,10,1011.6,890,15,1011.5,594,10,1012.0,23,1,1012.1,51,1,1012.2,262,3,1012.3,1219,17,1012.4,998,11
317,2025-11-26 14:24:30+05:30,1012.0,1,1001.93,7941264,412179.0,427899.0,986.2,1012.8,981.3,986.2,120576750,1084.8,887.6,1102.5,649.1,1011.9,34,2,1011.8,80,3,1011.7,1586,10,1011.6,890,15,1011.5,594,10,1012.0,22,1,1012.1,51,1,1012.2,262,3,1012.3,1232,18,1012.4,985,10
317,2025-11-26 14:24:30+05:30,1012.1,1,1001.93,7941264,412179.0,427899.0,986.2,1012.8,981.3,986.2,120576750,1084.8,887.6,1102.5,649.1,1011.9,34,2,1011.8,80,3,1011.7,1586,10,1011.6,890,15,1011.5,594,10,1012.0,22,1,1012.1,51,1,1012.2,262,3,1012.3,1232,18,1012.4,985,10
317,2025-11-26 14:24:30+05:30,1012.1,1,1001.93,7941297,414187.0,427429.0,986.2,1012.8,981.3,986.2,120576750,1084.8,887.6,1102.5,649.1,1012.0,52,2,1011.9,48,4,1011.8,1497,7,1011.7,705,12,1011.6,750,14,1012.1,50,1,1012.2,182,2,1012.3,868,9,1012.4,793,15,1012.5,2103,26
317,2025-11-26 14:24:31+05:30,1012.0,5,1001.93,7941297,414187.0,427429.0,986.2,1012.8,981.3,986.2,120576750,1084.8,887.6,1102.5,649.1,1012.0,52,2,1011.9,48,4,1011.8,1497,7,1011.7,705,12,1011.6,750,14,1012.1,50,1,1012.2,182,2,1012.3,868,9,1012.4,793,15,1012.5,2103,26
317,2025-11-26 14:24:31+05:30,1012.0,5,1001.93,7941302,414177.0,427452.0,986.2,1012.8,981.3,986.2,120576750,1084.8,887.6,1102.5,649.1,1012.0,47,2,1011.9,48,4,1011.8,1497,7,1011.7,705,12,1011.6,750,14,1012.1,51,2,1012.2,182,2,1012.3,868,9,1012.4,926,16,1012.5,1969,25
317,2025-11-26 14:24:32+05:30,1012.0,6,1001.93,7941302,414177.0,427452.0,986.2,1012.8,981.3,986.2,120576750,1084.8,887.6,1102.5,649.1,1012.0,47,2,1011.9,48,4,1011.8,1497,7,1011.7,705,12,1011.6,750,14,1012.1,51,2,1012.2,182,2,1012.3,868,9,1012.4,926,16,1012.5,1969,25
317,2025-11-26 14:24:32+05:30,1012.0,6,1001.93,7941427,414580.0,426375.0,986.2,1012.8,981.3,986.2,120576750,1084.8,887.6,1102.5,649.1,1012.0,47,2,1011.9,1344,5,1011.8,391,6,1011.7,574,11,1011.6,784,15,1012.1,19,2,1012.2,48,1,1012.3,774,6,1012.4,686,15,1012.5,1903,25
317,2025-11-26 14:24:33+05:30,1012.0,40,1001.93,7941427,414580.0,426375.0,986.2,1012.8,981.3,986.2,120576750,1084.8,887.6,1102.5,649.1,1012.0,47,2,1011.9,1344,5,1011.8,391,6,1011.7,574,11,1011.6,784,15,1012.1,19,2,1012.2,48,1,1012.3,774,6,1012.4,686,15,1012.5,1903,25
317,2025-11-26 14:24:33+05:30,1012.0,40,1001.93,7941674,414776.0,426552.0,986.2,1012.8,981.3,986.2,120576750,1084.8,887.6,1102.5,649.1,1011.9,1349,6,1011.8,257,5,1011.7,676,11,1011.6,700,14,1011.5,932,11,1012.0,30,1,1012.1,27,2,1012.2,128,2,1012.3,845,7,1012.4,957,15
317,2025-11-26 14:24:34+05:30,1012.0,34,1001.93,7941922,413919.0,426622.0,986.2,1012.8,981.3,986.2,120576750,1084.8,887.6,1102.5,649.1,1012.0,78,1,1011.9,1395,7,1011.8,209,4,1011.7,653,10,1011.6,700,14,1012.1,73,3,1012.2,70,1,1012.3,835,7,1012.4,1048,16,1012.5,1698,25
317,2025-11-26 14:24:34+05:30,1012.0,34,1001.93,7941922,413919.0,426622.0,986.2,1012.8,981.3,986.2,120576750,1084.8,887.6,1102.5,649.1,1012.0,78,1,1011.9,1395,7,1011.8,209,4,1011.7,653,10,1011.6,700,14,1012.1,73,3,1012.2,70,1,1012.3,835,7,1012.4,1048,16,1012.5,1698,25
317,2025-11-26 14:24:35+05:30,1012.1,1,1001.93,7941922,413919.0,426622.0,986.2,1012.8,981.3,986.2,120576750,1084.8,887.6,1102.5,649.1,1012.0,78,1,1011.9,1395,7,1011.8,209,4,1011.7,653,10,1011.6,700,14,1012.1,73,3,1012.2,70,1,1012.3,835,7,1012.4,1048,16,1012.5,1698,25
317,2025-11-26 14:24:35+05:30,1012.1,1,1001.93,7941923,413871.0,426622.0,986.2,1012.8,981.3,986.2,120576750,1084.8,887.6,1102.5,649.1,1012.0,79,2,1011.9,1390,6,1011.8,338,5,1011.7,524,9,1011.6,705,15,1012.1,72,3,1012.2,70,1,1012.3,835,7,1012.4,750,15,1012.5,1997,27
317,2025-11-26 14:24:36+05:30,1012.1,2,1001.93,7941923,413871.0,426622.0,986.2,1012.8,981.3,986.2,120576750,1084.8,887.6,1102.5,649.1,1012.0,79,2,1011.9,1390,6,1011.8,338,5,1011.7,524,9,1011.6,705,15,1012.1,72,3,1012.2,70,1,1012.3,835,7,1012.4,750,15,1012.5,1997,27
317,2025-11-26 14:24:36+05:30,1012.0,5,1001.93,7941930,414274.0,426924.0,986.2,1012.8,981.3,986.2,120576750,1084.8,887.6,1102.5,649.1,1012.0,102,2,1011.9,1462,8,1011.8,556,8,1011.7,545,10,1011.6,700,14,1012.1,70,3,1012.3,694,5,1012.4,1073,16,1012.5,1997,27,1012.6,1528,19
317,2025-11-26 14:24:37+05:30,1012.0,5,1001.93,7941930,414274.0,426924.0,986.2,1012.8,981.3,986.2,120576750,1084.8,887.6,1102.5,649.1,1012.0,102,2,1011.9,1462,8,1011.8,556,8,1011.7,545,10,1011.6,700,14,1012.1,70,3,1012.3,694,5,1012.4,1073,16,1012.5,1997,27,1012.6,1528,19
317,2025-11-26 14:24:37+05:30,1012.0,5,1001.93,7941930,414274.0,426924.0,986.2,1012.8,981.3,986.2,120576750,1084.8,887.6,1102.5,649.1,1012.0,102,2,1011.9,1462,8,1011.8,556,8,1011.7,545,10,1011.6,700,14,1012.1,70,3,1012.3,694,5,1012.4,1073,16,1012.5,1997,27,1012.6,1528,19
317,2025-11-26 14:24:38+05:30,1012.0,5,1001.93,7941930,414219.0,426590.0,986.2,1012.8,981.3,986.2,120576750,1084.8,887.6,1102.5,649.1,1012.0,152,3,1011.9,1462,8,1011.8,556,8,1011.7,545,10,1011.6,700,14,1012.1,70,3,1012.3,694,5,1012.4,760,15,1012.5,1997,27,1012.6,1528,19
317,2025-11-26 14:24:39+05:30,1012.0,5,1001.93,7941930,414190.0,426664.0,986.2,1012.8,981.3,986.2,120576750,1084.8,887.6,1102.5,649.1,1012.0,153,4,1011.9,1461,7,1011.8,556,8,1011.7,545,10,1011.6,700,14,1012.1,70,3,1012.3,694,5,1012.4,837,16,1012.5,1997,27,1012.6,1528,19
317,2025-11-26 14:24:40+05:30,1012.1,2,1001.93,7941934,414457.0,426590.0,986.2,1012.8,981.3,986.2,120576750,1084.8,887.6,1102.5,649.1,1012.0,153,4,1011.9,1394,6,1011.8,660,9,1011.7,524,9,1011.6,700,14,1012.1,66,3,1012.2,39,1,1012.3,694,5,1012.4,760,15,1012.5,1997,27
317,2025-11-26 14:24:40+05:30,1012.1,2,1001.93,7941934,414457.0,426590.0,986.2,1012.8,981.3,986.2,120576750,1084.8,887.6,1102.5,649.1,1012.0,153,4,1011.9,1394,6,1011.8,660,9,1011.7,524,9,1011.6,700,14,1012.1,66,3,1012.2,39,1,1012.3,694,5,1012.4,760,15,1012.5,1997,27
317,2025-11-26 14:24:41+05:30,1012.0,5,1001.93,7941934,414457.0,426590.0,986.2,1012.8,981.3,986.2,120576750,1084.8,887.6,1102.5,649.1,1012.0,153,4,1011.9,1394,6,1011.8,660,9,1011.7,524,9,1011.6,700,14,1012.1,66,3,1012.2,39,1,1012.3,694,5,1012.4,760,15,1012.5,1997,27
317,2025-11-26 14:24:41+05:30,1012.0,5,1001.93,7941945,413920.0,426892.0,986.2,1012.8,981.3,986.2,120576750,1084.8,887.6,1102.5,649.1,1012.0,142,4,1011.9,1394,6,1011.8,470,7,1011.7,648,10,1011.6,700,14,1012.1,115,3,1012.2,39,1,1012.3,926,6,1012.4,760,15,1012.5,1997,27
317,2025-11-26 14:24:42+05:30,1012.3,5,1001.93,7941945,413920.0,426892.0,986.2,1012.8,981.3,986.2,120576750,1084.8,887.6,1102.5,649.1,1012.0,142,4,1011.9,1394,6,1011.8,470,7,1011.7,648,10,1011.6,700,14,1012.1,115,3,1012.2,39,1,1012.3,926,6,1012.4,760,15,1012.5,1997,27
317,2025-11-26 14:24:42+05:30,1012.3,5,1001.93,7942704,413645.0,426018.0,986.2,1012.8,981.3,986.2,120576750,1084.8,887.6,1102.5,649.1,1012.0,113,3,1011.9,1399,7,1011.8,541,8,1011.7,647,10,1011.6,489,12,1012.3,582,5,1012.4,825,15,1012.5,2145,30,1012.6,1528,19,1012.7,2191,12
317,2025-11-26 14:24:43+05:30,1012.0,2,1001.93,7942903,416141.0,425698.0,986.2,1012.8,981.3,986.2,120576750,1084.8,887.6,1102.5,649.1,1011.9,1370,6,1011.8,260,5,1011.7,657,10,1011.6,811,14,1011.5,557,12,1012.0,18,1,1012.2,201,1,1012.3,676,6,1012.4,1039,15,1012.5,1839,28
317,2025-11-26 14:24:43+05:30,1012.0,2,1001.93,7942903,416141.0,425698.0,986.2,1012.8,981.3,986.2,120576750,1084.8,887.6,1102.5,649.1,1011.9,1370,6,1011.8,260,5,1011.7,657,10,1011.6,811,14,1011.5,557,12,1012.0,18,1,1012.2,201,1,1012.3,676,6,1012.4,1039,15,1012.5,1839,28
317,2025-11-26 14:24:44+05:30,1012.2,2,1001.93,7942903,416141.0,425698.0,986.2,1012.8,981.3,986.2,120576750,1084.8,887.6,1102.5,649.1,1011.9,1370,6,1011.8,260,5,1011.7,657,10,1011.6,811,14,1011.5,557,12,1012.0,18,1,1012.2,201,1,1012.3,676,6,1012.4,1039,15,1012.5,1839,28
317,2025-11-26 14:24:44+05:30,1012.2,2,1001.93,7943103,414727.0,425431.0,986.2,1012.8,981.3,986.2,120576750,1084.8,887.6,1102.5,649.1,1012.0,55,2,1011.9,1383,7,1011.8,492,7,1011.7,534,9,1011.6,665,12,1012.2,198,1,1012.3,676,6,1012.4,758,14,1012.5,2022,29,1012.6,1651,20
317,2025-11-26 14:24:45+05:30,1012.2,1,1001.93,7943103,414727.0,425431.0,986.2,1012.8,981.3,986.2,120576750,1084.8,887.6,1102.5,649.1,1012.0,55,2,1011.9,1383,7,1011.8,492,7,1011.7,534,9,1011.6,665,12,1012.2,198,1,1012.3,676,6,1012.4,758,14,1012.5,2022,29,1012.6,1651,20
317,2025-11-26 14:24:45+05:30,1012.2,1,1001.93,7943107,414779.0,425467.0,986.2,1012.8,981.3,986.2,120576750,1084.8,887.6,1102.5,649.1,1012.0,58,3,1011.9,1383,7,1011.8,492,7,1011.7,530,8,1011.6,665,12,1012.2,195,1,1012.3,676,6,1012.4,635,13,1012.5,2145,30,1012.6,1651,20
317,2025-11-26 14:24:46+05:30,1012.2,1,1001.93,7943107,414731.0,425514.0,986.2,1012.8,981.3,986.2,120576750,1084.8,887.6,1102.5,649.1,1012.0,58,3,1011.9,1383,7,1011.8,369,6,1011.7,653,9,1011.6,665,12,1012.2,242,3,1012.3,676,6,1012.4,1204,17,1012.5,1724,28,1012.6,1528,19
317,2025-11-26 14:24:47+05:30,1011.9,163,1001.93,7943357,414433.0,425552.0,986.2,1012.8,981.3,986.2,120576750,1084.8,887.6,1102.5,649.1,1012.0,13,1,1011.9,1235,7,1011.8,578,8,1011.7,462,7,1011.6,734,13,1012.2,242,3,1012.3,676,6,1012.4,933,14,1012.5,1969,30,1012.6,1528,19
317,2025-11-26 14:24:47+05:30,1011.9,163,1001.93,7943357,414433.0,425552.0,986.2,1012.8,981.3,986.2,120576750,1084.8,887.6,1102.5,649.1,1012.0,13,1,1011.9,1235,7,1011.8,578,8,1011.7,462,7,1011.6,734,13,1012.2,242,3,1012.3,676,6,1012.4,933,14,1012.5,1969,30,1012.6,1528,19
317,2025-11-26 14:24:48+05:30,1012.0,1,1001.93,7943371,415786.0,426342.0,986.2,1012.8,981.3,986.2,120576750,1084.8,887.6,1102.5,649.1,1011.9,1235,7,1011.8,435,7,1011.7,457,6,1011.6,703,13,1011.5,576,13,1012.0,11,1,1012.2,196,2,1012.3,536,4,1012.4,1046,15,1012.5,1732,29
317,2025-11-26 14:24:48+05:30,1012.0,1,1001.93,7943371,415786.0,426342.0,986.2,1012.8,981.3,986.2,120576750,1084.8,887.6,1102.5,649.1,1011.9,1235,7,1011.8,435,7,1011.7,457,6,1011.6,703,13,1011.5,576,13,1012.0,11,1,1012.2,196,2,1012.3,536,4,1012.4,1046,15,1012.5,1732,29
317,2025-11-26 14:24:49+05:30,1012.0,1,1001.93,7943371,415814.0,426356.0,986.2,1012.8,981.3,986.2,120576750,1084.8,887.6,1102.5,649.1,1011.9,1235,7,1011.8,435,7,1011.7,457,6,1011.6,703,13,1011.5,576,13,1012.0,11,1,1012.2,196,2,1012.3,613,5,1012.4,1046,15,1012.5,1732,29
317,2025-11-26 14:24:50+05:30,1012.0,1,1001.93,7943386,415731.0,426659.0,986.2,1012.8,981.3,986.2,120576750,1084.8,887.6,1102.5,649.1,1011.9,1227,7,1011.8,191,5,1011.7,697,8,1011.6,703,13,1011.5,474,12,1012.0,9,2,1012.2,248,3,1012.3,689,6,1012.4,1046,15,1012.5,1740,30
317,2025-11-26 14:24:50+05:30,1012.0,1,1001.93,7943386,415731.0,426659.0,986.2,1012.8,981.3,986.2,120576750,1084.8,887.6,1102.5,649.1,1011.9,1227,7,1011.8,191,5,1011.7,697,8,1011.6,703,13,1011.5,474,12,1012.0,9,2,1012.2,248,3,1012.3,689,6,1012.4,1046,15,1012.5,1740,30
317,2025-11-26 14:24:51+05:30,1012.0,1,1001.93,7943386,415649.0,426641.0,986.2,1012.8,981.3,986.2,120576750,1084.8,887.6,1102.5,649.1,1011.9,1227,7,1011.8,310,6,1011.7,577,7,1011.6,703,13,1011.5,967,13,1012.0,9,2,1012.2,196,2,1012.3,719,7,1012.4,1046,15,1012.5,1740,30
317,2025-11-26 14:24:52+05:30,1012.0,4,1001.93,7943394,415035.0,426610.0,986.2,1012.8,981.3,986.2,120576750,1084.8,887.6,1102.5,649.1,1011.9,1223,7,1011.8,253,6,1011.7,696,8,1011.6,703,13,1011.5,474,12,1012.0,5,1,1012.2,227,3,1012.3,689,6,1012.4,1046,15,1012.5,1740,30
317,2025-11-26 14:24:52+05:30,1012.0,5,1001.93,7943394,415035.0,426610.0,986.2,1012.8,981.3,986.2,120576750,1084.8,887.6,1102.5,649.1,1011.9,1223,7,1011.8,253,6,1011.7,696,8,1011.6,703,13,1011.5,474,12,1012.0,5,1,1012.2,227,3,1012.3,689,6,1012.4,1046,15,1012.5,1740,30
317,2025-11-26 14:24:53+05:30,1011.9,131,1001.93,7943558,414534.0,427022.0,986.2,1012.8,981.3,986.2,120576750,1084.8,887.6,1102.5,649.1,1011.9,1054,5,1011.8,48,3,1011.7,326,4,1011.6,809,12,1011.5,474,12,1012.0,9,2,1012.1,45,1,1012.2,497,6,1012.3,748,7,1012.4,1072,17
317,2025-11-26 14:24:53+05:30,1011.9,131,1001.93,7943558,414534.0,427022.0,986.2,1012.8,981.3,986.2,120576750,1084.8,887.6,1102.5,649.1,1011.9,1054,5,1011.8,48,3,1011.7,326,4,1011.6,809,12,1011.5,474,12,1012.0,9,2,1012.1,45,1,1012.2,497,6,1012.3,748,7,1012.4,1072,17
317,2025-11-26 14:24:54+05:30,1011.9,1,1001.93,7943559,414725.0,427589.0,986.2,1012.8,981.3,986.2,120576750,1084.8,887.6,1102.5,649.1,1011.9,1053,5,1011.8,18,2,1011.7,443,5,1011.6,691,11,1011.5,474,12,1012.0,9,2,1012.1,45,1,1012.2,357,4,1012.3,672,6,1012.4,1048,11
317,2025-11-26 14:24:54+05:30,1012.0,40,1001.93,7943559,414725.0,427589.0,986.2,1012.8,981.3,986.2,120576750,1084.8,887.6,1102.5,649.1,1011.9,1053,5,1011.8,18,2,1011.7,443,5,1011.6,691,11,1011.5,474,12,1012.0,9,2,1012.1,45,1,1012.2,357,4,1012.3,672,6,1012.4,1048,11
317,2025-11-26 14:24:55+05:30,1012.2,12,1001.94,7945397,412697.0,426646.0,986.2,1012.8,981.3,986.2,120576750,1084.8,887.6,1102.5,649.1,1012.1,2,2,1012.0,28,1,1011.9,146,5,1011.8,314,2,1011.7,193,4,1012.2,297,5,1012.3,742,7,1012.4,1058,17,1012.5,1553,27,1012.6,1528,19
317,2025-11-26 14:24:55+05:30,1012.2,3,1001.94,7945397,412697.0,426646.0,986.2,1012.8,981.3,986.2,120576750,1084.8,887.6,1102.5,649.1,1012.1,2,2,1012.0,28,1,1011.9,146,5,1011.8,314,2,1011.7,193,4,1012.2,297,5,1012.3,742,7,1012.4,1058,17,1012.5,1553,27,1012.6,1528,19
317,2025-11-26 14:24:56+05:30,1012.1,5,1001.94,7945530,413859.0,426277.0,986.2,1012.8,981.3,986.2,120576750,1084.8,887.6,1102.5,649.1,1012.1,11,1,1012.0,30,3,1011.9,896,6,1011.8,112,1,1011.7,512,8,1012.2,1,1,1012.3,902,8,1012.4,830,17,1012.5,1892,27,1012.6,1535,20
317,2025-11-26 14:24:56+05:30,1012.1,5,1001.94,7945530,413859.0,426277.0,986.2,1012.8,981.3,986.2,120576750,1084.8,887.6,1102.5,649.1,1012.1,11,1,1012.0,30,3,1011.9,896,6,1011.8,112,1,1011.7,512,8,1012.2,1,1,1012.3,902,8,1012.4,830,17,1012.5,1892,27,1012.6,1535,20
317,2025-11-26 14:24:57+05:30,1012.1,10,1001.94,7945565,413938.0,426323.0,986.2,1012.8,981.3,986.2,120576750,1084.8,887.6,1102.5,649.1,1012.1,6,1,1012.0,31,4,1011.9,896,6,1011.8,121,2,1011.7,502,6,1012.2,1,1,1012.3,897,7,1012.4,766,13,1012.5,1973,32,1012.6,1542,22
317,2025-11-26 14:24:57+05:30,1012.1,10,1001.94,7945565,413938.0,426323.0,986.2,1012.8,981.3,986.2,120576750,1084.8,887.6,1102.5,649.1,1012.1,6,1,1012.0,31,4,1011.9,896,6,1011.8,121,2,1011.7,502,6,1012.2,1,1,1012.3,897,7,1012.4,766,13,1012.5,1973,32,1012.6,1542,22
317,2025-11-26 14:24:58+05:30,1012.1,10,1001.94,7945565,413911.0,426336.0,986.2,1012.8,981.3,986.2,120576750,1084.8,887.6,1102.5,649.1,1012.1,10,2,1012.0,31,4,1011.9,896,6,1011.8,121,2,1011.7,502,6,1012.2,1,1,1012.3,897,7,1012.4,650,12,1012.5,2088,33,1012.6,1542,22
317,2025-11-26 14:24:59+05:30,1012.1,10,1001.94,7945565,413798.0,426282.0,986.2,1012.8,981.3,986.2,120576750,1084.8,887.6,1102.5,649.1,1012.1,10,2,1012.0,31,4,1011.9,965,8,1011.8,208,4,1011.7,559,7,1012.2,1,1,1012.3,781,5,1012.4,539,8,1012.5,2059,34,1012.6,1542,22
317,2025-11-26 14:25:00+05:30,1012.3,1,1001.94,7945576,413017.0,426435.0,986.2,1012.8,981.3,986.2,120576750,1084.8,887.6,1102.5,649.1,1012.1,23,4,1012.0,31,4,1011.9,901,7,1011.8,181,3,1011.7,559,7,1012.3,642,5,1012.4,670,9,1012.5,2272,38,1012.6,1542,22,1012.7,2191,12
317,2025-11-26 14:25:00+05:30,1012.3,1,1001.94,7945576,413017.0,426435.0,986.2,1012.8,981.3,986.2,120576750,1084.8,887.6,1102.5,649.1,1012.1,23,4,1012.0,31,4,1011.9,901,7,1011.8,181,3,1011.7,559,7,1012.3,642,5,1012.4,670,9,1012.5,2272,38,1012.6,1542,22,1012.7,2191,12
317,2025-11-26 14:25:01+05:30,1012.3,1,1001.94,7945576,415500.0,425888.0,986.2,1012.8,981.3,986.2,120576750,1084.8,887.6,1102.5,649.1,1012.1,825,7,1012.0,223,7,1011.9,309,8,1011.8,687,7,1011.7,982,10,1012.3,397,3,1012.4,456,7,1012.5,1612,28,1012.6,1938,29,1012.7,2555,15
317,2025-11-26 14:25:02+05:30,1012.3,4,1001.94,7945610,415529.0,426139.0,986.2,1012.8,981.3,986.2,120576750,1084.8,887.6,1102.5,649.1,1012.1,823,6,1012.0,223,7,1011.9,309,8,1011.8,687,7,1011.7,1013,11,1012.3,366,3,1012.4,456,7,1012.5,1612,28,1012.6,1938,29,1012.7,2555,15
317,2025-11-26 14:25:02+05:30,1012.3,4,1001.94,7945610,415529.0,426139.0,986.2,1012.8,981.3,986.2,120576750,1084.8,887.6,1102.5,649.1,1012.1,823,6,1012.0,223,7,1011.9,309,8,1011.8,687,7,1011.7,1013,11,1012.3,366,3,1012.4,456,7,1012.5,1612,28,1012.6,1938,29,1012.7,2555,15
317,2025-11-26 14:25:03+05:30,1012.1,5,1001.94,7945616,417023.0,426590.0,986.2,1012.8,981.3,986.2,120576750,1084.8,887.6,1102.5,649.1,1012.1,818,6,1012.0,108,6,1011.9,400,8,1011.8,507,7,1011.7,1216,12,1012.2,44,1,1012.3,366,4,1012.4,756,8,1012.5,1910,29,1012.6,1640,28
317,2025-11-26 14:25:03+05:30,1012.1,5,1001.94,7945616,417023.0,426590.0,986.2,1012.8,981.3,986.2,120576750,1084.8,887.6,1102.5,649.1,1012.1,818,6,1012.0,108,6,1011.9,400,8,1011.8,507,7,1011.7,1216,12,1012.2,44,1,1012.3,366,4,1012.4,756,8,1012.5,1910,29,1012.6,1640,28
317,2025-11-26 14:25:04+05:30,1012.2,214,1001.94,7945830,417093.0,426334.0,986.2,1012.8,981.3,986.2,120576750,1084.8,887.6,1102.5,649.1,1012.1,818,6,1012.0,108,6,1011.9,568,11,1011.8,570,8,1011.7,1322,17,1012.2,44,1,1012.3,366,4,1012.4,756,8,1012.5,1910,29,1012.6,1640,28
317,2025-11-26 14:25:04+05:30,1012.2,214,1001.94,7945830,417093.0,426334.0,986.2,1012.8,981.3,986.2,120576750,1084.8,887.6,1102.5,649.1,1012.1,818,6,1012.0,108,6,1011.9,568,11,1011.8,570,8,1011.7,1322,17,1012.2,44,1,1012.3,366,4,1012.4,756,8,1012.5,1910,29,1012.6,1640,28
317,2025-11-26 14:25:05+05:30,1012.2,1,1001.94,7945840,417064.0,425977.0,986.2,1012.8,981.3,986.2,120576750,1084.8,887.6,1102.5,649.1,1012.1,854,9,1012.0,222,7,1011.9,580,10,1011.8,561,7,1011.7,784,15,1012.2,40,1,1012.3,366,4,1012.4,542,5,1012.5,1910,29,1012.6,1640,28
317,2025-11-26 14:25:05+05:30,1012.1,1,1001.94,7945840,417064.0,425977.0,986.2,1012.8,981.3,986.2,120576750,1084.8,887.6,1102.5,649.1,1012.1,854,9,1012.0,222,7,1011.9,580,10,1011.8,561,7,1011.7,784,15,1012.2,40,1,1012.3,366,4,1012.4,542,5,1012.5,1910,29,1012.6,1640,28
317,2025-11-26 14:25:06+05:30,1012.1,4,1001.94,7946671,416934.0,425407.0,986.2,1012.8,981.3,986.2,120576750,1084.8,887.6,1102.5,649.1,1012.1,857,7,1012.0,76,4,1011.9,668,10,1011.8,572,8,1011.7,991,10,1012.2,1,1,1012.3,5,1,1012.4,3,1,1012.5,1710,28,1012.6,1451,20
317,2025-11-26 14:25:06+05:30,1012.1,4,1001.94,7946671,416934.0,425407.0,986.2,1012.8,981.3,986.2,120576750,1084.8,887.6,1102.5,649.1,1012.1,857,7,1012.0,76,4,1011.9,668,10,1011.8,572,8,1011.7,991,10,1012.2,1,1,1012.3,5,1,1012.4,3,1,1012.5,1710,28,1012.6,1451,20
317,2025-11-26 14:25:07+05:30,1012.4,27,1001.94,7946714,414824.0,424624.0,986.2,1012.8,981.3,986.2,120576750,1084.8,887.6,1102.5,649.1,1012.1,998,9,1012.0,251,7,1011.9,566,9,1011.8,562,8,1011.7,1114,12,1012.5,1378,27,1012.6,1415,17,1012.7,2834,23,1012.8,1616,20,1012.9,1947,24
317,2025-11-26 14:25:07+05:30,1012.4,27,1001.94,7946714,414824.0,424624.0,986.2,1012.8,981.3,986.2,120576750,1084.8,887.6,1102.5,649.1,1012.1,998,9,1012.0,251,7,1011.9,566,9,1011.8,562,8,1011.7,1114,12,1012.5,1378,27,1012.6,1415,17,1012.7,2834,23,1012.8,1616,20,1012.9,1947,24
317,2025-11-26 14:25:08+05:30,1012.4,27,1001.94,7946714,414914.0,424325.0,986.2,1012.8,981.3,986.2,120576750,1084.8,887.6,1102.5,649.1,1012.1,857,7,1012.0,343,8,1011.9,680,10,1011.8,563,9,1011.7,1114,12,1012.5,1378,27,1012.6,1542,19,1012.7,2715,22,1012.8,1616,20,1012.9,1947,24
317,2025-11-26 14:25:08+05:30,1012.1,20,1001.94,7946714,414914.0,424325.0,986.2,1012.8,981.3,986.2,120576750,1084.8,887.6,1102.5,649.1,1012.1,857,7,1012.0,343,8,1011.9,680,10,1011.8,563,9,1011.7,1114,12,1012.5,1378,27,1012.6,1542,19,1012.7,2715,22,1012.8,1616,20,1012.9,1947,24
317,2025-11-26 14:25:09+05:30,1012.1,20,1001.94,7946734,415688.0,425362.0,986.2,1012.8,981.3,986.2,120576750,1084.8,887.6,1102.5,649.1,1012.3,1,1,1012.2,5,1,1012.1,836,6,1012.0,225,6,1011.9,611,8,1012.4,27,1,1012.5,1539,28,1012.6,1746,20,1012.7,2544,22,1012.8,1616,20
317,2025-11-26 14:25:10+05:30,1012.4,2,1001.94,7946737,415517.0,425360.0,986.2,1012.8,981.3,986.2,120576750,1084.8,887.6,1102.5,649.1,1012.3,1,1,1012.2,5,1,1012.1,836,6,1012.0,225,6,1011.9,497,7,1012.4,24,1,1012.5,1540,29,1012.6,1746,20,1012.7,2544,22,1012.8,1616,20
317,2025-11-26 14:25:10+05:30,1012.4,2,1001.94,7946737,415517.0,425360.0,986.2,1012.8,981.3,986.2,120576750,1084.8,887.6,1102.5,649.1,1012.3,1,1,1012.2,5,1,1012.1,836,6,1012.0,225,6,1011.9,497,7,1012.4,24,1,1012.5,1540,29,1012.6,1746,20,1012.7,2544,22,1012.8,1616,20
317,2025-11-26 14:25:11+05:30,1012.4,1,1001.94,7946738,415610.0,425361.0,986.2,1012.8,981.3,986.2,120576750,1084.8,887.6,1102.5,649.1,1012.3,2,2,1012.2,76,3,1012.1,836,6,1012.0,224,5,1011.9,497,7,1012.4,23,1,1012.5,1540,29,1012.6,1746,20,1012.7,2402,20,1012.8,1731,21
317,2025-11-26 14:25:11+05:30,1012.4,1,1001.94,7946738,415610.0,425361.0,986.2,1012.8,981.3,986.2,120576750,1084.8,887.6,1102.5,649.1,1012.3,2,2,1012.2,76,3,1012.1,836,6,1012.0,224,5,1011.9,497,7,1012.4,23,1,1012.5,1540,29,1012.6,1746,20,1012.7,2402,20,1012.8,1731,21
317,2025-11-26 14:25:12+05:30,1012.4,6,1001.94,7946748,415610.0,425361.0,986.2,1012.8,981.3,986.2,120576750,1084.8,887.6,1102.5,649.1,1012.3,2,2,1012.2,76,3,1012.1,836,6,1012.0,224,5,1011.9,497,7,1012.4,21,2,1012.5,1540,29,1012.6,1748,20,1012.7,2402,20,1012.8,1731,21
317,2025-11-26 14:25:12+05:30,1012.4,6,1001.94,7946748,415610.0,425361.0,986.2,1012.8,981.3,986.2,120576750,1084.8,887.6,1102.5,649.1,1012.3,2,2,1012.2,76,3,1012.1,836,6,1012.0,224,5,1011.9,497,7,1012.4,21,2,1012.5,1540,29,1012.6,1748,20,1012.7,2402,20,1012.8,1731,21
317,2025-11-26 14:25:13+05:30,1012.3,1,1001.94,7946778,415495.0,425661.0,986.2,1012.8,981.3,986.2,120576750,1084.8,887.6,1102.5,649.1,1012.2,76,3,1012.1,836,6,1012.0,225,5,1011.9,539,8,1011.8,563,9,1012.3,26,3,1012.4,179,4,1012.5,1763,31,1012.6,1439,19,1012.7,2518,21
317,2025-11-26 14:25:13+05:30,1012.3,1,1001.94,7946778,415495.0,425661.0,986.2,1012.8,981.3,986.2,120576750,1084.8,887.6,1102.5,649.1,1012.2,76,3,1012.1,836,6,1012.0,225,5,1011.9,539,8,1011.8,563,9,1012.3,26,3,1012.4,179,4,1012.5,1763,31,1012.6,1439,19,1012.7,2518,21
317,2025-11-26 14:25:14+05:30,1012.3,14,1001.94,7946909,415232.0,425615.0,986.2,1012.8,981.3,986.2,120576750,1084.8,887.6,1102.5,649.1,1012.2,77,4,1012.1,841,7,1012.0,160,4,1011.9,613,8,1011.8,563,9,1012.3,19,3,1012.4,167,4,1012.5,1587,28,1012.6,1439,19,1012.7,2518,21
317,2025-11-26 14:25:14+05:30,1012.3,14,1001.94,7946909,415232.0,425615.0,986.2,1012.8,981.3,986.2,120576750,1084.8,887.6,1102.5,649.1,1012.2,77,4,1012.1,841,7,1012.0,160,4,1011.9,613,8,1011.8,563,9,1012.3,19,3,1012.4,167,4,1012.5,1587,28,1012.6,1439,19,1012.7,2518,21
317,2025-11-26 14:25:15+05:30,1012.3,1,1001.94,7946909,415232.0,425615.0,986.2,1012.8,981.3,986.2,120576750,1084.8,887.6,1102.5,649.1,1012.2,77,4,1012.1,841,7,1012.0,160,4,1011.9,613,8,1011.8,563,9,1012.3,19,3,1012.4,167,4,1012.5,1587,28,1012.6,1439,19,1012.7,2518,21
317,2025-11-26 14:25:16+05:30,1012.3,1,1001.94,7946917,414260.0,426214.0,986.2,1012.8,981.3,986.2,120576750,1084.8,887.6,1102.5,649.1,1012.2,72,4,1012.1,58,4,1012.0,6,2,1011.9,1108,6,1011.8,528,8,1012.3,16,3,1012.4,271,5,1012.5,1702,29,1012.6,1554,20,1012.7,2402,20
317,2025-11-26 14:25:16+05:30,1012.3,1,1001.94,7946917,414260.0,426214.0,986.2,1012.8,981.3,986.2,120576750,1084.8,887.6,1102.5,649.1,1012.2,72,4,1012.1,58,4,1012.0,6,2,1011.9,1108,6,1011.8,528,8,1012.3,16,3,1012.4,271,5,1012.5,1702,29,1012.6,1554,20,1012.7,2402,20
317,2025-11-26 14:25:17+05:30,1012.3,1,1001.94,7947002,414333.0,425828.0,986.2,1012.8,981.3,986.2,120576750,1084.8,887.6,1102.5,649.1,1012.2,72,4,1012.1,82,5,1012.0,162,4,1011.9,1153,7,1011.8,534,7,1012.3,33,3,1012.4,137,3,1012.5,1220,26,1012.6,1467,20,1012.7,2517,21
317,2025-11-26 14:25:17+05:30,1012.2,21,1001.94,7947002,414333.0,425828.0,986.2,1012.8,981.3,986.2,120576750,1084.8,887.6,1102.5,649.1,1012.2,72,4,1012.1,82,5,1012.0,162,4,1011.9,1153,7,1011.8,534,7,1012.3,33,3,1012.4,137,3,1012.5,1220,26,1012.6,1467,20,1012.7,2517,21
317,2025-11-26 14:25:18+05:30,1012.2,5,1001.94,7947946,414152.0,426142.0,986.2,1012.8,981.3,986.2,120576750,1084.8,887.6,1102.5,649.1,1012.2,3,1,1012.0,82,3,1011.9,960,4,1011.8,493,7,1011.7,594,10,1012.3,80,4,1012.4,707,5,1012.5,1597,28,1012.6,1541,21,1012.7,2442,20
317,2025-11-26 14:25:18+05:30,1012.2,8,1001.94,7947946,414152.0,426142.0,986.2,1012.8,981.3,986.2,120576750,1084.8,887.6,1102.5,649.1,1012.2,3,1,1012.0,82,3,1011.9,960,4,1011.8,493,7,1011.7,594,10,1012.3,80,4,1012.4,707,5,1012.5,1597,28,1012.6,1541,21,1012.7,2442,20
317,2025-11-26 14:25:19+05:30,1012.2,8,1001.94,7947954,415472.0,426158.0,986.2,1012.8,981.3,986.2,120576750,1084.8,887.6,1102.5,649.1,1012.0,278,7,1011.9,1072,6,1011.8,511,7,1011.7,783,10,1011.6,1912,12,1012.2,16,1,1012.3,56,3,1012.4,707,5,1012.5,1597,28,1012.6,1528,20
317,2025-11-26 14:25:20+05:30,1012.2,8,1001.94,7947954,415458.0,426101.0,986.2,1012.8,981.3,986.2,120576750,1084.8,887.6,1102.5,649.1,1012.0,240,6,1011.9,1072,6,1011.8,535,8,1011.7,783,10,1011.6,1912,12,1012.2,16,1,1012.3,56,3,1012.4,707,5,1012.5,1299,27,1012.6,1931,28
317,2025-11-26 14:25:20+05:30,1012.2,1,1001.94,7947954,415458.0,426101.0,986.2,1012.8,981.3,986.2,120576750,1084.8,887.6,1102.5,649.1,1012.0,240,6,1011.9,1072,6,1011.8,535,8,1011.7,783,10,1011.6,1912,12,1012.2,16,1,1012.3,56,3,1012.4,707,5,1012.5,1299,27,1012.6,1931,28
317,2025-11-26 14:25:21+05:30,1012.0,30,1001.94,7948506,415333.0,424825.0,986.2,1012.8,981.3,986.2,120576750,1084.8,887.6,1102.5,649.1,1012.0,48,2,1011.9,1040,5,1011.8,273,5,1011.7,774,9,1011.6,1454,15,1012.2,17,3,1012.3,56,3,1012.4,830,5,1012.5,1623,27,1012.6,1633,27
317,2025-11-26 14:25:21+05:30,1012.0,30,1001.94,7948506,415333.0,424825.0,986.2,1012.8,981.3,986.2,120576750,1084.8,887.6,1102.5,649.1,1012.0,48,2,1011.9,1040,5,1011.8,273,5,1011.7,774,9,1011.6,1454,15,1012.2,17,3,1012.3,56,3,1012.4,830,5,1012.5,1623,27,1012.6,1633,27
317,2025-11-26 14:25:22+05:30,1012.0,30,1001.94,7948506,415446.0,424776.0,986.2,1012.8,981.3,986.2,120576750,1084.8,887.6,1102.5,649.1,1012.0,48,2,1011.9,1040,5,1011.8,434,7,1011.7,810,10,1011.6,1454,15,1012.2,17,3,1012.3,89,4,1012.4,874,6,1012.5,1685,29,1012.6,1607,25
317,2025-11-26 14:25:22+05:30,1012.0,750,1001.94,7948506,415446.0,424776.0,986.2,1012.8,981.3,986.2,120576750,1084.8,887.6,1102.5,649.1,1012.0,48,2,1011.9,1040,5,1011.8,434,7,1011.7,810,10,1011.6,1454,15,1012.2,17,3,1012.3,89,4,1012.4,874,6,1012.5,1685,29,1012.6,1607,25
317,2025-11-26 14:25:23+05:30,1011.9,22,1001.94,7949403,415993.0,426154.0,986.2,1012.8,981.3,986.2,120576750,1084.8,887.6,1102.5,649.1,1011.9,756,2,1011.8,1,1,1011.7,435,7,1011.6,1611,15,1011.5,803,18,1012.0,658,2,1012.1,79,5,1012.2,22,2,1012.3,467,7,1012.4,1398,10
317,2025-11-26 14:25:23+05:30,1011.9,1,1001.94,7949403,415993.0,426154.0,986.2,1012.8,981.3,986.2,120576750,1084.8,887.6,1102.5,649.1,1011.9,756,2,1011.8,1,1,1011.7,435,7,1011.6,1611,15,1011.5,803,18,1012.0,658,2,1012.1,79,5,1012.2,22,2,1012.3,467,7,1012.4,1398,10
317,2025-11-26 14:25:24+05:30,1012.0,212,1001.94,7950372,415612.0,426622.0,986.2,1012.8,981.3,986.2,120576750,1084.8,887.6,1102.5,649.1,1011.9,774,2,1011.8,1,1,1011.7,424,7,1011.6,1510,14,1011.5,640,11,1012.0,260,2,1012.3,556,9,1012.4,1569,17,1012.5,1739,31,1012.6,1462,16
317,2025-11-26 14:25:24+05:30,1012.0,212,1001.94,7950372,415612.0,426622.0,986.2,1012.8,981.3,986.2,120576750,1084.8,887.6,1102.5,649.1,1011.9,774,2,1011.8,1,1,1011.7,424,7,1011.6,1510,14,1011.5,640,11,1012.0,260,2,1012.3,556,9,1012.4,1569,17,1012.5,1739,31,1012.6,1462,16
317,2025-11-26 14:25:25+05:30,1012.0,1,1001.94,7950393,417095.0,426353.0,986.2,1012.8,981.3,986.2,120576750,1084.8,887.6,1102.5,649.1,1011.9,1639,6,1011.8,431,7,1011.7,505,8,1011.6,853,14,1011.5,1174,12,1012.0,243,1,1012.3,417,7,1012.4,1161,15,1012.5,1959,32,1012.6,1462,16
317,2025-11-26 14:25:25+05:30,1012.0,2,1001.94,7950393,417095.0,426353.0,986.2,1012.8,981.3,986.2,120576750,1084.8,887.6,1102.5,649.1,1011.9,1639,6,1011.8,431,7,1011.7,505,8,1011.6,853,14,1011.5,1174,12,1012.0,243,1,1012.3,417,7,1012.4,1161,15,1012.5,1959,32,1012.6,1462,16
317,2025-11-26 14:25:26+05:30,1011.9,6,1001.94,7950413,417091.0,426259.0,986.2,1012.8,981.3,986.2,120576750,1084.8,887.6,1102.5,649.1,1011.9,1646,7,1011.8,431,7,1011.7,469,7,1011.6,853,14,1011.5,1199,12,1012.0,229,1,1012.3,351,5,1012.4,1166,16,1012.5,1959,32,1012.6,1462,16
317,2025-11-26 14:25:26+05:30,1011.9,6,1001.94,7950413,417091.0,426259.0,986.2,1012.8,981.3,986.2,120576750,1084.8,887.6,1102.5,649.1,1011.9,1646,7,1011.8,431,7,1011.7,469,7,1011.6,853,14,1011.5,1199,12,1012.0,229,1,1012.3,351,5,1012.4,1166,16,1012.5,1959,32,1012.6,1462,16
317,2025-11-26 14:25:27+05:30,1011.9,6,1001.94,7950413,416770.0,426501.0,986.2,1012.8,981.3,986.2,120576750,1084.8,887.6,1102.5,649.1,1011.9,1646,7,1011.8,139,4,1011.7,707,9,1011.6,853,14,1011.5,640,11,1012.0,394,3,1012.1,56,1,1012.2,26,2,1012.3,382,5,1012.4,1385,14
317,2025-11-26 14:25:28+05:30,1012.0,1,1001.94,7950414,416770.0,426484.0,986.2,1012.8,981.3,986.2,120576750,1084.8,887.6,1102.5,649.1,1011.9,1646,7,1011.8,139,4,1011.7,707,9,1011.6,717,12,1011.5,640,11,1012.0,393,3,1012.1,56,1,1012.2,480,1,1012.3,782,6,1012.4,848,15
317,2025-11-26 14:25:28+05:30,1012.0,1,1001.94,7950414,416770.0,426484.0,986.2,1012.8,981.3,986.2,120576750,1084.8,887.6,1102.5,649.1,1011.9,1646,7,1011.8,139,4,1011.7,707,9,1011.6,717,12,1011.5,640,11,1012.0,393,3,1012.1,56,1,1012.2,480,1,1012.3,782,6,1012.4,848,15
317,2025-11-26 14:25:29+05:30,1012.0,1,1001.94,7950414,416770.0,426509.0,986.2,1012.8,981.3,986.2,120576750,1084.8,887.6,1102.5,649.1,1011.9,1646,7,1011.8,139,4,1011.7,707,9,1011.6,717,12,1011.5,640,11,1012.0,393,3,1012.1,56,1,1012.2,480,1,1012.3,782,6,1012.4,848,15
317,2025-11-26 14:25:30+05:30,1011.9,9,1001.94,7950477,416746.0,426459.0,986.2,1012.8,981.3,986.2,120576750,1084.8,887.6,1102.5,649.1,1011.9,1676,9,1011.8,73,3,1011.7,817,10,1011.6,653,11,1011.5,640,11,1012.0,339,3,1012.1,56,1,1012.2,480,1,1012.3,697,7,1012.4,822,13
317,2025-11-26 14:25:30+05:30,1011.9,125,1001.94,7950477,416746.0,426459.0,986.2,1012.8,981.3,986.2,120576750,1084.8,887.6,1102.5,649.1,1011.9,1676,9,1011.8,73,3,1011.7,817,10,1011.6,653,11,1011.5,640,11,1012.0,339,3,1012.1,56,1,1012.2,480,1,1012.3,697,7,1012.4,822,13
317,2025-11-26 14:25:31+05:30,1011.9,10,1001.94,7950613,416159.0,425423.0,986.2,1012.8,981.3,986.2,120576750,1084.8,887.6,1102.5,649.1,1011.9,1503,8,1011.8,17,2,1011.7,568,7,1011.6,610,9,1011.5,640,11,1012.0,338,3,1012.1,56,1,1012.2,676,3,1012.3,697,7,1012.4,888,14
317,2025-11-26 14:25:31+05:30,1011.9,10,1001.94,7950613,416159.0,425423.0,986.2,1012.8,981.3,986.2,120576750,1084.8,887.6,1102.5,649.1,1011.9,1503,8,1011.8,17,2,1011.7,568,7,1011.6,610,9,1011.5,640,11,1012.0,338,3,1012.1,56,1,1012.2,676,3,1012.3,697,7,1012.4,888,14
317,2025-11-26 14:25:32+05:30,1011.9,23,1001.94,7950613,416159.0,425423.0,986.2,1012.8,981.3,986.2,120576750,1084.8,887.6,1102.5,649.1,1011.9,1503,8,1011.8,17,2,1011.7,568,7,1011.6,610,9,1011.5,640,11,1012.0,338,3,1012.1,56,1,1012.2,676,3,1012.3,697,7,1012.4,888,14
317,2025-11-26 14:25:32+05:30,1011.9,23,1001.94,7950697,414122.0,426370.0,986.2,1012.8,981.3,986.2,120576750,1084.8,887.6,1102.5,649.1,1011.9,82,4,1011.8,17,2,1011.7,889,5,1011.6,1304,9,1011.5,450,9,1012.0,329,3,1012.1,168,2,1012.2,822,4,1012.3,859,9,1012.4,1156,16
317,2025-11-26 14:25:33+05:30,1011.9,22,1001.95,7952206,413348.0,425022.0,986.2,1012.8,981.3,986.2,120576750,1084.8,887.6,1102.5,649.1,1011.9,4,2,1011.8,17,2,1011.7,1731,8,1011.6,755,12,1011.5,569,12,1012.2,411,4,1012.3,1087,9,1012.4,973,16,1012.5,1628,30,1012.6,1469,17
317,2025-11-26 14:25:33+05:30,1011.9,22,1001.95,7952206,413348.0,425022.0,986.2,1012.8,981.3,986.2,120576750,1084.8,887.6,1102.5,649.1,1011.9,4,2,1011.8,17,2,1011.7,1731,8,1011.6,755,12,1011.5,569,12,1012.2,411,4,1012.3,1087,9,1012.4,973,16,1012.5,1628,30,1012.6,1469,17
317,2025-11-26 14:25:34+05:30,1012.2,2,1001.95,7952208,413862.0,425414.0,986.2,1012.8,981.3,986.2,120576750,1084.8,887.6,1102.5,649.1,1012.0,112,1,1011.9,1,1,1011.8,17,2,1011.7,1611,8,1011.6,755,12,1012.2,341,4,1012.3,1197,10,1012.4,973,16,1012.5,1628,30,1012.6,1335,16
317,2025-11-26 14:25:34+05:30,1012.2,2,1001.95,7952208,413862.0,425414.0,986.2,1012.8,981.3,986.2,120576750,1084.8,887.6,1102.5,649.1,1012.0,112,1,1011.9,1,1,1011.8,17,2,1011.7,1611,8,1011.6,755,12,1012.2,341,4,1012.3,1197,10,1012.4,973,16,1012.5,1628,30,1012.6,1335,16
317,2025-11-26 14:25:35+05:30,1012.2,2,1001.95,7952211,413928.0,424771.0,986.2,1012.8,981.3,986.2,120576750,1084.8,887.6,1102.5,649.1,1012.0,111,1,1011.9,1,1,1011.8,1471,5,1011.7,493,9,1011.6,755,12,1012.2,2,1,1012.3,834,8,1012.4,644,8,1012.5,2037,38,1012.6,1469,17
317,2025-11-26 14:25:35+05:30,1012.2,2,1001.95,7952211,413928.0,424771.0,986.2,1012.8,981.3,986.2,120576750,1084.8,887.6,1102.5,649.1,1012.0,111,1,1011.9,1,1,1011.8,1471,5,1011.7,493,9,1011.6,755,12,1012.2,2,1,1012.3,834,8,1012.4,644,8,1012.5,2037,38,1012.6,1469,17
317,2025-11-26 14:25:36+05:30,1012.2,2,1001.95,7952213,413972.0,425345.0,986.2,1012.8,981.3,986.2,120576750,1084.8,887.6,1102.5,649.1,1012.0,111,1,1011.9,1,1,1011.8,1471,5,1011.7,553,10,1011.6,755,12,1012.3,1414,9,1012.4,548,8,1012.5,2037,38,1012.6,1469,17,1012.7,2277,16
317,2025-11-26 14:25:37+05:30,1012.0,10,1001.95,7952213,413972.0,425345.0,986.2,1012.8,981.3,986.2,120576750,1084.8,887.6,1102.5,649.1,1012.0,111,1,1011.9,1,1,1011.8,1471,5,1011.7,553,10,1011.6,755,12,1012.3,1414,9,1012.4,548,8,1012.5,2037,38,1012.6,1469,17,1012.7,2277,16
317,2025-11-26 14:25:37+05:30,1012.0,10,1001.95,7952238,413875.0,425317.0,986.2,1012.8,981.3,986.2,120576750,1084.8,887.6,1102.5,649.1,1012.0,99,2,1011.9,1,1,1011.8,1506,6,1011.7,521,9,1011.6,755,12,1012.3,884,8,1012.4,1050,9,1012.5,2067,39,1012.6,1469,17,1012.7,2277,16
317,2025-11-26 14:25:38+05:30,1012.0,10,1001.95,7952238,413943.0,425364.0,986.2,1012.8,981.3,986.2,120576750,1084.8,887.6,1102.5,649.1,1012.1,1,1,1012.0,99,2,1011.8,1506,6,1011.7,521,9,1011.6,755,12,1012.3,958,8,1012.4,1023,8,1012.5,2067,39,1012.6,1469,17,1012.7,2237,15
317,2025-11-26 14:25:39+05:30,1012.0,10,1001.95,7952238,414999.0,425193.0,986.2,1012.8,981.3,986.2,120576750,1084.8,887.6,1102.5,649.1,1012.2,86,1,1012.1,1,1,1012.0,29,3,1011.9,176,3,1011.8,1563,7,1012.3,756,6,1012.4,1049,10,1012.5,1924,35,1012.6,1494,18,1012.7,2359,15
317,2025-11-26 14:25:40+05:30,1012.3,2,1001.95,7952238,414999.0,425193.0,986.2,1012.8,981.3,986.2,120576750,1084.8,887.6,1102.5,649.1,1012.2,86,1,1012.1,1,1,1012.0,29,3,1011.9,176,3,1011.8,1563,7,1012.3,756,6,1012.4,1049,10,1012.5,1924,35,1012.6,1494,18,1012.7,2359,15
317,2025-11-26 14:25:40+05:30,1012.3,2,1001.95,7952343,414674.0,425083.0,986.2,1012.8,981.3,986.2,120576750,1084.8,887.6,1102.5,649.1,1012.2,13,1,1012.0,20,3,1011.9,14,1,1011.8,1563,7,1011.7,487,6,1012.3,699,5,1012.4,1020,8,1012.5,2060,38,1012.6,1469,17,1012.7,2220,13
317,2025-11-26 14:25:41+05:30,1012.2,1,1001.95,7952343,414674.0,425083.0,986.2,1012.8,981.3,986.2,120576750,1084.8,887.6,1102.5,649.1,1012.2,13,1,1012.0,20,3,1011.9,14,1,1011.8,1563,7,1011.7,487,6,1012.3,699,5,1012.4,1020,8,1012.5,2060,38,1012.6,1469,17,1012.7,2220,13
317,2025-11-26 14:25:41+05:30,1012.2,1,1001.95,7952344,414696.0,425365.0,986.2,1012.8,981.3,986.2,120576750,1084.8,887.6,1102.5,649.1,1012.2,12,1,1012.0,20,3,1011.9,14,1,1011.8,1563,7,1011.7,487,6,1012.3,949,7,1012.4,1020,8,1012.5,2060,38,1012.6,1501,19,1012.7,2220,13
317,2025-11-26 14:25:42+05:30,1012.2,5,1001.95,7952344,414696.0,425365.0,986.2,1012.8,981.3,986.2,120576750,1084.8,887.6,1102.5,649.1,1012.2,12,1,1012.0,20,3,1011.9,14,1,1011.8,1563,7,1011.7,487,6,1012.3,949,7,1012.4,1020,8,1012.5,2060,38,1012.6,1501,19,1012.7,2220,13
317,2025-11-26 14:25:43+05:30,1012.3,18,1001.95,7952393,413727.0,424841.0,986.2,1012.8,981.3,986.2,120576750,1084.8,887.6,1102.5,649.1,1012.0,20,3,1011.9,14,1,1011.8,1453,6,1011.7,483,6,1011.6,648,10,1012.3,684,6,1012.4,1078,11,1012.5,1762,37,1012.6,1451,18,1012.7,2220,13
317,2025-11-26 14:25:43+05:30,1011.8,293,1001.95,7952393,413727.0,424841.0,986.2,1012.8,981.3,986.2,120576750,1084.8,887.6,1102.5,649.1,1012.0,20,3,1011.9,14,1,1011.8,1453,6,1011.7,483,6,1011.6,648,10,1012.3,684,6,1012.4,1078,11,1012.5,1762,37,1012.6,1451,18,1012.7,2220,13
317,2025-11-26 14:25:44+05:30,1012.1,39,1001.95,7953127,412759.0,425821.0,986.2,1012.8,981.3,986.2,120576750,1084.8,887.6,1102.5,649.1,1011.8,51,2,1011.7,1310,5,1011.6,526,7,1011.5,679,13,1011.4,1195,10,1012.1,8,1,1012.2,493,1,1012.3,709,5,1012.4,898,10,1012.5,1760,37
317,2025-11-26 14:25:44+05:30,1012.1,1,1001.95,7953127,412759.0,425821.0,986.2,1012.8,981.3,986.2,120576750,1084.8,887.6,1102.5,649.1,1011.8,51,2,1011.7,1310,5,1011.6,526,7,1011.5,679,13,1011.4,1195,10,1012.1,8,1,1012.2,493,1,1012.3,709,5,1012.4,898,10,1012.5,1760,37
317,2025-11-26 14:25:45+05:30,1012.1,1,1001.95,7953131,413931.0,425119.0,986.2,1012.8,981.3,986.2,120576750,1084.8,887.6,1102.5,649.1,1012.0,16,1,1011.8,1207,5,1011.7,507,7,1011.6,637,10,1011.5,564,12,1012.1,4,1,1012.3,656,6,1012.4,541,8,1012.5,2173,39,1012.6,1624,19
317,2025-11-26 14:25:45+05:30,1012.1,1,1001.95,7953131,413931.0,425119.0,986.2,1012.8,981.3,986.2,120576750,1084.8,887.6,1102.5,649.1,1012.0,16,1,1011.8,1207,5,1011.7,507,7,1011.6,637,10,1011.5,564,12,1012.1,4,1,1012.3,656,6,1012.4,541,8,1012.5,2173,39,1012.6,1624,19
317,2025-11-26 14:25:46+05:30,1012.1,1,1001.95,7953134,413931.0,425740.0,986.2,1012.8,981.3,986.2,120576750,1084.8,887.6,1102.5,649.1,1012.0,75,4,1011.8,1207,5,1011.7,507,7,1011.6,628,9,1011.5,564,12,1012.1,1,1,1012.2,39,1,1012.3,897,7,1012.4,503,7,1012.5,2195,40
317,2025-11-26 14:25:47+05:30,1012.1,1,1001.95,7953134,413916.0,425749.0,986.2,1012.8,981.3,986.2,120576750,1084.8,887.6,1102.5,649.1,1012.0,75,4,1011.8,1092,4,1011.7,481,6,1011.6,767,11,1011.5,564,12,1012.1,2,2,1012.2,98,2,1012.3,1028,9,1012.4,916,9,1012.5,1760,37
317,2025-11-26 14:25:48+05:30,1012.1,1,1001.95,7953134,413975.0,425781.0,986.2,1012.8,981.3,986.2,120576750,1084.8,887.6,1102.5,649.1,1012.0,94,5,1011.8,1092,4,1011.7,596,7,1011.6,652,10,1011.5,564,12,1012.1,2,2,1012.2,98,2,1012.3,1028,9,1012.4,916,9,1012.5,1760,37
317,2025-11-26 14:25:48+05:30,1012.0,1,1001.95,7953134,413975.0,425781.0,986.2,1012.8,981.3,986.2,120576750,1084.8,887.6,1102.5,649.1,1012.0,94,5,1011.8,1092,4,1011.7,596,7,1011.6,652,10,1011.5,564,12,1012.1,2,2,1012.2,98,2,1012.3,1028,9,1012.4,916,9,1012.5,1760,37
317,2025-11-26 14:25:48+05:30,1012.0,1,1001.95,7953459,414395.0,426202.0,986.2,1012.8,981.3,986.2,120576750,1084.8,887.6,1102.5,649.1,1012.0,93,5,1011.9,178,1,1011.8,1092,4,1011.7,425,6,1011.6,767,11,1012.3,1115,10,1012.4,639,9,1012.5,2058,38,1012.6,1515,19,1012.7,2220,13
317,2025-11-26 14:25:49+05:30,1012.3,30,1001.95,7953459,414395.0,426202.0,986.2,1012.8,981.3,986.2,120576750,1084.8,887.6,1102.5,649.1,1012.0,93,5,1011.9,178,1,1011.8,1092,4,1011.7,425,6,1011.6,767,11,1012.3,1115,10,1012.4,639,9,1012.5,2058,38,1012.6,1515,19,1012.7,2220,13
317,2025-11-26 14:25:49+05:30,1012.3,30,1001.95,7953489,414395.0,426162.0,986.2,1012.8,981.3,986.2,120576750,1084.8,887.6,1102.5,649.1,1012.0,93,5,1011.9,178,1,1011.8,1092,4,1011.7,425,6,1011.6,767,11,1012.3,970,9,1012.4,754,10,1012.5,2058,38,1012.6,1515,19,1012.7,2220,13
317,2025-11-26 14:25:50+05:30,1012.3,1,1001.95,7953489,414395.0,426162.0,986.2,1012.8,981.3,986.2,120576750,1084.8,887.6,1102.5,649.1,1012.0,93,5,1011.9,178,1,1011.8,1092,4,1011.7,425,6,1011.6,767,11,1012.3,970,9,1012.4,754,10,1012.5,2058,38,1012.6,1515,19,1012.7,2220,13
317,2025-11-26 14:25:51+05:30,1012.3,1,1001.95,7953491,414531.0,426121.0,986.2,1012.8,981.3,986.2,120576750,1084.8,887.6,1102.5,649.1,1012.0,98,4,1011.9,192,3,1011.8,1209,6,1011.7,425,6,1011.6,767,11,1012.3,860,8,1012.4,665,8,1012.5,2071,39,1012.6,1515,19,1012.7,2220,13
317,2025-11-26 14:25:51+05:30,1012.0,2,1001.95,7953491,414531.0,426121.0,986.2,1012.8,981.3,986.2,120576750,1084.8,887.6,1102.5,649.1,1012.0,98,4,1011.9,192,3,1011.8,1209,6,1011.7,425,6,1011.6,767,11,1012.3,860,8,1012.4,665,8,1012.5,2071,39,1012.6,1515,19,1012.7,2220,13
317,2025-11-26 14:25:52+05:30,1012.0,2,1001.95,7953513,414564.0,426605.0,986.2,1012.8,981.3,986.2,120576750,1084.8,887.6,1102.5,649.1,1012.0,76,4,1011.9,192,3,1011.8,1209,6,1011.7,425,6,1011.6,767,11,1012.3,812,7,1012.4,1083,8,1012.5,2071,39,1012.6,1515,19,1012.7,2220,13
317,2025-11-26 14:25:52+05:30,1012.0,4,1001.95,7953513,414564.0,426605.0,986.2,1012.8,981.3,986.2,120576750,1084.8,887.6,1102.5,649.1,1012.0,76,4,1011.9,192,3,1011.8,1209,6,1011.7,425,6,1011.6,767,11,1012.3,812,7,1012.4,1083,8,1012.5,2071,39,1012.6,1515,19,1012.7,2220,13
317,2025-11-26 14:25:53+05:30,1012.0,5,1001.95,7953883,414497.0,426351.0,986.2,1012.8,981.3,986.2,120576750,1084.8,887.6,1102.5,649.1,1012.0,7,1,1011.9,192,3,1011.8,1209,6,1011.7,425,6,1011.6,767,11,1012.3,680,9,1012.4,1046,8,1012.5,2071,39,1012.6,1515,19,1012.7,2220,13
317,2025-11-26 14:25:53+05:30,1012.0,5,1001.95,7953883,414497.0,426351.0,986.2,1012.8,981.3,986.2,120576750,1084.8,887.6,1102.5,649.1,1012.0,7,1,1011.9,192,3,1011.8,1209,6,1011.7,425,6,1011.6,767,11,1012.3,680,9,1012.4,1046,8,1012.5,2071,39,1012.6,1515,19,1012.7,2220,13
317,2025-11-26 14:25:54+05:30,1012.0,5,1001.95,7953883,415095.0,426947.0,986.2,1012.8,981.3,986.2,120576750,1084.8,887.6,1102.5,649.1,1012.0,57,2,1011.9,192,3,1011.8,1095,5,1011.7,530,7,1011.6,767,11,1012.1,30,1,1012.3,1190,10,1012.4,1020,10,1012.5,1773,38,1012.6,1515,19
317,2025-11-26 14:25:54+05:30,1012.1,112,1001.95,7953883,415095.0,426947.0,986.2,1012.8,981.3,986.2,120576750,1084.8,887.6,1102.5,649.1,1012.0,57,2,1011.9,192,3,1011.8,1095,5,1011.7,530,7,1011.6,767,11,1012.1,30,1,1012.3,1190,10,1012.4,1020,10,1012.5,1773,38,1012.6,1515,19
317,2025-11-26 14:25:55+05:30,1012.1,12,1001.95,7954025,415492.0,426705.0,986.2,1012.8,981.3,986.2,120576750,1084.8,887.6,1102.5,649.1,1012.0,57,2,1011.9,192,3,1011.8,1161,6,1011.7,680,9,1011.6,767,11,1012.1,30,1,1012.3,1131,10,1012.4,800,8,1012.5,1878,39,1012.6,1620,20
317,2025-11-26 14:25:55+05:30,1012.1,2,1001.95,7954025,415492.0,426705.0,986.2,1012.8,981.3,986.2,120576750,1084.8,887.6,1102.5,649.1,1012.0,57,2,1011.9,192,3,1011.8,1161,6,1011.7,680,9,1011.6,767,11,1012.1,30,1,1012.3,1131,10,1012.4,800,8,1012.5,1878,39,1012.6,1620,20
317,2025-11-26 14:25:56+05:30,1012.1,2,1001.95,7954027,415517.0,426729.0,986.2,1012.8,981.3,986.2,120576750,1084.8,887.6,1102.5,649.1,1012.0,57,2,1011.9,192,3,1011.8,1295,7,1011.7,704,10,1011.6,767,11,1012.1,28,1,1012.3,1131,10,1012.4,502,7,1012.5,2202,41,1012.6,1620,20
317,2025-11-26 14:25:57+05:30,1012.1,2,1001.95,7954027,415489.0,426808.0,986.2,1012.8,981.3,986.2,120576750,1084.8,887.6,1102.5,649.1,1012.0,57,2,1011.9,192,3,1011.8,1161,6,1011.7,675,9,1011.6,767,11,1012.1,28,1,1012.2,33,1,1012.3,1199,11,1012.4,795,7,1012.5,1887,41
317,2025-11-26 14:25:58+05:30,1012.1,49,1001.95,7954076,415507.0,427017.0,986.2,1012.8,981.3,986.2,120576750,1084.8,887.6,1102.5,649.1,1012.0,57,2,1011.9,192,3,1011.8,1161,6,1011.7,780,10,1011.6,652,10,1012.1,30,1,1012.2,33,1,1012.3,1085,10,1012.4,497,6,1012.5,2185,42
317,2025-11-26 14:25:58+05:30,1012.0,48,1001.95,7954076,415507.0,427017.0,986.2,1012.8,981.3,986.2,120576750,1084.8,887.6,1102.5,649.1,1012.0,57,2,1011.9,192,3,1011.8,1161,6,1011.7,780,10,1011.6,652,10,1012.1,30,1,1012.2,33,1,1012.3,1085,10,1012.4,497,6,1012.5,2185,42
317,2025-11-26 14:25:59+05:30,1012.0,5,1001.95,7954186,415573.0,427436.0,986.2,1012.8,981.3,986.2,120576750,1084.8,887.6,1102.5,649.1,1012.0,1117,5,1011.9,403,6,1011.8,207,5,1011.7,606,9,1011.6,1238,15,1012.2,33,1,1012.3,605,9,1012.4,941,7,1012.5,2407,38,1012.6,1588,23
317,2025-11-26 14:25:59+05:30,1012.0,5,1001.95,7954186,415573.0,427436.0,986.2,1012.8,981.3,986.2,120576750,1084.8,887.6,1102.5,649.1,1012.0,1117,5,1011.9,403,6,1011.8,207,5,1011.7,606,9,1011.6,1238,15,1012.2,33,1,1012.3,605,9,1012.4,941,7,1012.5,2407,38,1012.6,1588,23
317,2025-11-26 14:26:00+05:30,1012.0,9,1001.95,7954197,415727.0,427257.0,986.2,1012.8,981.3,986.2,120576750,1084.8,887.6,1102.5,649.1,1012.0,1108,6,1011.9,403,6,1011.8,370,7,1011.7,606,9,1011.6,1238,15,1012.2,32,1,1012.3,537,8,1012.4,831,6,1012.5,2407,38,1012.6,1588,23
317,2025-11-26 14:26:00+05:30,1012.2,1,1001.95,7954197,415727.0,427257.0,986.2,1012.8,981.3,986.2,120576750,1084.8,887.6,1102.5,649.1,1012.0,1108,6,1011.9,403,6,1011.8,370,7,1011.7,606,9,1011.6,1238,15,1012.2,32,1,1012.3,537,8,1012.4,831,6,1012.5,2407,38,1012.6,1588,23
317,2025-11-26 14:26:01+05:30,1012.2,1,1001.95,7954198,415723.0,427281.0,986.2,1012.8,981.3,986.2,120576750,1084.8,887.6,1102.5,649.1,1012.0,1136,7,1011.9,298,5,1011.8,467,8,1011.7,582,8,1011.6,1238,15,1012.2,32,2,1012.3,537,8,1012.4,831,6,1012.5,2407,38,1012.6,1612,24
317,2025-11-26 14:26:01+05:30,1012.0,334,1001.95,7954198,415723.0,427281.0,986.2,1012.8,981.3,986.2,120576750,1084.8,887.6,1102.5,649.1,1012.0,1136,7,1011.9,298,5,1011.8,467,8,1011.7,582,8,1011.6,1238,15,1012.2,32,2,1012.3,537,8,1012.4,831,6,1012.5,2407,38,1012.6,1612,24
317,2025-11-26 14:26:02+05:30,1012.0,334,1001.95,7954533,415335.0,427321.0,986.2,1012.8,981.3,986.2,120576750,1084.8,887.6,1102.5,649.1,1012.0,806,7,1011.9,301,6,1011.8,406,7,1011.7,526,7,1011.6,1238,15,1012.2,32,2,1012.3,592,9,1012.4,831,6,1012.5,2431,39,1012.6,1588,23
317,2025-11-26 14:26:02+05:30,1012.2,4,1001.95,7954533,415335.0,427321.0,986.2,1012.8,981.3,986.2,120576750,1084.8,887.6,1102.5,649.1,1012.0,806,7,1011.9,301,6,1011.8,406,7,1011.7,526,7,1011.6,1238,15,1012.2,32,2,1012.3,592,9,1012.4,831,6,1012.5,2431,39,1012.6,1588,23
317,2025-11-26 14:26:03+05:30,1012.2,1,1001.95,7954570,415354.0,427325.0,986.2,1012.8,981.3,986.2,120576750,1084.8,887.6,1102.5,649.1,1012.0,826,8,1011.9,301,6,1011.8,406,7,1011.7,582,8,1011.6,1238,15,1012.2,34,2,1012.3,592,9,1012.4,831,6,1012.5,2407,38,1012.6,1614,24
317,2025-11-26 14:26:03+05:30,1012.2,1,1001.95,7954570,415354.0,427325.0,986.2,1012.8,981.3,986.2,120576750,1084.8,887.6,1102.5,649.1,1012.0,826,8,1011.9,301,6,1011.8,406,7,1011.7,582,8,1011.6,1238,15,1012.2,34,2,1012.3,592,9,1012.4,831,6,1012.5,2407,38,1012.6,1614,24
317,2025-11-26 14:26:04+05:30,1012.2,22,1001.95,7954832,415264.0,427083.0,986.2,1012.8,981.3,986.2,120576750,1084.8,887.6,1102.5,649.1,1012.0,838,9,1011.9,301,6,1011.8,527,9,1011.7,582,8,1011.6,1238,15,1012.2,5,2,1012.3,403,7,1012.4,682,4,1012.5,2407,38,1012.6,1523,22
317,2025-11-26 14:26:04+05:30,1012.2,22,1001.95,7954832,415264.0,427083.0,986.2,1012.8,981.3,986.2,120576750,1084.8,887.6,1102.5,649.1,1012.0,838,9,1011.9,301,6,1011.8,527,9,1011.7,582,8,1011.6,1238,15,1012.2,5,2,1012.3,403,7,1012.4,682,4,1012.5,2407,38,1012.6,1523,22
317,2025-11-26 14:26:05+05:30,1012.3,11,1001.95,7955256,415047.0,426476.0,986.2,1012.8,981.3,986.2,120576750,1084.8,887.6,1102.5,649.1,1012.0,130,7,1011.9,269,6,1011.8,1517,8,1011.7,679,9,1011.6,694,11,1012.3,13,1,1012.4,898,6,1012.5,2103,36,1012.6,1685,24,1012.7,2220,13
317,2025-11-26 14:26:05+05:30,1012.2,1,1001.95,7955256,415047.0,426476.0,986.2,1012.8,981.3,986.2,120576750,1084.8,887.6,1102.5,649.1,1012.0,130,7,1011.9,269,6,1011.8,1517,8,1011.7,679,9,1011.6,694,11,1012.3,13,1,1012.4,898,6,1012.5,2103,36,1012.6,1685,24,1012.7,2220,13
317,2025-11-26 14:26:06+05:30,1012.0,22,1001.95,7955280,416588.0,426552.0,986.2,1012.8,981.3,986.2,120576750,1084.8,887.6,1102.5,649.1,1012.0,108,7,1011.9,388,8,1011.8,1911,12,1011.7,613,10,1011.6,1475,12,1012.1,24,1,1012.2,41,1,1012.3,17,2,1012.4,746,4,1012.5,2595,39
317,2025-11-26 14:26:06+05:30,1012.0,5,1001.95,7955280,416588.0,426552.0,986.2,1012.8,981.3,986.2,120576750,1084.8,887.6,1102.5,649.1,1012.0,108,7,1011.9,388,8,1011.8,1911,12,1011.7,613,10,1011.6,1475,12,1012.1,24,1,1012.2,41,1,1012.3,17,2,1012.4,746,4,1012.5,2595,39
317,2025-11-26 14:26:07+05:30,1012.2,25,1001.95,7955334,415702.0,426396.0,986.2,1012.8,981.3,986.2,120576750,1084.8,887.6,1102.5,649.1,1012.0,87,6,1011.9,339,8,1011.8,1801,12,1011.7,591,9,1011.6,1535,13,1012.2,16,1,1012.3,17,2,1012.4,734,4,1012.5,2458,38,1012.6,1691,25
317,2025-11-26 14:26:07+05:30,1012.2,25,1001.95,7955334,415702.0,426396.0,986.2,1012.8,981.3,986.2,120576750,1084.8,887.6,1102.5,649.1,1012.0,87,6,1011.9,339,8,1011.8,1801,12,1011.7,591,9,1011.6,1535,13,1012.2,16,1,1012.3,17,2,1012.4,734,4,1012.5,2458,38,1012.6,1691,25
317,2025-11-26 14:26:08+05:30,1012.2,25,1001.95,7955334,415702.0,426396.0,986.2,1012.8,981.3,986.2,120576750,1084.8,887.6,1102.5,649.1,1012.0,87,6,1011.9,339,8,1011.8,1801,12,1011.7,591,9,1011.6,1535,13,1012.2,16,1,1012.3,17,2,1012.4,734,4,1012.5,2458,38,1012.6,1691,25
317,2025-11-26 14:26:08+05:30,1012.2,3,1001.95,7955387,415733.0,426394.0,986.2,1012.8,981.3,986.2,120576750,1084.8,887.6,1102.5,649.1,1012.0,87,6,1011.9,273,7,1011.8,1814,11,1011.7,688,10,1011.6,1535,13,1012.2,38,1,1012.3,17,2,1012.4,734,4,1012.5,2529,38,1012.6,1594,24
317,2025-11-26 14:26:08+05:30,1012.2,3,1001.95,7955387,415733.0,426394.0,986.2,1012.8,981.3,986.2,120576750,1084.8,887.6,1102.5,649.1,1012.0,87,6,1011.9,273,7,1011.8,1814,11,1011.7,688,10,1011.6,1535,13,1012.2,38,1,1012.3,17,2,1012.4,734,4,1012.5,2529,38,1012.6,1594,24
317,2025-11-26 14:26:09+05:30,1012.2,3,1001.95,7955387,415733.0,426394.0,986.2,1012.8,981.3,986.2,120576750,1084.8,887.6,1102.5,649.1,1012.0,87,6,1011.9,273,7,1011.8,1814,11,1011.7,688,10,1011.6,1535,13,1012.2,38,1,1012.3,17,2,1012.4,734,4,1012.5,2529,38,1012.6,1594,24
317,2025-11-26 14:26:09+05:30,1012.0,7,1001.95,7955387,415733.0,426394.0,986.2,1012.8,981.3,986.2,120576750,1084.8,887.6,1102.5,649.1,1012.0,87,6,1011.9,273,7,1011.8,1814,11,1011.7,688,10,1011.6,1535,13,1012.2,38,1,1012.3,17,2,1012.4,734,4,1012.5,2529,38,1012.6,1594,24
317,2025-11-26 14:26:10+05:30,1012.0,7,1001.95,7955419,415082.0,426398.0,986.2,1012.8,981.3,986.2,120576750,1084.8,887.6,1102.5,649.1,1012.0,81,5,1011.9,208,6,1011.8,1676,9,1011.7,688,10,1011.6,1309,13,1012.2,36,1,1012.3,107,3,1012.4,831,5,1012.5,2432,37,1012.6,1594,24
317,2025-11-26 14:26:10+05:30,1012.0,7,1001.95,7955419,415082.0,426398.0,986.2,1012.8,981.3,986.2,120576750,1084.8,887.6,1102.5,649.1,1012.0,81,5,1011.9,208,6,1011.8,1676,9,1011.7,688,10,1011.6,1309,13,1012.2,36,1,1012.3,107,3,1012.4,831,5,1012.5,2432,37,1012.6,1594,24
317,2025-11-26 14:26:10+05:30,1012.3,2,1001.95,7955422,415024.0,426284.0,986.2,1012.8,981.3,986.2,120576750,1084.8,887.6,1102.5,649.1,1012.0,81,5,1011.9,208,6,1011.8,1579,8,1011.7,807,12,1011.6,756,11,1012.3,105,3,1012.4,662,3,1012.5,2564,39,1012.6,1578,22,1012.7,2220,13
317,2025-11-26 14:26:10+05:30,1012.3,2,1001.95,7955422,415024.0,426284.0,986.2,1012.8,981.3,986.2,120576750,1084.8,887.6,1102.5,649.1,1012.0,81,5,1011.9,208,6,1011.8,1579,8,1011.7,807,12,1011.6,756,11,1012.3,105,3,1012.4,662,3,1012.5,2564,39,1012.6,1578,22,1012.7,2220,13
317,2025-11-26 14:26:11+05:30,1012.3,2,1001.95,7955422,415024.0,426284.0,986.2,1012.8,981.3,986.2,120576750,1084.8,887.6,1102.5,649.1,1012.0,81,5,1011.9,208,6,1011.8,1579,8,1011.7,807,12,1011.6,756,11,1012.3,105,3,1012.4,662,3,1012.5,2564,39,1012.6,1578,22,1012.7,2220,13
317,2025-11-26 14:26:12+05:30,1012.3,2,1001.95,7955422,415718.0,425571.0,986.2,1012.8,981.3,986.2,120576750,1084.8,887.6,1102.5,649.1,1012.0,122,6,1011.9,603,10,1011.8,1804,10,1011.7,630,11,1011.6,1277,13,1012.3,4,1,1012.4,119,2,1012.5,2304,34,1012.6,1508,20,1012.7,2509,19
317,2025-11-26 14:26:12+05:30,1012.3,2,1001.95,7955422,415718.0,425571.0,986.2,1012.8,981.3,986.2,120576750,1084.8,887.6,1102.5,649.1,1012.0,122,6,1011.9,603,10,1011.8,1804,10,1011.7,630,11,1011.6,1277,13,1012.3,4,1,1012.4,119,2,1012.5,2304,34,1012.6,1508,20,1012.7,2509,19
317,2025-11-26 14:26:12+05:30,1012.3,22,1001.95,7955422,415718.0,425571.0,986.2,1012.8,981.3,986.2,120576750,1084.8,887.6,1102.5,649.1,1012.0,122,6,1011.9,603,10,1011.8,1804,10,1011.7,630,11,1011.6,1277,13,1012.3,4,1,1012.4,119,2,1012.5,2304,34,1012.6,1508,20,1012.7,2509,19
317,2025-11-26 14:26:13+05:30,1012.3,22,1001.95,7955706,414319.0,425099.0,986.2,1012.8,981.3,986.2,120576750,1084.8,887.6,1102.5,649.1,1012.0,133,2,1011.9,1523,10,1011.8,335,5,1011.7,619,10,1011.6,833,13,1012.3,8,1,1012.4,124,3,1012.5,2196,32,1012.6,1516,19,1012.7,2359,17
317,2025-11-26 14:26:13+05:30,1012.3,22,1001.95,7955706,414319.0,425099.0,986.2,1012.8,981.3,986.2,120582750,1084.8,887.6,1102.5,649.1,1012.0,133,2,1011.9,1523,10,1011.8,335,5,1011.7,619,10,1011.6,833,13,1012.3,8,1,1012.4,124,3,1012.5,2196,32,1012.6,1516,19,1012.7,2359,17
317,2025-11-26 14:26:13+05:30,1012.0,5,1001.95,7955706,414319.0,425099.0,986.2,1012.8,981.3,986.2,120582750,1084.8,887.6,1102.5,649.1,1012.0,133,2,1011.9,1523,10,1011.8,335,5,1011.7,619,10,1011.6,833,13,1012.3,8,1,1012.4,124,3,1012.5,2196,32,1012.6,1516,19,1012.7,2359,17
317,2025-11-26 14:26:14+05:30,1012.0,5,1001.95,7955711,415425.0,427001.0,986.2,1012.8,981.3,986.2,120582750,1084.8,887.6,1102.5,649.1,1011.9,261,7,1011.8,1513,7,1011.7,619,10,1011.6,1199,12,1011.5,861,17,1012.0,23,1,1012.1,8,1,1012.3,342,3,1012.4,832,7,1012.5,2088,36
317,2025-11-26 14:26:14+05:30,1012.0,2,1001.95,7955711,415425.0,427001.0,986.2,1012.8,981.3,986.2,120582750,1084.8,887.6,1102.5,649.1,1011.9,261,7,1011.8,1513,7,1011.7,619,10,1011.6,1199,12,1011.5,861,17,1012.0,23,1,1012.1,8,1,1012.3,342,3,1012.4,832,7,1012.5,2088,36
317,2025-11-26 14:26:15+05:30,1012.0,2,1001.95,7955825,415371.0,427688.0,986.2,1012.8,981.3,986.2,120582750,1084.8,887.6,1102.5,649.1,1011.9,296,7,1011.8,1476,8,1011.7,619,10,1011.6,1191,12,1011.5,887,18,1012.0,21,1,1012.1,8,1,1012.3,1007,4,1012.4,884,8,1012.5,2686,37
317,2025-11-26 14:26:15+05:30,1012.0,2,1001.95,7955825,415371.0,427688.0,986.2,1012.8,981.3,986.2,120582750,1084.8,887.6,1102.5,649.1,1011.9,296,7,1011.8,1476,8,1011.7,619,10,1011.6,1191,12,1011.5,887,18,1012.0,21,1,1012.1,8,1,1012.3,1007,4,1012.4,884,8,1012.5,2686,37
317,2025-11-26 14:26:16+05:30,1012.0,2,1001.95,7955917,415486.0,427356.0,986.2,1012.8,981.3,986.2,120582750,1084.8,887.6,1102.5,649.1,1011.9,203,6,1011.8,1487,9,1011.7,646,9,1011.6,1191,12,1011.5,887,18,1012.0,21,1,1012.1,47,2,1012.3,673,2,1012.4,814,7,1012.5,2646,36
317,2025-11-26 14:26:17+05:30,1012.0,2,1001.95,7955917,415633.0,427357.0,986.2,1012.8,981.3,986.2,120582750,1084.8,887.6,1102.5,649.1,1011.9,193,5,1011.8,1423,7,1011.7,698,10,1011.6,1191,12,1011.5,887,18,1012.0,25,3,1012.1,47,2,1012.3,805,3,1012.4,880,8,1012.5,2646,36
317,2025-11-26 14:26:17+05:30,1011.9,41,1001.95,7955917,415633.0,427357.0,986.2,1012.8,981.3,986.2,120582750,1084.8,887.6,1102.5,649.1,1011.9,193,5,1011.8,1423,7,1011.7,698,10,1011.6,1191,12,1011.5,887,18,1012.0,25,3,1012.1,47,2,1012.3,805,3,1012.4,880,8,1012.5,2646,36
317,2025-11-26 14:26:18+05:30,1011.9,41,1001.95,7955959,415390.0,427590.0,986.2,1012.8,981.3,986.2,120582750,1084.8,887.6,1102.5,649.1,1011.9,152,5,1011.8,1423,7,1011.7,698,10,1011.6,1191,12,1011.5,887,18,1012.0,24,3,1012.1,47,2,1012.2,44,1,1012.3,849,3,1012.4,880,8
317,2025-11-26 14:26:18+05:30,1011.9,21,1001.95,7955959,415390.0,427590.0,986.2,1012.8,981.3,986.2,120582750,1084.8,887.6,1102.5,649.1,1011.9,152,5,1011.8,1423,7,1011.7,698,10,1011.6,1191,12,1011.5,887,18,1012.0,24,3,1012.1,47,2,1012.2,44,1,1012.3,849,3,1012.4,880,8
317,2025-11-26 14:26:19+05:30,1011.9,21,1001.95,7955980,415258.0,427275.0,986.2,1012.8,981.3,986.2,120582750,1084.8,887.6,1102.5,649.1,1011.9,131,5,1011.8,1313,6,1011.7,646,9,1011.6,1191,12,1011.5,887,18,1012.0,4,2,1012.1,47,2,1012.2,44,1,1012.3,849,3,1012.4,880,8
317,2025-11-26 14:26:20+05:30,1011.9,21,1001.95,7955980,415287.0,427292.0,986.2,1012.8,981.3,986.2,120582750,1084.8,887.6,1102.5,649.1,1011.9,126,4,1011.8,1263,5,1011.7,594,9,1011.6,1191,12,1011.5,887,18,1012.0,4,2,1012.1,47,2,1012.2,44,1,1012.3,849,3,1012.4,880,8
317,2025-11-26 14:26:20+05:30,1012.0,1,1001.95,7955980,415287.0,427292.0,986.2,1012.8,981.3,986.2,120582750,1084.8,887.6,1102.5,649.1,1011.9,126,4,1011.8,1263,5,1011.7,594,9,1011.6,1191,12,1011.5,887,18,1012.0,4,2,1012.1,47,2,1012.2,44,1,1012.3,849,3,1012.4,880,8
317,2025-11-26 14:26:21+05:30,1012.0,1,1001.95,7955983,415105.0,428355.0,986.2,1012.8,981.3,986.2,120582750,1084.8,887.6,1102.5,649.1,1011.9,126,4,1011.8,1263,5,1011.7,706,11,1011.6,661,11,1011.5,1296,18,1012.0,1,1,1012.1,47,2,1012.2,246,2,1012.3,1409,5,1012.4,649,7
317,2025-11-26 14:26:22+05:30,1012.0,1,1001.95,7955984,415107.0,428860.0,986.2,1012.8,981.3,986.2,120582750,1084.8,887.6,1102.5,649.1,1011.9,126,4,1011.8,1170,4,1011.7,737,11,1011.6,589,9,1011.5,1296,18,1012.0,2,1,1012.1,47,2,1012.2,246,2,1012.3,1507,7,1012.4,1262,9
317,2025-11-26 14:26:22+05:30,1012.0,4,1001.95,7955984,415107.0,428860.0,986.2,1012.8,981.3,986.2,120582750,1084.8,887.6,1102.5,649.1,1011.9,126,4,1011.8,1170,4,1011.7,737,11,1011.6,589,9,1011.5,1296,18,1012.0,2,1,1012.1,47,2,1012.2,246,2,1012.3,1507,7,1012.4,1262,9
317,2025-11-26 14:26:23+05:30,1012.0,5,1001.95,7956076,415186.0,429213.0,986.2,1012.8,981.3,986.2,120582750,1084.8,887.6,1102.5,649.1,1012.0,3,1,1011.9,157,6,1011.8,1170,4,1011.7,479,9,1011.6,616,9,1012.1,39,1,1012.2,444,4,1012.3,1688,9,1012.4,1312,10,1012.5,3761,39
317,2025-11-26 14:26:23+05:30,1012.0,2,1001.95,7956076,415186.0,429213.0,986.2,1012.8,981.3,986.2,120582750,1084.8,887.6,1102.5,649.1,1012.0,3,1,1011.9,157,6,1011.8,1170,4,1011.7,479,9,1011.6,616,9,1012.1,39,1,1012.2,444,4,1012.3,1688,9,1012.4,1312,10,1012.5,3761,39
317,2025-11-26 14:26:24+05:30,1012.2,6,1001.95,7956329,414482.0,427667.0,986.2,1012.8,981.3,986.2,120582750,1084.8,887.6,1102.5,649.1,1011.9,175,6,1011.8,1312,6,1011.7,701,11,1011.6,624,9,1011.5,1284,18,1012.2,38,1,1012.3,1362,5,1012.4,945,11,1012.5,3771,40,1012.6,1497,18
317,2025-11-26 14:26:24+05:30,1012.2,6,1001.95,7956329,414482.0,427667.0,986.2,1012.8,981.3,986.2,120582750,1084.8,887.6,1102.5,649.1,1011.9,175,6,1011.8,1312,6,1011.7,701,11,1011.6,624,9,1011.5,1284,18,1012.2,38,1,1012.3,1362,5,1012.4,945,11,1012.5,3771,40,1012.6,1497,18
317,2025-11-26 14:26:25+05:30,1012.1,2,1001.95,7956355,414601.0,428343.0,986.2,1012.8,981.3,986.2,120582750,1084.8,887.6,1102.5,649.1,1011.9,186,7,1011.8,1361,7,1011.7,622,11,1011.6,744,11,1011.5,786,17,1012.0,398,1,1012.2,14,1,1012.3,1427,6,1012.4,1418,11,1012.5,3850,39
317,2025-11-26 14:26:25+05:30,1012.0,16,1001.95,7956355,414601.0,428343.0,986.2,1012.8,981.3,986.2,120582750,1084.8,887.6,1102.5,649.1,1011.9,186,7,1011.8,1361,7,1011.7,622,11,1011.6,744,11,1011.5,786,17,1012.0,398,1,1012.2,14,1,1012.3,1427,6,1012.4,1418,11,1012.5,3850,39
317,2025-11-26 14:26:26+05:30,1012.0,16,1001.95,7956753,414343.0,427849.0,986.2,1012.8,981.3,986.2,120582750,1084.8,887.6,1102.5,649.1,1012.0,40,4,1011.9,186,7,1011.8,1394,5,1011.7,617,10,1011.6,652,10,1012.2,15,2,1012.3,1411,6,1012.4,1403,11,1012.5,3874,41,1012.6,1502,19
317,2025-11-26 14:26:27+05:30,1012.0,16,1001.95,7956753,414391.0,427927.0,986.2,1012.8,981.3,986.2,120582750,1084.8,887.6,1102.5,649.1,1012.0,64,5,1011.9,175,6,1011.8,1403,6,1011.7,617,10,1011.6,652,10,1012.2,15,2,1012.3,1475,7,1012.4,1396,11,1012.5,3874,41,1012.6,1502,19
317,2025-11-26 14:26:28+05:30,1012.0,16,1001.95,7956753,414365.0,427863.0,986.2,1012.8,981.3,986.2,120582750,1084.8,887.6,1102.5,649.1,1012.0,64,5,1011.9,175,6,1011.8,1403,6,1011.7,617,10,1011.6,652,10,1012.2,15,2,1012.3,1411,6,1012.4,1396,11,1012.5,3874,41,1012.6,1502,19
317,2025-11-26 14:26:29+05:30,1012.0,16,1001.95,7956753,414401.0,427303.0,986.2,1012.8,981.3,986.2,120582750,1084.8,887.6,1102.5,649.1,1012.0,64,5,1011.9,175,6,1011.8,1403,6,1011.7,617,10,1011.6,652,10,1012.2,15,2,1012.3,1411,6,1012.4,853,10,1012.5,3857,40,1012.6,1502,19
317,2025-11-26 14:26:30+05:30,1012.2,9,1001.95,7956777,415413.0,427071.0,986.2,1012.8,981.3,986.2,120582750,1084.8,887.6,1102.5,649.1,1012.2,30,2,1012.0,65,6,1011.9,377,7,1011.8,1386,6,1011.7,617,10,1012.3,1725,9,1012.4,528,9,1012.5,4114,40,1012.6,1502,19,1012.7,2224,16
317,2025-11-26 14:26:30+05:30,1012.3,1,1001.95,7956777,415413.0,427071.0,986.2,1012.8,981.3,986.2,120582750,1084.8,887.6,1102.5,649.1,1012.2,30,2,1012.0,65,6,1011.9,377,7,1011.8,1386,6,1011.7,617,10,1012.3,1725,9,1012.4,528,9,1012.5,4114,40,1012.6,1502,19,1012.7,2224,16
317,2025-11-26 14:26:31+05:30,1012.3,1,1001.95,7956778,415332.0,427032.0,986.2,1012.8,981.3,986.2,120582750,1084.8,887.6,1102.5,649.1,1012.2,54,3,1012.0,41,5,1011.9,377,7,1011.8,1386,6,1011.7,617,10,1012.3,1610,8,1012.4,563,9,1012.5,4030,39,1012.6,1531,20,1012.7,2224,16
317,2025-11-26 14:26:31+05:30,1012.0,3,1001.95,7956778,415332.0,427032.0,986.2,1012.8,981.3,986.2,120582750,1084.8,887.6,1102.5,649.1,1012.2,54,3,1012.0,41,5,1011.9,377,7,1011.8,1386,6,1011.7,617,10,1012.3,1610,8,1012.4,563,9,1012.5,4030,39,1012.6,1531,20,1012.7,2224,16
317,2025-11-26 14:26:32+05:30,1012.0,3,1001.95,7956848,414107.0,427178.0,986.2,1012.8,981.3,986.2,120582750,1084.8,887.6,1102.5,649.1,1012.0,48,4,1011.9,149,6,1011.8,1280,4,1011.7,671,9,1011.6,754,13,1012.3,1362,6,1012.4,1215,10,1012.5,3887,39,1012.6,1561,22,1012.7,2165,13
317,2025-11-26 14:26:32+05:30,1012.3,23,1001.95,7956848,414107.0,427178.0,986.2,1012.8,981.3,986.2,120582750,1084.8,887.6,1102.5,649.1,1012.0,48,4,1011.9,149,6,1011.8,1280,4,1011.7,671,9,1011.6,754,13,1012.3,1362,6,1012.4,1215,10,1012.5,3887,39,1012.6,1561,22,1012.7,2165,13
317,2025-11-26 14:26:33+05:30,1012.0,3,1001.95,7956971,414173.0,427400.0,986.2,1012.8,981.3,986.2,120582750,1084.8,887.6,1102.5,649.1,1012.0,35,4,1011.9,1310,8,1011.8,250,4,1011.7,671,9,1011.6,754,13,1012.3,1363,8,1012.4,1317,11,1012.5,3790,37,1012.6,1587,24,1012.7,2160,12
317,2025-11-26 14:26:33+05:30,1012.0,3,1001.95,7956971,414173.0,427400.0,986.2,1012.8,981.3,986.2,120582750,1084.8,887.6,1102.5,649.1,1012.0,35,4,1011.9,1310,8,1011.8,250,4,1011.7,671,9,1011.6,754,13,1012.3,1363,8,1012.4,1317,11,1012.5,3790,37,1012.6,1587,24,1012.7,2160,12
317,2025-11-26 14:26:34+05:30,1012.1,112,1001.95,7957083,414913.0,428014.0,986.2,1012.8,981.3,986.2,120582750,1084.8,887.6,1102.5,649.1,1012.0,35,4,1011.9,1310,8,1011.8,225,3,1011.7,671,9,1011.6,754,13,1012.1,18,1,1012.2,53,1,1012.3,1317,7,1012.4,1352,10,1012.5,3790,37
317,2025-11-26 14:26:34+05:30,1012.1,112,1001.95,7957083,414913.0,428014.0,986.2,1012.8,981.3,986.2,120582750,1084.8,887.6,1102.5,649.1,1012.0,35,4,1011.9,1310,8,1011.8,225,3,1011.7,671,9,1011.6,754,13,1012.1,18,1,1012.2,53,1,1012.3,1317,7,1012.4,1352,10,1012.5,3790,37
317,2025-11-26 14:26:35+05:30,1012.1,2,1001.95,7957090,414807.0,428017.0,986.2,1012.8,981.3,986.2,120582750,1084.8,887.6,1102.5,649.1,1012.0,35,4,1011.9,1310,8,1011.8,93,2,1011.7,702,10,1011.6,754,13,1012.1,11,1,1012.2,53,1,1012.3,1322,8,1012.4,1352,10,1012.5,3790,37
317,2025-11-26 14:26:35+05:30,1012.1,1,1001.95,7957090,414807.0,428017.0,986.2,1012.8,981.3,986.2,120582750,1084.8,887.6,1102.5,649.1,1012.0,35,4,1011.9,1310,8,1011.8,93,2,1011.7,702,10,1011.6,754,13,1012.1,11,1,1012.2,53,1,1012.3,1322,8,1012.4,1352,10,1012.5,3790,37
317,2025-11-26 14:26:36+05:30,1012.1,1,1001.95,7957091,415034.0,427723.0,986.2,1012.8,981.3,986.2,120582750,1084.8,887.6,1102.5,649.1,1012.0,35,4,1011.9,144,5,1011.8,1170,3,1011.7,706,9,1011.6,741,12,1012.1,10,1,1012.2,53,1,1012.3,1369,9,1012.4,797,9,1012.5,3790,37
317,2025-11-26 14:26:37+05:30,1012.1,1,1001.95,7957097,415127.0,427133.0,986.2,1012.8,981.3,986.2,120582750,1084.8,887.6,1102.5,649.1,1012.0,35,4,1011.9,144,5,1011.8,1302,4,1011.7,706,9,1011.6,741,12,1012.1,44,2,1012.3,1369,9,1012.4,797,9,1012.5,3790,37,1012.6,1592,25
317,2025-11-26 14:26:37+05:30,1011.8,82,1001.95,7957097,415127.0,427133.0,986.2,1012.8,981.3,986.2,120582750,1084.8,887.6,1102.5,649.1,1012.0,35,4,1011.9,144,5,1011.8,1302,4,1011.7,706,9,1011.6,741,12,1012.1,44,2,1012.3,1369,9,1012.4,797,9,1012.5,3790,37,1012.6,1592,25
317,2025-11-26 14:26:38+05:30,1011.9,2,1001.95,7957511,414315.0,428590.0,986.2,1012.8,981.3,986.2,120582750,1084.8,887.6,1102.5,649.1,1011.9,7,2,1011.8,1088,3,1011.7,394,6,1011.6,575,9,1011.5,815,19,1012.1,90,3,1012.2,752,3,1012.3,1346,9,1012.4,935,11,1012.5,4316,42
317,2025-11-26 14:26:38+05:30,1011.9,2,1001.95,7957511,414315.0,428590.0,986.2,1012.8,981.3,986.2,120582750,1084.8,887.6,1102.5,649.1,1011.9,7,2,1011.8,1088,3,1011.7,394,6,1011.6,575,9,1011.5,815,19,1012.1,90,3,1012.2,752,3,1012.3,1346,9,1012.4,935,11,1012.5,4316,42
317,2025-11-26 14:26:39+05:30,1012.2,465,1001.95,7958261,414059.0,427894.0,986.2,1012.8,981.3,986.2,120582750,1084.8,887.6,1102.5,649.1,1011.9,39,4,1011.8,1154,4,1011.7,683,9,1011.6,652,11,1011.5,815,19,1012.3,1444,11,1012.4,1492,12,1012.5,3956,44,1012.6,1579,20,1012.7,2231,14
317,2025-11-26 14:26:39+05:30,1012.2,465,1001.95,7958261,414059.0,427894.0,986.2,1012.8,981.3,986.2,120582750,1084.8,887.6,1102.5,649.1,1011.9,39,4,1011.8,1154,4,1011.7,683,9,1011.6,652,11,1011.5,815,19,1012.3,1444,11,1012.4,1492,12,1012.5,3956,44,1012.6,1579,20,1012.7,2231,14
317,2025-11-26 14:26:40+05:30,1012.3,2,1001.95,7958265,414048.0,427991.0,986.2,1012.8,981.3,986.2,120582750,1084.8,887.6,1102.5,649.1,1011.9,48,5,1011.8,1154,4,1011.7,683,9,1011.6,652,11,1011.5,815,19,1012.3,1440,11,1012.4,1492,12,1012.5,3956,44,1012.6,1579,20,1012.7,2231,14
317,2025-11-26 14:26:40+05:30,1012.3,2,1001.95,7958265,414048.0,427991.0,986.2,1012.8,981.3,986.2,120582750,1084.8,887.6,1102.5,649.1,1011.9,48,5,1011.8,1154,4,1011.7,683,9,1011.6,652,11,1011.5,815,19,1012.3,1440,11,1012.4,1492,12,1012.5,3956,44,1012.6,1579,20,1012.7,2231,14
317,2025-11-26 14:26:41+05:30,1011.8,20,1001.95,7958265,414048.0,427991.0,986.2,1012.8,981.3,986.2,120582750,1084.8,887.6,1102.5,649.1,1011.9,48,5,1011.8,1154,4,1011.7,683,9,1011.6,652,11,1011.5,815,19,1012.3,1440,11,1012.4,1492,12,1012.5,3956,44,1012.6,1579,20,1012.7,2231,14
317,2025-11-26 14:26:42+05:30,1011.8,20,1001.95,7958435,413759.0,427951.0,986.2,1012.8,981.3,986.2,120582750,1084.8,887.6,1102.5,649.1,1011.8,1172,5,1011.7,502,6,1011.6,607,10,1011.5,736,17,1011.4,1125,11,1012.3,1707,10,1012.4,1110,10,1012.5,4031,45,1012.6,1579,20,1012.7,2231,14
317,2025-11-26 14:26:42+05:30,1012.2,20,1001.95,7958435,413759.0,427951.0,986.2,1012.8,981.3,986.2,120582750,1084.8,887.6,1102.5,649.1,1011.8,1172,5,1011.7,502,6,1011.6,607,10,1011.5,736,17,1011.4,1125,11,1012.3,1707,10,1012.4,1110,10,1012.5,4031,45,1012.6,1579,20,1012.7,2231,14
317,2025-11-26 14:26:43+05:30,1012.2,20,1001.95,7958487,414609.0,427445.0,986.2,1012.8,981.3,986.2,120582750,1084.8,887.6,1102.5,649.1,1012.2,80,1,1011.9,202,1,1011.8,1263,7,1011.7,604,8,1011.6,765,13,1012.3,1515,9,1012.4,657,8,1012.5,3961,43,1012.6,1620,21,1012.7,2231,14
317,2025-11-26 14:26:43+05:30,1012.1,6,1001.95,7958487,414609.0,427445.0,986.2,1012.8,981.3,986.2,120582750,1084.8,887.6,1102.5,649.1,1012.2,80,1,1011.9,202,1,1011.8,1263,7,1011.7,604,8,1011.6,765,13,1012.3,1515,9,1012.4,657,8,1012.5,3961,43,1012.6,1620,21,1012.7,2231,14
317,2025-11-26 14:26:44+05:30,1012.2,19,1001.95,7958914,414567.0,428869.0,986.2,1012.8,981.3,986.2,120582750,1084.8,887.6,1102.5,649.1,1012.2,22,1,1012.0,9,1,1011.9,202,1,1011.8,1274,7,1011.7,588,8,1012.3,2032,10,1012.4,792,9,1012.5,4372,44,1012.6,1599,22,1012.7,2231,14
317,2025-11-26 14:26:44+05:30,1012.2,6,1001.95,7958914,414567.0,428869.0,986.2,1012.8,981.3,986.2,120582750,1084.8,887.6,1102.5,649.1,1012.2,22,1,1012.0,9,1,1011.9,202,1,1011.8,1274,7,1011.7,588,8,1012.3,2032,10,1012.4,792,9,1012.5,4372,44,1012.6,1599,22,1012.7,2231,14
317,2025-11-26 14:26:45+05:30,1012.3,3,1001.95,7958926,414539.0,428842.0,986.2,1012.8,981.3,986.2,120582750,1084.8,887.6,1102.5,649.1,1012.2,16,1,1012.0,9,1,1011.8,1274,7,1011.7,623,9,1011.6,1305,10,1012.3,2014,10,1012.4,854,10,1012.5,4291,39,1012.6,1715,29,1012.7,2231,14
317,2025-11-26 14:26:45+05:30,1012.3,1,1001.95,7958926,414539.0,428842.0,986.2,1012.8,981.3,986.2,120582750,1084.8,887.6,1102.5,649.1,1012.2,16,1,1012.0,9,1,1011.8,1274,7,1011.7,623,9,1011.6,1305,10,1012.3,2014,10,1012.4,854,10,1012.5,4291,39,1012.6,1715,29,1012.7,2231,14
317,2025-11-26 14:26:46+05:30,1012.3,1,1001.95,7958927,414348.0,428867.0,986.2,1012.8,981.3,986.2,120582750,1084.8,887.6,1102.5,649.1,1012.2,16,1,1012.0,9,1,1011.8,1274,7,1011.7,623,9,1011.6,1305,10,1012.3,2079,11,1012.4,854,10,1012.5,4291,39,1012.6,1715,29,1012.7,2231,14
317,2025-11-26 14:26:46+05:30,1012.0,17,1001.95,7958927,414348.0,428867.0,986.2,1012.8,981.3,986.2,120582750,1084.8,887.6,1102.5,649.1,1012.2,16,1,1012.0,9,1,1011.8,1274,7,1011.7,623,9,1011.6,1305,10,1012.3,2079,11,1012.4,854,10,1012.5,4291,39,1012.6,1715,29,1012.7,2231,14
317,2025-11-26 14:26:47+05:30,1012.0,17,1001.95,7958977,412981.0,429009.0,986.2,1012.8,981.3,986.2,120582750,1084.8,887.6,1102.5,649.1,1012.0,9,1,1011.8,1192,4,1011.7,344,5,1011.6,383,6,1011.5,703,14,1012.3,2323,14,1012.4,791,11,1012.5,4291,39,1012.6,1684,28,1012.7,2231,14
317,2025-11-26 14:26:47+05:30,1012.3,100,1001.95,7958977,412981.0,429009.0,986.2,1012.8,981.3,986.2,120582750,1084.8,887.6,1102.5,649.1,1012.0,9,1,1011.8,1192,4,1011.7,344,5,1011.6,383,6,1011.5,703,14,1012.3,2323,14,1012.4,791,11,1012.5,4291,39,1012.6,1684,28,1012.7,2231,14
317,2025-11-26 14:26:48+05:30,1012.3,100,1001.95,7959077,412788.0,429633.0,986.2,1012.8,981.3,986.2,120582750,1084.8,887.6,1102.5,649.1,1012.0,9,1,1011.8,1201,5,1011.7,212,4,1011.6,276,4,1011.5,639,10,1012.2,202,3,1012.3,2352,16,1012.4,716,11,1012.5,4317,41,1012.6,1521,24
317,2025-11-26 14:26:48+05:30,1012.0,40,1001.95,7959077,412788.0,429633.0,986.2,1012.8,981.3,986.2,120582750,1084.8,887.6,1102.5,649.1,1012.0,9,1,1011.8,1201,5,1011.7,212,4,1011.6,276,4,1011.5,639,10,1012.2,202,3,1012.3,2352,16,1012.4,716,11,1012.5,4317,41,1012.6,1521,24
317,2025-11-26 14:26:49+05:30,1012.0,40,1001.95,7959117,412917.0,429722.0,986.2,1012.8,981.3,986.2,120582750,1084.8,887.6,1102.5,649.1,1012.0,9,1,1011.8,1201,5,1011.7,177,3,1011.6,276,4,1011.5,718,15,1012.2,814,6,1012.3,1769,14,1012.4,716,11,1012.5,4317,41,1012.6,1521,24
317,2025-11-26 14:26:50+05:30,1012.2,1,1001.95,7959218,412913.0,429761.0,986.2,1012.8,981.3,986.2,120582750,1084.8,887.6,1102.5,649.1,1012.0,9,1,1011.8,1093,4,1011.7,309,4,1011.6,380,6,1011.5,718,15,1012.2,667,4,1012.3,1844,15,1012.4,827,12,1012.5,4317,41,1012.6,1521,24
317,2025-11-26 14:26:50+05:30,1012.2,1,1001.95,7959218,412913.0,429761.0,986.2,1012.8,981.3,986.2,120582750,1084.8,887.6,1102.5,649.1,1012.0,9,1,1011.8,1093,4,1011.7,309,4,1011.6,380,6,1011.5,718,15,1012.2,667,4,1012.3,1844,15,1012.4,827,12,1012.5,4317,41,1012.6,1521,24
317,2025-11-26 14:26:51+05:30,1012.2,1,1001.95,7959219,413001.0,429169.0,986.2,1012.8,981.3,986.2,120582750,1084.8,887.6,1102.5,649.1,1012.0,15,2,1011.8,1093,4,1011.7,309,4,1011.6,464,8,1011.5,718,15,1012.2,544,2,1012.3,1769,14,1012.4,705,12,1012.5,4317,41,1012.6,1653,25
317,2025-11-26 14:26:52+05:30,1012.2,1,1001.95,7959219,413066.0,428977.0,986.2,1012.8,981.3,986.2,120582750,1084.8,887.6,1102.5,649.1,1012.0,15,2,1011.8,1093,4,1011.7,309,4,1011.6,464,8,1011.5,718,15,1012.2,544,2,1012.3,1345,11,1012.4,1002,13,1012.5,4371,40,1012.6,1574,20
317,2025-11-26 14:26:53+05:30,1012.2,5,1001.95,7959219,413066.0,428977.0,986.2,1012.8,981.3,986.2,120582750,1084.8,887.6,1102.5,649.1,1012.0,15,2,1011.8,1093,4,1011.7,309,4,1011.6,464,8,1011.5,718,15,1012.2,544,2,1012.3,1345,11,1012.4,1002,13,1012.5,4371,40,1012.6,1574,20
317,2025-11-26 14:26:53+05:30,1012.2,23,1001.96,7959706,413853.0,429129.0,986.2,1012.8,981.3,986.2,120582750,1084.8,887.6,1102.5,649.1,1012.0,7,1,1011.8,722,4,1011.7,437,6,1011.6,917,15,1011.5,718,15,1012.2,383,3,1012.3,1352,11,1012.4,1494,12,1012.5,4334,43,1012.6,1544,22
317,2025-11-26 14:26:54+05:30,1012.0,5,1001.96,7959706,413853.0,429129.0,986.2,1012.8,981.3,986.2,120582750,1084.8,887.6,1102.5,649.1,1012.0,7,1,1011.8,722,4,1011.7,437,6,1011.6,917,15,1011.5,718,15,1012.2,383,3,1012.3,1352,11,1012.4,1494,12,1012.5,4334,43,1012.6,1544,22
317,2025-11-26 14:26:54+05:30,1012.0,5,1001.96,7959711,415348.0,429516.0,986.2,1012.8,981.3,986.2,120582750,1084.8,887.6,1102.5,649.1,1012.0,2,1,1011.8,1472,5,1011.7,517,7,1011.6,837,14,1011.5,718,15,1012.1,87,2,1012.2,383,3,1012.3,1391,12,1012.4,1431,11,1012.5,4241,43
317,2025-11-26 14:26:55+05:30,1012.1,8,1001.96,7959711,415348.0,429516.0,986.2,1012.8,981.3,986.2,120582750,1084.8,887.6,1102.5,649.1,1012.0,2,1,1011.8,1472,5,1011.7,517,7,1011.6,837,14,1011.5,718,15,1012.1,87,2,1012.2,383,3,1012.3,1391,12,1012.4,1431,11,1012.5,4241,43
317,2025-11-26 14:26:55+05:30,1012.1,8,1001.96,7960123,415185.0,428121.0,986.2,1012.8,981.3,986.2,120582750,1084.8,887.6,1102.5,649.1,1012.0,43,2,1011.8,1520,6,1011.7,661,9,1011.6,757,13,1011.5,718,15,1012.1,84,3,1012.2,383,3,1012.3,1132,9,1012.4,850,10,1012.5,3809,40
317,2025-11-26 14:26:56+05:30,1012.0,24,1001.96,7960123,415185.0,428121.0,986.2,1012.8,981.3,986.2,120582750,1084.8,887.6,1102.5,649.1,1012.0,43,2,1011.8,1520,6,1011.7,661,9,1011.6,757,13,1011.5,718,15,1012.1,84,3,1012.2,383,3,1012.3,1132,9,1012.4,850,10,1012.5,3809,40
317,2025-11-26 14:26:56+05:30,1012.0,24,1001.96,7960186,417505.0,428766.0,986.2,1012.8,981.3,986.2,120582750,1084.8,887.6,1102.5,649.1,1012.0,1439,5,1011.9,89,2,1011.8,422,8,1011.7,575,9,1011.6,1353,17,1012.1,23,1,1012.2,336,2,1012.3,1586,9,1012.4,467,7,1012.5,4082,41
317,2025-11-26 14:26:57+05:30,1012.0,10,1001.96,7960186,417505.0,428766.0,986.2,1012.8,981.3,986.2,120582750,1084.8,887.6,1102.5,649.1,1012.0,1439,5,1011.9,89,2,1011.8,422,8,1011.7,575,9,1011.6,1353,17,1012.1,23,1,1012.2,336,2,1012.3,1586,9,1012.4,467,7,1012.5,4082,41
317,2025-11-26 14:26:57+05:30,1012.0,10,1001.96,7960196,417527.0,428229.0,986.2,1012.8,981.3,986.2,120582750,1084.8,887.6,1102.5,649.1,1012.0,1467,6,1011.9,169,3,1011.8,342,7,1011.7,575,9,1011.6,1392,18,1012.1,23,1,1012.2,336,2,1012.3,1585,8,1012.4,467,7,1012.5,4082,41
317,2025-11-26 14:26:58+05:30,1012.0,56,1001.96,7960196,417527.0,428229.0,986.2,1012.8,981.3,986.2,120582750,1084.8,887.6,1102.5,649.1,1012.0,1467,6,1011.9,169,3,1011.8,342,7,1011.7,575,9,1011.6,1392,18,1012.1,23,1,1012.2,336,2,1012.3,1585,8,1012.4,467,7,1012.5,4082,41
317,2025-11-26 14:26:58+05:30,1012.0,56,1001.96,7960502,417284.0,428120.0,986.2,1012.8,981.3,986.2,120582750,1084.8,887.6,1102.5,649.1,1012.0,1488,6,1011.9,215,3,1011.8,395,8,1011.7,547,8,1011.6,1537,18,1012.1,2,1,1012.2,213,1,1012.3,1583,7,1012.4,405,6,1012.5,4082,41
317,2025-11-26 14:26:58+05:30,1012.0,56,1001.96,7960502,417311.0,428105.0,986.2,1012.8,981.3,986.2,120582750,1084.8,887.6,1102.5,649.1,1012.0,1488,6,1011.9,135,2,1011.8,475,9,1011.7,574,9,1011.6,1537,18,1012.1,2,1,1012.2,292,3,1012.3,1583,7,1012.4,405,6,1012.5,4082,41
317,2025-11-26 14:27:00+05:30,1012.2,109,1001.96,7960502,417311.0,428105.0,986.2,1012.8,981.3,986.2,120582750,1084.8,887.6,1102.5,649.1,1012.0,1488,6,1011.9,135,2,1011.8,475,9,1011.7,574,9,1011.6,1537,18,1012.1,2,1,1012.2,292,3,1012.3,1583,7,1012.4,405,6,1012.5,4082,41
317,2025-11-26 14:27:00+05:30,1012.3,91,1001.96,7962121,417895.0,422991.0,986.2,1012.8,981.3,986.2,120582750,1084.8,887.6,1102.5,649.1,1012.1,108,5,1012.0,1714,11,1011.9,647,10,1011.8,633,10,1011.7,916,11,1012.3,409,1,1012.5,3251,30,1012.6,1300,14,1012.7,2053,12,1012.8,1275,18
317,2025-11-26 14:27:01+05:30,1012.3,1,1001.96,7962121,417895.0,422991.0,986.2,1012.8,981.3,986.2,120582750,1084.8,887.6,1102.5,649.1,1012.1,108,5,1012.0,1714,11,1011.9,647,10,1011.8,633,10,1011.7,916,11,1012.3,409,1,1012.5,3251,30,1012.6,1300,14,1012.7,2053,12,1012.8,1275,18
317,2025-11-26 14:27:01+05:30,1012.3,1,1001.96,7962131,417552.0,424978.0,986.2,1012.8,981.3,986.2,120582750,1084.8,887.6,1102.5,649.1,1012.1,6,2,1012.0,1532,7,1011.9,658,9,1011.8,630,10,1011.7,1255,11,1012.3,408,1,1012.5,3755,34,1012.6,1529,24,1012.7,2295,16,1012.8,1403,19
317,2025-11-26 14:27:02+05:30,1012.3,1,1001.96,7962131,417352.0,424980.0,986.2,1012.8,981.3,986.2,120582750,1084.8,887.6,1102.5,649.1,1012.1,5,2,1012.0,1532,7,1011.9,694,10,1011.8,630,10,1011.7,1189,11,1012.3,409,2,1012.5,3728,33,1012.6,1469,24,1012.7,2383,17,1012.8,1403,19
317,2025-11-26 14:27:03+05:30,1012.3,23,1001.96,7962131,417352.0,424980.0,986.2,1012.8,981.3,986.2,120582750,1084.8,887.6,1102.5,649.1,1012.1,5,2,1012.0,1532,7,1011.9,694,10,1011.8,630,10,1011.7,1189,11,1012.3,409,2,1012.5,3728,33,1012.6,1469,24,1012.7,2383,17,1012.8,1403,19
317,2025-11-26 14:27:03+05:30,1012.1,4,1001.96,7962167,417437.0,424959.0,986.2,1012.8,981.3,986.2,120582750,1084.8,887.6,1102.5,649.1,1012.1,1,1,1012.0,1532,7,1011.9,774,12,1011.8,630,10,1011.7,714,10,1012.3,378,2,1012.5,3661,32,1012.6,1467,25,1012.7,2369,16,1012.8,1403,19
317,2025-11-26 14:27:04+05:30,1012.1,4,1001.96,7962167,417437.0,424959.0,986.2,1012.8,981.3,986.2,120582750,1084.8,887.6,1102.5,649.1,1012.1,1,1,1012.0,1532,7,1011.9,774,12,1011.8,630,10,1011.7,714,10,1012.3,378,2,1012.5,3661,32,1012.6,1467,25,1012.7,2369,16,1012.8,1403,19
317,2025-11-26 14:27:04+05:30,1012.2,213,1001.96,7962380,417152.0,425122.0,986.2,1012.8,981.3,986.2,120582750,1084.8,887.6,1102.5,649.1,1012.1,2,2,1012.0,1504,6,1011.9,616,10,1011.8,550,9,1011.7,1178,10,1012.2,50,1,1012.3,378,2,1012.5,3840,34,1012.6,1467,25,1012.7,2369,16
317,2025-11-26 14:27:05+05:30,1012.2,5,1001.96,7962380,417152.0,425122.0,986.2,1012.8,981.3,986.2,120582750,1084.8,887.6,1102.5,649.1,1012.1,2,2,1012.0,1504,6,1011.9,616,10,1011.8,550,9,1011.7,1178,10,1012.2,50,1,1012.3,378,2,1012.5,3840,34,1012.6,1467,25,1012.7,2369,16
317,2025-11-26 14:27:05+05:30,1012.2,2,1001.96,7962387,416947.0,425466.0,986.2,1012.8,981.3,986.2,120582750,1084.8,887.6,1102.5,649.1,1012.1,2,2,1012.0,1493,5,1011.9,479,8,1011.8,638,10,1011.7,1089,9,1012.2,43,1,1012.3,388,4,1012.4,49,1,1012.5,3775,33,1012.6,1430,24
317,2025-11-26 14:27:06+05:30,1012.2,1,1001.96,7962387,416947.0,425466.0,986.2,1012.8,981.3,986.2,120582750,1084.8,887.6,1102.5,649.1,1012.1,2,2,1012.0,1493,5,1011.9,479,8,1011.8,638,10,1011.7,1089,9,1012.2,43,1,1012.3,388,4,1012.4,49,1,1012.5,3775,33,1012.6,1430,24
317,2025-11-26 14:27:06+05:30,1012.2,1,1001.96,7962388,417074.0,425465.0,986.2,1012.8,981.3,986.2,120582750,1084.8,887.6,1102.5,649.1,1012.1,11,3,1012.0,1502,6,1011.9,333,6,1011.8,745,11,1011.7,1172,9,1012.2,42,1,1012.3,388,4,1012.4,49,1,1012.5,3841,35,1012.6,1456,26
317,2025-11-26 14:27:07+05:30,1012.2,1,1001.96,7962388,417035.0,425816.0,986.2,1012.8,981.3,986.2,120582750,1084.8,887.6,1102.5,649.1,1012.1,17,4,1012.0,1502,6,1011.9,333,6,1011.8,745,11,1011.7,1127,9,1012.2,44,2,1012.3,388,4,1012.4,49,1,1012.5,3929,36,1012.6,1456,26
317,2025-11-26 14:27:08+05:30,1012.1,2,1001.96,7962388,417035.0,425816.0,986.2,1012.8,981.3,986.2,120582750,1084.8,887.6,1102.5,649.1,1012.1,17,4,1012.0,1502,6,1011.9,333,6,1011.8,745,11,1011.7,1127,9,1012.2,44,2,1012.3,388,4,1012.4,49,1,1012.5,3929,36,1012.6,1456,26
317,2025-11-26 14:27:08+05:30,1012.1,2,1001.96,7962408,417305.0,425785.0,986.2,1012.8,981.3,986.2,120582750,1084.8,887.6,1102.5,649.1,1012.1,10,3,1012.0,1502,6,1011.9,285,5,1011.8,614,8,1011.7,1173,9,1012.2,44,2,1012.3,436,5,1012.4,49,1,1012.5,3826,35,1012.6,1544,27
317,2025-11-26 14:27:09+05:30,1012.1,9,1001.96,7962408,417305.0,425785.0,986.2,1012.8,981.3,986.2,120582750,1084.8,887.6,1102.5,649.1,1012.1,10,3,1012.0,1502,6,1011.9,285,5,1011.8,614,8,1011.7,1173,9,1012.2,44,2,1012.3,436,5,1012.4,49,1,1012.5,3826,35,1012.6,1544,27
317,2025-11-26 14:27:09+05:30,1012.1,9,1001.96,7962678,417713.0,425608.0,986.2,1012.8,981.3,986.2,120582750,1084.8,887.6,1102.5,649.1,1012.1,45,1,1012.0,1604,10,1011.9,516,9,1011.8,581,10,1011.7,1336,11,1012.2,2,1,1012.3,388,4,1012.5,3439,34,1012.6,1710,23,1012.7,2246,14
317,2025-11-26 14:27:10+05:30,1012.3,206,1001.96,7962678,417713.0,425608.0,986.2,1012.8,981.3,986.2,120582750,1084.8,887.6,1102.5,649.1,1012.1,45,1,1012.0,1604,10,1011.9,516,9,1011.8,581,10,1011.7,1336,11,1012.2,2,1,1012.3,388,4,1012.5,3439,34,1012.6,1710,23,1012.7,2246,14
317,2025-11-26 14:27:10+05:30,1012.3,206,1001.96,7962886,417675.0,424831.0,986.2,1012.8,981.3,986.2,120582750,1084.8,887.6,1102.5,649.1,1012.2,1,1,1012.0,1553,8,1011.9,580,9,1011.8,641,10,1011.7,825,10,1012.3,189,5,1012.5,3461,35,1012.6,1600,22,1012.7,2312,15,1012.8,1894,22
317,2025-11-26 14:27:11+05:30,1012.3,2,1001.96,7962886,417675.0,424831.0,986.2,1012.8,981.3,986.2,120582750,1084.8,887.6,1102.5,649.1,1012.2,1,1,1012.0,1553,8,1011.9,580,9,1011.8,641,10,1011.7,825,10,1012.3,189,5,1012.5,3461,35,1012.6,1600,22,1012.7,2312,15,1012.8,1894,22
317,2025-11-26 14:27:11+05:30,1012.3,80,1001.96,7962970,416485.0,425624.0,986.2,1012.8,981.3,986.2,120582750,1084.8,887.6,1102.5,649.1,1012.0,1513,6,1011.9,337,6,1011.8,654,10,1011.7,621,9,1011.6,1128,26,1012.2,146,4,1012.3,125,5,1012.4,232,2,1012.5,3651,38,1012.6,1955,27
317,2025-11-26 14:27:12+05:30,1012.0,5,1001.96,7962970,416485.0,425624.0,986.2,1012.8,981.3,986.2,120582750,1084.8,887.6,1102.5,649.1,1012.0,1513,6,1011.9,337,6,1011.8,654,10,1011.7,621,9,1011.6,1128,26,1012.2,146,4,1012.3,125,5,1012.4,232,2,1012.5,3651,38,1012.6,1955,27
317,2025-11-26 14:27:12+05:30,1012.0,5,1001.96,7962975,416254.0,425154.0,986.2,1012.8,981.3,986.2,120582750,1084.8,887.6,1102.5,649.1,1012.1,12,2,1012.0,1582,7,1011.9,169,3,1011.8,575,9,1011.7,700,10,1012.2,153,5,1012.3,166,5,1012.4,149,4,1012.5,4107,41,1012.6,1486,23
317,2025-11-26 14:27:13+05:30,1012.1,51,1001.96,7962975,416254.0,425154.0,986.2,1012.8,981.3,986.2,120582750,1084.8,887.6,1102.5,649.1,1012.1,12,2,1012.0,1582,7,1011.9,169,3,1011.8,575,9,1011.7,700,10,1012.2,153,5,1012.3,166,5,1012.4,149,4,1012.5,4107,41,1012.6,1486,23
317,2025-11-26 14:27:13+05:30,1012.1,16,1001.96,7963108,417310.0,426065.0,986.2,1012.8,981.3,986.2,120582750,1084.8,887.6,1102.5,649.1,1012.0,1481,5,1011.9,9,1,1011.8,213,5,1011.7,654,9,1011.6,989,23,1012.1,579,8,1012.2,28,2,1012.3,139,4,1012.4,496,9,1012.5,3923,37
317,2025-11-26 14:27:14+05:30,1012.1,16,1001.96,7963108,417310.0,426065.0,986.2,1012.8,981.3,986.2,120582750,1084.8,887.6,1102.5,649.1,1012.0,1481,5,1011.9,9,1,1011.8,213,5,1011.7,654,9,1011.6,989,23,1012.1,579,8,1012.2,28,2,1012.3,139,4,1012.4,496,9,1012.5,3923,37
317,2025-11-26 14:27:14+05:30,1012.1,15,1001.96,7963323,417388.0,426361.0,986.2,1012.8,981.3,986.2,120582750,1084.8,887.6,1102.5,649.1,1012.0,1414,6,1011.9,18,2,1011.8,260,6,1011.7,654,9,1011.6,1020,24,1012.1,482,8,1012.2,65,3,1012.3,465,7,1012.4,549,8,1012.5,3923,37
317,2025-11-26 14:27:15+05:30,1012.1,15,1001.96,7963323,417388.0,426361.0,986.2,1012.8,981.3,986.2,120582750,1084.8,887.6,1102.5,649.1,1012.0,1414,6,1011.9,18,2,1011.8,260,6,1011.7,654,9,1011.6,1020,24,1012.1,482,8,1012.2,65,3,1012.3,465,7,1012.4,549,8,1012.5,3923,37
317,2025-11-26 14:27:15+05:30,1012.0,5,1001.96,7963330,417545.0,426521.0,986.2,1012.8,981.3,986.2,120582750,1084.8,887.6,1102.5,649.1,1012.0,1409,6,1011.9,18,2,1011.8,388,7,1011.7,714,10,1011.6,1020,24,1012.1,578,8,1012.2,38,2,1012.3,565,8,1012.4,575,9,1012.5,3823,36
317,2025-11-26 14:27:16+05:30,1012.1,1,1001.96,7963330,417545.0,426521.0,986.2,1012.8,981.3,986.2,120582750,1084.8,887.6,1102.5,649.1,1012.0,1409,6,1011.9,18,2,1011.8,388,7,1011.7,714,10,1011.6,1020,24,1012.1,578,8,1012.2,38,2,1012.3,565,8,1012.4,575,9,1012.5,3823,36
317,2025-11-26 14:27:16+05:30,1012.0,150,1001.96,7963481,417422.0,426526.0,986.2,1012.8,981.3,986.2,120582750,1084.8,887.6,1102.5,649.1,1012.0,1499,8,1011.9,18,2,1011.8,371,7,1011.7,556,8,1011.6,1020,24,1012.1,485,8,1012.2,92,3,1012.3,674,10,1012.4,496,8,1012.5,3981,38
317,2025-11-26 14:27:17+05:30,1012.1,54,1001.96,7963481,417422.0,426526.0,986.2,1012.8,981.3,986.2,120582750,1084.8,887.6,1102.5,649.1,1012.0,1499,8,1011.9,18,2,1011.8,371,7,1011.7,556,8,1011.6,1020,24,1012.1,485,8,1012.2,92,3,1012.3,674,10,1012.4,496,8,1012.5,3981,38
317,2025-11-26 14:27:17+05:30,1012.1,2,1001.96,7963921,413916.0,428554.0,986.2,1012.8,981.3,986.2,120582750,1084.8,887.6,1102.5,649.1,1012.0,346,5,1011.9,18,2,1011.8,50,2,1011.7,993,5,1011.6,815,14,1012.1,321,6,1012.2,643,10,1012.3,934,11,1012.4,1206,14,1012.5,3608,37
317,2025-11-26 14:27:18+05:30,1012.2,33,1001.96,7963921,413916.0,428554.0,986.2,1012.8,981.3,986.2,120582750,1084.8,887.6,1102.5,649.1,1012.0,346,5,1011.9,18,2,1011.8,50,2,1011.7,993,5,1011.6,815,14,1012.1,321,6,1012.2,643,10,1012.3,934,11,1012.4,1206,14,1012.5,3608,37
317,2025-11-26 14:27:18+05:30,1012.0,87,1001.96,7965275,414587.0,428454.0,986.2,1012.8,981.3,986.2,120582750,1084.8,887.6,1102.5,649.1,1012.0,162,2,1011.9,27,3,1011.8,9,1,1011.7,1512,3,1011.6,529,8,1012.1,877,3,1012.2,601,8,1012.3,977,12,1012.4,1430,20,1012.5,2910,30
317,2025-11-26 14:27:19+05:30,1012.0,87,1001.96,7965275,414587.0,428454.0,986.2,1012.8,981.3,986.2,120582750,1084.8,887.6,1102.5,649.1,1012.0,162,2,1011.9,27,3,1011.8,9,1,1011.7,1512,3,1011.6,529,8,1012.1,877,3,1012.2,601,8,1012.3,977,12,1012.4,1430,20,1012.5,2910,30
317,2025-11-26 14:27:19+05:30,1012.0,69,1001.96,7965515,412163.0,429288.0,986.2,1012.8,981.3,986.2,120582750,1084.8,887.6,1102.5,649.1,1011.9,27,3,1011.8,9,1,1011.7,1543,4,1011.6,419,6,1011.5,588,10,1012.1,998,6,1012.2,1443,15,1012.3,1275,13,1012.4,1034,18,1012.5,2897,29
317,2025-11-26 14:27:20+05:30,1012.0,69,1001.96,7965515,412163.0,429288.0,986.2,1012.8,981.3,986.2,120582750,1084.8,887.6,1102.5,649.1,1011.9,27,3,1011.8,9,1,1011.7,1543,4,1011.6,419,6,1011.5,588,10,1012.1,998,6,1012.2,1443,15,1012.3,1275,13,1012.4,1034,18,1012.5,2897,29
317,2025-11-26 14:27:20+05:30,1012.1,85,1001.96,7966266,415178.0,428482.0,986.2,1012.8,981.3,986.2,120582750,1084.8,887.6,1102.5,649.1,1011.9,27,3,1011.8,9,1,1011.7,1429,3,1011.6,501,8,1011.5,659,11,1012.0,240,2,1012.1,869,3,1012.2,866,8,1012.3,1095,12,1012.4,1120,17
317,2025-11-26 14:27:21+05:30,1012.0,750,1001.96,7966266,415178.0,428482.0,986.2,1012.8,981.3,986.2,120582750,1084.8,887.6,1102.5,649.1,1011.9,27,3,1011.8,9,1,1011.7,1429,3,1011.6,501,8,1011.5,659,11,1012.0,240,2,1012.1,869,3,1012.2,866,8,1012.3,1095,12,1012.4,1120,17
317,2025-11-26 14:27:21+05:30,1012.0,104,1001.97,7968030,415286.0,429305.0,986.2,1012.8,981.3,986.2,120582750,1084.8,887.6,1102.5,649.1,1011.9,22,3,1011.8,9,1,1011.7,1500,4,1011.6,352,6,1011.5,480,8,1012.0,1237,7,1012.1,1010,4,1012.2,819,9,1012.3,1062,12,1012.4,1241,17
317,2025-11-26 14:27:22+05:30,1012.0,104,1001.97,7968030,415286.0,429305.0,986.2,1012.8,981.3,986.2,120582750,1084.8,887.6,1102.5,649.1,1011.9,22,3,1011.8,9,1,1011.7,1500,4,1011.6,352,6,1011.5,480,8,1012.0,1237,7,1012.1,1010,4,1012.2,819,9,1012.3,1062,12,1012.4,1241,17
317,2025-11-26 14:27:22+05:30,1011.8,4,1001.97,7968244,416736.0,428892.0,986.2,1012.8,981.3,986.2,120582750,1084.8,887.6,1102.5,649.1,1011.7,1429,3,1011.6,421,8,1011.5,363,7,1011.4,598,9,1011.3,945,17,1011.8,144,2,1011.9,181,3,1012.0,937,5,1012.1,1252,6,1012.2,767,8
317,2025-11-26 14:27:23+05:30,1011.8,23,1001.97,7968244,416736.0,428892.0,986.2,1012.8,981.3,986.2,120582750,1084.8,887.6,1102.5,649.1,1011.7,1429,3,1011.6,421,8,1011.5,363,7,1011.4,598,9,1011.3,945,17,1011.8,144,2,1011.9,181,3,1012.0,937,5,1012.1,1252,6,1012.2,767,8
317,2025-11-26 14:27:23+05:30,1011.7,28,1001.97,7969861,411031.0,430552.0,986.2,1012.8,981.3,986.2,120582750,1084.8,887.6,1102.5,649.1,1011.7,347,3,1011.6,200,4,1011.5,3,2,1011.4,187,2,1011.3,416,7,1011.8,612,7,1011.9,446,8,1012.0,995,9,1012.1,1593,14,1012.2,1184,11
317,2025-11-26 14:27:24+05:30,1011.7,28,1001.97,7969861,411031.0,430552.0,986.2,1012.8,981.3,986.2,120582750,1084.8,887.6,1102.5,649.1,1011.7,347,3,1011.6,200,4,1011.5,3,2,1011.4,187,2,1011.3,416,7,1011.8,612,7,1011.9,446,8,1012.0,995,9,1012.1,1593,14,1012.2,1184,11
317,2025-11-26 14:27:25+05:30,1011.8,49,1001.97,7970122,408832.0,430824.0,986.2,1012.8,981.3,986.2,120582750,1084.8,887.6,1102.5,649.1,1011.7,303,2,1011.6,99,4,1011.5,3,2,1011.4,315,3,1011.3,541,8,1011.8,534,8,1011.9,728,11,1012.0,1057,11,1012.1,1889,14,1012.2,886,10
317,2025-11-26 14:27:25+05:30,1011.8,49,1001.97,7970122,408832.0,430824.0,986.2,1012.8,981.3,986.2,120582750,1084.8,887.6,1102.5,649.1,1011.7,303,2,1011.6,99,4,1011.5,3,2,1011.4,315,3,1011.3,541,8,1011.8,534,8,1011.9,728,11,1012.0,1057,11,1012.1,1889,14,1012.2,886,10
317,2025-11-26 14:27:26+05:30,1011.8,2,1001.97,7970180,408778.0,431160.0,986.2,1012.8,981.3,986.2,120582750,1084.8,887.6,1102.5,649.1,1011.7,309,3,1011.6,12,2,1011.5,3,2,1011.4,315,3,1011.3,541,8,1011.8,981,10,1011.9,478,8,1012.0,1128,12,1012.1,1889,14,1012.2,891,11
317,2025-11-26 14:27:26+05:30,1011.8,2,1001.97,7970180,408778.0,431160.0,986.2,1012.8,981.3,986.2,120582750,1084.8,887.6,1102.5,649.1,1011.7,309,3,1011.6,12,2,1011.5,3,2,1011.4,315,3,1011.3,541,8,1011.8,981,10,1011.9,478,8,1012.0,1128,12,1012.1,1889,14,1012.2,891,11
317,2025-11-26 14:27:27+05:30,1011.8,75,1001.97,7971095,408590.0,430323.0,986.2,1012.8,981.3,986.2,120582750,1084.8,887.6,1102.5,649.1,1011.7,207,4,1011.6,12,2,1011.5,3,2,1011.4,187,2,1011.3,567,8,1011.8,216,3,1011.9,393,8,1012.0,1199,13,1012.1,1576,13,1012.2,1180,11
317,2025-11-26 14:27:27+05:30,1011.8,75,1001.97,7971095,408590.0,430323.0,986.2,1012.8,981.3,986.2,120582750,1084.8,887.6,1102.5,649.1,1011.7,207,4,1011.6,12,2,1011.5,3,2,1011.4,187,2,1011.3,567,8,1011.8,216,3,1011.9,393,8,1012.0,1199,13,1012.1,1576,13,1012.2,1180,11
317,2025-11-26 14:27:28+05:30,1011.8,75,1001.97,7971095,408595.0,431139.0,986.2,1012.8,981.3,986.2,120582750,1084.8,887.6,1102.5,649.1,1011.7,207,4,1011.6,12,2,1011.5,3,2,1011.4,315,3,1011.3,626,9,1011.8,343,5,1011.9,1016,12,1012.0,1131,12,1012.1,1874,14,1012.2,882,10
317,2025-11-26 14:27:29+05:30,1011.8,30,1001.97,7971095,408595.0,431139.0,986.2,1012.8,981.3,986.2,120582750,1084.8,887.6,1102.5,649.1,1011.7,207,4,1011.6,12,2,1011.5,3,2,1011.4,315,3,1011.3,626,9,1011.8,343,5,1011.9,1016,12,1012.0,1131,12,1012.1,1874,14,1012.2,882,10
317,2025-11-26 14:27:29+05:30,1011.8,30,1001.97,7971588,408084.0,430494.0,986.2,1012.8,981.3,986.2,120582750,1084.8,887.6,1102.5,649.1,1011.7,22,2,1011.6,12,2,1011.5,3,2,1011.4,168,2,1011.3,437,7,1011.8,129,3,1011.9,882,11,1012.0,936,7,1012.1,1651,11,1012.2,1280,17
317,2025-11-26 14:27:30+05:30,1011.8,19,1001.97,7971613,409461.0,430287.0,986.2,1012.8,981.3,986.2,120582750,1084.8,887.6,1102.5,649.1,1011.7,170,4,1011.6,12,2,1011.5,62,3,1011.4,1046,4,1011.3,698,10,1011.8,608,7,1011.9,309,5,1012.0,794,5,1012.1,1877,16,1012.2,1259,16
317,2025-11-26 14:27:31+05:30,1011.8,5,1001.97,7971613,409461.0,430287.0,986.2,1012.8,981.3,986.2,120582750,1084.8,887.6,1102.5,649.1,1011.7,170,4,1011.6,12,2,1011.5,62,3,1011.4,1046,4,1011.3,698,10,1011.8,608,7,1011.9,309,5,1012.0,794,5,1012.1,1877,16,1012.2,1259,16
317,2025-11-26 14:27:31+05:30,1011.8,5,1001.97,7971709,410172.0,430444.0,986.2,1012.8,981.3,986.2,120582750,1084.8,887.6,1102.5,649.1,1011.7,156,4,1011.6,12,2,1011.5,3,2,1011.4,1796,5,1011.3,627,9,1011.8,704,10,1011.9,290,5,1012.0,972,7,1012.1,1708,13,1012.2,1259,16
317,2025-11-26 14:27:32+05:30,1011.6,25,1001.97,7971709,410172.0,430444.0,986.2,1012.8,981.3,986.2,120582750,1084.8,887.6,1102.5,649.1,1011.7,156,4,1011.6,12,2,1011.5,3,2,1011.4,1796,5,1011.3,627,9,1011.8,704,10,1011.9,290,5,1012.0,972,7,1012.1,1708,13,1012.2,1259,16
317,2025-11-26 14:27:32+05:30,1011.6,25,1001.97,7972390,412057.0,428620.0,986.2,1012.8,981.3,986.2,120582750,1084.8,887.6,1102.5,649.1,1011.6,423,8,1011.5,1714,9,1011.4,409,6,1011.3,785,9,1011.2,1762,13,1011.8,413,9,1011.9,35,1,1012.0,722,4,1012.1,1642,10,1012.2,961,15
317,2025-11-26 14:27:33+05:30,1011.6,28,1001.97,7972390,412057.0,428620.0,986.2,1012.8,981.3,986.2,120582750,1084.8,887.6,1102.5,649.1,1011.6,423,8,1011.5,1714,9,1011.4,409,6,1011.3,785,9,1011.2,1762,13,1011.8,413,9,1011.9,35,1,1012.0,722,4,1012.1,1642,10,1012.2,961,15
317,2025-11-26 14:27:33+05:30,1011.6,6,1001.97,7972668,412426.0,430053.0,986.2,1012.8,981.3,986.2,120582750,1084.8,887.6,1102.5,649.1,1011.5,1593,6,1011.4,152,2,1011.3,672,9,1011.2,1791,13,1011.1,1601,17,1011.6,430,3,1011.7,33,1,1011.8,197,5,1011.9,338,5,1012.0,913,7
317,2025-11-26 14:27:34+05:30,1011.5,150,1001.97,7972668,412426.0,430053.0,986.2,1012.8,981.3,986.2,120582750,1084.8,887.6,1102.5,649.1,1011.5,1593,6,1011.4,152,2,1011.3,672,9,1011.2,1791,13,1011.1,1601,17,1011.6,430,3,1011.7,33,1,1011.8,197,5,1011.9,338,5,1012.0,913,7
317,2025-11-26 14:27:34+05:30,1011.5,150,1001.97,7973118,412496.0,430964.0,986.2,1012.8,981.3,986.2,120582750,1084.8,887.6,1102.5,649.1,1011.5,1326,7,1011.3,226,4,1011.2,1805,13,1011.1,1716,17,1011.0,3724,26,1011.6,629,4,1011.7,429,7,1011.8,198,9,1011.9,627,8,1012.0,913,7
317,2025-11-26 14:27:35+05:30,1011.6,112,1001.97,7973118,412496.0,430964.0,986.2,1012.8,981.3,986.2,120582750,1084.8,887.6,1102.5,649.1,1011.5,1326,7,1011.3,226,4,1011.2,1805,13,1011.1,1716,17,1011.0,3724,26,1011.6,629,4,1011.7,429,7,1011.8,198,9,1011.9,627,8,1012.0,913,7
317,2025-11-26 14:27:35+05:30,1011.6,91,1001.97,7973359,412708.0,430172.0,986.2,1012.8,981.3,986.2,120582750,1084.8,887.6,1102.5,649.1,1011.5,1326,7,1011.4,178,3,1011.3,474,7,1011.2,1844,15,1011.1,1760,18,1011.6,388,3,1011.7,429,7,1011.8,11,3,1011.9,310,7,1012.0,1028,10
317,2025-11-26 14:27:36+05:30,1011.5,150,1001.97,7973359,412708.0,430172.0,986.2,1012.8,981.3,986.2,120582750,1084.8,887.6,1102.5,649.1,1011.5,1326,7,1011.4,178,3,1011.3,474,7,1011.2,1844,15,1011.1,1760,18,1011.6,388,3,1011.7,429,7,1011.8,11,3,1011.9,310,7,1012.0,1028,10
317,2025-11-26 14:27:36+05:30,1011.5,150,1001.97,7973710,412224.0,431186.0,986.2,1012.8,981.3,986.2,120582750,1084.8,887.6,1102.5,649.1,1011.5,1026,7,1011.3,163,3,1011.2,1676,11,1011.1,1770,14,1011.0,3685,26,1011.6,777,7,1011.7,429,5,1011.8,394,8,1011.9,969,17,1012.0,919,8
317,2025-11-26 14:27:37+05:30,1011.6,1,1001.97,7973710,412224.0,431186.0,986.2,1012.8,981.3,986.2,120582750,1084.8,887.6,1102.5,649.1,1011.5,1026,7,1011.3,163,3,1011.2,1676,11,1011.1,1770,14,1011.0,3685,26,1011.6,777,7,1011.7,429,5,1011.8,394,8,1011.9,969,17,1012.0,919,8
317,2025-11-26 14:27:37+05:30,1011.6,1,1001.97,7973711,409933.0,431422.0,986.2,1012.8,981.3,986.2,120582750,1084.8,887.6,1102.5,649.1,1011.5,273,5,1011.3,785,3,1011.2,1587,10,1011.1,1655,11,1011.0,1586,27,1011.6,776,7,1011.7,530,6,1011.8,436,9,1011.9,781,14,1012.0,919,8
317,2025-11-26 14:27:38+05:30,1011.5,40,1001.97,7973711,409933.0,431422.0,986.2,1012.8,981.3,986.2,120582750,1084.8,887.6,1102.5,649.1,1011.5,273,5,1011.3,785,3,1011.2,1587,10,1011.1,1655,11,1011.0,1586,27,1011.6,776,7,1011.7,530,6,1011.8,436,9,1011.9,781,14,1012.0,919,8
317,2025-11-26 14:27:38+05:30,1011.5,93,1001.97,7974161,410159.0,431399.0,986.2,1012.8,981.3,986.2,120582750,1084.8,887.6,1102.5,649.1,1011.5,302,2,1011.4,24,2,1011.3,785,3,1011.2,1561,12,1011.1,1655,11,1011.6,741,6,1011.7,219,5,1011.8,582,11,1011.9,781,14,1012.0,923,9
317,2025-11-26 14:27:39+05:30,1011.5,8,1001.97,7974161,410159.0,431399.0,986.2,1012.8,981.3,986.2,120582750,1084.8,887.6,1102.5,649.1,1011.5,302,2,1011.4,24,2,1011.3,785,3,1011.2,1561,12,1011.1,1655,11,1011.6,741,6,1011.7,219,5,1011.8,582,11,1011.9,781,14,1012.0,923,9
317,2025-11-26 14:27:39+05:30,1011.5,8,1001.97,7974542,409480.0,432158.0,986.2,1012.8,981.3,986.2,120582750,1084.8,887.6,1102.5,649.1,1011.4,24,2,1011.3,785,3,1011.2,1483,11,1011.1,1744,12,1011.0,1432,24,1011.5,74,1,1011.6,740,6,1011.7,145,4,1011.8,437,9,1011.9,827,15
317,2025-11-26 14:27:40+05:30,1011.4,9,1001.97,7974542,409480.0,432158.0,986.2,1012.8,981.3,986.2,120582750,1084.8,887.6,1102.5,649.1,1011.4,24,2,1011.3,785,3,1011.2,1483,11,1011.1,1744,12,1011.0,1432,24,1011.5,74,1,1011.6,740,6,1011.7,145,4,1011.8,437,9,1011.9,827,15
317,2025-11-26 14:27:40+05:30,1011.3,18,1001.97,7975441,411165.0,431230.0,986.2,1012.8,981.3,986.2,120582750,1084.8,887.6,1102.5,649.1,1011.3,871,4,1011.2,1421,12,1011.1,1179,6,1011.0,1239,20,1010.9,878,12,1011.5,230,3,1011.6,510,6,1011.7,78,2,1011.8,467,9,1011.9,725,13
317,2025-11-26 14:27:41+05:30,1011.4,2,1001.97,7975441,411165.0,431230.0,986.2,1012.8,981.3,986.2,120582750,1084.8,887.6,1102.5,649.1,1011.3,871,4,1011.2,1421,12,1011.1,1179,6,1011.0,1239,20,1010.9,878,12,1011.5,230,3,1011.6,510,6,1011.7,78,2,1011.8,467,9,1011.9,725,13
317,2025-11-26 14:27:41+05:30,1011.4,2,1001.98,7975593,411289.0,432082.0,986.2,1012.8,981.3,986.2,120582750,1084.8,887.6,1102.5,649.1,1011.3,33,2,1011.2,1951,11,1011.1,1603,11,1011.0,1391,23,1010.9,924,12,1011.4,298,2,1011.5,233,5,1011.6,210,4,1011.7,216,4,1011.8,582,9
317,2025-11-26 14:27:42+05:30,1011.4,50,1001.98,7975593,411289.0,432082.0,986.2,1012.8,981.3,986.2,120582750,1084.8,887.6,1102.5,649.1,1011.3,33,2,1011.2,1951,11,1011.1,1603,11,1011.0,1391,23,1010.9,924,12,1011.4,298,2,1011.5,233,5,1011.6,210,4,1011.7,216,4,1011.8,582,9
317,2025-11-26 14:27:42+05:30,1011.4,50,1001.98,7975653,411457.0,432102.0,986.2,1012.8,981.3,986.2,120582750,1084.8,887.6,1102.5,649.1,1011.3,334,2,1011.2,1980,12,1011.1,1532,10,1011.0,1391,23,1010.9,924,12,1011.4,540,6,1011.5,233,5,1011.6,220,5,1011.7,341,6,1011.8,555,6
317,2025-11-26 14:27:43+05:30,1011.4,5,1001.98,7975653,411457.0,432102.0,986.2,1012.8,981.3,986.2,120582750,1084.8,887.6,1102.5,649.1,1011.3,334,2,1011.2,1980,12,1011.1,1532,10,1011.0,1391,23,1010.9,924,12,1011.4,540,6,1011.5,233,5,1011.6,220,5,1011.7,341,6,1011.8,555,6
317,2025-11-26 14:27:43+05:30,1011.4,49,1001.98,7976421,411227.0,432183.0,986.2,1012.8,981.3,986.2,120582750,1084.8,887.6,1102.5,649.1,1011.3,27,2,1011.2,1823,9,1011.1,1437,9,1011.0,1557,25,1010.9,924,12,1011.4,441,4,1011.5,83,4,1011.6,70,4,1011.7,532,9,1011.8,832,9
317,2025-11-26 14:27:44+05:30,1011.4,64,1001.98,7976421,411227.0,432183.0,986.2,1012.8,981.3,986.2,120582750,1084.8,887.6,1102.5,649.1,1011.3,27,2,1011.2,1823,9,1011.1,1437,9,1011.0,1557,25,1010.9,924,12,1011.4,441,4,1011.5,83,4,1011.6,70,4,1011.7,532,9,1011.8,832,9
317,2025-11-26 14:27:44+05:30,1011.4,2,1001.98,7978012,412819.0,432376.0,986.2,1012.8,981.3,986.2,120582750,1084.8,887.6,1102.5,649.1,1011.3,892,8,1011.2,1682,15,1011.1,1404,8,1011.0,1399,23,1010.9,733,11,1011.4,344,4,1011.5,364,6,1011.6,34,3,1011.7,300,5,1011.8,473,5
317,2025-11-26 14:27:45+05:30,1011.4,2,1001.98,7978012,412819.0,432376.0,986.2,1012.8,981.3,986.2,120582750,1084.8,887.6,1102.5,649.1,1011.3,892,8,1011.2,1682,15,1011.1,1404,8,1011.0,1399,23,1010.9,733,11,1011.4,344,4,1011.5,364,6,1011.6,34,3,1011.7,300,5,1011.8,473,5
317,2025-11-26 14:27:45+05:30,1011.4,60,1001.98,7978074,412962.0,432290.0,986.2,1012.8,981.3,986.2,120582750,1084.8,887.6,1102.5,649.1,1011.3,936,9,1011.2,1682,15,1011.1,1404,8,1011.0,1399,23,1010.9,759,13,1011.4,282,4,1011.5,364,6,1011.6,34,3,1011.7,300,5,1011.8,473,5
317,2025-11-26 14:27:46+05:30,1011.4,1,1001.98,7978074,412962.0,432290.0,986.2,1012.8,981.3,986.2,120582750,1084.8,887.6,1102.5,649.1,1011.3,936,9,1011.2,1682,15,1011.1,1404,8,1011.0,1399,23,1010.9,759,13,1011.4,282,4,1011.5,364,6,1011.6,34,3,1011.7,300,5,1011.8,473,5
317,2025-11-26 14:27:46+05:30,1011.3,6,1001.98,7978675,409322.0,433484.0,986.2,1012.8,981.3,986.2,120582750,1084.8,887.6,1102.5,649.1,1011.3,36,2,1011.2,1144,6,1011.1,1699,5,1011.0,1112,19,1010.9,791,11,1011.4,536,7,1011.5,75,6,1011.6,360,8,1011.7,698,9,1011.8,819,8
317,2025-11-26 14:27:47+05:30,1011.3,6,1001.98,7978675,409322.0,433484.0,986.2,1012.8,981.3,986.2,120582750,1084.8,887.6,1102.5,649.1,1011.3,36,2,1011.2,1144,6,1011.1,1699,5,1011.0,1112,19,1010.9,791,11,1011.4,536,7,1011.5,75,6,1011.6,360,8,1011.7,698,9,1011.8,819,8
317,2025-11-26 14:27:47+05:30,1011.3,14,1001.98,7978725,409576.0,433553.0,986.2,1012.8,981.3,986.2,120582750,1084.8,887.6,1102.5,649.1,1011.3,42,2,1011.2,1144,6,1011.1,1832,7,1011.0,1368,23,1010.9,770,11,1011.4,536,7,1011.5,75,6,1011.6,245,6,1011.7,615,8,1011.8,992,10
317,2025-11-26 14:27:48+05:30,1011.3,14,1001.98,7978725,409576.0,433553.0,986.2,1012.8,981.3,986.2,120582750,1084.8,887.6,1102.5,649.1,1011.3,42,2,1011.2,1144,6,1011.1,1832,7,1011.0,1368,23,1010.9,770,11,1011.4,536,7,1011.5,75,6,1011.6,245,6,1011.7,615,8,1011.8,992,10
317,2025-11-26 14:27:48+05:30,1011.2,146,1001.98,7979313,409464.0,434317.0,986.2,1012.8,981.3,986.2,120582750,1084.8,887.6,1102.5,649.1,1011.2,867,7,1011.1,1113,5,1011.0,2167,18,1010.9,726,10,1010.8,918,13,1011.3,674,5,1011.4,419,5,1011.5,368,9,1011.6,570,10,1011.7,615,8
317,2025-11-26 14:27:49+05:30,1011.2,146,1001.98,7979313,409464.0,434317.0,986.2,1012.8,981.3,986.2,120582750,1084.8,887.6,1102.5,649.1,1011.2,867,7,1011.1,1113,5,1011.0,2167,18,1010.9,726,10,1010.8,918,13,1011.3,674,5,1011.4,419,5,1011.5,368,9,1011.6,570,10,1011.7,615,8
317,2025-11-26 14:27:49+05:30,1011.2,10,1001.98,7979398,409841.0,433797.0,986.2,1012.8,981.3,986.2,120582750,1084.8,887.6,1102.5,649.1,1011.2,871,8,1011.1,1117,6,1011.0,2408,21,1010.9,922,14,1010.8,956,14,1011.3,599,5,1011.4,357,4,1011.5,222,7,1011.6,570,10,1011.7,873,9
317,2025-11-26 14:27:50+05:30,1011.3,5,1001.98,7979398,409841.0,433797.0,986.2,1012.8,981.3,986.2,120582750,1084.8,887.6,1102.5,649.1,1011.2,871,8,1011.1,1117,6,1011.0,2408,21,1010.9,922,14,1010.8,956,14,1011.3,599,5,1011.4,357,4,1011.5,222,7,1011.6,570,10,1011.7,873,9
317,2025-11-26 14:27:50+05:30,1011.2,150,1001.98,7979900,408986.0,434760.0,986.2,1012.8,981.3,986.2,120582750,1084.8,887.6,1102.5,649.1,1011.2,230,5,1011.1,1084,5,1011.0,2167,18,1010.9,670,10,1010.8,1001,14,1011.3,568,6,1011.4,796,10,1011.5,573,10,1011.6,559,10,1011.7,903,11
317,2025-11-26 14:27:51+05:30,1011.3,148,1001.98,7979900,408986.0,434760.0,986.2,1012.8,981.3,986.2,120582750,1084.8,887.6,1102.5,649.1,1011.2,230,5,1011.1,1084,5,1011.0,2167,18,1010.9,670,10,1010.8,1001,14,1011.3,568,6,1011.4,796,10,1011.5,573,10,1011.6,559,10,1011.7,903,11
317,2025-11-26 14:27:51+05:30,1011.4,86,1001.98,7980565,412500.0,433832.0,986.2,1012.8,981.3,986.2,120582750,1084.8,887.6,1102.5,649.1,1011.3,244,2,1011.2,1617,7,1011.1,1328,8,1011.0,1450,24,1010.9,813,12,1011.4,647,9,1011.5,61,2,1011.6,286,5,1011.7,1266,16,1011.8,630,8
317,2025-11-26 14:27:52+05:30,1011.4,86,1001.98,7980565,412500.0,433832.0,986.2,1012.8,981.3,986.2,120582750,1084.8,887.6,1102.5,649.1,1011.3,244,2,1011.2,1617,7,1011.1,1328,8,1011.0,1450,24,1010.9,813,12,1011.4,647,9,1011.5,61,2,1011.6,286,5,1011.7,1266,16,1011.8,630,8
317,2025-11-26 14:27:52+05:30,1011.4,23,1001.98,7980860,410762.0,434120.0,986.2,1012.8,981.3,986.2,120582750,1084.8,887.6,1102.5,649.1,1011.2,211,5,1011.1,2495,8,1011.0,1031,19,1010.9,813,12,1010.8,1131,19,1011.4,840,13,1011.5,272,4,1011.6,519,8,1011.7,1186,15,1011.8,637,9
317,2025-11-26 14:27:53+05:30,1011.4,23,1001.98,7980860,410762.0,434120.0,986.2,1012.8,981.3,986.2,120582750,1084.8,887.6,1102.5,649.1,1011.2,211,5,1011.1,2495,8,1011.0,1031,19,1010.9,813,12,1010.8,1131,19,1011.4,840,13,1011.5,272,4,1011.6,519,8,1011.7,1186,15,1011.8,637,9
317,2025-11-26 14:27:53+05:30,1011.2,5,1001.98,7980880,411271.0,434126.0,986.2,1012.8,981.3,986.2,120582750,1084.8,887.6,1102.5,649.1,1011.2,489,6,1011.1,2495,8,1011.0,1122,20,1010.9,733,11,1010.8,1051,18,1011.3,90,1,1011.4,774,12,1011.5,210,3,1011.6,472,7,1011.7,1346,17
317,2025-11-26 14:27:54+05:30,1011.2,5,1001.98,7980880,411271.0,434126.0,986.2,1012.8,981.3,986.2,120582750,1084.8,887.6,1102.5,649.1,1011.2,489,6,1011.1,2495,8,1011.0,1122,20,1010.9,733,11,1010.8,1051,18,1011.3,90,1,1011.4,774,12,1011.5,210,3,1011.6,472,7,1011.7,1346,17
317,2025-11-26 14:27:55+05:30,1011.3,50,1001.98,7980880,411271.0,434126.0,986.2,1012.8,981.3,986.2,120582750,1084.8,887.6,1102.5,649.1,1011.2,489,6,1011.1,2495,8,1011.0,1122,20,1010.9,733,11,1010.8,1051,18,1011.3,90,1,1011.4,774,12,1011.5,210,3,1011.6,472,7,1011.7,1346,17
317,2025-11-26 14:27:55+05:30,1011.3,50,1001.98,7981541,410674.0,434972.0,986.2,1012.8,981.3,986.2,120582750,1084.8,887.6,1102.5,649.1,1011.2,139,3,1011.1,1089,6,1011.0,2067,17,1010.9,662,9,1010.8,919,13,1011.3,714,6,1011.4,500,10,1011.5,536,8,1011.6,471,7,1011.7,1186,15
317,2025-11-26 14:27:56+05:30,1011.3,3,1001.98,7981541,410674.0,434972.0,986.2,1012.8,981.3,986.2,120582750,1084.8,887.6,1102.5,649.1,1011.2,139,3,1011.1,1089,6,1011.0,2067,17,1010.9,662,9,1010.8,919,13,1011.3,714,6,1011.4,500,10,1011.5,536,8,1011.6,471,7,1011.7,1186,15
317,2025-11-26 14:27:56+05:30,1011.3,3,1001.98,7981577,410807.0,435191.0,986.2,1012.8,981.3,986.2,120582750,1084.8,887.6,1102.5,649.1,1011.2,136,3,1011.1,1089,6,1011.0,2076,18,1010.9,751,11,1010.8,1437,14,1011.3,681,5,1011.4,561,11,1011.5,602,9,1011.6,608,10,1011.7,1160,13
317,2025-11-26 14:27:57+05:30,1011.2,150,1001.98,7981577,410807.0,435191.0,986.2,1012.8,981.3,986.2,120582750,1084.8,887.6,1102.5,649.1,1011.2,136,3,1011.1,1089,6,1011.0,2076,18,1010.9,751,11,1010.8,1437,14,1011.3,681,5,1011.4,561,11,1011.5,602,9,1011.6,608,10,1011.7,1160,13
317,2025-11-26 14:27:57+05:30,1011.2,150,1001.98,7982186,410680.0,434147.0,986.2,1012.8,981.3,986.2,120582750,1084.8,887.6,1102.5,649.1,1011.2,111,3,1011.1,2497,10,1011.0,1067,20,1010.9,730,10,1010.8,1031,16,1011.3,803,7,1011.4,477,7,1011.5,189,3,1011.6,431,8,1011.7,1111,13
317,2025-11-26 14:27:58+05:30,1011.2,13,1001.98,7982186,410680.0,434147.0,986.2,1012.8,981.3,986.2,120582750,1084.8,887.6,1102.5,649.1,1011.2,111,3,1011.1,2497,10,1011.0,1067,20,1010.9,730,10,1010.8,1031,16,1011.3,803,7,1011.4,477,7,1011.5,189,3,1011.6,431,8,1011.7,1111,13
317,2025-11-26 14:27:58+05:30,1011.2,107,1001.98,7982557,411330.0,433802.0,986.2,1012.8,981.3,986.2,120582750,1084.8,887.6,1102.5,649.1,1011.2,422,5,1011.1,2586,11,1011.0,1105,20,1010.9,730,10,1010.8,1031,16,1011.3,591,5,1011.4,527,8,1011.5,249,4,1011.6,431,8,1011.7,1111,13
317,2025-11-26 14:27:59+05:30,1011.2,29,1001.98,7982557,411330.0,433802.0,986.2,1012.8,981.3,986.2,120582750,1084.8,887.6,1102.5,649.1,1011.2,422,5,1011.1,2586,11,1011.0,1105,20,1010.9,730,10,1010.8,1031,16,1011.3,591,5,1011.4,527,8,1011.5,249,4,1011.6,431,8,1011.7,1111,13
317,2025-11-26 14:27:59+05:30,1011.3,100,1001.98,7984141,412578.0,433011.0,986.2,1012.8,981.3,986.2,120582750,1084.8,887.6,1102.5,649.1,1011.3,476,2,1011.2,329,7,1011.1,2924,16,1011.0,1175,20,1010.9,716,10,1011.4,469,6,1011.5,235,4,1011.6,161,7,1011.7,1062,9,1011.8,626,7
317,2025-11-26 14:28:00+05:30,1011.4,99,1001.98,7984141,412578.0,433011.0,986.2,1012.8,981.3,986.2,120582750,1084.8,887.6,1102.5,649.1,1011.3,476,2,1011.2,329,7,1011.1,2924,16,1011.0,1175,20,1010.9,716,10,1011.4,469,6,1011.5,235,4,1011.6,161,7,1011.7,1062,9,1011.8,626,7
317,2025-11-26 14:28:00+05:30,1011.4,2,1001.99,7984242,412551.0,433124.0,986.2,1012.8,981.3,986.2,120582750,1084.8,887.6,1102.5,649.1,1011.3,477,3,1011.2,300,5,1011.1,2841,14,1011.0,1319,22,1010.9,716,10,1011.4,576,7,1011.5,381,6,1011.6,33,2,1011.7,1154,15,1011.8,626,7
317,2025-11-26 14:28:01+05:30,1011.4,1,1001.99,7984242,412551.0,433124.0,986.2,1012.8,981.3,986.2,120582750,1084.8,887.6,1102.5,649.1,1011.3,477,3,1011.2,300,5,1011.1,2841,14,1011.0,1319,22,1010.9,716,10,1011.4,576,7,1011.5,381,6,1011.6,33,2,1011.7,1154,15,1011.8,626,7
317,2025-11-26 14:28:01+05:30,1011.4,1,1001.99,7984452,412448.0,433582.0,986.2,1012.8,981.3,986.2,120582750,1084.8,887.6,1102.5,649.1,1011.3,468,3,1011.2,202,3,1011.1,2762,13,1011.0,1239,21,1010.9,890,12,1011.4,899,12,1011.5,211,3,1011.6,410,6,1011.7,1181,16,1011.8,626,7
317,2025-11-26 14:28:02+05:30,1011.4,1,1001.99,7984452,412521.0,433652.0,986.2,1012.8,981.3,986.2,120582750,1084.8,887.6,1102.5,649.1,1011.3,468,3,1011.2,208,4,1011.1,2825,14,1011.0,1239,21,1010.9,890,12,1011.4,899,12,1011.5,278,4,1011.6,323,5,1011.7,1268,17,1011.8,629,8
317,2025-11-26 14:28:03+05:30,1011.4,4,1001.99,7984452,412521.0,433652.0,986.2,1012.8,981.3,986.2,120582750,1084.8,887.6,1102.5,649.1,1011.3,468,3,1011.2,208,4,1011.1,2825,14,1011.0,1239,21,1010.9,890,12,1011.4,899,12,1011.5,278,4,1011.6,323,5,1011.7,1268,17,1011.8,629,8
317,2025-11-26 14:28:03+05:30,1011.2,1,1001.99,7985358,410602.0,433898.0,986.2,1012.8,981.3,986.2,120582750,1084.8,887.6,1102.5,649.1,1011.2,79,2,1011.1,2535,10,1011.0,739,15,1010.9,761,11,1010.8,920,13,1011.3,318,3,1011.4,486,8,1011.5,327,5,1011.6,541,8,1011.7,1320,18
317,2025-11-26 14:28:04+05:30,1011.3,141,1001.99,7985358,410602.0,433898.0,986.2,1012.8,981.3,986.2,120582750,1084.8,887.6,1102.5,649.1,1011.2,79,2,1011.1,2535,10,1011.0,739,15,1010.9,761,11,1010.8,920,13,1011.3,318,3,1011.4,486,8,1011.5,327,5,1011.6,541,8,1011.7,1320,18
317,2025-11-26 14:28:04+05:30,1011.3,141,1001.99,7986563,411466.0,433593.0,986.2,1012.8,981.3,986.2,120582750,1084.8,887.6,1102.5,649.1,1011.2,223,3,1011.1,2618,12,1011.0,1015,18,1010.9,856,13,1010.8,1032,15,1011.3,319,5,1011.4,466,7,1011.5,61,2,1011.6,457,9,1011.7,1133,13
317,2025-11-26 14:28:05+05:30,1011.3,58,1001.99,7986845,410938.0,433643.0,986.2,1012.8,981.3,986.2,120582750,1084.8,887.6,1102.5,649.1,1011.2,174,5,1011.1,2593,11,1011.0,935,17,1010.9,828,12,1010.8,1032,15,1011.3,480,5,1011.4,518,7,1011.5,290,6,1011.6,965,8,1011.7,629,12
317,2025-11-26 14:28:06+05:30,1011.3,1,1001.99,7986845,410938.0,433643.0,986.2,1012.8,981.3,986.2,120582750,1084.8,887.6,1102.5,649.1,1011.2,174,5,1011.1,2593,11,1011.0,935,17,1010.9,828,12,1010.8,1032,15,1011.3,480,5,1011.4,518,7,1011.5,290,6,1011.6,965,8,1011.7,629,12
317,2025-11-26 14:28:06+05:30,1011.2,48,1001.99,7987041,410821.0,434171.0,986.2,1012.8,981.3,986.2,120582750,1084.8,887.6,1102.5,649.1,1011.2,129,4,1011.1,2468,9,1011.0,652,14,1010.9,741,11,1010.8,1206,17,1011.3,577,6,1011.4,535,7,1011.5,451,7,1011.6,1063,11,1011.7,629,12
317,2025-11-26 14:28:07+05:30,1011.2,48,1001.99,7987041,410821.0,434171.0,986.2,1012.8,981.3,986.2,120582750,1084.8,887.6,1102.5,649.1,1011.2,129,4,1011.1,2468,9,1011.0,652,14,1010.9,741,11,1010.8,1206,17,1011.3,577,6,1011.4,535,7,1011.5,451,7,1011.6,1063,11,1011.7,629,12
317,2025-11-26 14:28:07+05:30,1011.2,73,1001.99,7987767,411208.0,434727.0,986.2,1012.8,981.3,986.2,120582750,1084.8,887.6,1102.5,649.1,1011.2,779,3,1011.1,2318,8,1011.0,958,17,1010.9,662,11,1010.8,1017,15,1011.3,474,4,1011.4,425,6,1011.5,445,8,1011.6,1193,14,1011.7,644,9
317,2025-11-26 14:28:08+05:30,1011.2,85,1001.99,7987767,411208.0,434727.0,986.2,1012.8,981.3,986.2,120582750,1084.8,887.6,1102.5,649.1,1011.2,779,3,1011.1,2318,8,1011.0,958,17,1010.9,662,11,1010.8,1017,15,1011.3,474,4,1011.4,425,6,1011.5,445,8,1011.6,1193,14,1011.7,644,9
317,2025-11-26 14:28:08+05:30,1011.2,85,1001.99,7987852,411121.0,435368.0,986.2,1012.8,981.3,986.2,120582750,1084.8,887.6,1102.5,649.1,1011.2,694,3,1011.1,2318,8,1011.0,680,15,1010.9,640,10,1010.8,1191,17,1011.3,817,9,1011.4,557,8,1011.5,632,11,1011.6,1218,15,1011.7,557,8
317,2025-11-26 14:28:10+05:30,1011.3,1,1001.99,7987852,411121.0,435368.0,986.2,1012.8,981.3,986.2,120582750,1084.8,887.6,1102.5,649.1,1011.2,694,3,1011.1,2318,8,1011.0,680,15,1010.9,640,10,1010.8,1191,17,1011.3,817,9,1011.4,557,8,1011.5,632,11,1011.6,1218,15,1011.7,557,8
317,2025-11-26 14:28:10+05:30,1011.3,1,1001.99,7987853,411039.0,435391.0,986.2,1012.8,981.3,986.2,120582750,1084.8,887.6,1102.5,649.1,1011.2,694,3,1011.1,2318,8,1011.0,680,15,1010.9,640,10,1010.8,1191,17,1011.3,1065,10,1011.4,352,6,1011.5,632,11,1011.6,1193,14,1011.7,557,8
317,2025-11-26 14:28:11+05:30,1011.3,2,1001.99,7987853,411039.0,435391.0,986.2,1012.8,981.3,986.2,120582750,1084.8,887.6,1102.5,649.1,1011.2,694,3,1011.1,2318,8,1011.0,680,15,1010.9,640,10,1010.8,1191,17,1011.3,1065,10,1011.4,352,6,1011.5,632,11,1011.6,1193,14,1011.7,557,8
317,2025-11-26 14:28:11+05:30,1011.3,2,1001.99,7987966,412263.0,435006.0,986.2,1012.8,981.3,986.2,120582750,1084.8,887.6,1102.5,649.1,1011.2,2256,7,1011.1,928,5,1011.0,1166,21,1010.9,704,11,1010.8,1054,18,1011.3,1025,10,1011.4,220,4,1011.5,109,3,1011.6,585,8,1011.7,1301,10
317,2025-11-26 14:28:11+05:30,1011.2,150,1001.99,7988894,411931.0,435320.0,986.2,1012.8,981.3,986.2,120582750,1084.8,887.6,1102.5,649.1,1011.2,1333,6,1011.1,895,4,1011.0,744,16,1010.9,737,11,1010.8,919,16,1011.3,849,10,1011.4,382,5,1011.5,473,9,1011.6,747,14,1011.7,1218,9
317,2025-11-26 14:28:12+05:30,1011.2,150,1001.99,7988894,411931.0,435320.0,986.2,1012.8,981.3,986.2,120582750,1084.8,887.6,1102.5,649.1,1011.2,1333,6,1011.1,895,4,1011.0,744,16,1010.9,737,11,1010.8,919,16,1011.3,849,10,1011.4,382,5,1011.5,473,9,1011.6,747,14,1011.7,1218,9
317,2025-11-26 14:28:13+05:30,1011.3,41,1001.99,7988894,411931.0,435320.0,986.2,1012.8,981.3,986.2,120582750,1084.8,887.6,1102.5,649.1,1011.2,1333,6,1011.1,895,4,1011.0,744,16,1010.9,737,11,1010.8,919,16,1011.3,849,10,1011.4,382,5,1011.5,473,9,1011.6,747,14,1011.7,1218,9
317,2025-11-26 14:28:13+05:30,1011.3,41,1001.99,7989000,409620.0,435451.0,986.2,1012.8,981.3,986.2,120582750,1084.8,887.6,1102.5,649.1,1011.2,244,1,1011.1,895,4,1011.0,1520,16,1010.9,604,8,1010.8,872,12,1011.3,847,13,1011.4,448,5,1011.5,667,11,1011.6,664,13,1011.7,1457,10
317,2025-11-26 14:28:14+05:30,1011.1,109,1001.99,7989000,409620.0,435451.0,986.2,1012.8,981.3,986.2,120582750,1084.8,887.6,1102.5,649.1,1011.2,244,1,1011.1,895,4,1011.0,1520,16,1010.9,604,8,1010.8,872,12,1011.3,847,13,1011.4,448,5,1011.5,667,11,1011.6,664,13,1011.7,1457,10
317,2025-11-26 14:28:14+05:30,1011.2,1,1001.99,7990234,406921.0,436953.0,986.2,1012.8,981.3,986.2,120582750,1084.8,887.6,1102.5,649.1,1011.1,100,3,1011.0,189,13,1010.9,1081,5,1010.8,711,11,1010.7,1231,13,1011.2,1040,10,1011.3,567,9,1011.4,358,5,1011.5,635,11,1011.6,975,15
317,2025-11-26 14:28:15+05:30,1011.2,30,1001.99,7990234,406921.0,436953.0,986.2,1012.8,981.3,986.2,120582750,1084.8,887.6,1102.5,649.1,1011.1,100,3,1011.0,189,13,1010.9,1081,5,1010.8,711,11,1010.7,1231,13,1011.2,1040,10,1011.3,567,9,1011.4,358,5,1011.5,635,11,1011.6,975,15
317,2025-11-26 14:28:15+05:30,1011.2,102,1001.99,7990597,406846.0,436043.0,986.2,1012.8,981.3,986.2,120582750,1084.8,887.6,1102.5,649.1,1011.1,19,2,1011.0,253,14,1010.9,1224,8,1010.8,1279,12,1010.7,1143,12,1011.2,779,9,1011.3,310,7,1011.4,378,5,1011.5,612,10,1011.6,668,14
317,2025-11-26 14:28:16+05:30,1011.0,150,1001.99,7990597,406846.0,436043.0,986.2,1012.8,981.3,986.2,120582750,1084.8,887.6,1102.5,649.1,1011.1,19,2,1011.0,253,14,1010.9,1224,8,1010.8,1279,12,1010.7,1143,12,1011.2,779,9,1011.3,310,7,1011.4,378,5,1011.5,612,10,1011.6,668,14
317,2025-11-26 14:28:16+05:30,1011.0,11,1001.99,7991559,410120.0,436914.0,986.2,1012.8,981.3,986.2,120582750,1084.8,887.6,1102.5,649.1,1011.0,811,5,1010.9,440,7,1010.8,785,13,1010.7,1543,13,1010.6,805,15,1011.1,209,2,1011.2,274,3,1011.3,191,7,1011.4,277,5,1011.5,613,9
317,2025-11-26 14:28:17+05:30,1011.1,50,1001.99,7991559,410120.0,436914.0,986.2,1012.8,981.3,986.2,120582750,1084.8,887.6,1102.5,649.1,1011.0,811,5,1010.9,440,7,1010.8,785,13,1010.7,1543,13,1010.6,805,15,1011.1,209,2,1011.2,274,3,1011.3,191,7,1011.4,277,5,1011.5,613,9
317,2025-11-26 14:28:17+05:30,1011.1,50,1001.99,7991609,409869.0,437131.0,986.2,1012.8,981.3,986.2,120582750,1084.8,887.6,1102.5,649.1,1011.0,763,4,1010.9,221,4,1010.8,868,14,1010.7,962,12,1010.6,1319,16,1011.1,379,6,1011.2,274,3,1011.3,217,9,1011.4,287,4,1011.5,613,9
317,2025-11-26 14:28:18+05:30,1011.1,36,1001.99,7991609,409869.0,437131.0,986.2,1012.8,981.3,986.2,120582750,1084.8,887.6,1102.5,649.1,1011.0,763,4,1010.9,221,4,1010.8,868,14,1010.7,962,12,1010.6,1319,16,1011.1,379,6,1011.2,274,3,1011.3,217,9,1011.4,287,4,1011.5,613,9
317,2025-11-26 14:28:18+05:30,1011.1,36,1001.99,7992254,409522.0,435640.0,986.2,1012.8,981.3,986.2,120582750,1084.8,887.6,1102.5,649.1,1011.1,783,4,1011.0,780,7,1010.9,813,13,1010.8,580,10,1010.7,1138,12,1011.2,451,4,1011.3,147,4,1011.4,46,2,1011.5,406,7,1011.6,406,7
317,2025-11-26 14:28:19+05:30,1011.3,2,1002.0,7993333,413559.0,432781.0,986.2,1012.8,981.3,986.2,120582750,1084.8,887.6,1102.5,649.1,1011.3,1370,5,1011.2,495,9,1011.1,528,11,1011.0,607,9,1010.9,1004,13,1011.4,187,4,1011.5,7,1,1011.6,24,2,1011.7,742,3,1011.8,462,6
317,2025-11-26 14:28:20+05:30,1011.7,61,1002.0,7993333,413559.0,432781.0,986.2,1012.8,981.3,986.2,120582750,1084.8,887.6,1102.5,649.1,1011.3,1370,5,1011.2,495,9,1011.1,528,11,1011.0,607,9,1010.9,1004,13,1011.4,187,4,1011.5,7,1,1011.6,24,2,1011.7,742,3,1011.8,462,6
317,2025-11-26 14:28:20+05:30,1011.8,32,1002.0,7994478,410407.0,433323.0,986.2,1012.8,981.3,986.2,120582750,1084.8,887.6,1102.5,649.1,1011.4,301,2,1011.3,675,3,1011.2,353,7,1011.1,571,11,1011.0,584,9,1011.7,104,1,1011.8,768,7,1011.9,1237,15,1012.0,4331,21,1012.1,2155,16
317,2025-11-26 14:28:21+05:30,1011.7,1,1002.0,7994478,410407.0,433323.0,986.2,1012.8,981.3,986.2,120582750,1084.8,887.6,1102.5,649.1,1011.4,301,2,1011.3,675,3,1011.2,353,7,1011.1,571,11,1011.0,584,9,1011.7,104,1,1011.8,768,7,1011.9,1237,15,1012.0,4331,21,1012.1,2155,16
317,2025-11-26 14:28:21+05:30,1011.8,97,1002.0,7995041,410178.0,433261.0,986.2,1012.8,981.3,986.2,120582750,1084.8,887.6,1102.5,649.1,1011.4,52,2,1011.3,675,3,1011.2,495,9,1011.1,560,11,1011.0,688,10,1011.8,297,6,1011.9,1341,16,1012.0,4398,18,1012.1,2234,21,1012.2,956,9
317,2025-11-26 14:28:22+05:30,1011.8,97,1002.0,7995041,410178.0,433261.0,986.2,1012.8,981.3,986.2,120582750,1084.8,887.6,1102.5,649.1,1011.4,52,2,1011.3,675,3,1011.2,495,9,1011.1,560,11,1011.0,688,10,1011.8,297,6,1011.9,1341,16,1012.0,4398,18,1012.1,2234,21,1012.2,956,9
317,2025-11-26 14:28:22+05:30,1011.8,97,1002.0,7995041,410265.0,436106.0,986.2,1012.8,981.3,986.2,120582750,1084.8,887.6,1102.5,649.1,1011.4,69,3,1011.3,4,1,1011.2,968,8,1011.1,520,10,1011.0,575,8,1011.5,592,6,1011.7,371,6,1011.8,1274,10,1011.9,807,11,1012.0,4252,16
317,2025-11-26 14:28:23+05:30,1011.5,4,1002.0,7995041,410265.0,436106.0,986.2,1012.8,981.3,986.2,120582750,1084.8,887.6,1102.5,649.1,1011.4,69,3,1011.3,4,1,1011.2,968,8,1011.1,520,10,1011.0,575,8,1011.5,592,6,1011.7,371,6,1011.8,1274,10,1011.9,807,11,1012.0,4252,16
317,2025-11-26 14:28:23+05:30,1011.4,5,1002.0,7995077,409944.0,436390.0,986.2,1012.8,981.3,986.2,120582750,1084.8,887.6,1102.5,649.1,1011.4,64,3,1011.3,4,1,1011.2,876,8,1011.1,311,7,1011.0,537,8,1011.5,588,7,1011.6,133,2,1011.7,802,15,1011.8,1248,10,1011.9,1698,10
317,2025-11-26 14:28:24+05:30,1011.3,105,1002.0,7995077,409944.0,436390.0,986.2,1012.8,981.3,986.2,120582750,1084.8,887.6,1102.5,649.1,1011.4,64,3,1011.3,4,1,1011.2,876,8,1011.1,311,7,1011.0,537,8,1011.5,588,7,1011.6,133,2,1011.7,802,15,1011.8,1248,10,1011.9,1698,10
317,2025-11-26 14:28:24+05:30,1011.4,564,1002.0,7996407,410542.0,435397.0,986.2,1012.8,981.3,986.2,120582750,1084.8,887.6,1102.5,649.1,1011.2,56,5,1011.1,1209,12,1011.0,411,6,1010.9,1308,9,1010.8,1443,13,1011.4,116,1,1011.5,327,3,1011.6,183,2,1011.7,385,6,1011.8,1004,14
317,2025-11-26 14:28:25+05:30,1011.1,74,1002.0,7996407,410542.0,435397.0,986.2,1012.8,981.3,986.2,120582750,1084.8,887.6,1102.5,649.1,1011.2,56,5,1011.1,1209,12,1011.0,411,6,1010.9,1308,9,1010.8,1443,13,1011.4,116,1,1011.5,327,3,1011.6,183,2,1011.7,385,6,1011.8,1004,14
317,2025-11-26 14:28:25+05:30,1011.2,1,1002.0,7996705,409606.0,435920.0,986.2,1012.8,981.3,986.2,120582750,1084.8,887.6,1102.5,649.1,1011.1,640,6,1011.0,299,4,1010.9,712,9,1010.8,659,11,1010.7,1772,17,1011.2,274,4,1011.3,150,1,1011.4,117,2,1011.5,422,5,1011.6,471,7
317,2025-11-26 14:28:26+05:30,1011.1,8,1002.0,7996705,409606.0,435920.0,986.2,1012.8,981.3,986.2,120582750,1084.8,887.6,1102.5,649.1,1011.1,640,6,1011.0,299,4,1010.9,712,9,1010.8,659,11,1010.7,1772,17,1011.2,274,4,1011.3,150,1,1011.4,117,2,1011.5,422,5,1011.6,471,7
317,2025-11-26 14:28:26+05:30,1011.1,8,1002.0,7996759,409909.0,436085.0,986.2,1012.8,981.3,986.2,120582750,1084.8,887.6,1102.5,649.1,1011.1,632,6,1011.0,267,4,1010.9,712,9,1010.8,861,13,1010.7,1772,17,1011.2,374,6,1011.3,150,1,1011.4,117,2,1011.5,448,7,1011.6,445,5
317,2025-11-26 14:28:27+05:30,1011.1,150,1002.0,7996759,409909.0,436085.0,986.2,1012.8,981.3,986.2,120582750,1084.8,887.6,1102.5,649.1,1011.1,632,6,1011.0,267,4,1010.9,712,9,1010.8,861,13,1010.7,1772,17,1011.2,374,6,1011.3,150,1,1011.4,117,2,1011.5,448,7,1011.6,445,5
317,2025-11-26 14:28:27+05:30,1011.2,150,1002.0,7997803,408298.0,435464.0,986.2,1012.8,981.3,986.2,120582750,1084.8,887.6,1102.5,649.1,1011.2,1440,5,1011.1,105,3,1011.0,273,5,1010.9,447,7,1010.8,812,12,1011.3,55,1,1011.4,117,2,1011.5,232,3,1011.6,923,5,1011.7,707,9
317,2025-11-26 14:28:28+05:30,1011.2,150,1002.0,7997803,408298.0,435464.0,986.2,1012.8,981.3,986.2,120582750,1084.8,887.6,1102.5,649.1,1011.2,1440,5,1011.1,105,3,1011.0,273,5,1010.9,447,7,1010.8,812,12,1011.3,55,1,1011.4,117,2,1011.5,232,3,1011.6,923,5,1011.7,707,9
317,2025-11-26 14:28:28+05:30,1011.2,150,1002.0,7997803,409118.0,435092.0,986.2,1012.8,981.3,986.2,120582750,1084.8,887.6,1102.5,649.1,1011.2,1353,5,1011.1,177,4,1011.0,418,7,1010.9,752,10,1010.8,1581,15,1011.3,199,5,1011.4,117,2,1011.5,227,2,1011.6,378,6,1011.7,597,9
317,2025-11-26 14:28:29+05:30,1011.2,181,1002.0,7997803,409118.0,435092.0,986.2,1012.8,981.3,986.2,120582750,1084.8,887.6,1102.5,649.1,1011.2,1353,5,1011.1,177,4,1011.0,418,7,1010.9,752,10,1010.8,1581,15,1011.3,199,5,1011.4,117,2,1011.5,227,2,1011.6,378,6,1011.7,597,9
317,2025-11-26 14:28:29+05:30,1011.2,181,1002.0,7998330,409955.0,435808.0,986.2,1012.8,981.3,986.2,120582750,1084.8,887.6,1102.5,649.1,1011.2,936,6,1011.1,1639,6,1011.0,543,8,1010.9,674,10,1010.8,807,13,1011.3,468,7,1011.4,288,3,1011.5,297,3,1011.6,502,8,1011.7,700,9
317,2025-11-26 14:28:30+05:30,1011.3,53,1002.0,7998330,409955.0,435808.0,986.2,1012.8,981.3,986.2,120582750,1084.8,887.6,1102.5,649.1,1011.2,936,6,1011.1,1639,6,1011.0,543,8,1010.9,674,10,1010.8,807,13,1011.3,468,7,1011.4,288,3,1011.5,297,3,1011.6,502,8,1011.7,700,9
317,2025-11-26 14:28:30+05:30,1011.3,10,1002.0,7999009,410121.0,435353.0,986.2,1012.8,981.3,986.2,120582750,1084.8,887.6,1102.5,649.1,1011.2,759,7,1011.1,1909,9,1011.0,634,9,1010.9,648,9,1010.8,1297,14,1011.3,191,3,1011.4,288,3,1011.5,227,2,1011.6,424,6,1011.7,726,11
317,2025-11-26 14:28:31+05:30,1011.3,1,1002.0,7999009,410121.0,435353.0,986.2,1012.8,981.3,986.2,120582750,1084.8,887.6,1102.5,649.1,1011.2,759,7,1011.1,1909,9,1011.0,634,9,1010.9,648,9,1010.8,1297,14,1011.3,191,3,1011.4,288,3,1011.5,227,2,1011.6,424,6,1011.7,726,11
317,2025-11-26 14:28:31+05:30,1011.3,1,1002.0,7999049,409839.0,435784.0,986.2,1012.8,981.3,986.2,120582750,1084.8,887.6,1102.5,649.1,1011.2,676,6,1011.1,1837,8,1011.0,447,7,1010.9,836,11,1010.8,1371,14,1011.3,530,7,1011.4,248,3,1011.5,253,4,1011.6,313,5,1011.7,589,8
317,2025-11-26 14:28:32+05:30,1011.3,31,1002.0,7999049,409839.0,435784.0,986.2,1012.8,981.3,986.2,120582750,1084.8,887.6,1102.5,649.1,1011.2,676,6,1011.1,1837,8,1011.0,447,7,1010.9,836,11,1010.8,1371,14,1011.3,530,7,1011.4,248,3,1011.5,253,4,1011.6,313,5,1011.7,589,8
317,2025-11-26 14:28:32+05:30,1011.3,31,1002.0,7999277,409551.0,436048.0,986.2,1012.8,981.3,986.2,120582750,1084.8,887.6,1102.5,649.1,1011.2,566,6,1011.1,1639,6,1011.0,345,7,1010.9,836,11,1010.8,1361,13,1011.3,505,8,1011.4,290,4,1011.5,227,2,1011.6,498,9,1011.7,1232,10
317,2025-11-26 14:28:33+05:30,1011.3,5,1002.0,7999277,409551.0,436048.0,986.2,1012.8,981.3,986.2,120582750,1084.8,887.6,1102.5,649.1,1011.2,566,6,1011.1,1639,6,1011.0,345,7,1010.9,836,11,1010.8,1361,13,1011.3,505,8,1011.4,290,4,1011.5,227,2,1011.6,498,9,1011.7,1232,10
317,2025-11-26 14:28:33+05:30,1011.2,5,1002.0,7999656,409113.0,436531.0,986.2,1012.8,981.3,986.2,120582750,1084.8,887.6,1102.5,649.1,1011.2,192,4,1011.1,1534,4,1011.0,295,6,1010.9,688,9,1010.8,985,14,1011.3,654,10,1011.4,326,4,1011.5,483,7,1011.6,605,9,1011.7,1436,10
317,2025-11-26 14:28:34+05:30,1011.2,10,1002.0,7999656,409113.0,436531.0,986.2,1012.8,981.3,986.2,120582750,1084.8,887.6,1102.5,649.1,1011.2,192,4,1011.1,1534,4,1011.0,295,6,1010.9,688,9,1010.8,985,14,1011.3,654,10,1011.4,326,4,1011.5,483,7,1011.6,605,9,1011.7,1436,10
317,2025-11-26 14:28:34+05:30,1011.2,10,1002.0,7999952,410432.0,436213.0,986.2,1012.8,981.3,986.2,120582750,1084.8,887.6,1102.5,649.1,1011.1,1726,5,1011.0,184,5,1010.9,772,10,1010.8,769,12,1010.7,1290,12,1011.2,337,4,1011.3,482,7,1011.4,176,3,1011.5,696,9,1011.6,995,9
317,2025-11-26 14:28:35+05:30,1011.2,9,1002.0,7999952,410432.0,436213.0,986.2,1012.8,981.3,986.2,120582750,1084.8,887.6,1102.5,649.1,1011.1,1726,5,1011.0,184,5,1010.9,772,10,1010.8,769,12,1010.7,1290,12,1011.2,337,4,1011.3,482,7,1011.4,176,3,1011.5,696,9,1011.6,995,9
317,2025-11-26 14:28:35+05:30,1011.2,9,1002.0,8000820,408249.0,437745.0,986.2,1012.8,981.3,986.2,120582750,1084.8,887.6,1102.5,649.1,1011.1,226,3,1011.0,1021,4,1010.9,924,4,1010.8,528,7,1010.7,805,11,1011.2,449,7,1011.3,190,5,1011.4,701,14,1011.5,843,11,1011.6,875,7
317,2025-11-26 14:28:36+05:30,1011.2,33,1002.0,8000820,408249.0,437745.0,986.2,1012.8,981.3,986.2,120582750,1084.8,887.6,1102.5,649.1,1011.1,226,3,1011.0,1021,4,1010.9,924,4,1010.8,528,7,1010.7,805,11,1011.2,449,7,1011.3,190,5,1011.4,701,14,1011.5,843,11,1011.6,875,7
317,2025-11-26 14:28:36+05:30,1011.2,33,1002.0,8001069,409876.0,437346.0,986.2,1012.8,981.3,986.2,120582750,1084.8,887.6,1102.5,649.1,1011.1,177,5,1011.0,2593,7,1010.9,760,11,1010.8,909,13,1010.7,739,11,1011.2,284,6,1011.3,123,4,1011.4,42,1,1011.5,599,6,1011.6,548,9
317,2025-11-26 14:28:37+05:30,1011.2,33,1002.0,8001069,409708.0,438204.0,986.2,1012.8,981.3,986.2,120582750,1084.8,887.6,1102.5,649.1,1011.1,146,4,1011.0,1021,4,1010.9,2001,10,1010.8,879,12,1010.7,1406,13,1011.2,863,11,1011.3,97,4,1011.4,370,5,1011.5,638,7,1011.6,574,11
317,2025-11-26 14:28:38+05:30,1011.1,30,1002.0,8001069,409708.0,438204.0,986.2,1012.8,981.3,986.2,120582750,1084.8,887.6,1102.5,649.1,1011.1,146,4,1011.0,1021,4,1010.9,2001,10,1010.8,879,12,1010.7,1406,13,1011.2,863,11,1011.3,97,4,1011.4,370,5,1011.5,638,7,1011.6,574,11
317,2025-11-26 14:28:38+05:30,1011.1,30,1002.0,8001140,409610.0,438345.0,986.2,1012.8,981.3,986.2,120582750,1084.8,887.6,1102.5,649.1,1011.1,50,3,1011.0,1021,4,1010.9,2024,11,1010.8,879,12,1010.7,833,12,1011.2,863,11,1011.3,116,3,1011.4,486,7,1011.5,638,7,1011.6,548,9
317,2025-11-26 14:28:39+05:30,1011.0,150,1002.0,8001140,409610.0,438345.0,986.2,1012.8,981.3,986.2,120582750,1084.8,887.6,1102.5,649.1,1011.1,50,3,1011.0,1021,4,1010.9,2024,11,1010.8,879,12,1010.7,833,12,1011.2,863,11,1011.3,116,3,1011.4,486,7,1011.5,638,7,1011.6,548,9
317,2025-11-26 14:28:39+05:30,1011.0,150,1002.01,8001779,408760.0,431860.0,986.2,1012.8,981.3,986.2,120582750,1084.8,887.6,1102.5,649.1,1011.0,809,5,1010.9,1702,7,1010.8,325,6,1010.7,590,8,1010.6,794,9,1011.1,841,9,1011.2,106,4,1011.3,534,13,1011.4,373,4,1011.5,704,8
317,2025-11-26 14:28:40+05:30,1011.0,66,1002.01,8001779,408760.0,431860.0,986.2,1012.8,981.3,986.2,120582750,1084.8,887.6,1102.5,649.1,1011.0,809,5,1010.9,1702,7,1010.8,325,6,1010.7,590,8,1010.6,794,9,1011.1,841,9,1011.2,106,4,1011.3,534,13,1011.4,373,4,1011.5,704,8
317,2025-11-26 14:28:40+05:30,1011.0,66,1002.01,8002098,408868.0,439142.0,986.2,1012.8,981.3,986.2,120582750,1084.8,887.6,1102.5,649.1,1011.0,743,5,1010.9,1702,7,1010.8,325,6,1010.7,1204,10,1010.6,794,9,1011.1,626,7,1011.2,39,3,1011.3,493,13,1011.4,538,6,1011.5,677,7
317,2025-11-26 14:28:41+05:30,1011.1,2,1002.01,8002098,408868.0,439142.0,986.2,1012.8,981.3,986.2,120582750,1084.8,887.6,1102.5,649.1,1011.0,743,5,1010.9,1702,7,1010.8,325,6,1010.7,1204,10,1010.6,794,9,1011.1,626,7,1011.2,39,3,1011.3,493,13,1011.4,538,6,1011.5,677,7
317,2025-11-26 14:28:41+05:30,1011.0,150,1002.01,8002401,408620.0,438974.0,986.2,1012.8,981.3,986.2,120582750,1084.8,887.6,1102.5,649.1,1011.0,443,5,1010.9,1702,7,1010.8,258,5,1010.7,656,9,1010.6,1375,11,1011.1,506,7,1011.2,218,4,1011.3,493,13,1011.4,538,6,1011.5,677,7
317,2025-11-26 14:28:42+05:30,1011.0,56,1002.01,8002401,408620.0,438974.0,986.2,1012.8,981.3,986.2,120582750,1084.8,887.6,1102.5,649.1,1011.0,443,5,1010.9,1702,7,1010.8,258,5,1010.7,656,9,1010.6,1375,11,1011.1,506,7,1011.2,218,4,1011.3,493,13,1011.4,538,6,1011.5,677,7
317,2025-11-26 14:28:42+05:30,1011.0,56,1002.01,8002780,407523.0,439461.0,986.2,1012.8,981.3,986.2,120582750,1084.8,887.6,1102.5,649.1,1011.0,35,4,1010.9,1697,6,1010.8,218,4,1010.7,319,4,1010.6,891,7,1011.1,746,10,1011.2,299,6,1011.3,567,10,1011.4,585,7,1011.5,1288,12
317,2025-11-26 14:28:43+05:30,1011.1,23,1002.01,8002780,407523.0,439461.0,986.2,1012.8,981.3,986.2,120582750,1084.8,887.6,1102.5,649.1,1011.0,35,4,1010.9,1697,6,1010.8,218,4,1010.7,319,4,1010.6,891,7,1011.1,746,10,1011.2,299,6,1011.3,567,10,1011.4,585,7,1011.5,1288,12
317,2025-11-26 14:28:43+05:30,1011.1,23,1002.01,8003572,407757.0,438147.0,986.2,1012.8,981.3,986.2,120582750,1084.8,887.6,1102.5,649.1,1010.9,1775,8,1010.8,594,10,1010.7,706,9,1010.6,583,9,1010.5,2041,20,1011.1,232,3,1011.2,39,3,1011.3,398,8,1011.4,655,7,1011.5,1282,13
317,2025-11-26 14:28:44+05:30,1011.0,52,1002.01,8003572,407757.0,438147.0,986.2,1012.8,981.3,986.2,120582750,1084.8,887.6,1102.5,649.1,1010.9,1775,8,1010.8,594,10,1010.7,706,9,1010.6,583,9,1010.5,2041,20,1011.1,232,3,1011.2,39,3,1011.3,398,8,1011.4,655,7,1011.5,1282,13
317,2025-11-26 14:28:44+05:30,1011.2,1,1002.01,8005644,407807.0,436974.0,986.2,1012.8,981.3,986.2,120582750,1084.8,887.6,1102.5,649.1,1011.0,333,4,1010.9,1205,9,1010.8,700,12,1010.7,649,8,1010.6,585,9,1011.2,97,1,1011.3,121,5,1011.4,795,3,1011.5,744,12,1011.6,615,9
317,2025-11-26 14:28:45+05:30,1011.2,1,1002.01,8005644,407807.0,436974.0,986.2,1012.8,981.3,986.2,120582750,1084.8,887.6,1102.5,649.1,1011.0,333,4,1010.9,1205,9,1010.8,700,12,1010.7,649,8,1010.6,585,9,1011.2,97,1,1011.3,121,5,1011.4,795,3,1011.5,744,12,1011.6,615,9
317,2025-11-26 14:28:45+05:30,1011.2,1,1002.01,8005644,407814.0,437647.0,986.2,1012.8,981.3,986.2,120582750,1084.8,887.6,1102.5,649.1,1011.0,333,4,1010.9,1051,7,1010.8,889,13,1010.7,649,8,1010.6,1146,10,1011.2,241,5,1011.3,621,6,1011.4,1028,6,1011.5,744,12,1011.6,913,10
317,2025-11-26 14:28:46+05:30,1011.0,8,1002.01,8005644,407814.0,437647.0,986.2,1012.8,981.3,986.2,120582750,1084.8,887.6,1102.5,649.1,1011.0,333,4,1010.9,1051,7,1010.8,889,13,1010.7,649,8,1010.6,1146,10,1011.2,241,5,1011.3,621,6,1011.4,1028,6,1011.5,744,12,1011.6,913,10
317,2025-11-26 14:28:46+05:30,1011.0,3,1002.01,8005660,407474.0,438034.0,986.2,1012.8,981.3,986.2,120582750,1084.8,887.6,1102.5,649.1,1011.0,319,4,1010.9,1051,7,1010.8,571,10,1010.7,770,10,1010.6,1091,10,1011.1,369,4,1011.2,222,3,1011.3,686,7,1011.4,471,5,1011.5,1255,13
317,2025-11-26 14:28:47+05:30,1011.2,80,1002.01,8005660,407474.0,438034.0,986.2,1012.8,981.3,986.2,120582750,1084.8,887.6,1102.5,649.1,1011.0,319,4,1010.9,1051,7,1010.8,571,10,1010.7,770,10,1010.6,1091,10,1011.1,369,4,1011.2,222,3,1011.3,686,7,1011.4,471,5,1011.5,1255,13
317,2025-11-26 14:28:47+05:30,1011.2,80,1002.01,8006301,407606.0,438111.0,986.2,1012.8,981.3,986.2,120582750,1084.8,887.6,1102.5,649.1,1011.1,505,3,1011.0,47,3,1010.9,1416,12,1010.8,647,10,1010.7,655,9,1011.2,216,4,1011.3,553,3,1011.4,575,1,1011.5,912,11,1011.6,781,15
317,2025-11-26 14:28:48+05:30,1011.2,1,1002.01,8006301,407606.0,438111.0,986.2,1012.8,981.3,986.2,120582750,1084.8,887.6,1102.5,649.1,1011.1,505,3,1011.0,47,3,1010.9,1416,12,1010.8,647,10,1010.7,655,9,1011.2,216,4,1011.3,553,3,1011.4,575,1,1011.5,912,11,1011.6,781,15
317,2025-11-26 14:28:48+05:30,1011.2,18,1002.01,8006691,407405.0,438364.0,986.2,1012.8,981.3,986.2,120582750,1084.8,887.6,1102.5,649.1,1011.1,243,2,1011.0,79,3,1010.9,1301,10,1010.8,703,10,1010.7,741,9,1011.2,130,4,1011.3,1009,7,1011.4,298,3,1011.5,1398,12,1011.6,980,15
317,2025-11-26 14:28:49+05:30,1011.2,18,1002.01,8006691,407405.0,438364.0,986.2,1012.8,981.3,986.2,120582750,1084.8,887.6,1102.5,649.1,1011.1,243,2,1011.0,79,3,1010.9,1301,10,1010.8,703,10,1010.7,741,9,1011.2,130,4,1011.3,1009,7,1011.4,298,3,1011.5,1398,12,1011.6,980,15
317,2025-11-26 14:28:49+05:30,1011.1,7,1002.01,8006941,406771.0,438629.0,986.2,1012.8,981.3,986.2,120582750,1084.8,887.6,1102.5,649.1,1011.1,63,2,1011.0,6,2,1010.9,1096,8,1010.8,704,11,1010.7,741,9,1011.2,166,5,1011.3,1009,7,1011.4,298,3,1011.5,1497,13,1011.6,980,15
317,2025-11-26 14:28:50+05:30,1011.1,31,1002.01,8006941,406771.0,438629.0,986.2,1012.8,981.3,986.2,120582750,1084.8,887.6,1102.5,649.1,1011.1,63,2,1011.0,6,2,1010.9,1096,8,1010.8,704,11,1010.7,741,9,1011.2,166,5,1011.3,1009,7,1011.4,298,3,1011.5,1497,13,1011.6,980,15
317,2025-11-26 14:28:50+05:30,1011.2,1,1002.01,8007718,407825.0,438396.0,986.2,1012.8,981.3,986.2,120582750,1084.8,887.6,1102.5,649.1,1011.1,42,1,1011.0,59,4,1010.9,1078,7,1010.8,885,15,1010.7,731,9,1011.2,363,4,1011.3,644,4,1011.4,396,4,1011.5,1482,13,1011.6,971,14
317,2025-11-26 14:28:51+05:30,1011.2,1,1002.01,8007718,407825.0,438396.0,986.2,1012.8,981.3,986.2,120582750,1084.8,887.6,1102.5,649.1,1011.1,42,1,1011.0,59,4,1010.9,1078,7,1010.8,885,15,1010.7,731,9,1011.2,363,4,1011.3,644,4,1011.4,396,4,1011.5,1482,13,1011.6,971,14
317,2025-11-26 14:28:51+05:30,1011.0,2,1002.01,8007969,407599.0,438429.0,986.2,1012.8,981.3,986.2,120582750,1084.8,887.6,1102.5,649.1,1011.0,80,4,1010.9,1231,9,1010.8,602,11,1010.7,730,9,1010.6,1164,9,1011.2,434,6,1011.3,644,4,1011.4,370,4,1011.5,1085,13,1011.6,971,14
317,2025-11-26 14:28:52+05:30,1011.0,73,1002.01,8007969,407599.0,438429.0,986.2,1012.8,981.3,986.2,120582750,1084.8,887.6,1102.5,649.1,1011.0,80,4,1010.9,1231,9,1010.8,602,11,1010.7,730,9,1010.6,1164,9,1011.2,434,6,1011.3,644,4,1011.4,370,4,1011.5,1085,13,1011.6,971,14
317,2025-11-26 14:28:52+05:30,1011.0,134,1002.01,8008999,407718.0,437981.0,986.2,1012.8,981.3,986.2,120582750,1084.8,887.6,1102.5,649.1,1011.0,713,3,1010.9,1347,11,1010.8,909,15,1010.7,595,8,1010.6,1115,9,1011.1,222,3,1011.2,189,2,1011.3,548,2,1011.4,240,2,1011.5,936,10
317,2025-11-26 14:28:53+05:30,1011.0,71,1002.01,8008999,407718.0,437981.0,986.2,1012.8,981.3,986.2,120582750,1084.8,887.6,1102.5,649.1,1011.0,713,3,1010.9,1347,11,1010.8,909,15,1010.7,595,8,1010.6,1115,9,1011.1,222,3,1011.2,189,2,1011.3,548,2,1011.4,240,2,1011.5,936,10
317,2025-11-26 14:28:53+05:30,1011.1,10,1002.01,8009118,407681.0,437771.0,986.2,1012.8,981.3,986.2,120582750,1084.8,887.6,1102.5,649.1,1011.0,668,5,1010.9,1444,13,1010.8,820,14,1010.7,595,8,1010.6,1115,9,1011.1,251,5,1011.2,190,3,1011.3,548,2,1011.4,303,3,1011.5,931,9
317,2025-11-26 14:28:54+05:30,1011.0,88,1002.01,8009118,407681.0,437771.0,986.2,1012.8,981.3,986.2,120582750,1084.8,887.6,1102.5,649.1,1011.0,668,5,1010.9,1444,13,1010.8,820,14,1010.7,595,8,1010.6,1115,9,1011.1,251,5,1011.2,190,3,1011.3,548,2,1011.4,303,3,1011.5,931,9
317,2025-11-26 14:28:54+05:30,1010.9,78,1002.02,8010771,406328.0,438677.0,986.2,1012.8,981.3,986.2,120582750,1084.8,887.6,1102.5,649.1,1010.9,1074,9,1010.8,639,13,1010.7,758,10,1010.6,1121,9,1010.5,1482,13,1011.1,329,4,1011.2,241,4,1011.3,746,4,1011.4,481,7,1011.5,1036,11
317,2025-11-26 14:28:55+05:30,1011.0,100,1002.02,8010771,406328.0,438677.0,986.2,1012.8,981.3,986.2,120582750,1084.8,887.6,1102.5,649.1,1010.9,1074,9,1010.8,639,13,1010.7,758,10,1010.6,1121,9,1010.5,1482,13,1011.1,329,4,1011.2,241,4,1011.3,746,4,1011.4,481,7,1011.5,1036,11
317,2025-11-26 14:28:55+05:30,1011.1,12,1002.02,8010951,406279.0,438652.0,986.2,1012.8,981.3,986.2,120582750,1084.8,887.6,1102.5,649.1,1011.0,62,2,1010.9,1007,8,1010.8,682,13,1010.7,758,10,1010.6,1210,10,1011.1,321,6,1011.2,241,4,1011.3,746,4,1011.4,481,7,1011.5,1036,11
317,2025-11-26 14:28:56+05:30,1011.0,10,1002.02,8010951,406279.0,438652.0,986.2,1012.8,981.3,986.2,120582750,1084.8,887.6,1102.5,649.1,1011.0,62,2,1010.9,1007,8,1010.8,682,13,1010.7,758,10,1010.6,1210,10,1011.1,321,6,1011.2,241,4,1011.3,746,4,1011.4,481,7,1011.5,1036,11
317,2025-11-26 14:28:56+05:30,1011.0,10,1002.02,8011227,406517.0,438558.0,986.2,1012.8,981.3,986.2,120582750,1084.8,887.6,1102.5,649.1,1011.0,76,2,1010.9,1196,11,1010.8,690,14,1010.7,758,10,1010.6,1323,10,1011.1,355,6,1011.2,152,3,1011.3,746,4,1011.4,366,4,1011.5,1151,14
317,2025-11-26 14:28:57+05:30,1011.1,4,1002.02,8011227,406517.0,438558.0,986.2,1012.8,981.3,986.2,120582750,1084.8,887.6,1102.5,649.1,1011.0,76,2,1010.9,1196,11,1010.8,690,14,1010.7,758,10,1010.6,1323,10,1011.1,355,6,1011.2,152,3,1011.3,746,4,1011.4,366,4,1011.5,1151,14
317,2025-11-26 14:28:57+05:30,1011.3,66,1002.02,8011981,408453.0,437061.0,986.2,1012.8,981.3,986.2,120582750,1084.8,887.6,1102.5,649.1,1011.0,1025,6,1010.9,216,7,1010.8,779,15,1010.7,848,9,1010.6,1407,12,1011.1,438,4,1011.3,434,1,1011.4,108,1,1011.5,910,10,1011.6,643,13
317,2025-11-26 14:28:58+05:30,1011.0,142,1002.02,8011981,408453.0,437061.0,986.2,1012.8,981.3,986.2,120582750,1084.8,887.6,1102.5,649.1,1011.0,1025,6,1010.9,216,7,1010.8,779,15,1010.7,848,9,1010.6,1407,12,1011.1,438,4,1011.3,434,1,1011.4,108,1,1011.5,910,10,1011.6,643,13
317,2025-11-26 14:28:58+05:30,1011.0,110,1002.02,8012493,407291.0,437626.0,986.2,1012.8,981.3,986.2,120582750,1084.8,887.6,1102.5,649.1,1011.0,714,7,1010.9,60,5,1010.8,469,10,1010.7,851,11,1010.6,1205,11,1011.1,529,6,1011.2,102,1,1011.3,434,1,1011.4,374,4,1011.5,910,10
317,2025-11-26 14:28:59+05:30,1011.0,110,1002.02,8012493,407291.0,437626.0,986.2,1012.8,981.3,986.2,120582750,1084.8,887.6,1102.5,649.1,1011.0,714,7,1010.9,60,5,1010.8,469,10,1010.7,851,11,1010.6,1205,11,1011.1,529,6,1011.2,102,1,1011.3,434,1,1011.4,374,4,1011.5,910,10
317,2025-11-26 14:28:59+05:30,1011.0,110,1002.02,8012493,407369.0,437773.0,986.2,1012.8,981.3,986.2,120582750,1084.8,887.6,1102.5,649.1,1011.0,714,7,1010.9,60,5,1010.8,725,13,1010.7,673,9,1010.6,1205,11,1011.1,676,9,1011.2,102,1,1011.3,434,1,1011.4,374,4,1011.5,910,10
317,2025-11-26 14:29:00+05:30,1011.0,150,1002.02,8012493,407369.0,437773.0,986.2,1012.8,981.3,986.2,120582750,1084.8,887.6,1102.5,649.1,1011.0,714,7,1010.9,60,5,1010.8,725,13,1010.7,673,9,1010.6,1205,11,1011.1,676,9,1011.2,102,1,1011.3,434,1,1011.4,374,4,1011.5,910,10
317,2025-11-26 14:29:00+05:30,1011.1,1,1002.02,8012883,406746.0,438556.0,986.2,1012.8,981.3,986.2,120582750,1084.8,887.6,1102.5,649.1,1011.0,327,7,1010.9,60,5,1010.8,1042,11,1010.7,752,10,1010.6,667,10,1011.1,648,9,1011.3,569,4,1011.4,374,4,1011.5,977,11,1011.6,1131,17
317,2025-11-26 14:29:01+05:30,1011.1,1,1002.02,8012883,406746.0,438556.0,986.2,1012.8,981.3,986.2,120582750,1084.8,887.6,1102.5,649.1,1011.0,327,7,1010.9,60,5,1010.8,1042,11,1010.7,752,10,1010.6,667,10,1011.1,648,9,1011.3,569,4,1011.4,374,4,1011.5,977,11,1011.6,1131,17
317,2025-11-26 14:29:01+05:30,1011.1,9,1002.02,8013464,407688.0,438047.0,986.2,1012.8,981.3,986.2,120582750,1084.8,887.6,1102.5,649.1,1011.0,1068,7,1010.9,60,5,1010.8,1352,15,1010.7,669,9,1010.6,667,10,1011.1,360,6,1011.3,439,2,1011.4,313,3,1011.5,1095,13,1011.6,723,14
317,2025-11-26 14:29:02+05:30,1011.1,9,1002.02,8013464,407688.0,438047.0,986.2,1012.8,981.3,986.2,120582750,1084.8,887.6,1102.5,649.1,1011.0,1068,7,1010.9,60,5,1010.8,1352,15,1010.7,669,9,1010.6,667,10,1011.1,360,6,1011.3,439,2,1011.4,313,3,1011.5,1095,13,1011.6,723,14
317,2025-11-26 14:29:03+05:30,1011.1,23,1002.02,8013464,407688.0,438047.0,986.2,1012.8,981.3,986.2,120582750,1084.8,887.6,1102.5,649.1,1011.0,1068,7,1010.9,60,5,1010.8,1352,15,1010.7,669,9,1010.6,667,10,1011.1,360,6,1011.3,439,2,1011.4,313,3,1011.5,1095,13,1011.6,723,14
317,2025-11-26 14:29:03+05:30,1011.1,23,1002.02,8013867,405654.0,438651.0,986.2,1012.8,981.3,986.2,120582750,1084.8,887.6,1102.5,649.1,1011.0,190,4,1010.9,600,6,1010.8,969,11,1010.7,764,10,1010.6,735,10,1011.1,416,8,1011.2,135,1,1011.3,626,5,1011.4,652,7,1011.5,994,12
317,2025-11-26 14:29:03+05:30,1011.0,27,1002.02,8014364,406751.0,438726.0,986.2,1012.8,981.3,986.2,120582750,1084.8,887.6,1102.5,649.1,1010.9,686,7,1010.8,378,10,1010.7,1159,8,1010.6,550,7,1010.5,1489,13,1011.0,290,4,1011.1,304,4,1011.2,202,2,1011.3,866,7,1011.4,560,7
317,2025-11-26 14:29:04+05:30,1011.0,20,1002.02,8014364,406751.0,438726.0,986.2,1012.8,981.3,986.2,120582750,1084.8,887.6,1102.5,649.1,1010.9,686,7,1010.8,378,10,1010.7,1159,8,1010.6,550,7,1010.5,1489,13,1011.0,290,4,1011.1,304,4,1011.2,202,2,1011.3,866,7,1011.4,560,7
317,2025-11-26 14:29:04+05:30,1010.9,90,1002.02,8014757,406815.0,438678.0,986.2,1012.8,981.3,986.2,120582750,1084.8,887.6,1102.5,649.1,1010.9,596,7,1010.8,363,10,1010.7,848,5,1010.6,777,10,1010.5,1533,14,1011.0,959,8,1011.1,198,4,1011.3,862,7,1011.4,450,5,1011.5,1169,15
317,2025-11-26 14:29:05+05:30,1010.9,90,1002.02,8014757,406815.0,438678.0,986.2,1012.8,981.3,986.2,120582750,1084.8,887.6,1102.5,649.1,1010.9,596,7,1010.8,363,10,1010.7,848,5,1010.6,777,10,1010.5,1533,14,1011.0,959,8,1011.1,198,4,1011.3,862,7,1011.4,450,5,1011.5,1169,15
317,2025-11-26 14:29:05+05:30,1011.0,1,1002.02,8015335,403712.0,439805.0,986.2,1012.8,981.3,986.2,120582750,1084.8,887.6,1102.5,649.1,1010.9,174,6,1010.8,323,8,1010.7,682,4,1010.6,326,4,1010.5,1259,12,1011.0,989,9,1011.1,200,5,1011.2,373,4,1011.3,1076,12,1011.4,558,10
317,2025-11-26 14:29:06+05:30,1010.9,3,1002.02,8015335,403712.0,439805.0,986.2,1012.8,981.3,986.2,120582750,1084.8,887.6,1102.5,649.1,1010.9,174,6,1010.8,323,8,1010.7,682,4,1010.6,326,4,1010.5,1259,12,1011.0,989,9,1011.1,200,5,1011.2,373,4,1011.3,1076,12,1011.4,558,10
317,2025-11-26 14:29:06+05:30,1010.9,23,1002.02,8015723,406447.0,439823.0,986.2,1012.8,981.3,986.2,120582750,1084.8,887.6,1102.5,649.1,1010.8,1103,10,1010.7,292,5,1010.6,1147,8,1010.5,1299,13,1010.4,918,15,1010.9,512,6,1011.0,710,4,1011.1,50,4,1011.2,205,2,1011.3,1191,15
317,2025-11-26 14:29:07+05:30,1010.9,23,1002.02,8015723,406447.0,439823.0,986.2,1012.8,981.3,986.2,120582750,1084.8,887.6,1102.5,649.1,1010.8,1103,10,1010.7,292,5,1010.6,1147,8,1010.5,1299,13,1010.4,918,15,1010.9,512,6,1011.0,710,4,1011.1,50,4,1011.2,205,2,1011.3,1191,15
317,2025-11-26 14:29:07+05:30,1010.9,23,1002.02,8015723,406696.0,440070.0,986.2,1012.8,981.3,986.2,120582750,1084.8,887.6,1102.5,649.1,1010.8,1247,12,1010.7,292,5,1010.6,1147,8,1010.5,1299,13,1010.4,918,15,1010.9,512,6,1011.0,710,4,1011.1,50,4,1011.2,205,2,1011.3,1194,15
317,2025-11-26 14:29:09+05:30,1010.9,47,1002.02,8015723,406696.0,440070.0,986.2,1012.8,981.3,986.2,120582750,1084.8,887.6,1102.5,649.1,1010.8,1247,12,1010.7,292,5,1010.6,1147,8,1010.5,1299,13,1010.4,918,15,1010.9,512,6,1011.0,710,4,1011.1,50,4,1011.2,205,2,1011.3,1194,15
317,2025-11-26 14:29:09+05:30,1010.9,47,1002.02,8016677,406017.0,439231.0,986.2,1012.8,981.3,986.2,120582750,1084.8,887.6,1102.5,649.1,1010.9,167,2,1010.8,1125,11,1010.7,379,6,1010.6,1274,11,1010.5,1226,11,1011.0,781,5,1011.1,113,4,1011.2,109,1,1011.3,908,8,1011.4,870,16
317,2025-11-26 14:29:09+05:30,1010.9,47,1002.02,8016677,406017.0,439231.0,986.2,1012.8,981.3,986.2,120582750,1084.8,887.6,1102.5,649.1,1010.9,167,2,1010.8,1125,11,1010.7,379,6,1010.6,1274,11,1010.5,1226,11,1011.0,781,5,1011.1,113,4,1011.2,109,1,1011.3,908,8,1011.4,870,16
317,2025-11-26 14:29:10+05:30,1010.9,47,1002.02,8016677,406017.0,439231.0,986.2,1012.8,981.3,986.2,120582750,1084.8,887.6,1102.5,649.1,1010.9,167,2,1010.8,1125,11,1010.7,379,6,1010.6,1274,11,1010.5,1226,11,1011.0,781,5,1011.1,113,4,1011.2,109,1,1011.3,908,8,1011.4,870,16
317,2025-11-26 14:29:10+05:30,1011.0,1,1002.02,8016679,405057.0,439847.0,986.2,1012.8,981.3,986.2,120582750,1084.8,887.6,1102.5,649.1,1010.9,103,1,1010.8,1061,9,1010.7,205,4,1010.6,644,9,1010.5,1428,13,1011.0,1071,9,1011.1,113,4,1011.2,176,2,1011.3,1133,10,1011.4,883,18
317,2025-11-26 14:29:10+05:30,1011.0,1,1002.02,8016679,405057.0,439847.0,986.2,1012.8,981.3,986.2,120582750,1084.8,887.6,1102.5,649.1,1010.9,103,1,1010.8,1061,9,1010.7,205,4,1010.6,644,9,1010.5,1428,13,1011.0,1071,9,1011.1,113,4,1011.2,176,2,1011.3,1133,10,1011.4,883,18
317,2025-11-26 14:29:11+05:30,1011.0,2,1002.02,8016679,405057.0,439847.0,986.2,1012.8,981.3,986.2,120582750,1084.8,887.6,1102.5,649.1,1010.9,103,1,1010.8,1061,9,1010.7,205,4,1010.6,644,9,1010.5,1428,13,1011.0,1071,9,1011.1,113,4,1011.2,176,2,1011.3,1133,10,1011.4,883,18
317,2025-11-26 14:29:11+05:30,1011.0,2,1002.02,8017273,405327.0,439559.0,986.2,1012.8,981.3,986.2,120582750,1084.8,887.6,1102.5,649.1,1010.9,103,1,1010.8,638,11,1010.7,771,5,1010.6,652,9,1010.5,1674,14,1011.0,701,6,1011.1,358,6,1011.2,67,1,1011.3,1156,10,1011.4,883,18
317,2025-11-26 14:29:11+05:30,1011.0,2,1002.02,8017273,405327.0,439559.0,986.2,1012.8,981.3,986.2,120582750,1084.8,887.6,1102.5,649.1,1010.9,103,1,1010.8,638,11,1010.7,771,5,1010.6,652,9,1010.5,1674,14,1011.0,701,6,1011.1,358,6,1011.2,67,1,1011.3,1156,10,1011.4,883,18
317,2025-11-26 14:29:12+05:30,1010.9,9,1002.02,8017273,405327.0,439559.0,986.2,1012.8,981.3,986.2,120582750,1084.8,887.6,1102.5,649.1,1010.9,103,1,1010.8,638,11,1010.7,771,5,1010.6,652,9,1010.5,1674,14,1011.0,701,6,1011.1,358,6,1011.2,67,1,1011.3,1156,10,1011.4,883,18
317,2025-11-26 14:29:12+05:30,1010.9,9,1002.02,8017282,406989.0,439413.0,986.2,1012.8,981.3,986.2,120582750,1084.8,887.6,1102.5,649.1,1010.9,403,2,1010.8,457,11,1010.7,964,7,1010.6,652,9,1010.5,1224,11,1011.0,847,8,1011.1,357,5,1011.2,67,1,1011.3,908,8,1011.4,1121,19
317,2025-11-26 14:29:12+05:30,1010.9,9,1002.02,8017282,406989.0,439413.0,986.2,1012.8,981.3,986.2,120582750,1084.8,887.6,1102.5,649.1,1010.9,403,2,1010.8,457,11,1010.7,964,7,1010.6,652,9,1010.5,1224,11,1011.0,847,8,1011.1,357,5,1011.2,67,1,1011.3,908,8,1011.4,1121,19
317,2025-11-26 14:29:13+05:30,1010.8,60,1002.02,8017282,406989.0,439413.0,986.2,1012.8,981.3,986.2,120582750,1084.8,887.6,1102.5,649.1,1010.9,403,2,1010.8,457,11,1010.7,964,7,1010.6,652,9,1010.5,1224,11,1011.0,847,8,1011.1,357,5,1011.2,67,1,1011.3,908,8,1011.4,1121,19
317,2025-11-26 14:29:13+05:30,1010.8,60,1002.02,8017282,406989.0,439413.0,986.2,1012.8,981.3,986.2,120582750,1084.8,887.6,1102.5,649.1,1010.9,403,2,1010.8,457,11,1010.7,964,7,1010.6,652,9,1010.5,1224,11,1011.0,847,8,1011.1,357,5,1011.2,67,1,1011.3,908,8,1011.4,1121,19
317,2025-11-26 14:29:13+05:30,1010.8,26,1002.02,8018126,405436.0,439468.0,986.2,1012.8,981.3,986.2,120582750,1084.8,887.6,1102.5,649.1,1010.8,364,5,1010.7,112,3,1010.6,1224,10,1010.5,1274,13,1010.4,1672,16,1010.9,200,4,1011.0,627,5,1011.1,110,3,1011.2,443,5,1011.3,1033,10
317,2025-11-26 14:29:13+05:30,1010.8,26,1002.02,8018126,405436.0,439468.0,986.2,1012.8,981.3,986.2,120582750,1084.8,887.6,1102.5,649.1,1010.8,364,5,1010.7,112,3,1010.6,1224,10,1010.5,1274,13,1010.4,1672,16,1010.9,200,4,1011.0,627,5,1011.1,110,3,1011.2,443,5,1011.3,1033,10
317,2025-11-26 14:29:13+05:30,1010.8,26,1002.02,8018126,405436.0,439468.0,986.2,1012.8,981.3,986.2,120583500,1084.8,887.6,1102.5,649.1,1010.8,364,5,1010.7,112,3,1010.6,1224,10,1010.5,1274,13,1010.4,1672,16,1010.9,200,4,1011.0,627,5,1011.1,110,3,1011.2,443,5,1011.3,1033,10
317,2025-11-26 14:29:14+05:30,1010.9,5,1002.02,8018126,405436.0,439468.0,986.2,1012.8,981.3,986.2,120583500,1084.8,887.6,1102.5,649.1,1010.8,364,5,1010.7,112,3,1010.6,1224,10,1010.5,1274,13,1010.4,1672,16,1010.9,200,4,1011.0,627,5,1011.1,110,3,1011.2,443,5,1011.3,1033,10
317,2025-11-26 14:29:14+05:30,1010.9,5,1002.02,8018126,405436.0,439468.0,986.2,1012.8,981.3,986.2,120583500,1084.8,887.6,1102.5,649.1,1010.8,364,5,1010.7,112,3,1010.6,1224,10,1010.5,1274,13,1010.4,1672,16,1010.9,200,4,1011.0,627,5,1011.1,110,3,1011.2,443,5,1011.3,1033,10
317,2025-11-26 14:29:14+05:30,1010.9,5,1002.02,8018131,406344.0,439589.0,986.2,1012.8,981.3,986.2,120583500,1084.8,887.6,1102.5,649.1,1010.8,1161,8,1010.7,112,3,1010.6,1180,10,1010.5,1398,14,1010.4,1703,17,1010.9,339,7,1011.0,627,5,1011.1,110,3,1011.2,443,5,1011.3,1033,10
317,2025-11-26 14:29:14+05:30,1010.9,5,1002.02,8018131,406344.0,439589.0,986.2,1012.8,981.3,986.2,120583500,1084.8,887.6,1102.5,649.1,1010.8,1161,8,1010.7,112,3,1010.6,1180,10,1010.5,1398,14,1010.4,1703,17,1010.9,339,7,1011.0,627,5,1011.1,110,3,1011.2,443,5,1011.3,1033,10
317,2025-11-26 14:29:15+05:30,1010.9,108,1002.02,8018131,406344.0,439589.0,986.2,1012.8,981.3,986.2,120583500,1084.8,887.6,1102.5,649.1,1010.8,1161,8,1010.7,112,3,1010.6,1180,10,1010.5,1398,14,1010.4,1703,17,1010.9,339,7,1011.0,627,5,1011.1,110,3,1011.2,443,5,1011.3,1033,10
317,2025-11-26 14:29:15+05:30,1011.0,3,1002.02,8018952,405311.0,438837.0,986.2,1012.8,981.3,986.2,120583500,1084.8,887.6,1102.5,649.1,1010.8,1276,12,1010.7,867,7,1010.6,677,9,1010.5,1249,12,1010.4,917,14,1011.0,434,5,1011.1,269,4,1011.2,235,4,1011.3,971,8,1011.4,864,16
317,2025-11-26 14:29:16+05:30,1010.9,5,1002.02,8018952,405311.0,438837.0,986.2,1012.8,981.3,986.2,120583500,1084.8,887.6,1102.5,649.1,1010.8,1276,12,1010.7,867,7,1010.6,677,9,1010.5,1249,12,1010.4,917,14,1011.0,434,5,1011.1,269,4,1011.2,235,4,1011.3,971,8,1011.4,864,16
317,2025-11-26 14:29:16+05:30,1010.9,5,1002.03,8019283,405408.0,438694.0,986.2,1012.8,981.3,986.2,120583500,1084.8,887.6,1102.5,649.1,1010.8,1426,15,1010.7,433,7,1010.6,1160,9,1010.5,1192,12,1010.4,1119,15,1011.0,359,3,1011.1,269,4,1011.2,34,1,1011.3,725,5,1011.4,800,16
317,2025-11-26 14:29:17+05:30,1010.9,50,1002.03,8019283,405408.0,438694.0,986.2,1012.8,981.3,986.2,120583500,1084.8,887.6,1102.5,649.1,1010.8,1426,15,1010.7,433,7,1010.6,1160,9,1010.5,1192,12,1010.4,1119,15,1011.0,359,3,1011.1,269,4,1011.2,34,1,1011.3,725,5,1011.4,800,16
317,2025-11-26 14:29:17+05:30,1010.9,50,1002.03,8019344,405309.0,439250.0,986.2,1012.8,981.3,986.2,120583500,1084.8,887.6,1102.5,649.1,1010.8,1195,13,1010.7,301,7,1010.6,1402,10,1010.5,1192,12,1010.4,1643,15,1011.0,1026,11,1011.1,5,2,1011.2,245,3,1011.3,852,7,1011.4,800,16
317,2025-11-26 14:29:18+05:30,1011.0,99,1002.03,8019344,405309.0,439250.0,986.2,1012.8,981.3,986.2,120583500,1084.8,887.6,1102.5,649.1,1010.8,1195,13,1010.7,301,7,1010.6,1402,10,1010.5,1192,12,1010.4,1643,15,1011.0,1026,11,1011.1,5,2,1011.2,245,3,1011.3,852,7,1011.4,800,16
317,2025-11-26 14:29:18+05:30,1010.9,13,1002.03,8019586,406401.0,439110.0,986.2,1012.8,981.3,986.2,120583500,1084.8,887.6,1102.5,649.1,1010.8,1252,14,1010.7,327,6,1010.6,1278,9,1010.5,1220,13,1010.4,948,15,1010.9,207,4,1011.0,651,7,1011.1,5,2,1011.2,40,1,1011.3,852,7
317,2025-11-26 14:29:19+05:30,1010.8,150,1002.03,8019586,406401.0,439110.0,986.2,1012.8,981.3,986.2,120583500,1084.8,887.6,1102.5,649.1,1010.8,1252,14,1010.7,327,6,1010.6,1278,9,1010.5,1220,13,1010.4,948,15,1010.9,207,4,1011.0,651,7,1011.1,5,2,1011.2,40,1,1011.3,852,7
317,2025-11-26 14:29:19+05:30,1010.9,16,1002.03,8023980,405243.0,439164.0,986.2,1012.8,981.3,986.2,120583500,1084.8,887.6,1102.5,649.1,1010.8,419,5,1010.7,227,3,1010.6,1292,10,1010.5,1163,11,1010.4,1005,12,1010.9,398,4,1011.0,81,2,1011.1,5,2,1011.2,359,5,1011.3,1002,9
317,2025-11-26 14:29:20+05:30,1010.9,73,1002.03,8023980,405243.0,439164.0,986.2,1012.8,981.3,986.2,120583500,1084.8,887.6,1102.5,649.1,1010.8,419,5,1010.7,227,3,1010.6,1292,10,1010.5,1163,11,1010.4,1005,12,1010.9,398,4,1011.0,81,2,1011.1,5,2,1011.2,359,5,1011.3,1002,9
317,2025-11-26 14:29:20+05:30,1011.0,1,1002.03,8024379,406600.0,438626.0,986.2,1012.8,981.3,986.2,120583500,1084.8,887.6,1102.5,649.1,1010.9,442,5,1010.8,1287,10,1010.7,492,8,1010.6,823,10,1010.5,1517,16,1011.0,226,6,1011.1,5,2,1011.2,40,1,1011.3,805,7,1011.4,864,14
317,2025-11-26 14:29:21+05:30,1010.9,85,1002.03,8024379,406600.0,438626.0,986.2,1012.8,981.3,986.2,120583500,1084.8,887.6,1102.5,649.1,1010.9,442,5,1010.8,1287,10,1010.7,492,8,1010.6,823,10,1010.5,1517,16,1011.0,226,6,1011.1,5,2,1011.2,40,1,1011.3,805,7,1011.4,864,14
317,2025-11-26 14:29:21+05:30,1010.9,85,1002.03,8024530,405003.0,439494.0,986.2,1012.8,981.3,986.2,120583500,1084.8,887.6,1102.5,649.1,1010.9,294,4,1010.8,1285,10,1010.7,811,7,1010.6,793,9,1010.5,1316,15,1011.0,335,7,1011.1,249,4,1011.2,312,4,1011.3,925,9,1011.4,877,15
317,2025-11-26 14:29:22+05:30,1011.0,6,1002.03,8024530,405003.0,439494.0,986.2,1012.8,981.3,986.2,120583500,1084.8,887.6,1102.5,649.1,1010.9,294,4,1010.8,1285,10,1010.7,811,7,1010.6,793,9,1010.5,1316,15,1011.0,335,7,1011.1,249,4,1011.2,312,4,1011.3,925,9,1011.4,877,15
317,2025-11-26 14:29:22+05:30,1011.0,6,1002.03,8024536,405407.0,440038.0,986.2,1012.8,981.3,986.2,120583500,1084.8,887.6,1102.5,649.1,1010.9,294,4,1010.8,1344,12,1010.7,894,7,1010.6,668,8,1010.5,1405,15,1011.0,416,8,1011.1,249,4,1011.2,245,3,1011.3,1026,9,1011.4,890,16
317,2025-11-26 14:29:23+05:30,1010.9,5,1002.03,8024536,405407.0,440038.0,986.2,1012.8,981.3,986.2,120583500,1084.8,887.6,1102.5,649.1,1010.9,294,4,1010.8,1344,12,1010.7,894,7,1010.6,668,8,1010.5,1405,15,1011.0,416,8,1011.1,249,4,1011.2,245,3,1011.3,1026,9,1011.4,890,16
317,2025-11-26 14:29:23+05:30,1010.9,5,1002.03,8025378,403993.0,439766.0,986.2,1012.8,981.3,986.2,120583500,1084.8,887.6,1102.5,649.1,1010.9,82,2,1010.8,1274,11,1010.7,90,3,1010.6,726,4,1010.5,1383,16,1011.0,429,4,1011.1,230,6,1011.2,272,3,1011.3,2021,12,1011.4,890,16
317,2025-11-26 14:29:24+05:30,1011.0,88,1002.03,8025378,403993.0,439766.0,986.2,1012.8,981.3,986.2,120583500,1084.8,887.6,1102.5,649.1,1010.9,82,2,1010.8,1274,11,1010.7,90,3,1010.6,726,4,1010.5,1383,16,1011.0,429,4,1011.1,230,6,1011.2,272,3,1011.3,2021,12,1011.4,890,16
317,2025-11-26 14:29:24+05:30,1011.0,88,1002.03,8025595,404921.0,439849.0,986.2,1012.8,981.3,986.2,120583500,1084.8,887.6,1102.5,649.1,1010.9,811,2,1010.8,544,11,1010.7,234,5,1010.6,1050,7,1010.5,1339,16,1011.0,408,7,1011.1,164,5,1011.2,272,3,1011.3,1907,11,1011.4,1019,19
317,2025-11-26 14:29:25+05:30,1011.0,1,1002.03,8025595,404921.0,439849.0,986.2,1012.8,981.3,986.2,120583500,1084.8,887.6,1102.5,649.1,1010.9,811,2,1010.8,544,11,1010.7,234,5,1010.6,1050,7,1010.5,1339,16,1011.0,408,7,1011.1,164,5,1011.2,272,3,1011.3,1907,11,1011.4,1019,19
317,2025-11-26 14:29:25+05:30,1011.0,7,1002.03,8025999,407715.0,438552.0,986.2,1012.8,981.3,986.2,120583500,1084.8,887.6,1102.5,649.1,1010.9,1355,6,1010.8,766,15,1010.7,586,11,1010.6,1048,7,1010.5,1516,16,1011.0,548,6,1011.1,49,3,1011.3,1593,6,1011.4,827,16,1011.5,1040,10
317,2025-11-26 14:29:26+05:30,1010.9,8,1002.03,8025999,407715.0,438552.0,986.2,1012.8,981.3,986.2,120583500,1084.8,887.6,1102.5,649.1,1010.9,1355,6,1010.8,766,15,1010.7,586,11,1010.6,1048,7,1010.5,1516,16,1011.0,548,6,1011.1,49,3,1011.3,1593,6,1011.4,827,16,1011.5,1040,10
317,2025-11-26 14:29:26+05:30,1010.9,8,1002.03,8026009,407759.0,438827.0,986.2,1012.8,981.3,986.2,120583500,1084.8,887.6,1102.5,649.1,1010.9,1220,4,1010.8,880,16,1010.7,586,11,1010.6,624,8,1010.5,2005,17,1011.0,692,8,1011.1,49,3,1011.3,1593,6,1011.4,832,17,1011.5,1064,12
317,2025-11-26 14:29:27+05:30,1010.9,56,1002.03,8026009,407759.0,438827.0,986.2,1012.8,981.3,986.2,120583500,1084.8,887.6,1102.5,649.1,1010.9,1220,4,1010.8,880,16,1010.7,586,11,1010.6,624,8,1010.5,2005,17,1011.0,692,8,1011.1,49,3,1011.3,1593,6,1011.4,832,17,1011.5,1064,12
317,2025-11-26 14:29:27+05:30,1010.9,30,1002.03,8026140,407289.0,439079.0,986.2,1012.8,981.3,986.2,120583500,1084.8,887.6,1102.5,649.1,1010.9,1094,3,1010.8,642,13,1010.7,697,11,1010.6,1148,9,1010.5,1317,16,1011.0,850,9,1011.1,49,3,1011.3,1682,8,1011.4,832,17,1011.5,1064,12
317,2025-11-26 14:29:28+05:30,1010.9,109,1002.03,8026140,407289.0,439079.0,986.2,1012.8,981.3,986.2,120583500,1084.8,887.6,1102.5,649.1,1010.9,1094,3,1010.8,642,13,1010.7,697,11,1010.6,1148,9,1010.5,1317,16,1011.0,850,9,1011.1,49,3,1011.3,1682,8,1011.4,832,17,1011.5,1064,12
317,2025-11-26 14:29:28+05:30,1010.9,109,1002.03,8026249,408258.0,439170.0,986.2,1012.8,981.3,986.2,120583500,1084.8,887.6,1102.5,649.1,1010.9,985,3,1010.8,1756,16,1010.7,490,9,1010.6,1181,9,1010.5,1317,16,1011.0,887,9,1011.1,49,3,1011.2,138,1,1011.3,1660,7,1011.4,832,17
317,2025-11-26 14:29:29+05:30,1011.0,1,1002.03,8026249,408258.0,439170.0,986.2,1012.8,981.3,986.2,120583500,1084.8,887.6,1102.5,649.1,1010.9,985,3,1010.8,1756,16,1010.7,490,9,1010.6,1181,9,1010.5,1317,16,1011.0,887,9,1011.1,49,3,1011.2,138,1,1011.3,1660,7,1011.4,832,17
317,2025-11-26 14:29:29+05:30,1010.9,129,1002.03,8027483,406802.0,438477.0,986.2,1012.8,981.3,986.2,120583500,1084.8,887.6,1102.5,649.1,1010.9,257,3,1010.8,1905,18,1010.7,296,7,1010.6,485,5,1010.5,1872,17,1011.0,328,3,1011.1,179,5,1011.3,1593,6,1011.4,832,17,1011.5,1040,10
317,2025-11-26 14:29:30+05:30,1010.9,129,1002.03,8027483,406802.0,438477.0,986.2,1012.8,981.3,986.2,120583500,1084.8,887.6,1102.5,649.1,1010.9,257,3,1010.8,1905,18,1010.7,296,7,1010.6,485,5,1010.5,1872,17,1011.0,328,3,1011.1,179,5,1011.3,1593,6,1011.4,832,17,1011.5,1040,10
317,2025-11-26 14:29:30+05:30,1010.9,9,1002.03,8027544,408652.0,439871.0,986.2,1012.8,981.3,986.2,120583500,1084.8,887.6,1102.5,649.1,1010.9,1069,7,1010.8,1928,19,1010.7,628,10,1010.6,581,7,1010.5,1317,16,1011.0,398,5,1011.1,174,4,1011.3,1593,6,1011.4,827,16,1011.5,1066,12
317,2025-11-26 14:29:31+05:30,1011.1,77,1002.03,8027544,408652.0,439871.0,986.2,1012.8,981.3,986.2,120583500,1084.8,887.6,1102.5,649.1,1010.9,1069,7,1010.8,1928,19,1010.7,628,10,1010.6,581,7,1010.5,1317,16,1011.0,398,5,1011.1,174,4,1011.3,1593,6,1011.4,827,16,1011.5,1066,12
317,2025-11-26 14:29:31+05:30,1011.3,337,1002.04,8028807,404890.0,439102.0,986.2,1012.8,981.3,986.2,120583500,1084.8,887.6,1102.5,649.1,1011.0,5,1,1010.9,111,4,1010.8,1895,18,1010.7,472,8,1010.6,1039,8,1011.3,1412,9,1011.4,655,10,1011.5,1054,16,1011.6,949,9,1011.7,535,9
317,2025-11-26 14:29:32+05:30,1011.3,27,1002.04,8028807,404890.0,439102.0,986.2,1012.8,981.3,986.2,120583500,1084.8,887.6,1102.5,649.1,1011.0,5,1,1010.9,111,4,1010.8,1895,18,1010.7,472,8,1010.6,1039,8,1011.3,1412,9,1011.4,655,10,1011.5,1054,16,1011.6,949,9,1011.7,535,9
317,2025-11-26 14:29:32+05:30,1011.1,5,1002.04,8028936,407320.0,438315.0,986.2,1012.8,981.3,986.2,120583500,1084.8,887.6,1102.5,649.1,1011.1,28,1,1011.0,872,4,1010.9,116,5,1010.8,1720,15,1010.7,480,8,1011.3,1873,12,1011.4,490,6,1011.5,899,10,1011.6,1026,14,1011.7,673,10
317,2025-11-26 14:29:33+05:30,1011.3,23,1002.04,8028936,407320.0,438315.0,986.2,1012.8,981.3,986.2,120583500,1084.8,887.6,1102.5,649.1,1011.1,28,1,1011.0,872,4,1010.9,116,5,1010.8,1720,15,1010.7,480,8,1011.3,1873,12,1011.4,490,6,1011.5,899,10,1011.6,1026,14,1011.7,673,10
317,2025-11-26 14:29:33+05:30,1011.1,5,1002.04,8029045,407187.0,437928.0,986.2,1012.8,981.3,986.2,120583500,1084.8,887.6,1102.5,649.1,1011.1,197,3,1011.0,903,7,1010.9,123,5,1010.8,1755,14,1010.7,489,7,1011.2,292,4,1011.3,1531,6,1011.4,424,5,1011.5,991,11,1011.6,1553,16
317,2025-11-26 14:29:34+05:30,1011.1,63,1002.04,8029045,407187.0,437928.0,986.2,1012.8,981.3,986.2,120583500,1084.8,887.6,1102.5,649.1,1011.1,197,3,1011.0,903,7,1010.9,123,5,1010.8,1755,14,1010.7,489,7,1011.2,292,4,1011.3,1531,6,1011.4,424,5,1011.5,991,11,1011.6,1553,16
317,2025-11-26 14:29:34+05:30,1011.1,109,1002.04,8029526,406818.0,439307.0,986.2,1012.8,981.3,986.2,120583500,1084.8,887.6,1102.5,649.1,1011.1,24,1,1011.0,786,5,1010.9,118,4,1010.8,1540,11,1010.7,433,6,1011.2,611,7,1011.3,1841,11,1011.4,706,8,1011.5,887,10,1011.6,1561,16
317,2025-11-26 14:29:35+05:30,1011.2,5,1002.04,8029526,406818.0,439307.0,986.2,1012.8,981.3,986.2,120583500,1084.8,887.6,1102.5,649.1,1011.1,24,1,1011.0,786,5,1010.9,118,4,1010.8,1540,11,1010.7,433,6,1011.2,611,7,1011.3,1841,11,1011.4,706,8,1011.5,887,10,1011.6,1561,16
317,2025-11-26 14:29:35+05:30,1011.0,2,1002.04,8029931,408102.0,439932.0,986.2,1012.8,981.3,986.2,120583500,1084.8,887.6,1102.5,649.1,1011.0,573,5,1010.9,61,3,1010.8,1540,11,1010.7,293,4,1010.6,1211,10,1011.1,692,7,1011.2,341,4,1011.3,1749,11,1011.4,773,9,1011.5,927,12
317,2025-11-26 14:29:36+05:30,1011.0,10,1002.04,8029931,408102.0,439932.0,986.2,1012.8,981.3,986.2,120583500,1084.8,887.6,1102.5,649.1,1011.0,573,5,1010.9,61,3,1010.8,1540,11,1010.7,293,4,1010.6,1211,10,1011.1,692,7,1011.2,341,4,1011.3,1749,11,1011.4,773,9,1011.5,927,12
317,2025-11-26 14:29:36+05:30,1011.0,10,1002.04,8029943,408128.0,440165.0,986.2,1012.8,981.3,986.2,120583500,1084.8,887.6,1102.5,649.1,1011.0,563,5,1010.9,61,3,1010.8,1540,11,1010.7,397,5,1010.6,1133,10,1011.1,668,7,1011.2,341,4,1011.3,1749,11,1011.4,669,8,1011.5,1031,13
317,2025-11-26 14:29:37+05:30,1011.1,15,1002.04,8029943,408128.0,440165.0,986.2,1012.8,981.3,986.2,120583500,1084.8,887.6,1102.5,649.1,1011.0,563,5,1010.9,61,3,1010.8,1540,11,1010.7,397,5,1010.6,1133,10,1011.1,668,7,1011.2,341,4,1011.3,1749,11,1011.4,669,8,1011.5,1031,13
317,2025-11-26 14:29:37+05:30,1011.0,40,1002.04,8030597,407333.0,440485.0,986.2,1012.8,981.3,986.2,120583500,1084.8,887.6,1102.5,649.1,1010.9,61,3,1010.8,1540,11,1010.7,173,2,1010.6,1036,7,1010.5,1443,16,1011.0,487,6,1011.1,289,5,1011.2,334,5,1011.3,2065,14,1011.4,565,7
317,2025-11-26 14:29:38+05:30,1011.0,40,1002.04,8030597,407333.0,440485.0,986.2,1012.8,981.3,986.2,120583500,1084.8,887.6,1102.5,649.1,1010.9,61,3,1010.8,1540,11,1010.7,173,2,1010.6,1036,7,1010.5,1443,16,1011.0,487,6,1011.1,289,5,1011.2,334,5,1011.3,2065,14,1011.4,565,7
317,2025-11-26 14:29:38+05:30,1010.9,47,1002.04,8030705,408259.0,440529.0,986.2,1012.8,981.3,986.2,120583500,1084.8,887.6,1102.5,649.1,1010.9,831,4,1010.8,1540,11,1010.7,35,1,1010.6,674,8,1010.5,1999,18,1011.0,465,6,1011.1,289,5,1011.2,334,5,1011.3,1857,12,1011.4,773,9
317,2025-11-26 14:29:39+05:30,1011.0,14,1002.04,8030705,408259.0,440529.0,986.2,1012.8,981.3,986.2,120583500,1084.8,887.6,1102.5,649.1,1010.9,831,4,1010.8,1540,11,1010.7,35,1,1010.6,674,8,1010.5,1999,18,1011.0,465,6,1011.1,289,5,1011.2,334,5,1011.3,1857,12,1011.4,773,9
317,2025-11-26 14:29:40+05:30,1010.9,146,1002.04,8031140,407450.0,440607.0,986.2,1012.8,981.3,986.2,120583500,1084.8,887.6,1102.5,649.1,1010.9,504,5,1010.8,1298,9,1010.7,44,2,1010.6,1074,7,1010.5,1634,20,1011.0,625,7,1011.1,124,2,1011.2,334,5,1011.3,2088,14,1011.4,565,7
317,2025-11-26 14:29:40+05:30,1010.9,146,1002.04,8031140,407450.0,440607.0,986.2,1012.8,981.3,986.2,120583500,1084.8,887.6,1102.5,649.1,1010.9,504,5,1010.8,1298,9,1010.7,44,2,1010.6,1074,7,1010.5,1634,20,1011.0,625,7,1011.1,124,2,1011.2,334,5,1011.3,2088,14,1011.4,565,7
317,2025-11-26 14:29:41+05:30,1011.0,2,1002.04,8031140,407450.0,440607.0,986.2,1012.8,981.3,986.2,120583500,1084.8,887.6,1102.5,649.1,1010.9,504,5,1010.8,1298,9,1010.7,44,2,1010.6,1074,7,1010.5,1634,20,1011.0,625,7,1011.1,124,2,1011.2,334,5,1011.3,2088,14,1011.4,565,7
317,2025-11-26 14:29:41+05:30,1011.0,2,1002.04,8031558,404954.0,440681.0,986.2,1012.8,981.3,986.2,120583500,1084.8,887.6,1102.5,649.1,1010.9,90,4,1010.8,1266,8,1010.7,9,1,1010.6,111,1,1010.5,1582,14,1011.0,485,7,1011.1,455,6,1011.2,485,7,1011.3,1943,12,1011.4,656,10
317,2025-11-26 14:29:42+05:30,1010.9,2,1002.04,8031718,405612.0,440657.0,986.2,1012.8,981.3,986.2,120583500,1084.8,887.6,1102.5,649.1,1010.9,154,3,1010.8,2056,10,1010.7,9,1,1010.6,276,3,1010.5,1489,12,1011.0,448,7,1011.1,389,6,1011.2,583,8,1011.3,1968,13,1011.4,630,8
317,2025-11-26 14:29:42+05:30,1010.8,16,1002.04,8031718,405612.0,440657.0,986.2,1012.8,981.3,986.2,120583500,1084.8,887.6,1102.5,649.1,1010.9,154,3,1010.8,2056,10,1010.7,9,1,1010.6,276,3,1010.5,1489,12,1011.0,448,7,1011.1,389,6,1011.2,583,8,1011.3,1968,13,1011.4,630,8
317,2025-11-26 14:29:43+05:30,1010.9,13,1002.04,8031718,405612.0,440657.0,986.2,1012.8,981.3,986.2,120583500,1084.8,887.6,1102.5,649.1,1010.9,154,3,1010.8,2056,10,1010.7,9,1,1010.6,276,3,1010.5,1489,12,1011.0,448,7,1011.1,389,6,1011.2,583,8,1011.3,1968,13,1011.4,630,8
317,2025-11-26 14:29:43+05:30,1010.9,13,1002.04,8032092,406025.0,440170.0,986.2,1012.8,981.3,986.2,120583500,1084.8,887.6,1102.5,649.1,1010.8,1872,9,1010.7,9,1,1010.6,138,1,1010.5,1587,13,1010.4,975,14,1010.9,492,6,1011.0,210,3,1011.1,357,5,1011.2,688,9,1011.3,1968,13
317,2025-11-26 14:29:44+05:30,1010.9,4,1002.04,8032092,406025.0,440170.0,986.2,1012.8,981.3,986.2,120583500,1084.8,887.6,1102.5,649.1,1010.8,1872,9,1010.7,9,1,1010.6,138,1,1010.5,1587,13,1010.4,975,14,1010.9,492,6,1011.0,210,3,1011.1,357,5,1011.2,688,9,1011.3,1968,13
317,2025-11-26 14:29:44+05:30,1010.8,145,1002.04,8032669,405782.0,439952.0,986.2,1012.8,981.3,986.2,120583500,1084.8,887.6,1102.5,649.1,1010.8,1531,8,1010.7,9,1,1010.6,138,1,1010.5,1489,12,1010.4,1171,16,1010.9,647,7,1011.0,153,3,1011.1,357,5,1011.2,688,9,1011.3,1968,13
317,2025-11-26 14:29:45+05:30,1010.8,25,1002.04,8032669,405782.0,439952.0,986.2,1012.8,981.3,986.2,120583500,1084.8,887.6,1102.5,649.1,1010.8,1531,8,1010.7,9,1,1010.6,138,1,1010.5,1489,12,1010.4,1171,16,1010.9,647,7,1011.0,153,3,1011.1,357,5,1011.2,688,9,1011.3,1968,13
317,2025-11-26 14:29:45+05:30,1010.9,2,1002.04,8032699,406357.0,439883.0,986.2,1012.8,981.3,986.2,120583500,1084.8,887.6,1102.5,649.1,1010.8,2081,10,1010.7,9,1,1010.6,138,1,1010.5,1720,16,1010.4,975,14,1010.9,583,6,1011.0,124,3,1011.1,357,5,1011.2,590,8,1011.3,2066,14
317,2025-11-26 14:29:46+05:30,1010.8,8,1002.04,8032699,406357.0,439883.0,986.2,1012.8,981.3,986.2,120583500,1084.8,887.6,1102.5,649.1,1010.8,2081,10,1010.7,9,1,1010.6,138,1,1010.5,1720,16,1010.4,975,14,1010.9,583,6,1011.0,124,3,1011.1,357,5,1011.2,590,8,1011.3,2066,14
317,2025-11-26 14:29:46+05:30,1010.8,10,1002.04,8033014,406176.0,440040.0,986.2,1012.8,981.3,986.2,120583500,1084.8,887.6,1102.5,649.1,1010.8,1881,12,1010.7,9,1,1010.6,138,1,1010.5,1249,15,1010.4,1465,15,1010.9,696,7,1011.0,87,2,1011.1,363,7,1011.2,492,7,1011.3,2161,14
317,2025-11-26 14:29:47+05:30,1010.8,10,1002.04,8033014,406176.0,440040.0,986.2,1012.8,981.3,986.2,120583500,1084.8,887.6,1102.5,649.1,1010.8,1881,12,1010.7,9,1,1010.6,138,1,1010.5,1249,15,1010.4,1465,15,1010.9,696,7,1011.0,87,2,1011.1,363,7,1011.2,492,7,1011.3,2161,14
317,2025-11-26 14:29:47+05:30,1010.8,150,1002.04,8033164,406181.0,439985.0,986.2,1012.8,981.3,986.2,120583500,1084.8,887.6,1102.5,649.1,1010.8,1731,12,1010.7,9,1,1010.6,219,2,1010.5,1249,15,1010.4,1539,16,1010.9,660,6,1011.0,119,3,1011.1,297,6,1011.2,492,7,1011.3,2346,15
317,2025-11-26 14:29:48+05:30,1010.9,41,1002.04,8033164,406181.0,439985.0,986.2,1012.8,981.3,986.2,120583500,1084.8,887.6,1102.5,649.1,1010.8,1731,12,1010.7,9,1,1010.6,219,2,1010.5,1249,15,1010.4,1539,16,1010.9,660,6,1011.0,119,3,1011.1,297,6,1011.2,492,7,1011.3,2346,15
317,2025-11-26 14:29:48+05:30,1011.1,73,1002.04,8034730,409569.0,438269.0,986.2,1012.8,981.3,986.2,120583500,1084.8,887.6,1102.5,649.1,1011.2,575,4,1011.0,46,2,1010.9,779,2,1010.8,1281,18,1010.7,482,9,1011.3,2001,9,1011.4,438,5,1011.5,1130,11,1011.6,1310,19,1011.7,671,10
317,2025-11-26 14:29:49+05:30,1011.3,135,1002.04,8034730,409569.0,438269.0,986.2,1012.8,981.3,986.2,120583500,1084.8,887.6,1102.5,649.1,1011.2,575,4,1011.0,46,2,1010.9,779,2,1010.8,1281,18,1010.7,482,9,1011.3,2001,9,1011.4,438,5,1011.5,1130,11,1011.6,1310,19,1011.7,671,10
317,2025-11-26 14:29:49+05:30,1011.3,135,1002.04,8034865,407734.0,437947.0,986.2,1012.8,981.3,986.2,120583500,1084.8,887.6,1102.5,649.1,1011.2,575,4,1011.0,796,3,1010.9,60,2,1010.8,1071,16,1010.7,482,9,1011.3,1953,10,1011.4,470,6,1011.5,1217,12,1011.6,1057,16,1011.7,686,11
317,2025-11-26 14:29:50+05:30,1011.3,259,1002.04,8034865,407734.0,437947.0,986.2,1012.8,981.3,986.2,120583500,1084.8,887.6,1102.5,649.1,1011.2,575,4,1011.0,796,3,1010.9,60,2,1010.8,1071,16,1010.7,482,9,1011.3,1953,10,1011.4,470,6,1011.5,1217,12,1011.6,1057,16,1011.7,686,11
317,2025-11-26 14:29:50+05:30,1011.2,35,1002.04,8035793,407070.0,437248.0,986.2,1012.8,981.3,986.2,120583500,1084.8,887.6,1102.5,649.1,1011.2,254,3,1011.0,834,5,1010.9,65,3,1010.8,792,12,1010.7,477,8,1011.3,1556,15,1011.4,528,7,1011.5,1199,13,1011.6,1028,14,1011.7,676,10
317,2025-11-26 14:29:51+05:30,1011.3,1,1002.04,8035793,407070.0,437248.0,986.2,1012.8,981.3,986.2,120583500,1084.8,887.6,1102.5,649.1,1011.2,254,3,1011.0,834,5,1010.9,65,3,1010.8,792,12,1010.7,477,8,1011.3,1556,15,1011.4,528,7,1011.5,1199,13,1011.6,1028,14,1011.7,676,10
317,2025-11-26 14:29:51+05:30,1011.2,10,1002.04,8035804,407032.0,437511.0,986.2,1012.8,981.3,986.2,120583500,1084.8,887.6,1102.5,649.1,1011.2,244,3,1011.0,834,5,1010.9,65,3,1010.8,982,15,1010.7,477,8,1011.3,1527,15,1011.4,463,6,1011.5,1173,11,1011.6,1054,16,1011.7,676,10
317,2025-11-26 14:29:52+05:30,1011.3,66,1002.04,8035804,407032.0,437511.0,986.2,1012.8,981.3,986.2,120583500,1084.8,887.6,1102.5,649.1,1011.2,244,3,1011.0,834,5,1010.9,65,3,1010.8,982,15,1010.7,477,8,1011.3,1527,15,1011.4,463,6,1011.5,1173,11,1011.6,1054,16,1011.7,676,10
317,2025-11-26 14:29:52+05:30,1011.1,5,1002.04,8036950,407887.0,438985.0,986.2,1012.8,981.3,986.2,120583500,1084.8,887.6,1102.5,649.1,1011.0,492,6,1010.9,34,2,1010.8,651,11,1010.7,409,6,1010.6,1188,8,1011.1,286,2,1011.2,318,4,1011.3,1285,12,1011.4,446,6,1011.5,1055,12
317,2025-11-26 14:29:53+05:30,1011.1,23,1002.04,8036950,407887.0,438985.0,986.2,1012.8,981.3,986.2,120583500,1084.8,887.6,1102.5,649.1,1011.0,492,6,1010.9,34,2,1010.8,651,11,1010.7,409,6,1010.6,1188,8,1011.1,286,2,1011.2,318,4,1011.3,1285,12,1011.4,446,6,1011.5,1055,12
317,2025-11-26 14:29:53+05:30,1011.0,5,1002.04,8036982,407878.0,439185.0,986.2,1012.8,981.3,986.2,120583500,1084.8,887.6,1102.5,649.1,1011.0,483,6,1010.9,34,2,1010.8,562,10,1010.7,498,7,1010.6,1188,8,1011.1,444,6,1011.2,318,4,1011.3,1258,12,1011.4,446,6,1011.5,1055,12
317,2025-11-26 14:29:54+05:30,1011.1,112,1002.04,8036982,407878.0,439185.0,986.2,1012.8,981.3,986.2,120583500,1084.8,887.6,1102.5,649.1,1011.0,483,6,1010.9,34,2,1010.8,562,10,1010.7,498,7,1010.6,1188,8,1011.1,444,6,1011.2,318,4,1011.3,1258,12,1011.4,446,6,1011.5,1055,12
317,2025-11-26 14:29:55+05:30,1011.1,102,1002.05,8037357,405694.0,440243.0,986.2,1012.8,981.3,986.2,120583500,1084.8,887.6,1102.5,649.1,1011.0,206,5,1010.9,5,1,1010.8,433,8,1010.7,74,1,1010.6,1123,7,1011.1,954,11,1011.2,493,4,1011.3,1409,14,1011.4,543,9,1011.5,1392,12
317,2025-11-26 14:29:55+05:30,1011.1,102,1002.05,8037357,405694.0,440243.0,986.2,1012.8,981.3,986.2,120583500,1084.8,887.6,1102.5,649.1,1011.0,206,5,1010.9,5,1,1010.8,433,8,1010.7,74,1,1010.6,1123,7,1011.1,954,11,1011.2,493,4,1011.3,1409,14,1011.4,543,9,1011.5,1392,12
317,2025-11-26 14:29:56+05:30,1010.9,132,1002.05,8037357,405694.0,440243.0,986.2,1012.8,981.3,986.2,120583500,1084.8,887.6,1102.5,649.1,1011.0,206,5,1010.9,5,1,1010.8,433,8,1010.7,74,1,1010.6,1123,7,1011.1,954,11,1011.2,493,4,1011.3,1409,14,1011.4,543,9,1011.5,1392,12
317,2025-11-26 14:29:56+05:30,1010.9,132,1002.05,8037984,405395.0,440286.0,986.2,1012.8,981.3,986.2,120583500,1084.8,887.6,1102.5,649.1,1010.9,9,1,1010.8,1183,9,1010.6,985,6,1010.5,1293,16,1010.4,1676,14,1011.0,235,4,1011.1,782,10,1011.2,558,5,1011.3,1398,13,1011.4,559,11
317,2025-11-26 14:29:57+05:30,1010.9,132,1002.05,8037984,405395.0,440286.0,986.2,1012.8,981.3,986.2,120583500,1084.8,887.6,1102.5,649.1,1010.9,9,1,1010.8,1183,9,1010.6,985,6,1010.5,1293,16,1010.4,1676,14,1011.0,235,4,1011.1,782,10,1011.2,558,5,1011.3,1398,13,1011.4,559,11
317,2025-11-26 14:29:57+05:30,1010.9,132,1002.05,8039206,407083.0,439296.0,986.2,1012.8,981.3,986.2,120583500,1084.8,887.6,1102.5,649.1,1010.9,618,3,1010.8,492,9,1010.7,322,5,1010.6,1050,6,1010.5,1363,16,1011.0,275,3,1011.1,232,6,1011.2,332,3,1011.3,1327,12,1011.4,540,10
317,2025-11-26 14:29:58+05:30,1010.9,15,1002.05,8039206,407083.0,439296.0,986.2,1012.8,981.3,986.2,120583500,1084.8,887.6,1102.5,649.1,1010.9,618,3,1010.8,492,9,1010.7,322,5,1010.6,1050,6,1010.5,1363,16,1011.0,275,3,1011.1,232,6,1011.2,332,3,1011.3,1327,12,1011.4,540,10
317,2025-11-26 14:29:58+05:30,1011.0,5,1002.05,8039355,405085.0,439472.0,986.2,1012.8,981.3,986.2,120583500,1084.8,887.6,1102.5,649.1,1010.9,99,2,1010.8,1662,11,1010.7,183,4,1010.6,493,6,1010.5,1409,16,1011.0,416,5,1011.1,229,6,1011.2,645,6,1011.3,1484,16,1011.4,646,10
317,2025-11-26 14:29:59+05:30,1010.8,150,1002.05,8039355,405085.0,439472.0,986.2,1012.8,981.3,986.2,120583500,1084.8,887.6,1102.5,649.1,1010.9,99,2,1010.8,1662,11,1010.7,183,4,1010.6,493,6,1010.5,1409,16,1011.0,416,5,1011.1,229,6,1011.2,645,6,1011.3,1484,16,1011.4,646,10
317,2025-11-26 14:29:59+05:30,1010.8,150,1002.05,8039589,404663.0,441204.0,986.2,1012.8,981.3,986.2,120583500,1084.8,887.6,1102.5,649.1,1010.8,385,8,1010.7,1195,3,1010.6,5,1,1010.5,1064,12,1010.4,917,11,1010.9,611,6,1011.0,452,6,1011.1,503,9,1011.2,1188,8,1011.3,1458,19
317,2025-11-26 14:30:00+05:30,1010.8,4,1002.05,8040047,407771.0,440935.0,986.2,1012.8,981.3,986.2,120583500,1084.8,887.6,1102.5,649.1,1010.8,41,5,1010.7,1226,4,1010.6,5,1,1010.5,1017,11,1010.4,995,14,1010.9,491,5,1011.0,312,4,1011.1,531,11,1011.2,1118,7,1011.3,1448,18
317,2025-11-26 14:30:01+05:30,1010.8,111,1002.05,8040047,407771.0,440935.0,986.2,1012.8,981.3,986.2,120583500,1084.8,887.6,1102.5,649.1,1010.8,41,5,1010.7,1226,4,1010.6,5,1,1010.5,1017,11,1010.4,995,14,1010.9,491,5,1011.0,312,4,1011.1,531,11,1011.2,1118,7,1011.3,1448,18
317,2025-11-26 14:30:01+05:30,1010.8,111,1002.05,8040794,407652.0,439659.0,986.2,1012.8,981.3,986.2,120583500,1084.8,887.6,1102.5,649.1,1010.8,150,1,1010.7,1254,5,1010.6,242,4,1010.5,1389,17,1010.4,835,12,1010.9,203,5,1011.0,89,1,1011.1,492,8,1011.2,1172,7,1011.3,1277,15
317,2025-11-26 14:30:02+05:30,1010.9,1,1002.05,8040794,407652.0,439659.0,986.2,1012.8,981.3,986.2,120583500,1084.8,887.6,1102.5,649.1,1010.8,150,1,1010.7,1254,5,1010.6,242,4,1010.5,1389,17,1010.4,835,12,1010.9,203,5,1011.0,89,1,1011.1,492,8,1011.2,1172,7,1011.3,1277,15
317,2025-11-26 14:30:02+05:30,1010.9,3,1002.05,8040890,409554.0,437943.0,986.2,1012.8,981.3,986.2,120583500,1084.8,887.6,1102.5,649.1,1010.8,1487,4,1010.7,242,5,1010.6,450,7,1010.5,1344,16,1010.4,1307,13,1010.9,235,5,1011.0,133,2,1011.1,265,5,1011.2,446,3,1011.3,1277,15
317,2025-11-26 14:30:03+05:30,1010.8,98,1002.05,8040890,409554.0,437943.0,986.2,1012.8,981.3,986.2,120583500,1084.8,887.6,1102.5,649.1,1010.8,1487,4,1010.7,242,5,1010.6,450,7,1010.5,1344,16,1010.4,1307,13,1010.9,235,5,1011.0,133,2,1011.1,265,5,1011.2,446,3,1011.3,1277,15
317,2025-11-26 14:30:03+05:30,1010.8,5,1002.05,8041035,407704.0,439031.0,986.2,1012.8,981.3,986.2,120583500,1084.8,887.6,1102.5,649.1,1010.8,211,2,1010.7,1254,5,1010.6,203,4,1010.5,1364,15,1010.4,994,16,1010.9,608,8,1011.0,198,3,1011.1,310,6,1011.2,808,9,1011.3,1273,14
317,2025-11-26 14:30:04+05:30,1010.9,150,1002.05,8041035,407704.0,439031.0,986.2,1012.8,981.3,986.2,120583500,1084.8,887.6,1102.5,649.1,1010.8,211,2,1010.7,1254,5,1010.6,203,4,1010.5,1364,15,1010.4,994,16,1010.9,608,8,1011.0,198,3,1011.1,310,6,1011.2,808,9,1011.3,1273,14
317,2025-11-26 14:30:04+05:30,1010.9,150,1002.05,8041643,411985.0,437909.0,986.2,1012.8,981.3,986.2,120583500,1084.8,887.6,1102.5,649.1,1010.9,1710,6,1010.8,105,4,1010.7,548,8,1010.6,1016,10,1010.5,1476,15,1011.0,496,6,1011.1,28,2,1011.2,308,2,1011.3,1031,10,1011.4,1028,16
317,2025-11-26 14:30:05+05:30,1010.9,3,1002.05,8041643,411985.0,437909.0,986.2,1012.8,981.3,986.2,120583500,1084.8,887.6,1102.5,649.1,1010.9,1710,6,1010.8,105,4,1010.7,548,8,1010.6,1016,10,1010.5,1476,15,1011.0,496,6,1011.1,28,2,1011.2,308,2,1011.3,1031,10,1011.4,1028,16
317,2025-11-26 14:30:05+05:30,1011.0,3,1002.05,8042050,410604.0,438294.0,986.2,1012.8,981.3,986.2,120583500,1084.8,887.6,1102.5,649.1,1010.9,1575,6,1010.8,86,3,1010.7,181,3,1010.6,608,11,1010.5,1365,15,1011.0,376,5,1011.1,238,4,1011.2,584,5,1011.3,1255,13,1011.4,1054,18
317,2025-11-26 14:30:06+05:30,1010.9,8,1002.05,8042050,410604.0,438294.0,986.2,1012.8,981.3,986.2,120583500,1084.8,887.6,1102.5,649.1,1010.9,1575,6,1010.8,86,3,1010.7,181,3,1010.6,608,11,1010.5,1365,15,1011.0,376,5,1011.1,238,4,1011.2,584,5,1011.3,1255,13,1011.4,1054,18
317,2025-11-26 14:30:06+05:30,1010.9,146,1002.05,8043155,407528.0,439856.0,986.2,1012.8,981.3,986.2,120583500,1084.8,887.6,1102.5,649.1,1010.9,471,4,1010.8,57,2,1010.7,759,2,1010.6,113,4,1010.5,1249,13,1011.0,499,7,1011.1,686,10,1011.2,651,6,1011.3,1224,13,1011.4,1352,19
317,2025-11-26 14:30:07+05:30,1011.0,28,1002.05,8043155,407528.0,439856.0,986.2,1012.8,981.3,986.2,120583500,1084.8,887.6,1102.5,649.1,1010.9,471,4,1010.8,57,2,1010.7,759,2,1010.6,113,4,1010.5,1249,13,1011.0,499,7,1011.1,686,10,1011.2,651,6,1011.3,1224,13,1011.4,1352,19
317,2025-11-26 14:30:07+05:30,1011.0,51,1002.05,8043632,407210.0,440124.0,986.2,1012.8,981.3,986.2,120583500,1084.8,887.6,1102.5,649.1,1010.9,274,4,1010.8,16,1,1010.7,760,3,1010.6,57,3,1010.5,1199,12,1011.0,522,9,1011.1,626,11,1011.2,651,6,1011.3,1211,12,1011.4,1054,18
317,2025-11-26 14:30:08+05:30,1011.0,51,1002.05,8043632,407210.0,440124.0,986.2,1012.8,981.3,986.2,120583500,1084.8,887.6,1102.5,649.1,1010.9,274,4,1010.8,16,1,1010.7,760,3,1010.6,57,3,1010.5,1199,12,1011.0,522,9,1011.1,626,11,1011.2,651,6,1011.3,1211,12,1011.4,1054,18
317,2025-11-26 14:30:08+05:30,1010.9,20,1002.05,8043742,407172.0,440427.0,986.2,1012.8,981.3,986.2,120583500,1084.8,887.6,1102.5,649.1,1010.9,241,3,1010.8,16,1,1010.7,760,3,1010.6,57,3,1010.5,1224,13,1011.0,531,9,1011.1,627,12,1011.2,651,6,1011.3,1211,12,1011.4,1054,18
317,2025-11-26 14:30:09+05:30,1010.9,20,1002.05,8043742,407172.0,440427.0,986.2,1012.8,981.3,986.2,120583500,1084.8,887.6,1102.5,649.1,1010.9,241,3,1010.8,16,1,1010.7,760,3,1010.6,57,3,1010.5,1224,13,1011.0,531,9,1011.1,627,12,1011.2,651,6,1011.3,1211,12,1011.4,1054,18
317,2025-11-26 14:30:09+05:30,1010.9,10,1002.05,8043902,409559.0,440584.0,986.2,1012.8,981.3,986.2,120583500,1084.8,887.6,1102.5,649.1,1010.9,158,3,1010.8,1716,2,1010.7,760,3,1010.6,132,4,1010.5,1183,13,1011.0,526,9,1011.1,819,13,1011.2,651,6,1011.3,1181,11,1011.4,1054,18
317,2025-11-26 14:30:10+05:30,1010.9,10,1002.05,8043902,409559.0,440584.0,986.2,1012.8,981.3,986.2,120583500,1084.8,887.6,1102.5,649.1,1010.9,158,3,1010.8,1716,2,1010.7,760,3,1010.6,132,4,1010.5,1183,13,1011.0,526,9,1011.1,819,13,1011.2,651,6,1011.3,1181,11,1011.4,1054,18
317,2025-11-26 14:30:10+05:30,1010.9,1,1002.05,8044034,409392.0,440398.0,986.2,1012.8,981.3,986.2,120583500,1084.8,887.6,1102.5,649.1,1010.9,77,2,1010.8,1716,2,1010.7,760,3,1010.6,132,4,1010.5,1158,12,1011.0,562,9,1011.1,883,15,1011.2,703,7,1011.3,1206,12,1011.4,1054,18
317,2025-11-26 14:30:11+05:30,1010.9,29,1002.05,8044034,409392.0,440398.0,986.2,1012.8,981.3,986.2,120583500,1084.8,887.6,1102.5,649.1,1010.9,77,2,1010.8,1716,2,1010.7,760,3,1010.6,132,4,1010.5,1158,12,1011.0,562,9,1011.1,883,15,1011.2,703,7,1011.3,1206,12,1011.4,1054,18
317,2025-11-26 14:30:11+05:30,1010.9,73,1002.05,8044254,408679.0,439658.0,986.2,1012.8,981.3,986.2,120583500,1084.8,887.6,1102.5,649.1,1010.8,1716,2,1010.7,760,3,1010.6,284,5,1010.5,1341,16,1010.4,911,13,1010.9,108,2,1011.0,43,2,1011.1,323,8,1011.2,786,8,1011.3,1290,14
317,2025-11-26 14:30:12+05:30,1010.9,73,1002.05,8044254,408679.0,439658.0,986.2,1012.8,981.3,986.2,120583500,1084.8,887.6,1102.5,649.1,1010.8,1716,2,1010.7,760,3,1010.6,284,5,1010.5,1341,16,1010.4,911,13,1010.9,108,2,1011.0,43,2,1011.1,323,8,1011.2,786,8,1011.3,1290,14
317,2025-11-26 14:30:12+05:30,1010.8,10,1002.05,8044264,409749.0,439839.0,986.2,1012.8,981.3,986.2,120583500,1084.8,887.6,1102.5,649.1,1010.8,1753,3,1010.7,1862,8,1010.6,410,7,1010.5,1736,14,1010.4,950,14,1011.0,43,2,1011.1,71,5,1011.2,703,7,1011.3,1264,12,1011.4,1014,16
317,2025-11-26 14:30:13+05:30,1010.8,65,1002.05,8044264,409749.0,439839.0,986.2,1012.8,981.3,986.2,120583500,1084.8,887.6,1102.5,649.1,1010.8,1753,3,1010.7,1862,8,1010.6,410,7,1010.5,1736,14,1010.4,950,14,1011.0,43,2,1011.1,71,5,1011.2,703,7,1011.3,1264,12,1011.4,1014,16
317,2025-11-26 14:30:13+05:30,1010.8,1,1002.05,8044452,409607.0,439868.0,986.2,1012.8,981.3,986.2,120583500,1084.8,887.6,1102.5,649.1,1010.8,1614,3,1010.7,1718,7,1010.6,410,7,1010.5,1733,14,1010.4,911,13,1011.0,68,3,1011.1,133,5,1011.2,703,7,1011.3,1181,11,1011.4,1097,17
317,2025-11-26 14:30:14+05:30,1010.8,1,1002.05,8044452,409607.0,439868.0,986.2,1012.8,981.3,986.2,120583500,1084.8,887.6,1102.5,649.1,1010.8,1614,3,1010.7,1718,7,1010.6,410,7,1010.5,1733,14,1010.4,911,13,1011.0,68,3,1011.1,133,5,1011.2,703,7,1011.3,1181,11,1011.4,1097,17
317,2025-11-26 14:30:14+05:30,1011.0,2,1002.05,8044954,408968.0,439779.0,986.2,1012.8,981.3,986.2,120583500,1084.8,887.6,1102.5,649.1,1010.8,1114,3,1010.7,1538,5,1010.6,327,6,1010.5,1857,16,1010.4,911,13,1011.0,66,3,1011.1,225,6,1011.2,786,8,1011.3,1181,11,1011.4,1477,18
317,2025-11-26 14:30:15+05:30,1011.0,2,1002.05,8044954,408968.0,439779.0,986.2,1012.8,981.3,986.2,120583500,1084.8,887.6,1102.5,649.1,1010.8,1114,3,1010.7,1538,5,1010.6,327,6,1010.5,1857,16,1010.4,911,13,1011.0,66,3,1011.1,225,6,1011.2,786,8,1011.3,1181,11,1011.4,1477,18
317,2025-11-26 14:30:15+05:30,1011.0,2,1002.05,8044956,410150.0,439672.0,986.2,1012.8,981.3,986.2,120583500,1084.8,887.6,1102.5,649.1,1010.9,112,1,1010.8,2647,6,1010.7,332,5,1010.6,1016,10,1010.5,1280,14,1011.0,6,2,1011.1,70,4,1011.2,477,4,1011.3,1264,12,1011.4,1003,15
317,2025-11-26 14:30:16+05:30,1011.0,64,1002.05,8044956,410150.0,439672.0,986.2,1012.8,981.3,986.2,120583500,1084.8,887.6,1102.5,649.1,1010.9,112,1,1010.8,2647,6,1010.7,332,5,1010.6,1016,10,1010.5,1280,14,1011.0,6,2,1011.1,70,4,1011.2,477,4,1011.3,1264,12,1011.4,1003,15
317,2025-11-26 14:30:16+05:30,1011.0,11,1002.05,8045739,410149.0,437256.0,986.2,1012.8,981.3,986.2,120583500,1084.8,887.6,1102.5,649.1,1011.0,10,1,1010.9,221,3,1010.8,2805,9,1010.7,686,11,1010.6,694,11,1011.1,65,3,1011.2,200,1,1011.3,713,5,1011.4,614,7,1011.5,1263,19
317,2025-11-26 14:30:17+05:30,1011.0,11,1002.05,8045739,410149.0,437256.0,986.2,1012.8,981.3,986.2,120583500,1084.8,887.6,1102.5,649.1,1011.0,10,1,1010.9,221,3,1010.8,2805,9,1010.7,686,11,1010.6,694,11,1011.1,65,3,1011.2,200,1,1011.3,713,5,1011.4,614,7,1011.5,1263,19
317,2025-11-26 14:30:17+05:30,1011.1,115,1002.05,8045946,410419.0,437648.0,986.2,1012.8,981.3,986.2,120583500,1084.8,887.6,1102.5,649.1,1011.0,111,3,1010.9,1876,7,1010.8,1516,8,1010.7,603,10,1010.6,715,12,1011.1,8,1,1011.2,200,1,1011.3,575,4,1011.4,580,6,1011.5,1314,19
317,2025-11-26 14:30:18+05:30,1011.1,115,1002.05,8045946,410419.0,437648.0,986.2,1012.8,981.3,986.2,120583500,1084.8,887.6,1102.5,649.1,1011.0,111,3,1010.9,1876,7,1010.8,1516,8,1010.7,603,10,1010.6,715,12,1011.1,8,1,1011.2,200,1,1011.3,575,4,1011.4,580,6,1011.5,1314,19
317,2025-11-26 14:30:18+05:30,1011.0,16,1002.05,8045968,410419.0,437630.0,986.2,1012.8,981.3,986.2,120583500,1084.8,887.6,1102.5,649.1,1011.0,112,4,1010.9,1883,9,1010.8,1516,8,1010.7,603,10,1010.6,708,10,1011.1,11,2,1011.2,200,1,1011.3,575,4,1011.4,580,6,1011.5,1314,19
317,2025-11-26 14:30:19+05:30,1011.0,16,1002.05,8045968,410419.0,437630.0,986.2,1012.8,981.3,986.2,120583500,1084.8,887.6,1102.5,649.1,1011.0,112,4,1010.9,1883,9,1010.8,1516,8,1010.7,603,10,1010.6,708,10,1011.1,11,2,1011.2,200,1,1011.3,575,4,1011.4,580,6,1011.5,1314,19
317,2025-11-26 14:30:19+05:30,1011.0,1,1002.05,8045969,410419.0,437630.0,986.2,1012.8,981.3,986.2,120583500,1084.8,887.6,1102.5,649.1,1011.0,112,5,1010.9,1883,9,1010.8,1516,8,1010.7,603,10,1010.6,708,10,1011.1,11,2,1011.2,400,2,1011.3,575,4,1011.4,580,6,1011.5,1114,18
317,2025-11-26 14:30:20+05:30,1011.1,1,1002.05,8045969,410419.0,437630.0,986.2,1012.8,981.3,986.2,120583500,1084.8,887.6,1102.5,649.1,1011.0,112,5,1010.9,1883,9,1010.8,1516,8,1010.7,603,10,1010.6,708,10,1011.1,11,2,1011.2,400,2,1011.3,575,4,1011.4,580,6,1011.5,1114,18
317,2025-11-26 14:30:20+05:30,1011.1,1,1002.05,8045970,410545.0,437631.0,986.2,1012.8,981.3,986.2,120583500,1084.8,887.6,1102.5,649.1,1011.0,112,5,1010.9,1883,9,1010.8,1632,10,1010.7,603,10,1010.6,708,10,1011.1,10,2,1011.2,400,2,1011.3,575,4,1011.4,580,6,1011.5,1116,19
317,2025-11-26 14:30:21+05:30,1011.1,1,1002.05,8045970,410545.0,437631.0,986.2,1012.8,981.3,986.2,120583500,1084.8,887.6,1102.5,649.1,1011.0,112,5,1010.9,1883,9,1010.8,1632,10,1010.7,603,10,1010.6,708,10,1011.1,10,2,1011.2,400,2,1011.3,575,4,1011.4,580,6,1011.5,1116,19
317,2025-11-26 14:30:21+05:30,1011.1,1,1002.05,8045971,409797.0,436792.0,986.2,1012.8,981.3,986.2,120583500,1084.8,887.6,1102.5,649.1,1011.0,112,5,1010.9,1881,9,1010.8,1632,10,1010.7,603,10,1010.6,708,10,1011.1,9,2,1011.2,400,2,1011.3,575,4,1011.4,580,6,1011.5,1116,19
317,2025-11-26 14:30:22+05:30,1011.1,1,1002.05,8045992,407084.0,435962.0,986.2,1012.8,981.3,986.2,120583500,1084.8,887.6,1102.5,649.1,1011.1,2,1,1011.0,112,6,1010.9,710,7,1010.8,2846,9,1010.7,629,9,1011.2,400,2,1011.3,724,6,1011.4,656,11,1011.5,1069,15,1011.6,960,9
317,2025-11-26 14:30:23+05:30,1011.1,7,1002.05,8045992,407084.0,435962.0,986.2,1012.8,981.3,986.2,120583500,1084.8,887.6,1102.5,649.1,1011.1,2,1,1011.0,112,6,1010.9,710,7,1010.8,2846,9,1010.7,629,9,1011.2,400,2,1011.3,724,6,1011.4,656,11,1011.5,1069,15,1011.6,960,9
317,2025-11-26 14:30:23+05:30,1011.2,2,1002.05,8046238,407072.0,435566.0,986.2,1012.8,981.3,986.2,120583500,1084.8,887.6,1102.5,649.1,1011.0,68,1,1010.9,102,4,1010.8,2856,10,1010.7,570,8,1010.6,745,10,1011.2,375,2,1011.3,724,6,1011.4,471,10,1011.5,1134,16,1011.6,960,9
317,2025-11-26 14:30:24+05:30,1011.2,39,1002.05,8046238,407072.0,435566.0,986.2,1012.8,981.3,986.2,120583500,1084.8,887.6,1102.5,649.1,1011.0,68,1,1010.9,102,4,1010.8,2856,10,1010.7,570,8,1010.6,745,10,1011.2,375,2,1011.3,724,6,1011.4,471,10,1011.5,1134,16,1011.6,960,9
317,2025-11-26 14:30:25+05:30,1011.2,1,1002.05,8046238,407072.0,435566.0,986.2,1012.8,981.3,986.2,120583500,1084.8,887.6,1102.5,649.1,1011.0,68,1,1010.9,102,4,1010.8,2856,10,1010.7,570,8,1010.6,745,10,1011.2,375,2,1011.3,724,6,1011.4,471,10,1011.5,1134,16,1011.6,960,9
317,2025-11-26 14:30:25+05:30,1011.2,1,1002.06,8046528,402290.0,435588.0,986.2,1012.8,981.3,986.2,120583500,1084.8,887.6,1102.5,649.1,1011.0,4,1,1010.9,102,4,1010.8,2936,12,1010.7,570,8,1010.6,745,10,1011.2,160,1,1011.3,851,8,1011.4,504,9,1011.5,1091,17,1011.6,960,9
317,2025-11-26 14:30:26+05:30,1011.2,2,1002.06,8046528,402290.0,435588.0,986.2,1012.8,981.3,986.2,120583500,1084.8,887.6,1102.5,649.1,1011.0,4,1,1010.9,102,4,1010.8,2936,12,1010.7,570,8,1010.6,745,10,1011.2,160,1,1011.3,851,8,1011.4,504,9,1011.5,1091,17,1011.6,960,9
317,2025-11-26 14:30:26+05:30,1011.2,2,1002.06,8046561,403609.0,435951.0,986.2,1012.8,981.3,986.2,120583500,1084.8,887.6,1102.5,649.1,1011.0,4,1,1010.9,739,6,1010.8,2936,12,1010.7,570,8,1010.6,745,10,1011.1,33,1,1011.2,128,2,1011.3,724,6,1011.4,572,10,1011.5,1091,17
317,2025-11-26 14:30:27+05:30,1011.2,2,1002.06,8046561,405266.0,435765.0,986.2,1012.8,981.3,986.2,120583500,1084.8,887.6,1102.5,649.1,1011.0,1570,5,1010.9,814,7,1010.8,1580,11,1010.7,595,9,1010.6,696,11,1011.1,33,1,1011.2,128,2,1011.3,724,6,1011.4,432,8,1011.5,1091,17
317,2025-11-26 14:30:28+05:30,1011.2,2,1002.06,8046561,404962.0,435775.0,986.2,1012.8,981.3,986.2,120583500,1084.8,887.6,1102.5,649.1,1011.0,1638,7,1010.9,311,7,1010.8,1747,13,1010.7,595,9,1010.6,696,11,1011.1,33,1,1011.2,128,2,1011.3,580,5,1011.4,497,9,1011.5,1091,17
317,2025-11-26 14:30:29+05:30,1011.0,2,1002.06,8046561,404962.0,435775.0,986.2,1012.8,981.3,986.2,120583500,1084.8,887.6,1102.5,649.1,1011.0,1638,7,1010.9,311,7,1010.8,1747,13,1010.7,595,9,1010.6,696,11,1011.1,33,1,1011.2,128,2,1011.3,580,5,1011.4,497,9,1011.5,1091,17
317,2025-11-26 14:30:29+05:30,1011.0,2,1002.06,8046563,404962.0,435738.0,986.2,1012.8,981.3,986.2,120583500,1084.8,887.6,1102.5,649.1,1011.0,1648,10,1010.9,311,7,1010.8,1747,13,1010.7,585,7,1010.6,696,11,1011.1,33,1,1011.2,229,3,1011.3,580,5,1011.4,384,8,1011.5,978,16
317,2025-11-26 14:30:30+05:30,1011.0,5,1002.06,8046650,404835.0,435781.0,986.2,1012.8,981.3,986.2,120583500,1084.8,887.6,1102.5,649.1,1011.0,1670,10,1010.9,209,5,1010.8,1766,14,1010.7,585,7,1010.6,696,11,1011.1,228,2,1011.2,229,3,1011.3,606,7,1011.4,225,4,1011.5,978,16
317,2025-11-26 14:30:31+05:30,1011.0,229,1002.06,8046650,404835.0,435781.0,986.2,1012.8,981.3,986.2,120583500,1084.8,887.6,1102.5,649.1,1011.0,1670,10,1010.9,209,5,1010.8,1766,14,1010.7,585,7,1010.6,696,11,1011.1,228,2,1011.2,229,3,1011.3,606,7,1011.4,225,4,1011.5,978,16
317,2025-11-26 14:30:31+05:30,1011.0,10,1002.06,8046949,404685.0,435818.0,986.2,1012.8,981.3,986.2,120583500,1084.8,887.6,1102.5,649.1,1011.0,2423,10,1010.9,209,5,1010.8,642,12,1010.7,662,8,1010.6,696,11,1011.1,194,1,1011.2,230,4,1011.3,750,8,1011.4,225,4,1011.5,978,16
317,2025-11-26 14:30:32+05:30,1011.0,10,1002.06,8046949,404685.0,435818.0,986.2,1012.8,981.3,986.2,120583500,1084.8,887.6,1102.5,649.1,1011.0,2423,10,1010.9,209,5,1010.8,642,12,1010.7,662,8,1010.6,696,11,1011.1,194,1,1011.2,230,4,1011.3,750,8,1011.4,225,4,1011.5,978,16
317,2025-11-26 14:30:32+05:30,1011.0,10,1002.06,8046949,405081.0,436008.0,986.2,1012.8,981.3,986.2,120583500,1084.8,887.6,1102.5,649.1,1011.0,2366,9,1010.9,139,4,1010.8,777,14,1010.7,1121,8,1010.6,683,10,1011.1,194,1,1011.2,331,6,1011.3,744,7,1011.4,225,4,1011.5,982,17
317,2025-11-26 14:30:33+05:30,1011.1,22,1002.06,8046949,405081.0,436008.0,986.2,1012.8,981.3,986.2,120583500,1084.8,887.6,1102.5,649.1,1011.0,2366,9,1010.9,139,4,1010.8,777,14,1010.7,1121,8,1010.6,683,10,1011.1,194,1,1011.2,331,6,1011.3,744,7,1011.4,225,4,1011.5,982,17
317,2025-11-26 14:30:33+05:30,1011.1,23,1002.06,8047079,404906.0,435993.0,986.2,1012.8,981.3,986.2,120583500,1084.8,887.6,1102.5,649.1,1011.0,2322,10,1010.9,139,4,1010.8,479,11,1010.7,1275,10,1010.6,696,11,1011.1,140,1,1011.2,331,6,1011.3,744,7,1011.4,225,4,1011.5,982,17
317,2025-11-26 14:30:34+05:30,1011.1,23,1002.06,8047079,404906.0,435993.0,986.2,1012.8,981.3,986.2,120583500,1084.8,887.6,1102.5,649.1,1011.0,2322,10,1010.9,139,4,1010.8,479,11,1010.7,1275,10,1010.6,696,11,1011.1,140,1,1011.2,331,6,1011.3,744,7,1011.4,225,4,1011.5,982,17
317,2025-11-26 14:30:34+05:30,1011.1,112,1002.06,8047191,403038.0,435742.0,986.2,1012.8,981.3,986.2,120583500,1084.8,887.6,1102.5,649.1,1011.0,1260,10,1010.9,1324,6,1010.8,633,13,1010.7,579,7,1010.6,670,9,1011.1,28,1,1011.2,331,6,1011.3,744,7,1011.4,225,4,1011.5,1050,18
317,2025-11-26 14:30:35+05:30,1011.1,112,1002.06,8047191,403038.0,435742.0,986.2,1012.8,981.3,986.2,120583500,1084.8,887.6,1102.5,649.1,1011.0,1260,10,1010.9,1324,6,1010.8,633,13,1010.7,579,7,1010.6,670,9,1011.1,28,1,1011.2,331,6,1011.3,744,7,1011.4,225,4,1011.5,1050,18
317,2025-11-26 14:30:35+05:30,1011.2,1,1002.06,8047194,403013.0,435923.0,986.2,1012.8,981.3,986.2,120583500,1084.8,887.6,1102.5,649.1,1011.0,1260,10,1010.9,1324,6,1010.8,479,11,1010.7,631,7,1010.6,747,10,1011.1,4,2,1011.2,329,5,1011.3,744,7,1011.4,423,7,1011.5,1050,18
317,2025-11-26 14:30:36+05:30,1011.2,1,1002.06,8047194,403013.0,435923.0,986.2,1012.8,981.3,986.2,120583500,1084.8,887.6,1102.5,649.1,1011.0,1260,10,1010.9,1324,6,1010.8,479,11,1010.7,631,7,1010.6,747,10,1011.1,4,2,1011.2,329,5,1011.3,744,7,1011.4,423,7,1011.5,1050,18
317,2025-11-26 14:30:37+05:30,1011.2,1,1002.06,8047194,402956.0,436002.0,986.2,1012.8,981.3,986.2,120583500,1084.8,887.6,1102.5,649.1,1011.0,1203,9,1010.9,1324,6,1010.8,479,11,1010.7,631,7,1010.6,747,10,1011.1,17,3,1011.2,390,7,1011.3,821,8,1011.4,346,6,1011.5,1050,18
317,2025-11-26 14:30:38+05:30,1011.1,6,1002.06,8047204,402991.0,435980.0,986.2,1012.8,981.3,986.2,120583500,1084.8,887.6,1102.5,649.1,1011.0,1216,10,1010.9,1324,6,1010.8,777,14,1010.7,576,7,1010.6,670,9,1011.1,7,1,1011.2,390,7,1011.3,718,5,1011.4,269,5,1011.5,1149,21
317,2025-11-26 14:30:38+05:30,1011.1,6,1002.06,8047204,402991.0,435980.0,986.2,1012.8,981.3,986.2,120583500,1084.8,887.6,1102.5,649.1,1011.0,1216,10,1010.9,1324,6,1010.8,777,14,1010.7,576,7,1010.6,670,9,1011.1,7,1,1011.2,390,7,1011.3,718,5,1011.4,269,5,1011.5,1149,21
317,2025-11-26 14:30:39+05:30,1011.3,360,1002.06,8047204,402991.0,435980.0,986.2,1012.8,981.3,986.2,120583500,1084.8,887.6,1102.5,649.1,1011.0,1216,10,1010.9,1324,6,1010.8,777,14,1010.7,576,7,1010.6,670,9,1011.1,7,1,1011.2,390,7,1011.3,718,5,1011.4,269,5,1011.5,1149,21
317,2025-11-26 14:30:39+05:30,1011.3,360,1002.06,8048075,405798.0,431508.0,986.2,1012.8,981.3,986.2,120583500,1084.8,887.6,1102.5,649.1,1011.1,1493,7,1011.0,1680,16,1010.9,350,8,1010.8,702,12,1010.7,886,11,1011.3,209,3,1011.4,60,3,1011.5,306,4,1011.6,386,4,1011.7,472,8
317,2025-11-26 14:30:40+05:30,1011.3,1,1002.06,8048075,405798.0,431508.0,986.2,1012.8,981.3,986.2,120583500,1084.8,887.6,1102.5,649.1,1011.1,1493,7,1011.0,1680,16,1010.9,350,8,1010.8,702,12,1010.7,886,11,1011.3,209,3,1011.4,60,3,1011.5,306,4,1011.6,386,4,1011.7,472,8
317,2025-11-26 14:30:40+05:30,1011.2,2,1002.06,8048079,404699.0,433350.0,986.2,1012.8,981.3,986.2,120583500,1084.8,887.6,1102.5,649.1,1011.2,1,1,1011.1,92,2,1011.0,2599,13,1010.9,625,9,1010.8,669,11,1011.3,207,3,1011.4,123,4,1011.5,515,6,1011.6,282,4,1011.7,968,14
317,2025-11-26 14:30:41+05:30,1011.3,2,1002.06,8048079,404699.0,433350.0,986.2,1012.8,981.3,986.2,120583500,1084.8,887.6,1102.5,649.1,1011.2,1,1,1011.1,92,2,1011.0,2599,13,1010.9,625,9,1010.8,669,11,1011.3,207,3,1011.4,123,4,1011.5,515,6,1011.6,282,4,1011.7,968,14
317,2025-11-26 14:30:41+05:30,1011.3,2,1002.06,8048082,403936.0,433337.0,986.2,1012.8,981.3,986.2,120583500,1084.8,887.6,1102.5,649.1,1011.2,1,1,1011.1,92,2,1011.0,1913,13,1010.9,625,9,1010.8,669,11,1011.3,204,3,1011.4,44,1,1011.5,515,6,1011.6,292,5,1011.7,959,13
317,2025-11-26 14:30:42+05:30,1011.3,2,1002.06,8048082,403936.0,433337.0,986.2,1012.8,981.3,986.2,120583500,1084.8,887.6,1102.5,649.1,1011.2,1,1,1011.1,92,2,1011.0,1913,13,1010.9,625,9,1010.8,669,11,1011.3,204,3,1011.4,44,1,1011.5,515,6,1011.6,292,5,1011.7,959,13
317,2025-11-26 14:30:42+05:30,1011.3,2,1002.06,8048088,404145.0,433231.0,986.2,1012.8,981.3,986.2,120583500,1084.8,887.6,1102.5,649.1,1011.2,69,2,1011.1,165,4,1011.0,2058,15,1010.9,573,9,1010.8,630,10,1011.3,247,5,1011.5,450,5,1011.6,305,6,1011.7,959,13,1011.8,1660,15
317,2025-11-26 14:30:43+05:30,1011.3,22,1002.06,8048088,404145.0,433231.0,986.2,1012.8,981.3,986.2,120583500,1084.8,887.6,1102.5,649.1,1011.2,69,2,1011.1,165,4,1011.0,2058,15,1010.9,573,9,1010.8,630,10,1011.3,247,5,1011.5,450,5,1011.6,305,6,1011.7,959,13,1011.8,1660,15
317,2025-11-26 14:30:43+05:30,1011.3,22,1002.06,8048997,405861.0,432026.0,986.2,1012.8,981.3,986.2,120583500,1084.8,887.6,1102.5,649.1,1011.2,76,3,1011.1,611,5,1011.0,1754,15,1010.9,659,10,1010.8,1344,11,1011.3,534,3,1011.5,306,4,1011.6,86,3,1011.7,720,7,1011.8,1088,9
317,2025-11-26 14:30:44+05:30,1011.3,212,1002.06,8048997,405861.0,432026.0,986.2,1012.8,981.3,986.2,120583500,1084.8,887.6,1102.5,649.1,1011.2,76,3,1011.1,611,5,1011.0,1754,15,1010.9,659,10,1010.8,1344,11,1011.3,534,3,1011.5,306,4,1011.6,86,3,1011.7,720,7,1011.8,1088,9
317,2025-11-26 14:30:44+05:30,1011.3,3,1002.06,8049213,405175.0,432608.0,986.2,1012.8,981.3,986.2,120583500,1084.8,887.6,1102.5,649.1,1011.2,8,1,1011.1,512,3,1011.0,1619,14,1010.9,659,10,1010.8,1156,11,1011.3,318,3,1011.5,579,7,1011.6,501,9,1011.7,885,13,1011.8,1068,9
317,2025-11-26 14:30:45+05:30,1011.3,3,1002.06,8049213,405175.0,432608.0,986.2,1012.8,981.3,986.2,120583500,1084.8,887.6,1102.5,649.1,1011.2,8,1,1011.1,512,3,1011.0,1619,14,1010.9,659,10,1010.8,1156,11,1011.3,318,3,1011.5,579,7,1011.6,501,9,1011.7,885,13,1011.8,1068,9
317,2025-11-26 14:30:45+05:30,1011.3,2,1002.06,8049215,405201.0,432598.0,986.2,1012.8,981.3,986.2,120583500,1084.8,887.6,1102.5,649.1,1011.2,8,1,1011.1,177,3,1011.0,1841,13,1010.9,728,11,1010.8,1182,12,1011.3,316,3,1011.4,61,1,1011.5,584,8,1011.6,475,7,1011.7,911,15
317,2025-11-26 14:30:46+05:30,1011.2,8,1002.06,8049215,405201.0,432598.0,986.2,1012.8,981.3,986.2,120583500,1084.8,887.6,1102.5,649.1,1011.2,8,1,1011.1,177,3,1011.0,1841,13,1010.9,728,11,1010.8,1182,12,1011.3,316,3,1011.4,61,1,1011.5,584,8,1011.6,475,7,1011.7,911,15
317,2025-11-26 14:30:46+05:30,1011.2,8,1002.06,8049224,403524.0,433631.0,986.2,1012.8,981.3,986.2,120583500,1084.8,887.6,1102.5,649.1,1011.1,177,3,1011.0,1874,14,1010.9,590,9,1010.8,685,12,1010.7,849,11,1011.2,34,2,1011.3,315,3,1011.5,658,10,1011.6,584,8,1011.7,1010,17
317,2025-11-26 14:30:47+05:30,1011.1,2,1002.06,8049226,404108.0,433631.0,986.2,1012.8,981.3,986.2,120583500,1084.8,887.6,1102.5,649.1,1011.1,175,3,1011.0,1874,14,1010.9,590,9,1010.8,1271,13,1010.7,849,11,1011.2,34,2,1011.3,315,3,1011.5,658,10,1011.6,584,8,1011.7,1010,17
317,2025-11-26 14:30:48+05:30,1011.1,2,1002.06,8049226,404108.0,433631.0,986.2,1012.8,981.3,986.2,120583500,1084.8,887.6,1102.5,649.1,1011.1,175,3,1011.0,1874,14,1010.9,590,9,1010.8,1271,13,1010.7,849,11,1011.2,34,2,1011.3,315,3,1011.5,658,10,1011.6,584,8,1011.7,1010,17
317,2025-11-26 14:30:48+05:30,1011.1,2,1002.06,8049226,403912.0,433776.0,986.2,1012.8,981.3,986.2,120583500,1084.8,887.6,1102.5,649.1,1011.1,122,3,1011.0,1736,12,1010.9,728,11,1010.8,656,11,1010.7,1418,12,1011.2,271,3,1011.3,269,3,1011.4,63,1,1011.5,684,12,1011.6,584,8
317,2025-11-26 14:30:49+05:30,1011.1,2,1002.06,8049226,404138.0,433799.0,986.2,1012.8,981.3,986.2,120583500,1084.8,887.6,1102.5,649.1,1011.1,122,3,1011.0,1736,12,1010.9,590,9,1010.8,794,13,1010.7,849,11,1011.2,272,4,1011.3,269,3,1011.4,63,1,1011.5,684,12,1011.6,584,8
317,2025-11-26 14:30:50+05:30,1011.3,106,1002.06,8049226,404138.0,433799.0,986.2,1012.8,981.3,986.2,120583500,1084.8,887.6,1102.5,649.1,1011.1,122,3,1011.0,1736,12,1010.9,590,9,1010.8,794,13,1010.7,849,11,1011.2,272,4,1011.3,269,3,1011.4,63,1,1011.5,684,12,1011.6,584,8
317,2025-11-26 14:30:50+05:30,1011.3,106,1002.06,8049977,404054.0,433001.0,986.2,1012.8,981.3,986.2,120583500,1084.8,887.6,1102.5,649.1,1011.2,1,1,1011.1,188,4,1011.0,1780,12,1010.9,719,11,1010.8,656,11,1011.3,163,3,1011.4,122,2,1011.5,1210,11,1011.6,654,10,1011.7,1002,16
317,2025-11-26 14:30:51+05:30,1011.3,1,1002.06,8049977,404054.0,433001.0,986.2,1012.8,981.3,986.2,120583500,1084.8,887.6,1102.5,649.1,1011.2,1,1,1011.1,188,4,1011.0,1780,12,1010.9,719,11,1010.8,656,11,1011.3,163,3,1011.4,122,2,1011.5,1210,11,1011.6,654,10,1011.7,1002,16
317,2025-11-26 14:30:51+05:30,1011.3,1,1002.06,8049979,404025.0,434209.0,986.2,1012.8,981.3,986.2,120583500,1084.8,887.6,1102.5,649.1,1011.2,31,1,1011.1,121,3,1011.0,1672,11,1010.9,433,7,1010.8,656,11,1011.3,218,4,1011.4,122,2,1011.5,2476,15,1011.6,618,11,1011.7,1041,15
317,2025-11-26 14:30:52+05:30,1011.3,99,1002.06,8049979,404025.0,434209.0,986.2,1012.8,981.3,986.2,120583500,1084.8,887.6,1102.5,649.1,1011.2,31,1,1011.1,121,3,1011.0,1672,11,1010.9,433,7,1010.8,656,11,1011.3,218,4,1011.4,122,2,1011.5,2476,15,1011.6,618,11,1011.7,1041,15
317,2025-11-26 14:30:52+05:30,1011.3,99,1002.06,8050078,404005.0,434059.0,986.2,1012.8,981.3,986.2,120583500,1084.8,887.6,1102.5,649.1,1011.2,44,2,1011.1,109,3,1011.0,1672,11,1010.9,552,8,1010.8,630,10,1011.3,63,4,1011.4,122,2,1011.5,1797,12,1011.6,645,9,1011.7,840,18
317,2025-11-26 14:30:53+05:30,1011.1,47,1002.06,8050078,404005.0,434059.0,986.2,1012.8,981.3,986.2,120583500,1084.8,887.6,1102.5,649.1,1011.2,44,2,1011.1,109,3,1011.0,1672,11,1010.9,552,8,1010.8,630,10,1011.3,63,4,1011.4,122,2,1011.5,1797,12,1011.6,645,9,1011.7,840,18
317,2025-11-26 14:30:53+05:30,1011.1,47,1002.06,8050311,403887.0,433873.0,986.2,1012.8,981.3,986.2,120583500,1084.8,887.6,1102.5,649.1,1011.1,11,2,1011.0,1797,13,1010.9,488,6,1010.8,630,10,1010.7,1391,12,1011.2,1,1,1011.3,38,5,1011.5,1797,12,1011.6,583,8,1011.7,1129,18
317,2025-11-26 14:30:54+05:30,1011.2,5,1002.06,8050316,404884.0,433658.0,986.2,1012.8,981.3,986.2,120583500,1084.8,887.6,1102.5,649.1,1011.2,107,1,1011.1,11,2,1011.0,2589,15,1010.9,665,9,1010.8,1203,11,1011.3,38,5,1011.5,1797,12,1011.6,474,7,1011.7,1129,18,1011.8,1131,11
317,2025-11-26 14:30:55+05:30,1011.2,5,1002.06,8050316,404884.0,433658.0,986.2,1012.8,981.3,986.2,120583500,1084.8,887.6,1102.5,649.1,1011.2,107,1,1011.1,11,2,1011.0,2589,15,1010.9,665,9,1010.8,1203,11,1011.3,38,5,1011.5,1797,12,1011.6,474,7,1011.7,1129,18,1011.8,1131,11
317,2025-11-26 14:30:55+05:30,1011.2,2,1002.06,8050368,404681.0,434188.0,986.2,1012.8,981.3,986.2,120583500,1084.8,887.6,1102.5,649.1,1011.2,86,1,1011.1,11,2,1011.0,2445,14,1010.9,511,6,1010.8,725,11,1011.3,517,4,1011.4,61,1,1011.5,1736,11,1011.6,500,9,1011.7,1103,16
317,2025-11-26 14:30:56+05:30,1011.2,86,1002.06,8050368,404681.0,434188.0,986.2,1012.8,981.3,986.2,120583500,1084.8,887.6,1102.5,649.1,1011.2,86,1,1011.1,11,2,1011.0,2445,14,1010.9,511,6,1010.8,725,11,1011.3,517,4,1011.4,61,1,1011.5,1736,11,1011.6,500,9,1011.7,1103,16
317,2025-11-26 14:30:56+05:30,1011.2,86,1002.06,8050457,404183.0,435236.0,986.2,1012.8,981.3,986.2,120583500,1084.8,887.6,1102.5,649.1,1011.1,11,2,1011.0,2191,8,1010.9,228,5,1010.8,1223,11,1010.7,903,12,1011.2,23,1,1011.3,514,4,1011.4,266,3,1011.5,1824,14,1011.6,884,9
317,2025-11-26 14:30:57+05:30,1011.2,86,1002.06,8050457,404081.0,435546.0,986.2,1012.8,981.3,986.2,120583500,1084.8,887.6,1102.5,649.1,1011.1,11,2,1011.0,1756,7,1010.9,553,4,1010.8,1110,10,1010.7,681,10,1011.2,23,1,1011.3,575,5,1011.4,266,3,1011.5,1824,14,1011.6,957,11
317,2025-11-26 14:30:58+05:30,1011.1,12,1002.06,8050457,404081.0,435546.0,986.2,1012.8,981.3,986.2,120583500,1084.8,887.6,1102.5,649.1,1011.1,11,2,1011.0,1756,7,1010.9,553,4,1010.8,1110,10,1010.7,681,10,1011.2,23,1,1011.3,575,5,1011.4,266,3,1011.5,1824,14,1011.6,957,11
317,2025-11-26 14:30:58+05:30,1011.1,12,1002.06,8050507,403835.0,435073.0,986.2,1012.8,981.3,986.2,120583500,1084.8,887.6,1102.5,649.1,1011.0,1804,9,1010.9,651,5,1010.8,397,8,1010.7,1200,11,1010.6,735,10,1011.1,8,1,1011.2,71,3,1011.3,515,4,1011.4,208,2,1011.5,1929,15
317,2025-11-26 14:30:59+05:30,1011.1,12,1002.06,8050507,403851.0,435134.0,986.2,1012.8,981.3,986.2,120583500,1084.8,887.6,1102.5,649.1,1011.0,1867,11,1010.9,445,3,1010.8,479,10,1010.7,646,10,1010.6,1222,10,1011.1,8,1,1011.2,71,3,1011.3,515,4,1011.4,847,4,1011.5,1929,15
317,2025-11-26 14:31:00+05:30,1011.0,7,1002.06,8050517,403867.0,435194.0,986.2,1012.8,981.3,986.2,120583500,1084.8,887.6,1102.5,649.1,1011.0,1859,11,1010.9,445,3,1010.8,395,9,1010.7,646,10,1010.6,1249,11,1011.1,7,1,1011.2,71,3,1011.3,576,5,1011.4,847,4,1011.5,1929,15
317,2025-11-26 14:31:01+05:30,1011.0,117,1002.06,8050517,403867.0,435194.0,986.2,1012.8,981.3,986.2,120583500,1084.8,887.6,1102.5,649.1,1011.0,1859,11,1010.9,445,3,1010.8,395,9,1010.7,646,10,1010.6,1249,11,1011.1,7,1,1011.2,71,3,1011.3,576,5,1011.4,847,4,1011.5,1929,15
317,2025-11-26 14:31:01+05:30,1011.0,10,1002.06,8050668,403889.0,435169.0,986.2,1012.8,981.3,986.2,120583500,1084.8,887.6,1102.5,649.1,1011.0,1739,11,1010.9,445,3,1010.8,535,10,1010.7,625,9,1010.6,1249,11,1011.1,6,1,1011.2,108,3,1011.3,716,6,1011.4,296,4,1011.5,1929,15
317,2025-11-26 14:31:02+05:30,1011.0,10,1002.06,8050668,403889.0,435169.0,986.2,1012.8,981.3,986.2,120583500,1084.8,887.6,1102.5,649.1,1011.0,1739,11,1010.9,445,3,1010.8,535,10,1010.7,625,9,1010.6,1249,11,1011.1,6,1,1011.2,108,3,1011.3,716,6,1011.4,296,4,1011.5,1929,15
317,2025-11-26 14:31:02+05:30,1011.1,1,1002.06,8050669,403958.0,435277.0,986.2,1012.8,981.3,986.2,120583500,1084.8,887.6,1102.5,649.1,1011.0,1739,11,1010.9,445,3,1010.8,481,9,1010.7,620,9,1010.6,1249,11,1011.1,5,1,1011.2,108,3,1011.3,779,7,1011.4,269,3,1011.5,1951,16
317,2025-11-26 14:31:03+05:30,1011.0,6,1002.06,8050669,403958.0,435277.0,986.2,1012.8,981.3,986.2,120583500,1084.8,887.6,1102.5,649.1,1011.0,1739,11,1010.9,445,3,1010.8,481,9,1010.7,620,9,1010.6,1249,11,1011.1,5,1,1011.2,108,3,1011.3,779,7,1011.4,269,3,1011.5,1951,16
317,2025-11-26 14:31:03+05:30,1011.1,5,1002.06,8050688,403913.0,436398.0,986.2,1012.8,981.3,986.2,120583500,1084.8,887.6,1102.5,649.1,1011.1,3,1,1011.0,1733,11,1010.9,445,3,1010.8,217,6,1010.7,598,8,1011.2,289,4,1011.3,910,10,1011.4,1059,8,1011.5,1950,16,1011.6,957,11
317,2025-11-26 14:31:04+05:30,1011.2,52,1002.06,8050688,403913.0,436398.0,986.2,1012.8,981.3,986.2,120583500,1084.8,887.6,1102.5,649.1,1011.1,3,1,1011.0,1733,11,1010.9,445,3,1010.8,217,6,1010.7,598,8,1011.2,289,4,1011.3,910,10,1011.4,1059,8,1011.5,1950,16,1011.6,957,11
317,2025-11-26 14:31:04+05:30,1011.2,52,1002.06,8050901,404849.0,435874.0,986.2,1012.8,981.3,986.2,120583500,1084.8,887.6,1102.5,649.1,1011.1,5,2,1011.0,2652,11,1010.9,445,3,1010.8,268,8,1010.7,598,8,1011.2,47,1,1011.3,718,6,1011.4,864,5,1011.5,2048,16,1011.6,984,12
317,2025-11-26 14:31:05+05:30,1011.2,2,1002.06,8050903,404825.0,435874.0,986.2,1012.8,981.3,986.2,120583500,1084.8,887.6,1102.5,649.1,1011.1,5,2,1011.0,2613,10,1010.9,454,4,1010.8,414,9,1010.7,598,8,1011.2,45,1,1011.3,818,7,1011.4,864,5,1011.5,1972,15,1011.6,962,11
317,2025-11-26 14:31:06+05:30,1011.1,3,1002.06,8050903,404825.0,435874.0,986.2,1012.8,981.3,986.2,120583500,1084.8,887.6,1102.5,649.1,1011.1,5,2,1011.0,2613,10,1010.9,454,4,1010.8,414,9,1010.7,598,8,1011.2,45,1,1011.3,818,7,1011.4,864,5,1011.5,1972,15,1011.6,962,11
317,2025-11-26 14:31:06+05:30,1011.1,3,1002.06,8050927,404429.0,436016.0,986.2,1012.8,981.3,986.2,120583500,1084.8,887.6,1102.5,649.1,1011.0,2675,11,1010.9,454,4,1010.8,387,8,1010.7,683,10,1010.6,1221,11,1011.1,9,1,1011.3,734,7,1011.4,1079,10,1011.5,1870,12,1011.6,1024,12
317,2025-11-26 14:31:07+05:30,1011.1,3,1002.06,8050927,404677.0,436319.0,986.2,1012.8,981.3,986.2,120583500,1084.8,887.6,1102.5,649.1,1011.0,2699,13,1010.9,454,4,1010.8,507,10,1010.7,621,9,1010.6,715,10,1011.1,9,1,1011.3,734,7,1011.4,1099,8,1011.5,1904,15,1011.6,1024,12
317,2025-11-26 14:31:08+05:30,1011.1,3,1002.06,8050927,404480.0,436609.0,986.2,1012.8,981.3,986.2,120583500,1084.8,887.6,1102.5,649.1,1011.0,2699,13,1010.9,454,4,1010.8,305,8,1010.7,682,10,1010.6,1226,11,1011.1,11,2,1011.3,917,7,1011.4,1125,10,1011.5,1878,13,1011.6,1024,12
317,2025-11-26 14:31:10+05:30,1011.1,3,1002.06,8050927,404676.0,436397.0,986.2,1012.8,981.3,986.2,120583500,1084.8,887.6,1102.5,649.1,1011.0,2712,14,1010.9,454,4,1010.8,507,10,1010.7,645,10,1010.6,685,9,1011.1,2,1,1011.3,859,6,1011.4,1059,8,1011.5,1904,15,1011.6,1051,13
317,2025-11-26 14:31:11+05:30,1011.1,1,1002.06,8050927,404676.0,436397.0,986.2,1012.8,981.3,986.2,120583500,1084.8,887.6,1102.5,649.1,1011.0,2712,14,1010.9,454,4,1010.8,507,10,1010.7,645,10,1010.6,685,9,1011.1,2,1,1011.3,859,6,1011.4,1059,8,1011.5,1904,15,1011.6,1051,13
317,2025-11-26 14:31:11+05:30,1011.1,1,1002.06,8050929,403737.0,436369.0,986.2,1012.8,981.3,986.2,120583500,1084.8,887.6,1102.5,649.1,1011.1,1,1,1011.0,2712,14,1010.9,562,5,1010.8,383,8,1010.7,616,9,1011.3,902,8,1011.4,1197,12,1011.5,1772,12,1011.6,939,9,1011.7,747,15
317,2025-11-26 14:31:12+05:30,1011.3,1,1002.06,8050929,403737.0,436369.0,986.2,1012.8,981.3,986.2,120583500,1084.8,887.6,1102.5,649.1,1011.1,1,1,1011.0,2712,14,1010.9,562,5,1010.8,383,8,1010.7,616,9,1011.3,902,8,1011.4,1197,12,1011.5,1772,12,1011.6,939,9,1011.7,747,15
317,2025-11-26 14:31:12+05:30,1011.3,1,1002.06,8050930,403741.0,436082.0,986.2,1012.8,981.3,986.2,120583500,1084.8,887.6,1102.5,649.1,1011.2,1,1,1011.1,30,2,1011.0,2690,11,1010.9,562,5,1010.8,383,8,1011.3,957,9,1011.4,663,12,1011.5,1733,11,1011.6,967,10,1011.7,747,15
317,2025-11-26 14:31:13+05:30,1011.3,23,1002.06,8050930,403741.0,436082.0,986.2,1012.8,981.3,986.2,120583500,1084.8,887.6,1102.5,649.1,1011.2,1,1,1011.1,30,2,1011.0,2690,11,1010.9,562,5,1010.8,383,8,1011.3,957,9,1011.4,663,12,1011.5,1733,11,1011.6,967,10,1011.7,747,15
317,2025-11-26 14:31:13+05:30,1011.2,1,1002.06,8050969,404364.0,436295.0,986.2,1012.8,981.3,986.2,120583500,1084.8,887.6,1102.5,649.1,1011.1,30,2,1011.0,2695,12,1010.9,562,5,1010.8,243,7,1010.7,591,8,1011.2,9,2,1011.3,894,9,1011.4,579,9,1011.5,1728,11,1011.6,965,11
317,2025-11-26 14:31:14+05:30,1011.2,54,1002.06,8050969,404364.0,436295.0,986.2,1012.8,981.3,986.2,120583500,1084.8,887.6,1102.5,649.1,1011.1,30,2,1011.0,2695,12,1010.9,562,5,1010.8,243,7,1010.7,591,8,1011.2,9,2,1011.3,894,9,1011.4,579,9,1011.5,1728,11,1011.6,965,11
317,2025-11-26 14:31:14+05:30,1011.3,3,1002.06,8051059,403794.0,436276.0,986.2,1012.8,981.3,986.2,120583500,1084.8,887.6,1102.5,649.1,1011.2,94,1,1011.1,25,2,1011.0,2695,12,1010.9,562,5,1010.8,457,9,1011.3,930,11,1011.4,579,9,1011.5,1810,14,1011.6,972,11,1011.7,599,13
317,2025-11-26 14:31:15+05:30,1011.3,112,1002.06,8051059,403794.0,436276.0,986.2,1012.8,981.3,986.2,120583500,1084.8,887.6,1102.5,649.1,1011.2,94,1,1011.1,25,2,1011.0,2695,12,1010.9,562,5,1010.8,457,9,1011.3,930,11,1011.4,579,9,1011.5,1810,14,1011.6,972,11,1011.7,599,13
317,2025-11-26 14:31:15+05:30,1011.3,2,1002.06,8051173,403783.0,435585.0,986.2,1012.8,981.3,986.2,120583500,1084.8,887.6,1102.5,649.1,1011.2,94,1,1011.1,25,2,1011.0,2695,12,1010.9,562,5,1010.8,457,9,1011.3,793,11,1011.4,598,9,1011.5,1810,14,1011.6,972,11,1011.7,739,14
317,2025-11-26 14:31:16+05:30,1011.3,1,1002.06,8051173,403783.0,435585.0,986.2,1012.8,981.3,986.2,120583500,1084.8,887.6,1102.5,649.1,1011.2,94,1,1011.1,25,2,1011.0,2695,12,1010.9,562,5,1010.8,457,9,1011.3,793,11,1011.4,598,9,1011.5,1810,14,1011.6,972,11,1011.7,739,14
317,2025-11-26 14:31:16+05:30,1011.3,1,1002.06,8051219,403693.0,435640.0,986.2,1012.8,981.3,986.2,120583500,1084.8,887.6,1102.5,649.1,1011.2,16,1,1011.1,9,1,1011.0,2695,12,1010.9,562,5,1010.8,383,8,1011.3,743,11,1011.4,598,9,1011.5,1810,14,1011.6,972,11,1011.7,739,14
317,2025-11-26 14:31:17+05:30,1011.3,1,1002.06,8051219,403693.0,435640.0,986.2,1012.8,981.3,986.2,120583500,1084.8,887.6,1102.5,649.1,1011.2,16,1,1011.1,9,1,1011.0,2695,12,1010.9,562,5,1010.8,383,8,1011.3,743,11,1011.4,598,9,1011.5,1810,14,1011.6,972,11,1011.7,739,14
317,2025-11-26 14:31:17+05:30,1011.3,1,1002.06,8051270,403725.0,435708.0,986.2,1012.8,981.3,986.2,120583500,1084.8,887.6,1102.5,649.1,1011.1,9,1,1011.0,2695,12,1010.9,562,5,1010.8,383,8,1010.7,591,8,1011.3,609,11,1011.4,598,9,1011.5,1810,14,1011.6,946,10,1011.7,739,14
317,2025-11-26 14:31:18+05:30,1011.1,54,1002.06,8051270,403725.0,435708.0,986.2,1012.8,981.3,986.2,120583500,1084.8,887.6,1102.5,649.1,1011.1,9,1,1011.0,2695,12,1010.9,562,5,1010.8,383,8,1010.7,591,8,1011.3,609,11,1011.4,598,9,1011.5,1810,14,1011.6,946,10,1011.7,739,14
317,2025-11-26 14:31:18+05:30,1011.1,54,1002.06,8051324,404382.0,436553.0,986.2,1012.8,981.3,986.2,120583500,1084.8,887.6,1102.5,649.1,1011.0,2695,12,1010.9,454,4,1010.8,352,9,1010.7,513,7,1010.6,630,8,1011.1,52,2,1011.2,108,2,1011.3,711,10,1011.4,1014,9,1011.5,1921,15
317,2025-11-26 14:31:19+05:30,1011.0,20,1002.06,8051344,404404.0,436710.0,986.2,1012.8,981.3,986.2,120583500,1084.8,887.6,1102.5,649.1,1011.0,2675,12,1010.9,454,4,1010.8,185,6,1010.7,625,9,1010.6,630,8,1011.1,155,4,1011.2,162,3,1011.3,711,10,1011.4,1070,10,1011.5,1865,14
317,2025-11-26 14:31:20+05:30,1011.0,20,1002.06,8051344,404404.0,436710.0,986.2,1012.8,981.3,986.2,120583500,1084.8,887.6,1102.5,649.1,1011.0,2675,12,1010.9,454,4,1010.8,185,6,1010.7,625,9,1010.6,630,8,1011.1,155,4,1011.2,162,3,1011.3,711,10,1011.4,1070,10,1011.5,1865,14
317,2025-11-26 14:31:20+05:30,1011.0,56,1002.07,8055972,393467.0,440195.0,986.2,1012.8,981.3,986.2,120583500,1084.8,887.6,1102.5,649.1,1011.0,82,2,1010.9,19,3,1010.8,45,4,1010.6,153,2,1010.5,681,6,1011.1,440,8,1011.2,700,11,1011.3,1595,23,1011.4,945,13,1011.5,2737,15
317,2025-11-26 14:31:21+05:30,1011.0,56,1002.07,8055972,393467.0,440195.0,986.2,1012.8,981.3,986.2,120583500,1084.8,887.6,1102.5,649.1,1011.0,82,2,1010.9,19,3,1010.8,45,4,1010.6,153,2,1010.5,681,6,1011.1,440,8,1011.2,700,11,1011.3,1595,23,1011.4,945,13,1011.5,2737,15
317,2025-11-26 14:31:21+05:30,1011.1,178,1002.07,8056302,395925.0,440518.0,986.2,1012.8,981.3,986.2,120583500,1084.8,887.6,1102.5,649.1,1011.0,13,1,1010.9,43,4,1010.8,52,5,1010.7,113,1,1010.6,153,2,1011.1,409,8,1011.2,752,12,1011.3,1491,22,1011.4,960,13,1011.5,2739,16
317,2025-11-26 14:31:22+05:30,1010.9,5,1002.07,8056302,395925.0,440518.0,986.2,1012.8,981.3,986.2,120583500,1084.8,887.6,1102.5,649.1,1011.0,13,1,1010.9,43,4,1010.8,52,5,1010.7,113,1,1010.6,153,2,1011.1,409,8,1011.2,752,12,1011.3,1491,22,1011.4,960,13,1011.5,2739,16
317,2025-11-26 14:31:22+05:30,1011.0,1,1002.07,8056372,395868.0,440775.0,986.2,1012.8,981.3,986.2,120583500,1084.8,887.6,1102.5,649.1,1010.9,13,2,1010.8,52,5,1010.6,153,2,1010.5,821,7,1010.4,1486,6,1011.0,7,1,1011.1,462,7,1011.2,752,12,1011.3,1640,25,1011.4,1121,12
317,2025-11-26 14:31:23+05:30,1011.0,1,1002.07,8056372,395868.0,440775.0,986.2,1012.8,981.3,986.2,120583500,1084.8,887.6,1102.5,649.1,1010.9,13,2,1010.8,52,5,1010.6,153,2,1010.5,821,7,1010.4,1486,6,1011.0,7,1,1011.1,462,7,1011.2,752,12,1011.3,1640,25,1011.4,1121,12
317,2025-11-26 14:31:23+05:30,1011.0,1,1002.07,8056389,396464.0,440554.0,986.2,1012.8,981.3,986.2,120583500,1084.8,887.6,1102.5,649.1,1011.0,2,1,1010.9,9,1,1010.8,52,5,1010.7,113,1,1010.6,355,3,1011.1,393,6,1011.2,752,12,1011.3,1205,21,1011.4,1419,13,1011.5,2731,15
317,2025-11-26 14:31:24+05:30,1011.1,5,1002.07,8056389,396464.0,440554.0,986.2,1012.8,981.3,986.2,120583500,1084.8,887.6,1102.5,649.1,1011.0,2,1,1010.9,9,1,1010.8,52,5,1010.7,113,1,1010.6,355,3,1011.1,393,6,1011.2,752,12,1011.3,1205,21,1011.4,1419,13,1011.5,2731,15
317,2025-11-26 14:31:24+05:30,1011.1,5,1002.07,8056601,396563.0,440473.0,986.2,1012.8,981.3,986.2,120583500,1084.8,887.6,1102.5,649.1,1011.0,2,1,1010.9,9,1,1010.8,52,5,1010.7,113,1,1010.6,355,3,1011.1,427,7,1011.2,614,11,1011.3,1205,21,1011.4,2207,16,1011.5,1981,14
317,2025-11-26 14:31:25+05:30,1011.1,2,1002.07,8056641,396482.0,440425.0,986.2,1012.8,981.3,986.2,120583500,1084.8,887.6,1102.5,649.1,1010.9,9,1,1010.8,52,5,1010.7,113,1,1010.6,355,3,1010.5,886,8,1011.1,370,6,1011.2,614,11,1011.3,1526,23,1011.4,1886,14,1011.5,1990,15
317,2025-11-26 14:31:26+05:30,1011.1,2,1002.07,8056641,396482.0,440425.0,986.2,1012.8,981.3,986.2,120583500,1084.8,887.6,1102.5,649.1,1010.9,9,1,1010.8,52,5,1010.7,113,1,1010.6,355,3,1010.5,886,8,1011.1,370,6,1011.2,614,11,1011.3,1526,23,1011.4,1886,14,1011.5,1990,15
317,2025-11-26 14:31:26+05:30,1010.9,11,1002.07,8056652,396510.0,440492.0,986.2,1012.8,981.3,986.2,120583500,1084.8,887.6,1102.5,649.1,1010.9,9,1,1010.8,52,5,1010.7,113,1,1010.6,314,2,1010.5,909,9,1011.1,439,7,1011.2,614,11,1011.3,1524,22,1011.4,1886,14,1011.5,1990,15
317,2025-11-26 14:31:27+05:30,1010.9,11,1002.07,8056652,396510.0,440492.0,986.2,1012.8,981.3,986.2,120583500,1084.8,887.6,1102.5,649.1,1010.9,9,1,1010.8,52,5,1010.7,113,1,1010.6,314,2,1010.5,909,9,1011.1,439,7,1011.2,614,11,1011.3,1524,22,1011.4,1886,14,1011.5,1990,15
317,2025-11-26 14:31:27+05:30,1010.9,11,1002.07,8056652,396542.0,440492.0,986.2,1012.8,981.3,986.2,120583500,1084.8,887.6,1102.5,649.1,1010.9,9,1,1010.8,52,5,1010.7,122,2,1010.6,314,2,1010.5,909,9,1011.1,439,7,1011.2,614,11,1011.3,1524,22,1011.4,1886,14,1011.5,1990,15
317,2025-11-26 14:31:28+05:30,1010.9,11,1002.07,8056652,396542.0,440492.0,986.2,1012.8,981.3,986.2,120583500,1084.8,887.6,1102.5,649.1,1010.9,9,1,1010.8,52,5,1010.7,122,2,1010.6,314,2,1010.5,909,9,1011.1,439,7,1011.2,614,11,1011.3,1524,22,1011.4,1886,14,1011.5,1990,15
317,2025-11-26 14:31:29+05:30,1010.9,11,1002.07,8056652,396548.0,440492.0,986.2,1012.8,981.3,986.2,120583500,1084.8,887.6,1102.5,649.1,1010.9,9,1,1010.8,52,5,1010.7,122,2,1010.6,314,2,1010.5,909,9,1011.1,439,7,1011.2,614,11,1011.3,1524,22,1011.4,1886,14,1011.5,1990,15
317,2025-11-26 14:31:30+05:30,1011.1,1,1002.07,8056715,395308.0,440548.0,986.2,1012.8,981.3,986.2,120583500,1084.8,887.6,1102.5,649.1,1010.9,10,2,1010.8,52,5,1010.7,9,1,1010.6,112,1,1010.5,909,9,1011.1,333,6,1011.2,599,11,1011.3,1691,24,1011.4,1886,14,1011.5,1990,15
317,2025-11-26 14:31:31+05:30,1011.1,1,1002.07,8056715,395308.0,440548.0,986.2,1012.8,981.3,986.2,120583500,1084.8,887.6,1102.5,649.1,1010.9,10,2,1010.8,52,5,1010.7,9,1,1010.6,112,1,1010.5,909,9,1011.1,333,6,1011.2,599,11,1011.3,1691,24,1011.4,1886,14,1011.5,1990,15
317,2025-11-26 14:31:32+05:30,1010.8,9,1002.07,8056825,395222.0,440465.0,986.2,1012.8,981.3,986.2,120583500,1084.8,887.6,1102.5,649.1,1010.8,7,1,1010.7,9,1,1010.6,112,1,1010.5,1004,11,1010.4,1692,8,1011.1,395,7,1011.2,772,11,1011.3,1614,22,1011.4,1832,13,1011.5,1990,15
317,2025-11-26 14:31:32+05:30,1010.8,9,1002.07,8056825,395222.0,440465.0,986.2,1012.8,981.3,986.2,120583500,1084.8,887.6,1102.5,649.1,1010.8,7,1,1010.7,9,1,1010.6,112,1,1010.5,1004,11,1010.4,1692,8,1011.1,395,7,1011.2,772,11,1011.3,1614,22,1011.4,1832,13,1011.5,1990,15
317,2025-11-26 14:31:33+05:30,1011.0,2,1002.07,8056825,395222.0,440465.0,986.2,1012.8,981.3,986.2,120583500,1084.8,887.6,1102.5,649.1,1010.8,7,1,1010.7,9,1,1010.6,112,1,1010.5,1004,11,1010.4,1692,8,1011.1,395,7,1011.2,772,11,1011.3,1614,22,1011.4,1832,13,1011.5,1990,15
317,2025-11-26 14:31:33+05:30,1011.0,2,1002.07,8056912,395174.0,440826.0,986.2,1012.8,981.3,986.2,120583500,1084.8,887.6,1102.5,649.1,1010.7,3,1,1010.5,704,7,1010.4,1646,8,1010.3,798,11,1010.2,774,15,1011.0,599,7,1011.1,552,9,1011.2,909,11,1011.3,2407,23,1011.4,1382,14
317,2025-11-26 14:31:34+05:30,1011.0,2,1002.07,8056912,395236.0,441993.0,986.2,1012.8,981.3,986.2,120583500,1084.8,887.6,1102.5,649.1,1010.7,5,2,1010.5,595,6,1010.4,1646,9,1010.3,863,15,1010.2,716,11,1010.8,1,1,1011.0,541,6,1011.1,786,12,1011.2,1118,12,1011.3,2109,22
317,2025-11-26 14:31:35+05:30,1011.0,10,1002.07,8056912,395236.0,441993.0,986.2,1012.8,981.3,986.2,120583500,1084.8,887.6,1102.5,649.1,1010.7,5,2,1010.5,595,6,1010.4,1646,9,1010.3,863,15,1010.2,716,11,1010.8,1,1,1011.0,541,6,1011.1,786,12,1011.2,1118,12,1011.3,2109,22
317,2025-11-26 14:31:35+05:30,1011.0,2,1002.07,8056960,395491.0,440953.0,986.2,1012.8,981.3,986.2,120583500,1084.8,887.6,1102.5,649.1,1010.8,105,1,1010.7,5,2,1010.5,864,8,1010.4,1645,8,1010.3,935,17,1011.0,319,5,1011.1,470,10,1011.2,610,10,1011.3,2407,23,1011.4,906,13
317,2025-11-26 14:31:36+05:30,1010.8,63,1002.07,8056960,395491.0,440953.0,986.2,1012.8,981.3,986.2,120583500,1084.8,887.6,1102.5,649.1,1010.8,105,1,1010.7,5,2,1010.5,864,8,1010.4,1645,8,1010.3,935,17,1011.0,319,5,1011.1,470,10,1011.2,610,10,1011.3,2407,23,1011.4,906,13
317,2025-11-26 14:31:36+05:30,1010.8,63,1002.07,8057025,395114.0,441243.0,986.2,1012.8,981.3,986.2,120583500,1084.8,887.6,1102.5,649.1,1010.8,53,2,1010.7,5,2,1010.5,803,7,1010.4,1564,7,1010.3,841,15,1011.0,299,6,1011.1,326,6,1011.2,898,13,1011.3,2433,25,1011.4,1046,14
317,2025-11-26 14:31:37+05:30,1010.8,63,1002.07,8057025,395239.0,441216.0,986.2,1012.8,981.3,986.2,120583500,1084.8,887.6,1102.5,649.1,1010.8,53,2,1010.7,3,1,1010.5,803,7,1010.4,1564,7,1010.3,931,17,1011.0,240,5,1011.1,385,7,1011.2,871,12,1011.3,2433,25,1011.4,1046,14
317,2025-11-26 14:31:38+05:30,1011.0,6,1002.07,8057025,395239.0,441216.0,986.2,1012.8,981.3,986.2,120583500,1084.8,887.6,1102.5,649.1,1010.8,53,2,1010.7,3,1,1010.5,803,7,1010.4,1564,7,1010.3,931,17,1011.0,240,5,1011.1,385,7,1011.2,871,12,1011.3,2433,25,1011.4,1046,14
317,2025-11-26 14:31:38+05:30,1011.0,6,1002.07,8057031,395281.0,441097.0,986.2,1012.8,981.3,986.2,120583500,1084.8,887.6,1102.5,649.1,1010.8,53,2,1010.7,3,1,1010.5,803,7,1010.4,1564,7,1010.3,931,17,1011.0,183,5,1011.1,394,7,1011.2,857,12,1011.3,2376,24,1011.4,1046,14
317,2025-11-26 14:31:39+05:30,1011.0,6,1002.07,8057031,395330.0,440789.0,986.2,1012.8,981.3,986.2,120583500,1084.8,887.6,1102.5,649.1,1010.8,53,2,1010.7,3,1,1010.5,803,7,1010.4,1643,8,1010.3,931,17,1011.0,183,5,1011.1,394,7,1011.2,857,12,1011.3,1328,22,1011.4,2094,16
317,2025-11-26 14:31:40+05:30,1011.0,1,1002.07,8057031,395330.0,440789.0,986.2,1012.8,981.3,986.2,120583500,1084.8,887.6,1102.5,649.1,1010.8,53,2,1010.7,3,1,1010.5,803,7,1010.4,1643,8,1010.3,931,17,1011.0,183,5,1011.1,394,7,1011.2,857,12,1011.3,1328,22,1011.4,2094,16
317,2025-11-26 14:31:40+05:30,1011.0,1,1002.07,8057033,395331.0,440630.0,986.2,1012.8,981.3,986.2,120583500,1084.8,887.6,1102.5,649.1,1010.8,53,2,1010.7,3,1,1010.5,862,8,1010.4,1643,8,1010.3,931,17,1011.0,120,4,1011.1,450,8,1011.2,596,10,1011.3,1328,22,1011.4,2094,16
317,2025-11-26 14:31:41+05:30,1010.5,18,1002.07,8057033,395331.0,440630.0,986.2,1012.8,981.3,986.2,120583500,1084.8,887.6,1102.5,649.1,1010.8,53,2,1010.7,3,1,1010.5,862,8,1010.4,1643,8,1010.3,931,17,1011.0,120,4,1011.1,450,8,1011.2,596,10,1011.3,1328,22,1011.4,2094,16
317,2025-11-26 14:31:41+05:30,1010.6,6,1002.07,8057217,395063.0,440291.0,986.2,1012.8,981.3,986.2,120583500,1084.8,887.6,1102.5,649.1,1010.6,81,1,1010.5,943,9,1010.4,1758,10,1010.3,928,17,1010.2,1271,11,1011.0,281,7,1011.1,608,10,1011.2,723,11,1011.3,1616,22,1011.4,2131,16
317,2025-11-26 14:31:42+05:30,1011.0,60,1002.07,8057217,395063.0,440291.0,986.2,1012.8,981.3,986.2,120583500,1084.8,887.6,1102.5,649.1,1010.6,81,1,1010.5,943,9,1010.4,1758,10,1010.3,928,17,1010.2,1271,11,1011.0,281,7,1011.1,608,10,1011.2,723,11,1011.3,1616,22,1011.4,2131,16
317,2025-11-26 14:31:42+05:30,1011.0,60,1002.07,8057339,395215.0,439985.0,986.2,1012.8,981.3,986.2,120583500,1084.8,887.6,1102.5,649.1,1010.8,3,1,1010.6,238,3,1010.5,965,9,1010.4,1813,10,1010.3,872,16,1011.0,124,4,1011.1,535,7,1011.2,779,12,1011.3,1318,21,1011.4,2028,16
317,2025-11-26 14:31:43+05:30,1011.0,1,1002.07,8057339,395215.0,439985.0,986.2,1012.8,981.3,986.2,120583500,1084.8,887.6,1102.5,649.1,1010.8,3,1,1010.6,238,3,1010.5,965,9,1010.4,1813,10,1010.3,872,16,1011.0,124,4,1011.1,535,7,1011.2,779,12,1011.3,1318,21,1011.4,2028,16
317,2025-11-26 14:31:43+05:30,1010.8,2,1002.07,8057376,395183.0,439992.0,986.2,1012.8,981.3,986.2,120583500,1084.8,887.6,1102.5,649.1,1010.6,285,5,1010.5,946,10,1010.4,1757,10,1010.3,872,16,1010.2,1068,11,1011.0,44,2,1011.1,474,7,1011.2,706,11,1011.3,1557,21,1011.4,1698,14
317,2025-11-26 14:31:44+05:30,1011.1,2,1002.07,8057376,395183.0,439992.0,986.2,1012.8,981.3,986.2,120583500,1084.8,887.6,1102.5,649.1,1010.6,285,5,1010.5,946,10,1010.4,1757,10,1010.3,872,16,1010.2,1068,11,1011.0,44,2,1011.1,474,7,1011.2,706,11,1011.3,1557,21,1011.4,1698,14
317,2025-11-26 14:31:44+05:30,1011.1,2,1002.07,8057898,395184.0,439190.0,986.2,1012.8,981.3,986.2,120583500,1084.8,887.6,1102.5,649.1,1010.6,318,7,1010.5,1088,13,1010.4,1831,11,1010.3,872,16,1010.2,1072,11,1011.1,96,4,1011.2,650,10,1011.3,1606,22,1011.4,1966,14,1011.5,2010,13
317,2025-11-26 14:31:45+05:30,1011.1,1,1002.07,8057898,395184.0,439190.0,986.2,1012.8,981.3,986.2,120583500,1084.8,887.6,1102.5,649.1,1010.6,318,7,1010.5,1088,13,1010.4,1831,11,1010.3,872,16,1010.2,1072,11,1011.1,96,4,1011.2,650,10,1011.3,1606,22,1011.4,1966,14,1011.5,2010,13
317,2025-11-26 14:31:45+05:30,1011.1,1,1002.07,8057899,395219.0,439260.0,986.2,1012.8,981.3,986.2,120583500,1084.8,887.6,1102.5,649.1,1010.6,275,7,1010.5,1144,14,1010.4,1831,11,1010.3,872,16,1010.2,1104,12,1011.1,190,5,1011.2,706,11,1011.3,1578,23,1011.4,1966,14,1011.5,2010,13
317,2025-11-26 14:31:46+05:30,1011.1,1,1002.07,8057899,395219.0,439260.0,986.2,1012.8,981.3,986.2,120583500,1084.8,887.6,1102.5,649.1,1010.6,275,7,1010.5,1144,14,1010.4,1831,11,1010.3,872,16,1010.2,1104,12,1011.1,190,5,1011.2,706,11,1011.3,1578,23,1011.4,1966,14,1011.5,2010,13
317,2025-11-26 14:31:46+05:30,1011.1,1,1002.07,8057903,395232.0,439315.0,986.2,1012.8,981.3,986.2,120583500,1084.8,887.6,1102.5,649.1,1010.6,217,7,1010.5,1144,14,1010.4,1831,11,1010.3,872,16,1010.2,1163,12,1011.1,186,5,1011.2,591,9,1011.3,1557,22,1011.4,1966,14,1011.5,2075,14
317,2025-11-26 14:31:47+05:30,1011.1,20,1002.07,8057903,395232.0,439315.0,986.2,1012.8,981.3,986.2,120583500,1084.8,887.6,1102.5,649.1,1010.6,217,7,1010.5,1144,14,1010.4,1831,11,1010.3,872,16,1010.2,1163,12,1011.1,186,5,1011.2,591,9,1011.3,1557,22,1011.4,1966,14,1011.5,2075,14
317,2025-11-26 14:31:47+05:30,1011.1,20,1002.07,8058233,395550.0,438405.0,986.2,1012.8,981.3,986.2,120583500,1084.8,887.6,1102.5,649.1,1010.6,330,8,1010.5,1588,13,1010.4,1826,11,1010.3,872,16,1010.2,594,11,1011.1,39,3,1011.2,629,11,1011.3,1259,21,1011.4,2257,14,1011.5,2075,14
317,2025-11-26 14:31:48+05:30,1011.1,20,1002.07,8058233,397045.0,437749.0,986.2,1012.8,981.3,986.2,120583500,1084.8,887.6,1102.5,649.1,1010.7,587,10,1010.6,737,14,1010.5,2865,17,1010.4,716,15,1010.3,642,9,1011.1,35,3,1011.2,111,3,1011.3,924,10,1011.4,747,11,1011.5,2328,15
317,2025-11-26 14:31:49+05:30,1011.1,20,1002.07,8058233,397127.0,438412.0,986.2,1012.8,981.3,986.2,120583500,1084.8,887.6,1102.5,649.1,1010.7,687,14,1010.6,2342,15,1010.5,1242,15,1010.4,716,15,1010.3,642,9,1011.1,35,3,1011.2,42,2,1011.3,997,10,1011.4,786,10,1011.5,2263,14
317,2025-11-26 14:31:50+05:30,1011.1,1,1002.07,8058234,397000.0,438420.0,986.2,1012.8,981.3,986.2,120583500,1084.8,887.6,1102.5,649.1,1010.7,560,14,1010.6,2342,15,1010.5,1242,15,1010.4,716,15,1010.3,642,9,1011.1,36,3,1011.2,42,2,1011.3,997,10,1011.4,786,10,1011.5,2207,13
317,2025-11-26 14:31:51+05:30,1011.1,1,1002.07,8058234,397000.0,438420.0,986.2,1012.8,981.3,986.2,120583500,1084.8,887.6,1102.5,649.1,1010.7,560,14,1010.6,2342,15,1010.5,1242,15,1010.4,716,15,1010.3,642,9,1011.1,36,3,1011.2,42,2,1011.3,997,10,1011.4,786,10,1011.5,2207,13
317,2025-11-26 14:31:51+05:30,1011.1,1,1002.07,8058235,396982.0,438454.0,986.2,1012.8,981.3,986.2,120583500,1084.8,887.6,1102.5,649.1,1010.7,561,15,1010.6,2383,16,1010.5,1182,12,1010.4,716,15,1010.3,642,9,1011.1,35,2,1011.2,42,2,1011.3,997,10,1011.4,786,10,1011.5,2207,13
317,2025-11-26 14:31:52+05:30,1011.1,1,1002.07,8058235,397010.0,438477.0,986.2,1012.8,981.3,986.2,120583500,1084.8,887.6,1102.5,649.1,1010.7,1078,16,1010.6,1894,15,1010.5,1182,12,1010.4,716,15,1010.3,642,9,1011.1,35,2,1011.2,42,2,1011.3,884,9,1011.4,897,11,1011.5,2207,13
317,2025-11-26 14:31:53+05:30,1011.1,5,1002.07,8058235,397010.0,438477.0,986.2,1012.8,981.3,986.2,120583500,1084.8,887.6,1102.5,649.1,1010.7,1078,16,1010.6,1894,15,1010.5,1182,12,1010.4,716,15,1010.3,642,9,1011.1,35,2,1011.2,42,2,1011.3,884,9,1011.4,897,11,1011.5,2207,13
317,2025-11-26 14:31:53+05:30,1010.7,5,1002.07,8058272,397017.0,438489.0,986.2,1012.8,981.3,986.2,120583500,1084.8,887.6,1102.5,649.1,1010.7,1106,17,1010.6,1853,14,1010.5,1204,12,1010.4,716,15,1010.3,642,9,1011.1,11,3,1011.2,214,3,1011.3,744,8,1011.4,786,10,1011.5,2207,13
317,2025-11-26 14:31:54+05:30,1010.7,50,1002.07,8058272,397017.0,438489.0,986.2,1012.8,981.3,986.2,120583500,1084.8,887.6,1102.5,649.1,1010.7,1106,17,1010.6,1853,14,1010.5,1204,12,1010.4,716,15,1010.3,642,9,1011.1,11,3,1011.2,214,3,1011.3,744,8,1011.4,786,10,1011.5,2207,13
317,2025-11-26 14:31:54+05:30,1010.7,50,1002.07,8058322,397509.0,438341.0,986.2,1012.8,981.3,986.2,120583500,1084.8,887.6,1102.5,649.1,1010.8,489,6,1010.7,593,17,1010.6,1848,13,1010.5,1089,13,1010.4,1205,16,1011.1,11,3,1011.2,42,2,1011.3,884,9,1011.4,786,10,1011.5,2207,13
317,2025-11-26 14:31:55+05:30,1011.1,1,1002.07,8058322,397509.0,438341.0,986.2,1012.8,981.3,986.2,120583500,1084.8,887.6,1102.5,649.1,1010.8,489,6,1010.7,593,17,1010.6,1848,13,1010.5,1089,13,1010.4,1205,16,1011.1,11,3,1011.2,42,2,1011.3,884,9,1011.4,786,10,1011.5,2207,13
317,2025-11-26 14:31:55+05:30,1011.1,2,1002.07,8058327,397342.0,438295.0,986.2,1012.8,981.3,986.2,120583500,1084.8,887.6,1102.5,649.1,1010.8,511,8,1010.7,654,17,1010.6,1848,13,1010.5,1089,13,1010.4,1205,16,1011.1,18,4,1011.2,86,3,1011.3,947,11,1011.4,732,9,1011.5,2207,13
317,2025-11-26 14:31:56+05:30,1011.1,1,1002.07,8058327,397342.0,438295.0,986.2,1012.8,981.3,986.2,120583500,1084.8,887.6,1102.5,649.1,1010.8,511,8,1010.7,654,17,1010.6,1848,13,1010.5,1089,13,1010.4,1205,16,1011.1,18,4,1011.2,86,3,1011.3,947,11,1011.4,732,9,1011.5,2207,13
317,2025-11-26 14:31:56+05:30,1010.9,4,1002.07,8058358,398267.0,438591.0,986.2,1012.8,981.3,986.2,120583500,1084.8,887.6,1102.5,649.1,1010.9,151,3,1010.8,516,9,1010.7,625,16,1010.6,1779,11,1010.5,1628,13,1011.1,8,1,1011.2,86,3,1011.3,1144,10,1011.4,667,8,1011.5,2233,15
317,2025-11-26 14:31:57+05:30,1010.9,4,1002.07,8058358,398267.0,438591.0,986.2,1012.8,981.3,986.2,120583500,1084.8,887.6,1102.5,649.1,1010.9,151,3,1010.8,516,9,1010.7,625,16,1010.6,1779,11,1010.5,1628,13,1011.1,8,1,1011.2,86,3,1011.3,1144,10,1011.4,667,8,1011.5,2233,15
317,2025-11-26 14:31:57+05:30,1010.9,4,1002.07,8058358,398458.0,438180.0,986.2,1012.8,981.3,986.2,120583500,1084.8,887.6,1102.5,649.1,1011.0,112,1,1010.9,164,4,1010.8,277,5,1010.7,652,16,1010.6,1779,11,1011.1,8,1,1011.2,91,4,1011.3,784,9,1011.4,751,10,1011.5,2233,15
317,2025-11-26 14:31:58+05:30,1011.0,55,1002.07,8058358,398458.0,438180.0,986.2,1012.8,981.3,986.2,120583500,1084.8,887.6,1102.5,649.1,1011.0,112,1,1010.9,164,4,1010.8,277,5,1010.7,652,16,1010.6,1779,11,1011.1,8,1,1011.2,91,4,1011.3,784,9,1011.4,751,10,1011.5,2233,15
317,2025-11-26 14:31:58+05:30,1011.1,1,1002.07,8058414,398243.0,438550.0,986.2,1012.8,981.3,986.2,120583500,1084.8,887.6,1102.5,649.1,1011.0,70,2,1010.9,190,8,1010.8,277,5,1010.7,1157,10,1010.6,1806,11,1011.2,91,4,1011.3,1328,11,1011.4,920,12,1011.5,2233,15,1011.6,818,15
317,2025-11-26 14:31:59+05:30,1011.1,1,1002.07,8058414,398243.0,438550.0,986.2,1012.8,981.3,986.2,120583500,1084.8,887.6,1102.5,649.1,1011.0,70,2,1010.9,190,8,1010.8,277,5,1010.7,1157,10,1010.6,1806,11,1011.2,91,4,1011.3,1328,11,1011.4,920,12,1011.5,2233,15,1011.6,818,15
317,2025-11-26 14:31:59+05:30,1011.1,1,1002.07,8058414,398866.0,438285.0,986.2,1012.8,981.3,986.2,120583500,1084.8,887.6,1102.5,649.1,1011.0,70,2,1010.9,133,7,1010.8,212,5,1010.7,1095,9,1010.6,1861,12,1011.2,91,4,1011.3,527,7,1011.4,1259,11,1011.5,2146,12,1011.6,738,10
317,2025-11-26 14:32:00+05:30,1011.2,1,1002.07,8058415,398480.0,438644.0,986.2,1012.8,981.3,986.2,120583500,1084.8,887.6,1102.5,649.1,1011.0,71,3,1010.9,133,7,1010.8,137,4,1010.7,1040,8,1010.6,1912,13,1011.2,90,4,1011.3,728,9,1011.4,1379,13,1011.5,2172,14,1011.6,891,16
317,2025-11-26 14:32:01+05:30,1011.2,1,1002.07,8058415,398480.0,438644.0,986.2,1012.8,981.3,986.2,120583500,1084.8,887.6,1102.5,649.1,1011.0,71,3,1010.9,133,7,1010.8,137,4,1010.7,1040,8,1010.6,1912,13,1011.2,90,4,1011.3,728,9,1011.4,1379,13,1011.5,2172,14,1011.6,891,16
317,2025-11-26 14:32:01+05:30,1011.2,1,1002.07,8058425,398499.0,438845.0,986.2,1012.8,981.3,986.2,120583500,1084.8,887.6,1102.5,649.1,1011.0,75,4,1010.9,120,6,1010.8,137,4,1010.7,1040,8,1010.6,1912,13,1011.2,89,4,1011.3,728,9,1011.4,1379,13,1011.5,2172,14,1011.6,891,16
317,2025-11-26 14:32:02+05:30,1011.2,1,1002.07,8058425,398501.0,438846.0,986.2,1012.8,981.3,986.2,120583500,1084.8,887.6,1102.5,649.1,1011.0,75,4,1010.9,120,6,1010.8,137,4,1010.7,1040,8,1010.6,1912,13,1011.2,90,5,1011.3,728,9,1011.4,1379,13,1011.5,2172,14,1011.6,891,16
317,2025-11-26 14:32:03+05:30,1011.2,23,1002.07,8058425,398501.0,438846.0,986.2,1012.8,981.3,986.2,120583500,1084.8,887.6,1102.5,649.1,1011.0,75,4,1010.9,120,6,1010.8,137,4,1010.7,1040,8,1010.6,1912,13,1011.2,90,5,1011.3,728,9,1011.4,1379,13,1011.5,2172,14,1011.6,891,16
317,2025-11-26 14:32:03+05:30,1011.1,5,1002.07,8058554,399733.0,438140.0,986.2,1012.8,981.3,986.2,120583500,1084.8,887.6,1102.5,649.1,1011.1,402,1,1011.0,130,5,1010.9,175,7,1010.8,387,6,1010.7,2266,11,1011.2,59,4,1011.3,527,7,1011.4,750,5,1011.5,2186,15,1011.6,815,14
317,2025-11-26 14:32:04+05:30,1011.2,15,1002.07,8058554,399733.0,438140.0,986.2,1012.8,981.3,986.2,120583500,1084.8,887.6,1102.5,649.1,1011.1,402,1,1011.0,130,5,1010.9,175,7,1010.8,387,6,1010.7,2266,11,1011.2,59,4,1011.3,527,7,1011.4,750,5,1011.5,2186,15,1011.6,815,14
317,2025-11-26 14:32:04+05:30,1011.2,15,1002.07,8058814,400809.0,437862.0,986.2,1012.8,981.3,986.2,120583500,1084.8,887.6,1102.5,649.1,1011.1,428,2,1011.0,159,4,1010.9,473,12,1010.8,575,8,1010.7,2266,11,1011.2,62,3,1011.3,522,6,1011.4,721,4,1011.5,1605,7,1011.6,960,14
317,2025-11-26 14:32:05+05:30,1011.2,2,1002.07,8058816,400674.0,438061.0,986.2,1012.8,981.3,986.2,120583500,1084.8,887.6,1102.5,649.1,1011.1,441,4,1011.0,86,3,1010.9,371,10,1010.8,668,9,1010.7,1689,10,1011.2,281,4,1011.3,522,6,1011.4,156,3,1011.5,2019,10,1011.6,1154,12
317,2025-11-26 14:32:06+05:30,1011.2,1,1002.07,8058816,400674.0,438061.0,986.2,1012.8,981.3,986.2,120583500,1084.8,887.6,1102.5,649.1,1011.1,441,4,1011.0,86,3,1010.9,371,10,1010.8,668,9,1010.7,1689,10,1011.2,281,4,1011.3,522,6,1011.4,156,3,1011.5,2019,10,1011.6,1154,12
317,2025-11-26 14:32:06+05:30,1011.2,1,1002.07,8058817,400516.0,438329.0,986.2,1012.8,981.3,986.2,120583500,1084.8,887.6,1102.5,649.1,1011.1,441,4,1011.0,31,2,1010.9,175,7,1010.8,566,7,1010.7,1791,12,1011.2,280,4,1011.3,522,6,1011.4,693,5,1011.5,2149,13,1011.6,756,12
317,2025-11-26 14:32:07+05:30,1011.1,9,1002.07,8058817,400516.0,438329.0,986.2,1012.8,981.3,986.2,120583500,1084.8,887.6,1102.5,649.1,1011.1,441,4,1011.0,31,2,1010.9,175,7,1010.8,566,7,1010.7,1791,12,1011.2,280,4,1011.3,522,6,1011.4,693,5,1011.5,2149,13,1011.6,756,12
317,2025-11-26 14:32:07+05:30,1011.1,9,1002.07,8058826,400435.0,438614.0,986.2,1012.8,981.3,986.2,120583500,1084.8,887.6,1102.5,649.1,1011.1,432,4,1011.0,55,2,1010.9,143,6,1010.8,1196,9,1010.7,1740,11,1011.2,280,4,1011.3,522,6,1011.4,161,4,1011.5,2098,12,1011.6,871,14
317,2025-11-26 14:32:08+05:30,1011.1,9,1002.07,8058826,400444.0,438608.0,986.2,1012.8,981.3,986.2,120583500,1084.8,887.6,1102.5,649.1,1011.1,419,2,1011.0,72,5,1010.9,143,6,1010.8,715,10,1010.7,1648,9,1011.2,280,4,1011.3,522,6,1011.4,673,5,1011.5,2047,11,1011.6,922,15
317,2025-11-26 14:32:09+05:30,1011.1,70,1002.07,8058826,400444.0,438608.0,986.2,1012.8,981.3,986.2,120583500,1084.8,887.6,1102.5,649.1,1011.1,419,2,1011.0,72,5,1010.9,143,6,1010.8,715,10,1010.7,1648,9,1011.2,280,4,1011.3,522,6,1011.4,673,5,1011.5,2047,11,1011.6,922,15
317,2025-11-26 14:32:09+05:30,1011.1,70,1002.07,8058916,400633.0,437979.0,986.2,1012.8,981.3,986.2,120583500,1084.8,887.6,1102.5,649.1,1011.1,330,3,1011.0,17,3,1010.9,700,7,1010.8,1900,12,1010.7,504,8,1011.2,280,4,1011.3,522,6,1011.4,161,4,1011.5,1776,10,1011.6,993,11
317,2025-11-26 14:32:10+05:30,1011.2,1,1002.07,8058916,400633.0,437979.0,986.2,1012.8,981.3,986.2,120583500,1084.8,887.6,1102.5,649.1,1011.1,330,3,1011.0,17,3,1010.9,700,7,1010.8,1900,12,1010.7,504,8,1011.2,280,4,1011.3,522,6,1011.4,161,4,1011.5,1776,10,1011.6,993,11
317,2025-11-26 14:32:10+05:30,1011.2,1,1002.07,8058916,400633.0,437979.0,986.2,1012.8,981.3,986.2,120583500,1084.8,887.6,1102.5,649.1,1011.1,330,3,1011.0,17,3,1010.9,700,7,1010.8,1900,12,1010.7,504,8,1011.2,280,4,1011.3,522,6,1011.4,161,4,1011.5,1776,10,1011.6,993,11
317,2025-11-26 14:32:10+05:30,1011.3,2,1002.07,8059352,401373.0,435301.0,986.2,1012.8,981.3,986.2,120583500,1084.8,887.6,1102.5,649.1,1011.1,408,6,1011.0,347,8,1010.9,616,12,1010.8,1828,12,1010.7,1065,11,1011.3,520,6,1011.4,16,2,1011.5,1554,7,1011.6,688,5,1011.7,1284,18
317,2025-11-26 14:32:10+05:30,1011.3,2,1002.07,8059352,401373.0,435301.0,986.2,1012.8,981.3,986.2,120583500,1084.8,887.6,1102.5,649.1,1011.1,408,6,1011.0,347,8,1010.9,616,12,1010.8,1828,12,1010.7,1065,11,1011.3,520,6,1011.4,16,2,1011.5,1554,7,1011.6,688,5,1011.7,1284,18
317,2025-11-26 14:32:11+05:30,1011.2,2,1002.07,8059352,401373.0,435301.0,986.2,1012.8,981.3,986.2,120583500,1084.8,887.6,1102.5,649.1,1011.1,408,6,1011.0,347,8,1010.9,616,12,1010.8,1828,12,1010.7,1065,11,1011.3,520,6,1011.4,16,2,1011.5,1554,7,1011.6,688,5,1011.7,1284,18
317,2025-11-26 14:32:11+05:30,1011.2,2,1002.07,8059352,401373.0,435301.0,986.2,1012.8,981.3,986.2,120583500,1084.8,887.6,1102.5,649.1,1011.1,408,6,1011.0,347,8,1010.9,616,12,1010.8,1828,12,1010.7,1065,11,1011.3,520,6,1011.4,16,2,1011.5,1554,7,1011.6,688,5,1011.7,1284,18
317,2025-11-26 14:32:11+05:30,1011.2,2,1002.07,8059354,402471.0,435042.0,986.2,1012.8,981.3,986.2,120583500,1084.8,887.6,1102.5,649.1,1011.1,462,7,1011.0,344,8,1010.9,616,12,1010.8,1854,13,1010.7,1065,11,1011.2,3,1,1011.3,520,6,1011.4,16,2,1011.5,1554,7,1011.6,758,6
317,2025-11-26 14:32:11+05:30,1011.2,2,1002.07,8059354,402471.0,435042.0,986.2,1012.8,981.3,986.2,120583500,1084.8,887.6,1102.5,649.1,1011.1,462,7,1011.0,344,8,1010.9,616,12,1010.8,1854,13,1010.7,1065,11,1011.2,3,1,1011.3,520,6,1011.4,16,2,1011.5,1554,7,1011.6,758,6
317,2025-11-26 14:32:12+05:30,1011.2,2,1002.07,8059354,402471.0,435042.0,986.2,1012.8,981.3,986.2,120583500,1084.8,887.6,1102.5,649.1,1011.1,462,7,1011.0,344,8,1010.9,616,12,1010.8,1854,13,1010.7,1065,11,1011.2,3,1,1011.3,520,6,1011.4,16,2,1011.5,1554,7,1011.6,758,6
317,2025-11-26 14:32:12+05:30,1011.0,2,1002.07,8060106,400826.0,437909.0,986.2,1012.8,981.3,986.2,120583500,1084.8,887.6,1102.5,649.1,1011.0,20,4,1010.9,167,6,1010.8,1417,6,1010.7,373,6,1010.6,1201,10,1011.2,33,2,1011.3,520,6,1011.4,745,8,1011.5,2044,11,1011.6,1324,12
317,2025-11-26 14:32:12+05:30,1011.0,2,1002.07,8060106,400826.0,437909.0,986.2,1012.8,981.3,986.2,120583500,1084.8,887.6,1102.5,649.1,1011.0,20,4,1010.9,167,6,1010.8,1417,6,1010.7,373,6,1010.6,1201,10,1011.2,33,2,1011.3,520,6,1011.4,745,8,1011.5,2044,11,1011.6,1324,12
317,2025-11-26 14:32:13+05:30,1011.1,61,1002.07,8060106,400826.0,437909.0,986.2,1012.8,981.3,986.2,120583500,1084.8,887.6,1102.5,649.1,1011.0,20,4,1010.9,167,6,1010.8,1417,6,1010.7,373,6,1010.6,1201,10,1011.2,33,2,1011.3,520,6,1011.4,745,8,1011.5,2044,11,1011.6,1324,12
317,2025-11-26 14:32:13+05:30,1011.1,61,1002.07,8060106,400826.0,437909.0,986.2,1012.8,981.3,986.2,120583500,1084.8,887.6,1102.5,649.1,1011.0,20,4,1010.9,167,6,1010.8,1417,6,1010.7,373,6,1010.6,1201,10,1011.2,33,2,1011.3,520,6,1011.4,745,8,1011.5,2044,11,1011.6,1324,12
317,2025-11-26 14:32:13+05:30,1011.1,23,1002.07,8060317,402460.0,437880.0,986.2,1012.8,981.3,986.2,120583500,1084.8,887.6,1102.5,649.1,1011.0,246,8,1010.9,520,10,1010.8,1864,11,1010.7,396,6,1010.6,1166,12,1011.1,23,2,1011.3,411,6,1011.4,555,4,1011.5,1624,8,1011.6,1497,12
317,2025-11-26 14:32:13+05:30,1011.1,23,1002.07,8060317,402460.0,437880.0,986.2,1012.8,981.3,986.2,120583500,1084.8,887.6,1102.5,649.1,1011.0,246,8,1010.9,520,10,1010.8,1864,11,1010.7,396,6,1010.6,1166,12,1011.1,23,2,1011.3,411,6,1011.4,555,4,1011.5,1624,8,1011.6,1497,12
317,2025-11-26 14:32:14+05:30,1011.1,23,1002.07,8060317,402460.0,437880.0,986.2,1012.8,981.3,986.2,120583500,1084.8,887.6,1102.5,649.1,1011.0,246,8,1010.9,520,10,1010.8,1864,11,1010.7,396,6,1010.6,1166,12,1011.1,23,2,1011.3,411,6,1011.4,555,4,1011.5,1624,8,1011.6,1497,12
317,2025-11-26 14:32:14+05:30,1011.1,23,1002.07,8060317,402460.0,437880.0,986.2,1012.8,981.3,986.2,120583500,1084.8,887.6,1102.5,649.1,1011.0,246,8,1010.9,520,10,1010.8,1864,11,1010.7,396,6,1010.6,1166,12,1011.1,23,2,1011.3,411,6,1011.4,555,4,1011.5,1624,8,1011.6,1497,12
317,2025-11-26 14:32:14+05:30,1011.1,2,1002.07,8060429,402475.0,437170.0,986.2,1012.8,981.3,986.2,120583500,1084.8,887.6,1102.5,649.1,1011.0,74,5,1010.9,461,9,1010.8,1816,10,1010.7,542,9,1010.6,1166,12,1011.1,44,2,1011.3,404,5,1011.4,555,4,1011.5,1554,7,1011.6,1555,14
317,2025-11-26 14:32:14+05:30,1011.1,2,1002.07,8060429,402475.0,437170.0,986.2,1012.8,981.3,986.2,120583500,1084.8,887.6,1102.5,649.1,1011.0,74,5,1010.9,461,9,1010.8,1816,10,1010.7,542,9,1010.6,1166,12,1011.1,44,2,1011.3,404,5,1011.4,555,4,1011.5,1554,7,1011.6,1555,14
317,2025-11-26 14:32:14+05:30,1011.1,2,1002.07,8060429,402475.0,437170.0,986.2,1012.8,981.3,986.2,120539250,1084.8,887.6,1102.5,649.1,1011.0,74,5,1010.9,461,9,1010.8,1816,10,1010.7,542,9,1010.6,1166,12,1011.1,44,2,1011.3,404,5,1011.4,555,4,1011.5,1554,7,1011.6,1555,14
317,2025-11-26 14:32:15+05:30,1011.1,3,1002.07,8060429,402475.0,437170.0,986.2,1012.8,981.3,986.2,120539250,1084.8,887.6,1102.5,649.1,1011.0,74,5,1010.9,461,9,1010.8,1816,10,1010.7,542,9,1010.6,1166,12,1011.1,44,2,1011.3,404,5,1011.4,555,4,1011.5,1554,7,1011.6,1555,14
317,2025-11-26 14:32:15+05:30,1011.1,3,1002.07,8060429,402475.0,437170.0,986.2,1012.8,981.3,986.2,120539250,1084.8,887.6,1102.5,649.1,1011.0,74,5,1010.9,461,9,1010.8,1816,10,1010.7,542,9,1010.6,1166,12,1011.1,44,2,1011.3,404,5,1011.4,555,4,1011.5,1554,7,1011.6,1555,14
317,2025-11-26 14:32:15+05:30,1011.0,1,1002.07,8060435,402548.0,437904.0,986.2,1012.8,981.3,986.2,120539250,1084.8,887.6,1102.5,649.1,1011.0,73,5,1010.9,535,10,1010.8,1816,10,1010.7,542,9,1010.6,1166,12,1011.1,39,2,1011.3,404,5,1011.4,555,4,1011.5,1852,8,1011.6,1257,13
317,2025-11-26 14:32:15+05:30,1011.0,1,1002.07,8060435,402548.0,437904.0,986.2,1012.8,981.3,986.2,120539250,1084.8,887.6,1102.5,649.1,1011.0,73,5,1010.9,535,10,1010.8,1816,10,1010.7,542,9,1010.6,1166,12,1011.1,39,2,1011.3,404,5,1011.4,555,4,1011.5,1852,8,1011.6,1257,13
317,2025-11-26 14:32:16+05:30,1011.1,1,1002.07,8060435,402548.0,437904.0,986.2,1012.8,981.3,986.2,120539250,1084.8,887.6,1102.5,649.1,1011.0,73,5,1010.9,535,10,1010.8,1816,10,1010.7,542,9,1010.6,1166,12,1011.1,39,2,1011.3,404,5,1011.4,555,4,1011.5,1852,8,1011.6,1257,13
317,2025-11-26 14:32:16+05:30,1011.1,5,1002.07,8060442,402428.0,437552.0,986.2,1012.8,981.3,986.2,120539250,1084.8,887.6,1102.5,649.1,1011.0,19,4,1010.9,414,9,1010.8,1816,10,1010.7,542,9,1010.6,1166,12,1011.1,210,4,1011.2,47,1,1011.3,346,4,1011.4,555,4,1011.5,1852,8
317,2025-11-26 14:32:17+05:30,1011.1,1,1002.07,8060442,402428.0,437552.0,986.2,1012.8,981.3,986.2,120539250,1084.8,887.6,1102.5,649.1,1011.0,19,4,1010.9,414,9,1010.8,1816,10,1010.7,542,9,1010.6,1166,12,1011.1,210,4,1011.2,47,1,1011.3,346,4,1011.4,555,4,1011.5,1852,8
317,2025-11-26 14:32:17+05:30,1011.1,1,1002.07,8060443,401850.0,437720.0,986.2,1012.8,981.3,986.2,120539250,1084.8,887.6,1102.5,649.1,1011.0,19,4,1010.9,414,9,1010.8,1816,10,1010.7,542,9,1010.6,588,11,1011.1,219,5,1011.2,47,1,1011.3,346,4,1011.4,157,4,1011.5,1920,10
317,2025-11-26 14:32:18+05:30,1011.0,21,1002.07,8060695,402137.0,436749.0,986.2,1012.8,981.3,986.2,120539250,1084.8,887.6,1102.5,649.1,1011.0,236,5,1010.9,658,11,1010.8,1945,12,1010.7,470,7,1010.6,558,9,1011.1,188,4,1011.2,47,1,1011.3,346,4,1011.4,152,3,1011.5,1676,10
317,2025-11-26 14:32:19+05:30,1011.1,7,1002.07,8060695,402137.0,436749.0,986.2,1012.8,981.3,986.2,120539250,1084.8,887.6,1102.5,649.1,1011.0,236,5,1010.9,658,11,1010.8,1945,12,1010.7,470,7,1010.6,558,9,1011.1,188,4,1011.2,47,1,1011.3,346,4,1011.4,152,3,1011.5,1676,10
317,2025-11-26 14:32:19+05:30,1011.1,7,1002.07,8060939,403138.0,436265.0,986.2,1012.8,981.3,986.2,120539250,1084.8,887.6,1102.5,649.1,1011.1,257,2,1011.0,180,5,1010.9,588,11,1010.8,1997,14,1010.7,1025,8,1011.2,47,1,1011.3,347,5,1011.4,16,2,1011.5,1610,9,1011.6,819,7
317,2025-11-26 14:32:20+05:30,1011.2,1,1002.07,8060940,404119.0,436305.0,986.2,1012.8,981.3,986.2,120539250,1084.8,887.6,1102.5,649.1,1011.1,268,4,1011.0,314,7,1010.9,1725,12,1010.8,812,12,1010.7,1002,8,1011.2,47,2,1011.3,347,5,1011.4,16,2,1011.5,1610,9,1011.6,819,7
317,2025-11-26 14:32:21+05:30,1011.3,4,1002.07,8060940,404119.0,436305.0,986.2,1012.8,981.3,986.2,120539250,1084.8,887.6,1102.5,649.1,1011.1,268,4,1011.0,314,7,1010.9,1725,12,1010.8,812,12,1010.7,1002,8,1011.2,47,2,1011.3,347,5,1011.4,16,2,1011.5,1610,9,1011.6,819,7
317,2025-11-26 14:32:21+05:30,1011.3,4,1002.07,8061148,403080.0,435138.0,986.2,1012.8,981.3,986.2,120539250,1084.8,887.6,1102.5,649.1,1011.2,1,1,1011.1,268,4,1011.0,350,8,1010.9,1908,15,1010.8,763,11,1011.3,343,5,1011.4,16,2,1011.5,1363,7,1011.6,523,7,1011.7,1322,18
317,2025-11-26 14:32:22+05:30,1011.3,1,1002.07,8061148,403080.0,435138.0,986.2,1012.8,981.3,986.2,120539250,1084.8,887.6,1102.5,649.1,1011.2,1,1,1011.1,268,4,1011.0,350,8,1010.9,1908,15,1010.8,763,11,1011.3,343,5,1011.4,16,2,1011.5,1363,7,1011.6,523,7,1011.7,1322,18
317,2025-11-26 14:32:22+05:30,1011.3,1,1002.07,8061150,402351.0,435120.0,986.2,1012.8,981.3,986.2,120539250,1084.8,887.6,1102.5,649.1,1011.1,285,6,1011.0,424,9,1010.9,1908,15,1010.8,763,11,1010.7,1028,9,1011.3,341,5,1011.4,16,2,1011.5,1363,7,1011.6,523,7,1011.7,1625,20
317,2025-11-26 14:32:23+05:30,1011.3,22,1002.07,8061150,402351.0,435120.0,986.2,1012.8,981.3,986.2,120539250,1084.8,887.6,1102.5,649.1,1011.1,285,6,1011.0,424,9,1010.9,1908,15,1010.8,763,11,1010.7,1028,9,1011.3,341,5,1011.4,16,2,1011.5,1363,7,1011.6,523,7,1011.7,1625,20
317,2025-11-26 14:32:23+05:30,1011.1,5,1002.07,8061195,403194.0,435094.0,986.2,1012.8,981.3,986.2,120539250,1084.8,887.6,1102.5,649.1,1011.1,448,10,1011.0,381,8,1010.9,1885,14,1010.8,785,12,1010.7,1002,8,1011.2,18,1,1011.3,301,5,1011.4,16,2,1011.5,1309,6,1011.6,523,7
317,2025-11-26 14:32:24+05:30,1011.2,176,1002.07,8061195,403194.0,435094.0,986.2,1012.8,981.3,986.2,120539250,1084.8,887.6,1102.5,649.1,1011.1,448,10,1011.0,381,8,1010.9,1885,14,1010.8,785,12,1010.7,1002,8,1011.2,18,1,1011.3,301,5,1011.4,16,2,1011.5,1309,6,1011.6,523,7
317,2025-11-26 14:32:24+05:30,1011.2,176,1002.07,8061371,402301.0,435175.0,986.2,1012.8,981.3,986.2,120539250,1084.8,887.6,1102.5,649.1,1011.2,22,1,1011.1,386,8,1011.0,335,7,1010.9,1818,13,1010.8,785,12,1011.3,302,6,1011.4,16,2,1011.5,1499,8,1011.6,755,7,1011.7,1329,19
317,2025-11-26 14:32:25+05:30,1011.3,11,1002.07,8061385,402301.0,434640.0,986.2,1012.8,981.3,986.2,120539250,1084.8,887.6,1102.5,649.1,1011.2,35,2,1011.1,370,6,1011.0,347,7,1010.9,1861,14,1010.8,827,14,1011.3,288,6,1011.4,16,2,1011.5,1499,8,1011.6,527,7,1011.7,1067,19
317,2025-11-26 14:32:26+05:30,1011.3,2,1002.07,8061385,402301.0,434640.0,986.2,1012.8,981.3,986.2,120539250,1084.8,887.6,1102.5,649.1,1011.2,35,2,1011.1,370,6,1011.0,347,7,1010.9,1861,14,1010.8,827,14,1011.3,288,6,1011.4,16,2,1011.5,1499,8,1011.6,527,7,1011.7,1067,19
317,2025-11-26 14:32:26+05:30,1011.3,2,1002.07,8061404,401885.0,435393.0,986.2,1012.8,981.3,986.2,120539250,1084.8,887.6,1102.5,649.1,1011.2,55,3,1011.1,369,5,1011.0,113,4,1010.9,1904,15,1010.8,827,14,1011.3,274,6,1011.4,16,2,1011.5,1636,10,1011.6,939,9,1011.7,1256,19
317,2025-11-26 14:32:27+05:30,1011.6,29,1002.07,8061404,401885.0,435393.0,986.2,1012.8,981.3,986.2,120539250,1084.8,887.6,1102.5,649.1,1011.2,55,3,1011.1,369,5,1011.0,113,4,1010.9,1904,15,1010.8,827,14,1011.3,274,6,1011.4,16,2,1011.5,1636,10,1011.6,939,9,1011.7,1256,19
317,2025-11-26 14:32:27+05:30,1011.6,29,1002.08,8066404,404330.0,430824.0,986.2,1012.8,981.3,986.2,120539250,1084.8,887.6,1102.5,649.1,1011.2,146,6,1011.1,1545,14,1011.0,1731,11,1010.9,593,12,1010.8,1464,13,1011.7,259,9,1011.8,1343,11,1011.9,1853,19,1012.0,5411,27,1012.1,2518,18
317,2025-11-26 14:32:28+05:30,1011.2,1,1002.08,8066405,403627.0,431242.0,986.2,1012.8,981.3,986.2,120539250,1084.8,887.6,1102.5,649.1,1011.2,145,6,1011.1,1545,14,1011.0,1731,11,1010.9,593,12,1010.8,752,12,1011.7,259,9,1011.8,1356,12,1011.9,1840,18,1012.0,5450,28,1012.1,2654,19
317,2025-11-26 14:32:29+05:30,1011.7,63,1002.08,8066405,403627.0,431242.0,986.2,1012.8,981.3,986.2,120539250,1084.8,887.6,1102.5,649.1,1011.2,145,6,1011.1,1545,14,1011.0,1731,11,1010.9,593,12,1010.8,752,12,1011.7,259,9,1011.8,1356,12,1011.9,1840,18,1012.0,5450,28,1012.1,2654,19
317,2025-11-26 14:32:29+05:30,1011.7,63,1002.08,8066637,405184.0,430859.0,986.2,1012.8,981.3,986.2,120539250,1084.8,887.6,1102.5,649.1,1011.3,128,2,1011.2,758,13,1011.1,3096,21,1011.0,472,8,1010.9,555,12,1011.7,32,2,1011.8,851,8,1011.9,1990,21,1012.0,4972,24,1012.1,2345,19
317,2025-11-26 14:32:30+05:30,1011.4,9,1002.08,8066701,404715.0,430934.0,986.2,1012.8,981.3,986.2,120539250,1084.8,887.6,1102.5,649.1,1011.4,5,1,1011.3,439,6,1011.2,591,9,1011.1,1645,17,1011.0,1657,10,1011.7,3,1,1011.8,931,9,1011.9,2026,21,1012.0,4752,22,1012.1,2247,17
317,2025-11-26 14:32:31+05:30,1011.7,21,1002.08,8066701,404715.0,430934.0,986.2,1012.8,981.3,986.2,120539250,1084.8,887.6,1102.5,649.1,1011.4,5,1,1011.3,439,6,1011.2,591,9,1011.1,1645,17,1011.0,1657,10,1011.7,3,1,1011.8,931,9,1011.9,2026,21,1012.0,4752,22,1012.1,2247,17
317,2025-11-26 14:32:31+05:30,1011.7,1,1002.08,8066723,404634.0,430062.0,986.2,1012.8,981.3,986.2,120539250,1084.8,887.6,1102.5,649.1,1011.4,238,3,1011.3,439,6,1011.2,695,11,1011.1,1988,15,1011.0,1346,15,1011.7,1,1,1011.8,720,6,1011.9,1898,20,1012.0,4930,25,1012.1,2106,17
317,2025-11-26 14:32:32+05:30,1011.7,1,1002.08,8066723,404634.0,430062.0,986.2,1012.8,981.3,986.2,120539250,1084.8,887.6,1102.5,649.1,1011.4,238,3,1011.3,439,6,1011.2,695,11,1011.1,1988,15,1011.0,1346,15,1011.7,1,1,1011.8,720,6,1011.9,1898,20,1012.0,4930,25,1012.1,2106,17
317,2025-11-26 14:32:32+05:30,1011.7,1,1002.08,8066729,404531.0,430649.0,986.2,1012.8,981.3,986.2,120539250,1084.8,887.6,1102.5,649.1,1011.6,6,4,1011.5,4,2,1011.4,251,4,1011.3,628,7,1011.2,756,11,1011.7,1,1,1011.8,570,4,1011.9,1898,20,1012.0,4891,24,1012.1,2140,17
317,2025-11-26 14:32:33+05:30,1011.6,1,1002.08,8066729,404531.0,430649.0,986.2,1012.8,981.3,986.2,120539250,1084.8,887.6,1102.5,649.1,1011.6,6,4,1011.5,4,2,1011.4,251,4,1011.3,628,7,1011.2,756,11,1011.7,1,1,1011.8,570,4,1011.9,1898,20,1012.0,4891,24,1012.1,2140,17
317,2025-11-26 14:32:33+05:30,1011.6,1,1002.08,8066801,404083.0,432803.0,986.2,1012.8,981.3,986.2,120539250,1084.8,887.6,1102.5,649.1,1011.5,4,2,1011.4,44,2,1011.3,224,4,1011.2,525,9,1011.1,1480,14,1011.6,75,2,1011.7,136,3,1011.8,1224,9,1011.9,2183,25,1012.0,4896,25
317,2025-11-26 14:32:34+05:30,1011.6,93,1002.08,8066801,404083.0,432803.0,986.2,1012.8,981.3,986.2,120539250,1084.8,887.6,1102.5,649.1,1011.5,4,2,1011.4,44,2,1011.3,224,4,1011.2,525,9,1011.1,1480,14,1011.6,75,2,1011.7,136,3,1011.8,1224,9,1011.9,2183,25,1012.0,4896,25
317,2025-11-26 14:32:34+05:30,1011.6,93,1002.08,8066989,404179.0,432379.0,986.2,1012.8,981.3,986.2,120539250,1084.8,887.6,1102.5,649.1,1011.5,4,2,1011.4,22,2,1011.3,224,4,1011.2,2051,10,1011.1,1115,15,1011.6,22,2,1011.7,103,3,1011.8,1185,8,1011.9,2210,26,1012.0,4891,24
317,2025-11-26 14:32:35+05:30,1011.6,8,1002.08,8067004,404199.0,432564.0,986.2,1012.8,981.3,986.2,120539250,1084.8,887.6,1102.5,649.1,1011.5,101,4,1011.4,9,1,1011.3,265,4,1011.2,2129,12,1011.1,1068,13,1011.6,11,2,1011.7,171,4,1011.8,1185,8,1011.9,2210,26,1012.0,4891,24
317,2025-11-26 14:32:36+05:30,1011.6,1,1002.08,8067004,404199.0,432564.0,986.2,1012.8,981.3,986.2,120539250,1084.8,887.6,1102.5,649.1,1011.5,101,4,1011.4,9,1,1011.3,265,4,1011.2,2129,12,1011.1,1068,13,1011.6,11,2,1011.7,171,4,1011.8,1185,8,1011.9,2210,26,1012.0,4891,24
317,2025-11-26 14:32:36+05:30,1011.6,14,1002.08,8067129,404235.0,432609.0,986.2,1012.8,981.3,986.2,120539250,1084.8,887.6,1102.5,649.1,1011.5,112,5,1011.4,48,2,1011.3,154,4,1011.2,2090,11,1011.1,1068,13,1011.6,100,1,1011.7,103,3,1011.8,950,7,1011.9,2171,25,1012.0,4891,24
317,2025-11-26 14:32:37+05:30,1011.6,14,1002.08,8067129,404235.0,432609.0,986.2,1012.8,981.3,986.2,120539250,1084.8,887.6,1102.5,649.1,1011.5,112,5,1011.4,48,2,1011.3,154,4,1011.2,2090,11,1011.1,1068,13,1011.6,100,1,1011.7,103,3,1011.8,950,7,1011.9,2171,25,1012.0,4891,24
317,2025-11-26 14:32:37+05:30,1011.6,14,1002.08,8067129,404072.0,432654.0,986.2,1012.8,981.3,986.2,120539250,1084.8,887.6,1102.5,649.1,1011.5,125,6,1011.4,9,1,1011.3,193,5,1011.2,1629,11,1011.1,1020,12,1011.6,140,2,1011.7,103,3,1011.8,950,7,1011.9,2171,25,1012.0,4852,23
317,2025-11-26 14:32:38+05:30,1011.5,3,1002.08,8067129,404072.0,432654.0,986.2,1012.8,981.3,986.2,120539250,1084.8,887.6,1102.5,649.1,1011.5,125,6,1011.4,9,1,1011.3,193,5,1011.2,1629,11,1011.1,1020,12,1011.6,140,2,1011.7,103,3,1011.8,950,7,1011.9,2171,25,1012.0,4852,23
317,2025-11-26 14:32:38+05:30,1011.5,7,1002.08,8067264,404811.0,432621.0,986.2,1012.8,981.3,986.2,120539250,1084.8,887.6,1102.5,649.1,1011.4,9,1,1011.3,153,3,1011.2,1418,9,1011.1,1020,12,1011.0,788,14,1011.5,12,1,1011.6,41,2,1011.7,100,3,1011.8,1248,8,1011.9,2215,25
317,2025-11-26 14:32:39+05:30,1011.5,1,1002.08,8067264,404811.0,432621.0,986.2,1012.8,981.3,986.2,120539250,1084.8,887.6,1102.5,649.1,1011.4,9,1,1011.3,153,3,1011.2,1418,9,1011.1,1020,12,1011.0,788,14,1011.5,12,1,1011.6,41,2,1011.7,100,3,1011.8,1248,8,1011.9,2215,25
317,2025-11-26 14:32:39+05:30,1011.5,1,1002.08,8067265,404835.0,432625.0,986.2,1012.8,981.3,986.2,120539250,1084.8,887.6,1102.5,649.1,1011.4,9,1,1011.3,153,3,1011.2,1418,9,1011.1,1020,12,1011.0,788,14,1011.5,11,1,1011.6,41,2,1011.7,100,3,1011.8,1248,8,1011.9,2215,25
317,2025-11-26 14:32:40+05:30,1011.5,1,1002.08,8067266,404805.0,432712.0,986.2,1012.8,981.3,986.2,120539250,1084.8,887.6,1102.5,649.1,1011.4,3,1,1011.3,153,3,1011.2,1418,9,1011.1,1020,12,1011.0,788,14,1011.5,48,2,1011.6,93,3,1011.7,65,2,1011.8,1408,10,1011.9,2215,25
317,2025-11-26 14:32:41+05:30,1011.5,2,1002.08,8067266,404805.0,432712.0,986.2,1012.8,981.3,986.2,120539250,1084.8,887.6,1102.5,649.1,1011.4,3,1,1011.3,153,3,1011.2,1418,9,1011.1,1020,12,1011.0,788,14,1011.5,48,2,1011.6,93,3,1011.7,65,2,1011.8,1408,10,1011.9,2215,25
317,2025-11-26 14:32:41+05:30,1011.5,2,1002.08,8067268,404861.0,432685.0,986.2,1012.8,981.3,986.2,120539250,1084.8,887.6,1102.5,649.1,1011.4,9,2,1011.3,153,3,1011.2,1418,9,1011.1,1020,12,1011.0,788,14,1011.5,46,2,1011.6,97,4,1011.7,65,2,1011.8,1408,10,1011.9,2215,25
317,2025-11-26 14:32:42+05:30,1011.5,2,1002.08,8067268,404918.0,432677.0,986.2,1012.8,981.3,986.2,120539250,1084.8,887.6,1102.5,649.1,1011.4,9,2,1011.3,153,3,1011.2,1418,9,1011.1,1020,12,1011.0,1301,15,1011.5,56,3,1011.6,97,4,1011.7,65,2,1011.8,1384,9,1011.9,2215,25
317,2025-11-26 14:32:43+05:30,1011.4,4,1002.08,8067268,404918.0,432677.0,986.2,1012.8,981.3,986.2,120539250,1084.8,887.6,1102.5,649.1,1011.4,9,2,1011.3,153,3,1011.2,1418,9,1011.1,1020,12,1011.0,1301,15,1011.5,56,3,1011.6,97,4,1011.7,65,2,1011.8,1384,9,1011.9,2215,25
317,2025-11-26 14:32:43+05:30,1011.4,18,1002.08,8067389,405417.0,433357.0,986.2,1012.8,981.3,986.2,120539250,1084.8,887.6,1102.5,649.1,1011.3,66,2,1011.2,1527,11,1011.1,942,12,1011.0,817,15,1010.9,1222,13,1011.4,9,2,1011.5,46,2,1011.6,57,3,1011.7,178,3,1011.8,1413,12
317,2025-11-26 14:32:44+05:30,1011.3,21,1002.08,8067389,405417.0,433357.0,986.2,1012.8,981.3,986.2,120539250,1084.8,887.6,1102.5,649.1,1011.3,66,2,1011.2,1527,11,1011.1,942,12,1011.0,817,15,1010.9,1222,13,1011.4,9,2,1011.5,46,2,1011.6,57,3,1011.7,178,3,1011.8,1413,12
317,2025-11-26 14:32:44+05:30,1011.5,3,1002.08,8067635,405543.0,433141.0,986.2,1012.8,981.3,986.2,120539250,1084.8,887.6,1102.5,649.1,1011.3,45,2,1011.2,1466,10,1011.1,1050,13,1011.0,788,14,1010.9,1248,14,1011.5,43,2,1011.6,57,3,1011.7,65,2,1011.8,1227,9,1011.9,2283,25
317,2025-11-26 14:32:45+05:30,1011.3,1,1002.08,8067635,405543.0,433141.0,986.2,1012.8,981.3,986.2,120539250,1084.8,887.6,1102.5,649.1,1011.3,45,2,1011.2,1466,10,1011.1,1050,13,1011.0,788,14,1010.9,1248,14,1011.5,43,2,1011.6,57,3,1011.7,65,2,1011.8,1227,9,1011.9,2283,25
317,2025-11-26 14:32:45+05:30,1011.5,2,1002.08,8067638,405594.0,433193.0,986.2,1012.8,981.3,986.2,120539250,1084.8,887.6,1102.5,649.1,1011.3,44,2,1011.2,1466,10,1011.1,1008,12,1011.0,808,15,1010.9,1248,14,1011.5,41,2,1011.6,75,4,1011.7,65,2,1011.8,1227,9,1011.9,2283,25
317,2025-11-26 14:32:46+05:30,1011.5,1,1002.08,8067638,405594.0,433193.0,986.2,1012.8,981.3,986.2,120539250,1084.8,887.6,1102.5,649.1,1011.3,44,2,1011.2,1466,10,1011.1,1008,12,1011.0,808,15,1010.9,1248,14,1011.5,41,2,1011.6,75,4,1011.7,65,2,1011.8,1227,9,1011.9,2283,25
317,2025-11-26 14:32:46+05:30,1011.5,1,1002.08,8067639,405818.0,433292.0,986.2,1012.8,981.3,986.2,120539250,1084.8,887.6,1102.5,649.1,1011.4,10,1,1011.3,44,2,1011.2,1466,10,1011.1,980,11,1011.0,808,15,1011.5,41,3,1011.6,75,4,1011.7,65,2,1011.8,1227,9,1011.9,2277,24
317,2025-11-26 14:32:47+05:30,1011.5,1,1002.08,8067639,405792.0,433382.0,986.2,1012.8,981.3,986.2,120539250,1084.8,887.6,1102.5,649.1,1011.4,10,1,1011.3,44,2,1011.2,1466,10,1011.1,980,11,1011.0,808,15,1011.5,98,4,1011.6,23,3,1011.7,65,2,1011.8,1354,12,1011.9,2283,25
317,2025-11-26 14:32:48+05:30,1011.5,1,1002.08,8067639,405772.0,433384.0,986.2,1012.8,981.3,986.2,120539250,1084.8,887.6,1102.5,649.1,1011.4,10,1,1011.3,44,2,1011.2,1431,9,1011.1,1015,12,1011.0,808,15,1011.5,101,6,1011.6,22,2,1011.7,65,2,1011.8,1354,12,1011.9,2283,25
317,2025-11-26 14:32:49+05:30,1011.5,10,1002.08,8067639,405772.0,433384.0,986.2,1012.8,981.3,986.2,120539250,1084.8,887.6,1102.5,649.1,1011.4,10,1,1011.3,44,2,1011.2,1431,9,1011.1,1015,12,1011.0,808,15,1011.5,101,6,1011.6,22,2,1011.7,65,2,1011.8,1354,12,1011.9,2283,25
317,2025-11-26 14:32:49+05:30,1011.5,10,1002.08,8067649,405837.0,433374.0,986.2,1012.8,981.3,986.2,120539250,1084.8,887.6,1102.5,649.1,1011.4,10,1,1011.3,44,2,1011.2,1431,9,1011.1,1015,12,1011.0,808,15,1011.5,91,6,1011.6,22,2,1011.7,65,2,1011.8,1354,12,1011.9,2283,25
317,2025-11-26 14:32:50+05:30,1011.2,1,1002.08,8067828,405138.0,433452.0,986.2,1012.8,981.3,986.2,120539250,1084.8,887.6,1102.5,649.1,1011.2,1344,7,1011.1,788,8,1011.0,863,15,1010.9,1145,14,1010.8,1291,10,1011.5,94,7,1011.6,31,4,1011.7,317,5,1011.8,1496,14,1011.9,1881,23
317,2025-11-26 14:32:51+05:30,1011.5,10,1002.08,8067828,405138.0,433452.0,986.2,1012.8,981.3,986.2,120539250,1084.8,887.6,1102.5,649.1,1011.2,1344,7,1011.1,788,8,1011.0,863,15,1010.9,1145,14,1010.8,1291,10,1011.5,94,7,1011.6,31,4,1011.7,317,5,1011.8,1496,14,1011.9,1881,23
317,2025-11-26 14:32:51+05:30,1011.5,10,1002.08,8067839,405289.0,433485.0,986.2,1012.8,981.3,986.2,120539250,1084.8,887.6,1102.5,649.1,1011.2,1393,9,1011.1,854,10,1011.0,827,14,1010.9,1174,15,1010.8,1291,10,1011.5,83,7,1011.6,25,3,1011.7,317,5,1011.8,1467,14,1011.9,1917,24
317,2025-11-26 14:32:52+05:30,1011.5,1,1002.08,8067859,405344.0,433353.0,986.2,1012.8,981.3,986.2,120539250,1084.8,887.6,1102.5,649.1,1011.3,9,1,1011.2,1420,10,1011.1,788,8,1011.0,807,13,1010.9,704,14,1011.5,102,6,1011.6,25,3,1011.7,325,6,1011.8,1467,14,1011.9,1917,24
317,2025-11-26 14:32:53+05:30,1011.5,23,1002.08,8067859,405344.0,433353.0,986.2,1012.8,981.3,986.2,120539250,1084.8,887.6,1102.5,649.1,1011.3,9,1,1011.2,1420,10,1011.1,788,8,1011.0,807,13,1010.9,704,14,1011.5,102,6,1011.6,25,3,1011.7,325,6,1011.8,1467,14,1011.9,1917,24
317,2025-11-26 14:32:53+05:30,1011.3,5,1002.08,8067896,405307.0,433374.0,986.2,1012.8,981.3,986.2,120539250,1084.8,887.6,1102.5,649.1,1011.3,4,1,1011.2,1314,8,1011.1,860,10,1011.0,743,9,1010.9,663,11,1011.5,78,7,1011.6,80,4,1011.7,461,7,1011.8,1467,14,1011.9,1917,24
317,2025-11-26 14:32:54+05:30,1011.5,10,1002.08,8067896,405307.0,433374.0,986.2,1012.8,981.3,986.2,120539250,1084.8,887.6,1102.5,649.1,1011.3,4,1,1011.2,1314,8,1011.1,860,10,1011.0,743,9,1010.9,663,11,1011.5,78,7,1011.6,80,4,1011.7,461,7,1011.8,1467,14,1011.9,1917,24
317,2025-11-26 14:32:54+05:30,1011.5,1,1002.08,8067907,405663.0,432894.0,986.2,1012.8,981.3,986.2,120539250,1084.8,887.6,1102.5,649.1,1011.4,112,1,1011.3,6,2,1011.2,1473,9,1011.1,930,10,1011.0,741,12,1011.5,29,6,1011.6,25,3,1011.7,619,7,1011.8,933,14,1011.9,1917,24
317,2025-11-26 14:32:55+05:30,1011.5,10,1002.08,8067907,405663.0,432894.0,986.2,1012.8,981.3,986.2,120539250,1084.8,887.6,1102.5,649.1,1011.4,112,1,1011.3,6,2,1011.2,1473,9,1011.1,930,10,1011.0,741,12,1011.5,29,6,1011.6,25,3,1011.7,619,7,1011.8,933,14,1011.9,1917,24
317,2025-11-26 14:32:55+05:30,1011.5,1,1002.08,8067936,405592.0,433071.0,986.2,1012.8,981.3,986.2,120539250,1084.8,887.6,1102.5,649.1,1011.4,132,3,1011.3,6,2,1011.2,1509,10,1011.1,894,9,1011.0,743,13,1011.5,70,4,1011.6,25,3,1011.7,619,7,1011.8,933,14,1011.9,1917,24
317,2025-11-26 14:32:56+05:30,1011.5,3,1002.08,8067936,405592.0,433071.0,986.2,1012.8,981.3,986.2,120539250,1084.8,887.6,1102.5,649.1,1011.4,132,3,1011.3,6,2,1011.2,1509,10,1011.1,894,9,1011.0,743,13,1011.5,70,4,1011.6,25,3,1011.7,619,7,1011.8,933,14,1011.9,1917,24
317,2025-11-26 14:32:56+05:30,1011.4,8,1002.08,8067959,405644.0,433086.0,986.2,1012.8,981.3,986.2,120539250,1084.8,887.6,1102.5,649.1,1011.4,124,3,1011.3,4,1,1011.2,1473,9,1011.1,930,10,1011.0,743,13,1011.5,54,3,1011.6,25,3,1011.7,619,7,1011.8,964,15,1011.9,1917,24
317,2025-11-26 14:32:57+05:30,1011.4,8,1002.08,8067959,405644.0,433086.0,986.2,1012.8,981.3,986.2,120539250,1084.8,887.6,1102.5,649.1,1011.4,124,3,1011.3,4,1,1011.2,1473,9,1011.1,930,10,1011.0,743,13,1011.5,54,3,1011.6,25,3,1011.7,619,7,1011.8,964,15,1011.9,1917,24
317,2025-11-26 14:32:57+05:30,1011.4,8,1002.08,8067959,405623.0,433125.0,986.2,1012.8,981.3,986.2,120539250,1084.8,887.6,1102.5,649.1,1011.4,124,3,1011.3,5,2,1011.2,1509,10,1011.1,916,10,1011.0,743,13,1011.5,54,3,1011.6,25,3,1011.7,619,7,1011.8,1008,16,1011.9,1917,24
317,2025-11-26 14:32:58+05:30,1011.4,63,1002.08,8067959,405623.0,433125.0,986.2,1012.8,981.3,986.2,120539250,1084.8,887.6,1102.5,649.1,1011.4,124,3,1011.3,5,2,1011.2,1509,10,1011.1,916,10,1011.0,743,13,1011.5,54,3,1011.6,25,3,1011.7,619,7,1011.8,1008,16,1011.9,1917,24
317,2025-11-26 14:32:58+05:30,1011.4,63,1002.08,8068022,405531.0,433123.0,986.2,1012.8,981.3,986.2,120539250,1084.8,887.6,1102.5,649.1,1011.4,61,3,1011.3,5,2,1011.2,1437,8,1011.1,966,11,1011.0,743,13,1011.5,48,3,1011.6,25,3,1011.7,619,7,1011.8,1008,16,1011.9,1917,24
317,2025-11-26 14:32:59+05:30,1011.4,11,1002.08,8068033,405550.0,433126.0,986.2,1012.8,981.3,986.2,120539250,1084.8,887.6,1102.5,649.1,1011.4,41,2,1011.3,5,2,1011.2,1437,8,1011.1,975,12,1011.0,743,13,1011.5,48,3,1011.6,25,3,1011.7,619,7,1011.8,1008,16,1011.9,1917,24
317,2025-11-26 14:33:00+05:30,1011.4,11,1002.08,8068033,405550.0,433126.0,986.2,1012.8,981.3,986.2,120539250,1084.8,887.6,1102.5,649.1,1011.4,41,2,1011.3,5,2,1011.2,1437,8,1011.1,975,12,1011.0,743,13,1011.5,48,3,1011.6,25,3,1011.7,619,7,1011.8,1008,16,1011.9,1917,24
317,2025-11-26 14:33:00+05:30,1011.5,2,1002.08,8068035,405540.0,433264.0,986.2,1012.8,981.3,986.2,120539250,1084.8,887.6,1102.5,649.1,1011.4,42,3,1011.3,5,2,1011.2,1437,8,1011.1,1010,13,1011.0,782,14,1011.5,95,4,1011.6,80,4,1011.7,619,7,1011.8,1080,18,1011.9,1881,23
317,2025-11-26 14:33:01+05:30,1011.5,1,1002.08,8068035,405540.0,433264.0,986.2,1012.8,981.3,986.2,120539250,1084.8,887.6,1102.5,649.1,1011.4,42,3,1011.3,5,2,1011.2,1437,8,1011.1,1010,13,1011.0,782,14,1011.5,95,4,1011.6,80,4,1011.7,619,7,1011.8,1080,18,1011.9,1881,23
317,2025-11-26 14:33:01+05:30,1011.5,1,1002.08,8068045,405497.0,433322.0,986.2,1012.8,981.3,986.2,120539250,1084.8,887.6,1102.5,649.1,1011.4,33,3,1011.3,5,2,1011.2,1437,8,1011.1,974,12,1011.0,815,15,1011.5,95,5,1011.6,80,4,1011.7,716,9,1011.8,1041,17,1011.9,1881,23
317,2025-11-26 14:33:02+05:30,1011.4,18,1002.08,8068045,405497.0,433322.0,986.2,1012.8,981.3,986.2,120539250,1084.8,887.6,1102.5,649.1,1011.4,33,3,1011.3,5,2,1011.2,1437,8,1011.1,974,12,1011.0,815,15,1011.5,95,5,1011.6,80,4,1011.7,716,9,1011.8,1041,17,1011.9,1881,23
317,2025-11-26 14:33:02+05:30,1011.4,18,1002.08,8068063,405484.0,433330.0,986.2,1012.8,981.3,986.2,120539250,1084.8,887.6,1102.5,649.1,1011.4,20,4,1011.3,5,2,1011.2,1437,8,1011.1,1007,13,1011.0,782,14,1011.5,95,5,1011.6,81,5,1011.7,683,8,1011.8,1074,18,1011.9,1881,23
317,2025-11-26 14:33:03+05:30,1011.5,4,1002.08,8068063,405484.0,433330.0,986.2,1012.8,981.3,986.2,120539250,1084.8,887.6,1102.5,649.1,1011.4,20,4,1011.3,5,2,1011.2,1437,8,1011.1,1007,13,1011.0,782,14,1011.5,95,5,1011.6,81,5,1011.7,683,8,1011.8,1074,18,1011.9,1881,23
317,2025-11-26 14:33:03+05:30,1011.4,2,1002.08,8068099,405609.0,433300.0,986.2,1012.8,981.3,986.2,120539250,1084.8,887.6,1102.5,649.1,1011.4,15,3,1011.3,5,2,1011.2,1437,8,1011.1,974,12,1011.0,839,16,1011.5,65,6,1011.6,81,5,1011.7,716,9,1011.8,1041,17,1011.9,1881,23
317,2025-11-26 14:33:04+05:30,1011.5,2,1002.08,8068099,405609.0,433300.0,986.2,1012.8,981.3,986.2,120539250,1084.8,887.6,1102.5,649.1,1011.4,15,3,1011.3,5,2,1011.2,1437,8,1011.1,974,12,1011.0,839,16,1011.5,65,6,1011.6,81,5,1011.7,716,9,1011.8,1041,17,1011.9,1881,23
317,2025-11-26 14:33:04+05:30,1011.5,2,1002.08,8068313,405814.0,433441.0,986.2,1012.8,981.3,986.2,120539250,1084.8,887.6,1102.5,649.1,1011.4,30,4,1011.3,4,2,1011.2,1593,11,1011.1,971,12,1011.0,782,14,1011.5,1,1,1011.6,26,4,1011.7,590,7,1011.8,998,16,1011.9,1913,23
317,2025-11-26 14:33:05+05:30,1011.4,13,1002.08,8068365,405529.0,433401.0,986.2,1012.8,981.3,986.2,120539250,1084.8,887.6,1102.5,649.1,1011.4,9,1,1011.3,4,2,1011.2,1508,9,1011.1,894,10,1011.0,815,15,1011.5,90,2,1011.6,79,5,1011.7,558,7,1011.8,921,14,1011.9,1946,24
317,2025-11-26 14:33:06+05:30,1011.5,1,1002.08,8068365,405529.0,433401.0,986.2,1012.8,981.3,986.2,120539250,1084.8,887.6,1102.5,649.1,1011.4,9,1,1011.3,4,2,1011.2,1508,9,1011.1,894,10,1011.0,815,15,1011.5,90,2,1011.6,79,5,1011.7,558,7,1011.8,921,14,1011.9,1946,24
317,2025-11-26 14:33:06+05:30,1011.5,1,1002.08,8068367,405570.0,433453.0,986.2,1012.8,981.3,986.2,120539250,1084.8,887.6,1102.5,649.1,1011.4,9,1,1011.3,4,2,1011.2,1508,9,1011.1,947,11,1011.0,815,15,1011.5,117,4,1011.6,26,4,1011.7,591,8,1011.8,980,16,1011.9,1880,22
317,2025-11-26 14:33:07+05:30,1011.5,1,1002.08,8068367,405570.0,433453.0,986.2,1012.8,981.3,986.2,120539250,1084.8,887.6,1102.5,649.1,1011.4,9,1,1011.3,4,2,1011.2,1508,9,1011.1,947,11,1011.0,815,15,1011.5,117,4,1011.6,26,4,1011.7,591,8,1011.8,980,16,1011.9,1880,22
317,2025-11-26 14:33:07+05:30,1011.5,10,1002.08,8068377,405537.0,433443.0,986.2,1012.8,981.3,986.2,120539250,1084.8,887.6,1102.5,649.1,1011.4,9,1,1011.3,4,2,1011.2,1508,9,1011.1,947,11,1011.0,815,15,1011.5,107,4,1011.6,26,4,1011.7,591,8,1011.8,980,16,1011.9,1880,22
317,2025-11-26 14:33:08+05:30,1011.5,1,1002.08,8068377,405537.0,433443.0,986.2,1012.8,981.3,986.2,120539250,1084.8,887.6,1102.5,649.1,1011.4,9,1,1011.3,4,2,1011.2,1508,9,1011.1,947,11,1011.0,815,15,1011.5,107,4,1011.6,26,4,1011.7,591,8,1011.8,980,16,1011.9,1880,22
317,2025-11-26 14:33:08+05:30,1011.3,1,1002.08,8068458,405613.0,433212.0,986.2,1012.8,981.3,986.2,120539250,1084.8,887.6,1102.5,649.1,1011.4,9,1,1011.3,3,2,1011.2,1571,11,1011.1,914,10,1011.0,1283,16,1011.5,106,4,1011.6,26,4,1011.7,493,6,1011.8,914,13,1011.9,1946,24
317,2025-11-26 14:33:09+05:30,1011.3,1,1002.08,8068458,405613.0,433212.0,986.2,1012.8,981.3,986.2,120539250,1084.8,887.6,1102.5,649.1,1011.4,9,1,1011.3,3,2,1011.2,1571,11,1011.1,914,10,1011.0,1283,16,1011.5,106,4,1011.6,26,4,1011.7,493,6,1011.8,914,13,1011.9,1946,24
317,2025-11-26 14:33:09+05:30,1011.5,1,1002.08,8068459,405650.0,433245.0,986.2,1012.8,981.3,986.2,120539250,1084.8,887.6,1102.5,649.1,1011.4,9,1,1011.3,3,2,1011.2,1538,10,1011.1,947,11,1011.0,808,15,1011.5,105,4,1011.6,26,4,1011.7,493,6,1011.8,943,14,1011.9,1946,24
317,2025-11-26 14:33:10+05:30,1011.5,10,1002.08,8068459,405650.0,433245.0,986.2,1012.8,981.3,986.2,120539250,1084.8,887.6,1102.5,649.1,1011.4,9,1,1011.3,3,2,1011.2,1538,10,1011.1,947,11,1011.0,808,15,1011.5,105,4,1011.6,26,4,1011.7,493,6,1011.8,943,14,1011.9,1946,24
317,2025-11-26 14:33:10+05:30,1011.5,1,1002.08,8068490,405729.0,433361.0,986.2,1012.8,981.3,986.2,120539250,1084.8,887.6,1102.5,649.1,1011.4,9,1,1011.3,1220,5,1011.2,395,8,1011.1,947,11,1011.0,834,17,1011.5,74,4,1011.6,26,4,1011.7,76,4,1011.8,1017,13,1011.9,2244,25
317,2025-11-26 14:33:11+05:30,1011.7,3,1002.08,8068490,405729.0,433361.0,986.2,1012.8,981.3,986.2,120539250,1084.8,887.6,1102.5,649.1,1011.4,9,1,1011.3,1220,5,1011.2,395,8,1011.1,947,11,1011.0,834,17,1011.5,74,4,1011.6,26,4,1011.7,76,4,1011.8,1017,13,1011.9,2244,25
317,2025-11-26 14:33:11+05:30,1011.7,3,1002.08,8068993,405483.0,430992.0,986.2,1012.8,981.3,986.2,120539250,1084.8,887.6,1102.5,649.1,1011.5,9,3,1011.4,9,1,1011.3,1220,5,1011.2,490,8,1011.1,971,13,1011.7,12,2,1011.8,649,12,1011.9,2176,24,1012.0,5123,30,1012.1,2303,18
317,2025-11-26 14:33:12+05:30,1011.7,3,1002.08,8068993,405466.0,431011.0,986.2,1012.8,981.3,986.2,120539250,1084.8,887.6,1102.5,649.1,1011.5,34,5,1011.4,9,1,1011.3,1354,6,1011.2,474,7,1011.1,971,13,1011.7,12,2,1011.8,568,10,1011.9,2207,25,1012.0,5123,30,1012.1,2303,18
317,2025-11-26 14:33:13+05:30,1011.7,1,1002.08,8068993,405466.0,431011.0,986.2,1012.8,981.3,986.2,120539250,1084.8,887.6,1102.5,649.1,1011.5,34,5,1011.4,9,1,1011.3,1354,6,1011.2,474,7,1011.1,971,13,1011.7,12,2,1011.8,568,10,1011.9,2207,25,1012.0,5123,30,1012.1,2303,18
317,2025-11-26 14:33:13+05:30,1011.5,2,1002.08,8069120,405743.0,431007.0,986.2,1012.8,981.3,986.2,120539250,1084.8,887.6,1102.5,649.1,1011.5,16,2,1011.4,9,1,1011.3,1272,6,1011.2,500,9,1011.1,958,12,1011.7,12,2,1011.8,555,9,1011.9,2107,19,1012.0,4398,33,1012.1,3053,19
317,2025-11-26 14:33:14+05:30,1011.5,2,1002.08,8069120,405743.0,431007.0,986.2,1012.8,981.3,986.2,120539250,1084.8,887.6,1102.5,649.1,1011.5,16,2,1011.4,9,1,1011.3,1272,6,1011.2,500,9,1011.1,958,12,1011.7,12,2,1011.8,555,9,1011.9,2107,19,1012.0,4398,33,1012.1,3053,19
317,2025-11-26 14:33:14+05:30,1011.7,2,1002.08,8069122,405742.0,431598.0,986.2,1012.8,981.3,986.2,120539250,1084.8,887.6,1102.5,649.1,1011.5,16,2,1011.4,9,1,1011.3,1272,6,1011.2,500,9,1011.1,958,12,1011.7,151,4,1011.8,592,9,1011.9,2144,20,1012.0,4288,32,1012.1,3055,20
317,2025-11-26 14:33:15+05:30,1011.7,8,1002.08,8069122,405742.0,431598.0,986.2,1012.8,981.3,986.2,120539250,1084.8,887.6,1102.5,649.1,1011.5,16,2,1011.4,9,1,1011.3,1272,6,1011.2,500,9,1011.1,958,12,1011.7,151,4,1011.8,592,9,1011.9,2144,20,1012.0,4288,32,1012.1,3055,20
317,2025-11-26 14:33:15+05:30,1011.7,2,1002.08,8069134,406627.0,430103.0,986.2,1012.8,981.3,986.2,120539250,1084.8,887.6,1102.5,649.1,1011.6,116,3,1011.5,15,2,1011.4,345,3,1011.3,1684,9,1011.2,607,10,1011.7,121,3,1011.8,180,7,1011.9,1975,17,1012.0,4209,27,1012.1,2341,22
317,2025-11-26 14:33:16+05:30,1011.7,1,1002.08,8069134,406627.0,430103.0,986.2,1012.8,981.3,986.2,120539250,1084.8,887.6,1102.5,649.1,1011.6,116,3,1011.5,15,2,1011.4,345,3,1011.3,1684,9,1011.2,607,10,1011.7,121,3,1011.8,180,7,1011.9,1975,17,1012.0,4209,27,1012.1,2341,22
317,2025-11-26 14:33:17+05:30,1011.7,10,1002.08,8069445,406285.0,431254.0,986.2,1012.8,981.3,986.2,120539250,1084.8,887.6,1102.5,649.1,1011.4,117,2,1011.3,1594,8,1011.2,635,11,1011.1,940,12,1011.0,1364,15,1011.7,112,4,1011.8,497,7,1011.9,2430,18,1012.0,4117,27,1012.1,2346,21
317,2025-11-26 14:33:18+05:30,1011.7,7,1002.08,8069445,406285.0,431254.0,986.2,1012.8,981.3,986.2,120539250,1084.8,887.6,1102.5,649.1,1011.4,117,2,1011.3,1594,8,1011.2,635,11,1011.1,940,12,1011.0,1364,15,1011.7,112,4,1011.8,497,7,1011.9,2430,18,1012.0,4117,27,1012.1,2346,21
317,2025-11-26 14:33:18+05:30,1011.7,7,1002.08,8069509,406557.0,431063.0,986.2,1012.8,981.3,986.2,120539250,1084.8,887.6,1102.5,649.1,1011.5,100,1,1011.4,110,3,1011.3,1824,11,1011.2,605,11,1011.1,914,10,1011.7,87,3,1011.8,591,6,1011.9,1898,13,1012.0,4348,25,1012.1,2372,23
317,2025-11-26 14:33:19+05:30,1011.4,1,1002.08,8069509,406557.0,431063.0,986.2,1012.8,981.3,986.2,120539250,1084.8,887.6,1102.5,649.1,1011.5,100,1,1011.4,110,3,1011.3,1824,11,1011.2,605,11,1011.1,914,10,1011.7,87,3,1011.8,591,6,1011.9,1898,13,1012.0,4348,25,1012.1,2372,23
317,2025-11-26 14:33:19+05:30,1011.4,1,1002.08,8069680,406533.0,431170.0,986.2,1012.8,981.3,986.2,120539250,1084.8,887.6,1102.5,649.1,1011.4,145,2,1011.3,1690,10,1011.2,636,12,1011.1,914,10,1011.0,1293,18,1011.7,87,3,1011.8,591,6,1011.9,2246,15,1012.0,4142,27,1012.1,2346,21
317,2025-11-26 14:33:20+05:30,1011.7,1,1002.08,8069681,406609.0,431181.0,986.2,1012.8,981.3,986.2,120539250,1084.8,887.6,1102.5,649.1,1011.4,193,3,1011.3,1857,12,1011.2,605,11,1011.1,914,10,1011.0,1319,19,1011.7,86,3,1011.8,591,6,1011.9,2246,15,1012.0,4142,27,1012.1,2346,21
317,2025-11-26 14:33:21+05:30,1011.7,1,1002.08,8069681,406609.0,431181.0,986.2,1012.8,981.3,986.2,120539250,1084.8,887.6,1102.5,649.1,1011.4,193,3,1011.3,1857,12,1011.2,605,11,1011.1,914,10,1011.0,1319,19,1011.7,86,3,1011.8,591,6,1011.9,2246,15,1012.0,4142,27,1012.1,2346,21
317,2025-11-26 14:33:21+05:30,1011.7,1,1002.08,8069682,406620.0,430997.0,986.2,1012.8,981.3,986.2,120539250,1084.8,887.6,1102.5,649.1,1011.4,193,3,1011.3,1723,11,1011.2,592,10,1011.1,1445,11,1011.0,841,18,1011.7,85,3,1011.8,591,6,1011.9,2246,15,1012.0,4142,27,1012.1,2346,21
317,2025-11-26 14:33:22+05:30,1011.7,1,1002.08,8069682,406620.0,431104.0,986.2,1012.8,981.3,986.2,120539250,1084.8,887.6,1102.5,649.1,1011.4,193,3,1011.3,1857,12,1011.2,592,10,1011.1,1445,11,1011.0,841,18,1011.7,95,4,1011.8,591,6,1011.9,2246,15,1012.0,4142,27,1012.1,2346,21
317,2025-11-26 14:33:23+05:30,1011.4,2,1002.08,8069682,406620.0,431104.0,986.2,1012.8,981.3,986.2,120539250,1084.8,887.6,1102.5,649.1,1011.4,193,3,1011.3,1857,12,1011.2,592,10,1011.1,1445,11,1011.0,841,18,1011.7,95,4,1011.8,591,6,1011.9,2246,15,1012.0,4142,27,1012.1,2346,21
317,2025-11-26 14:33:23+05:30,1011.4,5,1002.08,8069748,406657.0,430964.0,986.2,1012.8,981.3,986.2,120539250,1084.8,887.6,1102.5,649.1,1011.4,139,2,1011.3,1857,12,1011.2,592,10,1011.1,914,10,1011.0,841,18,1011.7,44,4,1011.8,591,6,1011.9,2246,15,1012.0,4111,26,1012.1,2379,22
317,2025-11-26 14:33:24+05:30,1011.7,1,1002.08,8069748,406657.0,430964.0,986.2,1012.8,981.3,986.2,120539250,1084.8,887.6,1102.5,649.1,1011.4,139,2,1011.3,1857,12,1011.2,592,10,1011.1,914,10,1011.0,841,18,1011.7,44,4,1011.8,591,6,1011.9,2246,15,1012.0,4111,26,1012.1,2379,22
317,2025-11-26 14:33:24+05:30,1011.7,1,1002.08,8069826,407126.0,430226.0,986.2,1012.8,981.3,986.2,120539250,1084.8,887.6,1102.5,649.1,1011.7,16,1,1011.6,9,1,1011.5,14,2,1011.4,443,4,1011.3,1677,8,1011.8,58,6,1011.9,1355,11,1012.0,4803,26,1012.1,2254,20,1012.2,1835,21
317,2025-11-26 14:33:25+05:30,1011.8,11,1002.08,8069853,407971.0,430512.0,986.2,1012.8,981.3,986.2,120539250,1084.8,887.6,1102.5,649.1,1011.7,66,2,1011.6,9,1,1011.5,264,4,1011.4,1313,8,1011.3,1838,10,1011.8,33,2,1011.9,1188,9,1012.0,4856,28,1012.1,2198,19,1012.2,1848,22
317,2025-11-26 14:33:26+05:30,1011.8,2,1002.08,8069853,407971.0,430512.0,986.2,1012.8,981.3,986.2,120539250,1084.8,887.6,1102.5,649.1,1011.7,66,2,1011.6,9,1,1011.5,264,4,1011.4,1313,8,1011.3,1838,10,1011.8,33,2,1011.9,1188,9,1012.0,4856,28,1012.1,2198,19,1012.2,1848,22
317,2025-11-26 14:33:26+05:30,1011.8,2,1002.08,8069855,407862.0,430260.0,986.2,1012.8,981.3,986.2,120539250,1084.8,887.6,1102.5,649.1,1011.7,66,2,1011.6,9,1,1011.5,264,4,1011.4,759,8,1011.3,1838,10,1011.8,32,3,1011.9,1221,10,1012.0,4827,28,1012.1,2223,20,1012.2,1848,22
317,2025-11-26 14:33:27+05:30,1011.8,2,1002.08,8069855,407963.0,429733.0,986.2,1012.8,981.3,986.2,120539250,1084.8,887.6,1102.5,649.1,1011.7,73,3,1011.6,9,1,1011.5,264,4,1011.4,795,9,1011.3,1875,11,1011.8,34,4,1011.9,1188,9,1012.0,4860,29,1012.1,2223,20,1012.2,1848,22
317,2025-11-26 14:33:28+05:30,1011.8,6,1002.08,8069855,407963.0,429733.0,986.2,1012.8,981.3,986.2,120539250,1084.8,887.6,1102.5,649.1,1011.7,73,3,1011.6,9,1,1011.5,264,4,1011.4,795,9,1011.3,1875,11,1011.8,34,4,1011.9,1188,9,1012.0,4860,29,1012.1,2223,20,1012.2,1848,22
317,2025-11-26 14:33:28+05:30,1011.7,20,1002.08,8070328,407260.0,429322.0,986.2,1012.8,981.3,986.2,120539250,1084.8,887.6,1102.5,649.1,1011.7,8,1,1011.6,9,1,1011.5,62,3,1011.4,824,10,1011.3,1908,12,1011.8,39,2,1011.9,1160,9,1012.0,4611,23,1012.1,2253,22,1012.2,1804,18
317,2025-11-26 14:33:29+05:30,1011.7,20,1002.08,8070328,407260.0,429322.0,986.2,1012.8,981.3,986.2,120539250,1084.8,887.6,1102.5,649.1,1011.7,8,1,1011.6,9,1,1011.5,62,3,1011.4,824,10,1011.3,1908,12,1011.8,39,2,1011.9,1160,9,1012.0,4611,23,1012.1,2253,22,1012.2,1804,18
317,2025-11-26 14:33:29+05:30,1011.7,20,1002.08,8070328,407204.0,429713.0,986.2,1012.8,981.3,986.2,120539250,1084.8,887.6,1102.5,649.1,1011.6,14,2,1011.5,14,2,1011.4,760,9,1011.3,1972,13,1011.2,490,7,1011.8,39,2,1011.9,1160,9,1012.0,4889,28,1012.1,2224,21,1012.2,1806,18
317,2025-11-26 14:33:30+05:30,1011.8,20,1002.08,8070400,407379.0,429643.0,986.2,1012.8,981.3,986.2,120539250,1084.8,887.6,1102.5,649.1,1011.6,63,4,1011.5,294,5,1011.4,872,11,1011.3,1960,13,1011.2,491,8,1011.8,3,1,1011.9,1092,8,1012.0,4605,23,1012.1,1944,15,1012.2,1870,21
317,2025-11-26 14:33:31+05:30,1011.8,1,1002.08,8070400,407379.0,429643.0,986.2,1012.8,981.3,986.2,120539250,1084.8,887.6,1102.5,649.1,1011.6,63,4,1011.5,294,5,1011.4,872,11,1011.3,1960,13,1011.2,491,8,1011.8,3,1,1011.9,1092,8,1012.0,4605,23,1012.1,1944,15,1012.2,1870,21
317,2025-11-26 14:33:31+05:30,1011.8,1,1002.08,8070411,407368.0,429260.0,986.2,1012.8,981.3,986.2,120539250,1084.8,887.6,1102.5,649.1,1011.6,28,4,1011.5,264,4,1011.4,902,12,1011.3,1960,13,1011.2,491,8,1011.8,2,2,1011.9,1092,8,1012.0,4631,24,1012.1,2033,18,1012.2,1844,19
317,2025-11-26 14:33:32+05:30,1011.8,1,1002.08,8070411,407368.0,429260.0,986.2,1012.8,981.3,986.2,120539250,1084.8,887.6,1102.5,649.1,1011.6,28,4,1011.5,264,4,1011.4,902,12,1011.3,1960,13,1011.2,491,8,1011.8,2,2,1011.9,1092,8,1012.0,4631,24,1012.1,2033,18,1012.2,1844,19
317,2025-11-26 14:33:32+05:30,1011.8,5,1002.08,8070420,407184.0,429989.0,986.2,1012.8,981.3,986.2,120539250,1084.8,887.6,1102.5,649.1,1011.6,16,3,1011.5,61,3,1011.4,710,8,1011.3,1910,14,1011.2,1058,10,1011.8,9,2,1011.9,1160,9,1012.0,4865,28,1012.1,2007,16,1012.2,1840,20
317,2025-11-26 14:33:33+05:30,1011.8,5,1002.08,8070420,407184.0,429989.0,986.2,1012.8,981.3,986.2,120539250,1084.8,887.6,1102.5,649.1,1011.6,16,3,1011.5,61,3,1011.4,710,8,1011.3,1910,14,1011.2,1058,10,1011.8,9,2,1011.9,1160,9,1012.0,4865,28,1012.1,2007,16,1012.2,1840,20
317,2025-11-26 14:33:33+05:30,1011.6,2,1002.08,8070448,407330.0,429979.0,986.2,1012.8,981.3,986.2,120539250,1084.8,887.6,1102.5,649.1,1011.6,13,3,1011.5,14,2,1011.4,796,10,1011.3,1843,12,1011.2,557,8,1011.8,8,1,1011.9,1656,9,1012.0,4696,26,1012.1,2049,17,1012.2,1870,21
317,2025-11-26 14:33:34+05:30,1011.6,2,1002.08,8070448,407330.0,429979.0,986.2,1012.8,981.3,986.2,120539250,1084.8,887.6,1102.5,649.1,1011.6,13,3,1011.5,14,2,1011.4,796,10,1011.3,1843,12,1011.2,557,8,1011.8,8,1,1011.9,1656,9,1012.0,4696,26,1012.1,2049,17,1012.2,1870,21
317,2025-11-26 14:33:34+05:30,1011.6,2,1002.08,8070448,407949.0,429537.0,986.2,1012.8,981.3,986.2,120539250,1084.8,887.6,1102.5,649.1,1011.7,1,1,1011.6,13,3,1011.5,14,2,1011.4,736,8,1011.3,1903,14,1011.8,23,2,1011.9,1161,10,1012.0,4860,28,1012.1,2096,20,1012.2,1814,18
317,2025-11-26 14:33:35+05:30,1011.8,42,1002.08,8070448,407949.0,429537.0,986.2,1012.8,981.3,986.2,120539250,1084.8,887.6,1102.5,649.1,1011.7,1,1,1011.6,13,3,1011.5,14,2,1011.4,736,8,1011.3,1903,14,1011.8,23,2,1011.9,1161,10,1012.0,4860,28,1012.1,2096,20,1012.2,1814,18
317,2025-11-26 14:33:35+05:30,1011.9,2,1002.08,8070517,408048.0,429666.0,986.2,1012.8,981.3,986.2,120539250,1084.8,887.6,1102.5,649.1,1011.8,48,2,1011.7,1,1,1011.6,13,3,1011.5,216,3,1011.4,843,9,1011.9,1157,10,1012.0,4716,26,1012.1,2105,20,1012.2,1826,18,1012.3,1838,20
317,2025-11-26 14:33:36+05:30,1011.9,2,1002.08,8070517,408048.0,429666.0,986.2,1012.8,981.3,986.2,120539250,1084.8,887.6,1102.5,649.1,1011.8,48,2,1011.7,1,1,1011.6,13,3,1011.5,216,3,1011.4,843,9,1011.9,1157,10,1012.0,4716,26,1012.1,2105,20,1012.2,1826,18,1012.3,1838,20
317,2025-11-26 14:33:36+05:30,1011.9,2,1002.08,8070517,407767.0,429261.0,986.2,1012.8,981.3,986.2,120539250,1084.8,887.6,1102.5,649.1,1011.8,69,4,1011.7,10,2,1011.6,2,2,1011.5,216,3,1011.4,757,8,1011.9,1157,10,1012.0,4666,25,1012.1,2078,18,1012.2,1852,20,1012.3,1838,20
317,2025-11-26 14:33:37+05:30,1011.7,15,1002.08,8070602,407303.0,428831.0,986.2,1012.8,981.3,986.2,120539250,1084.8,887.6,1102.5,649.1,1011.7,9,1,1011.6,11,3,1011.5,5,1,1011.4,695,7,1011.3,1811,11,1011.9,1157,10,1012.0,4712,26,1012.1,2075,18,1012.2,1855,20,1012.3,1838,20
317,2025-11-26 14:33:38+05:30,1011.7,15,1002.08,8070602,407303.0,428831.0,986.2,1012.8,981.3,986.2,120539250,1084.8,887.6,1102.5,649.1,1011.7,9,1,1011.6,11,3,1011.5,5,1,1011.4,695,7,1011.3,1811,11,1011.9,1157,10,1012.0,4712,26,1012.1,2075,18,1012.2,1855,20,1012.3,1838,20
317,2025-11-26 14:33:38+05:30,1011.7,15,1002.08,8070602,407616.0,429288.0,986.2,1012.8,981.3,986.2,120539250,1084.8,887.6,1102.5,649.1,1011.8,1,1,1011.7,9,1,1011.6,10,2,1011.5,5,1,1011.4,756,8,1011.9,1089,9,1012.0,4555,25,1012.1,2104,20,1012.2,1799,17,1012.3,1838,20
317,2025-11-26 14:33:39+05:30,1011.9,1,1002.08,8070602,407616.0,429288.0,986.2,1012.8,981.3,986.2,120539250,1084.8,887.6,1102.5,649.1,1011.8,1,1,1011.7,9,1,1011.6,10,2,1011.5,5,1,1011.4,756,8,1011.9,1089,9,1012.0,4555,25,1012.1,2104,20,1012.2,1799,17,1012.3,1838,20
317,2025-11-26 14:33:39+05:30,1011.9,1,1002.08,8070612,407811.0,429062.0,986.2,1012.8,981.3,986.2,120539250,1084.8,887.6,1102.5,649.1,1011.8,1,1,1011.7,9,1,1011.6,10,2,1011.5,207,2,1011.4,756,8,1011.9,1147,9,1012.0,4808,29,1012.1,2074,19,1012.2,1824,18,1012.3,1838,20
317,2025-11-26 14:33:40+05:30,1011.9,2,1002.08,8070615,407832.0,429056.0,986.2,1012.8,981.3,986.2,120539250,1084.8,887.6,1102.5,649.1,1011.8,11,2,1011.7,9,1,1011.6,10,2,1011.5,256,3,1011.4,798,9,1011.9,1144,9,1012.0,4778,28,1012.1,2101,20,1012.2,1824,18,1012.3,1838,20
317,2025-11-26 14:33:41+05:30,1011.9,2,1002.08,8070615,407832.0,429056.0,986.2,1012.8,981.3,986.2,120539250,1084.8,887.6,1102.5,649.1,1011.8,11,2,1011.7,9,1,1011.6,10,2,1011.5,256,3,1011.4,798,9,1011.9,1144,9,1012.0,4778,28,1012.1,2101,20,1012.2,1824,18,1012.3,1838,20
317,2025-11-26 14:33:41+05:30,1011.9,9,1002.08,8070624,407822.0,429628.0,986.2,1012.8,981.3,986.2,120539250,1084.8,887.6,1102.5,649.1,1011.8,11,2,1011.7,9,1,1011.6,10,2,1011.5,256,3,1011.4,1369,10,1011.9,1135,9,1012.0,4778,28,1012.1,2101,20,1012.2,1824,18,1012.3,1838,20
317,2025-11-26 14:33:42+05:30,1011.9,9,1002.08,8070624,407822.0,429628.0,986.2,1012.8,981.3,986.2,120539250,1084.8,887.6,1102.5,649.1,1011.8,11,2,1011.7,9,1,1011.6,10,2,1011.5,256,3,1011.4,1369,10,1011.9,1135,9,1012.0,4778,28,1012.1,2101,20,1012.2,1824,18,1012.3,1838,20
317,2025-11-26 14:33:42+05:30,1011.9,23,1002.08,8070667,407907.0,429219.0,986.2,1012.8,981.3,986.2,120539250,1084.8,887.6,1102.5,649.1,1011.8,11,2,1011.7,9,1,1011.6,10,2,1011.5,256,3,1011.4,832,10,1011.9,1025,8,1012.0,4619,26,1012.1,1981,16,1012.2,1804,18,1012.3,1864,22
317,2025-11-26 14:33:43+05:30,1011.9,23,1002.08,8070667,407907.0,429219.0,986.2,1012.8,981.3,986.2,120539250,1084.8,887.6,1102.5,649.1,1011.8,11,2,1011.7,9,1,1011.6,10,2,1011.5,256,3,1011.4,832,10,1011.9,1025,8,1012.0,4619,26,1012.1,1981,16,1012.2,1804,18,1012.3,1864,22
317,2025-11-26 14:33:43+05:30,1011.8,4,1002.08,8070681,407983.0,429034.0,986.2,1012.8,981.3,986.2,120539250,1084.8,887.6,1102.5,649.1,1011.7,9,1,1011.6,10,2,1011.5,493,6,1011.4,859,11,1011.3,1781,10,1011.8,104,2,1011.9,966,7,1012.0,4555,25,1012.1,1988,17,1012.2,1774,18
317,2025-11-26 14:33:44+05:30,1011.8,1,1002.08,8070681,407983.0,429034.0,986.2,1012.8,981.3,986.2,120539250,1084.8,887.6,1102.5,649.1,1011.7,9,1,1011.6,10,2,1011.5,493,6,1011.4,859,11,1011.3,1781,10,1011.8,104,2,1011.9,966,7,1012.0,4555,25,1012.1,1988,17,1012.2,1774,18
317,2025-11-26 14:33:44+05:30,1011.8,7,1002.08,8071203,407792.0,429159.0,986.2,1012.8,981.3,986.2,120539250,1084.8,887.6,1102.5,649.1,1011.7,15,2,1011.6,54,3,1011.5,434,5,1011.4,1338,11,1011.3,1837,12,1011.8,1,1,1011.9,966,7,1012.0,4532,25,1012.1,1909,14,1012.2,1802,18
317,2025-11-26 14:33:45+05:30,1011.7,4,1002.08,8071203,407792.0,429159.0,986.2,1012.8,981.3,986.2,120539250,1084.8,887.6,1102.5,649.1,1011.7,15,2,1011.6,54,3,1011.5,434,5,1011.4,1338,11,1011.3,1837,12,1011.8,1,1,1011.9,966,7,1012.0,4532,25,1012.1,1909,14,1012.2,1802,18
317,2025-11-26 14:33:45+05:30,1011.8,1,1002.08,8071223,407529.0,429274.0,986.2,1012.8,981.3,986.2,120539250,1084.8,887.6,1102.5,649.1,1011.7,8,2,1011.6,9,1,1011.5,399,5,1011.4,656,11,1011.3,1810,11,1011.8,7,1,1011.9,966,7,1012.0,4532,25,1012.1,1968,14,1012.2,1837,22
317,2025-11-26 14:33:46+05:30,1011.8,1,1002.08,8071223,407529.0,429274.0,986.2,1012.8,981.3,986.2,120539250,1084.8,887.6,1102.5,649.1,1011.7,8,2,1011.6,9,1,1011.5,399,5,1011.4,656,11,1011.3,1810,11,1011.8,7,1,1011.9,966,7,1012.0,4532,25,1012.1,1968,14,1012.2,1837,22
317,2025-11-26 14:33:46+05:30,1011.8,1,1002.08,8071224,407554.0,428672.0,986.2,1012.8,981.3,986.2,120539250,1084.8,887.6,1102.5,649.1,1011.7,8,2,1011.6,10,2,1011.5,443,6,1011.4,628,9,1011.3,1837,12,1011.8,7,2,1011.9,966,7,1012.0,4532,25,1012.1,2081,17,1012.2,1783,20
317,2025-11-26 14:33:47+05:30,1011.8,1,1002.08,8071224,407554.0,428672.0,986.2,1012.8,981.3,986.2,120539250,1084.8,887.6,1102.5,649.1,1011.7,8,2,1011.6,10,2,1011.5,443,6,1011.4,628,9,1011.3,1837,12,1011.8,7,2,1011.9,966,7,1012.0,4532,25,1012.1,2081,17,1012.2,1783,20
317,2025-11-26 14:33:47+05:30,1011.8,1,1002.08,8071224,407894.0,428639.0,986.2,1012.8,981.3,986.2,120539250,1084.8,887.6,1102.5,649.1,1011.7,8,2,1011.6,10,2,1011.5,443,6,1011.4,628,9,1011.3,1837,12,1011.8,8,3,1011.9,966,7,1012.0,4586,27,1012.1,2027,15,1012.2,1783,20
317,2025-11-26 14:33:48+05:30,1011.8,2,1002.08,8071234,407927.0,428697.0,986.2,1012.8,981.3,986.2,120539250,1084.8,887.6,1102.5,649.1,1011.7,8,2,1011.6,10,2,1011.5,443,6,1011.4,628,9,1011.3,1837,12,1011.8,8,3,1011.9,966,7,1012.0,4590,26,1012.1,2081,17,1012.2,1783,20
317,2025-11-26 14:33:49+05:30,1011.8,2,1002.08,8071234,407927.0,428697.0,986.2,1012.8,981.3,986.2,120539250,1084.8,887.6,1102.5,649.1,1011.7,8,2,1011.6,10,2,1011.5,443,6,1011.4,628,9,1011.3,1837,12,1011.8,8,3,1011.9,966,7,1012.0,4590,26,1012.1,2081,17,1012.2,1783,20
317,2025-11-26 14:33:49+05:30,1011.8,2,1002.08,8071234,407867.0,428697.0,986.2,1012.8,981.3,986.2,120539250,1084.8,887.6,1102.5,649.1,1011.7,8,2,1011.6,10,2,1011.5,443,6,1011.4,628,9,1011.3,1837,12,1011.8,8,3,1011.9,966,7,1012.0,4590,26,1012.1,2081,17,1012.2,1783,20
317,2025-11-26 14:33:50+05:30,1011.8,1,1002.08,8071268,407615.0,428875.0,986.2,1012.8,981.3,986.2,120539250,1084.8,887.6,1102.5,649.1,1011.7,9,1,1011.6,10,2,1011.5,107,4,1011.4,628,9,1011.3,1810,11,1011.8,2,2,1011.9,1035,8,1012.0,4839,28,1012.1,2081,17,1012.2,1783,20
317,2025-11-26 14:33:51+05:30,1011.8,1,1002.08,8071268,407615.0,428875.0,986.2,1012.8,981.3,986.2,120539250,1084.8,887.6,1102.5,649.1,1011.7,9,1,1011.6,10,2,1011.5,107,4,1011.4,628,9,1011.3,1810,11,1011.8,2,2,1011.9,1035,8,1012.0,4839,28,1012.1,2081,17,1012.2,1783,20
317,2025-11-26 14:33:51+05:30,1011.8,1,1002.08,8071268,407709.0,429031.0,986.2,1012.8,981.3,986.2,120539250,1084.8,887.6,1102.5,649.1,1011.7,15,2,1011.6,10,2,1011.5,107,4,1011.4,652,10,1011.3,1810,11,1011.8,2,2,1011.9,1035,8,1012.0,4839,28,1012.1,2054,16,1012.2,1807,21
317,2025-11-26 14:33:52+05:30,1011.8,1,1002.08,8071299,407257.0,429540.0,986.2,1012.8,981.3,986.2,120539250,1084.8,887.6,1102.5,649.1,1011.7,15,2,1011.6,10,2,1011.5,106,4,1011.4,1126,10,1011.3,1810,11,1011.8,4,1,1011.9,1006,8,1012.0,4610,26,1012.1,1983,14,1012.2,1806,21
317,2025-11-26 14:33:53+05:30,1011.8,10,1002.08,8071299,407257.0,429540.0,986.2,1012.8,981.3,986.2,120539250,1084.8,887.6,1102.5,649.1,1011.7,15,2,1011.6,10,2,1011.5,106,4,1011.4,1126,10,1011.3,1810,11,1011.8,4,1,1011.9,1006,8,1012.0,4610,26,1012.1,1983,14,1012.2,1806,21
317,2025-11-26 14:33:53+05:30,1011.8,10,1002.08,8071319,407377.0,429875.0,986.2,1012.8,981.3,986.2,120539250,1084.8,887.6,1102.5,649.1,1011.7,15,2,1011.6,10,2,1011.5,240,5,1011.4,650,10,1011.3,1810,11,1011.8,8,1,1011.9,1006,8,1012.0,4610,26,1012.1,2011,15,1012.2,1806,21
317,2025-11-26 14:33:54+05:30,1011.8,29,1002.08,8071319,407377.0,429875.0,986.2,1012.8,981.3,986.2,120539250,1084.8,887.6,1102.5,649.1,1011.7,15,2,1011.6,10,2,1011.5,240,5,1011.4,650,10,1011.3,1810,11,1011.8,8,1,1011.9,1006,8,1012.0,4610,26,1012.1,2011,15,1012.2,1806,21
317,2025-11-26 14:33:54+05:30,1011.8,29,1002.08,8071348,410649.0,429747.0,986.2,1012.8,981.3,986.2,120539250,1084.8,887.6,1102.5,649.1,1011.8,83,1,1011.7,19,3,1011.6,10,2,1011.5,240,5,1011.4,1138,10,1011.9,1075,9,1012.0,4791,29,1012.1,2025,15,1012.2,1806,21,1012.3,2588,21
317,2025-11-26 14:33:55+05:30,1011.9,2,1002.08,8071380,410642.0,428642.0,986.2,1012.8,981.3,986.2,120539250,1084.8,887.6,1102.5,649.1,1011.8,101,4,1011.7,13,2,1011.6,10,2,1011.5,240,5,1011.4,626,9,1011.9,974,8,1012.0,4553,25,1012.1,2025,15,1012.2,1804,20,1012.3,1864,22
317,2025-11-26 14:33:56+05:30,1011.9,2,1002.08,8071380,410642.0,428642.0,986.2,1012.8,981.3,986.2,120539250,1084.8,887.6,1102.5,649.1,1011.8,101,4,1011.7,13,2,1011.6,10,2,1011.5,240,5,1011.4,626,9,1011.9,974,8,1012.0,4553,25,1012.1,2025,15,1012.2,1804,20,1012.3,1864,22
317,2025-11-26 14:33:56+05:30,1011.8,15,1002.08,8071395,410788.0,429125.0,986.2,1012.8,981.3,986.2,120539250,1084.8,887.6,1102.5,649.1,1011.8,86,4,1011.7,13,2,1011.6,10,2,1011.5,340,6,1011.4,626,9,1011.9,974,8,1012.0,4553,25,1012.1,2025,15,1012.2,1804,20,1012.3,1864,22
317,2025-11-26 14:33:57+05:30,1011.9,1,1002.08,8071395,410788.0,429125.0,986.2,1012.8,981.3,986.2,120539250,1084.8,887.6,1102.5,649.1,1011.8,86,4,1011.7,13,2,1011.6,10,2,1011.5,340,6,1011.4,626,9,1011.9,974,8,1012.0,4553,25,1012.1,2025,15,1012.2,1804,20,1012.3,1864,22
317,2025-11-26 14:33:57+05:30,1011.9,10,1002.08,8071406,410912.0,428701.0,986.2,1012.8,981.3,986.2,120539250,1084.8,887.6,1102.5,649.1,1011.8,128,7,1011.7,13,2,1011.6,10,2,1011.5,340,6,1011.4,626,9,1011.9,983,9,1012.0,4590,25,1012.1,2026,16,1012.2,1804,20,1012.3,1864,22
317,2025-11-26 14:33:58+05:30,1011.9,10,1002.08,8071406,410912.0,428701.0,986.2,1012.8,981.3,986.2,120539250,1084.8,887.6,1102.5,649.1,1011.8,128,7,1011.7,13,2,1011.6,10,2,1011.5,340,6,1011.4,626,9,1011.9,983,9,1012.0,4590,25,1012.1,2026,16,1012.2,1804,20,1012.3,1864,22
317,2025-11-26 14:33:58+05:30,1011.8,50,1002.08,8071457,410462.0,428625.0,986.2,1012.8,981.3,986.2,120539250,1084.8,887.6,1102.5,649.1,1011.8,78,7,1011.7,13,2,1011.6,10,2,1011.5,340,6,1011.4,626,9,1011.9,982,9,1012.0,4251,23,1012.1,2329,18,1012.2,1804,20,1012.3,1860,21
317,2025-11-26 14:33:59+05:30,1011.8,50,1002.08,8071457,410462.0,428625.0,986.2,1012.8,981.3,986.2,120539250,1084.8,887.6,1102.5,649.1,1011.8,78,7,1011.7,13,2,1011.6,10,2,1011.5,340,6,1011.4,626,9,1011.9,982,9,1012.0,4251,23,1012.1,2329,18,1012.2,1804,20,1012.3,1860,21
317,2025-11-26 14:33:59+05:30,1011.8,50,1002.08,8071457,410430.0,428625.0,986.2,1012.8,981.3,986.2,120539250,1084.8,887.6,1102.5,649.1,1011.8,78,7,1011.7,13,2,1011.6,10,2,1011.5,340,6,1011.4,626,9,1011.9,982,9,1012.0,4549,24,1012.1,2055,18,1012.2,1780,19,1012.3,1860,21
317,2025-11-26 14:34:00+05:30,1011.9,10,1002.08,8071457,410430.0,428625.0,986.2,1012.8,981.3,986.2,120539250,1084.8,887.6,1102.5,649.1,1011.8,78,7,1011.7,13,2,1011.6,10,2,1011.5,340,6,1011.4,626,9,1011.9,982,9,1012.0,4549,24,1012.1,2055,18,1012.2,1780,19,1012.3,1860,21
317,2025-11-26 14:34:00+05:30,1011.9,1,1002.08,8071498,410873.0,428835.0,986.2,1012.8,981.3,986.2,120539250,1084.8,887.6,1102.5,649.1,1011.8,70,8,1011.7,13,2,1011.6,10,2,1011.5,340,6,1011.4,626,9,1011.9,945,8,1012.0,4456,24,1012.1,2012,17,1012.2,1811,20,1012.3,1781,16
317,2025-11-26 14:34:01+05:30,1011.9,200,1002.08,8071498,410873.0,428835.0,986.2,1012.8,981.3,986.2,120539250,1084.8,887.6,1102.5,649.1,1011.8,70,8,1011.7,13,2,1011.6,10,2,1011.5,340,6,1011.4,626,9,1011.9,945,8,1012.0,4456,24,1012.1,2012,17,1012.2,1811,20,1012.3,1781,16
317,2025-11-26 14:34:02+05:30,1011.9,5,1002.08,8071703,410803.0,428929.0,986.2,1012.8,981.3,986.2,120539250,1084.8,887.6,1102.5,649.1,1011.8,70,8,1011.7,13,2,1011.6,10,2,1011.5,394,7,1011.4,1117,10,1011.9,741,9,1012.0,4456,24,1012.1,2026,18,1012.2,1789,19,1012.3,1781,16
317,2025-11-26 14:34:02+05:30,1011.9,5,1002.08,8071703,410803.0,428929.0,986.2,1012.8,981.3,986.2,120539250,1084.8,887.6,1102.5,649.1,1011.8,70,8,1011.7,13,2,1011.6,10,2,1011.5,394,7,1011.4,1117,10,1011.9,741,9,1012.0,4456,24,1012.1,2026,18,1012.2,1789,19,1012.3,1781,16
317,2025-11-26 14:34:03+05:30,1011.9,23,1002.08,8071734,410854.0,428506.0,986.2,1012.8,981.3,986.2,120539250,1084.8,887.6,1102.5,649.1,1011.8,70,8,1011.7,13,2,1011.6,10,2,1011.5,394,7,1011.4,1117,10,1011.9,710,9,1012.0,4456,24,1012.1,2026,18,1012.2,1789,19,1012.3,1781,16
317,2025-11-26 14:34:03+05:30,1011.9,23,1002.08,8071734,410854.0,428506.0,986.2,1012.8,981.3,986.2,120539250,1084.8,887.6,1102.5,649.1,1011.8,70,8,1011.7,13,2,1011.6,10,2,1011.5,394,7,1011.4,1117,10,1011.9,710,9,1012.0,4456,24,1012.1,2026,18,1012.2,1789,19,1012.3,1781,16
317,2025-11-26 14:34:04+05:30,1011.9,212,1002.08,8071946,411086.0,428044.0,986.2,1012.8,981.3,986.2,120539250,1084.8,887.6,1102.5,649.1,1011.8,66,7,1011.7,13,2,1011.6,10,2,1011.5,394,7,1011.4,648,10,1011.9,498,9,1012.0,4415,23,1012.1,2004,17,1012.2,1765,18,1012.3,1755,14
317,2025-11-26 14:34:04+05:30,1011.9,212,1002.08,8071946,411086.0,428044.0,986.2,1012.8,981.3,986.2,120539250,1084.8,887.6,1102.5,649.1,1011.8,66,7,1011.7,13,2,1011.6,10,2,1011.5,394,7,1011.4,648,10,1011.9,498,9,1012.0,4415,23,1012.1,2004,17,1012.2,1765,18,1012.3,1755,14
317,2025-11-26 14:34:05+05:30,1011.9,2,1002.08,8071948,411252.0,428621.0,986.2,1012.8,981.3,986.2,120539250,1084.8,887.6,1102.5,649.1,1011.8,66,7,1011.7,13,2,1011.6,10,2,1011.5,394,7,1011.4,1153,11,1011.9,496,9,1012.0,4415,23,1012.1,2004,17,1012.2,1816,20,1012.3,1781,16
317,2025-11-26 14:34:06+05:30,1011.9,1,1002.08,8071949,411252.0,428673.0,986.2,1012.8,981.3,986.2,120539250,1084.8,887.6,1102.5,649.1,1011.8,66,7,1011.7,13,2,1011.6,10,2,1011.5,394,7,1011.4,1153,11,1011.9,495,9,1012.0,4415,23,1012.1,2004,17,1012.2,1816,20,1012.3,1781,16
317,2025-11-26 14:34:06+05:30,1011.9,1,1002.08,8071949,411252.0,428673.0,986.2,1012.8,981.3,986.2,120539250,1084.8,887.6,1102.5,649.1,1011.8,66,7,1011.7,13,2,1011.6,10,2,1011.5,394,7,1011.4,1153,11,1011.9,495,9,1012.0,4415,23,1012.1,2004,17,1012.2,1816,20,1012.3,1781,16
317,2025-11-26 14:34:07+05:30,1011.9,10,1002.08,8071949,411252.0,428673.0,986.2,1012.8,981.3,986.2,120539250,1084.8,887.6,1102.5,649.1,1011.8,66,7,1011.7,13,2,1011.6,10,2,1011.5,394,7,1011.4,1153,11,1011.9,495,9,1012.0,4415,23,1012.1,2004,17,1012.2,1816,20,1012.3,1781,16
317,2025-11-26 14:34:07+05:30,1011.9,10,1002.08,8071959,411252.0,428650.0,986.2,1012.8,981.3,986.2,120539250,1084.8,887.6,1102.5,649.1,1011.8,66,7,1011.7,13,2,1011.6,10,2,1011.5,394,7,1011.4,1153,11,1011.9,485,9,1012.0,4472,24,1012.1,2004,17,1012.2,1816,20,1012.3,1781,16
317,2025-11-26 14:34:08+05:30,1011.9,18,1002.08,8071977,411244.0,428532.0,986.2,1012.8,981.3,986.2,120539250,1084.8,887.6,1102.5,649.1,1011.8,66,7,1011.7,13,2,1011.6,51,3,1011.5,394,7,1011.4,1153,11,1011.9,467,9,1012.0,4174,23,1012.1,2201,16,1012.2,1816,20,1012.3,1781,16
317,2025-11-26 14:34:08+05:30,1011.9,18,1002.08,8071977,411244.0,428532.0,986.2,1012.8,981.3,986.2,120539250,1084.8,887.6,1102.5,649.1,1011.8,66,7,1011.7,13,2,1011.6,51,3,1011.5,394,7,1011.4,1153,11,1011.9,467,9,1012.0,4174,23,1012.1,2201,16,1012.2,1816,20,1012.3,1781,16
317,2025-11-26 14:34:09+05:30,1011.9,1,1002.08,8071977,411244.0,428532.0,986.2,1012.8,981.3,986.2,120539250,1084.8,887.6,1102.5,649.1,1011.8,66,7,1011.7,13,2,1011.6,51,3,1011.5,394,7,1011.4,1153,11,1011.9,467,9,1012.0,4174,23,1012.1,2201,16,1012.2,1816,20,1012.3,1781,16
317,2025-11-26 14:34:09+05:30,1011.9,1,1002.08,8071978,411418.0,428258.0,986.2,1012.8,981.3,986.2,120539250,1084.8,887.6,1102.5,649.1,1011.8,66,7,1011.7,13,2,1011.6,51,3,1011.5,974,8,1011.4,1162,16,1011.9,466,9,1012.0,4174,23,1012.1,2201,16,1012.2,1700,17,1012.3,1720,13
317,2025-11-26 14:34:10+05:30,1011.9,1,1002.08,8071979,412038.0,428216.0,986.2,1012.8,981.3,986.2,120539250,1084.8,887.6,1102.5,649.1,1011.8,79,8,1011.7,13,2,1011.6,456,7,1011.5,1211,12,1011.4,1255,16,1011.9,465,9,1012.0,4174,23,1012.1,2135,15,1012.2,1678,16,1012.3,1741,14
317,2025-11-26 14:34:11+05:30,1011.9,2,1002.08,8071979,412038.0,428216.0,986.2,1012.8,981.3,986.2,120539250,1084.8,887.6,1102.5,649.1,1011.8,79,8,1011.7,13,2,1011.6,456,7,1011.5,1211,12,1011.4,1255,16,1011.9,465,9,1012.0,4174,23,1012.1,2135,15,1012.2,1678,16,1012.3,1741,14
317,2025-11-26 14:34:11+05:30,1011.9,2,1002.08,8072001,412018.0,428788.0,986.2,1012.8,981.3,986.2,120539250,1084.8,887.6,1102.5,649.1,1011.8,59,5,1011.7,13,2,1011.6,456,7,1011.5,1211,12,1011.4,1255,16,1011.9,463,9,1012.0,4174,23,1012.1,1653,12,1012.2,1976,17,1012.3,1741,14
317,2025-11-26 14:34:12+05:30,1011.8,3,1002.08,8072001,412018.0,428788.0,986.2,1012.8,981.3,986.2,120539250,1084.8,887.6,1102.5,649.1,1011.8,59,5,1011.7,13,2,1011.6,456,7,1011.5,1211,12,1011.4,1255,16,1011.9,463,9,1012.0,4174,23,1012.1,1653,12,1012.2,1976,17,1012.3,1741,14
317,2025-11-26 14:34:12+05:30,1011.8,3,1002.08,8072011,412008.0,428172.0,986.2,1012.8,981.3,986.2,120539250,1084.8,887.6,1102.5,649.1,1011.8,49,4,1011.7,13,2,1011.6,456,7,1011.5,1211,12,1011.4,1255,16,1011.9,462,8,1012.0,4174,23,1012.1,1653,12,1012.2,1916,16,1012.3,1741,14
317,2025-11-26 14:34:13+05:30,1011.8,7,1002.08,8072011,412008.0,428172.0,986.2,1012.8,981.3,986.2,120539250,1084.8,887.6,1102.5,649.1,1011.8,49,4,1011.7,13,2,1011.6,456,7,1011.5,1211,12,1011.4,1255,16,1011.9,462,8,1012.0,4174,23,1012.1,1653,12,1012.2,1916,16,1012.3,1741,14
317,2025-11-26 14:34:13+05:30,1011.8,7,1002.08,8072100,411838.0,428096.0,986.2,1012.8,981.3,986.2,120539250,1084.8,887.6,1102.5,649.1,1011.7,166,3,1011.6,435,7,1011.5,610,12,1011.4,1796,17,1011.3,1302,9,1011.8,1,1,1011.9,487,9,1012.0,4117,22,1012.1,1930,12,1012.2,1704,19
317,2025-11-26 14:34:14+05:30,1011.8,15,1002.08,8072100,411838.0,428096.0,986.2,1012.8,981.3,986.2,120539250,1084.8,887.6,1102.5,649.1,1011.7,166,3,1011.6,435,7,1011.5,610,12,1011.4,1796,17,1011.3,1302,9,1011.8,1,1,1011.9,487,9,1012.0,4117,22,1012.1,1930,12,1012.2,1704,19
317,2025-11-26 14:34:14+05:30,1011.8,15,1002.08,8072193,411844.0,428555.0,986.2,1012.8,981.3,986.2,120539250,1084.8,887.6,1102.5,649.1,1011.8,97,1,1011.7,101,3,1011.6,340,4,1011.5,680,11,1011.4,1276,17,1011.9,488,10,1012.0,4127,23,1012.1,2097,14,1012.2,1689,20,1012.3,1690,13
317,2025-11-26 14:34:15+05:30,1011.9,3,1002.08,8072193,411844.0,428555.0,986.2,1012.8,981.3,986.2,120539250,1084.8,887.6,1102.5,649.1,1011.8,97,1,1011.7,101,3,1011.6,340,4,1011.5,680,11,1011.4,1276,17,1011.9,488,10,1012.0,4127,23,1012.1,2097,14,1012.2,1689,20,1012.3,1690,13
317,2025-11-26 14:34:15+05:30,1011.9,3,1002.08,8072399,411043.0,427632.0,986.2,1012.8,981.3,986.2,120539250,1084.8,887.6,1102.5,649.1,1011.8,97,1,1011.7,13,2,1011.6,212,3,1011.5,665,11,1011.4,1817,12,1011.9,282,10,1012.0,4137,24,1012.1,2007,14,1012.2,1664,19,1012.3,1690,13
317,2025-11-26 14:34:16+05:30,1011.9,2,1002.08,8072399,411043.0,427632.0,986.2,1012.8,981.3,986.2,120539250,1084.8,887.6,1102.5,649.1,1011.8,97,1,1011.7,13,2,1011.6,212,3,1011.5,665,11,1011.4,1817,12,1011.9,282,10,1012.0,4137,24,1012.1,2007,14,1012.2,1664,19,1012.3,1690,13
317,2025-11-26 14:34:16+05:30,1011.9,2,1002.08,8072401,411329.0,427556.0,986.2,1012.8,981.3,986.2,120539250,1084.8,887.6,1102.5,649.1,1011.8,106,2,1011.7,13,2,1011.6,212,3,1011.5,709,11,1011.4,1817,12,1011.9,282,11,1012.0,4137,24,1012.1,1946,12,1012.2,1702,19,1012.3,1699,15
317,2025-11-26 14:34:17+05:30,1011.9,127,1002.08,8072401,411329.0,427556.0,986.2,1012.8,981.3,986.2,120539250,1084.8,887.6,1102.5,649.1,1011.8,106,2,1011.7,13,2,1011.6,212,3,1011.5,709,11,1011.4,1817,12,1011.9,282,11,1012.0,4137,24,1012.1,1946,12,1012.2,1702,19,1012.3,1699,15
317,2025-11-26 14:34:17+05:30,1011.9,1,1002.08,8072543,411397.0,427360.0,986.2,1012.8,981.3,986.2,120539250,1084.8,887.6,1102.5,649.1,1011.8,106,2,1011.7,13,2,1011.6,340,4,1011.5,709,11,1011.4,1783,11,1011.9,140,10,1012.0,4137,24,1012.1,1520,10,1012.2,1950,17,1012.3,1699,15
317,2025-11-26 14:34:18+05:30,1011.9,1,1002.08,8072543,411397.0,427360.0,986.2,1012.8,981.3,986.2,120539250,1084.8,887.6,1102.5,649.1,1011.8,106,2,1011.7,13,2,1011.6,340,4,1011.5,709,11,1011.4,1783,11,1011.9,140,10,1012.0,4137,24,1012.1,1520,10,1012.2,1950,17,1012.3,1699,15
317,2025-11-26 14:34:18+05:30,1011.9,1,1002.08,8072543,411463.0,426939.0,986.2,1012.8,981.3,986.2,120539250,1084.8,887.6,1102.5,649.1,1011.8,106,2,1011.7,13,2,1011.6,379,5,1011.5,709,11,1011.4,1783,11,1011.9,140,10,1012.0,4137,24,1012.1,1520,10,1012.2,1950,17,1012.3,1699,15
317,2025-11-26 14:34:19+05:30,1011.9,1,1002.08,8072543,411463.0,426939.0,986.2,1012.8,981.3,986.2,120539250,1084.8,887.6,1102.5,649.1,1011.8,106,2,1011.7,13,2,1011.6,379,5,1011.5,709,11,1011.4,1783,11,1011.9,140,10,1012.0,4137,24,1012.1,1520,10,1012.2,1950,17,1012.3,1699,15
317,2025-11-26 14:34:19+05:30,1012.0,1598,1002.09,8075594,408633.0,426694.0,986.2,1012.8,981.3,986.2,120539250,1084.8,887.6,1102.5,649.1,1011.8,56,2,1011.7,13,2,1011.6,340,4,1011.5,709,11,1011.4,1783,11,1012.0,2372,23,1012.1,1878,13,1012.2,1592,17,1012.3,1591,16,1012.4,1022,16
317,2025-11-26 14:34:20+05:30,1011.8,53,1002.09,8075594,408633.0,426694.0,986.2,1012.8,981.3,986.2,120539250,1084.8,887.6,1102.5,649.1,1011.8,56,2,1011.7,13,2,1011.6,340,4,1011.5,709,11,1011.4,1783,11,1012.0,2372,23,1012.1,1878,13,1012.2,1592,17,1012.3,1591,16,1012.4,1022,16
317,2025-11-26 14:34:21+05:30,1012.0,1,1002.09,8075774,409057.0,427424.0,986.2,1012.8,981.3,986.2,120539250,1084.8,887.6,1102.5,649.1,1011.9,43,2,1011.8,25,2,1011.7,13,2,1011.6,202,4,1011.5,722,12,1012.0,2716,27,1012.1,1568,11,1012.2,1743,18,1012.3,2075,19,1012.4,1049,18
317,2025-11-26 14:34:21+05:30,1012.0,1,1002.09,8075774,409057.0,427424.0,986.2,1012.8,981.3,986.2,120539250,1084.8,887.6,1102.5,649.1,1011.9,43,2,1011.8,25,2,1011.7,13,2,1011.6,202,4,1011.5,722,12,1012.0,2716,27,1012.1,1568,11,1012.2,1743,18,1012.3,2075,19,1012.4,1049,18
317,2025-11-26 14:34:22+05:30,1012.0,1,1002.09,8075775,409093.0,427323.0,986.2,1012.8,981.3,986.2,120539250,1084.8,887.6,1102.5,649.1,1011.9,42,1,1011.8,25,2,1011.7,13,2,1011.6,202,4,1011.5,722,12,1012.0,2715,27,1012.1,1866,12,1012.2,1743,18,1012.3,1777,18,1012.4,1049,18
317,2025-11-26 14:34:22+05:30,1012.0,1,1002.09,8075775,409093.0,427323.0,986.2,1012.8,981.3,986.2,120539250,1084.8,887.6,1102.5,649.1,1011.9,42,1,1011.8,25,2,1011.7,13,2,1011.6,202,4,1011.5,722,12,1012.0,2715,27,1012.1,1866,12,1012.2,1743,18,1012.3,1777,18,1012.4,1049,18
317,2025-11-26 14:34:23+05:30,1012.0,4,1002.09,8075783,409178.0,427356.0,986.2,1012.8,981.3,986.2,120539250,1084.8,887.6,1102.5,649.1,1011.9,55,2,1011.8,25,2,1011.7,13,2,1011.6,202,4,1011.5,722,12,1012.0,2711,28,1012.1,1866,12,1012.2,1743,18,1012.3,1803,20,1012.4,1023,16
317,2025-11-26 14:34:23+05:30,1012.0,4,1002.09,8075783,409178.0,427356.0,986.2,1012.8,981.3,986.2,120539250,1084.8,887.6,1102.5,649.1,1011.9,55,2,1011.8,25,2,1011.7,13,2,1011.6,202,4,1011.5,722,12,1012.0,2711,28,1012.1,1866,12,1012.2,1743,18,1012.3,1803,20,1012.4,1023,16
317,2025-11-26 14:34:24+05:30,1012.0,214,1002.09,8076020,409161.0,426670.0,986.2,1012.8,981.3,986.2,120539250,1084.8,887.6,1102.5,649.1,1011.9,55,2,1011.8,25,2,1011.7,13,2,1011.6,202,4,1011.5,722,12,1012.0,2474,28,1012.1,1935,13,1012.2,1639,15,1012.3,1803,19,1012.4,1799,19
317,2025-11-26 14:34:24+05:30,1012.0,1,1002.09,8076020,409161.0,426670.0,986.2,1012.8,981.3,986.2,120539250,1084.8,887.6,1102.5,649.1,1011.9,55,2,1011.8,25,2,1011.7,13,2,1011.6,202,4,1011.5,722,12,1012.0,2474,28,1012.1,1935,13,1012.2,1639,15,1012.3,1803,19,1012.4,1799,19
317,2025-11-26 14:34:24+05:30,1012.0,1,1002.09,8076021,409162.0,426658.0,986.2,1012.8,981.3,986.2,120539250,1084.8,887.6,1102.5,649.1,1011.9,55,2,1011.8,26,3,1011.7,13,2,1011.6,201,3,1011.5,722,12,1012.0,2473,28,1012.1,1935,13,1012.2,1639,15,1012.3,1829,21,1012.4,1773,17
317,2025-11-26 14:34:26+05:30,1012.0,2,1002.09,8076050,409222.0,426015.0,986.2,1012.8,981.3,986.2,120539250,1084.8,887.6,1102.5,649.1,1011.9,55,2,1011.8,26,3,1011.7,13,2,1011.6,248,4,1011.5,722,12,1012.0,2444,28,1012.1,2002,14,1012.2,1243,15,1012.3,1802,20,1012.4,1773,17
317,2025-11-26 14:34:26+05:30,1012.0,2,1002.09,8076050,409222.0,426015.0,986.2,1012.8,981.3,986.2,120539250,1084.8,887.6,1102.5,649.1,1011.9,55,2,1011.8,26,3,1011.7,13,2,1011.6,248,4,1011.5,722,12,1012.0,2444,28,1012.1,2002,14,1012.2,1243,15,1012.3,1802,20,1012.4,1773,17
317,2025-11-26 14:34:26+05:30,1012.0,2,1002.09,8076050,409212.0,426542.0,986.2,1012.8,981.3,986.2,120539250,1084.8,887.6,1102.5,649.1,1011.9,55,2,1011.8,26,3,1011.7,13,2,1011.6,248,4,1011.5,722,12,1012.0,2484,29,1012.1,2002,14,1012.2,1243,15,1012.3,1802,20,1012.4,1773,17
317,2025-11-26 14:34:27+05:30,1012.0,1,1002.09,8076051,408936.0,426895.0,986.2,1012.8,981.3,986.2,120539250,1084.8,887.6,1102.5,649.1,1011.9,55,2,1011.8,26,3,1011.7,13,2,1011.6,184,3,1011.5,722,12,1012.0,2483,29,1012.1,1933,13,1012.2,1215,14,1012.3,1803,19,1012.4,1005,15
317,2025-11-26 14:34:28+05:30,1012.0,1,1002.09,8076051,408936.0,426895.0,986.2,1012.8,981.3,986.2,120539250,1084.8,887.6,1102.5,649.1,1011.9,55,2,1011.8,26,3,1011.7,13,2,1011.6,184,3,1011.5,722,12,1012.0,2483,29,1012.1,1933,13,1012.2,1215,14,1012.3,1803,19,1012.4,1005,15
317,2025-11-26 14:34:28+05:30,1012.0,1,1002.09,8076051,408963.0,426452.0,986.2,1012.8,981.3,986.2,120539250,1084.8,887.6,1102.5,649.1,1011.9,55,2,1011.8,26,3,1011.7,13,2,1011.6,184,3,1011.5,722,12,1012.0,2483,29,1012.1,1986,12,1012.2,1251,17,1012.3,1776,18,1012.4,1018,16
317,2025-11-26 14:34:29+05:30,1012.0,1,1002.09,8076051,408932.0,426448.0,986.2,1012.8,981.3,986.2,120539250,1084.8,887.6,1102.5,649.1,1011.9,55,2,1011.8,26,3,1011.7,13,2,1011.6,184,3,1011.5,722,12,1012.0,2541,30,1012.1,1919,11,1012.2,1256,18,1012.3,1776,18,1012.4,1018,16
317,2025-11-26 14:34:30+05:30,1011.9,9,1002.09,8076115,408384.0,428413.0,986.2,1012.8,981.3,986.2,120539250,1084.8,887.6,1102.5,649.1,1011.9,97,4,1011.8,26,3,1011.7,13,2,1011.6,184,3,1011.5,722,12,1012.0,2486,30,1012.1,1919,11,1012.2,1226,17,1012.3,1735,18,1012.4,1018,16
317,2025-11-26 14:34:31+05:30,1012.0,1,1002.09,8076115,408384.0,428413.0,986.2,1012.8,981.3,986.2,120539250,1084.8,887.6,1102.5,649.1,1011.9,97,4,1011.8,26,3,1011.7,13,2,1011.6,184,3,1011.5,722,12,1012.0,2486,30,1012.1,1919,11,1012.2,1226,17,1012.3,1735,18,1012.4,1018,16
317,2025-11-26 14:34:31+05:30,1012.0,1,1002.09,8076116,408965.0,428008.0,986.2,1012.8,981.3,986.2,120539250,1084.8,887.6,1102.5,649.1,1011.9,97,4,1011.8,26,3,1011.7,13,2,1011.6,1369,5,1011.5,722,12,1012.0,2486,31,1012.1,1559,9,1012.2,1548,19,1012.3,1711,17,1012.4,901,14
317,2025-11-26 14:34:32+05:30,1012.0,1,1002.09,8076116,408915.0,428213.0,986.2,1012.8,981.3,986.2,120539250,1084.8,887.6,1102.5,649.1,1011.9,97,4,1011.8,26,3,1011.7,13,2,1011.6,1426,6,1011.5,688,11,1012.0,2486,31,1012.1,1559,9,1012.2,1548,19,1012.3,1711,17,1012.4,1003,16
317,2025-11-26 14:34:33+05:30,1012.0,23,1002.09,8076116,408915.0,428213.0,986.2,1012.8,981.3,986.2,120539250,1084.8,887.6,1102.5,649.1,1011.9,97,4,1011.8,26,3,1011.7,13,2,1011.6,1426,6,1011.5,688,11,1012.0,2486,31,1012.1,1559,9,1012.2,1548,19,1012.3,1711,17,1012.4,1003,16
317,2025-11-26 14:34:33+05:30,1012.0,23,1002.09,8076150,409019.0,428121.0,986.2,1012.8,981.3,986.2,120539250,1084.8,887.6,1102.5,649.1,1011.9,97,4,1011.8,26,3,1011.7,13,2,1011.6,1426,6,1011.5,688,11,1012.0,2460,32,1012.1,1559,9,1012.2,1500,17,1012.3,1759,19,1012.4,1003,16
317,2025-11-26 14:34:34+05:30,1012.0,112,1002.09,8076262,408894.0,428012.0,986.2,1012.8,981.3,986.2,120539250,1084.8,887.6,1102.5,649.1,1011.9,110,5,1011.8,26,3,1011.7,13,2,1011.6,1426,6,1011.5,688,11,1012.0,2393,33,1012.1,1619,10,1012.2,1500,17,1012.3,1759,19,1012.4,901,14
317,2025-11-26 14:34:35+05:30,1012.0,20,1002.09,8076262,408894.0,428012.0,986.2,1012.8,981.3,986.2,120539250,1084.8,887.6,1102.5,649.1,1011.9,110,5,1011.8,26,3,1011.7,13,2,1011.6,1426,6,1011.5,688,11,1012.0,2393,33,1012.1,1619,10,1012.2,1500,17,1012.3,1759,19,1012.4,901,14
317,2025-11-26 14:34:35+05:30,1012.0,2,1002.09,8076284,408932.0,428166.0,986.2,1012.8,981.3,986.2,120539250,1084.8,887.6,1102.5,649.1,1011.9,110,5,1011.8,26,3,1011.7,13,2,1011.6,1426,6,1011.5,688,11,1012.0,2429,33,1012.1,1619,10,1012.2,1548,19,1012.3,1711,17,1012.4,1019,16
317,2025-11-26 14:34:36+05:30,1012.0,1,1002.09,8076284,408932.0,428166.0,986.2,1012.8,981.3,986.2,120539250,1084.8,887.6,1102.5,649.1,1011.9,110,5,1011.8,26,3,1011.7,13,2,1011.6,1426,6,1011.5,688,11,1012.0,2429,33,1012.1,1619,10,1012.2,1548,19,1012.3,1711,17,1012.4,1019,16
317,2025-11-26 14:34:36+05:30,1012.0,1,1002.09,8076285,408994.0,428168.0,986.2,1012.8,981.3,986.2,120539250,1084.8,887.6,1102.5,649.1,1011.9,110,5,1011.8,26,3,1011.7,13,2,1011.6,1426,6,1011.5,688,11,1012.0,2431,34,1012.1,1619,10,1012.2,1548,19,1012.3,1711,17,1012.4,1019,16
317,2025-11-26 14:34:37+05:30,1012.0,1,1002.09,8076285,407020.0,428689.0,986.2,1012.8,981.3,986.2,120539250,1084.8,887.6,1102.5,649.1,1011.9,110,5,1011.8,26,3,1011.7,13,2,1011.6,1379,5,1011.5,688,11,1012.0,2523,36,1012.1,1699,12,1012.2,1548,19,1012.3,1737,19,1012.4,993,14
317,2025-11-26 14:34:38+05:30,1011.9,25,1002.09,8076285,407020.0,428689.0,986.2,1012.8,981.3,986.2,120539250,1084.8,887.6,1102.5,649.1,1011.9,110,5,1011.8,26,3,1011.7,13,2,1011.6,1379,5,1011.5,688,11,1012.0,2523,36,1012.1,1699,12,1012.2,1548,19,1012.3,1737,19,1012.4,993,14
317,2025-11-26 14:34:38+05:30,1011.9,6,1002.09,8076401,407669.0,428527.0,986.2,1012.8,981.3,986.2,120539250,1084.8,887.6,1102.5,649.1,1011.8,26,3,1011.7,13,2,1011.6,1379,5,1011.5,635,10,1011.4,709,12,1011.9,250,1,1012.0,2423,33,1012.1,1997,13,1012.2,1251,18,1012.3,1712,18
317,2025-11-26 14:34:39+05:30,1011.9,6,1002.09,8076401,407669.0,428527.0,986.2,1012.8,981.3,986.2,120539250,1084.8,887.6,1102.5,649.1,1011.8,26,3,1011.7,13,2,1011.6,1379,5,1011.5,635,10,1011.4,709,12,1011.9,250,1,1012.0,2423,33,1012.1,1997,13,1012.2,1251,18,1012.3,1712,18
317,2025-11-26 14:34:39+05:30,1011.9,140,1002.09,8076541,407736.0,428309.0,986.2,1012.8,981.3,986.2,120539250,1084.8,887.6,1102.5,649.1,1011.8,26,3,1011.7,13,2,1011.6,1379,5,1011.5,635,10,1011.4,740,13,1011.9,110,1,1012.0,2423,33,1012.1,1699,12,1012.2,1524,18,1012.3,1712,18
317,2025-11-26 14:34:40+05:30,1011.9,2,1002.09,8076541,407736.0,428309.0,986.2,1012.8,981.3,986.2,120539250,1084.8,887.6,1102.5,649.1,1011.8,26,3,1011.7,13,2,1011.6,1379,5,1011.5,635,10,1011.4,740,13,1011.9,110,1,1012.0,2423,33,1012.1,1699,12,1012.2,1524,18,1012.3,1712,18
317,2025-11-26 14:34:40+05:30,1011.9,2,1002.09,8076574,407758.0,427861.0,986.2,1012.8,981.3,986.2,120539250,1084.8,887.6,1102.5,649.1,1011.8,26,3,1011.7,13,2,1011.6,1379,5,1011.5,635,10,1011.4,740,13,1011.9,77,1,1012.0,2423,33,1012.1,1603,10,1012.2,1524,18,1012.3,1712,18
317,2025-11-26 14:34:41+05:30,1011.9,2,1002.09,8076574,407758.0,427861.0,986.2,1012.8,981.3,986.2,120539250,1084.8,887.6,1102.5,649.1,1011.8,26,3,1011.7,13,2,1011.6,1379,5,1011.5,635,10,1011.4,740,13,1011.9,77,1,1012.0,2423,33,1012.1,1603,10,1012.2,1524,18,1012.3,1712,18
317,2025-11-26 14:34:41+05:30,1011.8,1,1002.09,8076584,407689.0,427866.0,986.2,1012.8,981.3,986.2,120539250,1084.8,887.6,1102.5,649.1,1011.8,25,3,1011.7,13,2,1011.6,1401,6,1011.5,594,10,1011.4,740,13,1011.9,77,1,1012.0,2428,34,1012.1,1603,10,1012.2,1524,18,1012.3,1712,18
317,2025-11-26 14:34:42+05:30,1011.9,77,1002.09,8076584,407689.0,427866.0,986.2,1012.8,981.3,986.2,120539250,1084.8,887.6,1102.5,649.1,1011.8,25,3,1011.7,13,2,1011.6,1401,6,1011.5,594,10,1011.4,740,13,1011.9,77,1,1012.0,2428,34,1012.1,1603,10,1012.2,1524,18,1012.3,1712,18
317,2025-11-26 14:34:42+05:30,1012.0,2,1002.09,8076684,407021.0,427781.0,986.2,1012.8,981.3,986.2,120539250,1084.8,887.6,1102.5,649.1,1011.9,3,1,1011.8,25,3,1011.7,163,4,1011.6,1503,8,1011.5,594,10,1012.0,2405,34,1012.1,1555,9,1012.2,1500,17,1012.3,1578,18,1012.4,924,12
317,2025-11-26 14:34:43+05:30,1012.0,2,1002.09,8076684,407021.0,427781.0,986.2,1012.8,981.3,986.2,120539250,1084.8,887.6,1102.5,649.1,1011.9,3,1,1011.8,25,3,1011.7,163,4,1011.6,1503,8,1011.5,594,10,1012.0,2405,34,1012.1,1555,9,1012.2,1500,17,1012.3,1578,18,1012.4,924,12
317,2025-11-26 14:34:43+05:30,1011.9,23,1002.09,8076714,408114.0,427690.0,986.2,1012.8,981.3,986.2,120539250,1084.8,887.6,1102.5,649.1,1011.8,209,4,1011.7,163,4,1011.6,1502,8,1011.5,671,15,1011.4,709,12,1011.9,8,1,1012.0,2398,34,1012.1,1555,9,1012.2,1399,15,1012.3,1559,17
317,2025-11-26 14:34:44+05:30,1011.9,55,1002.09,8076714,408114.0,427690.0,986.2,1012.8,981.3,986.2,120539250,1084.8,887.6,1102.5,649.1,1011.8,209,4,1011.7,163,4,1011.6,1502,8,1011.5,671,15,1011.4,709,12,1011.9,8,1,1012.0,2398,34,1012.1,1555,9,1012.2,1399,15,1012.3,1559,17
317,2025-11-26 14:34:44+05:30,1012.0,2,1002.09,8076771,407314.0,427784.0,986.2,1012.8,981.3,986.2,120539250,1084.8,887.6,1102.5,649.1,1011.9,22,1,1011.8,25,3,1011.7,141,3,1011.6,1638,10,1011.5,671,15,1012.0,2396,34,1012.1,1597,10,1012.2,1225,14,1012.3,1581,18,1012.4,944,14
317,2025-11-26 14:34:45+05:30,1012.0,2,1002.09,8076771,407314.0,427784.0,986.2,1012.8,981.3,986.2,120539250,1084.8,887.6,1102.5,649.1,1011.9,22,1,1011.8,25,3,1011.7,141,3,1011.6,1638,10,1011.5,671,15,1012.0,2396,34,1012.1,1597,10,1012.2,1225,14,1012.3,1581,18,1012.4,944,14
317,2025-11-26 14:34:45+05:30,1012.0,1,1002.09,8076811,407268.0,427906.0,986.2,1012.8,981.3,986.2,120539250,1084.8,887.6,1102.5,649.1,1011.9,22,1,1011.8,16,2,1011.7,15,3,1011.6,1559,8,1011.5,715,17,1012.0,2431,34,1012.1,1597,10,1012.2,1453,18,1012.3,1581,18,1012.4,922,13
317,2025-11-26 14:34:46+05:30,1012.0,1,1002.09,8076811,407268.0,427906.0,986.2,1012.8,981.3,986.2,120539250,1084.8,887.6,1102.5,649.1,1011.9,22,1,1011.8,16,2,1011.7,15,3,1011.6,1559,8,1011.5,715,17,1012.0,2431,34,1012.1,1597,10,1012.2,1453,18,1012.3,1581,18,1012.4,922,13
317,2025-11-26 14:34:46+05:30,1011.9,1,1002.09,8076813,407205.0,427835.0,986.2,1012.8,981.3,986.2,120539250,1084.8,887.6,1102.5,649.1,1011.9,34,2,1011.8,25,3,1011.7,15,3,1011.6,1579,8,1011.5,715,17,1012.0,2388,33,1012.1,1597,10,1012.2,1553,19,1012.3,1572,16,1012.4,926,15
317,2025-11-26 14:34:47+05:30,1011.9,1,1002.09,8076813,407205.0,427835.0,986.2,1012.8,981.3,986.2,120539250,1084.8,887.6,1102.5,649.1,1011.9,34,2,1011.8,25,3,1011.7,15,3,1011.6,1579,8,1011.5,715,17,1012.0,2388,33,1012.1,1597,10,1012.2,1553,19,1012.3,1572,16,1012.4,926,15
317,2025-11-26 14:34:47+05:30,1011.9,1,1002.09,8076813,407300.0,427810.0,986.2,1012.8,981.3,986.2,120539250,1084.8,887.6,1102.5,649.1,1011.9,34,2,1011.8,25,3,1011.7,15,3,1011.6,1579,8,1011.5,715,17,1012.0,2388,33,1012.1,1596,9,1012.2,1553,19,1012.3,1572,16,1012.4,926,15
317,2025-11-26 14:34:48+05:30,1011.9,1,1002.09,8076813,407276.0,427895.0,986.2,1012.8,981.3,986.2,120539250,1084.8,887.6,1102.5,649.1,1011.9,39,3,1011.8,25,3,1011.7,15,3,1011.6,1579,8,1011.5,671,15,1012.0,2471,36,1012.1,1596,9,1012.2,1513,18,1012.3,1572,16,1012.4,926,15
317,2025-11-26 14:34:49+05:30,1011.9,5,1002.09,8076818,407088.0,427924.0,986.2,1012.8,981.3,986.2,120539250,1084.8,887.6,1102.5,649.1,1011.9,34,3,1011.8,25,3,1011.7,15,3,1011.6,1579,8,1011.5,671,15,1012.0,2512,37,1012.1,1596,9,1012.2,1568,19,1012.3,1572,16,1012.4,926,15
317,2025-11-26 14:34:50+05:30,1012.0,1,1002.09,8076818,407088.0,427924.0,986.2,1012.8,981.3,986.2,120539250,1084.8,887.6,1102.5,649.1,1011.9,34,3,1011.8,25,3,1011.7,15,3,1011.6,1579,8,1011.5,671,15,1012.0,2512,37,1012.1,1596,9,1012.2,1568,19,1012.3,1572,16,1012.4,926,15
317,2025-11-26 14:34:50+05:30,1012.0,1,1002.09,8076820,407081.0,427634.0,986.2,1012.8,981.3,986.2,120539250,1084.8,887.6,1102.5,649.1,1011.9,34,3,1011.8,25,3,1011.7,15,3,1011.6,1579,8,1011.5,671,15,1012.0,2540,38,1012.1,1596,9,1012.2,1566,19,1012.3,1572,16,1012.4,1676,16
317,2025-11-26 14:34:51+05:30,1012.0,1,1002.09,8076820,407081.0,427634.0,986.2,1012.8,981.3,986.2,120539250,1084.8,887.6,1102.5,649.1,1011.9,34,3,1011.8,25,3,1011.7,15,3,1011.6,1579,8,1011.5,671,15,1012.0,2540,38,1012.1,1596,9,1012.2,1566,19,1012.3,1572,16,1012.4,1676,16
317,2025-11-26 14:34:51+05:30,1011.9,9,1002.09,8076845,407132.0,427686.0,986.2,1012.8,981.3,986.2,120539250,1084.8,887.6,1102.5,649.1,1011.9,31,3,1011.8,25,3,1011.7,15,3,1011.6,1579,8,1011.5,658,14,1012.0,2539,38,1012.1,1670,11,1012.2,1546,18,1012.3,1572,16,1012.4,1675,16
317,2025-11-26 14:34:52+05:30,1011.9,9,1002.09,8076845,407132.0,427686.0,986.2,1012.8,981.3,986.2,120539250,1084.8,887.6,1102.5,649.1,1011.9,31,3,1011.8,25,3,1011.7,15,3,1011.6,1579,8,1011.5,658,14,1012.0,2539,38,1012.1,1670,11,1012.2,1546,18,1012.3,1572,16,1012.4,1675,16
317,2025-11-26 14:34:52+05:30,1011.9,62,1002.09,8076925,407054.0,428267.0,986.2,1012.8,981.3,986.2,120539250,1084.8,887.6,1102.5,649.1,1011.9,22,1,1011.8,25,3,1011.7,15,3,1011.6,1522,7,1011.5,658,14,1012.0,2580,39,1012.1,1650,10,1012.2,1566,19,1012.3,1572,16,1012.4,1675,16
317,2025-11-26 14:34:53+05:30,1012.0,23,1002.09,8076925,407054.0,428267.0,986.2,1012.8,981.3,986.2,120539250,1084.8,887.6,1102.5,649.1,1011.9,22,1,1011.8,25,3,1011.7,15,3,1011.6,1522,7,1011.5,658,14,1012.0,2580,39,1012.1,1650,10,1012.2,1566,19,1012.3,1572,16,1012.4,1675,16
317,2025-11-26 14:34:53+05:30,1012.0,23,1002.09,8076950,406985.0,427581.0,986.2,1012.8,981.3,986.2,120539250,1084.8,887.6,1102.5,649.1,1011.9,20,1,1011.8,25,3,1011.7,15,3,1011.6,1522,7,1011.5,658,14,1012.0,2517,38,1012.1,1650,10,1012.2,1566,19,1012.3,1572,16,1012.4,1591,15
317,2025-11-26 14:34:54+05:30,1012.0,34,1002.09,8076950,406985.0,427581.0,986.2,1012.8,981.3,986.2,120539250,1084.8,887.6,1102.5,649.1,1011.9,20,1,1011.8,25,3,1011.7,15,3,1011.6,1522,7,1011.5,658,14,1012.0,2517,38,1012.1,1650,10,1012.2,1566,19,1012.3,1572,16,1012.4,1591,15
317,2025-11-26 14:34:54+05:30,1012.0,15,1002.09,8076999,407383.0,427745.0,986.2,1012.8,981.3,986.2,120539250,1084.8,887.6,1102.5,649.1,1011.9,500,2,1011.8,25,3,1011.7,191,6,1011.6,1574,8,1011.5,658,14,1012.0,2468,38,1012.1,1596,9,1012.2,1524,17,1012.3,1544,15,1012.4,1699,17
317,2025-11-26 14:34:55+05:30,1012.0,3,1002.09,8076999,407383.0,427745.0,986.2,1012.8,981.3,986.2,120539250,1084.8,887.6,1102.5,649.1,1011.9,500,2,1011.8,25,3,1011.7,191,6,1011.6,1574,8,1011.5,658,14,1012.0,2468,38,1012.1,1596,9,1012.2,1524,17,1012.3,1544,15,1012.4,1699,17
317,2025-11-26 14:34:55+05:30,1012.0,3,1002.09,8077082,407262.0,427699.0,986.2,1012.8,981.3,986.2,120539250,1084.8,887.6,1102.5,649.1,1011.9,463,4,1011.8,25,3,1011.7,191,6,1011.6,1565,7,1011.5,658,14,1012.0,2445,39,1012.1,1596,9,1012.2,1524,17,1012.3,1584,17,1012.4,1698,16
317,2025-11-26 14:34:56+05:30,1012.0,3,1002.09,8077082,407262.0,427699.0,986.2,1012.8,981.3,986.2,120539250,1084.8,887.6,1102.5,649.1,1011.9,463,4,1011.8,25,3,1011.7,191,6,1011.6,1565,7,1011.5,658,14,1012.0,2445,39,1012.1,1596,9,1012.2,1524,17,1012.3,1584,17,1012.4,1698,16
317,2025-11-26 14:34:56+05:30,1012.0,3,1002.09,8077098,407283.0,428153.0,986.2,1012.8,981.3,986.2,120539250,1084.8,887.6,1102.5,649.1,1011.9,453,4,1011.8,25,3,1011.7,151,4,1011.6,1605,9,1011.5,658,14,1012.0,2438,38,1012.1,1554,8,1012.2,1524,17,1012.3,1584,17,1012.4,1698,16
317,2025-11-26 14:34:57+05:30,1012.0,3,1002.09,8077098,407283.0,428153.0,986.2,1012.8,981.3,986.2,120539250,1084.8,887.6,1102.5,649.1,1011.9,453,4,1011.8,25,3,1011.7,151,4,1011.6,1605,9,1011.5,658,14,1012.0,2438,38,1012.1,1554,8,1012.2,1524,17,1012.3,1584,17,1012.4,1698,16
317,2025-11-26 14:34:57+05:30,1011.9,259,1002.09,8077409,406389.0,427976.0,986.2,1012.8,981.3,986.2,120539250,1084.8,887.6,1102.5,649.1,1011.9,142,3,1011.8,25,3,1011.7,15,3,1011.6,1405,6,1011.5,643,13,1012.0,2482,39,1012.1,1548,8,1012.2,1603,19,1012.3,1630,17,1012.4,992,18
317,2025-11-26 14:34:58+05:30,1011.9,259,1002.09,8077409,406389.0,427976.0,986.2,1012.8,981.3,986.2,120539250,1084.8,887.6,1102.5,649.1,1011.9,142,3,1011.8,25,3,1011.7,15,3,1011.6,1405,6,1011.5,643,13,1012.0,2482,39,1012.1,1548,8,1012.2,1603,19,1012.3,1630,17,1012.4,992,18
317,2025-11-26 14:34:58+05:30,1011.9,259,1002.09,8077409,406805.0,428004.0,986.2,1012.8,981.3,986.2,120539250,1084.8,887.6,1102.5,649.1,1011.9,142,2,1011.8,33,4,1011.7,15,3,1011.6,1589,9,1011.5,658,14,1012.0,2482,39,1012.1,1548,8,1012.2,1603,19,1012.3,1643,18,1012.4,992,18
317,2025-11-26 14:34:59+05:30,1011.9,259,1002.09,8077409,406844.0,427909.0,986.2,1012.8,981.3,986.2,120539250,1084.8,887.6,1102.5,649.1,1011.9,142,2,1011.8,33,4,1011.7,15,3,1011.6,1569,8,1011.5,678,15,1012.0,2492,40,1012.1,1548,8,1012.2,1607,17,1012.3,1644,21,1012.4,992,18
317,2025-11-26 14:35:00+05:30,1012.0,1,1002.09,8077409,406844.0,427909.0,986.2,1012.8,981.3,986.2,120539250,1084.8,887.6,1102.5,649.1,1011.9,142,2,1011.8,33,4,1011.7,15,3,1011.6,1569,8,1011.5,678,15,1012.0,2492,40,1012.1,1548,8,1012.2,1607,17,1012.3,1644,21,1012.4,992,18
317,2025-11-26 14:35:00+05:30,1011.8,32,1002.09,8079757,403259.0,429436.0,986.2,1012.8,981.3,986.2,120539250,1084.8,887.6,1102.5,649.1,1011.4,85,3,1011.3,342,4,1011.2,1571,9,1011.1,944,12,1011.0,1254,15,1011.8,55,2,1011.9,671,4,1012.0,3330,49,1012.1,2104,15,1012.2,1280,15
317,2025-11-26 14:35:01+05:30,1011.8,23,1002.09,8079757,403259.0,429436.0,986.2,1012.8,981.3,986.2,120539250,1084.8,887.6,1102.5,649.1,1011.4,85,3,1011.3,342,4,1011.2,1571,9,1011.1,944,12,1011.0,1254,15,1011.8,55,2,1011.9,671,4,1012.0,3330,49,1012.1,2104,15,1012.2,1280,15
317,2025-11-26 14:35:01+05:30,1011.4,21,1002.09,8080466,403443.0,430673.0,986.2,1012.8,981.3,986.2,120539250,1084.8,887.6,1102.5,649.1,1011.7,9,1,1011.3,588,6,1011.2,1438,9,1011.1,928,15,1011.0,1440,17,1011.8,64,3,1011.9,831,7,1012.0,3334,49,1012.1,2328,18,1012.2,1841,17
317,2025-11-26 14:35:02+05:30,1011.4,21,1002.09,8080466,403443.0,430673.0,986.2,1012.8,981.3,986.2,120539250,1084.8,887.6,1102.5,649.1,1011.7,9,1,1011.3,588,6,1011.2,1438,9,1011.1,928,15,1011.0,1440,17,1011.8,64,3,1011.9,831,7,1012.0,3334,49,1012.1,2328,18,1012.2,1841,17
317,2025-11-26 14:35:02+05:30,1011.7,76,1002.09,8080582,403001.0,430477.0,986.2,1012.8,981.3,986.2,120539250,1084.8,887.6,1102.5,649.1,1011.6,6,1,1011.4,314,3,1011.3,350,3,1011.2,1474,9,1011.1,879,12,1011.7,21,1,1011.8,9,1,1011.9,1179,5,1012.0,3164,50,1012.1,2476,19
317,2025-11-26 14:35:03+05:30,1011.7,76,1002.09,8080582,403001.0,430477.0,986.2,1012.8,981.3,986.2,120539250,1084.8,887.6,1102.5,649.1,1011.6,6,1,1011.4,314,3,1011.3,350,3,1011.2,1474,9,1011.1,879,12,1011.7,21,1,1011.8,9,1,1011.9,1179,5,1012.0,3164,50,1012.1,2476,19
317,2025-11-26 14:35:03+05:30,1011.5,20,1002.1,8081658,402004.0,433718.0,986.2,1012.8,981.3,986.2,120539250,1084.8,887.6,1102.5,649.1,1011.5,4,2,1011.2,455,6,1011.1,769,9,1011.0,831,16,1010.9,2000,12,1011.6,219,4,1011.7,693,4,1011.8,541,7,1011.9,794,8,1012.0,4411,54
317,2025-11-26 14:35:04+05:30,1011.5,21,1002.1,8081658,402004.0,433718.0,986.2,1012.8,981.3,986.2,120539250,1084.8,887.6,1102.5,649.1,1011.5,4,2,1011.2,455,6,1011.1,769,9,1011.0,831,16,1010.9,2000,12,1011.6,219,4,1011.7,693,4,1011.8,541,7,1011.9,794,8,1012.0,4411,54
317,2025-11-26 14:35:04+05:30,1011.4,1,1002.1,8082929,402013.0,434331.0,986.2,1012.8,981.3,986.2,120539250,1084.8,887.6,1102.5,649.1,1011.1,2181,11,1011.0,562,7,1010.9,744,9,1010.8,1255,15,1010.7,626,8,1011.4,20,1,1011.5,5,1,1011.6,314,4,1011.7,654,7,1011.8,1138,7
317,2025-11-26 14:35:05+05:30,1011.4,3,1002.1,8082929,402013.0,434331.0,986.2,1012.8,981.3,986.2,120539250,1084.8,887.6,1102.5,649.1,1011.1,2181,11,1011.0,562,7,1010.9,744,9,1010.8,1255,15,1010.7,626,8,1011.4,20,1,1011.5,5,1,1011.6,314,4,1011.7,654,7,1011.8,1138,7
317,2025-11-26 14:35:05+05:30,1011.4,1,1002.1,8082933,402132.0,434482.0,986.2,1012.8,981.3,986.2,120539250,1084.8,887.6,1102.5,649.1,1011.1,2370,15,1011.0,631,8,1010.9,1289,11,1010.8,763,15,1010.7,626,8,1011.4,16,1,1011.6,112,3,1011.7,654,7,1011.8,1138,7,1011.9,919,15
317,2025-11-26 14:35:06+05:30,1011.4,13,1002.1,8082933,402132.0,434482.0,986.2,1012.8,981.3,986.2,120539250,1084.8,887.6,1102.5,649.1,1011.1,2370,15,1011.0,631,8,1010.9,1289,11,1010.8,763,15,1010.7,626,8,1011.4,16,1,1011.6,112,3,1011.7,654,7,1011.8,1138,7,1011.9,919,15
317,2025-11-26 14:35:06+05:30,1011.4,1,1002.1,8082947,402230.0,433980.0,986.2,1012.8,981.3,986.2,120539250,1084.8,887.6,1102.5,649.1,1011.1,2404,17,1011.0,631,8,1010.9,1289,11,1010.8,763,15,1010.7,626,8,1011.4,2,1,1011.6,112,3,1011.7,610,6,1011.8,1164,9,1011.9,893,13
317,2025-11-26 14:35:07+05:30,1011.4,1,1002.1,8082947,402230.0,433980.0,986.2,1012.8,981.3,986.2,120539250,1084.8,887.6,1102.5,649.1,1011.1,2404,17,1011.0,631,8,1010.9,1289,11,1010.8,763,15,1010.7,626,8,1011.4,2,1,1011.6,112,3,1011.7,610,6,1011.8,1164,9,1011.9,893,13
317,2025-11-26 14:35:08+05:30,1011.1,19,1002.1,8082966,402174.0,433956.0,986.2,1012.8,981.3,986.2,120539250,1084.8,887.6,1102.5,649.1,1011.1,2310,14,1011.0,671,10,1010.9,771,10,1010.8,763,15,1010.7,1118,9,1011.4,58,2,1011.5,41,1,1011.6,155,4,1011.7,658,8,1011.8,1164,9
317,2025-11-26 14:35:08+05:30,1011.1,19,1002.1,8082966,402174.0,433956.0,986.2,1012.8,981.3,986.2,120539250,1084.8,887.6,1102.5,649.1,1011.1,2310,14,1011.0,671,10,1010.9,771,10,1010.8,763,15,1010.7,1118,9,1011.4,58,2,1011.5,41,1,1011.6,155,4,1011.7,658,8,1011.8,1164,9
317,2025-11-26 14:35:09+05:30,1011.1,100,1002.1,8083066,402121.0,433956.0,986.2,1012.8,981.3,986.2,120539250,1084.8,887.6,1102.5,649.1,1011.1,2210,14,1011.0,671,10,1010.9,1289,11,1010.8,763,15,1010.7,626,8,1011.4,58,2,1011.5,41,1,1011.6,279,5,1011.7,658,8,1011.8,1164,9
317,2025-11-26 14:35:09+05:30,1011.1,100,1002.1,8083066,402121.0,433956.0,986.2,1012.8,981.3,986.2,120539250,1084.8,887.6,1102.5,649.1,1011.1,2210,14,1011.0,671,10,1010.9,1289,11,1010.8,763,15,1010.7,626,8,1011.4,58,2,1011.5,41,1,1011.6,279,5,1011.7,658,8,1011.8,1164,9
317,2025-11-26 14:35:10+05:30,1011.1,100,1002.1,8083066,402097.0,433983.0,986.2,1012.8,981.3,986.2,120539250,1084.8,887.6,1102.5,649.1,1011.1,2230,15,1011.0,627,8,1010.9,1289,11,1010.8,763,15,1010.7,626,8,1011.4,58,2,1011.5,41,1,1011.6,279,5,1011.7,658,8,1011.8,1164,9
317,2025-11-26 14:35:10+05:30,1011.4,1,1002.1,8083066,402097.0,433983.0,986.2,1012.8,981.3,986.2,120539250,1084.8,887.6,1102.5,649.1,1011.1,2230,15,1011.0,627,8,1010.9,1289,11,1010.8,763,15,1010.7,626,8,1011.4,58,2,1011.5,41,1,1011.6,279,5,1011.7,658,8,1011.8,1164,9
317,2025-11-26 14:35:11+05:30,1011.4,2,1002.1,8083066,402097.0,433983.0,986.2,1012.8,981.3,986.2,120539250,1084.8,887.6,1102.5,649.1,1011.1,2230,15,1011.0,627,8,1010.9,1289,11,1010.8,763,15,1010.7,626,8,1011.4,58,2,1011.5,41,1,1011.6,279,5,1011.7,658,8,1011.8,1164,9
317,2025-11-26 14:35:11+05:30,1011.4,2,1002.1,8085092,402622.0,434812.0,986.2,1012.8,981.3,986.2,120539250,1084.8,887.6,1102.5,649.1,1011.1,1161,10,1011.0,1204,10,1010.9,706,9,1010.8,714,12,1010.7,626,8,1011.4,37,3,1011.5,41,1,1011.6,324,6,1011.7,485,8,1011.8,1390,11
317,2025-11-26 14:35:11+05:30,1011.4,2,1002.1,8085092,402622.0,434812.0,986.2,1012.8,981.3,986.2,120539250,1084.8,887.6,1102.5,649.1,1011.1,1161,10,1011.0,1204,10,1010.9,706,9,1010.8,714,12,1010.7,626,8,1011.4,37,3,1011.5,41,1,1011.6,324,6,1011.7,485,8,1011.8,1390,11
317,2025-11-26 14:35:12+05:30,1011.4,2,1002.1,8085092,402622.0,434812.0,986.2,1012.8,981.3,986.2,120539250,1084.8,887.6,1102.5,649.1,1011.1,1161,10,1011.0,1204,10,1010.9,706,9,1010.8,714,12,1010.7,626,8,1011.4,37,3,1011.5,41,1,1011.6,324,6,1011.7,485,8,1011.8,1390,11
317,2025-11-26 14:35:12+05:30,1011.4,2,1002.1,8085092,402439.0,434592.0,986.2,1012.8,981.3,986.2,120539250,1084.8,887.6,1102.5,649.1,1011.1,2136,14,1011.0,1160,11,1010.9,706,9,1010.8,714,12,1010.7,828,9,1011.4,37,3,1011.5,41,1,1011.6,203,4,1011.7,490,8,1011.8,835,10
317,2025-11-26 14:35:12+05:30,1011.4,2,1002.1,8085092,402439.0,434592.0,986.2,1012.8,981.3,986.2,120539250,1084.8,887.6,1102.5,649.1,1011.1,2136,14,1011.0,1160,11,1010.9,706,9,1010.8,714,12,1010.7,828,9,1011.4,37,3,1011.5,41,1,1011.6,203,4,1011.7,490,8,1011.8,835,10
317,2025-11-26 14:35:13+05:30,1011.4,2,1002.1,8085092,402439.0,434592.0,986.2,1012.8,981.3,986.2,120539250,1084.8,887.6,1102.5,649.1,1011.1,2136,14,1011.0,1160,11,1010.9,706,9,1010.8,714,12,1010.7,828,9,1011.4,37,3,1011.5,41,1,1011.6,203,4,1011.7,490,8,1011.8,835,10
317,2025-11-26 14:35:13+05:30,1011.4,6,1002.1,8085092,402439.0,434592.0,986.2,1012.8,981.3,986.2,120539250,1084.8,887.6,1102.5,649.1,1011.1,2136,14,1011.0,1160,11,1010.9,706,9,1010.8,714,12,1010.7,828,9,1011.4,37,3,1011.5,41,1,1011.6,203,4,1011.7,490,8,1011.8,835,10
317,2025-11-26 14:35:13+05:30,1011.2,7,1002.1,8085204,399300.0,433201.0,986.2,1012.8,981.3,986.2,120539250,1084.8,887.6,1102.5,649.1,1011.2,124,4,1011.1,2067,16,1011.0,761,10,1010.9,1241,9,1010.8,688,10,1011.4,68,4,1011.5,41,1,1011.6,43,1,1011.7,320,5,1011.8,947,8
317,2025-11-26 14:35:13+05:30,1011.2,7,1002.1,8085204,399300.0,433201.0,986.2,1012.8,981.3,986.2,120539250,1084.8,887.6,1102.5,649.1,1011.2,124,4,1011.1,2067,16,1011.0,761,10,1010.9,1241,9,1010.8,688,10,1011.4,68,4,1011.5,41,1,1011.6,43,1,1011.7,320,5,1011.8,947,8
317,2025-11-26 14:35:14+05:30,1011.2,7,1002.1,8085204,399300.0,433201.0,986.2,1012.8,981.3,986.2,120539250,1084.8,887.6,1102.5,649.1,1011.2,124,4,1011.1,2067,16,1011.0,761,10,1010.9,1241,9,1010.8,688,10,1011.4,68,4,1011.5,41,1,1011.6,43,1,1011.7,320,5,1011.8,947,8
317,2025-11-26 14:35:14+05:30,1011.4,1,1002.1,8085204,399300.0,433201.0,986.2,1012.8,981.3,986.2,120539250,1084.8,887.6,1102.5,649.1,1011.2,124,4,1011.1,2067,16,1011.0,761,10,1010.9,1241,9,1010.8,688,10,1011.4,68,4,1011.5,41,1,1011.6,43,1,1011.7,320,5,1011.8,947,8
317,2025-11-26 14:35:14+05:30,1011.4,1,1002.1,8085204,399300.0,433201.0,986.2,1012.8,981.3,986.2,120539250,1084.8,887.6,1102.5,649.1,1011.2,124,4,1011.1,2067,16,1011.0,761,10,1010.9,1241,9,1010.8,688,10,1011.4,68,4,1011.5,41,1,1011.6,43,1,1011.7,320,5,1011.8,947,8
317,2025-11-26 14:35:14+05:30,1011.4,1,1002.1,8085205,399443.0,433284.0,986.2,1012.8,981.3,986.2,120539250,1084.8,887.6,1102.5,649.1,1011.2,38,3,1011.1,2116,15,1011.0,761,10,1010.9,1241,9,1010.8,688,10,1011.4,67,4,1011.5,87,2,1011.6,51,1,1011.7,320,5,1011.8,1245,9
317,2025-11-26 14:35:14+05:30,1011.4,1,1002.1,8085205,399443.0,433284.0,986.2,1012.8,981.3,986.2,120539250,1084.8,887.6,1102.5,649.1,1011.2,38,3,1011.1,2116,15,1011.0,761,10,1010.9,1241,9,1010.8,688,10,1011.4,67,4,1011.5,87,2,1011.6,51,1,1011.7,320,5,1011.8,1245,9
317,2025-11-26 14:35:15+05:30,1011.4,1,1002.1,8085205,399443.0,433284.0,986.2,1012.8,981.3,986.2,120539250,1084.8,887.6,1102.5,649.1,1011.2,38,3,1011.1,2116,15,1011.0,761,10,1010.9,1241,9,1010.8,688,10,1011.4,67,4,1011.5,87,2,1011.6,51,1,1011.7,320,5,1011.8,1245,9
317,2025-11-26 14:35:15+05:30,1011.4,2,1002.1,8085205,399443.0,433284.0,986.2,1012.8,981.3,986.2,120539250,1084.8,887.6,1102.5,649.1,1011.2,38,3,1011.1,2116,15,1011.0,761,10,1010.9,1241,9,1010.8,688,10,1011.4,67,4,1011.5,87,2,1011.6,51,1,1011.7,320,5,1011.8,1245,9
317,2025-11-26 14:35:15+05:30,1011.4,2,1002.1,8085205,399443.0,433284.0,986.2,1012.8,981.3,986.2,120539250,1084.8,887.6,1102.5,649.1,1011.2,38,3,1011.1,2116,15,1011.0,761,10,1010.9,1241,9,1010.8,688,10,1011.4,67,4,1011.5,87,2,1011.6,51,1,1011.7,320,5,1011.8,1245,9
317,2025-11-26 14:35:15+05:30,1011.4,2,1002.1,8085205,399443.0,433284.0,986.2,1012.8,981.3,986.2,120600750,1084.8,887.6,1102.5,649.1,1011.2,38,3,1011.1,2116,15,1011.0,761,10,1010.9,1241,9,1010.8,688,10,1011.4,67,4,1011.5,87,2,1011.6,51,1,1011.7,320,5,1011.8,1245,9
317,2025-11-26 14:35:16+05:30,1011.4,1,1002.1,8085205,399443.0,433284.0,986.2,1012.8,981.3,986.2,120600750,1084.8,887.6,1102.5,649.1,1011.2,38,3,1011.1,2116,15,1011.0,761,10,1010.9,1241,9,1010.8,688,10,1011.4,67,4,1011.5,87,2,1011.6,51,1,1011.7,320,5,1011.8,1245,9
317,2025-11-26 14:35:16+05:30,1011.4,1,1002.1,8085205,399443.0,433284.0,986.2,1012.8,981.3,986.2,120600750,1084.8,887.6,1102.5,649.1,1011.2,38,3,1011.1,2116,15,1011.0,761,10,1010.9,1241,9,1010.8,688,10,1011.4,67,4,1011.5,87,2,1011.6,51,1,1011.7,320,5,1011.8,1245,9
317,2025-11-26 14:35:16+05:30,1011.4,1,1002.1,8085214,400210.0,433945.0,986.2,1012.8,981.3,986.2,120600750,1084.8,887.6,1102.5,649.1,1011.3,149,3,1011.2,24,2,1011.1,2198,16,1011.0,727,9,1010.9,1206,9,1011.4,58,2,1011.5,87,2,1011.6,51,1,1011.7,734,5,1011.8,692,8
317,2025-11-26 14:35:16+05:30,1011.4,1,1002.1,8085214,400210.0,433945.0,986.2,1012.8,981.3,986.2,120600750,1084.8,887.6,1102.5,649.1,1011.3,149,3,1011.2,24,2,1011.1,2198,16,1011.0,727,9,1010.9,1206,9,1011.4,58,2,1011.5,87,2,1011.6,51,1,1011.7,734,5,1011.8,692,8
317,2025-11-26 14:35:17+05:30,1011.4,1,1002.1,8085214,400154.0,434153.0,986.2,1012.8,981.3,986.2,120600750,1084.8,887.6,1102.5,649.1,1011.3,149,3,1011.2,1,1,1011.1,2221,17,1011.0,727,9,1010.9,679,8,1011.4,406,4,1011.6,51,1,1011.7,734,5,1011.8,759,9,1011.9,1037,17
317,2025-11-26 14:35:18+05:30,1011.3,76,1002.1,8085214,400154.0,434153.0,986.2,1012.8,981.3,986.2,120600750,1084.8,887.6,1102.5,649.1,1011.3,149,3,1011.2,1,1,1011.1,2221,17,1011.0,727,9,1010.9,679,8,1011.4,406,4,1011.6,51,1,1011.7,734,5,1011.8,759,9,1011.9,1037,17
317,2025-11-26 14:35:18+05:30,1011.3,76,1002.1,8085439,399109.0,434541.0,986.2,1012.8,981.3,986.2,120600750,1084.8,887.6,1102.5,649.1,1011.3,9,1,1011.1,1842,9,1011.0,487,5,1010.9,679,8,1010.8,1883,11,1011.4,405,4,1011.5,85,3,1011.6,279,6,1011.7,807,6,1011.8,791,10
317,2025-11-26 14:35:19+05:30,1011.4,1,1002.1,8085439,399109.0,434541.0,986.2,1012.8,981.3,986.2,120600750,1084.8,887.6,1102.5,649.1,1011.3,9,1,1011.1,1842,9,1011.0,487,5,1010.9,679,8,1010.8,1883,11,1011.4,405,4,1011.5,85,3,1011.6,279,6,1011.7,807,6,1011.8,791,10
317,2025-11-26 14:35:19+05:30,1011.4,1,1002.1,8085525,399182.0,434664.0,986.2,1012.8,981.3,986.2,120600750,1084.8,887.6,1102.5,649.1,1011.3,9,1,1011.1,1845,9,1011.0,560,7,1010.9,702,9,1010.8,1925,10,1011.4,404,4,1011.5,85,3,1011.6,233,4,1011.7,963,10,1011.8,788,9
317,2025-11-26 14:35:20+05:30,1011.4,1,1002.1,8085525,399182.0,434664.0,986.2,1012.8,981.3,986.2,120600750,1084.8,887.6,1102.5,649.1,1011.3,9,1,1011.1,1845,9,1011.0,560,7,1010.9,702,9,1010.8,1925,10,1011.4,404,4,1011.5,85,3,1011.6,233,4,1011.7,963,10,1011.8,788,9
317,2025-11-26 14:35:20+05:30,1011.3,76,1002.1,8085617,398527.0,434812.0,986.2,1012.8,981.3,986.2,120600750,1084.8,887.6,1102.5,649.1,1011.1,1855,10,1011.0,647,8,1010.9,679,8,1010.8,1195,10,1010.7,776,11,1011.4,403,4,1011.5,30,1,1011.6,259,3,1011.7,985,9,1011.8,791,10
317,2025-11-26 14:35:21+05:30,1011.4,1,1002.1,8085617,398527.0,434812.0,986.2,1012.8,981.3,986.2,120600750,1084.8,887.6,1102.5,649.1,1011.1,1855,10,1011.0,647,8,1010.9,679,8,1010.8,1195,10,1010.7,776,11,1011.4,403,4,1011.5,30,1,1011.6,259,3,1011.7,985,9,1011.8,791,10
317,2025-11-26 14:35:21+05:30,1011.4,1,1002.1,8086118,399265.0,434356.0,986.2,1012.8,981.3,986.2,120600750,1084.8,887.6,1102.5,649.1,1011.3,9,1,1011.1,2016,12,1011.0,649,7,1010.9,679,8,1010.8,1885,11,1011.4,18,2,1011.5,81,2,1011.6,229,3,1011.7,837,9,1011.8,847,9
317,2025-11-26 14:35:22+05:30,1011.4,1,1002.1,8086118,399293.0,434377.0,986.2,1012.8,981.3,986.2,120600750,1084.8,887.6,1102.5,649.1,1011.3,9,1,1011.1,2016,12,1011.0,677,8,1010.9,679,8,1010.8,1885,11,1011.4,18,2,1011.5,81,2,1011.6,229,3,1011.7,811,7,1011.8,873,11
317,2025-11-26 14:35:23+05:30,1011.4,3,1002.1,8086118,399293.0,434377.0,986.2,1012.8,981.3,986.2,120600750,1084.8,887.6,1102.5,649.1,1011.3,9,1,1011.1,2016,12,1011.0,677,8,1010.9,679,8,1010.8,1885,11,1011.4,18,2,1011.5,81,2,1011.6,229,3,1011.7,811,7,1011.8,873,11
317,2025-11-26 14:35:23+05:30,1011.4,3,1002.1,8086240,398938.0,434112.0,986.2,1012.8,981.3,986.2,120600750,1084.8,887.6,1102.5,649.1,1011.4,12,2,1011.3,9,2,1011.2,107,1,1011.1,2067,13,1011.0,770,9,1011.6,87,1,1011.7,34,2,1011.8,647,11,1011.9,1402,18,1012.0,4582,55
317,2025-11-26 14:35:24+05:30,1011.5,30,1002.1,8086240,398938.0,434112.0,986.2,1012.8,981.3,986.2,120600750,1084.8,887.6,1102.5,649.1,1011.4,12,2,1011.3,9,2,1011.2,107,1,1011.1,2067,13,1011.0,770,9,1011.6,87,1,1011.7,34,2,1011.8,647,11,1011.9,1402,18,1012.0,4582,55
317,2025-11-26 14:35:24+05:30,1011.5,30,1002.1,8086880,398911.0,434665.0,986.2,1012.8,981.3,986.2,120600750,1084.8,887.6,1102.5,649.1,1011.5,12,2,1011.4,41,4,1011.2,584,3,1011.1,1852,8,1011.0,613,7,1011.6,272,4,1011.7,345,6,1011.8,994,13,1011.9,1052,17,1012.0,4412,53
317,2025-11-26 14:35:25+05:30,1011.4,21,1002.1,8086880,398911.0,434665.0,986.2,1012.8,981.3,986.2,120600750,1084.8,887.6,1102.5,649.1,1011.5,12,2,1011.4,41,4,1011.2,584,3,1011.1,1852,8,1011.0,613,7,1011.6,272,4,1011.7,345,6,1011.8,994,13,1011.9,1052,17,1012.0,4412,53
317,2025-11-26 14:35:25+05:30,1011.2,39,1002.1,8088344,397031.0,433649.0,986.2,1012.8,981.3,986.2,120600750,1084.8,887.6,1102.5,649.1,1011.1,1756,6,1011.0,500,5,1010.9,649,10,1010.8,658,9,1010.7,636,9,1011.2,21,1,1011.6,345,6,1011.7,958,11,1011.8,964,12,1011.9,779,11
317,2025-11-26 14:35:26+05:30,1011.6,109,1002.1,8088344,397031.0,433649.0,986.2,1012.8,981.3,986.2,120600750,1084.8,887.6,1102.5,649.1,1011.1,1756,6,1011.0,500,5,1010.9,649,10,1010.8,658,9,1010.7,636,9,1011.2,21,1,1011.6,345,6,1011.7,958,11,1011.8,964,12,1011.9,779,11
317,2025-11-26 14:35:26+05:30,1011.6,109,1002.1,8088818,398455.0,431247.0,986.2,1012.8,981.3,986.2,120600750,1084.8,887.6,1102.5,649.1,1011.2,357,5,1011.1,2091,11,1011.0,585,7,1010.9,1128,12,1010.8,698,12,1011.7,87,1,1011.8,354,6,1011.9,955,11,1012.0,4204,55,1012.1,2487,19
317,2025-11-26 14:35:27+05:30,1011.7,25,1002.1,8088818,398455.0,431247.0,986.2,1012.8,981.3,986.2,120600750,1084.8,887.6,1102.5,649.1,1011.2,357,5,1011.1,2091,11,1011.0,585,7,1010.9,1128,12,1010.8,698,12,1011.7,87,1,1011.8,354,6,1011.9,955,11,1012.0,4204,55,1012.1,2487,19
317,2025-11-26 14:35:27+05:30,1011.7,25,1002.1,8088843,398346.0,432515.0,986.2,1012.8,981.3,986.2,120600750,1084.8,887.6,1102.5,649.1,1011.2,432,6,1011.1,2010,10,1011.0,585,7,1010.9,1287,13,1010.8,573,10,1011.7,243,5,1011.8,644,10,1011.9,1064,11,1012.0,4200,54,1012.1,3156,19
317,2025-11-26 14:35:28+05:30,1011.7,25,1002.1,8088843,398369.0,432486.0,986.2,1012.8,981.3,986.2,120600750,1084.8,887.6,1102.5,649.1,1011.2,442,7,1011.1,2023,11,1011.0,585,7,1010.9,1287,13,1010.8,573,10,1011.7,134,3,1011.8,724,11,1011.9,1064,11,1012.0,4200,54,1012.1,3156,19
317,2025-11-26 14:35:29+05:30,1011.7,25,1002.1,8088843,398369.0,432486.0,986.2,1012.8,981.3,986.2,120600750,1084.8,887.6,1102.5,649.1,1011.2,442,7,1011.1,2023,11,1011.0,585,7,1010.9,1287,13,1010.8,573,10,1011.7,134,3,1011.8,724,11,1011.9,1064,11,1012.0,4200,54,1012.1,3156,19
317,2025-11-26 14:35:29+05:30,1011.7,25,1002.1,8088930,400117.0,432596.0,986.2,1012.8,981.3,986.2,120600750,1084.8,887.6,1102.5,649.1,1011.3,64,3,1011.2,579,9,1011.1,2075,12,1011.0,665,8,1010.9,1433,15,1011.7,81,2,1011.8,525,8,1011.9,1013,10,1012.0,4209,50,1012.1,2436,24
317,2025-11-26 14:35:30+05:30,1011.7,1,1002.1,8088930,400117.0,432596.0,986.2,1012.8,981.3,986.2,120600750,1084.8,887.6,1102.5,649.1,1011.3,64,3,1011.2,579,9,1011.1,2075,12,1011.0,665,8,1010.9,1433,15,1011.7,81,2,1011.8,525,8,1011.9,1013,10,1012.0,4209,50,1012.1,2436,24
317,2025-11-26 14:35:30+05:30,1011.3,21,1002.1,8089676,397507.0,434941.0,986.2,1012.8,981.3,986.2,120600750,1084.8,887.6,1102.5,649.1,1011.3,9,1,1011.2,29,3,1011.1,1696,6,1011.0,554,6,1010.9,1107,11,1011.6,483,8,1011.7,910,10,1011.8,1175,12,1011.9,824,12,1012.0,4599,53
317,2025-11-26 14:35:31+05:30,1011.6,1,1002.1,8089676,397507.0,434941.0,986.2,1012.8,981.3,986.2,120600750,1084.8,887.6,1102.5,649.1,1011.3,9,1,1011.2,29,3,1011.1,1696,6,1011.0,554,6,1010.9,1107,11,1011.6,483,8,1011.7,910,10,1011.8,1175,12,1011.9,824,12,1012.0,4599,53
317,2025-11-26 14:35:31+05:30,1011.6,1,1002.11,8089783,399018.0,434935.0,986.2,1012.8,981.3,986.2,120600750,1084.8,887.6,1102.5,649.1,1011.3,15,2,1011.2,844,5,1011.1,1820,7,1011.0,382,4,1010.9,727,11,1011.6,317,6,1011.7,667,9,1011.8,948,10,1011.9,985,14,1012.0,4599,53
317,2025-11-26 14:35:32+05:30,1011.6,1,1002.11,8089783,398984.0,435069.0,986.2,1012.8,981.3,986.2,120600750,1084.8,887.6,1102.5,649.1,1011.3,15,2,1011.2,139,3,1011.1,1940,8,1011.0,382,4,1010.9,1278,12,1011.6,317,6,1011.7,751,11,1011.8,952,11,1011.9,985,14,1012.0,4599,53
317,2025-11-26 14:35:33+05:30,1011.6,5,1002.11,8089783,398984.0,435069.0,986.2,1012.8,981.3,986.2,120600750,1084.8,887.6,1102.5,649.1,1011.3,15,2,1011.2,139,3,1011.1,1940,8,1011.0,382,4,1010.9,1278,12,1011.6,317,6,1011.7,751,11,1011.8,952,11,1011.9,985,14,1012.0,4599,53
317,2025-11-26 14:35:33+05:30,1011.6,5,1002.11,8090058,398810.0,433443.0,986.2,1012.8,981.3,986.2,120600750,1084.8,887.6,1102.5,649.1,1011.3,8,1,1011.2,59,3,1011.1,1947,9,1011.0,444,5,1010.9,1259,11,1011.6,141,4,1011.7,736,7,1011.8,683,9,1011.9,1036,13,1012.0,4551,53
317,2025-11-26 14:35:34+05:30,1011.6,1,1002.11,8090058,398810.0,433443.0,986.2,1012.8,981.3,986.2,120600750,1084.8,887.6,1102.5,649.1,1011.3,8,1,1011.2,59,3,1011.1,1947,9,1011.0,444,5,1010.9,1259,11,1011.6,141,4,1011.7,736,7,1011.8,683,9,1011.9,1036,13,1012.0,4551,53
317,2025-11-26 14:35:34+05:30,1011.6,1,1002.11,8090059,398936.0,433714.0,986.2,1012.8,981.3,986.2,120600750,1084.8,887.6,1102.5,649.1,1011.3,30,3,1011.2,134,3,1011.1,1827,8,1011.0,564,6,1010.9,1259,11,1011.6,140,4,1011.7,736,7,1011.8,981,10,1011.9,738,12,1012.0,4551,53
317,2025-11-26 14:35:35+05:30,1011.6,1,1002.11,8090059,398936.0,433714.0,986.2,1012.8,981.3,986.2,120600750,1084.8,887.6,1102.5,649.1,1011.3,30,3,1011.2,134,3,1011.1,1827,8,1011.0,564,6,1010.9,1259,11,1011.6,140,4,1011.7,736,7,1011.8,981,10,1011.9,738,12,1012.0,4551,53
317,2025-11-26 14:35:35+05:30,1011.6,1,1002.11,8090061,399535.0,434350.0,986.2,1012.8,981.3,986.2,120600750,1084.8,887.6,1102.5,649.1,1011.4,121,2,1011.3,30,3,1011.2,258,4,1011.1,1920,8,1011.0,676,7,1011.6,8,2,1011.7,539,5,1011.8,820,11,1011.9,1265,14,1012.0,4229,53
317,2025-11-26 14:35:36+05:30,1011.7,120,1002.11,8090061,399535.0,434350.0,986.2,1012.8,981.3,986.2,120600750,1084.8,887.6,1102.5,649.1,1011.4,121,2,1011.3,30,3,1011.2,258,4,1011.1,1920,8,1011.0,676,7,1011.6,8,2,1011.7,539,5,1011.8,820,11,1011.9,1265,14,1012.0,4229,53
317,2025-11-26 14:35:36+05:30,1011.4,76,1002.11,8090504,399110.0,433431.0,986.2,1012.8,981.3,986.2,120600750,1084.8,887.6,1102.5,649.1,1011.4,9,1,1011.3,9,1,1011.2,536,3,1011.1,1920,8,1011.0,639,11,1011.7,397,6,1011.8,1052,13,1011.9,954,12,1012.0,4238,53,1012.1,2290,21
317,2025-11-26 14:35:37+05:30,1011.4,85,1002.11,8090504,399110.0,433431.0,986.2,1012.8,981.3,986.2,120600750,1084.8,887.6,1102.5,649.1,1011.4,9,1,1011.3,9,1,1011.2,536,3,1011.1,1920,8,1011.0,639,11,1011.7,397,6,1011.8,1052,13,1011.9,954,12,1012.0,4238,53,1012.1,2290,21
317,2025-11-26 14:35:37+05:30,1011.4,85,1002.11,8090813,399367.0,434160.0,986.2,1012.8,981.3,986.2,120600750,1084.8,887.6,1102.5,649.1,1011.4,9,1,1011.3,9,1,1011.2,816,5,1011.1,1973,9,1011.0,639,11,1011.7,311,5,1011.8,1460,14,1011.9,954,12,1012.0,4440,56,1012.1,2414,22
317,2025-11-26 14:35:38+05:30,1011.4,85,1002.11,8090813,399367.0,434160.0,986.2,1012.8,981.3,986.2,120600750,1084.8,887.6,1102.5,649.1,1011.4,9,1,1011.3,9,1,1011.2,816,5,1011.1,1973,9,1011.0,639,11,1011.7,311,5,1011.8,1460,14,1011.9,954,12,1012.0,4440,56,1012.1,2414,22
317,2025-11-26 14:35:38+05:30,1011.3,21,1002.11,8091149,399541.0,433963.0,986.2,1012.8,981.3,986.2,120600750,1084.8,887.6,1102.5,649.1,1011.3,9,1,1011.2,14,2,1011.1,2169,11,1011.0,620,10,1010.9,1306,11,1011.6,48,1,1011.7,484,6,1011.8,1133,11,1011.9,912,12,1012.0,4905,56
317,2025-11-26 14:35:39+05:30,1011.6,1,1002.11,8091149,399541.0,433963.0,986.2,1012.8,981.3,986.2,120600750,1084.8,887.6,1102.5,649.1,1011.3,9,1,1011.2,14,2,1011.1,2169,11,1011.0,620,10,1010.9,1306,11,1011.6,48,1,1011.7,484,6,1011.8,1133,11,1011.9,912,12,1012.0,4905,56
317,2025-11-26 14:35:39+05:30,1011.7,9,1002.11,8091160,399418.0,433945.0,986.2,1012.8,981.3,986.2,120600750,1084.8,887.6,1102.5,649.1,1011.3,9,1,1011.2,138,3,1011.1,2037,10,1011.0,740,11,1010.9,1426,12,1011.7,653,6,1011.8,892,11,1011.9,1244,14,1012.0,4238,53,1012.1,2414,22
317,2025-11-26 14:35:40+05:30,1011.7,1,1002.11,8091160,399418.0,433945.0,986.2,1012.8,981.3,986.2,120600750,1084.8,887.6,1102.5,649.1,1011.3,9,1,1011.2,138,3,1011.1,2037,10,1011.0,740,11,1010.9,1426,12,1011.7,653,6,1011.8,892,11,1011.9,1244,14,1012.0,4238,53,1012.1,2414,22
317,2025-11-26 14:35:40+05:30,1011.7,1,1002.11,8091161,400004.0,433600.0,986.2,1012.8,981.3,986.2,120600750,1084.8,887.6,1102.5,649.1,1011.3,9,1,1011.2,734,5,1011.1,2037,10,1011.0,740,11,1010.9,869,11,1011.7,428,6,1011.8,772,10,1011.9,1270,16,1012.0,4212,51,1012.1,2414,22
317,2025-11-26 14:35:41+05:30,1011.3,6,1002.11,8091161,400004.0,433600.0,986.2,1012.8,981.3,986.2,120600750,1084.8,887.6,1102.5,649.1,1011.3,9,1,1011.2,734,5,1011.1,2037,10,1011.0,740,11,1010.9,869,11,1011.7,428,6,1011.8,772,10,1011.9,1270,16,1012.0,4212,51,1012.1,2414,22
317,2025-11-26 14:35:41+05:30,1011.3,6,1002.11,8091260,399853.0,433728.0,986.2,1012.8,981.3,986.2,120600750,1084.8,887.6,1102.5,649.1,1011.2,138,3,1011.1,1943,9,1011.0,731,11,1010.9,1324,11,1010.8,1315,12,1011.7,641,5,1011.8,866,11,1011.9,1271,16,1012.0,4547,52,1012.1,2414,22
317,2025-11-26 14:35:42+05:30,1011.6,4,1002.11,8091260,399853.0,433728.0,986.2,1012.8,981.3,986.2,120600750,1084.8,887.6,1102.5,649.1,1011.2,138,3,1011.1,1943,9,1011.0,731,11,1010.9,1324,11,1010.8,1315,12,1011.7,641,5,1011.8,866,11,1011.9,1271,16,1012.0,4547,52,1012.1,2414,22
317,2025-11-26 14:35:42+05:30,1011.7,1,1002.11,8091265,399766.0,433290.0,986.2,1012.8,981.3,986.2,120600750,1084.8,887.6,1102.5,649.1,1011.2,674,6,1011.1,1985,10,1011.0,691,10,1010.9,794,10,1010.8,1307,11,1011.7,632,5,1011.8,829,11,1011.9,1095,14,1012.0,4252,52,1012.1,2414,22
317,2025-11-26 14:35:43+05:30,1011.2,1,1002.11,8091265,399766.0,433290.0,986.2,1012.8,981.3,986.2,120600750,1084.8,887.6,1102.5,649.1,1011.2,674,6,1011.1,1985,10,1011.0,691,10,1010.9,794,10,1010.8,1307,11,1011.7,632,5,1011.8,829,11,1011.9,1095,14,1012.0,4252,52,1012.1,2414,22
317,2025-11-26 14:35:43+05:30,1011.2,1,1002.11,8091695,399614.0,433613.0,986.2,1012.8,981.3,986.2,120600750,1084.8,887.6,1102.5,649.1,1011.2,824,10,1011.1,2045,12,1011.0,681,11,1010.9,640,9,1010.8,466,10,1011.6,27,1,1011.7,565,5,1011.8,391,6,1011.9,1033,12,1012.0,4507,53
317,2025-11-26 14:35:44+05:30,1011.6,166,1002.11,8091695,399614.0,433613.0,986.2,1012.8,981.3,986.2,120600750,1084.8,887.6,1102.5,649.1,1011.2,824,10,1011.1,2045,12,1011.0,681,11,1010.9,640,9,1010.8,466,10,1011.6,27,1,1011.7,565,5,1011.8,391,6,1011.9,1033,12,1012.0,4507,53
317,2025-11-26 14:35:44+05:30,1011.3,50,1002.11,8092055,400086.0,434676.0,986.2,1012.8,981.3,986.2,120600750,1084.8,887.6,1102.5,649.1,1011.2,1065,6,1011.1,1405,11,1011.0,624,7,1010.9,1174,13,1010.8,1337,11,1011.6,170,3,1011.7,795,8,1011.8,1071,11,1011.9,950,13,1012.0,4378,55
317,2025-11-26 14:35:45+05:30,1011.6,2,1002.11,8092055,400086.0,434676.0,986.2,1012.8,981.3,986.2,120600750,1084.8,887.6,1102.5,649.1,1011.2,1065,6,1011.1,1405,11,1011.0,624,7,1010.9,1174,13,1010.8,1337,11,1011.6,170,3,1011.7,795,8,1011.8,1071,11,1011.9,950,13,1012.0,4378,55
317,2025-11-26 14:35:45+05:30,1011.2,9,1002.11,8092978,397168.0,435250.0,986.2,1012.8,981.3,986.2,120600750,1084.8,887.6,1102.5,649.1,1011.2,55,4,1011.1,793,3,1011.0,193,2,1010.9,572,10,1010.8,435,7,1011.6,737,10,1011.7,1491,19,1011.8,955,11,1011.9,1876,13,1012.0,4306,54
317,2025-11-26 14:35:46+05:30,1011.5,1,1002.11,8092978,397168.0,435250.0,986.2,1012.8,981.3,986.2,120600750,1084.8,887.6,1102.5,649.1,1011.2,55,4,1011.1,793,3,1011.0,193,2,1010.9,572,10,1010.8,435,7,1011.6,737,10,1011.7,1491,19,1011.8,955,11,1011.9,1876,13,1012.0,4306,54
317,2025-11-26 14:35:46+05:30,1011.4,13,1002.11,8095742,395296.0,434335.0,986.2,1012.8,981.3,986.2,120600750,1084.8,887.6,1102.5,649.1,1011.2,124,3,1011.1,148,2,1011.0,253,3,1010.9,391,5,1010.8,717,8,1011.5,152,4,1011.6,623,9,1011.7,783,15,1011.8,957,11,1011.9,1658,13
317,2025-11-26 14:35:47+05:30,1011.4,13,1002.11,8095742,395296.0,434335.0,986.2,1012.8,981.3,986.2,120600750,1084.8,887.6,1102.5,649.1,1011.2,124,3,1011.1,148,2,1011.0,253,3,1010.9,391,5,1010.8,717,8,1011.5,152,4,1011.6,623,9,1011.7,783,15,1011.8,957,11,1011.9,1658,13
317,2025-11-26 14:35:47+05:30,1011.2,16,1002.11,8096136,395518.0,435472.0,986.2,1012.8,981.3,986.2,120600750,1084.8,887.6,1102.5,649.1,1011.0,186,2,1010.9,176,4,1010.8,1153,6,1010.7,1214,15,1010.6,615,9,1011.4,111,1,1011.5,560,8,1011.6,1083,11,1011.7,752,12,1011.8,869,14
317,2025-11-26 14:35:48+05:30,1010.9,13,1002.11,8096136,395518.0,435472.0,986.2,1012.8,981.3,986.2,120600750,1084.8,887.6,1102.5,649.1,1011.0,186,2,1010.9,176,4,1010.8,1153,6,1010.7,1214,15,1010.6,615,9,1011.4,111,1,1011.5,560,8,1011.6,1083,11,1011.7,752,12,1011.8,869,14
317,2025-11-26 14:35:48+05:30,1011.4,189,1002.11,8097021,395899.0,435055.0,986.2,1012.8,981.3,986.2,120600750,1084.8,887.6,1102.5,649.1,1010.9,353,7,1010.8,1486,10,1010.7,724,14,1010.6,1077,8,1010.5,1546,16,1011.5,327,5,1011.6,744,11,1011.7,1045,12,1011.8,943,14,1011.9,1573,13
317,2025-11-26 14:35:49+05:30,1011.4,2,1002.11,8097021,395899.0,435055.0,986.2,1012.8,981.3,986.2,120600750,1084.8,887.6,1102.5,649.1,1010.9,353,7,1010.8,1486,10,1010.7,724,14,1010.6,1077,8,1010.5,1546,16,1011.5,327,5,1011.6,744,11,1011.7,1045,12,1011.8,943,14,1011.9,1573,13
317,2025-11-26 14:35:49+05:30,1011.4,26,1002.11,8097051,396097.0,434950.0,986.2,1012.8,981.3,986.2,120600750,1084.8,887.6,1102.5,649.1,1010.9,391,8,1010.8,1597,11,1010.7,711,13,1010.6,1090,9,1010.5,1585,17,1011.4,83,1,1011.5,340,5,1011.6,744,11,1011.7,1045,12,1011.8,1002,14
317,2025-11-26 14:35:50+05:30,1011.4,1,1002.11,8097051,396097.0,434950.0,986.2,1012.8,981.3,986.2,120600750,1084.8,887.6,1102.5,649.1,1010.9,391,8,1010.8,1597,11,1010.7,711,13,1010.6,1090,9,1010.5,1585,17,1011.4,83,1,1011.5,340,5,1011.6,744,11,1011.7,1045,12,1011.8,1002,14
317,2025-11-26 14:35:50+05:30,1011.2,77,1002.11,8097338,396092.0,433299.0,986.2,1012.8,981.3,986.2,120600750,1084.8,887.6,1102.5,649.1,1011.0,368,4,1010.9,1342,9,1010.8,759,9,1010.7,694,12,1010.6,798,6,1011.4,87,1,1011.5,102,3,1011.6,575,8,1011.7,521,8,1011.8,899,10
317,2025-11-26 14:35:51+05:30,1011.4,3,1002.11,8097338,396092.0,433299.0,986.2,1012.8,981.3,986.2,120600750,1084.8,887.6,1102.5,649.1,1011.0,368,4,1010.9,1342,9,1010.8,759,9,1010.7,694,12,1010.6,798,6,1011.4,87,1,1011.5,102,3,1011.6,575,8,1011.7,521,8,1011.8,899,10
317,2025-11-26 14:35:51+05:30,1011.0,25,1002.11,8097367,396409.0,433427.0,986.2,1012.8,981.3,986.2,120600750,1084.8,887.6,1102.5,649.1,1011.0,545,5,1010.9,1403,10,1010.8,746,8,1010.7,707,13,1010.6,868,7,1011.4,83,1,1011.5,102,3,1011.6,379,7,1011.7,657,9,1011.8,899,10
317,2025-11-26 14:35:52+05:30,1011.3,10,1002.11,8097367,396409.0,433427.0,986.2,1012.8,981.3,986.2,120600750,1084.8,887.6,1102.5,649.1,1011.0,545,5,1010.9,1403,10,1010.8,746,8,1010.7,707,13,1010.6,868,7,1011.4,83,1,1011.5,102,3,1011.6,379,7,1011.7,657,9,1011.8,899,10
317,2025-11-26 14:35:52+05:30,1010.9,21,1002.12,8099468,396885.0,433838.0,986.2,1012.8,981.3,986.2,120600750,1084.8,887.6,1102.5,649.1,1010.9,9,1,1010.8,1834,9,1010.7,671,8,1010.6,1048,9,1010.5,1685,23,1011.3,10,1,1011.4,458,2,1011.5,507,9,1011.6,1021,12,1011.7,697,10
317,2025-11-26 14:35:53+05:30,1011.5,14,1002.12,8099468,396885.0,433838.0,986.2,1012.8,981.3,986.2,120600750,1084.8,887.6,1102.5,649.1,1010.9,9,1,1010.8,1834,9,1010.7,671,8,1010.6,1048,9,1010.5,1685,23,1011.3,10,1,1011.4,458,2,1011.5,507,9,1011.6,1021,12,1011.7,697,10
317,2025-11-26 14:35:53+05:30,1011.5,14,1002.12,8101262,396944.0,434827.0,986.2,1012.8,981.3,986.2,120600750,1084.8,887.6,1102.5,649.1,1011.1,619,1,1011.0,230,2,1010.9,613,8,1010.8,663,9,1010.7,724,7,1011.5,742,10,1011.6,883,18,1011.7,914,9,1011.8,1323,9,1011.9,984,14
317,2025-11-26 14:35:54+05:30,1011.5,1,1002.12,8101262,396944.0,434827.0,986.2,1012.8,981.3,986.2,120600750,1084.8,887.6,1102.5,649.1,1011.1,619,1,1011.0,230,2,1010.9,613,8,1010.8,663,9,1010.7,724,7,1011.5,742,10,1011.6,883,18,1011.7,914,9,1011.8,1323,9,1011.9,984,14
317,2025-11-26 14:35:54+05:30,1011.2,21,1002.12,8101396,397351.0,435096.0,986.2,1012.8,981.3,986.2,120600750,1084.8,887.6,1102.5,649.1,1011.1,1369,2,1011.0,154,2,1010.9,341,6,1010.8,461,8,1010.7,683,8,1011.5,985,10,1011.6,833,16,1011.7,616,8,1011.8,1616,9,1011.9,947,13
317,2025-11-26 14:35:55+05:30,1011.5,3,1002.12,8101396,397351.0,435096.0,986.2,1012.8,981.3,986.2,120600750,1084.8,887.6,1102.5,649.1,1011.1,1369,2,1011.0,154,2,1010.9,341,6,1010.8,461,8,1010.7,683,8,1011.5,985,10,1011.6,833,16,1011.7,616,8,1011.8,1616,9,1011.9,947,13
317,2025-11-26 14:35:55+05:30,1011.5,12,1002.12,8101432,397214.0,434827.0,986.2,1012.8,981.3,986.2,120600750,1084.8,887.6,1102.5,649.1,1011.1,18,1,1011.0,244,3,1010.9,328,5,1010.8,1924,11,1010.7,683,8,1011.5,923,11,1011.6,994,11,1011.7,635,9,1011.8,647,12,1011.9,1734,15
317,2025-11-26 14:35:56+05:30,1011.5,1,1002.12,8101432,397214.0,434827.0,986.2,1012.8,981.3,986.2,120600750,1084.8,887.6,1102.5,649.1,1011.1,18,1,1011.0,244,3,1010.9,328,5,1010.8,1924,11,1010.7,683,8,1011.5,923,11,1011.6,994,11,1011.7,635,9,1011.8,647,12,1011.9,1734,15
317,2025-11-26 14:35:56+05:30,1011.5,12,1002.12,8102280,398306.0,435070.0,986.2,1012.8,981.3,986.2,120600750,1084.8,887.6,1102.5,649.1,1011.1,60,3,1011.0,1737,8,1010.9,431,6,1010.8,664,9,1010.7,1382,13,1011.5,229,4,1011.6,822,7,1011.7,975,9,1011.8,637,8,1011.9,936,14
317,2025-11-26 14:35:57+05:30,1011.5,12,1002.12,8102280,398306.0,435070.0,986.2,1012.8,981.3,986.2,120600750,1084.8,887.6,1102.5,649.1,1011.1,60,3,1011.0,1737,8,1010.9,431,6,1010.8,664,9,1010.7,1382,13,1011.5,229,4,1011.6,822,7,1011.7,975,9,1011.8,637,8,1011.9,936,14
317,2025-11-26 14:35:57+05:30,1011.5,12,1002.12,8102280,398675.0,435071.0,986.2,1012.8,981.3,986.2,120600750,1084.8,887.6,1102.5,649.1,1011.1,124,4,1011.0,1997,10,1010.9,446,7,1010.8,677,10,1010.7,1369,12,1011.5,229,4,1011.6,822,7,1011.7,671,7,1011.8,935,9,1011.9,936,14
317,2025-11-26 14:35:58+05:30,1011.5,115,1002.12,8102280,398675.0,435071.0,986.2,1012.8,981.3,986.2,120600750,1084.8,887.6,1102.5,649.1,1011.1,124,4,1011.0,1997,10,1010.9,446,7,1010.8,677,10,1010.7,1369,12,1011.5,229,4,1011.6,822,7,1011.7,671,7,1011.8,935,9,1011.9,936,14
317,2025-11-26 14:35:58+05:30,1011.5,115,1002.12,8102395,398634.0,433770.0,986.2,1012.8,981.3,986.2,120600750,1084.8,887.6,1102.5,649.1,1011.1,298,8,1011.0,2260,14,1010.9,353,5,1010.8,604,9,1010.7,1239,11,1011.5,114,4,1011.6,339,4,1011.7,425,4,1011.8,689,6,1011.9,904,15
317,2025-11-26 14:35:59+05:30,1011.5,1,1002.12,8102395,398634.0,433770.0,986.2,1012.8,981.3,986.2,120600750,1084.8,887.6,1102.5,649.1,1011.1,298,8,1011.0,2260,14,1010.9,353,5,1010.8,604,9,1010.7,1239,11,1011.5,114,4,1011.6,339,4,1011.7,425,4,1011.8,689,6,1011.9,904,15
317,2025-11-26 14:35:59+05:30,1011.5,1,1002.12,8102396,398828.0,434069.0,986.2,1012.8,981.3,986.2,120600750,1084.8,887.6,1102.5,649.1,1011.1,1801,10,1011.0,891,12,1010.9,403,7,1010.8,604,9,1010.7,1217,10,1011.5,113,4,1011.6,339,4,1011.7,425,4,1011.8,885,9,1011.9,904,15
317,2025-11-26 14:36:00+05:30,1011.5,1,1002.12,8102396,398828.0,434069.0,986.2,1012.8,981.3,986.2,120600750,1084.8,887.6,1102.5,649.1,1011.1,1801,10,1011.0,891,12,1010.9,403,7,1010.8,604,9,1010.7,1217,10,1011.5,113,4,1011.6,339,4,1011.7,425,4,1011.8,885,9,1011.9,904,15
317,2025-11-26 14:36:00+05:30,1011.1,6,1002.12,8102407,398923.0,434147.0,986.2,1012.8,981.3,986.2,120600750,1084.8,887.6,1102.5,649.1,1011.1,1876,13,1011.0,849,12,1010.9,394,6,1010.8,1214,11,1010.7,743,9,1011.5,111,4,1011.6,156,4,1011.7,544,4,1011.8,1034,11,1011.9,863,12
317,2025-11-26 14:36:01+05:30,1011.5,1,1002.12,8102407,398923.0,434147.0,986.2,1012.8,981.3,986.2,120600750,1084.8,887.6,1102.5,649.1,1011.1,1876,13,1011.0,849,12,1010.9,394,6,1010.8,1214,11,1010.7,743,9,1011.5,111,4,1011.6,156,4,1011.7,544,4,1011.8,1034,11,1011.9,863,12
317,2025-11-26 14:36:01+05:30,1011.5,5,1002.12,8102524,399034.0,434408.0,986.2,1012.8,981.3,986.2,120600750,1084.8,887.6,1102.5,649.1,1011.1,1941,15,1011.0,963,13,1010.9,504,7,1010.8,660,11,1010.7,743,9,1011.5,5,2,1011.6,156,4,1011.7,544,4,1011.8,1034,11,1011.9,877,14
317,2025-11-26 14:36:02+05:30,1011.5,5,1002.12,8102524,399034.0,434408.0,986.2,1012.8,981.3,986.2,120600750,1084.8,887.6,1102.5,649.1,1011.1,1941,15,1011.0,963,13,1010.9,504,7,1010.8,660,11,1010.7,743,9,1011.5,5,2,1011.6,156,4,1011.7,544,4,1011.8,1034,11,1011.9,877,14
317,2025-11-26 14:36:02+05:30,1011.5,5,1002.12,8102524,399009.0,434429.0,986.2,1012.8,981.3,986.2,120600750,1084.8,887.6,1102.5,649.1,1011.1,1862,13,1011.0,963,13,1010.9,504,7,1010.8,660,11,1010.7,1326,10,1011.5,5,2,1011.6,153,3,1011.7,552,6,1011.8,1034,11,1011.9,877,14
317,2025-11-26 14:36:03+05:30,1011.5,3,1002.12,8102524,399009.0,434429.0,986.2,1012.8,981.3,986.2,120600750,1084.8,887.6,1102.5,649.1,1011.1,1862,13,1011.0,963,13,1010.9,504,7,1010.8,660,11,1010.7,1326,10,1011.5,5,2,1011.6,153,3,1011.7,552,6,1011.8,1034,11,1011.9,877,14
317,2025-11-26 14:36:03+05:30,1011.3,30,1002.12,8104416,399423.0,433150.0,986.2,1012.8,981.3,986.2,120600750,1084.8,887.6,1102.5,649.1,1011.2,221,3,1011.1,1665,12,1011.0,642,9,1010.9,676,8,1010.8,968,13,1011.5,87,1,1011.6,418,5,1011.7,352,4,1011.8,792,7,1011.9,840,13
317,2025-11-26 14:36:04+05:30,1011.6,1,1002.12,8104416,399423.0,433150.0,986.2,1012.8,981.3,986.2,120600750,1084.8,887.6,1102.5,649.1,1011.2,221,3,1011.1,1665,12,1011.0,642,9,1010.9,676,8,1010.8,968,13,1011.5,87,1,1011.6,418,5,1011.7,352,4,1011.8,792,7,1011.9,840,13
317,2025-11-26 14:36:04+05:30,1011.1,15,1002.12,8105952,397178.0,435198.0,986.2,1012.8,981.3,986.2,120600750,1084.8,887.6,1102.5,649.1,1011.0,155,4,1010.9,607,4,1010.8,905,5,1010.7,821,12,1010.6,749,11,1011.5,689,7,1011.6,1011,11,1011.7,691,11,1011.8,681,10,1011.9,1015,14
317,2025-11-26 14:36:05+05:30,1011.3,2,1002.12,8105952,397178.0,435198.0,986.2,1012.8,981.3,986.2,120600750,1084.8,887.6,1102.5,649.1,1011.0,155,4,1010.9,607,4,1010.8,905,5,1010.7,821,12,1010.6,749,11,1011.5,689,7,1011.6,1011,11,1011.7,691,11,1011.8,681,10,1011.9,1015,14
317,2025-11-26 14:36:05+05:30,1011.3,2,1002.12,8106432,397036.0,435583.0,986.2,1012.8,981.3,986.2,120600750,1084.8,887.6,1102.5,649.1,1010.9,1604,7,1010.8,906,5,1010.7,880,15,1010.6,455,6,1010.5,1485,16,1011.3,105,2,1011.4,87,1,1011.5,642,4,1011.6,762,12,1011.7,1057,12
317,2025-11-26 14:36:06+05:30,1011.3,1,1002.12,8106432,397036.0,435583.0,986.2,1012.8,981.3,986.2,120600750,1084.8,887.6,1102.5,649.1,1010.9,1604,7,1010.8,906,5,1010.7,880,15,1010.6,455,6,1010.5,1485,16,1011.3,105,2,1011.4,87,1,1011.5,642,4,1011.6,762,12,1011.7,1057,12
317,2025-11-26 14:36:06+05:30,1011.3,1,1002.12,8106433,397036.0,435937.0,986.2,1012.8,981.3,986.2,120600750,1084.8,887.6,1102.5,649.1,1010.9,1604,7,1010.8,906,5,1010.7,880,15,1010.6,455,6,1010.5,1485,16,1011.3,104,2,1011.4,87,1,1011.5,644,5,1011.6,762,12,1011.7,1057,12
317,2025-11-26 14:36:07+05:30,1011.3,1,1002.12,8106433,397323.0,435932.0,986.2,1012.8,981.3,986.2,120600750,1084.8,887.6,1102.5,649.1,1010.9,1653,8,1010.8,906,5,1010.7,916,16,1010.6,657,7,1010.5,1485,16,1011.3,102,1,1011.4,87,1,1011.5,644,5,1011.6,762,12,1011.7,1107,13
317,2025-11-26 14:36:08+05:30,1011.3,1,1002.12,8106433,397588.0,435836.0,986.2,1012.8,981.3,986.2,120600750,1084.8,887.6,1102.5,649.1,1011.2,1,1,1011.0,204,2,1010.9,1487,6,1010.8,1033,6,1010.7,916,16,1011.3,102,1,1011.4,87,1,1011.5,709,6,1011.6,824,12,1011.7,916,12
317,2025-11-26 14:36:09+05:30,1011.3,2,1002.12,8106433,397588.0,435836.0,986.2,1012.8,981.3,986.2,120600750,1084.8,887.6,1102.5,649.1,1011.2,1,1,1011.0,204,2,1010.9,1487,6,1010.8,1033,6,1010.7,916,16,1011.3,102,1,1011.4,87,1,1011.5,709,6,1011.6,824,12,1011.7,916,12
317,2025-11-26 14:36:09+05:30,1011.3,2,1002.12,8106435,397597.0,435803.0,986.2,1012.8,981.3,986.2,120600750,1084.8,887.6,1102.5,649.1,1011.2,1,1,1011.1,9,1,1011.0,331,3,1010.9,1360,5,1010.8,1033,6,1011.3,100,1,1011.4,87,1,1011.5,709,6,1011.6,824,12,1011.7,985,13
317,2025-11-26 14:36:10+05:30,1011.3,1,1002.12,8106435,397597.0,435803.0,986.2,1012.8,981.3,986.2,120600750,1084.8,887.6,1102.5,649.1,1011.2,1,1,1011.1,9,1,1011.0,331,3,1010.9,1360,5,1010.8,1033,6,1011.3,100,1,1011.4,87,1,1011.5,709,6,1011.6,824,12,1011.7,985,13
317,2025-11-26 14:36:10+05:30,1011.3,1,1002.12,8106436,397874.0,436788.0,986.2,1012.8,981.3,986.2,120600750,1084.8,887.6,1102.5,649.1,1011.2,2,2,1011.1,9,1,1011.0,331,3,1010.9,1471,6,1010.8,628,7,1011.3,99,1,1011.4,87,1,1011.5,709,6,1011.6,824,12,1011.7,980,12
317,2025-11-26 14:36:11+05:30,1011.3,17,1002.12,8106436,397874.0,436788.0,986.2,1012.8,981.3,986.2,120600750,1084.8,887.6,1102.5,649.1,1011.2,2,2,1011.1,9,1,1011.0,331,3,1010.9,1471,6,1010.8,628,7,1011.3,99,1,1011.4,87,1,1011.5,709,6,1011.6,824,12,1011.7,980,12
317,2025-11-26 14:36:11+05:30,1011.3,17,1002.12,8106455,397728.0,436838.0,986.2,1012.8,981.3,986.2,120600750,1084.8,887.6,1102.5,649.1,1011.2,11,3,1011.1,9,1,1011.0,204,2,1010.9,1588,7,1010.8,628,7,1011.3,80,1,1011.4,87,1,1011.5,709,6,1011.6,1191,14,1011.7,682,11
317,2025-11-26 14:36:12+05:30,1011.3,17,1002.12,8106455,397734.0,436627.0,986.2,1012.8,981.3,986.2,120600750,1084.8,887.6,1102.5,649.1,1011.2,17,4,1011.1,9,1,1011.0,321,3,1010.9,1539,7,1010.8,628,7,1011.3,80,1,1011.4,87,1,1011.5,644,5,1011.6,1122,13,1011.7,613,10
317,2025-11-26 14:36:13+05:30,1011.3,23,1002.12,8106455,397734.0,436627.0,986.2,1012.8,981.3,986.2,120600750,1084.8,887.6,1102.5,649.1,1011.2,17,4,1011.1,9,1,1011.0,321,3,1010.9,1539,7,1010.8,628,7,1011.3,80,1,1011.4,87,1,1011.5,644,5,1011.6,1122,13,1011.7,613,10
317,2025-11-26 14:36:13+05:30,1011.3,37,1002.12,8106603,397669.0,436500.0,986.2,1012.8,981.3,986.2,120600750,1084.8,887.6,1102.5,649.1,1011.2,11,2,1011.1,9,1,1011.0,451,4,1010.9,1490,6,1010.8,628,7,1011.3,18,2,1011.4,87,1,1011.5,514,4,1011.6,1189,14,1011.7,681,11
317,2025-11-26 14:36:14+05:30,1011.2,2,1002.12,8106603,397669.0,436500.0,986.2,1012.8,981.3,986.2,120600750,1084.8,887.6,1102.5,649.1,1011.2,11,2,1011.1,9,1,1011.0,451,4,1010.9,1490,6,1010.8,628,7,1011.3,18,2,1011.4,87,1,1011.5,514,4,1011.6,1189,14,1011.7,681,11
317,2025-11-26 14:36:14+05:30,1011.2,2,1002.13,8108037,394943.0,437946.0,986.2,1012.8,981.3,986.2,120600750,1084.8,887.6,1102.5,649.1,1010.8,387,5,1010.7,1155,8,1010.6,536,6,1010.5,1515,17,1010.4,1429,14,1011.2,577,5,1011.3,50,4,1011.4,395,4,1011.5,1277,13,1011.6,1016,18
317,2025-11-26 14:36:15+05:30,1011.2,2,1002.13,8108037,394943.0,437946.0,986.2,1012.8,981.3,986.2,120600750,1084.8,887.6,1102.5,649.1,1010.8,387,5,1010.7,1155,8,1010.6,536,6,1010.5,1515,17,1010.4,1429,14,1011.2,577,5,1011.3,50,4,1011.4,395,4,1011.5,1277,13,1011.6,1016,18
317,2025-11-26 14:36:15+05:30,1011.2,2,1002.13,8108039,396536.0,438899.0,986.2,1012.8,981.3,986.2,120600750,1084.8,887.6,1102.5,649.1,1010.9,121,2,1010.8,409,7,1010.7,1237,9,1010.6,631,8,1010.5,1645,18,1011.2,575,5,1011.3,56,4,1011.4,465,5,1011.5,1418,15,1011.6,1031,19
317,2025-11-26 14:36:16+05:30,1011.2,2,1002.13,8108039,396536.0,438899.0,986.2,1012.8,981.3,986.2,120600750,1084.8,887.6,1102.5,649.1,1010.9,121,2,1010.8,409,7,1010.7,1237,9,1010.6,631,8,1010.5,1645,18,1011.2,575,5,1011.3,56,4,1011.4,465,5,1011.5,1418,15,1011.6,1031,19
317,2025-11-26 14:36:16+05:30,1011.2,79,1002.13,8108192,396490.0,438490.0,986.2,1012.8,981.3,986.2,120600750,1084.8,887.6,1102.5,649.1,1010.9,121,2,1010.8,464,8,1010.7,1237,9,1010.6,631,8,1010.5,1645,18,1011.2,503,6,1011.3,56,4,1011.4,398,4,1011.5,1418,15,1011.6,1031,19
317,2025-11-26 14:36:17+05:30,1011.2,79,1002.13,8108192,396490.0,438490.0,986.2,1012.8,981.3,986.2,120600750,1084.8,887.6,1102.5,649.1,1010.9,121,2,1010.8,464,8,1010.7,1237,9,1010.6,631,8,1010.5,1645,18,1011.2,503,6,1011.3,56,4,1011.4,398,4,1011.5,1418,15,1011.6,1031,19
317,2025-11-26 14:36:17+05:30,1011.2,79,1002.13,8108192,398639.0,437473.0,986.2,1012.8,981.3,986.2,120600750,1084.8,887.6,1102.5,649.1,1010.9,1890,10,1010.8,617,8,1010.7,1261,10,1010.6,631,8,1010.5,1645,18,1011.2,503,6,1011.3,21,2,1011.4,217,2,1011.5,936,12,1011.6,1399,21
317,2025-11-26 14:36:18+05:30,1010.9,71,1002.13,8108192,398639.0,437473.0,986.2,1012.8,981.3,986.2,120600750,1084.8,887.6,1102.5,649.1,1010.9,1890,10,1010.8,617,8,1010.7,1261,10,1010.6,631,8,1010.5,1645,18,1011.2,503,6,1011.3,21,2,1011.4,217,2,1011.5,936,12,1011.6,1399,21
317,2025-11-26 14:36:18+05:30,1010.9,71,1002.13,8108263,398289.0,437497.0,986.2,1012.8,981.3,986.2,120600750,1084.8,887.6,1102.5,649.1,1010.9,1784,9,1010.8,692,9,1010.7,810,10,1010.6,631,8,1010.5,2145,19,1011.2,506,8,1011.3,13,1,1011.4,217,2,1011.5,934,11,1011.6,1399,21
317,2025-11-26 14:36:19+05:30,1011.2,1,1002.13,8108263,398289.0,437497.0,986.2,1012.8,981.3,986.2,120600750,1084.8,887.6,1102.5,649.1,1010.9,1784,9,1010.8,692,9,1010.7,810,10,1010.6,631,8,1010.5,2145,19,1011.2,506,8,1011.3,13,1,1011.4,217,2,1011.5,934,11,1011.6,1399,21
317,2025-11-26 14:36:19+05:30,1011.2,1,1002.13,8108595,397739.0,438127.0,986.2,1012.8,981.3,986.2,120600750,1084.8,887.6,1102.5,649.1,1010.9,1358,8,1010.8,568,7,1010.7,810,10,1010.6,631,8,1010.5,2145,19,1011.2,426,7,1011.3,61,2,1011.4,217,2,1011.5,941,11,1011.6,1399,21
317,2025-11-26 14:36:20+05:30,1011.2,2,1002.13,8108595,397739.0,438127.0,986.2,1012.8,981.3,986.2,120600750,1084.8,887.6,1102.5,649.1,1010.9,1358,8,1010.8,568,7,1010.7,810,10,1010.6,631,8,1010.5,2145,19,1011.2,426,7,1011.3,61,2,1011.4,217,2,1011.5,941,11,1011.6,1399,21
317,2025-11-26 14:36:20+05:30,1011.2,5,1002.13,8108603,397878.0,438081.0,986.2,1012.8,981.3,986.2,120600750,1084.8,887.6,1102.5,649.1,1010.9,1358,8,1010.8,698,8,1010.7,810,10,1010.6,1140,9,1010.5,1645,18,1011.2,408,6,1011.3,61,2,1011.4,284,3,1011.5,941,11,1011.6,1399,21
317,2025-11-26 14:36:21+05:30,1011.2,1,1002.13,8108603,397878.0,438081.0,986.2,1012.8,981.3,986.2,120600750,1084.8,887.6,1102.5,649.1,1010.9,1358,8,1010.8,698,8,1010.7,810,10,1010.6,1140,9,1010.5,1645,18,1011.2,408,6,1011.3,61,2,1011.4,284,3,1011.5,941,11,1011.6,1399,21
317,2025-11-26 14:36:21+05:30,1011.2,1,1002.13,8108604,397879.0,438122.0,986.2,1012.8,981.3,986.2,120600750,1084.8,887.6,1102.5,649.1,1010.9,1358,8,1010.8,698,8,1010.7,810,10,1010.6,1140,9,1010.5,1645,18,1011.2,427,7,1011.3,61,2,1011.4,284,3,1011.5,941,11,1011.6,1399,21
317,2025-11-26 14:36:22+05:30,1011.2,2,1002.13,8108604,397879.0,438122.0,986.2,1012.8,981.3,986.2,120600750,1084.8,887.6,1102.5,649.1,1010.9,1358,8,1010.8,698,8,1010.7,810,10,1010.6,1140,9,1010.5,1645,18,1011.2,427,7,1011.3,61,2,1011.4,284,3,1011.5,941,11,1011.6,1399,21
317,2025-11-26 14:36:22+05:30,1011.2,2,1002.13,8108606,397879.0,438119.0,986.2,1012.8,981.3,986.2,120600750,1084.8,887.6,1102.5,649.1,1010.9,1358,8,1010.8,698,8,1010.7,810,10,1010.6,1140,9,1010.5,1645,18,1011.2,437,8,1011.3,48,1,1011.4,284,3,1011.5,941,11,1011.6,1399,21
317,2025-11-26 14:36:23+05:30,1011.2,4,1002.13,8108606,397879.0,438119.0,986.2,1012.8,981.3,986.2,120600750,1084.8,887.6,1102.5,649.1,1010.9,1358,8,1010.8,698,8,1010.7,810,10,1010.6,1140,9,1010.5,1645,18,1011.2,437,8,1011.3,48,1,1011.4,284,3,1011.5,941,11,1011.6,1399,21
317,2025-11-26 14:36:23+05:30,1011.2,4,1002.13,8108638,397862.0,437758.0,986.2,1012.8,981.3,986.2,120600750,1084.8,887.6,1102.5,649.1,1010.9,1470,9,1010.8,636,8,1010.7,810,10,1010.6,1140,9,1010.5,1645,18,1011.2,405,7,1011.3,48,1,1011.4,284,3,1011.5,634,10,1011.6,1399,21
317,2025-11-26 14:36:24+05:30,1011.0,213,1002.13,8108638,397862.0,437758.0,986.2,1012.8,981.3,986.2,120600750,1084.8,887.6,1102.5,649.1,1010.9,1470,9,1010.8,636,8,1010.7,810,10,1010.6,1140,9,1010.5,1645,18,1011.2,405,7,1011.3,48,1,1011.4,284,3,1011.5,634,10,1011.6,1399,21
317,2025-11-26 14:36:24+05:30,1011.0,213,1002.13,8109773,396228.0,438304.0,986.2,1012.8,981.3,986.2,120600750,1084.8,887.6,1102.5,649.1,1010.9,69,5,1010.8,33,2,1010.7,1499,8,1010.6,583,6,1010.5,1744,18,1011.0,43,1,1011.2,521,9,1011.3,325,5,1011.4,765,13,1011.5,919,10
317,2025-11-26 14:36:25+05:30,1011.0,2,1002.13,8109773,396228.0,438304.0,986.2,1012.8,981.3,986.2,120600750,1084.8,887.6,1102.5,649.1,1010.9,69,5,1010.8,33,2,1010.7,1499,8,1010.6,583,6,1010.5,1744,18,1011.0,43,1,1011.2,521,9,1011.3,325,5,1011.4,765,13,1011.5,919,10
317,2025-11-26 14:36:25+05:30,1010.9,2,1002.13,8110304,395915.0,438485.0,986.2,1012.8,981.3,986.2,120600750,1084.8,887.6,1102.5,649.1,1010.8,33,2,1010.7,1299,6,1010.6,817,4,1010.5,1416,15,1010.4,1576,16,1011.0,163,2,1011.1,53,1,1011.2,417,11,1011.3,639,8,1011.4,765,13
317,2025-11-26 14:36:26+05:30,1010.9,1,1002.13,8110304,395915.0,438485.0,986.2,1012.8,981.3,986.2,120600750,1084.8,887.6,1102.5,649.1,1010.8,33,2,1010.7,1299,6,1010.6,817,4,1010.5,1416,15,1010.4,1576,16,1011.0,163,2,1011.1,53,1,1011.2,417,11,1011.3,639,8,1011.4,765,13
317,2025-11-26 14:36:26+05:30,1011.0,125,1002.13,8111798,392009.0,439269.0,986.2,1012.8,981.3,986.2,120600750,1084.8,887.6,1102.5,649.1,1010.7,25,2,1010.6,611,2,1010.5,1682,10,1010.4,784,9,1010.3,929,10,1011.0,94,3,1011.1,389,5,1011.2,666,13,1011.3,629,12,1011.4,1170,14
317,2025-11-26 14:36:27+05:30,1010.7,12,1002.13,8111798,392009.0,439269.0,986.2,1012.8,981.3,986.2,120600750,1084.8,887.6,1102.5,649.1,1010.7,25,2,1010.6,611,2,1010.5,1682,10,1010.4,784,9,1010.3,929,10,1011.0,94,3,1011.1,389,5,1011.2,666,13,1011.3,629,12,1011.4,1170,14
317,2025-11-26 14:36:27+05:30,1010.7,12,1002.13,8114648,392711.0,437737.0,986.2,1012.8,981.3,986.2,120600750,1084.8,887.6,1102.5,649.1,1010.6,1939,6,1010.5,1159,12,1010.4,1094,8,1010.3,807,9,1010.2,596,9,1011.1,152,2,1011.2,638,8,1011.3,428,7,1011.4,964,9,1011.5,731,13
317,2025-11-26 14:36:28+05:30,1010.7,12,1002.13,8114648,393024.0,437697.0,986.2,1012.8,981.3,986.2,120600750,1084.8,887.6,1102.5,649.1,1010.6,2325,13,1010.5,982,10,1010.4,554,7,1010.3,1448,11,1010.2,596,9,1011.1,87,1,1011.2,272,4,1011.3,527,7,1011.4,1083,11,1011.5,744,14
317,2025-11-26 14:36:29+05:30,1011.1,2,1002.13,8114648,393024.0,437697.0,986.2,1012.8,981.3,986.2,120600750,1084.8,887.6,1102.5,649.1,1010.6,2325,13,1010.5,982,10,1010.4,554,7,1010.3,1448,11,1010.2,596,9,1011.1,87,1,1011.2,272,4,1011.3,527,7,1011.4,1083,11,1011.5,744,14
317,2025-11-26 14:36:29+05:30,1011.1,2,1002.13,8114650,393088.0,437682.0,986.2,1012.8,981.3,986.2,120600750,1084.8,887.6,1102.5,649.1,1010.6,2342,14,1010.5,982,10,1010.4,1055,8,1010.3,889,10,1010.2,596,9,1011.1,87,2,1011.2,391,6,1011.3,540,8,1011.4,1080,11,1011.5,731,13
317,2025-11-26 14:36:30+05:30,1011.1,25,1002.13,8114650,393088.0,437682.0,986.2,1012.8,981.3,986.2,120600750,1084.8,887.6,1102.5,649.1,1010.6,2342,14,1010.5,982,10,1010.4,1055,8,1010.3,889,10,1010.2,596,9,1011.1,87,2,1011.2,391,6,1011.3,540,8,1011.4,1080,11,1011.5,731,13
317,2025-11-26 14:36:30+05:30,1010.6,9,1002.13,8115377,393128.0,438467.0,986.2,1012.8,981.3,986.2,120600750,1084.8,887.6,1102.5,649.1,1010.6,2065,13,1010.5,1074,10,1010.4,1190,11,1010.3,971,11,1010.2,708,10,1011.1,144,3,1011.2,865,10,1011.3,779,6,1011.4,955,9,1011.5,1481,14
317,2025-11-26 14:36:31+05:30,1011.1,1,1002.13,8115377,393128.0,438467.0,986.2,1012.8,981.3,986.2,120600750,1084.8,887.6,1102.5,649.1,1010.6,2065,13,1010.5,1074,10,1010.4,1190,11,1010.3,971,11,1010.2,708,10,1011.1,144,3,1011.2,865,10,1011.3,779,6,1011.4,955,9,1011.5,1481,14
317,2025-11-26 14:36:31+05:30,1011.1,1,1002.13,8115378,393253.0,438349.0,986.2,1012.8,981.3,986.2,120600750,1084.8,887.6,1102.5,649.1,1010.6,2065,13,1010.5,1074,10,1010.4,1183,10,1010.3,971,11,1010.2,735,11,1011.1,249,5,1011.2,701,10,1011.3,846,7,1011.4,942,8,1011.5,1481,14
317,2025-11-26 14:36:32+05:30,1011.1,4,1002.13,8115382,393253.0,438465.0,986.2,1012.8,981.3,986.2,120600750,1084.8,887.6,1102.5,649.1,1010.6,2065,13,1010.5,1074,10,1010.4,1183,10,1010.3,971,11,1010.2,735,11,1011.1,84,4,1011.2,651,10,1011.3,955,8,1011.4,1055,9,1011.5,1591,15
317,2025-11-26 14:36:33+05:30,1011.1,10,1002.13,8115382,393253.0,438465.0,986.2,1012.8,981.3,986.2,120600750,1084.8,887.6,1102.5,649.1,1010.6,2065,13,1010.5,1074,10,1010.4,1183,10,1010.3,971,11,1010.2,735,11,1011.1,84,4,1011.2,651,10,1011.3,955,8,1011.4,1055,9,1011.5,1591,15
317,2025-11-26 14:36:33+05:30,1010.8,2,1002.13,8115412,394075.0,439155.0,986.2,1012.8,981.3,986.2,120600750,1084.8,887.6,1102.5,649.1,1010.6,1877,10,1010.5,1050,10,1010.4,753,10,1010.3,1449,11,1010.2,599,9,1010.8,134,1,1011.1,266,4,1011.2,828,12,1011.3,1127,10,1011.4,1390,10
317,2025-11-26 14:36:34+05:30,1010.8,1,1002.13,8115412,394075.0,439155.0,986.2,1012.8,981.3,986.2,120600750,1084.8,887.6,1102.5,649.1,1010.6,1877,10,1010.5,1050,10,1010.4,753,10,1010.3,1449,11,1010.2,599,9,1010.8,134,1,1011.1,266,4,1011.2,828,12,1011.3,1127,10,1011.4,1390,10
317,2025-11-26 14:36:34+05:30,1010.8,1,1002.13,8115413,393957.0,439257.0,986.2,1012.8,981.3,986.2,120600750,1084.8,887.6,1102.5,649.1,1010.7,121,2,1010.6,1774,9,1010.5,1155,11,1010.4,648,9,1010.3,1450,11,1010.8,133,1,1010.9,52,1,1011.1,325,5,1011.2,784,13,1011.3,1232,11
317,2025-11-26 14:36:35+05:30,1010.8,2,1002.13,8115413,393957.0,439257.0,986.2,1012.8,981.3,986.2,120600750,1084.8,887.6,1102.5,649.1,1010.7,121,2,1010.6,1774,9,1010.5,1155,11,1010.4,648,9,1010.3,1450,11,1010.8,133,1,1010.9,52,1,1011.1,325,5,1011.2,784,13,1011.3,1232,11
317,2025-11-26 14:36:35+05:30,1010.7,9,1002.13,8115425,394086.0,439278.0,986.2,1012.8,981.3,986.2,120600750,1084.8,887.6,1102.5,649.1,1010.7,125,3,1010.6,1831,9,1010.5,1272,12,1010.4,648,9,1010.3,1433,11,1010.8,131,2,1010.9,52,1,1011.1,325,5,1011.2,784,13,1011.3,1232,11
317,2025-11-26 14:36:36+05:30,1010.7,9,1002.13,8115425,394086.0,439278.0,986.2,1012.8,981.3,986.2,120600750,1084.8,887.6,1102.5,649.1,1010.7,125,3,1010.6,1831,9,1010.5,1272,12,1010.4,648,9,1010.3,1433,11,1010.8,131,2,1010.9,52,1,1011.1,325,5,1011.2,784,13,1011.3,1232,11
317,2025-11-26 14:36:37+05:30,1010.7,9,1002.13,8115425,393701.0,439284.0,986.2,1012.8,981.3,986.2,120600750,1084.8,887.6,1102.5,649.1,1010.7,125,3,1010.6,1831,9,1010.5,1272,12,1010.4,648,9,1010.3,906,10,1010.8,131,2,1010.9,52,1,1011.1,325,5,1011.2,784,13,1011.3,1232,11
317,2025-11-26 14:36:38+05:30,1010.7,71,1002.13,8115496,395934.0,439426.0,986.2,1012.8,981.3,986.2,120600750,1084.8,887.6,1102.5,649.1,1010.7,1567,6,1010.6,703,11,1010.5,1199,13,1010.4,1219,10,1010.3,893,9,1010.8,131,2,1010.9,52,1,1011.1,258,3,1011.2,710,11,1011.3,1022,9
317,2025-11-26 14:36:38+05:30,1010.7,71,1002.13,8115496,395934.0,439426.0,986.2,1012.8,981.3,986.2,120600750,1084.8,887.6,1102.5,649.1,1010.7,1567,6,1010.6,703,11,1010.5,1199,13,1010.4,1219,10,1010.3,893,9,1010.8,131,2,1010.9,52,1,1011.1,258,3,1011.2,710,11,1011.3,1022,9
317,2025-11-26 14:36:39+05:30,1011.0,1,1002.14,8117065,393274.0,438402.0,986.2,1012.8,981.3,986.2,120600750,1084.8,887.6,1102.5,649.1,1010.8,1,1,1010.7,28,3,1010.6,1774,10,1010.5,1131,11,1010.4,693,11,1011.0,86,1,1011.1,228,5,1011.2,777,13,1011.3,1032,10,1011.4,1116,9
317,2025-11-26 14:36:39+05:30,1010.8,1,1002.14,8117065,393274.0,438402.0,986.2,1012.8,981.3,986.2,120600750,1084.8,887.6,1102.5,649.1,1010.8,1,1,1010.7,28,3,1010.6,1774,10,1010.5,1131,11,1010.4,693,11,1011.0,86,1,1011.1,228,5,1011.2,777,13,1011.3,1032,10,1011.4,1116,9
317,2025-11-26 14:36:40+05:30,1011.0,1,1002.14,8117463,394073.0,439355.0,986.2,1012.8,981.3,986.2,120600750,1084.8,887.6,1102.5,649.1,1010.7,38,2,1010.6,1930,10,1010.5,992,9,1010.4,1139,11,1010.3,1067,14,1011.0,3,1,1011.1,591,4,1011.2,882,14,1011.3,710,12,1011.4,1541,11
317,2025-11-26 14:36:40+05:30,1011.0,1,1002.14,8117463,394073.0,439355.0,986.2,1012.8,981.3,986.2,120600750,1084.8,887.6,1102.5,649.1,1010.7,38,2,1010.6,1930,10,1010.5,992,9,1010.4,1139,11,1010.3,1067,14,1011.0,3,1,1011.1,591,4,1011.2,882,14,1011.3,710,12,1011.4,1541,11
317,2025-11-26 14:36:41+05:30,1011.1,1,1002.14,8117466,394006.0,439315.0,986.2,1012.8,981.3,986.2,120600750,1084.8,887.6,1102.5,649.1,1010.7,4,1,1010.6,1930,10,1010.5,992,9,1010.4,615,11,1010.3,1573,15,1011.1,672,4,1011.2,693,11,1011.3,710,12,1011.4,1223,11,1011.5,990,16
317,2025-11-26 14:36:41+05:30,1011.1,1,1002.14,8117466,394006.0,439315.0,986.2,1012.8,981.3,986.2,120600750,1084.8,887.6,1102.5,649.1,1010.7,4,1,1010.6,1930,10,1010.5,992,9,1010.4,615,11,1010.3,1573,15,1011.1,672,4,1011.2,693,11,1011.3,710,12,1011.4,1223,11,1011.5,990,16
317,2025-11-26 14:36:42+05:30,1010.7,22,1002.14,8117497,394097.0,438981.0,986.2,1012.8,981.3,986.2,120600750,1084.8,887.6,1102.5,649.1,1010.6,1910,11,1010.5,1323,13,1010.4,1305,14,1010.3,832,12,1010.2,789,12,1011.0,2,1,1011.1,103,2,1011.2,942,9,1011.3,635,10,1011.4,1222,11
317,2025-11-26 14:36:42+05:30,1010.7,22,1002.14,8117497,394097.0,438981.0,986.2,1012.8,981.3,986.2,120600750,1084.8,887.6,1102.5,649.1,1010.6,1910,11,1010.5,1323,13,1010.4,1305,14,1010.3,832,12,1010.2,789,12,1011.0,2,1,1011.1,103,2,1011.2,942,9,1011.3,635,10,1011.4,1222,11
317,2025-11-26 14:36:42+05:30,1011.0,4,1002.14,8117645,394572.0,440298.0,986.2,1012.8,981.3,986.2,120600750,1084.8,887.6,1102.5,649.1,1011.0,4,2,1010.7,251,2,1010.6,1778,9,1010.5,1198,13,1010.4,1339,12,1011.1,33,2,1011.2,1078,11,1011.3,671,10,1011.4,1195,13,1011.5,891,15
317,2025-11-26 14:36:43+05:30,1011.0,23,1002.14,8117645,394572.0,440298.0,986.2,1012.8,981.3,986.2,120600750,1084.8,887.6,1102.5,649.1,1011.0,4,2,1010.7,251,2,1010.6,1778,9,1010.5,1198,13,1010.4,1339,12,1011.1,33,2,1011.2,1078,11,1011.3,671,10,1011.4,1195,13,1011.5,891,15
317,2025-11-26 14:36:43+05:30,1010.6,18,1002.14,8120161,392150.0,441702.0,986.2,1012.8,981.3,986.2,120600750,1084.8,887.6,1102.5,649.1,1010.6,3,1,1010.5,1544,8,1010.4,427,6,1010.3,674,8,1010.2,1120,12,1010.8,101,2,1011.0,557,5,1011.1,833,11,1011.2,852,13,1011.3,1008,14
317,2025-11-26 14:36:44+05:30,1010.8,3,1002.14,8120161,392150.0,441702.0,986.2,1012.8,981.3,986.2,120600750,1084.8,887.6,1102.5,649.1,1010.6,3,1,1010.5,1544,8,1010.4,427,6,1010.3,674,8,1010.2,1120,12,1010.8,101,2,1011.0,557,5,1011.1,833,11,1011.2,852,13,1011.3,1008,14
317,2025-11-26 14:36:45+05:30,1010.6,28,1002.14,8120405,392947.0,441307.0,986.2,1012.8,981.3,986.2,120600750,1084.8,887.6,1102.5,649.1,1010.5,2440,13,1010.4,647,8,1010.3,750,9,1010.2,721,12,1010.1,1605,17,1010.8,90,2,1011.0,183,4,1011.1,558,9,1011.2,757,12,1011.3,982,12
317,2025-11-26 14:36:45+05:30,1010.8,3,1002.14,8120405,392947.0,441307.0,986.2,1012.8,981.3,986.2,120600750,1084.8,887.6,1102.5,649.1,1010.5,2440,13,1010.4,647,8,1010.3,750,9,1010.2,721,12,1010.1,1605,17,1010.8,90,2,1011.0,183,4,1011.1,558,9,1011.2,757,12,1011.3,982,12
317,2025-11-26 14:36:46+05:30,1010.8,1,1002.14,8120409,393074.0,441360.0,986.2,1012.8,981.3,986.2,120600750,1084.8,887.6,1102.5,649.1,1010.5,2466,14,1010.4,647,8,1010.3,1365,10,1010.2,746,13,1010.1,1066,16,1010.8,86,2,1011.0,219,5,1011.1,558,9,1011.2,770,13,1011.3,982,12
317,2025-11-26 14:36:46+05:30,1010.8,1,1002.14,8120409,393074.0,441360.0,986.2,1012.8,981.3,986.2,120600750,1084.8,887.6,1102.5,649.1,1010.5,2466,14,1010.4,647,8,1010.3,1365,10,1010.2,746,13,1010.1,1066,16,1010.8,86,2,1011.0,219,5,1011.1,558,9,1011.2,770,13,1011.3,982,12
317,2025-11-26 14:36:46+05:30,1010.5,25,1002.14,8121356,392236.0,441336.0,986.2,1012.8,981.3,986.2,120600750,1084.8,887.6,1102.5,649.1,1010.5,1540,11,1010.4,1201,9,1010.3,833,9,1010.2,746,13,1010.1,1066,16,1010.8,87,3,1011.0,219,5,1011.1,527,8,1011.2,770,13,1011.3,982,12
317,2025-11-26 14:36:47+05:30,1010.5,25,1002.14,8121356,392236.0,441336.0,986.2,1012.8,981.3,986.2,120600750,1084.8,887.6,1102.5,649.1,1010.5,1540,11,1010.4,1201,9,1010.3,833,9,1010.2,746,13,1010.1,1066,16,1010.8,87,3,1011.0,219,5,1011.1,527,8,1011.2,770,13,1011.3,982,12
317,2025-11-26 14:36:47+05:30,1010.5,25,1002.14,8121356,392194.0,441941.0,986.2,1012.8,981.3,986.2,120600750,1084.8,887.6,1102.5,649.1,1010.5,1315,9,1010.4,552,7,1010.3,1023,11,1010.2,1259,14,1010.1,1196,17,1010.8,178,4,1011.0,362,7,1011.1,648,10,1011.2,865,13,1011.3,1080,12
317,2025-11-26 14:36:48+05:30,1010.3,13,1002.14,8123623,390592.0,444192.0,986.2,1012.8,981.3,986.2,120600750,1084.8,887.6,1102.5,649.1,1010.3,945,3,1010.2,883,6,1010.1,568,9,1010.0,2310,47,1009.9,954,13,1010.7,125,2,1010.8,278,6,1010.9,532,5,1011.0,1162,18,1011.1,1282,14
317,2025-11-26 14:36:49+05:30,1010.5,120,1002.14,8123623,390592.0,444192.0,986.2,1012.8,981.3,986.2,120600750,1084.8,887.6,1102.5,649.1,1010.3,945,3,1010.2,883,6,1010.1,568,9,1010.0,2310,47,1009.9,954,13,1010.7,125,2,1010.8,278,6,1010.9,532,5,1011.0,1162,18,1011.1,1282,14
317,2025-11-26 14:36:49+05:30,1010.3,10,1002.14,8125388,394403.0,442063.0,986.2,1012.8,981.3,986.2,120600750,1084.8,887.6,1102.5,649.1,1010.6,1500,2,1010.4,135,4,1010.3,901,6,1010.2,368,7,1010.1,1661,14,1010.8,35,2,1010.9,113,2,1011.0,523,7,1011.1,642,8,1011.2,1160,19
317,2025-11-26 14:36:50+05:30,1010.9,6,1002.14,8125388,394403.0,442063.0,986.2,1012.8,981.3,986.2,120600750,1084.8,887.6,1102.5,649.1,1010.6,1500,2,1010.4,135,4,1010.3,901,6,1010.2,368,7,1010.1,1661,14,1010.8,35,2,1010.9,113,2,1011.0,523,7,1011.1,642,8,1011.2,1160,19
317,2025-11-26 14:36:50+05:30,1010.9,6,1002.14,8125438,393067.0,442245.0,986.2,1012.8,981.3,986.2,120600750,1084.8,887.6,1102.5,649.1,1010.8,1,1,1010.5,741,3,1010.4,2076,7,1010.3,311,4,1010.2,521,14,1011.0,754,9,1011.1,600,8,1011.2,1017,16,1011.3,1109,15,1011.4,1162,11
317,2025-11-26 14:36:51+05:30,1010.5,13,1002.14,8125438,393067.0,442245.0,986.2,1012.8,981.3,986.2,120600750,1084.8,887.6,1102.5,649.1,1010.8,1,1,1010.5,741,3,1010.4,2076,7,1010.3,311,4,1010.2,521,14,1011.0,754,9,1011.1,600,8,1011.2,1017,16,1011.3,1109,15,1011.4,1162,11
317,2025-11-26 14:36:51+05:30,1010.5,13,1002.14,8125453,393039.0,441936.0,986.2,1012.8,981.3,986.2,120600750,1084.8,887.6,1102.5,649.1,1010.5,1023,7,1010.4,2043,10,1010.3,363,4,1010.2,546,13,1010.1,1044,17,1011.0,265,3,1011.1,518,6,1011.2,1068,15,1011.3,1140,18,1011.4,1175,12
317,2025-11-26 14:36:52+05:30,1010.7,46,1002.14,8125453,393039.0,441936.0,986.2,1012.8,981.3,986.2,120600750,1084.8,887.6,1102.5,649.1,1010.5,1023,7,1010.4,2043,10,1010.3,363,4,1010.2,546,13,1010.1,1044,17,1011.0,265,3,1011.1,518,6,1011.2,1068,15,1011.3,1140,18,1011.4,1175,12
317,2025-11-26 14:36:52+05:30,1011.0,5,1002.14,8125616,394154.0,440578.0,986.2,1012.8,981.3,986.2,120600750,1084.8,887.6,1102.5,649.1,1010.6,1654,5,1010.5,1102,10,1010.4,675,9,1010.3,631,8,1010.2,554,13,1011.0,126,2,1011.1,101,3,1011.2,674,9,1011.3,555,8,1011.4,1343,13
317,2025-11-26 14:36:53+05:30,1011.0,22,1002.14,8125616,394154.0,440578.0,986.2,1012.8,981.3,986.2,120600750,1084.8,887.6,1102.5,649.1,1010.6,1654,5,1010.5,1102,10,1010.4,675,9,1010.3,631,8,1010.2,554,13,1011.0,126,2,1011.1,101,3,1011.2,674,9,1011.3,555,8,1011.4,1343,13
317,2025-11-26 14:36:53+05:30,1010.8,1,1002.15,8127011,395899.0,440005.0,986.2,1012.8,981.3,986.2,120600750,1084.8,887.6,1102.5,649.1,1010.7,293,5,1010.6,2020,10,1010.5,487,8,1010.4,698,11,1010.3,1089,13,1010.8,138,1,1011.0,82,4,1011.1,21,1,1011.2,408,5,1011.3,498,8
317,2025-11-26 14:36:54+05:30,1010.8,1,1002.15,8127011,395899.0,440005.0,986.2,1012.8,981.3,986.2,120600750,1084.8,887.6,1102.5,649.1,1010.7,293,5,1010.6,2020,10,1010.5,487,8,1010.4,698,11,1010.3,1089,13,1010.8,138,1,1011.0,82,4,1011.1,21,1,1011.2,408,5,1011.3,498,8
317,2025-11-26 14:36:54+05:30,1010.7,1,1002.15,8127016,395938.0,440077.0,986.2,1012.8,981.3,986.2,120600750,1084.8,887.6,1102.5,649.1,1010.7,292,5,1010.6,2020,10,1010.5,487,8,1010.4,698,11,1010.3,1089,13,1010.8,134,1,1011.0,82,4,1011.1,21,1,1011.2,408,5,1011.3,498,8
317,2025-11-26 14:36:55+05:30,1010.8,3,1002.15,8127016,395938.0,440077.0,986.2,1012.8,981.3,986.2,120600750,1084.8,887.6,1102.5,649.1,1010.7,292,5,1010.6,2020,10,1010.5,487,8,1010.4,698,11,1010.3,1089,13,1010.8,134,1,1011.0,82,4,1011.1,21,1,1011.2,408,5,1011.3,498,8
317,2025-11-26 14:36:55+05:30,1010.8,12,1002.15,8127158,396000.0,440052.0,986.2,1012.8,981.3,986.2,120600750,1084.8,887.6,1102.5,649.1,1010.7,280,6,1010.6,1932,9,1010.5,632,10,1010.4,685,10,1010.3,1165,14,1010.8,329,2,1011.0,46,3,1011.1,21,1,1011.2,408,5,1011.3,444,8
317,2025-11-26 14:36:56+05:30,1010.8,3,1002.15,8127158,396000.0,440052.0,986.2,1012.8,981.3,986.2,120600750,1084.8,887.6,1102.5,649.1,1010.7,280,6,1010.6,1932,9,1010.5,632,10,1010.4,685,10,1010.3,1165,14,1010.8,329,2,1011.0,46,3,1011.1,21,1,1011.2,408,5,1011.3,444,8
317,2025-11-26 14:36:56+05:30,1010.8,3,1002.15,8127161,395994.0,440085.0,986.2,1012.8,981.3,986.2,120600750,1084.8,887.6,1102.5,649.1,1010.7,280,6,1010.6,1965,10,1010.5,632,10,1010.4,614,9,1010.3,1197,15,1010.8,326,2,1011.0,46,3,1011.1,21,1,1011.2,408,5,1011.3,444,8
317,2025-11-26 14:36:57+05:30,1010.8,1,1002.15,8127161,395994.0,440085.0,986.2,1012.8,981.3,986.2,120600750,1084.8,887.6,1102.5,649.1,1010.7,280,6,1010.6,1965,10,1010.5,632,10,1010.4,614,9,1010.3,1197,15,1010.8,326,2,1011.0,46,3,1011.1,21,1,1011.2,408,5,1011.3,444,8
317,2025-11-26 14:36:57+05:30,1010.7,21,1002.15,8127212,396056.0,440060.0,986.2,1012.8,981.3,986.2,120600750,1084.8,887.6,1102.5,649.1,1010.7,440,7,1010.6,2053,11,1010.5,544,9,1010.4,614,9,1010.3,1197,15,1010.8,325,2,1011.0,46,3,1011.1,21,1,1011.2,408,5,1011.3,444,8
317,2025-11-26 14:36:58+05:30,1010.7,71,1002.15,8127212,396056.0,440060.0,986.2,1012.8,981.3,986.2,120600750,1084.8,887.6,1102.5,649.1,1010.7,440,7,1010.6,2053,11,1010.5,544,9,1010.4,614,9,1010.3,1197,15,1010.8,325,2,1011.0,46,3,1011.1,21,1,1011.2,408,5,1011.3,444,8
317,2025-11-26 14:36:58+05:30,1010.6,3,1002.15,8129029,394519.0,440616.0,986.2,1012.8,981.3,986.2,120600750,1084.8,887.6,1102.5,649.1,1010.6,1006,6,1010.5,609,9,1010.4,1088,9,1010.3,754,10,1010.2,556,14,1010.8,223,2,1011.0,38,2,1011.1,700,4,1011.2,630,9,1011.3,751,10
317,2025-11-26 14:36:59+05:30,1010.8,1,1002.15,8129029,394519.0,440616.0,986.2,1012.8,981.3,986.2,120600750,1084.8,887.6,1102.5,649.1,1010.6,1006,6,1010.5,609,9,1010.4,1088,9,1010.3,754,10,1010.2,556,14,1010.8,223,2,1011.0,38,2,1011.1,700,4,1011.2,630,9,1011.3,751,10
317,2025-11-26 14:36:59+05:30,1010.8,1,1002.15,8129110,394942.0,440208.0,986.2,1012.8,981.3,986.2,120600750,1084.8,887.6,1102.5,649.1,1010.6,1056,8,1010.5,671,10,1010.4,1088,9,1010.3,754,10,1010.2,711,16,1010.8,142,2,1011.0,38,2,1011.1,128,2,1011.2,630,9,1011.3,490,9
317,2025-11-26 14:37:00+05:30,1010.8,1,1002.15,8129110,394942.0,440208.0,986.2,1012.8,981.3,986.2,120600750,1084.8,887.6,1102.5,649.1,1010.6,1056,8,1010.5,671,10,1010.4,1088,9,1010.3,754,10,1010.2,711,16,1010.8,142,2,1011.0,38,2,1011.1,128,2,1011.2,630,9,1011.3,490,9
317,2025-11-26 14:37:00+05:30,1010.8,1,1002.15,8130621,393777.0,440430.0,986.2,1012.8,981.3,986.2,120600750,1084.8,887.6,1102.5,649.1,1010.6,57,4,1010.5,1072,8,1010.4,910,8,1010.3,718,8,1010.2,661,10,1010.8,140,2,1011.0,300,5,1011.1,352,4,1011.2,821,11,1011.3,862,10
317,2025-11-26 14:37:01+05:30,1010.8,1,1002.15,8130621,393777.0,440430.0,986.2,1012.8,981.3,986.2,120600750,1084.8,887.6,1102.5,649.1,1010.6,57,4,1010.5,1072,8,1010.4,910,8,1010.3,718,8,1010.2,661,10,1010.8,140,2,1011.0,300,5,1011.1,352,4,1011.2,821,11,1011.3,862,10
317,2025-11-26 14:37:01+05:30,1010.8,1,1002.15,8130621,394237.0,440532.0,986.2,1012.8,981.3,986.2,120600750,1084.8,887.6,1102.5,649.1,1010.6,57,4,1010.5,990,7,1010.4,1177,12,1010.3,686,7,1010.2,725,14,1010.8,141,3,1011.0,300,5,1011.1,401,5,1011.2,758,10,1011.3,905,13
317,2025-11-26 14:37:02+05:30,1010.8,4,1002.15,8131580,394608.0,441109.0,986.2,1012.8,981.3,986.2,120600750,1084.8,887.6,1102.5,649.1,1010.6,16,1,1010.5,1682,9,1010.4,1152,10,1010.3,772,9,1010.2,636,9,1010.8,100,2,1010.9,99,1,1011.0,370,6,1011.1,655,8,1011.2,939,11
317,2025-11-26 14:37:03+05:30,1010.8,23,1002.15,8131580,394608.0,441109.0,986.2,1012.8,981.3,986.2,120600750,1084.8,887.6,1102.5,649.1,1010.6,16,1,1010.5,1682,9,1010.4,1152,10,1010.3,772,9,1010.2,636,9,1010.8,100,2,1010.9,99,1,1011.0,370,6,1011.1,655,8,1011.2,939,11
317,2025-11-26 14:37:03+05:30,1010.6,39,1002.15,8131761,394109.0,441241.0,986.2,1012.8,981.3,986.2,120600750,1084.8,887.6,1102.5,649.1,1010.5,1703,10,1010.4,571,9,1010.3,772,9,1010.2,1189,11,1010.1,909,15,1010.7,119,1,1010.8,77,2,1010.9,108,2,1011.0,501,7,1011.1,573,7
317,2025-11-26 14:37:04+05:30,1010.7,119,1002.15,8131761,394109.0,441241.0,986.2,1012.8,981.3,986.2,120600750,1084.8,887.6,1102.5,649.1,1010.5,1703,10,1010.4,571,9,1010.3,772,9,1010.2,1189,11,1010.1,909,15,1010.7,119,1,1010.8,77,2,1010.9,108,2,1011.0,501,7,1011.1,573,7
317,2025-11-26 14:37:04+05:30,1010.7,100,1002.15,8132195,394675.0,440614.0,986.2,1012.8,981.3,986.2,120600750,1084.8,887.6,1102.5,649.1,1010.5,1870,12,1010.4,748,12,1010.3,769,8,1010.2,1189,11,1010.1,909,15,1010.7,25,4,1010.8,185,3,1011.0,257,4,1011.1,517,6,1011.2,629,8
317,2025-11-26 14:37:05+05:30,1010.7,2,1002.15,8132195,394675.0,440614.0,986.2,1012.8,981.3,986.2,120600750,1084.8,887.6,1102.5,649.1,1010.5,1870,12,1010.4,748,12,1010.3,769,8,1010.2,1189,11,1010.1,909,15,1010.7,25,4,1010.8,185,3,1011.0,257,4,1011.1,517,6,1011.2,629,8
317,2025-11-26 14:37:06+05:30,1010.7,1,1002.15,8132198,394715.0,440612.0,986.2,1012.8,981.3,986.2,120600750,1084.8,887.6,1102.5,649.1,1010.5,1883,13,1010.4,748,12,1010.3,769,8,1010.2,1189,11,1010.1,936,16,1010.7,22,4,1010.8,175,4,1011.0,202,3,1011.1,519,7,1011.2,629,8
317,2025-11-26 14:37:06+05:30,1010.7,1,1002.15,8132198,394715.0,440612.0,986.2,1012.8,981.3,986.2,120600750,1084.8,887.6,1102.5,649.1,1010.5,1883,13,1010.4,748,12,1010.3,769,8,1010.2,1189,11,1010.1,936,16,1010.7,22,4,1010.8,175,4,1011.0,202,3,1011.1,519,7,1011.2,629,8
317,2025-11-26 14:37:07+05:30,1010.7,1,1002.15,8132198,394715.0,440612.0,986.2,1012.8,981.3,986.2,120600750,1084.8,887.6,1102.5,649.1,1010.5,1883,13,1010.4,748,12,1010.3,769,8,1010.2,1189,11,1010.1,936,16,1010.7,22,4,1010.8,175,4,1011.0,202,3,1011.1,519,7,1011.2,629,8
317,2025-11-26 14:37:08+05:30,1010.7,1,1002.15,8132198,396464.0,440532.0,986.2,1012.8,981.3,986.2,120600750,1084.8,887.6,1102.5,649.1,1010.6,1581,4,1010.5,488,12,1010.4,666,11,1010.3,769,8,1010.2,1202,12,1010.7,22,4,1010.8,175,4,1011.0,202,3,1011.1,354,5,1011.2,625,8
317,2025-11-26 14:37:09+05:30,1010.7,2,1002.15,8132831,395893.0,440344.0,986.2,1012.8,981.3,986.2,120600750,1084.8,887.6,1102.5,649.1,1010.6,1032,7,1010.5,1045,12,1010.4,666,11,1010.3,769,8,1010.2,650,11,1010.7,4,3,1010.8,175,4,1011.0,202,3,1011.1,354,5,1011.2,616,7
317,2025-11-26 14:37:09+05:30,1010.6,24,1002.15,8132831,395893.0,440344.0,986.2,1012.8,981.3,986.2,120600750,1084.8,887.6,1102.5,649.1,1010.6,1032,7,1010.5,1045,12,1010.4,666,11,1010.3,769,8,1010.2,650,11,1010.7,4,3,1010.8,175,4,1011.0,202,3,1011.1,354,5,1011.2,616,7
317,2025-11-26 14:37:10+05:30,1010.7,78,1002.15,8132936,397265.0,439839.0,986.2,1012.8,981.3,986.2,120600750,1084.8,887.6,1102.5,649.1,1010.7,763,3,1010.6,762,7,1010.5,500,11,1010.4,666,11,1010.3,782,9,1010.8,175,4,1011.0,202,3,1011.1,247,4,1011.2,477,6,1011.3,529,10
317,2025-11-26 14:37:10+05:30,1010.8,1,1002.15,8132936,397265.0,439839.0,986.2,1012.8,981.3,986.2,120600750,1084.8,887.6,1102.5,649.1,1010.7,763,3,1010.6,762,7,1010.5,500,11,1010.4,666,11,1010.3,782,9,1010.8,175,4,1011.0,202,3,1011.1,247,4,1011.2,477,6,1011.3,529,10
317,2025-11-26 14:37:11+05:30,1010.8,2,1002.15,8132940,396558.0,439859.0,986.2,1012.8,981.3,986.2,120600750,1084.8,887.6,1102.5,649.1,1010.7,826,6,1010.6,829,6,1010.5,496,10,1010.4,666,11,1010.3,782,9,1010.8,172,4,1010.9,34,1,1011.0,202,3,1011.1,157,3,1011.2,481,6
317,2025-11-26 14:37:11+05:30,1010.8,2,1002.15,8132940,396558.0,439859.0,986.2,1012.8,981.3,986.2,120600750,1084.8,887.6,1102.5,649.1,1010.7,826,6,1010.6,829,6,1010.5,496,10,1010.4,666,11,1010.3,782,9,1010.8,172,4,1010.9,34,1,1011.0,202,3,1011.1,157,3,1011.2,481,6
317,2025-11-26 14:37:12+05:30,1010.7,196,1002.15,8133150,396969.0,439958.0,986.2,1012.8,981.3,986.2,120600750,1084.8,887.6,1102.5,649.1,1010.7,1286,5,1010.6,376,5,1010.5,1041,11,1010.4,631,9,1010.3,769,8,1010.8,171,3,1010.9,34,1,1011.0,202,3,1011.1,155,2,1011.2,483,7
317,2025-11-26 14:37:12+05:30,1010.7,196,1002.15,8133150,396969.0,439958.0,986.2,1012.8,981.3,986.2,120600750,1084.8,887.6,1102.5,649.1,1010.7,1286,5,1010.6,376,5,1010.5,1041,11,1010.4,631,9,1010.3,769,8,1010.8,171,3,1010.9,34,1,1011.0,202,3,1011.1,155,2,1011.2,483,7
317,2025-11-26 14:37:13+05:30,1010.7,71,1002.15,8133254,397072.0,439927.0,986.2,1012.8,981.3,986.2,120600750,1084.8,887.6,1102.5,649.1,1010.7,1215,5,1010.6,321,5,1010.5,1163,12,1010.4,631,9,1010.3,784,10,1010.8,140,4,1010.9,34,1,1011.0,202,3,1011.1,155,2,1011.2,483,7
317,2025-11-26 14:37:13+05:30,1010.8,2,1002.15,8133254,397072.0,439927.0,986.2,1012.8,981.3,986.2,120600750,1084.8,887.6,1102.5,649.1,1010.7,1215,5,1010.6,321,5,1010.5,1163,12,1010.4,631,9,1010.3,784,10,1010.8,140,4,1010.9,34,1,1011.0,202,3,1011.1,155,2,1011.2,483,7
317,2025-11-26 14:37:14+05:30,1010.8,1,1002.15,8134518,395278.0,440129.0,986.2,1012.8,981.3,986.2,120600750,1084.8,887.6,1102.5,649.1,1010.6,1071,8,1010.5,1287,12,1010.4,618,8,1010.3,804,11,1010.2,783,17,1010.8,7,1,1010.9,34,1,1011.0,202,3,1011.1,155,2,1011.2,487,7
317,2025-11-26 14:37:14+05:30,1010.8,1,1002.15,8134518,395278.0,440129.0,986.2,1012.8,981.3,986.2,120600750,1084.8,887.6,1102.5,649.1,1010.6,1071,8,1010.5,1287,12,1010.4,618,8,1010.3,804,11,1010.2,783,17,1010.8,7,1,1010.9,34,1,1011.0,202,3,1011.1,155,2,1011.2,487,7
317,2025-11-26 14:37:15+05:30,1010.8,1,1002.15,8134526,396179.0,440168.0,986.2,1012.8,981.3,986.2,120600750,1084.8,887.6,1102.5,649.1,1010.7,332,4,1010.6,1820,9,1010.5,556,9,1010.4,1134,9,1010.3,836,12,1010.8,2,1,1010.9,34,1,1011.0,202,3,1011.1,155,2,1011.2,485,6
317,2025-11-26 14:37:15+05:30,1010.8,2,1002.15,8134526,396179.0,440168.0,986.2,1012.8,981.3,986.2,120600750,1084.8,887.6,1102.5,649.1,1010.7,332,4,1010.6,1820,9,1010.5,556,9,1010.4,1134,9,1010.3,836,12,1010.8,2,1,1010.9,34,1,1011.0,202,3,1011.1,155,2,1011.2,485,6
317,2025-11-26 14:37:16+05:30,1010.8,1,1002.15,8134530,396051.0,439597.0,986.2,1012.8,981.3,986.2,120600750,1084.8,887.6,1102.5,649.1,1010.7,332,4,1010.6,1820,9,1010.5,556,9,1010.4,1134,9,1010.3,836,12,1010.8,1,1,1010.9,34,1,1011.0,71,2,1011.1,155,2,1011.2,485,6
317,2025-11-26 14:37:16+05:30,1011.0,99,1002.15,8134530,396051.0,439597.0,986.2,1012.8,981.3,986.2,120600750,1084.8,887.6,1102.5,649.1,1010.7,332,4,1010.6,1820,9,1010.5,556,9,1010.4,1134,9,1010.3,836,12,1010.8,1,1,1010.9,34,1,1011.0,71,2,1011.1,155,2,1011.2,485,6
317,2025-11-26 14:37:16+05:30,1011.0,99,1002.15,8134851,395439.0,439778.0,986.2,1012.8,981.3,986.2,120600750,1084.8,887.6,1102.5,649.1,1010.7,228,5,1010.6,2194,13,1010.5,556,9,1010.4,1165,10,1010.3,869,12,1011.0,37,2,1011.1,21,1,1011.2,485,6,1011.3,975,10,1011.4,1605,17
317,2025-11-26 14:37:18+05:30,1011.0,99,1002.15,8134851,394923.0,439805.0,986.2,1012.8,981.3,986.2,120600750,1084.8,887.6,1102.5,649.1,1010.7,228,5,1010.6,2072,12,1010.5,678,10,1010.4,649,9,1010.3,869,12,1011.0,40,3,1011.1,21,1,1011.2,485,6,1011.3,975,10,1011.4,1605,17
317,2025-11-26 14:37:19+05:30,1011.0,1,1002.15,8134852,395292.0,439715.0,986.2,1012.8,981.3,986.2,120600750,1084.8,887.6,1102.5,649.1,1010.7,130,3,1010.6,1921,10,1010.5,800,11,1010.4,1224,10,1010.3,869,12,1011.0,39,3,1011.1,21,1,1011.2,793,7,1011.3,593,9,1011.4,1613,18
317,2025-11-26 14:37:19+05:30,1011.0,1,1002.15,8134852,395292.0,439715.0,986.2,1012.8,981.3,986.2,120600750,1084.8,887.6,1102.5,649.1,1010.7,130,3,1010.6,1921,10,1010.5,800,11,1010.4,1224,10,1010.3,869,12,1011.0,39,3,1011.1,21,1,1011.2,793,7,1011.3,593,9,1011.4,1613,18
317,2025-11-26 14:37:20+05:30,1011.0,1,1002.15,8134853,397966.0,439939.0,986.2,1012.8,981.3,986.2,120600750,1084.8,887.6,1102.5,649.1,1010.9,202,4,1010.8,1929,8,1010.7,518,8,1010.6,509,7,1010.5,1130,12,1011.0,38,3,1011.1,21,1,1011.2,1,1,1011.3,814,6,1011.4,765,9
317,2025-11-26 14:37:20+05:30,1011.0,1,1002.15,8134853,397966.0,439939.0,986.2,1012.8,981.3,986.2,120600750,1084.8,887.6,1102.5,649.1,1010.9,202,4,1010.8,1929,8,1010.7,518,8,1010.6,509,7,1010.5,1130,12,1011.0,38,3,1011.1,21,1,1011.2,1,1,1011.3,814,6,1011.4,765,9
317,2025-11-26 14:37:21+05:30,1011.0,1,1002.15,8134853,397966.0,439939.0,986.2,1012.8,981.3,986.2,120600750,1084.8,887.6,1102.5,649.1,1010.9,202,4,1010.8,1929,8,1010.7,518,8,1010.6,509,7,1010.5,1130,12,1011.0,38,3,1011.1,21,1,1011.2,1,1,1011.3,814,6,1011.4,765,9
317,2025-11-26 14:37:21+05:30,1011.0,1,1002.15,8134854,398105.0,439964.0,986.2,1012.8,981.3,986.2,120600750,1084.8,887.6,1102.5,649.1,1010.9,166,4,1010.8,1730,7,1010.7,830,11,1010.6,584,8,1010.5,1130,12,1011.0,138,5,1011.1,21,1,1011.2,1,1,1011.3,413,5,1011.4,1091,10
317,2025-11-26 14:37:22+05:30,1011.0,1,1002.15,8134855,398084.0,440130.0,986.2,1012.8,981.3,986.2,120600750,1084.8,887.6,1102.5,649.1,1010.9,166,4,1010.8,1730,7,1010.7,830,11,1010.6,1085,9,1010.5,608,11,1011.0,137,5,1011.1,72,2,1011.2,1,1,1011.3,413,5,1011.4,765,9
317,2025-11-26 14:37:23+05:30,1010.9,81,1002.15,8134855,398084.0,440130.0,986.2,1012.8,981.3,986.2,120600750,1084.8,887.6,1102.5,649.1,1010.9,166,4,1010.8,1730,7,1010.7,830,11,1010.6,1085,9,1010.5,608,11,1011.0,137,5,1011.1,72,2,1011.2,1,1,1011.3,413,5,1011.4,765,9
317,2025-11-26 14:37:23+05:30,1011.0,1,1002.15,8134970,398005.0,440133.0,986.2,1012.8,981.3,986.2,120600750,1084.8,887.6,1102.5,649.1,1010.9,83,4,1010.8,1868,9,1010.7,697,10,1010.6,612,9,1010.5,1084,11,1011.0,140,5,1011.1,72,2,1011.2,1,1,1011.3,796,6,1011.4,765,9
317,2025-11-26 14:37:24+05:30,1011.0,27,1002.15,8134970,398005.0,440133.0,986.2,1012.8,981.3,986.2,120600750,1084.8,887.6,1102.5,649.1,1010.9,83,4,1010.8,1868,9,1010.7,697,10,1010.6,612,9,1010.5,1084,11,1011.0,140,5,1011.1,72,2,1011.2,1,1,1011.3,796,6,1011.4,765,9
317,2025-11-26 14:37:24+05:30,1011.0,27,1002.15,8135475,400248.0,438934.0,986.2,1012.8,981.3,986.2,120600750,1084.8,887.6,1102.5,649.1,1010.9,1583,6,1010.8,536,10,1010.7,425,7,1010.6,582,8,1010.5,1332,15,1011.0,16,4,1011.1,72,2,1011.2,1,1,1011.3,181,2,1011.4,752,8
317,2025-11-26 14:37:25+05:30,1011.0,3,1002.15,8135475,400248.0,438934.0,986.2,1012.8,981.3,986.2,120600750,1084.8,887.6,1102.5,649.1,1010.9,1583,6,1010.8,536,10,1010.7,425,7,1010.6,582,8,1010.5,1332,15,1011.0,16,4,1011.1,72,2,1011.2,1,1,1011.3,181,2,1011.4,752,8
317,2025-11-26 14:37:25+05:30,1011.1,9,1002.15,8135621,401288.0,438481.0,986.2,1012.8,981.3,986.2,120600750,1084.8,887.6,1102.5,649.1,1010.9,1708,10,1010.8,360,7,1010.7,595,9,1010.6,582,8,1010.5,1340,15,1011.1,328,4,1011.2,1,1,1011.3,111,1,1011.4,569,6,1011.5,651,11
317,2025-11-26 14:37:26+05:30,1011.1,2,1002.15,8135621,401288.0,438481.0,986.2,1012.8,981.3,986.2,120600750,1084.8,887.6,1102.5,649.1,1010.9,1708,10,1010.8,360,7,1010.7,595,9,1010.6,582,8,1010.5,1340,15,1011.1,328,4,1011.2,1,1,1011.3,111,1,1011.4,569,6,1011.5,651,11
317,2025-11-26 14:37:26+05:30,1011.1,2,1002.15,8135623,400583.0,438526.0,986.2,1012.8,981.3,986.2,120600750,1084.8,887.6,1102.5,649.1,1010.9,1709,11,1010.8,375,6,1010.7,595,9,1010.6,582,8,1010.5,1340,15,1011.1,326,4,1011.2,2,2,1011.3,115,2,1011.4,569,6,1011.5,651,11
317,2025-11-26 14:37:27+05:30,1011.1,40,1002.15,8135673,400596.0,438332.0,986.2,1012.8,981.3,986.2,120600750,1084.8,887.6,1102.5,649.1,1010.9,1722,12,1010.8,375,6,1010.7,595,9,1010.6,582,8,1010.5,1340,15,1011.1,276,3,1011.2,2,2,1011.3,115,2,1011.4,435,5,1011.5,651,11
317,2025-11-26 14:37:28+05:30,1011.1,9,1002.15,8135673,400596.0,438332.0,986.2,1012.8,981.3,986.2,120600750,1084.8,887.6,1102.5,649.1,1010.9,1722,12,1010.8,375,6,1010.7,595,9,1010.6,582,8,1010.5,1340,15,1011.1,276,3,1011.2,2,2,1011.3,115,2,1011.4,435,5,1011.5,651,11
317,2025-11-26 14:37:28+05:30,1011.1,1,1002.15,8135694,400553.0,438618.0,986.2,1012.8,981.3,986.2,120600750,1084.8,887.6,1102.5,649.1,1010.9,1681,12,1010.8,265,5,1010.7,728,10,1010.6,582,8,1010.5,1325,15,1011.1,339,5,1011.2,2,2,1011.3,291,3,1011.4,543,6,1011.5,936,11
317,2025-11-26 14:37:29+05:30,1011.1,2,1002.15,8135694,400553.0,438618.0,986.2,1012.8,981.3,986.2,120600750,1084.8,887.6,1102.5,649.1,1010.9,1681,12,1010.8,265,5,1010.7,728,10,1010.6,582,8,1010.5,1325,15,1011.1,339,5,1011.2,2,2,1011.3,291,3,1011.4,543,6,1011.5,936,11
317,2025-11-26 14:37:29+05:30,1011.1,2,1002.15,8135696,400553.0,438606.0,986.2,1012.8,981.3,986.2,120600750,1084.8,887.6,1102.5,649.1,1010.9,1681,12,1010.8,265,5,1010.7,728,10,1010.6,582,8,1010.5,1325,15,1011.1,349,6,1011.2,2,2,1011.3,291,3,1011.4,543,6,1011.5,936,11
317,2025-11-26 14:37:30+05:30,1011.1,24,1002.15,8135696,400553.0,438606.0,986.2,1012.8,981.3,986.2,120600750,1084.8,887.6,1102.5,649.1,1010.9,1681,12,1010.8,265,5,1010.7,728,10,1010.6,582,8,1010.5,1325,15,1011.1,349,6,1011.2,2,2,1011.3,291,3,1011.4,543,6,1011.5,936,11
317,2025-11-26 14:37:30+05:30,1010.9,9,1002.15,8135908,400435.0,438716.0,986.2,1012.8,981.3,986.2,120600750,1084.8,887.6,1102.5,649.1,1010.9,1921,15,1010.8,219,5,1010.7,625,10,1010.6,1114,8,1010.5,838,14,1011.1,146,6,1011.2,2,2,1011.3,4,1,1011.4,714,6,1011.5,636,10
317,2025-11-26 14:37:31+05:30,1011.1,1,1002.15,8135908,400435.0,438716.0,986.2,1012.8,981.3,986.2,120600750,1084.8,887.6,1102.5,649.1,1010.9,1921,15,1010.8,219,5,1010.7,625,10,1010.6,1114,8,1010.5,838,14,1011.1,146,6,1011.2,2,2,1011.3,4,1,1011.4,714,6,1011.5,636,10
317,2025-11-26 14:37:31+05:30,1011.1,1,1002.15,8135925,400402.0,438753.0,986.2,1012.8,981.3,986.2,120600750,1084.8,887.6,1102.5,649.1,1010.9,1640,13,1010.8,484,7,1010.7,625,10,1010.6,1097,8,1010.5,838,14,1011.1,145,7,1011.2,2,2,1011.3,4,1,1011.4,714,6,1011.5,934,11
317,2025-11-26 14:37:32+05:30,1011.1,31,1002.15,8135925,400402.0,438753.0,986.2,1012.8,981.3,986.2,120600750,1084.8,887.6,1102.5,649.1,1010.9,1640,13,1010.8,484,7,1010.7,625,10,1010.6,1097,8,1010.5,838,14,1011.1,145,7,1011.2,2,2,1011.3,4,1,1011.4,714,6,1011.5,934,11
317,2025-11-26 14:37:32+05:30,1011.1,31,1002.16,8137314,399253.0,439965.0,986.2,1012.8,981.3,986.2,120600750,1084.8,887.6,1102.5,649.1,1010.9,951,9,1010.8,16,2,1010.7,803,10,1010.6,1158,8,1010.5,922,19,1011.1,65,4,1011.2,136,4,1011.3,445,5,1011.4,816,9,1011.5,1145,14
317,2025-11-26 14:37:33+05:30,1011.1,18,1002.16,8137314,399253.0,439965.0,986.2,1012.8,981.3,986.2,120600750,1084.8,887.6,1102.5,649.1,1010.9,951,9,1010.8,16,2,1010.7,803,10,1010.6,1158,8,1010.5,922,19,1011.1,65,4,1011.2,136,4,1011.3,445,5,1011.4,816,9,1011.5,1145,14
317,2025-11-26 14:37:33+05:30,1010.9,720,1002.16,8138352,400636.0,440004.0,986.2,1012.8,981.3,986.2,120600750,1084.8,887.6,1102.5,649.1,1010.9,864,7,1010.8,16,2,1010.7,577,8,1010.6,846,6,1010.5,843,14,1011.0,50,1,1011.1,54,4,1011.2,163,4,1011.3,621,8,1011.4,853,9
317,2025-11-26 14:37:34+05:30,1011.1,7,1002.16,8138352,400636.0,440004.0,986.2,1012.8,981.3,986.2,120600750,1084.8,887.6,1102.5,649.1,1010.9,864,7,1010.8,16,2,1010.7,577,8,1010.6,846,6,1010.5,843,14,1011.0,50,1,1011.1,54,4,1011.2,163,4,1011.3,621,8,1011.4,853,9
317,2025-11-26 14:37:34+05:30,1011.1,7,1002.16,8138999,400247.0,438842.0,986.2,1012.8,981.3,986.2,120600750,1084.8,887.6,1102.5,649.1,1011.1,89,1,1011.0,40,3,1010.9,869,8,1010.8,591,8,1010.7,720,10,1011.2,2,2,1011.3,240,4,1011.4,675,7,1011.5,720,12,1011.6,1170,17
317,2025-11-26 14:37:35+05:30,1011.2,2,1002.16,8138999,400247.0,438842.0,986.2,1012.8,981.3,986.2,120600750,1084.8,887.6,1102.5,649.1,1011.1,89,1,1011.0,40,3,1010.9,869,8,1010.8,591,8,1010.7,720,10,1011.2,2,2,1011.3,240,4,1011.4,675,7,1011.5,720,12,1011.6,1170,17
317,2025-11-26 14:37:35+05:30,1010.9,10,1002.16,8140443,399716.0,441124.0,986.2,1012.8,981.3,986.2,120600750,1084.8,887.6,1102.5,649.1,1010.8,766,3,1010.7,45,4,1010.6,113,1,1010.5,1087,8,1010.4,1372,9,1010.9,5,1,1011.1,202,1,1011.2,842,10,1011.3,714,9,1011.4,1388,12
317,2025-11-26 14:37:36+05:30,1010.8,93,1002.16,8140443,399716.0,441124.0,986.2,1012.8,981.3,986.2,120600750,1084.8,887.6,1102.5,649.1,1010.8,766,3,1010.7,45,4,1010.6,113,1,1010.5,1087,8,1010.4,1372,9,1010.9,5,1,1011.1,202,1,1011.2,842,10,1011.3,714,9,1011.4,1388,12
317,2025-11-26 14:37:36+05:30,1010.8,93,1002.16,8141304,398579.0,442224.0,986.2,1012.8,981.3,986.2,120600750,1084.8,887.6,1102.5,649.1,1010.7,810,6,1010.6,263,2,1010.5,920,8,1010.4,751,8,1010.3,1674,16,1010.8,33,1,1011.0,4,1,1011.1,202,1,1011.2,639,9,1011.3,1221,15
317,2025-11-26 14:37:37+05:30,1010.8,93,1002.16,8141304,399624.0,442272.0,986.2,1012.8,981.3,986.2,120600750,1084.8,887.6,1102.5,649.1,1010.7,1609,8,1010.6,397,4,1010.5,1092,10,1010.4,622,7,1010.3,1706,17,1010.8,33,1,1010.9,1,1,1011.0,4,1,1011.1,202,1,1011.2,664,10
317,2025-11-26 14:37:38+05:30,1010.8,93,1002.16,8141304,399704.0,442256.0,986.2,1012.8,981.3,986.2,120600750,1084.8,887.6,1102.5,649.1,1010.7,1622,9,1010.6,397,4,1010.5,595,9,1010.4,1188,8,1010.3,1706,17,1010.8,33,1,1010.9,49,2,1011.0,4,1,1011.1,202,1,1011.2,664,10
317,2025-11-26 14:37:39+05:30,1010.7,11,1002.16,8141304,399704.0,442256.0,986.2,1012.8,981.3,986.2,120600750,1084.8,887.6,1102.5,649.1,1010.7,1622,9,1010.6,397,4,1010.5,595,9,1010.4,1188,8,1010.3,1706,17,1010.8,33,1,1010.9,49,2,1011.0,4,1,1011.1,202,1,1011.2,664,10
317,2025-11-26 14:37:39+05:30,1010.7,6,1002.16,8141375,399739.0,442142.0,986.2,1012.8,981.3,986.2,120600750,1084.8,887.6,1102.5,649.1,1010.7,1550,6,1010.6,268,3,1010.5,731,10,1010.4,1188,8,1010.3,1706,17,1010.8,19,1,1010.9,49,2,1011.0,4,1,1011.1,202,1,1011.2,664,10
317,2025-11-26 14:37:40+05:30,1010.8,1,1002.16,8141375,399739.0,442142.0,986.2,1012.8,981.3,986.2,120600750,1084.8,887.6,1102.5,649.1,1010.7,1550,6,1010.6,268,3,1010.5,731,10,1010.4,1188,8,1010.3,1706,17,1010.8,19,1,1010.9,49,2,1011.0,4,1,1011.1,202,1,1011.2,664,10
317,2025-11-26 14:37:40+05:30,1010.8,2,1002.16,8141378,399739.0,442145.0,986.2,1012.8,981.3,986.2,120600750,1084.8,887.6,1102.5,649.1,1010.7,1550,6,1010.6,268,3,1010.5,731,10,1010.4,1188,8,1010.3,1706,17,1010.8,21,2,1010.9,49,2,1011.0,4,1,1011.1,202,1,1011.2,664,10
317,2025-11-26 14:37:41+05:30,1010.8,2,1002.16,8141378,399739.0,442145.0,986.2,1012.8,981.3,986.2,120600750,1084.8,887.6,1102.5,649.1,1010.7,1550,6,1010.6,268,3,1010.5,731,10,1010.4,1188,8,1010.3,1706,17,1010.8,21,2,1010.9,49,2,1011.0,4,1,1011.1,202,1,1011.2,664,10
317,2025-11-26 14:37:41+05:30,1010.8,2,1002.16,8141378,399665.0,442115.0,986.2,1012.8,981.3,986.2,120600750,1084.8,887.6,1102.5,649.1,1010.7,1614,7,1010.6,463,4,1010.5,398,7,1010.4,1188,8,1010.3,1706,17,1010.8,21,2,1010.9,49,2,1011.0,4,1,1011.1,202,1,1011.2,664,10
317,2025-11-26 14:37:42+05:30,1011.1,2,1002.16,8141378,399665.0,442115.0,986.2,1012.8,981.3,986.2,120600750,1084.8,887.6,1102.5,649.1,1010.7,1614,7,1010.6,463,4,1010.5,398,7,1010.4,1188,8,1010.3,1706,17,1010.8,21,2,1010.9,49,2,1011.0,4,1,1011.1,202,1,1011.2,664,10
317,2025-11-26 14:37:42+05:30,1011.1,2,1002.16,8141631,398035.0,441850.0,986.2,1012.8,981.3,986.2,120600750,1084.8,887.6,1102.5,649.1,1010.8,752,3,1010.7,910,7,1010.6,314,3,1010.5,614,9,1010.4,1319,9,1011.2,1128,10,1011.3,884,13,1011.4,1199,12,1011.5,1074,19,1011.6,1078,12
317,2025-11-26 14:37:43+05:30,1011.2,23,1002.16,8141631,398035.0,441850.0,986.2,1012.8,981.3,986.2,120600750,1084.8,887.6,1102.5,649.1,1010.8,752,3,1010.7,910,7,1010.6,314,3,1010.5,614,9,1010.4,1319,9,1011.2,1128,10,1011.3,884,13,1011.4,1199,12,1011.5,1074,19,1011.6,1078,12
317,2025-11-26 14:37:43+05:30,1010.8,11,1002.16,8141916,398434.0,441732.0,986.2,1012.8,981.3,986.2,120600750,1084.8,887.6,1102.5,649.1,1010.8,520,5,1010.7,792,5,1010.6,533,5,1010.5,731,10,1010.4,622,7,1010.9,8,1,1011.0,86,1,1011.2,923,8,1011.3,674,10,1011.4,1334,13
317,2025-11-26 14:37:44+05:30,1011.0,3,1002.16,8141916,398434.0,441732.0,986.2,1012.8,981.3,986.2,120600750,1084.8,887.6,1102.5,649.1,1010.8,520,5,1010.7,792,5,1010.6,533,5,1010.5,731,10,1010.4,622,7,1010.9,8,1,1011.0,86,1,1011.2,923,8,1011.3,674,10,1011.4,1334,13
317,2025-11-26 14:37:44+05:30,1011.0,3,1002.16,8141997,399560.0,441726.0,986.2,1012.8,981.3,986.2,120600750,1084.8,887.6,1102.5,649.1,1010.9,22,1,1010.8,520,5,1010.7,792,5,1010.6,485,5,1010.5,731,10,1011.0,86,2,1011.2,1054,9,1011.3,805,11,1011.4,1203,12,1011.5,1093,21
317,2025-11-26 14:37:45+05:30,1011.0,2,1002.16,8141997,399560.0,441726.0,986.2,1012.8,981.3,986.2,120600750,1084.8,887.6,1102.5,649.1,1010.9,22,1,1010.8,520,5,1010.7,792,5,1010.6,485,5,1010.5,731,10,1011.0,86,2,1011.2,1054,9,1011.3,805,11,1011.4,1203,12,1011.5,1093,21
317,2025-11-26 14:37:45+05:30,1011.0,1,1002.16,8142009,399532.0,441564.0,986.2,1012.8,981.3,986.2,120600750,1084.8,887.6,1102.5,649.1,1010.9,22,1,1010.8,518,3,1010.7,811,6,1010.6,485,5,1010.5,731,10,1011.0,74,2,1011.1,105,1,1011.2,460,7,1011.3,1053,13,1011.4,1203,12
317,2025-11-26 14:37:46+05:30,1011.0,1,1002.16,8142009,399532.0,441564.0,986.2,1012.8,981.3,986.2,120600750,1084.8,887.6,1102.5,649.1,1010.9,22,1,1010.8,518,3,1010.7,811,6,1010.6,485,5,1010.5,731,10,1011.0,74,2,1011.1,105,1,1011.2,460,7,1011.3,1053,13,1011.4,1203,12
317,2025-11-26 14:37:46+05:30,1011.0,1,1002.16,8142010,399606.0,441143.0,986.2,1012.8,981.3,986.2,120600750,1084.8,887.6,1102.5,649.1,1010.9,44,3,1010.8,505,2,1010.7,811,6,1010.6,747,7,1010.5,600,9,1011.0,75,4,1011.2,460,7,1011.3,791,11,1011.4,1465,14,1011.5,1087,20
317,2025-11-26 14:37:47+05:30,1011.0,1,1002.16,8142010,399606.0,441143.0,986.2,1012.8,981.3,986.2,120600750,1084.8,887.6,1102.5,649.1,1010.9,44,3,1010.8,505,2,1010.7,811,6,1010.6,747,7,1010.5,600,9,1011.0,75,4,1011.2,460,7,1011.3,791,11,1011.4,1465,14,1011.5,1087,20
317,2025-11-26 14:37:47+05:30,1011.0,38,1002.16,8142798,399916.0,439095.0,986.2,1012.8,981.3,986.2,120600750,1084.8,887.6,1102.5,649.1,1010.9,44,3,1010.8,1238,3,1010.7,343,7,1010.6,508,6,1010.5,689,9,1011.0,6,3,1011.2,264,5,1011.3,473,5,1011.4,352,6,1011.5,1248,13
317,2025-11-26 14:37:48+05:30,1011.0,38,1002.16,8142798,399916.0,439095.0,986.2,1012.8,981.3,986.2,120600750,1084.8,887.6,1102.5,649.1,1010.9,44,3,1010.8,1238,3,1010.7,343,7,1010.6,508,6,1010.5,689,9,1011.0,6,3,1011.2,264,5,1011.3,473,5,1011.4,352,6,1011.5,1248,13
317,2025-11-26 14:37:48+05:30,1011.0,2,1002.16,8143034,399619.0,440487.0,986.2,1012.8,981.3,986.2,120600750,1084.8,887.6,1102.5,649.1,1010.9,4,1,1010.8,1369,4,1010.7,343,7,1010.6,438,5,1010.5,441,7,1011.0,6,2,1011.2,331,6,1011.3,794,8,1011.4,991,12,1011.5,742,13
317,2025-11-26 14:37:49+05:30,1011.0,1,1002.16,8143034,399619.0,440487.0,986.2,1012.8,981.3,986.2,120600750,1084.8,887.6,1102.5,649.1,1010.9,4,1,1010.8,1369,4,1010.7,343,7,1010.6,438,5,1010.5,441,7,1011.0,6,2,1011.2,331,6,1011.3,794,8,1011.4,991,12,1011.5,742,13
317,2025-11-26 14:37:49+05:30,1011.0,1,1002.16,8143036,399551.0,440677.0,986.2,1012.8,981.3,986.2,120600750,1084.8,887.6,1102.5,649.1,1010.9,4,1,1010.8,1274,4,1010.7,474,8,1010.6,330,3,1010.5,432,7,1011.0,5,2,1011.1,70,1,1011.2,440,7,1011.3,794,8,1011.4,1108,13
317,2025-11-26 14:37:50+05:30,1011.0,1,1002.16,8143036,399551.0,440677.0,986.2,1012.8,981.3,986.2,120600750,1084.8,887.6,1102.5,649.1,1010.9,4,1,1010.8,1274,4,1010.7,474,8,1010.6,330,3,1010.5,432,7,1011.0,5,2,1011.1,70,1,1011.2,440,7,1011.3,794,8,1011.4,1108,13
317,2025-11-26 14:37:50+05:30,1011.1,46,1002.16,8143087,399174.0,440467.0,986.2,1012.8,981.3,986.2,120600750,1084.8,887.6,1102.5,649.1,1011.0,83,2,1010.9,6,2,1010.8,1383,5,1010.7,581,9,1010.6,413,4,1011.2,254,5,1011.3,443,6,1011.4,964,13,1011.5,1034,13,1011.6,1487,20
317,2025-11-26 14:37:51+05:30,1011.1,46,1002.16,8143087,399174.0,440467.0,986.2,1012.8,981.3,986.2,120600750,1084.8,887.6,1102.5,649.1,1011.0,83,2,1010.9,6,2,1010.8,1383,5,1010.7,581,9,1010.6,413,4,1011.2,254,5,1011.3,443,6,1011.4,964,13,1011.5,1034,13,1011.6,1487,20
317,2025-11-26 14:37:51+05:30,1010.9,32,1002.16,8143219,399296.0,441275.0,986.2,1012.8,981.3,986.2,120600750,1084.8,887.6,1102.5,649.1,1010.8,1274,4,1010.7,319,7,1010.6,413,4,1010.5,947,8,1010.4,1390,10,1011.1,126,1,1011.2,324,7,1011.3,467,7,1011.4,1140,13,1011.5,899,14
317,2025-11-26 14:37:52+05:30,1011.2,2,1002.16,8143219,399296.0,441275.0,986.2,1012.8,981.3,986.2,120600750,1084.8,887.6,1102.5,649.1,1010.8,1274,4,1010.7,319,7,1010.6,413,4,1010.5,947,8,1010.4,1390,10,1011.1,126,1,1011.2,324,7,1011.3,467,7,1011.4,1140,13,1011.5,899,14
317,2025-11-26 14:37:52+05:30,1011.2,5,1002.16,8143230,398654.0,440757.0,986.2,1012.8,981.3,986.2,120600750,1084.8,887.6,1102.5,649.1,1011.0,12,2,1010.8,1290,5,1010.7,395,7,1010.6,413,4,1010.5,1009,8,1011.2,26,4,1011.3,569,7,1011.4,898,12,1011.5,1197,15,1011.6,1402,21
317,2025-11-26 14:37:53+05:30,1011.2,1,1002.16,8143230,398654.0,440757.0,986.2,1012.8,981.3,986.2,120600750,1084.8,887.6,1102.5,649.1,1011.0,12,2,1010.8,1290,5,1010.7,395,7,1010.6,413,4,1010.5,1009,8,1011.2,26,4,1011.3,569,7,1011.4,898,12,1011.5,1197,15,1011.6,1402,21
317,2025-11-26 14:37:53+05:30,1011.0,7,1002.16,8143340,399516.0,441205.0,986.2,1012.8,981.3,986.2,120600750,1084.8,887.6,1102.5,649.1,1011.0,3,1,1010.8,1290,5,1010.7,456,7,1010.6,415,4,1010.5,1382,11,1011.1,33,1,1011.2,198,4,1011.3,471,6,1011.4,772,11,1011.5,1197,15
317,2025-11-26 14:37:54+05:30,1011.1,1,1002.16,8143340,399516.0,441205.0,986.2,1012.8,981.3,986.2,120600750,1084.8,887.6,1102.5,649.1,1011.0,3,1,1010.8,1290,5,1010.7,456,7,1010.6,415,4,1010.5,1382,11,1011.1,33,1,1011.2,198,4,1011.3,471,6,1011.4,772,11,1011.5,1197,15
317,2025-11-26 14:37:54+05:30,1011.1,5,1002.16,8143453,399383.0,441080.0,986.2,1012.8,981.3,986.2,120600750,1084.8,887.6,1102.5,649.1,1011.0,8,2,1010.8,1290,5,1010.7,371,6,1010.6,415,4,1010.5,795,10,1011.1,31,2,1011.2,26,3,1011.3,376,5,1011.4,898,12,1011.5,1197,15
317,2025-11-26 14:37:55+05:30,1011.1,2,1002.16,8143453,399383.0,441080.0,986.2,1012.8,981.3,986.2,120600750,1084.8,887.6,1102.5,649.1,1011.0,8,2,1010.8,1290,5,1010.7,371,6,1010.6,415,4,1010.5,795,10,1011.1,31,2,1011.2,26,3,1011.3,376,5,1011.4,898,12,1011.5,1197,15
317,2025-11-26 14:37:55+05:30,1011.1,2,1002.16,8143554,400060.0,441099.0,986.2,1012.8,981.3,986.2,120600750,1084.8,887.6,1102.5,649.1,1010.8,1416,6,1010.7,659,10,1010.6,532,5,1010.5,1203,10,1010.4,1424,12,1011.1,36,2,1011.2,2,2,1011.3,349,5,1011.4,701,9,1011.5,1331,17
317,2025-11-26 14:37:56+05:30,1011.1,2,1002.16,8143554,400060.0,441099.0,986.2,1012.8,981.3,986.2,120600750,1084.8,887.6,1102.5,649.1,1010.8,1416,6,1010.7,659,10,1010.6,532,5,1010.5,1203,10,1010.4,1424,12,1011.1,36,2,1011.2,2,2,1011.3,349,5,1011.4,701,9,1011.5,1331,17
317,2025-11-26 14:37:57+05:30,1011.3,25,1002.16,8144042,398737.0,439606.0,986.2,1012.8,981.3,986.2,120600750,1084.8,887.6,1102.5,649.1,1010.9,733,1,1010.8,199,5,1010.7,650,10,1010.6,753,7,1010.5,1211,10,1011.3,248,5,1011.4,1126,14,1011.5,1282,17,1011.6,1446,20,1011.7,859,16
317,2025-11-26 14:37:57+05:30,1011.3,25,1002.16,8144042,398737.0,439606.0,986.2,1012.8,981.3,986.2,120600750,1084.8,887.6,1102.5,649.1,1010.9,733,1,1010.8,199,5,1010.7,650,10,1010.6,753,7,1010.5,1211,10,1011.3,248,5,1011.4,1126,14,1011.5,1282,17,1011.6,1446,20,1011.7,859,16
317,2025-11-26 14:37:58+05:30,1011.3,85,1002.16,8144365,399179.0,439371.0,986.2,1012.8,981.3,986.2,120600750,1084.8,887.6,1102.5,649.1,1010.9,763,3,1010.8,481,8,1010.7,609,10,1010.6,816,9,1010.5,1303,16,1011.3,25,2,1011.4,701,9,1011.5,1040,14,1011.6,1678,17,1011.7,952,23
317,2025-11-26 14:37:58+05:30,1010.9,2,1002.16,8144365,399179.0,439371.0,986.2,1012.8,981.3,986.2,120600750,1084.8,887.6,1102.5,649.1,1010.9,763,3,1010.8,481,8,1010.7,609,10,1010.6,816,9,1010.5,1303,16,1011.3,25,2,1011.4,701,9,1011.5,1040,14,1011.6,1678,17,1011.7,952,23
317,2025-11-26 14:37:59+05:30,1010.9,3,1002.16,8144365,399179.0,439371.0,986.2,1012.8,981.3,986.2,120600750,1084.8,887.6,1102.5,649.1,1010.9,763,3,1010.8,481,8,1010.7,609,10,1010.6,816,9,1010.5,1303,16,1011.3,25,2,1011.4,701,9,1011.5,1040,14,1011.6,1678,17,1011.7,952,23
317,2025-11-26 14:37:59+05:30,1010.9,3,1002.17,8145388,400073.0,440148.0,986.2,1012.8,981.3,986.2,120600750,1084.8,887.6,1102.5,649.1,1011.0,747,1,1010.9,14,1,1010.8,76,4,1010.7,392,6,1010.6,951,8,1011.1,4,1,1011.2,112,2,1011.3,523,6,1011.4,755,11,1011.5,1100,14
317,2025-11-26 14:38:00+05:30,1011.0,7,1002.17,8146652,395024.0,441309.0,986.2,1012.8,981.3,986.2,120600750,1084.8,887.6,1102.5,649.1,1010.8,27,3,1010.7,56,3,1010.6,1047,4,1010.5,1216,10,1010.4,1320,10,1011.0,113,1,1011.1,4,1,1011.2,777,11,1011.3,806,10,1011.4,876,12
317,2025-11-26 14:38:00+05:30,1011.0,2,1002.17,8146652,395024.0,441309.0,986.2,1012.8,981.3,986.2,120600750,1084.8,887.6,1102.5,649.1,1010.8,27,3,1010.7,56,3,1010.6,1047,4,1010.5,1216,10,1010.4,1320,10,1011.0,113,1,1011.1,4,1,1011.2,777,11,1011.3,806,10,1011.4,876,12
317,2025-11-26 14:38:01+05:30,1011.0,1,1002.17,8146652,395024.0,441309.0,986.2,1012.8,981.3,986.2,120600750,1084.8,887.6,1102.5,649.1,1010.8,27,3,1010.7,56,3,1010.6,1047,4,1010.5,1216,10,1010.4,1320,10,1011.0,113,1,1011.1,4,1,1011.2,777,11,1011.3,806,10,1011.4,876,12
317,2025-11-26 14:38:01+05:30,1011.0,1,1002.17,8148288,393255.0,440052.0,986.2,1012.8,981.3,986.2,120600750,1084.8,887.6,1102.5,649.1,1010.6,1180,6,1010.5,784,10,1010.4,652,7,1010.3,1155,9,1010.2,735,19,1011.0,74,2,1011.1,4,1,1011.2,507,7,1011.3,622,8,1011.4,1013,15
317,2025-11-26 14:38:02+05:30,1011.0,1,1002.17,8148288,391579.0,438078.0,986.2,1012.8,981.3,986.2,120600750,1084.8,887.6,1102.5,649.1,1010.6,1229,8,1010.5,784,10,1010.4,652,7,1010.3,1168,10,1010.2,735,19,1011.0,79,4,1011.1,4,1,1011.2,544,8,1011.3,700,10,1011.4,972,14
317,2025-11-26 14:38:03+05:30,1011.0,4,1002.17,8148319,391300.0,437996.0,986.2,1012.8,981.3,986.2,120600750,1084.8,887.6,1102.5,649.1,1010.6,136,3,1010.5,1343,9,1010.4,882,9,1010.3,1150,9,1010.2,869,20,1011.0,48,4,1011.1,263,5,1011.2,616,10,1011.3,988,11,1011.4,661,12
317,2025-11-26 14:38:03+05:30,1011.0,4,1002.17,8148319,391300.0,437996.0,986.2,1012.8,981.3,986.2,120600750,1084.8,887.6,1102.5,649.1,1010.6,136,3,1010.5,1343,9,1010.4,882,9,1010.3,1150,9,1010.2,869,20,1011.0,48,4,1011.1,263,5,1011.2,616,10,1011.3,988,11,1011.4,661,12
317,2025-11-26 14:38:04+05:30,1010.8,12,1002.17,8149848,392234.0,437473.0,986.2,1012.8,981.3,986.2,120600750,1084.8,887.6,1102.5,649.1,1010.6,258,4,1010.5,1646,13,1010.4,634,9,1010.3,1238,9,1010.2,785,18,1010.8,3,1,1011.0,6,3,1011.1,183,4,1011.2,497,7,1011.3,475,7
317,2025-11-26 14:38:04+05:30,1010.8,12,1002.17,8149848,392234.0,437473.0,986.2,1012.8,981.3,986.2,120600750,1084.8,887.6,1102.5,649.1,1010.6,258,4,1010.5,1646,13,1010.4,634,9,1010.3,1238,9,1010.2,785,18,1010.8,3,1,1011.0,6,3,1011.1,183,4,1011.2,497,7,1011.3,475,7
317,2025-11-26 14:38:05+05:30,1011.0,2,1002.17,8149878,391402.0,436861.0,986.2,1012.8,981.3,986.2,120600750,1084.8,887.6,1102.5,649.1,1010.6,261,5,1010.5,1493,12,1010.4,634,9,1010.3,704,9,1010.2,1287,19,1011.0,3,2,1011.1,183,4,1011.2,556,8,1011.3,591,9,1011.4,1444,15
317,2025-11-26 14:38:05+05:30,1011.0,2,1002.17,8149878,391402.0,436861.0,986.2,1012.8,981.3,986.2,120600750,1084.8,887.6,1102.5,649.1,1010.6,261,5,1010.5,1493,12,1010.4,634,9,1010.3,704,9,1010.2,1287,19,1011.0,3,2,1011.1,183,4,1011.2,556,8,1011.3,591,9,1011.4,1444,15
317,2025-11-26 14:38:06+05:30,1011.0,1,1002.17,8149878,391402.0,436861.0,986.2,1012.8,981.3,986.2,120600750,1084.8,887.6,1102.5,649.1,1010.6,261,5,1010.5,1493,12,1010.4,634,9,1010.3,704,9,1010.2,1287,19,1011.0,3,2,1011.1,183,4,1011.2,556,8,1011.3,591,9,1011.4,1444,15
317,2025-11-26 14:38:06+05:30,1011.0,1,1002.17,8149881,391440.0,437541.0,986.2,1012.8,981.3,986.2,120600750,1084.8,887.6,1102.5,649.1,1010.6,804,7,1010.5,1578,13,1010.4,634,9,1010.3,704,9,1010.2,795,19,1011.0,1,1,1011.1,183,4,1011.2,497,7,1011.3,591,9,1011.4,1444,15
317,2025-11-26 14:38:07+05:30,1010.7,38,1002.17,8149881,391440.0,437541.0,986.2,1012.8,981.3,986.2,120600750,1084.8,887.6,1102.5,649.1,1010.6,804,7,1010.5,1578,13,1010.4,634,9,1010.3,704,9,1010.2,795,19,1011.0,1,1,1011.1,183,4,1011.2,497,7,1011.3,591,9,1011.4,1444,15
317,2025-11-26 14:38:07+05:30,1010.7,38,1002.17,8149927,391780.0,438728.0,986.2,1012.8,981.3,986.2,120600750,1084.8,887.6,1102.5,649.1,1010.6,909,4,1010.5,704,11,1010.4,835,10,1010.3,1255,9,1010.2,1137,19,1011.0,91,3,1011.1,581,6,1011.2,854,12,1011.3,1040,11,1011.4,802,12
317,2025-11-26 14:38:08+05:30,1010.7,38,1002.17,8149927,391754.0,438658.0,986.2,1012.8,981.3,986.2,120600750,1084.8,887.6,1102.5,649.1,1010.6,959,7,1010.5,819,12,1010.4,695,8,1010.3,1231,8,1010.2,1112,18,1011.0,91,3,1011.1,466,5,1011.2,784,11,1011.3,1155,12,1011.4,802,12
317,2025-11-26 14:38:09+05:30,1011.0,3,1002.17,8149927,391754.0,438658.0,986.2,1012.8,981.3,986.2,120600750,1084.8,887.6,1102.5,649.1,1010.6,959,7,1010.5,819,12,1010.4,695,8,1010.3,1231,8,1010.2,1112,18,1011.0,91,3,1011.1,466,5,1011.2,784,11,1011.3,1155,12,1011.4,802,12
317,2025-11-26 14:38:09+05:30,1011.0,3,1002.17,8149932,391801.0,439330.0,986.2,1012.8,981.3,986.2,120600750,1084.8,887.6,1102.5,649.1,1010.6,959,7,1010.5,819,12,1010.4,695,8,1010.3,1231,8,1010.2,1112,18,1011.0,88,4,1011.1,925,6,1011.2,775,10,1011.3,1103,12,1011.4,1119,14
317,2025-11-26 14:38:10+05:30,1011.0,1,1002.17,8149932,391801.0,439330.0,986.2,1012.8,981.3,986.2,120600750,1084.8,887.6,1102.5,649.1,1010.6,959,7,1010.5,819,12,1010.4,695,8,1010.3,1231,8,1010.2,1112,18,1011.0,88,4,1011.1,925,6,1011.2,775,10,1011.3,1103,12,1011.4,1119,14
317,2025-11-26 14:38:10+05:30,1011.0,1,1002.17,8150024,392735.0,437866.0,986.2,1012.8,981.3,986.2,120600750,1084.8,887.6,1102.5,649.1,1010.8,1037,2,1010.6,1085,8,1010.5,797,11,1010.4,580,7,1010.3,785,9,1011.0,3,2,1011.1,597,3,1011.2,478,7,1011.3,533,9,1011.4,1030,12
317,2025-11-26 14:38:11+05:30,1011.0,1,1002.17,8150024,392735.0,437866.0,986.2,1012.8,981.3,986.2,120600750,1084.8,887.6,1102.5,649.1,1010.8,1037,2,1010.6,1085,8,1010.5,797,11,1010.4,580,7,1010.3,785,9,1011.0,3,2,1011.1,597,3,1011.2,478,7,1011.3,533,9,1011.4,1030,12
317,2025-11-26 14:38:11+05:30,1010.8,6,1002.17,8151335,390962.0,440623.0,986.2,1012.8,981.3,986.2,120600750,1084.8,887.6,1102.5,649.1,1010.7,9,1,1010.6,146,5,1010.5,1090,5,1010.4,273,3,1010.3,445,5,1011.0,608,9,1011.1,923,8,1011.2,887,13,1011.3,1084,12,1011.4,934,12
317,2025-11-26 14:38:12+05:30,1010.8,6,1002.17,8151335,390962.0,440623.0,986.2,1012.8,981.3,986.2,120600750,1084.8,887.6,1102.5,649.1,1010.7,9,1,1010.6,146,5,1010.5,1090,5,1010.4,273,3,1010.3,445,5,1011.0,608,9,1011.1,923,8,1011.2,887,13,1011.3,1084,12,1011.4,934,12
317,2025-11-26 14:38:12+05:30,1010.7,85,1002.17,8151335,390962.0,440623.0,986.2,1012.8,981.3,986.2,120600750,1084.8,887.6,1102.5,649.1,1010.7,9,1,1010.6,146,5,1010.5,1090,5,1010.4,273,3,1010.3,445,5,1011.0,608,9,1011.1,923,8,1011.2,887,13,1011.3,1084,12,1011.4,934,12
317,2025-11-26 14:38:12+05:30,1010.7,85,1002.17,8151335,390962.0,440623.0,986.2,1012.8,981.3,986.2,120600750,1084.8,887.6,1102.5,649.1,1010.7,9,1,1010.6,146,5,1010.5,1090,5,1010.4,273,3,1010.3,445,5,1011.0,608,9,1011.1,923,8,1011.2,887,13,1011.3,1084,12,1011.4,934,12
317,2025-11-26 14:38:12+05:30,1010.5,63,1002.17,8153337,387491.0,443050.0,986.2,1012.8,981.3,986.2,120600750,1084.8,887.6,1102.5,649.1,1010.4,27,1,1010.3,114,1,1010.2,1156,6,1010.1,1159,11,1010.0,2630,43,1010.8,475,5,1010.9,950,11,1011.0,1252,12,1011.1,879,10,1011.2,1163,13
317,2025-11-26 14:38:12+05:30,1010.5,63,1002.17,8153337,387491.0,443050.0,986.2,1012.8,981.3,986.2,120600750,1084.8,887.6,1102.5,649.1,1010.4,27,1,1010.3,114,1,1010.2,1156,6,1010.1,1159,11,1010.0,2630,43,1010.8,475,5,1010.9,950,11,1011.0,1252,12,1011.1,879,10,1011.2,1163,13
317,2025-11-26 14:38:13+05:30,1010.5,15,1002.17,8153337,387491.0,443050.0,986.2,1012.8,981.3,986.2,120600750,1084.8,887.6,1102.5,649.1,1010.4,27,1,1010.3,114,1,1010.2,1156,6,1010.1,1159,11,1010.0,2630,43,1010.8,475,5,1010.9,950,11,1011.0,1252,12,1011.1,879,10,1011.2,1163,13
317,2025-11-26 14:38:13+05:30,1010.5,15,1002.17,8153337,387491.0,443050.0,986.2,1012.8,981.3,986.2,120600750,1084.8,887.6,1102.5,649.1,1010.4,27,1,1010.3,114,1,1010.2,1156,6,1010.1,1159,11,1010.0,2630,43,1010.8,475,5,1010.9,950,11,1011.0,1252,12,1011.1,879,10,1011.2,1163,13
317,2025-11-26 14:38:13+05:30,1010.7,381,1002.18,8155904,390333.0,434565.0,986.2,1012.8,981.3,986.2,120600750,1084.8,887.6,1102.5,649.1,1010.7,209,2,1010.6,124,4,1010.5,983,5,1010.4,467,6,1010.3,417,7,1011.0,224,3,1011.1,213,3,1011.2,664,8,1011.3,974,12,1011.4,1025,16
317,2025-11-26 14:38:13+05:30,1010.7,381,1002.18,8155904,390333.0,434565.0,986.2,1012.8,981.3,986.2,120600750,1084.8,887.6,1102.5,649.1,1010.7,209,2,1010.6,124,4,1010.5,983,5,1010.4,467,6,1010.3,417,7,1011.0,224,3,1011.1,213,3,1011.2,664,8,1011.3,974,12,1011.4,1025,16
317,2025-11-26 14:38:14+05:30,1010.7,381,1002.18,8155904,390333.0,434565.0,986.2,1012.8,981.3,986.2,120600750,1084.8,887.6,1102.5,649.1,1010.7,209,2,1010.6,124,4,1010.5,983,5,1010.4,467,6,1010.3,417,7,1011.0,224,3,1011.1,213,3,1011.2,664,8,1011.3,974,12,1011.4,1025,16
317,2025-11-26 14:38:14+05:30,1010.7,381,1002.18,8155904,390333.0,434565.0,986.2,1012.8,981.3,986.2,120600750,1084.8,887.6,1102.5,649.1,1010.7,209,2,1010.6,124,4,1010.5,983,5,1010.4,467,6,1010.3,417,7,1011.0,224,3,1011.1,213,3,1011.2,664,8,1011.3,974,12,1011.4,1025,16
317,2025-11-26 14:38:14+05:30,1010.5,33,1002.18,8156070,389613.0,439315.0,986.2,1012.8,981.3,986.2,120600750,1084.8,887.6,1102.5,649.1,1010.5,112,1,1010.4,959,3,1010.3,451,6,1010.2,626,9,1010.1,1466,17,1010.9,188,2,1011.0,534,9,1011.1,538,7,1011.2,694,6,1011.3,729,13
317,2025-11-26 14:38:14+05:30,1010.5,33,1002.18,8156070,389613.0,439315.0,986.2,1012.8,981.3,986.2,120600750,1084.8,887.6,1102.5,649.1,1010.5,112,1,1010.4,959,3,1010.3,451,6,1010.2,626,9,1010.1,1466,17,1010.9,188,2,1011.0,534,9,1011.1,538,7,1011.2,694,6,1011.3,729,13
317,2025-11-26 14:38:15+05:30,1010.5,33,1002.18,8156070,389613.0,439315.0,986.2,1012.8,981.3,986.2,120600750,1084.8,887.6,1102.5,649.1,1010.5,112,1,1010.4,959,3,1010.3,451,6,1010.2,626,9,1010.1,1466,17,1010.9,188,2,1011.0,534,9,1011.1,538,7,1011.2,694,6,1011.3,729,13
317,2025-11-26 14:38:15+05:30,1010.3,95,1002.18,8156070,389613.0,439315.0,986.2,1012.8,981.3,986.2,120600750,1084.8,887.6,1102.5,649.1,1010.5,112,1,1010.4,959,3,1010.3,451,6,1010.2,626,9,1010.1,1466,17,1010.9,188,2,1011.0,534,9,1011.1,538,7,1011.2,694,6,1011.3,729,13
317,2025-11-26 14:38:15+05:30,1010.3,95,1002.18,8156070,389613.0,439315.0,986.2,1012.8,981.3,986.2,120600750,1084.8,887.6,1102.5,649.1,1010.5,112,1,1010.4,959,3,1010.3,451,6,1010.2,626,9,1010.1,1466,17,1010.9,188,2,1011.0,534,9,1011.1,538,7,1011.2,694,6,1011.3,729,13
317,2025-11-26 14:38:15+05:30,1010.3,95,1002.18,8157184,389300.0,439910.0,986.2,1012.8,981.3,986.2,120600750,1084.8,887.6,1102.5,649.1,1010.4,750,1,1010.2,540,7,1010.1,1126,12,1010.0,3253,46,1009.9,1721,15,1010.8,212,4,1010.9,590,6,1011.0,692,12,1011.1,681,9,1011.2,1079,11
317,2025-11-26 14:38:15+05:30,1010.3,95,1002.18,8157184,389300.0,439910.0,986.2,1012.8,981.3,986.2,120600750,1084.8,887.6,1102.5,649.1,1010.4,750,1,1010.2,540,7,1010.1,1126,12,1010.0,3253,46,1009.9,1721,15,1010.8,212,4,1010.9,590,6,1011.0,692,12,1011.1,681,9,1011.2,1079,11
317,2025-11-26 14:38:16+05:30,1010.3,95,1002.18,8157184,389300.0,439910.0,986.2,1012.8,981.3,986.2,120600750,1084.8,887.6,1102.5,649.1,1010.4,750,1,1010.2,540,7,1010.1,1126,12,1010.0,3253,46,1009.9,1721,15,1010.8,212,4,1010.9,590,6,1011.0,692,12,1011.1,681,9,1011.2,1079,11
317,2025-11-26 14:38:16+05:30,1010.8,2,1002.18,8157184,389300.0,439910.0,986.2,1012.8,981.3,986.2,120600750,1084.8,887.6,1102.5,649.1,1010.4,750,1,1010.2,540,7,1010.1,1126,12,1010.0,3253,46,1009.9,1721,15,1010.8,212,4,1010.9,590,6,1011.0,692,12,1011.1,681,9,1011.2,1079,11
317,2025-11-26 14:38:16+05:30,1010.8,2,1002.18,8157184,389300.0,439910.0,986.2,1012.8,981.3,986.2,120597000,1084.8,887.6,1102.5,649.1,1010.4,750,1,1010.2,540,7,1010.1,1126,12,1010.0,3253,46,1009.9,1721,15,1010.8,212,4,1010.9,590,6,1011.0,692,12,1011.1,681,9,1011.2,1079,11
317,2025-11-26 14:38:16+05:30,1010.8,2,1002.18,8157186,393112.0,439369.0,986.2,1012.8,981.3,986.2,120597000,1084.8,887.6,1102.5,649.1,1010.7,750,1,1010.6,104,1,1010.5,243,3,1010.4,206,3,1010.3,840,7,1010.8,2,1,1011.0,402,8,1011.1,472,7,1011.2,848,14,1011.3,676,12
317,2025-11-26 14:38:17+05:30,1010.8,2,1002.18,8157186,393112.0,439369.0,986.2,1012.8,981.3,986.2,120597000,1084.8,887.6,1102.5,649.1,1010.7,750,1,1010.6,104,1,1010.5,243,3,1010.4,206,3,1010.3,840,7,1010.8,2,1,1011.0,402,8,1011.1,472,7,1011.2,848,14,1011.3,676,12
317,2025-11-26 14:38:17+05:30,1010.8,2,1002.18,8157186,391349.0,438925.0,986.2,1012.8,981.3,986.2,120597000,1084.8,887.6,1102.5,649.1,1010.7,19,2,1010.5,1000,5,1010.4,530,7,1010.3,850,6,1010.2,621,10,1010.8,2,1,1011.0,341,7,1011.1,412,6,1011.2,689,10,1011.3,1064,18
317,2025-11-26 14:38:18+05:30,1010.7,177,1002.18,8157186,391349.0,438925.0,986.2,1012.8,981.3,986.2,120597000,1084.8,887.6,1102.5,649.1,1010.7,19,2,1010.5,1000,5,1010.4,530,7,1010.3,850,6,1010.2,621,10,1010.8,2,1,1011.0,341,7,1011.1,412,6,1011.2,689,10,1011.3,1064,18
317,2025-11-26 14:38:18+05:30,1010.7,110,1002.18,8158481,392152.0,440640.0,986.2,1012.8,981.3,986.2,120597000,1084.8,887.6,1102.5,649.1,1010.7,18,1,1010.6,856,2,1010.5,382,6,1010.4,411,5,1010.3,1482,17,1011.0,4,1,1011.1,688,8,1011.2,855,13,1011.3,1024,10,1011.4,927,16
317,2025-11-26 14:38:19+05:30,1011.0,1,1002.18,8158481,392152.0,440640.0,986.2,1012.8,981.3,986.2,120597000,1084.8,887.6,1102.5,649.1,1010.7,18,1,1010.6,856,2,1010.5,382,6,1010.4,411,5,1010.3,1482,17,1011.0,4,1,1011.1,688,8,1011.2,855,13,1011.3,1024,10,1011.4,927,16
317,2025-11-26 14:38:19+05:30,1011.0,1,1002.18,8158483,392034.0,440762.0,986.2,1012.8,981.3,986.2,120597000,1084.8,887.6,1102.5,649.1,1010.7,18,1,1010.6,793,3,1010.5,590,8,1010.4,494,6,1010.3,895,15,1011.0,3,1,1011.1,214,4,1011.2,888,12,1011.3,1037,11,1011.4,1353,17
317,2025-11-26 14:38:20+05:30,1011.0,1,1002.18,8158483,392034.0,440762.0,986.2,1012.8,981.3,986.2,120597000,1084.8,887.6,1102.5,649.1,1010.7,18,1,1010.6,793,3,1010.5,590,8,1010.4,494,6,1010.3,895,15,1011.0,3,1,1011.1,214,4,1011.2,888,12,1011.3,1037,11,1011.4,1353,17
317,2025-11-26 14:38:20+05:30,1011.1,10,1002.18,8158588,392549.0,439358.0,986.2,1012.8,981.3,986.2,120597000,1084.8,887.6,1102.5,649.1,1010.7,907,5,1010.6,423,5,1010.5,558,7,1010.4,631,10,1010.3,900,16,1011.1,51,2,1011.2,398,6,1011.3,686,8,1011.4,823,12,1011.5,1115,17
317,2025-11-26 14:38:21+05:30,1010.7,10,1002.18,8158588,392549.0,439358.0,986.2,1012.8,981.3,986.2,120597000,1084.8,887.6,1102.5,649.1,1010.7,907,5,1010.6,423,5,1010.5,558,7,1010.4,631,10,1010.3,900,16,1011.1,51,2,1011.2,398,6,1011.3,686,8,1011.4,823,12,1011.5,1115,17
317,2025-11-26 14:38:21+05:30,1010.7,177,1002.18,8160085,391551.0,440060.0,986.2,1012.8,981.3,986.2,120597000,1084.8,887.6,1102.5,649.1,1010.7,19,1,1010.6,763,2,1010.5,302,4,1010.4,437,7,1010.3,764,10,1011.0,174,3,1011.1,656,10,1011.2,747,10,1011.3,833,8,1011.4,1188,17
317,2025-11-26 14:38:22+05:30,1010.7,188,1002.18,8160085,391551.0,440060.0,986.2,1012.8,981.3,986.2,120597000,1084.8,887.6,1102.5,649.1,1010.7,19,1,1010.6,763,2,1010.5,302,4,1010.4,437,7,1010.3,764,10,1011.0,174,3,1011.1,656,10,1011.2,747,10,1011.3,833,8,1011.4,1188,17
317,2025-11-26 14:38:22+05:30,1011.0,4,1002.18,8162109,391471.0,440250.0,986.2,1012.8,981.3,986.2,120597000,1084.8,887.6,1102.5,649.1,1010.6,860,5,1010.5,443,6,1010.4,483,6,1010.3,679,13,1010.2,1155,11,1011.0,130,2,1011.1,159,4,1011.2,656,9,1011.3,618,9,1011.4,1188,17
317,2025-11-26 14:38:23+05:30,1011.0,76,1002.18,8162109,391471.0,440250.0,986.2,1012.8,981.3,986.2,120597000,1084.8,887.6,1102.5,649.1,1010.6,860,5,1010.5,443,6,1010.4,483,6,1010.3,679,13,1010.2,1155,11,1011.0,130,2,1011.1,159,4,1011.2,656,9,1011.3,618,9,1011.4,1188,17
317,2025-11-26 14:38:23+05:30,1010.8,302,1002.18,8163790,392816.0,438657.0,986.2,1012.8,981.3,986.2,120597000,1084.8,887.6,1102.5,649.1,1010.7,246,4,1010.6,1590,12,1010.5,542,7,1010.4,610,8,1010.3,642,15,1011.0,51,1,1011.1,149,2,1011.2,211,4,1011.3,361,6,1011.4,1061,12
317,2025-11-26 14:38:24+05:30,1010.7,51,1002.18,8163790,392816.0,438657.0,986.2,1012.8,981.3,986.2,120597000,1084.8,887.6,1102.5,649.1,1010.7,246,4,1010.6,1590,12,1010.5,542,7,1010.4,610,8,1010.3,642,15,1011.0,51,1,1011.1,149,2,1011.2,211,4,1011.3,361,6,1011.4,1061,12
317,2025-11-26 14:38:24+05:30,1010.6,56,1002.19,8165163,391156.0,439625.0,986.2,1012.8,981.3,986.2,120597000,1084.8,887.6,1102.5,649.1,1010.7,87,1,1010.6,908,3,1010.5,527,7,1010.4,483,6,1010.3,585,8,1011.1,191,6,1011.2,479,8,1011.3,659,8,1011.4,1064,16,1011.5,828,14
317,2025-11-26 14:38:25+05:30,1011.0,3,1002.19,8165163,391156.0,439625.0,986.2,1012.8,981.3,986.2,120597000,1084.8,887.6,1102.5,649.1,1010.7,87,1,1010.6,908,3,1010.5,527,7,1010.4,483,6,1010.3,585,8,1011.1,191,6,1011.2,479,8,1011.3,659,8,1011.4,1064,16,1011.5,828,14
317,2025-11-26 14:38:25+05:30,1011.1,3,1002.19,8165514,391703.0,439758.0,986.2,1012.8,981.3,986.2,120597000,1084.8,887.6,1102.5,649.1,1010.6,1031,5,1010.5,309,7,1010.4,512,7,1010.3,677,14,1010.2,1478,12,1011.1,88,4,1011.2,235,5,1011.3,677,9,1011.4,721,11,1011.5,948,20
317,2025-11-26 14:38:26+05:30,1011.1,3,1002.19,8165514,391703.0,439758.0,986.2,1012.8,981.3,986.2,120597000,1084.8,887.6,1102.5,649.1,1010.6,1031,5,1010.5,309,7,1010.4,512,7,1010.3,677,14,1010.2,1478,12,1011.1,88,4,1011.2,235,5,1011.3,677,9,1011.4,721,11,1011.5,948,20
317,2025-11-26 14:38:27+05:30,1011.1,3,1002.19,8165514,392341.0,440068.0,986.2,1012.8,981.3,986.2,120597000,1084.8,887.6,1102.5,649.1,1010.6,1121,7,1010.5,556,10,1010.4,812,9,1010.3,677,14,1010.2,1483,13,1011.0,10,1,1011.1,89,5,1011.2,175,4,1011.3,710,10,1011.4,1354,13
317,2025-11-26 14:38:28+05:30,1010.6,329,1002.19,8166508,389414.0,442275.0,986.2,1012.8,981.3,986.2,120597000,1084.8,887.6,1102.5,649.1,1010.6,34,1,1010.5,27,1,1010.4,857,2,1010.3,302,5,1010.2,449,7,1010.9,438,7,1011.0,737,9,1011.1,608,11,1011.2,752,10,1011.3,730,10
317,2025-11-26 14:38:28+05:30,1010.6,29,1002.19,8166508,389414.0,442275.0,986.2,1012.8,981.3,986.2,120597000,1084.8,887.6,1102.5,649.1,1010.6,34,1,1010.5,27,1,1010.4,857,2,1010.3,302,5,1010.2,449,7,1010.9,438,7,1011.0,737,9,1011.1,608,11,1011.2,752,10,1011.3,730,10
317,2025-11-26 14:38:29+05:30,1010.8,1,1002.19,8167334,390452.0,440830.0,986.2,1012.8,981.3,986.2,120597000,1084.8,887.6,1102.5,649.1,1010.7,25,1,1010.5,49,1,1010.4,943,3,1010.3,400,5,1010.2,620,11,1010.8,2,1,1010.9,92,2,1011.0,505,6,1011.1,616,12,1011.2,653,11
317,2025-11-26 14:38:29+05:30,1010.8,1,1002.19,8167334,390452.0,440830.0,986.2,1012.8,981.3,986.2,120597000,1084.8,887.6,1102.5,649.1,1010.7,25,1,1010.5,49,1,1010.4,943,3,1010.3,400,5,1010.2,620,11,1010.8,2,1,1010.9,92,2,1011.0,505,6,1011.1,616,12,1011.2,653,11
317,2025-11-26 14:38:30+05:30,1010.8,25,1002.19,8167334,390452.0,440830.0,986.2,1012.8,981.3,986.2,120597000,1084.8,887.6,1102.5,649.1,1010.7,25,1,1010.5,49,1,1010.4,943,3,1010.3,400,5,1010.2,620,11,1010.8,2,1,1010.9,92,2,1011.0,505,6,1011.1,616,12,1011.2,653,11
317,2025-11-26 14:38:30+05:30,1010.8,10,1002.19,8167370,390245.0,440444.0,986.2,1012.8,981.3,986.2,120597000,1084.8,887.6,1102.5,649.1,1010.8,18,1,1010.7,25,1,1010.5,363,4,1010.4,1073,4,1010.3,400,5,1011.0,498,5,1011.1,754,14,1011.2,735,12,1011.3,916,12,1011.4,695,11
317,2025-11-26 14:38:31+05:30,1010.8,1,1002.19,8167370,390245.0,440444.0,986.2,1012.8,981.3,986.2,120597000,1084.8,887.6,1102.5,649.1,1010.8,18,1,1010.7,25,1,1010.5,363,4,1010.4,1073,4,1010.3,400,5,1011.0,498,5,1011.1,754,14,1011.2,735,12,1011.3,916,12,1011.4,695,11
317,2025-11-26 14:38:31+05:30,1010.8,1,1002.19,8168291,388127.0,440615.0,986.2,1012.8,981.3,986.2,120597000,1084.8,887.6,1102.5,649.1,1010.4,857,3,1010.3,515,7,1010.2,654,11,1010.1,652,10,1010.0,2595,50,1010.8,200,3,1010.9,342,4,1011.0,557,7,1011.1,509,10,1011.2,1265,15
317,2025-11-26 14:38:32+05:30,1010.8,1,1002.19,8168291,387977.0,441216.0,986.2,1012.8,981.3,986.2,120597000,1084.8,887.6,1102.5,649.1,1010.4,857,3,1010.3,394,5,1010.2,654,11,1010.1,665,11,1010.0,2595,50,1010.8,102,3,1010.9,342,4,1011.0,557,7,1011.1,725,11,1011.2,1265,15
317,2025-11-26 14:38:33+05:30,1010.8,2,1002.19,8168291,387977.0,441216.0,986.2,1012.8,981.3,986.2,120597000,1084.8,887.6,1102.5,649.1,1010.4,857,3,1010.3,394,5,1010.2,654,11,1010.1,665,11,1010.0,2595,50,1010.8,102,3,1010.9,342,4,1011.0,557,7,1011.1,725,11,1011.2,1265,15
317,2025-11-26 14:38:33+05:30,1010.8,2,1002.19,8168323,388084.0,441980.0,986.2,1012.8,981.3,986.2,120597000,1084.8,887.6,1102.5,649.1,1010.4,773,2,1010.3,390,5,1010.2,738,12,1010.1,665,11,1010.0,2659,51,1010.8,112,4,1010.9,342,4,1011.0,557,7,1011.1,801,13,1011.2,1270,16
317,2025-11-26 14:38:34+05:30,1010.4,195,1002.19,8168323,388084.0,441980.0,986.2,1012.8,981.3,986.2,120597000,1084.8,887.6,1102.5,649.1,1010.4,773,2,1010.3,390,5,1010.2,738,12,1010.1,665,11,1010.0,2659,51,1010.8,112,4,1010.9,342,4,1011.0,557,7,1011.1,801,13,1011.2,1270,16
317,2025-11-26 14:38:34+05:30,1010.3,85,1002.19,8170077,388682.0,445522.0,986.2,1012.8,981.3,986.2,120597000,1084.8,887.6,1102.5,649.1,1010.2,42,2,1010.1,192,5,1010.0,2194,41,1009.9,742,10,1009.8,2765,15,1010.5,151,3,1010.6,375,5,1010.7,949,12,1010.8,861,15,1010.9,1308,16
317,2025-11-26 14:38:35+05:30,1010.5,2,1002.19,8170077,388682.0,445522.0,986.2,1012.8,981.3,986.2,120597000,1084.8,887.6,1102.5,649.1,1010.2,42,2,1010.1,192,5,1010.0,2194,41,1009.9,742,10,1009.8,2765,15,1010.5,151,3,1010.6,375,5,1010.7,949,12,1010.8,861,15,1010.9,1308,16
317,2025-11-26 14:38:35+05:30,1010.5,5,1002.19,8170323,388642.0,445265.0,986.2,1012.8,981.3,986.2,120597000,1084.8,887.6,1102.5,649.1,1010.0,2194,41,1009.9,548,7,1009.8,2574,12,1009.7,1745,11,1009.6,2924,12,1010.5,253,5,1010.6,503,6,1010.7,1009,12,1010.8,806,16,1010.9,1106,15
317,2025-11-26 14:38:36+05:30,1010.0,115,1002.19,8170323,388642.0,445265.0,986.2,1012.8,981.3,986.2,120597000,1084.8,887.6,1102.5,649.1,1010.0,2194,41,1009.9,548,7,1009.8,2574,12,1009.7,1745,11,1009.6,2924,12,1010.5,253,5,1010.6,503,6,1010.7,1009,12,1010.8,806,16,1010.9,1106,15
317,2025-11-26 14:38:36+05:30,1010.0,115,1002.19,8171428,386935.0,444951.0,986.2,1012.8,981.3,986.2,120597000,1084.8,887.6,1102.5,649.1,1010.0,985,20,1009.9,1006,8,1009.8,3370,14,1009.7,2468,13,1009.6,1471,10,1010.5,176,4,1010.6,660,7,1010.7,783,11,1010.8,788,16,1010.9,1121,16
317,2025-11-26 14:38:37+05:30,1010.0,1,1002.19,8171428,386935.0,444951.0,986.2,1012.8,981.3,986.2,120597000,1084.8,887.6,1102.5,649.1,1010.0,985,20,1009.9,1006,8,1009.8,3370,14,1009.7,2468,13,1009.6,1471,10,1010.5,176,4,1010.6,660,7,1010.7,783,11,1010.8,788,16,1010.9,1121,16
317,2025-11-26 14:38:37+05:30,1010.0,1,1002.19,8171475,387181.0,444642.0,986.2,1012.8,981.3,986.2,120597000,1084.8,887.6,1102.5,649.1,1010.0,984,20,1009.9,1197,10,1009.8,3359,13,1009.7,2479,14,1009.6,1471,10,1010.5,260,5,1010.6,503,6,1010.7,609,9,1010.8,720,15,1010.9,1121,16
317,2025-11-26 14:38:38+05:30,1010.4,74,1002.19,8171475,387181.0,444642.0,986.2,1012.8,981.3,986.2,120597000,1084.8,887.6,1102.5,649.1,1010.0,984,20,1009.9,1197,10,1009.8,3359,13,1009.7,2479,14,1009.6,1471,10,1010.5,260,5,1010.6,503,6,1010.7,609,9,1010.8,720,15,1010.9,1121,16
317,2025-11-26 14:38:38+05:30,1010.1,35,1002.19,8173867,386672.0,440326.0,986.2,1012.8,981.3,986.2,120597000,1084.8,887.6,1102.5,649.1,1010.1,663,9,1010.0,529,10,1009.9,1319,14,1009.8,2720,14,1009.7,1505,14,1010.6,87,1,1010.7,137,3,1010.8,451,9,1010.9,619,8,1011.0,1248,12
317,2025-11-26 14:38:39+05:30,1010.1,27,1002.19,8173867,386672.0,440326.0,986.2,1012.8,981.3,986.2,120597000,1084.8,887.6,1102.5,649.1,1010.1,663,9,1010.0,529,10,1009.9,1319,14,1009.8,2720,14,1009.7,1505,14,1010.6,87,1,1010.7,137,3,1010.8,451,9,1010.9,619,8,1011.0,1248,12
317,2025-11-26 14:38:39+05:30,1010.1,27,1002.19,8173895,386195.0,441046.0,986.2,1012.8,981.3,986.2,120597000,1084.8,887.6,1102.5,649.1,1010.1,468,7,1010.0,697,12,1009.9,1298,14,1009.8,2720,14,1009.7,1505,14,1010.6,300,4,1010.7,299,5,1010.8,448,8,1010.9,645,10,1011.0,1420,12
317,2025-11-26 14:38:40+05:30,1010.6,1,1002.19,8173895,386195.0,441046.0,986.2,1012.8,981.3,986.2,120597000,1084.8,887.6,1102.5,649.1,1010.1,468,7,1010.0,697,12,1009.9,1298,14,1009.8,2720,14,1009.7,1505,14,1010.6,300,4,1010.7,299,5,1010.8,448,8,1010.9,645,10,1011.0,1420,12
317,2025-11-26 14:38:40+05:30,1010.6,2,1002.19,8174182,385805.0,442443.0,986.2,1012.8,981.3,986.2,120597000,1084.8,887.6,1102.5,649.1,1010.2,875,2,1010.1,17,1,1010.0,243,4,1009.9,1118,12,1009.8,2460,6,1010.6,516,8,1010.7,601,8,1010.8,724,14,1010.9,986,11,1011.0,988,10
317,2025-11-26 14:38:41+05:30,1010.6,2,1002.19,8174182,385805.0,442443.0,986.2,1012.8,981.3,986.2,120597000,1084.8,887.6,1102.5,649.1,1010.2,875,2,1010.1,17,1,1010.0,243,4,1009.9,1118,12,1009.8,2460,6,1010.6,516,8,1010.7,601,8,1010.8,724,14,1010.9,986,11,1011.0,988,10
317,2025-11-26 14:38:41+05:30,1010.2,7,1002.2,8176089,384126.0,442652.0,986.2,1012.8,981.3,986.2,120597000,1084.8,887.6,1102.5,649.1,1010.2,14,1,1010.1,752,2,1010.0,300,7,1009.9,1029,8,1009.8,2448,7,1010.4,34,1,1010.6,541,7,1010.7,535,7,1010.8,830,15,1010.9,971,12
317,2025-11-26 14:38:42+05:30,1010.2,7,1002.2,8176089,384126.0,442652.0,986.2,1012.8,981.3,986.2,120597000,1084.8,887.6,1102.5,649.1,1010.2,14,1,1010.1,752,2,1010.0,300,7,1009.9,1029,8,1009.8,2448,7,1010.4,34,1,1010.6,541,7,1010.7,535,7,1010.8,830,15,1010.9,971,12
317,2025-11-26 14:38:42+05:30,1010.4,5,1002.2,8176098,385103.0,443033.0,986.2,1012.8,981.3,986.2,120597000,1084.8,887.6,1102.5,649.1,1010.2,764,2,1010.1,343,6,1010.0,737,11,1009.9,1222,8,1009.8,2448,7,1010.4,25,1,1010.6,424,6,1010.7,235,4,1010.8,907,16,1010.9,661,10
317,2025-11-26 14:38:43+05:30,1010.4,23,1002.2,8176098,385103.0,443033.0,986.2,1012.8,981.3,986.2,120597000,1084.8,887.6,1102.5,649.1,1010.2,764,2,1010.1,343,6,1010.0,737,11,1009.9,1222,8,1009.8,2448,7,1010.4,25,1,1010.6,424,6,1010.7,235,4,1010.8,907,16,1010.9,661,10
317,2025-11-26 14:38:44+05:30,1010.2,271,1002.2,8179676,384763.0,443398.0,986.2,1012.8,981.3,986.2,120597000,1084.8,887.6,1102.5,649.1,1010.4,23,2,1010.2,121,2,1010.1,185,2,1010.0,1102,8,1009.9,947,13,1010.6,869,10,1010.7,337,6,1010.8,496,9,1010.9,1043,16,1011.0,1074,10
317,2025-11-26 14:38:44+05:30,1010.2,271,1002.2,8179676,384763.0,443398.0,986.2,1012.8,981.3,986.2,120597000,1084.8,887.6,1102.5,649.1,1010.4,23,2,1010.2,121,2,1010.1,185,2,1010.0,1102,8,1009.9,947,13,1010.6,869,10,1010.7,337,6,1010.8,496,9,1010.9,1043,16,1011.0,1074,10
317,2025-11-26 14:38:45+05:30,1010.2,117,1002.2,8180023,384231.0,443998.0,986.2,1012.8,981.3,986.2,120597000,1084.8,887.6,1102.5,649.1,1010.2,9,1,1010.1,109,2,1010.0,1061,6,1009.9,556,9,1009.8,2569,7,1010.5,357,3,1010.6,670,11,1010.7,486,9,1010.8,827,12,1010.9,1099,15
317,2025-11-26 14:38:45+05:30,1010.2,117,1002.2,8180023,384231.0,443998.0,986.2,1012.8,981.3,986.2,120597000,1084.8,887.6,1102.5,649.1,1010.2,9,1,1010.1,109,2,1010.0,1061,6,1009.9,556,9,1009.8,2569,7,1010.5,357,3,1010.6,670,11,1010.7,486,9,1010.8,827,12,1010.9,1099,15
317,2025-11-26 14:38:46+05:30,1010.1,85,1002.2,8181403,384063.0,443996.0,986.2,1012.8,981.3,986.2,120597000,1084.8,887.6,1102.5,649.1,1010.1,9,1,1010.0,985,5,1009.9,317,5,1009.8,2360,5,1009.7,1356,10,1010.4,103,2,1010.5,287,5,1010.6,908,14,1010.7,581,8,1010.8,1197,19
317,2025-11-26 14:38:46+05:30,1010.1,85,1002.2,8181403,384063.0,443996.0,986.2,1012.8,981.3,986.2,120597000,1084.8,887.6,1102.5,649.1,1010.1,9,1,1010.0,985,5,1009.9,317,5,1009.8,2360,5,1009.7,1356,10,1010.4,103,2,1010.5,287,5,1010.6,908,14,1010.7,581,8,1010.8,1197,19
317,2025-11-26 14:38:47+05:30,1010.4,1,1002.2,8182363,381826.0,444595.0,986.2,1012.8,981.3,986.2,120597000,1084.8,887.6,1102.5,649.1,1010.0,827,2,1009.9,1034,9,1009.8,2444,7,1009.7,613,6,1009.6,678,14,1010.4,356,4,1010.5,268,4,1010.6,716,12,1010.7,569,8,1010.8,1394,14
317,2025-11-26 14:38:47+05:30,1010.4,1,1002.2,8182363,381826.0,444595.0,986.2,1012.8,981.3,986.2,120597000,1084.8,887.6,1102.5,649.1,1010.0,827,2,1009.9,1034,9,1009.8,2444,7,1009.7,613,6,1009.6,678,14,1010.4,356,4,1010.5,268,4,1010.6,716,12,1010.7,569,8,1010.8,1394,14
317,2025-11-26 14:38:48+05:30,1010.4,8,1002.2,8182498,382197.0,444068.0,986.2,1012.8,981.3,986.2,120597000,1084.8,887.6,1102.5,649.1,1010.0,1115,7,1009.9,1106,10,1009.8,2444,7,1009.7,613,6,1009.6,653,15,1010.4,250,3,1010.5,47,2,1010.6,406,8,1010.7,492,7,1010.8,1096,13
317,2025-11-26 14:38:48+05:30,1010.4,8,1002.2,8182498,382197.0,444068.0,986.2,1012.8,981.3,986.2,120597000,1084.8,887.6,1102.5,649.1,1010.0,1115,7,1009.9,1106,10,1009.8,2444,7,1009.7,613,6,1009.6,653,15,1010.4,250,3,1010.5,47,2,1010.6,406,8,1010.7,492,7,1010.8,1096,13
317,2025-11-26 14:38:49+05:30,1010.3,87,1002.2,8183575,382717.0,443880.0,986.2,1012.8,981.3,986.2,120597000,1084.8,887.6,1102.5,649.1,1010.1,750,1,1010.0,174,4,1009.9,1001,10,1009.8,2326,5,1009.7,600,6,1010.4,145,1,1010.5,47,2,1010.6,511,6,1010.7,492,7,1010.8,857,10
317,2025-11-26 14:38:49+05:30,1010.3,87,1002.2,8183575,382717.0,443880.0,986.2,1012.8,981.3,986.2,120597000,1084.8,887.6,1102.5,649.1,1010.1,750,1,1010.0,174,4,1009.9,1001,10,1009.8,2326,5,1009.7,600,6,1010.4,145,1,1010.5,47,2,1010.6,511,6,1010.7,492,7,1010.8,857,10
317,2025-11-26 14:38:50+05:30,1010.4,2,1002.2,8183580,383521.0,444260.0,986.2,1012.8,981.3,986.2,120597000,1084.8,887.6,1102.5,649.1,1010.1,750,1,1010.0,334,6,1009.9,1400,13,1009.8,2472,7,1009.7,705,13,1010.4,378,3,1010.5,81,3,1010.6,137,3,1010.7,563,9,1010.8,1003,12
317,2025-11-26 14:38:50+05:30,1010.4,2,1002.2,8183580,383521.0,444260.0,986.2,1012.8,981.3,986.2,120597000,1084.8,887.6,1102.5,649.1,1010.1,750,1,1010.0,334,6,1009.9,1400,13,1009.8,2472,7,1009.7,705,13,1010.4,378,3,1010.5,81,3,1010.6,137,3,1010.7,563,9,1010.8,1003,12
317,2025-11-26 14:38:51+05:30,1010.4,1,1002.2,8183591,383631.0,444399.0,986.2,1012.8,981.3,986.2,120597000,1084.8,887.6,1102.5,649.1,1010.1,763,2,1010.0,557,8,1009.9,1237,11,1009.8,2513,8,1009.7,705,13,1010.4,367,3,1010.5,81,3,1010.6,137,3,1010.7,563,9,1010.8,1153,13
317,2025-11-26 14:38:51+05:30,1010.4,1,1002.2,8183591,383631.0,444399.0,986.2,1012.8,981.3,986.2,120597000,1084.8,887.6,1102.5,649.1,1010.1,763,2,1010.0,557,8,1009.9,1237,11,1009.8,2513,8,1009.7,705,13,1010.4,367,3,1010.5,81,3,1010.6,137,3,1010.7,563,9,1010.8,1153,13
317,2025-11-26 14:38:52+05:30,1010.4,1,1002.2,8183591,383703.0,444399.0,986.2,1012.8,981.3,986.2,120597000,1084.8,887.6,1102.5,649.1,1010.1,876,3,1010.0,557,8,1009.9,1237,11,1009.8,2472,7,1009.7,705,13,1010.4,367,3,1010.5,81,3,1010.6,137,3,1010.7,563,9,1010.8,1153,13
317,2025-11-26 14:38:53+05:30,1010.1,17,1002.21,8184892,382574.0,444804.0,986.2,1012.8,981.3,986.2,120597000,1084.8,887.6,1102.5,649.1,1010.1,8,1,1010.0,903,4,1009.9,719,7,1009.8,2362,5,1009.7,683,7,1010.4,383,8,1010.5,382,7,1010.6,542,6,1010.7,591,9,1010.8,1281,19
317,2025-11-26 14:38:53+05:30,1010.1,17,1002.21,8184892,382574.0,444804.0,986.2,1012.8,981.3,986.2,120597000,1084.8,887.6,1102.5,649.1,1010.1,8,1,1010.0,903,4,1009.9,719,7,1009.8,2362,5,1009.7,683,7,1010.4,383,8,1010.5,382,7,1010.6,542,6,1010.7,591,9,1010.8,1281,19
317,2025-11-26 14:38:54+05:30,1010.4,1,1002.21,8184892,382574.0,444804.0,986.2,1012.8,981.3,986.2,120597000,1084.8,887.6,1102.5,649.1,1010.1,8,1,1010.0,903,4,1009.9,719,7,1009.8,2362,5,1009.7,683,7,1010.4,383,8,1010.5,382,7,1010.6,542,6,1010.7,591,9,1010.8,1281,19
317,2025-11-26 14:38:54+05:30,1010.4,1,1002.21,8186673,384763.0,442883.0,986.2,1012.8,981.3,986.2,120597000,1084.8,887.6,1102.5,649.1,1010.2,198,2,1010.1,1180,10,1010.0,525,8,1009.9,1073,10,1009.8,2640,8,1010.4,212,7,1010.5,76,2,1010.7,175,5,1010.8,673,13,1010.9,660,9
317,2025-11-26 14:38:55+05:30,1010.4,3,1002.21,8186673,384763.0,442883.0,986.2,1012.8,981.3,986.2,120597000,1084.8,887.6,1102.5,649.1,1010.2,198,2,1010.1,1180,10,1010.0,525,8,1009.9,1073,10,1009.8,2640,8,1010.4,212,7,1010.5,76,2,1010.7,175,5,1010.8,673,13,1010.9,660,9
317,2025-11-26 14:38:55+05:30,1010.4,1,1002.21,8186891,382841.0,443698.0,986.2,1012.8,981.3,986.2,120597000,1084.8,887.6,1102.5,649.1,1010.2,8,1,1010.1,308,7,1010.0,1283,9,1009.9,586,9,1009.8,2640,8,1010.4,236,9,1010.5,76,2,1010.7,175,5,1010.8,686,14,1010.9,958,10
317,2025-11-26 14:38:56+05:30,1010.4,3,1002.21,8186891,382841.0,443698.0,986.2,1012.8,981.3,986.2,120597000,1084.8,887.6,1102.5,649.1,1010.2,8,1,1010.1,308,7,1010.0,1283,9,1009.9,586,9,1009.8,2640,8,1010.4,236,9,1010.5,76,2,1010.7,175,5,1010.8,686,14,1010.9,958,10
317,2025-11-26 14:38:56+05:30,1010.4,3,1002.21,8187837,383747.0,443848.0,986.2,1012.8,981.3,986.2,120597000,1084.8,887.6,1102.5,649.1,1010.2,9,1,1010.1,982,4,1010.0,462,7,1009.9,1078,9,1009.8,2473,7,1010.4,59,4,1010.5,76,2,1010.7,320,7,1010.8,912,17,1010.9,971,11
317,2025-11-26 14:38:57+05:30,1010.4,3,1002.21,8187837,384088.0,443835.0,986.2,1012.8,981.3,986.2,120597000,1084.8,887.6,1102.5,649.1,1010.2,15,2,1010.1,1068,5,1010.0,376,6,1009.9,1078,9,1009.8,2473,7,1010.4,59,4,1010.5,76,2,1010.7,220,5,1010.8,998,18,1010.9,971,11
317,2025-11-26 14:38:58+05:30,1010.2,70,1002.21,8187837,384088.0,443835.0,986.2,1012.8,981.3,986.2,120597000,1084.8,887.6,1102.5,649.1,1010.2,15,2,1010.1,1068,5,1010.0,376,6,1009.9,1078,9,1009.8,2473,7,1010.4,59,4,1010.5,76,2,1010.7,220,5,1010.8,998,18,1010.9,971,11
317,2025-11-26 14:38:58+05:30,1010.2,70,1002.21,8188116,384049.0,444660.0,986.2,1012.8,981.3,986.2,120597000,1084.8,887.6,1102.5,649.1,1010.2,14,2,1010.1,87,1,1010.0,1172,7,1009.9,652,9,1009.8,2660,9,1010.4,51,4,1010.5,192,4,1010.6,408,4,1010.7,793,7,1010.8,1211,18
317,2025-11-26 14:38:59+05:30,1010.0,1,1002.21,8188116,384049.0,444660.0,986.2,1012.8,981.3,986.2,120597000,1084.8,887.6,1102.5,649.1,1010.2,14,2,1010.1,87,1,1010.0,1172,7,1009.9,652,9,1009.8,2660,9,1010.4,51,4,1010.5,192,4,1010.6,408,4,1010.7,793,7,1010.8,1211,18
317,2025-11-26 14:38:59+05:30,1010.0,1,1002.21,8189177,381901.0,445979.0,986.2,1012.8,981.3,986.2,120597000,1084.8,887.6,1102.5,649.1,1010.0,40,2,1009.9,964,4,1009.8,2312,5,1009.7,711,7,1009.6,740,14,1010.3,15,1,1010.4,484,7,1010.5,432,7,1010.6,682,9,1010.7,1394,13
317,2025-11-26 14:39:00+05:30,1010.2,40,1002.21,8189177,381901.0,445979.0,986.2,1012.8,981.3,986.2,120597000,1084.8,887.6,1102.5,649.1,1010.0,40,2,1009.9,964,4,1009.8,2312,5,1009.7,711,7,1009.6,740,14,1010.3,15,1,1010.4,484,7,1010.5,432,7,1010.6,682,9,1010.7,1394,13
317,2025-11-26 14:39:00+05:30,1010.3,1,1002.21,8189455,383472.0,445584.0,986.2,1012.8,981.3,986.2,120597000,1084.8,887.6,1102.5,649.1,1010.1,9,1,1010.0,150,4,1009.9,1116,6,1009.8,2443,6,1009.7,1193,9,1010.3,23,2,1010.4,339,5,1010.5,378,6,1010.6,539,9,1010.7,1304,10
317,2025-11-26 14:39:01+05:30,1010.3,1,1002.21,8189455,383472.0,445584.0,986.2,1012.8,981.3,986.2,120597000,1084.8,887.6,1102.5,649.1,1010.1,9,1,1010.0,150,4,1009.9,1116,6,1009.8,2443,6,1009.7,1193,9,1010.3,23,2,1010.4,339,5,1010.5,378,6,1010.6,539,9,1010.7,1304,10
317,2025-11-26 14:39:01+05:30,1010.3,1,1002.21,8189455,384419.0,445686.0,986.2,1012.8,981.3,986.2,120597000,1084.8,887.6,1102.5,649.1,1010.1,9,1,1010.0,977,7,1009.9,447,6,1009.8,2443,6,1009.7,1230,9,1010.3,47,3,1010.4,472,8,1010.5,344,5,1010.6,558,10,1010.7,1304,10
317,2025-11-26 14:39:02+05:30,1010.3,1,1002.21,8189455,384419.0,445686.0,986.2,1012.8,981.3,986.2,120597000,1084.8,887.6,1102.5,649.1,1010.1,9,1,1010.0,977,7,1009.9,447,6,1009.8,2443,6,1009.7,1230,9,1010.3,47,3,1010.4,472,8,1010.5,344,5,1010.6,558,10,1010.7,1304,10
317,2025-11-26 14:39:02+05:30,1010.3,3,1002.21,8189467,384513.0,445699.0,986.2,1012.8,981.3,986.2,120597000,1084.8,887.6,1102.5,649.1,1010.1,9,1,1010.0,977,7,1009.9,1030,7,1009.8,2443,6,1009.7,741,9,1010.3,39,3,1010.4,472,8,1010.5,255,4,1010.6,647,11,1010.7,1304,10
317,2025-11-26 14:39:03+05:30,1010.3,23,1002.21,8189467,384513.0,445699.0,986.2,1012.8,981.3,986.2,120597000,1084.8,887.6,1102.5,649.1,1010.1,9,1,1010.0,977,7,1009.9,1030,7,1009.8,2443,6,1009.7,741,9,1010.3,39,3,1010.4,472,8,1010.5,255,4,1010.6,647,11,1010.7,1304,10
317,2025-11-26 14:39:03+05:30,1010.3,3,1002.21,8190612,385455.0,444419.0,986.2,1012.8,981.3,986.2,120597000,1084.8,887.6,1102.5,649.1,1010.1,1366,10,1010.0,604,12,1009.9,1144,10,1009.8,2638,8,1009.7,903,12,1010.4,66,5,1010.5,62,2,1010.6,256,3,1010.7,843,7,1010.8,1145,14
317,2025-11-26 14:39:04+05:30,1010.4,19,1002.21,8190612,385455.0,444419.0,986.2,1012.8,981.3,986.2,120597000,1084.8,887.6,1102.5,649.1,1010.1,1366,10,1010.0,604,12,1009.9,1144,10,1009.8,2638,8,1009.7,903,12,1010.4,66,5,1010.5,62,2,1010.6,256,3,1010.7,843,7,1010.8,1145,14
317,2025-11-26 14:39:04+05:30,1010.4,19,1002.21,8190825,386561.0,443530.0,986.2,1012.8,981.3,986.2,120597000,1084.8,887.6,1102.5,649.1,1010.3,1,1,1010.1,1521,12,1010.0,613,12,1009.9,1188,11,1009.8,2703,9,1010.4,39,4,1010.5,62,2,1010.6,165,2,1010.7,696,5,1010.8,813,14
317,2025-11-26 14:39:05+05:30,1010.4,2,1002.21,8190825,386561.0,443530.0,986.2,1012.8,981.3,986.2,120597000,1084.8,887.6,1102.5,649.1,1010.3,1,1,1010.1,1521,12,1010.0,613,12,1009.9,1188,11,1009.8,2703,9,1010.4,39,4,1010.5,62,2,1010.6,165,2,1010.7,696,5,1010.8,813,14
317,2025-11-26 14:39:05+05:30,1010.4,1,1002.21,8191128,386386.0,444113.0,986.2,1012.8,981.3,986.2,120597000,1084.8,887.6,1102.5,649.1,1010.3,5,2,1010.2,236,4,1010.1,1171,8,1010.0,467,9,1009.9,1219,11,1010.4,46,5,1010.5,62,2,1010.6,170,3,1010.7,696,5,1010.8,750,13
317,2025-11-26 14:39:06+05:30,1010.4,1,1002.21,8191128,386386.0,444113.0,986.2,1012.8,981.3,986.2,120597000,1084.8,887.6,1102.5,649.1,1010.3,5,2,1010.2,236,4,1010.1,1171,8,1010.0,467,9,1009.9,1219,11,1010.4,46,5,1010.5,62,2,1010.6,170,3,1010.7,696,5,1010.8,750,13
317,2025-11-26 14:39:07+05:30,1010.4,14,1002.21,8191412,387496.0,442600.0,986.2,1012.8,981.3,986.2,120597000,1084.8,887.6,1102.5,649.1,1010.4,25,1,1010.3,162,4,1010.2,1164,8,1010.1,623,9,1010.0,683,12,1010.5,20,1,1010.6,19,1,1010.7,69,3,1010.8,903,10,1010.9,567,9
317,2025-11-26 14:39:07+05:30,1010.4,15,1002.21,8191412,387496.0,442600.0,986.2,1012.8,981.3,986.2,120597000,1084.8,887.6,1102.5,649.1,1010.4,25,1,1010.3,162,4,1010.2,1164,8,1010.1,623,9,1010.0,683,12,1010.5,20,1,1010.6,19,1,1010.7,69,3,1010.8,903,10,1010.9,567,9
317,2025-11-26 14:39:08+05:30,1010.5,1,1002.21,8191428,386554.0,442746.0,986.2,1012.8,981.3,986.2,120597000,1084.8,887.6,1102.5,649.1,1010.4,21,4,1010.3,162,4,1010.2,414,7,1010.1,1364,9,1010.0,682,11,1010.5,19,1,1010.6,19,1,1010.7,69,3,1010.8,903,10,1010.9,567,9
317,2025-11-26 14:39:08+05:30,1010.5,1,1002.21,8191428,386554.0,442746.0,986.2,1012.8,981.3,986.2,120597000,1084.8,887.6,1102.5,649.1,1010.4,21,4,1010.3,162,4,1010.2,414,7,1010.1,1364,9,1010.0,682,11,1010.5,19,1,1010.6,19,1,1010.7,69,3,1010.8,903,10,1010.9,567,9
317,2025-11-26 14:39:09+05:30,1010.7,2,1002.21,8191428,386554.0,442746.0,986.2,1012.8,981.3,986.2,120597000,1084.8,887.6,1102.5,649.1,1010.4,21,4,1010.3,162,4,1010.2,414,7,1010.1,1364,9,1010.0,682,11,1010.5,19,1,1010.6,19,1,1010.7,69,3,1010.8,903,10,1010.9,567,9
317,2025-11-26 14:39:09+05:30,1010.7,2,1002.21,8191630,386368.0,444817.0,986.2,1012.8,981.3,986.2,120597000,1084.8,887.6,1102.5,649.1,1010.4,34,5,1010.3,105,3,1010.2,200,3,1010.1,1292,8,1010.0,690,12,1010.5,1,1,1010.7,824,6,1010.8,837,15,1010.9,650,10,1011.0,1287,16
317,2025-11-26 14:39:10+05:30,1010.5,1,1002.21,8191630,386368.0,444817.0,986.2,1012.8,981.3,986.2,120597000,1084.8,887.6,1102.5,649.1,1010.4,34,5,1010.3,105,3,1010.2,200,3,1010.1,1292,8,1010.0,690,12,1010.5,1,1,1010.7,824,6,1010.8,837,15,1010.9,650,10,1011.0,1287,16
317,2025-11-26 14:39:10+05:30,1010.5,1,1002.21,8191631,386609.0,444483.0,986.2,1012.8,981.3,986.2,120597000,1084.8,887.6,1102.5,649.1,1010.5,1,1,1010.4,24,3,1010.3,113,4,1010.2,879,5,1010.1,609,7,1010.7,1018,6,1010.8,721,16,1010.9,650,10,1011.0,976,14,1011.1,1846,12
317,2025-11-26 14:39:11+05:30,1010.7,1,1002.21,8191631,386609.0,444483.0,986.2,1012.8,981.3,986.2,120597000,1084.8,887.6,1102.5,649.1,1010.5,1,1,1010.4,24,3,1010.3,113,4,1010.2,879,5,1010.1,609,7,1010.7,1018,6,1010.8,721,16,1010.9,650,10,1011.0,976,14,1011.1,1846,12
317,2025-11-26 14:39:11+05:30,1010.7,1,1002.21,8191635,387060.0,442646.0,986.2,1012.8,981.3,986.2,120597000,1084.8,887.6,1102.5,649.1,1010.5,32,2,1010.4,770,4,1010.3,586,8,1010.2,442,8,1010.1,1187,8,1010.8,159,3,1010.9,483,7,1011.0,931,13,1011.1,924,10,1011.2,707,9
317,2025-11-26 14:39:12+05:30,1010.7,1,1002.21,8191635,387810.0,443043.0,986.2,1012.8,981.3,986.2,120597000,1084.8,887.6,1102.5,649.1,1010.5,44,3,1010.4,856,5,1010.3,500,7,1010.2,442,8,1010.1,1187,8,1010.8,159,3,1010.9,318,5,1011.0,1058,16,1011.1,1023,12,1011.2,1151,11
317,2025-11-26 14:39:13+05:30,1010.7,23,1002.21,8191635,387810.0,443043.0,986.2,1012.8,981.3,986.2,120597000,1084.8,887.6,1102.5,649.1,1010.5,44,3,1010.4,856,5,1010.3,500,7,1010.2,442,8,1010.1,1187,8,1010.8,159,3,1010.9,318,5,1011.0,1058,16,1011.1,1023,12,1011.2,1151,11
317,2025-11-26 14:39:13+05:30,1010.7,7,1002.21,8191753,388799.0,443165.0,986.2,1012.8,981.3,986.2,120597000,1084.8,887.6,1102.5,649.1,1010.5,31,1,1010.4,855,4,1010.3,763,11,1010.2,442,8,1010.1,1187,8,1010.6,44,1,1010.7,1,1,1010.8,149,2,1010.9,429,5,1011.0,985,16
317,2025-11-26 14:39:14+05:30,1010.6,3,1002.21,8191753,388799.0,443165.0,986.2,1012.8,981.3,986.2,120597000,1084.8,887.6,1102.5,649.1,1010.5,31,1,1010.4,855,4,1010.3,763,11,1010.2,442,8,1010.1,1187,8,1010.6,44,1,1010.7,1,1,1010.8,149,2,1010.9,429,5,1011.0,985,16
317,2025-11-26 14:39:14+05:30,1010.6,23,1002.21,8191876,388312.0,443379.0,986.2,1012.8,981.3,986.2,120597000,1084.8,887.6,1102.5,649.1,1010.5,35,3,1010.4,85,3,1010.3,1956,12,1010.2,408,5,1010.1,612,8,1010.6,24,2,1010.7,1,1,1010.8,149,2,1010.9,344,5,1011.0,987,14
317,2025-11-26 14:39:15+05:30,1010.6,3,1002.21,8191876,388312.0,443379.0,986.2,1012.8,981.3,986.2,120597000,1084.8,887.6,1102.5,649.1,1010.5,35,3,1010.4,85,3,1010.3,1956,12,1010.2,408,5,1010.1,612,8,1010.6,24,2,1010.7,1,1,1010.8,149,2,1010.9,344,5,1011.0,987,14
317,2025-11-26 14:39:15+05:30,1010.6,39,1002.21,8192336,389847.0,441845.0,986.2,1012.8,981.3,986.2,120597000,1084.8,887.6,1102.5,649.1,1010.5,92,3,1010.4,1177,8,1010.3,1126,13,1010.2,634,10,1010.1,1368,15,1010.6,1,1,1010.7,2,2,1010.8,149,2,1010.9,13,1,1011.0,633,10
317,2025-11-26 14:39:16+05:30,1010.6,1,1002.21,8192336,389847.0,441845.0,986.2,1012.8,981.3,986.2,120597000,1084.8,887.6,1102.5,649.1,1010.5,92,3,1010.4,1177,8,1010.3,1126,13,1010.2,634,10,1010.1,1368,15,1010.6,1,1,1010.7,2,2,1010.8,149,2,1010.9,13,1,1011.0,633,10
317,2025-11-26 14:39:16+05:30,1010.6,1,1002.21,8192337,391926.0,441980.0,986.2,1012.8,981.3,986.2,120597000,1084.8,887.6,1102.5,649.1,1010.5,144,4,1010.4,1250,8,1010.3,1040,12,1010.2,634,10,1010.1,1368,15,1010.6,2,1,1010.7,2,2,1010.8,149,2,1010.9,13,1,1011.0,633,10
317,2025-11-26 14:39:17+05:30,1010.5,2,1002.21,8192378,391332.0,441844.0,986.2,1012.8,981.3,986.2,120597000,1084.8,887.6,1102.5,649.1,1010.5,31,1,1010.4,982,5,1010.3,924,12,1010.2,1117,11,1010.1,787,14,1010.6,2,1,1010.7,1,1,1010.8,149,2,1010.9,215,2,1011.0,635,11
317,2025-11-26 14:39:18+05:30,1010.5,2,1002.21,8192378,391332.0,441844.0,986.2,1012.8,981.3,986.2,120597000,1084.8,887.6,1102.5,649.1,1010.5,31,1,1010.4,982,5,1010.3,924,12,1010.2,1117,11,1010.1,787,14,1010.6,2,1,1010.7,1,1,1010.8,149,2,1010.9,215,2,1011.0,635,11
317,2025-11-26 14:39:18+05:30,1010.5,2,1002.21,8192378,391316.0,442039.0,986.2,1012.8,981.3,986.2,120597000,1084.8,887.6,1102.5,649.1,1010.5,31,1,1010.4,1071,7,1010.3,924,12,1010.2,1117,11,1010.1,787,14,1010.6,69,3,1010.7,1,1,1010.8,149,2,1010.9,373,4,1011.0,579,10
317,2025-11-26 14:39:19+05:30,1010.6,1,1002.21,8192378,391316.0,442039.0,986.2,1012.8,981.3,986.2,120597000,1084.8,887.6,1102.5,649.1,1010.5,31,1,1010.4,1071,7,1010.3,924,12,1010.2,1117,11,1010.1,787,14,1010.6,69,3,1010.7,1,1,1010.8,149,2,1010.9,373,4,1011.0,579,10
317,2025-11-26 14:39:20+05:30,1010.5,1,1002.21,8192380,391355.0,442075.0,986.2,1012.8,981.3,986.2,120597000,1084.8,887.6,1102.5,649.1,1010.5,30,1,1010.4,1071,7,1010.3,924,12,1010.2,634,10,1010.1,1310,15,1010.6,68,3,1010.8,149,2,1010.9,373,4,1011.0,643,11,1011.1,852,12
317,2025-11-26 14:39:20+05:30,1010.6,1,1002.21,8192380,391355.0,442075.0,986.2,1012.8,981.3,986.2,120597000,1084.8,887.6,1102.5,649.1,1010.5,30,1,1010.4,1071,7,1010.3,924,12,1010.2,634,10,1010.1,1310,15,1010.6,68,3,1010.8,149,2,1010.9,373,4,1011.0,643,11,1011.1,852,12
317,2025-11-26 14:39:21+05:30,1010.6,1,1002.21,8192382,391355.0,442100.0,986.2,1012.8,981.3,986.2,120597000,1084.8,887.6,1102.5,649.1,1010.5,30,1,1010.4,1071,7,1010.3,924,12,1010.2,634,10,1010.1,1310,15,1010.6,68,3,1010.8,149,2,1010.9,373,4,1011.0,643,11,1011.1,852,12
317,2025-11-26 14:39:21+05:30,1010.6,1,1002.21,8192382,391355.0,442100.0,986.2,1012.8,981.3,986.2,120597000,1084.8,887.6,1102.5,649.1,1010.5,30,1,1010.4,1071,7,1010.3,924,12,1010.2,634,10,1010.1,1310,15,1010.6,68,3,1010.8,149,2,1010.9,373,4,1011.0,643,11,1011.1,852,12
317,2025-11-26 14:39:22+05:30,1010.6,1,1002.21,8192382,391576.0,442075.0,986.2,1012.8,981.3,986.2,120597000,1084.8,887.6,1102.5,649.1,1010.5,180,3,1010.4,1228,8,1010.3,838,11,1010.2,634,10,1010.1,1310,15,1010.6,68,3,1010.8,149,2,1010.9,519,5,1011.0,643,11,1011.1,852,12
317,2025-11-26 14:39:22+05:30,1010.6,1,1002.21,8192382,391576.0,442075.0,986.2,1012.8,981.3,986.2,120597000,1084.8,887.6,1102.5,649.1,1010.5,180,3,1010.4,1228,8,1010.3,838,11,1010.2,634,10,1010.1,1310,15,1010.6,68,3,1010.8,149,2,1010.9,519,5,1011.0,643,11,1011.1,852,12
317,2025-11-26 14:39:23+05:30,1010.6,3,1002.21,8192667,390492.0,440961.0,986.2,1012.8,981.3,986.2,120597000,1084.8,887.6,1102.5,649.1,1010.6,77,1,1010.5,988,10,1010.4,1331,12,1010.3,793,11,1010.2,677,8,1010.8,149,2,1010.9,80,1,1011.0,324,8,1011.1,573,5,1011.2,829,11
317,2025-11-26 14:39:23+05:30,1010.6,3,1002.21,8192667,390492.0,440961.0,986.2,1012.8,981.3,986.2,120597000,1084.8,887.6,1102.5,649.1,1010.6,77,1,1010.5,988,10,1010.4,1331,12,1010.3,793,11,1010.2,677,8,1010.8,149,2,1010.9,80,1,1011.0,324,8,1011.1,573,5,1011.2,829,11
317,2025-11-26 14:39:24+05:30,1010.8,64,1002.21,8192667,390492.0,440961.0,986.2,1012.8,981.3,986.2,120597000,1084.8,887.6,1102.5,649.1,1010.6,77,1,1010.5,988,10,1010.4,1331,12,1010.3,793,11,1010.2,677,8,1010.8,149,2,1010.9,80,1,1011.0,324,8,1011.1,573,5,1011.2,829,11
317,2025-11-26 14:39:24+05:30,1010.8,64,1002.21,8193065,390371.0,440935.0,986.2,1012.8,981.3,986.2,120597000,1084.8,887.6,1102.5,649.1,1010.5,750,9,1010.4,1409,12,1010.3,793,11,1010.2,623,8,1010.1,1064,18,1010.8,91,3,1010.9,80,1,1011.0,416,9,1011.1,776,9,1011.2,1229,12
317,2025-11-26 14:39:25+05:30,1010.8,2,1002.21,8193065,390371.0,440935.0,986.2,1012.8,981.3,986.2,120597000,1084.8,887.6,1102.5,649.1,1010.5,750,9,1010.4,1409,12,1010.3,793,11,1010.2,623,8,1010.1,1064,18,1010.8,91,3,1010.9,80,1,1011.0,416,9,1011.1,776,9,1011.2,1229,12
317,2025-11-26 14:39:25+05:30,1010.8,1,1002.21,8193080,390404.0,440983.0,986.2,1012.8,981.3,986.2,120597000,1084.8,887.6,1102.5,649.1,1010.5,834,11,1010.4,1409,12,1010.3,793,11,1010.2,623,8,1010.1,1006,17,1010.8,76,3,1010.9,80,1,1011.0,468,10,1011.1,776,9,1011.2,1229,12
317,2025-11-26 14:39:26+05:30,1010.8,2,1002.21,8193080,390404.0,440983.0,986.2,1012.8,981.3,986.2,120597000,1084.8,887.6,1102.5,649.1,1010.5,834,11,1010.4,1409,12,1010.3,793,11,1010.2,623,8,1010.1,1006,17,1010.8,76,3,1010.9,80,1,1011.0,468,10,1011.1,776,9,1011.2,1229,12
317,2025-11-26 14:39:26+05:30,1010.8,2,1002.21,8193093,390404.0,441001.0,986.2,1012.8,981.3,986.2,120597000,1084.8,887.6,1102.5,649.1,1010.5,834,11,1010.4,1412,13,1010.3,790,10,1010.2,623,8,1010.1,1006,17,1010.8,63,3,1010.9,80,1,1011.0,468,10,1011.1,776,9,1011.2,1229,12
317,2025-11-26 14:39:27+05:30,1010.8,1,1002.21,8193093,390404.0,441001.0,986.2,1012.8,981.3,986.2,120597000,1084.8,887.6,1102.5,649.1,1010.5,834,11,1010.4,1412,13,1010.3,790,10,1010.2,623,8,1010.1,1006,17,1010.8,63,3,1010.9,80,1,1011.0,468,10,1011.1,776,9,1011.2,1229,12
317,2025-11-26 14:39:27+05:30,1010.8,1,1002.21,8193098,390800.0,441000.0,986.2,1012.8,981.3,986.2,120597000,1084.8,887.6,1102.5,649.1,1010.5,830,11,1010.4,1412,13,1010.3,790,10,1010.2,623,8,1010.1,1006,17,1010.8,62,3,1010.9,80,1,1011.0,468,10,1011.1,776,9,1011.2,1229,12
317,2025-11-26 14:39:28+05:30,1010.5,47,1002.21,8193098,390800.0,441000.0,986.2,1012.8,981.3,986.2,120597000,1084.8,887.6,1102.5,649.1,1010.5,830,11,1010.4,1412,13,1010.3,790,10,1010.2,623,8,1010.1,1006,17,1010.8,62,3,1010.9,80,1,1011.0,468,10,1011.1,776,9,1011.2,1229,12
317,2025-11-26 14:39:28+05:30,1010.5,47,1002.21,8193898,389651.0,440840.0,986.2,1012.8,981.3,986.2,120597000,1084.8,887.6,1102.5,649.1,1010.5,109,6,1010.4,1489,14,1010.3,790,10,1010.2,623,8,1010.1,1006,17,1010.8,62,3,1010.9,80,1,1011.0,468,10,1011.1,776,9,1011.2,1233,13
317,2025-11-26 14:39:29+05:30,1010.5,14,1002.21,8193898,389651.0,440840.0,986.2,1012.8,981.3,986.2,120597000,1084.8,887.6,1102.5,649.1,1010.5,109,6,1010.4,1489,14,1010.3,790,10,1010.2,623,8,1010.1,1006,17,1010.8,62,3,1010.9,80,1,1011.0,468,10,1011.1,776,9,1011.2,1233,13
317,2025-11-26 14:39:29+05:30,1010.5,14,1002.21,8194021,390237.0,441330.0,986.2,1012.8,981.3,986.2,120597000,1084.8,887.6,1102.5,649.1,1010.5,320,9,1010.4,1346,13,1010.3,746,9,1010.2,1185,9,1010.1,1006,17,1010.8,115,2,1010.9,80,1,1011.0,468,10,1011.1,1299,10,1011.2,853,11
317,2025-11-26 14:39:30+05:30,1010.8,51,1002.21,8194341,389846.0,441250.0,986.2,1012.8,981.3,986.2,120597000,1084.8,887.6,1102.5,649.1,1010.5,504,11,1010.4,1416,14,1010.3,746,9,1010.2,637,8,1010.1,1006,17,1010.8,102,3,1010.9,80,1,1011.0,398,9,1011.1,599,7,1011.2,1087,11
317,2025-11-26 14:39:31+05:30,1010.8,1,1002.21,8194341,389846.0,441250.0,986.2,1012.8,981.3,986.2,120597000,1084.8,887.6,1102.5,649.1,1010.5,504,11,1010.4,1416,14,1010.3,746,9,1010.2,637,8,1010.1,1006,17,1010.8,102,3,1010.9,80,1,1011.0,398,9,1011.1,599,7,1011.2,1087,11
317,2025-11-26 14:39:31+05:30,1010.8,1,1002.21,8194653,390610.0,440519.0,986.2,1012.8,981.3,986.2,120597000,1084.8,887.6,1102.5,649.1,1010.5,1189,11,1010.4,1226,14,1010.3,771,10,1010.2,612,7,1010.1,1828,20,1010.8,408,5,1010.9,80,1,1011.0,398,9,1011.1,582,7,1011.2,1000,10
317,2025-11-26 14:39:32+05:30,1010.8,5,1002.21,8194662,390610.0,440510.0,986.2,1012.8,981.3,986.2,120597000,1084.8,887.6,1102.5,649.1,1010.5,1189,11,1010.4,1226,14,1010.3,771,10,1010.2,612,7,1010.1,1828,20,1010.8,399,5,1010.9,80,1,1011.0,398,9,1011.1,582,7,1011.2,1000,10
317,2025-11-26 14:39:33+05:30,1010.8,23,1002.21,8194662,390610.0,440510.0,986.2,1012.8,981.3,986.2,120597000,1084.8,887.6,1102.5,649.1,1010.5,1189,11,1010.4,1226,14,1010.3,771,10,1010.2,612,7,1010.1,1828,20,1010.8,399,5,1010.9,80,1,1011.0,398,9,1011.1,582,7,1011.2,1000,10
317,2025-11-26 14:39:33+05:30,1010.8,1,1002.22,8195149,390146.0,440867.0,986.2,1012.8,981.3,986.2,120597000,1084.8,887.6,1102.5,649.1,1010.5,991,11,1010.4,1077,12,1010.3,841,11,1010.2,622,8,1010.1,1828,20,1010.8,388,7,1010.9,116,2,1011.0,450,9,1011.1,582,7,1011.2,1343,11
317,2025-11-26 14:39:34+05:30,1010.8,1,1002.22,8195149,390146.0,440867.0,986.2,1012.8,981.3,986.2,120597000,1084.8,887.6,1102.5,649.1,1010.5,991,11,1010.4,1077,12,1010.3,841,11,1010.2,622,8,1010.1,1828,20,1010.8,388,7,1010.9,116,2,1011.0,450,9,1011.1,582,7,1011.2,1343,11
317,2025-11-26 14:39:34+05:30,1010.8,1,1002.22,8195150,390146.0,440911.0,986.2,1012.8,981.3,986.2,120597000,1084.8,887.6,1102.5,649.1,1010.5,991,11,1010.4,1147,13,1010.3,771,10,1010.2,622,8,1010.1,1828,20,1010.8,390,8,1010.9,116,2,1011.0,450,9,1011.1,582,7,1011.2,1343,11
317,2025-11-26 14:39:35+05:30,1010.8,2,1002.22,8195150,390146.0,440911.0,986.2,1012.8,981.3,986.2,120597000,1084.8,887.6,1102.5,649.1,1010.5,991,11,1010.4,1147,13,1010.3,771,10,1010.2,622,8,1010.1,1828,20,1010.8,390,8,1010.9,116,2,1011.0,450,9,1011.1,582,7,1011.2,1343,11
317,2025-11-26 14:39:35+05:30,1010.8,2,1002.22,8195154,390649.0,441381.0,986.2,1012.8,981.3,986.2,120597000,1084.8,887.6,1102.5,649.1,1010.7,178,1,1010.6,112,1,1010.5,938,10,1010.4,1068,12,1010.3,771,10,1010.8,386,8,1010.9,116,2,1011.0,346,8,1011.1,582,7,1011.2,1641,12
317,2025-11-26 14:39:36+05:30,1010.8,43,1002.22,8195154,390649.0,441381.0,986.2,1012.8,981.3,986.2,120597000,1084.8,887.6,1102.5,649.1,1010.7,178,1,1010.6,112,1,1010.5,938,10,1010.4,1068,12,1010.3,771,10,1010.8,386,8,1010.9,116,2,1011.0,346,8,1011.1,582,7,1011.2,1641,12
317,2025-11-26 14:39:36+05:30,1010.8,43,1002.22,8195266,390485.0,441488.0,986.2,1012.8,981.3,986.2,120597000,1084.8,887.6,1102.5,649.1,1010.7,192,3,1010.5,925,9,1010.4,1144,12,1010.3,771,10,1010.2,622,8,1010.8,427,8,1010.9,116,2,1011.0,346,8,1011.1,652,8,1011.2,1641,12
317,2025-11-26 14:39:37+05:30,1010.8,10,1002.22,8195266,390485.0,441488.0,986.2,1012.8,981.3,986.2,120597000,1084.8,887.6,1102.5,649.1,1010.7,192,3,1010.5,925,9,1010.4,1144,12,1010.3,771,10,1010.2,622,8,1010.8,427,8,1010.9,116,2,1011.0,346,8,1011.1,652,8,1011.2,1641,12
317,2025-11-26 14:39:37+05:30,1010.7,71,1002.22,8195347,390293.0,441195.0,986.2,1012.8,981.3,986.2,120597000,1084.8,887.6,1102.5,649.1,1010.7,121,3,1010.6,66,1,1010.5,925,9,1010.4,505,10,1010.3,771,10,1010.8,409,7,1010.9,116,2,1011.0,351,9,1011.1,652,8,1011.2,1628,11
317,2025-11-26 14:39:38+05:30,1010.7,71,1002.22,8195347,390293.0,441195.0,986.2,1012.8,981.3,986.2,120597000,1084.8,887.6,1102.5,649.1,1010.7,121,3,1010.6,66,1,1010.5,925,9,1010.4,505,10,1010.3,771,10,1010.8,409,7,1010.9,116,2,1011.0,351,9,1011.1,652,8,1011.2,1628,11
317,2025-11-26 14:39:38+05:30,1010.8,2,1002.22,8195352,390515.0,441254.0,986.2,1012.8,981.3,986.2,120597000,1084.8,887.6,1102.5,649.1,1010.7,118,3,1010.6,69,3,1010.5,933,8,1010.4,651,11,1010.3,879,11,1010.8,440,7,1010.9,144,2,1011.0,501,10,1011.1,652,8,1011.2,1628,11
317,2025-11-26 14:39:39+05:30,1010.7,27,1002.22,8195352,390515.0,441254.0,986.2,1012.8,981.3,986.2,120597000,1084.8,887.6,1102.5,649.1,1010.7,118,3,1010.6,69,3,1010.5,933,8,1010.4,651,11,1010.3,879,11,1010.8,440,7,1010.9,144,2,1011.0,501,10,1011.1,652,8,1011.2,1628,11
317,2025-11-26 14:39:39+05:30,1010.8,200,1002.22,8195582,392775.0,440413.0,986.2,1012.8,981.3,986.2,120597000,1084.8,887.6,1102.5,649.1,1010.7,894,5,1010.6,315,7,1010.5,511,11,1010.4,581,10,1010.3,809,10,1010.8,234,6,1010.9,144,2,1011.0,350,8,1011.1,410,4,1011.2,715,10
317,2025-11-26 14:39:40+05:30,1010.8,2,1002.22,8195582,392775.0,440413.0,986.2,1012.8,981.3,986.2,120597000,1084.8,887.6,1102.5,649.1,1010.7,894,5,1010.6,315,7,1010.5,511,11,1010.4,581,10,1010.3,809,10,1010.8,234,6,1010.9,144,2,1011.0,350,8,1011.1,410,4,1011.2,715,10
317,2025-11-26 14:39:40+05:30,1010.8,2,1002.22,8195598,392722.0,440624.0,986.2,1012.8,981.3,986.2,120597000,1084.8,887.6,1102.5,649.1,1010.7,866,5,1010.6,315,7,1010.5,511,11,1010.4,581,10,1010.3,810,11,1010.8,230,6,1010.9,144,2,1011.0,350,8,1011.1,556,5,1011.2,715,10
317,2025-11-26 14:39:41+05:30,1010.8,2,1002.22,8195598,392722.0,440624.0,986.2,1012.8,981.3,986.2,120597000,1084.8,887.6,1102.5,649.1,1010.7,866,5,1010.6,315,7,1010.5,511,11,1010.4,581,10,1010.3,810,11,1010.8,230,6,1010.9,144,2,1011.0,350,8,1011.1,556,5,1011.2,715,10
317,2025-11-26 14:39:41+05:30,1010.7,10,1002.22,8195608,392713.0,440715.0,986.2,1012.8,981.3,986.2,120597000,1084.8,887.6,1102.5,649.1,1010.7,856,5,1010.6,245,6,1010.5,582,12,1010.4,581,10,1010.3,810,11,1010.8,229,5,1010.9,144,2,1011.0,350,8,1011.1,556,5,1011.2,715,10
317,2025-11-26 14:39:42+05:30,1010.7,10,1002.22,8195608,392713.0,440715.0,986.2,1012.8,981.3,986.2,120597000,1084.8,887.6,1102.5,649.1,1010.7,856,5,1010.6,245,6,1010.5,582,12,1010.4,581,10,1010.3,810,11,1010.8,229,5,1010.9,144,2,1011.0,350,8,1011.1,556,5,1011.2,715,10
317,2025-11-26 14:39:42+05:30,1010.8,23,1002.22,8195640,393013.0,440600.0,986.2,1012.8,981.3,986.2,120597000,1084.8,887.6,1102.5,649.1,1010.7,856,5,1010.6,206,5,1010.5,582,12,1010.4,581,10,1010.3,810,11,1010.8,197,5,1010.9,144,2,1011.0,350,8,1011.1,556,5,1011.2,715,10
317,2025-11-26 14:39:43+05:30,1010.7,1,1002.22,8195640,393013.0,440600.0,986.2,1012.8,981.3,986.2,120597000,1084.8,887.6,1102.5,649.1,1010.7,856,5,1010.6,206,5,1010.5,582,12,1010.4,581,10,1010.3,810,11,1010.8,197,5,1010.9,144,2,1011.0,350,8,1011.1,556,5,1011.2,715,10
317,2025-11-26 14:39:43+05:30,1010.7,189,1002.22,8195914,393232.0,441450.0,986.2,1012.8,981.3,986.2,120597000,1084.8,887.6,1102.5,649.1,1010.7,588,2,1010.6,136,4,1010.5,653,13,1010.4,581,10,1010.3,784,9,1010.8,191,4,1010.9,144,2,1011.0,496,9,1011.1,556,5,1011.2,728,11
317,2025-11-26 14:39:44+05:30,1010.8,24,1002.22,8195914,393232.0,441450.0,986.2,1012.8,981.3,986.2,120597000,1084.8,887.6,1102.5,649.1,1010.7,588,2,1010.6,136,4,1010.5,653,13,1010.4,581,10,1010.3,784,9,1010.8,191,4,1010.9,144,2,1011.0,496,9,1011.1,556,5,1011.2,728,11
317,2025-11-26 14:39:44+05:30,1010.8,3,1002.22,8196132,393232.0,441617.0,986.2,1012.8,981.3,986.2,120597000,1084.8,887.6,1102.5,649.1,1010.7,588,2,1010.6,136,4,1010.5,653,13,1010.4,581,10,1010.3,784,9,1010.8,422,5,1010.9,80,1,1011.0,350,8,1011.1,582,7,1011.2,702,9
317,2025-11-26 14:39:45+05:30,1010.8,98,1002.22,8196132,393232.0,441617.0,986.2,1012.8,981.3,986.2,120597000,1084.8,887.6,1102.5,649.1,1010.7,588,2,1010.6,136,4,1010.5,653,13,1010.4,581,10,1010.3,784,9,1010.8,422,5,1010.9,80,1,1011.0,350,8,1011.1,582,7,1011.2,702,9
317,2025-11-26 14:39:45+05:30,1010.8,1,1002.22,8196234,394894.0,441515.0,986.2,1012.8,981.3,986.2,120597000,1084.8,887.6,1102.5,649.1,1010.7,676,6,1010.6,207,5,1010.5,436,11,1010.4,549,8,1010.3,784,9,1010.8,320,5,1010.9,80,1,1011.0,496,9,1011.1,556,5,1011.2,728,11
317,2025-11-26 14:39:46+05:30,1010.8,1,1002.22,8196234,394894.0,441515.0,986.2,1012.8,981.3,986.2,120597000,1084.8,887.6,1102.5,649.1,1010.7,676,6,1010.6,207,5,1010.5,436,11,1010.4,549,8,1010.3,784,9,1010.8,320,5,1010.9,80,1,1011.0,496,9,1011.1,556,5,1011.2,728,11
317,2025-11-26 14:39:46+05:30,1010.8,5,1002.22,8196786,396460.0,439641.0,986.2,1012.8,981.3,986.2,120597000,1084.8,887.6,1102.5,649.1,1010.7,936,7,1010.6,599,10,1010.5,1242,14,1010.4,570,9,1010.3,1768,16,1010.8,16,3,1010.9,80,1,1011.0,350,8,1011.1,227,2,1011.2,252,2
317,2025-11-26 14:39:47+05:30,1010.8,5,1002.22,8196786,396460.0,439641.0,986.2,1012.8,981.3,986.2,120597000,1084.8,887.6,1102.5,649.1,1010.7,936,7,1010.6,599,10,1010.5,1242,14,1010.4,570,9,1010.3,1768,16,1010.8,16,3,1010.9,80,1,1011.0,350,8,1011.1,227,2,1011.2,252,2
317,2025-11-26 14:39:47+05:30,1010.8,5,1002.22,8196786,396442.0,439808.0,986.2,1012.8,981.3,986.2,120597000,1084.8,887.6,1102.5,649.1,1010.7,875,6,1010.6,599,10,1010.5,1242,14,1010.4,570,9,1010.3,1811,17,1010.8,16,3,1010.9,80,1,1011.0,350,8,1011.1,227,2,1011.2,252,2
317,2025-11-26 14:39:48+05:30,1010.7,7,1002.22,8197299,395305.0,438827.0,986.2,1012.8,981.3,986.2,120597000,1084.8,887.6,1102.5,649.1,1010.7,719,4,1010.6,820,12,1010.5,1232,13,1010.4,570,9,1010.3,1989,20,1011.0,160,5,1011.1,233,3,1011.2,819,4,1011.3,554,9,1011.4,1188,18
317,2025-11-26 14:39:49+05:30,1010.7,7,1002.22,8197299,395305.0,438827.0,986.2,1012.8,981.3,986.2,120597000,1084.8,887.6,1102.5,649.1,1010.7,719,4,1010.6,820,12,1010.5,1232,13,1010.4,570,9,1010.3,1989,20,1011.0,160,5,1011.1,233,3,1011.2,819,4,1011.3,554,9,1011.4,1188,18
317,2025-11-26 14:39:49+05:30,1010.7,7,1002.22,8197299,395621.0,438943.0,986.2,1012.8,981.3,986.2,120597000,1084.8,887.6,1102.5,649.1,1010.8,1,1,1010.7,719,4,1010.6,930,13,1010.5,1232,13,1010.4,570,9,1011.0,160,5,1011.1,233,3,1011.2,713,3,1011.3,578,10,1011.4,1188,18
317,2025-11-26 14:39:50+05:30,1011.0,1,1002.22,8197299,395621.0,438943.0,986.2,1012.8,981.3,986.2,120597000,1084.8,887.6,1102.5,649.1,1010.8,1,1,1010.7,719,4,1010.6,930,13,1010.5,1232,13,1010.4,570,9,1011.0,160,5,1011.1,233,3,1011.2,713,3,1011.3,578,10,1011.4,1188,18
317,2025-11-26 14:39:50+05:30,1011.0,1,1002.22,8197300,397978.0,438914.0,986.2,1012.8,981.3,986.2,120597000,1084.8,887.6,1102.5,649.1,1010.9,668,1,1010.8,156,4,1010.7,332,7,1010.6,794,12,1010.5,1211,11,1011.0,162,5,1011.1,233,3,1011.3,421,5,1011.4,1274,13,1011.5,2041,20
317,2025-11-26 14:39:51+05:30,1011.0,1,1002.22,8197300,397978.0,438914.0,986.2,1012.8,981.3,986.2,120597000,1084.8,887.6,1102.5,649.1,1010.9,668,1,1010.8,156,4,1010.7,332,7,1010.6,794,12,1010.5,1211,11,1011.0,162,5,1011.1,233,3,1011.3,421,5,1011.4,1274,13,1011.5,2041,20
317,2025-11-26 14:39:51+05:30,1011.0,1,1002.22,8197303,398157.0,439021.0,986.2,1012.8,981.3,986.2,120597000,1084.8,887.6,1102.5,649.1,1010.9,671,3,1010.8,465,7,1010.7,389,8,1010.6,780,10,1010.5,1211,11,1011.0,159,4,1011.1,233,3,1011.3,268,3,1011.4,1161,12,1011.5,1961,15
317,2025-11-26 14:39:52+05:30,1010.9,100,1002.22,8197303,398157.0,439021.0,986.2,1012.8,981.3,986.2,120597000,1084.8,887.6,1102.5,649.1,1010.9,671,3,1010.8,465,7,1010.7,389,8,1010.6,780,10,1010.5,1211,11,1011.0,159,4,1011.1,233,3,1011.3,268,3,1011.4,1161,12,1011.5,1961,15
317,2025-11-26 14:39:52+05:30,1010.9,71,1002.22,8197483,398170.0,439012.0,986.2,1012.8,981.3,986.2,120597000,1084.8,887.6,1102.5,649.1,1010.9,500,3,1010.8,534,8,1010.7,504,9,1010.6,780,10,1010.5,1211,11,1011.0,150,2,1011.1,233,3,1011.3,268,3,1011.4,1161,12,1011.5,1961,15
317,2025-11-26 14:39:53+05:30,1011.0,22,1002.22,8197483,398170.0,439012.0,986.2,1012.8,981.3,986.2,120597000,1084.8,887.6,1102.5,649.1,1010.9,500,3,1010.8,534,8,1010.7,504,9,1010.6,780,10,1010.5,1211,11,1011.0,150,2,1011.1,233,3,1011.3,268,3,1011.4,1161,12,1011.5,1961,15
317,2025-11-26 14:39:53+05:30,1011.0,1,1002.22,8197845,397820.0,438739.0,986.2,1012.8,981.3,986.2,120597000,1084.8,887.6,1102.5,649.1,1010.9,161,3,1010.8,287,4,1010.7,574,10,1010.6,850,11,1010.5,1211,11,1011.0,277,3,1011.1,233,3,1011.2,26,2,1011.3,778,4,1011.4,990,13
317,2025-11-26 14:39:54+05:30,1011.0,1,1002.22,8197845,397820.0,438739.0,986.2,1012.8,981.3,986.2,120597000,1084.8,887.6,1102.5,649.1,1010.9,161,3,1010.8,287,4,1010.7,574,10,1010.6,850,11,1010.5,1211,11,1011.0,277,3,1011.1,233,3,1011.2,26,2,1011.3,778,4,1011.4,990,13
317,2025-11-26 14:39:55+05:30,1011.0,112,1002.22,8197957,396699.0,438980.0,986.2,1012.8,981.3,986.2,120597000,1084.8,887.6,1102.5,649.1,1010.9,158,1,1010.8,82,2,1010.7,467,9,1010.6,639,10,1010.5,1290,16,1011.0,168,4,1011.1,233,3,1011.2,69,1,1011.3,919,6,1011.4,1156,17
317,2025-11-26 14:39:55+05:30,1011.0,2,1002.22,8197957,396699.0,438980.0,986.2,1012.8,981.3,986.2,120597000,1084.8,887.6,1102.5,649.1,1010.9,158,1,1010.8,82,2,1010.7,467,9,1010.6,639,10,1010.5,1290,16,1011.0,168,4,1011.1,233,3,1011.2,69,1,1011.3,919,6,1011.4,1156,17
317,2025-11-26 14:39:56+05:30,1011.0,2,1002.22,8197988,396561.0,439085.0,986.2,1012.8,981.3,986.2,120597000,1084.8,887.6,1102.5,649.1,1010.9,158,1,1010.8,25,3,1010.7,194,5,1010.6,723,11,1010.5,1223,9,1011.0,137,2,1011.1,271,4,1011.2,69,1,1011.3,1011,7,1011.4,1156,17
317,2025-11-26 14:39:56+05:30,1011.0,2,1002.22,8197988,396561.0,439085.0,986.2,1012.8,981.3,986.2,120597000,1084.8,887.6,1102.5,649.1,1010.9,158,1,1010.8,25,3,1010.7,194,5,1010.6,723,11,1010.5,1223,9,1011.0,137,2,1011.1,271,4,1011.2,69,1,1011.3,1011,7,1011.4,1156,17
317,2025-11-26 14:39:57+05:30,1011.0,2,1002.22,8197988,397196.0,439035.0,986.2,1012.8,981.3,986.2,120597000,1084.8,887.6,1102.5,649.1,1010.9,161,3,1010.8,25,3,1010.7,487,9,1010.6,860,9,1010.5,1223,9,1011.0,137,2,1011.1,271,4,1011.3,893,5,1011.4,1143,16,1011.5,1627,11
317,2025-11-26 14:39:58+05:30,1011.0,1,1002.22,8197988,397196.0,439035.0,986.2,1012.8,981.3,986.2,120597000,1084.8,887.6,1102.5,649.1,1010.9,161,3,1010.8,25,3,1010.7,487,9,1010.6,860,9,1010.5,1223,9,1011.0,137,2,1011.1,271,4,1011.3,893,5,1011.4,1143,16,1011.5,1627,11
317,2025-11-26 14:39:58+05:30,1011.0,1,1002.22,8197989,397209.0,439075.0,986.2,1012.8,981.3,986.2,120597000,1084.8,887.6,1102.5,649.1,1010.9,174,4,1010.8,25,3,1010.7,487,9,1010.6,860,9,1010.5,1223,9,1011.0,137,3,1011.1,271,4,1011.3,893,5,1011.4,1043,16,1011.5,1767,13
317,2025-11-26 14:39:59+05:30,1010.9,28,1002.22,8197989,397209.0,439075.0,986.2,1012.8,981.3,986.2,120597000,1084.8,887.6,1102.5,649.1,1010.9,174,4,1010.8,25,3,1010.7,487,9,1010.6,860,9,1010.5,1223,9,1011.0,137,3,1011.1,271,4,1011.3,893,5,1011.4,1043,16,1011.5,1767,13
317,2025-11-26 14:39:59+05:30,1010.9,28,1002.22,8198018,396342.0,439067.0,986.2,1012.8,981.3,986.2,120597000,1084.8,887.6,1102.5,649.1,1010.9,146,4,1010.8,92,4,1010.7,487,9,1010.6,860,9,1010.5,759,9,1011.0,133,2,1011.1,271,4,1011.3,893,5,1011.4,949,14,1011.5,1767,13
317,2025-11-26 14:40:00+05:30,1011.0,1,1002.22,8198018,396342.0,439067.0,986.2,1012.8,981.3,986.2,120597000,1084.8,887.6,1102.5,649.1,1010.9,146,4,1010.8,92,4,1010.7,487,9,1010.6,860,9,1010.5,759,9,1011.0,133,2,1011.1,271,4,1011.3,893,5,1011.4,949,14,1011.5,1767,13
317,2025-11-26 14:40:00+05:30,1011.0,1,1002.22,8198019,396195.0,439035.0,986.2,1012.8,981.3,986.2,120597000,1084.8,887.6,1102.5,649.1,1010.9,144,3,1010.8,25,3,1010.7,406,8,1010.6,863,11,1010.5,759,9,1011.0,132,2,1011.1,271,4,1011.3,893,5,1011.4,1008,15,1011.5,1767,13
317,2025-11-26 14:40:01+05:30,1011.0,1,1002.22,8198019,396195.0,439035.0,986.2,1012.8,981.3,986.2,120597000,1084.8,887.6,1102.5,649.1,1010.9,144,3,1010.8,25,3,1010.7,406,8,1010.6,863,11,1010.5,759,9,1011.0,132,2,1011.1,271,4,1011.3,893,5,1011.4,1008,15,1011.5,1767,13
317,2025-11-26 14:40:01+05:30,1010.8,10,1002.22,8198180,398973.0,438974.0,986.2,1012.8,981.3,986.2,120597000,1084.8,887.6,1102.5,649.1,1010.9,750,1,1010.8,15,3,1010.7,56,4,1010.6,1229,12,1010.5,680,8,1011.0,132,4,1011.1,276,5,1011.2,265,5,1011.3,1073,8,1011.4,969,12
317,2025-11-26 14:40:02+05:30,1010.8,62,1002.22,8198180,398973.0,438974.0,986.2,1012.8,981.3,986.2,120597000,1084.8,887.6,1102.5,649.1,1010.9,750,1,1010.8,15,3,1010.7,56,4,1010.6,1229,12,1010.5,680,8,1011.0,132,4,1011.1,276,5,1011.2,265,5,1011.3,1073,8,1011.4,969,12
317,2025-11-26 14:40:02+05:30,1010.8,62,1002.22,8198349,391906.0,442537.0,986.2,1012.8,981.3,986.2,120597000,1084.8,887.6,1102.5,649.1,1010.8,6,1,1010.7,51,3,1010.6,130,4,1010.5,245,3,1010.4,935,5,1010.9,279,6,1011.0,824,12,1011.1,1000,15,1011.2,1181,15,1011.3,1673,12
317,2025-11-26 14:40:03+05:30,1010.9,13,1002.22,8198349,391906.0,442537.0,986.2,1012.8,981.3,986.2,120597000,1084.8,887.6,1102.5,649.1,1010.8,6,1,1010.7,51,3,1010.6,130,4,1010.5,245,3,1010.4,935,5,1010.9,279,6,1011.0,824,12,1011.1,1000,15,1011.2,1181,15,1011.3,1673,12
317,2025-11-26 14:40:03+05:30,1010.9,13,1002.22,8199566,393341.0,442788.0,986.2,1012.8,981.3,986.2,120597000,1084.8,887.6,1102.5,649.1,1010.9,8,4,1010.8,24,2,1010.7,3,2,1010.6,127,2,1010.5,963,3,1011.0,745,9,1011.1,1371,13,1011.2,1002,14,1011.3,1594,16,1011.4,961,17
317,2025-11-26 14:40:04+05:30,1010.9,212,1002.22,8199566,393341.0,442788.0,986.2,1012.8,981.3,986.2,120597000,1084.8,887.6,1102.5,649.1,1010.9,8,4,1010.8,24,2,1010.7,3,2,1010.6,127,2,1010.5,963,3,1011.0,745,9,1011.1,1371,13,1011.2,1002,14,1011.3,1594,16,1011.4,961,17
317,2025-11-26 14:40:04+05:30,1010.9,212,1002.22,8199841,393207.0,441625.0,986.2,1012.8,981.3,986.2,120597000,1084.8,887.6,1102.5,649.1,1010.8,13,2,1010.7,3,2,1010.6,127,2,1010.5,1058,4,1010.4,541,7,1010.9,49,2,1011.0,745,9,1011.1,1118,10,1011.2,800,13,1011.3,1549,14
317,2025-11-26 14:40:05+05:30,1010.9,3,1002.22,8199841,393207.0,441625.0,986.2,1012.8,981.3,986.2,120597000,1084.8,887.6,1102.5,649.1,1010.8,13,2,1010.7,3,2,1010.6,127,2,1010.5,1058,4,1010.4,541,7,1010.9,49,2,1011.0,745,9,1011.1,1118,10,1011.2,800,13,1011.3,1549,14
317,2025-11-26 14:40:05+05:30,1010.9,3,1002.22,8199936,392530.0,442399.0,986.2,1012.8,981.3,986.2,120597000,1084.8,887.6,1102.5,649.1,1010.7,3,2,1010.6,127,2,1010.5,213,2,1010.4,1120,6,1010.3,1097,9,1010.9,215,5,1011.0,908,12,1011.1,1108,10,1011.2,1300,15,1011.3,1236,12
317,2025-11-26 14:40:06+05:30,1010.8,59,1002.22,8199936,392530.0,442399.0,986.2,1012.8,981.3,986.2,120597000,1084.8,887.6,1102.5,649.1,1010.7,3,2,1010.6,127,2,1010.5,213,2,1010.4,1120,6,1010.3,1097,9,1010.9,215,5,1011.0,908,12,1011.1,1108,10,1011.2,1300,15,1011.3,1236,12
317,2025-11-26 14:40:06+05:30,1010.7,20,1002.22,8200156,392335.0,443653.0,986.2,1012.8,981.3,986.2,120597000,1084.8,887.6,1102.5,649.1,1010.6,134,3,1010.5,100,1,1010.4,1001,6,1010.3,1028,8,1010.2,672,8,1010.8,33,1,1010.9,213,6,1011.0,660,11,1011.1,1293,12,1011.2,1377,15
317,2025-11-26 14:40:07+05:30,1010.7,20,1002.22,8200156,392335.0,443653.0,986.2,1012.8,981.3,986.2,120597000,1084.8,887.6,1102.5,649.1,1010.6,134,3,1010.5,100,1,1010.4,1001,6,1010.3,1028,8,1010.2,672,8,1010.8,33,1,1010.9,213,6,1011.0,660,11,1011.1,1293,12,1011.2,1377,15
317,2025-11-26 14:40:07+05:30,1010.6,5,1002.22,8200161,392775.0,441661.0,986.2,1012.8,981.3,986.2,120597000,1084.8,887.6,1102.5,649.1,1010.6,129,3,1010.5,921,4,1010.4,1024,7,1010.3,666,7,1010.2,768,11,1010.9,77,3,1011.0,482,7,1011.1,751,11,1011.2,1691,14,1011.3,1263,15
317,2025-11-26 14:40:08+05:30,1010.6,5,1002.22,8200161,392775.0,441661.0,986.2,1012.8,981.3,986.2,120597000,1084.8,887.6,1102.5,649.1,1010.6,129,3,1010.5,921,4,1010.4,1024,7,1010.3,666,7,1010.2,768,11,1010.9,77,3,1011.0,482,7,1011.1,751,11,1011.2,1691,14,1011.3,1263,15
317,2025-11-26 14:40:08+05:30,1010.6,5,1002.22,8200335,392976.0,442198.0,986.2,1012.8,981.3,986.2,120597000,1084.8,887.6,1102.5,649.1,1010.6,29,2,1010.5,1016,7,1010.4,550,7,1010.3,666,7,1010.2,715,11,1010.7,1,1,1010.9,35,2,1011.0,481,6,1011.1,685,10,1011.2,1800,15
317,2025-11-26 14:40:09+05:30,1010.6,24,1002.22,8200335,392976.0,442198.0,986.2,1012.8,981.3,986.2,120597000,1084.8,887.6,1102.5,649.1,1010.6,29,2,1010.5,1016,7,1010.4,550,7,1010.3,666,7,1010.2,715,11,1010.7,1,1,1010.9,35,2,1011.0,481,6,1011.1,685,10,1011.2,1800,15
317,2025-11-26 14:40:09+05:30,1010.6,1,1002.22,8200374,393440.0,441563.0,986.2,1012.8,981.3,986.2,120597000,1084.8,887.6,1102.5,649.1,1010.6,33,2,1010.5,883,5,1010.4,474,6,1010.3,1228,8,1010.2,706,11,1010.7,3,3,1010.9,65,2,1011.0,480,5,1011.1,629,9,1011.2,1806,15
317,2025-11-26 14:40:10+05:30,1010.7,1,1002.22,8200374,393440.0,441563.0,986.2,1012.8,981.3,986.2,120597000,1084.8,887.6,1102.5,649.1,1010.6,33,2,1010.5,883,5,1010.4,474,6,1010.3,1228,8,1010.2,706,11,1010.7,3,3,1010.9,65,2,1011.0,480,5,1011.1,629,9,1011.2,1806,15
317,2025-11-26 14:40:10+05:30,1010.7,1,1002.22,8200378,393626.0,441718.0,986.2,1012.8,981.3,986.2,120597000,1084.8,887.6,1102.5,649.1,1010.6,33,2,1010.5,883,5,1010.4,474,6,1010.3,1242,8,1010.2,803,12,1010.7,1,1,1010.8,5,1,1010.9,65,2,1011.0,1010,6,1011.1,642,10
317,2025-11-26 14:40:11+05:30,1010.7,1,1002.22,8200378,393626.0,441718.0,986.2,1012.8,981.3,986.2,120597000,1084.8,887.6,1102.5,649.1,1010.6,33,2,1010.5,883,5,1010.4,474,6,1010.3,1242,8,1010.2,803,12,1010.7,1,1,1010.8,5,1,1010.9,65,2,1011.0,1010,6,1011.1,642,10
317,2025-11-26 14:40:12+05:30,1010.6,10,1002.22,8200388,393622.0,441506.0,986.2,1012.8,981.3,986.2,120597000,1084.8,887.6,1102.5,649.1,1010.6,29,3,1010.5,1075,8,1010.4,485,6,1010.3,668,7,1010.2,944,12,1010.7,70,2,1010.8,40,2,1011.0,267,2,1011.1,642,10,1011.2,1143,13
317,2025-11-26 14:40:12+05:30,1010.6,10,1002.22,8200388,393622.0,441506.0,986.2,1012.8,981.3,986.2,120597000,1084.8,887.6,1102.5,649.1,1010.6,29,3,1010.5,1075,8,1010.4,485,6,1010.3,668,7,1010.2,944,12,1010.7,70,2,1010.8,40,2,1011.0,267,2,1011.1,642,10,1011.2,1143,13
317,2025-11-26 14:40:13+05:30,1010.6,26,1002.22,8200478,393005.0,441306.0,986.2,1012.8,981.3,986.2,120597000,1084.8,887.6,1102.5,649.1,1010.6,7,1,1010.5,953,6,1010.4,400,5,1010.3,649,7,1010.2,857,12,1010.7,61,2,1010.8,40,2,1011.0,325,3,1011.1,1229,12,1011.2,1077,12
317,2025-11-26 14:40:13+05:30,1010.7,23,1002.22,8200478,393005.0,441306.0,986.2,1012.8,981.3,986.2,120597000,1084.8,887.6,1102.5,649.1,1010.6,7,1,1010.5,953,6,1010.4,400,5,1010.3,649,7,1010.2,857,12,1010.7,61,2,1010.8,40,2,1011.0,325,3,1011.1,1229,12,1011.2,1077,12
317,2025-11-26 14:40:14+05:30,1010.6,1,1002.22,8200478,393005.0,441306.0,986.2,1012.8,981.3,986.2,120597000,1084.8,887.6,1102.5,649.1,1010.6,7,1,1010.5,953,6,1010.4,400,5,1010.3,649,7,1010.2,857,12,1010.7,61,2,1010.8,40,2,1011.0,325,3,1011.1,1229,12,1011.2,1077,12
317,2025-11-26 14:40:14+05:30,1010.6,1,1002.22,8200785,394641.0,440560.0,986.2,1012.8,981.3,986.2,120597000,1084.8,887.6,1102.5,649.1,1010.6,546,1,1010.5,210,6,1010.4,545,8,1010.3,726,8,1010.2,787,13,1010.7,40,3,1010.8,40,2,1011.0,315,3,1011.1,629,9,1011.2,1671,14
317,2025-11-26 14:40:15+05:30,1010.7,2,1002.22,8200785,394641.0,440560.0,986.2,1012.8,981.3,986.2,120597000,1084.8,887.6,1102.5,649.1,1010.6,546,1,1010.5,210,6,1010.4,545,8,1010.3,726,8,1010.2,787,13,1010.7,40,3,1010.8,40,2,1011.0,315,3,1011.1,629,9,1011.2,1671,14
317,2025-11-26 14:40:15+05:30,1010.7,2,1002.22,8200910,395489.0,440939.0,986.2,1012.8,981.3,986.2,120597000,1084.8,887.6,1102.5,649.1,1010.6,603,3,1010.5,537,10,1010.4,599,8,1010.3,1204,9,1010.2,760,12,1010.7,59,2,1010.8,40,2,1011.0,565,4,1011.1,629,9,1011.2,843,13
317,2025-11-26 14:40:16+05:30,1011.0,204,1002.22,8200910,395489.0,440939.0,986.2,1012.8,981.3,986.2,120597000,1084.8,887.6,1102.5,649.1,1010.6,603,3,1010.5,537,10,1010.4,599,8,1010.3,1204,9,1010.2,760,12,1010.7,59,2,1010.8,40,2,1011.0,565,4,1011.1,629,9,1011.2,843,13
317,2025-11-26 14:40:16+05:30,1011.0,204,1002.22,8201839,394705.0,439135.0,986.2,1012.8,981.3,986.2,120597000,1084.8,887.6,1102.5,649.1,1010.6,849,11,1010.5,1285,13,1010.4,663,9,1010.3,1011,12,1010.2,1804,13,1011.0,22,2,1011.1,233,3,1011.2,308,5,1011.3,1104,13,1011.4,1341,16
317,2025-11-26 14:40:17+05:30,1011.0,204,1002.22,8201839,395511.0,439196.0,986.2,1012.8,981.3,986.2,120597000,1084.8,887.6,1102.5,649.1,1010.7,546,1,1010.6,284,6,1010.5,1285,13,1010.4,663,9,1010.3,1024,13,1011.0,22,2,1011.1,233,3,1011.2,294,3,1011.3,809,13,1011.4,1682,18
317,2025-11-26 14:40:18+05:30,1011.0,204,1002.22,8201839,394772.0,439227.0,986.2,1012.8,981.3,986.2,120597000,1084.8,887.6,1102.5,649.1,1010.7,557,2,1010.6,332,6,1010.5,1224,12,1010.4,663,9,1010.3,1024,13,1011.0,23,3,1011.1,233,3,1011.2,839,4,1011.3,1072,15,1011.4,904,14
317,2025-11-26 14:40:19+05:30,1011.0,1,1002.22,8201839,394772.0,439227.0,986.2,1012.8,981.3,986.2,120597000,1084.8,887.6,1102.5,649.1,1010.7,557,2,1010.6,332,6,1010.5,1224,12,1010.4,663,9,1010.3,1024,13,1011.0,23,3,1011.1,233,3,1011.2,839,4,1011.3,1072,15,1011.4,904,14
317,2025-11-26 14:40:19+05:30,1011.0,1,1002.22,8201840,394138.0,439189.0,986.2,1012.8,981.3,986.2,120597000,1084.8,887.6,1102.5,649.1,1010.7,557,2,1010.6,279,6,1010.5,631,10,1010.4,598,8,1010.3,1024,13,1011.0,22,3,1011.1,369,3,1011.2,779,5,1011.3,1046,13,1011.4,930,16
317,2025-11-26 14:40:20+05:30,1011.0,1,1002.22,8201840,394138.0,439189.0,986.2,1012.8,981.3,986.2,120597000,1084.8,887.6,1102.5,649.1,1010.7,557,2,1010.6,279,6,1010.5,631,10,1010.4,598,8,1010.3,1024,13,1011.0,22,3,1011.1,369,3,1011.2,779,5,1011.3,1046,13,1011.4,930,16
317,2025-11-26 14:40:20+05:30,1011.1,1,1002.22,8202399,393905.0,439329.0,986.2,1012.8,981.3,986.2,120597000,1084.8,887.6,1102.5,649.1,1010.7,769,4,1010.6,128,3,1010.5,1008,9,1010.4,569,7,1010.3,836,11,1011.1,368,3,1011.2,1209,11,1011.3,922,12,1011.4,754,10,1011.5,1406,9
317,2025-11-26 14:40:21+05:30,1011.1,1,1002.22,8202399,393905.0,439329.0,986.2,1012.8,981.3,986.2,120597000,1084.8,887.6,1102.5,649.1,1010.7,769,4,1010.6,128,3,1010.5,1008,9,1010.4,569,7,1010.3,836,11,1011.1,368,3,1011.2,1209,11,1011.3,922,12,1011.4,754,10,1011.5,1406,9
317,2025-11-26 14:40:22+05:30,1011.1,20,1002.22,8202420,393953.0,438971.0,986.2,1012.8,981.3,986.2,120597000,1084.8,887.6,1102.5,649.1,1010.7,777,4,1010.6,128,3,1010.5,1209,12,1010.4,569,7,1010.3,836,11,1011.1,348,3,1011.2,1104,11,1011.3,968,12,1011.4,780,12,1011.5,1485,14
317,2025-11-26 14:40:22+05:30,1011.1,20,1002.22,8202420,393953.0,438971.0,986.2,1012.8,981.3,986.2,120597000,1084.8,887.6,1102.5,649.1,1010.7,777,4,1010.6,128,3,1010.5,1209,12,1010.4,569,7,1010.3,836,11,1011.1,348,3,1011.2,1104,11,1011.3,968,12,1011.4,780,12,1011.5,1485,14
317,2025-11-26 14:40:23+05:30,1011.0,23,1002.22,8202453,394772.0,439574.0,986.2,1012.8,981.3,986.2,120597000,1084.8,887.6,1102.5,649.1,1010.7,777,4,1010.6,253,5,1010.5,705,12,1010.4,1072,8,1010.3,781,10,1011.0,168,1,1011.1,347,3,1011.2,1129,10,1011.3,1049,15,1011.4,804,11
317,2025-11-26 14:40:23+05:30,1011.0,23,1002.22,8202453,394772.0,439574.0,986.2,1012.8,981.3,986.2,120597000,1084.8,887.6,1102.5,649.1,1010.7,777,4,1010.6,253,5,1010.5,705,12,1010.4,1072,8,1010.3,781,10,1011.0,168,1,1011.1,347,3,1011.2,1129,10,1011.3,1049,15,1011.4,804,11
317,2025-11-26 14:40:24+05:30,1010.8,162,1002.22,8202844,396015.0,440135.0,986.2,1012.8,981.3,986.2,120597000,1084.8,887.6,1102.5,649.1,1010.7,777,4,1010.6,267,6,1010.5,658,11,1010.4,1133,10,1010.3,781,10,1010.8,3,1,1011.0,153,1,1011.1,347,3,1011.2,1110,9,1011.3,947,13
317,2025-11-26 14:40:24+05:30,1010.8,162,1002.22,8202844,396015.0,440135.0,986.2,1012.8,981.3,986.2,120597000,1084.8,887.6,1102.5,649.1,1010.7,777,4,1010.6,267,6,1010.5,658,11,1010.4,1133,10,1010.3,781,10,1010.8,3,1,1011.0,153,1,1011.1,347,3,1011.2,1110,9,1011.3,947,13
317,2025-11-26 14:40:25+05:30,1011.0,86,1002.22,8202844,396015.0,440135.0,986.2,1012.8,981.3,986.2,120597000,1084.8,887.6,1102.5,649.1,1010.7,777,4,1010.6,267,6,1010.5,658,11,1010.4,1133,10,1010.3,781,10,1010.8,3,1,1011.0,153,1,1011.1,347,3,1011.2,1110,9,1011.3,947,13
317,2025-11-26 14:40:25+05:30,1010.8,1,1002.22,8204232,395076.0,439194.0,986.2,1012.8,981.3,986.2,120597000,1084.8,887.6,1102.5,649.1,1010.8,1,1,1010.7,785,6,1010.6,410,7,1010.5,695,10,1010.4,656,11,1011.0,82,1,1011.1,87,1,1011.2,803,7,1011.3,563,11,1011.4,810,12
317,2025-11-26 14:40:26+05:30,1010.7,84,1002.22,8204232,395076.0,439194.0,986.2,1012.8,981.3,986.2,120597000,1084.8,887.6,1102.5,649.1,1010.8,1,1,1010.7,785,6,1010.6,410,7,1010.5,695,10,1010.4,656,11,1011.0,82,1,1011.1,87,1,1011.2,803,7,1011.3,563,11,1011.4,810,12
317,2025-11-26 14:40:26+05:30,1010.7,84,1002.23,8204358,394862.0,439301.0,986.2,1012.8,981.3,986.2,120597000,1084.8,887.6,1102.5,649.1,1010.8,1,1,1010.7,688,4,1010.6,395,7,1010.5,640,9,1010.4,656,11,1011.0,56,1,1011.1,156,2,1011.2,1028,9,1011.3,869,12,1011.4,810,12
317,2025-11-26 14:40:27+05:30,1010.7,84,1002.23,8204358,394833.0,439447.0,986.2,1012.8,981.3,986.2,120597000,1084.8,887.6,1102.5,649.1,1010.8,1,1,1010.7,688,4,1010.6,395,7,1010.5,640,9,1010.4,656,11,1011.0,56,1,1011.1,156,2,1011.2,1028,9,1011.3,882,13,1011.4,810,12
317,2025-11-26 14:40:28+05:30,1010.7,84,1002.23,8204358,394814.0,439813.0,986.2,1012.8,981.3,986.2,120597000,1084.8,887.6,1102.5,649.1,1010.8,1,1,1010.7,688,4,1010.6,325,6,1010.5,643,9,1010.4,630,9,1011.0,56,1,1011.1,452,5,1011.2,1082,10,1011.3,908,15,1011.4,734,9
317,2025-11-26 14:40:29+05:30,1011.0,2,1002.23,8204358,394814.0,439813.0,986.2,1012.8,981.3,986.2,120597000,1084.8,887.6,1102.5,649.1,1010.8,1,1,1010.7,688,4,1010.6,325,6,1010.5,643,9,1010.4,630,9,1011.0,56,1,1011.1,452,5,1011.2,1082,10,1011.3,908,15,1011.4,734,9
317,2025-11-26 14:40:29+05:30,1011.0,2,1002.23,8204360,394770.0,439838.0,986.2,1012.8,981.3,986.2,120597000,1084.8,887.6,1102.5,649.1,1010.8,1,1,1010.7,683,3,1010.6,215,4,1010.5,753,11,1010.4,635,10,1011.0,54,1,1011.1,503,6,1011.2,1063,10,1011.3,908,15,1011.4,734,9
317,2025-11-26 14:40:30+05:30,1011.0,26,1002.23,8204360,394770.0,439838.0,986.2,1012.8,981.3,986.2,120597000,1084.8,887.6,1102.5,649.1,1010.8,1,1,1010.7,683,3,1010.6,215,4,1010.5,753,11,1010.4,635,10,1011.0,54,1,1011.1,503,6,1011.2,1063,10,1011.3,908,15,1011.4,734,9
317,2025-11-26 14:40:30+05:30,1010.7,1,1002.23,8204452,393412.0,439439.0,986.2,1012.8,981.3,986.2,120597000,1084.8,887.6,1102.5,649.1,1010.7,656,3,1010.6,285,5,1010.5,1193,11,1010.4,715,13,1010.3,800,12,1011.1,131,3,1011.2,845,8,1011.3,1008,15,1011.4,734,9,1011.5,1695,17
317,2025-11-26 14:40:31+05:30,1011.1,1,1002.23,8204452,393412.0,439439.0,986.2,1012.8,981.3,986.2,120597000,1084.8,887.6,1102.5,649.1,1010.7,656,3,1010.6,285,5,1010.5,1193,11,1010.4,715,13,1010.3,800,12,1011.1,131,3,1011.2,845,8,1011.3,1008,15,1011.4,734,9,1011.5,1695,17
317,2025-11-26 14:40:31+05:30,1011.1,1,1002.23,8204453,393531.0,439502.0,986.2,1012.8,981.3,986.2,120597000,1084.8,887.6,1102.5,649.1,1010.7,683,5,1010.6,338,6,1010.5,1140,10,1010.4,715,13,1010.3,827,13,1011.1,131,4,1011.2,877,9,1011.3,1008,15,1011.4,765,10,1011.5,1695,17
317,2025-11-26 14:40:32+05:30,1011.1,5,1002.23,8204462,393578.0,439649.0,986.2,1012.8,981.3,986.2,120597000,1084.8,887.6,1102.5,649.1,1010.7,696,6,1010.6,285,5,1010.5,693,10,1010.4,691,13,1010.3,1332,14,1011.1,253,9,1011.2,899,9,1011.3,990,13,1011.4,765,10,1011.5,2445,18
317,2025-11-26 14:40:33+05:30,1011.1,23,1002.23,8204462,393578.0,439649.0,986.2,1012.8,981.3,986.2,120597000,1084.8,887.6,1102.5,649.1,1010.7,696,6,1010.6,285,5,1010.5,693,10,1010.4,691,13,1010.3,1332,14,1011.1,253,9,1011.2,899,9,1011.3,990,13,1011.4,765,10,1011.5,2445,18
317,2025-11-26 14:40:33+05:30,1011.1,23,1002.23,8204485,395325.0,440427.0,986.2,1012.8,981.3,986.2,120597000,1084.8,887.6,1102.5,649.1,1010.7,696,6,1010.6,107,3,1010.5,693,10,1010.4,744,14,1010.3,1267,13,1010.8,41,1,1011.0,5,1,1011.1,339,11,1011.2,1149,13,1011.3,990,13
317,2025-11-26 14:40:34+05:30,1010.8,12,1002.23,8204485,395325.0,440427.0,986.2,1012.8,981.3,986.2,120597000,1084.8,887.6,1102.5,649.1,1010.7,696,6,1010.6,107,3,1010.5,693,10,1010.4,744,14,1010.3,1267,13,1010.8,41,1,1011.0,5,1,1011.1,339,11,1011.2,1149,13,1011.3,990,13
317,2025-11-26 14:40:34+05:30,1010.8,12,1002.23,8204499,395492.0,441654.0,986.2,1012.8,981.3,986.2,120597000,1084.8,887.6,1102.5,649.1,1010.7,696,6,1010.6,17,2,1010.5,486,7,1010.4,634,15,1010.3,714,9,1010.8,30,2,1011.0,1040,9,1011.1,914,18,1011.2,461,8,1011.3,1043,14
317,2025-11-26 14:40:35+05:30,1010.8,2,1002.23,8204499,395492.0,441654.0,986.2,1012.8,981.3,986.2,120597000,1084.8,887.6,1102.5,649.1,1010.7,696,6,1010.6,17,2,1010.5,486,7,1010.4,634,15,1010.3,714,9,1010.8,30,2,1011.0,1040,9,1011.1,914,18,1011.2,461,8,1011.3,1043,14
317,2025-11-26 14:40:36+05:30,1010.8,1,1002.23,8204522,395659.0,440871.0,986.2,1012.8,981.3,986.2,120597000,1084.8,887.6,1102.5,649.1,1010.7,696,6,1010.6,87,3,1010.5,638,9,1010.4,789,17,1010.3,1220,10,1010.8,7,2,1011.0,841,4,1011.1,658,14,1011.2,622,13,1011.3,1043,14
317,2025-11-26 14:40:36+05:30,1010.8,1,1002.23,8204522,395659.0,440871.0,986.2,1012.8,981.3,986.2,120597000,1084.8,887.6,1102.5,649.1,1010.7,696,6,1010.6,87,3,1010.5,638,9,1010.4,789,17,1010.3,1220,10,1010.8,7,2,1011.0,841,4,1011.1,658,14,1011.2,622,13,1011.3,1043,14
317,2025-11-26 14:40:37+05:30,1010.8,1,1002.23,8204522,395729.0,440800.0,986.2,1012.8,981.3,986.2,120597000,1084.8,887.6,1102.5,649.1,1010.7,696,6,1010.6,157,4,1010.5,638,9,1010.4,789,17,1010.3,1220,10,1010.8,7,2,1011.0,256,3,1011.1,1163,15,1011.2,622,13,1011.3,1043,14
317,2025-11-26 14:40:38+05:30,1010.7,71,1002.23,8205093,394155.0,440361.0,986.2,1012.8,981.3,986.2,120597000,1084.8,887.6,1102.5,649.1,1010.7,625,6,1010.6,17,2,1010.5,563,8,1010.4,710,12,1010.3,1349,15,1011.0,60,3,1011.1,1094,14,1011.2,581,9,1011.3,936,12,1011.4,878,15
317,2025-11-26 14:40:38+05:30,1011.0,29,1002.23,8205093,394155.0,440361.0,986.2,1012.8,981.3,986.2,120597000,1084.8,887.6,1102.5,649.1,1010.7,625,6,1010.6,17,2,1010.5,563,8,1010.4,710,12,1010.3,1349,15,1011.0,60,3,1011.1,1094,14,1011.2,581,9,1011.3,936,12,1011.4,878,15
317,2025-11-26 14:40:38+05:30,1011.0,29,1002.23,8205182,394606.0,440427.0,986.2,1012.8,981.3,986.2,120597000,1084.8,887.6,1102.5,649.1,1010.8,1,1,1010.7,625,6,1010.6,292,5,1010.5,486,7,1010.4,710,12,1010.9,1,1,1011.0,81,2,1011.1,446,11,1011.2,1125,11,1011.3,941,12
317,2025-11-26 14:40:39+05:30,1010.9,1,1002.23,8205182,394606.0,440427.0,986.2,1012.8,981.3,986.2,120597000,1084.8,887.6,1102.5,649.1,1010.8,1,1,1010.7,625,6,1010.6,292,5,1010.5,486,7,1010.4,710,12,1010.9,1,1,1011.0,81,2,1011.1,446,11,1011.2,1125,11,1011.3,941,12
317,2025-11-26 14:40:40+05:30,1010.9,1,1002.23,8205184,394203.0,439906.0,986.2,1012.8,981.3,986.2,120597000,1084.8,887.6,1102.5,649.1,1010.8,2,1,1010.7,625,6,1010.6,17,2,1010.5,495,6,1010.4,595,11,1010.9,59,3,1011.0,106,3,1011.1,528,12,1011.2,581,9,1011.3,941,12
317,2025-11-26 14:40:40+05:30,1010.9,1,1002.23,8205184,394203.0,439906.0,986.2,1012.8,981.3,986.2,120597000,1084.8,887.6,1102.5,649.1,1010.8,2,1,1010.7,625,6,1010.6,17,2,1010.5,495,6,1010.4,595,11,1010.9,59,3,1011.0,106,3,1011.1,528,12,1011.2,581,9,1011.3,941,12
317,2025-11-26 14:40:41+05:30,1010.9,2,1002.23,8205187,394325.0,440532.0,986.2,1012.8,981.3,986.2,120597000,1084.8,887.6,1102.5,649.1,1010.8,31,3,1010.7,601,4,1010.6,17,2,1010.5,495,6,1010.4,595,11,1010.9,26,2,1011.0,53,2,1011.1,1081,13,1011.2,645,10,1011.3,941,12
317,2025-11-26 14:40:41+05:30,1010.9,1,1002.23,8205187,394325.0,440532.0,986.2,1012.8,981.3,986.2,120597000,1084.8,887.6,1102.5,649.1,1010.8,31,3,1010.7,601,4,1010.6,17,2,1010.5,495,6,1010.4,595,11,1010.9,26,2,1011.0,53,2,1011.1,1081,13,1011.2,645,10,1011.3,941,12
317,2025-11-26 14:40:42+05:30,1010.8,8,1002.23,8205198,394217.0,440822.0,986.2,1012.8,981.3,986.2,120597000,1084.8,887.6,1102.5,649.1,1010.8,23,3,1010.7,601,4,1010.6,17,2,1010.5,395,5,1010.4,595,11,1010.9,93,3,1011.0,157,4,1011.1,1037,11,1011.2,546,8,1011.3,941,12
317,2025-11-26 14:40:42+05:30,1010.8,8,1002.23,8205198,394217.0,440822.0,986.2,1012.8,981.3,986.2,120597000,1084.8,887.6,1102.5,649.1,1010.8,23,3,1010.7,601,4,1010.6,17,2,1010.5,395,5,1010.4,595,11,1010.9,93,3,1011.0,157,4,1011.1,1037,11,1011.2,546,8,1011.3,941,12
317,2025-11-26 14:40:43+05:30,1010.9,5,1002.23,8205207,394227.0,440764.0,986.2,1012.8,981.3,986.2,120597000,1084.8,887.6,1102.5,649.1,1010.8,36,4,1010.7,601,4,1010.6,17,2,1010.5,395,5,1010.4,595,11,1010.9,87,5,1011.0,42,2,1011.1,1100,11,1011.2,546,8,1011.3,941,12
317,2025-11-26 14:40:43+05:30,1010.9,7,1002.23,8205207,394227.0,440764.0,986.2,1012.8,981.3,986.2,120597000,1084.8,887.6,1102.5,649.1,1010.8,36,4,1010.7,601,4,1010.6,17,2,1010.5,395,5,1010.4,595,11,1010.9,87,5,1011.0,42,2,1011.1,1100,11,1011.2,546,8,1011.3,941,12
317,2025-11-26 14:40:44+05:30,1010.9,56,1002.23,8205675,394387.0,440458.0,986.2,1012.8,981.3,986.2,120597000,1084.8,887.6,1102.5,649.1,1010.8,5,1,1010.7,601,4,1010.6,17,2,1010.5,460,6,1010.4,728,13,1010.9,13,2,1011.0,47,3,1011.1,830,7,1011.2,616,9,1011.3,1060,13
317,2025-11-26 14:40:44+05:30,1010.9,3,1002.23,8205675,394387.0,440458.0,986.2,1012.8,981.3,986.2,120597000,1084.8,887.6,1102.5,649.1,1010.8,5,1,1010.7,601,4,1010.6,17,2,1010.5,460,6,1010.4,728,13,1010.9,13,2,1011.0,47,3,1011.1,830,7,1011.2,616,9,1011.3,1060,13
317,2025-11-26 14:40:45+05:30,1010.9,3,1002.23,8205678,394387.0,440782.0,986.2,1012.8,981.3,986.2,120597000,1084.8,887.6,1102.5,649.1,1010.8,5,1,1010.7,601,4,1010.6,17,2,1010.5,460,6,1010.4,728,13,1010.9,13,3,1011.0,345,5,1011.1,1036,9,1011.2,616,9,1011.3,996,12
317,2025-11-26 14:40:45+05:30,1010.9,2,1002.23,8205678,394387.0,440782.0,986.2,1012.8,981.3,986.2,120597000,1084.8,887.6,1102.5,649.1,1010.8,5,1,1010.7,601,4,1010.6,17,2,1010.5,460,6,1010.4,728,13,1010.9,13,3,1011.0,345,5,1011.1,1036,9,1011.2,616,9,1011.3,996,12
317,2025-11-26 14:40:46+05:30,1010.9,1,1002.23,8205684,394453.0,440778.0,986.2,1012.8,981.3,986.2,120597000,1084.8,887.6,1102.5,649.1,1010.8,2,1,1010.7,601,4,1010.6,151,3,1010.5,460,6,1010.4,728,13,1010.9,9,2,1011.0,345,5,1011.1,1036,9,1011.2,616,9,1011.3,996,12
317,2025-11-26 14:40:46+05:30,1010.9,1,1002.23,8205684,394453.0,440778.0,986.2,1012.8,981.3,986.2,120597000,1084.8,887.6,1102.5,649.1,1010.8,2,1,1010.7,601,4,1010.6,151,3,1010.5,460,6,1010.4,728,13,1010.9,9,2,1011.0,345,5,1011.1,1036,9,1011.2,616,9,1011.3,996,12
317,2025-11-26 14:40:47+05:30,1010.9,4,1002.23,8205689,394438.0,440834.0,986.2,1012.8,981.3,986.2,120597000,1084.8,887.6,1102.5,649.1,1010.8,2,1,1010.7,601,4,1010.6,151,3,1010.5,460,6,1010.4,728,13,1010.9,105,4,1011.0,298,5,1011.1,494,8,1011.2,616,9,1011.3,996,12
317,2025-11-26 14:40:47+05:30,1010.9,4,1002.23,8205689,394438.0,440834.0,986.2,1012.8,981.3,986.2,120597000,1084.8,887.6,1102.5,649.1,1010.8,2,1,1010.7,601,4,1010.6,151,3,1010.5,460,6,1010.4,728,13,1010.9,105,4,1011.0,298,5,1011.1,494,8,1011.2,616,9,1011.3,996,12
317,2025-11-26 14:40:48+05:30,1010.8,20,1002.23,8205709,394509.0,441066.0,986.2,1012.8,981.3,986.2,120597000,1084.8,887.6,1102.5,649.1,1010.8,10,2,1010.7,601,4,1010.6,17,2,1010.5,1021,7,1010.4,664,12,1010.9,105,4,1011.0,298,5,1011.1,494,8,1011.2,616,9,1011.3,1198,13
317,2025-11-26 14:40:48+05:30,1010.8,20,1002.23,8205709,394509.0,441066.0,986.2,1012.8,981.3,986.2,120597000,1084.8,887.6,1102.5,649.1,1010.8,10,2,1010.7,601,4,1010.6,17,2,1010.5,1021,7,1010.4,664,12,1010.9,105,4,1011.0,298,5,1011.1,494,8,1011.2,616,9,1011.3,1198,13
317,2025-11-26 14:40:49+05:30,1010.7,25,1002.23,8205736,394625.0,440815.0,986.2,1012.8,981.3,986.2,120597000,1084.8,887.6,1102.5,649.1,1010.7,576,4,1010.6,153,4,1010.5,1159,11,1010.4,600,11,1010.3,949,17,1010.9,169,3,1011.0,348,6,1011.1,430,7,1011.2,616,9,1011.3,1262,14
317,2025-11-26 14:40:49+05:30,1010.7,25,1002.23,8205736,394625.0,440815.0,986.2,1012.8,981.3,986.2,120597000,1084.8,887.6,1102.5,649.1,1010.7,576,4,1010.6,153,4,1010.5,1159,11,1010.4,600,11,1010.3,949,17,1010.9,169,3,1011.0,348,6,1011.1,430,7,1011.2,616,9,1011.3,1262,14
317,2025-11-26 14:40:50+05:30,1010.7,25,1002.23,8205736,394625.0,440865.0,986.2,1012.8,981.3,986.2,120597000,1084.8,887.6,1102.5,649.1,1010.7,573,3,1010.6,153,4,1010.5,1159,11,1010.4,603,12,1010.3,949,17,1010.9,170,4,1011.0,348,6,1011.1,430,7,1011.2,1548,10,1011.3,1291,15
317,2025-11-26 14:40:50+05:30,1010.9,1,1002.23,8205736,394625.0,440865.0,986.2,1012.8,981.3,986.2,120597000,1084.8,887.6,1102.5,649.1,1010.7,573,3,1010.6,153,4,1010.5,1159,11,1010.4,603,12,1010.3,949,17,1010.9,170,4,1011.0,348,6,1011.1,430,7,1011.2,1548,10,1011.3,1291,15
317,2025-11-26 14:40:51+05:30,1010.9,1,1002.23,8205738,394694.0,440838.0,986.2,1012.8,981.3,986.2,120597000,1084.8,887.6,1102.5,649.1,1010.7,573,3,1010.6,222,5,1010.5,1159,11,1010.4,603,12,1010.3,949,17,1010.9,169,4,1011.0,348,6,1011.1,445,8,1011.2,1536,8,1011.3,1262,14
317,2025-11-26 14:40:51+05:30,1010.9,1,1002.23,8205738,394694.0,440838.0,986.2,1012.8,981.3,986.2,120597000,1084.8,887.6,1102.5,649.1,1010.7,573,3,1010.6,222,5,1010.5,1159,11,1010.4,603,12,1010.3,949,17,1010.9,169,4,1011.0,348,6,1011.1,445,8,1011.2,1536,8,1011.3,1262,14
317,2025-11-26 14:40:52+05:30,1010.9,55,1002.23,8205798,395531.0,440534.0,986.2,1012.8,981.3,986.2,120597000,1084.8,887.6,1102.5,649.1,1010.7,573,3,1010.6,260,6,1010.5,1153,11,1010.4,603,12,1010.3,949,17,1010.9,114,4,1011.0,448,7,1011.1,507,8,1011.2,1536,8,1011.3,1262,14
317,2025-11-26 14:40:52+05:30,1010.9,55,1002.23,8205798,395531.0,440534.0,986.2,1012.8,981.3,986.2,120597000,1084.8,887.6,1102.5,649.1,1010.7,573,3,1010.6,260,6,1010.5,1153,11,1010.4,603,12,1010.3,949,17,1010.9,114,4,1011.0,448,7,1011.1,507,8,1011.2,1536,8,1011.3,1262,14
317,2025-11-26 14:40:53+05:30,1010.9,23,1002.23,8205830,394781.0,440440.0,986.2,1012.8,981.3,986.2,120597000,1084.8,887.6,1102.5,649.1,1010.7,573,3,1010.6,260,6,1010.5,1153,11,1010.4,603,12,1010.3,949,17,1010.9,90,5,1011.0,448,7,1011.1,393,7,1011.2,1536,8,1011.3,1262,14
317,2025-11-26 14:40:53+05:30,1010.9,23,1002.23,8205830,394781.0,440440.0,986.2,1012.8,981.3,986.2,120597000,1084.8,887.6,1102.5,649.1,1010.7,573,3,1010.6,260,6,1010.5,1153,11,1010.4,603,12,1010.3,949,17,1010.9,90,5,1011.0,448,7,1011.1,393,7,1011.2,1536,8,1011.3,1262,14
317,2025-11-26 14:40:54+05:30,1010.8,1,1002.23,8205831,396507.0,437919.0,986.2,1012.8,981.3,986.2,120597000,1084.8,887.6,1102.5,649.1,1010.7,715,4,1010.6,376,8,1010.5,1170,12,1010.4,603,12,1010.3,781,14,1010.8,104,3,1010.9,22,4,1011.0,408,6,1011.1,184,3,1011.2,1330,6
317,2025-11-26 14:40:54+05:30,1010.8,1,1002.23,8205831,396507.0,437919.0,986.2,1012.8,981.3,986.2,120597000,1084.8,887.6,1102.5,649.1,1010.7,715,4,1010.6,376,8,1010.5,1170,12,1010.4,603,12,1010.3,781,14,1010.8,104,3,1010.9,22,4,1011.0,408,6,1011.1,184,3,1011.2,1330,6
317,2025-11-26 14:40:55+05:30,1010.8,4,1002.23,8205837,396775.0,437645.0,986.2,1012.8,981.3,986.2,120597000,1084.8,887.6,1102.5,649.1,1010.7,587,5,1010.6,444,9,1010.5,1144,10,1010.4,603,12,1010.3,949,17,1010.8,98,3,1010.9,22,4,1011.0,408,6,1011.1,69,2,1011.2,1356,8
317,2025-11-26 14:40:55+05:30,1010.8,4,1002.23,8205837,396775.0,437645.0,986.2,1012.8,981.3,986.2,120597000,1084.8,887.6,1102.5,649.1,1010.7,587,5,1010.6,444,9,1010.5,1144,10,1010.4,603,12,1010.3,949,17,1010.8,98,3,1010.9,22,4,1011.0,408,6,1011.1,69,2,1011.2,1356,8
317,2025-11-26 14:40:56+05:30,1010.8,3,1002.23,8205837,396775.0,437645.0,986.2,1012.8,981.3,986.2,120597000,1084.8,887.6,1102.5,649.1,1010.7,587,5,1010.6,444,9,1010.5,1144,10,1010.4,603,12,1010.3,949,17,1010.8,98,3,1010.9,22,4,1011.0,408,6,1011.1,69,2,1011.2,1356,8
317,2025-11-26 14:40:56+05:30,1010.7,9,1002.23,8205877,396495.0,437623.0,986.2,1012.8,981.3,986.2,120597000,1084.8,887.6,1102.5,649.1,1010.7,578,5,1010.6,386,8,1010.5,1203,12,1010.4,603,12,1010.3,857,16,1010.8,80,3,1010.9,21,3,1011.0,408,6,1011.1,69,2,1011.2,1356,8
317,2025-11-26 14:40:57+05:30,1010.7,9,1002.23,8205877,396495.0,437623.0,986.2,1012.8,981.3,986.2,120597000,1084.8,887.6,1102.5,649.1,1010.7,578,5,1010.6,386,8,1010.5,1203,12,1010.4,603,12,1010.3,857,16,1010.8,80,3,1010.9,21,3,1011.0,408,6,1011.1,69,2,1011.2,1356,8
317,2025-11-26 14:40:57+05:30,1010.7,9,1002.23,8205877,396495.0,437615.0,986.2,1012.8,981.3,986.2,120597000,1084.8,887.6,1102.5,649.1,1010.7,578,5,1010.6,386,8,1010.5,1203,12,1010.4,603,12,1010.3,857,16,1010.8,80,3,1010.9,21,3,1011.0,408,6,1011.1,69,2,1011.2,1356,8
317,2025-11-26 14:40:58+05:30,1010.8,1,1002.23,8205877,396495.0,437615.0,986.2,1012.8,981.3,986.2,120597000,1084.8,887.6,1102.5,649.1,1010.7,578,5,1010.6,386,8,1010.5,1203,12,1010.4,603,12,1010.3,857,16,1010.8,80,3,1010.9,21,3,1011.0,408,6,1011.1,69,2,1011.2,1356,8
317,2025-11-26 14:40:58+05:30,1010.8,1,1002.23,8205949,396914.0,437606.0,986.2,1012.8,981.3,986.2,120597000,1084.8,887.6,1102.5,649.1,1010.7,507,5,1010.6,386,8,1010.5,1203,12,1010.4,603,12,1010.3,857,16,1010.8,79,3,1010.9,13,2,1011.0,408,6,1011.1,211,3,1011.2,1356,8
317,2025-11-26 14:40:59+05:30,1010.8,20,1002.23,8205949,396914.0,437606.0,986.2,1012.8,981.3,986.2,120597000,1084.8,887.6,1102.5,649.1,1010.7,507,5,1010.6,386,8,1010.5,1203,12,1010.4,603,12,1010.3,857,16,1010.8,79,3,1010.9,13,2,1011.0,408,6,1011.1,211,3,1011.2,1356,8
317,2025-11-26 14:40:59+05:30,1010.8,20,1002.23,8206404,396526.0,436586.0,986.2,1012.8,981.3,986.2,120597000,1084.8,887.6,1102.5,649.1,1010.8,9,1,1010.7,110,5,1010.6,670,6,1010.5,748,13,1010.4,629,14,1010.9,13,2,1011.0,403,5,1011.1,69,2,1011.2,1273,5,1011.3,667,12
317,2025-11-26 14:41:00+05:30,1010.9,1,1002.23,8206404,396526.0,436586.0,986.2,1012.8,981.3,986.2,120597000,1084.8,887.6,1102.5,649.1,1010.8,9,1,1010.7,110,5,1010.6,670,6,1010.5,748,13,1010.4,629,14,1010.9,13,2,1011.0,403,5,1011.1,69,2,1011.2,1273,5,1011.3,667,12
317,2025-11-26 14:41:00+05:30,1010.8,9,1002.23,8206416,394829.0,436531.0,986.2,1012.8,981.3,986.2,120597000,1084.8,887.6,1102.5,649.1,1010.8,12,3,1010.7,847,4,1010.6,758,8,1010.5,679,11,1010.4,571,11,1010.9,11,3,1011.0,403,5,1011.1,69,2,1011.2,1273,5,1011.3,1039,15
317,2025-11-26 14:41:01+05:30,1010.9,1,1002.23,8206416,394829.0,436531.0,986.2,1012.8,981.3,986.2,120597000,1084.8,887.6,1102.5,649.1,1010.8,12,3,1010.7,847,4,1010.6,758,8,1010.5,679,11,1010.4,571,11,1010.9,11,3,1011.0,403,5,1011.1,69,2,1011.2,1273,5,1011.3,1039,15
317,2025-11-26 14:41:01+05:30,1010.9,1,1002.23,8206417,395692.0,436705.0,986.2,1012.8,981.3,986.2,120597000,1084.8,887.6,1102.5,649.1,1010.8,15,4,1010.7,881,5,1010.6,704,7,1010.5,650,9,1010.4,625,12,1010.9,11,4,1011.0,441,6,1011.1,69,2,1011.2,1407,9,1011.3,1041,14
317,2025-11-26 14:41:02+05:30,1010.9,1,1002.23,8206417,395692.0,436705.0,986.2,1012.8,981.3,986.2,120597000,1084.8,887.6,1102.5,649.1,1010.8,15,4,1010.7,881,5,1010.6,704,7,1010.5,650,9,1010.4,625,12,1010.9,11,4,1011.0,441,6,1011.1,69,2,1011.2,1435,10,1011.3,1013,13
317,2025-11-26 14:41:03+05:30,1011.1,114,1002.23,8206417,395692.0,436705.0,986.2,1012.8,981.3,986.2,120597000,1084.8,887.6,1102.5,649.1,1010.8,15,4,1010.7,881,5,1010.6,704,7,1010.5,650,9,1010.4,625,12,1010.9,11,4,1011.0,441,6,1011.1,69,2,1011.2,1435,10,1011.3,1013,13
317,2025-11-26 14:41:03+05:30,1011.1,114,1002.23,8207194,396485.0,435039.0,986.2,1012.8,981.3,986.2,120597000,1084.8,887.6,1102.5,649.1,1010.9,3,1,1010.8,15,4,1010.7,1438,12,1010.6,1057,11,1010.5,664,10,1011.1,15,1,1011.2,962,2,1011.3,428,6,1011.4,612,9,1011.5,996,17
317,2025-11-26 14:41:04+05:30,1010.9,4,1002.23,8207194,396485.0,435039.0,986.2,1012.8,981.3,986.2,120597000,1084.8,887.6,1102.5,649.1,1010.9,3,1,1010.8,15,4,1010.7,1438,12,1010.6,1057,11,1010.5,664,10,1011.1,15,1,1011.2,962,2,1011.3,428,6,1011.4,612,9,1011.5,996,17
317,2025-11-26 14:41:04+05:30,1010.9,4,1002.23,8207515,396379.0,435041.0,986.2,1012.8,981.3,986.2,120597000,1084.8,887.6,1102.5,649.1,1010.9,22,1,1010.8,15,4,1010.7,1296,11,1010.6,577,10,1010.5,664,10,1011.2,965,3,1011.3,269,5,1011.4,1402,12,1011.5,738,16,1011.6,668,10
317,2025-11-26 14:41:05+05:30,1010.9,7,1002.23,8207515,396379.0,435041.0,986.2,1012.8,981.3,986.2,120597000,1084.8,887.6,1102.5,649.1,1010.9,22,1,1010.8,15,4,1010.7,1296,11,1010.6,577,10,1010.5,664,10,1011.2,965,3,1011.3,269,5,1011.4,1402,12,1011.5,738,16,1011.6,668,10
317,2025-11-26 14:41:05+05:30,1010.9,7,1002.23,8207566,396842.0,435157.0,986.2,1012.8,981.3,986.2,120597000,1084.8,887.6,1102.5,649.1,1010.9,15,1,1010.8,4,2,1010.7,1117,9,1010.6,510,9,1010.5,703,11,1011.0,2,1,1011.2,963,3,1011.3,428,7,1011.4,1402,12,1011.5,744,17
317,2025-11-26 14:41:06+05:30,1011.0,1,1002.23,8207566,396842.0,435157.0,986.2,1012.8,981.3,986.2,120597000,1084.8,887.6,1102.5,649.1,1010.9,15,1,1010.8,4,2,1010.7,1117,9,1010.6,510,9,1010.5,703,11,1011.0,2,1,1011.2,963,3,1011.3,428,7,1011.4,1402,12,1011.5,744,17
317,2025-11-26 14:41:06+05:30,1011.0,1,1002.23,8207567,397063.0,435076.0,986.2,1012.8,981.3,986.2,120597000,1084.8,887.6,1102.5,649.1,1010.9,22,2,1010.8,75,4,1010.7,1222,10,1010.6,523,9,1010.5,703,11,1011.0,1,1,1011.2,968,4,1011.3,374,6,1011.4,1402,12,1011.5,795,18
317,2025-11-26 14:41:07+05:30,1011.0,1,1002.23,8207567,397171.0,434614.0,986.2,1012.8,981.3,986.2,120597000,1084.8,887.6,1102.5,649.1,1010.9,22,2,1010.8,75,4,1010.7,1222,10,1010.6,523,9,1010.5,703,11,1011.0,1,1,1011.2,968,4,1011.3,374,6,1011.4,607,10,1011.5,1096,20
317,2025-11-26 14:41:08+05:30,1010.9,1,1002.23,8207568,397158.0,434614.0,986.2,1012.8,981.3,986.2,120597000,1084.8,887.6,1102.5,649.1,1010.9,22,3,1010.8,134,4,1010.7,1222,10,1010.6,523,9,1010.5,1215,12,1011.0,1,1,1011.2,968,4,1011.3,374,6,1011.4,607,10,1011.5,1096,20
317,2025-11-26 14:41:09+05:30,1011.0,1,1002.23,8207568,397158.0,434614.0,986.2,1012.8,981.3,986.2,120597000,1084.8,887.6,1102.5,649.1,1010.9,22,3,1010.8,134,4,1010.7,1222,10,1010.6,523,9,1010.5,1215,12,1011.0,1,1,1011.2,968,4,1011.3,374,6,1011.4,607,10,1011.5,1096,20
317,2025-11-26 14:41:09+05:30,1011.0,1,1002.23,8207569,396965.0,435393.0,986.2,1012.8,981.3,986.2,120597000,1084.8,887.6,1102.5,649.1,1011.0,1,1,1010.9,29,5,1010.8,68,3,1010.7,1230,9,1010.6,614,9,1011.2,963,3,1011.3,816,6,1011.4,631,10,1011.5,1055,20,1011.6,655,9
317,2025-11-26 14:41:10+05:30,1011.2,1,1002.23,8207569,396965.0,435393.0,986.2,1012.8,981.3,986.2,120597000,1084.8,887.6,1102.5,649.1,1011.0,1,1,1010.9,29,5,1010.8,68,3,1010.7,1230,9,1010.6,614,9,1011.2,963,3,1011.3,816,6,1011.4,631,10,1011.5,1055,20,1011.6,655,9
317,2025-11-26 14:41:10+05:30,1011.2,1,1002.23,8207571,397137.0,435330.0,986.2,1012.8,981.3,986.2,120597000,1084.8,887.6,1102.5,649.1,1011.0,102,3,1010.9,25,5,1010.8,884,5,1010.7,554,9,1010.6,614,9,1011.2,961,3,1011.3,645,3,1011.4,498,7,1011.5,1268,23,1011.6,677,10
317,2025-11-26 14:41:11+05:30,1011.2,2,1002.23,8207571,397137.0,435330.0,986.2,1012.8,981.3,986.2,120597000,1084.8,887.6,1102.5,649.1,1011.0,102,3,1010.9,25,5,1010.8,884,5,1010.7,554,9,1010.6,614,9,1011.2,961,3,1011.3,645,3,1011.4,498,7,1011.5,1268,23,1011.6,677,10
317,2025-11-26 14:41:11+05:30,1011.2,2,1002.23,8207575,397150.0,435462.0,986.2,1012.8,981.3,986.2,120597000,1084.8,887.6,1102.5,649.1,1011.0,107,3,1010.9,25,5,1010.8,884,5,1010.7,554,9,1010.6,614,9,1011.2,957,3,1011.3,645,3,1011.4,616,9,1011.5,1268,23,1011.6,677,10
317,2025-11-26 14:41:12+05:30,1011.0,37,1002.23,8207575,397150.0,435462.0,986.2,1012.8,981.3,986.2,120597000,1084.8,887.6,1102.5,649.1,1011.0,107,3,1010.9,25,5,1010.8,884,5,1010.7,554,9,1010.6,614,9,1011.2,957,3,1011.3,645,3,1011.4,616,9,1011.5,1268,23,1011.6,677,10
317,2025-11-26 14:41:12+05:30,1011.0,37,1002.23,8207612,397746.0,435250.0,986.2,1012.8,981.3,986.2,120597000,1084.8,887.6,1102.5,649.1,1011.0,70,3,1010.9,25,5,1010.8,884,5,1010.7,554,9,1010.6,614,9,1011.1,1,1,1011.2,957,3,1011.3,98,2,1011.4,1192,11,1011.5,1228,22
317,2025-11-26 14:41:12+05:30,1011.0,37,1002.23,8207612,397746.0,435250.0,986.2,1012.8,981.3,986.2,120597000,1084.8,887.6,1102.5,649.1,1011.0,70,3,1010.9,25,5,1010.8,884,5,1010.7,554,9,1010.6,614,9,1011.1,1,1,1011.2,957,3,1011.3,98,2,1011.4,1192,11,1011.5,1228,22
317,2025-11-26 14:41:13+05:30,1011.1,3,1002.23,8207612,397746.0,435250.0,986.2,1012.8,981.3,986.2,120597000,1084.8,887.6,1102.5,649.1,1011.0,70,3,1010.9,25,5,1010.8,884,5,1010.7,554,9,1010.6,614,9,1011.1,1,1,1011.2,957,3,1011.3,98,2,1011.4,1192,11,1011.5,1228,22
317,2025-11-26 14:41:13+05:30,1011.1,3,1002.23,8207612,397746.0,435250.0,986.2,1012.8,981.3,986.2,120597000,1084.8,887.6,1102.5,649.1,1011.0,70,3,1010.9,25,5,1010.8,884,5,1010.7,554,9,1010.6,614,9,1011.1,1,1,1011.2,957,3,1011.3,98,2,1011.4,1192,11,1011.5,1228,22
317,2025-11-26 14:41:13+05:30,1011.0,50,1002.23,8207771,395791.0,436142.0,986.2,1012.8,981.3,986.2,120597000,1084.8,887.6,1102.5,649.1,1010.9,24,4,1010.8,68,3,1010.7,99,4,1010.6,1112,6,1010.5,973,8,1011.0,8,1,1011.1,196,2,1011.2,1315,9,1011.3,518,10,1011.4,1008,11
317,2025-11-26 14:41:13+05:30,1011.0,50,1002.23,8207771,395791.0,436142.0,986.2,1012.8,981.3,986.2,120597000,1084.8,887.6,1102.5,649.1,1010.9,24,4,1010.8,68,3,1010.7,99,4,1010.6,1112,6,1010.5,973,8,1011.0,8,1,1011.1,196,2,1011.2,1315,9,1011.3,518,10,1011.4,1008,11
317,2025-11-26 14:41:14+05:30,1010.9,13,1002.23,8207771,395791.0,436142.0,986.2,1012.8,981.3,986.2,120597000,1084.8,887.6,1102.5,649.1,1010.9,24,4,1010.8,68,3,1010.7,99,4,1010.6,1112,6,1010.5,973,8,1011.0,8,1,1011.1,196,2,1011.2,1315,9,1011.3,518,10,1011.4,1008,11
317,2025-11-26 14:41:14+05:30,1010.9,13,1002.23,8207771,395791.0,436142.0,986.2,1012.8,981.3,986.2,120597000,1084.8,887.6,1102.5,649.1,1010.9,24,4,1010.8,68,3,1010.7,99,4,1010.6,1112,6,1010.5,973,8,1011.0,8,1,1011.1,196,2,1011.2,1315,9,1011.3,518,10,1011.4,1008,11
317,2025-11-26 14:41:14+05:30,1010.9,13,1002.23,8207882,396295.0,435512.0,986.2,1012.8,981.3,986.2,120597000,1084.8,887.6,1102.5,649.1,1010.9,6,1,1010.8,68,3,1010.7,61,3,1010.6,1112,6,1010.5,1165,10,1011.0,3,1,1011.1,62,2,1011.2,1207,7,1011.3,492,8,1011.4,1034,13
317,2025-11-26 14:41:14+05:30,1010.9,13,1002.23,8207882,396295.0,435512.0,986.2,1012.8,981.3,986.2,120597000,1084.8,887.6,1102.5,649.1,1010.9,6,1,1010.8,68,3,1010.7,61,3,1010.6,1112,6,1010.5,1165,10,1011.0,3,1,1011.1,62,2,1011.2,1207,7,1011.3,492,8,1011.4,1034,13
317,2025-11-26 14:41:15+05:30,1010.9,13,1002.23,8207882,396295.0,435512.0,986.2,1012.8,981.3,986.2,120597000,1084.8,887.6,1102.5,649.1,1010.9,6,1,1010.8,68,3,1010.7,61,3,1010.6,1112,6,1010.5,1165,10,1011.0,3,1,1011.1,62,2,1011.2,1207,7,1011.3,492,8,1011.4,1034,13
317,2025-11-26 14:41:15+05:30,1011.0,2,1002.23,8207882,396295.0,435512.0,986.2,1012.8,981.3,986.2,120597000,1084.8,887.6,1102.5,649.1,1010.9,6,1,1010.8,68,3,1010.7,61,3,1010.6,1112,6,1010.5,1165,10,1011.0,3,1,1011.1,62,2,1011.2,1207,7,1011.3,492,8,1011.4,1034,13
317,2025-11-26 14:41:15+05:30,1011.0,2,1002.23,8207884,396295.0,436003.0,986.2,1012.8,981.3,986.2,120597000,1084.8,887.6,1102.5,649.1,1010.9,6,1,1010.8,68,3,1010.7,61,3,1010.6,1112,6,1010.5,1165,10,1011.0,2,2,1011.1,62,2,1011.2,1313,9,1011.3,941,8,1011.4,1034,13
317,2025-11-26 14:41:15+05:30,1011.0,2,1002.23,8207884,396295.0,436003.0,986.2,1012.8,981.3,986.2,120597000,1084.8,887.6,1102.5,649.1,1010.9,6,1,1010.8,68,3,1010.7,61,3,1010.6,1112,6,1010.5,1165,10,1011.0,2,2,1011.1,62,2,1011.2,1313,9,1011.3,941,8,1011.4,1034,13
317,2025-11-26 14:41:16+05:30,1011.0,2,1002.23,8207884,396295.0,436003.0,986.2,1012.8,981.3,986.2,120597000,1084.8,887.6,1102.5,649.1,1010.9,6,1,1010.8,68,3,1010.7,61,3,1010.6,1112,6,1010.5,1165,10,1011.0,2,2,1011.1,62,2,1011.2,1313,9,1011.3,941,8,1011.4,1034,13
317,2025-11-26 14:41:16+05:30,1011.0,1,1002.23,8207884,396295.0,436003.0,986.2,1012.8,981.3,986.2,120597000,1084.8,887.6,1102.5,649.1,1010.9,6,1,1010.8,68,3,1010.7,61,3,1010.6,1112,6,1010.5,1165,10,1011.0,2,2,1011.1,62,2,1011.2,1313,9,1011.3,941,8,1011.4,1034,13
317,2025-11-26 14:41:16+05:30,1011.0,1,1002.23,8207884,396295.0,436003.0,986.2,1012.8,981.3,986.2,120597000,1084.8,887.6,1102.5,649.1,1010.9,6,1,1010.8,68,3,1010.7,61,3,1010.6,1112,6,1010.5,1165,10,1011.0,2,2,1011.1,62,2,1011.2,1313,9,1011.3,941,8,1011.4,1034,13
317,2025-11-26 14:41:16+05:30,1011.0,1,1002.23,8207886,396773.0,436301.0,986.2,1012.8,981.3,986.2,120597000,1084.8,887.6,1102.5,649.1,1010.9,6,1,1010.8,68,3,1010.7,607,4,1010.6,1175,7,1010.5,619,9,1011.0,55,3,1011.1,120,3,1011.2,1313,9,1011.3,442,7,1011.4,1008,11
317,2025-11-26 14:41:16+05:30,1011.0,1,1002.23,8207886,396773.0,436301.0,986.2,1012.8,981.3,986.2,120597000,1084.8,887.6,1102.5,649.1,1010.9,6,1,1010.8,68,3,1010.7,607,4,1010.6,1175,7,1010.5,619,9,1011.0,55,3,1011.1,120,3,1011.2,1313,9,1011.3,442,7,1011.4,1008,11
317,2025-11-26 14:41:17+05:30,1011.0,1,1002.23,8207886,396773.0,436301.0,986.2,1012.8,981.3,986.2,120597000,1084.8,887.6,1102.5,649.1,1010.9,6,1,1010.8,68,3,1010.7,607,4,1010.6,1175,7,1010.5,619,9,1011.0,55,3,1011.1,120,3,1011.2,1313,9,1011.3,442,7,1011.4,1008,11
317,2025-11-26 14:41:17+05:30,1011.0,1,1002.23,8207886,396773.0,436301.0,986.2,1012.8,981.3,986.2,120593250,1084.8,887.6,1102.5,649.1,1010.9,6,1,1010.8,68,3,1010.7,607,4,1010.6,1175,7,1010.5,619,9,1011.0,55,3,1011.1,120,3,1011.2,1313,9,1011.3,442,7,1011.4,1008,11
317,2025-11-26 14:41:17+05:30,1011.0,1,1002.23,8207886,396023.0,436270.0,986.2,1012.8,981.3,986.2,120593250,1084.8,887.6,1102.5,649.1,1010.9,6,1,1010.8,68,3,1010.7,607,4,1010.6,1175,7,1010.5,619,9,1011.0,55,3,1011.1,120,3,1011.2,1255,8,1011.3,472,8,1011.4,1034,13
317,2025-11-26 14:41:17+05:30,1011.0,1,1002.23,8207886,396023.0,436270.0,986.2,1012.8,981.3,986.2,120593250,1084.8,887.6,1102.5,649.1,1010.9,6,1,1010.8,68,3,1010.7,607,4,1010.6,1175,7,1010.5,619,9,1011.0,55,3,1011.1,120,3,1011.2,1255,8,1011.3,472,8,1011.4,1034,13
317,2025-11-26 14:41:18+05:30,1011.0,1,1002.23,8207886,396023.0,436270.0,986.2,1012.8,981.3,986.2,120593250,1084.8,887.6,1102.5,649.1,1010.9,6,1,1010.8,68,3,1010.7,607,4,1010.6,1175,7,1010.5,619,9,1011.0,55,3,1011.1,120,3,1011.2,1255,8,1011.3,472,8,1011.4,1034,13
317,2025-11-26 14:41:18+05:30,1011.0,1,1002.23,8207887,396033.0,436217.0,986.2,1012.8,981.3,986.2,120593250,1084.8,887.6,1102.5,649.1,1010.9,6,1,1010.8,68,3,1010.7,607,4,1010.6,1175,7,1010.5,619,9,1011.0,122,4,1011.1,120,3,1011.2,1311,9,1011.3,442,7,1011.4,972,12
317,2025-11-26 14:41:19+05:30,1010.9,11,1002.23,8207887,396033.0,436217.0,986.2,1012.8,981.3,986.2,120593250,1084.8,887.6,1102.5,649.1,1010.9,6,1,1010.8,68,3,1010.7,607,4,1010.6,1175,7,1010.5,619,9,1011.0,122,4,1011.1,120,3,1011.2,1311,9,1011.3,442,7,1011.4,972,12
317,2025-11-26 14:41:19+05:30,1010.9,11,1002.23,8208048,396700.0,435420.0,986.2,1012.8,981.3,986.2,120593250,1084.8,887.6,1102.5,649.1,1010.9,7,1,1010.8,68,3,1010.7,1415,5,1010.6,413,7,1010.5,618,9,1011.0,120,3,1011.2,1114,6,1011.3,468,9,1011.4,1117,13,1011.5,1393,20
317,2025-11-26 14:41:20+05:30,1011.0,2,1002.23,8208048,396700.0,435420.0,986.2,1012.8,981.3,986.2,120593250,1084.8,887.6,1102.5,649.1,1010.9,7,1,1010.8,68,3,1010.7,1415,5,1010.6,413,7,1010.5,618,9,1011.0,120,3,1011.2,1114,6,1011.3,468,9,1011.4,1117,13,1011.5,1393,20
317,2025-11-26 14:41:20+05:30,1011.0,2,1002.23,8208050,396744.0,435446.0,986.2,1012.8,981.3,986.2,120593250,1084.8,887.6,1102.5,649.1,1010.9,7,1,1010.8,68,3,1010.7,1415,5,1010.6,413,7,1010.5,618,9,1011.0,118,3,1011.2,1064,5,1011.3,518,10,1011.4,1117,13,1011.5,1393,20
317,2025-11-26 14:41:21+05:30,1011.0,1,1002.23,8208050,396744.0,435446.0,986.2,1012.8,981.3,986.2,120593250,1084.8,887.6,1102.5,649.1,1010.9,7,1,1010.8,68,3,1010.7,1415,5,1010.6,413,7,1010.5,618,9,1011.0,118,3,1011.2,1064,5,1011.3,518,10,1011.4,1117,13,1011.5,1393,20
317,2025-11-26 14:41:21+05:30,1011.0,1,1002.23,8208051,396744.0,435424.0,986.2,1012.8,981.3,986.2,120593250,1084.8,887.6,1102.5,649.1,1010.9,7,1,1010.8,68,3,1010.7,1415,5,1010.6,413,7,1010.5,618,9,1011.0,118,4,1011.2,1064,5,1011.3,568,11,1011.4,1067,12,1011.5,1399,21
317,2025-11-26 14:41:22+05:30,1011.0,1,1002.23,8208051,396744.0,435424.0,986.2,1012.8,981.3,986.2,120593250,1084.8,887.6,1102.5,649.1,1010.9,7,1,1010.8,68,3,1010.7,1415,5,1010.6,413,7,1010.5,618,9,1011.0,118,4,1011.2,1064,5,1011.3,568,11,1011.4,1067,12,1011.5,1399,21
317,2025-11-26 14:41:22+05:30,1011.0,1,1002.23,8208102,396139.0,435494.0,986.2,1012.8,981.3,986.2,120593250,1084.8,887.6,1102.5,649.1,1010.8,68,3,1010.7,48,2,1010.6,1186,9,1010.5,1226,11,1010.4,1305,14,1011.0,117,4,1011.1,202,1,1011.2,1252,7,1011.3,518,10,1011.4,1093,14
317,2025-11-26 14:41:23+05:30,1010.8,3,1002.23,8208102,396139.0,435494.0,986.2,1012.8,981.3,986.2,120593250,1084.8,887.6,1102.5,649.1,1010.8,68,3,1010.7,48,2,1010.6,1186,9,1010.5,1226,11,1010.4,1305,14,1011.0,117,4,1011.1,202,1,1011.2,1252,7,1011.3,518,10,1011.4,1093,14
317,2025-11-26 14:41:23+05:30,1010.8,3,1002.23,8208140,396253.0,435592.0,986.2,1012.8,981.3,986.2,120593250,1084.8,887.6,1102.5,649.1,1010.8,68,3,1010.7,48,2,1010.6,1118,8,1010.5,668,10,1010.4,656,13,1010.9,9,1,1011.0,87,4,1011.1,806,3,1011.2,1308,8,1011.3,468,9
317,2025-11-26 14:41:24+05:30,1010.9,27,1002.23,8208140,396253.0,435592.0,986.2,1012.8,981.3,986.2,120593250,1084.8,887.6,1102.5,649.1,1010.8,68,3,1010.7,48,2,1010.6,1118,8,1010.5,668,10,1010.4,656,13,1010.9,9,1,1011.0,87,4,1011.1,806,3,1011.2,1308,8,1011.3,468,9
317,2025-11-26 14:41:24+05:30,1010.9,27,1002.23,8208251,395392.0,436377.0,986.2,1012.8,981.3,986.2,120593250,1084.8,887.6,1102.5,649.1,1010.9,22,1,1010.8,93,4,1010.7,48,2,1010.6,1014,7,1010.5,505,8,1011.0,128,5,1011.1,515,5,1011.2,1471,10,1011.3,535,10,1011.4,1093,14
317,2025-11-26 14:41:25+05:30,1011.0,2,1002.23,8208251,395392.0,436377.0,986.2,1012.8,981.3,986.2,120593250,1084.8,887.6,1102.5,649.1,1010.9,22,1,1010.8,93,4,1010.7,48,2,1010.6,1014,7,1010.5,505,8,1011.0,128,5,1011.1,515,5,1011.2,1471,10,1011.3,535,10,1011.4,1093,14
317,2025-11-26 14:41:25+05:30,1011.0,8,1002.23,8208277,395106.0,435682.0,986.2,1012.8,981.3,986.2,120593250,1084.8,887.6,1102.5,649.1,1010.9,22,1,1010.8,93,4,1010.7,48,2,1010.6,862,3,1010.5,376,6,1011.0,63,3,1011.1,371,5,1011.2,1471,10,1011.3,611,13,1011.4,1067,12
317,2025-11-26 14:41:26+05:30,1011.0,2,1002.23,8208277,395106.0,435682.0,986.2,1012.8,981.3,986.2,120593250,1084.8,887.6,1102.5,649.1,1010.9,22,1,1010.8,93,4,1010.7,48,2,1010.6,862,3,1010.5,376,6,1011.0,63,3,1011.1,371,5,1011.2,1471,10,1011.3,611,13,1011.4,1067,12
317,2025-11-26 14:41:26+05:30,1010.9,80,1002.23,8208386,394982.0,436406.0,986.2,1012.8,981.3,986.2,120593250,1084.8,887.6,1102.5,649.1,1010.9,7,1,1010.8,93,4,1010.7,48,2,1010.6,582,2,1010.5,1194,8,1011.0,59,2,1011.1,401,6,1011.2,1471,10,1011.3,1457,15,1011.4,769,11
317,2025-11-26 14:41:27+05:30,1011.0,5,1002.23,8208386,394982.0,436406.0,986.2,1012.8,981.3,986.2,120593250,1084.8,887.6,1102.5,649.1,1010.9,7,1,1010.8,93,4,1010.7,48,2,1010.6,582,2,1010.5,1194,8,1011.0,59,2,1011.1,401,6,1011.2,1471,10,1011.3,1457,15,1011.4,769,11
317,2025-11-26 14:41:27+05:30,1011.0,5,1002.23,8208391,394890.0,436282.0,986.2,1012.8,981.3,986.2,120593250,1084.8,887.6,1102.5,649.1,1010.9,32,2,1010.8,268,4,1010.7,48,2,1010.6,107,1,1010.5,1194,8,1011.0,154,3,1011.1,907,7,1011.2,1497,12,1011.3,909,13,1011.4,769,11
317,2025-11-26 14:41:28+05:30,1011.0,5,1002.23,8208391,395005.0,436309.0,986.2,1012.8,981.3,986.2,120593250,1084.8,887.6,1102.5,649.1,1010.9,52,3,1010.8,268,4,1010.7,48,2,1010.6,107,1,1010.5,1126,7,1011.0,308,6,1011.1,883,8,1011.2,1471,10,1011.3,883,12,1011.4,769,11
317,2025-11-26 14:41:29+05:30,1011.0,2,1002.23,8208391,395005.0,436309.0,986.2,1012.8,981.3,986.2,120593250,1084.8,887.6,1102.5,649.1,1010.9,52,3,1010.8,268,4,1010.7,48,2,1010.6,107,1,1010.5,1126,7,1011.0,308,6,1011.1,883,8,1011.2,1471,10,1011.3,883,12,1011.4,769,11
317,2025-11-26 14:41:29+05:30,1011.0,2,1002.23,8208504,394688.0,436277.0,986.2,1012.8,981.3,986.2,120593250,1084.8,887.6,1102.5,649.1,1010.9,7,1,1010.8,268,4,1010.7,48,2,1010.6,107,1,1010.5,172,4,1011.0,426,8,1011.1,449,7,1011.2,1603,13,1011.3,912,14,1011.4,686,10
317,2025-11-26 14:41:30+05:30,1011.0,1,1002.23,8208504,394688.0,436277.0,986.2,1012.8,981.3,986.2,120593250,1084.8,887.6,1102.5,649.1,1010.9,7,1,1010.8,268,4,1010.7,48,2,1010.6,107,1,1010.5,172,4,1011.0,426,8,1011.1,449,7,1011.2,1603,13,1011.3,912,14,1011.4,686,10
317,2025-11-26 14:41:30+05:30,1010.9,10,1002.23,8208631,394576.0,436259.0,986.2,1012.8,981.3,986.2,120593250,1084.8,887.6,1102.5,649.1,1010.9,7,1,1010.8,268,4,1010.7,48,2,1010.5,922,5,1010.4,560,9,1011.0,284,5,1011.1,449,7,1011.2,1617,12,1011.3,915,15,1011.4,824,11
317,2025-11-26 14:41:31+05:30,1011.0,1,1002.23,8208631,394576.0,436259.0,986.2,1012.8,981.3,986.2,120593250,1084.8,887.6,1102.5,649.1,1010.9,7,1,1010.8,268,4,1010.7,48,2,1010.5,922,5,1010.4,560,9,1011.0,284,5,1011.1,449,7,1011.2,1617,12,1011.3,915,15,1011.4,824,11
317,2025-11-26 14:41:31+05:30,1011.0,1,1002.23,8208633,395719.0,436990.0,986.2,1012.8,981.3,986.2,120593250,1084.8,887.6,1102.5,649.1,1010.9,7,1,1010.8,368,5,1010.7,48,2,1010.6,750,1,1010.5,427,7,1011.0,283,6,1011.1,385,5,1011.2,1617,12,1011.3,541,11,1011.4,1122,12
317,2025-11-26 14:41:32+05:30,1011.0,1,1002.23,8208633,395719.0,436990.0,986.2,1012.8,981.3,986.2,120593250,1084.8,887.6,1102.5,649.1,1010.9,7,1,1010.8,368,5,1010.7,48,2,1010.6,750,1,1010.5,427,7,1011.0,283,6,1011.1,385,5,1011.2,1617,12,1011.3,541,11,1011.4,1122,12
317,2025-11-26 14:41:32+05:30,1010.9,16,1002.23,8208699,395999.0,436987.0,986.2,1012.8,981.3,986.2,120593250,1084.8,887.6,1102.5,649.1,1010.9,7,1,1010.8,368,5,1010.7,48,2,1010.6,1105,5,1010.5,461,7,1011.0,283,6,1011.1,327,4,1011.2,1527,10,1011.3,631,13,1011.4,824,11
317,2025-11-26 14:41:33+05:30,1011.0,23,1002.23,8208699,395999.0,436987.0,986.2,1012.8,981.3,986.2,120593250,1084.8,887.6,1102.5,649.1,1010.9,7,1,1010.8,368,5,1010.7,48,2,1010.6,1105,5,1010.5,461,7,1011.0,283,6,1011.1,327,4,1011.2,1527,10,1011.3,631,13,1011.4,824,11
317,2025-11-26 14:41:33+05:30,1010.9,4,1002.23,8209332,394390.0,437450.0,986.2,1012.8,981.3,986.2,120593250,1084.8,887.6,1102.5,649.1,1010.7,48,2,1010.6,29,1,1010.5,1079,6,1010.4,571,9,1010.3,793,10,1010.9,10,1,1011.0,366,9,1011.1,623,7,1011.2,1675,13,1011.3,894,13
317,2025-11-26 14:41:34+05:30,1010.9,2,1002.23,8209332,394390.0,437450.0,986.2,1012.8,981.3,986.2,120593250,1084.8,887.6,1102.5,649.1,1010.7,48,2,1010.6,29,1,1010.5,1079,6,1010.4,571,9,1010.3,793,10,1010.9,10,1,1011.0,366,9,1011.1,623,7,1011.2,1675,13,1011.3,894,13
317,2025-11-26 14:41:34+05:30,1010.9,2,1002.23,8209335,394402.0,437431.0,986.2,1012.8,981.3,986.2,120593250,1084.8,887.6,1102.5,649.1,1010.8,7,1,1010.7,61,3,1010.6,29,1,1010.5,1079,6,1010.4,571,9,1010.9,10,2,1011.0,424,10,1011.1,709,9,1011.2,1630,12,1011.3,886,13
317,2025-11-26 14:41:35+05:30,1010.9,12,1002.23,8209335,394402.0,437431.0,986.2,1012.8,981.3,986.2,120593250,1084.8,887.6,1102.5,649.1,1010.8,7,1,1010.7,61,3,1010.6,29,1,1010.5,1079,6,1010.4,571,9,1010.9,10,2,1011.0,424,10,1011.1,709,9,1011.2,1630,12,1011.3,886,13
317,2025-11-26 14:41:35+05:30,1011.0,2,1002.23,8209435,395926.0,436963.0,986.2,1012.8,981.3,986.2,120593250,1084.8,887.6,1102.5,649.1,1010.9,1,1,1010.8,7,1,1010.7,61,3,1010.6,314,2,1010.5,1147,7,1011.0,307,8,1011.1,249,4,1011.2,1512,11,1011.3,541,12,1011.4,1188,14
317,2025-11-26 14:41:36+05:30,1011.0,2,1002.23,8209435,395926.0,436963.0,986.2,1012.8,981.3,986.2,120593250,1084.8,887.6,1102.5,649.1,1010.9,1,1,1010.8,7,1,1010.7,61,3,1010.6,314,2,1010.5,1147,7,1011.0,307,8,1011.1,249,4,1011.2,1512,11,1011.3,541,12,1011.4,1188,14
317,2025-11-26 14:41:36+05:30,1011.0,2,1002.23,8209437,395969.0,437184.0,986.2,1012.8,981.3,986.2,120593250,1084.8,887.6,1102.5,649.1,1010.8,7,1,1010.7,61,3,1010.6,845,3,1010.5,1147,7,1010.4,1218,10,1011.0,305,8,1011.1,249,4,1011.2,1512,11,1011.3,766,13,1011.4,1188,14
317,2025-11-26 14:41:37+05:30,1011.0,1,1002.23,8209437,395969.0,437184.0,986.2,1012.8,981.3,986.2,120593250,1084.8,887.6,1102.5,649.1,1010.8,7,1,1010.7,61,3,1010.6,845,3,1010.5,1147,7,1010.4,1218,10,1011.0,305,8,1011.1,249,4,1011.2,1512,11,1011.3,766,13,1011.4,1188,14
317,2025-11-26 14:41:37+05:30,1011.0,1,1002.23,8209438,395656.0,436930.0,986.2,1012.8,981.3,986.2,120593250,1084.8,887.6,1102.5,649.1,1010.8,11,2,1010.7,48,2,1010.6,1064,3,1010.5,397,6,1010.4,1266,12,1011.0,304,8,1011.1,204,3,1011.2,1524,11,1011.3,541,12,1011.4,1214,15
317,2025-11-26 14:41:38+05:30,1011.0,1,1002.23,8209438,396669.0,437074.0,986.2,1012.8,981.3,986.2,120593250,1084.8,887.6,1102.5,649.1,1010.8,11,2,1010.7,48,2,1010.6,1315,6,1010.5,442,7,1010.4,1266,12,1010.9,1,1,1011.0,303,7,1011.1,312,3,1011.2,1512,11,1011.3,586,13
317,2025-11-26 14:41:39+05:30,1010.9,1,1002.23,8209438,396669.0,437074.0,986.2,1012.8,981.3,986.2,120593250,1084.8,887.6,1102.5,649.1,1010.8,11,2,1010.7,48,2,1010.6,1315,6,1010.5,442,7,1010.4,1266,12,1010.9,1,1,1011.0,303,7,1011.1,312,3,1011.2,1512,11,1011.3,586,13
317,2025-11-26 14:41:39+05:30,1010.6,25,1002.23,8209789,393963.0,437043.0,986.2,1012.8,981.3,986.2,120593250,1084.8,887.6,1102.5,649.1,1010.8,3,1,1010.6,87,1,1010.5,1084,6,1010.4,644,12,1010.3,1318,10,1010.9,1,1,1011.0,365,9,1011.1,673,9,1011.2,1622,12,1011.3,826,12
317,2025-11-26 14:41:40+05:30,1010.9,1,1002.23,8209789,393963.0,437043.0,986.2,1012.8,981.3,986.2,120593250,1084.8,887.6,1102.5,649.1,1010.8,3,1,1010.6,87,1,1010.5,1084,6,1010.4,644,12,1010.3,1318,10,1010.9,1,1,1011.0,365,9,1011.1,673,9,1011.2,1622,12,1011.3,826,12
317,2025-11-26 14:41:40+05:30,1010.9,1,1002.23,8209790,394214.0,437104.0,986.2,1012.8,981.3,986.2,120593250,1084.8,887.6,1102.5,649.1,1010.8,5,2,1010.6,87,1,1010.5,1084,6,1010.4,644,12,1010.3,1318,10,1010.9,1,1,1011.0,365,9,1011.1,573,6,1011.2,1622,12,1011.3,910,13
317,2025-11-26 14:41:41+05:30,1010.9,2,1002.23,8209790,394214.0,437104.0,986.2,1012.8,981.3,986.2,120593250,1084.8,887.6,1102.5,649.1,1010.8,5,2,1010.6,87,1,1010.5,1084,6,1010.4,644,12,1010.3,1318,10,1010.9,1,1,1011.0,365,9,1011.1,573,6,1011.2,1622,12,1011.3,910,13
317,2025-11-26 14:41:41+05:30,1010.8,2,1002.23,8209845,395539.0,437212.0,986.2,1012.8,981.3,986.2,120593250,1084.8,887.6,1102.5,649.1,1010.8,13,3,1010.7,5,1,1010.6,971,4,1010.5,1215,8,1010.4,621,11,1011.0,267,7,1011.1,148,2,1011.2,1427,9,1011.3,650,12,1011.4,1712,14
317,2025-11-26 14:41:42+05:30,1010.8,2,1002.23,8209845,395539.0,437212.0,986.2,1012.8,981.3,986.2,120593250,1084.8,887.6,1102.5,649.1,1010.8,13,3,1010.7,5,1,1010.6,971,4,1010.5,1215,8,1010.4,621,11,1011.0,267,7,1011.1,148,2,1011.2,1427,9,1011.3,650,12,1011.4,1712,14
317,2025-11-26 14:41:42+05:30,1011.0,5,1002.23,8209881,396289.0,437466.0,986.2,1012.8,981.3,986.2,120593250,1084.8,887.6,1102.5,649.1,1010.9,94,4,1010.8,17,3,1010.7,69,3,1010.6,1218,8,1010.5,1287,10,1011.0,231,5,1011.1,10,1,1011.2,1324,7,1011.3,599,11,1011.4,1230,13
317,2025-11-26 14:41:43+05:30,1011.0,23,1002.23,8209881,396289.0,437466.0,986.2,1012.8,981.3,986.2,120593250,1084.8,887.6,1102.5,649.1,1010.9,94,4,1010.8,17,3,1010.7,69,3,1010.6,1218,8,1010.5,1287,10,1011.0,231,5,1011.1,10,1,1011.2,1324,7,1011.3,599,11,1011.4,1230,13
317,2025-11-26 14:41:43+05:30,1011.0,32,1002.23,8210474,396398.0,436925.0,986.2,1012.8,981.3,986.2,120593250,1084.8,887.6,1102.5,649.1,1010.8,53,4,1010.7,12,2,1010.6,1211,7,1010.5,1549,14,1010.4,1180,10,1011.0,113,3,1011.1,132,3,1011.2,1173,5,1011.3,380,7,1011.4,1052,12
317,2025-11-26 14:41:44+05:30,1011.0,35,1002.23,8210474,396398.0,436925.0,986.2,1012.8,981.3,986.2,120593250,1084.8,887.6,1102.5,649.1,1010.8,53,4,1010.7,12,2,1010.6,1211,7,1010.5,1549,14,1010.4,1180,10,1011.0,113,3,1011.1,132,3,1011.2,1173,5,1011.3,380,7,1011.4,1052,12
317,2025-11-26 14:41:44+05:30,1011.0,2,1002.23,8210690,396334.0,436999.0,986.2,1012.8,981.3,986.2,120593250,1084.8,887.6,1102.5,649.1,1010.8,289,11,1010.7,84,3,1010.6,1387,11,1010.5,1447,12,1010.4,1180,10,1011.0,1,1,1011.1,10,1,1011.2,1128,4,1011.3,1080,12,1011.4,1160,14
317,2025-11-26 14:41:45+05:30,1011.0,3,1002.23,8210690,396334.0,436999.0,986.2,1012.8,981.3,986.2,120593250,1084.8,887.6,1102.5,649.1,1010.8,289,11,1010.7,84,3,1010.6,1387,11,1010.5,1447,12,1010.4,1180,10,1011.0,1,1,1011.1,10,1,1011.2,1128,4,1011.3,1080,12,1011.4,1160,14
317,2025-11-26 14:41:45+05:30,1011.0,1,1002.23,8210694,396399.0,437042.0,986.2,1012.8,981.3,986.2,120593250,1084.8,887.6,1102.5,649.1,1010.9,293,7,1010.8,32,4,1010.7,84,3,1010.6,851,10,1010.5,1493,13,1011.0,2,1,1011.1,10,1,1011.2,1128,4,1011.3,1051,11,1011.4,1104,12
317,2025-11-26 14:41:46+05:30,1011.0,1,1002.23,8210694,396399.0,437042.0,986.2,1012.8,981.3,986.2,120593250,1084.8,887.6,1102.5,649.1,1010.9,293,7,1010.8,32,4,1010.7,84,3,1010.6,851,10,1010.5,1493,13,1011.0,2,1,1011.1,10,1,1011.2,1128,4,1011.3,1051,11,1011.4,1104,12
317,2025-11-26 14:41:46+05:30,1010.9,19,1002.23,8210751,396178.0,437294.0,986.2,1012.8,981.3,986.2,120593250,1084.8,887.6,1102.5,649.1,1010.9,369,10,1010.8,1,1,1010.7,12,2,1010.6,1104,8,1010.5,668,10,1011.0,52,3,1011.1,10,1,1011.2,1266,5,1011.3,597,11,1011.4,1109,13
317,2025-11-26 14:41:47+05:30,1010.9,19,1002.23,8210751,396178.0,437294.0,986.2,1012.8,981.3,986.2,120593250,1084.8,887.6,1102.5,649.1,1010.9,369,10,1010.8,1,1,1010.7,12,2,1010.6,1104,8,1010.5,668,10,1011.0,52,3,1011.1,10,1,1011.2,1266,5,1011.3,597,11,1011.4,1109,13
317,2025-11-26 14:41:47+05:30,1010.9,19,1002.23,8210751,396178.0,437374.0,986.2,1012.8,981.3,986.2,120593250,1084.8,887.6,1102.5,649.1,1010.9,369,10,1010.8,1,1,1010.7,12,2,1010.6,1104,8,1010.5,668,10,1011.0,52,3,1011.1,10,1,1011.2,1321,6,1011.3,597,11,1011.4,1109,13
317,2025-11-26 14:41:48+05:30,1011.2,4,1002.23,8210847,397270.0,436589.0,986.2,1012.8,981.3,986.2,120593250,1084.8,887.6,1102.5,649.1,1011.1,1086,8,1010.9,29,2,1010.8,181,3,1010.7,1321,10,1010.6,670,12,1011.2,1011,3,1011.3,219,6,1011.4,980,9,1011.5,804,13,1011.6,1262,17
317,2025-11-26 14:41:49+05:30,1011.2,150,1002.23,8210847,397270.0,436589.0,986.2,1012.8,981.3,986.2,120593250,1084.8,887.6,1102.5,649.1,1011.1,1086,8,1010.9,29,2,1010.8,181,3,1010.7,1321,10,1010.6,670,12,1011.2,1011,3,1011.3,219,6,1011.4,980,9,1011.5,804,13,1011.6,1262,17
317,2025-11-26 14:41:49+05:30,1011.2,150,1002.23,8211447,397625.0,435559.0,986.2,1012.8,981.3,986.2,120593250,1084.8,887.6,1102.5,649.1,1011.1,739,11,1011.0,59,2,1010.9,318,4,1010.8,575,7,1010.7,1307,10,1011.2,411,3,1011.3,76,4,1011.4,645,6,1011.5,549,10,1011.6,1472,16
317,2025-11-26 14:41:50+05:30,1011.2,1,1002.23,8211447,397625.0,435559.0,986.2,1012.8,981.3,986.2,120593250,1084.8,887.6,1102.5,649.1,1011.1,739,11,1011.0,59,2,1010.9,318,4,1010.8,575,7,1010.7,1307,10,1011.2,411,3,1011.3,76,4,1011.4,645,6,1011.5,549,10,1011.6,1472,16
317,2025-11-26 14:41:50+05:30,1011.2,1,1002.23,8211749,397368.0,435977.0,986.2,1012.8,981.3,986.2,120593250,1084.8,887.6,1102.5,649.1,1011.1,443,9,1011.0,59,2,1010.9,389,5,1010.8,524,6,1010.7,1353,11,1011.2,259,4,1011.3,120,5,1011.4,645,6,1011.5,839,10,1011.6,1208,14
317,2025-11-26 14:41:51+05:30,1011.2,2,1002.23,8211749,397368.0,435977.0,986.2,1012.8,981.3,986.2,120593250,1084.8,887.6,1102.5,649.1,1011.1,443,9,1011.0,59,2,1010.9,389,5,1010.8,524,6,1010.7,1353,11,1011.2,259,4,1011.3,120,5,1011.4,645,6,1011.5,839,10,1011.6,1208,14
317,2025-11-26 14:41:51+05:30,1011.1,10,1002.23,8211869,397163.0,435882.0,986.2,1012.8,981.3,986.2,120593250,1084.8,887.6,1102.5,649.1,1011.1,364,8,1011.0,7,1,1010.9,261,3,1010.8,524,6,1010.7,1346,10,1011.2,210,2,1011.3,120,5,1011.4,696,8,1011.5,793,9,1011.6,1235,13
317,2025-11-26 14:41:52+05:30,1011.2,81,1002.23,8211869,397163.0,435882.0,986.2,1012.8,981.3,986.2,120593250,1084.8,887.6,1102.5,649.1,1011.1,364,8,1011.0,7,1,1010.9,261,3,1010.8,524,6,1010.7,1346,10,1011.2,210,2,1011.3,120,5,1011.4,696,8,1011.5,793,9,1011.6,1235,13
317,2025-11-26 14:41:52+05:30,1011.2,1,1002.23,8212045,397175.0,435740.0,986.2,1012.8,981.3,986.2,120593250,1084.8,887.6,1102.5,649.1,1011.1,472,9,1011.0,7,1,1010.9,261,3,1010.8,570,7,1010.7,1346,10,1011.2,68,2,1011.3,120,5,1011.4,788,8,1011.5,823,10,1011.6,1235,13
317,2025-11-26 14:41:53+05:30,1011.2,1,1002.23,8212045,397175.0,435740.0,986.2,1012.8,981.3,986.2,120593250,1084.8,887.6,1102.5,649.1,1011.1,472,9,1011.0,7,1,1010.9,261,3,1010.8,570,7,1010.7,1346,10,1011.2,68,2,1011.3,120,5,1011.4,788,8,1011.5,823,10,1011.6,1235,13
317,2025-11-26 14:41:53+05:30,1011.1,37,1002.23,8212847,396131.0,435722.0,986.2,1012.8,981.3,986.2,120593250,1084.8,887.6,1102.5,649.1,1011.0,48,4,1010.9,5,1,1010.8,75,1,1010.7,1472,11,1010.6,573,7,1011.1,61,2,1011.2,67,2,1011.3,322,6,1011.4,899,9,1011.5,798,10
317,2025-11-26 14:41:54+05:30,1011.2,10,1002.23,8212847,396131.0,435722.0,986.2,1012.8,981.3,986.2,120593250,1084.8,887.6,1102.5,649.1,1011.0,48,4,1010.9,5,1,1010.8,75,1,1010.7,1472,11,1010.6,573,7,1011.1,61,2,1011.2,67,2,1011.3,322,6,1011.4,899,9,1011.5,798,10
317,2025-11-26 14:41:54+05:30,1011.2,10,1002.23,8213104,396650.0,435651.0,986.2,1012.8,981.3,986.2,120593250,1084.8,887.6,1102.5,649.1,1011.1,109,2,1011.0,17,3,1010.9,13,3,1010.8,376,4,1010.7,1426,10,1011.2,208,2,1011.3,120,5,1011.4,991,11,1011.5,819,10,1011.6,1282,14
317,2025-11-26 14:41:55+05:30,1011.2,2,1002.23,8213104,396650.0,435651.0,986.2,1012.8,981.3,986.2,120593250,1084.8,887.6,1102.5,649.1,1011.1,109,2,1011.0,17,3,1010.9,13,3,1010.8,376,4,1010.7,1426,10,1011.2,208,2,1011.3,120,5,1011.4,991,11,1011.5,819,10,1011.6,1282,14
317,2025-11-26 14:41:55+05:30,1011.3,62,1002.23,8213426,395957.0,435180.0,986.2,1012.8,981.3,986.2,120593250,1084.8,887.6,1102.5,649.1,1011.2,183,4,1011.0,17,3,1010.9,139,5,1010.8,351,4,1010.7,1426,10,1011.3,65,4,1011.4,762,6,1011.5,929,14,1011.6,1317,15,1011.7,776,18
317,2025-11-26 14:41:56+05:30,1011.3,85,1002.23,8213426,395957.0,435180.0,986.2,1012.8,981.3,986.2,120593250,1084.8,887.6,1102.5,649.1,1011.2,183,4,1011.0,17,3,1010.9,139,5,1010.8,351,4,1010.7,1426,10,1011.3,65,4,1011.4,762,6,1011.5,929,14,1011.6,1317,15,1011.7,776,18
317,2025-11-26 14:41:56+05:30,1011.3,85,1002.23,8213576,396730.0,435173.0,986.2,1012.8,981.3,986.2,120593250,1084.8,887.6,1102.5,649.1,1011.2,739,14,1011.0,4,2,1010.9,361,6,1010.8,1278,7,1010.7,658,8,1011.3,109,5,1011.4,120,4,1011.5,1062,11,1011.6,1458,13,1011.7,707,13
317,2025-11-26 14:41:57+05:30,1011.2,25,1002.23,8213576,396730.0,435173.0,986.2,1012.8,981.3,986.2,120593250,1084.8,887.6,1102.5,649.1,1011.2,739,14,1011.0,4,2,1010.9,361,6,1010.8,1278,7,1010.7,658,8,1011.3,109,5,1011.4,120,4,1011.5,1062,11,1011.6,1458,13,1011.7,707,13
317,2025-11-26 14:41:57+05:30,1011.2,25,1002.24,8214079,396411.0,435339.0,986.2,1012.8,981.3,986.2,120593250,1084.8,887.6,1102.5,649.1,1011.2,387,9,1011.1,5,1,1011.0,4,2,1010.9,361,6,1010.8,1281,8,1011.3,106,5,1011.4,676,5,1011.5,585,12,1011.6,1517,14,1011.7,707,13
317,2025-11-26 14:41:58+05:30,1011.3,1,1002.24,8214079,396411.0,435339.0,986.2,1012.8,981.3,986.2,120593250,1084.8,887.6,1102.5,649.1,1011.2,387,9,1011.1,5,1,1011.0,4,2,1010.9,361,6,1010.8,1281,8,1011.3,106,5,1011.4,676,5,1011.5,585,12,1011.6,1517,14,1011.7,707,13
317,2025-11-26 14:41:58+05:30,1011.1,48,1002.24,8215111,395155.0,436902.0,986.2,1012.8,981.3,986.2,120593250,1084.8,887.6,1102.5,649.1,1011.0,4,2,1010.9,4,2,1010.8,897,4,1010.7,385,6,1010.6,571,7,1011.3,1152,11,1011.4,1560,14,1011.5,1721,20,1011.6,1356,15,1011.7,756,10
317,2025-11-26 14:41:59+05:30,1011.3,1,1002.24,8215111,395155.0,436902.0,986.2,1012.8,981.3,986.2,120593250,1084.8,887.6,1102.5,649.1,1011.0,4,2,1010.9,4,2,1010.8,897,4,1010.7,385,6,1010.6,571,7,1011.3,1152,11,1011.4,1560,14,1011.5,1721,20,1011.6,1356,15,1011.7,756,10
317,2025-11-26 14:41:59+05:30,1011.0,2,1002.24,8215192,394659.0,436061.0,986.2,1012.8,981.3,986.2,120593250,1084.8,887.6,1102.5,649.1,1011.0,76,4,1010.9,4,2,1010.8,57,3,1010.7,244,2,1010.6,419,4,1011.3,1662,12,1011.4,1013,13,1011.5,881,14,1011.6,2313,18,1011.7,782,12
317,2025-11-26 14:42:00+05:30,1011.1,1,1002.24,8215192,394659.0,436061.0,986.2,1012.8,981.3,986.2,120593250,1084.8,887.6,1102.5,649.1,1011.0,76,4,1010.9,4,2,1010.8,57,3,1010.7,244,2,1010.6,419,4,1011.3,1662,12,1011.4,1013,13,1011.5,881,14,1011.6,2313,18,1011.7,782,12
317,2025-11-26 14:42:01+05:30,1011.1,1,1002.24,8215585,395234.0,435401.0,986.2,1012.8,981.3,986.2,120593250,1084.8,887.6,1102.5,649.1,1010.9,505,6,1010.8,7,2,1010.6,495,6,1010.5,1935,12,1010.4,1311,16,1011.2,896,3,1011.3,727,12,1011.4,864,12,1011.5,911,19,1011.6,1923,14
317,2025-11-26 14:42:01+05:30,1011.1,1,1002.24,8215585,395234.0,435401.0,986.2,1012.8,981.3,986.2,120593250,1084.8,887.6,1102.5,649.1,1010.9,505,6,1010.8,7,2,1010.6,495,6,1010.5,1935,12,1010.4,1311,16,1011.2,896,3,1011.3,727,12,1011.4,864,12,1011.5,911,19,1011.6,1923,14
317,2025-11-26 14:42:01+05:30,1011.1,1,1002.24,8215585,395343.0,435454.0,986.2,1012.8,981.3,986.2,120593250,1084.8,887.6,1102.5,649.1,1010.9,505,6,1010.8,18,3,1010.6,495,6,1010.5,1969,13,1010.4,1311,16,1011.1,200,2,1011.2,800,4,1011.3,616,10,1011.4,864,12,1011.5,911,19
317,2025-11-26 14:42:03+05:30,1011.3,4,1002.24,8216361,394611.0,434691.0,986.2,1012.8,981.3,986.2,120593250,1084.8,887.6,1102.5,649.1,1011.1,109,1,1010.9,7,1,1010.8,189,5,1010.7,306,3,1010.6,595,8,1011.3,235,3,1011.4,503,10,1011.5,1025,14,1011.6,1266,14,1011.7,1467,12
317,2025-11-26 14:42:03+05:30,1011.3,4,1002.24,8216361,394611.0,434691.0,986.2,1012.8,981.3,986.2,120593250,1084.8,887.6,1102.5,649.1,1011.1,109,1,1010.9,7,1,1010.8,189,5,1010.7,306,3,1010.6,595,8,1011.3,235,3,1011.4,503,10,1011.5,1025,14,1011.6,1266,14,1011.7,1467,12
317,2025-11-26 14:42:04+05:30,1011.2,7,1002.24,8216706,395125.0,434326.0,986.2,1012.8,981.3,986.2,120593250,1084.8,887.6,1102.5,649.1,1011.0,229,6,1010.9,7,1,1010.8,15,2,1010.7,311,4,1010.6,1034,7,1011.2,166,4,1011.3,808,10,1011.4,880,12,1011.5,736,14,1011.6,1992,16
317,2025-11-26 14:42:04+05:30,1011.2,7,1002.24,8216706,395125.0,434326.0,986.2,1012.8,981.3,986.2,120593250,1084.8,887.6,1102.5,649.1,1011.0,229,6,1010.9,7,1,1010.8,15,2,1010.7,311,4,1010.6,1034,7,1011.2,166,4,1011.3,808,10,1011.4,880,12,1011.5,736,14,1011.6,1992,16
317,2025-11-26 14:42:05+05:30,1011.2,19,1002.24,8216945,395104.0,434725.0,986.2,1012.8,981.3,986.2,120593250,1084.8,887.6,1102.5,649.1,1011.1,223,2,1011.0,115,4,1010.9,149,2,1010.8,15,2,1010.7,311,4,1011.2,147,4,1011.3,491,7,1011.4,1201,12,1011.5,1053,15,1011.6,2015,18
317,2025-11-26 14:42:05+05:30,1011.2,2,1002.24,8216945,395104.0,434725.0,986.2,1012.8,981.3,986.2,120593250,1084.8,887.6,1102.5,649.1,1011.1,223,2,1011.0,115,4,1010.9,149,2,1010.8,15,2,1010.7,311,4,1011.2,147,4,1011.3,491,7,1011.4,1201,12,1011.5,1053,15,1011.6,2015,18
317,2025-11-26 14:42:06+05:30,1011.2,1,1002.24,8216948,395581.0,435039.0,986.2,1012.8,981.3,986.2,120593250,1084.8,887.6,1102.5,649.1,1011.1,376,5,1011.0,115,4,1010.9,149,2,1010.8,177,3,1010.7,311,4,1011.2,178,4,1011.3,435,6,1011.4,1145,11,1011.5,1141,16,1011.6,1239,15
317,2025-11-26 14:42:06+05:30,1011.2,1,1002.24,8216948,395581.0,435039.0,986.2,1012.8,981.3,986.2,120593250,1084.8,887.6,1102.5,649.1,1011.1,376,5,1011.0,115,4,1010.9,149,2,1010.8,177,3,1010.7,311,4,1011.2,178,4,1011.3,435,6,1011.4,1145,11,1011.5,1141,16,1011.6,1239,15
317,2025-11-26 14:42:07+05:30,1011.2,23,1002.24,8217264,396751.0,434434.0,986.2,1012.8,981.3,986.2,120593250,1084.8,887.6,1102.5,649.1,1011.1,735,9,1011.0,102,3,1010.9,74,2,1010.8,638,9,1010.7,1214,9,1011.2,244,4,1011.3,228,3,1011.4,171,4,1011.5,1111,12,1011.6,1539,16
317,2025-11-26 14:42:07+05:30,1011.2,23,1002.24,8217264,396751.0,434434.0,986.2,1012.8,981.3,986.2,120593250,1084.8,887.6,1102.5,649.1,1011.1,735,9,1011.0,102,3,1010.9,74,2,1010.8,638,9,1010.7,1214,9,1011.2,244,4,1011.3,228,3,1011.4,171,4,1011.5,1111,12,1011.6,1539,16
317,2025-11-26 14:42:08+05:30,1011.2,23,1002.24,8217264,396777.0,434479.0,986.2,1012.8,981.3,986.2,120593250,1084.8,887.6,1102.5,649.1,1011.1,745,10,1011.0,102,3,1010.9,130,3,1010.8,582,8,1010.7,1214,9,1011.2,244,4,1011.3,228,3,1011.4,670,5,1011.5,568,11,1011.6,1595,17
317,2025-11-26 14:42:08+05:30,1011.2,77,1002.24,8217264,396777.0,434479.0,986.2,1012.8,981.3,986.2,120593250,1084.8,887.6,1102.5,649.1,1011.1,745,10,1011.0,102,3,1010.9,130,3,1010.8,582,8,1010.7,1214,9,1011.2,244,4,1011.3,228,3,1011.4,670,5,1011.5,568,11,1011.6,1595,17
317,2025-11-26 14:42:09+05:30,1011.3,50,1002.24,8218408,396381.0,433985.0,986.2,1012.8,981.3,986.2,120593250,1084.8,887.6,1102.5,649.1,1011.2,285,3,1011.1,179,5,1011.0,144,4,1010.9,210,3,1010.8,532,7,1011.3,347,2,1011.4,170,4,1011.5,576,11,1011.6,1516,16,1011.7,743,13
317,2025-11-26 14:42:09+05:30,1011.3,50,1002.24,8218408,396381.0,433985.0,986.2,1012.8,981.3,986.2,120593250,1084.8,887.6,1102.5,649.1,1011.2,285,3,1011.1,179,5,1011.0,144,4,1010.9,210,3,1010.8,532,7,1011.3,347,2,1011.4,170,4,1011.5,576,11,1011.6,1516,16,1011.7,743,13
317,2025-11-26 14:42:10+05:30,1011.3,105,1002.24,8219050,395567.0,435084.0,986.2,1012.8,981.3,986.2,120593250,1084.8,887.6,1102.5,649.1,1011.2,71,3,1011.1,166,4,1011.0,139,3,1010.8,147,3,1010.7,554,9,1011.3,446,6,1011.4,964,10,1011.5,990,14,1011.6,1291,16,1011.7,1493,14
317,2025-11-26 14:42:10+05:30,1011.3,105,1002.24,8219050,395567.0,435084.0,986.2,1012.8,981.3,986.2,120593250,1084.8,887.6,1102.5,649.1,1011.2,71,3,1011.1,166,4,1011.0,139,3,1010.8,147,3,1010.7,554,9,1011.3,446,6,1011.4,964,10,1011.5,990,14,1011.6,1291,16,1011.7,1493,14
317,2025-11-26 14:42:11+05:30,1011.2,73,1002.24,8221234,395918.0,433946.0,986.2,1012.8,981.3,986.2,120593250,1084.8,887.6,1102.5,649.1,1011.2,7,2,1011.1,53,1,1011.0,9,2,1010.8,453,4,1010.7,533,8,1011.3,541,7,1011.4,524,9,1011.5,1044,14,1011.6,876,16,1011.7,1493,14
317,2025-11-26 14:42:11+05:30,1011.2,73,1002.24,8221234,395918.0,433946.0,986.2,1012.8,981.3,986.2,120593250,1084.8,887.6,1102.5,649.1,1011.2,7,2,1011.1,53,1,1011.0,9,2,1010.8,453,4,1010.7,533,8,1011.3,541,7,1011.4,524,9,1011.5,1044,14,1011.6,876,16,1011.7,1493,14
317,2025-11-26 14:42:12+05:30,1011.2,73,1002.24,8221234,395918.0,433946.0,986.2,1012.8,981.3,986.2,120593250,1084.8,887.6,1102.5,649.1,1011.2,7,2,1011.1,53,1,1011.0,9,2,1010.8,453,4,1010.7,533,8,1011.3,541,7,1011.4,524,9,1011.5,1044,14,1011.6,876,16,1011.7,1493,14
317,2025-11-26 14:42:12+05:30,1011.1,5,1002.24,8221406,395406.0,435638.0,986.2,1012.8,981.3,986.2,120593250,1084.8,887.6,1102.5,649.1,1011.1,80,2,1011.0,9,2,1010.8,4,1,1010.7,465,7,1010.6,1305,7,1011.2,350,5,1011.3,289,7,1011.4,1191,14,1011.5,1000,15,1011.6,2304,20
317,2025-11-26 14:42:13+05:30,1011.1,66,1002.24,8221406,395406.0,435638.0,986.2,1012.8,981.3,986.2,120593250,1084.8,887.6,1102.5,649.1,1011.1,80,2,1011.0,9,2,1010.8,4,1,1010.7,465,7,1010.6,1305,7,1011.2,350,5,1011.3,289,7,1011.4,1191,14,1011.5,1000,15,1011.6,2304,20
317,2025-11-26 14:42:13+05:30,1011.1,66,1002.24,8222006,394661.0,435533.0,986.2,1012.8,981.3,986.2,120593250,1084.8,887.6,1102.5,649.1,1011.0,118,3,1010.8,4,1,1010.7,465,7,1010.6,1305,7,1010.5,1162,12,1011.2,421,7,1011.3,697,8,1011.4,1191,14,1011.5,1000,15,1011.6,2102,19
317,2025-11-26 14:42:14+05:30,1011.1,3,1002.24,8222006,394661.0,435533.0,986.2,1012.8,981.3,986.2,120593250,1084.8,887.6,1102.5,649.1,1011.0,118,3,1010.8,4,1,1010.7,465,7,1010.6,1305,7,1010.5,1162,12,1011.2,421,7,1011.3,697,8,1011.4,1191,14,1011.5,1000,15,1011.6,2102,19
317,2025-11-26 14:42:14+05:30,1011.1,3,1002.24,8222280,394179.0,435183.0,986.2,1012.8,981.3,986.2,120593250,1084.8,887.6,1102.5,649.1,1010.8,150,3,1010.7,177,2,1010.6,1150,6,1010.5,621,11,1010.4,1296,15,1011.1,423,3,1011.2,145,5,1011.3,1034,12,1011.4,941,13,1011.5,824,16
317,2025-11-26 14:42:15+05:30,1011.1,2,1002.24,8222280,394179.0,435183.0,986.2,1012.8,981.3,986.2,120593250,1084.8,887.6,1102.5,649.1,1010.8,150,3,1010.7,177,2,1010.6,1150,6,1010.5,621,11,1010.4,1296,15,1011.1,423,3,1011.2,145,5,1011.3,1034,12,1011.4,941,13,1011.5,824,16
317,2025-11-26 14:42:15+05:30,1011.1,2,1002.24,8222284,395061.0,435168.0,986.2,1012.8,981.3,986.2,120593250,1084.8,887.6,1102.5,649.1,1011.0,601,7,1010.8,33,3,1010.7,323,4,1010.6,532,7,1010.5,1078,10,1011.1,419,3,1011.2,167,5,1011.3,864,10,1011.4,999,13,1011.5,824,16
317,2025-11-26 14:42:16+05:30,1011.1,2,1002.24,8222284,395061.0,435168.0,986.2,1012.8,981.3,986.2,120593250,1084.8,887.6,1102.5,649.1,1011.0,601,7,1010.8,33,3,1010.7,323,4,1010.6,532,7,1010.5,1078,10,1011.1,419,3,1011.2,167,5,1011.3,864,10,1011.4,999,13,1011.5,824,16
317,2025-11-26 14:42:16+05:30,1011.1,2,1002.24,8222298,395151.0,435173.0,986.2,1012.8,981.3,986.2,120593250,1084.8,887.6,1102.5,649.1,1011.0,589,7,1010.8,33,3,1010.7,363,5,1010.6,509,7,1010.5,1039,9,1011.1,419,4,1011.2,201,6,1011.3,925,11,1011.4,948,13,1011.5,824,16
317,2025-11-26 14:42:17+05:30,1011.0,6,1002.24,8222298,395151.0,435173.0,986.2,1012.8,981.3,986.2,120593250,1084.8,887.6,1102.5,649.1,1011.0,589,7,1010.8,33,3,1010.7,363,5,1010.6,509,7,1010.5,1039,9,1011.1,419,4,1011.2,201,6,1011.3,925,11,1011.4,948,13,1011.5,824,16
317,2025-11-26 14:42:17+05:30,1011.0,6,1002.25,8223320,394858.0,435767.0,986.2,1012.8,981.3,986.2,120593250,1084.8,887.6,1102.5,649.1,1011.0,429,5,1010.9,105,1,1010.8,156,3,1010.7,360,5,1010.6,445,6,1011.1,227,4,1011.2,145,5,1011.3,747,8,1011.4,1027,15,1011.5,1061,16
317,2025-11-26 14:42:18+05:30,1011.0,6,1002.25,8223320,394746.0,435797.0,986.2,1012.8,981.3,986.2,120593250,1084.8,887.6,1102.5,649.1,1011.0,429,5,1010.9,105,1,1010.8,20,2,1010.7,360,5,1010.6,445,6,1011.1,227,4,1011.2,217,6,1011.3,705,7,1011.4,1027,15,1011.5,1061,16
317,2025-11-26 14:42:19+05:30,1011.1,1,1002.25,8223320,394746.0,435797.0,986.2,1012.8,981.3,986.2,120593250,1084.8,887.6,1102.5,649.1,1011.0,429,5,1010.9,105,1,1010.8,20,2,1010.7,360,5,1010.6,445,6,1011.1,227,4,1011.2,217,6,1011.3,705,7,1011.4,1027,15,1011.5,1061,16
317,2025-11-26 14:42:19+05:30,1011.0,50,1002.25,8224018,394627.0,435914.0,986.2,1012.8,981.3,986.2,120593250,1084.8,887.6,1102.5,649.1,1011.0,245,4,1010.9,219,3,1010.8,20,2,1010.7,292,4,1010.6,376,5,1011.1,121,4,1011.2,285,6,1011.3,827,9,1011.4,973,13,1011.5,1032,18
317,2025-11-26 14:42:20+05:30,1011.2,1,1002.25,8224018,394627.0,435914.0,986.2,1012.8,981.3,986.2,120593250,1084.8,887.6,1102.5,649.1,1011.0,245,4,1010.9,219,3,1010.8,20,2,1010.7,292,4,1010.6,376,5,1011.1,121,4,1011.2,285,6,1011.3,827,9,1011.4,973,13,1011.5,1032,18
317,2025-11-26 14:42:21+05:30,1011.2,1,1002.25,8224426,395735.0,434729.0,986.2,1012.8,981.3,986.2,120593250,1084.8,887.6,1102.5,649.1,1011.1,207,3,1011.0,163,2,1010.9,146,2,1010.8,129,3,1010.7,363,5,1011.2,143,2,1011.3,492,6,1011.4,490,9,1011.5,1120,16,1011.6,1999,18
317,2025-11-26 14:42:21+05:30,1011.2,1,1002.25,8224426,395735.0,434729.0,986.2,1012.8,981.3,986.2,120593250,1084.8,887.6,1102.5,649.1,1011.1,207,3,1011.0,163,2,1010.9,146,2,1010.8,129,3,1010.7,363,5,1011.2,143,2,1011.3,492,6,1011.4,490,9,1011.5,1120,16,1011.6,1999,18
317,2025-11-26 14:42:22+05:30,1011.1,27,1002.25,8225105,395386.0,436034.0,986.2,1012.8,981.3,986.2,120593250,1084.8,887.6,1102.5,649.1,1011.1,95,4,1011.0,13,1,1010.9,73,1,1010.8,113,2,1010.7,292,4,1011.2,196,3,1011.3,648,9,1011.4,1298,14,1011.5,1118,17,1011.6,2161,20
317,2025-11-26 14:42:22+05:30,1011.2,1,1002.25,8225105,395386.0,436034.0,986.2,1012.8,981.3,986.2,120593250,1084.8,887.6,1102.5,649.1,1011.1,95,4,1011.0,13,1,1010.9,73,1,1010.8,113,2,1010.7,292,4,1011.2,196,3,1011.3,648,9,1011.4,1298,14,1011.5,1118,17,1011.6,2161,20
317,2025-11-26 14:42:23+05:30,1011.2,4,1002.25,8225114,395506.0,435315.0,986.2,1012.8,981.3,986.2,120593250,1084.8,887.6,1102.5,649.1,1011.1,241,6,1011.0,13,1,1010.9,73,1,1010.8,249,3,1010.7,292,4,1011.2,189,4,1011.3,359,6,1011.4,936,13,1011.5,1164,16,1011.6,2161,20
317,2025-11-26 14:42:23+05:30,1011.2,4,1002.25,8225114,395506.0,435315.0,986.2,1012.8,981.3,986.2,120593250,1084.8,887.6,1102.5,649.1,1011.1,241,6,1011.0,13,1,1010.9,73,1,1010.8,249,3,1010.7,292,4,1011.2,189,4,1011.3,359,6,1011.4,936,13,1011.5,1164,16,1011.6,2161,20
317,2025-11-26 14:42:24+05:30,1011.2,36,1002.25,8226315,395836.0,434207.0,986.2,1012.8,981.3,986.2,120593250,1084.8,887.6,1102.5,649.1,1011.2,168,3,1011.1,4,1,1011.0,13,1,1010.9,111,1,1010.8,317,4,1011.3,123,4,1011.4,538,10,1011.5,980,14,1011.6,1992,19,1011.7,733,12
317,2025-11-26 14:42:24+05:30,1011.2,36,1002.25,8226315,395836.0,434207.0,986.2,1012.8,981.3,986.2,120593250,1084.8,887.6,1102.5,649.1,1011.2,168,3,1011.1,4,1,1011.0,13,1,1010.9,111,1,1010.8,317,4,1011.3,123,4,1011.4,538,10,1011.5,980,14,1011.6,1992,19,1011.7,733,12
317,2025-11-26 14:42:25+05:30,1011.3,2,1002.25,8226317,395982.0,433941.0,986.2,1012.8,981.3,986.2,120593250,1084.8,887.6,1102.5,649.1,1011.2,314,5,1011.0,13,1,1010.9,251,3,1010.8,317,4,1010.7,605,9,1011.3,91,3,1011.4,223,6,1011.5,925,13,1011.6,1992,19,1011.7,733,12
317,2025-11-26 14:42:25+05:30,1011.3,1,1002.25,8226317,395982.0,433941.0,986.2,1012.8,981.3,986.2,120593250,1084.8,887.6,1102.5,649.1,1011.2,314,5,1011.0,13,1,1010.9,251,3,1010.8,317,4,1010.7,605,9,1011.3,91,3,1011.4,223,6,1011.5,925,13,1011.6,1992,19,1011.7,733,12
317,2025-11-26 14:42:26+05:30,1011.3,2,1002.25,8226317,395982.0,433941.0,986.2,1012.8,981.3,986.2,120593250,1084.8,887.6,1102.5,649.1,1011.2,314,5,1011.0,13,1,1010.9,251,3,1010.8,317,4,1010.7,605,9,1011.3,91,3,1011.4,223,6,1011.5,925,13,1011.6,1992,19,1011.7,733,12
317,2025-11-26 14:42:26+05:30,1011.3,2,1002.25,8226816,395910.0,433684.0,986.2,1012.8,981.3,986.2,120593250,1084.8,887.6,1102.5,649.1,1011.2,463,6,1011.0,144,3,1010.9,409,6,1010.8,383,5,1010.7,565,8,1011.3,13,3,1011.4,133,4,1011.5,516,10,1011.6,1481,18,1011.7,1595,15
317,2025-11-26 14:42:27+05:30,1011.3,73,1002.25,8226816,395910.0,433684.0,986.2,1012.8,981.3,986.2,120593250,1084.8,887.6,1102.5,649.1,1011.2,463,6,1011.0,144,3,1010.9,409,6,1010.8,383,5,1010.7,565,8,1011.3,13,3,1011.4,133,4,1011.5,516,10,1011.6,1481,18,1011.7,1595,15
317,2025-11-26 14:42:27+05:30,1011.3,73,1002.25,8227128,397126.0,433388.0,986.2,1012.8,981.3,986.2,120593250,1084.8,887.6,1102.5,649.1,1011.2,310,5,1011.1,4,1,1011.0,307,5,1010.9,1197,8,1010.8,1201,8,1011.4,188,4,1011.5,262,8,1011.6,1004,12,1011.7,1690,14,1011.8,1286,14
317,2025-11-26 14:42:28+05:30,1011.5,39,1002.25,8227128,397126.0,433388.0,986.2,1012.8,981.3,986.2,120593250,1084.8,887.6,1102.5,649.1,1011.2,310,5,1011.1,4,1,1011.0,307,5,1010.9,1197,8,1010.8,1201,8,1011.4,188,4,1011.5,262,8,1011.6,1004,12,1011.7,1690,14,1011.8,1286,14
317,2025-11-26 14:42:28+05:30,1011.5,39,1002.25,8227428,397239.0,433234.0,986.2,1012.8,981.3,986.2,120593250,1084.8,887.6,1102.5,649.1,1011.3,368,5,1011.2,172,3,1011.1,98,3,1011.0,405,8,1010.9,1376,12,1011.4,39,2,1011.5,15,3,1011.6,1258,11,1011.7,1741,16,1011.8,1334,15
317,2025-11-26 14:42:29+05:30,1011.4,1,1002.25,8227428,397239.0,433234.0,986.2,1012.8,981.3,986.2,120593250,1084.8,887.6,1102.5,649.1,1011.3,368,5,1011.2,172,3,1011.1,98,3,1011.0,405,8,1010.9,1376,12,1011.4,39,2,1011.5,15,3,1011.6,1258,11,1011.7,1741,16,1011.8,1334,15
317,2025-11-26 14:42:29+05:30,1011.3,73,1002.25,8227921,396416.0,433854.0,986.2,1012.8,981.3,986.2,120593250,1084.8,887.6,1102.5,649.1,1011.2,167,3,1011.1,17,3,1011.0,256,4,1010.9,1302,10,1010.8,1253,8,1011.4,260,3,1011.5,1137,10,1011.6,1432,16,1011.7,1361,13,1011.8,1278,14
317,2025-11-26 14:42:30+05:30,1011.4,28,1002.25,8227921,396416.0,433854.0,986.2,1012.8,981.3,986.2,120593250,1084.8,887.6,1102.5,649.1,1011.2,167,3,1011.1,17,3,1011.0,256,4,1010.9,1302,10,1010.8,1253,8,1011.4,260,3,1011.5,1137,10,1011.6,1432,16,1011.7,1361,13,1011.8,1278,14
317,2025-11-26 14:42:30+05:30,1011.3,9,1002.25,8228482,396635.0,433491.0,986.2,1012.8,981.3,986.2,120593250,1084.8,887.6,1102.5,649.1,1011.3,21,1,1011.2,105,5,1011.1,17,3,1011.0,256,4,1010.9,1231,9,1011.5,762,11,1011.6,1416,16,1011.7,1377,14,1011.8,1335,15,1011.9,1721,22
317,2025-11-26 14:42:31+05:30,1011.2,10,1002.25,8228482,396635.0,433491.0,986.2,1012.8,981.3,986.2,120593250,1084.8,887.6,1102.5,649.1,1011.3,21,1,1011.2,105,5,1011.1,17,3,1011.0,256,4,1010.9,1231,9,1011.5,762,11,1011.6,1416,16,1011.7,1377,14,1011.8,1335,15,1011.9,1721,22
317,2025-11-26 14:42:31+05:30,1011.4,1,1002.25,8229026,395451.0,434681.0,986.2,1012.8,981.3,986.2,120593250,1084.8,887.6,1102.5,649.1,1011.2,7,1,1011.1,17,3,1011.0,10,1,1010.9,1205,7,1010.8,515,7,1011.4,474,5,1011.5,1421,14,1011.6,1384,19,1011.7,1451,15,1011.8,1480,15
317,2025-11-26 14:42:32+05:30,1011.3,25,1002.25,8229026,395451.0,434681.0,986.2,1012.8,981.3,986.2,120593250,1084.8,887.6,1102.5,649.1,1011.2,7,1,1011.1,17,3,1011.0,10,1,1010.9,1205,7,1010.8,515,7,1011.4,474,5,1011.5,1421,14,1011.6,1384,19,1011.7,1451,15,1011.8,1480,15
317,2025-11-26 14:42:32+05:30,1011.3,25,1002.25,8229257,395985.0,434165.0,986.2,1012.8,981.3,986.2,120593250,1084.8,887.6,1102.5,649.1,1011.2,359,5,1011.1,90,4,1011.0,257,4,1010.9,1205,7,1010.8,581,8,1011.5,1184,12,1011.6,1683,20,1011.7,1459,15,1011.8,1278,14,1011.9,1429,21
317,2025-11-26 14:42:33+05:30,1011.2,5,1002.25,8229257,395985.0,434165.0,986.2,1012.8,981.3,986.2,120593250,1084.8,887.6,1102.5,649.1,1011.2,359,5,1011.1,90,4,1011.0,257,4,1010.9,1205,7,1010.8,581,8,1011.5,1184,12,1011.6,1683,20,1011.7,1459,15,1011.8,1278,14,1011.9,1429,21
317,2025-11-26 14:42:33+05:30,1011.2,4,1002.25,8229998,396075.0,433684.0,986.2,1012.8,981.3,986.2,120593250,1084.8,887.6,1102.5,649.1,1011.1,90,4,1011.0,149,3,1010.9,1255,8,1010.8,672,9,1010.7,1403,17,1011.2,279,2,1011.3,8,1,1011.4,5,1,1011.5,749,7,1011.6,1462,17
317,2025-11-26 14:42:34+05:30,1011.2,1,1002.25,8229998,396075.0,433684.0,986.2,1012.8,981.3,986.2,120593250,1084.8,887.6,1102.5,649.1,1011.1,90,4,1011.0,149,3,1010.9,1255,8,1010.8,672,9,1010.7,1403,17,1011.2,279,2,1011.3,8,1,1011.4,5,1,1011.5,749,7,1011.6,1462,17
317,2025-11-26 14:42:34+05:30,1011.2,1,1002.25,8230000,396256.0,433792.0,986.2,1012.8,981.3,986.2,120593250,1084.8,887.6,1102.5,649.1,1011.1,240,5,1011.0,149,3,1010.9,1255,8,1010.8,722,10,1010.7,1353,16,1011.2,280,3,1011.3,8,1,1011.4,5,1,1011.5,849,8,1011.6,1469,18
317,2025-11-26 14:42:35+05:30,1011.1,20,1002.25,8230000,396256.0,433792.0,986.2,1012.8,981.3,986.2,120593250,1084.8,887.6,1102.5,649.1,1011.1,240,5,1011.0,149,3,1010.9,1255,8,1010.8,722,10,1010.7,1353,16,1011.2,280,3,1011.3,8,1,1011.4,5,1,1011.5,849,8,1011.6,1469,18
317,2025-11-26 14:42:35+05:30,1011.2,1,1002.25,8230330,396318.0,433735.0,986.2,1012.8,981.3,986.2,120593250,1084.8,887.6,1102.5,649.1,1011.1,322,6,1011.0,87,4,1010.9,1308,10,1010.8,676,10,1010.7,1353,16,1011.2,188,3,1011.3,64,2,1011.4,60,2,1011.5,872,7,1011.6,1145,18
317,2025-11-26 14:42:36+05:30,1011.2,56,1002.25,8230330,396318.0,433735.0,986.2,1012.8,981.3,986.2,120593250,1084.8,887.6,1102.5,649.1,1011.1,322,6,1011.0,87,4,1010.9,1308,10,1010.8,676,10,1010.7,1353,16,1011.2,188,3,1011.3,64,2,1011.4,60,2,1011.5,872,7,1011.6,1145,18
317,2025-11-26 14:42:36+05:30,1011.2,56,1002.25,8230574,396743.0,433297.0,986.2,1012.8,981.3,986.2,120593250,1084.8,887.6,1102.5,649.1,1011.1,662,8,1011.0,23,4,1010.9,1376,11,1010.8,1198,10,1010.7,776,15,1011.2,31,2,1011.3,8,1,1011.4,60,2,1011.5,328,6,1011.6,1438,18
317,2025-11-26 14:42:37+05:30,1011.1,1,1002.25,8230574,396743.0,433297.0,986.2,1012.8,981.3,986.2,120593250,1084.8,887.6,1102.5,649.1,1011.1,662,8,1011.0,23,4,1010.9,1376,11,1010.8,1198,10,1010.7,776,15,1011.2,31,2,1011.3,8,1,1011.4,60,2,1011.5,328,6,1011.6,1438,18
317,2025-11-26 14:42:38+05:30,1011.2,73,1002.25,8230922,395554.0,434730.0,986.2,1012.8,981.3,986.2,120593250,1084.8,887.6,1102.5,649.1,1011.1,648,9,1011.0,18,3,1010.9,100,3,1010.8,245,2,1010.7,697,10,1011.2,150,3,1011.3,811,6,1011.4,616,8,1011.5,1207,15,1011.6,2094,19
317,2025-11-26 14:42:38+05:30,1011.3,132,1002.25,8230922,395554.0,434730.0,986.2,1012.8,981.3,986.2,120593250,1084.8,887.6,1102.5,649.1,1011.1,648,9,1011.0,18,3,1010.9,100,3,1010.8,245,2,1010.7,697,10,1011.2,150,3,1011.3,811,6,1011.4,616,8,1011.5,1207,15,1011.6,2094,19
317,2025-11-26 14:42:39+05:30,1011.2,1,1002.25,8231524,394965.0,433530.0,986.2,1012.8,981.3,986.2,120593250,1084.8,887.6,1102.5,649.1,1011.1,288,7,1011.0,123,4,1010.9,100,3,1010.8,245,2,1010.7,638,9,1011.2,51,2,1011.3,774,5,1011.4,281,5,1011.5,923,10,1011.6,2116,24
317,2025-11-26 14:42:39+05:30,1011.2,1,1002.25,8231524,394965.0,433530.0,986.2,1012.8,981.3,986.2,120593250,1084.8,887.6,1102.5,649.1,1011.1,288,7,1011.0,123,4,1010.9,100,3,1010.8,245,2,1010.7,638,9,1011.2,51,2,1011.3,774,5,1011.4,281,5,1011.5,923,10,1011.6,2116,24
317,2025-11-26 14:42:40+05:30,1011.2,1,1002.25,8231721,395207.0,433418.0,986.2,1012.8,981.3,986.2,120593250,1084.8,887.6,1102.5,649.1,1011.1,534,10,1011.0,123,4,1010.9,244,5,1010.8,316,3,1010.7,638,9,1011.2,28,1,1011.4,900,7,1011.5,980,11,1011.6,2116,24,1011.7,696,11
317,2025-11-26 14:42:40+05:30,1011.2,1,1002.25,8231721,395207.0,433418.0,986.2,1012.8,981.3,986.2,120593250,1084.8,887.6,1102.5,649.1,1011.1,534,10,1011.0,123,4,1010.9,244,5,1010.8,316,3,1010.7,638,9,1011.2,28,1,1011.4,900,7,1011.5,980,11,1011.6,2116,24,1011.7,696,11
317,2025-11-26 14:42:41+05:30,1011.2,59,1002.25,8231809,395443.0,433675.0,986.2,1012.8,981.3,986.2,120593250,1084.8,887.6,1102.5,649.1,1011.2,1,1,1011.1,846,12,1011.0,18,3,1010.9,350,6,1010.8,379,4,1011.4,238,5,1011.5,1067,9,1011.6,1650,22,1011.7,1446,12,1011.8,1278,14
317,2025-11-26 14:42:41+05:30,1011.2,59,1002.25,8231809,395443.0,433675.0,986.2,1012.8,981.3,986.2,120593250,1084.8,887.6,1102.5,649.1,1011.2,1,1,1011.1,846,12,1011.0,18,3,1010.9,350,6,1010.8,379,4,1011.4,238,5,1011.5,1067,9,1011.6,1650,22,1011.7,1446,12,1011.8,1278,14
317,2025-11-26 14:42:42+05:30,1011.2,1,1002.25,8231809,395443.0,433675.0,986.2,1012.8,981.3,986.2,120593250,1084.8,887.6,1102.5,649.1,1011.2,1,1,1011.1,846,12,1011.0,18,3,1010.9,350,6,1010.8,379,4,1011.4,238,5,1011.5,1067,9,1011.6,1650,22,1011.7,1446,12,1011.8,1278,14
317,2025-11-26 14:42:42+05:30,1011.2,1,1002.26,8232250,394822.0,434212.0,986.2,1012.8,981.3,986.2,120593250,1084.8,887.6,1102.5,649.1,1011.2,73,1,1011.1,614,8,1011.0,18,3,1010.9,350,6,1010.8,308,3,1011.3,52,1,1011.4,281,7,1011.5,1632,12,1011.6,1308,19,1011.7,1394,12
317,2025-11-26 14:42:43+05:30,1011.3,5,1002.26,8233266,394188.0,434741.0,986.2,1012.8,981.3,986.2,120593250,1084.8,887.6,1102.5,649.1,1011.1,88,3,1011.0,283,6,1010.9,110,4,1010.8,109,1,1010.7,1003,8,1011.3,533,7,1011.4,842,11,1011.5,989,11,1011.6,2058,20,1011.7,657,11
317,2025-11-26 14:42:43+05:30,1011.1,126,1002.26,8233266,394188.0,434741.0,986.2,1012.8,981.3,986.2,120593250,1084.8,887.6,1102.5,649.1,1011.1,88,3,1011.0,283,6,1010.9,110,4,1010.8,109,1,1010.7,1003,8,1011.3,533,7,1011.4,842,11,1011.5,989,11,1011.6,2058,20,1011.7,657,11
317,2025-11-26 14:42:44+05:30,1011.2,117,1002.26,8233266,394188.0,434741.0,986.2,1012.8,981.3,986.2,120593250,1084.8,887.6,1102.5,649.1,1011.1,88,3,1011.0,283,6,1010.9,110,4,1010.8,109,1,1010.7,1003,8,1011.3,533,7,1011.4,842,11,1011.5,989,11,1011.6,2058,20,1011.7,657,11
317,2025-11-26 14:42:44+05:30,1011.2,117,1002.26,8233839,394420.0,434790.0,986.2,1012.8,981.3,986.2,120593250,1084.8,887.6,1102.5,649.1,1011.1,218,4,1011.0,283,6,1010.9,113,5,1010.8,109,1,1010.7,462,7,1011.2,433,5,1011.3,188,4,1011.4,1029,9,1011.5,1123,16,1011.6,2038,18
317,2025-11-26 14:42:45+05:30,1011.1,29,1002.26,8233839,394420.0,434790.0,986.2,1012.8,981.3,986.2,120593250,1084.8,887.6,1102.5,649.1,1011.1,218,4,1011.0,283,6,1010.9,113,5,1010.8,109,1,1010.7,462,7,1011.2,433,5,1011.3,188,4,1011.4,1029,9,1011.5,1123,16,1011.6,2038,18
317,2025-11-26 14:42:45+05:30,1011.1,29,1002.26,8234169,394375.0,434290.0,986.2,1012.8,981.3,986.2,120593250,1084.8,887.6,1102.5,649.1,1011.1,335,5,1011.0,119,4,1010.9,113,5,1010.8,173,2,1010.7,527,8,1011.2,284,5,1011.3,70,2,1011.4,998,8,1011.5,1123,16,1011.6,2038,18
317,2025-11-26 14:42:46+05:30,1011.1,3,1002.26,8234169,394375.0,434290.0,986.2,1012.8,981.3,986.2,120593250,1084.8,887.6,1102.5,649.1,1011.1,335,5,1011.0,119,4,1010.9,113,5,1010.8,173,2,1010.7,527,8,1011.2,284,5,1011.3,70,2,1011.4,998,8,1011.5,1123,16,1011.6,2038,18
317,2025-11-26 14:42:46+05:30,1011.1,3,1002.26,8234254,394720.0,434223.0,986.2,1012.8,981.3,986.2,120593250,1084.8,887.6,1102.5,649.1,1011.1,544,7,1011.0,119,4,1010.9,113,5,1010.8,309,3,1010.7,527,8,1011.2,209,4,1011.3,70,2,1011.4,998,8,1011.5,1081,15,1011.6,2038,18
317,2025-11-26 14:42:47+05:30,1011.2,61,1002.26,8234254,394720.0,434223.0,986.2,1012.8,981.3,986.2,120593250,1084.8,887.6,1102.5,649.1,1011.1,544,7,1011.0,119,4,1010.9,113,5,1010.8,309,3,1010.7,527,8,1011.2,209,4,1011.3,70,2,1011.4,998,8,1011.5,1081,15,1011.6,2038,18
317,2025-11-26 14:42:47+05:30,1011.2,61,1002.26,8234773,394947.0,434096.0,986.2,1012.8,981.3,986.2,120593250,1084.8,887.6,1102.5,649.1,1011.1,291,6,1011.0,89,5,1010.9,365,8,1010.8,675,7,1010.7,617,9,1011.2,171,3,1011.3,70,2,1011.4,577,3,1011.5,989,11,1011.6,2045,18
317,2025-11-26 14:42:48+05:30,1011.2,73,1002.26,8234773,394947.0,434096.0,986.2,1012.8,981.3,986.2,120593250,1084.8,887.6,1102.5,649.1,1011.1,291,6,1011.0,89,5,1010.9,365,8,1010.8,675,7,1010.7,617,9,1011.2,171,3,1011.3,70,2,1011.4,577,3,1011.5,989,11,1011.6,2045,18
317,2025-11-26 14:42:48+05:30,1011.1,126,1002.26,8234975,394883.0,433802.0,986.2,1012.8,981.3,986.2,120593250,1084.8,887.6,1102.5,649.1,1011.1,175,7,1011.0,89,5,1010.9,313,7,1010.8,779,9,1010.7,617,9,1011.2,92,2,1011.3,134,3,1011.4,713,4,1011.5,937,10,1011.6,2097,19
317,2025-11-26 14:42:49+05:30,1011.1,52,1002.26,8234975,394883.0,433802.0,986.2,1012.8,981.3,986.2,120593250,1084.8,887.6,1102.5,649.1,1011.1,175,7,1011.0,89,5,1010.9,313,7,1010.8,779,9,1010.7,617,9,1011.2,92,2,1011.3,134,3,1011.4,713,4,1011.5,937,10,1011.6,2097,19
317,2025-11-26 14:42:49+05:30,1011.1,52,1002.26,8236461,395560.0,434116.0,986.2,1012.8,981.3,986.2,120593250,1084.8,887.6,1102.5,649.1,1011.1,116,3,1011.0,18,3,1010.9,177,6,1010.8,410,4,1010.7,454,7,1011.2,366,4,1011.3,94,2,1011.4,1044,10,1011.5,899,9,1011.6,2085,19
317,2025-11-26 14:42:50+05:30,1011.2,79,1002.26,8236461,395560.0,434116.0,986.2,1012.8,981.3,986.2,120593250,1084.8,887.6,1102.5,649.1,1011.1,116,3,1011.0,18,3,1010.9,177,6,1010.8,410,4,1010.7,454,7,1011.2,366,4,1011.3,94,2,1011.4,1044,10,1011.5,899,9,1011.6,2085,19
317,2025-11-26 14:42:50+05:30,1011.3,19,1002.26,8236733,395614.0,433427.0,986.2,1012.8,981.3,986.2,120593250,1084.8,887.6,1102.5,649.1,1011.2,75,3,1011.1,82,2,1011.0,18,3,1010.9,419,8,1010.8,475,5,1011.3,214,2,1011.4,321,5,1011.5,729,10,1011.6,2383,20,1011.7,676,13
317,2025-11-26 14:42:51+05:30,1011.3,72,1002.26,8236733,395614.0,433427.0,986.2,1012.8,981.3,986.2,120593250,1084.8,887.6,1102.5,649.1,1011.2,75,3,1011.1,82,2,1011.0,18,3,1010.9,419,8,1010.8,475,5,1011.3,214,2,1011.4,321,5,1011.5,729,10,1011.6,2383,20,1011.7,676,13
317,2025-11-26 14:42:51+05:30,1011.2,4,1002.26,8237232,394595.0,435605.0,986.2,1012.8,981.3,986.2,120593250,1084.8,887.6,1102.5,649.1,1011.2,4,1,1011.1,172,3,1011.0,18,3,1010.9,213,4,1010.8,345,3,1011.3,302,4,1011.4,759,9,1011.5,1451,12,1011.6,2039,19,1011.7,650,11
317,2025-11-26 14:42:52+05:30,1011.2,4,1002.26,8237232,394595.0,435605.0,986.2,1012.8,981.3,986.2,120593250,1084.8,887.6,1102.5,649.1,1011.2,4,1,1011.1,172,3,1011.0,18,3,1010.9,213,4,1010.8,345,3,1011.3,302,4,1011.4,759,9,1011.5,1451,12,1011.6,2039,19,1011.7,650,11
317,2025-11-26 14:42:53+05:30,1011.2,22,1002.26,8237647,394908.0,434699.0,986.2,1012.8,981.3,986.2,120593250,1084.8,887.6,1102.5,649.1,1011.1,116,3,1011.0,91,4,1010.9,107,3,1010.8,409,4,1010.7,660,10,1011.2,204,3,1011.3,336,4,1011.4,936,7,1011.5,1123,11,1011.6,2013,17
317,2025-11-26 14:42:53+05:30,1011.2,22,1002.26,8237647,394908.0,434699.0,986.2,1012.8,981.3,986.2,120593250,1084.8,887.6,1102.5,649.1,1011.1,116,3,1011.0,91,4,1010.9,107,3,1010.8,409,4,1010.7,660,10,1011.2,204,3,1011.3,336,4,1011.4,936,7,1011.5,1123,11,1011.6,2013,17
317,2025-11-26 14:42:54+05:30,1011.0,19,1002.26,8238167,394011.0,435172.0,986.2,1012.8,981.3,986.2,120593250,1084.8,887.6,1102.5,649.1,1010.9,180,4,1010.8,100,1,1010.7,521,8,1010.6,1030,8,1010.5,1660,18,1011.1,230,4,1011.2,721,4,1011.3,562,5,1011.4,944,10,1011.5,836,10
317,2025-11-26 14:42:54+05:30,1011.0,19,1002.26,8238167,394011.0,435172.0,986.2,1012.8,981.3,986.2,120593250,1084.8,887.6,1102.5,649.1,1010.9,180,4,1010.8,100,1,1010.7,521,8,1010.6,1030,8,1010.5,1660,18,1011.1,230,4,1011.2,721,4,1011.3,562,5,1011.4,944,10,1011.5,836,10
317,2025-11-26 14:42:55+05:30,1011.1,2,1002.26,8238173,394593.0,434266.0,986.2,1012.8,981.3,986.2,120593250,1084.8,887.6,1102.5,649.1,1011.0,446,5,1010.9,195,6,1010.8,465,6,1010.7,583,8,1010.6,1022,8,1011.1,194,3,1011.2,78,2,1011.3,597,3,1011.4,429,6,1011.5,926,9
317,2025-11-26 14:42:55+05:30,1011.1,2,1002.26,8238173,394593.0,434266.0,986.2,1012.8,981.3,986.2,120593250,1084.8,887.6,1102.5,649.1,1011.0,446,5,1010.9,195,6,1010.8,465,6,1010.7,583,8,1010.6,1022,8,1011.1,194,3,1011.2,78,2,1011.3,597,3,1011.4,429,6,1011.5,926,9
317,2025-11-26 14:42:56+05:30,1011.1,55,1002.26,8238173,394593.0,434266.0,986.2,1012.8,981.3,986.2,120593250,1084.8,887.6,1102.5,649.1,1011.0,446,5,1010.9,195,6,1010.8,465,6,1010.7,583,8,1010.6,1022,8,1011.1,194,3,1011.2,78,2,1011.3,597,3,1011.4,429,6,1011.5,926,9
317,2025-11-26 14:42:56+05:30,1011.1,55,1002.26,8238493,394667.0,433945.0,986.2,1012.8,981.3,986.2,120593250,1084.8,887.6,1102.5,649.1,1011.0,446,5,1010.9,282,6,1010.8,583,8,1010.7,692,10,1010.6,1133,9,1011.1,91,2,1011.2,78,2,1011.3,55,1,1011.4,757,5,1011.5,864,8
317,2025-11-26 14:42:57+05:30,1011.1,59,1002.26,8238644,394852.0,434089.0,986.2,1012.8,981.3,986.2,120593250,1084.8,887.6,1102.5,649.1,1011.0,575,9,1010.9,387,8,1010.8,534,7,1010.7,692,10,1010.6,1133,9,1011.1,91,2,1011.2,78,2,1011.3,55,1,1011.4,757,5,1011.5,864,8
317,2025-11-26 14:42:57+05:30,1011.1,59,1002.26,8238644,394852.0,434089.0,986.2,1012.8,981.3,986.2,120593250,1084.8,887.6,1102.5,649.1,1011.0,575,9,1010.9,387,8,1010.8,534,7,1010.7,692,10,1010.6,1133,9,1011.1,91,2,1011.2,78,2,1011.3,55,1,1011.4,757,5,1011.5,864,8
317,2025-11-26 14:42:58+05:30,1011.1,19,1002.26,8238644,394852.0,434089.0,986.2,1012.8,981.3,986.2,120593250,1084.8,887.6,1102.5,649.1,1011.0,575,9,1010.9,387,8,1010.8,534,7,1010.7,692,10,1010.6,1133,9,1011.1,91,2,1011.2,78,2,1011.3,55,1,1011.4,757,5,1011.5,864,8
317,2025-11-26 14:42:58+05:30,1011.1,10,1002.26,8239039,394772.0,433618.0,986.2,1012.8,981.3,986.2,120593250,1084.8,887.6,1102.5,649.1,1011.1,146,2,1011.0,340,5,1010.9,264,6,1010.8,641,8,1010.7,692,10,1011.2,228,3,1011.3,55,1,1011.4,639,3,1011.5,805,7,1011.6,2109,20
317,2025-11-26 14:42:59+05:30,1011.3,150,1002.26,8239039,394772.0,433618.0,986.2,1012.8,981.3,986.2,120593250,1084.8,887.6,1102.5,649.1,1011.1,146,2,1011.0,340,5,1010.9,264,6,1010.8,641,8,1010.7,692,10,1011.2,228,3,1011.3,55,1,1011.4,639,3,1011.5,805,7,1011.6,2109,20
317,2025-11-26 14:42:59+05:30,1011.3,150,1002.26,8239708,393873.0,433897.0,986.2,1012.8,981.3,986.2,120593250,1084.8,887.6,1102.5,649.1,1011.2,406,3,1011.1,72,2,1011.0,18,2,1010.9,271,5,1010.8,529,6,1011.3,199,2,1011.4,114,2,1011.5,1329,10,1011.6,2064,21,1011.7,711,15
317,2025-11-26 14:43:00+05:30,1011.3,2,1002.26,8239708,393873.0,433897.0,986.2,1012.8,981.3,986.2,120593250,1084.8,887.6,1102.5,649.1,1011.2,406,3,1011.1,72,2,1011.0,18,2,1010.9,271,5,1010.8,529,6,1011.3,199,2,1011.4,114,2,1011.5,1329,10,1011.6,2064,21,1011.7,711,15
317,2025-11-26 14:43:00+05:30,1011.2,9,1002.26,8239719,394254.0,433568.0,986.2,1012.8,981.3,986.2,120593250,1084.8,887.6,1102.5,649.1,1011.2,715,10,1011.1,72,2,1011.0,23,3,1010.9,255,4,1010.8,593,7,1011.3,152,3,1011.4,150,3,1011.5,1387,11,1011.6,2089,22,1011.7,714,16
317,2025-11-26 14:43:01+05:30,1011.2,10,1002.26,8239719,394254.0,433568.0,986.2,1012.8,981.3,986.2,120593250,1084.8,887.6,1102.5,649.1,1011.2,715,10,1011.1,72,2,1011.0,23,3,1010.9,255,4,1010.8,593,7,1011.3,152,3,1011.4,150,3,1011.5,1387,11,1011.6,2089,22,1011.7,714,16
317,2025-11-26 14:43:01+05:30,1011.2,4,1002.26,8240790,393576.0,434391.0,986.2,1012.8,981.3,986.2,120593250,1084.8,887.6,1102.5,649.1,1011.2,27,2,1011.1,62,2,1011.0,197,3,1010.9,255,4,1010.8,475,5,1011.3,121,4,1011.4,366,5,1011.5,1681,14,1011.6,2031,18,1011.7,740,18
317,2025-11-26 14:43:02+05:30,1011.2,4,1002.26,8240790,393576.0,434391.0,986.2,1012.8,981.3,986.2,120593250,1084.8,887.6,1102.5,649.1,1011.2,27,2,1011.1,62,2,1011.0,197,3,1010.9,255,4,1010.8,475,5,1011.3,121,4,1011.4,366,5,1011.5,1681,14,1011.6,2031,18,1011.7,740,18
317,2025-11-26 14:43:02+05:30,1011.3,4,1002.26,8240794,394824.0,434173.0,986.2,1012.8,981.3,986.2,120593250,1084.8,887.6,1102.5,649.1,1011.3,219,3,1011.2,83,2,1011.1,66,3,1011.0,453,6,1010.9,288,5,1011.5,1194,10,1011.6,2163,17,1011.7,722,18,1011.8,1226,11,1011.9,1451,20
317,2025-11-26 14:43:03+05:30,1011.4,73,1002.26,8240794,394824.0,434173.0,986.2,1012.8,981.3,986.2,120593250,1084.8,887.6,1102.5,649.1,1011.3,219,3,1011.2,83,2,1011.1,66,3,1011.0,453,6,1010.9,288,5,1011.5,1194,10,1011.6,2163,17,1011.7,722,18,1011.8,1226,11,1011.9,1451,20
317,2025-11-26 14:43:03+05:30,1011.3,10,1002.26,8241123,394399.0,434260.0,986.2,1012.8,981.3,986.2,120593250,1084.8,887.6,1102.5,649.1,1011.2,604,6,1011.1,8,2,1011.0,19,2,1010.9,352,5,1010.8,414,4,1011.3,306,1,1011.4,145,3,1011.5,640,10,1011.6,3137,22,1011.7,743,18
317,2025-11-26 14:43:04+05:30,1011.3,15,1002.26,8241123,394399.0,434260.0,986.2,1012.8,981.3,986.2,120593250,1084.8,887.6,1102.5,649.1,1011.2,604,6,1011.1,8,2,1011.0,19,2,1010.9,352,5,1010.8,414,4,1011.3,306,1,1011.4,145,3,1011.5,640,10,1011.6,3137,22,1011.7,743,18
317,2025-11-26 14:43:04+05:30,1011.4,74,1002.27,8241593,395351.0,434561.0,986.2,1012.8,981.3,986.2,120593250,1084.8,887.6,1102.5,649.1,1011.2,752,8,1011.1,8,2,1011.0,5,1,1010.9,474,11,1010.8,1255,8,1011.4,295,2,1011.5,964,8,1011.6,3096,19,1011.7,834,21,1011.8,1226,11
317,2025-11-26 14:43:05+05:30,1011.3,2,1002.27,8241593,395351.0,434561.0,986.2,1012.8,981.3,986.2,120593250,1084.8,887.6,1102.5,649.1,1011.2,752,8,1011.1,8,2,1011.0,5,1,1010.9,474,11,1010.8,1255,8,1011.4,295,2,1011.5,964,8,1011.6,3096,19,1011.7,834,21,1011.8,1226,11
317,2025-11-26 14:43:06+05:30,1011.4,1,1002.27,8242494,394290.0,434325.0,986.2,1012.8,981.3,986.2,120593250,1084.8,887.6,1102.5,649.1,1011.3,249,4,1011.2,93,3,1011.1,8,2,1010.9,411,8,1010.8,623,11,1011.4,553,4,1011.5,881,10,1011.6,2821,18,1011.7,724,18,1011.8,1286,14
317,2025-11-26 14:43:06+05:30,1011.4,1,1002.27,8242494,394290.0,434325.0,986.2,1012.8,981.3,986.2,120593250,1084.8,887.6,1102.5,649.1,1011.3,249,4,1011.2,93,3,1011.1,8,2,1010.9,411,8,1010.8,623,11,1011.4,553,4,1011.5,881,10,1011.6,2821,18,1011.7,724,18,1011.8,1286,14
317,2025-11-26 14:43:07+05:30,1011.4,9,1002.27,8242640,394251.0,434685.0,986.2,1012.8,981.3,986.2,120593250,1084.8,887.6,1102.5,649.1,1011.3,256,5,1011.2,21,1,1011.1,8,2,1011.0,1,1,1010.9,411,8,1011.4,161,3,1011.5,1631,11,1011.6,2821,18,1011.7,721,17,1011.8,1291,16
317,2025-11-26 14:43:07+05:30,1011.3,3,1002.27,8242640,394251.0,434685.0,986.2,1012.8,981.3,986.2,120593250,1084.8,887.6,1102.5,649.1,1011.3,256,5,1011.2,21,1,1011.1,8,2,1011.0,1,1,1010.9,411,8,1011.4,161,3,1011.5,1631,11,1011.6,2821,18,1011.7,721,17,1011.8,1291,16
317,2025-11-26 14:43:08+05:30,1011.4,1,1002.27,8243158,394937.0,434592.0,986.2,1012.8,981.3,986.2,120593250,1084.8,887.6,1102.5,649.1,1011.2,313,6,1011.1,81,3,1011.0,161,3,1010.9,392,6,1010.8,558,10,1011.4,185,3,1011.5,1631,11,1011.6,2806,19,1011.7,691,15,1011.8,1289,15
317,2025-11-26 14:43:08+05:30,1011.4,1,1002.27,8243158,394937.0,434592.0,986.2,1012.8,981.3,986.2,120593250,1084.8,887.6,1102.5,649.1,1011.2,313,6,1011.1,81,3,1011.0,161,3,1010.9,392,6,1010.8,558,10,1011.4,185,3,1011.5,1631,11,1011.6,2806,19,1011.7,691,15,1011.8,1289,15
317,2025-11-26 14:43:09+05:30,1011.4,2,1002.27,8243158,394937.0,434592.0,986.2,1012.8,981.3,986.2,120593250,1084.8,887.6,1102.5,649.1,1011.2,313,6,1011.1,81,3,1011.0,161,3,1010.9,392,6,1010.8,558,10,1011.4,185,3,1011.5,1631,11,1011.6,2806,19,1011.7,691,15,1011.8,1289,15
317,2025-11-26 14:43:09+05:30,1011.4,2,1002.27,8243970,394992.0,434929.0,986.2,1012.8,981.3,986.2,120593250,1084.8,887.6,1102.5,649.1,1011.2,155,3,1011.0,161,3,1010.9,395,6,1010.8,557,10,1010.7,663,10,1011.4,923,6,1011.5,1674,12,1011.6,2785,18,1011.7,691,15,1011.8,1286,14
317,2025-11-26 14:43:10+05:30,1011.4,1,1002.27,8243970,394992.0,434929.0,986.2,1012.8,981.3,986.2,120593250,1084.8,887.6,1102.5,649.1,1011.2,155,3,1011.0,161,3,1010.9,395,6,1010.8,557,10,1010.7,663,10,1011.4,923,6,1011.5,1674,12,1011.6,2785,18,1011.7,691,15,1011.8,1286,14
317,2025-11-26 14:43:10+05:30,1011.4,1,1002.27,8244118,396338.0,434720.0,986.2,1012.8,981.3,986.2,120593250,1084.8,887.6,1102.5,649.1,1011.3,364,4,1011.2,86,2,1011.1,14,2,1011.0,283,5,1010.9,457,7,1011.4,927,6,1011.5,379,7,1011.6,1906,14,1011.7,2348,20,1011.8,1286,14
317,2025-11-26 14:43:11+05:30,1011.4,73,1002.27,8244118,396338.0,434720.0,986.2,1012.8,981.3,986.2,120593250,1084.8,887.6,1102.5,649.1,1011.3,364,4,1011.2,86,2,1011.1,14,2,1011.0,283,5,1010.9,457,7,1011.4,927,6,1011.5,379,7,1011.6,1906,14,1011.7,2348,20,1011.8,1286,14
317,2025-11-26 14:43:11+05:30,1011.4,73,1002.27,8244267,396367.0,434560.0,986.2,1012.8,981.3,986.2,120593250,1084.8,887.6,1102.5,649.1,1011.3,384,6,1011.2,73,1,1011.1,14,2,1011.0,283,5,1010.9,457,7,1011.4,811,6,1011.5,640,5,1011.6,2954,16,1011.7,734,17,1011.8,1286,14
317,2025-11-26 14:43:12+05:30,1011.4,150,1002.27,8244267,396367.0,434560.0,986.2,1012.8,981.3,986.2,120593250,1084.8,887.6,1102.5,649.1,1011.3,384,6,1011.2,73,1,1011.1,14,2,1011.0,283,5,1010.9,457,7,1011.4,811,6,1011.5,640,5,1011.6,2954,16,1011.7,734,17,1011.8,1286,14
317,2025-11-26 14:43:12+05:30,1011.4,32,1002.27,8244931,396173.0,433824.0,986.2,1012.8,981.3,986.2,120593250,1084.8,887.6,1102.5,649.1,1011.3,161,5,1011.2,142,2,1011.1,14,2,1011.0,538,9,1010.9,607,9,1011.4,240,5,1011.5,661,4,1011.6,2715,13,1011.7,593,16,1011.8,1286,14
317,2025-11-26 14:43:13+05:30,1011.3,55,1002.27,8244931,396173.0,433824.0,986.2,1012.8,981.3,986.2,120593250,1084.8,887.6,1102.5,649.1,1011.3,161,5,1011.2,142,2,1011.1,14,2,1011.0,538,9,1010.9,607,9,1011.4,240,5,1011.5,661,4,1011.6,2715,13,1011.7,593,16,1011.8,1286,14
317,2025-11-26 14:43:13+05:30,1011.2,70,1002.27,8245336,395619.0,434077.0,986.2,1012.8,981.3,986.2,120593250,1084.8,887.6,1102.5,649.1,1011.2,108,3,1011.1,15,3,1011.0,323,6,1010.9,523,8,1010.8,1551,16,1011.3,290,2,1011.4,122,6,1011.5,1274,10,1011.6,1906,15,1011.7,1415,16
317,2025-11-26 14:43:14+05:30,1011.3,2,1002.27,8245336,395619.0,434077.0,986.2,1012.8,981.3,986.2,120593250,1084.8,887.6,1102.5,649.1,1011.2,108,3,1011.1,15,3,1011.0,323,6,1010.9,523,8,1010.8,1551,16,1011.3,290,2,1011.4,122,6,1011.5,1274,10,1011.6,1906,15,1011.7,1415,16
317,2025-11-26 14:43:14+05:30,1011.1,3,1002.27,8245943,394300.0,435622.0,986.2,1012.8,981.3,986.2,120593250,1084.8,887.6,1102.5,649.1,1011.0,138,3,1010.9,147,4,1010.8,207,2,1010.7,1160,7,1010.6,527,6,1011.3,451,7,1011.4,1161,13,1011.5,1489,14,1011.6,2062,17,1011.7,672,14
317,2025-11-26 14:43:15+05:30,1011.2,2,1002.27,8245943,394300.0,435622.0,986.2,1012.8,981.3,986.2,120593250,1084.8,887.6,1102.5,649.1,1011.0,138,3,1010.9,147,4,1010.8,207,2,1010.7,1160,7,1010.6,527,6,1011.3,451,7,1011.4,1161,13,1011.5,1489,14,1011.6,2062,17,1011.7,672,14
317,2025-11-26 14:43:16+05:30,1011.2,1,1002.27,8247425,395531.0,434092.0,986.2,1012.8,981.3,986.2,120593250,1084.8,887.6,1102.5,649.1,1011.0,146,2,1010.9,290,4,1010.8,415,4,1010.7,1162,9,1010.6,731,11,1011.2,100,2,1011.3,628,5,1011.4,523,12,1011.5,1000,13,1011.6,2849,19
317,2025-11-26 14:43:16+05:30,1011.3,26,1002.27,8247425,395531.0,434092.0,986.2,1012.8,981.3,986.2,120593250,1084.8,887.6,1102.5,649.1,1011.0,146,2,1010.9,290,4,1010.8,415,4,1010.7,1162,9,1010.6,731,11,1011.2,100,2,1011.3,628,5,1011.4,523,12,1011.5,1000,13,1011.6,2849,19
317,2025-11-26 14:43:17+05:30,1011.2,20,1002.27,8247814,396351.0,434326.0,986.2,1012.8,981.3,986.2,120593250,1084.8,887.6,1102.5,649.1,1011.1,211,2,1011.0,150,3,1010.9,149,3,1010.8,480,5,1010.7,652,8,1011.2,9,2,1011.3,170,5,1011.4,902,12,1011.5,938,11,1011.6,2649,17
317,2025-11-26 14:43:17+05:30,1011.3,8,1002.27,8247814,396351.0,434326.0,986.2,1012.8,981.3,986.2,120593250,1084.8,887.6,1102.5,649.1,1011.1,211,2,1011.0,150,3,1010.9,149,3,1010.8,480,5,1010.7,652,8,1011.2,9,2,1011.3,170,5,1011.4,902,12,1011.5,938,11,1011.6,2649,17
317,2025-11-26 14:43:18+05:30,1011.3,1,1002.27,8248390,396355.0,434443.0,986.2,1012.8,981.3,986.2,120593250,1084.8,887.6,1102.5,649.1,1011.1,442,5,1011.0,4,1,1010.9,149,3,1010.8,542,6,1010.7,652,8,1011.3,82,3,1011.4,639,8,1011.5,916,11,1011.6,2769,19,1011.7,677,13
317,2025-11-26 14:43:18+05:30,1011.3,1,1002.27,8248390,396355.0,434443.0,986.2,1012.8,981.3,986.2,120593250,1084.8,887.6,1102.5,649.1,1011.1,442,5,1011.0,4,1,1010.9,149,3,1010.8,542,6,1010.7,652,8,1011.3,82,3,1011.4,639,8,1011.5,916,11,1011.6,2769,19,1011.7,677,13
317,2025-11-26 14:43:19+05:30,1011.2,6,1002.27,8248390,396355.0,434443.0,986.2,1012.8,981.3,986.2,120593250,1084.8,887.6,1102.5,649.1,1011.1,442,5,1011.0,4,1,1010.9,149,3,1010.8,542,6,1010.7,652,8,1011.3,82,3,1011.4,639,8,1011.5,916,11,1011.6,2769,19,1011.7,677,13
317,2025-11-26 14:43:19+05:30,1011.2,6,1002.27,8248635,396400.0,434387.0,986.2,1012.8,981.3,986.2,120593250,1084.8,887.6,1102.5,649.1,1011.2,213,3,1011.1,228,4,1011.0,4,1,1010.9,149,3,1010.8,542,6,1011.3,100,2,1011.4,639,8,1011.5,997,12,1011.6,2769,19,1011.7,677,13
317,2025-11-26 14:43:20+05:30,1011.4,9,1002.27,8248635,396400.0,434387.0,986.2,1012.8,981.3,986.2,120593250,1084.8,887.6,1102.5,649.1,1011.2,213,3,1011.1,228,4,1011.0,4,1,1010.9,149,3,1010.8,542,6,1011.3,100,2,1011.4,639,8,1011.5,997,12,1011.6,2769,19,1011.7,677,13
317,2025-11-26 14:43:20+05:30,1011.4,9,1002.27,8248988,396428.0,433285.0,986.2,1012.8,981.3,986.2,120593250,1084.8,887.6,1102.5,649.1,1011.2,523,4,1011.1,24,2,1011.0,4,1,1010.9,262,4,1010.8,542,6,1011.3,2,1,1011.4,119,5,1011.5,467,8,1011.6,1611,17,1011.7,2112,14
317,2025-11-26 14:43:21+05:30,1011.3,1,1002.27,8248988,396428.0,433285.0,986.2,1012.8,981.3,986.2,120593250,1084.8,887.6,1102.5,649.1,1011.2,523,4,1011.1,24,2,1011.0,4,1,1010.9,262,4,1010.8,542,6,1011.3,2,1,1011.4,119,5,1011.5,467,8,1011.6,1611,17,1011.7,2112,14
317,2025-11-26 14:43:21+05:30,1011.3,1,1002.27,8248989,397252.0,433969.0,986.2,1012.8,981.3,986.2,120593250,1084.8,887.6,1102.5,649.1,1011.2,833,10,1011.1,24,2,1011.0,222,4,1010.9,300,4,1010.8,1292,7,1011.3,11,2,1011.4,110,4,1011.5,979,8,1011.6,1533,15,1011.7,2138,16
317,2025-11-26 14:43:22+05:30,1011.4,1,1002.27,8248989,397252.0,433969.0,986.2,1012.8,981.3,986.2,120593250,1084.8,887.6,1102.5,649.1,1011.2,833,10,1011.1,24,2,1011.0,222,4,1010.9,300,4,1010.8,1292,7,1011.3,11,2,1011.4,110,4,1011.5,979,8,1011.6,1533,15,1011.7,2138,16
317,2025-11-26 14:43:22+05:30,1011.2,28,1002.27,8250051,395765.0,436606.0,986.2,1012.8,981.3,986.2,120593250,1084.8,887.6,1102.5,649.1,1011.2,14,2,1011.1,174,3,1011.0,4,1,1010.8,280,4,1010.7,1012,7,1011.3,451,5,1011.4,1454,13,1011.5,2226,16,1011.6,1325,17,1011.7,747,14
317,2025-11-26 14:43:23+05:30,1011.2,1,1002.27,8250051,395765.0,436606.0,986.2,1012.8,981.3,986.2,120593250,1084.8,887.6,1102.5,649.1,1011.2,14,2,1011.1,174,3,1011.0,4,1,1010.8,280,4,1010.7,1012,7,1011.3,451,5,1011.4,1454,13,1011.5,2226,16,1011.6,1325,17,1011.7,747,14
317,2025-11-26 14:43:23+05:30,1011.1,4,1002.28,8250682,395532.0,437068.0,986.2,1012.8,981.3,986.2,120593250,1084.8,887.6,1102.5,649.1,1011.1,16,2,1011.0,4,1,1010.8,208,2,1010.7,226,4,1010.6,680,13,1011.2,533,5,1011.3,690,5,1011.4,1773,14,1011.5,1463,15,1011.6,1299,15
317,2025-11-26 14:43:24+05:30,1011.0,26,1002.28,8250682,395532.0,437068.0,986.2,1012.8,981.3,986.2,120593250,1084.8,887.6,1102.5,649.1,1011.1,16,2,1011.0,4,1,1010.8,208,2,1010.7,226,4,1010.6,680,13,1011.2,533,5,1011.3,690,5,1011.4,1773,14,1011.5,1463,15,1011.6,1299,15
317,2025-11-26 14:43:25+05:30,1011.2,1,1002.28,8250682,395532.0,437068.0,986.2,1012.8,981.3,986.2,120593250,1084.8,887.6,1102.5,649.1,1011.1,16,2,1011.0,4,1,1010.8,208,2,1010.7,226,4,1010.6,680,13,1011.2,533,5,1011.3,690,5,1011.4,1773,14,1011.5,1463,15,1011.6,1299,15
317,2025-11-26 14:43:25+05:30,1011.2,2,1002.28,8251807,396889.0,434299.0,986.2,1012.8,981.3,986.2,120593250,1084.8,887.6,1102.5,649.1,1011.0,224,6,1010.9,646,7,1010.8,463,6,1010.7,556,8,1010.6,697,10,1011.2,268,3,1011.3,544,3,1011.4,480,8,1011.5,758,9,1011.6,1654,17
317,2025-11-26 14:43:26+05:30,1011.2,3,1002.28,8251807,396889.0,434299.0,986.2,1012.8,981.3,986.2,120593250,1084.8,887.6,1102.5,649.1,1011.0,224,6,1010.9,646,7,1010.8,463,6,1010.7,556,8,1010.6,697,10,1011.2,268,3,1011.3,544,3,1011.4,480,8,1011.5,758,9,1011.6,1654,17
317,2025-11-26 14:43:26+05:30,1011.2,97,1002.28,8252499,397434.0,433597.0,986.2,1012.8,981.3,986.2,120593250,1084.8,887.6,1102.5,649.1,1011.0,127,3,1010.9,597,9,1010.8,598,7,1010.7,556,8,1010.6,706,11,1011.2,162,3,1011.3,41,2,1011.4,100,4,1011.5,1097,7,1011.6,2039,11
317,2025-11-26 14:43:27+05:30,1011.0,51,1002.28,8252499,397434.0,433597.0,986.2,1012.8,981.3,986.2,120593250,1084.8,887.6,1102.5,649.1,1011.0,127,3,1010.9,597,9,1010.8,598,7,1010.7,556,8,1010.6,706,11,1011.2,162,3,1011.3,41,2,1011.4,100,4,1011.5,1097,7,1011.6,2039,11
317,2025-11-26 14:43:28+05:30,1011.0,51,1002.28,8252553,397328.0,433807.0,986.2,1012.8,981.3,986.2,120593250,1084.8,887.6,1102.5,649.1,1011.1,292,4,1011.0,72,2,1010.9,475,6,1010.8,598,7,1010.7,1144,11,1011.2,162,3,1011.3,41,2,1011.4,302,5,1011.5,1300,9,1011.6,2195,15
317,2025-11-26 14:43:28+05:30,1011.2,61,1002.28,8252553,397328.0,433807.0,986.2,1012.8,981.3,986.2,120593250,1084.8,887.6,1102.5,649.1,1011.1,292,4,1011.0,72,2,1010.9,475,6,1010.8,598,7,1010.7,1144,11,1011.2,162,3,1011.3,41,2,1011.4,302,5,1011.5,1300,9,1011.6,2195,15
317,2025-11-26 14:43:29+05:30,1011.3,25,1002.28,8253123,396630.0,433332.0,986.2,1012.8,981.3,986.2,120593250,1084.8,887.6,1102.5,649.1,1011.2,450,7,1011.1,7,1,1011.0,93,4,1010.9,395,6,1010.8,605,7,1011.3,165,2,1011.4,100,4,1011.5,629,4,1011.6,1611,13,1011.7,1499,15
317,2025-11-26 14:43:29+05:30,1011.3,1,1002.28,8253123,396630.0,433332.0,986.2,1012.8,981.3,986.2,120593250,1084.8,887.6,1102.5,649.1,1011.2,450,7,1011.1,7,1,1011.0,93,4,1010.9,395,6,1010.8,605,7,1011.3,165,2,1011.4,100,4,1011.5,629,4,1011.6,1611,13,1011.7,1499,15
317,2025-11-26 14:43:30+05:30,1011.3,1,1002.28,8253126,396697.0,434685.0,986.2,1012.8,981.3,986.2,120593250,1084.8,887.6,1102.5,649.1,1011.2,508,12,1011.1,7,1,1011.0,93,4,1010.9,389,5,1010.8,605,7,1011.3,172,3,1011.4,156,4,1011.5,1906,10,1011.6,1458,14,1011.7,749,14
317,2025-11-26 14:43:30+05:30,1011.3,19,1002.28,8253126,396697.0,434685.0,986.2,1012.8,981.3,986.2,120593250,1084.8,887.6,1102.5,649.1,1011.2,508,12,1011.1,7,1,1011.0,93,4,1010.9,389,5,1010.8,605,7,1011.3,172,3,1011.4,156,4,1011.5,1906,10,1011.6,1458,14,1011.7,749,14
317,2025-11-26 14:43:31+05:30,1011.4,98,1002.28,8254161,396415.0,433952.0,986.2,1012.8,981.3,986.2,120593250,1084.8,887.6,1102.5,649.1,1011.2,129,6,1011.1,153,3,1011.0,11,3,1010.9,249,2,1010.8,605,7,1011.4,1,1,1011.5,1206,9,1011.6,1506,15,1011.7,684,13,1011.8,1587,15
317,2025-11-26 14:43:31+05:30,1011.4,98,1002.28,8254161,396415.0,433952.0,986.2,1012.8,981.3,986.2,120593250,1084.8,887.6,1102.5,649.1,1011.2,129,6,1011.1,153,3,1011.0,11,3,1010.9,249,2,1010.8,605,7,1011.4,1,1,1011.5,1206,9,1011.6,1506,15,1011.7,684,13,1011.8,1587,15
317,2025-11-26 14:43:32+05:30,1011.3,36,1002.28,8254233,396295.0,434859.0,986.2,1012.8,981.3,986.2,120593250,1084.8,887.6,1102.5,649.1,1011.2,205,8,1011.1,153,3,1011.0,6,2,1010.9,109,1,1010.8,481,5,1011.4,1188,8,1011.5,2088,15,1011.6,724,12,1011.7,693,14,1011.8,1899,14
317,2025-11-26 14:43:32+05:30,1011.1,56,1002.28,8254233,396295.0,434859.0,986.2,1012.8,981.3,986.2,120593250,1084.8,887.6,1102.5,649.1,1011.2,205,8,1011.1,153,3,1011.0,6,2,1010.9,109,1,1010.8,481,5,1011.4,1188,8,1011.5,2088,15,1011.6,724,12,1011.7,693,14,1011.8,1899,14
317,2025-11-26 14:43:33+05:30,1011.2,26,1002.28,8255549,396726.0,434501.0,986.2,1012.8,981.3,986.2,120593250,1084.8,887.6,1102.5,649.1,1011.2,154,4,1011.1,293,2,1011.0,79,3,1010.9,146,3,1010.8,473,5,1011.3,869,2,1011.4,1451,8,1011.5,1040,14,1011.6,695,11,1011.7,1615,21
317,2025-11-26 14:43:33+05:30,1011.2,26,1002.28,8255549,396726.0,434501.0,986.2,1012.8,981.3,986.2,120593250,1084.8,887.6,1102.5,649.1,1011.2,154,4,1011.1,293,2,1011.0,79,3,1010.9,146,3,1010.8,473,5,1011.3,869,2,1011.4,1451,8,1011.5,1040,14,1011.6,695,11,1011.7,1615,21
317,2025-11-26 14:43:34+05:30,1011.1,30,1002.28,8255965,396320.0,434954.0,986.2,1012.8,981.3,986.2,120593250,1084.8,887.6,1102.5,649.1,1011.1,176,3,1011.0,84,4,1010.9,5,1,1010.8,206,2,1010.7,482,10,1011.2,101,1,1011.3,1633,5,1011.4,672,8,1011.5,781,15,1011.6,897,12
317,2025-11-26 14:43:34+05:30,1011.1,1,1002.28,8255965,396320.0,434954.0,986.2,1012.8,981.3,986.2,120593250,1084.8,887.6,1102.5,649.1,1011.1,176,3,1011.0,84,4,1010.9,5,1,1010.8,206,2,1010.7,482,10,1011.2,101,1,1011.3,1633,5,1011.4,672,8,1011.5,781,15,1011.6,897,12
317,2025-11-26 14:43:35+05:30,1011.2,2,1002.28,8255965,396320.0,434954.0,986.2,1012.8,981.3,986.2,120593250,1084.8,887.6,1102.5,649.1,1011.1,176,3,1011.0,84,4,1010.9,5,1,1010.8,206,2,1010.7,482,10,1011.2,101,1,1011.3,1633,5,1011.4,672,8,1011.5,781,15,1011.6,897,12
317,2025-11-26 14:43:35+05:30,1011.2,2,1002.28,8256119,396767.0,435526.0,986.2,1012.8,981.3,986.2,120593250,1084.8,887.6,1102.5,649.1,1011.1,483,9,1011.0,11,3,1010.8,351,4,1010.7,561,12,1010.6,687,10,1011.2,1016,3,1011.3,49,2,1011.4,1825,8,1011.5,1082,15,1011.6,721,13
317,2025-11-26 14:43:36+05:30,1011.1,18,1002.28,8256119,396767.0,435526.0,986.2,1012.8,981.3,986.2,120593250,1084.8,887.6,1102.5,649.1,1011.1,483,9,1011.0,11,3,1010.8,351,4,1010.7,561,12,1010.6,687,10,1011.2,1016,3,1011.3,49,2,1011.4,1825,8,1011.5,1082,15,1011.6,721,13
317,2025-11-26 14:43:36+05:30,1011.1,18,1002.28,8256867,397297.0,434467.0,986.2,1012.8,981.3,986.2,120593250,1084.8,887.6,1102.5,649.1,1011.1,171,4,1011.0,11,3,1010.9,241,4,1010.8,737,9,1010.7,885,13,1011.2,269,3,1011.3,49,2,1011.4,1760,7,1011.5,1047,14,1011.6,639,13
317,2025-11-26 14:43:37+05:30,1011.2,38,1002.28,8256867,397297.0,434467.0,986.2,1012.8,981.3,986.2,120593250,1084.8,887.6,1102.5,649.1,1011.1,171,4,1011.0,11,3,1010.9,241,4,1010.8,737,9,1010.7,885,13,1011.2,269,3,1011.3,49,2,1011.4,1760,7,1011.5,1047,14,1011.6,639,13
317,2025-11-26 14:43:37+05:30,1011.2,38,1002.28,8257236,397589.0,434613.0,986.2,1012.8,981.3,986.2,120593250,1084.8,887.6,1102.5,649.1,1011.1,294,5,1011.0,188,7,1010.9,423,7,1010.8,798,10,1010.7,1448,17,1011.2,235,2,1011.3,49,2,1011.4,1502,4,1011.5,513,10,1011.6,1242,10
317,2025-11-26 14:43:38+05:30,1011.1,1,1002.28,8257236,397589.0,434613.0,986.2,1012.8,981.3,986.2,120593250,1084.8,887.6,1102.5,649.1,1011.1,294,5,1011.0,188,7,1010.9,423,7,1010.8,798,10,1010.7,1448,17,1011.2,235,2,1011.3,49,2,1011.4,1502,4,1011.5,513,10,1011.6,1242,10
317,2025-11-26 14:43:38+05:30,1011.1,1,1002.28,8257244,397929.0,434114.0,986.2,1012.8,981.3,986.2,120593250,1084.8,887.6,1102.5,649.1,1011.1,357,6,1011.0,43,4,1010.9,458,8,1010.8,798,10,1010.7,929,14,1011.2,235,2,1011.3,49,2,1011.4,1501,3,1011.5,811,11,1011.6,538,9
317,2025-11-26 14:43:39+05:30,1011.1,110,1002.28,8257244,397929.0,434114.0,986.2,1012.8,981.3,986.2,120593250,1084.8,887.6,1102.5,649.1,1011.1,357,6,1011.0,43,4,1010.9,458,8,1010.8,798,10,1010.7,929,14,1011.2,235,2,1011.3,49,2,1011.4,1501,3,1011.5,811,11,1011.6,538,9
317,2025-11-26 14:43:39+05:30,1011.1,14,1002.28,8257859,398034.0,434334.0,986.2,1012.8,981.3,986.2,120593250,1084.8,887.6,1102.5,649.1,1011.0,462,9,1010.9,334,7,1010.8,814,10,1010.7,920,10,1010.6,766,15,1011.1,23,2,1011.3,591,2,1011.4,1751,5,1011.5,820,12,1011.6,538,9
317,2025-11-26 14:43:40+05:30,1011.0,2,1002.28,8257859,398034.0,434334.0,986.2,1012.8,981.3,986.2,120593250,1084.8,887.6,1102.5,649.1,1011.0,462,9,1010.9,334,7,1010.8,814,10,1010.7,920,10,1010.6,766,15,1011.1,23,2,1011.3,591,2,1011.4,1751,5,1011.5,820,12,1011.6,538,9
317,2025-11-26 14:43:40+05:30,1011.0,36,1002.28,8257914,398002.0,434340.0,986.2,1012.8,981.3,986.2,120593250,1084.8,887.6,1102.5,649.1,1011.0,410,7,1010.9,334,7,1010.8,814,10,1010.7,920,10,1010.6,1274,16,1011.1,4,1,1011.3,591,2,1011.4,1611,4,1011.5,845,13,1011.6,538,9
317,2025-11-26 14:43:41+05:30,1011.2,9,1002.28,8257914,398002.0,434340.0,986.2,1012.8,981.3,986.2,120593250,1084.8,887.6,1102.5,649.1,1011.0,410,7,1010.9,334,7,1010.8,814,10,1010.7,920,10,1010.6,1274,16,1011.1,4,1,1011.3,591,2,1011.4,1611,4,1011.5,845,13,1011.6,538,9
317,2025-11-26 14:43:41+05:30,1011.2,1,1002.28,8258952,397035.0,434536.0,986.2,1012.8,981.3,986.2,120593250,1084.8,887.6,1102.5,649.1,1011.2,318,4,1011.1,108,3,1011.0,6,2,1010.9,289,5,1010.8,659,10,1011.4,1923,7,1011.5,1387,16,1011.6,608,10,1011.7,822,18,1011.8,2710,11
317,2025-11-26 14:43:42+05:30,1011.3,25,1002.28,8258952,397035.0,434536.0,986.2,1012.8,981.3,986.2,120593250,1084.8,887.6,1102.5,649.1,1011.2,318,4,1011.1,108,3,1011.0,6,2,1010.9,289,5,1010.8,659,10,1011.4,1923,7,1011.5,1387,16,1011.6,608,10,1011.7,822,18,1011.8,2710,11
317,2025-11-26 14:43:42+05:30,1011.3,25,1002.28,8259006,397130.0,434405.0,986.2,1012.8,981.3,986.2,120593250,1084.8,887.6,1102.5,649.1,1011.2,317,4,1011.1,112,3,1011.0,6,2,1010.9,289,5,1010.8,535,8,1011.3,1070,3,1011.4,932,5,1011.5,897,14,1011.6,750,12,1011.7,1585,20
317,2025-11-26 14:43:43+05:30,1011.2,46,1002.28,8259006,397130.0,434405.0,986.2,1012.8,981.3,986.2,120593250,1084.8,887.6,1102.5,649.1,1011.2,317,4,1011.1,112,3,1011.0,6,2,1010.9,289,5,1010.8,535,8,1011.3,1070,3,1011.4,932,5,1011.5,897,14,1011.6,750,12,1011.7,1585,20
317,2025-11-26 14:43:43+05:30,1011.2,150,1002.29,8259949,395948.0,435799.0,986.2,1012.8,981.3,986.2,120593250,1084.8,887.6,1102.5,649.1,1011.1,108,3,1011.0,6,2,1010.9,7,2,1010.8,312,5,1010.7,499,7,1011.2,468,2,1011.3,555,3,1011.4,1359,7,1011.5,1393,13,1011.6,719,11
317,2025-11-26 14:43:44+05:30,1011.2,3,1002.29,8259949,395948.0,435799.0,986.2,1012.8,981.3,986.2,120593250,1084.8,887.6,1102.5,649.1,1011.1,108,3,1011.0,6,2,1010.9,7,2,1010.8,312,5,1010.7,499,7,1011.2,468,2,1011.3,555,3,1011.4,1359,7,1011.5,1393,13,1011.6,719,11
317,2025-11-26 14:43:44+05:30,1011.1,10,1002.29,8261480,396103.0,435526.0,986.2,1012.8,981.3,986.2,120593250,1084.8,887.6,1102.5,649.1,1011.1,141,3,1010.9,3,1,1010.8,601,7,1010.7,561,7,1010.6,801,15,1011.2,935,4,1011.3,666,3,1011.4,1427,9,1011.5,1556,19,1011.6,785,12
317,2025-11-26 14:43:45+05:30,1011.2,2,1002.29,8261480,396103.0,435526.0,986.2,1012.8,981.3,986.2,120593250,1084.8,887.6,1102.5,649.1,1011.1,141,3,1010.9,3,1,1010.8,601,7,1010.7,561,7,1010.6,801,15,1011.2,935,4,1011.3,666,3,1011.4,1427,9,1011.5,1556,19,1011.6,785,12
317,2025-11-26 14:43:45+05:30,1011.1,7,1002.29,8261634,396653.0,435240.0,986.2,1012.8,981.3,986.2,120593250,1084.8,887.6,1102.5,649.1,1011.1,468,6,1011.0,73,1,1010.9,148,3,1010.8,695,9,1010.7,563,8,1011.2,932,4,1011.3,30,1,1011.4,1259,6,1011.5,1780,19,1011.6,773,11
317,2025-11-26 14:43:46+05:30,1011.2,1,1002.29,8261634,396653.0,435240.0,986.2,1012.8,981.3,986.2,120593250,1084.8,887.6,1102.5,649.1,1011.1,468,6,1011.0,73,1,1010.9,148,3,1010.8,695,9,1010.7,563,8,1011.2,932,4,1011.3,30,1,1011.4,1259,6,1011.5,1780,19,1011.6,773,11
317,2025-11-26 14:43:46+05:30,1011.2,1,1002.29,8261636,397135.0,435215.0,986.2,1012.8,981.3,986.2,120593250,1084.8,887.6,1102.5,649.1,1011.1,616,8,1011.0,73,1,1010.9,182,4,1010.8,759,10,1010.7,589,10,1011.2,931,5,1011.3,30,1,1011.4,1259,6,1011.5,1796,18,1011.6,799,12
317,2025-11-26 14:43:47+05:30,1011.2,75,1002.29,8261636,397135.0,435215.0,986.2,1012.8,981.3,986.2,120593250,1084.8,887.6,1102.5,649.1,1011.1,616,8,1011.0,73,1,1010.9,182,4,1010.8,759,10,1010.7,589,10,1011.2,931,5,1011.3,30,1,1011.4,1259,6,1011.5,1796,18,1011.6,799,12
317,2025-11-26 14:43:47+05:30,1011.2,1,1002.29,8262224,397182.0,433654.0,986.2,1012.8,981.3,986.2,120593250,1084.8,887.6,1102.5,649.1,1011.1,480,7,1011.0,229,3,1010.9,395,8,1010.8,900,10,1010.7,563,8,1011.2,338,4,1011.3,31,2,1011.4,285,3,1011.5,1352,14,1011.6,1097,13
317,2025-11-26 14:43:48+05:30,1011.2,128,1002.29,8262224,397182.0,433654.0,986.2,1012.8,981.3,986.2,120593250,1084.8,887.6,1102.5,649.1,1011.1,480,7,1011.0,229,3,1010.9,395,8,1010.8,900,10,1010.7,563,8,1011.2,338,4,1011.3,31,2,1011.4,285,3,1011.5,1352,14,1011.6,1097,13
317,2025-11-26 14:43:49+05:30,1011.2,1,1002.29,8262580,397282.0,433234.0,986.2,1012.8,981.3,986.2,120593250,1084.8,887.6,1102.5,649.1,1011.1,407,6,1011.0,225,4,1010.9,301,6,1010.8,900,10,1010.7,563,8,1011.2,3,2,1011.3,1,1,1011.4,222,2,1011.5,1090,10,1011.6,1080,13
317,2025-11-26 14:43:49+05:30,1011.1,14,1002.29,8262580,397282.0,433234.0,986.2,1012.8,981.3,986.2,120593250,1084.8,887.6,1102.5,649.1,1011.1,407,6,1011.0,225,4,1010.9,301,6,1010.8,900,10,1010.7,563,8,1011.2,3,2,1011.3,1,1,1011.4,222,2,1011.5,1090,10,1011.6,1080,13
317,2025-11-26 14:43:50+05:30,1011.3,1,1002.29,8263272,396261.0,434378.0,986.2,1012.8,981.3,986.2,120593250,1084.8,887.6,1102.5,649.1,1011.1,250,5,1011.0,7,1,1010.9,301,5,1010.8,456,6,1010.7,714,9,1011.3,380,4,1011.4,721,7,1011.5,1891,18,1011.6,697,10,1011.7,1028,19
317,2025-11-26 14:43:50+05:30,1011.3,49,1002.29,8263272,396261.0,434378.0,986.2,1012.8,981.3,986.2,120593250,1084.8,887.6,1102.5,649.1,1011.1,250,5,1011.0,7,1,1010.9,301,5,1010.8,456,6,1010.7,714,9,1011.3,380,4,1011.4,721,7,1011.5,1891,18,1011.6,697,10,1011.7,1028,19
317,2025-11-26 14:43:51+05:30,1011.3,146,1002.29,8263472,396294.0,433081.0,986.2,1012.8,981.3,986.2,120593250,1084.8,887.6,1102.5,649.1,1011.2,155,5,1011.1,177,4,1011.0,7,1,1010.9,254,2,1010.8,518,7,1011.4,115,5,1011.5,1718,13,1011.6,723,12,1011.7,830,19,1011.8,1219,10
317,2025-11-26 14:43:51+05:30,1011.3,146,1002.29,8263472,396294.0,433081.0,986.2,1012.8,981.3,986.2,120593250,1084.8,887.6,1102.5,649.1,1011.2,155,5,1011.1,177,4,1011.0,7,1,1010.9,254,2,1010.8,518,7,1011.4,115,5,1011.5,1718,13,1011.6,723,12,1011.7,830,19,1011.8,1219,10
317,2025-11-26 14:43:52+05:30,1011.4,71,1002.29,8263472,396294.0,433081.0,986.2,1012.8,981.3,986.2,120593250,1084.8,887.6,1102.5,649.1,1011.2,155,5,1011.1,177,4,1011.0,7,1,1010.9,254,2,1010.8,518,7,1011.4,115,5,1011.5,1718,13,1011.6,723,12,1011.7,830,19,1011.8,1219,10
317,2025-11-26 14:43:52+05:30,1011.4,71,1002.29,8263841,396593.0,433181.0,986.2,1012.8,981.3,986.2,120593250,1084.8,887.6,1102.5,649.1,1011.2,236,5,1011.1,181,4,1011.0,7,1,1010.9,254,2,1010.8,518,7,1011.4,234,4,1011.5,1598,12,1011.6,673,12,1011.7,830,19,1011.8,1219,10
317,2025-11-26 14:43:53+05:30,1011.3,37,1002.29,8263841,396593.0,433181.0,986.2,1012.8,981.3,986.2,120593250,1084.8,887.6,1102.5,649.1,1011.2,236,5,1011.1,181,4,1011.0,7,1,1010.9,254,2,1010.8,518,7,1011.4,234,4,1011.5,1598,12,1011.6,673,12,1011.7,830,19,1011.8,1219,10
317,2025-11-26 14:43:53+05:30,1011.3,37,1002.29,8264169,396435.0,433092.0,986.2,1012.8,981.3,986.2,120593250,1084.8,887.6,1102.5,649.1,1011.2,185,5,1011.1,181,4,1011.0,7,1,1010.9,297,3,1010.8,531,8,1011.4,261,5,1011.5,1593,13,1011.6,697,10,1011.7,791,20,1011.8,1210,9
317,2025-11-26 14:43:54+05:30,1011.3,1,1002.29,8264169,396435.0,433092.0,986.2,1012.8,981.3,986.2,120593250,1084.8,887.6,1102.5,649.1,1011.2,185,5,1011.1,181,4,1011.0,7,1,1010.9,297,3,1010.8,531,8,1011.4,261,5,1011.5,1593,13,1011.6,697,10,1011.7,791,20,1011.8,1210,9
317,2025-11-26 14:43:54+05:30,1011.3,1,1002.29,8264616,396383.0,433240.0,986.2,1012.8,981.3,986.2,120593250,1084.8,887.6,1102.5,649.1,1011.2,170,6,1011.1,18,2,1011.0,7,1,1010.9,254,2,1010.8,531,8,1011.3,277,4,1011.4,70,2,1011.5,1531,11,1011.6,724,11,1011.7,801,21
317,2025-11-26 14:43:55+05:30,1011.3,2,1002.29,8264616,396383.0,433240.0,986.2,1012.8,981.3,986.2,120593250,1084.8,887.6,1102.5,649.1,1011.2,170,6,1011.1,18,2,1011.0,7,1,1010.9,254,2,1010.8,531,8,1011.3,277,4,1011.4,70,2,1011.5,1531,11,1011.6,724,11,1011.7,801,21
317,2025-11-26 14:43:55+05:30,1011.2,29,1002.29,8264679,396499.0,433211.0,986.2,1012.8,981.3,986.2,120593250,1084.8,887.6,1102.5,649.1,1011.2,282,8,1011.1,18,2,1011.0,7,1,1010.9,254,2,1010.8,531,8,1011.3,218,3,1011.4,70,2,1011.5,1561,12,1011.6,724,11,1011.7,801,21
317,2025-11-26 14:43:56+05:30,1011.3,3,1002.29,8264679,396499.0,433211.0,986.2,1012.8,981.3,986.2,120593250,1084.8,887.6,1102.5,649.1,1011.2,282,8,1011.1,18,2,1011.0,7,1,1010.9,254,2,1010.8,531,8,1011.3,218,3,1011.4,70,2,1011.5,1561,12,1011.6,724,11,1011.7,801,21
317,2025-11-26 14:43:56+05:30,1011.3,3,1002.29,8264985,397014.0,433434.0,986.2,1012.8,981.3,986.2,120593250,1084.8,887.6,1102.5,649.1,1011.2,283,7,1011.1,192,5,1011.0,207,4,1010.9,516,6,1010.8,717,9,1011.3,255,3,1011.4,5,1,1011.5,988,7,1011.6,970,10,1011.7,789,20
317,2025-11-26 14:43:57+05:30,1011.3,3,1002.29,8264985,397211.0,433433.0,986.2,1012.8,981.3,986.2,120593250,1084.8,887.6,1102.5,649.1,1011.2,429,9,1011.1,222,6,1011.0,177,3,1010.9,516,6,1010.8,717,9,1011.3,255,3,1011.4,5,1,1011.5,988,7,1011.6,970,10,1011.7,789,20
317,2025-11-26 14:43:58+05:30,1011.3,46,1002.29,8264985,397211.0,433433.0,986.2,1012.8,981.3,986.2,120593250,1084.8,887.6,1102.5,649.1,1011.2,429,9,1011.1,222,6,1011.0,177,3,1010.9,516,6,1010.8,717,9,1011.3,255,3,1011.4,5,1,1011.5,988,7,1011.6,970,10,1011.7,789,20
317,2025-11-26 14:43:58+05:30,1011.3,1,1002.29,8265446,397097.0,431709.0,986.2,1012.8,981.3,986.2,120593250,1084.8,887.6,1102.5,649.1,1011.2,486,9,1011.1,23,3,1011.0,207,4,1010.9,517,6,1010.8,717,9,1011.3,2,1,1011.5,925,6,1011.6,1013,13,1011.7,763,18,1011.8,1217,10
317,2025-11-26 14:43:59+05:30,1011.5,5,1002.29,8265446,397097.0,431709.0,986.2,1012.8,981.3,986.2,120593250,1084.8,887.6,1102.5,649.1,1011.2,486,9,1011.1,23,3,1011.0,207,4,1010.9,517,6,1010.8,717,9,1011.3,2,1,1011.5,925,6,1011.6,1013,13,1011.7,763,18,1011.8,1217,10
317,2025-11-26 14:44:00+05:30,1011.5,5,1002.29,8266058,397141.0,432082.0,986.2,1012.8,981.3,986.2,120593250,1084.8,887.6,1102.5,649.1,1011.2,402,9,1011.1,18,2,1011.0,257,3,1010.9,490,6,1010.8,1466,13,1011.5,913,6,1011.6,753,11,1011.7,773,19,1011.8,1142,8,1011.9,3128,24
317,2025-11-26 14:44:00+05:30,1011.3,150,1002.29,8266058,397141.0,432082.0,986.2,1012.8,981.3,986.2,120593250,1084.8,887.6,1102.5,649.1,1011.2,402,9,1011.1,18,2,1011.0,257,3,1010.9,490,6,1010.8,1466,13,1011.5,913,6,1011.6,753,11,1011.7,773,19,1011.8,1142,8,1011.9,3128,24
317,2025-11-26 14:44:01+05:30,1011.2,11,1002.29,8266559,397069.0,432907.0,986.2,1012.8,981.3,986.2,120593250,1084.8,887.6,1102.5,649.1,1011.2,220,7,1011.1,18,2,1011.0,122,3,1010.9,427,5,1010.8,1466,13,1011.4,255,6,1011.5,1342,11,1011.6,984,13,1011.7,773,19,1011.8,1344,9
317,2025-11-26 14:44:01+05:30,1011.2,10,1002.29,8266559,397069.0,432907.0,986.2,1012.8,981.3,986.2,120593250,1084.8,887.6,1102.5,649.1,1011.2,220,7,1011.1,18,2,1011.0,122,3,1010.9,427,5,1010.8,1466,13,1011.4,255,6,1011.5,1342,11,1011.6,984,13,1011.7,773,19,1011.8,1344,9
317,2025-11-26 14:44:02+05:30,1011.3,37,1002.29,8266940,396344.0,433589.0,986.2,1012.8,981.3,986.2,120593250,1084.8,887.6,1102.5,649.1,1011.2,246,6,1011.1,18,2,1011.0,151,2,1010.9,357,4,1010.8,652,12,1011.4,630,5,1011.5,1749,13,1011.6,733,14,1011.7,965,19,1011.8,1344,9
317,2025-11-26 14:44:02+05:30,1011.3,101,1002.29,8266940,396344.0,433589.0,986.2,1012.8,981.3,986.2,120593250,1084.8,887.6,1102.5,649.1,1011.2,246,6,1011.1,18,2,1011.0,151,2,1010.9,357,4,1010.8,652,12,1011.4,630,5,1011.5,1749,13,1011.6,733,14,1011.7,965,19,1011.8,1344,9
317,2025-11-26 14:44:03+05:30,1011.4,23,1002.29,8266940,396344.0,433589.0,986.2,1012.8,981.3,986.2,120593250,1084.8,887.6,1102.5,649.1,1011.2,246,6,1011.1,18,2,1011.0,151,2,1010.9,357,4,1010.8,652,12,1011.4,630,5,1011.5,1749,13,1011.6,733,14,1011.7,965,19,1011.8,1344,9
317,2025-11-26 14:44:03+05:30,1011.4,5,1002.29,8267844,396141.0,433225.0,986.2,1012.8,981.3,986.2,120593250,1084.8,887.6,1102.5,649.1,1011.2,18,2,1011.1,168,3,1011.0,7,1,1010.9,316,7,1010.8,540,11,1011.4,639,4,1011.5,1392,11,1011.6,731,13,1011.7,763,18,1011.8,1151,9
317,2025-11-26 14:44:04+05:30,1011.3,212,1002.29,8267844,396141.0,433225.0,986.2,1012.8,981.3,986.2,120593250,1084.8,887.6,1102.5,649.1,1011.2,18,2,1011.1,168,3,1011.0,7,1,1010.9,316,7,1010.8,540,11,1011.4,639,4,1011.5,1392,11,1011.6,731,13,1011.7,763,18,1011.8,1151,9
317,2025-11-26 14:44:04+05:30,1011.2,1,1002.29,8268281,396558.0,433040.0,986.2,1012.8,981.3,986.2,120593250,1084.8,887.6,1102.5,649.1,1011.2,563,8,1011.1,18,2,1011.0,151,2,1010.9,501,11,1010.8,727,14,1011.3,1,1,1011.4,519,3,1011.5,1146,9,1011.6,989,13,1011.7,789,20
317,2025-11-26 14:44:05+05:30,1011.3,2,1002.29,8268281,396558.0,433040.0,986.2,1012.8,981.3,986.2,120593250,1084.8,887.6,1102.5,649.1,1011.2,563,8,1011.1,18,2,1011.0,151,2,1010.9,501,11,1010.8,727,14,1011.3,1,1,1011.4,519,3,1011.5,1146,9,1011.6,989,13,1011.7,789,20
317,2025-11-26 14:44:05+05:30,1011.3,2,1002.29,8268637,396740.0,432996.0,986.2,1012.8,981.3,986.2,120593250,1084.8,887.6,1102.5,649.1,1011.2,516,9,1011.1,18,2,1011.0,7,1,1010.9,357,4,1010.8,616,9,1011.3,72,1,1011.4,859,5,1011.5,785,11,1011.6,770,15,1011.7,993,20
317,2025-11-26 14:44:06+05:30,1011.3,1,1002.29,8268637,396740.0,432996.0,986.2,1012.8,981.3,986.2,120593250,1084.8,887.6,1102.5,649.1,1011.2,516,9,1011.1,18,2,1011.0,7,1,1010.9,357,4,1010.8,616,9,1011.3,72,1,1011.4,859,5,1011.5,785,11,1011.6,770,15,1011.7,993,20
317,2025-11-26 14:44:06+05:30,1011.3,92,1002.29,8268989,397908.0,433067.0,986.2,1012.8,981.3,986.2,120593250,1084.8,887.6,1102.5,649.1,1011.3,428,5,1011.2,154,5,1011.1,23,3,1011.0,316,5,1010.9,549,10,1011.4,754,3,1011.5,359,8,1011.6,695,14,1011.7,1048,18,1011.8,2735,12
317,2025-11-26 14:44:07+05:30,1011.3,2,1002.29,8268989,397908.0,433067.0,986.2,1012.8,981.3,986.2,120593250,1084.8,887.6,1102.5,649.1,1011.3,428,5,1011.2,154,5,1011.1,23,3,1011.0,316,5,1010.9,549,10,1011.4,754,3,1011.5,359,8,1011.6,695,14,1011.7,1048,18,1011.8,2735,12
317,2025-11-26 14:44:07+05:30,1011.4,146,1002.3,8269430,397743.0,432561.0,986.2,1012.8,981.3,986.2,120593250,1084.8,887.6,1102.5,649.1,1011.3,425,4,1011.2,8,3,1011.1,51,4,1011.0,351,5,1010.9,549,10,1011.4,319,3,1011.5,99,5,1011.6,563,12,1011.7,1074,19,1011.8,2707,11
317,2025-11-26 14:44:08+05:30,1011.3,73,1002.3,8269430,397743.0,432561.0,986.2,1012.8,981.3,986.2,120593250,1084.8,887.6,1102.5,649.1,1011.3,425,4,1011.2,8,3,1011.1,51,4,1011.0,351,5,1010.9,549,10,1011.4,319,3,1011.5,99,5,1011.6,563,12,1011.7,1074,19,1011.8,2707,11
317,2025-11-26 14:44:08+05:30,1011.3,512,1002.3,8270451,397426.0,432311.0,986.2,1012.8,981.3,986.2,120593250,1084.8,887.6,1102.5,649.1,1011.2,114,3,1011.1,193,5,1011.0,353,3,1010.9,577,11,1010.8,1345,13,1011.4,754,3,1011.5,210,6,1011.6,1015,16,1011.7,754,17,1011.8,2707,11
317,2025-11-26 14:44:09+05:30,1011.2,13,1002.3,8270451,397426.0,432311.0,986.2,1012.8,981.3,986.2,120593250,1084.8,887.6,1102.5,649.1,1011.2,114,3,1011.1,193,5,1011.0,353,3,1010.9,577,11,1010.8,1345,13,1011.4,754,3,1011.5,210,6,1011.6,1015,16,1011.7,754,17,1011.8,2707,11
317,2025-11-26 14:44:09+05:30,1011.2,13,1002.3,8270602,397926.0,432191.0,986.2,1012.8,981.3,986.2,120593250,1084.8,887.6,1102.5,649.1,1011.2,260,6,1011.1,193,5,1011.0,381,4,1010.9,549,10,1010.8,1401,14,1011.4,623,1,1011.5,182,5,1011.6,730,15,1011.7,782,18,1011.8,2716,12
317,2025-11-26 14:44:10+05:30,1011.4,1,1002.3,8270602,397926.0,432191.0,986.2,1012.8,981.3,986.2,120593250,1084.8,887.6,1102.5,649.1,1011.2,260,6,1011.1,193,5,1011.0,381,4,1010.9,549,10,1010.8,1401,14,1011.4,623,1,1011.5,182,5,1011.6,730,15,1011.7,782,18,1011.8,2716,12
317,2025-11-26 14:44:10+05:30,1011.4,2,1002.3,8271796,397385.0,432901.0,986.2,1012.8,981.3,986.2,120593250,1084.8,887.6,1102.5,649.1,1011.2,24,3,1011.1,76,4,1011.0,315,3,1010.9,591,14,1010.8,1360,13,1011.4,784,2,1011.5,840,7,1011.6,907,13,1011.7,674,12,1011.8,1901,10
317,2025-11-26 14:44:11+05:30,1011.4,2,1002.3,8271796,397385.0,432901.0,986.2,1012.8,981.3,986.2,120593250,1084.8,887.6,1102.5,649.1,1011.2,24,3,1011.1,76,4,1011.0,315,3,1010.9,591,14,1010.8,1360,13,1011.4,784,2,1011.5,840,7,1011.6,907,13,1011.7,674,12,1011.8,1901,10
317,2025-11-26 14:44:11+05:30,1010.9,26,1002.3,8272544,395984.0,432225.0,986.2,1012.8,981.3,986.2,120593250,1084.8,887.6,1102.5,649.1,1011.2,292,4,1011.1,43,2,1011.0,152,4,1010.9,394,13,1010.8,777,11,1011.5,296,5,1011.6,932,14,1011.7,687,13,1011.8,2045,16,1011.9,2085,22
317,2025-11-26 14:44:12+05:30,1011.4,73,1002.3,8272544,395984.0,432225.0,986.2,1012.8,981.3,986.2,120593250,1084.8,887.6,1102.5,649.1,1011.2,292,4,1011.1,43,2,1011.0,152,4,1010.9,394,13,1010.8,777,11,1011.5,296,5,1011.6,932,14,1011.7,687,13,1011.8,2045,16,1011.9,2085,22
317,2025-11-26 14:44:13+05:30,1011.6,1,1002.3,8272914,397321.0,433090.0,986.2,1012.8,981.3,986.2,120593250,1084.8,887.6,1102.5,649.1,1011.3,221,3,1011.2,257,3,1011.1,7,1,1011.0,466,7,1010.9,475,13,1011.6,485,12,1011.7,972,14,1011.8,1974,14,1011.9,3058,23,1012.0,6309,60
317,2025-11-26 14:44:13+05:30,1011.6,1,1002.3,8272914,397321.0,433090.0,986.2,1012.8,981.3,986.2,120593250,1084.8,887.6,1102.5,649.1,1011.3,221,3,1011.2,257,3,1011.1,7,1,1011.0,466,7,1010.9,475,13,1011.6,485,12,1011.7,972,14,1011.8,1974,14,1011.9,3058,23,1012.0,6309,60
317,2025-11-26 14:44:13+05:30,1011.6,1,1002.3,8272914,397321.0,433090.0,986.2,1012.8,981.3,986.2,120593250,1084.8,887.6,1102.5,649.1,1011.3,221,3,1011.2,257,3,1011.1,7,1,1011.0,466,7,1010.9,475,13,1011.6,485,12,1011.7,972,14,1011.8,1974,14,1011.9,3058,23,1012.0,6309,60
317,2025-11-26 14:44:14+05:30,1011.4,1,1002.3,8273164,397617.0,433892.0,986.2,1012.8,981.3,986.2,120593250,1084.8,887.6,1102.5,649.1,1011.3,385,5,1011.2,261,4,1011.1,43,2,1011.0,442,7,1010.9,572,13,1011.4,94,2,1011.5,570,2,1011.6,696,11,1011.7,748,14,1011.8,1974,14
317,2025-11-26 14:44:14+05:30,1011.4,1,1002.3,8273164,397617.0,433892.0,986.2,1012.8,981.3,986.2,120593250,1084.8,887.6,1102.5,649.1,1011.3,385,5,1011.2,261,4,1011.1,43,2,1011.0,442,7,1010.9,572,13,1011.4,94,2,1011.5,570,2,1011.6,696,11,1011.7,748,14,1011.8,1974,14
317,2025-11-26 14:44:14+05:30,1011.4,2,1002.3,8273164,397617.0,433892.0,986.2,1012.8,981.3,986.2,120593250,1084.8,887.6,1102.5,649.1,1011.3,385,5,1011.2,261,4,1011.1,43,2,1011.0,442,7,1010.9,572,13,1011.4,94,2,1011.5,570,2,1011.6,696,11,1011.7,748,14,1011.8,1974,14
317,2025-11-26 14:44:14+05:30,1011.4,2,1002.3,8273164,397617.0,433892.0,986.2,1012.8,981.3,986.2,120593250,1084.8,887.6,1102.5,649.1,1011.3,385,5,1011.2,261,4,1011.1,43,2,1011.0,442,7,1010.9,572,13,1011.4,94,2,1011.5,570,2,1011.6,696,11,1011.7,748,14,1011.8,1974,14
317,2025-11-26 14:44:15+05:30,1011.4,2,1002.3,8273164,397617.0,433892.0,986.2,1012.8,981.3,986.2,120593250,1084.8,887.6,1102.5,649.1,1011.3,385,5,1011.2,261,4,1011.1,43,2,1011.0,442,7,1010.9,572,13,1011.4,94,2,1011.5,570,2,1011.6,696,11,1011.7,748,14,1011.8,1974,14
317,2025-11-26 14:44:15+05:30,1011.3,9,1002.3,8274301,396027.0,432935.0,986.2,1012.8,981.3,986.2,120593250,1084.8,887.6,1102.5,649.1,1011.3,10,2,1011.2,183,3,1011.1,7,1,1011.0,142,2,1010.9,453,6,1011.4,95,3,1011.5,476,4,1011.6,1068,16,1011.7,647,12,1011.8,2860,17
317,2025-11-26 14:44:15+05:30,1011.3,9,1002.3,8274301,396027.0,432935.0,986.2,1012.8,981.3,986.2,120593250,1084.8,887.6,1102.5,649.1,1011.3,10,2,1011.2,183,3,1011.1,7,1,1011.0,142,2,1010.9,453,6,1011.4,95,3,1011.5,476,4,1011.6,1068,16,1011.7,647,12,1011.8,2860,17
317,2025-11-26 14:44:15+05:30,1011.3,9,1002.3,8274301,396027.0,432935.0,986.2,1012.8,981.3,986.2,120593250,1084.8,887.6,1102.5,649.1,1011.3,10,2,1011.2,183,3,1011.1,7,1,1011.0,142,2,1010.9,453,6,1011.4,95,3,1011.5,476,4,1011.6,1068,16,1011.7,647,12,1011.8,2860,17
317,2025-11-26 14:44:16+05:30,1011.3,9,1002.3,8274301,396027.0,432935.0,986.2,1012.8,981.3,986.2,120593250,1084.8,887.6,1102.5,649.1,1011.3,10,2,1011.2,183,3,1011.1,7,1,1011.0,142,2,1010.9,453,6,1011.4,95,3,1011.5,476,4,1011.6,1068,16,1011.7,647,12,1011.8,2860,17
317,2025-11-26 14:44:16+05:30,1011.4,3,1002.3,8274358,397582.0,431940.0,986.2,1012.8,981.3,986.2,120593250,1084.8,887.6,1102.5,649.1,1011.3,292,4,1011.2,222,5,1011.1,51,4,1011.0,250,2,1010.9,453,6,1011.4,38,3,1011.5,102,2,1011.6,533,10,1011.7,971,15,1011.8,1287,11
317,2025-11-26 14:44:16+05:30,1011.4,3,1002.3,8274358,397582.0,431940.0,986.2,1012.8,981.3,986.2,120593250,1084.8,887.6,1102.5,649.1,1011.3,292,4,1011.2,222,5,1011.1,51,4,1011.0,250,2,1010.9,453,6,1011.4,38,3,1011.5,102,2,1011.6,533,10,1011.7,971,15,1011.8,1287,11
317,2025-11-26 14:44:16+05:30,1011.4,3,1002.3,8274358,397582.0,431940.0,986.2,1012.8,981.3,986.2,120593250,1084.8,887.6,1102.5,649.1,1011.3,292,4,1011.2,222,5,1011.1,51,4,1011.0,250,2,1010.9,453,6,1011.4,38,3,1011.5,102,2,1011.6,533,10,1011.7,971,15,1011.8,1287,11
317,2025-11-26 14:44:17+05:30,1011.4,3,1002.3,8274358,397582.0,431940.0,986.2,1012.8,981.3,986.2,120593250,1084.8,887.6,1102.5,649.1,1011.3,292,4,1011.2,222,5,1011.1,51,4,1011.0,250,2,1010.9,453,6,1011.4,38,3,1011.5,102,2,1011.6,533,10,1011.7,971,15,1011.8,1287,11
317,2025-11-26 14:44:17+05:30,1011.4,67,1002.3,8274358,397582.0,431940.0,986.2,1012.8,981.3,986.2,120593250,1084.8,887.6,1102.5,649.1,1011.3,292,4,1011.2,222,5,1011.1,51,4,1011.0,250,2,1010.9,453,6,1011.4,38,3,1011.5,102,2,1011.6,533,10,1011.7,971,15,1011.8,1287,11
317,2025-11-26 14:44:17+05:30,1011.4,67,1002.3,8274582,397610.0,432687.0,986.2,1012.8,981.3,986.2,120593250,1084.8,887.6,1102.5,649.1,1011.3,759,7,1011.2,7,2,1011.1,15,3,1011.0,322,4,1010.9,451,6,1011.4,800,5,1011.5,143,3,1011.6,801,10,1011.7,745,16,1011.8,1289,11
317,2025-11-26 14:44:17+05:30,1011.4,67,1002.3,8274582,397610.0,432687.0,986.2,1012.8,981.3,986.2,120593250,1084.8,887.6,1102.5,649.1,1011.3,759,7,1011.2,7,2,1011.1,15,3,1011.0,322,4,1010.9,451,6,1011.4,800,5,1011.5,143,3,1011.6,801,10,1011.7,745,16,1011.8,1289,11
317,2025-11-26 14:44:18+05:30,1011.4,67,1002.3,8274582,397610.0,432687.0,986.2,1012.8,981.3,986.2,120593250,1084.8,887.6,1102.5,649.1,1011.3,759,7,1011.2,7,2,1011.1,15,3,1011.0,322,4,1010.9,451,6,1011.4,800,5,1011.5,143,3,1011.6,801,10,1011.7,745,16,1011.8,1289,11
317,2025-11-26 14:44:18+05:30,1011.4,150,1002.3,8275032,397567.0,432966.0,986.2,1012.8,981.3,986.2,120593250,1084.8,887.6,1102.5,649.1,1011.3,700,7,1011.2,7,2,1011.1,15,3,1011.0,322,4,1010.9,451,6,1011.4,472,6,1011.5,40,1,1011.6,830,13,1011.7,708,14,1011.8,2067,12
317,2025-11-26 14:44:18+05:30,1011.3,102,1002.3,8275032,397567.0,432966.0,986.2,1012.8,981.3,986.2,120593250,1084.8,887.6,1102.5,649.1,1011.3,700,7,1011.2,7,2,1011.1,15,3,1011.0,322,4,1010.9,451,6,1011.4,472,6,1011.5,40,1,1011.6,830,13,1011.7,708,14,1011.8,2067,12
317,2025-11-26 14:44:18+05:30,1011.3,102,1002.3,8275032,397567.0,432966.0,986.2,1012.8,981.3,986.2,120575250,1084.8,887.6,1102.5,649.1,1011.3,700,7,1011.2,7,2,1011.1,15,3,1011.0,322,4,1010.9,451,6,1011.4,472,6,1011.5,40,1,1011.6,830,13,1011.7,708,14,1011.8,2067,12
317,2025-11-26 14:44:19+05:30,1011.3,102,1002.3,8275032,397567.0,432966.0,986.2,1012.8,981.3,986.2,120575250,1084.8,887.6,1102.5,649.1,1011.3,700,7,1011.2,7,2,1011.1,15,3,1011.0,322,4,1010.9,451,6,1011.4,472,6,1011.5,40,1,1011.6,830,13,1011.7,708,14,1011.8,2067,12
317,2025-11-26 14:44:19+05:30,1011.3,13,1002.3,8275032,397567.0,432966.0,986.2,1012.8,981.3,986.2,120575250,1084.8,887.6,1102.5,649.1,1011.3,700,7,1011.2,7,2,1011.1,15,3,1011.0,322,4,1010.9,451,6,1011.4,472,6,1011.5,40,1,1011.6,830,13,1011.7,708,14,1011.8,2067,12
317,2025-11-26 14:44:19+05:30,1011.3,13,1002.3,8276060,394673.0,433122.0,986.2,1012.8,981.3,986.2,120575250,1084.8,887.6,1102.5,649.1,1011.2,7,2,1011.1,10,2,1010.9,163,3,1010.8,427,5,1010.7,569,9,1011.4,178,8,1011.5,762,8,1011.6,1092,15,1011.7,1649,17,1011.8,2233,12
317,2025-11-26 14:44:20+05:30,1011.2,1,1002.3,8276060,394673.0,433122.0,986.2,1012.8,981.3,986.2,120575250,1084.8,887.6,1102.5,649.1,1011.2,7,2,1011.1,10,2,1010.9,163,3,1010.8,427,5,1010.7,569,9,1011.4,178,8,1011.5,762,8,1011.6,1092,15,1011.7,1649,17,1011.8,2233,12
317,2025-11-26 14:44:20+05:30,1011.2,66,1002.3,8276796,397069.0,432508.0,986.2,1012.8,981.3,986.2,120575250,1084.8,887.6,1102.5,649.1,1011.1,10,2,1011.0,1345,3,1010.9,510,8,1010.8,538,6,1010.7,676,10,1011.2,193,1,1011.5,462,7,1011.6,1292,13,1011.7,685,15,1011.8,2831,15
317,2025-11-26 14:44:21+05:30,1011.3,150,1002.3,8276796,397069.0,432508.0,986.2,1012.8,981.3,986.2,120575250,1084.8,887.6,1102.5,649.1,1011.1,10,2,1011.0,1345,3,1010.9,510,8,1010.8,538,6,1010.7,676,10,1011.2,193,1,1011.5,462,7,1011.6,1292,13,1011.7,685,15,1011.8,2831,15
317,2025-11-26 14:44:21+05:30,1011.3,150,1002.3,8277443,398324.0,433344.0,986.2,1012.8,981.3,986.2,120575250,1084.8,887.6,1102.5,649.1,1011.2,10,3,1011.1,58,4,1011.0,1489,4,1010.9,413,6,1010.8,1297,9,1011.3,600,1,1011.5,211,7,1011.6,1467,14,1011.7,823,12,1011.8,1265,14
317,2025-11-26 14:44:22+05:30,1011.1,1,1002.3,8278111,397961.0,432837.0,986.2,1012.8,981.3,986.2,120575250,1084.8,887.6,1102.5,649.1,1011.0,1485,8,1010.9,282,6,1010.8,595,7,1010.7,866,18,1010.6,1167,10,1011.1,170,1,1011.2,201,1,1011.5,693,9,1011.6,1077,15,1011.7,668,11
317,2025-11-26 14:44:23+05:30,1011.2,150,1002.3,8278111,397961.0,432837.0,986.2,1012.8,981.3,986.2,120575250,1084.8,887.6,1102.5,649.1,1011.0,1485,8,1010.9,282,6,1010.8,595,7,1010.7,866,18,1010.6,1167,10,1011.1,170,1,1011.2,201,1,1011.5,693,9,1011.6,1077,15,1011.7,668,11
317,2025-11-26 14:44:23+05:30,1011.1,1,1002.31,8278827,397844.0,432599.0,986.2,1012.8,981.3,986.2,120575250,1084.8,887.6,1102.5,649.1,1011.0,1216,5,1010.9,272,5,1010.8,542,6,1010.7,787,13,1010.6,1246,15,1011.1,102,1,1011.2,51,1,1011.3,71,1,1011.4,419,4,1011.5,919,8
317,2025-11-26 14:44:24+05:30,1011.1,213,1002.31,8278827,397844.0,432599.0,986.2,1012.8,981.3,986.2,120575250,1084.8,887.6,1102.5,649.1,1011.0,1216,5,1010.9,272,5,1010.8,542,6,1010.7,787,13,1010.6,1246,15,1011.1,102,1,1011.2,51,1,1011.3,71,1,1011.4,419,4,1011.5,919,8
317,2025-11-26 14:44:24+05:30,1011.1,70,1002.31,8279415,398063.0,432587.0,986.2,1012.8,981.3,986.2,120575250,1084.8,887.6,1102.5,649.1,1011.0,1378,7,1010.9,286,5,1010.8,600,7,1010.7,787,13,1010.6,1272,17,1011.1,41,2,1011.2,51,1,1011.4,274,2,1011.5,688,8,1011.6,1037,14
317,2025-11-26 14:44:25+05:30,1011.1,11,1002.31,8279415,398063.0,432587.0,986.2,1012.8,981.3,986.2,120575250,1084.8,887.6,1102.5,649.1,1011.0,1378,7,1010.9,286,5,1010.8,600,7,1010.7,787,13,1010.6,1272,17,1011.1,41,2,1011.2,51,1,1011.4,274,2,1011.5,688,8,1011.6,1037,14
317,2025-11-26 14:44:25+05:30,1011.1,2,1002.31,8279445,398075.0,432827.0,986.2,1012.8,981.3,986.2,120575250,1084.8,887.6,1102.5,649.1,1011.0,1255,6,1010.9,219,4,1010.8,600,7,1010.7,787,13,1010.6,1272,17,1011.1,13,4,1011.2,51,1,1011.3,71,1,1011.4,543,3,1011.5,714,10
317,2025-11-26 14:44:26+05:30,1011.3,48,1002.31,8279445,398075.0,432827.0,986.2,1012.8,981.3,986.2,120575250,1084.8,887.6,1102.5,649.1,1011.0,1255,6,1010.9,219,4,1010.8,600,7,1010.7,787,13,1010.6,1272,17,1011.1,13,4,1011.2,51,1,1011.3,71,1,1011.4,543,3,1011.5,714,10
317,2025-11-26 14:44:26+05:30,1011.5,82,1002.31,8279924,398518.0,432375.0,986.2,1012.8,981.3,986.2,120575250,1084.8,887.6,1102.5,649.1,1011.3,146,2,1011.1,154,1,1011.0,1183,5,1010.9,330,5,1010.8,1356,9,1011.5,519,8,1011.6,564,12,1011.7,937,12,1011.8,2731,13,1011.9,2169,24
317,2025-11-26 14:44:27+05:30,1011.5,82,1002.31,8279924,398518.0,432375.0,986.2,1012.8,981.3,986.2,120575250,1084.8,887.6,1102.5,649.1,1011.3,146,2,1011.1,154,1,1011.0,1183,5,1010.9,330,5,1010.8,1356,9,1011.5,519,8,1011.6,564,12,1011.7,937,12,1011.8,2731,13,1011.9,2169,24
317,2025-11-26 14:44:28+05:30,1011.4,146,1002.31,8280441,398862.0,433226.0,986.2,1012.8,981.3,986.2,120575250,1084.8,887.6,1102.5,649.1,1011.3,292,3,1011.2,14,2,1011.1,154,1,1011.0,1290,5,1010.9,299,5,1011.4,123,5,1011.5,538,9,1011.6,823,12,1011.7,841,12,1011.8,2727,12
317,2025-11-26 14:44:28+05:30,1011.4,146,1002.31,8280441,398862.0,433226.0,986.2,1012.8,981.3,986.2,120575250,1084.8,887.6,1102.5,649.1,1011.3,292,3,1011.2,14,2,1011.1,154,1,1011.0,1290,5,1010.9,299,5,1011.4,123,5,1011.5,538,9,1011.6,823,12,1011.7,841,12,1011.8,2727,12
317,2025-11-26 14:44:29+05:30,1011.4,2,1002.31,8280821,398103.0,433580.0,986.2,1012.8,981.3,986.2,120575250,1084.8,887.6,1102.5,649.1,1011.3,146,2,1011.2,87,3,1011.1,154,1,1011.0,1141,3,1010.9,339,4,1011.4,326,5,1011.5,668,9,1011.6,972,14,1011.7,841,12,1011.8,2721,12
317,2025-11-26 14:44:29+05:30,1011.4,73,1002.31,8280821,398103.0,433580.0,986.2,1012.8,981.3,986.2,120575250,1084.8,887.6,1102.5,649.1,1011.3,146,2,1011.2,87,3,1011.1,154,1,1011.0,1141,3,1010.9,339,4,1011.4,326,5,1011.5,668,9,1011.6,972,14,1011.7,841,12,1011.8,2721,12
317,2025-11-26 14:44:30+05:30,1011.4,27,1002.31,8280953,398847.0,433292.0,986.2,1012.8,981.3,986.2,120575250,1084.8,887.6,1102.5,649.1,1011.3,74,2,1011.2,87,3,1011.1,157,2,1011.0,1146,4,1010.9,339,4,1011.4,20,2,1011.5,707,10,1011.6,972,14,1011.7,669,12,1011.8,2721,12
317,2025-11-26 14:44:30+05:30,1011.4,27,1002.31,8280953,398847.0,433292.0,986.2,1012.8,981.3,986.2,120575250,1084.8,887.6,1102.5,649.1,1011.3,74,2,1011.2,87,3,1011.1,157,2,1011.0,1146,4,1010.9,339,4,1011.4,20,2,1011.5,707,10,1011.6,972,14,1011.7,669,12,1011.8,2721,12
317,2025-11-26 14:44:31+05:30,1011.4,73,1002.31,8280953,398847.0,433292.0,986.2,1012.8,981.3,986.2,120575250,1084.8,887.6,1102.5,649.1,1011.3,74,2,1011.2,87,3,1011.1,157,2,1011.0,1146,4,1010.9,339,4,1011.4,20,2,1011.5,707,10,1011.6,972,14,1011.7,669,12,1011.8,2721,12
317,2025-11-26 14:44:31+05:30,1011.4,73,1002.31,8281399,397068.0,432648.0,986.2,1012.8,981.3,986.2,120575250,1084.8,887.6,1102.5,649.1,1011.2,14,2,1011.1,157,2,1011.0,1033,2,1010.9,301,3,1010.8,534,5,1011.3,75,4,1011.4,227,6,1011.5,568,11,1011.6,1283,15,1011.7,2381,16
317,2025-11-26 14:44:32+05:30,1011.3,36,1002.31,8281399,397068.0,432648.0,986.2,1012.8,981.3,986.2,120575250,1084.8,887.6,1102.5,649.1,1011.2,14,2,1011.1,157,2,1011.0,1033,2,1010.9,301,3,1010.8,534,5,1011.3,75,4,1011.4,227,6,1011.5,568,11,1011.6,1283,15,1011.7,2381,16
317,2025-11-26 14:44:32+05:30,1011.1,26,1002.31,8282266,392756.0,431586.0,986.2,1012.8,981.3,986.2,120575250,1084.8,887.6,1102.5,649.1,1011.1,3,1,1011.0,1033,2,1010.9,45,1,1010.8,218,3,1010.7,195,4,1011.3,221,3,1011.4,505,6,1011.5,667,12,1011.6,1091,14,1011.7,1445,13
317,2025-11-26 14:44:33+05:30,1011.4,37,1002.31,8282266,392756.0,431586.0,986.2,1012.8,981.3,986.2,120575250,1084.8,887.6,1102.5,649.1,1011.1,3,1,1011.0,1033,2,1010.9,45,1,1010.8,218,3,1010.7,195,4,1011.3,221,3,1011.4,505,6,1011.5,667,12,1011.6,1091,14,1011.7,1445,13
317,2025-11-26 14:44:33+05:30,1011.2,68,1002.31,8282801,393796.0,433294.0,986.2,1012.8,981.3,986.2,120575250,1084.8,887.6,1102.5,649.1,1011.1,3,1,1011.0,1033,2,1010.9,156,3,1010.8,434,6,1010.7,595,14,1011.2,12,1,1011.4,793,5,1011.5,1528,13,1011.6,1472,13,1011.7,1374,11
317,2025-11-26 14:44:34+05:30,1011.2,1,1002.31,8282801,393796.0,433294.0,986.2,1012.8,981.3,986.2,120575250,1084.8,887.6,1102.5,649.1,1011.1,3,1,1011.0,1033,2,1010.9,156,3,1010.8,434,6,1010.7,595,14,1011.2,12,1,1011.4,793,5,1011.5,1528,13,1011.6,1472,13,1011.7,1374,11
317,2025-11-26 14:44:34+05:30,1011.2,1,1002.31,8283289,395732.0,433150.0,986.2,1012.8,981.3,986.2,120575250,1084.8,887.6,1102.5,649.1,1011.1,185,4,1011.0,1033,2,1010.9,300,4,1010.8,640,8,1010.7,701,15,1011.2,81,2,1011.4,722,4,1011.5,2240,14,1011.6,722,12,1011.7,1374,11
317,2025-11-26 14:44:35+05:30,1011.1,1,1002.31,8283289,395732.0,433150.0,986.2,1012.8,981.3,986.2,120575250,1084.8,887.6,1102.5,649.1,1011.1,185,4,1011.0,1033,2,1010.9,300,4,1010.8,640,8,1010.7,701,15,1011.2,81,2,1011.4,722,4,1011.5,2240,14,1011.6,722,12,1011.7,1374,11
317,2025-11-26 14:44:35+05:30,1011.1,1,1002.31,8283436,395977.0,432881.0,986.2,1012.8,981.3,986.2,120575250,1084.8,887.6,1102.5,649.1,1011.1,279,7,1011.0,1033,2,1010.9,370,6,1010.8,667,8,1010.7,728,16,1011.2,125,3,1011.3,40,1,1011.4,446,2,1011.5,2138,11,1011.6,722,12
317,2025-11-26 14:44:36+05:30,1011.4,146,1002.31,8283436,395977.0,432881.0,986.2,1012.8,981.3,986.2,120575250,1084.8,887.6,1102.5,649.1,1011.1,279,7,1011.0,1033,2,1010.9,370,6,1010.8,667,8,1010.7,728,16,1011.2,125,3,1011.3,40,1,1011.4,446,2,1011.5,2138,11,1011.6,722,12
317,2025-11-26 14:44:36+05:30,1011.4,14,1002.31,8283971,394535.0,432437.0,986.2,1012.8,981.3,986.2,120575250,1084.8,887.6,1102.5,649.1,1011.3,97,2,1011.2,292,2,1011.1,98,5,1011.0,146,2,1010.9,415,6,1011.4,40,3,1011.5,1876,11,1011.6,874,11,1011.7,1340,11,1011.8,1217,10
317,2025-11-26 14:44:37+05:30,1011.4,73,1002.31,8283971,394535.0,432437.0,986.2,1012.8,981.3,986.2,120575250,1084.8,887.6,1102.5,649.1,1011.3,97,2,1011.2,292,2,1011.1,98,5,1011.0,146,2,1010.9,415,6,1011.4,40,3,1011.5,1876,11,1011.6,874,11,1011.7,1340,11,1011.8,1217,10
317,2025-11-26 14:44:37+05:30,1011.4,73,1002.31,8284254,395086.0,433253.0,986.2,1012.8,981.3,986.2,120575250,1084.8,887.6,1102.5,649.1,1011.3,13,1,1011.2,299,3,1011.1,98,5,1011.0,146,2,1010.9,406,5,1011.5,1936,11,1011.6,1283,13,1011.7,1309,10,1011.8,1217,10,1011.9,1637,26
317,2025-11-26 14:44:38+05:30,1011.4,150,1002.31,8284254,395086.0,433253.0,986.2,1012.8,981.3,986.2,120575250,1084.8,887.6,1102.5,649.1,1011.3,13,1,1011.2,299,3,1011.1,98,5,1011.0,146,2,1010.9,406,5,1011.5,1936,11,1011.6,1283,13,1011.7,1309,10,1011.8,1217,10,1011.9,1637,26
317,2025-11-26 14:44:39+05:30,1011.5,1,1002.31,8284801,396701.0,432026.0,986.2,1012.8,981.3,986.2,120575250,1084.8,887.6,1102.5,649.1,1011.4,146,2,1011.3,87,2,1011.2,42,2,1011.1,86,5,1011.0,532,6,1011.5,28,3,1011.6,438,7,1011.7,857,10,1011.8,1778,10,1011.9,3049,24
317,2025-11-26 14:44:39+05:30,1011.5,1,1002.31,8284801,396701.0,432026.0,986.2,1012.8,981.3,986.2,120575250,1084.8,887.6,1102.5,649.1,1011.4,146,2,1011.3,87,2,1011.2,42,2,1011.1,86,5,1011.0,532,6,1011.5,28,3,1011.6,438,7,1011.7,857,10,1011.8,1778,10,1011.9,3049,24
317,2025-11-26 14:44:40+05:30,1011.4,58,1002.31,8285232,396373.0,432386.0,986.2,1012.8,981.3,986.2,120575250,1084.8,887.6,1102.5,649.1,1011.4,174,4,1011.3,105,4,1011.2,7,1,1011.1,319,5,1011.0,343,5,1011.5,171,4,1011.6,856,10,1011.7,490,9,1011.8,2467,10,1011.9,2259,23
317,2025-11-26 14:44:40+05:30,1011.5,7,1002.31,8285232,396373.0,432386.0,986.2,1012.8,981.3,986.2,120575250,1084.8,887.6,1102.5,649.1,1011.4,174,4,1011.3,105,4,1011.2,7,1,1011.1,319,5,1011.0,343,5,1011.5,171,4,1011.6,856,10,1011.7,490,9,1011.8,2467,10,1011.9,2259,23
317,2025-11-26 14:44:41+05:30,1011.4,1,1002.31,8286043,395586.0,433490.0,986.2,1012.8,981.3,986.2,120575250,1084.8,887.6,1102.5,649.1,1011.3,7,3,1011.2,7,1,1011.1,69,2,1011.0,343,5,1010.9,507,11,1011.5,475,5,1011.6,1431,13,1011.7,801,11,1011.8,2473,11,1011.9,2324,24
317,2025-11-26 14:44:41+05:30,1011.4,1,1002.31,8286043,395586.0,433490.0,986.2,1012.8,981.3,986.2,120575250,1084.8,887.6,1102.5,649.1,1011.3,7,3,1011.2,7,1,1011.1,69,2,1011.0,343,5,1010.9,507,11,1011.5,475,5,1011.6,1431,13,1011.7,801,11,1011.8,2473,11,1011.9,2324,24
317,2025-11-26 14:44:42+05:30,1011.4,73,1002.31,8286189,395534.0,433589.0,986.2,1012.8,981.3,986.2,120575250,1084.8,887.6,1102.5,649.1,1011.3,7,3,1011.2,7,1,1011.1,69,2,1011.0,343,5,1010.9,507,11,1011.5,475,5,1011.6,1498,14,1011.7,802,12,1011.8,2474,11,1011.9,2324,24
317,2025-11-26 14:44:42+05:30,1011.4,73,1002.31,8286189,395534.0,433589.0,986.2,1012.8,981.3,986.2,120575250,1084.8,887.6,1102.5,649.1,1011.3,7,3,1011.2,7,1,1011.1,69,2,1011.0,343,5,1010.9,507,11,1011.5,475,5,1011.6,1498,14,1011.7,802,12,1011.8,2474,11,1011.9,2324,24
317,2025-11-26 14:44:43+05:30,1011.1,21,1002.31,8286189,395534.0,433589.0,986.2,1012.8,981.3,986.2,120575250,1084.8,887.6,1102.5,649.1,1011.3,7,3,1011.2,7,1,1011.1,69,2,1011.0,343,5,1010.9,507,11,1011.5,475,5,1011.6,1498,14,1011.7,802,12,1011.8,2474,11,1011.9,2324,24
317,2025-11-26 14:44:43+05:30,1011.1,21,1002.31,8286396,394235.0,433445.0,986.2,1012.8,981.3,986.2,120575250,1084.8,887.6,1102.5,649.1,1011.1,16,1,1011.0,96,4,1010.9,89,2,1010.8,883,6,1010.7,585,12,1011.3,703,4,1011.4,368,4,1011.5,853,9,1011.6,1256,12,1011.7,2143,13
317,2025-11-26 14:44:44+05:30,1011.3,3,1002.31,8286396,394235.0,433445.0,986.2,1012.8,981.3,986.2,120575250,1084.8,887.6,1102.5,649.1,1011.1,16,1,1011.0,96,4,1010.9,89,2,1010.8,883,6,1010.7,585,12,1011.3,703,4,1011.4,368,4,1011.5,853,9,1011.6,1256,12,1011.7,2143,13
317,2025-11-26 14:44:44+05:30,1011.3,3,1002.31,8286613,394297.0,432637.0,986.2,1012.8,981.3,986.2,120575250,1084.8,887.6,1102.5,649.1,1011.1,16,1,1011.0,91,3,1010.9,189,2,1010.8,857,4,1010.7,506,7,1011.3,85,4,1011.4,438,6,1011.5,786,10,1011.6,1256,12,1011.7,1977,15
317,2025-11-26 14:44:45+05:30,1011.3,2,1002.31,8286613,394297.0,432637.0,986.2,1012.8,981.3,986.2,120575250,1084.8,887.6,1102.5,649.1,1011.1,16,1,1011.0,91,3,1010.9,189,2,1010.8,857,4,1010.7,506,7,1011.3,85,4,1011.4,438,6,1011.5,786,10,1011.6,1256,12,1011.7,1977,15
317,2025-11-26 14:44:45+05:30,1011.3,1,1002.31,8286699,395058.0,432588.0,986.2,1012.8,981.3,986.2,120575250,1084.8,887.6,1102.5,649.1,1011.1,16,1,1011.0,43,2,1010.9,144,1,1010.8,887,6,1010.7,643,13,1011.3,56,4,1011.4,640,7,1011.5,1387,11,1011.6,1830,14,1011.7,590,10
317,2025-11-26 14:44:46+05:30,1011.3,1,1002.31,8286699,395058.0,432588.0,986.2,1012.8,981.3,986.2,120575250,1084.8,887.6,1102.5,649.1,1011.1,16,1,1011.0,43,2,1010.9,144,1,1010.8,887,6,1010.7,643,13,1011.3,56,4,1011.4,640,7,1011.5,1387,11,1011.6,1830,14,1011.7,590,10
317,2025-11-26 14:44:46+05:30,1011.3,1,1002.31,8286701,395063.0,432642.0,986.2,1012.8,981.3,986.2,120575250,1084.8,887.6,1102.5,649.1,1011.1,16,1,1011.0,43,2,1010.9,144,1,1010.8,887,6,1010.7,643,13,1011.3,44,4,1011.4,607,6,1011.5,1420,12,1011.6,1830,14,1011.7,590,10
317,2025-11-26 14:44:47+05:30,1011.1,4,1002.31,8286721,395035.0,432652.0,986.2,1012.8,981.3,986.2,120575250,1084.8,887.6,1102.5,649.1,1011.1,23,2,1011.0,43,2,1010.9,144,1,1010.8,887,6,1010.7,643,13,1011.3,44,4,1011.4,607,6,1011.5,1420,12,1011.6,1830,14,1011.7,590,10
317,2025-11-26 14:44:48+05:30,1011.3,5,1002.31,8286721,395035.0,432652.0,986.2,1012.8,981.3,986.2,120575250,1084.8,887.6,1102.5,649.1,1011.1,23,2,1011.0,43,2,1010.9,144,1,1010.8,887,6,1010.7,643,13,1011.3,44,4,1011.4,607,6,1011.5,1420,12,1011.6,1830,14,1011.7,590,10
317,2025-11-26 14:44:48+05:30,1011.1,100,1002.31,8286877,396214.0,432565.0,986.2,1012.8,981.3,986.2,120575250,1084.8,887.6,1102.5,649.1,1011.0,166,3,1010.9,66,2,1010.8,822,5,1010.7,703,14,1010.6,685,11,1011.1,79,1,1011.3,7,3,1011.4,505,4,1011.5,1304,7,1011.6,1356,13
317,2025-11-26 14:44:49+05:30,1011.0,90,1002.31,8286877,396214.0,432565.0,986.2,1012.8,981.3,986.2,120575250,1084.8,887.6,1102.5,649.1,1011.0,166,3,1010.9,66,2,1010.8,822,5,1010.7,703,14,1010.6,685,11,1011.1,79,1,1011.3,7,3,1011.4,505,4,1011.5,1304,7,1011.6,1356,13
317,2025-11-26 14:44:49+05:30,1011.0,90,1002.31,8287037,396292.0,432400.0,986.2,1012.8,981.3,986.2,120575250,1084.8,887.6,1102.5,649.1,1011.0,38,2,1010.9,33,1,1010.8,711,5,1010.7,638,13,1010.6,685,11,1011.1,52,1,1011.2,37,1,1011.3,214,5,1011.4,566,5,1011.5,1471,11
317,2025-11-26 14:44:50+05:30,1011.1,54,1002.31,8287037,396292.0,432400.0,986.2,1012.8,981.3,986.2,120575250,1084.8,887.6,1102.5,649.1,1011.0,38,2,1010.9,33,1,1010.8,711,5,1010.7,638,13,1010.6,685,11,1011.1,52,1,1011.2,37,1,1011.3,214,5,1011.4,566,5,1011.5,1471,11
317,2025-11-26 14:44:51+05:30,1011.1,1,1002.31,8287142,396772.0,432467.0,986.2,1012.8,981.3,986.2,120575250,1084.8,887.6,1102.5,649.1,1011.0,38,2,1010.9,309,3,1010.8,855,6,1010.7,638,13,1010.6,685,11,1011.1,30,2,1011.2,97,2,1011.3,118,5,1011.4,566,5,1011.5,1471,11
317,2025-11-26 14:44:51+05:30,1011.1,1,1002.31,8287142,396772.0,432467.0,986.2,1012.8,981.3,986.2,120575250,1084.8,887.6,1102.5,649.1,1011.0,38,2,1010.9,309,3,1010.8,855,6,1010.7,638,13,1010.6,685,11,1011.1,30,2,1011.2,97,2,1011.3,118,5,1011.4,566,5,1011.5,1471,11
317,2025-11-26 14:44:52+05:30,1011.1,1,1002.31,8287142,396776.0,432628.0,986.2,1012.8,981.3,986.2,120575250,1084.8,887.6,1102.5,649.1,1011.0,38,2,1010.9,309,3,1010.8,855,6,1010.7,678,14,1010.6,725,12,1011.1,30,2,1011.2,37,1,1011.3,58,4,1011.4,566,5,1011.5,1471,11
317,2025-11-26 14:44:53+05:30,1011.1,2,1002.31,8287174,396714.0,432793.0,986.2,1012.8,981.3,986.2,120575250,1084.8,887.6,1102.5,649.1,1011.0,38,2,1010.9,276,2,1010.8,836,6,1010.7,619,13,1010.6,725,12,1011.1,85,2,1011.2,37,1,1011.3,118,5,1011.4,588,6,1011.5,1471,11
317,2025-11-26 14:44:53+05:30,1011.1,1,1002.31,8287174,396714.0,432793.0,986.2,1012.8,981.3,986.2,120575250,1084.8,887.6,1102.5,649.1,1011.0,38,2,1010.9,276,2,1010.8,836,6,1010.7,619,13,1010.6,725,12,1011.1,85,2,1011.2,37,1,1011.3,118,5,1011.4,588,6,1011.5,1471,11
317,2025-11-26 14:44:54+05:30,1011.0,1,1002.31,8287376,395865.0,431839.0,986.2,1012.8,981.3,986.2,120575250,1084.8,887.6,1102.5,649.1,1010.8,811,7,1010.7,522,9,1010.6,741,14,1010.5,858,14,1010.4,1859,12,1011.0,53,2,1011.1,8,1,1011.2,37,1,1011.3,310,5,1011.4,634,6
317,2025-11-26 14:44:54+05:30,1011.0,1,1002.31,8287376,395865.0,431839.0,986.2,1012.8,981.3,986.2,120575250,1084.8,887.6,1102.5,649.1,1010.8,811,7,1010.7,522,9,1010.6,741,14,1010.5,858,14,1010.4,1859,12,1011.0,53,2,1011.1,8,1,1011.2,37,1,1011.3,310,5,1011.4,634,6
317,2025-11-26 14:44:55+05:30,1011.0,1,1002.31,8287376,395865.0,431839.0,986.2,1012.8,981.3,986.2,120575250,1084.8,887.6,1102.5,649.1,1010.8,811,7,1010.7,522,9,1010.6,741,14,1010.5,858,14,1010.4,1859,12,1011.0,53,2,1011.1,8,1,1011.2,37,1,1011.3,310,5,1011.4,634,6
317,2025-11-26 14:44:55+05:30,1011.0,1,1002.31,8287396,395927.0,431355.0,986.2,1012.8,981.3,986.2,120575250,1084.8,887.6,1102.5,649.1,1010.8,775,7,1010.7,559,10,1010.6,741,14,1010.5,886,15,1010.4,1882,13,1011.0,52,2,1011.1,9,2,1011.2,37,1,1011.3,310,5,1011.4,636,7
317,2025-11-26 14:44:56+05:30,1010.8,9,1002.31,8287396,395927.0,431355.0,986.2,1012.8,981.3,986.2,120575250,1084.8,887.6,1102.5,649.1,1010.8,775,7,1010.7,559,10,1010.6,741,14,1010.5,886,15,1010.4,1882,13,1011.0,52,2,1011.1,9,2,1011.2,37,1,1011.3,310,5,1011.4,636,7
317,2025-11-26 14:44:56+05:30,1010.8,9,1002.31,8287420,395982.0,431105.0,986.2,1012.8,981.3,986.2,120575250,1084.8,887.6,1102.5,649.1,1010.8,766,7,1010.7,544,9,1010.6,756,15,1010.5,886,15,1010.4,1946,14,1011.0,37,2,1011.1,48,3,1011.3,367,5,1011.4,636,7,1011.5,1434,11
317,2025-11-26 14:44:57+05:30,1010.8,9,1002.31,8287420,396086.0,431432.0,986.2,1012.8,981.3,986.2,120575250,1084.8,887.6,1102.5,649.1,1010.8,827,9,1010.7,504,8,1010.6,716,14,1010.5,886,15,1010.4,1468,13,1011.0,38,3,1011.1,48,3,1011.3,367,5,1011.4,636,7,1011.5,1460,13
317,2025-11-26 14:44:58+05:30,1011.0,1,1002.31,8287420,396086.0,431432.0,986.2,1012.8,981.3,986.2,120575250,1084.8,887.6,1102.5,649.1,1010.8,827,9,1010.7,504,8,1010.6,716,14,1010.5,886,15,1010.4,1468,13,1011.0,38,3,1011.1,48,3,1011.3,367,5,1011.4,636,7,1011.5,1460,13
317,2025-11-26 14:44:58+05:30,1010.8,2,1002.32,8288014,392897.0,431365.0,986.2,1012.8,981.3,986.2,120575250,1084.8,887.6,1102.5,649.1,1010.8,105,5,1010.7,386,7,1010.6,503,6,1010.5,1426,14,1010.4,1543,18,1011.0,1,1,1011.1,40,2,1011.3,367,5,1011.4,636,7,1011.5,1460,13
317,2025-11-26 14:44:59+05:30,1011.0,1,1002.32,8288014,392897.0,431365.0,986.2,1012.8,981.3,986.2,120575250,1084.8,887.6,1102.5,649.1,1010.8,105,5,1010.7,386,7,1010.6,503,6,1010.5,1426,14,1010.4,1543,18,1011.0,1,1,1011.1,40,2,1011.3,367,5,1011.4,636,7,1011.5,1460,13
317,2025-11-26 14:44:59+05:30,1011.1,2,1002.32,8288018,393256.0,431116.0,986.2,1012.8,981.3,986.2,120575250,1084.8,887.6,1102.5,649.1,1010.8,36,3,1010.7,319,6,1010.6,540,7,1010.5,897,14,1010.4,1543,18,1011.1,37,1,1011.3,404,6,1011.4,658,8,1011.5,1460,13,1011.6,707,15
317,2025-11-26 14:45:00+05:30,1011.1,1,1002.32,8288018,393256.0,431116.0,986.2,1012.8,981.3,986.2,120575250,1084.8,887.6,1102.5,649.1,1010.8,36,3,1010.7,319,6,1010.6,540,7,1010.5,897,14,1010.4,1543,18,1011.1,37,1,1011.3,404,6,1011.4,658,8,1011.5,1460,13,1011.6,707,15
317,2025-11-26 14:45:00+05:30,1011.1,1,1002.32,8288030,395663.0,432390.0,986.2,1012.8,981.3,986.2,120575250,1084.8,887.6,1102.5,649.1,1010.8,206,5,1010.7,707,12,1010.6,572,8,1010.5,860,13,1010.4,1442,17,1011.1,35,2,1011.2,202,1,1011.3,456,6,1011.4,1059,10,1011.5,1198,13
317,2025-11-26 14:45:01+05:30,1010.8,1,1002.32,8288030,395663.0,432390.0,986.2,1012.8,981.3,986.2,120575250,1084.8,887.6,1102.5,649.1,1010.8,206,5,1010.7,707,12,1010.6,572,8,1010.5,860,13,1010.4,1442,17,1011.1,35,2,1011.2,202,1,1011.3,456,6,1011.4,1059,10,1011.5,1198,13
317,2025-11-26 14:45:02+05:30,1010.8,1,1002.32,8288031,394209.0,433477.0,986.2,1012.8,981.3,986.2,120575250,1084.8,887.6,1102.5,649.1,1010.8,34,4,1010.7,172,4,1010.6,264,3,1010.5,826,13,1010.4,645,12,1011.1,71,5,1011.2,709,4,1011.3,642,11,1011.4,1023,9,1011.5,1232,13
317,2025-11-26 14:45:03+05:30,1011.1,23,1002.32,8288063,394158.0,433935.0,986.2,1012.8,981.3,986.2,120575250,1084.8,887.6,1102.5,649.1,1010.8,34,4,1010.7,28,3,1010.6,264,3,1010.5,725,11,1010.4,681,13,1011.1,62,5,1011.2,847,6,1011.3,754,12,1011.4,1023,9,1011.5,1232,13
317,2025-11-26 14:45:03+05:30,1011.1,23,1002.32,8288063,394158.0,433935.0,986.2,1012.8,981.3,986.2,120575250,1084.8,887.6,1102.5,649.1,1010.8,34,4,1010.7,28,3,1010.6,264,3,1010.5,725,11,1010.4,681,13,1011.1,62,5,1011.2,847,6,1011.3,754,12,1011.4,1023,9,1011.5,1232,13
317,2025-11-26 14:45:04+05:30,1011.1,34,1002.32,8288327,394682.0,432347.0,986.2,1012.8,981.3,986.2,120575250,1084.8,887.6,1102.5,649.1,1010.8,100,6,1010.7,496,8,1010.6,905,5,1010.5,689,10,1010.4,671,14,1011.1,7,3,1011.2,508,2,1011.3,547,8,1011.4,712,7,1011.5,1356,16
317,2025-11-26 14:45:04+05:30,1011.1,34,1002.32,8288327,394682.0,432347.0,986.2,1012.8,981.3,986.2,120575250,1084.8,887.6,1102.5,649.1,1010.8,100,6,1010.7,496,8,1010.6,905,5,1010.5,689,10,1010.4,671,14,1011.1,7,3,1011.2,508,2,1011.3,547,8,1011.4,712,7,1011.5,1356,16
317,2025-11-26 14:45:05+05:30,1011.1,1,1002.32,8288560,395686.0,433531.0,986.2,1012.8,981.3,986.2,120575250,1084.8,887.6,1102.5,649.1,1011.0,24,3,1010.8,34,4,1010.7,318,6,1010.6,389,6,1010.5,1336,11,1011.2,160,4,1011.3,463,10,1011.4,1010,10,1011.5,1306,13,1011.6,1447,15
317,2025-11-26 14:45:05+05:30,1011.1,1,1002.32,8288560,395686.0,433531.0,986.2,1012.8,981.3,986.2,120575250,1084.8,887.6,1102.5,649.1,1011.0,24,3,1010.8,34,4,1010.7,318,6,1010.6,389,6,1010.5,1336,11,1011.2,160,4,1011.3,463,10,1011.4,1010,10,1011.5,1306,13,1011.6,1447,15
317,2025-11-26 14:45:06+05:30,1011.2,1,1002.32,8288560,395686.0,433531.0,986.2,1012.8,981.3,986.2,120575250,1084.8,887.6,1102.5,649.1,1011.0,24,3,1010.8,34,4,1010.7,318,6,1010.6,389,6,1010.5,1336,11,1011.2,160,4,1011.3,463,10,1011.4,1010,10,1011.5,1306,13,1011.6,1447,15
317,2025-11-26 14:45:06+05:30,1011.2,1,1002.32,8288561,395832.0,433485.0,986.2,1012.8,981.3,986.2,120575250,1084.8,887.6,1102.5,649.1,1011.0,24,3,1010.8,34,4,1010.7,318,6,1010.6,389,6,1010.5,1336,11,1011.2,159,4,1011.3,556,10,1011.4,1010,10,1011.5,1315,14,1011.6,1447,15
317,2025-11-26 14:45:07+05:30,1011.2,23,1002.32,8288610,395888.0,432872.0,986.2,1012.8,981.3,986.2,120575250,1084.8,887.6,1102.5,649.1,1011.0,60,5,1010.8,149,4,1010.7,367,6,1010.6,389,6,1010.5,1336,11,1011.2,8,2,1011.3,328,7,1011.4,490,8,1011.5,1613,15,1011.6,1447,15
317,2025-11-26 14:45:08+05:30,1011.2,23,1002.32,8288610,395888.0,432872.0,986.2,1012.8,981.3,986.2,120575250,1084.8,887.6,1102.5,649.1,1011.0,60,5,1010.8,149,4,1010.7,367,6,1010.6,389,6,1010.5,1336,11,1011.2,8,2,1011.3,328,7,1011.4,490,8,1011.5,1613,15,1011.6,1447,15
317,2025-11-26 14:45:08+05:30,1011.1,3,1002.32,8288613,395901.0,433010.0,986.2,1012.8,981.3,986.2,120575250,1084.8,887.6,1102.5,649.1,1011.0,60,5,1010.8,19,3,1010.7,366,5,1010.6,389,6,1010.5,1336,11,1011.1,22,1,1011.2,8,2,1011.3,292,6,1011.4,502,8,1011.5,1613,15
317,2025-11-26 14:45:09+05:30,1011.3,32,1002.32,8288613,395901.0,433010.0,986.2,1012.8,981.3,986.2,120575250,1084.8,887.6,1102.5,649.1,1011.0,60,5,1010.8,19,3,1010.7,366,5,1010.6,389,6,1010.5,1336,11,1011.1,22,1,1011.2,8,2,1011.3,292,6,1011.4,502,8,1011.5,1613,15
317,2025-11-26 14:45:09+05:30,1011.3,32,1002.32,8288715,395871.0,432482.0,986.2,1012.8,981.3,986.2,120575250,1084.8,887.6,1102.5,649.1,1011.0,61,6,1010.9,5,1,1010.8,244,5,1010.7,366,5,1010.6,376,5,1011.3,224,5,1011.4,451,8,1011.5,1578,14,1011.6,1480,16,1011.7,730,14
317,2025-11-26 14:45:10+05:30,1011.3,33,1002.32,8288715,395871.0,432482.0,986.2,1012.8,981.3,986.2,120575250,1084.8,887.6,1102.5,649.1,1011.0,61,6,1010.9,5,1,1010.8,244,5,1010.7,366,5,1010.6,376,5,1011.3,224,5,1011.4,451,8,1011.5,1578,14,1011.6,1480,16,1011.7,730,14
317,2025-11-26 14:45:10+05:30,1011.3,1,1002.32,8288766,395894.0,435343.0,986.2,1012.8,981.3,986.2,120575250,1084.8,887.6,1102.5,649.1,1011.0,61,6,1010.9,113,3,1010.8,357,7,1010.7,449,6,1010.6,918,7,1011.2,1,1,1011.3,94,3,1011.4,501,7,1011.5,1618,15,1011.6,1480,16
317,2025-11-26 14:45:11+05:30,1011.2,2,1002.32,8288766,395894.0,435343.0,986.2,1012.8,981.3,986.2,120575250,1084.8,887.6,1102.5,649.1,1011.0,61,6,1010.9,113,3,1010.8,357,7,1010.7,449,6,1010.6,918,7,1011.2,1,1,1011.3,94,3,1011.4,501,7,1011.5,1618,15,1011.6,1480,16
317,2025-11-26 14:45:11+05:30,1011.2,2,1002.32,8288770,396776.0,435651.0,986.2,1012.8,981.3,986.2,120575250,1084.8,887.6,1102.5,649.1,1011.0,61,6,1010.9,159,4,1010.8,425,8,1010.7,560,7,1010.6,421,8,1011.2,27,1,1011.3,33,1,1011.4,465,6,1011.5,1485,12,1011.6,728,13
317,2025-11-26 14:45:12+05:30,1011.2,16,1002.32,8288770,396776.0,435651.0,986.2,1012.8,981.3,986.2,120575250,1084.8,887.6,1102.5,649.1,1011.0,61,6,1010.9,159,4,1010.8,425,8,1010.7,560,7,1010.6,421,8,1011.2,27,1,1011.3,33,1,1011.4,465,6,1011.5,1485,12,1011.6,728,13
317,2025-11-26 14:45:12+05:30,1011.2,16,1002.32,8288786,396730.0,435703.0,986.2,1012.8,981.3,986.2,120575250,1084.8,887.6,1102.5,649.1,1011.0,61,6,1010.9,113,3,1010.8,425,8,1010.7,560,7,1010.6,421,8,1011.2,11,1,1011.3,151,2,1011.4,387,6,1011.5,1498,13,1011.6,728,13
317,2025-11-26 14:45:13+05:30,1011.0,3,1002.32,8288786,396730.0,435703.0,986.2,1012.8,981.3,986.2,120575250,1084.8,887.6,1102.5,649.1,1011.0,61,6,1010.9,113,3,1010.8,425,8,1010.7,560,7,1010.6,421,8,1011.2,11,1,1011.3,151,2,1011.4,387,6,1011.5,1498,13,1011.6,728,13
317,2025-11-26 14:45:13+05:30,1010.8,66,1002.32,8289193,395992.0,436467.0,986.2,1012.8,981.3,986.2,120575250,1084.8,887.6,1102.5,649.1,1011.0,7,1,1010.8,63,3,1010.7,350,5,1010.6,1142,10,1010.5,941,14,1011.1,47,2,1011.2,5,2,1011.3,527,7,1011.4,1242,12,1011.5,1287,15
317,2025-11-26 14:45:14+05:30,1011.1,3,1002.32,8289193,395992.0,436467.0,986.2,1012.8,981.3,986.2,120575250,1084.8,887.6,1102.5,649.1,1011.0,7,1,1010.8,63,3,1010.7,350,5,1010.6,1142,10,1010.5,941,14,1011.1,47,2,1011.2,5,2,1011.3,527,7,1011.4,1242,12,1011.5,1287,15
317,2025-11-26 14:45:14+05:30,1011.1,3,1002.32,8289197,395835.0,436305.0,986.2,1012.8,981.3,986.2,120575250,1084.8,887.6,1102.5,649.1,1011.0,8,2,1010.8,109,4,1010.7,487,7,1010.6,1122,11,1010.5,941,14,1011.1,43,2,1011.2,5,2,1011.3,671,8,1011.4,696,9,1011.5,1631,17
317,2025-11-26 14:45:15+05:30,1011.1,2,1002.32,8289197,395835.0,436305.0,986.2,1012.8,981.3,986.2,120575250,1084.8,887.6,1102.5,649.1,1011.0,8,2,1010.8,109,4,1010.7,487,7,1010.6,1122,11,1010.5,941,14,1011.1,43,2,1011.2,5,2,1011.3,671,8,1011.4,696,9,1011.5,1631,17
317,2025-11-26 14:45:16+05:30,1011.1,1,1002.32,8289200,396176.0,436032.0,986.2,1012.8,981.3,986.2,120575250,1084.8,887.6,1102.5,649.1,1011.0,8,2,1010.8,541,7,1010.7,487,7,1010.6,1135,12,1010.5,965,15,1011.1,40,2,1011.2,5,2,1011.3,414,6,1011.4,648,7,1011.5,1636,19
317,2025-11-26 14:45:16+05:30,1011.1,1,1002.32,8289200,396176.0,436032.0,986.2,1012.8,981.3,986.2,120575250,1084.8,887.6,1102.5,649.1,1011.0,8,2,1010.8,541,7,1010.7,487,7,1010.6,1135,12,1010.5,965,15,1011.1,40,2,1011.2,5,2,1011.3,414,6,1011.4,648,7,1011.5,1636,19
317,2025-11-26 14:45:17+05:30,1011.0,1,1002.32,8289201,395987.0,435928.0,986.2,1012.8,981.3,986.2,120575250,1084.8,887.6,1102.5,649.1,1011.0,7,2,1010.8,353,5,1010.7,533,8,1010.6,1089,11,1010.5,965,15,1011.1,43,4,1011.2,203,3,1011.3,414,6,1011.4,648,7,1011.5,1636,19
317,2025-11-26 14:45:17+05:30,1011.0,1,1002.32,8289201,395987.0,435928.0,986.2,1012.8,981.3,986.2,120575250,1084.8,887.6,1102.5,649.1,1011.0,7,2,1010.8,353,5,1010.7,533,8,1010.6,1089,11,1010.5,965,15,1011.1,43,4,1011.2,203,3,1011.3,414,6,1011.4,648,7,1011.5,1636,19
317,2025-11-26 14:45:18+05:30,1011.1,17,1002.32,8289307,396037.0,436225.0,986.2,1012.8,981.3,986.2,120575250,1084.8,887.6,1102.5,649.1,1011.0,131,3,1010.9,46,1,1010.8,303,6,1010.7,487,7,1010.6,1089,11,1011.1,19,2,1011.2,201,2,1011.3,217,4,1011.4,648,7,1011.5,1585,16
317,2025-11-26 14:45:18+05:30,1011.1,17,1002.32,8289307,396037.0,436225.0,986.2,1012.8,981.3,986.2,120575250,1084.8,887.6,1102.5,649.1,1011.0,131,3,1010.9,46,1,1010.8,303,6,1010.7,487,7,1010.6,1089,11,1011.1,19,2,1011.2,201,2,1011.3,217,4,1011.4,648,7,1011.5,1585,16
317,2025-11-26 14:45:19+05:30,1011.1,1,1002.32,8289427,395965.0,436178.0,986.2,1012.8,981.3,986.2,120575250,1084.8,887.6,1102.5,649.1,1011.0,21,4,1010.9,92,2,1010.8,281,6,1010.7,538,8,1010.6,1122,12,1011.1,1,1,1011.2,201,2,1011.3,217,4,1011.4,648,7,1011.5,1585,16
317,2025-11-26 14:45:19+05:30,1011.1,1,1002.32,8289427,395965.0,436178.0,986.2,1012.8,981.3,986.2,120575250,1084.8,887.6,1102.5,649.1,1011.0,21,4,1010.9,92,2,1010.8,281,6,1010.7,538,8,1010.6,1122,12,1011.1,1,1,1011.2,201,2,1011.3,217,4,1011.4,648,7,1011.5,1585,16
317,2025-11-26 14:45:20+05:30,1011.2,45,1002.32,8289427,395965.0,436178.0,986.2,1012.8,981.3,986.2,120575250,1084.8,887.6,1102.5,649.1,1011.0,21,4,1010.9,92,2,1010.8,281,6,1010.7,538,8,1010.6,1122,12,1011.1,1,1,1011.2,201,2,1011.3,217,4,1011.4,648,7,1011.5,1585,16
317,2025-11-26 14:45:20+05:30,1011.2,45,1002.32,8289481,396413.0,435740.0,986.2,1012.8,981.3,986.2,120575250,1084.8,887.6,1102.5,649.1,1011.0,30,4,1010.9,97,3,1010.8,392,7,1010.7,538,8,1010.6,1109,11,1011.2,206,3,1011.3,105,3,1011.4,593,6,1011.5,1585,16,1011.6,601,10
317,2025-11-26 14:45:21+05:30,1011.2,1,1002.32,8289481,396413.0,435740.0,986.2,1012.8,981.3,986.2,120575250,1084.8,887.6,1102.5,649.1,1011.0,30,4,1010.9,97,3,1010.8,392,7,1010.7,538,8,1010.6,1109,11,1011.2,206,3,1011.3,105,3,1011.4,593,6,1011.5,1585,16,1011.6,601,10
317,2025-11-26 14:45:21+05:30,1011.2,1,1002.32,8289483,396361.0,436079.0,986.2,1012.8,981.3,986.2,120575250,1084.8,887.6,1102.5,649.1,1011.0,30,4,1010.9,51,2,1010.8,392,7,1010.7,538,8,1010.6,1109,11,1011.2,204,3,1011.3,148,4,1011.4,1167,7,1011.5,984,15,1011.6,601,10
317,2025-11-26 14:45:22+05:30,1011.2,1,1002.32,8289483,396361.0,436079.0,986.2,1012.8,981.3,986.2,120575250,1084.8,887.6,1102.5,649.1,1011.0,30,4,1010.9,51,2,1010.8,392,7,1010.7,538,8,1010.6,1109,11,1011.2,204,3,1011.3,148,4,1011.4,1167,7,1011.5,984,15,1011.6,601,10
317,2025-11-26 14:45:22+05:30,1011.2,1,1002.32,8289484,396361.0,436078.0,986.2,1012.8,981.3,986.2,120575250,1084.8,887.6,1102.5,649.1,1011.0,30,4,1010.9,51,2,1010.8,392,7,1010.7,538,8,1010.6,1109,11,1011.2,203,3,1011.3,148,4,1011.4,1167,7,1011.5,984,15,1011.6,601,10
317,2025-11-26 14:45:23+05:30,1011.2,23,1002.32,8289484,396361.0,436078.0,986.2,1012.8,981.3,986.2,120575250,1084.8,887.6,1102.5,649.1,1011.0,30,4,1010.9,51,2,1010.8,392,7,1010.7,538,8,1010.6,1109,11,1011.2,203,3,1011.3,148,4,1011.4,1167,7,1011.5,984,15,1011.6,601,10
317,2025-11-26 14:45:23+05:30,1011.2,23,1002.32,8289542,396630.0,435865.0,986.2,1012.8,981.3,986.2,120575250,1084.8,887.6,1102.5,649.1,1011.0,55,3,1010.9,255,5,1010.8,502,8,1010.7,551,9,1010.6,1166,12,1011.2,173,4,1011.3,143,3,1011.4,720,4,1011.5,1489,13,1011.6,695,17
317,2025-11-26 14:45:24+05:30,1011.2,87,1002.32,8289542,396630.0,435865.0,986.2,1012.8,981.3,986.2,120575250,1084.8,887.6,1102.5,649.1,1011.0,55,3,1010.9,255,5,1010.8,502,8,1010.7,551,9,1010.6,1166,12,1011.2,173,4,1011.3,143,3,1011.4,720,4,1011.5,1489,13,1011.6,695,17
317,2025-11-26 14:45:24+05:30,1011.2,87,1002.32,8289755,396565.0,435396.0,986.2,1012.8,981.3,986.2,120575250,1084.8,887.6,1102.5,649.1,1011.0,10,2,1010.9,208,4,1010.8,450,7,1010.7,551,9,1010.6,721,12,1011.2,137,5,1011.3,100,2,1011.4,751,5,1011.5,1551,13,1011.6,734,20
317,2025-11-26 14:45:25+05:30,1011.2,11,1002.32,8289755,396565.0,435396.0,986.2,1012.8,981.3,986.2,120575250,1084.8,887.6,1102.5,649.1,1011.0,10,2,1010.9,208,4,1010.8,450,7,1010.7,551,9,1010.6,721,12,1011.2,137,5,1011.3,100,2,1011.4,751,5,1011.5,1551,13,1011.6,734,20
317,2025-11-26 14:45:25+05:30,1011.2,2,1002.32,8289862,396226.0,435102.0,986.2,1012.8,981.3,986.2,120575250,1084.8,887.6,1102.5,649.1,1011.0,42,2,1010.9,51,2,1010.8,271,6,1010.7,516,9,1010.6,721,12,1011.2,60,4,1011.3,43,1,1011.4,751,5,1011.5,1476,11,1011.6,734,20
317,2025-11-26 14:45:26+05:30,1011.2,2,1002.32,8289862,396226.0,435102.0,986.2,1012.8,981.3,986.2,120575250,1084.8,887.6,1102.5,649.1,1011.0,42,2,1010.9,51,2,1010.8,271,6,1010.7,516,9,1010.6,721,12,1011.2,60,4,1011.3,43,1,1011.4,751,5,1011.5,1476,11,1011.6,734,20
317,2025-11-26 14:45:26+05:30,1011.2,2,1002.32,8289862,396226.0,435110.0,986.2,1012.8,981.3,986.2,120575250,1084.8,887.6,1102.5,649.1,1011.0,42,2,1010.9,51,2,1010.8,271,6,1010.7,516,9,1010.6,721,12,1011.2,60,4,1011.3,43,1,1011.4,751,5,1011.5,1476,11,1011.6,742,21
317,2025-11-26 14:45:28+05:30,1011.2,2,1002.32,8289862,396358.0,434592.0,986.2,1012.8,981.3,986.2,120575250,1084.8,887.6,1102.5,649.1,1011.0,65,3,1010.9,257,5,1010.8,389,7,1010.7,516,9,1010.6,721,12,1011.1,5,1,1011.2,110,5,1011.3,43,1,1011.4,859,6,1011.5,1571,14
317,2025-11-26 14:45:29+05:30,1011.1,2,1002.32,8289864,396359.0,434590.0,986.2,1012.8,981.3,986.2,120575250,1084.8,887.6,1102.5,649.1,1011.0,20,2,1010.9,303,7,1010.8,389,7,1010.7,516,9,1010.6,721,12,1011.1,3,1,1011.2,110,5,1011.3,43,1,1011.4,859,6,1011.5,1571,14
317,2025-11-26 14:45:29+05:30,1011.1,2,1002.32,8289864,396359.0,434590.0,986.2,1012.8,981.3,986.2,120575250,1084.8,887.6,1102.5,649.1,1011.0,20,2,1010.9,303,7,1010.8,389,7,1010.7,516,9,1010.6,721,12,1011.1,3,1,1011.2,110,5,1011.3,43,1,1011.4,859,6,1011.5,1571,14
317,2025-11-26 14:45:30+05:30,1011.1,2,1002.32,8289866,396253.0,434603.0,986.2,1012.8,981.3,986.2,120575250,1084.8,887.6,1102.5,649.1,1011.0,92,5,1010.9,211,5,1010.8,283,6,1010.7,583,10,1010.6,721,12,1011.1,92,2,1011.2,110,5,1011.4,828,5,1011.5,1571,14,1011.6,714,18
317,2025-11-26 14:45:30+05:30,1011.1,27,1002.32,8289866,396253.0,434603.0,986.2,1012.8,981.3,986.2,120575250,1084.8,887.6,1102.5,649.1,1011.0,92,5,1010.9,211,5,1010.8,283,6,1010.7,583,10,1010.6,721,12,1011.1,92,2,1011.2,110,5,1011.4,828,5,1011.5,1571,14,1011.6,714,18
317,2025-11-26 14:45:31+05:30,1011.1,1,1002.32,8289927,396248.0,434576.0,986.2,1012.8,981.3,986.2,120575250,1084.8,887.6,1102.5,649.1,1011.0,90,5,1010.9,166,4,1010.8,325,7,1010.7,583,10,1010.6,721,12,1011.1,41,2,1011.2,110,5,1011.4,828,5,1011.5,1571,14,1011.6,714,18
317,2025-11-26 14:45:31+05:30,1011.1,1,1002.32,8289927,396248.0,434576.0,986.2,1012.8,981.3,986.2,120575250,1084.8,887.6,1102.5,649.1,1011.0,90,5,1010.9,166,4,1010.8,325,7,1010.7,583,10,1010.6,721,12,1011.1,41,2,1011.2,110,5,1011.4,828,5,1011.5,1571,14,1011.6,714,18
317,2025-11-26 14:45:32+05:30,1011.1,1,1002.32,8289927,396248.0,434580.0,986.2,1012.8,981.3,986.2,120575250,1084.8,887.6,1102.5,649.1,1011.0,48,4,1010.9,208,5,1010.8,325,7,1010.7,583,10,1010.6,721,12,1011.1,42,3,1011.2,110,5,1011.4,828,5,1011.5,1651,15,1011.6,717,19
317,2025-11-26 14:45:33+05:30,1011.1,23,1002.32,8289927,396248.0,434580.0,986.2,1012.8,981.3,986.2,120575250,1084.8,887.6,1102.5,649.1,1011.0,48,4,1010.9,208,5,1010.8,325,7,1010.7,583,10,1010.6,721,12,1011.1,42,3,1011.2,110,5,1011.4,828,5,1011.5,1651,15,1011.6,717,19
317,2025-11-26 14:45:33+05:30,1011.1,4,1002.32,8290013,396299.0,434606.0,986.2,1012.8,981.3,986.2,120575250,1084.8,887.6,1102.5,649.1,1011.0,48,4,1010.9,299,6,1010.8,325,7,1010.7,583,10,1010.6,721,12,1011.1,57,4,1011.2,120,6,1011.4,828,5,1011.5,1651,15,1011.6,717,19
317,2025-11-26 14:45:34+05:30,1011.1,1,1002.32,8290013,396299.0,434606.0,986.2,1012.8,981.3,986.2,120575250,1084.8,887.6,1102.5,649.1,1011.0,48,4,1010.9,299,6,1010.8,325,7,1010.7,583,10,1010.6,721,12,1011.1,57,4,1011.2,120,6,1011.4,828,5,1011.5,1651,15,1011.6,717,19
317,2025-11-26 14:45:34+05:30,1011.1,1,1002.32,8290108,396416.0,433730.0,986.2,1012.8,981.3,986.2,120575250,1084.8,887.6,1102.5,649.1,1011.0,7,1,1010.9,125,3,1010.8,476,7,1010.7,1088,11,1010.6,695,10,1011.1,56,4,1011.2,120,6,1011.3,5,1,1011.4,757,4,1011.5,1582,14
317,2025-11-26 14:45:35+05:30,1011.1,2,1002.32,8290108,396416.0,433730.0,986.2,1012.8,981.3,986.2,120575250,1084.8,887.6,1102.5,649.1,1011.0,7,1,1010.9,125,3,1010.8,476,7,1010.7,1088,11,1010.6,695,10,1011.1,56,4,1011.2,120,6,1011.3,5,1,1011.4,757,4,1011.5,1582,14
317,2025-11-26 14:45:35+05:30,1011.1,4,1002.32,8290160,396339.0,433773.0,986.2,1012.8,981.3,986.2,120575250,1084.8,887.6,1102.5,649.1,1011.0,7,1,1010.9,83,2,1010.8,400,7,1010.7,1088,11,1010.6,695,10,1011.1,100,6,1011.2,119,5,1011.3,5,1,1011.4,757,4,1011.5,1582,14
317,2025-11-26 14:45:36+05:30,1011.2,3,1002.32,8290160,396339.0,433773.0,986.2,1012.8,981.3,986.2,120575250,1084.8,887.6,1102.5,649.1,1011.0,7,1,1010.9,83,2,1010.8,400,7,1010.7,1088,11,1010.6,695,10,1011.1,100,6,1011.2,119,5,1011.3,5,1,1011.4,757,4,1011.5,1582,14
317,2025-11-26 14:45:36+05:30,1011.2,3,1002.32,8290481,396937.0,434685.0,986.2,1012.8,981.3,986.2,120575250,1084.8,887.6,1102.5,649.1,1011.1,12,3,1011.0,7,1,1010.9,125,3,1010.8,593,7,1010.7,1130,12,1011.2,111,4,1011.3,72,2,1011.4,760,4,1011.5,1696,17,1011.6,701,17
317,2025-11-26 14:45:37+05:30,1011.2,2,1002.32,8290481,396937.0,434685.0,986.2,1012.8,981.3,986.2,120575250,1084.8,887.6,1102.5,649.1,1011.1,12,3,1011.0,7,1,1010.9,125,3,1010.8,593,7,1010.7,1130,12,1011.2,111,4,1011.3,72,2,1011.4,760,4,1011.5,1696,17,1011.6,701,17
317,2025-11-26 14:45:37+05:30,1011.1,1,1002.32,8290591,398268.0,433508.0,986.2,1012.8,981.3,986.2,120575250,1084.8,887.6,1102.5,649.1,1011.1,252,7,1011.0,169,4,1010.9,365,6,1010.8,519,7,1010.7,1232,17,1011.2,61,3,1011.4,7,1,1011.5,1040,9,1011.6,403,7,1011.7,1614,19
317,2025-11-26 14:45:38+05:30,1011.2,39,1002.32,8290591,398268.0,433508.0,986.2,1012.8,981.3,986.2,120575250,1084.8,887.6,1102.5,649.1,1011.1,252,7,1011.0,169,4,1010.9,365,6,1010.8,519,7,1010.7,1232,17,1011.2,61,3,1011.4,7,1,1011.5,1040,9,1011.6,403,7,1011.7,1614,19
317,2025-11-26 14:45:38+05:30,1011.2,39,1002.32,8290641,398249.0,433467.0,986.2,1012.8,981.3,986.2,120575250,1084.8,887.6,1102.5,649.1,1011.1,276,8,1011.0,185,5,1010.9,365,6,1010.8,519,7,1010.7,1096,16,1011.2,15,2,1011.3,76,2,1011.4,7,1,1011.5,1040,9,1011.6,403,7
317,2025-11-26 14:45:39+05:30,1011.2,2,1002.32,8290641,398249.0,433467.0,986.2,1012.8,981.3,986.2,120575250,1084.8,887.6,1102.5,649.1,1011.1,276,8,1011.0,185,5,1010.9,365,6,1010.8,519,7,1010.7,1096,16,1011.2,15,2,1011.3,76,2,1011.4,7,1,1011.5,1040,9,1011.6,403,7
317,2025-11-26 14:45:39+05:30,1011.2,1,1002.32,8290645,398558.0,433364.0,986.2,1012.8,981.3,986.2,120575250,1084.8,887.6,1102.5,649.1,1011.1,384,10,1011.0,342,7,1010.9,476,7,1010.8,519,7,1010.7,1096,16,1011.2,13,3,1011.3,76,2,1011.4,7,1,1011.5,892,7,1011.6,336,6
317,2025-11-26 14:45:40+05:30,1011.2,1,1002.32,8290645,398558.0,433364.0,986.2,1012.8,981.3,986.2,120575250,1084.8,887.6,1102.5,649.1,1011.1,384,10,1011.0,342,7,1010.9,476,7,1010.8,519,7,1010.7,1096,16,1011.2,13,3,1011.3,76,2,1011.4,7,1,1011.5,892,7,1011.6,336,6
317,2025-11-26 14:45:41+05:30,1011.2,2,1002.32,8290648,398379.0,433329.0,986.2,1012.8,981.3,986.2,120575250,1084.8,887.6,1102.5,649.1,1011.1,280,8,1011.0,342,7,1010.9,476,7,1010.8,519,7,1010.7,1240,17,1011.2,37,4,1011.3,49,2,1011.4,7,1,1011.5,892,7,1011.6,336,6
317,2025-11-26 14:45:41+05:30,1011.2,12,1002.32,8290648,398379.0,433329.0,986.2,1012.8,981.3,986.2,120575250,1084.8,887.6,1102.5,649.1,1011.1,280,8,1011.0,342,7,1010.9,476,7,1010.8,519,7,1010.7,1240,17,1011.2,37,4,1011.3,49,2,1011.4,7,1,1011.5,892,7,1011.6,336,6
317,2025-11-26 14:45:42+05:30,1011.2,12,1002.32,8290697,398221.0,433390.0,986.2,1012.8,981.3,986.2,120575250,1084.8,887.6,1102.5,649.1,1011.1,171,6,1011.0,241,6,1010.9,528,8,1010.8,519,7,1010.7,1240,17,1011.2,70,4,1011.3,49,2,1011.4,7,1,1011.5,892,7,1011.6,634,7
317,2025-11-26 14:45:43+05:30,1011.2,5,1002.32,8290736,398147.0,433434.0,986.2,1012.8,981.3,986.2,120575250,1084.8,887.6,1102.5,649.1,1011.1,145,6,1011.0,195,5,1010.9,526,8,1010.8,519,7,1010.7,1240,17,1011.2,61,4,1011.3,49,2,1011.4,7,1,1011.5,1036,8,1011.6,634,7
317,2025-11-26 14:45:43+05:30,1011.1,78,1002.32,8290736,398147.0,433434.0,986.2,1012.8,981.3,986.2,120575250,1084.8,887.6,1102.5,649.1,1011.1,145,6,1011.0,195,5,1010.9,526,8,1010.8,519,7,1010.7,1240,17,1011.2,61,4,1011.3,49,2,1011.4,7,1,1011.5,1036,8,1011.6,634,7
317,2025-11-26 14:45:44+05:30,1011.2,6,1002.32,8291050,398566.0,433913.0,986.2,1012.8,981.3,986.2,120575250,1084.8,887.6,1102.5,649.1,1011.2,16,1,1011.1,69,2,1011.0,352,8,1010.9,418,7,1010.8,517,7,1011.3,49,2,1011.5,935,8,1011.6,627,8,1011.7,1337,15,1011.8,1218,13
317,2025-11-26 14:45:44+05:30,1011.2,6,1002.32,8291050,398566.0,433913.0,986.2,1012.8,981.3,986.2,120575250,1084.8,887.6,1102.5,649.1,1011.2,16,1,1011.1,69,2,1011.0,352,8,1010.9,418,7,1010.8,517,7,1011.3,49,2,1011.5,935,8,1011.6,627,8,1011.7,1337,15,1011.8,1218,13
317,2025-11-26 14:45:45+05:30,1011.2,19,1002.32,8291050,398566.0,433913.0,986.2,1012.8,981.3,986.2,120575250,1084.8,887.6,1102.5,649.1,1011.2,16,1,1011.1,69,2,1011.0,352,8,1010.9,418,7,1010.8,517,7,1011.3,49,2,1011.5,935,8,1011.6,627,8,1011.7,1337,15,1011.8,1218,13
317,2025-11-26 14:45:45+05:30,1011.2,19,1002.32,8291201,397926.0,434415.0,986.2,1012.8,981.3,986.2,120575250,1084.8,887.6,1102.5,649.1,1011.2,10,2,1011.1,3,1,1011.0,197,5,1010.9,465,8,1010.8,517,7,1011.3,46,2,1011.5,960,10,1011.6,656,9,1011.7,1337,15,1011.8,1231,14
317,2025-11-26 14:45:46+05:30,1011.2,10,1002.32,8291201,397926.0,434415.0,986.2,1012.8,981.3,986.2,120575250,1084.8,887.6,1102.5,649.1,1011.2,10,2,1011.1,3,1,1011.0,197,5,1010.9,465,8,1010.8,517,7,1011.3,46,2,1011.5,960,10,1011.6,656,9,1011.7,1337,15,1011.8,1231,14
317,2025-11-26 14:45:46+05:30,1011.2,10,1002.32,8291223,398158.0,434410.0,986.2,1012.8,981.3,986.2,120575250,1084.8,887.6,1102.5,649.1,1011.2,19,2,1011.1,80,2,1011.0,145,4,1010.9,488,8,1010.8,518,8,1011.3,44,2,1011.5,960,10,1011.6,704,10,1011.7,1337,15,1011.8,1236,15
317,2025-11-26 14:45:47+05:30,1011.2,5,1002.32,8291223,398158.0,434410.0,986.2,1012.8,981.3,986.2,120575250,1084.8,887.6,1102.5,649.1,1011.2,19,2,1011.1,80,2,1011.0,145,4,1010.9,488,8,1010.8,518,8,1011.3,44,2,1011.5,960,10,1011.6,704,10,1011.7,1337,15,1011.8,1236,15
317,2025-11-26 14:45:47+05:30,1011.2,5,1002.32,8291228,398166.0,434410.0,986.2,1012.8,981.3,986.2,120575250,1084.8,887.6,1102.5,649.1,1011.2,27,3,1011.1,132,3,1011.0,145,4,1010.9,436,7,1010.8,518,8,1011.3,44,2,1011.5,960,10,1011.6,704,10,1011.7,1337,15,1011.8,1236,15
317,2025-11-26 14:45:48+05:30,1011.4,90,1002.32,8291228,398166.0,434410.0,986.2,1012.8,981.3,986.2,120575250,1084.8,887.6,1102.5,649.1,1011.2,27,3,1011.1,132,3,1011.0,145,4,1010.9,436,7,1010.8,518,8,1011.3,44,2,1011.5,960,10,1011.6,704,10,1011.7,1337,15,1011.8,1236,15
317,2025-11-26 14:45:48+05:30,1011.4,90,1002.32,8291319,397898.0,434744.0,986.2,1012.8,981.3,986.2,120575250,1084.8,887.6,1102.5,649.1,1011.2,25,3,1011.1,10,2,1011.0,70,3,1010.9,943,9,1010.8,1260,11,1011.3,1,1,1011.5,450,11,1011.6,1516,15,1011.7,1219,14,1011.8,1211,13
317,2025-11-26 14:45:49+05:30,1011.3,1,1002.32,8291319,397898.0,434744.0,986.2,1012.8,981.3,986.2,120575250,1084.8,887.6,1102.5,649.1,1011.2,25,3,1011.1,10,2,1011.0,70,3,1010.9,943,9,1010.8,1260,11,1011.3,1,1,1011.5,450,11,1011.6,1516,15,1011.7,1219,14,1011.8,1211,13
317,2025-11-26 14:45:49+05:30,1011.3,1,1002.32,8291320,398282.0,434515.0,986.2,1012.8,981.3,986.2,120575250,1084.8,887.6,1102.5,649.1,1011.3,1,1,1011.2,32,4,1011.1,10,2,1011.0,432,6,1010.9,982,10,1011.5,450,11,1011.6,1417,14,1011.7,1248,15,1011.8,1211,13,1011.9,2024,19
317,2025-11-26 14:45:50+05:30,1011.5,18,1002.32,8291320,398282.0,434515.0,986.2,1012.8,981.3,986.2,120575250,1084.8,887.6,1102.5,649.1,1011.3,1,1,1011.2,32,4,1011.1,10,2,1011.0,432,6,1010.9,982,10,1011.5,450,11,1011.6,1417,14,1011.7,1248,15,1011.8,1211,13,1011.9,2024,19
317,2025-11-26 14:45:50+05:30,1011.5,18,1002.32,8291374,398295.0,434498.0,986.2,1012.8,981.3,986.2,120575250,1084.8,887.6,1102.5,649.1,1011.3,18,3,1011.2,19,3,1011.1,10,2,1011.0,560,6,1010.9,487,9,1011.5,253,9,1011.6,1365,13,1011.7,1300,16,1011.8,1211,13,1011.9,2168,20
317,2025-11-26 14:45:51+05:30,1011.5,1,1002.32,8291374,398295.0,434498.0,986.2,1012.8,981.3,986.2,120575250,1084.8,887.6,1102.5,649.1,1011.3,18,3,1011.2,19,3,1011.1,10,2,1011.0,560,6,1010.9,487,9,1011.5,253,9,1011.6,1365,13,1011.7,1300,16,1011.8,1211,13,1011.9,2168,20
317,2025-11-26 14:45:51+05:30,1011.5,1,1002.32,8291376,398286.0,434429.0,986.2,1012.8,981.3,986.2,120575250,1084.8,887.6,1102.5,649.1,1011.3,27,3,1011.2,19,3,1011.1,56,3,1011.0,560,6,1010.9,487,9,1011.5,185,8,1011.6,1287,10,1011.7,1331,18,1011.8,1211,13,1011.9,2168,20
317,2025-11-26 14:45:52+05:30,1011.4,5,1002.32,8291625,398403.0,434741.0,986.2,1012.8,981.3,986.2,120575250,1084.8,887.6,1102.5,649.1,1011.3,18,2,1011.2,19,3,1011.1,10,2,1011.0,667,8,1010.9,644,12,1011.4,741,1,1011.5,25,5,1011.6,1196,8,1011.7,1176,11,1011.8,1088,12
317,2025-11-26 14:45:53+05:30,1011.4,23,1002.32,8291625,398403.0,434741.0,986.2,1012.8,981.3,986.2,120575250,1084.8,887.6,1102.5,649.1,1011.3,18,2,1011.2,19,3,1011.1,10,2,1011.0,667,8,1010.9,644,12,1011.4,741,1,1011.5,25,5,1011.6,1196,8,1011.7,1176,11,1011.8,1088,12
317,2025-11-26 14:45:54+05:30,1011.3,1,1002.32,8291789,398661.0,434749.0,986.2,1012.8,981.3,986.2,120575250,1084.8,887.6,1102.5,649.1,1011.2,108,5,1011.1,306,4,1011.0,358,5,1010.9,592,11,1010.8,1203,10,1011.3,32,1,1011.4,718,1,1011.5,145,6,1011.6,1196,8,1011.7,1174,11
317,2025-11-26 14:45:54+05:30,1011.2,1,1002.32,8291789,398661.0,434749.0,986.2,1012.8,981.3,986.2,120575250,1084.8,887.6,1102.5,649.1,1011.2,108,5,1011.1,306,4,1011.0,358,5,1010.9,592,11,1010.8,1203,10,1011.3,32,1,1011.4,718,1,1011.5,145,6,1011.6,1196,8,1011.7,1174,11
317,2025-11-26 14:45:55+05:30,1011.2,1,1002.32,8291955,398851.0,434786.0,986.2,1012.8,981.3,986.2,120575250,1084.8,887.6,1102.5,649.1,1011.2,12,3,1011.1,254,3,1011.0,554,7,1010.9,569,10,1010.8,1203,10,1011.3,94,2,1011.4,718,1,1011.5,145,6,1011.6,1142,7,1011.7,1174,11
317,2025-11-26 14:45:55+05:30,1011.3,12,1002.32,8291955,398851.0,434786.0,986.2,1012.8,981.3,986.2,120575250,1084.8,887.6,1102.5,649.1,1011.2,12,3,1011.1,254,3,1011.0,554,7,1010.9,569,10,1010.8,1203,10,1011.3,94,2,1011.4,718,1,1011.5,145,6,1011.6,1142,7,1011.7,1174,11
317,2025-11-26 14:45:56+05:30,1011.3,2,1002.32,8291987,398886.0,434725.0,986.2,1012.8,981.3,986.2,120575250,1084.8,887.6,1102.5,649.1,1011.2,12,3,1011.1,254,3,1011.0,554,7,1010.9,569,10,1010.8,1238,11,1011.3,62,2,1011.4,718,1,1011.5,145,6,1011.6,1142,7,1011.7,1174,11
317,2025-11-26 14:45:56+05:30,1011.3,2,1002.32,8291987,398886.0,434725.0,986.2,1012.8,981.3,986.2,120575250,1084.8,887.6,1102.5,649.1,1011.2,12,3,1011.1,254,3,1011.0,554,7,1010.9,569,10,1010.8,1238,11,1011.3,62,2,1011.4,718,1,1011.5,145,6,1011.6,1142,7,1011.7,1174,11
317,2025-11-26 14:45:57+05:30,1011.3,2,1002.32,8291987,399367.0,435755.0,986.2,1012.8,981.3,986.2,120575250,1084.8,887.6,1102.5,649.1,1011.2,12,3,1011.1,10,2,1011.0,7,1,1010.9,673,12,1010.8,657,13,1011.3,62,2,1011.4,718,1,1011.5,1448,9,1011.6,361,6,1011.7,1174,11
317,2025-11-26 14:45:58+05:30,1011.3,1,1002.32,8292059,399309.0,435294.0,986.2,1012.8,981.3,986.2,120575250,1084.8,887.6,1102.5,649.1,1011.2,9,2,1011.1,10,2,1011.0,156,4,1010.9,569,10,1010.8,657,13,1011.3,94,2,1011.4,718,1,1011.5,1152,8,1011.6,684,8,1011.7,1174,11
317,2025-11-26 14:45:58+05:30,1011.3,1,1002.32,8292059,399309.0,435294.0,986.2,1012.8,981.3,986.2,120575250,1084.8,887.6,1102.5,649.1,1011.2,9,2,1011.1,10,2,1011.0,156,4,1010.9,569,10,1010.8,657,13,1011.3,94,2,1011.4,718,1,1011.5,1152,8,1011.6,684,8,1011.7,1174,11
317,2025-11-26 14:45:59+05:30,1011.3,1,1002.32,8292059,399309.0,435294.0,986.2,1012.8,981.3,986.2,120575250,1084.8,887.6,1102.5,649.1,1011.2,9,2,1011.1,10,2,1011.0,156,4,1010.9,569,10,1010.8,657,13,1011.3,94,2,1011.4,718,1,1011.5,1152,8,1011.6,684,8,1011.7,1174,11
317,2025-11-26 14:45:59+05:30,1011.3,1,1002.32,8292160,399993.0,434367.0,986.2,1012.8,981.3,986.2,120575250,1084.8,887.6,1102.5,649.1,1011.2,3,1,1011.1,10,2,1011.0,201,5,1010.9,760,10,1010.8,1129,14,1011.3,60,2,1011.4,753,2,1011.5,1266,9,1011.6,1154,8,1011.7,1210,13
317,2025-11-26 14:46:00+05:30,1011.3,1,1002.32,8292160,399993.0,434367.0,986.2,1012.8,981.3,986.2,120575250,1084.8,887.6,1102.5,649.1,1011.2,3,1,1011.1,10,2,1011.0,201,5,1010.9,760,10,1010.8,1129,14,1011.3,60,2,1011.4,753,2,1011.5,1266,9,1011.6,1154,8,1011.7,1210,13
317,2025-11-26 14:46:00+05:30,1011.3,1,1002.32,8292161,400055.0,433851.0,986.2,1012.8,981.3,986.2,120575250,1084.8,887.6,1102.5,649.1,1011.2,4,2,1011.1,10,2,1011.0,111,3,1010.9,760,10,1010.8,657,13,1011.3,60,3,1011.4,753,2,1011.5,1266,9,1011.6,638,7,1011.7,1210,13
317,2025-11-26 14:46:01+05:30,1011.3,1,1002.32,8292161,400055.0,433851.0,986.2,1012.8,981.3,986.2,120575250,1084.8,887.6,1102.5,649.1,1011.2,4,2,1011.1,10,2,1011.0,111,3,1010.9,760,10,1010.8,657,13,1011.3,60,3,1011.4,753,2,1011.5,1266,9,1011.6,638,7,1011.7,1210,13
317,2025-11-26 14:46:01+05:30,1011.3,1,1002.32,8292178,400093.0,434280.0,986.2,1012.8,981.3,986.2,120575250,1084.8,887.6,1102.5,649.1,1011.2,3,2,1011.1,10,2,1011.0,103,3,1010.9,807,11,1010.8,657,13,1011.3,53,4,1011.4,753,2,1011.5,1152,8,1011.6,900,8,1011.7,1508,14
317,2025-11-26 14:46:02+05:30,1011.2,1,1002.32,8292178,400093.0,434280.0,986.2,1012.8,981.3,986.2,120575250,1084.8,887.6,1102.5,649.1,1011.2,3,2,1011.1,10,2,1011.0,103,3,1010.9,807,11,1010.8,657,13,1011.3,53,4,1011.4,753,2,1011.5,1152,8,1011.6,900,8,1011.7,1508,14
317,2025-11-26 14:46:02+05:30,1011.2,1,1002.32,8292181,400088.0,434281.0,986.2,1012.8,981.3,986.2,120575250,1084.8,887.6,1102.5,649.1,1011.2,8,2,1011.1,10,2,1011.0,103,3,1010.9,807,11,1010.8,657,13,1011.3,53,4,1011.4,753,2,1011.5,1152,8,1011.6,944,9,1011.7,1508,14
317,2025-11-26 14:46:03+05:30,1011.2,2,1002.32,8292181,400088.0,434281.0,986.2,1012.8,981.3,986.2,120575250,1084.8,887.6,1102.5,649.1,1011.2,8,2,1011.1,10,2,1011.0,103,3,1010.9,807,11,1010.8,657,13,1011.3,53,4,1011.4,753,2,1011.5,1152,8,1011.6,944,9,1011.7,1508,14
317,2025-11-26 14:46:03+05:30,1011.2,18,1002.32,8292354,400715.0,433116.0,986.2,1012.8,981.3,986.2,120575250,1084.8,887.6,1102.5,649.1,1011.2,5,1,1011.1,171,5,1011.0,149,4,1010.9,760,10,1010.8,687,14,1011.3,63,3,1011.4,753,2,1011.5,1152,8,1011.6,856,8,1011.7,1180,11
317,2025-11-26 14:46:04+05:30,1011.3,4,1002.32,8292354,400715.0,433116.0,986.2,1012.8,981.3,986.2,120575250,1084.8,887.6,1102.5,649.1,1011.2,5,1,1011.1,171,5,1011.0,149,4,1010.9,760,10,1010.8,687,14,1011.3,63,3,1011.4,753,2,1011.5,1152,8,1011.6,856,8,1011.7,1180,11
317,2025-11-26 14:46:04+05:30,1011.4,98,1002.32,8292642,402285.0,433822.0,986.2,1012.8,981.3,986.2,120575250,1084.8,887.6,1102.5,649.1,1011.3,18,2,1011.2,5,1,1011.1,174,5,1011.0,345,4,1010.9,828,12,1011.4,655,2,1011.5,1027,6,1011.6,638,7,1011.7,1149,10,1011.8,1536,14
317,2025-11-26 14:46:05+05:30,1011.4,2,1002.32,8292642,402285.0,433822.0,986.2,1012.8,981.3,986.2,120575250,1084.8,887.6,1102.5,649.1,1011.3,18,2,1011.2,5,1,1011.1,174,5,1011.0,345,4,1010.9,828,12,1011.4,655,2,1011.5,1027,6,1011.6,638,7,1011.7,1149,10,1011.8,1536,14
317,2025-11-26 14:46:05+05:30,1011.4,2,1002.32,8292645,402331.0,434544.0,986.2,1012.8,981.3,986.2,120575250,1084.8,887.6,1102.5,649.1,1011.3,10,1,1011.1,89,4,1011.0,404,7,1010.9,853,12,1010.8,1351,15,1011.4,653,2,1011.5,1027,6,1011.6,575,10,1011.7,1673,12,1011.8,1238,13
317,2025-11-26 14:46:06+05:30,1011.4,20,1002.32,8292645,402331.0,434544.0,986.2,1012.8,981.3,986.2,120575250,1084.8,887.6,1102.5,649.1,1011.3,10,1,1011.1,89,4,1011.0,404,7,1010.9,853,12,1010.8,1351,15,1011.4,653,2,1011.5,1027,6,1011.6,575,10,1011.7,1673,12,1011.8,1238,13
317,2025-11-26 14:46:06+05:30,1011.4,20,1002.32,8292666,402331.0,434733.0,986.2,1012.8,981.3,986.2,120575250,1084.8,887.6,1102.5,649.1,1011.3,10,1,1011.2,7,1,1011.1,89,4,1011.0,397,6,1010.9,853,12,1011.4,632,2,1011.5,1027,6,1011.6,685,11,1011.7,1673,12,1011.8,1238,13
317,2025-11-26 14:46:07+05:30,1011.4,20,1002.32,8292666,402599.0,434753.0,986.2,1012.8,981.3,986.2,120575250,1084.8,887.6,1102.5,649.1,1011.3,16,2,1011.2,55,3,1011.1,245,7,1011.0,455,5,1010.9,806,11,1011.4,634,3,1011.5,1027,6,1011.6,234,8,1011.7,1866,11,1011.8,1170,12
317,2025-11-26 14:46:09+05:30,1011.4,2,1002.32,8292669,402560.0,434750.0,986.2,1012.8,981.3,986.2,120575250,1084.8,887.6,1102.5,649.1,1011.3,16,2,1011.2,12,2,1011.1,155,5,1011.0,459,5,1010.9,804,11,1011.4,631,3,1011.5,1027,6,1011.6,532,9,1011.7,1660,12,1011.8,1213,13
317,2025-11-26 14:46:09+05:30,1011.4,2,1002.32,8292669,402560.0,434750.0,986.2,1012.8,981.3,986.2,120575250,1084.8,887.6,1102.5,649.1,1011.3,16,2,1011.2,12,2,1011.1,155,5,1011.0,459,5,1010.9,804,11,1011.4,631,3,1011.5,1027,6,1011.6,532,9,1011.7,1660,12,1011.8,1213,13
317,2025-11-26 14:46:10+05:30,1011.3,12,1002.32,8292697,401809.0,434980.0,986.2,1012.8,981.3,986.2,120575250,1084.8,887.6,1102.5,649.1,1011.2,12,2,1011.1,15,3,1011.0,199,3,1010.9,804,11,1010.8,1398,16,1011.3,4,1,1011.4,741,4,1011.5,1165,7,1011.6,1210,12,1011.7,1192,11
317,2025-11-26 14:46:10+05:30,1011.3,1,1002.32,8292697,401809.0,434980.0,986.2,1012.8,981.3,986.2,120575250,1084.8,887.6,1102.5,649.1,1011.2,12,2,1011.1,15,3,1011.0,199,3,1010.9,804,11,1010.8,1398,16,1011.3,4,1,1011.4,741,4,1011.5,1165,7,1011.6,1210,12,1011.7,1192,11
317,2025-11-26 14:46:11+05:30,1011.3,1,1002.32,8292702,401998.0,434751.0,986.2,1012.8,981.3,986.2,120575250,1084.8,887.6,1102.5,649.1,1011.2,20,3,1011.1,56,4,1011.0,334,4,1010.9,894,13,1010.8,1351,15,1011.3,35,1,1011.4,741,4,1011.5,1165,7,1011.6,1184,10,1011.7,1237,16
317,2025-11-26 14:46:11+05:30,1011.3,1,1002.32,8292702,401998.0,434751.0,986.2,1012.8,981.3,986.2,120575250,1084.8,887.6,1102.5,649.1,1011.2,20,3,1011.1,56,4,1011.0,334,4,1010.9,894,13,1010.8,1351,15,1011.3,35,1,1011.4,741,4,1011.5,1165,7,1011.6,1184,10,1011.7,1237,16
317,2025-11-26 14:46:12+05:30,1011.3,1,1002.32,8293744,403359.0,432629.0,986.2,1012.8,981.3,986.2,120575250,1084.8,887.6,1102.5,649.1,1011.3,42,1,1011.2,126,4,1011.1,528,10,1011.0,519,7,1010.9,954,15,1011.5,1026,6,1011.6,34,3,1011.7,752,7,1011.8,866,7,1011.9,1899,26
317,2025-11-26 14:46:12+05:30,1011.3,1,1002.32,8293744,403359.0,432629.0,986.2,1012.8,981.3,986.2,120575250,1084.8,887.6,1102.5,649.1,1011.3,42,1,1011.2,126,4,1011.1,528,10,1011.0,519,7,1010.9,954,15,1011.5,1026,6,1011.6,34,3,1011.7,752,7,1011.8,866,7,1011.9,1899,26
317,2025-11-26 14:46:13+05:30,1011.3,8,1002.32,8293744,403359.0,432629.0,986.2,1012.8,981.3,986.2,120575250,1084.8,887.6,1102.5,649.1,1011.3,42,1,1011.2,126,4,1011.1,528,10,1011.0,519,7,1010.9,954,15,1011.5,1026,6,1011.6,34,3,1011.7,752,7,1011.8,866,7,1011.9,1899,26
317,2025-11-26 14:46:14+05:30,1011.3,3,1002.32,8294221,402908.0,432251.0,986.2,1012.8,981.3,986.2,120575250,1084.8,887.6,1102.5,649.1,1011.2,174,5,1011.1,347,9,1011.0,546,6,1010.9,847,12,1010.8,1397,16,1011.3,4,1,1011.5,1030,6,1011.6,147,4,1011.7,809,6,1011.8,952,10
317,2025-11-26 14:46:14+05:30,1011.3,3,1002.32,8294221,402908.0,432251.0,986.2,1012.8,981.3,986.2,120575250,1084.8,887.6,1102.5,649.1,1011.2,174,5,1011.1,347,9,1011.0,546,6,1010.9,847,12,1010.8,1397,16,1011.3,4,1,1011.5,1030,6,1011.6,147,4,1011.7,809,6,1011.8,952,10
317,2025-11-26 14:46:15+05:30,1011.5,2,1002.32,8294234,404353.0,431646.0,986.2,1012.8,981.3,986.2,120575250,1084.8,887.6,1102.5,649.1,1011.3,220,6,1011.2,386,9,1011.1,405,8,1011.0,1088,10,1010.9,1098,16,1011.5,1013,4,1011.6,43,5,1011.7,27,3,1011.8,1106,6,1011.9,1319,15
317,2025-11-26 14:46:15+05:30,1011.3,1,1002.32,8294234,404353.0,431646.0,986.2,1012.8,981.3,986.2,120575250,1084.8,887.6,1102.5,649.1,1011.3,220,6,1011.2,386,9,1011.1,405,8,1011.0,1088,10,1010.9,1098,16,1011.5,1013,4,1011.6,43,5,1011.7,27,3,1011.8,1106,6,1011.9,1319,15
317,2025-11-26 14:46:16+05:30,1011.3,11,1002.32,8294250,404205.0,431527.0,986.2,1012.8,981.3,986.2,120575250,1084.8,887.6,1102.5,649.1,1011.3,58,3,1011.2,386,9,1011.1,405,8,1011.0,1124,11,1010.9,1098,16,1011.5,1019,4,1011.6,48,5,1011.7,27,3,1011.8,1106,6,1011.9,1324,16
317,2025-11-26 14:46:16+05:30,1011.3,11,1002.32,8294250,404205.0,431527.0,986.2,1012.8,981.3,986.2,120575250,1084.8,887.6,1102.5,649.1,1011.3,58,3,1011.2,386,9,1011.1,405,8,1011.0,1124,11,1010.9,1098,16,1011.5,1019,4,1011.6,48,5,1011.7,27,3,1011.8,1106,6,1011.9,1324,16
317,2025-11-26 14:46:17+05:30,1011.4,1,1002.32,8294250,404205.0,431527.0,986.2,1012.8,981.3,986.2,120575250,1084.8,887.6,1102.5,649.1,1011.3,58,3,1011.2,386,9,1011.1,405,8,1011.0,1124,11,1010.9,1098,16,1011.5,1019,4,1011.6,48,5,1011.7,27,3,1011.8,1106,6,1011.9,1324,16
317,2025-11-26 14:46:17+05:30,1011.4,1,1002.32,8294251,403629.0,431815.0,986.2,1012.8,981.3,986.2,120575250,1084.8,887.6,1102.5,649.1,1011.3,4,1,1011.2,172,5,1011.1,448,9,1011.0,530,7,1010.9,1098,16,1011.4,99,1,1011.5,1019,4,1011.6,48,5,1011.7,568,6,1011.8,813,6
317,2025-11-26 14:46:18+05:30,1011.2,4,1002.32,8294251,403629.0,431815.0,986.2,1012.8,981.3,986.2,120575250,1084.8,887.6,1102.5,649.1,1011.3,4,1,1011.2,172,5,1011.1,448,9,1011.0,530,7,1010.9,1098,16,1011.4,99,1,1011.5,1019,4,1011.6,48,5,1011.7,568,6,1011.8,813,6
317,2025-11-26 14:46:18+05:30,1011.2,4,1002.32,8294261,403200.0,431853.0,986.2,1012.8,981.3,986.2,120575250,1084.8,887.6,1102.5,649.1,1011.2,169,6,1011.1,342,8,1011.0,534,8,1010.9,896,15,1010.8,1388,15,1011.3,10,1,1011.4,100,2,1011.5,1019,4,1011.6,48,5,1011.7,568,6
317,2025-11-26 14:46:19+05:30,1011.3,1,1002.32,8294261,403200.0,431853.0,986.2,1012.8,981.3,986.2,120575250,1084.8,887.6,1102.5,649.1,1011.2,169,6,1011.1,342,8,1011.0,534,8,1010.9,896,15,1010.8,1388,15,1011.3,10,1,1011.4,100,2,1011.5,1019,4,1011.6,48,5,1011.7,568,6
317,2025-11-26 14:46:19+05:30,1011.3,1,1002.32,8294262,403217.0,431844.0,986.2,1012.8,981.3,986.2,120575250,1084.8,887.6,1102.5,649.1,1011.2,243,8,1011.1,342,8,1011.0,534,8,1010.9,896,15,1010.8,1388,15,1011.3,9,1,1011.4,100,2,1011.5,1019,4,1011.6,48,5,1011.7,570,7
317,2025-11-26 14:46:21+05:30,1011.4,1,1002.32,8294262,403217.0,431844.0,986.2,1012.8,981.3,986.2,120575250,1084.8,887.6,1102.5,649.1,1011.2,243,8,1011.1,342,8,1011.0,534,8,1010.9,896,15,1010.8,1388,15,1011.3,9,1,1011.4,100,2,1011.5,1019,4,1011.6,48,5,1011.7,570,7
317,2025-11-26 14:46:23+05:30,1011.5,4,1002.32,8294387,403361.0,431860.0,986.2,1012.8,981.3,986.2,120575250,1084.8,887.6,1102.5,649.1,1011.3,113,7,1011.2,183,7,1011.1,446,9,1011.0,732,8,1010.9,1672,18,1011.4,13,1,1011.5,1009,4,1011.6,58,6,1011.7,517,6,1011.8,879,10
317,2025-11-26 14:46:24+05:30,1011.4,124,1002.32,8294387,403361.0,431860.0,986.2,1012.8,981.3,986.2,120575250,1084.8,887.6,1102.5,649.1,1011.3,113,7,1011.2,183,7,1011.1,446,9,1011.0,732,8,1010.9,1672,18,1011.4,13,1,1011.5,1009,4,1011.6,58,6,1011.7,517,6,1011.8,879,10
317,2025-11-26 14:46:27+05:30,1011.4,14,1002.32,8294387,403361.0,431860.0,986.2,1012.8,981.3,986.2,120575250,1084.8,887.6,1102.5,649.1,1011.3,113,7,1011.2,183,7,1011.1,446,9,1011.0,732,8,1010.9,1672,18,1011.4,13,1,1011.5,1009,4,1011.6,58,6,1011.7,517,6,1011.8,879,10
317,2025-11-26 14:46:28+05:30,1011.4,14,1002.32,8294613,403271.0,432339.0,986.2,1012.8,981.3,986.2,120575250,1084.8,887.6,1102.5,649.1,1011.4,11,2,1011.3,32,3,1011.2,250,9,1011.1,413,7,1011.0,732,8,1011.5,1039,5,1011.6,58,6,1011.7,448,4,1011.8,803,7,1011.9,1390,22
317,2025-11-26 14:46:30+05:30,1011.4,13,1002.32,8294613,403271.0,432339.0,986.2,1012.8,981.3,986.2,120575250,1084.8,887.6,1102.5,649.1,1011.4,11,2,1011.3,32,3,1011.2,250,9,1011.1,413,7,1011.0,732,8,1011.5,1039,5,1011.6,58,6,1011.7,448,4,1011.8,803,7,1011.9,1390,22
317,2025-11-26 14:46:33+05:30,1011.4,20,1002.32,8294613,403271.0,432339.0,986.2,1012.8,981.3,986.2,120575250,1084.8,887.6,1102.5,649.1,1011.4,11,2,1011.3,32,3,1011.2,250,9,1011.1,413,7,1011.0,732,8,1011.5,1039,5,1011.6,58,6,1011.7,448,4,1011.8,803,7,1011.9,1390,22
317,2025-11-26 14:46:33+05:30,1011.3,1,1002.32,8294898,402958.0,432119.0,986.2,1012.8,981.3,986.2,120575250,1084.8,887.6,1102.5,649.1,1011.3,23,3,1011.2,102,5,1011.1,449,9,1011.0,755,10,1010.9,1627,16,1011.4,47,2,1011.5,997,6,1011.6,58,6,1011.7,650,5,1011.8,843,7
317,2025-11-26 14:46:36+05:30,1011.3,1,1002.32,8294898,402958.0,432119.0,986.2,1012.8,981.3,986.2,120575250,1084.8,887.6,1102.5,649.1,1011.3,23,3,1011.2,102,5,1011.1,449,9,1011.0,755,10,1010.9,1627,16,1011.4,47,2,1011.5,997,6,1011.6,58,6,1011.7,650,5,1011.8,843,7
317,2025-11-26 14:46:38+05:30,1011.2,2,1002.32,8295010,400263.0,432023.0,986.2,1012.8,981.3,986.2,120575250,1084.8,887.6,1102.5,649.1,1011.2,6,2,1011.1,287,5,1011.0,536,9,1010.9,1662,17,1010.8,774,15,1011.3,93,2,1011.4,39,1,1011.5,997,6,1011.6,267,9,1011.7,1273,9
317,2025-11-26 14:46:39+05:30,1011.2,1,1002.32,8295010,400263.0,432023.0,986.2,1012.8,981.3,986.2,120575250,1084.8,887.6,1102.5,649.1,1011.2,6,2,1011.1,287,5,1011.0,536,9,1010.9,1662,17,1010.8,774,15,1011.3,93,2,1011.4,39,1,1011.5,997,6,1011.6,267,9,1011.7,1273,9
317,2025-11-26 14:46:41+05:30,1011.2,19,1002.32,8295010,400263.0,432023.0,986.2,1012.8,981.3,986.2,120575250,1084.8,887.6,1102.5,649.1,1011.2,6,2,1011.1,287,5,1011.0,536,9,1010.9,1662,17,1010.8,774,15,1011.3,93,2,1011.4,39,1,1011.5,997,6,1011.6,267,9,1011.7,1273,9
317,2025-11-26 14:46:42+05:30,1011.2,5,1002.32,8295084,400400.0,431931.0,986.2,1012.8,981.3,986.2,120575250,1084.8,887.6,1102.5,649.1,1011.1,81,4,1011.0,414,8,1010.9,1596,16,1010.8,748,13,1010.7,845,13,1011.2,12,2,1011.3,156,5,1011.4,2,1,1011.5,996,5,1011.6,377,10
317,2025-11-26 14:46:43+05:30,1011.1,33,1002.32,8295084,400400.0,431931.0,986.2,1012.8,981.3,986.2,120575250,1084.8,887.6,1102.5,649.1,1011.1,81,4,1011.0,414,8,1010.9,1596,16,1010.8,748,13,1010.7,845,13,1011.2,12,2,1011.3,156,5,1011.4,2,1,1011.5,996,5,1011.6,377,10
317,2025-11-26 14:46:45+05:30,1011.3,3,1002.32,8295084,400400.0,431931.0,986.2,1012.8,981.3,986.2,120575250,1084.8,887.6,1102.5,649.1,1011.1,81,4,1011.0,414,8,1010.9,1596,16,1010.8,748,13,1010.7,845,13,1011.2,12,2,1011.3,156,5,1011.4,2,1,1011.5,996,5,1011.6,377,10
317,2025-11-26 14:46:47+05:30,1011.1,11,1002.32,8296731,399875.0,431054.0,986.2,1012.8,981.3,986.2,120575250,1084.8,887.6,1102.5,649.1,1011.1,962,7,1011.0,566,8,1010.9,467,7,1010.8,647,11,1010.7,1150,18,1011.2,10,1,1011.3,44,4,1011.4,2,1,1011.5,996,5,1011.6,421,12
317,2025-11-26 14:46:47+05:30,1011.1,11,1002.32,8296731,399875.0,431054.0,986.2,1012.8,981.3,986.2,120575250,1084.8,887.6,1102.5,649.1,1011.1,962,7,1011.0,566,8,1010.9,467,7,1010.8,647,11,1010.7,1150,18,1011.2,10,1,1011.3,44,4,1011.4,2,1,1011.5,996,5,1011.6,421,12
317,2025-11-26 14:46:49+05:30,1011.1,72,1002.32,8296731,399875.0,431054.0,986.2,1012.8,981.3,986.2,120575250,1084.8,887.6,1102.5,649.1,1011.1,962,7,1011.0,566,8,1010.9,467,7,1010.8,647,11,1010.7,1150,18,1011.2,10,1,1011.3,44,4,1011.4,2,1,1011.5,996,5,1011.6,421,12
317,2025-11-26 14:46:51+05:30,1011.2,1,1002.32,8296731,399875.0,431054.0,986.2,1012.8,981.3,986.2,120575250,1084.8,887.6,1102.5,649.1,1011.1,962,7,1011.0,566,8,1010.9,467,7,1010.8,647,11,1010.7,1150,18,1011.2,10,1,1011.3,44,4,1011.4,2,1,1011.5,996,5,1011.6,421,12
317,2025-11-26 14:46:51+05:30,1011.1,1,1002.33,8296963,400951.0,431329.0,986.2,1012.8,981.3,986.2,120575250,1084.8,887.6,1102.5,649.1,1011.1,1681,8,1011.0,595,10,1010.9,467,7,1010.8,1261,14,1010.7,938,17,1011.2,11,4,1011.3,41,2,1011.4,2,1,1011.5,1153,7,1011.6,407,10
317,2025-11-26 14:46:53+05:30,1011.2,4,1002.33,8296963,400951.0,431329.0,986.2,1012.8,981.3,986.2,120575250,1084.8,887.6,1102.5,649.1,1011.1,1681,8,1011.0,595,10,1010.9,467,7,1010.8,1261,14,1010.7,938,17,1011.2,11,4,1011.3,41,2,1011.4,2,1,1011.5,1153,7,1011.6,407,10
317,2025-11-26 14:46:56+05:30,1011.2,3,1002.33,8297206,400751.0,431307.0,986.2,1012.8,981.3,986.2,120575250,1084.8,887.6,1102.5,649.1,1011.1,1360,9,1011.0,492,9,1010.9,468,7,1010.8,1253,14,1010.7,938,17,1011.2,6,2,1011.3,41,2,1011.4,2,1,1011.5,1153,7,1011.6,490,12
317,2025-11-26 14:46:56+05:30,1011.1,10,1002.33,8297206,400751.0,431307.0,986.2,1012.8,981.3,986.2,120575250,1084.8,887.6,1102.5,649.1,1011.1,1360,9,1011.0,492,9,1010.9,468,7,1010.8,1253,14,1010.7,938,17,1011.2,6,2,1011.3,41,2,1011.4,2,1,1011.5,1153,7,1011.6,490,12
317,2025-11-26 14:46:59+05:30,1011.2,1,1002.33,8297206,400751.0,431307.0,986.2,1012.8,981.3,986.2,120575250,1084.8,887.6,1102.5,649.1,1011.1,1360,9,1011.0,492,9,1010.9,468,7,1010.8,1253,14,1010.7,938,17,1011.2,6,2,1011.3,41,2,1011.4,2,1,1011.5,1153,7,1011.6,490,12
317,2025-11-26 14:47:00+05:30,1011.1,15,1002.33,8297607,398435.0,431524.0,986.2,1012.8,981.3,986.2,120575250,1084.8,887.6,1102.5,649.1,1011.1,815,8,1011.0,29,2,1010.9,158,2,1010.8,916,11,1010.7,872,13,1011.3,40,2,1011.4,269,7,1011.5,1329,11,1011.6,502,15,1011.7,945,12
317,2025-11-26 14:47:01+05:30,1011.2,1,1002.33,8297607,398435.0,431524.0,986.2,1012.8,981.3,986.2,120575250,1084.8,887.6,1102.5,649.1,1011.1,815,8,1011.0,29,2,1010.9,158,2,1010.8,916,11,1010.7,872,13,1011.3,40,2,1011.4,269,7,1011.5,1329,11,1011.6,502,15,1011.7,945,12
317,2025-11-26 14:47:03+05:30,1011.2,23,1002.33,8297607,398435.0,431524.0,986.2,1012.8,981.3,986.2,120575250,1084.8,887.6,1102.5,649.1,1011.1,815,8,1011.0,29,2,1010.9,158,2,1010.8,916,11,1010.7,872,13,1011.3,40,2,1011.4,269,7,1011.5,1329,11,1011.6,502,15,1011.7,945,12
317,2025-11-26 14:47:05+05:30,1011.2,10,1002.33,8297607,398435.0,431524.0,986.2,1012.8,981.3,986.2,120575250,1084.8,887.6,1102.5,649.1,1011.1,815,8,1011.0,29,2,1010.9,158,2,1010.8,916,11,1010.7,872,13,1011.3,40,2,1011.4,269,7,1011.5,1329,11,1011.6,502,15,1011.7,945,12
317,2025-11-26 14:47:05+05:30,1011.2,10,1002.33,8297807,399127.0,432265.0,986.2,1012.8,981.3,986.2,120575250,1084.8,887.6,1102.5,649.1,1011.2,22,1,1011.1,49,5,1011.0,129,3,1010.9,194,3,1010.8,916,11,1011.3,36,3,1011.4,308,6,1011.5,1464,14,1011.6,594,17,1011.7,942,11
317,2025-11-26 14:47:07+05:30,1011.2,20,1002.33,8297807,399127.0,432265.0,986.2,1012.8,981.3,986.2,120575250,1084.8,887.6,1102.5,649.1,1011.2,22,1,1011.1,49,5,1011.0,129,3,1010.9,194,3,1010.8,916,11,1011.3,36,3,1011.4,308,6,1011.5,1464,14,1011.6,594,17,1011.7,942,11
317,2025-11-26 14:47:09+05:30,1011.3,3,1002.33,8297807,399127.0,432265.0,986.2,1012.8,981.3,986.2,120575250,1084.8,887.6,1102.5,649.1,1011.2,22,1,1011.1,49,5,1011.0,129,3,1010.9,194,3,1010.8,916,11,1011.3,36,3,1011.4,308,6,1011.5,1464,14,1011.6,594,17,1011.7,942,11
317,2025-11-26 14:47:10+05:30,1011.3,3,1002.33,8297844,398879.0,432581.0,986.2,1012.8,981.3,986.2,120575250,1084.8,887.6,1102.5,649.1,1011.2,26,3,1011.1,49,5,1011.0,134,4,1010.9,292,3,1010.8,1839,13,1011.3,31,2,1011.4,225,5,1011.5,1394,12,1011.6,733,20,1011.7,942,11
317,2025-11-26 14:47:11+05:30,1011.3,2,1002.33,8297844,398879.0,432581.0,986.2,1012.8,981.3,986.2,120575250,1084.8,887.6,1102.5,649.1,1011.2,26,3,1011.1,49,5,1011.0,134,4,1010.9,292,3,1010.8,1839,13,1011.3,31,2,1011.4,225,5,1011.5,1394,12,1011.6,733,20,1011.7,942,11
317,2025-11-26 14:47:13+05:30,1011.3,4,1002.33,8297844,398879.0,432581.0,986.2,1012.8,981.3,986.2,120575250,1084.8,887.6,1102.5,649.1,1011.2,26,3,1011.1,49,5,1011.0,134,4,1010.9,292,3,1010.8,1839,13,1011.3,31,2,1011.4,225,5,1011.5,1394,12,1011.6,733,20,1011.7,942,11
317,2025-11-26 14:47:14+05:30,1011.3,4,1002.33,8297844,398879.0,432581.0,986.2,1012.8,981.3,986.2,120575250,1084.8,887.6,1102.5,649.1,1011.2,26,3,1011.1,49,5,1011.0,134,4,1010.9,292,3,1010.8,1839,13,1011.3,31,2,1011.4,225,5,1011.5,1394,12,1011.6,733,20,1011.7,942,11
317,2025-11-26 14:47:14+05:30,1011.3,6,1002.33,8298071,398792.0,433329.0,986.2,1012.8,981.3,986.2,120575250,1084.8,887.6,1102.5,649.1,1011.2,20,2,1011.1,48,4,1011.0,165,5,1010.9,326,4,1010.8,1280,11,1011.3,26,2,1011.4,579,5,1011.5,1440,13,1011.6,997,20,1011.7,677,12
317,2025-11-26 14:47:14+05:30,1011.3,6,1002.33,8298071,398792.0,433329.0,986.2,1012.8,981.3,986.2,120575250,1084.8,887.6,1102.5,649.1,1011.2,20,2,1011.1,48,4,1011.0,165,5,1010.9,326,4,1010.8,1280,11,1011.3,26,2,1011.4,579,5,1011.5,1440,13,1011.6,997,20,1011.7,677,12
317,2025-11-26 14:47:15+05:30,1011.3,4,1002.33,8298071,398792.0,433329.0,986.2,1012.8,981.3,986.2,120575250,1084.8,887.6,1102.5,649.1,1011.2,20,2,1011.1,48,4,1011.0,165,5,1010.9,326,4,1010.8,1280,11,1011.3,26,2,1011.4,579,5,1011.5,1440,13,1011.6,997,20,1011.7,677,12
317,2025-11-26 14:47:15+05:30,1011.3,4,1002.33,8298071,398792.0,433329.0,986.2,1012.8,981.3,986.2,120575250,1084.8,887.6,1102.5,649.1,1011.2,20,2,1011.1,48,4,1011.0,165,5,1010.9,326,4,1010.8,1280,11,1011.3,26,2,1011.4,579,5,1011.5,1440,13,1011.6,997,20,1011.7,677,12
317,2025-11-26 14:47:16+05:30,1011.3,4,1002.33,8298071,398792.0,433329.0,986.2,1012.8,981.3,986.2,120575250,1084.8,887.6,1102.5,649.1,1011.2,20,2,1011.1,48,4,1011.0,165,5,1010.9,326,4,1010.8,1280,11,1011.3,26,2,1011.4,579,5,1011.5,1440,13,1011.6,997,20,1011.7,677,12
317,2025-11-26 14:47:18+05:30,1011.2,15,1002.33,8298071,398792.0,433329.0,986.2,1012.8,981.3,986.2,120575250,1084.8,887.6,1102.5,649.1,1011.2,20,2,1011.1,48,4,1011.0,165,5,1010.9,326,4,1010.8,1280,11,1011.3,26,2,1011.4,579,5,1011.5,1440,13,1011.6,997,20,1011.7,677,12
317,2025-11-26 14:47:18+05:30,1011.2,15,1002.33,8298071,398792.0,433329.0,986.2,1012.8,981.3,986.2,120575250,1084.8,887.6,1102.5,649.1,1011.2,20,2,1011.1,48,4,1011.0,165,5,1010.9,326,4,1010.8,1280,11,1011.3,26,2,1011.4,579,5,1011.5,1440,13,1011.6,997,20,1011.7,677,12
317,2025-11-26 14:47:18+05:30,1011.2,15,1002.33,8298071,398792.0,433329.0,986.2,1012.8,981.3,986.2,120570000,1084.8,887.6,1102.5,649.1,1011.2,20,2,1011.1,48,4,1011.0,165,5,1010.9,326,4,1010.8,1280,11,1011.3,26,2,1011.4,579,5,1011.5,1440,13,1011.6,997,20,1011.7,677,12
317,2025-11-26 14:47:19+05:30,1011.2,15,1002.33,8298071,398792.0,433329.0,986.2,1012.8,981.3,986.2,120570000,1084.8,887.6,1102.5,649.1,1011.2,20,2,1011.1,48,4,1011.0,165,5,1010.9,326,4,1010.8,1280,11,1011.3,26,2,1011.4,579,5,1011.5,1440,13,1011.6,997,20,1011.7,677,12
317,2025-11-26 14:47:19+05:30,1011.3,1,1002.33,8298148,398527.0,433438.0,986.2,1012.8,981.3,986.2,120570000,1084.8,887.6,1102.5,649.1,1011.1,36,3,1011.0,134,4,1010.9,158,2,1010.8,1251,10,1010.7,1286,11,1011.3,104,4,1011.4,714,7,1011.5,1485,12,1011.6,939,19,1011.7,646,11
317,2025-11-26 14:47:19+05:30,1011.3,1,1002.33,8298148,398527.0,433438.0,986.2,1012.8,981.3,986.2,120570000,1084.8,887.6,1102.5,649.1,1011.1,36,3,1011.0,134,4,1010.9,158,2,1010.8,1251,10,1010.7,1286,11,1011.3,104,4,1011.4,714,7,1011.5,1485,12,1011.6,939,19,1011.7,646,11
317,2025-11-26 14:47:21+05:30,1011.3,1,1002.33,8298148,398527.0,433438.0,986.2,1012.8,981.3,986.2,120570000,1084.8,887.6,1102.5,649.1,1011.1,36,3,1011.0,134,4,1010.9,158,2,1010.8,1251,10,1010.7,1286,11,1011.3,104,4,1011.4,714,7,1011.5,1485,12,1011.6,939,19,1011.7,646,11
317,2025-11-26 14:47:24+05:30,1011.3,10,1002.33,8298459,399237.0,433482.0,986.2,1012.8,981.3,986.2,120570000,1084.8,887.6,1102.5,649.1,1011.1,36,4,1011.0,312,6,1010.9,956,8,1010.8,1359,11,1010.7,725,11,1011.3,34,2,1011.4,620,5,1011.5,1380,10,1011.6,636,19,1011.7,971,14
317,2025-11-26 14:47:24+05:30,1011.3,10,1002.33,8298459,399237.0,433482.0,986.2,1012.8,981.3,986.2,120570000,1084.8,887.6,1102.5,649.1,1011.1,36,4,1011.0,312,6,1010.9,956,8,1010.8,1359,11,1010.7,725,11,1011.3,34,2,1011.4,620,5,1011.5,1380,10,1011.6,636,19,1011.7,971,14
317,2025-11-26 14:47:27+05:30,1011.1,1,1002.33,8298459,399237.0,433482.0,986.2,1012.8,981.3,986.2,120570000,1084.8,887.6,1102.5,649.1,1011.1,36,4,1011.0,312,6,1010.9,956,8,1010.8,1359,11,1010.7,725,11,1011.3,34,2,1011.4,620,5,1011.5,1380,10,1011.6,636,19,1011.7,971,14
317,2025-11-26 14:47:28+05:30,1011.1,1,1002.33,8298519,398323.0,433447.0,986.2,1012.8,981.3,986.2,120570000,1084.8,887.6,1102.5,649.1,1011.1,27,4,1011.0,167,5,1010.9,446,7,1010.8,1359,11,1010.7,725,11,1011.3,7,2,1011.4,577,5,1011.5,1445,13,1011.6,968,21,1011.7,645,12
317,2025-11-26 14:47:30+05:30,1011.3,27,1002.33,8298519,398323.0,433447.0,986.2,1012.8,981.3,986.2,120570000,1084.8,887.6,1102.5,649.1,1011.1,27,4,1011.0,167,5,1010.9,446,7,1010.8,1359,11,1010.7,725,11,1011.3,7,2,1011.4,577,5,1011.5,1445,13,1011.6,968,21,1011.7,645,12
317,2025-11-26 14:47:33+05:30,1011.3,23,1002.33,8298519,398323.0,433447.0,986.2,1012.8,981.3,986.2,120570000,1084.8,887.6,1102.5,649.1,1011.1,27,4,1011.0,167,5,1010.9,446,7,1010.8,1359,11,1010.7,725,11,1011.3,7,2,1011.4,577,5,1011.5,1445,13,1011.6,968,21,1011.7,645,12
317,2025-11-26 14:47:33+05:30,1011.3,23,1002.33,8299515,397699.0,435679.0,986.2,1012.8,981.3,986.2,120570000,1084.8,887.6,1102.5,649.1,1011.1,14,1,1011.0,1,1,1010.9,107,1,1010.8,1205,12,1010.7,1272,15,1011.3,82,4,1011.4,1302,18,1011.5,1393,11,1011.6,1338,16,1011.7,1302,19
317,2025-11-26 14:47:36+05:30,1011.3,2,1002.33,8299515,397699.0,435679.0,986.2,1012.8,981.3,986.2,120570000,1084.8,887.6,1102.5,649.1,1011.1,14,1,1011.0,1,1,1010.9,107,1,1010.8,1205,12,1010.7,1272,15,1011.3,82,4,1011.4,1302,18,1011.5,1393,11,1011.6,1338,16,1011.7,1302,19
317,2025-11-26 14:47:37+05:30,1011.3,2,1002.33,8299680,398015.0,435507.0,986.2,1012.8,981.3,986.2,120570000,1084.8,887.6,1102.5,649.1,1011.1,14,1,1011.0,1,1,1010.9,107,1,1010.8,1025,7,1010.7,1527,14,1011.3,74,5,1011.4,793,14,1011.5,1550,15,1011.6,1342,17,1011.7,1367,20
317,2025-11-26 14:47:39+05:30,1010.9,1,1002.33,8299680,398015.0,435507.0,986.2,1012.8,981.3,986.2,120570000,1084.8,887.6,1102.5,649.1,1011.1,14,1,1011.0,1,1,1010.9,107,1,1010.8,1025,7,1010.7,1527,14,1011.3,74,5,1011.4,793,14,1011.5,1550,15,1011.6,1342,17,1011.7,1367,20
317,2025-11-26 14:47:42+05:30,1011.1,49,1002.33,8299680,398015.0,435507.0,986.2,1012.8,981.3,986.2,120570000,1084.8,887.6,1102.5,649.1,1011.1,14,1,1011.0,1,1,1010.9,107,1,1010.8,1025,7,1010.7,1527,14,1011.3,74,5,1011.4,793,14,1011.5,1550,15,1011.6,1342,17,1011.7,1367,20
317,2025-11-26 14:47:42+05:30,1011.1,49,1002.33,8299759,396133.0,433853.0,986.2,1012.8,981.3,986.2,120570000,1084.8,887.6,1102.5,649.1,1010.8,172,7,1010.7,1388,11,1010.6,541,8,1010.5,1908,19,1010.4,1233,11,1011.1,43,2,1011.2,84,2,1011.3,497,7,1011.4,577,12,1011.5,1798,13
317,2025-11-26 14:47:45+05:30,1011.2,2,1002.33,8299759,396133.0,433853.0,986.2,1012.8,981.3,986.2,120570000,1084.8,887.6,1102.5,649.1,1010.8,172,7,1010.7,1388,11,1010.6,541,8,1010.5,1908,19,1010.4,1233,11,1011.1,43,2,1011.2,84,2,1011.3,497,7,1011.4,577,12,1011.5,1798,13
317,2025-11-26 14:47:47+05:30,1011.1,1,1002.33,8300231,397849.0,433578.0,986.2,1012.8,981.3,986.2,120570000,1084.8,887.6,1102.5,649.1,1010.9,22,1,1010.8,241,6,1010.7,1420,14,1010.6,1083,7,1010.5,1853,16,1011.1,2,2,1011.2,95,3,1011.3,862,6,1011.4,727,15,1011.5,1504,13
317,2025-11-26 14:47:48+05:30,1011.1,1,1002.33,8300231,397849.0,433578.0,986.2,1012.8,981.3,986.2,120570000,1084.8,887.6,1102.5,649.1,1010.9,22,1,1010.8,241,6,1010.7,1420,14,1010.6,1083,7,1010.5,1853,16,1011.1,2,2,1011.2,95,3,1011.3,862,6,1011.4,727,15,1011.5,1504,13
317,2025-11-26 14:47:51+05:30,1011.0,5,1002.33,8300231,397849.0,433578.0,986.2,1012.8,981.3,986.2,120570000,1084.8,887.6,1102.5,649.1,1010.9,22,1,1010.8,241,6,1010.7,1420,14,1010.6,1083,7,1010.5,1853,16,1011.1,2,2,1011.2,95,3,1011.3,862,6,1011.4,727,15,1011.5,1504,13
317,2025-11-26 14:47:52+05:30,1011.0,5,1002.33,8300295,397793.0,433513.0,986.2,1012.8,981.3,986.2,120570000,1084.8,887.6,1102.5,649.1,1010.9,38,3,1010.8,324,8,1010.7,1406,14,1010.6,510,6,1010.5,1853,16,1011.0,468,2,1011.1,59,3,1011.2,46,2,1011.3,330,6,1011.4,1216,16
317,2025-11-26 14:47:54+05:30,1011.0,139,1002.33,8300295,397793.0,433513.0,986.2,1012.8,981.3,986.2,120570000,1084.8,887.6,1102.5,649.1,1010.9,38,3,1010.8,324,8,1010.7,1406,14,1010.6,510,6,1010.5,1853,16,1011.0,468,2,1011.1,59,3,1011.2,46,2,1011.3,330,6,1011.4,1216,16
317,2025-11-26 14:47:56+05:30,1011.0,10,1002.33,8301183,396525.0,431827.0,986.2,1012.8,981.3,986.2,120570000,1084.8,887.6,1102.5,649.1,1011.0,59,2,1010.9,274,8,1010.8,1176,13,1010.7,1560,16,1010.6,556,7,1011.2,45,1,1011.3,32,2,1011.4,723,5,1011.5,1254,9,1011.6,797,13
317,2025-11-26 14:47:57+05:30,1011.0,4,1002.33,8301183,396525.0,431827.0,986.2,1012.8,981.3,986.2,120570000,1084.8,887.6,1102.5,649.1,1011.0,59,2,1010.9,274,8,1010.8,1176,13,1010.7,1560,16,1010.6,556,7,1011.2,45,1,1011.3,32,2,1011.4,723,5,1011.5,1254,9,1011.6,797,13
317,2025-11-26 14:47:59+05:30,1011.2,1,1002.33,8301183,396525.0,431827.0,986.2,1012.8,981.3,986.2,120570000,1084.8,887.6,1102.5,649.1,1011.0,59,2,1010.9,274,8,1010.8,1176,13,1010.7,1560,16,1010.6,556,7,1011.2,45,1,1011.3,32,2,1011.4,723,5,1011.5,1254,9,1011.6,797,13
317,2025-11-26 14:48:00+05:30,1011.2,1,1002.33,8301217,396450.0,431978.0,986.2,1012.8,981.3,986.2,120570000,1084.8,887.6,1102.5,649.1,1011.0,35,3,1010.9,128,4,1010.8,1108,12,1010.7,1590,17,1010.6,559,8,1011.2,41,2,1011.3,32,2,1011.4,970,8,1011.5,1373,12,1011.6,809,12
317,2025-11-26 14:48:01+05:30,1011.2,1,1002.33,8301217,396450.0,431978.0,986.2,1012.8,981.3,986.2,120570000,1084.8,887.6,1102.5,649.1,1011.0,35,3,1010.9,128,4,1010.8,1108,12,1010.7,1590,17,1010.6,559,8,1011.2,41,2,1011.3,32,2,1011.4,970,8,1011.5,1373,12,1011.6,809,12
317,2025-11-26 14:48:03+05:30,1011.2,4,1002.33,8301217,396450.0,431978.0,986.2,1012.8,981.3,986.2,120570000,1084.8,887.6,1102.5,649.1,1011.0,35,3,1010.9,128,4,1010.8,1108,12,1010.7,1590,17,1010.6,559,8,1011.2,41,2,1011.3,32,2,1011.4,970,8,1011.5,1373,12,1011.6,809,12
317,2025-11-26 14:48:05+05:30,1011.2,1,1002.33,8301217,396450.0,431978.0,986.2,1012.8,981.3,986.2,120570000,1084.8,887.6,1102.5,649.1,1011.0,35,3,1010.9,128,4,1010.8,1108,12,1010.7,1590,17,1010.6,559,8,1011.2,41,2,1011.3,32,2,1011.4,970,8,1011.5,1373,12,1011.6,809,12
317,2025-11-26 14:48:05+05:30,1011.2,1,1002.33,8301467,397153.0,436650.0,986.2,1012.8,981.3,986.2,120570000,1084.8,887.6,1102.5,649.1,1011.0,48,4,1010.9,10,3,1010.8,532,11,1010.7,1588,16,1010.6,556,7,1011.2,3490,4,1011.3,102,3,1011.4,480,8,1011.5,2381,16,1011.6,614,14
317,2025-11-26 14:48:07+05:30,1011.2,1,1002.33,8301467,397153.0,436650.0,986.2,1012.8,981.3,986.2,120570000,1084.8,887.6,1102.5,649.1,1011.0,48,4,1010.9,10,3,1010.8,532,11,1010.7,1588,16,1010.6,556,7,1011.2,3490,4,1011.3,102,3,1011.4,480,8,1011.5,2381,16,1011.6,614,14
317,2025-11-26 14:48:09+05:30,1011.0,1,1002.33,8301467,397153.0,436650.0,986.2,1012.8,981.3,986.2,120570000,1084.8,887.6,1102.5,649.1,1011.0,48,4,1010.9,10,3,1010.8,532,11,1010.7,1588,16,1010.6,556,7,1011.2,3490,4,1011.3,102,3,1011.4,480,8,1011.5,2381,16,1011.6,614,14
317,2025-11-26 14:48:10+05:30,1011.1,1,1002.33,8305013,395328.0,434264.0,986.2,1012.8,981.3,986.2,120570000,1084.8,887.6,1102.5,649.1,1010.9,110,3,1010.7,108,1,1010.6,175,3,1010.5,2978,12,1010.4,1655,15,1011.1,217,3,1011.2,901,9,1011.3,568,9,1011.4,968,20,1011.5,2643,17
317,2025-11-26 14:48:11+05:30,1010.9,6,1002.33,8305013,395328.0,434264.0,986.2,1012.8,981.3,986.2,120570000,1084.8,887.6,1102.5,649.1,1010.9,110,3,1010.7,108,1,1010.6,175,3,1010.5,2978,12,1010.4,1655,15,1011.1,217,3,1011.2,901,9,1011.3,568,9,1011.4,968,20,1011.5,2643,17
317,2025-11-26 14:48:13+05:30,1010.9,3,1002.33,8305013,395328.0,434264.0,986.2,1012.8,981.3,986.2,120570000,1084.8,887.6,1102.5,649.1,1010.9,110,3,1010.7,108,1,1010.6,175,3,1010.5,2978,12,1010.4,1655,15,1011.1,217,3,1011.2,901,9,1011.3,568,9,1011.4,968,20,1011.5,2643,17
317,2025-11-26 14:48:14+05:30,1011.1,3,1002.33,8305209,395448.0,433995.0,986.2,1012.8,981.3,986.2,120570000,1084.8,887.6,1102.5,649.1,1010.9,27,3,1010.7,147,2,1010.6,308,5,1010.5,2978,12,1010.4,1477,14,1011.1,1,1,1011.2,876,8,1011.3,606,11,1011.4,607,13,1011.5,2823,22
317,2025-11-26 14:48:15+05:30,1011.1,2,1002.33,8305209,395448.0,433995.0,986.2,1012.8,981.3,986.2,120570000,1084.8,887.6,1102.5,649.1,1010.9,27,3,1010.7,147,2,1010.6,308,5,1010.5,2978,12,1010.4,1477,14,1011.1,1,1,1011.2,876,8,1011.3,606,11,1011.4,607,13,1011.5,2823,22
317,2025-11-26 14:48:17+05:30,1011.1,2,1002.33,8305209,395448.0,433995.0,986.2,1012.8,981.3,986.2,120570000,1084.8,887.6,1102.5,649.1,1010.9,27,3,1010.7,147,2,1010.6,308,5,1010.5,2978,12,1010.4,1477,14,1011.1,1,1,1011.2,876,8,1011.3,606,11,1011.4,607,13,1011.5,2823,22
317,2025-11-26 14:48:19+05:30,1011.2,1,1002.33,8305209,395448.0,433995.0,986.2,1012.8,981.3,986.2,120570000,1084.8,887.6,1102.5,649.1,1010.9,27,3,1010.7,147,2,1010.6,308,5,1010.5,2978,12,1010.4,1477,14,1011.1,1,1,1011.2,876,8,1011.3,606,11,1011.4,607,13,1011.5,2823,22
317,2025-11-26 14:48:19+05:30,1011.2,1,1002.33,8305274,396937.0,435679.0,986.2,1012.8,981.3,986.2,120570000,1084.8,887.6,1102.5,649.1,1011.1,3,1,1010.9,27,3,1010.8,110,1,1010.7,197,3,1010.6,308,5,1011.2,1028,10,1011.3,508,13,1011.4,611,13,1011.5,2816,22,1011.6,504,10
317,2025-11-26 14:48:20+05:30,1011.2,36,1002.33,8305327,396963.0,435487.0,986.2,1012.8,981.3,986.2,120570000,1084.8,887.6,1102.5,649.1,1011.1,5,2,1010.9,27,3,1010.7,197,3,1010.6,308,5,1010.5,2954,11,1011.2,836,8,1011.3,467,12,1011.4,611,13,1011.5,2816,22,1011.6,504,10
317,2025-11-26 14:48:20+05:30,1011.2,36,1002.33,8305327,396963.0,435487.0,986.2,1012.8,981.3,986.2,120570000,1084.8,887.6,1102.5,649.1,1011.1,5,2,1010.9,27,3,1010.7,197,3,1010.6,308,5,1010.5,2954,11,1011.2,836,8,1011.3,467,12,1011.4,611,13,1011.5,2816,22,1011.6,504,10
317,2025-11-26 14:48:21+05:30,1011.2,1,1002.33,8305328,397043.0,434934.0,986.2,1012.8,981.3,986.2,120570000,1084.8,887.6,1102.5,649.1,1011.1,5,2,1010.9,27,3,1010.8,49,1,1010.7,197,3,1010.6,873,6,1011.2,287,7,1011.3,438,12,1011.4,532,8,1011.5,2846,23,1011.6,583,15
317,2025-11-26 14:48:21+05:30,1011.2,1,1002.33,8305328,397043.0,434934.0,986.2,1012.8,981.3,986.2,120570000,1084.8,887.6,1102.5,649.1,1011.1,5,2,1010.9,27,3,1010.8,49,1,1010.7,197,3,1010.6,873,6,1011.2,287,7,1011.3,438,12,1011.4,532,8,1011.5,2846,23,1011.6,583,15
317,2025-11-26 14:48:22+05:30,1011.2,1,1002.33,8305329,396999.0,434870.0,986.2,1012.8,981.3,986.2,120570000,1084.8,887.6,1102.5,649.1,1011.1,5,2,1010.9,27,3,1010.8,49,1,1010.7,197,3,1010.6,873,6,1011.2,222,6,1011.3,398,11,1011.4,567,9,1011.5,2852,24,1011.6,583,15
317,2025-11-26 14:48:22+05:30,1011.2,1,1002.33,8305329,396999.0,434870.0,986.2,1012.8,981.3,986.2,120570000,1084.8,887.6,1102.5,649.1,1011.1,5,2,1010.9,27,3,1010.8,49,1,1010.7,197,3,1010.6,873,6,1011.2,222,6,1011.3,398,11,1011.4,567,9,1011.5,2852,24,1011.6,583,15
317,2025-11-26 14:48:23+05:30,1010.7,15,1002.33,8305329,396999.0,434870.0,986.2,1012.8,981.3,986.2,120570000,1084.8,887.6,1102.5,649.1,1011.1,5,2,1010.9,27,3,1010.8,49,1,1010.7,197,3,1010.6,873,6,1011.2,222,6,1011.3,398,11,1011.4,567,9,1011.5,2852,24,1011.6,583,15
317,2025-11-26 14:48:23+05:30,1010.7,15,1002.33,8306049,395368.0,435594.0,986.2,1012.8,981.3,986.2,120570000,1084.8,887.6,1102.5,649.1,1011.1,7,1,1011.0,1,1,1010.7,132,2,1010.6,838,7,1010.5,3681,14,1011.2,524,11,1011.3,867,10,1011.4,889,12,1011.5,2550,22,1011.6,828,17
317,2025-11-26 14:48:24+05:30,1011.2,68,1002.33,8306049,395368.0,435594.0,986.2,1012.8,981.3,986.2,120570000,1084.8,887.6,1102.5,649.1,1011.1,7,1,1011.0,1,1,1010.7,132,2,1010.6,838,7,1010.5,3681,14,1011.2,524,11,1011.3,867,10,1011.4,889,12,1011.5,2550,22,1011.6,828,17
317,2025-11-26 14:48:24+05:30,1011.2,68,1002.33,8306263,395633.0,435183.0,986.2,1012.8,981.3,986.2,120570000,1084.8,887.6,1102.5,649.1,1011.1,11,2,1011.0,1,1,1010.7,147,2,1010.6,338,6,1010.5,3732,15,1011.2,132,6,1011.3,877,11,1011.4,889,12,1011.5,2571,23,1011.6,1071,18
317,2025-11-26 14:48:25+05:30,1011.2,1,1002.33,8306289,396025.0,435100.0,986.2,1012.8,981.3,986.2,120570000,1084.8,887.6,1102.5,649.1,1011.1,11,2,1011.0,1,1,1010.7,189,3,1010.6,338,6,1010.5,3732,15,1011.2,146,6,1011.3,837,10,1011.4,592,11,1011.5,2869,24,1011.6,1069,17
317,2025-11-26 14:48:25+05:30,1011.2,1,1002.33,8306289,396025.0,435100.0,986.2,1012.8,981.3,986.2,120570000,1084.8,887.6,1102.5,649.1,1011.1,11,2,1011.0,1,1,1010.7,189,3,1010.6,338,6,1010.5,3732,15,1011.2,146,6,1011.3,837,10,1011.4,592,11,1011.5,2869,24,1011.6,1069,17
317,2025-11-26 14:48:26+05:30,1011.1,1,1002.33,8306289,396025.0,435100.0,986.2,1012.8,981.3,986.2,120570000,1084.8,887.6,1102.5,649.1,1011.1,11,2,1011.0,1,1,1010.7,189,3,1010.6,338,6,1010.5,3732,15,1011.2,146,6,1011.3,837,10,1011.4,592,11,1011.5,2869,24,1011.6,1069,17
317,2025-11-26 14:48:26+05:30,1011.1,1,1002.33,8306303,396795.0,434504.0,986.2,1012.8,981.3,986.2,120570000,1084.8,887.6,1102.5,649.1,1011.1,4,1,1011.0,8,2,1010.9,6,1,1010.7,189,3,1010.6,963,11,1011.2,133,6,1011.3,836,9,1011.4,496,9,1011.5,2869,24,1011.6,583,15
317,2025-11-26 14:48:27+05:30,1011.1,1,1002.33,8306303,396695.0,434504.0,986.2,1012.8,981.3,986.2,120570000,1084.8,887.6,1102.5,649.1,1011.1,4,1,1011.0,8,2,1010.9,6,1,1010.7,189,3,1010.6,914,11,1011.2,133,6,1011.3,836,9,1011.4,496,9,1011.5,2869,24,1011.6,583,15
317,2025-11-26 14:48:28+05:30,1011.2,3,1002.33,8306303,396695.0,434504.0,986.2,1012.8,981.3,986.2,120570000,1084.8,887.6,1102.5,649.1,1011.1,4,1,1011.0,8,2,1010.9,6,1,1010.7,189,3,1010.6,914,11,1011.2,133,6,1011.3,836,9,1011.4,496,9,1011.5,2869,24,1011.6,583,15
317,2025-11-26 14:48:28+05:30,1011.2,30,1002.33,8306356,396694.0,434600.0,986.2,1012.8,981.3,986.2,120570000,1084.8,887.6,1102.5,649.1,1011.1,4,1,1011.0,7,1,1010.9,6,1,1010.7,189,3,1010.6,850,7,1011.2,123,7,1011.3,906,11,1011.4,559,10,1011.5,2834,23,1011.6,633,16
317,2025-11-26 14:48:29+05:30,1011.2,2,1002.33,8306356,396694.0,434600.0,986.2,1012.8,981.3,986.2,120570000,1084.8,887.6,1102.5,649.1,1011.1,4,1,1011.0,7,1,1010.9,6,1,1010.7,189,3,1010.6,850,7,1011.2,123,7,1011.3,906,11,1011.4,559,10,1011.5,2834,23,1011.6,633,16
317,2025-11-26 14:48:29+05:30,1011.2,2,1002.33,8306358,396714.0,434558.0,986.2,1012.8,981.3,986.2,120570000,1084.8,887.6,1102.5,649.1,1011.1,24,2,1011.0,7,1,1010.9,6,1,1010.7,189,3,1010.6,850,7,1011.2,81,6,1011.3,836,9,1011.4,629,12,1011.5,2834,23,1011.6,633,16
317,2025-11-26 14:48:30+05:30,1011.2,1,1002.33,8306358,396714.0,434558.0,986.2,1012.8,981.3,986.2,120570000,1084.8,887.6,1102.5,649.1,1011.1,24,2,1011.0,7,1,1010.9,6,1,1010.7,189,3,1010.6,850,7,1011.2,81,6,1011.3,836,9,1011.4,629,12,1011.5,2834,23,1011.6,633,16
317,2025-11-26 14:48:30+05:30,1011.2,1,1002.33,8306423,396827.0,434759.0,986.2,1012.8,981.3,986.2,120570000,1084.8,887.6,1102.5,649.1,1011.1,16,2,1011.0,7,1,1010.9,6,1,1010.8,218,3,1010.7,402,5,1011.2,121,7,1011.3,805,8,1011.4,512,8,1011.5,2860,25,1011.6,771,18
317,2025-11-26 14:48:31+05:30,1011.2,1,1002.33,8306423,396827.0,434759.0,986.2,1012.8,981.3,986.2,120570000,1084.8,887.6,1102.5,649.1,1011.1,16,2,1011.0,7,1,1010.9,6,1,1010.8,218,3,1010.7,402,5,1011.2,121,7,1011.3,805,8,1011.4,512,8,1011.5,2860,25,1011.6,771,18
317,2025-11-26 14:48:32+05:30,1011.2,1,1002.33,8306423,396827.0,434828.0,986.2,1012.8,981.3,986.2,120570000,1084.8,887.6,1102.5,649.1,1011.1,16,2,1011.0,7,1,1010.9,6,1,1010.8,218,3,1010.7,402,5,1011.2,122,8,1011.3,805,8,1011.4,567,9,1011.5,2860,25,1011.6,771,18
317,2025-11-26 14:48:33+05:30,1011.2,5,1002.33,8306455,396399.0,434744.0,986.2,1012.8,981.3,986.2,120570000,1084.8,887.6,1102.5,649.1,1011.1,16,2,1011.0,7,1,1010.9,11,2,1010.8,218,3,1010.7,402,5,1011.2,109,8,1011.3,762,7,1011.4,513,8,1011.5,2858,25,1011.6,771,18
317,2025-11-26 14:48:33+05:30,1011.2,5,1002.33,8306455,396399.0,434744.0,986.2,1012.8,981.3,986.2,120570000,1084.8,887.6,1102.5,649.1,1011.1,16,2,1011.0,7,1,1010.9,11,2,1010.8,218,3,1010.7,402,5,1011.2,109,8,1011.3,762,7,1011.4,513,8,1011.5,2858,25,1011.6,771,18
317,2025-11-26 14:48:34+05:30,1011.2,1,1002.33,8306457,396382.0,434757.0,986.2,1012.8,981.3,986.2,120570000,1084.8,887.6,1102.5,649.1,1011.1,16,2,1011.0,7,1,1010.9,11,2,1010.8,218,3,1010.7,402,5,1011.2,107,8,1011.3,762,7,1011.4,513,8,1011.5,2858,25,1011.6,771,18
317,2025-11-26 14:48:34+05:30,1011.1,4,1002.33,8306457,396382.0,434757.0,986.2,1012.8,981.3,986.2,120570000,1084.8,887.6,1102.5,649.1,1011.1,16,2,1011.0,7,1,1010.9,11,2,1010.8,218,3,1010.7,402,5,1011.2,107,8,1011.3,762,7,1011.4,513,8,1011.5,2858,25,1011.6,771,18
317,2025-11-26 14:48:35+05:30,1011.2,1,1002.33,8306462,396404.0,434807.0,986.2,1012.8,981.3,986.2,120570000,1084.8,887.6,1102.5,649.1,1011.1,12,2,1011.0,7,1,1010.9,6,1,1010.8,218,3,1010.7,274,4,1011.2,107,9,1011.3,805,8,1011.4,520,8,1011.5,2858,25,1011.6,771,18
317,2025-11-26 14:48:35+05:30,1011.2,2,1002.33,8306462,396404.0,434807.0,986.2,1012.8,981.3,986.2,120570000,1084.8,887.6,1102.5,649.1,1011.1,12,2,1011.0,7,1,1010.9,6,1,1010.8,218,3,1010.7,274,4,1011.2,107,9,1011.3,805,8,1011.4,520,8,1011.5,2858,25,1011.6,771,18
317,2025-11-26 14:48:36+05:30,1011.2,1,1002.33,8306465,396467.0,434845.0,986.2,1012.8,981.3,986.2,120570000,1084.8,887.6,1102.5,649.1,1011.1,19,3,1011.0,7,1,1010.9,6,1,1010.8,218,3,1010.7,274,4,1011.2,104,9,1011.3,803,8,1011.4,563,9,1011.5,2858,25,1011.6,771,18
317,2025-11-26 14:48:36+05:30,1011.2,1,1002.33,8306465,396467.0,434845.0,986.2,1012.8,981.3,986.2,120570000,1084.8,887.6,1102.5,649.1,1011.1,19,3,1011.0,7,1,1010.9,6,1,1010.8,218,3,1010.7,274,4,1011.2,104,9,1011.3,803,8,1011.4,563,9,1011.5,2858,25,1011.6,771,18
317,2025-11-26 14:48:37+05:30,1011.2,1,1002.33,8306465,396390.0,434882.0,986.2,1012.8,981.3,986.2,120570000,1084.8,887.6,1102.5,649.1,1011.1,19,3,1011.0,7,1,1010.9,6,1,1010.8,218,3,1010.7,274,4,1011.2,129,10,1011.3,846,9,1011.4,574,9,1011.5,2858,25,1011.6,771,18
317,2025-11-26 14:48:38+05:30,1011.1,7,1002.34,8306543,396532.0,435022.0,986.2,1012.8,981.3,986.2,120570000,1084.8,887.6,1102.5,649.1,1011.1,5,1,1011.0,7,1,1010.9,45,2,1010.8,150,2,1010.7,402,5,1011.2,121,9,1011.3,803,8,1011.4,563,9,1011.5,2858,25,1011.6,771,18
317,2025-11-26 14:48:38+05:30,1011.1,7,1002.34,8306543,396532.0,435022.0,986.2,1012.8,981.3,986.2,120570000,1084.8,887.6,1102.5,649.1,1011.1,5,1,1011.0,7,1,1010.9,45,2,1010.8,150,2,1010.7,402,5,1011.2,121,9,1011.3,803,8,1011.4,563,9,1011.5,2858,25,1011.6,771,18
317,2025-11-26 14:48:39+05:30,1011.1,2,1002.34,8306555,396851.0,434024.0,986.2,1012.8,981.3,986.2,120570000,1084.8,887.6,1102.5,649.1,1011.1,5,1,1011.0,7,1,1010.9,6,1,1010.8,53,1,1010.7,402,5,1011.2,119,9,1011.3,803,8,1011.4,559,9,1011.5,2880,25,1011.6,771,18
317,2025-11-26 14:48:39+05:30,1011.1,2,1002.34,8306555,396851.0,434024.0,986.2,1012.8,981.3,986.2,120570000,1084.8,887.6,1102.5,649.1,1011.1,5,1,1011.0,7,1,1010.9,6,1,1010.8,53,1,1010.7,402,5,1011.2,119,9,1011.3,803,8,1011.4,559,9,1011.5,2880,25,1011.6,771,18
317,2025-11-26 14:48:40+05:30,1011.2,1,1002.34,8306556,396889.0,433803.0,986.2,1012.8,981.3,986.2,120570000,1084.8,887.6,1102.5,649.1,1011.1,5,1,1011.0,7,1,1010.9,45,2,1010.8,39,1,1010.7,402,5,1011.2,118,9,1011.3,803,8,1011.4,1121,9,1011.5,2260,24,1011.6,771,18
317,2025-11-26 14:48:40+05:30,1011.2,1,1002.34,8306556,396889.0,433803.0,986.2,1012.8,981.3,986.2,120570000,1084.8,887.6,1102.5,649.1,1011.1,5,1,1011.0,7,1,1010.9,45,2,1010.8,39,1,1010.7,402,5,1011.2,118,9,1011.3,803,8,1011.4,1121,9,1011.5,2260,24,1011.6,771,18
317,2025-11-26 14:48:41+05:30,1011.1,10,1002.34,8307568,395309.0,434265.0,986.2,1012.8,981.3,986.2,120570000,1084.8,887.6,1102.5,649.1,1011.1,7,1,1010.8,113,1,1010.7,129,2,1010.6,184,6,1010.5,2387,18,1011.2,295,10,1011.3,723,8,1011.4,1229,11,1011.5,2244,23,1011.6,706,19
317,2025-11-26 14:48:41+05:30,1011.1,10,1002.34,8307568,395309.0,434265.0,986.2,1012.8,981.3,986.2,120570000,1084.8,887.6,1102.5,649.1,1011.1,7,1,1010.8,113,1,1010.7,129,2,1010.6,184,6,1010.5,2387,18,1011.2,295,10,1011.3,723,8,1011.4,1229,11,1011.5,2244,23,1011.6,706,19
317,2025-11-26 14:48:42+05:30,1011.1,10,1002.34,8307568,395619.0,434265.0,986.2,1012.8,981.3,986.2,120570000,1084.8,887.6,1102.5,649.1,1011.1,11,2,1010.8,113,1,1010.7,129,2,1010.6,730,7,1010.5,2387,18,1011.2,295,10,1011.3,762,9,1011.4,1190,10,1011.5,2244,23,1011.6,706,19
317,2025-11-26 14:48:43+05:30,1011.2,10,1002.34,8307600,396325.0,434271.0,986.2,1012.8,981.3,986.2,120570000,1084.8,887.6,1102.5,649.1,1011.1,11,2,1010.8,149,2,1010.7,129,2,1010.6,730,7,1010.5,2387,18,1011.2,301,10,1011.3,762,9,1011.4,1190,10,1011.5,2244,23,1011.6,642,15
317,2025-11-26 14:48:43+05:30,1011.1,6,1002.34,8307600,396325.0,434271.0,986.2,1012.8,981.3,986.2,120570000,1084.8,887.6,1102.5,649.1,1011.1,11,2,1010.8,149,2,1010.7,129,2,1010.6,730,7,1010.5,2387,18,1011.2,301,10,1011.3,762,9,1011.4,1190,10,1011.5,2244,23,1011.6,642,15
317,2025-11-26 14:48:44+05:30,1011.1,10,1002.34,8307600,396325.0,434271.0,986.2,1012.8,981.3,986.2,120570000,1084.8,887.6,1102.5,649.1,1011.1,11,2,1010.8,149,2,1010.7,129,2,1010.6,730,7,1010.5,2387,18,1011.2,301,10,1011.3,762,9,1011.4,1190,10,1011.5,2244,23,1011.6,642,15
317,2025-11-26 14:48:44+05:30,1011.1,10,1002.34,8307678,395784.0,434060.0,986.2,1012.8,981.3,986.2,120570000,1084.8,887.6,1102.5,649.1,1011.1,12,1,1010.8,85,2,1010.7,219,3,1010.6,917,10,1010.5,1712,16,1011.2,178,10,1011.3,798,8,1011.4,1309,13,1011.5,2249,23,1011.6,769,17
317,2025-11-26 14:48:45+05:30,1011.0,2,1002.34,8307678,395784.0,434060.0,986.2,1012.8,981.3,986.2,120570000,1084.8,887.6,1102.5,649.1,1011.1,12,1,1010.8,85,2,1010.7,219,3,1010.6,917,10,1010.5,1712,16,1011.2,178,10,1011.3,798,8,1011.4,1309,13,1011.5,2249,23,1011.6,769,17
317,2025-11-26 14:48:45+05:30,1011.0,2,1002.34,8307883,394114.0,434395.0,986.2,1012.8,981.3,986.2,120570000,1084.8,887.6,1102.5,649.1,1010.7,39,1,1010.6,212,7,1010.5,1601,14,1010.4,1939,12,1010.3,774,12,1011.0,1296,1,1011.2,411,12,1011.3,1549,11,1011.4,1006,15,1011.5,1962,20
317,2025-11-26 14:48:46+05:30,1011.0,1,1002.34,8307883,394114.0,434395.0,986.2,1012.8,981.3,986.2,120570000,1084.8,887.6,1102.5,649.1,1010.7,39,1,1010.6,212,7,1010.5,1601,14,1010.4,1939,12,1010.3,774,12,1011.0,1296,1,1011.2,411,12,1011.3,1549,11,1011.4,1006,15,1011.5,1962,20
317,2025-11-26 14:48:46+05:30,1011.0,1,1002.34,8307915,394118.0,434121.0,986.2,1012.8,981.3,986.2,120570000,1084.8,887.6,1102.5,649.1,1010.7,7,1,1010.6,133,5,1010.5,1534,13,1010.4,2067,13,1010.3,774,12,1011.0,1295,2,1011.2,411,12,1011.3,1556,12,1011.4,1006,15,1011.5,1962,20
317,2025-11-26 14:48:47+05:30,1011.0,50,1002.34,8307915,394118.0,434121.0,986.2,1012.8,981.3,986.2,120570000,1084.8,887.6,1102.5,649.1,1010.7,7,1,1010.6,133,5,1010.5,1534,13,1010.4,2067,13,1010.3,774,12,1011.0,1295,2,1011.2,411,12,1011.3,1556,12,1011.4,1006,15,1011.5,1962,20
317,2025-11-26 14:48:47+05:30,1010.7,5,1002.34,8308071,394071.0,433949.0,986.2,1012.8,981.3,986.2,120570000,1084.8,887.6,1102.5,649.1,1010.7,2,1,1010.6,94,4,1010.5,1619,15,1010.4,2067,13,1010.3,774,12,1011.0,1185,3,1011.1,153,2,1011.2,324,10,1011.3,1556,12,1011.4,1006,15
317,2025-11-26 14:48:48+05:30,1010.7,5,1002.34,8308071,394071.0,433949.0,986.2,1012.8,981.3,986.2,120570000,1084.8,887.6,1102.5,649.1,1010.7,2,1,1010.6,94,4,1010.5,1619,15,1010.4,2067,13,1010.3,774,12,1011.0,1185,3,1011.1,153,2,1011.2,324,10,1011.3,1556,12,1011.4,1006,15
317,2025-11-26 14:48:48+05:30,1010.7,1,1002.34,8308072,393780.0,433944.0,986.2,1012.8,981.3,986.2,120570000,1084.8,887.6,1102.5,649.1,1010.7,215,4,1010.6,167,7,1010.5,1580,14,1010.4,2067,13,1010.3,774,12,1011.0,1185,3,1011.1,153,2,1011.2,327,11,1011.3,955,11,1011.4,1581,14
317,2025-11-26 14:48:49+05:30,1011.0,10,1002.34,8308072,393780.0,433944.0,986.2,1012.8,981.3,986.2,120570000,1084.8,887.6,1102.5,649.1,1010.7,215,4,1010.6,167,7,1010.5,1580,14,1010.4,2067,13,1010.3,774,12,1011.0,1185,3,1011.1,153,2,1011.2,327,11,1011.3,955,11,1011.4,1581,14
317,2025-11-26 14:48:50+05:30,1011.0,2,1002.34,8308086,393821.0,434158.0,986.2,1012.8,981.3,986.2,120570000,1084.8,887.6,1102.5,649.1,1010.7,256,6,1010.6,167,7,1010.5,1580,14,1010.4,2067,13,1010.3,774,12,1011.0,1174,5,1011.1,178,3,1011.2,285,9,1011.3,955,11,1011.4,1581,14
317,2025-11-26 14:48:50+05:30,1011.0,54,1002.34,8308086,393821.0,434158.0,986.2,1012.8,981.3,986.2,120570000,1084.8,887.6,1102.5,649.1,1010.7,256,6,1010.6,167,7,1010.5,1580,14,1010.4,2067,13,1010.3,774,12,1011.0,1174,5,1011.1,178,3,1011.2,285,9,1011.3,955,11,1011.4,1581,14
317,2025-11-26 14:48:51+05:30,1011.0,1,1002.34,8308142,393817.0,434200.0,986.2,1012.8,981.3,986.2,120570000,1084.8,887.6,1102.5,649.1,1010.7,262,6,1010.6,167,7,1010.5,1580,14,1010.4,2067,13,1010.3,774,12,1011.0,1119,5,1011.1,178,3,1011.2,285,9,1011.3,955,11,1011.4,1581,14
317,2025-11-26 14:48:51+05:30,1011.0,1,1002.34,8308142,393817.0,434200.0,986.2,1012.8,981.3,986.2,120570000,1084.8,887.6,1102.5,649.1,1010.7,262,6,1010.6,167,7,1010.5,1580,14,1010.4,2067,13,1010.3,774,12,1011.0,1119,5,1011.1,178,3,1011.2,285,9,1011.3,955,11,1011.4,1581,14
317,2025-11-26 14:48:52+05:30,1010.7,4,1002.34,8308360,394497.0,434128.0,986.2,1012.8,981.3,986.2,120570000,1084.8,887.6,1102.5,649.1,1010.7,16,2,1010.6,14,3,1010.5,1532,14,1010.4,2067,13,1010.3,1252,13,1011.0,1119,5,1011.1,340,6,1011.2,611,15,1011.3,1556,12,1011.4,967,14
317,2025-11-26 14:48:52+05:30,1010.7,4,1002.34,8308360,394497.0,434128.0,986.2,1012.8,981.3,986.2,120570000,1084.8,887.6,1102.5,649.1,1010.7,16,2,1010.6,14,3,1010.5,1532,14,1010.4,2067,13,1010.3,1252,13,1011.0,1119,5,1011.1,340,6,1011.2,611,15,1011.3,1556,12,1011.4,967,14
317,2025-11-26 14:48:53+05:30,1011.0,23,1002.34,8308463,394068.0,432641.0,986.2,1012.8,981.3,986.2,120570000,1084.8,887.6,1102.5,649.1,1010.7,5,1,1010.6,162,5,1010.5,2972,11,1010.4,656,18,1010.3,1229,11,1011.0,1087,5,1011.1,246,4,1011.2,948,13,1011.3,466,11,1011.4,1686,17
317,2025-11-26 14:48:53+05:30,1011.0,4,1002.34,8308463,394068.0,432641.0,986.2,1012.8,981.3,986.2,120570000,1084.8,887.6,1102.5,649.1,1010.7,5,1,1010.6,162,5,1010.5,2972,11,1010.4,656,18,1010.3,1229,11,1011.0,1087,5,1011.1,246,4,1011.2,948,13,1011.3,466,11,1011.4,1686,17
317,2025-11-26 14:48:54+05:30,1011.0,1,1002.34,8308463,394068.0,432641.0,986.2,1012.8,981.3,986.2,120570000,1084.8,887.6,1102.5,649.1,1010.7,5,1,1010.6,162,5,1010.5,2972,11,1010.4,656,18,1010.3,1229,11,1011.0,1087,5,1011.1,246,4,1011.2,948,13,1011.3,466,11,1011.4,1686,17
317,2025-11-26 14:48:54+05:30,1011.0,1,1002.34,8308468,394133.0,433354.0,986.2,1012.8,981.3,986.2,120570000,1084.8,887.6,1102.5,649.1,1010.7,5,1,1010.6,122,3,1010.5,1511,10,1010.4,2130,18,1010.3,772,12,1011.0,1089,6,1011.1,246,4,1011.2,988,14,1011.3,1421,16,1011.4,761,13
317,2025-11-26 14:48:55+05:30,1011.0,1,1002.34,8308468,394133.0,433354.0,986.2,1012.8,981.3,986.2,120570000,1084.8,887.6,1102.5,649.1,1010.7,5,1,1010.6,122,3,1010.5,1511,10,1010.4,2130,18,1010.3,772,12,1011.0,1089,6,1011.1,246,4,1011.2,988,14,1011.3,1421,16,1011.4,761,13
317,2025-11-26 14:48:55+05:30,1011.0,12,1002.34,8308498,394075.0,433805.0,986.2,1012.8,981.3,986.2,120570000,1084.8,887.6,1102.5,649.1,1010.7,5,1,1010.6,161,4,1010.5,1512,10,1010.4,2130,18,1010.3,772,12,1011.0,1059,6,1011.1,310,5,1011.2,1095,15,1011.3,1391,15,1011.4,761,13
317,2025-11-26 14:48:56+05:30,1010.7,10,1002.34,8308498,394075.0,433805.0,986.2,1012.8,981.3,986.2,120570000,1084.8,887.6,1102.5,649.1,1010.7,5,1,1010.6,161,4,1010.5,1512,10,1010.4,2130,18,1010.3,772,12,1011.0,1059,6,1011.1,310,5,1011.2,1095,15,1011.3,1391,15,1011.4,761,13
317,2025-11-26 14:48:56+05:30,1010.7,16,1002.34,8308528,394289.0,433506.0,986.2,1012.8,981.3,986.2,120570000,1084.8,887.6,1102.5,649.1,1010.7,7,1,1010.6,122,3,1010.5,1512,10,1010.4,2091,17,1010.3,772,12,1011.0,1093,6,1011.1,313,6,1011.2,1246,17,1011.3,1388,14,1011.4,722,12
317,2025-11-26 14:48:57+05:30,1010.7,16,1002.34,8308528,394289.0,433506.0,986.2,1012.8,981.3,986.2,120570000,1084.8,887.6,1102.5,649.1,1010.7,7,1,1010.6,122,3,1010.5,1512,10,1010.4,2091,17,1010.3,772,12,1011.0,1093,6,1011.1,313,6,1011.2,1246,17,1011.3,1388,14,1011.4,722,12
317,2025-11-26 14:48:57+05:30,1010.7,16,1002.34,8308528,394256.0,433506.0,986.2,1012.8,981.3,986.2,120570000,1084.8,887.6,1102.5,649.1,1010.7,12,3,1010.6,122,3,1010.5,1512,10,1010.4,2091,17,1010.3,772,12,1011.0,1054,5,1011.1,313,6,1011.2,1285,18,1011.3,1388,14,1011.4,722,12
317,2025-11-26 14:48:58+05:30,1011.0,1,1002.34,8308528,394256.0,433506.0,986.2,1012.8,981.3,986.2,120570000,1084.8,887.6,1102.5,649.1,1010.7,12,3,1010.6,122,3,1010.5,1512,10,1010.4,2091,17,1010.3,772,12,1011.0,1054,5,1011.1,313,6,1011.2,1285,18,1011.3,1388,14,1011.4,722,12
317,2025-11-26 14:48:58+05:30,1011.0,50,1002.34,8308579,393961.0,433507.0,986.2,1012.8,981.3,986.2,120570000,1084.8,887.6,1102.5,649.1,1010.7,13,4,1010.6,158,4,1010.5,1551,11,1010.4,2091,17,1010.3,1246,13,1011.0,1003,5,1011.1,310,5,1011.2,1246,17,1011.3,1132,15,1011.4,1020,13
317,2025-11-26 14:48:59+05:30,1011.0,1,1002.34,8308579,393961.0,433507.0,986.2,1012.8,981.3,986.2,120570000,1084.8,887.6,1102.5,649.1,1010.7,13,4,1010.6,158,4,1010.5,1551,11,1010.4,2091,17,1010.3,1246,13,1011.0,1003,5,1011.1,310,5,1011.2,1246,17,1011.3,1132,15,1011.4,1020,13
317,2025-11-26 14:48:59+05:30,1011.0,1,1002.34,8308580,394049.0,433515.0,986.2,1012.8,981.3,986.2,120570000,1084.8,887.6,1102.5,649.1,1010.7,13,4,1010.6,197,5,1010.5,1512,10,1010.4,2091,17,1010.3,1334,13,1011.0,1002,5,1011.1,310,5,1011.2,1246,17,1011.3,1132,15,1011.4,1020,13
317,2025-11-26 14:49:00+05:30,1011.0,1,1002.34,8308580,394049.0,433515.0,986.2,1012.8,981.3,986.2,120570000,1084.8,887.6,1102.5,649.1,1010.7,13,4,1010.6,197,5,1010.5,1512,10,1010.4,2091,17,1010.3,1334,13,1011.0,1002,5,1011.1,310,5,1011.2,1246,17,1011.3,1132,15,1011.4,1020,13
317,2025-11-26 14:49:00+05:30,1011.0,1,1002.34,8308593,394019.0,433477.0,986.2,1012.8,981.3,986.2,120570000,1084.8,887.6,1102.5,649.1,1010.7,12,4,1010.6,705,5,1010.5,1547,11,1010.4,2091,17,1010.3,772,12,1011.0,999,6,1011.1,310,5,1011.2,1246,17,1011.3,1093,14,1011.4,1055,14
317,2025-11-26 14:49:01+05:30,1011.0,1,1002.34,8308593,394019.0,433477.0,986.2,1012.8,981.3,986.2,120570000,1084.8,887.6,1102.5,649.1,1010.7,12,4,1010.6,705,5,1010.5,1547,11,1010.4,2091,17,1010.3,772,12,1011.0,999,6,1011.1,310,5,1011.2,1246,17,1011.3,1093,14,1011.4,1055,14
317,2025-11-26 14:49:01+05:30,1011.0,1,1002.34,8308593,394256.0,433478.0,986.2,1012.8,981.3,986.2,120570000,1084.8,887.6,1102.5,649.1,1010.7,190,5,1010.6,229,6,1010.5,1512,10,1010.4,2091,17,1010.3,1342,13,1011.0,1000,7,1011.1,310,5,1011.2,1246,17,1011.3,1093,14,1011.4,1055,14
317,2025-11-26 14:49:02+05:30,1011.0,4,1002.34,8308624,394920.0,435630.0,986.2,1012.8,981.3,986.2,120570000,1084.8,887.6,1102.5,649.1,1010.7,196,6,1010.6,122,3,1010.5,1351,8,1010.4,2126,18,1010.3,896,13,1011.0,1035,9,1011.1,999,10,1011.2,1312,19,1011.3,828,16,1011.4,722,12
317,2025-11-26 14:49:03+05:30,1011.0,4,1002.34,8308624,394920.0,435630.0,986.2,1012.8,981.3,986.2,120570000,1084.8,887.6,1102.5,649.1,1010.7,196,6,1010.6,122,3,1010.5,1351,8,1010.4,2126,18,1010.3,896,13,1011.0,1035,9,1011.1,999,10,1011.2,1312,19,1011.3,828,16,1011.4,722,12
317,2025-11-26 14:49:04+05:30,1011.0,214,1002.34,8308839,394536.0,435719.0,986.2,1012.8,981.3,986.2,120570000,1084.8,887.6,1102.5,649.1,1010.7,196,6,1010.6,13,2,1010.5,1265,6,1010.4,1940,11,1010.3,870,11,1011.0,1566,14,1011.1,1202,13,1011.2,789,18,1011.3,825,15,1011.4,594,11
317,2025-11-26 14:49:04+05:30,1011.0,10,1002.34,8308839,394536.0,435719.0,986.2,1012.8,981.3,986.2,120570000,1084.8,887.6,1102.5,649.1,1010.7,196,6,1010.6,13,2,1010.5,1265,6,1010.4,1940,11,1010.3,870,11,1011.0,1566,14,1011.1,1202,13,1011.2,789,18,1011.3,825,15,1011.4,594,11
317,2025-11-26 14:49:04+05:30,1011.0,10,1002.34,8308849,394696.0,435868.0,986.2,1012.8,981.3,986.2,120570000,1084.8,887.6,1102.5,649.1,1010.7,196,6,1010.6,13,2,1010.5,1265,6,1010.4,1940,11,1010.3,896,13,1011.0,1029,13,1011.1,1074,10,1011.2,777,18,1011.3,1452,18,1011.4,609,12
317,2025-11-26 14:49:05+05:30,1011.0,1,1002.34,8308849,394696.0,435868.0,986.2,1012.8,981.3,986.2,120570000,1084.8,887.6,1102.5,649.1,1010.7,196,6,1010.6,13,2,1010.5,1265,6,1010.4,1940,11,1010.3,896,13,1011.0,1029,13,1011.1,1074,10,1011.2,777,18,1011.3,1452,18,1011.4,609,12
317,2025-11-26 14:49:06+05:30,1011.0,1,1002.34,8308856,394438.0,436140.0,986.2,1012.8,981.3,986.2,120570000,1084.8,887.6,1102.5,649.1,1010.7,186,3,1010.6,5,1,1010.5,1400,10,1010.4,1929,12,1010.3,1260,13,1011.0,839,10,1011.1,1039,9,1011.2,742,17,1011.3,1224,19,1011.4,1031,14
317,2025-11-26 14:49:06+05:30,1011.0,1,1002.34,8308856,394438.0,436140.0,986.2,1012.8,981.3,986.2,120570000,1084.8,887.6,1102.5,649.1,1010.7,186,3,1010.6,5,1,1010.5,1400,10,1010.4,1929,12,1010.3,1260,13,1011.0,839,10,1011.1,1039,9,1011.2,742,17,1011.3,1224,19,1011.4,1031,14
317,2025-11-26 14:49:07+05:30,1011.0,1,1002.34,8308856,394358.0,436315.0,986.2,1012.8,981.3,986.2,120570000,1084.8,887.6,1102.5,649.1,1010.7,421,4,1010.6,44,3,1010.5,1365,9,1010.4,1929,12,1010.3,772,12,1011.0,842,11,1011.1,537,8,1011.2,1298,18,1011.3,1189,18,1011.4,1066,15
317,2025-11-26 14:49:08+05:30,1011.0,1,1002.34,8308856,394378.0,435967.0,986.2,1012.8,981.3,986.2,120570000,1084.8,887.6,1102.5,649.1,1010.7,421,4,1010.6,50,4,1010.5,1365,9,1010.4,1929,12,1010.3,772,12,1011.0,809,10,1011.1,537,8,1011.2,1261,18,1011.3,1154,17,1011.4,986,14
317,2025-11-26 14:49:08+05:30,1010.8,6,1002.34,8308856,394378.0,435967.0,986.2,1012.8,981.3,986.2,120570000,1084.8,887.6,1102.5,649.1,1010.7,421,4,1010.6,50,4,1010.5,1365,9,1010.4,1929,12,1010.3,772,12,1011.0,809,10,1011.1,537,8,1011.2,1261,18,1011.3,1154,17,1011.4,986,14
317,2025-11-26 14:49:08+05:30,1010.8,2,1002.34,8308864,396284.0,435824.0,986.2,1012.8,981.3,986.2,120570000,1084.8,887.6,1102.5,649.1,1010.7,464,6,1010.6,1753,12,1010.5,1456,11,1010.4,401,9,1010.3,746,10,1010.8,1,1,1011.0,858,10,1011.1,76,2,1011.2,1025,13,1011.3,1047,12
317,2025-11-26 14:49:09+05:30,1010.8,2,1002.34,8308864,396284.0,435824.0,986.2,1012.8,981.3,986.2,120570000,1084.8,887.6,1102.5,649.1,1010.7,464,6,1010.6,1753,12,1010.5,1456,11,1010.4,401,9,1010.3,746,10,1010.8,1,1,1011.0,858,10,1011.1,76,2,1011.2,1025,13,1011.3,1047,12
317,2025-11-26 14:49:09+05:30,1010.8,2,1002.34,8308864,395983.0,436108.0,986.2,1012.8,981.3,986.2,120570000,1084.8,887.6,1102.5,649.1,1010.7,464,6,1010.6,1838,14,1010.5,1456,11,1010.4,375,8,1010.3,746,10,1010.8,1,1,1011.0,858,10,1011.1,76,2,1011.2,1000,12,1011.3,996,9
317,2025-11-26 14:49:10+05:30,1011.0,22,1002.34,8308864,395983.0,436108.0,986.2,1012.8,981.3,986.2,120570000,1084.8,887.6,1102.5,649.1,1010.7,464,6,1010.6,1838,14,1010.5,1456,11,1010.4,375,8,1010.3,746,10,1010.8,1,1,1011.0,858,10,1011.1,76,2,1011.2,1000,12,1011.3,996,9
317,2025-11-26 14:49:11+05:30,1011.0,2,1002.34,8308890,394726.0,436051.0,986.2,1012.8,981.3,986.2,120570000,1084.8,887.6,1102.5,649.1,1010.7,429,5,1010.6,1940,15,1010.5,1456,11,1010.4,375,8,1010.3,1269,11,1011.0,833,10,1011.1,157,4,1011.2,885,11,1011.3,1059,12,1011.4,1151,15
317,2025-11-26 14:49:11+05:30,1011.0,2,1002.34,8308890,394726.0,436051.0,986.2,1012.8,981.3,986.2,120570000,1084.8,887.6,1102.5,649.1,1010.7,429,5,1010.6,1940,15,1010.5,1456,11,1010.4,375,8,1010.3,1269,11,1011.0,833,10,1011.1,157,4,1011.2,885,11,1011.3,1059,12,1011.4,1151,15
317,2025-11-26 14:49:12+05:30,1011.0,2,1002.34,8308902,394791.0,436079.0,986.2,1012.8,981.3,986.2,120570000,1084.8,887.6,1102.5,649.1,1010.7,651,6,1010.6,1904,11,1010.5,1480,10,1010.4,466,11,1010.3,746,10,1011.0,830,9,1011.1,120,3,1011.2,881,10,1011.3,1064,13,1011.4,1123,13
317,2025-11-26 14:49:12+05:30,1011.0,6,1002.34,8308913,393878.0,435912.0,986.2,1012.8,981.3,986.2,120570000,1084.8,887.6,1102.5,649.1,1010.7,619,5,1010.6,170,5,1010.5,1400,8,1010.4,494,8,1010.3,2310,14,1011.0,885,12,1011.1,450,9,1011.2,1531,12,1011.3,594,11,1011.4,1149,15
317,2025-11-26 14:49:13+05:30,1010.7,15,1002.34,8308913,393878.0,435912.0,986.2,1012.8,981.3,986.2,120570000,1084.8,887.6,1102.5,649.1,1010.7,619,5,1010.6,170,5,1010.5,1400,8,1010.4,494,8,1010.3,2310,14,1011.0,885,12,1011.1,450,9,1011.2,1531,12,1011.3,594,11,1011.4,1149,15
317,2025-11-26 14:49:14+05:30,1010.8,1,1002.34,8308962,393619.0,437434.0,986.2,1012.8,981.3,986.2,120570000,1084.8,887.6,1102.5,649.1,1010.7,594,4,1010.6,65,5,1010.5,1167,5,1010.4,444,7,1010.3,786,12,1010.8,131,2,1010.9,53,1,1011.0,971,14,1011.1,896,8,1011.2,1187,13
317,2025-11-26 14:49:14+05:30,1010.8,3,1002.34,8308962,393619.0,437434.0,986.2,1012.8,981.3,986.2,120570000,1084.8,887.6,1102.5,649.1,1010.7,594,4,1010.6,65,5,1010.5,1167,5,1010.4,444,7,1010.3,786,12,1010.8,131,2,1010.9,53,1,1011.0,971,14,1011.1,896,8,1011.2,1187,13
317,2025-11-26 14:49:15+05:30,1010.8,1,1002.34,8308967,394456.0,437002.0,986.2,1012.8,981.3,986.2,120570000,1084.8,887.6,1102.5,649.1,1010.7,607,5,1010.6,65,5,1010.5,1167,5,1010.4,449,8,1010.3,786,12,1010.8,134,3,1010.9,53,1,1011.0,1123,16,1011.1,355,6,1011.2,1213,15
317,2025-11-26 14:49:15+05:30,1010.8,1,1002.34,8308967,394456.0,437002.0,986.2,1012.8,981.3,986.2,120570000,1084.8,887.6,1102.5,649.1,1010.7,607,5,1010.6,65,5,1010.5,1167,5,1010.4,449,8,1010.3,786,12,1010.8,134,3,1010.9,53,1,1011.0,1123,16,1011.1,355,6,1011.2,1213,15
317,2025-11-26 14:49:15+05:30,1010.8,1,1002.34,8308971,394209.0,437116.0,986.2,1012.8,981.3,986.2,120570000,1084.8,887.6,1102.5,649.1,1010.7,607,5,1010.6,65,5,1010.5,1103,4,1010.4,302,6,1010.3,786,12,1010.8,138,3,1010.9,89,2,1011.0,1091,15,1011.1,387,7,1011.2,1213,15
317,2025-11-26 14:49:16+05:30,1010.8,1,1002.34,8308971,394209.0,437116.0,986.2,1012.8,981.3,986.2,120570000,1084.8,887.6,1102.5,649.1,1010.7,607,5,1010.6,65,5,1010.5,1103,4,1010.4,302,6,1010.3,786,12,1010.8,138,3,1010.9,89,2,1011.0,1091,15,1011.1,387,7,1011.2,1213,15
317,2025-11-26 14:49:16+05:30,1010.8,1,1002.34,8308971,394300.0,437116.0,986.2,1012.8,981.3,986.2,120570000,1084.8,887.6,1102.5,649.1,1010.7,607,5,1010.6,65,5,1010.5,1103,4,1010.4,302,6,1010.3,786,12,1010.8,140,4,1010.9,89,2,1011.0,1123,16,1011.1,355,6,1011.2,1213,15
317,2025-11-26 14:49:18+05:30,1010.7,71,1002.34,8309319,393833.0,437379.0,986.2,1012.8,981.3,986.2,120570000,1084.8,887.6,1102.5,649.1,1010.7,259,5,1010.6,60,4,1010.5,1103,4,1010.4,128,4,1010.3,630,10,1010.8,140,4,1010.9,263,4,1011.0,1270,17,1011.1,982,9,1011.2,601,13
317,2025-11-26 14:49:18+05:30,1010.8,3,1002.34,8309319,393833.0,437379.0,986.2,1012.8,981.3,986.2,120570000,1084.8,887.6,1102.5,649.1,1010.7,259,5,1010.6,60,4,1010.5,1103,4,1010.4,128,4,1010.3,630,10,1010.8,140,4,1010.9,263,4,1011.0,1270,17,1011.1,982,9,1011.2,601,13
317,2025-11-26 14:49:19+05:30,1010.8,95,1002.34,8309418,394025.0,437170.0,986.2,1012.8,981.3,986.2,120570000,1084.8,887.6,1102.5,649.1,1010.7,259,5,1010.6,59,3,1010.5,1103,4,1010.4,133,5,1010.3,630,10,1010.8,41,4,1010.9,153,3,1011.0,1338,17,1011.1,982,9,1011.2,633,14
317,2025-11-26 14:49:19+05:30,1010.8,95,1002.34,8309418,394025.0,437170.0,986.2,1012.8,981.3,986.2,120570000,1084.8,887.6,1102.5,649.1,1010.7,259,5,1010.6,59,3,1010.5,1103,4,1010.4,133,5,1010.3,630,10,1010.8,41,4,1010.9,153,3,1011.0,1338,17,1011.1,982,9,1011.2,633,14
317,2025-11-26 14:49:20+05:30,1010.8,13,1002.34,8309418,394025.0,437170.0,986.2,1012.8,981.3,986.2,120570000,1084.8,887.6,1102.5,649.1,1010.7,259,5,1010.6,59,3,1010.5,1103,4,1010.4,133,5,1010.3,630,10,1010.8,41,4,1010.9,153,3,1011.0,1338,17,1011.1,982,9,1011.2,633,14
317,2025-11-26 14:49:21+05:30,1010.8,1,1002.34,8309473,393287.0,438029.0,986.2,1012.8,981.3,986.2,120570000,1084.8,887.6,1102.5,649.1,1010.7,259,5,1010.6,59,3,1010.5,1103,4,1010.4,133,5,1010.3,754,11,1010.8,135,5,1010.9,161,4,1011.0,1561,18,1011.1,982,9,1011.2,597,13
317,2025-11-26 14:49:21+05:30,1010.8,1,1002.34,8309473,393287.0,438029.0,986.2,1012.8,981.3,986.2,120570000,1084.8,887.6,1102.5,649.1,1010.7,259,5,1010.6,59,3,1010.5,1103,4,1010.4,133,5,1010.3,754,11,1010.8,135,5,1010.9,161,4,1011.0,1561,18,1011.1,982,9,1011.2,597,13
317,2025-11-26 14:49:22+05:30,1010.8,1,1002.34,8309475,392969.0,438298.0,986.2,1012.8,981.3,986.2,120570000,1084.8,887.6,1102.5,649.1,1010.7,59,4,1010.6,59,3,1010.5,1103,4,1010.4,133,5,1010.3,754,11,1010.8,133,5,1010.9,230,4,1011.0,1562,19,1011.1,982,9,1011.2,597,13
317,2025-11-26 14:49:22+05:30,1010.8,1,1002.34,8309475,392969.0,438298.0,986.2,1012.8,981.3,986.2,120570000,1084.8,887.6,1102.5,649.1,1010.7,59,4,1010.6,59,3,1010.5,1103,4,1010.4,133,5,1010.3,754,11,1010.8,133,5,1010.9,230,4,1011.0,1562,19,1011.1,982,9,1011.2,597,13
317,2025-11-26 14:49:23+05:30,1010.7,3,1002.34,8309568,392860.0,438224.0,986.2,1012.8,981.3,986.2,120570000,1084.8,887.6,1102.5,649.1,1010.7,6,2,1010.6,59,3,1010.5,1103,4,1010.4,219,7,1010.3,630,10,1010.8,94,4,1010.9,256,5,1011.0,1484,17,1011.1,1012,10,1011.2,556,12
317,2025-11-26 14:49:23+05:30,1010.7,3,1002.34,8309568,392860.0,438224.0,986.2,1012.8,981.3,986.2,120570000,1084.8,887.6,1102.5,649.1,1010.7,6,2,1010.6,59,3,1010.5,1103,4,1010.4,219,7,1010.3,630,10,1010.8,94,4,1010.9,256,5,1011.0,1484,17,1011.1,1012,10,1011.2,556,12
317,2025-11-26 14:49:24+05:30,1010.8,3,1002.34,8309568,392860.0,438224.0,986.2,1012.8,981.3,986.2,120570000,1084.8,887.6,1102.5,649.1,1010.7,6,2,1010.6,59,3,1010.5,1103,4,1010.4,219,7,1010.3,630,10,1010.8,94,4,1010.9,256,5,1011.0,1484,17,1011.1,1012,10,1011.2,556,12
317,2025-11-26 14:49:24+05:30,1010.8,3,1002.34,8309785,392944.0,438085.0,986.2,1012.8,981.3,986.2,120570000,1084.8,887.6,1102.5,649.1,1010.7,10,3,1010.6,59,3,1010.5,1103,4,1010.4,343,8,1010.3,754,11,1010.8,18,4,1010.9,150,4,1011.0,1452,16,1011.1,1057,11,1011.2,586,13
317,2025-11-26 14:49:25+05:30,1010.8,1,1002.34,8309785,392944.0,438085.0,986.2,1012.8,981.3,986.2,120570000,1084.8,887.6,1102.5,649.1,1010.7,10,3,1010.6,59,3,1010.5,1103,4,1010.4,343,8,1010.3,754,11,1010.8,18,4,1010.9,150,4,1011.0,1452,16,1011.1,1057,11,1011.2,586,13
317,2025-11-26 14:49:25+05:30,1010.8,1,1002.34,8309812,393052.0,439128.0,986.2,1012.8,981.3,986.2,120570000,1084.8,887.6,1102.5,649.1,1010.7,10,3,1010.6,59,3,1010.5,1103,4,1010.4,343,8,1010.3,1338,12,1010.8,141,4,1010.9,150,4,1011.0,1558,17,1011.1,1027,10,1011.2,556,12
317,2025-11-26 14:49:26+05:30,1010.7,1,1002.34,8309812,393052.0,439128.0,986.2,1012.8,981.3,986.2,120570000,1084.8,887.6,1102.5,649.1,1010.7,10,3,1010.6,59,3,1010.5,1103,4,1010.4,343,8,1010.3,1338,12,1010.8,141,4,1010.9,150,4,1011.0,1558,17,1011.1,1027,10,1011.2,556,12
317,2025-11-26 14:49:26+05:30,1010.7,1,1002.34,8309819,393054.0,439490.0,986.2,1012.8,981.3,986.2,120570000,1084.8,887.6,1102.5,649.1,1010.7,12,3,1010.6,59,3,1010.5,1103,4,1010.4,343,8,1010.3,1338,12,1010.8,137,3,1010.9,150,4,1011.0,1528,16,1011.1,1057,11,1011.2,1122,13
317,2025-11-26 14:49:27+05:30,1010.7,1,1002.34,8309819,393118.0,438992.0,986.2,1012.8,981.3,986.2,120570000,1084.8,887.6,1102.5,649.1,1010.7,189,5,1010.6,59,3,1010.5,1103,4,1010.4,343,8,1010.3,754,11,1010.8,137,3,1010.9,187,5,1011.0,1500,16,1011.1,1088,12,1011.2,586,13
317,2025-11-26 14:49:28+05:30,1010.7,1,1002.34,8309819,392810.0,439065.0,986.2,1012.8,981.3,986.2,120570000,1084.8,887.6,1102.5,649.1,1010.7,197,6,1010.6,59,3,1010.5,1103,4,1010.4,2343,11,1010.3,754,11,1010.8,138,4,1010.9,86,3,1011.0,1307,13,1011.1,995,9,1011.2,571,12
317,2025-11-26 14:49:29+05:30,1010.8,2,1002.34,8309819,392810.0,439065.0,986.2,1012.8,981.3,986.2,120570000,1084.8,887.6,1102.5,649.1,1010.7,197,6,1010.6,59,3,1010.5,1103,4,1010.4,2343,11,1010.3,754,11,1010.8,138,4,1010.9,86,3,1011.0,1307,13,1011.1,995,9,1011.2,571,12
317,2025-11-26 14:49:29+05:30,1010.8,2,1002.34,8309821,393020.0,439073.0,986.2,1012.8,981.3,986.2,120570000,1084.8,887.6,1102.5,649.1,1010.7,197,6,1010.6,59,3,1010.5,1167,5,1010.4,2489,13,1010.3,780,13,1010.8,136,4,1010.9,86,3,1011.0,1307,13,1011.1,978,9,1011.2,568,11
317,2025-11-26 14:49:30+05:30,1010.9,1,1002.34,8309821,393020.0,439073.0,986.2,1012.8,981.3,986.2,120570000,1084.8,887.6,1102.5,649.1,1010.7,197,6,1010.6,59,3,1010.5,1167,5,1010.4,2489,13,1010.3,780,13,1010.8,136,4,1010.9,86,3,1011.0,1307,13,1011.1,978,9,1011.2,568,11
317,2025-11-26 14:49:30+05:30,1010.9,1,1002.34,8310110,393364.0,438915.0,986.2,1012.8,981.3,986.2,120570000,1084.8,887.6,1102.5,649.1,1010.8,18,1,1010.7,198,7,1010.6,64,4,1010.5,1103,4,1010.4,1989,12,1010.9,47,2,1011.0,1846,16,1011.1,454,9,1011.2,541,11,1011.3,1587,18
317,2025-11-26 14:49:31+05:30,1010.8,1,1002.34,8310110,393364.0,438915.0,986.2,1012.8,981.3,986.2,120570000,1084.8,887.6,1102.5,649.1,1010.8,18,1,1010.7,198,7,1010.6,64,4,1010.5,1103,4,1010.4,1989,12,1010.9,47,2,1011.0,1846,16,1011.1,454,9,1011.2,541,11,1011.3,1587,18
317,2025-11-26 14:49:31+05:30,1010.8,1,1002.34,8310460,392868.0,439790.0,986.2,1012.8,981.3,986.2,120570000,1084.8,887.6,1102.5,649.1,1010.8,11,1,1010.7,185,4,1010.6,170,5,1010.5,1127,5,1010.4,450,9,1011.0,1785,15,1011.1,453,10,1011.2,457,11,1011.3,1587,18,1011.4,887,12
317,2025-11-26 14:49:32+05:30,1010.8,1,1002.34,8310460,393684.0,440730.0,986.2,1012.8,981.3,986.2,120570000,1084.8,887.6,1102.5,649.1,1010.8,25,2,1010.7,9,3,1010.6,165,4,1010.5,1127,5,1010.4,450,9,1010.9,628,2,1011.0,1390,19,1011.1,400,7,1011.2,569,13,1011.3,1620,19
317,2025-11-26 14:49:33+05:30,1010.8,23,1002.34,8310460,393684.0,440730.0,986.2,1012.8,981.3,986.2,120570000,1084.8,887.6,1102.5,649.1,1010.8,25,2,1010.7,9,3,1010.6,165,4,1010.5,1127,5,1010.4,450,9,1010.9,628,2,1011.0,1390,19,1011.1,400,7,1011.2,569,13,1011.3,1620,19
317,2025-11-26 14:49:33+05:30,1010.8,23,1002.34,8310517,393135.0,440425.0,986.2,1012.8,981.3,986.2,120570000,1084.8,887.6,1102.5,649.1,1010.7,9,3,1010.6,59,3,1010.5,1127,5,1010.4,401,8,1010.3,1226,11,1010.8,8,1,1011.0,1965,18,1011.1,453,10,1011.2,749,13,1011.3,988,16
317,2025-11-26 14:49:34+05:30,1010.8,1,1002.34,8310517,393135.0,440425.0,986.2,1012.8,981.3,986.2,120570000,1084.8,887.6,1102.5,649.1,1010.7,9,3,1010.6,59,3,1010.5,1127,5,1010.4,401,8,1010.3,1226,11,1010.8,8,1,1011.0,1965,18,1011.1,453,10,1011.2,749,13,1011.3,988,16
317,2025-11-26 14:49:34+05:30,1010.7,18,1002.34,8310632,393059.0,440643.0,986.2,1012.8,981.3,986.2,120570000,1084.8,887.6,1102.5,649.1,1010.7,3,1,1010.6,59,3,1010.5,1029,4,1010.4,413,8,1010.3,644,9,1010.8,43,2,1010.9,605,2,1011.0,2183,17,1011.1,587,13,1011.2,619,15
317,2025-11-26 14:49:35+05:30,1010.7,19,1002.34,8310632,393059.0,440643.0,986.2,1012.8,981.3,986.2,120570000,1084.8,887.6,1102.5,649.1,1010.7,3,1,1010.6,59,3,1010.5,1029,4,1010.4,413,8,1010.3,644,9,1010.8,43,2,1010.9,605,2,1011.0,2183,17,1011.1,587,13,1011.2,619,15
317,2025-11-26 14:49:35+05:30,1010.8,2,1002.34,8310666,392991.0,439963.0,986.2,1012.8,981.3,986.2,120570000,1084.8,887.6,1102.5,649.1,1010.7,10,2,1010.6,59,3,1010.5,5,2,1010.4,413,8,1010.3,1142,11,1010.8,3,1,1011.0,2183,17,1011.1,587,13,1011.2,619,15,1011.3,1053,17
317,2025-11-26 14:49:36+05:30,1010.8,2,1002.34,8310666,392991.0,439963.0,986.2,1012.8,981.3,986.2,120570000,1084.8,887.6,1102.5,649.1,1010.7,10,2,1010.6,59,3,1010.5,5,2,1010.4,413,8,1010.3,1142,11,1010.8,3,1,1011.0,2183,17,1011.1,587,13,1011.2,619,15,1011.3,1053,17
317,2025-11-26 14:49:37+05:30,1010.8,2,1002.34,8310666,393001.0,439993.0,986.2,1012.8,981.3,986.2,120570000,1084.8,887.6,1102.5,649.1,1010.7,10,2,1010.6,59,3,1010.5,5,2,1010.4,413,8,1010.3,1142,11,1010.8,4,2,1010.9,36,1,1011.0,2210,18,1011.1,589,13,1011.2,619,15
317,2025-11-26 14:49:38+05:30,1010.7,4,1002.34,8310670,393032.0,440011.0,986.2,1012.8,981.3,986.2,120570000,1084.8,887.6,1102.5,649.1,1010.7,46,3,1010.6,59,3,1010.5,5,2,1010.4,413,8,1010.3,1142,11,1010.8,1,1,1011.0,2260,19,1011.1,560,12,1011.2,619,15,1011.3,1053,17
317,2025-11-26 14:49:38+05:30,1010.7,4,1002.34,8310670,393032.0,440011.0,986.2,1012.8,981.3,986.2,120570000,1084.8,887.6,1102.5,649.1,1010.7,46,3,1010.6,59,3,1010.5,5,2,1010.4,413,8,1010.3,1142,11,1010.8,1,1,1011.0,2260,19,1011.1,560,12,1011.2,619,15,1011.3,1053,17
317,2025-11-26 14:49:39+05:30,1010.8,1,1002.34,8310671,393494.0,440539.0,986.2,1012.8,981.3,986.2,120570000,1084.8,887.6,1102.5,649.1,1010.7,40,1,1010.6,60,4,1010.5,119,4,1010.4,452,10,1010.3,1142,11,1011.0,2260,19,1011.1,1000,14,1011.2,544,11,1011.3,1053,17,1011.4,845,13
317,2025-11-26 14:49:39+05:30,1010.8,1,1002.34,8310671,393494.0,440539.0,986.2,1012.8,981.3,986.2,120570000,1084.8,887.6,1102.5,649.1,1010.7,40,1,1010.6,60,4,1010.5,119,4,1010.4,452,10,1010.3,1142,11,1011.0,2260,19,1011.1,1000,14,1011.2,544,11,1011.3,1053,17,1011.4,845,13
317,2025-11-26 14:49:40+05:30,1011.0,158,1002.34,8310834,393555.0,441580.0,986.2,1012.8,981.3,986.2,120570000,1084.8,887.6,1102.5,649.1,1010.7,35,1,1010.6,60,4,1010.5,119,4,1010.4,452,10,1010.3,669,10,1011.0,2278,20,1011.1,987,12,1011.2,547,12,1011.3,755,16,1011.4,1147,15
317,2025-11-26 14:49:40+05:30,1011.0,2,1002.34,8310834,393555.0,441580.0,986.2,1012.8,981.3,986.2,120570000,1084.8,887.6,1102.5,649.1,1010.7,35,1,1010.6,60,4,1010.5,119,4,1010.4,452,10,1010.3,669,10,1011.0,2278,20,1011.1,987,12,1011.2,547,12,1011.3,755,16,1011.4,1147,15
317,2025-11-26 14:49:41+05:30,1011.0,2,1002.34,8310838,393505.0,441687.0,986.2,1012.8,981.3,986.2,120570000,1084.8,887.6,1102.5,649.1,1010.7,48,2,1010.6,60,4,1010.5,119,4,1010.4,452,10,1010.3,1150,11,1011.0,2333,21,1011.1,1035,14,1011.2,547,12,1011.3,755,16,1011.4,1147,15
317,2025-11-26 14:49:41+05:30,1011.0,2,1002.34,8310838,393505.0,441687.0,986.2,1012.8,981.3,986.2,120570000,1084.8,887.6,1102.5,649.1,1010.7,48,2,1010.6,60,4,1010.5,119,4,1010.4,452,10,1010.3,1150,11,1011.0,2333,21,1011.1,1035,14,1011.2,547,12,1011.3,755,16,1011.4,1147,15
317,2025-11-26 14:49:42+05:30,1010.7,13,1002.34,8310851,392240.0,441997.0,986.2,1012.8,981.3,986.2,120570000,1084.8,887.6,1102.5,649.1,1010.6,73,5,1010.5,8,3,1010.4,367,8,1010.3,1157,10,1010.2,2054,16,1010.7,282,8,1010.8,649,2,1010.9,36,2,1011.0,2399,21,1011.1,556,12
317,2025-11-26 14:49:42+05:30,1010.7,13,1002.34,8310851,392240.0,441997.0,986.2,1012.8,981.3,986.2,120570000,1084.8,887.6,1102.5,649.1,1010.6,73,5,1010.5,8,3,1010.4,367,8,1010.3,1157,10,1010.2,2054,16,1010.7,282,8,1010.8,649,2,1010.9,36,2,1011.0,2399,21,1011.1,556,12
317,2025-11-26 14:49:43+05:30,1010.7,23,1002.34,8310884,392189.0,442005.0,986.2,1012.8,981.3,986.2,120570000,1084.8,887.6,1102.5,649.1,1010.6,60,4,1010.5,8,3,1010.4,243,7,1010.3,1008,8,1010.2,2232,19,1010.7,249,8,1010.8,649,2,1010.9,738,4,1011.0,2399,21,1011.1,531,11
317,2025-11-26 14:49:43+05:30,1010.7,3,1002.34,8310884,392189.0,442005.0,986.2,1012.8,981.3,986.2,120570000,1084.8,887.6,1102.5,649.1,1010.6,60,4,1010.5,8,3,1010.4,243,7,1010.3,1008,8,1010.2,2232,19,1010.7,249,8,1010.8,649,2,1010.9,738,4,1011.0,2399,21,1011.1,531,11
317,2025-11-26 14:49:44+05:30,1010.7,4,1002.34,8311183,392223.0,442105.0,986.2,1012.8,981.3,986.2,120570000,1084.8,887.6,1102.5,649.1,1010.6,50,3,1010.5,8,3,1010.4,278,8,1010.3,602,9,1010.2,2232,19,1010.7,540,8,1010.8,652,3,1010.9,579,2,1011.0,2336,18,1011.1,556,12
317,2025-11-26 14:49:44+05:30,1010.7,4,1002.34,8311183,392223.0,442105.0,986.2,1012.8,981.3,986.2,120570000,1084.8,887.6,1102.5,649.1,1010.6,50,3,1010.5,8,3,1010.4,278,8,1010.3,602,9,1010.2,2232,19,1010.7,540,8,1010.8,652,3,1010.9,579,2,1011.0,2336,18,1011.1,556,12
317,2025-11-26 14:49:45+05:30,1010.7,2,1002.34,8311491,391999.0,441677.0,986.2,1012.8,981.3,986.2,120570000,1084.8,887.6,1102.5,649.1,1010.6,50,3,1010.5,8,3,1010.4,260,7,1010.3,451,7,1010.2,2108,18,1010.7,378,5,1010.8,688,4,1010.9,759,5,1011.0,2377,19,1011.1,531,11
317,2025-11-26 14:49:45+05:30,1010.7,2,1002.34,8311491,391999.0,441677.0,986.2,1012.8,981.3,986.2,120570000,1084.8,887.6,1102.5,649.1,1010.6,50,3,1010.5,8,3,1010.4,260,7,1010.3,451,7,1010.2,2108,18,1010.7,378,5,1010.8,688,4,1010.9,759,5,1011.0,2377,19,1011.1,531,11
317,2025-11-26 14:49:46+05:30,1010.6,13,1002.34,8312445,391543.0,440124.0,986.2,1012.8,981.3,986.2,120570000,1084.8,887.6,1102.5,649.1,1010.6,7,1,1010.5,8,3,1010.4,114,7,1010.3,448,8,1010.2,2144,14,1010.7,35,1,1010.8,664,5,1010.9,808,5,1011.0,2403,21,1011.1,493,8
317,2025-11-26 14:49:46+05:30,1010.6,10,1002.34,8312445,391543.0,440124.0,986.2,1012.8,981.3,986.2,120570000,1084.8,887.6,1102.5,649.1,1010.6,7,1,1010.5,8,3,1010.4,114,7,1010.3,448,8,1010.2,2144,14,1010.7,35,1,1010.8,664,5,1010.9,808,5,1011.0,2403,21,1011.1,493,8
317,2025-11-26 14:49:47+05:30,1010.6,10,1002.34,8312456,391904.0,440756.0,986.2,1012.8,981.3,986.2,120570000,1084.8,887.6,1102.5,649.1,1010.6,203,3,1010.5,8,3,1010.4,114,7,1010.3,597,9,1010.2,2169,15,1010.7,78,3,1010.8,657,4,1010.9,771,4,1011.0,2858,21,1011.1,497,9
317,2025-11-26 14:49:48+05:30,1010.6,10,1002.34,8312456,391981.0,441537.0,986.2,1012.8,981.3,986.2,120570000,1084.8,887.6,1102.5,649.1,1010.6,196,2,1010.5,13,4,1010.4,26,5,1010.3,491,8,1010.2,2169,15,1010.7,448,7,1010.8,762,5,1010.9,1705,11,1011.0,2205,19,1011.1,497,9
317,2025-11-26 14:49:49+05:30,1010.7,2,1002.34,8312458,391872.0,441861.0,986.2,1012.8,981.3,986.2,120570000,1084.8,887.6,1102.5,649.1,1010.6,209,3,1010.5,13,4,1010.4,21,4,1010.3,441,7,1010.2,1117,12,1010.7,496,8,1010.8,799,6,1010.9,1742,12,1011.0,2205,19,1011.1,654,10
317,2025-11-26 14:49:49+05:30,1010.7,2,1002.34,8312458,391872.0,441861.0,986.2,1012.8,981.3,986.2,120570000,1084.8,887.6,1102.5,649.1,1010.6,209,3,1010.5,13,4,1010.4,21,4,1010.3,441,7,1010.2,1117,12,1010.7,496,8,1010.8,799,6,1010.9,1742,12,1011.0,2205,19,1011.1,654,10
317,2025-11-26 14:49:50+05:30,1010.7,1,1002.34,8312459,391893.0,441687.0,986.2,1012.8,981.3,986.2,120570000,1084.8,887.6,1102.5,649.1,1010.6,209,3,1010.5,13,4,1010.4,21,4,1010.3,372,8,1010.2,1125,13,1010.7,652,10,1010.8,716,6,1010.9,1697,10,1011.0,2205,19,1011.1,654,10
317,2025-11-26 14:49:50+05:30,1010.7,12,1002.34,8312459,391893.0,441687.0,986.2,1012.8,981.3,986.2,120570000,1084.8,887.6,1102.5,649.1,1010.6,209,3,1010.5,13,4,1010.4,21,4,1010.3,372,8,1010.2,1125,13,1010.7,652,10,1010.8,716,6,1010.9,1697,10,1011.0,2205,19,1011.1,654,10
317,2025-11-26 14:49:51+05:30,1010.7,1,1002.34,8313090,391450.0,442031.0,986.2,1012.8,981.3,986.2,120570000,1084.8,887.6,1102.5,649.1,1010.5,4,1,1010.4,25,5,1010.3,141,4,1010.2,508,11,1010.1,2812,16,1010.7,536,6,1010.8,924,10,1010.9,1778,11,1011.0,2400,21,1011.1,1118,13
317,2025-11-26 14:49:51+05:30,1010.7,1,1002.34,8313090,391450.0,442031.0,986.2,1012.8,981.3,986.2,120570000,1084.8,887.6,1102.5,649.1,1010.5,4,1,1010.4,25,5,1010.3,141,4,1010.2,508,11,1010.1,2812,16,1010.7,536,6,1010.8,924,10,1010.9,1778,11,1011.0,2400,21,1011.1,1118,13
317,2025-11-26 14:49:52+05:30,1010.7,1,1002.34,8313090,391414.0,441989.0,986.2,1012.8,981.3,986.2,120570000,1084.8,887.6,1102.5,649.1,1010.5,4,1,1010.4,25,5,1010.3,78,3,1010.2,430,10,1010.1,2840,17,1010.6,245,3,1010.7,513,7,1010.8,1027,10,1010.9,1807,11,1011.0,2400,21
317,2025-11-26 14:49:52+05:30,1010.3,47,1002.34,8313090,391414.0,441989.0,986.2,1012.8,981.3,986.2,120570000,1084.8,887.6,1102.5,649.1,1010.5,4,1,1010.4,25,5,1010.3,78,3,1010.2,430,10,1010.1,2840,17,1010.6,245,3,1010.7,513,7,1010.8,1027,10,1010.9,1807,11,1011.0,2400,21
317,2025-11-26 14:49:53+05:30,1010.2,7,1002.34,8313624,390714.0,441467.0,986.2,1012.8,981.3,986.2,120570000,1084.8,887.6,1102.5,649.1,1010.2,165,7,1010.1,2418,14,1010.0,2991,22,1009.9,731,16,1009.8,3114,10,1010.3,305,5,1010.4,157,2,1010.6,5,1,1010.7,370,5,1010.8,1573,12
317,2025-11-26 14:49:53+05:30,1010.2,7,1002.34,8313624,390714.0,441467.0,986.2,1012.8,981.3,986.2,120570000,1084.8,887.6,1102.5,649.1,1010.2,165,7,1010.1,2418,14,1010.0,2991,22,1009.9,731,16,1009.8,3114,10,1010.3,305,5,1010.4,157,2,1010.6,5,1,1010.7,370,5,1010.8,1573,12
317,2025-11-26 14:49:54+05:30,1010.2,5,1002.34,8314036,390465.0,441644.0,986.2,1012.8,981.3,986.2,120570000,1084.8,887.6,1102.5,649.1,1010.2,8,2,1010.1,2108,10,1010.0,2715,20,1009.9,716,13,1009.8,3312,14,1010.3,355,5,1010.4,159,2,1010.5,187,2,1010.6,320,4,1010.7,436,7
317,2025-11-26 14:49:54+05:30,1010.2,5,1002.34,8314036,390465.0,441644.0,986.2,1012.8,981.3,986.2,120570000,1084.8,887.6,1102.5,649.1,1010.2,8,2,1010.1,2108,10,1010.0,2715,20,1009.9,716,13,1009.8,3312,14,1010.3,355,5,1010.4,159,2,1010.5,187,2,1010.6,320,4,1010.7,436,7
317,2025-11-26 14:49:55+05:30,1010.6,8,1002.34,8314036,390465.0,441644.0,986.2,1012.8,981.3,986.2,120570000,1084.8,887.6,1102.5,649.1,1010.2,8,2,1010.1,2108,10,1010.0,2715,20,1009.9,716,13,1009.8,3312,14,1010.3,355,5,1010.4,159,2,1010.5,187,2,1010.6,320,4,1010.7,436,7
317,2025-11-26 14:49:55+05:30,1010.6,8,1002.34,8315061,389065.0,439999.0,986.2,1012.8,981.3,986.2,120570000,1084.8,887.6,1102.5,649.1,1010.2,22,1,1010.1,2508,16,1010.0,3049,24,1009.9,621,13,1009.8,3156,14,1010.6,49,2,1010.7,731,6,1010.8,2038,12,1010.9,600,12,1011.0,2344,20
317,2025-11-26 14:49:56+05:30,1010.6,2,1002.34,8315061,389065.0,439999.0,986.2,1012.8,981.3,986.2,120570000,1084.8,887.6,1102.5,649.1,1010.2,22,1,1010.1,2508,16,1010.0,3049,24,1009.9,621,13,1009.8,3156,14,1010.6,49,2,1010.7,731,6,1010.8,2038,12,1010.9,600,12,1011.0,2344,20
317,2025-11-26 14:49:56+05:30,1010.2,36,1002.34,8315680,388814.0,440401.0,986.2,1012.8,981.3,986.2,120570000,1084.8,887.6,1102.5,649.1,1010.2,43,2,1010.1,2016,10,1010.0,2857,23,1009.9,517,8,1009.8,3148,17,1010.5,44,1,1010.6,120,5,1010.7,866,4,1010.8,2059,11,1010.9,611,15
317,2025-11-26 14:49:57+05:30,1010.2,36,1002.34,8315680,388814.0,440401.0,986.2,1012.8,981.3,986.2,120570000,1084.8,887.6,1102.5,649.1,1010.2,43,2,1010.1,2016,10,1010.0,2857,23,1009.9,517,8,1009.8,3148,17,1010.5,44,1,1010.6,120,5,1010.7,866,4,1010.8,2059,11,1010.9,611,15
317,2025-11-26 14:49:57+05:30,1010.2,36,1002.34,8315680,388704.0,440687.0,986.2,1012.8,981.3,986.2,120570000,1084.8,887.6,1102.5,649.1,1010.2,36,2,1010.1,2038,11,1010.0,2882,23,1009.9,558,9,1009.8,3148,17,1010.5,45,2,1010.6,265,9,1010.7,866,4,1010.8,2059,11,1010.9,611,15
317,2025-11-26 14:49:58+05:30,1010.5,1,1002.34,8315681,390828.0,441872.0,986.2,1012.8,981.3,986.2,120570000,1084.8,887.6,1102.5,649.1,1010.2,14,1,1010.1,1892,9,1010.0,2903,25,1009.9,601,9,1009.8,3148,17,1010.3,519,6,1010.4,145,1,1010.5,44,2,1010.6,350,7,1010.7,809,4
317,2025-11-26 14:49:59+05:30,1010.3,1,1002.34,8315681,390828.0,441872.0,986.2,1012.8,981.3,986.2,120570000,1084.8,887.6,1102.5,649.1,1010.2,14,1,1010.1,1892,9,1010.0,2903,25,1009.9,601,9,1009.8,3148,17,1010.3,519,6,1010.4,145,1,1010.5,44,2,1010.6,350,7,1010.7,809,4
317,2025-11-26 14:49:59+05:30,1010.3,1,1002.34,8315693,390803.0,441966.0,986.2,1012.8,981.3,986.2,120570000,1084.8,887.6,1102.5,649.1,1010.2,14,1,1010.1,1892,9,1010.0,2944,26,1009.9,601,9,1009.8,3148,17,1010.3,507,6,1010.4,145,1,1010.5,44,2,1010.6,350,7,1010.7,809,4
317,2025-11-26 14:50:00+05:30,1010.3,1,1002.34,8315693,390803.0,441966.0,986.2,1012.8,981.3,986.2,120570000,1084.8,887.6,1102.5,649.1,1010.2,14,1,1010.1,1892,9,1010.0,2944,26,1009.9,601,9,1009.8,3148,17,1010.3,507,6,1010.4,145,1,1010.5,44,2,1010.6,350,7,1010.7,809,4
317,2025-11-26 14:50:00+05:30,1010.2,1,1002.35,8316719,389160.0,441817.0,986.2,1012.8,981.3,986.2,120570000,1084.8,887.6,1102.5,649.1,1010.1,96,2,1010.0,3293,21,1009.9,413,6,1009.8,3152,15,1009.7,1516,11,1010.2,95,1,1010.3,93,1,1010.5,234,4,1010.6,551,11,1010.7,897,5
317,2025-11-26 14:50:01+05:30,1010.2,1,1002.35,8316719,389160.0,441817.0,986.2,1012.8,981.3,986.2,120570000,1084.8,887.6,1102.5,649.1,1010.1,96,2,1010.0,3293,21,1009.9,413,6,1009.8,3152,15,1009.7,1516,11,1010.2,95,1,1010.3,93,1,1010.5,234,4,1010.6,551,11,1010.7,897,5
317,2025-11-26 14:50:02+05:30,1010.2,1,1002.35,8316722,392612.0,442289.0,986.2,1012.8,981.3,986.2,120570000,1084.8,887.6,1102.5,649.1,1010.1,1594,4,1010.0,2543,20,1009.9,673,10,1009.8,3272,19,1009.7,3820,15,1010.2,682,7,1010.3,93,1,1010.5,149,4,1010.6,478,8,1010.7,1218,6
317,2025-11-26 14:50:02+05:30,1010.3,20,1002.35,8316722,392612.0,442289.0,986.2,1012.8,981.3,986.2,120570000,1084.8,887.6,1102.5,649.1,1010.1,1594,4,1010.0,2543,20,1009.9,673,10,1009.8,3272,19,1009.7,3820,15,1010.2,682,7,1010.3,93,1,1010.5,149,4,1010.6,478,8,1010.7,1218,6
317,2025-11-26 14:50:03+05:30,1010.3,20,1002.35,8317433,390820.0,442360.0,986.2,1012.8,981.3,986.2,120570000,1084.8,887.6,1102.5,649.1,1010.2,1535,6,1010.1,264,6,1010.0,4625,31,1009.9,648,9,1009.8,3026,12,1010.3,503,5,1010.5,27,3,1010.6,164,2,1010.7,1625,11,1010.8,1366,12
317,2025-11-26 14:50:04+05:30,1010.3,139,1002.35,8317676,390515.0,442025.0,986.2,1012.8,981.3,986.2,120570000,1084.8,887.6,1102.5,649.1,1010.2,1564,8,1010.1,250,7,1010.0,4600,30,1009.9,673,10,1009.8,3026,12,1010.3,508,7,1010.5,27,3,1010.6,169,3,1010.7,1625,11,1010.8,1366,12
317,2025-11-26 14:50:04+05:30,1010.3,139,1002.35,8317676,390515.0,442025.0,986.2,1012.8,981.3,986.2,120570000,1084.8,887.6,1102.5,649.1,1010.2,1564,8,1010.1,250,7,1010.0,4600,30,1009.9,673,10,1009.8,3026,12,1010.3,508,7,1010.5,27,3,1010.6,169,3,1010.7,1625,11,1010.8,1366,12
317,2025-11-26 14:50:05+05:30,1010.3,3,1002.35,8318329,389604.0,442081.0,986.2,1012.8,981.3,986.2,120570000,1084.8,887.6,1102.5,649.1,1010.2,914,8,1010.1,106,4,1010.0,4605,32,1009.9,651,9,1009.8,3026,12,1010.3,506,6,1010.5,27,3,1010.6,169,3,1010.7,1670,12,1010.8,1366,12
317,2025-11-26 14:50:05+05:30,1010.3,3,1002.35,8318329,389604.0,442081.0,986.2,1012.8,981.3,986.2,120570000,1084.8,887.6,1102.5,649.1,1010.2,914,8,1010.1,106,4,1010.0,4605,32,1009.9,651,9,1009.8,3026,12,1010.3,506,6,1010.5,27,3,1010.6,169,3,1010.7,1670,12,1010.8,1366,12
317,2025-11-26 14:50:06+05:30,1010.3,3,1002.35,8319335,388002.0,441685.0,986.2,1012.8,981.3,986.2,120570000,1084.8,887.6,1102.5,649.1,1010.2,45,2,1010.1,122,4,1010.0,4441,30,1009.9,676,10,1009.8,3083,12,1010.3,473,6,1010.5,149,4,1010.6,169,3,1010.7,1731,13,1010.8,1366,12
317,2025-11-26 14:50:06+05:30,1010.2,30,1002.35,8319335,388002.0,441685.0,986.2,1012.8,981.3,986.2,120570000,1084.8,887.6,1102.5,649.1,1010.2,45,2,1010.1,122,4,1010.0,4441,30,1009.9,676,10,1009.8,3083,12,1010.3,473,6,1010.5,149,4,1010.6,169,3,1010.7,1731,13,1010.8,1366,12
317,2025-11-26 14:50:07+05:30,1010.2,16,1002.35,8320077,388786.0,441834.0,986.2,1012.8,981.3,986.2,120570000,1084.8,887.6,1102.5,649.1,1010.2,41,2,1010.1,27,2,1010.0,4338,30,1009.9,656,9,1009.8,3083,12,1010.3,408,4,1010.4,214,5,1010.5,27,3,1010.6,665,4,1010.7,1255,13
317,2025-11-26 14:50:07+05:30,1010.2,16,1002.35,8320077,388786.0,441834.0,986.2,1012.8,981.3,986.2,120570000,1084.8,887.6,1102.5,649.1,1010.2,41,2,1010.1,27,2,1010.0,4338,30,1009.9,656,9,1009.8,3083,12,1010.3,408,4,1010.4,214,5,1010.5,27,3,1010.6,665,4,1010.7,1255,13
317,2025-11-26 14:50:08+05:30,1010.3,2,1002.35,8320079,388005.0,442175.0,986.2,1012.8,981.3,986.2,120570000,1084.8,887.6,1102.5,649.1,1010.1,52,3,1010.0,4147,28,1009.9,656,9,1009.8,3083,12,1009.7,828,14,1010.3,442,5,1010.4,397,5,1010.5,149,4,1010.6,778,5,1010.7,1255,13
317,2025-11-26 14:50:08+05:30,1010.3,3,1002.35,8320079,388005.0,442175.0,986.2,1012.8,981.3,986.2,120570000,1084.8,887.6,1102.5,649.1,1010.1,52,3,1010.0,4147,28,1009.9,656,9,1009.8,3083,12,1009.7,828,14,1010.3,442,5,1010.4,397,5,1010.5,149,4,1010.6,778,5,1010.7,1255,13
317,2025-11-26 14:50:09+05:30,1010.2,141,1002.35,8320385,388601.0,441837.0,986.2,1012.8,981.3,986.2,120570000,1084.8,887.6,1102.5,649.1,1010.2,46,2,1010.1,64,2,1010.0,4147,28,1009.9,656,9,1009.8,3083,12,1010.3,625,9,1010.4,293,3,1010.5,148,3,1010.6,282,4,1010.7,1724,12
317,2025-11-26 14:50:09+05:30,1010.2,141,1002.35,8320385,388601.0,441837.0,986.2,1012.8,981.3,986.2,120570000,1084.8,887.6,1102.5,649.1,1010.2,46,2,1010.1,64,2,1010.0,4147,28,1009.9,656,9,1009.8,3083,12,1010.3,625,9,1010.4,293,3,1010.5,148,3,1010.6,282,4,1010.7,1724,12
317,2025-11-26 14:50:10+05:30,1010.6,1,1002.35,8321623,392659.0,439717.0,986.2,1012.8,981.3,986.2,120570000,1084.8,887.6,1102.5,649.1,1010.4,76,3,1010.3,2306,11,1010.2,304,6,1010.1,459,7,1010.0,3827,35,1010.6,124,2,1010.7,152,3,1010.8,1045,5,1010.9,361,4,1011.0,1219,17
317,2025-11-26 14:50:10+05:30,1010.6,1,1002.35,8321623,392659.0,439717.0,986.2,1012.8,981.3,986.2,120570000,1084.8,887.6,1102.5,649.1,1010.4,76,3,1010.3,2306,11,1010.2,304,6,1010.1,459,7,1010.0,3827,35,1010.6,124,2,1010.7,152,3,1010.8,1045,5,1010.9,361,4,1011.0,1219,17
317,2025-11-26 14:50:11+05:30,1010.4,15,1002.35,8321623,392659.0,439717.0,986.2,1012.8,981.3,986.2,120570000,1084.8,887.6,1102.5,649.1,1010.4,76,3,1010.3,2306,11,1010.2,304,6,1010.1,459,7,1010.0,3827,35,1010.6,124,2,1010.7,152,3,1010.8,1045,5,1010.9,361,4,1011.0,1219,17
317,2025-11-26 14:50:11+05:30,1010.4,15,1002.35,8321638,390872.0,440438.0,986.2,1012.8,981.3,986.2,120570000,1084.8,887.6,1102.5,649.1,1010.4,40,2,1010.3,1722,8,1010.2,517,9,1010.1,547,10,1010.0,3731,36,1010.6,271,5,1010.7,156,2,1010.8,1244,7,1010.9,427,6,1011.0,1413,19
317,2025-11-26 14:50:12+05:30,1010.6,2,1002.35,8321638,390872.0,440438.0,986.2,1012.8,981.3,986.2,120570000,1084.8,887.6,1102.5,649.1,1010.4,40,2,1010.3,1722,8,1010.2,517,9,1010.1,547,10,1010.0,3731,36,1010.6,271,5,1010.7,156,2,1010.8,1244,7,1010.9,427,6,1011.0,1413,19
317,2025-11-26 14:50:12+05:30,1010.4,146,1002.35,8321934,392748.0,440804.0,986.2,1012.8,981.3,986.2,120570000,1084.8,887.6,1102.5,649.1,1010.4,1237,2,1010.3,129,5,1010.2,506,10,1010.1,1618,16,1010.0,3858,34,1010.5,219,2,1010.6,50,2,1010.7,156,2,1010.8,1241,7,1010.9,366,5
317,2025-11-26 14:50:13+05:30,1010.4,1,1002.35,8321934,392748.0,440804.0,986.2,1012.8,981.3,986.2,120570000,1084.8,887.6,1102.5,649.1,1010.4,1237,2,1010.3,129,5,1010.2,506,10,1010.1,1618,16,1010.0,3858,34,1010.5,219,2,1010.6,50,2,1010.7,156,2,1010.8,1241,7,1010.9,366,5
317,2025-11-26 14:50:13+05:30,1010.4,1,1002.35,8323108,393980.0,440436.0,986.2,1012.8,981.3,986.2,120570000,1084.8,887.6,1102.5,649.1,1010.3,1481,7,1010.2,418,10,1010.1,733,9,1010.0,3133,34,1009.9,3625,15,1010.4,7,1,1010.5,300,2,1010.6,126,2,1010.7,121,2,1010.8,525,6
317,2025-11-26 14:50:14+05:30,1010.4,1,1002.35,8323108,393980.0,440436.0,986.2,1012.8,981.3,986.2,120570000,1084.8,887.6,1102.5,649.1,1010.3,1481,7,1010.2,418,10,1010.1,733,9,1010.0,3133,34,1009.9,3625,15,1010.4,7,1,1010.5,300,2,1010.6,126,2,1010.7,121,2,1010.8,525,6
317,2025-11-26 14:50:14+05:30,1010.4,1,1002.35,8323111,393848.0,440442.0,986.2,1012.8,981.3,986.2,120570000,1084.8,887.6,1102.5,649.1,1010.3,1452,6,1010.2,260,8,1010.1,772,10,1010.0,2355,35,1009.9,3625,15,1010.4,233,5,1010.5,373,3,1010.6,126,2,1010.7,245,3,1010.8,621,13
317,2025-11-26 14:50:15+05:30,1010.4,1,1002.35,8323111,393848.0,440442.0,986.2,1012.8,981.3,986.2,120570000,1084.8,887.6,1102.5,649.1,1010.3,1452,6,1010.2,260,8,1010.1,772,10,1010.0,2355,35,1009.9,3625,15,1010.4,233,5,1010.5,373,3,1010.6,126,2,1010.7,245,3,1010.8,621,13
317,2025-11-26 14:50:15+05:30,1010.3,90,1002.35,8323111,393848.0,440442.0,986.2,1012.8,981.3,986.2,120570000,1084.8,887.6,1102.5,649.1,1010.3,1452,6,1010.2,260,8,1010.1,772,10,1010.0,2355,35,1009.9,3625,15,1010.4,233,5,1010.5,373,3,1010.6,126,2,1010.7,245,3,1010.8,621,13
317,2025-11-26 14:50:15+05:30,1010.3,90,1002.35,8323111,393848.0,440442.0,986.2,1012.8,981.3,986.2,120570000,1084.8,887.6,1102.5,649.1,1010.3,1452,6,1010.2,260,8,1010.1,772,10,1010.0,2355,35,1009.9,3625,15,1010.4,233,5,1010.5,373,3,1010.6,126,2,1010.7,245,3,1010.8,621,13
317,2025-11-26 14:50:15+05:30,1010.3,90,1002.35,8323263,393832.0,441328.0,986.2,1012.8,981.3,986.2,120570000,1084.8,887.6,1102.5,649.1,1010.3,1362,6,1010.2,52,4,1010.1,600,9,1010.0,2289,32,1009.9,3672,16,1010.4,900,10,1010.6,36,3,1010.7,245,3,1010.8,525,9,1010.9,1195,9
317,2025-11-26 14:50:16+05:30,1010.3,90,1002.35,8323263,393832.0,441328.0,986.2,1012.8,981.3,986.2,120570000,1084.8,887.6,1102.5,649.1,1010.3,1362,6,1010.2,52,4,1010.1,600,9,1010.0,2289,32,1009.9,3672,16,1010.4,900,10,1010.6,36,3,1010.7,245,3,1010.8,525,9,1010.9,1195,9
317,2025-11-26 14:50:16+05:30,1010.3,11,1002.35,8323263,393832.0,441328.0,986.2,1012.8,981.3,986.2,120570000,1084.8,887.6,1102.5,649.1,1010.3,1362,6,1010.2,52,4,1010.1,600,9,1010.0,2289,32,1009.9,3672,16,1010.4,900,10,1010.6,36,3,1010.7,245,3,1010.8,525,9,1010.9,1195,9
317,2025-11-26 14:50:16+05:30,1010.3,11,1002.35,8323263,393832.0,441328.0,986.2,1012.8,981.3,986.2,120570000,1084.8,887.6,1102.5,649.1,1010.3,1362,6,1010.2,52,4,1010.1,600,9,1010.0,2289,32,1009.9,3672,16,1010.4,900,10,1010.6,36,3,1010.7,245,3,1010.8,525,9,1010.9,1195,9
317,2025-11-26 14:50:16+05:30,1010.3,145,1002.35,8323747,393168.0,441674.0,986.2,1012.8,981.3,986.2,120570000,1084.8,887.6,1102.5,649.1,1010.3,880,6,1010.2,52,4,1010.1,405,6,1010.0,2108,25,1009.9,3839,16,1010.4,684,8,1010.5,52,1,1010.6,339,8,1010.7,523,6,1010.8,637,11
317,2025-11-26 14:50:17+05:30,1010.3,145,1002.35,8323747,393168.0,441674.0,986.2,1012.8,981.3,986.2,120570000,1084.8,887.6,1102.5,649.1,1010.3,880,6,1010.2,52,4,1010.1,405,6,1010.0,2108,25,1009.9,3839,16,1010.4,684,8,1010.5,52,1,1010.6,339,8,1010.7,523,6,1010.8,637,11
317,2025-11-26 14:50:17+05:30,1010.3,2,1002.35,8323747,393168.0,441674.0,986.2,1012.8,981.3,986.2,120570000,1084.8,887.6,1102.5,649.1,1010.3,880,6,1010.2,52,4,1010.1,405,6,1010.0,2108,25,1009.9,3839,16,1010.4,684,8,1010.5,52,1,1010.6,339,8,1010.7,523,6,1010.8,637,11
317,2025-11-26 14:50:17+05:30,1010.3,2,1002.35,8323747,393168.0,441674.0,986.2,1012.8,981.3,986.2,120570000,1084.8,887.6,1102.5,649.1,1010.3,880,6,1010.2,52,4,1010.1,405,6,1010.0,2108,25,1009.9,3839,16,1010.4,684,8,1010.5,52,1,1010.6,339,8,1010.7,523,6,1010.8,637,11
317,2025-11-26 14:50:17+05:30,1010.3,1,1002.35,8324345,386910.0,441815.0,986.2,1012.8,981.3,986.2,120570000,1084.8,887.6,1102.5,649.1,1010.3,17,3,1010.2,17,2,1010.1,100,2,1010.0,3156,25,1009.9,518,10,1010.4,307,5,1010.5,361,3,1010.6,324,6,1010.7,601,8,1010.8,1081,10
317,2025-11-26 14:50:18+05:30,1010.3,1,1002.35,8324345,386910.0,441815.0,986.2,1012.8,981.3,986.2,120570000,1084.8,887.6,1102.5,649.1,1010.3,17,3,1010.2,17,2,1010.1,100,2,1010.0,3156,25,1009.9,518,10,1010.4,307,5,1010.5,361,3,1010.6,324,6,1010.7,601,8,1010.8,1081,10
317,2025-11-26 14:50:18+05:30,1010.3,1,1002.35,8324345,386910.0,441815.0,986.2,1012.8,981.3,986.2,120570000,1084.8,887.6,1102.5,649.1,1010.3,17,3,1010.2,17,2,1010.1,100,2,1010.0,3156,25,1009.9,518,10,1010.4,307,5,1010.5,361,3,1010.6,324,6,1010.7,601,8,1010.8,1081,10
317,2025-11-26 14:50:18+05:30,1010.3,1,1002.35,8324345,386910.0,441815.0,986.2,1012.8,981.3,986.2,120570000,1084.8,887.6,1102.5,649.1,1010.3,17,3,1010.2,17,2,1010.1,100,2,1010.0,3156,25,1009.9,518,10,1010.4,307,5,1010.5,361,3,1010.6,324,6,1010.7,601,8,1010.8,1081,10
317,2025-11-26 14:50:18+05:30,1010.3,1,1002.35,8324350,387152.0,441835.0,986.2,1012.8,981.3,986.2,120570000,1084.8,887.6,1102.5,649.1,1010.3,17,3,1010.2,17,2,1010.1,100,2,1010.0,3156,25,1009.9,616,10,1010.4,380,6,1010.5,401,4,1010.6,339,7,1010.7,523,6,1010.8,1081,10
317,2025-11-26 14:50:18+05:30,1010.3,1,1002.35,8324350,387152.0,441835.0,986.2,1012.8,981.3,986.2,120570000,1084.8,887.6,1102.5,649.1,1010.3,17,3,1010.2,17,2,1010.1,100,2,1010.0,3156,25,1009.9,616,10,1010.4,380,6,1010.5,401,4,1010.6,339,7,1010.7,523,6,1010.8,1081,10
317,2025-11-26 14:50:19+05:30,1010.3,1,1002.35,8324350,387152.0,441835.0,986.2,1012.8,981.3,986.2,120570000,1084.8,887.6,1102.5,649.1,1010.3,17,3,1010.2,17,2,1010.1,100,2,1010.0,3156,25,1009.9,616,10,1010.4,380,6,1010.5,401,4,1010.6,339,7,1010.7,523,6,1010.8,1081,10
317,2025-11-26 14:50:19+05:30,1010.2,7,1002.35,8324350,387152.0,441835.0,986.2,1012.8,981.3,986.2,120570000,1084.8,887.6,1102.5,649.1,1010.3,17,3,1010.2,17,2,1010.1,100,2,1010.0,3156,25,1009.9,616,10,1010.4,380,6,1010.5,401,4,1010.6,339,7,1010.7,523,6,1010.8,1081,10
317,2025-11-26 14:50:19+05:30,1010.2,7,1002.35,8324350,387152.0,441835.0,986.2,1012.8,981.3,986.2,120521250,1084.8,887.6,1102.5,649.1,1010.3,17,3,1010.2,17,2,1010.1,100,2,1010.0,3156,25,1009.9,616,10,1010.4,380,6,1010.5,401,4,1010.6,339,7,1010.7,523,6,1010.8,1081,10
317,2025-11-26 14:50:19+05:30,1010.3,129,1002.35,8325327,387772.0,441026.0,986.2,1012.8,981.3,986.2,120521250,1084.8,887.6,1102.5,649.1,1010.3,60,2,1010.2,21,1,1010.1,450,5,1010.0,3423,29,1009.9,551,9,1010.4,158,2,1010.5,222,3,1010.6,145,3,1010.7,770,3,1010.8,722,8
317,2025-11-26 14:50:19+05:30,1010.3,129,1002.35,8325327,387772.0,441026.0,986.2,1012.8,981.3,986.2,120521250,1084.8,887.6,1102.5,649.1,1010.3,60,2,1010.2,21,1,1010.1,450,5,1010.0,3423,29,1009.9,551,9,1010.4,158,2,1010.5,222,3,1010.6,145,3,1010.7,770,3,1010.8,722,8
317,2025-11-26 14:50:20+05:30,1010.3,129,1002.35,8325327,387772.0,441026.0,986.2,1012.8,981.3,986.2,120521250,1084.8,887.6,1102.5,649.1,1010.3,60,2,1010.2,21,1,1010.1,450,5,1010.0,3423,29,1009.9,551,9,1010.4,158,2,1010.5,222,3,1010.6,145,3,1010.7,770,3,1010.8,722,8
317,2025-11-26 14:50:20+05:30,1010.4,46,1002.35,8325327,387772.0,441026.0,986.2,1012.8,981.3,986.2,120521250,1084.8,887.6,1102.5,649.1,1010.3,60,2,1010.2,21,1,1010.1,450,5,1010.0,3423,29,1009.9,551,9,1010.4,158,2,1010.5,222,3,1010.6,145,3,1010.7,770,3,1010.8,722,8
317,2025-11-26 14:50:20+05:30,1010.4,46,1002.35,8325327,387772.0,441026.0,986.2,1012.8,981.3,986.2,120521250,1084.8,887.6,1102.5,649.1,1010.3,60,2,1010.2,21,1,1010.1,450,5,1010.0,3423,29,1009.9,551,9,1010.4,158,2,1010.5,222,3,1010.6,145,3,1010.7,770,3,1010.8,722,8
317,2025-11-26 14:50:20+05:30,1010.2,11,1002.35,8325481,386645.0,441142.0,986.2,1012.8,981.3,986.2,120521250,1084.8,887.6,1102.5,649.1,1010.2,46,2,1010.1,463,5,1010.0,3495,31,1009.9,551,9,1009.8,3039,10,1010.4,252,4,1010.5,222,3,1010.6,145,3,1010.7,770,3,1010.8,800,11
317,2025-11-26 14:50:21+05:30,1010.4,1,1002.35,8325481,386645.0,441142.0,986.2,1012.8,981.3,986.2,120521250,1084.8,887.6,1102.5,649.1,1010.2,46,2,1010.1,463,5,1010.0,3495,31,1009.9,551,9,1009.8,3039,10,1010.4,252,4,1010.5,222,3,1010.6,145,3,1010.7,770,3,1010.8,800,11
317,2025-11-26 14:50:21+05:30,1010.3,21,1002.35,8325613,387235.0,442494.0,986.2,1012.8,981.3,986.2,120521250,1084.8,887.6,1102.5,649.1,1010.2,8,1,1010.1,316,4,1010.0,3304,27,1009.9,589,10,1009.8,3039,10,1010.4,525,6,1010.5,157,2,1010.6,389,7,1010.7,974,6,1010.8,1524,10
317,2025-11-26 14:50:22+05:30,1010.3,179,1002.35,8325613,387235.0,442494.0,986.2,1012.8,981.3,986.2,120521250,1084.8,887.6,1102.5,649.1,1010.2,8,1,1010.1,316,4,1010.0,3304,27,1009.9,589,10,1009.8,3039,10,1010.4,525,6,1010.5,157,2,1010.6,389,7,1010.7,974,6,1010.8,1524,10
317,2025-11-26 14:50:22+05:30,1010.4,4,1002.35,8325911,387333.0,442201.0,986.2,1012.8,981.3,986.2,120521250,1084.8,887.6,1102.5,649.1,1010.2,117,4,1010.1,253,3,1010.0,3449,30,1009.9,551,9,1009.8,3039,10,1010.4,499,6,1010.5,157,2,1010.6,389,7,1010.7,962,5,1010.8,1526,10
317,2025-11-26 14:50:23+05:30,1010.2,41,1002.35,8325911,387333.0,442201.0,986.2,1012.8,981.3,986.2,120521250,1084.8,887.6,1102.5,649.1,1010.2,117,4,1010.1,253,3,1010.0,3449,30,1009.9,551,9,1009.8,3039,10,1010.4,499,6,1010.5,157,2,1010.6,389,7,1010.7,962,5,1010.8,1526,10
317,2025-11-26 14:50:23+05:30,1010.3,18,1002.35,8326854,388694.0,441583.0,986.2,1012.8,981.3,986.2,120521250,1084.8,887.6,1102.5,649.1,1010.2,116,4,1010.1,601,9,1010.0,3521,30,1009.9,551,9,1009.8,3039,10,1010.3,374,3,1010.4,117,2,1010.5,40,1,1010.6,280,6,1010.7,869,4
317,2025-11-26 14:50:24+05:30,1010.4,2,1002.35,8326854,388694.0,441583.0,986.2,1012.8,981.3,986.2,120521250,1084.8,887.6,1102.5,649.1,1010.2,116,4,1010.1,601,9,1010.0,3521,30,1009.9,551,9,1009.8,3039,10,1010.3,374,3,1010.4,117,2,1010.5,40,1,1010.6,280,6,1010.7,869,4
317,2025-11-26 14:50:24+05:30,1010.4,35,1002.36,8327431,393165.0,439727.0,986.2,1012.8,981.3,986.2,120521250,1084.8,887.6,1102.5,649.1,1010.4,3,1,1010.3,2078,10,1010.2,443,10,1010.1,631,9,1010.0,2789,30,1010.5,112,3,1010.6,18,1,1010.8,454,5,1010.9,361,4,1011.0,1405,23
317,2025-11-26 14:50:25+05:30,1010.5,11,1002.36,8327431,393165.0,439727.0,986.2,1012.8,981.3,986.2,120521250,1084.8,887.6,1102.5,649.1,1010.4,3,1,1010.3,2078,10,1010.2,443,10,1010.1,631,9,1010.0,2789,30,1010.5,112,3,1010.6,18,1,1010.8,454,5,1010.9,361,4,1011.0,1405,23
317,2025-11-26 14:50:26+05:30,1010.5,2,1002.36,8327459,390441.0,441417.0,986.2,1012.8,981.3,986.2,120521250,1084.8,887.6,1102.5,649.1,1010.3,45,1,1010.2,1379,7,1010.1,1073,9,1010.0,2254,28,1009.9,1419,11,1010.4,514,6,1010.5,180,3,1010.6,18,1,1010.7,238,3,1010.8,509,5
317,2025-11-26 14:50:26+05:30,1010.5,2,1002.36,8327459,390441.0,441417.0,986.2,1012.8,981.3,986.2,120521250,1084.8,887.6,1102.5,649.1,1010.3,45,1,1010.2,1379,7,1010.1,1073,9,1010.0,2254,28,1009.9,1419,11,1010.4,514,6,1010.5,180,3,1010.6,18,1,1010.7,238,3,1010.8,509,5
317,2025-11-26 14:50:27+05:30,1010.3,36,1002.36,8327969,391156.0,440984.0,986.2,1012.8,981.3,986.2,120521250,1084.8,887.6,1102.5,649.1,1010.3,21,1,1010.2,1095,6,1010.1,569,10,1010.0,2220,27,1009.9,1974,12,1010.4,296,2,1010.5,188,5,1010.6,23,2,1010.7,233,2,1010.8,587,8
317,2025-11-26 14:50:27+05:30,1010.4,1,1002.36,8327969,391156.0,440984.0,986.2,1012.8,981.3,986.2,120521250,1084.8,887.6,1102.5,649.1,1010.3,21,1,1010.2,1095,6,1010.1,569,10,1010.0,2220,27,1009.9,1974,12,1010.4,296,2,1010.5,188,5,1010.6,23,2,1010.7,233,2,1010.8,587,8
317,2025-11-26 14:50:28+05:30,1010.3,131,1002.36,8328587,389478.0,441080.0,986.2,1012.8,981.3,986.2,120521250,1084.8,887.6,1102.5,649.1,1010.3,59,2,1010.2,782,6,1010.1,935,8,1010.0,2066,24,1009.9,1565,12,1010.4,226,2,1010.5,115,4,1010.6,5,1,1010.7,386,6,1010.8,561,6
317,2025-11-26 14:50:28+05:30,1010.3,131,1002.36,8328587,389478.0,441080.0,986.2,1012.8,981.3,986.2,120521250,1084.8,887.6,1102.5,649.1,1010.3,59,2,1010.2,782,6,1010.1,935,8,1010.0,2066,24,1009.9,1565,12,1010.4,226,2,1010.5,115,4,1010.6,5,1,1010.7,386,6,1010.8,561,6
317,2025-11-26 14:50:29+05:30,1010.2,2,1002.36,8328640,389637.0,441405.0,986.2,1012.8,981.3,986.2,120521250,1084.8,887.6,1102.5,649.1,1010.2,819,8,1010.1,1122,10,1010.0,2279,28,1009.9,1406,10,1009.8,3880,14,1010.4,501,7,1010.5,156,4,1010.6,127,2,1010.7,273,4,1010.8,587,8
317,2025-11-26 14:50:29+05:30,1010.2,2,1002.36,8328640,389637.0,441405.0,986.2,1012.8,981.3,986.2,120521250,1084.8,887.6,1102.5,649.1,1010.2,819,8,1010.1,1122,10,1010.0,2279,28,1009.9,1406,10,1009.8,3880,14,1010.4,501,7,1010.5,156,4,1010.6,127,2,1010.7,273,4,1010.8,587,8
317,2025-11-26 14:50:30+05:30,1010.3,28,1002.36,8328695,389784.0,441631.0,986.2,1012.8,981.3,986.2,120521250,1084.8,887.6,1102.5,649.1,1010.2,782,8,1010.1,423,8,1010.0,2225,27,1009.9,1528,11,1009.8,3880,14,1010.3,537,6,1010.4,210,3,1010.5,61,3,1010.6,127,2,1010.7,299,6
317,2025-11-26 14:50:30+05:30,1010.3,28,1002.36,8328695,389784.0,441631.0,986.2,1012.8,981.3,986.2,120521250,1084.8,887.6,1102.5,649.1,1010.2,782,8,1010.1,423,8,1010.0,2225,27,1009.9,1528,11,1009.8,3880,14,1010.3,537,6,1010.4,210,3,1010.5,61,3,1010.6,127,2,1010.7,299,6
317,2025-11-26 14:50:31+05:30,1010.2,146,1002.36,8328851,391276.0,441728.0,986.2,1012.8,981.3,986.2,120521250,1084.8,887.6,1102.5,649.1,1010.2,611,8,1010.1,372,8,1010.0,2312,29,1009.9,1528,11,1009.8,5455,17,1010.3,464,6,1010.4,210,3,1010.5,90,6,1010.6,233,3,1010.7,273,4
317,2025-11-26 14:50:31+05:30,1010.2,5,1002.36,8328851,391276.0,441728.0,986.2,1012.8,981.3,986.2,120521250,1084.8,887.6,1102.5,649.1,1010.2,611,8,1010.1,372,8,1010.0,2312,29,1009.9,1528,11,1009.8,5455,17,1010.3,464,6,1010.4,210,3,1010.5,90,6,1010.6,233,3,1010.7,273,4
317,2025-11-26 14:50:32+05:30,1010.2,129,1002.36,8328851,391276.0,441728.0,986.2,1012.8,981.3,986.2,120521250,1084.8,887.6,1102.5,649.1,1010.2,611,8,1010.1,372,8,1010.0,2312,29,1009.9,1528,11,1009.8,5455,17,1010.3,464,6,1010.4,210,3,1010.5,90,6,1010.6,233,3,1010.7,273,4
317,2025-11-26 14:50:32+05:30,1010.2,129,1002.36,8329533,388244.0,442496.0,986.2,1012.8,981.3,986.2,120521250,1084.8,887.6,1102.5,649.1,1010.1,407,9,1010.0,3073,27,1009.9,504,8,1009.8,3301,13,1009.7,832,14,1010.3,451,4,1010.4,79,2,1010.5,133,4,1010.6,298,4,1010.7,1146,10
317,2025-11-26 14:50:33+05:30,1010.2,8,1002.36,8329533,388244.0,442496.0,986.2,1012.8,981.3,986.2,120521250,1084.8,887.6,1102.5,649.1,1010.1,407,9,1010.0,3073,27,1009.9,504,8,1009.8,3301,13,1009.7,832,14,1010.3,451,4,1010.4,79,2,1010.5,133,4,1010.6,298,4,1010.7,1146,10
317,2025-11-26 14:50:33+05:30,1010.2,8,1002.36,8330064,387973.0,442293.0,986.2,1012.8,981.3,986.2,120521250,1084.8,887.6,1102.5,649.1,1010.3,3,1,1010.2,8,1,1010.1,845,8,1010.0,3265,30,1009.9,571,10,1010.4,371,6,1010.5,11,3,1010.6,493,5,1010.7,1180,12,1010.8,726,11
317,2025-11-26 14:50:34+05:30,1010.4,2,1002.36,8330064,387973.0,442293.0,986.2,1012.8,981.3,986.2,120521250,1084.8,887.6,1102.5,649.1,1010.3,3,1,1010.2,8,1,1010.1,845,8,1010.0,3265,30,1009.9,571,10,1010.4,371,6,1010.5,11,3,1010.6,493,5,1010.7,1180,12,1010.8,726,11
317,2025-11-26 14:50:34+05:30,1010.4,2,1002.36,8330067,388284.0,442523.0,986.2,1012.8,981.3,986.2,120521250,1084.8,887.6,1102.5,649.1,1010.3,3,1,1010.2,8,1,1010.1,285,7,1010.0,3230,29,1009.9,606,11,1010.4,476,8,1010.5,252,5,1010.6,380,7,1010.7,1154,10,1010.8,726,11
317,2025-11-26 14:50:35+05:30,1010.4,2,1002.36,8330067,388284.0,442523.0,986.2,1012.8,981.3,986.2,120521250,1084.8,887.6,1102.5,649.1,1010.3,3,1,1010.2,8,1,1010.1,285,7,1010.0,3230,29,1009.9,606,11,1010.4,476,8,1010.5,252,5,1010.6,380,7,1010.7,1154,10,1010.8,726,11
317,2025-11-26 14:50:35+05:30,1010.2,19,1002.36,8330208,389586.0,442518.0,986.2,1012.8,981.3,986.2,120521250,1084.8,887.6,1102.5,649.1,1010.1,372,8,1010.0,3195,28,1009.9,519,9,1009.8,3179,12,1009.7,832,14,1010.2,151,2,1010.4,328,6,1010.5,379,7,1010.6,427,7,1010.7,564,8
317,2025-11-26 14:50:36+05:30,1010.2,20,1002.36,8330208,389586.0,442518.0,986.2,1012.8,981.3,986.2,120521250,1084.8,887.6,1102.5,649.1,1010.1,372,8,1010.0,3195,28,1009.9,519,9,1009.8,3179,12,1009.7,832,14,1010.2,151,2,1010.4,328,6,1010.5,379,7,1010.6,427,7,1010.7,564,8
317,2025-11-26 14:50:36+05:30,1010.2,20,1002.36,8330724,389869.0,442405.0,986.2,1012.8,981.3,986.2,120521250,1084.8,887.6,1102.5,649.1,1010.1,101,5,1010.0,2884,23,1009.9,576,10,1009.8,3311,13,1009.7,841,14,1010.2,601,6,1010.4,107,5,1010.5,217,10,1010.6,355,5,1010.7,1314,9
317,2025-11-26 14:50:37+05:30,1010.2,1,1002.36,8330724,389869.0,442405.0,986.2,1012.8,981.3,986.2,120521250,1084.8,887.6,1102.5,649.1,1010.1,101,5,1010.0,2884,23,1009.9,576,10,1009.8,3311,13,1009.7,841,14,1010.2,601,6,1010.4,107,5,1010.5,217,10,1010.6,355,5,1010.7,1314,9
317,2025-11-26 14:50:37+05:30,1010.2,1,1002.36,8330725,389775.0,442376.0,986.2,1012.8,981.3,986.2,120521250,1084.8,887.6,1102.5,649.1,1010.1,47,4,1010.0,2928,25,1009.9,541,9,1009.8,3346,14,1009.7,841,14,1010.2,600,6,1010.4,107,5,1010.5,217,10,1010.6,355,5,1010.7,1314,9
317,2025-11-26 14:50:38+05:30,1010.2,1,1002.36,8331527,390349.0,442368.0,986.2,1012.8,981.3,986.2,120521250,1084.8,887.6,1102.5,649.1,1010.1,21,1,1010.0,3064,29,1009.9,518,10,1009.8,3194,11,1009.7,841,14,1010.2,486,6,1010.4,7,1,1010.5,251,5,1010.6,411,7,1010.7,1344,13
317,2025-11-26 14:50:39+05:30,1010.2,1,1002.36,8331527,390349.0,442368.0,986.2,1012.8,981.3,986.2,120521250,1084.8,887.6,1102.5,649.1,1010.1,21,1,1010.0,3064,29,1009.9,518,10,1009.8,3194,11,1009.7,841,14,1010.2,486,6,1010.4,7,1,1010.5,251,5,1010.6,411,7,1010.7,1344,13
317,2025-11-26 14:50:39+05:30,1010.2,1,1002.36,8331528,390876.0,442707.0,986.2,1012.8,981.3,986.2,120521250,1084.8,887.6,1102.5,649.1,1010.0,2966,27,1009.9,569,11,1009.8,3229,12,1009.7,841,14,1009.6,3573,15,1010.2,667,9,1010.3,36,1,1010.4,33,3,1010.5,251,5,1010.6,385,5
317,2025-11-26 14:50:40+05:30,1010.2,1,1002.36,8331528,390876.0,442707.0,986.2,1012.8,981.3,986.2,120521250,1084.8,887.6,1102.5,649.1,1010.0,2966,27,1009.9,569,11,1009.8,3229,12,1009.7,841,14,1009.6,3573,15,1010.2,667,9,1010.3,36,1,1010.4,33,3,1010.5,251,5,1010.6,385,5
317,2025-11-26 14:50:40+05:30,1010.2,2,1002.36,8332617,390743.0,442506.0,986.2,1012.8,981.3,986.2,120521250,1084.8,887.6,1102.5,649.1,1010.1,47,2,1010.0,2801,21,1009.9,540,10,1009.8,3247,12,1009.7,841,14,1010.2,385,3,1010.3,73,1,1010.4,7,1,1010.5,251,5,1010.6,334,4
317,2025-11-26 14:50:41+05:30,1010.2,2,1002.36,8332617,390743.0,442506.0,986.2,1012.8,981.3,986.2,120521250,1084.8,887.6,1102.5,649.1,1010.1,47,2,1010.0,2801,21,1009.9,540,10,1009.8,3247,12,1009.7,841,14,1010.2,385,3,1010.3,73,1,1010.4,7,1,1010.5,251,5,1010.6,334,4
317,2025-11-26 14:50:41+05:30,1010.2,82,1002.36,8332699,390521.0,443143.0,986.2,1012.8,981.3,986.2,120521250,1084.8,887.6,1102.5,649.1,1010.1,107,2,1010.0,2629,16,1009.9,501,9,1009.8,3250,13,1009.7,762,9,1010.2,595,7,1010.3,103,2,1010.4,7,1,1010.5,277,7,1010.6,334,4
317,2025-11-26 14:50:42+05:30,1010.2,82,1002.36,8332699,390521.0,443143.0,986.2,1012.8,981.3,986.2,120521250,1084.8,887.6,1102.5,649.1,1010.1,107,2,1010.0,2629,16,1009.9,501,9,1009.8,3250,13,1009.7,762,9,1010.2,595,7,1010.3,103,2,1010.4,7,1,1010.5,277,7,1010.6,334,4
317,2025-11-26 14:50:43+05:30,1010.2,5,1002.36,8332731,390521.0,443454.0,986.2,1012.8,981.3,986.2,120521250,1084.8,887.6,1102.5,649.1,1010.1,107,2,1010.0,2629,16,1009.9,501,9,1009.8,3307,14,1009.7,841,14,1010.2,914,11,1010.3,30,1,1010.4,7,1,1010.5,308,7,1010.6,334,4
317,2025-11-26 14:50:43+05:30,1010.1,65,1002.36,8332731,390521.0,443454.0,986.2,1012.8,981.3,986.2,120521250,1084.8,887.6,1102.5,649.1,1010.1,107,2,1010.0,2629,16,1009.9,501,9,1009.8,3307,14,1009.7,841,14,1010.2,914,11,1010.3,30,1,1010.4,7,1,1010.5,308,7,1010.6,334,4
317,2025-11-26 14:50:44+05:30,1010.2,3,1002.36,8333875,389979.0,442513.0,986.2,1012.8,981.3,986.2,120521250,1084.8,887.6,1102.5,649.1,1010.2,44,3,1010.1,1342,7,1010.0,2055,22,1009.9,558,10,1009.8,3182,12,1010.4,153,3,1010.5,7,1,1010.6,187,2,1010.7,1022,11,1010.8,824,11
317,2025-11-26 14:50:44+05:30,1010.4,3,1002.36,8333875,389979.0,442513.0,986.2,1012.8,981.3,986.2,120521250,1084.8,887.6,1102.5,649.1,1010.2,44,3,1010.1,1342,7,1010.0,2055,22,1009.9,558,10,1009.8,3182,12,1010.4,153,3,1010.5,7,1,1010.6,187,2,1010.7,1022,11,1010.8,824,11
317,2025-11-26 14:50:45+05:30,1010.3,2,1002.36,8333885,391057.0,442504.0,986.2,1012.8,981.3,986.2,120521250,1084.8,887.6,1102.5,649.1,1010.2,27,3,1010.1,1327,6,1010.0,1865,18,1009.9,552,9,1009.8,3182,12,1010.3,444,4,1010.4,134,4,1010.5,134,3,1010.6,439,7,1010.7,996,9
317,2025-11-26 14:50:45+05:30,1010.3,2,1002.36,8333885,391057.0,442504.0,986.2,1012.8,981.3,986.2,120521250,1084.8,887.6,1102.5,649.1,1010.2,27,3,1010.1,1327,6,1010.0,1865,18,1009.9,552,9,1009.8,3182,12,1010.3,444,4,1010.4,134,4,1010.5,134,3,1010.6,439,7,1010.7,996,9
317,2025-11-26 14:50:46+05:30,1010.2,1,1002.36,8334237,391378.0,442620.0,986.2,1012.8,981.3,986.2,120521250,1084.8,887.6,1102.5,649.1,1010.1,1128,4,1010.0,1403,12,1009.9,535,10,1009.8,3304,13,1009.7,3117,19,1010.2,205,3,1010.3,332,3,1010.4,134,4,1010.5,160,5,1010.6,354,4
317,2025-11-26 14:50:46+05:30,1010.2,1,1002.36,8334237,391378.0,442620.0,986.2,1012.8,981.3,986.2,120521250,1084.8,887.6,1102.5,649.1,1010.1,1128,4,1010.0,1403,12,1009.9,535,10,1009.8,3304,13,1009.7,3117,19,1010.2,205,3,1010.3,332,3,1010.4,134,4,1010.5,160,5,1010.6,354,4
317,2025-11-26 14:50:47+05:30,1010.1,33,1002.36,8334617,391781.0,442574.0,986.2,1012.8,981.3,986.2,120521250,1084.8,887.6,1102.5,649.1,1010.1,11,2,1010.0,2426,13,1009.9,276,5,1009.8,3309,14,1009.7,1760,17,1010.2,333,6,1010.3,235,2,1010.4,183,4,1010.5,248,7,1010.6,455,6
317,2025-11-26 14:50:47+05:30,1010.1,33,1002.36,8334617,391781.0,442574.0,986.2,1012.8,981.3,986.2,120521250,1084.8,887.6,1102.5,649.1,1010.1,11,2,1010.0,2426,13,1009.9,276,5,1009.8,3309,14,1009.7,1760,17,1010.2,333,6,1010.3,235,2,1010.4,183,4,1010.5,248,7,1010.6,455,6
317,2025-11-26 14:50:48+05:30,1010.1,150,1002.36,8334617,391781.0,442574.0,986.2,1012.8,981.3,986.2,120521250,1084.8,887.6,1102.5,649.1,1010.1,11,2,1010.0,2426,13,1009.9,276,5,1009.8,3309,14,1009.7,1760,17,1010.2,333,6,1010.3,235,2,1010.4,183,4,1010.5,248,7,1010.6,455,6
317,2025-11-26 14:50:48+05:30,1010.1,150,1002.36,8334917,392145.0,442403.0,986.2,1012.8,981.3,986.2,120521250,1084.8,887.6,1102.5,649.1,1010.1,779,4,1010.0,1366,11,1009.9,947,8,1009.8,3241,12,1009.7,4664,22,1010.2,208,4,1010.3,280,4,1010.4,183,4,1010.5,214,6,1010.6,489,7
317,2025-11-26 14:50:49+05:30,1010.2,20,1002.36,8334917,392145.0,442403.0,986.2,1012.8,981.3,986.2,120521250,1084.8,887.6,1102.5,649.1,1010.1,779,4,1010.0,1366,11,1009.9,947,8,1009.8,3241,12,1009.7,4664,22,1010.2,208,4,1010.3,280,4,1010.4,183,4,1010.5,214,6,1010.6,489,7
317,2025-11-26 14:50:49+05:30,1010.2,20,1002.36,8335150,386724.0,442424.0,986.2,1012.8,981.3,986.2,120521250,1084.8,887.6,1102.5,649.1,1010.1,25,3,1010.0,1366,11,1009.9,866,6,1009.8,3275,13,1009.7,965,12,1010.2,277,3,1010.3,150,3,1010.4,183,4,1010.5,412,11,1010.6,580,10
317,2025-11-26 14:50:50+05:30,1010.1,146,1002.36,8335150,386724.0,442424.0,986.2,1012.8,981.3,986.2,120521250,1084.8,887.6,1102.5,649.1,1010.1,25,3,1010.0,1366,11,1009.9,866,6,1009.8,3275,13,1009.7,965,12,1010.2,277,3,1010.3,150,3,1010.4,183,4,1010.5,412,11,1010.6,580,10
317,2025-11-26 14:50:50+05:30,1010.1,146,1002.36,8335603,388049.0,442469.0,986.2,1012.8,981.3,986.2,120521250,1084.8,887.6,1102.5,649.1,1010.1,75,2,1010.0,1400,12,1009.9,1482,9,1009.8,3309,14,1009.7,931,11,1010.2,364,5,1010.3,105,1,1010.4,127,3,1010.5,423,9,1010.6,535,7
317,2025-11-26 14:50:51+05:30,1010.1,21,1002.36,8335603,388049.0,442469.0,986.2,1012.8,981.3,986.2,120521250,1084.8,887.6,1102.5,649.1,1010.1,75,2,1010.0,1400,12,1009.9,1482,9,1009.8,3309,14,1009.7,931,11,1010.2,364,5,1010.3,105,1,1010.4,127,3,1010.5,423,9,1010.6,535,7
317,2025-11-26 14:50:51+05:30,1010.1,21,1002.36,8336054,388466.0,442236.0,986.2,1012.8,981.3,986.2,120521250,1084.8,887.6,1102.5,649.1,1010.1,21,1,1010.0,1472,13,1009.9,1290,11,1009.8,3275,13,1009.7,809,10,1010.2,293,4,1010.3,224,2,1010.4,5,2,1010.5,268,6,1010.6,901,5
317,2025-11-26 14:50:52+05:30,1010.1,111,1002.36,8336054,388466.0,442236.0,986.2,1012.8,981.3,986.2,120521250,1084.8,887.6,1102.5,649.1,1010.1,21,1,1010.0,1472,13,1009.9,1290,11,1009.8,3275,13,1009.7,809,10,1010.2,293,4,1010.3,224,2,1010.4,5,2,1010.5,268,6,1010.6,901,5
317,2025-11-26 14:50:52+05:30,1010.2,3,1002.36,8336208,388422.0,442565.0,986.2,1012.8,981.3,986.2,120521250,1084.8,887.6,1102.5,649.1,1010.1,21,1,1010.0,1477,13,1009.9,1245,12,1009.8,3275,13,1009.7,762,9,1010.2,424,6,1010.3,264,5,1010.4,5,2,1010.5,261,5,1010.6,896,5
317,2025-11-26 14:50:53+05:30,1010.1,150,1002.36,8336208,388422.0,442565.0,986.2,1012.8,981.3,986.2,120521250,1084.8,887.6,1102.5,649.1,1010.1,21,1,1010.0,1477,13,1009.9,1245,12,1009.8,3275,13,1009.7,762,9,1010.2,424,6,1010.3,264,5,1010.4,5,2,1010.5,261,5,1010.6,896,5
317,2025-11-26 14:50:53+05:30,1010.1,150,1002.36,8336905,391282.0,442233.0,986.2,1012.8,981.3,986.2,120521250,1084.8,887.6,1102.5,649.1,1010.1,1521,3,1010.0,2153,18,1009.9,561,9,1009.8,3241,12,1009.7,745,9,1010.2,193,5,1010.3,178,4,1010.4,5,2,1010.6,335,4,1010.7,837,13
317,2025-11-26 14:50:54+05:30,1010.2,8,1002.36,8336905,391282.0,442233.0,986.2,1012.8,981.3,986.2,120521250,1084.8,887.6,1102.5,649.1,1010.1,1521,3,1010.0,2153,18,1009.9,561,9,1009.8,3241,12,1009.7,745,9,1010.2,193,5,1010.3,178,4,1010.4,5,2,1010.6,335,4,1010.7,837,13
317,2025-11-26 14:50:55+05:30,1010.2,8,1002.36,8337098,391403.0,442136.0,986.2,1012.8,981.3,986.2,120521250,1084.8,887.6,1102.5,649.1,1010.1,1574,4,1010.0,2034,15,1009.9,504,8,1009.8,3275,13,1009.7,745,9,1010.2,363,8,1010.3,178,4,1010.4,1,1,1010.5,127,2,1010.6,915,5
317,2025-11-26 14:50:55+05:30,1010.2,12,1002.36,8337098,391403.0,442136.0,986.2,1012.8,981.3,986.2,120521250,1084.8,887.6,1102.5,649.1,1010.1,1574,4,1010.0,2034,15,1009.9,504,8,1009.8,3275,13,1009.7,745,9,1010.2,363,8,1010.3,178,4,1010.4,1,1,1010.5,127,2,1010.6,915,5
317,2025-11-26 14:50:56+05:30,1010.2,2,1002.36,8337158,391395.0,442367.0,986.2,1012.8,981.3,986.2,120521250,1084.8,887.6,1102.5,649.1,1010.1,1574,4,1010.0,2073,16,1009.9,561,9,1009.8,3275,13,1009.7,745,9,1010.2,511,9,1010.3,216,4,1010.4,27,3,1010.5,127,2,1010.6,976,6
317,2025-11-26 14:50:56+05:30,1010.1,5,1002.36,8337158,391395.0,442367.0,986.2,1012.8,981.3,986.2,120521250,1084.8,887.6,1102.5,649.1,1010.1,1574,4,1010.0,2073,16,1009.9,561,9,1009.8,3275,13,1009.7,745,9,1010.2,511,9,1010.3,216,4,1010.4,27,3,1010.5,127,2,1010.6,976,6
317,2025-11-26 14:50:57+05:30,1010.1,146,1002.37,8337750,390340.0,442134.0,986.2,1012.8,981.3,986.2,120521250,1084.8,887.6,1102.5,649.1,1010.1,965,4,1010.0,2054,17,1009.9,223,4,1009.8,3158,12,1009.7,867,10,1010.2,219,6,1010.3,216,4,1010.4,148,3,1010.5,182,3,1010.6,1031,7
317,2025-11-26 14:50:57+05:30,1010.2,1,1002.37,8337750,390340.0,442134.0,986.2,1012.8,981.3,986.2,120521250,1084.8,887.6,1102.5,649.1,1010.1,965,4,1010.0,2054,17,1009.9,223,4,1009.8,3158,12,1009.7,867,10,1010.2,219,6,1010.3,216,4,1010.4,148,3,1010.5,182,3,1010.6,1031,7
317,2025-11-26 14:50:58+05:30,1010.2,1,1002.37,8337957,390124.0,442388.0,986.2,1012.8,981.3,986.2,120521250,1084.8,887.6,1102.5,649.1,1010.1,761,4,1010.0,2054,17,1009.9,223,4,1009.8,3158,12,1009.7,867,10,1010.2,464,7,1010.3,182,3,1010.4,198,4,1010.5,249,4,1010.6,1065,8
317,2025-11-26 14:50:58+05:30,1010.3,77,1002.37,8337957,390124.0,442388.0,986.2,1012.8,981.3,986.2,120521250,1084.8,887.6,1102.5,649.1,1010.1,761,4,1010.0,2054,17,1009.9,223,4,1009.8,3158,12,1009.7,867,10,1010.2,464,7,1010.3,182,3,1010.4,198,4,1010.5,249,4,1010.6,1065,8
317,2025-11-26 14:50:59+05:30,1010.3,1,1002.37,8338667,388543.0,442395.0,986.2,1012.8,981.3,986.2,120521250,1084.8,887.6,1102.5,649.1,1010.2,1,1,1010.1,90,4,1010.0,2053,16,1009.9,859,5,1009.8,3137,12,1010.3,363,5,1010.4,213,3,1010.5,350,8,1010.6,1081,7,1010.7,1357,8
317,2025-11-26 14:50:59+05:30,1010.1,16,1002.37,8338667,388543.0,442395.0,986.2,1012.8,981.3,986.2,120521250,1084.8,887.6,1102.5,649.1,1010.2,1,1,1010.1,90,4,1010.0,2053,16,1009.9,859,5,1009.8,3137,12,1010.3,363,5,1010.4,213,3,1010.5,350,8,1010.6,1081,7,1010.7,1357,8
317,2025-11-26 14:51:00+05:30,1010.3,1,1002.37,8338688,388920.0,442457.0,986.2,1012.8,981.3,986.2,120521250,1084.8,887.6,1102.5,649.1,1010.1,209,8,1010.0,2335,22,1009.9,452,6,1009.8,3154,13,1009.7,807,13,1010.3,441,5,1010.4,186,2,1010.5,307,4,1010.6,299,3,1010.7,523,8
317,2025-11-26 14:51:00+05:30,1010.3,1,1002.37,8338688,388920.0,442457.0,986.2,1012.8,981.3,986.2,120521250,1084.8,887.6,1102.5,649.1,1010.1,209,8,1010.0,2335,22,1009.9,452,6,1009.8,3154,13,1009.7,807,13,1010.3,441,5,1010.4,186,2,1010.5,307,4,1010.6,299,3,1010.7,523,8
317,2025-11-26 14:51:01+05:30,1010.2,21,1002.37,8338688,388920.0,442457.0,986.2,1012.8,981.3,986.2,120521250,1084.8,887.6,1102.5,649.1,1010.1,209,8,1010.0,2335,22,1009.9,452,6,1009.8,3154,13,1009.7,807,13,1010.3,441,5,1010.4,186,2,1010.5,307,4,1010.6,299,3,1010.7,523,8
317,2025-11-26 14:51:01+05:30,1010.2,21,1002.37,8339156,390078.0,442400.0,986.2,1012.8,981.3,986.2,120521250,1084.8,887.6,1102.5,649.1,1010.1,219,7,1010.0,2300,22,1009.9,471,6,1009.8,3158,13,1009.7,807,13,1010.2,124,1,1010.3,151,2,1010.4,186,2,1010.5,420,5,1010.6,355,4
317,2025-11-26 14:51:02+05:30,1010.4,64,1002.37,8339156,390078.0,442400.0,986.2,1012.8,981.3,986.2,120521250,1084.8,887.6,1102.5,649.1,1010.1,219,7,1010.0,2300,22,1009.9,471,6,1009.8,3158,13,1009.7,807,13,1010.2,124,1,1010.3,151,2,1010.4,186,2,1010.5,420,5,1010.6,355,4
317,2025-11-26 14:51:02+05:30,1010.4,64,1002.37,8339892,388120.0,441207.0,986.2,1012.8,981.3,986.2,120521250,1084.8,887.6,1102.5,649.1,1010.2,30,1,1010.1,210,6,1010.0,2330,22,1009.9,482,6,1009.8,3257,13,1010.4,9,1,1010.5,45,1,1010.6,234,2,1010.7,896,7,1010.8,773,13
317,2025-11-26 14:51:03+05:30,1010.4,3,1002.37,8339892,388120.0,441207.0,986.2,1012.8,981.3,986.2,120521250,1084.8,887.6,1102.5,649.1,1010.2,30,1,1010.1,210,6,1010.0,2330,22,1009.9,482,6,1009.8,3257,13,1010.4,9,1,1010.5,45,1,1010.6,234,2,1010.7,896,7,1010.8,773,13
317,2025-11-26 14:51:03+05:30,1010.4,3,1002.37,8340006,388169.0,443065.0,986.2,1012.8,981.3,986.2,120521250,1084.8,887.6,1102.5,649.1,1010.4,3,1,1010.1,71,2,1010.0,2189,19,1009.9,1016,7,1009.8,3630,14,1010.5,762,10,1010.6,379,5,1010.7,1840,9,1010.8,931,17,1010.9,932,10
317,2025-11-26 14:51:04+05:30,1010.5,23,1002.37,8340006,388169.0,443065.0,986.2,1012.8,981.3,986.2,120521250,1084.8,887.6,1102.5,649.1,1010.4,3,1,1010.1,71,2,1010.0,2189,19,1009.9,1016,7,1009.8,3630,14,1010.5,762,10,1010.6,379,5,1010.7,1840,9,1010.8,931,17,1010.9,932,10
317,2025-11-26 14:51:04+05:30,1010.5,23,1002.37,8340220,388677.0,443259.0,986.2,1012.8,981.3,986.2,120521250,1084.8,887.6,1102.5,649.1,1010.4,3,1,1010.2,500,1,1010.1,71,2,1010.0,2239,19,1009.9,596,9,1010.5,731,9,1010.6,663,9,1010.7,1784,8,1010.8,841,11,1010.9,996,14
317,2025-11-26 14:51:05+05:30,1010.4,111,1002.37,8340220,388677.0,443259.0,986.2,1012.8,981.3,986.2,120521250,1084.8,887.6,1102.5,649.1,1010.4,3,1,1010.2,500,1,1010.1,71,2,1010.0,2239,19,1009.9,596,9,1010.5,731,9,1010.6,663,9,1010.7,1784,8,1010.8,841,11,1010.9,996,14
317,2025-11-26 14:51:05+05:30,1010.4,1,1002.37,8340523,389103.0,444046.0,986.2,1012.8,981.3,986.2,120521250,1084.8,887.6,1102.5,649.1,1010.3,21,3,1010.2,507,2,1010.1,88,2,1010.0,2244,16,1009.9,626,10,1010.4,299,2,1010.5,665,8,1010.6,414,8,1010.7,1266,8,1010.8,1355,10
317,2025-11-26 14:51:06+05:30,1010.4,1,1002.37,8340523,389103.0,444046.0,986.2,1012.8,981.3,986.2,120521250,1084.8,887.6,1102.5,649.1,1010.3,21,3,1010.2,507,2,1010.1,88,2,1010.0,2244,16,1009.9,626,10,1010.4,299,2,1010.5,665,8,1010.6,414,8,1010.7,1266,8,1010.8,1355,10
317,2025-11-26 14:51:07+05:30,1010.3,11,1002.37,8340555,389604.0,443901.0,986.2,1012.8,981.3,986.2,120521250,1084.8,887.6,1102.5,649.1,1010.2,507,2,1010.0,2124,16,1009.9,596,9,1009.8,3220,12,1009.7,968,17,1010.3,260,2,1010.4,299,2,1010.5,519,6,1010.6,496,8,1010.7,1296,9
317,2025-11-26 14:51:07+05:30,1010.2,114,1002.37,8340555,389604.0,443901.0,986.2,1012.8,981.3,986.2,120521250,1084.8,887.6,1102.5,649.1,1010.2,507,2,1010.0,2124,16,1009.9,596,9,1009.8,3220,12,1009.7,968,17,1010.3,260,2,1010.4,299,2,1010.5,519,6,1010.6,496,8,1010.7,1296,9
317,2025-11-26 14:51:08+05:30,1010.2,28,1002.37,8341520,388783.0,442396.0,986.2,1012.8,981.3,986.2,120521250,1084.8,887.6,1102.5,649.1,1010.2,16,1,1010.1,154,2,1010.0,2064,14,1009.9,656,11,1009.8,3220,12,1010.3,105,1,1010.4,6,2,1010.5,290,5,1010.6,438,6,1010.7,1249,9
317,2025-11-26 14:51:08+05:30,1010.2,28,1002.37,8341520,388783.0,442396.0,986.2,1012.8,981.3,986.2,120521250,1084.8,887.6,1102.5,649.1,1010.2,16,1,1010.1,154,2,1010.0,2064,14,1009.9,656,11,1009.8,3220,12,1010.3,105,1,1010.4,6,2,1010.5,290,5,1010.6,438,6,1010.7,1249,9
317,2025-11-26 14:51:09+05:30,1010.3,2,1002.37,8341522,388629.0,442673.0,986.2,1012.8,981.3,986.2,120521250,1084.8,887.6,1102.5,649.1,1010.1,173,4,1010.0,2064,14,1009.9,656,11,1009.8,3280,13,1009.7,937,14,1010.3,104,2,1010.4,226,4,1010.5,290,5,1010.6,497,7,1010.7,1305,10
317,2025-11-26 14:51:09+05:30,1010.1,50,1002.37,8341522,388629.0,442673.0,986.2,1012.8,981.3,986.2,120521250,1084.8,887.6,1102.5,649.1,1010.1,173,4,1010.0,2064,14,1009.9,656,11,1009.8,3280,13,1009.7,937,14,1010.3,104,2,1010.4,226,4,1010.5,290,5,1010.6,497,7,1010.7,1305,10
317,2025-11-26 14:51:10+05:30,1010.2,1,1002.37,8341674,390199.0,443444.0,986.2,1012.8,981.3,986.2,120521250,1084.8,887.6,1102.5,649.1,1010.1,36,4,1010.0,2025,13,1009.9,465,8,1009.8,3245,13,1009.7,1003,16,1010.2,617,6,1010.3,151,2,1010.4,6,2,1010.5,453,9,1010.6,1276,7
317,2025-11-26 14:51:10+05:30,1010.2,1,1002.37,8341674,390199.0,443444.0,986.2,1012.8,981.3,986.2,120521250,1084.8,887.6,1102.5,649.1,1010.1,36,4,1010.0,2025,13,1009.9,465,8,1009.8,3245,13,1009.7,1003,16,1010.2,617,6,1010.3,151,2,1010.4,6,2,1010.5,453,9,1010.6,1276,7
317,2025-11-26 14:51:11+05:30,1010.2,150,1002.37,8342371,388972.0,442505.0,986.2,1012.8,981.3,986.2,120521250,1084.8,887.6,1102.5,649.1,1010.2,21,1,1010.1,54,1,1010.0,2257,18,1009.9,487,9,1009.8,3215,12,1010.3,290,5,1010.4,21,3,1010.5,248,4,1010.6,883,7,1010.7,1330,9
317,2025-11-26 14:51:11+05:30,1010.2,150,1002.37,8342371,388972.0,442505.0,986.2,1012.8,981.3,986.2,120521250,1084.8,887.6,1102.5,649.1,1010.2,21,1,1010.1,54,1,1010.0,2257,18,1009.9,487,9,1009.8,3215,12,1010.3,290,5,1010.4,21,3,1010.5,248,4,1010.6,883,7,1010.7,1330,9
317,2025-11-26 14:51:12+05:30,1010.2,129,1002.37,8342371,388972.0,442505.0,986.2,1012.8,981.3,986.2,120521250,1084.8,887.6,1102.5,649.1,1010.2,21,1,1010.1,54,1,1010.0,2257,18,1009.9,487,9,1009.8,3215,12,1010.3,290,5,1010.4,21,3,1010.5,248,4,1010.6,883,7,1010.7,1330,9
317,2025-11-26 14:51:12+05:30,1010.2,129,1002.37,8342521,389025.0,443186.0,986.2,1012.8,981.3,986.2,120521250,1084.8,887.6,1102.5,649.1,1010.2,16,1,1010.1,62,2,1010.0,2176,16,1009.9,613,10,1009.8,3242,13,1010.3,538,8,1010.4,159,4,1010.5,275,5,1010.6,913,7,1010.7,1364,11
317,2025-11-26 14:51:13+05:30,1010.2,5,1002.37,8342521,389025.0,443186.0,986.2,1012.8,981.3,986.2,120521250,1084.8,887.6,1102.5,649.1,1010.2,16,1,1010.1,62,2,1010.0,2176,16,1009.9,613,10,1009.8,3242,13,1010.3,538,8,1010.4,159,4,1010.5,275,5,1010.6,913,7,1010.7,1364,11
317,2025-11-26 14:51:13+05:30,1010.3,80,1002.37,8343619,392023.0,443310.0,986.2,1012.8,981.3,986.2,120521250,1084.8,887.6,1102.5,649.1,1010.2,21,1,1010.1,233,5,1010.0,2280,16,1009.9,584,9,1009.8,2972,11,1010.3,382,5,1010.4,154,3,1010.5,211,3,1010.6,930,8,1010.7,1326,8
317,2025-11-26 14:51:14+05:30,1010.2,1,1002.37,8343619,392023.0,443310.0,986.2,1012.8,981.3,986.2,120521250,1084.8,887.6,1102.5,649.1,1010.2,21,1,1010.1,233,5,1010.0,2280,16,1009.9,584,9,1009.8,2972,11,1010.3,382,5,1010.4,154,3,1010.5,211,3,1010.6,930,8,1010.7,1326,8
317,2025-11-26 14:51:14+05:30,1010.2,1,1002.37,8343936,392876.0,443527.0,986.2,1012.8,981.3,986.2,120521250,1084.8,887.6,1102.5,649.1,1010.1,29,2,1010.0,1969,13,1009.9,611,10,1009.8,2972,11,1009.7,989,16,1010.2,436,4,1010.3,175,2,1010.4,16,2,1010.5,318,5,1010.6,486,9
317,2025-11-26 14:51:15+05:30,1010.2,2,1002.37,8343936,392876.0,443527.0,986.2,1012.8,981.3,986.2,120521250,1084.8,887.6,1102.5,649.1,1010.1,29,2,1010.0,1969,13,1009.9,611,10,1009.8,2972,11,1009.7,989,16,1010.2,436,4,1010.3,175,2,1010.4,16,2,1010.5,318,5,1010.6,486,9
317,2025-11-26 14:51:15+05:30,1010.2,2,1002.37,8343938,393283.0,443351.0,986.2,1012.8,981.3,986.2,120521250,1084.8,887.6,1102.5,649.1,1010.1,8,1,1010.0,2414,15,1009.9,584,9,1009.8,2999,12,1009.7,989,16,1010.2,582,7,1010.3,175,2,1010.4,16,2,1010.5,435,12,1010.6,1204,8
317,2025-11-26 14:51:16+05:30,1010.8,44,1002.37,8343938,393283.0,443351.0,986.2,1012.8,981.3,986.2,120521250,1084.8,887.6,1102.5,649.1,1010.1,8,1,1010.0,2414,15,1009.9,584,9,1009.8,2999,12,1009.7,989,16,1010.2,582,7,1010.3,175,2,1010.4,16,2,1010.5,435,12,1010.6,1204,8
317,2025-11-26 14:51:16+05:30,1010.8,44,1002.37,8346595,394085.0,442906.0,986.2,1012.8,981.3,986.2,120521250,1084.8,887.6,1102.5,649.1,1010.4,87,1,1010.3,797,6,1010.2,446,8,1010.1,854,8,1010.0,2983,21,1010.8,223,3,1010.9,911,6,1011.0,965,17,1011.1,1372,10,1011.2,1098,17
317,2025-11-26 14:51:17+05:30,1010.4,1,1002.37,8346595,394085.0,442906.0,986.2,1012.8,981.3,986.2,120521250,1084.8,887.6,1102.5,649.1,1010.4,87,1,1010.3,797,6,1010.2,446,8,1010.1,854,8,1010.0,2983,21,1010.8,223,3,1010.9,911,6,1011.0,965,17,1011.1,1372,10,1011.2,1098,17
317,2025-11-26 14:51:17+05:30,1010.4,1,1002.37,8346726,394512.0,443219.0,986.2,1012.8,981.3,986.2,120521250,1084.8,887.6,1102.5,649.1,1010.4,215,3,1010.3,904,11,1010.2,542,8,1010.1,1122,14,1010.0,2961,20,1010.8,146,2,1010.9,1016,8,1011.0,1071,19,1011.1,1758,12,1011.2,953,20
317,2025-11-26 14:51:18+05:30,1010.4,1,1002.37,8346726,396623.0,443882.0,986.2,1012.8,981.3,986.2,120521250,1084.8,887.6,1102.5,649.1,1010.3,692,7,1010.2,56,2,1010.1,1028,13,1010.0,2243,16,1009.9,3839,17,1010.4,296,3,1010.5,349,5,1010.7,244,4,1010.8,259,4,1010.9,1636,9
317,2025-11-26 14:51:19+05:30,1010.4,1,1002.37,8346726,396623.0,443882.0,986.2,1012.8,981.3,986.2,120521250,1084.8,887.6,1102.5,649.1,1010.3,692,7,1010.2,56,2,1010.1,1028,13,1010.0,2243,16,1009.9,3839,17,1010.4,296,3,1010.5,349,5,1010.7,244,4,1010.8,259,4,1010.9,1636,9
317,2025-11-26 14:51:19+05:30,1010.3,141,1002.37,8346994,397357.0,444050.0,986.2,1012.8,981.3,986.2,120521250,1084.8,887.6,1102.5,649.1,1010.3,520,6,1010.2,98,3,1010.1,1056,13,1010.0,2243,16,1009.9,4625,19,1010.4,247,3,1010.5,276,4,1010.7,244,4,1010.8,772,5,1010.9,1134,8
317,2025-11-26 14:51:20+05:30,1010.3,146,1002.37,8346994,397357.0,444050.0,986.2,1012.8,981.3,986.2,120521250,1084.8,887.6,1102.5,649.1,1010.3,520,6,1010.2,98,3,1010.1,1056,13,1010.0,2243,16,1009.9,4625,19,1010.4,247,3,1010.5,276,4,1010.7,244,4,1010.8,772,5,1010.9,1134,8
317,2025-11-26 14:51:20+05:30,1010.3,15,1002.37,8347713,393380.0,444389.0,986.2,1012.8,981.3,986.2,120521250,1084.8,887.6,1102.5,649.1,1010.3,20,3,1010.2,766,3,1010.1,656,3,1010.0,2083,15,1009.9,862,13,1010.5,257,3,1010.6,193,2,1010.7,548,9,1010.8,499,8,1010.9,952,9
317,2025-11-26 14:51:21+05:30,1010.3,15,1002.37,8347713,393380.0,444389.0,986.2,1012.8,981.3,986.2,120521250,1084.8,887.6,1102.5,649.1,1010.3,20,3,1010.2,766,3,1010.1,656,3,1010.0,2083,15,1009.9,862,13,1010.5,257,3,1010.6,193,2,1010.7,548,9,1010.8,499,8,1010.9,952,9
317,2025-11-26 14:51:21+05:30,1010.3,15,1002.37,8347713,393955.0,444065.0,986.2,1012.8,981.3,986.2,120521250,1084.8,887.6,1102.5,649.1,1010.4,1,1,1010.3,7,2,1010.2,1521,5,1010.1,305,4,1010.0,2143,14,1010.5,477,8,1010.6,126,1,1010.7,464,8,1010.8,675,11,1010.9,1201,9
317,2025-11-26 14:51:22+05:30,1010.5,1,1002.37,8347713,393955.0,444065.0,986.2,1012.8,981.3,986.2,120521250,1084.8,887.6,1102.5,649.1,1010.4,1,1,1010.3,7,2,1010.2,1521,5,1010.1,305,4,1010.0,2143,14,1010.5,477,8,1010.6,126,1,1010.7,464,8,1010.8,675,11,1010.9,1201,9
317,2025-11-26 14:51:22+05:30,1010.4,4,1002.37,8347745,395494.0,444358.0,986.2,1012.8,981.3,986.2,120521250,1084.8,887.6,1102.5,649.1,1010.3,7,2,1010.2,1521,5,1010.1,307,4,1010.0,2248,16,1009.9,1431,18,1010.4,538,5,1010.5,200,5,1010.6,126,1,1010.7,517,10,1010.8,1373,10
317,2025-11-26 14:51:23+05:30,1010.3,3,1002.37,8347745,395494.0,444358.0,986.2,1012.8,981.3,986.2,120521250,1084.8,887.6,1102.5,649.1,1010.3,7,2,1010.2,1521,5,1010.1,307,4,1010.0,2248,16,1009.9,1431,18,1010.4,538,5,1010.5,200,5,1010.6,126,1,1010.7,517,10,1010.8,1373,10
317,2025-11-26 14:51:23+05:30,1010.3,146,1002.38,8348370,395751.0,444020.0,986.2,1012.8,981.3,986.2,120521250,1084.8,887.6,1102.5,649.1,1010.3,54,2,1010.2,1410,4,1010.1,274,6,1010.0,2215,15,1009.9,1486,18,1010.4,365,3,1010.5,54,3,1010.6,126,1,1010.7,425,6,1010.8,582,9
317,2025-11-26 14:51:24+05:30,1010.2,97,1002.38,8348370,395751.0,444020.0,986.2,1012.8,981.3,986.2,120521250,1084.8,887.6,1102.5,649.1,1010.3,54,2,1010.2,1410,4,1010.1,274,6,1010.0,2215,15,1009.9,1486,18,1010.4,365,3,1010.5,54,3,1010.6,126,1,1010.7,425,6,1010.8,582,9
317,2025-11-26 14:51:24+05:30,1010.4,5,1002.38,8348985,395286.0,444370.0,986.2,1012.8,981.3,986.2,120521250,1084.8,887.6,1102.5,649.1,1010.2,1346,5,1010.1,325,5,1010.0,2275,15,1009.9,1334,17,1009.8,4381,13,1010.4,164,2,1010.5,179,3,1010.6,215,2,1010.7,449,5,1010.8,945,7
317,2025-11-26 14:51:25+05:30,1010.4,12,1002.38,8348985,395286.0,444370.0,986.2,1012.8,981.3,986.2,120521250,1084.8,887.6,1102.5,649.1,1010.2,1346,5,1010.1,325,5,1010.0,2275,15,1009.9,1334,17,1009.8,4381,13,1010.4,164,2,1010.5,179,3,1010.6,215,2,1010.7,449,5,1010.8,945,7
317,2025-11-26 14:51:25+05:30,1010.4,2,1002.38,8349015,395394.0,444639.0,986.2,1012.8,981.3,986.2,120521250,1084.8,887.6,1102.5,649.1,1010.2,1461,9,1010.1,916,7,1010.0,2275,15,1009.9,843,16,1009.8,4418,14,1010.4,445,6,1010.5,179,3,1010.6,241,4,1010.7,247,4,1010.8,1097,5
317,2025-11-26 14:51:26+05:30,1010.2,1,1002.38,8349015,395394.0,444639.0,986.2,1012.8,981.3,986.2,120521250,1084.8,887.6,1102.5,649.1,1010.2,1461,9,1010.1,916,7,1010.0,2275,15,1009.9,843,16,1009.8,4418,14,1010.4,445,6,1010.5,179,3,1010.6,241,4,1010.7,247,4,1010.8,1097,5
317,2025-11-26 14:51:27+05:30,1010.2,1,1002.38,8349502,394893.0,444367.0,986.2,1012.8,981.3,986.2,120521250,1084.8,887.6,1102.5,649.1,1010.2,1080,7,1010.1,199,4,1010.0,2180,14,1009.9,1323,16,1009.8,4418,14,1010.4,308,6,1010.5,102,3,1010.6,503,7,1010.7,300,4,1010.8,625,16
317,2025-11-26 14:51:27+05:30,1010.2,1,1002.38,8349502,394893.0,444367.0,986.2,1012.8,981.3,986.2,120521250,1084.8,887.6,1102.5,649.1,1010.2,1080,7,1010.1,199,4,1010.0,2180,14,1009.9,1323,16,1009.8,4418,14,1010.4,308,6,1010.5,102,3,1010.6,503,7,1010.7,300,4,1010.8,625,16
317,2025-11-26 14:51:28+05:30,1010.5,143,1002.38,8350163,391179.0,443894.0,986.2,1012.8,981.3,986.2,120521250,1084.8,887.6,1102.5,649.1,1010.2,400,6,1010.1,1062,7,1010.0,2203,14,1009.9,849,15,1009.8,4130,16,1010.5,179,3,1010.6,521,10,1010.7,452,7,1010.8,1218,8,1010.9,1117,13
317,2025-11-26 14:51:28+05:30,1010.5,67,1002.38,8350163,391179.0,443894.0,986.2,1012.8,981.3,986.2,120521250,1084.8,887.6,1102.5,649.1,1010.2,400,6,1010.1,1062,7,1010.0,2203,14,1009.9,849,15,1009.8,4130,16,1010.5,179,3,1010.6,521,10,1010.7,452,7,1010.8,1218,8,1010.9,1117,13
317,2025-11-26 14:51:29+05:30,1010.4,2,1002.38,8350266,392643.0,444446.0,986.2,1012.8,981.3,986.2,120521250,1084.8,887.6,1102.5,649.1,1010.2,394,5,1010.1,1079,7,1010.0,2241,16,1009.9,1320,15,1009.8,5880,18,1010.4,353,3,1010.5,396,6,1010.6,224,5,1010.7,452,7,1010.8,1218,8
317,2025-11-26 14:51:29+05:30,1010.4,2,1002.38,8350266,392643.0,444446.0,986.2,1012.8,981.3,986.2,120521250,1084.8,887.6,1102.5,649.1,1010.2,394,5,1010.1,1079,7,1010.0,2241,16,1009.9,1320,15,1009.8,5880,18,1010.4,353,3,1010.5,396,6,1010.6,224,5,1010.7,452,7,1010.8,1218,8
317,2025-11-26 14:51:30+05:30,1010.4,27,1002.38,8350883,392990.0,444579.0,986.2,1012.8,981.3,986.2,120521250,1084.8,887.6,1102.5,649.1,1010.2,816,6,1010.1,1065,9,1010.0,2708,16,1009.9,738,9,1009.8,5418,14,1010.4,230,2,1010.5,307,5,1010.6,245,3,1010.7,334,7,1010.8,650,14
317,2025-11-26 14:51:30+05:30,1010.4,27,1002.38,8350883,392990.0,444579.0,986.2,1012.8,981.3,986.2,120521250,1084.8,887.6,1102.5,649.1,1010.2,816,6,1010.1,1065,9,1010.0,2708,16,1009.9,738,9,1009.8,5418,14,1010.4,230,2,1010.5,307,5,1010.6,245,3,1010.7,334,7,1010.8,650,14
317,2025-11-26 14:51:31+05:30,1010.4,1,1002.38,8350893,394574.0,444809.0,986.2,1012.8,981.3,986.2,120521250,1084.8,887.6,1102.5,649.1,1010.2,1593,9,1010.1,998,7,1010.0,2774,18,1009.9,817,14,1009.8,5444,16,1010.3,150,1,1010.4,440,5,1010.5,96,3,1010.6,271,5,1010.7,368,6
317,2025-11-26 14:51:31+05:30,1010.4,1,1002.38,8350893,394574.0,444809.0,986.2,1012.8,981.3,986.2,120521250,1084.8,887.6,1102.5,649.1,1010.2,1593,9,1010.1,998,7,1010.0,2774,18,1009.9,817,14,1009.8,5444,16,1010.3,150,1,1010.4,440,5,1010.5,96,3,1010.6,271,5,1010.7,368,6
317,2025-11-26 14:51:32+05:30,1010.3,4,1002.38,8350893,394574.0,444809.0,986.2,1012.8,981.3,986.2,120521250,1084.8,887.6,1102.5,649.1,1010.2,1593,9,1010.1,998,7,1010.0,2774,18,1009.9,817,14,1009.8,5444,16,1010.3,150,1,1010.4,440,5,1010.5,96,3,1010.6,271,5,1010.7,368,6
317,2025-11-26 14:51:32+05:30,1010.3,4,1002.38,8350898,395519.0,445125.0,986.2,1012.8,981.3,986.2,120521250,1084.8,887.6,1102.5,649.1,1010.2,1606,10,1010.1,953,6,1010.0,2714,17,1009.9,817,14,1009.8,6944,18,1010.3,533,5,1010.4,440,5,1010.6,271,5,1010.7,1118,7,1010.8,650,14
317,2025-11-26 14:51:33+05:30,1010.2,150,1002.38,8350898,395519.0,445125.0,986.2,1012.8,981.3,986.2,120521250,1084.8,887.6,1102.5,649.1,1010.2,1606,10,1010.1,953,6,1010.0,2714,17,1009.9,817,14,1009.8,6944,18,1010.3,533,5,1010.4,440,5,1010.6,271,5,1010.7,1118,7,1010.8,650,14
317,2025-11-26 14:51:33+05:30,1010.2,150,1002.38,8351380,395132.0,445313.0,986.2,1012.8,981.3,986.2,120521250,1084.8,887.6,1102.5,649.1,1010.2,1251,10,1010.1,787,3,1010.0,2176,11,1009.9,786,14,1009.8,6971,19,1010.3,548,7,1010.4,343,5,1010.5,361,7,1010.6,515,7,1010.7,1118,7
317,2025-11-26 14:51:34+05:30,1010.3,1,1002.38,8351380,395132.0,445313.0,986.2,1012.8,981.3,986.2,120521250,1084.8,887.6,1102.5,649.1,1010.2,1251,10,1010.1,787,3,1010.0,2176,11,1009.9,786,14,1009.8,6971,19,1010.3,548,7,1010.4,343,5,1010.5,361,7,1010.6,515,7,1010.7,1118,7
317,2025-11-26 14:51:34+05:30,1010.3,1,1002.38,8351832,394927.0,445127.0,986.2,1012.8,981.3,986.2,120521250,1084.8,887.6,1102.5,649.1,1010.2,1621,10,1010.1,787,3,1010.0,2209,12,1009.9,786,14,1009.8,6958,18,1010.3,232,4,1010.4,424,8,1010.5,177,2,1010.6,598,10,1010.7,514,8
317,2025-11-26 14:51:35+05:30,1010.3,8,1002.38,8351832,394927.0,445127.0,986.2,1012.8,981.3,986.2,120521250,1084.8,887.6,1102.5,649.1,1010.2,1621,10,1010.1,787,3,1010.0,2209,12,1009.9,786,14,1009.8,6958,18,1010.3,232,4,1010.4,424,8,1010.5,177,2,1010.6,598,10,1010.7,514,8
317,2025-11-26 14:51:35+05:30,1010.3,8,1002.38,8352145,395155.0,445764.0,986.2,1012.8,981.3,986.2,120521250,1084.8,887.6,1102.5,649.1,1010.2,1326,10,1010.1,787,3,1010.0,2176,11,1009.9,753,13,1009.8,7004,20,1010.3,656,8,1010.4,144,5,1010.5,352,7,1010.6,572,8,1010.7,1231,8
317,2025-11-26 14:51:36+05:30,1010.3,7,1002.38,8352145,395155.0,445764.0,986.2,1012.8,981.3,986.2,120521250,1084.8,887.6,1102.5,649.1,1010.2,1326,10,1010.1,787,3,1010.0,2176,11,1009.9,753,13,1009.8,7004,20,1010.3,656,8,1010.4,144,5,1010.5,352,7,1010.6,572,8,1010.7,1231,8
317,2025-11-26 14:51:36+05:30,1010.3,15,1002.38,8353186,395192.0,443666.0,986.2,1012.8,981.3,986.2,120521250,1084.8,887.6,1102.5,649.1,1010.3,214,1,1010.2,1326,10,1010.1,888,6,1010.0,2555,15,1009.9,822,14,1010.4,59,3,1010.5,58,1,1010.6,300,5,1010.7,581,9,1010.8,599,9
317,2025-11-26 14:51:37+05:30,1010.3,15,1002.38,8353186,395192.0,443666.0,986.2,1012.8,981.3,986.2,120521250,1084.8,887.6,1102.5,649.1,1010.3,214,1,1010.2,1326,10,1010.1,888,6,1010.0,2555,15,1009.9,822,14,1010.4,59,3,1010.5,58,1,1010.6,300,5,1010.7,581,9,1010.8,599,9
317,2025-11-26 14:51:37+05:30,1010.4,16,1002.38,8353261,393475.0,444158.0,986.2,1012.8,981.3,986.2,120521250,1084.8,887.6,1102.5,649.1,1010.3,227,2,1010.2,1313,9,1010.1,980,7,1010.0,2442,14,1009.9,822,14,1010.4,319,4,1010.5,58,1,1010.6,300,5,1010.7,548,8,1010.8,625,11
317,2025-11-26 14:51:38+05:30,1010.4,81,1002.38,8353261,393475.0,444158.0,986.2,1012.8,981.3,986.2,120521250,1084.8,887.6,1102.5,649.1,1010.3,227,2,1010.2,1313,9,1010.1,980,7,1010.0,2442,14,1009.9,822,14,1010.4,319,4,1010.5,58,1,1010.6,300,5,1010.7,548,8,1010.8,625,11
317,2025-11-26 14:51:38+05:30,1010.4,81,1002.38,8353342,393072.0,444472.0,986.2,1012.8,981.3,986.2,120521250,1084.8,887.6,1102.5,649.1,1010.3,228,3,1010.2,1312,8,1010.1,821,5,1010.0,2442,14,1009.9,776,10,1010.4,530,8,1010.5,61,2,1010.6,452,8,1010.7,581,9,1010.8,1846,10
317,2025-11-26 14:51:39+05:30,1010.3,100,1002.38,8353342,393072.0,444472.0,986.2,1012.8,981.3,986.2,120521250,1084.8,887.6,1102.5,649.1,1010.3,228,3,1010.2,1312,8,1010.1,821,5,1010.0,2442,14,1009.9,776,10,1010.4,530,8,1010.5,61,2,1010.6,452,8,1010.7,581,9,1010.8,1846,10
317,2025-11-26 14:51:39+05:30,1010.3,100,1002.38,8353444,393277.0,444977.0,986.2,1012.8,981.3,986.2,120521250,1084.8,887.6,1102.5,649.1,1010.3,128,3,1010.2,1312,8,1010.1,821,5,1010.0,2409,13,1009.9,776,10,1010.4,627,8,1010.5,506,8,1010.6,485,9,1010.7,548,8,1010.8,1846,10
317,2025-11-26 14:51:40+05:30,1010.4,1,1002.38,8353444,393277.0,444977.0,986.2,1012.8,981.3,986.2,120521250,1084.8,887.6,1102.5,649.1,1010.3,128,3,1010.2,1312,8,1010.1,821,5,1010.0,2409,13,1009.9,776,10,1010.4,627,8,1010.5,506,8,1010.6,485,9,1010.7,548,8,1010.8,1846,10
317,2025-11-26 14:51:41+05:30,1010.3,2,1002.38,8354094,391147.0,445375.0,986.2,1012.8,981.3,986.2,120521250,1084.8,887.6,1102.5,649.1,1010.2,91,5,1010.1,71,4,1010.0,2921,11,1009.9,360,5,1009.8,3855,10,1010.3,108,1,1010.4,350,8,1010.5,569,9,1010.6,536,7,1010.7,574,10
317,2025-11-26 14:51:41+05:30,1010.2,8,1002.38,8354094,391147.0,445375.0,986.2,1012.8,981.3,986.2,120521250,1084.8,887.6,1102.5,649.1,1010.2,91,5,1010.1,71,4,1010.0,2921,11,1009.9,360,5,1009.8,3855,10,1010.3,108,1,1010.4,350,8,1010.5,569,9,1010.6,536,7,1010.7,574,10
317,2025-11-26 14:51:42+05:30,1010.2,4,1002.38,8354510,391319.0,445294.0,986.2,1012.8,981.3,986.2,120521250,1084.8,887.6,1102.5,649.1,1010.2,5,1,1010.1,42,4,1010.0,3671,12,1009.9,178,2,1009.8,3737,9,1010.3,312,3,1010.4,582,9,1010.5,398,8,1010.6,562,9,1010.7,548,8
317,2025-11-26 14:51:42+05:30,1010.2,4,1002.38,8354510,391319.0,445294.0,986.2,1012.8,981.3,986.2,120521250,1084.8,887.6,1102.5,649.1,1010.2,5,1,1010.1,42,4,1010.0,3671,12,1009.9,178,2,1009.8,3737,9,1010.3,312,3,1010.4,582,9,1010.5,398,8,1010.6,562,9,1010.7,548,8
317,2025-11-26 14:51:43+05:30,1010.3,23,1002.38,8354557,390085.0,446117.0,986.2,1012.8,981.3,986.2,120521250,1084.8,887.6,1102.5,649.1,1010.1,41,4,1010.0,2171,10,1009.9,1500,2,1009.8,3799,10,1009.7,837,12,1010.3,617,8,1010.4,394,5,1010.5,533,11,1010.6,556,8,1010.7,1298,9
317,2025-11-26 14:51:43+05:30,1010.1,20,1002.38,8354557,390085.0,446117.0,986.2,1012.8,981.3,986.2,120521250,1084.8,887.6,1102.5,649.1,1010.1,41,4,1010.0,2171,10,1009.9,1500,2,1009.8,3799,10,1009.7,837,12,1010.3,617,8,1010.4,394,5,1010.5,533,11,1010.6,556,8,1010.7,1298,9
317,2025-11-26 14:51:44+05:30,1010.3,90,1002.38,8354850,389950.0,446048.0,986.2,1012.8,981.3,986.2,120521250,1084.8,887.6,1102.5,649.1,1010.2,50,1,1010.1,11,2,1010.0,2131,11,1009.9,1659,4,1009.8,3799,10,1010.3,372,6,1010.4,540,6,1010.5,537,10,1010.6,569,9,1010.7,1540,14
317,2025-11-26 14:51:44+05:30,1010.3,3,1002.38,8354850,389950.0,446048.0,986.2,1012.8,981.3,986.2,120521250,1084.8,887.6,1102.5,649.1,1010.2,50,1,1010.1,11,2,1010.0,2131,11,1009.9,1659,4,1009.8,3799,10,1010.3,372,6,1010.4,540,6,1010.5,537,10,1010.6,569,9,1010.7,1540,14
317,2025-11-26 14:51:45+05:30,1010.3,3,1002.38,8354850,389950.0,446048.0,986.2,1012.8,981.3,986.2,120521250,1084.8,887.6,1102.5,649.1,1010.2,50,1,1010.1,11,2,1010.0,2131,11,1009.9,1659,4,1009.8,3799,10,1010.3,372,6,1010.4,540,6,1010.5,537,10,1010.6,569,9,1010.7,1540,14
317,2025-11-26 14:51:46+05:30,1010.3,1,1002.38,8355612,390323.0,445135.0,986.2,1012.8,981.3,986.2,120521250,1084.8,887.6,1102.5,649.1,1010.1,63,2,1010.0,2838,15,1009.9,1924,8,1009.8,3913,11,1009.7,938,12,1010.3,373,5,1010.4,184,3,1010.5,295,5,1010.6,1094,11,1010.7,1533,13
317,2025-11-26 14:51:46+05:30,1010.3,1,1002.38,8355612,390323.0,445135.0,986.2,1012.8,981.3,986.2,120521250,1084.8,887.6,1102.5,649.1,1010.1,63,2,1010.0,2838,15,1009.9,1924,8,1009.8,3913,11,1009.7,938,12,1010.3,373,5,1010.4,184,3,1010.5,295,5,1010.6,1094,11,1010.7,1533,13
317,2025-11-26 14:51:47+05:30,1010.3,1,1002.38,8355612,391238.0,445497.0,986.2,1012.8,981.3,986.2,120521250,1084.8,887.6,1102.5,649.1,1010.1,8,1,1010.0,2758,13,1009.9,1749,6,1009.8,3943,12,1009.7,938,12,1010.2,292,4,1010.3,373,5,1010.4,184,3,1010.5,382,7,1010.6,1077,11
317,2025-11-26 14:51:48+05:30,1010.2,3,1002.38,8355612,391238.0,445497.0,986.2,1012.8,981.3,986.2,120521250,1084.8,887.6,1102.5,649.1,1010.1,8,1,1010.0,2758,13,1009.9,1749,6,1009.8,3943,12,1009.7,938,12,1010.2,292,4,1010.3,373,5,1010.4,184,3,1010.5,382,7,1010.6,1077,11
317,2025-11-26 14:51:48+05:30,1010.2,3,1002.38,8356061,391091.0,445683.0,986.2,1012.8,981.3,986.2,120521250,1084.8,887.6,1102.5,649.1,1010.1,21,1,1010.0,2837,14,1009.9,1833,6,1009.8,3879,11,1009.7,938,12,1010.2,593,5,1010.3,176,4,1010.4,42,2,1010.5,323,8,1010.6,1301,8
317,2025-11-26 14:51:49+05:30,1010.2,7,1002.38,8356061,391091.0,445683.0,986.2,1012.8,981.3,986.2,120521250,1084.8,887.6,1102.5,649.1,1010.1,21,1,1010.0,2837,14,1009.9,1833,6,1009.8,3879,11,1009.7,938,12,1010.2,593,5,1010.3,176,4,1010.4,42,2,1010.5,323,8,1010.6,1301,8
317,2025-11-26 14:51:49+05:30,1010.2,7,1002.38,8357040,396398.0,444447.0,986.2,1012.8,981.3,986.2,120521250,1084.8,887.6,1102.5,649.1,1010.2,1621,7,1010.1,1873,10,1010.0,3406,17,1009.9,557,7,1009.8,3914,11,1010.3,110,2,1010.4,89,3,1010.5,6,3,1010.6,111,1,1010.7,309,4
317,2025-11-26 14:51:50+05:30,1010.3,53,1002.38,8357040,396398.0,444447.0,986.2,1012.8,981.3,986.2,120521250,1084.8,887.6,1102.5,649.1,1010.2,1621,7,1010.1,1873,10,1010.0,3406,17,1009.9,557,7,1009.8,3914,11,1010.3,110,2,1010.4,89,3,1010.5,6,3,1010.6,111,1,1010.7,309,4
317,2025-11-26 14:51:50+05:30,1010.3,53,1002.38,8357226,395074.0,445504.0,986.2,1012.8,981.3,986.2,120521250,1084.8,887.6,1102.5,649.1,1010.2,1483,7,1010.1,1590,5,1010.0,3243,16,1009.9,663,9,1009.8,3914,11,1010.3,103,3,1010.4,524,6,1010.5,74,4,1010.6,996,8,1010.7,1211,8
317,2025-11-26 14:51:51+05:30,1010.3,2,1002.38,8357226,395074.0,445504.0,986.2,1012.8,981.3,986.2,120521250,1084.8,887.6,1102.5,649.1,1010.2,1483,7,1010.1,1590,5,1010.0,3243,16,1009.9,663,9,1009.8,3914,11,1010.3,103,3,1010.4,524,6,1010.5,74,4,1010.6,996,8,1010.7,1211,8
317,2025-11-26 14:51:51+05:30,1010.3,2,1002.38,8357229,394987.0,445935.0,986.2,1012.8,981.3,986.2,120521250,1084.8,887.6,1102.5,649.1,1010.2,1482,6,1010.1,1535,4,1010.0,3183,14,1009.9,692,10,1009.8,3914,11,1010.3,497,6,1010.4,539,6,1010.5,74,4,1010.6,1027,9,1010.7,1181,7
317,2025-11-26 14:51:52+05:30,1010.2,150,1002.38,8357229,394987.0,445935.0,986.2,1012.8,981.3,986.2,120521250,1084.8,887.6,1102.5,649.1,1010.2,1482,6,1010.1,1535,4,1010.0,3183,14,1009.9,692,10,1009.8,3914,11,1010.3,497,6,1010.4,539,6,1010.5,74,4,1010.6,1027,9,1010.7,1181,7
317,2025-11-26 14:51:52+05:30,1010.2,150,1002.38,8357500,394324.0,446093.0,986.2,1012.8,981.3,986.2,120521250,1084.8,887.6,1102.5,649.1,1010.2,1212,6,1010.1,1535,4,1010.0,3122,13,1009.9,601,8,1009.8,3945,12,1010.3,894,10,1010.4,160,2,1010.5,345,8,1010.6,1083,10,1010.7,1181,7
317,2025-11-26 14:51:53+05:30,1010.3,1,1002.38,8357500,394324.0,446093.0,986.2,1012.8,981.3,986.2,120521250,1084.8,887.6,1102.5,649.1,1010.2,1212,6,1010.1,1535,4,1010.0,3122,13,1009.9,601,8,1009.8,3945,12,1010.3,894,10,1010.4,160,2,1010.5,345,8,1010.6,1083,10,1010.7,1181,7
317,2025-11-26 14:51:53+05:30,1010.3,1,1002.38,8358255,390852.0,445989.0,986.2,1012.8,981.3,986.2,120521250,1084.8,887.6,1102.5,649.1,1010.2,481,5,1010.1,25,3,1010.0,2991,11,1009.9,1835,6,1009.8,3788,10,1010.3,761,11,1010.4,444,7,1010.5,396,9,1010.6,567,9,1010.7,1181,7
317,2025-11-26 14:51:54+05:30,1010.3,2,1002.38,8358255,390852.0,445989.0,986.2,1012.8,981.3,986.2,120521250,1084.8,887.6,1102.5,649.1,1010.2,481,5,1010.1,25,3,1010.0,2991,11,1009.9,1835,6,1009.8,3788,10,1010.3,761,11,1010.4,444,7,1010.5,396,9,1010.6,567,9,1010.7,1181,7
317,2025-11-26 14:51:54+05:30,1010.3,2,1002.38,8358909,390144.0,446015.0,986.2,1012.8,981.3,986.2,120521250,1084.8,887.6,1102.5,649.1,1010.2,44,4,1010.1,25,3,1010.0,2747,10,1009.9,1647,4,1009.8,3601,8,1010.3,433,8,1010.4,344,7,1010.5,396,9,1010.6,567,9,1010.7,1181,7
317,2025-11-26 14:51:55+05:30,1010.3,12,1002.38,8358909,390144.0,446015.0,986.2,1012.8,981.3,986.2,120521250,1084.8,887.6,1102.5,649.1,1010.2,44,4,1010.1,25,3,1010.0,2747,10,1009.9,1647,4,1009.8,3601,8,1010.3,433,8,1010.4,344,7,1010.5,396,9,1010.6,567,9,1010.7,1181,7
317,2025-11-26 14:51:55+05:30,1010.1,8,1002.39,8359189,390119.0,446026.0,986.2,1012.8,981.3,986.2,120521250,1084.8,887.6,1102.5,649.1,1010.1,30,4,1010.0,2750,11,1009.9,1538,3,1009.8,3663,10,1009.7,981,15,1010.3,385,7,1010.4,244,5,1010.5,536,11,1010.6,567,9,1010.7,1181,7
317,2025-11-26 14:51:56+05:30,1010.2,8,1002.39,8359189,390119.0,446026.0,986.2,1012.8,981.3,986.2,120521250,1084.8,887.6,1102.5,649.1,1010.1,30,4,1010.0,2750,11,1009.9,1538,3,1009.8,3663,10,1009.7,981,15,1010.3,385,7,1010.4,244,5,1010.5,536,11,1010.6,567,9,1010.7,1181,7
317,2025-11-26 14:51:56+05:30,1010.0,302,1002.39,8360350,389903.0,446045.0,986.2,1012.8,981.3,986.2,120521250,1084.8,887.6,1102.5,649.1,1010.0,2453,12,1009.9,1743,7,1009.8,3868,11,1009.7,904,14,1009.6,1401,13,1010.3,188,4,1010.4,156,3,1010.5,526,9,1010.6,1007,9,1010.7,1249,8
317,2025-11-26 14:51:57+05:30,1010.2,73,1002.39,8360350,389903.0,446045.0,986.2,1012.8,981.3,986.2,120521250,1084.8,887.6,1102.5,649.1,1010.0,2453,12,1009.9,1743,7,1009.8,3868,11,1009.7,904,14,1009.6,1401,13,1010.3,188,4,1010.4,156,3,1010.5,526,9,1010.6,1007,9,1010.7,1249,8
317,2025-11-26 14:51:57+05:30,1010.2,73,1002.39,8360573,390856.0,446617.0,986.2,1012.8,981.3,986.2,120521250,1084.8,887.6,1102.5,649.1,1010.2,21,1,1010.1,55,1,1010.0,2753,16,1009.9,2006,9,1009.8,3868,11,1010.3,729,5,1010.4,184,4,1010.5,392,8,1010.6,975,9,1010.7,1249,8
317,2025-11-26 14:51:58+05:30,1010.2,150,1002.39,8360573,390856.0,446617.0,986.2,1012.8,981.3,986.2,120521250,1084.8,887.6,1102.5,649.1,1010.2,21,1,1010.1,55,1,1010.0,2753,16,1009.9,2006,9,1009.8,3868,11,1010.3,729,5,1010.4,184,4,1010.5,392,8,1010.6,975,9,1010.7,1249,8
317,2025-11-26 14:51:58+05:30,1010.3,1,1002.39,8361020,390220.0,446713.0,986.2,1012.8,981.3,986.2,120521250,1084.8,887.6,1102.5,649.1,1010.2,21,1,1010.1,106,3,1010.0,2549,15,1009.9,1939,8,1009.8,3837,10,1010.3,683,4,1010.4,351,5,1010.5,257,6,1010.6,1087,10,1010.7,1255,9
317,2025-11-26 14:51:59+05:30,1010.3,1,1002.39,8361020,390220.0,446713.0,986.2,1012.8,981.3,986.2,120521250,1084.8,887.6,1102.5,649.1,1010.2,21,1,1010.1,106,3,1010.0,2549,15,1009.9,1939,8,1009.8,3837,10,1010.3,683,4,1010.4,351,5,1010.5,257,6,1010.6,1087,10,1010.7,1255,9
317,2025-11-26 14:51:59+05:30,1010.3,1,1002.39,8362146,392228.0,446660.0,986.2,1012.8,981.3,986.2,120521250,1084.8,887.6,1102.5,649.1,1010.2,5,1,1010.1,845,6,1010.0,4386,19,1009.9,577,8,1009.8,3902,11,1010.3,174,3,1010.6,303,6,1010.7,518,9,1010.8,1250,7,1010.9,1347,17
317,2025-11-26 14:52:00+05:30,1010.3,1,1002.39,8362146,392228.0,446660.0,986.2,1012.8,981.3,986.2,120521250,1084.8,887.6,1102.5,649.1,1010.2,5,1,1010.1,845,6,1010.0,4386,19,1009.9,577,8,1009.8,3902,11,1010.3,174,3,1010.6,303,6,1010.7,518,9,1010.8,1250,7,1010.9,1347,17
317,2025-11-26 14:52:00+05:30,1010.3,1,1002.39,8362275,392053.0,446463.0,986.2,1012.8,981.3,986.2,120521250,1084.8,887.6,1102.5,649.1,1010.2,44,4,1010.1,251,5,1010.0,4233,16,1009.9,577,8,1009.8,3902,11,1010.3,191,3,1010.4,246,3,1010.5,57,1,1010.6,360,7,1010.7,1016,10
317,2025-11-26 14:52:01+05:30,1010.3,1,1002.39,8362275,392053.0,446463.0,986.2,1012.8,981.3,986.2,120521250,1084.8,887.6,1102.5,649.1,1010.2,44,4,1010.1,251,5,1010.0,4233,16,1009.9,577,8,1009.8,3902,11,1010.3,191,3,1010.4,246,3,1010.5,57,1,1010.6,360,7,1010.7,1016,10
317,2025-11-26 14:52:01+05:30,1010.3,1,1002.39,8362285,392040.0,446525.0,986.2,1012.8,981.3,986.2,120521250,1084.8,887.6,1102.5,649.1,1010.2,40,4,1010.1,220,4,1010.0,4179,15,1009.9,685,10,1009.8,3902,11,1010.3,264,5,1010.4,292,5,1010.6,360,7,1010.7,1016,10,1010.8,1258,8
317,2025-11-26 14:52:02+05:30,1010.2,73,1002.39,8362285,392040.0,446525.0,986.2,1012.8,981.3,986.2,120521250,1084.8,887.6,1102.5,649.1,1010.2,40,4,1010.1,220,4,1010.0,4179,15,1009.9,685,10,1009.8,3902,11,1010.3,264,5,1010.4,292,5,1010.6,360,7,1010.7,1016,10,1010.8,1258,8
317,2025-11-26 14:52:02+05:30,1010.2,73,1002.39,8362767,391104.0,446493.0,986.2,1012.8,981.3,986.2,120521250,1084.8,887.6,1102.5,649.1,1010.2,21,1,1010.1,13,1,1010.0,4112,15,1009.9,635,10,1009.8,3905,11,1010.3,443,4,1010.4,192,3,1010.5,57,1,1010.6,419,8,1010.7,1022,11
317,2025-11-26 14:52:03+05:30,1010.3,22,1002.39,8362767,391104.0,446493.0,986.2,1012.8,981.3,986.2,120521250,1084.8,887.6,1102.5,649.1,1010.2,21,1,1010.1,13,1,1010.0,4112,15,1009.9,635,10,1009.8,3905,11,1010.3,443,4,1010.4,192,3,1010.5,57,1,1010.6,419,8,1010.7,1022,11
317,2025-11-26 14:52:03+05:30,1010.3,22,1002.39,8362797,391636.0,446283.0,986.2,1012.8,981.3,986.2,120521250,1084.8,887.6,1102.5,649.1,1010.2,14,1,1010.1,13,1,1010.0,4312,17,1009.9,581,9,1009.8,3959,12,1010.3,560,6,1010.4,192,3,1010.5,184,2,1010.6,391,9,1010.7,1722,9
317,2025-11-26 14:52:04+05:30,1010.3,96,1002.39,8362797,391636.0,446283.0,986.2,1012.8,981.3,986.2,120521250,1084.8,887.6,1102.5,649.1,1010.2,14,1,1010.1,13,1,1010.0,4312,17,1009.9,581,9,1009.8,3959,12,1010.3,560,6,1010.4,192,3,1010.5,184,2,1010.6,391,9,1010.7,1722,9
317,2025-11-26 14:52:04+05:30,1010.3,96,1002.39,8363010,391677.0,446306.0,986.2,1012.8,981.3,986.2,120521250,1084.8,887.6,1102.5,649.1,1010.2,14,1,1010.1,21,2,1010.0,4323,17,1009.9,527,8,1009.8,3959,12,1010.3,493,7,1010.4,192,3,1010.5,184,2,1010.6,391,9,1010.7,1722,9
317,2025-11-26 14:52:05+05:30,1010.3,1,1002.39,8363010,391677.0,446306.0,986.2,1012.8,981.3,986.2,120521250,1084.8,887.6,1102.5,649.1,1010.2,14,1,1010.1,21,2,1010.0,4323,17,1009.9,527,8,1009.8,3959,12,1010.3,493,7,1010.4,192,3,1010.5,184,2,1010.6,391,9,1010.7,1722,9
317,2025-11-26 14:52:05+05:30,1010.3,1,1002.39,8363689,391232.0,446173.0,986.2,1012.8,981.3,986.2,120521250,1084.8,887.6,1102.5,649.1,1010.1,167,4,1010.0,4394,19,1009.9,581,9,1009.8,3905,11,1009.7,991,14,1010.3,222,4,1010.4,119,3,1010.6,391,9,1010.7,1017,8,1010.8,1315,8
317,2025-11-26 14:52:06+05:30,1010.2,76,1002.39,8363689,391232.0,446173.0,986.2,1012.8,981.3,986.2,120521250,1084.8,887.6,1102.5,649.1,1010.1,167,4,1010.0,4394,19,1009.9,581,9,1009.8,3905,11,1009.7,991,14,1010.3,222,4,1010.4,119,3,1010.6,391,9,1010.7,1017,8,1010.8,1315,8
317,2025-11-26 14:52:06+05:30,1010.2,76,1002.39,8363945,391515.0,445970.0,986.2,1012.8,981.3,986.2,120521250,1084.8,887.6,1102.5,649.1,1010.2,106,3,1010.1,200,5,1010.0,4627,23,1009.9,527,8,1009.8,3905,11,1010.3,185,3,1010.4,119,3,1010.6,204,6,1010.7,903,6,1010.8,1315,8
317,2025-11-26 14:52:07+05:30,1010.1,2,1002.39,8363945,391515.0,445970.0,986.2,1012.8,981.3,986.2,120521250,1084.8,887.6,1102.5,649.1,1010.2,106,3,1010.1,200,5,1010.0,4627,23,1009.9,527,8,1009.8,3905,11,1010.3,185,3,1010.4,119,3,1010.6,204,6,1010.7,903,6,1010.8,1315,8
317,2025-11-26 14:52:07+05:30,1010.1,2,1002.39,8363991,393208.0,446495.0,986.2,1012.8,981.3,986.2,120521250,1084.8,887.6,1102.5,649.1,1010.1,39,2,1010.0,4558,20,1009.9,635,10,1009.8,3905,11,1009.7,992,15,1010.2,135,3,1010.3,459,5,1010.4,119,3,1010.5,242,2,1010.6,330,9
317,2025-11-26 14:52:08+05:30,1010.2,61,1002.39,8363991,393208.0,446495.0,986.2,1012.8,981.3,986.2,120521250,1084.8,887.6,1102.5,649.1,1010.1,39,2,1010.0,4558,20,1009.9,635,10,1009.8,3905,11,1009.7,992,15,1010.2,135,3,1010.3,459,5,1010.4,119,3,1010.5,242,2,1010.6,330,9
317,2025-11-26 14:52:08+05:30,1010.2,61,1002.39,8364344,391859.0,445784.0,986.2,1012.8,981.3,986.2,120521250,1084.8,887.6,1102.5,649.1,1010.1,130,3,1010.0,4601,24,1009.9,655,9,1009.8,3905,11,1009.7,1022,15,1010.3,460,5,1010.4,119,3,1010.5,255,3,1010.6,227,6,1010.7,1173,7
317,2025-11-26 14:52:09+05:30,1010.3,85,1002.39,8364344,391859.0,445784.0,986.2,1012.8,981.3,986.2,120521250,1084.8,887.6,1102.5,649.1,1010.1,130,3,1010.0,4601,24,1009.9,655,9,1009.8,3905,11,1009.7,1022,15,1010.3,460,5,1010.4,119,3,1010.5,255,3,1010.6,227,6,1010.7,1173,7
317,2025-11-26 14:52:09+05:30,1010.3,85,1002.39,8364641,391940.0,446482.0,986.2,1012.8,981.3,986.2,120521250,1084.8,887.6,1102.5,649.1,1010.1,94,3,1010.0,4632,23,1009.9,582,9,1009.8,3905,11,1009.7,1037,16,1010.3,584,7,1010.4,16,2,1010.6,350,9,1010.7,1730,8,1010.8,618,9
317,2025-11-26 14:52:10+05:30,1010.3,1,1002.39,8364641,391940.0,446482.0,986.2,1012.8,981.3,986.2,120521250,1084.8,887.6,1102.5,649.1,1010.1,94,3,1010.0,4632,23,1009.9,582,9,1009.8,3905,11,1009.7,1037,16,1010.3,584,7,1010.4,16,2,1010.6,350,9,1010.7,1730,8,1010.8,618,9
317,2025-11-26 14:52:10+05:30,1010.3,1,1002.39,8364779,391527.0,447575.0,986.2,1012.8,981.3,986.2,120521250,1084.8,887.6,1102.5,649.1,1010.2,21,1,1010.1,72,3,1010.0,4458,20,1009.9,436,8,1009.8,3919,11,1010.3,647,9,1010.4,94,3,1010.5,281,5,1010.6,445,8,1010.7,1223,8
317,2025-11-26 14:52:11+05:30,1010.3,11,1002.39,8364779,391527.0,447575.0,986.2,1012.8,981.3,986.2,120521250,1084.8,887.6,1102.5,649.1,1010.2,21,1,1010.1,72,3,1010.0,4458,20,1009.9,436,8,1009.8,3919,11,1010.3,647,9,1010.4,94,3,1010.5,281,5,1010.6,445,8,1010.7,1223,8
317,2025-11-26 14:52:11+05:30,1010.3,11,1002.39,8365573,395619.0,447811.0,986.2,1012.8,981.3,986.2,120521250,1084.8,887.6,1102.5,649.1,1010.2,1602,5,1010.1,332,8,1010.0,3315,21,1009.9,545,8,1009.8,7493,18,1010.3,379,3,1010.4,229,4,1010.6,212,6,1010.7,493,7,1010.8,1315,8
317,2025-11-26 14:52:12+05:30,1010.2,146,1002.39,8365573,395619.0,447811.0,986.2,1012.8,981.3,986.2,120521250,1084.8,887.6,1102.5,649.1,1010.2,1602,5,1010.1,332,8,1010.0,3315,21,1009.9,545,8,1009.8,7493,18,1010.3,379,3,1010.4,229,4,1010.6,212,6,1010.7,493,7,1010.8,1315,8
317,2025-11-26 14:52:12+05:30,1010.2,146,1002.39,8365818,395501.0,448085.0,986.2,1012.8,981.3,986.2,120521250,1084.8,887.6,1102.5,649.1,1010.2,1397,6,1010.1,261,6,1010.0,3412,21,1009.9,545,8,1009.8,7506,19,1010.3,633,6,1010.4,193,3,1010.6,212,6,1010.7,1243,8,1010.8,1116,8
317,2025-11-26 14:52:13+05:30,1010.3,4,1002.39,8365818,395501.0,448085.0,986.2,1012.8,981.3,986.2,120521250,1084.8,887.6,1102.5,649.1,1010.2,1397,6,1010.1,261,6,1010.0,3412,21,1009.9,545,8,1009.8,7506,19,1010.3,633,6,1010.4,193,3,1010.6,212,6,1010.7,1243,8,1010.8,1116,8
317,2025-11-26 14:52:13+05:30,1010.3,1,1002.39,8366155,394433.0,448192.0,986.2,1012.8,981.3,986.2,120521250,1084.8,887.6,1102.5,649.1,1010.2,1098,6,1010.1,163,4,1010.0,3052,15,1009.9,645,10,1009.8,7506,19,1010.3,603,6,1010.4,358,4,1010.6,267,7,1010.7,1243,8,1010.8,1116,8
317,2025-11-26 14:52:14+05:30,1010.3,3,1002.39,8366155,394433.0,448192.0,986.2,1012.8,981.3,986.2,120521250,1084.8,887.6,1102.5,649.1,1010.2,1098,6,1010.1,163,4,1010.0,3052,15,1009.9,645,10,1009.8,7506,19,1010.3,603,6,1010.4,358,4,1010.6,267,7,1010.7,1243,8,1010.8,1116,8
317,2025-11-26 14:52:14+05:30,1010.3,3,1002.39,8366753,394425.0,448244.0,986.2,1012.8,981.3,986.2,120521250,1084.8,887.6,1102.5,649.1,1010.2,504,5,1010.1,63,2,1010.0,2875,13,1009.9,518,8,1009.8,7555,19,1010.3,343,6,1010.4,414,5,1010.5,437,8,1010.6,531,9,1010.7,1243,8
317,2025-11-26 14:52:15+05:30,1010.3,50,1002.39,8366753,394425.0,448244.0,986.2,1012.8,981.3,986.2,120521250,1084.8,887.6,1102.5,649.1,1010.2,504,5,1010.1,63,2,1010.0,2875,13,1009.9,518,8,1009.8,7555,19,1010.3,343,6,1010.4,414,5,1010.5,437,8,1010.6,531,9,1010.7,1243,8
317,2025-11-26 14:52:15+05:30,1010.3,50,1002.39,8367001,395185.0,448145.0,986.2,1012.8,981.3,986.2,120521250,1084.8,887.6,1102.5,649.1,1010.2,1104,6,1010.1,63,2,1010.0,2925,14,1009.9,595,9,1009.8,7505,18,1010.3,446,7,1010.4,241,4,1010.5,387,7,1010.6,481,8,1010.7,1343,10
317,2025-11-26 14:52:16+05:30,1010.2,15,1002.39,8367001,395185.0,448145.0,986.2,1012.8,981.3,986.2,120521250,1084.8,887.6,1102.5,649.1,1010.2,1104,6,1010.1,63,2,1010.0,2925,14,1009.9,595,9,1009.8,7505,18,1010.3,446,7,1010.4,241,4,1010.5,387,7,1010.6,481,8,1010.7,1343,10
317,2025-11-26 14:52:16+05:30,1010.2,15,1002.39,8367113,394834.0,448402.0,986.2,1012.8,981.3,986.2,120521250,1084.8,887.6,1102.5,649.1,1010.2,1089,6,1010.1,93,3,1010.0,3065,15,1009.9,645,10,1009.8,7510,19,1010.3,570,8,1010.4,241,4,1010.5,226,4,1010.6,463,8,1010.7,1251,9
317,2025-11-26 14:52:17+05:30,1010.3,20,1002.39,8367113,394834.0,448402.0,986.2,1012.8,981.3,986.2,120521250,1084.8,887.6,1102.5,649.1,1010.2,1089,6,1010.1,93,3,1010.0,3065,15,1009.9,645,10,1009.8,7510,19,1010.3,570,8,1010.4,241,4,1010.5,226,4,1010.6,463,8,1010.7,1251,9
317,2025-11-26 14:52:17+05:30,1010.3,20,1002.39,8367513,395101.0,448302.0,986.2,1012.8,981.3,986.2,120521250,1084.8,887.6,1102.5,649.1,1010.2,939,6,1010.1,38,2,1010.0,2875,13,1009.9,545,8,1009.8,7610,21,1010.3,632,9,1010.4,42,2,1010.5,336,6,1010.6,513,9,1010.7,1251,9
317,2025-11-26 14:52:18+05:30,1010.2,109,1002.39,8367513,395101.0,448302.0,986.2,1012.8,981.3,986.2,120521250,1084.8,887.6,1102.5,649.1,1010.2,939,6,1010.1,38,2,1010.0,2875,13,1009.9,545,8,1009.8,7610,21,1010.3,632,9,1010.4,42,2,1010.5,336,6,1010.6,513,9,1010.7,1251,9
317,2025-11-26 14:52:18+05:30,1010.2,146,1002.39,8367972,394624.0,448027.0,986.2,1012.8,981.3,986.2,120521250,1084.8,887.6,1102.5,649.1,1010.2,1329,5,1010.1,8,1,1010.0,2925,14,1009.9,468,7,1009.8,7534,18,1010.3,393,7,1010.4,43,3,1010.5,336,6,1010.6,463,8,1010.7,1293,9
317,2025-11-26 14:52:19+05:30,1010.2,50,1002.39,8367972,394624.0,448027.0,986.2,1012.8,981.3,986.2,120521250,1084.8,887.6,1102.5,649.1,1010.2,1329,5,1010.1,8,1,1010.0,2925,14,1009.9,468,7,1009.8,7534,18,1010.3,393,7,1010.4,43,3,1010.5,336,6,1010.6,463,8,1010.7,1293,9
317,2025-11-26 14:52:19+05:30,1010.2,50,1002.39,8368235,395272.0,448431.0,986.2,1012.8,981.3,986.2,120521250,1084.8,887.6,1102.5,649.1,1010.2,1129,5,1010.1,38,2,1010.0,2875,13,1009.9,406,6,1009.8,7560,20,1010.3,713,8,1010.4,275,7,1010.5,437,8,1010.6,481,8,1010.7,1243,8
317,2025-11-26 14:52:20+05:30,1010.2,23,1002.39,8368235,395272.0,448431.0,986.2,1012.8,981.3,986.2,120521250,1084.8,887.6,1102.5,649.1,1010.2,1129,5,1010.1,38,2,1010.0,2875,13,1009.9,406,6,1009.8,7560,20,1010.3,713,8,1010.4,275,7,1010.5,437,8,1010.6,481,8,1010.7,1243,8
317,2025-11-26 14:52:20+05:30,1010.2,14,1002.39,8368526,392719.0,448452.0,986.2,1012.8,981.3,986.2,120521250,1084.8,887.6,1102.5,649.1,1010.1,8,1,1010.0,3963,15,1009.9,223,5,1009.8,3706,11,1009.7,1040,17,1010.2,142,3,1010.3,545,7,1010.4,184,4,1010.5,490,8,1010.6,494,9
317,2025-11-26 14:52:21+05:30,1010.2,21,1002.39,8368526,392719.0,448452.0,986.2,1012.8,981.3,986.2,120521250,1084.8,887.6,1102.5,649.1,1010.1,8,1,1010.0,3963,15,1009.9,223,5,1009.8,3706,11,1009.7,1040,17,1010.2,142,3,1010.3,545,7,1010.4,184,4,1010.5,490,8,1010.6,494,9
317,2025-11-26 14:52:21+05:30,1010.2,37,1002.39,8369596,392020.0,446609.0,986.2,1012.8,981.3,986.2,120521250,1084.8,887.6,1102.5,649.1,1010.2,966,2,1010.1,237,5,1010.0,4248,19,1009.9,580,9,1009.8,3705,12,1010.3,148,5,1010.4,3,2,1010.6,186,4,1010.7,1737,9,1010.8,504,6
317,2025-11-26 14:52:22+05:30,1010.3,9,1002.39,8369596,392020.0,446609.0,986.2,1012.8,981.3,986.2,120521250,1084.8,887.6,1102.5,649.1,1010.2,966,2,1010.1,237,5,1010.0,4248,19,1009.9,580,9,1009.8,3705,12,1010.3,148,5,1010.4,3,2,1010.6,186,4,1010.7,1737,9,1010.8,504,6
317,2025-11-26 14:52:22+05:30,1010.3,4,1002.4,8369639,391890.0,447335.0,986.2,1012.8,981.3,986.2,120521250,1084.8,887.6,1102.5,649.1,1010.2,966,2,1010.1,56,1,1010.0,4152,17,1009.9,759,12,1009.8,3684,11,1010.3,215,8,1010.4,3,2,1010.5,224,5,1010.6,1054,7,1010.7,1059,13
317,2025-11-26 14:52:23+05:30,1010.2,10,1002.4,8369639,391890.0,447335.0,986.2,1012.8,981.3,986.2,120521250,1084.8,887.6,1102.5,649.1,1010.2,966,2,1010.1,56,1,1010.0,4152,17,1009.9,759,12,1009.8,3684,11,1010.3,215,8,1010.4,3,2,1010.5,224,5,1010.6,1054,7,1010.7,1059,13
317,2025-11-26 14:52:24+05:30,1010.3,1,1002.4,8369773,392212.0,448713.0,986.2,1012.8,981.3,986.2,120521250,1084.8,887.6,1102.5,649.1,1010.2,861,3,1010.1,56,1,1010.0,4008,16,1009.9,491,7,1009.8,3781,12,1010.3,287,8,1010.4,209,4,1010.5,455,9,1010.6,1290,10,1010.7,568,12
317,2025-11-26 14:52:24+05:30,1010.3,98,1002.4,8369773,392212.0,448713.0,986.2,1012.8,981.3,986.2,120521250,1084.8,887.6,1102.5,649.1,1010.2,861,3,1010.1,56,1,1010.0,4008,16,1009.9,491,7,1009.8,3781,12,1010.3,287,8,1010.4,209,4,1010.5,455,9,1010.6,1290,10,1010.7,568,12
317,2025-11-26 14:52:25+05:30,1010.3,98,1002.4,8369986,391868.0,448741.0,986.2,1012.8,981.3,986.2,120521250,1084.8,887.6,1102.5,649.1,1010.2,861,3,1010.1,56,1,1010.0,4008,16,1009.9,549,8,1009.8,3781,12,1010.3,268,6,1010.4,200,4,1010.5,506,10,1010.6,1239,9,1010.7,568,12
317,2025-11-26 14:52:25+05:30,1010.3,20,1002.4,8369986,391868.0,448741.0,986.2,1012.8,981.3,986.2,120521250,1084.8,887.6,1102.5,649.1,1010.2,861,3,1010.1,56,1,1010.0,4008,16,1009.9,549,8,1009.8,3781,12,1010.3,268,6,1010.4,200,4,1010.5,506,10,1010.6,1239,9,1010.7,568,12
317,2025-11-26 14:52:26+05:30,1010.3,2,1002.4,8370846,391351.0,448483.0,986.2,1012.8,981.3,986.2,120521250,1084.8,887.6,1102.5,649.1,1010.2,299,2,1010.0,4108,17,1009.9,151,3,1009.8,3471,9,1009.7,1027,18,1010.3,240,4,1010.4,589,8,1010.5,506,10,1010.6,1239,9,1010.7,560,11
317,2025-11-26 14:52:26+05:30,1010.2,50,1002.4,8370846,391351.0,448483.0,986.2,1012.8,981.3,986.2,120521250,1084.8,887.6,1102.5,649.1,1010.2,299,2,1010.0,4108,17,1009.9,151,3,1009.8,3471,9,1009.7,1027,18,1010.3,240,4,1010.4,589,8,1010.5,506,10,1010.6,1239,9,1010.7,560,11
317,2025-11-26 14:52:27+05:30,1010.3,101,1002.4,8371117,390645.0,448326.0,986.2,1012.8,981.3,986.2,120521250,1084.8,887.6,1102.5,649.1,1010.2,28,1,1010.0,4108,17,1009.9,151,3,1009.8,3420,8,1009.7,1078,19,1010.3,207,4,1010.4,611,8,1010.5,506,10,1010.6,1239,9,1010.7,560,11
317,2025-11-26 14:52:27+05:30,1010.3,1,1002.4,8371117,390645.0,448326.0,986.2,1012.8,981.3,986.2,120521250,1084.8,887.6,1102.5,649.1,1010.2,28,1,1010.0,4108,17,1009.9,151,3,1009.8,3420,8,1009.7,1078,19,1010.3,207,4,1010.4,611,8,1010.5,506,10,1010.6,1239,9,1010.7,560,11
317,2025-11-26 14:52:28+05:30,1010.2,73,1002.4,8371191,391162.0,448459.0,986.2,1012.8,981.3,986.2,120521250,1084.8,887.6,1102.5,649.1,1010.2,28,1,1010.1,8,1,1010.0,4108,17,1009.9,209,4,1009.8,3420,8,1010.3,556,6,1010.4,419,7,1010.5,455,9,1010.6,1242,9,1010.7,554,10
317,2025-11-26 14:52:28+05:30,1010.2,73,1002.4,8371191,391162.0,448459.0,986.2,1012.8,981.3,986.2,120521250,1084.8,887.6,1102.5,649.1,1010.2,28,1,1010.1,8,1,1010.0,4108,17,1009.9,209,4,1009.8,3420,8,1010.3,556,6,1010.4,419,7,1010.5,455,9,1010.6,1242,9,1010.7,554,10
317,2025-11-26 14:52:29+05:30,1010.3,1,1002.4,8371658,391234.0,447805.0,986.2,1012.8,981.3,986.2,120521250,1084.8,887.6,1102.5,649.1,1010.1,60,3,1010.0,4167,19,1009.9,515,8,1009.8,3615,10,1009.7,1027,18,1010.3,334,3,1010.4,368,6,1010.5,404,8,1010.6,1306,11,1010.7,554,10
317,2025-11-26 14:52:29+05:30,1010.3,1,1002.4,8371658,391234.0,447805.0,986.2,1012.8,981.3,986.2,120521250,1084.8,887.6,1102.5,649.1,1010.1,60,3,1010.0,4167,19,1009.9,515,8,1009.8,3615,10,1009.7,1027,18,1010.3,334,3,1010.4,368,6,1010.5,404,8,1010.6,1306,11,1010.7,554,10
317,2025-11-26 14:52:30+05:30,1010.3,4,1002.4,8372695,389806.0,446776.0,986.2,1012.8,981.3,986.2,120521250,1084.8,887.6,1102.5,649.1,1010.3,50,2,1010.2,21,1,1010.1,112,4,1010.0,4094,20,1009.9,599,9,1010.4,73,3,1010.5,173,4,1010.6,1046,7,1010.7,556,11,1010.8,569,7
317,2025-11-26 14:52:30+05:30,1010.3,13,1002.4,8372695,389806.0,446776.0,986.2,1012.8,981.3,986.2,120521250,1084.8,887.6,1102.5,649.1,1010.3,50,2,1010.2,21,1,1010.1,112,4,1010.0,4094,20,1009.9,599,9,1010.4,73,3,1010.5,173,4,1010.6,1046,7,1010.7,556,11,1010.8,569,7
317,2025-11-26 14:52:31+05:30,1010.3,3,1002.4,8372695,389806.0,446776.0,986.2,1012.8,981.3,986.2,120521250,1084.8,887.6,1102.5,649.1,1010.3,50,2,1010.2,21,1,1010.1,112,4,1010.0,4094,20,1009.9,599,9,1010.4,73,3,1010.5,173,4,1010.6,1046,7,1010.7,556,11,1010.8,569,7
317,2025-11-26 14:52:31+05:30,1010.3,3,1002.4,8372750,389618.0,447459.0,986.2,1012.8,981.3,986.2,120521250,1084.8,887.6,1102.5,649.1,1010.3,14,1,1010.2,8,1,1010.1,65,3,1010.0,4047,19,1009.9,633,9,1010.4,295,7,1010.5,299,6,1010.6,1218,9,1010.7,556,11,1010.8,569,7
317,2025-11-26 14:52:32+05:30,1010.3,110,1002.4,8372750,389618.0,447459.0,986.2,1012.8,981.3,986.2,120521250,1084.8,887.6,1102.5,649.1,1010.3,14,1,1010.2,8,1,1010.1,65,3,1010.0,4047,19,1009.9,633,9,1010.4,295,7,1010.5,299,6,1010.6,1218,9,1010.7,556,11,1010.8,569,7
317,2025-11-26 14:52:32+05:30,1010.3,110,1002.4,8372860,389529.0,448662.0,986.2,1012.8,981.3,986.2,120521250,1084.8,887.6,1102.5,649.1,1010.3,17,1,1010.2,8,1,1010.1,409,3,1010.0,3608,17,1009.9,378,6,1010.4,530,11,1010.5,1287,9,1010.6,517,9,1010.7,571,12,1010.8,964,7
317,2025-11-26 14:52:33+05:30,1010.3,30,1002.4,8372860,389529.0,448662.0,986.2,1012.8,981.3,986.2,120521250,1084.8,887.6,1102.5,649.1,1010.3,17,1,1010.2,8,1,1010.1,409,3,1010.0,3608,17,1009.9,378,6,1010.4,530,11,1010.5,1287,9,1010.6,517,9,1010.7,571,12,1010.8,964,7
317,2025-11-26 14:52:33+05:30,1010.3,30,1002.4,8373248,389793.0,448780.0,986.2,1012.8,981.3,986.2,120521250,1084.8,887.6,1102.5,649.1,1010.2,1,1,1010.1,309,4,1010.0,3694,18,1009.9,576,8,1009.8,3631,9,1010.3,29,2,1010.4,413,8,1010.5,418,6,1010.6,941,9,1010.7,1399,9
317,2025-11-26 14:52:34+05:30,1010.2,1,1002.4,8373248,389793.0,448780.0,986.2,1012.8,981.3,986.2,120521250,1084.8,887.6,1102.5,649.1,1010.2,1,1,1010.1,309,4,1010.0,3694,18,1009.9,576,8,1009.8,3631,9,1010.3,29,2,1010.4,413,8,1010.5,418,6,1010.6,941,9,1010.7,1399,9
317,2025-11-26 14:52:34+05:30,1010.2,1,1002.4,8373408,391109.0,448876.0,986.2,1012.8,981.3,986.2,120521250,1084.8,887.6,1102.5,649.1,1010.1,159,4,1010.0,3600,16,1009.9,381,6,1009.8,3634,13,1009.7,998,15,1010.2,320,5,1010.3,300,4,1010.4,272,6,1010.5,438,6,1010.6,1010,12
317,2025-11-26 14:52:35+05:30,1010.2,7,1002.4,8373408,391109.0,448876.0,986.2,1012.8,981.3,986.2,120521250,1084.8,887.6,1102.5,649.1,1010.1,159,4,1010.0,3600,16,1009.9,381,6,1009.8,3634,13,1009.7,998,15,1010.2,320,5,1010.3,300,4,1010.4,272,6,1010.5,438,6,1010.6,1010,12
317,2025-11-26 14:52:35+05:30,1010.3,61,1002.4,8376666,388716.0,446358.0,986.2,1012.8,981.3,986.2,120521250,1084.8,887.6,1102.5,649.1,1010.2,85,3,1010.1,382,8,1010.0,4065,23,1009.9,489,8,1009.8,3671,16,1010.3,12,1,1010.6,201,4,1010.7,1161,7,1010.8,540,7,1010.9,677,13
317,2025-11-26 14:52:36+05:30,1010.3,1,1002.4,8376666,388716.0,446358.0,986.2,1012.8,981.3,986.2,120521250,1084.8,887.6,1102.5,649.1,1010.2,85,3,1010.1,382,8,1010.0,4065,23,1009.9,489,8,1009.8,3671,16,1010.3,12,1,1010.6,201,4,1010.7,1161,7,1010.8,540,7,1010.9,677,13
317,2025-11-26 14:52:36+05:30,1010.3,35,1002.4,8376749,390409.0,447631.0,986.2,1012.8,981.3,986.2,120521250,1084.8,887.6,1102.5,649.1,1010.2,55,1,1010.1,1397,10,1010.0,4071,23,1009.9,579,10,1009.8,3658,15,1010.3,152,2,1010.4,105,1,1010.5,2,1,1010.6,544,7,1010.7,1321,9
317,2025-11-26 14:52:37+05:30,1010.3,35,1002.4,8376749,390409.0,447631.0,986.2,1012.8,981.3,986.2,120521250,1084.8,887.6,1102.5,649.1,1010.2,55,1,1010.1,1397,10,1010.0,4071,23,1009.9,579,10,1009.8,3658,15,1010.3,152,2,1010.4,105,1,1010.5,2,1,1010.6,544,7,1010.7,1321,9
317,2025-11-26 14:52:37+05:30,1010.3,35,1002.4,8376749,390352.0,448277.0,986.2,1012.8,981.3,986.2,120521250,1084.8,887.6,1102.5,649.1,1010.2,13,1,1010.1,1241,7,1010.0,3731,18,1009.9,743,13,1009.8,3775,16,1010.3,373,6,1010.4,105,1,1010.5,2,1,1010.6,1352,9,1010.7,632,9
317,2025-11-26 14:52:38+05:30,1010.3,1,1002.4,8376749,390352.0,448277.0,986.2,1012.8,981.3,986.2,120521250,1084.8,887.6,1102.5,649.1,1010.2,13,1,1010.1,1241,7,1010.0,3731,18,1009.9,743,13,1009.8,3775,16,1010.3,373,6,1010.4,105,1,1010.5,2,1,1010.6,1352,9,1010.7,632,9
317,2025-11-26 14:52:38+05:30,1010.2,2,1002.4,8377901,390396.0,448099.0,986.2,1012.8,981.3,986.2,120521250,1084.8,887.6,1102.5,649.1,1010.2,7,2,1010.1,1220,5,1010.0,3825,20,1009.9,425,6,1009.8,3791,17,1010.3,145,4,1010.4,112,2,1010.5,211,5,1010.6,684,9,1010.7,1353,10
317,2025-11-26 14:52:39+05:30,1010.3,1,1002.4,8377901,390396.0,448099.0,986.2,1012.8,981.3,986.2,120521250,1084.8,887.6,1102.5,649.1,1010.2,7,2,1010.1,1220,5,1010.0,3825,20,1009.9,425,6,1009.8,3791,17,1010.3,145,4,1010.4,112,2,1010.5,211,5,1010.6,684,9,1010.7,1353,10
317,2025-11-26 14:52:39+05:30,1010.3,1,1002.4,8377902,389998.0,447532.0,986.2,1012.8,981.3,986.2,120521250,1084.8,887.6,1102.5,649.1,1010.2,7,2,1010.1,1220,5,1010.0,3825,20,1009.9,567,8,1009.8,3791,17,1010.3,144,4,1010.4,46,1,1010.5,155,4,1010.6,629,8,1010.7,1332,9
317,2025-11-26 14:52:40+05:30,1010.1,106,1002.4,8377902,389998.0,447532.0,986.2,1012.8,981.3,986.2,120521250,1084.8,887.6,1102.5,649.1,1010.2,7,2,1010.1,1220,5,1010.0,3825,20,1009.9,567,8,1009.8,3791,17,1010.3,144,4,1010.4,46,1,1010.5,155,4,1010.6,629,8,1010.7,1332,9
317,2025-11-26 14:52:41+05:30,1010.2,13,1002.4,8378262,389144.0,447593.0,986.2,1012.8,981.3,986.2,120521250,1084.8,887.6,1102.5,649.1,1010.2,8,1,1010.1,1114,5,1010.0,3731,18,1009.9,549,8,1009.8,3799,17,1010.4,199,4,1010.5,178,5,1010.6,1518,12,1010.7,582,8,1010.8,648,10
317,2025-11-26 14:52:41+05:30,1010.2,13,1002.4,8378262,389144.0,447593.0,986.2,1012.8,981.3,986.2,120521250,1084.8,887.6,1102.5,649.1,1010.2,8,1,1010.1,1114,5,1010.0,3731,18,1009.9,549,8,1009.8,3799,17,1010.4,199,4,1010.5,178,5,1010.6,1518,12,1010.7,582,8,1010.8,648,10
317,2025-11-26 14:52:42+05:30,1010.4,55,1002.4,8378363,389430.0,447832.0,986.2,1012.8,981.3,986.2,120521250,1084.8,887.6,1102.5,649.1,1010.2,8,1,1010.1,1114,5,1010.0,3731,18,1009.9,506,7,1009.8,3847,19,1010.4,289,8,1010.5,153,5,1010.6,1475,11,1010.7,582,8,1010.8,725,12
317,2025-11-26 14:52:42+05:30,1010.4,55,1002.4,8378363,389430.0,447832.0,986.2,1012.8,981.3,986.2,120521250,1084.8,887.6,1102.5,649.1,1010.2,8,1,1010.1,1114,5,1010.0,3731,18,1009.9,506,7,1009.8,3847,19,1010.4,289,8,1010.5,153,5,1010.6,1475,11,1010.7,582,8,1010.8,725,12
317,2025-11-26 14:52:43+05:30,1010.1,248,1002.4,8378795,389738.0,447409.0,986.2,1012.8,981.3,986.2,120521250,1084.8,887.6,1102.5,649.1,1010.1,829,5,1010.0,3869,21,1009.9,656,10,1009.8,3840,19,1009.7,943,13,1010.3,1,1,1010.4,51,2,1010.5,4,2,1010.6,1475,11,1010.7,623,9
317,2025-11-26 14:52:43+05:30,1010.1,24,1002.4,8378795,389738.0,447409.0,986.2,1012.8,981.3,986.2,120521250,1084.8,887.6,1102.5,649.1,1010.1,829,5,1010.0,3869,21,1009.9,656,10,1009.8,3840,19,1009.7,943,13,1010.3,1,1,1010.4,51,2,1010.5,4,2,1010.6,1475,11,1010.7,623,9
317,2025-11-26 14:52:44+05:30,1010.4,2,1002.4,8378878,389931.0,447674.0,986.2,1012.8,981.3,986.2,120521250,1084.8,887.6,1102.5,649.1,1010.3,22,1,1010.2,55,1,1010.1,898,6,1010.0,4274,25,1009.9,580,9,1010.4,39,2,1010.5,4,2,1010.6,1329,8,1010.7,522,7,1010.8,698,12
317,2025-11-26 14:52:44+05:30,1010.4,2,1002.4,8378878,389931.0,447674.0,986.2,1012.8,981.3,986.2,120521250,1084.8,887.6,1102.5,649.1,1010.3,22,1,1010.2,55,1,1010.1,898,6,1010.0,4274,25,1009.9,580,9,1010.4,39,2,1010.5,4,2,1010.6,1329,8,1010.7,522,7,1010.8,698,12
317,2025-11-26 14:52:45+05:30,1010.4,2,1002.4,8378880,389801.0,447579.0,986.2,1012.8,981.3,986.2,120521250,1084.8,887.6,1102.5,649.1,1010.3,22,1,1010.2,63,2,1010.1,898,6,1010.0,4210,24,1009.9,580,9,1010.4,37,2,1010.5,4,2,1010.6,1216,7,1010.7,522,7,1010.8,633,11
317,2025-11-26 14:52:45+05:30,1010.4,2,1002.4,8378880,389801.0,447579.0,986.2,1012.8,981.3,986.2,120521250,1084.8,887.6,1102.5,649.1,1010.3,22,1,1010.2,63,2,1010.1,898,6,1010.0,4210,24,1009.9,580,9,1010.4,37,2,1010.5,4,2,1010.6,1216,7,1010.7,522,7,1010.8,633,11
317,2025-11-26 14:52:46+05:30,1010.4,1,1002.4,8378890,390526.0,447595.0,986.2,1012.8,981.3,986.2,120521250,1084.8,887.6,1102.5,649.1,1010.3,27,2,1010.2,63,2,1010.1,1505,8,1010.0,4230,24,1009.9,623,10,1010.4,37,4,1010.5,754,3,1010.6,509,7,1010.7,492,8,1010.8,587,9
317,2025-11-26 14:52:46+05:30,1010.4,1,1002.4,8378890,390526.0,447595.0,986.2,1012.8,981.3,986.2,120521250,1084.8,887.6,1102.5,649.1,1010.3,27,2,1010.2,63,2,1010.1,1505,8,1010.0,4230,24,1009.9,623,10,1010.4,37,4,1010.5,754,3,1010.6,509,7,1010.7,492,8,1010.8,587,9
317,2025-11-26 14:52:47+05:30,1010.3,1,1002.4,8378890,390526.0,447595.0,986.2,1012.8,981.3,986.2,120521250,1084.8,887.6,1102.5,649.1,1010.3,27,2,1010.2,63,2,1010.1,1505,8,1010.0,4230,24,1009.9,623,10,1010.4,37,4,1010.5,754,3,1010.6,509,7,1010.7,492,8,1010.8,587,9
317,2025-11-26 14:52:47+05:30,1010.3,1,1002.4,8378898,390045.0,448155.0,986.2,1012.8,981.3,986.2,120521250,1084.8,887.6,1102.5,649.1,1010.3,19,2,1010.2,63,2,1010.1,1345,6,1010.0,4024,23,1009.9,570,8,1010.4,37,4,1010.5,1004,4,1010.6,509,7,1010.7,591,10,1010.8,766,9
317,2025-11-26 14:52:48+05:30,1010.3,1,1002.4,8378898,390065.0,447856.0,986.2,1012.8,981.3,986.2,120521250,1084.8,887.6,1102.5,649.1,1010.3,19,2,1010.2,63,2,1010.1,1406,7,1010.0,4024,23,1009.9,659,11,1010.4,37,4,1010.5,254,3,1010.6,1254,7,1010.7,578,8,1010.8,616,11
317,2025-11-26 14:52:49+05:30,1010.4,2,1002.4,8378898,390065.0,447856.0,986.2,1012.8,981.3,986.2,120521250,1084.8,887.6,1102.5,649.1,1010.3,19,2,1010.2,63,2,1010.1,1406,7,1010.0,4024,23,1009.9,659,11,1010.4,37,4,1010.5,254,3,1010.6,1254,7,1010.7,578,8,1010.8,616,11
317,2025-11-26 14:52:49+05:30,1010.4,1,1002.4,8378901,390093.0,447939.0,986.2,1012.8,981.3,986.2,120521250,1084.8,887.6,1102.5,649.1,1010.3,19,2,1010.2,63,2,1010.1,1406,7,1010.0,4024,23,1009.9,659,11,1010.4,37,5,1010.5,254,3,1010.6,1211,6,1010.7,565,8,1010.8,660,14
317,2025-11-26 14:52:50+05:30,1010.4,17,1002.4,8378901,390093.0,447939.0,986.2,1012.8,981.3,986.2,120521250,1084.8,887.6,1102.5,649.1,1010.3,19,2,1010.2,63,2,1010.1,1406,7,1010.0,4024,23,1009.9,659,11,1010.4,37,5,1010.5,254,3,1010.6,1211,6,1010.7,565,8,1010.8,660,14
317,2025-11-26 14:52:50+05:30,1010.4,17,1002.4,8378955,389923.0,446268.0,986.2,1012.8,981.3,986.2,120521250,1084.8,887.6,1102.5,649.1,1010.3,102,4,1010.2,195,4,1010.1,1358,12,1010.0,4061,23,1009.9,681,11,1010.4,24,3,1010.5,254,3,1010.6,176,2,1010.7,1087,6,1010.8,494,6
317,2025-11-26 14:52:51+05:30,1010.4,1,1002.4,8378955,389923.0,446268.0,986.2,1012.8,981.3,986.2,120521250,1084.8,887.6,1102.5,649.1,1010.3,102,4,1010.2,195,4,1010.1,1358,12,1010.0,4061,23,1009.9,681,11,1010.4,24,3,1010.5,254,3,1010.6,176,2,1010.7,1087,6,1010.8,494,6
317,2025-11-26 14:52:51+05:30,1010.4,1,1002.4,8378956,389998.0,447377.0,986.2,1012.8,981.3,986.2,120521250,1084.8,887.6,1102.5,649.1,1010.3,102,4,1010.2,123,3,1010.1,1358,12,1010.0,4182,24,1009.9,707,12,1010.4,23,3,1010.5,254,3,1010.6,176,2,1010.7,1087,6,1010.8,494,6
317,2025-11-26 14:52:52+05:30,1010.4,5,1002.4,8378956,389998.0,447377.0,986.2,1012.8,981.3,986.2,120521250,1084.8,887.6,1102.5,649.1,1010.3,102,4,1010.2,123,3,1010.1,1358,12,1010.0,4182,24,1009.9,707,12,1010.4,23,3,1010.5,254,3,1010.6,176,2,1010.7,1087,6,1010.8,494,6
317,2025-11-26 14:52:52+05:30,1010.4,16,1002.4,8379470,390640.0,446173.0,986.2,1012.8,981.3,986.2,120521250,1084.8,887.6,1102.5,649.1,1010.3,280,9,1010.2,562,10,1010.1,2481,13,1010.0,3195,23,1009.9,706,11,1010.5,2,1,1010.6,100,1,1010.7,752,2,1010.8,303,3,1010.9,735,13
317,2025-11-26 14:52:53+05:30,1010.5,2,1002.4,8379470,390640.0,446173.0,986.2,1012.8,981.3,986.2,120521250,1084.8,887.6,1102.5,649.1,1010.3,280,9,1010.2,562,10,1010.1,2481,13,1010.0,3195,23,1009.9,706,11,1010.5,2,1,1010.6,100,1,1010.7,752,2,1010.8,303,3,1010.9,735,13
317,2025-11-26 14:52:54+05:30,1010.7,95,1002.4,8379679,392523.0,444184.0,986.2,1012.8,981.3,986.2,120521250,1084.8,887.6,1102.5,649.1,1010.5,57,3,1010.3,668,6,1010.2,612,12,1010.1,2520,14,1010.0,4234,27,1010.7,656,2,1010.8,202,2,1010.9,762,14,1011.0,1647,22,1011.1,1560,12
317,2025-11-26 14:52:54+05:30,1010.5,34,1002.4,8379679,392523.0,444184.0,986.2,1012.8,981.3,986.2,120521250,1084.8,887.6,1102.5,649.1,1010.5,57,3,1010.3,668,6,1010.2,612,12,1010.1,2520,14,1010.0,4234,27,1010.7,656,2,1010.8,202,2,1010.9,762,14,1011.0,1647,22,1011.1,1560,12
317,2025-11-26 14:52:55+05:30,1010.3,258,1002.4,8380222,391534.0,445891.0,986.2,1012.8,981.3,986.2,120521250,1084.8,887.6,1102.5,649.1,1010.5,14,1,1010.4,63,2,1010.3,83,3,1010.2,819,6,1010.1,2403,11,1010.7,792,5,1010.8,358,6,1010.9,988,13,1011.0,2301,31,1011.1,914,9
317,2025-11-26 14:52:55+05:30,1010.7,12,1002.4,8380222,391534.0,445891.0,986.2,1012.8,981.3,986.2,120521250,1084.8,887.6,1102.5,649.1,1010.5,14,1,1010.4,63,2,1010.3,83,3,1010.2,819,6,1010.1,2403,11,1010.7,792,5,1010.8,358,6,1010.9,988,13,1011.0,2301,31,1011.1,914,9
317,2025-11-26 14:52:56+05:30,1010.7,3,1002.41,8380255,391252.0,445525.0,986.2,1012.8,981.3,986.2,120521250,1084.8,887.6,1102.5,649.1,1010.5,14,1,1010.4,63,2,1010.3,142,4,1010.2,858,7,1010.1,2403,11,1010.7,759,5,1010.8,275,4,1010.9,733,11,1011.0,2282,31,1011.1,957,11
317,2025-11-26 14:52:56+05:30,1010.4,6,1002.41,8380255,391252.0,445525.0,986.2,1012.8,981.3,986.2,120521250,1084.8,887.6,1102.5,649.1,1010.5,14,1,1010.4,63,2,1010.3,142,4,1010.2,858,7,1010.1,2403,11,1010.7,759,5,1010.8,275,4,1010.9,733,11,1011.0,2282,31,1011.1,957,11
317,2025-11-26 14:52:57+05:30,1010.4,10,1002.41,8380285,391487.0,445567.0,986.2,1012.8,981.3,986.2,120521250,1084.8,887.6,1102.5,649.1,1010.4,53,3,1010.3,142,4,1010.2,958,8,1010.1,2543,13,1010.0,4150,26,1010.6,1028,2,1010.7,137,4,1010.8,352,5,1010.9,750,11,1011.0,2282,31
317,2025-11-26 14:52:57+05:30,1010.6,138,1002.41,8380285,391487.0,445567.0,986.2,1012.8,981.3,986.2,120521250,1084.8,887.6,1102.5,649.1,1010.4,53,3,1010.3,142,4,1010.2,958,8,1010.1,2543,13,1010.0,4150,26,1010.6,1028,2,1010.7,137,4,1010.8,352,5,1010.9,750,11,1011.0,2282,31
317,2025-11-26 14:52:58+05:30,1010.6,306,1002.41,8380729,393367.0,444936.0,986.2,1012.8,981.3,986.2,120521250,1084.8,887.6,1102.5,649.1,1010.4,215,9,1010.3,237,6,1010.2,2122,11,1010.1,1423,12,1010.0,3877,28,1010.5,1,1,1010.6,100,1,1010.7,47,4,1010.8,313,4,1010.9,1089,8
317,2025-11-26 14:52:58+05:30,1010.6,306,1002.41,8380729,393367.0,444936.0,986.2,1012.8,981.3,986.2,120521250,1084.8,887.6,1102.5,649.1,1010.4,215,9,1010.3,237,6,1010.2,2122,11,1010.1,1423,12,1010.0,3877,28,1010.5,1,1,1010.6,100,1,1010.7,47,4,1010.8,313,4,1010.9,1089,8
317,2025-11-26 14:52:59+05:30,1010.6,1,1002.41,8380733,392176.0,444868.0,986.2,1012.8,981.3,986.2,120521250,1084.8,887.6,1102.5,649.1,1010.4,194,11,1010.3,479,10,1010.2,1738,11,1010.1,1573,13,1010.0,3727,27,1010.6,98,1,1010.7,46,3,1010.8,313,4,1010.9,1036,7,1011.0,2194,25
317,2025-11-26 14:52:59+05:30,1010.6,1,1002.41,8380733,392176.0,444868.0,986.2,1012.8,981.3,986.2,120521250,1084.8,887.6,1102.5,649.1,1010.4,194,11,1010.3,479,10,1010.2,1738,11,1010.1,1573,13,1010.0,3727,27,1010.6,98,1,1010.7,46,3,1010.8,313,4,1010.9,1036,7,1011.0,2194,25
317,2025-11-26 14:53:00+05:30,1010.6,2,1002.41,8380735,392226.0,444785.0,986.2,1012.8,981.3,986.2,120521250,1084.8,887.6,1102.5,649.1,1010.4,195,12,1010.3,479,10,1010.2,1738,11,1010.1,1572,12,1010.0,3777,28,1010.6,96,1,1010.7,46,3,1010.8,207,3,1010.9,1036,7,1011.0,2205,26
317,2025-11-26 14:53:00+05:30,1010.6,2,1002.41,8380735,392226.0,444785.0,986.2,1012.8,981.3,986.2,120521250,1084.8,887.6,1102.5,649.1,1010.4,195,12,1010.3,479,10,1010.2,1738,11,1010.1,1572,12,1010.0,3777,28,1010.6,96,1,1010.7,46,3,1010.8,207,3,1010.9,1036,7,1011.0,2205,26
317,2025-11-26 14:53:01+05:30,1010.6,1,1002.41,8380745,393624.0,444734.0,986.2,1012.8,981.3,986.2,120521250,1084.8,887.6,1102.5,649.1,1010.5,75,2,1010.4,308,13,1010.3,984,10,1010.2,1738,11,1010.1,1572,12,1010.6,96,2,1010.7,46,3,1010.8,5,1,1010.9,1027,6,1011.0,2213,27
317,2025-11-26 14:53:01+05:30,1010.6,1,1002.41,8380745,393624.0,444734.0,986.2,1012.8,981.3,986.2,120521250,1084.8,887.6,1102.5,649.1,1010.5,75,2,1010.4,308,13,1010.3,984,10,1010.2,1738,11,1010.1,1572,12,1010.6,96,2,1010.7,46,3,1010.8,5,1,1010.9,1027,6,1011.0,2213,27
317,2025-11-26 14:53:02+05:30,1010.6,1,1002.41,8380745,393068.0,444733.0,986.2,1012.8,981.3,986.2,120521250,1084.8,887.6,1102.5,649.1,1010.5,75,2,1010.4,269,12,1010.3,469,10,1010.2,1738,11,1010.1,1572,12,1010.6,145,3,1010.7,46,3,1010.8,5,1,1010.9,1027,6,1011.0,2213,27
317,2025-11-26 14:53:03+05:30,1010.6,4,1002.41,8380745,393068.0,444733.0,986.2,1012.8,981.3,986.2,120521250,1084.8,887.6,1102.5,649.1,1010.5,75,2,1010.4,269,12,1010.3,469,10,1010.2,1738,11,1010.1,1572,12,1010.6,145,3,1010.7,46,3,1010.8,5,1,1010.9,1027,6,1011.0,2213,27
317,2025-11-26 14:53:03+05:30,1010.6,4,1002.41,8380780,393170.0,444724.0,986.2,1012.8,981.3,986.2,120521250,1084.8,887.6,1102.5,649.1,1010.5,103,3,1010.4,309,13,1010.3,560,9,1010.2,1738,11,1010.1,1572,12,1010.6,110,3,1010.7,46,3,1010.8,5,1,1010.9,1027,6,1011.0,2213,27
317,2025-11-26 14:53:04+05:30,1010.6,2,1002.41,8380997,393197.0,444763.0,986.2,1012.8,981.3,986.2,120521250,1084.8,887.6,1102.5,649.1,1010.5,117,4,1010.4,808,13,1010.3,560,9,1010.2,1738,11,1010.1,1672,14,1010.6,117,2,1010.7,46,3,1010.8,5,1,1010.9,1027,6,1011.0,2213,27
317,2025-11-26 14:53:04+05:30,1010.6,2,1002.41,8380997,393197.0,444763.0,986.2,1012.8,981.3,986.2,120521250,1084.8,887.6,1102.5,649.1,1010.5,117,4,1010.4,808,13,1010.3,560,9,1010.2,1738,11,1010.1,1672,14,1010.6,117,2,1010.7,46,3,1010.8,5,1,1010.9,1027,6,1011.0,2213,27
317,2025-11-26 14:53:05+05:30,1010.6,2,1002.41,8381004,395786.0,437355.0,986.2,1012.8,981.3,986.2,120521250,1084.8,887.6,1102.5,649.1,1010.5,172,6,1010.4,1988,15,1010.3,546,10,1010.2,680,10,1010.1,1803,13,1010.6,115,2,1010.7,46,3,1010.9,386,4,1011.0,2697,28,1011.1,712,8
317,2025-11-26 14:53:05+05:30,1010.6,2,1002.41,8381004,395786.0,437355.0,986.2,1012.8,981.3,986.2,120521250,1084.8,887.6,1102.5,649.1,1010.5,172,6,1010.4,1988,15,1010.3,546,10,1010.2,680,10,1010.1,1803,13,1010.6,115,2,1010.7,46,3,1010.9,386,4,1011.0,2697,28,1011.1,712,8
317,2025-11-26 14:53:06+05:30,1010.6,1,1002.41,8381005,395576.0,444766.0,986.2,1012.8,981.3,986.2,120521250,1084.8,887.6,1102.5,649.1,1010.5,92,4,1010.4,2140,18,1010.3,606,11,1010.2,680,10,1010.1,1803,13,1010.6,269,3,1010.7,46,3,1010.9,386,4,1011.0,2947,29,1011.1,712,8
317,2025-11-26 14:53:06+05:30,1010.6,1,1002.41,8381005,395576.0,444766.0,986.2,1012.8,981.3,986.2,120521250,1084.8,887.6,1102.5,649.1,1010.5,92,4,1010.4,2140,18,1010.3,606,11,1010.2,680,10,1010.1,1803,13,1010.6,269,3,1010.7,46,3,1010.9,386,4,1011.0,2947,29,1011.1,712,8
317,2025-11-26 14:53:07+05:30,1010.5,10,1002.41,8381016,395542.0,444797.0,986.2,1012.8,981.3,986.2,120521250,1084.8,887.6,1102.5,649.1,1010.5,82,4,1010.4,2184,19,1010.3,580,9,1010.2,637,10,1010.1,1804,14,1010.6,268,3,1010.7,46,3,1010.9,386,4,1011.0,2947,29,1011.1,712,8
317,2025-11-26 14:53:07+05:30,1010.5,10,1002.41,8381016,395542.0,444797.0,986.2,1012.8,981.3,986.2,120521250,1084.8,887.6,1102.5,649.1,1010.5,82,4,1010.4,2184,19,1010.3,580,9,1010.2,637,10,1010.1,1804,14,1010.6,268,3,1010.7,46,3,1010.9,386,4,1011.0,2947,29,1011.1,712,8
317,2025-11-26 14:53:08+05:30,1010.6,1,1002.41,8381017,395574.0,444762.0,986.2,1012.8,981.3,986.2,120521250,1084.8,887.6,1102.5,649.1,1010.5,74,3,1010.4,2224,20,1010.3,580,9,1010.2,637,10,1010.1,1804,14,1010.6,272,5,1010.7,44,2,1010.9,386,4,1011.0,2947,29,1011.1,712,8
317,2025-11-26 14:53:08+05:30,1010.6,8,1002.41,8381017,395574.0,444762.0,986.2,1012.8,981.3,986.2,120521250,1084.8,887.6,1102.5,649.1,1010.5,74,3,1010.4,2224,20,1010.3,580,9,1010.2,637,10,1010.1,1804,14,1010.6,272,5,1010.7,44,2,1010.9,386,4,1011.0,2947,29,1011.1,712,8
317,2025-11-26 14:53:09+05:30,1010.6,8,1002.41,8381297,392152.0,443856.0,986.2,1012.8,981.3,986.2,120521250,1084.8,887.6,1102.5,649.1,1010.6,1810,6,1010.5,347,9,1010.4,2322,19,1010.3,532,8,1010.2,1293,14,1010.7,44,2,1011.0,1539,21,1011.1,1131,8,1011.2,982,15,1011.3,1761,23
317,2025-11-26 14:53:10+05:30,1010.7,1,1002.41,8381299,392104.0,443876.0,986.2,1012.8,981.3,986.2,120521250,1084.8,887.6,1102.5,649.1,1010.6,1821,8,1010.5,461,9,1010.4,2322,19,1010.3,532,8,1010.2,1250,13,1010.7,42,2,1011.0,1539,21,1011.1,1131,8,1011.2,982,15,1011.3,1761,23
317,2025-11-26 14:53:10+05:30,1010.7,1,1002.41,8381299,392104.0,443876.0,986.2,1012.8,981.3,986.2,120521250,1084.8,887.6,1102.5,649.1,1010.6,1821,8,1010.5,461,9,1010.4,2322,19,1010.3,532,8,1010.2,1250,13,1010.7,42,2,1011.0,1539,21,1011.1,1131,8,1011.2,982,15,1011.3,1761,23
317,2025-11-26 14:53:11+05:30,1010.7,3,1002.41,8381304,391502.0,443588.0,986.2,1012.8,981.3,986.2,120521250,1084.8,887.6,1102.5,649.1,1010.6,1820,7,1010.5,403,9,1010.4,2322,19,1010.3,524,7,1010.2,715,12,1010.7,42,3,1011.0,1539,21,1011.1,1131,8,1011.2,1483,16,1011.3,1761,23
317,2025-11-26 14:53:11+05:30,1010.7,3,1002.41,8381304,391502.0,443588.0,986.2,1012.8,981.3,986.2,120521250,1084.8,887.6,1102.5,649.1,1010.6,1820,7,1010.5,403,9,1010.4,2322,19,1010.3,524,7,1010.2,715,12,1010.7,42,3,1011.0,1539,21,1011.1,1131,8,1011.2,1483,16,1011.3,1761,23
317,2025-11-26 14:53:12+05:30,1010.7,9,1002.41,8381516,390789.0,441156.0,986.2,1012.8,981.3,986.2,120521250,1084.8,887.6,1102.5,649.1,1010.7,39,2,1010.6,1842,9,1010.5,475,10,1010.4,2118,14,1010.3,657,10,1011.0,1501,21,1011.1,417,7,1011.2,1318,13,1011.3,1990,15,1011.4,804,16
317,2025-11-26 14:53:12+05:30,1010.7,9,1002.41,8381516,390789.0,441156.0,986.2,1012.8,981.3,986.2,120521250,1084.8,887.6,1102.5,649.1,1010.7,39,2,1010.6,1842,9,1010.5,475,10,1010.4,2118,14,1010.3,657,10,1011.0,1501,21,1011.1,417,7,1011.2,1318,13,1011.3,1990,15,1011.4,804,16
317,2025-11-26 14:53:13+05:30,1010.7,78,1002.41,8381705,390602.0,442444.0,986.2,1012.8,981.3,986.2,120521250,1084.8,887.6,1102.5,649.1,1010.7,20,1,1010.6,1790,6,1010.5,219,6,1010.4,2065,12,1010.3,657,10,1011.0,1543,21,1011.1,433,7,1011.2,1150,12,1011.3,1938,14,1011.4,1138,17
317,2025-11-26 14:53:13+05:30,1010.7,78,1002.41,8381705,390602.0,442444.0,986.2,1012.8,981.3,986.2,120521250,1084.8,887.6,1102.5,649.1,1010.7,20,1,1010.6,1790,6,1010.5,219,6,1010.4,2065,12,1010.3,657,10,1011.0,1543,21,1011.1,433,7,1011.2,1150,12,1011.3,1938,14,1011.4,1138,17
317,2025-11-26 14:53:14+05:30,1010.7,2,1002.41,8381705,390602.0,442444.0,986.2,1012.8,981.3,986.2,120521250,1084.8,887.6,1102.5,649.1,1010.7,20,1,1010.6,1790,6,1010.5,219,6,1010.4,2065,12,1010.3,657,10,1011.0,1543,21,1011.1,433,7,1011.2,1150,12,1011.3,1938,14,1011.4,1138,17
317,2025-11-26 14:53:14+05:30,1010.7,2,1002.41,8381725,390616.0,440043.0,986.2,1012.8,981.3,986.2,120521250,1084.8,887.6,1102.5,649.1,1010.7,16,2,1010.6,1778,5,1010.5,406,9,1010.4,2063,11,1010.3,657,10,1011.0,1380,20,1011.1,396,6,1011.2,1306,14,1011.3,1938,14,1011.4,1138,17
317,2025-11-26 14:53:15+05:30,1011.0,2,1002.41,8381725,390616.0,440043.0,986.2,1012.8,981.3,986.2,120521250,1084.8,887.6,1102.5,649.1,1010.7,16,2,1010.6,1778,5,1010.5,406,9,1010.4,2063,11,1010.3,657,10,1011.0,1380,20,1011.1,396,6,1011.2,1306,14,1011.3,1938,14,1011.4,1138,17
317,2025-11-26 14:53:15+05:30,1011.0,2,1002.41,8381727,390561.0,440939.0,986.2,1012.8,981.3,986.2,120521250,1084.8,887.6,1102.5,649.1,1010.7,16,2,1010.6,1778,5,1010.5,406,9,1010.4,2063,11,1010.3,657,10,1011.0,1924,22,1011.1,774,8,1011.2,1364,16,1011.3,1471,14,1011.4,1138,17
317,2025-11-26 14:53:16+05:30,1011.0,2,1002.41,8381727,390561.0,440939.0,986.2,1012.8,981.3,986.2,120521250,1084.8,887.6,1102.5,649.1,1010.7,16,2,1010.6,1778,5,1010.5,406,9,1010.4,2063,11,1010.3,657,10,1011.0,1924,22,1011.1,774,8,1011.2,1364,16,1011.3,1471,14,1011.4,1138,17
317,2025-11-26 14:53:16+05:30,1011.0,1,1002.41,8381727,390561.0,440939.0,986.2,1012.8,981.3,986.2,120521250,1084.8,887.6,1102.5,649.1,1010.7,16,2,1010.6,1778,5,1010.5,406,9,1010.4,2063,11,1010.3,657,10,1011.0,1924,22,1011.1,774,8,1011.2,1364,16,1011.3,1471,14,1011.4,1138,17
317,2025-11-26 14:53:16+05:30,1011.0,1,1002.41,8381753,390554.0,440999.0,986.2,1012.8,981.3,986.2,120521250,1084.8,887.6,1102.5,649.1,1010.7,11,1,1010.6,1765,4,1010.5,414,10,1010.4,2063,11,1010.3,657,10,1011.0,1970,24,1011.1,774,8,1011.2,1397,17,1011.3,1471,14,1011.4,1138,17
317,2025-11-26 14:53:16+05:30,1011.0,1,1002.41,8381753,390554.0,440999.0,986.2,1012.8,981.3,986.2,120521250,1084.8,887.6,1102.5,649.1,1010.7,11,1,1010.6,1765,4,1010.5,414,10,1010.4,2063,11,1010.3,657,10,1011.0,1970,24,1011.1,774,8,1011.2,1397,17,1011.3,1471,14,1011.4,1138,17
317,2025-11-26 14:53:17+05:30,1011.0,1,1002.41,8381753,390554.0,440999.0,986.2,1012.8,981.3,986.2,120521250,1084.8,887.6,1102.5,649.1,1010.7,11,1,1010.6,1765,4,1010.5,414,10,1010.4,2063,11,1010.3,657,10,1011.0,1970,24,1011.1,774,8,1011.2,1397,17,1011.3,1471,14,1011.4,1138,17
317,2025-11-26 14:53:17+05:30,1010.7,1,1002.41,8381753,390554.0,440999.0,986.2,1012.8,981.3,986.2,120521250,1084.8,887.6,1102.5,649.1,1010.7,11,1,1010.6,1765,4,1010.5,414,10,1010.4,2063,11,1010.3,657,10,1011.0,1970,24,1011.1,774,8,1011.2,1397,17,1011.3,1471,14,1011.4,1138,17
317,2025-11-26 14:53:17+05:30,1010.7,1,1002.41,8381754,390552.0,440913.0,986.2,1012.8,981.3,986.2,120521250,1084.8,887.6,1102.5,649.1,1010.7,10,1,1010.6,1765,4,1010.5,414,10,1010.4,2063,11,1010.3,657,10,1011.0,1880,22,1011.1,738,7,1011.2,1433,18,1011.3,1406,13,1011.4,803,16
317,2025-11-26 14:53:17+05:30,1010.7,1,1002.41,8381754,390552.0,440913.0,986.2,1012.8,981.3,986.2,120521250,1084.8,887.6,1102.5,649.1,1010.7,10,1,1010.6,1765,4,1010.5,414,10,1010.4,2063,11,1010.3,657,10,1011.0,1880,22,1011.1,738,7,1011.2,1433,18,1011.3,1406,13,1011.4,803,16
317,2025-11-26 14:53:18+05:30,1010.7,1,1002.41,8381754,390552.0,440913.0,986.2,1012.8,981.3,986.2,120521250,1084.8,887.6,1102.5,649.1,1010.7,10,1,1010.6,1765,4,1010.5,414,10,1010.4,2063,11,1010.3,657,10,1011.0,1880,22,1011.1,738,7,1011.2,1433,18,1011.3,1406,13,1011.4,803,16
317,2025-11-26 14:53:18+05:30,1010.7,1,1002.41,8381754,390640.0,440972.0,986.2,1012.8,981.3,986.2,120521250,1084.8,887.6,1102.5,649.1,1010.7,10,1,1010.6,1765,4,1010.5,914,11,1010.4,1563,10,1010.3,657,10,1011.0,1925,23,1011.1,774,8,1011.2,1397,17,1011.3,1406,13,1011.4,803,16
317,2025-11-26 14:53:18+05:30,1010.7,1,1002.41,8381754,390640.0,440972.0,986.2,1012.8,981.3,986.2,120521250,1084.8,887.6,1102.5,649.1,1010.7,10,1,1010.6,1765,4,1010.5,914,11,1010.4,1563,10,1010.3,657,10,1011.0,1925,23,1011.1,774,8,1011.2,1397,17,1011.3,1406,13,1011.4,803,16
317,2025-11-26 14:53:19+05:30,1010.7,1,1002.41,8381754,390640.0,440972.0,986.2,1012.8,981.3,986.2,120521250,1084.8,887.6,1102.5,649.1,1010.7,10,1,1010.6,1765,4,1010.5,914,11,1010.4,1563,10,1010.3,657,10,1011.0,1925,23,1011.1,774,8,1011.2,1397,17,1011.3,1406,13,1011.4,803,16
317,2025-11-26 14:53:19+05:30,1011.0,1,1002.41,8381754,390640.0,440972.0,986.2,1012.8,981.3,986.2,120521250,1084.8,887.6,1102.5,649.1,1010.7,10,1,1010.6,1765,4,1010.5,914,11,1010.4,1563,10,1010.3,657,10,1011.0,1925,23,1011.1,774,8,1011.2,1397,17,1011.3,1406,13,1011.4,803,16
317,2025-11-26 14:53:19+05:30,1011.0,1,1002.41,8381754,390640.0,440972.0,986.2,1012.8,981.3,986.2,120521250,1084.8,887.6,1102.5,649.1,1010.7,10,1,1010.6,1765,4,1010.5,914,11,1010.4,1563,10,1010.3,657,10,1011.0,1925,23,1011.1,774,8,1011.2,1397,17,1011.3,1406,13,1011.4,803,16
317,2025-11-26 14:53:19+05:30,1011.0,1,1002.41,8381757,390558.0,440701.0,986.2,1012.8,981.3,986.2,120521250,1084.8,887.6,1102.5,649.1,1010.7,8,1,1010.6,1765,4,1010.5,936,12,1010.4,1519,9,1010.3,657,10,1011.0,1969,24,1011.1,774,8,1011.2,1397,17,1011.3,1986,14,1011.4,803,16
317,2025-11-26 14:53:19+05:30,1011.0,1,1002.41,8381757,390558.0,440701.0,986.2,1012.8,981.3,986.2,120521250,1084.8,887.6,1102.5,649.1,1010.7,8,1,1010.6,1765,4,1010.5,936,12,1010.4,1519,9,1010.3,657,10,1011.0,1969,24,1011.1,774,8,1011.2,1397,17,1011.3,1986,14,1011.4,803,16
317,2025-11-26 14:53:20+05:30,1011.0,1,1002.41,8381757,390558.0,440701.0,986.2,1012.8,981.3,986.2,120521250,1084.8,887.6,1102.5,649.1,1010.7,8,1,1010.6,1765,4,1010.5,936,12,1010.4,1519,9,1010.3,657,10,1011.0,1969,24,1011.1,774,8,1011.2,1397,17,1011.3,1986,14,1011.4,803,16
317,2025-11-26 14:53:20+05:30,1010.9,52,1002.41,8381757,390558.0,440701.0,986.2,1012.8,981.3,986.2,120521250,1084.8,887.6,1102.5,649.1,1010.7,8,1,1010.6,1765,4,1010.5,936,12,1010.4,1519,9,1010.3,657,10,1011.0,1969,24,1011.1,774,8,1011.2,1397,17,1011.3,1986,14,1011.4,803,16
317,2025-11-26 14:53:20+05:30,1010.9,52,1002.41,8381757,390558.0,440701.0,986.2,1012.8,981.3,986.2,120477000,1084.8,887.6,1102.5,649.1,1010.7,8,1,1010.6,1765,4,1010.5,936,12,1010.4,1519,9,1010.3,657,10,1011.0,1969,24,1011.1,774,8,1011.2,1397,17,1011.3,1986,14,1011.4,803,16
317,2025-11-26 14:53:20+05:30,1010.9,52,1002.41,8381810,390539.0,441235.0,986.2,1012.8,981.3,986.2,120477000,1084.8,887.6,1102.5,649.1,1010.7,13,2,1010.6,1765,4,1010.5,970,13,1010.4,1553,10,1010.3,601,8,1010.9,243,1,1011.0,2012,25,1011.1,738,7,1011.2,1396,17,1011.3,1406,13
317,2025-11-26 14:53:20+05:30,1010.9,52,1002.41,8381810,390539.0,441235.0,986.2,1012.8,981.3,986.2,120477000,1084.8,887.6,1102.5,649.1,1010.7,13,2,1010.6,1765,4,1010.5,970,13,1010.4,1553,10,1010.3,601,8,1010.9,243,1,1011.0,2012,25,1011.1,738,7,1011.2,1396,17,1011.3,1406,13
317,2025-11-26 14:53:21+05:30,1010.9,52,1002.41,8381810,390539.0,441235.0,986.2,1012.8,981.3,986.2,120477000,1084.8,887.6,1102.5,649.1,1010.7,13,2,1010.6,1765,4,1010.5,970,13,1010.4,1553,10,1010.3,601,8,1010.9,243,1,1011.0,2012,25,1011.1,738,7,1011.2,1396,17,1011.3,1406,13
317,2025-11-26 14:53:21+05:30,1010.9,1,1002.41,8381810,390539.0,441235.0,986.2,1012.8,981.3,986.2,120477000,1084.8,887.6,1102.5,649.1,1010.7,13,2,1010.6,1765,4,1010.5,970,13,1010.4,1553,10,1010.3,601,8,1010.9,243,1,1011.0,2012,25,1011.1,738,7,1011.2,1396,17,1011.3,1406,13
317,2025-11-26 14:53:21+05:30,1010.7,5,1002.41,8381816,390759.0,440802.0,986.2,1012.8,981.3,986.2,120477000,1084.8,887.6,1102.5,649.1,1010.7,8,2,1010.6,1765,4,1010.5,970,13,1010.4,1553,10,1010.3,601,8,1010.9,414,3,1011.0,1967,24,1011.1,738,7,1011.2,1396,17,1011.3,1406,13
317,2025-11-26 14:53:22+05:30,1010.9,1,1002.41,8381816,390759.0,440802.0,986.2,1012.8,981.3,986.2,120477000,1084.8,887.6,1102.5,649.1,1010.7,8,2,1010.6,1765,4,1010.5,970,13,1010.4,1553,10,1010.3,601,8,1010.9,414,3,1011.0,1967,24,1011.1,738,7,1011.2,1396,17,1011.3,1406,13
317,2025-11-26 14:53:22+05:30,1010.9,4,1002.41,8381825,390788.0,440933.0,986.2,1012.8,981.3,986.2,120477000,1084.8,887.6,1102.5,649.1,1010.7,8,2,1010.6,1765,4,1010.5,838,12,1010.4,1553,10,1010.3,601,8,1010.9,405,3,1011.0,1922,23,1011.1,738,7,1011.2,1389,16,1011.3,1456,14
317,2025-11-26 14:53:23+05:30,1010.9,154,1002.41,8381825,390788.0,440933.0,986.2,1012.8,981.3,986.2,120477000,1084.8,887.6,1102.5,649.1,1010.7,8,2,1010.6,1765,4,1010.5,838,12,1010.4,1553,10,1010.3,601,8,1010.9,405,3,1011.0,1922,23,1011.1,738,7,1011.2,1389,16,1011.3,1456,14
317,2025-11-26 14:53:23+05:30,1010.9,154,1002.41,8382002,390758.0,440470.0,986.2,1012.8,981.3,986.2,120477000,1084.8,887.6,1102.5,649.1,1010.7,8,2,1010.6,1815,6,1010.5,838,12,1010.4,1553,10,1010.3,1088,9,1010.9,228,3,1011.0,1922,23,1011.1,686,6,1011.2,1355,15,1011.3,1463,15
317,2025-11-26 14:53:24+05:30,1010.9,156,1002.41,8382002,390758.0,440470.0,986.2,1012.8,981.3,986.2,120477000,1084.8,887.6,1102.5,649.1,1010.7,8,2,1010.6,1815,6,1010.5,838,12,1010.4,1553,10,1010.3,1088,9,1010.9,228,3,1011.0,1922,23,1011.1,686,6,1011.2,1355,15,1011.3,1463,15
317,2025-11-26 14:53:24+05:30,1010.9,156,1002.41,8382215,390822.0,441374.0,986.2,1012.8,981.3,986.2,120477000,1084.8,887.6,1102.5,649.1,1010.7,8,2,1010.6,1766,5,1010.5,764,10,1010.4,1587,11,1010.3,637,9,1010.9,414,6,1011.0,2023,24,1011.1,800,9,1011.2,1355,15,1011.3,1463,15
317,2025-11-26 14:53:25+05:30,1010.9,11,1002.41,8382215,390822.0,441374.0,986.2,1012.8,981.3,986.2,120477000,1084.8,887.6,1102.5,649.1,1010.7,8,2,1010.6,1766,5,1010.5,764,10,1010.4,1587,11,1010.3,637,9,1010.9,414,6,1011.0,2023,24,1011.1,800,9,1011.2,1355,15,1011.3,1463,15
317,2025-11-26 14:53:25+05:30,1010.5,5,1002.41,8385038,388935.0,445623.0,986.2,1012.8,981.3,986.2,120477000,1084.8,887.6,1102.5,649.1,1010.4,1114,4,1010.3,68,2,1010.2,331,7,1010.1,1784,15,1010.0,5895,30,1010.5,16,1,1010.7,284,3,1010.8,624,7,1010.9,1065,14,1011.0,3558,35
317,2025-11-26 14:53:26+05:30,1010.6,11,1002.41,8385038,388935.0,445623.0,986.2,1012.8,981.3,986.2,120477000,1084.8,887.6,1102.5,649.1,1010.4,1114,4,1010.3,68,2,1010.2,331,7,1010.1,1784,15,1010.0,5895,30,1010.5,16,1,1010.7,284,3,1010.8,624,7,1010.9,1065,14,1011.0,3558,35
317,2025-11-26 14:53:26+05:30,1010.6,11,1002.41,8385065,388452.0,442861.0,986.2,1012.8,981.3,986.2,120477000,1084.8,887.6,1102.5,649.1,1010.6,1,1,1010.4,1265,6,1010.3,519,8,1010.2,1156,13,1010.1,1839,16,1010.8,6,1,1010.9,546,10,1011.0,2551,31,1011.1,1244,11,1011.2,1452,21
317,2025-11-26 14:53:27+05:30,1010.8,1,1002.41,8385065,388452.0,442861.0,986.2,1012.8,981.3,986.2,120477000,1084.8,887.6,1102.5,649.1,1010.6,1,1,1010.4,1265,6,1010.3,519,8,1010.2,1156,13,1010.1,1839,16,1010.8,6,1,1010.9,546,10,1011.0,2551,31,1011.1,1244,11,1011.2,1452,21
317,2025-11-26 14:53:27+05:30,1010.8,1,1002.41,8385066,386968.0,442939.0,986.2,1012.8,981.3,986.2,120477000,1084.8,887.6,1102.5,649.1,1010.6,4,2,1010.5,8,1,1010.4,1265,6,1010.3,519,8,1010.2,1156,13,1010.8,5,1,1010.9,599,11,1011.0,2551,31,1011.1,1244,11,1011.2,1452,21
317,2025-11-26 14:53:28+05:30,1010.8,1,1002.41,8385066,386942.0,444071.0,986.2,1012.8,981.3,986.2,120477000,1084.8,887.6,1102.5,649.1,1010.6,4,2,1010.5,8,1,1010.4,1265,6,1010.3,519,8,1010.2,1156,13,1010.8,277,3,1010.9,932,12,1011.0,2551,31,1011.1,1244,11,1011.2,1452,21
317,2025-11-26 14:53:29+05:30,1010.8,2,1002.41,8385066,386942.0,444071.0,986.2,1012.8,981.3,986.2,120477000,1084.8,887.6,1102.5,649.1,1010.6,4,2,1010.5,8,1,1010.4,1265,6,1010.3,519,8,1010.2,1156,13,1010.8,277,3,1010.9,932,12,1011.0,2551,31,1011.1,1244,11,1011.2,1452,21
317,2025-11-26 14:53:29+05:30,1010.8,2,1002.41,8385068,386956.0,443797.0,986.2,1012.8,981.3,986.2,120477000,1084.8,887.6,1102.5,649.1,1010.6,22,3,1010.5,8,1,1010.4,1261,5,1010.3,519,8,1010.2,1156,13,1010.8,267,3,1010.9,1011,14,1011.0,2542,31,1011.1,1511,11,1011.2,1154,20
317,2025-11-26 14:53:30+05:30,1010.8,27,1002.41,8385068,386956.0,443797.0,986.2,1012.8,981.3,986.2,120477000,1084.8,887.6,1102.5,649.1,1010.6,22,3,1010.5,8,1,1010.4,1261,5,1010.3,519,8,1010.2,1156,13,1010.8,267,3,1010.9,1011,14,1011.0,2542,31,1011.1,1511,11,1011.2,1154,20
317,2025-11-26 14:53:30+05:30,1010.8,1,1002.41,8385130,387035.0,443739.0,986.2,1012.8,981.3,986.2,120477000,1084.8,887.6,1102.5,649.1,1010.6,17,3,1010.5,62,2,1010.4,1261,5,1010.3,549,9,1010.2,1156,13,1010.8,214,2,1010.9,871,11,1011.0,2397,27,1011.1,1541,12,1011.2,1154,20
317,2025-11-26 14:53:31+05:30,1010.8,1,1002.41,8385130,387035.0,443739.0,986.2,1012.8,981.3,986.2,120477000,1084.8,887.6,1102.5,649.1,1010.6,17,3,1010.5,62,2,1010.4,1261,5,1010.3,549,9,1010.2,1156,13,1010.8,214,2,1010.9,871,11,1011.0,2397,27,1011.1,1541,12,1011.2,1154,20
317,2025-11-26 14:53:32+05:30,1010.4,8,1002.41,8385330,387028.0,443204.0,986.2,1012.8,981.3,986.2,120477000,1084.8,887.6,1102.5,649.1,1010.6,8,1,1010.4,1122,3,1010.3,441,9,1010.2,1109,11,1010.1,2016,16,1010.8,215,3,1010.9,924,12,1011.0,2477,29,1011.1,1511,11,1011.2,1154,20
317,2025-11-26 14:53:32+05:30,1010.4,8,1002.41,8385330,387028.0,443204.0,986.2,1012.8,981.3,986.2,120477000,1084.8,887.6,1102.5,649.1,1010.6,8,1,1010.4,1122,3,1010.3,441,9,1010.2,1109,11,1010.1,2016,16,1010.8,215,3,1010.9,924,12,1011.0,2477,29,1011.1,1511,11,1011.2,1154,20
317,2025-11-26 14:53:33+05:30,1010.4,54,1002.41,8386573,386398.0,444630.0,986.2,1012.8,981.3,986.2,120477000,1084.8,887.6,1102.5,649.1,1010.3,36,1,1010.2,1604,3,1010.1,1672,12,1010.0,2630,23,1009.9,845,12,1010.7,236,5,1010.8,1256,12,1010.9,1724,20,1011.0,2641,27,1011.1,924,13
317,2025-11-26 14:53:33+05:30,1010.4,54,1002.41,8386573,386398.0,444630.0,986.2,1012.8,981.3,986.2,120477000,1084.8,887.6,1102.5,649.1,1010.3,36,1,1010.2,1604,3,1010.1,1672,12,1010.0,2630,23,1009.9,845,12,1010.7,236,5,1010.8,1256,12,1010.9,1724,20,1011.0,2641,27,1011.1,924,13
317,2025-11-26 14:53:34+05:30,1010.7,1,1002.41,8386574,387011.0,444073.0,986.2,1012.8,981.3,986.2,120477000,1084.8,887.6,1102.5,649.1,1010.3,54,1,1010.2,1698,5,1010.1,1702,13,1010.0,2775,28,1009.9,818,11,1010.7,242,5,1010.8,1237,11,1010.9,1729,20,1011.0,2654,28,1011.1,768,10
317,2025-11-26 14:53:34+05:30,1010.7,1,1002.41,8386574,387011.0,444073.0,986.2,1012.8,981.3,986.2,120477000,1084.8,887.6,1102.5,649.1,1010.3,54,1,1010.2,1698,5,1010.1,1702,13,1010.0,2775,28,1009.9,818,11,1010.7,242,5,1010.8,1237,11,1010.9,1729,20,1011.0,2654,28,1011.1,768,10
317,2025-11-26 14:53:35+05:30,1010.7,2,1002.41,8386677,387211.0,444397.0,986.2,1012.8,981.3,986.2,120477000,1084.8,887.6,1102.5,649.1,1010.2,1649,6,1010.1,1778,14,1010.0,2775,28,1009.9,831,12,1009.8,5364,14,1010.7,320,5,1010.8,1390,12,1010.9,1729,20,1011.0,2681,30,1011.1,869,11
317,2025-11-26 14:53:35+05:30,1010.7,2,1002.41,8386677,387211.0,444397.0,986.2,1012.8,981.3,986.2,120477000,1084.8,887.6,1102.5,649.1,1010.2,1649,6,1010.1,1778,14,1010.0,2775,28,1009.9,831,12,1009.8,5364,14,1010.7,320,5,1010.8,1390,12,1010.9,1729,20,1011.0,2681,30,1011.1,869,11
317,2025-11-26 14:53:36+05:30,1010.7,2,1002.41,8386679,387189.0,444605.0,986.2,1012.8,981.3,986.2,120477000,1084.8,887.6,1102.5,649.1,1010.2,1588,4,1010.1,1778,14,1010.0,2775,28,1009.9,831,12,1009.8,5364,14,1010.7,520,8,1010.8,1390,12,1010.9,1694,20,1011.0,2724,31,1011.1,869,11
317,2025-11-26 14:53:37+05:30,1010.7,50,1002.41,8386729,387139.0,444970.0,986.2,1012.8,981.3,986.2,120477000,1084.8,887.6,1102.5,649.1,1010.2,1720,5,1010.1,1677,13,1010.0,2674,27,1009.9,853,13,1009.8,5232,13,1010.7,736,11,1010.8,1503,12,1010.9,1657,15,1011.0,2787,30,1011.1,869,11
317,2025-11-26 14:53:37+05:30,1010.7,50,1002.41,8386729,387139.0,444970.0,986.2,1012.8,981.3,986.2,120477000,1084.8,887.6,1102.5,649.1,1010.2,1720,5,1010.1,1677,13,1010.0,2674,27,1009.9,853,13,1009.8,5232,13,1010.7,736,11,1010.8,1503,12,1010.9,1657,15,1011.0,2787,30,1011.1,869,11
317,2025-11-26 14:53:38+05:30,1010.7,50,1002.41,8386729,387234.0,444913.0,986.2,1012.8,981.3,986.2,120477000,1084.8,887.6,1102.5,649.1,1010.2,1720,5,1010.1,1677,13,1010.0,2674,27,1009.9,853,13,1009.8,5232,13,1010.7,766,12,1010.8,1510,13,1010.9,1627,14,1011.0,2885,36,1011.1,869,11
317,2025-11-26 14:53:39+05:30,1010.7,1,1002.41,8386730,387891.0,445029.0,986.2,1012.8,981.3,986.2,120477000,1084.8,887.6,1102.5,649.1,1010.6,1,1,1010.3,114,1,1010.2,1823,7,1010.1,1647,12,1010.0,3312,29,1010.7,669,9,1010.8,806,9,1010.9,1438,12,1011.0,3143,36,1011.1,1109,12
317,2025-11-26 14:53:39+05:30,1010.7,1,1002.41,8386730,387891.0,445029.0,986.2,1012.8,981.3,986.2,120477000,1084.8,887.6,1102.5,649.1,1010.6,1,1,1010.3,114,1,1010.2,1823,7,1010.1,1647,12,1010.0,3312,29,1010.7,669,9,1010.8,806,9,1010.9,1438,12,1011.0,3143,36,1011.1,1109,12
317,2025-11-26 14:53:40+05:30,1010.7,1,1002.41,8386730,387891.0,445029.0,986.2,1012.8,981.3,986.2,120477000,1084.8,887.6,1102.5,649.1,1010.6,1,1,1010.3,114,1,1010.2,1823,7,1010.1,1647,12,1010.0,3312,29,1010.7,669,9,1010.8,806,9,1010.9,1438,12,1011.0,3143,36,1011.1,1109,12
317,2025-11-26 14:53:40+05:30,1010.7,1,1002.41,8386732,387747.0,444268.0,986.2,1012.8,981.3,986.2,120477000,1084.8,887.6,1102.5,649.1,1010.6,1,1,1010.3,114,1,1010.2,1823,7,1010.1,1647,12,1010.0,3312,29,1010.7,712,10,1010.8,806,9,1010.9,1438,12,1011.0,2587,35,1011.1,1104,11
317,2025-11-26 14:53:41+05:30,1010.6,1,1002.41,8386732,387747.0,444268.0,986.2,1012.8,981.3,986.2,120477000,1084.8,887.6,1102.5,649.1,1010.5,16,2,1010.2,1787,7,1010.1,1647,12,1010.0,3276,28,1009.9,870,13,1010.6,1,1,1010.7,624,8,1010.8,1359,10,1010.9,1547,13,1011.0,2970,37
317,2025-11-26 14:53:41+05:30,1010.6,1,1002.41,8386735,387253.0,444843.0,986.2,1012.8,981.3,986.2,120477000,1084.8,887.6,1102.5,649.1,1010.5,16,2,1010.2,1787,7,1010.1,1647,12,1010.0,3276,28,1009.9,870,13,1010.6,1,1,1010.7,624,8,1010.8,1359,10,1010.9,1547,13,1011.0,2970,37
317,2025-11-26 14:53:42+05:30,1010.6,1,1002.41,8386735,387464.0,444488.0,986.2,1012.8,981.3,986.2,120477000,1084.8,887.6,1102.5,649.1,1010.5,16,2,1010.3,485,1,1010.2,1861,8,1010.1,1647,12,1010.0,3276,28,1010.6,301,3,1010.7,530,9,1010.8,838,9,1010.9,1417,11,1011.0,2533,35
317,2025-11-26 14:53:43+05:30,1010.5,3,1002.41,8386735,387464.0,444488.0,986.2,1012.8,981.3,986.2,120477000,1084.8,887.6,1102.5,649.1,1010.5,16,2,1010.3,485,1,1010.2,1861,8,1010.1,1647,12,1010.0,3276,28,1010.6,301,3,1010.7,530,9,1010.8,838,9,1010.9,1417,11,1011.0,2533,35
317,2025-11-26 14:53:43+05:30,1010.5,3,1002.41,8386850,387590.0,444474.0,986.2,1012.8,981.3,986.2,120477000,1084.8,887.6,1102.5,649.1,1010.5,13,2,1010.2,1861,8,1010.1,1647,12,1010.0,3316,29,1009.9,870,13,1010.6,270,3,1010.7,563,10,1010.8,1374,9,1010.9,1417,11,1011.0,2831,36
317,2025-11-26 14:53:44+05:30,1010.6,3,1002.41,8386850,387590.0,444474.0,986.2,1012.8,981.3,986.2,120477000,1084.8,887.6,1102.5,649.1,1010.5,13,2,1010.2,1861,8,1010.1,1647,12,1010.0,3316,29,1009.9,870,13,1010.6,270,3,1010.7,563,10,1010.8,1374,9,1010.9,1417,11,1011.0,2831,36
317,2025-11-26 14:53:44+05:30,1010.6,3,1002.41,8387069,387566.0,444404.0,986.2,1012.8,981.3,986.2,120477000,1084.8,887.6,1102.5,649.1,1010.5,13,2,1010.2,1866,9,1010.1,1647,12,1010.0,3316,29,1009.9,870,13,1010.6,230,3,1010.7,530,9,1010.8,1377,10,1010.9,1417,11,1011.0,2802,32
317,2025-11-26 14:53:45+05:30,1010.6,2,1002.41,8387069,387566.0,444404.0,986.2,1012.8,981.3,986.2,120477000,1084.8,887.6,1102.5,649.1,1010.5,13,2,1010.2,1866,9,1010.1,1647,12,1010.0,3316,29,1009.9,870,13,1010.6,230,3,1010.7,530,9,1010.8,1377,10,1010.9,1417,11,1011.0,2802,32
317,2025-11-26 14:53:45+05:30,1010.6,1,1002.41,8387082,387519.0,444397.0,986.2,1012.8,981.3,986.2,120477000,1084.8,887.6,1102.5,649.1,1010.5,11,2,1010.2,2016,10,1010.1,1497,11,1010.0,3316,29,1009.9,870,13,1010.6,227,3,1010.7,563,10,1010.8,1344,9,1010.9,1417,11,1011.0,2802,32
317,2025-11-26 14:53:46+05:30,1010.6,1,1002.41,8387082,387519.0,444397.0,986.2,1012.8,981.3,986.2,120477000,1084.8,887.6,1102.5,649.1,1010.5,11,2,1010.2,2016,10,1010.1,1497,11,1010.0,3316,29,1009.9,870,13,1010.6,227,3,1010.7,563,10,1010.8,1344,9,1010.9,1417,11,1011.0,2802,32
317,2025-11-26 14:53:46+05:30,1010.6,1,1002.41,8387084,387547.0,444442.0,986.2,1012.8,981.3,986.2,120477000,1084.8,887.6,1102.5,649.1,1010.5,11,2,1010.2,2016,10,1010.1,1497,11,1010.0,3316,29,1009.9,870,13,1010.6,305,6,1010.7,574,10,1010.8,1344,9,1010.9,1427,12,1011.0,2802,32
317,2025-11-26 14:53:47+05:30,1010.6,1,1002.41,8387084,387266.0,444231.0,986.2,1012.8,981.3,986.2,120477000,1084.8,887.6,1102.5,649.1,1010.5,37,3,1010.2,1881,7,1010.1,1497,11,1010.0,4056,29,1009.9,836,11,1010.6,272,5,1010.7,733,13,1010.8,1289,9,1010.9,969,13,1011.0,2776,30
317,2025-11-26 14:53:48+05:30,1010.6,3,1002.41,8387084,387266.0,444231.0,986.2,1012.8,981.3,986.2,120477000,1084.8,887.6,1102.5,649.1,1010.5,37,3,1010.2,1881,7,1010.1,1497,11,1010.0,4056,29,1009.9,836,11,1010.6,272,5,1010.7,733,13,1010.8,1289,9,1010.9,969,13,1011.0,2776,30
317,2025-11-26 14:53:48+05:30,1010.6,3,1002.41,8387087,386699.0,444733.0,986.2,1012.8,981.3,986.2,120477000,1084.8,887.6,1102.5,649.1,1010.5,37,3,1010.4,9,2,1010.2,1881,7,1010.1,1497,11,1010.0,3444,29,1010.6,495,5,1010.7,733,13,1010.8,1286,9,1010.9,1427,12,1011.0,2881,37
317,2025-11-26 14:53:49+05:30,1010.6,2,1002.41,8387087,386699.0,444733.0,986.2,1012.8,981.3,986.2,120477000,1084.8,887.6,1102.5,649.1,1010.5,37,3,1010.4,9,2,1010.2,1881,7,1010.1,1497,11,1010.0,3444,29,1010.6,495,5,1010.7,733,13,1010.8,1286,9,1010.9,1427,12,1011.0,2881,37
317,2025-11-26 14:53:49+05:30,1010.6,2,1002.41,8387089,386669.0,444814.0,986.2,1012.8,981.3,986.2,120477000,1084.8,887.6,1102.5,649.1,1010.5,37,3,1010.4,9,2,1010.2,1881,7,1010.1,1497,11,1010.0,3396,26,1010.6,502,9,1010.7,727,10,1010.8,1292,9,1010.9,1427,12,1011.0,2881,37
317,2025-11-26 14:53:50+05:30,1010.6,15,1002.41,8387089,386669.0,444814.0,986.2,1012.8,981.3,986.2,120477000,1084.8,887.6,1102.5,649.1,1010.5,37,3,1010.4,9,2,1010.2,1881,7,1010.1,1497,11,1010.0,3396,26,1010.6,502,9,1010.7,727,10,1010.8,1292,9,1010.9,1427,12,1011.0,2881,37
317,2025-11-26 14:53:50+05:30,1010.6,15,1002.41,8387145,386666.0,444393.0,986.2,1012.8,981.3,986.2,120477000,1084.8,887.6,1102.5,649.1,1010.5,37,3,1010.4,9,2,1010.3,13,1,1010.2,1881,7,1010.1,1497,11,1010.6,568,9,1010.7,727,10,1010.8,805,8,1010.9,1427,12,1011.0,2881,37
317,2025-11-26 14:53:51+05:30,1010.6,1,1002.41,8387145,386666.0,444393.0,986.2,1012.8,981.3,986.2,120477000,1084.8,887.6,1102.5,649.1,1010.5,37,3,1010.4,9,2,1010.3,13,1,1010.2,1881,7,1010.1,1497,11,1010.6,568,9,1010.7,727,10,1010.8,805,8,1010.9,1427,12,1011.0,2881,37
317,2025-11-26 14:53:51+05:30,1010.6,1,1002.41,8388646,388392.0,442967.0,986.2,1012.8,981.3,986.2,120477000,1084.8,887.6,1102.5,649.1,1010.5,37,3,1010.4,147,5,1010.3,1998,10,1010.2,872,11,1010.1,2263,21,1010.6,18,2,1010.7,347,3,1010.8,381,3,1010.9,553,6,1011.0,1680,24
317,2025-11-26 14:53:52+05:30,1010.6,2,1002.41,8388646,388392.0,442967.0,986.2,1012.8,981.3,986.2,120477000,1084.8,887.6,1102.5,649.1,1010.5,37,3,1010.4,147,5,1010.3,1998,10,1010.2,872,11,1010.1,2263,21,1010.6,18,2,1010.7,347,3,1010.8,381,3,1010.9,553,6,1011.0,1680,24
317,2025-11-26 14:53:52+05:30,1010.5,1,1002.41,8388670,388527.0,443435.0,986.2,1012.8,981.3,986.2,120477000,1084.8,887.6,1102.5,649.1,1010.5,41,3,1010.4,219,6,1010.3,1945,9,1010.2,902,12,1010.1,2290,22,1010.6,246,5,1010.7,303,2,1010.8,381,3,1010.9,1184,8,1011.0,2189,26
317,2025-11-26 14:53:53+05:30,1010.6,4,1002.41,8388670,388527.0,443435.0,986.2,1012.8,981.3,986.2,120477000,1084.8,887.6,1102.5,649.1,1010.5,41,3,1010.4,219,6,1010.3,1945,9,1010.2,902,12,1010.1,2290,22,1010.6,246,5,1010.7,303,2,1010.8,381,3,1010.9,1184,8,1011.0,2189,26
317,2025-11-26 14:53:53+05:30,1010.6,4,1002.41,8388777,388207.0,443602.0,986.2,1012.8,981.3,986.2,120477000,1084.8,887.6,1102.5,649.1,1010.5,8,2,1010.4,146,4,1010.3,1915,8,1010.2,932,13,1010.1,1796,21,1010.6,210,5,1010.7,303,2,1010.8,381,3,1010.9,1184,8,1011.0,2307,28
317,2025-11-26 14:53:54+05:30,1010.6,55,1002.41,8388777,388207.0,443602.0,986.2,1012.8,981.3,986.2,120477000,1084.8,887.6,1102.5,649.1,1010.5,8,2,1010.4,146,4,1010.3,1915,8,1010.2,932,13,1010.1,1796,21,1010.6,210,5,1010.7,303,2,1010.8,381,3,1010.9,1184,8,1011.0,2307,28
317,2025-11-26 14:53:54+05:30,1010.6,55,1002.41,8389042,389553.0,443773.0,986.2,1012.8,981.3,986.2,120477000,1084.8,887.6,1102.5,649.1,1010.5,8,2,1010.4,1653,7,1010.3,415,6,1010.2,928,14,1010.1,1786,20,1010.6,174,3,1010.7,303,2,1010.8,518,5,1010.9,715,8,1011.0,2294,27
317,2025-11-26 14:53:55+05:30,1010.6,12,1002.41,8389042,389553.0,443773.0,986.2,1012.8,981.3,986.2,120477000,1084.8,887.6,1102.5,649.1,1010.5,8,2,1010.4,1653,7,1010.3,415,6,1010.2,928,14,1010.1,1786,20,1010.6,174,3,1010.7,303,2,1010.8,518,5,1010.9,715,8,1011.0,2294,27
317,2025-11-26 14:53:55+05:30,1010.6,12,1002.41,8389072,390044.0,443472.0,986.2,1012.8,981.3,986.2,120477000,1084.8,887.6,1102.5,649.1,1010.5,8,2,1010.4,1520,5,1010.3,547,7,1010.2,928,14,1010.1,1786,20,1010.6,144,3,1010.7,430,3,1010.8,486,4,1010.9,1209,9,1011.0,2294,27
317,2025-11-26 14:53:56+05:30,1010.6,2,1002.41,8389072,390044.0,443472.0,986.2,1012.8,981.3,986.2,120477000,1084.8,887.6,1102.5,649.1,1010.5,8,2,1010.4,1520,5,1010.3,547,7,1010.2,928,14,1010.1,1786,20,1010.6,144,3,1010.7,430,3,1010.8,486,4,1010.9,1209,9,1011.0,2294,27
317,2025-11-26 14:53:57+05:30,1010.6,1,1002.41,8389072,390044.0,443472.0,986.2,1012.8,981.3,986.2,120477000,1084.8,887.6,1102.5,649.1,1010.5,8,2,1010.4,1520,5,1010.3,547,7,1010.2,928,14,1010.1,1786,20,1010.6,144,3,1010.7,430,3,1010.8,486,4,1010.9,1209,9,1011.0,2294,27
317,2025-11-26 14:53:58+05:30,1010.6,1,1002.41,8389075,390194.0,443489.0,986.2,1012.8,981.3,986.2,120477000,1084.8,887.6,1102.5,649.1,1010.5,8,2,1010.4,1679,8,1010.3,356,5,1010.2,987,16,1010.1,1756,19,1010.6,142,4,1010.7,430,3,1010.8,486,4,1010.9,1202,8,1011.0,2324,28
317,2025-11-26 14:53:58+05:30,1010.6,1,1002.41,8389075,390194.0,443489.0,986.2,1012.8,981.3,986.2,120477000,1084.8,887.6,1102.5,649.1,1010.5,8,2,1010.4,1679,8,1010.3,356,5,1010.2,987,16,1010.1,1756,19,1010.6,142,4,1010.7,430,3,1010.8,486,4,1010.9,1202,8,1011.0,2324,28
317,2025-11-26 14:53:59+05:30,1010.6,1,1002.41,8389077,389488.0,443447.0,986.2,1012.8,981.3,986.2,120477000,1084.8,887.6,1102.5,649.1,1010.5,8,2,1010.4,1557,6,1010.3,474,6,1010.2,1036,20,1010.1,1707,15,1010.6,140,4,1010.7,430,3,1010.8,486,4,1010.9,1270,9,1011.0,2409,29
317,2025-11-26 14:53:59+05:30,1010.6,1,1002.41,8389077,389488.0,443447.0,986.2,1012.8,981.3,986.2,120477000,1084.8,887.6,1102.5,649.1,1010.5,8,2,1010.4,1557,6,1010.3,474,6,1010.2,1036,20,1010.1,1707,15,1010.6,140,4,1010.7,430,3,1010.8,486,4,1010.9,1270,9,1011.0,2409,29
317,2025-11-26 14:54:00+05:30,1010.6,11,1002.41,8389088,389960.0,443436.0,986.2,1012.8,981.3,986.2,120477000,1084.8,887.6,1102.5,649.1,1010.5,8,2,1010.4,1557,6,1010.3,474,6,1010.2,1036,20,1010.1,1695,14,1010.6,129,4,1010.7,430,3,1010.8,486,4,1010.9,1270,9,1011.0,2409,29
317,2025-11-26 14:54:00+05:30,1010.6,1,1002.41,8389088,389960.0,443436.0,986.2,1012.8,981.3,986.2,120477000,1084.8,887.6,1102.5,649.1,1010.5,8,2,1010.4,1557,6,1010.3,474,6,1010.2,1036,20,1010.1,1695,14,1010.6,129,4,1010.7,430,3,1010.8,486,4,1010.9,1270,9,1011.0,2409,29
317,2025-11-26 14:54:01+05:30,1010.6,1,1002.41,8389099,389599.0,443640.0,986.2,1012.8,981.3,986.2,120477000,1084.8,887.6,1102.5,649.1,1010.5,7,2,1010.4,1678,8,1010.3,527,8,1010.2,1006,19,1010.1,1665,13,1010.6,127,4,1010.7,430,3,1010.8,486,4,1010.9,1170,8,1011.0,2409,29
317,2025-11-26 14:54:01+05:30,1010.4,5,1002.41,8389099,389599.0,443640.0,986.2,1012.8,981.3,986.2,120477000,1084.8,887.6,1102.5,649.1,1010.5,7,2,1010.4,1678,8,1010.3,527,8,1010.2,1006,19,1010.1,1665,13,1010.6,127,4,1010.7,430,3,1010.8,486,4,1010.9,1170,8,1011.0,2409,29
317,2025-11-26 14:54:02+05:30,1010.4,5,1002.41,8389124,389220.0,443656.0,986.2,1012.8,981.3,986.2,120477000,1084.8,887.6,1102.5,649.1,1010.5,8,1,1010.4,1557,6,1010.3,264,5,1010.2,975,16,1010.1,1691,15,1010.6,128,5,1010.7,430,3,1010.8,558,5,1010.9,827,9,1011.0,2379,28
317,2025-11-26 14:54:02+05:30,1010.6,105,1002.41,8389124,389220.0,443656.0,986.2,1012.8,981.3,986.2,120477000,1084.8,887.6,1102.5,649.1,1010.5,8,1,1010.4,1557,6,1010.3,264,5,1010.2,975,16,1010.1,1691,15,1010.6,128,5,1010.7,430,3,1010.8,558,5,1010.9,827,9,1011.0,2379,28
317,2025-11-26 14:54:03+05:30,1010.7,252,1002.42,8390888,390283.0,441873.0,986.2,1012.8,981.3,986.2,120477000,1084.8,887.6,1102.5,649.1,1010.5,8,1,1010.4,1637,8,1010.3,407,6,1010.2,1002,17,1010.1,1835,15,1010.6,23,2,1010.7,138,2,1010.8,350,3,1010.9,932,6,1011.0,1640,25
317,2025-11-26 14:54:03+05:30,1010.7,252,1002.42,8390888,390283.0,441873.0,986.2,1012.8,981.3,986.2,120477000,1084.8,887.6,1102.5,649.1,1010.5,8,1,1010.4,1637,8,1010.3,407,6,1010.2,1002,17,1010.1,1835,15,1010.6,23,2,1010.7,138,2,1010.8,350,3,1010.9,932,6,1011.0,1640,25
317,2025-11-26 14:54:04+05:30,1010.6,2,1002.42,8391685,388763.0,442886.0,986.2,1012.8,981.3,986.2,120477000,1084.8,887.6,1102.5,649.1,1010.6,42,3,1010.5,70,3,1010.4,1585,8,1010.3,572,7,1010.2,988,17,1010.7,138,2,1010.8,355,4,1010.9,1128,8,1011.0,2001,27,1011.1,1099,9
317,2025-11-26 14:54:04+05:30,1010.6,2,1002.42,8391685,388763.0,442886.0,986.2,1012.8,981.3,986.2,120477000,1084.8,887.6,1102.5,649.1,1010.6,42,3,1010.5,70,3,1010.4,1585,8,1010.3,572,7,1010.2,988,17,1010.7,138,2,1010.8,355,4,1010.9,1128,8,1011.0,2001,27,1011.1,1099,9
317,2025-11-26 14:54:05+05:30,1010.7,1,1002.42,8391794,388714.0,442831.0,986.2,1012.8,981.3,986.2,120477000,1084.8,887.6,1102.5,649.1,1010.6,50,4,1010.5,43,2,1010.4,1772,10,1010.3,599,8,1010.2,988,17,1010.7,94,5,1010.8,350,3,1010.9,974,6,1011.0,1921,26,1011.1,621,9
317,2025-11-26 14:54:05+05:30,1010.7,1,1002.42,8391794,388714.0,442831.0,986.2,1012.8,981.3,986.2,120477000,1084.8,887.6,1102.5,649.1,1010.6,50,4,1010.5,43,2,1010.4,1772,10,1010.3,599,8,1010.2,988,17,1010.7,94,5,1010.8,350,3,1010.9,974,6,1011.0,1921,26,1011.1,621,9
317,2025-11-26 14:54:06+05:30,1010.6,10,1002.42,8391811,388522.0,443011.0,986.2,1012.8,981.3,986.2,120477000,1084.8,887.6,1102.5,649.1,1010.6,34,3,1010.5,43,2,1010.4,1745,9,1010.3,626,9,1010.2,988,17,1010.7,192,6,1010.8,350,3,1010.9,1214,9,1011.0,2423,28,1011.1,620,10
317,2025-11-26 14:54:06+05:30,1010.6,10,1002.42,8391811,388522.0,443011.0,986.2,1012.8,981.3,986.2,120477000,1084.8,887.6,1102.5,649.1,1010.6,34,3,1010.5,43,2,1010.4,1745,9,1010.3,626,9,1010.2,988,17,1010.7,192,6,1010.8,350,3,1010.9,1214,9,1011.0,2423,28,1011.1,620,10
317,2025-11-26 14:54:07+05:30,1010.6,30,1002.42,8392680,387375.0,443521.0,986.2,1012.8,981.3,986.2,120477000,1084.8,887.6,1102.5,649.1,1010.6,23,2,1010.5,26,2,1010.4,14,3,1010.3,1671,6,1010.2,664,8,1010.8,661,7,1010.9,1174,10,1011.0,2235,26,1011.1,867,9,1011.2,1168,21
317,2025-11-26 14:54:07+05:30,1010.6,30,1002.42,8392680,387375.0,443521.0,986.2,1012.8,981.3,986.2,120477000,1084.8,887.6,1102.5,649.1,1010.6,23,2,1010.5,26,2,1010.4,14,3,1010.3,1671,6,1010.2,664,8,1010.8,661,7,1010.9,1174,10,1011.0,2235,26,1011.1,867,9,1011.2,1168,21
317,2025-11-26 14:54:08+05:30,1010.6,30,1002.42,8392680,387488.0,444039.0,986.2,1012.8,981.3,986.2,120477000,1084.8,887.6,1102.5,649.1,1010.6,23,2,1010.5,22,3,1010.4,14,3,1010.3,1791,6,1010.2,1216,10,1010.7,27,1,1010.8,593,7,1010.9,1307,12,1011.0,2363,27,1011.1,880,10
317,2025-11-26 14:54:09+05:30,1010.7,2,1002.42,8392682,388159.0,443839.0,986.2,1012.8,981.3,986.2,120477000,1084.8,887.6,1102.5,649.1,1010.6,23,2,1010.5,22,3,1010.4,1573,6,1010.3,350,5,1010.2,1183,12,1010.7,26,2,1010.8,656,6,1010.9,734,11,1011.0,2390,28,1011.1,1094,10
317,2025-11-26 14:54:09+05:30,1010.7,2,1002.42,8392682,388159.0,443839.0,986.2,1012.8,981.3,986.2,120477000,1084.8,887.6,1102.5,649.1,1010.6,23,2,1010.5,22,3,1010.4,1573,6,1010.3,350,5,1010.2,1183,12,1010.7,26,2,1010.8,656,6,1010.9,734,11,1011.0,2390,28,1011.1,1094,10
317,2025-11-26 14:54:10+05:30,1010.7,1,1002.42,8392682,388159.0,443839.0,986.2,1012.8,981.3,986.2,120477000,1084.8,887.6,1102.5,649.1,1010.6,23,2,1010.5,22,3,1010.4,1573,6,1010.3,350,5,1010.2,1183,12,1010.7,26,2,1010.8,656,6,1010.9,734,11,1011.0,2390,28,1011.1,1094,10
317,2025-11-26 14:54:10+05:30,1010.7,1,1002.42,8392684,388424.0,443498.0,986.2,1012.8,981.3,986.2,120477000,1084.8,887.6,1102.5,649.1,1010.6,23,2,1010.5,22,3,1010.4,1625,7,1010.3,391,5,1010.2,801,13,1010.7,24,2,1010.8,602,5,1010.9,678,10,1011.0,1906,27,1011.1,1552,9
317,2025-11-26 14:54:11+05:30,1010.7,702,1002.42,8392684,388424.0,443498.0,986.2,1012.8,981.3,986.2,120477000,1084.8,887.6,1102.5,649.1,1010.6,23,2,1010.5,22,3,1010.4,1625,7,1010.3,391,5,1010.2,801,13,1010.7,24,2,1010.8,602,5,1010.9,678,10,1011.0,1906,27,1011.1,1552,9
317,2025-11-26 14:54:11+05:30,1010.8,127,1002.42,8393564,387733.0,442949.0,986.2,1012.8,981.3,986.2,120477000,1084.8,887.6,1102.5,649.1,1010.7,50,1,1010.6,23,2,1010.5,22,3,1010.4,979,6,1010.3,1184,7,1010.8,475,5,1010.9,1189,11,1011.0,1957,29,1011.1,576,8,1011.2,1132,21
317,2025-11-26 14:54:12+05:30,1010.7,50,1002.42,8393564,387733.0,442949.0,986.2,1012.8,981.3,986.2,120477000,1084.8,887.6,1102.5,649.1,1010.7,50,1,1010.6,23,2,1010.5,22,3,1010.4,979,6,1010.3,1184,7,1010.8,475,5,1010.9,1189,11,1011.0,1957,29,1011.1,576,8,1011.2,1132,21
317,2025-11-26 14:54:12+05:30,1010.7,50,1002.42,8393614,387505.0,443677.0,986.2,1012.8,981.3,986.2,120477000,1084.8,887.6,1102.5,649.1,1010.6,23,2,1010.5,22,3,1010.4,979,6,1010.3,1056,6,1010.2,1286,14,1010.8,518,7,1010.9,1197,12,1011.0,1906,27,1011.1,1372,10,1011.2,1138,22
317,2025-11-26 14:54:13+05:30,1010.6,54,1002.42,8393614,387505.0,443677.0,986.2,1012.8,981.3,986.2,120477000,1084.8,887.6,1102.5,649.1,1010.6,23,2,1010.5,22,3,1010.4,979,6,1010.3,1056,6,1010.2,1286,14,1010.8,518,7,1010.9,1197,12,1011.0,1906,27,1011.1,1372,10,1011.2,1138,22
317,2025-11-26 14:54:13+05:30,1010.6,54,1002.42,8393726,388088.0,443956.0,986.2,1012.8,981.3,986.2,120477000,1084.8,887.6,1102.5,649.1,1010.6,22,1,1010.5,23,4,1010.4,932,6,1010.3,1138,7,1010.2,810,14,1010.7,328,2,1010.8,512,7,1010.9,1655,11,1011.0,1901,27,1011.1,874,9
317,2025-11-26 14:54:14+05:30,1010.7,2,1002.42,8393726,388088.0,443956.0,986.2,1012.8,981.3,986.2,120477000,1084.8,887.6,1102.5,649.1,1010.6,22,1,1010.5,23,4,1010.4,932,6,1010.3,1138,7,1010.2,810,14,1010.7,328,2,1010.8,512,7,1010.9,1655,11,1011.0,1901,27,1011.1,874,9
317,2025-11-26 14:54:14+05:30,1010.7,2,1002.42,8393821,388170.0,443956.0,986.2,1012.8,981.3,986.2,120477000,1084.8,887.6,1102.5,649.1,1010.6,13,1,1010.5,23,4,1010.4,870,5,1010.3,1125,6,1010.2,913,15,1010.7,233,2,1010.8,663,7,1010.9,1624,12,1011.0,1926,28,1011.1,874,9
317,2025-11-26 14:54:15+05:30,1010.5,6,1002.42,8393821,388170.0,443956.0,986.2,1012.8,981.3,986.2,120477000,1084.8,887.6,1102.5,649.1,1010.6,13,1,1010.5,23,4,1010.4,870,5,1010.3,1125,6,1010.2,913,15,1010.7,233,2,1010.8,663,7,1010.9,1624,12,1011.0,1926,28,1011.1,874,9
317,2025-11-26 14:54:15+05:30,1010.5,6,1002.42,8393934,388010.0,443655.0,986.2,1012.8,981.3,986.2,120477000,1084.8,887.6,1102.5,649.1,1010.5,16,3,1010.4,811,4,1010.3,988,4,1010.2,913,14,1010.1,1876,18,1010.7,438,3,1010.8,634,7,1010.9,1788,14,1011.0,1926,28,1011.1,874,9
317,2025-11-26 14:54:16+05:30,1010.5,11,1002.42,8393934,388010.0,443655.0,986.2,1012.8,981.3,986.2,120477000,1084.8,887.6,1102.5,649.1,1010.5,16,3,1010.4,811,4,1010.3,988,4,1010.2,913,14,1010.1,1876,18,1010.7,438,3,1010.8,634,7,1010.9,1788,14,1011.0,1926,28,1011.1,874,9
317,2025-11-26 14:54:16+05:30,1010.5,3,1002.42,8393977,388074.0,443492.0,986.2,1012.8,981.3,986.2,120477000,1084.8,887.6,1102.5,649.1,1010.5,17,3,1010.4,811,4,1010.3,906,3,1010.2,782,11,1010.1,2381,21,1010.7,436,3,1010.8,634,7,1010.9,1332,12,1011.0,2464,32,1011.1,873,8
317,2025-11-26 14:54:17+05:30,1010.4,5,1002.42,8393977,388074.0,443492.0,986.2,1012.8,981.3,986.2,120477000,1084.8,887.6,1102.5,649.1,1010.5,17,3,1010.4,811,4,1010.3,906,3,1010.2,782,11,1010.1,2381,21,1010.7,436,3,1010.8,634,7,1010.9,1332,12,1011.0,2464,32,1011.1,873,8
317,2025-11-26 14:54:17+05:30,1010.4,18,1002.42,8394128,386800.0,443492.0,986.2,1012.8,981.3,986.2,120477000,1084.8,887.6,1102.5,649.1,1010.4,61,3,1010.3,799,2,1010.2,851,12,1010.1,2346,16,1010.0,2818,25,1010.7,436,3,1010.8,634,7,1010.9,803,12,1011.0,2584,32,1011.1,848,7
317,2025-11-26 14:54:18+05:30,1010.4,2,1002.42,8394128,386800.0,443492.0,986.2,1012.8,981.3,986.2,120477000,1084.8,887.6,1102.5,649.1,1010.4,61,3,1010.3,799,2,1010.2,851,12,1010.1,2346,16,1010.0,2818,25,1010.7,436,3,1010.8,634,7,1010.9,803,12,1011.0,2584,32,1011.1,848,7
317,2025-11-26 14:54:18+05:30,1010.4,2,1002.42,8394191,387494.0,443527.0,986.2,1012.8,981.3,986.2,120477000,1084.8,887.6,1102.5,649.1,1010.4,59,3,1010.3,1631,5,1010.2,1284,10,1010.1,1844,15,1010.0,2923,32,1010.7,428,2,1010.8,762,8,1010.9,859,13,1011.0,2584,32,1011.1,852,8
317,2025-11-26 14:54:19+05:30,1010.7,1,1002.42,8394191,387494.0,443527.0,986.2,1012.8,981.3,986.2,120477000,1084.8,887.6,1102.5,649.1,1010.4,59,3,1010.3,1631,5,1010.2,1284,10,1010.1,1844,15,1010.0,2923,32,1010.7,428,2,1010.8,762,8,1010.9,859,13,1011.0,2584,32,1011.1,852,8
317,2025-11-26 14:54:19+05:30,1010.7,1,1002.42,8394192,387456.0,443551.0,986.2,1012.8,981.3,986.2,120477000,1084.8,887.6,1102.5,649.1,1010.4,59,3,1010.3,1667,5,1010.2,778,10,1010.1,2382,16,1010.0,2923,32,1010.7,427,2,1010.8,802,9,1010.9,1398,13,1011.0,2584,32,1011.1,852,8
317,2025-11-26 14:54:20+05:30,1010.7,52,1002.42,8394192,387456.0,443551.0,986.2,1012.8,981.3,986.2,120477000,1084.8,887.6,1102.5,649.1,1010.4,59,3,1010.3,1667,5,1010.2,778,10,1010.1,2382,16,1010.0,2923,32,1010.7,427,2,1010.8,802,9,1010.9,1398,13,1011.0,2584,32,1011.1,852,8
317,2025-11-26 14:54:20+05:30,1010.7,2,1002.42,8394247,387433.0,444019.0,986.2,1012.8,981.3,986.2,120477000,1084.8,887.6,1102.5,649.1,1010.4,94,4,1010.3,1719,7,1010.2,1231,10,1010.1,1819,14,1010.0,2923,32,1010.7,372,2,1010.8,802,9,1010.9,676,8,1011.0,2610,33,1011.1,852,8
317,2025-11-26 14:54:21+05:30,1010.7,1,1002.42,8394247,387433.0,444019.0,986.2,1012.8,981.3,986.2,120477000,1084.8,887.6,1102.5,649.1,1010.4,94,4,1010.3,1719,7,1010.2,1231,10,1010.1,1819,14,1010.0,2923,32,1010.7,372,2,1010.8,802,9,1010.9,676,8,1011.0,2610,33,1011.1,852,8
317,2025-11-26 14:54:21+05:30,1010.7,100,1002.42,8394349,386930.0,444181.0,986.2,1012.8,981.3,986.2,120477000,1084.8,887.6,1102.5,649.1,1010.4,94,4,1010.3,1798,7,1010.2,805,11,1010.1,1819,14,1010.0,2923,32,1010.7,552,3,1010.8,802,9,1010.9,1192,11,1011.0,2100,31,1011.1,878,10
317,2025-11-26 14:54:22+05:30,1010.7,1,1002.42,8394349,386930.0,444181.0,986.2,1012.8,981.3,986.2,120477000,1084.8,887.6,1102.5,649.1,1010.4,94,4,1010.3,1798,7,1010.2,805,11,1010.1,1819,14,1010.0,2923,32,1010.7,552,3,1010.8,802,9,1010.9,1192,11,1011.0,2100,31,1011.1,878,10
317,2025-11-26 14:54:23+05:30,1010.7,23,1002.42,8394382,387486.0,444042.0,986.2,1012.8,981.3,986.2,120477000,1084.8,887.6,1102.5,649.1,1010.4,107,5,1010.3,1670,6,1010.2,805,11,1010.1,2352,15,1010.0,2923,32,1010.7,519,3,1010.8,802,9,1010.9,1192,11,1011.0,2100,31,1011.1,878,10
317,2025-11-26 14:54:23+05:30,1010.7,23,1002.42,8394382,387486.0,444042.0,986.2,1012.8,981.3,986.2,120477000,1084.8,887.6,1102.5,649.1,1010.4,107,5,1010.3,1670,6,1010.2,805,11,1010.1,2352,15,1010.0,2923,32,1010.7,519,3,1010.8,802,9,1010.9,1192,11,1011.0,2100,31,1011.1,878,10
317,2025-11-26 14:54:24+05:30,1010.7,186,1002.42,8394647,388180.0,444047.0,986.2,1012.8,981.3,986.2,120477000,1084.8,887.6,1102.5,649.1,1010.4,107,5,1010.3,1866,8,1010.2,1418,13,1010.1,1819,14,1010.0,3549,33,1010.7,304,2,1010.8,802,9,1010.9,1263,13,1011.0,2100,31,1011.1,878,10
317,2025-11-26 14:54:24+05:30,1010.7,68,1002.42,8394647,388180.0,444047.0,986.2,1012.8,981.3,986.2,120477000,1084.8,887.6,1102.5,649.1,1010.4,107,5,1010.3,1866,8,1010.2,1418,13,1010.1,1819,14,1010.0,3549,33,1010.7,304,2,1010.8,802,9,1010.9,1263,13,1011.0,2100,31,1011.1,878,10
317,2025-11-26 14:54:25+05:30,1010.7,2,1002.42,8394739,387329.0,444027.0,986.2,1012.8,981.3,986.2,120477000,1084.8,887.6,1102.5,649.1,1010.4,72,4,1010.3,1748,6,1010.2,822,10,1010.1,1845,15,1010.0,2923,32,1010.7,420,2,1010.8,1367,12,1010.9,1340,13,1011.0,2126,33,1011.1,1009,9
317,2025-11-26 14:54:25+05:30,1010.7,11,1002.42,8394739,387329.0,444027.0,986.2,1012.8,981.3,986.2,120477000,1084.8,887.6,1102.5,649.1,1010.4,72,4,1010.3,1748,6,1010.2,822,10,1010.1,1845,15,1010.0,2923,32,1010.7,420,2,1010.8,1367,12,1010.9,1340,13,1011.0,2126,33,1011.1,1009,9
317,2025-11-26 14:54:26+05:30,1010.4,2,1002.42,8394804,387667.0,444009.0,986.2,1012.8,981.3,986.2,120477000,1084.8,887.6,1102.5,649.1,1010.4,60,4,1010.3,1694,6,1010.2,822,9,1010.1,1845,15,1010.0,2923,32,1010.7,398,4,1010.8,1421,12,1010.9,1349,14,1011.0,2126,33,1011.1,1009,9
317,2025-11-26 14:54:26+05:30,1010.4,2,1002.42,8394804,387667.0,444009.0,986.2,1012.8,981.3,986.2,120477000,1084.8,887.6,1102.5,649.1,1010.4,60,4,1010.3,1694,6,1010.2,822,9,1010.1,1845,15,1010.0,2923,32,1010.7,398,4,1010.8,1421,12,1010.9,1349,14,1011.0,2126,33,1011.1,1009,9
317,2025-11-26 14:54:27+05:30,1010.4,10,1002.42,8394834,387381.0,444102.0,986.2,1012.8,981.3,986.2,120477000,1084.8,887.6,1102.5,649.1,1010.4,39,3,1010.3,1508,4,1010.2,701,8,1010.1,1845,15,1010.0,2923,32,1010.7,496,6,1010.8,1542,13,1010.9,1325,13,1011.0,3126,34,1011.1,1009,9
317,2025-11-26 14:54:27+05:30,1010.4,10,1002.42,8394834,387381.0,444102.0,986.2,1012.8,981.3,986.2,120477000,1084.8,887.6,1102.5,649.1,1010.4,39,3,1010.3,1508,4,1010.2,701,8,1010.1,1845,15,1010.0,2923,32,1010.7,496,6,1010.8,1542,13,1010.9,1325,13,1011.0,3126,34,1011.1,1009,9
317,2025-11-26 14:54:28+05:30,1010.4,10,1002.42,8394834,387350.0,444498.0,986.2,1012.8,981.3,986.2,120477000,1084.8,887.6,1102.5,649.1,1010.4,39,3,1010.3,1508,4,1010.2,1209,9,1010.1,1845,15,1010.0,2923,32,1010.7,852,10,1010.8,1610,14,1010.9,838,12,1011.0,3126,34,1011.1,1009,9
317,2025-11-26 14:54:29+05:30,1010.7,2,1002.42,8394834,387350.0,444498.0,986.2,1012.8,981.3,986.2,120477000,1084.8,887.6,1102.5,649.1,1010.4,39,3,1010.3,1508,4,1010.2,1209,9,1010.1,1845,15,1010.0,2923,32,1010.7,852,10,1010.8,1610,14,1010.9,838,12,1011.0,3126,34,1011.1,1009,9
317,2025-11-26 14:54:29+05:30,1010.7,2,1002.42,8394840,389348.0,444562.0,986.2,1012.8,981.3,986.2,120477000,1084.8,887.6,1102.5,649.1,1010.4,35,3,1010.3,1508,4,1010.2,1211,9,1010.1,1845,15,1010.0,2923,32,1010.7,850,10,1010.8,1610,14,1010.9,862,13,1011.0,3126,34,1011.1,1009,9
317,2025-11-26 14:54:30+05:30,1010.7,29,1002.42,8394840,389348.0,444562.0,986.2,1012.8,981.3,986.2,120477000,1084.8,887.6,1102.5,649.1,1010.4,35,3,1010.3,1508,4,1010.2,1211,9,1010.1,1845,15,1010.0,2923,32,1010.7,850,10,1010.8,1610,14,1010.9,862,13,1011.0,3126,34,1011.1,1009,9
317,2025-11-26 14:54:30+05:30,1010.7,29,1002.42,8394895,389184.0,444414.0,986.2,1012.8,981.3,986.2,120477000,1084.8,887.6,1102.5,649.1,1010.4,36,4,1010.3,1621,6,1010.2,1278,9,1010.1,1845,15,1010.0,2923,32,1010.7,655,7,1010.8,1450,11,1010.9,790,12,1011.0,3070,33,1011.1,1009,9
317,2025-11-26 14:54:31+05:30,1010.7,1,1002.42,8394895,389184.0,444414.0,986.2,1012.8,981.3,986.2,120477000,1084.8,887.6,1102.5,649.1,1010.4,36,4,1010.3,1621,6,1010.2,1278,9,1010.1,1845,15,1010.0,2923,32,1010.7,655,7,1010.8,1450,11,1010.9,790,12,1011.0,3070,33,1011.1,1009,9
317,2025-11-26 14:54:31+05:30,1010.7,1,1002.42,8395156,389167.0,444473.0,986.2,1012.8,981.3,986.2,120477000,1084.8,887.6,1102.5,649.1,1010.4,27,4,1010.3,1621,6,1010.2,1270,9,1010.1,1845,15,1010.0,2923,32,1010.7,685,8,1010.8,1476,12,1010.9,708,10,1011.0,3122,34,1011.1,1009,9
317,2025-11-26 14:54:32+05:30,1010.4,5,1002.42,8395156,389167.0,444473.0,986.2,1012.8,981.3,986.2,120477000,1084.8,887.6,1102.5,649.1,1010.4,27,4,1010.3,1621,6,1010.2,1270,9,1010.1,1845,15,1010.0,2923,32,1010.7,685,8,1010.8,1476,12,1010.9,708,10,1011.0,3122,34,1011.1,1009,9
317,2025-11-26 14:54:32+05:30,1010.4,5,1002.42,8395161,389317.0,444557.0,986.2,1012.8,981.3,986.2,120477000,1084.8,887.6,1102.5,649.1,1010.4,1543,7,1010.3,144,4,1010.2,1238,11,1010.1,1871,17,1010.0,4297,31,1010.7,685,8,1010.8,1476,12,1010.9,708,10,1011.0,3122,34,1011.1,1009,9
317,2025-11-26 14:54:33+05:30,1010.7,23,1002.42,8395161,389317.0,444557.0,986.2,1012.8,981.3,986.2,120477000,1084.8,887.6,1102.5,649.1,1010.4,1543,7,1010.3,144,4,1010.2,1238,11,1010.1,1871,17,1010.0,4297,31,1010.7,685,8,1010.8,1476,12,1010.9,708,10,1011.0,3122,34,1011.1,1009,9
317,2025-11-26 14:54:33+05:30,1010.7,23,1002.42,8395324,389202.0,444429.0,986.2,1012.8,981.3,986.2,120477000,1084.8,887.6,1102.5,649.1,1010.4,1435,6,1010.3,265,5,1010.2,1264,12,1010.1,1845,16,1010.0,4297,31,1010.7,653,8,1010.8,1450,11,1010.9,733,10,1011.0,3174,36,1011.1,1009,9
317,2025-11-26 14:54:34+05:30,1010.7,1,1002.42,8395324,389202.0,444429.0,986.2,1012.8,981.3,986.2,120477000,1084.8,887.6,1102.5,649.1,1010.4,1435,6,1010.3,265,5,1010.2,1264,12,1010.1,1845,16,1010.0,4297,31,1010.7,653,8,1010.8,1450,11,1010.9,733,10,1011.0,3174,36,1011.1,1009,9
317,2025-11-26 14:54:34+05:30,1010.7,1,1002.42,8395366,389455.0,444404.0,986.2,1012.8,981.3,986.2,120477000,1084.8,887.6,1102.5,649.1,1010.4,1655,8,1010.3,169,5,1010.2,1238,11,1010.1,1845,16,1010.0,4324,32,1010.7,651,8,1010.8,1450,11,1010.9,733,10,1011.0,3174,36,1011.1,1009,9
317,2025-11-26 14:54:35+05:30,1010.7,2,1002.42,8395366,389455.0,444404.0,986.2,1012.8,981.3,986.2,120477000,1084.8,887.6,1102.5,649.1,1010.4,1655,8,1010.3,169,5,1010.2,1238,11,1010.1,1845,16,1010.0,4324,32,1010.7,651,8,1010.8,1450,11,1010.9,733,10,1011.0,3174,36,1011.1,1009,9
317,2025-11-26 14:54:35+05:30,1010.7,2,1002.42,8395368,389455.0,444397.0,986.2,1012.8,981.3,986.2,120477000,1084.8,887.6,1102.5,649.1,1010.4,1655,8,1010.3,169,5,1010.2,1238,11,1010.1,1845,16,1010.0,4324,32,1010.7,649,8,1010.8,1450,11,1010.9,733,10,1011.0,3148,35,1011.1,1035,10
317,2025-11-26 14:54:36+05:30,1010.7,1,1002.42,8395368,389455.0,444397.0,986.2,1012.8,981.3,986.2,120477000,1084.8,887.6,1102.5,649.1,1010.4,1655,8,1010.3,169,5,1010.2,1238,11,1010.1,1845,16,1010.0,4324,32,1010.7,649,8,1010.8,1450,11,1010.9,733,10,1011.0,3148,35,1011.1,1035,10
317,2025-11-26 14:54:36+05:30,1010.7,1,1002.42,8395369,389426.0,444481.0,986.2,1012.8,981.3,986.2,120477000,1084.8,887.6,1102.5,649.1,1010.4,1655,8,1010.3,88,4,1010.2,728,10,1010.1,1871,17,1010.0,4324,32,1010.7,817,10,1010.8,972,10,1010.9,1854,15,1011.0,3091,31,1011.1,1101,15
317,2025-11-26 14:54:37+05:30,1010.7,1,1002.42,8395369,391098.0,445813.0,986.2,1012.8,981.3,986.2,120477000,1084.8,887.6,1102.5,649.1,1010.4,283,6,1010.3,1403,4,1010.2,681,10,1010.1,1806,17,1010.0,2759,27,1010.5,252,1,1010.7,817,10,1010.8,1078,11,1010.9,2091,14,1011.0,3424,34
317,2025-11-26 14:54:38+05:30,1010.7,1,1002.42,8395369,390649.0,445738.0,986.2,1012.8,981.3,986.2,120477000,1084.8,887.6,1102.5,649.1,1010.4,283,6,1010.3,1454,6,1010.2,681,10,1010.1,1873,18,1010.0,2759,27,1010.5,252,1,1010.7,817,10,1010.8,1078,11,1010.9,1789,12,1011.0,3674,35
317,2025-11-26 14:54:39+05:30,1010.5,2,1002.42,8395369,390649.0,445738.0,986.2,1012.8,981.3,986.2,120477000,1084.8,887.6,1102.5,649.1,1010.4,283,6,1010.3,1454,6,1010.2,681,10,1010.1,1873,18,1010.0,2759,27,1010.5,252,1,1010.7,817,10,1010.8,1078,11,1010.9,1789,12,1011.0,3674,35
317,2025-11-26 14:54:39+05:30,1010.5,2,1002.42,8395371,390716.0,445710.0,986.2,1012.8,981.3,986.2,120477000,1084.8,887.6,1102.5,649.1,1010.4,283,6,1010.3,1404,5,1010.2,748,11,1010.1,1873,18,1010.0,2759,27,1010.5,250,1,1010.7,817,10,1010.8,1078,11,1010.9,1789,12,1011.0,3674,35
317,2025-11-26 14:54:40+05:30,1010.5,2,1002.42,8395371,390716.0,445710.0,986.2,1012.8,981.3,986.2,120477000,1084.8,887.6,1102.5,649.1,1010.4,283,6,1010.3,1404,5,1010.2,748,11,1010.1,1873,18,1010.0,2759,27,1010.5,250,1,1010.7,817,10,1010.8,1078,11,1010.9,1789,12,1011.0,3674,35
317,2025-11-26 14:54:40+05:30,1010.5,2,1002.42,8395373,391262.0,446079.0,986.2,1012.8,981.3,986.2,120477000,1084.8,887.6,1102.5,649.1,1010.4,318,7,1010.3,1454,6,1010.2,748,11,1010.1,1873,18,1010.0,2759,27,1010.5,248,1,1010.7,817,10,1010.8,1078,11,1010.9,1763,11,1011.0,3705,36
317,2025-11-26 14:54:41+05:30,1010.4,1,1002.42,8395373,391262.0,446079.0,986.2,1012.8,981.3,986.2,120477000,1084.8,887.6,1102.5,649.1,1010.4,318,7,1010.3,1454,6,1010.2,748,11,1010.1,1873,18,1010.0,2759,27,1010.5,248,1,1010.7,817,10,1010.8,1078,11,1010.9,1763,11,1011.0,3705,36
317,2025-11-26 14:54:41+05:30,1010.5,1,1002.42,8395387,391147.0,445653.0,986.2,1012.8,981.3,986.2,120477000,1084.8,887.6,1102.5,649.1,1010.4,272,6,1010.3,1404,5,1010.2,722,10,1010.1,1904,19,1010.0,2759,27,1010.5,245,1,1010.7,816,9,1010.8,1078,11,1010.9,1763,11,1011.0,3705,36
317,2025-11-26 14:54:42+05:30,1010.5,1,1002.42,8395387,391147.0,445653.0,986.2,1012.8,981.3,986.2,120477000,1084.8,887.6,1102.5,649.1,1010.4,272,6,1010.3,1404,5,1010.2,722,10,1010.1,1904,19,1010.0,2759,27,1010.5,245,1,1010.7,816,9,1010.8,1078,11,1010.9,1763,11,1011.0,3705,36
317,2025-11-26 14:54:42+05:30,1010.4,8,1002.42,8395397,390670.0,446800.0,986.2,1012.8,981.3,986.2,120477000,1084.8,887.6,1102.5,649.1,1010.4,284,6,1010.3,1404,5,1010.2,516,7,1010.1,1916,19,1010.0,2831,29,1010.5,634,2,1010.6,367,1,1010.7,1508,13,1010.8,1109,12,1010.9,1318,13
317,2025-11-26 14:54:43+05:30,1010.5,4,1002.42,8395397,390670.0,446800.0,986.2,1012.8,981.3,986.2,120477000,1084.8,887.6,1102.5,649.1,1010.4,284,6,1010.3,1404,5,1010.2,516,7,1010.1,1916,19,1010.0,2831,29,1010.5,634,2,1010.6,367,1,1010.7,1508,13,1010.8,1109,12,1010.9,1318,13
317,2025-11-26 14:54:43+05:30,1010.5,39,1002.42,8396412,390524.0,446352.0,986.2,1012.8,981.3,986.2,120477000,1084.8,887.6,1102.5,649.1,1010.4,62,4,1010.3,1403,4,1010.2,346,5,1010.1,1947,20,1010.0,2831,29,1010.5,468,2,1010.6,367,1,1010.7,1271,12,1010.8,1576,12,1010.9,1234,9
317,2025-11-26 14:54:44+05:30,1010.5,20,1002.42,8396412,390524.0,446352.0,986.2,1012.8,981.3,986.2,120477000,1084.8,887.6,1102.5,649.1,1010.4,62,4,1010.3,1403,4,1010.2,346,5,1010.1,1947,20,1010.0,2831,29,1010.5,468,2,1010.6,367,1,1010.7,1271,12,1010.8,1576,12,1010.9,1234,9
317,2025-11-26 14:54:44+05:30,1010.5,20,1002.42,8396670,389685.0,446256.0,986.2,1012.8,981.3,986.2,120477000,1084.8,887.6,1102.5,649.1,1010.4,62,4,1010.3,1403,4,1010.2,346,5,1010.1,1947,20,1010.0,2814,28,1010.5,210,2,1010.6,367,1,1010.7,884,11,1010.8,1522,11,1010.9,1834,16
317,2025-11-26 14:54:45+05:30,1010.5,2,1002.42,8396670,389685.0,446256.0,986.2,1012.8,981.3,986.2,120477000,1084.8,887.6,1102.5,649.1,1010.4,62,4,1010.3,1403,4,1010.2,346,5,1010.1,1947,20,1010.0,2814,28,1010.5,210,2,1010.6,367,1,1010.7,884,11,1010.8,1522,11,1010.9,1834,16
317,2025-11-26 14:54:45+05:30,1010.5,1,1002.42,8396698,389660.0,446601.0,986.2,1012.8,981.3,986.2,120477000,1084.8,887.6,1102.5,649.1,1010.4,37,4,1010.3,1403,4,1010.2,474,6,1010.1,1978,21,1010.0,2783,27,1010.5,216,5,1010.6,367,1,1010.7,1394,10,1010.8,1522,11,1010.9,1359,16
317,2025-11-26 14:54:46+05:30,1010.5,1,1002.42,8396698,389660.0,446601.0,986.2,1012.8,981.3,986.2,120477000,1084.8,887.6,1102.5,649.1,1010.4,37,4,1010.3,1403,4,1010.2,474,6,1010.1,1978,21,1010.0,2783,27,1010.5,216,5,1010.6,367,1,1010.7,1394,10,1010.8,1522,11,1010.9,1359,16
317,2025-11-26 14:54:46+05:30,1010.5,1,1002.42,8396699,389660.0,446593.0,986.2,1012.8,981.3,986.2,120477000,1084.8,887.6,1102.5,649.1,1010.4,37,4,1010.3,1403,4,1010.2,474,6,1010.1,1978,21,1010.0,2783,27,1010.5,250,7,1010.6,367,1,1010.7,1370,10,1010.8,1522,11,1010.9,1358,16
317,2025-11-26 14:54:47+05:30,1010.5,1,1002.42,8396699,389660.0,446593.0,986.2,1012.8,981.3,986.2,120477000,1084.8,887.6,1102.5,649.1,1010.4,37,4,1010.3,1403,4,1010.2,474,6,1010.1,1978,21,1010.0,2783,27,1010.5,250,7,1010.6,367,1,1010.7,1370,10,1010.8,1545,12,1010.9,1335,15
317,2025-11-26 14:54:48+05:30,1010.5,1,1002.42,8396699,391095.0,446738.0,986.2,1012.8,981.3,986.2,120477000,1084.8,887.6,1102.5,649.1,1010.4,1409,6,1010.3,31,2,1010.2,536,8,1010.1,1942,21,1010.0,4257,27,1010.5,250,7,1010.6,417,2,1010.7,880,9,1010.8,1605,13,1010.9,1335,15
317,2025-11-26 14:54:49+05:30,1010.5,2,1002.42,8396699,391095.0,446738.0,986.2,1012.8,981.3,986.2,120477000,1084.8,887.6,1102.5,649.1,1010.4,1409,6,1010.3,31,2,1010.2,536,8,1010.1,1942,21,1010.0,4257,27,1010.5,250,7,1010.6,417,2,1010.7,880,9,1010.8,1605,13,1010.9,1335,15
317,2025-11-26 14:54:50+05:30,1010.5,2,1002.42,8396701,392048.0,446497.0,986.2,1012.8,981.3,986.2,120477000,1084.8,887.6,1102.5,649.1,1010.4,1442,7,1010.3,20,2,1010.2,474,6,1010.1,2002,23,1010.0,5757,29,1010.5,248,7,1010.6,490,3,1010.7,1537,12,1010.8,1045,13,1010.9,1883,17
317,2025-11-26 14:54:50+05:30,1010.5,53,1002.42,8396701,392048.0,446497.0,986.2,1012.8,981.3,986.2,120477000,1084.8,887.6,1102.5,649.1,1010.4,1442,7,1010.3,20,2,1010.2,474,6,1010.1,2002,23,1010.0,5757,29,1010.5,248,7,1010.6,490,3,1010.7,1537,12,1010.8,1045,13,1010.9,1883,17
317,2025-11-26 14:54:51+05:30,1010.5,1,1002.42,8396756,392052.0,446386.0,986.2,1012.8,981.3,986.2,120477000,1084.8,887.6,1102.5,649.1,1010.4,1442,7,1010.3,20,2,1010.2,474,6,1010.1,2002,23,1010.0,5798,30,1010.5,193,7,1010.6,417,2,1010.7,1537,12,1010.8,1014,12,1010.9,1358,17
317,2025-11-26 14:54:51+05:30,1010.5,1,1002.42,8396756,392052.0,446386.0,986.2,1012.8,981.3,986.2,120477000,1084.8,887.6,1102.5,649.1,1010.4,1442,7,1010.3,20,2,1010.2,474,6,1010.1,2002,23,1010.0,5798,30,1010.5,193,7,1010.6,417,2,1010.7,1537,12,1010.8,1014,12,1010.9,1358,17
317,2025-11-26 14:54:52+05:30,1010.5,1,1002.42,8396756,392052.0,446544.0,986.2,1012.8,981.3,986.2,120477000,1084.8,887.6,1102.5,649.1,1010.4,1442,7,1010.3,20,2,1010.2,474,6,1010.1,2002,23,1010.0,5798,30,1010.5,202,8,1010.6,417,2,1010.7,1537,12,1010.8,860,11,1010.9,1358,17
317,2025-11-26 14:54:52+05:30,1010.4,3,1002.42,8396756,392052.0,446544.0,986.2,1012.8,981.3,986.2,120477000,1084.8,887.6,1102.5,649.1,1010.4,1442,7,1010.3,20,2,1010.2,474,6,1010.1,2002,23,1010.0,5798,30,1010.5,202,8,1010.6,417,2,1010.7,1537,12,1010.8,860,11,1010.9,1358,17
317,2025-11-26 14:54:53+05:30,1010.4,39,1002.42,8396864,392019.0,446610.0,986.2,1012.8,981.3,986.2,120477000,1084.8,887.6,1102.5,649.1,1010.4,1375,5,1010.3,20,2,1010.2,346,5,1010.1,1971,22,1010.0,5725,30,1010.5,656,9,1010.6,417,2,1010.7,1563,12,1010.8,888,12,1010.9,1801,17
317,2025-11-26 14:54:53+05:30,1010.5,1,1002.42,8396864,392019.0,446610.0,986.2,1012.8,981.3,986.2,120477000,1084.8,887.6,1102.5,649.1,1010.4,1375,5,1010.3,20,2,1010.2,346,5,1010.1,1971,22,1010.0,5725,30,1010.5,656,9,1010.6,417,2,1010.7,1563,12,1010.8,888,12,1010.9,1801,17
317,2025-11-26 14:54:54+05:30,1010.5,96,1002.42,8397616,387999.0,447107.0,986.2,1012.8,981.3,986.2,120477000,1084.8,887.6,1102.5,649.1,1010.4,42,3,1010.3,20,2,1010.2,223,3,1010.1,1161,8,1010.0,3702,23,1010.5,613,6,1010.6,777,8,1010.7,1589,12,1010.8,1398,12,1010.9,1771,17
317,2025-11-26 14:54:54+05:30,1010.5,96,1002.42,8397616,387999.0,447107.0,986.2,1012.8,981.3,986.2,120477000,1084.8,887.6,1102.5,649.1,1010.4,42,3,1010.3,20,2,1010.2,223,3,1010.1,1161,8,1010.0,3702,23,1010.5,613,6,1010.6,777,8,1010.7,1589,12,1010.8,1398,12,1010.9,1771,17
317,2025-11-26 14:54:55+05:30,1010.5,3,1002.42,8397619,387990.0,447066.0,986.2,1012.8,981.3,986.2,120477000,1084.8,887.6,1102.5,649.1,1010.4,42,3,1010.3,20,2,1010.2,223,3,1010.1,1144,8,1010.0,3661,22,1010.5,554,5,1010.6,699,6,1010.7,1617,13,1010.8,1398,12,1010.9,1799,19
317,2025-11-26 14:54:55+05:30,1010.5,13,1002.42,8397619,387990.0,447066.0,986.2,1012.8,981.3,986.2,120477000,1084.8,887.6,1102.5,649.1,1010.4,42,3,1010.3,20,2,1010.2,223,3,1010.1,1144,8,1010.0,3661,22,1010.5,554,5,1010.6,699,6,1010.7,1617,13,1010.8,1398,12,1010.9,1799,19
317,2025-11-26 14:54:56+05:30,1010.4,1,1002.42,8397998,388182.0,447314.0,986.2,1012.8,981.3,986.2,120477000,1084.8,887.6,1102.5,649.1,1010.4,109,3,1010.3,20,2,1010.2,153,2,1010.1,2477,10,1010.0,2328,20,1010.5,1086,5,1010.6,671,5,1010.7,1645,14,1010.8,1368,12,1010.9,1049,18
317,2025-11-26 14:54:56+05:30,1010.4,1,1002.42,8397998,388182.0,447314.0,986.2,1012.8,981.3,986.2,120477000,1084.8,887.6,1102.5,649.1,1010.4,109,3,1010.3,20,2,1010.2,153,2,1010.1,2477,10,1010.0,2328,20,1010.5,1086,5,1010.6,671,5,1010.7,1645,14,1010.8,1368,12,1010.9,1049,18
317,2025-11-26 14:54:57+05:30,1010.4,1,1002.42,8397998,388203.0,447381.0,986.2,1012.8,981.3,986.2,120477000,1084.8,887.6,1102.5,649.1,1010.4,109,3,1010.3,20,2,1010.2,153,2,1010.1,2477,10,1010.0,3328,21,1010.5,1093,7,1010.6,671,5,1010.7,1645,14,1010.8,1421,12,1010.9,1044,17
317,2025-11-26 14:54:58+05:30,1010.4,5,1002.42,8398003,388727.0,446941.0,986.2,1012.8,981.3,986.2,120477000,1084.8,887.6,1102.5,649.1,1010.4,104,3,1010.3,20,2,1010.2,153,2,1010.1,2525,11,1010.0,3392,22,1010.5,1093,7,1010.6,624,4,1010.7,1593,12,1010.8,810,10,1010.9,1620,19
317,2025-11-26 14:54:58+05:30,1010.5,13,1002.42,8398003,388727.0,446941.0,986.2,1012.8,981.3,986.2,120477000,1084.8,887.6,1102.5,649.1,1010.4,104,3,1010.3,20,2,1010.2,153,2,1010.1,2525,11,1010.0,3392,22,1010.5,1093,7,1010.6,624,4,1010.7,1593,12,1010.8,810,10,1010.9,1620,19
317,2025-11-26 14:54:59+05:30,1010.5,25,1002.42,8398044,388763.0,447445.0,986.2,1012.8,981.3,986.2,120477000,1084.8,887.6,1102.5,649.1,1010.4,104,3,1010.3,20,2,1010.2,153,2,1010.1,2525,11,1010.0,3392,22,1010.5,1080,8,1010.6,568,3,1010.7,1640,13,1010.8,1420,12,1010.9,1054,18
317,2025-11-26 14:54:59+05:30,1010.5,25,1002.42,8398044,388763.0,447445.0,986.2,1012.8,981.3,986.2,120477000,1084.8,887.6,1102.5,649.1,1010.4,104,3,1010.3,20,2,1010.2,153,2,1010.1,2525,11,1010.0,3392,22,1010.5,1080,8,1010.6,568,3,1010.7,1640,13,1010.8,1420,12,1010.9,1054,18
317,2025-11-26 14:55:00+05:30,1010.4,12,1002.42,8398044,388763.0,447445.0,986.2,1012.8,981.3,986.2,120477000,1084.8,887.6,1102.5,649.1,1010.4,104,3,1010.3,20,2,1010.2,153,2,1010.1,2525,11,1010.0,3392,22,1010.5,1080,8,1010.6,568,3,1010.7,1640,13,1010.8,1420,12,1010.9,1054,18
317,2025-11-26 14:55:00+05:30,1010.4,12,1002.42,8398086,388696.0,447521.0,986.2,1012.8,981.3,986.2,120477000,1084.8,887.6,1102.5,649.1,1010.4,119,6,1010.3,20,2,1010.2,153,2,1010.1,1192,9,1010.0,4725,24,1010.5,1134,9,1010.6,750,7,1010.7,1612,12,1010.8,1376,12,1010.9,1054,18
317,2025-11-26 14:55:01+05:30,1010.4,10,1002.42,8398086,388696.0,447521.0,986.2,1012.8,981.3,986.2,120477000,1084.8,887.6,1102.5,649.1,1010.4,119,6,1010.3,20,2,1010.2,153,2,1010.1,1192,9,1010.0,4725,24,1010.5,1134,9,1010.6,750,7,1010.7,1612,12,1010.8,1376,12,1010.9,1054,18
317,2025-11-26 14:55:01+05:30,1010.4,10,1002.42,8398106,388703.0,447226.0,986.2,1012.8,981.3,986.2,120477000,1084.8,887.6,1102.5,649.1,1010.4,125,7,1010.3,20,2,1010.2,153,2,1010.1,1192,9,1010.0,4725,24,1010.5,1123,9,1010.6,757,7,1010.7,1639,13,1010.8,1144,11,1010.9,1054,18
317,2025-11-26 14:55:02+05:30,1010.4,10,1002.42,8398106,388745.0,447607.0,986.2,1012.8,981.3,986.2,120477000,1084.8,887.6,1102.5,649.1,1010.4,125,7,1010.3,20,2,1010.2,153,2,1010.1,1192,9,1010.0,4725,24,1010.5,1562,10,1010.6,728,7,1010.7,1612,12,1010.8,1142,11,1010.9,1054,18
317,2025-11-26 14:55:03+05:30,1010.5,22,1002.42,8398106,388745.0,447607.0,986.2,1012.8,981.3,986.2,120477000,1084.8,887.6,1102.5,649.1,1010.4,125,7,1010.3,20,2,1010.2,153,2,1010.1,1192,9,1010.0,4725,24,1010.5,1562,10,1010.6,728,7,1010.7,1612,12,1010.8,1142,11,1010.9,1054,18
317,2025-11-26 14:55:03+05:30,1010.5,22,1002.42,8398136,388217.0,447065.0,986.2,1012.8,981.3,986.2,120477000,1084.8,887.6,1102.5,649.1,1010.4,125,7,1010.3,21,3,1010.2,153,2,1010.1,1192,9,1010.0,4725,24,1010.5,1496,10,1010.6,728,7,1010.7,1612,12,1010.8,666,10,1010.9,1054,18
317,2025-11-26 14:55:04+05:30,1010.5,71,1002.42,8398136,388217.0,447065.0,986.2,1012.8,981.3,986.2,120477000,1084.8,887.6,1102.5,649.1,1010.4,125,7,1010.3,21,3,1010.2,153,2,1010.1,1192,9,1010.0,4725,24,1010.5,1496,10,1010.6,728,7,1010.7,1612,12,1010.8,666,10,1010.9,1054,18
317,2025-11-26 14:55:04+05:30,1010.5,71,1002.42,8398350,388740.0,446720.0,986.2,1012.8,981.3,986.2,120477000,1084.8,887.6,1102.5,649.1,1010.4,125,7,1010.3,21,3,1010.2,153,2,1010.1,2651,12,1010.0,3392,22,1010.5,1357,10,1010.6,620,4,1010.7,1592,12,1010.8,1228,12,1010.9,1054,18
317,2025-11-26 14:55:05+05:30,1010.4,19,1002.42,8398350,388740.0,446720.0,986.2,1012.8,981.3,986.2,120477000,1084.8,887.6,1102.5,649.1,1010.4,125,7,1010.3,21,3,1010.2,153,2,1010.1,2651,12,1010.0,3392,22,1010.5,1357,10,1010.6,620,4,1010.7,1592,12,1010.8,1228,12,1010.9,1054,18
317,2025-11-26 14:55:05+05:30,1010.4,1,1002.42,8398759,388703.0,447910.0,986.2,1012.8,981.3,986.2,120477000,1084.8,887.6,1102.5,649.1,1010.3,20,3,1010.2,153,2,1010.1,1031,7,1010.0,3214,19,1009.9,553,8,1010.4,58,1,1010.5,1995,14,1010.6,845,10,1010.7,1490,14,1010.8,1067,18
317,2025-11-26 14:55:06+05:30,1010.4,31,1002.42,8398759,388703.0,447910.0,986.2,1012.8,981.3,986.2,120477000,1084.8,887.6,1102.5,649.1,1010.3,20,3,1010.2,153,2,1010.1,1031,7,1010.0,3214,19,1009.9,553,8,1010.4,58,1,1010.5,1995,14,1010.6,845,10,1010.7,1490,14,1010.8,1067,18
317,2025-11-26 14:55:06+05:30,1010.4,31,1002.42,8399592,389150.0,447310.0,986.2,1012.8,981.3,986.2,120477000,1084.8,887.6,1102.5,649.1,1010.3,20,3,1010.2,197,3,1010.1,1350,12,1010.0,3318,22,1009.9,1987,12,1010.4,31,3,1010.5,1344,9,1010.6,1016,7,1010.7,1240,11,1010.8,1094,10
317,2025-11-26 14:55:07+05:30,1010.4,31,1002.42,8399592,389086.0,447294.0,986.2,1012.8,981.3,986.2,120477000,1084.8,887.6,1102.5,649.1,1010.3,20,3,1010.2,153,2,1010.1,1306,11,1010.0,3318,22,1009.9,2026,13,1010.4,31,3,1010.5,1344,9,1010.6,634,6,1010.7,1622,12,1010.8,1094,10
317,2025-11-26 14:55:08+05:30,1010.4,3,1002.42,8399592,389086.0,447294.0,986.2,1012.8,981.3,986.2,120477000,1084.8,887.6,1102.5,649.1,1010.3,20,3,1010.2,153,2,1010.1,1306,11,1010.0,3318,22,1009.9,2026,13,1010.4,31,3,1010.5,1344,9,1010.6,634,6,1010.7,1622,12,1010.8,1094,10
317,2025-11-26 14:55:08+05:30,1010.4,3,1002.42,8399595,389312.0,447798.0,986.2,1012.8,981.3,986.2,120477000,1084.8,887.6,1102.5,649.1,1010.3,19,2,1010.2,153,2,1010.1,2683,14,1010.0,3344,24,1009.9,693,11,1010.4,28,3,1010.5,1354,10,1010.6,550,4,1010.7,1639,12,1010.8,610,10
317,2025-11-26 14:55:09+05:30,1010.4,2,1002.42,8399595,389312.0,447798.0,986.2,1012.8,981.3,986.2,120477000,1084.8,887.6,1102.5,649.1,1010.3,19,2,1010.2,153,2,1010.1,2683,14,1010.0,3344,24,1009.9,693,11,1010.4,28,3,1010.5,1354,10,1010.6,550,4,1010.7,1639,12,1010.8,610,10
317,2025-11-26 14:55:09+05:30,1010.4,2,1002.42,8399602,389855.0,448203.0,986.2,1012.8,981.3,986.2,120477000,1084.8,887.6,1102.5,649.1,1010.3,19,2,1010.2,153,2,1010.1,2724,15,1010.0,3398,26,1009.9,654,10,1010.4,444,5,1010.5,1354,10,1010.6,550,4,1010.7,1639,12,1010.8,583,9
317,2025-11-26 14:55:10+05:30,1010.3,64,1002.42,8399602,389855.0,448203.0,986.2,1012.8,981.3,986.2,120477000,1084.8,887.6,1102.5,649.1,1010.3,19,2,1010.2,153,2,1010.1,2724,15,1010.0,3398,26,1009.9,654,10,1010.4,444,5,1010.5,1354,10,1010.6,550,4,1010.7,1639,12,1010.8,583,9
317,2025-11-26 14:55:10+05:30,1010.2,596,1002.42,8400536,390049.0,446958.0,986.2,1012.8,981.3,986.2,120477000,1084.8,887.6,1102.5,649.1,1010.2,154,1,1010.1,2879,18,1010.0,3462,24,1009.9,621,10,1009.8,2741,10,1010.3,32,1,1010.4,575,6,1010.5,518,7,1010.6,991,5,1010.7,1055,8
317,2025-11-26 14:55:11+05:30,1010.3,2,1002.42,8400536,390049.0,446958.0,986.2,1012.8,981.3,986.2,120477000,1084.8,887.6,1102.5,649.1,1010.2,154,1,1010.1,2879,18,1010.0,3462,24,1009.9,621,10,1009.8,2741,10,1010.3,32,1,1010.4,575,6,1010.5,518,7,1010.6,991,5,1010.7,1055,8
317,2025-11-26 14:55:11+05:30,1010.3,2,1002.42,8400538,389807.0,446188.0,986.2,1012.8,981.3,986.2,120477000,1084.8,887.6,1102.5,649.1,1010.2,172,3,1010.1,2802,17,1010.0,3409,24,1009.9,688,14,1009.8,2741,10,1010.3,30,1,1010.4,575,6,1010.5,518,7,1010.6,991,5,1010.7,536,7
317,2025-11-26 14:55:12+05:30,1010.3,3,1002.42,8400571,390114.0,446315.0,986.2,1012.8,981.3,986.2,120477000,1084.8,887.6,1102.5,649.1,1010.2,172,3,1010.1,2907,19,1010.0,3469,25,1009.9,688,14,1009.8,2741,10,1010.3,37,2,1010.4,575,6,1010.5,518,7,1010.6,991,5,1010.7,536,7
317,2025-11-26 14:55:13+05:30,1010.2,78,1002.42,8400571,390114.0,446315.0,986.2,1012.8,981.3,986.2,120477000,1084.8,887.6,1102.5,649.1,1010.2,172,3,1010.1,2907,19,1010.0,3469,25,1009.9,688,14,1009.8,2741,10,1010.3,37,2,1010.4,575,6,1010.5,518,7,1010.6,991,5,1010.7,536,7
317,2025-11-26 14:55:14+05:30,1010.3,1,1002.42,8400680,389917.0,446316.0,986.2,1012.8,981.3,986.2,120477000,1084.8,887.6,1102.5,649.1,1010.2,126,4,1010.1,2883,18,1010.0,3493,26,1009.9,688,14,1009.8,2741,10,1010.3,14,2,1010.4,575,6,1010.5,518,7,1010.6,865,4,1010.7,536,7
317,2025-11-26 14:55:14+05:30,1010.3,3,1002.42,8400680,389917.0,446316.0,986.2,1012.8,981.3,986.2,120477000,1084.8,887.6,1102.5,649.1,1010.2,126,4,1010.1,2883,18,1010.0,3493,26,1009.9,688,14,1009.8,2741,10,1010.3,14,2,1010.4,575,6,1010.5,518,7,1010.6,865,4,1010.7,536,7
317,2025-11-26 14:55:15+05:30,1010.2,30,1002.42,8400716,389838.0,446537.0,986.2,1012.8,981.3,986.2,120477000,1084.8,887.6,1102.5,649.1,1010.2,61,3,1010.1,2816,16,1010.0,3517,27,1009.9,730,15,1009.8,2741,10,1010.3,490,4,1010.4,441,5,1010.5,518,7,1010.6,991,5,1010.7,536,7
317,2025-11-26 14:55:15+05:30,1010.2,6,1002.42,8400716,389838.0,446537.0,986.2,1012.8,981.3,986.2,120477000,1084.8,887.6,1102.5,649.1,1010.2,61,3,1010.1,2816,16,1010.0,3517,27,1009.9,730,15,1009.8,2741,10,1010.3,490,4,1010.4,441,5,1010.5,518,7,1010.6,991,5,1010.7,536,7
317,2025-11-26 14:55:16+05:30,1010.3,1,1002.42,8400801,390442.0,446598.0,986.2,1012.8,981.3,986.2,120477000,1084.8,887.6,1102.5,649.1,1010.2,5,1,1010.1,2367,10,1010.0,3273,21,1009.9,805,19,1009.8,2741,10,1010.3,480,3,1010.4,441,5,1010.5,944,9,1010.6,653,5,1010.7,541,8
317,2025-11-26 14:55:16+05:30,1010.2,16,1002.42,8400801,390442.0,446598.0,986.2,1012.8,981.3,986.2,120477000,1084.8,887.6,1102.5,649.1,1010.2,5,1,1010.1,2367,10,1010.0,3273,21,1009.9,805,19,1009.8,2741,10,1010.3,480,3,1010.4,441,5,1010.5,944,9,1010.6,653,5,1010.7,541,8
317,2025-11-26 14:55:17+05:30,1010.2,16,1002.42,8400817,390418.0,446620.0,986.2,1012.8,981.3,986.2,120477000,1084.8,887.6,1102.5,649.1,1010.2,5,1,1010.1,2367,10,1010.0,3273,21,1009.9,805,19,1009.8,2741,10,1010.3,482,4,1010.4,441,5,1010.5,944,9,1010.6,677,6,1010.7,541,8
317,2025-11-26 14:55:18+05:30,1010.1,55,1002.43,8400872,390057.0,446634.0,986.2,1012.8,981.3,986.2,120477000,1084.8,887.6,1102.5,649.1,1010.1,2321,11,1010.0,3280,22,1009.9,763,18,1009.8,2741,10,1009.7,2950,12,1010.3,474,3,1010.4,941,6,1010.5,986,10,1010.6,764,8,1010.7,541,8
317,2025-11-26 14:55:18+05:30,1010.1,55,1002.43,8400872,390057.0,446634.0,986.2,1012.8,981.3,986.2,120477000,1084.8,887.6,1102.5,649.1,1010.1,2321,11,1010.0,3280,22,1009.9,763,18,1009.8,2741,10,1009.7,2950,12,1010.3,474,3,1010.4,941,6,1010.5,986,10,1010.6,764,8,1010.7,541,8
317,2025-11-26 14:55:19+05:30,1010.2,10,1002.43,8400916,390772.0,446853.0,986.2,1012.8,981.3,986.2,120477000,1084.8,887.6,1102.5,649.1,1010.2,50,2,1010.1,2555,13,1010.0,3177,20,1009.9,739,17,1009.8,2765,11,1010.3,665,5,1010.4,941,6,1010.5,985,10,1010.6,764,8,1010.7,580,10
317,2025-11-26 14:55:19+05:30,1010.2,10,1002.43,8400916,390772.0,446853.0,986.2,1012.8,981.3,986.2,120477000,1084.8,887.6,1102.5,649.1,1010.2,50,2,1010.1,2555,13,1010.0,3177,20,1009.9,739,17,1009.8,2765,11,1010.3,665,5,1010.4,941,6,1010.5,985,10,1010.6,764,8,1010.7,580,10
317,2025-11-26 14:55:20+05:30,1010.3,1,1002.43,8400917,390893.0,446333.0,986.2,1012.8,981.3,986.2,120477000,1084.8,887.6,1102.5,649.1,1010.2,63,3,1010.1,2555,13,1010.0,3219,21,1009.9,763,18,1009.8,2741,10,1010.3,668,8,1010.4,938,4,1010.5,985,10,1010.6,764,8,1010.7,580,10
317,2025-11-26 14:55:20+05:30,1010.2,13,1002.43,8400917,390893.0,446333.0,986.2,1012.8,981.3,986.2,120477000,1084.8,887.6,1102.5,649.1,1010.2,63,3,1010.1,2555,13,1010.0,3219,21,1009.9,763,18,1009.8,2741,10,1010.3,668,8,1010.4,938,4,1010.5,985,10,1010.6,764,8,1010.7,580,10
317,2025-11-26 14:55:21+05:30,1010.2,1,1002.43,8401034,392466.0,447050.0,986.2,1012.8,981.3,986.2,120477000,1084.8,887.6,1102.5,649.1,1010.1,2587,14,1010.0,3188,22,1009.9,739,17,1009.8,2741,10,1009.7,4490,15,1010.2,3,1,1010.3,615,8,1010.4,938,4,1010.5,1068,10,1010.6,740,7
317,2025-11-26 14:55:21+05:30,1010.2,1,1002.43,8401034,392466.0,447050.0,986.2,1012.8,981.3,986.2,120477000,1084.8,887.6,1102.5,649.1,1010.1,2587,14,1010.0,3188,22,1009.9,739,17,1009.8,2741,10,1009.7,4490,15,1010.2,3,1,1010.3,615,8,1010.4,938,4,1010.5,1068,10,1010.6,740,7
317,2025-11-26 14:55:22+05:30,1010.2,1,1002.43,8401034,392475.0,447060.0,986.2,1012.8,981.3,986.2,120477000,1084.8,887.6,1102.5,649.1,1010.1,2555,13,1010.0,3164,21,1009.9,763,18,1009.8,2788,11,1009.7,4529,16,1010.2,304,3,1010.3,615,8,1010.4,938,4,1010.5,1068,10,1010.6,373,6
317,2025-11-26 14:55:22+05:30,1010.2,1,1002.43,8401034,392475.0,447060.0,986.2,1012.8,981.3,986.2,120477000,1084.8,887.6,1102.5,649.1,1010.1,2555,13,1010.0,3164,21,1009.9,763,18,1009.8,2788,11,1009.7,4529,16,1010.2,304,3,1010.3,615,8,1010.4,938,4,1010.5,1068,10,1010.6,373,6
317,2025-11-26 14:55:23+05:30,1010.2,4,1002.43,8401043,393049.0,446606.0,986.2,1012.8,981.3,986.2,120477000,1084.8,887.6,1102.5,649.1,1010.1,2600,15,1010.0,3164,21,1009.9,763,18,1009.8,2788,11,1009.7,4529,16,1010.2,322,3,1010.3,615,8,1010.4,938,4,1010.5,1068,10,1010.6,373,6
317,2025-11-26 14:55:23+05:30,1010.2,23,1002.43,8401043,393049.0,446606.0,986.2,1012.8,981.3,986.2,120477000,1084.8,887.6,1102.5,649.1,1010.1,2600,15,1010.0,3164,21,1009.9,763,18,1009.8,2788,11,1009.7,4529,16,1010.2,322,3,1010.3,615,8,1010.4,938,4,1010.5,1068,10,1010.6,373,6
317,2025-11-26 14:55:24+05:30,1010.2,212,1002.43,8401279,392446.0,445843.0,986.2,1012.8,981.3,986.2,120477000,1084.8,887.6,1102.5,649.1,1010.1,2568,14,1010.0,3164,21,1009.9,763,18,1009.8,2788,11,1009.7,4529,16,1010.2,86,3,1010.3,615,8,1010.4,938,4,1010.5,1068,10,1010.6,373,6
317,2025-11-26 14:55:24+05:30,1010.2,212,1002.43,8401279,392446.0,445843.0,986.2,1012.8,981.3,986.2,120477000,1084.8,887.6,1102.5,649.1,1010.1,2568,14,1010.0,3164,21,1009.9,763,18,1009.8,2788,11,1009.7,4529,16,1010.2,86,3,1010.3,615,8,1010.4,938,4,1010.5,1068,10,1010.6,373,6
317,2025-11-26 14:55:25+05:30,1010.1,215,1002.43,8401494,392730.0,446469.0,986.2,1012.8,981.3,986.2,120477000,1084.8,887.6,1102.5,649.1,1010.1,2354,15,1010.0,3108,20,1009.9,739,17,1009.8,2812,12,1009.7,4529,16,1010.2,633,4,1010.3,615,8,1010.4,1320,5,1010.5,518,7,1010.6,463,12
317,2025-11-26 14:55:25+05:30,1010.1,196,1002.43,8401494,392730.0,446469.0,986.2,1012.8,981.3,986.2,120477000,1084.8,887.6,1102.5,649.1,1010.1,2354,15,1010.0,3108,20,1009.9,739,17,1009.8,2812,12,1009.7,4529,16,1010.2,633,4,1010.3,615,8,1010.4,1320,5,1010.5,518,7,1010.6,463,12
317,2025-11-26 14:55:26+05:30,1010.2,2,1002.43,8401719,392025.0,446569.0,986.2,1012.8,981.3,986.2,120477000,1084.8,887.6,1102.5,649.1,1010.1,2153,14,1010.0,2940,18,1009.9,479,9,1009.8,2829,13,1009.7,4573,19,1010.2,796,4,1010.3,615,8,1010.4,1572,8,1010.5,959,13,1010.6,495,13
317,2025-11-26 14:55:26+05:30,1010.2,97,1002.43,8401719,392025.0,446569.0,986.2,1012.8,981.3,986.2,120477000,1084.8,887.6,1102.5,649.1,1010.1,2153,14,1010.0,2940,18,1009.9,479,9,1009.8,2829,13,1009.7,4573,19,1010.2,796,4,1010.3,615,8,1010.4,1572,8,1010.5,959,13,1010.6,495,13
317,2025-11-26 14:55:27+05:30,1010.1,200,1002.43,8402057,391222.0,446934.0,986.2,1012.8,981.3,986.2,120477000,1084.8,887.6,1102.5,649.1,1010.1,1901,13,1010.0,2940,18,1009.9,450,9,1009.8,2829,13,1009.7,4587,19,1010.2,960,3,1010.3,613,7,1010.4,1562,8,1010.5,959,13,1010.6,558,13
317,2025-11-26 14:55:27+05:30,1010.1,200,1002.43,8402057,391222.0,446934.0,986.2,1012.8,981.3,986.2,120477000,1084.8,887.6,1102.5,649.1,1010.1,1901,13,1010.0,2940,18,1009.9,450,9,1009.8,2829,13,1009.7,4587,19,1010.2,960,3,1010.3,613,7,1010.4,1562,8,1010.5,959,13,1010.6,558,13
317,2025-11-26 14:55:28+05:30,1010.1,200,1002.43,8402057,391222.0,447417.0,986.2,1012.8,981.3,986.2,120477000,1084.8,887.6,1102.5,649.1,1010.1,1901,13,1010.0,2940,18,1009.9,450,9,1009.8,2829,13,1009.7,4587,19,1010.2,1502,5,1010.3,655,8,1010.4,1562,8,1010.5,959,13,1010.6,558,13
317,2025-11-26 14:55:29+05:30,1010.2,2,1002.43,8402059,391744.0,447397.0,986.2,1012.8,981.3,986.2,120477000,1084.8,887.6,1102.5,649.1,1010.1,1901,13,1010.0,2941,19,1009.9,474,10,1009.8,2805,12,1009.7,4587,19,1010.2,1458,4,1010.3,613,7,1010.4,1562,8,1010.5,959,13,1010.6,494,9
317,2025-11-26 14:55:29+05:30,1010.2,2,1002.43,8402059,391744.0,447397.0,986.2,1012.8,981.3,986.2,120477000,1084.8,887.6,1102.5,649.1,1010.1,1901,13,1010.0,2941,19,1009.9,474,10,1009.8,2805,12,1009.7,4587,19,1010.2,1458,4,1010.3,613,7,1010.4,1562,8,1010.5,959,13,1010.6,494,9
317,2025-11-26 14:55:30+05:30,1010.2,2,1002.43,8402061,391751.0,447384.0,986.2,1012.8,981.3,986.2,120477000,1084.8,887.6,1102.5,649.1,1010.1,1902,14,1010.0,2941,19,1009.9,471,10,1009.8,2781,11,1009.7,4611,20,1010.2,1459,6,1010.3,610,5,1010.4,1562,8,1010.5,935,12,1010.6,494,9
317,2025-11-26 14:55:30+05:30,1010.1,175,1002.43,8402061,391751.0,447384.0,986.2,1012.8,981.3,986.2,120477000,1084.8,887.6,1102.5,649.1,1010.1,1902,14,1010.0,2941,19,1009.9,471,10,1009.8,2781,11,1009.7,4611,20,1010.2,1459,6,1010.3,610,5,1010.4,1562,8,1010.5,935,12,1010.6,494,9
317,2025-11-26 14:55:31+05:30,1010.1,21,1002.43,8403205,390923.0,446545.0,986.2,1012.8,981.3,986.2,120477000,1084.8,887.6,1102.5,649.1,1010.1,1594,9,1010.0,3018,21,1009.9,550,10,1009.8,2807,13,1009.7,4587,19,1010.2,875,5,1010.3,610,5,1010.4,1320,5,1010.5,876,15,1010.6,583,11
317,2025-11-26 14:55:31+05:30,1010.1,10,1002.43,8403205,390923.0,446545.0,986.2,1012.8,981.3,986.2,120477000,1084.8,887.6,1102.5,649.1,1010.1,1594,9,1010.0,3018,21,1009.9,550,10,1009.8,2807,13,1009.7,4587,19,1010.2,875,5,1010.3,610,5,1010.4,1320,5,1010.5,876,15,1010.6,583,11
317,2025-11-26 14:55:32+05:30,1010.1,4,1002.43,8403219,391407.0,446548.0,986.2,1012.8,981.3,986.2,120477000,1084.8,887.6,1102.5,649.1,1010.1,1580,9,1010.0,2997,20,1009.9,571,11,1009.8,2807,13,1009.7,4587,19,1010.2,875,5,1010.3,610,5,1010.4,1320,5,1010.5,876,15,1010.6,583,11
317,2025-11-26 14:55:32+05:30,1010.1,4,1002.43,8403219,391407.0,446548.0,986.2,1012.8,981.3,986.2,120477000,1084.8,887.6,1102.5,649.1,1010.1,1580,9,1010.0,2997,20,1009.9,571,11,1009.8,2807,13,1009.7,4587,19,1010.2,875,5,1010.3,610,5,1010.4,1320,5,1010.5,876,15,1010.6,583,11
317,2025-11-26 14:55:33+05:30,1010.2,23,1002.43,8403322,390925.0,446471.0,986.2,1012.8,981.3,986.2,120477000,1084.8,887.6,1102.5,649.1,1010.1,1522,10,1010.0,3071,22,1009.9,571,11,1009.8,2807,13,1009.7,4587,19,1010.2,843,5,1010.3,610,5,1010.4,1320,5,1010.5,820,14,1010.6,583,11
317,2025-11-26 14:55:33+05:30,1010.2,4,1002.43,8403322,390925.0,446471.0,986.2,1012.8,981.3,986.2,120477000,1084.8,887.6,1102.5,649.1,1010.1,1522,10,1010.0,3071,22,1009.9,571,11,1009.8,2807,13,1009.7,4587,19,1010.2,843,5,1010.3,610,5,1010.4,1320,5,1010.5,820,14,1010.6,583,11
317,2025-11-26 14:55:34+05:30,1010.2,1,1002.43,8403327,390886.0,445951.0,986.2,1012.8,981.3,986.2,120477000,1084.8,887.6,1102.5,649.1,1010.1,1484,10,1010.0,3070,21,1009.9,571,11,1009.8,2807,13,1009.7,4587,19,1010.2,838,5,1010.3,610,5,1010.4,1320,5,1010.5,381,13,1010.6,583,11
317,2025-11-26 14:55:34+05:30,1010.2,1,1002.43,8403327,390886.0,445951.0,986.2,1012.8,981.3,986.2,120477000,1084.8,887.6,1102.5,649.1,1010.1,1484,10,1010.0,3070,21,1009.9,571,11,1009.8,2807,13,1009.7,4587,19,1010.2,838,5,1010.3,610,5,1010.4,1320,5,1010.5,381,13,1010.6,583,11
317,2025-11-26 14:55:35+05:30,1010.2,2,1002.43,8403355,390836.0,446047.0,986.2,1012.8,981.3,986.2,120477000,1084.8,887.6,1102.5,649.1,1010.1,1427,9,1010.0,3070,21,1009.9,550,10,1009.8,2828,14,1009.7,4587,19,1010.2,835,5,1010.3,610,5,1010.4,1320,5,1010.5,381,13,1010.6,583,11
317,2025-11-26 14:55:35+05:30,1010.2,2,1002.43,8403355,390836.0,446047.0,986.2,1012.8,981.3,986.2,120477000,1084.8,887.6,1102.5,649.1,1010.1,1427,9,1010.0,3070,21,1009.9,550,10,1009.8,2828,14,1009.7,4587,19,1010.2,835,5,1010.3,610,5,1010.4,1320,5,1010.5,381,13,1010.6,583,11
317,2025-11-26 14:55:36+05:30,1010.2,1,1002.43,8404881,392123.0,444546.0,986.2,1012.8,981.3,986.2,120477000,1084.8,887.6,1102.5,649.1,1010.2,1395,4,1010.1,221,10,1010.0,3451,25,1009.9,555,11,1009.8,4281,13,1010.3,573,5,1010.4,938,4,1010.5,587,8,1010.6,208,6,1010.7,435,8
317,2025-11-26 14:55:36+05:30,1010.3,253,1002.43,8404881,392123.0,444546.0,986.2,1012.8,981.3,986.2,120477000,1084.8,887.6,1102.5,649.1,1010.2,1395,4,1010.1,221,10,1010.0,3451,25,1009.9,555,11,1009.8,4281,13,1010.3,573,5,1010.4,938,4,1010.5,587,8,1010.6,208,6,1010.7,435,8
317,2025-11-26 14:55:37+05:30,1010.4,1,1002.43,8406233,388204.0,443487.0,986.2,1012.8,981.3,986.2,120477000,1084.8,887.6,1102.5,649.1,1010.3,326,3,1010.2,26,1,1010.1,1775,13,1010.0,3524,26,1009.9,607,11,1010.4,907,4,1010.5,79,6,1010.6,485,3,1010.7,388,10,1010.8,549,7
317,2025-11-26 14:55:37+05:30,1010.4,1,1002.43,8406233,388204.0,443487.0,986.2,1012.8,981.3,986.2,120477000,1084.8,887.6,1102.5,649.1,1010.3,326,3,1010.2,26,1,1010.1,1775,13,1010.0,3524,26,1009.9,607,11,1010.4,907,4,1010.5,79,6,1010.6,485,3,1010.7,388,10,1010.8,549,7
317,2025-11-26 14:55:38+05:30,1010.3,50,1002.43,8406284,388145.0,444739.0,986.2,1012.8,981.3,986.2,120477000,1084.8,887.6,1102.5,649.1,1010.3,276,3,1010.2,35,2,1010.1,1836,13,1010.0,3537,27,1009.9,607,11,1010.4,908,5,1010.5,373,7,1010.6,611,4,1010.7,578,12,1010.8,562,8
317,2025-11-26 14:55:38+05:30,1010.3,50,1002.43,8406284,388145.0,444739.0,986.2,1012.8,981.3,986.2,120477000,1084.8,887.6,1102.5,649.1,1010.3,276,3,1010.2,35,2,1010.1,1836,13,1010.0,3537,27,1009.9,607,11,1010.4,908,5,1010.5,373,7,1010.6,611,4,1010.7,578,12,1010.8,562,8
317,2025-11-26 14:55:39+05:30,1010.4,1,1002.43,8406285,387689.0,444772.0,986.2,1012.8,981.3,986.2,120477000,1084.8,887.6,1102.5,649.1,1010.3,321,6,1010.2,9,1,1010.1,1899,13,1010.0,3537,27,1009.9,607,11,1010.4,907,5,1010.5,373,7,1010.6,611,4,1010.7,626,13,1010.8,562,8
317,2025-11-26 14:55:39+05:30,1010.4,1,1002.43,8406285,387689.0,444772.0,986.2,1012.8,981.3,986.2,120477000,1084.8,887.6,1102.5,649.1,1010.3,321,6,1010.2,9,1,1010.1,1899,13,1010.0,3537,27,1009.9,607,11,1010.4,907,5,1010.5,373,7,1010.6,611,4,1010.7,626,13,1010.8,562,8
317,2025-11-26 14:55:40+05:30,1010.4,1,1002.43,8406408,388473.0,444512.0,986.2,1012.8,981.3,986.2,120477000,1084.8,887.6,1102.5,649.1,1010.3,353,7,1010.2,57,2,1010.1,1941,15,1010.0,3520,25,1009.9,702,12,1010.4,784,5,1010.5,373,7,1010.6,411,2,1010.7,376,6,1010.8,562,8
317,2025-11-26 14:55:40+05:30,1010.3,68,1002.43,8406408,388473.0,444512.0,986.2,1012.8,981.3,986.2,120477000,1084.8,887.6,1102.5,649.1,1010.3,353,7,1010.2,57,2,1010.1,1941,15,1010.0,3520,25,1009.9,702,12,1010.4,784,5,1010.5,373,7,1010.6,411,2,1010.7,376,6,1010.8,562,8
317,2025-11-26 14:55:41+05:30,1010.3,2,1002.43,8406943,389121.0,444431.0,986.2,1012.8,981.3,986.2,120477000,1084.8,887.6,1102.5,649.1,1010.2,9,1,1010.1,1953,14,1010.0,3543,27,1009.9,702,12,1009.8,2737,12,1010.3,16,1,1010.4,827,6,1010.5,373,7,1010.6,537,3,1010.7,312,5
317,2025-11-26 14:55:41+05:30,1010.4,2,1002.43,8406943,389121.0,444431.0,986.2,1012.8,981.3,986.2,120477000,1084.8,887.6,1102.5,649.1,1010.2,9,1,1010.1,1953,14,1010.0,3543,27,1009.9,702,12,1009.8,2737,12,1010.3,16,1,1010.4,827,6,1010.5,373,7,1010.6,537,3,1010.7,312,5
317,2025-11-26 14:55:42+05:30,1010.5,33,1002.43,8408811,392367.0,442511.0,986.2,1012.8,981.3,986.2,120477000,1084.8,887.6,1102.5,649.1,1010.4,3337,3,1010.3,75,2,1010.2,504,9,1010.1,2021,14,1010.0,4219,28,1010.5,286,3,1010.6,29,1,1010.7,71,2,1010.8,508,2,1010.9,1298,14
317,2025-11-26 14:55:42+05:30,1010.5,33,1002.43,8408811,392367.0,442511.0,986.2,1012.8,981.3,986.2,120477000,1084.8,887.6,1102.5,649.1,1010.4,3337,3,1010.3,75,2,1010.2,504,9,1010.1,2021,14,1010.0,4219,28,1010.5,286,3,1010.6,29,1,1010.7,71,2,1010.8,508,2,1010.9,1298,14
317,2025-11-26 14:55:43+05:30,1010.5,5,1002.43,8408843,392441.0,450203.0,986.2,1012.8,981.3,986.2,120477000,1084.8,887.6,1102.5,649.1,1010.4,3375,5,1010.3,62,2,1010.2,502,9,1010.1,2023,14,1010.0,4214,27,1010.5,460,5,1010.6,349,2,1010.7,468,4,1010.8,126,1,1010.9,1313,17
317,2025-11-26 14:55:43+05:30,1010.4,78,1002.43,8408843,392441.0,450203.0,986.2,1012.8,981.3,986.2,120477000,1084.8,887.6,1102.5,649.1,1010.4,3375,5,1010.3,62,2,1010.2,502,9,1010.1,2023,14,1010.0,4214,27,1010.5,460,5,1010.6,349,2,1010.7,468,4,1010.8,126,1,1010.9,1313,17
317,2025-11-26 14:55:44+05:30,1010.5,2,1002.43,8409138,392265.0,449981.0,986.2,1012.8,981.3,986.2,120477000,1084.8,887.6,1102.5,649.1,1010.4,3277,5,1010.3,62,2,1010.2,524,10,1010.1,2044,14,1010.0,3620,27,1010.5,243,5,1010.6,349,2,1010.7,71,2,1010.8,508,2,1010.9,1302,16
317,2025-11-26 14:55:44+05:30,1010.5,2,1002.43,8409138,392265.0,449981.0,986.2,1012.8,981.3,986.2,120477000,1084.8,887.6,1102.5,649.1,1010.4,3277,5,1010.3,62,2,1010.2,524,10,1010.1,2044,14,1010.0,3620,27,1010.5,243,5,1010.6,349,2,1010.7,71,2,1010.8,508,2,1010.9,1302,16
317,2025-11-26 14:55:45+05:30,1010.5,2,1002.43,8409140,391708.0,449932.0,986.2,1012.8,981.3,986.2,120477000,1084.8,887.6,1102.5,649.1,1010.4,3277,5,1010.3,64,3,1010.2,406,7,1010.1,2044,14,1010.0,3620,27,1010.5,291,6,1010.6,349,2,1010.7,71,2,1010.8,508,2,1010.9,1302,16
317,2025-11-26 14:55:45+05:30,1010.5,209,1002.43,8409140,391708.0,449932.0,986.2,1012.8,981.3,986.2,120477000,1084.8,887.6,1102.5,649.1,1010.4,3277,5,1010.3,64,3,1010.2,406,7,1010.1,2044,14,1010.0,3620,27,1010.5,291,6,1010.6,349,2,1010.7,71,2,1010.8,508,2,1010.9,1302,16
317,2025-11-26 14:55:46+05:30,1010.4,100,1002.43,8409842,391941.0,449933.0,986.2,1012.8,981.3,986.2,120477000,1084.8,887.6,1102.5,649.1,1010.4,3177,5,1010.3,11,2,1010.2,411,7,1010.1,2142,16,1010.0,3531,26,1010.5,204,6,1010.6,349,2,1010.7,71,2,1010.8,573,3,1010.9,1302,16
317,2025-11-26 14:55:46+05:30,1010.4,100,1002.43,8409842,391941.0,449933.0,986.2,1012.8,981.3,986.2,120477000,1084.8,887.6,1102.5,649.1,1010.4,3177,5,1010.3,11,2,1010.2,411,7,1010.1,2142,16,1010.0,3531,26,1010.5,204,6,1010.6,349,2,1010.7,71,2,1010.8,573,3,1010.9,1302,16
317,2025-11-26 14:55:47+05:30,1010.5,1,1002.43,8409843,391908.0,450144.0,986.2,1012.8,981.3,986.2,120477000,1084.8,887.6,1102.5,649.1,1010.4,3177,5,1010.3,11,2,1010.2,389,6,1010.1,2164,17,1010.0,3531,26,1010.5,438,7,1010.6,349,2,1010.7,71,2,1010.8,573,3,1010.9,1302,16
317,2025-11-26 14:55:47+05:30,1010.5,1,1002.43,8409843,391908.0,450144.0,986.2,1012.8,981.3,986.2,120477000,1084.8,887.6,1102.5,649.1,1010.4,3177,5,1010.3,11,2,1010.2,389,6,1010.1,2164,17,1010.0,3531,26,1010.5,438,7,1010.6,349,2,1010.7,71,2,1010.8,573,3,1010.9,1302,16
317,2025-11-26 14:55:48+05:30,1010.5,47,1002.43,8409843,391908.0,450144.0,986.2,1012.8,981.3,986.2,120477000,1084.8,887.6,1102.5,649.1,1010.4,3177,5,1010.3,11,2,1010.2,389,6,1010.1,2164,17,1010.0,3531,26,1010.5,438,7,1010.6,349,2,1010.7,71,2,1010.8,573,3,1010.9,1302,16
317,2025-11-26 14:55:48+05:30,1010.5,47,1002.43,8410343,391467.0,450164.0,986.2,1012.8,981.3,986.2,120477000,1084.8,887.6,1102.5,649.1,1010.4,3177,5,1010.3,11,2,1010.2,334,6,1010.1,2164,17,1010.0,3596,27,1010.5,201,4,1010.6,320,1,1010.7,145,3,1010.8,800,8,1010.9,1287,15
317,2025-11-26 14:55:49+05:30,1010.4,10,1002.43,8410343,391467.0,450164.0,986.2,1012.8,981.3,986.2,120477000,1084.8,887.6,1102.5,649.1,1010.4,3177,5,1010.3,11,2,1010.2,334,6,1010.1,2164,17,1010.0,3596,27,1010.5,201,4,1010.6,320,1,1010.7,145,3,1010.8,800,8,1010.9,1287,15
317,2025-11-26 14:55:49+05:30,1010.4,10,1002.43,8410355,391709.0,450224.0,986.2,1012.8,981.3,986.2,120477000,1084.8,887.6,1102.5,649.1,1010.4,3167,5,1010.3,11,2,1010.2,460,7,1010.1,2164,17,1010.0,3596,27,1010.5,199,4,1010.6,320,1,1010.7,176,5,1010.8,800,8,1010.9,1318,16
317,2025-11-26 14:55:50+05:30,1010.4,791,1002.43,8410355,391709.0,450224.0,986.2,1012.8,981.3,986.2,120477000,1084.8,887.6,1102.5,649.1,1010.4,3167,5,1010.3,11,2,1010.2,460,7,1010.1,2164,17,1010.0,3596,27,1010.5,199,4,1010.6,320,1,1010.7,176,5,1010.8,800,8,1010.9,1318,16
317,2025-11-26 14:55:50+05:30,1010.4,791,1002.43,8411201,390932.0,450146.0,986.2,1012.8,981.3,986.2,120477000,1084.8,887.6,1102.5,649.1,1010.4,2390,6,1010.3,11,2,1010.2,460,7,1010.1,2164,17,1010.0,3596,27,1010.5,144,4,1010.6,320,1,1010.7,302,6,1010.8,785,7,1010.9,1310,16
317,2025-11-26 14:55:51+05:30,1010.5,25,1002.43,8411201,390932.0,450146.0,986.2,1012.8,981.3,986.2,120477000,1084.8,887.6,1102.5,649.1,1010.4,2390,6,1010.3,11,2,1010.2,460,7,1010.1,2164,17,1010.0,3596,27,1010.5,144,4,1010.6,320,1,1010.7,302,6,1010.8,785,7,1010.9,1310,16
317,2025-11-26 14:55:51+05:30,1010.5,25,1002.43,8411227,390972.0,450120.0,986.2,1012.8,981.3,986.2,120477000,1084.8,887.6,1102.5,649.1,1010.4,2407,7,1010.3,67,3,1010.2,506,9,1010.1,2120,15,1010.0,3596,27,1010.5,118,4,1010.6,320,1,1010.7,302,6,1010.8,785,7,1010.9,1287,15
317,2025-11-26 14:55:52+05:30,1010.5,77,1002.43,8411304,390972.0,449931.0,986.2,1012.8,981.3,986.2,120477000,1084.8,887.6,1102.5,649.1,1010.4,2407,7,1010.3,67,3,1010.2,506,9,1010.1,2120,15,1010.0,3612,28,1010.5,41,4,1010.6,320,1,1010.7,228,5,1010.8,1311,8,1010.9,728,14
317,2025-11-26 14:55:52+05:30,1010.4,1,1002.43,8411304,390972.0,449931.0,986.2,1012.8,981.3,986.2,120477000,1084.8,887.6,1102.5,649.1,1010.4,2407,7,1010.3,67,3,1010.2,506,9,1010.1,2120,15,1010.0,3612,28,1010.5,41,4,1010.6,320,1,1010.7,228,5,1010.8,1311,8,1010.9,728,14
317,2025-11-26 14:55:53+05:30,1010.5,3,1002.43,8411412,391358.0,450206.0,986.2,1012.8,981.3,986.2,120477000,1084.8,887.6,1102.5,649.1,1010.4,2331,7,1010.3,66,4,1010.2,387,6,1010.1,2343,17,1010.0,3435,28,1010.5,286,5,1010.6,320,1,1010.7,245,5,1010.8,1341,10,1010.9,734,15
317,2025-11-26 14:55:53+05:30,1010.5,3,1002.43,8411412,391358.0,450206.0,986.2,1012.8,981.3,986.2,120477000,1084.8,887.6,1102.5,649.1,1010.4,2331,7,1010.3,66,4,1010.2,387,6,1010.1,2343,17,1010.0,3435,28,1010.5,286,5,1010.6,320,1,1010.7,245,5,1010.8,1341,10,1010.9,734,15
317,2025-11-26 14:55:54+05:30,1010.5,1,1002.43,8411413,391307.0,450234.0,986.2,1012.8,981.3,986.2,120477000,1084.8,887.6,1102.5,649.1,1010.4,2344,8,1010.3,66,4,1010.2,387,6,1010.1,2366,18,1010.0,3412,27,1010.5,285,5,1010.6,320,1,1010.7,222,4,1010.8,1364,11,1010.9,763,16
317,2025-11-26 14:55:54+05:30,1010.5,1,1002.43,8411413,391307.0,450234.0,986.2,1012.8,981.3,986.2,120477000,1084.8,887.6,1102.5,649.1,1010.4,2344,8,1010.3,66,4,1010.2,387,6,1010.1,2366,18,1010.0,3412,27,1010.5,285,5,1010.6,320,1,1010.7,222,4,1010.8,1364,11,1010.9,763,16
317,2025-11-26 14:55:55+05:30,1010.5,12,1002.43,8411413,391307.0,450234.0,986.2,1012.8,981.3,986.2,120477000,1084.8,887.6,1102.5,649.1,1010.4,2344,8,1010.3,66,4,1010.2,387,6,1010.1,2366,18,1010.0,3412,27,1010.5,285,5,1010.6,320,1,1010.7,222,4,1010.8,1364,11,1010.9,763,16
317,2025-11-26 14:55:55+05:30,1010.5,12,1002.43,8411448,390833.0,450317.0,986.2,1012.8,981.3,986.2,120477000,1084.8,887.6,1102.5,649.1,1010.4,2344,8,1010.3,64,4,1010.2,387,6,1010.1,2366,18,1010.0,3412,27,1010.5,260,4,1010.6,320,1,1010.7,222,4,1010.8,1478,12,1010.9,757,16
317,2025-11-26 14:55:56+05:30,1010.4,7,1002.43,8411448,390833.0,450317.0,986.2,1012.8,981.3,986.2,120477000,1084.8,887.6,1102.5,649.1,1010.4,2344,8,1010.3,64,4,1010.2,387,6,1010.1,2366,18,1010.0,3412,27,1010.5,260,4,1010.6,320,1,1010.7,222,4,1010.8,1478,12,1010.9,757,16
317,2025-11-26 14:55:56+05:30,1010.4,7,1002.43,8411464,390820.0,450374.0,986.2,1012.8,981.3,986.2,120477000,1084.8,887.6,1102.5,649.1,1010.4,2331,8,1010.3,64,4,1010.2,387,6,1010.1,2366,18,1010.0,3412,27,1010.5,256,3,1010.6,378,2,1010.7,222,4,1010.8,1455,11,1010.9,783,17
317,2025-11-26 14:55:57+05:30,1010.4,7,1002.43,8411464,391364.0,450358.0,986.2,1012.8,981.3,986.2,120477000,1084.8,887.6,1102.5,649.1,1010.4,2331,8,1010.3,64,4,1010.2,1387,7,1010.1,2366,18,1010.0,2412,26,1010.5,256,3,1010.6,378,2,1010.7,222,4,1010.8,1455,11,1010.9,757,16
317,2025-11-26 14:55:58+05:30,1010.5,1,1002.43,8411464,391364.0,450358.0,986.2,1012.8,981.3,986.2,120477000,1084.8,887.6,1102.5,649.1,1010.4,2331,8,1010.3,64,4,1010.2,1387,7,1010.1,2366,18,1010.0,2412,26,1010.5,256,3,1010.6,378,2,1010.7,222,4,1010.8,1455,11,1010.9,757,16
317,2025-11-26 14:55:58+05:30,1010.5,1,1002.43,8411468,391343.0,450354.0,986.2,1012.8,981.3,986.2,120477000,1084.8,887.6,1102.5,649.1,1010.4,2364,9,1010.3,63,3,1010.2,1413,8,1010.1,2317,16,1010.0,2435,27,1010.5,252,3,1010.6,378,2,1010.7,222,4,1010.8,1455,11,1010.9,757,16
317,2025-11-26 14:55:59+05:30,1010.5,1,1002.43,8411468,391343.0,450354.0,986.2,1012.8,981.3,986.2,120477000,1084.8,887.6,1102.5,649.1,1010.4,2364,9,1010.3,63,3,1010.2,1413,8,1010.1,2317,16,1010.0,2435,27,1010.5,252,3,1010.6,378,2,1010.7,222,4,1010.8,1455,11,1010.9,757,16
317,2025-11-26 14:55:59+05:30,1010.5,1,1002.43,8411469,392183.0,450485.0,986.2,1012.8,981.3,986.2,120477000,1084.8,887.6,1102.5,649.1,1010.4,2331,8,1010.3,1372,5,1010.2,1459,10,1010.1,1053,16,1010.0,2413,27,1010.5,567,4,1010.6,378,2,1010.7,478,4,1010.8,524,8,1010.9,1139,19
317,2025-11-26 14:56:00+05:30,1010.4,223,1002.43,8411469,392183.0,450485.0,986.2,1012.8,981.3,986.2,120477000,1084.8,887.6,1102.5,649.1,1010.4,2331,8,1010.3,1372,5,1010.2,1459,10,1010.1,1053,16,1010.0,2413,27,1010.5,567,4,1010.6,378,2,1010.7,478,4,1010.8,524,8,1010.9,1139,19
317,2025-11-26 14:56:00+05:30,1010.5,1,1002.44,8412725,391403.0,451441.0,986.2,1012.8,981.3,986.2,120477000,1084.8,887.6,1102.5,649.1,1010.4,1099,9,1010.3,1347,5,1010.2,1212,5,1010.1,1081,18,1010.0,2434,28,1010.5,982,6,1010.6,378,2,1010.7,695,6,1010.8,568,10,1010.9,1093,17
317,2025-11-26 14:56:01+05:30,1010.4,4,1002.44,8412725,391403.0,451441.0,986.2,1012.8,981.3,986.2,120477000,1084.8,887.6,1102.5,649.1,1010.4,1099,9,1010.3,1347,5,1010.2,1212,5,1010.1,1081,18,1010.0,2434,28,1010.5,982,6,1010.6,378,2,1010.7,695,6,1010.8,568,10,1010.9,1093,17
317,2025-11-26 14:56:01+05:30,1010.4,4,1002.44,8412729,391451.0,451120.0,986.2,1012.8,981.3,986.2,120477000,1084.8,887.6,1102.5,649.1,1010.4,1095,9,1010.3,1347,5,1010.2,1264,6,1010.1,1081,18,1010.0,2434,28,1010.5,1235,8,1010.6,320,1,1010.7,695,6,1010.8,568,10,1010.9,1093,17
317,2025-11-26 14:56:02+05:30,1010.5,129,1002.44,8412729,391451.0,451120.0,986.2,1012.8,981.3,986.2,120477000,1084.8,887.6,1102.5,649.1,1010.4,1095,9,1010.3,1347,5,1010.2,1264,6,1010.1,1081,18,1010.0,2434,28,1010.5,1235,8,1010.6,320,1,1010.7,695,6,1010.8,568,10,1010.9,1093,17
317,2025-11-26 14:56:02+05:30,1010.5,23,1002.44,8412889,391564.0,450952.0,986.2,1012.8,981.3,986.2,120477000,1084.8,887.6,1102.5,649.1,1010.4,1095,9,1010.3,1399,6,1010.2,1238,5,1010.1,1081,18,1010.0,2523,29,1010.5,1118,10,1010.6,320,1,1010.7,642,5,1010.8,568,10,1010.9,1166,17
317,2025-11-26 14:56:03+05:30,1010.5,9,1002.44,8412889,391564.0,450952.0,986.2,1012.8,981.3,986.2,120477000,1084.8,887.6,1102.5,649.1,1010.4,1095,9,1010.3,1399,6,1010.2,1238,5,1010.1,1081,18,1010.0,2523,29,1010.5,1118,10,1010.6,320,1,1010.7,642,5,1010.8,568,10,1010.9,1166,17
317,2025-11-26 14:56:03+05:30,1010.5,1,1002.44,8412965,391359.0,451071.0,986.2,1012.8,981.3,986.2,120477000,1084.8,887.6,1102.5,649.1,1010.4,1100,10,1010.3,1399,6,1010.2,1149,5,1010.1,1081,18,1010.0,2502,28,1010.5,1318,11,1010.6,320,1,1010.7,642,5,1010.8,1030,10,1010.9,618,16
317,2025-11-26 14:56:04+05:30,1010.4,10,1002.44,8412965,391359.0,451071.0,986.2,1012.8,981.3,986.2,120477000,1084.8,887.6,1102.5,649.1,1010.4,1100,10,1010.3,1399,6,1010.2,1149,5,1010.1,1081,18,1010.0,2502,28,1010.5,1318,11,1010.6,320,1,1010.7,642,5,1010.8,1030,10,1010.9,618,16
317,2025-11-26 14:56:05+05:30,1010.4,10,1002.44,8413780,391349.0,450522.0,986.2,1012.8,981.3,986.2,120477000,1084.8,887.6,1102.5,649.1,1010.4,1090,10,1010.3,1399,6,1010.2,1149,5,1010.1,1081,18,1010.0,2502,28,1010.5,830,9,1010.6,320,1,1010.7,579,4,1010.8,1030,10,1010.9,641,17
317,2025-11-26 14:56:05+05:30,1010.4,15,1002.44,8413780,391349.0,450522.0,986.2,1012.8,981.3,986.2,120477000,1084.8,887.6,1102.5,649.1,1010.4,1090,10,1010.3,1399,6,1010.2,1149,5,1010.1,1081,18,1010.0,2502,28,1010.5,830,9,1010.6,320,1,1010.7,579,4,1010.8,1030,10,1010.9,641,17
317,2025-11-26 14:56:06+05:30,1010.5,1,1002.44,8414548,392253.0,449442.0,986.2,1012.8,981.3,986.2,120477000,1084.8,887.6,1102.5,649.1,1010.4,1064,10,1010.3,1430,6,1010.2,1389,11,1010.1,1036,16,1010.0,2528,30,1010.5,103,5,1010.6,320,1,1010.7,75,3,1010.8,1025,9,1010.9,895,11
317,2025-11-26 14:56:06+05:30,1010.5,1,1002.44,8414548,392253.0,449442.0,986.2,1012.8,981.3,986.2,120477000,1084.8,887.6,1102.5,649.1,1010.4,1064,10,1010.3,1430,6,1010.2,1389,11,1010.1,1036,16,1010.0,2528,30,1010.5,103,5,1010.6,320,1,1010.7,75,3,1010.8,1025,9,1010.9,895,11
317,2025-11-26 14:56:07+05:30,1010.5,1,1002.44,8414548,392222.0,449791.0,986.2,1012.8,981.3,986.2,120477000,1084.8,887.6,1102.5,649.1,1010.4,1064,10,1010.3,1359,5,1010.2,1341,12,1010.1,1034,15,1010.0,2528,30,1010.5,388,6,1010.6,320,1,1010.7,134,3,1010.8,1412,11,1010.9,513,10
317,2025-11-26 14:56:08+05:30,1010.6,56,1002.44,8415298,391721.0,448341.0,986.2,1012.8,981.3,986.2,120477000,1084.8,887.6,1102.5,649.1,1010.4,1064,10,1010.3,1464,7,1010.2,1533,14,1010.1,1034,15,1010.0,3259,32,1010.5,40,4,1010.6,310,2,1010.7,71,2,1010.8,1033,6,1010.9,502,8
317,2025-11-26 14:56:08+05:30,1010.6,56,1002.44,8415298,391721.0,448341.0,986.2,1012.8,981.3,986.2,120477000,1084.8,887.6,1102.5,649.1,1010.4,1064,10,1010.3,1464,7,1010.2,1533,14,1010.1,1034,15,1010.0,3259,32,1010.5,40,4,1010.6,310,2,1010.7,71,2,1010.8,1033,6,1010.9,502,8
317,2025-11-26 14:56:09+05:30,1010.4,2,1002.44,8415376,391610.0,448500.0,986.2,1012.8,981.3,986.2,120477000,1084.8,887.6,1102.5,649.1,1010.4,1062,10,1010.3,1427,7,1010.2,1640,14,1010.1,1034,15,1010.0,3259,32,1010.5,2,2,1010.6,310,2,1010.7,71,2,1010.8,665,6,1010.9,983,10
317,2025-11-26 14:56:09+05:30,1010.4,2,1002.44,8415376,391610.0,448500.0,986.2,1012.8,981.3,986.2,120477000,1084.8,887.6,1102.5,649.1,1010.4,1062,10,1010.3,1427,7,1010.2,1640,14,1010.1,1034,15,1010.0,3259,32,1010.5,2,2,1010.6,310,2,1010.7,71,2,1010.8,665,6,1010.9,983,10
317,2025-11-26 14:56:10+05:30,1010.5,1,1002.44,8415378,390282.0,448991.0,986.2,1012.8,981.3,986.2,120477000,1084.8,887.6,1102.5,649.1,1010.4,1062,10,1010.3,1406,6,1010.2,1677,15,1010.1,1034,15,1010.0,3259,32,1010.6,317,3,1010.7,71,2,1010.8,665,6,1010.9,983,10,1011.0,3321,31
317,2025-11-26 14:56:10+05:30,1010.4,881,1002.44,8415378,390282.0,448991.0,986.2,1012.8,981.3,986.2,120477000,1084.8,887.6,1102.5,649.1,1010.4,1062,10,1010.3,1406,6,1010.2,1677,15,1010.1,1034,15,1010.0,3259,32,1010.6,317,3,1010.7,71,2,1010.8,665,6,1010.9,983,10,1011.0,3321,31
317,2025-11-26 14:56:11+05:30,1010.4,6,1002.44,8416376,389891.0,449047.0,986.2,1012.8,981.3,986.2,120477000,1084.8,887.6,1102.5,649.1,1010.4,104,6,1010.3,1359,6,1010.2,1425,10,1010.1,1124,18,1010.0,2629,31,1010.5,251,2,1010.6,312,3,1010.7,313,5,1010.8,739,8,1010.9,996,11
317,2025-11-26 14:56:11+05:30,1010.4,6,1002.44,8416376,389891.0,449047.0,986.2,1012.8,981.3,986.2,120477000,1084.8,887.6,1102.5,649.1,1010.4,104,6,1010.3,1359,6,1010.2,1425,10,1010.1,1124,18,1010.0,2629,31,1010.5,251,2,1010.6,312,3,1010.7,313,5,1010.8,739,8,1010.9,996,11
317,2025-11-26 14:56:12+05:30,1010.5,1,1002.44,8416377,389926.0,449109.0,986.2,1012.8,981.3,986.2,120477000,1084.8,887.6,1102.5,649.1,1010.4,104,6,1010.3,1359,6,1010.2,1481,11,1010.1,1124,18,1010.0,2629,31,1010.5,250,2,1010.6,312,3,1010.7,197,3,1010.8,702,7,1010.9,1119,11
317,2025-11-26 14:56:12+05:30,1010.5,1,1002.44,8416377,389926.0,449109.0,986.2,1012.8,981.3,986.2,120477000,1084.8,887.6,1102.5,649.1,1010.4,104,6,1010.3,1359,6,1010.2,1481,11,1010.1,1124,18,1010.0,2629,31,1010.5,250,2,1010.6,312,3,1010.7,197,3,1010.8,702,7,1010.9,1119,11
317,2025-11-26 14:56:13+05:30,1010.5,23,1002.44,8416410,390026.0,449072.0,986.2,1012.8,981.3,986.2,120477000,1084.8,887.6,1102.5,649.1,1010.4,117,7,1010.3,1415,7,1010.2,1518,12,1010.1,1087,17,1010.0,2629,31,1010.5,225,3,1010.6,312,3,1010.7,197,3,1010.8,665,6,1010.9,1119,11
317,2025-11-26 14:56:13+05:30,1010.5,1,1002.44,8416410,390026.0,449072.0,986.2,1012.8,981.3,986.2,120477000,1084.8,887.6,1102.5,649.1,1010.4,117,7,1010.3,1415,7,1010.2,1518,12,1010.1,1087,17,1010.0,2629,31,1010.5,225,3,1010.6,312,3,1010.7,197,3,1010.8,665,6,1010.9,1119,11
317,2025-11-26 14:56:14+05:30,1010.5,3,1002.44,8416501,389830.0,451372.0,986.2,1012.8,981.3,986.2,120477000,1084.8,887.6,1102.5,649.1,1010.4,53,3,1010.3,1359,6,1010.2,1244,9,1010.1,1087,17,1010.0,2666,32,1010.5,2246,5,1010.6,266,2,1010.7,653,5,1010.8,556,8,1010.9,1085,12
317,2025-11-26 14:56:14+05:30,1010.5,3,1002.44,8416501,389830.0,451372.0,986.2,1012.8,981.3,986.2,120477000,1084.8,887.6,1102.5,649.1,1010.4,53,3,1010.3,1359,6,1010.2,1244,9,1010.1,1087,17,1010.0,2666,32,1010.5,2246,5,1010.6,266,2,1010.7,653,5,1010.8,556,8,1010.9,1085,12
317,2025-11-26 14:56:15+05:30,1010.5,2,1002.44,8416504,389857.0,451539.0,986.2,1012.8,981.3,986.2,120477000,1084.8,887.6,1102.5,649.1,1010.4,35,3,1010.3,1413,7,1010.2,1244,9,1010.1,1082,16,1010.0,2666,32,1010.5,2419,6,1010.6,266,2,1010.7,653,5,1010.8,593,9,1010.9,1085,12
317,2025-11-26 14:56:15+05:30,1010.5,2,1002.44,8416504,389857.0,451539.0,986.2,1012.8,981.3,986.2,120477000,1084.8,887.6,1102.5,649.1,1010.4,35,3,1010.3,1413,7,1010.2,1244,9,1010.1,1082,16,1010.0,2666,32,1010.5,2419,6,1010.6,266,2,1010.7,653,5,1010.8,593,9,1010.9,1085,12
317,2025-11-26 14:56:16+05:30,1010.5,2,1002.44,8416506,389872.0,451503.0,986.2,1012.8,981.3,986.2,120477000,1084.8,887.6,1102.5,649.1,1010.4,35,3,1010.3,1413,7,1010.2,1244,9,1010.1,1082,16,1010.0,2666,32,1010.5,2419,7,1010.6,266,2,1010.7,653,5,1010.8,593,9,1010.9,1043,12
317,2025-11-26 14:56:16+05:30,1010.5,2,1002.44,8416506,389872.0,451503.0,986.2,1012.8,981.3,986.2,120477000,1084.8,887.6,1102.5,649.1,1010.4,35,3,1010.3,1413,7,1010.2,1244,9,1010.1,1082,16,1010.0,2666,32,1010.5,2419,7,1010.6,266,2,1010.7,653,5,1010.8,593,9,1010.9,1043,12
317,2025-11-26 14:56:16+05:30,1010.5,2,1002.44,8416506,389872.0,451503.0,986.2,1012.8,981.3,986.2,120477000,1084.8,887.6,1102.5,649.1,1010.4,35,3,1010.3,1413,7,1010.2,1244,9,1010.1,1082,16,1010.0,2666,32,1010.5,2419,7,1010.6,266,2,1010.7,653,5,1010.8,593,9,1010.9,1043,12
317,2025-11-26 14:56:17+05:30,1010.3,153,1002.44,8416818,389449.0,452104.0,986.2,1012.8,981.3,986.2,120477000,1084.8,887.6,1102.5,649.1,1010.3,1206,6,1010.2,1090,7,1010.1,1045,15,1010.0,2666,32,1009.9,3162,17,1010.5,2407,7,1010.6,266,2,1010.7,773,8,1010.8,556,8,1010.9,1421,13
317,2025-11-26 14:56:17+05:30,1010.3,153,1002.44,8416818,389449.0,452104.0,986.2,1012.8,981.3,986.2,120477000,1084.8,887.6,1102.5,649.1,1010.3,1206,6,1010.2,1090,7,1010.1,1045,15,1010.0,2666,32,1009.9,3162,17,1010.5,2407,7,1010.6,266,2,1010.7,773,8,1010.8,556,8,1010.9,1421,13
317,2025-11-26 14:56:17+05:30,1010.3,153,1002.44,8416818,389449.0,452104.0,986.2,1012.8,981.3,986.2,120477000,1084.8,887.6,1102.5,649.1,1010.3,1206,6,1010.2,1090,7,1010.1,1045,15,1010.0,2666,32,1009.9,3162,17,1010.5,2407,7,1010.6,266,2,1010.7,773,8,1010.8,556,8,1010.9,1421,13
317,2025-11-26 14:56:17+05:30,1010.3,153,1002.44,8416818,389449.0,452104.0,986.2,1012.8,981.3,986.2,120477000,1084.8,887.6,1102.5,649.1,1010.3,1206,6,1010.2,1090,7,1010.1,1045,15,1010.0,2666,32,1009.9,3162,17,1010.5,2407,7,1010.6,266,2,1010.7,773,8,1010.8,556,8,1010.9,1421,13
317,2025-11-26 14:56:18+05:30,1010.3,153,1002.44,8416818,389449.0,452104.0,986.2,1012.8,981.3,986.2,120477000,1084.8,887.6,1102.5,649.1,1010.3,1206,6,1010.2,1090,7,1010.1,1045,15,1010.0,2666,32,1009.9,3162,17,1010.5,2407,7,1010.6,266,2,1010.7,773,8,1010.8,556,8,1010.9,1421,13
317,2025-11-26 14:56:18+05:30,1010.3,71,1002.44,8416889,389496.0,452525.0,986.2,1012.8,981.3,986.2,120477000,1084.8,887.6,1102.5,649.1,1010.3,1135,6,1010.2,1144,8,1010.1,1039,15,1010.0,2590,30,1009.9,3201,18,1010.5,2418,6,1010.6,421,3,1010.7,752,8,1010.8,556,8,1010.9,1354,12
317,2025-11-26 14:56:18+05:30,1010.3,71,1002.44,8416889,389496.0,452525.0,986.2,1012.8,981.3,986.2,120477000,1084.8,887.6,1102.5,649.1,1010.3,1135,6,1010.2,1144,8,1010.1,1039,15,1010.0,2590,30,1009.9,3201,18,1010.5,2418,6,1010.6,421,3,1010.7,752,8,1010.8,556,8,1010.9,1354,12
317,2025-11-26 14:56:18+05:30,1010.3,71,1002.44,8416889,389496.0,452525.0,986.2,1012.8,981.3,986.2,120477000,1084.8,887.6,1102.5,649.1,1010.3,1135,6,1010.2,1144,8,1010.1,1039,15,1010.0,2590,30,1009.9,3201,18,1010.5,2418,6,1010.6,421,3,1010.7,752,8,1010.8,556,8,1010.9,1354,12
317,2025-11-26 14:56:19+05:30,1010.3,71,1002.44,8416889,389496.0,452525.0,986.2,1012.8,981.3,986.2,120477000,1084.8,887.6,1102.5,649.1,1010.3,1135,6,1010.2,1144,8,1010.1,1039,15,1010.0,2590,30,1009.9,3201,18,1010.5,2418,6,1010.6,421,3,1010.7,752,8,1010.8,556,8,1010.9,1354,12
317,2025-11-26 14:56:19+05:30,1010.3,4,1002.44,8416894,388900.0,452597.0,986.2,1012.8,981.3,986.2,120477000,1084.8,887.6,1102.5,649.1,1010.3,1131,6,1010.2,1091,8,1010.1,1039,15,1010.0,4569,30,1009.9,3148,17,1010.5,2417,6,1010.6,421,3,1010.7,752,8,1010.8,556,8,1010.9,1077,11
317,2025-11-26 14:56:19+05:30,1010.3,4,1002.44,8416894,388900.0,452597.0,986.2,1012.8,981.3,986.2,120477000,1084.8,887.6,1102.5,649.1,1010.3,1131,6,1010.2,1091,8,1010.1,1039,15,1010.0,4569,30,1009.9,3148,17,1010.5,2417,6,1010.6,421,3,1010.7,752,8,1010.8,556,8,1010.9,1077,11
317,2025-11-26 14:56:19+05:30,1010.3,4,1002.44,8416894,388900.0,452597.0,986.2,1012.8,981.3,986.2,120477000,1084.8,887.6,1102.5,649.1,1010.3,1131,6,1010.2,1091,8,1010.1,1039,15,1010.0,4569,30,1009.9,3148,17,1010.5,2417,6,1010.6,421,3,1010.7,752,8,1010.8,556,8,1010.9,1077,11
317,2025-11-26 14:56:20+05:30,1010.3,4,1002.44,8416894,388900.0,452597.0,986.2,1012.8,981.3,986.2,120477000,1084.8,887.6,1102.5,649.1,1010.3,1131,6,1010.2,1091,8,1010.1,1039,15,1010.0,4569,30,1009.9,3148,17,1010.5,2417,6,1010.6,421,3,1010.7,752,8,1010.8,556,8,1010.9,1077,11
317,2025-11-26 14:56:20+05:30,1010.5,48,1002.44,8416948,390487.0,452776.0,986.2,1012.8,981.3,986.2,120477000,1084.8,887.6,1102.5,649.1,1010.3,1131,6,1010.2,1172,9,1010.1,1044,16,1010.0,4606,31,1009.9,3148,17,1010.4,68,2,1010.5,2609,7,1010.6,421,3,1010.7,967,11,1010.8,606,8
317,2025-11-26 14:56:20+05:30,1010.3,9,1002.44,8416948,390487.0,452776.0,986.2,1012.8,981.3,986.2,120477000,1084.8,887.6,1102.5,649.1,1010.3,1131,6,1010.2,1172,9,1010.1,1044,16,1010.0,4606,31,1009.9,3148,17,1010.4,68,2,1010.5,2609,7,1010.6,421,3,1010.7,967,11,1010.8,606,8
317,2025-11-26 14:56:20+05:30,1010.3,9,1002.44,8416948,390487.0,452776.0,986.2,1012.8,981.3,986.2,120477000,1084.8,887.6,1102.5,649.1,1010.3,1131,6,1010.2,1172,9,1010.1,1044,16,1010.0,4606,31,1009.9,3148,17,1010.4,68,2,1010.5,2609,7,1010.6,421,3,1010.7,967,11,1010.8,606,8
317,2025-11-26 14:56:21+05:30,1010.3,9,1002.44,8416948,390487.0,452776.0,986.2,1012.8,981.3,986.2,120477000,1084.8,887.6,1102.5,649.1,1010.3,1131,6,1010.2,1172,9,1010.1,1044,16,1010.0,4606,31,1009.9,3148,17,1010.4,68,2,1010.5,2609,7,1010.6,421,3,1010.7,967,11,1010.8,606,8
317,2025-11-26 14:56:21+05:30,1010.4,1,1002.44,8418130,385899.0,455396.0,986.2,1012.8,981.3,986.2,120477000,1084.8,887.6,1102.5,649.1,1010.3,50,4,1010.2,1049,6,1010.1,206,3,1010.0,3858,21,1009.9,479,7,1010.4,717,8,1010.5,3389,14,1010.6,930,9,1010.7,812,16,1010.8,1151,12
317,2025-11-26 14:56:21+05:30,1010.4,1,1002.44,8418130,385899.0,455396.0,986.2,1012.8,981.3,986.2,120519000,1084.8,887.6,1102.5,649.1,1010.3,50,4,1010.2,1049,6,1010.1,206,3,1010.0,3858,21,1009.9,479,7,1010.4,717,8,1010.5,3389,14,1010.6,930,9,1010.7,812,16,1010.8,1151,12
317,2025-11-26 14:56:21+05:30,1010.4,1,1002.44,8418130,385899.0,455396.0,986.2,1012.8,981.3,986.2,120519000,1084.8,887.6,1102.5,649.1,1010.3,50,4,1010.2,1049,6,1010.1,206,3,1010.0,3858,21,1009.9,479,7,1010.4,717,8,1010.5,3389,14,1010.6,930,9,1010.7,812,16,1010.8,1151,12
317,2025-11-26 14:56:21+05:30,1010.4,1,1002.44,8418130,385899.0,455396.0,986.2,1012.8,981.3,986.2,120519000,1084.8,887.6,1102.5,649.1,1010.3,50,4,1010.2,1049,6,1010.1,206,3,1010.0,3858,21,1009.9,479,7,1010.4,717,8,1010.5,3389,14,1010.6,930,9,1010.7,812,16,1010.8,1151,12
317,2025-11-26 14:56:22+05:30,1010.4,1,1002.44,8418130,385899.0,455396.0,986.2,1012.8,981.3,986.2,120519000,1084.8,887.6,1102.5,649.1,1010.3,50,4,1010.2,1049,6,1010.1,206,3,1010.0,3858,21,1009.9,479,7,1010.4,717,8,1010.5,3389,14,1010.6,930,9,1010.7,812,16,1010.8,1151,12
317,2025-11-26 14:56:22+05:30,1010.4,1,1002.44,8418132,385559.0,455257.0,986.2,1012.8,981.3,986.2,120519000,1084.8,887.6,1102.5,649.1,1010.3,50,4,1010.2,1049,6,1010.1,218,4,1010.0,3890,22,1009.9,645,9,1010.4,557,5,1010.5,3435,15,1010.6,930,9,1010.7,825,17,1010.8,1102,9
317,2025-11-26 14:56:22+05:30,1010.3,2,1002.44,8418132,385559.0,455257.0,986.2,1012.8,981.3,986.2,120519000,1084.8,887.6,1102.5,649.1,1010.3,50,4,1010.2,1049,6,1010.1,218,4,1010.0,3890,22,1009.9,645,9,1010.4,557,5,1010.5,3435,15,1010.6,930,9,1010.7,825,17,1010.8,1102,9
317,2025-11-26 14:56:23+05:30,1010.0,21,1002.45,8424387,374582.0,459214.0,986.2,1012.8,981.3,986.2,120519000,1084.8,887.6,1102.5,649.1,1009.8,2031,2,1009.7,50,1,1009.6,108,1,1009.5,454,10,1009.4,643,7,1010.0,553,6,1010.1,490,7,1010.2,844,7,1010.3,815,10,1010.4,1608,20
317,2025-11-26 14:56:23+05:30,1010.0,21,1002.45,8424387,374582.0,459214.0,986.2,1012.8,981.3,986.2,120519000,1084.8,887.6,1102.5,649.1,1009.8,2031,2,1009.7,50,1,1009.6,108,1,1009.5,454,10,1009.4,643,7,1010.0,553,6,1010.1,490,7,1010.2,844,7,1010.3,815,10,1010.4,1608,20
317,2025-11-26 14:56:24+05:30,1010.0,43,1002.45,8424695,375527.0,457858.0,986.2,1012.8,981.3,986.2,120519000,1084.8,887.6,1102.5,649.1,1009.8,1975,3,1009.7,51,2,1009.6,108,1,1009.5,1078,10,1009.4,727,8,1010.0,534,6,1010.1,604,7,1010.2,970,8,1010.3,548,12,1010.4,1618,20
317,2025-11-26 14:56:24+05:30,1010.0,43,1002.45,8424695,375527.0,457858.0,986.2,1012.8,981.3,986.2,120519000,1084.8,887.6,1102.5,649.1,1009.8,1975,3,1009.7,51,2,1009.6,108,1,1009.5,1078,10,1009.4,727,8,1010.0,534,6,1010.1,604,7,1010.2,970,8,1010.3,548,12,1010.4,1618,20
317,2025-11-26 14:56:25+05:30,1009.8,308,1002.45,8424695,375527.0,457858.0,986.2,1012.8,981.3,986.2,120519000,1084.8,887.6,1102.5,649.1,1009.8,1975,3,1009.7,51,2,1009.6,108,1,1009.5,1078,10,1009.4,727,8,1010.0,534,6,1010.1,604,7,1010.2,970,8,1010.3,548,12,1010.4,1618,20
317,2025-11-26 14:56:25+05:30,1009.8,308,1002.45,8425029,376041.0,457803.0,986.2,1012.8,981.3,986.2,120519000,1084.8,887.6,1102.5,649.1,1009.8,1755,5,1009.7,51,2,1009.6,108,1,1009.5,1916,12,1009.4,727,8,1010.0,634,7,1010.1,604,7,1010.2,970,8,1010.3,548,12,1010.4,1463,18
317,2025-11-26 14:56:26+05:30,1009.8,10,1002.45,8425029,376041.0,457803.0,986.2,1012.8,981.3,986.2,120519000,1084.8,887.6,1102.5,649.1,1009.8,1755,5,1009.7,51,2,1009.6,108,1,1009.5,1916,12,1009.4,727,8,1010.0,634,7,1010.1,604,7,1010.2,970,8,1010.3,548,12,1010.4,1463,18
317,2025-11-26 14:56:26+05:30,1009.8,10,1002.45,8425075,376253.0,457570.0,986.2,1012.8,981.3,986.2,120519000,1084.8,887.6,1102.5,649.1,1009.8,1732,5,1009.7,51,2,1009.6,108,1,1009.5,2077,14,1009.4,727,8,1010.0,575,6,1010.1,420,6,1010.2,970,8,1010.3,548,12,1010.4,1470,19
317,2025-11-26 14:56:27+05:30,1009.8,10,1002.45,8425075,376212.0,457488.0,986.2,1012.8,981.3,986.2,120519000,1084.8,887.6,1102.5,649.1,1009.8,1732,5,1009.7,51,2,1009.6,108,1,1009.5,2077,14,1009.4,727,8,1010.0,575,6,1010.1,497,8,1010.2,1016,9,1010.3,548,12,1010.4,1297,18
317,2025-11-26 14:56:28+05:30,1009.8,10,1002.45,8425075,376220.0,457730.0,986.2,1012.8,981.3,986.2,120519000,1084.8,887.6,1102.5,649.1,1009.8,1732,5,1009.7,51,2,1009.6,108,1,1009.5,2077,14,1009.4,727,8,1010.0,417,4,1010.1,497,8,1010.2,1016,9,1010.3,548,12,1010.4,1297,18
317,2025-11-26 14:56:29+05:30,1010.0,2,1002.45,8425075,376220.0,457730.0,986.2,1012.8,981.3,986.2,120519000,1084.8,887.6,1102.5,649.1,1009.8,1732,5,1009.7,51,2,1009.6,108,1,1009.5,2077,14,1009.4,727,8,1010.0,417,4,1010.1,497,8,1010.2,1016,9,1010.3,548,12,1010.4,1297,18
317,2025-11-26 14:56:29+05:30,1010.0,2,1002.45,8425077,376382.0,457645.0,986.2,1012.8,981.3,986.2,120519000,1084.8,887.6,1102.5,649.1,1009.8,1732,5,1009.7,51,2,1009.6,108,1,1009.5,2077,14,1009.4,727,8,1010.0,475,6,1010.1,497,8,1010.2,1016,9,1010.3,548,12,1010.4,1423,19
317,2025-11-26 14:56:30+05:30,1010.0,28,1002.45,8425077,376382.0,457645.0,986.2,1012.8,981.3,986.2,120519000,1084.8,887.6,1102.5,649.1,1009.8,1732,5,1009.7,51,2,1009.6,108,1,1009.5,2077,14,1009.4,727,8,1010.0,475,6,1010.1,497,8,1010.2,1016,9,1010.3,548,12,1010.4,1423,19
317,2025-11-26 14:56:31+05:30,1009.9,1,1002.45,8425242,377143.0,456947.0,986.2,1012.8,981.3,986.2,120519000,1084.8,887.6,1102.5,649.1,1009.8,1637,7,1009.7,51,2,1009.6,221,3,1009.5,2131,15,1009.4,860,14,1009.9,250,3,1010.0,95,2,1010.1,531,5,1010.2,1116,10,1010.3,566,10
317,2025-11-26 14:56:31+05:30,1009.9,10,1002.45,8425242,377143.0,456947.0,986.2,1012.8,981.3,986.2,120519000,1084.8,887.6,1102.5,649.1,1009.8,1637,7,1009.7,51,2,1009.6,221,3,1009.5,2131,15,1009.4,860,14,1009.9,250,3,1010.0,95,2,1010.1,531,5,1010.2,1116,10,1010.3,566,10
317,2025-11-26 14:56:32+05:30,1009.9,10,1002.45,8425503,377287.0,456519.0,986.2,1012.8,981.3,986.2,120519000,1084.8,887.6,1102.5,649.1,1009.8,1637,7,1009.7,51,2,1009.6,275,4,1009.5,2131,15,1009.4,806,13,1009.9,241,5,1010.0,95,2,1010.1,655,7,1010.2,1173,10,1010.3,560,9
317,2025-11-26 14:56:33+05:30,1009.8,240,1002.45,8425776,376988.0,456507.0,986.2,1012.8,981.3,986.2,120519000,1084.8,887.6,1102.5,649.1,1009.8,1397,7,1009.7,51,2,1009.5,2187,16,1009.4,727,8,1009.3,1135,20,1009.9,205,5,1010.0,229,4,1010.1,655,7,1010.2,1238,11,1010.3,858,10
317,2025-11-26 14:56:33+05:30,1009.8,240,1002.45,8425776,376988.0,456507.0,986.2,1012.8,981.3,986.2,120519000,1084.8,887.6,1102.5,649.1,1009.8,1397,7,1009.7,51,2,1009.5,2187,16,1009.4,727,8,1009.3,1135,20,1009.9,205,5,1010.0,229,4,1010.1,655,7,1010.2,1238,11,1010.3,858,10
317,2025-11-26 14:56:34+05:30,1009.9,1,1002.45,8425778,376978.0,456910.0,986.2,1012.8,981.3,986.2,120519000,1084.8,887.6,1102.5,649.1,1009.8,1397,7,1009.7,51,2,1009.5,2187,16,1009.4,727,8,1009.3,1135,20,1009.9,702,6,1010.0,229,4,1010.1,578,5,1010.2,1192,10,1010.3,858,10
317,2025-11-26 14:56:34+05:30,1009.9,1,1002.45,8425778,376978.0,456910.0,986.2,1012.8,981.3,986.2,120519000,1084.8,887.6,1102.5,649.1,1009.8,1397,7,1009.7,51,2,1009.5,2187,16,1009.4,727,8,1009.3,1135,20,1009.9,702,6,1010.0,229,4,1010.1,578,5,1010.2,1192,10,1010.3,858,10
317,2025-11-26 14:56:35+05:30,1009.9,2,1002.45,8427281,377451.0,455395.0,986.2,1012.8,981.3,986.2,120519000,1084.8,887.6,1102.5,649.1,1009.8,1397,7,1009.7,170,4,1009.6,1962,8,1009.5,706,14,1009.4,818,14,1009.9,122,4,1010.0,42,2,1010.1,316,2,1010.2,177,3,1010.3,984,8
317,2025-11-26 14:56:35+05:30,1009.8,587,1002.45,8427281,377451.0,455395.0,986.2,1012.8,981.3,986.2,120519000,1084.8,887.6,1102.5,649.1,1009.8,1397,7,1009.7,170,4,1009.6,1962,8,1009.5,706,14,1009.4,818,14,1009.9,122,4,1010.0,42,2,1010.1,316,2,1010.2,177,3,1010.3,984,8
317,2025-11-26 14:56:36+05:30,1009.9,12,1002.45,8427943,376649.0,455714.0,986.2,1012.8,981.3,986.2,120519000,1084.8,887.6,1102.5,649.1,1009.8,844,9,1009.7,105,3,1009.6,1908,7,1009.5,780,15,1009.4,818,14,1009.9,10,2,1010.0,52,3,1010.1,316,2,1010.2,861,6,1010.3,463,7
317,2025-11-26 14:56:36+05:30,1009.9,12,1002.45,8427943,376649.0,455714.0,986.2,1012.8,981.3,986.2,120519000,1084.8,887.6,1102.5,649.1,1009.8,844,9,1009.7,105,3,1009.6,1908,7,1009.5,780,15,1009.4,818,14,1009.9,10,2,1010.0,52,3,1010.1,316,2,1010.2,861,6,1010.3,463,7
317,2025-11-26 14:56:37+05:30,1010.0,8,1002.45,8428108,376881.0,455498.0,986.2,1012.8,981.3,986.2,120519000,1084.8,887.6,1102.5,649.1,1009.8,790,8,1009.7,116,3,1009.6,2245,12,1009.5,745,14,1009.4,833,15,1010.0,300,4,1010.2,799,5,1010.3,450,6,1010.4,1083,13,1010.5,3003,17
317,2025-11-26 14:56:37+05:30,1010.0,8,1002.45,8428108,376881.0,455498.0,986.2,1012.8,981.3,986.2,120519000,1084.8,887.6,1102.5,649.1,1009.8,790,8,1009.7,116,3,1009.6,2245,12,1009.5,745,14,1009.4,833,15,1010.0,300,4,1010.2,799,5,1010.3,450,6,1010.4,1083,13,1010.5,3003,17
317,2025-11-26 14:56:38+05:30,1010.0,254,1002.45,8428408,376945.0,456322.0,986.2,1012.8,981.3,986.2,120519000,1084.8,887.6,1102.5,649.1,1009.8,790,8,1009.7,235,5,1009.6,2191,11,1009.5,745,14,1009.4,833,15,1010.0,795,4,1010.1,176,1,1010.2,526,7,1010.3,962,6,1010.4,701,9
317,2025-11-26 14:56:38+05:30,1010.0,254,1002.45,8428408,376945.0,456322.0,986.2,1012.8,981.3,986.2,120519000,1084.8,887.6,1102.5,649.1,1009.8,790,8,1009.7,235,5,1009.6,2191,11,1009.5,745,14,1009.4,833,15,1010.0,795,4,1010.1,176,1,1010.2,526,7,1010.3,962,6,1010.4,701,9
317,2025-11-26 14:56:39+05:30,1010.0,128,1002.45,8428408,376945.0,456322.0,986.2,1012.8,981.3,986.2,120519000,1084.8,887.6,1102.5,649.1,1009.8,790,8,1009.7,235,5,1009.6,2191,11,1009.5,745,14,1009.4,833,15,1010.0,795,4,1010.1,176,1,1010.2,526,7,1010.3,962,6,1010.4,701,9
317,2025-11-26 14:56:39+05:30,1009.8,59,1002.45,8429203,376729.0,455892.0,986.2,1012.8,981.3,986.2,120519000,1084.8,887.6,1102.5,649.1,1009.8,914,10,1009.7,361,6,1009.6,2137,10,1009.5,745,14,1009.4,1346,16,1010.0,46,3,1010.1,176,1,1010.2,174,3,1010.3,1573,6,1010.4,1075,12
317,2025-11-26 14:56:40+05:30,1009.9,128,1002.45,8429203,376729.0,455892.0,986.2,1012.8,981.3,986.2,120519000,1084.8,887.6,1102.5,649.1,1009.8,914,10,1009.7,361,6,1009.6,2137,10,1009.5,745,14,1009.4,1346,16,1010.0,46,3,1010.1,176,1,1010.2,174,3,1010.3,1573,6,1010.4,1075,12
317,2025-11-26 14:56:40+05:30,1009.9,128,1002.45,8430926,375797.0,458732.0,986.2,1012.8,981.3,986.2,120519000,1084.8,887.6,1102.5,649.1,1009.8,74,4,1009.7,172,4,1009.6,1773,7,1009.5,736,14,1009.4,1327,16,1009.9,1738,2,1010.0,260,4,1010.1,1195,4,1010.2,406,5,1010.3,841,12
317,2025-11-26 14:56:41+05:30,1009.9,127,1002.45,8430926,375797.0,458732.0,986.2,1012.8,981.3,986.2,120519000,1084.8,887.6,1102.5,649.1,1009.8,74,4,1009.7,172,4,1009.6,1773,7,1009.5,736,14,1009.4,1327,16,1009.9,1738,2,1010.0,260,4,1010.1,1195,4,1010.2,406,5,1010.3,841,12
317,2025-11-26 14:56:41+05:30,1009.9,127,1002.45,8431655,376392.0,457748.0,986.2,1012.8,981.3,986.2,120519000,1084.8,887.6,1102.5,649.1,1009.8,74,4,1009.7,255,5,1009.6,2192,11,1009.5,736,14,1009.4,1344,16,1009.9,1009,2,1010.0,750,5,1010.1,1069,3,1010.2,282,4,1010.3,760,10
317,2025-11-26 14:56:42+05:30,1009.8,2,1002.45,8431655,376392.0,457748.0,986.2,1012.8,981.3,986.2,120519000,1084.8,887.6,1102.5,649.1,1009.8,74,4,1009.7,255,5,1009.6,2192,11,1009.5,736,14,1009.4,1344,16,1009.9,1009,2,1010.0,750,5,1010.1,1069,3,1010.2,282,4,1010.3,760,10
317,2025-11-26 14:56:42+05:30,1009.9,128,1002.45,8432056,375971.0,457421.0,986.2,1012.8,981.3,986.2,120519000,1084.8,887.6,1102.5,649.1,1009.8,75,3,1009.7,51,2,1009.6,2192,11,1009.5,736,14,1009.4,861,16,1009.9,670,2,1010.0,752,6,1010.1,1144,4,1010.2,407,5,1010.3,760,10
317,2025-11-26 14:56:43+05:30,1009.9,23,1002.45,8432056,375971.0,457421.0,986.2,1012.8,981.3,986.2,120519000,1084.8,887.6,1102.5,649.1,1009.8,75,3,1009.7,51,2,1009.6,2192,11,1009.5,736,14,1009.4,861,16,1009.9,670,2,1010.0,752,6,1010.1,1144,4,1010.2,407,5,1010.3,760,10
317,2025-11-26 14:56:43+05:30,1009.9,23,1002.45,8432088,376896.0,457668.0,986.2,1012.8,981.3,986.2,120519000,1084.8,887.6,1102.5,649.1,1009.7,154,7,1009.6,1988,9,1009.5,792,15,1009.4,861,16,1009.3,1696,12,1009.8,199,3,1009.9,634,1,1010.0,752,6,1010.1,1195,4,1010.2,362,4
317,2025-11-26 14:56:44+05:30,1009.8,3,1002.45,8432088,376896.0,457668.0,986.2,1012.8,981.3,986.2,120519000,1084.8,887.6,1102.5,649.1,1009.7,154,7,1009.6,1988,9,1009.5,792,15,1009.4,861,16,1009.3,1696,12,1009.8,199,3,1009.9,634,1,1010.0,752,6,1010.1,1195,4,1010.2,362,4
317,2025-11-26 14:56:44+05:30,1009.8,3,1002.45,8432304,376859.0,457275.0,986.2,1012.8,981.3,986.2,120519000,1084.8,887.6,1102.5,649.1,1009.7,154,7,1009.6,1863,8,1009.5,736,14,1009.4,917,17,1009.3,1696,12,1009.8,8,2,1009.9,634,1,1010.0,757,7,1010.1,445,3,1010.2,1180,5
317,2025-11-26 14:56:45+05:30,1009.9,128,1002.45,8432304,376859.0,457275.0,986.2,1012.8,981.3,986.2,120519000,1084.8,887.6,1102.5,649.1,1009.7,154,7,1009.6,1863,8,1009.5,736,14,1009.4,917,17,1009.3,1696,12,1009.8,8,2,1009.9,634,1,1010.0,757,7,1010.1,445,3,1010.2,1180,5
317,2025-11-26 14:56:45+05:30,1009.9,128,1002.45,8432561,375525.0,457357.0,986.2,1012.8,981.3,986.2,120519000,1084.8,887.6,1102.5,649.1,1009.8,1,1,1009.7,154,7,1009.6,1872,9,1009.5,736,14,1009.4,917,17,1009.9,437,2,1010.0,757,7,1010.1,445,3,1010.2,1236,6,1010.3,847,9
317,2025-11-26 14:56:46+05:30,1009.9,127,1002.45,8432561,375525.0,457357.0,986.2,1012.8,981.3,986.2,120519000,1084.8,887.6,1102.5,649.1,1009.8,1,1,1009.7,154,7,1009.6,1872,9,1009.5,736,14,1009.4,917,17,1009.9,437,2,1010.0,757,7,1010.1,445,3,1010.2,1236,6,1010.3,847,9
317,2025-11-26 14:56:46+05:30,1009.9,127,1002.45,8432821,375677.0,457210.0,986.2,1012.8,981.3,986.2,120519000,1084.8,887.6,1102.5,649.1,1009.7,170,8,1009.6,1990,11,1009.5,736,14,1009.4,1392,17,1009.3,1696,12,1009.9,178,3,1010.0,1003,8,1010.1,445,3,1010.2,1236,6,1010.3,920,10
317,2025-11-26 14:56:47+05:30,1009.9,128,1002.45,8432821,375677.0,457210.0,986.2,1012.8,981.3,986.2,120519000,1084.8,887.6,1102.5,649.1,1009.7,170,8,1009.6,1990,11,1009.5,736,14,1009.4,1392,17,1009.3,1696,12,1009.9,178,3,1010.0,1003,8,1010.1,445,3,1010.2,1236,6,1010.3,920,10
317,2025-11-26 14:56:47+05:30,1009.9,128,1002.45,8432985,375499.0,457110.0,986.2,1012.8,981.3,986.2,120519000,1084.8,887.6,1102.5,649.1,1009.7,170,8,1009.6,1990,11,1009.5,736,14,1009.4,861,16,1009.3,1696,12,1009.9,29,4,1010.0,1003,8,1010.1,445,3,1010.2,1236,6,1010.3,1429,11
317,2025-11-26 14:56:48+05:30,1009.8,3,1002.45,8432985,375499.0,457110.0,986.2,1012.8,981.3,986.2,120519000,1084.8,887.6,1102.5,649.1,1009.7,170,8,1009.6,1990,11,1009.5,736,14,1009.4,861,16,1009.3,1696,12,1009.9,29,4,1010.0,1003,8,1010.1,445,3,1010.2,1236,6,1010.3,1429,11
317,2025-11-26 14:56:48+05:30,1009.8,3,1002.45,8433116,376857.0,457065.0,986.2,1012.8,981.3,986.2,120519000,1084.8,887.6,1102.5,649.1,1009.7,129,6,1009.6,1908,10,1009.5,792,15,1009.4,861,16,1009.3,1696,12,1009.8,58,2,1009.9,14,2,1010.0,1003,8,1010.1,445,3,1010.2,982,3
317,2025-11-26 14:56:49+05:30,1009.9,122,1002.45,8433116,376857.0,457065.0,986.2,1012.8,981.3,986.2,120519000,1084.8,887.6,1102.5,649.1,1009.7,129,6,1009.6,1908,10,1009.5,792,15,1009.4,861,16,1009.3,1696,12,1009.8,58,2,1009.9,14,2,1010.0,1003,8,1010.1,445,3,1010.2,982,3
317,2025-11-26 14:56:49+05:30,1009.9,122,1002.45,8433373,375587.0,457214.0,986.2,1012.8,981.3,986.2,120519000,1084.8,887.6,1102.5,649.1,1009.7,102,6,1009.6,1582,6,1009.5,737,14,1009.4,861,16,1009.3,2288,15,1009.9,29,1,1010.0,1003,8,1010.1,1324,6,1010.2,555,8,1010.3,908,9
317,2025-11-26 14:56:50+05:30,1010.0,23,1002.45,8433373,375587.0,457214.0,986.2,1012.8,981.3,986.2,120519000,1084.8,887.6,1102.5,649.1,1009.7,102,6,1009.6,1582,6,1009.5,737,14,1009.4,861,16,1009.3,2288,15,1009.9,29,1,1010.0,1003,8,1010.1,1324,6,1010.2,555,8,1010.3,908,9
317,2025-11-26 14:56:50+05:30,1010.0,23,1002.45,8433428,376902.0,457385.0,986.2,1012.8,981.3,986.2,120519000,1084.8,887.6,1102.5,649.1,1009.7,102,6,1009.6,1710,8,1009.5,790,15,1009.4,861,16,1009.3,1722,13,1009.8,73,1,1010.0,1147,9,1010.1,1344,6,1010.2,499,7,1010.3,1014,11
317,2025-11-26 14:56:51+05:30,1009.8,53,1002.45,8433558,376837.0,457783.0,986.2,1012.8,981.3,986.2,120519000,1084.8,887.6,1102.5,649.1,1009.7,102,6,1009.6,1582,6,1009.5,735,14,1009.4,914,17,1009.3,1722,13,1009.8,20,1,1009.9,1,1,1010.0,1147,9,1010.1,754,7,1010.2,1374,9
317,2025-11-26 14:56:51+05:30,1009.8,53,1002.45,8433558,376837.0,457783.0,986.2,1012.8,981.3,986.2,120519000,1084.8,887.6,1102.5,649.1,1009.7,102,6,1009.6,1582,6,1009.5,735,14,1009.4,914,17,1009.3,1722,13,1009.8,20,1,1009.9,1,1,1010.0,1147,9,1010.1,754,7,1010.2,1374,9
317,2025-11-26 14:56:52+05:30,1009.8,5,1002.46,8433564,377410.0,457808.0,986.2,1012.8,981.3,986.2,120519000,1084.8,887.6,1102.5,649.1,1009.7,102,6,1009.6,1582,6,1009.5,788,15,1009.4,861,16,1009.3,2245,14,1009.8,18,2,1009.9,1,1,1010.0,1147,9,1010.1,754,7,1010.2,1374,9
317,2025-11-26 14:56:52+05:30,1009.8,5,1002.46,8433564,377410.0,457808.0,986.2,1012.8,981.3,986.2,120519000,1084.8,887.6,1102.5,649.1,1009.7,102,6,1009.6,1582,6,1009.5,788,15,1009.4,861,16,1009.3,2245,14,1009.8,18,2,1009.9,1,1,1010.0,1147,9,1010.1,754,7,1010.2,1374,9
317,2025-11-26 14:56:53+05:30,1009.8,1,1002.46,8433564,377410.0,457808.0,986.2,1012.8,981.3,986.2,120519000,1084.8,887.6,1102.5,649.1,1009.7,102,6,1009.6,1582,6,1009.5,788,15,1009.4,861,16,1009.3,2245,14,1009.8,18,2,1009.9,1,1,1010.0,1147,9,1010.1,754,7,1010.2,1374,9
317,2025-11-26 14:56:53+05:30,1009.8,1,1002.46,8433678,377482.0,457598.0,986.2,1012.8,981.3,986.2,120519000,1084.8,887.6,1102.5,649.1,1009.7,102,6,1009.6,1646,7,1009.5,788,15,1009.4,833,15,1009.3,2281,15,1009.8,75,2,1009.9,1,1,1010.0,1155,10,1010.1,593,5,1010.2,1379,10
317,2025-11-26 14:56:54+05:30,1009.8,127,1002.46,8433678,377482.0,457598.0,986.2,1012.8,981.3,986.2,120519000,1084.8,887.6,1102.5,649.1,1009.7,102,6,1009.6,1646,7,1009.5,788,15,1009.4,833,15,1009.3,2281,15,1009.8,75,2,1009.9,1,1,1010.0,1155,10,1010.1,593,5,1010.2,1379,10
317,2025-11-26 14:56:54+05:30,1009.8,127,1002.46,8434061,377527.0,458166.0,986.2,1012.8,981.3,986.2,120519000,1084.8,887.6,1102.5,649.1,1009.7,102,6,1009.6,1708,7,1009.5,788,15,1009.4,833,15,1009.3,2317,15,1009.8,73,1,1009.9,1,1,1010.0,1155,10,1010.1,794,8,1010.2,1379,10
317,2025-11-26 14:56:55+05:30,1010.0,12,1002.46,8434061,377527.0,458166.0,986.2,1012.8,981.3,986.2,120519000,1084.8,887.6,1102.5,649.1,1009.7,102,6,1009.6,1708,7,1009.5,788,15,1009.4,833,15,1009.3,2317,15,1009.8,73,1,1009.9,1,1,1010.0,1155,10,1010.1,794,8,1010.2,1379,10
317,2025-11-26 14:56:55+05:30,1010.0,12,1002.46,8434334,375685.0,458050.0,986.2,1012.8,981.3,986.2,120519000,1084.8,887.6,1102.5,649.1,1009.7,18,2,1009.6,1582,6,1009.5,367,10,1009.4,1205,12,1009.3,1835,14,1010.0,1218,9,1010.1,913,11,1010.2,1371,9,1010.3,1393,9,1010.4,1147,15
317,2025-11-26 14:56:56+05:30,1010.0,3,1002.46,8434334,375685.0,458050.0,986.2,1012.8,981.3,986.2,120519000,1084.8,887.6,1102.5,649.1,1009.7,18,2,1009.6,1582,6,1009.5,367,10,1009.4,1205,12,1009.3,1835,14,1010.0,1218,9,1010.1,913,11,1010.2,1371,9,1010.3,1393,9,1010.4,1147,15
317,2025-11-26 14:56:56+05:30,1010.0,3,1002.46,8434337,375445.0,458631.0,986.2,1012.8,981.3,986.2,120519000,1084.8,887.6,1102.5,649.1,1009.7,32,3,1009.6,1582,6,1009.5,367,10,1009.4,630,11,1009.3,1709,12,1010.0,1616,14,1010.1,1027,11,1010.2,1730,12,1010.3,638,8,1010.4,1049,15
317,2025-11-26 14:56:57+05:30,1010.0,249,1002.46,8434337,375445.0,458631.0,986.2,1012.8,981.3,986.2,120519000,1084.8,887.6,1102.5,649.1,1009.7,32,3,1009.6,1582,6,1009.5,367,10,1009.4,630,11,1009.3,1709,12,1010.0,1616,14,1010.1,1027,11,1010.2,1730,12,1010.3,638,8,1010.4,1049,15
317,2025-11-26 14:56:57+05:30,1010.0,249,1002.46,8434771,374885.0,458698.0,986.2,1012.8,981.3,986.2,120519000,1084.8,887.6,1102.5,649.1,1009.7,32,3,1009.6,1582,6,1009.5,458,11,1009.4,630,11,1009.3,1709,12,1010.0,1401,15,1010.1,1079,12,1010.2,1669,10,1010.3,638,8,1010.4,1279,18
317,2025-11-26 14:56:58+05:30,1010.0,1,1002.46,8434771,374885.0,458698.0,986.2,1012.8,981.3,986.2,120519000,1084.8,887.6,1102.5,649.1,1009.7,32,3,1009.6,1582,6,1009.5,458,11,1009.4,630,11,1009.3,1709,12,1010.0,1401,15,1010.1,1079,12,1010.2,1669,10,1010.3,638,8,1010.4,1279,18
317,2025-11-26 14:56:58+05:30,1010.0,1,1002.46,8435013,374983.0,458825.0,986.2,1012.8,981.3,986.2,120519000,1084.8,887.6,1102.5,649.1,1009.7,16,1,1009.6,1582,6,1009.5,367,10,1009.4,1092,10,1009.3,1644,12,1010.0,1287,16,1010.1,973,10,1010.2,1722,11,1010.3,1271,10,1010.4,1027,15
317,2025-11-26 14:56:59+05:30,1009.6,3,1002.46,8435013,374983.0,458825.0,986.2,1012.8,981.3,986.2,120519000,1084.8,887.6,1102.5,649.1,1009.7,16,1,1009.6,1582,6,1009.5,367,10,1009.4,1092,10,1009.3,1644,12,1010.0,1287,16,1010.1,973,10,1010.2,1722,11,1010.3,1271,10,1010.4,1027,15
317,2025-11-26 14:56:59+05:30,1009.6,3,1002.46,8435039,374971.0,458945.0,986.2,1012.8,981.3,986.2,120519000,1084.8,887.6,1102.5,649.1,1009.6,1579,6,1009.5,420,11,1009.4,1047,10,1009.3,1717,13,1009.2,1508,16,1010.0,1286,15,1010.1,1135,11,1010.2,1722,11,1010.3,1227,10,1010.4,1055,16
317,2025-11-26 14:57:00+05:30,1010.0,1,1002.46,8435039,374971.0,458945.0,986.2,1012.8,981.3,986.2,120519000,1084.8,887.6,1102.5,649.1,1009.6,1579,6,1009.5,420,11,1009.4,1047,10,1009.3,1717,13,1009.2,1508,16,1010.0,1286,15,1010.1,1135,11,1010.2,1722,11,1010.3,1227,10,1010.4,1055,16
317,2025-11-26 14:57:00+05:30,1010.0,1,1002.46,8435040,377081.0,458496.0,986.2,1012.8,981.3,986.2,120519000,1084.8,887.6,1102.5,649.1,1009.6,2149,10,1009.5,548,13,1009.4,498,8,1009.3,1704,12,1009.2,2258,17,1009.8,53,2,1010.0,1122,12,1010.1,1261,13,1010.2,1379,10,1010.3,1511,11
317,2025-11-26 14:57:01+05:30,1009.8,24,1002.46,8435040,377081.0,458496.0,986.2,1012.8,981.3,986.2,120519000,1084.8,887.6,1102.5,649.1,1009.6,2149,10,1009.5,548,13,1009.4,498,8,1009.3,1704,12,1009.2,2258,17,1009.8,53,2,1010.0,1122,12,1010.1,1261,13,1010.2,1379,10,1010.3,1511,11
317,2025-11-26 14:57:01+05:30,1009.8,24,1002.46,8435305,377202.0,458420.0,986.2,1012.8,981.3,986.2,120519000,1084.8,887.6,1102.5,649.1,1009.6,2130,10,1009.5,507,12,1009.4,547,9,1009.3,1704,12,1009.2,2262,17,1009.8,11,2,1009.9,30,2,1010.0,1245,14,1010.1,1169,11,1010.2,1371,9
317,2025-11-26 14:57:02+05:30,1009.8,1,1002.46,8435305,377202.0,458420.0,986.2,1012.8,981.3,986.2,120519000,1084.8,887.6,1102.5,649.1,1009.6,2130,10,1009.5,507,12,1009.4,547,9,1009.3,1704,12,1009.2,2262,17,1009.8,11,2,1009.9,30,2,1010.0,1245,14,1010.1,1169,11,1010.2,1371,9
317,2025-11-26 14:57:02+05:30,1009.6,90,1002.46,8435407,377120.0,458523.0,986.2,1012.8,981.3,986.2,120519000,1084.8,887.6,1102.5,649.1,1009.6,2040,10,1009.5,556,13,1009.4,425,7,1009.3,1704,12,1009.2,2262,17,1009.8,34,2,1009.9,30,2,1010.0,1375,15,1010.1,1182,12,1010.2,1379,10
317,2025-11-26 14:57:03+05:30,1010.0,127,1002.46,8435407,377120.0,458523.0,986.2,1012.8,981.3,986.2,120519000,1084.8,887.6,1102.5,649.1,1009.6,2040,10,1009.5,556,13,1009.4,425,7,1009.3,1704,12,1009.2,2262,17,1009.8,34,2,1009.9,30,2,1010.0,1375,15,1010.1,1182,12,1010.2,1379,10
317,2025-11-26 14:57:03+05:30,1009.8,1,1002.46,8435935,376562.0,458544.0,986.2,1012.8,981.3,986.2,120519000,1084.8,887.6,1102.5,649.1,1009.8,2,1,1009.7,9,1,1009.6,2148,11,1009.5,584,13,1009.4,1222,12,1010.0,1003,14,1010.1,1142,11,1010.2,1363,10,1010.3,936,9,1010.4,1136,18
317,2025-11-26 14:57:04+05:30,1009.7,65,1002.46,8435935,376562.0,458544.0,986.2,1012.8,981.3,986.2,120519000,1084.8,887.6,1102.5,649.1,1009.8,2,1,1009.7,9,1,1009.6,2148,11,1009.5,584,13,1009.4,1222,12,1010.0,1003,14,1010.1,1142,11,1010.2,1363,10,1010.3,936,9,1010.4,1136,18
317,2025-11-26 14:57:04+05:30,1010.0,5,1002.46,8437250,376289.0,458128.0,986.2,1012.8,981.3,986.2,120519000,1084.8,887.6,1102.5,649.1,1009.7,9,1,1009.6,2391,14,1009.5,633,14,1009.4,594,11,1009.3,1803,13,1010.0,942,15,1010.1,799,7,1010.2,1228,6,1010.3,961,11,1010.4,1127,17
317,2025-11-26 14:57:05+05:30,1010.0,5,1002.46,8437250,376289.0,458128.0,986.2,1012.8,981.3,986.2,120519000,1084.8,887.6,1102.5,649.1,1009.7,9,1,1009.6,2391,14,1009.5,633,14,1009.4,594,11,1009.3,1803,13,1010.0,942,15,1010.1,799,7,1010.2,1228,6,1010.3,961,11,1010.4,1127,17
317,2025-11-26 14:57:05+05:30,1010.0,1,1002.46,8437471,376466.0,457966.0,986.2,1012.8,981.3,986.2,120519000,1084.8,887.6,1102.5,649.1,1009.7,10,2,1009.6,2326,13,1009.5,632,13,1009.4,593,10,1009.3,1803,13,1010.0,851,16,1010.1,825,8,1010.2,1229,6,1010.3,828,11,1010.4,1113,16
317,2025-11-26 14:57:06+05:30,1010.0,128,1002.46,8437471,376466.0,457966.0,986.2,1012.8,981.3,986.2,120519000,1084.8,887.6,1102.5,649.1,1009.7,10,2,1009.6,2326,13,1009.5,632,13,1009.4,593,10,1009.3,1803,13,1010.0,851,16,1010.1,825,8,1010.2,1229,6,1010.3,828,11,1010.4,1113,16
317,2025-11-26 14:57:06+05:30,1010.0,88,1002.46,8438492,376795.0,457062.0,986.2,1012.8,981.3,986.2,120519000,1084.8,887.6,1102.5,649.1,1009.7,10,2,1009.6,2409,14,1009.5,560,12,1009.4,997,9,1009.3,1652,12,1010.0,627,9,1010.1,803,7,1010.2,1335,7,1010.3,1132,12,1010.4,742,14
317,2025-11-26 14:57:07+05:30,1010.0,3,1002.46,8438492,376795.0,457062.0,986.2,1012.8,981.3,986.2,120519000,1084.8,887.6,1102.5,649.1,1009.7,10,2,1009.6,2409,14,1009.5,560,12,1009.4,997,9,1009.3,1652,12,1010.0,627,9,1010.1,803,7,1010.2,1335,7,1010.3,1132,12,1010.4,742,14
317,2025-11-26 14:57:08+05:30,1010.1,42,1002.46,8439312,377117.0,455273.0,986.2,1012.8,981.3,986.2,120519000,1084.8,887.6,1102.5,649.1,1010.0,24,1,1009.8,5,1,1009.7,907,10,1009.6,2551,15,1009.5,758,14,1010.1,485,5,1010.2,825,2,1010.3,387,6,1010.4,795,10,1010.5,1936,13
317,2025-11-26 14:57:08+05:30,1010.1,22,1002.46,8439312,377117.0,455273.0,986.2,1012.8,981.3,986.2,120519000,1084.8,887.6,1102.5,649.1,1010.0,24,1,1009.8,5,1,1009.7,907,10,1009.6,2551,15,1009.5,758,14,1010.1,485,5,1010.2,825,2,1010.3,387,6,1010.4,795,10,1010.5,1936,13
317,2025-11-26 14:57:09+05:30,1010.1,87,1002.46,8439697,377112.0,455507.0,986.2,1012.8,981.3,986.2,120519000,1084.8,887.6,1102.5,649.1,1010.0,38,4,1009.9,10,2,1009.8,15,3,1009.7,961,9,1009.6,2458,11,1010.1,470,6,1010.2,1071,2,1010.3,437,12,1010.4,1298,11,1010.5,1499,14
317,2025-11-26 14:57:09+05:30,1010.1,26,1002.46,8439697,377112.0,455507.0,986.2,1012.8,981.3,986.2,120519000,1084.8,887.6,1102.5,649.1,1010.0,38,4,1009.9,10,2,1009.8,15,3,1009.7,961,9,1009.6,2458,11,1010.1,470,6,1010.2,1071,2,1010.3,437,12,1010.4,1298,11,1010.5,1499,14
317,2025-11-26 14:57:09+05:30,1010.1,105,1002.46,8440353,377313.0,457648.0,986.2,1012.8,981.3,986.2,120519000,1084.8,887.6,1102.5,649.1,1010.0,9,1,1009.9,9,1,1009.8,12,3,1009.7,140,3,1009.6,2500,15,1010.1,1055,8,1010.2,1466,7,1010.3,552,12,1010.4,1329,15,1010.5,1201,13
317,2025-11-26 14:57:10+05:30,1009.9,25,1002.46,8440353,377313.0,457648.0,986.2,1012.8,981.3,986.2,120519000,1084.8,887.6,1102.5,649.1,1010.0,9,1,1009.9,9,1,1009.8,12,3,1009.7,140,3,1009.6,2500,15,1010.1,1055,8,1010.2,1466,7,1010.3,552,12,1010.4,1329,15,1010.5,1201,13
317,2025-11-26 14:57:11+05:30,1010.0,128,1002.46,8441245,377484.0,457861.0,986.2,1012.8,981.3,986.2,120519000,1084.8,887.6,1102.5,649.1,1009.9,9,1,1009.8,12,3,1009.7,20,1,1009.6,2576,16,1009.5,785,16,1010.0,197,3,1010.1,906,7,1010.2,1311,6,1010.3,592,12,1010.4,1679,16
317,2025-11-26 14:57:11+05:30,1010.0,38,1002.46,8441245,377484.0,457861.0,986.2,1012.8,981.3,986.2,120519000,1084.8,887.6,1102.5,649.1,1009.9,9,1,1009.8,12,3,1009.7,20,1,1009.6,2576,16,1009.5,785,16,1010.0,197,3,1010.1,906,7,1010.2,1311,6,1010.3,592,12,1010.4,1679,16
317,2025-11-26 14:57:12+05:30,1010.0,38,1002.46,8441373,377392.0,458996.0,986.2,1012.8,981.3,986.2,120519000,1084.8,887.6,1102.5,649.1,1009.9,32,3,1009.8,7,2,1009.6,2407,13,1009.5,795,16,1009.4,695,10,1010.0,88,2,1010.1,2081,13,1010.2,771,8,1010.3,862,10,1010.4,1379,13
317,2025-11-26 14:57:12+05:30,1009.8,5,1002.46,8441373,377392.0,458996.0,986.2,1012.8,981.3,986.2,120519000,1084.8,887.6,1102.5,649.1,1009.9,32,3,1009.8,7,2,1009.6,2407,13,1009.5,795,16,1009.4,695,10,1010.0,88,2,1010.1,2081,13,1010.2,771,8,1010.3,862,10,1010.4,1379,13
317,2025-11-26 14:57:13+05:30,1010.0,17,1002.46,8442436,377281.0,458063.0,986.2,1012.8,981.3,986.2,120519000,1084.8,887.6,1102.5,649.1,1009.9,9,1,1009.8,2,2,1009.7,52,1,1009.6,2343,9,1009.5,785,18,1010.0,117,3,1010.1,1128,10,1010.2,689,6,1010.3,768,9,1010.4,2428,14
317,2025-11-26 14:57:13+05:30,1010.1,3,1002.46,8442436,377281.0,458063.0,986.2,1012.8,981.3,986.2,120519000,1084.8,887.6,1102.5,649.1,1009.9,9,1,1009.8,2,2,1009.7,52,1,1009.6,2343,9,1009.5,785,18,1010.0,117,3,1010.1,1128,10,1010.2,689,6,1010.3,768,9,1010.4,2428,14
317,2025-11-26 14:57:14+05:30,1010.1,53,1002.46,8444674,377716.0,455460.0,986.2,1012.8,981.3,986.2,120519000,1084.8,887.6,1102.5,649.1,1009.9,9,1,1009.7,1071,9,1009.6,2329,13,1009.5,869,20,1009.4,643,9,1010.0,15,1,1010.1,56,2,1010.2,326,2,1010.3,890,7,1010.4,1374,10
317,2025-11-26 14:57:14+05:30,1010.1,2,1002.46,8444674,377716.0,455460.0,986.2,1012.8,981.3,986.2,120519000,1084.8,887.6,1102.5,649.1,1009.9,9,1,1009.7,1071,9,1009.6,2329,13,1009.5,869,20,1009.4,643,9,1010.0,15,1,1010.1,56,2,1010.2,326,2,1010.3,890,7,1010.4,1374,10
317,2025-11-26 14:57:15+05:30,1010.0,2,1002.47,8445104,377628.0,456300.0,986.2,1012.8,981.3,986.2,120519000,1084.8,887.6,1102.5,649.1,1009.9,25,2,1009.7,248,4,1009.6,2203,11,1009.5,856,20,1009.4,686,9,1010.0,51,2,1010.1,347,4,1010.2,731,8,1010.3,1903,10,1010.4,946,12
317,2025-11-26 14:57:15+05:30,1010.1,81,1002.47,8445104,377628.0,456300.0,986.2,1012.8,981.3,986.2,120519000,1084.8,887.6,1102.5,649.1,1009.9,25,2,1009.7,248,4,1009.6,2203,11,1009.5,856,20,1009.4,686,9,1010.0,51,2,1010.1,347,4,1010.2,731,8,1010.3,1903,10,1010.4,946,12
317,2025-11-26 14:57:16+05:30,1010.1,36,1002.47,8445934,377003.0,457284.0,986.2,1012.8,981.3,986.2,120519000,1084.8,887.6,1102.5,649.1,1009.9,21,2,1009.7,113,2,1009.6,1960,7,1009.5,803,19,1009.4,1231,10,1010.1,349,5,1010.2,877,10,1010.3,1140,9,1010.4,1748,12,1010.5,1021,12
317,2025-11-26 14:57:16+05:30,1010.1,77,1002.47,8445934,377003.0,457284.0,986.2,1012.8,981.3,986.2,120519000,1084.8,887.6,1102.5,649.1,1009.9,21,2,1009.7,113,2,1009.6,1960,7,1009.5,803,19,1009.4,1231,10,1010.1,349,5,1010.2,877,10,1010.3,1140,9,1010.4,1748,12,1010.5,1021,12
317,2025-11-26 14:57:17+05:30,1010.1,107,1002.47,8446445,377398.0,456722.0,986.2,1012.8,981.3,986.2,120519000,1084.8,887.6,1102.5,649.1,1009.9,21,2,1009.7,113,2,1009.6,2042,8,1009.5,808,20,1009.4,1231,10,1010.1,248,7,1010.2,877,10,1010.3,1140,9,1010.4,1748,12,1010.5,1021,12
317,2025-11-26 14:57:17+05:30,1010.1,35,1002.47,8446445,377398.0,456722.0,986.2,1012.8,981.3,986.2,120519000,1084.8,887.6,1102.5,649.1,1009.9,21,2,1009.7,113,2,1009.6,2042,8,1009.5,808,20,1009.4,1231,10,1010.1,248,7,1010.2,877,10,1010.3,1140,9,1010.4,1748,12,1010.5,1021,12
317,2025-11-26 14:57:18+05:30,1010.2,128,1002.47,8447557,377235.0,456138.0,986.2,1012.8,981.3,986.2,120519000,1084.8,887.6,1102.5,649.1,1009.9,34,3,1009.7,243,3,1009.6,1960,7,1009.5,868,21,1009.4,1241,11,1010.1,52,1,1010.2,588,7,1010.3,659,10,1010.4,1749,13,1010.5,1021,12
317,2025-11-26 14:57:18+05:30,1010.1,758,1002.47,8447557,377235.0,456138.0,986.2,1012.8,981.3,986.2,120519000,1084.8,887.6,1102.5,649.1,1009.9,34,3,1009.7,243,3,1009.6,1960,7,1009.5,868,21,1009.4,1241,11,1010.1,52,1,1010.2,588,7,1010.3,659,10,1010.4,1749,13,1010.5,1021,12
317,2025-11-26 14:57:19+05:30,1010.2,1,1002.47,8449207,390223.0,456996.0,986.2,1012.8,981.3,986.2,120519000,1084.8,887.6,1102.5,649.1,1010.1,12414,2,1009.9,288,4,1009.8,495,6,1009.7,797,11,1009.6,3077,14,1010.2,378,4,1010.3,54,2,1010.4,1105,9,1010.5,1022,10,1010.6,626,10
317,2025-11-26 14:57:19+05:30,1010.2,25,1002.47,8449207,390223.0,456996.0,986.2,1012.8,981.3,986.2,120519000,1084.8,887.6,1102.5,649.1,1010.1,12414,2,1009.9,288,4,1009.8,495,6,1009.7,797,11,1009.6,3077,14,1010.2,378,4,1010.3,54,2,1010.4,1105,9,1010.5,1022,10,1010.6,626,10
317,2025-11-26 14:57:20+05:30,1010.2,56,1002.47,8451609,388530.0,457121.0,986.2,1012.8,981.3,986.2,120519000,1084.8,887.6,1102.5,649.1,1010.1,11010,4,1010.0,58,1,1009.9,158,3,1009.8,529,5,1009.7,743,10,1010.2,370,6,1010.3,327,2,1010.4,909,6,1010.5,863,10,1010.6,423,6
317,2025-11-26 14:57:20+05:30,1010.2,56,1002.47,8451609,388530.0,457121.0,986.2,1012.8,981.3,986.2,120519000,1084.8,887.6,1102.5,649.1,1010.1,11010,4,1010.0,58,1,1009.9,158,3,1009.8,529,5,1009.7,743,10,1010.2,370,6,1010.3,327,2,1010.4,909,6,1010.5,863,10,1010.6,423,6
317,2025-11-26 14:57:21+05:30,1010.1,49,1002.47,8451609,388530.0,457121.0,986.2,1012.8,981.3,986.2,120519000,1084.8,887.6,1102.5,649.1,1010.1,11010,4,1010.0,58,1,1009.9,158,3,1009.8,529,5,1009.7,743,10,1010.2,370,6,1010.3,327,2,1010.4,909,6,1010.5,863,10,1010.6,423,6
317,2025-11-26 14:57:21+05:30,1010.1,49,1002.47,8451684,389193.0,458117.0,986.2,1012.8,981.3,986.2,120519000,1084.8,887.6,1102.5,649.1,1010.1,10924,3,1010.0,30,1,1009.9,288,4,1009.8,529,5,1009.7,745,11,1010.2,1094,7,1010.3,383,3,1010.4,192,5,1010.5,1044,14,1010.6,543,6
317,2025-11-26 14:57:22+05:30,1010.2,65,1002.47,8451684,389193.0,458117.0,986.2,1012.8,981.3,986.2,120519000,1084.8,887.6,1102.5,649.1,1010.1,10924,3,1010.0,30,1,1009.9,288,4,1009.8,529,5,1009.7,745,11,1010.2,1094,7,1010.3,383,3,1010.4,192,5,1010.5,1044,14,1010.6,543,6
317,2025-11-26 14:57:22+05:30,1010.2,4,1002.47,8452124,388650.0,456502.0,986.2,1012.8,981.3,986.2,120519000,1084.8,887.6,1102.5,649.1,1010.1,10954,4,1009.9,293,5,1009.8,655,7,1009.7,1954,13,1009.6,1861,14,1010.2,186,3,1010.3,327,2,1010.4,20,2,1010.5,1630,11,1010.6,681,10
317,2025-11-26 14:57:23+05:30,1010.2,128,1002.47,8452124,388650.0,456502.0,986.2,1012.8,981.3,986.2,120519000,1084.8,887.6,1102.5,649.1,1010.1,10954,4,1009.9,293,5,1009.8,655,7,1009.7,1954,13,1009.6,1861,14,1010.2,186,3,1010.3,327,2,1010.4,20,2,1010.5,1630,11,1010.6,681,10
317,2025-11-26 14:57:23+05:30,1010.2,128,1002.47,8452252,388791.0,456015.0,986.2,1012.8,981.3,986.2,120519000,1084.8,887.6,1102.5,649.1,1010.1,10954,4,1009.9,407,7,1009.8,731,8,1009.7,1982,14,1009.6,1861,14,1010.2,257,4,1010.3,327,2,1010.4,20,2,1010.5,1553,10,1010.6,625,9
317,2025-11-26 14:57:24+05:30,1010.1,170,1002.47,8452252,388791.0,456015.0,986.2,1012.8,981.3,986.2,120519000,1084.8,887.6,1102.5,649.1,1010.1,10954,4,1009.9,407,7,1009.8,731,8,1009.7,1982,14,1009.6,1861,14,1010.2,257,4,1010.3,327,2,1010.4,20,2,1010.5,1553,10,1010.6,625,9
317,2025-11-26 14:57:25+05:30,1010.1,170,1002.48,8465553,369501.0,441485.0,986.2,1012.8,981.3,986.2,120519000,1084.8,887.6,1102.5,649.1,1010.1,327,1,1010.0,17,1,1009.9,245,8,1009.8,1099,8,1009.7,1810,12,1010.2,170,4,1010.3,153,2,1010.4,790,5,1010.5,921,5,1010.6,386,4
317,2025-11-26 14:57:25+05:30,1010.2,4,1002.48,8465553,369501.0,441485.0,986.2,1012.8,981.3,986.2,120519000,1084.8,887.6,1102.5,649.1,1010.1,327,1,1010.0,17,1,1009.9,245,8,1009.8,1099,8,1009.7,1810,12,1010.2,170,4,1010.3,153,2,1010.4,790,5,1010.5,921,5,1010.6,386,4
317,2025-11-26 14:57:26+05:30,1010.1,15,1002.48,8465760,372265.0,443094.0,986.2,1012.8,981.3,986.2,120519000,1084.8,887.6,1102.5,649.1,1010.1,157,1,1009.9,341,7,1009.8,1077,11,1009.7,1952,13,1009.6,2157,12,1010.3,135,4,1010.4,937,7,1010.5,383,6,1010.6,823,7,1010.7,2015,9
317,2025-11-26 14:57:26+05:30,1010.1,157,1002.48,8465760,372265.0,443094.0,986.2,1012.8,981.3,986.2,120519000,1084.8,887.6,1102.5,649.1,1010.1,157,1,1009.9,341,7,1009.8,1077,11,1009.7,1952,13,1009.6,2157,12,1010.3,135,4,1010.4,937,7,1010.5,383,6,1010.6,823,7,1010.7,2015,9
317,2025-11-26 14:57:27+05:30,1010.1,19,1002.49,8466516,372020.0,442838.0,986.2,1012.8,981.3,986.2,120519000,1084.8,887.6,1102.5,649.1,1010.1,38,3,1009.9,5,1,1009.8,925,7,1009.7,1788,14,1009.6,1231,10,1010.2,40,2,1010.3,231,3,1010.4,1043,10,1010.5,814,10,1010.6,621,6
317,2025-11-26 14:57:27+05:30,1010.1,19,1002.49,8466516,372020.0,442838.0,986.2,1012.8,981.3,986.2,120519000,1084.8,887.6,1102.5,649.1,1010.1,38,3,1009.9,5,1,1009.8,925,7,1009.7,1788,14,1009.6,1231,10,1010.2,40,2,1010.3,231,3,1010.4,1043,10,1010.5,814,10,1010.6,621,6
317,2025-11-26 14:57:28+05:30,1010.1,4,1002.49,8466768,375611.0,444565.0,986.2,1012.8,981.3,986.2,120519000,1084.8,887.6,1102.5,649.1,1010.1,51,4,1009.9,242,3,1009.8,3102,10,1009.7,1868,15,1009.6,2032,14,1010.2,40,2,1010.3,256,5,1010.4,665,6,1010.5,755,9,1010.6,631,7
317,2025-11-26 14:57:28+05:30,1010.2,19,1002.49,8466768,375611.0,444565.0,986.2,1012.8,981.3,986.2,120519000,1084.8,887.6,1102.5,649.1,1010.1,51,4,1009.9,242,3,1009.8,3102,10,1009.7,1868,15,1009.6,2032,14,1010.2,40,2,1010.3,256,5,1010.4,665,6,1010.5,755,9,1010.6,631,7
317,2025-11-26 14:57:29+05:30,1010.3,2,1002.49,8466810,376034.0,444374.0,986.2,1012.8,981.3,986.2,120519000,1084.8,887.6,1102.5,649.1,1010.2,31,2,1010.1,46,3,1010.0,8,2,1009.9,333,6,1009.8,3075,9,1010.3,198,4,1010.4,575,6,1010.5,705,9,1010.6,631,7,1010.7,897,10
317,2025-11-26 14:57:29+05:30,1010.3,1,1002.49,8466810,376034.0,444374.0,986.2,1012.8,981.3,986.2,120519000,1084.8,887.6,1102.5,649.1,1010.2,31,2,1010.1,46,3,1010.0,8,2,1009.9,333,6,1009.8,3075,9,1010.3,198,4,1010.4,575,6,1010.5,705,9,1010.6,631,7,1010.7,897,10
317,2025-11-26 14:57:30+05:30,1010.1,158,1002.49,8467335,375917.0,444750.0,986.2,1012.8,981.3,986.2,120519000,1084.8,887.6,1102.5,649.1,1010.0,8,2,1009.9,271,7,1009.8,3251,11,1009.7,1893,15,1009.6,2032,14,1010.1,32,1,1010.2,364,1,1010.3,125,3,1010.4,428,4,1010.5,812,10
317,2025-11-26 14:57:30+05:30,1010.1,32,1002.49,8467335,375917.0,444750.0,986.2,1012.8,981.3,986.2,120519000,1084.8,887.6,1102.5,649.1,1010.0,8,2,1009.9,271,7,1009.8,3251,11,1009.7,1893,15,1009.6,2032,14,1010.1,32,1,1010.2,364,1,1010.3,125,3,1010.4,428,4,1010.5,812,10
317,2025-11-26 14:57:31+05:30,1010.2,128,1002.49,8468075,376708.0,444584.0,986.2,1012.8,981.3,986.2,120519000,1084.8,887.6,1102.5,649.1,1010.1,9,1,1010.0,131,2,1009.9,342,7,1009.8,2654,10,1009.7,1882,12,1010.2,246,2,1010.3,90,2,1010.4,513,5,1010.5,731,9,1010.6,689,10
317,2025-11-26 14:57:31+05:30,1010.2,128,1002.49,8468075,376708.0,444584.0,986.2,1012.8,981.3,986.2,120519000,1084.8,887.6,1102.5,649.1,1010.1,9,1,1010.0,131,2,1009.9,342,7,1009.8,2654,10,1009.7,1882,12,1010.2,246,2,1010.3,90,2,1010.4,513,5,1010.5,731,9,1010.6,689,10
317,2025-11-26 14:57:32+05:30,1010.1,1,1002.49,8468076,376128.0,444564.0,986.2,1012.8,981.3,986.2,120519000,1084.8,887.6,1102.5,649.1,1010.1,8,1,1010.0,9,1,1009.9,289,6,1009.8,2707,11,1009.7,1882,12,1010.2,227,1,1010.3,89,1,1010.4,513,5,1010.5,731,9,1010.6,689,10
317,2025-11-26 14:57:32+05:30,1010.1,1,1002.49,8468076,376128.0,444564.0,986.2,1012.8,981.3,986.2,120519000,1084.8,887.6,1102.5,649.1,1010.1,8,1,1010.0,9,1,1009.9,289,6,1009.8,2707,11,1009.7,1882,12,1010.2,227,1,1010.3,89,1,1010.4,513,5,1010.5,731,9,1010.6,689,10
317,2025-11-26 14:57:33+05:30,1010.2,1,1002.49,8468187,376612.0,444773.0,986.2,1012.8,981.3,986.2,120519000,1084.8,887.6,1102.5,649.1,1010.0,2,1,1009.9,139,5,1009.8,2649,10,1009.7,1882,12,1009.6,1372,18,1010.2,202,1,1010.3,180,2,1010.4,629,8,1010.5,878,15,1010.6,610,7
317,2025-11-26 14:57:33+05:30,1010.2,1,1002.49,8468187,376612.0,444773.0,986.2,1012.8,981.3,986.2,120519000,1084.8,887.6,1102.5,649.1,1010.0,2,1,1009.9,139,5,1009.8,2649,10,1009.7,1882,12,1009.6,1372,18,1010.2,202,1,1010.3,180,2,1010.4,629,8,1010.5,878,15,1010.6,610,7
317,2025-11-26 14:57:34+05:30,1010.2,1,1002.49,8468187,376612.0,444773.0,986.2,1012.8,981.3,986.2,120519000,1084.8,887.6,1102.5,649.1,1010.0,2,1,1009.9,139,5,1009.8,2649,10,1009.7,1882,12,1009.6,1372,18,1010.2,202,1,1010.3,180,2,1010.4,629,8,1010.5,878,15,1010.6,610,7
317,2025-11-26 14:57:34+05:30,1010.2,1,1002.49,8468327,376477.0,444626.0,986.2,1012.8,981.3,986.2,120519000,1084.8,887.6,1102.5,649.1,1010.0,2,1,1009.9,139,5,1009.8,2596,9,1009.7,1889,12,1009.6,1293,13,1010.2,62,1,1010.3,180,2,1010.4,570,9,1010.5,852,13,1010.6,600,6
317,2025-11-26 14:57:35+05:30,1010.0,89,1002.49,8468327,376477.0,444626.0,986.2,1012.8,981.3,986.2,120519000,1084.8,887.6,1102.5,649.1,1010.0,2,1,1009.9,139,5,1009.8,2596,9,1009.7,1889,12,1009.6,1293,13,1010.2,62,1,1010.3,180,2,1010.4,570,9,1010.5,852,13,1010.6,600,6
317,2025-11-26 14:57:35+05:30,1010.0,89,1002.49,8468564,377199.0,444921.0,986.2,1012.8,981.3,986.2,120519000,1084.8,887.6,1102.5,649.1,1009.9,17,4,1009.8,2217,5,1009.7,1681,9,1009.6,1298,14,1009.5,1053,19,1010.0,254,1,1010.3,540,4,1010.4,1016,13,1010.5,837,13,1010.6,653,7
317,2025-11-26 14:57:36+05:30,1010.0,67,1002.49,8468564,377199.0,444921.0,986.2,1012.8,981.3,986.2,120519000,1084.8,887.6,1102.5,649.1,1009.9,17,4,1009.8,2217,5,1009.7,1681,9,1009.6,1298,14,1009.5,1053,19,1010.0,254,1,1010.3,540,4,1010.4,1016,13,1010.5,837,13,1010.6,653,7
317,2025-11-26 14:57:36+05:30,1010.3,1,1002.49,8471749,377949.0,445358.0,986.2,1012.8,981.3,986.2,120519000,1084.8,887.6,1102.5,649.1,1010.0,112,3,1009.9,307,8,1009.8,2759,13,1009.7,1863,11,1009.6,1233,12,1010.3,428,2,1010.4,119,4,1010.5,444,8,1010.6,443,4,1010.7,580,8
317,2025-11-26 14:57:37+05:30,1010.3,17,1002.49,8471749,377949.0,445358.0,986.2,1012.8,981.3,986.2,120519000,1084.8,887.6,1102.5,649.1,1010.0,112,3,1009.9,307,8,1009.8,2759,13,1009.7,1863,11,1009.6,1233,12,1010.3,428,2,1010.4,119,4,1010.5,444,8,1010.6,443,4,1010.7,580,8
317,2025-11-26 14:57:37+05:30,1010.3,17,1002.49,8472050,377870.0,446028.0,986.2,1012.8,981.3,986.2,120519000,1084.8,887.6,1102.5,649.1,1010.0,22,2,1009.9,217,6,1009.8,2812,14,1009.7,1863,11,1009.6,1378,14,1010.3,499,4,1010.4,565,6,1010.5,964,16,1010.6,647,7,1010.7,878,9
317,2025-11-26 14:57:38+05:30,1010.0,9,1002.49,8472050,377870.0,446028.0,986.2,1012.8,981.3,986.2,120519000,1084.8,887.6,1102.5,649.1,1010.0,22,2,1009.9,217,6,1009.8,2812,14,1009.7,1863,11,1009.6,1378,14,1010.3,499,4,1010.4,565,6,1010.5,964,16,1010.6,647,7,1010.7,878,9
317,2025-11-26 14:57:39+05:30,1010.3,1,1002.49,8473136,378224.0,442929.0,986.2,1012.8,981.3,986.2,120519000,1084.8,887.6,1102.5,649.1,1010.0,8,1,1009.9,153,5,1009.8,2576,10,1009.7,752,11,1009.6,2529,14,1010.3,291,3,1010.4,564,7,1010.5,825,14,1010.6,535,5,1010.7,848,9
317,2025-11-26 14:57:39+05:30,1010.3,127,1002.49,8473136,378224.0,442929.0,986.2,1012.8,981.3,986.2,120519000,1084.8,887.6,1102.5,649.1,1010.0,8,1,1009.9,153,5,1009.8,2576,10,1009.7,752,11,1009.6,2529,14,1010.3,291,3,1010.4,564,7,1010.5,825,14,1010.6,535,5,1010.7,848,9
317,2025-11-26 14:57:40+05:30,1010.3,1,1002.49,8473369,378626.0,443873.0,986.2,1012.8,981.3,986.2,120519000,1084.8,887.6,1102.5,649.1,1010.0,8,1,1009.9,153,5,1009.8,2523,9,1009.7,775,11,1009.6,2529,14,1010.3,130,4,1010.4,648,8,1010.5,825,14,1010.6,610,6,1010.7,878,9
317,2025-11-26 14:57:40+05:30,1010.1,128,1002.49,8473369,378626.0,443873.0,986.2,1012.8,981.3,986.2,120519000,1084.8,887.6,1102.5,649.1,1010.0,8,1,1009.9,153,5,1009.8,2523,9,1009.7,775,11,1009.6,2529,14,1010.3,130,4,1010.4,648,8,1010.5,825,14,1010.6,610,6,1010.7,878,9
317,2025-11-26 14:57:41+05:30,1010.1,2,1002.49,8473499,378033.0,442959.0,986.2,1012.8,981.3,986.2,120519000,1084.8,887.6,1102.5,649.1,1010.0,2,1,1009.9,207,6,1009.8,2619,11,1009.7,669,9,1009.6,2529,14,1010.1,2,1,1010.2,10,1,1010.3,62,3,1010.4,481,5,1010.5,846,14
317,2025-11-26 14:57:41+05:30,1010.1,2,1002.49,8473499,378033.0,442959.0,986.2,1012.8,981.3,986.2,120519000,1084.8,887.6,1102.5,649.1,1010.0,2,1,1009.9,207,6,1009.8,2619,11,1009.7,669,9,1009.6,2529,14,1010.1,2,1,1010.2,10,1,1010.3,62,3,1010.4,481,5,1010.5,846,14
317,2025-11-26 14:57:42+05:30,1010.1,2,1002.49,8473499,378829.0,443104.0,986.2,1012.8,981.3,986.2,120519000,1084.8,887.6,1102.5,649.1,1010.0,2,1,1009.9,132,4,1009.8,2523,9,1009.7,685,10,1009.6,2529,14,1010.1,42,2,1010.2,10,1,1010.3,143,4,1010.4,631,7,1010.5,957,16
317,2025-11-26 14:57:43+05:30,1010.1,23,1002.49,8473531,378753.0,443182.0,986.2,1012.8,981.3,986.2,120519000,1084.8,887.6,1102.5,649.1,1010.0,2,1,1009.9,132,4,1009.8,2448,8,1009.7,560,9,1009.6,2529,14,1010.1,142,2,1010.2,93,2,1010.3,143,4,1010.4,735,6,1010.5,878,17
317,2025-11-26 14:57:43+05:30,1010.1,9,1002.49,8473531,378753.0,443182.0,986.2,1012.8,981.3,986.2,120519000,1084.8,887.6,1102.5,649.1,1010.0,2,1,1009.9,132,4,1009.8,2448,8,1009.7,560,9,1009.6,2529,14,1010.1,142,2,1010.2,93,2,1010.3,143,4,1010.4,735,6,1010.5,878,17
317,2025-11-26 14:57:44+05:30,1010.1,3,1002.49,8473843,379422.0,443287.0,986.2,1012.8,981.3,986.2,120519000,1084.8,887.6,1102.5,649.1,1010.0,9,1,1009.9,16,3,1009.8,2402,6,1009.7,594,9,1009.6,2579,16,1010.1,123,3,1010.2,15,2,1010.3,393,6,1010.4,694,6,1010.5,807,16
317,2025-11-26 14:57:44+05:30,1010.1,3,1002.49,8473843,379422.0,443287.0,986.2,1012.8,981.3,986.2,120519000,1084.8,887.6,1102.5,649.1,1010.0,9,1,1009.9,16,3,1009.8,2402,6,1009.7,594,9,1009.6,2579,16,1010.1,123,3,1010.2,15,2,1010.3,393,6,1010.4,694,6,1010.5,807,16
317,2025-11-26 14:57:45+05:30,1010.3,87,1002.49,8475139,379404.0,444086.0,986.2,1012.8,981.3,986.2,120519000,1084.8,887.6,1102.5,649.1,1010.0,9,1,1009.9,130,4,1009.8,2588,10,1009.7,766,11,1009.6,2529,14,1010.3,27,3,1010.4,541,5,1010.5,842,16,1010.6,617,7,1010.7,891,10
317,2025-11-26 14:57:45+05:30,1010.3,87,1002.49,8475139,379404.0,444086.0,986.2,1012.8,981.3,986.2,120519000,1084.8,887.6,1102.5,649.1,1010.0,9,1,1009.9,130,4,1009.8,2588,10,1009.7,766,11,1009.6,2529,14,1010.3,27,3,1010.4,541,5,1010.5,842,16,1010.6,617,7,1010.7,891,10
317,2025-11-26 14:57:46+05:30,1010.0,9,1002.49,8475139,379404.0,444086.0,986.2,1012.8,981.3,986.2,120519000,1084.8,887.6,1102.5,649.1,1010.0,9,1,1009.9,130,4,1009.8,2588,10,1009.7,766,11,1009.6,2529,14,1010.3,27,3,1010.4,541,5,1010.5,842,16,1010.6,617,7,1010.7,891,10
317,2025-11-26 14:57:46+05:30,1010.0,9,1002.49,8475186,379657.0,445674.0,986.2,1012.8,981.3,986.2,120519000,1084.8,887.6,1102.5,649.1,1010.0,9,1,1009.9,130,4,1009.8,2374,7,1009.7,610,9,1009.6,2512,14,1010.3,578,6,1010.4,898,8,1010.5,875,16,1010.6,617,7,1010.7,879,9
317,2025-11-26 14:57:47+05:30,1010.3,45,1002.49,8475186,379657.0,445674.0,986.2,1012.8,981.3,986.2,120519000,1084.8,887.6,1102.5,649.1,1010.0,9,1,1009.9,130,4,1009.8,2374,7,1009.7,610,9,1009.6,2512,14,1010.3,578,6,1010.4,898,8,1010.5,875,16,1010.6,617,7,1010.7,879,9
317,2025-11-26 14:57:47+05:30,1010.3,45,1002.49,8475314,381075.0,445263.0,986.2,1012.8,981.3,986.2,120519000,1084.8,887.6,1102.5,649.1,1010.1,10,2,1010.0,9,1,1009.9,130,4,1009.8,2460,8,1009.7,675,10,1010.3,383,2,1010.4,658,7,1010.5,942,16,1010.6,617,7,1010.7,879,9
317,2025-11-26 14:57:48+05:30,1010.3,10,1002.49,8475314,381075.0,445263.0,986.2,1012.8,981.3,986.2,120519000,1084.8,887.6,1102.5,649.1,1010.1,10,2,1010.0,9,1,1009.9,130,4,1009.8,2460,8,1009.7,675,10,1010.3,383,2,1010.4,658,7,1010.5,942,16,1010.6,617,7,1010.7,879,9
317,2025-11-26 14:57:48+05:30,1010.3,10,1002.49,8475452,381550.0,444967.0,986.2,1012.8,981.3,986.2,120519000,1084.8,887.6,1102.5,649.1,1010.1,17,3,1010.0,9,1,1009.9,236,5,1009.8,2586,10,1009.7,772,11,1010.3,246,3,1010.4,506,3,1010.5,886,17,1010.6,603,6,1010.7,581,8
317,2025-11-26 14:57:49+05:30,1010.3,127,1002.49,8475452,381550.0,444967.0,986.2,1012.8,981.3,986.2,120519000,1084.8,887.6,1102.5,649.1,1010.1,17,3,1010.0,9,1,1009.9,236,5,1009.8,2586,10,1009.7,772,11,1010.3,246,3,1010.4,506,3,1010.5,886,17,1010.6,603,6,1010.7,581,8
317,2025-11-26 14:57:49+05:30,1010.3,127,1002.49,8475579,381630.0,445413.0,986.2,1012.8,981.3,986.2,120519000,1084.8,887.6,1102.5,649.1,1010.1,17,3,1010.0,54,2,1009.9,788,7,1009.8,2586,10,1009.7,772,11,1010.3,119,3,1010.4,506,3,1010.5,886,17,1010.6,1176,8,1010.7,581,8
317,2025-11-26 14:57:50+05:30,1010.3,53,1002.49,8475579,381630.0,445413.0,986.2,1012.8,981.3,986.2,120519000,1084.8,887.6,1102.5,649.1,1010.1,17,3,1010.0,54,2,1009.9,788,7,1009.8,2586,10,1009.7,772,11,1010.3,119,3,1010.4,506,3,1010.5,886,17,1010.6,1176,8,1010.7,581,8
317,2025-11-26 14:57:50+05:30,1010.2,1,1002.49,8475637,381273.0,445265.0,986.2,1012.8,981.3,986.2,120519000,1084.8,887.6,1102.5,649.1,1010.1,14,2,1010.0,54,2,1009.9,130,4,1009.8,2538,9,1009.7,816,12,1010.2,316,2,1010.3,293,4,1010.4,550,4,1010.5,963,18,1010.6,603,6
317,2025-11-26 14:57:51+05:30,1010.2,1,1002.49,8475637,381273.0,445265.0,986.2,1012.8,981.3,986.2,120519000,1084.8,887.6,1102.5,649.1,1010.1,14,2,1010.0,54,2,1009.9,130,4,1009.8,2538,9,1009.7,816,12,1010.2,316,2,1010.3,293,4,1010.4,550,4,1010.5,963,18,1010.6,603,6
317,2025-11-26 14:57:52+05:30,1010.1,3,1002.49,8475647,381307.0,445291.0,986.2,1012.8,981.3,986.2,120519000,1084.8,887.6,1102.5,649.1,1010.1,13,2,1010.0,89,3,1009.9,130,4,1009.8,2538,9,1009.7,816,12,1010.2,316,2,1010.3,293,4,1010.4,550,4,1010.5,963,18,1010.6,603,6
317,2025-11-26 14:57:52+05:30,1010.1,3,1002.49,8475647,381307.0,445291.0,986.2,1012.8,981.3,986.2,120519000,1084.8,887.6,1102.5,649.1,1010.1,13,2,1010.0,89,3,1009.9,130,4,1009.8,2538,9,1009.7,816,12,1010.2,316,2,1010.3,293,4,1010.4,550,4,1010.5,963,18,1010.6,603,6
317,2025-11-26 14:57:53+05:30,1010.1,56,1002.49,8475727,381826.0,445297.0,986.2,1012.8,981.3,986.2,120519000,1084.8,887.6,1102.5,649.1,1010.1,9,1,1010.0,89,3,1009.9,130,4,1009.8,2538,9,1009.7,816,12,1010.2,344,3,1010.3,293,4,1010.4,636,4,1010.5,918,17,1010.6,647,7
317,2025-11-26 14:57:53+05:30,1010.2,9,1002.49,8475727,381826.0,445297.0,986.2,1012.8,981.3,986.2,120519000,1084.8,887.6,1102.5,649.1,1010.1,9,1,1010.0,89,3,1009.9,130,4,1009.8,2538,9,1009.7,816,12,1010.2,344,3,1010.3,293,4,1010.4,636,4,1010.5,918,17,1010.6,647,7
317,2025-11-26 14:57:54+05:30,1010.2,9,1002.49,8475759,381382.0,445367.0,986.2,1012.8,981.3,986.2,120519000,1084.8,887.6,1102.5,649.1,1010.1,13,2,1010.0,89,3,1009.9,205,5,1009.8,2538,9,1009.7,816,12,1010.2,312,3,1010.3,393,5,1010.4,680,5,1010.5,876,17,1010.6,647,7
317,2025-11-26 14:57:55+05:30,1010.2,2,1002.49,8475765,381924.0,445399.0,986.2,1012.8,981.3,986.2,120519000,1084.8,887.6,1102.5,649.1,1010.1,4,1,1010.0,80,2,1009.9,135,5,1009.8,2547,10,1009.7,816,12,1010.2,310,3,1010.3,403,6,1010.4,680,5,1010.5,900,18,1010.6,647,7
317,2025-11-26 14:57:55+05:30,1010.1,4,1002.49,8475765,381924.0,445399.0,986.2,1012.8,981.3,986.2,120519000,1084.8,887.6,1102.5,649.1,1010.1,4,1,1010.0,80,2,1009.9,135,5,1009.8,2547,10,1009.7,816,12,1010.2,310,3,1010.3,403,6,1010.4,680,5,1010.5,900,18,1010.6,647,7
317,2025-11-26 14:57:56+05:30,1010.1,2,1002.49,8475818,383247.0,446425.0,986.2,1012.8,981.3,986.2,120519000,1084.8,887.6,1102.5,649.1,1010.0,60,2,1009.9,21,4,1009.8,2450,9,1009.7,796,11,1009.6,2602,17,1010.1,354,2,1010.2,636,3,1010.3,478,7,1010.4,900,8,1010.5,798,16
317,2025-11-26 14:57:56+05:30,1010.1,2,1002.49,8475818,383247.0,446425.0,986.2,1012.8,981.3,986.2,120519000,1084.8,887.6,1102.5,649.1,1010.0,60,2,1009.9,21,4,1009.8,2450,9,1009.7,796,11,1009.6,2602,17,1010.1,354,2,1010.2,636,3,1010.3,478,7,1010.4,900,8,1010.5,798,16
317,2025-11-26 14:57:57+05:30,1010.1,2,1002.49,8475818,383286.0,446402.0,986.2,1012.8,981.3,986.2,120519000,1084.8,887.6,1102.5,649.1,1010.0,60,2,1009.9,21,4,1009.8,2320,8,1009.7,796,11,1009.6,2602,17,1010.1,390,3,1010.2,636,3,1010.3,522,8,1010.4,897,7,1010.5,867,16
317,2025-11-26 14:57:57+05:30,1010.1,260,1002.49,8475818,383286.0,446402.0,986.2,1012.8,981.3,986.2,120519000,1084.8,887.6,1102.5,649.1,1010.0,60,2,1009.9,21,4,1009.8,2320,8,1009.7,796,11,1009.6,2602,17,1010.1,390,3,1010.2,636,3,1010.3,522,8,1010.4,897,7,1010.5,867,16
317,2025-11-26 14:57:58+05:30,1010.1,38,1002.49,8476246,383515.0,445744.0,986.2,1012.8,981.3,986.2,120519000,1084.8,887.6,1102.5,649.1,1010.0,79,4,1009.9,119,6,1009.8,2492,9,1009.7,840,12,1009.6,2554,16,1010.1,44,2,1010.2,636,3,1010.3,788,9,1010.4,975,10,1010.5,867,16
317,2025-11-26 14:57:58+05:30,1010.1,1,1002.49,8476246,383515.0,445744.0,986.2,1012.8,981.3,986.2,120519000,1084.8,887.6,1102.5,649.1,1010.0,79,4,1009.9,119,6,1009.8,2492,9,1009.7,840,12,1009.6,2554,16,1010.1,44,2,1010.2,636,3,1010.3,788,9,1010.4,975,10,1010.5,867,16
317,2025-11-26 14:57:59+05:30,1010.1,3,1002.49,8476250,383047.0,445513.0,986.2,1012.8,981.3,986.2,120519000,1084.8,887.6,1102.5,649.1,1010.0,79,4,1009.9,22,5,1009.8,2536,10,1009.7,743,11,1009.6,2474,15,1010.1,40,2,1010.2,636,3,1010.3,788,9,1010.4,864,7,1010.5,867,16
317,2025-11-26 14:57:59+05:30,1010.1,3,1002.49,8476250,383047.0,445513.0,986.2,1012.8,981.3,986.2,120519000,1084.8,887.6,1102.5,649.1,1010.0,79,4,1009.9,22,5,1009.8,2536,10,1009.7,743,11,1009.6,2474,15,1010.1,40,2,1010.2,636,3,1010.3,788,9,1010.4,864,7,1010.5,867,16
317,2025-11-26 14:58:00+05:30,1009.9,1,1002.49,8476250,383047.0,445513.0,986.2,1012.8,981.3,986.2,120519000,1084.8,887.6,1102.5,649.1,1010.0,79,4,1009.9,22,5,1009.8,2536,10,1009.7,743,11,1009.6,2474,15,1010.1,40,2,1010.2,636,3,1010.3,788,9,1010.4,864,7,1010.5,867,16
317,2025-11-26 14:58:00+05:30,1009.9,1,1002.49,8476610,382782.0,445762.0,986.2,1012.8,981.3,986.2,120519000,1084.8,887.6,1102.5,649.1,1009.9,75,6,1009.8,2335,8,1009.7,699,10,1009.6,2474,15,1009.5,1540,20,1010.0,46,1,1010.1,36,1,1010.2,395,3,1010.3,788,9,1010.4,853,7
317,2025-11-26 14:58:01+05:30,1010.0,1,1002.49,8476610,382782.0,445762.0,986.2,1012.8,981.3,986.2,120519000,1084.8,887.6,1102.5,649.1,1009.9,75,6,1009.8,2335,8,1009.7,699,10,1009.6,2474,15,1009.5,1540,20,1010.0,46,1,1010.1,36,1,1010.2,395,3,1010.3,788,9,1010.4,853,7
317,2025-11-26 14:58:01+05:30,1010.0,1,1002.49,8476878,383032.0,445055.0,986.2,1012.8,981.3,986.2,120519000,1084.8,887.6,1102.5,649.1,1010.0,16,4,1009.9,75,6,1009.8,2403,8,1009.7,697,10,1009.6,2602,17,1010.1,279,3,1010.2,353,1,1010.3,713,8,1010.4,450,7,1010.5,1261,16
317,2025-11-26 14:58:02+05:30,1010.1,1,1002.49,8476878,383032.0,445055.0,986.2,1012.8,981.3,986.2,120519000,1084.8,887.6,1102.5,649.1,1010.0,16,4,1009.9,75,6,1009.8,2403,8,1009.7,697,10,1009.6,2602,17,1010.1,279,3,1010.2,353,1,1010.3,713,8,1010.4,450,7,1010.5,1261,16
317,2025-11-26 14:58:02+05:30,1010.1,4,1002.49,8476887,383418.0,444855.0,986.2,1012.8,981.3,986.2,120519000,1084.8,887.6,1102.5,649.1,1010.0,49,4,1009.9,354,10,1009.8,2725,11,1009.7,697,10,1009.6,2639,21,1010.1,271,4,1010.2,353,1,1010.3,713,8,1010.4,273,4,1010.5,480,5
317,2025-11-26 14:58:03+05:30,1010.1,4,1002.49,8476887,383418.0,444855.0,986.2,1012.8,981.3,986.2,120519000,1084.8,887.6,1102.5,649.1,1010.0,49,4,1009.9,354,10,1009.8,2725,11,1009.7,697,10,1009.6,2639,21,1010.1,271,4,1010.2,353,1,1010.3,713,8,1010.4,273,4,1010.5,480,5
317,2025-11-26 14:58:03+05:30,1010.1,4,1002.49,8477042,383907.0,444764.0,986.2,1012.8,981.3,986.2,120519000,1084.8,887.6,1102.5,649.1,1010.0,49,4,1009.9,353,9,1009.8,2725,11,1009.7,1874,12,1009.6,1462,19,1010.1,117,5,1010.2,353,1,1010.3,713,8,1010.4,116,2,1010.5,480,5
317,2025-11-26 14:58:04+05:30,1010.1,95,1002.49,8477042,383907.0,444764.0,986.2,1012.8,981.3,986.2,120519000,1084.8,887.6,1102.5,649.1,1010.0,49,4,1009.9,353,9,1009.8,2725,11,1009.7,1874,12,1009.6,1462,19,1010.1,117,5,1010.2,353,1,1010.3,713,8,1010.4,116,2,1010.5,480,5
317,2025-11-26 14:58:05+05:30,1010.1,127,1002.5,8477430,383254.0,444755.0,986.2,1012.8,981.3,986.2,120519000,1084.8,887.6,1102.5,649.1,1010.0,15,3,1009.9,224,7,1009.8,2685,10,1009.7,737,11,1009.6,2613,19,1010.1,58,4,1010.2,353,1,1010.3,713,8,1010.4,256,3,1010.5,554,7
317,2025-11-26 14:58:05+05:30,1010.2,128,1002.5,8477430,383254.0,444755.0,986.2,1012.8,981.3,986.2,120519000,1084.8,887.6,1102.5,649.1,1010.0,15,3,1009.9,224,7,1009.8,2685,10,1009.7,737,11,1009.6,2613,19,1010.1,58,4,1010.2,353,1,1010.3,713,8,1010.4,256,3,1010.5,554,7
317,2025-11-26 14:58:06+05:30,1010.2,1,1002.5,8477942,384960.0,443853.0,986.2,1012.8,981.3,986.2,120519000,1084.8,887.6,1102.5,649.1,1010.1,114,5,1010.0,440,9,1009.9,613,11,1009.8,2750,11,1009.7,1910,13,1010.2,27,1,1010.3,754,9,1010.4,8,1,1010.5,258,3,1010.6,1008,7
317,2025-11-26 14:58:06+05:30,1010.1,1,1002.5,8477942,384960.0,443853.0,986.2,1012.8,981.3,986.2,120519000,1084.8,887.6,1102.5,649.1,1010.1,114,5,1010.0,440,9,1009.9,613,11,1009.8,2750,11,1009.7,1910,13,1010.2,27,1,1010.3,754,9,1010.4,8,1,1010.5,258,3,1010.6,1008,7
317,2025-11-26 14:58:07+05:30,1010.2,1,1002.5,8477947,385103.0,443872.0,986.2,1012.8,981.3,986.2,120519000,1084.8,887.6,1102.5,649.1,1010.1,82,3,1010.0,303,6,1009.9,653,12,1009.8,2741,10,1009.7,1910,13,1010.2,32,2,1010.3,754,9,1010.4,8,1,1010.5,398,4,1010.6,1008,7
317,2025-11-26 14:58:07+05:30,1010.2,1,1002.5,8477947,385103.0,443872.0,986.2,1012.8,981.3,986.2,120519000,1084.8,887.6,1102.5,649.1,1010.1,82,3,1010.0,303,6,1009.9,653,12,1009.8,2741,10,1009.7,1910,13,1010.2,32,2,1010.3,754,9,1010.4,8,1,1010.5,398,4,1010.6,1008,7
317,2025-11-26 14:58:08+05:30,1010.2,127,1002.5,8478202,384663.0,443883.0,986.2,1012.8,981.3,986.2,120519000,1084.8,887.6,1102.5,649.1,1010.1,94,6,1010.0,99,4,1009.9,613,11,1009.8,2737,10,1009.7,1910,13,1010.2,138,2,1010.3,754,9,1010.4,8,1,1010.5,398,4,1010.6,939,6
317,2025-11-26 14:58:08+05:30,1010.1,6,1002.5,8478202,384663.0,443883.0,986.2,1012.8,981.3,986.2,120519000,1084.8,887.6,1102.5,649.1,1010.1,94,6,1010.0,99,4,1009.9,613,11,1009.8,2737,10,1009.7,1910,13,1010.2,138,2,1010.3,754,9,1010.4,8,1,1010.5,398,4,1010.6,939,6
317,2025-11-26 14:58:09+05:30,1010.2,10,1002.5,8478403,384419.0,444005.0,986.2,1012.8,981.3,986.2,120519000,1084.8,887.6,1102.5,649.1,1010.1,171,6,1010.0,225,5,1009.9,562,10,1009.8,2737,10,1009.7,1910,13,1010.2,281,2,1010.3,754,9,1010.4,8,1,1010.5,403,5,1010.6,939,6
317,2025-11-26 14:58:09+05:30,1010.2,10,1002.5,8478403,384419.0,444005.0,986.2,1012.8,981.3,986.2,120519000,1084.8,887.6,1102.5,649.1,1010.1,171,6,1010.0,225,5,1009.9,562,10,1009.8,2737,10,1009.7,1910,13,1010.2,281,2,1010.3,754,9,1010.4,8,1,1010.5,403,5,1010.6,939,6
317,2025-11-26 14:58:10+05:30,1010.2,10,1002.5,8478403,385044.0,444017.0,986.2,1012.8,981.3,986.2,120519000,1084.8,887.6,1102.5,649.1,1010.1,171,6,1010.0,279,6,1009.9,562,10,1009.8,2737,10,1009.7,1910,13,1010.2,281,2,1010.3,754,9,1010.4,8,1,1010.5,403,5,1010.6,939,6
317,2025-11-26 14:58:10+05:30,1010.1,42,1002.5,8478403,385044.0,444017.0,986.2,1012.8,981.3,986.2,120519000,1084.8,887.6,1102.5,649.1,1010.1,171,6,1010.0,279,6,1009.9,562,10,1009.8,2737,10,1009.7,1910,13,1010.2,281,2,1010.3,754,9,1010.4,8,1,1010.5,403,5,1010.6,939,6
317,2025-11-26 14:58:11+05:30,1010.2,2,1002.5,8478838,385000.0,444242.0,986.2,1012.8,981.3,986.2,120519000,1084.8,887.6,1102.5,649.1,1010.1,33,2,1010.0,5,2,1009.9,1740,12,1009.8,2801,13,1009.7,733,11,1010.2,277,2,1010.3,754,9,1010.4,8,1,1010.5,403,5,1010.6,1046,8
317,2025-11-26 14:58:11+05:30,1010.1,1,1002.5,8478838,385000.0,444242.0,986.2,1012.8,981.3,986.2,120519000,1084.8,887.6,1102.5,649.1,1010.1,33,2,1010.0,5,2,1009.9,1740,12,1009.8,2801,13,1009.7,733,11,1010.2,277,2,1010.3,754,9,1010.4,8,1,1010.5,403,5,1010.6,1046,8
317,2025-11-26 14:58:12+05:30,1010.1,18,1002.5,8478978,385776.0,444860.0,986.2,1012.8,981.3,986.2,120519000,1084.8,887.6,1102.5,649.1,1010.1,654,6,1010.0,518,9,1009.9,1807,13,1009.8,2708,11,1009.7,697,10,1010.2,346,3,1010.3,713,8,1010.4,8,1,1010.5,403,5,1010.6,524,5
317,2025-11-26 14:58:12+05:30,1010.2,127,1002.5,8478978,385776.0,444860.0,986.2,1012.8,981.3,986.2,120519000,1084.8,887.6,1102.5,649.1,1010.1,654,6,1010.0,518,9,1009.9,1807,13,1009.8,2708,11,1009.7,697,10,1010.2,346,3,1010.3,713,8,1010.4,8,1,1010.5,403,5,1010.6,524,5
317,2025-11-26 14:58:13+05:30,1010.2,3,1002.5,8479137,385561.0,445008.0,986.2,1012.8,981.3,986.2,120519000,1084.8,887.6,1102.5,649.1,1010.1,514,3,1010.0,351,7,1009.9,1847,14,1009.8,2708,11,1009.7,729,11,1010.2,484,4,1010.3,713,8,1010.4,8,1,1010.5,403,5,1010.6,484,5
317,2025-11-26 14:58:13+05:30,1010.2,2,1002.5,8479137,385561.0,445008.0,986.2,1012.8,981.3,986.2,120519000,1084.8,887.6,1102.5,649.1,1010.1,514,3,1010.0,351,7,1009.9,1847,14,1009.8,2708,11,1009.7,729,11,1010.2,484,4,1010.3,713,8,1010.4,8,1,1010.5,403,5,1010.6,484,5
317,2025-11-26 14:58:14+05:30,1010.2,125,1002.5,8479378,385556.0,445101.0,986.2,1012.8,981.3,986.2,120519000,1084.8,887.6,1102.5,649.1,1010.1,513,5,1010.0,161,6,1009.9,1847,14,1009.8,2708,11,1009.7,729,11,1010.2,546,5,1010.3,713,8,1010.4,8,1,1010.5,403,5,1010.6,523,5
317,2025-11-26 14:58:14+05:30,1010.2,2,1002.5,8479378,385556.0,445101.0,986.2,1012.8,981.3,986.2,120519000,1084.8,887.6,1102.5,649.1,1010.1,513,5,1010.0,161,6,1009.9,1847,14,1009.8,2708,11,1009.7,729,11,1010.2,546,5,1010.3,713,8,1010.4,8,1,1010.5,403,5,1010.6,523,5
317,2025-11-26 14:58:15+05:30,1010.2,2,1002.5,8479382,385467.0,445084.0,986.2,1012.8,981.3,986.2,120519000,1084.8,887.6,1102.5,649.1,1010.1,513,5,1010.0,161,6,1009.9,1847,14,1009.8,2708,11,1009.7,729,11,1010.2,542,5,1010.3,713,8,1010.4,8,1,1010.5,403,5,1010.6,548,6
317,2025-11-26 14:58:15+05:30,1010.2,2,1002.5,8479382,385467.0,445084.0,986.2,1012.8,981.3,986.2,120519000,1084.8,887.6,1102.5,649.1,1010.1,513,5,1010.0,161,6,1009.9,1847,14,1009.8,2708,11,1009.7,729,11,1010.2,542,5,1010.3,713,8,1010.4,8,1,1010.5,403,5,1010.6,548,6
317,2025-11-26 14:58:16+05:30,1010.1,1,1002.5,8479685,385554.0,444788.0,986.2,1012.8,981.3,986.2,120519000,1084.8,887.6,1102.5,649.1,1010.1,512,5,1010.0,161,6,1009.9,1847,14,1009.8,2708,11,1009.7,729,11,1010.2,242,5,1010.3,713,8,1010.4,8,1,1010.5,403,5,1010.6,523,5
317,2025-11-26 14:58:16+05:30,1010.2,29,1002.5,8479685,385554.0,444788.0,986.2,1012.8,981.3,986.2,120519000,1084.8,887.6,1102.5,649.1,1010.1,512,5,1010.0,161,6,1009.9,1847,14,1009.8,2708,11,1009.7,729,11,1010.2,242,5,1010.3,713,8,1010.4,8,1,1010.5,403,5,1010.6,523,5
317,2025-11-26 14:58:17+05:30,1010.1,2,1002.5,8479736,385744.0,444671.0,986.2,1012.8,981.3,986.2,120519000,1084.8,887.6,1102.5,649.1,1010.1,631,8,1010.0,392,8,1009.9,1847,14,1009.8,2733,12,1009.7,697,10,1010.2,220,6,1010.3,713,8,1010.4,8,1,1010.5,263,4,1010.6,457,4
317,2025-11-26 14:58:17+05:30,1010.1,2,1002.5,8479736,385744.0,444671.0,986.2,1012.8,981.3,986.2,120519000,1084.8,887.6,1102.5,649.1,1010.1,631,8,1010.0,392,8,1009.9,1847,14,1009.8,2733,12,1009.7,697,10,1010.2,220,6,1010.3,713,8,1010.4,8,1,1010.5,263,4,1010.6,457,4
317,2025-11-26 14:58:18+05:30,1010.2,52,1002.5,8480067,385389.0,444662.0,986.2,1012.8,981.3,986.2,120519000,1084.8,887.6,1102.5,649.1,1010.1,424,5,1010.0,225,6,1009.9,1887,15,1009.8,2733,12,1009.7,697,10,1010.2,184,3,1010.3,713,8,1010.4,8,1,1010.5,263,4,1010.6,546,7
317,2025-11-26 14:58:18+05:30,1010.2,52,1002.5,8480067,385389.0,444662.0,986.2,1012.8,981.3,986.2,120519000,1084.8,887.6,1102.5,649.1,1010.1,424,5,1010.0,225,6,1009.9,1887,15,1009.8,2733,12,1009.7,697,10,1010.2,184,3,1010.3,713,8,1010.4,8,1,1010.5,263,4,1010.6,546,7
317,2025-11-26 14:58:19+05:30,1010.2,52,1002.5,8480067,385411.0,444742.0,986.2,1012.8,981.3,986.2,120519000,1084.8,887.6,1102.5,649.1,1010.1,424,5,1010.0,174,5,1009.9,1916,16,1009.8,2750,12,1009.7,697,10,1010.2,194,4,1010.3,713,8,1010.4,8,1,1010.5,403,5,1010.6,647,9
317,2025-11-26 14:58:20+05:30,1010.1,333,1002.5,8480067,385411.0,444742.0,986.2,1012.8,981.3,986.2,120519000,1084.8,887.6,1102.5,649.1,1010.1,424,5,1010.0,174,5,1009.9,1916,16,1009.8,2750,12,1009.7,697,10,1010.2,194,4,1010.3,713,8,1010.4,8,1,1010.5,403,5,1010.6,647,9
317,2025-11-26 14:58:20+05:30,1010.1,333,1002.5,8480454,384843.0,444681.0,986.2,1012.8,981.3,986.2,120519000,1084.8,887.6,1102.5,649.1,1010.1,91,5,1010.0,121,5,1009.9,1915,16,1009.8,2750,12,1009.7,697,10,1010.2,140,4,1010.3,713,8,1010.4,8,1,1010.5,403,5,1010.6,696,13
317,2025-11-26 14:58:21+05:30,1010.1,1,1002.5,8480454,384843.0,444681.0,986.2,1012.8,981.3,986.2,120519000,1084.8,887.6,1102.5,649.1,1010.1,91,5,1010.0,121,5,1009.9,1915,16,1009.8,2750,12,1009.7,697,10,1010.2,140,4,1010.3,713,8,1010.4,8,1,1010.5,403,5,1010.6,696,13
317,2025-11-26 14:58:21+05:30,1010.2,25,1002.5,8480481,384988.0,445026.0,986.2,1012.8,981.3,986.2,120519000,1084.8,887.6,1102.5,649.1,1010.1,86,4,1010.0,121,5,1009.9,1875,15,1009.8,2792,14,1009.7,697,10,1010.2,416,5,1010.3,766,9,1010.4,8,1,1010.5,442,6,1010.6,696,13
317,2025-11-26 14:58:22+05:30,1010.1,13,1002.5,8480481,384988.0,445026.0,986.2,1012.8,981.3,986.2,120519000,1084.8,887.6,1102.5,649.1,1010.1,86,4,1010.0,121,5,1009.9,1875,15,1009.8,2792,14,1009.7,697,10,1010.2,416,5,1010.3,766,9,1010.4,8,1,1010.5,442,6,1010.6,696,13
317,2025-11-26 14:58:22+05:30,1010.2,4,1002.5,8480590,384032.0,445099.0,986.2,1012.8,981.3,986.2,120519000,1084.8,887.6,1102.5,649.1,1010.1,553,4,1010.0,246,6,1009.9,1810,14,1009.8,2753,13,1009.7,697,10,1010.2,406,5,1010.3,766,9,1010.4,8,1,1010.5,403,5,1010.6,735,14
317,2025-11-26 14:58:23+05:30,1010.2,49,1002.5,8480590,384032.0,445099.0,986.2,1012.8,981.3,986.2,120519000,1084.8,887.6,1102.5,649.1,1010.1,553,4,1010.0,246,6,1009.9,1810,14,1009.8,2753,13,1009.7,697,10,1010.2,406,5,1010.3,766,9,1010.4,8,1,1010.5,403,5,1010.6,735,14
317,2025-11-26 14:58:23+05:30,1010.2,100,1002.5,8480794,383892.0,444836.0,986.2,1012.8,981.3,986.2,120519000,1084.8,887.6,1102.5,649.1,1010.1,578,6,1010.0,290,8,1009.9,1810,14,1009.8,2750,12,1009.7,697,10,1010.2,217,4,1010.3,766,9,1010.4,8,1,1010.5,263,4,1010.6,672,13
317,2025-11-26 14:58:24+05:30,1010.2,7,1002.5,8480794,383892.0,444836.0,986.2,1012.8,981.3,986.2,120519000,1084.8,887.6,1102.5,649.1,1010.1,578,6,1010.0,290,8,1009.9,1810,14,1009.8,2750,12,1009.7,697,10,1010.2,217,4,1010.3,766,9,1010.4,8,1,1010.5,263,4,1010.6,672,13
317,2025-11-26 14:58:25+05:30,1010.2,128,1002.5,8481147,384216.0,444798.0,986.2,1012.8,981.3,986.2,120519000,1084.8,887.6,1102.5,649.1,1010.1,753,7,1010.0,262,8,1009.9,1875,15,1009.8,2750,12,1009.7,697,10,1010.2,179,3,1010.3,766,9,1010.4,8,1,1010.5,263,4,1010.6,633,12
317,2025-11-26 14:58:25+05:30,1010.2,16,1002.5,8481147,384216.0,444798.0,986.2,1012.8,981.3,986.2,120519000,1084.8,887.6,1102.5,649.1,1010.1,753,7,1010.0,262,8,1009.9,1875,15,1009.8,2750,12,1009.7,697,10,1010.2,179,3,1010.3,766,9,1010.4,8,1,1010.5,263,4,1010.6,633,12
317,2025-11-26 14:58:26+05:30,1010.1,1,1002.5,8482118,384091.0,444149.0,986.2,1012.8,981.3,986.2,120519000,1084.8,887.6,1102.5,649.1,1010.1,720,6,1010.0,371,9,1009.9,1945,17,1009.8,2760,13,1009.7,775,9,1010.3,1048,8,1010.4,8,1,1010.5,2,1,1010.6,355,9,1010.7,989,7
317,2025-11-26 14:58:26+05:30,1010.3,128,1002.5,8482118,384091.0,444149.0,986.2,1012.8,981.3,986.2,120519000,1084.8,887.6,1102.5,649.1,1010.1,720,6,1010.0,371,9,1009.9,1945,17,1009.8,2760,13,1009.7,775,9,1010.3,1048,8,1010.4,8,1,1010.5,2,1,1010.6,355,9,1010.7,989,7
317,2025-11-26 14:58:27+05:30,1010.3,11,1002.5,8483371,385513.0,441650.0,986.2,1012.8,981.3,986.2,120519000,1084.8,887.6,1102.5,649.1,1010.2,149,3,1010.1,1211,14,1010.0,573,12,1009.9,1896,14,1009.8,2850,13,1010.3,19,4,1010.4,328,2,1010.5,2,1,1010.6,105,7,1010.7,635,3
317,2025-11-26 14:58:27+05:30,1010.3,11,1002.5,8483371,385513.0,441650.0,986.2,1012.8,981.3,986.2,120519000,1084.8,887.6,1102.5,649.1,1010.2,149,3,1010.1,1211,14,1010.0,573,12,1009.9,1896,14,1009.8,2850,13,1010.3,19,4,1010.4,328,2,1010.5,2,1,1010.6,105,7,1010.7,635,3
317,2025-11-26 14:58:28+05:30,1010.4,180,1002.5,8483824,384642.0,441096.0,986.2,1012.8,981.3,986.2,120519000,1084.8,887.6,1102.5,649.1,1010.2,50,3,1010.1,877,12,1010.0,563,11,1009.9,1919,13,1009.8,2720,13,1010.4,140,1,1010.5,10,2,1010.6,105,7,1010.7,985,6,1010.8,613,8
317,2025-11-26 14:58:28+05:30,1010.4,128,1002.5,8483824,384642.0,441096.0,986.2,1012.8,981.3,986.2,120519000,1084.8,887.6,1102.5,649.1,1010.2,50,3,1010.1,877,12,1010.0,563,11,1009.9,1919,13,1009.8,2720,13,1010.4,140,1,1010.5,10,2,1010.6,105,7,1010.7,985,6,1010.8,613,8
317,2025-11-26 14:58:29+05:30,1010.4,99,1002.5,8484185,384693.0,441276.0,986.2,1012.8,981.3,986.2,120519000,1084.8,887.6,1102.5,649.1,1010.2,107,5,1010.1,857,11,1010.0,592,10,1009.9,1926,13,1009.8,2720,13,1010.4,89,1,1010.5,337,4,1010.6,105,7,1010.7,793,4,1010.8,652,9
317,2025-11-26 14:58:29+05:30,1010.5,4,1002.5,8484185,384693.0,441276.0,986.2,1012.8,981.3,986.2,120519000,1084.8,887.6,1102.5,649.1,1010.2,107,5,1010.1,857,11,1010.0,592,10,1009.9,1926,13,1009.8,2720,13,1010.4,89,1,1010.5,337,4,1010.6,105,7,1010.7,793,4,1010.8,652,9
317,2025-11-26 14:58:30+05:30,1010.5,29,1002.5,8484495,385055.0,441418.0,986.2,1012.8,981.3,986.2,120519000,1084.8,887.6,1102.5,649.1,1010.2,213,6,1010.1,1059,14,1010.0,1195,13,1009.9,1926,13,1009.8,2720,13,1010.5,156,3,1010.7,727,5,1010.8,578,13,1010.9,638,7,1011.0,1597,18
317,2025-11-26 14:58:30+05:30,1010.3,86,1002.5,8484495,385055.0,441418.0,986.2,1012.8,981.3,986.2,120519000,1084.8,887.6,1102.5,649.1,1010.2,213,6,1010.1,1059,14,1010.0,1195,13,1009.9,1926,13,1009.8,2720,13,1010.5,156,3,1010.7,727,5,1010.8,578,13,1010.9,638,7,1011.0,1597,18
317,2025-11-26 14:58:31+05:30,1010.2,1,1002.5,8485195,384466.0,442915.0,986.2,1012.8,981.3,986.2,120519000,1084.8,887.6,1102.5,649.1,1010.2,71,5,1010.1,852,10,1010.0,617,11,1009.9,1858,12,1009.8,2861,14,1010.3,86,1,1010.5,161,4,1010.6,697,3,1010.7,881,4,1010.8,719,16
317,2025-11-26 14:58:31+05:30,1010.5,80,1002.5,8485195,384466.0,442915.0,986.2,1012.8,981.3,986.2,120519000,1084.8,887.6,1102.5,649.1,1010.2,71,5,1010.1,852,10,1010.0,617,11,1009.9,1858,12,1009.8,2861,14,1010.3,86,1,1010.5,161,4,1010.6,697,3,1010.7,881,4,1010.8,719,16
317,2025-11-26 14:58:32+05:30,1010.6,128,1002.5,8486334,383791.0,441663.0,986.2,1012.8,981.3,986.2,120519000,1084.8,887.6,1102.5,649.1,1010.2,26,4,1010.1,794,8,1010.0,933,9,1009.9,1956,16,1009.8,2865,13,1010.6,370,4,1010.7,952,7,1010.8,646,14,1010.9,873,7,1011.0,1299,17
317,2025-11-26 14:58:32+05:30,1010.6,128,1002.5,8486334,383791.0,441663.0,986.2,1012.8,981.3,986.2,120519000,1084.8,887.6,1102.5,649.1,1010.2,26,4,1010.1,794,8,1010.0,933,9,1009.9,1956,16,1009.8,2865,13,1010.6,370,4,1010.7,952,7,1010.8,646,14,1010.9,873,7,1011.0,1299,17
317,2025-11-26 14:58:33+05:30,1010.6,127,1002.5,8487132,384133.0,442480.0,986.2,1012.8,981.3,986.2,120519000,1084.8,887.6,1102.5,649.1,1010.2,26,4,1010.1,654,7,1010.0,396,8,1009.9,1314,12,1009.8,2959,17,1010.6,598,10,1010.7,1550,9,1010.8,656,12,1010.9,945,9,1011.0,1988,22
317,2025-11-26 14:58:33+05:30,1010.6,127,1002.5,8487132,384133.0,442480.0,986.2,1012.8,981.3,986.2,120519000,1084.8,887.6,1102.5,649.1,1010.2,26,4,1010.1,654,7,1010.0,396,8,1009.9,1314,12,1009.8,2959,17,1010.6,598,10,1010.7,1550,9,1010.8,656,12,1010.9,945,9,1011.0,1988,22
317,2025-11-26 14:58:34+05:30,1010.4,45,1002.5,8487306,381363.0,443269.0,986.2,1012.8,981.3,986.2,120519000,1084.8,887.6,1102.5,649.1,1010.4,83,1,1010.2,26,4,1010.1,653,7,1010.0,229,5,1009.9,597,9,1010.5,417,5,1010.6,937,14,1010.7,1063,14,1010.8,848,11,1010.9,1007,9
317,2025-11-26 14:58:34+05:30,1010.4,127,1002.5,8487306,381363.0,443269.0,986.2,1012.8,981.3,986.2,120519000,1084.8,887.6,1102.5,649.1,1010.4,83,1,1010.2,26,4,1010.1,653,7,1010.0,229,5,1009.9,597,9,1010.5,417,5,1010.6,937,14,1010.7,1063,14,1010.8,848,11,1010.9,1007,9
317,2025-11-26 14:58:35+05:30,1010.6,65,1002.51,8488293,385365.0,441841.0,986.2,1012.8,981.3,986.2,120519000,1084.8,887.6,1102.5,649.1,1010.4,1,1,1010.2,16,4,1010.1,790,8,1010.0,464,6,1009.9,1154,10,1010.6,690,10,1010.7,865,11,1010.8,717,15,1010.9,945,9,1011.0,2049,18
317,2025-11-26 14:58:35+05:30,1010.6,65,1002.51,8488293,385365.0,441841.0,986.2,1012.8,981.3,986.2,120519000,1084.8,887.6,1102.5,649.1,1010.4,1,1,1010.2,16,4,1010.1,790,8,1010.0,464,6,1009.9,1154,10,1010.6,690,10,1010.7,865,11,1010.8,717,15,1010.9,945,9,1011.0,2049,18
317,2025-11-26 14:58:36+05:30,1010.6,5,1002.51,8488697,385794.0,441919.0,986.2,1012.8,981.3,986.2,120519000,1084.8,887.6,1102.5,649.1,1010.2,16,4,1010.1,898,9,1010.0,572,7,1009.9,1276,15,1009.8,2653,8,1010.6,691,11,1010.7,964,11,1010.8,709,15,1010.9,1695,10,1011.0,1299,17
317,2025-11-26 14:58:36+05:30,1010.6,5,1002.51,8488697,385794.0,441919.0,986.2,1012.8,981.3,986.2,120519000,1084.8,887.6,1102.5,649.1,1010.2,16,4,1010.1,898,9,1010.0,572,7,1009.9,1276,15,1009.8,2653,8,1010.6,691,11,1010.7,964,11,1010.8,709,15,1010.9,1695,10,1011.0,1299,17
317,2025-11-26 14:58:37+05:30,1010.6,5,1002.51,8488697,386302.0,442283.0,986.2,1012.8,981.3,986.2,120519000,1084.8,887.6,1102.5,649.1,1010.4,30,1,1010.2,48,5,1010.1,939,10,1010.0,464,6,1009.9,780,16,1010.6,876,14,1010.7,905,11,1010.8,740,16,1010.9,1695,10,1011.0,1299,17
317,2025-11-26 14:58:38+05:30,1010.6,70,1002.51,8488697,386302.0,442283.0,986.2,1012.8,981.3,986.2,120519000,1084.8,887.6,1102.5,649.1,1010.4,30,1,1010.2,48,5,1010.1,939,10,1010.0,464,6,1009.9,780,16,1010.6,876,14,1010.7,905,11,1010.8,740,16,1010.9,1695,10,1011.0,1299,17
317,2025-11-26 14:58:38+05:30,1010.6,70,1002.51,8488895,386315.0,442418.0,986.2,1012.8,981.3,986.2,120519000,1084.8,887.6,1102.5,649.1,1010.4,30,1,1010.3,5,2,1010.2,56,7,1010.1,931,8,1010.0,459,4,1010.6,689,11,1010.7,905,11,1010.8,740,16,1010.9,1703,12,1011.0,1319,19
317,2025-11-26 14:58:39+05:30,1010.6,1,1002.51,8488895,386315.0,442418.0,986.2,1012.8,981.3,986.2,120519000,1084.8,887.6,1102.5,649.1,1010.4,30,1,1010.3,5,2,1010.2,56,7,1010.1,931,8,1010.0,459,4,1010.6,689,11,1010.7,905,11,1010.8,740,16,1010.9,1703,12,1011.0,1319,19
317,2025-11-26 14:58:39+05:30,1010.6,129,1002.51,8489044,386286.0,442708.0,986.2,1012.8,981.3,986.2,120519000,1084.8,887.6,1102.5,649.1,1010.5,1,1,1010.4,56,2,1010.3,5,2,1010.2,29,5,1010.1,931,8,1010.6,659,11,1010.7,924,10,1010.8,735,17,1010.9,1726,13,1011.0,2069,20
317,2025-11-26 14:58:40+05:30,1010.5,7,1002.51,8489044,386286.0,442708.0,986.2,1012.8,981.3,986.2,120519000,1084.8,887.6,1102.5,649.1,1010.5,1,1,1010.4,56,2,1010.3,5,2,1010.2,29,5,1010.1,931,8,1010.6,659,11,1010.7,924,10,1010.8,735,17,1010.9,1726,13,1011.0,2069,20
317,2025-11-26 14:58:40+05:30,1010.5,2,1002.51,8489054,386286.0,442170.0,986.2,1012.8,981.3,986.2,120519000,1084.8,887.6,1102.5,649.1,1010.4,56,2,1010.3,5,2,1010.2,29,5,1010.1,931,8,1010.0,686,9,1010.5,86,1,1010.6,673,10,1010.7,925,9,1010.8,650,12,1010.9,1024,15
317,2025-11-26 14:58:41+05:30,1010.4,1,1002.51,8489054,386286.0,442170.0,986.2,1012.8,981.3,986.2,120519000,1084.8,887.6,1102.5,649.1,1010.4,56,2,1010.3,5,2,1010.2,29,5,1010.1,931,8,1010.0,686,9,1010.5,86,1,1010.6,673,10,1010.7,925,9,1010.8,650,12,1010.9,1024,15
317,2025-11-26 14:58:41+05:30,1010.4,1,1002.51,8489055,386303.0,442222.0,986.2,1012.8,981.3,986.2,120519000,1084.8,887.6,1102.5,649.1,1010.4,61,4,1010.3,5,2,1010.2,29,5,1010.1,971,9,1010.0,686,9,1010.5,86,1,1010.6,755,11,1010.7,970,10,1010.8,667,12,1010.9,1774,16
317,2025-11-26 14:58:42+05:30,1010.5,49,1002.51,8489055,386303.0,442222.0,986.2,1012.8,981.3,986.2,120519000,1084.8,887.6,1102.5,649.1,1010.4,61,4,1010.3,5,2,1010.2,29,5,1010.1,971,9,1010.0,686,9,1010.5,86,1,1010.6,755,11,1010.7,970,10,1010.8,667,12,1010.9,1774,16
317,2025-11-26 14:58:43+05:30,1010.5,5,1002.51,8489113,386246.0,442552.0,986.2,1012.8,981.3,986.2,120519000,1084.8,887.6,1102.5,649.1,1010.4,55,2,1010.3,5,2,1010.2,29,5,1010.1,873,11,1010.0,686,9,1010.5,96,2,1010.6,794,12,1010.7,986,10,1010.8,667,12,1010.9,1774,16
317,2025-11-26 14:58:43+05:30,1010.4,23,1002.51,8489113,386246.0,442552.0,986.2,1012.8,981.3,986.2,120519000,1084.8,887.6,1102.5,649.1,1010.4,55,2,1010.3,5,2,1010.2,29,5,1010.1,873,11,1010.0,686,9,1010.5,96,2,1010.6,794,12,1010.7,986,10,1010.8,667,12,1010.9,1774,16
317,2025-11-26 14:58:44+05:30,1010.5,45,1002.51,8489427,386215.0,442660.0,986.2,1012.8,981.3,986.2,120519000,1084.8,887.6,1102.5,649.1,1010.4,7,1,1010.3,5,2,1010.2,29,5,1010.1,873,11,1010.0,686,9,1010.5,118,2,1010.6,963,13,1010.7,1031,11,1010.8,667,12,1010.9,1774,16
317,2025-11-26 14:58:44+05:30,1010.5,3,1002.51,8489427,386215.0,442660.0,986.2,1012.8,981.3,986.2,120519000,1084.8,887.6,1102.5,649.1,1010.4,7,1,1010.3,5,2,1010.2,29,5,1010.1,873,11,1010.0,686,9,1010.5,118,2,1010.6,963,13,1010.7,1031,11,1010.8,667,12,1010.9,1774,16
317,2025-11-26 14:58:45+05:30,1010.5,2,1002.51,8489433,385972.0,442773.0,986.2,1012.8,981.3,986.2,120519000,1084.8,887.6,1102.5,649.1,1010.4,13,3,1010.3,5,2,1010.2,29,5,1010.1,867,9,1010.0,686,9,1010.5,315,3,1010.6,926,13,1010.7,986,10,1010.8,667,12,1010.9,1774,16
317,2025-11-26 14:58:45+05:30,1010.4,8,1002.51,8489433,385972.0,442773.0,986.2,1012.8,981.3,986.2,120519000,1084.8,887.6,1102.5,649.1,1010.4,13,3,1010.3,5,2,1010.2,29,5,1010.1,867,9,1010.0,686,9,1010.5,315,3,1010.6,926,13,1010.7,986,10,1010.8,667,12,1010.9,1774,16
317,2025-11-26 14:58:46+05:30,1010.4,1,1002.51,8489693,385573.0,445012.0,986.2,1012.8,981.3,986.2,120519000,1084.8,887.6,1102.5,649.1,1010.3,4,2,1010.2,29,5,1010.1,731,9,1010.0,760,11,1009.9,711,12,1010.4,46,2,1010.5,832,4,1010.6,987,15,1010.7,940,9,1010.8,889,14
317,2025-11-26 14:58:46+05:30,1010.4,1,1002.51,8489693,385573.0,445012.0,986.2,1012.8,981.3,986.2,120519000,1084.8,887.6,1102.5,649.1,1010.3,4,2,1010.2,29,5,1010.1,731,9,1010.0,760,11,1009.9,711,12,1010.4,46,2,1010.5,832,4,1010.6,987,15,1010.7,940,9,1010.8,889,14
317,2025-11-26 14:58:47+05:30,1010.4,1,1002.51,8489693,385499.0,444539.0,986.2,1012.8,981.3,986.2,120519000,1084.8,887.6,1102.5,649.1,1010.3,4,2,1010.2,29,5,1010.1,731,9,1010.0,760,11,1009.9,711,12,1010.4,46,2,1010.5,320,3,1010.6,987,15,1010.7,946,10,1010.8,889,14
317,2025-11-26 14:58:48+05:30,1010.4,2,1002.51,8489796,385599.0,444486.0,986.2,1012.8,981.3,986.2,120519000,1084.8,887.6,1102.5,649.1,1010.3,4,2,1010.2,30,6,1010.1,776,10,1010.0,686,9,1009.9,711,12,1010.4,39,2,1010.5,261,2,1010.6,868,14,1010.7,991,11,1010.8,844,13
317,2025-11-26 14:58:48+05:30,1010.4,2,1002.51,8489796,385599.0,444486.0,986.2,1012.8,981.3,986.2,120519000,1084.8,887.6,1102.5,649.1,1010.3,4,2,1010.2,30,6,1010.1,776,10,1010.0,686,9,1009.9,711,12,1010.4,39,2,1010.5,261,2,1010.6,868,14,1010.7,991,11,1010.8,844,13
317,2025-11-26 14:58:49+05:30,1010.4,2,1002.51,8489796,385538.0,445081.0,986.2,1012.8,981.3,986.2,120519000,1084.8,887.6,1102.5,649.1,1010.3,4,2,1010.2,30,6,1010.1,776,10,1010.0,686,9,1009.9,711,12,1010.4,39,2,1010.5,867,4,1010.6,945,15,1010.7,1019,12,1010.8,1142,14
317,2025-11-26 14:58:50+05:30,1010.3,2,1002.51,8489796,385538.0,445081.0,986.2,1012.8,981.3,986.2,120519000,1084.8,887.6,1102.5,649.1,1010.3,4,2,1010.2,30,6,1010.1,776,10,1010.0,686,9,1009.9,711,12,1010.4,39,2,1010.5,867,4,1010.6,945,15,1010.7,1019,12,1010.8,1142,14
317,2025-11-26 14:58:50+05:30,1010.3,2,1002.51,8489947,385243.0,445245.0,986.2,1012.8,981.3,986.2,120519000,1084.8,887.6,1102.5,649.1,1010.2,30,6,1010.1,709,9,1010.0,553,7,1009.9,760,14,1009.8,2653,8,1010.3,45,2,1010.4,46,2,1010.5,810,4,1010.6,1790,15,1010.7,944,10
317,2025-11-26 14:58:51+05:30,1010.3,1,1002.51,8489947,385243.0,445245.0,986.2,1012.8,981.3,986.2,120519000,1084.8,887.6,1102.5,649.1,1010.2,30,6,1010.1,709,9,1010.0,553,7,1009.9,760,14,1009.8,2653,8,1010.3,45,2,1010.4,46,2,1010.5,810,4,1010.6,1790,15,1010.7,944,10
317,2025-11-26 14:58:51+05:30,1010.3,1,1002.51,8490345,385783.0,444650.0,986.2,1012.8,981.3,986.2,120519000,1084.8,887.6,1102.5,649.1,1010.3,7,1,1010.2,30,6,1010.1,709,9,1010.0,791,10,1009.9,798,15,1010.4,46,2,1010.5,755,3,1010.6,1793,15,1010.7,534,9,1010.8,945,13
317,2025-11-26 14:58:52+05:30,1010.4,1,1002.51,8490345,385783.0,444650.0,986.2,1012.8,981.3,986.2,120519000,1084.8,887.6,1102.5,649.1,1010.3,7,1,1010.2,30,6,1010.1,709,9,1010.0,791,10,1009.9,798,15,1010.4,46,2,1010.5,755,3,1010.6,1793,15,1010.7,534,9,1010.8,945,13
317,2025-11-26 14:58:52+05:30,1010.4,5,1002.51,8490356,385787.0,445090.0,986.2,1012.8,981.3,986.2,120519000,1084.8,887.6,1102.5,649.1,1010.3,7,1,1010.2,30,6,1010.1,664,8,1010.0,836,11,1009.9,828,16,1010.4,260,4,1010.5,760,4,1010.6,1793,15,1010.7,564,10,1010.8,641,12
317,2025-11-26 14:58:53+05:30,1010.4,4,1002.51,8490356,385787.0,445090.0,986.2,1012.8,981.3,986.2,120519000,1084.8,887.6,1102.5,649.1,1010.3,7,1,1010.2,30,6,1010.1,664,8,1010.0,836,11,1009.9,828,16,1010.4,260,4,1010.5,760,4,1010.6,1793,15,1010.7,564,10,1010.8,641,12
317,2025-11-26 14:58:53+05:30,1010.4,4,1002.51,8490383,385732.0,445065.0,986.2,1012.8,981.3,986.2,120519000,1084.8,887.6,1102.5,649.1,1010.2,29,5,1010.1,671,9,1010.0,731,10,1009.9,828,16,1009.8,2653,8,1010.4,233,4,1010.5,760,4,1010.6,1793,15,1010.7,534,9,1010.8,939,13
317,2025-11-26 14:58:54+05:30,1010.4,4,1002.51,8490383,385142.0,445097.0,986.2,1012.8,981.3,986.2,120519000,1084.8,887.6,1102.5,649.1,1010.2,54,6,1010.1,555,7,1010.0,530,8,1009.9,828,16,1009.8,2653,8,1010.4,233,4,1010.5,715,4,1010.6,1870,16,1010.7,534,9,1010.8,939,13
317,2025-11-26 14:58:55+05:30,1010.4,12,1002.51,8490383,385142.0,445097.0,986.2,1012.8,981.3,986.2,120519000,1084.8,887.6,1102.5,649.1,1010.2,54,6,1010.1,555,7,1010.0,530,8,1009.9,828,16,1009.8,2653,8,1010.4,233,4,1010.5,715,4,1010.6,1870,16,1010.7,534,9,1010.8,939,13
317,2025-11-26 14:58:56+05:30,1010.4,3,1002.51,8490426,385196.0,445402.0,986.2,1012.8,981.3,986.2,120519000,1084.8,887.6,1102.5,649.1,1010.2,74,6,1010.1,555,7,1010.0,530,8,1009.9,792,15,1009.8,2680,9,1010.4,245,4,1010.5,1048,6,1010.6,1870,16,1010.7,534,9,1010.8,939,13
317,2025-11-26 14:58:56+05:30,1010.2,2,1002.51,8490426,385196.0,445402.0,986.2,1012.8,981.3,986.2,120519000,1084.8,887.6,1102.5,649.1,1010.2,74,6,1010.1,555,7,1010.0,530,8,1009.9,792,15,1009.8,2680,9,1010.4,245,4,1010.5,1048,6,1010.6,1870,16,1010.7,534,9,1010.8,939,13
317,2025-11-26 14:58:57+05:30,1010.2,14,1002.51,8490459,385430.0,445554.0,986.2,1012.8,981.3,986.2,120519000,1084.8,887.6,1102.5,649.1,1010.2,48,4,1010.1,555,7,1010.0,530,8,1009.9,747,14,1009.8,2725,10,1010.4,244,3,1010.5,1103,7,1010.6,1943,17,1010.7,534,9,1010.8,939,13
317,2025-11-26 14:58:57+05:30,1010.2,14,1002.51,8490459,385430.0,445554.0,986.2,1012.8,981.3,986.2,120519000,1084.8,887.6,1102.5,649.1,1010.2,48,4,1010.1,555,7,1010.0,530,8,1009.9,747,14,1009.8,2725,10,1010.4,244,3,1010.5,1103,7,1010.6,1943,17,1010.7,534,9,1010.8,939,13
317,2025-11-26 14:58:58+05:30,1010.2,23,1002.51,8490530,385470.0,445626.0,986.2,1012.8,981.3,986.2,120519000,1084.8,887.6,1102.5,649.1,1010.2,10,2,1010.1,560,8,1010.0,530,8,1009.9,747,14,1009.8,2725,10,1010.4,236,2,1010.5,1156,8,1010.6,1943,17,1010.7,534,9,1010.8,939,13
317,2025-11-26 14:58:58+05:30,1010.4,1,1002.51,8490530,385470.0,445626.0,986.2,1012.8,981.3,986.2,120519000,1084.8,887.6,1102.5,649.1,1010.2,10,2,1010.1,560,8,1010.0,530,8,1009.9,747,14,1009.8,2725,10,1010.4,236,2,1010.5,1156,8,1010.6,1943,17,1010.7,534,9,1010.8,939,13
317,2025-11-26 14:58:59+05:30,1010.4,1,1002.51,8490531,385412.0,446113.0,986.2,1012.8,981.3,986.2,120519000,1084.8,887.6,1102.5,649.1,1010.2,10,2,1010.1,560,8,1010.0,427,6,1009.9,792,15,1009.8,2725,10,1010.4,565,4,1010.5,1232,9,1010.6,2037,19,1010.7,534,9,1010.8,939,13
317,2025-11-26 14:59:00+05:30,1010.4,1,1002.51,8490535,385082.0,444605.0,986.2,1012.8,981.3,986.2,120519000,1084.8,887.6,1102.5,649.1,1010.2,11,3,1010.1,601,9,1010.0,427,6,1009.9,747,14,1009.8,2725,10,1010.4,508,3,1010.5,1232,9,1010.6,1992,18,1010.7,534,9,1010.8,980,14
317,2025-11-26 14:59:00+05:30,1010.3,34,1002.51,8490535,385082.0,444605.0,986.2,1012.8,981.3,986.2,120519000,1084.8,887.6,1102.5,649.1,1010.2,11,3,1010.1,601,9,1010.0,427,6,1009.9,747,14,1009.8,2725,10,1010.4,508,3,1010.5,1232,9,1010.6,1992,18,1010.7,534,9,1010.8,980,14
317,2025-11-26 14:59:01+05:30,1010.2,8,1002.51,8490615,385155.0,444875.0,986.2,1012.8,981.3,986.2,120519000,1084.8,887.6,1102.5,649.1,1010.2,54,5,1010.1,601,9,1010.0,362,5,1009.9,747,14,1009.8,2725,10,1010.3,142,2,1010.4,508,3,1010.5,1141,8,1010.6,1942,17,1010.7,560,11
317,2025-11-26 14:59:01+05:30,1010.2,8,1002.51,8490615,385155.0,444875.0,986.2,1012.8,981.3,986.2,120519000,1084.8,887.6,1102.5,649.1,1010.2,54,5,1010.1,601,9,1010.0,362,5,1009.9,747,14,1009.8,2725,10,1010.3,142,2,1010.4,508,3,1010.5,1141,8,1010.6,1942,17,1010.7,560,11
317,2025-11-26 14:59:02+05:30,1010.3,1,1002.51,8490616,384342.0,445386.0,986.2,1012.8,981.3,986.2,120519000,1084.8,887.6,1102.5,649.1,1010.2,49,5,1010.1,560,8,1010.0,411,7,1009.9,747,14,1009.8,2725,10,1010.3,404,3,1010.4,508,3,1010.5,1193,9,1010.6,1942,17,1010.7,560,11
317,2025-11-26 14:59:02+05:30,1010.3,1,1002.51,8490616,384342.0,445386.0,986.2,1012.8,981.3,986.2,120519000,1084.8,887.6,1102.5,649.1,1010.2,49,5,1010.1,560,8,1010.0,411,7,1009.9,747,14,1009.8,2725,10,1010.3,404,3,1010.4,508,3,1010.5,1193,9,1010.6,1942,17,1010.7,560,11
317,2025-11-26 14:59:03+05:30,1010.3,20,1002.51,8490668,384444.0,444582.0,986.2,1012.8,981.3,986.2,120519000,1084.8,887.6,1102.5,649.1,1010.2,49,5,1010.1,560,8,1010.0,411,7,1009.9,747,14,1009.8,2725,10,1010.3,352,3,1010.4,508,3,1010.5,1193,9,1010.6,1942,17,1010.7,560,11
317,2025-11-26 14:59:03+05:30,1010.3,49,1002.51,8490668,384444.0,444582.0,986.2,1012.8,981.3,986.2,120519000,1084.8,887.6,1102.5,649.1,1010.2,49,5,1010.1,560,8,1010.0,411,7,1009.9,747,14,1009.8,2725,10,1010.3,352,3,1010.4,508,3,1010.5,1193,9,1010.6,1942,17,1010.7,560,11
317,2025-11-26 14:59:04+05:30,1010.3,173,1002.51,8490930,384472.0,443811.0,986.2,1012.8,981.3,986.2,120519000,1084.8,887.6,1102.5,649.1,1010.2,62,6,1010.1,649,10,1010.0,420,7,1009.9,787,15,1009.8,2725,10,1010.3,105,2,1010.4,508,3,1010.5,1141,8,1010.6,1942,17,1010.7,560,11
317,2025-11-26 14:59:04+05:30,1010.3,173,1002.51,8490930,384472.0,443811.0,986.2,1012.8,981.3,986.2,120519000,1084.8,887.6,1102.5,649.1,1010.2,62,6,1010.1,649,10,1010.0,420,7,1009.9,787,15,1009.8,2725,10,1010.3,105,2,1010.4,508,3,1010.5,1141,8,1010.6,1942,17,1010.7,560,11
317,2025-11-26 14:59:05+05:30,1010.3,116,1002.51,8490930,384472.0,443811.0,986.2,1012.8,981.3,986.2,120519000,1084.8,887.6,1102.5,649.1,1010.2,62,6,1010.1,649,10,1010.0,420,7,1009.9,787,15,1009.8,2725,10,1010.3,105,2,1010.4,508,3,1010.5,1141,8,1010.6,1942,17,1010.7,560,11
317,2025-11-26 14:59:05+05:30,1010.3,116,1002.51,8491048,385159.0,442433.0,986.2,1012.8,981.3,986.2,120519000,1084.8,887.6,1102.5,649.1,1010.3,398,2,1010.2,59,5,1010.1,690,9,1010.0,640,10,1009.9,853,19,1010.4,45,1,1010.5,115,4,1010.6,1438,11,1010.7,559,10,1010.8,662,10
317,2025-11-26 14:59:06+05:30,1010.3,1,1002.51,8491048,385159.0,442433.0,986.2,1012.8,981.3,986.2,120519000,1084.8,887.6,1102.5,649.1,1010.3,398,2,1010.2,59,5,1010.1,690,9,1010.0,640,10,1009.9,853,19,1010.4,45,1,1010.5,115,4,1010.6,1438,11,1010.7,559,10,1010.8,662,10
317,2025-11-26 14:59:06+05:30,1010.3,1,1002.51,8491049,385224.0,442694.0,986.2,1012.8,981.3,986.2,120519000,1084.8,887.6,1102.5,649.1,1010.3,418,5,1010.2,63,5,1010.1,781,11,1010.0,591,8,1009.9,866,20,1010.4,45,1,1010.5,65,3,1010.6,1308,9,1010.7,551,10,1010.8,604,8
317,2025-11-26 14:59:07+05:30,1010.4,1,1002.51,8491049,385224.0,442694.0,986.2,1012.8,981.3,986.2,120519000,1084.8,887.6,1102.5,649.1,1010.3,418,5,1010.2,63,5,1010.1,781,11,1010.0,591,8,1009.9,866,20,1010.4,45,1,1010.5,65,3,1010.6,1308,9,1010.7,551,10,1010.8,604,8
317,2025-11-26 14:59:07+05:30,1010.4,85,1002.51,8491135,385797.0,443180.0,986.2,1012.8,981.3,986.2,120519000,1084.8,887.6,1102.5,649.1,1010.3,417,4,1010.2,63,5,1010.1,740,10,1010.0,1165,11,1009.9,836,19,1010.4,45,1,1010.5,65,3,1010.6,1308,9,1010.7,551,10,1010.8,604,8
317,2025-11-26 14:59:08+05:30,1010.4,3,1002.51,8491135,385797.0,443180.0,986.2,1012.8,981.3,986.2,120519000,1084.8,887.6,1102.5,649.1,1010.3,417,4,1010.2,63,5,1010.1,740,10,1010.0,1165,11,1009.9,836,19,1010.4,45,1,1010.5,65,3,1010.6,1308,9,1010.7,551,10,1010.8,604,8
317,2025-11-26 14:59:08+05:30,1010.4,3,1002.51,8491138,385779.0,443177.0,986.2,1012.8,981.3,986.2,120519000,1084.8,887.6,1102.5,649.1,1010.3,438,6,1010.2,90,4,1010.1,740,10,1010.0,1165,11,1009.9,836,19,1010.4,42,1,1010.5,65,3,1010.6,1308,9,1010.7,551,10,1010.8,604,8
317,2025-11-26 14:59:09+05:30,1010.4,3,1002.51,8491138,385776.0,443420.0,986.2,1012.8,981.3,986.2,120519000,1084.8,887.6,1102.5,649.1,1010.3,438,6,1010.2,90,4,1010.1,740,10,1010.0,1165,11,1009.9,836,19,1010.4,42,1,1010.5,65,3,1010.6,1308,9,1010.7,551,10,1010.8,604,8
317,2025-11-26 14:59:10+05:30,1010.3,130,1002.51,8491138,385776.0,443420.0,986.2,1012.8,981.3,986.2,120519000,1084.8,887.6,1102.5,649.1,1010.3,438,6,1010.2,90,4,1010.1,740,10,1010.0,1165,11,1009.9,836,19,1010.4,42,1,1010.5,65,3,1010.6,1308,9,1010.7,551,10,1010.8,604,8
317,2025-11-26 14:59:10+05:30,1010.4,2,1002.51,8491272,385625.0,443659.0,986.2,1012.8,981.3,986.2,120519000,1084.8,887.6,1102.5,649.1,1010.3,308,6,1010.2,42,3,1010.1,698,9,1010.0,1165,11,1009.9,836,19,1010.4,38,1,1010.5,65,3,1010.6,1446,10,1010.7,551,10,1010.8,604,8
317,2025-11-26 14:59:11+05:30,1010.3,1,1002.51,8491272,385625.0,443659.0,986.2,1012.8,981.3,986.2,120519000,1084.8,887.6,1102.5,649.1,1010.3,308,6,1010.2,42,3,1010.1,698,9,1010.0,1165,11,1009.9,836,19,1010.4,38,1,1010.5,65,3,1010.6,1446,10,1010.7,551,10,1010.8,604,8
317,2025-11-26 14:59:11+05:30,1010.3,1,1002.51,8491273,385219.0,442899.0,986.2,1012.8,981.3,986.2,120519000,1084.8,887.6,1102.5,649.1,1010.4,36,1,1010.3,293,5,1010.2,47,4,1010.1,820,12,1010.0,1258,14,1010.5,10,2,1010.6,1202,8,1010.7,549,9,1010.8,709,15,1010.9,656,10
317,2025-11-26 14:59:12+05:30,1010.4,6,1002.51,8491844,384695.0,442599.0,986.2,1012.8,981.3,986.2,120519000,1084.8,887.6,1102.5,649.1,1010.4,4,2,1010.3,280,4,1010.2,47,4,1010.1,918,11,1010.0,650,11,1010.6,720,7,1010.7,362,8,1010.8,1206,14,1010.9,682,12,1011.0,2780,22
317,2025-11-26 14:59:13+05:30,1010.6,50,1002.51,8491844,384695.0,442599.0,986.2,1012.8,981.3,986.2,120519000,1084.8,887.6,1102.5,649.1,1010.4,4,2,1010.3,280,4,1010.2,47,4,1010.1,918,11,1010.0,650,11,1010.6,720,7,1010.7,362,8,1010.8,1206,14,1010.9,682,12,1011.0,2780,22
317,2025-11-26 14:59:13+05:30,1010.6,50,1002.51,8492002,385192.0,442667.0,986.2,1012.8,981.3,986.2,120519000,1084.8,887.6,1102.5,649.1,1010.4,16,1,1010.3,576,4,1010.2,187,6,1010.1,741,12,1010.0,839,13,1010.6,605,6,1010.7,15,2,1010.8,799,16,1010.9,666,11,1011.0,3253,24
317,2025-11-26 14:59:14+05:30,1010.6,84,1002.51,8492002,385192.0,442667.0,986.2,1012.8,981.3,986.2,120519000,1084.8,887.6,1102.5,649.1,1010.4,16,1,1010.3,576,4,1010.2,187,6,1010.1,741,12,1010.0,839,13,1010.6,605,6,1010.7,15,2,1010.8,799,16,1010.9,666,11,1011.0,3253,24
317,2025-11-26 14:59:15+05:30,1010.6,84,1002.51,8492093,385632.0,442977.0,986.2,1012.8,981.3,986.2,120519000,1084.8,887.6,1102.5,649.1,1010.4,27,3,1010.3,576,4,1010.2,187,6,1010.1,741,12,1010.0,839,13,1010.6,518,6,1010.7,504,5,1010.8,677,10,1010.9,640,9,1011.0,2651,31
317,2025-11-26 14:59:15+05:30,1010.6,6,1002.51,8492093,385632.0,442977.0,986.2,1012.8,981.3,986.2,120519000,1084.8,887.6,1102.5,649.1,1010.4,27,3,1010.3,576,4,1010.2,187,6,1010.1,741,12,1010.0,839,13,1010.6,518,6,1010.7,504,5,1010.8,677,10,1010.9,640,9,1011.0,2651,31
317,2025-11-26 14:59:16+05:30,1010.6,1,1002.51,8492108,385627.0,443566.0,986.2,1012.8,981.3,986.2,120519000,1084.8,887.6,1102.5,649.1,1010.4,22,3,1010.3,576,4,1010.2,187,6,1010.1,741,12,1010.0,839,13,1010.6,508,6,1010.7,503,5,1010.8,1262,11,1010.9,640,9,1011.0,2666,32
317,2025-11-26 14:59:16+05:30,1010.4,1,1002.51,8492108,385627.0,443566.0,986.2,1012.8,981.3,986.2,120519000,1084.8,887.6,1102.5,649.1,1010.4,22,3,1010.3,576,4,1010.2,187,6,1010.1,741,12,1010.0,839,13,1010.6,508,6,1010.7,503,5,1010.8,1262,11,1010.9,640,9,1011.0,2666,32
317,2025-11-26 14:59:17+05:30,1010.4,1,1002.51,8492109,385631.0,443223.0,986.2,1012.8,981.3,986.2,120519000,1084.8,887.6,1102.5,649.1,1010.4,30,4,1010.3,576,4,1010.2,187,6,1010.1,741,12,1010.0,839,13,1010.6,510,7,1010.7,503,5,1010.8,1261,11,1010.9,639,9,1011.0,2666,32
317,2025-11-26 14:59:17+05:30,1010.4,1,1002.51,8492109,385631.0,443223.0,986.2,1012.8,981.3,986.2,120519000,1084.8,887.6,1102.5,649.1,1010.4,30,4,1010.3,576,4,1010.2,187,6,1010.1,741,12,1010.0,839,13,1010.6,510,7,1010.7,503,5,1010.8,1261,11,1010.9,639,9,1011.0,2666,32
317,2025-11-26 14:59:18+05:30,1010.4,1,1002.51,8492109,385631.0,443223.0,986.2,1012.8,981.3,986.2,120519000,1084.8,887.6,1102.5,649.1,1010.4,30,4,1010.3,576,4,1010.2,187,6,1010.1,741,12,1010.0,839,13,1010.6,510,7,1010.7,503,5,1010.8,1261,11,1010.9,639,9,1011.0,2666,32
317,2025-11-26 14:59:18+05:30,1010.4,1,1002.51,8492109,385629.0,441320.0,986.2,1012.8,981.3,986.2,120519000,1084.8,887.6,1102.5,649.1,1010.4,34,5,1010.3,576,4,1010.2,187,6,1010.1,737,11,1010.0,839,13,1010.6,510,7,1010.7,454,4,1010.8,1293,12,1010.9,598,8,1011.0,2634,29
317,2025-11-26 14:59:18+05:30,1010.4,1,1002.51,8492109,385629.0,441320.0,986.2,1012.8,981.3,986.2,120519000,1084.8,887.6,1102.5,649.1,1010.4,34,5,1010.3,576,4,1010.2,187,6,1010.1,737,11,1010.0,839,13,1010.6,510,7,1010.7,454,4,1010.8,1293,12,1010.9,598,8,1011.0,2634,29
317,2025-11-26 14:59:18+05:30,1010.6,3,1002.51,8492109,385629.0,441320.0,986.2,1012.8,981.3,986.2,120519000,1084.8,887.6,1102.5,649.1,1010.4,34,5,1010.3,576,4,1010.2,187,6,1010.1,737,11,1010.0,839,13,1010.6,510,7,1010.7,454,4,1010.8,1293,12,1010.9,598,8,1011.0,2634,29
317,2025-11-26 14:59:19+05:30,1010.6,3,1002.51,8492109,385629.0,441320.0,986.2,1012.8,981.3,986.2,120519000,1084.8,887.6,1102.5,649.1,1010.4,25,4,1010.3,577,4,1010.2,230,7,1010.1,737,11,1010.0,839,13,1010.6,507,7,1010.7,454,4,1010.8,708,11,1010.9,1023,9,1011.0,2634,29
317,2025-11-26 14:59:19+05:30,1010.6,3,1002.51,8492112,385663.0,441907.0,986.2,1012.8,981.3,986.2,120519000,1084.8,887.6,1102.5,649.1,1010.4,25,4,1010.3,577,4,1010.2,230,7,1010.1,737,11,1010.0,839,13,1010.6,507,7,1010.7,454,4,1010.8,708,11,1010.9,1023,9,1011.0,2634,29
317,2025-11-26 14:59:19+05:30,1010.6,3,1002.51,8492112,385663.0,441907.0,986.2,1012.8,981.3,986.2,120519000,1084.8,887.6,1102.5,649.1,1010.4,25,4,1010.3,577,4,1010.2,230,7,1010.1,737,11,1010.0,839,13,1010.6,507,7,1010.7,454,4,1010.8,708,11,1010.9,1023,9,1011.0,2634,29
317,2025-11-26 14:59:20+05:30,1010.6,3,1002.51,8492112,385663.0,441907.0,986.2,1012.8,981.3,986.2,120519000,1084.8,887.6,1102.5,649.1,1010.4,25,4,1010.3,577,4,1010.2,230,7,1010.1,737,11,1010.0,839,13,1010.6,507,7,1010.7,454,4,1010.8,708,11,1010.9,1023,9,1011.0,2634,29
317,2025-11-26 14:59:20+05:30,1010.6,3,1002.51,8492112,385534.0,441907.0,986.2,1012.8,981.3,986.2,120519000,1084.8,887.6,1102.5,649.1,1010.4,25,4,1010.3,577,4,1010.2,230,7,1010.1,737,11,1010.0,839,13,1010.6,507,7,1010.7,454,4,1010.8,708,11,1010.9,1023,9,1011.0,2634,29
317,2025-11-26 14:59:20+05:30,1010.6,3,1002.51,8492112,385534.0,441907.0,986.2,1012.8,981.3,986.2,120519000,1084.8,887.6,1102.5,649.1,1010.4,25,4,1010.3,577,4,1010.2,230,7,1010.1,737,11,1010.0,839,13,1010.6,507,7,1010.7,454,4,1010.8,708,11,1010.9,1023,9,1011.0,2634,29
317,2025-11-26 14:59:20+05:30,1010.5,1,1002.51,8492112,385534.0,441907.0,986.2,1012.8,981.3,986.2,120519000,1084.8,887.6,1102.5,649.1,1010.4,25,4,1010.3,577,4,1010.2,230,7,1010.1,737,11,1010.0,839,13,1010.6,507,7,1010.7,454,4,1010.8,708,11,1010.9,1023,9,1011.0,2634,29
317,2025-11-26 14:59:20+05:30,1010.5,1,1002.51,8492112,385534.0,441907.0,986.2,1012.8,981.3,986.2,120519000,1084.8,887.6,1102.5,649.1,1010.4,25,4,1010.3,577,4,1010.2,230,7,1010.1,737,11,1010.0,839,13,1010.6,507,7,1010.7,454,4,1010.8,708,11,1010.9,1023,9,1011.0,2634,29
317,2025-11-26 14:59:21+05:30,1010.5,1,1002.51,8492112,385534.0,441907.0,986.2,1012.8,981.3,986.2,120519000,1084.8,887.6,1102.5,649.1,1010.4,25,4,1010.3,577,4,1010.2,230,7,1010.1,737,11,1010.0,839,13,1010.6,507,7,1010.7,454,4,1010.8,708,11,1010.9,1023,9,1011.0,2634,29
317,2025-11-26 14:59:21+05:30,1010.3,1,1002.51,8492479,385368.0,441946.0,986.2,1012.8,981.3,986.2,120519000,1084.8,887.6,1102.5,649.1,1010.3,483,7,1010.2,468,10,1010.1,900,15,1010.0,839,13,1009.9,1438,18,1010.5,8,1,1010.6,502,8,1010.7,505,4,1010.8,516,8,1010.9,1023,9
317,2025-11-26 14:59:21+05:30,1010.3,1,1002.51,8492479,385368.0,441946.0,986.2,1012.8,981.3,986.2,120519000,1084.8,887.6,1102.5,649.1,1010.3,483,7,1010.2,468,10,1010.1,900,15,1010.0,839,13,1009.9,1438,18,1010.5,8,1,1010.6,502,8,1010.7,505,4,1010.8,516,8,1010.9,1023,9
317,2025-11-26 14:59:21+05:30,1010.3,1,1002.51,8492479,385368.0,441946.0,986.2,1012.8,981.3,986.2,120519000,1084.8,887.6,1102.5,649.1,1010.3,483,7,1010.2,468,10,1010.1,900,15,1010.0,839,13,1009.9,1438,18,1010.5,8,1,1010.6,502,8,1010.7,505,4,1010.8,516,8,1010.9,1023,9
317,2025-11-26 14:59:21+05:30,1010.3,1,1002.51,8492479,385368.0,441946.0,986.2,1012.8,981.3,986.2,120519000,1084.8,887.6,1102.5,649.1,1010.3,483,7,1010.2,468,10,1010.1,900,15,1010.0,839,13,1009.9,1438,18,1010.5,8,1,1010.6,502,8,1010.7,505,4,1010.8,516,8,1010.9,1023,9
317,2025-11-26 14:59:22+05:30,1010.3,1,1002.51,8492479,385368.0,441946.0,986.2,1012.8,981.3,986.2,120511500,1084.8,887.6,1102.5,649.1,1010.3,483,7,1010.2,468,10,1010.1,900,15,1010.0,839,13,1009.9,1438,18,1010.5,8,1,1010.6,502,8,1010.7,505,4,1010.8,516,8,1010.9,1023,9
317,2025-11-26 14:59:22+05:30,1010.5,1,1002.51,8492481,385340.0,443149.0,986.2,1012.8,981.3,986.2,120511500,1084.8,887.6,1102.5,649.1,1010.3,396,5,1010.2,187,6,1010.1,672,12,1010.0,1022,17,1009.9,1381,12,1010.5,52,2,1010.6,820,9,1010.7,871,9,1010.8,631,11,1010.9,1523,11
317,2025-11-26 14:59:22+05:30,1010.5,30,1002.51,8492481,385340.0,443149.0,986.2,1012.8,981.3,986.2,120511500,1084.8,887.6,1102.5,649.1,1010.3,396,5,1010.2,187,6,1010.1,672,12,1010.0,1022,17,1009.9,1381,12,1010.5,52,2,1010.6,820,9,1010.7,871,9,1010.8,631,11,1010.9,1523,11
317,2025-11-26 14:59:22+05:30,1010.5,30,1002.51,8492481,385340.0,443149.0,986.2,1012.8,981.3,986.2,120511500,1084.8,887.6,1102.5,649.1,1010.3,396,5,1010.2,187,6,1010.1,672,12,1010.0,1022,17,1009.9,1381,12,1010.5,52,2,1010.6,820,9,1010.7,871,9,1010.8,631,11,1010.9,1523,11
317,2025-11-26 14:59:23+05:30,1010.5,30,1002.51,8492481,385340.0,443149.0,986.2,1012.8,981.3,986.2,120511500,1084.8,887.6,1102.5,649.1,1010.3,396,5,1010.2,187,6,1010.1,672,12,1010.0,1022,17,1009.9,1381,12,1010.5,52,2,1010.6,820,9,1010.7,871,9,1010.8,631,11,1010.9,1523,11
317,2025-11-26 14:59:23+05:30,1010.3,4,1002.51,8492872,384976.0,442450.0,986.2,1012.8,981.3,986.2,120511500,1084.8,887.6,1102.5,649.1,1010.3,358,5,1010.2,187,6,1010.1,788,14,1010.0,1050,19,1009.9,1405,12,1010.5,20,1,1010.6,820,9,1010.7,922,9,1010.8,631,11,1010.9,1327,11
317,2025-11-26 14:59:23+05:30,1010.3,4,1002.51,8492872,384976.0,442450.0,986.2,1012.8,981.3,986.2,120511500,1084.8,887.6,1102.5,649.1,1010.3,358,5,1010.2,187,6,1010.1,788,14,1010.0,1050,19,1009.9,1405,12,1010.5,20,1,1010.6,820,9,1010.7,922,9,1010.8,631,11,1010.9,1327,11
317,2025-11-26 14:59:24+05:30,1010.5,70,1002.51,8493010,384377.0,443384.0,986.2,1012.8,981.3,986.2,120511500,1084.8,887.6,1102.5,649.1,1010.5,59,2,1010.3,336,4,1010.2,49,5,1010.1,622,12,1010.0,1010,18,1010.6,1110,13,1010.7,852,9,1010.8,631,11,1010.9,1355,12,1011.0,3300,27
317,2025-11-26 14:59:24+05:30,1010.5,70,1002.51,8493010,384377.0,443384.0,986.2,1012.8,981.3,986.2,120511500,1084.8,887.6,1102.5,649.1,1010.5,59,2,1010.3,336,4,1010.2,49,5,1010.1,622,12,1010.0,1010,18,1010.6,1110,13,1010.7,852,9,1010.8,631,11,1010.9,1355,12,1011.0,3300,27
317,2025-11-26 14:59:25+05:30,1010.5,10,1002.51,8493893,384279.0,443805.0,986.2,1012.8,981.3,986.2,120511500,1084.8,887.6,1102.5,649.1,1010.5,11,2,1010.3,372,3,1010.2,32,4,1010.1,1169,14,1010.0,1050,19,1010.6,1118,12,1010.7,854,9,1010.8,773,12,1010.9,1136,14,1011.0,2278,26
317,2025-11-26 14:59:25+05:30,1010.5,10,1002.51,8493893,384279.0,443805.0,986.2,1012.8,981.3,986.2,120511500,1084.8,887.6,1102.5,649.1,1010.5,11,2,1010.3,372,3,1010.2,32,4,1010.1,1169,14,1010.0,1050,19,1010.6,1118,12,1010.7,854,9,1010.8,773,12,1010.9,1136,14,1011.0,2278,26
317,2025-11-26 14:59:26+05:30,1010.5,1,1002.51,8493893,384279.0,443805.0,986.2,1012.8,981.3,986.2,120511500,1084.8,887.6,1102.5,649.1,1010.5,11,2,1010.3,372,3,1010.2,32,4,1010.1,1169,14,1010.0,1050,19,1010.6,1118,12,1010.7,854,9,1010.8,773,12,1010.9,1136,14,1011.0,2278,26
317,2025-11-26 14:59:26+05:30,1010.5,1,1002.51,8493957,384649.0,442855.0,986.2,1012.8,981.3,986.2,120511500,1084.8,887.6,1102.5,649.1,1010.5,21,2,1010.4,5,2,1010.3,372,3,1010.2,165,3,1010.1,1169,14,1010.6,831,9,1010.7,676,7,1010.8,773,12,1010.9,702,14,1011.0,3118,28
317,2025-11-26 14:59:27+05:30,1010.5,1,1002.51,8493957,384583.0,442824.0,986.2,1012.8,981.3,986.2,120511500,1084.8,887.6,1102.5,649.1,1010.5,21,2,1010.4,5,2,1010.3,372,3,1010.2,165,3,1010.1,1169,14,1010.6,831,9,1010.7,676,7,1010.8,773,12,1010.9,702,14,1011.0,2576,27
317,2025-11-26 14:59:28+05:30,1010.5,46,1002.51,8493957,384583.0,442824.0,986.2,1012.8,981.3,986.2,120511500,1084.8,887.6,1102.5,649.1,1010.5,21,2,1010.4,5,2,1010.3,372,3,1010.2,165,3,1010.1,1169,14,1010.6,831,9,1010.7,676,7,1010.8,773,12,1010.9,702,14,1011.0,2576,27
317,2025-11-26 14:59:28+05:30,1010.5,46,1002.51,8494352,384515.0,443178.0,986.2,1012.8,981.3,986.2,120511500,1084.8,887.6,1102.5,649.1,1010.5,25,2,1010.4,5,2,1010.3,372,3,1010.2,165,3,1010.1,1172,14,1010.6,622,7,1010.7,727,8,1010.8,811,13,1010.9,1482,15,1011.0,2781,28
317,2025-11-26 14:59:29+05:30,1010.6,4,1002.51,8494352,384515.0,443178.0,986.2,1012.8,981.3,986.2,120511500,1084.8,887.6,1102.5,649.1,1010.5,25,2,1010.4,5,2,1010.3,372,3,1010.2,165,3,1010.1,1172,14,1010.6,622,7,1010.7,727,8,1010.8,811,13,1010.9,1482,15,1011.0,2781,28
317,2025-11-26 14:59:30+05:30,1010.6,4,1002.51,8494356,384596.0,443174.0,986.2,1012.8,981.3,986.2,120511500,1084.8,887.6,1102.5,649.1,1010.5,25,2,1010.4,5,2,1010.3,372,3,1010.2,165,3,1010.1,693,13,1010.6,618,7,1010.7,727,8,1010.8,811,13,1010.9,1482,15,1011.0,2781,28
317,2025-11-26 14:59:30+05:30,1010.5,3,1002.51,8494356,384596.0,443174.0,986.2,1012.8,981.3,986.2,120511500,1084.8,887.6,1102.5,649.1,1010.5,25,2,1010.4,5,2,1010.3,372,3,1010.2,165,3,1010.1,693,13,1010.6,618,7,1010.7,727,8,1010.8,811,13,1010.9,1482,15,1011.0,2781,28
317,2025-11-26 14:59:31+05:30,1010.5,1,1002.51,8494513,384862.0,442449.0,986.2,1012.8,981.3,986.2,120511500,1084.8,887.6,1102.5,649.1,1010.4,6,2,1010.3,372,3,1010.2,262,5,1010.1,693,13,1010.0,981,18,1010.5,44,1,1010.6,566,7,1010.7,749,7,1010.8,724,11,1010.9,1455,14
317,2025-11-26 14:59:31+05:30,1010.4,1,1002.51,8494513,384862.0,442449.0,986.2,1012.8,981.3,986.2,120511500,1084.8,887.6,1102.5,649.1,1010.4,6,2,1010.3,372,3,1010.2,262,5,1010.1,693,13,1010.0,981,18,1010.5,44,1,1010.6,566,7,1010.7,749,7,1010.8,724,11,1010.9,1455,14
317,2025-11-26 14:59:32+05:30,1010.4,1,1002.51,8494514,384891.0,443272.0,986.2,1012.8,981.3,986.2,120511500,1084.8,887.6,1102.5,649.1,1010.4,5,2,1010.3,372,3,1010.2,165,3,1010.1,693,13,1010.0,1057,19,1010.5,483,4,1010.6,649,9,1010.7,1087,12,1010.8,631,10,1010.9,1466,14
317,2025-11-26 14:59:33+05:30,1010.4,7,1002.51,8494558,384607.0,442463.0,986.2,1012.8,981.3,986.2,120511500,1084.8,887.6,1102.5,649.1,1010.3,380,4,1010.2,123,4,1010.1,629,13,1010.0,1008,18,1009.9,1363,13,1010.4,8,1,1010.5,418,3,1010.6,566,7,1010.7,875,8,1010.8,620,10
317,2025-11-26 14:59:33+05:30,1010.4,7,1002.51,8494558,384607.0,442463.0,986.2,1012.8,981.3,986.2,120511500,1084.8,887.6,1102.5,649.1,1010.3,380,4,1010.2,123,4,1010.1,629,13,1010.0,1008,18,1009.9,1363,13,1010.4,8,1,1010.5,418,3,1010.6,566,7,1010.7,875,8,1010.8,620,10
317,2025-11-26 14:59:34+05:30,1010.4,7,1002.51,8494558,384617.0,442795.0,986.2,1012.8,981.3,986.2,120511500,1084.8,887.6,1102.5,649.1,1010.3,380,4,1010.2,74,3,1010.1,629,13,1010.0,1057,19,1009.9,1363,13,1010.4,433,2,1010.5,418,3,1010.6,470,5,1010.7,871,8,1010.8,617,10
317,2025-11-26 14:59:34+05:30,1010.4,7,1002.51,8494558,384616.0,442742.0,986.2,1012.8,981.3,986.2,120511500,1084.8,887.6,1102.5,649.1,1010.3,380,4,1010.2,27,2,1010.1,629,13,1010.0,1057,19,1009.9,1363,13,1010.4,459,3,1010.5,418,3,1010.6,470,5,1010.7,871,8,1010.8,617,10
317,2025-11-26 14:59:35+05:30,1010.3,321,1002.51,8494558,384616.0,442742.0,986.2,1012.8,981.3,986.2,120511500,1084.8,887.6,1102.5,649.1,1010.3,380,4,1010.2,27,2,1010.1,629,13,1010.0,1057,19,1009.9,1363,13,1010.4,459,3,1010.5,418,3,1010.6,470,5,1010.7,871,8,1010.8,617,10
317,2025-11-26 14:59:35+05:30,1010.4,2,1002.51,8494898,384306.0,443063.0,986.2,1012.8,981.3,986.2,120511500,1084.8,887.6,1102.5,649.1,1010.3,59,4,1010.2,74,3,1010.1,580,12,1010.0,1042,18,1009.9,1388,13,1010.4,687,4,1010.5,406,2,1010.6,462,4,1010.7,871,8,1010.8,625,11
317,2025-11-26 14:59:36+05:30,1010.3,2,1002.51,8494898,384306.0,443063.0,986.2,1012.8,981.3,986.2,120511500,1084.8,887.6,1102.5,649.1,1010.3,59,4,1010.2,74,3,1010.1,580,12,1010.0,1042,18,1009.9,1388,13,1010.4,687,4,1010.5,406,2,1010.6,462,4,1010.7,871,8,1010.8,625,11
317,2025-11-26 14:59:36+05:30,1010.3,2,1002.51,8494901,384246.0,443115.0,986.2,1012.8,981.3,986.2,120511500,1084.8,887.6,1102.5,649.1,1010.3,57,4,1010.2,74,3,1010.1,1062,13,1010.0,1042,18,1009.9,848,12,1010.4,685,4,1010.5,406,2,1010.6,471,5,1010.7,871,8,1010.8,631,12
317,2025-11-26 14:59:37+05:30,1010.4,1,1002.51,8494901,384246.0,443115.0,986.2,1012.8,981.3,986.2,120511500,1084.8,887.6,1102.5,649.1,1010.3,57,4,1010.2,74,3,1010.1,1062,13,1010.0,1042,18,1009.9,848,12,1010.4,685,4,1010.5,406,2,1010.6,471,5,1010.7,871,8,1010.8,631,12
317,2025-11-26 14:59:37+05:30,1010.4,1,1002.51,8495854,386188.0,439930.0,986.2,1012.8,981.3,986.2,120511500,1084.8,887.6,1102.5,649.1,1010.4,212,4,1010.3,223,6,1010.2,1046,10,1010.1,729,16,1010.0,993,17,1010.5,432,3,1010.6,471,5,1010.7,505,4,1010.8,143,5,1010.9,477,6
317,2025-11-26 14:59:38+05:30,1010.5,2,1002.51,8495854,386188.0,439930.0,986.2,1012.8,981.3,986.2,120511500,1084.8,887.6,1102.5,649.1,1010.4,212,4,1010.3,223,6,1010.2,1046,10,1010.1,729,16,1010.0,993,17,1010.5,432,3,1010.6,471,5,1010.7,505,4,1010.8,143,5,1010.9,477,6
317,2025-11-26 14:59:38+05:30,1010.5,2,1002.51,8495971,386221.0,440322.0,986.2,1012.8,981.3,986.2,120511500,1084.8,887.6,1102.5,649.1,1010.4,293,6,1010.3,253,7,1010.2,1021,10,1010.1,755,18,1010.0,936,14,1010.5,543,5,1010.6,471,5,1010.7,505,4,1010.8,143,5,1010.9,477,6
317,2025-11-26 14:59:39+05:30,1010.5,2,1002.51,8495971,386237.0,440367.0,986.2,1012.8,981.3,986.2,120511500,1084.8,887.6,1102.5,649.1,1010.4,257,6,1010.3,305,9,1010.2,1021,10,1010.1,755,18,1010.0,936,14,1010.5,550,5,1010.6,471,5,1010.7,505,4,1010.8,143,5,1010.9,477,6
317,2025-11-26 14:59:40+05:30,1010.5,1,1002.51,8495971,386237.0,440367.0,986.2,1012.8,981.3,986.2,120511500,1084.8,887.6,1102.5,649.1,1010.4,257,6,1010.3,305,9,1010.2,1021,10,1010.1,755,18,1010.0,936,14,1010.5,550,5,1010.6,471,5,1010.7,505,4,1010.8,143,5,1010.9,477,6
317,2025-11-26 14:59:40+05:30,1010.5,2,1002.51,8496320,386503.0,440312.0,986.2,1012.8,981.3,986.2,120511500,1084.8,887.6,1102.5,649.1,1010.4,236,6,1010.3,933,10,1010.2,1650,11,1010.1,729,16,1010.0,936,14,1010.5,527,5,1010.6,471,5,1010.7,399,3,1010.8,130,4,1010.9,477,6
317,2025-11-26 14:59:41+05:30,1010.4,10,1002.51,8496320,386503.0,440312.0,986.2,1012.8,981.3,986.2,120511500,1084.8,887.6,1102.5,649.1,1010.4,236,6,1010.3,933,10,1010.2,1650,11,1010.1,729,16,1010.0,936,14,1010.5,527,5,1010.6,471,5,1010.7,399,3,1010.8,130,4,1010.9,477,6
317,2025-11-26 14:59:41+05:30,1010.4,10,1002.51,8496331,385881.0,440357.0,986.2,1012.8,981.3,986.2,120511500,1084.8,887.6,1102.5,649.1,1010.4,112,4,1010.3,441,12,1010.2,1650,11,1010.1,695,15,1010.0,964,15,1010.5,532,4,1010.6,471,5,1010.7,399,3,1010.8,130,4,1010.9,485,7
317,2025-11-26 14:59:43+05:30,1010.5,22,1002.51,8496362,385955.0,440033.0,986.2,1012.8,981.3,986.2,120511500,1084.8,887.6,1102.5,649.1,1010.4,141,4,1010.3,485,13,1010.2,1650,11,1010.1,695,15,1010.0,964,15,1010.5,496,4,1010.6,471,5,1010.7,399,3,1010.8,130,4,1010.9,477,6
317,2025-11-26 14:59:43+05:30,1010.5,49,1002.51,8496362,385955.0,440033.0,986.2,1012.8,981.3,986.2,120511500,1084.8,887.6,1102.5,649.1,1010.4,141,4,1010.3,485,13,1010.2,1650,11,1010.1,695,15,1010.0,964,15,1010.5,496,4,1010.6,471,5,1010.7,399,3,1010.8,130,4,1010.9,477,6
317,2025-11-26 14:59:44+05:30,1010.5,26,1002.51,8496707,385832.0,440455.0,986.2,1012.8,981.3,986.2,120511500,1084.8,887.6,1102.5,649.1,1010.4,78,5,1010.3,424,12,1010.2,1650,11,1010.1,695,15,1010.0,964,15,1010.5,950,5,1010.6,471,5,1010.7,399,3,1010.8,130,4,1010.9,477,6
317,2025-11-26 14:59:44+05:30,1010.5,2,1002.51,8496707,385832.0,440455.0,986.2,1012.8,981.3,986.2,120511500,1084.8,887.6,1102.5,649.1,1010.4,78,5,1010.3,424,12,1010.2,1650,11,1010.1,695,15,1010.0,964,15,1010.5,950,5,1010.6,471,5,1010.7,399,3,1010.8,130,4,1010.9,477,6
317,2025-11-26 14:59:45+05:30,1010.5,2,1002.51,8496713,385991.0,440064.0,986.2,1012.8,981.3,986.2,120511500,1084.8,887.6,1102.5,649.1,1010.4,58,5,1010.3,346,11,1010.2,1729,16,1010.1,688,14,1010.0,885,10,1010.5,941,5,1010.6,471,5,1010.7,453,4,1010.8,341,6,1010.9,477,6
317,2025-11-26 14:59:45+05:30,1010.5,2,1002.51,8496713,385991.0,440064.0,986.2,1012.8,981.3,986.2,120511500,1084.8,887.6,1102.5,649.1,1010.4,58,5,1010.3,346,11,1010.2,1729,16,1010.1,688,14,1010.0,885,10,1010.5,941,5,1010.6,471,5,1010.7,453,4,1010.8,341,6,1010.9,477,6
317,2025-11-26 14:59:46+05:30,1010.4,1,1002.51,8496715,385856.0,440050.0,986.2,1012.8,981.3,986.2,120511500,1084.8,887.6,1102.5,649.1,1010.4,61,6,1010.3,320,9,1010.2,1755,18,1010.1,688,14,1010.0,885,10,1010.5,943,5,1010.6,471,5,1010.7,453,4,1010.8,341,6,1010.9,482,7
317,2025-11-26 14:59:46+05:30,1010.5,106,1002.51,8496715,385856.0,440050.0,986.2,1012.8,981.3,986.2,120511500,1084.8,887.6,1102.5,649.1,1010.4,61,6,1010.3,320,9,1010.2,1755,18,1010.1,688,14,1010.0,885,10,1010.5,943,5,1010.6,471,5,1010.7,453,4,1010.8,341,6,1010.9,482,7
317,2025-11-26 14:59:47+05:30,1010.4,32,1002.51,8497065,386371.0,439794.0,986.2,1012.8,981.3,986.2,120511500,1084.8,887.6,1102.5,649.1,1010.3,149,7,1010.2,1799,19,1010.1,1259,17,1010.0,885,10,1009.9,1950,14,1010.5,682,4,1010.6,471,5,1010.7,453,4,1010.8,346,7,1010.9,482,7
317,2025-11-26 14:59:47+05:30,1010.4,32,1002.51,8497065,386371.0,439794.0,986.2,1012.8,981.3,986.2,120511500,1084.8,887.6,1102.5,649.1,1010.3,149,7,1010.2,1799,19,1010.1,1259,17,1010.0,885,10,1009.9,1950,14,1010.5,682,4,1010.6,471,5,1010.7,453,4,1010.8,346,7,1010.9,482,7
317,2025-11-26 14:59:48+05:30,1010.4,32,1002.51,8497065,386003.0,440180.0,986.2,1012.8,981.3,986.2,120511500,1084.8,887.6,1102.5,649.1,1010.3,98,6,1010.2,1525,9,1010.1,699,16,1010.0,1321,10,1009.9,2031,20,1010.5,689,6,1010.6,525,6,1010.7,460,5,1010.8,388,7,1010.9,1112,11
317,2025-11-26 14:59:49+05:30,1010.4,32,1002.51,8497065,386062.0,440183.0,986.2,1012.8,981.3,986.2,120511500,1084.8,887.6,1102.5,649.1,1010.3,98,6,1010.2,1583,11,1010.1,661,15,1010.0,1321,10,1009.9,2031,20,1010.5,686,6,1010.6,525,6,1010.7,460,5,1010.8,388,7,1010.9,1089,10
317,2025-11-26 14:59:50+05:30,1010.5,54,1002.51,8497126,387500.0,440107.0,986.2,1012.8,981.3,986.2,120511500,1084.8,887.6,1102.5,649.1,1010.3,156,8,1010.2,1586,13,1010.1,573,13,1010.0,1323,10,1009.9,1994,19,1010.4,54,2,1010.5,604,5,1010.6,583,7,1010.7,582,6,1010.8,510,8
317,2025-11-26 14:59:50+05:30,1010.5,54,1002.51,8497126,387500.0,440107.0,986.2,1012.8,981.3,986.2,120511500,1084.8,887.6,1102.5,649.1,1010.3,156,8,1010.2,1586,13,1010.1,573,13,1010.0,1323,10,1009.9,1994,19,1010.4,54,2,1010.5,604,5,1010.6,583,7,1010.7,582,6,1010.8,510,8
317,2025-11-26 14:59:51+05:30,1010.3,1,1002.51,8497126,387500.0,440107.0,986.2,1012.8,981.3,986.2,120511500,1084.8,887.6,1102.5,649.1,1010.3,156,8,1010.2,1586,13,1010.1,573,13,1010.0,1323,10,1009.9,1994,19,1010.4,54,2,1010.5,604,5,1010.6,583,7,1010.7,582,6,1010.8,510,8
317,2025-11-26 14:59:51+05:30,1010.3,1,1002.51,8497128,387525.0,440858.0,986.2,1012.8,981.3,986.2,120511500,1084.8,887.6,1102.5,649.1,1010.3,91,6,1010.2,1504,11,1010.1,573,13,1010.0,1385,12,1009.9,1994,19,1010.4,471,3,1010.5,604,5,1010.6,583,7,1010.7,582,6,1010.8,510,8
317,2025-11-26 14:59:52+05:30,1010.3,3,1002.51,8497128,387525.0,440858.0,986.2,1012.8,981.3,986.2,120511500,1084.8,887.6,1102.5,649.1,1010.3,91,6,1010.2,1504,11,1010.1,573,13,1010.0,1385,12,1009.9,1994,19,1010.4,471,3,1010.5,604,5,1010.6,583,7,1010.7,582,6,1010.8,510,8
317,2025-11-26 14:59:52+05:30,1010.3,3,1002.51,8497268,387557.0,440463.0,986.2,1012.8,981.3,986.2,120511500,1084.8,887.6,1102.5,649.1,1010.3,87,6,1010.2,1504,11,1010.1,614,14,1010.0,1355,11,1009.9,1994,19,1010.4,358,3,1010.5,604,5,1010.6,588,8,1010.7,582,6,1010.8,510,8
317,2025-11-26 14:59:53+05:30,1010.4,22,1002.51,8497268,387557.0,440463.0,986.2,1012.8,981.3,986.2,120511500,1084.8,887.6,1102.5,649.1,1010.3,87,6,1010.2,1504,11,1010.1,614,14,1010.0,1355,11,1009.9,1994,19,1010.4,358,3,1010.5,604,5,1010.6,588,8,1010.7,582,6,1010.8,510,8
317,2025-11-26 14:59:53+05:30,1010.4,22,1002.51,8497393,387963.0,440732.0,986.2,1012.8,981.3,986.2,120511500,1084.8,887.6,1102.5,649.1,1010.3,547,6,1010.2,1480,10,1010.1,681,17,1010.0,1260,10,1009.9,1928,14,1010.4,708,4,1010.5,566,4,1010.6,530,7,1010.7,582,6,1010.8,510,8
317,2025-11-26 14:59:54+05:30,1010.4,22,1002.51,8497393,387987.0,440801.0,986.2,1012.8,981.3,986.2,120511500,1084.8,887.6,1102.5,649.1,1010.3,547,6,1010.2,1480,10,1010.1,640,16,1010.0,1301,11,1009.9,1954,15,1010.4,856,5,1010.5,566,4,1010.6,545,8,1010.7,582,6,1010.8,510,8
317,2025-11-26 14:59:55+05:30,1010.3,185,1002.51,8497393,387987.0,440801.0,986.2,1012.8,981.3,986.2,120511500,1084.8,887.6,1102.5,649.1,1010.3,547,6,1010.2,1480,10,1010.1,640,16,1010.0,1301,11,1009.9,1954,15,1010.4,856,5,1010.5,566,4,1010.6,545,8,1010.7,582,6,1010.8,510,8
317,2025-11-26 14:59:55+05:30,1010.3,185,1002.51,8497622,387326.0,440889.0,986.2,1012.8,981.3,986.2,120511500,1084.8,887.6,1102.5,649.1,1010.3,413,7,1010.2,1480,10,1010.1,681,17,1010.0,816,10,1009.9,1954,15,1010.4,807,4,1010.5,566,4,1010.6,540,7,1010.7,713,6,1010.8,510,8
317,2025-11-26 14:59:56+05:30,1010.3,1,1002.51,8497622,387326.0,440889.0,986.2,1012.8,981.3,986.2,120511500,1084.8,887.6,1102.5,649.1,1010.3,413,7,1010.2,1480,10,1010.1,681,17,1010.0,816,10,1009.9,1954,15,1010.4,807,4,1010.5,566,4,1010.6,540,7,1010.7,713,6,1010.8,510,8
317,2025-11-26 14:59:56+05:30,1010.3,1,1002.51,8497625,387306.0,440770.0,986.2,1012.8,981.3,986.2,120511500,1084.8,887.6,1102.5,649.1,1010.3,393,7,1010.2,1521,11,1010.1,640,16,1010.0,816,10,1009.9,1939,14,1010.4,799,4,1010.5,566,4,1010.6,540,7,1010.7,713,6,1010.8,517,9
317,2025-11-26 14:59:57+05:30,1010.3,1,1002.51,8497625,387847.0,440853.0,986.2,1012.8,981.3,986.2,120511500,1084.8,887.6,1102.5,649.1,1010.3,416,9,1010.2,1521,11,1010.1,640,16,1010.0,816,10,1009.9,1939,14,1010.4,823,5,1010.5,566,4,1010.6,540,7,1010.7,713,6,1010.8,517,9
317,2025-11-26 14:59:58+05:30,1010.4,1,1002.51,8497625,387847.0,440853.0,986.2,1012.8,981.3,986.2,120511500,1084.8,887.6,1102.5,649.1,1010.3,416,9,1010.2,1521,11,1010.1,640,16,1010.0,816,10,1009.9,1939,14,1010.4,823,5,1010.5,566,4,1010.6,540,7,1010.7,713,6,1010.8,517,9
317,2025-11-26 14:59:59+05:30,1010.4,1,1002.51,8497627,387702.0,441134.0,986.2,1012.8,981.3,986.2,120511500,1084.8,887.6,1102.5,649.1,1010.3,384,8,1010.2,1480,10,1010.1,706,18,1010.0,816,10,1009.9,2447,15,1010.4,1030,6,1010.5,566,4,1010.6,540,7,1010.7,824,7,1010.8,517,9
317,2025-11-26 14:59:59+05:30,1010.4,3,1002.51,8497627,387702.0,441134.0,986.2,1012.8,981.3,986.2,120511500,1084.8,887.6,1102.5,649.1,1010.3,384,8,1010.2,1480,10,1010.1,706,18,1010.0,816,10,1009.9,2447,15,1010.4,1030,6,1010.5,566,4,1010.6,540,7,1010.7,824,7,1010.8,517,9
317,2025-11-26 15:00:00+05:30,1010.4,1,1002.51,8497656,387490.0,441138.0,986.2,1012.8,981.3,986.2,120511500,1084.8,887.6,1102.5,649.1,1010.3,721,17,1010.2,1480,10,1010.1,665,17,1010.0,816,10,1009.9,1939,14,1010.4,1013,6,1010.5,635,5,1010.6,540,7,1010.7,824,7,1010.8,510,8
317,2025-11-26 15:00:00+05:30,1010.3,118,1002.51,8497656,387490.0,441138.0,986.2,1012.8,981.3,986.2,120511500,1084.8,887.6,1102.5,649.1,1010.3,721,17,1010.2,1480,10,1010.1,665,17,1010.0,816,10,1009.9,1939,14,1010.4,1013,6,1010.5,635,5,1010.6,540,7,1010.7,824,7,1010.8,510,8
317,2025-11-26 15:00:01+05:30,1010.3,6,1002.51,8498614,387317.0,439179.0,986.2,1012.8,981.3,986.2,120511500,1084.8,887.6,1102.5,649.1,1010.3,548,17,1010.2,1480,10,1010.1,665,17,1010.0,816,10,1009.9,1939,14,1010.4,837,6,1010.5,635,5,1010.6,486,6,1010.7,686,6,1010.8,574,12
317,2025-11-26 15:00:01+05:30,1010.4,1,1002.51,8498614,387317.0,439179.0,986.2,1012.8,981.3,986.2,120511500,1084.8,887.6,1102.5,649.1,1010.3,548,17,1010.2,1480,10,1010.1,665,17,1010.0,816,10,1009.9,1939,14,1010.4,837,6,1010.5,635,5,1010.6,486,6,1010.7,686,6,1010.8,574,12
317,2025-11-26 15:00:02+05:30,1010.3,2,1002.51,8498877,388866.0,435932.0,986.2,1012.8,981.3,986.2,120511500,1084.8,887.6,1102.5,649.1,1010.3,1023,13,1010.2,1591,12,1010.1,639,15,1010.0,1391,13,1009.9,1867,13,1010.4,937,6,1010.5,635,5,1010.6,486,6,1010.7,302,5,1010.8,574,12
317,2025-11-26 15:00:02+05:30,1010.4,103,1002.51,8498877,388866.0,435932.0,986.2,1012.8,981.3,986.2,120511500,1084.8,887.6,1102.5,649.1,1010.3,1023,13,1010.2,1591,12,1010.1,639,15,1010.0,1391,13,1009.9,1867,13,1010.4,937,6,1010.5,635,5,1010.6,486,6,1010.7,302,5,1010.8,574,12
317,2025-11-26 15:00:03+05:30,1010.4,23,1002.52,8499011,389154.0,436477.0,986.2,1012.8,981.3,986.2,120511500,1084.8,887.6,1102.5,649.1,1010.3,1037,14,1010.2,1589,13,1010.1,598,14,1010.0,1429,14,1009.9,1944,14,1010.4,1099,7,1010.5,635,5,1010.6,870,7,1010.7,302,5,1010.8,574,12
317,2025-11-26 15:00:03+05:30,1010.4,23,1002.52,8499011,389154.0,436477.0,986.2,1012.8,981.3,986.2,120511500,1084.8,887.6,1102.5,649.1,1010.3,1037,14,1010.2,1589,13,1010.1,598,14,1010.0,1429,14,1009.9,1944,14,1010.4,1099,7,1010.5,635,5,1010.6,870,7,1010.7,302,5,1010.8,574,12
317,2025-11-26 15:00:04+05:30,1010.3,28,1002.52,8500390,390443.0,435618.0,986.2,1012.8,981.3,986.2,120511500,1084.8,887.6,1102.5,649.1,1010.3,649,12,1010.2,1551,12,1010.1,3375,20,1010.0,923,13,1009.9,1867,13,1010.4,341,6,1010.5,635,5,1010.6,870,7,1010.7,402,5,1010.8,420,11
317,2025-11-26 15:00:04+05:30,1010.3,28,1002.52,8500390,390443.0,435618.0,986.2,1012.8,981.3,986.2,120511500,1084.8,887.6,1102.5,649.1,1010.3,649,12,1010.2,1551,12,1010.1,3375,20,1010.0,923,13,1009.9,1867,13,1010.4,341,6,1010.5,635,5,1010.6,870,7,1010.7,402,5,1010.8,420,11
317,2025-11-26 15:00:05+05:30,1010.4,3,1002.52,8500390,390443.0,435618.0,986.2,1012.8,981.3,986.2,120511500,1084.8,887.6,1102.5,649.1,1010.3,649,12,1010.2,1551,12,1010.1,3375,20,1010.0,923,13,1009.9,1867,13,1010.4,341,6,1010.5,635,5,1010.6,870,7,1010.7,402,5,1010.8,420,11
317,2025-11-26 15:00:05+05:30,1010.4,3,1002.52,8500394,390929.0,435742.0,986.2,1012.8,981.3,986.2,120511500,1084.8,887.6,1102.5,649.1,1010.3,611,11,1010.2,1589,13,1010.1,3375,20,1010.0,923,13,1009.9,1867,13,1010.4,337,7,1010.5,635,5,1010.6,870,7,1010.7,402,5,1010.8,420,11
317,2025-11-26 15:00:06+05:30,1010.3,1,1002.52,8500394,390929.0,435742.0,986.2,1012.8,981.3,986.2,120511500,1084.8,887.6,1102.5,649.1,1010.3,611,11,1010.2,1589,13,1010.1,3375,20,1010.0,923,13,1009.9,1867,13,1010.4,337,7,1010.5,635,5,1010.6,870,7,1010.7,402,5,1010.8,420,11
317,2025-11-26 15:00:06+05:30,1010.3,1,1002.52,8500845,390912.0,435503.0,986.2,1012.8,981.3,986.2,120511500,1084.8,887.6,1102.5,649.1,1010.3,634,10,1010.2,1516,12,1010.1,3436,21,1010.0,923,13,1009.9,1841,12,1010.4,332,6,1010.5,635,5,1010.6,724,7,1010.7,180,4,1010.8,424,12
317,2025-11-26 15:00:07+05:30,1010.4,1,1002.52,8500845,390912.0,435503.0,986.2,1012.8,981.3,986.2,120511500,1084.8,887.6,1102.5,649.1,1010.3,634,10,1010.2,1516,12,1010.1,3436,21,1010.0,923,13,1009.9,1841,12,1010.4,332,6,1010.5,635,5,1010.6,724,7,1010.7,180,4,1010.8,424,12
317,2025-11-26 15:00:07+05:30,1010.4,1,1002.52,8500878,391963.0,435395.0,986.2,1012.8,981.3,986.2,120511500,1084.8,887.6,1102.5,649.1,1010.3,1881,14,1010.2,339,10,1010.1,3424,22,1010.0,897,11,1009.9,3341,14,1010.4,481,8,1010.5,635,5,1010.6,724,7,1010.7,180,4,1010.8,436,12
317,2025-11-26 15:00:08+05:30,1010.4,3,1002.52,8500878,391963.0,435395.0,986.2,1012.8,981.3,986.2,120511500,1084.8,887.6,1102.5,649.1,1010.3,1881,14,1010.2,339,10,1010.1,3424,22,1010.0,897,11,1009.9,3341,14,1010.4,481,8,1010.5,635,5,1010.6,724,7,1010.7,180,4,1010.8,436,12
317,2025-11-26 15:00:08+05:30,1010.3,1,1002.52,8500883,393944.0,435469.0,986.2,1012.8,981.3,986.2,120511500,1084.8,887.6,1102.5,649.1,1010.3,1915,14,1010.2,301,8,1010.1,3462,23,1010.0,870,11,1009.9,4896,17,1010.4,818,10,1010.5,635,5,1010.6,541,7,1010.7,180,4,1010.8,436,12
317,2025-11-26 15:00:09+05:30,1010.3,2,1002.52,8500883,393944.0,435469.0,986.2,1012.8,981.3,986.2,120511500,1084.8,887.6,1102.5,649.1,1010.3,1915,14,1010.2,301,8,1010.1,3462,23,1010.0,870,11,1009.9,4896,17,1010.4,818,10,1010.5,635,5,1010.6,541,7,1010.7,180,4,1010.8,436,12
317,2025-11-26 15:00:09+05:30,1010.3,2,1002.52,8501085,394070.0,435282.0,986.2,1012.8,981.3,986.2,120511500,1084.8,887.6,1102.5,649.1,1010.3,2073,15,1010.2,374,9,1010.1,3436,21,1010.0,870,11,1009.9,4896,17,1010.4,918,10,1010.5,635,5,1010.6,541,7,1010.7,126,3,1010.8,436,12
317,2025-11-26 15:00:10+05:30,1010.3,13,1002.52,8501085,394070.0,435282.0,986.2,1012.8,981.3,986.2,120511500,1084.8,887.6,1102.5,649.1,1010.3,2073,15,1010.2,374,9,1010.1,3436,21,1010.0,870,11,1009.9,4896,17,1010.4,918,10,1010.5,635,5,1010.6,541,7,1010.7,126,3,1010.8,436,12
317,2025-11-26 15:00:10+05:30,1010.4,2,1002.52,8501773,393884.0,435577.0,986.2,1012.8,981.3,986.2,120511500,1084.8,887.6,1102.5,649.1,1010.3,2080,15,1010.2,374,9,1010.1,3541,28,1010.0,870,11,1009.9,4896,17,1010.4,909,10,1010.5,682,6,1010.6,279,6,1010.7,15,2,1010.8,436,12
317,2025-11-26 15:00:11+05:30,1010.3,1,1002.52,8501773,393884.0,435577.0,986.2,1012.8,981.3,986.2,120511500,1084.8,887.6,1102.5,649.1,1010.3,2080,15,1010.2,374,9,1010.1,3541,28,1010.0,870,11,1009.9,4896,17,1010.4,909,10,1010.5,682,6,1010.6,279,6,1010.7,15,2,1010.8,436,12
317,2025-11-26 15:00:12+05:30,1010.3,1,1002.52,8501774,394097.0,435516.0,986.2,1012.8,981.3,986.2,120511500,1084.8,887.6,1102.5,649.1,1010.3,2079,15,1010.2,386,10,1010.1,3541,28,1010.0,870,11,1009.9,4896,17,1010.4,959,10,1010.5,682,6,1010.6,279,6,1010.7,15,2,1010.8,331,5
317,2025-11-26 15:00:12+05:30,1010.4,2,1002.52,8501774,394097.0,435516.0,986.2,1012.8,981.3,986.2,120511500,1084.8,887.6,1102.5,649.1,1010.3,2079,15,1010.2,386,10,1010.1,3541,28,1010.0,870,11,1009.9,4896,17,1010.4,959,10,1010.5,682,6,1010.6,279,6,1010.7,15,2,1010.8,331,5
317,2025-11-26 15:00:13+05:30,1010.4,23,1002.52,8502361,395247.0,435766.0,986.2,1012.8,981.3,986.2,120511500,1084.8,887.6,1102.5,649.1,1010.3,2392,15,1010.2,353,9,1010.1,3435,21,1010.0,933,14,1009.9,4975,22,1010.4,1138,13,1010.5,682,6,1010.6,279,6,1010.7,79,6,1010.8,417,9
317,2025-11-26 15:00:13+05:30,1010.3,7,1002.52,8502361,395247.0,435766.0,986.2,1012.8,981.3,986.2,120511500,1084.8,887.6,1102.5,649.1,1010.3,2392,15,1010.2,353,9,1010.1,3435,21,1010.0,933,14,1009.9,4975,22,1010.4,1138,13,1010.5,682,6,1010.6,279,6,1010.7,79,6,1010.8,417,9
317,2025-11-26 15:00:14+05:30,1010.3,7,1002.52,8502451,392224.0,435847.0,986.2,1012.8,981.3,986.2,120511500,1084.8,887.6,1102.5,649.1,1010.3,864,13,1010.2,1664,8,1010.1,3245,17,1010.0,863,12,1009.9,2001,20,1010.4,1425,15,1010.5,682,6,1010.6,407,8,1010.7,472,12,1010.8,428,8
317,2025-11-26 15:00:14+05:30,1010.3,1,1002.52,8502451,392224.0,435847.0,986.2,1012.8,981.3,986.2,120511500,1084.8,887.6,1102.5,649.1,1010.3,864,13,1010.2,1664,8,1010.1,3245,17,1010.0,863,12,1009.9,2001,20,1010.4,1425,15,1010.5,682,6,1010.6,407,8,1010.7,472,12,1010.8,428,8
317,2025-11-26 15:00:15+05:30,1010.4,13,1002.52,8502863,392094.0,435807.0,986.2,1012.8,981.3,986.2,120511500,1084.8,887.6,1102.5,649.1,1010.3,740,12,1010.2,1526,7,1010.1,3243,17,1010.0,826,11,1009.9,2023,20,1010.4,1380,14,1010.5,718,7,1010.6,444,9,1010.7,487,13,1010.8,428,8
317,2025-11-26 15:00:15+05:30,1010.3,9,1002.52,8502863,392094.0,435807.0,986.2,1012.8,981.3,986.2,120511500,1084.8,887.6,1102.5,649.1,1010.3,740,12,1010.2,1526,7,1010.1,3243,17,1010.0,826,11,1009.9,2023,20,1010.4,1380,14,1010.5,718,7,1010.6,444,9,1010.7,487,13,1010.8,428,8
317,2025-11-26 15:00:16+05:30,1010.4,136,1002.52,8503413,390712.0,436003.0,986.2,1012.8,981.3,986.2,120511500,1084.8,887.6,1102.5,649.1,1010.3,825,12,1010.2,217,7,1010.1,4719,19,1010.0,826,11,1009.9,1896,13,1010.4,1203,12,1010.5,682,6,1010.6,407,8,1010.7,453,11,1010.8,454,10
317,2025-11-26 15:00:16+05:30,1010.3,1,1002.52,8503413,390712.0,436003.0,986.2,1012.8,981.3,986.2,120511500,1084.8,887.6,1102.5,649.1,1010.3,825,12,1010.2,217,7,1010.1,4719,19,1010.0,826,11,1009.9,1896,13,1010.4,1203,12,1010.5,682,6,1010.6,407,8,1010.7,453,11,1010.8,454,10
317,2025-11-26 15:00:17+05:30,1010.3,2,1002.52,8503416,390713.0,436158.0,986.2,1012.8,981.3,986.2,120511500,1084.8,887.6,1102.5,649.1,1010.3,869,14,1010.2,219,7,1010.1,4674,18,1010.0,863,12,1009.9,1896,13,1010.4,1396,15,1010.5,682,6,1010.6,407,8,1010.7,453,11,1010.8,454,10
317,2025-11-26 15:00:17+05:30,1010.3,1,1002.52,8503416,390713.0,436158.0,986.2,1012.8,981.3,986.2,120511500,1084.8,887.6,1102.5,649.1,1010.3,869,14,1010.2,219,7,1010.1,4674,18,1010.0,863,12,1009.9,1896,13,1010.4,1396,15,1010.5,682,6,1010.6,407,8,1010.7,453,11,1010.8,454,10
317,2025-11-26 15:00:18+05:30,1010.3,20,1002.52,8503491,391019.0,436108.0,986.2,1012.8,981.3,986.2,120511500,1084.8,887.6,1102.5,649.1,1010.3,1324,15,1010.2,219,7,1010.1,4707,20,1010.0,702,10,1009.9,1896,13,1010.4,1374,14,1010.5,686,7,1010.6,407,8,1010.7,453,11,1010.8,450,9
317,2025-11-26 15:00:18+05:30,1010.4,1,1002.52,8503491,391019.0,436108.0,986.2,1012.8,981.3,986.2,120511500,1084.8,887.6,1102.5,649.1,1010.3,1324,15,1010.2,219,7,1010.1,4707,20,1010.0,702,10,1009.9,1896,13,1010.4,1374,14,1010.5,686,7,1010.6,407,8,1010.7,453,11,1010.8,450,9
317,2025-11-26 15:00:19+05:30,1010.4,217,1002.52,8505608,389359.0,432630.0,986.2,1012.8,981.3,986.2,120511500,1084.8,887.6,1102.5,649.1,1010.3,1271,12,1010.2,97,6,1010.1,1071,15,1010.0,2682,12,1009.9,1933,14,1010.4,248,9,1010.5,719,8,1010.6,407,8,1010.7,483,11,1010.8,368,7
317,2025-11-26 15:00:19+05:30,1010.4,1,1002.52,8505608,389359.0,432630.0,986.2,1012.8,981.3,986.2,120511500,1084.8,887.6,1102.5,649.1,1010.3,1271,12,1010.2,97,6,1010.1,1071,15,1010.0,2682,12,1009.9,1933,14,1010.4,248,9,1010.5,719,8,1010.6,407,8,1010.7,483,11,1010.8,368,7
317,2025-11-26 15:00:24+05:30,1010.4,122,1002.52,8507357,389586.0,430991.0,986.2,1012.8,981.3,986.2,120511500,1084.8,887.6,1102.5,649.1,1010.3,1717,15,1010.2,475,11,1010.1,2171,17,1010.0,871,11,1009.9,1996,17,1010.4,248,4,1010.5,718,8,1010.6,279,6,1010.7,15,2,1010.8,250,3
317,2025-11-26 15:00:24+05:30,1010.4,122,1002.52,8507357,389586.0,430991.0,986.2,1012.8,981.3,986.2,120511500,1084.8,887.6,1102.5,649.1,1010.3,1717,15,1010.2,475,11,1010.1,2171,17,1010.0,871,11,1009.9,1996,17,1010.4,248,4,1010.5,718,8,1010.6,279,6,1010.7,15,2,1010.8,250,3
317,2025-11-26 15:00:29+05:30,1010.5,1,1002.52,8507357,389586.0,430991.0,986.2,1012.8,981.3,986.2,120511500,1084.8,887.6,1102.5,649.1,1010.3,1717,15,1010.2,475,11,1010.1,2171,17,1010.0,871,11,1009.9,1996,17,1010.4,248,4,1010.5,718,8,1010.6,279,6,1010.7,15,2,1010.8,250,3
317,2025-11-26 15:00:30+05:30,1010.5,22,1002.53,8510062,392335.0,432423.0,986.2,1012.8,981.3,986.2,120511500,1084.8,887.6,1102.5,649.1,1010.4,541,7,1010.3,962,13,1010.2,453,10,1010.1,2150,16,1010.0,1552,16,1010.5,759,10,1010.6,36,4,1010.7,15,2,1010.8,295,5,1010.9,692,19
317,2025-11-26 15:00:35+05:30,1010.4,6,1002.53,8510062,392335.0,432423.0,986.2,1012.8,981.3,986.2,120511500,1084.8,887.6,1102.5,649.1,1010.4,541,7,1010.3,962,13,1010.2,453,10,1010.1,2150,16,1010.0,1552,16,1010.5,759,10,1010.6,36,4,1010.7,15,2,1010.8,295,5,1010.9,692,19
317,2025-11-26 15:00:35+05:30,1010.5,1,1002.53,8512128,392718.0,435485.0,986.2,1012.8,981.3,986.2,120511500,1084.8,887.6,1102.5,649.1,1010.4,285,7,1010.3,2442,13,1010.2,544,10,1010.1,815,22,1010.0,941,15,1010.5,829,14,1010.6,2648,6,1010.7,69,3,1010.8,399,6,1010.9,652,19
317,2025-11-26 15:00:40+05:30,1010.4,1,1002.53,8512128,392718.0,435485.0,986.2,1012.8,981.3,986.2,120511500,1084.8,887.6,1102.5,649.1,1010.4,285,7,1010.3,2442,13,1010.2,544,10,1010.1,815,22,1010.0,941,15,1010.5,829,14,1010.6,2648,6,1010.7,69,3,1010.8,399,6,1010.9,652,19
317,2025-11-26 15:00:41+05:30,1010.3,1,1002.53,8514304,392958.0,437220.0,986.2,1012.8,981.3,986.2,120511500,1084.8,887.6,1102.5,649.1,1010.3,2311,11,1010.2,305,8,1010.1,762,18,1010.0,905,13,1009.9,3202,15,1010.4,39,2,1010.5,1021,14,1010.6,2727,8,1010.7,872,6,1010.8,600,8
317,2025-11-26 15:00:45+05:30,1010.3,212,1002.53,8514304,392958.0,437220.0,986.2,1012.8,981.3,986.2,120511500,1084.8,887.6,1102.5,649.1,1010.3,2311,11,1010.2,305,8,1010.1,762,18,1010.0,905,13,1009.9,3202,15,1010.4,39,2,1010.5,1021,14,1010.6,2727,8,1010.7,872,6,1010.8,600,8
317,2025-11-26 15:00:46+05:30,1010.2,8,1002.53,8518575,388663.0,438128.0,986.2,1012.8,981.3,986.2,120511500,1084.8,887.6,1102.5,649.1,1010.2,15,3,1010.1,153,8,1010.0,840,11,1009.9,2065,8,1009.8,2474,8,1010.3,67,2,1010.4,801,11,1010.5,992,13,1010.6,2647,10,1010.7,1066,9
317,2025-11-26 15:00:50+05:30,1010.3,34,1002.53,8518575,388663.0,438128.0,986.2,1012.8,981.3,986.2,120511500,1084.8,887.6,1102.5,649.1,1010.2,15,3,1010.1,153,8,1010.0,840,11,1009.9,2065,8,1009.8,2474,8,1010.3,67,2,1010.4,801,11,1010.5,992,13,1010.6,2647,10,1010.7,1066,9
317,2025-11-26 15:00:52+05:30,1010.1,2,1002.53,8519597,386475.0,439323.0,986.2,1012.8,981.3,986.2,120511500,1084.8,887.6,1102.5,649.1,1010.1,8,1,1010.0,50,5,1009.9,1552,5,1009.8,2285,6,1009.7,1234,12,1010.2,365,7,1010.3,1675,14,1010.4,3246,11,1010.5,634,12,1010.6,644,18
317,2025-11-26 15:00:55+05:30,1009.9,59,1002.53,8519597,386475.0,439323.0,986.2,1012.8,981.3,986.2,120511500,1084.8,887.6,1102.5,649.1,1010.1,8,1,1010.0,50,5,1009.9,1552,5,1009.8,2285,6,1009.7,1234,12,1010.2,365,7,1010.3,1675,14,1010.4,3246,11,1010.5,634,12,1010.6,644,18
317,2025-11-26 15:00:57+05:30,1009.9,10,1002.53,8520530,384797.0,442551.0,986.2,1012.8,981.3,986.2,120511500,1084.8,887.6,1102.5,649.1,1009.9,87,4,1009.8,2029,2,1009.7,658,4,1009.6,2596,12,1009.5,1580,18,1010.0,749,4,1010.1,99,3,1010.2,1236,14,1010.3,1517,10,1010.4,3190,11
317,2025-11-26 15:01:00+05:30,1009.9,5,1002.53,8520530,384797.0,442551.0,986.2,1012.8,981.3,986.2,120511500,1084.8,887.6,1102.5,649.1,1009.9,87,4,1009.8,2029,2,1009.7,658,4,1009.6,2596,12,1009.5,1580,18,1010.0,749,4,1010.1,99,3,1010.2,1236,14,1010.3,1517,10,1010.4,3190,11
317,2025-11-26 15:01:03+05:30,1009.9,90,1002.54,8521231,384155.0,439229.0,986.2,1012.8,981.3,986.2,120511500,1084.8,887.6,1102.5,649.1,1009.8,1849,5,1009.7,487,4,1009.6,1038,10,1009.5,2729,18,1009.4,767,11,1009.9,2963,8,1010.0,891,10,1010.1,1124,8,1010.2,678,6,1010.3,938,9
317,2025-11-26 15:01:06+05:30,1009.8,182,1002.54,8521231,384155.0,439229.0,986.2,1012.8,981.3,986.2,120511500,1084.8,887.6,1102.5,649.1,1009.8,1849,5,1009.7,487,4,1009.6,1038,10,1009.5,2729,18,1009.4,767,11,1009.9,2963,8,1010.0,891,10,1010.1,1124,8,1010.2,678,6,1010.3,938,9
317,2025-11-26 15:01:09+05:30,1009.9,180,1002.54,8523921,387070.0,437616.0,986.2,1012.8,981.3,986.2,120511500,1084.8,887.6,1102.5,649.1,1009.8,1442,12,1009.7,2163,11,1009.6,1204,12,1009.5,1320,17,1009.4,804,11,1009.9,92,5,1010.0,2015,10,1010.1,1329,6,1010.2,392,2,1010.3,1014,14
317,2025-11-26 15:01:11+05:30,1009.9,84,1002.54,8523921,387070.0,437616.0,986.2,1012.8,981.3,986.2,120511500,1084.8,887.6,1102.5,649.1,1009.8,1442,12,1009.7,2163,11,1009.6,1204,12,1009.5,1320,17,1009.4,804,11,1009.9,92,5,1010.0,2015,10,1010.1,1329,6,1010.2,392,2,1010.3,1014,14
317,2025-11-26 15:01:14+05:30,1009.9,2,1002.54,8525667,386671.0,437028.0,986.2,1012.8,981.3,986.2,120511500,1084.8,887.6,1102.5,649.1,1009.8,631,10,1009.7,2312,15,1009.6,1153,12,1009.5,1859,20,1009.4,870,15,1009.9,80,1,1010.0,2012,6,1010.1,1344,6,1010.2,318,1,1010.3,718,8
317,2025-11-26 15:01:16+05:30,1009.9,2,1002.54,8525667,386671.0,437028.0,986.2,1012.8,981.3,986.2,120511500,1084.8,887.6,1102.5,649.1,1009.8,631,10,1009.7,2312,15,1009.6,1153,12,1009.5,1859,20,1009.4,870,15,1009.9,80,1,1010.0,2012,6,1010.1,1344,6,1010.2,318,1,1010.3,718,8
317,2025-11-26 15:01:19+05:30,1009.9,3,1002.54,8528956,377984.0,432907.0,986.2,1012.8,981.3,986.2,120511500,1084.8,887.6,1102.5,649.1,1009.9,42,1,1009.8,383,7,1009.7,493,6,1009.6,1505,10,1009.5,2478,17,1010.0,1233,10,1010.1,1698,11,1010.2,4048,7,1010.3,597,7,1010.4,925,13
317,2025-11-26 15:01:20+05:30,1009.9,321,1002.54,8528956,377984.0,432907.0,986.2,1012.8,981.3,986.2,120511500,1084.8,887.6,1102.5,649.1,1009.9,42,1,1009.8,383,7,1009.7,493,6,1009.6,1505,10,1009.5,2478,17,1010.0,1233,10,1010.1,1698,11,1010.2,4048,7,1010.3,597,7,1010.4,925,13
317,2025-11-26 15:01:20+05:30,1009.9,321,1002.54,8529780,377923.0,431940.0,986.2,1012.8,981.3,986.2,120511500,1084.8,887.6,1102.5,649.1,1009.8,368,5,1009.7,514,6,1009.6,1572,12,1009.5,2611,19,1009.4,622,8,1009.9,83,1,1010.0,1156,11,1010.1,1467,8,1010.2,3647,5,1010.3,605,8
317,2025-11-26 15:01:21+05:30,1009.8,2,1002.54,8529780,377923.0,431940.0,986.2,1012.8,981.3,986.2,120511500,1084.8,887.6,1102.5,649.1,1009.8,368,5,1009.7,514,6,1009.6,1572,12,1009.5,2611,19,1009.4,622,8,1009.9,83,1,1010.0,1156,11,1010.1,1467,8,1010.2,3647,5,1010.3,605,8
317,2025-11-26 15:01:21+05:30,1009.8,2,1002.54,8529866,378319.0,432184.0,986.2,1012.8,981.3,986.2,120511500,1084.8,887.6,1102.5,649.1,1009.8,749,7,1009.7,514,6,1009.6,1565,12,1009.5,2611,19,1009.4,616,7,1009.9,6,1,1010.0,1151,10,1010.1,1524,9,1010.2,3704,6,1010.3,597,7
317,2025-11-26 15:01:22+05:30,1009.9,96,1002.54,8529866,378319.0,432184.0,986.2,1012.8,981.3,986.2,120511500,1084.8,887.6,1102.5,649.1,1009.8,749,7,1009.7,514,6,1009.6,1565,12,1009.5,2611,19,1009.4,616,7,1009.9,6,1,1010.0,1151,10,1010.1,1524,9,1010.2,3704,6,1010.3,597,7
317,2025-11-26 15:01:22+05:30,1010.0,4,1002.54,8530182,377798.0,432248.0,986.2,1012.8,981.3,986.2,120511500,1084.8,887.6,1102.5,649.1,1009.9,138,2,1009.8,228,6,1009.7,459,5,1009.6,1515,11,1009.5,2561,18,1010.0,1179,10,1010.1,1660,10,1010.2,3754,7,1010.3,597,7,1010.4,926,13
317,2025-11-26 15:01:23+05:30,1010.0,4,1002.54,8530182,377798.0,432248.0,986.2,1012.8,981.3,986.2,120511500,1084.8,887.6,1102.5,649.1,1009.9,138,2,1009.8,228,6,1009.7,459,5,1009.6,1515,11,1009.5,2561,18,1010.0,1179,10,1010.1,1660,10,1010.2,3754,7,1010.3,597,7,1010.4,926,13
317,2025-11-26 15:01:23+05:30,1010.0,4,1002.54,8530298,377710.0,432712.0,986.2,1012.8,981.3,986.2,120511500,1084.8,887.6,1102.5,649.1,1009.9,113,2,1009.8,156,4,1009.7,458,4,1009.6,1454,10,1009.5,2479,17,1010.0,1110,11,1010.1,1700,10,1010.2,3829,8,1010.3,597,7,1010.4,926,13
317,2025-11-26 15:01:24+05:30,1010.0,3,1002.54,8530298,377710.0,432712.0,986.2,1012.8,981.3,986.2,120511500,1084.8,887.6,1102.5,649.1,1009.9,113,2,1009.8,156,4,1009.7,458,4,1009.6,1454,10,1009.5,2479,17,1010.0,1110,11,1010.1,1700,10,1010.2,3829,8,1010.3,597,7,1010.4,926,13
317,2025-11-26 15:01:24+05:30,1010.0,3,1002.54,8530513,378023.0,432225.0,986.2,1012.8,981.3,986.2,120511500,1084.8,887.6,1102.5,649.1,1009.9,164,4,1009.8,156,4,1009.7,779,7,1009.6,1509,11,1009.5,2479,17,1010.0,1030,13,1010.1,1643,9,1010.2,3511,4,1010.3,579,7,1010.4,917,12
317,2025-11-26 15:01:25+05:30,1010.0,11,1002.54,8530513,378023.0,432225.0,986.2,1012.8,981.3,986.2,120511500,1084.8,887.6,1102.5,649.1,1009.9,164,4,1009.8,156,4,1009.7,779,7,1009.6,1509,11,1009.5,2479,17,1010.0,1030,13,1010.1,1643,9,1010.2,3511,4,1010.3,579,7,1010.4,917,12
317,2025-11-26 15:01:25+05:30,1010.0,2,1002.54,8530542,377681.0,431900.0,986.2,1012.8,981.3,986.2,120511500,1084.8,887.6,1102.5,649.1,1009.9,178,5,1009.8,142,3,1009.7,802,8,1009.6,1479,10,1009.5,2479,17,1010.0,1001,13,1010.1,1643,9,1010.2,3701,6,1010.3,529,6,1010.4,967,13
317,2025-11-26 15:01:26+05:30,1009.9,1,1002.54,8530542,377681.0,431900.0,986.2,1012.8,981.3,986.2,120511500,1084.8,887.6,1102.5,649.1,1009.9,178,5,1009.8,142,3,1009.7,802,8,1009.6,1479,10,1009.5,2479,17,1010.0,1001,13,1010.1,1643,9,1010.2,3701,6,1010.3,529,6,1010.4,967,13
317,2025-11-26 15:01:26+05:30,1010.0,25,1002.54,8530577,378024.0,431822.0,986.2,1012.8,981.3,986.2,120511500,1084.8,887.6,1102.5,649.1,1009.9,179,7,1009.8,142,3,1009.7,802,8,1009.6,1529,11,1009.5,2487,18,1010.0,917,14,1010.1,1643,9,1010.2,3647,5,1010.3,601,7,1010.4,967,13
317,2025-11-26 15:01:27+05:30,1009.9,3,1002.54,8530577,378024.0,431822.0,986.2,1012.8,981.3,986.2,120511500,1084.8,887.6,1102.5,649.1,1009.9,179,7,1009.8,142,3,1009.7,802,8,1009.6,1529,11,1009.5,2487,18,1010.0,917,14,1010.1,1643,9,1010.2,3647,5,1010.3,601,7,1010.4,967,13
317,2025-11-26 15:01:27+05:30,1009.9,7,1002.54,8530591,378040.0,431913.0,986.2,1012.8,981.3,986.2,120511500,1084.8,887.6,1102.5,649.1,1009.9,155,6,1009.8,142,3,1009.7,719,8,1009.6,1529,11,1009.5,2487,18,1010.0,978,15,1010.1,1568,8,1010.2,3647,5,1010.3,601,7,1010.4,967,13
317,2025-11-26 15:01:28+05:30,1010.0,1,1002.54,8530591,378040.0,431913.0,986.2,1012.8,981.3,986.2,120511500,1084.8,887.6,1102.5,649.1,1009.9,155,6,1009.8,142,3,1009.7,719,8,1009.6,1529,11,1009.5,2487,18,1010.0,978,15,1010.1,1568,8,1010.2,3647,5,1010.3,601,7,1010.4,967,13
317,2025-11-26 15:01:28+05:30,1010.0,1,1002.54,8530654,378077.0,431907.0,986.2,1012.8,981.3,986.2,120511500,1084.8,887.6,1102.5,649.1,1009.9,93,6,1009.8,142,3,1009.7,719,8,1009.6,1479,10,1009.5,2537,19,1010.0,918,15,1010.1,1568,8,1010.2,3699,6,1010.3,651,8,1010.4,917,12
317,2025-11-26 15:01:30+05:30,1010.0,14,1002.54,8530892,377280.0,431687.0,986.2,1012.8,981.3,986.2,120511500,1084.8,887.6,1102.5,649.1,1009.9,42,4,1009.8,142,3,1009.7,888,10,1009.6,1548,11,1009.5,2569,20,1010.0,726,16,1010.1,1568,8,1010.2,3649,5,1010.3,651,8,1010.4,967,13
317,2025-11-26 15:01:30+05:30,1010.0,4,1002.54,8530892,377280.0,431687.0,986.2,1012.8,981.3,986.2,120511500,1084.8,887.6,1102.5,649.1,1009.9,42,4,1009.8,142,3,1009.7,888,10,1009.6,1548,11,1009.5,2569,20,1010.0,726,16,1010.1,1568,8,1010.2,3649,5,1010.3,651,8,1010.4,967,13
317,2025-11-26 15:01:31+05:30,1009.9,14,1002.54,8531078,377434.0,432182.0,986.2,1012.8,981.3,986.2,120511500,1084.8,887.6,1102.5,649.1,1009.8,255,6,1009.7,828,10,1009.6,1606,12,1009.5,2655,21,1009.4,745,10,1009.9,24,1,1010.0,1072,17,1010.1,1392,7,1010.2,3649,5,1010.3,664,9
317,2025-11-26 15:01:31+05:30,1009.8,1,1002.54,8531078,377434.0,432182.0,986.2,1012.8,981.3,986.2,120511500,1084.8,887.6,1102.5,649.1,1009.8,255,6,1009.7,828,10,1009.6,1606,12,1009.5,2655,21,1009.4,745,10,1009.9,24,1,1010.0,1072,17,1010.1,1392,7,1010.2,3649,5,1010.3,664,9
317,2025-11-26 15:01:32+05:30,1009.8,1,1002.54,8531086,377497.0,432568.0,986.2,1012.8,981.3,986.2,120511500,1084.8,887.6,1102.5,649.1,1009.8,200,6,1009.7,827,10,1009.6,1660,13,1009.5,2601,20,1009.4,745,10,1009.9,31,3,1010.0,1412,16,1010.1,1344,6,1010.2,3703,6,1010.3,610,8
317,2025-11-26 15:01:32+05:30,1009.9,1,1002.54,8531086,377497.0,432568.0,986.2,1012.8,981.3,986.2,120511500,1084.8,887.6,1102.5,649.1,1009.8,200,6,1009.7,827,10,1009.6,1660,13,1009.5,2601,20,1009.4,745,10,1009.9,31,3,1010.0,1412,16,1010.1,1344,6,1010.2,3703,6,1010.3,610,8
317,2025-11-26 15:01:33+05:30,1009.9,2,1002.54,8531119,377546.0,432625.0,986.2,1012.8,981.3,986.2,120511500,1084.8,887.6,1102.5,649.1,1009.8,200,6,1009.7,827,10,1009.6,1606,12,1009.5,2655,21,1009.4,745,10,1009.9,38,2,1010.0,1400,17,1010.1,1344,6,1010.2,3649,5,1010.3,655,8
317,2025-11-26 15:01:33+05:30,1009.9,2,1002.54,8531119,377546.0,432625.0,986.2,1012.8,981.3,986.2,120511500,1084.8,887.6,1102.5,649.1,1009.8,200,6,1009.7,827,10,1009.6,1606,12,1009.5,2655,21,1009.4,745,10,1009.9,38,2,1010.0,1400,17,1010.1,1344,6,1010.2,3649,5,1010.3,655,8
317,2025-11-26 15:01:34+05:30,1009.9,25,1002.54,8531422,377929.0,432490.0,986.2,1012.8,981.3,986.2,120511500,1084.8,887.6,1102.5,649.1,1009.8,200,6,1009.7,773,9,1009.6,1812,16,1009.5,2698,21,1009.4,745,10,1009.9,15,2,1010.0,1400,17,1010.1,1344,6,1010.2,3522,3,1010.3,567,7
317,2025-11-26 15:01:34+05:30,1009.9,25,1002.54,8531422,377929.0,432490.0,986.2,1012.8,981.3,986.2,120511500,1084.8,887.6,1102.5,649.1,1009.8,200,6,1009.7,773,9,1009.6,1812,16,1009.5,2698,21,1009.4,745,10,1009.9,15,2,1010.0,1400,17,1010.1,1344,6,1010.2,3522,3,1010.3,567,7
317,2025-11-26 15:01:35+05:30,1009.9,1,1002.54,8532152,380451.0,432418.0,986.2,1012.8,981.3,986.2,120511500,1084.8,887.6,1102.5,649.1,1009.9,2511,3,1009.8,171,5,1009.7,722,9,1009.6,1689,14,1009.5,2752,22,1010.0,1305,15,1010.1,1344,6,1010.2,3625,5,1010.3,545,7,1010.4,771,14
317,2025-11-26 15:01:35+05:30,1009.9,1,1002.54,8532152,380451.0,432418.0,986.2,1012.8,981.3,986.2,120511500,1084.8,887.6,1102.5,649.1,1009.9,2511,3,1009.8,171,5,1009.7,722,9,1009.6,1689,14,1009.5,2752,22,1010.0,1305,15,1010.1,1344,6,1010.2,3625,5,1010.3,545,7,1010.4,771,14
317,2025-11-26 15:01:36+05:30,1009.9,1,1002.54,8532179,380771.0,431855.0,986.2,1012.8,981.3,986.2,120511500,1084.8,887.6,1102.5,649.1,1009.9,2500,4,1009.8,169,5,1009.7,858,10,1009.6,1635,13,1009.5,2806,23,1010.0,1695,17,1010.1,1344,6,1010.2,3679,6,1010.3,545,7,1010.4,717,13
317,2025-11-26 15:01:36+05:30,1009.9,1,1002.54,8532179,380771.0,431855.0,986.2,1012.8,981.3,986.2,120511500,1084.8,887.6,1102.5,649.1,1009.9,2500,4,1009.8,169,5,1009.7,858,10,1009.6,1635,13,1009.5,2806,23,1010.0,1695,17,1010.1,1344,6,1010.2,3679,6,1010.3,545,7,1010.4,717,13
317,2025-11-26 15:01:37+05:30,1009.9,10,1002.54,8532189,380563.0,432370.0,986.2,1012.8,981.3,986.2,120511500,1084.8,887.6,1102.5,649.1,1009.9,2804,8,1009.8,169,5,1009.7,858,10,1009.6,1612,12,1009.5,2806,23,1010.0,1716,18,1010.1,1344,6,1010.2,3571,4,1010.3,653,9,1010.4,717,13
317,2025-11-26 15:01:37+05:30,1009.9,10,1002.54,8532189,380563.0,432370.0,986.2,1012.8,981.3,986.2,120511500,1084.8,887.6,1102.5,649.1,1009.9,2804,8,1009.8,169,5,1009.7,858,10,1009.6,1612,12,1009.5,2806,23,1010.0,1716,18,1010.1,1344,6,1010.2,3571,4,1010.3,653,9,1010.4,717,13
317,2025-11-26 15:01:38+05:30,1009.9,62,1002.54,8532189,380563.0,432370.0,986.2,1012.8,981.3,986.2,120511500,1084.8,887.6,1102.5,649.1,1009.9,2804,8,1009.8,169,5,1009.7,858,10,1009.6,1612,12,1009.5,2806,23,1010.0,1716,18,1010.1,1344,6,1010.2,3571,4,1010.3,653,9,1010.4,717,13
317,2025-11-26 15:01:38+05:30,1009.9,62,1002.54,8532251,380494.0,432437.0,986.2,1012.8,981.3,986.2,120511500,1084.8,887.6,1102.5,649.1,1009.9,2742,8,1009.8,169,5,1009.7,858,10,1009.6,1612,12,1009.5,2806,23,1010.0,1721,19,1010.1,1393,7,1010.2,3679,6,1010.3,545,7,1010.4,660,12
317,2025-11-26 15:01:39+05:30,1009.9,62,1002.54,8532251,380553.0,432465.0,986.2,1012.8,981.3,986.2,120511500,1084.8,887.6,1102.5,649.1,1009.9,2825,9,1009.8,169,5,1009.7,858,10,1009.6,1612,12,1009.5,2752,22,1010.0,1722,20,1010.1,1344,6,1010.2,3571,4,1010.3,653,9,1010.4,660,12
317,2025-11-26 15:01:40+05:30,1009.9,3,1002.54,8532251,380553.0,432465.0,986.2,1012.8,981.3,986.2,120511500,1084.8,887.6,1102.5,649.1,1009.9,2825,9,1009.8,169,5,1009.7,858,10,1009.6,1612,12,1009.5,2752,22,1010.0,1722,20,1010.1,1344,6,1010.2,3571,4,1010.3,653,9,1010.4,660,12
317,2025-11-26 15:01:40+05:30,1010.0,2,1002.55,8532589,380624.0,432382.0,986.2,1012.8,981.3,986.2,120511500,1084.8,887.6,1102.5,649.1,1009.9,2871,11,1009.8,178,5,1009.7,794,10,1009.6,1677,13,1009.5,2873,25,1010.0,1718,20,1010.1,1344,6,1010.2,3621,5,1010.3,599,8,1010.4,652,11
317,2025-11-26 15:01:41+05:30,1009.9,1,1002.55,8532589,380624.0,432382.0,986.2,1012.8,981.3,986.2,120511500,1084.8,887.6,1102.5,649.1,1009.9,2871,11,1009.8,178,5,1009.7,794,10,1009.6,1677,13,1009.5,2873,25,1010.0,1718,20,1010.1,1344,6,1010.2,3621,5,1010.3,599,8,1010.4,652,11
317,2025-11-26 15:01:41+05:30,1009.9,1,1002.55,8532614,380860.0,432106.0,986.2,1012.8,981.3,986.2,120511500,1084.8,887.6,1102.5,649.1,1009.9,2926,12,1009.8,227,6,1009.7,1119,12,1009.6,1677,13,1009.5,2873,25,1010.0,1713,20,1010.1,1344,6,1010.2,3522,3,1010.3,527,6,1010.4,649,11
317,2025-11-26 15:01:42+05:30,1009.9,207,1002.55,8532614,380860.0,432106.0,986.2,1012.8,981.3,986.2,120511500,1084.8,887.6,1102.5,649.1,1009.9,2926,12,1009.8,227,6,1009.7,1119,12,1009.6,1677,13,1009.5,2873,25,1010.0,1713,20,1010.1,1344,6,1010.2,3522,3,1010.3,527,6,1010.4,649,11
317,2025-11-26 15:01:42+05:30,1010.0,5,1002.55,8532830,380625.0,432179.0,986.2,1012.8,981.3,986.2,120511500,1084.8,887.6,1102.5,649.1,1009.9,2734,13,1009.8,227,6,1009.7,1118,12,1009.6,3152,17,1009.5,1406,22,1010.0,1745,20,1010.1,1344,6,1010.2,3522,3,1010.3,527,6,1010.4,698,12
317,2025-11-26 15:01:43+05:30,1009.9,14,1002.55,8532830,380625.0,432179.0,986.2,1012.8,981.3,986.2,120511500,1084.8,887.6,1102.5,649.1,1009.9,2734,13,1009.8,227,6,1009.7,1118,12,1009.6,3152,17,1009.5,1406,22,1010.0,1745,20,1010.1,1344,6,1010.2,3522,3,1010.3,527,6,1010.4,698,12
317,2025-11-26 15:01:43+05:30,1009.9,14,1002.55,8533508,380453.0,432261.0,986.2,1012.8,981.3,986.2,120511500,1084.8,887.6,1102.5,649.1,1009.9,2628,14,1009.8,228,7,1009.7,1167,13,1009.6,3098,16,1009.5,1406,22,1010.0,1624,18,1010.1,1344,6,1010.2,3580,4,1010.3,527,6,1010.4,698,12
317,2025-11-26 15:01:44+05:30,1010.0,4,1002.55,8533508,380453.0,432261.0,986.2,1012.8,981.3,986.2,120511500,1084.8,887.6,1102.5,649.1,1009.9,2628,14,1009.8,228,7,1009.7,1167,13,1009.6,3098,16,1009.5,1406,22,1010.0,1624,18,1010.1,1344,6,1010.2,3580,4,1010.3,527,6,1010.4,698,12
317,2025-11-26 15:01:45+05:30,1010.0,23,1002.55,8536249,383898.0,426364.0,986.2,1012.8,981.3,986.2,120511500,1084.8,887.6,1102.5,649.1,1010.0,1583,7,1009.9,2699,18,1009.8,2394,18,1009.7,1507,22,1009.6,2347,17,1010.1,1114,5,1010.2,3311,1,1010.5,203,4,1010.6,351,8,1010.7,348,8
317,2025-11-26 15:01:45+05:30,1010.0,9,1002.55,8536249,383898.0,426364.0,986.2,1012.8,981.3,986.2,120511500,1084.8,887.6,1102.5,649.1,1010.0,1583,7,1009.9,2699,18,1009.8,2394,18,1009.7,1507,22,1009.6,2347,17,1010.1,1114,5,1010.2,3311,1,1010.5,203,4,1010.6,351,8,1010.7,348,8
317,2025-11-26 15:01:46+05:30,1010.0,1,1002.55,8537808,383816.0,427667.0,986.2,1012.8,981.3,986.2,120511500,1084.8,887.6,1102.5,649.1,1010.0,2537,13,1009.9,1978,12,1009.8,602,15,1009.7,1428,17,1009.6,4031,22,1010.1,1258,7,1010.2,3772,2,1010.4,250,3,1010.5,436,6,1010.6,511,11
317,2025-11-26 15:01:46+05:30,1010.2,437,1002.55,8537808,383816.0,427667.0,986.2,1012.8,981.3,986.2,120511500,1084.8,887.6,1102.5,649.1,1010.0,2537,13,1009.9,1978,12,1009.8,602,15,1009.7,1428,17,1009.6,4031,22,1010.1,1258,7,1010.2,3772,2,1010.4,250,3,1010.5,436,6,1010.6,511,11
317,2025-11-26 15:01:47+05:30,1010.2,3,1002.56,8544780,384550.0,425030.0,986.2,1012.8,981.3,986.2,120511500,1084.8,887.6,1102.5,649.1,1010.1,1122,7,1010.0,1949,9,1009.9,2407,15,1009.8,686,14,1009.7,1381,18,1010.2,1848,2,1010.5,203,4,1010.6,293,8,1010.7,451,10,1010.8,563,14
317,2025-11-26 15:01:47+05:30,1010.0,3,1002.56,8544780,384550.0,425030.0,986.2,1012.8,981.3,986.2,120511500,1084.8,887.6,1102.5,649.1,1010.1,1122,7,1010.0,1949,9,1009.9,2407,15,1009.8,686,14,1009.7,1381,18,1010.2,1848,2,1010.5,203,4,1010.6,293,8,1010.7,451,10,1010.8,563,14
317,2025-11-26 15:01:48+05:30,1010.0,3,1002.56,8546743,381586.0,427007.0,986.2,1012.8,981.3,986.2,120511500,1084.8,887.6,1102.5,649.1,1010.1,27,1,1010.0,1446,7,1009.9,2009,14,1009.8,749,16,1009.7,1416,16,1010.2,2121,4,1010.4,1605,1,1010.5,344,6,1010.6,293,8,1010.7,837,12
317,2025-11-26 15:01:48+05:30,1010.2,3,1002.56,8546743,381586.0,427007.0,986.2,1012.8,981.3,986.2,120511500,1084.8,887.6,1102.5,649.1,1010.1,27,1,1010.0,1446,7,1009.9,2009,14,1009.8,749,16,1009.7,1416,16,1010.2,2121,4,1010.4,1605,1,1010.5,344,6,1010.6,293,8,1010.7,837,12
317,2025-11-26 15:01:49+05:30,1010.1,10,1002.56,8547528,382618.0,427523.0,986.2,1012.8,981.3,986.2,120511500,1084.8,887.6,1102.5,649.1,1010.0,1345,6,1009.9,2726,17,1009.8,589,11,1009.7,1155,14,1009.6,4112,15,1010.1,18,1,1010.2,2115,4,1010.3,454,1,1010.4,1605,1,1010.5,344,6
317,2025-11-26 15:01:49+05:30,1010.1,108,1002.56,8547528,382618.0,427523.0,986.2,1012.8,981.3,986.2,120511500,1084.8,887.6,1102.5,649.1,1010.0,1345,6,1009.9,2726,17,1009.8,589,11,1009.7,1155,14,1009.6,4112,15,1010.1,18,1,1010.2,2115,4,1010.3,454,1,1010.4,1605,1,1010.5,344,6
317,2025-11-26 15:01:50+05:30,1010.1,125,1002.56,8548174,385837.0,427591.0,986.2,1012.8,981.3,986.2,120511500,1084.8,887.6,1102.5,649.1,1010.0,1381,6,1009.9,2918,18,1009.8,827,17,1009.7,1155,14,1009.6,5905,23,1010.1,7,1,1010.2,1958,4,1010.3,454,1,1010.4,1605,1,1010.5,344,6
317,2025-11-26 15:01:50+05:30,1010.1,125,1002.56,8548174,385837.0,427591.0,986.2,1012.8,981.3,986.2,120511500,1084.8,887.6,1102.5,649.1,1010.0,1381,6,1009.9,2918,18,1009.8,827,17,1009.7,1155,14,1009.6,5905,23,1010.1,7,1,1010.2,1958,4,1010.3,454,1,1010.4,1605,1,1010.5,344,6
317,2025-11-26 15:01:51+05:30,1010.1,4,1002.56,8548727,386999.0,427872.0,986.2,1012.8,981.3,986.2,120511500,1084.8,887.6,1102.5,649.1,1010.0,1303,5,1009.9,2918,18,1009.8,839,17,1009.7,1196,15,1009.6,5276,22,1010.1,817,2,1010.2,1597,3,1010.3,454,1,1010.4,1605,1,1010.5,370,8
317,2025-11-26 15:01:51+05:30,1010.1,4,1002.56,8548727,386999.0,427872.0,986.2,1012.8,981.3,986.2,120511500,1084.8,887.6,1102.5,649.1,1010.0,1303,5,1009.9,2918,18,1009.8,839,17,1009.7,1196,15,1009.6,5276,22,1010.1,817,2,1010.2,1597,3,1010.3,454,1,1010.4,1605,1,1010.5,370,8
317,2025-11-26 15:01:52+05:30,1010.0,5,1002.56,8548727,386999.0,427872.0,986.2,1012.8,981.3,986.2,120511500,1084.8,887.6,1102.5,649.1,1010.0,1303,5,1009.9,2918,18,1009.8,839,17,1009.7,1196,15,1009.6,5276,22,1010.1,817,2,1010.2,1597,3,1010.3,454,1,1010.4,1605,1,1010.5,370,8
317,2025-11-26 15:01:52+05:30,1010.0,5,1002.56,8548732,387098.0,428021.0,986.2,1012.8,981.3,986.2,120511500,1084.8,887.6,1102.5,649.1,1010.0,1311,6,1009.9,2799,17,1009.8,901,18,1009.7,1196,15,1009.6,5346,23,1010.1,880,4,1010.2,1597,3,1010.3,454,1,1010.4,1605,1,1010.5,370,8
317,2025-11-26 15:01:53+05:30,1010.1,198,1002.56,8548732,387098.0,428021.0,986.2,1012.8,981.3,986.2,120511500,1084.8,887.6,1102.5,649.1,1010.0,1311,6,1009.9,2799,17,1009.8,901,18,1009.7,1196,15,1009.6,5346,23,1010.1,880,4,1010.2,1597,3,1010.3,454,1,1010.4,1605,1,1010.5,370,8
317,2025-11-26 15:01:53+05:30,1010.1,198,1002.56,8549033,386847.0,427984.0,986.2,1012.8,981.3,986.2,120511500,1084.8,887.6,1102.5,649.1,1010.0,1640,8,1009.9,2619,17,1009.8,813,15,1009.7,1273,17,1009.6,5346,23,1010.1,846,7,1010.2,1597,3,1010.3,454,1,1010.4,1605,1,1010.5,370,8
317,2025-11-26 15:01:54+05:30,1010.0,2,1002.56,8549033,386847.0,427984.0,986.2,1012.8,981.3,986.2,120511500,1084.8,887.6,1102.5,649.1,1010.0,1640,8,1009.9,2619,17,1009.8,813,15,1009.7,1273,17,1009.6,5346,23,1010.1,846,7,1010.2,1597,3,1010.3,454,1,1010.4,1605,1,1010.5,370,8
317,2025-11-26 15:01:54+05:30,1010.0,2,1002.56,8549191,386941.0,428291.0,986.2,1012.8,981.3,986.2,120511500,1084.8,887.6,1102.5,649.1,1010.0,1598,8,1009.9,2561,17,1009.8,809,14,1009.7,1273,17,1009.6,5346,23,1010.1,1265,9,1010.2,1546,2,1010.3,454,1,1010.4,1646,4,1010.5,370,8
317,2025-11-26 15:01:55+05:30,1010.1,191,1002.56,8549191,386941.0,428291.0,986.2,1012.8,981.3,986.2,120511500,1084.8,887.6,1102.5,649.1,1010.0,1598,8,1009.9,2561,17,1009.8,809,14,1009.7,1273,17,1009.6,5346,23,1010.1,1265,9,1010.2,1546,2,1010.3,454,1,1010.4,1646,4,1010.5,370,8
317,2025-11-26 15:01:55+05:30,1010.1,2,1002.56,8552810,384344.0,427261.0,986.2,1012.8,981.3,986.2,120511500,1084.8,887.6,1102.5,649.1,1009.9,3132,18,1009.8,1329,13,1009.7,1136,13,1009.6,1145,12,1009.5,1434,23,1010.1,18,2,1010.2,1546,2,1010.3,454,1,1010.4,1741,2,1010.5,423,11
317,2025-11-26 15:01:56+05:30,1009.9,1,1002.56,8552810,384344.0,427261.0,986.2,1012.8,981.3,986.2,120511500,1084.8,887.6,1102.5,649.1,1009.9,3132,18,1009.8,1329,13,1009.7,1136,13,1009.6,1145,12,1009.5,1434,23,1010.1,18,2,1010.2,1546,2,1010.3,454,1,1010.4,1741,2,1010.5,423,11
317,2025-11-26 15:01:57+05:30,1009.9,1,1002.56,8552811,384924.0,427958.0,986.2,1012.8,981.3,986.2,120511500,1084.8,887.6,1102.5,649.1,1009.9,2976,19,1009.8,2079,14,1009.7,1157,13,1009.6,1145,12,1009.5,1583,25,1010.1,404,4,1010.2,1546,2,1010.3,454,1,1010.4,1926,4,1010.5,551,12
317,2025-11-26 15:01:57+05:30,1010.1,4,1002.56,8552811,384924.0,427958.0,986.2,1012.8,981.3,986.2,120511500,1084.8,887.6,1102.5,649.1,1009.9,2976,19,1009.8,2079,14,1009.7,1157,13,1009.6,1145,12,1009.5,1583,25,1010.1,404,4,1010.2,1546,2,1010.3,454,1,1010.4,1926,4,1010.5,551,12
317,2025-11-26 15:01:58+05:30,1010.1,4,1002.56,8552815,384434.0,428108.0,986.2,1012.8,981.3,986.2,120511500,1084.8,887.6,1102.5,649.1,1010.0,12,1,1009.9,2412,19,1009.8,2017,13,1009.7,1157,13,1009.6,1294,14,1010.1,472,6,1010.2,1546,2,1010.3,516,2,1010.4,1926,4,1010.5,655,15
317,2025-11-26 15:01:59+05:30,1010.1,3,1002.56,8553308,384591.0,428400.0,986.2,1012.8,981.3,986.2,120511500,1084.8,887.6,1102.5,649.1,1010.0,12,1,1009.9,2401,19,1009.8,2189,15,1009.7,1170,13,1009.6,1294,14,1010.1,591,3,1010.2,1546,2,1010.3,454,1,1010.4,2071,6,1010.5,655,15
317,2025-11-26 15:01:59+05:30,1010.1,3,1002.56,8553308,384591.0,428400.0,986.2,1012.8,981.3,986.2,120511500,1084.8,887.6,1102.5,649.1,1010.0,12,1,1009.9,2401,19,1009.8,2189,15,1009.7,1170,13,1009.6,1294,14,1010.1,591,3,1010.2,1546,2,1010.3,454,1,1010.4,2071,6,1010.5,655,15
317,2025-11-26 15:02:00+05:30,1010.1,1,1002.56,8553322,384802.0,428276.0,986.2,1012.8,981.3,986.2,120511500,1084.8,887.6,1102.5,649.1,1010.0,77,4,1009.9,2451,19,1009.8,2152,15,1009.7,1227,14,1009.6,1304,14,1010.1,581,5,1010.2,1547,3,1010.3,454,1,1010.4,2071,6,1010.5,655,15
317,2025-11-26 15:02:00+05:30,1010.0,110,1002.56,8553322,384802.0,428276.0,986.2,1012.8,981.3,986.2,120511500,1084.8,887.6,1102.5,649.1,1010.0,77,4,1009.9,2451,19,1009.8,2152,15,1009.7,1227,14,1009.6,1304,14,1010.1,581,5,1010.2,1547,3,1010.3,454,1,1010.4,2071,6,1010.5,655,15
317,2025-11-26 15:02:01+05:30,1010.0,10,1002.56,8554798,385478.0,427892.0,986.2,1012.8,981.3,986.2,120511500,1084.8,887.6,1102.5,649.1,1010.0,329,4,1009.9,2740,23,1009.8,2136,15,1009.7,1208,14,1009.6,1242,13,1010.1,556,5,1010.2,1547,3,1010.3,454,1,1010.4,1849,3,1010.5,449,13
317,2025-11-26 15:02:01+05:30,1010.1,109,1002.56,8554798,385478.0,427892.0,986.2,1012.8,981.3,986.2,120511500,1084.8,887.6,1102.5,649.1,1010.0,329,4,1009.9,2740,23,1009.8,2136,15,1009.7,1208,14,1009.6,1242,13,1010.1,556,5,1010.2,1547,3,1010.3,454,1,1010.4,1849,3,1010.5,449,13
317,2025-11-26 15:02:02+05:30,1010.0,6,1002.56,8554993,385141.0,428303.0,986.2,1012.8,981.3,986.2,120511500,1084.8,887.6,1102.5,649.1,1010.0,49,2,1009.9,2525,20,1009.8,1980,13,1009.7,1208,14,1009.6,1299,14,1010.1,796,9,1010.2,1547,3,1010.3,511,2,1010.4,1849,3,1010.5,434,12
317,2025-11-26 15:02:02+05:30,1010.0,6,1002.56,8554993,385141.0,428303.0,986.2,1012.8,981.3,986.2,120511500,1084.8,887.6,1102.5,649.1,1010.0,49,2,1009.9,2525,20,1009.8,1980,13,1009.7,1208,14,1009.6,1299,14,1010.1,796,9,1010.2,1547,3,1010.3,511,2,1010.4,1849,3,1010.5,434,12
317,2025-11-26 15:02:03+05:30,1010.1,5,1002.56,8555031,385294.0,428336.0,986.2,1012.8,981.3,986.2,120511500,1084.8,887.6,1102.5,649.1,1010.0,105,3,1009.9,2525,20,1009.8,2067,13,1009.7,1242,14,1009.6,1323,15,1010.1,758,9,1010.2,1547,3,1010.3,454,1,1010.4,1906,4,1010.5,434,12
317,2025-11-26 15:02:03+05:30,1010.0,1,1002.56,8555031,385294.0,428336.0,986.2,1012.8,981.3,986.2,120511500,1084.8,887.6,1102.5,649.1,1010.0,105,3,1009.9,2525,20,1009.8,2067,13,1009.7,1242,14,1009.6,1323,15,1010.1,758,9,1010.2,1547,3,1010.3,454,1,1010.4,1906,4,1010.5,434,12
317,2025-11-26 15:02:04+05:30,1010.0,3,1002.57,8555250,384944.0,428455.0,986.2,1012.8,981.3,986.2,120511500,1084.8,887.6,1102.5,649.1,1010.0,317,6,1009.9,2480,19,1009.8,2067,13,1009.7,1242,14,1009.6,1323,15,1010.1,968,8,1010.2,1547,3,1010.3,454,1,1010.4,1906,4,1010.5,434,12
317,2025-11-26 15:02:04+05:30,1010.0,5,1002.57,8555250,384944.0,428455.0,986.2,1012.8,981.3,986.2,120511500,1084.8,887.6,1102.5,649.1,1010.0,317,6,1009.9,2480,19,1009.8,2067,13,1009.7,1242,14,1009.6,1323,15,1010.1,968,8,1010.2,1547,3,1010.3,454,1,1010.4,1906,4,1010.5,434,12
317,2025-11-26 15:02:05+05:30,1010.0,1,1002.57,8555250,384944.0,428455.0,986.2,1012.8,981.3,986.2,120511500,1084.8,887.6,1102.5,649.1,1010.0,317,6,1009.9,2480,19,1009.8,2067,13,1009.7,1242,14,1009.6,1323,15,1010.1,968,8,1010.2,1547,3,1010.3,454,1,1010.4,1906,4,1010.5,434,12
317,2025-11-26 15:02:05+05:30,1010.0,1,1002.57,8555258,385212.0,428703.0,986.2,1012.8,981.3,986.2,120511500,1084.8,887.6,1102.5,649.1,1010.0,383,8,1009.9,2480,19,1009.8,2124,14,1009.7,1185,13,1009.6,1323,15,1010.1,1031,9,1010.2,1546,2,1010.3,454,1,1010.4,1906,4,1010.5,512,13
317,2025-11-26 15:02:06+05:30,1010.3,3,1002.57,8555258,385212.0,428703.0,986.2,1012.8,981.3,986.2,120511500,1084.8,887.6,1102.5,649.1,1010.0,383,8,1009.9,2480,19,1009.8,2124,14,1009.7,1185,13,1009.6,1323,15,1010.1,1031,9,1010.2,1546,2,1010.3,454,1,1010.4,1906,4,1010.5,512,13
317,2025-11-26 15:02:06+05:30,1010.3,154,1002.57,8562808,384909.0,421757.0,986.2,1012.8,981.3,986.2,120511500,1084.8,887.6,1102.5,649.1,1010.2,1088,5,1010.1,311,6,1010.0,2622,12,1009.9,2882,24,1009.8,849,13,1010.3,24,1,1010.4,1605,1,1010.5,90,3,1010.6,36,4,1010.7,273,4
317,2025-11-26 15:02:07+05:30,1010.4,91,1002.57,8562808,384909.0,421757.0,986.2,1012.8,981.3,986.2,120511500,1084.8,887.6,1102.5,649.1,1010.2,1088,5,1010.1,311,6,1010.0,2622,12,1009.9,2882,24,1009.8,849,13,1010.3,24,1,1010.4,1605,1,1010.5,90,3,1010.6,36,4,1010.7,273,4
317,2025-11-26 15:02:07+05:30,1010.4,2,1002.57,8563041,385271.0,421673.0,986.2,1012.8,981.3,986.2,120511500,1084.8,887.6,1102.5,649.1,1010.2,1739,7,1010.1,2025,13,1010.0,1161,10,1009.9,2862,22,1009.8,758,15,1010.4,1937,2,1010.5,90,3,1010.6,36,4,1010.7,294,5,1010.8,375,5
317,2025-11-26 15:02:08+05:30,1010.2,100,1002.57,8563041,385271.0,421673.0,986.2,1012.8,981.3,986.2,120511500,1084.8,887.6,1102.5,649.1,1010.2,1739,7,1010.1,2025,13,1010.0,1161,10,1009.9,2862,22,1009.8,758,15,1010.4,1937,2,1010.5,90,3,1010.6,36,4,1010.7,294,5,1010.8,375,5
317,2025-11-26 15:02:09+05:30,1010.4,128,1002.57,8563269,384082.0,422999.0,986.2,1012.8,981.3,986.2,120511500,1084.8,887.6,1102.5,649.1,1010.2,993,6,1010.1,492,11,1010.0,2680,14,1009.9,2969,23,1009.8,842,12,1010.4,2002,3,1010.5,518,4,1010.6,93,5,1010.7,294,5,1010.8,583,11
317,2025-11-26 15:02:09+05:30,1010.4,4,1002.57,8563269,384082.0,422999.0,986.2,1012.8,981.3,986.2,120511500,1084.8,887.6,1102.5,649.1,1010.2,993,6,1010.1,492,11,1010.0,2680,14,1009.9,2969,23,1009.8,842,12,1010.4,2002,3,1010.5,518,4,1010.6,93,5,1010.7,294,5,1010.8,583,11
317,2025-11-26 15:02:10+05:30,1010.2,50,1002.57,8563325,384032.0,423103.0,986.2,1012.8,981.3,986.2,120511500,1084.8,887.6,1102.5,649.1,1010.2,943,6,1010.1,435,10,1010.0,2737,15,1009.9,2969,23,1009.8,842,12,1010.4,2003,5,1010.5,448,2,1010.6,93,5,1010.7,294,5,1010.8,703,14
317,2025-11-26 15:02:10+05:30,1010.2,5,1002.57,8563325,384032.0,423103.0,986.2,1012.8,981.3,986.2,120511500,1084.8,887.6,1102.5,649.1,1010.2,943,6,1010.1,435,10,1010.0,2737,15,1009.9,2969,23,1009.8,842,12,1010.4,2003,5,1010.5,448,2,1010.6,93,5,1010.7,294,5,1010.8,703,14
317,2025-11-26 15:02:11+05:30,1010.3,4,1002.57,8563845,383377.0,423143.0,986.2,1012.8,981.3,986.2,120511500,1084.8,887.6,1102.5,649.1,1010.2,365,7,1010.1,489,11,1010.0,2734,15,1009.9,2907,22,1009.8,842,12,1010.3,199,1,1010.4,2001,5,1010.5,448,2,1010.6,180,5,1010.7,427,7
317,2025-11-26 15:02:11+05:30,1010.2,1,1002.57,8563845,383377.0,423143.0,986.2,1012.8,981.3,986.2,120511500,1084.8,887.6,1102.5,649.1,1010.2,365,7,1010.1,489,11,1010.0,2734,15,1009.9,2907,22,1009.8,842,12,1010.3,199,1,1010.4,2001,5,1010.5,448,2,1010.6,180,5,1010.7,427,7
317,2025-11-26 15:02:12+05:30,1010.2,2,1002.57,8563848,382672.0,424336.0,986.2,1012.8,981.3,986.2,120511500,1084.8,887.6,1102.5,649.1,1010.2,205,4,1010.1,84,6,1010.0,2525,12,1009.9,2884,23,1009.8,829,11,1010.3,918,5,1010.4,1998,4,1010.5,565,5,1010.6,627,10,1010.7,620,11
317,2025-11-26 15:02:12+05:30,1010.3,4,1002.57,8563848,382672.0,424336.0,986.2,1012.8,981.3,986.2,120511500,1084.8,887.6,1102.5,649.1,1010.2,205,4,1010.1,84,6,1010.0,2525,12,1009.9,2884,23,1009.8,829,11,1010.3,918,5,1010.4,1998,4,1010.5,565,5,1010.6,627,10,1010.7,620,11
317,2025-11-26 15:02:13+05:30,1010.3,23,1002.57,8563934,382996.0,424630.0,986.2,1012.8,981.3,986.2,120511500,1084.8,887.6,1102.5,649.1,1010.2,204,4,1010.1,84,6,1010.0,2525,12,1009.9,2884,23,1009.8,894,12,1010.3,1071,9,1010.4,1998,4,1010.5,565,5,1010.6,681,11,1010.7,620,11
317,2025-11-26 15:02:13+05:30,1010.2,5,1002.57,8563934,382996.0,424630.0,986.2,1012.8,981.3,986.2,120511500,1084.8,887.6,1102.5,649.1,1010.2,204,4,1010.1,84,6,1010.0,2525,12,1009.9,2884,23,1009.8,894,12,1010.3,1071,9,1010.4,1998,4,1010.5,565,5,1010.6,681,11,1010.7,620,11
317,2025-11-26 15:02:14+05:30,1010.2,15,1002.57,8564045,382928.0,424548.0,986.2,1012.8,981.3,986.2,120511500,1084.8,887.6,1102.5,649.1,1010.2,502,5,1010.1,164,6,1010.0,2107,11,1009.9,2873,22,1009.8,894,12,1010.3,1063,10,1010.4,1998,4,1010.5,709,6,1010.6,627,10,1010.7,674,12
317,2025-11-26 15:02:14+05:30,1010.2,15,1002.57,8564045,382928.0,424548.0,986.2,1012.8,981.3,986.2,120511500,1084.8,887.6,1102.5,649.1,1010.2,502,5,1010.1,164,6,1010.0,2107,11,1009.9,2873,22,1009.8,894,12,1010.3,1063,10,1010.4,1998,4,1010.5,709,6,1010.6,627,10,1010.7,674,12
317,2025-11-26 15:02:15+05:30,1010.3,76,1002.57,8564994,382966.0,426469.0,986.2,1012.8,981.3,986.2,120511500,1084.8,887.6,1102.5,649.1,1010.2,506,6,1010.1,34,4,1010.0,1862,9,1009.9,2798,21,1009.8,894,12,1010.3,923,7,1010.4,2128,5,1010.5,2589,6,1010.6,590,10,1010.7,1053,15
317,2025-11-26 15:02:15+05:30,1010.3,4,1002.57,8564994,382966.0,426469.0,986.2,1012.8,981.3,986.2,120511500,1084.8,887.6,1102.5,649.1,1010.2,506,6,1010.1,34,4,1010.0,1862,9,1009.9,2798,21,1009.8,894,12,1010.3,923,7,1010.4,2128,5,1010.5,2589,6,1010.6,590,10,1010.7,1053,15
317,2025-11-26 15:02:16+05:30,1010.1,1,1002.57,8566431,382701.0,426639.0,986.2,1012.8,981.3,986.2,120511500,1084.8,887.6,1102.5,649.1,1010.1,33,4,1010.0,1898,10,1009.9,2788,21,1009.8,904,15,1009.7,1411,15,1010.3,789,5,1010.4,2041,4,1010.5,2713,8,1010.6,536,9,1010.7,1142,18
317,2025-11-26 15:02:16+05:30,1010.1,1,1002.57,8566431,382701.0,426639.0,986.2,1012.8,981.3,986.2,120511500,1084.8,887.6,1102.5,649.1,1010.1,33,4,1010.0,1898,10,1009.9,2788,21,1009.8,904,15,1009.7,1411,15,1010.3,789,5,1010.4,2041,4,1010.5,2713,8,1010.6,536,9,1010.7,1142,18
317,2025-11-26 15:02:17+05:30,1010.1,1,1002.57,8566431,382293.0,427347.0,986.2,1012.8,981.3,986.2,120511500,1084.8,887.6,1102.5,649.1,1010.1,33,4,1010.0,1779,8,1009.9,2711,20,1009.8,854,16,1009.7,1411,15,1010.3,1205,10,1010.4,2265,7,1010.5,2974,11,1010.6,627,10,1010.7,1088,17
317,2025-11-26 15:02:18+05:30,1010.1,1,1002.57,8566431,382293.0,427347.0,986.2,1012.8,981.3,986.2,120511500,1084.8,887.6,1102.5,649.1,1010.1,33,4,1010.0,1779,8,1009.9,2711,20,1009.8,854,16,1009.7,1411,15,1010.3,1205,10,1010.4,2265,7,1010.5,2974,11,1010.6,627,10,1010.7,1088,17
317,2025-11-26 15:02:18+05:30,1010.3,3,1002.58,8566497,382038.0,427552.0,986.2,1012.8,981.3,986.2,120511500,1084.8,887.6,1102.5,649.1,1010.1,24,3,1010.0,1699,7,1009.9,2711,20,1009.8,780,15,1009.7,1322,14,1010.3,1195,10,1010.4,2409,8,1010.5,2974,11,1010.6,627,10,1010.7,1088,17
317,2025-11-26 15:02:18+05:30,1010.1,3,1002.58,8566497,382038.0,427552.0,986.2,1012.8,981.3,986.2,120511500,1084.8,887.6,1102.5,649.1,1010.1,24,3,1010.0,1699,7,1009.9,2711,20,1009.8,780,15,1009.7,1322,14,1010.3,1195,10,1010.4,2409,8,1010.5,2974,11,1010.6,627,10,1010.7,1088,17
317,2025-11-26 15:02:18+05:30,1010.1,3,1002.58,8566497,382038.0,427552.0,986.2,1012.8,981.3,986.2,120511500,1084.8,887.6,1102.5,649.1,1010.1,24,3,1010.0,1699,7,1009.9,2711,20,1009.8,780,15,1009.7,1322,14,1010.3,1195,10,1010.4,2409,8,1010.5,2974,11,1010.6,627,10,1010.7,1088,17
317,2025-11-26 15:02:19+05:30,1010.1,3,1002.58,8566497,382038.0,427552.0,986.2,1012.8,981.3,986.2,120511500,1084.8,887.6,1102.5,649.1,1010.1,24,3,1010.0,1699,7,1009.9,2711,20,1009.8,780,15,1009.7,1322,14,1010.3,1195,10,1010.4,2409,8,1010.5,2974,11,1010.6,627,10,1010.7,1088,17
317,2025-11-26 15:02:19+05:30,1010.1,3,1002.58,8566497,382038.0,427552.0,986.2,1012.8,981.3,986.2,120511500,1084.8,887.6,1102.5,649.1,1010.1,24,3,1010.0,1699,7,1009.9,2711,20,1009.8,780,15,1009.7,1322,14,1010.3,1195,10,1010.4,2409,8,1010.5,2974,11,1010.6,627,10,1010.7,1088,17
317,2025-11-26 15:02:19+05:30,1010.1,3,1002.58,8566600,381955.0,427739.0,986.2,1012.8,981.3,986.2,120511500,1084.8,887.6,1102.5,649.1,1010.1,29,3,1010.0,1699,7,1009.9,2631,19,1009.8,702,14,1009.7,1322,14,1010.3,1359,12,1010.4,2450,9,1010.5,3085,13,1010.6,627,10,1010.7,1142,18
317,2025-11-26 15:02:19+05:30,1010.1,3,1002.58,8566600,381955.0,427739.0,986.2,1012.8,981.3,986.2,120511500,1084.8,887.6,1102.5,649.1,1010.1,29,3,1010.0,1699,7,1009.9,2631,19,1009.8,702,14,1009.7,1322,14,1010.3,1359,12,1010.4,2450,9,1010.5,3085,13,1010.6,627,10,1010.7,1142,18
317,2025-11-26 15:02:20+05:30,1010.1,3,1002.58,8566600,381955.0,427739.0,986.2,1012.8,981.3,986.2,120511500,1084.8,887.6,1102.5,649.1,1010.1,29,3,1010.0,1699,7,1009.9,2631,19,1009.8,702,14,1009.7,1322,14,1010.3,1359,12,1010.4,2450,9,1010.5,3085,13,1010.6,627,10,1010.7,1142,18
317,2025-11-26 15:02:20+05:30,1010.3,52,1002.58,8566600,381955.0,427739.0,986.2,1012.8,981.3,986.2,120511500,1084.8,887.6,1102.5,649.1,1010.1,29,3,1010.0,1699,7,1009.9,2631,19,1009.8,702,14,1009.7,1322,14,1010.3,1359,12,1010.4,2450,9,1010.5,3085,13,1010.6,627,10,1010.7,1142,18
317,2025-11-26 15:02:20+05:30,1010.3,52,1002.58,8568898,382633.0,428100.0,986.2,1012.8,981.3,986.2,120511500,1084.8,887.6,1102.5,649.1,1010.0,1262,2,1009.9,2546,19,1009.8,657,8,1009.7,1280,15,1009.6,3756,15,1010.2,67,1,1010.3,1375,12,1010.4,2462,8,1010.5,3220,13,1010.6,978,13
317,2025-11-26 15:02:20+05:30,1010.3,52,1002.58,8568898,382633.0,428100.0,986.2,1012.8,981.3,986.2,120511500,1084.8,887.6,1102.5,649.1,1010.0,1262,2,1009.9,2546,19,1009.8,657,8,1009.7,1280,15,1009.6,3756,15,1010.2,67,1,1010.3,1375,12,1010.4,2462,8,1010.5,3220,13,1010.6,978,13
317,2025-11-26 15:02:21+05:30,1010.3,52,1002.58,8568898,382633.0,428100.0,986.2,1012.8,981.3,986.2,120511500,1084.8,887.6,1102.5,649.1,1010.0,1262,2,1009.9,2546,19,1009.8,657,8,1009.7,1280,15,1009.6,3756,15,1010.2,67,1,1010.3,1375,12,1010.4,2462,8,1010.5,3220,13,1010.6,978,13
317,2025-11-26 15:02:21+05:30,1010.2,5,1002.58,8568898,382633.0,428100.0,986.2,1012.8,981.3,986.2,120511500,1084.8,887.6,1102.5,649.1,1010.0,1262,2,1009.9,2546,19,1009.8,657,8,1009.7,1280,15,1009.6,3756,15,1010.2,67,1,1010.3,1375,12,1010.4,2462,8,1010.5,3220,13,1010.6,978,13
317,2025-11-26 15:02:21+05:30,1010.2,5,1002.58,8568898,382633.0,428100.0,986.2,1012.8,981.3,986.2,120511500,1084.8,887.6,1102.5,649.1,1010.0,1262,2,1009.9,2546,19,1009.8,657,8,1009.7,1280,15,1009.6,3756,15,1010.2,67,1,1010.3,1375,12,1010.4,2462,8,1010.5,3220,13,1010.6,978,13
317,2025-11-26 15:02:21+05:30,1010.2,5,1002.58,8570316,379506.0,427118.0,986.2,1012.8,981.3,986.2,120511500,1084.8,887.6,1102.5,649.1,1009.9,3944,19,1009.8,397,7,1009.7,1189,11,1009.6,1529,14,1009.5,3044,24,1010.2,62,2,1010.3,825,10,1010.4,2462,8,1010.5,3211,14,1010.6,966,13
317,2025-11-26 15:02:21+05:30,1010.2,5,1002.58,8570316,379506.0,427118.0,986.2,1012.8,981.3,986.2,120511500,1084.8,887.6,1102.5,649.1,1009.9,3944,19,1009.8,397,7,1009.7,1189,11,1009.6,1529,14,1009.5,3044,24,1010.2,62,2,1010.3,825,10,1010.4,2462,8,1010.5,3211,14,1010.6,966,13
317,2025-11-26 15:02:22+05:30,1010.2,5,1002.58,8570316,379506.0,427118.0,986.2,1012.8,981.3,986.2,120511500,1084.8,887.6,1102.5,649.1,1009.9,3944,19,1009.8,397,7,1009.7,1189,11,1009.6,1529,14,1009.5,3044,24,1010.2,62,2,1010.3,825,10,1010.4,2462,8,1010.5,3211,14,1010.6,966,13
317,2025-11-26 15:02:22+05:30,1009.9,94,1002.58,8570316,379506.0,427118.0,986.2,1012.8,981.3,986.2,120511500,1084.8,887.6,1102.5,649.1,1009.9,3944,19,1009.8,397,7,1009.7,1189,11,1009.6,1529,14,1009.5,3044,24,1010.2,62,2,1010.3,825,10,1010.4,2462,8,1010.5,3211,14,1010.6,966,13
317,2025-11-26 15:02:22+05:30,1010.0,4,1002.58,8570418,382690.0,428921.0,986.2,1012.8,981.3,986.2,120511500,1084.8,887.6,1102.5,649.1,1009.9,3726,17,1009.8,102,3,1009.7,1280,13,1009.6,1539,13,1009.5,4581,27,1010.0,274,1,1010.1,445,1,1010.2,667,5,1010.3,1133,12,1010.4,2666,11
317,2025-11-26 15:02:22+05:30,1010.0,4,1002.58,8570418,382690.0,428921.0,986.2,1012.8,981.3,986.2,120511500,1084.8,887.6,1102.5,649.1,1009.9,3726,17,1009.8,102,3,1009.7,1280,13,1009.6,1539,13,1009.5,4581,27,1010.0,274,1,1010.1,445,1,1010.2,667,5,1010.3,1133,12,1010.4,2666,11
317,2025-11-26 15:02:23+05:30,1010.0,4,1002.58,8570418,382690.0,428921.0,986.2,1012.8,981.3,986.2,120536250,1084.8,887.6,1102.5,649.1,1009.9,3726,17,1009.8,102,3,1009.7,1280,13,1009.6,1539,13,1009.5,4581,27,1010.0,274,1,1010.1,445,1,1010.2,667,5,1010.3,1133,12,1010.4,2666,11
317,2025-11-26 15:02:23+05:30,1009.9,4,1002.58,8570418,382690.0,428921.0,986.2,1012.8,981.3,986.2,120536250,1084.8,887.6,1102.5,649.1,1009.9,3726,17,1009.8,102,3,1009.7,1280,13,1009.6,1539,13,1009.5,4581,27,1010.0,274,1,1010.1,445,1,1010.2,667,5,1010.3,1133,12,1010.4,2666,11
317,2025-11-26 15:02:23+05:30,1009.9,4,1002.58,8570507,383950.0,428004.0,986.2,1012.8,981.3,986.2,120536250,1084.8,887.6,1102.5,649.1,1009.9,3683,18,1009.8,102,3,1009.7,1705,15,1009.6,1479,12,1009.5,5357,29,1010.0,257,2,1010.1,537,2,1010.2,751,5,1010.3,1071,11,1010.4,2074,11
317,2025-11-26 15:02:24+05:30,1009.9,4,1002.58,8570507,383950.0,428004.0,986.2,1012.8,981.3,986.2,120536250,1084.8,887.6,1102.5,649.1,1009.9,3683,18,1009.8,102,3,1009.7,1705,15,1009.6,1479,12,1009.5,5357,29,1010.0,257,2,1010.1,537,2,1010.2,751,5,1010.3,1071,11,1010.4,2074,11
317,2025-11-26 15:02:24+05:30,1010.0,1,1002.58,8570507,383950.0,428004.0,986.2,1012.8,981.3,986.2,120536250,1084.8,887.6,1102.5,649.1,1009.9,3683,18,1009.8,102,3,1009.7,1705,15,1009.6,1479,12,1009.5,5357,29,1010.0,257,2,1010.1,537,2,1010.2,751,5,1010.3,1071,11,1010.4,2074,11
317,2025-11-26 15:02:24+05:30,1010.0,1,1002.58,8570728,383629.0,428881.0,986.2,1012.8,981.3,986.2,120536250,1084.8,887.6,1102.5,649.1,1009.9,3683,18,1009.8,153,4,1009.7,1785,14,1009.6,1599,14,1009.5,5357,29,1010.0,768,6,1010.1,445,1,1010.2,601,3,1010.3,1186,16,1010.4,2007,8
317,2025-11-26 15:02:25+05:30,1009.9,519,1002.58,8570728,383629.0,428881.0,986.2,1012.8,981.3,986.2,120536250,1084.8,887.6,1102.5,649.1,1009.9,3683,18,1009.8,153,4,1009.7,1785,14,1009.6,1599,14,1009.5,5357,29,1010.0,768,6,1010.1,445,1,1010.2,601,3,1010.3,1186,16,1010.4,2007,8
317,2025-11-26 15:02:25+05:30,1009.9,519,1002.58,8571273,376008.0,428616.0,986.2,1012.8,981.3,986.2,120536250,1084.8,887.6,1102.5,649.1,1009.9,3179,19,1009.8,153,4,1009.7,1707,13,1009.6,1599,14,1009.5,5357,29,1010.0,742,6,1010.1,482,2,1010.2,693,3,1010.3,1186,16,1010.4,2086,9
317,2025-11-26 15:02:26+05:30,1009.9,11,1002.58,8571273,376008.0,428616.0,986.2,1012.8,981.3,986.2,120536250,1084.8,887.6,1102.5,649.1,1009.9,3179,19,1009.8,153,4,1009.7,1707,13,1009.6,1599,14,1009.5,5357,29,1010.0,742,6,1010.1,482,2,1010.2,693,3,1010.3,1186,16,1010.4,2086,9
317,2025-11-26 15:02:26+05:30,1009.9,11,1002.58,8571287,383540.0,428773.0,986.2,1012.8,981.3,986.2,120536250,1084.8,887.6,1102.5,649.1,1009.9,3107,18,1009.8,153,4,1009.7,1707,13,1009.6,1599,14,1009.5,5357,29,1010.0,740,6,1010.1,482,2,1010.2,783,4,1010.3,1184,15,1010.4,2086,9
317,2025-11-26 15:02:27+05:30,1009.9,4,1002.58,8571287,383540.0,428773.0,986.2,1012.8,981.3,986.2,120536250,1084.8,887.6,1102.5,649.1,1009.9,3107,18,1009.8,153,4,1009.7,1707,13,1009.6,1599,14,1009.5,5357,29,1010.0,740,6,1010.1,482,2,1010.2,783,4,1010.3,1184,15,1010.4,2086,9
317,2025-11-26 15:02:27+05:30,1009.9,4,1002.58,8571296,383094.0,429615.0,986.2,1012.8,981.3,986.2,120536250,1084.8,887.6,1102.5,649.1,1009.9,3103,18,1009.8,88,3,1009.7,1435,11,1009.6,1323,10,1009.5,5477,31,1010.0,1302,9,1010.1,571,3,1010.2,903,6,1010.3,1124,14,1010.4,2086,9
317,2025-11-26 15:02:28+05:30,1009.9,24,1002.58,8571296,383094.0,429615.0,986.2,1012.8,981.3,986.2,120536250,1084.8,887.6,1102.5,649.1,1009.9,3103,18,1009.8,88,3,1009.7,1435,11,1009.6,1323,10,1009.5,5477,31,1010.0,1302,9,1010.1,571,3,1010.2,903,6,1010.3,1124,14,1010.4,2086,9
317,2025-11-26 15:02:29+05:30,1009.9,61,1002.58,8572692,382646.0,430437.0,986.2,1012.8,981.3,986.2,120536250,1084.8,887.6,1102.5,649.1,1009.9,2909,15,1009.8,28,2,1009.7,1357,10,1009.6,1048,10,1009.5,5360,29,1010.0,1553,7,1010.1,686,5,1010.2,1028,7,1010.3,1292,16,1010.4,2086,9
317,2025-11-26 15:02:29+05:30,1010.0,37,1002.58,8572692,382646.0,430437.0,986.2,1012.8,981.3,986.2,120536250,1084.8,887.6,1102.5,649.1,1009.9,2909,15,1009.8,28,2,1009.7,1357,10,1009.6,1048,10,1009.5,5360,29,1010.0,1553,7,1010.1,686,5,1010.2,1028,7,1010.3,1292,16,1010.4,2086,9
317,2025-11-26 15:02:30+05:30,1010.0,1,1002.58,8575114,382175.0,428360.0,986.2,1012.8,981.3,986.2,120536250,1084.8,887.6,1102.5,649.1,1009.9,2233,12,1009.8,153,4,1009.7,1692,13,1009.6,1327,12,1009.5,5404,29,1010.0,477,6,1010.1,482,2,1010.2,697,4,1010.3,1107,10,1010.4,2163,14
317,2025-11-26 15:02:30+05:30,1009.9,75,1002.58,8575114,382175.0,428360.0,986.2,1012.8,981.3,986.2,120536250,1084.8,887.6,1102.5,649.1,1009.9,2233,12,1009.8,153,4,1009.7,1692,13,1009.6,1327,12,1009.5,5404,29,1010.0,477,6,1010.1,482,2,1010.2,697,4,1010.3,1107,10,1010.4,2163,14
317,2025-11-26 15:02:31+05:30,1009.9,6,1002.58,8577509,375586.0,429330.0,986.2,1012.8,981.3,986.2,120536250,1084.8,887.6,1102.5,649.1,1009.9,221,6,1009.8,28,2,1009.7,2075,11,1009.6,1037,8,1009.5,1339,18,1010.0,295,6,1010.1,482,2,1010.2,980,7,1010.3,1362,11,1010.4,2163,14
317,2025-11-26 15:02:31+05:30,1009.9,24,1002.58,8577509,375586.0,429330.0,986.2,1012.8,981.3,986.2,120536250,1084.8,887.6,1102.5,649.1,1009.9,221,6,1009.8,28,2,1009.7,2075,11,1009.6,1037,8,1009.5,1339,18,1010.0,295,6,1010.1,482,2,1010.2,980,7,1010.3,1362,11,1010.4,2163,14
317,2025-11-26 15:02:32+05:30,1009.9,16,1002.58,8578031,375953.0,429849.0,986.2,1012.8,981.3,986.2,120536250,1084.8,887.6,1102.5,649.1,1009.9,119,4,1009.8,28,2,1009.7,2684,10,1009.6,1037,8,1009.5,1278,17,1010.0,875,11,1010.1,626,3,1010.2,950,7,1010.3,1332,12,1010.4,2448,14
317,2025-11-26 15:02:32+05:30,1009.9,1,1002.58,8578031,375953.0,429849.0,986.2,1012.8,981.3,986.2,120536250,1084.8,887.6,1102.5,649.1,1009.9,119,4,1009.8,28,2,1009.7,2684,10,1009.6,1037,8,1009.5,1278,17,1010.0,875,11,1010.1,626,3,1010.2,950,7,1010.3,1332,12,1010.4,2448,14
317,2025-11-26 15:02:33+05:30,1010.0,23,1002.59,8578065,376374.0,430473.0,986.2,1012.8,981.3,986.2,120536250,1084.8,887.6,1102.5,649.1,1009.9,117,3,1009.8,29,3,1009.7,2695,11,1009.6,1037,8,1009.5,1776,17,1010.0,851,12,1010.1,821,6,1010.2,2944,9,1010.3,2682,11,1010.4,1098,15
317,2025-11-26 15:02:33+05:30,1010.0,4,1002.59,8578065,376374.0,430473.0,986.2,1012.8,981.3,986.2,120536250,1084.8,887.6,1102.5,649.1,1009.9,117,3,1009.8,29,3,1009.7,2695,11,1009.6,1037,8,1009.5,1776,17,1010.0,851,12,1010.1,821,6,1010.2,2944,9,1010.3,2682,11,1010.4,1098,15
317,2025-11-26 15:02:34+05:30,1010.0,3,1002.59,8578074,375888.0,430688.0,986.2,1012.8,981.3,986.2,120536250,1084.8,887.6,1102.5,649.1,1009.9,117,3,1009.8,29,3,1009.7,2720,12,1009.6,1037,8,1009.5,1265,16,1010.0,842,12,1010.1,820,6,1010.2,2944,9,1010.3,2682,11,1010.4,1098,15
317,2025-11-26 15:02:34+05:30,1010.0,3,1002.59,8578074,375888.0,430688.0,986.2,1012.8,981.3,986.2,120536250,1084.8,887.6,1102.5,649.1,1009.9,117,3,1009.8,29,3,1009.7,2720,12,1009.6,1037,8,1009.5,1265,16,1010.0,842,12,1010.1,820,6,1010.2,2944,9,1010.3,2682,11,1010.4,1098,15
317,2025-11-26 15:02:35+05:30,1009.9,15,1002.59,8578575,376073.0,429841.0,986.2,1012.8,981.3,986.2,120536250,1084.8,887.6,1102.5,649.1,1009.9,8,1,1009.8,79,4,1009.7,2878,14,1009.6,1037,8,1009.5,1265,16,1010.0,739,12,1010.1,594,5,1010.2,2940,9,1010.3,2262,10,1010.4,1098,15
317,2025-11-26 15:02:35+05:30,1009.9,15,1002.59,8578575,376073.0,429841.0,986.2,1012.8,981.3,986.2,120536250,1084.8,887.6,1102.5,649.1,1009.9,8,1,1009.8,79,4,1009.7,2878,14,1009.6,1037,8,1009.5,1265,16,1010.0,739,12,1010.1,594,5,1010.2,2940,9,1010.3,2262,10,1010.4,1098,15
317,2025-11-26 15:02:36+05:30,1009.8,7,1002.59,8578575,376073.0,429841.0,986.2,1012.8,981.3,986.2,120536250,1084.8,887.6,1102.5,649.1,1009.9,8,1,1009.8,79,4,1009.7,2878,14,1009.6,1037,8,1009.5,1265,16,1010.0,739,12,1010.1,594,5,1010.2,2940,9,1010.3,2262,10,1010.4,1098,15
317,2025-11-26 15:02:36+05:30,1009.8,7,1002.59,8578887,377718.0,429840.0,986.2,1012.8,981.3,986.2,120536250,1084.8,887.6,1102.5,649.1,1009.8,54,3,1009.7,2750,12,1009.6,1100,9,1009.5,1293,17,1009.4,1212,18,1009.9,10,1,1010.0,1149,14,1010.1,594,5,1010.2,2879,8,1010.3,2171,9
317,2025-11-26 15:02:37+05:30,1009.8,46,1002.59,8578887,377718.0,429840.0,986.2,1012.8,981.3,986.2,120536250,1084.8,887.6,1102.5,649.1,1009.8,54,3,1009.7,2750,12,1009.6,1100,9,1009.5,1293,17,1009.4,1212,18,1009.9,10,1,1010.0,1149,14,1010.1,594,5,1010.2,2879,8,1010.3,2171,9
317,2025-11-26 15:02:37+05:30,1009.7,55,1002.59,8579143,377158.0,429626.0,986.2,1012.8,981.3,986.2,120536250,1084.8,887.6,1102.5,649.1,1009.7,3020,13,1009.6,985,8,1009.5,1393,18,1009.4,877,17,1009.3,3234,14,1009.9,151,3,1010.0,942,13,1010.1,671,4,1010.2,2986,9,1010.3,2193,10
317,2025-11-26 15:02:38+05:30,1009.7,127,1002.59,8579143,377158.0,429626.0,986.2,1012.8,981.3,986.2,120536250,1084.8,887.6,1102.5,649.1,1009.7,3020,13,1009.6,985,8,1009.5,1393,18,1009.4,877,17,1009.3,3234,14,1009.9,151,3,1010.0,942,13,1010.1,671,4,1010.2,2986,9,1010.3,2193,10
317,2025-11-26 15:02:38+05:30,1009.7,127,1002.59,8579355,378079.0,429621.0,986.2,1012.8,981.3,986.2,120536250,1084.8,887.6,1102.5,649.1,1009.7,2832,12,1009.6,985,8,1009.5,1352,17,1009.4,925,17,1009.3,3234,14,1009.8,61,1,1009.9,91,5,1010.0,933,10,1010.1,732,5,1010.2,2925,8
317,2025-11-26 15:02:39+05:30,1009.8,5,1002.59,8579355,378079.0,429621.0,986.2,1012.8,981.3,986.2,120536250,1084.8,887.6,1102.5,649.1,1009.7,2832,12,1009.6,985,8,1009.5,1352,17,1009.4,925,17,1009.3,3234,14,1009.8,61,1,1009.9,91,5,1010.0,933,10,1010.1,732,5,1010.2,2925,8
317,2025-11-26 15:02:39+05:30,1009.7,3,1002.59,8579582,379264.0,429709.0,986.2,1012.8,981.3,986.2,120536250,1084.8,887.6,1102.5,649.1,1009.7,2575,13,1009.6,878,7,1009.5,1413,18,1009.4,864,16,1009.3,4734,16,1009.8,63,3,1009.9,91,5,1010.0,933,10,1010.1,671,4,1010.2,2925,8
317,2025-11-26 15:02:40+05:30,1009.7,128,1002.59,8579582,379264.0,429709.0,986.2,1012.8,981.3,986.2,120536250,1084.8,887.6,1102.5,649.1,1009.7,2575,13,1009.6,878,7,1009.5,1413,18,1009.4,864,16,1009.3,4734,16,1009.8,63,3,1009.9,91,5,1010.0,933,10,1010.1,671,4,1010.2,2925,8
317,2025-11-26 15:02:41+05:30,1009.7,128,1002.59,8581630,376878.0,429591.0,986.2,1012.8,981.3,986.2,120536250,1084.8,887.6,1102.5,649.1,1009.7,1067,8,1009.6,654,5,1009.5,1342,17,1009.4,753,13,1009.3,4048,19,1009.8,3,1,1009.9,19,3,1010.0,952,10,1010.1,754,5,1010.2,3114,13
317,2025-11-26 15:02:41+05:30,1009.9,81,1002.59,8581630,376878.0,429591.0,986.2,1012.8,981.3,986.2,120536250,1084.8,887.6,1102.5,649.1,1009.7,1067,8,1009.6,654,5,1009.5,1342,17,1009.4,753,13,1009.3,4048,19,1009.8,3,1,1009.9,19,3,1010.0,952,10,1010.1,754,5,1010.2,3114,13
317,2025-11-26 15:02:42+05:30,1009.9,81,1002.59,8581722,375915.0,429701.0,986.2,1012.8,981.3,986.2,120536250,1084.8,887.6,1102.5,649.1,1009.9,659,1,1009.8,140,1,1009.7,939,8,1009.6,1482,9,1009.5,1372,18,1010.0,871,9,1010.1,676,4,1010.2,2998,10,1010.3,2454,18,1010.4,1007,9
317,2025-11-26 15:02:42+05:30,1009.9,128,1002.59,8581722,375915.0,429701.0,986.2,1012.8,981.3,986.2,120536250,1084.8,887.6,1102.5,649.1,1009.9,659,1,1009.8,140,1,1009.7,939,8,1009.6,1482,9,1009.5,1372,18,1010.0,871,9,1010.1,676,4,1010.2,2998,10,1010.3,2454,18,1010.4,1007,9
317,2025-11-26 15:02:43+05:30,1010.0,22,1002.59,8582012,375315.0,429699.0,986.2,1012.8,981.3,986.2,120536250,1084.8,887.6,1102.5,649.1,1009.9,416,2,1009.7,1109,9,1009.6,907,7,1009.5,1748,18,1009.4,1256,16,1010.0,849,11,1010.1,1283,7,1010.2,2459,9,1010.3,2276,11,1010.4,1078,11
317,2025-11-26 15:02:43+05:30,1009.9,78,1002.59,8582012,375315.0,429699.0,986.2,1012.8,981.3,986.2,120536250,1084.8,887.6,1102.5,649.1,1009.9,416,2,1009.7,1109,9,1009.6,907,7,1009.5,1748,18,1009.4,1256,16,1010.0,849,11,1010.1,1283,7,1010.2,2459,9,1010.3,2276,11,1010.4,1078,11
317,2025-11-26 15:02:44+05:30,1010.0,2,1002.59,8582751,374967.0,428974.0,986.2,1012.8,981.3,986.2,120536250,1084.8,887.6,1102.5,649.1,1009.7,202,5,1009.6,2601,13,1009.5,1360,18,1009.4,1193,14,1009.3,1007,14,1010.0,691,12,1010.1,1059,5,1010.2,2291,7,1010.3,2286,12,1010.4,1007,9
317,2025-11-26 15:02:44+05:30,1010.0,1,1002.59,8582751,374967.0,428974.0,986.2,1012.8,981.3,986.2,120536250,1084.8,887.6,1102.5,649.1,1009.7,202,5,1009.6,2601,13,1009.5,1360,18,1009.4,1193,14,1009.3,1007,14,1010.0,691,12,1010.1,1059,5,1010.2,2291,7,1010.3,2286,12,1010.4,1007,9
317,2025-11-26 15:02:45+05:30,1010.0,1,1002.59,8584409,375797.0,428637.0,986.2,1012.8,981.3,986.2,120536250,1084.8,887.6,1102.5,649.1,1009.8,82,2,1009.7,2169,15,1009.6,1111,12,1009.5,1874,18,1009.4,1300,18,1010.0,990,7,1010.1,472,2,1010.2,2232,6,1010.3,2089,7,1010.4,883,12
317,2025-11-26 15:02:45+05:30,1010.0,1,1002.59,8584409,375797.0,428637.0,986.2,1012.8,981.3,986.2,120536250,1084.8,887.6,1102.5,649.1,1009.8,82,2,1009.7,2169,15,1009.6,1111,12,1009.5,1874,18,1009.4,1300,18,1010.0,990,7,1010.1,472,2,1010.2,2232,6,1010.3,2089,7,1010.4,883,12
317,2025-11-26 15:02:46+05:30,1009.8,1,1002.59,8584563,375580.0,428548.0,986.2,1012.8,981.3,986.2,120536250,1084.8,887.6,1102.5,649.1,1009.8,152,3,1009.7,2169,15,1009.6,1132,12,1009.5,1382,17,1009.4,1393,19,1010.0,921,7,1010.1,521,3,1010.2,2158,6,1010.3,1983,8,1010.4,721,11
317,2025-11-26 15:02:46+05:30,1009.8,1,1002.59,8584563,375580.0,428548.0,986.2,1012.8,981.3,986.2,120536250,1084.8,887.6,1102.5,649.1,1009.8,152,3,1009.7,2169,15,1009.6,1132,12,1009.5,1382,17,1009.4,1393,19,1010.0,921,7,1010.1,521,3,1010.2,2158,6,1010.3,1983,8,1010.4,721,11
317,2025-11-26 15:02:47+05:30,1010.0,1,1002.59,8584823,377815.0,428494.0,986.2,1012.8,981.3,986.2,120536250,1084.8,887.6,1102.5,649.1,1009.8,1368,4,1009.7,492,10,1009.6,1248,14,1009.5,1361,19,1009.4,3617,20,1009.9,62,1,1010.0,920,7,1010.1,521,3,1010.2,2064,4,1010.3,1983,8
317,2025-11-26 15:02:47+05:30,1009.8,1,1002.59,8584823,377815.0,428494.0,986.2,1012.8,981.3,986.2,120536250,1084.8,887.6,1102.5,649.1,1009.8,1368,4,1009.7,492,10,1009.6,1248,14,1009.5,1361,19,1009.4,3617,20,1009.9,62,1,1010.0,920,7,1010.1,521,3,1010.2,2064,4,1010.3,1983,8
317,2025-11-26 15:02:48+05:30,1010.0,4,1002.59,8585049,378871.0,428822.0,986.2,1012.8,981.3,986.2,120536250,1084.8,887.6,1102.5,649.1,1009.8,1791,7,1009.7,412,8,1009.6,1235,13,1009.5,1473,21,1009.4,5167,24,1010.0,802,8,1010.1,521,3,1010.2,1920,3,1010.3,1900,7,1010.4,721,11
317,2025-11-26 15:02:48+05:30,1010.0,698,1002.59,8585049,378871.0,428822.0,986.2,1012.8,981.3,986.2,120536250,1084.8,887.6,1102.5,649.1,1009.8,1791,7,1009.7,412,8,1009.6,1235,13,1009.5,1473,21,1009.4,5167,24,1010.0,802,8,1010.1,521,3,1010.2,1920,3,1010.3,1900,7,1010.4,721,11
317,2025-11-26 15:02:49+05:30,1009.8,128,1002.59,8586804,376873.0,429126.0,986.2,1012.8,981.3,986.2,120536250,1084.8,887.6,1102.5,649.1,1009.8,209,2,1009.7,1448,7,1009.6,1235,13,1009.5,1460,20,1009.4,2180,21,1009.9,62,1,1010.0,1338,12,1010.1,679,6,1010.2,2276,6,1010.3,2066,9
317,2025-11-26 15:02:49+05:30,1009.8,128,1002.59,8586804,376873.0,429126.0,986.2,1012.8,981.3,986.2,120536250,1084.8,887.6,1102.5,649.1,1009.8,209,2,1009.7,1448,7,1009.6,1235,13,1009.5,1460,20,1009.4,2180,21,1009.9,62,1,1010.0,1338,12,1010.1,679,6,1010.2,2276,6,1010.3,2066,9
317,2025-11-26 15:02:50+05:30,1010.0,20,1002.59,8586804,376873.0,429126.0,986.2,1012.8,981.3,986.2,120536250,1084.8,887.6,1102.5,649.1,1009.8,209,2,1009.7,1448,7,1009.6,1235,13,1009.5,1460,20,1009.4,2180,21,1009.9,62,1,1010.0,1338,12,1010.1,679,6,1010.2,2276,6,1010.3,2066,9
317,2025-11-26 15:02:50+05:30,1010.0,20,1002.6,8590239,378866.0,427152.0,986.2,1012.8,981.3,986.2,120536250,1084.8,887.6,1102.5,649.1,1009.8,1423,8,1009.7,572,9,1009.6,1328,14,1009.5,2310,24,1009.4,4069,21,1010.0,561,7,1010.1,347,2,1010.2,1915,2,1010.3,1754,5,1010.4,452,5
317,2025-11-26 15:02:51+05:30,1010.0,4,1002.6,8590239,378866.0,427152.0,986.2,1012.8,981.3,986.2,120536250,1084.8,887.6,1102.5,649.1,1009.8,1423,8,1009.7,572,9,1009.6,1328,14,1009.5,2310,24,1009.4,4069,21,1010.0,561,7,1010.1,347,2,1010.2,1915,2,1010.3,1754,5,1010.4,452,5
317,2025-11-26 15:02:51+05:30,1010.0,4,1002.6,8590520,378512.0,427982.0,986.2,1012.8,981.3,986.2,120536250,1084.8,887.6,1102.5,649.1,1009.8,1410,10,1009.7,466,8,1009.6,1312,13,1009.5,1549,22,1009.4,4404,22,1009.9,35,1,1010.0,695,10,1010.1,347,2,1010.2,2064,4,1010.3,2069,9
317,2025-11-26 15:02:52+05:30,1009.9,5,1002.6,8590552,379276.0,428042.0,986.2,1012.8,981.3,986.2,120536250,1084.8,887.6,1102.5,649.1,1009.8,1425,11,1009.7,466,8,1009.6,1345,14,1009.5,1515,21,1009.4,5154,23,1009.9,65,2,1010.0,664,10,1010.1,347,2,1010.2,2064,4,1010.3,2069,9
317,2025-11-26 15:02:53+05:30,1009.8,1,1002.6,8590552,379276.0,428042.0,986.2,1012.8,981.3,986.2,120536250,1084.8,887.6,1102.5,649.1,1009.8,1425,11,1009.7,466,8,1009.6,1345,14,1009.5,1515,21,1009.4,5154,23,1009.9,65,2,1010.0,664,10,1010.1,347,2,1010.2,2064,4,1010.3,2069,9
317,2025-11-26 15:02:54+05:30,1009.9,3,1002.6,8590556,379112.0,427607.0,986.2,1012.8,981.3,986.2,120536250,1084.8,887.6,1102.5,649.1,1009.8,1427,12,1009.7,478,9,1009.6,1345,14,1009.5,1515,21,1009.4,5154,23,1009.9,103,4,1010.0,1040,12,1010.1,347,2,1010.2,2064,4,1010.3,2152,10
317,2025-11-26 15:02:54+05:30,1009.9,3,1002.6,8590556,379112.0,427607.0,986.2,1012.8,981.3,986.2,120536250,1084.8,887.6,1102.5,649.1,1009.8,1427,12,1009.7,478,9,1009.6,1345,14,1009.5,1515,21,1009.4,5154,23,1009.9,103,4,1010.0,1040,12,1010.1,347,2,1010.2,2064,4,1010.3,2152,10
317,2025-11-26 15:02:55+05:30,1010.1,3,1002.6,8593397,378740.0,425349.0,986.2,1012.8,981.3,986.2,120536250,1084.8,887.6,1102.5,649.1,1010.0,2090,4,1009.9,288,3,1009.8,1846,17,1009.7,737,13,1009.6,1576,13,1010.1,442,3,1010.2,1915,2,1010.3,1622,3,1010.4,268,3,1010.5,613,8
317,2025-11-26 15:02:55+05:30,1010.1,12,1002.6,8593397,378740.0,425349.0,986.2,1012.8,981.3,986.2,120536250,1084.8,887.6,1102.5,649.1,1010.0,2090,4,1009.9,288,3,1009.8,1846,17,1009.7,737,13,1009.6,1576,13,1010.1,442,3,1010.2,1915,2,1010.3,1622,3,1010.4,268,3,1010.5,613,8
317,2025-11-26 15:02:56+05:30,1010.1,1,1002.6,8593484,378264.0,426689.0,986.2,1012.8,981.3,986.2,120536250,1084.8,887.6,1102.5,649.1,1010.0,1925,4,1009.9,416,7,1009.8,1845,14,1009.7,777,14,1009.6,1565,12,1010.1,692,6,1010.2,2429,3,1010.3,1622,3,1010.4,464,5,1010.5,769,12
317,2025-11-26 15:02:56+05:30,1010.0,2,1002.6,8593484,378264.0,426689.0,986.2,1012.8,981.3,986.2,120536250,1084.8,887.6,1102.5,649.1,1010.0,1925,4,1009.9,416,7,1009.8,1845,14,1009.7,777,14,1009.6,1565,12,1010.1,692,6,1010.2,2429,3,1010.3,1622,3,1010.4,464,5,1010.5,769,12
317,2025-11-26 15:02:57+05:30,1010.0,10,1002.6,8593619,380139.0,426093.0,986.2,1012.8,981.3,986.2,120536250,1084.8,887.6,1102.5,649.1,1010.0,2187,8,1009.9,1431,9,1009.8,945,14,1009.7,673,12,1009.6,1565,12,1010.1,724,7,1010.2,2419,2,1010.3,1473,2,1010.4,264,3,1010.5,596,9
317,2025-11-26 15:02:57+05:30,1010.0,5,1002.6,8593619,380139.0,426093.0,986.2,1012.8,981.3,986.2,120536250,1084.8,887.6,1102.5,649.1,1010.0,2187,8,1009.9,1431,9,1009.8,945,14,1009.7,673,12,1009.6,1565,12,1010.1,724,7,1010.2,2419,2,1010.3,1473,2,1010.4,264,3,1010.5,596,9
317,2025-11-26 15:02:58+05:30,1010.0,5,1002.6,8593629,379565.0,426135.0,986.2,1012.8,981.3,986.2,120536250,1084.8,887.6,1102.5,649.1,1010.0,2219,10,1009.9,1488,10,1009.8,803,11,1009.7,725,13,1009.6,1591,14,1010.1,807,9,1010.2,2419,2,1010.3,1473,2,1010.4,264,3,1010.5,596,9
317,2025-11-26 15:02:59+05:30,1010.0,20,1002.6,8593848,377751.0,426488.0,986.2,1012.8,981.3,986.2,120536250,1084.8,887.6,1102.5,649.1,1010.0,2199,10,1009.9,1489,11,1009.8,803,11,1009.7,725,13,1009.6,1689,15,1010.1,1164,9,1010.2,2419,2,1010.3,1473,2,1010.4,264,3,1010.5,596,9
317,2025-11-26 15:02:59+05:30,1010.0,2,1002.6,8593848,377751.0,426488.0,986.2,1012.8,981.3,986.2,120536250,1084.8,887.6,1102.5,649.1,1010.0,2199,10,1009.9,1489,11,1009.8,803,11,1009.7,725,13,1009.6,1689,15,1010.1,1164,9,1010.2,2419,2,1010.3,1473,2,1010.4,264,3,1010.5,596,9
317,2025-11-26 15:03:00+05:30,1010.0,114,1002.6,8596038,376780.0,426118.0,986.2,1012.8,981.3,986.2,120536250,1084.8,887.6,1102.5,649.1,1010.0,1529,8,1009.9,1266,9,1009.8,839,12,1009.7,1213,12,1009.6,1753,19,1010.1,914,5,1010.2,2419,2,1010.3,1529,4,1010.4,264,3,1010.5,579,8
317,2025-11-26 15:03:00+05:30,1010.0,114,1002.6,8596038,376780.0,426118.0,986.2,1012.8,981.3,986.2,120536250,1084.8,887.6,1102.5,649.1,1010.0,1529,8,1009.9,1266,9,1009.8,839,12,1009.7,1213,12,1009.6,1753,19,1010.1,914,5,1010.2,2419,2,1010.3,1529,4,1010.4,264,3,1010.5,579,8
317,2025-11-26 15:03:01+05:30,1010.0,1,1002.6,8596122,376960.0,426064.0,986.2,1012.8,981.3,986.2,120536250,1084.8,887.6,1102.5,649.1,1010.0,1679,10,1009.9,1301,10,1009.8,766,10,1009.7,1266,14,1009.6,1753,19,1010.1,810,7,1010.2,2419,2,1010.3,1529,4,1010.4,264,3,1010.5,605,10
317,2025-11-26 15:03:01+05:30,1010.0,1,1002.6,8596122,376960.0,426064.0,986.2,1012.8,981.3,986.2,120536250,1084.8,887.6,1102.5,649.1,1010.0,1679,10,1009.9,1301,10,1009.8,766,10,1009.7,1266,14,1009.6,1753,19,1010.1,810,7,1010.2,2419,2,1010.3,1529,4,1010.4,264,3,1010.5,605,10
317,2025-11-26 15:03:02+05:30,1010.0,128,1002.6,8596122,376960.0,426064.0,986.2,1012.8,981.3,986.2,120536250,1084.8,887.6,1102.5,649.1,1010.0,1679,10,1009.9,1301,10,1009.8,766,10,1009.7,1266,14,1009.6,1753,19,1010.1,810,7,1010.2,2419,2,1010.3,1529,4,1010.4,264,3,1010.5,605,10
317,2025-11-26 15:03:02+05:30,1010.1,4,1002.6,8596660,376429.0,426638.0,986.2,1012.8,981.3,986.2,120536250,1084.8,887.6,1102.5,649.1,1010.0,1338,11,1009.9,1100,7,1009.8,421,6,1009.7,738,13,1009.6,2244,19,1010.1,868,8,1010.2,2506,3,1010.3,1955,9,1010.4,725,10,1010.5,579,8
317,2025-11-26 15:03:03+05:30,1010.0,1,1002.6,8596660,376429.0,426638.0,986.2,1012.8,981.3,986.2,120536250,1084.8,887.6,1102.5,649.1,1010.0,1338,11,1009.9,1100,7,1009.8,421,6,1009.7,738,13,1009.6,2244,19,1010.1,868,8,1010.2,2506,3,1010.3,1955,9,1010.4,725,10,1010.5,579,8
317,2025-11-26 15:03:03+05:30,1010.0,1,1002.6,8597112,378288.0,426479.0,986.2,1012.8,981.3,986.2,120536250,1084.8,887.6,1102.5,649.1,1010.0,2332,13,1009.9,84,4,1009.8,421,6,1009.7,1275,16,1009.6,4638,21,1010.1,903,9,1010.2,2419,2,1010.3,1716,7,1010.4,739,11,1010.5,579,8
317,2025-11-26 15:03:04+05:30,1010.1,125,1002.6,8597112,378288.0,426479.0,986.2,1012.8,981.3,986.2,120536250,1084.8,887.6,1102.5,649.1,1010.0,2332,13,1009.9,84,4,1009.8,421,6,1009.7,1275,16,1009.6,4638,21,1010.1,903,9,1010.2,2419,2,1010.3,1716,7,1010.4,739,11,1010.5,579,8
317,2025-11-26 15:03:05+05:30,1010.1,125,1002.6,8597708,378563.0,426431.0,986.2,1012.8,981.3,986.2,120536250,1084.8,887.6,1102.5,649.1,1010.0,2079,14,1009.9,193,5,1009.8,654,8,1009.7,1303,17,1009.6,4667,21,1010.1,813,10,1010.2,2419,2,1010.3,1608,5,1010.4,725,10,1010.5,579,8
317,2025-11-26 15:03:05+05:30,1010.1,2,1002.6,8597708,378563.0,426431.0,986.2,1012.8,981.3,986.2,120536250,1084.8,887.6,1102.5,649.1,1010.0,2079,14,1009.9,193,5,1009.8,654,8,1009.7,1303,17,1009.6,4667,21,1010.1,813,10,1010.2,2419,2,1010.3,1608,5,1010.4,725,10,1010.5,579,8
317,2025-11-26 15:03:06+05:30,1010.1,1,1002.6,8597713,378556.0,426591.0,986.2,1012.8,981.3,986.2,120536250,1084.8,887.6,1102.5,649.1,1010.0,2131,17,1009.9,95,3,1009.8,654,8,1009.7,1292,16,1009.6,4667,21,1010.1,1019,11,1010.2,2419,2,1010.3,1529,4,1010.4,725,10,1010.5,711,9
317,2025-11-26 15:03:06+05:30,1010.0,1,1002.6,8597713,378556.0,426591.0,986.2,1012.8,981.3,986.2,120536250,1084.8,887.6,1102.5,649.1,1010.0,2131,17,1009.9,95,3,1009.8,654,8,1009.7,1292,16,1009.6,4667,21,1010.1,1019,11,1010.2,2419,2,1010.3,1529,4,1010.4,725,10,1010.5,711,9
317,2025-11-26 15:03:07+05:30,1010.1,4,1002.6,8597718,378233.0,426682.0,986.2,1012.8,981.3,986.2,120536250,1084.8,887.6,1102.5,649.1,1010.0,1962,16,1009.9,143,4,1009.8,654,8,1009.7,1292,16,1009.6,4667,21,1010.1,1019,12,1010.2,2462,3,1010.3,1478,3,1010.4,725,10,1010.5,711,9
317,2025-11-26 15:03:07+05:30,1010.0,7,1002.6,8597718,378233.0,426682.0,986.2,1012.8,981.3,986.2,120536250,1084.8,887.6,1102.5,649.1,1010.0,1962,16,1009.9,143,4,1009.8,654,8,1009.7,1292,16,1009.6,4667,21,1010.1,1019,12,1010.2,2462,3,1010.3,1478,3,1010.4,725,10,1010.5,711,9
317,2025-11-26 15:03:08+05:30,1010.1,182,1002.6,8598475,378862.0,425872.0,986.2,1012.8,981.3,986.2,120536250,1084.8,887.6,1102.5,649.1,1010.0,2220,20,1009.9,446,7,1009.8,730,10,1009.7,1254,14,1009.6,4667,21,1010.1,801,9,1010.2,2462,3,1010.3,1478,3,1010.4,344,4,1010.5,627,9
317,2025-11-26 15:03:08+05:30,1010.0,100,1002.6,8598475,378862.0,425872.0,986.2,1012.8,981.3,986.2,120536250,1084.8,887.6,1102.5,649.1,1010.0,2220,20,1009.9,446,7,1009.8,730,10,1009.7,1254,14,1009.6,4667,21,1010.1,801,9,1010.2,2462,3,1010.3,1478,3,1010.4,344,4,1010.5,627,9
317,2025-11-26 15:03:09+05:30,1010.0,100,1002.6,8598575,378225.0,426456.0,986.2,1012.8,981.3,986.2,120536250,1084.8,887.6,1102.5,649.1,1010.0,2008,19,1009.9,71,3,1009.8,682,9,1009.7,1302,15,1009.6,4667,21,1010.1,1089,9,1010.2,2462,3,1010.3,1562,4,1010.4,606,12,1010.5,627,9
317,2025-11-26 15:03:10+05:30,1010.0,77,1002.6,8599031,378496.0,426770.0,986.2,1012.8,981.3,986.2,120536250,1084.8,887.6,1102.5,649.1,1010.0,3014,18,1009.9,71,3,1009.8,478,7,1009.7,705,13,1009.6,4725,22,1010.1,1083,11,1010.2,2462,3,1010.3,1616,5,1010.4,740,13,1010.5,715,10
317,2025-11-26 15:03:10+05:30,1010.0,49,1002.6,8599031,378496.0,426770.0,986.2,1012.8,981.3,986.2,120536250,1084.8,887.6,1102.5,649.1,1010.0,3014,18,1009.9,71,3,1009.8,478,7,1009.7,705,13,1009.6,4725,22,1010.1,1083,11,1010.2,2462,3,1010.3,1616,5,1010.4,740,13,1010.5,715,10
317,2025-11-26 15:03:11+05:30,1010.0,9,1002.6,8600656,377781.0,426687.0,986.2,1012.8,981.3,986.2,120536250,1084.8,887.6,1102.5,649.1,1010.0,2427,13,1009.9,71,3,1009.8,208,4,1009.7,655,13,1009.6,4603,17,1010.1,923,9,1010.2,2503,4,1010.3,1954,8,1010.4,856,15,1010.5,657,9
317,2025-11-26 15:03:11+05:30,1010.0,128,1002.6,8600656,377781.0,426687.0,986.2,1012.8,981.3,986.2,120536250,1084.8,887.6,1102.5,649.1,1010.0,2427,13,1009.9,71,3,1009.8,208,4,1009.7,655,13,1009.6,4603,17,1010.1,923,9,1010.2,2503,4,1010.3,1954,8,1010.4,856,15,1010.5,657,9
317,2025-11-26 15:03:12+05:30,1010.0,127,1002.61,8602769,378397.0,425423.0,986.2,1012.8,981.3,986.2,120536250,1084.8,887.6,1102.5,649.1,1010.0,2778,18,1009.9,71,3,1009.8,413,7,1009.7,779,12,1009.6,4589,16,1010.1,168,7,1010.2,2462,3,1010.3,1631,5,1010.4,596,7,1010.5,813,11
317,2025-11-26 15:03:12+05:30,1010.0,127,1002.61,8602769,378397.0,425423.0,986.2,1012.8,981.3,986.2,120536250,1084.8,887.6,1102.5,649.1,1010.0,2778,18,1009.9,71,3,1009.8,413,7,1009.7,779,12,1009.6,4589,16,1010.1,168,7,1010.2,2462,3,1010.3,1631,5,1010.4,596,7,1010.5,813,11
317,2025-11-26 15:03:13+05:30,1010.0,128,1002.61,8603424,377594.0,424385.0,986.2,1012.8,981.3,986.2,120536250,1084.8,887.6,1102.5,649.1,1010.0,2457,16,1009.9,197,4,1009.8,786,11,1009.7,760,13,1009.6,3959,15,1010.2,2338,3,1010.3,1381,2,1010.4,512,6,1010.5,811,15,1010.6,1016,12
317,2025-11-26 15:03:13+05:30,1010.2,1,1002.61,8603424,377594.0,424385.0,986.2,1012.8,981.3,986.2,120536250,1084.8,887.6,1102.5,649.1,1010.0,2457,16,1009.9,197,4,1009.8,786,11,1009.7,760,13,1009.6,3959,15,1010.2,2338,3,1010.3,1381,2,1010.4,512,6,1010.5,811,15,1010.6,1016,12
317,2025-11-26 15:03:14+05:30,1010.2,2,1002.61,8603514,377427.0,425365.0,986.2,1012.8,981.3,986.2,120536250,1084.8,887.6,1102.5,649.1,1010.0,2393,16,1009.9,130,3,1009.8,844,12,1009.7,760,13,1009.6,3209,14,1010.2,2316,3,1010.3,1747,3,1010.4,454,5,1010.5,869,16,1010.6,1016,12
317,2025-11-26 15:03:14+05:30,1010.0,1,1002.61,8603514,377427.0,425365.0,986.2,1012.8,981.3,986.2,120536250,1084.8,887.6,1102.5,649.1,1010.0,2393,16,1009.9,130,3,1009.8,844,12,1009.7,760,13,1009.6,3209,14,1010.2,2316,3,1010.3,1747,3,1010.4,454,5,1010.5,869,16,1010.6,1016,12
317,2025-11-26 15:03:15+05:30,1010.0,1,1002.61,8603894,378170.0,430695.0,986.2,1012.8,981.3,986.2,120536250,1084.8,887.6,1102.5,649.1,1010.0,3403,15,1009.9,59,2,1009.8,655,9,1009.7,807,14,1009.6,3254,15,1010.2,2292,5,1010.3,2072,7,1010.4,729,8,1010.5,811,15,1010.6,1030,13
317,2025-11-26 15:03:15+05:30,1010.2,50,1002.61,8603894,378170.0,430695.0,986.2,1012.8,981.3,986.2,120536250,1084.8,887.6,1102.5,649.1,1010.0,3403,15,1009.9,59,2,1009.8,655,9,1009.7,807,14,1009.6,3254,15,1010.2,2292,5,1010.3,2072,7,1010.4,729,8,1010.5,811,15,1010.6,1030,13
317,2025-11-26 15:03:16+05:30,1010.2,492,1002.61,8607087,380748.0,427670.0,986.2,1012.8,981.3,986.2,120536250,1084.8,887.6,1102.5,649.1,1010.0,3329,17,1009.9,234,3,1009.8,958,13,1009.7,813,17,1009.6,5425,19,1010.2,56,3,1010.3,1742,2,1010.4,179,3,1010.5,501,8,1010.6,655,10
317,2025-11-26 15:03:16+05:30,1010.0,1,1002.61,8607087,380748.0,427670.0,986.2,1012.8,981.3,986.2,120536250,1084.8,887.6,1102.5,649.1,1010.0,3329,17,1009.9,234,3,1009.8,958,13,1009.7,813,17,1009.6,5425,19,1010.2,56,3,1010.3,1742,2,1010.4,179,3,1010.5,501,8,1010.6,655,10
317,2025-11-26 15:03:17+05:30,1010.0,178,1002.61,8607576,378376.0,428094.0,986.2,1012.8,981.3,986.2,120536250,1084.8,887.6,1102.5,649.1,1010.0,3012,15,1009.9,149,3,1009.8,897,12,1009.7,748,16,1009.6,3696,16,1010.1,62,1,1010.2,55,4,1010.3,1742,2,1010.4,363,4,1010.5,554,8
317,2025-11-26 15:03:17+05:30,1010.1,2,1002.61,8607576,378376.0,428094.0,986.2,1012.8,981.3,986.2,120536250,1084.8,887.6,1102.5,649.1,1010.0,3012,15,1009.9,149,3,1009.8,897,12,1009.7,748,16,1009.6,3696,16,1010.1,62,1,1010.2,55,4,1010.3,1742,2,1010.4,363,4,1010.5,554,8
317,2025-11-26 15:03:18+05:30,1010.1,122,1002.61,8609579,380777.0,425671.0,986.2,1012.8,981.3,986.2,120536250,1084.8,887.6,1102.5,649.1,1010.0,3234,21,1009.9,570,6,1009.8,962,13,1009.7,791,15,1009.6,5890,21,1010.1,56,1,1010.2,203,3,1010.3,291,1,1010.4,8,1,1010.5,368,6
317,2025-11-26 15:03:18+05:30,1010.1,122,1002.61,8609579,380777.0,425671.0,986.2,1012.8,981.3,986.2,120536250,1084.8,887.6,1102.5,649.1,1010.0,3234,21,1009.9,570,6,1009.8,962,13,1009.7,791,15,1009.6,5890,21,1010.1,56,1,1010.2,203,3,1010.3,291,1,1010.4,8,1,1010.5,368,6
317,2025-11-26 15:03:19+05:30,1010.2,35,1002.61,8610109,380667.0,426149.0,986.2,1012.8,981.3,986.2,120536250,1084.8,887.6,1102.5,649.1,1010.1,1322,2,1010.0,2067,20,1009.9,675,8,1009.8,931,12,1009.7,3757,17,1010.2,168,3,1010.3,291,1,1010.4,8,1,1010.5,461,7,1010.6,673,11
317,2025-11-26 15:03:19+05:30,1010.2,1,1002.61,8610109,380667.0,426149.0,986.2,1012.8,981.3,986.2,120536250,1084.8,887.6,1102.5,649.1,1010.1,1322,2,1010.0,2067,20,1009.9,675,8,1009.8,931,12,1009.7,3757,17,1010.2,168,3,1010.3,291,1,1010.4,8,1,1010.5,461,7,1010.6,673,11
317,2025-11-26 15:03:20+05:30,1010.1,265,1002.61,8612046,378894.0,426813.0,986.2,1012.8,981.3,986.2,120536250,1084.8,887.6,1102.5,649.1,1010.0,2414,15,1009.9,305,4,1009.8,780,12,1009.7,2426,14,1009.6,3703,16,1010.1,234,1,1010.2,107,4,1010.3,291,1,1010.4,366,5,1010.5,548,8
317,2025-11-26 15:03:20+05:30,1010.1,77,1002.61,8612046,378894.0,426813.0,986.2,1012.8,981.3,986.2,120536250,1084.8,887.6,1102.5,649.1,1010.0,2414,15,1009.9,305,4,1009.8,780,12,1009.7,2426,14,1009.6,3703,16,1010.1,234,1,1010.2,107,4,1010.3,291,1,1010.4,366,5,1010.5,548,8
317,2025-11-26 15:03:21+05:30,1010.0,1,1002.61,8612347,379384.0,428919.0,986.2,1012.8,981.3,986.2,120536250,1084.8,887.6,1102.5,649.1,1010.0,2443,16,1009.9,377,6,1009.8,986,13,1009.7,894,12,1009.6,5202,19,1010.1,169,1,1010.2,363,5,1010.3,443,2,1010.4,2265,12,1010.5,548,8
317,2025-11-26 15:03:21+05:30,1010.1,1,1002.61,8612347,379384.0,428919.0,986.2,1012.8,981.3,986.2,120536250,1084.8,887.6,1102.5,649.1,1010.0,2443,16,1009.9,377,6,1009.8,986,13,1009.7,894,12,1009.6,5202,19,1010.1,169,1,1010.2,363,5,1010.3,443,2,1010.4,2265,12,1010.5,548,8
317,2025-11-26 15:03:22+05:30,1010.0,16,1002.61,8612398,379076.0,432058.0,986.2,1012.8,981.3,986.2,120536250,1084.8,887.6,1102.5,649.1,1010.0,2428,16,1009.9,305,4,1009.8,710,11,1009.7,949,13,1009.6,5202,19,1010.1,423,5,1010.2,363,5,1010.3,291,1,1010.4,2230,7,1010.5,548,8
317,2025-11-26 15:03:22+05:30,1010.0,128,1002.61,8612398,379076.0,432058.0,986.2,1012.8,981.3,986.2,120536250,1084.8,887.6,1102.5,649.1,1010.0,2428,16,1009.9,305,4,1009.8,710,11,1009.7,949,13,1009.6,5202,19,1010.1,423,5,1010.2,363,5,1010.3,291,1,1010.4,2230,7,1010.5,548,8
317,2025-11-26 15:03:23+05:30,1010.1,158,1002.62,8613237,380934.0,431867.0,986.2,1012.8,981.3,986.2,120536250,1084.8,887.6,1102.5,649.1,1010.0,3068,17,1009.9,377,6,1009.8,709,10,1009.7,881,12,1009.6,5272,21,1010.1,257,2,1010.2,363,5,1010.3,371,2,1010.4,2419,12,1010.5,678,11
317,2025-11-26 15:03:23+05:30,1010.1,158,1002.62,8613237,380934.0,431867.0,986.2,1012.8,981.3,986.2,120536250,1084.8,887.6,1102.5,649.1,1010.0,3068,17,1009.9,377,6,1009.8,709,10,1009.7,881,12,1009.6,5272,21,1010.1,257,2,1010.2,363,5,1010.3,371,2,1010.4,2419,12,1010.5,678,11
317,2025-11-26 15:03:24+05:30,1010.1,1,1002.62,8614397,379429.0,431947.0,986.2,1012.8,981.3,986.2,120536250,1084.8,887.6,1102.5,649.1,1010.0,2230,16,1009.9,378,7,1009.8,861,11,1009.7,1440,12,1009.6,4467,19,1010.1,2,1,1010.2,363,5,1010.3,291,1,1010.4,2359,8,1010.5,766,11
317,2025-11-26 15:03:24+05:30,1010.1,4,1002.62,8614397,379429.0,431947.0,986.2,1012.8,981.3,986.2,120536250,1084.8,887.6,1102.5,649.1,1010.0,2230,16,1009.9,378,7,1009.8,861,11,1009.7,1440,12,1009.6,4467,19,1010.1,2,1,1010.2,363,5,1010.3,291,1,1010.4,2359,8,1010.5,766,11
317,2025-11-26 15:03:25+05:30,1010.1,11,1002.62,8614509,380265.0,431934.0,986.2,1012.8,981.3,986.2,120536250,1084.8,887.6,1102.5,649.1,1010.0,2474,19,1009.9,378,7,1009.8,861,11,1009.7,943,12,1009.6,5217,20,1010.1,163,1,1010.2,363,5,1010.3,291,1,1010.4,2177,6,1010.5,709,12
317,2025-11-26 15:03:25+05:30,1010.1,11,1002.62,8614509,380265.0,431934.0,986.2,1012.8,981.3,986.2,120536250,1084.8,887.6,1102.5,649.1,1010.0,2474,19,1009.9,378,7,1009.8,861,11,1009.7,943,12,1009.6,5217,20,1010.1,163,1,1010.2,363,5,1010.3,291,1,1010.4,2177,6,1010.5,709,12
317,2025-11-26 15:03:26+05:30,1010.0,1,1002.62,8614770,380454.0,431916.0,986.2,1012.8,981.3,986.2,120536250,1084.8,887.6,1102.5,649.1,1010.0,2409,18,1009.9,621,10,1009.8,819,10,1009.7,888,11,1009.6,5217,20,1010.1,159,1,1010.2,363,5,1010.3,291,1,1010.4,2084,5,1010.5,709,12
317,2025-11-26 15:03:26+05:30,1010.0,1,1002.62,8614770,380454.0,431916.0,986.2,1012.8,981.3,986.2,120536250,1084.8,887.6,1102.5,649.1,1010.0,2409,18,1009.9,621,10,1009.8,819,10,1009.7,888,11,1009.6,5217,20,1010.1,159,1,1010.2,363,5,1010.3,291,1,1010.4,2084,5,1010.5,709,12
317,2025-11-26 15:03:27+05:30,1010.0,18,1002.62,8614870,382095.0,431926.0,986.2,1012.8,981.3,986.2,120536250,1084.8,887.6,1102.5,649.1,1010.0,3397,19,1009.9,468,8,1009.8,765,10,1009.7,920,11,1009.6,5893,22,1010.1,225,4,1010.2,363,5,1010.3,291,1,1010.4,2084,5,1010.5,709,12
317,2025-11-26 15:03:27+05:30,1010.0,18,1002.62,8614870,382095.0,431926.0,986.2,1012.8,981.3,986.2,120536250,1084.8,887.6,1102.5,649.1,1010.0,3397,19,1009.9,468,8,1009.8,765,10,1009.7,920,11,1009.6,5893,22,1010.1,225,4,1010.2,363,5,1010.3,291,1,1010.4,2084,5,1010.5,709,12
317,2025-11-26 15:03:28+05:30,1010.1,4,1002.62,8614874,382263.0,431853.0,986.2,1012.8,981.3,986.2,120536250,1084.8,887.6,1102.5,649.1,1010.0,3566,20,1009.9,467,7,1009.8,820,11,1009.7,865,10,1009.6,5893,22,1010.1,221,4,1010.2,363,5,1010.3,291,1,1010.4,2084,5,1010.5,709,12
317,2025-11-26 15:03:28+05:30,1010.1,4,1002.62,8614874,382263.0,431853.0,986.2,1012.8,981.3,986.2,120536250,1084.8,887.6,1102.5,649.1,1010.0,3566,20,1009.9,467,7,1009.8,820,11,1009.7,865,10,1009.6,5893,22,1010.1,221,4,1010.2,363,5,1010.3,291,1,1010.4,2084,5,1010.5,709,12
317,2025-11-26 15:03:29+05:30,1010.0,127,1002.62,8615517,380424.0,431949.0,986.2,1012.8,981.3,986.2,120536250,1084.8,887.6,1102.5,649.1,1010.0,2947,20,1009.9,245,4,1009.8,612,8,1009.7,921,12,1009.6,5249,21,1010.1,653,5,1010.2,363,5,1010.3,640,5,1010.4,2382,10,1010.5,643,10
317,2025-11-26 15:03:29+05:30,1010.0,127,1002.62,8615517,380424.0,431949.0,986.2,1012.8,981.3,986.2,120536250,1084.8,887.6,1102.5,649.1,1010.0,2947,20,1009.9,245,4,1009.8,612,8,1009.7,921,12,1009.6,5249,21,1010.1,653,5,1010.2,363,5,1010.3,640,5,1010.4,2382,10,1010.5,643,10
317,2025-11-26 15:03:30+05:30,1010.0,6,1002.62,8615517,380424.0,431949.0,986.2,1012.8,981.3,986.2,120536250,1084.8,887.6,1102.5,649.1,1010.0,2947,20,1009.9,245,4,1009.8,612,8,1009.7,921,12,1009.6,5249,21,1010.1,653,5,1010.2,363,5,1010.3,640,5,1010.4,2382,10,1010.5,643,10
317,2025-11-26 15:03:30+05:30,1010.1,15,1002.62,8617415,378291.0,432473.0,986.2,1012.8,981.3,986.2,120536250,1084.8,887.6,1102.5,649.1,1010.0,1925,16,1009.9,316,5,1009.8,2215,9,1009.7,695,8,1009.6,3050,17,1010.1,625,7,1010.2,515,6,1010.3,709,6,1010.4,2508,11,1010.5,628,9
317,2025-11-26 15:03:31+05:30,1010.0,1,1002.62,8617415,378291.0,432473.0,986.2,1012.8,981.3,986.2,120536250,1084.8,887.6,1102.5,649.1,1010.0,1925,16,1009.9,316,5,1009.8,2215,9,1009.7,695,8,1009.6,3050,17,1010.1,625,7,1010.2,515,6,1010.3,709,6,1010.4,2508,11,1010.5,628,9
317,2025-11-26 15:03:31+05:30,1010.0,1,1002.62,8617810,377215.0,432965.0,986.2,1012.8,981.3,986.2,120536250,1084.8,887.6,1102.5,649.1,1010.0,2150,17,1009.9,299,5,1009.8,2215,9,1009.7,735,10,1009.6,1473,13,1010.1,840,9,1010.2,515,6,1010.3,714,6,1010.4,2374,10,1010.5,926,10
317,2025-11-26 15:03:32+05:30,1010.0,128,1002.62,8617810,377215.0,432965.0,986.2,1012.8,981.3,986.2,120536250,1084.8,887.6,1102.5,649.1,1010.0,2150,17,1009.9,299,5,1009.8,2215,9,1009.7,735,10,1009.6,1473,13,1010.1,840,9,1010.2,515,6,1010.3,714,6,1010.4,2374,10,1010.5,926,10
317,2025-11-26 15:03:32+05:30,1010.0,128,1002.62,8618116,377049.0,432391.0,986.2,1012.8,981.3,986.2,120536250,1084.8,887.6,1102.5,649.1,1010.0,1932,17,1009.9,299,5,1009.8,2295,10,1009.7,735,10,1009.6,1473,13,1010.1,793,10,1010.2,363,5,1010.3,643,5,1010.4,2374,10,1010.5,643,10
317,2025-11-26 15:03:33+05:30,1010.0,34,1002.62,8618116,377049.0,432391.0,986.2,1012.8,981.3,986.2,120536250,1084.8,887.6,1102.5,649.1,1010.0,1932,17,1009.9,299,5,1009.8,2295,10,1009.7,735,10,1009.6,1473,13,1010.1,793,10,1010.2,363,5,1010.3,643,5,1010.4,2374,10,1010.5,643,10
317,2025-11-26 15:03:33+05:30,1010.0,34,1002.62,8619342,377073.0,433495.0,986.2,1012.8,981.3,986.2,120536250,1084.8,887.6,1102.5,649.1,1010.0,2212,23,1009.9,299,5,1009.8,2001,7,1009.7,284,5,1009.6,1243,10,1010.1,1196,13,1010.2,886,11,1010.3,836,7,1010.4,2482,9,1010.5,1152,15
317,2025-11-26 15:03:34+05:30,1010.0,4,1002.62,8619342,377073.0,433495.0,986.2,1012.8,981.3,986.2,120536250,1084.8,887.6,1102.5,649.1,1010.0,2212,23,1009.9,299,5,1009.8,2001,7,1009.7,284,5,1009.6,1243,10,1010.1,1196,13,1010.2,886,11,1010.3,836,7,1010.4,2482,9,1010.5,1152,15
317,2025-11-26 15:03:34+05:30,1010.0,128,1002.62,8620997,375874.0,433928.0,986.2,1012.8,981.3,986.2,120536250,1084.8,887.6,1102.5,649.1,1010.0,1149,14,1009.9,245,4,1009.8,2196,7,1009.7,289,6,1009.6,1238,11,1010.1,891,9,1010.2,917,12,1010.3,836,7,1010.4,2482,9,1010.5,1121,14
317,2025-11-26 15:03:35+05:30,1010.0,4,1002.62,8620997,375874.0,433928.0,986.2,1012.8,981.3,986.2,120536250,1084.8,887.6,1102.5,649.1,1010.0,1149,14,1009.9,245,4,1009.8,2196,7,1009.7,289,6,1009.6,1238,11,1010.1,891,9,1010.2,917,12,1010.3,836,7,1010.4,2482,9,1010.5,1121,14
317,2025-11-26 15:03:35+05:30,1010.1,2,1002.62,8621664,376328.0,434264.0,986.2,1012.8,981.3,986.2,120536250,1084.8,887.6,1102.5,649.1,1010.0,1619,15,1009.9,245,4,1009.8,2239,8,1009.7,264,5,1009.6,1238,11,1010.1,1331,13,1010.2,917,12,1010.3,836,7,1010.4,2482,9,1010.5,1121,14
317,2025-11-26 15:03:36+05:30,1010.0,501,1002.62,8621664,376328.0,434264.0,986.2,1012.8,981.3,986.2,120536250,1084.8,887.6,1102.5,649.1,1010.0,1619,15,1009.9,245,4,1009.8,2239,8,1009.7,264,5,1009.6,1238,11,1010.1,1331,13,1010.2,917,12,1010.3,836,7,1010.4,2482,9,1010.5,1121,14
317,2025-11-26 15:03:36+05:30,1010.0,128,1002.62,8622804,375200.0,434871.0,986.2,1012.8,981.3,986.2,120536250,1084.8,887.6,1102.5,649.1,1010.0,583,11,1009.9,245,4,1009.8,2239,8,1009.7,264,5,1009.6,1223,10,1010.1,1480,15,1010.2,848,11,1010.3,836,7,1010.4,2482,9,1010.5,1121,14
317,2025-11-26 15:03:37+05:30,1010.0,32,1002.62,8622804,375200.0,434871.0,986.2,1012.8,981.3,986.2,120536250,1084.8,887.6,1102.5,649.1,1010.0,583,11,1009.9,245,4,1009.8,2239,8,1009.7,264,5,1009.6,1223,10,1010.1,1480,15,1010.2,848,11,1010.3,836,7,1010.4,2482,9,1010.5,1121,14
317,2025-11-26 15:03:37+05:30,1010.0,32,1002.62,8623810,373890.0,434787.0,986.2,1012.8,981.3,986.2,120536250,1084.8,887.6,1102.5,649.1,1010.0,31,4,1009.9,245,4,1009.8,2239,8,1009.7,188,4,1009.6,937,6,1010.1,1515,19,1010.2,853,12,1010.3,836,7,1010.4,2780,10,1010.5,671,12
317,2025-11-26 15:03:38+05:30,1010.0,8,1002.62,8623810,373890.0,434787.0,986.2,1012.8,981.3,986.2,120536250,1084.8,887.6,1102.5,649.1,1010.0,31,4,1009.9,245,4,1009.8,2239,8,1009.7,188,4,1009.6,937,6,1010.1,1515,19,1010.2,853,12,1010.3,836,7,1010.4,2780,10,1010.5,671,12
317,2025-11-26 15:03:38+05:30,1010.0,128,1002.62,8624335,375264.0,432346.0,986.2,1012.8,981.3,986.2,120536250,1084.8,887.6,1102.5,649.1,1010.0,289,1,1009.9,1734,5,1009.8,750,7,1009.7,346,6,1009.6,2006,15,1010.1,1106,13,1010.2,549,8,1010.3,654,5,1010.4,2551,10,1010.5,1121,14
317,2025-11-26 15:03:39+05:30,1010.0,128,1002.62,8624335,375264.0,432346.0,986.2,1012.8,981.3,986.2,120536250,1084.8,887.6,1102.5,649.1,1010.0,289,1,1009.9,1734,5,1009.8,750,7,1009.7,346,6,1009.6,2006,15,1010.1,1106,13,1010.2,549,8,1010.3,654,5,1010.4,2551,10,1010.5,1121,14
317,2025-11-26 15:03:40+05:30,1010.1,3,1002.63,8627118,377124.0,431883.0,986.2,1012.8,981.3,986.2,120536250,1084.8,887.6,1102.5,649.1,1010.0,161,1,1009.9,1957,8,1009.8,991,10,1009.7,702,9,1009.6,1380,16,1010.1,439,6,1010.2,394,6,1010.3,443,2,1010.4,2296,6,1010.5,1169,14
317,2025-11-26 15:03:40+05:30,1010.0,127,1002.63,8627118,377124.0,431883.0,986.2,1012.8,981.3,986.2,120536250,1084.8,887.6,1102.5,649.1,1010.0,161,1,1009.9,1957,8,1009.8,991,10,1009.7,702,9,1009.6,1380,16,1010.1,439,6,1010.2,394,6,1010.3,443,2,1010.4,2296,6,1010.5,1169,14
317,2025-11-26 15:03:41+05:30,1009.9,1,1002.63,8629809,377713.0,433310.0,986.2,1012.8,981.3,986.2,120536250,1084.8,887.6,1102.5,649.1,1009.9,1832,9,1009.8,872,7,1009.7,391,6,1009.6,1420,18,1009.5,4686,22,1010.0,85,1,1010.1,438,6,1010.2,687,9,1010.3,776,5,1010.4,2470,8
317,2025-11-26 15:03:41+05:30,1009.9,7,1002.63,8629809,377713.0,433310.0,986.2,1012.8,981.3,986.2,120536250,1084.8,887.6,1102.5,649.1,1009.9,1832,9,1009.8,872,7,1009.7,391,6,1009.6,1420,18,1009.5,4686,22,1010.0,85,1,1010.1,438,6,1010.2,687,9,1010.3,776,5,1010.4,2470,8
317,2025-11-26 15:03:42+05:30,1009.9,128,1002.63,8630391,378266.0,431823.0,986.2,1012.8,981.3,986.2,120536250,1084.8,887.6,1102.5,649.1,1009.9,1929,9,1009.8,906,8,1009.7,599,8,1009.6,1556,19,1009.5,5479,24,1010.0,4,1,1010.1,245,5,1010.2,546,10,1010.3,1234,7,1010.4,2470,8
317,2025-11-26 15:03:42+05:30,1010.0,1,1002.63,8630391,378266.0,431823.0,986.2,1012.8,981.3,986.2,120536250,1084.8,887.6,1102.5,649.1,1009.9,1929,9,1009.8,906,8,1009.7,599,8,1009.6,1556,19,1009.5,5479,24,1010.0,4,1,1010.1,245,5,1010.2,546,10,1010.3,1234,7,1010.4,2470,8
317,2025-11-26 15:03:43+05:30,1010.0,1,1002.63,8630680,378530.0,432579.0,986.2,1012.8,981.3,986.2,120536250,1084.8,887.6,1102.5,649.1,1009.9,1674,9,1009.8,749,7,1009.7,599,8,1009.6,1556,19,1009.5,5479,24,1010.0,35,2,1010.1,245,5,1010.2,787,12,1010.3,664,6,1010.4,2470,8
317,2025-11-26 15:03:43+05:30,1009.9,79,1002.63,8630680,378530.0,432579.0,986.2,1012.8,981.3,986.2,120536250,1084.8,887.6,1102.5,649.1,1009.9,1674,9,1009.8,749,7,1009.7,599,8,1009.6,1556,19,1009.5,5479,24,1010.0,35,2,1010.1,245,5,1010.2,787,12,1010.3,664,6,1010.4,2470,8
317,2025-11-26 15:03:44+05:30,1009.9,74,1002.63,8631050,379515.0,432157.0,986.2,1012.8,981.3,986.2,120536250,1084.8,887.6,1102.5,649.1,1010.0,1,1,1009.9,963,7,1009.8,843,9,1009.7,506,7,1009.6,1556,19,1010.1,245,5,1010.2,787,12,1010.3,1130,6,1010.4,2549,9,1010.5,1096,17
317,2025-11-26 15:03:44+05:30,1009.9,2,1002.63,8631050,379515.0,432157.0,986.2,1012.8,981.3,986.2,120536250,1084.8,887.6,1102.5,649.1,1010.0,1,1,1009.9,963,7,1009.8,843,9,1009.7,506,7,1009.6,1556,19,1010.1,245,5,1010.2,787,12,1010.3,1130,6,1010.4,2549,9,1010.5,1096,17
317,2025-11-26 15:03:45+05:30,1010.0,8,1002.63,8632086,378358.0,432497.0,986.2,1012.8,981.3,986.2,120536250,1084.8,887.6,1102.5,649.1,1010.0,35,1,1009.9,1456,7,1009.8,654,6,1009.7,333,6,1009.6,1549,15,1010.1,452,4,1010.2,801,8,1010.3,1266,8,1010.4,2503,10,1010.5,1143,16
317,2025-11-26 15:03:45+05:30,1010.1,2,1002.63,8632086,378358.0,432497.0,986.2,1012.8,981.3,986.2,120536250,1084.8,887.6,1102.5,649.1,1010.0,35,1,1009.9,1456,7,1009.8,654,6,1009.7,333,6,1009.6,1549,15,1010.1,452,4,1010.2,801,8,1010.3,1266,8,1010.4,2503,10,1010.5,1143,16
317,2025-11-26 15:03:46+05:30,1010.2,1,1002.63,8633478,381390.0,431496.0,986.2,1012.8,981.3,986.2,120536250,1084.8,887.6,1102.5,649.1,1010.1,775,3,1010.0,38,2,1009.9,318,8,1009.8,1181,13,1009.7,4250,12,1010.2,453,4,1010.3,131,2,1010.4,2386,7,1010.5,722,11,1010.6,1682,14
317,2025-11-26 15:03:46+05:30,1010.1,100,1002.63,8633478,381390.0,431496.0,986.2,1012.8,981.3,986.2,120536250,1084.8,887.6,1102.5,649.1,1010.1,775,3,1010.0,38,2,1009.9,318,8,1009.8,1181,13,1009.7,4250,12,1010.2,453,4,1010.3,131,2,1010.4,2386,7,1010.5,722,11,1010.6,1682,14
317,2025-11-26 15:03:47+05:30,1010.2,58,1002.63,8633637,380779.0,432520.0,986.2,1012.8,981.3,986.2,120536250,1084.8,887.6,1102.5,649.1,1010.1,674,3,1010.0,51,3,1009.9,233,7,1009.8,951,11,1009.7,4386,14,1010.2,450,9,1010.3,898,6,1010.4,2556,9,1010.5,722,11,1010.6,667,10
317,2025-11-26 15:03:47+05:30,1010.2,58,1002.63,8633637,380779.0,432520.0,986.2,1012.8,981.3,986.2,120536250,1084.8,887.6,1102.5,649.1,1010.1,674,3,1010.0,51,3,1009.9,233,7,1009.8,951,11,1009.7,4386,14,1010.2,450,9,1010.3,898,6,1010.4,2556,9,1010.5,722,11,1010.6,667,10
317,2025-11-26 15:03:48+05:30,1010.2,27,1002.63,8634310,381895.0,432565.0,986.2,1012.8,981.3,986.2,120536250,1084.8,887.6,1102.5,649.1,1010.1,1549,5,1010.0,48,4,1009.9,248,7,1009.8,1394,13,1009.7,4314,13,1010.2,356,10,1010.3,577,3,1010.4,2632,9,1010.5,1488,12,1010.6,1139,14
317,2025-11-26 15:03:48+05:30,1010.2,127,1002.63,8634310,381895.0,432565.0,986.2,1012.8,981.3,986.2,120536250,1084.8,887.6,1102.5,649.1,1010.1,1549,5,1010.0,48,4,1009.9,248,7,1009.8,1394,13,1009.7,4314,13,1010.2,356,10,1010.3,577,3,1010.4,2632,9,1010.5,1488,12,1010.6,1139,14
317,2025-11-26 15:03:49+05:30,1010.1,24,1002.63,8636050,378561.0,430821.0,986.2,1012.8,981.3,986.2,120536250,1084.8,887.6,1102.5,649.1,1010.1,60,3,1010.0,834,10,1009.9,1835,11,1009.8,554,8,1009.7,745,12,1010.3,317,2,1010.4,2066,4,1010.5,839,10,1010.6,1681,12,1010.7,874,14
317,2025-11-26 15:03:49+05:30,1010.1,24,1002.63,8636050,378561.0,430821.0,986.2,1012.8,981.3,986.2,120536250,1084.8,887.6,1102.5,649.1,1010.1,60,3,1010.0,834,10,1009.9,1835,11,1009.8,554,8,1009.7,745,12,1010.3,317,2,1010.4,2066,4,1010.5,839,10,1010.6,1681,12,1010.7,874,14
317,2025-11-26 15:03:50+05:30,1010.0,127,1002.64,8636615,378831.0,431967.0,986.2,1012.8,981.3,986.2,120536250,1084.8,887.6,1102.5,649.1,1010.0,1018,9,1009.9,1904,12,1009.8,554,8,1009.7,823,14,1009.6,1802,15,1010.2,177,1,1010.3,334,4,1010.4,2652,8,1010.5,856,10,1010.6,1622,12
317,2025-11-26 15:03:50+05:30,1010.0,127,1002.64,8636615,378831.0,431967.0,986.2,1012.8,981.3,986.2,120536250,1084.8,887.6,1102.5,649.1,1010.0,1018,9,1009.9,1904,12,1009.8,554,8,1009.7,823,14,1009.6,1802,15,1010.2,177,1,1010.3,334,4,1010.4,2652,8,1010.5,856,10,1010.6,1622,12
317,2025-11-26 15:03:51+05:30,1010.0,1,1002.64,8636961,378635.0,431950.0,986.2,1012.8,981.3,986.2,120536250,1084.8,887.6,1102.5,649.1,1010.0,596,9,1009.9,1918,13,1009.8,554,8,1009.7,823,14,1009.6,1825,16,1010.2,93,3,1010.3,334,4,1010.4,2736,9,1010.5,856,10,1010.6,1387,11
317,2025-11-26 15:03:51+05:30,1010.0,1,1002.64,8636961,378635.0,431950.0,986.2,1012.8,981.3,986.2,120536250,1084.8,887.6,1102.5,649.1,1010.0,596,9,1009.9,1918,13,1009.8,554,8,1009.7,823,14,1009.6,1825,16,1010.2,93,3,1010.3,334,4,1010.4,2736,9,1010.5,856,10,1010.6,1387,11
317,2025-11-26 15:03:52+05:30,1010.0,41,1002.64,8636961,378635.0,431950.0,986.2,1012.8,981.3,986.2,120536250,1084.8,887.6,1102.5,649.1,1010.0,596,9,1009.9,1918,13,1009.8,554,8,1009.7,823,14,1009.6,1825,16,1010.2,93,3,1010.3,334,4,1010.4,2736,9,1010.5,856,10,1010.6,1387,11
317,2025-11-26 15:03:52+05:30,1010.0,41,1002.64,8638927,376590.0,432481.0,986.2,1012.8,981.3,986.2,120536250,1084.8,887.6,1102.5,649.1,1010.0,128,6,1009.9,929,8,1009.8,275,4,1009.7,778,11,1009.6,1849,18,1010.2,162,3,1010.3,1204,9,1010.4,2889,10,1010.5,1174,13,1010.6,868,11
317,2025-11-26 15:03:53+05:30,1010.2,1,1002.64,8638927,376590.0,432481.0,986.2,1012.8,981.3,986.2,120536250,1084.8,887.6,1102.5,649.1,1010.0,128,6,1009.9,929,8,1009.8,275,4,1009.7,778,11,1009.6,1849,18,1010.2,162,3,1010.3,1204,9,1010.4,2889,10,1010.5,1174,13,1010.6,868,11
317,2025-11-26 15:03:53+05:30,1010.0,36,1002.64,8639287,378209.0,433078.0,986.2,1012.8,981.3,986.2,120536250,1084.8,887.6,1102.5,649.1,1010.0,941,5,1009.9,136,6,1009.8,181,3,1009.7,1234,13,1009.6,4138,20,1010.2,459,4,1010.3,774,9,1010.4,2889,10,1010.5,1239,14,1010.6,803,10
317,2025-11-26 15:03:54+05:30,1010.0,2,1002.64,8639287,378209.0,433078.0,986.2,1012.8,981.3,986.2,120536250,1084.8,887.6,1102.5,649.1,1010.0,941,5,1009.9,136,6,1009.8,181,3,1009.7,1234,13,1009.6,4138,20,1010.2,459,4,1010.3,774,9,1010.4,2889,10,1010.5,1239,14,1010.6,803,10
317,2025-11-26 15:03:54+05:30,1010.0,3,1002.64,8639816,377889.0,433654.0,986.2,1012.8,981.3,986.2,120536250,1084.8,887.6,1102.5,649.1,1010.0,415,5,1009.9,136,6,1009.8,96,2,1009.7,1250,12,1009.6,4052,19,1010.2,792,8,1010.3,1020,11,1010.4,3103,12,1010.5,1174,13,1010.6,672,10
317,2025-11-26 15:03:55+05:30,1010.0,127,1002.64,8639816,377889.0,433654.0,986.2,1012.8,981.3,986.2,120536250,1084.8,887.6,1102.5,649.1,1010.0,415,5,1009.9,136,6,1009.8,96,2,1009.7,1250,12,1009.6,4052,19,1010.2,792,8,1010.3,1020,11,1010.4,3103,12,1010.5,1174,13,1010.6,672,10
317,2025-11-26 15:03:55+05:30,1010.2,6,1002.64,8640329,377211.0,432842.0,986.2,1012.8,981.3,986.2,120536250,1084.8,887.6,1102.5,649.1,1010.0,823,6,1009.9,136,6,1009.8,52,2,1009.7,1223,12,1009.6,4053,16,1010.2,776,6,1010.3,906,9,1010.4,3103,12,1010.5,1208,14,1010.6,672,10
317,2025-11-26 15:03:56+05:30,1010.0,128,1002.64,8640329,377211.0,432842.0,986.2,1012.8,981.3,986.2,120536250,1084.8,887.6,1102.5,649.1,1010.0,823,6,1009.9,136,6,1009.8,52,2,1009.7,1223,12,1009.6,4053,16,1010.2,776,6,1010.3,906,9,1010.4,3103,12,1010.5,1208,14,1010.6,672,10
317,2025-11-26 15:03:57+05:30,1010.2,304,1002.64,8641666,375278.0,431872.0,986.2,1012.8,981.3,986.2,120536250,1084.8,887.6,1102.5,649.1,1010.0,54,4,1009.9,136,6,1009.8,703,4,1009.7,645,10,1009.6,1751,13,1010.2,407,4,1010.3,897,9,1010.4,3038,11,1010.5,1264,14,1010.6,719,13
317,2025-11-26 15:03:57+05:30,1010.2,304,1002.64,8641666,375278.0,431872.0,986.2,1012.8,981.3,986.2,120536250,1084.8,887.6,1102.5,649.1,1010.0,54,4,1009.9,136,6,1009.8,703,4,1009.7,645,10,1009.6,1751,13,1010.2,407,4,1010.3,897,9,1010.4,3038,11,1010.5,1264,14,1010.6,719,13
317,2025-11-26 15:03:58+05:30,1010.2,304,1002.64,8641666,376408.0,432142.0,986.2,1012.8,981.3,986.2,120536250,1084.8,887.6,1102.5,649.1,1010.0,54,4,1009.9,136,6,1009.8,1453,5,1009.7,645,10,1009.6,1751,13,1010.2,577,7,1010.3,1114,12,1010.4,2973,10,1010.5,1199,13,1010.6,732,14
317,2025-11-26 15:03:58+05:30,1009.9,3,1002.64,8641666,376408.0,432142.0,986.2,1012.8,981.3,986.2,120536250,1084.8,887.6,1102.5,649.1,1010.0,54,4,1009.9,136,6,1009.8,1453,5,1009.7,645,10,1009.6,1751,13,1010.2,577,7,1010.3,1114,12,1010.4,2973,10,1010.5,1199,13,1010.6,732,14
317,2025-11-26 15:03:59+05:30,1009.9,104,1002.64,8642779,378064.0,433357.0,986.2,1012.8,981.3,986.2,120536250,1084.8,887.6,1102.5,649.1,1009.8,1844,8,1009.7,480,6,1009.6,1316,11,1009.5,2645,27,1009.4,3480,14,1009.9,13,1,1010.2,656,8,1010.3,1470,10,1010.4,3185,10,1010.5,975,14
317,2025-11-26 15:03:59+05:30,1009.8,128,1002.64,8642779,378064.0,433357.0,986.2,1012.8,981.3,986.2,120536250,1084.8,887.6,1102.5,649.1,1009.8,1844,8,1009.7,480,6,1009.6,1316,11,1009.5,2645,27,1009.4,3480,14,1009.9,13,1,1010.2,656,8,1010.3,1470,10,1010.4,3185,10,1010.5,975,14
317,2025-11-26 15:04:00+05:30,1010.2,8,1002.64,8643187,377229.0,432114.0,986.2,1012.8,981.3,986.2,120536250,1084.8,887.6,1102.5,649.1,1009.8,1436,7,1009.7,627,9,1009.6,1249,10,1009.5,2659,27,1009.4,4230,15,1010.0,40,1,1010.2,595,5,1010.3,852,8,1010.4,2664,10,1010.5,1173,13
317,2025-11-26 15:04:00+05:30,1010.1,1,1002.64,8643187,377229.0,432114.0,986.2,1012.8,981.3,986.2,120536250,1084.8,887.6,1102.5,649.1,1009.8,1436,7,1009.7,627,9,1009.6,1249,10,1009.5,2659,27,1009.4,4230,15,1010.0,40,1,1010.2,595,5,1010.3,852,8,1010.4,2664,10,1010.5,1173,13
317,2025-11-26 15:04:01+05:30,1010.1,1,1002.64,8646198,375727.0,432614.0,986.2,1012.8,981.3,986.2,120536250,1084.8,887.6,1102.5,649.1,1010.1,561,1,1010.0,3,2,1009.9,10,1,1009.8,293,7,1009.7,656,11,1010.2,684,6,1010.3,600,5,1010.4,2685,12,1010.5,1251,17,1010.6,741,10
317,2025-11-26 15:04:01+05:30,1010.1,128,1002.64,8646198,375727.0,432614.0,986.2,1012.8,981.3,986.2,120536250,1084.8,887.6,1102.5,649.1,1010.1,561,1,1010.0,3,2,1009.9,10,1,1009.8,293,7,1009.7,656,11,1010.2,684,6,1010.3,600,5,1010.4,2685,12,1010.5,1251,17,1010.6,741,10
317,2025-11-26 15:04:02+05:30,1010.2,1,1002.64,8646621,376113.0,432742.0,986.2,1012.8,981.3,986.2,120536250,1084.8,887.6,1102.5,649.1,1010.1,185,2,1010.0,3,2,1009.9,22,3,1009.8,1043,8,1009.7,656,11,1010.2,865,8,1010.3,723,7,1010.4,2760,13,1010.5,1251,17,1010.6,652,9
317,2025-11-26 15:04:02+05:30,1010.2,1,1002.64,8646621,376113.0,432742.0,986.2,1012.8,981.3,986.2,120536250,1084.8,887.6,1102.5,649.1,1010.1,185,2,1010.0,3,2,1009.9,22,3,1009.8,1043,8,1009.7,656,11,1010.2,865,8,1010.3,723,7,1010.4,2760,13,1010.5,1251,17,1010.6,652,9
317,2025-11-26 15:04:03+05:30,1010.1,55,1002.64,8646906,375945.0,433058.0,986.2,1012.8,981.3,986.2,120536250,1084.8,887.6,1102.5,649.1,1010.1,45,1,1010.0,3,2,1009.9,105,4,1009.8,1233,10,1009.7,1334,14,1010.2,971,9,1010.3,740,7,1010.4,2610,11,1010.5,1251,17,1010.6,814,10
317,2025-11-26 15:04:03+05:30,1010.2,54,1002.64,8646906,375945.0,433058.0,986.2,1012.8,981.3,986.2,120536250,1084.8,887.6,1102.5,649.1,1010.1,45,1,1010.0,3,2,1009.9,105,4,1009.8,1233,10,1009.7,1334,14,1010.2,971,9,1010.3,740,7,1010.4,2610,11,1010.5,1251,17,1010.6,814,10
317,2025-11-26 15:04:04+05:30,1010.1,5,1002.64,8647578,375787.0,432704.0,986.2,1012.8,981.3,986.2,120536250,1084.8,887.6,1102.5,649.1,1010.1,46,2,1010.0,12,3,1009.9,70,4,1009.8,1270,11,1009.7,747,11,1010.2,861,9,1010.3,493,4,1010.4,2678,12,1010.5,1741,16,1010.6,840,12
317,2025-11-26 15:04:04+05:30,1010.1,5,1002.64,8647578,375787.0,432704.0,986.2,1012.8,981.3,986.2,120536250,1084.8,887.6,1102.5,649.1,1010.1,46,2,1010.0,12,3,1009.9,70,4,1009.8,1270,11,1009.7,747,11,1010.2,861,9,1010.3,493,4,1010.4,2678,12,1010.5,1741,16,1010.6,840,12
317,2025-11-26 15:04:05+05:30,1010.2,2,1002.64,8647835,375571.0,433178.0,986.2,1012.8,981.3,986.2,120536250,1084.8,887.6,1102.5,649.1,1010.1,13,1,1009.9,55,3,1009.8,1282,11,1009.7,740,11,1009.6,1336,11,1010.2,1090,12,1010.3,674,6,1010.4,3086,14,1010.5,1002,15,1010.6,840,12
317,2025-11-26 15:04:05+05:30,1010.2,2,1002.64,8647835,375571.0,433178.0,986.2,1012.8,981.3,986.2,120536250,1084.8,887.6,1102.5,649.1,1010.1,13,1,1009.9,55,3,1009.8,1282,11,1009.7,740,11,1009.6,1336,11,1010.2,1090,12,1010.3,674,6,1010.4,3086,14,1010.5,1002,15,1010.6,840,12
317,2025-11-26 15:04:06+05:30,1009.9,1,1002.65,8648223,377515.0,432116.0,986.2,1012.8,981.3,986.2,120536250,1084.8,887.6,1102.5,649.1,1009.9,1481,10,1009.8,527,11,1009.7,1300,12,1009.6,1287,12,1009.5,3570,20,1010.1,3,1,1010.2,960,12,1010.3,412,3,1010.4,2531,10,1010.5,1041,13
317,2025-11-26 15:04:06+05:30,1009.9,2,1002.65,8648223,377515.0,432116.0,986.2,1012.8,981.3,986.2,120536250,1084.8,887.6,1102.5,649.1,1009.9,1481,10,1009.8,527,11,1009.7,1300,12,1009.6,1287,12,1009.5,3570,20,1010.1,3,1,1010.2,960,12,1010.3,412,3,1010.4,2531,10,1010.5,1041,13
317,2025-11-26 15:04:07+05:30,1010.1,131,1002.65,8649239,375085.0,433015.0,986.2,1012.8,981.3,986.2,120536250,1084.8,887.6,1102.5,649.1,1009.9,74,4,1009.8,969,8,1009.7,1165,8,1009.6,1299,10,1009.5,1420,19,1010.1,744,3,1010.2,547,12,1010.3,931,9,1010.4,2961,12,1010.5,1047,17
317,2025-11-26 15:04:07+05:30,1009.8,10,1002.65,8649239,375085.0,433015.0,986.2,1012.8,981.3,986.2,120536250,1084.8,887.6,1102.5,649.1,1009.9,74,4,1009.8,969,8,1009.7,1165,8,1009.6,1299,10,1009.5,1420,19,1010.1,744,3,1010.2,547,12,1010.3,931,9,1010.4,2961,12,1010.5,1047,17
317,2025-11-26 15:04:08+05:30,1009.9,110,1002.65,8651121,378729.0,433906.0,986.2,1012.8,981.3,986.2,120536250,1084.8,887.6,1102.5,649.1,1009.8,1623,10,1009.7,352,5,1009.6,1033,7,1009.5,1759,20,1009.4,3066,16,1009.9,17,1,1010.1,512,2,1010.2,1023,13,1010.3,887,7,1010.4,3019,16
317,2025-11-26 15:04:08+05:30,1009.8,128,1002.65,8651121,378729.0,433906.0,986.2,1012.8,981.3,986.2,120536250,1084.8,887.6,1102.5,649.1,1009.8,1623,10,1009.7,352,5,1009.6,1033,7,1009.5,1759,20,1009.4,3066,16,1009.9,17,1,1010.1,512,2,1010.2,1023,13,1010.3,887,7,1010.4,3019,16
317,2025-11-26 15:04:09+05:30,1009.8,6,1002.65,8651651,377745.0,433095.0,986.2,1012.8,981.3,986.2,120536250,1084.8,887.6,1102.5,649.1,1009.8,2003,8,1009.7,494,6,1009.6,1238,11,1009.5,1949,25,1009.4,3739,12,1010.1,769,2,1010.2,768,11,1010.3,968,8,1010.4,3056,15,1010.5,770,13
317,2025-11-26 15:04:09+05:30,1009.8,6,1002.65,8651651,377745.0,433095.0,986.2,1012.8,981.3,986.2,120536250,1084.8,887.6,1102.5,649.1,1009.8,2003,8,1009.7,494,6,1009.6,1238,11,1009.5,1949,25,1009.4,3739,12,1010.1,769,2,1010.2,768,11,1010.3,968,8,1010.4,3056,15,1010.5,770,13
317,2025-11-26 15:04:10+05:30,1009.8,128,1002.65,8652246,378238.0,434341.0,986.2,1012.8,981.3,986.2,120536250,1084.8,887.6,1102.5,649.1,1009.8,1425,8,1009.7,344,5,1009.6,1237,11,1009.5,2041,26,1009.4,3054,13,1009.9,173,1,1010.1,787,6,1010.2,1014,13,1010.3,1066,9,1010.4,2751,14
317,2025-11-26 15:04:10+05:30,1009.8,2,1002.65,8652246,378238.0,434341.0,986.2,1012.8,981.3,986.2,120536250,1084.8,887.6,1102.5,649.1,1009.8,1425,8,1009.7,344,5,1009.6,1237,11,1009.5,2041,26,1009.4,3054,13,1009.9,173,1,1010.1,787,6,1010.2,1014,13,1010.3,1066,9,1010.4,2751,14
317,2025-11-26 15:04:11+05:30,1009.8,35,1002.65,8652246,378238.0,434341.0,986.2,1012.8,981.3,986.2,120536250,1084.8,887.6,1102.5,649.1,1009.8,1425,8,1009.7,344,5,1009.6,1237,11,1009.5,2041,26,1009.4,3054,13,1009.9,173,1,1010.1,787,6,1010.2,1014,13,1010.3,1066,9,1010.4,2751,14
317,2025-11-26 15:04:11+05:30,1009.9,100,1002.65,8652927,377792.0,434750.0,986.2,1012.8,981.3,986.2,120536250,1084.8,887.6,1102.5,649.1,1009.8,52,3,1009.7,938,3,1009.6,953,9,1009.5,1368,20,1009.4,1383,17,1009.9,35,2,1010.0,369,2,1010.1,1024,7,1010.2,1157,14,1010.3,1066,9
317,2025-11-26 15:04:12+05:30,1009.9,128,1002.65,8652927,377792.0,434750.0,986.2,1012.8,981.3,986.2,120536250,1084.8,887.6,1102.5,649.1,1009.8,52,3,1009.7,938,3,1009.6,953,9,1009.5,1368,20,1009.4,1383,17,1009.9,35,2,1010.0,369,2,1010.1,1024,7,1010.2,1157,14,1010.3,1066,9
317,2025-11-26 15:04:12+05:30,1009.9,128,1002.65,8655312,375122.0,434446.0,986.2,1012.8,981.3,986.2,120536250,1084.8,887.6,1102.5,649.1,1009.9,480,5,1009.8,866,4,1009.7,338,4,1009.6,1327,13,1009.5,2895,23,1010.0,186,2,1010.1,784,5,1010.2,804,11,1010.3,833,7,1010.4,2644,14
317,2025-11-26 15:04:13+05:30,1010.1,271,1002.65,8655312,375122.0,434446.0,986.2,1012.8,981.3,986.2,120536250,1084.8,887.6,1102.5,649.1,1009.9,480,5,1009.8,866,4,1009.7,338,4,1009.6,1327,13,1009.5,2895,23,1010.0,186,2,1010.1,784,5,1010.2,804,11,1010.3,833,7,1010.4,2644,14
317,2025-11-26 15:04:14+05:30,1010.1,271,1002.65,8656545,374880.0,433515.0,986.2,1012.8,981.3,986.2,120536250,1084.8,887.6,1102.5,649.1,1009.9,20,2,1009.8,1664,7,1009.7,768,10,1009.6,1322,12,1009.5,2116,21,1010.0,263,4,1010.1,430,4,1010.2,575,8,1010.3,827,4,1010.4,2901,17
317,2025-11-26 15:04:14+05:30,1010.0,1,1002.65,8656545,374880.0,433515.0,986.2,1012.8,981.3,986.2,120536250,1084.8,887.6,1102.5,649.1,1009.9,20,2,1009.8,1664,7,1009.7,768,10,1009.6,1322,12,1009.5,2116,21,1010.0,263,4,1010.1,430,4,1010.2,575,8,1010.3,827,4,1010.4,2901,17
317,2025-11-26 15:04:15+05:30,1009.9,57,1002.65,8656751,375234.0,434095.0,986.2,1012.8,981.3,986.2,120536250,1084.8,887.6,1102.5,649.1,1009.8,1576,6,1009.7,313,6,1009.6,1352,12,1009.5,2123,22,1009.4,2303,14,1009.9,71,1,1010.0,251,5,1010.1,428,3,1010.2,755,10,1010.3,924,5
317,2025-11-26 15:04:15+05:30,1010.0,10,1002.65,8656751,375234.0,434095.0,986.2,1012.8,981.3,986.2,120536250,1084.8,887.6,1102.5,649.1,1009.8,1576,6,1009.7,313,6,1009.6,1352,12,1009.5,2123,22,1009.4,2303,14,1009.9,71,1,1010.0,251,5,1010.1,428,3,1010.2,755,10,1010.3,924,5
317,2025-11-26 15:04:16+05:30,1009.9,1,1002.65,8658292,376149.0,433505.0,986.2,1012.8,981.3,986.2,120536250,1084.8,887.6,1102.5,649.1,1009.9,1056,3,1009.8,184,6,1009.7,771,11,1009.6,1284,11,1009.5,4366,24,1010.0,12,1,1010.1,282,4,1010.2,413,7,1010.3,450,4,1010.4,2509,13
317,2025-11-26 15:04:16+05:30,1009.9,10,1002.65,8658292,376149.0,433505.0,986.2,1012.8,981.3,986.2,120536250,1084.8,887.6,1102.5,649.1,1009.9,1056,3,1009.8,184,6,1009.7,771,11,1009.6,1284,11,1009.5,4366,24,1010.0,12,1,1010.1,282,4,1010.2,413,7,1010.3,450,4,1010.4,2509,13
317,2025-11-26 15:04:17+05:30,1009.9,14,1002.65,8658572,375471.0,433935.0,986.2,1012.8,981.3,986.2,120536250,1084.8,887.6,1102.5,649.1,1009.8,1007,8,1009.7,144,4,1009.6,1352,12,1009.5,1346,19,1009.4,3862,19,1009.9,152,1,1010.0,15,3,1010.1,364,5,1010.2,1036,13,1010.3,936,5
317,2025-11-26 15:04:17+05:30,1009.8,103,1002.65,8658572,375471.0,433935.0,986.2,1012.8,981.3,986.2,120536250,1084.8,887.6,1102.5,649.1,1009.8,1007,8,1009.7,144,4,1009.6,1352,12,1009.5,1346,19,1009.4,3862,19,1009.9,152,1,1010.0,15,3,1010.1,364,5,1010.2,1036,13,1010.3,936,5
317,2025-11-26 15:04:18+05:30,1009.9,2,1002.65,8658829,376436.0,434467.0,986.2,1012.8,981.3,986.2,120536250,1084.8,887.6,1102.5,649.1,1009.8,1502,8,1009.7,144,4,1009.6,986,8,1009.5,1715,18,1009.4,4645,21,1009.9,154,2,1010.0,15,3,1010.1,2391,7,1010.2,1173,14,1010.3,585,5
317,2025-11-26 15:04:18+05:30,1009.9,1,1002.65,8658829,376436.0,434467.0,986.2,1012.8,981.3,986.2,120536250,1084.8,887.6,1102.5,649.1,1009.8,1502,8,1009.7,144,4,1009.6,986,8,1009.5,1715,18,1009.4,4645,21,1009.9,154,2,1010.0,15,3,1010.1,2391,7,1010.2,1173,14,1010.3,585,5
317,2025-11-26 15:04:19+05:30,1009.8,128,1002.66,8659760,373772.0,433113.0,986.2,1012.8,981.3,986.2,120536250,1084.8,887.6,1102.5,649.1,1009.8,1491,8,1009.7,232,5,1009.6,1717,11,1009.5,1386,19,1009.4,3145,19,1010.1,2134,7,1010.2,948,12,1010.3,752,9,1010.4,981,12,1010.5,791,11
317,2025-11-26 15:04:19+05:30,1010.1,109,1002.66,8659760,373772.0,433113.0,986.2,1012.8,981.3,986.2,120536250,1084.8,887.6,1102.5,649.1,1009.8,1491,8,1009.7,232,5,1009.6,1717,11,1009.5,1386,19,1009.4,3145,19,1010.1,2134,7,1010.2,948,12,1010.3,752,9,1010.4,981,12,1010.5,791,11
317,2025-11-26 15:04:20+05:30,1010.1,1,1002.66,8660622,373609.0,432234.0,986.2,1012.8,981.3,986.2,120536250,1084.8,887.6,1102.5,649.1,1009.8,1778,11,1009.7,804,12,1009.6,1424,13,1009.5,1367,17,1009.4,2465,18,1010.1,1395,9,1010.2,547,8,1010.3,412,4,1010.4,1019,14,1010.5,935,11
317,2025-11-26 15:04:20+05:30,1009.9,1,1002.66,8660622,373609.0,432234.0,986.2,1012.8,981.3,986.2,120536250,1084.8,887.6,1102.5,649.1,1009.8,1778,11,1009.7,804,12,1009.6,1424,13,1009.5,1367,17,1009.4,2465,18,1010.1,1395,9,1010.2,547,8,1010.3,412,4,1010.4,1019,14,1010.5,935,11
317,2025-11-26 15:04:21+05:30,1009.9,126,1002.66,8664838,376172.0,428980.0,986.2,1012.8,981.3,986.2,120536250,1084.8,887.6,1102.5,649.1,1009.9,1222,3,1009.8,641,12,1009.7,855,12,1009.6,1583,14,1009.5,4326,22,1010.0,2,1,1010.2,13,2,1010.4,323,4,1010.5,851,10,1010.6,1069,12
317,2025-11-26 15:04:21+05:30,1010.0,82,1002.66,8664838,376172.0,428980.0,986.2,1012.8,981.3,986.2,120536250,1084.8,887.6,1102.5,649.1,1009.9,1222,3,1009.8,641,12,1009.7,855,12,1009.6,1583,14,1009.5,4326,22,1010.0,2,1,1010.2,13,2,1010.4,323,4,1010.5,851,10,1010.6,1069,12
317,2025-11-26 15:04:22+05:30,1009.9,82,1002.66,8666089,374794.0,429924.0,986.2,1012.8,981.3,986.2,120536250,1084.8,887.6,1102.5,649.1,1009.9,1262,3,1009.8,224,7,1009.7,1273,11,1009.6,1605,13,1009.5,4471,21,1010.2,246,4,1010.3,509,6,1010.4,802,9,1010.5,1171,12,1010.6,739,9
317,2025-11-26 15:04:22+05:30,1009.9,106,1002.66,8666089,374794.0,429924.0,986.2,1012.8,981.3,986.2,120536250,1084.8,887.6,1102.5,649.1,1009.9,1262,3,1009.8,224,7,1009.7,1273,11,1009.6,1605,13,1009.5,4471,21,1010.2,246,4,1010.3,509,6,1010.4,802,9,1010.5,1171,12,1010.6,739,9
317,2025-11-26 15:04:23+05:30,1009.9,28,1002.66,8666441,373237.0,430627.0,986.2,1012.8,981.3,986.2,120536250,1084.8,887.6,1102.5,649.1,1009.9,21,1,1009.8,1215,7,1009.7,295,6,1009.6,1200,10,1009.5,1616,22,1010.2,706,8,1010.3,879,7,1010.4,1082,9,1010.5,1468,14,1010.6,595,9
317,2025-11-26 15:04:23+05:30,1010.2,1,1002.66,8666441,373237.0,430627.0,986.2,1012.8,981.3,986.2,120536250,1084.8,887.6,1102.5,649.1,1009.9,21,1,1009.8,1215,7,1009.7,295,6,1009.6,1200,10,1009.5,1616,22,1010.2,706,8,1010.3,879,7,1010.4,1082,9,1010.5,1468,14,1010.6,595,9
317,2025-11-26 15:04:24+05:30,1010.2,3,1002.66,8666659,374317.0,432800.0,986.2,1012.8,981.3,986.2,120536250,1084.8,887.6,1102.5,649.1,1010.0,1111,2,1009.9,41,2,1009.8,122,6,1009.7,964,8,1009.6,3484,15,1010.2,197,5,1010.3,1045,8,1010.4,2659,10,1010.5,1338,14,1010.6,832,12
317,2025-11-26 15:04:24+05:30,1010.0,10,1002.66,8666659,374317.0,432800.0,986.2,1012.8,981.3,986.2,120536250,1084.8,887.6,1102.5,649.1,1010.0,1111,2,1009.9,41,2,1009.8,122,6,1009.7,964,8,1009.6,3484,15,1010.2,197,5,1010.3,1045,8,1010.4,2659,10,1010.5,1338,14,1010.6,832,12
317,2025-11-26 15:04:25+05:30,1010.2,1,1002.66,8666940,375113.0,432587.0,986.2,1012.8,981.3,986.2,120536250,1084.8,887.6,1102.5,649.1,1010.1,172,1,1010.0,987,3,1009.9,43,4,1009.8,318,8,1009.7,1187,9,1010.2,102,6,1010.3,811,6,1010.4,2592,9,1010.5,1089,13,1010.6,1130,13
317,2025-11-26 15:04:25+05:30,1010.1,128,1002.66,8666940,375113.0,432587.0,986.2,1012.8,981.3,986.2,120536250,1084.8,887.6,1102.5,649.1,1010.1,172,1,1010.0,987,3,1009.9,43,4,1009.8,318,8,1009.7,1187,9,1010.2,102,6,1010.3,811,6,1010.4,2592,9,1010.5,1089,13,1010.6,1130,13
317,2025-11-26 15:04:26+05:30,1010.1,128,1002.66,8667337,375083.0,433042.0,986.2,1012.8,981.3,986.2,120536250,1084.8,887.6,1102.5,649.1,1010.1,230,1,1010.0,993,5,1009.9,155,6,1009.8,196,6,1009.7,628,7,1010.2,498,9,1010.3,811,6,1010.4,2659,10,1010.5,1346,15,1010.6,806,10
317,2025-11-26 15:04:26+05:30,1010.1,128,1002.66,8667337,375083.0,433042.0,986.2,1012.8,981.3,986.2,120536250,1084.8,887.6,1102.5,649.1,1010.1,230,1,1010.0,993,5,1009.9,155,6,1009.8,196,6,1009.7,628,7,1010.2,498,9,1010.3,811,6,1010.4,2659,10,1010.5,1346,15,1010.6,806,10
317,2025-11-26 15:04:27+05:30,1010.1,128,1002.66,8667465,374994.0,433508.0,986.2,1012.8,981.3,986.2,120536250,1084.8,887.6,1102.5,649.1,1010.1,127,3,1010.0,980,4,1009.9,155,6,1009.8,196,6,1009.7,628,7,1010.2,796,12,1010.3,920,8,1010.4,2702,11,1010.5,1346,15,1010.6,887,10
317,2025-11-26 15:04:27+05:30,1010.1,3,1002.66,8667465,374994.0,433508.0,986.2,1012.8,981.3,986.2,120536250,1084.8,887.6,1102.5,649.1,1010.1,127,3,1010.0,980,4,1009.9,155,6,1009.8,196,6,1009.7,628,7,1010.2,796,12,1010.3,920,8,1010.4,2702,11,1010.5,1346,15,1010.6,887,10
317,2025-11-26 15:04:28+05:30,1010.1,97,1002.66,8668475,374461.0,432494.0,986.2,1012.8,981.3,986.2,120536250,1084.8,887.6,1102.5,649.1,1010.1,23,1,1010.0,980,4,1009.9,155,6,1009.8,178,5,1009.7,593,9,1010.2,778,7,1010.3,798,7,1010.4,2511,10,1010.5,1455,19,1010.6,887,10
317,2025-11-26 15:04:28+05:30,1010.1,97,1002.66,8668475,374461.0,432494.0,986.2,1012.8,981.3,986.2,120536250,1084.8,887.6,1102.5,649.1,1010.1,23,1,1010.0,980,4,1009.9,155,6,1009.8,178,5,1009.7,593,9,1010.2,778,7,1010.3,798,7,1010.4,2511,10,1010.5,1455,19,1010.6,887,10
317,2025-11-26 15:04:29+05:30,1010.0,3,1002.67,8671824,374216.0,433105.0,986.2,1012.8,981.3,986.2,120536250,1084.8,887.6,1102.5,649.1,1010.0,6,2,1009.9,405,9,1009.8,553,9,1009.7,1604,16,1009.6,3564,14,1010.3,472,4,1010.4,2386,8,1010.5,1184,12,1010.6,1208,12,1010.7,492,12
317,2025-11-26 15:04:29+05:30,1010.0,3,1002.67,8671824,374216.0,433105.0,986.2,1012.8,981.3,986.2,120536250,1084.8,887.6,1102.5,649.1,1010.0,6,2,1009.9,405,9,1009.8,553,9,1009.7,1604,16,1009.6,3564,14,1010.3,472,4,1010.4,2386,8,1010.5,1184,12,1010.6,1208,12,1010.7,492,12
317,2025-11-26 15:04:30+05:30,1010.1,14,1002.67,8671824,374216.0,433105.0,986.2,1012.8,981.3,986.2,120536250,1084.8,887.6,1102.5,649.1,1010.0,6,2,1009.9,405,9,1009.8,553,9,1009.7,1604,16,1009.6,3564,14,1010.3,472,4,1010.4,2386,8,1010.5,1184,12,1010.6,1208,12,1010.7,492,12
317,2025-11-26 15:04:30+05:30,1010.1,14,1002.67,8672775,376830.0,431283.0,986.2,1012.8,981.3,986.2,120536250,1084.8,887.6,1102.5,649.1,1010.0,1134,2,1009.9,264,5,1009.8,720,14,1009.7,1600,16,1009.6,3620,17,1010.1,382,2,1010.3,173,3,1010.4,2051,4,1010.5,960,9,1010.6,830,15
317,2025-11-26 15:04:31+05:30,1010.0,1,1002.67,8672775,376830.0,431283.0,986.2,1012.8,981.3,986.2,120536250,1084.8,887.6,1102.5,649.1,1010.0,1134,2,1009.9,264,5,1009.8,720,14,1009.7,1600,16,1009.6,3620,17,1010.1,382,2,1010.3,173,3,1010.4,2051,4,1010.5,960,9,1010.6,830,15
317,2025-11-26 15:04:31+05:30,1010.0,3,1002.67,8672899,378652.0,431635.0,986.2,1012.8,981.3,986.2,120536250,1084.8,887.6,1102.5,649.1,1010.0,1128,2,1009.9,436,8,1009.8,755,14,1009.7,1612,16,1009.6,5109,19,1010.1,270,4,1010.3,168,2,1010.4,1889,3,1010.5,759,9,1010.6,1128,16
317,2025-11-26 15:04:32+05:30,1010.0,3,1002.67,8672899,378652.0,431635.0,986.2,1012.8,981.3,986.2,120536250,1084.8,887.6,1102.5,649.1,1010.0,1128,2,1009.9,436,8,1009.8,755,14,1009.7,1612,16,1009.6,5109,19,1010.1,270,4,1010.3,168,2,1010.4,1889,3,1010.5,759,9,1010.6,1128,16
317,2025-11-26 15:04:33+05:30,1010.0,72,1002.67,8673003,378854.0,431102.0,986.2,1012.8,981.3,986.2,120536250,1084.8,887.6,1102.5,649.1,1010.0,1181,4,1009.9,436,8,1009.8,1092,15,1009.7,1061,15,1009.6,5109,19,1010.1,238,4,1010.2,39,1,1010.3,168,2,1010.4,2008,3,1010.5,778,10
317,2025-11-26 15:04:33+05:30,1010.0,72,1002.67,8673003,378854.0,431102.0,986.2,1012.8,981.3,986.2,120536250,1084.8,887.6,1102.5,649.1,1010.0,1181,4,1009.9,436,8,1009.8,1092,15,1009.7,1061,15,1009.6,5109,19,1010.1,238,4,1010.2,39,1,1010.3,168,2,1010.4,2008,3,1010.5,778,10
317,2025-11-26 15:04:34+05:30,1010.1,3,1002.67,8673006,378784.0,431860.0,986.2,1012.8,981.3,986.2,120536250,1084.8,887.6,1102.5,649.1,1010.0,1112,4,1009.9,436,8,1009.8,983,13,1009.7,1132,16,1009.6,5147,20,1010.1,241,6,1010.2,335,2,1010.3,235,2,1010.4,2164,6,1010.5,804,12
317,2025-11-26 15:04:34+05:30,1010.1,3,1002.67,8673006,378784.0,431860.0,986.2,1012.8,981.3,986.2,120536250,1084.8,887.6,1102.5,649.1,1010.0,1112,4,1009.9,436,8,1009.8,983,13,1009.7,1132,16,1009.6,5147,20,1010.1,241,6,1010.2,335,2,1010.3,235,2,1010.4,2164,6,1010.5,804,12
317,2025-11-26 15:04:35+05:30,1010.1,3,1002.67,8673006,378418.0,432165.0,986.2,1012.8,981.3,986.2,120536250,1084.8,887.6,1102.5,649.1,1010.0,1130,5,1009.9,119,4,1009.8,997,13,1009.7,947,14,1009.6,5147,20,1010.1,470,8,1010.2,335,2,1010.3,720,3,1010.4,2287,9,1010.5,1076,11
317,2025-11-26 15:04:35+05:30,1010.0,1,1002.67,8673006,378418.0,432165.0,986.2,1012.8,981.3,986.2,120536250,1084.8,887.6,1102.5,649.1,1010.0,1130,5,1009.9,119,4,1009.8,997,13,1009.7,947,14,1009.6,5147,20,1010.1,470,8,1010.2,335,2,1010.3,720,3,1010.4,2287,9,1010.5,1076,11
317,2025-11-26 15:04:36+05:30,1010.1,114,1002.67,8675528,374648.0,431681.0,986.2,1012.8,981.3,986.2,120536250,1084.8,887.6,1102.5,649.1,1010.0,770,3,1009.9,157,5,1009.8,913,10,1009.7,956,10,1009.6,5146,23,1010.1,112,2,1010.2,335,2,1010.3,698,2,1010.4,2185,5,1010.5,937,11
317,2025-11-26 15:04:36+05:30,1010.1,114,1002.67,8675528,374648.0,431681.0,986.2,1012.8,981.3,986.2,120536250,1084.8,887.6,1102.5,649.1,1010.0,770,3,1009.9,157,5,1009.8,913,10,1009.7,956,10,1009.6,5146,23,1010.1,112,2,1010.2,335,2,1010.3,698,2,1010.4,2185,5,1010.5,937,11
317,2025-11-26 15:04:37+05:30,1010.1,4,1002.67,8675532,379422.0,431934.0,986.2,1012.8,981.3,986.2,120536250,1084.8,887.6,1102.5,649.1,1010.0,1572,6,1009.9,258,6,1009.8,1046,11,1009.7,923,10,1009.6,5146,23,1010.1,354,3,1010.2,351,3,1010.3,164,1,1010.4,2190,6,1010.5,963,13
317,2025-11-26 15:04:37+05:30,1010.2,104,1002.67,8675532,379422.0,431934.0,986.2,1012.8,981.3,986.2,120536250,1084.8,887.6,1102.5,649.1,1010.0,1572,6,1009.9,258,6,1009.8,1046,11,1009.7,923,10,1009.6,5146,23,1010.1,354,3,1010.2,351,3,1010.3,164,1,1010.4,2190,6,1010.5,963,13
317,2025-11-26 15:04:38+05:30,1010.1,1,1002.67,8676283,379429.0,431604.0,986.2,1012.8,981.3,986.2,120536250,1084.8,887.6,1102.5,649.1,1010.0,1572,6,1009.9,307,6,1009.8,1270,15,1009.7,974,10,1009.6,5136,22,1010.1,12,1,1010.2,247,3,1010.3,164,1,1010.4,2195,6,1010.5,885,11
317,2025-11-26 15:04:38+05:30,1010.1,1,1002.67,8676283,379429.0,431604.0,986.2,1012.8,981.3,986.2,120536250,1084.8,887.6,1102.5,649.1,1010.0,1572,6,1009.9,307,6,1009.8,1270,15,1009.7,974,10,1009.6,5136,22,1010.1,12,1,1010.2,247,3,1010.3,164,1,1010.4,2195,6,1010.5,885,11
317,2025-11-26 15:04:39+05:30,1010.1,1,1002.67,8676286,378680.0,431444.0,986.2,1012.8,981.3,986.2,120536250,1084.8,887.6,1102.5,649.1,1010.0,1572,6,1009.9,346,8,1009.8,1232,14,1009.7,974,10,1009.6,5136,22,1010.1,9,1,1010.2,247,3,1010.3,164,1,1010.4,2195,6,1010.5,885,11
317,2025-11-26 15:04:39+05:30,1010.1,1,1002.67,8676286,378680.0,431444.0,986.2,1012.8,981.3,986.2,120536250,1084.8,887.6,1102.5,649.1,1010.0,1572,6,1009.9,346,8,1009.8,1232,14,1009.7,974,10,1009.6,5136,22,1010.1,9,1,1010.2,247,3,1010.3,164,1,1010.4,2195,6,1010.5,885,11
317,2025-11-26 15:04:40+05:30,1010.0,216,1002.67,8677274,377668.0,431598.0,986.2,1012.8,981.3,986.2,120536250,1084.8,887.6,1102.5,649.1,1010.0,1358,6,1009.9,176,6,1009.8,891,11,1009.7,890,9,1009.6,5028,15,1010.1,70,3,1010.2,323,4,1010.3,345,3,1010.4,2195,6,1010.5,885,11
317,2025-11-26 15:04:40+05:30,1010.0,216,1002.67,8677274,377668.0,431598.0,986.2,1012.8,981.3,986.2,120536250,1084.8,887.6,1102.5,649.1,1010.0,1358,6,1009.9,176,6,1009.8,891,11,1009.7,890,9,1009.6,5028,15,1010.1,70,3,1010.2,323,4,1010.3,345,3,1010.4,2195,6,1010.5,885,11
317,2025-11-26 15:04:41+05:30,1010.1,1,1002.67,8677279,377540.0,432477.0,986.2,1012.8,981.3,986.2,120536250,1084.8,887.6,1102.5,649.1,1010.0,1371,8,1009.9,94,5,1009.8,827,10,1009.7,944,10,1009.6,5141,22,1010.1,429,5,1010.2,240,3,1010.3,1035,5,1010.4,2259,7,1010.5,1209,14
317,2025-11-26 15:04:41+05:30,1010.1,1,1002.67,8677279,377540.0,432477.0,986.2,1012.8,981.3,986.2,120536250,1084.8,887.6,1102.5,649.1,1010.0,1371,8,1009.9,94,5,1009.8,827,10,1009.7,944,10,1009.6,5141,22,1010.1,429,5,1010.2,240,3,1010.3,1035,5,1010.4,2259,7,1010.5,1209,14
317,2025-11-26 15:04:42+05:30,1010.1,1,1002.67,8677279,377807.0,433458.0,986.2,1012.8,981.3,986.2,120536250,1084.8,887.6,1102.5,649.1,1010.0,1371,8,1009.9,94,5,1009.8,827,10,1009.7,880,9,1009.6,5205,23,1010.1,806,8,1010.2,388,5,1010.3,571,5,1010.4,2221,8,1010.5,1183,12
317,2025-11-26 15:04:43+05:30,1010.0,78,1002.67,8677393,377978.0,433126.0,986.2,1012.8,981.3,986.2,120536250,1084.8,887.6,1102.5,649.1,1010.0,1525,7,1009.9,93,4,1009.8,762,9,1009.7,902,11,1009.6,5115,17,1010.1,865,8,1010.2,322,4,1010.3,635,6,1010.4,2221,8,1010.5,1183,12
317,2025-11-26 15:04:43+05:30,1010.0,78,1002.67,8677393,377978.0,433126.0,986.2,1012.8,981.3,986.2,120536250,1084.8,887.6,1102.5,649.1,1010.0,1525,7,1009.9,93,4,1009.8,762,9,1009.7,902,11,1009.6,5115,17,1010.1,865,8,1010.2,322,4,1010.3,635,6,1010.4,2221,8,1010.5,1183,12
317,2025-11-26 15:04:44+05:30,1010.1,3,1002.67,8678466,377388.0,432677.0,986.2,1012.8,981.3,986.2,120536250,1084.8,887.6,1102.5,649.1,1010.0,1525,7,1009.9,93,4,1009.8,625,8,1009.7,829,11,1009.6,5155,22,1010.1,388,4,1010.2,323,4,1010.3,590,5,1010.4,2428,10,1010.5,913,13
317,2025-11-26 15:04:44+05:30,1010.1,3,1002.67,8678466,377388.0,432677.0,986.2,1012.8,981.3,986.2,120536250,1084.8,887.6,1102.5,649.1,1010.0,1525,7,1009.9,93,4,1009.8,625,8,1009.7,829,11,1009.6,5155,22,1010.1,388,4,1010.2,323,4,1010.3,590,5,1010.4,2428,10,1010.5,913,13
317,2025-11-26 15:04:45+05:30,1010.2,20,1002.67,8678466,377388.0,432677.0,986.2,1012.8,981.3,986.2,120536250,1084.8,887.6,1102.5,649.1,1010.0,1525,7,1009.9,93,4,1009.8,625,8,1009.7,829,11,1009.6,5155,22,1010.1,388,4,1010.2,323,4,1010.3,590,5,1010.4,2428,10,1010.5,913,13
317,2025-11-26 15:04:45+05:30,1010.2,20,1002.67,8680315,376232.0,432467.0,986.2,1012.8,981.3,986.2,120536250,1084.8,887.6,1102.5,649.1,1010.2,411,1,1010.1,15,2,1010.0,1697,10,1009.9,520,9,1009.8,1453,15,1010.3,154,1,1010.4,1867,4,1010.5,450,5,1010.6,1132,9,1010.7,794,11
317,2025-11-26 15:04:46+05:30,1010.3,136,1002.67,8680315,376232.0,432467.0,986.2,1012.8,981.3,986.2,120536250,1084.8,887.6,1102.5,649.1,1010.2,411,1,1010.1,15,2,1010.0,1697,10,1009.9,520,9,1009.8,1453,15,1010.3,154,1,1010.4,1867,4,1010.5,450,5,1010.6,1132,9,1010.7,794,11
317,2025-11-26 15:04:46+05:30,1010.4,750,1002.67,8681558,381760.0,430865.0,986.2,1012.8,981.3,986.2,120536250,1084.8,887.6,1102.5,649.1,1010.2,480,4,1010.1,1739,11,1010.0,1059,15,1009.9,715,10,1009.8,1973,17,1010.3,280,2,1010.4,1522,3,1010.5,204,3,1010.6,24,2,1010.7,247,6
317,2025-11-26 15:04:47+05:30,1010.2,25,1002.67,8681558,381760.0,430865.0,986.2,1012.8,981.3,986.2,120536250,1084.8,887.6,1102.5,649.1,1010.2,480,4,1010.1,1739,11,1010.0,1059,15,1009.9,715,10,1009.8,1973,17,1010.3,280,2,1010.4,1522,3,1010.5,204,3,1010.6,24,2,1010.7,247,6
317,2025-11-26 15:04:47+05:30,1010.2,25,1002.67,8681655,379553.0,432649.0,986.2,1012.8,981.3,986.2,120536250,1084.8,887.6,1102.5,649.1,1010.2,458,5,1010.1,50,4,1010.0,1921,13,1009.9,571,8,1009.8,1956,16,1010.3,402,3,1010.4,1522,3,1010.5,455,6,1010.6,1011,10,1010.7,1092,11
317,2025-11-26 15:04:48+05:30,1010.3,12,1002.67,8681655,379553.0,432649.0,986.2,1012.8,981.3,986.2,120536250,1084.8,887.6,1102.5,649.1,1010.2,458,5,1010.1,50,4,1010.0,1921,13,1009.9,571,8,1009.8,1956,16,1010.3,402,3,1010.4,1522,3,1010.5,455,6,1010.6,1011,10,1010.7,1092,11
317,2025-11-26 15:04:48+05:30,1010.3,1,1002.67,8682437,379392.0,432139.0,986.2,1012.8,981.3,986.2,120536250,1084.8,887.6,1102.5,649.1,1010.2,538,6,1010.1,79,3,1010.0,1690,12,1009.9,625,8,1009.8,1975,17,1010.3,7,3,1010.4,1441,3,1010.5,359,5,1010.6,777,10,1010.7,1581,14
317,2025-11-26 15:04:49+05:30,1010.4,229,1002.67,8682437,379392.0,432139.0,986.2,1012.8,981.3,986.2,120536250,1084.8,887.6,1102.5,649.1,1010.2,538,6,1010.1,79,3,1010.0,1690,12,1009.9,625,8,1009.8,1975,17,1010.3,7,3,1010.4,1441,3,1010.5,359,5,1010.6,777,10,1010.7,1581,14
317,2025-11-26 15:04:50+05:30,1010.4,229,1002.67,8682676,379683.0,431911.0,986.2,1012.8,981.3,986.2,120536250,1084.8,887.6,1102.5,649.1,1010.2,560,7,1010.1,1284,5,1010.0,1116,14,1009.9,640,8,1009.8,1532,19,1010.4,1212,3,1010.5,150,3,1010.6,574,8,1010.7,1535,14,1010.8,869,11
317,2025-11-26 15:04:50+05:30,1010.2,29,1002.67,8682676,379683.0,431911.0,986.2,1012.8,981.3,986.2,120536250,1084.8,887.6,1102.5,649.1,1010.2,560,7,1010.1,1284,5,1010.0,1116,14,1009.9,640,8,1009.8,1532,19,1010.4,1212,3,1010.5,150,3,1010.6,574,8,1010.7,1535,14,1010.8,869,11
317,2025-11-26 15:04:51+05:30,1010.2,118,1002.68,8683989,382344.0,432201.0,986.2,1012.8,981.3,986.2,120536250,1084.8,887.6,1102.5,649.1,1010.1,1442,7,1010.0,960,11,1009.9,483,6,1009.8,1456,17,1009.7,4079,18,1010.2,123,1,1010.4,819,5,1010.5,686,5,1010.6,1025,8,1010.7,954,13
317,2025-11-26 15:04:51+05:30,1010.1,1,1002.68,8683989,382344.0,432201.0,986.2,1012.8,981.3,986.2,120536250,1084.8,887.6,1102.5,649.1,1010.1,1442,7,1010.0,960,11,1009.9,483,6,1009.8,1456,17,1009.7,4079,18,1010.2,123,1,1010.4,819,5,1010.5,686,5,1010.6,1025,8,1010.7,954,13
317,2025-11-26 15:04:52+05:30,1010.1,1,1002.68,8683990,383391.0,432206.0,986.2,1012.8,981.3,986.2,120536250,1084.8,887.6,1102.5,649.1,1010.1,1524,8,1010.0,1039,11,1009.9,615,8,1009.8,1456,17,1009.7,4829,19,1010.2,128,3,1010.4,815,4,1010.5,686,5,1010.6,1025,8,1010.7,1256,15
317,2025-11-26 15:04:53+05:30,1010.2,5,1002.68,8684100,383340.0,432228.0,986.2,1012.8,981.3,986.2,120536250,1084.8,887.6,1102.5,649.1,1010.1,1464,9,1010.0,1039,11,1009.9,615,8,1009.8,1456,17,1009.7,4829,19,1010.2,92,4,1010.4,815,4,1010.5,848,6,1010.6,1043,9,1010.7,1256,15
317,2025-11-26 15:04:53+05:30,1010.2,1,1002.68,8684100,383340.0,432228.0,986.2,1012.8,981.3,986.2,120536250,1084.8,887.6,1102.5,649.1,1010.1,1464,9,1010.0,1039,11,1009.9,615,8,1009.8,1456,17,1009.7,4829,19,1010.2,92,4,1010.4,815,4,1010.5,848,6,1010.6,1043,9,1010.7,1256,15
317,2025-11-26 15:04:54+05:30,1010.2,3,1002.68,8684104,382298.0,433535.0,986.2,1012.8,981.3,986.2,120536250,1084.8,887.6,1102.5,649.1,1010.1,1381,8,1010.0,660,8,1009.9,465,6,1009.8,1181,17,1009.7,4829,19,1010.2,802,7,1010.3,319,1,1010.4,806,4,1010.5,1054,12,1010.6,1349,11
317,2025-11-26 15:04:54+05:30,1010.2,362,1002.68,8684104,382298.0,433535.0,986.2,1012.8,981.3,986.2,120536250,1084.8,887.6,1102.5,649.1,1010.1,1381,8,1010.0,660,8,1009.9,465,6,1009.8,1181,17,1009.7,4829,19,1010.2,802,7,1010.3,319,1,1010.4,806,4,1010.5,1054,12,1010.6,1349,11
317,2025-11-26 15:04:55+05:30,1010.2,3,1002.68,8685607,382260.0,432990.0,986.2,1012.8,981.3,986.2,120536250,1084.8,887.6,1102.5,649.1,1010.1,1381,8,1010.0,907,10,1009.9,899,10,1009.8,1494,19,1009.7,4041,16,1010.2,38,2,1010.3,319,1,1010.4,811,5,1010.5,1017,8,1010.6,1425,12
317,2025-11-26 15:04:55+05:30,1010.2,12,1002.68,8685607,382260.0,432990.0,986.2,1012.8,981.3,986.2,120536250,1084.8,887.6,1102.5,649.1,1010.1,1381,8,1010.0,907,10,1009.9,899,10,1009.8,1494,19,1009.7,4041,16,1010.2,38,2,1010.3,319,1,1010.4,811,5,1010.5,1017,8,1010.6,1425,12
317,2025-11-26 15:04:56+05:30,1010.2,1,1002.68,8686481,382186.0,432246.0,986.2,1012.8,981.3,986.2,120536250,1084.8,887.6,1102.5,649.1,1010.1,1381,8,1010.0,812,9,1009.9,922,11,1009.8,1556,19,1009.7,4782,17,1010.3,263,2,1010.4,690,4,1010.5,741,6,1010.6,740,11,1010.7,1047,15
317,2025-11-26 15:04:56+05:30,1010.2,1,1002.68,8686481,382186.0,432246.0,986.2,1012.8,981.3,986.2,120536250,1084.8,887.6,1102.5,649.1,1010.1,1381,8,1010.0,812,9,1009.9,922,11,1009.8,1556,19,1009.7,4782,17,1010.3,263,2,1010.4,690,4,1010.5,741,6,1010.6,740,11,1010.7,1047,15
317,2025-11-26 15:04:57+05:30,1010.3,1,1002.68,8686485,381061.0,432226.0,986.2,1012.8,981.3,986.2,120536250,1084.8,887.6,1102.5,649.1,1010.1,1589,12,1010.0,1034,11,1009.9,1182,13,1009.8,1496,18,1009.7,3282,15,1010.3,262,2,1010.4,690,4,1010.5,836,6,1010.6,714,9,1010.7,1133,18
317,2025-11-26 15:04:57+05:30,1010.3,1,1002.68,8686485,381061.0,432226.0,986.2,1012.8,981.3,986.2,120536250,1084.8,887.6,1102.5,649.1,1010.1,1589,12,1010.0,1034,11,1009.9,1182,13,1009.8,1496,18,1009.7,3282,15,1010.3,262,2,1010.4,690,4,1010.5,836,6,1010.6,714,9,1010.7,1133,18
317,2025-11-26 15:04:58+05:30,1010.3,1,1002.68,8686486,381309.0,432225.0,986.2,1012.8,981.3,986.2,120536250,1084.8,887.6,1102.5,649.1,1010.1,1671,13,1010.0,1034,11,1009.9,1266,15,1009.8,1470,17,1009.7,3282,15,1010.3,261,2,1010.4,690,4,1010.5,836,6,1010.6,714,9,1010.7,1133,18
317,2025-11-26 15:04:58+05:30,1010.3,1,1002.68,8686486,381309.0,432225.0,986.2,1012.8,981.3,986.2,120536250,1084.8,887.6,1102.5,649.1,1010.1,1671,13,1010.0,1034,11,1009.9,1266,15,1009.8,1470,17,1009.7,3282,15,1010.3,261,2,1010.4,690,4,1010.5,836,6,1010.6,714,9,1010.7,1133,18
317,2025-11-26 15:04:59+05:30,1010.3,3,1002.68,8686493,381402.0,432813.0,986.2,1012.8,981.3,986.2,120536250,1084.8,887.6,1102.5,649.1,1010.1,1671,13,1010.0,1034,11,1009.9,1266,15,1009.8,1470,17,1009.7,3282,15,1010.3,256,3,1010.4,690,4,1010.5,934,7,1010.6,1191,10,1010.7,1133,18
317,2025-11-26 15:04:59+05:30,1010.3,1,1002.68,8686493,381402.0,432813.0,986.2,1012.8,981.3,986.2,120536250,1084.8,887.6,1102.5,649.1,1010.1,1671,13,1010.0,1034,11,1009.9,1266,15,1009.8,1470,17,1009.7,3282,15,1010.3,256,3,1010.4,690,4,1010.5,934,7,1010.6,1191,10,1010.7,1133,18
317,2025-11-26 15:05:00+05:30,1010.1,9,1002.68,8686518,382137.0,432872.0,986.2,1012.8,981.3,986.2,120536250,1084.8,887.6,1102.5,649.1,1010.1,1600,13,1010.0,895,10,1009.9,1266,15,1009.8,1470,17,1009.7,3282,15,1010.2,82,1,1010.3,245,4,1010.4,690,4,1010.5,934,7,1010.6,722,9
317,2025-11-26 15:05:00+05:30,1010.2,5,1002.68,8686518,382137.0,432872.0,986.2,1012.8,981.3,986.2,120536250,1084.8,887.6,1102.5,649.1,1010.1,1600,13,1010.0,895,10,1009.9,1266,15,1009.8,1470,17,1009.7,3282,15,1010.2,82,1,1010.3,245,4,1010.4,690,4,1010.5,934,7,1010.6,722,9
317,2025-11-26 15:05:01+05:30,1010.1,65,1002.68,8687818,381037.0,433968.0,986.2,1012.8,981.3,986.2,120536250,1084.8,887.6,1102.5,649.1,1010.1,1960,15,1010.0,647,8,1009.9,551,6,1009.8,408,6,1009.7,4563,14,1010.2,566,8,1010.3,491,6,1010.4,1181,10,1010.5,1047,10,1010.6,1051,12
317,2025-11-26 15:05:01+05:30,1010.1,24,1002.68,8687818,381037.0,433968.0,986.2,1012.8,981.3,986.2,120536250,1084.8,887.6,1102.5,649.1,1010.1,1960,15,1010.0,647,8,1009.9,551,6,1009.8,408,6,1009.7,4563,14,1010.2,566,8,1010.3,491,6,1010.4,1181,10,1010.5,1047,10,1010.6,1051,12
317,2025-11-26 15:05:02+05:30,1010.2,1,1002.68,8687818,381037.0,433968.0,986.2,1012.8,981.3,986.2,120536250,1084.8,887.6,1102.5,649.1,1010.1,1960,15,1010.0,647,8,1009.9,551,6,1009.8,408,6,1009.7,4563,14,1010.2,566,8,1010.3,491,6,1010.4,1181,10,1010.5,1047,10,1010.6,1051,12
317,2025-11-26 15:05:02+05:30,1010.2,1,1002.68,8687849,381749.0,434384.0,986.2,1012.8,981.3,986.2,120536250,1084.8,887.6,1102.5,649.1,1010.1,1942,16,1010.0,647,8,1009.9,551,6,1009.8,408,6,1009.7,4745,21,1010.2,713,9,1010.3,633,4,1010.4,1292,10,1010.5,1243,12,1010.6,1033,11
317,2025-11-26 15:05:03+05:30,1010.2,6,1002.68,8687849,381749.0,434384.0,986.2,1012.8,981.3,986.2,120536250,1084.8,887.6,1102.5,649.1,1010.1,1942,16,1010.0,647,8,1009.9,551,6,1009.8,408,6,1009.7,4745,21,1010.2,713,9,1010.3,633,4,1010.4,1292,10,1010.5,1243,12,1010.6,1033,11
317,2025-11-26 15:05:03+05:30,1010.2,6,1002.68,8689380,382946.0,432257.0,986.2,1012.8,981.3,986.2,120536250,1084.8,887.6,1102.5,649.1,1010.1,2138,20,1010.0,810,9,1009.9,733,8,1009.8,766,10,1009.7,4751,20,1010.2,137,5,1010.3,668,3,1010.4,770,5,1010.5,842,6,1010.6,653,10
317,2025-11-26 15:05:04+05:30,1010.2,1,1002.68,8689380,382946.0,432257.0,986.2,1012.8,981.3,986.2,120536250,1084.8,887.6,1102.5,649.1,1010.1,2138,20,1010.0,810,9,1009.9,733,8,1009.8,766,10,1009.7,4751,20,1010.2,137,5,1010.3,668,3,1010.4,770,5,1010.5,842,6,1010.6,653,10
317,2025-11-26 15:05:04+05:30,1010.2,1,1002.68,8689731,383412.0,432483.0,986.2,1012.8,981.3,986.2,120536250,1084.8,887.6,1102.5,649.1,1010.1,2232,21,1010.0,1149,13,1009.9,957,11,1009.8,696,8,1009.7,4764,21,1010.2,204,7,1010.3,668,3,1010.4,690,4,1010.5,759,5,1010.6,727,15
317,2025-11-26 15:05:05+05:30,1010.3,134,1002.68,8689731,383412.0,432483.0,986.2,1012.8,981.3,986.2,120536250,1084.8,887.6,1102.5,649.1,1010.1,2232,21,1010.0,1149,13,1009.9,957,11,1009.8,696,8,1009.7,4764,21,1010.2,204,7,1010.3,668,3,1010.4,690,4,1010.5,759,5,1010.6,727,15
317,2025-11-26 15:05:05+05:30,1010.2,1,1002.68,8690927,383555.0,431292.0,986.2,1012.8,981.3,986.2,120536250,1084.8,887.6,1102.5,649.1,1010.1,1854,15,1010.0,842,11,1009.9,1145,13,1009.8,774,9,1009.7,4764,21,1010.2,16,2,1010.3,560,3,1010.4,690,4,1010.5,759,5,1010.6,670,14
317,2025-11-26 15:05:06+05:30,1010.3,194,1002.68,8690927,383555.0,431292.0,986.2,1012.8,981.3,986.2,120536250,1084.8,887.6,1102.5,649.1,1010.1,1854,15,1010.0,842,11,1009.9,1145,13,1009.8,774,9,1009.7,4764,21,1010.2,16,2,1010.3,560,3,1010.4,690,4,1010.5,759,5,1010.6,670,14
317,2025-11-26 15:05:06+05:30,1010.2,2,1002.68,8691719,382142.0,431666.0,986.2,1012.8,981.3,986.2,120536250,1084.8,887.6,1102.5,649.1,1010.1,1915,15,1010.0,1096,12,1009.9,1163,13,1009.8,1228,12,1009.7,3252,18,1010.2,6,1,1010.3,197,3,1010.4,690,4,1010.5,749,6,1010.6,919,10
317,2025-11-26 15:05:07+05:30,1010.2,2,1002.68,8691719,382142.0,431666.0,986.2,1012.8,981.3,986.2,120536250,1084.8,887.6,1102.5,649.1,1010.1,1915,15,1010.0,1096,12,1009.9,1163,13,1009.8,1228,12,1009.7,3252,18,1010.2,6,1,1010.3,197,3,1010.4,690,4,1010.5,749,6,1010.6,919,10
317,2025-11-26 15:05:08+05:30,1010.2,2,1002.68,8691727,383540.0,431786.0,986.2,1012.8,981.3,986.2,120536250,1084.8,887.6,1102.5,649.1,1010.1,2090,17,1010.0,1204,14,1009.9,1163,13,1009.8,1228,12,1009.7,4752,20,1010.2,190,3,1010.3,197,3,1010.4,690,4,1010.5,749,6,1010.6,899,10
317,2025-11-26 15:05:08+05:30,1010.2,11,1002.68,8691727,383540.0,431786.0,986.2,1012.8,981.3,986.2,120536250,1084.8,887.6,1102.5,649.1,1010.1,2090,17,1010.0,1204,14,1009.9,1163,13,1009.8,1228,12,1009.7,4752,20,1010.2,190,3,1010.3,197,3,1010.4,690,4,1010.5,749,6,1010.6,899,10
317,2025-11-26 15:05:09+05:30,1010.2,2,1002.68,8691932,383877.0,431559.0,986.2,1012.8,981.3,986.2,120536250,1084.8,887.6,1102.5,649.1,1010.1,2006,16,1010.0,945,11,1009.9,1220,14,1009.8,1228,12,1009.7,4752,20,1010.2,198,4,1010.3,197,3,1010.4,690,4,1010.5,917,7,1010.6,649,9
317,2025-11-26 15:05:09+05:30,1010.2,2,1002.68,8691932,383877.0,431559.0,986.2,1012.8,981.3,986.2,120536250,1084.8,887.6,1102.5,649.1,1010.1,2006,16,1010.0,945,11,1009.9,1220,14,1009.8,1228,12,1009.7,4752,20,1010.2,198,4,1010.3,197,3,1010.4,690,4,1010.5,917,7,1010.6,649,9
317,2025-11-26 15:05:10+05:30,1010.2,3,1002.68,8691935,383688.0,431956.0,986.2,1012.8,981.3,986.2,120536250,1084.8,887.6,1102.5,649.1,1010.1,2114,18,1010.0,1173,13,1009.9,1220,14,1009.8,1228,12,1009.7,4752,20,1010.2,201,5,1010.3,197,3,1010.4,690,4,1010.5,1311,7,1010.6,649,9
317,2025-11-26 15:05:10+05:30,1010.2,3,1002.68,8691935,383688.0,431956.0,986.2,1012.8,981.3,986.2,120536250,1084.8,887.6,1102.5,649.1,1010.1,2114,18,1010.0,1173,13,1009.9,1220,14,1009.8,1228,12,1009.7,4752,20,1010.2,201,5,1010.3,197,3,1010.4,690,4,1010.5,1311,7,1010.6,649,9
317,2025-11-26 15:05:11+05:30,1010.2,1,1002.68,8693222,383710.0,432109.0,986.2,1012.8,981.3,986.2,120536250,1084.8,887.6,1102.5,649.1,1010.1,1961,16,1010.0,1192,13,1009.9,1190,13,1009.8,1228,12,1009.7,4768,20,1010.2,111,5,1010.3,197,3,1010.4,733,5,1010.5,836,6,1010.6,859,8
317,2025-11-26 15:05:11+05:30,1010.2,1,1002.68,8693222,383710.0,432109.0,986.2,1012.8,981.3,986.2,120536250,1084.8,887.6,1102.5,649.1,1010.1,1961,16,1010.0,1192,13,1009.9,1190,13,1009.8,1228,12,1009.7,4768,20,1010.2,111,5,1010.3,197,3,1010.4,733,5,1010.5,836,6,1010.6,859,8
317,2025-11-26 15:05:12+05:30,1010.2,1,1002.68,8693225,383709.0,432019.0,986.2,1012.8,981.3,986.2,120536250,1084.8,887.6,1102.5,649.1,1010.1,1960,16,1010.0,1192,13,1009.9,1190,13,1009.8,1228,12,1009.7,4768,20,1010.2,109,5,1010.3,197,3,1010.4,733,5,1010.5,836,6,1010.6,859,8
317,2025-11-26 15:05:12+05:30,1010.3,8,1002.68,8693225,383709.0,432019.0,986.2,1012.8,981.3,986.2,120536250,1084.8,887.6,1102.5,649.1,1010.1,1960,16,1010.0,1192,13,1009.9,1190,13,1009.8,1228,12,1009.7,4768,20,1010.2,109,5,1010.3,197,3,1010.4,733,5,1010.5,836,6,1010.6,859,8
317,2025-11-26 15:05:13+05:30,1010.3,6,1002.68,8693468,381825.0,431645.0,986.2,1012.8,981.3,986.2,120536250,1084.8,887.6,1102.5,649.1,1010.2,6,2,1010.1,2069,19,1010.0,1259,14,1009.9,1194,14,1009.8,1257,13,1010.3,115,4,1010.4,733,5,1010.5,479,3,1010.6,704,7,1010.7,1064,17
317,2025-11-26 15:05:13+05:30,1010.2,3,1002.68,8693468,381825.0,431645.0,986.2,1012.8,981.3,986.2,120536250,1084.8,887.6,1102.5,649.1,1010.2,6,2,1010.1,2069,19,1010.0,1259,14,1009.9,1194,14,1009.8,1257,13,1010.3,115,4,1010.4,733,5,1010.5,479,3,1010.6,704,7,1010.7,1064,17
317,2025-11-26 15:05:14+05:30,1010.3,2,1002.68,8693559,381907.0,432547.0,986.2,1012.8,981.3,986.2,120536250,1084.8,887.6,1102.5,649.1,1010.2,112,5,1010.1,1908,15,1010.0,1027,12,1009.9,1134,12,1009.8,1308,14,1010.3,677,8,1010.4,762,6,1010.5,700,6,1010.6,807,10,1010.7,1038,15
317,2025-11-26 15:05:14+05:30,1010.4,2,1002.68,8693559,381907.0,432547.0,986.2,1012.8,981.3,986.2,120536250,1084.8,887.6,1102.5,649.1,1010.2,112,5,1010.1,1908,15,1010.0,1027,12,1009.9,1134,12,1009.8,1308,14,1010.3,677,8,1010.4,762,6,1010.5,700,6,1010.6,807,10,1010.7,1038,15
317,2025-11-26 15:05:15+05:30,1010.4,2,1002.69,8695561,380465.0,430771.0,986.2,1012.8,981.3,986.2,120536250,1084.8,887.6,1102.5,649.1,1010.3,869,2,1010.2,102,5,1010.1,1953,14,1010.0,1331,15,1009.9,1200,16,1010.4,745,6,1010.5,481,4,1010.6,243,4,1010.7,994,14,1010.8,856,10
317,2025-11-26 15:05:15+05:30,1010.3,9,1002.69,8695561,380465.0,430771.0,986.2,1012.8,981.3,986.2,120536250,1084.8,887.6,1102.5,649.1,1010.3,869,2,1010.2,102,5,1010.1,1953,14,1010.0,1331,15,1009.9,1200,16,1010.4,745,6,1010.5,481,4,1010.6,243,4,1010.7,994,14,1010.8,856,10
317,2025-11-26 15:05:16+05:30,1010.4,1,1002.69,8695736,380797.0,430280.0,986.2,1012.8,981.3,986.2,120536250,1084.8,887.6,1102.5,649.1,1010.3,1001,5,1010.2,220,4,1010.1,1953,14,1010.0,1383,17,1009.9,1166,16,1010.4,617,6,1010.5,481,4,1010.6,24,2,1010.7,776,14,1010.8,856,10
317,2025-11-26 15:05:16+05:30,1010.3,1,1002.69,8695736,380797.0,430280.0,986.2,1012.8,981.3,986.2,120536250,1084.8,887.6,1102.5,649.1,1010.3,1001,5,1010.2,220,4,1010.1,1953,14,1010.0,1383,17,1009.9,1166,16,1010.4,617,6,1010.5,481,4,1010.6,24,2,1010.7,776,14,1010.8,856,10
317,2025-11-26 15:05:17+05:30,1010.3,43,1002.69,8696041,381237.0,430282.0,986.2,1012.8,981.3,986.2,120536250,1084.8,887.6,1102.5,649.1,1010.3,763,6,1010.2,207,5,1010.1,2529,16,1010.0,1383,17,1009.9,1253,15,1010.4,618,8,1010.5,481,4,1010.6,192,3,1010.7,668,13,1010.8,856,10
317,2025-11-26 15:05:17+05:30,1010.3,10,1002.69,8696041,381237.0,430282.0,986.2,1012.8,981.3,986.2,120536250,1084.8,887.6,1102.5,649.1,1010.3,763,6,1010.2,207,5,1010.1,2529,16,1010.0,1383,17,1009.9,1253,15,1010.4,618,8,1010.5,481,4,1010.6,192,3,1010.7,668,13,1010.8,856,10
317,2025-11-26 15:05:18+05:30,1010.3,50,1002.69,8696123,380871.0,431178.0,986.2,1012.8,981.3,986.2,120536250,1084.8,887.6,1102.5,649.1,1010.3,627,5,1010.2,47,3,1010.1,2451,15,1010.0,1332,16,1009.9,1304,16,1010.4,777,10,1010.5,481,4,1010.6,361,5,1010.7,1236,14,1010.8,699,8
317,2025-11-26 15:05:18+05:30,1010.4,1,1002.69,8696123,380871.0,431178.0,986.2,1012.8,981.3,986.2,120536250,1084.8,887.6,1102.5,649.1,1010.3,627,5,1010.2,47,3,1010.1,2451,15,1010.0,1332,16,1009.9,1304,16,1010.4,777,10,1010.5,481,4,1010.6,361,5,1010.7,1236,14,1010.8,699,8
317,2025-11-26 15:05:19+05:30,1010.4,1,1002.69,8696123,380871.0,431178.0,986.2,1012.8,981.3,986.2,120536250,1084.8,887.6,1102.5,649.1,1010.3,627,5,1010.2,47,3,1010.1,2451,15,1010.0,1332,16,1009.9,1304,16,1010.4,777,10,1010.5,481,4,1010.6,361,5,1010.7,1236,14,1010.8,699,8
317,2025-11-26 15:05:19+05:30,1010.4,2,1002.69,8696127,380790.0,431548.0,986.2,1012.8,981.3,986.2,120536250,1084.8,887.6,1102.5,649.1,1010.3,616,5,1010.2,47,3,1010.1,2697,17,1010.0,1332,16,1009.9,1046,14,1010.4,1060,12,1010.5,481,4,1010.6,412,6,1010.7,1185,13,1010.8,699,8
317,2025-11-26 15:05:19+05:30,1010.4,2,1002.69,8696127,380790.0,431548.0,986.2,1012.8,981.3,986.2,120536250,1084.8,887.6,1102.5,649.1,1010.3,616,5,1010.2,47,3,1010.1,2697,17,1010.0,1332,16,1009.9,1046,14,1010.4,1060,12,1010.5,481,4,1010.6,412,6,1010.7,1185,13,1010.8,699,8
317,2025-11-26 15:05:19+05:30,1010.4,2,1002.69,8696127,380790.0,431548.0,986.2,1012.8,981.3,986.2,120536250,1084.8,887.6,1102.5,649.1,1010.3,616,5,1010.2,47,3,1010.1,2697,17,1010.0,1332,16,1009.9,1046,14,1010.4,1060,12,1010.5,481,4,1010.6,412,6,1010.7,1185,13,1010.8,699,8
317,2025-11-26 15:05:20+05:30,1010.4,2,1002.69,8696127,380790.0,431548.0,986.2,1012.8,981.3,986.2,120536250,1084.8,887.6,1102.5,649.1,1010.3,616,5,1010.2,47,3,1010.1,2697,17,1010.0,1332,16,1009.9,1046,14,1010.4,1060,12,1010.5,481,4,1010.6,412,6,1010.7,1185,13,1010.8,699,8
317,2025-11-26 15:05:20+05:30,1010.3,244,1002.69,8696127,380790.0,431548.0,986.2,1012.8,981.3,986.2,120536250,1084.8,887.6,1102.5,649.1,1010.3,616,5,1010.2,47,3,1010.1,2697,17,1010.0,1332,16,1009.9,1046,14,1010.4,1060,12,1010.5,481,4,1010.6,412,6,1010.7,1185,13,1010.8,699,8
317,2025-11-26 15:05:20+05:30,1010.3,244,1002.69,8697287,380157.0,431747.0,986.2,1012.8,981.3,986.2,120536250,1084.8,887.6,1102.5,649.1,1010.3,38,1,1010.2,47,3,1010.1,2528,16,1010.0,1370,17,1009.9,1046,14,1010.4,783,12,1010.5,481,4,1010.6,361,5,1010.7,1236,14,1010.8,699,8
317,2025-11-26 15:05:21+05:30,1010.3,244,1002.69,8697287,380157.0,431747.0,986.2,1012.8,981.3,986.2,120536250,1084.8,887.6,1102.5,649.1,1010.3,38,1,1010.2,47,3,1010.1,2528,16,1010.0,1370,17,1009.9,1046,14,1010.4,783,12,1010.5,481,4,1010.6,361,5,1010.7,1236,14,1010.8,699,8
317,2025-11-26 15:05:21+05:30,1010.3,1,1002.69,8697287,380157.0,431747.0,986.2,1012.8,981.3,986.2,120536250,1084.8,887.6,1102.5,649.1,1010.3,38,1,1010.2,47,3,1010.1,2528,16,1010.0,1370,17,1009.9,1046,14,1010.4,783,12,1010.5,481,4,1010.6,361,5,1010.7,1236,14,1010.8,699,8
317,2025-11-26 15:05:21+05:30,1010.4,1,1002.69,8697421,380452.0,431528.0,986.2,1012.8,981.3,986.2,120536250,1084.8,887.6,1102.5,649.1,1010.3,263,3,1010.2,151,5,1010.1,2667,16,1010.0,1370,17,1009.9,1046,14,1010.4,654,13,1010.5,481,4,1010.6,243,4,1010.7,1183,13,1010.8,699,8
317,2025-11-26 15:05:22+05:30,1010.4,1,1002.69,8697421,380452.0,431528.0,986.2,1012.8,981.3,986.2,120536250,1084.8,887.6,1102.5,649.1,1010.3,263,3,1010.2,151,5,1010.1,2667,16,1010.0,1370,17,1009.9,1046,14,1010.4,654,13,1010.5,481,4,1010.6,243,4,1010.7,1183,13,1010.8,699,8
317,2025-11-26 15:05:22+05:30,1010.4,1,1002.69,8697421,380452.0,431528.0,986.2,1012.8,981.3,986.2,120536250,1084.8,887.6,1102.5,649.1,1010.3,263,3,1010.2,151,5,1010.1,2667,16,1010.0,1370,17,1009.9,1046,14,1010.4,654,13,1010.5,481,4,1010.6,243,4,1010.7,1183,13,1010.8,699,8
317,2025-11-26 15:05:22+05:30,1010.4,1,1002.69,8697421,380452.0,431528.0,986.2,1012.8,981.3,986.2,120536250,1084.8,887.6,1102.5,649.1,1010.3,263,3,1010.2,151,5,1010.1,2667,16,1010.0,1370,17,1009.9,1046,14,1010.4,654,13,1010.5,481,4,1010.6,243,4,1010.7,1183,13,1010.8,699,8
317,2025-11-26 15:05:22+05:30,1010.4,3,1002.69,8697462,380365.0,431795.0,986.2,1012.8,981.3,986.2,120536250,1084.8,887.6,1102.5,649.1,1010.3,195,3,1010.2,151,5,1010.1,2667,16,1010.0,1370,17,1009.9,1046,14,1010.4,894,15,1010.5,481,4,1010.6,338,5,1010.7,1157,11,1010.8,725,10
317,2025-11-26 15:05:23+05:30,1010.4,3,1002.69,8697462,380365.0,431795.0,986.2,1012.8,981.3,986.2,120536250,1084.8,887.6,1102.5,649.1,1010.3,195,3,1010.2,151,5,1010.1,2667,16,1010.0,1370,17,1009.9,1046,14,1010.4,894,15,1010.5,481,4,1010.6,338,5,1010.7,1157,11,1010.8,725,10
317,2025-11-26 15:05:23+05:30,1010.4,3,1002.69,8697462,380365.0,431795.0,986.2,1012.8,981.3,986.2,120536250,1084.8,887.6,1102.5,649.1,1010.3,195,3,1010.2,151,5,1010.1,2667,16,1010.0,1370,17,1009.9,1046,14,1010.4,894,15,1010.5,481,4,1010.6,338,5,1010.7,1157,11,1010.8,725,10
317,2025-11-26 15:05:23+05:30,1010.4,3,1002.69,8697462,380340.0,431927.0,986.2,1012.8,981.3,986.2,120536250,1084.8,887.6,1102.5,649.1,1010.3,195,3,1010.2,151,5,1010.1,2667,16,1010.0,1370,17,1009.9,1046,14,1010.4,946,15,1010.5,481,4,1010.6,338,5,1010.7,1157,11,1010.8,725,10
317,2025-11-26 15:05:23+05:30,1010.4,3,1002.69,8697462,380340.0,431927.0,986.2,1012.8,981.3,986.2,120594000,1084.8,887.6,1102.5,649.1,1010.3,195,3,1010.2,151,5,1010.1,2667,16,1010.0,1370,17,1009.9,1046,14,1010.4,946,15,1010.5,481,4,1010.6,338,5,1010.7,1157,11,1010.8,725,10
317,2025-11-26 15:05:24+05:30,1010.4,3,1002.69,8697462,380340.0,431927.0,986.2,1012.8,981.3,986.2,120594000,1084.8,887.6,1102.5,649.1,1010.3,195,3,1010.2,151,5,1010.1,2667,16,1010.0,1370,17,1009.9,1046,14,1010.4,946,15,1010.5,481,4,1010.6,338,5,1010.7,1157,11,1010.8,725,10
317,2025-11-26 15:05:24+05:30,1010.2,2,1002.69,8697462,380340.0,431927.0,986.2,1012.8,981.3,986.2,120594000,1084.8,887.6,1102.5,649.1,1010.3,195,3,1010.2,151,5,1010.1,2667,16,1010.0,1370,17,1009.9,1046,14,1010.4,946,15,1010.5,481,4,1010.6,338,5,1010.7,1157,11,1010.8,725,10
317,2025-11-26 15:05:24+05:30,1010.2,2,1002.69,8697462,380340.0,431927.0,986.2,1012.8,981.3,986.2,120594000,1084.8,887.6,1102.5,649.1,1010.3,195,3,1010.2,151,5,1010.1,2667,16,1010.0,1370,17,1009.9,1046,14,1010.4,946,15,1010.5,481,4,1010.6,338,5,1010.7,1157,11,1010.8,725,10
317,2025-11-26 15:05:25+05:30,1010.4,1,1002.69,8698143,379710.0,432374.0,986.2,1012.8,981.3,986.2,120594000,1084.8,887.6,1102.5,649.1,1010.2,58,4,1010.1,2298,12,1010.0,1150,14,1009.9,822,11,1009.8,1098,10,1010.4,1363,12,1010.5,764,7,1010.6,513,8,1010.7,1316,13,1010.8,1023,11
317,2025-11-26 15:05:25+05:30,1010.4,12,1002.69,8698143,379710.0,432374.0,986.2,1012.8,981.3,986.2,120594000,1084.8,887.6,1102.5,649.1,1010.2,58,4,1010.1,2298,12,1010.0,1150,14,1009.9,822,11,1009.8,1098,10,1010.4,1363,12,1010.5,764,7,1010.6,513,8,1010.7,1316,13,1010.8,1023,11
317,2025-11-26 15:05:26+05:30,1010.4,1,1002.69,8698173,379768.0,432663.0,986.2,1012.8,981.3,986.2,120594000,1084.8,887.6,1102.5,649.1,1010.2,58,4,1010.1,2298,12,1010.0,1200,15,1009.9,822,11,1009.8,1098,10,1010.4,1356,16,1010.5,920,9,1010.6,637,8,1010.7,1316,13,1010.8,1023,11
317,2025-11-26 15:05:26+05:30,1010.2,9,1002.69,8698173,379768.0,432663.0,986.2,1012.8,981.3,986.2,120594000,1084.8,887.6,1102.5,649.1,1010.2,58,4,1010.1,2298,12,1010.0,1200,15,1009.9,822,11,1009.8,1098,10,1010.4,1356,16,1010.5,920,9,1010.6,637,8,1010.7,1316,13,1010.8,1023,11
317,2025-11-26 15:05:27+05:30,1010.4,52,1002.69,8698958,379795.0,432211.0,986.2,1012.8,981.3,986.2,120594000,1084.8,887.6,1102.5,649.1,1010.2,67,4,1010.1,2298,12,1010.0,994,13,1009.9,934,12,1009.8,1211,11,1010.4,1215,13,1010.5,804,7,1010.6,1123,9,1010.7,699,11,1010.8,1087,15
317,2025-11-26 15:05:27+05:30,1010.2,2,1002.69,8698958,379795.0,432211.0,986.2,1012.8,981.3,986.2,120594000,1084.8,887.6,1102.5,649.1,1010.2,67,4,1010.1,2298,12,1010.0,994,13,1009.9,934,12,1009.8,1211,11,1010.4,1215,13,1010.5,804,7,1010.6,1123,9,1010.7,699,11,1010.8,1087,15
317,2025-11-26 15:05:28+05:30,1010.2,64,1002.69,8700055,379816.0,433225.0,986.2,1012.8,981.3,986.2,120594000,1084.8,887.6,1102.5,649.1,1010.2,384,1,1010.1,2336,13,1010.0,1104,12,1009.9,923,12,1009.8,1266,13,1010.4,561,9,1010.5,1100,6,1010.6,2329,9,1010.7,666,13,1010.8,1102,12
317,2025-11-26 15:05:28+05:30,1010.2,64,1002.69,8700055,379816.0,433225.0,986.2,1012.8,981.3,986.2,120594000,1084.8,887.6,1102.5,649.1,1010.2,384,1,1010.1,2336,13,1010.0,1104,12,1009.9,923,12,1009.8,1266,13,1010.4,561,9,1010.5,1100,6,1010.6,2329,9,1010.7,666,13,1010.8,1102,12
317,2025-11-26 15:05:29+05:30,1010.4,4,1002.69,8701561,382205.0,430200.0,986.2,1012.8,981.3,986.2,120594000,1084.8,887.6,1102.5,649.1,1010.2,1906,7,1010.1,1522,17,1010.0,1475,16,1009.9,966,15,1009.8,3490,14,1010.4,95,7,1010.5,512,5,1010.6,1700,3,1010.7,169,6,1010.8,1232,12
317,2025-11-26 15:05:29+05:30,1010.4,1,1002.69,8701561,382205.0,430200.0,986.2,1012.8,981.3,986.2,120594000,1084.8,887.6,1102.5,649.1,1010.2,1906,7,1010.1,1522,17,1010.0,1475,16,1009.9,966,15,1009.8,3490,14,1010.4,95,7,1010.5,512,5,1010.6,1700,3,1010.7,169,6,1010.8,1232,12
317,2025-11-26 15:05:30+05:30,1010.4,1,1002.69,8701577,382329.0,431125.0,986.2,1012.8,981.3,986.2,120594000,1084.8,887.6,1102.5,649.1,1010.2,2175,10,1010.1,1573,18,1010.0,1424,15,1009.9,966,15,1009.8,3322,13,1010.4,106,7,1010.5,512,5,1010.6,1700,3,1010.7,337,7,1010.8,596,10
317,2025-11-26 15:05:30+05:30,1010.4,1,1002.69,8701577,382329.0,431125.0,986.2,1012.8,981.3,986.2,120594000,1084.8,887.6,1102.5,649.1,1010.2,2175,10,1010.1,1573,18,1010.0,1424,15,1009.9,966,15,1009.8,3322,13,1010.4,106,7,1010.5,512,5,1010.6,1700,3,1010.7,337,7,1010.8,596,10
317,2025-11-26 15:05:31+05:30,1010.6,228,1002.69,8704094,381590.0,428612.0,986.2,1012.8,981.3,986.2,120594000,1084.8,887.6,1102.5,649.1,1010.4,2,1,1010.2,2423,16,1010.1,1669,19,1010.0,1540,17,1009.9,1053,16,1010.5,22,1,1010.6,1448,1,1010.7,102,6,1010.8,221,4,1010.9,1665,11
317,2025-11-26 15:05:31+05:30,1010.4,1,1002.69,8704094,381590.0,428612.0,986.2,1012.8,981.3,986.2,120594000,1084.8,887.6,1102.5,649.1,1010.4,2,1,1010.2,2423,16,1010.1,1669,19,1010.0,1540,17,1009.9,1053,16,1010.5,22,1,1010.6,1448,1,1010.7,102,6,1010.8,221,4,1010.9,1665,11
317,2025-11-26 15:05:32+05:30,1010.5,2,1002.69,8704147,381017.0,429655.0,986.2,1012.8,981.3,986.2,120594000,1084.8,887.6,1102.5,649.1,1010.4,1,1,1010.3,179,4,1010.2,2357,15,1010.1,1611,18,1010.0,1568,17,1010.6,1910,3,1010.7,56,5,1010.8,513,7,1010.9,1818,16,1011.0,2234,29
317,2025-11-26 15:05:32+05:30,1010.3,76,1002.69,8704147,381017.0,429655.0,986.2,1012.8,981.3,986.2,120594000,1084.8,887.6,1102.5,649.1,1010.4,1,1,1010.3,179,4,1010.2,2357,15,1010.1,1611,18,1010.0,1568,17,1010.6,1910,3,1010.7,56,5,1010.8,513,7,1010.9,1818,16,1011.0,2234,29
317,2025-11-26 15:05:33+05:30,1010.6,23,1002.69,8704414,381290.0,430040.0,986.2,1012.8,981.3,986.2,120594000,1084.8,887.6,1102.5,649.1,1010.3,110,3,1010.2,2345,12,1010.1,1626,18,1010.0,1568,17,1009.9,1029,15,1010.6,1763,4,1010.7,459,6,1010.8,523,7,1010.9,2303,17,1011.0,2441,29
317,2025-11-26 15:05:33+05:30,1010.6,23,1002.69,8704414,381290.0,430040.0,986.2,1012.8,981.3,986.2,120594000,1084.8,887.6,1102.5,649.1,1010.3,110,3,1010.2,2345,12,1010.1,1626,18,1010.0,1568,17,1009.9,1029,15,1010.6,1763,4,1010.7,459,6,1010.8,523,7,1010.9,2303,17,1011.0,2441,29
317,2025-11-26 15:05:34+05:30,1010.6,3,1002.69,8704418,381446.0,430439.0,986.2,1012.8,981.3,986.2,120594000,1084.8,887.6,1102.5,649.1,1010.3,191,5,1010.2,2419,13,1010.1,1672,19,1010.0,1522,16,1009.9,1055,16,1010.6,1759,4,1010.7,508,7,1010.8,477,6,1010.9,2396,18,1011.0,2441,29
317,2025-11-26 15:05:34+05:30,1010.6,1,1002.69,8704418,381446.0,430439.0,986.2,1012.8,981.3,986.2,120594000,1084.8,887.6,1102.5,649.1,1010.3,191,5,1010.2,2419,13,1010.1,1672,19,1010.0,1522,16,1009.9,1055,16,1010.6,1759,4,1010.7,508,7,1010.8,477,6,1010.9,2396,18,1011.0,2441,29
317,2025-11-26 15:05:35+05:30,1010.4,1,1002.69,8704422,383897.0,430808.0,986.2,1012.8,981.3,986.2,120594000,1084.8,887.6,1102.5,649.1,1010.3,46,4,1010.2,2372,13,1010.1,1672,19,1010.0,1453,15,1009.9,982,15,1010.4,97,1,1010.5,313,1,1010.6,1814,7,1010.7,617,7,1010.8,503,8
317,2025-11-26 15:05:35+05:30,1010.3,2,1002.69,8704422,383897.0,430808.0,986.2,1012.8,981.3,986.2,120594000,1084.8,887.6,1102.5,649.1,1010.3,46,4,1010.2,2372,13,1010.1,1672,19,1010.0,1453,15,1009.9,982,15,1010.4,97,1,1010.5,313,1,1010.6,1814,7,1010.7,617,7,1010.8,503,8
317,2025-11-26 15:05:36+05:30,1010.3,1,1002.69,8704429,384136.0,430983.0,986.2,1012.8,981.3,986.2,120594000,1084.8,887.6,1102.5,649.1,1010.3,138,5,1010.2,2187,13,1010.1,1980,19,1010.0,1489,16,1009.9,998,16,1010.4,93,1,1010.5,313,1,1010.6,1814,7,1010.7,785,8,1010.8,490,7
317,2025-11-26 15:05:36+05:30,1010.3,1,1002.69,8704429,384136.0,430983.0,986.2,1012.8,981.3,986.2,120594000,1084.8,887.6,1102.5,649.1,1010.3,138,5,1010.2,2187,13,1010.1,1980,19,1010.0,1489,16,1009.9,998,16,1010.4,93,1,1010.5,313,1,1010.6,1814,7,1010.7,785,8,1010.8,490,7
317,2025-11-26 15:05:37+05:30,1010.5,1,1002.69,8704429,384136.0,430983.0,986.2,1012.8,981.3,986.2,120594000,1084.8,887.6,1102.5,649.1,1010.3,138,5,1010.2,2187,13,1010.1,1980,19,1010.0,1489,16,1009.9,998,16,1010.4,93,1,1010.5,313,1,1010.6,1814,7,1010.7,785,8,1010.8,490,7
317,2025-11-26 15:05:37+05:30,1010.5,1,1002.69,8705183,386415.0,430490.0,986.2,1012.8,981.3,986.2,120594000,1084.8,887.6,1102.5,649.1,1010.3,1559,8,1010.2,837,11,1010.1,1979,18,1010.0,1533,19,1009.9,3972,18,1010.4,3,2,1010.5,447,2,1010.6,1807,5,1010.7,503,6,1010.8,343,7
317,2025-11-26 15:05:38+05:30,1010.5,33,1002.69,8705183,386415.0,430490.0,986.2,1012.8,981.3,986.2,120594000,1084.8,887.6,1102.5,649.1,1010.3,1559,8,1010.2,837,11,1010.1,1979,18,1010.0,1533,19,1009.9,3972,18,1010.4,3,2,1010.5,447,2,1010.6,1807,5,1010.7,503,6,1010.8,343,7
317,2025-11-26 15:05:38+05:30,1010.4,5,1002.69,8705760,383661.0,431376.0,986.2,1012.8,981.3,986.2,120594000,1084.8,887.6,1102.5,649.1,1010.4,1,1,1010.3,1392,5,1010.2,581,9,1010.1,2028,18,1010.0,1696,23,1010.5,289,2,1010.6,1799,4,1010.7,743,8,1010.8,505,9,1010.9,1851,17
317,2025-11-26 15:05:39+05:30,1010.5,30,1002.69,8705760,383661.0,431376.0,986.2,1012.8,981.3,986.2,120594000,1084.8,887.6,1102.5,649.1,1010.4,1,1,1010.3,1392,5,1010.2,581,9,1010.1,2028,18,1010.0,1696,23,1010.5,289,2,1010.6,1799,4,1010.7,743,8,1010.8,505,9,1010.9,1851,17
317,2025-11-26 15:05:39+05:30,1010.5,30,1002.69,8705792,380747.0,431722.0,986.2,1012.8,981.3,986.2,120594000,1084.8,887.6,1102.5,649.1,1010.4,518,3,1010.3,1563,8,1010.2,648,9,1010.1,2028,18,1010.0,1699,24,1010.5,269,6,1010.6,1799,4,1010.7,671,7,1010.8,479,9,1010.9,1805,16
317,2025-11-26 15:05:40+05:30,1010.4,5,1002.69,8705792,380747.0,431722.0,986.2,1012.8,981.3,986.2,120594000,1084.8,887.6,1102.5,649.1,1010.4,518,3,1010.3,1563,8,1010.2,648,9,1010.1,2028,18,1010.0,1699,24,1010.5,269,6,1010.6,1799,4,1010.7,671,7,1010.8,479,9,1010.9,1805,16
317,2025-11-26 15:05:41+05:30,1010.5,2,1002.7,8706648,380712.0,432068.0,986.2,1012.8,981.3,986.2,120594000,1084.8,887.6,1102.5,649.1,1010.4,433,2,1010.3,1596,9,1010.2,587,8,1010.1,2055,19,1010.0,1701,24,1010.5,658,7,1010.6,1750,3,1010.7,622,6,1010.8,550,10,1010.9,1805,16
317,2025-11-26 15:05:41+05:30,1010.5,2,1002.7,8706648,380712.0,432068.0,986.2,1012.8,981.3,986.2,120594000,1084.8,887.6,1102.5,649.1,1010.4,433,2,1010.3,1596,9,1010.2,587,8,1010.1,2055,19,1010.0,1701,24,1010.5,658,7,1010.6,1750,3,1010.7,622,6,1010.8,550,10,1010.9,1805,16
317,2025-11-26 15:05:41+05:30,1010.6,1,1002.7,8707477,381521.0,431150.0,986.2,1012.8,981.3,986.2,120594000,1084.8,887.6,1102.5,649.1,1010.5,901,3,1010.4,725,7,1010.3,2019,13,1010.2,762,10,1010.1,2103,19,1010.6,1616,2,1010.7,454,5,1010.8,26,2,1010.9,1354,9,1011.0,1834,25
317,2025-11-26 15:05:42+05:30,1010.6,1,1002.7,8707477,381521.0,431150.0,986.2,1012.8,981.3,986.2,120594000,1084.8,887.6,1102.5,649.1,1010.5,901,3,1010.4,725,7,1010.3,2019,13,1010.2,762,10,1010.1,2103,19,1010.6,1616,2,1010.7,454,5,1010.8,26,2,1010.9,1354,9,1011.0,1834,25
317,2025-11-26 15:05:42+05:30,1010.6,22,1002.7,8708277,380594.0,431482.0,986.2,1012.8,981.3,986.2,120594000,1084.8,887.6,1102.5,649.1,1010.5,62,1,1010.4,502,5,1010.3,1973,12,1010.2,730,10,1010.1,2080,19,1010.6,1564,3,1010.7,454,5,1010.8,268,4,1010.9,1664,14,1011.0,2309,29
317,2025-11-26 15:05:43+05:30,1010.6,731,1002.7,8708277,380594.0,431482.0,986.2,1012.8,981.3,986.2,120594000,1084.8,887.6,1102.5,649.1,1010.5,62,1,1010.4,502,5,1010.3,1973,12,1010.2,730,10,1010.1,2080,19,1010.6,1564,3,1010.7,454,5,1010.8,268,4,1010.9,1664,14,1011.0,2309,29
317,2025-11-26 15:05:44+05:30,1010.6,213,1002.7,8709302,380659.0,430687.0,986.2,1012.8,981.3,986.2,120594000,1084.8,887.6,1102.5,649.1,1010.4,670,7,1010.3,1910,12,1010.2,778,11,1010.1,2032,18,1010.0,2534,22,1010.6,661,5,1010.7,454,5,1010.8,559,3,1010.9,1518,12,1011.0,2909,32
317,2025-11-26 15:05:44+05:30,1010.6,3,1002.7,8709302,380659.0,430687.0,986.2,1012.8,981.3,986.2,120594000,1084.8,887.6,1102.5,649.1,1010.4,670,7,1010.3,1910,12,1010.2,778,11,1010.1,2032,18,1010.0,2534,22,1010.6,661,5,1010.7,454,5,1010.8,559,3,1010.9,1518,12,1011.0,2909,32
317,2025-11-26 15:05:45+05:30,1010.6,13,1002.7,8709328,379834.0,431004.0,986.2,1012.8,981.3,986.2,120594000,1084.8,887.6,1102.5,649.1,1010.4,585,7,1010.3,1910,12,1010.2,778,11,1010.1,2032,18,1010.0,1889,22,1010.6,637,5,1010.7,454,5,1010.8,559,3,1010.9,1615,13,1011.0,3207,33
317,2025-11-26 15:05:45+05:30,1010.6,16,1002.7,8709328,379834.0,431004.0,986.2,1012.8,981.3,986.2,120594000,1084.8,887.6,1102.5,649.1,1010.4,585,7,1010.3,1910,12,1010.2,778,11,1010.1,2032,18,1010.0,1889,22,1010.6,637,5,1010.7,454,5,1010.8,559,3,1010.9,1615,13,1011.0,3207,33
317,2025-11-26 15:05:46+05:30,1010.6,39,1002.7,8710473,384693.0,429597.0,986.2,1012.8,981.3,986.2,120594000,1084.8,887.6,1102.5,649.1,1010.5,1664,8,1010.4,933,10,1010.3,721,10,1010.2,756,12,1010.1,5924,24,1010.6,39,1,1010.7,489,6,1010.8,26,2,1010.9,1186,8,1011.0,2638,25
317,2025-11-26 15:05:46+05:30,1010.5,50,1002.7,8710473,384693.0,429597.0,986.2,1012.8,981.3,986.2,120594000,1084.8,887.6,1102.5,649.1,1010.5,1664,8,1010.4,933,10,1010.3,721,10,1010.2,756,12,1010.1,5924,24,1010.6,39,1,1010.7,489,6,1010.8,26,2,1010.9,1186,8,1011.0,2638,25
317,2025-11-26 15:05:47+05:30,1010.6,2,1002.7,8711652,383913.0,428970.0,986.2,1012.8,981.3,986.2,120594000,1084.8,887.6,1102.5,649.1,1010.5,1353,6,1010.4,846,7,1010.3,631,9,1010.2,877,14,1010.1,5953,23,1010.7,248,5,1010.8,65,3,1010.9,2011,12,1011.0,2991,29,1011.1,697,12
317,2025-11-26 15:05:47+05:30,1010.6,2,1002.7,8711652,383913.0,428970.0,986.2,1012.8,981.3,986.2,120594000,1084.8,887.6,1102.5,649.1,1010.5,1353,6,1010.4,846,7,1010.3,631,9,1010.2,877,14,1010.1,5953,23,1010.7,248,5,1010.8,65,3,1010.9,2011,12,1011.0,2991,29,1011.1,697,12
317,2025-11-26 15:05:48+05:30,1010.6,2,1002.7,8711652,383074.0,429344.0,986.2,1012.8,981.3,986.2,120594000,1084.8,887.6,1102.5,649.1,1010.6,1293,3,1010.5,230,8,1010.4,534,6,1010.3,664,11,1010.2,2346,13,1010.7,265,6,1010.8,449,4,1010.9,1518,11,1011.0,2991,29,1011.1,981,13
317,2025-11-26 15:05:49+05:30,1010.7,100,1002.7,8711757,385171.0,429090.0,986.2,1012.8,981.3,986.2,120594000,1084.8,887.6,1102.5,649.1,1010.6,1772,6,1010.5,304,9,1010.4,881,9,1010.3,746,13,1010.2,3871,15,1010.7,170,9,1010.8,449,4,1010.9,1083,6,1011.0,2991,29,1011.1,683,12
317,2025-11-26 15:05:49+05:30,1010.7,100,1002.7,8711757,385171.0,429090.0,986.2,1012.8,981.3,986.2,120594000,1084.8,887.6,1102.5,649.1,1010.6,1772,6,1010.5,304,9,1010.4,881,9,1010.3,746,13,1010.2,3871,15,1010.7,170,9,1010.8,449,4,1010.9,1083,6,1011.0,2991,29,1011.1,683,12
317,2025-11-26 15:05:50+05:30,1010.7,1,1002.7,8711758,385289.0,429274.0,986.2,1012.8,981.3,986.2,120594000,1084.8,887.6,1102.5,649.1,1010.6,1929,7,1010.5,273,7,1010.4,1494,12,1010.3,1070,14,1010.2,3923,16,1010.7,169,9,1010.8,449,4,1010.9,1083,6,1011.0,2991,29,1011.1,683,12
317,2025-11-26 15:05:50+05:30,1010.7,12,1002.7,8711758,385289.0,429274.0,986.2,1012.8,981.3,986.2,120594000,1084.8,887.6,1102.5,649.1,1010.6,1929,7,1010.5,273,7,1010.4,1494,12,1010.3,1070,14,1010.2,3923,16,1010.7,169,9,1010.8,449,4,1010.9,1083,6,1011.0,2991,29,1011.1,683,12
317,2025-11-26 15:05:51+05:30,1010.7,1,1002.7,8713206,382732.0,428949.0,986.2,1012.8,981.3,986.2,120594000,1084.8,887.6,1102.5,649.1,1010.6,476,5,1010.5,1766,8,1010.4,1523,12,1010.3,997,11,1010.2,973,17,1010.7,91,10,1010.8,449,4,1010.9,1315,7,1011.0,2827,27,1011.1,809,9
317,2025-11-26 15:05:51+05:30,1010.7,167,1002.7,8713206,382732.0,428949.0,986.2,1012.8,981.3,986.2,120594000,1084.8,887.6,1102.5,649.1,1010.6,476,5,1010.5,1766,8,1010.4,1523,12,1010.3,997,11,1010.2,973,17,1010.7,91,10,1010.8,449,4,1010.9,1315,7,1011.0,2827,27,1011.1,809,9
317,2025-11-26 15:05:52+05:30,1010.7,100,1002.7,8714156,382339.0,429506.0,986.2,1012.8,981.3,986.2,120594000,1084.8,887.6,1102.5,649.1,1010.6,391,6,1010.5,1602,6,1010.4,1575,13,1010.3,1019,11,1010.2,891,16,1010.7,200,7,1010.8,449,4,1010.9,1243,7,1011.0,2827,27,1011.1,889,14
317,2025-11-26 15:05:52+05:30,1010.7,8,1002.7,8714156,382339.0,429506.0,986.2,1012.8,981.3,986.2,120594000,1084.8,887.6,1102.5,649.1,1010.6,391,6,1010.5,1602,6,1010.4,1575,13,1010.3,1019,11,1010.2,891,16,1010.7,200,7,1010.8,449,4,1010.9,1243,7,1011.0,2827,27,1011.1,889,14
317,2025-11-26 15:05:53+05:30,1010.7,23,1002.7,8714196,382879.0,429782.0,986.2,1012.8,981.3,986.2,120594000,1084.8,887.6,1102.5,649.1,1010.6,1025,9,1010.5,1602,6,1010.4,1401,12,1010.3,986,10,1010.2,891,16,1010.7,356,11,1010.8,449,4,1010.9,1243,7,1011.0,2921,27,1011.1,837,13
317,2025-11-26 15:05:53+05:30,1010.6,2,1002.7,8714196,382879.0,429782.0,986.2,1012.8,981.3,986.2,120594000,1084.8,887.6,1102.5,649.1,1010.6,1025,9,1010.5,1602,6,1010.4,1401,12,1010.3,986,10,1010.2,891,16,1010.7,356,11,1010.8,449,4,1010.9,1243,7,1011.0,2921,27,1011.1,837,13
317,2025-11-26 15:05:54+05:30,1010.7,3,1002.7,8714202,382832.0,429823.0,986.2,1012.8,981.3,986.2,120594000,1084.8,887.6,1102.5,649.1,1010.6,1023,9,1010.5,1602,6,1010.4,1401,12,1010.3,986,10,1010.2,920,17,1010.7,352,11,1010.8,449,4,1010.9,1243,7,1011.0,2921,27,1011.1,938,15
317,2025-11-26 15:05:54+05:30,1010.7,3,1002.7,8714202,382832.0,429823.0,986.2,1012.8,981.3,986.2,120594000,1084.8,887.6,1102.5,649.1,1010.6,1023,9,1010.5,1602,6,1010.4,1401,12,1010.3,986,10,1010.2,920,17,1010.7,352,11,1010.8,449,4,1010.9,1243,7,1011.0,2921,27,1011.1,938,15
317,2025-11-26 15:05:55+05:30,1010.7,3,1002.7,8714205,383344.0,430038.0,986.2,1012.8,981.3,986.2,120594000,1084.8,887.6,1102.5,649.1,1010.6,1023,9,1010.5,1676,8,1010.4,1436,12,1010.3,1038,11,1010.2,920,17,1010.7,589,13,1010.8,449,4,1010.9,1243,7,1011.0,2999,30,1011.1,827,12
317,2025-11-26 15:05:55+05:30,1010.7,24,1002.7,8714205,383344.0,430038.0,986.2,1012.8,981.3,986.2,120594000,1084.8,887.6,1102.5,649.1,1010.6,1023,9,1010.5,1676,8,1010.4,1436,12,1010.3,1038,11,1010.2,920,17,1010.7,589,13,1010.8,449,4,1010.9,1243,7,1011.0,2999,30,1011.1,827,12
317,2025-11-26 15:05:56+05:30,1010.6,1,1002.7,8714361,383392.0,430216.0,986.2,1012.8,981.3,986.2,120594000,1084.8,887.6,1102.5,649.1,1010.6,1094,10,1010.5,1813,10,1010.4,1503,13,1010.3,1038,11,1010.2,920,17,1010.7,747,12,1010.8,449,4,1010.9,912,4,1011.0,2890,29,1011.1,920,12
317,2025-11-26 15:05:56+05:30,1010.6,1,1002.7,8714361,383392.0,430216.0,986.2,1012.8,981.3,986.2,120594000,1084.8,887.6,1102.5,649.1,1010.6,1094,10,1010.5,1813,10,1010.4,1503,13,1010.3,1038,11,1010.2,920,17,1010.7,747,12,1010.8,449,4,1010.9,912,4,1011.0,2890,29,1011.1,920,12
317,2025-11-26 15:05:57+05:30,1010.7,3,1002.7,8714364,383432.0,430047.0,986.2,1012.8,981.3,986.2,120594000,1084.8,887.6,1102.5,649.1,1010.6,1037,10,1010.5,1768,9,1010.4,1503,13,1010.3,1151,13,1010.2,891,16,1010.7,889,14,1010.8,449,4,1010.9,912,4,1011.0,2750,28,1011.1,920,12
317,2025-11-26 15:05:57+05:30,1010.7,1,1002.7,8714364,383432.0,430047.0,986.2,1012.8,981.3,986.2,120594000,1084.8,887.6,1102.5,649.1,1010.6,1037,10,1010.5,1768,9,1010.4,1503,13,1010.3,1151,13,1010.2,891,16,1010.7,889,14,1010.8,449,4,1010.9,912,4,1011.0,2750,28,1011.1,920,12
317,2025-11-26 15:05:58+05:30,1010.8,10,1002.7,8716162,383658.0,428524.0,986.2,1012.8,981.3,986.2,120594000,1084.8,887.6,1102.5,649.1,1010.6,926,10,1010.5,1928,13,1010.4,1599,14,1010.3,1127,12,1010.2,875,15,1010.7,36,3,1010.8,393,3,1010.9,912,4,1011.0,2647,25,1011.1,998,15
317,2025-11-26 15:05:58+05:30,1010.6,266,1002.7,8716162,383658.0,428524.0,986.2,1012.8,981.3,986.2,120594000,1084.8,887.6,1102.5,649.1,1010.6,926,10,1010.5,1928,13,1010.4,1599,14,1010.3,1127,12,1010.2,875,15,1010.7,36,3,1010.8,393,3,1010.9,912,4,1011.0,2647,25,1011.1,998,15
317,2025-11-26 15:05:59+05:30,1010.7,3,1002.7,8716906,381839.0,428228.0,986.2,1012.8,981.3,986.2,120594000,1084.8,887.6,1102.5,649.1,1010.7,1,1,1010.6,701,6,1010.5,1846,10,1010.4,1491,14,1010.3,1127,12,1010.8,224,3,1010.9,912,4,1011.0,2574,24,1011.1,871,13,1011.2,1279,13
317,2025-11-26 15:05:59+05:30,1010.8,1,1002.7,8716906,381839.0,428228.0,986.2,1012.8,981.3,986.2,120594000,1084.8,887.6,1102.5,649.1,1010.7,1,1,1010.6,701,6,1010.5,1846,10,1010.4,1491,14,1010.3,1127,12,1010.8,224,3,1010.9,912,4,1011.0,2574,24,1011.1,871,13,1011.2,1279,13
317,2025-11-26 15:06:00+05:30,1010.7,14,1002.7,8716906,381839.0,428228.0,986.2,1012.8,981.3,986.2,120594000,1084.8,887.6,1102.5,649.1,1010.7,1,1,1010.6,701,6,1010.5,1846,10,1010.4,1491,14,1010.3,1127,12,1010.8,224,3,1010.9,912,4,1011.0,2574,24,1011.1,871,13,1011.2,1279,13
317,2025-11-26 15:06:01+05:30,1010.6,1,1002.71,8717038,383325.0,428409.0,986.2,1012.8,981.3,986.2,120594000,1084.8,887.6,1102.5,649.1,1010.6,733,8,1010.5,1990,11,1010.4,1621,17,1010.3,1265,11,1010.2,838,14,1010.7,315,4,1010.8,214,4,1010.9,912,4,1011.0,2646,25,1011.1,870,9
317,2025-11-26 15:06:01+05:30,1010.6,23,1002.71,8717038,383325.0,428409.0,986.2,1012.8,981.3,986.2,120594000,1084.8,887.6,1102.5,649.1,1010.6,733,8,1010.5,1990,11,1010.4,1621,17,1010.3,1265,11,1010.2,838,14,1010.7,315,4,1010.8,214,4,1010.9,912,4,1011.0,2646,25,1011.1,870,9
317,2025-11-26 15:06:02+05:30,1010.7,102,1002.71,8717816,383538.0,428575.0,986.2,1012.8,981.3,986.2,120594000,1084.8,887.6,1102.5,649.1,1010.6,1404,9,1010.5,1003,8,1010.4,1605,16,1010.3,1265,11,1010.2,866,15,1010.7,234,3,1010.8,214,4,1010.9,912,4,1011.0,2646,25,1011.1,993,13
317,2025-11-26 15:06:02+05:30,1010.7,102,1002.71,8717816,383538.0,428575.0,986.2,1012.8,981.3,986.2,120594000,1084.8,887.6,1102.5,649.1,1010.6,1404,9,1010.5,1003,8,1010.4,1605,16,1010.3,1265,11,1010.2,866,15,1010.7,234,3,1010.8,214,4,1010.9,912,4,1011.0,2646,25,1011.1,993,13
317,2025-11-26 15:06:03+05:30,1010.7,23,1002.71,8717847,383547.0,429262.0,986.2,1012.8,981.3,986.2,120594000,1084.8,887.6,1102.5,649.1,1010.6,1433,10,1010.5,911,7,1010.4,1301,12,1010.3,1265,11,1010.2,866,15,1010.7,244,5,1010.8,281,5,1010.9,1390,9,1011.0,3015,29,1011.1,940,14
317,2025-11-26 15:06:03+05:30,1010.7,10,1002.71,8717847,383547.0,429262.0,986.2,1012.8,981.3,986.2,120594000,1084.8,887.6,1102.5,649.1,1010.6,1433,10,1010.5,911,7,1010.4,1301,12,1010.3,1265,11,1010.2,866,15,1010.7,244,5,1010.8,281,5,1010.9,1390,9,1011.0,3015,29,1011.1,940,14
317,2025-11-26 15:06:04+05:30,1010.7,3,1002.71,8718072,383493.0,429496.0,986.2,1012.8,981.3,986.2,120594000,1084.8,887.6,1102.5,649.1,1010.6,1433,10,1010.5,911,7,1010.4,1301,12,1010.3,1265,11,1010.2,866,15,1010.7,565,7,1010.8,212,4,1010.9,1221,8,1011.0,3014,29,1011.1,940,14
317,2025-11-26 15:06:04+05:30,1010.6,3,1002.71,8718072,383493.0,429496.0,986.2,1012.8,981.3,986.2,120594000,1084.8,887.6,1102.5,649.1,1010.6,1433,10,1010.5,911,7,1010.4,1301,12,1010.3,1265,11,1010.2,866,15,1010.7,565,7,1010.8,212,4,1010.9,1221,8,1011.0,3014,29,1011.1,940,14
317,2025-11-26 15:06:05+05:30,1010.6,309,1002.71,8719375,383504.0,429083.0,986.2,1012.8,981.3,986.2,120594000,1084.8,887.6,1102.5,649.1,1010.6,947,9,1010.5,859,4,1010.4,1307,12,1010.3,1319,14,1010.2,857,14,1010.7,180,4,1010.8,212,4,1010.9,1389,9,1011.0,3014,29,1011.1,940,14
317,2025-11-26 15:06:05+05:30,1010.6,309,1002.71,8719375,383504.0,429083.0,986.2,1012.8,981.3,986.2,120594000,1084.8,887.6,1102.5,649.1,1010.6,947,9,1010.5,859,4,1010.4,1307,12,1010.3,1319,14,1010.2,857,14,1010.7,180,4,1010.8,212,4,1010.9,1389,9,1011.0,3014,29,1011.1,940,14
317,2025-11-26 15:06:06+05:30,1010.6,1,1002.71,8719377,383867.0,428637.0,986.2,1012.8,981.3,986.2,120594000,1084.8,887.6,1102.5,649.1,1010.6,1053,10,1010.5,1037,8,1010.4,1415,15,1010.3,1276,12,1010.2,870,14,1010.7,180,5,1010.8,212,4,1010.9,1145,6,1011.0,2782,27,1011.1,824,11
317,2025-11-26 15:06:06+05:30,1010.6,1,1002.71,8719377,383867.0,428637.0,986.2,1012.8,981.3,986.2,120594000,1084.8,887.6,1102.5,649.1,1010.6,1053,10,1010.5,1037,8,1010.4,1415,15,1010.3,1276,12,1010.2,870,14,1010.7,180,5,1010.8,212,4,1010.9,1145,6,1011.0,2782,27,1011.1,824,11
317,2025-11-26 15:06:07+05:30,1010.7,1,1002.71,8719415,383743.0,428688.0,986.2,1012.8,981.3,986.2,120594000,1084.8,887.6,1102.5,649.1,1010.6,932,8,1010.5,1024,7,1010.4,1415,15,1010.3,1265,11,1010.2,883,15,1010.7,178,6,1010.8,212,4,1010.9,1145,6,1011.0,2874,28,1011.1,914,12
317,2025-11-26 15:06:07+05:30,1010.7,1,1002.71,8719415,383743.0,428688.0,986.2,1012.8,981.3,986.2,120594000,1084.8,887.6,1102.5,649.1,1010.6,932,8,1010.5,1024,7,1010.4,1415,15,1010.3,1265,11,1010.2,883,15,1010.7,178,6,1010.8,212,4,1010.9,1145,6,1011.0,2874,28,1011.1,914,12
317,2025-11-26 15:06:08+05:30,1010.6,283,1002.71,8719718,383607.0,428758.0,986.2,1012.8,981.3,986.2,120594000,1084.8,887.6,1102.5,649.1,1010.6,711,8,1010.5,1038,7,1010.4,1554,16,1010.3,1270,12,1010.2,809,10,1010.7,139,5,1010.8,212,4,1010.9,1145,6,1011.0,2875,29,1011.1,940,14
317,2025-11-26 15:06:08+05:30,1010.6,283,1002.71,8719718,383607.0,428758.0,986.2,1012.8,981.3,986.2,120594000,1084.8,887.6,1102.5,649.1,1010.6,711,8,1010.5,1038,7,1010.4,1554,16,1010.3,1270,12,1010.2,809,10,1010.7,139,5,1010.8,212,4,1010.9,1145,6,1011.0,2875,29,1011.1,940,14
317,2025-11-26 15:06:09+05:30,1010.6,93,1002.71,8719914,383084.0,428617.0,986.2,1012.8,981.3,986.2,120594000,1084.8,887.6,1102.5,649.1,1010.6,618,8,1010.5,862,5,1010.4,1470,14,1010.3,1196,11,1010.2,1277,15,1010.7,36,5,1010.8,212,4,1010.9,1213,7,1011.0,2875,29,1011.1,955,15
317,2025-11-26 15:06:09+05:30,1010.6,93,1002.71,8719914,383084.0,428617.0,986.2,1012.8,981.3,986.2,120594000,1084.8,887.6,1102.5,649.1,1010.6,618,8,1010.5,862,5,1010.4,1470,14,1010.3,1196,11,1010.2,1277,15,1010.7,36,5,1010.8,212,4,1010.9,1213,7,1011.0,2875,29,1011.1,955,15
317,2025-11-26 15:06:10+05:30,1010.6,33,1002.71,8720517,382139.0,429709.0,986.2,1012.8,981.3,986.2,120594000,1084.8,887.6,1102.5,649.1,1010.6,206,6,1010.5,862,5,1010.4,1027,9,1010.3,799,8,1010.2,715,9,1010.7,489,9,1010.8,412,7,1010.9,1433,10,1011.0,3040,32,1011.1,1227,14
317,2025-11-26 15:06:10+05:30,1010.7,144,1002.71,8720517,382139.0,429709.0,986.2,1012.8,981.3,986.2,120594000,1084.8,887.6,1102.5,649.1,1010.6,206,6,1010.5,862,5,1010.4,1027,9,1010.3,799,8,1010.2,715,9,1010.7,489,9,1010.8,412,7,1010.9,1433,10,1011.0,3040,32,1011.1,1227,14
317,2025-11-26 15:06:11+05:30,1010.6,1,1002.71,8721299,383442.0,429020.0,986.2,1012.8,981.3,986.2,120594000,1084.8,887.6,1102.5,649.1,1010.6,387,8,1010.5,1612,6,1010.4,1350,12,1010.3,1448,16,1010.2,728,10,1010.7,125,2,1010.8,423,5,1010.9,1299,8,1011.0,3108,34,1011.1,892,11
317,2025-11-26 15:06:11+05:30,1010.6,1,1002.71,8721299,383442.0,429020.0,986.2,1012.8,981.3,986.2,120594000,1084.8,887.6,1102.5,649.1,1010.6,387,8,1010.5,1612,6,1010.4,1350,12,1010.3,1448,16,1010.2,728,10,1010.7,125,2,1010.8,423,5,1010.9,1299,8,1011.0,3108,34,1011.1,892,11
317,2025-11-26 15:06:12+05:30,1010.7,1,1002.71,8721302,383276.0,429656.0,986.2,1012.8,981.3,986.2,120594000,1084.8,887.6,1102.5,649.1,1010.6,387,8,1010.5,1642,7,1010.4,1113,10,1010.3,1306,13,1010.2,774,11,1010.7,622,6,1010.8,492,6,1010.9,1483,11,1011.0,3088,35,1011.1,1164,10
317,2025-11-26 15:06:12+05:30,1010.7,1,1002.71,8721302,383276.0,429656.0,986.2,1012.8,981.3,986.2,120594000,1084.8,887.6,1102.5,649.1,1010.6,387,8,1010.5,1642,7,1010.4,1113,10,1010.3,1306,13,1010.2,774,11,1010.7,622,6,1010.8,492,6,1010.9,1483,11,1011.0,3088,35,1011.1,1164,10
317,2025-11-26 15:06:13+05:30,1010.6,29,1002.71,8721413,381909.0,429642.0,986.2,1012.8,981.3,986.2,120594000,1084.8,887.6,1102.5,649.1,1010.6,387,7,1010.5,142,5,1010.4,1027,9,1010.3,2638,14,1010.2,702,8,1010.7,930,8,1010.8,790,9,1010.9,1437,10,1011.0,3062,33,1011.1,1190,12
317,2025-11-26 15:06:13+05:30,1010.6,29,1002.71,8721413,381909.0,429642.0,986.2,1012.8,981.3,986.2,120594000,1084.8,887.6,1102.5,649.1,1010.6,387,7,1010.5,142,5,1010.4,1027,9,1010.3,2638,14,1010.2,702,8,1010.7,930,8,1010.8,790,9,1010.9,1437,10,1011.0,3062,33,1011.1,1190,12
317,2025-11-26 15:06:14+05:30,1010.7,2,1002.71,8721413,381909.0,429642.0,986.2,1012.8,981.3,986.2,120594000,1084.8,887.6,1102.5,649.1,1010.6,387,7,1010.5,142,5,1010.4,1027,9,1010.3,2638,14,1010.2,702,8,1010.7,930,8,1010.8,790,9,1010.9,1437,10,1011.0,3062,33,1011.1,1190,12
317,2025-11-26 15:06:14+05:30,1010.7,2,1002.71,8721524,382348.0,428742.0,986.2,1012.8,981.3,986.2,120594000,1084.8,887.6,1102.5,649.1,1010.6,458,9,1010.5,179,5,1010.4,2763,14,1010.3,1543,16,1010.2,702,8,1010.7,787,7,1010.8,423,5,1010.9,1191,7,1011.0,2969,33,1011.1,892,11
317,2025-11-26 15:06:15+05:30,1010.7,15,1002.71,8721524,382348.0,428742.0,986.2,1012.8,981.3,986.2,120594000,1084.8,887.6,1102.5,649.1,1010.6,458,9,1010.5,179,5,1010.4,2763,14,1010.3,1543,16,1010.2,702,8,1010.7,787,7,1010.8,423,5,1010.9,1191,7,1011.0,2969,33,1011.1,892,11
317,2025-11-26 15:06:15+05:30,1010.7,15,1002.71,8722351,381691.0,428237.0,986.2,1012.8,981.3,986.2,120594000,1084.8,887.6,1102.5,649.1,1010.6,567,11,1010.5,108,4,1010.4,2274,16,1010.3,1642,16,1010.2,702,8,1010.7,372,8,1010.8,423,5,1010.9,1145,6,1011.0,2865,28,1011.1,892,11
317,2025-11-26 15:06:16+05:30,1010.6,2,1002.71,8722351,381691.0,428237.0,986.2,1012.8,981.3,986.2,120594000,1084.8,887.6,1102.5,649.1,1010.6,567,11,1010.5,108,4,1010.4,2274,16,1010.3,1642,16,1010.2,702,8,1010.7,372,8,1010.8,423,5,1010.9,1145,6,1011.0,2865,28,1011.1,892,11
317,2025-11-26 15:06:16+05:30,1010.7,3,1002.71,8722532,380777.0,428017.0,986.2,1012.8,981.3,986.2,120594000,1084.8,887.6,1102.5,649.1,1010.6,581,11,1010.5,108,4,1010.4,2320,17,1010.3,1596,15,1010.2,702,8,1010.7,195,9,1010.8,423,5,1010.9,1145,6,1011.0,2865,28,1011.1,892,11
317,2025-11-26 15:06:17+05:30,1010.7,44,1002.71,8722576,381435.0,428210.0,986.2,1012.8,981.3,986.2,120594000,1084.8,887.6,1102.5,649.1,1010.6,593,12,1010.5,195,5,1010.4,2320,17,1010.3,1596,15,1010.2,702,8,1010.7,412,10,1010.8,423,5,1010.9,1145,6,1011.0,2865,28,1011.1,912,10
317,2025-11-26 15:06:17+05:30,1010.7,44,1002.71,8722576,381435.0,428210.0,986.2,1012.8,981.3,986.2,120594000,1084.8,887.6,1102.5,649.1,1010.6,593,12,1010.5,195,5,1010.4,2320,17,1010.3,1596,15,1010.2,702,8,1010.7,412,10,1010.8,423,5,1010.9,1145,6,1011.0,2865,28,1011.1,912,10
317,2025-11-26 15:06:18+05:30,1010.6,4,1002.71,8722576,381435.0,428210.0,986.2,1012.8,981.3,986.2,120594000,1084.8,887.6,1102.5,649.1,1010.6,593,12,1010.5,195,5,1010.4,2320,17,1010.3,1596,15,1010.2,702,8,1010.7,412,10,1010.8,423,5,1010.9,1145,6,1011.0,2865,28,1011.1,912,10
317,2025-11-26 15:06:18+05:30,1010.7,2,1002.71,8722699,383886.0,428375.0,986.2,1012.8,981.3,986.2,120594000,1084.8,887.6,1102.5,649.1,1010.6,1314,12,1010.5,195,5,1010.4,1570,16,1010.3,1656,18,1010.2,3049,12,1010.7,397,10,1010.8,423,5,1010.9,977,5,1011.0,2865,28,1011.1,866,9
317,2025-11-26 15:06:19+05:30,1010.7,10,1002.71,8722699,383886.0,428375.0,986.2,1012.8,981.3,986.2,120594000,1084.8,887.6,1102.5,649.1,1010.6,1314,12,1010.5,195,5,1010.4,1570,16,1010.3,1656,18,1010.2,3049,12,1010.7,397,10,1010.8,423,5,1010.9,977,5,1011.0,2865,28,1011.1,866,9
317,2025-11-26 15:06:19+05:30,1010.6,69,1002.71,8722802,385383.0,430538.0,986.2,1012.8,981.3,986.2,120594000,1084.8,887.6,1102.5,649.1,1010.6,1275,14,1010.5,129,5,1010.4,1618,19,1010.3,1656,18,1010.2,4577,15,1010.7,413,11,1010.8,423,5,1010.9,3578,6,1011.0,2865,28,1011.1,866,9
317,2025-11-26 15:06:20+05:30,1010.8,113,1002.71,8722802,385383.0,430538.0,986.2,1012.8,981.3,986.2,120594000,1084.8,887.6,1102.5,649.1,1010.6,1275,14,1010.5,129,5,1010.4,1618,19,1010.3,1656,18,1010.2,4577,15,1010.7,413,11,1010.8,423,5,1010.9,3578,6,1011.0,2865,28,1011.1,866,9
317,2025-11-26 15:06:21+05:30,1010.7,1,1002.71,8724447,384088.0,431028.0,986.2,1012.8,981.3,986.2,120594000,1084.8,887.6,1102.5,649.1,1010.6,957,8,1010.5,201,7,1010.4,1573,16,1010.3,2174,20,1010.2,3730,13,1010.7,2,1,1010.8,546,5,1010.9,3697,8,1011.0,3267,29,1011.1,1522,17
317,2025-11-26 15:06:21+05:30,1010.6,6,1002.71,8724447,384088.0,431028.0,986.2,1012.8,981.3,986.2,120594000,1084.8,887.6,1102.5,649.1,1010.6,957,8,1010.5,201,7,1010.4,1573,16,1010.3,2174,20,1010.2,3730,13,1010.7,2,1,1010.8,546,5,1010.9,3697,8,1011.0,3267,29,1011.1,1522,17
317,2025-11-26 15:06:22+05:30,1010.7,1,1002.71,8724550,385298.0,427253.0,986.2,1012.8,981.3,986.2,120594000,1084.8,887.6,1102.5,649.1,1010.6,1124,12,1010.5,189,6,1010.4,1573,16,1010.3,1589,17,1010.2,4480,14,1010.7,141,2,1010.8,546,5,1010.9,3632,7,1011.0,7181,29,1011.1,1458,15
317,2025-11-26 15:06:22+05:30,1010.7,155,1002.71,8724550,385298.0,427253.0,986.2,1012.8,981.3,986.2,120594000,1084.8,887.6,1102.5,649.1,1010.6,1124,12,1010.5,189,6,1010.4,1573,16,1010.3,1589,17,1010.2,4480,14,1010.7,141,2,1010.8,546,5,1010.9,3632,7,1011.0,7181,29,1011.1,1458,15
317,2025-11-26 15:06:23+05:30,1010.7,23,1002.71,8724892,384998.0,426956.0,986.2,1012.8,981.3,986.2,120594000,1084.8,887.6,1102.5,649.1,1010.6,1027,11,1010.5,185,6,1010.4,1573,16,1010.3,1589,17,1010.2,4480,14,1010.7,70,3,1010.8,546,5,1010.9,3696,8,1011.0,7181,29,1011.1,1458,15
317,2025-11-26 15:06:23+05:30,1010.7,43,1002.71,8724892,384998.0,426956.0,986.2,1012.8,981.3,986.2,120594000,1084.8,887.6,1102.5,649.1,1010.6,1027,11,1010.5,185,6,1010.4,1573,16,1010.3,1589,17,1010.2,4480,14,1010.7,70,3,1010.8,546,5,1010.9,3696,8,1011.0,7181,29,1011.1,1458,15
317,2025-11-26 15:06:24+05:30,1010.7,148,1002.71,8725631,384829.0,426037.0,986.2,1012.8,981.3,986.2,120594000,1084.8,887.6,1102.5,649.1,1010.6,1112,12,1010.5,185,6,1010.4,1487,15,1010.3,1796,20,1010.2,4480,14,1010.7,29,1,1010.8,546,5,1010.9,3800,8,1011.0,6691,27,1011.1,1478,17
317,2025-11-26 15:06:24+05:30,1010.7,1,1002.71,8725631,384829.0,426037.0,986.2,1012.8,981.3,986.2,120594000,1084.8,887.6,1102.5,649.1,1010.6,1112,12,1010.5,185,6,1010.4,1487,15,1010.3,1796,20,1010.2,4480,14,1010.7,29,1,1010.8,546,5,1010.9,3800,8,1011.0,6691,27,1011.1,1478,17
317,2025-11-26 15:06:25+05:30,1010.8,15,1002.71,8726040,385553.0,426857.0,986.2,1012.8,981.3,986.2,120594000,1084.8,887.6,1102.5,649.1,1010.7,486,1,1010.6,393,12,1010.5,384,7,1010.4,1590,17,1010.3,4801,23,1010.8,941,6,1010.9,3566,6,1011.0,6690,27,1011.1,1095,15,1011.2,884,10
317,2025-11-26 15:06:25+05:30,1010.8,11,1002.71,8726040,385553.0,426857.0,986.2,1012.8,981.3,986.2,120594000,1084.8,887.6,1102.5,649.1,1010.7,486,1,1010.6,393,12,1010.5,384,7,1010.4,1590,17,1010.3,4801,23,1010.8,941,6,1010.9,3566,6,1011.0,6690,27,1011.1,1095,15,1011.2,884,10
317,2025-11-26 15:06:26+05:30,1010.8,1,1002.71,8726068,385591.0,426352.0,986.2,1012.8,981.3,986.2,120594000,1084.8,887.6,1102.5,649.1,1010.7,604,4,1010.6,440,12,1010.5,433,8,1010.4,1498,15,1010.3,4801,23,1010.8,927,9,1010.9,3593,7,1011.0,6627,26,1011.1,1393,16,1011.2,933,11
317,2025-11-26 15:06:26+05:30,1010.8,1,1002.71,8726068,385591.0,426352.0,986.2,1012.8,981.3,986.2,120594000,1084.8,887.6,1102.5,649.1,1010.7,604,4,1010.6,440,12,1010.5,433,8,1010.4,1498,15,1010.3,4801,23,1010.8,927,9,1010.9,3593,7,1011.0,6627,26,1011.1,1393,16,1011.2,933,11
317,2025-11-26 15:06:27+05:30,1010.8,2,1002.71,8726070,386131.0,427478.0,986.2,1012.8,981.3,986.2,120594000,1084.8,887.6,1102.5,649.1,1010.7,1003,6,1010.6,340,11,1010.5,516,9,1010.4,1637,16,1010.3,4801,23,1010.8,925,9,1010.9,4138,8,1011.0,6627,26,1011.1,1470,17,1011.2,933,11
317,2025-11-26 15:06:27+05:30,1010.8,2,1002.71,8726070,386131.0,427478.0,986.2,1012.8,981.3,986.2,120594000,1084.8,887.6,1102.5,649.1,1010.7,1003,6,1010.6,340,11,1010.5,516,9,1010.4,1637,16,1010.3,4801,23,1010.8,925,9,1010.9,4138,8,1011.0,6627,26,1011.1,1470,17,1011.2,933,11
317,2025-11-26 15:06:28+05:30,1010.8,3,1002.71,8726076,386162.0,427579.0,986.2,1012.8,981.3,986.2,120594000,1084.8,887.6,1102.5,649.1,1010.7,1072,8,1010.6,302,10,1010.5,516,9,1010.4,1637,16,1010.3,4801,23,1010.8,1103,11,1010.9,4138,8,1011.0,6627,26,1011.1,1393,16,1011.2,933,11
317,2025-11-26 15:06:28+05:30,1010.8,3,1002.71,8726076,386162.0,427579.0,986.2,1012.8,981.3,986.2,120594000,1084.8,887.6,1102.5,649.1,1010.7,1072,8,1010.6,302,10,1010.5,516,9,1010.4,1637,16,1010.3,4801,23,1010.8,1103,11,1010.9,4138,8,1011.0,6627,26,1011.1,1393,16,1011.2,933,11
317,2025-11-26 15:06:29+05:30,1010.8,4,1002.71,8726082,385455.0,427698.0,986.2,1012.8,981.3,986.2,120594000,1084.8,887.6,1102.5,649.1,1010.7,1092,8,1010.6,240,9,1010.5,299,7,1010.4,1734,20,1010.3,4801,23,1010.8,1636,14,1010.9,4138,8,1011.0,6627,26,1011.1,1442,17,1011.2,884,10
317,2025-11-26 15:06:29+05:30,1010.8,1,1002.71,8726082,385455.0,427698.0,986.2,1012.8,981.3,986.2,120594000,1084.8,887.6,1102.5,649.1,1010.7,1092,8,1010.6,240,9,1010.5,299,7,1010.4,1734,20,1010.3,4801,23,1010.8,1636,14,1010.9,4138,8,1011.0,6627,26,1011.1,1442,17,1011.2,884,10
317,2025-11-26 15:06:30+05:30,1010.8,15,1002.71,8726082,385455.0,427698.0,986.2,1012.8,981.3,986.2,120594000,1084.8,887.6,1102.5,649.1,1010.7,1092,8,1010.6,240,9,1010.5,299,7,1010.4,1734,20,1010.3,4801,23,1010.8,1636,14,1010.9,4138,8,1011.0,6627,26,1011.1,1442,17,1011.2,884,10
317,2025-11-26 15:06:30+05:30,1010.8,15,1002.71,8726868,385683.0,427544.0,986.2,1012.8,981.3,986.2,120594000,1084.8,887.6,1102.5,649.1,1010.7,1366,10,1010.6,299,10,1010.5,321,7,1010.4,1685,19,1010.3,4801,23,1010.8,1532,14,1010.9,4138,8,1011.0,6669,27,1011.1,1393,16,1011.2,933,11
317,2025-11-26 15:06:31+05:30,1010.7,1,1002.71,8726868,385683.0,427544.0,986.2,1012.8,981.3,986.2,120594000,1084.8,887.6,1102.5,649.1,1010.7,1366,10,1010.6,299,10,1010.5,321,7,1010.4,1685,19,1010.3,4801,23,1010.8,1532,14,1010.9,4138,8,1011.0,6669,27,1011.1,1393,16,1011.2,933,11
317,2025-11-26 15:06:31+05:30,1010.8,1,1002.71,8726917,385481.0,427502.0,986.2,1012.8,981.3,986.2,120594000,1084.8,887.6,1102.5,649.1,1010.7,1321,10,1010.6,155,8,1010.5,321,7,1010.4,1672,18,1010.3,4801,23,1010.8,1528,14,1010.9,4181,9,1011.0,6620,27,1011.1,1468,17,1011.2,933,11
317,2025-11-26 15:06:32+05:30,1010.8,100,1002.71,8726917,385481.0,427502.0,986.2,1012.8,981.3,986.2,120594000,1084.8,887.6,1102.5,649.1,1010.7,1321,10,1010.6,155,8,1010.5,321,7,1010.4,1672,18,1010.3,4801,23,1010.8,1528,14,1010.9,4181,9,1011.0,6620,27,1011.1,1468,17,1011.2,933,11
317,2025-11-26 15:06:32+05:30,1010.8,23,1002.71,8727049,385638.0,427565.0,986.2,1012.8,981.3,986.2,120594000,1084.8,887.6,1102.5,649.1,1010.7,1380,12,1010.6,286,10,1010.5,264,5,1010.4,1739,20,1010.3,4801,23,1010.8,1680,17,1010.9,4181,9,1011.0,6620,27,1011.1,1532,18,1011.2,884,10
317,2025-11-26 15:06:33+05:30,1010.8,3,1002.71,8727049,385638.0,427565.0,986.2,1012.8,981.3,986.2,120594000,1084.8,887.6,1102.5,649.1,1010.7,1380,12,1010.6,286,10,1010.5,264,5,1010.4,1739,20,1010.3,4801,23,1010.8,1680,17,1010.9,4181,9,1011.0,6620,27,1011.1,1532,18,1011.2,884,10
317,2025-11-26 15:06:34+05:30,1010.8,1,1002.71,8727202,385867.0,427107.0,986.2,1012.8,981.3,986.2,120594000,1084.8,887.6,1102.5,649.1,1010.7,1594,14,1010.6,286,10,1010.5,264,5,1010.4,1739,20,1010.3,4801,23,1010.8,1597,16,1010.9,4139,9,1011.0,6555,26,1011.1,1458,17,1011.2,809,9
317,2025-11-26 15:06:34+05:30,1010.8,80,1002.71,8727202,385867.0,427107.0,986.2,1012.8,981.3,986.2,120594000,1084.8,887.6,1102.5,649.1,1010.7,1594,14,1010.6,286,10,1010.5,264,5,1010.4,1739,20,1010.3,4801,23,1010.8,1597,16,1010.9,4139,9,1011.0,6555,26,1011.1,1458,17,1011.2,809,9
317,2025-11-26 15:06:35+05:30,1010.8,2,1002.71,8727292,385126.0,427687.0,986.2,1012.8,981.3,986.2,120594000,1084.8,887.6,1102.5,649.1,1010.7,1543,14,1010.6,230,9,1010.5,1197,11,1010.4,1685,19,1010.3,3831,17,1010.8,1515,16,1010.9,4182,10,1011.0,6514,26,1011.1,1329,15,1011.2,917,10
317,2025-11-26 15:06:35+05:30,1010.7,50,1002.71,8727292,385126.0,427687.0,986.2,1012.8,981.3,986.2,120594000,1084.8,887.6,1102.5,649.1,1010.7,1543,14,1010.6,230,9,1010.5,1197,11,1010.4,1685,19,1010.3,3831,17,1010.8,1515,16,1010.9,4182,10,1011.0,6514,26,1011.1,1329,15,1011.2,917,10
317,2025-11-26 15:06:36+05:30,1010.7,322,1002.72,8728032,384969.0,427212.0,986.2,1012.8,981.3,986.2,120594000,1084.8,887.6,1102.5,649.1,1010.7,1002,11,1010.6,155,8,1010.5,1101,10,1010.4,1619,18,1010.3,3742,16,1010.8,1509,15,1010.9,4225,11,1011.0,6555,27,1011.1,1511,18,1011.2,917,10
317,2025-11-26 15:06:36+05:30,1010.7,1,1002.72,8728032,384969.0,427212.0,986.2,1012.8,981.3,986.2,120594000,1084.8,887.6,1102.5,649.1,1010.7,1002,11,1010.6,155,8,1010.5,1101,10,1010.4,1619,18,1010.3,3742,16,1010.8,1509,15,1010.9,4225,11,1011.0,6555,27,1011.1,1511,18,1011.2,917,10
317,2025-11-26 15:06:37+05:30,1010.8,4,1002.72,8728166,385104.0,427379.0,986.2,1012.8,981.3,986.2,120594000,1084.8,887.6,1102.5,649.1,1010.7,970,9,1010.6,305,10,1010.5,1016,9,1010.4,1673,19,1010.3,3751,17,1010.8,1396,16,1010.9,4225,11,1011.0,6499,26,1011.1,1456,17,1011.2,863,9
317,2025-11-26 15:06:37+05:30,1010.8,4,1002.72,8728166,385104.0,427379.0,986.2,1012.8,981.3,986.2,120594000,1084.8,887.6,1102.5,649.1,1010.7,970,9,1010.6,305,10,1010.5,1016,9,1010.4,1673,19,1010.3,3751,17,1010.8,1396,16,1010.9,4225,11,1011.0,6499,26,1011.1,1456,17,1011.2,863,9
317,2025-11-26 15:06:38+05:30,1010.7,1,1002.72,8728536,384802.0,427034.0,986.2,1012.8,981.3,986.2,120594000,1084.8,887.6,1102.5,649.1,1010.7,762,8,1010.6,249,9,1010.5,1184,10,1010.4,1673,19,1010.3,3751,17,1010.8,1462,17,1010.9,4280,11,1011.0,6609,28,1011.1,1458,17,1011.2,863,9
317,2025-11-26 15:06:38+05:30,1010.8,5,1002.72,8728536,384802.0,427034.0,986.2,1012.8,981.3,986.2,120594000,1084.8,887.6,1102.5,649.1,1010.7,762,8,1010.6,249,9,1010.5,1184,10,1010.4,1673,19,1010.3,3751,17,1010.8,1462,17,1010.9,4280,11,1011.0,6609,28,1011.1,1458,17,1011.2,863,9
317,2025-11-26 15:06:39+05:30,1010.8,2,1002.72,8728543,384740.0,427542.0,986.2,1012.8,981.3,986.2,120594000,1084.8,887.6,1102.5,649.1,1010.7,775,9,1010.6,174,8,1010.5,1184,10,1010.4,1673,19,1010.3,3751,17,1010.8,1727,19,1010.9,4307,11,1011.0,6738,28,1011.1,1458,17,1011.2,873,10
317,2025-11-26 15:06:39+05:30,1010.7,7,1002.72,8728543,384740.0,427542.0,986.2,1012.8,981.3,986.2,120594000,1084.8,887.6,1102.5,649.1,1010.7,775,9,1010.6,174,8,1010.5,1184,10,1010.4,1673,19,1010.3,3751,17,1010.8,1727,19,1010.9,4307,11,1011.0,6738,28,1011.1,1458,17,1011.2,873,10
317,2025-11-26 15:06:40+05:30,1010.7,78,1002.72,8729043,385698.0,427515.0,986.2,1012.8,981.3,986.2,120594000,1084.8,887.6,1102.5,649.1,1010.7,1335,10,1010.6,174,8,1010.5,1184,10,1010.4,1600,14,1010.3,3751,17,1010.8,1722,18,1010.9,4362,12,1011.0,6684,27,1011.1,1512,18,1011.2,873,10
317,2025-11-26 15:06:40+05:30,1010.7,96,1002.72,8729043,385698.0,427515.0,986.2,1012.8,981.3,986.2,120594000,1084.8,887.6,1102.5,649.1,1010.7,1335,10,1010.6,174,8,1010.5,1184,10,1010.4,1600,14,1010.3,3751,17,1010.8,1722,18,1010.9,4362,12,1011.0,6684,27,1011.1,1512,18,1011.2,873,10
317,2025-11-26 15:06:41+05:30,1010.7,1,1002.72,8729931,384824.0,427703.0,986.2,1012.8,981.3,986.2,120594000,1084.8,887.6,1102.5,649.1,1010.7,492,3,1010.6,174,8,1010.5,879,7,1010.4,1423,14,1010.3,3715,20,1010.8,1639,20,1010.9,4362,12,1011.0,7112,30,1011.1,1215,17,1011.2,873,10
317,2025-11-26 15:06:41+05:30,1010.7,1,1002.72,8729931,384824.0,427703.0,986.2,1012.8,981.3,986.2,120594000,1084.8,887.6,1102.5,649.1,1010.7,492,3,1010.6,174,8,1010.5,879,7,1010.4,1423,14,1010.3,3715,20,1010.8,1639,20,1010.9,4362,12,1011.0,7112,30,1011.1,1215,17,1011.2,873,10
317,2025-11-26 15:06:42+05:30,1010.8,20,1002.72,8730096,384644.0,427815.0,986.2,1012.8,981.3,986.2,120594000,1084.8,887.6,1102.5,649.1,1010.7,348,3,1010.6,174,8,1010.5,879,7,1010.4,1423,14,1010.3,3726,20,1010.8,1727,20,1010.9,4412,13,1011.0,7180,32,1011.1,1160,16,1011.2,873,10
317,2025-11-26 15:06:42+05:30,1010.8,20,1002.72,8730096,384644.0,427815.0,986.2,1012.8,981.3,986.2,120594000,1084.8,887.6,1102.5,649.1,1010.7,348,3,1010.6,174,8,1010.5,879,7,1010.4,1423,14,1010.3,3726,20,1010.8,1727,20,1010.9,4412,13,1011.0,7180,32,1011.1,1160,16,1011.2,873,10
317,2025-11-26 15:06:43+05:30,1010.7,171,1002.72,8730096,384644.0,427815.0,986.2,1012.8,981.3,986.2,120594000,1084.8,887.6,1102.5,649.1,1010.7,348,3,1010.6,174,8,1010.5,879,7,1010.4,1423,14,1010.3,3726,20,1010.8,1727,20,1010.9,4412,13,1011.0,7180,32,1011.1,1160,16,1011.2,873,10
317,2025-11-26 15:06:43+05:30,1010.7,171,1002.72,8730382,384419.0,427779.0,986.2,1012.8,981.3,986.2,120594000,1084.8,887.6,1102.5,649.1,1010.7,111,3,1010.6,174,8,1010.5,879,7,1010.4,1423,14,1010.3,3726,20,1010.8,1765,21,1010.9,4412,13,1011.0,7180,32,1011.1,1086,11,1011.2,873,10
317,2025-11-26 15:06:44+05:30,1010.8,3,1002.72,8730382,384419.0,427779.0,986.2,1012.8,981.3,986.2,120594000,1084.8,887.6,1102.5,649.1,1010.7,111,3,1010.6,174,8,1010.5,879,7,1010.4,1423,14,1010.3,3726,20,1010.8,1765,21,1010.9,4412,13,1011.0,7180,32,1011.1,1086,11,1011.2,873,10
317,2025-11-26 15:06:44+05:30,1010.8,10,1002.72,8731139,385301.0,427262.0,986.2,1012.8,981.3,986.2,120594000,1084.8,887.6,1102.5,649.1,1010.7,720,1,1010.6,82,5,1010.5,874,6,1010.4,1361,13,1010.3,3662,19,1010.8,1608,18,1010.9,4184,13,1011.0,6827,30,1011.1,1410,14,1011.2,921,13
317,2025-11-26 15:06:45+05:30,1010.7,10,1002.72,8731139,385301.0,427262.0,986.2,1012.8,981.3,986.2,120594000,1084.8,887.6,1102.5,649.1,1010.7,720,1,1010.6,82,5,1010.5,874,6,1010.4,1361,13,1010.3,3662,19,1010.8,1608,18,1010.9,4184,13,1011.0,6827,30,1011.1,1410,14,1011.2,921,13
317,2025-11-26 15:06:46+05:30,1010.8,1,1002.72,8731183,385356.0,427679.0,986.2,1012.8,981.3,986.2,120594000,1084.8,887.6,1102.5,649.1,1010.7,710,1,1010.6,82,5,1010.5,904,7,1010.4,1361,13,1010.3,3638,18,1010.8,1574,18,1010.9,4184,13,1011.0,6827,30,1011.1,1410,14,1011.2,921,13
317,2025-11-26 15:06:46+05:30,1010.8,4,1002.72,8731183,385356.0,427679.0,986.2,1012.8,981.3,986.2,120594000,1084.8,887.6,1102.5,649.1,1010.7,710,1,1010.6,82,5,1010.5,904,7,1010.4,1361,13,1010.3,3638,18,1010.8,1574,18,1010.9,4184,13,1011.0,6827,30,1011.1,1410,14,1011.2,921,13
317,2025-11-26 15:06:47+05:30,1010.8,2,1002.72,8731310,385491.0,427528.0,986.2,1012.8,981.3,986.2,120594000,1084.8,887.6,1102.5,649.1,1010.7,609,1,1010.6,82,5,1010.5,976,8,1010.4,1415,14,1010.3,3723,19,1010.8,1498,19,1010.9,4184,13,1011.0,6739,28,1011.1,1125,14,1011.2,1219,14
317,2025-11-26 15:06:47+05:30,1010.8,2,1002.72,8731310,385491.0,427528.0,986.2,1012.8,981.3,986.2,120594000,1084.8,887.6,1102.5,649.1,1010.7,609,1,1010.6,82,5,1010.5,976,8,1010.4,1415,14,1010.3,3723,19,1010.8,1498,19,1010.9,4184,13,1011.0,6739,28,1011.1,1125,14,1011.2,1219,14
317,2025-11-26 15:06:48+05:30,1010.8,2,1002.72,8731310,385585.0,427507.0,986.2,1012.8,981.3,986.2,120594000,1084.8,887.6,1102.5,649.1,1010.7,653,3,1010.6,82,5,1010.5,976,8,1010.4,1470,15,1010.3,3723,19,1010.8,1559,21,1010.9,4184,13,1011.0,6755,28,1011.1,1568,17,1011.2,921,13
317,2025-11-26 15:06:48+05:30,1010.7,171,1002.72,8731310,385585.0,427507.0,986.2,1012.8,981.3,986.2,120594000,1084.8,887.6,1102.5,649.1,1010.7,653,3,1010.6,82,5,1010.5,976,8,1010.4,1470,15,1010.3,3723,19,1010.8,1559,21,1010.9,4184,13,1011.0,6755,28,1011.1,1568,17,1011.2,921,13
317,2025-11-26 15:06:49+05:30,1010.7,3,1002.72,8731709,385172.0,427716.0,986.2,1012.8,981.3,986.2,120594000,1084.8,887.6,1102.5,649.1,1010.7,511,4,1010.6,30,4,1010.5,904,7,1010.4,1470,15,1010.3,3723,19,1010.8,1554,21,1010.9,4184,13,1011.0,6810,29,1011.1,1478,16,1011.2,921,13
317,2025-11-26 15:06:49+05:30,1010.7,183,1002.72,8731709,385172.0,427716.0,986.2,1012.8,981.3,986.2,120594000,1084.8,887.6,1102.5,649.1,1010.7,511,4,1010.6,30,4,1010.5,904,7,1010.4,1470,15,1010.3,3723,19,1010.8,1554,21,1010.9,4184,13,1011.0,6810,29,1011.1,1478,16,1011.2,921,13
317,2025-11-26 15:06:50+05:30,1010.8,53,1002.72,8732520,385454.0,427464.0,986.2,1012.8,981.3,986.2,120594000,1084.8,887.6,1102.5,649.1,1010.7,707,1,1010.6,29,3,1010.5,904,7,1010.4,1408,16,1010.3,3662,16,1010.8,1490,21,1010.9,3897,13,1011.0,6810,29,1011.1,1362,16,1011.2,921,13
317,2025-11-26 15:06:50+05:30,1010.7,78,1002.72,8732520,385454.0,427464.0,986.2,1012.8,981.3,986.2,120594000,1084.8,887.6,1102.5,649.1,1010.7,707,1,1010.6,29,3,1010.5,904,7,1010.4,1408,16,1010.3,3662,16,1010.8,1490,21,1010.9,3897,13,1011.0,6810,29,1011.1,1362,16,1011.2,921,13
317,2025-11-26 15:06:51+05:30,1010.8,1,1002.72,8734306,384789.0,426737.0,986.2,1012.8,981.3,986.2,120594000,1084.8,887.6,1102.5,649.1,1010.7,688,2,1010.6,29,3,1010.5,909,8,1010.4,1247,13,1010.3,3488,17,1010.8,1295,19,1010.9,4065,14,1011.0,6756,28,1011.1,1254,15,1011.2,921,13
317,2025-11-26 15:06:51+05:30,1010.7,1,1002.72,8734306,384789.0,426737.0,986.2,1012.8,981.3,986.2,120594000,1084.8,887.6,1102.5,649.1,1010.7,688,2,1010.6,29,3,1010.5,909,8,1010.4,1247,13,1010.3,3488,17,1010.8,1295,19,1010.9,4065,14,1011.0,6756,28,1011.1,1254,15,1011.2,921,13
317,2025-11-26 15:06:52+05:30,1010.8,1,1002.72,8735183,385605.0,425440.0,986.2,1012.8,981.3,986.2,120594000,1084.8,887.6,1102.5,649.1,1010.7,702,4,1010.6,29,3,1010.5,922,9,1010.4,1467,14,1010.3,3742,20,1010.8,664,13,1010.9,3856,12,1011.0,6694,27,1011.1,1038,11,1011.2,932,14
317,2025-11-26 15:06:52+05:30,1010.8,8,1002.72,8735183,385605.0,425440.0,986.2,1012.8,981.3,986.2,120594000,1084.8,887.6,1102.5,649.1,1010.7,702,4,1010.6,29,3,1010.5,922,9,1010.4,1467,14,1010.3,3742,20,1010.8,664,13,1010.9,3856,12,1011.0,6694,27,1011.1,1038,11,1011.2,932,14
317,2025-11-26 15:06:53+05:30,1010.8,1,1002.72,8736141,384094.0,424673.0,986.2,1012.8,981.3,986.2,120594000,1084.8,887.6,1102.5,649.1,1010.7,93,4,1010.6,871,7,1010.5,1334,13,1010.4,1553,14,1010.3,1232,15,1010.8,43,6,1010.9,3689,9,1011.0,6464,25,1011.1,977,9,1011.2,988,15
317,2025-11-26 15:06:53+05:30,1010.8,11,1002.72,8736141,384094.0,424673.0,986.2,1012.8,981.3,986.2,120594000,1084.8,887.6,1102.5,649.1,1010.7,93,4,1010.6,871,7,1010.5,1334,13,1010.4,1553,14,1010.3,1232,15,1010.8,43,6,1010.9,3689,9,1011.0,6464,25,1011.1,977,9,1011.2,988,15
317,2025-11-26 15:06:54+05:30,1010.8,3,1002.72,8736171,384016.0,424869.0,986.2,1012.8,981.3,986.2,120594000,1084.8,887.6,1102.5,649.1,1010.7,32,3,1010.6,782,6,1010.5,1284,12,1010.4,1603,15,1010.3,755,14,1010.8,26,5,1010.9,3793,11,1011.0,6592,27,1011.1,1038,10,1011.2,988,15
317,2025-11-26 15:06:54+05:30,1010.8,3,1002.72,8736171,384016.0,424869.0,986.2,1012.8,981.3,986.2,120594000,1084.8,887.6,1102.5,649.1,1010.7,32,3,1010.6,782,6,1010.5,1284,12,1010.4,1603,15,1010.3,755,14,1010.8,26,5,1010.9,3793,11,1011.0,6592,27,1011.1,1038,10,1011.2,988,15
317,2025-11-26 15:06:55+05:30,1010.8,1,1002.72,8736201,384003.0,424782.0,986.2,1012.8,981.3,986.2,120594000,1084.8,887.6,1102.5,649.1,1010.7,32,3,1010.6,782,6,1010.5,1059,11,1010.4,1603,15,1010.3,1372,15,1010.8,9,3,1010.9,3793,11,1011.0,6592,27,1011.1,1088,11,1011.2,938,14
317,2025-11-26 15:06:55+05:30,1010.8,1,1002.72,8736201,384003.0,424782.0,986.2,1012.8,981.3,986.2,120594000,1084.8,887.6,1102.5,649.1,1010.7,32,3,1010.6,782,6,1010.5,1059,11,1010.4,1603,15,1010.3,1372,15,1010.8,9,3,1010.9,3793,11,1011.0,6592,27,1011.1,1088,11,1011.2,938,14
317,2025-11-26 15:06:56+05:30,1010.9,10,1002.72,8736201,384003.0,424782.0,986.2,1012.8,981.3,986.2,120594000,1084.8,887.6,1102.5,649.1,1010.7,32,3,1010.6,782,6,1010.5,1059,11,1010.4,1603,15,1010.3,1372,15,1010.8,9,3,1010.9,3793,11,1011.0,6592,27,1011.1,1088,11,1011.2,938,14
317,2025-11-26 15:06:56+05:30,1010.9,10,1002.72,8736274,382544.0,424173.0,986.2,1012.8,981.3,986.2,120594000,1084.8,887.6,1102.5,649.1,1010.7,41,4,1010.6,782,6,1010.5,1059,11,1010.4,1553,14,1010.3,1395,16,1010.9,3737,10,1011.0,6577,28,1011.1,1127,11,1011.2,938,14,1011.3,989,13
317,2025-11-26 15:06:57+05:30,1010.9,1,1002.72,8736274,382544.0,424173.0,986.2,1012.8,981.3,986.2,120594000,1084.8,887.6,1102.5,649.1,1010.7,41,4,1010.6,782,6,1010.5,1059,11,1010.4,1553,14,1010.3,1395,16,1010.9,3737,10,1011.0,6577,28,1011.1,1127,11,1011.2,938,14,1011.3,989,13
317,2025-11-26 15:06:57+05:30,1010.9,3,1002.72,8736281,382058.0,424423.0,986.2,1012.8,981.3,986.2,120594000,1084.8,887.6,1102.5,649.1,1010.8,25,1,1010.7,138,5,1010.6,782,6,1010.5,1171,12,1010.4,1431,13,1010.9,4023,14,1011.0,6423,27,1011.1,1227,13,1011.2,938,14,1011.3,989,13
317,2025-11-26 15:06:58+05:30,1010.8,2,1002.72,8736281,382058.0,424423.0,986.2,1012.8,981.3,986.2,120594000,1084.8,887.6,1102.5,649.1,1010.8,25,1,1010.7,138,5,1010.6,782,6,1010.5,1171,12,1010.4,1431,13,1010.9,4023,14,1011.0,6423,27,1011.1,1227,13,1011.2,938,14,1011.3,989,13
317,2025-11-26 15:06:59+05:30,1010.9,3,1002.72,8736286,382331.0,424952.0,986.2,1012.8,981.3,986.2,120594000,1084.8,887.6,1102.5,649.1,1010.8,23,1,1010.7,138,5,1010.6,782,6,1010.5,1171,12,1010.4,1430,12,1010.9,4151,15,1011.0,6642,29,1011.1,1227,13,1011.2,938,14,1011.3,989,13
317,2025-11-26 15:06:59+05:30,1010.9,1,1002.72,8736286,382331.0,424952.0,986.2,1012.8,981.3,986.2,120594000,1084.8,887.6,1102.5,649.1,1010.8,23,1,1010.7,138,5,1010.6,782,6,1010.5,1171,12,1010.4,1430,12,1010.9,4151,15,1011.0,6642,29,1011.1,1227,13,1011.2,938,14,1011.3,989,13
317,2025-11-26 15:07:00+05:30,1010.9,13,1002.72,8736571,382193.0,423757.0,986.2,1012.8,981.3,986.2,120594000,1084.8,887.6,1102.5,649.1,1010.8,269,3,1010.7,163,4,1010.6,818,7,1010.5,1380,14,1010.4,1959,12,1010.9,3701,12,1011.0,6318,25,1011.1,1095,11,1011.2,938,14,1011.3,1039,14
317,2025-11-26 15:07:00+05:30,1010.7,6,1002.72,8736571,382193.0,423757.0,986.2,1012.8,981.3,986.2,120594000,1084.8,887.6,1102.5,649.1,1010.8,269,3,1010.7,163,4,1010.6,818,7,1010.5,1380,14,1010.4,1959,12,1010.9,3701,12,1011.0,6318,25,1011.1,1095,11,1011.2,938,14,1011.3,1039,14
317,2025-11-26 15:07:01+05:30,1010.7,1,1002.72,8737012,383462.0,424534.0,986.2,1012.8,981.3,986.2,120594000,1084.8,887.6,1102.5,649.1,1010.7,144,3,1010.6,982,9,1010.5,1353,14,1010.4,1625,13,1010.3,806,13,1010.8,48,3,1010.9,3700,12,1011.0,6206,25,1011.1,732,9,1011.2,912,12
317,2025-11-26 15:07:01+05:30,1010.7,23,1002.72,8737012,383462.0,424534.0,986.2,1012.8,981.3,986.2,120594000,1084.8,887.6,1102.5,649.1,1010.7,144,3,1010.6,982,9,1010.5,1353,14,1010.4,1625,13,1010.3,806,13,1010.8,48,3,1010.9,3700,12,1011.0,6206,25,1011.1,732,9,1011.2,912,12
317,2025-11-26 15:07:02+05:30,1010.8,4,1002.72,8737144,383375.0,424923.0,986.2,1012.8,981.3,986.2,120594000,1084.8,887.6,1102.5,649.1,1010.7,76,5,1010.6,761,6,1010.5,960,10,1010.4,1575,13,1010.3,1291,14,1010.8,326,6,1010.9,3837,14,1011.0,6581,28,1011.1,1134,12,1011.2,912,12
317,2025-11-26 15:07:02+05:30,1010.8,2,1002.72,8737144,383375.0,424923.0,986.2,1012.8,981.3,986.2,120594000,1084.8,887.6,1102.5,649.1,1010.7,76,5,1010.6,761,6,1010.5,960,10,1010.4,1575,13,1010.3,1291,14,1010.8,326,6,1010.9,3837,14,1011.0,6581,28,1011.1,1134,12,1011.2,912,12
317,2025-11-26 15:07:03+05:30,1010.8,37,1002.72,8737235,383308.0,426280.0,986.2,1012.8,981.3,986.2,120594000,1084.8,887.6,1102.5,649.1,1010.7,116,5,1010.6,761,6,1010.5,1031,11,1010.4,1483,12,1010.3,813,14,1010.8,460,5,1010.9,3835,14,1011.0,6673,29,1011.1,1042,11,1011.2,938,14
317,2025-11-26 15:07:03+05:30,1010.8,2,1002.72,8737235,383308.0,426280.0,986.2,1012.8,981.3,986.2,120594000,1084.8,887.6,1102.5,649.1,1010.7,116,5,1010.6,761,6,1010.5,1031,11,1010.4,1483,12,1010.3,813,14,1010.8,460,5,1010.9,3835,14,1011.0,6673,29,1011.1,1042,11,1011.2,938,14
317,2025-11-26 15:07:04+05:30,1010.7,3,1002.72,8737590,383420.0,425686.0,986.2,1012.8,981.3,986.2,120594000,1084.8,887.6,1102.5,649.1,1010.7,111,4,1010.6,1232,11,1010.5,1083,12,1010.4,1228,11,1010.3,1224,14,1010.8,239,3,1010.9,3652,11,1011.0,6372,26,1011.1,1211,12,1011.2,938,14
317,2025-11-26 15:07:04+05:30,1010.8,10,1002.72,8737590,383420.0,425686.0,986.2,1012.8,981.3,986.2,120594000,1084.8,887.6,1102.5,649.1,1010.7,111,4,1010.6,1232,11,1010.5,1083,12,1010.4,1228,11,1010.3,1224,14,1010.8,239,3,1010.9,3652,11,1011.0,6372,26,1011.1,1211,12,1011.2,938,14
317,2025-11-26 15:07:05+05:30,1010.8,2,1002.72,8737602,383614.0,425837.0,986.2,1012.8,981.3,986.2,120594000,1084.8,887.6,1102.5,649.1,1010.7,118,5,1010.6,1140,10,1010.5,1426,15,1010.4,1370,12,1010.3,1194,14,1010.8,236,6,1010.9,3650,10,1011.0,6372,26,1011.1,1211,12,1011.2,938,14
317,2025-11-26 15:07:05+05:30,1010.7,9,1002.72,8737602,383614.0,425837.0,986.2,1012.8,981.3,986.2,120594000,1084.8,887.6,1102.5,649.1,1010.7,118,5,1010.6,1140,10,1010.5,1426,15,1010.4,1370,12,1010.3,1194,14,1010.8,236,6,1010.9,3650,10,1011.0,6372,26,1011.1,1211,12,1011.2,938,14
317,2025-11-26 15:07:06+05:30,1010.7,1,1002.72,8738001,383353.0,425745.0,986.2,1012.8,981.3,986.2,120594000,1084.8,887.6,1102.5,649.1,1010.7,45,3,1010.6,1141,10,1010.5,1208,13,1010.4,1267,10,1010.3,1286,15,1010.8,197,6,1010.9,3702,11,1011.0,6372,26,1011.1,1211,12,1011.2,938,14
317,2025-11-26 15:07:06+05:30,1010.8,8,1002.72,8738001,383353.0,425745.0,986.2,1012.8,981.3,986.2,120594000,1084.8,887.6,1102.5,649.1,1010.7,45,3,1010.6,1141,10,1010.5,1208,13,1010.4,1267,10,1010.3,1286,15,1010.8,197,6,1010.9,3702,11,1011.0,6372,26,1011.1,1211,12,1011.2,938,14
317,2025-11-26 15:07:07+05:30,1010.8,4,1002.72,8738020,383427.0,425395.0,986.2,1012.8,981.3,986.2,120594000,1084.8,887.6,1102.5,649.1,1010.7,43,3,1010.6,1141,10,1010.5,1259,14,1010.4,1267,10,1010.3,1311,15,1010.8,381,8,1010.9,3650,10,1011.0,6464,27,1011.1,1195,13,1011.2,938,14
317,2025-11-26 15:07:07+05:30,1010.8,4,1002.72,8738020,383427.0,425395.0,986.2,1012.8,981.3,986.2,120594000,1084.8,887.6,1102.5,649.1,1010.7,43,3,1010.6,1141,10,1010.5,1259,14,1010.4,1267,10,1010.3,1311,15,1010.8,381,8,1010.9,3650,10,1011.0,6464,27,1011.1,1195,13,1011.2,938,14
317,2025-11-26 15:07:08+05:30,1010.8,1,1002.72,8738111,383352.0,425327.0,986.2,1012.8,981.3,986.2,120594000,1084.8,887.6,1102.5,649.1,1010.7,38,1,1010.6,1072,9,1010.5,1208,13,1010.4,1267,10,1010.3,1311,15,1010.8,380,8,1010.9,3701,11,1011.0,6464,27,1011.1,1131,12,1011.2,938,14
317,2025-11-26 15:07:08+05:30,1010.8,1,1002.72,8738111,383352.0,425327.0,986.2,1012.8,981.3,986.2,120594000,1084.8,887.6,1102.5,649.1,1010.7,38,1,1010.6,1072,9,1010.5,1208,13,1010.4,1267,10,1010.3,1311,15,1010.8,380,8,1010.9,3701,11,1011.0,6464,27,1011.1,1131,12,1011.2,938,14
317,2025-11-26 15:07:09+05:30,1010.7,34,1002.72,8738199,384036.0,425975.0,986.2,1012.8,981.3,986.2,120594000,1084.8,887.6,1102.5,649.1,1010.6,1232,12,1010.5,1258,14,1010.4,1158,9,1010.3,1219,14,1010.2,3400,15,1010.7,14,1,1010.8,412,9,1010.9,3650,10,1011.0,6478,27,1011.1,1119,11
317,2025-11-26 15:07:09+05:30,1010.7,34,1002.72,8738199,384036.0,425975.0,986.2,1012.8,981.3,986.2,120594000,1084.8,887.6,1102.5,649.1,1010.6,1232,12,1010.5,1258,14,1010.4,1158,9,1010.3,1219,14,1010.2,3400,15,1010.7,14,1,1010.8,412,9,1010.9,3650,10,1011.0,6478,27,1011.1,1119,11
317,2025-11-26 15:07:10+05:30,1010.6,335,1002.72,8738199,384036.0,425975.0,986.2,1012.8,981.3,986.2,120594000,1084.8,887.6,1102.5,649.1,1010.6,1232,12,1010.5,1258,14,1010.4,1158,9,1010.3,1219,14,1010.2,3400,15,1010.7,14,1,1010.8,412,9,1010.9,3650,10,1011.0,6478,27,1011.1,1119,11
317,2025-11-26 15:07:10+05:30,1010.6,335,1002.73,8738837,385578.0,425445.0,986.2,1012.8,981.3,986.2,120594000,1084.8,887.6,1102.5,649.1,1010.6,856,13,1010.5,1071,11,1010.4,1342,11,1010.3,748,14,1010.2,4900,17,1010.7,3,1,1010.8,236,5,1010.9,4030,11,1011.0,6478,27,1011.1,1034,10
317,2025-11-26 15:07:11+05:30,1010.6,1,1002.73,8738837,385578.0,425445.0,986.2,1012.8,981.3,986.2,120594000,1084.8,887.6,1102.5,649.1,1010.6,856,13,1010.5,1071,11,1010.4,1342,11,1010.3,748,14,1010.2,4900,17,1010.7,3,1,1010.8,236,5,1010.9,4030,11,1011.0,6478,27,1011.1,1034,10
317,2025-11-26 15:07:11+05:30,1010.6,61,1002.73,8739539,382792.0,425372.0,986.2,1012.8,981.3,986.2,120594000,1084.8,887.6,1102.5,649.1,1010.6,972,11,1010.5,909,8,1010.4,1386,11,1010.3,765,16,1010.2,4165,14,1010.8,212,5,1010.9,4031,13,1011.0,6930,31,1011.1,1126,11,1011.2,665,12
317,2025-11-26 15:07:12+05:30,1010.6,61,1002.73,8739539,382792.0,425372.0,986.2,1012.8,981.3,986.2,120594000,1084.8,887.6,1102.5,649.1,1010.6,972,11,1010.5,909,8,1010.4,1386,11,1010.3,765,16,1010.2,4165,14,1010.8,212,5,1010.9,4031,13,1011.0,6930,31,1011.1,1126,11,1011.2,665,12
317,2025-11-26 15:07:12+05:30,1010.7,71,1002.73,8739620,383693.0,424599.0,986.2,1012.8,981.3,986.2,120594000,1084.8,887.6,1102.5,649.1,1010.7,679,1,1010.6,205,9,1010.5,1070,10,1010.4,1255,11,1010.3,3739,19,1010.8,203,6,1010.9,3825,10,1011.0,6693,29,1011.1,915,11,1011.2,1108,14
317,2025-11-26 15:07:13+05:30,1010.7,79,1002.73,8739620,383693.0,424599.0,986.2,1012.8,981.3,986.2,120594000,1084.8,887.6,1102.5,649.1,1010.7,679,1,1010.6,205,9,1010.5,1070,10,1010.4,1255,11,1010.3,3739,19,1010.8,203,6,1010.9,3825,10,1011.0,6693,29,1011.1,915,11,1011.2,1108,14
317,2025-11-26 15:07:14+05:30,1010.8,3,1002.73,8739724,384114.0,425151.0,986.2,1012.8,981.3,986.2,120594000,1084.8,887.6,1102.5,649.1,1010.7,667,4,1010.6,151,8,1010.5,1070,10,1010.4,1306,12,1010.3,3849,21,1010.8,384,7,1010.9,3963,12,1011.0,6838,30,1011.1,915,11,1011.2,1108,14
317,2025-11-26 15:07:14+05:30,1010.8,2,1002.73,8739724,384114.0,425151.0,986.2,1012.8,981.3,986.2,120594000,1084.8,887.6,1102.5,649.1,1010.7,667,4,1010.6,151,8,1010.5,1070,10,1010.4,1306,12,1010.3,3849,21,1010.8,384,7,1010.9,3963,12,1011.0,6838,30,1011.1,915,11,1011.2,1108,14
317,2025-11-26 15:07:15+05:30,1010.8,13,1002.73,8740082,384567.0,424499.0,986.2,1012.8,981.3,986.2,120594000,1084.8,887.6,1102.5,649.1,1010.7,667,4,1010.6,204,7,1010.5,1417,13,1010.4,1401,16,1010.3,3761,17,1010.8,117,6,1010.9,3825,10,1011.0,6626,28,1011.1,915,11,1011.2,1108,14
317,2025-11-26 15:07:15+05:30,1010.8,15,1002.73,8740082,384567.0,424499.0,986.2,1012.8,981.3,986.2,120594000,1084.8,887.6,1102.5,649.1,1010.7,667,4,1010.6,204,7,1010.5,1417,13,1010.4,1401,16,1010.3,3761,17,1010.8,117,6,1010.9,3825,10,1011.0,6626,28,1011.1,915,11,1011.2,1108,14
317,2025-11-26 15:07:16+05:30,1010.8,82,1002.73,8740444,384302.0,423789.0,986.2,1012.8,981.3,986.2,120594000,1084.8,887.6,1102.5,649.1,1010.8,409,2,1010.7,166,5,1010.6,505,11,1010.5,1643,17,1010.4,5221,22,1010.9,3825,10,1011.0,6150,24,1011.1,512,6,1011.2,760,11,1011.3,974,12
317,2025-11-26 15:07:16+05:30,1010.8,1,1002.73,8740444,384302.0,423789.0,986.2,1012.8,981.3,986.2,120594000,1084.8,887.6,1102.5,649.1,1010.8,409,2,1010.7,166,5,1010.6,505,11,1010.5,1643,17,1010.4,5221,22,1010.9,3825,10,1011.0,6150,24,1011.1,512,6,1011.2,760,11,1011.3,974,12
317,2025-11-26 15:07:17+05:30,1011.0,64,1002.74,8751149,387793.0,414829.0,986.2,1012.8,981.3,986.2,120594000,1084.8,887.6,1102.5,649.1,1010.8,2316,11,1010.7,648,11,1010.6,904,13,1010.5,1986,21,1010.4,5568,21,1010.9,2,1,1011.0,2209,22,1011.1,29,2,1011.2,170,3,1011.3,483,5
317,2025-11-26 15:07:17+05:30,1011.0,27,1002.74,8751149,387793.0,414829.0,986.2,1012.8,981.3,986.2,120594000,1084.8,887.6,1102.5,649.1,1010.8,2316,11,1010.7,648,11,1010.6,904,13,1010.5,1986,21,1010.4,5568,21,1010.9,2,1,1011.0,2209,22,1011.1,29,2,1011.2,170,3,1011.3,483,5
317,2025-11-26 15:07:18+05:30,1011.0,76,1002.74,8752111,388080.0,413084.0,986.2,1012.8,981.3,986.2,120594000,1084.8,887.6,1102.5,649.1,1010.9,750,1,1010.8,1747,12,1010.7,678,11,1010.6,1389,14,1010.5,3669,26,1011.0,1252,10,1011.1,29,2,1011.2,60,2,1011.3,317,4,1011.4,114,3
317,2025-11-26 15:07:18+05:30,1010.8,3,1002.74,8752111,388080.0,413084.0,986.2,1012.8,981.3,986.2,120594000,1084.8,887.6,1102.5,649.1,1010.9,750,1,1010.8,1747,12,1010.7,678,11,1010.6,1389,14,1010.5,3669,26,1011.0,1252,10,1011.1,29,2,1011.2,60,2,1011.3,317,4,1011.4,114,3
317,2025-11-26 15:07:19+05:30,1011.0,1,1002.74,8753526,381811.0,412873.0,986.2,1012.8,981.3,986.2,120594000,1084.8,887.6,1102.5,649.1,1010.9,946,4,1010.8,1857,10,1010.7,1257,14,1010.6,851,12,1010.5,3518,20,1011.0,846,6,1011.1,29,2,1011.2,60,2,1011.3,483,5,1011.4,383,6
317,2025-11-26 15:07:19+05:30,1011.0,1,1002.74,8753526,381811.0,412873.0,986.2,1012.8,981.3,986.2,120594000,1084.8,887.6,1102.5,649.1,1010.9,946,4,1010.8,1857,10,1010.7,1257,14,1010.6,851,12,1010.5,3518,20,1011.0,846,6,1011.1,29,2,1011.2,60,2,1011.3,483,5,1011.4,383,6
317,2025-11-26 15:07:20+05:30,1010.9,587,1002.74,8757540,379201.0,411861.0,986.2,1012.8,981.3,986.2,120594000,1084.8,887.6,1102.5,649.1,1010.9,490,1,1010.8,1644,9,1010.7,1386,16,1010.6,1264,12,1010.5,2719,17,1011.0,89,5,1011.1,29,2,1011.2,60,2,1011.3,317,4,1011.4,383,6
317,2025-11-26 15:07:20+05:30,1011.0,2,1002.74,8757540,379201.0,411861.0,986.2,1012.8,981.3,986.2,120594000,1084.8,887.6,1102.5,649.1,1010.9,490,1,1010.8,1644,9,1010.7,1386,16,1010.6,1264,12,1010.5,2719,17,1011.0,89,5,1011.1,29,2,1011.2,60,2,1011.3,317,4,1011.4,383,6
317,2025-11-26 15:07:21+05:30,1011.1,3,1002.74,8757789,379205.0,412160.0,986.2,1012.8,981.3,986.2,120594000,1084.8,887.6,1102.5,649.1,1011.0,101,3,1010.9,588,3,1010.8,1900,10,1010.7,1373,17,1010.6,1404,14,1011.1,26,2,1011.2,60,2,1011.3,244,2,1011.4,931,7,1011.5,1276,15
317,2025-11-26 15:07:21+05:30,1011.1,3,1002.74,8757789,379205.0,412160.0,986.2,1012.8,981.3,986.2,120594000,1084.8,887.6,1102.5,649.1,1011.0,101,3,1010.9,588,3,1010.8,1900,10,1010.7,1373,17,1010.6,1404,14,1011.1,26,2,1011.2,60,2,1011.3,244,2,1011.4,931,7,1011.5,1276,15
317,2025-11-26 15:07:22+05:30,1011.1,1,1002.74,8758014,378968.0,412190.0,986.2,1012.8,981.3,986.2,120594000,1084.8,887.6,1102.5,649.1,1011.0,175,3,1010.9,899,6,1010.8,1705,8,1010.7,1377,16,1010.6,890,12,1011.1,26,1,1011.2,60,2,1011.3,244,2,1011.4,845,6,1011.5,1580,15
317,2025-11-26 15:07:22+05:30,1011.1,1,1002.74,8758014,378968.0,412190.0,986.2,1012.8,981.3,986.2,120594000,1084.8,887.6,1102.5,649.1,1011.0,175,3,1010.9,899,6,1010.8,1705,8,1010.7,1377,16,1010.6,890,12,1011.1,26,1,1011.2,60,2,1011.3,244,2,1011.4,845,6,1011.5,1580,15
317,2025-11-26 15:07:23+05:30,1011.1,5,1002.74,8758080,378923.0,412389.0,986.2,1012.8,981.3,986.2,120594000,1084.8,887.6,1102.5,649.1,1011.0,189,4,1010.9,913,6,1010.8,1705,8,1010.7,1243,14,1010.6,981,13,1011.1,146,2,1011.2,60,2,1011.3,244,2,1011.4,936,7,1011.5,1580,15
317,2025-11-26 15:07:23+05:30,1011.1,5,1002.74,8758080,378923.0,412389.0,986.2,1012.8,981.3,986.2,120594000,1084.8,887.6,1102.5,649.1,1011.0,189,4,1010.9,913,6,1010.8,1705,8,1010.7,1243,14,1010.6,981,13,1011.1,146,2,1011.2,60,2,1011.3,244,2,1011.4,936,7,1011.5,1580,15
317,2025-11-26 15:07:24+05:30,1011.1,2,1002.74,8758229,377777.0,411353.0,986.2,1012.8,981.3,986.2,120594000,1084.8,887.6,1102.5,649.1,1011.1,19,2,1011.0,101,3,1010.9,1385,8,1010.8,1333,9,1010.7,1243,14,1011.2,60,2,1011.3,1,1,1011.4,285,5,1011.5,1248,14,1011.6,2129,17
317,2025-11-26 15:07:24+05:30,1011.1,2,1002.74,8758229,377777.0,411353.0,986.2,1012.8,981.3,986.2,120594000,1084.8,887.6,1102.5,649.1,1011.1,19,2,1011.0,101,3,1010.9,1385,8,1010.8,1333,9,1010.7,1243,14,1011.2,60,2,1011.3,1,1,1011.4,285,5,1011.5,1248,14,1011.6,2129,17
317,2025-11-26 15:07:25+05:30,1011.2,11,1002.74,8758297,377722.0,411116.0,986.2,1012.8,981.3,986.2,120594000,1084.8,887.6,1102.5,649.1,1011.1,15,2,1011.0,160,2,1010.9,810,8,1010.8,1389,11,1010.7,1755,14,1011.2,32,2,1011.3,1,1,1011.4,819,6,1011.5,1248,14,1011.6,2129,17
317,2025-11-26 15:07:25+05:30,1011.2,10,1002.74,8758297,377722.0,411116.0,986.2,1012.8,981.3,986.2,120594000,1084.8,887.6,1102.5,649.1,1011.1,15,2,1011.0,160,2,1010.9,810,8,1010.8,1389,11,1010.7,1755,14,1011.2,32,2,1011.3,1,1,1011.4,819,6,1011.5,1248,14,1011.6,2129,17
317,2025-11-26 15:07:26+05:30,1011.2,1,1002.74,8758331,376807.0,409285.0,986.2,1012.8,981.3,986.2,120594000,1084.8,887.6,1102.5,649.1,1011.1,246,5,1011.0,92,2,1010.9,1814,12,1010.8,628,10,1010.7,1169,11,1011.3,1,1,1011.4,61,4,1011.5,979,11,1011.6,1684,11,1011.7,1138,12
317,2025-11-26 15:07:26+05:30,1011.2,1,1002.74,8758331,376807.0,409285.0,986.2,1012.8,981.3,986.2,120594000,1084.8,887.6,1102.5,649.1,1011.1,246,5,1011.0,92,2,1010.9,1814,12,1010.8,628,10,1010.7,1169,11,1011.3,1,1,1011.4,61,4,1011.5,979,11,1011.6,1684,11,1011.7,1138,12
317,2025-11-26 15:07:27+05:30,1011.2,1,1002.74,8758331,376807.0,409285.0,986.2,1012.8,981.3,986.2,120594000,1084.8,887.6,1102.5,649.1,1011.1,246,5,1011.0,92,2,1010.9,1814,12,1010.8,628,10,1010.7,1169,11,1011.3,1,1,1011.4,61,4,1011.5,979,11,1011.6,1684,11,1011.7,1138,12
317,2025-11-26 15:07:27+05:30,1011.2,1,1002.74,8758335,377174.0,412165.0,986.2,1012.8,981.3,986.2,120594000,1084.8,887.6,1102.5,649.1,1011.1,195,6,1011.0,17,2,1010.9,1557,10,1010.8,605,10,1010.7,1169,11,1011.2,1999,1,1011.3,3,1,1011.4,438,8,1011.5,1576,17,1011.6,2272,11
317,2025-11-26 15:07:28+05:30,1011.1,27,1002.74,8758527,377185.0,412364.0,986.2,1012.8,981.3,986.2,120594000,1084.8,887.6,1102.5,649.1,1011.1,162,4,1011.0,101,3,1010.9,1557,10,1010.8,348,8,1010.7,1260,12,1011.2,2001,2,1011.4,438,8,1011.5,1576,17,1011.6,2272,11,1011.7,749,10
317,2025-11-26 15:07:28+05:30,1011.1,27,1002.74,8758527,377185.0,412364.0,986.2,1012.8,981.3,986.2,120594000,1084.8,887.6,1102.5,649.1,1011.1,162,4,1011.0,101,3,1010.9,1557,10,1010.8,348,8,1010.7,1260,12,1011.2,2001,2,1011.4,438,8,1011.5,1576,17,1011.6,2272,11,1011.7,749,10
317,2025-11-26 15:07:29+05:30,1011.2,1,1002.74,8758527,377185.0,412364.0,986.2,1012.8,981.3,986.2,120594000,1084.8,887.6,1102.5,649.1,1011.1,162,4,1011.0,101,3,1010.9,1557,10,1010.8,348,8,1010.7,1260,12,1011.2,2001,2,1011.4,438,8,1011.5,1576,17,1011.6,2272,11,1011.7,749,10
317,2025-11-26 15:07:29+05:30,1011.2,1,1002.74,8758535,377246.0,412437.0,986.2,1012.8,981.3,986.2,120594000,1084.8,887.6,1102.5,649.1,1011.1,177,4,1011.0,17,2,1010.9,1554,10,1010.8,1008,10,1010.7,1282,13,1011.2,1996,3,1011.4,521,9,1011.5,1576,17,1011.6,1745,10,1011.7,752,11
317,2025-11-26 15:07:30+05:30,1011.2,750,1002.74,8758535,377246.0,412437.0,986.2,1012.8,981.3,986.2,120594000,1084.8,887.6,1102.5,649.1,1011.1,177,4,1011.0,17,2,1010.9,1554,10,1010.8,1008,10,1010.7,1282,13,1011.2,1996,3,1011.4,521,9,1011.5,1576,17,1011.6,1745,10,1011.7,752,11
317,2025-11-26 15:07:30+05:30,1011.2,1,1002.75,8760299,376724.0,408646.0,986.2,1012.8,981.3,986.2,120594000,1084.8,887.6,1102.5,649.1,1011.1,15,2,1011.0,100,3,1010.9,1800,14,1010.8,598,10,1010.7,1208,13,1011.2,1185,6,1011.3,243,1,1011.4,280,4,1011.5,979,11,1011.6,2175,15
317,2025-11-26 15:07:31+05:30,1011.1,1,1002.75,8760299,376724.0,408646.0,986.2,1012.8,981.3,986.2,120594000,1084.8,887.6,1102.5,649.1,1011.1,15,2,1011.0,100,3,1010.9,1800,14,1010.8,598,10,1010.7,1208,13,1011.2,1185,6,1011.3,243,1,1011.4,280,4,1011.5,979,11,1011.6,2175,15
317,2025-11-26 15:07:31+05:30,1011.2,1,1002.75,8760393,376814.0,408713.0,986.2,1012.8,981.3,986.2,120594000,1084.8,887.6,1102.5,649.1,1011.1,105,2,1011.0,100,3,1010.9,1787,13,1010.8,509,9,1010.7,1297,14,1011.2,1145,9,1011.3,243,1,1011.4,285,5,1011.5,1249,14,1011.6,1801,14
317,2025-11-26 15:07:32+05:30,1011.2,1,1002.75,8760393,376814.0,408713.0,986.2,1012.8,981.3,986.2,120594000,1084.8,887.6,1102.5,649.1,1011.1,105,2,1011.0,100,3,1010.9,1787,13,1010.8,509,9,1010.7,1297,14,1011.2,1145,9,1011.3,243,1,1011.4,285,5,1011.5,1249,14,1011.6,1801,14
317,2025-11-26 15:07:32+05:30,1011.1,8,1002.75,8760412,378079.0,409130.0,986.2,1012.8,981.3,986.2,120594000,1084.8,887.6,1102.5,649.1,1011.1,97,2,1011.0,767,3,1010.9,1120,12,1010.8,522,10,1010.7,1309,15,1011.2,1142,10,1011.4,452,7,1011.5,1249,14,1011.6,2671,16,1011.7,736,10
317,2025-11-26 15:07:33+05:30,1011.2,2,1002.75,8760412,378079.0,409130.0,986.2,1012.8,981.3,986.2,120594000,1084.8,887.6,1102.5,649.1,1011.1,97,2,1011.0,767,3,1010.9,1120,12,1010.8,522,10,1010.7,1309,15,1011.2,1142,10,1011.4,452,7,1011.5,1249,14,1011.6,2671,16,1011.7,736,10
317,2025-11-26 15:07:33+05:30,1011.2,2,1002.75,8760440,378400.0,409096.0,986.2,1012.8,981.3,986.2,120594000,1084.8,887.6,1102.5,649.1,1011.1,97,2,1011.0,767,3,1010.9,1120,12,1010.8,522,10,1010.7,1323,16,1011.2,1107,8,1011.4,452,7,1011.5,1825,15,1011.6,2099,15,1011.7,733,9
317,2025-11-26 15:07:34+05:30,1011.2,3,1002.75,8760440,378400.0,409096.0,986.2,1012.8,981.3,986.2,120594000,1084.8,887.6,1102.5,649.1,1011.1,97,2,1011.0,767,3,1010.9,1120,12,1010.8,522,10,1010.7,1323,16,1011.2,1107,8,1011.4,452,7,1011.5,1825,15,1011.6,2099,15,1011.7,733,9
317,2025-11-26 15:07:34+05:30,1011.2,1,1002.75,8760455,378288.0,409364.0,986.2,1012.8,981.3,986.2,120594000,1084.8,887.6,1102.5,649.1,1011.1,111,3,1011.0,1337,7,1010.9,2034,16,1010.8,533,11,1010.7,693,13,1011.2,1103,8,1011.4,452,7,1011.5,1160,13,1011.6,2729,17,1011.7,733,9
317,2025-11-26 15:07:35+05:30,1011.1,8,1002.75,8760455,378288.0,409364.0,986.2,1012.8,981.3,986.2,120594000,1084.8,887.6,1102.5,649.1,1011.1,111,3,1011.0,1337,7,1010.9,2034,16,1010.8,533,11,1010.7,693,13,1011.2,1103,8,1011.4,452,7,1011.5,1160,13,1011.6,2729,17,1011.7,733,9
317,2025-11-26 15:07:35+05:30,1011.2,2,1002.75,8760564,380428.0,407749.0,986.2,1012.8,981.3,986.2,120594000,1084.8,887.6,1102.5,649.1,1011.1,1033,7,1011.0,895,9,1010.9,2117,17,1010.8,671,14,1010.7,3653,14,1011.2,1056,9,1011.4,119,4,1011.5,1160,13,1011.6,1801,14,1011.7,1109,11
317,2025-11-26 15:07:36+05:30,1011.2,1,1002.75,8760564,380428.0,407749.0,986.2,1012.8,981.3,986.2,120594000,1084.8,887.6,1102.5,649.1,1011.1,1033,7,1011.0,895,9,1010.9,2117,17,1010.8,671,14,1010.7,3653,14,1011.2,1056,9,1011.4,119,4,1011.5,1160,13,1011.6,1801,14,1011.7,1109,11
317,2025-11-26 15:07:36+05:30,1011.1,5,1002.75,8760582,380879.0,407860.0,986.2,1012.8,981.3,986.2,120594000,1084.8,887.6,1102.5,649.1,1011.1,942,5,1011.0,950,10,1010.9,2117,17,1010.8,1158,15,1010.7,3653,14,1011.2,1051,9,1011.4,119,4,1011.5,1160,13,1011.6,1815,15,1011.7,1109,11
317,2025-11-26 15:07:37+05:30,1011.2,1,1002.75,8760582,380879.0,407860.0,986.2,1012.8,981.3,986.2,120594000,1084.8,887.6,1102.5,649.1,1011.1,942,5,1011.0,950,10,1010.9,2117,17,1010.8,1158,15,1010.7,3653,14,1011.2,1051,9,1011.4,119,4,1011.5,1160,13,1011.6,1815,15,1011.7,1109,11
317,2025-11-26 15:07:38+05:30,1011.5,3,1002.75,8768473,379570.0,401170.0,986.2,1012.8,981.3,986.2,120594000,1084.8,887.6,1102.5,649.1,1011.5,1083,1,1011.2,5,1,1011.1,1287,8,1011.0,1598,16,1010.9,3167,26,1011.6,529,2,1011.7,399,7,1011.8,1354,14,1011.9,1813,11,1012.0,5719,65
317,2025-11-26 15:07:38+05:30,1011.6,50,1002.75,8768473,379570.0,401170.0,986.2,1012.8,981.3,986.2,120594000,1084.8,887.6,1102.5,649.1,1011.5,1083,1,1011.2,5,1,1011.1,1287,8,1011.0,1598,16,1010.9,3167,26,1011.6,529,2,1011.7,399,7,1011.8,1354,14,1011.9,1813,11,1012.0,5719,65
317,2025-11-26 15:07:39+05:30,1011.6,2,1002.75,8768525,380327.0,399690.0,986.2,1012.8,981.3,986.2,120594000,1084.8,887.6,1102.5,649.1,1011.5,1221,4,1011.4,109,2,1011.3,987,4,1011.2,422,6,1011.1,1385,15,1011.6,592,3,1011.7,13,2,1011.8,780,4,1011.9,1131,10,1012.0,5798,65
317,2025-11-26 15:07:39+05:30,1011.6,299,1002.75,8768525,380327.0,399690.0,986.2,1012.8,981.3,986.2,120594000,1084.8,887.6,1102.5,649.1,1011.5,1221,4,1011.4,109,2,1011.3,987,4,1011.2,422,6,1011.1,1385,15,1011.6,592,3,1011.7,13,2,1011.8,780,4,1011.9,1131,10,1012.0,5798,65
317,2025-11-26 15:07:40+05:30,1011.6,1,1002.75,8768932,380075.0,399815.0,986.2,1012.8,981.3,986.2,120594000,1084.8,887.6,1102.5,649.1,1011.5,1269,5,1011.4,126,4,1011.3,1353,8,1011.2,754,9,1011.1,813,15,1011.6,190,4,1011.7,13,2,1011.8,635,3,1011.9,1533,10,1012.0,6169,66
317,2025-11-26 15:07:40+05:30,1011.6,9,1002.75,8768932,380075.0,399815.0,986.2,1012.8,981.3,986.2,120594000,1084.8,887.6,1102.5,649.1,1011.5,1269,5,1011.4,126,4,1011.3,1353,8,1011.2,754,9,1011.1,813,15,1011.6,190,4,1011.7,13,2,1011.8,635,3,1011.9,1533,10,1012.0,6169,66
317,2025-11-26 15:07:41+05:30,1011.5,1,1002.76,8771518,379606.0,401590.0,986.2,1012.8,981.3,986.2,120594000,1084.8,887.6,1102.5,649.1,1011.5,1156,4,1011.4,41,3,1011.3,776,2,1011.2,671,8,1011.1,1014,17,1011.6,716,1,1011.7,93,3,1011.8,1246,8,1011.9,1634,13,1012.0,5995,66
317,2025-11-26 15:07:41+05:30,1011.5,1,1002.76,8771518,379606.0,401590.0,986.2,1012.8,981.3,986.2,120594000,1084.8,887.6,1102.5,649.1,1011.5,1156,4,1011.4,41,3,1011.3,776,2,1011.2,671,8,1011.1,1014,17,1011.6,716,1,1011.7,93,3,1011.8,1246,8,1011.9,1634,13,1012.0,5995,66
317,2025-11-26 15:07:42+05:30,1011.6,8,1002.76,8771653,379384.0,401379.0,986.2,1012.8,981.3,986.2,120594000,1084.8,887.6,1102.5,649.1,1011.5,1179,6,1011.4,41,3,1011.3,863,3,1011.2,751,9,1011.1,1554,19,1011.6,586,3,1011.7,10,1,1011.8,1206,10,1011.9,1336,12,1012.0,6008,67
317,2025-11-26 15:07:42+05:30,1011.5,1,1002.76,8771653,379384.0,401379.0,986.2,1012.8,981.3,986.2,120594000,1084.8,887.6,1102.5,649.1,1011.5,1179,6,1011.4,41,3,1011.3,863,3,1011.2,751,9,1011.1,1554,19,1011.6,586,3,1011.7,10,1,1011.8,1206,10,1011.9,1336,12,1012.0,6008,67
317,2025-11-26 15:07:43+05:30,1011.6,23,1002.76,8771738,379155.0,401312.0,986.2,1012.8,981.3,986.2,120594000,1084.8,887.6,1102.5,649.1,1011.5,1291,8,1011.4,53,4,1011.3,863,3,1011.2,836,10,1011.1,863,16,1011.6,504,3,1011.7,10,1,1011.8,1206,10,1011.9,1634,13,1012.0,6008,67
317,2025-11-26 15:07:43+05:30,1011.5,31,1002.76,8771738,379155.0,401312.0,986.2,1012.8,981.3,986.2,120594000,1084.8,887.6,1102.5,649.1,1011.5,1291,8,1011.4,53,4,1011.3,863,3,1011.2,836,10,1011.1,863,16,1011.6,504,3,1011.7,10,1,1011.8,1206,10,1011.9,1634,13,1012.0,6008,67
317,2025-11-26 15:07:44+05:30,1011.6,2,1002.76,8772053,379117.0,401837.0,986.2,1012.8,981.3,986.2,120594000,1084.8,887.6,1102.5,649.1,1011.5,1246,8,1011.4,53,4,1011.3,907,4,1011.2,877,11,1011.1,863,16,1011.6,550,4,1011.7,10,1,1011.8,1295,9,1011.9,1634,13,1012.0,6008,67
317,2025-11-26 15:07:44+05:30,1011.6,3,1002.76,8772053,379117.0,401837.0,986.2,1012.8,981.3,986.2,120594000,1084.8,887.6,1102.5,649.1,1011.5,1246,8,1011.4,53,4,1011.3,907,4,1011.2,877,11,1011.1,863,16,1011.6,550,4,1011.7,10,1,1011.8,1295,9,1011.9,1634,13,1012.0,6008,67
317,2025-11-26 15:07:45+05:30,1011.6,24,1002.76,8772854,377538.0,400273.0,986.2,1012.8,981.3,986.2,120594000,1084.8,887.6,1102.5,649.1,1011.5,1237,8,1011.4,141,5,1011.3,1249,7,1011.2,877,11,1011.1,954,17,1011.6,482,1,1011.7,10,1,1011.8,958,6,1011.9,1153,10,1012.0,6093,68
317,2025-11-26 15:07:45+05:30,1011.6,24,1002.76,8772854,377538.0,400273.0,986.2,1012.8,981.3,986.2,120594000,1084.8,887.6,1102.5,649.1,1011.5,1237,8,1011.4,141,5,1011.3,1249,7,1011.2,877,11,1011.1,954,17,1011.6,482,1,1011.7,10,1,1011.8,958,6,1011.9,1153,10,1012.0,6093,68
317,2025-11-26 15:07:46+05:30,1011.5,1,1002.76,8772874,378061.0,401137.0,986.2,1012.8,981.3,986.2,120594000,1084.8,887.6,1102.5,649.1,1011.5,1248,9,1011.4,109,5,1011.3,1180,8,1011.2,792,10,1011.1,942,16,1011.6,466,4,1011.7,52,2,1011.8,910,5,1011.9,1549,12,1012.0,6093,68
317,2025-11-26 15:07:46+05:30,1011.5,1,1002.76,8772874,378061.0,401137.0,986.2,1012.8,981.3,986.2,120594000,1084.8,887.6,1102.5,649.1,1011.5,1248,9,1011.4,109,5,1011.3,1180,8,1011.2,792,10,1011.1,942,16,1011.6,466,4,1011.7,52,2,1011.8,910,5,1011.9,1549,12,1012.0,6093,68
317,2025-11-26 15:07:47+05:30,1011.6,100,1002.76,8772977,377613.0,400982.0,986.2,1012.8,981.3,986.2,120594000,1084.8,887.6,1102.5,649.1,1011.5,1248,9,1011.4,197,6,1011.3,1261,8,1011.2,908,12,1011.1,919,15,1011.6,363,4,1011.7,52,2,1011.8,744,4,1011.9,1251,11,1012.0,6365,67
317,2025-11-26 15:07:47+05:30,1011.6,100,1002.76,8772977,377613.0,400982.0,986.2,1012.8,981.3,986.2,120594000,1084.8,887.6,1102.5,649.1,1011.5,1248,9,1011.4,197,6,1011.3,1261,8,1011.2,908,12,1011.1,919,15,1011.6,363,4,1011.7,52,2,1011.8,744,4,1011.9,1251,11,1012.0,6365,67
317,2025-11-26 15:07:48+05:30,1011.6,2,1002.76,8772977,377613.0,400982.0,986.2,1012.8,981.3,986.2,120594000,1084.8,887.6,1102.5,649.1,1011.5,1248,9,1011.4,197,6,1011.3,1261,8,1011.2,908,12,1011.1,919,15,1011.6,363,4,1011.7,52,2,1011.8,744,4,1011.9,1251,11,1012.0,6365,67
317,2025-11-26 15:07:48+05:30,1011.6,2,1002.76,8772979,377613.0,401201.0,986.2,1012.8,981.3,986.2,120594000,1084.8,887.6,1102.5,649.1,1011.5,1248,9,1011.4,197,6,1011.3,1261,8,1011.2,908,12,1011.1,919,15,1011.6,361,4,1011.7,52,2,1011.8,744,4,1011.9,1251,11,1012.0,6280,66
317,2025-11-26 15:07:49+05:30,1011.6,2,1002.76,8772979,377613.0,401201.0,986.2,1012.8,981.3,986.2,120594000,1084.8,887.6,1102.5,649.1,1011.5,1248,9,1011.4,197,6,1011.3,1261,8,1011.2,908,12,1011.1,919,15,1011.6,361,4,1011.7,52,2,1011.8,744,4,1011.9,1251,11,1012.0,6280,66
317,2025-11-26 15:07:49+05:30,1011.6,1,1002.76,8772982,378017.0,401320.0,986.2,1012.8,981.3,986.2,120594000,1084.8,887.6,1102.5,649.1,1011.5,1338,10,1011.4,708,9,1011.3,1931,13,1011.2,914,12,1011.1,919,15,1011.6,364,5,1011.7,52,2,1011.8,744,4,1011.9,1251,11,1012.0,6280,66
317,2025-11-26 15:07:50+05:30,1011.5,811,1002.76,8772982,378017.0,401320.0,986.2,1012.8,981.3,986.2,120594000,1084.8,887.6,1102.5,649.1,1011.5,1338,10,1011.4,708,9,1011.3,1931,13,1011.2,914,12,1011.1,919,15,1011.6,364,5,1011.7,52,2,1011.8,744,4,1011.9,1251,11,1012.0,6280,66
317,2025-11-26 15:07:50+05:30,1011.5,811,1002.76,8773850,376764.0,401163.0,986.2,1012.8,981.3,986.2,120594000,1084.8,887.6,1102.5,649.1,1011.5,510,11,1011.4,912,10,1011.3,2089,13,1011.2,914,12,1011.1,919,15,1011.6,308,5,1011.7,52,2,1011.8,925,6,1011.9,1549,12,1012.0,6982,66
317,2025-11-26 15:07:51+05:30,1011.5,1,1002.76,8773850,376764.0,401163.0,986.2,1012.8,981.3,986.2,120594000,1084.8,887.6,1102.5,649.1,1011.5,510,11,1011.4,912,10,1011.3,2089,13,1011.2,914,12,1011.1,919,15,1011.6,308,5,1011.7,52,2,1011.8,925,6,1011.9,1549,12,1012.0,6982,66
317,2025-11-26 15:07:51+05:30,1011.5,1,1002.76,8774142,377301.0,400624.0,986.2,1012.8,981.3,986.2,120594000,1084.8,887.6,1102.5,649.1,1011.5,760,14,1011.4,1762,13,1011.3,1420,12,1011.2,883,11,1011.1,919,15,1011.6,17,5,1011.7,52,2,1011.8,754,4,1011.9,840,7,1012.0,6644,63
317,2025-11-26 15:07:52+05:30,1011.6,4,1002.76,8774142,377301.0,400624.0,986.2,1012.8,981.3,986.2,120594000,1084.8,887.6,1102.5,649.1,1011.5,760,14,1011.4,1762,13,1011.3,1420,12,1011.2,883,11,1011.1,919,15,1011.6,17,5,1011.7,52,2,1011.8,754,4,1011.9,840,7,1012.0,6644,63
317,2025-11-26 15:07:52+05:30,1011.6,4,1002.76,8775768,376961.0,399543.0,986.2,1012.8,981.3,986.2,120594000,1084.8,887.6,1102.5,649.1,1011.5,747,15,1011.4,930,11,1011.3,2252,14,1011.2,922,12,1011.1,906,14,1011.6,408,3,1011.7,52,2,1011.8,754,4,1011.9,845,8,1012.0,7081,67
317,2025-11-26 15:07:53+05:30,1011.6,2,1002.76,8775768,376961.0,399543.0,986.2,1012.8,981.3,986.2,120594000,1084.8,887.6,1102.5,649.1,1011.5,747,15,1011.4,930,11,1011.3,2252,14,1011.2,922,12,1011.1,906,14,1011.6,408,3,1011.7,52,2,1011.8,754,4,1011.9,845,8,1012.0,7081,67
317,2025-11-26 15:07:53+05:30,1011.6,2,1002.76,8775883,376571.0,400344.0,986.2,1012.8,981.3,986.2,120594000,1084.8,887.6,1102.5,649.1,1011.5,775,16,1011.4,930,11,1011.3,2060,12,1011.2,946,13,1011.1,906,14,1011.6,351,6,1011.7,52,2,1011.8,754,4,1011.9,845,8,1012.0,6783,66
317,2025-11-26 15:07:54+05:30,1011.6,3,1002.76,8775883,376571.0,400344.0,986.2,1012.8,981.3,986.2,120594000,1084.8,887.6,1102.5,649.1,1011.5,775,16,1011.4,930,11,1011.3,2060,12,1011.2,946,13,1011.1,906,14,1011.6,351,6,1011.7,52,2,1011.8,754,4,1011.9,845,8,1012.0,6783,66
317,2025-11-26 15:07:54+05:30,1011.6,3,1002.76,8775887,377035.0,399656.0,986.2,1012.8,981.3,986.2,120594000,1084.8,887.6,1102.5,649.1,1011.5,775,16,1011.4,1680,12,1011.3,1476,12,1011.2,946,13,1011.1,906,14,1011.6,362,7,1011.7,52,2,1011.8,754,4,1011.9,840,7,1012.0,7070,66
317,2025-11-26 15:07:55+05:30,1011.6,6,1002.76,8775887,377035.0,399656.0,986.2,1012.8,981.3,986.2,120594000,1084.8,887.6,1102.5,649.1,1011.5,775,16,1011.4,1680,12,1011.3,1476,12,1011.2,946,13,1011.1,906,14,1011.6,362,7,1011.7,52,2,1011.8,754,4,1011.9,840,7,1012.0,7070,66
317,2025-11-26 15:07:55+05:30,1011.6,6,1002.76,8776040,376484.0,399572.0,986.2,1012.8,981.3,986.2,120594000,1084.8,887.6,1102.5,649.1,1011.5,571,15,1011.4,1673,12,1011.3,1476,12,1011.2,932,12,1011.1,830,14,1011.6,268,8,1011.7,52,2,1011.8,754,4,1011.9,845,8,1012.0,7055,65
317,2025-11-26 15:07:56+05:30,1011.6,10,1002.76,8776040,376484.0,399572.0,986.2,1012.8,981.3,986.2,120594000,1084.8,887.6,1102.5,649.1,1011.5,571,15,1011.4,1673,12,1011.3,1476,12,1011.2,932,12,1011.1,830,14,1011.6,268,8,1011.7,52,2,1011.8,754,4,1011.9,845,8,1012.0,7055,65
317,2025-11-26 15:07:56+05:30,1011.6,10,1002.76,8776069,377046.0,399639.0,986.2,1012.8,981.3,986.2,120594000,1084.8,887.6,1102.5,649.1,1011.5,555,15,1011.4,1656,10,1011.3,1486,14,1011.2,932,12,1011.1,830,14,1011.6,250,7,1011.7,52,2,1011.8,894,5,1011.9,845,8,1012.0,7055,65
317,2025-11-26 15:07:57+05:30,1011.6,3,1002.76,8776069,377046.0,399639.0,986.2,1012.8,981.3,986.2,120594000,1084.8,887.6,1102.5,649.1,1011.5,555,15,1011.4,1656,10,1011.3,1486,14,1011.2,932,12,1011.1,830,14,1011.6,250,7,1011.7,52,2,1011.8,894,5,1011.9,845,8,1012.0,7055,65
317,2025-11-26 15:07:57+05:30,1011.5,71,1002.76,8776143,376291.0,399439.0,986.2,1012.8,981.3,986.2,120594000,1084.8,887.6,1102.5,649.1,1011.5,381,13,1011.4,1575,11,1011.3,1404,13,1011.2,1014,13,1011.1,804,12,1011.6,244,7,1011.7,52,2,1011.8,894,5,1011.9,943,9,1012.0,7070,66
317,2025-11-26 15:07:58+05:30,1011.5,1,1002.76,8776143,376291.0,399439.0,986.2,1012.8,981.3,986.2,120594000,1084.8,887.6,1102.5,649.1,1011.5,381,13,1011.4,1575,11,1011.3,1404,13,1011.2,1014,13,1011.1,804,12,1011.6,244,7,1011.7,52,2,1011.8,894,5,1011.9,943,9,1012.0,7070,66
317,2025-11-26 15:07:58+05:30,1011.6,3,1002.76,8776167,373685.0,400975.0,986.2,1012.8,981.3,986.2,120594000,1084.8,887.6,1102.5,649.1,1011.5,455,13,1011.4,1582,12,1011.3,1238,12,1011.2,932,12,1011.1,871,12,1011.6,671,9,1011.7,52,2,1011.8,1142,7,1011.9,1405,12,1012.0,6798,67
317,2025-11-26 15:07:59+05:30,1011.6,1,1002.76,8776167,373685.0,400975.0,986.2,1012.8,981.3,986.2,120594000,1084.8,887.6,1102.5,649.1,1011.5,455,13,1011.4,1582,12,1011.3,1238,12,1011.2,932,12,1011.1,871,12,1011.6,671,9,1011.7,52,2,1011.8,1142,7,1011.9,1405,12,1012.0,6798,67
317,2025-11-26 15:07:59+05:30,1011.6,1,1002.76,8776171,374008.0,400734.0,986.2,1012.8,981.3,986.2,120594000,1084.8,887.6,1102.5,649.1,1011.5,623,15,1011.4,1582,12,1011.3,1238,12,1011.2,947,13,1011.1,871,12,1011.6,662,8,1011.7,52,2,1011.8,1060,6,1011.9,1487,13,1012.0,6798,67
317,2025-11-26 15:08:00+05:30,1011.6,46,1002.76,8776171,374008.0,400734.0,986.2,1012.8,981.3,986.2,120594000,1084.8,887.6,1102.5,649.1,1011.5,623,15,1011.4,1582,12,1011.3,1238,12,1011.2,947,13,1011.1,871,12,1011.6,662,8,1011.7,52,2,1011.8,1060,6,1011.9,1487,13,1012.0,6798,67
317,2025-11-26 15:08:01+05:30,1011.6,9,1002.76,8777940,373679.0,399418.0,986.2,1012.8,981.3,986.2,120594000,1084.8,887.6,1102.5,649.1,1011.6,292,5,1011.5,1037,9,1011.4,744,10,1011.3,2258,16,1011.2,1028,12,1011.7,52,2,1011.8,865,5,1011.9,927,9,1012.0,7057,65,1012.1,1227,13
317,2025-11-26 15:08:01+05:30,1011.6,23,1002.76,8777940,373679.0,399418.0,986.2,1012.8,981.3,986.2,120594000,1084.8,887.6,1102.5,649.1,1011.6,292,5,1011.5,1037,9,1011.4,744,10,1011.3,2258,16,1011.2,1028,12,1011.7,52,2,1011.8,865,5,1011.9,927,9,1012.0,7057,65,1012.1,1227,13
317,2025-11-26 15:08:02+05:30,1011.7,45,1002.76,8778604,373553.0,399680.0,986.2,1012.8,981.3,986.2,120594000,1084.8,887.6,1102.5,649.1,1011.6,55,3,1011.5,843,10,1011.4,656,9,1011.3,1950,13,1011.2,1079,12,1011.7,42,1,1011.8,785,4,1011.9,1734,14,1012.0,6994,66,1012.1,1212,12
317,2025-11-26 15:08:02+05:30,1011.8,4,1002.76,8778604,373553.0,399680.0,986.2,1012.8,981.3,986.2,120594000,1084.8,887.6,1102.5,649.1,1011.6,55,3,1011.5,843,10,1011.4,656,9,1011.3,1950,13,1011.2,1079,12,1011.7,42,1,1011.8,785,4,1011.9,1734,14,1012.0,6994,66,1012.1,1212,12
317,2025-11-26 15:08:03+05:30,1011.8,4,1002.76,8778772,374324.0,399732.0,986.2,1012.8,981.3,986.2,120594000,1084.8,887.6,1102.5,649.1,1011.6,368,5,1011.5,787,10,1011.4,699,9,1011.3,2193,14,1011.2,1079,12,1011.8,714,4,1011.9,1654,13,1012.0,7372,68,1012.1,1226,13,1012.2,970,14
317,2025-11-26 15:08:03+05:30,1011.6,3,1002.76,8778772,374324.0,399732.0,986.2,1012.8,981.3,986.2,120594000,1084.8,887.6,1102.5,649.1,1011.6,368,5,1011.5,787,10,1011.4,699,9,1011.3,2193,14,1011.2,1079,12,1011.8,714,4,1011.9,1654,13,1012.0,7372,68,1012.1,1226,13,1012.2,970,14
317,2025-11-26 15:08:04+05:30,1011.6,3,1002.76,8778798,375713.0,399714.0,986.2,1012.8,981.3,986.2,120594000,1084.8,887.6,1102.5,649.1,1011.6,1129,8,1011.5,866,11,1011.4,962,12,1011.3,1632,16,1011.2,3420,17,1011.8,694,5,1011.9,1000,10,1012.0,6994,66,1012.1,1524,14,1012.2,970,14
317,2025-11-26 15:08:04+05:30,1011.8,1,1002.76,8778798,375713.0,399714.0,986.2,1012.8,981.3,986.2,120594000,1084.8,887.6,1102.5,649.1,1011.6,1129,8,1011.5,866,11,1011.4,962,12,1011.3,1632,16,1011.2,3420,17,1011.8,694,5,1011.9,1000,10,1012.0,6994,66,1012.1,1524,14,1012.2,970,14
317,2025-11-26 15:08:05+05:30,1011.8,1,1002.76,8779015,375939.0,399306.0,986.2,1012.8,981.3,986.2,120594000,1084.8,887.6,1102.5,649.1,1011.6,1252,10,1011.5,1550,14,1011.4,1325,15,1011.3,1106,14,1011.2,3144,15,1011.8,478,6,1011.9,728,8,1012.0,6763,64,1012.1,1430,12,1012.2,1050,15
317,2025-11-26 15:08:05+05:30,1011.8,2,1002.76,8779015,375939.0,399306.0,986.2,1012.8,981.3,986.2,120594000,1084.8,887.6,1102.5,649.1,1011.6,1252,10,1011.5,1550,14,1011.4,1325,15,1011.3,1106,14,1011.2,3144,15,1011.8,478,6,1011.9,728,8,1012.0,6763,64,1012.1,1430,12,1012.2,1050,15
317,2025-11-26 15:08:06+05:30,1011.8,1,1002.76,8779508,379923.0,398450.0,986.2,1012.8,981.3,986.2,120594000,1084.8,887.6,1102.5,649.1,1011.7,750,1,1011.6,597,11,1011.5,1871,18,1011.4,1548,16,1011.3,2681,16,1011.8,135,1,1011.9,612,6,1012.0,6574,62,1012.1,1043,10,1012.2,1205,10
317,2025-11-26 15:08:06+05:30,1011.8,1,1002.76,8779508,379923.0,398450.0,986.2,1012.8,981.3,986.2,120594000,1084.8,887.6,1102.5,649.1,1011.7,750,1,1011.6,597,11,1011.5,1871,18,1011.4,1548,16,1011.3,2681,16,1011.8,135,1,1011.9,612,6,1012.0,6574,62,1012.1,1043,10,1012.2,1205,10
317,2025-11-26 15:08:07+05:30,1011.8,1,1002.76,8779514,381774.0,398643.0,986.2,1012.8,981.3,986.2,120594000,1084.8,887.6,1102.5,649.1,1011.7,1019,6,1011.6,499,9,1011.5,1716,16,1011.4,1514,14,1011.3,3431,17,1011.8,134,2,1011.9,612,6,1012.0,6404,61,1012.1,1141,11,1012.2,1205,10
317,2025-11-26 15:08:07+05:30,1011.8,1,1002.76,8779514,381774.0,398643.0,986.2,1012.8,981.3,986.2,120594000,1084.8,887.6,1102.5,649.1,1011.7,1019,6,1011.6,499,9,1011.5,1716,16,1011.4,1514,14,1011.3,3431,17,1011.8,134,2,1011.9,612,6,1012.0,6404,61,1012.1,1141,11,1012.2,1205,10
317,2025-11-26 15:08:08+05:30,1011.8,3,1002.77,8780272,380656.0,398571.0,986.2,1012.8,981.3,986.2,120594000,1084.8,887.6,1102.5,649.1,1011.8,1,1,1011.7,1044,7,1011.6,322,7,1011.5,1747,18,1011.4,1706,16,1011.9,612,6,1012.0,6290,60,1012.1,1013,10,1012.2,817,7,1012.3,681,12
317,2025-11-26 15:08:08+05:30,1011.9,17,1002.77,8780272,380656.0,398571.0,986.2,1012.8,981.3,986.2,120594000,1084.8,887.6,1102.5,649.1,1011.8,1,1,1011.7,1044,7,1011.6,322,7,1011.5,1747,18,1011.4,1706,16,1011.9,612,6,1012.0,6290,60,1012.1,1013,10,1012.2,817,7,1012.3,681,12
317,2025-11-26 15:08:09+05:30,1011.9,2,1002.77,8780354,380915.0,398078.0,986.2,1012.8,981.3,986.2,120594000,1084.8,887.6,1102.5,649.1,1011.8,43,5,1011.7,1115,8,1011.6,644,10,1011.5,1770,18,1011.4,1694,15,1011.9,530,2,1012.0,6317,61,1012.1,790,8,1012.2,394,5,1012.3,681,12
317,2025-11-26 15:08:09+05:30,1011.8,3,1002.77,8780354,380915.0,398078.0,986.2,1012.8,981.3,986.2,120594000,1084.8,887.6,1102.5,649.1,1011.8,43,5,1011.7,1115,8,1011.6,644,10,1011.5,1770,18,1011.4,1694,15,1011.9,530,2,1012.0,6317,61,1012.1,790,8,1012.2,394,5,1012.3,681,12
317,2025-11-26 15:08:10+05:30,1011.9,10,1002.77,8780370,380958.0,398124.0,986.2,1012.8,981.3,986.2,120594000,1084.8,887.6,1102.5,649.1,1011.8,152,6,1011.7,1115,8,1011.6,644,10,1011.5,1743,17,1011.4,1694,15,1011.9,520,3,1012.0,6317,61,1012.1,782,7,1012.2,692,6,1012.3,681,12
317,2025-11-26 15:08:10+05:30,1011.8,28,1002.77,8780370,380958.0,398124.0,986.2,1012.8,981.3,986.2,120594000,1084.8,887.6,1102.5,649.1,1011.8,152,6,1011.7,1115,8,1011.6,644,10,1011.5,1743,17,1011.4,1694,15,1011.9,520,3,1012.0,6317,61,1012.1,782,7,1012.2,692,6,1012.3,681,12
317,2025-11-26 15:08:11+05:30,1011.9,2,1002.77,8781211,380611.0,398475.0,986.2,1012.8,981.3,986.2,120594000,1084.8,887.6,1102.5,649.1,1011.8,161,6,1011.7,1050,8,1011.6,540,9,1011.5,1683,17,1011.4,1702,15,1011.9,520,4,1012.0,6317,61,1012.1,803,7,1012.2,934,7,1012.3,681,12
317,2025-11-26 15:08:11+05:30,1011.9,1,1002.77,8781211,380611.0,398475.0,986.2,1012.8,981.3,986.2,120594000,1084.8,887.6,1102.5,649.1,1011.8,161,6,1011.7,1050,8,1011.6,540,9,1011.5,1683,17,1011.4,1702,15,1011.9,520,4,1012.0,6317,61,1012.1,803,7,1012.2,934,7,1012.3,681,12
317,2025-11-26 15:08:12+05:30,1011.9,2,1002.77,8782216,380200.0,398413.0,986.2,1012.8,981.3,986.2,120594000,1084.8,887.6,1102.5,649.1,1011.7,506,8,1011.6,546,8,1011.5,1729,18,1011.4,1702,15,1011.3,2612,13,1011.9,516,4,1012.0,6487,62,1012.1,1192,9,1012.2,797,10,1012.3,633,9
317,2025-11-26 15:08:12+05:30,1011.9,4,1002.77,8782216,380200.0,398413.0,986.2,1012.8,981.3,986.2,120594000,1084.8,887.6,1102.5,649.1,1011.7,506,8,1011.6,546,8,1011.5,1729,18,1011.4,1702,15,1011.3,2612,13,1011.9,516,4,1012.0,6487,62,1012.1,1192,9,1012.2,797,10,1012.3,633,9
317,2025-11-26 15:08:13+05:30,1011.7,3,1002.77,8782362,380127.0,398935.0,986.2,1012.8,981.3,986.2,120594000,1084.8,887.6,1102.5,649.1,1011.7,581,9,1011.6,317,6,1011.5,1625,16,1011.4,1760,15,1011.3,2667,15,1011.9,565,8,1012.0,6607,64,1012.1,1381,12,1012.2,940,11,1012.3,633,9
317,2025-11-26 15:08:13+05:30,1011.7,78,1002.77,8782362,380127.0,398935.0,986.2,1012.8,981.3,986.2,120594000,1084.8,887.6,1102.5,649.1,1011.7,581,9,1011.6,317,6,1011.5,1625,16,1011.4,1760,15,1011.3,2667,15,1011.9,565,8,1012.0,6607,64,1012.1,1381,12,1012.2,940,11,1012.3,633,9
317,2025-11-26 15:08:14+05:30,1011.9,3,1002.77,8782443,380016.0,399059.0,986.2,1012.8,981.3,986.2,120594000,1084.8,887.6,1102.5,649.1,1011.7,425,8,1011.6,316,6,1011.5,1467,15,1011.4,1760,15,1011.3,2667,15,1011.9,562,8,1012.0,6715,65,1012.1,1551,13,1012.2,1050,12,1012.3,633,9
317,2025-11-26 15:08:14+05:30,1011.7,3,1002.77,8782443,380016.0,399059.0,986.2,1012.8,981.3,986.2,120594000,1084.8,887.6,1102.5,649.1,1011.7,425,8,1011.6,316,6,1011.5,1467,15,1011.4,1760,15,1011.3,2667,15,1011.9,562,8,1012.0,6715,65,1012.1,1551,13,1012.2,1050,12,1012.3,633,9
317,2025-11-26 15:08:15+05:30,1011.7,3,1002.77,8782452,379600.0,399051.0,986.2,1012.8,981.3,986.2,120594000,1084.8,887.6,1102.5,649.1,1011.7,497,9,1011.6,316,6,1011.5,1557,16,1011.4,1586,13,1011.3,2565,13,1011.9,554,7,1012.0,6715,65,1012.1,1461,12,1012.2,1140,13,1012.3,633,9
317,2025-11-26 15:08:15+05:30,1011.7,35,1002.77,8782452,379600.0,399051.0,986.2,1012.8,981.3,986.2,120594000,1084.8,887.6,1102.5,649.1,1011.7,497,9,1011.6,316,6,1011.5,1557,16,1011.4,1586,13,1011.3,2565,13,1011.9,554,7,1012.0,6715,65,1012.1,1461,12,1012.2,1140,13,1012.3,633,9
317,2025-11-26 15:08:16+05:30,1011.9,2,1002.77,8782528,379402.0,399039.0,986.2,1012.8,981.3,986.2,120594000,1084.8,887.6,1102.5,649.1,1011.7,374,7,1011.6,232,3,1011.5,1467,15,1011.4,1684,16,1011.3,2583,15,1011.9,522,7,1012.0,6715,65,1012.1,1551,13,1012.2,1050,12,1012.3,633,9
317,2025-11-26 15:08:16+05:30,1011.7,11,1002.77,8782528,379402.0,399039.0,986.2,1012.8,981.3,986.2,120594000,1084.8,887.6,1102.5,649.1,1011.7,374,7,1011.6,232,3,1011.5,1467,15,1011.4,1684,16,1011.3,2583,15,1011.9,522,7,1012.0,6715,65,1012.1,1551,13,1012.2,1050,12,1012.3,633,9
317,2025-11-26 15:08:17+05:30,1011.9,4,1002.77,8782647,380276.0,400504.0,986.2,1012.8,981.3,986.2,120594000,1084.8,887.6,1102.5,649.1,1011.7,1024,8,1011.6,232,3,1011.5,1243,12,1011.4,1656,19,1011.3,2659,15,1011.9,837,11,1012.0,6792,67,1012.1,1565,14,1012.2,1140,13,1012.3,620,8
317,2025-11-26 15:08:17+05:30,1011.9,100,1002.77,8782647,380276.0,400504.0,986.2,1012.8,981.3,986.2,120594000,1084.8,887.6,1102.5,649.1,1011.7,1024,8,1011.6,232,3,1011.5,1243,12,1011.4,1656,19,1011.3,2659,15,1011.9,837,11,1012.0,6792,67,1012.1,1565,14,1012.2,1140,13,1012.3,620,8
317,2025-11-26 15:08:18+05:30,1011.7,8,1002.77,8782826,380388.0,400109.0,986.2,1012.8,981.3,986.2,120594000,1084.8,887.6,1102.5,649.1,1011.7,1032,10,1011.6,263,6,1011.5,1488,15,1011.4,1572,16,1011.3,2579,14,1011.9,585,8,1012.0,6632,66,1012.1,1456,12,1012.2,1166,15,1012.3,684,7
317,2025-11-26 15:08:18+05:30,1011.8,15,1002.77,8782826,380388.0,400109.0,986.2,1012.8,981.3,986.2,120594000,1084.8,887.6,1102.5,649.1,1011.7,1032,10,1011.6,263,6,1011.5,1488,15,1011.4,1572,16,1011.3,2579,14,1011.9,585,8,1012.0,6632,66,1012.1,1456,12,1012.2,1166,15,1012.3,684,7
317,2025-11-26 15:08:19+05:30,1011.9,2,1002.77,8782843,380265.0,400313.0,986.2,1012.8,981.3,986.2,120594000,1084.8,887.6,1102.5,649.1,1011.8,5,1,1011.7,1033,11,1011.6,349,8,1011.5,1399,15,1011.4,1563,12,1011.9,648,8,1012.0,6882,69,1012.1,1456,12,1012.2,1076,14,1012.3,594,6
317,2025-11-26 15:08:19+05:30,1011.7,27,1002.77,8782843,380265.0,400313.0,986.2,1012.8,981.3,986.2,120594000,1084.8,887.6,1102.5,649.1,1011.8,5,1,1011.7,1033,11,1011.6,349,8,1011.5,1399,15,1011.4,1563,12,1011.9,648,8,1012.0,6882,69,1012.1,1456,12,1012.2,1076,14,1012.3,594,6
317,2025-11-26 15:08:20+05:30,1011.7,27,1002.77,8782975,380155.0,400409.0,986.2,1012.8,981.3,986.2,120594000,1084.8,887.6,1102.5,649.1,1011.8,102,1,1011.7,1098,12,1011.6,901,11,1011.5,1465,14,1011.4,949,13,1011.9,760,11,1012.0,6890,69,1012.1,1636,14,1012.2,1076,14,1012.3,594,6
317,2025-11-26 15:08:20+05:30,1011.7,27,1002.77,8782975,380155.0,400409.0,986.2,1012.8,981.3,986.2,120594000,1084.8,887.6,1102.5,649.1,1011.8,102,1,1011.7,1098,12,1011.6,901,11,1011.5,1465,14,1011.4,949,13,1011.9,760,11,1012.0,6890,69,1012.1,1636,14,1012.2,1076,14,1012.3,594,6
317,2025-11-26 15:08:20+05:30,1011.8,2,1002.77,8782975,380155.0,400409.0,986.2,1012.8,981.3,986.2,120594000,1084.8,887.6,1102.5,649.1,1011.8,102,1,1011.7,1098,12,1011.6,901,11,1011.5,1465,14,1011.4,949,13,1011.9,760,11,1012.0,6890,69,1012.1,1636,14,1012.2,1076,14,1012.3,594,6
317,2025-11-26 15:08:21+05:30,1011.8,1,1002.77,8783239,381437.0,400117.0,986.2,1012.8,981.3,986.2,120594000,1084.8,887.6,1102.5,649.1,1011.7,1004,9,1011.6,932,12,1011.5,1685,15,1011.4,1044,11,1011.3,3204,16,1011.8,50,1,1011.9,552,9,1012.0,6850,68,1012.1,1546,13,1012.2,1146,14
317,2025-11-26 15:08:21+05:30,1011.8,1,1002.77,8783239,381437.0,400117.0,986.2,1012.8,981.3,986.2,120594000,1084.8,887.6,1102.5,649.1,1011.7,1004,9,1011.6,932,12,1011.5,1685,15,1011.4,1044,11,1011.3,3204,16,1011.8,50,1,1011.9,552,9,1012.0,6850,68,1012.1,1546,13,1012.2,1146,14
317,2025-11-26 15:08:21+05:30,1011.7,1,1002.77,8783239,381437.0,400117.0,986.2,1012.8,981.3,986.2,120594000,1084.8,887.6,1102.5,649.1,1011.7,1004,9,1011.6,932,12,1011.5,1685,15,1011.4,1044,11,1011.3,3204,16,1011.8,50,1,1011.9,552,9,1012.0,6850,68,1012.1,1546,13,1012.2,1146,14
317,2025-11-26 15:08:22+05:30,1011.7,1,1002.77,8783239,381437.0,400117.0,986.2,1012.8,981.3,986.2,120594000,1084.8,887.6,1102.5,649.1,1011.7,1004,9,1011.6,932,12,1011.5,1685,15,1011.4,1044,11,1011.3,3204,16,1011.8,50,1,1011.9,552,9,1012.0,6850,68,1012.1,1546,13,1012.2,1146,14
317,2025-11-26 15:08:22+05:30,1011.8,1,1002.77,8783241,381456.0,399935.0,986.2,1012.8,981.3,986.2,120594000,1084.8,887.6,1102.5,649.1,1011.7,1131,10,1011.6,754,11,1011.5,1723,15,1011.4,1127,12,1011.3,3114,15,1011.8,58,2,1011.9,363,5,1012.0,6850,68,1012.1,1248,12,1012.2,1348,13
317,2025-11-26 15:08:22+05:30,1011.8,1,1002.77,8783241,381456.0,399935.0,986.2,1012.8,981.3,986.2,120594000,1084.8,887.6,1102.5,649.1,1011.7,1131,10,1011.6,754,11,1011.5,1723,15,1011.4,1127,12,1011.3,3114,15,1011.8,58,2,1011.9,363,5,1012.0,6850,68,1012.1,1248,12,1012.2,1348,13
317,2025-11-26 15:08:22+05:30,1011.8,4,1002.77,8783241,381456.0,399935.0,986.2,1012.8,981.3,986.2,120594000,1084.8,887.6,1102.5,649.1,1011.7,1131,10,1011.6,754,11,1011.5,1723,15,1011.4,1127,12,1011.3,3114,15,1011.8,58,2,1011.9,363,5,1012.0,6850,68,1012.1,1248,12,1012.2,1348,13
317,2025-11-26 15:08:23+05:30,1011.8,4,1002.77,8783241,381456.0,399935.0,986.2,1012.8,981.3,986.2,120594000,1084.8,887.6,1102.5,649.1,1011.7,1131,10,1011.6,754,11,1011.5,1723,15,1011.4,1127,12,1011.3,3114,15,1011.8,58,2,1011.9,363,5,1012.0,6850,68,1012.1,1248,12,1012.2,1348,13
317,2025-11-26 15:08:23+05:30,1011.8,23,1002.77,8783280,381250.0,400223.0,986.2,1012.8,981.3,986.2,120594000,1084.8,887.6,1102.5,649.1,1011.7,1124,10,1011.6,687,10,1011.5,1638,14,1011.4,984,11,1011.3,3113,15,1011.8,129,5,1011.9,513,6,1012.0,6993,69,1012.1,1546,13,1012.2,1063,13
317,2025-11-26 15:08:23+05:30,1011.8,23,1002.77,8783280,381250.0,400223.0,986.2,1012.8,981.3,986.2,120594000,1084.8,887.6,1102.5,649.1,1011.7,1124,10,1011.6,687,10,1011.5,1638,14,1011.4,984,11,1011.3,3113,15,1011.8,129,5,1011.9,513,6,1012.0,6993,69,1012.1,1546,13,1012.2,1063,13
317,2025-11-26 15:08:23+05:30,1011.7,155,1002.77,8783280,381250.0,400223.0,986.2,1012.8,981.3,986.2,120594000,1084.8,887.6,1102.5,649.1,1011.7,1124,10,1011.6,687,10,1011.5,1638,14,1011.4,984,11,1011.3,3113,15,1011.8,129,5,1011.9,513,6,1012.0,6993,69,1012.1,1546,13,1012.2,1063,13
317,2025-11-26 15:08:23+05:30,1011.7,155,1002.77,8783280,381250.0,400223.0,986.2,1012.8,981.3,986.2,120594000,1084.8,887.6,1102.5,649.1,1011.7,1124,10,1011.6,687,10,1011.5,1638,14,1011.4,984,11,1011.3,3113,15,1011.8,129,5,1011.9,513,6,1012.0,6993,69,1012.1,1546,13,1012.2,1063,13
317,2025-11-26 15:08:24+05:30,1011.7,155,1002.77,8783280,381250.0,400223.0,986.2,1012.8,981.3,986.2,120594000,1084.8,887.6,1102.5,649.1,1011.7,1124,10,1011.6,687,10,1011.5,1638,14,1011.4,984,11,1011.3,3113,15,1011.8,129,5,1011.9,513,6,1012.0,6993,69,1012.1,1546,13,1012.2,1063,13
317,2025-11-26 15:08:24+05:30,1011.8,3,1002.77,8783937,380811.0,400508.0,986.2,1012.8,981.3,986.2,120594000,1084.8,887.6,1102.5,649.1,1011.7,716,10,1011.6,687,10,1011.5,1316,11,1011.4,876,10,1011.3,3113,15,1011.8,646,5,1011.9,296,5,1012.0,7139,71,1012.1,1456,12,1012.2,1089,15
317,2025-11-26 15:08:24+05:30,1011.8,3,1002.77,8783937,380811.0,400508.0,986.2,1012.8,981.3,986.2,120594000,1084.8,887.6,1102.5,649.1,1011.7,716,10,1011.6,687,10,1011.5,1316,11,1011.4,876,10,1011.3,3113,15,1011.8,646,5,1011.9,296,5,1012.0,7139,71,1012.1,1456,12,1012.2,1089,15
317,2025-11-26 15:08:24+05:30,1011.8,3,1002.77,8783937,380811.0,400508.0,986.2,1012.8,981.3,986.2,120608250,1084.8,887.6,1102.5,649.1,1011.7,716,10,1011.6,687,10,1011.5,1316,11,1011.4,876,10,1011.3,3113,15,1011.8,646,5,1011.9,296,5,1012.0,7139,71,1012.1,1456,12,1012.2,1089,15
317,2025-11-26 15:08:24+05:30,1011.8,1,1002.77,8783937,380811.0,400508.0,986.2,1012.8,981.3,986.2,120608250,1084.8,887.6,1102.5,649.1,1011.7,716,10,1011.6,687,10,1011.5,1316,11,1011.4,876,10,1011.3,3113,15,1011.8,646,5,1011.9,296,5,1012.0,7139,71,1012.1,1456,12,1012.2,1089,15
317,2025-11-26 15:08:24+05:30,1011.8,1,1002.77,8783937,380811.0,400508.0,986.2,1012.8,981.3,986.2,120608250,1084.8,887.6,1102.5,649.1,1011.7,716,10,1011.6,687,10,1011.5,1316,11,1011.4,876,10,1011.3,3113,15,1011.8,646,5,1011.9,296,5,1012.0,7139,71,1012.1,1456,12,1012.2,1089,15
317,2025-11-26 15:08:25+05:30,1011.8,1,1002.77,8783937,380811.0,400508.0,986.2,1012.8,981.3,986.2,120608250,1084.8,887.6,1102.5,649.1,1011.7,716,10,1011.6,687,10,1011.5,1316,11,1011.4,876,10,1011.3,3113,15,1011.8,646,5,1011.9,296,5,1012.0,7139,71,1012.1,1456,12,1012.2,1089,15
317,2025-11-26 15:08:25+05:30,1011.8,11,1002.77,8783980,380646.0,399933.0,986.2,1012.8,981.3,986.2,120608250,1084.8,887.6,1102.5,649.1,1011.7,709,10,1011.6,687,10,1011.5,1316,11,1011.4,876,10,1011.3,3113,15,1011.8,545,5,1011.9,296,5,1012.0,7139,71,1012.1,1456,12,1012.2,1089,15
317,2025-11-26 15:08:25+05:30,1011.8,11,1002.77,8783980,380646.0,399933.0,986.2,1012.8,981.3,986.2,120608250,1084.8,887.6,1102.5,649.1,1011.7,709,10,1011.6,687,10,1011.5,1316,11,1011.4,876,10,1011.3,3113,15,1011.8,545,5,1011.9,296,5,1012.0,7139,71,1012.1,1456,12,1012.2,1089,15
317,2025-11-26 15:08:25+05:30,1011.7,82,1002.77,8783980,380646.0,399933.0,986.2,1012.8,981.3,986.2,120608250,1084.8,887.6,1102.5,649.1,1011.7,709,10,1011.6,687,10,1011.5,1316,11,1011.4,876,10,1011.3,3113,15,1011.8,545,5,1011.9,296,5,1012.0,7139,71,1012.1,1456,12,1012.2,1089,15
317,2025-11-26 15:08:26+05:30,1011.7,1,1002.77,8785944,384263.0,399389.0,986.2,1012.8,981.3,986.2,120608250,1084.8,887.6,1102.5,649.1,1011.7,902,5,1011.6,687,10,1011.5,1316,11,1011.4,982,11,1011.3,3195,16,1011.8,17,1,1011.9,108,3,1012.0,6783,67,1012.1,1241,12,1012.2,1105,12
317,2025-11-26 15:08:26+05:30,1011.7,1,1002.77,8785944,384263.0,399389.0,986.2,1012.8,981.3,986.2,120608250,1084.8,887.6,1102.5,649.1,1011.7,902,5,1011.6,687,10,1011.5,1316,11,1011.4,982,11,1011.3,3195,16,1011.8,17,1,1011.9,108,3,1012.0,6783,67,1012.1,1241,12,1012.2,1105,12
317,2025-11-26 15:08:27+05:30,1011.8,243,1002.77,8786457,384770.0,400068.0,986.2,1012.8,981.3,986.2,120608250,1084.8,887.6,1102.5,649.1,1011.7,1140,7,1011.6,687,10,1011.5,1845,16,1011.4,1112,12,1011.3,3945,17,1011.8,60,1,1011.9,68,1,1012.0,6767,67,1012.1,1087,10,1012.2,833,13
317,2025-11-26 15:08:27+05:30,1011.7,10,1002.77,8786457,384770.0,400068.0,986.2,1012.8,981.3,986.2,120608250,1084.8,887.6,1102.5,649.1,1011.7,1140,7,1011.6,687,10,1011.5,1845,16,1011.4,1112,12,1011.3,3945,17,1011.8,60,1,1011.9,68,1,1012.0,6767,67,1012.1,1087,10,1012.2,833,13
317,2025-11-26 15:08:28+05:30,1011.8,2,1002.77,8786575,384826.0,399630.0,986.2,1012.8,981.3,986.2,120608250,1084.8,887.6,1102.5,649.1,1011.7,1130,7,1011.6,656,9,1011.5,1929,17,1011.4,1135,13,1011.3,3945,17,1011.8,121,1,1011.9,68,1,1012.0,6597,66,1012.1,1155,11,1012.2,833,13
317,2025-11-26 15:08:28+05:30,1011.8,2,1002.77,8786575,384826.0,399630.0,986.2,1012.8,981.3,986.2,120608250,1084.8,887.6,1102.5,649.1,1011.7,1130,7,1011.6,656,9,1011.5,1929,17,1011.4,1135,13,1011.3,3945,17,1011.8,121,1,1011.9,68,1,1012.0,6597,66,1012.1,1155,11,1012.2,833,13
317,2025-11-26 15:08:29+05:30,1011.8,4,1002.77,8786701,383545.0,399595.0,986.2,1012.8,981.3,986.2,120608250,1084.8,887.6,1102.5,649.1,1011.8,1,1,1011.7,1022,8,1011.6,723,10,1011.5,1846,16,1011.4,2003,17,1011.9,68,1,1012.0,6551,66,1012.1,1238,12,1012.2,1131,14,1012.3,607,7
317,2025-11-26 15:08:29+05:30,1011.9,1,1002.77,8786701,383545.0,399595.0,986.2,1012.8,981.3,986.2,120608250,1084.8,887.6,1102.5,649.1,1011.8,1,1,1011.7,1022,8,1011.6,723,10,1011.5,1846,16,1011.4,2003,17,1011.9,68,1,1012.0,6551,66,1012.1,1238,12,1012.2,1131,14,1012.3,607,7
317,2025-11-26 15:08:30+05:30,1011.8,5,1002.77,8786790,384205.0,400105.0,986.2,1012.8,981.3,986.2,120608250,1084.8,887.6,1102.5,649.1,1011.7,1022,8,1011.6,828,11,1011.5,1846,16,1011.4,2016,18,1011.3,2397,12,1011.8,65,1,1011.9,68,1,1012.0,6508,65,1012.1,1087,10,1012.2,1236,15
317,2025-11-26 15:08:30+05:30,1011.8,14,1002.77,8786790,384205.0,400105.0,986.2,1012.8,981.3,986.2,120608250,1084.8,887.6,1102.5,649.1,1011.7,1022,8,1011.6,828,11,1011.5,1846,16,1011.4,2016,18,1011.3,2397,12,1011.8,65,1,1011.9,68,1,1012.0,6508,65,1012.1,1087,10,1012.2,1236,15
317,2025-11-26 15:08:31+05:30,1011.7,1,1002.77,8786815,384774.0,403679.0,986.2,1012.8,981.3,986.2,120608250,1084.8,887.6,1102.5,649.1,1011.7,1012,8,1011.6,656,9,1011.5,1846,16,1011.4,2143,19,1011.3,3147,13,1011.8,54,3,1011.9,68,1,1012.0,10573,67,1012.1,1451,12,1012.2,938,14
317,2025-11-26 15:08:31+05:30,1011.7,1,1002.77,8786815,384774.0,403679.0,986.2,1012.8,981.3,986.2,120608250,1084.8,887.6,1102.5,649.1,1011.7,1012,8,1011.6,656,9,1011.5,1846,16,1011.4,2143,19,1011.3,3147,13,1011.8,54,3,1011.9,68,1,1012.0,10573,67,1012.1,1451,12,1012.2,938,14
317,2025-11-26 15:08:32+05:30,1011.8,3,1002.77,8786819,384862.0,403830.0,986.2,1012.8,981.3,986.2,120608250,1084.8,887.6,1102.5,649.1,1011.7,1012,8,1011.6,736,11,1011.5,1846,16,1011.4,2143,19,1011.3,3147,13,1011.8,101,6,1011.9,68,1,1012.0,10577,68,1012.1,1556,13,1012.2,833,13
317,2025-11-26 15:08:32+05:30,1011.8,5,1002.77,8786819,384862.0,403830.0,986.2,1012.8,981.3,986.2,120608250,1084.8,887.6,1102.5,649.1,1011.7,1012,8,1011.6,736,11,1011.5,1846,16,1011.4,2143,19,1011.3,3147,13,1011.8,101,6,1011.9,68,1,1012.0,10577,68,1012.1,1556,13,1012.2,833,13
317,2025-11-26 15:08:33+05:30,1011.7,100,1002.77,8786819,384862.0,403830.0,986.2,1012.8,981.3,986.2,120608250,1084.8,887.6,1102.5,649.1,1011.7,1012,8,1011.6,736,11,1011.5,1846,16,1011.4,2143,19,1011.3,3147,13,1011.8,101,6,1011.9,68,1,1012.0,10577,68,1012.1,1556,13,1012.2,833,13
317,2025-11-26 15:08:33+05:30,1011.7,100,1002.77,8787583,384746.0,403264.0,986.2,1012.8,981.3,986.2,120608250,1084.8,887.6,1102.5,649.1,1011.7,295,8,1011.6,736,11,1011.5,1316,11,1011.4,1703,15,1011.3,3354,15,1011.8,216,4,1011.9,256,4,1012.0,11283,73,1012.1,1389,15,1012.2,807,11
317,2025-11-26 15:08:34+05:30,1011.8,15,1002.77,8787583,384746.0,403264.0,986.2,1012.8,981.3,986.2,120608250,1084.8,887.6,1102.5,649.1,1011.7,295,8,1011.6,736,11,1011.5,1316,11,1011.4,1703,15,1011.3,3354,15,1011.8,216,4,1011.9,256,4,1012.0,11283,73,1012.1,1389,15,1012.2,807,11
317,2025-11-26 15:08:34+05:30,1011.8,15,1002.77,8787601,384554.0,403167.0,986.2,1012.8,981.3,986.2,120608250,1084.8,887.6,1102.5,649.1,1011.7,295,8,1011.6,921,12,1011.5,1407,12,1011.4,1543,15,1011.3,3354,15,1011.8,199,5,1011.9,176,3,1012.0,11090,73,1012.1,1582,15,1012.2,807,11
317,2025-11-26 15:08:35+05:30,1011.8,13,1002.77,8787601,384554.0,403167.0,986.2,1012.8,981.3,986.2,120608250,1084.8,887.6,1102.5,649.1,1011.7,295,8,1011.6,921,12,1011.5,1407,12,1011.4,1543,15,1011.3,3354,15,1011.8,199,5,1011.9,176,3,1012.0,11090,73,1012.1,1582,15,1012.2,807,11
317,2025-11-26 15:08:35+05:30,1011.8,1,1002.77,8787987,384630.0,403106.0,986.2,1012.8,981.3,986.2,120608250,1084.8,887.6,1102.5,649.1,1011.7,295,8,1011.6,921,12,1011.5,1641,14,1011.4,1504,10,1011.3,3167,13,1011.8,7,1,1011.9,148,2,1012.0,10916,71,1012.1,1687,16,1012.2,807,11
317,2025-11-26 15:08:36+05:30,1011.7,1,1002.77,8787987,384630.0,403106.0,986.2,1012.8,981.3,986.2,120608250,1084.8,887.6,1102.5,649.1,1011.7,295,8,1011.6,921,12,1011.5,1641,14,1011.4,1504,10,1011.3,3167,13,1011.8,7,1,1011.9,148,2,1012.0,10916,71,1012.1,1687,16,1012.2,807,11
317,2025-11-26 15:08:37+05:30,1011.8,3,1002.77,8787991,384792.0,403013.0,986.2,1012.8,981.3,986.2,120608250,1084.8,887.6,1102.5,649.1,1011.7,294,8,1011.6,921,12,1011.5,1830,16,1011.4,1473,14,1011.3,3167,13,1011.8,68,2,1011.9,68,1,1012.0,10831,70,1012.1,1582,15,1012.2,912,12
317,2025-11-26 15:08:37+05:30,1011.8,3,1002.77,8787991,384792.0,403013.0,986.2,1012.8,981.3,986.2,120608250,1084.8,887.6,1102.5,649.1,1011.7,294,8,1011.6,921,12,1011.5,1830,16,1011.4,1473,14,1011.3,3167,13,1011.8,68,2,1011.9,68,1,1012.0,10831,70,1012.1,1582,15,1012.2,912,12
317,2025-11-26 15:08:38+05:30,1011.8,4,1002.77,8788042,384673.0,403229.0,986.2,1012.8,981.3,986.2,120608250,1084.8,887.6,1102.5,649.1,1011.7,328,8,1011.6,921,12,1011.5,1471,13,1011.4,1425,9,1011.3,3167,13,1011.8,43,1,1011.9,211,3,1012.0,10916,71,1012.1,1556,13,1012.2,938,14
317,2025-11-26 15:08:38+05:30,1011.9,2,1002.77,8788042,384673.0,403229.0,986.2,1012.8,981.3,986.2,120608250,1084.8,887.6,1102.5,649.1,1011.7,328,8,1011.6,921,12,1011.5,1471,13,1011.4,1425,9,1011.3,3167,13,1011.8,43,1,1011.9,211,3,1012.0,10916,71,1012.1,1556,13,1012.2,938,14
317,2025-11-26 15:08:39+05:30,1011.9,8,1002.77,8788436,384509.0,401073.0,986.2,1012.8,981.3,986.2,120608250,1084.8,887.6,1102.5,649.1,1011.9,1253,3,1011.8,1,1,1011.7,321,7,1011.6,1283,16,1011.5,1674,18,1012.0,10403,65,1012.1,602,6,1012.2,918,8,1012.3,623,6,1012.4,1802,11
317,2025-11-26 15:08:39+05:30,1012.0,1,1002.77,8788436,384509.0,401073.0,986.2,1012.8,981.3,986.2,120608250,1084.8,887.6,1102.5,649.1,1011.9,1253,3,1011.8,1,1,1011.7,321,7,1011.6,1283,16,1011.5,1674,18,1012.0,10403,65,1012.1,602,6,1012.2,918,8,1012.3,623,6,1012.4,1802,11
317,2025-11-26 15:08:40+05:30,1011.9,348,1002.77,8788866,385649.0,400836.0,986.2,1012.8,981.3,986.2,120608250,1084.8,887.6,1102.5,649.1,1011.9,1048,6,1011.8,751,2,1011.7,211,5,1011.6,1568,18,1011.5,2437,20,1012.0,10795,67,1012.1,539,5,1012.2,691,6,1012.3,611,6,1012.4,1697,10
317,2025-11-26 15:08:40+05:30,1011.9,5,1002.77,8788866,385649.0,400836.0,986.2,1012.8,981.3,986.2,120608250,1084.8,887.6,1102.5,649.1,1011.9,1048,6,1011.8,751,2,1011.7,211,5,1011.6,1568,18,1011.5,2437,20,1012.0,10795,67,1012.1,539,5,1012.2,691,6,1012.3,611,6,1012.4,1697,10
317,2025-11-26 15:08:41+05:30,1011.9,1,1002.77,8788874,385930.0,400846.0,986.2,1012.8,981.3,986.2,120608250,1084.8,887.6,1102.5,649.1,1011.9,1052,8,1011.8,791,5,1011.7,266,5,1011.6,1559,16,1011.5,2430,19,1012.0,10793,67,1012.1,539,5,1012.2,691,6,1012.3,611,6,1012.4,1674,8
317,2025-11-26 15:08:41+05:30,1012.0,1,1002.77,8788874,385930.0,400846.0,986.2,1012.8,981.3,986.2,120608250,1084.8,887.6,1102.5,649.1,1011.9,1052,8,1011.8,791,5,1011.7,266,5,1011.6,1559,16,1011.5,2430,19,1012.0,10793,67,1012.1,539,5,1012.2,691,6,1012.3,611,6,1012.4,1674,8
317,2025-11-26 15:08:42+05:30,1012.0,1,1002.77,8788882,385382.0,401473.0,986.2,1012.8,981.3,986.2,120608250,1084.8,887.6,1102.5,649.1,1011.9,1064,9,1011.8,790,4,1011.7,4,1,1011.6,1077,12,1011.5,2551,21,1012.0,10974,70,1012.1,1280,11,1012.2,797,9,1012.3,675,7,1012.4,1700,10
317,2025-11-26 15:08:42+05:30,1012.0,5,1002.77,8788882,385382.0,401473.0,986.2,1012.8,981.3,986.2,120608250,1084.8,887.6,1102.5,649.1,1011.9,1064,9,1011.8,790,4,1011.7,4,1,1011.6,1077,12,1011.5,2551,21,1012.0,10974,70,1012.1,1280,11,1012.2,797,9,1012.3,675,7,1012.4,1700,10
317,2025-11-26 15:08:43+05:30,1011.9,66,1002.77,8789235,385068.0,401128.0,986.2,1012.8,981.3,986.2,120608250,1084.8,887.6,1102.5,649.1,1011.9,747,7,1011.8,824,5,1011.7,4,1,1011.6,1047,12,1011.5,2587,22,1012.0,10629,65,1012.1,1280,11,1012.2,797,9,1012.3,701,9,1012.4,1674,8
317,2025-11-26 15:08:43+05:30,1011.9,3,1002.77,8789235,385068.0,401128.0,986.2,1012.8,981.3,986.2,120608250,1084.8,887.6,1102.5,649.1,1011.9,747,7,1011.8,824,5,1011.7,4,1,1011.6,1047,12,1011.5,2587,22,1012.0,10629,65,1012.1,1280,11,1012.2,797,9,1012.3,701,9,1012.4,1674,8
317,2025-11-26 15:08:44+05:30,1012.0,2,1002.77,8789458,384766.0,401001.0,986.2,1012.8,981.3,986.2,120608250,1084.8,887.6,1102.5,649.1,1011.9,744,7,1011.8,824,5,1011.7,4,1,1011.6,1047,12,1011.5,2472,20,1012.0,10363,65,1012.1,1280,11,1012.2,797,9,1012.3,592,8,1012.4,1783,9
317,2025-11-26 15:08:44+05:30,1012.0,3,1002.77,8789458,384766.0,401001.0,986.2,1012.8,981.3,986.2,120608250,1084.8,887.6,1102.5,649.1,1011.9,744,7,1011.8,824,5,1011.7,4,1,1011.6,1047,12,1011.5,2472,20,1012.0,10363,65,1012.1,1280,11,1012.2,797,9,1012.3,592,8,1012.4,1783,9
317,2025-11-26 15:08:45+05:30,1012.0,1,1002.77,8789486,384753.0,401108.0,986.2,1012.8,981.3,986.2,120608250,1084.8,887.6,1102.5,649.1,1011.9,815,8,1011.8,824,5,1011.7,4,1,1011.6,1047,12,1011.5,2472,20,1012.0,10344,65,1012.1,1232,10,1012.2,797,9,1012.3,592,8,1012.4,1783,9
317,2025-11-26 15:08:45+05:30,1012.0,1,1002.77,8789486,384753.0,401108.0,986.2,1012.8,981.3,986.2,120608250,1084.8,887.6,1102.5,649.1,1011.9,815,8,1011.8,824,5,1011.7,4,1,1011.6,1047,12,1011.5,2472,20,1012.0,10344,65,1012.1,1232,10,1012.2,797,9,1012.3,592,8,1012.4,1783,9
317,2025-11-26 15:08:46+05:30,1012.0,1,1002.77,8789486,384753.0,401108.0,986.2,1012.8,981.3,986.2,120608250,1084.8,887.6,1102.5,649.1,1011.9,815,8,1011.8,824,5,1011.7,4,1,1011.6,1047,12,1011.5,2472,20,1012.0,10344,65,1012.1,1232,10,1012.2,797,9,1012.3,592,8,1012.4,1783,9
317,2025-11-26 15:08:46+05:30,1012.0,2,1002.77,8789507,384887.0,401089.0,986.2,1012.8,981.3,986.2,120608250,1084.8,887.6,1102.5,649.1,1011.9,839,10,1011.8,824,5,1011.7,6,2,1011.6,1320,15,1011.5,2434,18,1012.0,10325,66,1012.1,1232,10,1012.2,797,9,1012.3,592,8,1012.4,1783,9
317,2025-11-26 15:08:47+05:30,1011.9,222,1002.77,8789785,384541.0,400994.0,986.2,1012.8,981.3,986.2,120608250,1084.8,887.6,1102.5,649.1,1011.9,603,9,1011.8,824,5,1011.7,6,2,1011.6,1150,14,1011.5,2325,17,1012.0,10302,67,1012.1,1494,13,1012.2,688,8,1012.3,604,9,1012.4,1674,8
317,2025-11-26 15:08:47+05:30,1011.9,7,1002.77,8789785,384541.0,400994.0,986.2,1012.8,981.3,986.2,120608250,1084.8,887.6,1102.5,649.1,1011.9,603,9,1011.8,824,5,1011.7,6,2,1011.6,1150,14,1011.5,2325,17,1012.0,10302,67,1012.1,1494,13,1012.2,688,8,1012.3,604,9,1012.4,1674,8
317,2025-11-26 15:08:48+05:30,1012.0,83,1002.77,8789785,384541.0,400994.0,986.2,1012.8,981.3,986.2,120608250,1084.8,887.6,1102.5,649.1,1011.9,603,9,1011.8,824,5,1011.7,6,2,1011.6,1150,14,1011.5,2325,17,1012.0,10302,67,1012.1,1494,13,1012.2,688,8,1012.3,604,9,1012.4,1674,8
317,2025-11-26 15:08:48+05:30,1012.0,2,1002.78,8790026,384567.0,400904.0,986.2,1012.8,981.3,986.2,120608250,1084.8,887.6,1102.5,649.1,1011.9,665,11,1011.8,824,5,1011.7,6,2,1011.6,1306,15,1011.5,2408,18,1012.0,10240,61,1012.1,846,8,1012.2,797,9,1012.3,701,9,1012.4,1972,9
317,2025-11-26 15:08:49+05:30,1011.9,5,1002.78,8790031,384548.0,400895.0,986.2,1012.8,981.3,986.2,120608250,1084.8,887.6,1102.5,649.1,1011.9,660,11,1011.8,1669,9,1011.7,547,4,1011.6,765,13,1011.5,1563,14,1012.0,10285,63,1012.1,790,7,1012.2,797,9,1012.3,701,9,1012.4,1972,9
317,2025-11-26 15:08:49+05:30,1011.9,5,1002.78,8790031,384548.0,400895.0,986.2,1012.8,981.3,986.2,120608250,1084.8,887.6,1102.5,649.1,1011.9,660,11,1011.8,1669,9,1011.7,547,4,1011.6,765,13,1011.5,1563,14,1012.0,10285,63,1012.1,790,7,1012.2,797,9,1012.3,701,9,1012.4,1972,9
317,2025-11-26 15:08:50+05:30,1012.0,25,1002.78,8791988,384299.0,397901.0,986.2,1012.8,981.3,986.2,120608250,1084.8,887.6,1102.5,649.1,1011.9,513,10,1011.8,1777,11,1011.7,825,7,1011.6,727,12,1011.5,1563,14,1012.0,8666,43,1012.1,539,5,1012.2,780,7,1012.3,588,8,1012.4,1674,8
317,2025-11-26 15:08:50+05:30,1012.0,25,1002.78,8791988,384299.0,397901.0,986.2,1012.8,981.3,986.2,120608250,1084.8,887.6,1102.5,649.1,1011.9,513,10,1011.8,1777,11,1011.7,825,7,1011.6,727,12,1011.5,1563,14,1012.0,8666,43,1012.1,539,5,1012.2,780,7,1012.3,588,8,1012.4,1674,8
317,2025-11-26 15:08:51+05:30,1012.0,5,1002.78,8791988,384299.0,397901.0,986.2,1012.8,981.3,986.2,120608250,1084.8,887.6,1102.5,649.1,1011.9,513,10,1011.8,1777,11,1011.7,825,7,1011.6,727,12,1011.5,1563,14,1012.0,8666,43,1012.1,539,5,1012.2,780,7,1012.3,588,8,1012.4,1674,8
317,2025-11-26 15:08:51+05:30,1012.0,1,1002.78,8792744,384161.0,398118.0,986.2,1012.8,981.3,986.2,120608250,1084.8,887.6,1102.5,649.1,1011.9,526,12,1011.8,1721,10,1011.7,776,6,1011.6,779,13,1011.5,1562,13,1012.0,8425,33,1012.1,539,5,1012.2,829,8,1012.3,562,6,1012.4,1674,8
317,2025-11-26 15:08:52+05:30,1012.0,5,1002.78,8792744,384161.0,398118.0,986.2,1012.8,981.3,986.2,120608250,1084.8,887.6,1102.5,649.1,1011.9,526,12,1011.8,1721,10,1011.7,776,6,1011.6,779,13,1011.5,1562,13,1012.0,8425,33,1012.1,539,5,1012.2,829,8,1012.3,562,6,1012.4,1674,8
317,2025-11-26 15:08:52+05:30,1011.9,2,1002.78,8792974,383995.0,400041.0,986.2,1012.8,981.3,986.2,120608250,1084.8,887.6,1102.5,649.1,1011.9,422,11,1011.8,1721,10,1011.7,717,5,1011.6,779,13,1011.5,1590,14,1012.0,8269,34,1012.1,630,7,1012.2,2901,11,1012.3,622,10,1012.4,1700,10
317,2025-11-26 15:08:53+05:30,1011.9,3,1002.78,8792974,383995.0,400041.0,986.2,1012.8,981.3,986.2,120608250,1084.8,887.6,1102.5,649.1,1011.9,422,11,1011.8,1721,10,1011.7,717,5,1011.6,779,13,1011.5,1590,14,1012.0,8269,34,1012.1,630,7,1012.2,2901,11,1012.3,622,10,1012.4,1700,10
317,2025-11-26 15:08:53+05:30,1011.9,3,1002.78,8793000,384161.0,400092.0,986.2,1012.8,981.3,986.2,120608250,1084.8,887.6,1102.5,649.1,1011.9,424,11,1011.8,1721,10,1011.7,769,6,1011.6,738,12,1011.5,1479,12,1012.0,8239,32,1012.1,711,8,1012.2,2901,11,1012.3,622,10,1012.4,1700,10
317,2025-11-26 15:08:54+05:30,1012.0,3,1002.78,8793000,384161.0,400092.0,986.2,1012.8,981.3,986.2,120608250,1084.8,887.6,1102.5,649.1,1011.9,424,11,1011.8,1721,10,1011.7,769,6,1011.6,738,12,1011.5,1479,12,1012.0,8239,32,1012.1,711,8,1012.2,2901,11,1012.3,622,10,1012.4,1700,10
317,2025-11-26 15:08:55+05:30,1012.0,3,1002.78,8793003,384327.0,400063.0,986.2,1012.8,981.3,986.2,120608250,1084.8,887.6,1102.5,649.1,1011.9,656,12,1011.8,1671,9,1011.7,769,6,1011.6,738,12,1011.5,1491,13,1012.0,8238,33,1012.1,711,8,1012.2,2901,11,1012.3,622,10,1012.4,1700,10
317,2025-11-26 15:08:55+05:30,1012.0,3,1002.78,8793003,384327.0,400063.0,986.2,1012.8,981.3,986.2,120608250,1084.8,887.6,1102.5,649.1,1011.9,656,12,1011.8,1671,9,1011.7,769,6,1011.6,738,12,1011.5,1491,13,1012.0,8238,33,1012.1,711,8,1012.2,2901,11,1012.3,622,10,1012.4,1700,10
317,2025-11-26 15:08:56+05:30,1012.0,1,1002.78,8793070,384268.0,400567.0,986.2,1012.8,981.3,986.2,120608250,1084.8,887.6,1102.5,649.1,1011.9,656,12,1011.8,1671,9,1011.7,827,7,1011.6,738,12,1011.5,1586,14,1012.0,8176,34,1012.1,539,5,1012.2,2603,10,1012.3,908,10,1012.4,1700,10
317,2025-11-26 15:08:56+05:30,1012.0,3,1002.78,8793070,384268.0,400567.0,986.2,1012.8,981.3,986.2,120608250,1084.8,887.6,1102.5,649.1,1011.9,656,12,1011.8,1671,9,1011.7,827,7,1011.6,738,12,1011.5,1586,14,1012.0,8176,34,1012.1,539,5,1012.2,2603,10,1012.3,908,10,1012.4,1700,10
317,2025-11-26 15:08:57+05:30,1011.9,232,1002.78,8798482,383527.0,397769.0,986.2,1012.8,981.3,986.2,120608250,1084.8,887.6,1102.5,649.1,1011.9,68,5,1011.8,1671,9,1011.7,547,4,1011.6,676,11,1011.5,1574,13,1012.0,4868,14,1012.1,1037,12,1012.2,2645,9,1012.3,307,7,1012.4,1707,10
317,2025-11-26 15:08:57+05:30,1011.9,5,1002.78,8798482,383527.0,397769.0,986.2,1012.8,981.3,986.2,120608250,1084.8,887.6,1102.5,649.1,1011.9,68,5,1011.8,1671,9,1011.7,547,4,1011.6,676,11,1011.5,1574,13,1012.0,4868,14,1012.1,1037,12,1012.2,2645,9,1012.3,307,7,1012.4,1707,10
317,2025-11-26 15:08:58+05:30,1012.0,750,1002.79,8799560,383795.0,398263.0,986.2,1012.8,981.3,986.2,120608250,1084.8,887.6,1102.5,649.1,1011.9,5,1,1011.8,1714,11,1011.7,547,4,1011.6,676,11,1011.5,1574,13,1012.0,4727,17,1012.1,893,10,1012.2,2913,11,1012.3,429,5,1012.4,1693,9
317,2025-11-26 15:08:58+05:30,1012.0,750,1002.79,8799560,383795.0,398263.0,986.2,1012.8,981.3,986.2,120608250,1084.8,887.6,1102.5,649.1,1011.9,5,1,1011.8,1714,11,1011.7,547,4,1011.6,676,11,1011.5,1574,13,1012.0,4727,17,1012.1,893,10,1012.2,2913,11,1012.3,429,5,1012.4,1693,9
317,2025-11-26 15:08:59+05:30,1012.0,1,1002.79,8799827,380434.0,395657.0,986.2,1012.8,981.3,986.2,120608250,1084.8,887.6,1102.5,649.1,1011.9,20,1,1011.8,1778,12,1011.7,618,5,1011.6,733,11,1011.5,1779,18,1012.0,4654,17,1012.1,950,9,1012.2,2517,9,1012.3,588,10,1012.4,1707,10
317,2025-11-26 15:08:59+05:30,1012.0,1,1002.79,8799827,380434.0,395657.0,986.2,1012.8,981.3,986.2,120608250,1084.8,887.6,1102.5,649.1,1011.9,20,1,1011.8,1778,12,1011.7,618,5,1011.6,733,11,1011.5,1779,18,1012.0,4654,17,1012.1,950,9,1012.2,2517,9,1012.3,588,10,1012.4,1707,10
317,2025-11-26 15:09:00+05:30,1011.9,1,1002.79,8799969,380400.0,395507.0,986.2,1012.8,981.3,986.2,120608250,1084.8,887.6,1102.5,649.1,1011.8,2278,13,1011.7,616,5,1011.6,822,12,1011.5,1629,16,1011.4,2719,14,1011.9,84,1,1012.0,4468,16,1012.1,1062,10,1012.2,2815,10,1012.3,579,10
317,2025-11-26 15:09:00+05:30,1011.8,45,1002.79,8799969,380400.0,395507.0,986.2,1012.8,981.3,986.2,120608250,1084.8,887.6,1102.5,649.1,1011.8,2278,13,1011.7,616,5,1011.6,822,12,1011.5,1629,16,1011.4,2719,14,1011.9,84,1,1012.0,4468,16,1012.1,1062,10,1012.2,2815,10,1012.3,579,10
317,2025-11-26 15:09:01+05:30,1011.8,10,1002.79,8800065,381762.0,396491.0,986.2,1012.8,981.3,986.2,120608250,1084.8,887.6,1102.5,649.1,1011.8,2204,13,1011.7,547,4,1011.6,733,11,1011.5,1718,17,1011.4,4220,16,1011.9,63,2,1012.0,4511,17,1012.1,978,9,1012.2,2815,10,1012.3,605,12
317,2025-11-26 15:09:01+05:30,1011.8,23,1002.79,8800065,381762.0,396491.0,986.2,1012.8,981.3,986.2,120608250,1084.8,887.6,1102.5,649.1,1011.8,2204,13,1011.7,547,4,1011.6,733,11,1011.5,1718,17,1011.4,4220,16,1011.9,63,2,1012.0,4511,17,1012.1,978,9,1012.2,2815,10,1012.3,605,12
317,2025-11-26 15:09:02+05:30,1011.9,4,1002.79,8802313,380350.0,397742.0,986.2,1012.8,981.3,986.2,120608250,1084.8,887.6,1102.5,649.1,1011.8,223,8,1011.7,1297,5,1011.6,2185,8,1011.5,389,7,1011.4,1713,13,1011.9,707,8,1012.0,4671,15,1012.1,1384,14,1012.2,3219,13,1012.3,590,7
317,2025-11-26 15:09:02+05:30,1011.9,4,1002.79,8802313,380350.0,397742.0,986.2,1012.8,981.3,986.2,120608250,1084.8,887.6,1102.5,649.1,1011.8,223,8,1011.7,1297,5,1011.6,2185,8,1011.5,389,7,1011.4,1713,13,1011.9,707,8,1012.0,4671,15,1012.1,1384,14,1012.2,3219,13,1012.3,590,7
317,2025-11-26 15:09:03+05:30,1011.9,2,1002.79,8802342,380639.0,397643.0,986.2,1012.8,981.3,986.2,120608250,1084.8,887.6,1102.5,649.1,1011.8,223,8,1011.7,1297,5,1011.6,2255,9,1011.5,559,8,1011.4,1713,13,1011.9,593,8,1012.0,4676,15,1012.1,1384,14,1012.2,3219,13,1012.3,590,7
317,2025-11-26 15:09:03+05:30,1011.9,2,1002.79,8802342,380639.0,397643.0,986.2,1012.8,981.3,986.2,120608250,1084.8,887.6,1102.5,649.1,1011.8,223,8,1011.7,1297,5,1011.6,2255,9,1011.5,559,8,1011.4,1713,13,1011.9,593,8,1012.0,4676,15,1012.1,1384,14,1012.2,3219,13,1012.3,590,7
317,2025-11-26 15:09:04+05:30,1011.9,1,1002.79,8802342,380639.0,397643.0,986.2,1012.8,981.3,986.2,120608250,1084.8,887.6,1102.5,649.1,1011.8,223,8,1011.7,1297,5,1011.6,2255,9,1011.5,559,8,1011.4,1713,13,1011.9,593,8,1012.0,4676,15,1012.1,1384,14,1012.2,3219,13,1012.3,590,7
317,2025-11-26 15:09:04+05:30,1011.8,3,1002.79,8802565,380594.0,397635.0,986.2,1012.8,981.3,986.2,120608250,1084.8,887.6,1102.5,649.1,1011.8,234,9,1011.7,1297,5,1011.6,2185,8,1011.5,559,8,1011.4,1713,13,1011.9,570,7,1012.0,4796,16,1012.1,1382,14,1012.2,3219,13,1012.3,590,7
317,2025-11-26 15:09:05+05:30,1011.9,169,1002.79,8802565,380594.0,397635.0,986.2,1012.8,981.3,986.2,120608250,1084.8,887.6,1102.5,649.1,1011.8,234,9,1011.7,1297,5,1011.6,2185,8,1011.5,559,8,1011.4,1713,13,1011.9,570,7,1012.0,4796,16,1012.1,1382,14,1012.2,3219,13,1012.3,590,7
317,2025-11-26 15:09:06+05:30,1011.9,169,1002.79,8804851,381845.0,395730.0,986.2,1012.8,981.3,986.2,120608250,1084.8,887.6,1102.5,649.1,1011.9,259,1,1011.8,4,2,1011.7,552,5,1011.6,2500,13,1011.5,4710,17,1012.0,4740,16,1012.1,949,9,1012.2,2767,11,1012.3,1000,11,1012.4,1742,12
317,2025-11-26 15:09:06+05:30,1012.0,2,1002.79,8804851,381845.0,395730.0,986.2,1012.8,981.3,986.2,120608250,1084.8,887.6,1102.5,649.1,1011.9,259,1,1011.8,4,2,1011.7,552,5,1011.6,2500,13,1011.5,4710,17,1012.0,4740,16,1012.1,949,9,1012.2,2767,11,1012.3,1000,11,1012.4,1742,12
317,2025-11-26 15:09:07+05:30,1012.0,1,1002.79,8804857,381162.0,395889.0,986.2,1012.8,981.3,986.2,120608250,1084.8,887.6,1102.5,649.1,1011.9,272,2,1011.8,30,3,1011.7,552,5,1011.6,2707,17,1011.5,3910,16,1012.0,4709,16,1012.1,865,8,1012.2,2678,10,1012.3,1195,13,1012.4,1742,12
317,2025-11-26 15:09:07+05:30,1012.0,1,1002.79,8804857,381162.0,395889.0,986.2,1012.8,981.3,986.2,120608250,1084.8,887.6,1102.5,649.1,1011.9,272,2,1011.8,30,3,1011.7,552,5,1011.6,2707,17,1011.5,3910,16,1012.0,4709,16,1012.1,865,8,1012.2,2678,10,1012.3,1195,13,1012.4,1742,12
317,2025-11-26 15:09:08+05:30,1012.0,7,1002.79,8804869,381128.0,396153.0,986.2,1012.8,981.3,986.2,120608250,1084.8,887.6,1102.5,649.1,1011.9,300,4,1011.8,7,2,1011.7,552,5,1011.6,2618,16,1011.5,3999,17,1012.0,4884,19,1012.1,865,8,1012.2,2856,12,1012.3,1106,12,1012.4,1742,12
317,2025-11-26 15:09:08+05:30,1012.0,7,1002.79,8804869,381128.0,396153.0,986.2,1012.8,981.3,986.2,120608250,1084.8,887.6,1102.5,649.1,1011.9,300,4,1011.8,7,2,1011.7,552,5,1011.6,2618,16,1011.5,3999,17,1012.0,4884,19,1012.1,865,8,1012.2,2856,12,1012.3,1106,12,1012.4,1742,12
317,2025-11-26 15:09:09+05:30,1012.0,2,1002.79,8804871,381212.0,396152.0,986.2,1012.8,981.3,986.2,120608250,1084.8,887.6,1102.5,649.1,1011.9,315,5,1011.8,7,2,1011.7,552,5,1011.6,2618,16,1011.5,3999,17,1012.0,4883,20,1012.1,865,8,1012.2,2856,12,1012.3,1106,12,1012.4,1742,12
317,2025-11-26 15:09:09+05:30,1012.0,2,1002.79,8804871,381212.0,396152.0,986.2,1012.8,981.3,986.2,120608250,1084.8,887.6,1102.5,649.1,1011.9,315,5,1011.8,7,2,1011.7,552,5,1011.6,2618,16,1011.5,3999,17,1012.0,4883,20,1012.1,865,8,1012.2,2856,12,1012.3,1106,12,1012.4,1742,12
317,2025-11-26 15:09:10+05:30,1011.9,80,1002.79,8805886,380570.0,396913.0,986.2,1012.8,981.3,986.2,120608250,1084.8,887.6,1102.5,649.1,1011.9,20,2,1011.8,261,3,1011.7,547,4,1011.6,2498,12,1011.5,1626,13,1012.0,5106,25,1012.1,864,8,1012.2,3136,13,1012.3,808,11,1012.4,1742,12
317,2025-11-26 15:09:10+05:30,1011.9,3,1002.79,8805886,380570.0,396913.0,986.2,1012.8,981.3,986.2,120608250,1084.8,887.6,1102.5,649.1,1011.9,20,2,1011.8,261,3,1011.7,547,4,1011.6,2498,12,1011.5,1626,13,1012.0,5106,25,1012.1,864,8,1012.2,3136,13,1012.3,808,11,1012.4,1742,12
317,2025-11-26 15:09:11+05:30,1011.9,47,1002.79,8805997,380568.0,396809.0,986.2,1012.8,981.3,986.2,120608250,1084.8,887.6,1102.5,649.1,1011.8,261,3,1011.7,547,4,1011.6,2257,10,1011.5,775,12,1011.4,3889,16,1011.9,4910,2,1012.0,5275,25,1012.1,1550,13,1012.2,2784,13,1012.3,782,9
317,2025-11-26 15:09:11+05:30,1011.9,1,1002.79,8805997,380568.0,396809.0,986.2,1012.8,981.3,986.2,120608250,1084.8,887.6,1102.5,649.1,1011.8,261,3,1011.7,547,4,1011.6,2257,10,1011.5,775,12,1011.4,3889,16,1011.9,4910,2,1012.0,5275,25,1012.1,1550,13,1012.2,2784,13,1012.3,782,9
317,2025-11-26 15:09:12+05:30,1011.9,1,1002.79,8806091,381042.0,396557.0,986.2,1012.8,981.3,986.2,120608250,1084.8,887.6,1102.5,649.1,1011.8,188,4,1011.7,547,4,1011.6,2257,10,1011.5,601,10,1011.4,4424,15,1011.9,5009,5,1012.0,5010,23,1012.1,1630,14,1012.2,2704,12,1012.3,782,9
317,2025-11-26 15:09:12+05:30,1011.9,6,1002.79,8806091,381042.0,396557.0,986.2,1012.8,981.3,986.2,120608250,1084.8,887.6,1102.5,649.1,1011.8,188,4,1011.7,547,4,1011.6,2257,10,1011.5,601,10,1011.4,4424,15,1011.9,5009,5,1012.0,5010,23,1012.1,1630,14,1012.2,2704,12,1012.3,782,9
317,2025-11-26 15:09:13+05:30,1011.9,10,1002.79,8806962,380758.0,395921.0,986.2,1012.8,981.3,986.2,120608250,1084.8,887.6,1102.5,649.1,1011.8,110,4,1011.7,547,4,1011.6,2257,10,1011.5,770,12,1011.4,4455,15,1011.9,4223,8,1012.0,3023,18,1012.1,1470,12,1012.2,2784,13,1012.3,782,9
317,2025-11-26 15:09:13+05:30,1011.8,8,1002.79,8806962,380758.0,395921.0,986.2,1012.8,981.3,986.2,120608250,1084.8,887.6,1102.5,649.1,1011.8,110,4,1011.7,547,4,1011.6,2257,10,1011.5,770,12,1011.4,4455,15,1011.9,4223,8,1012.0,3023,18,1012.1,1470,12,1012.2,2784,13,1012.3,782,9
317,2025-11-26 15:09:14+05:30,1011.9,3,1002.79,8807691,381082.0,395161.0,986.2,1012.8,981.3,986.2,120608250,1084.8,887.6,1102.5,649.1,1011.8,742,3,1011.7,578,5,1011.6,2427,11,1011.5,632,11,1011.4,4466,15,1011.9,3737,8,1012.0,3116,20,1012.1,1172,11,1012.2,2784,13,1012.3,974,9
317,2025-11-26 15:09:14+05:30,1011.9,1,1002.79,8807691,381082.0,395161.0,986.2,1012.8,981.3,986.2,120608250,1084.8,887.6,1102.5,649.1,1011.8,742,3,1011.7,578,5,1011.6,2427,11,1011.5,632,11,1011.4,4466,15,1011.9,3737,8,1012.0,3116,20,1012.1,1172,11,1012.2,2784,13,1012.3,974,9
317,2025-11-26 15:09:15+05:30,1011.8,9,1002.79,8807719,381461.0,395173.0,986.2,1012.8,981.3,986.2,120608250,1084.8,887.6,1102.5,649.1,1011.8,733,3,1011.7,578,5,1011.6,2257,10,1011.5,712,12,1011.4,4466,15,1011.9,3717,8,1012.0,3071,20,1012.1,1550,13,1012.2,2704,12,1012.3,676,8
317,2025-11-26 15:09:15+05:30,1011.9,15,1002.79,8807719,381461.0,395173.0,986.2,1012.8,981.3,986.2,120608250,1084.8,887.6,1102.5,649.1,1011.8,733,3,1011.7,578,5,1011.6,2257,10,1011.5,712,12,1011.4,4466,15,1011.9,3717,8,1012.0,3071,20,1012.1,1550,13,1012.2,2704,12,1012.3,676,8
317,2025-11-26 15:09:16+05:30,1011.8,1,1002.79,8807736,381223.0,395364.0,986.2,1012.8,981.3,986.2,120608250,1084.8,887.6,1102.5,649.1,1011.8,747,6,1011.7,578,5,1011.6,2257,10,1011.5,779,13,1011.4,4466,15,1011.9,3638,9,1012.0,3001,19,1012.1,1168,11,1012.2,3082,14,1012.3,676,8
317,2025-11-26 15:09:16+05:30,1011.9,3,1002.79,8807736,381223.0,395364.0,986.2,1012.8,981.3,986.2,120608250,1084.8,887.6,1102.5,649.1,1011.8,747,6,1011.7,578,5,1011.6,2257,10,1011.5,779,13,1011.4,4466,15,1011.9,3638,9,1012.0,3001,19,1012.1,1168,11,1012.2,3082,14,1012.3,676,8
317,2025-11-26 15:09:17+05:30,1011.9,3,1002.79,8807736,381223.0,395364.0,986.2,1012.8,981.3,986.2,120608250,1084.8,887.6,1102.5,649.1,1011.8,747,6,1011.7,578,5,1011.6,2257,10,1011.5,779,13,1011.4,4466,15,1011.9,3638,9,1012.0,3001,19,1012.1,1168,11,1012.2,3082,14,1012.3,676,8
317,2025-11-26 15:09:17+05:30,1011.8,7,1002.79,8807820,380869.0,395326.0,986.2,1012.8,981.3,986.2,120608250,1084.8,887.6,1102.5,649.1,1011.8,1021,8,1011.7,547,4,1011.6,2257,10,1011.5,766,12,1011.4,4466,15,1011.9,3624,8,1012.0,2978,19,1012.1,1168,11,1012.2,3002,13,1012.3,756,9
317,2025-11-26 15:09:18+05:30,1011.8,361,1002.79,8807820,380869.0,395326.0,986.2,1012.8,981.3,986.2,120608250,1084.8,887.6,1102.5,649.1,1011.8,1021,8,1011.7,547,4,1011.6,2257,10,1011.5,766,12,1011.4,4466,15,1011.9,3624,8,1012.0,2978,19,1012.1,1168,11,1012.2,3002,13,1012.3,756,9
317,2025-11-26 15:09:19+05:30,1011.9,10,1002.79,8808194,381008.0,395641.0,986.2,1012.8,981.3,986.2,120608250,1084.8,887.6,1102.5,649.1,1011.8,659,7,1011.7,547,4,1011.6,2257,10,1011.5,766,12,1011.4,4466,15,1011.9,3672,8,1012.0,3359,23,1012.1,1496,12,1012.2,2704,12,1012.3,756,9
317,2025-11-26 15:09:19+05:30,1011.9,1,1002.79,8808194,381008.0,395641.0,986.2,1012.8,981.3,986.2,120608250,1084.8,887.6,1102.5,649.1,1011.8,659,7,1011.7,547,4,1011.6,2257,10,1011.5,766,12,1011.4,4466,15,1011.9,3672,8,1012.0,3359,23,1012.1,1496,12,1012.2,2704,12,1012.3,756,9
317,2025-11-26 15:09:20+05:30,1011.9,1,1002.79,8808196,381071.0,395639.0,986.2,1012.8,981.3,986.2,120608250,1084.8,887.6,1102.5,649.1,1011.8,639,5,1011.7,547,4,1011.6,2277,12,1011.5,570,9,1011.4,4418,12,1011.9,3670,8,1012.0,3359,23,1012.1,1496,12,1012.2,2704,12,1012.3,756,9
317,2025-11-26 15:09:20+05:30,1011.9,15,1002.79,8808196,381071.0,395639.0,986.2,1012.8,981.3,986.2,120608250,1084.8,887.6,1102.5,649.1,1011.8,639,5,1011.7,547,4,1011.6,2277,12,1011.5,570,9,1011.4,4418,12,1011.9,3670,8,1012.0,3359,23,1012.1,1496,12,1012.2,2704,12,1012.3,756,9
317,2025-11-26 15:09:21+05:30,1011.7,1,1002.79,8809046,376208.0,396189.0,986.2,1012.8,981.3,986.2,120608250,1084.8,887.6,1102.5,649.1,1011.7,546,4,1011.6,2277,12,1011.5,940,4,1011.4,314,4,1011.3,738,8,1011.9,3686,12,1012.0,3739,27,1012.1,1264,11,1012.2,2997,13,1012.3,664,10
317,2025-11-26 15:09:21+05:30,1011.9,1,1002.79,8809046,376208.0,396189.0,986.2,1012.8,981.3,986.2,120608250,1084.8,887.6,1102.5,649.1,1011.7,546,4,1011.6,2277,12,1011.5,940,4,1011.4,314,4,1011.3,738,8,1011.9,3686,12,1012.0,3739,27,1012.1,1264,11,1012.2,2997,13,1012.3,664,10
317,2025-11-26 15:09:22+05:30,1011.7,2,1002.79,8809058,377419.0,396008.0,986.2,1012.8,981.3,986.2,120608250,1084.8,887.6,1102.5,649.1,1011.7,545,4,1011.6,2277,12,1011.5,190,3,1011.4,1243,6,1011.3,738,8,1011.9,3680,12,1012.0,3739,27,1012.1,1562,12,1012.2,2699,12,1012.3,664,10
317,2025-11-26 15:09:22+05:30,1011.9,4,1002.79,8809058,377419.0,396008.0,986.2,1012.8,981.3,986.2,120608250,1084.8,887.6,1102.5,649.1,1011.7,545,4,1011.6,2277,12,1011.5,190,3,1011.4,1243,6,1011.3,738,8,1011.9,3680,12,1012.0,3739,27,1012.1,1562,12,1012.2,2699,12,1012.3,664,10
317,2025-11-26 15:09:23+05:30,1011.9,23,1002.79,8809090,377420.0,395678.0,986.2,1012.8,981.3,986.2,120608250,1084.8,887.6,1102.5,649.1,1011.7,545,4,1011.6,2277,12,1011.5,190,3,1011.4,1243,6,1011.3,751,9,1011.9,3822,12,1012.0,3696,26,1012.1,1562,12,1012.2,2749,13,1012.3,664,10
317,2025-11-26 15:09:23+05:30,1011.9,23,1002.79,8809090,377420.0,395678.0,986.2,1012.8,981.3,986.2,120608250,1084.8,887.6,1102.5,649.1,1011.7,545,4,1011.6,2277,12,1011.5,190,3,1011.4,1243,6,1011.3,751,9,1011.9,3822,12,1012.0,3696,26,1012.1,1562,12,1012.2,2749,13,1012.3,664,10
317,2025-11-26 15:09:24+05:30,1011.9,3,1002.8,8810056,377819.0,394420.0,986.2,1012.8,981.3,986.2,120608250,1084.8,887.6,1102.5,649.1,1011.7,559,5,1011.6,2282,13,1011.5,1347,7,1011.4,824,8,1011.3,785,10,1011.9,2761,10,1012.0,3429,23,1012.1,1484,12,1012.2,2588,11,1012.3,527,7
317,2025-11-26 15:09:24+05:30,1011.9,3,1002.8,8810056,377819.0,394420.0,986.2,1012.8,981.3,986.2,120608250,1084.8,887.6,1102.5,649.1,1011.7,559,5,1011.6,2282,13,1011.5,1347,7,1011.4,824,8,1011.3,785,10,1011.9,2761,10,1012.0,3429,23,1012.1,1484,12,1012.2,2588,11,1012.3,527,7
317,2025-11-26 15:09:25+05:30,1011.9,1,1002.8,8810071,378383.0,394519.0,986.2,1012.8,981.3,986.2,120608250,1084.8,887.6,1102.5,649.1,1011.7,559,5,1011.6,2996,13,1011.5,535,5,1011.4,824,8,1011.3,819,11,1011.9,2746,10,1012.0,3429,23,1012.1,1484,12,1012.2,2601,12,1012.3,527,7
317,2025-11-26 15:09:25+05:30,1011.9,200,1002.8,8810071,378383.0,394519.0,986.2,1012.8,981.3,986.2,120608250,1084.8,887.6,1102.5,649.1,1011.7,559,5,1011.6,2996,13,1011.5,535,5,1011.4,824,8,1011.3,819,11,1011.9,2746,10,1012.0,3429,23,1012.1,1484,12,1012.2,2601,12,1012.3,527,7
317,2025-11-26 15:09:26+05:30,1011.7,1,1002.8,8810303,378406.0,394509.0,986.2,1012.8,981.3,986.2,120608250,1084.8,887.6,1102.5,649.1,1011.7,563,4,1011.6,2246,12,1011.5,1032,6,1011.4,851,9,1011.3,772,9,1011.9,2537,10,1012.0,3429,23,1012.1,1484,12,1012.2,2588,11,1012.3,540,8
317,2025-11-26 15:09:26+05:30,1011.9,2,1002.8,8810303,378406.0,394509.0,986.2,1012.8,981.3,986.2,120608250,1084.8,887.6,1102.5,649.1,1011.7,563,4,1011.6,2246,12,1011.5,1032,6,1011.4,851,9,1011.3,772,9,1011.9,2537,10,1012.0,3429,23,1012.1,1484,12,1012.2,2588,11,1012.3,540,8
317,2025-11-26 15:09:27+05:30,1011.9,2,1002.8,8810305,378343.0,394456.0,986.2,1012.8,981.3,986.2,120608250,1084.8,887.6,1102.5,649.1,1011.7,563,4,1011.6,2246,12,1011.5,1032,6,1011.4,851,9,1011.3,772,9,1011.9,2446,9,1012.0,3429,23,1012.1,1556,13,1012.2,2575,10,1012.3,553,9
317,2025-11-26 15:09:28+05:30,1011.7,5,1002.8,8810310,378341.0,395558.0,986.2,1012.8,981.3,986.2,120608250,1084.8,887.6,1102.5,649.1,1011.7,571,5,1011.6,2246,12,1011.5,1032,6,1011.4,851,9,1011.3,772,9,1011.9,2580,12,1012.0,4577,27,1012.1,1484,12,1012.2,2575,10,1012.3,553,9
317,2025-11-26 15:09:28+05:30,1011.7,5,1002.8,8810310,378341.0,395558.0,986.2,1012.8,981.3,986.2,120608250,1084.8,887.6,1102.5,649.1,1011.7,571,5,1011.6,2246,12,1011.5,1032,6,1011.4,851,9,1011.3,772,9,1011.9,2580,12,1012.0,4577,27,1012.1,1484,12,1012.2,2575,10,1012.3,553,9
317,2025-11-26 15:09:29+05:30,1011.9,1,1002.8,8810310,378341.0,395558.0,986.2,1012.8,981.3,986.2,120608250,1084.8,887.6,1102.5,649.1,1011.7,571,5,1011.6,2246,12,1011.5,1032,6,1011.4,851,9,1011.3,772,9,1011.9,2580,12,1012.0,4577,27,1012.1,1484,12,1012.2,2575,10,1012.3,553,9
317,2025-11-26 15:09:29+05:30,1011.7,7,1002.8,8810461,378046.0,395116.0,986.2,1012.8,981.3,986.2,120608250,1084.8,887.6,1102.5,649.1,1011.7,470,5,1011.6,2241,11,1011.5,927,6,1011.4,631,7,1011.3,865,11,1011.9,2535,12,1012.0,4725,28,1012.1,1484,12,1012.2,2575,10,1012.3,553,9
317,2025-11-26 15:09:30+05:30,1011.8,15,1002.8,8810461,378046.0,395116.0,986.2,1012.8,981.3,986.2,120608250,1084.8,887.6,1102.5,649.1,1011.7,470,5,1011.6,2241,11,1011.5,927,6,1011.4,631,7,1011.3,865,11,1011.9,2535,12,1012.0,4725,28,1012.1,1484,12,1012.2,2575,10,1012.3,553,9
317,2025-11-26 15:09:31+05:30,1011.7,9,1002.8,8810560,381968.0,394133.0,986.2,1012.8,981.3,986.2,120608250,1084.8,887.6,1102.5,649.1,1011.7,456,7,1011.6,3070,13,1011.5,551,9,1011.4,631,7,1011.3,831,13,1011.8,30,1,1011.9,2309,9,1012.0,4282,23,1012.1,1110,10,1012.2,2955,12
317,2025-11-26 15:09:31+05:30,1011.8,1,1002.8,8810560,381968.0,394133.0,986.2,1012.8,981.3,986.2,120608250,1084.8,887.6,1102.5,649.1,1011.7,456,7,1011.6,3070,13,1011.5,551,9,1011.4,631,7,1011.3,831,13,1011.8,30,1,1011.9,2309,9,1012.0,4282,23,1012.1,1110,10,1012.2,2955,12
317,2025-11-26 15:09:32+05:30,1011.9,317,1002.8,8811326,380794.0,394005.0,986.2,1012.8,981.3,986.2,120608250,1084.8,887.6,1102.5,649.1,1011.7,442,7,1011.6,3053,14,1011.5,633,9,1011.4,845,9,1011.3,818,12,1011.9,1990,8,1012.0,4282,23,1012.1,1110,10,1012.2,2823,10,1012.3,647,8
317,2025-11-26 15:09:32+05:30,1011.9,123,1002.8,8811326,380794.0,394005.0,986.2,1012.8,981.3,986.2,120608250,1084.8,887.6,1102.5,649.1,1011.7,442,7,1011.6,3053,14,1011.5,633,9,1011.4,845,9,1011.3,818,12,1011.9,1990,8,1012.0,4282,23,1012.1,1110,10,1012.2,2823,10,1012.3,647,8
317,2025-11-26 15:09:33+05:30,1011.9,123,1002.8,8811481,380576.0,394132.0,986.2,1012.8,981.3,986.2,120608250,1084.8,887.6,1102.5,649.1,1011.7,455,8,1011.6,3220,16,1011.5,635,10,1011.4,845,9,1011.3,879,13,1011.9,1855,10,1012.0,4015,22,1012.1,981,9,1012.2,2411,10,1012.3,882,12
317,2025-11-26 15:09:33+05:30,1011.7,586,1002.8,8811481,380576.0,394132.0,986.2,1012.8,981.3,986.2,120608250,1084.8,887.6,1102.5,649.1,1011.7,455,8,1011.6,3220,16,1011.5,635,10,1011.4,845,9,1011.3,879,13,1011.9,1855,10,1012.0,4015,22,1012.1,981,9,1012.2,2411,10,1012.3,882,12
317,2025-11-26 15:09:34+05:30,1011.7,180,1002.8,8812921,380319.0,393893.0,986.2,1012.8,981.3,986.2,120608250,1084.8,887.6,1102.5,649.1,1011.7,565,3,1011.6,2996,13,1011.5,665,10,1011.4,841,9,1011.3,1101,14,1011.9,1920,12,1012.0,4247,24,1012.1,1082,8,1012.2,2285,9,1012.3,542,8
317,2025-11-26 15:09:34+05:30,1011.5,35,1002.8,8812921,380319.0,393893.0,986.2,1012.8,981.3,986.2,120608250,1084.8,887.6,1102.5,649.1,1011.7,565,3,1011.6,2996,13,1011.5,665,10,1011.4,841,9,1011.3,1101,14,1011.9,1920,12,1012.0,4247,24,1012.1,1082,8,1012.2,2285,9,1012.3,542,8
317,2025-11-26 15:09:35+05:30,1011.9,2,1002.8,8818773,376951.0,388319.0,986.2,1012.8,981.3,986.2,120608250,1084.8,887.6,1102.5,649.1,1011.7,16,1,1011.6,769,2,1011.5,324,7,1011.4,759,9,1011.3,1071,14,1011.9,838,9,1012.0,4400,26,1012.1,1313,10,1012.2,2386,11,1012.3,648,9
317,2025-11-26 15:09:35+05:30,1011.9,2,1002.8,8818773,376951.0,388319.0,986.2,1012.8,981.3,986.2,120608250,1084.8,887.6,1102.5,649.1,1011.7,16,1,1011.6,769,2,1011.5,324,7,1011.4,759,9,1011.3,1071,14,1011.9,838,9,1012.0,4400,26,1012.1,1313,10,1012.2,2386,11,1012.3,648,9
317,2025-11-26 15:09:36+05:30,1012.1,10,1002.82,8833196,382025.0,378750.0,986.2,1012.8,981.3,986.2,120608250,1084.8,887.6,1102.5,649.1,1012.1,356,1,1011.9,1098,5,1011.8,427,5,1011.7,1111,13,1011.6,1836,15,1012.2,1870,3,1012.3,15,1,1012.4,1170,4,1012.5,4548,27,1012.6,754,12
317,2025-11-26 15:09:36+05:30,1012.2,3,1002.82,8833196,382025.0,378750.0,986.2,1012.8,981.3,986.2,120608250,1084.8,887.6,1102.5,649.1,1012.1,356,1,1011.9,1098,5,1011.8,427,5,1011.7,1111,13,1011.6,1836,15,1012.2,1870,3,1012.3,15,1,1012.4,1170,4,1012.5,4548,27,1012.6,754,12
317,2025-11-26 15:09:37+05:30,1012.1,355,1002.82,8834246,380608.0,379500.0,986.2,1012.8,981.3,986.2,120608250,1084.8,887.6,1102.5,649.1,1012.0,6,3,1011.9,1046,6,1011.8,575,5,1011.7,829,13,1011.6,1442,15,1012.2,1176,1,1012.3,15,1,1012.4,1334,6,1012.5,5090,33,1012.6,703,12
317,2025-11-26 15:09:37+05:30,1012.2,1,1002.82,8834246,380608.0,379500.0,986.2,1012.8,981.3,986.2,120608250,1084.8,887.6,1102.5,649.1,1012.0,6,3,1011.9,1046,6,1011.8,575,5,1011.7,829,13,1011.6,1442,15,1012.2,1176,1,1012.3,15,1,1012.4,1334,6,1012.5,5090,33,1012.6,703,12
317,2025-11-26 15:09:38+05:30,1012.0,20,1002.82,8834368,379087.0,381021.0,986.2,1012.8,981.3,986.2,120608250,1084.8,887.6,1102.5,649.1,1011.9,35,2,1011.8,910,3,1011.7,766,12,1011.6,1515,14,1011.5,923,13,1012.2,1262,3,1012.3,826,10,1012.4,2227,12,1012.5,4754,29,1012.6,690,11
317,2025-11-26 15:09:38+05:30,1012.2,1,1002.82,8834368,379087.0,381021.0,986.2,1012.8,981.3,986.2,120608250,1084.8,887.6,1102.5,649.1,1011.9,35,2,1011.8,910,3,1011.7,766,12,1011.6,1515,14,1011.5,923,13,1012.2,1262,3,1012.3,826,10,1012.4,2227,12,1012.5,4754,29,1012.6,690,11
317,2025-11-26 15:09:39+05:30,1012.2,1,1002.82,8834562,380589.0,382428.0,986.2,1012.8,981.3,986.2,120608250,1084.8,887.6,1102.5,649.1,1011.9,17,2,1011.8,762,2,1011.7,336,6,1011.6,902,12,1011.5,960,14,1012.0,590,1,1012.2,1363,5,1012.3,964,9,1012.4,2522,13,1012.5,4999,33
317,2025-11-26 15:09:39+05:30,1012.2,1,1002.82,8834562,380589.0,382428.0,986.2,1012.8,981.3,986.2,120608250,1084.8,887.6,1102.5,649.1,1011.9,17,2,1011.8,762,2,1011.7,336,6,1011.6,902,12,1011.5,960,14,1012.0,590,1,1012.2,1363,5,1012.3,964,9,1012.4,2522,13,1012.5,4999,33
317,2025-11-26 15:09:40+05:30,1011.9,397,1002.82,8835007,381868.0,383529.0,986.2,1012.8,981.3,986.2,120608250,1084.8,887.6,1102.5,649.1,1011.8,853,3,1011.7,901,12,1011.6,1004,12,1011.5,960,14,1011.4,4415,15,1011.9,60,1,1012.0,591,2,1012.2,1543,6,1012.3,977,10,1012.4,2148,12
317,2025-11-26 15:09:40+05:30,1011.9,397,1002.82,8835007,381868.0,383529.0,986.2,1012.8,981.3,986.2,120608250,1084.8,887.6,1102.5,649.1,1011.8,853,3,1011.7,901,12,1011.6,1004,12,1011.5,960,14,1011.4,4415,15,1011.9,60,1,1012.0,591,2,1012.2,1543,6,1012.3,977,10,1012.4,2148,12
317,2025-11-26 15:09:41+05:30,1011.9,1,1002.82,8835007,381868.0,383529.0,986.2,1012.8,981.3,986.2,120608250,1084.8,887.6,1102.5,649.1,1011.8,853,3,1011.7,901,12,1011.6,1004,12,1011.5,960,14,1011.4,4415,15,1011.9,60,1,1012.0,591,2,1012.2,1543,6,1012.3,977,10,1012.4,2148,12
317,2025-11-26 15:09:41+05:30,1011.9,1,1002.82,8835633,382611.0,383529.0,986.2,1012.8,981.3,986.2,120608250,1084.8,887.6,1102.5,649.1,1011.8,798,3,1011.7,423,9,1011.6,976,11,1011.5,1174,15,1011.4,5230,17,1011.9,517,3,1012.0,568,2,1012.2,1660,7,1012.3,688,9,1012.4,2429,12
317,2025-11-26 15:09:42+05:30,1011.9,5,1002.82,8835633,382611.0,383529.0,986.2,1012.8,981.3,986.2,120608250,1084.8,887.6,1102.5,649.1,1011.8,798,3,1011.7,423,9,1011.6,976,11,1011.5,1174,15,1011.4,5230,17,1011.9,517,3,1012.0,568,2,1012.2,1660,7,1012.3,688,9,1012.4,2429,12
317,2025-11-26 15:09:42+05:30,1011.8,4,1002.82,8836119,382738.0,383398.0,986.2,1012.8,981.3,986.2,120608250,1084.8,887.6,1102.5,649.1,1011.8,1203,5,1011.7,779,12,1011.6,939,10,1011.5,905,12,1011.4,4912,17,1011.9,142,5,1012.0,568,2,1012.2,1723,6,1012.3,1160,13,1012.4,2131,11
317,2025-11-26 15:09:43+05:30,1011.8,78,1002.82,8836119,382738.0,383398.0,986.2,1012.8,981.3,986.2,120608250,1084.8,887.6,1102.5,649.1,1011.8,1203,5,1011.7,779,12,1011.6,939,10,1011.5,905,12,1011.4,4912,17,1011.9,142,5,1012.0,568,2,1012.2,1723,6,1012.3,1160,13,1012.4,2131,11
317,2025-11-26 15:09:44+05:30,1011.9,3,1002.82,8836479,382453.0,385042.0,986.2,1012.8,981.3,986.2,120608250,1084.8,887.6,1102.5,649.1,1011.8,872,4,1011.7,393,10,1011.6,939,10,1011.5,1119,13,1011.4,4912,17,1011.9,525,2,1012.0,568,2,1012.1,105,1,1012.2,3249,9,1012.3,836,10
317,2025-11-26 15:09:44+05:30,1011.9,1,1002.82,8836479,382453.0,385042.0,986.2,1012.8,981.3,986.2,120608250,1084.8,887.6,1102.5,649.1,1011.8,872,4,1011.7,393,10,1011.6,939,10,1011.5,1119,13,1011.4,4912,17,1011.9,525,2,1012.0,568,2,1012.1,105,1,1012.2,3249,9,1012.3,836,10
317,2025-11-26 15:09:45+05:30,1011.9,1,1002.82,8836488,382468.0,385852.0,986.2,1012.8,981.3,986.2,120608250,1084.8,887.6,1102.5,649.1,1011.8,885,5,1011.7,395,10,1011.6,939,10,1011.5,1119,13,1011.4,4912,17,1011.9,835,2,1012.0,568,2,1012.1,105,1,1012.2,3463,10,1012.3,1090,10
317,2025-11-26 15:09:45+05:30,1011.9,15,1002.82,8836488,382468.0,385852.0,986.2,1012.8,981.3,986.2,120608250,1084.8,887.6,1102.5,649.1,1011.8,885,5,1011.7,395,10,1011.6,939,10,1011.5,1119,13,1011.4,4912,17,1011.9,835,2,1012.0,568,2,1012.1,105,1,1012.2,3463,10,1012.3,1090,10
317,2025-11-26 15:09:45+05:30,1011.8,2,1002.83,8840712,376369.0,385561.0,986.2,1012.8,981.3,986.2,120608250,1084.8,887.6,1102.5,649.1,1011.8,74,4,1011.7,200,7,1011.6,103,3,1011.5,622,7,1011.4,1494,14,1011.9,181,3,1012.0,677,4,1012.1,1299,9,1012.2,3515,12,1012.3,796,9
317,2025-11-26 15:09:46+05:30,1011.9,2,1002.83,8840712,376369.0,385561.0,986.2,1012.8,981.3,986.2,120608250,1084.8,887.6,1102.5,649.1,1011.8,74,4,1011.7,200,7,1011.6,103,3,1011.5,622,7,1011.4,1494,14,1011.9,181,3,1012.0,677,4,1012.1,1299,9,1012.2,3515,12,1012.3,796,9
317,2025-11-26 15:09:47+05:30,1011.9,2,1002.83,8840876,376791.0,385757.0,986.2,1012.8,981.3,986.2,120608250,1084.8,887.6,1102.5,649.1,1011.8,128,4,1011.7,212,8,1011.6,186,4,1011.5,919,10,1011.4,1490,11,1011.9,31,3,1012.0,573,3,1012.1,1027,10,1012.2,3765,10,1012.3,844,12
317,2025-11-26 15:09:47+05:30,1011.9,1,1002.83,8840876,376791.0,385757.0,986.2,1012.8,981.3,986.2,120608250,1084.8,887.6,1102.5,649.1,1011.8,128,4,1011.7,212,8,1011.6,186,4,1011.5,919,10,1011.4,1490,11,1011.9,31,3,1012.0,573,3,1012.1,1027,10,1012.2,3765,10,1012.3,844,12
317,2025-11-26 15:09:48+05:30,1011.9,1,1002.83,8840877,378004.0,385046.0,986.2,1012.8,981.3,986.2,120608250,1084.8,887.6,1102.5,649.1,1011.8,353,7,1011.7,1447,13,1011.6,653,8,1011.5,1418,11,1011.4,1022,12,1011.9,176,5,1012.0,600,3,1012.1,253,2,1012.2,3282,7,1012.3,912,10
317,2025-11-26 15:09:48+05:30,1011.9,2,1002.83,8840877,378004.0,385046.0,986.2,1012.8,981.3,986.2,120608250,1084.8,887.6,1102.5,649.1,1011.8,353,7,1011.7,1447,13,1011.6,653,8,1011.5,1418,11,1011.4,1022,12,1011.9,176,5,1012.0,600,3,1012.1,253,2,1012.2,3282,7,1012.3,912,10
317,2025-11-26 15:09:49+05:30,1011.8,9,1002.83,8840987,376561.0,385208.0,986.2,1012.8,981.3,986.2,120608250,1084.8,887.6,1102.5,649.1,1011.8,100,5,1011.7,1053,10,1011.6,854,8,1011.5,755,9,1011.4,1456,12,1011.9,361,7,1012.0,600,3,1012.1,253,2,1012.2,3282,7,1012.3,1244,13
317,2025-11-26 15:09:49+05:30,1012.2,10,1002.83,8840987,376561.0,385208.0,986.2,1012.8,981.3,986.2,120608250,1084.8,887.6,1102.5,649.1,1011.8,100,5,1011.7,1053,10,1011.6,854,8,1011.5,755,9,1011.4,1456,12,1011.9,361,7,1012.0,600,3,1012.1,253,2,1012.2,3282,7,1012.3,1244,13
317,2025-11-26 15:09:50+05:30,1011.7,11,1002.83,8847819,375909.0,382619.0,986.2,1012.8,981.3,986.2,120608250,1084.8,887.6,1102.5,649.1,1011.7,953,9,1011.6,180,4,1011.5,680,8,1011.4,1485,12,1011.3,3835,16,1011.8,31,1,1012.1,306,2,1012.2,992,6,1012.3,886,8,1012.4,2100,11
317,2025-11-26 15:09:50+05:30,1012.2,32,1002.83,8847819,375909.0,382619.0,986.2,1012.8,981.3,986.2,120608250,1084.8,887.6,1102.5,649.1,1011.7,953,9,1011.6,180,4,1011.5,680,8,1011.4,1485,12,1011.3,3835,16,1011.8,31,1,1012.1,306,2,1012.2,992,6,1012.3,886,8,1012.4,2100,11
317,2025-11-26 15:09:51+05:30,1011.8,1,1002.84,8848977,375117.0,380633.0,986.2,1012.8,981.3,986.2,120608250,1084.8,887.6,1102.5,649.1,1011.8,50,2,1011.7,1058,8,1011.6,757,10,1011.5,1320,11,1011.4,1603,13,1012.1,222,1,1012.2,611,6,1012.3,1036,9,1012.4,1560,7,1012.5,5583,38
317,2025-11-26 15:09:51+05:30,1011.8,1,1002.84,8848977,375117.0,380633.0,986.2,1012.8,981.3,986.2,120608250,1084.8,887.6,1102.5,649.1,1011.8,50,2,1011.7,1058,8,1011.6,757,10,1011.5,1320,11,1011.4,1603,13,1012.1,222,1,1012.2,611,6,1012.3,1036,9,1012.4,1560,7,1012.5,5583,38
317,2025-11-26 15:09:52+05:30,1012.0,1,1002.84,8848980,374707.0,380850.0,986.2,1012.8,981.3,986.2,120608250,1084.8,887.6,1102.5,649.1,1012.0,12,2,1011.9,10,1,1011.8,54,3,1011.7,1152,7,1011.6,739,10,1012.2,647,6,1012.3,1277,8,1012.4,1858,8,1012.5,5600,39,1012.6,616,10
317,2025-11-26 15:09:52+05:30,1012.2,5,1002.84,8848980,374707.0,380850.0,986.2,1012.8,981.3,986.2,120608250,1084.8,887.6,1102.5,649.1,1012.0,12,2,1011.9,10,1,1011.8,54,3,1011.7,1152,7,1011.6,739,10,1012.2,647,6,1012.3,1277,8,1012.4,1858,8,1012.5,5600,39,1012.6,616,10
317,2025-11-26 15:09:53+05:30,1012.2,23,1002.84,8849012,374776.0,381132.0,986.2,1012.8,981.3,986.2,120608250,1084.8,887.6,1102.5,649.1,1012.0,13,3,1011.9,22,2,1011.8,54,3,1011.7,1152,7,1011.6,795,9,1012.2,795,9,1012.3,1277,8,1012.4,1918,8,1012.5,5600,39,1012.6,616,10
317,2025-11-26 15:09:53+05:30,1012.2,16,1002.84,8849012,374776.0,381132.0,986.2,1012.8,981.3,986.2,120608250,1084.8,887.6,1102.5,649.1,1012.0,13,3,1011.9,22,2,1011.8,54,3,1011.7,1152,7,1011.6,795,9,1012.2,795,9,1012.3,1277,8,1012.4,1918,8,1012.5,5600,39,1012.6,616,10
317,2025-11-26 15:09:54+05:30,1012.2,3,1002.84,8849105,374800.0,381034.0,986.2,1012.8,981.3,986.2,120608250,1084.8,887.6,1102.5,649.1,1012.0,14,3,1011.9,22,2,1011.8,53,2,1011.7,1152,7,1011.6,908,11,1012.2,701,7,1012.3,942,8,1012.4,1718,8,1012.5,5731,39,1012.6,931,12
317,2025-11-26 15:09:54+05:30,1012.0,7,1002.84,8849105,374800.0,381034.0,986.2,1012.8,981.3,986.2,120608250,1084.8,887.6,1102.5,649.1,1012.0,14,3,1011.9,22,2,1011.8,53,2,1011.7,1152,7,1011.6,908,11,1012.2,701,7,1012.3,942,8,1012.4,1718,8,1012.5,5731,39,1012.6,931,12
317,2025-11-26 15:09:55+05:30,1012.2,12,1002.84,8849474,374854.0,380704.0,986.2,1012.8,981.3,986.2,120608250,1084.8,887.6,1102.5,649.1,1012.1,1,1,1012.0,114,2,1011.9,27,2,1011.8,39,1,1011.7,1137,6,1012.2,551,5,1012.3,788,7,1012.4,2231,10,1012.5,5557,36,1012.6,659,13
317,2025-11-26 15:09:55+05:30,1012.2,12,1002.84,8849474,374854.0,380704.0,986.2,1012.8,981.3,986.2,120608250,1084.8,887.6,1102.5,649.1,1012.1,1,1,1012.0,114,2,1011.9,27,2,1011.8,39,1,1011.7,1137,6,1012.2,551,5,1012.3,788,7,1012.4,2231,10,1012.5,5557,36,1012.6,659,13
317,2025-11-26 15:09:56+05:30,1012.2,1,1002.84,8849480,375135.0,381033.0,986.2,1012.8,981.3,986.2,120608250,1084.8,887.6,1102.5,649.1,1012.1,19,2,1012.0,114,2,1011.9,122,5,1011.8,51,2,1011.7,1137,6,1012.2,583,7,1012.3,573,6,1012.4,2443,11,1012.5,5705,37,1012.6,807,14
317,2025-11-26 15:09:56+05:30,1012.2,3,1002.84,8849480,375135.0,381033.0,986.2,1012.8,981.3,986.2,120608250,1084.8,887.6,1102.5,649.1,1012.1,19,2,1012.0,114,2,1011.9,122,5,1011.8,51,2,1011.7,1137,6,1012.2,583,7,1012.3,573,6,1012.4,2443,11,1012.5,5705,37,1012.6,807,14
317,2025-11-26 15:09:57+05:30,1012.2,43,1002.84,8849480,375135.0,381033.0,986.2,1012.8,981.3,986.2,120608250,1084.8,887.6,1102.5,649.1,1012.1,19,2,1012.0,114,2,1011.9,122,5,1011.8,51,2,1011.7,1137,6,1012.2,583,7,1012.3,573,6,1012.4,2443,11,1012.5,5705,37,1012.6,807,14
317,2025-11-26 15:09:57+05:30,1012.1,18,1002.84,8849547,375078.0,381271.0,986.2,1012.8,981.3,986.2,120608250,1084.8,887.6,1102.5,649.1,1012.0,114,2,1011.9,127,6,1011.8,300,4,1011.7,1579,10,1011.6,940,12,1012.1,8,1,1012.2,141,4,1012.3,859,4,1012.4,2319,11,1012.5,5931,39
317,2025-11-26 15:09:58+05:30,1012.2,129,1002.84,8849547,375078.0,381271.0,986.2,1012.8,981.3,986.2,120608250,1084.8,887.6,1102.5,649.1,1012.0,114,2,1011.9,127,6,1011.8,300,4,1011.7,1579,10,1011.6,940,12,1012.1,8,1,1012.2,141,4,1012.3,859,4,1012.4,2319,11,1012.5,5931,39
317,2025-11-26 15:09:58+05:30,1012.2,129,1002.84,8849863,381447.0,379696.0,986.2,1012.8,981.3,986.2,120608250,1084.8,887.6,1102.5,649.1,1012.3,750,1,1012.1,1,1,1012.0,226,4,1011.9,881,10,1011.8,706,9,1012.4,1221,4,1012.5,5002,33,1012.6,1373,13,1012.7,2437,15,1012.8,1520,21
317,2025-11-26 15:09:59+05:30,1012.4,1,1002.84,8849863,381447.0,379696.0,986.2,1012.8,981.3,986.2,120608250,1084.8,887.6,1102.5,649.1,1012.3,750,1,1012.1,1,1,1012.0,226,4,1011.9,881,10,1011.8,706,9,1012.4,1221,4,1012.5,5002,33,1012.6,1373,13,1012.7,2437,15,1012.8,1520,21
317,2025-11-26 15:09:59+05:30,1012.4,1,1002.84,8849865,381960.0,380026.0,986.2,1012.8,981.3,986.2,120608250,1084.8,887.6,1102.5,649.1,1012.3,775,3,1012.2,13,2,1012.1,1,1,1012.0,674,4,1011.9,1028,9,1012.4,1124,3,1012.5,4680,30,1012.6,1163,12,1012.7,2437,15,1012.8,1974,28
317,2025-11-26 15:10:00+05:30,1012.2,14,1002.84,8849865,381960.0,380026.0,986.2,1012.8,981.3,986.2,120608250,1084.8,887.6,1102.5,649.1,1012.3,775,3,1012.2,13,2,1012.1,1,1,1012.0,674,4,1011.9,1028,9,1012.4,1124,3,1012.5,4680,30,1012.6,1163,12,1012.7,2437,15,1012.8,1974,28
317,2025-11-26 15:10:01+05:30,1012.1,9,1002.84,8854990,375665.0,381950.0,986.2,1012.8,981.3,986.2,120608250,1084.8,887.6,1102.5,649.1,1012.1,11,1,1011.9,563,5,1011.8,641,8,1011.7,628,7,1011.6,1202,15,1012.2,4,1,1012.3,630,6,1012.4,2115,11,1012.5,5685,36,1012.6,803,11
317,2025-11-26 15:10:01+05:30,1012.2,1,1002.84,8854990,375665.0,381950.0,986.2,1012.8,981.3,986.2,120608250,1084.8,887.6,1102.5,649.1,1012.1,11,1,1011.9,563,5,1011.8,641,8,1011.7,628,7,1011.6,1202,15,1012.2,4,1,1012.3,630,6,1012.4,2115,11,1012.5,5685,36,1012.6,803,11
317,2025-11-26 15:10:02+05:30,1012.2,1,1002.84,8855031,375955.0,383054.0,986.2,1012.8,981.3,986.2,120608250,1084.8,887.6,1102.5,649.1,1012.0,4,1,1011.9,559,5,1011.8,54,3,1011.7,401,5,1011.6,1656,14,1012.2,882,6,1012.3,1150,10,1012.4,2322,12,1012.5,5685,36,1012.6,852,14
317,2025-11-26 15:10:02+05:30,1012.0,4,1002.84,8855031,375955.0,383054.0,986.2,1012.8,981.3,986.2,120608250,1084.8,887.6,1102.5,649.1,1012.0,4,1,1011.9,559,5,1011.8,54,3,1011.7,401,5,1011.6,1656,14,1012.2,882,6,1012.3,1150,10,1012.4,2322,12,1012.5,5685,36,1012.6,852,14
317,2025-11-26 15:10:03+05:30,1011.8,10,1002.84,8856583,377735.0,383719.0,986.2,1012.8,981.3,986.2,120608250,1084.8,887.6,1102.5,649.1,1011.7,108,2,1011.6,515,4,1011.5,630,10,1011.4,4104,15,1011.3,1683,10,1011.9,208,1,1012.0,658,4,1012.1,299,3,1012.2,2150,13,1012.3,652,7
317,2025-11-26 15:10:03+05:30,1011.7,17,1002.84,8856583,377735.0,383719.0,986.2,1012.8,981.3,986.2,120608250,1084.8,887.6,1102.5,649.1,1011.7,108,2,1011.6,515,4,1011.5,630,10,1011.4,4104,15,1011.3,1683,10,1011.9,208,1,1012.0,658,4,1012.1,299,3,1012.2,2150,13,1012.3,652,7
317,2025-11-26 15:10:04+05:30,1011.9,1,1002.84,8856628,378284.0,383427.0,986.2,1012.8,981.3,986.2,120608250,1084.8,887.6,1102.5,649.1,1011.7,271,4,1011.6,610,6,1011.5,923,12,1011.4,4480,13,1011.3,1596,9,1011.9,5,1,1012.0,628,5,1012.1,299,3,1012.2,1852,10,1012.3,918,9
317,2025-11-26 15:10:04+05:30,1011.8,3,1002.84,8856628,378284.0,383427.0,986.2,1012.8,981.3,986.2,120608250,1084.8,887.6,1102.5,649.1,1011.7,271,4,1011.6,610,6,1011.5,923,12,1011.4,4480,13,1011.3,1596,9,1011.9,5,1,1012.0,628,5,1012.1,299,3,1012.2,1852,10,1012.3,918,9
317,2025-11-26 15:10:05+05:30,1011.8,3,1002.84,8857195,372832.0,383104.0,986.2,1012.8,981.3,986.2,120608250,1084.8,887.6,1102.5,649.1,1011.8,750,1,1011.7,673,7,1011.6,934,10,1011.5,1380,14,1011.4,3381,12,1012.1,1755,1,1012.2,429,4,1012.3,1065,7,1012.4,1583,8,1012.5,5739,39
317,2025-11-26 15:10:05+05:30,1011.9,90,1002.84,8857195,372832.0,383104.0,986.2,1012.8,981.3,986.2,120608250,1084.8,887.6,1102.5,649.1,1011.8,750,1,1011.7,673,7,1011.6,934,10,1011.5,1380,14,1011.4,3381,12,1012.1,1755,1,1012.2,429,4,1012.3,1065,7,1012.4,1583,8,1012.5,5739,39
317,2025-11-26 15:10:06+05:30,1012.1,1,1002.85,8859894,372933.0,381704.0,986.2,1012.8,981.3,986.2,120608250,1084.8,887.6,1102.5,649.1,1011.8,939,4,1011.7,693,8,1011.6,715,9,1011.5,1438,13,1011.4,3383,17,1012.1,1407,4,1012.2,418,4,1012.3,525,5,1012.4,1875,9,1012.5,5249,37
317,2025-11-26 15:10:06+05:30,1012.1,2,1002.85,8859894,372933.0,381704.0,986.2,1012.8,981.3,986.2,120608250,1084.8,887.6,1102.5,649.1,1011.8,939,4,1011.7,693,8,1011.6,715,9,1011.5,1438,13,1011.4,3383,17,1012.1,1407,4,1012.2,418,4,1012.3,525,5,1012.4,1875,9,1012.5,5249,37
317,2025-11-26 15:10:07+05:30,1011.8,2,1002.85,8860034,373317.0,382662.0,986.2,1012.8,981.3,986.2,120608250,1084.8,887.6,1102.5,649.1,1011.8,826,4,1011.7,612,7,1011.6,1227,12,1011.5,917,12,1011.4,3735,19,1012.1,1270,4,1012.2,182,3,1012.3,1624,10,1012.4,1701,7,1012.5,5249,37
317,2025-11-26 15:10:07+05:30,1012.1,4,1002.85,8860034,373317.0,382662.0,986.2,1012.8,981.3,986.2,120608250,1084.8,887.6,1102.5,649.1,1011.8,826,4,1011.7,612,7,1011.6,1227,12,1011.5,917,12,1011.4,3735,19,1012.1,1270,4,1012.2,182,3,1012.3,1624,10,1012.4,1701,7,1012.5,5249,37
317,2025-11-26 15:10:08+05:30,1012.1,2,1002.85,8860040,373212.0,383299.0,986.2,1012.8,981.3,986.2,120608250,1084.8,887.6,1102.5,649.1,1011.8,79,3,1011.7,861,5,1011.6,617,8,1011.5,1444,11,1011.4,1653,14,1012.1,1785,9,1012.2,763,7,1012.3,1190,11,1012.4,1701,7,1012.5,5249,37
317,2025-11-26 15:10:08+05:30,1012.0,2,1002.85,8860040,373212.0,383299.0,986.2,1012.8,981.3,986.2,120608250,1084.8,887.6,1102.5,649.1,1011.8,79,3,1011.7,861,5,1011.6,617,8,1011.5,1444,11,1011.4,1653,14,1012.1,1785,9,1012.2,763,7,1012.3,1190,11,1012.4,1701,7,1012.5,5249,37
317,2025-11-26 15:10:09+05:30,1012.0,2,1002.85,8860070,377802.0,384149.0,986.2,1012.8,981.3,986.2,120608250,1084.8,887.6,1102.5,649.1,1011.8,922,6,1011.7,783,10,1011.6,1086,12,1011.5,1418,12,1011.4,4437,17,1012.0,386,1,1012.1,1215,8,1012.2,254,3,1012.3,647,6,1012.4,2241,11
317,2025-11-26 15:10:09+05:30,1012.0,1,1002.85,8860070,377802.0,384149.0,986.2,1012.8,981.3,986.2,120608250,1084.8,887.6,1102.5,649.1,1011.8,922,6,1011.7,783,10,1011.6,1086,12,1011.5,1418,12,1011.4,4437,17,1012.0,386,1,1012.1,1215,8,1012.2,254,3,1012.3,647,6,1012.4,2241,11
317,2025-11-26 15:10:10+05:30,1012.0,1,1002.85,8860820,383950.0,382800.0,986.2,1012.8,981.3,986.2,120608250,1084.8,887.6,1102.5,649.1,1011.9,3249,1,1011.8,860,9,1011.7,559,9,1011.6,1370,14,1011.5,934,11,1012.0,77,4,1012.1,1102,5,1012.2,52,1,1012.3,777,4,1012.4,1576,8
317,2025-11-26 15:10:10+05:30,1012.1,115,1002.85,8860820,383950.0,382800.0,986.2,1012.8,981.3,986.2,120608250,1084.8,887.6,1102.5,649.1,1011.9,3249,1,1011.8,860,9,1011.7,559,9,1011.6,1370,14,1011.5,934,11,1012.0,77,4,1012.1,1102,5,1012.2,52,1,1012.3,777,4,1012.4,1576,8
317,2025-11-26 15:10:11+05:30,1012.0,1,1002.85,8863361,380367.0,382462.0,986.2,1012.8,981.3,986.2,120608250,1084.8,887.6,1102.5,649.1,1012.0,1,1,1011.9,1279,6,1011.8,863,10,1011.7,470,7,1011.6,1126,11,1012.1,813,4,1012.2,153,2,1012.3,1353,7,1012.4,1666,9,1012.5,6033,40
317,2025-11-26 15:10:11+05:30,1012.1,1,1002.85,8863361,380367.0,382462.0,986.2,1012.8,981.3,986.2,120608250,1084.8,887.6,1102.5,649.1,1012.0,1,1,1011.9,1279,6,1011.8,863,10,1011.7,470,7,1011.6,1126,11,1012.1,813,4,1012.2,153,2,1012.3,1353,7,1012.4,1666,9,1012.5,6033,40
317,2025-11-26 15:10:12+05:30,1012.0,1,1002.85,8863364,379849.0,382276.0,986.2,1012.8,981.3,986.2,120608250,1084.8,887.6,1102.5,649.1,1012.0,34,2,1011.9,1279,6,1011.8,1149,10,1011.7,470,7,1011.6,1126,11,1012.1,896,5,1012.2,287,3,1012.3,750,6,1012.4,2182,11,1012.5,5735,39
317,2025-11-26 15:10:12+05:30,1012.1,6,1002.85,8863364,379849.0,382276.0,986.2,1012.8,981.3,986.2,120608250,1084.8,887.6,1102.5,649.1,1012.0,34,2,1011.9,1279,6,1011.8,1149,10,1011.7,470,7,1011.6,1126,11,1012.1,896,5,1012.2,287,3,1012.3,750,6,1012.4,2182,11,1012.5,5735,39
317,2025-11-26 15:10:13+05:30,1012.1,23,1002.85,8863518,379857.0,382777.0,986.2,1012.8,981.3,986.2,120608250,1084.8,887.6,1102.5,649.1,1012.0,49,3,1011.9,1250,5,1011.8,1121,9,1011.7,555,8,1011.6,908,10,1012.1,930,9,1012.2,98,1,1012.3,967,7,1012.4,1666,9,1012.5,6033,40
317,2025-11-26 15:10:13+05:30,1012.0,10,1002.85,8863518,379857.0,382777.0,986.2,1012.8,981.3,986.2,120608250,1084.8,887.6,1102.5,649.1,1012.0,49,3,1011.9,1250,5,1011.8,1121,9,1011.7,555,8,1011.6,908,10,1012.1,930,9,1012.2,98,1,1012.3,967,7,1012.4,1666,9,1012.5,6033,40
317,2025-11-26 15:10:14+05:30,1012.1,1,1002.85,8863725,379831.0,384688.0,986.2,1012.8,981.3,986.2,120608250,1084.8,887.6,1102.5,649.1,1012.0,33,2,1011.9,1250,5,1011.8,1121,9,1011.7,555,8,1011.6,908,10,1012.1,912,9,1012.2,404,3,1012.3,750,6,1012.4,2683,12,1012.5,5735,39
317,2025-11-26 15:10:14+05:30,1012.1,2,1002.85,8863725,379831.0,384688.0,986.2,1012.8,981.3,986.2,120608250,1084.8,887.6,1102.5,649.1,1012.0,33,2,1011.9,1250,5,1011.8,1121,9,1011.7,555,8,1011.6,908,10,1012.1,912,9,1012.2,404,3,1012.3,750,6,1012.4,2683,12,1012.5,5735,39
317,2025-11-26 15:10:15+05:30,1012.1,1,1002.85,8863756,379868.0,384715.0,986.2,1012.8,981.3,986.2,120608250,1084.8,887.6,1102.5,649.1,1012.0,183,3,1011.9,1305,7,1011.8,1121,9,1011.7,473,6,1011.6,886,10,1012.1,894,10,1012.2,404,3,1012.3,1317,7,1012.4,1938,8,1012.5,5976,42
317,2025-11-26 15:10:15+05:30,1012.1,17,1002.85,8863756,379868.0,384715.0,986.2,1012.8,981.3,986.2,120608250,1084.8,887.6,1102.5,649.1,1012.0,183,3,1011.9,1305,7,1011.8,1121,9,1011.7,473,6,1011.6,886,10,1012.1,894,10,1012.2,404,3,1012.3,1317,7,1012.4,1938,8,1012.5,5976,42
317,2025-11-26 15:10:16+05:30,1012.0,1,1002.85,8864680,379336.0,383202.0,986.2,1012.8,981.3,986.2,120608250,1084.8,887.6,1102.5,649.1,1012.0,186,5,1011.9,1305,7,1011.8,1367,11,1011.7,765,8,1011.6,886,10,1012.1,312,6,1012.2,301,2,1012.3,947,5,1012.4,2062,8,1012.5,5249,37
317,2025-11-26 15:10:16+05:30,1012.1,3,1002.85,8864680,379336.0,383202.0,986.2,1012.8,981.3,986.2,120608250,1084.8,887.6,1102.5,649.1,1012.0,186,5,1011.9,1305,7,1011.8,1367,11,1011.7,765,8,1011.6,886,10,1012.1,312,6,1012.2,301,2,1012.3,947,5,1012.4,2062,8,1012.5,5249,37
317,2025-11-26 15:10:17+05:30,1012.1,5,1002.85,8864689,378277.0,383655.0,986.2,1012.8,981.3,986.2,120608250,1084.8,887.6,1102.5,649.1,1012.0,185,5,1011.9,1305,7,1011.8,1153,10,1011.7,551,7,1011.6,1312,12,1012.1,400,9,1012.2,399,3,1012.3,1463,8,1012.4,1999,8,1012.5,5275,39
317,2025-11-26 15:10:17+05:30,1012.1,2,1002.85,8864689,378277.0,383655.0,986.2,1012.8,981.3,986.2,120608250,1084.8,887.6,1102.5,649.1,1012.0,185,5,1011.9,1305,7,1011.8,1153,10,1011.7,551,7,1011.6,1312,12,1012.1,400,9,1012.2,399,3,1012.3,1463,8,1012.4,1999,8,1012.5,5275,39
317,2025-11-26 15:10:18+05:30,1012.1,50,1002.85,8864922,378438.0,383949.0,986.2,1012.8,981.3,986.2,120608250,1084.8,887.6,1102.5,649.1,1012.0,128,5,1011.9,1305,7,1011.8,1153,10,1011.7,375,5,1011.6,1229,11,1012.1,499,10,1012.2,440,4,1012.3,1536,9,1012.4,1999,8,1012.5,5249,37
317,2025-11-26 15:10:18+05:30,1012.1,2,1002.85,8864922,378438.0,383949.0,986.2,1012.8,981.3,986.2,120608250,1084.8,887.6,1102.5,649.1,1012.0,128,5,1011.9,1305,7,1011.8,1153,10,1011.7,375,5,1011.6,1229,11,1012.1,499,10,1012.2,440,4,1012.3,1536,9,1012.4,1999,8,1012.5,5249,37
317,2025-11-26 15:10:19+05:30,1012.0,1,1002.85,8864939,378647.0,383733.0,986.2,1012.8,981.3,986.2,120608250,1084.8,887.6,1102.5,649.1,1012.0,113,3,1011.9,1305,7,1011.8,1539,12,1011.7,386,6,1011.6,1116,10,1012.1,494,11,1012.2,440,4,1012.3,1321,8,1012.4,2210,9,1012.5,5275,39
317,2025-11-26 15:10:19+05:30,1012.0,3,1002.85,8864939,378647.0,383733.0,986.2,1012.8,981.3,986.2,120608250,1084.8,887.6,1102.5,649.1,1012.0,113,3,1011.9,1305,7,1011.8,1539,12,1011.7,386,6,1011.6,1116,10,1012.1,494,11,1012.2,440,4,1012.3,1321,8,1012.4,2210,9,1012.5,5275,39
317,2025-11-26 15:10:20+05:30,1012.0,15,1002.85,8865403,377922.0,384114.0,986.2,1012.8,981.3,986.2,120608250,1084.8,887.6,1102.5,649.1,1011.9,1305,7,1011.8,784,10,1011.7,557,8,1011.6,1303,8,1011.5,795,7,1012.0,69,1,1012.1,456,11,1012.2,524,4,1012.3,1728,9,1012.4,1689,7
317,2025-11-26 15:10:20+05:30,1012.0,15,1002.85,8865403,377922.0,384114.0,986.2,1012.8,981.3,986.2,120608250,1084.8,887.6,1102.5,649.1,1011.9,1305,7,1011.8,784,10,1011.7,557,8,1011.6,1303,8,1011.5,795,7,1012.0,69,1,1012.1,456,11,1012.2,524,4,1012.3,1728,9,1012.4,1689,7
317,2025-11-26 15:10:21+05:30,1011.9,10,1002.85,8865426,378040.0,385010.0,986.2,1012.8,981.3,986.2,120608250,1084.8,887.6,1102.5,649.1,1011.9,1255,5,1011.8,844,12,1011.7,125,5,1011.6,466,6,1011.5,1446,8,1012.0,772,6,1012.1,653,8,1012.2,817,6,1012.3,1393,8,1012.4,1715,9
317,2025-11-26 15:10:21+05:30,1012.0,1,1002.85,8865426,378040.0,385010.0,986.2,1012.8,981.3,986.2,120608250,1084.8,887.6,1102.5,649.1,1011.9,1255,5,1011.8,844,12,1011.7,125,5,1011.6,466,6,1011.5,1446,8,1012.0,772,6,1012.1,653,8,1012.2,817,6,1012.3,1393,8,1012.4,1715,9
317,2025-11-26 15:10:22+05:30,1012.0,4,1002.85,8865426,378040.0,385010.0,986.2,1012.8,981.3,986.2,120608250,1084.8,887.6,1102.5,649.1,1011.9,1255,5,1011.8,844,12,1011.7,125,5,1011.6,466,6,1011.5,1446,8,1012.0,772,6,1012.1,653,8,1012.2,817,6,1012.3,1393,8,1012.4,1715,9
317,2025-11-26 15:10:22+05:30,1012.0,4,1002.85,8865466,377909.0,385849.0,986.2,1012.8,981.3,986.2,120608250,1084.8,887.6,1102.5,649.1,1011.9,1248,5,1011.8,844,12,1011.7,125,5,1011.6,448,5,1011.5,1463,9,1012.0,894,8,1012.1,743,9,1012.2,1041,8,1012.3,1393,8,1012.4,1755,10
317,2025-11-26 15:10:24+05:30,1012.0,4,1002.85,8865466,374703.0,385770.0,986.2,1012.8,981.3,986.2,120608250,1084.8,887.6,1102.5,649.1,1011.9,1248,5,1011.8,844,12,1011.7,125,5,1011.6,160,3,1011.5,1486,10,1012.0,984,9,1012.1,909,10,1012.2,1041,8,1012.3,1393,8,1012.4,1755,10
317,2025-11-26 15:10:24+05:30,1011.9,20,1002.85,8865466,374703.0,385770.0,986.2,1012.8,981.3,986.2,120608250,1084.8,887.6,1102.5,649.1,1011.9,1248,5,1011.8,844,12,1011.7,125,5,1011.6,160,3,1011.5,1486,10,1012.0,984,9,1012.1,909,10,1012.2,1041,8,1012.3,1393,8,1012.4,1755,10
317,2025-11-26 15:10:25+05:30,1012.0,30,1002.85,8865719,376918.0,387523.0,986.2,1012.8,981.3,986.2,120608250,1084.8,887.6,1102.5,649.1,1011.9,1202,7,1011.8,860,12,1011.7,125,5,1011.6,70,2,1011.5,1486,10,1012.0,971,11,1012.1,997,12,1012.2,1000,7,1012.3,1393,8,1012.4,1755,10
317,2025-11-26 15:10:25+05:30,1011.9,10,1002.85,8865719,376918.0,387523.0,986.2,1012.8,981.3,986.2,120608250,1084.8,887.6,1102.5,649.1,1011.9,1202,7,1011.8,860,12,1011.7,125,5,1011.6,70,2,1011.5,1486,10,1012.0,971,11,1012.1,997,12,1012.2,1000,7,1012.3,1393,8,1012.4,1755,10
317,2025-11-26 15:10:26+05:30,1011.9,3,1002.85,8866353,376263.0,387448.0,986.2,1012.8,981.3,986.2,120608250,1084.8,887.6,1102.5,649.1,1011.9,736,8,1011.8,812,9,1011.7,129,6,1011.6,73,3,1011.5,1094,6,1012.0,1371,11,1012.1,1000,13,1012.2,1694,9,1012.3,528,6,1012.4,1539,8
317,2025-11-26 15:10:26+05:30,1012.0,2,1002.85,8866353,376263.0,387448.0,986.2,1012.8,981.3,986.2,120608250,1084.8,887.6,1102.5,649.1,1011.9,736,8,1011.8,812,9,1011.7,129,6,1011.6,73,3,1011.5,1094,6,1012.0,1371,11,1012.1,1000,13,1012.2,1694,9,1012.3,528,6,1012.4,1539,8
317,2025-11-26 15:10:27+05:30,1012.0,110,1002.85,8866482,376279.0,387295.0,986.2,1012.8,981.3,986.2,120608250,1084.8,887.6,1102.5,649.1,1011.9,725,9,1011.8,812,9,1011.7,129,6,1011.6,73,3,1011.5,1270,7,1012.0,1250,12,1012.1,996,12,1012.2,1396,8,1012.3,826,7,1012.4,1539,8
317,2025-11-26 15:10:27+05:30,1012.0,110,1002.85,8866482,376279.0,387295.0,986.2,1012.8,981.3,986.2,120608250,1084.8,887.6,1102.5,649.1,1011.9,725,9,1011.8,812,9,1011.7,129,6,1011.6,73,3,1011.5,1270,7,1012.0,1250,12,1012.1,996,12,1012.2,1396,8,1012.3,826,7,1012.4,1539,8
317,2025-11-26 15:10:28+05:30,1012.0,110,1002.85,8866482,376249.0,388258.0,986.2,1012.8,981.3,986.2,120608250,1084.8,887.6,1102.5,649.1,1011.9,738,10,1011.8,812,9,1011.7,129,6,1011.6,73,3,1011.5,1270,7,1012.0,1465,13,1012.1,1045,13,1012.2,2044,10,1012.3,528,6,1012.4,1539,8
317,2025-11-26 15:10:28+05:30,1012.0,2,1002.85,8866482,376249.0,388258.0,986.2,1012.8,981.3,986.2,120608250,1084.8,887.6,1102.5,649.1,1011.9,738,10,1011.8,812,9,1011.7,129,6,1011.6,73,3,1011.5,1270,7,1012.0,1465,13,1012.1,1045,13,1012.2,2044,10,1012.3,528,6,1012.4,1539,8
317,2025-11-26 15:10:29+05:30,1012.0,4,1002.85,8866496,376269.0,387749.0,986.2,1012.8,981.3,986.2,120608250,1084.8,887.6,1102.5,649.1,1011.9,730,9,1011.8,812,9,1011.7,129,6,1011.6,68,2,1011.5,1287,8,1012.0,1363,12,1012.1,846,12,1012.2,1660,10,1012.3,528,6,1012.4,1715,9
317,2025-11-26 15:10:29+05:30,1012.0,320,1002.85,8866496,376269.0,387749.0,986.2,1012.8,981.3,986.2,120608250,1084.8,887.6,1102.5,649.1,1011.9,730,9,1011.8,812,9,1011.7,129,6,1011.6,68,2,1011.5,1287,8,1012.0,1363,12,1012.1,846,12,1012.2,1660,10,1012.3,528,6,1012.4,1715,9
317,2025-11-26 15:10:30+05:30,1011.9,31,1002.85,8867381,375931.0,387722.0,986.2,1012.8,981.3,986.2,120608250,1084.8,887.6,1102.5,649.1,1011.9,274,7,1011.8,812,9,1011.7,129,6,1011.6,329,4,1011.5,1342,8,1012.0,942,11,1012.1,797,11,1012.2,957,7,1012.3,1261,8,1012.4,2181,9
317,2025-11-26 15:10:30+05:30,1012.0,1,1002.85,8867381,375931.0,387722.0,986.2,1012.8,981.3,986.2,120608250,1084.8,887.6,1102.5,649.1,1011.9,274,7,1011.8,812,9,1011.7,129,6,1011.6,329,4,1011.5,1342,8,1012.0,942,11,1012.1,797,11,1012.2,957,7,1012.3,1261,8,1012.4,2181,9
317,2025-11-26 15:10:31+05:30,1012.0,1,1002.86,8868784,377263.0,385207.0,986.2,1012.8,981.3,986.2,120608250,1084.8,887.6,1102.5,649.1,1012.0,1014,3,1011.9,516,11,1011.8,1060,12,1011.7,664,8,1011.6,1425,7,1012.1,360,8,1012.2,375,2,1012.3,169,3,1012.4,1606,6,1012.5,6015,42
317,2025-11-26 15:10:31+05:30,1012.1,1,1002.86,8868784,377263.0,385207.0,986.2,1012.8,981.3,986.2,120608250,1084.8,887.6,1102.5,649.1,1012.0,1014,3,1011.9,516,11,1011.8,1060,12,1011.7,664,8,1011.6,1425,7,1012.1,360,8,1012.2,375,2,1012.3,169,3,1012.4,1606,6,1012.5,6015,42
317,2025-11-26 15:10:32+05:30,1012.1,14,1002.86,8868801,378054.0,384975.0,986.2,1012.8,981.3,986.2,120608250,1084.8,887.6,1102.5,649.1,1012.0,1097,4,1011.9,648,10,1011.8,1450,16,1011.7,880,10,1011.6,1344,8,1012.1,235,6,1012.2,375,2,1012.3,5,1,1012.4,1455,5,1012.5,5614,41
317,2025-11-26 15:10:32+05:30,1012.1,5,1002.86,8868801,378054.0,384975.0,986.2,1012.8,981.3,986.2,120608250,1084.8,887.6,1102.5,649.1,1012.0,1097,4,1011.9,648,10,1011.8,1450,16,1011.7,880,10,1011.6,1344,8,1012.1,235,6,1012.2,375,2,1012.3,5,1,1012.4,1455,5,1012.5,5614,41
317,2025-11-26 15:10:33+05:30,1012.1,2,1002.86,8869458,376790.0,386477.0,986.2,1012.8,981.3,986.2,120608250,1084.8,887.6,1102.5,649.1,1012.0,495,4,1011.9,429,8,1011.8,918,12,1011.7,536,8,1011.6,1344,8,1012.1,748,11,1012.2,736,5,1012.3,1436,8,1012.4,1606,6,1012.5,5614,41
317,2025-11-26 15:10:33+05:30,1012.1,2,1002.86,8869458,376790.0,386477.0,986.2,1012.8,981.3,986.2,120608250,1084.8,887.6,1102.5,649.1,1012.0,495,4,1011.9,429,8,1011.8,918,12,1011.7,536,8,1011.6,1344,8,1012.1,748,11,1012.2,736,5,1012.3,1436,8,1012.4,1606,6,1012.5,5614,41
317,2025-11-26 15:10:34+05:30,1012.0,10,1002.86,8869573,376769.0,386213.0,986.2,1012.8,981.3,986.2,120608250,1084.8,887.6,1102.5,649.1,1012.0,385,4,1011.9,429,8,1011.8,1040,14,1011.7,536,8,1011.6,1344,8,1012.1,676,11,1012.2,446,3,1012.3,1236,7,1012.4,1904,7,1012.5,5614,41
317,2025-11-26 15:10:34+05:30,1012.0,10,1002.86,8869573,376769.0,386213.0,986.2,1012.8,981.3,986.2,120608250,1084.8,887.6,1102.5,649.1,1012.0,385,4,1011.9,429,8,1011.8,1040,14,1011.7,536,8,1011.6,1344,8,1012.1,676,11,1012.2,446,3,1012.3,1236,7,1012.4,1904,7,1012.5,5614,41
317,2025-11-26 15:10:35+05:30,1012.1,2,1002.86,8869591,376998.0,386206.0,986.2,1012.8,981.3,986.2,120608250,1084.8,887.6,1102.5,649.1,1012.0,396,5,1011.9,427,7,1011.8,1130,15,1011.7,676,8,1011.6,1344,8,1012.1,660,12,1012.2,446,3,1012.3,1240,7,1012.4,1904,7,1012.5,5619,42
317,2025-11-26 15:10:35+05:30,1012.1,2,1002.86,8869591,376998.0,386206.0,986.2,1012.8,981.3,986.2,120608250,1084.8,887.6,1102.5,649.1,1012.0,396,5,1011.9,427,7,1011.8,1130,15,1011.7,676,8,1011.6,1344,8,1012.1,660,12,1012.2,446,3,1012.3,1240,7,1012.4,1904,7,1012.5,5619,42
317,2025-11-26 15:10:36+05:30,1012.0,56,1002.86,8869649,377255.0,386037.0,986.2,1012.8,981.3,986.2,120608250,1084.8,887.6,1102.5,649.1,1012.0,1086,8,1011.9,33,5,1011.8,1077,14,1011.7,676,8,1011.6,1344,8,1012.1,551,11,1012.2,395,3,1012.3,852,5,1012.4,2286,9,1012.5,5619,42
317,2025-11-26 15:10:36+05:30,1012.1,3,1002.86,8869649,377255.0,386037.0,986.2,1012.8,981.3,986.2,120608250,1084.8,887.6,1102.5,649.1,1012.0,1086,8,1011.9,33,5,1011.8,1077,14,1011.7,676,8,1011.6,1344,8,1012.1,551,11,1012.2,395,3,1012.3,852,5,1012.4,2286,9,1012.5,5619,42
317,2025-11-26 15:10:37+05:30,1012.0,74,1002.86,8869737,377191.0,386896.0,986.2,1012.8,981.3,986.2,120608250,1084.8,887.6,1102.5,649.1,1012.0,1147,8,1011.9,41,6,1011.8,1006,13,1011.7,676,8,1011.6,1305,7,1012.1,718,12,1012.2,556,5,1012.3,1234,7,1012.4,1904,7,1012.5,5619,42
317,2025-11-26 15:10:37+05:30,1012.0,74,1002.86,8869737,377191.0,386896.0,986.2,1012.8,981.3,986.2,120608250,1084.8,887.6,1102.5,649.1,1012.0,1147,8,1011.9,41,6,1011.8,1006,13,1011.7,676,8,1011.6,1305,7,1012.1,718,12,1012.2,556,5,1012.3,1234,7,1012.4,1904,7,1012.5,5619,42
317,2025-11-26 15:10:38+05:30,1012.1,70,1002.86,8870032,377135.0,386728.0,986.2,1012.8,981.3,986.2,120608250,1084.8,887.6,1102.5,649.1,1012.0,1022,7,1011.9,41,6,1011.8,939,12,1011.7,676,8,1011.6,1417,8,1012.1,700,9,1012.2,556,5,1012.3,1307,8,1012.4,2002,8,1012.5,5544,41
317,2025-11-26 15:10:38+05:30,1012.1,2,1002.86,8870032,377135.0,386728.0,986.2,1012.8,981.3,986.2,120608250,1084.8,887.6,1102.5,649.1,1012.0,1022,7,1011.9,41,6,1011.8,939,12,1011.7,676,8,1011.6,1417,8,1012.1,700,9,1012.2,556,5,1012.3,1307,8,1012.4,2002,8,1012.5,5544,41
317,2025-11-26 15:10:39+05:30,1012.1,1,1002.86,8870035,372660.0,384737.0,986.2,1012.8,981.3,986.2,120608250,1084.8,887.6,1102.5,649.1,1012.0,1023,8,1011.9,40,5,1011.8,849,11,1011.7,676,8,1011.6,1417,8,1012.1,901,11,1012.2,747,6,1012.3,608,6,1012.4,2586,9,1012.5,5544,41
317,2025-11-26 15:10:39+05:30,1012.0,3,1002.86,8870035,372660.0,384737.0,986.2,1012.8,981.3,986.2,120608250,1084.8,887.6,1102.5,649.1,1012.0,1023,8,1011.9,40,5,1011.8,849,11,1011.7,676,8,1011.6,1417,8,1012.1,901,11,1012.2,747,6,1012.3,608,6,1012.4,2586,9,1012.5,5544,41
317,2025-11-26 15:10:40+05:30,1012.0,336,1002.86,8870718,373404.0,384975.0,986.2,1012.8,981.3,986.2,120608250,1084.8,887.6,1102.5,649.1,1012.0,1687,5,1011.9,26,4,1011.8,849,11,1011.7,676,8,1011.6,1417,8,1012.1,790,11,1012.2,747,6,1012.3,608,6,1012.4,2002,8,1012.5,5544,41
317,2025-11-26 15:10:40+05:30,1012.1,2,1002.86,8870718,373404.0,384975.0,986.2,1012.8,981.3,986.2,120608250,1084.8,887.6,1102.5,649.1,1012.0,1687,5,1011.9,26,4,1011.8,849,11,1011.7,676,8,1011.6,1417,8,1012.1,790,11,1012.2,747,6,1012.3,608,6,1012.4,2002,8,1012.5,5544,41
317,2025-11-26 15:10:41+05:30,1012.0,1,1002.86,8870886,372903.0,384994.0,986.2,1012.8,981.3,986.2,120608250,1084.8,887.6,1102.5,649.1,1012.0,1658,7,1011.9,26,4,1011.8,853,12,1011.7,615,7,1011.6,1417,8,1012.1,776,12,1012.2,556,5,1012.3,1049,7,1012.4,2384,10,1012.5,5544,41
317,2025-11-26 15:10:41+05:30,1012.1,1,1002.86,8870886,372903.0,384994.0,986.2,1012.8,981.3,986.2,120608250,1084.8,887.6,1102.5,649.1,1012.0,1658,7,1011.9,26,4,1011.8,853,12,1011.7,615,7,1011.6,1417,8,1012.1,776,12,1012.2,556,5,1012.3,1049,7,1012.4,2384,10,1012.5,5544,41
317,2025-11-26 15:10:42+05:30,1012.1,5,1002.86,8871396,372630.0,384585.0,986.2,1012.8,981.3,986.2,120608250,1084.8,887.6,1102.5,649.1,1012.0,1658,7,1011.9,26,4,1011.8,853,12,1011.7,615,7,1011.6,1417,8,1012.1,462,8,1012.2,556,5,1012.3,1240,8,1012.4,2193,9,1012.5,5544,41
317,2025-11-26 15:10:42+05:30,1012.1,5,1002.86,8871396,372630.0,384585.0,986.2,1012.8,981.3,986.2,120608250,1084.8,887.6,1102.5,649.1,1012.0,1658,7,1011.9,26,4,1011.8,853,12,1011.7,615,7,1011.6,1417,8,1012.1,462,8,1012.2,556,5,1012.3,1240,8,1012.4,2193,9,1012.5,5544,41
317,2025-11-26 15:10:43+05:30,1012.1,1,1002.86,8871599,372538.0,385217.0,986.2,1012.8,981.3,986.2,120608250,1084.8,887.6,1102.5,649.1,1012.0,1487,5,1011.9,26,4,1011.8,853,12,1011.7,515,5,1011.6,1417,8,1012.1,1054,12,1012.2,556,5,1012.3,953,8,1012.4,2520,9,1012.5,5544,41
317,2025-11-26 15:10:43+05:30,1012.1,1,1002.86,8871599,372538.0,385217.0,986.2,1012.8,981.3,986.2,120608250,1084.8,887.6,1102.5,649.1,1012.0,1487,5,1011.9,26,4,1011.8,853,12,1011.7,515,5,1011.6,1417,8,1012.1,1054,12,1012.2,556,5,1012.3,953,8,1012.4,2520,9,1012.5,5544,41
317,2025-11-26 15:10:44+05:30,1012.1,3,1002.86,8871599,372538.0,385217.0,986.2,1012.8,981.3,986.2,120608250,1084.8,887.6,1102.5,649.1,1012.0,1487,5,1011.9,26,4,1011.8,853,12,1011.7,515,5,1011.6,1417,8,1012.1,1054,12,1012.2,556,5,1012.3,953,8,1012.4,2520,9,1012.5,5544,41
317,2025-11-26 15:10:44+05:30,1012.1,3,1002.86,8871612,372627.0,385125.0,986.2,1012.8,981.3,986.2,120608250,1084.8,887.6,1102.5,649.1,1012.0,1485,5,1011.9,26,4,1011.8,925,13,1011.7,515,5,1011.6,1417,8,1012.1,961,12,1012.2,556,5,1012.3,953,8,1012.4,2521,9,1012.5,5544,41
317,2025-11-26 15:10:45+05:30,1012.0,1,1002.86,8871612,372627.0,385125.0,986.2,1012.8,981.3,986.2,120608250,1084.8,887.6,1102.5,649.1,1012.0,1485,5,1011.9,26,4,1011.8,925,13,1011.7,515,5,1011.6,1417,8,1012.1,961,12,1012.2,556,5,1012.3,953,8,1012.4,2521,9,1012.5,5544,41
317,2025-11-26 15:10:45+05:30,1012.0,54,1002.87,8880903,369699.0,386153.0,986.2,1012.8,981.3,986.2,120608250,1084.8,887.6,1102.5,649.1,1011.8,916,11,1011.7,33,1,1011.6,815,2,1011.5,190,5,1011.4,742,5,1012.0,58,1,1012.1,1999,16,1012.2,1412,10,1012.3,1321,9,1012.4,1806,8
317,2025-11-26 15:10:46+05:30,1012.1,2,1002.87,8880903,369699.0,386153.0,986.2,1012.8,981.3,986.2,120608250,1084.8,887.6,1102.5,649.1,1011.8,916,11,1011.7,33,1,1011.6,815,2,1011.5,190,5,1011.4,742,5,1012.0,58,1,1012.1,1999,16,1012.2,1412,10,1012.3,1321,9,1012.4,1806,8
317,2025-11-26 15:10:46+05:30,1012.1,2,1002.87,8883307,371239.0,384631.0,986.2,1012.8,981.3,986.2,120608250,1084.8,887.6,1102.5,649.1,1012.0,94,3,1011.8,916,11,1011.7,209,2,1011.6,1042,6,1011.5,455,7,1012.1,1286,9,1012.2,1056,9,1012.3,1243,8,1012.4,1743,10,1012.5,5761,40
317,2025-11-26 15:10:47+05:30,1012.0,1,1002.87,8883307,371239.0,384631.0,986.2,1012.8,981.3,986.2,120608250,1084.8,887.6,1102.5,649.1,1012.0,94,3,1011.8,916,11,1011.7,209,2,1011.6,1042,6,1011.5,455,7,1012.1,1286,9,1012.2,1056,9,1012.3,1243,8,1012.4,1743,10,1012.5,5761,40
317,2025-11-26 15:10:47+05:30,1012.1,2,1002.87,8883311,371317.0,384708.0,986.2,1012.8,981.3,986.2,120608250,1084.8,887.6,1102.5,649.1,1012.0,84,2,1011.9,36,2,1011.8,916,11,1011.7,213,3,1011.6,1027,5,1012.1,1351,11,1012.2,1056,9,1012.3,1541,9,1012.4,1743,10,1012.5,5653,39
317,2025-11-26 15:10:48+05:30,1012.1,2,1002.87,8883311,371317.0,384708.0,986.2,1012.8,981.3,986.2,120608250,1084.8,887.6,1102.5,649.1,1012.0,84,2,1011.9,36,2,1011.8,916,11,1011.7,213,3,1011.6,1027,5,1012.1,1351,11,1012.2,1056,9,1012.3,1541,9,1012.4,1743,10,1012.5,5653,39
317,2025-11-26 15:10:48+05:30,1012.1,2,1002.87,8883315,371413.0,385395.0,986.2,1012.8,981.3,986.2,120608250,1084.8,887.6,1102.5,649.1,1012.0,107,3,1011.9,36,2,1011.8,916,11,1011.7,213,3,1011.6,1115,6,1012.1,1943,16,1012.2,1057,9,1012.3,1541,9,1012.4,1743,10,1012.5,5653,39
317,2025-11-26 15:10:49+05:30,1012.1,1,1002.87,8883315,371413.0,385395.0,986.2,1012.8,981.3,986.2,120608250,1084.8,887.6,1102.5,649.1,1012.0,107,3,1011.9,36,2,1011.8,916,11,1011.7,213,3,1011.6,1115,6,1012.1,1943,16,1012.2,1057,9,1012.3,1541,9,1012.4,1743,10,1012.5,5653,39
317,2025-11-26 15:10:49+05:30,1012.1,1,1002.87,8883454,371452.0,385392.0,986.2,1012.8,981.3,986.2,120608250,1084.8,887.6,1102.5,649.1,1012.0,102,3,1011.9,81,4,1011.8,915,10,1011.7,213,3,1011.6,1084,5,1012.1,2203,20,1012.2,707,8,1012.3,1330,8,1012.4,1743,10,1012.5,5966,41
317,2025-11-26 15:10:50+05:30,1012.0,1,1002.87,8883454,371452.0,385392.0,986.2,1012.8,981.3,986.2,120608250,1084.8,887.6,1102.5,649.1,1012.0,102,3,1011.9,81,4,1011.8,915,10,1011.7,213,3,1011.6,1084,5,1012.1,2203,20,1012.2,707,8,1012.3,1330,8,1012.4,1743,10,1012.5,5966,41
317,2025-11-26 15:10:50+05:30,1012.0,1,1002.87,8883968,371561.0,386289.0,986.2,1012.8,981.3,986.2,120608250,1084.8,887.6,1102.5,649.1,1011.9,81,4,1011.8,915,10,1011.7,37,2,1011.6,1166,6,1011.5,455,7,1012.0,276,3,1012.1,2664,19,1012.2,1201,10,1012.3,583,6,1012.4,1717,8
317,2025-11-26 15:10:51+05:30,1012.0,1,1002.87,8883968,371561.0,386289.0,986.2,1012.8,981.3,986.2,120608250,1084.8,887.6,1102.5,649.1,1011.9,81,4,1011.8,915,10,1011.7,37,2,1011.6,1166,6,1011.5,455,7,1012.0,276,3,1012.1,2664,19,1012.2,1201,10,1012.3,583,6,1012.4,1717,8
317,2025-11-26 15:10:52+05:30,1012.0,1,1002.87,8883978,371544.0,386575.0,986.2,1012.8,981.3,986.2,120608250,1084.8,887.6,1102.5,649.1,1011.9,94,5,1011.8,915,10,1011.7,37,2,1011.6,1166,6,1011.5,455,7,1012.0,185,3,1012.1,2658,17,1012.2,903,9,1012.3,1082,7,1012.4,2030,10
317,2025-11-26 15:10:52+05:30,1012.0,5,1002.87,8883978,371544.0,386575.0,986.2,1012.8,981.3,986.2,120608250,1084.8,887.6,1102.5,649.1,1011.9,94,5,1011.8,915,10,1011.7,37,2,1011.6,1166,6,1011.5,455,7,1012.0,185,3,1012.1,2658,17,1012.2,903,9,1012.3,1082,7,1012.4,2030,10
317,2025-11-26 15:10:53+05:30,1011.9,8,1002.87,8883998,371480.0,386435.0,986.2,1012.8,981.3,986.2,120608250,1084.8,887.6,1102.5,649.1,1011.9,86,5,1011.8,915,10,1011.7,37,2,1011.6,1166,6,1011.5,455,7,1012.0,187,5,1012.1,2484,16,1012.2,1161,9,1012.3,1154,7,1012.4,1732,9
317,2025-11-26 15:10:53+05:30,1012.0,23,1002.87,8883998,371480.0,386435.0,986.2,1012.8,981.3,986.2,120608250,1084.8,887.6,1102.5,649.1,1011.9,86,5,1011.8,915,10,1011.7,37,2,1011.6,1166,6,1011.5,455,7,1012.0,187,5,1012.1,2484,16,1012.2,1161,9,1012.3,1154,7,1012.4,1732,9
317,2025-11-26 15:10:54+05:30,1012.0,3,1002.87,8884024,371594.0,386062.0,986.2,1012.8,981.3,986.2,120608250,1084.8,887.6,1102.5,649.1,1011.9,86,5,1011.8,915,10,1011.7,37,2,1011.6,1166,6,1011.5,455,7,1012.0,512,10,1012.1,2621,15,1012.2,1159,9,1012.3,583,6,1012.4,1732,9
317,2025-11-26 15:10:54+05:30,1011.9,3,1002.87,8884024,371594.0,386062.0,986.2,1012.8,981.3,986.2,120608250,1084.8,887.6,1102.5,649.1,1011.9,86,5,1011.8,915,10,1011.7,37,2,1011.6,1166,6,1011.5,455,7,1012.0,512,10,1012.1,2621,15,1012.2,1159,9,1012.3,583,6,1012.4,1732,9
317,2025-11-26 15:10:55+05:30,1011.9,3,1002.87,8884204,371446.0,386741.0,986.2,1012.8,981.3,986.2,120608250,1084.8,887.6,1102.5,649.1,1011.9,80,4,1011.8,915,10,1011.7,37,2,1011.6,820,3,1011.5,448,7,1012.0,331,9,1012.1,2811,17,1012.2,1306,10,1012.3,583,6,1012.4,1758,11
317,2025-11-26 15:10:55+05:30,1011.9,3,1002.87,8884204,371446.0,386741.0,986.2,1012.8,981.3,986.2,120608250,1084.8,887.6,1102.5,649.1,1011.9,80,4,1011.8,915,10,1011.7,37,2,1011.6,820,3,1011.5,448,7,1012.0,331,9,1012.1,2811,17,1012.2,1306,10,1012.3,583,6,1012.4,1758,11
317,2025-11-26 15:10:56+05:30,1011.9,3,1002.87,8884428,371314.0,387534.0,986.2,1012.8,981.3,986.2,120608250,1084.8,887.6,1102.5,649.1,1011.8,915,10,1011.7,96,4,1011.6,820,3,1011.5,448,7,1011.4,1116,9,1011.9,308,2,1012.0,303,9,1012.1,2762,17,1012.2,1212,9,1012.3,596,7
317,2025-11-26 15:10:56+05:30,1011.9,3,1002.87,8884428,371314.0,387534.0,986.2,1012.8,981.3,986.2,120608250,1084.8,887.6,1102.5,649.1,1011.8,915,10,1011.7,96,4,1011.6,820,3,1011.5,448,7,1011.4,1116,9,1011.9,308,2,1012.0,303,9,1012.1,2762,17,1012.2,1212,9,1012.3,596,7
317,2025-11-26 15:10:57+05:30,1011.8,3,1002.87,8884440,371394.0,387709.0,986.2,1012.8,981.3,986.2,120608250,1084.8,887.6,1102.5,649.1,1011.8,922,10,1011.7,96,4,1011.6,838,4,1011.5,448,7,1011.4,1135,9,1011.9,206,5,1012.0,319,5,1012.1,2950,18,1012.2,1120,9,1012.3,596,7
317,2025-11-26 15:10:57+05:30,1011.8,66,1002.87,8884440,371394.0,387709.0,986.2,1012.8,981.3,986.2,120608250,1084.8,887.6,1102.5,649.1,1011.8,922,10,1011.7,96,4,1011.6,838,4,1011.5,448,7,1011.4,1135,9,1011.9,206,5,1012.0,319,5,1012.1,2950,18,1012.2,1120,9,1012.3,596,7
317,2025-11-26 15:10:58+05:30,1011.8,66,1002.87,8884536,371261.0,388597.0,986.2,1012.8,981.3,986.2,120608250,1084.8,887.6,1102.5,649.1,1011.8,835,7,1011.7,96,4,1011.6,838,4,1011.5,448,7,1011.4,1135,9,1011.9,826,7,1012.0,369,4,1012.1,3047,19,1012.2,1120,9,1012.3,608,8
317,2025-11-26 15:10:58+05:30,1011.9,3,1002.87,8884536,371261.0,388597.0,986.2,1012.8,981.3,986.2,120608250,1084.8,887.6,1102.5,649.1,1011.8,835,7,1011.7,96,4,1011.6,838,4,1011.5,448,7,1011.4,1135,9,1011.9,826,7,1012.0,369,4,1012.1,3047,19,1012.2,1120,9,1012.3,608,8
317,2025-11-26 15:10:59+05:30,1011.9,3,1002.87,8884572,371460.0,389237.0,986.2,1012.8,981.3,986.2,120608250,1084.8,887.6,1102.5,649.1,1011.8,798,7,1011.7,96,4,1011.6,838,4,1011.5,546,7,1011.4,1135,9,1011.9,819,9,1012.0,471,6,1012.1,2817,17,1012.2,1302,10,1012.3,596,7
317,2025-11-26 15:10:59+05:30,1011.9,1,1002.87,8884572,371460.0,389237.0,986.2,1012.8,981.3,986.2,120608250,1084.8,887.6,1102.5,649.1,1011.8,798,7,1011.7,96,4,1011.6,838,4,1011.5,546,7,1011.4,1135,9,1011.9,819,9,1012.0,471,6,1012.1,2817,17,1012.2,1302,10,1012.3,596,7
317,2025-11-26 15:11:00+05:30,1011.8,224,1002.87,8884826,371744.0,388869.0,986.2,1012.8,981.3,986.2,120608250,1084.8,887.6,1102.5,649.1,1011.8,815,9,1011.7,44,3,1011.6,838,4,1011.5,815,9,1011.4,1135,9,1011.9,778,8,1012.0,274,4,1012.1,2719,16,1012.2,1115,9,1012.3,783,8
317,2025-11-26 15:11:00+05:30,1011.8,1,1002.87,8884826,371744.0,388869.0,986.2,1012.8,981.3,986.2,120608250,1084.8,887.6,1102.5,649.1,1011.8,815,9,1011.7,44,3,1011.6,838,4,1011.5,815,9,1011.4,1135,9,1011.9,778,8,1012.0,274,4,1012.1,2719,16,1012.2,1115,9,1012.3,783,8
317,2025-11-26 15:11:01+05:30,1011.7,1,1002.87,8886026,371360.0,388624.0,986.2,1012.8,981.3,986.2,120608250,1084.8,887.6,1102.5,649.1,1011.7,18,4,1011.6,768,2,1011.5,251,3,1011.4,826,10,1011.3,863,8,1011.8,432,5,1011.9,784,9,1012.0,727,9,1012.1,2894,14,1012.2,945,9
317,2025-11-26 15:11:01+05:30,1011.8,1,1002.87,8886026,371360.0,388624.0,986.2,1012.8,981.3,986.2,120608250,1084.8,887.6,1102.5,649.1,1011.7,18,4,1011.6,768,2,1011.5,251,3,1011.4,826,10,1011.3,863,8,1011.8,432,5,1011.9,784,9,1012.0,727,9,1012.1,2894,14,1012.2,945,9
317,2025-11-26 15:11:02+05:30,1011.7,15,1002.87,8886075,371199.0,388208.0,986.2,1012.8,981.3,986.2,120608250,1084.8,887.6,1102.5,649.1,1011.7,99,7,1011.6,768,2,1011.5,340,4,1011.4,826,10,1011.3,863,8,1011.8,566,7,1011.9,239,6,1012.0,697,8,1012.1,2893,14,1012.2,651,9
317,2025-11-26 15:11:02+05:30,1011.8,4,1002.87,8886075,371199.0,388208.0,986.2,1012.8,981.3,986.2,120608250,1084.8,887.6,1102.5,649.1,1011.7,99,7,1011.6,768,2,1011.5,340,4,1011.4,826,10,1011.3,863,8,1011.8,566,7,1011.9,239,6,1012.0,697,8,1012.1,2893,14,1012.2,651,9
317,2025-11-26 15:11:03+05:30,1011.7,8,1002.87,8886201,371175.0,390375.0,986.2,1012.8,981.3,986.2,120608250,1084.8,887.6,1102.5,649.1,1011.7,94,6,1011.6,768,2,1011.5,75,2,1011.4,826,10,1011.3,677,7,1011.8,616,12,1011.9,539,6,1012.0,2508,10,1012.1,2656,13,1012.2,677,11
317,2025-11-26 15:11:03+05:30,1011.8,7,1002.87,8886201,371175.0,390375.0,986.2,1012.8,981.3,986.2,120608250,1084.8,887.6,1102.5,649.1,1011.7,94,6,1011.6,768,2,1011.5,75,2,1011.4,826,10,1011.3,677,7,1011.8,616,12,1011.9,539,6,1012.0,2508,10,1012.1,2656,13,1012.2,677,11
317,2025-11-26 15:11:04+05:30,1011.8,3,1002.87,8886259,371165.0,390306.0,986.2,1012.8,981.3,986.2,120608250,1084.8,887.6,1102.5,649.1,1011.7,84,5,1011.6,827,3,1011.5,164,3,1011.4,826,10,1011.3,677,7,1011.8,599,11,1011.9,391,6,1012.0,2554,10,1012.1,2841,14,1012.2,661,10
317,2025-11-26 15:11:04+05:30,1011.8,3,1002.87,8886259,371165.0,390306.0,986.2,1012.8,981.3,986.2,120608250,1084.8,887.6,1102.5,649.1,1011.7,84,5,1011.6,827,3,1011.5,164,3,1011.4,826,10,1011.3,677,7,1011.8,599,11,1011.9,391,6,1012.0,2554,10,1012.1,2841,14,1012.2,661,10
317,2025-11-26 15:11:05+05:30,1011.7,2,1002.87,8886793,371054.0,389801.0,986.2,1012.8,981.3,986.2,120608250,1084.8,887.6,1102.5,649.1,1011.6,827,3,1011.5,164,3,1011.4,650,6,1011.3,591,8,1011.2,4350,18,1011.7,221,1,1011.8,409,11,1011.9,386,6,1012.0,2405,10,1012.1,2728,14
317,2025-11-26 15:11:05+05:30,1011.7,1,1002.87,8886793,371054.0,389801.0,986.2,1012.8,981.3,986.2,120608250,1084.8,887.6,1102.5,649.1,1011.6,827,3,1011.5,164,3,1011.4,650,6,1011.3,591,8,1011.2,4350,18,1011.7,221,1,1011.8,409,11,1011.9,386,6,1012.0,2405,10,1012.1,2728,14
317,2025-11-26 15:11:06+05:30,1011.7,50,1002.88,8887170,367571.0,391037.0,986.2,1012.8,981.3,986.2,120608250,1084.8,887.6,1102.5,649.1,1011.6,65,2,1011.5,10,1,1011.4,36,1,1011.3,893,5,1011.2,1851,10,1011.7,1275,11,1011.8,504,8,1011.9,565,7,1012.0,2713,12,1012.1,2432,17
317,2025-11-26 15:11:06+05:30,1011.7,50,1002.88,8887170,367571.0,391037.0,986.2,1012.8,981.3,986.2,120608250,1084.8,887.6,1102.5,649.1,1011.6,65,2,1011.5,10,1,1011.4,36,1,1011.3,893,5,1011.2,1851,10,1011.7,1275,11,1011.8,504,8,1011.9,565,7,1012.0,2713,12,1012.1,2432,17
317,2025-11-26 15:11:07+05:30,1011.7,3,1002.88,8887170,367571.0,391037.0,986.2,1012.8,981.3,986.2,120608250,1084.8,887.6,1102.5,649.1,1011.6,65,2,1011.5,10,1,1011.4,36,1,1011.3,893,5,1011.2,1851,10,1011.7,1275,11,1011.8,504,8,1011.9,565,7,1012.0,2713,12,1012.1,2432,17
317,2025-11-26 15:11:07+05:30,1011.7,3,1002.88,8887177,366973.0,390213.0,986.2,1012.8,981.3,986.2,120608250,1084.8,887.6,1102.5,649.1,1011.6,107,3,1011.5,21,2,1011.4,130,3,1011.3,893,5,1011.2,1043,8,1011.7,1008,10,1011.8,545,6,1011.9,565,7,1012.0,2405,10,1012.1,2730,18
317,2025-11-26 15:11:08+05:30,1011.7,2,1002.88,8887177,366973.0,390213.0,986.2,1012.8,981.3,986.2,120608250,1084.8,887.6,1102.5,649.1,1011.6,107,3,1011.5,21,2,1011.4,130,3,1011.3,893,5,1011.2,1043,8,1011.7,1008,10,1011.8,545,6,1011.9,565,7,1012.0,2405,10,1012.1,2730,18
317,2025-11-26 15:11:09+05:30,1011.6,7,1002.88,8887220,367553.0,390673.0,986.2,1012.8,981.3,986.2,120608250,1084.8,887.6,1102.5,649.1,1011.6,100,3,1011.5,184,4,1011.4,519,5,1011.3,893,5,1011.2,1068,9,1011.7,1152,11,1011.8,353,5,1011.9,686,7,1012.0,2631,11,1012.1,2432,17
317,2025-11-26 15:11:09+05:30,1011.6,3,1002.88,8887220,367553.0,390673.0,986.2,1012.8,981.3,986.2,120608250,1084.8,887.6,1102.5,649.1,1011.6,100,3,1011.5,184,4,1011.4,519,5,1011.3,893,5,1011.2,1068,9,1011.7,1152,11,1011.8,353,5,1011.9,686,7,1012.0,2631,11,1012.1,2432,17
317,2025-11-26 15:11:10+05:30,1011.7,1,1002.88,8887231,367565.0,390310.0,986.2,1012.8,981.3,986.2,120608250,1084.8,887.6,1102.5,649.1,1011.6,97,3,1011.5,21,2,1011.4,519,5,1011.3,1071,6,1011.2,1068,9,1011.7,1032,9,1011.8,406,6,1011.9,697,7,1012.0,2700,12,1012.1,2458,19
317,2025-11-26 15:11:10+05:30,1011.6,2,1002.88,8887231,367565.0,390310.0,986.2,1012.8,981.3,986.2,120608250,1084.8,887.6,1102.5,649.1,1011.6,97,3,1011.5,21,2,1011.4,519,5,1011.3,1071,6,1011.2,1068,9,1011.7,1032,9,1011.8,406,6,1011.9,697,7,1012.0,2700,12,1012.1,2458,19
317,2025-11-26 15:11:11+05:30,1011.6,2,1002.88,8887686,366720.0,390463.0,986.2,1012.8,981.3,986.2,120608250,1084.8,887.6,1102.5,649.1,1011.5,21,2,1011.4,503,5,1011.3,1052,6,1011.2,664,7,1011.1,1485,13,1011.6,136,2,1011.7,1054,9,1011.8,396,7,1011.9,781,7,1012.0,2400,10
317,2025-11-26 15:11:11+05:30,1011.6,1,1002.88,8887686,366720.0,390463.0,986.2,1012.8,981.3,986.2,120608250,1084.8,887.6,1102.5,649.1,1011.5,21,2,1011.4,503,5,1011.3,1052,6,1011.2,664,7,1011.1,1485,13,1011.6,136,2,1011.7,1054,9,1011.8,396,7,1011.9,781,7,1012.0,2400,10
317,2025-11-26 15:11:12+05:30,1011.7,2,1002.88,8888819,368463.0,387229.0,986.2,1012.8,981.3,986.2,120608250,1084.8,887.6,1102.5,649.1,1011.6,194,1,1011.5,1328,8,1011.4,986,11,1011.3,680,10,1011.2,818,10,1011.8,102,2,1011.9,51,2,1012.0,1825,5,1012.1,2132,10,1012.2,533,9
317,2025-11-26 15:11:12+05:30,1011.8,6,1002.88,8888819,368463.0,387229.0,986.2,1012.8,981.3,986.2,120608250,1084.8,887.6,1102.5,649.1,1011.6,194,1,1011.5,1328,8,1011.4,986,11,1011.3,680,10,1011.2,818,10,1011.8,102,2,1011.9,51,2,1012.0,1825,5,1012.1,2132,10,1012.2,533,9
317,2025-11-26 15:11:13+05:30,1011.8,23,1002.88,8888969,369065.0,387449.0,986.2,1012.8,981.3,986.2,120608250,1084.8,887.6,1102.5,649.1,1011.7,6,2,1011.6,184,2,1011.5,1360,9,1011.4,986,11,1011.3,680,10,1011.8,23,2,1011.9,51,2,1012.0,1825,5,1012.1,2196,10,1012.2,594,10
317,2025-11-26 15:11:13+05:30,1011.8,39,1002.88,8888969,369065.0,387449.0,986.2,1012.8,981.3,986.2,120608250,1084.8,887.6,1102.5,649.1,1011.7,6,2,1011.6,184,2,1011.5,1360,9,1011.4,986,11,1011.3,680,10,1011.8,23,2,1011.9,51,2,1012.0,1825,5,1012.1,2196,10,1012.2,594,10
317,2025-11-26 15:11:14+05:30,1011.9,7,1002.88,8889238,369693.0,387718.0,986.2,1012.8,981.3,986.2,120608250,1084.8,887.6,1102.5,649.1,1011.8,3,3,1011.7,446,4,1011.6,686,9,1011.5,1166,8,1011.4,970,10,1011.9,44,2,1012.0,1845,6,1012.1,1859,7,1012.2,253,6,1012.3,930,10
317,2025-11-26 15:11:14+05:30,1011.8,1,1002.88,8889238,369693.0,387718.0,986.2,1012.8,981.3,986.2,120608250,1084.8,887.6,1102.5,649.1,1011.8,3,3,1011.7,446,4,1011.6,686,9,1011.5,1166,8,1011.4,970,10,1011.9,44,2,1012.0,1845,6,1012.1,1859,7,1012.2,253,6,1012.3,930,10
317,2025-11-26 15:11:15+05:30,1011.8,3,1002.88,8889267,369079.0,388018.0,986.2,1012.8,981.3,986.2,120608250,1084.8,887.6,1102.5,649.1,1011.8,12,2,1011.7,160,2,1011.6,466,7,1011.5,1166,8,1011.4,986,11,1011.9,25,1,1012.0,1845,6,1012.1,2037,8,1012.2,343,7,1012.3,930,10
317,2025-11-26 15:11:15+05:30,1011.9,1,1002.88,8889267,369079.0,388018.0,986.2,1012.8,981.3,986.2,120608250,1084.8,887.6,1102.5,649.1,1011.8,12,2,1011.7,160,2,1011.6,466,7,1011.5,1166,8,1011.4,986,11,1011.9,25,1,1012.0,1845,6,1012.1,2037,8,1012.2,343,7,1012.3,930,10
317,2025-11-26 15:11:16+05:30,1011.7,11,1002.88,8889652,369138.0,388790.0,986.2,1012.8,981.3,986.2,120608250,1084.8,887.6,1102.5,649.1,1011.7,181,1,1011.6,286,7,1011.5,1425,10,1011.4,970,10,1011.3,1256,12,1011.9,5,2,1012.0,1985,7,1012.1,2274,10,1012.2,491,8,1012.3,930,10
317,2025-11-26 15:11:16+05:30,1011.9,2,1002.88,8889652,369138.0,388790.0,986.2,1012.8,981.3,986.2,120608250,1084.8,887.6,1102.5,649.1,1011.7,181,1,1011.6,286,7,1011.5,1425,10,1011.4,970,10,1011.3,1256,12,1011.9,5,2,1012.0,1985,7,1012.1,2274,10,1012.2,491,8,1012.3,930,10
317,2025-11-26 15:11:17+05:30,1011.9,6,1002.88,8889663,371736.0,388051.0,986.2,1012.8,981.3,986.2,120608250,1084.8,887.6,1102.5,649.1,1011.7,1216,10,1011.6,651,10,1011.5,1118,11,1011.4,937,10,1011.3,3775,14,1011.9,43,2,1012.0,1985,7,1012.1,2007,8,1012.2,401,7,1012.3,580,5
317,2025-11-26 15:11:17+05:30,1011.9,6,1002.88,8889663,371736.0,388051.0,986.2,1012.8,981.3,986.2,120608250,1084.8,887.6,1102.5,649.1,1011.7,1216,10,1011.6,651,10,1011.5,1118,11,1011.4,937,10,1011.3,3775,14,1011.9,43,2,1012.0,1985,7,1012.1,2007,8,1012.2,401,7,1012.3,580,5
317,2025-11-26 15:11:18+05:30,1011.7,46,1002.88,8889963,371045.0,389047.0,986.2,1012.8,981.3,986.2,120608250,1084.8,887.6,1102.5,649.1,1011.7,745,7,1011.6,646,10,1011.5,610,11,1011.4,1432,12,1011.3,3775,14,1011.9,225,4,1012.0,2035,8,1012.1,2185,9,1012.2,781,8,1012.3,606,7
317,2025-11-26 15:11:18+05:30,1011.9,2,1002.88,8889963,371045.0,389047.0,986.2,1012.8,981.3,986.2,120608250,1084.8,887.6,1102.5,649.1,1011.7,745,7,1011.6,646,10,1011.5,610,11,1011.4,1432,12,1011.3,3775,14,1011.9,225,4,1012.0,2035,8,1012.1,2185,9,1012.2,781,8,1012.3,606,7
317,2025-11-26 15:11:19+05:30,1011.8,3,1002.88,8889988,371214.0,388499.0,986.2,1012.8,981.3,986.2,120608250,1084.8,887.6,1102.5,649.1,1011.8,6,1,1011.7,724,6,1011.6,463,11,1011.5,1006,13,1011.4,1053,12,1011.9,216,4,1012.0,1895,7,1012.1,2185,9,1012.2,882,10,1012.3,621,8
317,2025-11-26 15:11:19+05:30,1011.8,3,1002.88,8889988,371214.0,388499.0,986.2,1012.8,981.3,986.2,120608250,1084.8,887.6,1102.5,649.1,1011.8,6,1,1011.7,724,6,1011.6,463,11,1011.5,1006,13,1011.4,1053,12,1011.9,216,4,1012.0,1895,7,1012.1,2185,9,1012.2,882,10,1012.3,621,8
317,2025-11-26 15:11:20+05:30,1011.9,1,1002.88,8889988,371214.0,388499.0,986.2,1012.8,981.3,986.2,120608250,1084.8,887.6,1102.5,649.1,1011.8,6,1,1011.7,724,6,1011.6,463,11,1011.5,1006,13,1011.4,1053,12,1011.9,216,4,1012.0,1895,7,1012.1,2185,9,1012.2,882,10,1012.3,621,8
317,2025-11-26 15:11:20+05:30,1011.9,1,1002.88,8889988,371214.0,388499.0,986.2,1012.8,981.3,986.2,120608250,1084.8,887.6,1102.5,649.1,1011.8,6,1,1011.7,724,6,1011.6,463,11,1011.5,1006,13,1011.4,1053,12,1011.9,216,4,1012.0,1895,7,1012.1,2185,9,1012.2,882,10,1012.3,621,8
317,2025-11-26 15:11:21+05:30,1011.9,1,1002.88,8890730,371767.0,387910.0,986.2,1012.8,981.3,986.2,120608250,1084.8,887.6,1102.5,649.1,1011.7,1389,12,1011.6,717,14,1011.5,596,9,1011.4,1505,11,1011.3,3597,13,1011.9,69,4,1012.0,1895,7,1012.1,2007,8,1012.2,432,7,1012.3,499,5
317,2025-11-26 15:11:21+05:30,1011.9,1,1002.88,8890730,371767.0,387910.0,986.2,1012.8,981.3,986.2,120608250,1084.8,887.6,1102.5,649.1,1011.7,1389,12,1011.6,717,14,1011.5,596,9,1011.4,1505,11,1011.3,3597,13,1011.9,69,4,1012.0,1895,7,1012.1,2007,8,1012.2,432,7,1012.3,499,5
317,2025-11-26 15:11:21+05:30,1012.1,1,1002.88,8890730,371767.0,387910.0,986.2,1012.8,981.3,986.2,120608250,1084.8,887.6,1102.5,649.1,1011.7,1389,12,1011.6,717,14,1011.5,596,9,1011.4,1505,11,1011.3,3597,13,1011.9,69,4,1012.0,1895,7,1012.1,2007,8,1012.2,432,7,1012.3,499,5
317,2025-11-26 15:11:21+05:30,1012.1,1,1002.88,8890730,371767.0,387910.0,986.2,1012.8,981.3,986.2,120608250,1084.8,887.6,1102.5,649.1,1011.7,1389,12,1011.6,717,14,1011.5,596,9,1011.4,1505,11,1011.3,3597,13,1011.9,69,4,1012.0,1895,7,1012.1,2007,8,1012.2,432,7,1012.3,499,5
317,2025-11-26 15:11:22+05:30,1012.0,4,1002.88,8893006,371730.0,383961.0,986.2,1012.8,981.3,986.2,120608250,1084.8,887.6,1102.5,649.1,1012.0,2068,2,1011.7,1442,13,1011.6,749,15,1011.5,596,9,1011.4,1337,11,1012.1,1858,7,1012.2,106,5,1012.3,416,4,1012.4,2362,16,1012.5,5051,34
317,2025-11-26 15:11:22+05:30,1012.0,4,1002.88,8893006,371730.0,383961.0,986.2,1012.8,981.3,986.2,120608250,1084.8,887.6,1102.5,649.1,1012.0,2068,2,1011.7,1442,13,1011.6,749,15,1011.5,596,9,1011.4,1337,11,1012.1,1858,7,1012.2,106,5,1012.3,416,4,1012.4,2362,16,1012.5,5051,34
317,2025-11-26 15:11:22+05:30,1012.1,2,1002.88,8893006,371730.0,383961.0,986.2,1012.8,981.3,986.2,120608250,1084.8,887.6,1102.5,649.1,1012.0,2068,2,1011.7,1442,13,1011.6,749,15,1011.5,596,9,1011.4,1337,11,1012.1,1858,7,1012.2,106,5,1012.3,416,4,1012.4,2362,16,1012.5,5051,34
317,2025-11-26 15:11:23+05:30,1012.2,1,1002.88,8895626,372077.0,380952.0,986.2,1012.8,981.3,986.2,120608250,1084.8,887.6,1102.5,649.1,1012.0,2773,8,1011.9,434,6,1011.8,1249,9,1011.7,800,13,1011.6,1691,12,1012.2,44,2,1012.4,1214,4,1012.5,4780,31,1012.6,657,11,1012.7,2213,15
317,2025-11-26 15:11:23+05:30,1012.2,1,1002.88,8895626,372077.0,380952.0,986.2,1012.8,981.3,986.2,120608250,1084.8,887.6,1102.5,649.1,1012.0,2773,8,1011.9,434,6,1011.8,1249,9,1011.7,800,13,1011.6,1691,12,1012.2,44,2,1012.4,1214,4,1012.5,4780,31,1012.6,657,11,1012.7,2213,15
317,2025-11-26 15:11:23+05:30,1012.2,31,1002.88,8895626,372077.0,380952.0,986.2,1012.8,981.3,986.2,120608250,1084.8,887.6,1102.5,649.1,1012.0,2773,8,1011.9,434,6,1011.8,1249,9,1011.7,800,13,1011.6,1691,12,1012.2,44,2,1012.4,1214,4,1012.5,4780,31,1012.6,657,11,1012.7,2213,15
317,2025-11-26 15:11:23+05:30,1012.2,31,1002.88,8895626,372077.0,380952.0,986.2,1012.8,981.3,986.2,120608250,1084.8,887.6,1102.5,649.1,1012.0,2773,8,1011.9,434,6,1011.8,1249,9,1011.7,800,13,1011.6,1691,12,1012.2,44,2,1012.4,1214,4,1012.5,4780,31,1012.6,657,11,1012.7,2213,15
317,2025-11-26 15:11:24+05:30,1012.2,31,1002.88,8895626,372077.0,380952.0,986.2,1012.8,981.3,986.2,120608250,1084.8,887.6,1102.5,649.1,1012.0,2773,8,1011.9,434,6,1011.8,1249,9,1011.7,800,13,1011.6,1691,12,1012.2,44,2,1012.4,1214,4,1012.5,4780,31,1012.6,657,11,1012.7,2213,15
317,2025-11-26 15:11:24+05:30,1012.3,160,1002.88,8896557,370535.0,382397.0,986.2,1012.8,981.3,986.2,120608250,1084.8,887.6,1102.5,649.1,1012.2,2,2,1012.0,1766,7,1011.9,378,5,1011.8,1666,13,1011.7,767,11,1012.3,360,4,1012.4,1477,7,1012.5,5797,38,1012.6,623,11,1012.7,2403,17
317,2025-11-26 15:11:24+05:30,1012.3,160,1002.88,8896557,370535.0,382397.0,986.2,1012.8,981.3,986.2,120608250,1084.8,887.6,1102.5,649.1,1012.2,2,2,1012.0,1766,7,1011.9,378,5,1011.8,1666,13,1011.7,767,11,1012.3,360,4,1012.4,1477,7,1012.5,5797,38,1012.6,623,11,1012.7,2403,17
317,2025-11-26 15:11:24+05:30,1012.4,10,1002.88,8896557,370535.0,382397.0,986.2,1012.8,981.3,986.2,120608250,1084.8,887.6,1102.5,649.1,1012.2,2,2,1012.0,1766,7,1011.9,378,5,1011.8,1666,13,1011.7,767,11,1012.3,360,4,1012.4,1477,7,1012.5,5797,38,1012.6,623,11,1012.7,2403,17
317,2025-11-26 15:11:24+05:30,1012.4,10,1002.88,8896557,370535.0,382397.0,986.2,1012.8,981.3,986.2,120608250,1084.8,887.6,1102.5,649.1,1012.2,2,2,1012.0,1766,7,1011.9,378,5,1011.8,1666,13,1011.7,767,11,1012.3,360,4,1012.4,1477,7,1012.5,5797,38,1012.6,623,11,1012.7,2403,17
317,2025-11-26 15:11:25+05:30,1012.4,10,1002.88,8896679,371222.0,382660.0,986.2,1012.8,981.3,986.2,120608250,1084.8,887.6,1102.5,649.1,1012.3,1,1,1012.2,52,7,1012.1,11,1,1012.0,1706,9,1011.9,266,2,1012.4,1669,8,1012.5,5649,37,1012.6,791,10,1012.7,2430,19,1012.8,1702,22
317,2025-11-26 15:11:25+05:30,1012.4,10,1002.88,8896679,371222.0,382660.0,986.2,1012.8,981.3,986.2,120608250,1084.8,887.6,1102.5,649.1,1012.3,1,1,1012.2,52,7,1012.1,11,1,1012.0,1706,9,1011.9,266,2,1012.4,1669,8,1012.5,5649,37,1012.6,791,10,1012.7,2430,19,1012.8,1702,22
317,2025-11-26 15:11:25+05:30,1012.4,10,1002.88,8896679,371222.0,382660.0,986.2,1012.8,981.3,986.2,120626250,1084.8,887.6,1102.5,649.1,1012.3,1,1,1012.2,52,7,1012.1,11,1,1012.0,1706,9,1011.9,266,2,1012.4,1669,8,1012.5,5649,37,1012.6,791,10,1012.7,2430,19,1012.8,1702,22
317,2025-11-26 15:11:25+05:30,1012.4,11,1002.88,8896679,371222.0,382660.0,986.2,1012.8,981.3,986.2,120626250,1084.8,887.6,1102.5,649.1,1012.3,1,1,1012.2,52,7,1012.1,11,1,1012.0,1706,9,1011.9,266,2,1012.4,1669,8,1012.5,5649,37,1012.6,791,10,1012.7,2430,19,1012.8,1702,22
317,2025-11-26 15:11:26+05:30,1012.4,11,1002.88,8896679,371222.0,382660.0,986.2,1012.8,981.3,986.2,120626250,1084.8,887.6,1102.5,649.1,1012.3,1,1,1012.2,52,7,1012.1,11,1,1012.0,1706,9,1011.9,266,2,1012.4,1669,8,1012.5,5649,37,1012.6,791,10,1012.7,2430,19,1012.8,1702,22
317,2025-11-26 15:11:26+05:30,1012.4,11,1002.88,8896705,370601.0,382842.0,986.2,1012.8,981.3,986.2,120626250,1084.8,887.6,1102.5,649.1,1012.3,111,4,1012.2,130,9,1012.1,11,1,1012.0,1413,8,1011.9,339,3,1012.4,1465,8,1012.5,5330,36,1012.6,791,10,1012.7,2377,15,1012.8,1922,25
317,2025-11-26 15:11:26+05:30,1012.4,11,1002.88,8896705,370601.0,382842.0,986.2,1012.8,981.3,986.2,120626250,1084.8,887.6,1102.5,649.1,1012.3,111,4,1012.2,130,9,1012.1,11,1,1012.0,1413,8,1011.9,339,3,1012.4,1465,8,1012.5,5330,36,1012.6,791,10,1012.7,2377,15,1012.8,1922,25
317,2025-11-26 15:11:26+05:30,1012.4,3,1002.88,8896705,370601.0,382842.0,986.2,1012.8,981.3,986.2,120626250,1084.8,887.6,1102.5,649.1,1012.3,111,4,1012.2,130,9,1012.1,11,1,1012.0,1413,8,1011.9,339,3,1012.4,1465,8,1012.5,5330,36,1012.6,791,10,1012.7,2377,15,1012.8,1922,25
317,2025-11-26 15:11:27+05:30,1012.4,2,1002.88,8896729,370620.0,382636.0,986.2,1012.8,981.3,986.2,120626250,1084.8,887.6,1102.5,649.1,1012.3,121,4,1012.2,129,8,1012.1,11,1,1012.0,1406,8,1011.9,339,3,1012.4,1259,7,1012.5,5032,35,1012.6,791,10,1012.7,2675,16,1012.8,1742,25
317,2025-11-26 15:11:27+05:30,1012.4,177,1002.88,8896729,370620.0,382636.0,986.2,1012.8,981.3,986.2,120626250,1084.8,887.6,1102.5,649.1,1012.3,121,4,1012.2,129,8,1012.1,11,1,1012.0,1406,8,1011.9,339,3,1012.4,1259,7,1012.5,5032,35,1012.6,791,10,1012.7,2675,16,1012.8,1742,25
317,2025-11-26 15:11:28+05:30,1012.4,10,1002.89,8897047,370917.0,382525.0,986.2,1012.8,981.3,986.2,120626250,1084.8,887.6,1102.5,649.1,1012.3,243,6,1012.2,106,7,1012.1,11,1,1012.0,1584,9,1011.9,404,4,1012.4,1030,8,1012.5,5020,36,1012.6,791,10,1012.7,2869,17,1012.8,1727,24
317,2025-11-26 15:11:28+05:30,1012.4,2,1002.89,8897047,370917.0,382525.0,986.2,1012.8,981.3,986.2,120626250,1084.8,887.6,1102.5,649.1,1012.3,243,6,1012.2,106,7,1012.1,11,1,1012.0,1584,9,1011.9,404,4,1012.4,1030,8,1012.5,5020,36,1012.6,791,10,1012.7,2869,17,1012.8,1727,24
317,2025-11-26 15:11:29+05:30,1012.4,4,1002.89,8897274,371023.0,382455.0,986.2,1012.8,981.3,986.2,120626250,1084.8,887.6,1102.5,649.1,1012.3,125,3,1012.2,105,6,1012.1,11,1,1012.0,1406,8,1011.9,1001,5,1012.4,947,7,1012.5,5020,36,1012.6,1089,11,1012.7,2329,12,1012.8,1969,28
317,2025-11-26 15:11:29+05:30,1012.4,1,1002.89,8897274,371023.0,382455.0,986.2,1012.8,981.3,986.2,120626250,1084.8,887.6,1102.5,649.1,1012.3,125,3,1012.2,105,6,1012.1,11,1,1012.0,1406,8,1011.9,1001,5,1012.4,947,7,1012.5,5020,36,1012.6,1089,11,1012.7,2329,12,1012.8,1969,28
317,2025-11-26 15:11:30+05:30,1012.3,63,1002.89,8897986,369860.0,383426.0,986.2,1012.8,981.3,986.2,120626250,1084.8,887.6,1102.5,649.1,1012.2,105,6,1012.1,51,2,1012.0,1406,8,1011.9,1015,6,1011.8,995,9,1012.3,171,1,1012.4,1162,10,1012.5,5529,39,1012.6,939,11,1012.7,2696,17
317,2025-11-26 15:11:30+05:30,1012.3,1,1002.89,8897986,369860.0,383426.0,986.2,1012.8,981.3,986.2,120626250,1084.8,887.6,1102.5,649.1,1012.2,105,6,1012.1,51,2,1012.0,1406,8,1011.9,1015,6,1011.8,995,9,1012.3,171,1,1012.4,1162,10,1012.5,5529,39,1012.6,939,11,1012.7,2696,17
317,2025-11-26 15:11:31+05:30,1012.2,9,1002.89,8898018,370524.0,383313.0,986.2,1012.8,981.3,986.2,120626250,1084.8,887.6,1102.5,649.1,1012.2,205,9,1012.1,51,2,1012.0,1406,8,1011.9,1198,7,1011.8,1204,12,1012.3,248,4,1012.4,1155,8,1012.5,5712,40,1012.6,755,11,1012.7,2513,16
317,2025-11-26 15:11:31+05:30,1012.3,1,1002.89,8898018,370524.0,383313.0,986.2,1012.8,981.3,986.2,120626250,1084.8,887.6,1102.5,649.1,1012.2,205,9,1012.1,51,2,1012.0,1406,8,1011.9,1198,7,1011.8,1204,12,1012.3,248,4,1012.4,1155,8,1012.5,5712,40,1012.6,755,11,1012.7,2513,16
317,2025-11-26 15:11:32+05:30,1012.2,9,1002.89,8898070,370506.0,383298.0,986.2,1012.8,981.3,986.2,120626250,1084.8,887.6,1102.5,649.1,1012.2,188,8,1012.1,51,2,1012.0,1406,8,1011.9,1226,8,1011.8,1204,12,1012.3,483,5,1012.4,969,7,1012.5,5712,40,1012.6,745,10,1012.7,2503,15
317,2025-11-26 15:11:32+05:30,1012.3,5,1002.89,8898070,370506.0,383298.0,986.2,1012.8,981.3,986.2,120626250,1084.8,887.6,1102.5,649.1,1012.2,188,8,1012.1,51,2,1012.0,1406,8,1011.9,1226,8,1011.8,1204,12,1012.3,483,5,1012.4,969,7,1012.5,5712,40,1012.6,745,10,1012.7,2503,15
317,2025-11-26 15:11:33+05:30,1012.3,6,1002.89,8898656,370482.0,383019.0,986.2,1012.8,981.3,986.2,120626250,1084.8,887.6,1102.5,649.1,1012.2,373,9,1012.1,11,1,1012.0,1406,8,1011.9,1226,8,1011.8,932,10,1012.3,269,5,1012.4,1012,7,1012.5,5088,37,1012.6,928,11,1012.7,2775,14
317,2025-11-26 15:11:33+05:30,1012.3,2,1002.89,8898656,370482.0,383019.0,986.2,1012.8,981.3,986.2,120626250,1084.8,887.6,1102.5,649.1,1012.2,373,9,1012.1,11,1,1012.0,1406,8,1011.9,1226,8,1011.8,932,10,1012.3,269,5,1012.4,1012,7,1012.5,5088,37,1012.6,928,11,1012.7,2775,14
317,2025-11-26 15:11:34+05:30,1012.3,3,1002.89,8898661,370457.0,383196.0,986.2,1012.8,981.3,986.2,120626250,1084.8,887.6,1102.5,649.1,1012.2,373,9,1012.1,11,1,1012.0,1910,10,1011.9,1226,8,1011.8,747,9,1012.3,358,8,1012.4,1011,6,1012.5,5569,39,1012.6,745,10,1012.7,2518,16
317,2025-11-26 15:11:34+05:30,1012.3,9,1002.89,8898661,370457.0,383196.0,986.2,1012.8,981.3,986.2,120626250,1084.8,887.6,1102.5,649.1,1012.2,373,9,1012.1,11,1,1012.0,1910,10,1011.9,1226,8,1011.8,747,9,1012.3,358,8,1012.4,1011,6,1012.5,5569,39,1012.6,745,10,1012.7,2518,16
317,2025-11-26 15:11:35+05:30,1012.2,27,1002.89,8899517,369820.0,382974.0,986.2,1012.8,981.3,986.2,120626250,1084.8,887.6,1102.5,649.1,1012.2,8,2,1012.1,11,1,1012.0,1873,9,1011.9,1036,7,1011.8,1051,12,1012.3,306,9,1012.4,1011,6,1012.5,5567,39,1012.6,941,12,1012.7,2518,16
317,2025-11-26 15:11:35+05:30,1012.3,2,1002.89,8899517,369820.0,382974.0,986.2,1012.8,981.3,986.2,120626250,1084.8,887.6,1102.5,649.1,1012.2,8,2,1012.1,11,1,1012.0,1873,9,1011.9,1036,7,1011.8,1051,12,1012.3,306,9,1012.4,1011,6,1012.5,5567,39,1012.6,941,12,1012.7,2518,16
317,2025-11-26 15:11:36+05:30,1012.2,1,1002.89,8899522,369808.0,382862.0,986.2,1012.8,981.3,986.2,120626250,1084.8,887.6,1102.5,649.1,1012.2,12,3,1012.1,11,1,1012.0,1873,9,1011.9,1036,7,1011.8,1051,12,1012.3,302,9,1012.4,903,5,1012.5,5557,38,1012.6,941,12,1012.7,2518,16
317,2025-11-26 15:11:36+05:30,1012.3,4,1002.89,8899522,369808.0,382862.0,986.2,1012.8,981.3,986.2,120626250,1084.8,887.6,1102.5,649.1,1012.2,12,3,1012.1,11,1,1012.0,1873,9,1011.9,1036,7,1011.8,1051,12,1012.3,302,9,1012.4,903,5,1012.5,5557,38,1012.6,941,12,1012.7,2518,16
317,2025-11-26 15:11:37+05:30,1012.3,7,1002.89,8899538,369791.0,382925.0,986.2,1012.8,981.3,986.2,120626250,1084.8,887.6,1102.5,649.1,1012.2,5,1,1012.1,14,2,1012.0,1877,10,1011.9,1219,8,1011.8,868,11,1012.3,350,10,1012.4,903,5,1012.5,5259,37,1012.6,1082,14,1012.7,2660,14
317,2025-11-26 15:11:37+05:30,1012.1,3,1002.89,8899538,369791.0,382925.0,986.2,1012.8,981.3,986.2,120626250,1084.8,887.6,1102.5,649.1,1012.2,5,1,1012.1,14,2,1012.0,1877,10,1011.9,1219,8,1011.8,868,11,1012.3,350,10,1012.4,903,5,1012.5,5259,37,1012.6,1082,14,1012.7,2660,14
317,2025-11-26 15:11:38+05:30,1012.2,3,1002.89,8899596,370616.0,383133.0,986.2,1012.8,981.3,986.2,120626250,1084.8,887.6,1102.5,649.1,1012.1,3,1,1012.0,1877,10,1011.9,958,6,1011.8,1225,12,1011.7,862,12,1012.2,26,2,1012.3,196,8,1012.4,2208,8,1012.5,5703,40,1012.6,977,15
317,2025-11-26 15:11:38+05:30,1012.2,2,1002.89,8899596,370616.0,383133.0,986.2,1012.8,981.3,986.2,120626250,1084.8,887.6,1102.5,649.1,1012.1,3,1,1012.0,1877,10,1011.9,958,6,1011.8,1225,12,1011.7,862,12,1012.2,26,2,1012.3,196,8,1012.4,2208,8,1012.5,5703,40,1012.6,977,15
317,2025-11-26 15:11:39+05:30,1012.2,2,1002.89,8899608,369859.0,383112.0,986.2,1012.8,981.3,986.2,120626250,1084.8,887.6,1102.5,649.1,1012.1,3,1,1012.0,1908,11,1011.9,958,6,1011.8,874,11,1011.7,959,11,1012.2,19,2,1012.3,259,9,1012.4,2208,8,1012.5,5881,40,1012.6,784,13
317,2025-11-26 15:11:39+05:30,1012.2,3,1002.89,8899608,369859.0,383112.0,986.2,1012.8,981.3,986.2,120626250,1084.8,887.6,1102.5,649.1,1012.1,3,1,1012.0,1908,11,1011.9,958,6,1011.8,874,11,1011.7,959,11,1012.2,19,2,1012.3,259,9,1012.4,2208,8,1012.5,5881,40,1012.6,784,13
317,2025-11-26 15:11:40+05:30,1012.4,153,1002.89,8901074,370324.0,382079.0,986.2,1012.8,981.3,986.2,120626250,1084.8,887.6,1102.5,649.1,1012.0,1910,12,1011.9,1026,6,1011.8,614,7,1011.7,1278,13,1011.6,1095,12,1012.2,2,1,1012.4,1856,7,1012.5,5572,39,1012.6,735,10,1012.7,2391,16
317,2025-11-26 15:11:40+05:30,1012.2,2,1002.89,8901074,370324.0,382079.0,986.2,1012.8,981.3,986.2,120626250,1084.8,887.6,1102.5,649.1,1012.0,1910,12,1011.9,1026,6,1011.8,614,7,1011.7,1278,13,1011.6,1095,12,1012.2,2,1,1012.4,1856,7,1012.5,5572,39,1012.6,735,10,1012.7,2391,16
317,2025-11-26 15:11:41+05:30,1012.2,26,1002.89,8901154,370930.0,381879.0,986.2,1012.8,981.3,986.2,120626250,1084.8,887.6,1102.5,649.1,1012.0,2260,16,1011.9,1181,8,1011.8,643,7,1011.7,1293,13,1011.6,917,11,1012.2,74,1,1012.3,41,1,1012.4,1703,5,1012.5,5110,36,1012.6,568,9
317,2025-11-26 15:11:41+05:30,1012.2,1,1002.89,8901154,370930.0,381879.0,986.2,1012.8,981.3,986.2,120626250,1084.8,887.6,1102.5,649.1,1012.0,2260,16,1011.9,1181,8,1011.8,643,7,1011.7,1293,13,1011.6,917,11,1012.2,74,1,1012.3,41,1,1012.4,1703,5,1012.5,5110,36,1012.6,568,9
317,2025-11-26 15:11:42+05:30,1012.0,41,1002.89,8901201,370451.0,382083.0,986.2,1012.8,981.3,986.2,120626250,1084.8,887.6,1102.5,649.1,1012.0,1719,12,1011.9,864,5,1011.8,915,8,1011.7,802,12,1011.6,1095,12,1012.2,68,1,1012.3,125,2,1012.4,1944,7,1012.5,5160,37,1012.6,892,12
317,2025-11-26 15:11:42+05:30,1012.2,5,1002.89,8901201,370451.0,382083.0,986.2,1012.8,981.3,986.2,120626250,1084.8,887.6,1102.5,649.1,1012.0,1719,12,1011.9,864,5,1011.8,915,8,1011.7,802,12,1011.6,1095,12,1012.2,68,1,1012.3,125,2,1012.4,1944,7,1012.5,5160,37,1012.6,892,12
317,2025-11-26 15:11:43+05:30,1012.2,10,1002.89,8901340,370060.0,382886.0,986.2,1012.8,981.3,986.2,120626250,1084.8,887.6,1102.5,649.1,1012.0,1625,11,1011.9,627,3,1011.8,99,2,1011.7,921,10,1011.6,1203,13,1012.2,270,5,1012.3,582,7,1012.4,2827,12,1012.5,5312,38,1012.6,617,12
317,2025-11-26 15:11:43+05:30,1012.2,10,1002.89,8901340,370060.0,382886.0,986.2,1012.8,981.3,986.2,120626250,1084.8,887.6,1102.5,649.1,1012.0,1625,11,1011.9,627,3,1011.8,99,2,1011.7,921,10,1011.6,1203,13,1012.2,270,5,1012.3,582,7,1012.4,2827,12,1012.5,5312,38,1012.6,617,12
317,2025-11-26 15:11:44+05:30,1012.0,50,1002.89,8901340,370060.0,382886.0,986.2,1012.8,981.3,986.2,120626250,1084.8,887.6,1102.5,649.1,1012.0,1625,11,1011.9,627,3,1011.8,99,2,1011.7,921,10,1011.6,1203,13,1012.2,270,5,1012.3,582,7,1012.4,2827,12,1012.5,5312,38,1012.6,617,12
317,2025-11-26 15:11:44+05:30,1012.0,50,1002.89,8901432,369939.0,383572.0,986.2,1012.8,981.3,986.2,120626250,1084.8,887.6,1102.5,649.1,1012.0,1563,12,1011.9,627,3,1011.8,118,4,1011.7,921,10,1011.6,1699,12,1012.2,255,6,1012.3,552,6,1012.4,2529,11,1012.5,5312,38,1012.6,929,14
317,2025-11-26 15:11:45+05:30,1012.2,1,1002.89,8901432,369939.0,383572.0,986.2,1012.8,981.3,986.2,120626250,1084.8,887.6,1102.5,649.1,1012.0,1563,12,1011.9,627,3,1011.8,118,4,1011.7,921,10,1011.6,1699,12,1012.2,255,6,1012.3,552,6,1012.4,2529,11,1012.5,5312,38,1012.6,929,14
317,2025-11-26 15:11:46+05:30,1012.2,1,1002.89,8901480,369140.0,383738.0,986.2,1012.8,981.3,986.2,120626250,1084.8,887.6,1102.5,649.1,1012.0,1550,13,1011.9,30,2,1011.8,34,1,1011.7,1194,6,1011.6,978,10,1012.2,253,5,1012.3,977,9,1012.4,2493,10,1012.5,5338,40,1012.6,605,11
317,2025-11-26 15:11:46+05:30,1012.2,2,1002.89,8901480,369140.0,383738.0,986.2,1012.8,981.3,986.2,120626250,1084.8,887.6,1102.5,649.1,1012.0,1550,13,1011.9,30,2,1011.8,34,1,1011.7,1194,6,1011.6,978,10,1012.2,253,5,1012.3,977,9,1012.4,2493,10,1012.5,5338,40,1012.6,605,11
317,2025-11-26 15:11:47+05:30,1012.2,2,1002.89,8901492,369394.0,383612.0,986.2,1012.8,981.3,986.2,120626250,1084.8,887.6,1102.5,649.1,1012.0,1628,14,1011.9,66,3,1011.8,102,2,1011.7,1272,7,1011.6,991,11,1012.2,213,6,1012.3,638,7,1012.4,2524,11,1012.5,5624,40,1012.6,639,13
317,2025-11-26 15:11:47+05:30,1012.2,25,1002.89,8901492,369394.0,383612.0,986.2,1012.8,981.3,986.2,120626250,1084.8,887.6,1102.5,649.1,1012.0,1628,14,1011.9,66,3,1011.8,102,2,1011.7,1272,7,1011.6,991,11,1012.2,213,6,1012.3,638,7,1012.4,2524,11,1012.5,5624,40,1012.6,639,13
317,2025-11-26 15:11:48+05:30,1012.2,25,1002.89,8902186,368187.0,383750.0,986.2,1012.8,981.3,986.2,120626250,1084.8,887.6,1102.5,649.1,1012.0,1057,12,1011.9,38,2,1011.8,44,1,1011.7,1040,4,1011.6,803,9,1012.2,264,5,1012.3,671,8,1012.4,2822,12,1012.5,5421,39,1012.6,678,16
317,2025-11-26 15:11:48+05:30,1012.2,10,1002.89,8902186,368187.0,383750.0,986.2,1012.8,981.3,986.2,120626250,1084.8,887.6,1102.5,649.1,1012.0,1057,12,1011.9,38,2,1011.8,44,1,1011.7,1040,4,1011.6,803,9,1012.2,264,5,1012.3,671,8,1012.4,2822,12,1012.5,5421,39,1012.6,678,16
317,2025-11-26 15:11:49+05:30,1012.2,10,1002.89,8902207,368216.0,383908.0,986.2,1012.8,981.3,986.2,120626250,1084.8,887.6,1102.5,649.1,1012.0,1061,11,1011.9,56,3,1011.8,52,2,1011.7,1040,4,1011.6,803,9,1012.2,418,8,1012.3,671,8,1012.4,2524,11,1012.5,5719,40,1012.6,678,16
317,2025-11-26 15:11:49+05:30,1012.0,20,1002.89,8902207,368216.0,383908.0,986.2,1012.8,981.3,986.2,120626250,1084.8,887.6,1102.5,649.1,1012.0,1061,11,1011.9,56,3,1011.8,52,2,1011.7,1040,4,1011.6,803,9,1012.2,418,8,1012.3,671,8,1012.4,2524,11,1012.5,5719,40,1012.6,678,16
317,2025-11-26 15:11:49+05:30,1012.0,20,1002.89,8902232,368223.0,383816.0,986.2,1012.8,981.3,986.2,120626250,1084.8,887.6,1102.5,649.1,1012.0,1038,11,1011.9,56,3,1011.8,52,2,1011.7,1116,5,1011.6,803,9,1012.2,346,11,1012.3,671,8,1012.4,2822,12,1012.5,5401,38,1012.6,678,16
317,2025-11-26 15:11:50+05:30,1012.1,1,1002.89,8902232,368223.0,383816.0,986.2,1012.8,981.3,986.2,120626250,1084.8,887.6,1102.5,649.1,1012.0,1038,11,1011.9,56,3,1011.8,52,2,1011.7,1116,5,1011.6,803,9,1012.2,346,11,1012.3,671,8,1012.4,2822,12,1012.5,5401,38,1012.6,678,16
317,2025-11-26 15:11:50+05:30,1012.1,1,1002.89,8902289,368338.0,384303.0,986.2,1012.8,981.3,986.2,120626250,1084.8,887.6,1102.5,649.1,1012.0,1037,11,1011.9,56,3,1011.8,179,4,1011.7,1266,6,1011.6,1251,12,1012.1,52,1,1012.2,300,11,1012.3,852,10,1012.4,2664,11,1012.5,5427,40
317,2025-11-26 15:11:51+05:30,1012.1,1,1002.89,8902289,368338.0,384303.0,986.2,1012.8,981.3,986.2,120626250,1084.8,887.6,1102.5,649.1,1012.0,1037,11,1011.9,56,3,1011.8,179,4,1011.7,1266,6,1011.6,1251,12,1012.1,52,1,1012.2,300,11,1012.3,852,10,1012.4,2664,11,1012.5,5427,40
317,2025-11-26 15:11:51+05:30,1012.1,1,1002.89,8902293,369245.0,384261.0,986.2,1012.8,981.3,986.2,120626250,1084.8,887.6,1102.5,649.1,1012.0,1035,11,1011.9,56,3,1011.8,88,3,1011.7,1266,6,1011.6,1433,14,1012.1,107,3,1012.2,292,9,1012.3,1028,11,1012.4,2493,11,1012.5,5408,40
317,2025-11-26 15:11:52+05:30,1012.1,3,1002.89,8902293,369245.0,384261.0,986.2,1012.8,981.3,986.2,120626250,1084.8,887.6,1102.5,649.1,1012.0,1035,11,1011.9,56,3,1011.8,88,3,1011.7,1266,6,1011.6,1433,14,1012.1,107,3,1012.2,292,9,1012.3,1028,11,1012.4,2493,11,1012.5,5408,40
317,2025-11-26 15:11:53+05:30,1012.1,3,1002.89,8902588,369215.0,384264.0,986.2,1012.8,981.3,986.2,120626250,1084.8,887.6,1102.5,649.1,1012.0,946,10,1011.9,56,3,1011.8,88,3,1011.7,1266,6,1011.6,1446,15,1012.1,112,3,1012.2,384,9,1012.3,999,11,1012.4,2190,9,1012.5,5348,38
317,2025-11-26 15:11:53+05:30,1012.1,1,1002.89,8902588,369215.0,384264.0,986.2,1012.8,981.3,986.2,120626250,1084.8,887.6,1102.5,649.1,1012.0,946,10,1011.9,56,3,1011.8,88,3,1011.7,1266,6,1011.6,1446,15,1012.1,112,3,1012.2,384,9,1012.3,999,11,1012.4,2190,9,1012.5,5348,38
317,2025-11-26 15:11:54+05:30,1012.1,3,1002.89,8902593,369260.0,384223.0,986.2,1012.8,981.3,986.2,120626250,1084.8,887.6,1102.5,649.1,1012.0,1026,11,1011.9,56,3,1011.8,244,3,1011.7,1119,6,1011.6,1446,15,1012.1,61,2,1012.2,384,9,1012.3,999,11,1012.4,2488,10,1012.5,5348,38
317,2025-11-26 15:11:54+05:30,1012.1,1,1002.89,8902593,369260.0,384223.0,986.2,1012.8,981.3,986.2,120626250,1084.8,887.6,1102.5,649.1,1012.0,1026,11,1011.9,56,3,1011.8,244,3,1011.7,1119,6,1011.6,1446,15,1012.1,61,2,1012.2,384,9,1012.3,999,11,1012.4,2488,10,1012.5,5348,38
317,2025-11-26 15:11:55+05:30,1012.1,2,1002.89,8902621,369241.0,385407.0,986.2,1012.8,981.3,986.2,120626250,1084.8,887.6,1102.5,649.1,1012.0,1029,12,1011.9,76,4,1011.8,244,3,1011.7,1119,6,1011.6,1433,14,1012.1,704,7,1012.2,612,11,1012.3,1275,11,1012.4,2015,10,1012.5,5348,38
317,2025-11-26 15:11:55+05:30,1012.1,2,1002.89,8902621,369241.0,385407.0,986.2,1012.8,981.3,986.2,120626250,1084.8,887.6,1102.5,649.1,1012.0,1029,12,1011.9,76,4,1011.8,244,3,1011.7,1119,6,1011.6,1433,14,1012.1,704,7,1012.2,612,11,1012.3,1275,11,1012.4,2015,10,1012.5,5348,38
317,2025-11-26 15:11:56+05:30,1012.0,3,1002.89,8903000,369040.0,385583.0,986.2,1012.8,981.3,986.2,120626250,1084.8,887.6,1102.5,649.1,1012.0,705,11,1011.9,76,4,1011.8,244,3,1011.7,1119,6,1011.6,1420,13,1012.1,715,6,1012.2,773,13,1012.3,1568,12,1012.4,1707,8,1012.5,5348,38
317,2025-11-26 15:11:56+05:30,1012.1,3,1002.89,8903000,369040.0,385583.0,986.2,1012.8,981.3,986.2,120626250,1084.8,887.6,1102.5,649.1,1012.0,705,11,1011.9,76,4,1011.8,244,3,1011.7,1119,6,1011.6,1420,13,1012.1,715,6,1012.2,773,13,1012.3,1568,12,1012.4,1707,8,1012.5,5348,38
317,2025-11-26 15:11:57+05:30,1012.1,3,1002.89,8903013,368960.0,385594.0,986.2,1012.8,981.3,986.2,120626250,1084.8,887.6,1102.5,649.1,1012.0,677,10,1011.9,82,5,1011.8,244,3,1011.7,1119,6,1011.6,1420,13,1012.1,763,7,1012.2,645,12,1012.3,1744,13,1012.4,1717,9,1012.5,5358,39
317,2025-11-26 15:11:57+05:30,1012.0,41,1002.89,8903013,368960.0,385594.0,986.2,1012.8,981.3,986.2,120626250,1084.8,887.6,1102.5,649.1,1012.0,677,10,1011.9,82,5,1011.8,244,3,1011.7,1119,6,1011.6,1420,13,1012.1,763,7,1012.2,645,12,1012.3,1744,13,1012.4,1717,9,1012.5,5358,39
317,2025-11-26 15:11:58+05:30,1012.0,41,1002.89,8903193,368772.0,387164.0,986.2,1012.8,981.3,986.2,120626250,1084.8,887.6,1102.5,649.1,1012.0,636,9,1011.9,82,5,1011.8,244,3,1011.7,941,5,1011.6,1420,13,1012.1,719,8,1012.2,736,13,1012.3,3009,12,1012.4,2005,9,1012.5,5348,38
317,2025-11-26 15:11:58+05:30,1012.1,3,1002.89,8903193,368772.0,387164.0,986.2,1012.8,981.3,986.2,120626250,1084.8,887.6,1102.5,649.1,1012.0,636,9,1011.9,82,5,1011.8,244,3,1011.7,941,5,1011.6,1420,13,1012.1,719,8,1012.2,736,13,1012.3,3009,12,1012.4,2005,9,1012.5,5348,38
317,2025-11-26 15:11:59+05:30,1012.1,3,1002.89,8903414,368575.0,386251.0,986.2,1012.8,981.3,986.2,120626250,1084.8,887.6,1102.5,649.1,1012.0,425,8,1011.9,82,5,1011.8,364,6,1011.7,1561,9,1011.6,1532,14,1012.1,721,7,1012.2,316,8,1012.3,2473,8,1012.4,1984,9,1012.5,5466,37
317,2025-11-26 15:11:59+05:30,1012.1,1,1002.89,8903414,368575.0,386251.0,986.2,1012.8,981.3,986.2,120626250,1084.8,887.6,1102.5,649.1,1012.0,425,8,1011.9,82,5,1011.8,364,6,1011.7,1561,9,1011.6,1532,14,1012.1,721,7,1012.2,316,8,1012.3,2473,8,1012.4,1984,9,1012.5,5466,37
317,2025-11-26 15:12:00+05:30,1012.0,9,1002.89,8903601,368852.0,387184.0,986.2,1012.8,981.3,986.2,120626250,1084.8,887.6,1102.5,649.1,1012.0,648,10,1011.9,46,4,1011.8,249,4,1011.7,1282,7,1011.6,1596,14,1012.1,961,9,1012.2,429,10,1012.3,3161,13,1012.4,1691,9,1012.5,5471,38
317,2025-11-26 15:12:00+05:30,1012.1,1,1002.89,8903601,368852.0,387184.0,986.2,1012.8,981.3,986.2,120626250,1084.8,887.6,1102.5,649.1,1012.0,648,10,1011.9,46,4,1011.8,249,4,1011.7,1282,7,1011.6,1596,14,1012.1,961,9,1012.2,429,10,1012.3,3161,13,1012.4,1691,9,1012.5,5471,38
317,2025-11-26 15:12:01+05:30,1012.0,1,1002.89,8903988,368315.0,387213.0,986.2,1012.8,981.3,986.2,120626250,1084.8,887.6,1102.5,649.1,1012.0,419,7,1011.9,46,4,1011.8,249,4,1011.7,1320,8,1011.6,1596,14,1012.1,1131,10,1012.2,364,9,1012.3,2853,11,1012.4,1984,9,1012.5,5466,37
317,2025-11-26 15:12:01+05:30,1012.1,1,1002.89,8903988,368315.0,387213.0,986.2,1012.8,981.3,986.2,120626250,1084.8,887.6,1102.5,649.1,1012.0,419,7,1011.9,46,4,1011.8,249,4,1011.7,1320,8,1011.6,1596,14,1012.1,1131,10,1012.2,364,9,1012.3,2853,11,1012.4,1984,9,1012.5,5466,37
317,2025-11-26 15:12:02+05:30,1012.1,1,1002.89,8904012,367812.0,387353.0,986.2,1012.8,981.3,986.2,120626250,1084.8,887.6,1102.5,649.1,1012.0,454,9,1011.9,46,4,1011.8,249,4,1011.7,1168,7,1011.6,1444,13,1012.1,1134,11,1012.2,515,11,1012.3,3151,12,1012.4,1849,9,1012.5,5277,35
317,2025-11-26 15:12:02+05:30,1012.1,23,1002.89,8904012,367812.0,387353.0,986.2,1012.8,981.3,986.2,120626250,1084.8,887.6,1102.5,649.1,1012.0,454,9,1011.9,46,4,1011.8,249,4,1011.7,1168,7,1011.6,1444,13,1012.1,1134,11,1012.2,515,11,1012.3,3151,12,1012.4,1849,9,1012.5,5277,35
317,2025-11-26 15:12:03+05:30,1012.1,20,1002.89,8904263,368126.0,387119.0,986.2,1012.8,981.3,986.2,120626250,1084.8,887.6,1102.5,649.1,1012.0,454,9,1011.9,26,3,1011.8,598,6,1011.7,1168,7,1011.6,1414,12,1012.1,883,11,1012.2,376,9,1012.3,3151,12,1012.4,1849,9,1012.5,5277,35
317,2025-11-26 15:12:03+05:30,1012.1,11,1002.89,8904263,368126.0,387119.0,986.2,1012.8,981.3,986.2,120626250,1084.8,887.6,1102.5,649.1,1012.0,454,9,1011.9,26,3,1011.8,598,6,1011.7,1168,7,1011.6,1414,12,1012.1,883,11,1012.2,376,9,1012.3,3151,12,1012.4,1849,9,1012.5,5277,35
317,2025-11-26 15:12:04+05:30,1012.1,6,1002.89,8904592,367808.0,386988.0,986.2,1012.8,981.3,986.2,120626250,1084.8,887.6,1102.5,649.1,1012.0,182,7,1011.9,26,3,1011.8,1358,8,1011.7,408,5,1011.6,690,13,1012.1,857,10,1012.2,316,8,1012.3,2690,10,1012.4,2147,10,1012.5,5640,37
317,2025-11-26 15:12:04+05:30,1012.1,6,1002.89,8904592,367808.0,386988.0,986.2,1012.8,981.3,986.2,120626250,1084.8,887.6,1102.5,649.1,1012.0,182,7,1011.9,26,3,1011.8,1358,8,1011.7,408,5,1011.6,690,13,1012.1,857,10,1012.2,316,8,1012.3,2690,10,1012.4,2147,10,1012.5,5640,37
317,2025-11-26 15:12:05+05:30,1012.1,2,1002.89,8904594,365056.0,386421.0,986.2,1012.8,981.3,986.2,120626250,1084.8,887.6,1102.5,649.1,1012.0,182,7,1011.9,26,3,1011.8,1358,8,1011.7,408,5,1011.6,677,12,1012.1,855,10,1012.2,316,8,1012.3,2988,11,1012.4,1849,9,1012.5,5640,37
317,2025-11-26 15:12:05+05:30,1012.1,2,1002.89,8904594,365056.0,386421.0,986.2,1012.8,981.3,986.2,120626250,1084.8,887.6,1102.5,649.1,1012.0,182,7,1011.9,26,3,1011.8,1358,8,1011.7,408,5,1011.6,677,12,1012.1,855,10,1012.2,316,8,1012.3,2988,11,1012.4,1849,9,1012.5,5640,37
317,2025-11-26 15:12:06+05:30,1012.0,1,1002.89,8904628,365226.0,385764.0,986.2,1012.8,981.3,986.2,120626250,1084.8,887.6,1102.5,649.1,1012.0,441,11,1011.9,72,5,1011.8,1648,11,1011.7,498,6,1011.6,501,11,1012.1,826,11,1012.2,386,10,1012.3,2502,7,1012.4,1984,9,1012.5,5640,37
317,2025-11-26 15:12:06+05:30,1012.1,2,1002.89,8904628,365226.0,385764.0,986.2,1012.8,981.3,986.2,120626250,1084.8,887.6,1102.5,649.1,1012.0,441,11,1011.9,72,5,1011.8,1648,11,1011.7,498,6,1011.6,501,11,1012.1,826,11,1012.2,386,10,1012.3,2502,7,1012.4,1984,9,1012.5,5640,37
317,2025-11-26 15:12:07+05:30,1012.1,1,1002.89,8904636,365219.0,385560.0,986.2,1012.8,981.3,986.2,120626250,1084.8,887.6,1102.5,649.1,1012.0,441,11,1011.9,72,5,1011.8,1853,13,1011.7,460,5,1011.6,501,11,1012.1,647,10,1012.2,386,10,1012.3,2502,7,1012.4,1984,9,1012.5,5640,37
317,2025-11-26 15:12:07+05:30,1012.1,5,1002.89,8904636,365219.0,385560.0,986.2,1012.8,981.3,986.2,120626250,1084.8,887.6,1102.5,649.1,1012.0,441,11,1011.9,72,5,1011.8,1853,13,1011.7,460,5,1011.6,501,11,1012.1,647,10,1012.2,386,10,1012.3,2502,7,1012.4,1984,9,1012.5,5640,37
317,2025-11-26 15:12:08+05:30,1012.0,7,1002.89,8904648,365487.0,386004.0,986.2,1012.8,981.3,986.2,120626250,1084.8,887.6,1102.5,649.1,1012.0,424,10,1011.9,75,6,1011.8,1607,12,1011.7,775,7,1011.6,501,11,1012.1,1172,12,1012.2,386,10,1012.3,2502,7,1012.4,1989,10,1012.5,5662,39
317,2025-11-26 15:12:08+05:30,1012.1,2,1002.89,8904648,365487.0,386004.0,986.2,1012.8,981.3,986.2,120626250,1084.8,887.6,1102.5,649.1,1012.0,424,10,1011.9,75,6,1011.8,1607,12,1011.7,775,7,1011.6,501,11,1012.1,1172,12,1012.2,386,10,1012.3,2502,7,1012.4,1989,10,1012.5,5662,39
317,2025-11-26 15:12:09+05:30,1012.0,3,1002.89,8904835,365499.0,386002.0,986.2,1012.8,981.3,986.2,120626250,1084.8,887.6,1102.5,649.1,1012.0,489,10,1011.9,75,6,1011.8,1770,13,1011.7,612,6,1011.6,998,12,1012.1,1165,11,1012.2,386,10,1012.3,2502,7,1012.4,1989,10,1012.5,5662,39
317,2025-11-26 15:12:09+05:30,1012.0,37,1002.89,8904835,365499.0,386002.0,986.2,1012.8,981.3,986.2,120626250,1084.8,887.6,1102.5,649.1,1012.0,489,10,1011.9,75,6,1011.8,1770,13,1011.7,612,6,1011.6,998,12,1012.1,1165,11,1012.2,386,10,1012.3,2502,7,1012.4,1989,10,1012.5,5662,39
317,2025-11-26 15:12:10+05:30,1012.0,18,1002.89,8905158,365346.0,386281.0,986.2,1012.8,981.3,986.2,120626250,1084.8,887.6,1102.5,649.1,1012.0,197,9,1011.9,76,6,1011.8,1286,9,1011.7,929,8,1011.6,796,14,1012.1,989,10,1012.2,429,11,1012.3,2899,10,1012.4,1691,9,1012.5,5925,41
317,2025-11-26 15:12:10+05:30,1012.1,8,1002.89,8905158,365346.0,386281.0,986.2,1012.8,981.3,986.2,120626250,1084.8,887.6,1102.5,649.1,1012.0,197,9,1011.9,76,6,1011.8,1286,9,1011.7,929,8,1011.6,796,14,1012.1,989,10,1012.2,429,11,1012.3,2899,10,1012.4,1691,9,1012.5,5925,41
317,2025-11-26 15:12:11+05:30,1012.1,1,1002.89,8905158,365346.0,386281.0,986.2,1012.8,981.3,986.2,120626250,1084.8,887.6,1102.5,649.1,1012.0,197,9,1011.9,76,6,1011.8,1286,9,1011.7,929,8,1011.6,796,14,1012.1,989,10,1012.2,429,11,1012.3,2899,10,1012.4,1691,9,1012.5,5925,41
317,2025-11-26 15:12:11+05:30,1012.1,1,1002.89,8905180,367542.0,386539.0,986.2,1012.8,981.3,986.2,120626250,1084.8,887.6,1102.5,649.1,1012.0,186,9,1011.9,673,7,1011.8,1017,10,1011.7,638,8,1011.6,924,13,1012.1,982,10,1012.2,386,10,1012.3,2569,9,1012.4,1989,10,1012.5,6147,41
317,2025-11-26 15:12:12+05:30,1012.1,6,1002.89,8905180,367542.0,386539.0,986.2,1012.8,981.3,986.2,120626250,1084.8,887.6,1102.5,649.1,1012.0,186,9,1011.9,673,7,1011.8,1017,10,1011.7,638,8,1011.6,924,13,1012.1,982,10,1012.2,386,10,1012.3,2569,9,1012.4,1989,10,1012.5,6147,41
317,2025-11-26 15:12:13+05:30,1012.1,6,1002.89,8905436,367787.0,385953.0,986.2,1012.8,981.3,986.2,120626250,1084.8,887.6,1102.5,649.1,1012.0,134,7,1011.9,771,9,1011.8,843,9,1011.7,792,9,1011.6,731,11,1012.1,737,10,1012.2,386,10,1012.3,2512,8,1012.4,1923,9,1012.5,5993,40
317,2025-11-26 15:12:13+05:30,1012.1,99,1002.89,8905436,367787.0,385953.0,986.2,1012.8,981.3,986.2,120626250,1084.8,887.6,1102.5,649.1,1012.0,134,7,1011.9,771,9,1011.8,843,9,1011.7,792,9,1011.6,731,11,1012.1,737,10,1012.2,386,10,1012.3,2512,8,1012.4,1923,9,1012.5,5993,40
317,2025-11-26 15:12:14+05:30,1012.1,3,1002.89,8905794,367872.0,385661.0,986.2,1012.8,981.3,986.2,120626250,1084.8,887.6,1102.5,649.1,1012.0,237,6,1011.9,924,10,1011.8,817,9,1011.7,638,8,1011.6,1303,13,1012.1,501,5,1012.2,386,10,1012.3,2502,7,1012.4,1676,8,1012.5,6307,42
317,2025-11-26 15:12:14+05:30,1012.2,2,1002.89,8905794,367872.0,385661.0,986.2,1012.8,981.3,986.2,120626250,1084.8,887.6,1102.5,649.1,1012.0,237,6,1011.9,924,10,1011.8,817,9,1011.7,638,8,1011.6,1303,13,1012.1,501,5,1012.2,386,10,1012.3,2502,7,1012.4,1676,8,1012.5,6307,42
317,2025-11-26 15:12:15+05:30,1012.2,2,1002.9,8908130,368781.0,383562.0,986.2,1012.8,981.3,986.2,120626250,1084.8,887.6,1102.5,649.1,1012.1,17,2,1012.0,1185,10,1011.9,449,9,1011.8,799,7,1011.7,1218,9,1012.2,1,1,1012.3,1877,4,1012.4,1314,5,1012.5,6305,42,1012.6,788,18
317,2025-11-26 15:12:15+05:30,1012.2,1,1002.9,8908130,368781.0,383562.0,986.2,1012.8,981.3,986.2,120626250,1084.8,887.6,1102.5,649.1,1012.1,17,2,1012.0,1185,10,1011.9,449,9,1011.8,799,7,1011.7,1218,9,1012.2,1,1,1012.3,1877,4,1012.4,1314,5,1012.5,6305,42,1012.6,788,18
317,2025-11-26 15:12:16+05:30,1012.1,1,1002.9,8908980,366922.0,383655.0,986.2,1012.8,981.3,986.2,120626250,1084.8,887.6,1102.5,649.1,1012.1,43,1,1012.0,489,5,1011.9,497,11,1011.8,1014,10,1011.7,1298,11,1012.2,158,3,1012.3,1830,4,1012.4,1620,7,1012.5,6014,41,1012.6,762,17
317,2025-11-26 15:12:16+05:30,1012.2,1,1002.9,8908980,366922.0,383655.0,986.2,1012.8,981.3,986.2,120626250,1084.8,887.6,1102.5,649.1,1012.1,43,1,1012.0,489,5,1011.9,497,11,1011.8,1014,10,1011.7,1298,11,1012.2,158,3,1012.3,1830,4,1012.4,1620,7,1012.5,6014,41,1012.6,762,17
317,2025-11-26 15:12:17+05:30,1012.2,20,1002.9,8909148,368035.0,383272.0,986.2,1012.8,981.3,986.2,120626250,1084.8,887.6,1102.5,649.1,1012.1,26,1,1012.0,498,6,1011.9,651,12,1011.8,871,10,1011.7,1338,12,1012.2,115,2,1012.3,1830,4,1012.4,1167,3,1012.5,5708,39,1012.6,762,17
317,2025-11-26 15:12:17+05:30,1012.2,3,1002.9,8909148,368035.0,383272.0,986.2,1012.8,981.3,986.2,120626250,1084.8,887.6,1102.5,649.1,1012.1,26,1,1012.0,498,6,1011.9,651,12,1011.8,871,10,1011.7,1338,12,1012.2,115,2,1012.3,1830,4,1012.4,1167,3,1012.5,5708,39,1012.6,762,17
317,2025-11-26 15:12:18+05:30,1012.2,3,1002.9,8909176,368035.0,383305.0,986.2,1012.8,981.3,986.2,120626250,1084.8,887.6,1102.5,649.1,1012.1,26,2,1012.0,498,6,1011.9,497,11,1011.8,1025,11,1011.7,1338,12,1012.2,153,5,1012.3,1830,4,1012.4,1167,3,1012.5,5708,39,1012.6,725,15
317,2025-11-26 15:12:18+05:30,1012.2,3,1002.9,8909176,368035.0,383305.0,986.2,1012.8,981.3,986.2,120626250,1084.8,887.6,1102.5,649.1,1012.1,26,2,1012.0,498,6,1011.9,497,11,1011.8,1025,11,1011.7,1338,12,1012.2,153,5,1012.3,1830,4,1012.4,1167,3,1012.5,5708,39,1012.6,725,15
317,2025-11-26 15:12:19+05:30,1012.2,3,1002.9,8909196,365869.0,381079.0,986.2,1012.8,981.3,986.2,120626250,1084.8,887.6,1102.5,649.1,1012.1,233,5,1012.0,498,6,1011.9,605,11,1011.8,1014,10,1011.7,1239,11,1012.2,146,5,1012.3,1830,4,1012.4,1013,2,1012.5,6160,41,1012.6,725,15
317,2025-11-26 15:12:19+05:30,1012.2,8,1002.9,8909196,365869.0,381079.0,986.2,1012.8,981.3,986.2,120626250,1084.8,887.6,1102.5,649.1,1012.1,233,5,1012.0,498,6,1011.9,605,11,1011.8,1014,10,1011.7,1239,11,1012.2,146,5,1012.3,1830,4,1012.4,1013,2,1012.5,6160,41,1012.6,725,15
317,2025-11-26 15:12:20+05:30,1012.1,49,1002.9,8909799,364926.0,382298.0,986.2,1012.8,981.3,986.2,120626250,1084.8,887.6,1102.5,649.1,1012.0,451,5,1011.9,252,7,1011.8,726,5,1011.7,1521,9,1011.6,4022,13,1012.1,41,1,1012.2,444,10,1012.3,2241,8,1012.4,1681,7,1012.5,5834,38
317,2025-11-26 15:12:20+05:30,1012.0,25,1002.9,8909799,364926.0,382298.0,986.2,1012.8,981.3,986.2,120626250,1084.8,887.6,1102.5,649.1,1012.0,451,5,1011.9,252,7,1011.8,726,5,1011.7,1521,9,1011.6,4022,13,1012.1,41,1,1012.2,444,10,1012.3,2241,8,1012.4,1681,7,1012.5,5834,38
317,2025-11-26 15:12:21+05:30,1012.2,7,1002.9,8910482,365183.0,382517.0,986.2,1012.8,981.3,986.2,120626250,1084.8,887.6,1102.5,649.1,1012.0,429,6,1011.9,940,11,1011.8,1161,12,1011.7,974,12,1011.6,4022,13,1012.2,319,3,1012.3,2230,7,1012.4,1576,7,1012.5,6026,39,1012.6,727,15
317,2025-11-26 15:12:21+05:30,1012.1,1,1002.9,8910482,365183.0,382517.0,986.2,1012.8,981.3,986.2,120626250,1084.8,887.6,1102.5,649.1,1012.0,429,6,1011.9,940,11,1011.8,1161,12,1011.7,974,12,1011.6,4022,13,1012.2,319,3,1012.3,2230,7,1012.4,1576,7,1012.5,6026,39,1012.6,727,15
317,2025-11-26 15:12:22+05:30,1012.1,1,1002.9,8910485,366758.0,382513.0,986.2,1012.8,981.3,986.2,120626250,1084.8,887.6,1102.5,649.1,1012.0,429,6,1011.9,873,10,1011.8,1161,12,1011.7,966,11,1011.6,4772,14,1012.1,27,2,1012.2,322,4,1012.3,2185,6,1012.4,1519,7,1012.5,6218,40
317,2025-11-26 15:12:22+05:30,1012.1,1,1002.9,8910485,366758.0,382513.0,986.2,1012.8,981.3,986.2,120626250,1084.8,887.6,1102.5,649.1,1012.0,429,6,1011.9,873,10,1011.8,1161,12,1011.7,966,11,1011.6,4772,14,1012.1,27,2,1012.2,322,4,1012.3,2185,6,1012.4,1519,7,1012.5,6218,40
317,2025-11-26 15:12:23+05:30,1012.2,1,1002.9,8910523,366173.0,382540.0,986.2,1012.8,981.3,986.2,120626250,1084.8,887.6,1102.5,649.1,1012.1,1,1,1012.0,442,7,1011.9,860,10,1011.8,969,11,1011.7,931,10,1012.2,361,4,1012.3,2382,7,1012.4,1407,6,1012.5,5834,38,1012.6,1036,17
317,2025-11-26 15:12:23+05:30,1012.1,1,1002.9,8910523,366173.0,382540.0,986.2,1012.8,981.3,986.2,120626250,1084.8,887.6,1102.5,649.1,1012.1,1,1,1012.0,442,7,1011.9,860,10,1011.8,969,11,1011.7,931,10,1012.2,361,4,1012.3,2382,7,1012.4,1407,6,1012.5,5834,38,1012.6,1036,17
317,2025-11-26 15:12:24+05:30,1012.1,3,1002.9,8910527,366236.0,382424.0,986.2,1012.8,981.3,986.2,120626250,1084.8,887.6,1102.5,649.1,1012.0,442,7,1011.9,1020,13,1011.8,1167,12,1011.7,932,10,1011.6,4102,14,1012.1,234,2,1012.2,207,6,1012.3,2185,6,1012.4,1834,7,1012.5,6031,39
317,2025-11-26 15:12:24+05:30,1012.1,3,1002.9,8910527,366236.0,382424.0,986.2,1012.8,981.3,986.2,120626250,1084.8,887.6,1102.5,649.1,1012.0,442,7,1011.9,1020,13,1011.8,1167,12,1011.7,932,10,1011.6,4102,14,1012.1,234,2,1012.2,207,6,1012.3,2185,6,1012.4,1834,7,1012.5,6031,39
317,2025-11-26 15:12:25+05:30,1012.1,3,1002.9,8910764,367354.0,381868.0,986.2,1012.8,981.3,986.2,120626250,1084.8,887.6,1102.5,649.1,1012.1,185,1,1012.0,282,9,1011.9,1312,15,1011.8,1193,14,1011.7,2958,10,1012.2,98,4,1012.3,2180,5,1012.4,1013,2,1012.5,5897,37,1012.6,914,15
317,2025-11-26 15:12:25+05:30,1012.1,3,1002.9,8910764,367354.0,381868.0,986.2,1012.8,981.3,986.2,120626250,1084.8,887.6,1102.5,649.1,1012.1,185,1,1012.0,282,9,1011.9,1312,15,1011.8,1193,14,1011.7,2958,10,1012.2,98,4,1012.3,2180,5,1012.4,1013,2,1012.5,5897,37,1012.6,914,15
317,2025-11-26 15:12:26+05:30,1012.2,2,1002.9,8910774,367467.0,381733.0,986.2,1012.8,981.3,986.2,120626250,1084.8,887.6,1102.5,649.1,1012.1,242,6,1012.0,552,11,1011.9,1312,15,1011.8,995,13,1011.7,3742,12,1012.2,99,6,1012.3,2071,4,1012.4,1013,2,1012.5,5576,36,1012.6,712,14
317,2025-11-26 15:12:26+05:30,1012.2,2,1002.9,8910774,367467.0,381733.0,986.2,1012.8,981.3,986.2,120626250,1084.8,887.6,1102.5,649.1,1012.1,242,6,1012.0,552,11,1011.9,1312,15,1011.8,995,13,1011.7,3742,12,1012.2,99,6,1012.3,2071,4,1012.4,1013,2,1012.5,5576,36,1012.6,712,14
317,2025-11-26 15:12:27+05:30,1012.2,1,1002.9,8910774,367467.0,381733.0,986.2,1012.8,981.3,986.2,120626250,1084.8,887.6,1102.5,649.1,1012.1,242,6,1012.0,552,11,1011.9,1312,15,1011.8,995,13,1011.7,3742,12,1012.2,99,6,1012.3,2071,4,1012.4,1013,2,1012.5,5576,36,1012.6,712,14
317,2025-11-26 15:12:27+05:30,1012.2,1,1002.9,8910788,367788.0,381903.0,986.2,1012.8,981.3,986.2,120626250,1084.8,887.6,1102.5,649.1,1012.1,199,3,1012.0,292,9,1011.9,1515,16,1011.8,1428,9,1011.7,3742,12,1012.2,95,6,1012.3,2071,4,1012.4,1013,2,1012.5,5576,36,1012.6,712,14
317,2025-11-26 15:12:28+05:30,1012.2,2,1002.9,8910788,367788.0,381903.0,986.2,1012.8,981.3,986.2,120626250,1084.8,887.6,1102.5,649.1,1012.1,199,3,1012.0,292,9,1011.9,1515,16,1011.8,1428,9,1011.7,3742,12,1012.2,95,6,1012.3,2071,4,1012.4,1013,2,1012.5,5576,36,1012.6,712,14
317,2025-11-26 15:12:29+05:30,1012.2,4,1002.9,8910810,368035.0,381257.0,986.2,1012.8,981.3,986.2,120626250,1084.8,887.6,1102.5,649.1,1012.1,264,5,1012.0,323,8,1011.9,1516,16,1011.8,995,13,1011.7,3742,12,1012.2,249,8,1012.3,2071,4,1012.4,1013,2,1012.5,5874,37,1012.6,592,13
317,2025-11-26 15:12:29+05:30,1012.2,1,1002.9,8910810,368035.0,381257.0,986.2,1012.8,981.3,986.2,120626250,1084.8,887.6,1102.5,649.1,1012.1,264,5,1012.0,323,8,1011.9,1516,16,1011.8,995,13,1011.7,3742,12,1012.2,249,8,1012.3,2071,4,1012.4,1013,2,1012.5,5874,37,1012.6,592,13
317,2025-11-26 15:12:30+05:30,1012.2,1,1002.9,8910816,368194.0,380954.0,986.2,1012.8,981.3,986.2,120626250,1084.8,887.6,1102.5,649.1,1012.1,429,5,1012.0,355,9,1011.9,1459,15,1011.8,1567,14,1011.7,3742,12,1012.2,573,9,1012.3,2071,4,1012.4,1013,2,1012.5,5874,37,1012.6,618,15
317,2025-11-26 15:12:30+05:30,1012.1,1,1002.9,8910816,368194.0,380954.0,986.2,1012.8,981.3,986.2,120626250,1084.8,887.6,1102.5,649.1,1012.1,429,5,1012.0,355,9,1011.9,1459,15,1011.8,1567,14,1011.7,3742,12,1012.2,573,9,1012.3,2071,4,1012.4,1013,2,1012.5,5874,37,1012.6,618,15
317,2025-11-26 15:12:31+05:30,1012.1,1,1002.9,8911215,368087.0,381561.0,986.2,1012.8,981.3,986.2,120626250,1084.8,887.6,1102.5,649.1,1012.1,903,6,1012.0,178,8,1011.9,1428,15,1011.8,1575,14,1011.7,3638,11,1012.2,533,4,1012.3,2071,4,1012.4,1513,3,1012.5,5915,38,1012.6,618,15
317,2025-11-26 15:12:31+05:30,1012.2,2,1002.9,8911215,368087.0,381561.0,986.2,1012.8,981.3,986.2,120626250,1084.8,887.6,1102.5,649.1,1012.1,903,6,1012.0,178,8,1011.9,1428,15,1011.8,1575,14,1011.7,3638,11,1012.2,533,4,1012.3,2071,4,1012.4,1513,3,1012.5,5915,38,1012.6,618,15
317,2025-11-26 15:12:32+05:30,1012.2,3,1002.9,8911717,367794.0,380882.0,986.2,1012.8,981.3,986.2,120626250,1084.8,887.6,1102.5,649.1,1012.1,613,5,1012.0,137,7,1011.9,1048,13,1011.8,1955,16,1011.7,3727,13,1012.2,349,3,1012.3,2071,4,1012.4,1513,3,1012.5,5920,39,1012.6,618,15
317,2025-11-26 15:12:32+05:30,1012.2,5,1002.9,8911717,367794.0,380882.0,986.2,1012.8,981.3,986.2,120626250,1084.8,887.6,1102.5,649.1,1012.1,613,5,1012.0,137,7,1011.9,1048,13,1011.8,1955,16,1011.7,3727,13,1012.2,349,3,1012.3,2071,4,1012.4,1513,3,1012.5,5920,39,1012.6,618,15
317,2025-11-26 15:12:33+05:30,1012.2,5,1002.9,8911757,367821.0,383706.0,986.2,1012.8,981.3,986.2,120626250,1084.8,887.6,1102.5,649.1,1012.1,734,6,1012.0,74,6,1011.9,1004,12,1011.8,1375,15,1011.7,3727,13,1012.2,328,6,1012.3,2071,4,1012.4,4299,5,1012.5,5864,40,1012.6,905,15
317,2025-11-26 15:12:33+05:30,1012.2,11,1002.9,8911757,367821.0,383706.0,986.2,1012.8,981.3,986.2,120626250,1084.8,887.6,1102.5,649.1,1012.1,734,6,1012.0,74,6,1011.9,1004,12,1011.8,1375,15,1011.7,3727,13,1012.2,328,6,1012.3,2071,4,1012.4,4299,5,1012.5,5864,40,1012.6,905,15
317,2025-11-26 15:12:34+05:30,1012.2,1,1002.9,8911779,367745.0,383735.0,986.2,1012.8,981.3,986.2,120626250,1084.8,887.6,1102.5,649.1,1012.1,727,5,1012.0,74,6,1011.9,1545,14,1011.8,1375,15,1011.7,3727,13,1012.2,311,6,1012.3,2071,4,1012.4,4338,6,1012.5,6162,41,1012.6,607,14
317,2025-11-26 15:12:34+05:30,1012.1,3,1002.9,8911779,367745.0,383735.0,986.2,1012.8,981.3,986.2,120626250,1084.8,887.6,1102.5,649.1,1012.1,727,5,1012.0,74,6,1011.9,1545,14,1011.8,1375,15,1011.7,3727,13,1012.2,311,6,1012.3,2071,4,1012.4,4338,6,1012.5,6162,41,1012.6,607,14
317,2025-11-26 15:12:35+05:30,1012.1,92,1002.9,8911877,368354.0,384205.0,986.2,1012.8,981.3,986.2,120626250,1084.8,887.6,1102.5,649.1,1012.1,645,6,1012.0,63,5,1011.9,1654,15,1011.8,995,13,1011.7,3917,14,1012.2,513,6,1012.3,2109,5,1012.4,4702,8,1012.5,5998,42,1012.6,781,14
317,2025-11-26 15:12:35+05:30,1012.1,30,1002.9,8911877,368354.0,384205.0,986.2,1012.8,981.3,986.2,120626250,1084.8,887.6,1102.5,649.1,1012.1,645,6,1012.0,63,5,1011.9,1654,15,1011.8,995,13,1011.7,3917,14,1012.2,513,6,1012.3,2109,5,1012.4,4702,8,1012.5,5998,42,1012.6,781,14
317,2025-11-26 15:12:36+05:30,1012.1,1,1002.9,8911971,367810.0,384416.0,986.2,1012.8,981.3,986.2,120626250,1084.8,887.6,1102.5,649.1,1012.1,612,6,1012.0,63,5,1011.9,1261,12,1011.8,1185,14,1011.7,3917,14,1012.2,456,8,1012.3,2109,5,1012.4,5091,10,1012.5,6042,43,1012.6,591,13
317,2025-11-26 15:12:36+05:30,1012.2,3,1002.9,8911971,367810.0,384416.0,986.2,1012.8,981.3,986.2,120626250,1084.8,887.6,1102.5,649.1,1012.1,612,6,1012.0,63,5,1011.9,1261,12,1011.8,1185,14,1011.7,3917,14,1012.2,456,8,1012.3,2109,5,1012.4,5091,10,1012.5,6042,43,1012.6,591,13
317,2025-11-26 15:12:37+05:30,1012.2,4,1002.9,8911978,368705.0,385621.0,986.2,1012.8,981.3,986.2,120626250,1084.8,887.6,1102.5,649.1,1012.1,612,6,1012.0,63,5,1011.9,1485,14,1011.8,1185,14,1011.7,3917,14,1012.2,449,8,1012.3,2071,4,1012.4,4793,9,1012.5,6314,42,1012.6,617,15
317,2025-11-26 15:12:37+05:30,1012.1,71,1002.9,8911978,368705.0,385621.0,986.2,1012.8,981.3,986.2,120626250,1084.8,887.6,1102.5,649.1,1012.1,612,6,1012.0,63,5,1011.9,1485,14,1011.8,1185,14,1011.7,3917,14,1012.2,449,8,1012.3,2071,4,1012.4,4793,9,1012.5,6314,42,1012.6,617,15
317,2025-11-26 15:12:38+05:30,1012.1,25,1002.9,8912075,368581.0,385617.0,986.2,1012.8,981.3,986.2,120626250,1084.8,887.6,1102.5,649.1,1012.1,515,6,1012.0,1373,6,1011.9,1485,14,1011.8,1231,15,1011.7,3917,14,1012.2,445,8,1012.3,2071,4,1012.4,4603,8,1012.5,6504,43,1012.6,617,15
317,2025-11-26 15:12:38+05:30,1012.2,2,1002.9,8912075,368581.0,385617.0,986.2,1012.8,981.3,986.2,120626250,1084.8,887.6,1102.5,649.1,1012.1,515,6,1012.0,1373,6,1011.9,1485,14,1011.8,1231,15,1011.7,3917,14,1012.2,445,8,1012.3,2071,4,1012.4,4603,8,1012.5,6504,43,1012.6,617,15
317,2025-11-26 15:12:39+05:30,1012.2,3,1002.9,8912096,369493.0,385744.0,986.2,1012.8,981.3,986.2,120626250,1084.8,887.6,1102.5,649.1,1012.1,507,6,1012.0,1471,8,1011.9,1396,12,1011.8,1065,8,1011.7,3727,13,1012.2,467,9,1012.3,2107,5,1012.4,4848,11,1012.5,6332,43,1012.6,591,13
317,2025-11-26 15:12:39+05:30,1012.1,7,1002.9,8912096,369493.0,385744.0,986.2,1012.8,981.3,986.2,120626250,1084.8,887.6,1102.5,649.1,1012.1,507,6,1012.0,1471,8,1011.9,1396,12,1011.8,1065,8,1011.7,3727,13,1012.2,467,9,1012.3,2107,5,1012.4,4848,11,1012.5,6332,43,1012.6,591,13
317,2025-11-26 15:12:40+05:30,1012.2,2,1002.9,8912096,369493.0,385744.0,986.2,1012.8,981.3,986.2,120626250,1084.8,887.6,1102.5,649.1,1012.1,507,6,1012.0,1471,8,1011.9,1396,12,1011.8,1065,8,1011.7,3727,13,1012.2,467,9,1012.3,2107,5,1012.4,4848,11,1012.5,6332,43,1012.6,591,13
317,2025-11-26 15:12:40+05:30,1012.2,2,1002.9,8912863,366294.0,385960.0,986.2,1012.8,981.3,986.2,120626250,1084.8,887.6,1102.5,649.1,1012.0,1462,8,1011.9,1227,12,1011.8,610,4,1011.7,921,13,1011.6,4831,18,1012.2,597,10,1012.3,3615,9,1012.4,5396,14,1012.5,4573,39,1012.6,617,15
317,2025-11-26 15:12:41+05:30,1012.1,1,1002.9,8912863,366294.0,385960.0,986.2,1012.8,981.3,986.2,120626250,1084.8,887.6,1102.5,649.1,1012.0,1462,8,1011.9,1227,12,1011.8,610,4,1011.7,921,13,1011.6,4831,18,1012.2,597,10,1012.3,3615,9,1012.4,5396,14,1012.5,4573,39,1012.6,617,15
317,2025-11-26 15:12:42+05:30,1012.1,25,1002.9,8912999,366591.0,385805.0,986.2,1012.8,981.3,986.2,120626250,1084.8,887.6,1102.5,649.1,1012.1,74,1,1012.0,1461,8,1011.9,1194,11,1011.8,695,6,1011.7,990,14,1012.2,454,10,1012.3,3406,7,1012.4,4913,12,1012.5,5074,42,1012.6,581,12
317,2025-11-26 15:12:42+05:30,1012.2,5,1002.9,8912999,366591.0,385805.0,986.2,1012.8,981.3,986.2,120626250,1084.8,887.6,1102.5,649.1,1012.1,74,1,1012.0,1461,8,1011.9,1194,11,1011.8,695,6,1011.7,990,14,1012.2,454,10,1012.3,3406,7,1012.4,4913,12,1012.5,5074,42,1012.6,581,12
317,2025-11-26 15:12:43+05:30,1012.2,23,1002.9,8913282,367384.0,385590.0,986.2,1012.8,981.3,986.2,120626250,1084.8,887.6,1102.5,649.1,1012.0,1451,8,1011.9,1278,13,1011.8,1051,8,1011.7,1475,14,1011.6,4820,17,1012.2,421,10,1012.3,3406,7,1012.4,5128,11,1012.5,4800,40,1012.6,607,14
317,2025-11-26 15:12:43+05:30,1012.0,78,1002.9,8913282,367384.0,385590.0,986.2,1012.8,981.3,986.2,120626250,1084.8,887.6,1102.5,649.1,1012.0,1451,8,1011.9,1278,13,1011.8,1051,8,1011.7,1475,14,1011.6,4820,17,1012.2,421,10,1012.3,3406,7,1012.4,5128,11,1012.5,4800,40,1012.6,607,14
317,2025-11-26 15:12:44+05:30,1012.2,3,1002.9,8913282,367384.0,385590.0,986.2,1012.8,981.3,986.2,120626250,1084.8,887.6,1102.5,649.1,1012.0,1451,8,1011.9,1278,13,1011.8,1051,8,1011.7,1475,14,1011.6,4820,17,1012.2,421,10,1012.3,3406,7,1012.4,5128,11,1012.5,4800,40,1012.6,607,14
317,2025-11-26 15:12:45+05:30,1012.2,13,1002.9,8913400,367159.0,386480.0,986.2,1012.8,981.3,986.2,120626250,1084.8,887.6,1102.5,649.1,1012.0,1391,9,1011.9,1194,11,1011.8,731,5,1011.7,1432,10,1011.6,4841,15,1012.2,719,12,1012.3,3808,10,1012.4,5409,16,1012.5,4654,42,1012.6,604,14
317,2025-11-26 15:12:45+05:30,1012.2,1,1002.9,8913400,367159.0,386480.0,986.2,1012.8,981.3,986.2,120626250,1084.8,887.6,1102.5,649.1,1012.0,1391,9,1011.9,1194,11,1011.8,731,5,1011.7,1432,10,1011.6,4841,15,1012.2,719,12,1012.3,3808,10,1012.4,5409,16,1012.5,4654,42,1012.6,604,14
317,2025-11-26 15:12:46+05:30,1012.2,1,1002.9,8913427,367479.0,387675.0,986.2,1012.8,981.3,986.2,120626250,1084.8,887.6,1102.5,649.1,1012.0,1464,13,1011.9,1184,10,1011.8,967,7,1011.7,699,10,1011.6,4899,19,1012.2,1455,14,1012.3,4312,9,1012.4,5612,15,1012.5,4532,42,1012.6,604,14
317,2025-11-26 15:12:46+05:30,1012.1,2,1002.9,8913427,367479.0,387675.0,986.2,1012.8,981.3,986.2,120626250,1084.8,887.6,1102.5,649.1,1012.0,1464,13,1011.9,1184,10,1011.8,967,7,1011.7,699,10,1011.6,4899,19,1012.2,1455,14,1012.3,4312,9,1012.4,5612,15,1012.5,4532,42,1012.6,604,14
317,2025-11-26 15:12:47+05:30,1012.1,2,1002.9,8913430,368346.0,387666.0,986.2,1012.8,981.3,986.2,120626250,1084.8,887.6,1102.5,649.1,1012.0,1463,13,1011.9,1184,10,1011.8,456,2,1011.7,873,11,1011.6,5071,19,1012.1,677,4,1012.2,1522,17,1012.3,4580,13,1012.4,5071,16,1012.5,4324,39
317,2025-11-26 15:12:47+05:30,1012.1,1,1002.9,8913430,368346.0,387666.0,986.2,1012.8,981.3,986.2,120626250,1084.8,887.6,1102.5,649.1,1012.0,1463,13,1011.9,1184,10,1011.8,456,2,1011.7,873,11,1011.6,5071,19,1012.1,677,4,1012.2,1522,17,1012.3,4580,13,1012.4,5071,16,1012.5,4324,39
317,2025-11-26 15:12:48+05:30,1012.0,1,1002.9,8913454,369143.0,387535.0,986.2,1012.8,981.3,986.2,120626250,1084.8,887.6,1102.5,649.1,1012.0,1660,13,1011.9,1231,11,1011.8,535,4,1011.7,919,12,1011.6,5821,20,1012.1,946,6,1012.2,1471,14,1012.3,4304,11,1012.4,5153,16,1012.5,4142,38
317,2025-11-26 15:12:48+05:30,1012.1,10,1002.9,8913454,369143.0,387535.0,986.2,1012.8,981.3,986.2,120626250,1084.8,887.6,1102.5,649.1,1012.0,1660,13,1011.9,1231,11,1011.8,535,4,1011.7,919,12,1011.6,5821,20,1012.1,946,6,1012.2,1471,14,1012.3,4304,11,1012.4,5153,16,1012.5,4142,38
317,2025-11-26 15:12:49+05:30,1012.1,10,1002.9,8913537,368441.0,386835.0,986.2,1012.8,981.3,986.2,120626250,1084.8,887.6,1102.5,649.1,1012.0,1666,13,1011.9,1231,11,1011.8,535,4,1011.7,919,12,1011.6,5071,19,1012.1,1439,8,1012.2,1071,11,1012.3,3987,11,1012.4,4971,15,1012.5,4324,39
317,2025-11-26 15:12:49+05:30,1012.1,17,1002.9,8913537,368441.0,386835.0,986.2,1012.8,981.3,986.2,120626250,1084.8,887.6,1102.5,649.1,1012.0,1666,13,1011.9,1231,11,1011.8,535,4,1011.7,919,12,1011.6,5071,19,1012.1,1439,8,1012.2,1071,11,1012.3,3987,11,1012.4,4971,15,1012.5,4324,39
317,2025-11-26 15:12:50+05:30,1012.0,293,1002.9,8913914,368122.0,386709.0,986.2,1012.8,981.3,986.2,120626250,1084.8,887.6,1102.5,649.1,1012.0,1480,15,1011.9,1231,11,1011.8,456,2,1011.7,919,12,1011.6,5071,19,1012.1,1433,9,1012.2,1104,12,1012.3,3805,10,1012.4,5332,17,1012.5,4142,38
317,2025-11-26 15:12:50+05:30,1012.1,1,1002.9,8913914,368122.0,386709.0,986.2,1012.8,981.3,986.2,120626250,1084.8,887.6,1102.5,649.1,1012.0,1480,15,1011.9,1231,11,1011.8,456,2,1011.7,919,12,1011.6,5071,19,1012.1,1433,9,1012.2,1104,12,1012.3,3805,10,1012.4,5332,17,1012.5,4142,38
317,2025-11-26 15:12:51+05:30,1012.1,3,1002.9,8913927,367351.0,385818.0,986.2,1012.8,981.3,986.2,120626250,1084.8,887.6,1102.5,649.1,1012.0,1479,15,1011.9,1231,11,1011.8,573,4,1011.7,919,12,1011.6,4321,18,1012.1,1388,8,1012.2,1104,12,1012.3,3805,10,1012.4,5019,14,1012.5,4439,39
317,2025-11-26 15:12:51+05:30,1012.1,1,1002.9,8913927,367351.0,385818.0,986.2,1012.8,981.3,986.2,120626250,1084.8,887.6,1102.5,649.1,1012.0,1479,15,1011.9,1231,11,1011.8,573,4,1011.7,919,12,1011.6,4321,18,1012.1,1388,8,1012.2,1104,12,1012.3,3805,10,1012.4,5019,14,1012.5,4439,39
317,2025-11-26 15:12:52+05:30,1012.1,95,1002.9,8914808,367520.0,384991.0,986.2,1012.8,981.3,986.2,120626250,1084.8,887.6,1102.5,649.1,1012.0,1685,16,1011.9,1184,10,1011.8,1106,7,1011.7,737,11,1011.6,4139,17,1012.1,1338,6,1012.2,989,11,1012.3,3238,9,1012.4,4706,15,1012.5,4311,38
317,2025-11-26 15:12:52+05:30,1012.1,23,1002.9,8914808,367520.0,384991.0,986.2,1012.8,981.3,986.2,120626250,1084.8,887.6,1102.5,649.1,1012.0,1685,16,1011.9,1184,10,1011.8,1106,7,1011.7,737,11,1011.6,4139,17,1012.1,1338,6,1012.2,989,11,1012.3,3238,9,1012.4,4706,15,1012.5,4311,38
317,2025-11-26 15:12:53+05:30,1012.1,43,1002.9,8914942,367480.0,385205.0,986.2,1012.8,981.3,986.2,120626250,1084.8,887.6,1102.5,649.1,1012.0,1672,16,1011.9,1184,10,1011.8,1140,8,1011.7,737,11,1011.6,4139,17,1012.1,1448,7,1012.2,956,10,1012.3,3163,8,1012.4,5004,16,1012.5,4330,40
317,2025-11-26 15:12:53+05:30,1012.1,43,1002.9,8914942,367480.0,385205.0,986.2,1012.8,981.3,986.2,120626250,1084.8,887.6,1102.5,649.1,1012.0,1672,16,1011.9,1184,10,1011.8,1140,8,1011.7,737,11,1011.6,4139,17,1012.1,1448,7,1012.2,956,10,1012.3,3163,8,1012.4,5004,16,1012.5,4330,40
317,2025-11-26 15:12:54+05:30,1012.1,3,1002.9,8915237,367387.0,385370.0,986.2,1012.8,981.3,986.2,120626250,1084.8,887.6,1102.5,649.1,1012.0,1392,16,1011.9,1184,10,1011.8,422,3,1011.7,916,12,1011.6,4318,18,1012.1,1506,8,1012.2,1006,12,1012.3,3285,10,1012.4,5202,19,1012.5,4316,39
317,2025-11-26 15:12:54+05:30,1012.1,3,1002.9,8915237,367387.0,385370.0,986.2,1012.8,981.3,986.2,120626250,1084.8,887.6,1102.5,649.1,1012.0,1392,16,1011.9,1184,10,1011.8,422,3,1011.7,916,12,1011.6,4318,18,1012.1,1506,8,1012.2,1006,12,1012.3,3285,10,1012.4,5202,19,1012.5,4316,39
317,2025-11-26 15:12:55+05:30,1012.1,3,1002.9,8915270,367044.0,384905.0,986.2,1012.8,981.3,986.2,120626250,1084.8,887.6,1102.5,649.1,1012.0,1394,17,1011.9,1184,10,1011.8,422,3,1011.7,1095,13,1011.6,4139,17,1012.1,1370,9,1012.2,1006,12,1012.3,3285,10,1012.4,5202,19,1012.5,4316,39
317,2025-11-26 15:12:55+05:30,1012.1,3,1002.9,8915270,367044.0,384905.0,986.2,1012.8,981.3,986.2,120626250,1084.8,887.6,1102.5,649.1,1012.0,1394,17,1011.9,1184,10,1011.8,422,3,1011.7,1095,13,1011.6,4139,17,1012.1,1370,9,1012.2,1006,12,1012.3,3285,10,1012.4,5202,19,1012.5,4316,39
317,2025-11-26 15:12:56+05:30,1012.1,8,1002.9,8915513,366923.0,384728.0,986.2,1012.8,981.3,986.2,120626250,1084.8,887.6,1102.5,649.1,1012.0,1325,17,1011.9,1179,9,1011.8,734,4,1011.7,670,9,1011.6,4091,14,1012.1,1139,9,1012.2,2300,13,1012.3,2045,10,1012.4,5202,19,1012.5,4316,39
317,2025-11-26 15:12:56+05:30,1012.1,23,1002.9,8915513,366923.0,384728.0,986.2,1012.8,981.3,986.2,120626250,1084.8,887.6,1102.5,649.1,1012.0,1325,17,1011.9,1179,9,1011.8,734,4,1011.7,670,9,1011.6,4091,14,1012.1,1139,9,1012.2,2300,13,1012.3,2045,10,1012.4,5202,19,1012.5,4316,39
317,2025-11-26 15:12:57+05:30,1012.1,2,1002.91,8916119,365701.0,384741.0,986.2,1012.8,981.3,986.2,120626250,1084.8,887.6,1102.5,649.1,1012.0,1003,17,1011.9,1179,9,1011.8,555,3,1011.7,920,13,1011.6,3398,17,1012.1,1210,8,1012.2,2256,12,1012.3,2488,11,1012.4,4641,11,1012.5,4490,39
317,2025-11-26 15:12:57+05:30,1012.1,2,1002.91,8916119,365701.0,384741.0,986.2,1012.8,981.3,986.2,120626250,1084.8,887.6,1102.5,649.1,1012.0,1003,17,1011.9,1179,9,1011.8,555,3,1011.7,920,13,1011.6,3398,17,1012.1,1210,8,1012.2,2256,12,1012.3,2488,11,1012.4,4641,11,1012.5,4490,39
317,2025-11-26 15:12:58+05:30,1012.1,3,1002.91,8916119,365701.0,384741.0,986.2,1012.8,981.3,986.2,120626250,1084.8,887.6,1102.5,649.1,1012.0,1003,17,1011.9,1179,9,1011.8,555,3,1011.7,920,13,1011.6,3398,17,1012.1,1210,8,1012.2,2256,12,1012.3,2488,11,1012.4,4641,11,1012.5,4490,39
317,2025-11-26 15:12:59+05:30,1012.1,3,1002.91,8916198,365778.0,384774.0,986.2,1012.8,981.3,986.2,120626250,1084.8,887.6,1102.5,649.1,1012.0,1000,16,1011.9,1179,9,1011.8,376,2,1011.7,920,13,1011.6,3657,19,1012.1,1170,7,1012.2,2256,12,1012.3,2369,11,1012.4,4663,13,1012.5,4603,38
317,2025-11-26 15:12:59+05:30,1012.1,1,1002.91,8916198,365778.0,384774.0,986.2,1012.8,981.3,986.2,120626250,1084.8,887.6,1102.5,649.1,1012.0,1000,16,1011.9,1179,9,1011.8,376,2,1011.7,920,13,1011.6,3657,19,1012.1,1170,7,1012.2,2256,12,1012.3,2369,11,1012.4,4663,13,1012.5,4603,38
317,2025-11-26 15:13:00+05:30,1012.1,1,1002.91,8916220,365971.0,385192.0,986.2,1012.8,981.3,986.2,120626250,1084.8,887.6,1102.5,649.1,1012.0,997,16,1011.9,1179,9,1011.8,376,2,1011.7,920,13,1011.6,3657,19,1012.1,1121,7,1012.2,2256,12,1012.3,2667,12,1012.4,5342,15,1012.5,4126,36
317,2025-11-26 15:13:00+05:30,1012.1,1,1002.91,8916220,365971.0,385192.0,986.2,1012.8,981.3,986.2,120626250,1084.8,887.6,1102.5,649.1,1012.0,997,16,1011.9,1179,9,1011.8,376,2,1011.7,920,13,1011.6,3657,19,1012.1,1121,7,1012.2,2256,12,1012.3,2667,12,1012.4,5342,15,1012.5,4126,36
317,2025-11-26 15:13:01+05:30,1012.0,2,1002.91,8916859,364381.0,385353.0,986.2,1012.8,981.3,986.2,120626250,1084.8,887.6,1102.5,649.1,1012.0,467,9,1011.9,1973,12,1011.8,376,2,1011.7,715,10,1011.6,1867,13,1012.1,1131,10,1012.2,2301,13,1012.3,2846,13,1012.4,5163,14,1012.5,4126,36
317,2025-11-26 15:13:01+05:30,1012.1,1,1002.91,8916859,364381.0,385353.0,986.2,1012.8,981.3,986.2,120626250,1084.8,887.6,1102.5,649.1,1012.0,467,9,1011.9,1973,12,1011.8,376,2,1011.7,715,10,1011.6,1867,13,1012.1,1131,10,1012.2,2301,13,1012.3,2846,13,1012.4,5163,14,1012.5,4126,36
317,2025-11-26 15:13:02+05:30,1012.0,32,1002.91,8917020,364298.0,385266.0,986.2,1012.8,981.3,986.2,120626250,1084.8,887.6,1102.5,649.1,1012.0,323,8,1011.9,1973,12,1011.8,376,2,1011.7,625,9,1011.6,1867,13,1012.1,1130,10,1012.2,2445,15,1012.3,2667,12,1012.4,5352,16,1012.5,4136,37
317,2025-11-26 15:13:02+05:30,1012.1,4,1002.91,8917020,364298.0,385266.0,986.2,1012.8,981.3,986.2,120626250,1084.8,887.6,1102.5,649.1,1012.0,323,8,1011.9,1973,12,1011.8,376,2,1011.7,625,9,1011.6,1867,13,1012.1,1130,10,1012.2,2445,15,1012.3,2667,12,1012.4,5352,16,1012.5,4136,37
317,2025-11-26 15:13:03+05:30,1012.1,23,1002.91,8917095,363256.0,385352.0,986.2,1012.8,981.3,986.2,120626250,1084.8,887.6,1102.5,649.1,1012.0,326,10,1011.9,1223,11,1011.8,376,2,1011.7,998,7,1011.6,1323,9,1012.1,1144,12,1012.2,2611,16,1012.3,2856,14,1012.4,5147,13,1012.5,4210,42
317,2025-11-26 15:13:03+05:30,1012.1,11,1002.91,8917095,363256.0,385352.0,986.2,1012.8,981.3,986.2,120626250,1084.8,887.6,1102.5,649.1,1012.0,326,10,1011.9,1223,11,1011.8,376,2,1011.7,998,7,1011.6,1323,9,1012.1,1144,12,1012.2,2611,16,1012.3,2856,14,1012.4,5147,13,1012.5,4210,42
317,2025-11-26 15:13:04+05:30,1012.0,46,1002.91,8917873,362967.0,385475.0,986.2,1012.8,981.3,986.2,120626250,1084.8,887.6,1102.5,649.1,1012.0,133,5,1011.9,1223,11,1011.8,376,2,1011.7,955,6,1011.6,994,6,1012.1,1508,15,1012.2,3088,18,1012.3,2235,14,1012.4,5137,12,1012.5,4000,38
317,2025-11-26 15:13:04+05:30,1012.0,215,1002.91,8917873,362967.0,385475.0,986.2,1012.8,981.3,986.2,120626250,1084.8,887.6,1102.5,649.1,1012.0,133,5,1011.9,1223,11,1011.8,376,2,1011.7,955,6,1011.6,994,6,1012.1,1508,15,1012.2,3088,18,1012.3,2235,14,1012.4,5137,12,1012.5,4000,38
317,2025-11-26 15:13:05+05:30,1012.0,2,1002.91,8919418,365519.0,385015.0,986.2,1012.8,981.3,986.2,120626250,1084.8,887.6,1102.5,649.1,1011.9,1225,11,1011.8,376,2,1011.7,135,3,1011.6,1105,6,1011.5,1160,6,1012.0,488,4,1012.1,708,13,1012.2,2700,18,1012.3,2226,13,1012.4,5151,14
317,2025-11-26 15:13:05+05:30,1012.0,1,1002.91,8919418,365519.0,385015.0,986.2,1012.8,981.3,986.2,120626250,1084.8,887.6,1102.5,649.1,1011.9,1225,11,1011.8,376,2,1011.7,135,3,1011.6,1105,6,1011.5,1160,6,1012.0,488,4,1012.1,708,13,1012.2,2700,18,1012.3,2226,13,1012.4,5151,14
317,2025-11-26 15:13:06+05:30,1011.9,1,1002.91,8919432,366030.0,384972.0,986.2,1012.8,981.3,986.2,120626250,1084.8,887.6,1102.5,649.1,1011.9,1285,12,1011.8,376,2,1011.7,135,3,1011.6,937,5,1011.5,1160,6,1012.0,498,5,1012.1,1096,13,1012.2,2521,17,1012.3,2199,11,1012.4,5163,14
317,2025-11-26 15:13:06+05:30,1012.0,2,1002.91,8919432,366030.0,384972.0,986.2,1012.8,981.3,986.2,120626250,1084.8,887.6,1102.5,649.1,1011.9,1285,12,1011.8,376,2,1011.7,135,3,1011.6,937,5,1011.5,1160,6,1012.0,498,5,1012.1,1096,13,1012.2,2521,17,1012.3,2199,11,1012.4,5163,14
317,2025-11-26 15:13:07+05:30,1012.0,2,1002.91,8919436,366355.0,385046.0,986.2,1012.8,981.3,986.2,120626250,1084.8,887.6,1102.5,649.1,1011.9,1285,12,1011.8,435,3,1011.7,135,3,1011.6,1855,7,1011.5,410,5,1012.0,1051,7,1012.1,340,5,1012.2,2703,18,1012.3,2190,10,1012.4,5163,14
317,2025-11-26 15:13:07+05:30,1012.0,9,1002.91,8919436,366355.0,385046.0,986.2,1012.8,981.3,986.2,120626250,1084.8,887.6,1102.5,649.1,1011.9,1285,12,1011.8,435,3,1011.7,135,3,1011.6,1855,7,1011.5,410,5,1012.0,1051,7,1012.1,340,5,1012.2,2703,18,1012.3,2190,10,1012.4,5163,14
317,2025-11-26 15:13:08+05:30,1012.0,2,1002.91,8919730,367111.0,384758.0,986.2,1012.8,981.3,986.2,120626250,1084.8,887.6,1102.5,649.1,1011.9,1297,13,1011.8,435,3,1011.7,140,4,1011.6,1889,8,1011.5,419,6,1012.0,764,8,1012.1,340,5,1012.2,2046,15,1012.3,2846,13,1012.4,5163,14
317,2025-11-26 15:13:08+05:30,1012.0,2,1002.91,8919730,367111.0,384758.0,986.2,1012.8,981.3,986.2,120626250,1084.8,887.6,1102.5,649.1,1011.9,1297,13,1011.8,435,3,1011.7,140,4,1011.6,1889,8,1011.5,419,6,1012.0,764,8,1012.1,340,5,1012.2,2046,15,1012.3,2846,13,1012.4,5163,14
317,2025-11-26 15:13:09+05:30,1012.0,2,1002.91,8919747,367387.0,384787.0,986.2,1012.8,981.3,986.2,120626250,1084.8,887.6,1102.5,649.1,1011.9,1436,14,1011.8,435,3,1011.7,140,4,1011.6,1999,8,1011.5,410,5,1012.0,752,6,1012.1,438,7,1012.2,2158,15,1012.3,2677,13,1012.4,5163,14
317,2025-11-26 15:13:09+05:30,1012.0,2,1002.91,8919747,367387.0,384787.0,986.2,1012.8,981.3,986.2,120626250,1084.8,887.6,1102.5,649.1,1011.9,1436,14,1011.8,435,3,1011.7,140,4,1011.6,1999,8,1011.5,410,5,1012.0,752,6,1012.1,438,7,1012.2,2158,15,1012.3,2677,13,1012.4,5163,14
317,2025-11-26 15:13:10+05:30,1012.0,3,1002.91,8919747,367387.0,384787.0,986.2,1012.8,981.3,986.2,120626250,1084.8,887.6,1102.5,649.1,1011.9,1436,14,1011.8,435,3,1011.7,140,4,1011.6,1999,8,1011.5,410,5,1012.0,752,6,1012.1,438,7,1012.2,2158,15,1012.3,2677,13,1012.4,5163,14
317,2025-11-26 15:13:11+05:30,1012.0,3,1002.91,8920521,366658.0,385593.0,986.2,1012.8,981.3,986.2,120626250,1084.8,887.6,1102.5,649.1,1011.9,936,12,1011.8,410,3,1011.7,140,4,1011.6,1820,7,1011.5,597,7,1012.0,1285,10,1012.1,485,8,1012.2,2623,18,1012.3,2200,11,1012.4,4673,14
317,2025-11-26 15:13:11+05:30,1012.0,1,1002.91,8920521,366658.0,385593.0,986.2,1012.8,981.3,986.2,120626250,1084.8,887.6,1102.5,649.1,1011.9,936,12,1011.8,410,3,1011.7,140,4,1011.6,1820,7,1011.5,597,7,1012.0,1285,10,1012.1,485,8,1012.2,2623,18,1012.3,2200,11,1012.4,4673,14
317,2025-11-26 15:13:12+05:30,1012.0,1,1002.91,8920523,366661.0,386306.0,986.2,1012.8,981.3,986.2,120626250,1084.8,887.6,1102.5,649.1,1011.9,948,13,1011.8,410,3,1011.7,140,4,1011.6,1820,7,1011.5,597,7,1012.0,1356,13,1012.1,576,8,1012.2,2613,18,1012.3,2200,11,1012.4,4673,14
317,2025-11-26 15:13:12+05:30,1011.9,3,1002.91,8920523,366661.0,386306.0,986.2,1012.8,981.3,986.2,120626250,1084.8,887.6,1102.5,649.1,1011.9,948,13,1011.8,410,3,1011.7,140,4,1011.6,1820,7,1011.5,597,7,1012.0,1356,13,1012.1,576,8,1012.2,2613,18,1012.3,2200,11,1012.4,4673,14
317,2025-11-26 15:13:13+05:30,1012.0,23,1002.91,8920782,366176.0,386154.0,986.2,1012.8,981.3,986.2,120626250,1084.8,887.6,1102.5,649.1,1011.9,722,13,1011.8,410,3,1011.7,140,4,1011.6,1820,7,1011.5,435,6,1012.0,1447,18,1012.1,625,9,1012.2,2603,17,1012.3,2200,11,1012.4,4673,14
317,2025-11-26 15:13:13+05:30,1011.9,78,1002.91,8920782,366176.0,386154.0,986.2,1012.8,981.3,986.2,120626250,1084.8,887.6,1102.5,649.1,1011.9,722,13,1011.8,410,3,1011.7,140,4,1011.6,1820,7,1011.5,435,6,1012.0,1447,18,1012.1,625,9,1012.2,2603,17,1012.3,2200,11,1012.4,4673,14
317,2025-11-26 15:13:14+05:30,1011.9,78,1002.91,8920982,366002.0,386913.0,986.2,1012.8,981.3,986.2,120626250,1084.8,887.6,1102.5,649.1,1011.9,634,12,1011.8,410,3,1011.7,135,3,1011.6,1773,6,1011.5,483,9,1012.0,1500,17,1012.1,625,9,1012.2,2612,18,1012.3,2200,11,1012.4,4673,14
317,2025-11-26 15:13:14+05:30,1012.0,2,1002.91,8920982,366002.0,386913.0,986.2,1012.8,981.3,986.2,120626250,1084.8,887.6,1102.5,649.1,1011.9,634,12,1011.8,410,3,1011.7,135,3,1011.6,1773,6,1011.5,483,9,1012.0,1500,17,1012.1,625,9,1012.2,2612,18,1012.3,2200,11,1012.4,4673,14
317,2025-11-26 15:13:15+05:30,1012.0,2,1002.91,8921387,365926.0,386477.0,986.2,1012.8,981.3,986.2,120626250,1084.8,887.6,1102.5,649.1,1011.9,488,10,1011.8,410,3,1011.7,135,3,1011.6,1820,7,1011.5,492,10,1012.0,1266,16,1012.1,625,9,1012.2,2603,17,1012.3,2200,11,1012.4,4673,14
317,2025-11-26 15:13:15+05:30,1012.0,141,1002.91,8921387,365926.0,386477.0,986.2,1012.8,981.3,986.2,120626250,1084.8,887.6,1102.5,649.1,1011.9,488,10,1011.8,410,3,1011.7,135,3,1011.6,1820,7,1011.5,492,10,1012.0,1266,16,1012.1,625,9,1012.2,2603,17,1012.3,2200,11,1012.4,4673,14
317,2025-11-26 15:13:16+05:30,1012.0,141,1002.91,8922067,365615.0,385291.0,986.2,1012.8,981.3,986.2,120626250,1084.8,887.6,1102.5,649.1,1011.9,353,10,1011.8,447,4,1011.7,140,4,1011.6,1786,6,1011.5,483,9,1012.0,600,14,1012.1,410,7,1012.2,2408,15,1012.3,2190,10,1012.4,4663,13
317,2025-11-26 15:13:16+05:30,1012.0,3,1002.91,8922067,365615.0,385291.0,986.2,1012.8,981.3,986.2,120626250,1084.8,887.6,1102.5,649.1,1011.9,353,10,1011.8,447,4,1011.7,140,4,1011.6,1786,6,1011.5,483,9,1012.0,600,14,1012.1,410,7,1012.2,2408,15,1012.3,2190,10,1012.4,4663,13
317,2025-11-26 15:13:17+05:30,1012.0,3,1002.91,8922073,365875.0,385973.0,986.2,1012.8,981.3,986.2,120626250,1084.8,887.6,1102.5,649.1,1011.9,350,10,1011.8,447,4,1011.7,140,4,1011.6,1786,6,1011.5,483,9,1012.0,764,18,1012.1,457,8,1012.2,2586,17,1012.3,2200,11,1012.4,4660,13
317,2025-11-26 15:13:17+05:30,1011.9,1,1002.91,8922073,365875.0,385973.0,986.2,1012.8,981.3,986.2,120626250,1084.8,887.6,1102.5,649.1,1011.9,350,10,1011.8,447,4,1011.7,140,4,1011.6,1786,6,1011.5,483,9,1012.0,764,18,1012.1,457,8,1012.2,2586,17,1012.3,2200,11,1012.4,4660,13
317,2025-11-26 15:13:18+05:30,1011.9,1,1002.91,8922376,365573.0,386187.0,986.2,1012.8,981.3,986.2,120626250,1084.8,887.6,1102.5,649.1,1011.9,96,8,1011.8,447,4,1011.7,140,4,1011.6,1811,7,1011.5,483,9,1012.0,756,17,1012.1,457,8,1012.2,2586,17,1012.3,2200,11,1012.4,4673,14
317,2025-11-26 15:13:18+05:30,1012.0,10,1002.91,8922376,365573.0,386187.0,986.2,1012.8,981.3,986.2,120626250,1084.8,887.6,1102.5,649.1,1011.9,96,8,1011.8,447,4,1011.7,140,4,1011.6,1811,7,1011.5,483,9,1012.0,756,17,1012.1,457,8,1012.2,2586,17,1012.3,2200,11,1012.4,4673,14
317,2025-11-26 15:13:19+05:30,1012.0,10,1002.91,8922396,365771.0,386445.0,986.2,1012.8,981.3,986.2,120626250,1084.8,887.6,1102.5,649.1,1011.9,108,8,1011.8,447,4,1011.7,925,6,1011.6,1096,7,1011.5,509,11,1012.0,702,16,1012.1,975,7,1012.2,4948,16,1012.3,2524,13,1012.4,2035,16
317,2025-11-26 15:13:19+05:30,1011.9,1,1002.91,8922396,365771.0,386445.0,986.2,1012.8,981.3,986.2,120626250,1084.8,887.6,1102.5,649.1,1011.9,108,8,1011.8,447,4,1011.7,925,6,1011.6,1096,7,1011.5,509,11,1012.0,702,16,1012.1,975,7,1012.2,4948,16,1012.3,2524,13,1012.4,2035,16
317,2025-11-26 15:13:20+05:30,1012.0,11,1002.91,8922411,366064.0,386344.0,986.2,1012.8,981.3,986.2,120626250,1084.8,887.6,1102.5,649.1,1011.9,121,9,1011.8,447,4,1011.7,925,6,1011.6,1420,9,1011.5,509,11,1012.0,696,17,1012.1,828,5,1012.2,4640,14,1012.3,2650,12,1012.4,2187,16
317,2025-11-26 15:13:20+05:30,1012.0,8,1002.91,8922411,366064.0,386344.0,986.2,1012.8,981.3,986.2,120626250,1084.8,887.6,1102.5,649.1,1011.9,121,9,1011.8,447,4,1011.7,925,6,1011.6,1420,9,1011.5,509,11,1012.0,696,17,1012.1,828,5,1012.2,4640,14,1012.3,2650,12,1012.4,2187,16
317,2025-11-26 15:13:21+05:30,1012.0,8,1002.91,8923651,366734.0,384711.0,986.2,1012.8,981.3,986.2,120626250,1084.8,887.6,1102.5,649.1,1011.9,36,2,1011.8,1404,7,1011.7,630,9,1011.6,1352,10,1011.5,668,12,1012.0,160,3,1012.1,828,5,1012.2,4177,8,1012.3,2206,8,1012.4,1966,12
317,2025-11-26 15:13:21+05:30,1012.0,1,1002.91,8923651,366734.0,384711.0,986.2,1012.8,981.3,986.2,120626250,1084.8,887.6,1102.5,649.1,1011.9,36,2,1011.8,1404,7,1011.7,630,9,1011.6,1352,10,1011.5,668,12,1012.0,160,3,1012.1,828,5,1012.2,4177,8,1012.3,2206,8,1012.4,1966,12
317,2025-11-26 15:13:22+05:30,1012.0,1,1002.91,8924416,367453.0,384171.0,986.2,1012.8,981.3,986.2,120626250,1084.8,887.6,1102.5,649.1,1011.9,194,3,1011.8,1317,7,1011.7,609,9,1011.6,1378,12,1011.5,642,10,1012.0,38,2,1012.1,828,5,1012.2,4234,8,1012.3,2067,8,1012.4,2254,12
317,2025-11-26 15:13:22+05:30,1012.0,4,1002.91,8924416,367453.0,384171.0,986.2,1012.8,981.3,986.2,120626250,1084.8,887.6,1102.5,649.1,1011.9,194,3,1011.8,1317,7,1011.7,609,9,1011.6,1378,12,1011.5,642,10,1012.0,38,2,1012.1,828,5,1012.2,4234,8,1012.3,2067,8,1012.4,2254,12
317,2025-11-26 15:13:23+05:30,1012.0,4,1002.91,8924446,367376.0,385205.0,986.2,1012.8,981.3,986.2,120626250,1084.8,887.6,1102.5,649.1,1011.9,63,4,1011.8,1413,7,1011.7,570,8,1011.6,1378,12,1011.5,642,10,1012.0,178,4,1012.1,828,5,1012.2,4273,9,1012.3,2417,10,1012.4,1956,11
317,2025-11-26 15:13:23+05:30,1012.5,250,1002.91,8924446,367376.0,385205.0,986.2,1012.8,981.3,986.2,120626250,1084.8,887.6,1102.5,649.1,1011.9,63,4,1011.8,1413,7,1011.7,570,8,1011.6,1378,12,1011.5,642,10,1012.0,178,4,1012.1,828,5,1012.2,4273,9,1012.3,2417,10,1012.4,1956,11
317,2025-11-26 15:13:24+05:30,1012.5,250,1002.93,8943739,367416.0,371940.0,986.2,1012.8,981.3,986.2,120626250,1084.8,887.6,1102.5,649.1,1012.3,750,1,1012.1,5,1,1012.0,163,5,1011.9,1523,15,1011.8,1882,15,1012.6,1228,7,1012.7,1994,9,1012.8,1217,21,1012.9,1990,27,1013.0,8315,87
317,2025-11-26 15:13:24+05:30,1012.4,4,1002.93,8943739,367416.0,371940.0,986.2,1012.8,981.3,986.2,120626250,1084.8,887.6,1102.5,649.1,1012.3,750,1,1012.1,5,1,1012.0,163,5,1011.9,1523,15,1011.8,1882,15,1012.6,1228,7,1012.7,1994,9,1012.8,1217,21,1012.9,1990,27,1013.0,8315,87
317,2025-11-26 15:13:25+05:30,1012.4,4,1002.93,8943918,367151.0,373938.0,986.2,1012.8,981.3,986.2,120626250,1084.8,887.6,1102.5,649.1,1012.3,606,3,1012.1,173,2,1012.0,322,5,1011.9,1506,13,1011.8,1882,15,1012.4,106,1,1012.5,952,6,1012.6,798,8,1012.7,1653,11,1012.8,1729,23
317,2025-11-26 15:13:25+05:30,1012.4,2,1002.93,8943918,367151.0,373938.0,986.2,1012.8,981.3,986.2,120626250,1084.8,887.6,1102.5,649.1,1012.3,606,3,1012.1,173,2,1012.0,322,5,1011.9,1506,13,1011.8,1882,15,1012.4,106,1,1012.5,952,6,1012.6,798,8,1012.7,1653,11,1012.8,1729,23
317,2025-11-26 15:13:26+05:30,1012.4,2,1002.94,8945839,367076.0,375358.0,986.2,1012.8,981.3,986.2,120626250,1084.8,887.6,1102.5,649.1,1012.3,53,4,1012.0,560,5,1011.9,1569,10,1011.8,1727,18,1011.7,813,10,1012.4,114,1,1012.5,2206,5,1012.6,705,6,1012.7,1531,9,1012.8,1950,25
317,2025-11-26 15:13:26+05:30,1012.4,2,1002.94,8945839,367076.0,375358.0,986.2,1012.8,981.3,986.2,120626250,1084.8,887.6,1102.5,649.1,1012.3,53,4,1012.0,560,5,1011.9,1569,10,1011.8,1727,18,1011.7,813,10,1012.4,114,1,1012.5,2206,5,1012.6,705,6,1012.7,1531,9,1012.8,1950,25
317,2025-11-26 15:13:27+05:30,1012.4,1,1002.94,8947352,366782.0,375628.0,986.2,1012.8,981.3,986.2,120626250,1084.8,887.6,1102.5,649.1,1012.0,602,6,1011.9,1722,10,1011.8,1617,16,1011.7,755,11,1011.6,3591,13,1012.4,130,4,1012.5,2616,6,1012.6,588,6,1012.7,1828,9,1012.8,1882,25
317,2025-11-26 15:13:27+05:30,1012.4,1,1002.94,8947352,366782.0,375628.0,986.2,1012.8,981.3,986.2,120626250,1084.8,887.6,1102.5,649.1,1012.0,602,6,1011.9,1722,10,1011.8,1617,16,1011.7,755,11,1011.6,3591,13,1012.4,130,4,1012.5,2616,6,1012.6,588,6,1012.7,1828,9,1012.8,1882,25
317,2025-11-26 15:13:28+05:30,1012.0,1,1002.94,8947358,366111.0,376738.0,986.2,1012.8,981.3,986.2,120626250,1084.8,887.6,1102.5,649.1,1012.0,412,5,1011.9,1559,10,1011.8,1673,17,1011.7,755,11,1011.6,2846,12,1012.3,2,1,1012.4,274,5,1012.5,2942,9,1012.6,1246,9,1012.7,1338,9
317,2025-11-26 15:13:28+05:30,1012.2,2,1002.94,8947358,366111.0,376738.0,986.2,1012.8,981.3,986.2,120626250,1084.8,887.6,1102.5,649.1,1012.0,412,5,1011.9,1559,10,1011.8,1673,17,1011.7,755,11,1011.6,2846,12,1012.3,2,1,1012.4,274,5,1012.5,2942,9,1012.6,1246,9,1012.7,1338,9
317,2025-11-26 15:13:29+05:30,1012.2,6,1002.94,8947489,366492.0,378345.0,986.2,1012.8,981.3,986.2,120626250,1084.8,887.6,1102.5,649.1,1012.0,487,6,1011.9,1559,10,1011.8,1338,16,1011.7,755,11,1011.6,2346,11,1012.2,106,1,1012.3,201,5,1012.4,853,6,1012.5,3523,9,1012.6,1334,9
317,2025-11-26 15:13:29+05:30,1012.2,1,1002.94,8947489,366492.0,378345.0,986.2,1012.8,981.3,986.2,120626250,1084.8,887.6,1102.5,649.1,1012.0,487,6,1011.9,1559,10,1011.8,1338,16,1011.7,755,11,1011.6,2346,11,1012.2,106,1,1012.3,201,5,1012.4,853,6,1012.5,3523,9,1012.6,1334,9
317,2025-11-26 15:13:30+05:30,1012.0,8,1002.94,8947571,366691.0,378149.0,986.2,1012.8,981.3,986.2,120626250,1084.8,887.6,1102.5,649.1,1012.0,120,5,1011.9,1344,9,1011.8,1392,17,1011.7,731,11,1011.6,2514,12,1012.1,503,1,1012.2,123,7,1012.3,169,3,1012.4,155,2,1012.5,3627,9
317,2025-11-26 15:13:30+05:30,1012.1,1,1002.94,8947571,366691.0,378149.0,986.2,1012.8,981.3,986.2,120626250,1084.8,887.6,1102.5,649.1,1012.0,120,5,1011.9,1344,9,1011.8,1392,17,1011.7,731,11,1011.6,2514,12,1012.1,503,1,1012.2,123,7,1012.3,169,3,1012.4,155,2,1012.5,3627,9
317,2025-11-26 15:13:31+05:30,1012.0,1,1002.94,8947596,366841.0,378731.0,986.2,1012.8,981.3,986.2,120626250,1084.8,887.6,1102.5,649.1,1012.0,28,5,1011.9,1344,9,1011.8,1291,14,1011.7,937,14,1011.6,2514,12,1012.1,501,3,1012.2,118,6,1012.3,169,3,1012.4,328,4,1012.5,3640,10
317,2025-11-26 15:13:31+05:30,1012.1,1,1002.94,8947596,366841.0,378731.0,986.2,1012.8,981.3,986.2,120626250,1084.8,887.6,1102.5,649.1,1012.0,28,5,1011.9,1344,9,1011.8,1291,14,1011.7,937,14,1011.6,2514,12,1012.1,501,3,1012.2,118,6,1012.3,169,3,1012.4,328,4,1012.5,3640,10
317,2025-11-26 15:13:32+05:30,1012.1,1,1002.94,8947625,366991.0,378191.0,986.2,1012.8,981.3,986.2,120626250,1084.8,887.6,1102.5,649.1,1012.0,30,5,1011.9,1112,6,1011.8,1207,13,1011.7,937,14,1011.6,2514,12,1012.1,496,5,1012.2,118,6,1012.3,168,2,1012.4,432,6,1012.5,3773,11
317,2025-11-26 15:13:32+05:30,1012.1,5,1002.94,8947625,366991.0,378191.0,986.2,1012.8,981.3,986.2,120626250,1084.8,887.6,1102.5,649.1,1012.0,30,5,1011.9,1112,6,1011.8,1207,13,1011.7,937,14,1011.6,2514,12,1012.1,496,5,1012.2,118,6,1012.3,168,2,1012.4,432,6,1012.5,3773,11
317,2025-11-26 15:13:33+05:30,1012.1,2,1002.94,8948409,366713.0,378373.0,986.2,1012.8,981.3,986.2,120626250,1084.8,887.6,1102.5,649.1,1012.0,201,6,1011.9,953,5,1011.8,1080,11,1011.7,666,11,1011.6,2514,12,1012.1,433,5,1012.2,88,5,1012.3,329,4,1012.4,1098,8,1012.5,4087,13
317,2025-11-26 15:13:33+05:30,1012.0,1,1002.94,8948409,366713.0,378373.0,986.2,1012.8,981.3,986.2,120626250,1084.8,887.6,1102.5,649.1,1012.0,201,6,1011.9,953,5,1011.8,1080,11,1011.7,666,11,1011.6,2514,12,1012.1,433,5,1012.2,88,5,1012.3,329,4,1012.4,1098,8,1012.5,4087,13
317,2025-11-26 15:13:34+05:30,1012.1,3,1002.94,8948409,366713.0,378373.0,986.2,1012.8,981.3,986.2,120626250,1084.8,887.6,1102.5,649.1,1012.0,201,6,1011.9,953,5,1011.8,1080,11,1011.7,666,11,1011.6,2514,12,1012.1,433,5,1012.2,88,5,1012.3,329,4,1012.4,1098,8,1012.5,4087,13
317,2025-11-26 15:13:34+05:30,1012.1,3,1002.94,8948522,366657.0,378000.0,986.2,1012.8,981.3,986.2,120626250,1084.8,887.6,1102.5,649.1,1012.0,198,5,1011.9,953,5,1011.8,1080,11,1011.7,749,12,1011.6,2514,12,1012.1,465,9,1012.2,47,4,1012.3,289,5,1012.4,1098,8,1012.5,3954,12
317,2025-11-26 15:13:35+05:30,1012.0,2,1002.94,8948522,366657.0,378000.0,986.2,1012.8,981.3,986.2,120626250,1084.8,887.6,1102.5,649.1,1012.0,198,5,1011.9,953,5,1011.8,1080,11,1011.7,749,12,1011.6,2514,12,1012.1,465,9,1012.2,47,4,1012.3,289,5,1012.4,1098,8,1012.5,3954,12
317,2025-11-26 15:13:35+05:30,1012.0,2,1002.94,8949319,366698.0,378958.0,986.2,1012.8,981.3,986.2,120626250,1084.8,887.6,1102.5,649.1,1011.9,785,4,1011.8,693,7,1011.7,881,11,1011.6,2179,11,1011.5,826,9,1012.0,510,2,1012.1,437,8,1012.2,47,4,1012.3,265,4,1012.4,1709,11
317,2025-11-26 15:13:36+05:30,1012.0,3,1002.94,8949319,366698.0,378958.0,986.2,1012.8,981.3,986.2,120626250,1084.8,887.6,1102.5,649.1,1011.9,785,4,1011.8,693,7,1011.7,881,11,1011.6,2179,11,1011.5,826,9,1012.0,510,2,1012.1,437,8,1012.2,47,4,1012.3,265,4,1012.4,1709,11
317,2025-11-26 15:13:37+05:30,1011.9,1,1002.94,8950082,366397.0,379614.0,986.2,1012.8,981.3,986.2,120626250,1084.8,887.6,1102.5,649.1,1011.9,238,9,1011.8,622,7,1011.7,940,15,1011.6,2153,11,1011.5,812,8,1012.0,455,3,1012.1,387,7,1012.2,132,6,1012.3,424,5,1012.4,1868,12
317,2025-11-26 15:13:37+05:30,1011.9,63,1002.94,8950082,366397.0,379614.0,986.2,1012.8,981.3,986.2,120626250,1084.8,887.6,1102.5,649.1,1011.9,238,9,1011.8,622,7,1011.7,940,15,1011.6,2153,11,1011.5,812,8,1012.0,455,3,1012.1,387,7,1012.2,132,6,1012.3,424,5,1012.4,1868,12
317,2025-11-26 15:13:38+05:30,1012.0,23,1002.94,8950286,366617.0,378694.0,986.2,1012.8,981.3,986.2,120626250,1084.8,887.6,1102.5,649.1,1011.9,255,10,1011.8,1136,12,1011.7,893,14,1011.6,2153,11,1011.5,812,8,1012.0,284,2,1012.1,424,7,1012.2,49,5,1012.3,809,5,1012.4,635,8
317,2025-11-26 15:13:38+05:30,1012.0,2,1002.94,8950286,366617.0,378694.0,986.2,1012.8,981.3,986.2,120626250,1084.8,887.6,1102.5,649.1,1011.9,255,10,1011.8,1136,12,1011.7,893,14,1011.6,2153,11,1011.5,812,8,1012.0,284,2,1012.1,424,7,1012.2,49,5,1012.3,809,5,1012.4,635,8
317,2025-11-26 15:13:39+05:30,1011.9,9,1002.94,8950347,367237.0,378754.0,986.2,1012.8,981.3,986.2,120626250,1084.8,887.6,1102.5,649.1,1011.9,916,9,1011.8,748,8,1011.7,879,11,1011.6,2140,10,1011.5,812,8,1012.0,266,5,1012.1,422,6,1012.2,49,5,1012.3,809,5,1012.4,635,8
317,2025-11-26 15:13:39+05:30,1012.0,2,1002.94,8950347,367237.0,378754.0,986.2,1012.8,981.3,986.2,120626250,1084.8,887.6,1102.5,649.1,1011.9,916,9,1011.8,748,8,1011.7,879,11,1011.6,2140,10,1011.5,812,8,1012.0,266,5,1012.1,422,6,1012.2,49,5,1012.3,809,5,1012.4,635,8
317,2025-11-26 15:13:40+05:30,1012.0,1,1002.94,8950354,367268.0,378795.0,986.2,1012.8,981.3,986.2,120626250,1084.8,887.6,1102.5,649.1,1011.9,913,9,1011.8,916,9,1011.7,936,15,1011.6,2153,11,1011.5,1326,10,1012.0,262,5,1012.1,422,6,1012.2,49,5,1012.3,809,5,1012.4,635,8
317,2025-11-26 15:13:40+05:30,1012.0,2,1002.94,8950354,367268.0,378795.0,986.2,1012.8,981.3,986.2,120626250,1084.8,887.6,1102.5,649.1,1011.9,913,9,1011.8,916,9,1011.7,936,15,1011.6,2153,11,1011.5,1326,10,1012.0,262,5,1012.1,422,6,1012.2,49,5,1012.3,809,5,1012.4,635,8
317,2025-11-26 15:13:41+05:30,1012.0,1,1002.94,8954155,365622.0,379978.0,986.2,1012.8,981.3,986.2,120626250,1084.8,887.6,1102.5,649.1,1011.8,674,8,1011.7,377,5,1011.6,1220,8,1011.5,869,11,1011.4,2069,14,1012.0,658,3,1012.1,419,6,1012.2,748,9,1012.3,1090,9,1012.4,1159,11
317,2025-11-26 15:13:41+05:30,1011.9,23,1002.94,8954155,365622.0,379978.0,986.2,1012.8,981.3,986.2,120626250,1084.8,887.6,1102.5,649.1,1011.8,674,8,1011.7,377,5,1011.6,1220,8,1011.5,869,11,1011.4,2069,14,1012.0,658,3,1012.1,419,6,1012.2,748,9,1012.3,1090,9,1012.4,1159,11
317,2025-11-26 15:13:42+05:30,1011.9,23,1002.94,8954189,367159.0,380459.0,986.2,1012.8,981.3,986.2,120626250,1084.8,887.6,1102.5,649.1,1011.8,652,7,1011.7,460,6,1011.6,1290,9,1011.5,1007,12,1011.4,2024,14,1011.9,89,1,1012.0,1022,5,1012.1,339,5,1012.2,472,7,1012.3,1217,9
317,2025-11-26 15:13:42+05:30,1011.9,23,1002.94,8954189,367159.0,380459.0,986.2,1012.8,981.3,986.2,120626250,1084.8,887.6,1102.5,649.1,1011.8,652,7,1011.7,460,6,1011.6,1290,9,1011.5,1007,12,1011.4,2024,14,1011.9,89,1,1012.0,1022,5,1012.1,339,5,1012.2,472,7,1012.3,1217,9
317,2025-11-26 15:13:43+05:30,1011.8,3,1002.94,8954224,366698.0,384448.0,986.2,1012.8,981.3,986.2,120626250,1084.8,887.6,1102.5,649.1,1011.8,649,7,1011.7,114,3,1011.6,966,5,1011.5,666,8,1011.4,2082,15,1011.9,665,5,1012.0,1604,6,1012.1,2905,9,1012.2,650,9,1012.3,1041,8
317,2025-11-26 15:13:43+05:30,1011.9,85,1002.94,8954224,366698.0,384448.0,986.2,1012.8,981.3,986.2,120626250,1084.8,887.6,1102.5,649.1,1011.8,649,7,1011.7,114,3,1011.6,966,5,1011.5,666,8,1011.4,2082,15,1011.9,665,5,1012.0,1604,6,1012.1,2905,9,1012.2,650,9,1012.3,1041,8
317,2025-11-26 15:13:44+05:30,1011.8,1,1002.95,8955252,367934.0,383223.0,986.2,1012.8,981.3,986.2,120626250,1084.8,887.6,1102.5,649.1,1011.8,1414,10,1011.7,359,5,1011.6,1651,9,1011.5,960,11,1011.4,1889,15,1011.9,1067,5,1012.0,980,3,1012.1,2025,4,1012.2,467,7,1012.3,654,9
317,2025-11-26 15:13:44+05:30,1011.9,3,1002.95,8955252,367934.0,383223.0,986.2,1012.8,981.3,986.2,120626250,1084.8,887.6,1102.5,649.1,1011.8,1414,10,1011.7,359,5,1011.6,1651,9,1011.5,960,11,1011.4,1889,15,1011.9,1067,5,1012.0,980,3,1012.1,2025,4,1012.2,467,7,1012.3,654,9
317,2025-11-26 15:13:45+05:30,1011.8,10,1002.95,8955615,365188.0,383896.0,986.2,1012.8,981.3,986.2,120626250,1084.8,887.6,1102.5,649.1,1011.8,241,6,1011.7,101,2,1011.6,2056,6,1011.5,742,9,1011.4,1324,14,1011.9,1120,8,1012.0,1105,5,1012.1,2567,9,1012.2,764,10,1012.3,1028,10
317,2025-11-26 15:13:45+05:30,1011.9,1,1002.95,8955615,365188.0,383896.0,986.2,1012.8,981.3,986.2,120626250,1084.8,887.6,1102.5,649.1,1011.8,241,6,1011.7,101,2,1011.6,2056,6,1011.5,742,9,1011.4,1324,14,1011.9,1120,8,1012.0,1105,5,1012.1,2567,9,1012.2,764,10,1012.3,1028,10
317,2025-11-26 15:13:46+05:30,1011.8,43,1002.95,8955862,365197.0,383098.0,986.2,1012.8,981.3,986.2,120626250,1084.8,887.6,1102.5,649.1,1011.8,123,7,1011.7,101,2,1011.6,2088,7,1011.5,712,8,1011.4,1324,14,1011.9,1021,10,1012.0,1105,5,1012.1,2562,9,1012.2,621,8,1012.3,1149,9
317,2025-11-26 15:13:46+05:30,1011.9,2,1002.95,8955862,365197.0,383098.0,986.2,1012.8,981.3,986.2,120626250,1084.8,887.6,1102.5,649.1,1011.8,123,7,1011.7,101,2,1011.6,2088,7,1011.5,712,8,1011.4,1324,14,1011.9,1021,10,1012.0,1105,5,1012.1,2562,9,1012.2,621,8,1012.3,1149,9
317,2025-11-26 15:13:47+05:30,1011.9,2,1002.95,8955867,365196.0,383388.0,986.2,1012.8,981.3,986.2,120626250,1084.8,887.6,1102.5,649.1,1011.8,123,7,1011.7,101,2,1011.6,2088,7,1011.5,712,8,1011.4,1172,12,1011.9,1221,12,1012.0,1135,6,1012.1,2689,11,1012.2,631,9,1012.3,1021,9
317,2025-11-26 15:13:47+05:30,1011.8,3,1002.95,8955867,365196.0,383388.0,986.2,1012.8,981.3,986.2,120626250,1084.8,887.6,1102.5,649.1,1011.8,123,7,1011.7,101,2,1011.6,2088,7,1011.5,712,8,1011.4,1172,12,1011.9,1221,12,1012.0,1135,6,1012.1,2689,11,1012.2,631,9,1012.3,1021,9
317,2025-11-26 15:13:48+05:30,1011.8,3,1002.95,8955870,364944.0,384702.0,986.2,1012.8,981.3,986.2,120626250,1084.8,887.6,1102.5,649.1,1011.8,354,9,1011.7,108,3,1011.6,1931,6,1011.5,553,7,1011.4,1172,12,1011.9,1447,12,1012.0,1135,6,1012.1,2649,11,1012.2,769,10,1012.3,1021,9
317,2025-11-26 15:13:48+05:30,1011.9,10,1002.95,8955870,364944.0,384702.0,986.2,1012.8,981.3,986.2,120626250,1084.8,887.6,1102.5,649.1,1011.8,354,9,1011.7,108,3,1011.6,1931,6,1011.5,553,7,1011.4,1172,12,1011.9,1447,12,1012.0,1135,6,1012.1,2649,11,1012.2,769,10,1012.3,1021,9
317,2025-11-26 15:13:49+05:30,1011.8,7,1002.95,8956022,365066.0,384423.0,986.2,1012.8,981.3,986.2,120626250,1084.8,887.6,1102.5,649.1,1011.8,334,8,1011.7,108,3,1011.6,1931,6,1011.5,635,8,1011.4,1058,10,1011.9,1329,12,1012.0,1095,5,1012.1,2639,10,1012.2,621,8,1012.3,649,8
317,2025-11-26 15:13:49+05:30,1011.9,3,1002.95,8956022,365066.0,384423.0,986.2,1012.8,981.3,986.2,120626250,1084.8,887.6,1102.5,649.1,1011.8,334,8,1011.7,108,3,1011.6,1931,6,1011.5,635,8,1011.4,1058,10,1011.9,1329,12,1012.0,1095,5,1012.1,2639,10,1012.2,621,8,1012.3,649,8
317,2025-11-26 15:13:50+05:30,1011.7,4,1002.95,8956839,364561.0,384496.0,986.2,1012.8,981.3,986.2,120626250,1084.8,887.6,1102.5,649.1,1011.7,42,2,1011.6,1181,5,1011.5,932,5,1011.4,1077,13,1011.3,763,8,1011.8,238,4,1011.9,1396,13,1012.0,1394,9,1012.1,2432,8,1012.2,1111,9
317,2025-11-26 15:13:50+05:30,1011.8,1,1002.95,8956839,364561.0,384496.0,986.2,1012.8,981.3,986.2,120626250,1084.8,887.6,1102.5,649.1,1011.7,42,2,1011.6,1181,5,1011.5,932,5,1011.4,1077,13,1011.3,763,8,1011.8,238,4,1011.9,1396,13,1012.0,1394,9,1012.1,2432,8,1012.2,1111,9
317,2025-11-26 15:13:51+05:30,1011.7,1,1002.95,8957165,364588.0,383666.0,986.2,1012.8,981.3,986.2,120626250,1084.8,887.6,1102.5,649.1,1011.7,54,3,1011.6,1181,5,1011.5,1100,6,1011.4,1029,13,1011.3,814,8,1011.8,750,5,1011.9,1391,12,1012.0,887,7,1012.1,2520,8,1012.2,619,7
317,2025-11-26 15:13:51+05:30,1011.8,1,1002.95,8957165,364588.0,383666.0,986.2,1012.8,981.3,986.2,120626250,1084.8,887.6,1102.5,649.1,1011.7,54,3,1011.6,1181,5,1011.5,1100,6,1011.4,1029,13,1011.3,814,8,1011.8,750,5,1011.9,1391,12,1012.0,887,7,1012.1,2520,8,1012.2,619,7
317,2025-11-26 15:13:52+05:30,1011.8,50,1002.95,8957353,364965.0,383364.0,986.2,1012.8,981.3,986.2,120626250,1084.8,887.6,1102.5,649.1,1011.7,54,3,1011.6,1316,7,1011.5,1426,9,1011.4,1029,13,1011.3,814,8,1011.8,677,4,1011.9,1391,12,1012.0,887,7,1012.1,2382,7,1012.2,757,8
317,2025-11-26 15:13:52+05:30,1011.8,5,1002.95,8957353,364965.0,383364.0,986.2,1012.8,981.3,986.2,120626250,1084.8,887.6,1102.5,649.1,1011.7,54,3,1011.6,1316,7,1011.5,1426,9,1011.4,1029,13,1011.3,814,8,1011.8,677,4,1011.9,1391,12,1012.0,887,7,1012.1,2382,7,1012.2,757,8
317,2025-11-26 15:13:53+05:30,1011.7,50,1002.95,8963443,358347.0,383268.0,986.2,1012.8,981.3,986.2,120626250,1084.8,887.6,1102.5,649.1,1011.6,3,1,1011.4,837,2,1011.3,354,4,1011.2,937,12,1011.1,938,19,1011.7,473,2,1011.8,576,7,1011.9,1301,14,1012.0,1387,10,1012.1,2953,13
317,2025-11-26 15:13:53+05:30,1011.7,50,1002.95,8963443,358347.0,383268.0,986.2,1012.8,981.3,986.2,120626250,1084.8,887.6,1102.5,649.1,1011.6,3,1,1011.4,837,2,1011.3,354,4,1011.2,937,12,1011.1,938,19,1011.7,473,2,1011.8,576,7,1011.9,1301,14,1012.0,1387,10,1012.1,2953,13
317,2025-11-26 15:13:54+05:30,1011.6,5,1002.95,8963443,358347.0,383268.0,986.2,1012.8,981.3,986.2,120626250,1084.8,887.6,1102.5,649.1,1011.6,3,1,1011.4,837,2,1011.3,354,4,1011.2,937,12,1011.1,938,19,1011.7,473,2,1011.8,576,7,1011.9,1301,14,1012.0,1387,10,1012.1,2953,13
317,2025-11-26 15:13:54+05:30,1011.6,5,1002.95,8963500,359056.0,383330.0,986.2,1012.8,981.3,986.2,120626250,1084.8,887.6,1102.5,649.1,1011.6,3,1,1011.5,11,1,1011.4,919,3,1011.3,437,4,1011.2,800,12,1011.7,658,4,1011.8,627,8,1011.9,957,10,1012.0,1372,7,1012.1,2943,12
317,2025-11-26 15:13:55+05:30,1011.7,2,1002.95,8963500,359056.0,383330.0,986.2,1012.8,981.3,986.2,120626250,1084.8,887.6,1102.5,649.1,1011.6,3,1,1011.5,11,1,1011.4,919,3,1011.3,437,4,1011.2,800,12,1011.7,658,4,1011.8,627,8,1011.9,957,10,1012.0,1372,7,1012.1,2943,12
317,2025-11-26 15:13:56+05:30,1011.7,2,1002.95,8963737,361226.0,382585.0,986.2,1012.8,981.3,986.2,120626250,1084.8,887.6,1102.5,649.1,1011.6,519,4,1011.5,102,2,1011.4,456,8,1011.3,588,6,1011.2,1587,11,1011.7,544,4,1011.8,512,7,1011.9,819,9,1012.0,830,7,1012.1,2581,12
317,2025-11-26 15:13:56+05:30,1011.7,3,1002.95,8963737,361226.0,382585.0,986.2,1012.8,981.3,986.2,120626250,1084.8,887.6,1102.5,649.1,1011.6,519,4,1011.5,102,2,1011.4,456,8,1011.3,588,6,1011.2,1587,11,1011.7,544,4,1011.8,512,7,1011.9,819,9,1012.0,830,7,1012.1,2581,12
317,2025-11-26 15:13:57+05:30,1011.7,3,1002.95,8963796,361131.0,383002.0,986.2,1012.8,981.3,986.2,120626250,1084.8,887.6,1102.5,649.1,1011.6,502,5,1011.5,11,1,1011.4,374,7,1011.3,588,6,1011.2,1513,11,1011.7,513,4,1011.8,596,8,1011.9,903,9,1012.0,830,7,1012.1,2581,12
317,2025-11-26 15:13:57+05:30,1011.6,71,1002.95,8963796,361131.0,383002.0,986.2,1012.8,981.3,986.2,120626250,1084.8,887.6,1102.5,649.1,1011.6,502,5,1011.5,11,1,1011.4,374,7,1011.3,588,6,1011.2,1513,11,1011.7,513,4,1011.8,596,8,1011.9,903,9,1012.0,830,7,1012.1,2581,12
317,2025-11-26 15:13:58+05:30,1011.6,71,1002.95,8963868,361080.0,382711.0,986.2,1012.8,981.3,986.2,120626250,1084.8,887.6,1102.5,649.1,1011.6,443,5,1011.5,11,1,1011.4,373,6,1011.3,451,6,1011.2,1651,12,1011.7,518,7,1011.8,580,4,1011.9,903,9,1012.0,968,8,1012.1,2943,12
317,2025-11-26 15:13:58+05:30,1011.7,3,1002.95,8963868,361080.0,382711.0,986.2,1012.8,981.3,986.2,120626250,1084.8,887.6,1102.5,649.1,1011.6,443,5,1011.5,11,1,1011.4,373,6,1011.3,451,6,1011.2,1651,12,1011.7,518,7,1011.8,580,4,1011.9,903,9,1012.0,968,8,1012.1,2943,12
317,2025-11-26 15:13:59+05:30,1011.7,3,1002.95,8964390,362360.0,380518.0,986.2,1012.8,981.3,986.2,120626250,1084.8,887.6,1102.5,649.1,1011.5,15,2,1011.4,855,3,1011.3,178,2,1011.2,901,11,1011.1,1043,21,1011.7,616,9,1011.8,634,4,1011.9,1041,10,1012.0,1373,9,1012.1,2930,11
317,2025-11-26 15:13:59+05:30,1011.7,1,1002.95,8964390,362360.0,380518.0,986.2,1012.8,981.3,986.2,120626250,1084.8,887.6,1102.5,649.1,1011.5,15,2,1011.4,855,3,1011.3,178,2,1011.2,901,11,1011.1,1043,21,1011.7,616,9,1011.8,634,4,1011.9,1041,10,1012.0,1373,9,1012.1,2930,11
317,2025-11-26 15:14:00+05:30,1011.5,8,1002.96,8965170,363165.0,381642.0,986.2,1012.8,981.3,986.2,120626250,1084.8,887.6,1102.5,649.1,1011.5,766,4,1011.4,105,2,1011.3,418,5,1011.2,1154,12,1011.1,1787,20,1011.6,617,2,1011.7,124,2,1011.8,144,3,1011.9,893,8,1012.0,1467,9
317,2025-11-26 15:14:00+05:30,1011.6,1,1002.96,8965170,363165.0,381642.0,986.2,1012.8,981.3,986.2,120626250,1084.8,887.6,1102.5,649.1,1011.5,766,4,1011.4,105,2,1011.3,418,5,1011.2,1154,12,1011.1,1787,20,1011.6,617,2,1011.7,124,2,1011.8,144,3,1011.9,893,8,1012.0,1467,9
317,2025-11-26 15:14:01+05:30,1011.5,1,1002.96,8965490,363160.0,382097.0,986.2,1012.8,981.3,986.2,120626250,1084.8,887.6,1102.5,649.1,1011.5,673,6,1011.4,17,2,1011.3,416,5,1011.2,1154,12,1011.1,1812,21,1011.6,926,5,1011.8,943,6,1011.9,1246,10,1012.0,994,10,1012.1,2460,12
317,2025-11-26 15:14:01+05:30,1011.5,100,1002.96,8965490,363160.0,382097.0,986.2,1012.8,981.3,986.2,120626250,1084.8,887.6,1102.5,649.1,1011.5,673,6,1011.4,17,2,1011.3,416,5,1011.2,1154,12,1011.1,1812,21,1011.6,926,5,1011.8,943,6,1011.9,1246,10,1012.0,994,10,1012.1,2460,12
317,2025-11-26 15:14:02+05:30,1011.5,26,1002.96,8965651,362885.0,382758.0,986.2,1012.8,981.3,986.2,120626250,1084.8,887.6,1102.5,649.1,1011.5,518,6,1011.4,17,2,1011.3,240,3,1011.2,893,10,1011.1,1894,20,1011.6,1036,7,1011.7,108,2,1011.8,898,8,1011.9,1075,11,1012.0,846,8
317,2025-11-26 15:14:02+05:30,1011.6,3,1002.96,8965651,362885.0,382758.0,986.2,1012.8,981.3,986.2,120626250,1084.8,887.6,1102.5,649.1,1011.5,518,6,1011.4,17,2,1011.3,240,3,1011.2,893,10,1011.1,1894,20,1011.6,1036,7,1011.7,108,2,1011.8,898,8,1011.9,1075,11,1012.0,846,8
317,2025-11-26 15:14:03+05:30,1011.5,11,1002.96,8965716,363258.0,382766.0,986.2,1012.8,981.3,986.2,120626250,1084.8,887.6,1102.5,649.1,1011.5,544,8,1011.4,17,2,1011.3,240,3,1011.2,697,9,1011.1,1891,20,1011.6,1005,8,1011.7,144,3,1011.8,2409,7,1011.9,1457,13,1012.0,1356,10
317,2025-11-26 15:14:03+05:30,1011.6,11,1002.96,8965716,363258.0,382766.0,986.2,1012.8,981.3,986.2,120626250,1084.8,887.6,1102.5,649.1,1011.5,544,8,1011.4,17,2,1011.3,240,3,1011.2,697,9,1011.1,1891,20,1011.6,1005,8,1011.7,144,3,1011.8,2409,7,1011.9,1457,13,1012.0,1356,10
317,2025-11-26 15:14:04+05:30,1011.5,3,1002.96,8965750,362410.0,383142.0,986.2,1012.8,981.3,986.2,120626250,1084.8,887.6,1102.5,649.1,1011.5,84,7,1011.4,17,2,1011.3,691,4,1011.2,554,7,1011.1,931,17,1011.6,1063,9,1011.7,442,7,1011.8,2609,9,1011.9,1075,11,1012.0,1361,11
317,2025-11-26 15:14:04+05:30,1011.6,1,1002.96,8965750,362410.0,383142.0,986.2,1012.8,981.3,986.2,120626250,1084.8,887.6,1102.5,649.1,1011.5,84,7,1011.4,17,2,1011.3,691,4,1011.2,554,7,1011.1,931,17,1011.6,1063,9,1011.7,442,7,1011.8,2609,9,1011.9,1075,11,1012.0,1361,11
317,2025-11-26 15:14:05+05:30,1011.4,1,1002.96,8966310,360230.0,383594.0,986.2,1012.8,981.3,986.2,120626250,1084.8,887.6,1102.5,649.1,1011.4,107,3,1011.3,686,3,1011.2,658,7,1011.1,1100,18,1011.0,2967,22,1011.5,565,3,1011.6,521,8,1011.7,289,4,1011.8,2419,8,1011.9,1283,13
317,2025-11-26 15:14:05+05:30,1011.5,88,1002.96,8966310,360230.0,383594.0,986.2,1012.8,981.3,986.2,120626250,1084.8,887.6,1102.5,649.1,1011.4,107,3,1011.3,686,3,1011.2,658,7,1011.1,1100,18,1011.0,2967,22,1011.5,565,3,1011.6,521,8,1011.7,289,4,1011.8,2419,8,1011.9,1283,13
317,2025-11-26 15:14:06+05:30,1011.5,2,1002.96,8966827,360242.0,382537.0,986.2,1012.8,981.3,986.2,120626250,1084.8,887.6,1102.5,649.1,1011.4,103,3,1011.3,965,5,1011.2,470,7,1011.1,1100,18,1011.0,2965,22,1011.5,287,4,1011.6,621,8,1011.7,75,2,1011.8,2409,7,1011.9,1245,10
317,2025-11-26 15:14:06+05:30,1011.4,2,1002.96,8966827,360242.0,382537.0,986.2,1012.8,981.3,986.2,120626250,1084.8,887.6,1102.5,649.1,1011.4,103,3,1011.3,965,5,1011.2,470,7,1011.1,1100,18,1011.0,2965,22,1011.5,287,4,1011.6,621,8,1011.7,75,2,1011.8,2409,7,1011.9,1245,10
317,2025-11-26 15:14:07+05:30,1011.4,1,1002.96,8966827,360242.0,382537.0,986.2,1012.8,981.3,986.2,120626250,1084.8,887.6,1102.5,649.1,1011.4,103,3,1011.3,965,5,1011.2,470,7,1011.1,1100,18,1011.0,2965,22,1011.5,287,4,1011.6,621,8,1011.7,75,2,1011.8,2409,7,1011.9,1245,10
317,2025-11-26 15:14:07+05:30,1011.4,1,1002.96,8966910,360279.0,382635.0,986.2,1012.8,981.3,986.2,120626250,1084.8,887.6,1102.5,649.1,1011.4,98,5,1011.3,697,4,1011.2,506,6,1011.1,1099,18,1011.0,2965,22,1011.5,435,8,1011.6,686,8,1011.7,251,3,1011.8,2596,8,1011.9,1067,10
317,2025-11-26 15:14:08+05:30,1011.5,2,1002.96,8967056,360394.0,382039.0,986.2,1012.8,981.3,986.2,120626250,1084.8,887.6,1102.5,649.1,1011.4,112,6,1011.3,697,4,1011.2,662,7,1011.1,927,18,1011.0,3636,23,1011.5,465,7,1011.6,290,6,1011.7,416,5,1011.8,2595,8,1011.9,1070,10
317,2025-11-26 15:14:08+05:30,1011.5,2,1002.96,8967056,360394.0,382039.0,986.2,1012.8,981.3,986.2,120626250,1084.8,887.6,1102.5,649.1,1011.4,112,6,1011.3,697,4,1011.2,662,7,1011.1,927,18,1011.0,3636,23,1011.5,465,7,1011.6,290,6,1011.7,416,5,1011.8,2595,8,1011.9,1070,10
317,2025-11-26 15:14:09+05:30,1011.5,3,1002.96,8967056,360394.0,382039.0,986.2,1012.8,981.3,986.2,120626250,1084.8,887.6,1102.5,649.1,1011.4,112,6,1011.3,697,4,1011.2,662,7,1011.1,927,18,1011.0,3636,23,1011.5,465,7,1011.6,290,6,1011.7,416,5,1011.8,2595,8,1011.9,1070,10
317,2025-11-26 15:14:09+05:30,1011.5,3,1002.96,8967816,360468.0,382817.0,986.2,1012.8,981.3,986.2,120626250,1084.8,887.6,1102.5,649.1,1011.4,107,6,1011.3,882,5,1011.2,560,7,1011.1,1097,18,1011.0,2965,22,1011.5,293,2,1011.6,224,5,1011.7,72,2,1011.8,2394,7,1011.9,1278,12
317,2025-11-26 15:14:10+05:30,1011.4,2,1002.96,8967816,360468.0,382817.0,986.2,1012.8,981.3,986.2,120626250,1084.8,887.6,1102.5,649.1,1011.4,107,6,1011.3,882,5,1011.2,560,7,1011.1,1097,18,1011.0,2965,22,1011.5,293,2,1011.6,224,5,1011.7,72,2,1011.8,2394,7,1011.9,1278,12
317,2025-11-26 15:14:10+05:30,1011.4,2,1002.96,8968482,360922.0,382143.0,986.2,1012.8,981.3,986.2,120626250,1084.8,887.6,1102.5,649.1,1011.3,696,4,1011.2,652,8,1011.1,979,16,1011.0,2569,20,1010.9,2108,10,1011.4,162,1,1011.5,130,3,1011.6,289,6,1011.7,181,2,1011.8,2398,8
317,2025-11-26 15:14:11+05:30,1011.4,1,1002.96,8968482,360922.0,382143.0,986.2,1012.8,981.3,986.2,120626250,1084.8,887.6,1102.5,649.1,1011.3,696,4,1011.2,652,8,1011.1,979,16,1011.0,2569,20,1010.9,2108,10,1011.4,162,1,1011.5,130,3,1011.6,289,6,1011.7,181,2,1011.8,2398,8
317,2025-11-26 15:14:11+05:30,1011.4,1,1002.96,8968499,361042.0,382466.0,986.2,1012.8,981.3,986.2,120626250,1084.8,887.6,1102.5,649.1,1011.3,991,9,1011.2,507,8,1011.1,1047,17,1011.0,2699,21,1010.9,1608,9,1011.4,166,2,1011.5,124,3,1011.6,288,5,1011.7,181,2,1011.8,2398,8
317,2025-11-26 15:14:12+05:30,1011.4,6,1002.96,8968499,361042.0,382466.0,986.2,1012.8,981.3,986.2,120626250,1084.8,887.6,1102.5,649.1,1011.3,991,9,1011.2,507,8,1011.1,1047,17,1011.0,2699,21,1010.9,1608,9,1011.4,166,2,1011.5,124,3,1011.6,288,5,1011.7,181,2,1011.8,2398,8
317,2025-11-26 15:14:13+05:30,1011.4,6,1002.96,8968593,361087.0,382329.0,986.2,1012.8,981.3,986.2,120626250,1084.8,887.6,1102.5,649.1,1011.3,792,8,1011.2,691,9,1011.1,1047,17,1011.0,2636,21,1010.9,1608,9,1011.4,140,3,1011.5,205,5,1011.6,139,2,1011.7,181,2,1011.8,2383,7
317,2025-11-26 15:14:13+05:30,1011.4,78,1002.96,8968593,361087.0,382329.0,986.2,1012.8,981.3,986.2,120626250,1084.8,887.6,1102.5,649.1,1011.3,792,8,1011.2,691,9,1011.1,1047,17,1011.0,2636,21,1010.9,1608,9,1011.4,140,3,1011.5,205,5,1011.6,139,2,1011.7,181,2,1011.8,2383,7
317,2025-11-26 15:14:14+05:30,1011.5,3,1002.96,8969780,362420.0,381472.0,986.2,1012.8,981.3,986.2,120626250,1084.8,887.6,1102.5,649.1,1011.4,603,2,1011.3,839,12,1011.2,842,12,1011.1,1298,16,1011.0,2961,21,1011.5,78,2,1011.6,25,1,1011.8,1882,2,1011.9,1076,12,1012.0,1877,12
317,2025-11-26 15:14:14+05:30,1011.5,2,1002.96,8969780,362420.0,381472.0,986.2,1012.8,981.3,986.2,120626250,1084.8,887.6,1102.5,649.1,1011.4,603,2,1011.3,839,12,1011.2,842,12,1011.1,1298,16,1011.0,2961,21,1011.5,78,2,1011.6,25,1,1011.8,1882,2,1011.9,1076,12,1012.0,1877,12
317,2025-11-26 15:14:15+05:30,1011.5,2,1002.96,8969889,361509.0,378523.0,986.2,1012.8,981.3,986.2,120626250,1084.8,887.6,1102.5,649.1,1011.4,514,3,1011.3,838,12,1011.2,842,12,1011.1,1312,17,1011.0,2961,21,1011.5,80,4,1011.6,25,1,1011.8,1946,3,1011.9,1076,12,1012.0,3139,15
317,2025-11-26 15:14:15+05:30,1011.5,2,1002.96,8969889,361509.0,378523.0,986.2,1012.8,981.3,986.2,120626250,1084.8,887.6,1102.5,649.1,1011.4,514,3,1011.3,838,12,1011.2,842,12,1011.1,1312,17,1011.0,2961,21,1011.5,80,4,1011.6,25,1,1011.8,1946,3,1011.9,1076,12,1012.0,3139,15
317,2025-11-26 15:14:16+05:30,1011.5,2,1002.96,8970017,361789.0,382436.0,986.2,1012.8,981.3,986.2,120626250,1084.8,887.6,1102.5,649.1,1011.4,767,7,1011.3,847,12,1011.2,658,11,1011.1,1312,17,1011.0,3461,22,1011.5,74,2,1011.6,25,1,1011.8,1946,3,1011.9,1076,12,1012.0,3201,17
317,2025-11-26 15:14:16+05:30,1011.5,3,1002.96,8970017,361789.0,382436.0,986.2,1012.8,981.3,986.2,120626250,1084.8,887.6,1102.5,649.1,1011.4,767,7,1011.3,847,12,1011.2,658,11,1011.1,1312,17,1011.0,3461,22,1011.5,74,2,1011.6,25,1,1011.8,1946,3,1011.9,1076,12,1012.0,3201,17
317,2025-11-26 15:14:17+05:30,1011.5,3,1002.96,8970082,361523.0,382434.0,986.2,1012.8,981.3,986.2,120626250,1084.8,887.6,1102.5,649.1,1011.4,766,8,1011.3,784,11,1011.2,658,11,1011.1,1312,17,1011.0,3461,22,1011.5,71,2,1011.6,25,1,1011.8,1946,3,1011.9,1076,12,1012.0,3201,17
317,2025-11-26 15:14:17+05:30,1011.5,3,1002.96,8970082,361523.0,382434.0,986.2,1012.8,981.3,986.2,120626250,1084.8,887.6,1102.5,649.1,1011.4,766,8,1011.3,784,11,1011.2,658,11,1011.1,1312,17,1011.0,3461,22,1011.5,71,2,1011.6,25,1,1011.8,1946,3,1011.9,1076,12,1012.0,3201,17
317,2025-11-26 15:14:18+05:30,1011.5,3,1002.96,8970085,361809.0,382411.0,986.2,1012.8,981.3,986.2,120626250,1084.8,887.6,1102.5,649.1,1011.4,986,11,1011.3,521,10,1011.2,805,11,1011.1,1392,16,1011.0,3461,22,1011.5,77,4,1011.6,25,1,1011.8,1946,3,1011.9,1076,12,1012.0,2701,16
317,2025-11-26 15:14:18+05:30,1011.5,10,1002.96,8970085,361809.0,382411.0,986.2,1012.8,981.3,986.2,120626250,1084.8,887.6,1102.5,649.1,1011.4,986,11,1011.3,521,10,1011.2,805,11,1011.1,1392,16,1011.0,3461,22,1011.5,77,4,1011.6,25,1,1011.8,1946,3,1011.9,1076,12,1012.0,2701,16
317,2025-11-26 15:14:19+05:30,1011.5,7,1002.96,8970155,361500.0,382077.0,986.2,1012.8,981.3,986.2,120626250,1084.8,887.6,1102.5,649.1,1011.4,785,10,1011.3,646,10,1011.2,798,11,1011.1,1355,15,1011.0,3474,23,1011.5,54,4,1011.6,25,1,1011.7,58,1,1011.8,2140,6,1011.9,1076,12
317,2025-11-26 15:14:19+05:30,1011.4,3,1002.96,8970155,361500.0,382077.0,986.2,1012.8,981.3,986.2,120626250,1084.8,887.6,1102.5,649.1,1011.4,785,10,1011.3,646,10,1011.2,798,11,1011.1,1355,15,1011.0,3474,23,1011.5,54,4,1011.6,25,1,1011.7,58,1,1011.8,2140,6,1011.9,1076,12
317,2025-11-26 15:14:20+05:30,1011.6,1,1002.96,8970228,360012.0,383079.0,986.2,1012.8,981.3,986.2,120626250,1084.8,887.6,1102.5,649.1,1011.4,782,10,1011.3,281,7,1011.2,797,11,1011.1,1510,16,1011.0,3822,25,1011.6,272,2,1011.7,70,2,1011.8,2462,8,1011.9,1011,11,1012.0,3202,17
317,2025-11-26 15:14:20+05:30,1011.5,98,1002.96,8970228,360012.0,383079.0,986.2,1012.8,981.3,986.2,120626250,1084.8,887.6,1102.5,649.1,1011.4,782,10,1011.3,281,7,1011.2,797,11,1011.1,1510,16,1011.0,3822,25,1011.6,272,2,1011.7,70,2,1011.8,2462,8,1011.9,1011,11,1012.0,3202,17
317,2025-11-26 15:14:21+05:30,1011.5,98,1002.96,8970762,361764.0,381197.0,986.2,1012.8,981.3,986.2,120626250,1084.8,887.6,1102.5,649.1,1011.5,650,4,1011.4,890,15,1011.3,739,13,1011.2,548,9,1011.1,2772,20,1011.6,251,3,1011.8,1882,2,1011.9,485,4,1012.0,2339,12,1012.1,665,6
317,2025-11-26 15:14:21+05:30,1011.5,98,1002.96,8970762,361764.0,381197.0,986.2,1012.8,981.3,986.2,120626250,1084.8,887.6,1102.5,649.1,1011.5,650,4,1011.4,890,15,1011.3,739,13,1011.2,548,9,1011.1,2772,20,1011.6,251,3,1011.8,1882,2,1011.9,485,4,1012.0,2339,12,1012.1,665,6
317,2025-11-26 15:14:21+05:30,1011.6,1,1002.96,8970762,361764.0,381197.0,986.2,1012.8,981.3,986.2,120626250,1084.8,887.6,1102.5,649.1,1011.5,650,4,1011.4,890,15,1011.3,739,13,1011.2,548,9,1011.1,2772,20,1011.6,251,3,1011.8,1882,2,1011.9,485,4,1012.0,2339,12,1012.1,665,6
317,2025-11-26 15:14:22+05:30,1011.5,3,1002.96,8970767,358736.0,382189.0,986.2,1012.8,981.3,986.2,120626250,1084.8,887.6,1102.5,649.1,1011.5,293,5,1011.4,1095,12,1011.3,911,13,1011.2,548,9,1011.1,991,17,1011.6,256,4,1011.8,1894,3,1011.9,661,5,1012.0,2352,13,1012.1,1236,12
317,2025-11-26 15:14:22+05:30,1011.5,3,1002.96,8970767,358736.0,382189.0,986.2,1012.8,981.3,986.2,120626250,1084.8,887.6,1102.5,649.1,1011.5,293,5,1011.4,1095,12,1011.3,911,13,1011.2,548,9,1011.1,991,17,1011.6,256,4,1011.8,1894,3,1011.9,661,5,1012.0,2352,13,1012.1,1236,12
317,2025-11-26 15:14:22+05:30,1011.6,1,1002.96,8970767,358736.0,382189.0,986.2,1012.8,981.3,986.2,120626250,1084.8,887.6,1102.5,649.1,1011.5,293,5,1011.4,1095,12,1011.3,911,13,1011.2,548,9,1011.1,991,17,1011.6,256,4,1011.8,1894,3,1011.9,661,5,1012.0,2352,13,1012.1,1236,12
317,2025-11-26 15:14:23+05:30,1011.6,1,1002.96,8970767,358736.0,382189.0,986.2,1012.8,981.3,986.2,120626250,1084.8,887.6,1102.5,649.1,1011.5,293,5,1011.4,1095,12,1011.3,911,13,1011.2,548,9,1011.1,991,17,1011.6,256,4,1011.8,1894,3,1011.9,661,5,1012.0,2352,13,1012.1,1236,12
317,2025-11-26 15:14:23+05:30,1011.6,23,1002.96,8970799,358991.0,382481.0,986.2,1012.8,981.3,986.2,120626250,1084.8,887.6,1102.5,649.1,1011.5,157,5,1011.4,1280,13,1011.3,911,13,1011.2,580,10,1011.1,1473,16,1011.6,226,5,1011.7,48,1,1011.8,1882,2,1011.9,661,5,1012.0,2349,13
317,2025-11-26 15:14:23+05:30,1011.6,23,1002.96,8970799,358991.0,382481.0,986.2,1012.8,981.3,986.2,120626250,1084.8,887.6,1102.5,649.1,1011.5,157,5,1011.4,1280,13,1011.3,911,13,1011.2,580,10,1011.1,1473,16,1011.6,226,5,1011.7,48,1,1011.8,1882,2,1011.9,661,5,1012.0,2349,13
317,2025-11-26 15:14:23+05:30,1011.5,1,1002.96,8970799,358991.0,382481.0,986.2,1012.8,981.3,986.2,120626250,1084.8,887.6,1102.5,649.1,1011.5,157,5,1011.4,1280,13,1011.3,911,13,1011.2,580,10,1011.1,1473,16,1011.6,226,5,1011.7,48,1,1011.8,1882,2,1011.9,661,5,1012.0,2349,13
317,2025-11-26 15:14:24+05:30,1011.5,1,1002.96,8970799,358991.0,382481.0,986.2,1012.8,981.3,986.2,120626250,1084.8,887.6,1102.5,649.1,1011.5,157,5,1011.4,1280,13,1011.3,911,13,1011.2,580,10,1011.1,1473,16,1011.6,226,5,1011.7,48,1,1011.8,1882,2,1011.9,661,5,1012.0,2349,13
317,2025-11-26 15:14:24+05:30,1011.6,3,1002.96,8970803,358819.0,384082.0,986.2,1012.8,981.3,986.2,120626250,1084.8,887.6,1102.5,649.1,1011.5,163,6,1011.4,842,10,1011.3,546,11,1011.2,764,11,1011.1,1118,16,1011.6,649,7,1011.7,70,3,1011.8,2417,7,1011.9,1017,10,1012.0,2883,16
317,2025-11-26 15:14:24+05:30,1011.6,3,1002.96,8970803,358819.0,384082.0,986.2,1012.8,981.3,986.2,120626250,1084.8,887.6,1102.5,649.1,1011.5,163,6,1011.4,842,10,1011.3,546,11,1011.2,764,11,1011.1,1118,16,1011.6,649,7,1011.7,70,3,1011.8,2417,7,1011.9,1017,10,1012.0,2883,16
317,2025-11-26 15:14:24+05:30,1011.6,121,1002.96,8970803,358819.0,384082.0,986.2,1012.8,981.3,986.2,120626250,1084.8,887.6,1102.5,649.1,1011.5,163,6,1011.4,842,10,1011.3,546,11,1011.2,764,11,1011.1,1118,16,1011.6,649,7,1011.7,70,3,1011.8,2417,7,1011.9,1017,10,1012.0,2883,16
317,2025-11-26 15:14:25+05:30,1011.6,121,1002.96,8970803,358819.0,384082.0,986.2,1012.8,981.3,986.2,120626250,1084.8,887.6,1102.5,649.1,1011.5,163,6,1011.4,842,10,1011.3,546,11,1011.2,764,11,1011.1,1118,16,1011.6,649,7,1011.7,70,3,1011.8,2417,7,1011.9,1017,10,1012.0,2883,16
317,2025-11-26 15:14:25+05:30,1011.5,7,1002.96,8971005,359402.0,383542.0,986.2,1012.8,981.3,986.2,120626250,1084.8,887.6,1102.5,649.1,1011.5,591,7,1011.4,787,9,1011.3,407,8,1011.2,945,12,1011.1,936,16,1011.6,539,7,1011.7,58,2,1011.8,2258,6,1011.9,1017,10,1012.0,3140,15
317,2025-11-26 15:14:25+05:30,1011.5,7,1002.96,8971005,359402.0,383542.0,986.2,1012.8,981.3,986.2,120626250,1084.8,887.6,1102.5,649.1,1011.5,591,7,1011.4,787,9,1011.3,407,8,1011.2,945,12,1011.1,936,16,1011.6,539,7,1011.7,58,2,1011.8,2258,6,1011.9,1017,10,1012.0,3140,15
317,2025-11-26 15:14:25+05:30,1011.5,4,1002.96,8971005,359402.0,383542.0,986.2,1012.8,981.3,986.2,120626250,1084.8,887.6,1102.5,649.1,1011.5,591,7,1011.4,787,9,1011.3,407,8,1011.2,945,12,1011.1,936,16,1011.6,539,7,1011.7,58,2,1011.8,2258,6,1011.9,1017,10,1012.0,3140,15
317,2025-11-26 15:14:25+05:30,1011.5,4,1002.96,8971005,359402.0,383542.0,986.2,1012.8,981.3,986.2,120626250,1084.8,887.6,1102.5,649.1,1011.5,591,7,1011.4,787,9,1011.3,407,8,1011.2,945,12,1011.1,936,16,1011.6,539,7,1011.7,58,2,1011.8,2258,6,1011.9,1017,10,1012.0,3140,15
317,2025-11-26 15:14:26+05:30,1011.5,20,1002.96,8971032,359352.0,384017.0,986.2,1012.8,981.3,986.2,120626250,1084.8,887.6,1102.5,649.1,1011.5,599,8,1011.4,787,9,1011.3,407,8,1011.2,945,12,1011.1,936,16,1011.6,537,7,1011.7,58,2,1011.8,2076,5,1011.9,1199,11,1012.0,3163,17
317,2025-11-26 15:14:26+05:30,1011.5,20,1002.96,8971032,359352.0,384017.0,986.2,1012.8,981.3,986.2,120621750,1084.8,887.6,1102.5,649.1,1011.5,599,8,1011.4,787,9,1011.3,407,8,1011.2,945,12,1011.1,936,16,1011.6,537,7,1011.7,58,2,1011.8,2076,5,1011.9,1199,11,1012.0,3163,17
317,2025-11-26 15:14:26+05:30,1011.7,2,1002.96,8971032,359352.0,384017.0,986.2,1012.8,981.3,986.2,120621750,1084.8,887.6,1102.5,649.1,1011.5,599,8,1011.4,787,9,1011.3,407,8,1011.2,945,12,1011.1,936,16,1011.6,537,7,1011.7,58,2,1011.8,2076,5,1011.9,1199,11,1012.0,3163,17
317,2025-11-26 15:14:27+05:30,1011.7,2,1002.96,8971032,359352.0,384017.0,986.2,1012.8,981.3,986.2,120621750,1084.8,887.6,1102.5,649.1,1011.5,599,8,1011.4,787,9,1011.3,407,8,1011.2,945,12,1011.1,936,16,1011.6,537,7,1011.7,58,2,1011.8,2076,5,1011.9,1199,11,1012.0,3163,17
317,2025-11-26 15:14:27+05:30,1011.7,2,1002.96,8971852,358058.0,383203.0,986.2,1012.8,981.3,986.2,120621750,1084.8,887.6,1102.5,649.1,1011.5,585,8,1011.4,909,11,1011.3,945,11,1011.2,593,11,1011.1,1839,17,1011.7,169,3,1011.8,1887,3,1011.9,874,7,1012.0,2996,18,1012.1,1435,14
317,2025-11-26 15:14:27+05:30,1011.5,291,1002.96,8971852,358058.0,383203.0,986.2,1012.8,981.3,986.2,120621750,1084.8,887.6,1102.5,649.1,1011.5,585,8,1011.4,909,11,1011.3,945,11,1011.2,593,11,1011.1,1839,17,1011.7,169,3,1011.8,1887,3,1011.9,874,7,1012.0,2996,18,1012.1,1435,14
317,2025-11-26 15:14:28+05:30,1011.6,10,1002.96,8972167,359088.0,382428.0,986.2,1012.8,981.3,986.2,120621750,1084.8,887.6,1102.5,649.1,1011.5,518,8,1011.4,1015,11,1011.3,588,9,1011.2,593,11,1011.1,1876,19,1011.7,169,3,1011.8,1882,2,1011.9,874,7,1012.0,2619,15,1012.1,1448,15
317,2025-11-26 15:14:28+05:30,1011.7,2,1002.96,8972167,359088.0,382428.0,986.2,1012.8,981.3,986.2,120621750,1084.8,887.6,1102.5,649.1,1011.5,518,8,1011.4,1015,11,1011.3,588,9,1011.2,593,11,1011.1,1876,19,1011.7,169,3,1011.8,1882,2,1011.9,874,7,1012.0,2619,15,1012.1,1448,15
317,2025-11-26 15:14:29+05:30,1011.6,3,1002.96,8972454,358371.0,382544.0,986.2,1012.8,981.3,986.2,120621750,1084.8,887.6,1102.5,649.1,1011.5,627,11,1011.4,1193,12,1011.3,835,11,1011.2,1105,12,1011.1,857,16,1011.7,160,3,1011.8,1882,2,1011.9,773,7,1012.0,2648,16,1012.1,1448,15
317,2025-11-26 15:14:29+05:30,1011.7,6,1002.96,8972454,358371.0,382544.0,986.2,1012.8,981.3,986.2,120621750,1084.8,887.6,1102.5,649.1,1011.5,627,11,1011.4,1193,12,1011.3,835,11,1011.2,1105,12,1011.1,857,16,1011.7,160,3,1011.8,1882,2,1011.9,773,7,1012.0,2648,16,1012.1,1448,15
317,2025-11-26 15:14:30+05:30,1011.6,27,1002.96,8972820,359382.0,383249.0,986.2,1012.8,981.3,986.2,120621750,1084.8,887.6,1102.5,649.1,1011.5,663,12,1011.4,1157,13,1011.3,951,12,1011.2,1118,13,1011.1,1333,16,1011.6,19,1,1011.7,126,7,1011.8,1882,2,1011.9,605,4,1012.0,2305,13
317,2025-11-26 15:14:30+05:30,1011.6,1,1002.96,8972820,359382.0,383249.0,986.2,1012.8,981.3,986.2,120621750,1084.8,887.6,1102.5,649.1,1011.5,663,12,1011.4,1157,13,1011.3,951,12,1011.2,1118,13,1011.1,1333,16,1011.6,19,1,1011.7,126,7,1011.8,1882,2,1011.9,605,4,1012.0,2305,13
317,2025-11-26 15:14:31+05:30,1011.6,1,1002.96,8972846,359371.0,383263.0,986.2,1012.8,981.3,986.2,120621750,1084.8,887.6,1102.5,649.1,1011.5,600,12,1011.4,1333,14,1011.3,951,12,1011.2,1118,13,1011.1,1333,16,1011.6,9,3,1011.7,121,6,1011.8,1882,2,1011.9,605,4,1012.0,2312,13
317,2025-11-26 15:14:31+05:30,1011.6,1,1002.96,8972846,359371.0,383263.0,986.2,1012.8,981.3,986.2,120621750,1084.8,887.6,1102.5,649.1,1011.5,600,12,1011.4,1333,14,1011.3,951,12,1011.2,1118,13,1011.1,1333,16,1011.6,9,3,1011.7,121,6,1011.8,1882,2,1011.9,605,4,1012.0,2312,13
317,2025-11-26 15:14:32+05:30,1011.6,1,1002.96,8972912,359076.0,383753.0,986.2,1012.8,981.3,986.2,120621750,1084.8,887.6,1102.5,649.1,1011.5,496,12,1011.4,858,10,1011.3,950,12,1011.2,1296,14,1011.1,833,15,1011.6,227,5,1011.7,121,6,1011.8,1882,2,1011.9,656,5,1012.0,2324,14
317,2025-11-26 15:14:32+05:30,1011.6,23,1002.96,8972912,359076.0,383753.0,986.2,1012.8,981.3,986.2,120621750,1084.8,887.6,1102.5,649.1,1011.5,496,12,1011.4,858,10,1011.3,950,12,1011.2,1296,14,1011.1,833,15,1011.6,227,5,1011.7,121,6,1011.8,1882,2,1011.9,656,5,1012.0,2324,14
317,2025-11-26 15:14:33+05:30,1011.6,23,1002.96,8972953,359372.0,383954.0,986.2,1012.8,981.3,986.2,120621750,1084.8,887.6,1102.5,649.1,1011.5,741,14,1011.4,909,11,1011.3,948,12,1011.2,784,13,1011.1,1357,16,1011.6,355,7,1011.7,121,6,1011.8,1882,2,1011.9,656,5,1012.0,2449,17
317,2025-11-26 15:14:33+05:30,1011.7,3,1002.96,8972953,359372.0,383954.0,986.2,1012.8,981.3,986.2,120621750,1084.8,887.6,1102.5,649.1,1011.5,741,14,1011.4,909,11,1011.3,948,12,1011.2,784,13,1011.1,1357,16,1011.6,355,7,1011.7,121,6,1011.8,1882,2,1011.9,656,5,1012.0,2449,17
317,2025-11-26 15:14:34+05:30,1011.6,1,1002.96,8973718,359219.0,382987.0,986.2,1012.8,981.3,986.2,120621750,1084.8,887.6,1102.5,649.1,1011.6,7,3,1011.5,766,14,1011.4,811,10,1011.3,596,8,1011.2,1660,15,1011.7,263,2,1011.8,1985,3,1011.9,975,8,1012.0,2634,16,1012.1,1263,13
317,2025-11-26 15:14:34+05:30,1011.7,89,1002.96,8973718,359219.0,382987.0,986.2,1012.8,981.3,986.2,120621750,1084.8,887.6,1102.5,649.1,1011.6,7,3,1011.5,766,14,1011.4,811,10,1011.3,596,8,1011.2,1660,15,1011.7,263,2,1011.8,1985,3,1011.9,975,8,1012.0,2634,16,1012.1,1263,13
317,2025-11-26 15:14:35+05:30,1011.6,24,1002.96,8973840,359067.0,382201.0,986.2,1012.8,981.3,986.2,120621750,1084.8,887.6,1102.5,649.1,1011.6,18,5,1011.5,880,12,1011.4,986,11,1011.3,772,9,1011.2,961,12,1011.7,172,2,1011.8,1985,3,1011.9,925,7,1012.0,2629,15,1012.1,1258,12
317,2025-11-26 15:14:35+05:30,1011.7,1,1002.96,8973840,359067.0,382201.0,986.2,1012.8,981.3,986.2,120621750,1084.8,887.6,1102.5,649.1,1011.6,18,5,1011.5,880,12,1011.4,986,11,1011.3,772,9,1011.2,961,12,1011.7,172,2,1011.8,1985,3,1011.9,925,7,1012.0,2629,15,1012.1,1258,12
317,2025-11-26 15:14:36+05:30,1011.7,1,1002.96,8973841,359430.0,382297.0,986.2,1012.8,981.3,986.2,120621750,1084.8,887.6,1102.5,649.1,1011.6,98,7,1011.5,1099,16,1011.4,1317,13,1011.3,588,7,1011.2,1436,13,1011.7,171,2,1011.8,1985,3,1011.9,481,4,1012.0,2579,14,1012.1,692,10
317,2025-11-26 15:14:36+05:30,1011.7,7,1002.96,8973841,359430.0,382297.0,986.2,1012.8,981.3,986.2,120621750,1084.8,887.6,1102.5,649.1,1011.6,98,7,1011.5,1099,16,1011.4,1317,13,1011.3,588,7,1011.2,1436,13,1011.7,171,2,1011.8,1985,3,1011.9,481,4,1012.0,2579,14,1012.1,692,10
317,2025-11-26 15:14:37+05:30,1011.7,1,1002.96,8973853,359714.0,382608.0,986.2,1012.8,981.3,986.2,120621750,1084.8,887.6,1102.5,649.1,1011.6,193,6,1011.5,677,13,1011.4,1142,12,1011.3,1063,9,1011.2,961,12,1011.7,481,5,1011.8,1985,3,1011.9,481,4,1012.0,2579,14,1012.1,1270,13
317,2025-11-26 15:14:37+05:30,1011.7,1,1002.96,8973853,359714.0,382608.0,986.2,1012.8,981.3,986.2,120621750,1084.8,887.6,1102.5,649.1,1011.6,193,6,1011.5,677,13,1011.4,1142,12,1011.3,1063,9,1011.2,961,12,1011.7,481,5,1011.8,1985,3,1011.9,481,4,1012.0,2579,14,1012.1,1270,13
317,2025-11-26 15:14:38+05:30,1011.6,2,1002.96,8973862,359498.0,382616.0,986.2,1012.8,981.3,986.2,120621750,1084.8,887.6,1102.5,649.1,1011.6,297,7,1011.5,622,11,1011.4,1142,12,1011.3,713,7,1011.2,1857,15,1011.7,477,5,1011.8,1985,3,1011.9,832,6,1012.0,2404,13,1012.1,1270,13
317,2025-11-26 15:14:38+05:30,1011.7,2,1002.96,8973862,359498.0,382616.0,986.2,1012.8,981.3,986.2,120621750,1084.8,887.6,1102.5,649.1,1011.6,297,7,1011.5,622,11,1011.4,1142,12,1011.3,713,7,1011.2,1857,15,1011.7,477,5,1011.8,1985,3,1011.9,832,6,1012.0,2404,13,1012.1,1270,13
317,2025-11-26 15:14:39+05:30,1011.7,2,1002.96,8973871,359403.0,382690.0,986.2,1012.8,981.3,986.2,120621750,1084.8,887.6,1102.5,649.1,1011.6,410,8,1011.5,575,11,1011.4,1177,13,1011.3,713,7,1011.2,1496,15,1011.7,477,6,1011.8,1985,3,1011.9,833,6,1012.0,2580,14,1012.1,1270,13
317,2025-11-26 15:14:39+05:30,1011.6,4,1002.96,8973871,359403.0,382690.0,986.2,1012.8,981.3,986.2,120621750,1084.8,887.6,1102.5,649.1,1011.6,410,8,1011.5,575,11,1011.4,1177,13,1011.3,713,7,1011.2,1496,15,1011.7,477,6,1011.8,1985,3,1011.9,833,6,1012.0,2580,14,1012.1,1270,13
317,2025-11-26 15:14:40+05:30,1011.7,2,1002.96,8973871,359403.0,382690.0,986.2,1012.8,981.3,986.2,120621750,1084.8,887.6,1102.5,649.1,1011.6,410,8,1011.5,575,11,1011.4,1177,13,1011.3,713,7,1011.2,1496,15,1011.7,477,6,1011.8,1985,3,1011.9,833,6,1012.0,2580,14,1012.1,1270,13
317,2025-11-26 15:14:41+05:30,1011.7,2,1002.96,8974186,359206.0,382874.0,986.2,1012.8,981.3,986.2,120621750,1084.8,887.6,1102.5,649.1,1011.6,279,7,1011.5,460,9,1011.4,1197,13,1011.3,713,7,1011.2,1473,14,1011.7,472,6,1011.8,1985,3,1011.9,1009,7,1012.0,2472,15,1012.1,1321,15
317,2025-11-26 15:14:41+05:30,1011.7,2,1002.96,8974186,359206.0,382874.0,986.2,1012.8,981.3,986.2,120621750,1084.8,887.6,1102.5,649.1,1011.6,279,7,1011.5,460,9,1011.4,1197,13,1011.3,713,7,1011.2,1473,14,1011.7,472,6,1011.8,1985,3,1011.9,1009,7,1012.0,2472,15,1012.1,1321,15
317,2025-11-26 15:14:42+05:30,1011.7,2,1002.96,8974212,359488.0,382847.0,986.2,1012.8,981.3,986.2,120621750,1084.8,887.6,1102.5,649.1,1011.6,441,8,1011.5,500,10,1011.4,1197,13,1011.3,713,7,1011.2,1473,14,1011.7,440,5,1011.8,1985,3,1011.9,833,6,1012.0,2649,16,1012.1,1321,15
317,2025-11-26 15:14:42+05:30,1011.6,3,1002.96,8974212,359488.0,382847.0,986.2,1012.8,981.3,986.2,120621750,1084.8,887.6,1102.5,649.1,1011.6,441,8,1011.5,500,10,1011.4,1197,13,1011.3,713,7,1011.2,1473,14,1011.7,440,5,1011.8,1985,3,1011.9,833,6,1012.0,2649,16,1012.1,1321,15
317,2025-11-26 15:14:43+05:30,1011.6,3,1002.96,8974224,359591.0,383160.0,986.2,1012.8,981.3,986.2,120621750,1084.8,887.6,1102.5,649.1,1011.6,463,10,1011.5,561,11,1011.4,1373,14,1011.3,713,7,1011.2,1505,14,1011.7,640,6,1011.8,1917,3,1011.9,1004,7,1012.0,2395,14,1012.1,1321,15
317,2025-11-26 15:14:43+05:30,1011.6,78,1002.96,8974224,359591.0,383160.0,986.2,1012.8,981.3,986.2,120621750,1084.8,887.6,1102.5,649.1,1011.6,463,10,1011.5,561,11,1011.4,1373,14,1011.3,713,7,1011.2,1505,14,1011.7,640,6,1011.8,1917,3,1011.9,1004,7,1012.0,2395,14,1012.1,1321,15
317,2025-11-26 15:14:44+05:30,1011.6,78,1002.96,8974345,359545.0,383297.0,986.2,1012.8,981.3,986.2,120621750,1084.8,887.6,1102.5,649.1,1011.6,382,8,1011.5,561,11,1011.4,1197,13,1011.3,713,7,1011.2,1530,15,1011.7,784,6,1011.8,2094,4,1011.9,827,6,1012.0,2395,14,1012.1,1321,15
317,2025-11-26 15:14:44+05:30,1011.7,4,1002.96,8974345,359545.0,383297.0,986.2,1012.8,981.3,986.2,120621750,1084.8,887.6,1102.5,649.1,1011.6,382,8,1011.5,561,11,1011.4,1197,13,1011.3,713,7,1011.2,1530,15,1011.7,784,6,1011.8,2094,4,1011.9,827,6,1012.0,2395,14,1012.1,1321,15
317,2025-11-26 15:14:45+05:30,1011.7,4,1002.96,8974361,359770.0,385780.0,986.2,1012.8,981.3,986.2,120621750,1084.8,887.6,1102.5,649.1,1011.6,378,7,1011.5,500,10,1011.4,1151,12,1011.3,713,7,1011.2,980,14,1011.7,1556,7,1011.8,2922,6,1011.9,1670,8,1012.0,2895,15,1012.1,821,14
317,2025-11-26 15:14:45+05:30,1011.7,1,1002.96,8974361,359770.0,385780.0,986.2,1012.8,981.3,986.2,120621750,1084.8,887.6,1102.5,649.1,1011.6,378,7,1011.5,500,10,1011.4,1151,12,1011.3,713,7,1011.2,980,14,1011.7,1556,7,1011.8,2922,6,1011.9,1670,8,1012.0,2895,15,1012.1,821,14
317,2025-11-26 15:14:46+05:30,1011.7,1,1002.96,8974426,359850.0,385490.0,986.2,1012.8,981.3,986.2,120621750,1084.8,887.6,1102.5,649.1,1011.6,533,9,1011.5,460,9,1011.4,1194,13,1011.3,713,7,1011.2,980,14,1011.7,1498,7,1011.8,2701,4,1011.9,1493,7,1012.0,2738,14,1012.1,1316,14
317,2025-11-26 15:14:46+05:30,1011.7,2,1002.96,8974426,359850.0,385490.0,986.2,1012.8,981.3,986.2,120621750,1084.8,887.6,1102.5,649.1,1011.6,533,9,1011.5,460,9,1011.4,1194,13,1011.3,713,7,1011.2,980,14,1011.7,1498,7,1011.8,2701,4,1011.9,1493,7,1012.0,2738,14,1012.1,1316,14
317,2025-11-26 15:14:47+05:30,1011.7,2,1002.96,8974428,359850.0,385506.0,986.2,1012.8,981.3,986.2,120621750,1084.8,887.6,1102.5,649.1,1011.6,533,9,1011.5,460,9,1011.4,1194,13,1011.3,713,7,1011.2,980,14,1011.7,1508,10,1011.8,2701,4,1011.9,1853,9,1012.0,2378,12,1012.1,1316,14
317,2025-11-26 15:14:47+05:30,1011.7,1,1002.96,8974428,359850.0,385506.0,986.2,1012.8,981.3,986.2,120621750,1084.8,887.6,1102.5,649.1,1011.6,533,9,1011.5,460,9,1011.4,1194,13,1011.3,713,7,1011.2,980,14,1011.7,1508,10,1011.8,2701,4,1011.9,1853,9,1012.0,2378,12,1012.1,1316,14
317,2025-11-26 15:14:48+05:30,1011.6,3,1002.96,8974457,359817.0,387583.0,986.2,1012.8,981.3,986.2,120621750,1084.8,887.6,1102.5,649.1,1011.6,532,9,1011.5,460,9,1011.4,1377,13,1011.3,713,7,1011.2,980,14,1011.7,1496,10,1011.8,2713,5,1011.9,3718,11,1012.0,3044,15,1012.1,816,13
317,2025-11-26 15:14:48+05:30,1011.7,10,1002.96,8974457,359817.0,387583.0,986.2,1012.8,981.3,986.2,120621750,1084.8,887.6,1102.5,649.1,1011.6,532,9,1011.5,460,9,1011.4,1377,13,1011.3,713,7,1011.2,980,14,1011.7,1496,10,1011.8,2713,5,1011.9,3718,11,1012.0,3044,15,1012.1,816,13
317,2025-11-26 15:14:49+05:30,1011.7,10,1002.96,8974469,359839.0,386936.0,986.2,1012.8,981.3,986.2,120621750,1084.8,887.6,1102.5,649.1,1011.6,559,10,1011.5,460,9,1011.4,1377,13,1011.3,713,7,1011.2,1166,15,1011.7,1584,13,1011.8,2713,5,1011.9,3666,10,1012.0,3044,15,1012.1,821,14
317,2025-11-26 15:14:49+05:30,1011.6,2,1002.96,8974469,359839.0,386936.0,986.2,1012.8,981.3,986.2,120621750,1084.8,887.6,1102.5,649.1,1011.6,559,10,1011.5,460,9,1011.4,1377,13,1011.3,713,7,1011.2,1166,15,1011.7,1584,13,1011.8,2713,5,1011.9,3666,10,1012.0,3044,15,1012.1,821,14
317,2025-11-26 15:14:50+05:30,1011.6,120,1002.96,8974649,359860.0,386402.0,986.2,1012.8,981.3,986.2,120621750,1084.8,887.6,1102.5,649.1,1011.6,440,10,1011.5,490,10,1011.4,1377,13,1011.3,713,7,1011.2,1166,15,1011.7,1535,14,1011.8,2713,5,1011.9,3679,11,1012.0,3044,15,1012.1,826,15
317,2025-11-26 15:14:50+05:30,1011.7,1,1002.96,8974649,359860.0,386402.0,986.2,1012.8,981.3,986.2,120621750,1084.8,887.6,1102.5,649.1,1011.6,440,10,1011.5,490,10,1011.4,1377,13,1011.3,713,7,1011.2,1166,15,1011.7,1535,14,1011.8,2713,5,1011.9,3679,11,1012.0,3044,15,1012.1,826,15
317,2025-11-26 15:14:51+05:30,1011.7,3,1002.96,8974743,359766.0,389429.0,986.2,1012.8,981.3,986.2,120621750,1084.8,887.6,1102.5,649.1,1011.6,447,11,1011.5,530,11,1011.4,1377,13,1011.3,1093,9,1011.2,1538,15,1011.7,1448,14,1011.8,2713,5,1011.9,3303,9,1012.0,3233,16,1012.1,1022,16
317,2025-11-26 15:14:51+05:30,1011.7,1,1002.96,8974743,359766.0,389429.0,986.2,1012.8,981.3,986.2,120621750,1084.8,887.6,1102.5,649.1,1011.6,447,11,1011.5,530,11,1011.4,1377,13,1011.3,1093,9,1011.2,1538,15,1011.7,1448,14,1011.8,2713,5,1011.9,3303,9,1012.0,3233,16,1012.1,1022,16
317,2025-11-26 15:14:52+05:30,1011.6,3,1002.96,8974976,360102.0,388728.0,986.2,1012.8,981.3,986.2,120621750,1084.8,887.6,1102.5,649.1,1011.6,527,11,1011.5,583,12,1011.4,1553,14,1011.3,903,8,1011.2,1172,15,1011.7,1243,13,1011.8,2713,5,1011.9,3303,9,1012.0,3233,16,1012.1,1011,15
317,2025-11-26 15:14:52+05:30,1011.6,39,1002.96,8974976,360102.0,388728.0,986.2,1012.8,981.3,986.2,120621750,1084.8,887.6,1102.5,649.1,1011.6,527,11,1011.5,583,12,1011.4,1553,14,1011.3,903,8,1011.2,1172,15,1011.7,1243,13,1011.8,2713,5,1011.9,3303,9,1012.0,3233,16,1012.1,1011,15
317,2025-11-26 15:14:53+05:30,1011.7,20,1002.96,8975217,360301.0,388406.0,986.2,1012.8,981.3,986.2,120621750,1084.8,887.6,1102.5,649.1,1011.6,660,12,1011.5,583,12,1011.4,1717,15,1011.3,930,9,1011.2,980,14,1011.7,1073,11,1011.8,2713,5,1011.9,3155,6,1012.0,2484,12,1012.1,768,10
317,2025-11-26 15:14:53+05:30,1011.6,5,1002.96,8975217,360301.0,388406.0,986.2,1012.8,981.3,986.2,120621750,1084.8,887.6,1102.5,649.1,1011.6,660,12,1011.5,583,12,1011.4,1717,15,1011.3,930,9,1011.2,980,14,1011.7,1073,11,1011.8,2713,5,1011.9,3155,6,1012.0,2484,12,1012.1,768,10
317,2025-11-26 15:14:54+05:30,1011.7,6,1002.96,8975236,359663.0,388042.0,986.2,1012.8,981.3,986.2,120621750,1084.8,887.6,1102.5,649.1,1011.6,608,11,1011.5,533,12,1011.4,1524,14,1011.3,933,9,1011.2,1175,15,1011.7,1059,11,1011.8,2713,5,1011.9,3155,6,1012.0,2738,14,1012.1,768,10
317,2025-11-26 15:14:54+05:30,1011.6,3,1002.96,8975236,359663.0,388042.0,986.2,1012.8,981.3,986.2,120621750,1084.8,887.6,1102.5,649.1,1011.6,608,11,1011.5,533,12,1011.4,1524,14,1011.3,933,9,1011.2,1175,15,1011.7,1059,11,1011.8,2713,5,1011.9,3155,6,1012.0,2738,14,1012.1,768,10
317,2025-11-26 15:14:55+05:30,1011.7,1,1002.96,8975236,359663.0,388042.0,986.2,1012.8,981.3,986.2,120621750,1084.8,887.6,1102.5,649.1,1011.6,608,11,1011.5,533,12,1011.4,1524,14,1011.3,933,9,1011.2,1175,15,1011.7,1059,11,1011.8,2713,5,1011.9,3155,6,1012.0,2738,14,1012.1,768,10
317,2025-11-26 15:14:56+05:30,1011.6,6,1002.96,8975254,360170.0,387762.0,986.2,1012.8,981.3,986.2,120621750,1084.8,887.6,1102.5,649.1,1011.6,913,13,1011.5,463,10,1011.4,1343,12,1011.3,772,9,1011.2,1142,14,1011.7,1055,12,1011.8,2713,5,1011.9,3355,8,1012.0,2559,14,1012.1,973,12
317,2025-11-26 15:14:56+05:30,1011.7,4,1002.96,8975254,360170.0,387762.0,986.2,1012.8,981.3,986.2,120621750,1084.8,887.6,1102.5,649.1,1011.6,913,13,1011.5,463,10,1011.4,1343,12,1011.3,772,9,1011.2,1142,14,1011.7,1055,12,1011.8,2713,5,1011.9,3355,8,1012.0,2559,14,1012.1,973,12
317,2025-11-26 15:14:57+05:30,1011.7,4,1002.96,8975268,360154.0,388838.0,986.2,1012.8,981.3,986.2,120621750,1084.8,887.6,1102.5,649.1,1011.6,903,13,1011.5,463,10,1011.4,1349,13,1011.3,772,9,1011.2,1142,14,1011.7,1282,12,1011.8,2713,5,1011.9,3448,9,1012.0,2912,16,1012.1,745,11
317,2025-11-26 15:14:58+05:30,1011.7,4,1002.96,8975268,359751.0,389150.0,986.2,1012.8,981.3,986.2,120621750,1084.8,887.6,1102.5,649.1,1011.6,919,14,1011.5,458,9,1011.4,1238,11,1011.3,510,6,1011.2,564,9,1011.7,1325,14,1011.8,2801,7,1011.9,3614,12,1012.0,3017,17,1012.1,745,11
317,2025-11-26 15:14:58+05:30,1011.7,3,1002.96,8975268,359751.0,389150.0,986.2,1012.8,981.3,986.2,120621750,1084.8,887.6,1102.5,649.1,1011.6,919,14,1011.5,458,9,1011.4,1238,11,1011.3,510,6,1011.2,564,9,1011.7,1325,14,1011.8,2801,7,1011.9,3614,12,1012.0,3017,17,1012.1,745,11
317,2025-11-26 15:14:59+05:30,1011.7,3,1002.96,8975307,359842.0,389142.0,986.2,1012.8,981.3,986.2,120621750,1084.8,887.6,1102.5,649.1,1011.6,900,13,1011.5,458,9,1011.4,1238,11,1011.3,523,7,1011.2,625,13,1011.7,1478,14,1011.8,2801,7,1011.9,3812,13,1012.0,2819,16,1012.1,745,11
317,2025-11-26 15:14:59+05:30,1011.6,3,1002.96,8975307,359842.0,389142.0,986.2,1012.8,981.3,986.2,120621750,1084.8,887.6,1102.5,649.1,1011.6,900,13,1011.5,458,9,1011.4,1238,11,1011.3,523,7,1011.2,625,13,1011.7,1478,14,1011.8,2801,7,1011.9,3812,13,1012.0,2819,16,1012.1,745,11
317,2025-11-26 15:15:00+05:30,1011.5,9,1002.97,8976939,352086.0,386629.0,986.2,1012.8,981.3,986.2,120621750,1084.8,887.6,1102.5,649.1,1011.5,509,6,1011.4,858,10,1011.3,188,3,1011.2,46,2,1011.1,1458,14,1011.6,987,5,1011.7,1302,13,1011.8,3540,12,1011.9,3141,11,1012.0,2332,16
317,2025-11-26 15:15:00+05:30,1011.5,8,1002.97,8976939,352086.0,386629.0,986.2,1012.8,981.3,986.2,120621750,1084.8,887.6,1102.5,649.1,1011.5,509,6,1011.4,858,10,1011.3,188,3,1011.2,46,2,1011.1,1458,14,1011.6,987,5,1011.7,1302,13,1011.8,3540,12,1011.9,3141,11,1012.0,2332,16
317,2025-11-26 15:15:01+05:30,1011.5,10,1002.97,8977024,352056.0,386202.0,986.2,1012.8,981.3,986.2,120621750,1084.8,887.6,1102.5,649.1,1011.5,269,8,1011.4,1264,12,1011.3,161,2,1011.2,107,6,1011.1,1471,15,1011.6,1095,10,1011.7,1473,12,1011.8,3358,11,1011.9,3154,12,1012.0,2322,15
317,2025-11-26 15:15:01+05:30,1011.5,23,1002.97,8977024,352056.0,386202.0,986.2,1012.8,981.3,986.2,120621750,1084.8,887.6,1102.5,649.1,1011.5,269,8,1011.4,1264,12,1011.3,161,2,1011.2,107,6,1011.1,1471,15,1011.6,1095,10,1011.7,1473,12,1011.8,3358,11,1011.9,3154,12,1012.0,2322,15
317,2025-11-26 15:15:02+05:30,1011.4,9,1002.97,8977517,353386.0,385836.0,986.2,1012.8,981.3,986.2,120621750,1084.8,887.6,1102.5,649.1,1011.4,1255,12,1011.3,161,2,1011.2,33,1,1011.1,1478,18,1011.0,2478,24,1011.6,1095,10,1011.7,1618,14,1011.8,3341,11,1011.9,3154,12,1012.0,2319,15
317,2025-11-26 15:15:02+05:30,1011.4,58,1002.97,8977517,353386.0,385836.0,986.2,1012.8,981.3,986.2,120621750,1084.8,887.6,1102.5,649.1,1011.4,1255,12,1011.3,161,2,1011.2,33,1,1011.1,1478,18,1011.0,2478,24,1011.6,1095,10,1011.7,1618,14,1011.8,3341,11,1011.9,3154,12,1012.0,2319,15
317,2025-11-26 15:15:03+05:30,1011.4,2,1002.97,8981804,343512.0,379635.0,986.2,1012.8,981.3,986.2,120621750,1084.8,887.6,1102.5,649.1,1011.4,4,1,1011.3,911,3,1011.2,47,2,1011.1,778,17,1011.0,2681,26,1011.6,1110,10,1011.7,1365,12,1011.8,3854,13,1011.9,2653,11,1012.0,3461,19
317,2025-11-26 15:15:03+05:30,1011.4,2,1002.97,8981804,343512.0,379635.0,986.2,1012.8,981.3,986.2,120621750,1084.8,887.6,1102.5,649.1,1011.4,4,1,1011.3,911,3,1011.2,47,2,1011.1,778,17,1011.0,2681,26,1011.6,1110,10,1011.7,1365,12,1011.8,3854,13,1011.9,2653,11,1012.0,3461,19
317,2025-11-26 15:15:04+05:30,1011.4,27,1002.97,8982064,345286.0,377625.0,986.2,1012.8,981.3,986.2,120621750,1084.8,887.6,1102.5,649.1,1011.3,911,3,1011.2,47,2,1011.1,750,17,1011.0,2313,21,1010.9,1584,9,1011.4,53,1,1011.6,1242,11,1011.7,1494,12,1011.8,3849,12,1011.9,2643,10
317,2025-11-26 15:15:04+05:30,1011.3,3,1002.97,8982064,345286.0,377625.0,986.2,1012.8,981.3,986.2,120621750,1084.8,887.6,1102.5,649.1,1011.3,911,3,1011.2,47,2,1011.1,750,17,1011.0,2313,21,1010.9,1584,9,1011.4,53,1,1011.6,1242,11,1011.7,1494,12,1011.8,3849,12,1011.9,2643,10
317,2025-11-26 15:15:05+05:30,1011.7,11,1002.97,8985637,325082.0,357453.0,986.2,1012.8,981.3,986.2,120621750,1084.8,887.6,1102.5,649.1,1011.3,764,2,1011.2,237,3,1011.1,1002,19,1011.0,2200,21,1010.9,2227,11,1011.7,286,4,1011.8,2507,9,1011.9,3263,12,1012.0,2590,21,1012.1,1386,9
317,2025-11-26 15:15:05+05:30,1011.7,11,1002.97,8985637,325082.0,357453.0,986.2,1012.8,981.3,986.2,120621750,1084.8,887.6,1102.5,649.1,1011.3,764,2,1011.2,237,3,1011.1,1002,19,1011.0,2200,21,1010.9,2227,11,1011.7,286,4,1011.8,2507,9,1011.9,3263,12,1012.0,2590,21,1012.1,1386,9
317,2025-11-26 15:15:06+05:30,1011.7,50,1002.98,8986330,324841.0,357262.0,986.2,1012.8,981.3,986.2,120621750,1084.8,887.6,1102.5,649.1,1011.3,472,4,1011.2,497,5,1011.1,1005,20,1011.0,2203,22,1010.9,2227,11,1011.7,329,5,1011.8,2571,10,1011.9,2750,10,1012.0,2772,22,1012.1,649,9
317,2025-11-26 15:15:06+05:30,1011.7,50,1002.98,8986330,324841.0,357262.0,986.2,1012.8,981.3,986.2,120621750,1084.8,887.6,1102.5,649.1,1011.3,472,4,1011.2,497,5,1011.1,1005,20,1011.0,2203,22,1010.9,2227,11,1011.7,329,5,1011.8,2571,10,1011.9,2750,10,1012.0,2772,22,1012.1,649,9
317,2025-11-26 15:15:07+05:30,1011.6,2,1002.98,8986457,325191.0,358058.0,986.2,1012.8,981.3,986.2,120621750,1084.8,887.6,1102.5,649.1,1011.4,12,1,1011.3,379,3,1011.2,47,2,1011.1,946,19,1011.0,2561,23,1011.6,114,1,1011.7,445,7,1011.8,2571,10,1011.9,2750,10,1012.0,3025,21
317,2025-11-26 15:15:07+05:30,1011.6,2,1002.98,8986457,325191.0,358058.0,986.2,1012.8,981.3,986.2,120621750,1084.8,887.6,1102.5,649.1,1011.4,12,1,1011.3,379,3,1011.2,47,2,1011.1,946,19,1011.0,2561,23,1011.6,114,1,1011.7,445,7,1011.8,2571,10,1011.9,2750,10,1012.0,3025,21
317,2025-11-26 15:15:08+05:30,1011.7,2,1002.98,8986457,325191.0,358058.0,986.2,1012.8,981.3,986.2,120621750,1084.8,887.6,1102.5,649.1,1011.4,12,1,1011.3,379,3,1011.2,47,2,1011.1,946,19,1011.0,2561,23,1011.6,114,1,1011.7,445,7,1011.8,2571,10,1011.9,2750,10,1012.0,3025,21
317,2025-11-26 15:15:09+05:30,1011.7,2,1002.98,8986704,325338.0,357595.0,986.2,1012.8,981.3,986.2,120621750,1084.8,887.6,1102.5,649.1,1011.4,41,2,1011.3,561,4,1011.2,47,2,1011.1,1013,21,1011.0,2560,23,1011.7,348,6,1011.8,2571,10,1011.9,2804,10,1012.0,3025,21,1012.1,841,11
317,2025-11-26 15:15:09+05:30,1011.4,6,1002.98,8986704,325338.0,357595.0,986.2,1012.8,981.3,986.2,120621750,1084.8,887.6,1102.5,649.1,1011.4,41,2,1011.3,561,4,1011.2,47,2,1011.1,1013,21,1011.0,2560,23,1011.7,348,6,1011.8,2571,10,1011.9,2804,10,1012.0,3025,21,1012.1,841,11
317,2025-11-26 15:15:10+05:30,1011.4,6,1002.98,8986738,324850.0,357035.0,986.2,1012.8,981.3,986.2,120621750,1084.8,887.6,1102.5,649.1,1011.4,35,2,1011.3,452,4,1011.2,47,2,1011.1,938,19,1011.0,2768,25,1011.7,1112,10,1011.8,2667,10,1011.9,3317,12,1012.0,2525,20,1012.1,1396,10
317,2025-11-26 15:15:11+05:30,1011.3,3,1002.98,8987284,326284.0,358033.0,986.2,1012.8,981.3,986.2,120621750,1084.8,887.6,1102.5,649.1,1011.3,847,5,1011.2,47,2,1011.1,1267,19,1011.0,2279,22,1010.9,1555,9,1011.5,222,1,1011.6,183,4,1011.7,1042,11,1011.8,2785,10,1011.9,3291,12
317,2025-11-26 15:15:11+05:30,1011.5,5,1002.98,8987284,326284.0,358033.0,986.2,1012.8,981.3,986.2,120621750,1084.8,887.6,1102.5,649.1,1011.3,847,5,1011.2,47,2,1011.1,1267,19,1011.0,2279,22,1010.9,1555,9,1011.5,222,1,1011.6,183,4,1011.7,1042,11,1011.8,2785,10,1011.9,3291,12
317,2025-11-26 15:15:12+05:30,1011.5,1,1002.98,8987305,325022.0,358286.0,986.2,1012.8,981.3,986.2,120621750,1084.8,887.6,1102.5,649.1,1011.3,845,5,1011.2,140,3,1011.1,874,18,1011.0,2761,26,1010.9,1555,9,1011.5,463,4,1011.6,601,6,1011.7,1370,10,1011.8,2582,9,1011.9,3089,11
317,2025-11-26 15:15:12+05:30,1011.5,10,1002.98,8987305,325022.0,358286.0,986.2,1012.8,981.3,986.2,120621750,1084.8,887.6,1102.5,649.1,1011.3,845,5,1011.2,140,3,1011.1,874,18,1011.0,2761,26,1010.9,1555,9,1011.5,463,4,1011.6,601,6,1011.7,1370,10,1011.8,2582,9,1011.9,3089,11
317,2025-11-26 15:15:13+05:30,1011.5,23,1002.98,8988164,324530.0,358236.0,986.2,1012.8,981.3,986.2,120621750,1084.8,887.6,1102.5,649.1,1011.3,94,4,1011.2,140,3,1011.1,874,18,1011.0,2556,24,1010.9,1790,11,1011.5,499,6,1011.6,803,7,1011.7,1370,10,1011.8,2582,9,1011.9,3089,11
317,2025-11-26 15:15:13+05:30,1011.4,79,1002.98,8988164,324530.0,358236.0,986.2,1012.8,981.3,986.2,120621750,1084.8,887.6,1102.5,649.1,1011.3,94,4,1011.2,140,3,1011.1,874,18,1011.0,2556,24,1010.9,1790,11,1011.5,499,6,1011.6,803,7,1011.7,1370,10,1011.8,2582,9,1011.9,3089,11
317,2025-11-26 15:15:14+05:30,1011.5,2,1002.98,8995438,319864.0,357866.0,986.2,1012.8,981.3,986.2,120621750,1084.8,887.6,1102.5,649.1,1011.4,501,1,1011.2,47,2,1011.1,380,14,1011.0,1961,18,1010.9,1400,6,1011.5,1342,12,1011.6,1181,10,1011.7,1158,9,1011.8,2965,12,1011.9,2654,11
317,2025-11-26 15:15:14+05:30,1011.4,140,1002.98,8995438,319864.0,357866.0,986.2,1012.8,981.3,986.2,120621750,1084.8,887.6,1102.5,649.1,1011.4,501,1,1011.2,47,2,1011.1,380,14,1011.0,1961,18,1010.9,1400,6,1011.5,1342,12,1011.6,1181,10,1011.7,1158,9,1011.8,2965,12,1011.9,2654,11
317,2025-11-26 15:15:15+05:30,1011.4,94,1002.99,9001757,319046.0,356174.0,986.2,1012.8,981.3,986.2,120621750,1084.8,887.6,1102.5,649.1,1011.4,656,1,1011.3,36,1,1011.2,47,2,1011.1,319,10,1011.0,1808,18,1011.5,950,10,1011.6,836,7,1011.7,1027,8,1011.8,2939,12,1011.9,2654,11
317,2025-11-26 15:15:15+05:30,1011.5,15,1002.99,9001757,319046.0,356174.0,986.2,1012.8,981.3,986.2,120621750,1084.8,887.6,1102.5,649.1,1011.4,656,1,1011.3,36,1,1011.2,47,2,1011.1,319,10,1011.0,1808,18,1011.5,950,10,1011.6,836,7,1011.7,1027,8,1011.8,2939,12,1011.9,2654,11
317,2025-11-26 15:15:16+05:30,1011.5,83,1002.99,9004939,311982.0,355172.0,986.2,1012.8,981.3,986.2,120621750,1084.8,887.6,1102.5,649.1,1011.4,750,1,1011.3,57,3,1011.2,47,2,1011.1,301,10,1011.0,1733,17,1011.5,432,4,1011.6,761,6,1011.7,1056,8,1011.8,2535,9,1011.9,3141,11
317,2025-11-26 15:15:16+05:30,1011.5,613,1002.99,9004939,311982.0,355172.0,986.2,1012.8,981.3,986.2,120621750,1084.8,887.6,1102.5,649.1,1011.4,750,1,1011.3,57,3,1011.2,47,2,1011.1,301,10,1011.0,1733,17,1011.5,432,4,1011.6,761,6,1011.7,1056,8,1011.8,2535,9,1011.9,3141,11
317,2025-11-26 15:15:17+05:30,1011.5,49,1003.0,9007590,313288.0,353951.0,986.2,1012.8,981.3,986.2,120621750,1084.8,887.6,1102.5,649.1,1011.4,776,2,1011.3,275,5,1011.2,359,7,1011.1,848,17,1011.0,2437,23,1011.5,67,3,1011.6,148,2,1011.7,1163,8,1011.8,2715,10,1011.9,2586,10
317,2025-11-26 15:15:17+05:30,1011.5,1,1003.0,9007590,313288.0,353951.0,986.2,1012.8,981.3,986.2,120621750,1084.8,887.6,1102.5,649.1,1011.4,776,2,1011.3,275,5,1011.2,359,7,1011.1,848,17,1011.0,2437,23,1011.5,67,3,1011.6,148,2,1011.7,1163,8,1011.8,2715,10,1011.9,2586,10
317,2025-11-26 15:15:18+05:30,1011.5,2,1003.0,9007690,310710.0,354681.0,986.2,1012.8,981.3,986.2,120621750,1084.8,887.6,1102.5,649.1,1011.4,785,6,1011.3,69,4,1011.2,351,5,1011.1,956,18,1011.0,2437,23,1011.5,6,2,1011.6,392,5,1011.7,3046,10,1011.8,2399,9,1011.9,1388,11
317,2025-11-26 15:15:18+05:30,1011.5,2,1003.0,9007690,310710.0,354681.0,986.2,1012.8,981.3,986.2,120621750,1084.8,887.6,1102.5,649.1,1011.4,785,6,1011.3,69,4,1011.2,351,5,1011.1,956,18,1011.0,2437,23,1011.5,6,2,1011.6,392,5,1011.7,3046,10,1011.8,2399,9,1011.9,1388,11
317,2025-11-26 15:15:19+05:30,1011.4,10,1003.0,9007690,310710.0,354681.0,986.2,1012.8,981.3,986.2,120621750,1084.8,887.6,1102.5,649.1,1011.4,785,6,1011.3,69,4,1011.2,351,5,1011.1,956,18,1011.0,2437,23,1011.5,6,2,1011.6,392,5,1011.7,3046,10,1011.8,2399,9,1011.9,1388,11
317,2025-11-26 15:15:19+05:30,1011.4,10,1003.0,9007704,308949.0,354941.0,986.2,1012.8,981.3,986.2,120621750,1084.8,887.6,1102.5,649.1,1011.4,826,8,1011.3,69,4,1011.2,219,5,1011.1,1236,20,1011.0,2509,23,1011.5,79,4,1011.6,391,4,1011.7,2947,9,1011.8,2519,10,1011.9,1388,11
317,2025-11-26 15:15:20+05:30,1011.5,3,1003.0,9007704,308949.0,354941.0,986.2,1012.8,981.3,986.2,120621750,1084.8,887.6,1102.5,649.1,1011.4,826,8,1011.3,69,4,1011.2,219,5,1011.1,1236,20,1011.0,2509,23,1011.5,79,4,1011.6,391,4,1011.7,2947,9,1011.8,2519,10,1011.9,1388,11
317,2025-11-26 15:15:21+05:30,1011.5,3,1003.0,9012015,306252.0,355371.0,986.2,1012.8,981.3,986.2,120621750,1084.8,887.6,1102.5,649.1,1011.4,679,1,1011.3,69,4,1011.2,564,5,1011.1,838,15,1011.0,2643,27,1011.5,779,5,1011.6,497,6,1011.7,3044,10,1011.8,2488,8,1011.9,888,10
317,2025-11-26 15:15:21+05:30,1011.5,44,1003.0,9012015,306252.0,355371.0,986.2,1012.8,981.3,986.2,120621750,1084.8,887.6,1102.5,649.1,1011.4,679,1,1011.3,69,4,1011.2,564,5,1011.1,838,15,1011.0,2643,27,1011.5,779,5,1011.6,497,6,1011.7,3044,10,1011.8,2488,8,1011.9,888,10
317,2025-11-26 15:15:22+05:30,1011.7,155,1003.0,9014248,303967.0,353355.0,986.2,1012.8,981.3,986.2,120621750,1084.8,887.6,1102.5,649.1,1011.4,1172,5,1011.3,340,6,1011.2,728,7,1011.1,1053,18,1011.0,2372,26,1011.6,20,1,1011.7,2276,6,1011.8,2472,9,1011.9,696,7,1012.0,3163,19
317,2025-11-26 15:15:22+05:30,1011.6,1,1003.0,9014248,303967.0,353355.0,986.2,1012.8,981.3,986.2,120621750,1084.8,887.6,1102.5,649.1,1011.4,1172,5,1011.3,340,6,1011.2,728,7,1011.1,1053,18,1011.0,2372,26,1011.6,20,1,1011.7,2276,6,1011.8,2472,9,1011.9,696,7,1012.0,3163,19
317,2025-11-26 15:15:23+05:30,1011.7,750,1003.0,9016828,303450.0,351642.0,986.2,1012.8,981.3,986.2,120621750,1084.8,887.6,1102.5,649.1,1011.6,2,1,1011.4,1326,7,1011.3,231,6,1011.2,597,7,1011.1,1069,19,1011.7,563,5,1011.8,1967,5,1011.9,728,5,1012.0,2861,16,1012.1,886,8
317,2025-11-26 15:15:23+05:30,1011.9,1,1003.0,9016828,303450.0,351642.0,986.2,1012.8,981.3,986.2,120621750,1084.8,887.6,1102.5,649.1,1011.6,2,1,1011.4,1326,7,1011.3,231,6,1011.2,597,7,1011.1,1069,19,1011.7,563,5,1011.8,1967,5,1011.9,728,5,1012.0,2861,16,1012.1,886,8
317,2025-11-26 15:15:24+05:30,1011.9,1,1003.01,9020252,305471.0,348458.0,986.2,1012.8,981.3,986.2,120621750,1084.8,887.6,1102.5,649.1,1011.8,544,2,1011.7,6,2,1011.6,992,5,1011.5,1012,9,1011.4,1084,12,1012.0,2117,15,1012.1,152,2,1012.2,1008,7,1012.3,734,7,1012.4,1456,16
317,2025-11-26 15:15:24+05:30,1011.8,3,1003.01,9020252,305471.0,348458.0,986.2,1012.8,981.3,986.2,120621750,1084.8,887.6,1102.5,649.1,1011.8,544,2,1011.7,6,2,1011.6,992,5,1011.5,1012,9,1011.4,1084,12,1012.0,2117,15,1012.1,152,2,1012.2,1008,7,1012.3,734,7,1012.4,1456,16
317,2025-11-26 15:15:25+05:30,1011.8,2,1003.01,9020561,300101.0,349373.0,986.2,1012.8,981.3,986.2,120621750,1084.8,887.6,1102.5,649.1,1011.8,349,3,1011.7,20,3,1011.6,1185,8,1011.5,590,7,1011.4,1219,10,1011.9,261,1,1012.0,1890,14,1012.1,452,4,1012.2,1117,9,1012.3,1478,11
317,2025-11-26 15:15:25+05:30,1011.9,19,1003.01,9020561,300101.0,349373.0,986.2,1012.8,981.3,986.2,120621750,1084.8,887.6,1102.5,649.1,1011.8,349,3,1011.7,20,3,1011.6,1185,8,1011.5,590,7,1011.4,1219,10,1011.9,261,1,1012.0,1890,14,1012.1,452,4,1012.2,1117,9,1012.3,1478,11
317,2025-11-26 15:15:26+05:30,1011.9,1,1003.01,9020633,300377.0,349156.0,986.2,1012.8,981.3,986.2,120621750,1084.8,887.6,1102.5,649.1,1011.8,545,6,1011.7,88,4,1011.6,1181,7,1011.5,791,8,1011.4,999,8,1011.9,194,2,1012.0,1839,12,1012.1,261,3,1012.2,1317,10,1012.3,1465,10
317,2025-11-26 15:15:26+05:30,1011.9,15,1003.01,9020633,300377.0,349156.0,986.2,1012.8,981.3,986.2,120621750,1084.8,887.6,1102.5,649.1,1011.8,545,6,1011.7,88,4,1011.6,1181,7,1011.5,791,8,1011.4,999,8,1011.9,194,2,1012.0,1839,12,1012.1,261,3,1012.2,1317,10,1012.3,1465,10
317,2025-11-26 15:15:27+05:30,1011.9,42,1003.01,9020822,300446.0,348780.0,986.2,1012.8,981.3,986.2,120621750,1084.8,887.6,1102.5,649.1,1011.8,749,9,1011.7,88,4,1011.6,1128,8,1011.5,614,6,1011.4,1228,10,1011.9,11,3,1012.0,1741,11,1012.1,147,2,1012.2,1110,6,1012.3,1189,12
317,2025-11-26 15:15:27+05:30,1011.9,1,1003.01,9020822,300446.0,348780.0,986.2,1012.8,981.3,986.2,120621750,1084.8,887.6,1102.5,649.1,1011.8,749,9,1011.7,88,4,1011.6,1128,8,1011.5,614,6,1011.4,1228,10,1011.9,11,3,1012.0,1741,11,1012.1,147,2,1012.2,1110,6,1012.3,1189,12
317,2025-11-26 15:15:28+05:30,1011.9,17,1003.01,9021252,300292.0,348472.0,986.2,1012.8,981.3,986.2,120621750,1084.8,887.6,1102.5,649.1,1011.8,245,7,1011.7,393,6,1011.6,1221,9,1011.5,849,8,1011.4,1027,9,1011.9,207,2,1012.0,1655,11,1012.2,739,3,1012.3,840,9,1012.4,969,13
317,2025-11-26 15:15:28+05:30,1011.9,2,1003.01,9021252,300292.0,348472.0,986.2,1012.8,981.3,986.2,120621750,1084.8,887.6,1102.5,649.1,1011.8,245,7,1011.7,393,6,1011.6,1221,9,1011.5,849,8,1011.4,1027,9,1011.9,207,2,1012.0,1655,11,1012.2,739,3,1012.3,840,9,1012.4,969,13
317,2025-11-26 15:15:29+05:30,1011.9,1,1003.01,9021252,300292.0,348472.0,986.2,1012.8,981.3,986.2,120621750,1084.8,887.6,1102.5,649.1,1011.8,245,7,1011.7,393,6,1011.6,1221,9,1011.5,849,8,1011.4,1027,9,1011.9,207,2,1012.0,1655,11,1012.2,739,3,1012.3,840,9,1012.4,969,13
317,2025-11-26 15:15:30+05:30,1011.9,1,1003.01,9021266,300641.0,348525.0,986.2,1012.8,981.3,986.2,120621750,1084.8,887.6,1102.5,649.1,1011.8,720,9,1011.7,812,5,1011.6,776,9,1011.5,681,8,1011.4,1012,9,1011.9,201,4,1012.0,1660,12,1012.2,837,4,1012.3,1340,10,1012.4,969,13
317,2025-11-26 15:15:30+05:30,1011.8,129,1003.01,9021266,300641.0,348525.0,986.2,1012.8,981.3,986.2,120621750,1084.8,887.6,1102.5,649.1,1011.8,720,9,1011.7,812,5,1011.6,776,9,1011.5,681,8,1011.4,1012,9,1011.9,201,4,1012.0,1660,12,1012.2,837,4,1012.3,1340,10,1012.4,969,13
317,2025-11-26 15:15:31+05:30,1011.8,129,1003.01,9023904,300251.0,349174.0,986.2,1012.8,981.3,986.2,120621750,1084.8,887.6,1102.5,649.1,1011.7,951,7,1011.6,565,8,1011.5,874,9,1011.4,1013,9,1011.3,804,12,1011.8,14,1,1011.9,53,1,1012.0,1660,12,1012.2,1238,6,1012.3,1353,11
317,2025-11-26 15:15:31+05:30,1012.0,62,1003.01,9023904,300251.0,349174.0,986.2,1012.8,981.3,986.2,120621750,1084.8,887.6,1102.5,649.1,1011.7,951,7,1011.6,565,8,1011.5,874,9,1011.4,1013,9,1011.3,804,12,1011.8,14,1,1011.9,53,1,1012.0,1660,12,1012.2,1238,6,1012.3,1353,11
317,2025-11-26 15:15:32+05:30,1011.8,51,1003.01,9025124,299586.0,346507.0,986.2,1012.8,981.3,986.2,120621750,1084.8,887.6,1102.5,649.1,1011.8,13,1,1011.7,1662,11,1011.6,565,8,1011.5,681,8,1011.4,1013,9,1012.0,1166,11,1012.2,519,2,1012.3,926,6,1012.4,974,14,1012.5,6842,12
317,2025-11-26 15:15:32+05:30,1012.0,115,1003.01,9025124,299586.0,346507.0,986.2,1012.8,981.3,986.2,120621750,1084.8,887.6,1102.5,649.1,1011.8,13,1,1011.7,1662,11,1011.6,565,8,1011.5,681,8,1011.4,1013,9,1012.0,1166,11,1012.2,519,2,1012.3,926,6,1012.4,974,14,1012.5,6842,12
317,2025-11-26 15:15:33+05:30,1012.0,23,1003.01,9025264,300067.0,346638.0,986.2,1012.8,981.3,986.2,120621750,1084.8,887.6,1102.5,649.1,1011.8,192,3,1011.7,1833,12,1011.6,757,9,1011.5,663,8,1011.4,1013,9,1012.0,1042,13,1012.2,752,4,1012.3,1026,7,1012.4,1035,18,1012.5,6886,13
317,2025-11-26 15:15:33+05:30,1012.0,11,1003.01,9025264,300067.0,346638.0,986.2,1012.8,981.3,986.2,120621750,1084.8,887.6,1102.5,649.1,1011.8,192,3,1011.7,1833,12,1011.6,757,9,1011.5,663,8,1011.4,1013,9,1012.0,1042,13,1012.2,752,4,1012.3,1026,7,1012.4,1035,18,1012.5,6886,13
317,2025-11-26 15:15:34+05:30,1011.7,28,1003.01,9025333,299859.0,348652.0,986.2,1012.8,981.3,986.2,120621750,1084.8,887.6,1102.5,649.1,1011.7,1401,8,1011.6,593,7,1011.5,1663,9,1011.4,1013,9,1011.3,1278,12,1011.9,235,1,1012.0,1076,16,1012.1,181,2,1012.2,1091,6,1012.3,1137,9
317,2025-11-26 15:15:34+05:30,1011.9,49,1003.01,9025333,299859.0,348652.0,986.2,1012.8,981.3,986.2,120621750,1084.8,887.6,1102.5,649.1,1011.7,1401,8,1011.6,593,7,1011.5,1663,9,1011.4,1013,9,1011.3,1278,12,1011.9,235,1,1012.0,1076,16,1012.1,181,2,1012.2,1091,6,1012.3,1137,9
317,2025-11-26 15:15:35+05:30,1011.7,2,1003.01,9025461,300971.0,348200.0,986.2,1012.8,981.3,986.2,120621750,1084.8,887.6,1102.5,649.1,1011.7,1351,8,1011.6,781,9,1011.5,1921,12,1011.4,1013,9,1011.3,1304,13,1011.9,146,6,1012.0,1087,14,1012.1,55,1,1012.2,940,6,1012.3,649,9
317,2025-11-26 15:15:35+05:30,1011.9,20,1003.01,9025461,300971.0,348200.0,986.2,1012.8,981.3,986.2,120621750,1084.8,887.6,1102.5,649.1,1011.7,1351,8,1011.6,781,9,1011.5,1921,12,1011.4,1013,9,1011.3,1304,13,1011.9,146,6,1012.0,1087,14,1012.1,55,1,1012.2,940,6,1012.3,649,9
317,2025-11-26 15:15:36+05:30,1011.9,11,1003.01,9025591,300933.0,348333.0,986.2,1012.8,981.3,986.2,120621750,1084.8,887.6,1102.5,649.1,1011.7,1168,7,1011.6,699,8,1011.5,2091,12,1011.4,1013,9,1011.3,822,13,1011.9,261,6,1012.0,1087,14,1012.1,55,1,1012.2,958,7,1012.3,1149,10
317,2025-11-26 15:15:36+05:30,1011.7,112,1003.01,9025591,300933.0,348333.0,986.2,1012.8,981.3,986.2,120621750,1084.8,887.6,1102.5,649.1,1011.7,1168,7,1011.6,699,8,1011.5,2091,12,1011.4,1013,9,1011.3,822,13,1011.9,261,6,1012.0,1087,14,1012.1,55,1,1012.2,958,7,1012.3,1149,10
317,2025-11-26 15:15:37+05:30,1011.7,112,1003.01,9025703,300641.0,348447.0,986.2,1012.8,981.3,986.2,120621750,1084.8,887.6,1102.5,649.1,1011.7,1052,6,1011.6,398,6,1011.5,2020,12,1011.4,1013,9,1011.3,822,13,1011.9,255,6,1012.0,1203,15,1012.1,370,3,1012.2,958,7,1012.3,1149,10
317,2025-11-26 15:15:37+05:30,1011.7,104,1003.01,9025703,300641.0,348447.0,986.2,1012.8,981.3,986.2,120621750,1084.8,887.6,1102.5,649.1,1011.7,1052,6,1011.6,398,6,1011.5,2020,12,1011.4,1013,9,1011.3,822,13,1011.9,255,6,1012.0,1203,15,1012.1,370,3,1012.2,958,7,1012.3,1149,10
317,2025-11-26 15:15:38+05:30,1011.9,4,1003.01,9025885,300380.0,349001.0,986.2,1012.8,981.3,986.2,120621750,1084.8,887.6,1102.5,649.1,1011.8,12,1,1011.7,869,5,1011.6,46,3,1011.5,1858,11,1011.4,1031,10,1011.9,416,8,1012.0,1428,16,1012.1,762,6,1012.2,1091,8,1012.3,1149,10
317,2025-11-26 15:15:38+05:30,1011.7,186,1003.01,9025885,300380.0,349001.0,986.2,1012.8,981.3,986.2,120621750,1084.8,887.6,1102.5,649.1,1011.8,12,1,1011.7,869,5,1011.6,46,3,1011.5,1858,11,1011.4,1031,10,1011.9,416,8,1012.0,1428,16,1012.1,762,6,1012.2,1091,8,1012.3,1149,10
317,2025-11-26 15:15:39+05:30,1011.9,1,1003.01,9026418,299308.0,349651.0,986.2,1012.8,981.3,986.2,120621750,1084.8,887.6,1102.5,649.1,1011.8,11,1,1011.7,1120,6,1011.6,81,4,1011.5,1589,9,1011.4,950,9,1011.9,1254,12,1012.0,2244,19,1012.1,1542,8,1012.2,1586,9,1012.3,649,9
317,2025-11-26 15:15:39+05:30,1011.9,1,1003.01,9026418,299308.0,349651.0,986.2,1012.8,981.3,986.2,120621750,1084.8,887.6,1102.5,649.1,1011.8,11,1,1011.7,1120,6,1011.6,81,4,1011.5,1589,9,1011.4,950,9,1011.9,1254,12,1012.0,2244,19,1012.1,1542,8,1012.2,1586,9,1012.3,649,9
317,2025-11-26 15:15:40+05:30,1011.8,17,1003.01,9028046,297954.0,350449.0,986.2,1012.8,981.3,986.2,120621750,1084.8,887.6,1102.5,649.1,1011.6,267,5,1011.5,1303,7,1011.4,577,5,1011.3,577,6,1011.2,711,12,1011.8,849,4,1011.9,1125,10,1012.0,2420,20,1012.1,1180,8,1012.2,1751,12
317,2025-11-26 15:15:40+05:30,1011.8,17,1003.01,9028046,297954.0,350449.0,986.2,1012.8,981.3,986.2,120621750,1084.8,887.6,1102.5,649.1,1011.6,267,5,1011.5,1303,7,1011.4,577,5,1011.3,577,6,1011.2,711,12,1011.8,849,4,1011.9,1125,10,1012.0,2420,20,1012.1,1180,8,1012.2,1751,12
317,2025-11-26 15:15:41+05:30,1011.8,63,1003.01,9028046,297954.0,350449.0,986.2,1012.8,981.3,986.2,120621750,1084.8,887.6,1102.5,649.1,1011.6,267,5,1011.5,1303,7,1011.4,577,5,1011.3,577,6,1011.2,711,12,1011.8,849,4,1011.9,1125,10,1012.0,2420,20,1012.1,1180,8,1012.2,1751,12
317,2025-11-26 15:15:42+05:30,1011.7,3,1003.02,9028799,299616.0,349070.0,986.2,1012.8,981.3,986.2,120621750,1084.8,887.6,1102.5,649.1,1011.7,97,1,1011.6,267,5,1011.5,1526,9,1011.4,1136,9,1011.3,842,8,1011.8,736,4,1011.9,708,6,1012.0,1641,18,1012.1,681,7,1012.2,2251,13
317,2025-11-26 15:15:42+05:30,1011.7,3,1003.02,9028799,299616.0,349070.0,986.2,1012.8,981.3,986.2,120621750,1084.8,887.6,1102.5,649.1,1011.7,97,1,1011.6,267,5,1011.5,1526,9,1011.4,1136,9,1011.3,842,8,1011.8,736,4,1011.9,708,6,1012.0,1641,18,1012.1,681,7,1012.2,2251,13
317,2025-11-26 15:15:43+05:30,1011.8,23,1003.02,9028822,299640.0,349021.0,986.2,1012.8,981.3,986.2,120621750,1084.8,887.6,1102.5,649.1,1011.7,113,2,1011.6,267,5,1011.5,1746,10,1011.4,1172,10,1011.3,816,7,1011.8,713,4,1011.9,723,7,1012.0,1356,16,1012.1,868,8,1012.2,2251,13
317,2025-11-26 15:15:43+05:30,1011.6,42,1003.02,9028822,299640.0,349021.0,986.2,1012.8,981.3,986.2,120621750,1084.8,887.6,1102.5,649.1,1011.7,113,2,1011.6,267,5,1011.5,1746,10,1011.4,1172,10,1011.3,816,7,1011.8,713,4,1011.9,723,7,1012.0,1356,16,1012.1,868,8,1012.2,2251,13
317,2025-11-26 15:15:44+05:30,1011.7,2,1003.02,9028986,299715.0,345700.0,986.2,1012.8,981.3,986.2,120621750,1084.8,887.6,1102.5,649.1,1011.6,225,5,1011.5,1700,11,1011.4,1358,11,1011.3,629,6,1011.2,2006,15,1011.7,603,2,1011.8,712,4,1011.9,128,6,1012.0,1369,17,1012.1,868,8
317,2025-11-26 15:15:44+05:30,1011.6,1,1003.02,9028986,299715.0,345700.0,986.2,1012.8,981.3,986.2,120621750,1084.8,887.6,1102.5,649.1,1011.6,225,5,1011.5,1700,11,1011.4,1358,11,1011.3,629,6,1011.2,2006,15,1011.7,603,2,1011.8,712,4,1011.9,128,6,1012.0,1369,17,1012.1,868,8
317,2025-11-26 15:15:45+05:30,1011.6,9,1003.02,9029018,299522.0,345842.0,986.2,1012.8,981.3,986.2,120621750,1084.8,887.6,1102.5,649.1,1011.6,216,6,1011.5,1303,7,1011.4,1076,8,1011.3,813,7,1011.2,1574,16,1011.7,696,4,1011.8,709,4,1011.9,219,6,1012.0,1668,17,1012.1,1126,7
317,2025-11-26 15:15:46+05:30,1011.7,69,1003.02,9030873,300166.0,346766.0,986.2,1012.8,981.3,986.2,120621750,1084.8,887.6,1102.5,649.1,1011.6,623,5,1011.5,1527,9,1011.4,1066,8,1011.3,868,10,1011.2,765,12,1011.7,636,4,1011.8,99,3,1011.9,1834,7,1012.0,2612,21,1012.1,1126,7
317,2025-11-26 15:15:46+05:30,1011.7,3,1003.02,9030873,300166.0,346766.0,986.2,1012.8,981.3,986.2,120621750,1084.8,887.6,1102.5,649.1,1011.6,623,5,1011.5,1527,9,1011.4,1066,8,1011.3,868,10,1011.2,765,12,1011.7,636,4,1011.8,99,3,1011.9,1834,7,1012.0,2612,21,1012.1,1126,7
317,2025-11-26 15:15:47+05:30,1011.7,1,1003.02,9031658,299533.0,346841.0,986.2,1012.8,981.3,986.2,120621750,1084.8,887.6,1102.5,649.1,1011.6,31,2,1011.5,2092,9,1011.4,977,7,1011.3,906,6,1011.2,731,11,1011.7,523,8,1011.8,184,2,1011.9,2324,11,1012.0,2863,22,1012.1,1126,7
317,2025-11-26 15:15:47+05:30,1011.6,3,1003.02,9031658,299533.0,346841.0,986.2,1012.8,981.3,986.2,120621750,1084.8,887.6,1102.5,649.1,1011.6,31,2,1011.5,2092,9,1011.4,977,7,1011.3,906,6,1011.2,731,11,1011.7,523,8,1011.8,184,2,1011.9,2324,11,1012.0,2863,22,1012.1,1126,7
317,2025-11-26 15:15:48+05:30,1011.6,8,1003.02,9031669,299541.0,346933.0,986.2,1012.8,981.3,986.2,120621750,1084.8,887.6,1102.5,649.1,1011.6,44,4,1011.5,2092,9,1011.4,977,7,1011.3,720,5,1011.2,916,12,1011.7,528,9,1011.8,184,2,1011.9,2225,10,1012.0,3062,24,1012.1,1126,7
317,2025-11-26 15:15:48+05:30,1011.7,9,1003.02,9031669,299541.0,346933.0,986.2,1012.8,981.3,986.2,120621750,1084.8,887.6,1102.5,649.1,1011.6,44,4,1011.5,2092,9,1011.4,977,7,1011.3,720,5,1011.2,916,12,1011.7,528,9,1011.8,184,2,1011.9,2225,10,1012.0,3062,24,1012.1,1126,7
317,2025-11-26 15:15:49+05:30,1011.6,3,1003.02,9031834,298749.0,346362.0,986.2,1012.8,981.3,986.2,120621750,1084.8,887.6,1102.5,649.1,1011.6,7,1,1011.5,2119,10,1011.4,1149,9,1011.3,787,6,1011.2,941,13,1011.7,465,9,1011.8,95,2,1011.9,2127,9,1012.0,2690,22,1012.1,1314,8
317,2025-11-26 15:15:49+05:30,1011.6,3,1003.02,9031834,298749.0,346362.0,986.2,1012.8,981.3,986.2,120621750,1084.8,887.6,1102.5,649.1,1011.6,7,1,1011.5,2119,10,1011.4,1149,9,1011.3,787,6,1011.2,941,13,1011.7,465,9,1011.8,95,2,1011.9,2127,9,1012.0,2690,22,1012.1,1314,8
317,2025-11-26 15:15:50+05:30,1011.6,5,1003.02,9032054,299952.0,346296.0,986.2,1012.8,981.3,986.2,120621750,1084.8,887.6,1102.5,649.1,1011.5,2209,11,1011.4,1443,11,1011.3,1010,8,1011.2,730,11,1011.1,1600,21,1011.6,842,3,1011.7,100,8,1011.8,95,2,1011.9,1861,6,1012.0,2415,19
317,2025-11-26 15:15:50+05:30,1011.6,5,1003.02,9032054,299952.0,346296.0,986.2,1012.8,981.3,986.2,120621750,1084.8,887.6,1102.5,649.1,1011.5,2209,11,1011.4,1443,11,1011.3,1010,8,1011.2,730,11,1011.1,1600,21,1011.6,842,3,1011.7,100,8,1011.8,95,2,1011.9,1861,6,1012.0,2415,19
317,2025-11-26 15:15:51+05:30,1011.6,30,1003.02,9032198,300015.0,347207.0,986.2,1012.8,981.3,986.2,120621750,1084.8,887.6,1102.5,649.1,1011.5,2449,11,1011.4,571,6,1011.3,485,5,1011.2,1152,12,1011.1,1117,21,1011.6,824,4,1011.7,88,6,1011.8,263,4,1011.9,2355,11,1012.0,2928,21
317,2025-11-26 15:15:51+05:30,1011.5,11,1003.02,9032198,300015.0,347207.0,986.2,1012.8,981.3,986.2,120621750,1084.8,887.6,1102.5,649.1,1011.5,2449,11,1011.4,571,6,1011.3,485,5,1011.2,1152,12,1011.1,1117,21,1011.6,824,4,1011.7,88,6,1011.8,263,4,1011.9,2355,11,1012.0,2928,21
317,2025-11-26 15:15:52+05:30,1011.5,71,1003.02,9032198,300015.0,347207.0,986.2,1012.8,981.3,986.2,120621750,1084.8,887.6,1102.5,649.1,1011.5,2449,11,1011.4,571,6,1011.3,485,5,1011.2,1152,12,1011.1,1117,21,1011.6,824,4,1011.7,88,6,1011.8,263,4,1011.9,2355,11,1012.0,2928,21
317,2025-11-26 15:15:53+05:30,1011.5,71,1003.02,9032355,300687.0,347331.0,986.2,1012.8,981.3,986.2,120621750,1084.8,887.6,1102.5,649.1,1011.5,2979,12,1011.4,658,7,1011.3,485,5,1011.2,1150,12,1011.1,1117,21,1011.6,804,8,1011.7,86,4,1011.8,95,2,1011.9,2541,12,1012.0,2555,20
317,2025-11-26 15:15:53+05:30,1011.5,100,1003.02,9032355,300687.0,347331.0,986.2,1012.8,981.3,986.2,120621750,1084.8,887.6,1102.5,649.1,1011.5,2979,12,1011.4,658,7,1011.3,485,5,1011.2,1150,12,1011.1,1117,21,1011.6,804,8,1011.7,86,4,1011.8,95,2,1011.9,2541,12,1012.0,2555,20
317,2025-11-26 15:15:54+05:30,1011.6,4,1003.02,9032505,300440.0,347937.0,986.2,1012.8,981.3,986.2,120621750,1084.8,887.6,1102.5,649.1,1011.5,2847,13,1011.4,571,6,1011.3,485,5,1011.2,776,10,1011.1,1491,23,1011.6,1094,10,1011.7,165,4,1011.8,650,6,1011.9,2323,11,1012.0,3055,21
317,2025-11-26 15:15:54+05:30,1011.6,4,1003.02,9032505,300440.0,347937.0,986.2,1012.8,981.3,986.2,120621750,1084.8,887.6,1102.5,649.1,1011.5,2847,13,1011.4,571,6,1011.3,485,5,1011.2,776,10,1011.1,1491,23,1011.6,1094,10,1011.7,165,4,1011.8,650,6,1011.9,2323,11,1012.0,3055,21
317,2025-11-26 15:15:55+05:30,1011.6,23,1003.02,9032844,300488.0,347891.0,986.2,1012.8,981.3,986.2,120621750,1084.8,887.6,1102.5,649.1,1011.5,2861,15,1011.4,664,7,1011.3,785,6,1011.2,776,10,1011.1,1117,21,1011.6,785,9,1011.7,78,3,1011.8,95,2,1011.9,2371,14,1012.0,3085,23
317,2025-11-26 15:15:55+05:30,1011.5,29,1003.02,9032844,300488.0,347891.0,986.2,1012.8,981.3,986.2,120621750,1084.8,887.6,1102.5,649.1,1011.5,2861,15,1011.4,664,7,1011.3,785,6,1011.2,776,10,1011.1,1117,21,1011.6,785,9,1011.7,78,3,1011.8,95,2,1011.9,2371,14,1012.0,3085,23
317,2025-11-26 15:15:56+05:30,1011.5,10,1003.02,9033612,298575.0,347639.0,986.2,1012.8,981.3,986.2,120621750,1084.8,887.6,1102.5,649.1,1011.5,1367,12,1011.4,1321,7,1011.3,267,4,1011.2,962,11,1011.1,1286,21,1011.6,685,9,1011.7,163,3,1011.8,367,4,1011.9,2508,12,1012.0,3211,22
317,2025-11-26 15:15:56+05:30,1011.6,5,1003.02,9033612,298575.0,347639.0,986.2,1012.8,981.3,986.2,120621750,1084.8,887.6,1102.5,649.1,1011.5,1367,12,1011.4,1321,7,1011.3,267,4,1011.2,962,11,1011.1,1286,21,1011.6,685,9,1011.7,163,3,1011.8,367,4,1011.9,2508,12,1012.0,3211,22
317,2025-11-26 15:15:57+05:30,1011.5,100,1003.02,9033717,298415.0,347717.0,986.2,1012.8,981.3,986.2,120621750,1084.8,887.6,1102.5,649.1,1011.5,1281,14,1011.4,1321,7,1011.3,124,2,1011.2,776,10,1011.1,1301,22,1011.6,752,10,1011.7,164,3,1011.8,648,6,1011.9,2323,11,1012.0,3211,22
317,2025-11-26 15:15:57+05:30,1011.5,3,1003.02,9033717,298415.0,347717.0,986.2,1012.8,981.3,986.2,120621750,1084.8,887.6,1102.5,649.1,1011.5,1281,14,1011.4,1321,7,1011.3,124,2,1011.2,776,10,1011.1,1301,22,1011.6,752,10,1011.7,164,3,1011.8,648,6,1011.9,2323,11,1012.0,3211,22
317,2025-11-26 15:15:58+05:30,1011.6,16,1003.02,9033737,298154.0,347384.0,986.2,1012.8,981.3,986.2,120621750,1084.8,887.6,1102.5,649.1,1011.5,1276,13,1011.4,1348,8,1011.2,620,9,1011.1,1284,21,1011.0,1407,21,1011.6,733,9,1011.7,164,3,1011.8,868,7,1011.9,2323,11,1012.0,3211,22
317,2025-11-26 15:15:58+05:30,1011.6,1,1003.02,9033737,298154.0,347384.0,986.2,1012.8,981.3,986.2,120621750,1084.8,887.6,1102.5,649.1,1011.5,1276,13,1011.4,1348,8,1011.2,620,9,1011.1,1284,21,1011.0,1407,21,1011.6,733,9,1011.7,164,3,1011.8,868,7,1011.9,2323,11,1012.0,3211,22
317,2025-11-26 15:15:59+05:30,1011.6,100,1003.02,9033852,298338.0,347251.0,986.2,1012.8,981.3,986.2,120621750,1084.8,887.6,1102.5,649.1,1011.5,1268,12,1011.4,1348,8,1011.2,620,9,1011.1,1284,21,1011.0,1407,21,1011.6,558,9,1011.7,164,3,1011.8,868,7,1011.9,2323,11,1012.0,3215,23
317,2025-11-26 15:15:59+05:30,1011.5,15,1003.02,9033852,298338.0,347251.0,986.2,1012.8,981.3,986.2,120621750,1084.8,887.6,1102.5,649.1,1011.5,1268,12,1011.4,1348,8,1011.2,620,9,1011.1,1284,21,1011.0,1407,21,1011.6,558,9,1011.7,164,3,1011.8,868,7,1011.9,2323,11,1012.0,3215,23
317,2025-11-26 15:16:00+05:30,1011.5,5,1003.02,9034425,298161.0,347386.0,986.2,1012.8,981.3,986.2,120621750,1084.8,887.6,1102.5,649.1,1011.5,1023,12,1011.4,1373,8,1011.2,1267,11,1011.1,1103,20,1011.0,1723,21,1011.6,598,9,1011.7,89,2,1011.8,580,5,1011.9,2498,12,1012.0,3215,23
317,2025-11-26 15:16:00+05:30,1011.5,6,1003.02,9034425,298161.0,347386.0,986.2,1012.8,981.3,986.2,120621750,1084.8,887.6,1102.5,649.1,1011.5,1023,12,1011.4,1373,8,1011.2,1267,11,1011.1,1103,20,1011.0,1723,21,1011.6,598,9,1011.7,89,2,1011.8,580,5,1011.9,2498,12,1012.0,3215,23
317,2025-11-26 15:16:01+05:30,1011.5,23,1003.02,9034530,297879.0,347301.0,986.2,1012.8,981.3,986.2,120621750,1084.8,887.6,1102.5,649.1,1011.5,1025,14,1011.4,1373,8,1011.2,762,10,1011.1,1631,21,1011.0,1723,21,1011.6,577,9,1011.7,89,2,1011.8,580,5,1011.9,2498,12,1012.0,3215,23
317,2025-11-26 15:16:01+05:30,1011.6,5,1003.02,9034530,297879.0,347301.0,986.2,1012.8,981.3,986.2,120621750,1084.8,887.6,1102.5,649.1,1011.5,1025,14,1011.4,1373,8,1011.2,762,10,1011.1,1631,21,1011.0,1723,21,1011.6,577,9,1011.7,89,2,1011.8,580,5,1011.9,2498,12,1012.0,3215,23
317,2025-11-26 15:16:02+05:30,1011.6,5,1003.02,9034535,297838.0,347420.0,986.2,1012.8,981.3,986.2,120621750,1084.8,887.6,1102.5,649.1,1011.5,1025,14,1011.4,1373,8,1011.2,762,10,1011.1,1103,20,1011.0,1223,20,1011.6,572,9,1011.7,130,3,1011.8,678,6,1011.9,2498,12,1012.0,3215,23
317,2025-11-26 15:16:02+05:30,1011.5,7,1003.02,9034535,297838.0,347420.0,986.2,1012.8,981.3,986.2,120621750,1084.8,887.6,1102.5,649.1,1011.5,1025,14,1011.4,1373,8,1011.2,762,10,1011.1,1103,20,1011.0,1223,20,1011.6,572,9,1011.7,130,3,1011.8,678,6,1011.9,2498,12,1012.0,3215,23
317,2025-11-26 15:16:03+05:30,1011.5,20,1003.02,9034772,298281.0,346417.0,986.2,1012.8,981.3,986.2,120621750,1084.8,887.6,1102.5,649.1,1011.5,1798,16,1011.4,623,7,1011.3,515,4,1011.2,738,10,1011.1,1072,18,1011.6,362,8,1011.7,130,3,1011.8,277,4,1011.9,2305,10,1012.0,3052,23
317,2025-11-26 15:16:03+05:30,1011.6,11,1003.02,9034772,298281.0,346417.0,986.2,1012.8,981.3,986.2,120621750,1084.8,887.6,1102.5,649.1,1011.5,1798,16,1011.4,623,7,1011.3,515,4,1011.2,738,10,1011.1,1072,18,1011.6,362,8,1011.7,130,3,1011.8,277,4,1011.9,2305,10,1012.0,3052,23
317,2025-11-26 15:16:04+05:30,1011.5,99,1003.02,9035030,298667.0,345449.0,986.2,1012.8,981.3,986.2,120621750,1084.8,887.6,1102.5,649.1,1011.5,1920,17,1011.4,1210,12,1011.3,589,6,1011.2,769,12,1011.1,1559,18,1011.6,212,2,1011.7,46,2,1011.8,90,1,1011.9,2091,8,1012.0,2414,19
317,2025-11-26 15:16:04+05:30,1011.5,99,1003.02,9035030,298667.0,345449.0,986.2,1012.8,981.3,986.2,120621750,1084.8,887.6,1102.5,649.1,1011.5,1920,17,1011.4,1210,12,1011.3,589,6,1011.2,769,12,1011.1,1559,18,1011.6,212,2,1011.7,46,2,1011.8,90,1,1011.9,2091,8,1012.0,2414,19
317,2025-11-26 15:16:05+05:30,1011.6,5,1003.02,9035628,298697.0,345432.0,986.2,1012.8,981.3,986.2,120621750,1084.8,887.6,1102.5,649.1,1011.6,252,1,1011.5,1935,18,1011.4,1253,11,1011.3,729,9,1011.2,1596,14,1011.7,41,1,1011.8,167,2,1011.9,1816,7,1012.0,2469,19,1012.1,1225,8
317,2025-11-26 15:16:05+05:30,1011.6,5,1003.02,9035628,298697.0,345432.0,986.2,1012.8,981.3,986.2,120621750,1084.8,887.6,1102.5,649.1,1011.6,252,1,1011.5,1935,18,1011.4,1253,11,1011.3,729,9,1011.2,1596,14,1011.7,41,1,1011.8,167,2,1011.9,1816,7,1012.0,2469,19,1012.1,1225,8
317,2025-11-26 15:16:06+05:30,1011.7,7,1003.02,9035628,298697.0,345432.0,986.2,1012.8,981.3,986.2,120621750,1084.8,887.6,1102.5,649.1,1011.6,252,1,1011.5,1935,18,1011.4,1253,11,1011.3,729,9,1011.2,1596,14,1011.7,41,1,1011.8,167,2,1011.9,1816,7,1012.0,2469,19,1012.1,1225,8
317,2025-11-26 15:16:07+05:30,1011.7,7,1003.02,9035698,298463.0,345863.0,986.2,1012.8,981.3,986.2,120621750,1084.8,887.6,1102.5,649.1,1011.6,259,2,1011.5,2083,17,1011.4,1079,10,1011.3,729,9,1011.2,1627,15,1011.7,34,1,1011.8,90,1,1011.9,1815,7,1012.0,2469,19,1012.1,1225,8
317,2025-11-26 15:16:07+05:30,1011.7,2,1003.02,9035698,298463.0,345863.0,986.2,1012.8,981.3,986.2,120621750,1084.8,887.6,1102.5,649.1,1011.6,259,2,1011.5,2083,17,1011.4,1079,10,1011.3,729,9,1011.2,1627,15,1011.7,34,1,1011.8,90,1,1011.9,1815,7,1012.0,2469,19,1012.1,1225,8
317,2025-11-26 15:16:08+05:30,1011.7,2,1003.02,9036092,298012.0,346289.0,986.2,1012.8,981.3,986.2,120621750,1084.8,887.6,1102.5,649.1,1011.7,52,2,1011.6,50,2,1011.5,1269,13,1011.4,742,7,1011.3,742,10,1011.9,2528,9,1012.0,2717,22,1012.1,1238,9,1012.2,2168,14,1012.3,575,8
317,2025-11-26 15:16:08+05:30,1011.9,2,1003.02,9036092,298012.0,346289.0,986.2,1012.8,981.3,986.2,120621750,1084.8,887.6,1102.5,649.1,1011.7,52,2,1011.6,50,2,1011.5,1269,13,1011.4,742,7,1011.3,742,10,1011.9,2528,9,1012.0,2717,22,1012.1,1238,9,1012.2,2168,14,1012.3,575,8
317,2025-11-26 15:16:09+05:30,1011.9,2,1003.02,9036101,298237.0,346229.0,986.2,1012.8,981.3,986.2,120621750,1084.8,887.6,1102.5,649.1,1011.7,65,3,1011.6,23,1,1011.5,1230,11,1011.4,742,7,1011.3,742,10,1011.9,2351,8,1012.0,2944,24,1012.1,1238,9,1012.2,2168,14,1012.3,575,8
317,2025-11-26 15:16:09+05:30,1011.8,2,1003.02,9036101,298237.0,346229.0,986.2,1012.8,981.3,986.2,120621750,1084.8,887.6,1102.5,649.1,1011.7,65,3,1011.6,23,1,1011.5,1230,11,1011.4,742,7,1011.3,742,10,1011.9,2351,8,1012.0,2944,24,1012.1,1238,9,1012.2,2168,14,1012.3,575,8
317,2025-11-26 15:16:10+05:30,1011.5,3,1003.03,9039160,296788.0,346721.0,986.2,1012.8,981.3,986.2,120621750,1084.8,887.6,1102.5,649.1,1011.5,746,2,1011.4,399,5,1011.3,417,5,1011.2,606,9,1011.1,1070,18,1011.6,104,1,1011.8,701,8,1011.9,3023,12,1012.0,3283,25,1012.1,1472,8
317,2025-11-26 15:16:10+05:30,1011.5,98,1003.03,9039160,296788.0,346721.0,986.2,1012.8,981.3,986.2,120621750,1084.8,887.6,1102.5,649.1,1011.5,746,2,1011.4,399,5,1011.3,417,5,1011.2,606,9,1011.1,1070,18,1011.6,104,1,1011.8,701,8,1011.9,3023,12,1012.0,3283,25,1012.1,1472,8
317,2025-11-26 15:16:11+05:30,1011.5,8,1003.03,9039268,296635.0,347487.0,986.2,1012.8,981.3,986.2,120621750,1084.8,887.6,1102.5,649.1,1011.5,380,3,1011.4,1045,6,1011.3,136,3,1011.2,671,9,1011.1,1101,19,1011.6,332,2,1011.7,98,1,1011.8,701,8,1011.9,3024,12,1012.0,3270,24
317,2025-11-26 15:16:11+05:30,1011.5,8,1003.03,9039268,296635.0,347487.0,986.2,1012.8,981.3,986.2,120621750,1084.8,887.6,1102.5,649.1,1011.5,380,3,1011.4,1045,6,1011.3,136,3,1011.2,671,9,1011.1,1101,19,1011.6,332,2,1011.7,98,1,1011.8,701,8,1011.9,3024,12,1012.0,3270,24
317,2025-11-26 15:16:12+05:30,1011.8,31,1003.03,9040564,296728.0,346125.0,986.2,1012.8,981.3,986.2,120621750,1084.8,887.6,1102.5,649.1,1011.5,380,3,1011.4,1045,6,1011.3,1082,10,1011.2,856,13,1011.1,1166,20,1011.6,5,1,1011.8,496,2,1011.9,2240,8,1012.0,3479,24,1012.1,902,8
317,2025-11-26 15:16:12+05:30,1011.8,3,1003.03,9040564,296728.0,346125.0,986.2,1012.8,981.3,986.2,120621750,1084.8,887.6,1102.5,649.1,1011.5,380,3,1011.4,1045,6,1011.3,1082,10,1011.2,856,13,1011.1,1166,20,1011.6,5,1,1011.8,496,2,1011.9,2240,8,1012.0,3479,24,1012.1,902,8
317,2025-11-26 15:16:13+05:30,1011.8,1,1003.03,9042375,297446.0,344895.0,986.2,1012.8,981.3,986.2,120621750,1084.8,887.6,1102.5,649.1,1011.6,130,2,1011.5,454,4,1011.4,1318,8,1011.3,642,7,1011.2,1741,15,1011.8,7,1,1011.9,790,7,1012.0,2943,22,1012.1,1156,7,1012.2,2550,17
317,2025-11-26 15:16:13+05:30,1011.9,94,1003.03,9042375,297446.0,344895.0,986.2,1012.8,981.3,986.2,120621750,1084.8,887.6,1102.5,649.1,1011.6,130,2,1011.5,454,4,1011.4,1318,8,1011.3,642,7,1011.2,1741,15,1011.8,7,1,1011.9,790,7,1012.0,2943,22,1012.1,1156,7,1012.2,2550,17
317,2025-11-26 15:16:14+05:30,1011.8,1,1003.03,9042613,297035.0,344602.0,986.2,1012.8,981.3,986.2,120621750,1084.8,887.6,1102.5,649.1,1011.6,20,2,1011.5,392,3,1011.4,1484,10,1011.3,731,9,1011.2,1906,17,1011.8,181,1,1011.9,525,5,1012.0,2584,20,1012.1,1287,8,1012.2,2603,16
317,2025-11-26 15:16:14+05:30,1011.5,30,1003.03,9042613,297035.0,344602.0,986.2,1012.8,981.3,986.2,120621750,1084.8,887.6,1102.5,649.1,1011.6,20,2,1011.5,392,3,1011.4,1484,10,1011.3,731,9,1011.2,1906,17,1011.8,181,1,1011.9,525,5,1012.0,2584,20,1012.1,1287,8,1012.2,2603,16
317,2025-11-26 15:16:15+05:30,1011.8,7,1003.03,9042743,296489.0,344139.0,986.2,1012.8,981.3,986.2,120621750,1084.8,887.6,1102.5,649.1,1011.5,392,4,1011.4,1712,14,1011.3,911,10,1011.2,1105,14,1011.1,1145,19,1011.8,213,1,1011.9,804,5,1012.0,2428,19,1012.1,1284,8,1012.2,2784,17
317,2025-11-26 15:16:15+05:30,1011.8,7,1003.03,9042743,296489.0,344139.0,986.2,1012.8,981.3,986.2,120621750,1084.8,887.6,1102.5,649.1,1011.5,392,4,1011.4,1712,14,1011.3,911,10,1011.2,1105,14,1011.1,1145,19,1011.8,213,1,1011.9,804,5,1012.0,2428,19,1012.1,1284,8,1012.2,2784,17
317,2025-11-26 15:16:16+05:30,1011.5,3,1003.03,9042771,296577.0,345821.0,986.2,1012.8,981.3,986.2,120621750,1084.8,887.6,1102.5,649.1,1011.5,384,5,1011.4,1536,12,1011.3,907,10,1011.2,1166,18,1011.1,1081,15,1011.8,662,5,1011.9,1543,11,1012.0,3151,21,1012.1,784,7,1012.2,2603,16
317,2025-11-26 15:16:16+05:30,1011.5,3,1003.03,9042771,296577.0,345821.0,986.2,1012.8,981.3,986.2,120621750,1084.8,887.6,1102.5,649.1,1011.5,384,5,1011.4,1536,12,1011.3,907,10,1011.2,1166,18,1011.1,1081,15,1011.8,662,5,1011.9,1543,11,1012.0,3151,21,1012.1,784,7,1012.2,2603,16
317,2025-11-26 15:16:17+05:30,1011.5,50,1003.03,9042966,296451.0,345325.0,986.2,1012.8,981.3,986.2,120621750,1084.8,887.6,1102.5,649.1,1011.5,234,5,1011.4,1268,11,1011.3,743,10,1011.2,1346,19,1011.1,1081,15,1011.8,552,6,1011.9,1152,9,1012.0,3151,21,1012.1,784,7,1012.2,2603,16
317,2025-11-26 15:16:17+05:30,1011.5,10,1003.03,9042966,296451.0,345325.0,986.2,1012.8,981.3,986.2,120621750,1084.8,887.6,1102.5,649.1,1011.5,234,5,1011.4,1268,11,1011.3,743,10,1011.2,1346,19,1011.1,1081,15,1011.8,552,6,1011.9,1152,9,1012.0,3151,21,1012.1,784,7,1012.2,2603,16
317,2025-11-26 15:16:18+05:30,1011.8,10,1003.03,9043000,296114.0,344918.0,986.2,1012.8,981.3,986.2,120621750,1084.8,887.6,1102.5,649.1,1011.5,858,6,1011.4,777,12,1011.3,1002,10,1011.2,989,17,1011.1,1081,15,1011.8,540,6,1011.9,695,6,1012.0,3346,23,1012.1,963,8,1012.2,2603,16
317,2025-11-26 15:16:18+05:30,1011.8,10,1003.03,9043000,296114.0,344918.0,986.2,1012.8,981.3,986.2,120621750,1084.8,887.6,1102.5,649.1,1011.5,858,6,1011.4,777,12,1011.3,1002,10,1011.2,989,17,1011.1,1081,15,1011.8,540,6,1011.9,695,6,1012.0,3346,23,1012.1,963,8,1012.2,2603,16
317,2025-11-26 15:16:19+05:30,1011.8,1,1003.03,9043000,296114.0,344918.0,986.2,1012.8,981.3,986.2,120621750,1084.8,887.6,1102.5,649.1,1011.5,858,6,1011.4,777,12,1011.3,1002,10,1011.2,989,17,1011.1,1081,15,1011.8,540,6,1011.9,695,6,1012.0,3346,23,1012.1,963,8,1012.2,2603,16
317,2025-11-26 15:16:20+05:30,1011.8,1,1003.03,9043010,296123.0,348595.0,986.2,1012.8,981.3,986.2,120621750,1084.8,887.6,1102.5,649.1,1011.5,970,7,1011.4,473,8,1011.3,605,8,1011.2,1086,16,1011.1,1258,16,1011.8,5620,8,1011.9,1603,11,1012.0,2979,23,1012.1,874,8,1012.2,2603,16
317,2025-11-26 15:16:20+05:30,1011.6,4,1003.03,9043010,296123.0,348595.0,986.2,1012.8,981.3,986.2,120621750,1084.8,887.6,1102.5,649.1,1011.5,970,7,1011.4,473,8,1011.3,605,8,1011.2,1086,16,1011.1,1258,16,1011.8,5620,8,1011.9,1603,11,1012.0,2979,23,1012.1,874,8,1012.2,2603,16
317,2025-11-26 15:16:21+05:30,1011.6,4,1003.03,9043070,296720.0,348702.0,986.2,1012.8,981.3,986.2,120621750,1084.8,887.6,1102.5,649.1,1011.5,982,7,1011.4,566,9,1011.3,1044,11,1011.2,908,15,1011.1,1081,15,1011.6,112,1,1011.7,599,1,1011.8,5289,8,1011.9,1419,10,1012.0,2958,22
317,2025-11-26 15:16:21+05:30,1011.6,1,1003.03,9043070,296720.0,348702.0,986.2,1012.8,981.3,986.2,120621750,1084.8,887.6,1102.5,649.1,1011.5,982,7,1011.4,566,9,1011.3,1044,11,1011.2,908,15,1011.1,1081,15,1011.6,112,1,1011.7,599,1,1011.8,5289,8,1011.9,1419,10,1012.0,2958,22
317,2025-11-26 15:16:22+05:30,1011.5,8,1003.03,9043240,295304.0,348550.0,986.2,1012.8,981.3,986.2,120621750,1084.8,887.6,1102.5,649.1,1011.5,835,6,1011.4,460,7,1011.3,258,6,1011.2,1291,18,1011.1,1081,15,1011.6,106,2,1011.7,674,2,1011.8,5552,8,1011.9,1605,11,1012.0,2778,21
317,2025-11-26 15:16:22+05:30,1011.5,8,1003.03,9043240,295304.0,348550.0,986.2,1012.8,981.3,986.2,120621750,1084.8,887.6,1102.5,649.1,1011.5,835,6,1011.4,460,7,1011.3,258,6,1011.2,1291,18,1011.1,1081,15,1011.6,106,2,1011.7,674,2,1011.8,5552,8,1011.9,1605,11,1012.0,2778,21
317,2025-11-26 15:16:23+05:30,1011.6,6,1003.03,9043274,294475.0,349633.0,986.2,1012.8,981.3,986.2,120621750,1084.8,887.6,1102.5,649.1,1011.5,184,5,1011.4,1101,7,1011.3,179,4,1011.2,903,15,1011.1,1485,19,1011.6,873,7,1011.7,622,3,1011.8,6230,9,1011.9,913,8,1012.0,2791,22
317,2025-11-26 15:16:23+05:30,1011.6,5,1003.03,9043274,294475.0,349633.0,986.2,1012.8,981.3,986.2,120621750,1084.8,887.6,1102.5,649.1,1011.5,184,5,1011.4,1101,7,1011.3,179,4,1011.2,903,15,1011.1,1485,19,1011.6,873,7,1011.7,622,3,1011.8,6230,9,1011.9,913,8,1012.0,2791,22
317,2025-11-26 15:16:24+05:30,1011.6,3,1003.03,9043287,294665.0,353483.0,986.2,1012.8,981.3,986.2,120621750,1084.8,887.6,1102.5,649.1,1011.5,625,6,1011.4,1045,6,1011.3,125,3,1011.2,903,15,1011.1,1485,19,1011.6,860,7,1011.7,622,3,1011.8,5625,7,1011.9,910,8,1012.0,3291,23
317,2025-11-26 15:16:24+05:30,1011.4,131,1003.03,9043287,294665.0,353483.0,986.2,1012.8,981.3,986.2,120621750,1084.8,887.6,1102.5,649.1,1011.5,625,6,1011.4,1045,6,1011.3,125,3,1011.2,903,15,1011.1,1485,19,1011.6,860,7,1011.7,622,3,1011.8,5625,7,1011.9,910,8,1012.0,3291,23
317,2025-11-26 15:16:25+05:30,1011.4,131,1003.03,9044271,292588.0,353547.0,986.2,1012.8,981.3,986.2,120621750,1084.8,887.6,1102.5,649.1,1011.4,916,7,1011.3,125,3,1011.2,654,13,1011.1,1064,16,1011.0,1094,19,1011.5,55,1,1011.6,807,7,1011.7,401,4,1011.8,6211,10,1011.9,1408,11
317,2025-11-26 15:16:25+05:30,1011.5,2,1003.03,9044271,292588.0,353547.0,986.2,1012.8,981.3,986.2,120621750,1084.8,887.6,1102.5,649.1,1011.4,916,7,1011.3,125,3,1011.2,654,13,1011.1,1064,16,1011.0,1094,19,1011.5,55,1,1011.6,807,7,1011.7,401,4,1011.8,6211,10,1011.9,1408,11
317,2025-11-26 15:16:26+05:30,1011.4,11,1003.03,9044299,292547.0,354106.0,986.2,1012.8,981.3,986.2,120621750,1084.8,887.6,1102.5,649.1,1011.4,890,7,1011.3,125,3,1011.2,380,11,1011.1,999,15,1011.0,1290,20,1011.5,613,5,1011.6,429,6,1011.7,1255,7,1011.8,5820,7,1011.9,1439,11
317,2025-11-26 15:16:26+05:30,1011.5,66,1003.03,9044299,292547.0,354106.0,986.2,1012.8,981.3,986.2,120621750,1084.8,887.6,1102.5,649.1,1011.4,890,7,1011.3,125,3,1011.2,380,11,1011.1,999,15,1011.0,1290,20,1011.5,613,5,1011.6,429,6,1011.7,1255,7,1011.8,5820,7,1011.9,1439,11
317,2025-11-26 15:16:27+05:30,1011.5,66,1003.03,9045058,292857.0,354402.0,986.2,1012.8,981.3,986.2,120621750,1084.8,887.6,1102.5,649.1,1011.4,893,7,1011.3,125,3,1011.2,579,12,1011.1,994,15,1011.0,1277,19,1011.5,1073,5,1011.6,253,2,1011.7,863,5,1011.8,6311,10,1011.9,1462,13
317,2025-11-26 15:16:28+05:30,1011.4,45,1003.03,9045141,292972.0,353999.0,986.2,1012.8,981.3,986.2,120621750,1084.8,887.6,1102.5,649.1,1011.4,997,9,1011.3,125,3,1011.2,658,13,1011.1,1194,16,1011.0,1123,20,1011.5,1050,6,1011.6,253,2,1011.7,863,5,1011.8,5915,8,1011.9,1176,12
317,2025-11-26 15:16:28+05:30,1011.4,45,1003.03,9045141,292972.0,353999.0,986.2,1012.8,981.3,986.2,120621750,1084.8,887.6,1102.5,649.1,1011.4,997,9,1011.3,125,3,1011.2,658,13,1011.1,1194,16,1011.0,1123,20,1011.5,1050,6,1011.6,253,2,1011.7,863,5,1011.8,5915,8,1011.9,1176,12
317,2025-11-26 15:16:29+05:30,1011.4,102,1003.03,9045141,292972.0,353999.0,986.2,1012.8,981.3,986.2,120621750,1084.8,887.6,1102.5,649.1,1011.4,1133,10,1011.3,125,3,1011.2,224,10,1011.1,1194,16,1011.0,1324,21,1011.5,1278,8,1011.6,253,2,1011.7,399,4,1011.8,6150,9,1011.9,976,11
317,2025-11-26 15:16:29+05:30,1011.4,102,1003.03,9045283,292903.0,353917.0,986.2,1012.8,981.3,986.2,120621750,1084.8,887.6,1102.5,649.1,1011.4,1133,10,1011.3,125,3,1011.2,224,10,1011.1,1194,16,1011.0,1324,21,1011.5,1278,8,1011.6,253,2,1011.7,399,4,1011.8,6150,9,1011.9,976,11
317,2025-11-26 15:16:30+05:30,1011.5,14,1003.03,9045283,292903.0,353917.0,986.2,1012.8,981.3,986.2,120621750,1084.8,887.6,1102.5,649.1,1011.4,1133,10,1011.3,125,3,1011.2,224,10,1011.1,1194,16,1011.0,1324,21,1011.5,1278,8,1011.6,253,2,1011.7,399,4,1011.8,6150,9,1011.9,976,11
317,2025-11-26 15:16:31+05:30,1011.5,14,1003.03,9047315,292554.0,353608.0,986.2,1012.8,981.3,986.2,120621750,1084.8,887.6,1102.5,649.1,1011.4,880,8,1011.3,125,3,1011.2,392,10,1011.1,1130,17,1011.0,1073,19,1011.5,1127,6,1011.6,101,2,1011.7,555,5,1011.8,6159,10,1011.9,1170,12
317,2025-11-26 15:16:31+05:30,1011.4,2,1003.03,9047315,292554.0,353608.0,986.2,1012.8,981.3,986.2,120621750,1084.8,887.6,1102.5,649.1,1011.4,880,8,1011.3,125,3,1011.2,392,10,1011.1,1130,17,1011.0,1073,19,1011.5,1127,6,1011.6,101,2,1011.7,555,5,1011.8,6159,10,1011.9,1170,12
317,2025-11-26 15:16:32+05:30,1011.4,7,1003.03,9047391,292403.0,352754.0,986.2,1012.8,981.3,986.2,120621750,1084.8,887.6,1102.5,649.1,1011.4,869,9,1011.3,218,4,1011.2,545,11,1011.1,1324,18,1011.0,1073,19,1011.5,801,7,1011.7,555,5,1011.8,5450,7,1011.9,1135,11,1012.0,4510,29
317,2025-11-26 15:16:32+05:30,1011.4,594,1003.03,9047391,292403.0,352754.0,986.2,1012.8,981.3,986.2,120621750,1084.8,887.6,1102.5,649.1,1011.4,869,9,1011.3,218,4,1011.2,545,11,1011.1,1324,18,1011.0,1073,19,1011.5,801,7,1011.7,555,5,1011.8,5450,7,1011.9,1135,11,1012.0,4510,29
317,2025-11-26 15:16:33+05:30,1011.4,8,1003.03,9048187,291492.0,352586.0,986.2,1012.8,981.3,986.2,120621750,1084.8,887.6,1102.5,649.1,1011.4,273,9,1011.3,125,3,1011.2,277,10,1011.1,1006,17,1011.0,1267,20,1011.5,669,9,1011.6,42,1,1011.7,953,6,1011.8,5794,7,1011.9,714,10
317,2025-11-26 15:16:33+05:30,1011.5,11,1003.03,9048187,291492.0,352586.0,986.2,1012.8,981.3,986.2,120621750,1084.8,887.6,1102.5,649.1,1011.4,273,9,1011.3,125,3,1011.2,277,10,1011.1,1006,17,1011.0,1267,20,1011.5,669,9,1011.6,42,1,1011.7,953,6,1011.8,5794,7,1011.9,714,10
317,2025-11-26 15:16:34+05:30,1011.5,12,1003.03,9049048,292155.0,351390.0,986.2,1012.8,981.3,986.2,120621750,1084.8,887.6,1102.5,649.1,1011.4,330,9,1011.3,312,5,1011.2,777,14,1011.1,1408,20,1011.0,1551,19,1011.5,30,4,1011.6,42,1,1011.7,244,2,1011.8,5119,5,1011.9,1346,8
317,2025-11-26 15:16:34+05:30,1011.8,1,1003.03,9049048,292155.0,351390.0,986.2,1012.8,981.3,986.2,120621750,1084.8,887.6,1102.5,649.1,1011.4,330,9,1011.3,312,5,1011.2,777,14,1011.1,1408,20,1011.0,1551,19,1011.5,30,4,1011.6,42,1,1011.7,244,2,1011.8,5119,5,1011.9,1346,8
317,2025-11-26 15:16:35+05:30,1011.8,1,1003.04,9049653,292444.0,349751.0,986.2,1012.8,981.3,986.2,120621750,1084.8,887.6,1102.5,649.1,1011.4,622,11,1011.3,839,10,1011.2,846,15,1011.1,1695,22,1011.0,1060,18,1011.5,7,2,1011.8,4638,2,1011.9,656,6,1012.0,3534,28,1012.1,1205,11
317,2025-11-26 15:16:35+05:30,1011.4,11,1003.04,9049653,292444.0,349751.0,986.2,1012.8,981.3,986.2,120621750,1084.8,887.6,1102.5,649.1,1011.4,622,11,1011.3,839,10,1011.2,846,15,1011.1,1695,22,1011.0,1060,18,1011.5,7,2,1011.8,4638,2,1011.9,656,6,1012.0,3534,28,1012.1,1205,11
317,2025-11-26 15:16:36+05:30,1011.8,25,1003.04,9049848,291264.0,350392.0,986.2,1012.8,981.3,986.2,120621750,1084.8,887.6,1102.5,649.1,1011.4,349,11,1011.3,657,10,1011.2,1234,17,1011.1,1743,22,1011.0,1031,17,1011.8,4461,2,1011.9,773,6,1012.0,3228,28,1012.1,1497,10,1012.2,2171,12
317,2025-11-26 15:16:36+05:30,1011.4,9,1003.04,9049848,291264.0,350392.0,986.2,1012.8,981.3,986.2,120621750,1084.8,887.6,1102.5,649.1,1011.4,349,11,1011.3,657,10,1011.2,1234,17,1011.1,1743,22,1011.0,1031,17,1011.8,4461,2,1011.9,773,6,1012.0,3228,28,1012.1,1497,10,1012.2,2171,12
317,2025-11-26 15:16:37+05:30,1011.8,2000,1003.04,9051857,291455.0,348886.0,986.2,1012.8,981.3,986.2,120621750,1084.8,887.6,1102.5,649.1,1011.5,128,1,1011.4,468,12,1011.3,656,10,1011.2,860,16,1011.1,1924,22,1011.8,2978,5,1011.9,780,7,1012.0,3742,30,1012.1,932,8,1012.2,2171,12
317,2025-11-26 15:16:37+05:30,1011.8,2000,1003.04,9051857,291455.0,348886.0,986.2,1012.8,981.3,986.2,120621750,1084.8,887.6,1102.5,649.1,1011.5,128,1,1011.4,468,12,1011.3,656,10,1011.2,860,16,1011.1,1924,22,1011.8,2978,5,1011.9,780,7,1012.0,3742,30,1012.1,932,8,1012.2,2171,12
317,2025-11-26 15:16:38+05:30,1011.6,4,1003.04,9053087,293054.0,352652.0,986.2,1012.8,981.3,986.2,120621750,1084.8,887.6,1102.5,649.1,1011.5,826,3,1011.4,185,7,1011.3,232,5,1011.2,793,15,1011.1,1090,19,1011.6,1326,3,1011.7,1474,4,1011.8,3378,11,1011.9,1197,9,1012.0,3048,28
317,2025-11-26 15:16:38+05:30,1011.6,3,1003.04,9053087,293054.0,352652.0,986.2,1012.8,981.3,986.2,120621750,1084.8,887.6,1102.5,649.1,1011.5,826,3,1011.4,185,7,1011.3,232,5,1011.2,793,15,1011.1,1090,19,1011.6,1326,3,1011.7,1474,4,1011.8,3378,11,1011.9,1197,9,1012.0,3048,28
317,2025-11-26 15:16:39+05:30,1011.6,1,1003.04,9053375,293348.0,354093.0,986.2,1012.8,981.3,986.2,120621750,1084.8,887.6,1102.5,649.1,1011.5,808,4,1011.4,185,7,1011.3,524,6,1011.2,793,15,1011.1,1065,18,1011.6,1411,7,1011.7,1188,2,1011.8,3552,11,1011.9,670,8,1012.0,5045,30
317,2025-11-26 15:16:39+05:30,1011.6,1,1003.04,9053375,293348.0,354093.0,986.2,1012.8,981.3,986.2,120621750,1084.8,887.6,1102.5,649.1,1011.5,808,4,1011.4,185,7,1011.3,524,6,1011.2,793,15,1011.1,1065,18,1011.6,1411,7,1011.7,1188,2,1011.8,3552,11,1011.9,670,8,1012.0,5045,30
317,2025-11-26 15:16:40+05:30,1011.5,4,1003.04,9054944,293425.0,353153.0,986.2,1012.8,981.3,986.2,120621750,1084.8,887.6,1102.5,649.1,1011.4,831,6,1011.3,417,4,1011.2,764,13,1011.1,1435,20,1011.0,1822,18,1011.5,91,1,1011.6,837,7,1011.7,1115,2,1011.8,3118,8,1011.9,1591,11
317,2025-11-26 15:16:40+05:30,1011.5,415,1003.04,9054944,293425.0,353153.0,986.2,1012.8,981.3,986.2,120621750,1084.8,887.6,1102.5,649.1,1011.4,831,6,1011.3,417,4,1011.2,764,13,1011.1,1435,20,1011.0,1822,18,1011.5,91,1,1011.6,837,7,1011.7,1115,2,1011.8,3118,8,1011.9,1591,11
317,2025-11-26 15:16:41+05:30,1011.5,90,1003.04,9054944,293425.0,353153.0,986.2,1012.8,981.3,986.2,120621750,1084.8,887.6,1102.5,649.1,1011.4,831,6,1011.3,417,4,1011.2,764,13,1011.1,1435,20,1011.0,1822,18,1011.5,91,1,1011.6,837,7,1011.7,1115,2,1011.8,3118,8,1011.9,1591,11
317,2025-11-26 15:16:42+05:30,1011.5,90,1003.04,9056358,293704.0,351681.0,986.2,1012.8,981.3,986.2,120621750,1084.8,887.6,1102.5,649.1,1011.4,1011,6,1011.3,417,4,1011.2,1051,16,1011.1,1037,18,1011.0,1336,19,1011.5,337,7,1011.6,660,3,1011.7,1115,2,1011.8,2039,7,1011.9,885,8
317,2025-11-26 15:16:42+05:30,1011.5,23,1003.04,9056358,293704.0,351681.0,986.2,1012.8,981.3,986.2,120621750,1084.8,887.6,1102.5,649.1,1011.4,1011,6,1011.3,417,4,1011.2,1051,16,1011.1,1037,18,1011.0,1336,19,1011.5,337,7,1011.6,660,3,1011.7,1115,2,1011.8,2039,7,1011.9,885,8
317,2025-11-26 15:16:43+05:30,1011.5,23,1003.04,9056452,293530.0,351585.0,986.2,1012.8,981.3,986.2,120621750,1084.8,887.6,1102.5,649.1,1011.4,803,5,1011.3,417,4,1011.2,885,13,1011.1,1173,15,1011.0,1321,18,1011.5,1368,8,1011.6,660,3,1011.7,103,2,1011.8,2172,9,1011.9,1115,7
317,2025-11-26 15:16:43+05:30,1011.4,79,1003.04,9056452,293530.0,351585.0,986.2,1012.8,981.3,986.2,120621750,1084.8,887.6,1102.5,649.1,1011.4,803,5,1011.3,417,4,1011.2,885,13,1011.1,1173,15,1011.0,1321,18,1011.5,1368,8,1011.6,660,3,1011.7,103,2,1011.8,2172,9,1011.9,1115,7
317,2025-11-26 15:16:44+05:30,1011.4,79,1003.04,9057567,293667.0,352094.0,986.2,1012.8,981.3,986.2,120621750,1084.8,887.6,1102.5,649.1,1011.4,839,4,1011.3,417,4,1011.2,548,11,1011.1,1232,19,1011.0,1286,17,1011.5,1335,9,1011.6,508,3,1011.7,534,5,1011.8,2360,11,1011.9,1392,9
317,2025-11-26 15:16:44+05:30,1011.4,657,1003.04,9057567,293667.0,352094.0,986.2,1012.8,981.3,986.2,120621750,1084.8,887.6,1102.5,649.1,1011.4,839,4,1011.3,417,4,1011.2,548,11,1011.1,1232,19,1011.0,1286,17,1011.5,1335,9,1011.6,508,3,1011.7,534,5,1011.8,2360,11,1011.9,1392,9
317,2025-11-26 15:16:45+05:30,1011.5,13,1003.04,9058333,292332.0,352298.0,986.2,1012.8,981.3,986.2,120621750,1084.8,887.6,1102.5,649.1,1011.4,98,3,1011.3,417,4,1011.2,211,10,1011.1,967,17,1011.0,1490,19,1011.5,1626,13,1011.6,506,3,1011.7,823,6,1011.8,2717,12,1011.9,698,7
317,2025-11-26 15:16:45+05:30,1011.5,15,1003.04,9058333,292332.0,352298.0,986.2,1012.8,981.3,986.2,120621750,1084.8,887.6,1102.5,649.1,1011.4,98,3,1011.3,417,4,1011.2,211,10,1011.1,967,17,1011.0,1490,19,1011.5,1626,13,1011.6,506,3,1011.7,823,6,1011.8,2717,12,1011.9,698,7
317,2025-11-26 15:16:46+05:30,1011.5,15,1003.04,9059596,292977.0,351631.0,986.2,1012.8,981.3,986.2,120621750,1084.8,887.6,1102.5,649.1,1011.4,353,2,1011.3,607,5,1011.2,368,11,1011.1,1158,18,1011.0,1297,18,1011.5,662,5,1011.6,679,3,1011.7,837,3,1011.8,1970,9,1011.9,1389,9
317,2025-11-26 15:16:46+05:30,1011.4,150,1003.04,9059596,292977.0,351631.0,986.2,1012.8,981.3,986.2,120621750,1084.8,887.6,1102.5,649.1,1011.4,353,2,1011.3,607,5,1011.2,368,11,1011.1,1158,18,1011.0,1297,18,1011.5,662,5,1011.6,679,3,1011.7,837,3,1011.8,1970,9,1011.9,1389,9
317,2025-11-26 15:16:47+05:30,1011.4,150,1003.06,9071460,287933.0,351291.0,986.2,1012.8,981.3,986.2,120621750,1084.8,887.6,1102.5,649.1,1011.4,384,1,1011.3,11,2,1011.1,5,1,1011.0,355,2,1010.9,1448,5,1011.5,273,6,1011.6,782,7,1011.7,2063,9,1011.8,2065,9,1011.9,794,8
317,2025-11-26 15:16:47+05:30,1011.4,245,1003.06,9071460,287933.0,351291.0,986.2,1012.8,981.3,986.2,120621750,1084.8,887.6,1102.5,649.1,1011.4,384,1,1011.3,11,2,1011.1,5,1,1011.0,355,2,1010.9,1448,5,1011.5,273,6,1011.6,782,7,1011.7,2063,9,1011.8,2065,9,1011.9,794,8
317,2025-11-26 15:16:48+05:30,1011.4,9,1003.06,9078982,291887.0,351055.0,986.2,1012.8,981.3,986.2,120621750,1084.8,887.6,1102.5,649.1,1011.4,519,2,1011.3,105,3,1011.2,290,3,1011.1,576,5,1011.0,760,7,1011.5,57,4,1011.6,165,2,1011.7,2535,4,1011.8,1859,7,1011.9,1408,10
317,2025-11-26 15:16:48+05:30,1011.6,62,1003.06,9078982,291887.0,351055.0,986.2,1012.8,981.3,986.2,120621750,1084.8,887.6,1102.5,649.1,1011.4,519,2,1011.3,105,3,1011.2,290,3,1011.1,576,5,1011.0,760,7,1011.5,57,4,1011.6,165,2,1011.7,2535,4,1011.8,1859,7,1011.9,1408,10
317,2025-11-26 15:16:49+05:30,1011.4,163,1003.06,9080171,290398.0,352604.0,986.2,1012.8,981.3,986.2,120621750,1084.8,887.6,1102.5,649.1,1011.4,26,2,1011.3,11,2,1011.1,1203,9,1011.0,723,6,1010.9,1585,13,1011.6,40,2,1011.7,3372,11,1011.8,2699,11,1011.9,908,9,1012.0,3736,25
317,2025-11-26 15:16:49+05:30,1011.7,356,1003.06,9080171,290398.0,352604.0,986.2,1012.8,981.3,986.2,120621750,1084.8,887.6,1102.5,649.1,1011.4,26,2,1011.3,11,2,1011.1,1203,9,1011.0,723,6,1010.9,1585,13,1011.6,40,2,1011.7,3372,11,1011.8,2699,11,1011.9,908,9,1012.0,3736,25
317,2025-11-26 15:16:50+05:30,1011.7,54,1003.06,9080667,293502.0,351614.0,986.2,1012.8,981.3,986.2,120621750,1084.8,887.6,1102.5,649.1,1011.5,830,3,1011.4,305,5,1011.3,410,6,1011.2,1285,7,1011.1,784,11,1011.6,6,1,1011.7,1893,3,1011.8,1855,6,1011.9,1036,12,1012.0,3482,24
317,2025-11-26 15:16:50+05:30,1011.7,6,1003.06,9080667,293502.0,351614.0,986.2,1012.8,981.3,986.2,120621750,1084.8,887.6,1102.5,649.1,1011.5,830,3,1011.4,305,5,1011.3,410,6,1011.2,1285,7,1011.1,784,11,1011.6,6,1,1011.7,1893,3,1011.8,1855,6,1011.9,1036,12,1012.0,3482,24
317,2025-11-26 15:16:51+05:30,1011.5,4,1003.06,9080683,293650.0,351708.0,986.2,1012.8,981.3,986.2,120621750,1084.8,887.6,1102.5,649.1,1011.5,776,4,1011.4,402,7,1011.3,487,7,1011.2,1285,7,1011.1,797,12,1011.6,4,2,1011.7,1887,3,1011.8,1587,5,1011.9,797,10,1012.0,3681,25
317,2025-11-26 15:16:51+05:30,1011.7,95,1003.06,9080683,293650.0,351708.0,986.2,1012.8,981.3,986.2,120621750,1084.8,887.6,1102.5,649.1,1011.5,776,4,1011.4,402,7,1011.3,487,7,1011.2,1285,7,1011.1,797,12,1011.6,4,2,1011.7,1887,3,1011.8,1587,5,1011.9,797,10,1012.0,3681,25
317,2025-11-26 15:16:52+05:30,1011.7,50,1003.06,9080978,292960.0,351328.0,986.2,1012.8,981.3,986.2,120621750,1084.8,887.6,1102.5,649.1,1011.6,1,1,1011.5,690,3,1011.4,312,6,1011.3,593,8,1011.2,1243,7,1011.7,1771,4,1011.8,1700,6,1011.9,1161,12,1012.0,2982,23,1012.1,1535,10
317,2025-11-26 15:16:52+05:30,1011.7,1,1003.06,9080978,292960.0,351328.0,986.2,1012.8,981.3,986.2,120621750,1084.8,887.6,1102.5,649.1,1011.6,1,1,1011.5,690,3,1011.4,312,6,1011.3,593,8,1011.2,1243,7,1011.7,1771,4,1011.8,1700,6,1011.9,1161,12,1012.0,2982,23,1012.1,1535,10
317,2025-11-26 15:16:53+05:30,1011.7,23,1003.06,9081002,293446.0,348281.0,986.2,1012.8,981.3,986.2,120621750,1084.8,887.6,1102.5,649.1,1011.6,1,1,1011.5,690,3,1011.4,312,6,1011.3,325,7,1011.2,690,6,1011.7,1988,7,1011.8,1963,8,1011.9,1460,12,1012.0,2982,23,1012.1,1035,9
317,2025-11-26 15:16:53+05:30,1011.5,3,1003.06,9081002,293446.0,348281.0,986.2,1012.8,981.3,986.2,120621750,1084.8,887.6,1102.5,649.1,1011.6,1,1,1011.5,690,3,1011.4,312,6,1011.3,325,7,1011.2,690,6,1011.7,1988,7,1011.8,1963,8,1011.9,1460,12,1012.0,2982,23,1012.1,1035,9
317,2025-11-26 15:16:54+05:30,1011.7,60,1003.07,9092116,297370.0,342902.0,986.2,1012.8,981.3,986.2,120621750,1084.8,887.6,1102.5,649.1,1011.6,750,1,1011.5,631,4,1011.4,384,3,1011.3,610,6,1011.2,1305,7,1011.7,271,6,1011.8,1473,4,1012.0,2425,19,1012.1,1123,11,1012.2,1490,14
317,2025-11-26 15:16:54+05:30,1011.7,3,1003.07,9092116,297370.0,342902.0,986.2,1012.8,981.3,986.2,120621750,1084.8,887.6,1102.5,649.1,1011.6,750,1,1011.5,631,4,1011.4,384,3,1011.3,610,6,1011.2,1305,7,1011.7,271,6,1011.8,1473,4,1012.0,2425,19,1012.1,1123,11,1012.2,1490,14
317,2025-11-26 15:16:55+05:30,1011.6,16,1003.08,9094463,294793.0,345726.0,986.2,1012.8,981.3,986.2,120621750,1084.8,887.6,1102.5,649.1,1011.5,674,1,1011.4,247,4,1011.3,90,1,1011.2,716,7,1011.1,881,7,1011.6,440,1,1011.7,141,5,1011.8,1764,6,1011.9,585,5,1012.0,3481,26
317,2025-11-26 15:16:56+05:30,1011.6,16,1003.08,9094463,294793.0,345726.0,986.2,1012.8,981.3,986.2,120621750,1084.8,887.6,1102.5,649.1,1011.5,674,1,1011.4,247,4,1011.3,90,1,1011.2,716,7,1011.1,881,7,1011.6,440,1,1011.7,141,5,1011.8,1764,6,1011.9,585,5,1012.0,3481,26
317,2025-11-26 15:16:56+05:30,1011.6,750,1003.08,9096063,293665.0,345527.0,986.2,1012.8,981.3,986.2,120621750,1084.8,887.6,1102.5,649.1,1011.5,706,3,1011.4,124,5,1011.2,639,6,1011.1,862,6,1011.0,2200,11,1011.6,461,2,1011.7,400,6,1011.8,1858,9,1011.9,1085,6,1012.0,2981,25
317,2025-11-26 15:16:57+05:30,1011.6,109,1003.08,9096063,293665.0,345527.0,986.2,1012.8,981.3,986.2,120621750,1084.8,887.6,1102.5,649.1,1011.5,706,3,1011.4,124,5,1011.2,639,6,1011.1,862,6,1011.0,2200,11,1011.6,461,2,1011.7,400,6,1011.8,1858,9,1011.9,1085,6,1012.0,2981,25
317,2025-11-26 15:16:57+05:30,1011.5,9,1003.08,9096229,293974.0,346001.0,986.2,1012.8,981.3,986.2,120621750,1084.8,887.6,1102.5,649.1,1011.5,650,3,1011.4,124,5,1011.2,434,5,1011.1,1031,6,1011.0,1995,10,1011.6,353,4,1011.7,194,4,1011.8,2268,12,1011.9,683,6,1012.0,3687,27
317,2025-11-26 15:16:58+05:30,1011.5,68,1003.08,9096229,293974.0,346001.0,986.2,1012.8,981.3,986.2,120621750,1084.8,887.6,1102.5,649.1,1011.5,650,3,1011.4,124,5,1011.2,434,5,1011.1,1031,6,1011.0,1995,10,1011.6,353,4,1011.7,194,4,1011.8,2268,12,1011.9,683,6,1012.0,3687,27
317,2025-11-26 15:16:58+05:30,1011.5,19,1003.09,9105323,287462.0,345763.0,986.2,1012.8,981.3,986.2,120621750,1084.8,887.6,1102.5,649.1,1011.4,743,1,1011.0,185,3,1010.9,834,4,1010.8,901,8,1010.7,1100,6,1011.6,1382,14,1011.7,1459,14,1011.8,2198,11,1011.9,870,8,1012.0,3547,25
317,2025-11-26 15:16:59+05:30,1011.5,37,1003.09,9105323,287462.0,345763.0,986.2,1012.8,981.3,986.2,120621750,1084.8,887.6,1102.5,649.1,1011.4,743,1,1011.0,185,3,1010.9,834,4,1010.8,901,8,1010.7,1100,6,1011.6,1382,14,1011.7,1459,14,1011.8,2198,11,1011.9,870,8,1012.0,3547,25
317,2025-11-26 15:16:59+05:30,1011.4,3,1003.09,9108842,294460.0,343596.0,986.2,1012.8,981.3,986.2,120621750,1084.8,887.6,1102.5,649.1,1011.4,518,1,1011.3,90,1,1011.2,299,2,1011.1,160,3,1011.0,1081,10,1011.5,178,1,1011.6,384,7,1011.7,832,8,1011.8,2077,10,1011.9,1472,12
317,2025-11-26 15:17:00+05:30,1011.5,31,1003.09,9108842,294460.0,343596.0,986.2,1012.8,981.3,986.2,120621750,1084.8,887.6,1102.5,649.1,1011.4,518,1,1011.3,90,1,1011.2,299,2,1011.1,160,3,1011.0,1081,10,1011.5,178,1,1011.6,384,7,1011.7,832,8,1011.8,2077,10,1011.9,1472,12
317,2025-11-26 15:17:00+05:30,1011.5,46,1003.09,9114258,294402.0,343199.0,986.2,1012.8,981.3,986.2,120621750,1084.8,887.6,1102.5,649.1,1011.5,595,3,1011.3,211,1,1011.2,672,4,1011.1,556,6,1011.0,1119,8,1011.7,262,3,1011.8,1711,7,1011.9,1440,8,1012.0,2914,23,1012.1,1173,9
317,2025-11-26 15:17:01+05:30,1011.5,7,1003.09,9114258,294402.0,343199.0,986.2,1012.8,981.3,986.2,120621750,1084.8,887.6,1102.5,649.1,1011.5,595,3,1011.3,211,1,1011.2,672,4,1011.1,556,6,1011.0,1119,8,1011.7,262,3,1011.8,1711,7,1011.9,1440,8,1012.0,2914,23,1012.1,1173,9
317,2025-11-26 15:17:01+05:30,1011.7,10,1003.09,9114602,294101.0,345191.0,986.2,1012.8,981.3,986.2,120621750,1084.8,887.6,1102.5,649.1,1011.5,576,5,1011.4,16,2,1011.3,211,1,1011.2,697,5,1011.1,547,6,1011.7,700,6,1011.8,2395,10,1011.9,729,6,1012.0,2953,26,1012.1,1419,12
317,2025-11-26 15:17:02+05:30,1011.7,10,1003.09,9114602,294101.0,345191.0,986.2,1012.8,981.3,986.2,120621750,1084.8,887.6,1102.5,649.1,1011.5,576,5,1011.4,16,2,1011.3,211,1,1011.2,697,5,1011.1,547,6,1011.7,700,6,1011.8,2395,10,1011.9,729,6,1012.0,2953,26,1012.1,1419,12
317,2025-11-26 15:17:03+05:30,1011.7,23,1003.09,9114602,294101.0,345191.0,986.2,1012.8,981.3,986.2,120621750,1084.8,887.6,1102.5,649.1,1011.5,576,5,1011.4,16,2,1011.3,211,1,1011.2,697,5,1011.1,547,6,1011.7,700,6,1011.8,2395,10,1011.9,729,6,1012.0,2953,26,1012.1,1419,12
317,2025-11-26 15:17:03+05:30,1011.7,23,1003.09,9114758,294716.0,344572.0,986.2,1012.8,981.3,986.2,120621750,1084.8,887.6,1102.5,649.1,1011.5,590,6,1011.4,16,2,1011.2,146,3,1011.1,806,8,1011.0,1261,7,1011.6,1,1,1011.7,835,9,1011.8,2419,12,1011.9,729,6,1012.0,3456,26
317,2025-11-26 15:17:04+05:30,1011.7,281,1003.09,9114758,294716.0,344572.0,986.2,1012.8,981.3,986.2,120621750,1084.8,887.6,1102.5,649.1,1011.5,590,6,1011.4,16,2,1011.2,146,3,1011.1,806,8,1011.0,1261,7,1011.6,1,1,1011.7,835,9,1011.8,2419,12,1011.9,729,6,1012.0,3456,26
317,2025-11-26 15:17:04+05:30,1011.7,281,1003.1,9115638,293719.0,345393.0,986.2,1012.8,981.3,986.2,120621750,1084.8,887.6,1102.5,649.1,1011.6,3,2,1011.5,577,6,1011.4,14,1,1011.3,57,1,1011.2,272,3,1011.7,572,9,1011.8,2170,10,1011.9,1645,9,1012.0,3019,27,1012.1,1147,9
317,2025-11-26 15:17:05+05:30,1011.6,4,1003.1,9115638,293719.0,345393.0,986.2,1012.8,981.3,986.2,120621750,1084.8,887.6,1102.5,649.1,1011.6,3,2,1011.5,577,6,1011.4,14,1,1011.3,57,1,1011.2,272,3,1011.7,572,9,1011.8,2170,10,1011.9,1645,9,1012.0,3019,27,1012.1,1147,9
317,2025-11-26 15:17:05+05:30,1011.6,4,1003.1,9116402,294316.0,344988.0,986.2,1012.8,981.3,986.2,120621750,1084.8,887.6,1102.5,649.1,1011.5,194,8,1011.4,14,1,1011.3,277,3,1011.2,359,4,1011.1,913,5,1011.6,81,1,1011.7,656,9,1011.8,2778,12,1011.9,542,4,1012.0,3019,27
317,2025-11-26 15:17:06+05:30,1011.6,5,1003.1,9116402,294316.0,344988.0,986.2,1012.8,981.3,986.2,120621750,1084.8,887.6,1102.5,649.1,1011.5,194,8,1011.4,14,1,1011.3,277,3,1011.2,359,4,1011.1,913,5,1011.6,81,1,1011.7,656,9,1011.8,2778,12,1011.9,542,4,1012.0,3019,27
317,2025-11-26 15:17:06+05:30,1011.6,1,1003.1,9116463,294442.0,345393.0,986.2,1012.8,981.3,986.2,120621750,1084.8,887.6,1102.5,649.1,1011.5,134,7,1011.4,14,1,1011.3,71,2,1011.2,283,3,1011.1,1160,7,1011.6,263,4,1011.7,754,10,1011.8,2900,13,1011.9,1490,8,1012.0,3019,27
317,2025-11-26 15:17:07+05:30,1011.6,2,1003.1,9116463,294442.0,345393.0,986.2,1012.8,981.3,986.2,120621750,1084.8,887.6,1102.5,649.1,1011.5,134,7,1011.4,14,1,1011.3,71,2,1011.2,283,3,1011.1,1160,7,1011.6,263,4,1011.7,754,10,1011.8,2900,13,1011.9,1490,8,1012.0,3019,27
317,2025-11-26 15:17:07+05:30,1011.6,2,1003.1,9116558,293938.0,344898.0,986.2,1012.8,981.3,986.2,120621750,1084.8,887.6,1102.5,649.1,1011.5,56,7,1011.4,764,2,1011.3,117,3,1011.2,5,1,1011.1,375,5,1011.6,473,8,1011.7,1045,14,1011.8,3139,13,1011.9,728,6,1012.0,3019,27
317,2025-11-26 15:17:08+05:30,1011.5,2,1003.1,9116558,293938.0,344898.0,986.2,1012.8,981.3,986.2,120621750,1084.8,887.6,1102.5,649.1,1011.5,56,7,1011.4,764,2,1011.3,117,3,1011.2,5,1,1011.1,375,5,1011.6,473,8,1011.7,1045,14,1011.8,3139,13,1011.9,728,6,1012.0,3019,27
317,2025-11-26 15:17:08+05:30,1011.5,2,1003.1,9116566,293986.0,344731.0,986.2,1012.8,981.3,986.2,120621750,1084.8,887.6,1102.5,649.1,1011.5,76,8,1011.4,792,3,1011.3,117,3,1011.2,5,1,1011.1,375,5,1011.6,214,5,1011.7,1019,12,1011.8,3165,15,1011.9,728,6,1012.0,3019,27
317,2025-11-26 15:17:09+05:30,1011.6,2,1003.1,9116566,293986.0,344731.0,986.2,1012.8,981.3,986.2,120621750,1084.8,887.6,1102.5,649.1,1011.5,76,8,1011.4,792,3,1011.3,117,3,1011.2,5,1,1011.1,375,5,1011.6,214,5,1011.7,1019,12,1011.8,3165,15,1011.9,728,6,1012.0,3019,27
317,2025-11-26 15:17:09+05:30,1011.5,17,1003.1,9117286,294845.0,345218.0,986.2,1012.8,981.3,986.2,120621750,1084.8,887.6,1102.5,649.1,1011.4,842,4,1011.3,117,3,1011.2,11,3,1011.1,573,6,1011.0,456,7,1011.5,23,1,1011.6,611,9,1011.7,1391,11,1011.8,2757,13,1011.9,926,7
317,2025-11-26 15:17:10+05:30,1011.4,3,1003.1,9117286,294845.0,345218.0,986.2,1012.8,981.3,986.2,120621750,1084.8,887.6,1102.5,649.1,1011.4,842,4,1011.3,117,3,1011.2,11,3,1011.1,573,6,1011.0,456,7,1011.5,23,1,1011.6,611,9,1011.7,1391,11,1011.8,2757,13,1011.9,926,7
317,2025-11-26 15:17:10+05:30,1011.4,2,1003.1,9118770,294354.0,345810.0,986.2,1012.8,981.3,986.2,120621750,1084.8,887.6,1102.5,649.1,1011.4,239,5,1011.3,117,3,1011.2,208,4,1011.1,483,5,1011.0,845,6,1011.5,7,2,1011.6,190,5,1011.7,2222,11,1011.8,2731,11,1011.9,1135,9
317,2025-11-26 15:17:11+05:30,1011.5,114,1003.1,9118770,294354.0,345810.0,986.2,1012.8,981.3,986.2,120621750,1084.8,887.6,1102.5,649.1,1011.4,239,5,1011.3,117,3,1011.2,208,4,1011.1,483,5,1011.0,845,6,1011.5,7,2,1011.6,190,5,1011.7,2222,11,1011.8,2731,11,1011.9,1135,9
317,2025-11-26 15:17:11+05:30,1011.4,9,1003.1,9118910,294762.0,345029.0,986.2,1012.8,981.3,986.2,120621750,1084.8,887.6,1102.5,649.1,1011.4,243,6,1011.3,314,4,1011.2,198,4,1011.1,680,6,1011.0,845,6,1011.5,111,1,1011.6,96,4,1011.7,1876,8,1011.8,2231,10,1011.9,815,12
317,2025-11-26 15:17:12+05:30,1011.4,9,1003.1,9118910,294762.0,345029.0,986.2,1012.8,981.3,986.2,120621750,1084.8,887.6,1102.5,649.1,1011.4,243,6,1011.3,314,4,1011.2,198,4,1011.1,680,6,1011.0,845,6,1011.5,111,1,1011.6,96,4,1011.7,1876,8,1011.8,2231,10,1011.9,815,12
317,2025-11-26 15:17:12+05:30,1011.4,9,1003.1,9118910,294819.0,344831.0,986.2,1012.8,981.3,986.2,120621750,1084.8,887.6,1102.5,649.1,1011.4,243,6,1011.3,117,3,1011.2,489,6,1011.1,837,7,1011.0,337,5,1011.5,115,2,1011.6,96,4,1011.7,1876,8,1011.8,2731,11,1011.9,815,12
317,2025-11-26 15:17:13+05:30,1011.5,1,1003.1,9118910,294819.0,344831.0,986.2,1012.8,981.3,986.2,120621750,1084.8,887.6,1102.5,649.1,1011.4,243,6,1011.3,117,3,1011.2,489,6,1011.1,837,7,1011.0,337,5,1011.5,115,2,1011.6,96,4,1011.7,1876,8,1011.8,2731,11,1011.9,815,12
317,2025-11-26 15:17:13+05:30,1011.5,23,1003.1,9119020,294607.0,344929.0,986.2,1012.8,981.3,986.2,120621750,1084.8,887.6,1102.5,649.1,1011.4,170,5,1011.3,117,3,1011.2,292,5,1011.1,634,6,1011.0,1114,7,1011.5,100,5,1011.6,204,4,1011.7,2169,10,1011.8,2731,11,1011.9,815,12
317,2025-11-26 15:17:14+05:30,1011.4,13,1003.1,9119020,294607.0,344929.0,986.2,1012.8,981.3,986.2,120621750,1084.8,887.6,1102.5,649.1,1011.4,170,5,1011.3,117,3,1011.2,292,5,1011.1,634,6,1011.0,1114,7,1011.5,100,5,1011.6,204,4,1011.7,2169,10,1011.8,2731,11,1011.9,815,12
317,2025-11-26 15:17:14+05:30,1011.5,1,1003.1,9120041,295141.0,345431.0,986.2,1012.8,981.3,986.2,120621750,1084.8,887.6,1102.5,649.1,1011.4,885,5,1011.3,64,3,1011.2,198,4,1011.1,553,5,1011.0,689,7,1011.5,176,5,1011.6,209,5,1011.7,2254,12,1011.8,2731,11,1011.9,997,12
317,2025-11-26 15:17:15+05:30,1011.5,1,1003.1,9120041,295141.0,345431.0,986.2,1012.8,981.3,986.2,120621750,1084.8,887.6,1102.5,649.1,1011.4,885,5,1011.3,64,3,1011.2,198,4,1011.1,553,5,1011.0,689,7,1011.5,176,5,1011.6,209,5,1011.7,2254,12,1011.8,2731,11,1011.9,997,12
317,2025-11-26 15:17:15+05:30,1011.5,2,1003.1,9121844,293886.0,344464.0,986.2,1012.8,981.3,986.2,120621750,1084.8,887.6,1102.5,649.1,1011.5,2,1,1011.4,907,7,1011.3,64,3,1011.2,198,4,1011.1,361,5,1011.7,1686,11,1011.8,2231,10,1011.9,676,8,1012.0,3416,28,1012.1,1024,7
317,2025-11-26 15:17:16+05:30,1011.7,16,1003.1,9121844,293886.0,344464.0,986.2,1012.8,981.3,986.2,120621750,1084.8,887.6,1102.5,649.1,1011.5,2,1,1011.4,907,7,1011.3,64,3,1011.2,198,4,1011.1,361,5,1011.7,1686,11,1011.8,2231,10,1011.9,676,8,1012.0,3416,28,1012.1,1024,7
317,2025-11-26 15:17:16+05:30,1011.4,702,1003.1,9122667,293783.0,344762.0,986.2,1012.8,981.3,986.2,120621750,1084.8,887.6,1102.5,649.1,1011.5,48,1,1011.4,144,5,1011.3,64,3,1011.2,198,4,1011.1,433,6,1011.7,1503,10,1011.8,2619,12,1011.9,1189,10,1012.0,2916,27,1012.1,708,6
317,2025-11-26 15:17:17+05:30,1011.4,702,1003.1,9122667,293783.0,344762.0,986.2,1012.8,981.3,986.2,120621750,1084.8,887.6,1102.5,649.1,1011.5,48,1,1011.4,144,5,1011.3,64,3,1011.2,198,4,1011.1,433,6,1011.7,1503,10,1011.8,2619,12,1011.9,1189,10,1012.0,2916,27,1012.1,708,6
317,2025-11-26 15:17:17+05:30,1011.5,10,1003.1,9122677,292823.0,345014.0,986.2,1012.8,981.3,986.2,120621750,1084.8,887.6,1102.5,649.1,1011.5,50,2,1011.4,165,6,1011.3,64,3,1011.2,270,5,1011.1,433,6,1011.7,1569,11,1011.8,3119,13,1011.9,787,10,1012.0,2916,27,1012.1,708,6
317,2025-11-26 15:17:18+05:30,1011.7,2,1003.1,9122677,292823.0,345014.0,986.2,1012.8,981.3,986.2,120621750,1084.8,887.6,1102.5,649.1,1011.5,50,2,1011.4,165,6,1011.3,64,3,1011.2,270,5,1011.1,433,6,1011.7,1569,11,1011.8,3119,13,1011.9,787,10,1012.0,2916,27,1012.1,708,6
317,2025-11-26 15:17:18+05:30,1011.7,2,1003.1,9123444,293164.0,343253.0,986.2,1012.8,981.3,986.2,120621750,1084.8,887.6,1102.5,649.1,1011.5,51,4,1011.4,165,6,1011.3,254,4,1011.2,342,6,1011.1,948,7,1011.7,522,7,1011.8,2044,8,1011.9,1330,9,1012.0,2747,23,1012.1,1214,8
317,2025-11-26 15:17:19+05:30,1011.7,2,1003.1,9123444,293164.0,343253.0,986.2,1012.8,981.3,986.2,120621750,1084.8,887.6,1102.5,649.1,1011.5,51,4,1011.4,165,6,1011.3,254,4,1011.2,342,6,1011.1,948,7,1011.7,522,7,1011.8,2044,8,1011.9,1330,9,1012.0,2747,23,1012.1,1214,8
317,2025-11-26 15:17:19+05:30,1011.6,1,1003.1,9123449,294096.0,344384.0,986.2,1012.8,981.3,986.2,120621750,1084.8,887.6,1102.5,649.1,1011.5,48,4,1011.4,165,6,1011.3,64,3,1011.2,532,7,1011.1,948,7,1011.6,121,1,1011.7,523,8,1011.8,2234,9,1011.9,1287,11,1012.0,2922,28
317,2025-11-26 15:17:20+05:30,1011.6,1,1003.1,9123449,294096.0,344384.0,986.2,1012.8,981.3,986.2,120621750,1084.8,887.6,1102.5,649.1,1011.5,48,4,1011.4,165,6,1011.3,64,3,1011.2,532,7,1011.1,948,7,1011.6,121,1,1011.7,523,8,1011.8,2234,9,1011.9,1287,11,1012.0,2922,28
317,2025-11-26 15:17:21+05:30,1011.6,7,1003.1,9123449,294096.0,344384.0,986.2,1012.8,981.3,986.2,120621750,1084.8,887.6,1102.5,649.1,1011.5,48,4,1011.4,165,6,1011.3,64,3,1011.2,532,7,1011.1,948,7,1011.6,121,1,1011.7,523,8,1011.8,2234,9,1011.9,1287,11,1012.0,2922,28
317,2025-11-26 15:17:21+05:30,1011.6,7,1003.1,9123511,294280.0,344650.0,986.2,1012.8,981.3,986.2,120621750,1084.8,887.6,1102.5,649.1,1011.5,132,4,1011.4,177,7,1011.3,251,4,1011.2,529,7,1011.1,948,7,1011.6,64,2,1011.7,517,7,1011.8,2165,9,1011.9,1474,12,1012.0,2922,28
317,2025-11-26 15:17:22+05:30,1011.5,4,1003.1,9123511,294280.0,344650.0,986.2,1012.8,981.3,986.2,120621750,1084.8,887.6,1102.5,649.1,1011.5,132,4,1011.4,177,7,1011.3,251,4,1011.2,529,7,1011.1,948,7,1011.6,64,2,1011.7,517,7,1011.8,2165,9,1011.9,1474,12,1012.0,2922,28
317,2025-11-26 15:17:22+05:30,1011.5,4,1003.1,9123515,294276.0,344556.0,986.2,1012.8,981.3,986.2,120621750,1084.8,887.6,1102.5,649.1,1011.5,128,4,1011.4,177,7,1011.3,251,4,1011.2,529,7,1011.1,948,7,1011.6,64,2,1011.7,517,7,1011.8,2165,9,1011.9,1474,12,1012.0,2922,28
317,2025-11-26 15:17:22+05:30,1011.5,4,1003.1,9123515,294276.0,344556.0,986.2,1012.8,981.3,986.2,120621750,1084.8,887.6,1102.5,649.1,1011.5,128,4,1011.4,177,7,1011.3,251,4,1011.2,529,7,1011.1,948,7,1011.6,64,2,1011.7,517,7,1011.8,2165,9,1011.9,1474,12,1012.0,2922,28
317,2025-11-26 15:17:23+05:30,1011.6,23,1003.1,9123515,294276.0,344556.0,986.2,1012.8,981.3,986.2,120621750,1084.8,887.6,1102.5,649.1,1011.5,128,4,1011.4,177,7,1011.3,251,4,1011.2,529,7,1011.1,948,7,1011.6,64,2,1011.7,517,7,1011.8,2165,9,1011.9,1474,12,1012.0,2922,28
317,2025-11-26 15:17:23+05:30,1011.6,23,1003.1,9123557,293620.0,344304.0,986.2,1012.8,981.3,986.2,120621750,1084.8,887.6,1102.5,649.1,1011.5,133,5,1011.4,165,6,1011.3,246,4,1011.2,342,6,1011.1,1166,9,1011.6,39,5,1011.7,541,7,1011.8,2229,9,1011.9,1287,11,1012.0,2897,27
317,2025-11-26 15:17:23+05:30,1011.6,23,1003.1,9123557,293620.0,344304.0,986.2,1012.8,981.3,986.2,120621750,1084.8,887.6,1102.5,649.1,1011.5,133,5,1011.4,165,6,1011.3,246,4,1011.2,342,6,1011.1,1166,9,1011.6,39,5,1011.7,541,7,1011.8,2229,9,1011.9,1287,11,1012.0,2897,27
317,2025-11-26 15:17:24+05:30,1011.6,1,1003.1,9123557,293620.0,344304.0,986.2,1012.8,981.3,986.2,120621750,1084.8,887.6,1102.5,649.1,1011.5,133,5,1011.4,165,6,1011.3,246,4,1011.2,342,6,1011.1,1166,9,1011.6,39,5,1011.7,541,7,1011.8,2229,9,1011.9,1287,11,1012.0,2897,27
317,2025-11-26 15:17:24+05:30,1011.6,3,1003.1,9123584,294111.0,343755.0,986.2,1012.8,981.3,986.2,120621750,1084.8,887.6,1102.5,649.1,1011.5,133,5,1011.4,165,6,1011.3,318,5,1011.2,544,7,1011.1,636,8,1011.6,129,4,1011.7,370,6,1011.8,2165,9,1011.9,1469,12,1012.0,2906,28
317,2025-11-26 15:17:24+05:30,1011.6,3,1003.1,9123584,294111.0,343755.0,986.2,1012.8,981.3,986.2,120621750,1084.8,887.6,1102.5,649.1,1011.5,133,5,1011.4,165,6,1011.3,318,5,1011.2,544,7,1011.1,636,8,1011.6,129,4,1011.7,370,6,1011.8,2165,9,1011.9,1469,12,1012.0,2906,28
317,2025-11-26 15:17:25+05:30,1011.5,171,1003.1,9123584,294111.0,343755.0,986.2,1012.8,981.3,986.2,120621750,1084.8,887.6,1102.5,649.1,1011.5,133,5,1011.4,165,6,1011.3,318,5,1011.2,544,7,1011.1,636,8,1011.6,129,4,1011.7,370,6,1011.8,2165,9,1011.9,1469,12,1012.0,2906,28
317,2025-11-26 15:17:25+05:30,1011.5,171,1003.1,9124862,293936.0,342968.0,986.2,1012.8,981.3,986.2,120621750,1084.8,887.6,1102.5,649.1,1011.4,1256,10,1011.3,372,6,1011.2,612,9,1011.1,409,6,1011.0,566,11,1011.6,52,3,1011.7,370,6,1011.8,1989,7,1011.9,749,7,1012.0,3654,31
317,2025-11-26 15:17:25+05:30,1011.5,171,1003.1,9124862,293936.0,342968.0,986.2,1012.8,981.3,986.2,120621750,1084.8,887.6,1102.5,649.1,1011.4,1256,10,1011.3,372,6,1011.2,612,9,1011.1,409,6,1011.0,566,11,1011.6,52,3,1011.7,370,6,1011.8,1989,7,1011.9,749,7,1012.0,3654,31
317,2025-11-26 15:17:26+05:30,1011.4,13,1003.1,9124862,293936.0,342968.0,986.2,1012.8,981.3,986.2,120621750,1084.8,887.6,1102.5,649.1,1011.4,1256,10,1011.3,372,6,1011.2,612,9,1011.1,409,6,1011.0,566,11,1011.6,52,3,1011.7,370,6,1011.8,1989,7,1011.9,749,7,1012.0,3654,31
317,2025-11-26 15:17:26+05:30,1011.4,13,1003.1,9124956,293809.0,344080.0,986.2,1012.8,981.3,986.2,120621750,1084.8,887.6,1102.5,649.1,1011.5,5,1,1011.4,927,9,1011.3,286,5,1011.2,790,10,1011.1,418,7,1011.6,56,4,1011.7,1389,8,1011.8,2193,9,1011.9,1299,11,1012.0,3128,28
317,2025-11-26 15:17:26+05:30,1011.4,13,1003.1,9124956,293809.0,344080.0,986.2,1012.8,981.3,986.2,120621750,1084.8,887.6,1102.5,649.1,1011.5,5,1,1011.4,927,9,1011.3,286,5,1011.2,790,10,1011.1,418,7,1011.6,56,4,1011.7,1389,8,1011.8,2193,9,1011.9,1299,11,1012.0,3128,28
317,2025-11-26 15:17:27+05:30,1011.6,1,1003.1,9124956,293809.0,344080.0,986.2,1012.8,981.3,986.2,120621750,1084.8,887.6,1102.5,649.1,1011.5,5,1,1011.4,927,9,1011.3,286,5,1011.2,790,10,1011.1,418,7,1011.6,56,4,1011.7,1389,8,1011.8,2193,9,1011.9,1299,11,1012.0,3128,28
317,2025-11-26 15:17:27+05:30,1011.6,1,1003.1,9125086,293880.0,343827.0,986.2,1012.8,981.3,986.2,120621750,1084.8,887.6,1102.5,649.1,1011.4,927,9,1011.3,370,6,1011.2,612,9,1011.1,595,8,1011.0,566,11,1011.6,50,2,1011.7,1387,7,1011.8,2072,8,1011.9,1330,10,1012.0,2949,27
317,2025-11-26 15:17:27+05:30,1011.6,1,1003.1,9125086,293880.0,343827.0,986.2,1012.8,981.3,986.2,120721500,1084.8,887.6,1102.5,649.1,1011.4,927,9,1011.3,370,6,1011.2,612,9,1011.1,595,8,1011.0,566,11,1011.6,50,2,1011.7,1387,7,1011.8,2072,8,1011.9,1330,10,1012.0,2949,27
317,2025-11-26 15:17:28+05:30,1011.6,10,1003.1,9125086,293880.0,343827.0,986.2,1012.8,981.3,986.2,120721500,1084.8,887.6,1102.5,649.1,1011.4,927,9,1011.3,370,6,1011.2,612,9,1011.1,595,8,1011.0,566,11,1011.6,50,2,1011.7,1387,7,1011.8,2072,8,1011.9,1330,10,1012.0,2949,27
317,2025-11-26 15:17:28+05:30,1011.6,10,1003.1,9125106,293836.0,344084.0,986.2,1012.8,981.3,986.2,120721500,1084.8,887.6,1102.5,649.1,1011.5,148,2,1011.4,905,10,1011.3,385,6,1011.2,789,10,1011.1,409,6,1011.6,30,2,1011.7,1387,7,1011.8,1974,7,1011.9,1153,9,1012.0,3126,28
317,2025-11-26 15:17:29+05:30,1011.6,2,1003.1,9125106,293836.0,344084.0,986.2,1012.8,981.3,986.2,120721500,1084.8,887.6,1102.5,649.1,1011.5,148,2,1011.4,905,10,1011.3,385,6,1011.2,789,10,1011.1,409,6,1011.6,30,2,1011.7,1387,7,1011.8,1974,7,1011.9,1153,9,1012.0,3126,28
317,2025-11-26 15:17:29+05:30,1011.6,4,1003.1,9125613,293760.0,345654.0,986.2,1012.8,981.3,986.2,120721500,1084.8,887.6,1102.5,649.1,1011.5,38,2,1011.4,890,8,1011.3,340,4,1011.2,718,9,1011.1,587,7,1011.6,15,3,1011.7,1496,8,1011.8,4105,11,1011.9,775,9,1012.0,3126,28
317,2025-11-26 15:17:30+05:30,1011.4,3,1003.1,9125613,293760.0,345654.0,986.2,1012.8,981.3,986.2,120721500,1084.8,887.6,1102.5,649.1,1011.5,38,2,1011.4,890,8,1011.3,340,4,1011.2,718,9,1011.1,587,7,1011.6,15,3,1011.7,1496,8,1011.8,4105,11,1011.9,775,9,1012.0,3126,28
317,2025-11-26 15:17:30+05:30,1011.4,9,1003.11,9126249,293329.0,345943.0,986.2,1012.8,981.3,986.2,120721500,1084.8,887.6,1102.5,649.1,1011.4,692,8,1011.3,519,5,1011.2,227,5,1011.1,569,6,1011.0,1069,13,1011.6,50,2,1011.7,1562,9,1011.8,4283,12,1011.9,788,10,1012.0,2949,27
317,2025-11-26 15:17:31+05:30,1011.6,1,1003.11,9126249,293329.0,345943.0,986.2,1012.8,981.3,986.2,120721500,1084.8,887.6,1102.5,649.1,1011.4,692,8,1011.3,519,5,1011.2,227,5,1011.1,569,6,1011.0,1069,13,1011.6,50,2,1011.7,1562,9,1011.8,4283,12,1011.9,788,10,1012.0,2949,27
317,2025-11-26 15:17:31+05:30,1011.5,365,1003.11,9127927,294670.0,345546.0,986.2,1012.8,981.3,986.2,120721500,1084.8,887.6,1102.5,649.1,1011.4,914,10,1011.3,521,5,1011.2,637,8,1011.1,329,5,1011.0,564,11,1011.5,900,1,1011.7,1031,7,1011.8,3997,11,1011.9,839,7,1012.0,3721,25
317,2025-11-26 15:17:32+05:30,1011.5,4,1003.11,9127927,294670.0,345546.0,986.2,1012.8,981.3,986.2,120721500,1084.8,887.6,1102.5,649.1,1011.4,914,10,1011.3,521,5,1011.2,637,8,1011.1,329,5,1011.0,564,11,1011.5,900,1,1011.7,1031,7,1011.8,3997,11,1011.9,839,7,1012.0,3721,25
317,2025-11-26 15:17:32+05:30,1011.4,423,1003.11,9128643,294151.0,345758.0,986.2,1012.8,981.3,986.2,120721500,1084.8,887.6,1102.5,649.1,1011.4,444,7,1011.3,340,4,1011.2,409,6,1011.1,401,6,1011.0,747,12,1011.5,774,3,1011.6,337,3,1011.7,1406,12,1011.8,4276,13,1011.9,839,7
317,2025-11-26 15:17:33+05:30,1011.5,1,1003.11,9128643,294151.0,345758.0,986.2,1012.8,981.3,986.2,120721500,1084.8,887.6,1102.5,649.1,1011.4,444,7,1011.3,340,4,1011.2,409,6,1011.1,401,6,1011.0,747,12,1011.5,774,3,1011.6,337,3,1011.7,1406,12,1011.8,4276,13,1011.9,839,7
317,2025-11-26 15:17:33+05:30,1011.5,7,1003.11,9128675,294388.0,346326.0,986.2,1012.8,981.3,986.2,120721500,1084.8,887.6,1102.5,649.1,1011.4,565,9,1011.3,387,5,1011.2,227,5,1011.1,498,6,1011.0,565,12,1011.5,1063,6,1011.6,544,5,1011.7,1688,17,1011.8,4095,12,1011.9,839,7
317,2025-11-26 15:17:34+05:30,1011.5,9,1003.11,9128675,294388.0,346326.0,986.2,1012.8,981.3,986.2,120721500,1084.8,887.6,1102.5,649.1,1011.4,565,9,1011.3,387,5,1011.2,227,5,1011.1,498,6,1011.0,565,12,1011.5,1063,6,1011.6,544,5,1011.7,1688,17,1011.8,4095,12,1011.9,839,7
317,2025-11-26 15:17:34+05:30,1011.4,87,1003.12,9138527,289140.0,346495.0,986.2,1012.8,981.3,986.2,120721500,1084.8,887.6,1102.5,649.1,1011.4,663,1,1011.0,94,1,1010.9,1854,6,1010.8,1589,6,1010.7,1286,8,1011.5,1415,12,1011.6,1368,9,1011.7,1574,12,1011.8,3535,11,1011.9,886,7
317,2025-11-26 15:17:35+05:30,1011.0,87,1003.12,9138527,289140.0,346495.0,986.2,1012.8,981.3,986.2,120721500,1084.8,887.6,1102.5,649.1,1011.4,663,1,1011.0,94,1,1010.9,1854,6,1010.8,1589,6,1010.7,1286,8,1011.5,1415,12,1011.6,1368,9,1011.7,1574,12,1011.8,3535,11,1011.9,886,7
317,2025-11-26 15:17:35+05:30,1011.4,669,1003.12,9142427,290016.0,345285.0,986.2,1012.8,981.3,986.2,120721500,1084.8,887.6,1102.5,649.1,1011.4,81,1,1011.3,16,1,1011.2,18,1,1011.1,202,1,1011.0,927,4,1011.5,1036,11,1011.6,469,5,1011.7,1987,13,1011.8,3652,11,1011.9,922,8
317,2025-11-26 15:17:36+05:30,1011.4,40,1003.12,9142427,290016.0,345285.0,986.2,1012.8,981.3,986.2,120721500,1084.8,887.6,1102.5,649.1,1011.4,81,1,1011.3,16,1,1011.2,18,1,1011.1,202,1,1011.0,927,4,1011.5,1036,11,1011.6,469,5,1011.7,1987,13,1011.8,3652,11,1011.9,922,8
317,2025-11-26 15:17:36+05:30,1011.4,10,1003.12,9143705,290284.0,348865.0,986.2,1012.8,981.3,986.2,120721500,1084.8,887.6,1102.5,649.1,1011.4,338,2,1011.2,18,1,1011.1,192,1,1011.0,72,1,1010.9,1944,8,1011.5,2098,15,1011.6,1965,11,1011.7,3071,16,1011.8,3652,11,1011.9,1048,8
317,2025-11-26 15:17:37+05:30,1011.4,10,1003.12,9143705,290284.0,348865.0,986.2,1012.8,981.3,986.2,120721500,1084.8,887.6,1102.5,649.1,1011.4,338,2,1011.2,18,1,1011.1,192,1,1011.0,72,1,1010.9,1944,8,1011.5,2098,15,1011.6,1965,11,1011.7,3071,16,1011.8,3652,11,1011.9,1048,8
317,2025-11-26 15:17:37+05:30,1011.4,10,1003.12,9143705,290556.0,349933.0,986.2,1012.8,981.3,986.2,120721500,1084.8,887.6,1102.5,649.1,1011.4,338,2,1011.2,90,2,1011.0,274,2,1010.9,1944,8,1010.8,1514,7,1011.5,2077,16,1011.6,2465,12,1011.7,2560,14,1011.8,3652,11,1011.9,1048,8
317,2025-11-26 15:17:38+05:30,1011.5,112,1003.12,9143705,290556.0,349933.0,986.2,1012.8,981.3,986.2,120721500,1084.8,887.6,1102.5,649.1,1011.4,338,2,1011.2,90,2,1011.0,274,2,1010.9,1944,8,1010.8,1514,7,1011.5,2077,16,1011.6,2465,12,1011.7,2560,14,1011.8,3652,11,1011.9,1048,8
317,2025-11-26 15:17:38+05:30,1011.4,556,1003.12,9144884,291541.0,347680.0,986.2,1012.8,981.3,986.2,120721500,1084.8,887.6,1102.5,649.1,1011.4,944,2,1011.2,298,3,1011.1,355,1,1011.0,72,1,1010.9,2752,9,1011.5,1732,10,1011.6,2260,10,1011.7,2566,14,1011.8,3687,13,1011.9,745,8
317,2025-11-26 15:17:39+05:30,1011.5,2,1003.12,9144884,291541.0,347680.0,986.2,1012.8,981.3,986.2,120721500,1084.8,887.6,1102.5,649.1,1011.4,944,2,1011.2,298,3,1011.1,355,1,1011.0,72,1,1010.9,2752,9,1011.5,1732,10,1011.6,2260,10,1011.7,2566,14,1011.8,3687,13,1011.9,745,8
317,2025-11-26 15:17:39+05:30,1011.5,2,1003.12,9144892,291624.0,348155.0,986.2,1012.8,981.3,986.2,120721500,1084.8,887.6,1102.5,649.1,1011.4,951,3,1011.2,90,2,1011.1,565,2,1011.0,72,1,1010.9,2752,9,1011.5,1846,12,1011.6,2260,10,1011.7,2566,14,1011.8,3687,13,1011.9,1061,9
317,2025-11-26 15:17:40+05:30,1011.4,180,1003.12,9144892,291624.0,348155.0,986.2,1012.8,981.3,986.2,120721500,1084.8,887.6,1102.5,649.1,1011.4,951,3,1011.2,90,2,1011.1,565,2,1011.0,72,1,1010.9,2752,9,1011.5,1846,12,1011.6,2260,10,1011.7,2566,14,1011.8,3687,13,1011.9,1061,9
317,2025-11-26 15:17:40+05:30,1011.5,1,1003.12,9145079,291501.0,348743.0,986.2,1012.8,981.3,986.2,120721500,1084.8,887.6,1102.5,649.1,1011.4,877,5,1011.3,58,1,1011.2,90,2,1011.1,355,1,1011.0,367,3,1011.5,1772,12,1011.6,2260,10,1011.7,2800,15,1011.8,3687,13,1011.9,1061,9
317,2025-11-26 15:17:41+05:30,1011.5,1,1003.12,9145079,291501.0,348743.0,986.2,1012.8,981.3,986.2,120721500,1084.8,887.6,1102.5,649.1,1011.4,877,5,1011.3,58,1,1011.2,90,2,1011.1,355,1,1011.0,367,3,1011.5,1772,12,1011.6,2260,10,1011.7,2800,15,1011.8,3687,13,1011.9,1061,9
317,2025-11-26 15:17:41+05:30,1011.4,12,1003.12,9145969,291804.0,349273.0,986.2,1012.8,981.3,986.2,120721500,1084.8,887.6,1102.5,649.1,1011.4,750,1,1011.3,78,2,1011.2,96,3,1011.1,355,1,1011.0,650,1,1011.5,2173,13,1011.6,2444,10,1011.7,2585,14,1011.8,3668,12,1011.9,1083,10
317,2025-11-26 15:17:42+05:30,1011.4,12,1003.12,9145969,291804.0,349273.0,986.2,1012.8,981.3,986.2,120721500,1084.8,887.6,1102.5,649.1,1011.4,750,1,1011.3,78,2,1011.2,96,3,1011.1,355,1,1011.0,650,1,1011.5,2173,13,1011.6,2444,10,1011.7,2585,14,1011.8,3668,12,1011.9,1083,10
317,2025-11-26 15:17:42+05:30,1011.4,6,1003.12,9145975,292757.0,348922.0,986.2,1012.8,981.3,986.2,120721500,1084.8,887.6,1102.5,649.1,1011.4,744,1,1011.3,78,2,1011.2,96,3,1011.1,355,1,1011.0,734,2,1011.5,2332,16,1011.6,1944,9,1011.7,3085,15,1011.8,3655,11,1011.9,1083,10
317,2025-11-26 15:17:43+05:30,1011.4,7,1003.12,9145975,292757.0,348922.0,986.2,1012.8,981.3,986.2,120721500,1084.8,887.6,1102.5,649.1,1011.4,744,1,1011.3,78,2,1011.2,96,3,1011.1,355,1,1011.0,734,2,1011.5,2332,16,1011.6,1944,9,1011.7,3085,15,1011.8,3655,11,1011.9,1083,10
317,2025-11-26 15:17:43+05:30,1011.5,228,1003.12,9146833,293086.0,348410.0,986.2,1012.8,981.3,986.2,120721500,1084.8,887.6,1102.5,649.1,1011.4,673,2,1011.3,78,2,1011.2,96,3,1011.1,675,3,1011.0,1099,4,1011.5,2304,10,1011.6,1723,9,1011.7,2758,13,1011.8,3893,12,1011.9,1048,8
317,2025-11-26 15:17:44+05:30,1011.5,3,1003.12,9146833,293086.0,348410.0,986.2,1012.8,981.3,986.2,120721500,1084.8,887.6,1102.5,649.1,1011.4,673,2,1011.3,78,2,1011.2,96,3,1011.1,675,3,1011.0,1099,4,1011.5,2304,10,1011.6,1723,9,1011.7,2758,13,1011.8,3893,12,1011.9,1048,8
317,2025-11-26 15:17:44+05:30,1011.5,2,1003.12,9146843,293885.0,349810.0,986.2,1012.8,981.3,986.2,120721500,1084.8,887.6,1102.5,649.1,1011.4,1000,4,1011.3,20,1,1011.2,96,3,1011.1,598,3,1011.0,1099,4,1011.5,2478,12,1011.6,2236,11,1011.7,3497,14,1011.8,3690,13,1011.9,1061,9
317,2025-11-26 15:17:45+05:30,1011.4,388,1003.12,9146843,293885.0,349810.0,986.2,1012.8,981.3,986.2,120721500,1084.8,887.6,1102.5,649.1,1011.4,1000,4,1011.3,20,1,1011.2,96,3,1011.1,598,3,1011.0,1099,4,1011.5,2478,12,1011.6,2236,11,1011.7,3497,14,1011.8,3690,13,1011.9,1061,9
317,2025-11-26 15:17:45+05:30,1011.4,16,1003.13,9152512,290930.0,347892.0,986.2,1012.8,981.3,986.2,120721500,1084.8,887.6,1102.5,649.1,1011.3,8,1,1011.2,96,3,1011.1,355,1,1011.0,709,3,1010.9,425,4,1011.4,230,2,1011.5,2827,17,1011.6,1368,11,1011.7,2319,12,1011.8,4009,14
317,2025-11-26 15:17:46+05:30,1011.4,1,1003.13,9152512,290930.0,347892.0,986.2,1012.8,981.3,986.2,120721500,1084.8,887.6,1102.5,649.1,1011.3,8,1,1011.2,96,3,1011.1,355,1,1011.0,709,3,1010.9,425,4,1011.4,230,2,1011.5,2827,17,1011.6,1368,11,1011.7,2319,12,1011.8,4009,14
317,2025-11-26 15:17:46+05:30,1011.3,5,1003.14,9163609,285437.0,346789.0,986.2,1012.8,981.3,986.2,120721500,1084.8,887.6,1102.5,649.1,1011.0,649,1,1010.6,779,9,1010.5,1175,9,1010.4,785,6,1010.3,2111,9,1011.2,18,1,1011.3,942,9,1011.4,1604,10,1011.5,2245,16,1011.6,852,11
317,2025-11-26 15:17:47+05:30,1011.2,24,1003.14,9163609,285437.0,346789.0,986.2,1012.8,981.3,986.2,120721500,1084.8,887.6,1102.5,649.1,1011.0,649,1,1010.6,779,9,1010.5,1175,9,1010.4,785,6,1010.3,2111,9,1011.2,18,1,1011.3,942,9,1011.4,1604,10,1011.5,2245,16,1011.6,852,11
317,2025-11-26 15:17:47+05:30,1011.0,68,1003.14,9166481,285957.0,348141.0,986.2,1012.8,981.3,986.2,120721500,1084.8,887.6,1102.5,649.1,1010.8,682,1,1010.6,76,3,1010.5,301,5,1010.4,607,7,1010.3,880,7,1011.1,643,4,1011.2,1163,6,1011.3,1106,12,1011.4,1265,10,1011.5,2099,15
317,2025-11-26 15:17:48+05:30,1011.0,274,1003.14,9166481,285957.0,348141.0,986.2,1012.8,981.3,986.2,120721500,1084.8,887.6,1102.5,649.1,1010.8,682,1,1010.6,76,3,1010.5,301,5,1010.4,607,7,1010.3,880,7,1011.1,643,4,1011.2,1163,6,1011.3,1106,12,1011.4,1265,10,1011.5,2099,15
317,2025-11-26 15:17:48+05:30,1010.8,8,1003.14,9166986,286802.0,351440.0,986.2,1012.8,981.3,986.2,120721500,1084.8,887.6,1102.5,649.1,1010.8,675,2,1010.7,21,1,1010.6,32,2,1010.5,156,4,1010.4,686,8,1011.0,107,1,1011.1,1067,9,1011.2,1932,11,1011.3,606,11,1011.4,4049,10
317,2025-11-26 15:17:49+05:30,1011.0,2,1003.14,9166986,286802.0,351440.0,986.2,1012.8,981.3,986.2,120721500,1084.8,887.6,1102.5,649.1,1010.8,675,2,1010.7,21,1,1010.6,32,2,1010.5,156,4,1010.4,686,8,1011.0,107,1,1011.1,1067,9,1011.2,1932,11,1011.3,606,11,1011.4,4049,10
317,2025-11-26 15:17:49+05:30,1010.8,3,1003.14,9167122,287612.0,351394.0,986.2,1012.8,981.3,986.2,120721500,1084.8,887.6,1102.5,649.1,1010.8,672,2,1010.7,21,1,1010.6,813,4,1010.5,248,6,1010.4,686,8,1011.0,380,3,1011.1,681,8,1011.2,1659,10,1011.3,816,12,1011.4,4049,10
317,2025-11-26 15:17:50+05:30,1011.0,1,1003.14,9167122,287612.0,351394.0,986.2,1012.8,981.3,986.2,120721500,1084.8,887.6,1102.5,649.1,1010.8,672,2,1010.7,21,1,1010.6,813,4,1010.5,248,6,1010.4,686,8,1011.0,380,3,1011.1,681,8,1011.2,1659,10,1011.3,816,12,1011.4,4049,10
317,2025-11-26 15:17:50+05:30,1011.0,7,1003.14,9167344,287897.0,351636.0,986.2,1012.8,981.3,986.2,120721500,1084.8,887.6,1102.5,649.1,1010.8,696,3,1010.7,67,2,1010.6,1308,7,1010.5,208,5,1010.4,446,7,1011.0,171,3,1011.1,565,5,1011.2,1179,8,1011.3,1088,14,1011.4,4817,13
317,2025-11-26 15:17:51+05:30,1010.8,7,1003.14,9167344,287897.0,351636.0,986.2,1012.8,981.3,986.2,120721500,1084.8,887.6,1102.5,649.1,1010.8,696,3,1010.7,67,2,1010.6,1308,7,1010.5,208,5,1010.4,446,7,1011.0,171,3,1011.1,565,5,1011.2,1179,8,1011.3,1088,14,1011.4,4817,13
317,2025-11-26 15:17:51+05:30,1010.8,180,1003.14,9167531,287466.0,351895.0,986.2,1012.8,981.3,986.2,120721500,1084.8,887.6,1102.5,649.1,1010.8,509,3,1010.7,67,2,1010.6,918,6,1010.5,5,2,1010.4,566,7,1011.0,723,11,1011.1,1404,11,1011.2,1672,7,1011.3,832,12,1011.4,4086,11
317,2025-11-26 15:17:52+05:30,1010.8,180,1003.14,9167531,287466.0,351895.0,986.2,1012.8,981.3,986.2,120721500,1084.8,887.6,1102.5,649.1,1010.8,509,3,1010.7,67,2,1010.6,918,6,1010.5,5,2,1010.4,566,7,1011.0,723,11,1011.1,1404,11,1011.2,1672,7,1011.3,832,12,1011.4,4086,11
317,2025-11-26 15:17:53+05:30,1010.8,22,1003.14,9169697,287621.0,350817.0,986.2,1012.8,981.3,986.2,120721500,1084.8,887.6,1102.5,649.1,1010.7,67,2,1010.6,1668,7,1010.5,5,2,1010.4,37,2,1010.3,400,4,1010.8,553,7,1010.9,394,6,1011.0,1035,11,1011.1,1329,8,1011.2,1922,7
317,2025-11-26 15:17:53+05:30,1010.8,22,1003.14,9169697,287621.0,350817.0,986.2,1012.8,981.3,986.2,120721500,1084.8,887.6,1102.5,649.1,1010.7,67,2,1010.6,1668,7,1010.5,5,2,1010.4,37,2,1010.3,400,4,1010.8,553,7,1010.9,394,6,1011.0,1035,11,1011.1,1329,8,1011.2,1922,7
317,2025-11-26 15:17:54+05:30,1010.8,4,1003.14,9169697,287621.0,350817.0,986.2,1012.8,981.3,986.2,120721500,1084.8,887.6,1102.5,649.1,1010.7,67,2,1010.6,1668,7,1010.5,5,2,1010.4,37,2,1010.3,400,4,1010.8,553,7,1010.9,394,6,1011.0,1035,11,1011.1,1329,8,1011.2,1922,7
317,2025-11-26 15:17:54+05:30,1010.8,4,1003.14,9169948,287256.0,351321.0,986.2,1012.8,981.3,986.2,120721500,1084.8,887.6,1102.5,649.1,1010.7,71,3,1010.6,1682,8,1010.5,5,2,1010.4,37,2,1010.3,253,4,1010.8,1384,12,1010.9,612,6,1011.0,864,10,1011.1,1400,9,1011.2,1476,7
317,2025-11-26 15:17:55+05:30,1010.7,8,1003.14,9169948,287256.0,351321.0,986.2,1012.8,981.3,986.2,120721500,1084.8,887.6,1102.5,649.1,1010.7,71,3,1010.6,1682,8,1010.5,5,2,1010.4,37,2,1010.3,253,4,1010.8,1384,12,1010.9,612,6,1011.0,864,10,1011.1,1400,9,1011.2,1476,7
317,2025-11-26 15:17:55+05:30,1010.7,8,1003.14,9170126,287099.0,350938.0,986.2,1012.8,981.3,986.2,120721500,1084.8,887.6,1102.5,649.1,1010.7,35,3,1010.6,1682,8,1010.5,19,3,1010.4,37,2,1010.3,195,3,1010.8,1063,10,1010.9,842,7,1011.0,864,10,1011.1,1400,9,1011.2,1515,8
317,2025-11-26 15:17:56+05:30,1010.7,7,1003.14,9170126,287099.0,350938.0,986.2,1012.8,981.3,986.2,120721500,1084.8,887.6,1102.5,649.1,1010.7,35,3,1010.6,1682,8,1010.5,19,3,1010.4,37,2,1010.3,195,3,1010.8,1063,10,1010.9,842,7,1011.0,864,10,1011.1,1400,9,1011.2,1515,8
317,2025-11-26 15:17:56+05:30,1010.7,7,1003.14,9170133,289001.0,351005.0,986.2,1012.8,981.3,986.2,120721500,1084.8,887.6,1102.5,649.1,1010.7,462,5,1010.6,1713,9,1010.5,19,3,1010.4,12,1,1010.3,195,3,1010.8,1023,9,1010.9,376,5,1011.0,1313,9,1011.1,900,8,1011.2,1313,11
317,2025-11-26 15:17:57+05:30,1010.8,3,1003.14,9170133,289001.0,351005.0,986.2,1012.8,981.3,986.2,120721500,1084.8,887.6,1102.5,649.1,1010.7,462,5,1010.6,1713,9,1010.5,19,3,1010.4,12,1,1010.3,195,3,1010.8,1023,9,1010.9,376,5,1011.0,1313,9,1011.1,900,8,1011.2,1313,11
317,2025-11-26 15:17:57+05:30,1010.8,3,1003.14,9170146,288993.0,350902.0,986.2,1012.8,981.3,986.2,120721500,1084.8,887.6,1102.5,649.1,1010.7,452,5,1010.6,1713,9,1010.5,19,3,1010.4,91,2,1010.3,195,3,1010.8,1020,9,1010.9,322,5,1011.0,1313,9,1011.1,900,8,1011.2,1313,11
317,2025-11-26 15:17:58+05:30,1010.6,1,1003.14,9170146,288993.0,350902.0,986.2,1012.8,981.3,986.2,120721500,1084.8,887.6,1102.5,649.1,1010.7,452,5,1010.6,1713,9,1010.5,19,3,1010.4,91,2,1010.3,195,3,1010.8,1020,9,1010.9,322,5,1011.0,1313,9,1011.1,900,8,1011.2,1313,11
317,2025-11-26 15:17:58+05:30,1010.7,1,1003.14,9170692,289795.0,351778.0,986.2,1012.8,981.3,986.2,120721500,1084.8,887.6,1102.5,649.1,1010.6,1932,11,1010.5,19,3,1010.4,231,2,1010.3,417,4,1010.2,464,9,1010.7,336,4,1010.8,807,8,1010.9,520,5,1011.0,771,6,1011.1,1344,10
317,2025-11-26 15:17:59+05:30,1010.7,3,1003.14,9170692,289795.0,351778.0,986.2,1012.8,981.3,986.2,120721500,1084.8,887.6,1102.5,649.1,1010.6,1932,11,1010.5,19,3,1010.4,231,2,1010.3,417,4,1010.2,464,9,1010.7,336,4,1010.8,807,8,1010.9,520,5,1011.0,771,6,1011.1,1344,10
317,2025-11-26 15:17:59+05:30,1010.7,1,1003.14,9170709,289596.0,351746.0,986.2,1012.8,981.3,986.2,120721500,1084.8,887.6,1102.5,649.1,1010.6,1752,11,1010.5,19,3,1010.4,12,1,1010.3,195,3,1010.2,818,7,1010.7,448,10,1010.8,791,4,1010.9,826,8,1011.0,1099,8,1011.1,1400,9
317,2025-11-26 15:18:00+05:30,1010.6,3,1003.14,9170709,289596.0,351746.0,986.2,1012.8,981.3,986.2,120721500,1084.8,887.6,1102.5,649.1,1010.6,1752,11,1010.5,19,3,1010.4,12,1,1010.3,195,3,1010.2,818,7,1010.7,448,10,1010.8,791,4,1010.9,826,8,1011.0,1099,8,1011.1,1400,9
317,2025-11-26 15:18:00+05:30,1010.7,79,1003.14,9171086,289130.0,351658.0,986.2,1012.8,981.3,986.2,120721500,1084.8,887.6,1102.5,649.1,1010.6,1471,10,1010.5,19,3,1010.4,26,1,1010.3,227,5,1010.2,603,6,1010.7,960,13,1010.8,278,4,1010.9,813,7,1011.0,1092,8,1011.1,900,8
317,2025-11-26 15:18:01+05:30,1010.6,6,1003.14,9171086,289130.0,351658.0,986.2,1012.8,981.3,986.2,120721500,1084.8,887.6,1102.5,649.1,1010.6,1471,10,1010.5,19,3,1010.4,26,1,1010.3,227,5,1010.2,603,6,1010.7,960,13,1010.8,278,4,1010.9,813,7,1011.0,1092,8,1011.1,900,8
317,2025-11-26 15:18:01+05:30,1010.7,3,1003.14,9171170,289035.0,351844.0,986.2,1012.8,981.3,986.2,120721500,1084.8,887.6,1102.5,649.1,1010.6,1411,10,1010.5,19,3,1010.4,26,1,1010.3,227,5,1010.2,603,6,1010.7,937,13,1010.8,278,4,1010.9,813,7,1011.0,1092,8,1011.1,1109,9
317,2025-11-26 15:18:02+05:30,1010.6,23,1003.14,9171170,289035.0,351844.0,986.2,1012.8,981.3,986.2,120721500,1084.8,887.6,1102.5,649.1,1010.6,1411,10,1010.5,19,3,1010.4,26,1,1010.3,227,5,1010.2,603,6,1010.7,937,13,1010.8,278,4,1010.9,813,7,1011.0,1092,8,1011.1,1109,9
317,2025-11-26 15:18:02+05:30,1010.6,1,1003.15,9173485,287481.0,350793.0,986.2,1012.8,981.3,986.2,120721500,1084.8,887.6,1102.5,649.1,1010.6,92,6,1010.5,769,4,1010.4,532,5,1010.3,199,4,1010.2,888,7,1010.7,205,4,1010.8,157,2,1010.9,554,6,1011.0,1016,8,1011.1,1641,9
317,2025-11-26 15:18:03+05:30,1010.6,7,1003.15,9173485,287481.0,350793.0,986.2,1012.8,981.3,986.2,120721500,1084.8,887.6,1102.5,649.1,1010.6,92,6,1010.5,769,4,1010.4,532,5,1010.3,199,4,1010.2,888,7,1010.7,205,4,1010.8,157,2,1010.9,554,6,1011.0,1016,8,1011.1,1641,9
317,2025-11-26 15:18:03+05:30,1010.9,2,1003.15,9174923,288785.0,349430.0,986.2,1012.8,981.3,986.2,120721500,1084.8,887.6,1102.5,649.1,1010.6,1014,4,1010.5,207,5,1010.4,573,6,1010.3,302,6,1010.2,396,6,1010.9,1087,1,1011.0,3484,7,1011.1,769,5,1011.2,1698,15,1011.3,823,7
317,2025-11-26 15:18:04+05:30,1010.9,3,1003.15,9174923,288785.0,349430.0,986.2,1012.8,981.3,986.2,120721500,1084.8,887.6,1102.5,649.1,1010.6,1014,4,1010.5,207,5,1010.4,573,6,1010.3,302,6,1010.2,396,6,1010.9,1087,1,1011.0,3484,7,1011.1,769,5,1011.2,1698,15,1011.3,823,7
317,2025-11-26 15:18:05+05:30,1010.9,100,1003.15,9176257,289574.0,348525.0,986.2,1012.8,981.3,986.2,120721500,1084.8,887.6,1102.5,649.1,1010.6,1031,5,1010.5,572,8,1010.4,455,6,1010.3,302,6,1010.2,970,7,1010.7,3,1,1010.8,2,1,1010.9,294,1,1011.0,3001,4,1011.1,697,5
317,2025-11-26 15:18:05+05:30,1010.9,100,1003.15,9176257,289574.0,348525.0,986.2,1012.8,981.3,986.2,120721500,1084.8,887.6,1102.5,649.1,1010.6,1031,5,1010.5,572,8,1010.4,455,6,1010.3,302,6,1010.2,970,7,1010.7,3,1,1010.8,2,1,1010.9,294,1,1011.0,3001,4,1011.1,697,5
317,2025-11-26 15:18:06+05:30,1010.9,13,1003.15,9176257,289574.0,348525.0,986.2,1012.8,981.3,986.2,120721500,1084.8,887.6,1102.5,649.1,1010.6,1031,5,1010.5,572,8,1010.4,455,6,1010.3,302,6,1010.2,970,7,1010.7,3,1,1010.8,2,1,1010.9,294,1,1011.0,3001,4,1011.1,697,5
317,2025-11-26 15:18:06+05:30,1010.6,1,1003.15,9177476,288592.0,348918.0,986.2,1012.8,981.3,986.2,120721500,1084.8,887.6,1102.5,649.1,1010.6,1039,5,1010.5,327,8,1010.4,663,7,1010.3,464,7,1010.2,426,7,1010.9,278,2,1011.0,3163,5,1011.1,781,5,1011.2,1618,13,1011.3,849,8
317,2025-11-26 15:18:07+05:30,1010.8,10,1003.15,9177476,288592.0,348918.0,986.2,1012.8,981.3,986.2,120721500,1084.8,887.6,1102.5,649.1,1010.6,1039,5,1010.5,327,8,1010.4,663,7,1010.3,464,7,1010.2,426,7,1010.9,278,2,1011.0,3163,5,1011.1,781,5,1011.2,1618,13,1011.3,849,8
317,2025-11-26 15:18:07+05:30,1010.8,10,1003.15,9177726,288603.0,348836.0,986.2,1012.8,981.3,986.2,120721500,1084.8,887.6,1102.5,649.1,1010.6,1018,6,1010.5,599,9,1010.4,455,6,1010.3,464,7,1010.2,940,8,1010.8,101,1,1010.9,269,2,1011.0,3290,7,1011.1,794,6,1011.2,910,11
317,2025-11-26 15:18:08+05:30,1011.0,340,1003.15,9180747,288036.0,347458.0,986.2,1012.8,981.3,986.2,120721500,1084.8,887.6,1102.5,649.1,1010.8,208,1,1010.7,433,1,1010.6,349,6,1010.5,187,8,1010.4,204,4,1011.0,2931,5,1011.1,556,8,1011.2,1364,7,1011.3,852,7,1011.4,1321,9
317,2025-11-26 15:18:09+05:30,1010.9,2,1003.15,9180747,288036.0,347458.0,986.2,1012.8,981.3,986.2,120721500,1084.8,887.6,1102.5,649.1,1010.8,208,1,1010.7,433,1,1010.6,349,6,1010.5,187,8,1010.4,204,4,1011.0,2931,5,1011.1,556,8,1011.2,1364,7,1011.3,852,7,1011.4,1321,9
317,2025-11-26 15:18:09+05:30,1010.7,20,1003.15,9180923,289227.0,348431.0,986.2,1012.8,981.3,986.2,120721500,1084.8,887.6,1102.5,649.1,1010.6,763,6,1010.5,358,7,1010.4,384,6,1010.3,464,7,1010.2,1000,10,1010.7,149,1,1010.9,104,2,1011.0,3409,11,1011.1,668,9,1011.2,1435,8
317,2025-11-26 15:18:10+05:30,1010.6,41,1003.15,9181042,289241.0,349873.0,986.2,1012.8,981.3,986.2,120721500,1084.8,887.6,1102.5,649.1,1010.6,721,7,1010.5,59,5,1010.4,496,6,1010.3,464,7,1010.2,457,9,1010.7,253,4,1010.8,35,1,1010.9,6,1,1011.0,3670,10,1011.1,1239,11
317,2025-11-26 15:18:11+05:30,1010.6,41,1003.15,9181042,289241.0,349873.0,986.2,1012.8,981.3,986.2,120721500,1084.8,887.6,1102.5,649.1,1010.6,721,7,1010.5,59,5,1010.4,496,6,1010.3,464,7,1010.2,457,9,1010.7,253,4,1010.8,35,1,1010.9,6,1,1011.0,3670,10,1011.1,1239,11
317,2025-11-26 15:18:11+05:30,1010.6,7,1003.15,9181049,289366.0,349666.0,986.2,1012.8,981.3,986.2,120721500,1084.8,887.6,1102.5,649.1,1010.6,733,10,1010.5,159,7,1010.4,575,7,1010.3,444,6,1010.2,986,10,1010.7,253,4,1010.8,35,1,1010.9,6,1,1011.0,3696,11,1011.1,627,9
317,2025-11-26 15:18:12+05:30,1010.7,25,1003.15,9181184,289397.0,349858.0,986.2,1012.8,981.3,986.2,120721500,1084.8,887.6,1102.5,649.1,1010.6,561,10,1010.5,264,7,1010.4,575,7,1010.3,437,6,1010.2,1015,8,1010.7,215,4,1010.8,35,1,1010.9,30,2,1011.0,3829,12,1011.1,1247,11
317,2025-11-26 15:18:13+05:30,1010.7,23,1003.15,9181184,289397.0,349858.0,986.2,1012.8,981.3,986.2,120721500,1084.8,887.6,1102.5,649.1,1010.6,561,10,1010.5,264,7,1010.4,575,7,1010.3,437,6,1010.2,1015,8,1010.7,215,4,1010.8,35,1,1010.9,30,2,1011.0,3829,12,1011.1,1247,11
317,2025-11-26 15:18:13+05:30,1010.6,1,1003.15,9181510,287759.0,350247.0,986.2,1012.8,981.3,986.2,120721500,1084.8,887.6,1102.5,649.1,1010.6,214,7,1010.5,404,7,1010.4,37,2,1010.3,275,5,1010.2,621,8,1010.7,262,5,1010.8,142,2,1010.9,983,10,1011.0,3976,12,1011.1,760,10
317,2025-11-26 15:18:14+05:30,1010.7,4,1003.15,9181510,287759.0,350247.0,986.2,1012.8,981.3,986.2,120721500,1084.8,887.6,1102.5,649.1,1010.6,214,7,1010.5,404,7,1010.4,37,2,1010.3,275,5,1010.2,621,8,1010.7,262,5,1010.8,142,2,1010.9,983,10,1011.0,3976,12,1011.1,760,10
317,2025-11-26 15:18:14+05:30,1010.7,1,1003.15,9181588,288318.0,350627.0,986.2,1012.8,981.3,986.2,120721500,1084.8,887.6,1102.5,649.1,1010.6,211,6,1010.5,392,6,1010.4,38,3,1010.3,283,6,1010.2,621,8,1010.7,383,6,1010.8,252,4,1010.9,939,9,1011.0,4169,13,1011.1,1260,11
317,2025-11-26 15:18:15+05:30,1010.7,1,1003.15,9181588,288318.0,350627.0,986.2,1012.8,981.3,986.2,120721500,1084.8,887.6,1102.5,649.1,1010.6,211,6,1010.5,392,6,1010.4,38,3,1010.3,283,6,1010.2,621,8,1010.7,383,6,1010.8,252,4,1010.9,939,9,1011.0,4169,13,1011.1,1260,11
317,2025-11-26 15:18:16+05:30,1010.7,15,1003.15,9181672,288257.0,350481.0,986.2,1012.8,981.3,986.2,120721500,1084.8,887.6,1102.5,649.1,1010.6,215,8,1010.5,392,6,1010.4,38,3,1010.3,468,6,1010.2,428,7,1010.7,357,8,1010.8,48,2,1010.9,1236,10,1011.0,3976,12,1011.1,1260,11
317,2025-11-26 15:18:16+05:30,1010.7,15,1003.15,9181672,288257.0,350481.0,986.2,1012.8,981.3,986.2,120721500,1084.8,887.6,1102.5,649.1,1010.6,215,8,1010.5,392,6,1010.4,38,3,1010.3,468,6,1010.2,428,7,1010.7,357,8,1010.8,48,2,1010.9,1236,10,1011.0,3976,12,1011.1,1260,11
317,2025-11-26 15:18:17+05:30,1010.7,15,1003.15,9181672,288422.0,350586.0,986.2,1012.8,981.3,986.2,120721500,1084.8,887.6,1102.5,649.1,1010.6,216,9,1010.5,392,6,1010.4,38,3,1010.3,468,6,1010.2,1014,8,1010.7,357,9,1010.8,48,2,1010.9,1336,11,1011.0,4126,13,1011.1,1260,11
317,2025-11-26 15:18:18+05:30,1010.6,63,1003.15,9181672,288422.0,350586.0,986.2,1012.8,981.3,986.2,120721500,1084.8,887.6,1102.5,649.1,1010.6,216,9,1010.5,392,6,1010.4,38,3,1010.3,468,6,1010.2,1014,8,1010.7,357,9,1010.8,48,2,1010.9,1336,11,1011.0,4126,13,1011.1,1260,11
317,2025-11-26 15:18:18+05:30,1010.6,4,1003.15,9182542,288480.0,350530.0,986.2,1012.8,981.3,986.2,120721500,1084.8,887.6,1102.5,649.1,1010.6,131,7,1010.5,388,5,1010.4,117,4,1010.3,468,6,1010.2,428,7,1010.7,344,8,1010.8,372,5,1010.9,1336,11,1011.0,4126,13,1011.1,1260,11
317,2025-11-26 15:18:19+05:30,1010.7,7,1003.15,9182542,288480.0,350530.0,986.2,1012.8,981.3,986.2,120721500,1084.8,887.6,1102.5,649.1,1010.6,131,7,1010.5,388,5,1010.4,117,4,1010.3,468,6,1010.2,428,7,1010.7,344,8,1010.8,372,5,1010.9,1336,11,1011.0,4126,13,1011.1,1260,11
317,2025-11-26 15:18:19+05:30,1010.6,5,1003.15,9182556,285946.0,350605.0,986.2,1012.8,981.3,986.2,120721500,1084.8,887.6,1102.5,649.1,1010.6,140,8,1010.5,388,5,1010.4,38,3,1010.3,196,4,1010.2,1114,9,1010.7,391,10,1010.8,470,6,1010.9,1336,11,1011.0,4319,14,1011.1,1260,11
317,2025-11-26 15:18:20+05:30,1010.7,4,1003.15,9182556,285946.0,350605.0,986.2,1012.8,981.3,986.2,120721500,1084.8,887.6,1102.5,649.1,1010.6,140,8,1010.5,388,5,1010.4,38,3,1010.3,196,4,1010.2,1114,9,1010.7,391,10,1010.8,470,6,1010.9,1336,11,1011.0,4319,14,1011.1,1260,11
317,2025-11-26 15:18:20+05:30,1010.7,23,1003.15,9182983,287872.0,350717.0,986.2,1012.8,981.3,986.2,120721500,1084.8,887.6,1102.5,649.1,1010.6,36,4,1010.5,388,5,1010.4,38,3,1010.3,115,2,1010.2,409,6,1010.7,451,9,1010.8,470,6,1010.9,1305,10,1011.0,4301,14,1011.1,1510,11
317,2025-11-26 15:18:21+05:30,1010.7,8,1003.15,9182983,287872.0,350717.0,986.2,1012.8,981.3,986.2,120721500,1084.8,887.6,1102.5,649.1,1010.6,36,4,1010.5,388,5,1010.4,38,3,1010.3,115,2,1010.2,409,6,1010.7,451,9,1010.8,470,6,1010.9,1305,10,1011.0,4301,14,1011.1,1510,11
317,2025-11-26 15:18:21+05:30,1010.7,8,1003.15,9183126,287584.0,350579.0,986.2,1012.8,981.3,986.2,120721500,1084.8,887.6,1102.5,649.1,1010.6,12,2,1010.5,388,5,1010.4,38,3,1010.3,5,1,1010.2,413,7,1010.7,313,9,1010.8,820,8,1010.9,1130,9,1011.0,4626,14,1011.1,1510,11
317,2025-11-26 15:18:22+05:30,1010.6,3,1003.15,9183126,287584.0,350579.0,986.2,1012.8,981.3,986.2,120721500,1084.8,887.6,1102.5,649.1,1010.6,12,2,1010.5,388,5,1010.4,38,3,1010.3,5,1,1010.2,413,7,1010.7,313,9,1010.8,820,8,1010.9,1130,9,1011.0,4626,14,1011.1,1510,11
317,2025-11-26 15:18:22+05:30,1010.7,50,1003.15,9183182,287574.0,350967.0,986.2,1012.8,981.3,986.2,120721500,1084.8,887.6,1102.5,649.1,1010.6,64,3,1010.5,409,5,1010.4,38,3,1010.3,5,1,1010.2,413,7,1010.7,260,9,1010.8,713,7,1010.9,1250,10,1011.0,4626,14,1011.1,1510,11
317,2025-11-26 15:18:23+05:30,1010.7,3,1003.15,9183182,287574.0,350967.0,986.2,1012.8,981.3,986.2,120721500,1084.8,887.6,1102.5,649.1,1010.6,64,3,1010.5,409,5,1010.4,38,3,1010.3,5,1,1010.2,413,7,1010.7,260,9,1010.8,713,7,1010.9,1250,10,1011.0,4626,14,1011.1,1510,11
317,2025-11-26 15:18:23+05:30,1010.9,136,1003.16,9187266,287923.0,348566.0,986.2,1012.8,981.3,986.2,120721500,1084.8,887.6,1102.5,649.1,1010.6,66,2,1010.5,409,5,1010.4,38,3,1010.3,169,5,1010.2,769,8,1010.9,556,6,1011.0,4320,15,1011.1,1792,10,1011.2,1518,6,1011.3,445,6
317,2025-11-26 15:18:24+05:30,1010.9,136,1003.16,9187266,287923.0,348566.0,986.2,1012.8,981.3,986.2,120721500,1084.8,887.6,1102.5,649.1,1010.6,66,2,1010.5,409,5,1010.4,38,3,1010.3,169,5,1010.2,769,8,1010.9,556,6,1011.0,4320,15,1011.1,1792,10,1011.2,1518,6,1011.3,445,6
317,2025-11-26 15:18:24+05:30,1010.7,3,1003.16,9187272,288435.0,349475.0,986.2,1012.8,981.3,986.2,120721500,1084.8,887.6,1102.5,649.1,1010.6,83,3,1010.5,409,5,1010.4,14,3,1010.3,440,5,1010.2,781,9,1010.7,44,1,1010.8,157,2,1010.9,1019,11,1011.0,4006,14,1011.1,1721,9
317,2025-11-26 15:18:25+05:30,1010.7,111,1003.16,9187272,288435.0,349475.0,986.2,1012.8,981.3,986.2,120721500,1084.8,887.6,1102.5,649.1,1010.6,83,3,1010.5,409,5,1010.4,14,3,1010.3,440,5,1010.2,781,9,1010.7,44,1,1010.8,157,2,1010.9,1019,11,1011.0,4006,14,1011.1,1721,9
317,2025-11-26 15:18:25+05:30,1010.7,123,1003.16,9187600,288496.0,349353.0,986.2,1012.8,981.3,986.2,120721500,1084.8,887.6,1102.5,649.1,1010.6,35,4,1010.5,409,5,1010.4,443,5,1010.3,615,6,1010.2,790,10,1010.7,65,2,1010.8,204,2,1010.9,669,9,1011.0,4151,14,1011.1,1315,8
317,2025-11-26 15:18:26+05:30,1010.7,123,1003.16,9187600,288496.0,349353.0,986.2,1012.8,981.3,986.2,120721500,1084.8,887.6,1102.5,649.1,1010.6,35,4,1010.5,409,5,1010.4,443,5,1010.3,615,6,1010.2,790,10,1010.7,65,2,1010.8,204,2,1010.9,669,9,1011.0,4151,14,1011.1,1315,8
317,2025-11-26 15:18:26+05:30,1010.7,3,1003.16,9187604,288668.0,349631.0,986.2,1012.8,981.3,986.2,120721500,1084.8,887.6,1102.5,649.1,1010.6,55,6,1010.5,409,5,1010.4,443,5,1010.3,656,5,1010.2,790,10,1010.7,15,1,1010.8,97,1,1010.9,640,8,1011.0,4151,14,1011.1,1386,9
317,2025-11-26 15:18:27+05:30,1010.6,2,1003.16,9187604,288668.0,349631.0,986.2,1012.8,981.3,986.2,120721500,1084.8,887.6,1102.5,649.1,1010.6,55,6,1010.5,409,5,1010.4,443,5,1010.3,656,5,1010.2,790,10,1010.7,15,1,1010.8,97,1,1010.9,640,8,1011.0,4151,14,1011.1,1386,9
317,2025-11-26 15:18:28+05:30,1010.6,1,1003.16,9187604,288668.0,349631.0,986.2,1012.8,981.3,986.2,120721500,1084.8,887.6,1102.5,649.1,1010.6,55,6,1010.5,409,5,1010.4,443,5,1010.3,656,5,1010.2,790,10,1010.7,15,1,1010.8,97,1,1010.9,640,8,1011.0,4151,14,1011.1,1386,9
317,2025-11-26 15:18:28+05:30,1010.6,1,1003.16,9187865,288286.0,350017.0,986.2,1012.8,981.3,986.2,120721500,1084.8,887.6,1102.5,649.1,1010.5,422,5,1010.4,189,4,1010.3,548,5,1010.2,781,9,1010.1,1510,14,1010.6,121,2,1010.7,9,3,1010.8,419,4,1010.9,840,8,1011.0,4246,16
317,2025-11-26 15:18:29+05:30,1010.6,2,1003.16,9187865,288286.0,350017.0,986.2,1012.8,981.3,986.2,120721500,1084.8,887.6,1102.5,649.1,1010.5,422,5,1010.4,189,4,1010.3,548,5,1010.2,781,9,1010.1,1510,14,1010.6,121,2,1010.7,9,3,1010.8,419,4,1010.9,840,8,1011.0,4246,16
317,2025-11-26 15:18:29+05:30,1010.6,4,1003.16,9187871,288732.0,350236.0,986.2,1012.8,981.3,986.2,120721500,1084.8,887.6,1102.5,649.1,1010.5,422,5,1010.4,14,3,1010.3,308,4,1010.2,956,10,1010.1,1548,15,1010.6,345,4,1010.7,4,2,1010.8,419,4,1010.9,1015,9,1011.0,4571,16
317,2025-11-26 15:18:30+05:30,1010.5,3,1003.16,9187871,288732.0,350236.0,986.2,1012.8,981.3,986.2,120721500,1084.8,887.6,1102.5,649.1,1010.5,422,5,1010.4,14,3,1010.3,308,4,1010.2,956,10,1010.1,1548,15,1010.6,345,4,1010.7,4,2,1010.8,419,4,1010.9,1015,9,1011.0,4571,16
317,2025-11-26 15:18:30+05:30,1010.5,9,1003.16,9187906,288789.0,350230.0,986.2,1012.8,981.3,986.2,120721500,1084.8,887.6,1102.5,649.1,1010.5,423,6,1010.4,14,3,1010.3,344,5,1010.2,1534,11,1010.1,1548,15,1010.6,412,5,1010.7,4,2,1010.8,672,6,1010.9,1015,9,1011.0,4058,14
317,2025-11-26 15:18:31+05:30,1010.6,1,1003.16,9187906,288789.0,350230.0,986.2,1012.8,981.3,986.2,120721500,1084.8,887.6,1102.5,649.1,1010.5,423,6,1010.4,14,3,1010.3,344,5,1010.2,1534,11,1010.1,1548,15,1010.6,412,5,1010.7,4,2,1010.8,672,6,1010.9,1015,9,1011.0,4058,14
317,2025-11-26 15:18:31+05:30,1010.6,1,1003.16,9187937,288499.0,350069.0,986.2,1012.8,981.3,986.2,120721500,1084.8,887.6,1102.5,649.1,1010.5,424,8,1010.4,14,3,1010.3,584,6,1010.2,980,10,1010.1,1534,13,1010.6,418,10,1010.8,669,6,1010.9,840,8,1011.0,4058,14,1011.1,2110,12
317,2025-11-26 15:18:32+05:30,1010.5,2,1003.16,9187937,288499.0,350069.0,986.2,1012.8,981.3,986.2,120721500,1084.8,887.6,1102.5,649.1,1010.5,424,8,1010.4,14,3,1010.3,584,6,1010.2,980,10,1010.1,1534,13,1010.6,418,10,1010.8,669,6,1010.9,840,8,1011.0,4058,14,1011.1,2110,12
317,2025-11-26 15:18:32+05:30,1010.5,2,1003.16,9187940,288237.0,350134.0,986.2,1012.8,981.3,986.2,120721500,1084.8,887.6,1102.5,649.1,1010.5,921,9,1010.4,102,4,1010.3,423,6,1010.2,1730,11,1010.1,1534,13,1010.6,412,10,1010.8,230,4,1010.9,1039,9,1011.0,4058,14,1011.1,2110,12
317,2025-11-26 15:18:33+05:30,1010.5,2,1003.16,9187940,288237.0,350134.0,986.2,1012.8,981.3,986.2,120721500,1084.8,887.6,1102.5,649.1,1010.5,921,9,1010.4,102,4,1010.3,423,6,1010.2,1730,11,1010.1,1534,13,1010.6,412,10,1010.8,230,4,1010.9,1039,9,1011.0,4058,14,1011.1,2110,12
317,2025-11-26 15:18:33+05:30,1010.6,15,1003.16,9188934,287789.0,350505.0,986.2,1012.8,981.3,986.2,120721500,1084.8,887.6,1102.5,649.1,1010.5,226,7,1010.4,45,4,1010.3,1015,7,1010.2,1635,9,1010.1,1499,13,1010.6,314,8,1010.8,2790,6,1010.9,911,9,1011.0,2138,15,1011.1,2110,12
317,2025-11-26 15:18:34+05:30,1010.6,4,1003.16,9188934,287789.0,350505.0,986.2,1012.8,981.3,986.2,120721500,1084.8,887.6,1102.5,649.1,1010.5,226,7,1010.4,45,4,1010.3,1015,7,1010.2,1635,9,1010.1,1499,13,1010.6,314,8,1010.8,2790,6,1010.9,911,9,1011.0,2138,15,1011.1,2110,12
317,2025-11-26 15:18:34+05:30,1010.6,5,1003.16,9188959,286845.0,355939.0,986.2,1012.8,981.3,986.2,120721500,1084.8,887.6,1102.5,649.1,1010.5,221,6,1010.4,45,4,1010.3,230,4,1010.2,1249,5,1010.1,1486,12,1010.6,2076,12,1010.7,2243,7,1010.8,4562,8,1010.9,1398,9,1011.0,2488,14
317,2025-11-26 15:18:35+05:30,1010.5,1,1003.16,9188959,286845.0,355939.0,986.2,1012.8,981.3,986.2,120721500,1084.8,887.6,1102.5,649.1,1010.5,221,6,1010.4,45,4,1010.3,230,4,1010.2,1249,5,1010.1,1486,12,1010.6,2076,12,1010.7,2243,7,1010.8,4562,8,1010.9,1398,9,1011.0,2488,14
317,2025-11-26 15:18:35+05:30,1010.5,43,1003.16,9189798,288656.0,354997.0,986.2,1012.8,981.3,986.2,120721500,1084.8,887.6,1102.5,649.1,1010.5,244,7,1010.4,795,5,1010.3,309,5,1010.2,1407,8,1010.1,1486,12,1010.6,1276,5,1010.7,1610,3,1010.8,4824,12,1010.9,1398,9,1011.0,2670,14
317,2025-11-26 15:18:36+05:30,1010.6,127,1003.16,9189798,288656.0,354997.0,986.2,1012.8,981.3,986.2,120721500,1084.8,887.6,1102.5,649.1,1010.5,244,7,1010.4,795,5,1010.3,309,5,1010.2,1407,8,1010.1,1486,12,1010.6,1276,5,1010.7,1610,3,1010.8,4824,12,1010.9,1398,9,1011.0,2670,14
317,2025-11-26 15:18:36+05:30,1010.6,127,1003.16,9189980,288797.0,354695.0,986.2,1012.8,981.3,986.2,120721500,1084.8,887.6,1102.5,649.1,1010.5,191,7,1010.4,883,6,1010.3,616,8,1010.2,1377,7,1010.1,1519,12,1010.6,1165,6,1010.7,1597,2,1010.8,4471,5,1010.9,898,8,1011.0,2464,13
317,2025-11-26 15:18:37+05:30,1010.4,1,1003.16,9189980,288797.0,354695.0,986.2,1012.8,981.3,986.2,120721500,1084.8,887.6,1102.5,649.1,1010.5,191,7,1010.4,883,6,1010.3,616,8,1010.2,1377,7,1010.1,1519,12,1010.6,1165,6,1010.7,1597,2,1010.8,4471,5,1010.9,898,8,1011.0,2464,13
317,2025-11-26 15:18:37+05:30,1010.6,4,1003.16,9190497,289623.0,354705.0,986.2,1012.8,981.3,986.2,120721500,1084.8,887.6,1102.5,649.1,1010.4,794,5,1010.3,244,5,1010.2,1824,9,1010.1,1382,11,1010.0,6311,42,1010.5,1643,2,1010.6,1165,7,1010.7,1958,4,1010.8,3095,7,1010.9,2148,10
317,2025-11-26 15:18:38+05:30,1010.6,4,1003.16,9190497,289623.0,354705.0,986.2,1012.8,981.3,986.2,120721500,1084.8,887.6,1102.5,649.1,1010.4,794,5,1010.3,244,5,1010.2,1824,9,1010.1,1382,11,1010.0,6311,42,1010.5,1643,2,1010.6,1165,7,1010.7,1958,4,1010.8,3095,7,1010.9,2148,10
317,2025-11-26 15:18:38+05:30,1010.4,2,1003.16,9190500,289246.0,355703.0,986.2,1012.8,981.3,986.2,120721500,1084.8,887.6,1102.5,649.1,1010.4,806,6,1010.3,248,6,1010.2,1255,7,1010.1,1604,12,1010.0,6401,43,1010.5,1650,4,1010.6,1162,6,1010.7,2185,5,1010.8,2892,6,1010.9,2148,10
317,2025-11-26 15:18:39+05:30,1010.5,2,1003.16,9190500,289246.0,355703.0,986.2,1012.8,981.3,986.2,120721500,1084.8,887.6,1102.5,649.1,1010.4,806,6,1010.3,248,6,1010.2,1255,7,1010.1,1604,12,1010.0,6401,43,1010.5,1650,4,1010.6,1162,6,1010.7,2185,5,1010.8,2892,6,1010.9,2148,10
317,2025-11-26 15:18:39+05:30,1010.4,3,1003.16,9190562,289137.0,355673.0,986.2,1012.8,981.3,986.2,120721500,1084.8,887.6,1102.5,649.1,1010.4,1069,7,1010.3,248,6,1010.2,1262,7,1010.1,1387,12,1010.0,6633,45,1010.5,1830,5,1010.6,1219,8,1010.7,2174,4,1010.8,2892,6,1010.9,1648,9
317,2025-11-26 15:18:40+05:30,1010.5,5,1003.16,9190562,289137.0,355673.0,986.2,1012.8,981.3,986.2,120721500,1084.8,887.6,1102.5,649.1,1010.4,1069,7,1010.3,248,6,1010.2,1262,7,1010.1,1387,12,1010.0,6633,45,1010.5,1830,5,1010.6,1219,8,1010.7,2174,4,1010.8,2892,6,1010.9,1648,9
317,2025-11-26 15:18:40+05:30,1010.5,5,1003.16,9190570,289255.0,354995.0,986.2,1012.8,981.3,986.2,120721500,1084.8,887.6,1102.5,649.1,1010.4,1071,8,1010.3,248,6,1010.2,1289,8,1010.1,1351,11,1010.0,6633,45,1010.5,1822,5,1010.6,1219,8,1010.7,1958,4,1010.8,3111,6,1010.9,2148,10
317,2025-11-26 15:18:41+05:30,1010.5,44,1003.16,9190570,289255.0,354995.0,986.2,1012.8,981.3,986.2,120721500,1084.8,887.6,1102.5,649.1,1010.4,1071,8,1010.3,248,6,1010.2,1289,8,1010.1,1351,11,1010.0,6633,45,1010.5,1822,5,1010.6,1219,8,1010.7,1958,4,1010.8,3111,6,1010.9,2148,10
317,2025-11-26 15:18:41+05:30,1010.5,10,1003.16,9190742,289256.0,355826.0,986.2,1012.8,981.3,986.2,120721500,1084.8,887.6,1102.5,649.1,1010.4,1002,9,1010.3,248,6,1010.2,1219,7,1010.1,1351,11,1010.0,6630,44,1010.5,2175,9,1010.6,1170,5,1010.7,2393,7,1010.8,3045,6,1010.9,2386,11
317,2025-11-26 15:18:42+05:30,1010.4,7,1003.16,9190742,289256.0,355826.0,986.2,1012.8,981.3,986.2,120721500,1084.8,887.6,1102.5,649.1,1010.4,1002,9,1010.3,248,6,1010.2,1219,7,1010.1,1351,11,1010.0,6630,44,1010.5,2175,9,1010.6,1170,5,1010.7,2393,7,1010.8,3045,6,1010.9,2386,11
317,2025-11-26 15:18:42+05:30,1010.5,23,1003.16,9191302,288828.0,355653.0,986.2,1012.8,981.3,986.2,120721500,1084.8,887.6,1102.5,649.1,1010.4,564,10,1010.3,248,6,1010.2,1219,7,1010.1,1591,12,1010.0,6401,43,1010.5,2026,7,1010.6,1170,5,1010.7,2159,6,1010.8,3285,7,1010.9,2148,10
317,2025-11-26 15:18:43+05:30,1010.4,10,1003.16,9191302,288828.0,355653.0,986.2,1012.8,981.3,986.2,120721500,1084.8,887.6,1102.5,649.1,1010.4,564,10,1010.3,248,6,1010.2,1219,7,1010.1,1591,12,1010.0,6401,43,1010.5,2026,7,1010.6,1170,5,1010.7,2159,6,1010.8,3285,7,1010.9,2148,10
317,2025-11-26 15:18:44+05:30,1010.5,3,1003.16,9191302,288828.0,355653.0,986.2,1012.8,981.3,986.2,120721500,1084.8,887.6,1102.5,649.1,1010.4,564,10,1010.3,248,6,1010.2,1219,7,1010.1,1591,12,1010.0,6401,43,1010.5,2026,7,1010.6,1170,5,1010.7,2159,6,1010.8,3285,7,1010.9,2148,10
317,2025-11-26 15:18:44+05:30,1010.5,3,1003.16,9191454,288680.0,355569.0,986.2,1012.8,981.3,986.2,120721500,1084.8,887.6,1102.5,649.1,1010.4,471,9,1010.3,248,6,1010.2,1219,7,1010.1,1351,11,1010.0,6643,44,1010.5,1965,7,1010.6,1170,5,1010.7,2159,6,1010.8,3287,7,1010.9,2148,10
317,2025-11-26 15:18:45+05:30,1010.5,3,1003.16,9191454,288680.0,355569.0,986.2,1012.8,981.3,986.2,120721500,1084.8,887.6,1102.5,649.1,1010.4,471,9,1010.3,248,6,1010.2,1219,7,1010.1,1351,11,1010.0,6643,44,1010.5,1965,7,1010.6,1170,5,1010.7,2159,6,1010.8,3287,7,1010.9,2148,10
317,2025-11-26 15:18:45+05:30,1010.5,44,1003.16,9191516,289220.0,355706.0,986.2,1012.8,981.3,986.2,120721500,1084.8,887.6,1102.5,649.1,1010.4,725,10,1010.3,248,6,1010.2,1219,7,1010.1,1351,11,1010.0,6630,43,1010.5,1903,7,1010.6,1170,5,1010.7,2207,9,1010.8,3287,7,1010.9,2148,10
317,2025-11-26 15:18:46+05:30,1010.4,1,1003.16,9191516,289220.0,355706.0,986.2,1012.8,981.3,986.2,120721500,1084.8,887.6,1102.5,649.1,1010.4,725,10,1010.3,248,6,1010.2,1219,7,1010.1,1351,11,1010.0,6630,43,1010.5,1903,7,1010.6,1170,5,1010.7,2207,9,1010.8,3287,7,1010.9,2148,10
317,2025-11-26 15:18:46+05:30,1010.5,15,1003.16,9191548,289333.0,355688.0,986.2,1012.8,981.3,986.2,120721500,1084.8,887.6,1102.5,649.1,1010.4,735,13,1010.3,248,6,1010.2,1219,7,1010.1,1598,12,1010.0,6421,44,1010.5,1894,8,1010.6,1170,5,1010.7,2159,6,1010.8,3292,7,1010.9,2148,10
317,2025-11-26 15:18:47+05:30,1010.4,8,1003.16,9191548,289333.0,355688.0,986.2,1012.8,981.3,986.2,120721500,1084.8,887.6,1102.5,649.1,1010.4,735,13,1010.3,248,6,1010.2,1219,7,1010.1,1598,12,1010.0,6421,44,1010.5,1894,8,1010.6,1170,5,1010.7,2159,6,1010.8,3292,7,1010.9,2148,10
317,2025-11-26 15:18:47+05:30,1010.4,8,1003.16,9191567,289050.0,355732.0,986.2,1012.8,981.3,986.2,120721500,1084.8,887.6,1102.5,649.1,1010.4,727,13,1010.3,335,7,1010.2,1219,7,1010.1,1620,13,1010.0,6421,44,1010.5,1883,9,1010.6,1170,5,1010.7,2407,7,1010.8,3045,6,1010.9,2148,10
317,2025-11-26 15:18:48+05:30,1010.4,10,1003.16,9191567,289050.0,355732.0,986.2,1012.8,981.3,986.2,120721500,1084.8,887.6,1102.5,649.1,1010.4,727,13,1010.3,335,7,1010.2,1219,7,1010.1,1620,13,1010.0,6421,44,1010.5,1883,9,1010.6,1170,5,1010.7,2407,7,1010.8,3045,6,1010.9,2148,10
317,2025-11-26 15:18:48+05:30,1010.4,8,1003.16,9192116,289829.0,355749.0,986.2,1012.8,981.3,986.2,120721500,1084.8,887.6,1102.5,649.1,1010.4,1231,11,1010.3,248,6,1010.2,866,6,1010.1,1283,11,1010.0,6919,46,1010.5,1854,10,1010.6,1382,7,1010.7,2499,8,1010.8,3486,9,1010.9,2028,9
317,2025-11-26 15:18:49+05:30,1010.5,9,1003.16,9192116,289829.0,355749.0,986.2,1012.8,981.3,986.2,120721500,1084.8,887.6,1102.5,649.1,1010.4,1231,11,1010.3,248,6,1010.2,866,6,1010.1,1283,11,1010.0,6919,46,1010.5,1854,10,1010.6,1382,7,1010.7,2499,8,1010.8,3486,9,1010.9,2028,9
317,2025-11-26 15:18:49+05:30,1010.5,44,1003.16,9192699,289182.0,355155.0,986.2,1012.8,981.3,986.2,120721500,1084.8,887.6,1102.5,649.1,1010.4,745,9,1010.3,380,8,1010.2,1116,7,1010.1,1362,12,1010.0,6670,45,1010.5,1771,10,1010.6,1290,6,1010.7,2397,7,1010.8,3237,8,1010.9,1778,9
317,2025-11-26 15:18:50+05:30,1010.7,36,1003.16,9192699,289182.0,355155.0,986.2,1012.8,981.3,986.2,120721500,1084.8,887.6,1102.5,649.1,1010.4,745,9,1010.3,380,8,1010.2,1116,7,1010.1,1362,12,1010.0,6670,45,1010.5,1771,10,1010.6,1290,6,1010.7,2397,7,1010.8,3237,8,1010.9,1778,9
317,2025-11-26 15:18:50+05:30,1010.7,5,1003.17,9198957,293286.0,348575.0,986.2,1012.8,981.3,986.2,120721500,1084.8,887.6,1102.5,649.1,1010.7,1439,5,1010.6,631,5,1010.5,921,7,1010.4,814,14,1010.3,1406,13,1010.8,1960,1,1011.0,1144,5,1011.1,197,2,1011.2,770,6,1011.3,880,9
317,2025-11-26 15:18:51+05:30,1010.8,1,1003.17,9198957,293286.0,348575.0,986.2,1012.8,981.3,986.2,120721500,1084.8,887.6,1102.5,649.1,1010.7,1439,5,1010.6,631,5,1010.5,921,7,1010.4,814,14,1010.3,1406,13,1010.8,1960,1,1011.0,1144,5,1011.1,197,2,1011.2,770,6,1011.3,880,9
317,2025-11-26 15:18:51+05:30,1010.8,467,1003.17,9199436,291057.0,348213.0,986.2,1012.8,981.3,986.2,120721500,1084.8,887.6,1102.5,649.1,1010.7,972,4,1010.6,1163,3,1010.5,801,7,1010.4,813,13,1010.3,1305,12,1010.8,1481,1,1010.9,111,1,1011.0,1144,5,1011.1,197,2,1011.2,765,5
317,2025-11-26 15:18:52+05:30,1011.0,323,1003.17,9199436,291057.0,348213.0,986.2,1012.8,981.3,986.2,120721500,1084.8,887.6,1102.5,649.1,1010.7,972,4,1010.6,1163,3,1010.5,801,7,1010.4,813,13,1010.3,1305,12,1010.8,1481,1,1010.9,111,1,1011.0,1144,5,1011.1,197,2,1011.2,765,5
317,2025-11-26 15:18:52+05:30,1010.8,1,1003.17,9202061,291184.0,346126.0,986.2,1012.8,981.3,986.2,120721500,1084.8,887.6,1102.5,649.1,1010.8,430,3,1010.7,1663,12,1010.6,543,7,1010.5,823,9,1010.4,958,12,1010.9,88,1,1011.0,1649,5,1011.1,126,1,1011.2,71,1,1011.3,732,6
317,2025-11-26 15:18:53+05:30,1010.8,71,1003.17,9202061,291184.0,346126.0,986.2,1012.8,981.3,986.2,120721500,1084.8,887.6,1102.5,649.1,1010.8,430,3,1010.7,1663,12,1010.6,543,7,1010.5,823,9,1010.4,958,12,1010.9,88,1,1011.0,1649,5,1011.1,126,1,1011.2,71,1,1011.3,732,6
317,2025-11-26 15:18:53+05:30,1010.9,23,1003.17,9202255,290581.0,346359.0,986.2,1012.8,981.3,986.2,120721500,1084.8,887.6,1102.5,649.1,1010.8,28,1,1010.7,1184,9,1010.6,683,7,1010.5,823,9,1010.4,947,11,1010.9,240,2,1011.0,1649,5,1011.1,126,1,1011.2,527,3,1011.3,1232,7
317,2025-11-26 15:18:54+05:30,1010.9,4,1003.17,9202255,290581.0,346359.0,986.2,1012.8,981.3,986.2,120721500,1084.8,887.6,1102.5,649.1,1010.8,28,1,1010.7,1184,9,1010.6,683,7,1010.5,823,9,1010.4,947,11,1010.9,240,2,1011.0,1649,5,1011.1,126,1,1011.2,527,3,1011.3,1232,7
317,2025-11-26 15:18:54+05:30,1010.9,4,1003.17,9202391,291064.0,346072.0,986.2,1012.8,981.3,986.2,120721500,1084.8,887.6,1102.5,649.1,1010.8,137,5,1010.7,942,8,1010.6,763,8,1010.5,1050,10,1010.4,1301,11,1010.9,275,3,1011.0,1649,5,1011.1,126,1,1011.2,558,6,1011.3,1232,7
317,2025-11-26 15:18:55+05:30,1010.9,349,1003.17,9202391,291064.0,346072.0,986.2,1012.8,981.3,986.2,120721500,1084.8,887.6,1102.5,649.1,1010.8,137,5,1010.7,942,8,1010.6,763,8,1010.5,1050,10,1010.4,1301,11,1010.9,275,3,1011.0,1649,5,1011.1,126,1,1011.2,558,6,1011.3,1232,7
317,2025-11-26 15:18:55+05:30,1011.0,588,1003.17,9203765,292098.0,344567.0,986.2,1012.8,981.3,986.2,120721500,1084.8,887.6,1102.5,649.1,1010.8,1329,12,1010.7,1135,12,1010.6,536,7,1010.5,972,9,1010.4,940,8,1011.0,1061,5,1011.1,126,1,1011.3,483,4,1011.4,2207,10,1011.5,2037,11
317,2025-11-26 15:18:56+05:30,1010.9,131,1003.17,9203765,292098.0,344567.0,986.2,1012.8,981.3,986.2,120721500,1084.8,887.6,1102.5,649.1,1010.8,1329,12,1010.7,1135,12,1010.6,536,7,1010.5,972,9,1010.4,940,8,1011.0,1061,5,1011.1,126,1,1011.3,483,4,1011.4,2207,10,1011.5,2037,11
317,2025-11-26 15:18:56+05:30,1010.8,10,1003.17,9204008,291727.0,345732.0,986.2,1012.8,981.3,986.2,120721500,1084.8,887.6,1102.5,649.1,1010.8,855,7,1010.7,410,8,1010.6,910,8,1010.5,1708,9,1010.4,945,9,1010.9,318,2,1011.0,1061,5,1011.1,126,1,1011.2,374,3,1011.3,730,6
317,2025-11-26 15:18:57+05:30,1010.8,10,1003.17,9204008,291727.0,345732.0,986.2,1012.8,981.3,986.2,120721500,1084.8,887.6,1102.5,649.1,1010.8,855,7,1010.7,410,8,1010.6,910,8,1010.5,1708,9,1010.4,945,9,1010.9,318,2,1011.0,1061,5,1011.1,126,1,1011.2,374,3,1011.3,730,6
317,2025-11-26 15:18:57+05:30,1010.7,3,1003.17,9206801,290626.0,346980.0,986.2,1012.8,981.3,986.2,120721500,1084.8,887.6,1102.5,649.1,1010.7,309,7,1010.6,855,4,1010.5,1698,8,1010.4,930,10,1010.3,734,8,1010.9,155,3,1011.0,1061,5,1011.1,551,5,1011.2,917,8,1011.3,1351,8
317,2025-11-26 15:18:58+05:30,1011.0,37,1003.17,9206801,290626.0,346980.0,986.2,1012.8,981.3,986.2,120721500,1084.8,887.6,1102.5,649.1,1010.7,309,7,1010.6,855,4,1010.5,1698,8,1010.4,930,10,1010.3,734,8,1010.9,155,3,1011.0,1061,5,1011.1,551,5,1011.2,917,8,1011.3,1351,8
317,2025-11-26 15:18:58+05:30,1010.7,7,1003.17,9207442,290790.0,347325.0,986.2,1012.8,981.3,986.2,120721500,1084.8,887.6,1102.5,649.1,1010.7,97,6,1010.6,855,4,1010.5,1551,8,1010.4,1157,11,1010.3,1695,11,1010.9,183,1,1011.0,1489,3,1011.1,886,5,1011.2,859,10,1011.3,1484,11
317,2025-11-26 15:18:59+05:30,1010.9,3,1003.17,9207442,290790.0,347325.0,986.2,1012.8,981.3,986.2,120721500,1084.8,887.6,1102.5,649.1,1010.7,97,6,1010.6,855,4,1010.5,1551,8,1010.4,1157,11,1010.3,1695,11,1010.9,183,1,1011.0,1489,3,1011.1,886,5,1011.2,859,10,1011.3,1484,11
317,2025-11-26 15:18:59+05:30,1010.9,3,1003.17,9207448,289887.0,349207.0,986.2,1012.8,981.3,986.2,120721500,1084.8,887.6,1102.5,649.1,1010.8,20,1,1010.7,93,5,1010.6,768,3,1010.5,1207,5,1010.4,511,7,1010.9,1086,5,1011.0,1882,7,1011.1,1328,10,1011.2,1454,10,1011.3,1719,10
317,2025-11-26 15:19:00+05:30,1010.9,1,1003.17,9207448,289887.0,349207.0,986.2,1012.8,981.3,986.2,120721500,1084.8,887.6,1102.5,649.1,1010.8,20,1,1010.7,93,5,1010.6,768,3,1010.5,1207,5,1010.4,511,7,1010.9,1086,5,1011.0,1882,7,1011.1,1328,10,1011.2,1454,10,1011.3,1719,10
317,2025-11-26 15:19:01+05:30,1010.8,8,1003.17,9207448,289887.0,349207.0,986.2,1012.8,981.3,986.2,120721500,1084.8,887.6,1102.5,649.1,1010.8,20,1,1010.7,93,5,1010.6,768,3,1010.5,1207,5,1010.4,511,7,1010.9,1086,5,1011.0,1882,7,1011.1,1328,10,1011.2,1454,10,1011.3,1719,10
317,2025-11-26 15:19:01+05:30,1010.9,3,1003.18,9208332,290282.0,350335.0,986.2,1012.8,981.3,986.2,120721500,1084.8,887.6,1102.5,649.1,1010.8,31,4,1010.7,89,4,1010.6,18,2,1010.5,1565,4,1010.4,595,8,1010.9,1005,7,1011.0,2304,9,1011.1,3051,13,1011.2,1434,9,1011.3,1702,9
317,2025-11-26 15:19:02+05:30,1010.9,2,1003.18,9208332,290282.0,350335.0,986.2,1012.8,981.3,986.2,120721500,1084.8,887.6,1102.5,649.1,1010.8,31,4,1010.7,89,4,1010.6,18,2,1010.5,1565,4,1010.4,595,8,1010.9,1005,7,1011.0,2304,9,1011.1,3051,13,1011.2,1434,9,1011.3,1702,9
317,2025-11-26 15:19:02+05:30,1010.9,149,1003.18,9209110,291432.0,349372.0,986.2,1012.8,981.3,986.2,120721500,1084.8,887.6,1102.5,649.1,1010.8,217,5,1010.7,839,5,1010.6,595,4,1010.5,1560,7,1010.4,595,8,1010.9,1117,5,1011.0,1505,4,1011.1,2417,6,1011.2,1138,8,1011.3,2233,12
317,2025-11-26 15:19:03+05:30,1010.9,23,1003.18,9209110,291432.0,349372.0,986.2,1012.8,981.3,986.2,120721500,1084.8,887.6,1102.5,649.1,1010.8,217,5,1010.7,839,5,1010.6,595,4,1010.5,1560,7,1010.4,595,8,1010.9,1117,5,1011.0,1505,4,1011.1,2417,6,1011.2,1138,8,1011.3,2233,12
317,2025-11-26 15:19:03+05:30,1010.9,1,1003.18,9211197,290350.0,348255.0,986.2,1012.8,981.3,986.2,120721500,1084.8,887.6,1102.5,649.1,1010.8,50,1,1010.7,7,2,1010.6,225,1,1010.5,1719,6,1010.4,829,9,1010.9,791,6,1011.0,2148,8,1011.1,2837,8,1011.2,1458,10,1011.3,1758,11
317,2025-11-26 15:19:04+05:30,1010.9,3,1003.18,9211197,290350.0,348255.0,986.2,1012.8,981.3,986.2,120721500,1084.8,887.6,1102.5,649.1,1010.8,50,1,1010.7,7,2,1010.6,225,1,1010.5,1719,6,1010.4,829,9,1010.9,791,6,1011.0,2148,8,1011.1,2837,8,1011.2,1458,10,1011.3,1758,11
317,2025-11-26 15:19:04+05:30,1010.9,3,1003.18,9211202,290839.0,349046.0,986.2,1012.8,981.3,986.2,120721500,1084.8,887.6,1102.5,649.1,1010.8,50,1,1010.7,7,2,1010.6,203,1,1010.5,1990,8,1010.4,604,8,1010.9,1670,9,1011.0,2038,7,1011.1,2837,8,1011.2,1471,11,1011.3,1758,11
317,2025-11-26 15:19:06+05:30,1010.8,2,1003.18,9211202,290839.0,349046.0,986.2,1012.8,981.3,986.2,120721500,1084.8,887.6,1102.5,649.1,1010.8,50,1,1010.7,7,2,1010.6,203,1,1010.5,1990,8,1010.4,604,8,1010.9,1670,9,1011.0,2038,7,1011.1,2837,8,1011.2,1471,11,1011.3,1758,11
317,2025-11-26 15:19:06+05:30,1010.8,2,1003.18,9211204,291556.0,347962.0,986.2,1012.8,981.3,986.2,120721500,1084.8,887.6,1102.5,649.1,1010.8,830,4,1010.7,232,3,1010.6,283,2,1010.5,1752,9,1010.4,617,9,1010.9,1578,10,1011.0,1510,5,1011.1,2404,5,1011.2,940,8,1011.3,2479,13
317,2025-11-26 15:19:07+05:30,1010.8,13,1003.18,9211204,291556.0,347962.0,986.2,1012.8,981.3,986.2,120721500,1084.8,887.6,1102.5,649.1,1010.8,830,4,1010.7,232,3,1010.6,283,2,1010.5,1752,9,1010.4,617,9,1010.9,1578,10,1011.0,1510,5,1011.1,2404,5,1011.2,940,8,1011.3,2479,13
317,2025-11-26 15:19:07+05:30,1010.8,10,1003.18,9213580,291035.0,348268.0,986.2,1012.8,981.3,986.2,120721500,1084.8,887.6,1102.5,649.1,1010.7,757,3,1010.6,203,1,1010.5,1088,7,1010.4,830,8,1010.3,1154,9,1010.8,125,2,1010.9,1466,10,1011.0,1761,7,1011.1,2411,5,1011.2,1555,9
317,2025-11-26 15:19:08+05:30,1010.8,102,1003.18,9213580,291035.0,348268.0,986.2,1012.8,981.3,986.2,120721500,1084.8,887.6,1102.5,649.1,1010.7,757,3,1010.6,203,1,1010.5,1088,7,1010.4,830,8,1010.3,1154,9,1010.8,125,2,1010.9,1466,10,1011.0,1761,7,1011.1,2411,5,1011.2,1555,9
317,2025-11-26 15:19:08+05:30,1010.8,113,1003.18,9214672,291589.0,347973.0,986.2,1012.8,981.3,986.2,120721500,1084.8,887.6,1102.5,649.1,1010.7,757,3,1010.6,449,3,1010.5,1166,7,1010.4,608,8,1010.3,1197,12,1010.8,543,6,1010.9,1002,8,1011.0,2035,10,1011.1,2644,7,1011.2,1668,7
317,2025-11-26 15:19:09+05:30,1010.8,2,1003.18,9214672,291589.0,347973.0,986.2,1012.8,981.3,986.2,120721500,1084.8,887.6,1102.5,649.1,1010.7,757,3,1010.6,449,3,1010.5,1166,7,1010.4,608,8,1010.3,1197,12,1010.8,543,6,1010.9,1002,8,1011.0,2035,10,1011.1,2644,7,1011.2,1668,7
317,2025-11-26 15:19:09+05:30,1010.8,2,1003.18,9216408,292846.0,345861.0,986.2,1012.8,981.3,986.2,120721500,1084.8,887.6,1102.5,649.1,1010.7,1106,6,1010.6,727,6,1010.5,2100,13,1010.4,774,9,1010.3,979,11,1010.8,18,1,1010.9,575,6,1011.0,1256,5,1011.1,1905,4,1011.2,920,5
317,2025-11-26 15:19:10+05:30,1010.8,2,1003.18,9216408,292846.0,345861.0,986.2,1012.8,981.3,986.2,120721500,1084.8,887.6,1102.5,649.1,1010.7,1106,6,1010.6,727,6,1010.5,2100,13,1010.4,774,9,1010.3,979,11,1010.8,18,1,1010.9,575,6,1011.0,1256,5,1011.1,1905,4,1011.2,920,5
317,2025-11-26 15:19:10+05:30,1010.9,50,1003.18,9217159,291618.0,346987.0,986.2,1012.8,981.3,986.2,120721500,1084.8,887.6,1102.5,649.1,1010.7,26,5,1010.6,286,3,1010.5,2282,9,1010.4,1016,10,1010.3,953,9,1010.8,411,1,1010.9,687,8,1011.0,1544,7,1011.1,2486,10,1011.2,1160,6
317,2025-11-26 15:19:11+05:30,1010.9,50,1003.18,9217159,291618.0,346987.0,986.2,1012.8,981.3,986.2,120721500,1084.8,887.6,1102.5,649.1,1010.7,26,5,1010.6,286,3,1010.5,2282,9,1010.4,1016,10,1010.3,953,9,1010.8,411,1,1010.9,687,8,1011.0,1544,7,1011.1,2486,10,1011.2,1160,6
317,2025-11-26 15:19:11+05:30,1010.8,136,1003.18,9217909,291059.0,347401.0,986.2,1012.8,981.3,986.2,120721500,1084.8,887.6,1102.5,649.1,1010.7,37,5,1010.6,1033,4,1010.5,1097,7,1010.4,605,8,1010.3,1029,9,1010.8,474,3,1010.9,776,9,1011.0,2452,9,1011.1,2553,7,1011.2,2290,8
317,2025-11-26 15:19:12+05:30,1010.8,136,1003.18,9217909,291059.0,347401.0,986.2,1012.8,981.3,986.2,120721500,1084.8,887.6,1102.5,649.1,1010.7,37,5,1010.6,1033,4,1010.5,1097,7,1010.4,605,8,1010.3,1029,9,1010.8,474,3,1010.9,776,9,1011.0,2452,9,1011.1,2553,7,1011.2,2290,8
317,2025-11-26 15:19:13+05:30,1010.8,23,1003.18,9218037,291545.0,346940.0,986.2,1012.8,981.3,986.2,120721500,1084.8,887.6,1102.5,649.1,1010.7,37,5,1010.6,1033,4,1010.5,1607,11,1010.4,772,9,1010.3,787,8,1010.8,354,4,1010.9,567,7,1011.0,2197,9,1011.1,2572,9,1011.2,1732,8
317,2025-11-26 15:19:13+05:30,1010.8,23,1003.18,9218037,291545.0,346940.0,986.2,1012.8,981.3,986.2,120721500,1084.8,887.6,1102.5,649.1,1010.7,37,5,1010.6,1033,4,1010.5,1607,11,1010.4,772,9,1010.3,787,8,1010.8,354,4,1010.9,567,7,1011.0,2197,9,1011.1,2572,9,1011.2,1732,8
317,2025-11-26 15:19:14+05:30,1010.7,1,1003.18,9218129,292432.0,345970.0,986.2,1012.8,981.3,986.2,120721500,1084.8,887.6,1102.5,649.1,1010.6,1033,4,1010.5,1429,9,1010.4,1014,10,1010.3,954,9,1010.2,913,11,1010.7,147,1,1010.8,147,4,1010.9,572,8,1011.0,2167,10,1011.1,2937,11
317,2025-11-26 15:19:14+05:30,1010.7,4,1003.18,9218129,292432.0,345970.0,986.2,1012.8,981.3,986.2,120721500,1084.8,887.6,1102.5,649.1,1010.6,1033,4,1010.5,1429,9,1010.4,1014,10,1010.3,954,9,1010.2,913,11,1010.7,147,1,1010.8,147,4,1010.9,572,8,1011.0,2167,10,1011.1,2937,11
317,2025-11-26 15:19:15+05:30,1010.7,5,1003.18,9218918,292205.0,347023.0,986.2,1012.8,981.3,986.2,120721500,1084.8,887.6,1102.5,649.1,1010.6,1011,5,1010.5,1021,7,1010.4,930,9,1010.3,971,10,1010.2,1169,13,1010.7,1131,6,1010.8,26,2,1010.9,599,7,1011.0,2430,9,1011.1,3414,9
317,2025-11-26 15:19:15+05:30,1010.7,13,1003.18,9218918,292205.0,347023.0,986.2,1012.8,981.3,986.2,120721500,1084.8,887.6,1102.5,649.1,1010.6,1011,5,1010.5,1021,7,1010.4,930,9,1010.3,971,10,1010.2,1169,13,1010.7,1131,6,1010.8,26,2,1010.9,599,7,1011.0,2430,9,1011.1,3414,9
317,2025-11-26 15:19:16+05:30,1010.7,16,1003.18,9218956,291527.0,347264.0,986.2,1012.8,981.3,986.2,120721500,1084.8,887.6,1102.5,649.1,1010.6,1140,8,1010.5,1008,7,1010.4,763,8,1010.3,804,9,1010.2,1169,13,1010.7,1107,7,1010.8,173,4,1010.9,668,8,1011.0,2515,9,1011.1,3914,10
317,2025-11-26 15:19:16+05:30,1010.7,16,1003.18,9218956,291527.0,347264.0,986.2,1012.8,981.3,986.2,120721500,1084.8,887.6,1102.5,649.1,1010.6,1140,8,1010.5,1008,7,1010.4,763,8,1010.3,804,9,1010.2,1169,13,1010.7,1107,7,1010.8,173,4,1010.9,668,8,1011.0,2515,9,1011.1,3914,10
317,2025-11-26 15:19:17+05:30,1010.7,2,1003.18,9218986,292166.0,347385.0,986.2,1012.8,981.3,986.2,120721500,1084.8,887.6,1102.5,649.1,1010.6,1135,8,1010.5,1008,7,1010.4,763,8,1010.3,804,9,1010.2,1169,13,1010.7,1084,8,1010.8,64,3,1010.9,668,8,1011.0,2515,9,1011.1,3343,8
317,2025-11-26 15:19:17+05:30,1010.7,2,1003.18,9218986,292166.0,347385.0,986.2,1012.8,981.3,986.2,120721500,1084.8,887.6,1102.5,649.1,1010.6,1135,8,1010.5,1008,7,1010.4,763,8,1010.3,804,9,1010.2,1169,13,1010.7,1084,8,1010.8,64,3,1010.9,668,8,1011.0,2515,9,1011.1,3343,8
317,2025-11-26 15:19:17+05:30,1010.6,71,1003.19,9220614,290661.0,347242.0,986.2,1012.8,981.3,986.2,120721500,1084.8,887.6,1102.5,649.1,1010.6,707,2,1010.5,1004,6,1010.4,281,6,1010.3,350,6,1010.2,1127,11,1010.7,1080,8,1010.8,465,4,1010.9,761,9,1011.0,2710,11,1011.1,4156,11
317,2025-11-26 15:19:18+05:30,1010.7,99,1003.19,9220614,290661.0,347242.0,986.2,1012.8,981.3,986.2,120721500,1084.8,887.6,1102.5,649.1,1010.6,707,2,1010.5,1004,6,1010.4,281,6,1010.3,350,6,1010.2,1127,11,1010.7,1080,8,1010.8,465,4,1010.9,761,9,1011.0,2710,11,1011.1,4156,11
317,2025-11-26 15:19:19+05:30,1010.7,2,1003.19,9220614,290661.0,347242.0,986.2,1012.8,981.3,986.2,120721500,1084.8,887.6,1102.5,649.1,1010.6,707,2,1010.5,1004,6,1010.4,281,6,1010.3,350,6,1010.2,1127,11,1010.7,1080,8,1010.8,465,4,1010.9,761,9,1011.0,2710,11,1011.1,4156,11
317,2025-11-26 15:19:19+05:30,1010.7,2,1003.19,9220775,291031.0,347456.0,986.2,1012.8,981.3,986.2,120721500,1084.8,887.6,1102.5,649.1,1010.6,697,2,1010.5,1004,6,1010.4,207,7,1010.3,1035,9,1010.2,1153,12,1010.7,1224,11,1010.8,56,2,1010.9,2784,11,1011.0,2631,11,1011.1,1633,8
317,2025-11-26 15:19:20+05:30,1010.6,181,1003.19,9220775,291031.0,347456.0,986.2,1012.8,981.3,986.2,120721500,1084.8,887.6,1102.5,649.1,1010.6,697,2,1010.5,1004,6,1010.4,207,7,1010.3,1035,9,1010.2,1153,12,1010.7,1224,11,1010.8,56,2,1010.9,2784,11,1011.0,2631,11,1011.1,1633,8
317,2025-11-26 15:19:20+05:30,1010.6,1,1003.19,9221291,290402.0,348043.0,986.2,1012.8,981.3,986.2,120721500,1084.8,887.6,1102.5,649.1,1010.6,364,4,1010.5,1004,6,1010.4,123,6,1010.3,350,6,1010.2,1153,12,1010.7,1502,14,1010.8,411,5,1010.9,3026,12,1011.0,3233,12,1011.1,2133,9
317,2025-11-26 15:19:21+05:30,1010.7,257,1003.19,9221291,290402.0,348043.0,986.2,1012.8,981.3,986.2,120721500,1084.8,887.6,1102.5,649.1,1010.6,364,4,1010.5,1004,6,1010.4,123,6,1010.3,350,6,1010.2,1153,12,1010.7,1502,14,1010.8,411,5,1010.9,3026,12,1011.0,3233,12,1011.1,2133,9
317,2025-11-26 15:19:21+05:30,1010.7,257,1003.19,9222726,290705.0,345827.0,986.2,1012.8,981.3,986.2,120721500,1084.8,887.6,1102.5,649.1,1010.6,766,2,1010.5,1360,11,1010.4,480,8,1010.3,799,7,1010.2,796,9,1010.7,479,10,1010.8,56,2,1010.9,1812,3,1011.0,3167,11,1011.1,1509,7
317,2025-11-26 15:19:22+05:30,1010.7,10,1003.19,9222726,290705.0,345827.0,986.2,1012.8,981.3,986.2,120721500,1084.8,887.6,1102.5,649.1,1010.6,766,2,1010.5,1360,11,1010.4,480,8,1010.3,799,7,1010.2,796,9,1010.7,479,10,1010.8,56,2,1010.9,1812,3,1011.0,3167,11,1011.1,1509,7
317,2025-11-26 15:19:22+05:30,1010.8,1,1003.19,9224290,290143.0,344583.0,986.2,1012.8,981.3,986.2,120721500,1084.8,887.6,1102.5,649.1,1010.8,35,1,1010.7,28,1,1010.6,1183,7,1010.5,1603,15,1010.4,974,12,1010.9,1575,1,1011.0,2302,7,1011.1,564,6,1011.2,1030,8,1011.3,2252,11
317,2025-11-26 15:19:23+05:30,1010.8,1,1003.19,9224290,290143.0,344583.0,986.2,1012.8,981.3,986.2,120721500,1084.8,887.6,1102.5,649.1,1010.8,35,1,1010.7,28,1,1010.6,1183,7,1010.5,1603,15,1010.4,974,12,1010.9,1575,1,1011.0,2302,7,1011.1,564,6,1011.2,1030,8,1011.3,2252,11
317,2025-11-26 15:19:23+05:30,1010.9,22,1003.19,9224318,290606.0,345340.0,986.2,1012.8,981.3,986.2,120721500,1084.8,887.6,1102.5,649.1,1010.8,42,2,1010.7,78,2,1010.6,1186,7,1010.5,1760,16,1010.4,1000,14,1010.9,2057,3,1011.0,2302,7,1011.1,645,5,1011.2,1204,8,1011.3,1441,12
317,2025-11-26 15:19:24+05:30,1010.9,3,1003.19,9224318,290606.0,345340.0,986.2,1012.8,981.3,986.2,120721500,1084.8,887.6,1102.5,649.1,1010.8,42,2,1010.7,78,2,1010.6,1186,7,1010.5,1760,16,1010.4,1000,14,1010.9,2057,3,1011.0,2302,7,1011.1,645,5,1011.2,1204,8,1011.3,1441,12
317,2025-11-26 15:19:24+05:30,1010.9,3,1003.19,9224403,290908.0,345325.0,986.2,1012.8,981.3,986.2,120721500,1084.8,887.6,1102.5,649.1,1010.8,192,3,1010.7,464,7,1010.6,1271,9,1010.5,1697,13,1010.4,769,13,1010.9,1981,4,1011.0,2302,7,1011.1,171,2,1011.2,862,5,1011.3,1594,8
317,2025-11-26 15:19:25+05:30,1010.9,30,1003.19,9224403,290908.0,345325.0,986.2,1012.8,981.3,986.2,120721500,1084.8,887.6,1102.5,649.1,1010.8,192,3,1010.7,464,7,1010.6,1271,9,1010.5,1697,13,1010.4,769,13,1010.9,1981,4,1011.0,2302,7,1011.1,171,2,1011.2,862,5,1011.3,1594,8
317,2025-11-26 15:19:25+05:30,1010.9,30,1003.19,9224441,290294.0,345295.0,986.2,1012.8,981.3,986.2,120721500,1084.8,887.6,1102.5,649.1,1010.8,191,4,1010.7,144,5,1010.6,918,7,1010.5,1697,13,1010.4,1000,14,1010.9,1900,5,1011.0,2302,7,1011.1,834,8,1011.2,1460,7,1011.3,1613,7
317,2025-11-26 15:19:26+05:30,1010.9,1,1003.19,9224441,290294.0,345295.0,986.2,1012.8,981.3,986.2,120721500,1084.8,887.6,1102.5,649.1,1010.8,191,4,1010.7,144,5,1010.6,918,7,1010.5,1697,13,1010.4,1000,14,1010.9,1900,5,1011.0,2302,7,1011.1,834,8,1011.2,1460,7,1011.3,1613,7
317,2025-11-26 15:19:26+05:30,1010.9,1,1003.19,9224443,289769.0,345704.0,986.2,1012.8,981.3,986.2,120721500,1084.8,887.6,1102.5,649.1,1010.8,170,4,1010.7,144,5,1010.6,744,6,1010.5,1213,10,1010.4,1001,13,1010.9,1963,6,1011.0,2664,8,1011.1,1058,9,1011.2,1460,7,1011.3,1613,7
317,2025-11-26 15:19:27+05:30,1010.8,133,1003.19,9225089,288450.0,345806.0,986.2,1012.8,981.3,986.2,120721500,1084.8,887.6,1102.5,649.1,1010.7,108,4,1010.6,128,4,1010.5,1091,8,1010.4,770,12,1010.3,942,7,1010.8,110,1,1010.9,1966,7,1011.0,2664,8,1011.1,1285,11,1011.2,1460,7
317,2025-11-26 15:19:28+05:30,1010.8,3,1003.19,9225089,288450.0,345806.0,986.2,1012.8,981.3,986.2,120721500,1084.8,887.6,1102.5,649.1,1010.7,108,4,1010.6,128,4,1010.5,1091,8,1010.4,770,12,1010.3,942,7,1010.8,110,1,1010.9,1966,7,1011.0,2664,8,1011.1,1285,11,1011.2,1460,7
317,2025-11-26 15:19:28+05:30,1010.8,2,1003.19,9227063,288855.0,345401.0,986.2,1012.8,981.3,986.2,120721500,1084.8,887.6,1102.5,649.1,1010.8,35,2,1010.7,108,4,1010.6,596,4,1010.5,1242,10,1010.4,842,12,1010.9,1668,7,1011.0,2929,10,1011.1,1227,9,1011.2,1450,9,1011.3,1601,7
317,2025-11-26 15:19:29+05:30,1010.9,2,1003.19,9227063,288855.0,345401.0,986.2,1012.8,981.3,986.2,120721500,1084.8,887.6,1102.5,649.1,1010.8,35,2,1010.7,108,4,1010.6,596,4,1010.5,1242,10,1010.4,842,12,1010.9,1668,7,1011.0,2929,10,1011.1,1227,9,1011.2,1450,9,1011.3,1601,7
317,2025-11-26 15:19:29+05:30,1010.9,750,1003.19,9227829,289237.0,343657.0,986.2,1012.8,981.3,986.2,120721500,1084.8,887.6,1102.5,649.1,1010.8,25,2,1010.7,108,4,1010.6,1549,8,1010.5,1050,10,1010.4,842,12,1010.9,812,6,1011.0,2331,8,1011.1,278,4,1011.2,1029,6,1011.3,2101,8
317,2025-11-26 15:19:30+05:30,1010.9,13,1003.19,9227829,289237.0,343657.0,986.2,1012.8,981.3,986.2,120721500,1084.8,887.6,1102.5,649.1,1010.8,25,2,1010.7,108,4,1010.6,1549,8,1010.5,1050,10,1010.4,842,12,1010.9,812,6,1011.0,2331,8,1011.1,278,4,1011.2,1029,6,1011.3,2101,8
317,2025-11-26 15:19:30+05:30,1010.8,5,1003.19,9227893,289015.0,344986.0,986.2,1012.8,981.3,986.2,120721500,1084.8,887.6,1102.5,649.1,1010.8,19,2,1010.7,108,4,1010.6,1428,7,1010.5,397,8,1010.4,1073,13,1010.9,890,6,1011.0,3060,12,1011.1,1000,8,1011.2,1448,9,1011.3,1834,9
317,2025-11-26 15:19:31+05:30,1010.9,14,1003.19,9227893,289015.0,344986.0,986.2,1012.8,981.3,986.2,120721500,1084.8,887.6,1102.5,649.1,1010.8,19,2,1010.7,108,4,1010.6,1428,7,1010.5,397,8,1010.4,1073,13,1010.9,890,6,1011.0,3060,12,1011.1,1000,8,1011.2,1448,9,1011.3,1834,9
317,2025-11-26 15:19:31+05:30,1010.9,68,1003.19,9228649,288986.0,343463.0,986.2,1012.8,981.3,986.2,120721500,1084.8,887.6,1102.5,649.1,1010.8,21,3,1010.7,162,5,1010.6,963,7,1010.5,830,10,1010.4,1266,14,1010.9,211,6,1011.0,2430,9,1011.1,666,6,1011.2,1134,7,1011.3,1089,9
317,2025-11-26 15:19:32+05:30,1010.8,2,1003.19,9228649,288986.0,343463.0,986.2,1012.8,981.3,986.2,120721500,1084.8,887.6,1102.5,649.1,1010.8,21,3,1010.7,162,5,1010.6,963,7,1010.5,830,10,1010.4,1266,14,1010.9,211,6,1011.0,2430,9,1011.1,666,6,1011.2,1134,7,1011.3,1089,9
317,2025-11-26 15:19:32+05:30,1010.8,2,1003.19,9228722,288856.0,346506.0,986.2,1012.8,981.3,986.2,120721500,1084.8,887.6,1102.5,649.1,1010.8,26,3,1010.7,162,5,1010.6,844,5,1010.5,419,9,1010.4,1266,14,1010.9,1163,7,1011.0,3381,11,1011.1,2140,10,1011.2,1448,9,1011.3,1622,8
317,2025-11-26 15:19:33+05:30,1010.9,10,1003.19,9228722,288856.0,346506.0,986.2,1012.8,981.3,986.2,120721500,1084.8,887.6,1102.5,649.1,1010.8,26,3,1010.7,162,5,1010.6,844,5,1010.5,419,9,1010.4,1266,14,1010.9,1163,7,1011.0,3381,11,1011.1,2140,10,1011.2,1448,9,1011.3,1622,8
317,2025-11-26 15:19:33+05:30,1010.7,10,1003.19,9228851,288860.0,346773.0,986.2,1012.8,981.3,986.2,120721500,1084.8,887.6,1102.5,649.1,1010.7,152,5,1010.6,844,5,1010.5,436,9,1010.4,608,10,1010.3,792,7,1010.9,1359,9,1011.0,3944,14,1011.1,1716,8,1011.2,1448,9,1011.3,1622,8
317,2025-11-26 15:19:34+05:30,1010.9,4,1003.19,9228851,288860.0,346773.0,986.2,1012.8,981.3,986.2,120721500,1084.8,887.6,1102.5,649.1,1010.7,152,5,1010.6,844,5,1010.5,436,9,1010.4,608,10,1010.3,792,7,1010.9,1359,9,1011.0,3944,14,1011.1,1716,8,1011.2,1448,9,1011.3,1622,8
317,2025-11-26 15:19:34+05:30,1010.9,4,1003.19,9228855,288939.0,346945.0,986.2,1012.8,981.3,986.2,120721500,1084.8,887.6,1102.5,649.1,1010.7,152,5,1010.6,844,5,1010.5,436,9,1010.4,581,9,1010.3,792,7,1010.8,1366,4,1010.9,1519,10,1011.0,3635,12,1011.1,1290,10,1011.2,1672,7
317,2025-11-26 15:19:35+05:30,1010.8,1,1003.19,9228855,288939.0,346945.0,986.2,1012.8,981.3,986.2,120721500,1084.8,887.6,1102.5,649.1,1010.7,152,5,1010.6,844,5,1010.5,436,9,1010.4,581,9,1010.3,792,7,1010.8,1366,4,1010.9,1519,10,1011.0,3635,12,1011.1,1290,10,1011.2,1672,7
317,2025-11-26 15:19:36+05:30,1010.6,1,1003.19,9229806,289249.0,345851.0,986.2,1012.8,981.3,986.2,120721500,1084.8,887.6,1102.5,649.1,1010.7,14,1,1010.6,844,5,1010.5,693,11,1010.4,521,10,1010.3,711,6,1010.8,1005,5,1010.9,1631,10,1011.0,3537,11,1011.1,1290,10,1011.2,1885,8
317,2025-11-26 15:19:36+05:30,1010.6,1,1003.19,9229806,289249.0,345851.0,986.2,1012.8,981.3,986.2,120721500,1084.8,887.6,1102.5,649.1,1010.7,14,1,1010.6,844,5,1010.5,693,11,1010.4,521,10,1010.3,711,6,1010.8,1005,5,1010.9,1631,10,1011.0,3537,11,1011.1,1290,10,1011.2,1885,8
317,2025-11-26 15:19:37+05:30,1010.8,45,1003.19,9229806,289249.0,345851.0,986.2,1012.8,981.3,986.2,120721500,1084.8,887.6,1102.5,649.1,1010.7,14,1,1010.6,844,5,1010.5,693,11,1010.4,521,10,1010.3,711,6,1010.8,1005,5,1010.9,1631,10,1011.0,3537,11,1011.1,1290,10,1011.2,1885,8
317,2025-11-26 15:19:37+05:30,1010.8,4,1003.19,9230581,288866.0,346044.0,986.2,1012.8,981.3,986.2,120721500,1084.8,887.6,1102.5,649.1,1010.7,27,2,1010.6,252,4,1010.5,629,10,1010.4,518,10,1010.3,815,8,1010.8,730,7,1010.9,2085,10,1011.0,3537,11,1011.1,1290,10,1011.2,1692,8
317,2025-11-26 15:19:38+05:30,1010.6,23,1003.19,9230581,288866.0,346044.0,986.2,1012.8,981.3,986.2,120721500,1084.8,887.6,1102.5,649.1,1010.7,27,2,1010.6,252,4,1010.5,629,10,1010.4,518,10,1010.3,815,8,1010.8,730,7,1010.9,2085,10,1011.0,3537,11,1011.1,1290,10,1011.2,1692,8
317,2025-11-26 15:19:38+05:30,1010.6,53,1003.19,9230803,288494.0,346496.0,986.2,1012.8,981.3,986.2,120721500,1084.8,887.6,1102.5,649.1,1010.6,176,4,1010.5,545,9,1010.4,224,8,1010.3,1231,8,1010.2,1097,10,1010.7,123,1,1010.8,736,9,1010.9,2085,10,1011.0,3947,14,1011.1,1290,10
317,2025-11-26 15:19:39+05:30,1010.7,2,1003.19,9230803,288494.0,346496.0,986.2,1012.8,981.3,986.2,120721500,1084.8,887.6,1102.5,649.1,1010.6,176,4,1010.5,545,9,1010.4,224,8,1010.3,1231,8,1010.2,1097,10,1010.7,123,1,1010.8,736,9,1010.9,2085,10,1011.0,3947,14,1011.1,1290,10
317,2025-11-26 15:19:39+05:30,1010.7,2,1003.19,9230815,288568.0,347569.0,986.2,1012.8,981.3,986.2,120721500,1084.8,887.6,1102.5,649.1,1010.6,167,4,1010.5,458,8,1010.4,195,7,1010.3,453,7,1010.2,1402,10,1010.7,1257,5,1010.8,1231,9,1010.9,2610,16,1011.0,4144,18,1011.1,1531,9
317,2025-11-26 15:19:40+05:30,1010.6,15,1003.19,9230815,288568.0,347569.0,986.2,1012.8,981.3,986.2,120721500,1084.8,887.6,1102.5,649.1,1010.6,167,4,1010.5,458,8,1010.4,195,7,1010.3,453,7,1010.2,1402,10,1010.7,1257,5,1010.8,1231,9,1010.9,2610,16,1011.0,4144,18,1011.1,1531,9
317,2025-11-26 15:19:40+05:30,1010.6,15,1003.19,9230840,288280.0,347480.0,986.2,1012.8,981.3,986.2,120721500,1084.8,887.6,1102.5,649.1,1010.6,162,6,1010.5,458,8,1010.4,195,7,1010.3,453,7,1010.2,1354,10,1010.7,1265,8,1010.8,1008,5,1010.9,2823,17,1011.0,4144,18,1011.1,1531,9
317,2025-11-26 15:19:41+05:30,1010.7,3,1003.19,9230840,288280.0,347480.0,986.2,1012.8,981.3,986.2,120721500,1084.8,887.6,1102.5,649.1,1010.6,162,6,1010.5,458,8,1010.4,195,7,1010.3,453,7,1010.2,1354,10,1010.7,1265,8,1010.8,1008,5,1010.9,2823,17,1011.0,4144,18,1011.1,1531,9
317,2025-11-26 15:19:41+05:30,1010.6,10,1003.19,9230863,288730.0,347473.0,986.2,1012.8,981.3,986.2,120721500,1084.8,887.6,1102.5,649.1,1010.6,297,7,1010.5,489,9,1010.4,142,7,1010.3,185,3,1010.2,1339,8,1010.7,1351,9,1010.8,1315,7,1010.9,2706,16,1011.0,4144,18,1011.1,1531,9
317,2025-11-26 15:19:42+05:30,1010.7,4,1003.19,9230863,288730.0,347473.0,986.2,1012.8,981.3,986.2,120721500,1084.8,887.6,1102.5,649.1,1010.6,297,7,1010.5,489,9,1010.4,142,7,1010.3,185,3,1010.2,1339,8,1010.7,1351,9,1010.8,1315,7,1010.9,2706,16,1011.0,4144,18,1011.1,1531,9
317,2025-11-26 15:19:42+05:30,1010.6,19,1003.19,9231416,284570.0,347879.0,986.2,1012.8,981.3,986.2,120721500,1084.8,887.6,1102.5,649.1,1010.5,489,9,1010.4,221,8,1010.3,640,6,1010.2,851,8,1010.1,1572,16,1010.6,16,1,1010.7,1158,9,1010.8,1054,6,1010.9,2915,17,1011.0,4154,19
317,2025-11-26 15:19:43+05:30,1010.8,1,1003.19,9231416,284570.0,347879.0,986.2,1012.8,981.3,986.2,120721500,1084.8,887.6,1102.5,649.1,1010.5,489,9,1010.4,221,8,1010.3,640,6,1010.2,851,8,1010.1,1572,16,1010.6,16,1,1010.7,1158,9,1010.8,1054,6,1010.9,2915,17,1011.0,4154,19
317,2025-11-26 15:19:43+05:30,1010.6,1,1003.2,9235560,288562.0,342863.0,986.2,1012.8,981.3,986.2,120721500,1084.8,887.6,1102.5,649.1,1010.6,462,5,1010.5,710,13,1010.4,846,14,1010.3,875,8,1010.2,1316,9,1010.9,654,4,1011.0,1952,8,1011.1,872,9,1011.2,993,8,1011.3,1766,10
317,2025-11-26 15:19:44+05:30,1010.7,3,1003.2,9235560,288562.0,342863.0,986.2,1012.8,981.3,986.2,120721500,1084.8,887.6,1102.5,649.1,1010.6,462,5,1010.5,710,13,1010.4,846,14,1010.3,875,8,1010.2,1316,9,1010.9,654,4,1011.0,1952,8,1011.1,872,9,1011.2,993,8,1011.3,1766,10
317,2025-11-26 15:19:44+05:30,1010.5,11,1003.2,9237652,289514.0,342878.0,986.2,1012.8,981.3,986.2,120721500,1084.8,887.6,1102.5,649.1,1010.5,492,9,1010.4,841,14,1010.3,878,8,1010.2,1366,8,1010.1,1201,14,1010.6,90,2,1010.7,20,2,1010.9,506,5,1011.0,2415,10,1011.1,756,10
317,2025-11-26 15:19:45+05:30,1010.6,58,1003.2,9237652,289514.0,342878.0,986.2,1012.8,981.3,986.2,120721500,1084.8,887.6,1102.5,649.1,1010.5,492,9,1010.4,841,14,1010.3,878,8,1010.2,1366,8,1010.1,1201,14,1010.6,90,2,1010.7,20,2,1010.9,506,5,1011.0,2415,10,1011.1,756,10
317,2025-11-26 15:19:45+05:30,1010.6,15,1003.2,9237840,289529.0,343848.0,986.2,1012.8,981.3,986.2,120721500,1084.8,887.6,1102.5,649.1,1010.5,401,8,1010.4,632,13,1010.3,1087,9,1010.2,824,7,1010.1,1223,15,1010.6,200,3,1010.7,20,2,1010.9,997,5,1011.0,2496,11,1011.1,1337,12
317,2025-11-26 15:19:46+05:30,1010.6,15,1003.2,9237840,289529.0,343848.0,986.2,1012.8,981.3,986.2,120721500,1084.8,887.6,1102.5,649.1,1010.5,401,8,1010.4,632,13,1010.3,1087,9,1010.2,824,7,1010.1,1223,15,1010.6,200,3,1010.7,20,2,1010.9,997,5,1011.0,2496,11,1011.1,1337,12
317,2025-11-26 15:19:46+05:30,1010.5,3,1003.2,9237843,289600.0,343921.0,986.2,1012.8,981.3,986.2,120721500,1084.8,887.6,1102.5,649.1,1010.5,1187,13,1010.4,841,14,1010.3,878,8,1010.2,824,7,1010.1,1790,16,1010.6,204,6,1010.7,20,2,1010.9,502,4,1011.0,2496,11,1011.1,842,12
317,2025-11-26 15:19:47+05:30,1010.5,3,1003.2,9237843,289600.0,343921.0,986.2,1012.8,981.3,986.2,120721500,1084.8,887.6,1102.5,649.1,1010.5,1187,13,1010.4,841,14,1010.3,878,8,1010.2,824,7,1010.1,1790,16,1010.6,204,6,1010.7,20,2,1010.9,502,4,1011.0,2496,11,1011.1,842,12
317,2025-11-26 15:19:47+05:30,1010.4,9,1003.2,9239283,287589.0,344629.0,986.2,1012.8,981.3,986.2,120721500,1084.8,887.6,1102.5,649.1,1010.4,207,10,1010.3,862,4,1010.2,1261,8,1010.1,1965,17,1010.0,6366,43,1010.5,99,1,1010.6,245,3,1010.7,56,5,1010.8,687,5,1010.9,1441,10
317,2025-11-26 15:19:48+05:30,1010.4,8,1003.2,9239283,287589.0,344629.0,986.2,1012.8,981.3,986.2,120721500,1084.8,887.6,1102.5,649.1,1010.4,207,10,1010.3,862,4,1010.2,1261,8,1010.1,1965,17,1010.0,6366,43,1010.5,99,1,1010.6,245,3,1010.7,56,5,1010.8,687,5,1010.9,1441,10
317,2025-11-26 15:19:49+05:30,1010.5,2,1003.2,9239657,287565.0,344577.0,986.2,1012.8,981.3,986.2,120721500,1084.8,887.6,1102.5,649.1,1010.4,127,6,1010.3,876,5,1010.2,1182,7,1010.1,1963,17,1010.0,6453,44,1010.5,6,2,1010.6,200,2,1010.7,89,3,1010.8,670,4,1010.9,1485,12
317,2025-11-26 15:19:49+05:30,1010.5,2,1003.2,9239657,287565.0,344577.0,986.2,1012.8,981.3,986.2,120721500,1084.8,887.6,1102.5,649.1,1010.4,127,6,1010.3,876,5,1010.2,1182,7,1010.1,1963,17,1010.0,6453,44,1010.5,6,2,1010.6,200,2,1010.7,89,3,1010.8,670,4,1010.9,1485,12
317,2025-11-26 15:19:50+05:30,1010.5,5,1003.2,9240363,286699.0,344189.0,986.2,1012.8,981.3,986.2,120721500,1084.8,887.6,1102.5,649.1,1010.4,89,5,1010.3,227,4,1010.2,93,3,1010.1,1551,15,1010.0,6453,44,1010.5,95,4,1010.6,609,4,1010.7,395,6,1010.8,1056,5,1010.9,1430,9
317,2025-11-26 15:19:50+05:30,1010.5,5,1003.2,9240363,286699.0,344189.0,986.2,1012.8,981.3,986.2,120721500,1084.8,887.6,1102.5,649.1,1010.4,89,5,1010.3,227,4,1010.2,93,3,1010.1,1551,15,1010.0,6453,44,1010.5,95,4,1010.6,609,4,1010.7,395,6,1010.8,1056,5,1010.9,1430,9
317,2025-11-26 15:19:51+05:30,1010.5,10,1003.2,9240363,286699.0,344189.0,986.2,1012.8,981.3,986.2,120721500,1084.8,887.6,1102.5,649.1,1010.4,89,5,1010.3,227,4,1010.2,93,3,1010.1,1551,15,1010.0,6453,44,1010.5,95,4,1010.6,609,4,1010.7,395,6,1010.8,1056,5,1010.9,1430,9
317,2025-11-26 15:19:51+05:30,1010.5,10,1003.2,9240540,288068.0,343815.0,986.2,1012.8,981.3,986.2,120721500,1084.8,887.6,1102.5,649.1,1010.4,646,8,1010.3,475,6,1010.2,882,8,1010.1,1394,14,1010.0,6091,43,1010.5,220,4,1010.6,1,1,1010.7,7,2,1010.8,445,2,1010.9,1456,11
317,2025-11-26 15:19:52+05:30,1010.5,1,1003.2,9240540,288068.0,343815.0,986.2,1012.8,981.3,986.2,120721500,1084.8,887.6,1102.5,649.1,1010.4,646,8,1010.3,475,6,1010.2,882,8,1010.1,1394,14,1010.0,6091,43,1010.5,220,4,1010.6,1,1,1010.7,7,2,1010.8,445,2,1010.9,1456,11
317,2025-11-26 15:19:52+05:30,1010.5,1,1003.2,9240541,288385.0,343957.0,986.2,1012.8,981.3,986.2,120721500,1084.8,887.6,1102.5,649.1,1010.4,646,8,1010.3,475,6,1010.2,1418,9,1010.1,1394,14,1010.0,6453,44,1010.5,219,4,1010.6,1,1,1010.7,7,2,1010.8,445,2,1010.9,1456,11
317,2025-11-26 15:19:53+05:30,1010.5,15,1003.2,9240541,288385.0,343957.0,986.2,1012.8,981.3,986.2,120721500,1084.8,887.6,1102.5,649.1,1010.4,646,8,1010.3,475,6,1010.2,1418,9,1010.1,1394,14,1010.0,6453,44,1010.5,219,4,1010.6,1,1,1010.7,7,2,1010.8,445,2,1010.9,1456,11
317,2025-11-26 15:19:53+05:30,1010.5,55,1003.2,9240695,288407.0,343952.0,986.2,1012.8,981.3,986.2,120721500,1084.8,887.6,1102.5,649.1,1010.4,725,9,1010.3,184,4,1010.2,1108,10,1010.1,1394,14,1010.0,6398,43,1010.5,193,5,1010.6,1,1,1010.7,7,2,1010.8,545,3,1010.9,1456,11
317,2025-11-26 15:19:54+05:30,1010.5,4,1003.2,9240695,288407.0,343952.0,986.2,1012.8,981.3,986.2,120721500,1084.8,887.6,1102.5,649.1,1010.4,725,9,1010.3,184,4,1010.2,1108,10,1010.1,1394,14,1010.0,6398,43,1010.5,193,5,1010.6,1,1,1010.7,7,2,1010.8,545,3,1010.9,1456,11
317,2025-11-26 15:19:54+05:30,1010.4,9,1003.2,9241285,288025.0,343440.0,986.2,1012.8,981.3,986.2,120721500,1084.8,887.6,1102.5,649.1,1010.4,739,10,1010.3,517,6,1010.2,917,9,1010.1,1394,14,1010.0,6036,42,1010.5,1,1,1010.6,1,1,1010.7,25,1,1010.8,462,2,1010.9,1285,10
317,2025-11-26 15:19:55+05:30,1010.4,96,1003.2,9241285,288025.0,343440.0,986.2,1012.8,981.3,986.2,120721500,1084.8,887.6,1102.5,649.1,1010.4,739,10,1010.3,517,6,1010.2,917,9,1010.1,1394,14,1010.0,6036,42,1010.5,1,1,1010.6,1,1,1010.7,25,1,1010.8,462,2,1010.9,1285,10
317,2025-11-26 15:19:55+05:30,1010.4,96,1003.2,9241394,286892.0,344514.0,986.2,1012.8,981.3,986.2,120721500,1084.8,887.6,1102.5,649.1,1010.4,281,7,1010.3,204,3,1010.2,1207,9,1010.1,1394,14,1010.0,6780,45,1010.5,249,4,1010.6,1,1,1010.7,103,2,1010.8,1404,6,1010.9,1481,13
317,2025-11-26 15:19:56+05:30,1010.4,50,1003.2,9241453,286851.0,344290.0,986.2,1012.8,981.3,986.2,120721500,1084.8,887.6,1102.5,649.1,1010.4,222,7,1010.3,288,4,1010.2,661,8,1010.1,1394,14,1010.0,6589,44,1010.5,257,6,1010.7,485,4,1010.8,784,6,1010.9,1455,11,1011.0,3740,19
317,2025-11-26 15:19:57+05:30,1010.4,50,1003.2,9241453,286851.0,344290.0,986.2,1012.8,981.3,986.2,120721500,1084.8,887.6,1102.5,649.1,1010.4,222,7,1010.3,288,4,1010.2,661,8,1010.1,1394,14,1010.0,6589,44,1010.5,257,6,1010.7,485,4,1010.8,784,6,1010.9,1455,11,1011.0,3740,19
317,2025-11-26 15:19:57+05:30,1010.3,3,1003.2,9241955,287361.0,343650.0,986.2,1012.8,981.3,986.2,120721500,1084.8,887.6,1102.5,649.1,1010.3,268,4,1010.2,142,5,1010.1,1372,13,1010.0,6359,42,1009.9,1150,10,1010.4,22,1,1010.5,260,7,1010.6,5,1,1010.7,405,3,1010.8,1466,11
317,2025-11-26 15:19:58+05:30,1010.3,1,1003.2,9241955,287361.0,343650.0,986.2,1012.8,981.3,986.2,120721500,1084.8,887.6,1102.5,649.1,1010.3,268,4,1010.2,142,5,1010.1,1372,13,1010.0,6359,42,1009.9,1150,10,1010.4,22,1,1010.5,260,7,1010.6,5,1,1010.7,405,3,1010.8,1466,11
317,2025-11-26 15:19:58+05:30,1010.4,4,1003.2,9241962,287530.0,344014.0,986.2,1012.8,981.3,986.2,120721500,1084.8,887.6,1102.5,649.1,1010.3,278,4,1010.2,142,5,1010.1,1296,12,1010.0,6365,43,1009.9,1341,11,1010.4,382,3,1010.5,161,5,1010.6,499,6,1010.7,797,6,1010.8,1249,8
317,2025-11-26 15:19:59+05:30,1010.4,3,1003.2,9241962,287530.0,344014.0,986.2,1012.8,981.3,986.2,120721500,1084.8,887.6,1102.5,649.1,1010.3,278,4,1010.2,142,5,1010.1,1296,12,1010.0,6365,43,1009.9,1341,11,1010.4,382,3,1010.5,161,5,1010.6,499,6,1010.7,797,6,1010.8,1249,8
317,2025-11-26 15:19:59+05:30,1010.3,11,1003.2,9242952,286820.0,342586.0,986.2,1012.8,981.3,986.2,120721500,1084.8,887.6,1102.5,649.1,1010.3,833,4,1010.2,960,8,1010.1,1753,15,1010.0,6365,43,1009.9,580,7,1010.5,151,2,1010.7,100,2,1010.8,765,5,1010.9,1424,9,1011.0,3300,17
317,2025-11-26 15:20:00+05:30,1010.5,13,1003.2,9242952,286820.0,342586.0,986.2,1012.8,981.3,986.2,120721500,1084.8,887.6,1102.5,649.1,1010.3,833,4,1010.2,960,8,1010.1,1753,15,1010.0,6365,43,1009.9,580,7,1010.5,151,2,1010.7,100,2,1010.8,765,5,1010.9,1424,9,1011.0,3300,17
317,2025-11-26 15:20:00+05:30,1010.4,47,1003.21,9245441,287026.0,342859.0,986.2,1012.8,981.3,986.2,120721500,1084.8,887.6,1102.5,649.1,1010.4,396,5,1010.3,84,4,1010.2,852,9,1010.1,1570,15,1010.0,6397,44,1010.5,158,1,1010.6,18,1,1010.7,82,1,1010.8,696,6,1010.9,1125,10
317,2025-11-26 15:20:01+05:30,1010.4,6,1003.21,9245441,287026.0,342859.0,986.2,1012.8,981.3,986.2,120721500,1084.8,887.6,1102.5,649.1,1010.4,396,5,1010.3,84,4,1010.2,852,9,1010.1,1570,15,1010.0,6397,44,1010.5,158,1,1010.6,18,1,1010.7,82,1,1010.8,696,6,1010.9,1125,10
317,2025-11-26 15:20:01+05:30,1010.5,305,1003.21,9246133,286721.0,342433.0,986.2,1012.8,981.3,986.2,120721500,1084.8,887.6,1102.5,649.1,1010.4,112,5,1010.3,516,4,1010.2,558,7,1010.1,1495,14,1010.0,6373,43,1010.6,28,2,1010.7,347,4,1010.8,998,7,1010.9,984,10,1011.0,4033,22
317,2025-11-26 15:20:02+05:30,1010.5,305,1003.21,9246133,286721.0,342433.0,986.2,1012.8,981.3,986.2,120721500,1084.8,887.6,1102.5,649.1,1010.4,112,5,1010.3,516,4,1010.2,558,7,1010.1,1495,14,1010.0,6373,43,1010.6,28,2,1010.7,347,4,1010.8,998,7,1010.9,984,10,1011.0,4033,22
317,2025-11-26 15:20:02+05:30,1010.6,9,1003.21,9247063,287014.0,342629.0,986.2,1012.8,981.3,986.2,120721500,1084.8,887.6,1102.5,649.1,1010.5,58,2,1010.4,146,5,1010.3,460,3,1010.2,368,6,1010.1,1338,13,1010.6,60,1,1010.7,358,5,1010.8,761,4,1010.9,819,9,1011.0,3507,19
317,2025-11-26 15:20:03+05:30,1010.7,364,1003.21,9247063,287014.0,342629.0,986.2,1012.8,981.3,986.2,120721500,1084.8,887.6,1102.5,649.1,1010.5,58,2,1010.4,146,5,1010.3,460,3,1010.2,368,6,1010.1,1338,13,1010.6,60,1,1010.7,358,5,1010.8,761,4,1010.9,819,9,1011.0,3507,19
317,2025-11-26 15:20:03+05:30,1010.5,1,1003.21,9247927,286275.0,343023.0,986.2,1012.8,981.3,986.2,120721500,1084.8,887.6,1102.5,649.1,1010.5,112,3,1010.4,144,4,1010.3,460,3,1010.2,68,5,1010.1,1600,15,1010.6,69,1,1010.7,899,5,1010.8,661,7,1010.9,1204,10,1011.0,3862,22
317,2025-11-26 15:20:04+05:30,1010.4,186,1003.21,9247927,286275.0,343023.0,986.2,1012.8,981.3,986.2,120721500,1084.8,887.6,1102.5,649.1,1010.5,112,3,1010.4,144,4,1010.3,460,3,1010.2,68,5,1010.1,1600,15,1010.6,69,1,1010.7,899,5,1010.8,661,7,1010.9,1204,10,1011.0,3862,22
317,2025-11-26 15:20:05+05:30,1010.4,26,1003.21,9248924,286765.0,349014.0,986.2,1012.8,981.3,986.2,120721500,1084.8,887.6,1102.5,649.1,1010.3,16,3,1010.2,64,4,1010.1,694,9,1010.0,5920,38,1009.9,646,4,1010.4,243,3,1010.5,745,6,1010.6,1341,12,1010.7,1451,7,1010.8,1249,13
317,2025-11-26 15:20:05+05:30,1010.4,26,1003.21,9248924,286765.0,349014.0,986.2,1012.8,981.3,986.2,120721500,1084.8,887.6,1102.5,649.1,1010.3,16,3,1010.2,64,4,1010.1,694,9,1010.0,5920,38,1009.9,646,4,1010.4,243,3,1010.5,745,6,1010.6,1341,12,1010.7,1451,7,1010.8,1249,13
317,2025-11-26 15:20:06+05:30,1010.5,173,1003.21,9248924,286765.0,349014.0,986.2,1012.8,981.3,986.2,120721500,1084.8,887.6,1102.5,649.1,1010.3,16,3,1010.2,64,4,1010.1,694,9,1010.0,5920,38,1009.9,646,4,1010.4,243,3,1010.5,745,6,1010.6,1341,12,1010.7,1451,7,1010.8,1249,13
317,2025-11-26 15:20:06+05:30,1010.5,173,1003.21,9249967,287539.0,348352.0,986.2,1012.8,981.3,986.2,120721500,1084.8,887.6,1102.5,649.1,1010.2,69,3,1010.1,1302,12,1010.0,5726,41,1009.9,460,4,1009.8,1111,9,1010.6,2275,7,1010.7,1462,5,1010.8,296,4,1010.9,958,8,1011.0,3878,18
317,2025-11-26 15:20:07+05:30,1010.5,3,1003.21,9249967,287539.0,348352.0,986.2,1012.8,981.3,986.2,120721500,1084.8,887.6,1102.5,649.1,1010.2,69,3,1010.1,1302,12,1010.0,5726,41,1009.9,460,4,1009.8,1111,9,1010.6,2275,7,1010.7,1462,5,1010.8,296,4,1010.9,958,8,1011.0,3878,18
317,2025-11-26 15:20:07+05:30,1010.5,4,1003.21,9250020,287240.0,349320.0,986.2,1012.8,981.3,986.2,120721500,1084.8,887.6,1102.5,649.1,1010.3,12,1,1010.2,16,2,1010.1,1153,11,1010.0,6349,44,1009.9,830,5,1010.5,52,1,1010.6,2783,11,1010.7,1787,7,1010.8,1415,11,1010.9,871,11
317,2025-11-26 15:20:08+05:30,1010.3,12,1003.21,9250020,287240.0,349320.0,986.2,1012.8,981.3,986.2,120721500,1084.8,887.6,1102.5,649.1,1010.3,12,1,1010.2,16,2,1010.1,1153,11,1010.0,6349,44,1009.9,830,5,1010.5,52,1,1010.6,2783,11,1010.7,1787,7,1010.8,1415,11,1010.9,871,11
317,2025-11-26 15:20:08+05:30,1010.2,1,1003.21,9250047,287777.0,349180.0,986.2,1012.8,981.3,986.2,120721500,1084.8,887.6,1102.5,649.1,1010.2,49,4,1010.1,1153,11,1010.0,6378,44,1009.9,1020,6,1009.8,966,10,1010.3,290,3,1010.4,81,1,1010.5,242,4,1010.6,2778,10,1010.7,806,5
317,2025-11-26 15:20:09+05:30,1010.3,1,1003.21,9250047,287777.0,349180.0,986.2,1012.8,981.3,986.2,120721500,1084.8,887.6,1102.5,649.1,1010.2,49,4,1010.1,1153,11,1010.0,6378,44,1009.9,1020,6,1009.8,966,10,1010.3,290,3,1010.4,81,1,1010.5,242,4,1010.6,2778,10,1010.7,806,5
317,2025-11-26 15:20:09+05:30,1010.3,1,1003.21,9250050,286615.0,351395.0,986.2,1012.8,981.3,986.2,120721500,1084.8,887.6,1102.5,649.1,1010.2,63,5,1010.1,1153,11,1010.0,5078,42,1009.9,601,4,1009.8,1086,8,1010.3,567,6,1010.4,469,4,1010.5,696,8,1010.6,2663,9,1010.7,2127,8
317,2025-11-26 15:20:10+05:30,1010.3,1,1003.21,9250050,286615.0,351395.0,986.2,1012.8,981.3,986.2,120721500,1084.8,887.6,1102.5,649.1,1010.2,63,5,1010.1,1153,11,1010.0,5078,42,1009.9,601,4,1009.8,1086,8,1010.3,567,6,1010.4,469,4,1010.5,696,8,1010.6,2663,9,1010.7,2127,8
317,2025-11-26 15:20:10+05:30,1010.2,7,1003.21,9251027,286495.0,349517.0,986.2,1012.8,981.3,986.2,120721500,1084.8,887.6,1102.5,649.1,1010.2,66,6,1010.1,708,10,1010.0,5698,43,1009.9,683,5,1009.8,1057,7,1010.3,287,7,1010.4,81,1,1010.5,503,5,1010.6,2837,10,1010.7,934,10
317,2025-11-26 15:20:11+05:30,1010.3,100,1003.21,9251027,286495.0,349517.0,986.2,1012.8,981.3,986.2,120721500,1084.8,887.6,1102.5,649.1,1010.2,66,6,1010.1,708,10,1010.0,5698,43,1009.9,683,5,1009.8,1057,7,1010.3,287,7,1010.4,81,1,1010.5,503,5,1010.6,2837,10,1010.7,934,10
317,2025-11-26 15:20:11+05:30,1010.3,21,1003.21,9251332,286641.0,346894.0,986.2,1012.8,981.3,986.2,120721500,1084.8,887.6,1102.5,649.1,1010.2,66,6,1010.1,1153,11,1010.0,5679,46,1009.9,897,6,1009.8,883,6,1010.3,288,3,1010.5,156,2,1010.6,2563,8,1010.7,1061,8,1010.8,2208,12
317,2025-11-26 15:20:12+05:30,1010.3,21,1003.21,9251332,286641.0,346894.0,986.2,1012.8,981.3,986.2,120721500,1084.8,887.6,1102.5,649.1,1010.2,66,6,1010.1,1153,11,1010.0,5679,46,1009.9,897,6,1009.8,883,6,1010.3,288,3,1010.5,156,2,1010.6,2563,8,1010.7,1061,8,1010.8,2208,12
317,2025-11-26 15:20:12+05:30,1010.2,16,1003.21,9251640,278967.0,347801.0,986.2,1012.8,981.3,986.2,120721500,1084.8,887.6,1102.5,649.1,1010.1,708,10,1010.0,2559,44,1009.9,83,1,1009.8,1145,7,1009.7,988,10,1010.2,67,1,1010.3,464,6,1010.4,249,4,1010.5,426,5,1010.6,3150,12
317,2025-11-26 15:20:13+05:30,1010.2,1,1003.21,9251640,278967.0,347801.0,986.2,1012.8,981.3,986.2,120721500,1084.8,887.6,1102.5,649.1,1010.1,708,10,1010.0,2559,44,1009.9,83,1,1009.8,1145,7,1009.7,988,10,1010.2,67,1,1010.3,464,6,1010.4,249,4,1010.5,426,5,1010.6,3150,12
317,2025-11-26 15:20:13+05:30,1010.1,4,1003.21,9252457,279650.0,346799.0,986.2,1012.8,981.3,986.2,120721500,1084.8,887.6,1102.5,649.1,1010.1,1014,8,1010.0,2281,44,1009.9,436,5,1009.8,929,8,1009.7,1034,9,1010.2,172,5,1010.3,331,5,1010.4,168,3,1010.5,360,4,1010.6,2566,10
317,2025-11-26 15:20:14+05:30,1010.2,4,1003.21,9252457,279650.0,346799.0,986.2,1012.8,981.3,986.2,120721500,1084.8,887.6,1102.5,649.1,1010.1,1014,8,1010.0,2281,44,1009.9,436,5,1009.8,929,8,1009.7,1034,9,1010.2,172,5,1010.3,331,5,1010.4,168,3,1010.5,360,4,1010.6,2566,10
317,2025-11-26 15:20:15+05:30,1010.1,14,1003.21,9252490,279580.0,347810.0,986.2,1012.8,981.3,986.2,120721500,1084.8,887.6,1102.5,649.1,1010.1,919,8,1010.0,2202,43,1009.9,436,5,1009.8,929,8,1009.7,1034,9,1010.2,245,6,1010.3,383,5,1010.4,163,2,1010.5,356,3,1010.6,2566,10
317,2025-11-26 15:20:15+05:30,1010.2,13,1003.21,9252490,279580.0,347810.0,986.2,1012.8,981.3,986.2,120721500,1084.8,887.6,1102.5,649.1,1010.1,919,8,1010.0,2202,43,1009.9,436,5,1009.8,929,8,1009.7,1034,9,1010.2,245,6,1010.3,383,5,1010.4,163,2,1010.5,356,3,1010.6,2566,10
317,2025-11-26 15:20:16+05:30,1010.1,10,1003.21,9252490,279580.0,347810.0,986.2,1012.8,981.3,986.2,120721500,1084.8,887.6,1102.5,649.1,1010.1,919,8,1010.0,2202,43,1009.9,436,5,1009.8,929,8,1009.7,1034,9,1010.2,245,6,1010.3,383,5,1010.4,163,2,1010.5,356,3,1010.6,2566,10
317,2025-11-26 15:20:16+05:30,1010.1,10,1003.21,9252894,276618.0,348446.0,986.2,1012.8,981.3,986.2,120721500,1084.8,887.6,1102.5,649.1,1010.1,124,6,1010.0,2557,43,1009.9,174,1,1009.8,456,4,1009.7,1157,11,1010.2,338,8,1010.3,416,6,1010.4,415,5,1010.5,935,9,1010.6,3896,11
317,2025-11-26 15:20:17+05:30,1010.2,5,1003.21,9252894,276618.0,348446.0,986.2,1012.8,981.3,986.2,120721500,1084.8,887.6,1102.5,649.1,1010.1,124,6,1010.0,2557,43,1009.9,174,1,1009.8,456,4,1009.7,1157,11,1010.2,338,8,1010.3,416,6,1010.4,415,5,1010.5,935,9,1010.6,3896,11
317,2025-11-26 15:20:17+05:30,1010.2,55,1003.22,9262053,280915.0,339413.0,986.2,1012.8,981.3,986.2,120721500,1084.8,887.6,1102.5,649.1,1010.4,750,1,1010.3,521,2,1010.2,104,2,1010.1,582,11,1010.0,2974,53,1010.7,46,1,1010.8,174,1,1010.9,716,6,1011.0,2390,13,1011.1,475,5
317,2025-11-26 15:20:18+05:30,1010.6,567,1003.22,9262053,280915.0,339413.0,986.2,1012.8,981.3,986.2,120721500,1084.8,887.6,1102.5,649.1,1010.4,750,1,1010.3,521,2,1010.2,104,2,1010.1,582,11,1010.0,2974,53,1010.7,46,1,1010.8,174,1,1010.9,716,6,1011.0,2390,13,1011.1,475,5
317,2025-11-26 15:20:18+05:30,1010.4,19,1003.22,9267753,278098.0,340737.0,986.2,1012.8,981.3,986.2,120721500,1084.8,887.6,1102.5,649.1,1010.4,19,1,1010.2,9,2,1010.1,348,9,1010.0,2733,50,1009.9,1085,11,1010.6,343,1,1010.7,852,5,1010.8,633,8,1010.9,1188,8,1011.0,3729,20
317,2025-11-26 15:20:19+05:30,1010.6,7,1003.22,9267753,278098.0,340737.0,986.2,1012.8,981.3,986.2,120721500,1084.8,887.6,1102.5,649.1,1010.4,19,1,1010.2,9,2,1010.1,348,9,1010.0,2733,50,1009.9,1085,11,1010.6,343,1,1010.7,852,5,1010.8,633,8,1010.9,1188,8,1011.0,3729,20
317,2025-11-26 15:20:19+05:30,1010.6,5,1003.22,9268739,280340.0,340715.0,986.2,1012.8,981.3,986.2,120721500,1084.8,887.6,1102.5,649.1,1010.2,1122,5,1010.1,772,10,1010.0,3050,51,1009.9,1093,12,1009.8,696,11,1010.6,220,2,1010.7,804,4,1010.8,1062,7,1010.9,574,6,1011.0,3466,19
317,2025-11-26 15:20:20+05:30,1010.2,1,1003.22,9268739,280340.0,340715.0,986.2,1012.8,981.3,986.2,120721500,1084.8,887.6,1102.5,649.1,1010.2,1122,5,1010.1,772,10,1010.0,3050,51,1009.9,1093,12,1009.8,696,11,1010.6,220,2,1010.7,804,4,1010.8,1062,7,1010.9,574,6,1011.0,3466,19
317,2025-11-26 15:20:20+05:30,1010.2,2,1003.22,9269181,280379.0,342128.0,986.2,1012.8,981.3,986.2,120721500,1084.8,887.6,1102.5,649.1,1010.2,969,6,1010.1,486,8,1010.0,2972,51,1009.9,1347,14,1009.8,696,11,1010.6,847,6,1010.7,1008,7,1010.8,868,9,1010.9,1209,10,1011.0,2953,17
317,2025-11-26 15:20:21+05:30,1010.2,1,1003.22,9269637,280001.0,340402.0,986.2,1012.8,981.3,986.2,120721500,1084.8,887.6,1102.5,649.1,1010.2,921,4,1010.1,485,7,1010.0,2629,48,1009.9,1228,16,1009.8,924,11,1010.6,169,4,1010.7,973,8,1010.8,868,9,1010.9,1365,10,1011.0,2617,16
317,2025-11-26 15:20:22+05:30,1010.2,12,1003.22,9269637,280001.0,340402.0,986.2,1012.8,981.3,986.2,120721500,1084.8,887.6,1102.5,649.1,1010.2,921,4,1010.1,485,7,1010.0,2629,48,1009.9,1228,16,1009.8,924,11,1010.6,169,4,1010.7,973,8,1010.8,868,9,1010.9,1365,10,1011.0,2617,16
317,2025-11-26 15:20:22+05:30,1010.5,5,1003.22,9270473,280115.0,341820.0,986.2,1012.8,981.3,986.2,120721500,1084.8,887.6,1102.5,649.1,1010.2,395,3,1010.1,564,8,1010.0,3080,51,1009.9,1133,16,1009.8,1214,11,1010.5,267,2,1010.6,297,2,1010.7,789,8,1010.8,1085,12,1010.9,1156,7
317,2025-11-26 15:20:23+05:30,1010.5,5,1003.22,9270473,280115.0,341820.0,986.2,1012.8,981.3,986.2,120721500,1084.8,887.6,1102.5,649.1,1010.2,395,3,1010.1,564,8,1010.0,3080,51,1009.9,1133,16,1009.8,1214,11,1010.5,267,2,1010.6,297,2,1010.7,789,8,1010.8,1085,12,1010.9,1156,7
317,2025-11-26 15:20:23+05:30,1010.4,25,1003.23,9273716,278715.0,345968.0,986.2,1012.8,981.3,986.2,120721500,1084.8,887.6,1102.5,649.1,1010.1,775,4,1010.0,2326,45,1009.9,307,5,1009.8,445,5,1009.7,1080,7,1010.4,592,5,1010.5,858,11,1010.6,530,5,1010.7,1296,7,1010.8,1718,12
317,2025-11-26 15:20:24+05:30,1010.1,100,1003.23,9273716,278715.0,345968.0,986.2,1012.8,981.3,986.2,120721500,1084.8,887.6,1102.5,649.1,1010.1,775,4,1010.0,2326,45,1009.9,307,5,1009.8,445,5,1009.7,1080,7,1010.4,592,5,1010.5,858,11,1010.6,530,5,1010.7,1296,7,1010.8,1718,12
317,2025-11-26 15:20:24+05:30,1010.1,100,1003.23,9273716,278715.0,345968.0,986.2,1012.8,981.3,986.2,120721500,1084.8,887.6,1102.5,649.1,1010.1,775,4,1010.0,2326,45,1009.9,307,5,1009.8,445,5,1009.7,1080,7,1010.4,592,5,1010.5,858,11,1010.6,530,5,1010.7,1296,7,1010.8,1718,12
317,2025-11-26 15:20:25+05:30,1010.1,19,1003.23,9275185,278416.0,348621.0,986.2,1012.8,981.3,986.2,120721500,1084.8,887.6,1102.5,649.1,1010.1,7,1,1010.0,2576,39,1009.9,129,4,1009.8,557,4,1009.7,1024,10,1010.3,582,4,1010.4,984,8,1010.5,1115,13,1010.6,1246,8,1010.7,1563,8
317,2025-11-26 15:20:25+05:30,1010.1,19,1003.23,9275185,278416.0,348621.0,986.2,1012.8,981.3,986.2,120721500,1084.8,887.6,1102.5,649.1,1010.1,7,1,1010.0,2576,39,1009.9,129,4,1009.8,557,4,1009.7,1024,10,1010.3,582,4,1010.4,984,8,1010.5,1115,13,1010.6,1246,8,1010.7,1563,8
317,2025-11-26 15:20:25+05:30,1010.1,4,1003.23,9275189,278670.0,346945.0,986.2,1012.8,981.3,986.2,120721500,1084.8,887.6,1102.5,649.1,1010.1,21,3,1010.0,2657,41,1009.9,504,7,1009.8,798,6,1009.7,1104,11,1010.2,56,1,1010.3,370,3,1010.4,517,5,1010.5,1096,10,1010.6,734,9
317,2025-11-26 15:20:26+05:30,1010.1,4,1003.23,9275189,278670.0,346945.0,986.2,1012.8,981.3,986.2,120721500,1084.8,887.6,1102.5,649.1,1010.1,21,3,1010.0,2657,41,1009.9,504,7,1009.8,798,6,1009.7,1104,11,1010.2,56,1,1010.3,370,3,1010.4,517,5,1010.5,1096,10,1010.6,734,9
317,2025-11-26 15:20:26+05:30,1010.1,4,1003.23,9275189,278670.0,346945.0,986.2,1012.8,981.3,986.2,120721500,1084.8,887.6,1102.5,649.1,1010.1,21,3,1010.0,2657,41,1009.9,504,7,1009.8,798,6,1009.7,1104,11,1010.2,56,1,1010.3,370,3,1010.4,517,5,1010.5,1096,10,1010.6,734,9
317,2025-11-26 15:20:26+05:30,1010.2,30,1003.23,9275320,278687.0,339449.0,986.2,1012.8,981.3,986.2,120721500,1084.8,887.6,1102.5,649.1,1010.1,16,1,1010.0,2578,40,1009.9,133,5,1009.8,634,5,1009.7,1266,12,1010.2,60,3,1010.3,370,3,1010.4,841,7,1010.5,810,10,1010.6,544,6
317,2025-11-26 15:20:26+05:30,1010.2,30,1003.23,9275320,278687.0,339449.0,986.2,1012.8,981.3,986.2,120721500,1084.8,887.6,1102.5,649.1,1010.1,16,1,1010.0,2578,40,1009.9,133,5,1009.8,634,5,1009.7,1266,12,1010.2,60,3,1010.3,370,3,1010.4,841,7,1010.5,810,10,1010.6,544,6
317,2025-11-26 15:20:27+05:30,1010.2,30,1003.23,9275320,278687.0,339449.0,986.2,1012.8,981.3,986.2,120721500,1084.8,887.6,1102.5,649.1,1010.1,16,1,1010.0,2578,40,1009.9,133,5,1009.8,634,5,1009.7,1266,12,1010.2,60,3,1010.3,370,3,1010.4,841,7,1010.5,810,10,1010.6,544,6
317,2025-11-26 15:20:28+05:30,1010.2,51,1003.23,9280758,281388.0,346125.0,986.2,1012.8,981.3,986.2,120721500,1084.8,887.6,1102.5,649.1,1010.1,2013,8,1010.0,2540,45,1009.9,563,8,1009.8,969,8,1009.7,1018,10,1010.2,34,2,1010.3,476,3,1010.5,10,1,1010.6,396,3,1010.7,1605,10
317,2025-11-26 15:20:28+05:30,1010.2,51,1003.23,9280758,281388.0,346125.0,986.2,1012.8,981.3,986.2,120746250,1084.8,887.6,1102.5,649.1,1010.1,2013,8,1010.0,2540,45,1009.9,563,8,1009.8,969,8,1009.7,1018,10,1010.2,34,2,1010.3,476,3,1010.5,10,1,1010.6,396,3,1010.7,1605,10
317,2025-11-26 15:20:28+05:30,1010.1,61,1003.23,9280758,281388.0,346125.0,986.2,1012.8,981.3,986.2,120746250,1084.8,887.6,1102.5,649.1,1010.1,2013,8,1010.0,2540,45,1009.9,563,8,1009.8,969,8,1009.7,1018,10,1010.2,34,2,1010.3,476,3,1010.5,10,1,1010.6,396,3,1010.7,1605,10
317,2025-11-26 15:20:28+05:30,1010.1,61,1003.23,9280758,281388.0,346125.0,986.2,1012.8,981.3,986.2,120746250,1084.8,887.6,1102.5,649.1,1010.1,2013,8,1010.0,2540,45,1009.9,563,8,1009.8,969,8,1009.7,1018,10,1010.2,34,2,1010.3,476,3,1010.5,10,1,1010.6,396,3,1010.7,1605,10
317,2025-11-26 15:20:29+05:30,1010.8,274,1003.23,9284111,280424.0,339415.0,986.2,1012.8,981.3,986.2,120746250,1084.8,887.6,1102.5,649.1,1010.3,1372,3,1010.2,490,5,1010.1,877,7,1010.0,2312,41,1009.9,904,13,1010.7,87,1,1010.8,402,4,1010.9,762,5,1011.0,2780,16,1011.1,1248,9
317,2025-11-26 15:20:30+05:30,1010.6,4,1003.24,9284855,279950.0,342190.0,986.2,1012.8,981.3,986.2,120746250,1084.8,887.6,1102.5,649.1,1010.3,810,3,1010.2,621,8,1010.1,1054,8,1010.0,2311,42,1009.9,958,12,1010.6,210,1,1010.7,131,4,1010.8,1044,8,1010.9,1468,10,1011.0,2855,19
317,2025-11-26 15:20:31+05:30,1010.5,14,1003.24,9284855,279950.0,342190.0,986.2,1012.8,981.3,986.2,120746250,1084.8,887.6,1102.5,649.1,1010.3,810,3,1010.2,621,8,1010.1,1054,8,1010.0,2311,42,1009.9,958,12,1010.6,210,1,1010.7,131,4,1010.8,1044,8,1010.9,1468,10,1011.0,2855,19
317,2025-11-26 15:20:31+05:30,1010.5,14,1003.24,9285102,280141.0,342539.0,986.2,1012.8,981.3,986.2,120746250,1084.8,887.6,1102.5,649.1,1010.3,842,8,1010.2,462,6,1010.1,1389,9,1010.0,2300,41,1009.9,904,13,1010.5,209,1,1010.6,5,1,1010.7,123,3,1010.8,1052,8,1010.9,788,7
317,2025-11-26 15:20:32+05:30,1010.2,66,1003.24,9285102,280141.0,342539.0,986.2,1012.8,981.3,986.2,120746250,1084.8,887.6,1102.5,649.1,1010.3,842,8,1010.2,462,6,1010.1,1389,9,1010.0,2300,41,1009.9,904,13,1010.5,209,1,1010.6,5,1,1010.7,123,3,1010.8,1052,8,1010.9,788,7
317,2025-11-26 15:20:32+05:30,1010.2,66,1003.24,9285960,279458.0,342724.0,986.2,1012.8,981.3,986.2,120746250,1084.8,887.6,1102.5,649.1,1010.2,300,4,1010.1,734,6,1010.0,1660,37,1009.9,781,7,1009.8,1139,10,1010.4,219,1,1010.5,270,4,1010.6,496,4,1010.7,953,8,1010.8,1578,11
317,2025-11-26 15:20:33+05:30,1010.4,3,1003.24,9285960,279458.0,342724.0,986.2,1012.8,981.3,986.2,120746250,1084.8,887.6,1102.5,649.1,1010.2,300,4,1010.1,734,6,1010.0,1660,37,1009.9,781,7,1009.8,1139,10,1010.4,219,1,1010.5,270,4,1010.6,496,4,1010.7,953,8,1010.8,1578,11
317,2025-11-26 15:20:33+05:30,1010.4,3,1003.24,9286713,280665.0,341927.0,986.2,1012.8,981.3,986.2,120746250,1084.8,887.6,1102.5,649.1,1010.3,4,1,1010.2,718,7,1010.1,1215,10,1010.0,2137,40,1009.9,885,9,1010.4,142,3,1010.5,260,2,1010.6,245,1,1010.7,494,4,1010.8,1007,10
317,2025-11-26 15:20:34+05:30,1010.4,4,1003.24,9286713,280665.0,341927.0,986.2,1012.8,981.3,986.2,120746250,1084.8,887.6,1102.5,649.1,1010.3,4,1,1010.2,718,7,1010.1,1215,10,1010.0,2137,40,1009.9,885,9,1010.4,142,3,1010.5,260,2,1010.6,245,1,1010.7,494,4,1010.8,1007,10
317,2025-11-26 15:20:34+05:30,1010.4,4,1003.24,9286750,280042.0,341905.0,986.2,1012.8,981.3,986.2,120746250,1084.8,887.6,1102.5,649.1,1010.3,5,2,1010.2,300,4,1010.1,1394,12,1010.0,2137,40,1009.9,885,9,1010.4,121,6,1010.5,260,2,1010.6,245,1,1010.7,493,3,1010.8,1033,12
317,2025-11-26 15:20:35+05:30,1010.2,1,1003.24,9286750,280042.0,341905.0,986.2,1012.8,981.3,986.2,120746250,1084.8,887.6,1102.5,649.1,1010.3,5,2,1010.2,300,4,1010.1,1394,12,1010.0,2137,40,1009.9,885,9,1010.4,121,6,1010.5,260,2,1010.6,245,1,1010.7,493,3,1010.8,1033,12
317,2025-11-26 15:20:35+05:30,1010.2,1,1003.24,9287058,280529.0,342493.0,986.2,1012.8,981.3,986.2,120746250,1084.8,887.6,1102.5,649.1,1010.2,806,5,1010.1,1206,12,1010.0,1950,37,1009.9,1002,11,1009.8,1108,11,1010.4,175,6,1010.5,260,2,1010.6,634,4,1010.7,591,4,1010.8,1169,12
317,2025-11-26 15:20:36+05:30,1010.3,7,1003.24,9287058,280529.0,342493.0,986.2,1012.8,981.3,986.2,120746250,1084.8,887.6,1102.5,649.1,1010.2,806,5,1010.1,1206,12,1010.0,1950,37,1009.9,1002,11,1009.8,1108,11,1010.4,175,6,1010.5,260,2,1010.6,634,4,1010.7,591,4,1010.8,1169,12
317,2025-11-26 15:20:36+05:30,1010.2,2,1003.24,9287080,281452.0,346184.0,986.2,1012.8,981.3,986.2,120746250,1084.8,887.6,1102.5,649.1,1010.2,807,5,1010.1,931,12,1010.0,2176,39,1009.9,918,10,1009.8,1202,12,1010.3,18,1,1010.4,964,6,1010.5,371,3,1010.6,634,4,1010.7,617,6
317,2025-11-26 15:20:37+05:30,1010.4,498,1003.24,9287080,281452.0,346184.0,986.2,1012.8,981.3,986.2,120746250,1084.8,887.6,1102.5,649.1,1010.2,807,5,1010.1,931,12,1010.0,2176,39,1009.9,918,10,1009.8,1202,12,1010.3,18,1,1010.4,964,6,1010.5,371,3,1010.6,634,4,1010.7,617,6
317,2025-11-26 15:20:37+05:30,1010.2,206,1003.24,9290531,279430.0,342418.0,986.2,1012.8,981.3,986.2,120746250,1084.8,887.6,1102.5,649.1,1010.2,544,1,1010.1,649,10,1010.0,1708,35,1009.9,848,8,1009.8,1120,11,1010.4,399,2,1010.5,101,2,1010.6,438,2,1010.7,490,3,1010.8,1370,9
317,2025-11-26 15:20:38+05:30,1010.3,4,1003.24,9290531,279430.0,342418.0,986.2,1012.8,981.3,986.2,120746250,1084.8,887.6,1102.5,649.1,1010.2,544,1,1010.1,649,10,1010.0,1708,35,1009.9,848,8,1009.8,1120,11,1010.4,399,2,1010.5,101,2,1010.6,438,2,1010.7,490,3,1010.8,1370,9
317,2025-11-26 15:20:38+05:30,1010.4,3,1003.24,9292416,279899.0,339449.0,986.2,1012.8,981.3,986.2,120746250,1084.8,887.6,1102.5,649.1,1010.4,183,1,1010.3,79,1,1010.2,1127,7,1010.1,951,9,1010.0,1867,37,1010.5,1,1,1010.7,133,2,1010.8,486,3,1010.9,684,5,1011.0,2697,17
317,2025-11-26 15:20:39+05:30,1010.4,33,1003.24,9292416,279899.0,339449.0,986.2,1012.8,981.3,986.2,120746250,1084.8,887.6,1102.5,649.1,1010.4,183,1,1010.3,79,1,1010.2,1127,7,1010.1,951,9,1010.0,1867,37,1010.5,1,1,1010.7,133,2,1010.8,486,3,1010.9,684,5,1011.0,2697,17
317,2025-11-26 15:20:39+05:30,1010.4,33,1003.24,9292537,279384.0,341217.0,986.2,1012.8,981.3,986.2,120746250,1084.8,887.6,1102.5,649.1,1010.4,150,1,1010.3,8,1,1010.2,1217,6,1010.1,1404,10,1010.0,1998,38,1010.5,22,2,1010.6,66,2,1010.7,577,5,1010.8,1147,9,1010.9,834,8
317,2025-11-26 15:20:40+05:30,1010.4,3,1003.24,9292537,279384.0,341217.0,986.2,1012.8,981.3,986.2,120746250,1084.8,887.6,1102.5,649.1,1010.4,150,1,1010.3,8,1,1010.2,1217,6,1010.1,1404,10,1010.0,1998,38,1010.5,22,2,1010.6,66,2,1010.7,577,5,1010.8,1147,9,1010.9,834,8
317,2025-11-26 15:20:40+05:30,1010.4,5,1003.24,9292642,279089.0,341227.0,986.2,1012.8,981.3,986.2,120746250,1084.8,887.6,1102.5,649.1,1010.4,49,2,1010.3,758,2,1010.2,159,4,1010.1,1193,12,1010.0,1918,37,1010.5,260,5,1010.6,101,2,1010.7,581,5,1010.8,901,7,1010.9,1503,11
317,2025-11-26 15:20:41+05:30,1010.4,2,1003.24,9292642,279089.0,341227.0,986.2,1012.8,981.3,986.2,120746250,1084.8,887.6,1102.5,649.1,1010.4,49,2,1010.3,758,2,1010.2,159,4,1010.1,1193,12,1010.0,1918,37,1010.5,260,5,1010.6,101,2,1010.7,581,5,1010.8,901,7,1010.9,1503,11
317,2025-11-26 15:20:41+05:30,1010.4,8,1003.24,9292652,280483.0,341753.0,986.2,1012.8,981.3,986.2,120746250,1084.8,887.6,1102.5,649.1,1010.4,1040,3,1010.3,855,4,1010.2,169,5,1010.1,1141,10,1010.0,1998,38,1010.5,300,6,1010.6,1,1,1010.7,567,5,1010.8,1158,9,1010.9,1527,13
317,2025-11-26 15:20:42+05:30,1010.5,1,1003.24,9292652,280483.0,341753.0,986.2,1012.8,981.3,986.2,120746250,1084.8,887.6,1102.5,649.1,1010.4,1040,3,1010.3,855,4,1010.2,169,5,1010.1,1141,10,1010.0,1998,38,1010.5,300,6,1010.6,1,1,1010.7,567,5,1010.8,1158,9,1010.9,1527,13
317,2025-11-26 15:20:42+05:30,1010.5,1,1003.24,9292706,280438.0,341804.0,986.2,1012.8,981.3,986.2,120746250,1084.8,887.6,1102.5,649.1,1010.4,1010,3,1010.3,102,3,1010.2,805,4,1010.1,840,8,1010.0,1994,37,1010.5,299,7,1010.6,1,1,1010.7,751,7,1010.8,1893,10,1010.9,2228,11
317,2025-11-26 15:20:43+05:30,1010.5,10,1003.24,9292706,280438.0,341804.0,986.2,1012.8,981.3,986.2,120746250,1084.8,887.6,1102.5,649.1,1010.4,1010,3,1010.3,102,3,1010.2,805,4,1010.1,840,8,1010.0,1994,37,1010.5,299,7,1010.6,1,1,1010.7,751,7,1010.8,1893,10,1010.9,2228,11
317,2025-11-26 15:20:43+05:30,1010.5,12,1003.24,9292760,280378.0,345119.0,986.2,1012.8,981.3,986.2,120746250,1084.8,887.6,1102.5,649.1,1010.4,1086,3,1010.3,852,4,1010.2,589,6,1010.1,1141,10,1010.0,1850,36,1010.5,387,6,1010.6,1,1,1010.7,469,4,1010.8,999,8,1010.9,1611,10
317,2025-11-26 15:20:44+05:30,1010.5,3,1003.24,9292760,280378.0,345119.0,986.2,1012.8,981.3,986.2,120746250,1084.8,887.6,1102.5,649.1,1010.4,1086,3,1010.3,852,4,1010.2,589,6,1010.1,1141,10,1010.0,1850,36,1010.5,387,6,1010.6,1,1,1010.7,469,4,1010.8,999,8,1010.9,1611,10
317,2025-11-26 15:20:44+05:30,1010.5,2,1003.24,9292853,280182.0,345157.0,986.2,1012.8,981.3,986.2,120746250,1084.8,887.6,1102.5,649.1,1010.4,1000,3,1010.3,854,5,1010.2,137,4,1010.1,997,9,1010.0,1992,36,1010.5,382,7,1010.6,1,1,1010.7,677,6,1010.8,1287,10,1010.9,1480,10
317,2025-11-26 15:20:45+05:30,1010.5,14,1003.24,9292853,280182.0,345157.0,986.2,1012.8,981.3,986.2,120746250,1084.8,887.6,1102.5,649.1,1010.4,1000,3,1010.3,854,5,1010.2,137,4,1010.1,997,9,1010.0,1992,36,1010.5,382,7,1010.6,1,1,1010.7,677,6,1010.8,1287,10,1010.9,1480,10
317,2025-11-26 15:20:45+05:30,1010.4,10,1003.24,9292903,280421.0,346110.0,986.2,1012.8,981.3,986.2,120746250,1084.8,887.6,1102.5,649.1,1010.4,965,3,1010.3,854,5,1010.2,55,3,1010.1,997,9,1010.0,1992,36,1010.5,555,7,1010.6,101,2,1010.7,677,6,1010.8,1313,12,1010.9,2204,9
317,2025-11-26 15:20:46+05:30,1010.5,2,1003.24,9292903,280421.0,346110.0,986.2,1012.8,981.3,986.2,120746250,1084.8,887.6,1102.5,649.1,1010.4,965,3,1010.3,854,5,1010.2,55,3,1010.1,997,9,1010.0,1992,36,1010.5,555,7,1010.6,101,2,1010.7,677,6,1010.8,1313,12,1010.9,2204,9
317,2025-11-26 15:20:46+05:30,1010.5,17,1003.24,9292977,280164.0,345558.0,986.2,1012.8,981.3,986.2,120746250,1084.8,887.6,1102.5,649.1,1010.4,972,7,1010.3,854,5,1010.2,137,4,1010.1,1139,9,1010.0,1848,35,1010.5,502,8,1010.6,1,1,1010.7,469,4,1010.8,1025,10,1010.9,1698,8
317,2025-11-26 15:20:47+05:30,1010.5,2,1003.24,9292977,280164.0,345558.0,986.2,1012.8,981.3,986.2,120746250,1084.8,887.6,1102.5,649.1,1010.4,972,7,1010.3,854,5,1010.2,137,4,1010.1,1139,9,1010.0,1848,35,1010.5,502,8,1010.6,1,1,1010.7,469,4,1010.8,1025,10,1010.9,1698,8
317,2025-11-26 15:20:47+05:30,1010.4,37,1003.24,9294908,278720.0,342693.0,986.2,1012.8,981.3,986.2,120746250,1084.8,887.6,1102.5,649.1,1010.4,39,4,1010.3,854,5,1010.2,221,4,1010.1,915,7,1010.0,1769,34,1010.5,87,4,1010.6,101,2,1010.7,549,5,1010.8,1688,9,1010.9,1314,9
317,2025-11-26 15:20:48+05:30,1010.4,8,1003.24,9294908,278720.0,342693.0,986.2,1012.8,981.3,986.2,120746250,1084.8,887.6,1102.5,649.1,1010.4,39,4,1010.3,854,5,1010.2,221,4,1010.1,915,7,1010.0,1769,34,1010.5,87,4,1010.6,101,2,1010.7,549,5,1010.8,1688,9,1010.9,1314,9
317,2025-11-26 15:20:48+05:30,1010.4,2,1003.24,9295628,278811.0,343012.0,986.2,1012.8,981.3,986.2,120746250,1084.8,887.6,1102.5,649.1,1010.4,58,1,1010.3,624,5,1010.2,163,4,1010.1,980,10,1010.0,1624,35,1010.5,282,6,1010.6,6,2,1010.7,639,5,1010.8,1688,9,1010.9,1463,11
317,2025-11-26 15:20:49+05:30,1010.5,2,1003.24,9295628,278811.0,343012.0,986.2,1012.8,981.3,986.2,120746250,1084.8,887.6,1102.5,649.1,1010.4,58,1,1010.3,624,5,1010.2,163,4,1010.1,980,10,1010.0,1624,35,1010.5,282,6,1010.6,6,2,1010.7,639,5,1010.8,1688,9,1010.9,1463,11
317,2025-11-26 15:20:49+05:30,1010.5,1,1003.24,9295656,279207.0,342622.0,986.2,1012.8,981.3,986.2,120746250,1084.8,887.6,1102.5,649.1,1010.4,72,3,1010.3,624,5,1010.2,919,8,1010.1,1030,11,1010.0,1111,33,1010.5,257,6,1010.6,6,2,1010.7,541,4,1010.8,1113,8,1010.9,963,10
317,2025-11-26 15:20:50+05:30,1010.5,158,1003.24,9295656,279207.0,342622.0,986.2,1012.8,981.3,986.2,120746250,1084.8,887.6,1102.5,649.1,1010.4,72,3,1010.3,624,5,1010.2,919,8,1010.1,1030,11,1010.0,1111,33,1010.5,257,6,1010.6,6,2,1010.7,541,4,1010.8,1113,8,1010.9,963,10
317,2025-11-26 15:20:50+05:30,1010.5,14,1003.24,9295933,279219.0,342304.0,986.2,1012.8,981.3,986.2,120746250,1084.8,887.6,1102.5,649.1,1010.4,14,2,1010.3,624,5,1010.2,588,5,1010.1,1173,12,1010.0,1276,34,1010.5,10,2,1010.6,184,4,1010.7,1034,5,1010.8,1113,8,1010.9,2180,9
317,2025-11-26 15:20:51+05:30,1010.5,7,1003.24,9295933,279219.0,342304.0,986.2,1012.8,981.3,986.2,120746250,1084.8,887.6,1102.5,649.1,1010.4,14,2,1010.3,624,5,1010.2,588,5,1010.1,1173,12,1010.0,1276,34,1010.5,10,2,1010.6,184,4,1010.7,1034,5,1010.8,1113,8,1010.9,2180,9
317,2025-11-26 15:20:51+05:30,1010.5,7,1003.24,9295944,278619.0,346733.0,986.2,1012.8,981.3,986.2,120746250,1084.8,887.6,1102.5,649.1,1010.4,28,2,1010.3,624,5,1010.2,584,4,1010.1,273,6,1010.0,978,30,1010.5,793,8,1010.6,485,7,1010.7,1508,10,1010.8,2363,10,1010.9,1569,9
317,2025-11-26 15:20:52+05:30,1010.4,160,1003.24,9296148,278789.0,346581.0,986.2,1012.8,981.3,986.2,120746250,1084.8,887.6,1102.5,649.1,1010.4,33,2,1010.3,555,4,1010.2,584,4,1010.1,273,6,1010.0,1101,34,1010.5,605,7,1010.6,663,9,1010.7,1366,9,1010.8,2363,10,1010.9,1569,9
317,2025-11-26 15:20:53+05:30,1010.4,54,1003.24,9296148,278789.0,346581.0,986.2,1012.8,981.3,986.2,120746250,1084.8,887.6,1102.5,649.1,1010.4,33,2,1010.3,555,4,1010.2,584,4,1010.1,273,6,1010.0,1101,34,1010.5,605,7,1010.6,663,9,1010.7,1366,9,1010.8,2363,10,1010.9,1569,9
317,2025-11-26 15:20:53+05:30,1010.4,54,1003.24,9296241,278741.0,346722.0,986.2,1012.8,981.3,986.2,120746250,1084.8,887.6,1102.5,649.1,1010.4,16,1,1010.3,555,4,1010.2,584,4,1010.1,273,6,1010.0,1101,34,1010.5,746,9,1010.6,663,9,1010.7,1366,9,1010.8,2363,10,1010.9,1569,9
317,2025-11-26 15:20:54+05:30,1010.5,4,1003.24,9296241,278741.0,346722.0,986.2,1012.8,981.3,986.2,120746250,1084.8,887.6,1102.5,649.1,1010.4,16,1,1010.3,555,4,1010.2,584,4,1010.1,273,6,1010.0,1101,34,1010.5,746,9,1010.6,663,9,1010.7,1366,9,1010.8,2363,10,1010.9,1569,9
317,2025-11-26 15:20:54+05:30,1010.4,5,1003.24,9296532,278698.0,346875.0,986.2,1012.8,981.3,986.2,120746250,1084.8,887.6,1102.5,649.1,1010.4,28,2,1010.3,555,4,1010.2,588,5,1010.1,351,7,1010.0,1101,34,1010.5,835,9,1010.6,519,8,1010.7,1530,10,1010.8,2406,13,1010.9,2288,8
317,2025-11-26 15:20:55+05:30,1010.5,4,1003.24,9296532,278698.0,346875.0,986.2,1012.8,981.3,986.2,120746250,1084.8,887.6,1102.5,649.1,1010.4,28,2,1010.3,555,4,1010.2,588,5,1010.1,351,7,1010.0,1101,34,1010.5,835,9,1010.6,519,8,1010.7,1530,10,1010.8,2406,13,1010.9,2288,8
317,2025-11-26 15:20:55+05:30,1010.5,4,1003.24,9296536,278662.0,347010.0,986.2,1012.8,981.3,986.2,120746250,1084.8,887.6,1102.5,649.1,1010.4,30,3,1010.3,555,4,1010.2,588,5,1010.1,351,7,1010.0,1101,34,1010.5,737,8,1010.6,519,8,1010.7,1530,10,1010.8,2406,13,1010.9,2288,8
317,2025-11-26 15:20:56+05:30,1010.4,43,1003.24,9296536,278662.0,347010.0,986.2,1012.8,981.3,986.2,120746250,1084.8,887.6,1102.5,649.1,1010.4,30,3,1010.3,555,4,1010.2,588,5,1010.1,351,7,1010.0,1101,34,1010.5,737,8,1010.6,519,8,1010.7,1530,10,1010.8,2406,13,1010.9,2288,8
317,2025-11-26 15:20:56+05:30,1010.4,5,1003.24,9296678,278664.0,347344.0,986.2,1012.8,981.3,986.2,120746250,1084.8,887.6,1102.5,649.1,1010.4,71,3,1010.3,555,4,1010.2,618,6,1010.1,351,7,1010.0,1101,34,1010.5,681,7,1010.6,708,9,1010.7,1245,8,1010.8,2406,13,1010.9,2288,8
317,2025-11-26 15:20:57+05:30,1010.5,2,1003.24,9296678,278664.0,347344.0,986.2,1012.8,981.3,986.2,120746250,1084.8,887.6,1102.5,649.1,1010.4,71,3,1010.3,555,4,1010.2,618,6,1010.1,351,7,1010.0,1101,34,1010.5,681,7,1010.6,708,9,1010.7,1245,8,1010.8,2406,13,1010.9,2288,8
317,2025-11-26 15:20:57+05:30,1010.3,8,1003.24,9297116,279509.0,347108.0,986.2,1012.8,981.3,986.2,120746250,1084.8,887.6,1102.5,649.1,1010.3,547,4,1010.2,618,6,1010.1,351,7,1010.0,1167,34,1009.9,989,10,1010.4,164,2,1010.5,504,7,1010.6,455,7,1010.7,807,8,1010.8,2550,14
317,2025-11-26 15:20:58+05:30,1010.3,8,1003.24,9297116,279509.0,347108.0,986.2,1012.8,981.3,986.2,120746250,1084.8,887.6,1102.5,649.1,1010.3,547,4,1010.2,618,6,1010.1,351,7,1010.0,1167,34,1009.9,989,10,1010.4,164,2,1010.5,504,7,1010.6,455,7,1010.7,807,8,1010.8,2550,14
317,2025-11-26 15:20:58+05:30,1010.4,2,1003.24,9297118,280233.0,347174.0,986.2,1012.8,981.3,986.2,120746250,1084.8,887.6,1102.5,649.1,1010.3,990,6,1010.2,618,6,1010.1,437,8,1010.0,1295,36,1009.9,989,10,1010.4,374,4,1010.5,434,5,1010.6,455,7,1010.7,821,9,1010.8,2550,14
317,2025-11-26 15:20:59+05:30,1010.4,3,1003.24,9297118,280233.0,347174.0,986.2,1012.8,981.3,986.2,120746250,1084.8,887.6,1102.5,649.1,1010.3,990,6,1010.2,618,6,1010.1,437,8,1010.0,1295,36,1009.9,989,10,1010.4,374,4,1010.5,434,5,1010.6,455,7,1010.7,821,9,1010.8,2550,14
317,2025-11-26 15:20:59+05:30,1010.3,3,1003.24,9297180,280484.0,346556.0,986.2,1012.8,981.3,986.2,120746250,1084.8,887.6,1102.5,649.1,1010.3,1006,7,1010.2,706,7,1010.1,437,8,1010.0,1594,38,1009.9,989,10,1010.4,519,6,1010.5,259,5,1010.6,260,5,1010.7,819,9,1010.8,2406,13
317,2025-11-26 15:21:00+05:30,1010.4,1,1003.24,9297180,280484.0,346556.0,986.2,1012.8,981.3,986.2,120746250,1084.8,887.6,1102.5,649.1,1010.3,1006,7,1010.2,706,7,1010.1,437,8,1010.0,1594,38,1009.9,989,10,1010.4,519,6,1010.5,259,5,1010.6,260,5,1010.7,819,9,1010.8,2406,13
317,2025-11-26 15:21:00+05:30,1010.3,8,1003.24,9297213,280244.0,346853.0,986.2,1012.8,981.3,986.2,120746250,1084.8,887.6,1102.5,649.1,1010.3,994,9,1010.2,706,7,1010.1,663,9,1010.0,1451,37,1009.9,1130,11,1010.4,840,10,1010.5,9,3,1010.6,401,6,1010.7,653,6,1010.8,2504,11
317,2025-11-26 15:21:01+05:30,1010.4,14,1003.24,9297213,280244.0,346853.0,986.2,1012.8,981.3,986.2,120746250,1084.8,887.6,1102.5,649.1,1010.3,994,9,1010.2,706,7,1010.1,663,9,1010.0,1451,37,1009.9,1130,11,1010.4,840,10,1010.5,9,3,1010.6,401,6,1010.7,653,6,1010.8,2504,11
317,2025-11-26 15:21:01+05:30,1010.4,3,1003.25,9298383,279534.0,345684.0,986.2,1012.8,981.3,986.2,120746250,1084.8,887.6,1102.5,649.1,1010.3,608,10,1010.2,1156,10,1010.1,814,11,1010.0,1537,38,1009.9,1062,11,1010.4,206,6,1010.5,9,3,1010.6,41,3,1010.7,646,4,1010.8,948,7
317,2025-11-26 15:21:02+05:30,1010.4,5,1003.25,9298383,279534.0,345684.0,986.2,1012.8,981.3,986.2,120746250,1084.8,887.6,1102.5,649.1,1010.3,608,10,1010.2,1156,10,1010.1,814,11,1010.0,1537,38,1009.9,1062,11,1010.4,206,6,1010.5,9,3,1010.6,41,3,1010.7,646,4,1010.8,948,7
317,2025-11-26 15:21:02+05:30,1010.3,198,1003.25,9299073,280078.0,343574.0,986.2,1012.8,981.3,986.2,120746250,1084.8,887.6,1102.5,649.1,1010.3,935,11,1010.2,626,6,1010.1,359,8,1010.0,1373,36,1009.9,982,10,1010.4,676,5,1010.5,200,5,1010.6,553,6,1010.7,1265,9,1010.8,2198,9
317,2025-11-26 15:21:03+05:30,1010.3,528,1003.25,9299073,280078.0,343574.0,986.2,1012.8,981.3,986.2,120746250,1084.8,887.6,1102.5,649.1,1010.3,935,11,1010.2,626,6,1010.1,359,8,1010.0,1373,36,1009.9,982,10,1010.4,676,5,1010.5,200,5,1010.6,553,6,1010.7,1265,9,1010.8,2198,9
317,2025-11-26 15:21:03+05:30,1010.4,2,1003.25,9299812,279796.0,343547.0,986.2,1012.8,981.3,986.2,120746250,1084.8,887.6,1102.5,649.1,1010.3,874,11,1010.2,626,6,1010.1,579,9,1010.0,1588,38,1009.9,1062,11,1010.4,367,7,1010.5,209,5,1010.6,418,5,1010.7,1239,7,1010.8,1776,12
317,2025-11-26 15:21:04+05:30,1010.4,3,1003.25,9299812,279796.0,343547.0,986.2,1012.8,981.3,986.2,120746250,1084.8,887.6,1102.5,649.1,1010.3,874,11,1010.2,626,6,1010.1,579,9,1010.0,1588,38,1009.9,1062,11,1010.4,367,7,1010.5,209,5,1010.6,418,5,1010.7,1239,7,1010.8,1776,12
317,2025-11-26 15:21:04+05:30,1010.3,1,1003.25,9299979,280490.0,343252.0,986.2,1012.8,981.3,986.2,120746250,1084.8,887.6,1102.5,649.1,1010.3,885,13,1010.2,802,8,1010.1,961,13,1010.0,1696,38,1009.9,1062,11,1010.4,389,8,1010.5,61,4,1010.6,6,2,1010.7,982,5,1010.8,1139,10
317,2025-11-26 15:21:05+05:30,1010.4,9,1003.25,9299979,280490.0,343252.0,986.2,1012.8,981.3,986.2,120746250,1084.8,887.6,1102.5,649.1,1010.3,885,13,1010.2,802,8,1010.1,961,13,1010.0,1696,38,1009.9,1062,11,1010.4,389,8,1010.5,61,4,1010.6,6,2,1010.7,982,5,1010.8,1139,10
317,2025-11-26 15:21:05+05:30,1010.3,50,1003.25,9300059,280100.0,342978.0,986.2,1012.8,981.3,986.2,120746250,1084.8,887.6,1102.5,649.1,1010.3,928,13,1010.2,714,7,1010.1,876,12,1010.0,1696,38,1009.9,982,10,1010.4,363,9,1010.5,61,4,1010.6,6,2,1010.7,948,4,1010.8,1015,7
317,2025-11-26 15:21:06+05:30,1010.3,50,1003.25,9300059,280100.0,342978.0,986.2,1012.8,981.3,986.2,120746250,1084.8,887.6,1102.5,649.1,1010.3,928,13,1010.2,714,7,1010.1,876,12,1010.0,1696,38,1009.9,982,10,1010.4,363,9,1010.5,61,4,1010.6,6,2,1010.7,948,4,1010.8,1015,7
317,2025-11-26 15:21:06+05:30,1010.3,56,1003.25,9300272,279947.0,343446.0,986.2,1012.8,981.3,986.2,120746250,1084.8,887.6,1102.5,649.1,1010.3,1367,12,1010.2,626,6,1010.1,277,7,1010.0,1391,33,1009.9,951,8,1010.4,481,9,1010.5,207,6,1010.6,598,7,1010.7,1344,7,1010.8,2363,10
317,2025-11-26 15:21:07+05:30,1010.4,63,1003.25,9300272,279947.0,343446.0,986.2,1012.8,981.3,986.2,120746250,1084.8,887.6,1102.5,649.1,1010.3,1367,12,1010.2,626,6,1010.1,277,7,1010.0,1391,33,1009.9,951,8,1010.4,481,9,1010.5,207,6,1010.6,598,7,1010.7,1344,7,1010.8,2363,10
317,2025-11-26 15:21:07+05:30,1010.3,194,1003.25,9301535,279378.0,346791.0,986.2,1012.8,981.3,986.2,120746250,1084.8,887.6,1102.5,649.1,1010.3,724,9,1010.2,626,6,1010.1,441,9,1010.0,1762,37,1009.9,982,10,1010.4,192,7,1010.5,61,4,1010.6,1821,6,1010.7,904,6,1010.8,1633,10
317,2025-11-26 15:21:08+05:30,1010.4,5,1003.25,9301535,279378.0,346791.0,986.2,1012.8,981.3,986.2,120746250,1084.8,887.6,1102.5,649.1,1010.3,724,9,1010.2,626,6,1010.1,441,9,1010.0,1762,37,1009.9,982,10,1010.4,192,7,1010.5,61,4,1010.6,1821,6,1010.7,904,6,1010.8,1633,10
317,2025-11-26 15:21:08+05:30,1010.4,5,1003.25,9301544,279082.0,347101.0,986.2,1012.8,981.3,986.2,120746250,1084.8,887.6,1102.5,649.1,1010.3,796,10,1010.2,626,6,1010.1,441,9,1010.0,1762,37,1009.9,982,10,1010.4,189,8,1010.5,73,5,1010.6,1821,6,1010.7,904,6,1010.8,1509,12
317,2025-11-26 15:21:09+05:30,1010.4,2,1003.25,9301544,279082.0,347101.0,986.2,1012.8,981.3,986.2,120746250,1084.8,887.6,1102.5,649.1,1010.3,796,10,1010.2,626,6,1010.1,441,9,1010.0,1762,37,1009.9,982,10,1010.4,189,8,1010.5,73,5,1010.6,1821,6,1010.7,904,6,1010.8,1509,12
317,2025-11-26 15:21:09+05:30,1010.3,4,1003.25,9301550,278857.0,346878.0,986.2,1012.8,981.3,986.2,120746250,1084.8,887.6,1102.5,649.1,1010.3,842,11,1010.2,626,6,1010.1,718,10,1010.0,1762,37,1009.9,982,10,1010.4,232,10,1010.5,73,5,1010.6,2173,9,1010.7,797,7,1010.8,2233,11
317,2025-11-26 15:21:10+05:30,1010.4,2,1003.25,9301550,278857.0,346878.0,986.2,1012.8,981.3,986.2,120746250,1084.8,887.6,1102.5,649.1,1010.3,842,11,1010.2,626,6,1010.1,718,10,1010.0,1762,37,1009.9,982,10,1010.4,232,10,1010.5,73,5,1010.6,2173,9,1010.7,797,7,1010.8,2233,11
317,2025-11-26 15:21:10+05:30,1010.4,2,1003.25,9301555,279184.0,347437.0,986.2,1012.8,981.3,986.2,120746250,1084.8,887.6,1102.5,649.1,1010.3,842,13,1010.2,626,6,1010.1,1069,12,1010.0,1629,36,1009.9,982,10,1010.4,279,11,1010.5,73,5,1010.6,1907,7,1010.7,771,5,1010.8,1673,15
317,2025-11-26 15:21:11+05:30,1010.4,7,1003.25,9301555,279184.0,347437.0,986.2,1012.8,981.3,986.2,120746250,1084.8,887.6,1102.5,649.1,1010.3,842,13,1010.2,626,6,1010.1,1069,12,1010.0,1629,36,1009.9,982,10,1010.4,279,11,1010.5,73,5,1010.6,1907,7,1010.7,771,5,1010.8,1673,15
317,2025-11-26 15:21:11+05:30,1010.4,5,1003.25,9301880,279611.0,344066.0,986.2,1012.8,981.3,986.2,120746250,1084.8,887.6,1102.5,649.1,1010.3,939,16,1010.2,794,8,1010.1,1096,13,1010.0,2007,39,1009.9,1062,11,1010.4,249,3,1010.5,73,5,1010.6,1629,4,1010.7,771,5,1010.8,1173,14
317,2025-11-26 15:21:12+05:30,1010.4,1,1003.25,9301880,279611.0,344066.0,986.2,1012.8,981.3,986.2,120746250,1084.8,887.6,1102.5,649.1,1010.3,939,16,1010.2,794,8,1010.1,1096,13,1010.0,2007,39,1009.9,1062,11,1010.4,249,3,1010.5,73,5,1010.6,1629,4,1010.7,771,5,1010.8,1173,14
317,2025-11-26 15:21:12+05:30,1010.4,1,1003.25,9301884,279542.0,344044.0,986.2,1012.8,981.3,986.2,120746250,1084.8,887.6,1102.5,649.1,1010.3,855,14,1010.2,794,8,1010.1,1096,13,1010.0,1981,37,1009.9,1088,13,1010.4,346,5,1010.5,373,6,1010.6,1629,4,1010.7,929,8,1010.8,2264,13
317,2025-11-26 15:21:13+05:30,1010.4,83,1003.25,9301884,279542.0,344044.0,986.2,1012.8,981.3,986.2,120746250,1084.8,887.6,1102.5,649.1,1010.3,855,14,1010.2,794,8,1010.1,1096,13,1010.0,1981,37,1009.9,1088,13,1010.4,346,5,1010.5,373,6,1010.6,1629,4,1010.7,929,8,1010.8,2264,13
317,2025-11-26 15:21:13+05:30,1010.3,79,1003.25,9302316,279244.0,343636.0,986.2,1012.8,981.3,986.2,120746250,1084.8,887.6,1102.5,649.1,1010.3,851,14,1010.2,711,7,1010.1,878,12,1010.0,1981,37,1009.9,1008,12,1010.4,143,6,1010.5,373,6,1010.6,1842,6,1010.7,771,5,1010.8,2776,16
317,2025-11-26 15:21:14+05:30,1010.4,4,1003.25,9302316,279244.0,343636.0,986.2,1012.8,981.3,986.2,120746250,1084.8,887.6,1102.5,649.1,1010.3,851,14,1010.2,711,7,1010.1,878,12,1010.0,1981,37,1009.9,1008,12,1010.4,143,6,1010.5,373,6,1010.6,1842,6,1010.7,771,5,1010.8,2776,16
317,2025-11-26 15:21:14+05:30,1010.4,3,1003.25,9302326,279642.0,343937.0,986.2,1012.8,981.3,986.2,120746250,1084.8,887.6,1102.5,649.1,1010.3,851,14,1010.2,711,7,1010.1,878,12,1010.0,1840,35,1009.9,1141,13,1010.4,232,8,1010.5,373,6,1010.6,1975,7,1010.7,797,7,1010.8,2264,13
317,2025-11-26 15:21:15+05:30,1010.4,4,1003.25,9302326,279642.0,343937.0,986.2,1012.8,981.3,986.2,120746250,1084.8,887.6,1102.5,649.1,1010.3,851,14,1010.2,711,7,1010.1,878,12,1010.0,1840,35,1009.9,1141,13,1010.4,232,8,1010.5,373,6,1010.6,1975,7,1010.7,797,7,1010.8,2264,13
317,2025-11-26 15:21:15+05:30,1010.3,89,1003.25,9302576,279111.0,345324.0,986.2,1012.8,981.3,986.2,120746250,1084.8,887.6,1102.5,649.1,1010.3,633,14,1010.2,626,6,1010.1,636,9,1010.0,1644,34,1009.9,1141,13,1010.4,231,8,1010.5,857,9,1010.6,2229,9,1010.7,797,7,1010.8,1764,12
317,2025-11-26 15:21:16+05:30,1010.4,15,1003.25,9302576,279111.0,345324.0,986.2,1012.8,981.3,986.2,120746250,1084.8,887.6,1102.5,649.1,1010.3,633,14,1010.2,626,6,1010.1,636,9,1010.0,1644,34,1009.9,1141,13,1010.4,231,8,1010.5,857,9,1010.6,2229,9,1010.7,797,7,1010.8,1764,12
317,2025-11-26 15:21:16+05:30,1010.4,42,1003.25,9302633,278115.0,347520.0,986.2,1012.8,981.3,986.2,120746250,1084.8,887.6,1102.5,649.1,1010.3,626,14,1010.2,704,7,1010.1,936,11,1010.0,1644,34,1009.9,1141,13,1010.4,245,10,1010.5,685,9,1010.6,1853,6,1010.7,904,6,1010.8,1483,10
317,2025-11-26 15:21:17+05:30,1010.4,1,1003.25,9302633,278115.0,347520.0,986.2,1012.8,981.3,986.2,120746250,1084.8,887.6,1102.5,649.1,1010.3,626,14,1010.2,704,7,1010.1,936,11,1010.0,1644,34,1009.9,1141,13,1010.4,245,10,1010.5,685,9,1010.6,1853,6,1010.7,904,6,1010.8,1483,10
317,2025-11-26 15:21:17+05:30,1010.3,53,1003.25,9303096,278807.0,347989.0,986.2,1012.8,981.3,986.2,120746250,1084.8,887.6,1102.5,649.1,1010.3,1058,12,1010.2,626,6,1010.1,733,10,1010.0,1806,35,1009.9,1141,13,1010.4,465,10,1010.5,762,10,1010.6,1931,7,1010.7,797,7,1010.8,2236,12
317,2025-11-26 15:21:18+05:30,1010.3,10,1003.25,9303096,278807.0,347989.0,986.2,1012.8,981.3,986.2,120746250,1084.8,887.6,1102.5,649.1,1010.3,1058,12,1010.2,626,6,1010.1,733,10,1010.0,1806,35,1009.9,1141,13,1010.4,465,10,1010.5,762,10,1010.6,1931,7,1010.7,797,7,1010.8,2236,12
317,2025-11-26 15:21:18+05:30,1010.4,2,1003.25,9303958,276615.0,347420.0,986.2,1012.8,981.3,986.2,120746250,1084.8,887.6,1102.5,649.1,1010.3,715,12,1010.2,626,6,1010.1,554,8,1010.0,1662,36,1009.9,1115,11,1010.4,392,7,1010.5,594,9,1010.6,2058,8,1010.7,1065,9,1010.8,2236,12
317,2025-11-26 15:21:19+05:30,1010.4,2,1003.25,9303958,276615.0,347420.0,986.2,1012.8,981.3,986.2,120746250,1084.8,887.6,1102.5,649.1,1010.3,715,12,1010.2,626,6,1010.1,554,8,1010.0,1662,36,1009.9,1115,11,1010.4,392,7,1010.5,594,9,1010.6,2058,8,1010.7,1065,9,1010.8,2236,12
317,2025-11-26 15:21:20+05:30,1010.3,3,1003.25,9304248,276688.0,344624.0,986.2,1012.8,981.3,986.2,120746250,1084.8,887.6,1102.5,649.1,1010.3,774,13,1010.2,614,5,1010.1,634,9,1010.0,1796,37,1009.9,982,10,1010.4,165,8,1010.5,379,7,1010.6,2115,8,1010.7,797,7,1010.8,2216,11
317,2025-11-26 15:21:20+05:30,1010.3,2,1003.25,9304248,276688.0,344624.0,986.2,1012.8,981.3,986.2,120746250,1084.8,887.6,1102.5,649.1,1010.3,774,13,1010.2,614,5,1010.1,634,9,1010.0,1796,37,1009.9,982,10,1010.4,165,8,1010.5,379,7,1010.6,2115,8,1010.7,797,7,1010.8,2216,11
317,2025-11-26 15:21:21+05:30,1010.4,6,1003.25,9304336,275499.0,344533.0,986.2,1012.8,981.3,986.2,120746250,1084.8,887.6,1102.5,649.1,1010.3,771,12,1010.2,614,5,1010.1,940,11,1010.0,1796,37,1009.9,982,10,1010.4,78,6,1010.5,380,8,1010.6,1981,7,1010.7,931,8,1010.8,2216,11
317,2025-11-26 15:21:21+05:30,1010.4,6,1003.25,9304336,275499.0,344533.0,986.2,1012.8,981.3,986.2,120746250,1084.8,887.6,1102.5,649.1,1010.3,771,12,1010.2,614,5,1010.1,940,11,1010.0,1796,37,1009.9,982,10,1010.4,78,6,1010.5,380,8,1010.6,1981,7,1010.7,931,8,1010.8,2216,11
317,2025-11-26 15:21:22+05:30,1010.4,3,1003.25,9304339,275425.0,344628.0,986.2,1012.8,981.3,986.2,120746250,1084.8,887.6,1102.5,649.1,1010.3,776,13,1010.2,614,5,1010.1,1074,12,1010.0,1662,36,1009.9,982,10,1010.4,75,6,1010.5,380,8,1010.6,1889,6,1010.7,797,7,1010.8,2350,12
317,2025-11-26 15:21:22+05:30,1010.4,3,1003.25,9304339,275425.0,344628.0,986.2,1012.8,981.3,986.2,120746250,1084.8,887.6,1102.5,649.1,1010.3,776,13,1010.2,614,5,1010.1,1074,12,1010.0,1662,36,1009.9,982,10,1010.4,75,6,1010.5,380,8,1010.6,1889,6,1010.7,797,7,1010.8,2350,12
317,2025-11-26 15:21:23+05:30,1010.3,47,1003.25,9304339,275425.0,344628.0,986.2,1012.8,981.3,986.2,120746250,1084.8,887.6,1102.5,649.1,1010.3,776,13,1010.2,614,5,1010.1,1074,12,1010.0,1662,36,1009.9,982,10,1010.4,75,6,1010.5,380,8,1010.6,1889,6,1010.7,797,7,1010.8,2350,12
317,2025-11-26 15:21:23+05:30,1010.3,47,1003.25,9306025,274545.0,345287.0,986.2,1012.8,981.3,986.2,120746250,1084.8,887.6,1102.5,649.1,1010.3,778,3,1010.2,614,5,1010.1,689,9,1010.0,1570,32,1009.9,948,8,1010.4,154,5,1010.5,459,9,1010.6,1964,7,1010.7,797,7,1010.8,2503,14
317,2025-11-26 15:21:24+05:30,1010.4,3,1003.25,9306025,274545.0,345287.0,986.2,1012.8,981.3,986.2,120746250,1084.8,887.6,1102.5,649.1,1010.3,778,3,1010.2,614,5,1010.1,689,9,1010.0,1570,32,1009.9,948,8,1010.4,154,5,1010.5,459,9,1010.6,1964,7,1010.7,797,7,1010.8,2503,14
317,2025-11-26 15:21:24+05:30,1010.4,3,1003.25,9306029,274380.0,347328.0,986.2,1012.8,981.3,986.2,120746250,1084.8,887.6,1102.5,649.1,1010.3,897,5,1010.2,620,6,1010.1,634,9,1010.0,1727,32,1009.9,991,11,1010.4,424,8,1010.5,380,8,1010.6,1964,7,1010.7,934,8,1010.8,2371,13
317,2025-11-26 15:21:25+05:30,1010.4,4,1003.25,9306029,274380.0,347328.0,986.2,1012.8,981.3,986.2,120746250,1084.8,887.6,1102.5,649.1,1010.3,897,5,1010.2,620,6,1010.1,634,9,1010.0,1727,32,1009.9,991,11,1010.4,424,8,1010.5,380,8,1010.6,1964,7,1010.7,934,8,1010.8,2371,13
317,2025-11-26 15:21:25+05:30,1010.4,4,1003.25,9306041,274462.0,347299.0,986.2,1012.8,981.3,986.2,120746250,1084.8,887.6,1102.5,649.1,1010.3,894,6,1010.2,620,6,1010.1,772,10,1010.0,1590,31,1009.9,991,11,1010.4,421,9,1010.5,379,7,1010.6,2056,8,1010.7,934,8,1010.8,2371,13
317,2025-11-26 15:21:26+05:30,1010.4,4,1003.25,9306041,274499.0,347228.0,986.2,1012.8,981.3,986.2,120746250,1084.8,887.6,1102.5,649.1,1010.3,923,8,1010.2,620,6,1010.1,772,10,1010.0,1590,31,1009.9,991,11,1010.4,421,9,1010.5,423,8,1010.6,1958,7,1010.7,797,7,1010.8,2372,13
317,2025-11-26 15:21:27+05:30,1010.4,41,1003.25,9306041,274499.0,347228.0,986.2,1012.8,981.3,986.2,120746250,1084.8,887.6,1102.5,649.1,1010.3,923,8,1010.2,620,6,1010.1,772,10,1010.0,1590,31,1009.9,991,11,1010.4,421,9,1010.5,423,8,1010.6,1958,7,1010.7,797,7,1010.8,2372,13
317,2025-11-26 15:21:27+05:30,1010.4,1,1003.25,9306354,275018.0,344209.0,986.2,1012.8,981.3,986.2,120746250,1084.8,887.6,1102.5,649.1,1010.3,877,8,1010.2,620,6,1010.1,946,11,1010.0,1746,33,1009.9,1005,12,1010.4,168,5,1010.5,423,8,1010.6,1883,6,1010.7,813,6,1010.8,1868,12
317,2025-11-26 15:21:28+05:30,1010.3,3,1003.25,9306354,275018.0,344209.0,986.2,1012.8,981.3,986.2,120746250,1084.8,887.6,1102.5,649.1,1010.3,877,8,1010.2,620,6,1010.1,946,11,1010.0,1746,33,1009.9,1005,12,1010.4,168,5,1010.5,423,8,1010.6,1883,6,1010.7,813,6,1010.8,1868,12
317,2025-11-26 15:21:28+05:30,1010.3,10,1003.25,9307124,275131.0,344431.0,986.2,1012.8,981.3,986.2,120746250,1084.8,887.6,1102.5,649.1,1010.3,981,8,1010.2,620,6,1010.1,693,9,1010.0,1594,31,1009.9,991,11,1010.4,158,6,1010.5,423,8,1010.6,2057,8,1010.7,826,7,1010.8,2374,13
317,2025-11-26 15:21:29+05:30,1010.4,2,1003.25,9307124,275131.0,344431.0,986.2,1012.8,981.3,986.2,120746250,1084.8,887.6,1102.5,649.1,1010.3,981,8,1010.2,620,6,1010.1,693,9,1010.0,1594,31,1009.9,991,11,1010.4,158,6,1010.5,423,8,1010.6,2057,8,1010.7,826,7,1010.8,2374,13
317,2025-11-26 15:21:29+05:30,1010.3,50,1003.25,9307866,274552.0,344703.0,986.2,1012.8,981.3,986.2,120746250,1084.8,887.6,1102.5,649.1,1010.3,404,6,1010.2,665,7,1010.1,630,9,1010.0,1735,32,1009.9,991,11,1010.4,208,8,1010.5,798,12,1010.6,2198,9,1010.7,826,7,1010.8,2234,12
317,2025-11-26 15:21:30+05:30,1010.4,13,1003.25,9307866,274552.0,344703.0,986.2,1012.8,981.3,986.2,120746250,1084.8,887.6,1102.5,649.1,1010.3,404,6,1010.2,665,7,1010.1,630,9,1010.0,1735,32,1009.9,991,11,1010.4,208,8,1010.5,798,12,1010.6,2198,9,1010.7,826,7,1010.8,2234,12
317,2025-11-26 15:21:30+05:30,1010.3,7,1003.25,9307933,274218.0,344145.0,986.2,1012.8,981.3,986.2,120746250,1084.8,887.6,1102.5,649.1,1010.3,381,8,1010.2,678,8,1010.1,710,8,1010.0,1735,32,1009.9,991,11,1010.4,192,7,1010.5,685,12,1010.6,2057,8,1010.7,967,8,1010.8,2375,13
317,2025-11-26 15:21:31+05:30,1010.4,15,1003.25,9307933,274218.0,344145.0,986.2,1012.8,981.3,986.2,120746250,1084.8,887.6,1102.5,649.1,1010.3,381,8,1010.2,678,8,1010.1,710,8,1010.0,1735,32,1009.9,991,11,1010.4,192,7,1010.5,685,12,1010.6,2057,8,1010.7,967,8,1010.8,2375,13
317,2025-11-26 15:21:31+05:30,1010.4,15,1003.25,9307989,274730.0,346731.0,986.2,1012.8,981.3,986.2,120746250,1084.8,887.6,1102.5,649.1,1010.3,347,10,1010.2,678,8,1010.1,923,10,1010.0,1594,31,1009.9,991,11,1010.4,267,9,1010.5,685,12,1010.6,2057,8,1010.7,1326,8,1010.8,2016,13
317,2025-11-26 15:21:32+05:30,1010.4,15,1003.25,9307989,274730.0,346731.0,986.2,1012.8,981.3,986.2,120746250,1084.8,887.6,1102.5,649.1,1010.3,347,10,1010.2,678,8,1010.1,923,10,1010.0,1594,31,1009.9,991,11,1010.4,267,9,1010.5,685,12,1010.6,2057,8,1010.7,1326,8,1010.8,2016,13
317,2025-11-26 15:21:32+05:30,1010.3,95,1003.25,9308274,274517.0,346787.0,986.2,1012.8,981.3,986.2,120746250,1084.8,887.6,1102.5,649.1,1010.3,608,11,1010.2,678,8,1010.1,782,9,1010.0,1594,31,1009.9,1132,12,1010.4,410,6,1010.5,548,10,1010.6,2055,8,1010.7,967,8,1010.8,1875,12
317,2025-11-26 15:21:33+05:30,1010.4,23,1003.25,9308274,274517.0,346787.0,986.2,1012.8,981.3,986.2,120746250,1084.8,887.6,1102.5,649.1,1010.3,608,11,1010.2,678,8,1010.1,782,9,1010.0,1594,31,1009.9,1132,12,1010.4,410,6,1010.5,548,10,1010.6,2055,8,1010.7,967,8,1010.8,1875,12
317,2025-11-26 15:21:33+05:30,1010.4,2,1003.25,9308370,275813.0,346737.0,986.2,1012.8,981.3,986.2,120746250,1084.8,887.6,1102.5,649.1,1010.3,1351,11,1010.2,678,8,1010.1,782,9,1010.0,1752,33,1009.9,1005,12,1010.4,389,7,1010.5,617,11,1010.6,2055,8,1010.7,1108,9,1010.8,2234,12
317,2025-11-26 15:21:34+05:30,1010.4,4,1003.25,9308370,275813.0,346737.0,986.2,1012.8,981.3,986.2,120746250,1084.8,887.6,1102.5,649.1,1010.3,1351,11,1010.2,678,8,1010.1,782,9,1010.0,1752,33,1009.9,1005,12,1010.4,389,7,1010.5,617,11,1010.6,2055,8,1010.7,1108,9,1010.8,2234,12
317,2025-11-26 15:21:34+05:30,1010.4,11,1003.25,9308387,275765.0,346459.0,986.2,1012.8,981.3,986.2,120746250,1084.8,887.6,1102.5,649.1,1010.3,1390,12,1010.2,678,8,1010.1,862,10,1010.0,1752,33,1009.9,1005,12,1010.4,375,8,1010.5,451,9,1010.6,1957,7,1010.7,826,7,1010.8,2516,14
317,2025-11-26 15:21:35+05:30,1010.4,5,1003.25,9308387,275765.0,346459.0,986.2,1012.8,981.3,986.2,120746250,1084.8,887.6,1102.5,649.1,1010.3,1390,12,1010.2,678,8,1010.1,862,10,1010.0,1752,33,1009.9,1005,12,1010.4,375,8,1010.5,451,9,1010.6,1957,7,1010.7,826,7,1010.8,2516,14
317,2025-11-26 15:21:35+05:30,1010.4,9,1003.25,9308411,275801.0,346299.0,986.2,1012.8,981.3,986.2,120746250,1084.8,887.6,1102.5,649.1,1010.3,1467,14,1010.2,678,8,1010.1,1075,12,1010.0,1611,32,1009.9,1005,12,1010.4,366,9,1010.5,451,9,1010.6,1957,7,1010.7,826,7,1010.8,2516,14
317,2025-11-26 15:21:36+05:30,1010.4,77,1003.25,9308411,275801.0,346299.0,986.2,1012.8,981.3,986.2,120746250,1084.8,887.6,1102.5,649.1,1010.3,1467,14,1010.2,678,8,1010.1,1075,12,1010.0,1611,32,1009.9,1005,12,1010.4,366,9,1010.5,451,9,1010.6,1957,7,1010.7,826,7,1010.8,2516,14
317,2025-11-26 15:21:36+05:30,1010.4,42,1003.25,9308553,275783.0,343829.0,986.2,1012.8,981.3,986.2,120746250,1084.8,887.6,1102.5,649.1,1010.3,1560,14,1010.2,678,8,1010.1,1313,13,1010.0,1594,31,1009.9,1071,12,1010.4,229,9,1010.5,451,9,1010.6,1573,4,1010.7,800,5,1010.8,984,10
317,2025-11-26 15:21:37+05:30,1010.4,42,1003.25,9308553,275783.0,343829.0,986.2,1012.8,981.3,986.2,120746250,1084.8,887.6,1102.5,649.1,1010.3,1560,14,1010.2,678,8,1010.1,1313,13,1010.0,1594,31,1009.9,1071,12,1010.4,229,9,1010.5,451,9,1010.6,1573,4,1010.7,800,5,1010.8,984,10
317,2025-11-26 15:21:37+05:30,1010.4,2,1003.25,9309009,275543.0,344239.0,986.2,1012.8,981.3,986.2,120746250,1084.8,887.6,1102.5,649.1,1010.3,1240,12,1010.2,678,8,1010.1,853,10,1010.0,1736,32,1009.9,991,11,1010.4,406,10,1010.5,522,10,1010.6,2268,8,1010.7,813,6,1010.8,2247,13
317,2025-11-26 15:21:38+05:30,1010.4,8,1003.25,9309009,275543.0,344239.0,986.2,1012.8,981.3,986.2,120746250,1084.8,887.6,1102.5,649.1,1010.3,1240,12,1010.2,678,8,1010.1,853,10,1010.0,1736,32,1009.9,991,11,1010.4,406,10,1010.5,522,10,1010.6,2268,8,1010.7,813,6,1010.8,2247,13
317,2025-11-26 15:21:39+05:30,1010.3,53,1003.25,9309335,274690.0,343180.0,986.2,1012.8,981.3,986.2,120746250,1084.8,887.6,1102.5,649.1,1010.3,1232,14,1010.2,678,8,1010.1,1075,12,1010.0,1594,31,1009.9,991,11,1010.4,233,5,1010.5,451,9,1010.6,2030,6,1010.7,826,7,1010.8,1716,10
317,2025-11-26 15:21:39+05:30,1010.3,53,1003.25,9309335,274690.0,343180.0,986.2,1012.8,981.3,986.2,120746250,1084.8,887.6,1102.5,649.1,1010.3,1232,14,1010.2,678,8,1010.1,1075,12,1010.0,1594,31,1009.9,991,11,1010.4,233,5,1010.5,451,9,1010.6,2030,6,1010.7,826,7,1010.8,1716,10
317,2025-11-26 15:21:39+05:30,1010.5,111,1003.25,9310240,274999.0,342544.0,986.2,1012.8,981.3,986.2,120746250,1084.8,887.6,1102.5,649.1,1010.3,1276,15,1010.2,718,8,1010.1,1250,13,1010.0,1847,35,1009.9,1045,10,1010.5,339,8,1010.6,1573,4,1010.7,786,6,1010.8,1586,9,1010.9,2976,16
317,2025-11-26 15:21:40+05:30,1010.4,114,1003.25,9310240,274999.0,342544.0,986.2,1012.8,981.3,986.2,120746250,1084.8,887.6,1102.5,649.1,1010.3,1276,15,1010.2,718,8,1010.1,1250,13,1010.0,1847,35,1009.9,1045,10,1010.5,339,8,1010.6,1573,4,1010.7,786,6,1010.8,1586,9,1010.9,2976,16
317,2025-11-26 15:21:40+05:30,1010.6,431,1003.26,9312870,276095.0,341329.0,986.2,1012.8,981.3,986.2,120746250,1084.8,887.6,1102.5,649.1,1010.3,1277,15,1010.2,892,9,1010.1,1418,14,1010.0,1861,35,1009.9,1045,10,1010.4,1,1,1010.5,112,1,1010.6,519,2,1010.7,165,1,1010.8,1572,12
317,2025-11-26 15:21:41+05:30,1010.6,431,1003.26,9312870,276095.0,341329.0,986.2,1012.8,981.3,986.2,120746250,1084.8,887.6,1102.5,649.1,1010.3,1277,15,1010.2,892,9,1010.1,1418,14,1010.0,1861,35,1009.9,1045,10,1010.4,1,1,1010.5,112,1,1010.6,519,2,1010.7,165,1,1010.8,1572,12
317,2025-11-26 15:21:41+05:30,1010.4,42,1003.26,9313326,275511.0,340870.0,986.2,1012.8,981.3,986.2,120746250,1084.8,887.6,1102.5,649.1,1010.3,453,13,1010.2,1805,10,1010.1,1492,15,1010.0,1950,35,1009.9,974,10,1010.4,45,2,1010.5,94,1,1010.6,524,3,1010.7,649,3,1010.8,871,8
317,2025-11-26 15:21:42+05:30,1010.7,131,1003.26,9313326,275511.0,340870.0,986.2,1012.8,981.3,986.2,120746250,1084.8,887.6,1102.5,649.1,1010.3,453,13,1010.2,1805,10,1010.1,1492,15,1010.0,1950,35,1009.9,974,10,1010.4,45,2,1010.5,94,1,1010.6,524,3,1010.7,649,3,1010.8,871,8
317,2025-11-26 15:21:42+05:30,1010.3,16,1003.26,9316110,273677.0,341164.0,986.2,1012.8,981.3,986.2,120746250,1084.8,887.6,1102.5,649.1,1010.4,3,1,1010.3,2,1,1010.2,1729,9,1010.1,879,9,1010.0,1551,31,1010.5,122,1,1010.6,473,4,1010.7,877,7,1010.8,710,11,1010.9,1548,14
317,2025-11-26 15:21:43+05:30,1010.5,200,1003.26,9316110,273677.0,341164.0,986.2,1012.8,981.3,986.2,120746250,1084.8,887.6,1102.5,649.1,1010.4,3,1,1010.3,2,1,1010.2,1729,9,1010.1,879,9,1010.0,1551,31,1010.5,122,1,1010.6,473,4,1010.7,877,7,1010.8,710,11,1010.9,1548,14
317,2025-11-26 15:21:43+05:30,1010.4,1,1003.26,9317235,273252.0,343032.0,986.2,1012.8,981.3,986.2,120746250,1084.8,887.6,1102.5,649.1,1010.2,57,3,1010.1,1625,9,1010.0,1481,31,1009.9,864,6,1009.8,1258,13,1010.4,6,2,1010.5,321,5,1010.6,1009,11,1010.7,751,6,1010.8,1771,13
317,2025-11-26 15:21:44+05:30,1010.3,63,1003.26,9317235,273252.0,343032.0,986.2,1012.8,981.3,986.2,120746250,1084.8,887.6,1102.5,649.1,1010.2,57,3,1010.1,1625,9,1010.0,1481,31,1009.9,864,6,1009.8,1258,13,1010.4,6,2,1010.5,321,5,1010.6,1009,11,1010.7,751,6,1010.8,1771,13
317,2025-11-26 15:21:44+05:30,1010.1,1,1003.26,9318611,272839.0,343643.0,986.2,1012.8,981.3,986.2,120746250,1084.8,887.6,1102.5,649.1,1010.1,1090,6,1010.0,1518,31,1009.9,862,5,1009.8,953,10,1009.7,1189,11,1010.3,73,1,1010.4,276,5,1010.5,478,7,1010.6,1860,13,1010.7,2001,10
317,2025-11-26 15:21:45+05:30,1010.3,13,1003.26,9318611,272839.0,343643.0,986.2,1012.8,981.3,986.2,120746250,1084.8,887.6,1102.5,649.1,1010.1,1090,6,1010.0,1518,31,1009.9,862,5,1009.8,953,10,1009.7,1189,11,1010.3,73,1,1010.4,276,5,1010.5,478,7,1010.6,1860,13,1010.7,2001,10
317,2025-11-26 15:21:46+05:30,1010.2,15,1003.26,9318667,274173.0,342856.0,986.2,1012.8,981.3,986.2,120746250,1084.8,887.6,1102.5,649.1,1010.1,1095,7,1010.0,1662,32,1009.9,951,6,1009.8,935,9,1009.7,1183,11,1010.2,74,1,1010.3,81,3,1010.4,105,3,1010.5,1139,8,1010.6,986,10
317,2025-11-26 15:21:46+05:30,1010.2,15,1003.26,9318667,274173.0,342856.0,986.2,1012.8,981.3,986.2,120746250,1084.8,887.6,1102.5,649.1,1010.1,1095,7,1010.0,1662,32,1009.9,951,6,1009.8,935,9,1009.7,1183,11,1010.2,74,1,1010.3,81,3,1010.4,105,3,1010.5,1139,8,1010.6,986,10
317,2025-11-26 15:21:47+05:30,1010.2,1,1003.26,9318669,274224.0,342936.0,986.2,1012.8,981.3,986.2,120746250,1084.8,887.6,1102.5,649.1,1010.1,1095,7,1010.0,1541,32,1009.9,1095,7,1009.8,935,9,1009.7,1183,11,1010.2,78,3,1010.3,80,2,1010.4,101,2,1010.5,1220,9,1010.6,986,10
317,2025-11-26 15:21:47+05:30,1010.2,1,1003.26,9318669,274224.0,342936.0,986.2,1012.8,981.3,986.2,120746250,1084.8,887.6,1102.5,649.1,1010.1,1095,7,1010.0,1541,32,1009.9,1095,7,1009.8,935,9,1009.7,1183,11,1010.2,78,3,1010.3,80,2,1010.4,101,2,1010.5,1220,9,1010.6,986,10
317,2025-11-26 15:21:47+05:30,1010.0,100,1003.26,9323316,269575.0,340651.0,986.2,1012.8,981.3,986.2,120746250,1084.8,887.6,1102.5,649.1,1010.0,650,1,1009.9,472,4,1009.8,434,4,1009.7,708,5,1009.6,1137,11,1010.2,84,5,1010.3,299,4,1010.4,959,7,1010.5,820,8,1010.6,909,8
317,2025-11-26 15:21:48+05:30,1010.0,9,1003.26,9323316,269575.0,340651.0,986.2,1012.8,981.3,986.2,120746250,1084.8,887.6,1102.5,649.1,1010.0,650,1,1009.9,472,4,1009.8,434,4,1009.7,708,5,1009.6,1137,11,1010.2,84,5,1010.3,299,4,1010.4,959,7,1010.5,820,8,1010.6,909,8
317,2025-11-26 15:21:49+05:30,1009.9,62,1003.27,9325104,269487.0,341518.0,986.2,1012.8,981.3,986.2,120746250,1084.8,887.6,1102.5,649.1,1010.0,750,1,1009.9,32,1,1009.8,104,2,1009.7,231,2,1009.6,947,5,1010.1,261,2,1010.2,12,4,1010.3,699,7,1010.4,1459,8,1010.5,1282,8
317,2025-11-26 15:21:49+05:30,1009.9,62,1003.27,9325104,269487.0,341518.0,986.2,1012.8,981.3,986.2,120746250,1084.8,887.6,1102.5,649.1,1010.0,750,1,1009.9,32,1,1009.8,104,2,1009.7,231,2,1009.6,947,5,1010.1,261,2,1010.2,12,4,1010.3,699,7,1010.4,1459,8,1010.5,1282,8
317,2025-11-26 15:21:50+05:30,1010.0,3,1003.27,9325107,271014.0,341357.0,986.2,1012.8,981.3,986.2,120746250,1084.8,887.6,1102.5,649.1,1010.0,834,4,1009.9,69,2,1009.8,506,6,1009.7,835,5,1009.6,992,10,1010.1,309,4,1010.2,3,2,1010.3,455,5,1010.4,1459,8,1010.5,1432,9
317,2025-11-26 15:21:50+05:30,1010.0,3,1003.27,9325107,271014.0,341357.0,986.2,1012.8,981.3,986.2,120746250,1084.8,887.6,1102.5,649.1,1010.0,834,4,1009.9,69,2,1009.8,506,6,1009.7,835,5,1009.6,992,10,1010.1,309,4,1010.2,3,2,1010.3,455,5,1010.4,1459,8,1010.5,1432,9
317,2025-11-26 15:21:51+05:30,1010.1,3,1003.27,9325107,271014.0,341357.0,986.2,1012.8,981.3,986.2,120746250,1084.8,887.6,1102.5,649.1,1010.0,834,4,1009.9,69,2,1009.8,506,6,1009.7,835,5,1009.6,992,10,1010.1,309,4,1010.2,3,2,1010.3,455,5,1010.4,1459,8,1010.5,1432,9
317,2025-11-26 15:21:51+05:30,1010.0,2,1003.27,9325253,271078.0,341320.0,986.2,1012.8,981.3,986.2,120746250,1084.8,887.6,1102.5,649.1,1010.0,770,5,1009.9,235,4,1009.8,356,5,1009.7,986,6,1009.6,992,10,1010.1,253,7,1010.2,1,1,1010.3,455,5,1010.4,1224,6,1010.5,913,7
317,2025-11-26 15:21:52+05:30,1010.0,5,1003.27,9325253,271078.0,341320.0,986.2,1012.8,981.3,986.2,120746250,1084.8,887.6,1102.5,649.1,1010.0,770,5,1009.9,235,4,1009.8,356,5,1009.7,986,6,1009.6,992,10,1010.1,253,7,1010.2,1,1,1010.3,455,5,1010.4,1224,6,1010.5,913,7
317,2025-11-26 15:21:52+05:30,1010.1,88,1003.27,9326225,270327.0,339830.0,986.2,1012.8,981.3,986.2,120746250,1084.8,887.6,1102.5,649.1,1010.0,667,6,1009.9,81,3,1009.8,815,7,1009.7,1498,9,1009.6,2412,11,1010.2,1,1,1010.3,37,2,1010.4,5,1,1010.5,1109,5,1010.6,918,8
317,2025-11-26 15:21:53+05:30,1010.1,1,1003.27,9326225,270327.0,339830.0,986.2,1012.8,981.3,986.2,120746250,1084.8,887.6,1102.5,649.1,1010.0,667,6,1009.9,81,3,1009.8,815,7,1009.7,1498,9,1009.6,2412,11,1010.2,1,1,1010.3,37,2,1010.4,5,1,1010.5,1109,5,1010.6,918,8
317,2025-11-26 15:21:53+05:30,1010.1,116,1003.27,9326472,271055.0,340281.0,986.2,1012.8,981.3,986.2,120746250,1084.8,887.6,1102.5,649.1,1010.0,743,7,1009.9,443,7,1009.8,600,5,1009.7,918,6,1009.6,1095,11,1010.1,116,1,1010.2,1,1,1010.3,2,1,1010.4,448,3,1010.5,781,6
317,2025-11-26 15:21:54+05:30,1010.1,1,1003.27,9326472,271055.0,340281.0,986.2,1012.8,981.3,986.2,120746250,1084.8,887.6,1102.5,649.1,1010.0,743,7,1009.9,443,7,1009.8,600,5,1009.7,918,6,1009.6,1095,11,1010.1,116,1,1010.2,1,1,1010.3,2,1,1010.4,448,3,1010.5,781,6
317,2025-11-26 15:21:54+05:30,1010.1,1,1003.27,9326824,271904.0,340156.0,986.2,1012.8,981.3,986.2,120746250,1084.8,887.6,1102.5,649.1,1010.1,260,3,1010.0,179,7,1009.9,758,10,1009.8,605,5,1009.7,950,8,1010.2,268,3,1010.3,2,1,1010.5,861,4,1010.6,636,8,1010.7,1482,11
317,2025-11-26 15:21:55+05:30,1010.2,3,1003.27,9326824,271904.0,340156.0,986.2,1012.8,981.3,986.2,120746250,1084.8,887.6,1102.5,649.1,1010.1,260,3,1010.0,179,7,1009.9,758,10,1009.8,605,5,1009.7,950,8,1010.2,268,3,1010.3,2,1,1010.5,861,4,1010.6,636,8,1010.7,1482,11
317,2025-11-26 15:21:55+05:30,1010.2,1,1003.27,9326879,272864.0,340466.0,986.2,1012.8,981.3,986.2,120746250,1084.8,887.6,1102.5,649.1,1010.1,810,8,1010.0,441,9,1009.9,644,9,1009.8,679,6,1009.7,1024,9,1010.2,279,5,1010.3,2,1,1010.5,525,3,1010.6,636,8,1010.7,1309,11
317,2025-11-26 15:21:56+05:30,1010.1,10,1003.27,9326879,272864.0,340466.0,986.2,1012.8,981.3,986.2,120746250,1084.8,887.6,1102.5,649.1,1010.1,810,8,1010.0,441,9,1009.9,644,9,1009.8,679,6,1009.7,1024,9,1010.2,279,5,1010.3,2,1,1010.5,525,3,1010.6,636,8,1010.7,1309,11
317,2025-11-26 15:21:56+05:30,1010.1,4,1003.27,9327514,272057.0,340170.0,986.2,1012.8,981.3,986.2,120746250,1084.8,887.6,1102.5,649.1,1010.1,1009,8,1010.0,380,8,1009.9,561,8,1009.8,693,7,1009.7,961,9,1010.2,175,3,1010.3,2,1,1010.5,623,4,1010.6,636,8,1010.7,1827,13
317,2025-11-26 15:21:57+05:30,1010.1,4,1003.27,9327514,272057.0,340170.0,986.2,1012.8,981.3,986.2,120746250,1084.8,887.6,1102.5,649.1,1010.1,1009,8,1010.0,380,8,1009.9,561,8,1009.8,693,7,1009.7,961,9,1010.2,175,3,1010.3,2,1,1010.5,623,4,1010.6,636,8,1010.7,1827,13
317,2025-11-26 15:21:57+05:30,1010.1,100,1003.27,9329384,271867.0,340673.0,986.2,1012.8,981.3,986.2,120746250,1084.8,887.6,1102.5,649.1,1010.1,643,1,1010.0,191,7,1009.9,721,8,1009.8,1175,7,1009.7,932,7,1010.2,216,6,1010.3,54,2,1010.5,695,4,1010.6,732,9,1010.7,1471,11
317,2025-11-26 15:21:58+05:30,1010.1,100,1003.27,9329384,271867.0,340673.0,986.2,1012.8,981.3,986.2,120746250,1084.8,887.6,1102.5,649.1,1010.1,643,1,1010.0,191,7,1009.9,721,8,1009.8,1175,7,1009.7,932,7,1010.2,216,6,1010.3,54,2,1010.5,695,4,1010.6,732,9,1010.7,1471,11
317,2025-11-26 15:21:58+05:30,1010.1,621,1003.27,9332106,270805.0,339841.0,986.2,1012.8,981.3,986.2,120746250,1084.8,887.6,1102.5,649.1,1010.2,60,2,1010.1,63,2,1010.0,112,7,1009.9,1114,5,1009.8,544,6,1010.5,615,7,1010.6,1072,7,1010.7,1672,13,1010.8,1156,12,1010.9,1301,11
317,2025-11-26 15:21:59+05:30,1010.4,3,1003.27,9332106,270805.0,339841.0,986.2,1012.8,981.3,986.2,120746250,1084.8,887.6,1102.5,649.1,1010.2,60,2,1010.1,63,2,1010.0,112,7,1009.9,1114,5,1009.8,544,6,1010.5,615,7,1010.6,1072,7,1010.7,1672,13,1010.8,1156,12,1010.9,1301,11
317,2025-11-26 15:21:59+05:30,1010.2,2,1003.27,9332115,271084.0,342394.0,986.2,1012.8,981.3,986.2,120746250,1084.8,887.6,1102.5,649.1,1010.2,81,2,1010.1,63,2,1010.0,112,7,1009.9,1114,5,1009.8,544,6,1010.3,119,1,1010.4,82,1,1010.5,1993,11,1010.6,1415,7,1010.7,1164,11
317,2025-11-26 15:22:00+05:30,1010.3,13,1003.27,9332115,271084.0,342394.0,986.2,1012.8,981.3,986.2,120746250,1084.8,887.6,1102.5,649.1,1010.2,81,2,1010.1,63,2,1010.0,112,7,1009.9,1114,5,1009.8,544,6,1010.3,119,1,1010.4,82,1,1010.5,1993,11,1010.6,1415,7,1010.7,1164,11
317,2025-11-26 15:22:00+05:30,1010.2,3,1003.27,9332351,271130.0,343141.0,986.2,1012.8,981.3,986.2,120746250,1084.8,887.6,1102.5,649.1,1010.2,57,2,1010.1,64,3,1010.0,655,8,1009.9,619,5,1009.8,703,7,1010.3,94,3,1010.4,82,1,1010.5,1876,10,1010.6,1416,7,1010.7,1297,10
317,2025-11-26 15:22:01+05:30,1010.2,3,1003.27,9332351,271130.0,343141.0,986.2,1012.8,981.3,986.2,120746250,1084.8,887.6,1102.5,649.1,1010.2,57,2,1010.1,64,3,1010.0,655,8,1009.9,619,5,1009.8,703,7,1010.3,94,3,1010.4,82,1,1010.5,1876,10,1010.6,1416,7,1010.7,1297,10
317,2025-11-26 15:22:01+05:30,1010.2,23,1003.27,9332389,272711.0,343658.0,986.2,1012.8,981.3,986.2,120746250,1084.8,887.6,1102.5,649.1,1010.2,63,6,1010.1,138,3,1010.0,1054,11,1009.9,693,6,1009.8,618,7,1010.3,94,3,1010.4,113,2,1010.5,2752,7,1010.6,758,5,1010.7,1768,9
317,2025-11-26 15:22:02+05:30,1010.2,23,1003.27,9332389,272711.0,343658.0,986.2,1012.8,981.3,986.2,120746250,1084.8,887.6,1102.5,649.1,1010.2,63,6,1010.1,138,3,1010.0,1054,11,1009.9,693,6,1009.8,618,7,1010.3,94,3,1010.4,113,2,1010.5,2752,7,1010.6,758,5,1010.7,1768,9
317,2025-11-26 15:22:02+05:30,1010.3,23,1003.27,9332412,272005.0,343793.0,986.2,1012.8,981.3,986.2,120746250,1084.8,887.6,1102.5,649.1,1010.2,203,7,1010.1,64,3,1010.0,975,10,1009.9,952,8,1009.8,618,7,1010.3,104,4,1010.4,113,2,1010.5,2940,10,1010.6,1262,7,1010.7,1271,8
317,2025-11-26 15:22:03+05:30,1010.2,72,1003.27,9332412,272005.0,343793.0,986.2,1012.8,981.3,986.2,120746250,1084.8,887.6,1102.5,649.1,1010.2,203,7,1010.1,64,3,1010.0,975,10,1009.9,952,8,1009.8,618,7,1010.3,104,4,1010.4,113,2,1010.5,2940,10,1010.6,1262,7,1010.7,1271,8
317,2025-11-26 15:22:04+05:30,1010.3,22,1003.27,9332884,272868.0,343338.0,986.2,1012.8,981.3,986.2,120746250,1084.8,887.6,1102.5,649.1,1010.2,166,7,1010.1,895,5,1010.0,510,10,1009.9,941,8,1009.8,1302,8,1010.3,228,7,1010.4,181,3,1010.5,1903,8,1010.6,926,7,1010.7,1678,9
317,2025-11-26 15:22:04+05:30,1010.3,22,1003.27,9332884,272868.0,343338.0,986.2,1012.8,981.3,986.2,120746250,1084.8,887.6,1102.5,649.1,1010.2,166,7,1010.1,895,5,1010.0,510,10,1009.9,941,8,1009.8,1302,8,1010.3,228,7,1010.4,181,3,1010.5,1903,8,1010.6,926,7,1010.7,1678,9
317,2025-11-26 15:22:05+05:30,1010.3,5,1003.27,9332897,273834.0,343689.0,986.2,1012.8,981.3,986.2,120746250,1084.8,887.6,1102.5,649.1,1010.2,521,8,1010.1,895,5,1010.0,969,10,1009.9,941,8,1009.8,1313,8,1010.3,274,9,1010.4,181,3,1010.5,2203,9,1010.6,927,7,1010.7,1704,11
317,2025-11-26 15:22:05+05:30,1010.3,5,1003.27,9332897,273834.0,343689.0,986.2,1012.8,981.3,986.2,120746250,1084.8,887.6,1102.5,649.1,1010.2,521,8,1010.1,895,5,1010.0,969,10,1009.9,941,8,1009.8,1313,8,1010.3,274,9,1010.4,181,3,1010.5,2203,9,1010.6,927,7,1010.7,1704,11
317,2025-11-26 15:22:06+05:30,1010.2,100,1003.27,9332897,273834.0,343689.0,986.2,1012.8,981.3,986.2,120746250,1084.8,887.6,1102.5,649.1,1010.2,521,8,1010.1,895,5,1010.0,969,10,1009.9,941,8,1009.8,1313,8,1010.3,274,9,1010.4,181,3,1010.5,2203,9,1010.6,927,7,1010.7,1704,11
317,2025-11-26 15:22:06+05:30,1010.2,100,1003.27,9333625,273771.0,344571.0,986.2,1012.8,981.3,986.2,120746250,1084.8,887.6,1102.5,649.1,1010.2,721,6,1010.1,159,6,1010.0,1382,13,1009.9,745,6,1009.8,1257,9,1010.3,266,8,1010.4,181,3,1010.5,2203,9,1010.6,762,6,1010.7,1844,10
317,2025-11-26 15:22:07+05:30,1010.1,77,1003.27,9336378,272268.0,342458.0,986.2,1012.8,981.3,986.2,120746250,1084.8,887.6,1102.5,649.1,1010.1,528,4,1010.0,1383,13,1009.9,745,6,1009.8,1512,9,1009.7,1069,10,1010.3,54,3,1010.4,99,2,1010.5,2049,8,1010.6,637,5,1010.7,1435,8
317,2025-11-26 15:22:07+05:30,1010.1,100,1003.27,9336378,272268.0,342458.0,986.2,1012.8,981.3,986.2,120746250,1084.8,887.6,1102.5,649.1,1010.1,528,4,1010.0,1383,13,1009.9,745,6,1009.8,1512,9,1009.7,1069,10,1010.3,54,3,1010.4,99,2,1010.5,2049,8,1010.6,637,5,1010.7,1435,8
317,2025-11-26 15:22:08+05:30,1010.0,100,1003.27,9336378,272268.0,342458.0,986.2,1012.8,981.3,986.2,120746250,1084.8,887.6,1102.5,649.1,1010.1,528,4,1010.0,1383,13,1009.9,745,6,1009.8,1512,9,1009.7,1069,10,1010.3,54,3,1010.4,99,2,1010.5,2049,8,1010.6,637,5,1010.7,1435,8
317,2025-11-26 15:22:08+05:30,1010.0,100,1003.28,9340284,269659.0,343347.0,986.2,1012.8,981.3,986.2,120746250,1084.8,887.6,1102.5,649.1,1010.0,282,2,1009.9,12,1,1009.8,675,2,1009.7,686,5,1009.6,1109,9,1010.2,213,3,1010.3,493,9,1010.4,963,8,1010.5,2625,12,1010.6,982,8
317,2025-11-26 15:22:09+05:30,1010.0,100,1003.28,9340284,269659.0,343347.0,986.2,1012.8,981.3,986.2,120746250,1084.8,887.6,1102.5,649.1,1010.0,282,2,1009.9,12,1,1009.8,675,2,1009.7,686,5,1009.6,1109,9,1010.2,213,3,1010.3,493,9,1010.4,963,8,1010.5,2625,12,1010.6,982,8
317,2025-11-26 15:22:09+05:30,1010.0,100,1003.28,9343862,270699.0,343966.0,986.2,1012.8,981.3,986.2,120746250,1084.8,887.6,1102.5,649.1,1010.0,567,1,1009.9,17,2,1009.8,100,1,1009.7,1067,5,1009.6,1165,7,1010.1,112,1,1010.2,249,5,1010.3,375,5,1010.4,1201,7,1010.5,2773,11
317,2025-11-26 15:22:10+05:30,1010.0,100,1003.28,9343862,270699.0,343966.0,986.2,1012.8,981.3,986.2,120746250,1084.8,887.6,1102.5,649.1,1010.0,567,1,1009.9,17,2,1009.8,100,1,1009.7,1067,5,1009.6,1165,7,1010.1,112,1,1010.2,249,5,1010.3,375,5,1010.4,1201,7,1010.5,2773,11
317,2025-11-26 15:22:10+05:30,1010.0,100,1003.28,9347236,270751.0,344444.0,986.2,1012.8,981.3,986.2,120746250,1084.8,887.6,1102.5,649.1,1010.0,504,2,1009.8,103,2,1009.7,676,2,1009.6,777,4,1009.5,2581,14,1010.1,316,4,1010.2,582,9,1010.3,845,8,1010.4,1328,9,1010.5,2288,13
317,2025-11-26 15:22:11+05:30,1010.0,1,1003.28,9347236,270751.0,344444.0,986.2,1012.8,981.3,986.2,120746250,1084.8,887.6,1102.5,649.1,1010.0,504,2,1009.8,103,2,1009.7,676,2,1009.6,777,4,1009.5,2581,14,1010.1,316,4,1010.2,582,9,1010.3,845,8,1010.4,1328,9,1010.5,2288,13
317,2025-11-26 15:22:11+05:30,1010.0,1,1003.28,9347768,271808.0,343500.0,986.2,1012.8,981.3,986.2,120746250,1084.8,887.6,1102.5,649.1,1009.9,824,3,1009.8,103,2,1009.7,157,1,1009.6,1216,5,1009.5,970,13,1010.0,12,2,1010.1,481,10,1010.2,677,7,1010.3,764,6,1010.4,1226,12
317,2025-11-26 15:22:12+05:30,1009.9,27,1003.28,9348085,271348.0,345332.0,986.2,1012.8,981.3,986.2,120746250,1084.8,887.6,1102.5,649.1,1009.8,876,4,1009.6,56,1,1009.5,1160,7,1009.4,812,8,1009.3,2662,12,1009.9,84,1,1010.0,986,11,1010.1,1829,13,1010.2,594,8,1010.3,1169,8
317,2025-11-26 15:22:13+05:30,1009.9,2,1003.28,9348085,271348.0,345332.0,986.2,1012.8,981.3,986.2,120746250,1084.8,887.6,1102.5,649.1,1009.8,876,4,1009.6,56,1,1009.5,1160,7,1009.4,812,8,1009.3,2662,12,1009.9,84,1,1010.0,986,11,1010.1,1829,13,1010.2,594,8,1010.3,1169,8
317,2025-11-26 15:22:13+05:30,1010.0,1,1003.28,9350355,270032.0,343916.0,986.2,1012.8,981.3,986.2,120746250,1084.8,887.6,1102.5,649.1,1009.9,2,1,1009.8,881,5,1009.7,14,1,1009.6,56,1,1009.5,488,6,1010.0,224,5,1010.1,1802,10,1010.2,682,7,1010.3,1166,5,1010.4,925,12
317,2025-11-26 15:22:14+05:30,1009.9,2,1003.28,9350355,270032.0,343916.0,986.2,1012.8,981.3,986.2,120746250,1084.8,887.6,1102.5,649.1,1009.9,2,1,1009.8,881,5,1009.7,14,1,1009.6,56,1,1009.5,488,6,1010.0,224,5,1010.1,1802,10,1010.2,682,7,1010.3,1166,5,1010.4,925,12
317,2025-11-26 15:22:14+05:30,1009.9,2,1003.28,9350388,270800.0,344012.0,986.2,1012.8,981.3,986.2,120746250,1084.8,887.6,1102.5,649.1,1009.8,881,5,1009.7,14,1,1009.6,339,3,1009.5,564,7,1009.4,754,8,1009.9,87,2,1010.0,255,6,1010.1,1779,8,1010.2,836,7,1010.3,1249,6
317,2025-11-26 15:22:15+05:30,1009.9,26,1003.28,9350388,270800.0,344012.0,986.2,1012.8,981.3,986.2,120746250,1084.8,887.6,1102.5,649.1,1009.8,881,5,1009.7,14,1,1009.6,339,3,1009.5,564,7,1009.4,754,8,1009.9,87,2,1010.0,255,6,1010.1,1779,8,1010.2,836,7,1010.3,1249,6
317,2025-11-26 15:22:15+05:30,1009.8,1,1003.28,9350620,270487.0,343854.0,986.2,1012.8,981.3,986.2,120746250,1084.8,887.6,1102.5,649.1,1009.8,788,4,1009.7,14,1,1009.6,202,3,1009.5,564,7,1009.4,754,8,1009.9,69,4,1010.0,1033,6,1010.1,978,8,1010.2,701,7,1010.3,1275,8
317,2025-11-26 15:22:16+05:30,1009.9,16,1003.28,9350620,270487.0,343854.0,986.2,1012.8,981.3,986.2,120746250,1084.8,887.6,1102.5,649.1,1009.8,788,4,1009.7,14,1,1009.6,202,3,1009.5,564,7,1009.4,754,8,1009.9,69,4,1010.0,1033,6,1010.1,978,8,1010.2,701,7,1010.3,1275,8
317,2025-11-26 15:22:16+05:30,1009.8,3,1003.28,9350640,270272.0,343758.0,986.2,1012.8,981.3,986.2,120746250,1084.8,887.6,1102.5,649.1,1009.8,857,7,1009.7,14,1,1009.6,73,1,1009.5,564,7,1009.4,754,8,1009.9,54,5,1010.0,1033,6,1010.1,712,6,1010.2,884,8,1010.3,1275,8
317,2025-11-26 15:22:17+05:30,1009.9,10,1003.28,9350640,270272.0,343758.0,986.2,1012.8,981.3,986.2,120746250,1084.8,887.6,1102.5,649.1,1009.8,857,7,1009.7,14,1,1009.6,73,1,1009.5,564,7,1009.4,754,8,1009.9,54,5,1010.0,1033,6,1010.1,712,6,1010.2,884,8,1010.3,1275,8
317,2025-11-26 15:22:17+05:30,1009.8,36,1003.29,9353716,270911.0,343296.0,986.2,1012.8,981.3,986.2,120746250,1084.8,887.6,1102.5,649.1,1009.8,57,1,1009.7,101,2,1009.6,73,1,1009.5,179,6,1009.4,1488,8,1009.9,80,3,1010.0,1188,6,1010.1,935,7,1010.2,717,9,1010.3,1237,6
317,2025-11-26 15:22:18+05:30,1009.8,1,1003.29,9353716,270911.0,343296.0,986.2,1012.8,981.3,986.2,120746250,1084.8,887.6,1102.5,649.1,1009.8,57,1,1009.7,101,2,1009.6,73,1,1009.5,179,6,1009.4,1488,8,1009.9,80,3,1010.0,1188,6,1010.1,935,7,1010.2,717,9,1010.3,1237,6
317,2025-11-26 15:22:18+05:30,1009.8,439,1003.29,9356874,272595.0,343434.0,986.2,1012.8,981.3,986.2,120746250,1084.8,887.6,1102.5,649.1,1009.8,1148,3,1009.7,213,4,1009.6,256,2,1009.5,882,9,1009.4,882,8,1009.9,82,4,1010.0,1188,6,1010.1,1516,3,1010.2,421,4,1010.3,747,5
317,2025-11-26 15:22:19+05:30,1010.0,113,1003.29,9356874,272595.0,343434.0,986.2,1012.8,981.3,986.2,120746250,1084.8,887.6,1102.5,649.1,1009.8,1148,3,1009.7,213,4,1009.6,256,2,1009.5,882,9,1009.4,882,8,1009.9,82,4,1010.0,1188,6,1010.1,1516,3,1010.2,421,4,1010.3,747,5
317,2025-11-26 15:22:20+05:30,1009.9,1,1003.29,9357940,271366.0,344905.0,986.2,1012.8,981.3,986.2,120746250,1084.8,887.6,1102.5,649.1,1009.8,747,1,1009.7,147,4,1009.6,285,3,1009.5,896,10,1009.4,828,9,1009.9,593,2,1010.0,1637,7,1010.1,1589,4,1010.2,616,6,1010.3,1627,8
317,2025-11-26 15:22:20+05:30,1009.9,1,1003.29,9357940,271366.0,344905.0,986.2,1012.8,981.3,986.2,120746250,1084.8,887.6,1102.5,649.1,1009.8,747,1,1009.7,147,4,1009.6,285,3,1009.5,896,10,1009.4,828,9,1009.9,593,2,1010.0,1637,7,1010.1,1589,4,1010.2,616,6,1010.3,1627,8
317,2025-11-26 15:22:21+05:30,1009.8,1,1003.29,9357940,271366.0,344905.0,986.2,1012.8,981.3,986.2,120746250,1084.8,887.6,1102.5,649.1,1009.8,747,1,1009.7,147,4,1009.6,285,3,1009.5,896,10,1009.4,828,9,1009.9,593,2,1010.0,1637,7,1010.1,1589,4,1010.2,616,6,1010.3,1627,8
317,2025-11-26 15:22:21+05:30,1009.8,1,1003.29,9359514,271881.0,345115.0,986.2,1012.8,981.3,986.2,120746250,1084.8,887.6,1102.5,649.1,1009.8,1153,4,1009.7,100,3,1009.6,548,4,1009.5,717,10,1009.4,2302,9,1009.9,513,1,1010.0,1637,7,1010.1,1499,3,1010.2,426,4,1010.3,1279,7
317,2025-11-26 15:22:22+05:30,1009.9,2,1003.29,9359514,271881.0,345115.0,986.2,1012.8,981.3,986.2,120746250,1084.8,887.6,1102.5,649.1,1009.8,1153,4,1009.7,100,3,1009.6,548,4,1009.5,717,10,1009.4,2302,9,1009.9,513,1,1010.0,1637,7,1010.1,1499,3,1010.2,426,4,1010.3,1279,7
317,2025-11-26 15:22:22+05:30,1009.9,2,1003.29,9360366,271508.0,345374.0,986.2,1012.8,981.3,986.2,120746250,1084.8,887.6,1102.5,649.1,1009.9,361,3,1009.8,1035,6,1009.7,305,4,1009.6,361,4,1009.5,756,10,1010.0,2217,7,1010.1,1530,4,1010.2,680,5,1010.3,1372,7,1010.4,966,9
317,2025-11-26 15:22:23+05:30,1009.9,1,1003.29,9360366,271508.0,345374.0,986.2,1012.8,981.3,986.2,120746250,1084.8,887.6,1102.5,649.1,1009.9,361,3,1009.8,1035,6,1009.7,305,4,1009.6,361,4,1009.5,756,10,1010.0,2217,7,1010.1,1530,4,1010.2,680,5,1010.3,1372,7,1010.4,966,9
317,2025-11-26 15:22:23+05:30,1009.9,1,1003.29,9360377,271296.0,346246.0,986.2,1012.8,981.3,986.2,120746250,1084.8,887.6,1102.5,649.1,1009.9,365,4,1009.8,1020,5,1009.7,305,4,1009.6,361,4,1009.5,560,9,1010.0,2686,11,1010.1,1387,4,1010.2,680,5,1010.3,1377,7,1010.4,1165,10
317,2025-11-26 15:22:24+05:30,1010.0,3,1003.29,9360377,271296.0,346246.0,986.2,1012.8,981.3,986.2,120746250,1084.8,887.6,1102.5,649.1,1009.9,365,4,1009.8,1020,5,1009.7,305,4,1009.6,361,4,1009.5,560,9,1010.0,2686,11,1010.1,1387,4,1010.2,680,5,1010.3,1377,7,1010.4,1165,10
317,2025-11-26 15:22:24+05:30,1010.0,3,1003.29,9360380,271441.0,346423.0,986.2,1012.8,981.3,986.2,120746250,1084.8,887.6,1102.5,649.1,1009.9,388,5,1009.8,906,3,1009.7,305,4,1009.6,562,5,1009.5,568,9,1010.0,2652,12,1010.1,1387,4,1010.2,253,2,1010.3,1475,8,1010.4,1149,9
317,2025-11-26 15:22:25+05:30,1010.0,193,1003.29,9360380,271441.0,346423.0,986.2,1012.8,981.3,986.2,120746250,1084.8,887.6,1102.5,649.1,1009.9,388,5,1009.8,906,3,1009.7,305,4,1009.6,562,5,1009.5,568,9,1010.0,2652,12,1010.1,1387,4,1010.2,253,2,1010.3,1475,8,1010.4,1149,9
317,2025-11-26 15:22:25+05:30,1010.0,82,1003.29,9362689,272255.0,341839.0,986.2,1012.8,981.3,986.2,120746250,1084.8,887.6,1102.5,649.1,1009.9,1476,9,1009.8,187,4,1009.7,745,9,1009.6,607,6,1009.5,864,11,1010.0,1039,12,1010.1,1387,4,1010.3,5,1,1010.4,646,4,1010.5,1747,10
317,2025-11-26 15:22:26+05:30,1010.0,38,1003.29,9362689,272255.0,341839.0,986.2,1012.8,981.3,986.2,120746250,1084.8,887.6,1102.5,649.1,1009.9,1476,9,1009.8,187,4,1009.7,745,9,1009.6,607,6,1009.5,864,11,1010.0,1039,12,1010.1,1387,4,1010.3,5,1,1010.4,646,4,1010.5,1747,10
317,2025-11-26 15:22:26+05:30,1010.0,14,1003.3,9365815,272545.0,341205.0,986.2,1012.8,981.3,986.2,120746250,1084.8,887.6,1102.5,649.1,1009.9,1536,10,1009.8,167,4,1009.7,486,7,1009.6,723,6,1009.5,1066,12,1010.0,139,8,1010.1,1387,4,1010.3,718,5,1010.4,650,4,1010.5,2094,11
317,2025-11-26 15:22:27+05:30,1010.0,14,1003.3,9365815,272545.0,341205.0,986.2,1012.8,981.3,986.2,120746250,1084.8,887.6,1102.5,649.1,1009.9,1536,10,1009.8,167,4,1009.7,486,7,1009.6,723,6,1009.5,1066,12,1010.0,139,8,1010.1,1387,4,1010.3,718,5,1010.4,650,4,1010.5,2094,11
317,2025-11-26 15:22:27+05:30,1009.9,70,1003.3,9369047,270404.0,343677.0,986.2,1012.8,981.3,986.2,120746250,1084.8,887.6,1102.5,649.1,1009.9,16,2,1009.8,771,3,1009.7,4,1,1009.6,716,6,1009.5,556,8,1010.0,749,6,1010.1,1594,6,1010.2,762,4,1010.3,1288,9,1010.4,1684,8
317,2025-11-26 15:22:28+05:30,1009.9,2,1003.3,9369047,270404.0,343677.0,986.2,1012.8,981.3,986.2,120746250,1084.8,887.6,1102.5,649.1,1009.9,16,2,1009.8,771,3,1009.7,4,1,1009.6,716,6,1009.5,556,8,1010.0,749,6,1010.1,1594,6,1010.2,762,4,1010.3,1288,9,1010.4,1684,8
317,2025-11-26 15:22:28+05:30,1010.0,2,1003.3,9369086,271212.0,343946.0,986.2,1012.8,981.3,986.2,120746250,1084.8,887.6,1102.5,649.1,1009.9,401,6,1009.8,806,3,1009.7,4,1,1009.6,716,6,1009.5,556,8,1010.0,717,8,1010.1,1346,4,1010.2,1372,8,1010.3,1372,8,1010.4,1684,8
317,2025-11-26 15:22:29+05:30,1010.0,4,1003.3,9369086,271212.0,343946.0,986.2,1012.8,981.3,986.2,120746250,1084.8,887.6,1102.5,649.1,1009.9,401,6,1009.8,806,3,1009.7,4,1,1009.6,716,6,1009.5,556,8,1010.0,717,8,1010.1,1346,4,1010.2,1372,8,1010.3,1372,8,1010.4,1684,8
317,2025-11-26 15:22:29+05:30,1009.9,1,1003.3,9369140,271591.0,343417.0,986.2,1012.8,981.3,986.2,120746250,1084.8,887.6,1102.5,649.1,1009.9,1115,4,1009.8,61,3,1009.7,218,2,1009.6,716,6,1009.5,556,8,1010.0,707,7,1010.1,1346,4,1010.2,724,6,1010.3,1076,8,1010.4,2184,9
317,2025-11-26 15:22:30+05:30,1009.9,9,1003.3,9369140,271591.0,343417.0,986.2,1012.8,981.3,986.2,120746250,1084.8,887.6,1102.5,649.1,1009.9,1115,4,1009.8,61,3,1009.7,218,2,1009.6,716,6,1009.5,556,8,1010.0,707,7,1010.1,1346,4,1010.2,724,6,1010.3,1076,8,1010.4,2184,9
317,2025-11-26 15:22:31+05:30,1010.0,9,1003.3,9369187,271953.0,343126.0,986.2,1012.8,981.3,986.2,120746250,1084.8,887.6,1102.5,649.1,1009.9,1082,6,1009.8,61,3,1009.7,291,3,1009.6,921,7,1009.5,1116,12,1010.0,746,7,1010.1,1346,4,1010.2,342,5,1010.3,872,7,1010.4,2390,10
317,2025-11-26 15:22:31+05:30,1010.0,9,1003.3,9369187,271953.0,343126.0,986.2,1012.8,981.3,986.2,120746250,1084.8,887.6,1102.5,649.1,1009.9,1082,6,1009.8,61,3,1009.7,291,3,1009.6,921,7,1009.5,1116,12,1010.0,746,7,1010.1,1346,4,1010.2,342,5,1010.3,872,7,1010.4,2390,10
317,2025-11-26 15:22:32+05:30,1010.0,9,1003.3,9369187,271933.0,344881.0,986.2,1012.8,981.3,986.2,120746250,1084.8,887.6,1102.5,649.1,1009.9,1297,10,1009.8,61,3,1009.7,77,2,1009.6,716,6,1009.5,762,9,1010.0,1127,10,1010.1,1454,6,1010.2,676,8,1010.3,1578,9,1010.4,1890,9
317,2025-11-26 15:22:33+05:30,1009.9,1,1003.3,9369187,271933.0,344881.0,986.2,1012.8,981.3,986.2,120746250,1084.8,887.6,1102.5,649.1,1009.9,1297,10,1009.8,61,3,1009.7,77,2,1009.6,716,6,1009.5,762,9,1010.0,1127,10,1010.1,1454,6,1010.2,676,8,1010.3,1578,9,1010.4,1890,9
317,2025-11-26 15:22:33+05:30,1009.9,1,1003.3,9369195,272964.0,345586.0,986.2,1012.8,981.3,986.2,120746250,1084.8,887.6,1102.5,649.1,1009.9,1289,10,1009.8,61,3,1009.7,4,1,1009.6,631,5,1009.5,582,10,1010.0,1135,11,1010.1,1701,9,1010.2,1088,10,1010.3,1895,9,1010.4,1837,9
317,2025-11-26 15:22:34+05:30,1010.0,4,1003.3,9369239,272925.0,345118.0,986.2,1012.8,981.3,986.2,120746250,1084.8,887.6,1102.5,649.1,1009.9,1122,10,1009.8,61,3,1009.7,4,1,1009.6,631,5,1009.5,582,10,1010.0,1203,11,1010.1,1701,9,1010.2,1088,10,1010.3,1372,8,1010.4,1837,9
317,2025-11-26 15:22:34+05:30,1010.0,4,1003.3,9369239,272925.0,345118.0,986.2,1012.8,981.3,986.2,120746250,1084.8,887.6,1102.5,649.1,1009.9,1122,10,1009.8,61,3,1009.7,4,1,1009.6,631,5,1009.5,582,10,1010.0,1203,11,1010.1,1701,9,1010.2,1088,10,1010.3,1372,8,1010.4,1837,9
317,2025-11-26 15:22:35+05:30,1010.0,245,1003.3,9369239,272925.0,345118.0,986.2,1012.8,981.3,986.2,120746250,1084.8,887.6,1102.5,649.1,1009.9,1122,10,1009.8,61,3,1009.7,4,1,1009.6,631,5,1009.5,582,10,1010.0,1203,11,1010.1,1701,9,1010.2,1088,10,1010.3,1372,8,1010.4,1837,9
317,2025-11-26 15:22:35+05:30,1010.0,245,1003.3,9369495,273329.0,344805.0,986.2,1012.8,981.3,986.2,120746250,1084.8,887.6,1102.5,649.1,1009.9,1526,10,1009.8,61,3,1009.7,4,1,1009.6,631,5,1009.5,582,10,1010.0,1049,11,1010.1,1606,8,1010.2,777,8,1010.3,763,7,1010.4,2041,10
317,2025-11-26 15:22:36+05:30,1010.0,10,1003.3,9369495,273329.0,344805.0,986.2,1012.8,981.3,986.2,120746250,1084.8,887.6,1102.5,649.1,1009.9,1526,10,1009.8,61,3,1009.7,4,1,1009.6,631,5,1009.5,582,10,1010.0,1049,11,1010.1,1606,8,1010.2,777,8,1010.3,763,7,1010.4,2041,10
317,2025-11-26 15:22:36+05:30,1010.0,10,1003.3,9369507,273445.0,345959.0,986.2,1012.8,981.3,986.2,120746250,1084.8,887.6,1102.5,649.1,1009.9,1727,12,1009.8,14,2,1009.7,77,2,1009.6,631,5,1009.5,582,10,1010.0,1317,14,1010.1,1606,8,1010.2,877,9,1010.3,1565,9,1010.4,1837,9
317,2025-11-26 15:22:37+05:30,1010.0,4,1003.3,9369507,273445.0,345959.0,986.2,1012.8,981.3,986.2,120746250,1084.8,887.6,1102.5,649.1,1009.9,1727,12,1009.8,14,2,1009.7,77,2,1009.6,631,5,1009.5,582,10,1010.0,1317,14,1010.1,1606,8,1010.2,877,9,1010.3,1565,9,1010.4,1837,9
317,2025-11-26 15:22:37+05:30,1009.9,643,1003.3,9371067,271938.0,345664.0,986.2,1012.8,981.3,986.2,120746250,1084.8,887.6,1102.5,649.1,1009.9,965,10,1009.8,14,2,1009.7,4,1,1009.6,87,3,1009.5,554,8,1010.0,1347,14,1010.1,1673,7,1010.2,867,7,1010.3,1369,8,1010.4,1850,10
317,2025-11-26 15:22:38+05:30,1009.9,643,1003.3,9371067,271938.0,345664.0,986.2,1012.8,981.3,986.2,120746250,1084.8,887.6,1102.5,649.1,1009.9,965,10,1009.8,14,2,1009.7,4,1,1009.6,87,3,1009.5,554,8,1010.0,1347,14,1010.1,1673,7,1010.2,867,7,1010.3,1369,8,1010.4,1850,10
317,2025-11-26 15:22:38+05:30,1009.9,4,1003.3,9371094,272444.0,345613.0,986.2,1012.8,981.3,986.2,120746250,1084.8,887.6,1102.5,649.1,1009.9,961,10,1009.8,14,2,1009.7,4,1,1009.6,87,3,1009.5,554,8,1010.0,1397,15,1010.1,1734,8,1010.2,867,7,1010.3,1193,8,1010.4,2350,11
317,2025-11-26 15:22:39+05:30,1010.0,2,1003.3,9371094,272444.0,345613.0,986.2,1012.8,981.3,986.2,120746250,1084.8,887.6,1102.5,649.1,1009.9,961,10,1009.8,14,2,1009.7,4,1,1009.6,87,3,1009.5,554,8,1010.0,1397,15,1010.1,1734,8,1010.2,867,7,1010.3,1193,8,1010.4,2350,11
317,2025-11-26 15:22:39+05:30,1009.9,3,1003.3,9371099,271224.0,345989.0,986.2,1012.8,981.3,986.2,120746250,1084.8,887.6,1102.5,649.1,1009.9,855,9,1009.8,117,3,1009.6,1,1,1009.5,617,8,1009.4,1086,8,1010.0,1361,16,1010.1,2122,9,1010.2,867,7,1010.3,1582,10,1010.4,1837,9
317,2025-11-26 15:22:40+05:30,1010.0,3,1003.3,9371099,271224.0,345989.0,986.2,1012.8,981.3,986.2,120746250,1084.8,887.6,1102.5,649.1,1009.9,855,9,1009.8,117,3,1009.6,1,1,1009.5,617,8,1009.4,1086,8,1010.0,1361,16,1010.1,2122,9,1010.2,867,7,1010.3,1582,10,1010.4,1837,9
317,2025-11-26 15:22:40+05:30,1009.9,3,1003.3,9372296,270286.0,344892.0,986.2,1012.8,981.3,986.2,120746250,1084.8,887.6,1102.5,649.1,1009.9,33,3,1009.8,117,3,1009.6,1,1,1009.5,265,6,1009.4,799,8,1010.0,1270,13,1010.1,2525,11,1010.2,1165,7,1010.3,861,7,1010.4,1470,9
317,2025-11-26 15:22:41+05:30,1009.9,3,1003.3,9372296,270286.0,344892.0,986.2,1012.8,981.3,986.2,120746250,1084.8,887.6,1102.5,649.1,1009.9,33,3,1009.8,117,3,1009.6,1,1,1009.5,265,6,1009.4,799,8,1010.0,1270,13,1010.1,2525,11,1010.2,1165,7,1010.3,861,7,1010.4,1470,9
317,2025-11-26 15:22:41+05:30,1009.9,6,1003.3,9372305,271666.0,345116.0,986.2,1012.8,981.3,986.2,120746250,1084.8,887.6,1102.5,649.1,1009.9,641,5,1009.8,119,4,1009.6,72,2,1009.5,727,8,1009.4,799,8,1010.0,1003,12,1010.1,2125,9,1010.2,1063,8,1010.3,1361,8,1010.4,1858,10
317,2025-11-26 15:22:42+05:30,1009.9,6,1003.3,9372305,271666.0,345116.0,986.2,1012.8,981.3,986.2,120746250,1084.8,887.6,1102.5,649.1,1009.9,641,5,1009.8,119,4,1009.6,72,2,1009.5,727,8,1009.4,799,8,1010.0,1003,12,1010.1,2125,9,1010.2,1063,8,1010.3,1361,8,1010.4,1858,10
317,2025-11-26 15:22:43+05:30,1010.0,3,1003.3,9372308,271673.0,344720.0,986.2,1012.8,981.3,986.2,120746250,1084.8,887.6,1102.5,649.1,1009.9,641,5,1009.8,119,4,1009.6,72,2,1009.5,731,9,1009.4,799,8,1010.0,1000,12,1010.1,2125,9,1010.2,1063,8,1010.3,1361,8,1010.4,1858,10
317,2025-11-26 15:22:43+05:30,1009.9,2,1003.3,9372308,271673.0,344720.0,986.2,1012.8,981.3,986.2,120746250,1084.8,887.6,1102.5,649.1,1009.9,641,5,1009.8,119,4,1009.6,72,2,1009.5,731,9,1009.4,799,8,1010.0,1000,12,1010.1,2125,9,1010.2,1063,8,1010.3,1361,8,1010.4,1858,10
317,2025-11-26 15:22:44+05:30,1010.0,319,1003.3,9374176,271599.0,343399.0,986.2,1012.8,981.3,986.2,120746250,1084.8,887.6,1102.5,649.1,1009.8,939,5,1009.7,250,4,1009.6,744,6,1009.5,744,8,1009.4,782,6,1010.0,970,14,1010.1,1397,4,1010.2,5,1,1010.3,681,5,1010.4,2424,10
317,2025-11-26 15:22:44+05:30,1009.8,3,1003.3,9374176,271599.0,343399.0,986.2,1012.8,981.3,986.2,120746250,1084.8,887.6,1102.5,649.1,1009.8,939,5,1009.7,250,4,1009.6,744,6,1009.5,744,8,1009.4,782,6,1010.0,970,14,1010.1,1397,4,1010.2,5,1,1010.3,681,5,1010.4,2424,10
317,2025-11-26 15:22:45+05:30,1009.8,3,1003.3,9374176,271599.0,343399.0,986.2,1012.8,981.3,986.2,120746250,1084.8,887.6,1102.5,649.1,1009.8,939,5,1009.7,250,4,1009.6,744,6,1009.5,744,8,1009.4,782,6,1010.0,970,14,1010.1,1397,4,1010.2,5,1,1010.3,681,5,1010.4,2424,10
317,2025-11-26 15:22:45+05:30,1009.8,3,1003.3,9374225,272414.0,345116.0,986.2,1012.8,981.3,986.2,120746250,1084.8,887.6,1102.5,649.1,1009.8,748,3,1009.7,79,2,1009.6,455,5,1009.5,1195,12,1009.4,728,7,1009.9,198,1,1010.0,1360,14,1010.1,1554,5,1010.2,841,7,1010.3,1261,9
317,2025-11-26 15:22:46+05:30,1009.9,15,1003.3,9374225,272414.0,345116.0,986.2,1012.8,981.3,986.2,120746250,1084.8,887.6,1102.5,649.1,1009.8,748,3,1009.7,79,2,1009.6,455,5,1009.5,1195,12,1009.4,728,7,1009.9,198,1,1010.0,1360,14,1010.1,1554,5,1010.2,841,7,1010.3,1261,9
317,2025-11-26 15:22:46+05:30,1009.9,15,1003.3,9374342,272665.0,346038.0,986.2,1012.8,981.3,986.2,120746250,1084.8,887.6,1102.5,649.1,1009.8,1036,5,1009.7,4,1,1009.6,225,2,1009.5,996,11,1009.4,1033,9,1009.9,1035,5,1010.0,1463,14,1010.1,2178,7,1010.2,1367,10,1010.3,1485,7
317,2025-11-26 15:22:47+05:30,1009.9,6,1003.3,9374342,272665.0,346038.0,986.2,1012.8,981.3,986.2,120746250,1084.8,887.6,1102.5,649.1,1009.8,1036,5,1009.7,4,1,1009.6,225,2,1009.5,996,11,1009.4,1033,9,1009.9,1035,5,1010.0,1463,14,1010.1,2178,7,1010.2,1367,10,1010.3,1485,7
317,2025-11-26 15:22:47+05:30,1009.9,6,1003.3,9375929,272495.0,343821.0,986.2,1012.8,981.3,986.2,120746250,1084.8,887.6,1102.5,649.1,1009.8,957,6,1009.7,272,5,1009.6,528,5,1009.5,1268,13,1009.4,1388,10,1009.9,10,2,1010.0,1297,12,1010.1,1306,2,1010.2,220,2,1010.3,1101,9
317,2025-11-26 15:22:48+05:30,1009.9,1,1003.3,9375929,272495.0,343821.0,986.2,1012.8,981.3,986.2,120746250,1084.8,887.6,1102.5,649.1,1009.8,957,6,1009.7,272,5,1009.6,528,5,1009.5,1268,13,1009.4,1388,10,1009.9,10,2,1010.0,1297,12,1010.1,1306,2,1010.2,220,2,1010.3,1101,9
317,2025-11-26 15:22:48+05:30,1009.9,1,1003.3,9377243,272764.0,345138.0,986.2,1012.8,981.3,986.2,120746250,1084.8,887.6,1102.5,649.1,1009.8,761,2,1009.7,180,5,1009.6,143,3,1009.5,818,8,1009.4,843,9,1009.9,602,3,1010.0,1297,12,1010.1,1996,6,1010.2,849,7,1010.3,2208,10
317,2025-11-26 15:22:49+05:30,1009.9,2,1003.3,9377243,272764.0,345138.0,986.2,1012.8,981.3,986.2,120746250,1084.8,887.6,1102.5,649.1,1009.8,761,2,1009.7,180,5,1009.6,143,3,1009.5,818,8,1009.4,843,9,1009.9,602,3,1010.0,1297,12,1010.1,1996,6,1010.2,849,7,1010.3,2208,10
317,2025-11-26 15:22:49+05:30,1009.9,2,1003.3,9378742,271922.0,344705.0,986.2,1012.8,981.3,986.2,120746250,1084.8,887.6,1102.5,649.1,1009.8,15,2,1009.7,30,3,1009.6,76,3,1009.5,975,9,1009.4,1118,11,1009.9,590,1,1010.0,1360,14,1010.1,1908,5,1010.2,844,7,1010.3,2127,8
317,2025-11-26 15:22:50+05:30,1009.8,3,1003.3,9378742,271922.0,344705.0,986.2,1012.8,981.3,986.2,120746250,1084.8,887.6,1102.5,649.1,1009.8,15,2,1009.7,30,3,1009.6,76,3,1009.5,975,9,1009.4,1118,11,1009.9,590,1,1010.0,1360,14,1010.1,1908,5,1010.2,844,7,1010.3,2127,8
317,2025-11-26 15:22:50+05:30,1009.9,2,1003.3,9378800,271919.0,346570.0,986.2,1012.8,981.3,986.2,120746250,1084.8,887.6,1102.5,649.1,1009.8,28,2,1009.7,87,4,1009.6,76,3,1009.5,975,9,1009.4,915,10,1009.9,536,2,1010.0,1456,15,1010.1,2314,8,1010.2,2453,10,1010.3,1833,8
317,2025-11-26 15:22:51+05:30,1009.9,10,1003.3,9378800,271919.0,346570.0,986.2,1012.8,981.3,986.2,120746250,1084.8,887.6,1102.5,649.1,1009.8,28,2,1009.7,87,4,1009.6,76,3,1009.5,975,9,1009.4,915,10,1009.9,536,2,1010.0,1456,15,1010.1,2314,8,1010.2,2453,10,1010.3,1833,8
317,2025-11-26 15:22:51+05:30,1009.9,10,1003.3,9378838,272314.0,346108.0,986.2,1012.8,981.3,986.2,120746250,1084.8,887.6,1102.5,649.1,1009.8,31,3,1009.7,162,5,1009.6,307,5,1009.5,975,9,1009.4,915,10,1009.9,917,4,1010.0,714,13,1010.1,2419,8,1010.2,2453,10,1010.3,1627,7
317,2025-11-26 15:22:52+05:30,1009.9,222,1003.3,9378838,272314.0,346108.0,986.2,1012.8,981.3,986.2,120746250,1084.8,887.6,1102.5,649.1,1009.8,31,3,1009.7,162,5,1009.6,307,5,1009.5,975,9,1009.4,915,10,1009.9,917,4,1010.0,714,13,1010.1,2419,8,1010.2,2453,10,1010.3,1627,7
317,2025-11-26 15:22:52+05:30,1009.8,2,1003.31,9380407,272598.0,345177.0,986.2,1012.8,981.3,986.2,120746250,1084.8,887.6,1102.5,649.1,1009.7,1216,8,1009.6,842,9,1009.5,1023,9,1009.4,904,9,1009.3,1109,11,1009.9,1027,6,1010.0,600,11,1010.1,1255,2,1010.2,1595,4,1010.3,2169,11
317,2025-11-26 15:22:53+05:30,1009.8,2,1003.31,9380407,272598.0,345177.0,986.2,1012.8,981.3,986.2,120746250,1084.8,887.6,1102.5,649.1,1009.7,1216,8,1009.6,842,9,1009.5,1023,9,1009.4,904,9,1009.3,1109,11,1009.9,1027,6,1010.0,600,11,1010.1,1255,2,1010.2,1595,4,1010.3,2169,11
317,2025-11-26 15:22:53+05:30,1009.8,2,1003.31,9380407,273134.0,346041.0,986.2,1012.8,981.3,986.2,120746250,1084.8,887.6,1102.5,649.1,1009.7,1126,7,1009.6,633,8,1009.5,1023,9,1009.4,833,8,1009.3,1189,12,1009.8,1,1,1009.9,1058,7,1010.0,577,11,1010.1,1255,2,1010.2,1608,5
317,2025-11-26 15:22:54+05:30,1009.8,2,1003.31,9380407,273134.0,346041.0,986.2,1012.8,981.3,986.2,120746250,1084.8,887.6,1102.5,649.1,1009.7,1126,7,1009.6,633,8,1009.5,1023,9,1009.4,833,8,1009.3,1189,12,1009.8,1,1,1009.9,1058,7,1010.0,577,11,1010.1,1255,2,1010.2,1608,5
317,2025-11-26 15:22:54+05:30,1010.0,3,1003.31,9383074,274348.0,343794.0,986.2,1012.8,981.3,986.2,120746250,1084.8,887.6,1102.5,649.1,1009.9,1264,4,1009.8,171,5,1009.7,850,10,1009.6,856,10,1009.5,1164,13,1010.0,836,12,1010.1,1281,2,1010.2,1096,1,1010.3,153,1,1010.4,834,7
317,2025-11-26 15:22:55+05:30,1010.0,3,1003.31,9383074,274348.0,343794.0,986.2,1012.8,981.3,986.2,120746250,1084.8,887.6,1102.5,649.1,1009.9,1264,4,1009.8,171,5,1009.7,850,10,1009.6,856,10,1009.5,1164,13,1010.0,836,12,1010.1,1281,2,1010.2,1096,1,1010.3,153,1,1010.4,834,7
317,2025-11-26 15:22:56+05:30,1010.0,2,1003.31,9383579,273132.0,344498.0,986.2,1012.8,981.3,986.2,120746250,1084.8,887.6,1102.5,649.1,1009.9,640,5,1009.8,111,5,1009.7,637,9,1009.6,827,8,1009.5,1221,12,1010.0,913,11,1010.1,1281,2,1010.2,1197,3,1010.3,1105,8,1010.4,2071,8
317,2025-11-26 15:22:56+05:30,1009.9,2,1003.31,9383579,273132.0,344498.0,986.2,1012.8,981.3,986.2,120746250,1084.8,887.6,1102.5,649.1,1009.9,640,5,1009.8,111,5,1009.7,637,9,1009.6,827,8,1009.5,1221,12,1010.0,913,11,1010.1,1281,2,1010.2,1197,3,1010.3,1105,8,1010.4,2071,8
317,2025-11-26 15:22:57+05:30,1010.0,4,1003.31,9383833,273245.0,344850.0,986.2,1012.8,981.3,986.2,120746250,1084.8,887.6,1102.5,649.1,1009.9,1045,7,1009.8,110,4,1009.7,413,8,1009.6,827,8,1009.5,1247,14,1010.0,737,11,1010.1,1281,2,1010.2,1309,3,1010.3,583,5,1010.4,2079,8
317,2025-11-26 15:22:57+05:30,1010.0,4,1003.31,9383833,273245.0,344850.0,986.2,1012.8,981.3,986.2,120746250,1084.8,887.6,1102.5,649.1,1009.9,1045,7,1009.8,110,4,1009.7,413,8,1009.6,827,8,1009.5,1247,14,1010.0,737,11,1010.1,1281,2,1010.2,1309,3,1010.3,583,5,1010.4,2079,8
317,2025-11-26 15:22:58+05:30,1010.0,33,1003.31,9383833,273245.0,344850.0,986.2,1012.8,981.3,986.2,120746250,1084.8,887.6,1102.5,649.1,1009.9,1045,7,1009.8,110,4,1009.7,413,8,1009.6,827,8,1009.5,1247,14,1010.0,737,11,1010.1,1281,2,1010.2,1309,3,1010.3,583,5,1010.4,2079,8
317,2025-11-26 15:22:58+05:30,1010.0,33,1003.31,9386697,271466.0,345731.0,986.2,1012.8,981.3,986.2,120746250,1084.8,887.6,1102.5,649.1,1009.9,20,1,1009.8,766,3,1009.7,55,4,1009.6,709,6,1009.5,1130,10,1010.0,754,9,1010.1,1470,4,1010.2,1859,5,1010.3,1399,8,1010.4,1981,10
317,2025-11-26 15:22:59+05:30,1010.0,3,1003.31,9387207,272319.0,345372.0,986.2,1012.8,981.3,986.2,120746250,1084.8,887.6,1102.5,649.1,1009.9,267,1,1009.8,29,2,1009.7,55,4,1009.6,1349,8,1009.5,996,10,1010.0,451,10,1010.1,1281,2,1010.2,1859,5,1010.3,899,7,1010.4,2290,11
317,2025-11-26 15:22:59+05:30,1010.0,3,1003.31,9387207,272319.0,345372.0,986.2,1012.8,981.3,986.2,120746250,1084.8,887.6,1102.5,649.1,1009.9,267,1,1009.8,29,2,1009.7,55,4,1009.6,1349,8,1009.5,996,10,1010.0,451,10,1010.1,1281,2,1010.2,1859,5,1010.3,899,7,1010.4,2290,11
317,2025-11-26 15:23:00+05:30,1009.9,197,1003.31,9388423,273401.0,346486.0,986.2,1012.8,981.3,986.2,120746250,1084.8,887.6,1102.5,649.1,1009.9,1001,4,1009.8,77,3,1009.7,173,3,1009.6,1173,10,1009.5,2509,13,1010.0,1122,12,1010.1,1374,3,1010.2,1787,6,1010.3,1113,8,1010.4,2290,11
317,2025-11-26 15:23:00+05:30,1009.9,9,1003.31,9388423,273401.0,346486.0,986.2,1012.8,981.3,986.2,120746250,1084.8,887.6,1102.5,649.1,1009.9,1001,4,1009.8,77,3,1009.7,173,3,1009.6,1173,10,1009.5,2509,13,1010.0,1122,12,1010.1,1374,3,1010.2,1787,6,1010.3,1113,8,1010.4,2290,11
317,2025-11-26 15:23:01+05:30,1009.9,1,1003.31,9388423,273401.0,346486.0,986.2,1012.8,981.3,986.2,120746250,1084.8,887.6,1102.5,649.1,1009.9,1001,4,1009.8,77,3,1009.7,173,3,1009.6,1173,10,1009.5,2509,13,1010.0,1122,12,1010.1,1374,3,1010.2,1787,6,1010.3,1113,8,1010.4,2290,11
317,2025-11-26 15:23:01+05:30,1009.9,1,1003.31,9388537,273413.0,346315.0,986.2,1012.8,981.3,986.2,120746250,1084.8,887.6,1102.5,649.1,1009.9,928,4,1009.8,77,3,1009.7,244,4,1009.6,1173,10,1009.5,2522,14,1010.0,1123,12,1010.1,1281,2,1010.2,1906,6,1010.3,1399,8,1010.4,1790,10
317,2025-11-26 15:23:02+05:30,1009.9,24,1003.31,9388537,273413.0,346315.0,986.2,1012.8,981.3,986.2,120746250,1084.8,887.6,1102.5,649.1,1009.9,928,4,1009.8,77,3,1009.7,244,4,1009.6,1173,10,1009.5,2522,14,1010.0,1123,12,1010.1,1281,2,1010.2,1906,6,1010.3,1399,8,1010.4,1790,10
317,2025-11-26 15:23:02+05:30,1009.9,24,1003.31,9388571,273349.0,346392.0,986.2,1012.8,981.3,986.2,120746250,1084.8,887.6,1102.5,649.1,1009.9,906,7,1009.8,77,3,1009.7,244,4,1009.6,944,8,1009.5,2739,15,1010.0,1123,12,1010.1,1378,4,1010.2,1689,5,1010.3,1617,9,1010.4,1790,10
317,2025-11-26 15:23:03+05:30,1009.9,2,1003.31,9388571,273349.0,346392.0,986.2,1012.8,981.3,986.2,120746250,1084.8,887.6,1102.5,649.1,1009.9,906,7,1009.8,77,3,1009.7,244,4,1009.6,944,8,1009.5,2739,15,1010.0,1123,12,1010.1,1378,4,1010.2,1689,5,1010.3,1617,9,1010.4,1790,10
317,2025-11-26 15:23:03+05:30,1009.9,2,1003.31,9388608,272548.0,346590.0,986.2,1012.8,981.3,986.2,120746250,1084.8,887.6,1102.5,649.1,1009.9,904,7,1009.8,202,4,1009.7,87,3,1009.6,944,8,1009.5,2582,14,1010.0,1281,14,1010.1,1309,4,1010.2,1905,6,1010.3,1615,9,1010.4,1772,9
317,2025-11-26 15:23:04+05:30,1010.0,3,1003.31,9388608,272548.0,346590.0,986.2,1012.8,981.3,986.2,120746250,1084.8,887.6,1102.5,649.1,1009.9,904,7,1009.8,202,4,1009.7,87,3,1009.6,944,8,1009.5,2582,14,1010.0,1281,14,1010.1,1309,4,1010.2,1905,6,1010.3,1615,9,1010.4,1772,9
317,2025-11-26 15:23:04+05:30,1010.0,3,1003.31,9388709,272545.0,346742.0,986.2,1012.8,981.3,986.2,120746250,1084.8,887.6,1102.5,649.1,1009.9,1070,13,1009.8,154,3,1009.7,16,2,1009.6,1165,9,1009.5,2365,13,1010.0,1278,14,1010.1,1402,5,1010.2,1685,5,1010.3,1615,9,1010.4,1994,10
317,2025-11-26 15:23:05+05:30,1010.0,8,1003.31,9388709,272545.0,346742.0,986.2,1012.8,981.3,986.2,120746250,1084.8,887.6,1102.5,649.1,1009.9,1070,13,1009.8,154,3,1009.7,16,2,1009.6,1165,9,1009.5,2365,13,1010.0,1278,14,1010.1,1402,5,1010.2,1685,5,1010.3,1615,9,1010.4,1994,10
317,2025-11-26 15:23:05+05:30,1010.0,1,1003.31,9388735,272686.0,346659.0,986.2,1012.8,981.3,986.2,120746250,1084.8,887.6,1102.5,649.1,1009.9,1181,14,1009.8,154,3,1009.7,16,2,1009.6,1165,9,1009.5,2365,13,1010.0,1310,14,1010.1,1309,4,1010.2,1685,5,1010.3,1615,9,1010.4,1772,9
317,2025-11-26 15:23:06+05:30,1010.0,2,1003.31,9388735,272686.0,346659.0,986.2,1012.8,981.3,986.2,120746250,1084.8,887.6,1102.5,649.1,1009.9,1181,14,1009.8,154,3,1009.7,16,2,1009.6,1165,9,1009.5,2365,13,1010.0,1310,14,1010.1,1309,4,1010.2,1685,5,1010.3,1615,9,1010.4,1772,9
317,2025-11-26 15:23:06+05:30,1010.0,2,1003.31,9388745,272894.0,346896.0,986.2,1012.8,981.3,986.2,120746250,1084.8,887.6,1102.5,649.1,1009.9,1671,15,1009.8,154,3,1009.7,16,2,1009.6,1165,9,1009.5,2365,13,1010.0,1304,14,1010.1,1565,5,1010.2,1685,5,1010.3,1615,9,1010.4,1772,9
317,2025-11-26 15:23:07+05:30,1010.0,4,1003.31,9388745,272894.0,346896.0,986.2,1012.8,981.3,986.2,120746250,1084.8,887.6,1102.5,649.1,1009.9,1671,15,1009.8,154,3,1009.7,16,2,1009.6,1165,9,1009.5,2365,13,1010.0,1304,14,1010.1,1565,5,1010.2,1685,5,1010.3,1615,9,1010.4,1772,9
317,2025-11-26 15:23:07+05:30,1010.0,4,1003.31,9390068,272637.0,345638.0,986.2,1012.8,981.3,986.2,120746250,1084.8,887.6,1102.5,649.1,1009.9,1166,13,1009.8,201,4,1009.7,158,4,1009.6,1168,9,1009.5,2436,14,1010.0,948,12,1010.1,1565,5,1010.2,1561,4,1010.3,738,6,1010.4,2188,8
317,2025-11-26 15:23:08+05:30,1009.9,1,1003.31,9390068,272637.0,345638.0,986.2,1012.8,981.3,986.2,120746250,1084.8,887.6,1102.5,649.1,1009.9,1166,13,1009.8,201,4,1009.7,158,4,1009.6,1168,9,1009.5,2436,14,1010.0,948,12,1010.1,1565,5,1010.2,1561,4,1010.3,738,6,1010.4,2188,8
317,2025-11-26 15:23:08+05:30,1009.9,1,1003.31,9391315,272286.0,346065.0,986.2,1012.8,981.3,986.2,120746250,1084.8,887.6,1102.5,649.1,1009.9,909,8,1009.8,201,4,1009.7,16,2,1009.6,944,8,1009.5,2660,15,1010.0,1140,13,1010.1,1658,6,1010.2,1848,7,1010.3,1584,9,1010.4,1688,7
317,2025-11-26 15:23:09+05:30,1009.9,639,1003.31,9391315,272286.0,346065.0,986.2,1012.8,981.3,986.2,120746250,1084.8,887.6,1102.5,649.1,1009.9,909,8,1009.8,201,4,1009.7,16,2,1009.6,944,8,1009.5,2660,15,1010.0,1140,13,1010.1,1658,6,1010.2,1848,7,1010.3,1584,9,1010.4,1688,7
317,2025-11-26 15:23:09+05:30,1009.9,639,1003.31,9392086,272016.0,346201.0,986.2,1012.8,981.3,986.2,120746250,1084.8,887.6,1102.5,649.1,1009.9,271,8,1009.8,201,4,1009.7,216,3,1009.6,1661,9,1009.5,2340,14,1010.0,1139,14,1010.1,1567,6,1010.2,2074,8,1010.3,1586,9,1010.4,1688,7
317,2025-11-26 15:23:10+05:30,1009.9,5,1003.31,9392086,272016.0,346201.0,986.2,1012.8,981.3,986.2,120746250,1084.8,887.6,1102.5,649.1,1009.9,271,8,1009.8,201,4,1009.7,216,3,1009.6,1661,9,1009.5,2340,14,1010.0,1139,14,1010.1,1567,6,1010.2,2074,8,1010.3,1586,9,1010.4,1688,7
317,2025-11-26 15:23:10+05:30,1009.9,5,1003.31,9392228,271631.0,346214.0,986.2,1012.8,981.3,986.2,120746250,1084.8,887.6,1102.5,649.1,1009.9,155,6,1009.8,220,5,1009.7,216,3,1009.6,1307,8,1009.5,2406,14,1010.0,1151,16,1010.1,1575,7,1010.2,2300,9,1010.3,1360,8,1010.4,1688,7
317,2025-11-26 15:23:11+05:30,1009.9,166,1003.31,9392228,271631.0,346214.0,986.2,1012.8,981.3,986.2,120746250,1084.8,887.6,1102.5,649.1,1009.9,155,6,1009.8,220,5,1009.7,216,3,1009.6,1307,8,1009.5,2406,14,1010.0,1151,16,1010.1,1575,7,1010.2,2300,9,1010.3,1360,8,1010.4,1688,7
317,2025-11-26 15:23:11+05:30,1009.9,166,1003.31,9393728,272062.0,345370.0,986.2,1012.8,981.3,986.2,120746250,1084.8,887.6,1102.5,649.1,1009.9,589,2,1009.8,220,5,1009.7,216,3,1009.6,723,7,1009.5,2095,11,1010.0,539,11,1010.1,1668,8,1010.2,2074,8,1010.3,1360,8,1010.4,1986,9
317,2025-11-26 15:23:12+05:30,1010.0,50,1003.32,9393778,272089.0,345955.0,986.2,1012.8,981.3,986.2,120746250,1084.8,887.6,1102.5,649.1,1009.9,603,4,1009.8,220,5,1009.7,216,3,1009.6,723,7,1009.5,2108,12,1010.0,759,15,1010.1,1708,9,1010.2,2301,9,1010.3,1360,8,1010.4,1759,8
317,2025-11-26 15:23:13+05:30,1010.0,32,1003.32,9393778,272089.0,345955.0,986.2,1012.8,981.3,986.2,120746250,1084.8,887.6,1102.5,649.1,1009.9,603,4,1009.8,220,5,1009.7,216,3,1009.6,723,7,1009.5,2108,12,1010.0,759,15,1010.1,1708,9,1010.2,2301,9,1010.3,1360,8,1010.4,1759,8
317,2025-11-26 15:23:13+05:30,1010.0,4,1003.32,9394034,272591.0,345575.0,986.2,1012.8,981.3,986.2,120746250,1084.8,887.6,1102.5,649.1,1009.9,1232,6,1009.8,220,5,1009.7,765,8,1009.6,970,9,1009.5,2108,12,1010.0,600,14,1010.1,1425,6,1010.2,1655,5,1010.3,1088,8,1010.4,2257,9
317,2025-11-26 15:23:14+05:30,1010.0,2,1003.32,9394034,272591.0,345575.0,986.2,1012.8,981.3,986.2,120746250,1084.8,887.6,1102.5,649.1,1009.9,1232,6,1009.8,220,5,1009.7,765,8,1009.6,970,9,1009.5,2108,12,1010.0,600,14,1010.1,1425,6,1010.2,1655,5,1010.3,1088,8,1010.4,2257,9
317,2025-11-26 15:23:14+05:30,1010.0,2,1003.32,9394123,272511.0,345764.0,986.2,1012.8,981.3,986.2,120746250,1084.8,887.6,1102.5,649.1,1009.9,1152,5,1009.8,220,5,1009.7,765,8,1009.6,970,9,1009.5,2108,12,1010.0,590,14,1010.1,1518,7,1010.2,1753,6,1010.3,1088,8,1010.4,2257,9
317,2025-11-26 15:23:15+05:30,1010.0,13,1003.32,9394123,272511.0,345764.0,986.2,1012.8,981.3,986.2,120746250,1084.8,887.6,1102.5,649.1,1009.9,1152,5,1009.8,220,5,1009.7,765,8,1009.6,970,9,1009.5,2108,12,1010.0,590,14,1010.1,1518,7,1010.2,1753,6,1010.3,1088,8,1010.4,2257,9
317,2025-11-26 15:23:15+05:30,1009.9,9,1003.32,9394176,272731.0,345847.0,986.2,1012.8,981.3,986.2,120746250,1084.8,887.6,1102.5,649.1,1009.9,1115,5,1009.8,205,4,1009.7,633,6,1009.6,985,10,1009.5,2214,13,1010.0,603,17,1010.1,1518,7,1010.2,2202,8,1010.3,861,7,1010.4,2257,9
317,2025-11-26 15:23:16+05:30,1010.0,9,1003.32,9394176,272731.0,345847.0,986.2,1012.8,981.3,986.2,120746250,1084.8,887.6,1102.5,649.1,1009.9,1115,5,1009.8,205,4,1009.7,633,6,1009.6,985,10,1009.5,2214,13,1010.0,603,17,1010.1,1518,7,1010.2,2202,8,1010.3,861,7,1010.4,2257,9
317,2025-11-26 15:23:16+05:30,1010.0,22,1003.32,9395437,272758.0,345049.0,986.2,1012.8,981.3,986.2,120746250,1084.8,887.6,1102.5,649.1,1009.9,791,7,1009.8,205,4,1009.7,621,6,1009.6,1210,11,1009.5,947,13,1010.0,90,5,1010.1,1459,4,1010.2,1315,5,1010.3,1205,9,1010.4,2181,8
317,2025-11-26 15:23:17+05:30,1010.0,1,1003.32,9395437,272758.0,345049.0,986.2,1012.8,981.3,986.2,120746250,1084.8,887.6,1102.5,649.1,1009.9,791,7,1009.8,205,4,1009.7,621,6,1009.6,1210,11,1009.5,947,13,1010.0,90,5,1010.1,1459,4,1010.2,1315,5,1010.3,1205,9,1010.4,2181,8
317,2025-11-26 15:23:17+05:30,1010.0,100,1003.32,9400140,272934.0,343610.0,986.2,1012.8,981.3,986.2,120746250,1084.8,887.6,1102.5,649.1,1010.0,448,1,1009.9,326,7,1009.8,294,5,1009.7,1108,8,1009.6,1012,12,1010.1,616,3,1010.2,1193,3,1010.3,386,5,1010.4,1707,8,1010.5,1421,10
317,2025-11-26 15:23:18+05:30,1010.0,9,1003.32,9400140,272934.0,343610.0,986.2,1012.8,981.3,986.2,120746250,1084.8,887.6,1102.5,649.1,1010.0,448,1,1009.9,326,7,1009.8,294,5,1009.7,1108,8,1009.6,1012,12,1010.1,616,3,1010.2,1193,3,1010.3,386,5,1010.4,1707,8,1010.5,1421,10
317,2025-11-26 15:23:18+05:30,1009.7,33,1003.32,9401645,271746.0,344526.0,986.2,1012.8,981.3,986.2,120746250,1084.8,887.6,1102.5,649.1,1010.0,751,2,1009.7,695,6,1009.6,1230,13,1009.5,2326,11,1009.4,1308,9,1010.1,570,5,1010.2,1100,2,1010.3,923,7,1010.4,1943,11,1010.5,921,9
317,2025-11-26 15:23:19+05:30,1010.1,5,1003.32,9401645,271746.0,344526.0,986.2,1012.8,981.3,986.2,120746250,1084.8,887.6,1102.5,649.1,1010.0,751,2,1009.7,695,6,1009.6,1230,13,1009.5,2326,11,1009.4,1308,9,1010.1,570,5,1010.2,1100,2,1010.3,923,7,1010.4,1943,11,1010.5,921,9
317,2025-11-26 15:23:19+05:30,1010.0,3,1003.32,9401665,273276.0,344896.0,986.2,1012.8,981.3,986.2,120746250,1084.8,887.6,1102.5,649.1,1010.0,1423,5,1009.8,863,6,1009.7,1136,8,1009.6,790,11,1009.5,2482,13,1010.1,563,5,1010.2,1100,2,1010.3,596,5,1010.4,1667,11,1010.5,2171,11
317,2025-11-26 15:23:20+05:30,1010.1,1,1003.32,9401665,273276.0,344896.0,986.2,1012.8,981.3,986.2,120746250,1084.8,887.6,1102.5,649.1,1010.0,1423,5,1009.8,863,6,1009.7,1136,8,1009.6,790,11,1009.5,2482,13,1010.1,563,5,1010.2,1100,2,1010.3,596,5,1010.4,1667,11,1010.5,2171,11
317,2025-11-26 15:23:20+05:30,1010.3,5,1003.32,9404377,274081.0,342152.0,986.2,1012.8,981.3,986.2,120746250,1084.8,887.6,1102.5,649.1,1010.2,804,3,1010.1,702,7,1010.0,1395,11,1009.9,621,8,1009.8,1598,12,1010.3,1550,1,1010.4,64,2,1010.5,11,2,1010.6,418,4,1010.7,1156,6
317,2025-11-26 15:23:21+05:30,1010.2,2,1003.32,9404377,274081.0,342152.0,986.2,1012.8,981.3,986.2,120746250,1084.8,887.6,1102.5,649.1,1010.2,804,3,1010.1,702,7,1010.0,1395,11,1009.9,621,8,1009.8,1598,12,1010.3,1550,1,1010.4,64,2,1010.5,11,2,1010.6,418,4,1010.7,1156,6
317,2025-11-26 15:23:21+05:30,1010.4,2,1003.32,9406629,272741.0,340376.0,986.2,1012.8,981.3,986.2,120746250,1084.8,887.6,1102.5,649.1,1010.3,52,1,1010.2,663,5,1010.1,527,8,1010.0,1477,14,1009.9,808,12,1010.4,58,1,1010.5,15,3,1010.6,54,3,1010.7,571,3,1010.8,566,6
317,2025-11-26 15:23:22+05:30,1010.4,2,1003.32,9406629,272741.0,340376.0,986.2,1012.8,981.3,986.2,120746250,1084.8,887.6,1102.5,649.1,1010.3,52,1,1010.2,663,5,1010.1,527,8,1010.0,1477,14,1009.9,808,12,1010.4,58,1,1010.5,15,3,1010.6,54,3,1010.7,571,3,1010.8,566,6
317,2025-11-26 15:23:23+05:30,1010.3,1,1003.32,9407147,272802.0,341359.0,986.2,1012.8,981.3,986.2,120746250,1084.8,887.6,1102.5,649.1,1010.3,108,4,1010.2,975,5,1010.1,526,7,1010.0,1040,13,1009.9,894,8,1010.6,415,6,1010.7,865,5,1010.8,1403,9,1010.9,800,9,1011.0,3169,27
317,2025-11-26 15:23:23+05:30,1010.3,1,1003.32,9407147,272802.0,341359.0,986.2,1012.8,981.3,986.2,120746250,1084.8,887.6,1102.5,649.1,1010.3,108,4,1010.2,975,5,1010.1,526,7,1010.0,1040,13,1009.9,894,8,1010.6,415,6,1010.7,865,5,1010.8,1403,9,1010.9,800,9,1011.0,3169,27
317,2025-11-26 15:23:24+05:30,1010.5,3,1003.33,9408313,272408.0,342631.0,986.2,1012.8,981.3,986.2,120746250,1084.8,887.6,1102.5,649.1,1010.3,26,1,1010.2,795,3,1010.1,78,3,1010.0,971,9,1009.9,631,9,1010.5,462,4,1010.6,1501,14,1010.7,1204,7,1010.8,1403,9,1010.9,1798,15
317,2025-11-26 15:23:24+05:30,1010.5,3,1003.33,9408313,272408.0,342631.0,986.2,1012.8,981.3,986.2,120746250,1084.8,887.6,1102.5,649.1,1010.3,26,1,1010.2,795,3,1010.1,78,3,1010.0,971,9,1009.9,631,9,1010.5,462,4,1010.6,1501,14,1010.7,1204,7,1010.8,1403,9,1010.9,1798,15
317,2025-11-26 15:23:24+05:30,1010.5,3,1003.33,9408313,272408.0,342631.0,986.2,1012.8,981.3,986.2,120746250,1084.8,887.6,1102.5,649.1,1010.3,26,1,1010.2,795,3,1010.1,78,3,1010.0,971,9,1009.9,631,9,1010.5,462,4,1010.6,1501,14,1010.7,1204,7,1010.8,1403,9,1010.9,1798,15
317,2025-11-26 15:23:25+05:30,1010.4,1,1003.33,9408313,272408.0,342631.0,986.2,1012.8,981.3,986.2,120746250,1084.8,887.6,1102.5,649.1,1010.3,26,1,1010.2,795,3,1010.1,78,3,1010.0,971,9,1009.9,631,9,1010.5,462,4,1010.6,1501,14,1010.7,1204,7,1010.8,1403,9,1010.9,1798,15
317,2025-11-26 15:23:25+05:30,1010.4,1,1003.33,9409173,272452.0,342171.0,986.2,1012.8,981.3,986.2,120746250,1084.8,887.6,1102.5,649.1,1010.3,24,2,1010.2,805,5,1010.1,78,3,1010.0,1013,10,1009.9,672,8,1010.4,163,1,1010.5,268,3,1010.6,1761,16,1010.7,942,7,1010.8,1403,9
317,2025-11-26 15:23:25+05:30,1010.4,1,1003.33,9409173,272452.0,342171.0,986.2,1012.8,981.3,986.2,120746250,1084.8,887.6,1102.5,649.1,1010.3,24,2,1010.2,805,5,1010.1,78,3,1010.0,1013,10,1009.9,672,8,1010.4,163,1,1010.5,268,3,1010.6,1761,16,1010.7,942,7,1010.8,1403,9
317,2025-11-26 15:23:26+05:30,1010.4,4,1003.33,9410102,271286.0,341171.0,986.2,1012.8,981.3,986.2,120746250,1084.8,887.6,1102.5,649.1,1010.3,46,4,1010.2,165,6,1010.1,78,3,1010.0,995,8,1009.9,667,7,1010.5,171,1,1010.6,777,11,1010.7,841,6,1010.8,1464,9,1010.9,1528,14
317,2025-11-26 15:23:26+05:30,1010.4,4,1003.33,9410102,271286.0,341171.0,986.2,1012.8,981.3,986.2,120746250,1084.8,887.6,1102.5,649.1,1010.3,46,4,1010.2,165,6,1010.1,78,3,1010.0,995,8,1009.9,667,7,1010.5,171,1,1010.6,777,11,1010.7,841,6,1010.8,1464,9,1010.9,1528,14
317,2025-11-26 15:23:26+05:30,1010.4,4,1003.33,9410102,271286.0,341171.0,986.2,1012.8,981.3,986.2,120746250,1084.8,887.6,1102.5,649.1,1010.3,46,4,1010.2,165,6,1010.1,78,3,1010.0,995,8,1009.9,667,7,1010.5,171,1,1010.6,777,11,1010.7,841,6,1010.8,1464,9,1010.9,1528,14
317,2025-11-26 15:23:27+05:30,1010.7,5,1003.33,9410102,271286.0,341171.0,986.2,1012.8,981.3,986.2,120746250,1084.8,887.6,1102.5,649.1,1010.3,46,4,1010.2,165,6,1010.1,78,3,1010.0,995,8,1009.9,667,7,1010.5,171,1,1010.6,777,11,1010.7,841,6,1010.8,1464,9,1010.9,1528,14
317,2025-11-26 15:23:27+05:30,1010.7,5,1003.33,9411024,271851.0,340009.0,986.2,1012.8,981.3,986.2,120746250,1084.8,887.6,1102.5,649.1,1010.3,103,6,1010.2,312,6,1010.1,654,8,1010.0,1146,11,1009.9,1524,12,1010.7,334,5,1010.8,1201,9,1010.9,1719,13,1011.0,2961,25,1011.1,977,10
317,2025-11-26 15:23:27+05:30,1010.7,5,1003.33,9411024,271851.0,340009.0,986.2,1012.8,981.3,986.2,120746250,1084.8,887.6,1102.5,649.1,1010.3,103,6,1010.2,312,6,1010.1,654,8,1010.0,1146,11,1009.9,1524,12,1010.7,334,5,1010.8,1201,9,1010.9,1719,13,1011.0,2961,25,1011.1,977,10
317,2025-11-26 15:23:28+05:30,1010.7,5,1003.33,9411024,271851.0,340009.0,986.2,1012.8,981.3,986.2,120746250,1084.8,887.6,1102.5,649.1,1010.3,103,6,1010.2,312,6,1010.1,654,8,1010.0,1146,11,1009.9,1524,12,1010.7,334,5,1010.8,1201,9,1010.9,1719,13,1011.0,2961,25,1011.1,977,10
317,2025-11-26 15:23:28+05:30,1010.5,33,1003.33,9411024,271851.0,340009.0,986.2,1012.8,981.3,986.2,120746250,1084.8,887.6,1102.5,649.1,1010.3,103,6,1010.2,312,6,1010.1,654,8,1010.0,1146,11,1009.9,1524,12,1010.7,334,5,1010.8,1201,9,1010.9,1719,13,1011.0,2961,25,1011.1,977,10
317,2025-11-26 15:23:28+05:30,1010.5,33,1003.33,9411024,271851.0,340009.0,986.2,1012.8,981.3,986.2,120746250,1084.8,887.6,1102.5,649.1,1010.3,103,6,1010.2,312,6,1010.1,654,8,1010.0,1146,11,1009.9,1524,12,1010.7,334,5,1010.8,1201,9,1010.9,1719,13,1011.0,2961,25,1011.1,977,10
317,2025-11-26 15:23:28+05:30,1010.5,15,1003.33,9411509,272427.0,340990.0,986.2,1012.8,981.3,986.2,120746250,1084.8,887.6,1102.5,649.1,1010.3,149,5,1010.2,135,3,1010.1,858,9,1010.0,1092,13,1009.9,1366,10,1010.5,271,2,1010.7,1143,7,1010.8,1188,10,1010.9,954,10,1011.0,2890,24
317,2025-11-26 15:23:28+05:30,1010.5,15,1003.33,9411509,272427.0,340990.0,986.2,1012.8,981.3,986.2,120746250,1084.8,887.6,1102.5,649.1,1010.3,149,5,1010.2,135,3,1010.1,858,9,1010.0,1092,13,1009.9,1366,10,1010.5,271,2,1010.7,1143,7,1010.8,1188,10,1010.9,954,10,1011.0,2890,24
317,2025-11-26 15:23:29+05:30,1010.5,15,1003.33,9411509,272427.0,340990.0,986.2,1012.8,981.3,986.2,120775500,1084.8,887.6,1102.5,649.1,1010.3,149,5,1010.2,135,3,1010.1,858,9,1010.0,1092,13,1009.9,1366,10,1010.5,271,2,1010.7,1143,7,1010.8,1188,10,1010.9,954,10,1011.0,2890,24
317,2025-11-26 15:23:29+05:30,1010.5,1,1003.33,9411509,272427.0,340990.0,986.2,1012.8,981.3,986.2,120775500,1084.8,887.6,1102.5,649.1,1010.3,149,5,1010.2,135,3,1010.1,858,9,1010.0,1092,13,1009.9,1366,10,1010.5,271,2,1010.7,1143,7,1010.8,1188,10,1010.9,954,10,1011.0,2890,24
317,2025-11-26 15:23:29+05:30,1010.5,1,1003.33,9411509,272427.0,340990.0,986.2,1012.8,981.3,986.2,120775500,1084.8,887.6,1102.5,649.1,1010.3,149,5,1010.2,135,3,1010.1,858,9,1010.0,1092,13,1009.9,1366,10,1010.5,271,2,1010.7,1143,7,1010.8,1188,10,1010.9,954,10,1011.0,2890,24
317,2025-11-26 15:23:29+05:30,1010.5,1,1003.33,9411517,272292.0,341219.0,986.2,1012.8,981.3,986.2,120775500,1084.8,887.6,1102.5,649.1,1010.3,631,6,1010.2,205,4,1010.1,858,9,1010.0,924,12,1009.9,847,9,1010.5,263,2,1010.7,639,6,1010.8,1676,11,1010.9,954,10,1011.0,2920,27
317,2025-11-26 15:23:29+05:30,1010.5,1,1003.33,9411517,272292.0,341219.0,986.2,1012.8,981.3,986.2,120775500,1084.8,887.6,1102.5,649.1,1010.3,631,6,1010.2,205,4,1010.1,858,9,1010.0,924,12,1009.9,847,9,1010.5,263,2,1010.7,639,6,1010.8,1676,11,1010.9,954,10,1011.0,2920,27
317,2025-11-26 15:23:30+05:30,1010.5,1,1003.33,9411517,272292.0,341219.0,986.2,1012.8,981.3,986.2,120775500,1084.8,887.6,1102.5,649.1,1010.3,631,6,1010.2,205,4,1010.1,858,9,1010.0,924,12,1009.9,847,9,1010.5,263,2,1010.7,639,6,1010.8,1676,11,1010.9,954,10,1011.0,2920,27
317,2025-11-26 15:23:30+05:30,1010.3,9,1003.33,9411517,272292.0,341219.0,986.2,1012.8,981.3,986.2,120775500,1084.8,887.6,1102.5,649.1,1010.3,631,6,1010.2,205,4,1010.1,858,9,1010.0,924,12,1009.9,847,9,1010.5,263,2,1010.7,639,6,1010.8,1676,11,1010.9,954,10,1011.0,2920,27
317,2025-11-26 15:23:30+05:30,1010.3,8,1003.33,9411589,272554.0,341678.0,986.2,1012.8,981.3,986.2,120775500,1084.8,887.6,1102.5,649.1,1010.3,600,6,1010.2,290,6,1010.1,1343,9,1010.0,880,11,1009.9,767,8,1010.5,257,4,1010.7,636,5,1010.8,688,9,1010.9,2204,12,1011.0,2920,27
317,2025-11-26 15:23:31+05:30,1010.5,193,1003.33,9411589,272554.0,341678.0,986.2,1012.8,981.3,986.2,120775500,1084.8,887.6,1102.5,649.1,1010.3,600,6,1010.2,290,6,1010.1,1343,9,1010.0,880,11,1009.9,767,8,1010.5,257,4,1010.7,636,5,1010.8,688,9,1010.9,2204,12,1011.0,2920,27
317,2025-11-26 15:23:31+05:30,1010.5,2,1003.33,9413443,272557.0,341756.0,986.2,1012.8,981.3,986.2,120775500,1084.8,887.6,1102.5,649.1,1010.3,603,7,1010.2,317,6,1010.1,990,9,1010.0,1139,12,1009.9,1282,11,1010.5,358,4,1010.7,318,4,1010.8,1319,9,1010.9,2053,11,1011.0,3474,27
317,2025-11-26 15:23:32+05:30,1010.5,76,1003.33,9413443,272557.0,341756.0,986.2,1012.8,981.3,986.2,120775500,1084.8,887.6,1102.5,649.1,1010.3,603,7,1010.2,317,6,1010.1,990,9,1010.0,1139,12,1009.9,1282,11,1010.5,358,4,1010.7,318,4,1010.8,1319,9,1010.9,2053,11,1011.0,3474,27
317,2025-11-26 15:23:32+05:30,1010.5,2,1003.33,9415049,271994.0,342553.0,986.2,1012.8,981.3,986.2,120775500,1084.8,887.6,1102.5,649.1,1010.3,27,4,1010.2,422,5,1010.1,480,5,1010.0,1256,9,1009.9,1069,10,1010.5,195,6,1010.6,973,8,1010.7,671,6,1010.8,1400,9,1010.9,2465,12
317,2025-11-26 15:23:33+05:30,1010.2,12,1003.33,9415049,271994.0,342553.0,986.2,1012.8,981.3,986.2,120775500,1084.8,887.6,1102.5,649.1,1010.3,27,4,1010.2,422,5,1010.1,480,5,1010.0,1256,9,1009.9,1069,10,1010.5,195,6,1010.6,973,8,1010.7,671,6,1010.8,1400,9,1010.9,2465,12
317,2025-11-26 15:23:33+05:30,1010.3,2,1003.33,9415871,271116.0,342297.0,986.2,1012.8,981.3,986.2,120775500,1084.8,887.6,1102.5,649.1,1010.3,48,1,1010.2,87,5,1010.1,480,5,1010.0,748,10,1009.9,750,7,1010.4,1,1,1010.5,9,2,1010.6,622,8,1010.7,1754,9,1010.8,1288,10
317,2025-11-26 15:23:34+05:30,1010.4,1,1003.33,9415871,271116.0,342297.0,986.2,1012.8,981.3,986.2,120775500,1084.8,887.6,1102.5,649.1,1010.3,48,1,1010.2,87,5,1010.1,480,5,1010.0,748,10,1009.9,750,7,1010.4,1,1,1010.5,9,2,1010.6,622,8,1010.7,1754,9,1010.8,1288,10
317,2025-11-26 15:23:34+05:30,1010.4,1,1003.33,9415872,271846.0,343169.0,986.2,1012.8,981.3,986.2,120775500,1084.8,887.6,1102.5,649.1,1010.4,1,1,1010.3,237,3,1010.2,119,4,1010.1,971,7,1010.0,1535,11,1010.5,90,4,1010.6,996,10,1010.7,1212,9,1010.8,2150,10,1010.9,2562,15
317,2025-11-26 15:23:35+05:30,1010.5,5,1003.33,9415872,271846.0,343169.0,986.2,1012.8,981.3,986.2,120775500,1084.8,887.6,1102.5,649.1,1010.4,1,1,1010.3,237,3,1010.2,119,4,1010.1,971,7,1010.0,1535,11,1010.5,90,4,1010.6,996,10,1010.7,1212,9,1010.8,2150,10,1010.9,2562,15
317,2025-11-26 15:23:35+05:30,1010.5,161,1003.33,9416047,272391.0,342857.0,986.2,1012.8,981.3,986.2,120775500,1084.8,887.6,1102.5,649.1,1010.4,104,2,1010.3,1000,6,1010.2,118,3,1010.1,1032,7,1010.0,966,10,1010.5,28,3,1010.6,404,4,1010.7,706,7,1010.8,1844,10,1010.9,1786,12
317,2025-11-26 15:23:36+05:30,1010.5,10,1003.33,9416047,272391.0,342857.0,986.2,1012.8,981.3,986.2,120775500,1084.8,887.6,1102.5,649.1,1010.4,104,2,1010.3,1000,6,1010.2,118,3,1010.1,1032,7,1010.0,966,10,1010.5,28,3,1010.6,404,4,1010.7,706,7,1010.8,1844,10,1010.9,1786,12
317,2025-11-26 15:23:37+05:30,1010.4,1,1003.33,9416158,272959.0,343303.0,986.2,1012.8,981.3,986.2,120775500,1084.8,887.6,1102.5,649.1,1010.4,131,4,1010.3,1000,6,1010.2,318,4,1010.1,1018,6,1010.0,1160,11,1010.5,235,4,1010.6,737,5,1010.7,870,7,1010.8,2150,10,1010.9,1806,13
317,2025-11-26 15:23:37+05:30,1010.4,1,1003.33,9416158,272959.0,343303.0,986.2,1012.8,981.3,986.2,120775500,1084.8,887.6,1102.5,649.1,1010.4,131,4,1010.3,1000,6,1010.2,318,4,1010.1,1018,6,1010.0,1160,11,1010.5,235,4,1010.6,737,5,1010.7,870,7,1010.8,2150,10,1010.9,1806,13
317,2025-11-26 15:23:38+05:30,1010.4,4,1003.33,9416733,273154.0,343358.0,986.2,1012.8,981.3,986.2,120775500,1084.8,887.6,1102.5,649.1,1010.3,945,5,1010.2,519,5,1010.1,868,6,1010.0,1152,10,1009.9,847,10,1010.4,54,1,1010.5,324,6,1010.6,960,6,1010.7,676,6,1010.8,2344,11
317,2025-11-26 15:23:38+05:30,1010.4,1,1003.33,9416733,273154.0,343358.0,986.2,1012.8,981.3,986.2,120775500,1084.8,887.6,1102.5,649.1,1010.3,945,5,1010.2,519,5,1010.1,868,6,1010.0,1152,10,1009.9,847,10,1010.4,54,1,1010.5,324,6,1010.6,960,6,1010.7,676,6,1010.8,2344,11
317,2025-11-26 15:23:39+05:30,1010.4,2,1003.33,9417350,272703.0,343766.0,986.2,1012.8,981.3,986.2,120775500,1084.8,887.6,1102.5,649.1,1010.3,463,5,1010.2,519,5,1010.1,795,5,1010.0,1167,11,1009.9,847,10,1010.4,130,3,1010.5,177,6,1010.6,887,5,1010.7,1662,9,1010.8,1845,10
317,2025-11-26 15:23:39+05:30,1010.4,46,1003.33,9417350,272703.0,343766.0,986.2,1012.8,981.3,986.2,120775500,1084.8,887.6,1102.5,649.1,1010.3,463,5,1010.2,519,5,1010.1,795,5,1010.0,1167,11,1009.9,847,10,1010.4,130,3,1010.5,177,6,1010.6,887,5,1010.7,1662,9,1010.8,1845,10
317,2025-11-26 15:23:40+05:30,1010.3,3,1003.33,9417350,272703.0,343766.0,986.2,1012.8,981.3,986.2,120775500,1084.8,887.6,1102.5,649.1,1010.3,463,5,1010.2,519,5,1010.1,795,5,1010.0,1167,11,1009.9,847,10,1010.4,130,3,1010.5,177,6,1010.6,887,5,1010.7,1662,9,1010.8,1845,10
317,2025-11-26 15:23:40+05:30,1010.3,3,1003.33,9417510,272074.0,345428.0,986.2,1012.8,981.3,986.2,120775500,1084.8,887.6,1102.5,649.1,1010.3,471,6,1010.2,519,5,1010.1,499,3,1010.0,887,8,1009.9,847,10,1010.4,1464,3,1010.5,267,6,1010.6,1210,8,1010.7,2438,12,1010.8,2400,10
317,2025-11-26 15:23:41+05:30,1010.4,45,1003.33,9417510,272074.0,345428.0,986.2,1012.8,981.3,986.2,120775500,1084.8,887.6,1102.5,649.1,1010.3,471,6,1010.2,519,5,1010.1,499,3,1010.0,887,8,1009.9,847,10,1010.4,1464,3,1010.5,267,6,1010.6,1210,8,1010.7,2438,12,1010.8,2400,10
317,2025-11-26 15:23:41+05:30,1010.4,45,1003.33,9419019,272971.0,342502.0,986.2,1012.8,981.3,986.2,120775500,1084.8,887.6,1102.5,649.1,1010.3,485,8,1010.2,519,5,1010.1,976,6,1010.0,1161,10,1009.9,834,9,1010.4,60,1,1010.5,15,3,1010.7,793,4,1010.8,1650,9,1010.9,2559,17
317,2025-11-26 15:23:42+05:30,1010.5,5,1003.33,9419019,272971.0,342502.0,986.2,1012.8,981.3,986.2,120775500,1084.8,887.6,1102.5,649.1,1010.3,485,8,1010.2,519,5,1010.1,976,6,1010.0,1161,10,1009.9,834,9,1010.4,60,1,1010.5,15,3,1010.7,793,4,1010.8,1650,9,1010.9,2559,17
317,2025-11-26 15:23:42+05:30,1010.5,4,1003.33,9419422,272971.0,343366.0,986.2,1012.8,981.3,986.2,120775500,1084.8,887.6,1102.5,649.1,1010.4,1206,5,1010.3,490,9,1010.2,781,8,1010.1,894,4,1010.0,973,10,1010.5,61,2,1010.6,98,1,1010.7,910,5,1010.8,1650,9,1010.9,1863,14
317,2025-11-26 15:23:43+05:30,1010.4,2,1003.33,9419422,272971.0,343366.0,986.2,1012.8,981.3,986.2,120775500,1084.8,887.6,1102.5,649.1,1010.4,1206,5,1010.3,490,9,1010.2,781,8,1010.1,894,4,1010.0,973,10,1010.5,61,2,1010.6,98,1,1010.7,910,5,1010.8,1650,9,1010.9,1863,14
317,2025-11-26 15:23:43+05:30,1010.5,14,1003.33,9419471,272593.0,343703.0,986.2,1012.8,981.3,986.2,120775500,1084.8,887.6,1102.5,649.1,1010.4,1218,6,1010.3,474,7,1010.2,781,8,1010.1,894,4,1010.0,973,10,1010.5,14,2,1010.6,730,5,1010.7,950,6,1010.8,2900,11,1010.9,2639,17
317,2025-11-26 15:23:44+05:30,1010.5,2,1003.33,9419471,272593.0,343703.0,986.2,1012.8,981.3,986.2,120775500,1084.8,887.6,1102.5,649.1,1010.4,1218,6,1010.3,474,7,1010.2,781,8,1010.1,894,4,1010.0,973,10,1010.5,14,2,1010.6,730,5,1010.7,950,6,1010.8,2900,11,1010.9,2639,17
317,2025-11-26 15:23:44+05:30,1010.5,2,1003.33,9419556,272527.0,343649.0,986.2,1012.8,981.3,986.2,120775500,1084.8,887.6,1102.5,649.1,1010.4,1153,7,1010.3,474,7,1010.2,581,7,1010.1,1094,5,1010.0,973,10,1010.5,8,3,1010.6,632,4,1010.7,1278,8,1010.8,2926,13,1010.9,1853,13
317,2025-11-26 15:23:45+05:30,1010.5,5,1003.33,9419556,272527.0,343649.0,986.2,1012.8,981.3,986.2,120775500,1084.8,887.6,1102.5,649.1,1010.4,1153,7,1010.3,474,7,1010.2,581,7,1010.1,1094,5,1010.0,973,10,1010.5,8,3,1010.6,632,4,1010.7,1278,8,1010.8,2926,13,1010.9,1853,13
317,2025-11-26 15:23:45+05:30,1010.4,1,1003.33,9419579,272519.0,343780.0,986.2,1012.8,981.3,986.2,120775500,1084.8,887.6,1102.5,649.1,1010.4,1143,7,1010.3,474,7,1010.2,581,7,1010.1,894,4,1010.0,1175,11,1010.5,391,5,1010.6,477,5,1010.7,1480,9,1010.8,2926,13,1010.9,1853,13
317,2025-11-26 15:23:46+05:30,1010.5,3,1003.33,9419579,272519.0,343780.0,986.2,1012.8,981.3,986.2,120775500,1084.8,887.6,1102.5,649.1,1010.4,1143,7,1010.3,474,7,1010.2,581,7,1010.1,894,4,1010.0,1175,11,1010.5,391,5,1010.6,477,5,1010.7,1480,9,1010.8,2926,13,1010.9,1853,13
317,2025-11-26 15:23:46+05:30,1010.7,38,1003.34,9421036,274567.0,337596.0,986.2,1012.8,981.3,986.2,120775500,1084.8,887.6,1102.5,649.1,1010.4,1779,12,1010.3,726,12,1010.2,880,11,1010.1,1541,10,1010.0,1543,14,1010.5,6,1,1010.6,4,1,1010.7,50,2,1010.8,756,3,1010.9,561,5
317,2025-11-26 15:23:47+05:30,1011.0,35,1003.34,9421036,274567.0,337596.0,986.2,1012.8,981.3,986.2,120775500,1084.8,887.6,1102.5,649.1,1010.4,1779,12,1010.3,726,12,1010.2,880,11,1010.1,1541,10,1010.0,1543,14,1010.5,6,1,1010.6,4,1,1010.7,50,2,1010.8,756,3,1010.9,561,5
317,2025-11-26 15:23:47+05:30,1010.9,2,1003.34,9426042,273192.0,334710.0,986.2,1012.8,981.3,986.2,120775500,1084.8,887.6,1102.5,649.1,1010.5,917,4,1010.4,1257,12,1010.3,744,11,1010.2,1066,14,1010.1,1148,10,1010.9,85,1,1011.0,1159,19,1011.1,1204,6,1011.2,1491,8,1011.3,1632,10
317,2025-11-26 15:23:48+05:30,1010.5,8,1003.34,9426042,273192.0,334710.0,986.2,1012.8,981.3,986.2,120775500,1084.8,887.6,1102.5,649.1,1010.5,917,4,1010.4,1257,12,1010.3,744,11,1010.2,1066,14,1010.1,1148,10,1010.9,85,1,1011.0,1159,19,1011.1,1204,6,1011.2,1491,8,1011.3,1632,10
317,2025-11-26 15:23:49+05:30,1010.9,2,1003.34,9427403,272376.0,338070.0,986.2,1012.8,981.3,986.2,120775500,1084.8,887.6,1102.5,649.1,1010.5,1,1,1010.4,1009,7,1010.3,403,7,1010.2,725,7,1010.1,1645,12,1010.9,2067,13,1011.0,2270,25,1011.1,696,6,1011.2,1804,11,1011.3,1826,10
317,2025-11-26 15:23:49+05:30,1010.9,2,1003.34,9427403,272376.0,338070.0,986.2,1012.8,981.3,986.2,120775500,1084.8,887.6,1102.5,649.1,1010.5,1,1,1010.4,1009,7,1010.3,403,7,1010.2,725,7,1010.1,1645,12,1010.9,2067,13,1011.0,2270,25,1011.1,696,6,1011.2,1804,11,1011.3,1826,10
317,2025-11-26 15:23:50+05:30,1010.8,1,1003.34,9427423,272686.0,338439.0,986.2,1012.8,981.3,986.2,120775500,1084.8,887.6,1102.5,649.1,1010.5,8,1,1010.4,1008,6,1010.3,1078,9,1010.2,1155,10,1010.1,882,7,1010.8,359,4,1010.9,2397,15,1011.0,2756,27,1011.1,696,6,1011.2,1868,11
317,2025-11-26 15:23:50+05:30,1010.5,2,1003.34,9427423,272686.0,338439.0,986.2,1012.8,981.3,986.2,120775500,1084.8,887.6,1102.5,649.1,1010.5,8,1,1010.4,1008,6,1010.3,1078,9,1010.2,1155,10,1010.1,882,7,1010.8,359,4,1010.9,2397,15,1011.0,2756,27,1011.1,696,6,1011.2,1868,11
317,2025-11-26 15:23:51+05:30,1010.8,7,1003.34,9427423,272686.0,338439.0,986.2,1012.8,981.3,986.2,120775500,1084.8,887.6,1102.5,649.1,1010.5,8,1,1010.4,1008,6,1010.3,1078,9,1010.2,1155,10,1010.1,882,7,1010.8,359,4,1010.9,2397,15,1011.0,2756,27,1011.1,696,6,1011.2,1868,11
317,2025-11-26 15:23:51+05:30,1010.8,7,1003.34,9427581,272858.0,338439.0,986.2,1012.8,981.3,986.2,120775500,1084.8,887.6,1102.5,649.1,1010.5,311,3,1010.4,1344,7,1010.3,1037,9,1010.2,1221,11,1010.1,882,7,1010.8,22,4,1010.9,1590,11,1011.0,2948,28,1011.1,1472,9,1011.2,1842,9
317,2025-11-26 15:23:52+05:30,1010.8,7,1003.34,9427581,272873.0,338951.0,986.2,1012.8,981.3,986.2,120775500,1084.8,887.6,1102.5,649.1,1010.5,352,6,1010.4,1344,7,1010.3,1037,9,1010.2,1221,11,1010.1,856,5,1010.8,107,5,1010.9,1688,12,1011.0,2948,28,1011.1,1472,9,1011.2,1842,9
317,2025-11-26 15:23:53+05:30,1010.8,7,1003.34,9427581,273405.0,339007.0,986.2,1012.8,981.3,986.2,120775500,1084.8,887.6,1102.5,649.1,1010.5,449,7,1010.4,1320,7,1010.3,1229,10,1010.2,1029,10,1010.1,958,8,1010.6,1,1,1010.8,711,8,1010.9,2103,11,1011.0,2867,28,1011.1,1664,10
317,2025-11-26 15:23:54+05:30,1010.6,1,1003.34,9427581,273405.0,339007.0,986.2,1012.8,981.3,986.2,120775500,1084.8,887.6,1102.5,649.1,1010.5,449,7,1010.4,1320,7,1010.3,1229,10,1010.2,1029,10,1010.1,958,8,1010.6,1,1,1010.8,711,8,1010.9,2103,11,1011.0,2867,28,1011.1,1664,10
317,2025-11-26 15:23:54+05:30,1010.6,1,1003.34,9427586,273163.0,339833.0,986.2,1012.8,981.3,986.2,120775500,1084.8,887.6,1102.5,649.1,1010.6,1,1,1010.5,439,8,1010.4,984,6,1010.3,847,7,1010.2,1021,9,1010.8,213,5,1010.9,2335,12,1011.0,2570,29,1011.1,1472,9,1011.2,2342,10
317,2025-11-26 15:23:55+05:30,1010.8,5,1003.34,9427586,273163.0,339833.0,986.2,1012.8,981.3,986.2,120775500,1084.8,887.6,1102.5,649.1,1010.6,1,1,1010.5,439,8,1010.4,984,6,1010.3,847,7,1010.2,1021,9,1010.8,213,5,1010.9,2335,12,1011.0,2570,29,1011.1,1472,9,1011.2,2342,10
317,2025-11-26 15:23:55+05:30,1010.8,5,1003.34,9427617,274132.0,339100.0,986.2,1012.8,981.3,986.2,120775500,1084.8,887.6,1102.5,649.1,1010.6,238,3,1010.5,1174,9,1010.4,427,8,1010.3,1185,8,1010.2,1055,11,1010.8,401,3,1010.9,1947,9,1011.0,2472,28,1011.1,1176,6,1011.2,1892,13
317,2025-11-26 15:23:56+05:30,1010.8,39,1003.34,9427617,274132.0,339100.0,986.2,1012.8,981.3,986.2,120775500,1084.8,887.6,1102.5,649.1,1010.6,238,3,1010.5,1174,9,1010.4,427,8,1010.3,1185,8,1010.2,1055,11,1010.8,401,3,1010.9,1947,9,1011.0,2472,28,1011.1,1176,6,1011.2,1892,13
317,2025-11-26 15:23:56+05:30,1010.8,39,1003.34,9427953,274178.0,338268.0,986.2,1012.8,981.3,986.2,120775500,1084.8,887.6,1102.5,649.1,1010.6,368,5,1010.5,1133,11,1010.4,512,9,1010.3,1462,9,1010.2,1055,11,1010.8,175,3,1010.9,1407,6,1011.0,1625,24,1011.1,771,5,1011.2,1872,12
317,2025-11-26 15:23:57+05:30,1010.8,5,1003.34,9427953,274178.0,338268.0,986.2,1012.8,981.3,986.2,120775500,1084.8,887.6,1102.5,649.1,1010.6,368,5,1010.5,1133,11,1010.4,512,9,1010.3,1462,9,1010.2,1055,11,1010.8,175,3,1010.9,1407,6,1011.0,1625,24,1011.1,771,5,1011.2,1872,12
317,2025-11-26 15:23:57+05:30,1010.8,5,1003.34,9428024,274175.0,338138.0,986.2,1012.8,981.3,986.2,120775500,1084.8,887.6,1102.5,649.1,1010.6,471,7,1010.5,961,8,1010.4,427,8,1010.3,1462,9,1010.2,1161,12,1010.7,141,1,1010.8,253,6,1010.9,1407,6,1011.0,1915,26,1011.1,1190,7
317,2025-11-26 15:23:58+05:30,1010.8,18,1003.34,9428024,274175.0,338138.0,986.2,1012.8,981.3,986.2,120775500,1084.8,887.6,1102.5,649.1,1010.6,471,7,1010.5,961,8,1010.4,427,8,1010.3,1462,9,1010.2,1161,12,1010.7,141,1,1010.8,253,6,1010.9,1407,6,1011.0,1915,26,1011.1,1190,7
317,2025-11-26 15:23:58+05:30,1010.8,18,1003.34,9430396,276496.0,338047.0,986.2,1012.8,981.3,986.2,120775500,1084.8,887.6,1102.5,649.1,1010.8,1467,2,1010.7,3,2,1010.6,949,11,1010.5,359,7,1010.4,532,10,1010.9,1250,4,1011.0,1336,21,1011.1,305,4,1011.2,1435,7,1011.3,2440,11
317,2025-11-26 15:23:59+05:30,1010.9,3,1003.34,9430396,276496.0,338047.0,986.2,1012.8,981.3,986.2,120775500,1084.8,887.6,1102.5,649.1,1010.8,1467,2,1010.7,3,2,1010.6,949,11,1010.5,359,7,1010.4,532,10,1010.9,1250,4,1011.0,1336,21,1011.1,305,4,1011.2,1435,7,1011.3,2440,11
317,2025-11-26 15:23:59+05:30,1010.9,3,1003.34,9431889,275188.0,339032.0,986.2,1012.8,981.3,986.2,120775500,1084.8,887.6,1102.5,649.1,1010.8,778,3,1010.7,3,2,1010.6,392,6,1010.5,694,7,1010.4,874,10,1010.9,1272,7,1011.0,1492,22,1011.1,645,6,1011.2,2409,13,1011.3,2229,12
317,2025-11-26 15:24:00+05:30,1010.8,4,1003.34,9431889,275188.0,339032.0,986.2,1012.8,981.3,986.2,120775500,1084.8,887.6,1102.5,649.1,1010.8,778,3,1010.7,3,2,1010.6,392,6,1010.5,694,7,1010.4,874,10,1010.9,1272,7,1011.0,1492,22,1011.1,645,6,1011.2,2409,13,1011.3,2229,12
317,2025-11-26 15:24:00+05:30,1010.8,8,1003.34,9432706,275502.0,338392.0,986.2,1012.8,981.3,986.2,120775500,1084.8,887.6,1102.5,649.1,1010.8,1517,6,1010.7,67,5,1010.6,319,5,1010.5,480,4,1010.4,981,8,1010.9,1123,10,1011.0,1966,24,1011.1,836,7,1011.2,2408,14,1011.3,2109,12
317,2025-11-26 15:24:01+05:30,1010.9,6,1003.34,9432706,275502.0,338392.0,986.2,1012.8,981.3,986.2,120775500,1084.8,887.6,1102.5,649.1,1010.8,1517,6,1010.7,67,5,1010.6,319,5,1010.5,480,4,1010.4,981,8,1010.9,1123,10,1011.0,1966,24,1011.1,836,7,1011.2,2408,14,1011.3,2109,12
317,2025-11-26 15:24:01+05:30,1011.0,41,1003.35,9435080,276704.0,332594.0,986.2,1012.8,981.3,986.2,120775500,1084.8,887.6,1102.5,649.1,1010.9,766,4,1010.8,1511,10,1010.7,593,9,1010.6,831,10,1010.5,902,12,1011.0,168,3,1011.1,17,1,1011.2,69,3,1011.3,825,6,1011.4,476,5
317,2025-11-26 15:24:02+05:30,1011.1,494,1003.35,9435080,276704.0,332594.0,986.2,1012.8,981.3,986.2,120775500,1084.8,887.6,1102.5,649.1,1010.9,766,4,1010.8,1511,10,1010.7,593,9,1010.6,831,10,1010.5,902,12,1011.0,168,3,1011.1,17,1,1011.2,69,3,1011.3,825,6,1011.4,476,5
317,2025-11-26 15:24:02+05:30,1011.0,1,1003.35,9436394,276396.0,333164.0,986.2,1012.8,981.3,986.2,120775500,1084.8,887.6,1102.5,649.1,1011.0,643,1,1010.9,238,7,1010.8,1364,10,1010.7,593,9,1010.6,721,11,1011.1,252,2,1011.2,69,3,1011.3,502,4,1011.4,667,4,1011.5,1391,15
317,2025-11-26 15:24:03+05:30,1011.0,1,1003.35,9436394,276396.0,333164.0,986.2,1012.8,981.3,986.2,120775500,1084.8,887.6,1102.5,649.1,1011.0,643,1,1010.9,238,7,1010.8,1364,10,1010.7,593,9,1010.6,721,11,1011.1,252,2,1011.2,69,3,1011.3,502,4,1011.4,667,4,1011.5,1391,15
317,2025-11-26 15:24:03+05:30,1011.1,50,1003.35,9440065,273529.0,333172.0,986.2,1012.8,981.3,986.2,120775500,1084.8,887.6,1102.5,649.1,1011.1,32,3,1010.9,76,5,1010.8,948,7,1010.7,252,4,1010.6,695,9,1011.3,762,7,1011.4,1123,8,1011.5,1284,13,1011.6,2125,10,1011.7,2697,10
317,2025-11-26 15:24:04+05:30,1011.3,3,1003.35,9440065,273529.0,333172.0,986.2,1012.8,981.3,986.2,120775500,1084.8,887.6,1102.5,649.1,1011.1,32,3,1010.9,76,5,1010.8,948,7,1010.7,252,4,1010.6,695,9,1011.3,762,7,1011.4,1123,8,1011.5,1284,13,1011.6,2125,10,1011.7,2697,10
317,2025-11-26 15:24:04+05:30,1011.0,8,1003.35,9443291,273693.0,336180.0,986.2,1012.8,981.3,986.2,120775500,1084.8,887.6,1102.5,649.1,1011.0,758,2,1010.9,271,7,1010.8,1268,5,1010.7,125,2,1010.6,697,7,1011.3,1053,8,1011.4,968,7,1011.5,2278,18,1011.6,2303,10,1011.7,2045,10
317,2025-11-26 15:24:05+05:30,1011.0,3,1003.35,9443291,273693.0,336180.0,986.2,1012.8,981.3,986.2,120775500,1084.8,887.6,1102.5,649.1,1011.0,758,2,1010.9,271,7,1010.8,1268,5,1010.7,125,2,1010.6,697,7,1011.3,1053,8,1011.4,968,7,1011.5,2278,18,1011.6,2303,10,1011.7,2045,10
317,2025-11-26 15:24:05+05:30,1011.2,1,1003.35,9444196,274009.0,336502.0,986.2,1012.8,981.3,986.2,120775500,1084.8,887.6,1102.5,649.1,1011.0,757,2,1010.9,269,6,1010.8,1551,6,1010.7,557,4,1010.6,697,7,1011.3,1443,9,1011.4,1040,8,1011.5,1811,15,1011.6,2127,11,1011.7,2769,9
317,2025-11-26 15:24:06+05:30,1011.3,43,1003.35,9444196,274009.0,336502.0,986.2,1012.8,981.3,986.2,120775500,1084.8,887.6,1102.5,649.1,1011.0,757,2,1010.9,269,6,1010.8,1551,6,1010.7,557,4,1010.6,697,7,1011.3,1443,9,1011.4,1040,8,1011.5,1811,15,1011.6,2127,11,1011.7,2769,9
317,2025-11-26 15:24:06+05:30,1011.3,18,1003.35,9445186,275404.0,336817.0,986.2,1012.8,981.3,986.2,120775500,1084.8,887.6,1102.5,649.1,1011.1,3,1,1011.0,2509,5,1010.9,553,7,1010.8,1115,8,1010.7,532,5,1011.2,461,2,1011.3,657,5,1011.4,900,8,1011.5,2061,15,1011.6,2647,13
317,2025-11-26 15:24:07+05:30,1011.2,2,1003.35,9445186,275404.0,336817.0,986.2,1012.8,981.3,986.2,120775500,1084.8,887.6,1102.5,649.1,1011.1,3,1,1011.0,2509,5,1010.9,553,7,1010.8,1115,8,1010.7,532,5,1011.2,461,2,1011.3,657,5,1011.4,900,8,1011.5,2061,15,1011.6,2647,13
317,2025-11-26 15:24:07+05:30,1011.2,19,1003.36,9446355,276621.0,335468.0,986.2,1012.8,981.3,986.2,120775500,1084.8,887.6,1102.5,649.1,1011.0,3494,5,1010.9,601,9,1010.8,1237,11,1010.7,532,5,1010.6,803,8,1011.2,338,2,1011.3,472,2,1011.4,270,5,1011.5,1485,15,1011.6,2143,12
317,2025-11-26 15:24:08+05:30,1011.2,19,1003.36,9446355,276621.0,335468.0,986.2,1012.8,981.3,986.2,120775500,1084.8,887.6,1102.5,649.1,1011.0,3494,5,1010.9,601,9,1010.8,1237,11,1010.7,532,5,1010.6,803,8,1011.2,338,2,1011.3,472,2,1011.4,270,5,1011.5,1485,15,1011.6,2143,12
317,2025-11-26 15:24:09+05:30,1011.2,3,1003.36,9446409,276493.0,336593.0,986.2,1012.8,981.3,986.2,120775500,1084.8,887.6,1102.5,649.1,1011.0,3467,6,1010.9,535,9,1010.8,1236,10,1010.7,532,5,1010.6,803,8,1011.2,693,3,1011.3,472,2,1011.4,270,5,1011.5,2261,18,1011.6,2637,12
317,2025-11-26 15:24:10+05:30,1011.2,188,1003.36,9446984,276427.0,336193.0,986.2,1012.8,981.3,986.2,120775500,1084.8,887.6,1102.5,649.1,1011.0,3582,8,1010.9,483,9,1010.8,1003,8,1010.7,636,6,1010.6,803,8,1011.2,636,4,1011.3,220,2,1011.4,619,7,1011.5,2261,18,1011.6,2637,12
317,2025-11-26 15:24:10+05:30,1011.2,188,1003.36,9446984,276427.0,336193.0,986.2,1012.8,981.3,986.2,120775500,1084.8,887.6,1102.5,649.1,1011.0,3582,8,1010.9,483,9,1010.8,1003,8,1010.7,636,6,1010.6,803,8,1011.2,636,4,1011.3,220,2,1011.4,619,7,1011.5,2261,18,1011.6,2637,12
317,2025-11-26 15:24:11+05:30,1011.1,1,1003.36,9447804,276719.0,334789.0,986.2,1012.8,981.3,986.2,120775500,1084.8,887.6,1102.5,649.1,1011.1,928,3,1011.0,2471,8,1010.9,613,10,1010.8,1031,11,1010.7,825,6,1011.2,197,1,1011.3,220,2,1011.4,308,5,1011.5,1225,13,1011.6,880,7
317,2025-11-26 15:24:11+05:30,1011.1,2,1003.36,9447804,276719.0,334789.0,986.2,1012.8,981.3,986.2,120775500,1084.8,887.6,1102.5,649.1,1011.1,928,3,1011.0,2471,8,1010.9,613,10,1010.8,1031,11,1010.7,825,6,1011.2,197,1,1011.3,220,2,1011.4,308,5,1011.5,1225,13,1011.6,880,7
317,2025-11-26 15:24:12+05:30,1011.2,1,1003.36,9447804,276719.0,334789.0,986.2,1012.8,981.3,986.2,120775500,1084.8,887.6,1102.5,649.1,1011.1,928,3,1011.0,2471,8,1010.9,613,10,1010.8,1031,11,1010.7,825,6,1011.2,197,1,1011.3,220,2,1011.4,308,5,1011.5,1225,13,1011.6,880,7
317,2025-11-26 15:24:12+05:30,1011.2,1,1003.36,9448884,274714.0,336219.0,986.2,1012.8,981.3,986.2,120775500,1084.8,887.6,1102.5,649.1,1011.1,236,3,1011.0,2456,7,1010.9,310,6,1010.8,523,6,1010.7,2223,8,1011.2,504,3,1011.3,626,5,1011.4,1044,9,1011.5,3474,16,1011.6,1630,8
317,2025-11-26 15:24:13+05:30,1011.0,2,1003.36,9448884,274714.0,336219.0,986.2,1012.8,981.3,986.2,120775500,1084.8,887.6,1102.5,649.1,1011.1,236,3,1011.0,2456,7,1010.9,310,6,1010.8,523,6,1010.7,2223,8,1011.2,504,3,1011.3,626,5,1011.4,1044,9,1011.5,3474,16,1011.6,1630,8
317,2025-11-26 15:24:13+05:30,1011.1,14,1003.36,9449845,278191.0,335570.0,986.2,1012.8,981.3,986.2,120775500,1084.8,887.6,1102.5,649.1,1011.0,2399,6,1010.9,310,6,1010.8,719,8,1010.7,723,6,1010.6,2294,9,1011.1,278,1,1011.2,198,4,1011.3,288,3,1011.4,1044,9,1011.5,3813,20
317,2025-11-26 15:24:14+05:30,1011.2,2,1003.36,9449845,278191.0,335570.0,986.2,1012.8,981.3,986.2,120775500,1084.8,887.6,1102.5,649.1,1011.0,2399,6,1010.9,310,6,1010.8,719,8,1010.7,723,6,1010.6,2294,9,1011.1,278,1,1011.2,198,4,1011.3,288,3,1011.4,1044,9,1011.5,3813,20
317,2025-11-26 15:24:14+05:30,1011.3,3,1003.36,9454250,272686.0,335084.0,986.2,1012.8,981.3,986.2,120775500,1084.8,887.6,1102.5,649.1,1011.1,67,2,1011.0,72,2,1010.9,341,6,1010.8,706,8,1010.7,1308,9,1011.3,102,2,1011.4,764,6,1011.5,3192,17,1011.6,1705,9,1011.7,2765,9
317,2025-11-26 15:24:15+05:30,1011.2,10,1003.36,9454250,272686.0,335084.0,986.2,1012.8,981.3,986.2,120775500,1084.8,887.6,1102.5,649.1,1011.1,67,2,1011.0,72,2,1010.9,341,6,1010.8,706,8,1010.7,1308,9,1011.3,102,2,1011.4,764,6,1011.5,3192,17,1011.6,1705,9,1011.7,2765,9
317,2025-11-26 15:24:15+05:30,1011.1,1,1003.36,9457333,273860.0,334847.0,986.2,1012.8,981.3,986.2,120775500,1084.8,887.6,1102.5,649.1,1010.9,53,3,1010.8,34,2,1010.7,1036,5,1010.6,1967,8,1010.5,2893,12,1011.1,9,1,1011.2,43,2,1011.3,917,9,1011.4,1271,9,1011.5,3146,17
317,2025-11-26 15:24:16+05:30,1011.1,10,1003.36,9457333,273860.0,334847.0,986.2,1012.8,981.3,986.2,120775500,1084.8,887.6,1102.5,649.1,1010.9,53,3,1010.8,34,2,1010.7,1036,5,1010.6,1967,8,1010.5,2893,12,1011.1,9,1,1011.2,43,2,1011.3,917,9,1011.4,1271,9,1011.5,3146,17
317,2025-11-26 15:24:16+05:30,1011.0,7,1003.36,9457389,276724.0,335136.0,986.2,1012.8,981.3,986.2,120775500,1084.8,887.6,1102.5,649.1,1010.9,42,5,1010.8,708,5,1010.7,625,5,1010.6,1887,7,1010.5,2812,11,1011.0,50,3,1011.1,2,1,1011.2,15,2,1011.3,739,6,1011.4,1489,10
317,2025-11-26 15:24:17+05:30,1011.0,7,1003.36,9457389,276724.0,335136.0,986.2,1012.8,981.3,986.2,120775500,1084.8,887.6,1102.5,649.1,1010.9,42,5,1010.8,708,5,1010.7,625,5,1010.6,1887,7,1010.5,2812,11,1011.0,50,3,1011.1,2,1,1011.2,15,2,1011.3,739,6,1011.4,1489,10
317,2025-11-26 15:24:17+05:30,1010.9,5,1003.36,9457634,276450.0,336060.0,986.2,1012.8,981.3,986.2,120775500,1084.8,887.6,1102.5,649.1,1010.8,14,1,1010.7,961,4,1010.6,1935,6,1010.5,3588,14,1010.4,1674,8,1010.9,23,2,1011.0,56,5,1011.1,2,1,1011.2,217,3,1011.3,1336,9
317,2025-11-26 15:24:18+05:30,1010.9,14,1003.36,9457634,276450.0,336060.0,986.2,1012.8,981.3,986.2,120775500,1084.8,887.6,1102.5,649.1,1010.8,14,1,1010.7,961,4,1010.6,1935,6,1010.5,3588,14,1010.4,1674,8,1010.9,23,2,1011.0,56,5,1011.1,2,1,1011.2,217,3,1011.3,1336,9
317,2025-11-26 15:24:18+05:30,1011.0,2,1003.37,9460077,278798.0,334615.0,986.2,1012.8,981.3,986.2,120775500,1084.8,887.6,1102.5,649.1,1010.9,94,3,1010.8,383,5,1010.7,1247,7,1010.6,2000,7,1010.5,4524,17,1011.0,47,3,1011.1,2,1,1011.2,15,2,1011.3,278,3,1011.4,758,5
317,2025-11-26 15:24:19+05:30,1011.0,2,1003.37,9460077,278798.0,334615.0,986.2,1012.8,981.3,986.2,120775500,1084.8,887.6,1102.5,649.1,1010.9,94,3,1010.8,383,5,1010.7,1247,7,1010.6,2000,7,1010.5,4524,17,1011.0,47,3,1011.1,2,1,1011.2,15,2,1011.3,278,3,1011.4,758,5
317,2025-11-26 15:24:19+05:30,1011.1,3,1003.37,9460264,274464.0,332090.0,986.2,1012.8,981.3,986.2,120775500,1084.8,887.6,1102.5,649.1,1011.1,565,1,1010.9,256,4,1010.8,383,5,1010.7,677,6,1010.6,2071,8,1011.2,15,2,1011.3,179,2,1011.4,401,4,1011.5,2139,14,1011.6,1449,9
317,2025-11-26 15:24:20+05:30,1011.1,180,1003.37,9460264,274464.0,332090.0,986.2,1012.8,981.3,986.2,120775500,1084.8,887.6,1102.5,649.1,1011.1,565,1,1010.9,256,4,1010.8,383,5,1010.7,677,6,1010.6,2071,8,1011.2,15,2,1011.3,179,2,1011.4,401,4,1011.5,2139,14,1011.6,1449,9
317,2025-11-26 15:24:20+05:30,1011.5,6,1003.37,9461257,271491.0,332529.0,986.2,1012.8,981.3,986.2,120775500,1084.8,887.6,1102.5,649.1,1011.3,1,1,1011.2,56,1,1011.1,399,3,1010.9,328,4,1010.8,709,7,1011.5,2341,16,1011.6,1184,9,1011.7,2595,8,1011.8,1315,10,1011.9,1464,8
317,2025-11-26 15:24:21+05:30,1011.2,100,1003.37,9461257,271491.0,332529.0,986.2,1012.8,981.3,986.2,120775500,1084.8,887.6,1102.5,649.1,1011.3,1,1,1011.2,56,1,1011.1,399,3,1010.9,328,4,1010.8,709,7,1011.5,2341,16,1011.6,1184,9,1011.7,2595,8,1011.8,1315,10,1011.9,1464,8
317,2025-11-26 15:24:21+05:30,1011.0,86,1003.37,9462059,271884.0,335469.0,986.2,1012.8,981.3,986.2,120775500,1084.8,887.6,1102.5,649.1,1011.0,995,2,1010.9,15,2,1010.8,240,2,1010.7,537,4,1010.6,522,6,1011.4,812,8,1011.5,2928,18,1011.6,1741,13,1011.7,2643,8,1011.8,1355,11
317,2025-11-26 15:24:22+05:30,1011.0,86,1003.37,9462059,271884.0,335469.0,986.2,1012.8,981.3,986.2,120775500,1084.8,887.6,1102.5,649.1,1011.0,995,2,1010.9,15,2,1010.8,240,2,1010.7,537,4,1010.6,522,6,1011.4,812,8,1011.5,2928,18,1011.6,1741,13,1011.7,2643,8,1011.8,1355,11
317,2025-11-26 15:24:22+05:30,1011.1,5,1003.37,9462826,272567.0,338078.0,986.2,1012.8,981.3,986.2,120775500,1084.8,887.6,1102.5,649.1,1011.1,671,3,1011.0,345,2,1010.9,10,1,1010.8,80,1,1010.7,659,6,1011.2,3016,1,1011.3,217,3,1011.4,1462,10,1011.5,2915,16,1011.6,1916,10
317,2025-11-26 15:24:23+05:30,1011.1,20,1003.37,9462826,272567.0,338078.0,986.2,1012.8,981.3,986.2,120775500,1084.8,887.6,1102.5,649.1,1011.1,671,3,1011.0,345,2,1010.9,10,1,1010.8,80,1,1010.7,659,6,1011.2,3016,1,1011.3,217,3,1011.4,1462,10,1011.5,2915,16,1011.6,1916,10
317,2025-11-26 15:24:24+05:30,1011.2,3,1003.37,9462945,272593.0,338439.0,986.2,1012.8,981.3,986.2,120775500,1084.8,887.6,1102.5,649.1,1011.1,555,3,1011.0,361,3,1010.9,10,1,1010.7,550,5,1010.6,2136,10,1011.2,3459,4,1011.3,535,6,1011.4,1462,10,1011.5,3154,17,1011.6,1916,10
317,2025-11-26 15:24:24+05:30,1011.2,180,1003.37,9462945,272593.0,338439.0,986.2,1012.8,981.3,986.2,120775500,1084.8,887.6,1102.5,649.1,1011.1,555,3,1011.0,361,3,1010.9,10,1,1010.7,550,5,1010.6,2136,10,1011.2,3459,4,1011.3,535,6,1011.4,1462,10,1011.5,3154,17,1011.6,1916,10
317,2025-11-26 15:24:25+05:30,1011.2,3,1003.37,9463363,272440.0,337983.0,986.2,1012.8,981.3,986.2,120775500,1084.8,887.6,1102.5,649.1,1011.1,570,4,1011.0,361,3,1010.9,10,1,1010.7,550,5,1010.6,2136,10,1011.2,2944,5,1011.3,377,5,1011.4,962,9,1011.5,3415,17,1011.6,1916,10
317,2025-11-26 15:24:25+05:30,1011.2,3,1003.37,9463363,272440.0,337983.0,986.2,1012.8,981.3,986.2,120775500,1084.8,887.6,1102.5,649.1,1011.1,570,4,1011.0,361,3,1010.9,10,1,1010.7,550,5,1010.6,2136,10,1011.2,2944,5,1011.3,377,5,1011.4,962,9,1011.5,3415,17,1011.6,1916,10
317,2025-11-26 15:24:26+05:30,1011.2,6,1003.37,9463363,272440.0,337983.0,986.2,1012.8,981.3,986.2,120775500,1084.8,887.6,1102.5,649.1,1011.1,570,4,1011.0,361,3,1010.9,10,1,1010.7,550,5,1010.6,2136,10,1011.2,2944,5,1011.3,377,5,1011.4,962,9,1011.5,3415,17,1011.6,1916,10
317,2025-11-26 15:24:26+05:30,1011.2,6,1003.37,9463374,272688.0,338322.0,986.2,1012.8,981.3,986.2,120775500,1084.8,887.6,1102.5,649.1,1011.1,857,7,1011.0,361,3,1010.9,10,1,1010.7,550,5,1010.6,2136,10,1011.2,2938,5,1011.3,377,5,1011.4,962,9,1011.5,3415,17,1011.6,1916,10
317,2025-11-26 15:24:27+05:30,1011.2,3,1003.37,9463374,272688.0,338322.0,986.2,1012.8,981.3,986.2,120775500,1084.8,887.6,1102.5,649.1,1011.1,857,7,1011.0,361,3,1010.9,10,1,1010.7,550,5,1010.6,2136,10,1011.2,2938,5,1011.3,377,5,1011.4,962,9,1011.5,3415,17,1011.6,1916,10
317,2025-11-26 15:24:27+05:30,1011.2,3,1003.37,9463402,272580.0,338381.0,986.2,1012.8,981.3,986.2,120775500,1084.8,887.6,1102.5,649.1,1011.1,849,7,1011.0,361,3,1010.9,10,1,1010.7,550,5,1010.6,2136,10,1011.2,2921,6,1011.3,216,3,1011.4,1462,10,1011.5,2915,16,1011.6,1916,10
317,2025-11-26 15:24:28+05:30,1011.2,750,1003.37,9463402,272580.0,338381.0,986.2,1012.8,981.3,986.2,120775500,1084.8,887.6,1102.5,649.1,1011.1,849,7,1011.0,361,3,1010.9,10,1,1010.7,550,5,1010.6,2136,10,1011.2,2921,6,1011.3,216,3,1011.4,1462,10,1011.5,2915,16,1011.6,1916,10
317,2025-11-26 15:24:28+05:30,1011.2,750,1003.37,9465934,272394.0,336668.0,986.2,1012.8,981.3,986.2,120775500,1084.8,887.6,1102.5,649.1,1011.1,1066,4,1011.0,30,2,1010.9,10,1,1010.8,247,3,1010.7,659,6,1011.2,1765,7,1011.3,99,1,1011.4,1655,8,1011.5,3166,17,1011.6,1987,11
317,2025-11-26 15:24:29+05:30,1011.2,4,1003.37,9465934,272394.0,336668.0,986.2,1012.8,981.3,986.2,120775500,1084.8,887.6,1102.5,649.1,1011.1,1066,4,1011.0,30,2,1010.9,10,1,1010.8,247,3,1010.7,659,6,1011.2,1765,7,1011.3,99,1,1011.4,1655,8,1011.5,3166,17,1011.6,1987,11
317,2025-11-26 15:24:29+05:30,1011.1,101,1003.37,9466924,272343.0,336658.0,986.2,1012.8,981.3,986.2,120775500,1084.8,887.6,1102.5,649.1,1011.1,857,4,1011.0,30,2,1010.9,10,1,1010.7,537,4,1010.6,2132,9,1011.2,1545,8,1011.3,362,4,1011.4,2000,10,1011.5,3180,18,1011.6,1987,11
317,2025-11-26 15:24:30+05:30,1011.1,9,1003.37,9466924,272343.0,336658.0,986.2,1012.8,981.3,986.2,120775500,1084.8,887.6,1102.5,649.1,1011.1,857,4,1011.0,30,2,1010.9,10,1,1010.7,537,4,1010.6,2132,9,1011.2,1545,8,1011.3,362,4,1011.4,2000,10,1011.5,3180,18,1011.6,1987,11
317,2025-11-26 15:24:30+05:30,1011.2,1,1003.37,9466987,272304.0,336003.0,986.2,1012.8,981.3,986.2,120775500,1084.8,887.6,1102.5,649.1,1011.1,814,5,1011.0,298,4,1010.9,10,1,1010.8,430,2,1010.7,550,5,1011.2,1523,7,1011.3,99,1,1011.4,1471,7,1011.5,2930,18,1011.6,1987,11
317,2025-11-26 15:24:31+05:30,1011.2,15,1003.37,9466987,272304.0,336003.0,986.2,1012.8,981.3,986.2,120775500,1084.8,887.6,1102.5,649.1,1011.1,814,5,1011.0,298,4,1010.9,10,1,1010.8,430,2,1010.7,550,5,1011.2,1523,7,1011.3,99,1,1011.4,1471,7,1011.5,2930,18,1011.6,1987,11
317,2025-11-26 15:24:31+05:30,1011.2,5,1003.37,9467015,272629.0,335726.0,986.2,1012.8,981.3,986.2,120775500,1084.8,887.6,1102.5,649.1,1011.1,788,6,1011.0,340,7,1010.9,10,1,1010.8,430,2,1010.7,550,5,1011.2,1501,8,1011.3,99,1,1011.4,1572,8,1011.5,2678,17,1011.6,2238,12
317,2025-11-26 15:24:32+05:30,1011.2,5,1003.37,9467015,272629.0,335726.0,986.2,1012.8,981.3,986.2,120775500,1084.8,887.6,1102.5,649.1,1011.1,788,6,1011.0,340,7,1010.9,10,1,1010.8,430,2,1010.7,550,5,1011.2,1501,8,1011.3,99,1,1011.4,1572,8,1011.5,2678,17,1011.6,2238,12
317,2025-11-26 15:24:32+05:30,1011.1,1,1003.37,9467016,272653.0,336097.0,986.2,1012.8,981.3,986.2,120775500,1084.8,887.6,1102.5,649.1,1011.1,800,7,1011.0,352,8,1010.9,10,1,1010.8,430,2,1010.7,550,5,1011.2,1772,10,1011.3,199,2,1011.4,1572,8,1011.5,2678,17,1011.6,2238,12
317,2025-11-26 15:24:33+05:30,1011.1,1,1003.37,9467016,272653.0,336097.0,986.2,1012.8,981.3,986.2,120775500,1084.8,887.6,1102.5,649.1,1011.1,800,7,1011.0,352,8,1010.9,10,1,1010.8,430,2,1010.7,550,5,1011.2,1772,10,1011.3,199,2,1011.4,1572,8,1011.5,2678,17,1011.6,2238,12
317,2025-11-26 15:24:33+05:30,1011.1,50,1003.37,9467139,272544.0,336091.0,986.2,1012.8,981.3,986.2,120775500,1084.8,887.6,1102.5,649.1,1011.1,691,7,1011.0,352,8,1010.9,10,1,1010.8,430,2,1010.7,550,5,1011.2,1771,10,1011.3,199,2,1011.4,1572,8,1011.5,2678,17,1011.6,2238,12
317,2025-11-26 15:24:34+05:30,1011.2,4,1003.37,9467139,272544.0,336091.0,986.2,1012.8,981.3,986.2,120775500,1084.8,887.6,1102.5,649.1,1011.1,691,7,1011.0,352,8,1010.9,10,1,1010.8,430,2,1010.7,550,5,1011.2,1771,10,1011.3,199,2,1011.4,1572,8,1011.5,2678,17,1011.6,2238,12
317,2025-11-26 15:24:34+05:30,1011.2,198,1003.37,9467709,272694.0,335622.0,986.2,1012.8,981.3,986.2,120775500,1084.8,887.6,1102.5,649.1,1011.1,1161,8,1011.0,154,7,1010.9,152,3,1010.8,597,4,1010.7,550,5,1011.2,1388,11,1011.3,99,1,1011.4,1471,7,1011.5,2178,16,1011.6,2738,13
317,2025-11-26 15:24:35+05:30,1011.2,750,1003.37,9467709,272694.0,335622.0,986.2,1012.8,981.3,986.2,120775500,1084.8,887.6,1102.5,649.1,1011.1,1161,8,1011.0,154,7,1010.9,152,3,1010.8,597,4,1010.7,550,5,1011.2,1388,11,1011.3,99,1,1011.4,1471,7,1011.5,2178,16,1011.6,2738,13
317,2025-11-26 15:24:36+05:30,1011.2,14,1003.37,9468495,273047.0,334802.0,986.2,1012.8,981.3,986.2,120775500,1084.8,887.6,1102.5,649.1,1011.1,1173,8,1011.0,154,7,1010.9,386,4,1010.8,763,5,1010.7,716,6,1011.2,602,8,1011.4,1027,4,1011.5,2183,16,1011.6,1854,9,1011.7,2643,8
317,2025-11-26 15:24:36+05:30,1011.2,14,1003.37,9468495,273047.0,334802.0,986.2,1012.8,981.3,986.2,120775500,1084.8,887.6,1102.5,649.1,1011.1,1173,8,1011.0,154,7,1010.9,386,4,1010.8,763,5,1010.7,716,6,1011.2,602,8,1011.4,1027,4,1011.5,2183,16,1011.6,1854,9,1011.7,2643,8
317,2025-11-26 15:24:37+05:30,1011.2,4,1003.37,9469311,272775.0,334155.0,986.2,1012.8,981.3,986.2,120775500,1084.8,887.6,1102.5,649.1,1011.1,1163,8,1011.0,394,9,1010.9,309,3,1010.8,707,5,1010.7,787,7,1011.2,21,3,1011.4,1258,4,1011.5,2159,15,1011.6,1998,8,1011.7,1923,9
317,2025-11-26 15:24:37+05:30,1011.2,4,1003.37,9469311,272775.0,334155.0,986.2,1012.8,981.3,986.2,120775500,1084.8,887.6,1102.5,649.1,1011.1,1163,8,1011.0,394,9,1010.9,309,3,1010.8,707,5,1010.7,787,7,1011.2,21,3,1011.4,1258,4,1011.5,2159,15,1011.6,1998,8,1011.7,1923,9
317,2025-11-26 15:24:38+05:30,1011.3,63,1003.38,9470747,273044.0,334798.0,986.2,1012.8,981.3,986.2,120775500,1084.8,887.6,1102.5,649.1,1011.1,1077,6,1011.0,158,8,1010.9,365,4,1010.8,787,6,1010.7,874,8,1011.2,56,3,1011.4,1257,3,1011.5,2784,17,1011.6,1910,10,1011.7,2163,10
317,2025-11-26 15:24:38+05:30,1011.3,63,1003.38,9470747,273044.0,334798.0,986.2,1012.8,981.3,986.2,120775500,1084.8,887.6,1102.5,649.1,1011.1,1077,6,1011.0,158,8,1010.9,365,4,1010.8,787,6,1010.7,874,8,1011.2,56,3,1011.4,1257,3,1011.5,2784,17,1011.6,1910,10,1011.7,2163,10
317,2025-11-26 15:24:39+05:30,1011.4,277,1003.38,9470747,273044.0,334798.0,986.2,1012.8,981.3,986.2,120775500,1084.8,887.6,1102.5,649.1,1011.1,1077,6,1011.0,158,8,1010.9,365,4,1010.8,787,6,1010.7,874,8,1011.2,56,3,1011.4,1257,3,1011.5,2784,17,1011.6,1910,10,1011.7,2163,10
317,2025-11-26 15:24:39+05:30,1011.4,34,1003.38,9471884,272352.0,334611.0,986.2,1012.8,981.3,986.2,120775500,1084.8,887.6,1102.5,649.1,1011.2,1,1,1011.1,1075,6,1011.0,158,8,1010.9,644,6,1010.8,787,6,1011.4,327,4,1011.5,2442,17,1011.6,2167,10,1011.7,1874,9,1011.8,1958,12
317,2025-11-26 15:24:40+05:30,1011.2,10,1003.38,9471884,272352.0,334611.0,986.2,1012.8,981.3,986.2,120775500,1084.8,887.6,1102.5,649.1,1011.2,1,1,1011.1,1075,6,1011.0,158,8,1010.9,644,6,1010.8,787,6,1011.4,327,4,1011.5,2442,17,1011.6,2167,10,1011.7,1874,9,1011.8,1958,12
317,2025-11-26 15:24:40+05:30,1011.2,10,1003.38,9472815,272002.0,334204.0,986.2,1012.8,981.3,986.2,120775500,1084.8,887.6,1102.5,649.1,1011.2,5,1,1011.1,943,7,1011.0,154,7,1010.9,638,7,1010.8,788,6,1011.4,324,4,1011.5,2444,17,1011.6,2404,11,1011.7,1874,9,1011.8,1720,11
317,2025-11-26 15:24:41+05:30,1011.2,10,1003.38,9472815,272007.0,334204.0,986.2,1012.8,981.3,986.2,120775500,1084.8,887.6,1102.5,649.1,1011.2,10,2,1011.1,943,7,1011.0,154,7,1010.9,638,7,1010.8,788,6,1011.4,324,4,1011.5,2444,17,1011.6,2404,11,1011.7,1874,9,1011.8,1720,11
317,2025-11-26 15:24:42+05:30,1011.4,5,1003.38,9472815,272007.0,334204.0,986.2,1012.8,981.3,986.2,120775500,1084.8,887.6,1102.5,649.1,1011.2,10,2,1011.1,943,7,1011.0,154,7,1010.9,638,7,1010.8,788,6,1011.4,324,4,1011.5,2444,17,1011.6,2404,11,1011.7,1874,9,1011.8,1720,11
317,2025-11-26 15:24:42+05:30,1011.2,2,1003.38,9472833,272043.0,326582.0,986.2,1012.8,981.3,986.2,120775500,1084.8,887.6,1102.5,649.1,1011.2,115,3,1011.1,925,7,1011.0,154,7,1010.9,592,6,1010.8,788,6,1011.4,308,7,1011.5,2440,17,1011.6,1404,8,1011.7,2671,11,1011.8,983,11
317,2025-11-26 15:24:43+05:30,1011.4,22,1003.38,9472833,272043.0,326582.0,986.2,1012.8,981.3,986.2,120775500,1084.8,887.6,1102.5,649.1,1011.2,115,3,1011.1,925,7,1011.0,154,7,1010.9,592,6,1010.8,788,6,1011.4,308,7,1011.5,2440,17,1011.6,1404,8,1011.7,2671,11,1011.8,983,11
317,2025-11-26 15:24:43+05:30,1011.4,6,1003.38,9472893,272425.0,326676.0,986.2,1012.8,981.3,986.2,120775500,1084.8,887.6,1102.5,649.1,1011.2,207,4,1011.1,922,5,1011.0,154,7,1010.9,671,7,1010.8,788,6,1011.4,321,7,1011.5,2437,17,1011.6,2167,10,1011.7,1921,10,1011.8,1720,11
317,2025-11-26 15:24:44+05:30,1011.4,2,1003.38,9472893,272425.0,326676.0,986.2,1012.8,981.3,986.2,120775500,1084.8,887.6,1102.5,649.1,1011.2,207,4,1011.1,922,5,1011.0,154,7,1010.9,671,7,1010.8,788,6,1011.4,321,7,1011.5,2437,17,1011.6,2167,10,1011.7,1921,10,1011.8,1720,11
317,2025-11-26 15:24:44+05:30,1011.4,2,1003.38,9472977,272370.0,326665.0,986.2,1012.8,981.3,986.2,120775500,1084.8,887.6,1102.5,649.1,1011.2,147,5,1011.1,922,5,1011.0,154,7,1010.9,671,7,1010.8,788,6,1011.4,316,7,1011.5,2437,17,1011.6,2395,11,1011.7,1921,10,1011.8,1720,11
317,2025-11-26 15:24:45+05:30,1011.4,13,1003.38,9472977,272370.0,326665.0,986.2,1012.8,981.3,986.2,120775500,1084.8,887.6,1102.5,649.1,1011.2,147,5,1011.1,922,5,1011.0,154,7,1010.9,671,7,1010.8,788,6,1011.4,316,7,1011.5,2437,17,1011.6,2395,11,1011.7,1921,10,1011.8,1720,11
317,2025-11-26 15:24:45+05:30,1011.4,1,1003.38,9473030,272518.0,326453.0,986.2,1012.8,981.3,986.2,120775500,1084.8,887.6,1102.5,649.1,1011.2,115,5,1011.1,1092,5,1011.0,164,8,1010.9,671,7,1010.8,788,6,1011.4,102,5,1011.5,2438,18,1011.6,2395,11,1011.7,1921,10,1011.8,1720,11
317,2025-11-26 15:24:46+05:30,1011.2,3,1003.38,9473030,272518.0,326453.0,986.2,1012.8,981.3,986.2,120775500,1084.8,887.6,1102.5,649.1,1011.2,115,5,1011.1,1092,5,1011.0,164,8,1010.9,671,7,1010.8,788,6,1011.4,102,5,1011.5,2438,18,1011.6,2395,11,1011.7,1921,10,1011.8,1720,11
317,2025-11-26 15:24:46+05:30,1011.2,1,1003.38,9473314,272392.0,326460.0,986.2,1012.8,981.3,986.2,120775500,1084.8,887.6,1102.5,649.1,1011.2,117,3,1011.1,1092,5,1011.0,404,9,1010.9,671,7,1010.8,801,7,1011.4,219,5,1011.5,2430,18,1011.6,2167,10,1011.7,1921,10,1011.8,1945,12
317,2025-11-26 15:24:47+05:30,1011.3,750,1003.38,9473314,272392.0,326460.0,986.2,1012.8,981.3,986.2,120775500,1084.8,887.6,1102.5,649.1,1011.2,117,3,1011.1,1092,5,1011.0,404,9,1010.9,671,7,1010.8,801,7,1011.4,219,5,1011.5,2430,18,1011.6,2167,10,1011.7,1921,10,1011.8,1945,12
317,2025-11-26 15:24:47+05:30,1011.2,4,1003.38,9474077,272276.0,327359.0,986.2,1012.8,981.3,986.2,120775500,1084.8,887.6,1102.5,649.1,1011.2,577,4,1011.1,297,3,1011.0,164,8,1010.9,584,4,1010.8,1551,8,1011.3,188,2,1011.4,605,9,1011.5,3192,20,1011.6,1417,9,1011.7,2658,10
317,2025-11-26 15:24:48+05:30,1011.2,8,1003.38,9474077,272276.0,327359.0,986.2,1012.8,981.3,986.2,120775500,1084.8,887.6,1102.5,649.1,1011.2,577,4,1011.1,297,3,1011.0,164,8,1010.9,584,4,1010.8,1551,8,1011.3,188,2,1011.4,605,9,1011.5,3192,20,1011.6,1417,9,1011.7,2658,10
317,2025-11-26 15:24:49+05:30,1011.2,248,1003.38,9474454,271263.0,329721.0,986.2,1012.8,981.3,986.2,120775500,1084.8,887.6,1102.5,649.1,1011.2,446,7,1011.1,297,3,1011.0,164,8,1010.9,216,3,1010.8,1464,7,1011.3,1017,7,1011.4,2932,8,1011.5,3469,20,1011.6,917,8,1011.7,2658,10
317,2025-11-26 15:24:49+05:30,1011.2,100,1003.38,9474454,271263.0,329721.0,986.2,1012.8,981.3,986.2,120775500,1084.8,887.6,1102.5,649.1,1011.2,446,7,1011.1,297,3,1011.0,164,8,1010.9,216,3,1010.8,1464,7,1011.3,1017,7,1011.4,2932,8,1011.5,3469,20,1011.6,917,8,1011.7,2658,10
317,2025-11-26 15:24:50+05:30,1011.2,2,1003.38,9475017,272860.0,328192.0,986.2,1012.8,981.3,986.2,120775500,1084.8,887.6,1102.5,649.1,1011.2,542,7,1011.1,849,3,1011.0,164,8,1010.9,663,5,1010.8,1464,7,1011.3,263,4,1011.4,2088,3,1011.5,2657,19,1011.6,2154,9,1011.7,1908,9
317,2025-11-26 15:24:50+05:30,1011.2,2,1003.38,9475017,272860.0,328192.0,986.2,1012.8,981.3,986.2,120775500,1084.8,887.6,1102.5,649.1,1011.2,542,7,1011.1,849,3,1011.0,164,8,1010.9,663,5,1010.8,1464,7,1011.3,263,4,1011.4,2088,3,1011.5,2657,19,1011.6,2154,9,1011.7,1908,9
317,2025-11-26 15:24:51+05:30,1011.2,3,1003.38,9475042,272826.0,328915.0,986.2,1012.8,981.3,986.2,120775500,1084.8,887.6,1102.5,649.1,1011.2,530,6,1011.1,849,3,1011.0,164,8,1010.9,663,5,1010.8,1464,7,1011.3,719,8,1011.4,2299,3,1011.5,3693,20,1011.6,904,7,1011.7,2658,10
317,2025-11-26 15:24:51+05:30,1011.2,3,1003.38,9475042,272826.0,328915.0,986.2,1012.8,981.3,986.2,120775500,1084.8,887.6,1102.5,649.1,1011.2,530,6,1011.1,849,3,1011.0,164,8,1010.9,663,5,1010.8,1464,7,1011.3,719,8,1011.4,2299,3,1011.5,3693,20,1011.6,904,7,1011.7,2658,10
317,2025-11-26 15:24:52+05:30,1011.3,55,1003.38,9475221,273508.0,329254.0,986.2,1012.8,981.3,986.2,120775500,1084.8,887.6,1102.5,649.1,1011.2,1261,7,1011.1,111,3,1011.0,152,7,1010.9,742,6,1010.8,701,5,1011.3,522,7,1011.4,2221,4,1011.5,3407,20,1011.6,1417,9,1011.7,2611,9
317,2025-11-26 15:24:52+05:30,1011.3,55,1003.38,9475221,273508.0,329254.0,986.2,1012.8,981.3,986.2,120775500,1084.8,887.6,1102.5,649.1,1011.2,1261,7,1011.1,111,3,1011.0,152,7,1010.9,742,6,1010.8,701,5,1011.3,522,7,1011.4,2221,4,1011.5,3407,20,1011.6,1417,9,1011.7,2611,9
317,2025-11-26 15:24:53+05:30,1011.2,2,1003.38,9476634,272913.0,327662.0,986.2,1012.8,981.3,986.2,120775500,1084.8,887.6,1102.5,649.1,1011.2,753,2,1011.1,111,3,1011.0,152,7,1010.9,597,5,1010.8,733,6,1011.3,220,6,1011.4,2283,5,1011.5,2633,18,1011.6,2167,10,1011.7,1874,9
317,2025-11-26 15:24:53+05:30,1011.2,2,1003.38,9476634,272913.0,327662.0,986.2,1012.8,981.3,986.2,120775500,1084.8,887.6,1102.5,649.1,1011.2,753,2,1011.1,111,3,1011.0,152,7,1010.9,597,5,1010.8,733,6,1011.3,220,6,1011.4,2283,5,1011.5,2633,18,1011.6,2167,10,1011.7,1874,9
317,2025-11-26 15:24:54+05:30,1011.3,23,1003.38,9477322,272683.0,328277.0,986.2,1012.8,981.3,986.2,120775500,1084.8,887.6,1102.5,649.1,1011.2,267,4,1011.1,155,3,1011.0,152,7,1010.9,676,6,1010.8,733,6,1011.3,360,7,1011.4,2286,5,1011.5,2410,15,1011.6,2381,11,1011.7,1874,9
317,2025-11-26 15:24:54+05:30,1011.3,23,1003.38,9477322,272683.0,328277.0,986.2,1012.8,981.3,986.2,120775500,1084.8,887.6,1102.5,649.1,1011.2,267,4,1011.1,155,3,1011.0,152,7,1010.9,676,6,1010.8,733,6,1011.3,360,7,1011.4,2286,5,1011.5,2410,15,1011.6,2381,11,1011.7,1874,9
317,2025-11-26 15:24:55+05:30,1011.3,1,1003.38,9477322,272683.0,328277.0,986.2,1012.8,981.3,986.2,120775500,1084.8,887.6,1102.5,649.1,1011.2,267,4,1011.1,155,3,1011.0,152,7,1010.9,676,6,1010.8,733,6,1011.3,360,7,1011.4,2286,5,1011.5,2410,15,1011.6,2381,11,1011.7,1874,9
317,2025-11-26 15:24:55+05:30,1011.3,1,1003.38,9477353,272486.0,328281.0,986.2,1012.8,981.3,986.2,120775500,1084.8,887.6,1102.5,649.1,1011.2,268,5,1011.1,155,3,1011.0,152,7,1010.9,676,6,1010.8,733,6,1011.3,243,7,1011.4,2386,6,1011.5,3124,17,1011.6,1667,9,1011.7,1874,9
317,2025-11-26 15:24:56+05:30,1011.2,52,1003.38,9477353,272486.0,328281.0,986.2,1012.8,981.3,986.2,120775500,1084.8,887.6,1102.5,649.1,1011.2,268,5,1011.1,155,3,1011.0,152,7,1010.9,676,6,1010.8,733,6,1011.3,243,7,1011.4,2386,6,1011.5,3124,17,1011.6,1667,9,1011.7,1874,9
317,2025-11-26 15:24:56+05:30,1011.2,52,1003.38,9478155,271927.0,326252.0,986.2,1012.8,981.3,986.2,120775500,1084.8,887.6,1102.5,649.1,1011.3,1,1,1011.2,230,6,1011.1,169,4,1011.0,152,7,1010.9,755,7,1011.4,1880,5,1011.5,2765,15,1011.6,1881,10,1011.7,2088,10,1011.8,1645,9
317,2025-11-26 15:24:57+05:30,1011.4,253,1003.38,9478155,271927.0,326252.0,986.2,1012.8,981.3,986.2,120775500,1084.8,887.6,1102.5,649.1,1011.3,1,1,1011.2,230,6,1011.1,169,4,1011.0,152,7,1010.9,755,7,1011.4,1880,5,1011.5,2765,15,1011.6,1881,10,1011.7,2088,10,1011.8,1645,9
317,2025-11-26 15:24:57+05:30,1011.4,253,1003.38,9478566,271738.0,326255.0,986.2,1012.8,981.3,986.2,120775500,1084.8,887.6,1102.5,649.1,1011.2,216,5,1011.1,169,4,1011.0,136,6,1010.9,597,5,1010.8,804,7,1011.4,2171,9,1011.5,2916,16,1011.6,1667,9,1011.7,2088,10,1011.8,1716,10
317,2025-11-26 15:24:58+05:30,1011.1,8,1003.38,9478566,271738.0,326255.0,986.2,1012.8,981.3,986.2,120775500,1084.8,887.6,1102.5,649.1,1011.2,216,5,1011.1,169,4,1011.0,136,6,1010.9,597,5,1010.8,804,7,1011.4,2171,9,1011.5,2916,16,1011.6,1667,9,1011.7,2088,10,1011.8,1716,10
317,2025-11-26 15:24:58+05:30,1011.3,32,1003.38,9479282,273791.0,325483.0,986.2,1012.8,981.3,986.2,120775500,1084.8,887.6,1102.5,649.1,1011.2,811,4,1011.1,16,2,1011.0,124,4,1010.9,587,4,1010.8,791,6,1011.3,53,1,1011.4,1951,10,1011.5,2916,16,1011.6,2153,11,1011.7,1874,9
317,2025-11-26 15:24:59+05:30,1011.3,3,1003.38,9479282,273791.0,325483.0,986.2,1012.8,981.3,986.2,120775500,1084.8,887.6,1102.5,649.1,1011.2,811,4,1011.1,16,2,1011.0,124,4,1010.9,587,4,1010.8,791,6,1011.3,53,1,1011.4,1951,10,1011.5,2916,16,1011.6,2153,11,1011.7,1874,9
317,2025-11-26 15:24:59+05:30,1011.3,3,1003.38,9479635,273019.0,325708.0,986.2,1012.8,981.3,986.2,120775500,1084.8,887.6,1102.5,649.1,1011.2,801,4,1011.1,16,2,1011.0,124,4,1010.9,587,4,1010.8,791,6,1011.3,69,1,1011.4,1785,9,1011.5,2916,16,1011.6,2153,11,1011.7,1874,9
317,2025-11-26 15:25:00+05:30,1011.3,9,1003.38,9479635,273019.0,325708.0,986.2,1012.8,981.3,986.2,120775500,1084.8,887.6,1102.5,649.1,1011.2,801,4,1011.1,16,2,1011.0,124,4,1010.9,587,4,1010.8,791,6,1011.3,69,1,1011.4,1785,9,1011.5,2916,16,1011.6,2153,11,1011.7,1874,9
317,2025-11-26 15:25:00+05:30,1011.3,9,1003.38,9481445,271919.0,320400.0,986.2,1012.8,981.3,986.2,120775500,1084.8,887.6,1102.5,649.1,1011.3,496,3,1011.2,816,6,1011.1,214,3,1011.0,492,5,1010.9,769,7,1011.4,1826,9,1011.5,1598,11,1011.6,2178,9,1011.7,1648,6,1011.8,1441,7
317,2025-11-26 15:25:01+05:30,1011.3,13,1003.38,9481445,271919.0,320400.0,986.2,1012.8,981.3,986.2,120775500,1084.8,887.6,1102.5,649.1,1011.3,496,3,1011.2,816,6,1011.1,214,3,1011.0,492,5,1010.9,769,7,1011.4,1826,9,1011.5,1598,11,1011.6,2178,9,1011.7,1648,6,1011.8,1441,7
317,2025-11-26 15:25:01+05:30,1011.2,97,1003.39,9483195,268568.0,321325.0,986.2,1012.8,981.3,986.2,120775500,1084.8,887.6,1102.5,649.1,1011.1,218,4,1011.0,110,3,1010.9,202,1,1010.7,1145,3,1010.6,378,2,1011.2,253,1,1011.3,2400,8,1011.4,2320,13,1011.5,2770,15,1011.6,1301,9
317,2025-11-26 15:25:02+05:30,1011.2,7,1003.39,9483195,268568.0,321325.0,986.2,1012.8,981.3,986.2,120775500,1084.8,887.6,1102.5,649.1,1011.1,218,4,1011.0,110,3,1010.9,202,1,1010.7,1145,3,1010.6,378,2,1011.2,253,1,1011.3,2400,8,1011.4,2320,13,1011.5,2770,15,1011.6,1301,9
317,2025-11-26 15:25:02+05:30,1011.2,5,1003.39,9486805,268948.0,319793.0,986.2,1012.8,981.3,986.2,120775500,1084.8,887.6,1102.5,649.1,1011.2,3,1,1011.1,35,1,1011.0,11,1,1010.8,207,2,1010.7,1114,2,1011.3,506,4,1011.4,2085,10,1011.5,2696,14,1011.6,1571,8,1011.7,2043,7
317,2025-11-26 15:25:03+05:30,1011.2,1,1003.39,9486805,268948.0,319793.0,986.2,1012.8,981.3,986.2,120775500,1084.8,887.6,1102.5,649.1,1011.2,3,1,1011.1,35,1,1011.0,11,1,1010.8,207,2,1010.7,1114,2,1011.3,506,4,1011.4,2085,10,1011.5,2696,14,1011.6,1571,8,1011.7,2043,7
317,2025-11-26 15:25:03+05:30,1011.2,1,1003.39,9487519,267679.0,320733.0,986.2,1012.8,981.3,986.2,120775500,1084.8,887.6,1102.5,649.1,1010.8,76,1,1010.7,1060,3,1010.6,395,3,1010.5,761,9,1010.4,881,6,1011.2,998,3,1011.3,1057,7,1011.4,1985,9,1011.5,2001,12,1011.6,1611,9
317,2025-11-26 15:25:04+05:30,1011.1,3,1003.39,9487519,267679.0,320733.0,986.2,1012.8,981.3,986.2,120775500,1084.8,887.6,1102.5,649.1,1010.8,76,1,1010.7,1060,3,1010.6,395,3,1010.5,761,9,1010.4,881,6,1011.2,998,3,1011.3,1057,7,1011.4,1985,9,1011.5,2001,12,1011.6,1611,9
317,2025-11-26 15:25:04+05:30,1011.1,3,1003.39,9487526,268855.0,313428.0,986.2,1012.8,981.3,986.2,120775500,1084.8,887.6,1102.5,649.1,1010.8,844,4,1010.7,648,6,1010.6,438,4,1010.5,680,8,1010.4,868,5,1010.9,197,1,1011.0,999,2,1011.2,10,3,1011.3,331,3,1011.4,1462,7
317,2025-11-26 15:25:05+05:30,1010.8,4,1003.39,9487530,269148.0,314362.0,986.2,1012.8,981.3,986.2,120775500,1084.8,887.6,1102.5,649.1,1010.8,751,4,1010.7,382,3,1010.6,536,6,1010.5,846,10,1010.4,868,5,1010.9,1610,4,1011.0,10,1,1011.2,10,3,1011.3,1623,6,1011.4,931,6
317,2025-11-26 15:25:06+05:30,1010.9,2,1003.39,9487530,269148.0,314362.0,986.2,1012.8,981.3,986.2,120775500,1084.8,887.6,1102.5,649.1,1010.8,751,4,1010.7,382,3,1010.6,536,6,1010.5,846,10,1010.4,868,5,1010.9,1610,4,1011.0,10,1,1011.2,10,3,1011.3,1623,6,1011.4,931,6
317,2025-11-26 15:25:06+05:30,1010.8,4,1003.39,9487536,270949.0,314370.0,986.2,1012.8,981.3,986.2,120775500,1084.8,887.6,1102.5,649.1,1010.8,1706,7,1010.7,540,5,1010.6,460,5,1010.5,767,9,1010.4,868,5,1010.9,1612,5,1011.0,46,2,1011.2,10,3,1011.3,1131,5,1011.4,1410,6
317,2025-11-26 15:25:07+05:30,1010.9,4,1003.39,9487536,270949.0,314370.0,986.2,1012.8,981.3,986.2,120775500,1084.8,887.6,1102.5,649.1,1010.8,1706,7,1010.7,540,5,1010.6,460,5,1010.5,767,9,1010.4,868,5,1010.9,1612,5,1011.0,46,2,1011.2,10,3,1011.3,1131,5,1011.4,1410,6
317,2025-11-26 15:25:07+05:30,1010.8,3,1003.39,9490400,267610.0,313573.0,986.2,1012.8,981.3,986.2,120775500,1084.8,887.6,1102.5,649.1,1010.8,42,2,1010.7,186,3,1010.6,98,2,1010.5,659,8,1010.4,834,4,1010.9,421,2,1011.0,36,1,1011.1,130,2,1011.2,640,6,1011.3,2289,10
317,2025-11-26 15:25:08+05:30,1010.8,1,1003.39,9490400,267610.0,313573.0,986.2,1012.8,981.3,986.2,120775500,1084.8,887.6,1102.5,649.1,1010.8,42,2,1010.7,186,3,1010.6,98,2,1010.5,659,8,1010.4,834,4,1010.9,421,2,1011.0,36,1,1011.1,130,2,1011.2,640,6,1011.3,2289,10
317,2025-11-26 15:25:09+05:30,1010.8,2,1003.39,9490902,270992.0,313992.0,986.2,1012.8,981.3,986.2,120775500,1084.8,887.6,1102.5,649.1,1010.7,11,1,1010.6,516,5,1010.5,369,8,1010.4,852,6,1010.3,2660,7,1010.8,195,1,1010.9,558,5,1011.0,38,2,1011.1,380,3,1011.2,841,5
317,2025-11-26 15:25:09+05:30,1010.9,81,1003.39,9490902,270992.0,313992.0,986.2,1012.8,981.3,986.2,120775500,1084.8,887.6,1102.5,649.1,1010.7,11,1,1010.6,516,5,1010.5,369,8,1010.4,852,6,1010.3,2660,7,1010.8,195,1,1010.9,558,5,1011.0,38,2,1011.1,380,3,1011.2,841,5
317,2025-11-26 15:25:10+05:30,1010.8,2,1003.39,9491298,271185.0,313778.0,986.2,1012.8,981.3,986.2,120775500,1084.8,887.6,1102.5,649.1,1010.7,202,3,1010.6,330,3,1010.5,445,9,1010.4,852,6,1010.3,2660,7,1010.8,7,1,1010.9,408,5,1011.0,38,2,1011.1,130,2,1011.2,841,5
317,2025-11-26 15:25:10+05:30,1010.7,75,1003.39,9491298,271185.0,313778.0,986.2,1012.8,981.3,986.2,120775500,1084.8,887.6,1102.5,649.1,1010.7,202,3,1010.6,330,3,1010.5,445,9,1010.4,852,6,1010.3,2660,7,1010.8,7,1,1010.9,408,5,1011.0,38,2,1011.1,130,2,1011.2,841,5
317,2025-11-26 15:25:11+05:30,1010.8,1,1003.39,9491375,271096.0,312625.0,986.2,1012.8,981.3,986.2,120775500,1084.8,887.6,1102.5,649.1,1010.7,34,3,1010.6,407,4,1010.5,369,8,1010.4,930,7,1010.3,2660,7,1010.8,186,2,1010.9,487,7,1011.0,2,1,1011.1,5,1,1011.2,495,4
317,2025-11-26 15:25:11+05:30,1010.7,3,1003.39,9491375,271096.0,312625.0,986.2,1012.8,981.3,986.2,120775500,1084.8,887.6,1102.5,649.1,1010.7,34,3,1010.6,407,4,1010.5,369,8,1010.4,930,7,1010.3,2660,7,1010.8,186,2,1010.9,487,7,1011.0,2,1,1011.1,5,1,1011.2,495,4
317,2025-11-26 15:25:12+05:30,1010.8,4,1003.39,9491502,271081.0,312735.0,986.2,1012.8,981.3,986.2,120775500,1084.8,887.6,1102.5,649.1,1010.7,27,4,1010.6,330,3,1010.5,516,10,1010.4,852,6,1010.3,2160,6,1010.8,228,7,1010.9,485,5,1011.0,188,2,1011.1,382,3,1011.2,1245,5
317,2025-11-26 15:25:12+05:30,1010.8,4,1003.39,9491502,271081.0,312735.0,986.2,1012.8,981.3,986.2,120775500,1084.8,887.6,1102.5,649.1,1010.7,27,4,1010.6,330,3,1010.5,516,10,1010.4,852,6,1010.3,2160,6,1010.8,228,7,1010.9,485,5,1011.0,188,2,1011.1,382,3,1011.2,1245,5
317,2025-11-26 15:25:13+05:30,1010.8,14,1003.39,9491502,271081.0,312735.0,986.2,1012.8,981.3,986.2,120775500,1084.8,887.6,1102.5,649.1,1010.7,27,4,1010.6,330,3,1010.5,516,10,1010.4,852,6,1010.3,2160,6,1010.8,228,7,1010.9,485,5,1011.0,188,2,1011.1,382,3,1011.2,1245,5
317,2025-11-26 15:25:13+05:30,1010.8,14,1003.39,9491887,271569.0,312212.0,986.2,1012.8,981.3,986.2,120775500,1084.8,887.6,1102.5,649.1,1010.7,80,5,1010.6,330,3,1010.5,384,8,1010.4,930,7,1010.3,2660,7,1010.8,13,3,1010.9,485,5,1011.0,2,1,1011.1,382,3,1011.2,1431,6
317,2025-11-26 15:25:14+05:30,1010.8,2,1003.39,9491887,271569.0,312212.0,986.2,1012.8,981.3,986.2,120775500,1084.8,887.6,1102.5,649.1,1010.7,80,5,1010.6,330,3,1010.5,384,8,1010.4,930,7,1010.3,2660,7,1010.8,13,3,1010.9,485,5,1011.0,2,1,1011.1,382,3,1011.2,1431,6
317,2025-11-26 15:25:14+05:30,1010.8,2,1003.39,9492052,259388.0,309946.0,986.2,1012.8,981.3,986.2,120775500,1084.8,887.6,1102.5,649.1,1010.7,83,4,1010.6,22,1,1010.5,147,5,1010.4,671,5,1010.3,476,4,1010.8,223,6,1010.9,401,4,1011.0,188,2,1011.1,382,3,1011.2,1778,8
317,2025-11-26 15:25:15+05:30,1010.8,4,1003.39,9492052,259388.0,309946.0,986.2,1012.8,981.3,986.2,120775500,1084.8,887.6,1102.5,649.1,1010.7,83,4,1010.6,22,1,1010.5,147,5,1010.4,671,5,1010.3,476,4,1010.8,223,6,1010.9,401,4,1011.0,188,2,1011.1,382,3,1011.2,1778,8
317,2025-11-26 15:25:15+05:30,1010.7,1,1003.39,9492332,259711.0,309851.0,986.2,1012.8,981.3,986.2,120775500,1084.8,887.6,1102.5,649.1,1010.7,161,4,1010.6,281,3,1010.5,221,6,1010.4,593,4,1010.3,476,4,1010.8,112,4,1010.9,215,3,1011.0,2,1,1011.1,568,4,1011.2,1778,8
317,2025-11-26 15:25:16+05:30,1010.8,6,1003.39,9492332,259711.0,309851.0,986.2,1012.8,981.3,986.2,120775500,1084.8,887.6,1102.5,649.1,1010.7,161,4,1010.6,281,3,1010.5,221,6,1010.4,593,4,1010.3,476,4,1010.8,112,4,1010.9,215,3,1011.0,2,1,1011.1,568,4,1011.2,1778,8
317,2025-11-26 15:25:16+05:30,1010.8,7,1003.39,9492441,259774.0,308799.0,986.2,1012.8,981.3,986.2,120775500,1084.8,887.6,1102.5,649.1,1010.7,293,7,1010.6,281,3,1010.5,134,4,1010.4,593,4,1010.3,547,4,1010.8,110,6,1010.9,243,4,1011.0,354,4,1011.1,782,6,1011.2,1807,9
317,2025-11-26 15:25:17+05:30,1010.7,1,1003.39,9492441,259774.0,308799.0,986.2,1012.8,981.3,986.2,120775500,1084.8,887.6,1102.5,649.1,1010.7,293,7,1010.6,281,3,1010.5,134,4,1010.4,593,4,1010.3,547,4,1010.8,110,6,1010.9,243,4,1011.0,354,4,1011.1,782,6,1011.2,1807,9
317,2025-11-26 15:25:17+05:30,1010.7,100,1003.39,9493232,261493.0,309810.0,986.2,1012.8,981.3,986.2,120775500,1084.8,887.6,1102.5,649.1,1010.6,281,3,1010.5,10,4,1010.4,662,4,1010.3,387,2,1010.2,2536,9,1010.7,103,1,1010.8,112,7,1010.9,243,4,1011.0,952,6,1011.1,596,5
317,2025-11-26 15:25:18+05:30,1010.6,9,1003.39,9493232,261493.0,309810.0,986.2,1012.8,981.3,986.2,120775500,1084.8,887.6,1102.5,649.1,1010.6,281,3,1010.5,10,4,1010.4,662,4,1010.3,387,2,1010.2,2536,9,1010.7,103,1,1010.8,112,7,1010.9,243,4,1011.0,952,6,1011.1,596,5
317,2025-11-26 15:25:18+05:30,1010.6,9,1003.39,9493559,261215.0,307009.0,986.2,1012.8,981.3,986.2,120775500,1084.8,887.6,1102.5,649.1,1010.6,300,4,1010.5,230,5,1010.4,667,5,1010.3,470,4,1010.2,2452,8,1010.7,75,1,1010.8,108,5,1010.9,79,2,1011.0,924,5,1011.1,596,5
317,2025-11-26 15:25:19+05:30,1010.6,9,1003.39,9493559,261215.0,307009.0,986.2,1012.8,981.3,986.2,120775500,1084.8,887.6,1102.5,649.1,1010.6,300,4,1010.5,230,5,1010.4,667,5,1010.3,470,4,1010.2,2452,8,1010.7,75,1,1010.8,108,5,1010.9,79,2,1011.0,924,5,1011.1,596,5
317,2025-11-26 15:25:19+05:30,1010.6,9,1003.39,9494177,259537.0,305269.0,986.2,1012.8,981.3,986.2,120775500,1084.8,887.6,1102.5,649.1,1010.6,161,4,1010.5,10,4,1010.4,583,2,1010.3,374,1,1010.2,607,6,1010.7,273,5,1010.8,106,4,1010.9,716,7,1011.0,1012,7,1011.1,1652,6
317,2025-11-26 15:25:20+05:30,1010.6,3,1003.39,9494177,259537.0,305269.0,986.2,1012.8,981.3,986.2,120775500,1084.8,887.6,1102.5,649.1,1010.6,161,4,1010.5,10,4,1010.4,583,2,1010.3,374,1,1010.2,607,6,1010.7,273,5,1010.8,106,4,1010.9,716,7,1011.0,1012,7,1011.1,1652,6
317,2025-11-26 15:25:20+05:30,1010.7,6,1003.39,9494189,258581.0,305601.0,986.2,1012.8,981.3,986.2,120775500,1084.8,887.6,1102.5,649.1,1010.6,169,5,1010.5,10,4,1010.4,287,3,1010.3,394,2,1010.2,439,4,1010.7,651,8,1010.8,263,5,1010.9,442,5,1011.0,1775,9,1011.1,889,4
317,2025-11-26 15:25:21+05:30,1010.6,59,1003.39,9494189,258581.0,305601.0,986.2,1012.8,981.3,986.2,120775500,1084.8,887.6,1102.5,649.1,1010.6,169,5,1010.5,10,4,1010.4,287,3,1010.3,394,2,1010.2,439,4,1010.7,651,8,1010.8,263,5,1010.9,442,5,1011.0,1775,9,1011.1,889,4
317,2025-11-26 15:25:21+05:30,1010.5,5,1003.39,9494581,257006.0,306630.0,986.2,1012.8,981.3,986.2,120775500,1084.8,887.6,1102.5,649.1,1010.5,10,4,1010.4,221,3,1010.2,401,3,1010.1,672,6,1010.0,837,16,1010.6,80,1,1010.7,682,10,1010.8,692,9,1010.9,1504,6,1011.0,1012,7
317,2025-11-26 15:25:22+05:30,1010.5,1,1003.39,9494581,257006.0,306630.0,986.2,1012.8,981.3,986.2,120775500,1084.8,887.6,1102.5,649.1,1010.5,10,4,1010.4,221,3,1010.2,401,3,1010.1,672,6,1010.0,837,16,1010.6,80,1,1010.7,682,10,1010.8,692,9,1010.9,1504,6,1011.0,1012,7
317,2025-11-26 15:25:23+05:30,1010.4,2,1003.39,9494764,257467.0,305944.0,986.2,1012.8,981.3,986.2,120775500,1084.8,887.6,1102.5,649.1,1010.4,363,4,1010.3,4,1,1010.2,20,1,1010.1,671,7,1010.0,837,16,1010.7,828,11,1010.8,692,9,1010.9,1504,6,1011.0,531,6,1011.1,778,2
317,2025-11-26 15:25:23+05:30,1010.0,36,1003.39,9494764,257467.0,305944.0,986.2,1012.8,981.3,986.2,120775500,1084.8,887.6,1102.5,649.1,1010.4,363,4,1010.3,4,1,1010.2,20,1,1010.1,671,7,1010.0,837,16,1010.7,828,11,1010.8,692,9,1010.9,1504,6,1011.0,531,6,1011.1,778,2
317,2025-11-26 15:25:24+05:30,1010.6,3,1003.4,9499609,255640.0,305519.0,986.2,1012.8,981.3,986.2,120775500,1084.8,887.6,1102.5,649.1,1010.3,4,1,1010.1,11,1,1010.0,310,2,1009.9,633,4,1009.8,1435,7,1010.6,1649,4,1010.7,1520,14,1010.8,613,9,1010.9,1052,6,1011.0,195,5
317,2025-11-26 15:25:24+05:30,1010.0,10,1003.4,9499609,255640.0,305519.0,986.2,1012.8,981.3,986.2,120775500,1084.8,887.6,1102.5,649.1,1010.3,4,1,1010.1,11,1,1010.0,310,2,1009.9,633,4,1009.8,1435,7,1010.6,1649,4,1010.7,1520,14,1010.8,613,9,1010.9,1052,6,1011.0,195,5
317,2025-11-26 15:25:25+05:30,1010.5,4,1003.4,9499609,255640.0,305519.0,986.2,1012.8,981.3,986.2,120775500,1084.8,887.6,1102.5,649.1,1010.3,4,1,1010.1,11,1,1010.0,310,2,1009.9,633,4,1009.8,1435,7,1010.6,1649,4,1010.7,1520,14,1010.8,613,9,1010.9,1052,6,1011.0,195,5
317,2025-11-26 15:25:25+05:30,1010.5,4,1003.4,9500449,257208.0,304742.0,986.2,1012.8,981.3,986.2,120775500,1084.8,887.6,1102.5,649.1,1009.9,713,6,1009.8,1246,5,1009.7,2895,9,1009.6,1256,5,1009.5,514,8,1010.5,1336,2,1010.6,491,4,1010.7,1541,12,1010.8,433,8,1010.9,836,5
317,2025-11-26 15:25:26+05:30,1010.0,483,1003.4,9500449,257208.0,304742.0,986.2,1012.8,981.3,986.2,120775500,1084.8,887.6,1102.5,649.1,1009.9,713,6,1009.8,1246,5,1009.7,2895,9,1009.6,1256,5,1009.5,514,8,1010.5,1336,2,1010.6,491,4,1010.7,1541,12,1010.8,433,8,1010.9,836,5
317,2025-11-26 15:25:26+05:30,1010.0,483,1003.4,9504142,260129.0,300797.0,986.2,1012.8,981.3,986.2,120775500,1084.8,887.6,1102.5,649.1,1010.0,841,5,1009.9,1932,9,1009.8,638,5,1009.7,1216,6,1009.6,2040,6,1010.3,2,1,1010.4,39,2,1010.5,5,1,1010.7,898,7,1010.8,1106,7
317,2025-11-26 15:25:27+05:30,1009.9,777,1003.4,9504142,260129.0,300797.0,986.2,1012.8,981.3,986.2,120775500,1084.8,887.6,1102.5,649.1,1010.0,841,5,1009.9,1932,9,1009.8,638,5,1009.7,1216,6,1009.6,2040,6,1010.3,2,1,1010.4,39,2,1010.5,5,1,1010.7,898,7,1010.8,1106,7
317,2025-11-26 15:25:27+05:30,1009.9,208,1003.4,9506698,260158.0,302581.0,986.2,1012.8,981.3,986.2,120775500,1084.8,887.6,1102.5,649.1,1009.9,258,4,1009.8,27,3,1009.7,1204,5,1009.6,2685,6,1009.5,1143,10,1010.1,263,1,1010.3,116,4,1010.4,121,4,1010.5,320,5,1010.6,496,5
317,2025-11-26 15:25:28+05:30,1010.1,11,1003.4,9506698,260158.0,302581.0,986.2,1012.8,981.3,986.2,120775500,1084.8,887.6,1102.5,649.1,1009.9,258,4,1009.8,27,3,1009.7,1204,5,1009.6,2685,6,1009.5,1143,10,1010.1,263,1,1010.3,116,4,1010.4,121,4,1010.5,320,5,1010.6,496,5
317,2025-11-26 15:25:28+05:30,1010.1,11,1003.4,9506748,260447.0,301197.0,986.2,1012.8,981.3,986.2,120775500,1084.8,887.6,1102.5,649.1,1009.9,80,3,1009.8,33,3,1009.7,1191,4,1009.6,3435,7,1009.5,1044,9,1010.0,1474,2,1010.1,226,2,1010.3,311,4,1010.4,116,3,1010.5,316,5
317,2025-11-26 15:25:29+05:30,1010.0,4,1003.4,9506748,260447.0,301197.0,986.2,1012.8,981.3,986.2,120775500,1084.8,887.6,1102.5,649.1,1009.9,80,3,1009.8,33,3,1009.7,1191,4,1009.6,3435,7,1009.5,1044,9,1010.0,1474,2,1010.1,226,2,1010.3,311,4,1010.4,116,3,1010.5,316,5
317,2025-11-26 15:25:29+05:30,1010.0,4,1003.4,9506755,261175.0,301232.0,986.2,1012.8,981.3,986.2,120775500,1084.8,887.6,1102.5,649.1,1009.9,48,2,1009.8,45,4,1009.7,1191,4,1009.6,4185,8,1009.5,1544,10,1010.0,1472,3,1010.1,220,1,1010.3,311,4,1010.4,158,4,1010.5,330,6
317,2025-11-26 15:25:30+05:30,1009.9,8,1003.4,9506755,261175.0,301232.0,986.2,1012.8,981.3,986.2,120775500,1084.8,887.6,1102.5,649.1,1009.9,48,2,1009.8,45,4,1009.7,1191,4,1009.6,4185,8,1009.5,1544,10,1010.0,1472,3,1010.1,220,1,1010.3,311,4,1010.4,158,4,1010.5,330,6
317,2025-11-26 15:25:30+05:30,1009.9,400,1003.4,9508891,261302.0,300296.0,986.2,1012.8,981.3,986.2,120775500,1084.8,887.6,1102.5,649.1,1009.9,350,1,1009.8,431,7,1009.7,940,4,1009.6,2255,4,1009.5,2178,11,1010.0,545,7,1010.1,220,1,1010.4,429,3,1010.5,104,2,1010.6,468,5
317,2025-11-26 15:25:31+05:30,1010.0,14,1003.4,9508891,261302.0,300296.0,986.2,1012.8,981.3,986.2,120775500,1084.8,887.6,1102.5,649.1,1009.9,350,1,1009.8,431,7,1009.7,940,4,1009.6,2255,4,1009.5,2178,11,1010.0,545,7,1010.1,220,1,1010.4,429,3,1010.5,104,2,1010.6,468,5
317,2025-11-26 15:25:31+05:30,1010.0,14,1003.4,9508905,262670.0,301145.0,986.2,1012.8,981.3,986.2,120775500,1084.8,887.6,1102.5,649.1,1009.9,358,4,1009.8,555,8,1009.7,66,2,1009.6,2755,5,1009.5,2175,11,1010.0,984,10,1010.1,220,1,1010.4,426,3,1010.5,117,3,1010.6,973,7
317,2025-11-26 15:25:32+05:30,1010.0,609,1003.4,9508905,262670.0,301145.0,986.2,1012.8,981.3,986.2,120775500,1084.8,887.6,1102.5,649.1,1009.9,358,4,1009.8,555,8,1009.7,66,2,1009.6,2755,5,1009.5,2175,11,1010.0,984,10,1010.1,220,1,1010.4,426,3,1010.5,117,3,1010.6,973,7
317,2025-11-26 15:25:32+05:30,1010.0,1,1003.41,9515872,263093.0,301367.0,986.2,1012.8,981.3,986.2,120775500,1084.8,887.6,1102.5,649.1,1009.8,247,6,1009.7,1940,5,1009.6,3921,7,1009.5,1038,10,1009.4,253,5,1010.0,1581,8,1010.1,77,2,1010.3,253,2,1010.4,50,1,1010.5,389,3
317,2025-11-26 15:25:33+05:30,1010.0,1,1003.41,9515872,263093.0,301367.0,986.2,1012.8,981.3,986.2,120775500,1084.8,887.6,1102.5,649.1,1009.8,247,6,1009.7,1940,5,1009.6,3921,7,1009.5,1038,10,1009.4,253,5,1010.0,1581,8,1010.1,77,2,1010.3,253,2,1010.4,50,1,1010.5,389,3
317,2025-11-26 15:25:33+05:30,1010.0,1,1003.41,9515874,263266.0,302026.0,986.2,1012.8,981.3,986.2,120775500,1084.8,887.6,1102.5,649.1,1009.8,243,5,1009.7,1940,5,1009.6,3921,7,1009.5,1033,10,1009.4,253,5,1010.0,1598,10,1010.1,77,2,1010.2,28,1,1010.3,655,5,1010.4,437,3
317,2025-11-26 15:25:34+05:30,1009.8,7,1003.41,9515874,263266.0,302026.0,986.2,1012.8,981.3,986.2,120775500,1084.8,887.6,1102.5,649.1,1009.8,243,5,1009.7,1940,5,1009.6,3921,7,1009.5,1033,10,1009.4,253,5,1010.0,1598,10,1010.1,77,2,1010.2,28,1,1010.3,655,5,1010.4,437,3
317,2025-11-26 15:25:35+05:30,1010.0,1,1003.41,9516084,262278.0,301936.0,986.2,1012.8,981.3,986.2,120775500,1084.8,887.6,1102.5,649.1,1009.8,60,5,1009.7,486,4,1009.6,2254,4,1009.5,2173,10,1009.4,1503,7,1010.0,1511,14,1010.1,77,2,1010.2,28,1,1010.3,653,5,1010.4,437,3
317,2025-11-26 15:25:35+05:30,1010.0,1,1003.41,9516084,262278.0,301936.0,986.2,1012.8,981.3,986.2,120775500,1084.8,887.6,1102.5,649.1,1009.8,60,5,1009.7,486,4,1009.6,2254,4,1009.5,2173,10,1009.4,1503,7,1010.0,1511,14,1010.1,77,2,1010.2,28,1,1010.3,653,5,1010.4,437,3
317,2025-11-26 15:25:36+05:30,1009.9,1,1003.41,9516084,262278.0,301936.0,986.2,1012.8,981.3,986.2,120775500,1084.8,887.6,1102.5,649.1,1009.8,60,5,1009.7,486,4,1009.6,2254,4,1009.5,2173,10,1009.4,1503,7,1010.0,1511,14,1010.1,77,2,1010.2,28,1,1010.3,653,5,1010.4,437,3
317,2025-11-26 15:25:36+05:30,1009.9,1,1003.41,9516087,262302.0,302118.0,986.2,1012.8,981.3,986.2,120775500,1084.8,887.6,1102.5,649.1,1009.8,73,6,1009.7,497,5,1009.6,2254,4,1009.5,2172,9,1009.4,1504,8,1009.9,43,2,1010.0,1650,15,1010.1,82,3,1010.2,28,1,1010.3,653,5
317,2025-11-26 15:25:37+05:30,1009.8,6,1003.41,9516087,262302.0,302118.0,986.2,1012.8,981.3,986.2,120775500,1084.8,887.6,1102.5,649.1,1009.8,73,6,1009.7,497,5,1009.6,2254,4,1009.5,2172,9,1009.4,1504,8,1009.9,43,2,1010.0,1650,15,1010.1,82,3,1010.2,28,1,1010.3,653,5
317,2025-11-26 15:25:37+05:30,1009.8,6,1003.41,9516103,263105.0,303361.0,986.2,1012.8,981.3,986.2,120775500,1084.8,887.6,1102.5,649.1,1009.8,49,4,1009.7,497,5,1009.6,2254,4,1009.5,2898,9,1009.4,793,5,1009.9,47,5,1010.0,1719,14,1010.1,690,2,1010.2,546,3,1010.3,652,4
317,2025-11-26 15:25:38+05:30,1009.7,3,1003.41,9516103,263105.0,303361.0,986.2,1012.8,981.3,986.2,120775500,1084.8,887.6,1102.5,649.1,1009.8,49,4,1009.7,497,5,1009.6,2254,4,1009.5,2898,9,1009.4,793,5,1009.9,47,5,1010.0,1719,14,1010.1,690,2,1010.2,546,3,1010.3,652,4
317,2025-11-26 15:25:38+05:30,1009.7,3,1003.41,9516553,262549.0,304804.0,986.2,1012.8,981.3,986.2,120775500,1084.8,887.6,1102.5,649.1,1009.7,553,4,1009.6,2254,4,1009.5,3272,10,1009.4,793,5,1009.3,32,4,1009.8,214,1,1009.9,449,5,1010.0,1724,15,1010.1,1064,3,1010.2,365,3
317,2025-11-26 15:25:39+05:30,1009.8,45,1003.41,9516553,262549.0,304804.0,986.2,1012.8,981.3,986.2,120775500,1084.8,887.6,1102.5,649.1,1009.7,553,4,1009.6,2254,4,1009.5,3272,10,1009.4,793,5,1009.3,32,4,1009.8,214,1,1009.9,449,5,1010.0,1724,15,1010.1,1064,3,1010.2,365,3
317,2025-11-26 15:25:39+05:30,1009.8,83,1003.41,9517688,262982.0,303340.0,986.2,1012.8,981.3,986.2,120775500,1084.8,887.6,1102.5,649.1,1009.7,595,6,1009.6,2628,5,1009.5,3398,10,1009.4,793,5,1009.3,44,5,1009.8,123,1,1009.9,3,2,1010.0,1557,12,1010.1,690,2,1010.2,365,3
317,2025-11-26 15:25:40+05:30,1009.8,1,1003.41,9517688,262982.0,303340.0,986.2,1012.8,981.3,986.2,120775500,1084.8,887.6,1102.5,649.1,1009.7,595,6,1009.6,2628,5,1009.5,3398,10,1009.4,793,5,1009.3,44,5,1009.8,123,1,1009.9,3,2,1010.0,1557,12,1010.1,690,2,1010.2,365,3
317,2025-11-26 15:25:40+05:30,1009.8,1,1003.41,9517698,263214.0,304033.0,986.2,1012.8,981.3,986.2,120775500,1084.8,887.6,1102.5,649.1,1009.7,603,8,1009.6,2642,6,1009.5,3398,10,1009.4,793,5,1009.3,254,6,1009.8,129,5,1009.9,404,1,1010.0,1567,13,1010.1,690,2,1010.2,365,3
317,2025-11-26 15:25:41+05:30,1009.7,2,1003.41,9517698,263214.0,304033.0,986.2,1012.8,981.3,986.2,120775500,1084.8,887.6,1102.5,649.1,1009.7,603,8,1009.6,2642,6,1009.5,3398,10,1009.4,793,5,1009.3,254,6,1009.8,129,5,1009.9,404,1,1010.0,1567,13,1010.1,690,2,1010.2,365,3
317,2025-11-26 15:25:41+05:30,1009.8,50,1003.41,9517763,263213.0,304874.0,986.2,1012.8,981.3,986.2,120775500,1084.8,887.6,1102.5,649.1,1009.7,595,8,1009.6,2642,6,1009.5,2898,9,1009.4,793,5,1009.3,754,7,1009.8,74,6,1009.9,488,3,1010.0,1488,10,1010.1,1064,3,1010.2,365,3
317,2025-11-26 15:25:42+05:30,1009.8,7,1003.41,9517763,263213.0,304874.0,986.2,1012.8,981.3,986.2,120775500,1084.8,887.6,1102.5,649.1,1009.7,595,8,1009.6,2642,6,1009.5,2898,9,1009.4,793,5,1009.3,754,7,1009.8,74,6,1009.9,488,3,1010.0,1488,10,1010.1,1064,3,1010.2,365,3
317,2025-11-26 15:25:42+05:30,1009.8,7,1003.41,9517785,263210.0,304855.0,986.2,1012.8,981.3,986.2,120775500,1084.8,887.6,1102.5,649.1,1009.7,599,9,1009.6,2642,6,1009.5,2898,9,1009.4,793,5,1009.3,754,7,1009.8,55,7,1009.9,488,3,1010.0,1488,10,1010.1,1077,4,1010.2,365,3
317,2025-11-26 15:25:43+05:30,1009.8,3,1003.41,9517785,263210.0,304855.0,986.2,1012.8,981.3,986.2,120775500,1084.8,887.6,1102.5,649.1,1009.7,599,9,1009.6,2642,6,1009.5,2898,9,1009.4,793,5,1009.3,754,7,1009.8,55,7,1009.9,488,3,1010.0,1488,10,1010.1,1077,4,1010.2,365,3
317,2025-11-26 15:25:43+05:30,1009.9,1,1003.41,9519259,263804.0,302977.0,986.2,1012.8,981.3,986.2,120775500,1084.8,887.6,1102.5,649.1,1009.8,796,5,1009.7,746,9,1009.6,2272,6,1009.5,3398,10,1009.4,780,4,1009.9,83,2,1010.0,1488,10,1010.1,690,2,1010.2,409,3,1010.3,415,3
317,2025-11-26 15:25:44+05:30,1009.9,2,1003.41,9519259,263804.0,302977.0,986.2,1012.8,981.3,986.2,120775500,1084.8,887.6,1102.5,649.1,1009.8,796,5,1009.7,746,9,1009.6,2272,6,1009.5,3398,10,1009.4,780,4,1009.9,83,2,1010.0,1488,10,1010.1,690,2,1010.2,409,3,1010.3,415,3
317,2025-11-26 15:25:44+05:30,1009.9,2,1003.41,9520216,263395.0,303070.0,986.2,1012.8,981.3,986.2,120775500,1084.8,887.6,1102.5,649.1,1009.8,139,5,1009.7,499,5,1009.6,2646,7,1009.5,3398,10,1009.4,780,4,1009.9,78,2,1010.0,1308,9,1010.1,695,3,1010.2,409,3,1010.3,415,3
317,2025-11-26 15:25:45+05:30,1009.9,4,1003.41,9520216,263395.0,303070.0,986.2,1012.8,981.3,986.2,120775500,1084.8,887.6,1102.5,649.1,1009.8,139,5,1009.7,499,5,1009.6,2646,7,1009.5,3398,10,1009.4,780,4,1009.9,78,2,1010.0,1308,9,1010.1,695,3,1010.2,409,3,1010.3,415,3
317,2025-11-26 15:25:45+05:30,1009.9,4,1003.41,9520784,263349.0,302723.0,986.2,1012.8,981.3,986.2,120775500,1084.8,887.6,1102.5,649.1,1009.9,13,1,1009.8,734,9,1009.7,260,5,1009.6,2772,7,1009.5,2148,8,1010.0,1257,10,1010.1,690,2,1010.3,374,1,1010.4,498,4,1010.5,430,5
317,2025-11-26 15:25:46+05:30,1009.9,10,1003.41,9520784,263349.0,302723.0,986.2,1012.8,981.3,986.2,120775500,1084.8,887.6,1102.5,649.1,1009.9,13,1,1009.8,734,9,1009.7,260,5,1009.6,2772,7,1009.5,2148,8,1010.0,1257,10,1010.1,690,2,1010.3,374,1,1010.4,498,4,1010.5,430,5
317,2025-11-26 15:25:46+05:30,1009.9,43,1003.41,9520915,264871.0,303345.0,986.2,1012.8,981.3,986.2,120775500,1084.8,887.6,1102.5,649.1,1009.8,2154,9,1009.7,3296,9,1009.6,2035,7,1009.5,231,5,1009.4,43,4,1009.9,50,2,1010.0,1274,15,1010.1,930,3,1010.2,13,1,1010.3,387,2
317,2025-11-26 15:25:47+05:30,1009.8,50,1003.41,9520915,264871.0,303345.0,986.2,1012.8,981.3,986.2,120775500,1084.8,887.6,1102.5,649.1,1009.8,2154,9,1009.7,3296,9,1009.6,2035,7,1009.5,231,5,1009.4,43,4,1009.9,50,2,1010.0,1274,15,1010.1,930,3,1010.2,13,1,1010.3,387,2
317,2025-11-26 15:25:47+05:30,1010.0,273,1003.41,9522450,263458.0,302757.0,986.2,1012.8,981.3,986.2,120775500,1084.8,887.6,1102.5,649.1,1009.8,977,7,1009.7,3296,9,1009.6,2022,6,1009.5,231,5,1009.4,30,3,1010.0,832,15,1010.1,930,3,1010.3,400,3,1010.4,452,3,1010.5,461,6
317,2025-11-26 15:25:48+05:30,1009.8,8,1003.41,9522450,263458.0,302757.0,986.2,1012.8,981.3,986.2,120775500,1084.8,887.6,1102.5,649.1,1009.8,977,7,1009.7,3296,9,1009.6,2022,6,1009.5,231,5,1009.4,30,3,1010.0,832,15,1010.1,930,3,1010.3,400,3,1010.4,452,3,1010.5,461,6
317,2025-11-26 15:25:48+05:30,1009.8,8,1003.41,9523209,264377.0,303105.0,986.2,1012.8,981.3,986.2,120775500,1084.8,887.6,1102.5,649.1,1009.8,1870,13,1009.7,3296,9,1009.6,2022,6,1009.5,244,6,1009.4,43,4,1010.0,1188,18,1010.1,930,3,1010.2,5,1,1010.3,400,3,1010.4,452,3
317,2025-11-26 15:25:49+05:30,1010.0,2,1003.41,9523209,264377.0,303105.0,986.2,1012.8,981.3,986.2,120775500,1084.8,887.6,1102.5,649.1,1009.8,1870,13,1009.7,3296,9,1009.6,2022,6,1009.5,244,6,1009.4,43,4,1010.0,1188,18,1010.1,930,3,1010.2,5,1,1010.3,400,3,1010.4,452,3
317,2025-11-26 15:25:49+05:30,1009.8,2,1003.41,9523285,264408.0,303093.0,986.2,1012.8,981.3,986.2,120775500,1084.8,887.6,1102.5,649.1,1009.8,1841,13,1009.7,3356,10,1009.6,2022,6,1009.5,244,6,1009.4,43,4,1010.0,1178,17,1010.1,930,3,1010.2,5,1,1010.3,400,3,1010.4,452,3
317,2025-11-26 15:25:50+05:30,1010.0,198,1003.41,9523285,264408.0,303093.0,986.2,1012.8,981.3,986.2,120775500,1084.8,887.6,1102.5,649.1,1009.8,1841,13,1009.7,3356,10,1009.6,2022,6,1009.5,244,6,1009.4,43,4,1010.0,1178,17,1010.1,930,3,1010.2,5,1,1010.3,400,3,1010.4,452,3
317,2025-11-26 15:25:50+05:30,1010.0,1,1003.41,9523497,264431.0,303061.0,986.2,1012.8,981.3,986.2,120775500,1084.8,887.6,1102.5,649.1,1009.8,1852,12,1009.7,3158,9,1009.6,2022,6,1009.5,244,6,1009.4,43,4,1010.0,1205,20,1010.1,930,3,1010.2,5,1,1010.3,400,3,1010.4,452,3
317,2025-11-26 15:25:51+05:30,1009.8,7,1003.41,9523497,264431.0,303061.0,986.2,1012.8,981.3,986.2,120775500,1084.8,887.6,1102.5,649.1,1009.8,1852,12,1009.7,3158,9,1009.6,2022,6,1009.5,244,6,1009.4,43,4,1010.0,1205,20,1010.1,930,3,1010.2,5,1,1010.3,400,3,1010.4,452,3
317,2025-11-26 15:25:51+05:30,1009.8,7,1003.41,9523516,264426.0,303051.0,986.2,1012.8,981.3,986.2,120775500,1084.8,887.6,1102.5,649.1,1009.8,1847,12,1009.7,3158,9,1009.6,2022,6,1009.5,244,6,1009.4,43,4,1010.0,1195,20,1010.1,930,3,1010.2,5,1,1010.3,400,3,1010.4,452,3
317,2025-11-26 15:25:52+05:30,1009.8,86,1003.41,9523516,264426.0,303051.0,986.2,1012.8,981.3,986.2,120775500,1084.8,887.6,1102.5,649.1,1009.8,1847,12,1009.7,3158,9,1009.6,2022,6,1009.5,244,6,1009.4,43,4,1010.0,1195,20,1010.1,930,3,1010.2,5,1,1010.3,400,3,1010.4,452,3
317,2025-11-26 15:25:52+05:30,1010.0,37,1003.41,9523887,264627.0,303962.0,986.2,1012.8,981.3,986.2,120775500,1084.8,887.6,1102.5,649.1,1009.8,2048,13,1009.7,2784,8,1009.6,1896,6,1009.5,744,7,1009.4,43,4,1009.9,20,1,1010.0,2105,19,1010.1,1332,5,1010.2,289,3,1010.3,400,3
317,2025-11-26 15:25:53+05:30,1009.9,6,1003.41,9523887,264627.0,303962.0,986.2,1012.8,981.3,986.2,120775500,1084.8,887.6,1102.5,649.1,1009.8,2048,13,1009.7,2784,8,1009.6,1896,6,1009.5,744,7,1009.4,43,4,1009.9,20,1,1010.0,2105,19,1010.1,1332,5,1010.2,289,3,1010.3,400,3
317,2025-11-26 15:25:53+05:30,1009.9,6,1003.41,9523914,264505.0,304318.0,986.2,1012.8,981.3,986.2,120775500,1084.8,887.6,1102.5,649.1,1009.8,2044,12,1009.7,2784,8,1009.6,1896,6,1009.5,744,7,1009.4,43,4,1009.9,34,2,1010.0,2448,21,1010.1,1332,5,1010.2,289,3,1010.3,400,3
317,2025-11-26 15:25:54+05:30,1009.9,4,1003.41,9523914,264505.0,304318.0,986.2,1012.8,981.3,986.2,120775500,1084.8,887.6,1102.5,649.1,1009.8,2044,12,1009.7,2784,8,1009.6,1896,6,1009.5,744,7,1009.4,43,4,1009.9,34,2,1010.0,2448,21,1010.1,1332,5,1010.2,289,3,1010.3,400,3
317,2025-11-26 15:25:54+05:30,1009.9,5,1003.41,9524003,264511.0,304331.0,986.2,1012.8,981.3,986.2,120775500,1084.8,887.6,1102.5,649.1,1009.9,141,2,1009.8,2179,14,1009.7,2724,7,1009.6,1896,6,1009.5,244,6,1010.0,2439,19,1010.1,930,3,1010.2,289,3,1010.3,428,4,1010.4,452,3
317,2025-11-26 15:25:55+05:30,1010.0,4,1003.41,9524003,264511.0,304331.0,986.2,1012.8,981.3,986.2,120775500,1084.8,887.6,1102.5,649.1,1009.9,141,2,1009.8,2179,14,1009.7,2724,7,1009.6,1896,6,1009.5,244,6,1010.0,2439,19,1010.1,930,3,1010.2,289,3,1010.3,428,4,1010.4,452,3
317,2025-11-26 15:25:55+05:30,1009.9,5,1003.41,9524012,264508.0,304341.0,986.2,1012.8,981.3,986.2,120775500,1084.8,887.6,1102.5,649.1,1009.9,164,4,1009.8,2153,12,1009.7,2724,7,1009.6,1896,6,1009.5,244,6,1010.0,2454,22,1010.1,925,2,1010.2,289,3,1010.3,428,4,1010.4,452,3
317,2025-11-26 15:25:56+05:30,1009.9,9,1003.41,9524012,264508.0,304341.0,986.2,1012.8,981.3,986.2,120775500,1084.8,887.6,1102.5,649.1,1009.9,164,4,1009.8,2153,12,1009.7,2724,7,1009.6,1896,6,1009.5,244,6,1010.0,2454,22,1010.1,925,2,1010.2,289,3,1010.3,428,4,1010.4,452,3
317,2025-11-26 15:25:56+05:30,1009.9,4,1003.42,9524186,264620.0,304378.0,986.2,1012.8,981.3,986.2,120775500,1084.8,887.6,1102.5,649.1,1009.9,212,7,1009.8,1984,9,1009.7,2741,8,1009.6,1896,6,1009.5,743,6,1010.0,2370,21,1010.1,925,2,1010.2,460,4,1010.3,428,4,1010.4,452,3
317,2025-11-26 15:25:57+05:30,1010.0,217,1003.42,9524186,264620.0,304378.0,986.2,1012.8,981.3,986.2,120775500,1084.8,887.6,1102.5,649.1,1009.9,212,7,1009.8,1984,9,1009.7,2741,8,1009.6,1896,6,1009.5,743,6,1010.0,2370,21,1010.1,925,2,1010.2,460,4,1010.3,428,4,1010.4,452,3
317,2025-11-26 15:25:57+05:30,1009.9,22,1003.42,9525054,264130.0,303914.0,986.2,1012.8,981.3,986.2,120775500,1084.8,887.6,1102.5,649.1,1009.9,3,2,1009.8,1710,8,1009.7,2741,8,1009.6,1522,5,1009.5,1117,7,1010.0,2022,22,1010.1,1299,3,1010.2,261,2,1010.3,428,4,1010.4,452,3
317,2025-11-26 15:25:58+05:30,1010.0,20,1003.42,9525054,264130.0,303914.0,986.2,1012.8,981.3,986.2,120775500,1084.8,887.6,1102.5,649.1,1009.9,3,2,1009.8,1710,8,1009.7,2741,8,1009.6,1522,5,1009.5,1117,7,1010.0,2022,22,1010.1,1299,3,1010.2,261,2,1010.3,428,4,1010.4,452,3
317,2025-11-26 15:25:58+05:30,1010.0,49,1003.42,9525637,263989.0,303911.0,986.2,1012.8,981.3,986.2,120775500,1084.8,887.6,1102.5,649.1,1009.8,1565,7,1009.7,2741,8,1009.6,1522,5,1009.5,617,6,1009.4,43,4,1010.0,2100,22,1010.1,1327,4,1010.2,289,3,1010.3,428,4,1010.4,623,4
317,2025-11-26 15:25:59+05:30,1010.0,3,1003.42,9525637,263989.0,303911.0,986.2,1012.8,981.3,986.2,120775500,1084.8,887.6,1102.5,649.1,1009.8,1565,7,1009.7,2741,8,1009.6,1522,5,1009.5,617,6,1009.4,43,4,1010.0,2100,22,1010.1,1327,4,1010.2,289,3,1010.3,428,4,1010.4,623,4
317,2025-11-26 15:25:59+05:30,1009.8,25,1003.42,9526201,263603.0,304121.0,986.2,1012.8,981.3,986.2,120775500,1084.8,887.6,1102.5,649.1,1009.8,1007,6,1009.7,2939,9,1009.6,1522,5,1009.5,1104,6,1009.4,30,3,1010.0,1849,22,1010.1,1299,3,1010.2,289,3,1010.3,428,4,1010.4,623,4
317,2025-11-26 15:26:00+05:30,1010.0,14,1003.42,9526201,263603.0,304121.0,986.2,1012.8,981.3,986.2,120775500,1084.8,887.6,1102.5,649.1,1009.8,1007,6,1009.7,2939,9,1009.6,1522,5,1009.5,1104,6,1009.4,30,3,1010.0,1849,22,1010.1,1299,3,1010.2,289,3,1010.3,428,4,1010.4,623,4
317,2025-11-26 15:26:00+05:30,1009.9,15,1003.42,9526472,264025.0,304083.0,986.2,1012.8,981.3,986.2,120775500,1084.8,887.6,1102.5,649.1,1009.8,1794,10,1009.7,2939,9,1009.6,1894,5,1009.5,743,6,1009.4,43,4,1009.9,452,2,1010.0,2160,24,1010.1,1299,3,1010.2,284,2,1010.3,428,4
317,2025-11-26 15:26:01+05:30,1009.8,6,1003.42,9526472,264025.0,304083.0,986.2,1012.8,981.3,986.2,120775500,1084.8,887.6,1102.5,649.1,1009.8,1794,10,1009.7,2939,9,1009.6,1894,5,1009.5,743,6,1009.4,43,4,1009.9,452,2,1010.0,2160,24,1010.1,1299,3,1010.2,284,2,1010.3,428,4
317,2025-11-26 15:26:01+05:30,1009.8,23,1003.42,9526562,263579.0,304829.0,986.2,1012.8,981.3,986.2,120775500,1084.8,887.6,1102.5,649.1,1009.8,761,11,1009.7,268,4,1009.6,2230,4,1009.5,3273,9,1009.4,756,3,1009.9,437,3,1010.0,2514,27,1010.1,1340,5,1010.2,297,3,1010.3,402,2
317,2025-11-26 15:26:02+05:30,1009.8,23,1003.42,9526562,263579.0,304829.0,986.2,1012.8,981.3,986.2,120775500,1084.8,887.6,1102.5,649.1,1009.8,761,11,1009.7,268,4,1009.6,2230,4,1009.5,3273,9,1009.4,756,3,1009.9,437,3,1010.0,2514,27,1010.1,1340,5,1010.2,297,3,1010.3,402,2
317,2025-11-26 15:26:02+05:30,1009.8,23,1003.42,9526562,264406.0,304334.0,986.2,1012.8,981.3,986.2,120775500,1084.8,887.6,1102.5,649.1,1009.8,721,11,1009.7,268,4,1009.6,2233,5,1009.5,3286,10,1009.4,1256,4,1009.9,802,7,1010.0,2255,23,1010.1,1327,4,1010.2,284,2,1010.3,415,3
317,2025-11-26 15:26:03+05:30,1009.8,1,1003.42,9526562,264406.0,304334.0,986.2,1012.8,981.3,986.2,120775500,1084.8,887.6,1102.5,649.1,1009.8,721,11,1009.7,268,4,1009.6,2233,5,1009.5,3286,10,1009.4,1256,4,1009.9,802,7,1010.0,2255,23,1010.1,1327,4,1010.2,284,2,1010.3,415,3
317,2025-11-26 15:26:03+05:30,1009.8,1,1003.42,9526604,264388.0,304396.0,986.2,1012.8,981.3,986.2,120775500,1084.8,887.6,1102.5,649.1,1009.8,703,12,1009.7,268,4,1009.6,2233,5,1009.5,3273,9,1009.4,1256,4,1009.9,774,7,1010.0,2295,24,1010.1,1327,4,1010.2,284,2,1010.3,415,3
317,2025-11-26 15:26:04+05:30,1009.8,1,1003.42,9526604,264388.0,304396.0,986.2,1012.8,981.3,986.2,120775500,1084.8,887.6,1102.5,649.1,1009.8,703,12,1009.7,268,4,1009.6,2233,5,1009.5,3273,9,1009.4,1256,4,1009.9,774,7,1010.0,2295,24,1010.1,1327,4,1010.2,284,2,1010.3,415,3
317,2025-11-26 15:26:04+05:30,1009.9,112,1003.42,9526852,264203.0,304371.0,986.2,1012.8,981.3,986.2,120775500,1084.8,887.6,1102.5,649.1,1009.8,715,11,1009.7,71,4,1009.6,2233,5,1009.5,3273,9,1009.4,1256,4,1009.9,731,8,1010.0,2295,24,1010.1,1327,4,1010.2,284,2,1010.3,402,2
317,2025-11-26 15:26:05+05:30,1009.9,75,1003.42,9526852,264203.0,304371.0,986.2,1012.8,981.3,986.2,120775500,1084.8,887.6,1102.5,649.1,1009.8,715,11,1009.7,71,4,1009.6,2233,5,1009.5,3273,9,1009.4,1256,4,1009.9,731,8,1010.0,2295,24,1010.1,1327,4,1010.2,284,2,1010.3,402,2
317,2025-11-26 15:26:05+05:30,1009.9,1,1003.42,9527112,264216.0,304315.0,986.2,1012.8,981.3,986.2,120775500,1084.8,887.6,1102.5,649.1,1009.8,728,11,1009.7,71,4,1009.6,2233,5,1009.5,3273,9,1009.4,1256,4,1009.9,731,5,1010.0,2345,25,1010.1,1327,4,1010.2,284,2,1010.3,402,2
317,2025-11-26 15:26:06+05:30,1009.9,9,1003.42,9527112,264216.0,304315.0,986.2,1012.8,981.3,986.2,120775500,1084.8,887.6,1102.5,649.1,1009.8,728,11,1009.7,71,4,1009.6,2233,5,1009.5,3273,9,1009.4,1256,4,1009.9,731,5,1010.0,2345,25,1010.1,1327,4,1010.2,284,2,1010.3,402,2
317,2025-11-26 15:26:06+05:30,1010.0,100,1003.42,9530709,264108.0,301432.0,986.2,1012.8,981.3,986.2,120775500,1084.8,887.6,1102.5,649.1,1009.8,738,10,1009.7,74,5,1009.6,3109,7,1009.5,2897,8,1009.4,756,3,1010.0,767,19,1010.1,925,2,1010.4,517,5,1010.5,404,2,1010.6,298,5
317,2025-11-26 15:26:07+05:30,1010.0,4,1003.42,9530709,264108.0,301432.0,986.2,1012.8,981.3,986.2,120775500,1084.8,887.6,1102.5,649.1,1009.8,738,10,1009.7,74,5,1009.6,3109,7,1009.5,2897,8,1009.4,756,3,1010.0,767,19,1010.1,925,2,1010.4,517,5,1010.5,404,2,1010.6,298,5
317,2025-11-26 15:26:08+05:30,1009.9,7,1003.42,9531336,263006.0,303392.0,986.2,1012.8,981.3,986.2,120775500,1084.8,887.6,1102.5,649.1,1009.8,299,9,1009.7,74,5,1009.6,2609,6,1009.5,2147,7,1009.4,1256,4,1009.9,251,1,1010.0,1874,25,1010.1,925,2,1010.2,404,2,1010.3,404,2
317,2025-11-26 15:26:08+05:30,1009.9,224,1003.42,9531336,263006.0,303392.0,986.2,1012.8,981.3,986.2,120775500,1084.8,887.6,1102.5,649.1,1009.8,299,9,1009.7,74,5,1009.6,2609,6,1009.5,2147,7,1009.4,1256,4,1009.9,251,1,1010.0,1874,25,1010.1,925,2,1010.2,404,2,1010.3,404,2
317,2025-11-26 15:26:09+05:30,1009.9,2,1003.42,9531563,263533.0,303359.0,986.2,1012.8,981.3,986.2,120775500,1084.8,887.6,1102.5,649.1,1009.8,299,9,1009.7,227,5,1009.6,2233,5,1009.5,3397,9,1009.4,756,3,1009.9,272,3,1010.0,1880,25,1010.1,925,2,1010.2,404,2,1010.3,404,2
317,2025-11-26 15:26:09+05:30,1009.9,83,1003.42,9531563,263533.0,303359.0,986.2,1012.8,981.3,986.2,120775500,1084.8,887.6,1102.5,649.1,1009.8,299,9,1009.7,227,5,1009.6,2233,5,1009.5,3397,9,1009.4,756,3,1009.9,272,3,1010.0,1880,25,1010.1,925,2,1010.2,404,2,1010.3,404,2
317,2025-11-26 15:26:10+05:30,1009.9,1,1003.42,9531967,263762.0,303235.0,986.2,1012.8,981.3,986.2,120775500,1084.8,887.6,1102.5,649.1,1009.8,493,12,1009.7,227,5,1009.6,2233,5,1009.5,3397,9,1009.4,756,3,1009.9,148,2,1010.0,1880,25,1010.1,925,2,1010.2,404,2,1010.3,404,2
317,2025-11-26 15:26:10+05:30,1009.9,1,1003.42,9531967,263762.0,303235.0,986.2,1012.8,981.3,986.2,120775500,1084.8,887.6,1102.5,649.1,1009.8,493,12,1009.7,227,5,1009.6,2233,5,1009.5,3397,9,1009.4,756,3,1009.9,148,2,1010.0,1880,25,1010.1,925,2,1010.2,404,2,1010.3,404,2
317,2025-11-26 15:26:11+05:30,1009.9,1,1003.42,9531972,263966.0,303106.0,986.2,1012.8,981.3,986.2,120775500,1084.8,887.6,1102.5,649.1,1009.8,494,13,1009.7,227,5,1009.6,2433,6,1009.5,3397,9,1009.4,756,3,1009.9,190,3,1010.0,1709,24,1010.1,925,2,1010.2,404,2,1010.3,404,2
317,2025-11-26 15:26:11+05:30,1009.9,1,1003.42,9531972,263966.0,303106.0,986.2,1012.8,981.3,986.2,120775500,1084.8,887.6,1102.5,649.1,1009.8,494,13,1009.7,227,5,1009.6,2433,6,1009.5,3397,9,1009.4,756,3,1009.9,190,3,1010.0,1709,24,1010.1,925,2,1010.2,404,2,1010.3,404,2
317,2025-11-26 15:26:12+05:30,1009.8,1,1003.42,9532210,264164.0,303153.0,986.2,1012.8,981.3,986.2,120775500,1084.8,887.6,1102.5,649.1,1009.8,470,13,1009.7,73,4,1009.6,2809,7,1009.5,3397,9,1009.4,756,3,1009.9,177,4,1010.0,1769,25,1010.1,925,2,1010.2,404,2,1010.3,404,2
317,2025-11-26 15:26:12+05:30,1009.8,1,1003.42,9532210,264164.0,303153.0,986.2,1012.8,981.3,986.2,120775500,1084.8,887.6,1102.5,649.1,1009.8,470,13,1009.7,73,4,1009.6,2809,7,1009.5,3397,9,1009.4,756,3,1009.9,177,4,1010.0,1769,25,1010.1,925,2,1010.2,404,2,1010.3,404,2
317,2025-11-26 15:26:13+05:30,1009.8,2,1003.42,9532418,264096.0,302835.0,986.2,1012.8,981.3,986.2,120775500,1084.8,887.6,1102.5,649.1,1009.8,402,11,1009.7,73,4,1009.6,2809,7,1009.5,2897,8,1009.4,1256,4,1009.9,151,7,1010.0,1777,26,1010.1,925,2,1010.2,404,2,1010.3,404,2
317,2025-11-26 15:26:13+05:30,1009.9,1,1003.42,9532418,264096.0,302835.0,986.2,1012.8,981.3,986.2,120775500,1084.8,887.6,1102.5,649.1,1009.8,402,11,1009.7,73,4,1009.6,2809,7,1009.5,2897,8,1009.4,1256,4,1009.9,151,7,1010.0,1777,26,1010.1,925,2,1010.2,404,2,1010.3,404,2
317,2025-11-26 15:26:14+05:30,1009.9,4,1003.42,9532730,264017.0,299370.0,986.2,1012.8,981.3,986.2,120775500,1084.8,887.6,1102.5,649.1,1009.8,320,8,1009.7,73,4,1009.6,2809,7,1009.5,3397,9,1009.4,756,3,1009.9,436,5,1010.0,1777,26,1010.1,925,2,1010.2,404,2,1010.3,404,2
317,2025-11-26 15:26:14+05:30,1009.9,2,1003.42,9532730,264017.0,299370.0,986.2,1012.8,981.3,986.2,120775500,1084.8,887.6,1102.5,649.1,1009.8,320,8,1009.7,73,4,1009.6,2809,7,1009.5,3397,9,1009.4,756,3,1009.9,436,5,1010.0,1777,26,1010.1,925,2,1010.2,404,2,1010.3,404,2
317,2025-11-26 15:26:15+05:30,1009.9,13,1003.42,9532766,264469.0,299352.0,986.2,1012.8,981.3,986.2,120775500,1084.8,887.6,1102.5,649.1,1009.8,574,10,1009.7,271,5,1009.6,2809,7,1009.5,3397,9,1009.4,756,3,1009.9,418,4,1010.0,1777,26,1010.1,925,2,1010.2,404,2,1010.3,404,2
317,2025-11-26 15:26:15+05:30,1009.9,13,1003.42,9532766,264469.0,299352.0,986.2,1012.8,981.3,986.2,120775500,1084.8,887.6,1102.5,649.1,1009.8,574,10,1009.7,271,5,1009.6,2809,7,1009.5,3397,9,1009.4,756,3,1009.9,418,4,1010.0,1777,26,1010.1,925,2,1010.2,404,2,1010.3,404,2
317,2025-11-26 15:26:16+05:30,1009.9,2,1003.42,9532791,264461.0,299341.0,986.2,1012.8,981.3,986.2,120775500,1084.8,887.6,1102.5,649.1,1009.8,617,11,1009.7,271,5,1009.6,2809,7,1009.5,3397,9,1009.4,756,3,1009.9,407,6,1010.0,1777,26,1010.1,925,2,1010.2,404,2,1010.3,404,2
317,2025-11-26 15:26:16+05:30,1009.9,2,1003.42,9532791,264461.0,299341.0,986.2,1012.8,981.3,986.2,120775500,1084.8,887.6,1102.5,649.1,1009.8,617,11,1009.7,271,5,1009.6,2809,7,1009.5,3397,9,1009.4,756,3,1009.9,407,6,1010.0,1777,26,1010.1,925,2,1010.2,404,2,1010.3,404,2
317,2025-11-26 15:26:17+05:30,1009.9,42,1003.42,9532838,264457.0,299274.0,986.2,1012.8,981.3,986.2,120775500,1084.8,887.6,1102.5,649.1,1009.8,613,11,1009.7,271,5,1009.6,2809,7,1009.5,3397,9,1009.4,756,3,1009.9,362,7,1010.0,1817,27,1010.1,925,2,1010.2,404,2,1010.3,404,2
317,2025-11-26 15:26:17+05:30,1009.9,1,1003.42,9532838,264457.0,299274.0,986.2,1012.8,981.3,986.2,120775500,1084.8,887.6,1102.5,649.1,1009.8,613,11,1009.7,271,5,1009.6,2809,7,1009.5,3397,9,1009.4,756,3,1009.9,362,7,1010.0,1817,27,1010.1,925,2,1010.2,404,2,1010.3,404,2
317,2025-11-26 15:26:18+05:30,1009.9,1,1003.42,9533988,263974.0,299260.0,986.2,1012.8,981.3,986.2,120775500,1084.8,887.6,1102.5,649.1,1009.8,130,6,1009.7,271,5,1009.6,2809,7,1009.5,3397,9,1009.4,756,3,1009.9,348,7,1010.0,1817,27,1010.1,1301,3,1010.2,404,2,1010.3,404,2
317,2025-11-26 15:26:18+05:30,1009.7,17,1003.42,9533988,263974.0,299260.0,986.2,1012.8,981.3,986.2,120775500,1084.8,887.6,1102.5,649.1,1009.8,130,6,1009.7,271,5,1009.6,2809,7,1009.5,3397,9,1009.4,756,3,1009.9,348,7,1010.0,1817,27,1010.1,1301,3,1010.2,404,2,1010.3,404,2
317,2025-11-26 15:26:19+05:30,1009.9,2,1003.42,9533988,263974.0,299260.0,986.2,1012.8,981.3,986.2,120775500,1084.8,887.6,1102.5,649.1,1009.8,130,6,1009.7,271,5,1009.6,2809,7,1009.5,3397,9,1009.4,756,3,1009.9,348,7,1010.0,1817,27,1010.1,1301,3,1010.2,404,2,1010.3,404,2
317,2025-11-26 15:26:19+05:30,1009.9,2,1003.42,9534838,262475.0,299638.0,986.2,1012.8,981.3,986.2,120775500,1084.8,887.6,1102.5,649.1,1009.8,75,2,1009.7,29,3,1009.6,2433,6,1009.5,3273,10,1009.4,756,3,1009.9,721,8,1010.0,1817,27,1010.1,1329,4,1010.2,404,2,1010.3,404,2
317,2025-11-26 15:26:20+05:30,1009.8,3,1003.42,9534838,262475.0,299638.0,986.2,1012.8,981.3,986.2,120775500,1084.8,887.6,1102.5,649.1,1009.8,75,2,1009.7,29,3,1009.6,2433,6,1009.5,3273,10,1009.4,756,3,1009.9,721,8,1010.0,1817,27,1010.1,1329,4,1010.2,404,2,1010.3,404,2
317,2025-11-26 15:26:20+05:30,1009.8,3,1003.42,9534842,262674.0,300167.0,986.2,1012.8,981.3,986.2,120775500,1084.8,887.6,1102.5,649.1,1009.8,72,2,1009.7,229,4,1009.6,2433,6,1009.5,3273,10,1009.4,756,3,1009.9,769,9,1010.0,1877,29,1010.1,1329,4,1010.2,404,2,1010.3,404,2
317,2025-11-26 15:26:21+05:30,1009.5,30,1003.42,9534842,262674.0,300167.0,986.2,1012.8,981.3,986.2,120775500,1084.8,887.6,1102.5,649.1,1009.8,72,2,1009.7,229,4,1009.6,2433,6,1009.5,3273,10,1009.4,756,3,1009.9,769,9,1010.0,1877,29,1010.1,1329,4,1010.2,404,2,1010.3,404,2
317,2025-11-26 15:26:21+05:30,1009.5,30,1003.43,9550511,259651.0,298714.0,986.2,1012.8,981.3,986.2,120775500,1084.8,887.6,1102.5,649.1,1009.7,97,2,1009.5,439,1,1009.4,2253,4,1009.3,217,4,1009.2,756,3,1009.9,252,3,1010.0,355,2,1010.1,709,3,1010.2,1034,4,1010.3,68,2
317,2025-11-26 15:26:22+05:30,1009.8,26,1003.43,9550511,259651.0,298714.0,986.2,1012.8,981.3,986.2,120775500,1084.8,887.6,1102.5,649.1,1009.7,97,2,1009.5,439,1,1009.4,2253,4,1009.3,217,4,1009.2,756,3,1009.9,252,3,1010.0,355,2,1010.1,709,3,1010.2,1034,4,1010.3,68,2
317,2025-11-26 15:26:22+05:30,1009.8,10,1003.43,9551422,260897.0,298462.0,986.2,1012.8,981.3,986.2,120775500,1084.8,887.6,1102.5,649.1,1009.7,136,4,1009.6,3,1,1009.5,1939,3,1009.4,2253,4,1009.3,217,4,1009.8,621,2,1009.9,593,4,1010.0,723,4,1010.1,1085,4,1010.2,1410,5
317,2025-11-26 15:26:23+05:30,1009.8,1,1003.43,9551432,261215.0,295053.0,986.2,1012.8,981.3,986.2,120775500,1084.8,887.6,1102.5,649.1,1009.7,238,6,1009.6,3,1,1009.5,2689,4,1009.4,2253,4,1009.3,225,5,1009.8,624,4,1009.9,490,4,1010.0,455,3,1010.1,1072,3,1010.2,910,4
317,2025-11-26 15:26:23+05:30,1009.5,102,1003.43,9551432,261215.0,295053.0,986.2,1012.8,981.3,986.2,120775500,1084.8,887.6,1102.5,649.1,1009.7,238,6,1009.6,3,1,1009.5,2689,4,1009.4,2253,4,1009.3,225,5,1009.8,624,4,1009.9,490,4,1010.0,455,3,1010.1,1072,3,1010.2,910,4
317,2025-11-26 15:26:24+05:30,1009.5,579,1003.43,9553680,260837.0,296240.0,986.2,1012.8,981.3,986.2,120775500,1084.8,887.6,1102.5,649.1,1009.5,1896,6,1009.4,2300,5,1009.3,954,4,1009.2,753,3,1009.1,78,4,1009.8,624,5,1009.9,726,6,1010.0,900,6,1010.1,1072,3,1010.2,1410,5
317,2025-11-26 15:26:24+05:30,1009.8,171,1003.43,9553680,260837.0,296240.0,986.2,1012.8,981.3,986.2,120775500,1084.8,887.6,1102.5,649.1,1009.5,1896,6,1009.4,2300,5,1009.3,954,4,1009.2,753,3,1009.1,78,4,1009.8,624,5,1009.9,726,6,1010.0,900,6,1010.1,1072,3,1010.2,1410,5
317,2025-11-26 15:26:25+05:30,1009.8,171,1003.43,9553680,260837.0,296240.0,986.2,1012.8,981.3,986.2,120775500,1084.8,887.6,1102.5,649.1,1009.5,1896,6,1009.4,2300,5,1009.3,954,4,1009.2,753,3,1009.1,78,4,1009.8,624,5,1009.9,726,6,1010.0,900,6,1010.1,1072,3,1010.2,1410,5
317,2025-11-26 15:26:25+05:30,1009.8,75,1003.43,9553680,260837.0,296240.0,986.2,1012.8,981.3,986.2,120775500,1084.8,887.6,1102.5,649.1,1009.5,1896,6,1009.4,2300,5,1009.3,954,4,1009.2,753,3,1009.1,78,4,1009.8,624,5,1009.9,726,6,1010.0,900,6,1010.1,1072,3,1010.2,1410,5
317,2025-11-26 15:26:25+05:30,1009.5,8,1003.44,9554712,259569.0,295580.0,986.2,1012.8,981.3,986.2,120775500,1084.8,887.6,1102.5,649.1,1009.5,592,6,1009.4,800,4,1009.3,3204,6,1009.2,1503,4,1009.1,99,6,1009.8,484,5,1009.9,794,5,1010.0,859,4,1010.1,1072,3,1010.2,1423,6
317,2025-11-26 15:26:25+05:30,1009.5,8,1003.44,9554712,259569.0,295580.0,986.2,1012.8,981.3,986.2,120775500,1084.8,887.6,1102.5,649.1,1009.5,592,6,1009.4,800,4,1009.3,3204,6,1009.2,1503,4,1009.1,99,6,1009.8,484,5,1009.9,794,5,1010.0,859,4,1010.1,1072,3,1010.2,1423,6
317,2025-11-26 15:26:26+05:30,1009.5,8,1003.44,9554712,259569.0,295580.0,986.2,1012.8,981.3,986.2,120775500,1084.8,887.6,1102.5,649.1,1009.5,592,6,1009.4,800,4,1009.3,3204,6,1009.2,1503,4,1009.1,99,6,1009.8,484,5,1009.9,794,5,1010.0,859,4,1010.1,1072,3,1010.2,1423,6
317,2025-11-26 15:26:26+05:30,1009.8,1,1003.44,9554712,259569.0,295580.0,986.2,1012.8,981.3,986.2,120775500,1084.8,887.6,1102.5,649.1,1009.5,592,6,1009.4,800,4,1009.3,3204,6,1009.2,1503,4,1009.1,99,6,1009.8,484,5,1009.9,794,5,1010.0,859,4,1010.1,1072,3,1010.2,1423,6
317,2025-11-26 15:26:26+05:30,1009.8,1,1003.44,9555232,265155.0,292907.0,986.2,1012.8,981.3,986.2,120775500,1084.8,887.6,1102.5,649.1,1009.8,2547,5,1009.7,2,1,1009.6,1510,4,1009.5,4984,11,1009.4,811,5,1009.9,389,4,1010.0,50,1,1010.1,668,1,1010.2,850,3,1010.3,416,2
317,2025-11-26 15:26:26+05:30,1009.8,1,1003.44,9555232,265155.0,292907.0,986.2,1012.8,981.3,986.2,120775500,1084.8,887.6,1102.5,649.1,1009.8,2547,5,1009.7,2,1,1009.6,1510,4,1009.5,4984,11,1009.4,811,5,1009.9,389,4,1010.0,50,1,1010.1,668,1,1010.2,850,3,1010.3,416,2
317,2025-11-26 15:26:27+05:30,1009.8,1,1003.44,9555232,265155.0,292907.0,986.2,1012.8,981.3,986.2,120775500,1084.8,887.6,1102.5,649.1,1009.8,2547,5,1009.7,2,1,1009.6,1510,4,1009.5,4984,11,1009.4,811,5,1009.9,389,4,1010.0,50,1,1010.1,668,1,1010.2,850,3,1010.3,416,2
317,2025-11-26 15:26:27+05:30,1009.9,5,1003.44,9555232,265155.0,292907.0,986.2,1012.8,981.3,986.2,120775500,1084.8,887.6,1102.5,649.1,1009.8,2547,5,1009.7,2,1,1009.6,1510,4,1009.5,4984,11,1009.4,811,5,1009.9,389,4,1010.0,50,1,1010.1,668,1,1010.2,850,3,1010.3,416,2
317,2025-11-26 15:26:27+05:30,1009.9,5,1003.44,9555232,265155.0,292907.0,986.2,1012.8,981.3,986.2,120775500,1084.8,887.6,1102.5,649.1,1009.8,2547,5,1009.7,2,1,1009.6,1510,4,1009.5,4984,11,1009.4,811,5,1009.9,389,4,1010.0,50,1,1010.1,668,1,1010.2,850,3,1010.3,416,2
317,2025-11-26 15:26:27+05:30,1009.8,340,1003.44,9558945,261642.0,294936.0,986.2,1012.8,981.3,986.2,120775500,1084.8,887.6,1102.5,649.1,1009.7,26,2,1009.6,1502,3,1009.5,4955,9,1009.4,761,4,1009.3,217,4,1009.8,464,1,1009.9,378,6,1010.0,50,1,1010.1,1044,2,1010.2,850,3
317,2025-11-26 15:26:28+05:30,1009.8,340,1003.44,9558945,261642.0,294936.0,986.2,1012.8,981.3,986.2,120775500,1084.8,887.6,1102.5,649.1,1009.7,26,2,1009.6,1502,3,1009.5,4955,9,1009.4,761,4,1009.3,217,4,1009.8,464,1,1009.9,378,6,1010.0,50,1,1010.1,1044,2,1010.2,850,3
317,2025-11-26 15:26:28+05:30,1009.9,15,1003.44,9558945,261642.0,294936.0,986.2,1012.8,981.3,986.2,120775500,1084.8,887.6,1102.5,649.1,1009.7,26,2,1009.6,1502,3,1009.5,4955,9,1009.4,761,4,1009.3,217,4,1009.8,464,1,1009.9,378,6,1010.0,50,1,1010.1,1044,2,1010.2,850,3
317,2025-11-26 15:26:28+05:30,1009.9,15,1003.44,9558945,261642.0,294936.0,986.2,1012.8,981.3,986.2,120775500,1084.8,887.6,1102.5,649.1,1009.7,26,2,1009.6,1502,3,1009.5,4955,9,1009.4,761,4,1009.3,217,4,1009.8,464,1,1009.9,378,6,1010.0,50,1,1010.1,1044,2,1010.2,850,3
317,2025-11-26 15:26:28+05:30,1009.9,15,1003.44,9561664,262386.0,293258.0,986.2,1012.8,981.3,986.2,120775500,1084.8,887.6,1102.5,649.1,1009.8,4,1,1009.7,13,3,1009.6,1365,3,1009.5,4961,9,1009.4,753,3,1009.9,15,2,1010.0,70,2,1010.1,668,1,1010.2,882,4,1010.3,416,2
317,2025-11-26 15:26:28+05:30,1009.9,15,1003.44,9561664,262386.0,293258.0,986.2,1012.8,981.3,986.2,120775500,1084.8,887.6,1102.5,649.1,1009.8,4,1,1009.7,13,3,1009.6,1365,3,1009.5,4961,9,1009.4,753,3,1009.9,15,2,1010.0,70,2,1010.1,668,1,1010.2,882,4,1010.3,416,2
317,2025-11-26 15:26:29+05:30,1009.9,15,1003.44,9561664,262386.0,293258.0,986.2,1012.8,981.3,986.2,120775500,1084.8,887.6,1102.5,649.1,1009.8,4,1,1009.7,13,3,1009.6,1365,3,1009.5,4961,9,1009.4,753,3,1009.9,15,2,1010.0,70,2,1010.1,668,1,1010.2,882,4,1010.3,416,2
317,2025-11-26 15:26:29+05:30,1009.9,4,1003.44,9561664,262386.0,293258.0,986.2,1012.8,981.3,986.2,120775500,1084.8,887.6,1102.5,649.1,1009.8,4,1,1009.7,13,3,1009.6,1365,3,1009.5,4961,9,1009.4,753,3,1009.9,15,2,1010.0,70,2,1010.1,668,1,1010.2,882,4,1010.3,416,2
317,2025-11-26 15:26:29+05:30,1009.9,4,1003.44,9561664,262386.0,293258.0,986.2,1012.8,981.3,986.2,120775500,1084.8,887.6,1102.5,649.1,1009.8,4,1,1009.7,13,3,1009.6,1365,3,1009.5,4961,9,1009.4,753,3,1009.9,15,2,1010.0,70,2,1010.1,668,1,1010.2,882,4,1010.3,416,2
317,2025-11-26 15:26:29+05:30,1009.9,4,1003.44,9561670,262407.0,293252.0,986.2,1012.8,981.3,986.2,120775500,1084.8,887.6,1102.5,649.1,1009.8,25,3,1009.7,13,3,1009.6,1365,3,1009.5,4961,9,1009.4,753,3,1009.9,9,2,1010.0,70,2,1010.1,668,1,1010.2,882,4,1010.3,416,2
317,2025-11-26 15:26:29+05:30,1009.9,4,1003.44,9561670,262407.0,293252.0,986.2,1012.8,981.3,986.2,120936750,1084.8,887.6,1102.5,649.1,1009.8,25,3,1009.7,13,3,1009.6,1365,3,1009.5,4961,9,1009.4,753,3,1009.9,9,2,1010.0,70,2,1010.1,668,1,1010.2,882,4,1010.3,416,2
317,2025-11-26 15:26:30+05:30,1009.9,4,1003.44,9561670,262407.0,293252.0,986.2,1012.8,981.3,986.2,120936750,1084.8,887.6,1102.5,649.1,1009.8,25,3,1009.7,13,3,1009.6,1365,3,1009.5,4961,9,1009.4,753,3,1009.9,9,2,1010.0,70,2,1010.1,668,1,1010.2,882,4,1010.3,416,2
317,2025-11-26 15:26:30+05:30,1009.8,6,1003.44,9561670,262407.0,293252.0,986.2,1012.8,981.3,986.2,120936750,1084.8,887.6,1102.5,649.1,1009.8,25,3,1009.7,13,3,1009.6,1365,3,1009.5,4961,9,1009.4,753,3,1009.9,9,2,1010.0,70,2,1010.1,668,1,1010.2,882,4,1010.3,416,2
317,2025-11-26 15:26:30+05:30,1009.8,6,1003.44,9561670,262407.0,293252.0,986.2,1012.8,981.3,986.2,120936750,1084.8,887.6,1102.5,649.1,1009.8,25,3,1009.7,13,3,1009.6,1365,3,1009.5,4961,9,1009.4,753,3,1009.9,9,2,1010.0,70,2,1010.1,668,1,1010.2,882,4,1010.3,416,2
317,2025-11-26 15:26:30+05:30,1009.8,6,1003.44,9561708,276171.0,293261.0,986.2,1012.8,981.3,986.2,120936750,1084.8,887.6,1102.5,649.1,1009.8,46,5,1009.7,206,3,1009.6,1365,3,1009.5,4261,9,1009.4,753,3,1009.9,3,2,1010.0,70,2,1010.1,668,1,1010.2,850,3,1010.3,416,2
317,2025-11-26 15:26:31+05:30,1009.9,1,1003.44,9561708,276171.0,293261.0,986.2,1012.8,981.3,986.2,120936750,1084.8,887.6,1102.5,649.1,1009.8,46,5,1009.7,206,3,1009.6,1365,3,1009.5,4261,9,1009.4,753,3,1009.9,3,2,1010.0,70,2,1010.1,668,1,1010.2,850,3,1010.3,416,2
317,2025-11-26 15:26:31+05:30,1010.0,70,1003.44,9562323,277251.0,293746.0,986.2,1012.8,981.3,986.2,120936750,1084.8,887.6,1102.5,649.1,1009.9,206,6,1009.8,44,5,1009.7,211,4,1009.6,1373,4,1009.5,4744,9,1010.0,14,1,1010.1,668,1,1010.2,474,2,1010.3,404,2,1010.4,544,5
317,2025-11-26 15:26:32+05:30,1009.9,11,1003.44,9562323,277251.0,293746.0,986.2,1012.8,981.3,986.2,120936750,1084.8,887.6,1102.5,649.1,1009.9,206,6,1009.8,44,5,1009.7,211,4,1009.6,1373,4,1009.5,4744,9,1010.0,14,1,1010.1,668,1,1010.2,474,2,1010.3,404,2,1010.4,544,5
317,2025-11-26 15:26:32+05:30,1009.5,14,1003.45,9572722,272191.0,295625.0,986.2,1012.8,981.3,986.2,120936750,1084.8,887.6,1102.5,649.1,1009.4,2160,4,1009.3,2454,5,1009.2,1503,4,1009.1,49,5,1009.0,405,27,1009.8,3,1,1009.9,491,3,1010.0,782,4,1010.1,1288,6,1010.2,1410,6
317,2025-11-26 15:26:33+05:30,1009.8,1,1003.45,9572722,272191.0,295625.0,986.2,1012.8,981.3,986.2,120936750,1084.8,887.6,1102.5,649.1,1009.4,2160,4,1009.3,2454,5,1009.2,1503,4,1009.1,49,5,1009.0,405,27,1009.8,3,1,1009.9,491,3,1010.0,782,4,1010.1,1288,6,1010.2,1410,6
317,2025-11-26 15:26:34+05:30,1009.5,1186,1003.45,9578337,274886.0,293770.0,986.2,1012.8,981.3,986.2,120936750,1084.8,887.6,1102.5,649.1,1009.8,1,1,1009.5,2395,3,1009.4,3834,7,1009.3,954,4,1009.2,790,5,1010.0,482,3,1010.1,1044,2,1010.2,882,4,1010.3,627,3,1010.4,1106,8
317,2025-11-26 15:26:34+05:30,1009.5,750,1003.45,9578337,274886.0,293770.0,986.2,1012.8,981.3,986.2,120936750,1084.8,887.6,1102.5,649.1,1009.8,1,1,1009.5,2395,3,1009.4,3834,7,1009.3,954,4,1009.2,790,5,1010.0,482,3,1010.1,1044,2,1010.2,882,4,1010.3,627,3,1010.4,1106,8
317,2025-11-26 15:26:35+05:30,1009.4,1,1003.45,9580737,274755.0,295124.0,986.2,1012.8,981.3,986.2,120936750,1084.8,887.6,1102.5,649.1,1009.8,24,1,1009.5,804,2,1009.4,1575,4,1009.3,3204,6,1009.2,753,3,1009.9,491,2,1010.0,804,4,1010.1,1085,4,1010.2,1410,6,1010.3,689,5
317,2025-11-26 15:26:35+05:30,1009.8,13,1003.45,9580737,274755.0,295124.0,986.2,1012.8,981.3,986.2,120936750,1084.8,887.6,1102.5,649.1,1009.8,24,1,1009.5,804,2,1009.4,1575,4,1009.3,3204,6,1009.2,753,3,1009.9,491,2,1010.0,804,4,1010.1,1085,4,1010.2,1410,6,1010.3,689,5
317,2025-11-26 15:26:36+05:30,1009.5,534,1003.45,9581617,273024.0,293553.0,986.2,1012.8,981.3,986.2,120936750,1084.8,887.6,1102.5,649.1,1009.4,3076,5,1009.3,953,4,1009.2,1503,4,1009.1,17,3,1009.0,408,29,1009.9,408,2,1010.0,1006,6,1010.1,1085,4,1010.2,1410,6,1010.3,689,5
317,2025-11-26 15:26:36+05:30,1009.5,534,1003.45,9581617,273024.0,293553.0,986.2,1012.8,981.3,986.2,120936750,1084.8,887.6,1102.5,649.1,1009.4,3076,5,1009.3,953,4,1009.2,1503,4,1009.1,17,3,1009.0,408,29,1009.9,408,2,1010.0,1006,6,1010.1,1085,4,1010.2,1410,6,1010.3,689,5
317,2025-11-26 15:26:37+05:30,1009.9,309,1003.45,9584705,276840.0,291793.0,986.2,1012.8,981.3,986.2,120936750,1084.8,887.6,1102.5,649.1,1009.9,440,1,1009.7,5,2,1009.5,3008,5,1009.4,3025,5,1009.3,2124,7,1010.0,259,4,1010.1,1057,3,1010.2,878,4,1010.3,300,3,1010.4,203,5
317,2025-11-26 15:26:37+05:30,1009.5,750,1003.45,9584705,276840.0,291793.0,986.2,1012.8,981.3,986.2,120936750,1084.8,887.6,1102.5,649.1,1009.9,440,1,1009.7,5,2,1009.5,3008,5,1009.4,3025,5,1009.3,2124,7,1010.0,259,4,1010.1,1057,3,1010.2,878,4,1010.3,300,3,1010.4,203,5
317,2025-11-26 15:26:38+05:30,1009.9,7,1003.46,9591981,274429.0,295780.0,986.2,1012.8,981.3,986.2,120936750,1084.8,887.6,1102.5,649.1,1009.8,82,3,1009.4,2261,4,1009.3,2453,5,1009.2,1659,5,1009.1,118,4,1009.9,930,2,1010.0,672,6,1010.1,1057,3,1010.2,1418,6,1010.3,708,5
317,2025-11-26 15:26:38+05:30,1009.8,13,1003.46,9591981,274429.0,295780.0,986.2,1012.8,981.3,986.2,120936750,1084.8,887.6,1102.5,649.1,1009.8,82,3,1009.4,2261,4,1009.3,2453,5,1009.2,1659,5,1009.1,118,4,1009.9,930,2,1010.0,672,6,1010.1,1057,3,1010.2,1418,6,1010.3,708,5
317,2025-11-26 15:26:39+05:30,1009.9,277,1003.46,9592753,274958.0,293731.0,986.2,1012.8,981.3,986.2,120936750,1084.8,887.6,1102.5,649.1,1009.7,11,1,1009.6,11,1,1009.4,2249,3,1009.3,2452,4,1009.2,1672,6,1009.8,25,1,1009.9,747,3,1010.0,198,4,1010.1,1085,4,1010.2,950,6
317,2025-11-26 15:26:39+05:30,1009.9,277,1003.46,9592753,274958.0,293731.0,986.2,1012.8,981.3,986.2,120936750,1084.8,887.6,1102.5,649.1,1009.7,11,1,1009.6,11,1,1009.4,2249,3,1009.3,2452,4,1009.2,1672,6,1009.8,25,1,1009.9,747,3,1010.0,198,4,1010.1,1085,4,1010.2,950,6
317,2025-11-26 15:26:40+05:30,1009.7,31,1003.46,9592753,274958.0,293731.0,986.2,1012.8,981.3,986.2,120936750,1084.8,887.6,1102.5,649.1,1009.7,11,1,1009.6,11,1,1009.4,2249,3,1009.3,2452,4,1009.2,1672,6,1009.8,25,1,1009.9,747,3,1010.0,198,4,1010.1,1085,4,1010.2,950,6
317,2025-11-26 15:26:40+05:30,1009.7,31,1003.46,9593248,276546.0,295551.0,986.2,1012.8,981.3,986.2,120936750,1084.8,887.6,1102.5,649.1,1009.7,19,1,1009.5,11,1,1009.4,2251,4,1009.3,3952,6,1009.2,1672,6,1009.8,501,4,1009.9,1123,4,1010.0,196,3,1010.1,1290,7,1010.2,1450,7
317,2025-11-26 15:26:41+05:30,1009.8,2,1003.46,9593248,276546.0,295551.0,986.2,1012.8,981.3,986.2,120936750,1084.8,887.6,1102.5,649.1,1009.7,19,1,1009.5,11,1,1009.4,2251,4,1009.3,3952,6,1009.2,1672,6,1009.8,501,4,1009.9,1123,4,1010.0,196,3,1010.1,1290,7,1010.2,1450,7
317,2025-11-26 15:26:41+05:30,1009.5,96,1003.46,9595192,274282.0,293976.0,986.2,1012.8,981.3,986.2,120936750,1084.8,887.6,1102.5,649.1,1009.6,5,1,1009.4,2306,5,1009.3,4702,7,1009.2,172,4,1009.1,154,3,1009.9,855,3,1010.0,625,5,1010.1,1156,6,1010.2,950,6,1010.3,833,5
317,2025-11-26 15:26:42+05:30,1009.6,8,1003.46,9595192,274282.0,293976.0,986.2,1012.8,981.3,986.2,120936750,1084.8,887.6,1102.5,649.1,1009.6,5,1,1009.4,2306,5,1009.3,4702,7,1009.2,172,4,1009.1,154,3,1009.9,855,3,1010.0,625,5,1010.1,1156,6,1010.2,950,6,1010.3,833,5
317,2025-11-26 15:26:42+05:30,1009.6,901,1003.47,9601739,276650.0,293543.0,986.2,1012.8,981.3,986.2,120936750,1084.8,887.6,1102.5,649.1,1009.6,3001,5,1009.5,852,3,1009.4,3013,6,1009.3,203,3,1009.2,169,3,1009.9,138,3,1010.0,728,4,1010.1,846,4,1010.2,546,4,1010.3,301,3
317,2025-11-26 15:26:43+05:30,1009.7,108,1003.47,9601739,276650.0,293543.0,986.2,1012.8,981.3,986.2,120936750,1084.8,887.6,1102.5,649.1,1009.6,3001,5,1009.5,852,3,1009.4,3013,6,1009.3,203,3,1009.2,169,3,1009.9,138,3,1010.0,728,4,1010.1,846,4,1010.2,546,4,1010.3,301,3
317,2025-11-26 15:26:43+05:30,1009.7,231,1003.47,9602761,278340.0,293791.0,986.2,1012.8,981.3,986.2,120936750,1084.8,887.6,1102.5,649.1,1009.7,519,1,1009.6,1174,5,1009.5,3102,6,1009.4,3011,5,1009.3,953,4,1009.9,9,2,1010.0,728,4,1010.1,1057,3,1010.2,890,4,1010.3,677,4
317,2025-11-26 15:26:44+05:30,1009.9,2,1003.47,9602761,278340.0,293791.0,986.2,1012.8,981.3,986.2,120936750,1084.8,887.6,1102.5,649.1,1009.7,519,1,1009.6,1174,5,1009.5,3102,6,1009.4,3011,5,1009.3,953,4,1009.9,9,2,1010.0,728,4,1010.1,1057,3,1010.2,890,4,1010.3,677,4
317,2025-11-26 15:26:44+05:30,1009.9,8,1003.47,9602865,277661.0,292927.0,986.2,1012.8,981.3,986.2,120936750,1084.8,887.6,1102.5,649.1,1009.7,552,2,1009.6,1193,6,1009.5,1613,5,1009.4,3750,5,1009.3,953,4,1009.9,34,2,1010.0,728,4,1010.1,681,2,1010.2,890,4,1010.3,708,5
317,2025-11-26 15:26:45+05:30,1009.9,13,1003.47,9602865,277661.0,292927.0,986.2,1012.8,981.3,986.2,120936750,1084.8,887.6,1102.5,649.1,1009.7,552,2,1009.6,1193,6,1009.5,1613,5,1009.4,3750,5,1009.3,953,4,1009.9,34,2,1010.0,728,4,1010.1,681,2,1010.2,890,4,1010.3,708,5
317,2025-11-26 15:26:45+05:30,1009.9,2,1003.47,9602898,279242.0,292910.0,986.2,1012.8,981.3,986.2,120936750,1084.8,887.6,1102.5,649.1,1009.8,1079,4,1009.7,565,3,1009.6,293,4,1009.5,1602,4,1009.4,3760,6,1009.9,17,2,1010.0,728,4,1010.1,681,2,1010.2,890,4,1010.3,708,5
317,2025-11-26 15:26:46+05:30,1009.9,16,1003.47,9602898,279242.0,292910.0,986.2,1012.8,981.3,986.2,120936750,1084.8,887.6,1102.5,649.1,1009.8,1079,4,1009.7,565,3,1009.6,293,4,1009.5,1602,4,1009.4,3760,6,1009.9,17,2,1010.0,728,4,1010.1,681,2,1010.2,890,4,1010.3,708,5
317,2025-11-26 15:26:46+05:30,1010.0,120,1003.47,9604504,281290.0,286793.0,986.2,1012.8,981.3,986.2,120936750,1084.8,887.6,1102.5,649.1,1010.0,1514,3,1009.9,596,1,1009.8,13,3,1009.7,2066,6,1009.6,4792,9,1010.1,681,2,1010.2,514,3,1010.4,476,3,1010.5,547,3,1010.6,424,4
317,2025-11-26 15:26:47+05:30,1010.1,13,1003.47,9604504,281290.0,286793.0,986.2,1012.8,981.3,986.2,120936750,1084.8,887.6,1102.5,649.1,1010.0,1514,3,1009.9,596,1,1009.8,13,3,1009.7,2066,6,1009.6,4792,9,1010.1,681,2,1010.2,514,3,1010.4,476,3,1010.5,547,3,1010.6,424,4
317,2025-11-26 15:26:47+05:30,1010.0,211,1003.47,9609181,279333.0,287797.0,986.2,1012.8,981.3,986.2,120936750,1084.8,887.6,1102.5,649.1,1009.9,667,4,1009.8,1507,5,1009.7,1303,4,1009.6,4144,8,1009.5,102,2,1010.2,504,3,1010.4,413,4,1010.5,547,3,1010.6,468,6,1010.7,485,4
317,2025-11-26 15:26:48+05:30,1010.0,9,1003.47,9609181,279333.0,287797.0,986.2,1012.8,981.3,986.2,120936750,1084.8,887.6,1102.5,649.1,1009.9,667,4,1009.8,1507,5,1009.7,1303,4,1009.6,4144,8,1009.5,102,2,1010.2,504,3,1010.4,413,4,1010.5,547,3,1010.6,468,6,1010.7,485,4
317,2025-11-26 15:26:48+05:30,1010.0,9,1003.47,9610409,277846.0,288066.0,986.2,1012.8,981.3,986.2,120936750,1084.8,887.6,1102.5,649.1,1009.9,1454,6,1009.8,1501,4,1009.7,1303,4,1009.6,1889,5,1009.5,102,2,1010.2,287,4,1010.4,413,4,1010.5,547,3,1010.6,968,7,1010.7,485,4
317,2025-11-26 15:26:49+05:30,1010.1,1,1003.47,9610409,277846.0,288066.0,986.2,1012.8,981.3,986.2,120936750,1084.8,887.6,1102.5,649.1,1009.9,1454,6,1009.8,1501,4,1009.7,1303,4,1009.6,1889,5,1009.5,102,2,1010.2,287,4,1010.4,413,4,1010.5,547,3,1010.6,968,7,1010.7,485,4
317,2025-11-26 15:26:49+05:30,1010.1,1,1003.47,9610412,279347.0,288552.0,986.2,1012.8,981.3,986.2,120936750,1084.8,887.6,1102.5,649.1,1010.0,1,1,1009.9,1453,5,1009.8,3001,6,1009.7,1303,4,1009.6,1889,5,1010.2,287,4,1010.4,413,4,1010.5,547,3,1010.6,468,6,1010.7,985,5
317,2025-11-26 15:26:50+05:30,1009.9,2,1003.47,9610412,279347.0,288552.0,986.2,1012.8,981.3,986.2,120936750,1084.8,887.6,1102.5,649.1,1010.0,1,1,1009.9,1453,5,1009.8,3001,6,1009.7,1303,4,1009.6,1889,5,1010.2,287,4,1010.4,413,4,1010.5,547,3,1010.6,468,6,1010.7,985,5
317,2025-11-26 15:26:50+05:30,1010.1,165,1003.47,9610819,278786.0,287988.0,986.2,1012.8,981.3,986.2,120936750,1084.8,887.6,1102.5,649.1,1009.9,1452,6,1009.8,4500,6,1009.7,1303,4,1009.6,14,2,1009.5,102,2,1010.2,308,6,1010.4,125,3,1010.5,547,3,1010.6,468,6,1010.7,485,4
317,2025-11-26 15:26:51+05:30,1009.9,7,1003.47,9610819,278786.0,287988.0,986.2,1012.8,981.3,986.2,120936750,1084.8,887.6,1102.5,649.1,1009.9,1452,6,1009.8,4500,6,1009.7,1303,4,1009.6,14,2,1009.5,102,2,1010.2,308,6,1010.4,125,3,1010.5,547,3,1010.6,468,6,1010.7,485,4
317,2025-11-26 15:26:51+05:30,1010.2,50,1003.47,9611404,276719.0,287915.0,986.2,1012.8,981.3,986.2,120936750,1084.8,887.6,1102.5,649.1,1010.2,700,1,1010.1,1423,3,1010.0,1500,3,1009.9,2399,8,1009.8,38,3,1010.6,20,2,1010.7,780,2,1010.8,649,3,1010.9,538,5,1011.0,5100,14
317,2025-11-26 15:26:52+05:30,1010.7,1,1003.47,9611404,276719.0,287915.0,986.2,1012.8,981.3,986.2,120936750,1084.8,887.6,1102.5,649.1,1010.2,700,1,1010.1,1423,3,1010.0,1500,3,1009.9,2399,8,1009.8,38,3,1010.6,20,2,1010.7,780,2,1010.8,649,3,1010.9,538,5,1011.0,5100,14
317,2025-11-26 15:26:52+05:30,1010.2,1,1003.47,9611702,277307.0,289638.0,986.2,1012.8,981.3,986.2,120936750,1084.8,887.6,1102.5,649.1,1010.2,1223,5,1010.1,1448,5,1010.0,3066,5,1009.9,770,5,1009.8,38,3,1010.5,1,1,1010.7,959,4,1010.8,376,1,1010.9,506,4,1011.0,4976,14
317,2025-11-26 15:26:53+05:30,1010.4,1,1003.47,9611702,277307.0,289638.0,986.2,1012.8,981.3,986.2,120936750,1084.8,887.6,1102.5,649.1,1010.2,1223,5,1010.1,1448,5,1010.0,3066,5,1009.9,770,5,1009.8,38,3,1010.5,1,1,1010.7,959,4,1010.8,376,1,1010.9,506,4,1011.0,4976,14
317,2025-11-26 15:26:53+05:30,1010.4,1,1003.47,9611775,276837.0,289108.0,986.2,1012.8,981.3,986.2,120936750,1084.8,887.6,1102.5,649.1,1010.2,1157,4,1010.1,1448,5,1010.0,3816,6,1009.9,770,5,1009.8,38,3,1010.5,4,1,1010.6,404,1,1010.7,822,6,1010.8,404,2,1010.9,1006,6
317,2025-11-26 15:26:54+05:30,1010.7,10,1003.47,9611775,276837.0,289108.0,986.2,1012.8,981.3,986.2,120936750,1084.8,887.6,1102.5,649.1,1010.2,1157,4,1010.1,1448,5,1010.0,3816,6,1009.9,770,5,1009.8,38,3,1010.5,4,1,1010.6,404,1,1010.7,822,6,1010.8,404,2,1010.9,1006,6
317,2025-11-26 15:26:54+05:30,1010.6,19,1003.47,9611818,276478.0,289268.0,986.2,1012.8,981.3,986.2,120936750,1084.8,887.6,1102.5,649.1,1010.2,1156,4,1010.1,1448,5,1010.0,3066,5,1009.9,770,5,1009.8,88,4,1010.5,25,1,1010.6,553,3,1010.7,790,5,1010.8,926,4,1010.9,546,6
317,2025-11-26 15:26:55+05:30,1010.2,7,1003.47,9611818,276478.0,289268.0,986.2,1012.8,981.3,986.2,120936750,1084.8,887.6,1102.5,649.1,1010.2,1156,4,1010.1,1448,5,1010.0,3066,5,1009.9,770,5,1009.8,88,4,1010.5,25,1,1010.6,553,3,1010.7,790,5,1010.8,926,4,1010.9,546,6
317,2025-11-26 15:26:56+05:30,1010.2,10,1003.47,9611835,277345.0,289495.0,986.2,1012.8,981.3,986.2,120936750,1084.8,887.6,1102.5,649.1,1010.2,1136,5,1010.1,1476,6,1010.0,3833,7,1009.9,761,4,1009.8,88,4,1010.5,201,4,1010.6,553,3,1010.7,762,4,1010.8,898,3,1010.9,546,6
317,2025-11-26 15:26:56+05:30,1010.2,10,1003.47,9611835,277345.0,289495.0,986.2,1012.8,981.3,986.2,120936750,1084.8,887.6,1102.5,649.1,1010.2,1136,5,1010.1,1476,6,1010.0,3833,7,1009.9,761,4,1009.8,88,4,1010.5,201,4,1010.6,553,3,1010.7,762,4,1010.8,898,3,1010.9,546,6
317,2025-11-26 15:26:56+05:30,1010.5,3,1003.47,9612334,276886.0,287956.0,986.2,1012.8,981.3,986.2,120936750,1084.8,887.6,1102.5,649.1,1010.2,2570,9,1010.1,4553,9,1010.0,834,4,1009.9,254,5,1009.8,75,3,1010.5,3,1,1010.7,442,3,1010.8,376,1,1010.9,533,5,1011.0,4490,12
317,2025-11-26 15:26:57+05:30,1010.5,3,1003.47,9612334,276886.0,287956.0,986.2,1012.8,981.3,986.2,120936750,1084.8,887.6,1102.5,649.1,1010.2,2570,9,1010.1,4553,9,1010.0,834,4,1009.9,254,5,1009.8,75,3,1010.5,3,1,1010.7,442,3,1010.8,376,1,1010.9,533,5,1011.0,4490,12
317,2025-11-26 15:26:58+05:30,1010.2,171,1003.47,9612563,277937.0,289614.0,986.2,1012.8,981.3,986.2,120936750,1084.8,887.6,1102.5,649.1,1010.2,2647,10,1010.1,4553,9,1010.0,839,5,1009.9,249,4,1009.8,75,3,1010.3,113,1,1010.4,35,1,1010.5,3,1,1010.6,363,1,1010.7,818,4
317,2025-11-26 15:26:58+05:30,1010.3,16,1003.47,9612563,277937.0,289614.0,986.2,1012.8,981.3,986.2,120936750,1084.8,887.6,1102.5,649.1,1010.2,2647,10,1010.1,4553,9,1010.0,839,5,1009.9,249,4,1009.8,75,3,1010.3,113,1,1010.4,35,1,1010.5,3,1,1010.6,363,1,1010.7,818,4
317,2025-11-26 15:26:59+05:30,1010.3,3,1003.47,9612889,278006.0,286774.0,986.2,1012.8,981.3,986.2,120936750,1084.8,887.6,1102.5,649.1,1010.2,2682,10,1010.1,4553,9,1010.0,773,4,1009.9,249,4,1009.8,75,3,1010.3,60,3,1010.5,3,1,1010.6,385,2,1010.7,818,4,1010.8,403,2
317,2025-11-26 15:26:59+05:30,1010.3,466,1003.47,9612889,278006.0,286774.0,986.2,1012.8,981.3,986.2,120936750,1084.8,887.6,1102.5,649.1,1010.2,2682,10,1010.1,4553,9,1010.0,773,4,1009.9,249,4,1009.8,75,3,1010.3,60,3,1010.5,3,1,1010.6,385,2,1010.7,818,4,1010.8,403,2
317,2025-11-26 15:27:00+05:30,1010.4,114,1003.48,9615945,267590.0,278894.0,986.2,1012.8,981.3,986.2,120936750,1084.8,887.6,1102.5,649.1,1010.3,111,2,1010.2,1664,7,1010.1,4750,9,1010.0,772,3,1009.9,101,1,1010.4,51,1,1010.5,220,1,1010.6,245,1,1010.7,758,3,1010.8,376,1
317,2025-11-26 15:27:00+05:30,1010.4,114,1003.48,9615945,267590.0,278894.0,986.2,1012.8,981.3,986.2,120936750,1084.8,887.6,1102.5,649.1,1010.3,111,2,1010.2,1664,7,1010.1,4750,9,1010.0,772,3,1009.9,101,1,1010.4,51,1,1010.5,220,1,1010.6,245,1,1010.7,758,3,1010.8,376,1
317,2025-11-26 15:27:01+05:30,1010.2,2,1003.48,9616941,267459.0,279669.0,986.2,1012.8,981.3,986.2,120936750,1084.8,887.6,1102.5,649.1,1010.2,1631,7,1010.1,4750,9,1010.0,772,3,1009.9,114,2,1009.8,50,1,1010.4,51,1,1010.5,581,2,1010.6,643,2,1010.7,758,3,1010.8,876,2
317,2025-11-26 15:27:01+05:30,1010.2,2,1003.48,9616941,267459.0,279669.0,986.2,1012.8,981.3,986.2,120936750,1084.8,887.6,1102.5,649.1,1010.2,1631,7,1010.1,4750,9,1010.0,772,3,1009.9,114,2,1009.8,50,1,1010.4,51,1,1010.5,581,2,1010.6,643,2,1010.7,758,3,1010.8,876,2
317,2025-11-26 15:27:02+05:30,1010.2,30,1003.48,9616941,267459.0,279669.0,986.2,1012.8,981.3,986.2,120936750,1084.8,887.6,1102.5,649.1,1010.2,1631,7,1010.1,4750,9,1010.0,772,3,1009.9,114,2,1009.8,50,1,1010.4,51,1,1010.5,581,2,1010.6,643,2,1010.7,758,3,1010.8,876,2
317,2025-11-26 15:27:02+05:30,1010.3,6,1003.48,9617914,267720.0,279872.0,986.2,1012.8,981.3,986.2,120936750,1084.8,887.6,1102.5,649.1,1010.3,98,1,1010.2,1548,7,1010.1,4750,9,1010.0,982,4,1009.9,101,1,1010.4,57,3,1010.5,458,2,1010.6,643,2,1010.7,771,4,1010.8,376,1
317,2025-11-26 15:27:03+05:30,1010.3,2,1003.48,9617921,267754.0,280430.0,986.2,1012.8,981.3,986.2,120936750,1084.8,887.6,1102.5,649.1,1010.3,111,2,1010.2,1548,7,1010.1,4750,9,1010.0,982,4,1009.9,114,2,1010.4,615,4,1010.5,458,2,1010.6,643,2,1010.7,771,4,1010.8,876,2
317,2025-11-26 15:27:03+05:30,1010.3,2,1003.48,9617921,267754.0,280430.0,986.2,1012.8,981.3,986.2,120936750,1084.8,887.6,1102.5,649.1,1010.3,111,2,1010.2,1548,7,1010.1,4750,9,1010.0,982,4,1009.9,114,2,1010.4,615,4,1010.5,458,2,1010.6,643,2,1010.7,771,4,1010.8,876,2
317,2025-11-26 15:27:04+05:30,1010.2,49,1003.48,9617921,267754.0,280430.0,986.2,1012.8,981.3,986.2,120936750,1084.8,887.6,1102.5,649.1,1010.3,111,2,1010.2,1548,7,1010.1,4750,9,1010.0,982,4,1009.9,114,2,1010.4,615,4,1010.5,458,2,1010.6,643,2,1010.7,771,4,1010.8,876,2
317,2025-11-26 15:27:04+05:30,1010.2,49,1003.48,9618094,267552.0,280217.0,986.2,1012.8,981.3,986.2,120936750,1084.8,887.6,1102.5,649.1,1010.2,1581,7,1010.1,4836,11,1010.0,772,3,1009.9,114,2,1009.8,50,1,1010.4,612,4,1010.5,458,2,1010.6,643,2,1010.7,771,4,1010.8,876,2
317,2025-11-26 15:27:05+05:30,1010.4,1,1003.48,9618094,267552.0,280217.0,986.2,1012.8,981.3,986.2,120936750,1084.8,887.6,1102.5,649.1,1010.2,1581,7,1010.1,4836,11,1010.0,772,3,1009.9,114,2,1009.8,50,1,1010.4,612,4,1010.5,458,2,1010.6,643,2,1010.7,771,4,1010.8,876,2
317,2025-11-26 15:27:05+05:30,1010.4,1,1003.48,9618307,267398.0,280014.0,986.2,1012.8,981.3,986.2,120936750,1084.8,887.6,1102.5,649.1,1010.3,141,2,1010.2,1501,7,1010.1,4638,10,1010.0,755,2,1009.9,114,2,1010.4,408,2,1010.5,460,3,1010.6,643,2,1010.7,771,4,1010.8,876,2
317,2025-11-26 15:27:06+05:30,1010.3,1,1003.48,9618346,267873.0,279156.0,986.2,1012.8,981.3,986.2,120936750,1084.8,887.6,1102.5,649.1,1010.3,531,4,1010.2,1546,7,1010.1,4638,10,1010.0,841,3,1009.9,114,2,1010.4,378,5,1010.5,222,2,1010.6,643,2,1010.7,771,4,1010.8,1626,3
317,2025-11-26 15:27:07+05:30,1010.3,3,1003.48,9618346,267873.0,279156.0,986.2,1012.8,981.3,986.2,120936750,1084.8,887.6,1102.5,649.1,1010.3,531,4,1010.2,1546,7,1010.1,4638,10,1010.0,841,3,1009.9,114,2,1010.4,378,5,1010.5,222,2,1010.6,643,2,1010.7,771,4,1010.8,1626,3
317,2025-11-26 15:27:07+05:30,1010.3,10,1003.48,9619298,267551.0,279970.0,986.2,1012.8,981.3,986.2,120936750,1084.8,887.6,1102.5,649.1,1010.2,1545,7,1010.1,4638,10,1010.0,841,3,1009.9,114,2,1009.8,210,1,1010.3,112,1,1010.4,1091,8,1010.5,524,5,1010.6,656,3,1010.7,1751,5
317,2025-11-26 15:27:08+05:30,1010.3,113,1003.48,9619298,267551.0,279970.0,986.2,1012.8,981.3,986.2,120936750,1084.8,887.6,1102.5,649.1,1010.2,1545,7,1010.1,4638,10,1010.0,841,3,1009.9,114,2,1009.8,210,1,1010.3,112,1,1010.4,1091,8,1010.5,524,5,1010.6,656,3,1010.7,1751,5
317,2025-11-26 15:27:08+05:30,1010.3,1,1003.48,9619620,267544.0,280307.0,986.2,1012.8,981.3,986.2,120936750,1084.8,887.6,1102.5,649.1,1010.2,105,4,1010.1,2311,8,1010.0,3851,7,1009.9,750,1,1009.8,223,2,1010.4,1320,6,1010.5,526,6,1010.6,398,1,1010.7,1244,5,1010.8,1639,4
317,2025-11-26 15:27:09+05:30,1010.4,12,1003.48,9619620,267544.0,280307.0,986.2,1012.8,981.3,986.2,120936750,1084.8,887.6,1102.5,649.1,1010.2,105,4,1010.1,2311,8,1010.0,3851,7,1009.9,750,1,1009.8,223,2,1010.4,1320,6,1010.5,526,6,1010.6,398,1,1010.7,1244,5,1010.8,1639,4
317,2025-11-26 15:27:09+05:30,1010.3,50,1003.48,9620068,267343.0,279479.0,986.2,1012.8,981.3,986.2,120936750,1084.8,887.6,1102.5,649.1,1010.3,102,2,1010.2,75,3,1010.1,2248,7,1010.0,3851,7,1009.9,750,1,1010.4,700,4,1010.5,528,7,1010.6,398,1,1010.7,1244,5,1010.8,1639,4
317,2025-11-26 15:27:10+05:30,1010.3,4,1003.48,9620068,267343.0,279479.0,986.2,1012.8,981.3,986.2,120936750,1084.8,887.6,1102.5,649.1,1010.3,102,2,1010.2,75,3,1010.1,2248,7,1010.0,3851,7,1009.9,750,1,1010.4,700,4,1010.5,528,7,1010.6,398,1,1010.7,1244,5,1010.8,1639,4
317,2025-11-26 15:27:11+05:30,1010.3,2,1003.48,9620090,267654.0,279463.0,986.2,1012.8,981.3,986.2,120936750,1084.8,887.6,1102.5,649.1,1010.3,413,4,1010.2,75,3,1010.1,2248,7,1010.0,3901,8,1009.9,750,1,1010.4,684,4,1010.5,528,7,1010.6,398,1,1010.7,1244,5,1010.8,1639,4
317,2025-11-26 15:27:11+05:30,1010.3,2,1003.48,9620090,267654.0,279463.0,986.2,1012.8,981.3,986.2,120936750,1084.8,887.6,1102.5,649.1,1010.3,413,4,1010.2,75,3,1010.1,2248,7,1010.0,3901,8,1009.9,750,1,1010.4,684,4,1010.5,528,7,1010.6,398,1,1010.7,1244,5,1010.8,1639,4
317,2025-11-26 15:27:12+05:30,1010.4,4,1003.48,9620947,267310.0,279497.0,986.2,1012.8,981.3,986.2,120936750,1084.8,887.6,1102.5,649.1,1010.3,83,4,1010.2,61,2,1010.1,2248,7,1010.0,3901,8,1009.9,750,1,1010.4,674,6,1010.5,528,7,1010.6,398,1,1010.7,1244,5,1010.8,1639,4
317,2025-11-26 15:27:12+05:30,1010.4,4,1003.48,9620947,267310.0,279497.0,986.2,1012.8,981.3,986.2,120936750,1084.8,887.6,1102.5,649.1,1010.3,83,4,1010.2,61,2,1010.1,2248,7,1010.0,3901,8,1009.9,750,1,1010.4,674,6,1010.5,528,7,1010.6,398,1,1010.7,1244,5,1010.8,1639,4
317,2025-11-26 15:27:13+05:30,1010.4,32,1003.48,9622064,267106.0,277136.0,986.2,1012.8,981.3,986.2,120936750,1084.8,887.6,1102.5,649.1,1010.1,1471,5,1010.0,5401,10,1009.8,223,2,1009.7,226,2,1009.5,1037,6,1010.3,31,2,1010.4,137,6,1010.5,528,7,1010.6,624,2,1010.7,1244,5
317,2025-11-26 15:27:13+05:30,1010.3,12,1003.48,9622064,267106.0,277136.0,986.2,1012.8,981.3,986.2,120936750,1084.8,887.6,1102.5,649.1,1010.1,1471,5,1010.0,5401,10,1009.8,223,2,1009.7,226,2,1009.5,1037,6,1010.3,31,2,1010.4,137,6,1010.5,528,7,1010.6,624,2,1010.7,1244,5
317,2025-11-26 15:27:14+05:30,1010.4,2,1003.48,9622064,267106.0,277136.0,986.2,1012.8,981.3,986.2,120936750,1084.8,887.6,1102.5,649.1,1010.1,1471,5,1010.0,5401,10,1009.8,223,2,1009.7,226,2,1009.5,1037,6,1010.3,31,2,1010.4,137,6,1010.5,528,7,1010.6,624,2,1010.7,1244,5
317,2025-11-26 15:27:14+05:30,1010.4,2,1003.48,9622164,266872.0,276793.0,986.2,1012.8,981.3,986.2,120936750,1084.8,887.6,1102.5,649.1,1010.3,2,2,1010.2,2,1,1010.1,1471,5,1010.0,5401,10,1009.8,223,2,1010.4,127,7,1010.5,528,7,1010.6,624,2,1010.7,1244,5,1010.8,1139,3
317,2025-11-26 15:27:15+05:30,1010.3,13,1003.48,9622164,266872.0,276793.0,986.2,1012.8,981.3,986.2,120936750,1084.8,887.6,1102.5,649.1,1010.3,2,2,1010.2,2,1,1010.1,1471,5,1010.0,5401,10,1009.8,223,2,1010.4,127,7,1010.5,528,7,1010.6,624,2,1010.7,1244,5,1010.8,1139,3
317,2025-11-26 15:27:15+05:30,1010.3,1,1003.48,9622188,266624.0,276851.0,986.2,1012.8,981.3,986.2,120936750,1084.8,887.6,1102.5,649.1,1010.2,342,4,1010.1,1471,5,1010.0,5401,10,1009.8,223,2,1009.7,226,2,1010.3,2,1,1010.4,126,7,1010.5,528,7,1010.6,624,2,1010.7,1244,5
317,2025-11-26 15:27:16+05:30,1010.0,1500,1003.48,9622188,266624.0,276851.0,986.2,1012.8,981.3,986.2,120936750,1084.8,887.6,1102.5,649.1,1010.2,342,4,1010.1,1471,5,1010.0,5401,10,1009.8,223,2,1009.7,226,2,1010.3,2,1,1010.4,126,7,1010.5,528,7,1010.6,624,2,1010.7,1244,5
317,2025-11-26 15:27:16+05:30,1010.0,1500,1003.49,9630259,260491.0,276510.0,986.2,1012.8,981.3,986.2,120936750,1084.8,887.6,1102.5,649.1,1009.9,750,1,1009.8,1500,2,1009.7,100,1,1009.5,307,4,1009.4,110,2,1010.0,2,1,1010.1,151,1,1010.2,248,3,1010.3,559,4,1010.4,1612,10
317,2025-11-26 15:27:17+05:30,1010.0,45,1003.49,9630259,260491.0,276510.0,986.2,1012.8,981.3,986.2,120936750,1084.8,887.6,1102.5,649.1,1009.9,750,1,1009.8,1500,2,1009.7,100,1,1009.5,307,4,1009.4,110,2,1010.0,2,1,1010.1,151,1,1010.2,248,3,1010.3,559,4,1010.4,1612,10
317,2025-11-26 15:27:17+05:30,1009.9,96,1003.49,9632585,261580.0,275372.0,986.2,1012.8,981.3,986.2,120936750,1084.8,887.6,1102.5,649.1,1009.7,100,1,1009.6,2250,2,1009.5,931,4,1009.4,860,3,1009.3,215,3,1009.9,112,1,1010.0,1732,3,1010.3,1097,3,1010.4,362,8,1010.5,1291,9
317,2025-11-26 15:27:18+05:30,1009.7,9,1003.49,9632585,261580.0,275372.0,986.2,1012.8,981.3,986.2,120936750,1084.8,887.6,1102.5,649.1,1009.7,100,1,1009.6,2250,2,1009.5,931,4,1009.4,860,3,1009.3,215,3,1009.9,112,1,1010.0,1732,3,1010.3,1097,3,1010.4,362,8,1010.5,1291,9
317,2025-11-26 15:27:18+05:30,1009.9,50,1003.49,9632644,263100.0,275934.0,986.2,1012.8,981.3,986.2,120936750,1084.8,887.6,1102.5,649.1,1009.7,92,2,1009.6,2253,3,1009.5,1681,5,1009.4,1610,4,1009.3,215,3,1009.9,342,5,1010.0,2019,5,1010.2,1148,2,1010.3,1098,4,1010.4,366,7
317,2025-11-26 15:27:19+05:30,1009.9,2,1003.49,9632644,263100.0,275934.0,986.2,1012.8,981.3,986.2,120936750,1084.8,887.6,1102.5,649.1,1009.7,92,2,1009.6,2253,3,1009.5,1681,5,1009.4,1610,4,1009.3,215,3,1009.9,342,5,1010.0,2019,5,1010.2,1148,2,1010.3,1098,4,1010.4,366,7
317,2025-11-26 15:27:19+05:30,1009.7,3,1003.49,9632731,263624.0,276278.0,986.2,1012.8,981.3,986.2,120936750,1084.8,887.6,1102.5,649.1,1009.7,80,2,1009.6,3003,4,1009.5,1681,5,1009.4,1610,4,1009.3,215,3,1009.8,48,1,1009.9,265,5,1010.0,2411,5,1010.1,543,2,1010.2,398,1
317,2025-11-26 15:27:20+05:30,1009.7,3,1003.49,9632731,263624.0,276278.0,986.2,1012.8,981.3,986.2,120936750,1084.8,887.6,1102.5,649.1,1009.7,80,2,1009.6,3003,4,1009.5,1681,5,1009.4,1610,4,1009.3,215,3,1009.8,48,1,1009.9,265,5,1010.0,2411,5,1010.1,543,2,1010.2,398,1
317,2025-11-26 15:27:21+05:30,1009.8,6,1003.49,9632744,263865.0,276342.0,986.2,1012.8,981.3,986.2,120936750,1084.8,887.6,1102.5,649.1,1009.7,78,1,1009.6,3003,4,1009.5,1681,5,1009.4,1610,4,1009.3,215,3,1009.8,206,3,1009.9,267,7,1010.0,2411,5,1010.1,543,2,1010.2,398,1
317,2025-11-26 15:27:21+05:30,1009.8,149,1003.49,9632744,263865.0,276342.0,986.2,1012.8,981.3,986.2,120936750,1084.8,887.6,1102.5,649.1,1009.7,78,1,1009.6,3003,4,1009.5,1681,5,1009.4,1610,4,1009.3,215,3,1009.8,206,3,1009.9,267,7,1010.0,2411,5,1010.1,543,2,1010.2,398,1
317,2025-11-26 15:27:22+05:30,1009.8,116,1003.49,9633118,264743.0,276946.0,986.2,1012.8,981.3,986.2,120936750,1084.8,887.6,1102.5,649.1,1009.7,519,4,1009.6,3003,4,1009.5,1681,5,1009.4,1610,4,1009.3,215,3,1009.8,61,3,1009.9,256,5,1010.0,2421,6,1010.1,1293,3,1010.2,411,2
317,2025-11-26 15:27:22+05:30,1009.8,116,1003.49,9633118,264743.0,276946.0,986.2,1012.8,981.3,986.2,120936750,1084.8,887.6,1102.5,649.1,1009.7,519,4,1009.6,3003,4,1009.5,1681,5,1009.4,1610,4,1009.3,215,3,1009.8,61,3,1009.9,256,5,1010.0,2421,6,1010.1,1293,3,1010.2,411,2
317,2025-11-26 15:27:23+05:30,1009.6,3,1003.49,9633699,264274.0,276824.0,986.2,1012.8,981.3,986.2,120936750,1084.8,887.6,1102.5,649.1,1009.6,3012,5,1009.5,1691,6,1009.4,1600,3,1009.3,215,3,1009.2,1,1,1009.7,180,2,1009.8,61,3,1009.9,352,6,1010.0,2421,6,1010.1,543,2
317,2025-11-26 15:27:23+05:30,1009.6,3,1003.49,9633699,264274.0,276824.0,986.2,1012.8,981.3,986.2,120936750,1084.8,887.6,1102.5,649.1,1009.6,3012,5,1009.5,1691,6,1009.4,1600,3,1009.3,215,3,1009.2,1,1,1009.7,180,2,1009.8,61,3,1009.9,352,6,1010.0,2421,6,1010.1,543,2
317,2025-11-26 15:27:24+05:30,1009.7,3,1003.49,9633732,265062.0,276800.0,986.2,1012.8,981.3,986.2,120936750,1084.8,887.6,1102.5,649.1,1009.6,3050,6,1009.5,2441,7,1009.4,1600,3,1009.3,215,3,1009.2,1,1,1009.7,166,4,1009.8,50,1,1009.9,352,6,1010.0,2421,6,1010.1,543,2
317,2025-11-26 15:27:24+05:30,1009.7,3,1003.49,9633732,265062.0,276800.0,986.2,1012.8,981.3,986.2,120936750,1084.8,887.6,1102.5,649.1,1009.6,3050,6,1009.5,2441,7,1009.4,1600,3,1009.3,215,3,1009.2,1,1,1009.7,166,4,1009.8,50,1,1009.9,352,6,1010.0,2421,6,1010.1,543,2
317,2025-11-26 15:27:25+05:30,1009.7,3,1003.49,9633732,265062.0,276804.0,986.2,1012.8,981.3,986.2,120936750,1084.8,887.6,1102.5,649.1,1009.6,3050,6,1009.5,2441,7,1009.4,1600,3,1009.3,215,3,1009.2,1,1,1009.7,170,5,1009.8,50,1,1009.9,352,6,1010.0,2421,6,1010.1,543,2
317,2025-11-26 15:27:26+05:30,1009.7,31,1003.49,9633790,265886.0,276852.0,986.2,1012.8,981.3,986.2,120936750,1084.8,887.6,1102.5,649.1,1009.6,3151,8,1009.5,2441,7,1009.4,2350,4,1009.3,215,3,1009.2,1,1,1009.7,509,8,1009.8,34,1,1009.9,17,3,1010.0,2421,6,1010.1,1306,4
317,2025-11-26 15:27:26+05:30,1009.7,31,1003.49,9633790,265886.0,276852.0,986.2,1012.8,981.3,986.2,120936750,1084.8,887.6,1102.5,649.1,1009.6,3151,8,1009.5,2441,7,1009.4,2350,4,1009.3,215,3,1009.2,1,1,1009.7,509,8,1009.8,34,1,1009.9,17,3,1010.0,2421,6,1010.1,1306,4
317,2025-11-26 15:27:27+05:30,1009.7,2,1003.49,9634802,265978.0,276561.0,986.2,1012.8,981.3,986.2,120936750,1084.8,887.6,1102.5,649.1,1009.6,3243,9,1009.5,2441,7,1009.4,2350,4,1009.3,215,3,1009.2,1,1,1009.7,231,3,1009.8,34,1,1009.9,17,3,1010.0,2421,6,1010.1,1293,3
317,2025-11-26 15:27:27+05:30,1009.7,2,1003.49,9634802,265978.0,276561.0,986.2,1012.8,981.3,986.2,120936750,1084.8,887.6,1102.5,649.1,1009.6,3243,9,1009.5,2441,7,1009.4,2350,4,1009.3,215,3,1009.2,1,1,1009.7,231,3,1009.8,34,1,1009.9,17,3,1010.0,2421,6,1010.1,1293,3
317,2025-11-26 15:27:28+05:30,1010.0,223,1003.49,9638877,266226.0,275454.0,986.2,1012.8,981.3,986.2,120936750,1084.8,887.6,1102.5,649.1,1009.8,1,1,1009.7,940,4,1009.6,2512,9,1009.5,2406,6,1009.4,2350,4,1010.0,1574,4,1010.1,145,1,1010.3,611,4,1010.4,2004,5,1010.5,971,8
317,2025-11-26 15:27:28+05:30,1010.0,223,1003.49,9638877,266226.0,275454.0,986.2,1012.8,981.3,986.2,120936750,1084.8,887.6,1102.5,649.1,1009.8,1,1,1009.7,940,4,1009.6,2512,9,1009.5,2406,6,1009.4,2350,4,1010.0,1574,4,1010.1,145,1,1010.3,611,4,1010.4,2004,5,1010.5,971,8
317,2025-11-26 15:27:29+05:30,1010.0,40,1003.49,9638877,266226.0,275454.0,986.2,1012.8,981.3,986.2,120936750,1084.8,887.6,1102.5,649.1,1009.8,1,1,1009.7,940,4,1009.6,2512,9,1009.5,2406,6,1009.4,2350,4,1010.0,1574,4,1010.1,145,1,1010.3,611,4,1010.4,2004,5,1010.5,971,8
317,2025-11-26 15:27:29+05:30,1010.0,40,1003.49,9639419,265044.0,274305.0,986.2,1012.8,981.3,986.2,120936750,1084.8,887.6,1102.5,649.1,1009.8,13,1,1009.7,1162,6,1009.6,2512,9,1009.5,1656,5,1009.4,2350,4,1009.9,1,1,1010.0,1518,7,1010.3,412,3,1010.4,2004,5,1010.5,751,7
317,2025-11-26 15:27:30+05:30,1010.0,30,1003.49,9639419,265044.0,274305.0,986.2,1012.8,981.3,986.2,120936750,1084.8,887.6,1102.5,649.1,1009.8,13,1,1009.7,1162,6,1009.6,2512,9,1009.5,1656,5,1009.4,2350,4,1009.9,1,1,1010.0,1518,7,1010.3,412,3,1010.4,2004,5,1010.5,751,7
317,2025-11-26 15:27:30+05:30,1010.0,30,1003.49,9640991,266432.0,274014.0,986.2,1012.8,981.3,986.2,120936750,1084.8,887.6,1102.5,649.1,1009.9,576,2,1009.8,223,5,1009.7,785,6,1009.6,4748,11,1009.5,906,4,1010.0,1927,8,1010.2,1148,2,1010.3,399,2,1010.4,1153,3,1010.5,1264,9
317,2025-11-26 15:27:31+05:30,1010.0,56,1003.49,9640991,266432.0,274014.0,986.2,1012.8,981.3,986.2,120936750,1084.8,887.6,1102.5,649.1,1009.9,576,2,1009.8,223,5,1009.7,785,6,1009.6,4748,11,1009.5,906,4,1010.0,1927,8,1010.2,1148,2,1010.3,399,2,1010.4,1153,3,1010.5,1264,9
317,2025-11-26 15:27:31+05:30,1009.9,10,1003.49,9643405,264929.0,273312.0,986.2,1012.8,981.3,986.2,120936750,1084.8,887.6,1102.5,649.1,1009.9,627,5,1009.8,202,4,1009.7,781,5,1009.6,3219,8,1009.5,2426,7,1010.0,1543,13,1010.3,479,3,1010.4,1916,5,1010.5,751,7,1010.6,226,1
317,2025-11-26 15:27:32+05:30,1010.0,86,1003.49,9643405,264929.0,273312.0,986.2,1012.8,981.3,986.2,120936750,1084.8,887.6,1102.5,649.1,1009.9,627,5,1009.8,202,4,1009.7,781,5,1009.6,3219,8,1009.5,2426,7,1010.0,1543,13,1010.3,479,3,1010.4,1916,5,1010.5,751,7,1010.6,226,1
317,2025-11-26 15:27:32+05:30,1010.0,86,1003.49,9643524,264925.0,273312.0,986.2,1012.8,981.3,986.2,120936750,1084.8,887.6,1102.5,649.1,1009.9,635,7,1009.8,189,3,1009.7,782,6,1009.6,3219,8,1009.5,2504,8,1010.0,1491,14,1010.3,479,3,1010.4,1916,5,1010.5,751,7,1010.6,226,1
317,2025-11-26 15:27:33+05:30,1009.9,1,1003.49,9643524,264925.0,273312.0,986.2,1012.8,981.3,986.2,120936750,1084.8,887.6,1102.5,649.1,1009.9,635,7,1009.8,189,3,1009.7,782,6,1009.6,3219,8,1009.5,2504,8,1010.0,1491,14,1010.3,479,3,1010.4,1916,5,1010.5,751,7,1010.6,226,1
317,2025-11-26 15:27:33+05:30,1010.0,14,1003.49,9643863,265126.0,273276.0,986.2,1012.8,981.3,986.2,120936750,1084.8,887.6,1102.5,649.1,1009.9,933,10,1009.8,189,3,1009.7,422,5,1009.6,3239,9,1009.5,2504,8,1010.0,1471,16,1010.1,343,1,1010.3,479,3,1010.4,1916,5,1010.5,408,6
317,2025-11-26 15:27:34+05:30,1010.0,1,1003.49,9643863,265126.0,273276.0,986.2,1012.8,981.3,986.2,120936750,1084.8,887.6,1102.5,649.1,1009.9,933,10,1009.8,189,3,1009.7,422,5,1009.6,3239,9,1009.5,2504,8,1010.0,1471,16,1010.1,343,1,1010.3,479,3,1010.4,1916,5,1010.5,408,6
317,2025-11-26 15:27:34+05:30,1010.0,50,1003.49,9644177,265941.0,273666.0,986.2,1012.8,981.3,986.2,120936750,1084.8,887.6,1102.5,649.1,1009.9,1493,12,1009.8,189,3,1009.7,235,4,1009.6,3193,8,1009.5,2504,8,1010.0,2017,17,1010.1,343,1,1010.3,479,3,1010.4,1916,5,1010.5,406,5
317,2025-11-26 15:27:35+05:30,1010.0,11,1003.49,9644177,265941.0,273666.0,986.2,1012.8,981.3,986.2,120936750,1084.8,887.6,1102.5,649.1,1009.9,1493,12,1009.8,189,3,1009.7,235,4,1009.6,3193,8,1009.5,2504,8,1010.0,2017,17,1010.1,343,1,1010.3,479,3,1010.4,1916,5,1010.5,406,5
317,2025-11-26 15:27:35+05:30,1009.9,62,1003.49,9644560,265669.0,273566.0,986.2,1012.8,981.3,986.2,120936750,1084.8,887.6,1102.5,649.1,1009.9,1419,11,1009.8,189,3,1009.7,37,3,1009.6,3193,8,1009.5,2504,8,1010.0,1707,17,1010.1,343,1,1010.3,479,3,1010.4,1916,5,1010.5,406,5
317,2025-11-26 15:27:36+05:30,1010.0,2,1003.49,9644560,265669.0,273566.0,986.2,1012.8,981.3,986.2,120936750,1084.8,887.6,1102.5,649.1,1009.9,1419,11,1009.8,189,3,1009.7,37,3,1009.6,3193,8,1009.5,2504,8,1010.0,1707,17,1010.1,343,1,1010.3,479,3,1010.4,1916,5,1010.5,406,5
317,2025-11-26 15:27:36+05:30,1010.0,100,1003.5,9644717,265651.0,273582.0,986.2,1012.8,981.3,986.2,120936750,1084.8,887.6,1102.5,649.1,1009.9,1414,10,1009.8,189,3,1009.7,37,3,1009.6,3193,8,1009.5,2504,8,1010.0,1552,19,1010.1,343,1,1010.3,479,3,1010.4,1903,4,1010.5,406,5
317,2025-11-26 15:27:37+05:30,1009.9,1,1003.5,9644717,265651.0,273582.0,986.2,1012.8,981.3,986.2,120936750,1084.8,887.6,1102.5,649.1,1009.9,1414,10,1009.8,189,3,1009.7,37,3,1009.6,3193,8,1009.5,2504,8,1010.0,1552,19,1010.1,343,1,1010.3,479,3,1010.4,1903,4,1010.5,406,5
317,2025-11-26 15:27:37+05:30,1009.9,188,1003.5,9647265,259916.0,275558.0,986.2,1012.8,981.3,986.2,120936750,1084.8,887.6,1102.5,649.1,1009.9,9,1,1009.8,37,3,1009.7,20,4,1009.6,3134,7,1009.5,2504,8,1010.0,1886,20,1010.1,343,1,1010.3,399,2,1010.4,2403,5,1010.5,406,5
317,2025-11-26 15:27:38+05:30,1010.0,92,1003.5,9647265,259916.0,275558.0,986.2,1012.8,981.3,986.2,120936750,1084.8,887.6,1102.5,649.1,1009.9,9,1,1009.8,37,3,1009.7,20,4,1009.6,3134,7,1009.5,2504,8,1010.0,1886,20,1010.1,343,1,1010.3,399,2,1010.4,2403,5,1010.5,406,5
317,2025-11-26 15:27:38+05:30,1009.8,1,1003.5,9647622,259922.0,275433.0,986.2,1012.8,981.3,986.2,120936750,1084.8,887.6,1102.5,649.1,1009.8,52,4,1009.7,20,4,1009.6,3134,7,1009.5,2504,8,1009.4,100,1,1010.0,1792,21,1010.1,343,1,1010.2,1148,2,1010.3,398,1,1010.4,1153,3
317,2025-11-26 15:27:39+05:30,1010.0,83,1003.5,9647622,259922.0,275433.0,986.2,1012.8,981.3,986.2,120936750,1084.8,887.6,1102.5,649.1,1009.8,52,4,1009.7,20,4,1009.6,3134,7,1009.5,2504,8,1009.4,100,1,1010.0,1792,21,1010.1,343,1,1010.2,1148,2,1010.3,398,1,1010.4,1153,3
317,2025-11-26 15:27:39+05:30,1010.0,83,1003.5,9648023,259616.0,275538.0,986.2,1012.8,981.3,986.2,120936750,1084.8,887.6,1102.5,649.1,1009.8,49,4,1009.7,20,4,1009.6,3134,7,1009.5,2504,8,1009.4,100,1,1010.0,2489,21,1010.1,741,2,1010.2,1280,3,1010.3,898,2,1010.4,1153,3
317,2025-11-26 15:27:40+05:30,1010.0,154,1003.5,9648023,259616.0,275538.0,986.2,1012.8,981.3,986.2,120936750,1084.8,887.6,1102.5,649.1,1009.8,49,4,1009.7,20,4,1009.6,3134,7,1009.5,2504,8,1009.4,100,1,1010.0,2489,21,1010.1,741,2,1010.2,1280,3,1010.3,898,2,1010.4,1153,3
317,2025-11-26 15:27:40+05:30,1010.0,10,1003.5,9648278,260036.0,275391.0,986.2,1012.8,981.3,986.2,120936750,1084.8,887.6,1102.5,649.1,1009.8,414,5,1009.7,75,5,1009.6,3134,7,1009.5,2504,8,1009.4,100,1,1010.0,2341,17,1010.1,741,2,1010.2,1280,3,1010.3,398,1,1010.4,1153,3
317,2025-11-26 15:27:41+05:30,1009.8,5,1003.5,9648278,260036.0,275391.0,986.2,1012.8,981.3,986.2,120936750,1084.8,887.6,1102.5,649.1,1009.8,414,5,1009.7,75,5,1009.6,3134,7,1009.5,2504,8,1009.4,100,1,1010.0,2341,17,1010.1,741,2,1010.2,1280,3,1010.3,398,1,1010.4,1153,3
317,2025-11-26 15:27:41+05:30,1009.8,5,1003.5,9648295,260699.0,275387.0,986.2,1012.8,981.3,986.2,120936750,1084.8,887.6,1102.5,649.1,1009.8,427,6,1009.7,825,6,1009.6,3134,7,1009.5,2504,8,1009.4,100,1,1010.0,2337,17,1010.1,741,2,1010.2,1280,3,1010.3,398,1,1010.4,1153,3
317,2025-11-26 15:27:42+05:30,1010.0,1,1003.5,9648295,260699.0,275387.0,986.2,1012.8,981.3,986.2,120936750,1084.8,887.6,1102.5,649.1,1009.8,427,6,1009.7,825,6,1009.6,3134,7,1009.5,2504,8,1009.4,100,1,1010.0,2337,17,1010.1,741,2,1010.2,1280,3,1010.3,398,1,1010.4,1153,3
317,2025-11-26 15:27:42+05:30,1010.0,1,1003.5,9649309,260276.0,274927.0,986.2,1012.8,981.3,986.2,120936750,1084.8,887.6,1102.5,649.1,1009.8,49,5,1009.7,825,6,1009.6,3089,6,1009.5,1754,7,1009.4,850,2,1010.0,2327,20,1010.1,741,2,1010.2,530,2,1010.3,398,1,1010.4,1505,3
317,2025-11-26 15:27:43+05:30,1010.0,36,1003.5,9649309,260276.0,274927.0,986.2,1012.8,981.3,986.2,120936750,1084.8,887.6,1102.5,649.1,1009.8,49,5,1009.7,825,6,1009.6,3089,6,1009.5,1754,7,1009.4,850,2,1010.0,2327,20,1010.1,741,2,1010.2,530,2,1010.3,398,1,1010.4,1505,3
317,2025-11-26 15:27:43+05:30,1010.0,36,1003.5,9649377,261007.0,275726.0,986.2,1012.8,981.3,986.2,120936750,1084.8,887.6,1102.5,649.1,1009.8,30,5,1009.7,1575,7,1009.6,3089,6,1009.5,1754,7,1009.4,850,2,1009.9,5,1,1010.0,2280,21,1010.1,1147,3,1010.2,530,2,1010.3,398,1
317,2025-11-26 15:27:44+05:30,1010.0,2,1003.5,9649377,261007.0,275726.0,986.2,1012.8,981.3,986.2,120936750,1084.8,887.6,1102.5,649.1,1009.8,30,5,1009.7,1575,7,1009.6,3089,6,1009.5,1754,7,1009.4,850,2,1009.9,5,1,1010.0,2280,21,1010.1,1147,3,1010.2,530,2,1010.3,398,1
317,2025-11-26 15:27:44+05:30,1009.8,22,1003.5,9649694,261032.0,275746.0,986.2,1012.8,981.3,986.2,120936750,1084.8,887.6,1102.5,649.1,1009.8,80,3,1009.7,1520,6,1009.6,3089,6,1009.5,1754,7,1009.4,850,2,1010.0,2552,18,1010.1,742,3,1010.2,530,2,1010.3,398,1,1010.4,2403,5
317,2025-11-26 15:27:45+05:30,1010.0,11,1003.5,9649694,261032.0,275746.0,986.2,1012.8,981.3,986.2,120936750,1084.8,887.6,1102.5,649.1,1009.8,80,3,1009.7,1520,6,1009.6,3089,6,1009.5,1754,7,1009.4,850,2,1010.0,2552,18,1010.1,742,3,1010.2,530,2,1010.3,398,1,1010.4,2403,5
317,2025-11-26 15:27:45+05:30,1010.0,16,1003.5,9649741,261129.0,275766.0,986.2,1012.8,981.3,986.2,120936750,1084.8,887.6,1102.5,649.1,1009.8,105,5,1009.7,1718,7,1009.6,3089,6,1009.5,2504,8,1009.4,100,1,1010.0,2522,22,1010.1,742,3,1010.2,530,2,1010.3,398,1,1010.4,2403,5
317,2025-11-26 15:27:46+05:30,1009.8,10,1003.5,9649741,261129.0,275766.0,986.2,1012.8,981.3,986.2,120936750,1084.8,887.6,1102.5,649.1,1009.8,105,5,1009.7,1718,7,1009.6,3089,6,1009.5,2504,8,1009.4,100,1,1010.0,2522,22,1010.1,742,3,1010.2,530,2,1010.3,398,1,1010.4,2403,5
317,2025-11-26 15:27:46+05:30,1010.0,1,1003.5,9649779,261108.0,276083.0,986.2,1012.8,981.3,986.2,120936750,1084.8,887.6,1102.5,649.1,1009.8,84,4,1009.7,1718,7,1009.6,3089,6,1009.5,2504,8,1009.4,100,1,1010.0,2815,24,1010.1,742,3,1010.2,530,2,1010.3,398,1,1010.4,2403,5
317,2025-11-26 15:27:47+05:30,1010.0,2,1003.5,9649779,261108.0,276083.0,986.2,1012.8,981.3,986.2,120936750,1084.8,887.6,1102.5,649.1,1009.8,84,4,1009.7,1718,7,1009.6,3089,6,1009.5,2504,8,1009.4,100,1,1010.0,2815,24,1010.1,742,3,1010.2,530,2,1010.3,398,1,1010.4,2403,5
317,2025-11-26 15:27:47+05:30,1010.0,1,1003.5,9650240,261390.0,275727.0,986.2,1012.8,981.3,986.2,120936750,1084.8,887.6,1102.5,649.1,1009.8,286,4,1009.7,1718,7,1009.6,3100,7,1009.5,2513,9,1009.4,100,1,1009.9,102,1,1010.0,2357,24,1010.1,742,3,1010.2,530,2,1010.3,398,1
317,2025-11-26 15:27:48+05:30,1009.8,16,1003.5,9650240,261390.0,275727.0,986.2,1012.8,981.3,986.2,120936750,1084.8,887.6,1102.5,649.1,1009.8,286,4,1009.7,1718,7,1009.6,3100,7,1009.5,2513,9,1009.4,100,1,1009.9,102,1,1010.0,2357,24,1010.1,742,3,1010.2,530,2,1010.3,398,1
317,2025-11-26 15:27:48+05:30,1009.8,1,1003.5,9651352,261125.0,275194.0,986.2,1012.8,981.3,986.2,120936750,1084.8,887.6,1102.5,649.1,1009.8,1,1,1009.7,1946,8,1009.6,3100,7,1009.5,2513,9,1009.4,100,1,1009.9,102,1,1010.0,2346,26,1010.1,399,2,1010.2,398,1,1010.3,398,1
317,2025-11-26 15:27:49+05:30,1009.9,40,1003.5,9651352,261125.0,275194.0,986.2,1012.8,981.3,986.2,120936750,1084.8,887.6,1102.5,649.1,1009.8,1,1,1009.7,1946,8,1009.6,3100,7,1009.5,2513,9,1009.4,100,1,1009.9,102,1,1010.0,2346,26,1010.1,399,2,1010.2,398,1,1010.3,398,1
317,2025-11-26 15:27:49+05:30,1009.9,30,1003.5,9653253,260907.0,275353.0,986.2,1012.8,981.3,986.2,120936750,1084.8,887.6,1102.5,649.1,1009.7,1619,6,1009.6,3100,7,1009.5,1763,8,1009.4,750,1,1009.3,212,2,1009.9,38,2,1010.0,3125,25,1010.1,399,2,1010.2,398,1,1010.3,1148,2
317,2025-11-26 15:27:50+05:30,1009.9,68,1003.5,9653253,260907.0,275353.0,986.2,1012.8,981.3,986.2,120936750,1084.8,887.6,1102.5,649.1,1009.7,1619,6,1009.6,3100,7,1009.5,1763,8,1009.4,750,1,1009.3,212,2,1009.9,38,2,1010.0,3125,25,1010.1,399,2,1010.2,398,1,1010.3,1148,2
317,2025-11-26 15:27:50+05:30,1009.9,8,1003.5,9654412,259901.0,275239.0,986.2,1012.8,981.3,986.2,120936750,1084.8,887.6,1102.5,649.1,1009.7,75,4,1009.6,1380,5,1009.5,4021,11,1009.4,750,1,1009.3,212,2,1009.9,24,1,1010.0,3127,26,1010.1,399,2,1010.2,398,1,1010.3,1648,3
317,2025-11-26 15:27:51+05:30,1010.0,10,1003.5,9654412,259901.0,275239.0,986.2,1012.8,981.3,986.2,120936750,1084.8,887.6,1102.5,649.1,1009.7,75,4,1009.6,1380,5,1009.5,4021,11,1009.4,750,1,1009.3,212,2,1009.9,24,1,1010.0,3127,26,1010.1,399,2,1010.2,398,1,1010.3,1648,3
317,2025-11-26 15:27:51+05:30,1010.0,14,1003.5,9654529,259276.0,275816.0,986.2,1012.8,981.3,986.2,120936750,1084.8,887.6,1102.5,649.1,1009.9,133,1,1009.8,11,2,1009.7,75,4,1009.6,1369,4,1009.5,3262,9,1010.0,2844,22,1010.1,399,2,1010.2,398,1,1010.3,398,1,1010.4,1903,4
317,2025-11-26 15:27:52+05:30,1010.0,174,1003.5,9654529,259276.0,275816.0,986.2,1012.8,981.3,986.2,120936750,1084.8,887.6,1102.5,649.1,1009.9,133,1,1009.8,11,2,1009.7,75,4,1009.6,1369,4,1009.5,3262,9,1010.0,2844,22,1010.1,399,2,1010.2,398,1,1010.3,398,1,1010.4,1903,4
317,2025-11-26 15:27:52+05:30,1010.0,1,1003.51,9660591,259203.0,271914.0,986.2,1012.8,981.3,986.2,120936750,1084.8,887.6,1102.5,649.1,1010.0,1823,3,1009.9,192,3,1009.8,4,1,1009.7,2468,4,1009.6,875,2,1010.1,1,1,1010.4,1505,3,1010.5,527,5,1010.8,710,2,1010.9,1024,4
317,2025-11-26 15:27:53+05:30,1010.1,274,1003.51,9660591,259203.0,271914.0,986.2,1012.8,981.3,986.2,120936750,1084.8,887.6,1102.5,649.1,1010.0,1823,3,1009.9,192,3,1009.8,4,1,1009.7,2468,4,1009.6,875,2,1010.1,1,1,1010.4,1505,3,1010.5,527,5,1010.8,710,2,1010.9,1024,4
317,2025-11-26 15:27:53+05:30,1010.1,220,1003.51,9661165,260587.0,273175.0,986.2,1012.8,981.3,986.2,120936750,1084.8,887.6,1102.5,649.1,1010.0,1887,6,1009.9,192,3,1009.8,4,1,1009.7,3000,4,1009.6,1633,3,1010.1,336,2,1010.3,750,1,1010.4,1153,3,1010.5,527,5,1010.8,960,2
317,2025-11-26 15:27:54+05:30,1010.1,32,1003.51,9661165,260587.0,273175.0,986.2,1012.8,981.3,986.2,120936750,1084.8,887.6,1102.5,649.1,1010.0,1887,6,1009.9,192,3,1009.8,4,1,1009.7,3000,4,1009.6,1633,3,1010.1,336,2,1010.3,750,1,1010.4,1153,3,1010.5,527,5,1010.8,960,2
317,2025-11-26 15:27:54+05:30,1010.1,10,1003.51,9661979,259340.0,272719.0,986.2,1012.8,981.3,986.2,120936750,1084.8,887.6,1102.5,649.1,1010.0,1186,6,1009.9,386,3,1009.8,14,2,1009.7,1500,2,1009.6,2383,4,1010.1,100,2,1010.3,750,1,1010.4,1153,3,1010.5,527,5,1010.7,500,1
317,2025-11-26 15:27:55+05:30,1010.0,1,1003.51,9661979,259340.0,272719.0,986.2,1012.8,981.3,986.2,120936750,1084.8,887.6,1102.5,649.1,1010.0,1186,6,1009.9,386,3,1009.8,14,2,1009.7,1500,2,1009.6,2383,4,1010.1,100,2,1010.3,750,1,1010.4,1153,3,1010.5,527,5,1010.7,500,1
317,2025-11-26 15:27:55+05:30,1010.1,29,1003.51,9662009,259332.0,273180.0,986.2,1012.8,981.3,986.2,120936750,1084.8,887.6,1102.5,649.1,1010.0,1163,6,1009.9,386,3,1009.8,29,3,1009.7,1500,2,1009.6,2383,4,1010.1,75,3,1010.3,750,1,1010.4,1153,3,1010.5,527,5,1010.8,1500,2
317,2025-11-26 15:27:56+05:30,1010.1,29,1003.51,9662009,259332.0,273180.0,986.2,1012.8,981.3,986.2,120936750,1084.8,887.6,1102.5,649.1,1010.0,1163,6,1009.9,386,3,1009.8,29,3,1009.7,1500,2,1009.6,2383,4,1010.1,75,3,1010.3,750,1,1010.4,1153,3,1010.5,527,5,1010.8,1500,2
317,2025-11-26 15:27:56+05:30,1010.0,13,1003.51,9662022,260129.0,273171.0,986.2,1012.8,981.3,986.2,120936750,1084.8,887.6,1102.5,649.1,1010.0,1214,7,1009.9,386,3,1009.8,29,3,1009.7,2250,3,1009.6,3133,5,1010.1,78,4,1010.3,750,1,1010.4,1153,3,1010.5,527,5,1010.7,500,1
317,2025-11-26 15:27:57+05:30,1010.0,2,1003.51,9662022,260129.0,273171.0,986.2,1012.8,981.3,986.2,120936750,1084.8,887.6,1102.5,649.1,1010.0,1214,7,1009.9,386,3,1009.8,29,3,1009.7,2250,3,1009.6,3133,5,1010.1,78,4,1010.3,750,1,1010.4,1153,3,1010.5,527,5,1010.7,500,1
317,2025-11-26 15:27:57+05:30,1010.0,188,1003.51,9665355,258236.0,273330.0,986.2,1012.8,981.3,986.2,120936750,1084.8,887.6,1102.5,649.1,1010.0,24,1,1009.9,385,3,1009.8,29,3,1009.7,1500,2,1009.6,1633,3,1010.1,83,6,1010.3,1148,2,1010.4,403,2,1010.5,525,4,1010.6,398,1
317,2025-11-26 15:27:58+05:30,1010.0,59,1003.51,9665355,258236.0,273330.0,986.2,1012.8,981.3,986.2,120936750,1084.8,887.6,1102.5,649.1,1010.0,24,1,1009.9,385,3,1009.8,29,3,1009.7,1500,2,1009.6,1633,3,1010.1,83,6,1010.3,1148,2,1010.4,403,2,1010.5,525,4,1010.6,398,1
317,2025-11-26 15:27:58+05:30,1010.0,213,1003.51,9667166,256468.0,273421.0,986.2,1012.8,981.3,986.2,120936750,1084.8,887.6,1102.5,649.1,1010.0,110,1,1009.8,1587,3,1009.7,3008,4,1009.6,900,4,1009.5,354,7,1010.4,75,2,1010.5,378,5,1010.6,1123,2,1010.7,1384,4,1010.8,398,1
317,2025-11-26 15:27:59+05:30,1010.4,3,1003.51,9667166,256468.0,273421.0,986.2,1012.8,981.3,986.2,120936750,1084.8,887.6,1102.5,649.1,1010.0,110,1,1009.8,1587,3,1009.7,3008,4,1009.6,900,4,1009.5,354,7,1010.4,75,2,1010.5,378,5,1010.6,1123,2,1010.7,1384,4,1010.8,398,1
317,2025-11-26 15:28:00+05:30,1010.0,3,1003.51,9667233,256879.0,273042.0,986.2,1012.8,981.3,986.2,120936750,1084.8,887.6,1102.5,649.1,1010.0,402,4,1009.9,1500,2,1009.8,2464,6,1009.7,750,1,1009.6,156,4,1010.4,4,1,1010.5,82,1,1010.6,422,2,1010.7,898,2,1010.8,1123,2
317,2025-11-26 15:28:00+05:30,1010.5,17,1003.51,9667233,256879.0,273042.0,986.2,1012.8,981.3,986.2,120936750,1084.8,887.6,1102.5,649.1,1010.0,402,4,1009.9,1500,2,1009.8,2464,6,1009.7,750,1,1009.6,156,4,1010.4,4,1,1010.5,82,1,1010.6,422,2,1010.7,898,2,1010.8,1123,2
317,2025-11-26 15:28:01+05:30,1010.0,94,1003.51,9667682,254489.0,270605.0,986.2,1012.8,981.3,986.2,120936750,1084.8,887.6,1102.5,649.1,1010.1,94,2,1010.0,307,7,1009.9,3807,6,1009.8,754,2,1009.6,156,4,1010.5,35,1,1010.6,223,3,1010.7,898,2,1010.8,398,1,1010.9,1390,5
317,2025-11-26 15:28:01+05:30,1010.1,10,1003.51,9667682,254489.0,270605.0,986.2,1012.8,981.3,986.2,120936750,1084.8,887.6,1102.5,649.1,1010.1,94,2,1010.0,307,7,1009.9,3807,6,1009.8,754,2,1009.6,156,4,1010.5,35,1,1010.6,223,3,1010.7,898,2,1010.8,398,1,1010.9,1390,5
317,2025-11-26 15:28:02+05:30,1010.1,5,1003.51,9667713,240468.0,263668.0,986.2,1012.8,981.3,986.2,120936750,1084.8,887.6,1102.5,649.1,1010.1,79,2,1010.0,290,7,1009.9,3832,8,1009.8,754,2,1009.6,131,2,1010.5,19,1,1010.6,202,3,1010.7,1123,2,1010.8,898,2,1010.9,665,4
317,2025-11-26 15:28:02+05:30,1010.5,51,1003.51,9667713,240468.0,263668.0,986.2,1012.8,981.3,986.2,120936750,1084.8,887.6,1102.5,649.1,1010.1,79,2,1010.0,290,7,1009.9,3832,8,1009.8,754,2,1009.6,131,2,1010.5,19,1,1010.6,202,3,1010.7,1123,2,1010.8,898,2,1010.9,665,4
317,2025-11-26 15:28:03+05:30,1010.0,6160,1003.52,9675450,238122.0,263354.0,986.2,1012.8,981.3,986.2,120936750,1084.8,887.6,1102.5,649.1,1010.1,11,1,1010.0,1582,3,1009.9,3783,7,1009.8,761,2,1009.7,52,1,1010.5,8,2,1010.6,202,3,1010.7,1123,2,1010.8,900,2,1010.9,267,3
317,2025-11-26 15:28:03+05:30,1009.9,295,1003.52,9675450,238122.0,263354.0,986.2,1012.8,981.3,986.2,120936750,1084.8,887.6,1102.5,649.1,1010.1,11,1,1010.0,1582,3,1009.9,3783,7,1009.8,761,2,1009.7,52,1,1010.5,8,2,1010.6,202,3,1010.7,1123,2,1010.8,900,2,1010.9,267,3
317,2025-11-26 15:28:04+05:30,1010.1,1,1003.52,9675450,238122.0,263354.0,986.2,1012.8,981.3,986.2,120936750,1084.8,887.6,1102.5,649.1,1010.1,11,1,1010.0,1582,3,1009.9,3783,7,1009.8,761,2,1009.7,52,1,1010.5,8,2,1010.6,202,3,1010.7,1123,2,1010.8,900,2,1010.9,267,3
317,2025-11-26 15:28:04+05:30,1010.1,1,1003.52,9677913,235775.0,262861.0,986.2,1012.8,981.3,986.2,120936750,1084.8,887.6,1102.5,649.1,1010.1,15,2,1010.0,33,1,1009.9,4239,9,1009.8,761,2,1009.7,52,1,1010.5,48,3,1010.6,223,3,1010.7,1123,2,1010.8,400,1,1010.9,667,4
317,2025-11-26 15:28:05+05:30,1010.6,24,1003.52,9677913,235775.0,262861.0,986.2,1012.8,981.3,986.2,120936750,1084.8,887.6,1102.5,649.1,1010.1,15,2,1010.0,33,1,1009.9,4239,9,1009.8,761,2,1009.7,52,1,1010.5,48,3,1010.6,223,3,1010.7,1123,2,1010.8,400,1,1010.9,667,4
317,2025-11-26 15:28:05+05:30,1010.6,24,1003.52,9678009,228736.0,257516.0,986.2,1012.8,981.3,986.2,120936750,1084.8,887.6,1102.5,649.1,1010.1,44,3,1010.0,33,1,1009.9,3489,8,1009.8,761,2,1009.7,52,1,1010.5,87,1,1010.6,154,2,1010.7,1623,3,1010.8,400,1,1010.9,667,4
317,2025-11-26 15:28:06+05:30,1010.5,1,1003.52,9678009,228736.0,257516.0,986.2,1012.8,981.3,986.2,120936750,1084.8,887.6,1102.5,649.1,1010.1,44,3,1010.0,33,1,1009.9,3489,8,1009.8,761,2,1009.7,52,1,1010.5,87,1,1010.6,154,2,1010.7,1623,3,1010.8,400,1,1010.9,667,4
317,2025-11-26 15:28:06+05:30,1010.5,1,1003.52,9678112,228896.0,257374.0,986.2,1012.8,981.3,986.2,120936750,1084.8,887.6,1102.5,649.1,1010.1,40,3,1010.0,261,4,1009.9,3488,7,1009.8,750,1,1009.6,180,3,1010.5,397,1,1010.6,879,3,1010.7,398,1,1010.8,900,2,1010.9,267,3
317,2025-11-26 15:28:07+05:30,1010.5,3,1003.52,9678112,228896.0,257374.0,986.2,1012.8,981.3,986.2,120936750,1084.8,887.6,1102.5,649.1,1010.1,40,3,1010.0,261,4,1009.9,3488,7,1009.8,750,1,1009.6,180,3,1010.5,397,1,1010.6,879,3,1010.7,398,1,1010.8,900,2,1010.9,267,3
317,2025-11-26 15:28:07+05:30,1010.5,3,1003.52,9678115,231909.0,257423.0,986.2,1012.8,981.3,986.2,120936750,1084.8,887.6,1102.5,649.1,1010.1,53,4,1010.0,1761,6,1009.9,1988,5,1009.8,750,1,1009.6,180,3,1010.5,446,3,1010.6,879,3,1010.7,398,1,1010.8,900,2,1010.9,267,3
317,2025-11-26 15:28:08+05:30,1010.0,3,1003.52,9678115,231909.0,257423.0,986.2,1012.8,981.3,986.2,120936750,1084.8,887.6,1102.5,649.1,1010.1,53,4,1010.0,1761,6,1009.9,1988,5,1009.8,750,1,1009.6,180,3,1010.5,446,3,1010.6,879,3,1010.7,398,1,1010.8,900,2,1010.9,267,3
317,2025-11-26 15:28:08+05:30,1010.0,3,1003.52,9678471,231132.0,257117.0,986.2,1012.8,981.3,986.2,120936750,1084.8,887.6,1102.5,649.1,1010.2,60,1,1010.1,11,1,1010.0,358,5,1009.9,1525,4,1009.8,1213,2,1010.5,439,3,1010.6,845,2,1010.7,932,3,1010.8,400,1,1010.9,267,3
317,2025-11-26 15:28:09+05:30,1010.6,22,1003.52,9678471,231132.0,257117.0,986.2,1012.8,981.3,986.2,120936750,1084.8,887.6,1102.5,649.1,1010.2,60,1,1010.1,11,1,1010.0,358,5,1009.9,1525,4,1009.8,1213,2,1010.5,439,3,1010.6,845,2,1010.7,932,3,1010.8,400,1,1010.9,267,3
317,2025-11-26 15:28:09+05:30,1010.5,3,1003.52,9679113,249834.0,276227.0,986.2,1012.8,981.3,986.2,120936750,1084.8,887.6,1102.5,649.1,1010.5,17,1,1010.2,398,3,1010.1,11,1,1010.0,879,6,1009.9,14,1,1010.6,994,3,1010.7,398,1,1010.8,400,1,1010.9,1167,5,1011.0,4190,19
317,2025-11-26 15:28:10+05:30,1010.5,63,1003.52,9679113,249834.0,276227.0,986.2,1012.8,981.3,986.2,120936750,1084.8,887.6,1102.5,649.1,1010.5,17,1,1010.2,398,3,1010.1,11,1,1010.0,879,6,1009.9,14,1,1010.6,994,3,1010.7,398,1,1010.8,400,1,1010.9,1167,5,1011.0,4190,19
317,2025-11-26 15:28:10+05:30,1010.5,63,1003.52,9679988,249460.0,276557.0,986.2,1012.8,981.3,986.2,120936750,1084.8,887.6,1102.5,649.1,1010.5,11,1,1010.4,11,1,1010.3,11,1,1010.2,60,1,1010.0,838,4,1010.6,1247,6,1010.7,471,2,1010.8,900,2,1010.9,1167,5,1011.0,4194,20
317,2025-11-26 15:28:11+05:30,1010.5,31,1003.52,9679988,249460.0,276557.0,986.2,1012.8,981.3,986.2,120936750,1084.8,887.6,1102.5,649.1,1010.5,11,1,1010.4,11,1,1010.3,11,1,1010.2,60,1,1010.0,838,4,1010.6,1247,6,1010.7,471,2,1010.8,900,2,1010.9,1167,5,1011.0,4194,20
317,2025-11-26 15:28:11+05:30,1010.5,50,1003.52,9680204,249692.0,276357.0,986.2,1012.8,981.3,986.2,120936750,1084.8,887.6,1102.5,649.1,1010.4,4,1,1010.3,11,1,1010.2,60,1,1010.0,230,2,1009.9,622,3,1010.5,1028,3,1010.6,522,5,1010.7,971,3,1010.8,400,1,1010.9,801,5
317,2025-11-26 15:28:12+05:30,1010.5,3,1003.52,9680204,249692.0,276357.0,986.2,1012.8,981.3,986.2,120936750,1084.8,887.6,1102.5,649.1,1010.4,4,1,1010.3,11,1,1010.2,60,1,1010.0,230,2,1009.9,622,3,1010.5,1028,3,1010.6,522,5,1010.7,971,3,1010.8,400,1,1010.9,801,5
317,2025-11-26 15:28:12+05:30,1010.6,7,1003.52,9682662,249774.0,276263.0,986.2,1012.8,981.3,986.2,120936750,1084.8,887.6,1102.5,649.1,1010.5,6,1,1010.0,988,4,1009.9,14,1,1009.8,1500,2,1009.7,758,1,1010.6,427,4,1010.7,898,2,1010.8,400,1,1010.9,1153,5,1011.0,4910,20
317,2025-11-26 15:28:13+05:30,1010.5,10,1003.52,9682662,249774.0,276263.0,986.2,1012.8,981.3,986.2,120936750,1084.8,887.6,1102.5,649.1,1010.5,6,1,1010.0,988,4,1009.9,14,1,1009.8,1500,2,1009.7,758,1,1010.6,427,4,1010.7,898,2,1010.8,400,1,1010.9,1153,5,1011.0,4910,20
317,2025-11-26 15:28:13+05:30,1010.6,45,1003.52,9682841,249788.0,276252.0,986.2,1012.8,981.3,986.2,120936750,1084.8,887.6,1102.5,649.1,1010.5,13,2,1010.1,25,1,1010.0,844,4,1009.9,14,1,1009.8,1500,2,1010.6,486,4,1010.7,398,1,1010.8,400,1,1010.9,1153,5,1011.0,5450,22
317,2025-11-26 15:28:14+05:30,1010.6,2,1003.52,9682841,249788.0,276252.0,986.2,1012.8,981.3,986.2,120936750,1084.8,887.6,1102.5,649.1,1010.5,13,2,1010.1,25,1,1010.0,844,4,1009.9,14,1,1009.8,1500,2,1010.6,486,4,1010.7,398,1,1010.8,400,1,1010.9,1153,5,1011.0,5450,22
317,2025-11-26 15:28:15+05:30,1010.5,2,1003.52,9683507,249393.0,276477.0,986.2,1012.8,981.3,986.2,120936750,1084.8,887.6,1102.5,649.1,1010.5,9,1,1010.4,14,1,1010.1,125,2,1010.0,996,4,1009.8,750,1,1010.6,1238,6,1010.7,398,1,1010.8,400,1,1010.9,1151,5,1011.0,4925,20
317,2025-11-26 15:28:15+05:30,1010.5,30,1003.52,9683507,249393.0,276477.0,986.2,1012.8,981.3,986.2,120936750,1084.8,887.6,1102.5,649.1,1010.5,9,1,1010.4,14,1,1010.1,125,2,1010.0,996,4,1009.8,750,1,1010.6,1238,6,1010.7,398,1,1010.8,400,1,1010.9,1151,5,1011.0,4925,20
317,2025-11-26 15:28:16+05:30,1010.5,4,1003.52,9684985,250474.0,276261.0,986.2,1012.8,981.3,986.2,120936750,1084.8,887.6,1102.5,649.1,1010.0,1187,4,1009.9,1213,2,1009.8,750,1,1009.7,210,1,1009.6,671,5,1010.6,1132,5,1010.7,398,1,1010.8,400,1,1010.9,1151,5,1011.0,4925,20
317,2025-11-26 15:28:16+05:30,1010.5,4,1003.52,9684985,250474.0,276261.0,986.2,1012.8,981.3,986.2,120936750,1084.8,887.6,1102.5,649.1,1010.0,1187,4,1009.9,1213,2,1009.8,750,1,1009.7,210,1,1009.6,671,5,1010.6,1132,5,1010.7,398,1,1010.8,400,1,1010.9,1151,5,1011.0,4925,20
317,2025-11-26 15:28:17+05:30,1010.6,53,1003.52,9685039,251162.0,275558.0,986.2,1012.8,981.3,986.2,120936750,1084.8,887.6,1102.5,649.1,1010.1,20,1,1010.0,799,3,1009.9,2196,4,1009.8,750,1,1009.6,671,5,1010.5,3,1,1010.6,579,4,1010.7,398,1,1010.8,900,2,1010.9,1151,5
317,2025-11-26 15:28:17+05:30,1010.6,53,1003.52,9685039,251162.0,275558.0,986.2,1012.8,981.3,986.2,120936750,1084.8,887.6,1102.5,649.1,1010.1,20,1,1010.0,799,3,1009.9,2196,4,1009.8,750,1,1009.6,671,5,1010.5,3,1,1010.6,579,4,1010.7,398,1,1010.8,900,2,1010.9,1151,5
317,2025-11-26 15:28:18+05:30,1010.6,53,1003.52,9685039,251113.0,275506.0,986.2,1012.8,981.3,986.2,120936750,1084.8,887.6,1102.5,649.1,1010.1,31,2,1010.0,799,3,1009.9,2196,4,1009.8,750,1,1009.6,793,6,1010.5,2903,2,1010.6,579,4,1010.7,398,1,1010.8,900,2,1010.9,1151,5
317,2025-11-26 15:28:19+05:30,1010.5,2,1003.52,9685041,251126.0,275540.0,986.2,1012.8,981.3,986.2,120936750,1084.8,887.6,1102.5,649.1,1010.1,44,3,1010.0,799,3,1009.9,2196,4,1009.8,750,1,1009.6,793,6,1010.5,2905,3,1010.6,578,3,1010.7,398,1,1010.8,900,2,1010.9,1151,5
317,2025-11-26 15:28:19+05:30,1010.5,2,1003.52,9685041,251126.0,275540.0,986.2,1012.8,981.3,986.2,120936750,1084.8,887.6,1102.5,649.1,1010.1,44,3,1010.0,799,3,1009.9,2196,4,1009.8,750,1,1009.6,793,6,1010.5,2905,3,1010.6,578,3,1010.7,398,1,1010.8,900,2,1010.9,1151,5
317,2025-11-26 15:28:20+05:30,1010.1,3,1003.52,9685047,251157.0,275576.0,986.2,1012.8,981.3,986.2,120936750,1084.8,887.6,1102.5,649.1,1010.1,48,4,1010.0,799,3,1009.9,2223,5,1009.8,750,1,1009.6,365,5,1010.5,3306,5,1010.6,1098,5,1010.7,398,1,1010.8,400,1,1010.9,767,4
317,2025-11-26 15:28:20+05:30,1010.1,5,1003.52,9685047,251157.0,275576.0,986.2,1012.8,981.3,986.2,120936750,1084.8,887.6,1102.5,649.1,1010.1,48,4,1010.0,799,3,1009.9,2223,5,1009.8,750,1,1009.6,365,5,1010.5,3306,5,1010.6,1098,5,1010.7,398,1,1010.8,400,1,1010.9,767,4
317,2025-11-26 15:28:21+05:30,1010.5,100,1003.52,9685047,251157.0,275576.0,986.2,1012.8,981.3,986.2,120936750,1084.8,887.6,1102.5,649.1,1010.1,48,4,1010.0,799,3,1009.9,2223,5,1009.8,750,1,1009.6,365,5,1010.5,3306,5,1010.6,1098,5,1010.7,398,1,1010.8,400,1,1010.9,767,4
317,2025-11-26 15:28:21+05:30,1010.5,100,1003.52,9685674,251114.0,275798.0,986.2,1012.8,981.3,986.2,120936750,1084.8,887.6,1102.5,649.1,1010.1,11,1,1010.0,799,3,1009.9,2223,5,1009.8,934,2,1009.6,181,4,1010.5,3705,6,1010.6,921,4,1010.7,398,1,1010.8,400,1,1010.9,767,4
317,2025-11-26 15:28:22+05:30,1010.5,23,1003.52,9685674,251114.0,275798.0,986.2,1012.8,981.3,986.2,120936750,1084.8,887.6,1102.5,649.1,1010.1,11,1,1010.0,799,3,1009.9,2223,5,1009.8,934,2,1009.6,181,4,1010.5,3705,6,1010.6,921,4,1010.7,398,1,1010.8,400,1,1010.9,767,4
317,2025-11-26 15:28:22+05:30,1010.5,23,1003.52,9685697,251171.0,275725.0,986.2,1012.8,981.3,986.2,120936750,1084.8,887.6,1102.5,649.1,1010.1,11,1,1010.0,799,3,1009.9,2223,5,1009.8,750,1,1009.6,792,5,1010.5,3282,5,1010.6,421,3,1010.7,398,1,1010.8,900,2,1010.9,1167,5
317,2025-11-26 15:28:23+05:30,1010.5,7,1003.52,9685697,251171.0,275725.0,986.2,1012.8,981.3,986.2,120936750,1084.8,887.6,1102.5,649.1,1010.1,11,1,1010.0,799,3,1009.9,2223,5,1009.8,750,1,1009.6,792,5,1010.5,3282,5,1010.6,421,3,1010.7,398,1,1010.8,900,2,1010.9,1167,5
317,2025-11-26 15:28:23+05:30,1010.5,1,1003.52,9685705,251201.0,275735.0,986.2,1012.8,981.3,986.2,120936750,1084.8,887.6,1102.5,649.1,1010.1,11,1,1010.0,829,4,1009.9,2223,5,1009.8,750,1,1009.6,792,5,1010.5,3277,6,1010.6,431,4,1010.7,398,1,1010.8,950,3,1010.9,1167,5
317,2025-11-26 15:28:24+05:30,1010.5,10,1003.52,9686582,248915.0,275921.0,986.2,1012.8,981.3,986.2,120936750,1084.8,887.6,1102.5,649.1,1010.1,12,2,1010.0,80,3,1009.9,274,2,1009.8,1213,2,1009.7,750,1,1010.5,3602,8,1010.6,432,5,1010.7,398,1,1010.8,450,2,1010.9,1517,5
317,2025-11-26 15:28:24+05:30,1010.5,10,1003.52,9686582,248915.0,275921.0,986.2,1012.8,981.3,986.2,120936750,1084.8,887.6,1102.5,649.1,1010.1,12,2,1010.0,80,3,1009.9,274,2,1009.8,1213,2,1009.7,750,1,1010.5,3602,8,1010.6,432,5,1010.7,398,1,1010.8,450,2,1010.9,1517,5
317,2025-11-26 15:28:25+05:30,1010.5,413,1003.52,9686582,248915.0,275921.0,986.2,1012.8,981.3,986.2,120936750,1084.8,887.6,1102.5,649.1,1010.1,12,2,1010.0,80,3,1009.9,274,2,1009.8,1213,2,1009.7,750,1,1010.5,3602,8,1010.6,432,5,1010.7,398,1,1010.8,450,2,1010.9,1517,5
317,2025-11-26 15:28:25+05:30,1010.5,413,1003.53,9689434,251792.0,275061.0,986.2,1012.8,981.3,986.2,120936750,1084.8,887.6,1102.5,649.1,1010.1,79,3,1010.0,669,1,1009.9,1432,3,1009.8,2250,3,1009.7,638,2,1010.5,2336,8,1010.6,98,4,1010.7,398,1,1010.8,950,3,1010.9,1167,5
317,2025-11-26 15:28:26+05:30,1010.5,26,1003.53,9689434,251792.0,275061.0,986.2,1012.8,981.3,986.2,120936750,1084.8,887.6,1102.5,649.1,1010.1,79,3,1010.0,669,1,1009.9,1432,3,1009.8,2250,3,1009.7,638,2,1010.5,2336,8,1010.6,98,4,1010.7,398,1,1010.8,950,3,1010.9,1167,5
317,2025-11-26 15:28:26+05:30,1010.5,26,1003.53,9691162,249917.0,273726.0,986.2,1012.8,981.3,986.2,120936750,1084.8,887.6,1102.5,649.1,1010.3,1,1,1010.1,12,2,1009.9,1070,3,1009.8,1692,3,1009.7,1178,2,1010.5,1204,6,1010.6,377,8,1010.7,398,1,1010.8,450,2,1010.9,1167,5
317,2025-11-26 15:28:27+05:30,1010.4,59,1003.53,9691162,249917.0,273726.0,986.2,1012.8,981.3,986.2,120936750,1084.8,887.6,1102.5,649.1,1010.3,1,1,1010.1,12,2,1009.9,1070,3,1009.8,1692,3,1009.7,1178,2,1010.5,1204,6,1010.6,377,8,1010.7,398,1,1010.8,450,2,1010.9,1167,5
317,2025-11-26 15:28:27+05:30,1010.4,59,1003.53,9691607,250615.0,273689.0,986.2,1012.8,981.3,986.2,120936750,1084.8,887.6,1102.5,649.1,1010.1,9,1,1009.9,737,1,1009.8,1741,3,1009.7,750,1,1009.6,792,5,1010.4,28,1,1010.5,1220,7,1010.6,396,10,1010.7,398,1,1010.8,950,3
317,2025-11-26 15:28:28+05:30,1010.4,14,1003.53,9691607,250615.0,273689.0,986.2,1012.8,981.3,986.2,120936750,1084.8,887.6,1102.5,649.1,1010.1,9,1,1009.9,737,1,1009.8,1741,3,1009.7,750,1,1009.6,792,5,1010.4,28,1,1010.5,1220,7,1010.6,396,10,1010.7,398,1,1010.8,950,3
317,2025-11-26 15:28:28+05:30,1010.1,45,1003.53,9691912,252537.0,273709.0,986.2,1012.8,981.3,986.2,120936750,1084.8,887.6,1102.5,649.1,1010.1,450,1,1010.0,643,2,1009.9,758,1,1009.8,1650,3,1009.7,210,1,1010.4,195,4,1010.5,1134,6,1010.6,283,5,1010.7,398,1,1010.8,950,3
317,2025-11-26 15:28:29+05:30,1010.4,5,1003.53,9691912,252537.0,273709.0,986.2,1012.8,981.3,986.2,120936750,1084.8,887.6,1102.5,649.1,1010.1,450,1,1010.0,643,2,1009.9,758,1,1009.8,1650,3,1009.7,210,1,1010.4,195,4,1010.5,1134,6,1010.6,283,5,1010.7,398,1,1010.8,950,3
317,2025-11-26 15:28:29+05:30,1010.1,65,1003.53,9691998,253039.0,273725.0,986.2,1012.8,981.3,986.2,120936750,1084.8,887.6,1102.5,649.1,1010.1,412,3,1010.0,643,2,1009.9,1508,2,1009.8,1650,3,1009.6,792,5,1010.4,180,3,1010.5,1165,4,1010.6,283,5,1010.7,398,1,1010.8,950,3
317,2025-11-26 15:28:30+05:30,1010.4,4,1003.53,9691998,253039.0,273725.0,986.2,1012.8,981.3,986.2,120936750,1084.8,887.6,1102.5,649.1,1010.1,412,3,1010.0,643,2,1009.9,1508,2,1009.8,1650,3,1009.6,792,5,1010.4,180,3,1010.5,1165,4,1010.6,283,5,1010.7,398,1,1010.8,950,3
317,2025-11-26 15:28:30+05:30,1010.4,20,1003.53,9692126,253007.0,272252.0,986.2,1012.8,981.3,986.2,120936750,1084.8,887.6,1102.5,649.1,1010.1,380,4,1010.0,643,2,1009.9,1658,3,1009.8,1500,2,1009.7,428,1,1010.4,77,2,1010.5,1167,5,1010.6,161,4,1010.8,50,1,1010.9,767,4
317,2025-11-26 15:28:31+05:30,1010.4,18,1003.53,9692126,253007.0,272252.0,986.2,1012.8,981.3,986.2,120936750,1084.8,887.6,1102.5,649.1,1010.1,380,4,1010.0,643,2,1009.9,1658,3,1009.8,1500,2,1009.7,428,1,1010.4,77,2,1010.5,1167,5,1010.6,161,4,1010.8,50,1,1010.9,767,4
317,2025-11-26 15:28:31+05:30,1010.4,20,1003.53,9693990,248439.0,269232.0,986.2,1012.8,981.3,986.2,120936750,1084.8,887.6,1102.5,649.1,1009.9,1053,3,1009.8,1508,2,1009.7,750,1,1009.6,180,3,1009.5,493,7,1010.4,721,2,1010.5,1043,2,1010.6,161,4,1010.7,500,1,1010.8,260,2
317,2025-11-26 15:28:32+05:30,1010.4,20,1003.53,9693990,248439.0,269232.0,986.2,1012.8,981.3,986.2,120936750,1084.8,887.6,1102.5,649.1,1009.9,1053,3,1009.8,1508,2,1009.7,750,1,1009.6,180,3,1009.5,493,7,1010.4,721,2,1010.5,1043,2,1010.6,161,4,1010.7,500,1,1010.8,260,2
317,2025-11-26 15:28:32+05:30,1010.0,11,1003.53,9697091,249919.0,270053.0,986.2,1012.8,981.3,986.2,120936750,1084.8,887.6,1102.5,649.1,1009.9,903,2,1009.8,1508,2,1009.7,793,2,1009.6,180,3,1009.5,643,8,1010.0,1700,2,1010.4,48,1,1010.5,1043,2,1010.6,161,4,1010.7,500,1
317,2025-11-26 15:28:33+05:30,1010.0,51,1003.53,9697091,249919.0,270053.0,986.2,1012.8,981.3,986.2,120936750,1084.8,887.6,1102.5,649.1,1009.9,903,2,1009.8,1508,2,1009.7,793,2,1009.6,180,3,1009.5,643,8,1010.0,1700,2,1010.4,48,1,1010.5,1043,2,1010.6,161,4,1010.7,500,1
317,2025-11-26 15:28:33+05:30,1010.0,3,1003.53,9698372,250694.0,270787.0,986.2,1012.8,981.3,986.2,120936750,1084.8,887.6,1102.5,649.1,1009.9,928,3,1009.8,3008,4,1009.7,793,2,1009.6,180,3,1009.5,887,8,1010.0,2434,4,1010.4,48,1,1010.5,1043,2,1010.6,166,5,1010.7,500,1
317,2025-11-26 15:28:34+05:30,1010.0,3,1003.53,9698372,250694.0,270787.0,986.2,1012.8,981.3,986.2,120936750,1084.8,887.6,1102.5,649.1,1009.9,928,3,1009.8,3008,4,1009.7,793,2,1009.6,180,3,1009.5,887,8,1010.0,2434,4,1010.4,48,1,1010.5,1043,2,1010.6,166,5,1010.7,500,1
317,2025-11-26 15:28:35+05:30,1010.0,46,1003.53,9698501,250667.0,270659.0,986.2,1012.8,981.3,986.2,120936750,1084.8,887.6,1102.5,649.1,1009.9,902,5,1009.8,3008,4,1009.7,793,2,1009.6,180,3,1009.5,887,8,1010.0,2345,4,1010.4,48,1,1010.5,1043,2,1010.6,166,5,1010.7,505,2
317,2025-11-26 15:28:35+05:30,1010.0,46,1003.53,9698501,250667.0,270659.0,986.2,1012.8,981.3,986.2,120936750,1084.8,887.6,1102.5,649.1,1009.9,902,5,1009.8,3008,4,1009.7,793,2,1009.6,180,3,1009.5,887,8,1010.0,2345,4,1010.4,48,1,1010.5,1043,2,1010.6,166,5,1010.7,505,2
317,2025-11-26 15:28:36+05:30,1010.0,3,1003.53,9698504,250883.0,270931.0,986.2,1012.8,981.3,986.2,120936750,1084.8,887.6,1102.5,649.1,1009.9,1128,6,1009.8,3008,4,1009.7,793,2,1009.6,608,4,1009.5,459,7,1010.0,2405,5,1010.5,1043,2,1010.6,166,5,1010.8,296,4,1010.9,2046,7
317,2025-11-26 15:28:36+05:30,1010.0,3,1003.53,9698504,250883.0,270931.0,986.2,1012.8,981.3,986.2,120936750,1084.8,887.6,1102.5,649.1,1009.9,1128,6,1009.8,3008,4,1009.7,793,2,1009.6,608,4,1009.5,459,7,1010.0,2405,5,1010.5,1043,2,1010.6,166,5,1010.8,296,4,1010.9,2046,7
317,2025-11-26 15:28:37+05:30,1010.0,3,1003.53,9698507,251170.0,270896.0,986.2,1012.8,981.3,986.2,120936750,1084.8,887.6,1102.5,649.1,1009.9,1490,7,1009.8,3008,4,1009.7,1178,2,1009.6,180,3,1009.5,459,7,1010.0,2402,5,1010.5,1043,2,1010.6,166,5,1010.8,296,4,1010.9,1546,6
317,2025-11-26 15:28:37+05:30,1010.0,3,1003.53,9698507,251170.0,270896.0,986.2,1012.8,981.3,986.2,120936750,1084.8,887.6,1102.5,649.1,1009.9,1490,7,1009.8,3008,4,1009.7,1178,2,1009.6,180,3,1009.5,459,7,1010.0,2402,5,1010.5,1043,2,1010.6,166,5,1010.8,296,4,1010.9,1546,6
317,2025-11-26 15:28:38+05:30,1010.0,427,1003.53,9699265,251170.0,269925.0,986.2,1012.8,981.3,986.2,120936750,1084.8,887.6,1102.5,649.1,1009.9,1490,7,1009.8,3008,4,1009.7,1178,2,1009.6,180,3,1009.5,459,7,1010.0,1660,5,1010.1,41,1,1010.5,1043,2,1010.6,156,4,1010.8,36,2
317,2025-11-26 15:28:38+05:30,1010.0,750,1003.53,9699265,251170.0,269925.0,986.2,1012.8,981.3,986.2,120936750,1084.8,887.6,1102.5,649.1,1009.9,1490,7,1009.8,3008,4,1009.7,1178,2,1009.6,180,3,1009.5,459,7,1010.0,1660,5,1010.1,41,1,1010.5,1043,2,1010.6,156,4,1010.8,36,2
317,2025-11-26 15:28:39+05:30,1010.0,100,1003.53,9700145,251307.0,269257.0,986.2,1012.8,981.3,986.2,120936750,1084.8,887.6,1102.5,649.1,1009.9,1501,8,1009.8,3436,5,1009.7,750,1,1009.6,180,3,1009.5,585,8,1010.0,782,5,1010.1,41,1,1010.4,64,1,1010.5,1043,2,1010.6,92,3
317,2025-11-26 15:28:39+05:30,1010.0,100,1003.53,9700145,251307.0,269257.0,986.2,1012.8,981.3,986.2,120936750,1084.8,887.6,1102.5,649.1,1009.9,1501,8,1009.8,3436,5,1009.7,750,1,1009.6,180,3,1009.5,585,8,1010.0,782,5,1010.1,41,1,1010.4,64,1,1010.5,1043,2,1010.6,92,3
317,2025-11-26 15:28:40+05:30,1010.0,31,1003.54,9705610,250889.0,268765.0,986.2,1012.8,981.3,986.2,120936750,1084.8,887.6,1102.5,649.1,1009.9,1511,9,1009.8,3008,4,1009.7,750,1,1009.6,180,3,1009.5,585,8,1010.0,333,2,1010.1,41,1,1010.4,64,1,1010.5,1043,2,1010.6,92,3
317,2025-11-26 15:28:40+05:30,1010.0,31,1003.54,9705610,250889.0,268765.0,986.2,1012.8,981.3,986.2,120936750,1084.8,887.6,1102.5,649.1,1009.9,1511,9,1009.8,3008,4,1009.7,750,1,1009.6,180,3,1009.5,585,8,1010.0,333,2,1010.1,41,1,1010.4,64,1,1010.5,1043,2,1010.6,92,3
317,2025-11-26 15:28:41+05:30,1010.0,110,1003.54,9707174,250298.0,269917.0,986.2,1012.8,981.3,986.2,120936750,1084.8,887.6,1102.5,649.1,1009.9,919,5,1009.8,3008,4,1009.7,750,1,1009.6,180,3,1009.5,585,8,1010.0,1645,4,1010.1,41,1,1010.4,64,1,1010.5,1043,2,1010.6,122,4
317,2025-11-26 15:28:41+05:30,1009.9,57,1003.54,9707174,250298.0,269917.0,986.2,1012.8,981.3,986.2,120936750,1084.8,887.6,1102.5,649.1,1009.9,919,5,1009.8,3008,4,1009.7,750,1,1009.6,180,3,1009.5,585,8,1010.0,1645,4,1010.1,41,1,1010.4,64,1,1010.5,1043,2,1010.6,122,4
317,2025-11-26 15:28:42+05:30,1010.0,120,1003.54,9707487,250642.0,269865.0,986.2,1012.8,981.3,986.2,120936750,1084.8,887.6,1102.5,649.1,1009.9,1227,6,1009.8,3008,4,1009.7,750,1,1009.6,180,3,1009.5,585,8,1010.0,1544,4,1010.1,54,1,1010.4,64,1,1010.5,1043,2,1010.6,122,4
317,2025-11-26 15:28:42+05:30,1010.0,120,1003.54,9707487,250642.0,269865.0,986.2,1012.8,981.3,986.2,120936750,1084.8,887.6,1102.5,649.1,1009.9,1227,6,1009.8,3008,4,1009.7,750,1,1009.6,180,3,1009.5,585,8,1010.0,1544,4,1010.1,54,1,1010.4,64,1,1010.5,1043,2,1010.6,122,4
317,2025-11-26 15:28:43+05:30,1010.0,20,1003.54,9707487,250642.0,269865.0,986.2,1012.8,981.3,986.2,120936750,1084.8,887.6,1102.5,649.1,1009.9,1227,6,1009.8,3008,4,1009.7,750,1,1009.6,180,3,1009.5,585,8,1010.0,1544,4,1010.1,54,1,1010.4,64,1,1010.5,1043,2,1010.6,122,4
317,2025-11-26 15:28:43+05:30,1010.0,20,1003.54,9708776,250913.0,269834.0,986.2,1012.8,981.3,986.2,120936750,1084.8,887.6,1102.5,649.1,1009.9,1429,8,1009.8,3008,4,1009.7,750,1,1009.6,180,3,1009.5,885,9,1010.0,1513,3,1010.1,54,1,1010.4,64,1,1010.5,1043,2,1010.6,122,4
317,2025-11-26 15:28:44+05:30,1010.0,2,1003.54,9708776,250913.0,269834.0,986.2,1012.8,981.3,986.2,120936750,1084.8,887.6,1102.5,649.1,1009.9,1429,8,1009.8,3008,4,1009.7,750,1,1009.6,180,3,1009.5,885,9,1010.0,1513,3,1010.1,54,1,1010.4,64,1,1010.5,1043,2,1010.6,122,4
317,2025-11-26 15:28:44+05:30,1010.0,2,1003.54,9709595,250926.0,269924.0,986.2,1012.8,981.3,986.2,120936750,1084.8,887.6,1102.5,649.1,1009.9,1442,9,1009.8,3008,4,1009.7,750,1,1009.6,180,3,1009.5,885,9,1010.0,1348,3,1010.1,54,1,1010.4,64,1,1010.5,1058,3,1010.6,122,4
317,2025-11-26 15:28:45+05:30,1010.0,28,1003.54,9709595,250926.0,269924.0,986.2,1012.8,981.3,986.2,120936750,1084.8,887.6,1102.5,649.1,1009.9,1442,9,1009.8,3008,4,1009.7,750,1,1009.6,180,3,1009.5,885,9,1010.0,1348,3,1010.1,54,1,1010.4,64,1,1010.5,1058,3,1010.6,122,4
317,2025-11-26 15:28:45+05:30,1010.0,28,1003.54,9709623,250851.0,270139.0,986.2,1012.8,981.3,986.2,120936750,1084.8,887.6,1102.5,649.1,1009.9,1442,9,1009.8,3008,4,1009.7,750,1,1009.6,180,3,1009.5,885,9,1010.0,1799,5,1010.1,54,1,1010.4,64,1,1010.5,1058,3,1010.6,122,4
317,2025-11-26 15:28:46+05:30,1010.0,10,1003.54,9709623,250851.0,270139.0,986.2,1012.8,981.3,986.2,120936750,1084.8,887.6,1102.5,649.1,1009.9,1442,9,1009.8,3008,4,1009.7,750,1,1009.6,180,3,1009.5,885,9,1010.0,1799,5,1010.1,54,1,1010.4,64,1,1010.5,1058,3,1010.6,122,4
317,2025-11-26 15:28:46+05:30,1010.0,10,1003.54,9709633,250905.0,270129.0,986.2,1012.8,981.3,986.2,120936750,1084.8,887.6,1102.5,649.1,1009.9,1496,10,1009.8,3008,4,1009.7,750,1,1009.6,180,3,1009.5,885,9,1010.0,1789,5,1010.1,54,1,1010.4,64,1,1010.5,1058,3,1010.6,122,4
317,2025-11-26 15:28:47+05:30,1010.0,10,1003.54,9709633,250905.0,270129.0,986.2,1012.8,981.3,986.2,120936750,1084.8,887.6,1102.5,649.1,1009.9,1496,10,1009.8,3008,4,1009.7,750,1,1009.6,180,3,1009.5,885,9,1010.0,1789,5,1010.1,54,1,1010.4,64,1,1010.5,1058,3,1010.6,122,4
317,2025-11-26 15:28:47+05:30,1010.0,10,1003.54,9709644,250895.0,270118.0,986.2,1012.8,981.3,986.2,120936750,1084.8,887.6,1102.5,649.1,1009.9,1496,10,1009.8,3008,4,1009.7,750,1,1009.6,180,3,1009.5,875,8,1010.0,1778,5,1010.1,54,1,1010.4,64,1,1010.5,1058,3,1010.6,122,4
317,2025-11-26 15:28:48+05:30,1009.9,6,1003.54,9709644,250895.0,270118.0,986.2,1012.8,981.3,986.2,120936750,1084.8,887.6,1102.5,649.1,1009.9,1496,10,1009.8,3008,4,1009.7,750,1,1009.6,180,3,1009.5,875,8,1010.0,1778,5,1010.1,54,1,1010.4,64,1,1010.5,1058,3,1010.6,122,4
317,2025-11-26 15:28:48+05:30,1009.9,6,1003.54,9709656,250979.0,270112.0,986.2,1012.8,981.3,986.2,120936750,1084.8,887.6,1102.5,649.1,1009.9,1580,11,1009.8,3008,4,1009.7,750,1,1009.6,180,3,1009.5,875,8,1010.0,1772,5,1010.1,54,1,1010.4,64,1,1010.5,1058,3,1010.6,122,4
317,2025-11-26 15:28:49+05:30,1010.0,10,1003.54,9709656,250979.0,270112.0,986.2,1012.8,981.3,986.2,120936750,1084.8,887.6,1102.5,649.1,1009.9,1580,11,1009.8,3008,4,1009.7,750,1,1009.6,180,3,1009.5,875,8,1010.0,1772,5,1010.1,54,1,1010.4,64,1,1010.5,1058,3,1010.6,122,4
317,2025-11-26 15:28:49+05:30,1010.0,50,1003.54,9710912,250981.0,268926.0,986.2,1012.8,981.3,986.2,120936750,1084.8,887.6,1102.5,649.1,1009.9,1582,11,1009.8,3008,4,1009.7,750,1,1009.6,180,3,1009.5,875,8,1010.0,583,5,1010.1,54,1,1010.4,64,1,1010.5,1058,3,1010.6,122,4
317,2025-11-26 15:28:50+05:30,1010.0,10,1003.54,9710912,250981.0,268926.0,986.2,1012.8,981.3,986.2,120936750,1084.8,887.6,1102.5,649.1,1009.9,1582,11,1009.8,3008,4,1009.7,750,1,1009.6,180,3,1009.5,875,8,1010.0,583,5,1010.1,54,1,1010.4,64,1,1010.5,1058,3,1010.6,122,4
317,2025-11-26 15:28:50+05:30,1010.0,10,1003.54,9710973,250967.0,266394.0,986.2,1012.8,981.3,986.2,120936750,1084.8,887.6,1102.5,649.1,1009.9,1578,11,1009.8,3008,4,1009.7,750,1,1009.6,180,3,1009.5,875,8,1010.0,1801,6,1010.1,54,1,1010.4,64,1,1010.5,1058,3,1010.6,122,4
317,2025-11-26 15:28:51+05:30,1010.0,50,1003.54,9711026,250931.0,266341.0,986.2,1012.8,981.3,986.2,120936750,1084.8,887.6,1102.5,649.1,1009.9,1552,9,1009.8,3008,4,1009.7,750,1,1009.6,180,3,1009.5,875,8,1010.0,1748,6,1010.1,54,1,1010.4,64,1,1010.5,1058,3,1010.6,122,4
317,2025-11-26 15:28:52+05:30,1010.0,2,1003.54,9711026,250931.0,266341.0,986.2,1012.8,981.3,986.2,120936750,1084.8,887.6,1102.5,649.1,1009.9,1552,9,1009.8,3008,4,1009.7,750,1,1009.6,180,3,1009.5,875,8,1010.0,1748,6,1010.1,54,1,1010.4,64,1,1010.5,1058,3,1010.6,122,4
317,2025-11-26 15:28:52+05:30,1010.0,324,1003.54,9712630,249390.0,265391.0,986.2,1012.8,981.3,986.2,120936750,1084.8,887.6,1102.5,649.1,1009.9,751,7,1009.8,1500,2,1009.7,760,2,1009.6,1688,5,1009.5,1499,8,1010.0,1588,6,1010.1,54,1,1010.4,64,1,1010.5,1058,3,1010.6,122,4
317,2025-11-26 15:28:53+05:30,1010.0,324,1003.54,9712630,249390.0,265391.0,986.2,1012.8,981.3,986.2,120936750,1084.8,887.6,1102.5,649.1,1009.9,751,7,1009.8,1500,2,1009.7,760,2,1009.6,1688,5,1009.5,1499,8,1010.0,1588,6,1010.1,54,1,1010.4,64,1,1010.5,1058,3,1010.6,122,4
317,2025-11-26 15:28:53+05:30,1010.0,58,1003.54,9712688,249390.0,265885.0,986.2,1012.8,981.3,986.2,120936750,1084.8,887.6,1102.5,649.1,1009.9,1501,8,1009.8,3008,4,1009.7,760,2,1009.6,180,3,1009.5,749,7,1010.0,1882,7,1010.1,54,1,1010.4,64,1,1010.5,1258,4,1010.6,122,4
317,2025-11-26 15:28:54+05:30,1010.0,223,1003.54,9712688,249390.0,265885.0,986.2,1012.8,981.3,986.2,120936750,1084.8,887.6,1102.5,649.1,1009.9,1501,8,1009.8,3008,4,1009.7,760,2,1009.6,180,3,1009.5,749,7,1010.0,1882,7,1010.1,54,1,1010.4,64,1,1010.5,1258,4,1010.6,122,4
317,2025-11-26 15:28:54+05:30,1010.0,223,1003.54,9713151,249602.0,266038.0,986.2,1012.8,981.3,986.2,120936750,1084.8,887.6,1102.5,649.1,1009.9,1713,9,1009.8,3008,4,1009.7,760,2,1009.6,180,3,1009.5,749,7,1010.0,2040,7,1010.1,54,1,1010.4,64,1,1010.5,1258,4,1010.6,122,4
317,2025-11-26 15:28:55+05:30,1010.0,17,1003.54,9713151,249602.0,266038.0,986.2,1012.8,981.3,986.2,120936750,1084.8,887.6,1102.5,649.1,1009.9,1713,9,1009.8,3008,4,1009.7,760,2,1009.6,180,3,1009.5,749,7,1010.0,2040,7,1010.1,54,1,1010.4,64,1,1010.5,1258,4,1010.6,122,4
317,2025-11-26 15:28:55+05:30,1010.0,1,1003.54,9715362,248734.0,266005.0,986.2,1012.8,981.3,986.2,120936750,1084.8,887.6,1102.5,649.1,1009.9,96,3,1009.7,760,2,1009.6,3338,8,1009.5,1349,7,1009.4,199,2,1010.0,2007,7,1010.1,54,1,1010.4,64,1,1010.5,1258,4,1010.6,122,4
317,2025-11-26 15:28:56+05:30,1010.1,80,1003.54,9715362,248734.0,266005.0,986.2,1012.8,981.3,986.2,120936750,1084.8,887.6,1102.5,649.1,1009.9,96,3,1009.7,760,2,1009.6,3338,8,1009.5,1349,7,1009.4,199,2,1010.0,2007,7,1010.1,54,1,1010.4,64,1,1010.5,1258,4,1010.6,122,4
317,2025-11-26 15:28:56+05:30,1010.1,1,1003.54,9718048,250028.0,263995.0,986.2,1012.8,981.3,986.2,120936750,1084.8,887.6,1102.5,649.1,1010.0,1295,3,1009.9,96,3,1009.8,750,1,1009.7,2418,5,1009.6,1680,5,1010.1,53,1,1010.4,64,1,1010.5,1258,4,1010.6,122,4,1010.8,24,1
317,2025-11-26 15:28:57+05:30,1010.1,94,1003.54,9718048,250028.0,263995.0,986.2,1012.8,981.3,986.2,120936750,1084.8,887.6,1102.5,649.1,1010.0,1295,3,1009.9,96,3,1009.8,750,1,1009.7,2418,5,1009.6,1680,5,1010.1,53,1,1010.4,64,1,1010.5,1258,4,1010.6,122,4,1010.8,24,1
317,2025-11-26 15:28:57+05:30,1010.0,107,1003.55,9720289,248733.0,263983.0,986.2,1012.8,981.3,986.2,120936750,1084.8,887.6,1102.5,649.1,1009.9,96,3,1009.8,750,1,1009.7,2268,4,1009.6,1830,6,1009.5,783,7,1010.1,41,1,1010.4,64,1,1010.5,1258,4,1010.6,122,4,1010.8,24,1
317,2025-11-26 15:28:58+05:30,1010.5,16,1003.55,9720289,248733.0,263983.0,986.2,1012.8,981.3,986.2,120936750,1084.8,887.6,1102.5,649.1,1009.9,96,3,1009.8,750,1,1009.7,2268,4,1009.6,1830,6,1009.5,783,7,1010.1,41,1,1010.4,64,1,1010.5,1258,4,1010.6,122,4,1010.8,24,1
317,2025-11-26 15:28:58+05:30,1010.0,748,1003.55,9724028,243294.0,263766.0,986.2,1012.8,981.3,986.2,120936750,1084.8,887.6,1102.5,649.1,1010.0,10,2,1009.9,96,3,1009.7,768,2,1009.6,1065,4,1009.5,599,6,1010.5,1146,5,1010.6,122,4,1010.8,500,1,1010.9,765,4,1011.0,1075,16
317,2025-11-26 15:28:59+05:30,1010.5,49,1003.55,9724028,243294.0,263766.0,986.2,1012.8,981.3,986.2,120936750,1084.8,887.6,1102.5,649.1,1010.0,10,2,1009.9,96,3,1009.7,768,2,1009.6,1065,4,1009.5,599,6,1010.5,1146,5,1010.6,122,4,1010.8,500,1,1010.9,765,4,1011.0,1075,16
317,2025-11-26 15:28:59+05:30,1010.0,5,1003.55,9724420,244871.0,263807.0,986.2,1012.8,981.3,986.2,120936750,1084.8,887.6,1102.5,649.1,1010.0,87,1,1009.9,846,4,1009.8,1508,2,1009.7,760,2,1009.6,131,2,1010.1,3,1,1010.4,87,1,1010.5,1097,5,1010.6,122,4,1010.8,500,1
317,2025-11-26 15:29:00+05:30,1010.4,9,1003.55,9724420,244871.0,263807.0,986.2,1012.8,981.3,986.2,120936750,1084.8,887.6,1102.5,649.1,1010.0,87,1,1009.9,846,4,1009.8,1508,2,1009.7,760,2,1009.6,131,2,1010.1,3,1,1010.4,87,1,1010.5,1097,5,1010.6,122,4,1010.8,500,1
317,2025-11-26 15:29:00+05:30,1010.4,20,1003.55,9724929,243221.0,263935.0,986.2,1012.8,981.3,986.2,120936750,1084.8,887.6,1102.5,649.1,1010.1,11,1,1009.9,96,3,1009.8,674,1,1009.7,1518,3,1009.6,1065,4,1010.4,242,2,1010.5,1089,4,1010.6,127,5,1010.9,1265,5,1011.0,345,16
317,2025-11-26 15:29:01+05:30,1010.5,21,1003.55,9724929,243221.0,263935.0,986.2,1012.8,981.3,986.2,120936750,1084.8,887.6,1102.5,649.1,1010.1,11,1,1009.9,96,3,1009.8,674,1,1009.7,1518,3,1009.6,1065,4,1010.4,242,2,1010.5,1089,4,1010.6,127,5,1010.9,1265,5,1011.0,345,16
317,2025-11-26 15:29:01+05:30,1010.1,63,1003.55,9725641,231463.0,254318.0,986.2,1012.8,981.3,986.2,120936750,1084.8,887.6,1102.5,649.1,1010.1,12,2,1009.9,42,2,1009.8,674,1,1009.7,768,2,1009.6,1065,4,1010.5,1225,5,1010.6,127,5,1010.8,500,1,1010.9,765,4,1011.0,345,16
317,2025-11-26 15:29:02+05:30,1010.1,63,1003.55,9725641,231463.0,254318.0,986.2,1012.8,981.3,986.2,120936750,1084.8,887.6,1102.5,649.1,1010.1,12,2,1009.9,42,2,1009.8,674,1,1009.7,768,2,1009.6,1065,4,1010.5,1225,5,1010.6,127,5,1010.8,500,1,1010.9,765,4,1011.0,345,16
317,2025-11-26 15:29:03+05:30,1010.1,22,1003.55,9725945,221106.0,245529.0,986.2,1012.8,981.3,986.2,120936750,1084.8,887.6,1102.5,649.1,1010.1,11,1,1010.0,34,1,1009.9,42,2,1009.7,684,2,1009.6,1073,4,1010.5,1295,7,1010.6,177,5,1010.8,500,1,1010.9,765,4,1011.0,325,15
317,2025-11-26 15:29:03+05:30,1010.0,34,1003.55,9725945,221106.0,245529.0,986.2,1012.8,981.3,986.2,120936750,1084.8,887.6,1102.5,649.1,1010.1,11,1,1010.0,34,1,1009.9,42,2,1009.7,684,2,1009.6,1073,4,1010.5,1295,7,1010.6,177,5,1010.8,500,1,1010.9,765,4,1011.0,325,15
317,2025-11-26 15:29:04+05:30,1010.9,1,1003.55,9727903,221207.0,244111.0,986.2,1012.8,981.3,986.2,120936750,1084.8,887.6,1102.5,649.1,1010.1,12,2,1009.9,142,3,1009.7,715,3,1009.6,1147,5,1009.5,1349,7,1010.9,1319,6,1011.0,325,15,1011.1,31,1,1011.2,528,3,1011.3,824,2
317,2025-11-26 15:29:04+05:30,1010.1,22,1003.55,9727903,221207.0,244111.0,986.2,1012.8,981.3,986.2,120936750,1084.8,887.6,1102.5,649.1,1010.1,12,2,1009.9,142,3,1009.7,715,3,1009.6,1147,5,1009.5,1349,7,1010.9,1319,6,1011.0,325,15,1011.1,31,1,1011.2,528,3,1011.3,824,2
317,2025-11-26 15:29:05+05:30,1010.1,22,1003.55,9728436,219780.0,242858.0,986.2,1012.8,981.3,986.2,120936750,1084.8,887.6,1102.5,649.1,1010.0,78,1,1009.9,143,4,1009.7,715,3,1009.6,1073,4,1009.5,1271,6,1010.8,485,2,1010.9,764,4,1011.0,575,16,1011.1,31,1,1011.2,528,3
317,2025-11-26 15:29:05+05:30,1010.0,63,1003.55,9728436,219780.0,242858.0,986.2,1012.8,981.3,986.2,120936750,1084.8,887.6,1102.5,649.1,1010.0,78,1,1009.9,143,4,1009.7,715,3,1009.6,1073,4,1009.5,1271,6,1010.8,485,2,1010.9,764,4,1011.0,575,16,1011.1,31,1,1011.2,528,3
317,2025-11-26 15:29:06+05:30,1010.8,2,1003.55,9728933,219693.0,243639.0,986.2,1012.8,981.3,986.2,120936750,1084.8,887.6,1102.5,649.1,1010.1,12,2,1010.0,10,1,1009.9,143,4,1009.7,41,2,1009.6,879,4,1010.8,466,2,1010.9,764,4,1011.0,575,16,1011.1,51,2,1011.2,1258,3
317,2025-11-26 15:29:06+05:30,1010.8,2,1003.55,9728933,219693.0,243639.0,986.2,1012.8,981.3,986.2,120936750,1084.8,887.6,1102.5,649.1,1010.1,12,2,1010.0,10,1,1009.9,143,4,1009.7,41,2,1009.6,879,4,1010.8,466,2,1010.9,764,4,1011.0,575,16,1011.1,51,2,1011.2,1258,3
317,2025-11-26 15:29:07+05:30,1010.1,107,1003.55,9728933,219693.0,243639.0,986.2,1012.8,981.3,986.2,120936750,1084.8,887.6,1102.5,649.1,1010.1,12,2,1010.0,10,1,1009.9,143,4,1009.7,41,2,1009.6,879,4,1010.8,466,2,1010.9,764,4,1011.0,575,16,1011.1,51,2,1011.2,1258,3
317,2025-11-26 15:29:07+05:30,1010.5,300,1003.55,9729738,219330.0,242605.0,986.2,1012.8,981.3,986.2,120936750,1084.8,887.6,1102.5,649.1,1009.9,22,3,1009.7,10,1,1009.6,1029,5,1009.5,909,3,1009.4,949,3,1010.5,271,2,1010.8,411,1,1010.9,784,5,1011.0,575,16,1011.1,31,1
317,2025-11-26 15:29:08+05:30,1010.1,6,1003.55,9729738,219330.0,242605.0,986.2,1012.8,981.3,986.2,120936750,1084.8,887.6,1102.5,649.1,1009.9,22,3,1009.7,10,1,1009.6,1029,5,1009.5,909,3,1009.4,949,3,1010.5,271,2,1010.8,411,1,1010.9,784,5,1011.0,575,16,1011.1,31,1
317,2025-11-26 15:29:08+05:30,1010.1,6,1003.55,9730260,219263.0,238870.0,986.2,1012.8,981.3,986.2,120936750,1084.8,887.6,1102.5,649.1,1010.1,5,1,1010.0,13,1,1009.9,36,2,1009.8,124,1,1009.7,10,1,1010.5,154,1,1010.6,144,1,1010.7,500,1,1010.8,62,1,1010.9,703,3
317,2025-11-26 15:29:09+05:30,1010.1,70,1003.55,9730260,219263.0,238870.0,986.2,1012.8,981.3,986.2,120936750,1084.8,887.6,1102.5,649.1,1010.1,5,1,1010.0,13,1,1009.9,36,2,1009.8,124,1,1009.7,10,1,1010.5,154,1,1010.6,144,1,1010.7,500,1,1010.8,62,1,1010.9,703,3
317,2025-11-26 15:29:09+05:30,1010.1,70,1003.55,9730348,218929.0,238643.0,986.2,1012.8,981.3,986.2,120936750,1084.8,887.6,1102.5,649.1,1010.1,19,2,1009.9,56,3,1009.8,124,1,1009.7,10,1,1009.6,1020,5,1010.5,155,2,1010.7,89,1,1010.8,562,2,1010.9,703,3,1011.0,573,15
317,2025-11-26 15:29:10+05:30,1010.1,3,1003.55,9730348,218929.0,238643.0,986.2,1012.8,981.3,986.2,120936750,1084.8,887.6,1102.5,649.1,1010.1,19,2,1009.9,56,3,1009.8,124,1,1009.7,10,1,1009.6,1020,5,1010.5,155,2,1010.7,89,1,1010.8,562,2,1010.9,703,3,1011.0,573,15
317,2025-11-26 15:29:10+05:30,1010.1,3,1003.55,9730384,218807.0,234598.0,986.2,1012.8,981.3,986.2,120936750,1084.8,887.6,1102.5,649.1,1010.1,9,2,1009.9,56,3,1009.8,124,1,1009.7,10,1,1009.6,1020,5,1010.5,241,4,1010.7,89,1,1010.8,562,2,1010.9,703,3,1011.0,483,14
317,2025-11-26 15:29:11+05:30,1010.4,25,1003.55,9730384,218807.0,234598.0,986.2,1012.8,981.3,986.2,120936750,1084.8,887.6,1102.5,649.1,1010.1,9,2,1009.9,56,3,1009.8,124,1,1009.7,10,1,1009.6,1020,5,1010.5,241,4,1010.7,89,1,1010.8,562,2,1010.9,703,3,1011.0,483,14
317,2025-11-26 15:29:11+05:30,1010.4,25,1003.56,9734488,223764.0,231186.0,986.2,1012.8,981.3,986.2,120936750,1084.8,887.6,1102.5,649.1,1010.4,500,1,1010.3,674,1,1010.2,3116,6,1010.1,821,4,1010.0,1,1,1010.5,1,1,1011.1,34,1,1011.2,25,1,1011.3,31,1,1011.4,111,1
317,2025-11-26 15:29:12+05:30,1010.3,2,1003.56,9734488,223764.0,231186.0,986.2,1012.8,981.3,986.2,120936750,1084.8,887.6,1102.5,649.1,1010.4,500,1,1010.3,674,1,1010.2,3116,6,1010.1,821,4,1010.0,1,1,1010.5,1,1,1011.1,34,1,1011.2,25,1,1011.3,31,1,1011.4,111,1
317,2025-11-26 15:29:12+05:30,1010.3,2,1003.56,9735665,219302.0,231412.0,986.2,1012.8,981.3,986.2,120936750,1084.8,887.6,1102.5,649.1,1010.3,21,2,1010.2,36,2,1010.1,295,5,1010.0,1,1,1009.9,679,5,1011.0,9,2,1011.3,500,1,1011.4,188,2,1011.5,1612,8,1011.6,65,3
317,2025-11-26 15:29:13+05:30,1010.4,46,1003.56,9735665,219302.0,231412.0,986.2,1012.8,981.3,986.2,120936750,1084.8,887.6,1102.5,649.1,1010.3,21,2,1010.2,36,2,1010.1,295,5,1010.0,1,1,1009.9,679,5,1011.0,9,2,1011.3,500,1,1011.4,188,2,1011.5,1612,8,1011.6,65,3
317,2025-11-26 15:29:13+05:30,1011.1,191,1003.56,9735918,217125.0,231578.0,986.2,1012.8,981.3,986.2,120936750,1084.8,887.6,1102.5,649.1,1010.3,49,2,1010.2,36,2,1010.1,202,5,1010.0,537,3,1009.9,204,2,1011.1,105,2,1011.2,46,1,1011.3,500,1,1011.4,188,2,1011.5,1612,8
317,2025-11-26 15:29:14+05:30,1011.1,2,1003.56,9735918,217125.0,231578.0,986.2,1012.8,981.3,986.2,120936750,1084.8,887.6,1102.5,649.1,1010.3,49,2,1010.2,36,2,1010.1,202,5,1010.0,537,3,1009.9,204,2,1011.1,105,2,1011.2,46,1,1011.3,500,1,1011.4,188,2,1011.5,1612,8
317,2025-11-26 15:29:14+05:30,1011.0,3,1003.56,9735975,217103.0,231535.0,986.2,1012.8,981.3,986.2,120936750,1084.8,887.6,1102.5,649.1,1010.3,25,3,1010.2,36,2,1010.1,125,4,1010.0,539,3,1009.9,204,2,1011.0,62,2,1011.2,56,2,1011.3,500,1,1011.4,377,3,1011.5,1423,7
317,2025-11-26 15:29:15+05:30,1011.0,2,1003.56,9735975,217103.0,231535.0,986.2,1012.8,981.3,986.2,120936750,1084.8,887.6,1102.5,649.1,1010.3,25,3,1010.2,36,2,1010.1,125,4,1010.0,539,3,1009.9,204,2,1011.0,62,2,1011.2,56,2,1011.3,500,1,1011.4,377,3,1011.5,1423,7
317,2025-11-26 15:29:15+05:30,1011.0,2,1003.56,9736054,217028.0,231473.0,986.2,1012.8,981.3,986.2,120936750,1084.8,887.6,1102.5,649.1,1010.3,24,3,1010.2,36,2,1010.1,125,4,1010.0,539,3,1009.9,204,2,1011.0,18,3,1011.1,12,1,1011.2,500,1,1011.3,46,1,1011.4,377,3
317,2025-11-26 15:29:16+05:30,1010.9,2,1003.56,9736054,217028.0,231473.0,986.2,1012.8,981.3,986.2,120936750,1084.8,887.6,1102.5,649.1,1010.3,24,3,1010.2,36,2,1010.1,125,4,1010.0,539,3,1009.9,204,2,1011.0,18,3,1011.1,12,1,1011.2,500,1,1011.3,46,1,1011.4,377,3
317,2025-11-26 15:29:16+05:30,1010.2,11,1003.56,9736277,217126.0,231466.0,986.2,1012.8,981.3,986.2,120936750,1084.8,887.6,1102.5,649.1,1010.2,34,3,1010.1,72,3,1010.0,590,4,1009.9,954,3,1009.8,20,1,1010.9,195,2,1011.0,605,4,1011.1,12,1,1011.2,46,1,1011.4,188,2
317,2025-11-26 15:29:17+05:30,1010.9,8,1003.56,9736277,217126.0,231466.0,986.2,1012.8,981.3,986.2,120936750,1084.8,887.6,1102.5,649.1,1010.2,34,3,1010.1,72,3,1010.0,590,4,1009.9,954,3,1009.8,20,1,1010.9,195,2,1011.0,605,4,1011.1,12,1,1011.2,46,1,1011.4,188,2
317,2025-11-26 15:29:17+05:30,1010.9,8,1003.56,9737503,217337.0,230401.0,986.2,1012.8,981.3,986.2,120936750,1084.8,887.6,1102.5,649.1,1010.2,11,2,1010.0,896,2,1009.9,770,2,1009.8,205,3,1009.7,760,2,1010.9,71,2,1011.0,105,3,1011.2,97,1,1011.3,500,1,1011.4,373,3
317,2025-11-26 15:29:18+05:30,1010.9,45,1003.56,9737503,217337.0,230401.0,986.2,1012.8,981.3,986.2,120936750,1084.8,887.6,1102.5,649.1,1010.2,11,2,1010.0,896,2,1009.9,770,2,1009.8,205,3,1009.7,760,2,1010.9,71,2,1011.0,105,3,1011.2,97,1,1011.3,500,1,1011.4,373,3
317,2025-11-26 15:29:18+05:30,1010.9,4,1003.56,9738669,215714.0,231147.0,986.2,1012.8,981.3,986.2,120936750,1084.8,887.6,1102.5,649.1,1009.9,770,2,1009.8,219,3,1009.7,10,1,1009.6,26,2,1009.5,153,3,1010.9,568,3,1011.0,104,2,1011.3,174,2,1011.4,296,2,1011.5,1193,7
317,2025-11-26 15:29:19+05:30,1010.9,12,1003.56,9738669,215714.0,231147.0,986.2,1012.8,981.3,986.2,120936750,1084.8,887.6,1102.5,649.1,1009.9,770,2,1009.8,219,3,1009.7,10,1,1009.6,26,2,1009.5,153,3,1010.9,568,3,1011.0,104,2,1011.3,174,2,1011.4,296,2,1011.5,1193,7
317,2025-11-26 15:29:19+05:30,1010.0,1438,1003.56,9742396,215497.0,231086.0,986.2,1012.8,981.3,986.2,120936750,1084.8,887.6,1102.5,649.1,1009.9,86,2,1009.8,502,3,1009.7,10,1,1009.6,210,3,1009.5,153,3,1010.9,508,2,1011.0,104,2,1011.2,97,1,1011.3,77,1,1011.4,296,2
317,2025-11-26 15:29:20+05:30,1011.2,30,1003.56,9742396,215497.0,231086.0,986.2,1012.8,981.3,986.2,120936750,1084.8,887.6,1102.5,649.1,1009.9,86,2,1009.8,502,3,1009.7,10,1,1009.6,210,3,1009.5,153,3,1010.9,508,2,1011.0,104,2,1011.2,97,1,1011.3,77,1,1011.4,296,2
317,2025-11-26 15:29:21+05:30,1010.0,688,1003.56,9745975,217313.0,232762.0,986.2,1012.8,981.3,986.2,120936750,1084.8,887.6,1102.5,649.1,1009.9,24,1,1009.8,736,2,1009.7,194,2,1009.6,26,2,1009.5,153,3,1010.0,1439,1,1010.7,500,1,1010.8,233,1,1011.0,850,2,1011.2,129,2
317,2025-11-26 15:29:21+05:30,1010.0,688,1003.56,9745975,217313.0,232762.0,986.2,1012.8,981.3,986.2,120936750,1084.8,887.6,1102.5,649.1,1009.9,24,1,1009.8,736,2,1009.7,194,2,1009.6,26,2,1009.5,153,3,1010.0,1439,1,1010.7,500,1,1010.8,233,1,1011.0,850,2,1011.2,129,2
317,2025-11-26 15:29:22+05:30,1010.9,15,1003.57,9748909,217224.0,231173.0,986.2,1012.8,981.3,986.2,120936750,1084.8,887.6,1102.5,649.1,1009.9,24,1,1009.8,736,2,1009.7,1510,3,1009.6,6,1,1009.5,337,4,1010.3,1,1,1010.7,144,1,1010.8,77,1,1010.9,232,2,1011.0,850,2
317,2025-11-26 15:29:22+05:30,1010.7,19,1003.57,9748909,217224.0,231173.0,986.2,1012.8,981.3,986.2,120936750,1084.8,887.6,1102.5,649.1,1009.9,24,1,1009.8,736,2,1009.7,1510,3,1009.6,6,1,1009.5,337,4,1010.3,1,1,1010.7,144,1,1010.8,77,1,1010.9,232,2,1011.0,850,2
317,2025-11-26 15:29:23+05:30,1010.0,63,1003.57,9754820,214560.0,230304.0,986.2,1012.8,981.3,986.2,120936750,1084.8,887.6,1102.5,649.1,1009.8,750,1,1009.7,194,2,1009.6,6,1,1009.5,151,2,1009.4,15,1,1010.0,992,1,1010.7,500,1,1010.8,639,3,1010.9,64,1,1011.0,585,2
317,2025-11-26 15:29:23+05:30,1010.0,47,1003.57,9754820,214560.0,230304.0,986.2,1012.8,981.3,986.2,120936750,1084.8,887.6,1102.5,649.1,1009.8,750,1,1009.7,194,2,1009.6,6,1,1009.5,151,2,1009.4,15,1,1010.0,992,1,1010.7,500,1,1010.8,639,3,1010.9,64,1,1011.0,585,2
317,2025-11-26 15:29:24+05:30,1010.0,10,1003.57,9757911,216721.0,230093.0,986.2,1012.8,981.3,986.2,120936750,1084.8,887.6,1102.5,649.1,1009.8,934,2,1009.7,1510,3,1009.6,6,1,1009.5,151,2,1009.4,15,1,1010.0,781,1,1010.6,377,1,1010.7,262,2,1010.9,64,1,1011.0,585,2
317,2025-11-26 15:29:24+05:30,1010.0,10,1003.57,9757911,216721.0,230093.0,986.2,1012.8,981.3,986.2,120936750,1084.8,887.6,1102.5,649.1,1009.8,934,2,1009.7,1510,3,1009.6,6,1,1009.5,151,2,1009.4,15,1,1010.0,781,1,1010.6,377,1,1010.7,262,2,1010.9,64,1,1011.0,585,2
317,2025-11-26 15:29:25+05:30,1010.0,105,1003.57,9757911,216721.0,230093.0,986.2,1012.8,981.3,986.2,120936750,1084.8,887.6,1102.5,649.1,1009.8,934,2,1009.7,1510,3,1009.6,6,1,1009.5,151,2,1009.4,15,1,1010.0,781,1,1010.6,377,1,1010.7,262,2,1010.9,64,1,1011.0,585,2
317,2025-11-26 15:29:25+05:30,1010.0,105,1003.57,9759063,216724.0,230974.0,986.2,1012.8,981.3,986.2,120936750,1084.8,887.6,1102.5,649.1,1009.8,25,1,1009.7,750,1,1009.6,1678,4,1009.5,151,2,1009.4,15,1,1010.0,1638,4,1010.8,377,1,1010.9,64,1,1011.0,1085,3,1011.1,10,1
317,2025-11-26 15:29:26+05:30,1010.0,105,1003.57,9759063,216724.0,230974.0,986.2,1012.8,981.3,986.2,120936750,1084.8,887.6,1102.5,649.1,1009.8,25,1,1009.7,750,1,1009.6,1678,4,1009.5,151,2,1009.4,15,1,1010.0,1638,4,1010.8,377,1,1010.9,64,1,1011.0,1085,3,1011.1,10,1
317,2025-11-26 15:29:26+05:30,1010.0,38,1003.57,9759063,216724.0,230974.0,986.2,1012.8,981.3,986.2,120936750,1084.8,887.6,1102.5,649.1,1009.8,25,1,1009.7,750,1,1009.6,1678,4,1009.5,151,2,1009.4,15,1,1010.0,1638,4,1010.8,377,1,1010.9,64,1,1011.0,1085,3,1011.1,10,1
317,2025-11-26 15:29:26+05:30,1010.0,38,1003.57,9759063,216724.0,230974.0,986.2,1012.8,981.3,986.2,120936750,1084.8,887.6,1102.5,649.1,1009.8,25,1,1009.7,750,1,1009.6,1678,4,1009.5,151,2,1009.4,15,1,1010.0,1638,4,1010.8,377,1,1010.9,64,1,1011.0,1085,3,1011.1,10,1
317,2025-11-26 15:29:26+05:30,1010.0,1,1003.57,9760432,212920.0,230026.0,986.2,1012.8,981.3,986.2,120936750,1084.8,887.6,1102.5,649.1,1009.7,721,1,1009.6,1678,4,1009.5,151,2,1009.4,15,1,1009.3,31,2,1010.0,810,4,1010.8,233,1,1010.9,826,4,1011.0,585,2,1011.1,77,2
317,2025-11-26 15:29:27+05:30,1010.0,1,1003.57,9760432,212920.0,230026.0,986.2,1012.8,981.3,986.2,120936750,1084.8,887.6,1102.5,649.1,1009.7,721,1,1009.6,1678,4,1009.5,151,2,1009.4,15,1,1009.3,31,2,1010.0,810,4,1010.8,233,1,1010.9,826,4,1011.0,585,2,1011.1,77,2
317,2025-11-26 15:29:27+05:30,1010.0,48,1003.57,9760432,212920.0,230026.0,986.2,1012.8,981.3,986.2,120936750,1084.8,887.6,1102.5,649.1,1009.7,721,1,1009.6,1678,4,1009.5,151,2,1009.4,15,1,1009.3,31,2,1010.0,810,4,1010.8,233,1,1010.9,826,4,1011.0,585,2,1011.1,77,2
317,2025-11-26 15:29:27+05:30,1010.0,48,1003.57,9760432,212920.0,230026.0,986.2,1012.8,981.3,986.2,120936750,1084.8,887.6,1102.5,649.1,1009.7,721,1,1009.6,1678,4,1009.5,151,2,1009.4,15,1,1009.3,31,2,1010.0,810,4,1010.8,233,1,1010.9,826,4,1011.0,585,2,1011.1,77,2
317,2025-11-26 15:29:27+05:30,1010.0,48,1003.57,9760530,216009.0,230177.0,986.2,1012.8,981.3,986.2,120936750,1084.8,887.6,1102.5,649.1,1009.7,877,3,1009.6,744,2,1009.5,151,2,1009.4,15,1,1009.3,157,3,1010.0,987,4,1010.7,233,1,1010.8,262,2,1010.9,564,2,1011.0,585,2
317,2025-11-26 15:29:28+05:30,1010.0,48,1003.57,9760530,216009.0,230177.0,986.2,1012.8,981.3,986.2,120936750,1084.8,887.6,1102.5,649.1,1009.7,877,3,1009.6,744,2,1009.5,151,2,1009.4,15,1,1009.3,157,3,1010.0,987,4,1010.7,233,1,1010.8,262,2,1010.9,564,2,1011.0,585,2
317,2025-11-26 15:29:28+05:30,1010.0,9,1003.57,9760530,216009.0,230177.0,986.2,1012.8,981.3,986.2,120936750,1084.8,887.6,1102.5,649.1,1009.7,877,3,1009.6,744,2,1009.5,151,2,1009.4,15,1,1009.3,157,3,1010.0,987,4,1010.7,233,1,1010.8,262,2,1010.9,564,2,1011.0,585,2
317,2025-11-26 15:29:28+05:30,1010.0,9,1003.57,9760530,216009.0,230177.0,986.2,1012.8,981.3,986.2,120936750,1084.8,887.6,1102.5,649.1,1009.7,877,3,1009.6,744,2,1009.5,151,2,1009.4,15,1,1009.3,157,3,1010.0,987,4,1010.7,233,1,1010.8,262,2,1010.9,564,2,1011.0,585,2
317,2025-11-26 15:29:28+05:30,1010.9,19,1003.57,9763054,214763.0,228662.0,986.2,1012.8,981.3,986.2,120936750,1084.8,887.6,1102.5,649.1,1009.9,5,1,1009.8,518,3,1009.7,693,2,1009.6,744,2,1009.5,151,2,1010.9,278,2,1011.0,100,1,1011.1,10,1,1011.2,391,4,1011.3,750,1
317,2025-11-26 15:29:29+05:30,1010.9,19,1003.57,9763054,214763.0,228662.0,986.2,1012.8,981.3,986.2,120936750,1084.8,887.6,1102.5,649.1,1009.9,5,1,1009.8,518,3,1009.7,693,2,1009.6,744,2,1009.5,151,2,1010.9,278,2,1011.0,100,1,1011.1,10,1,1011.2,391,4,1011.3,750,1
317,2025-11-26 15:29:29+05:30,1010.9,2,1003.57,9763054,214763.0,228662.0,986.2,1012.8,981.3,986.2,120936750,1084.8,887.6,1102.5,649.1,1009.9,5,1,1009.8,518,3,1009.7,693,2,1009.6,744,2,1009.5,151,2,1010.9,278,2,1011.0,100,1,1011.1,10,1,1011.2,391,4,1011.3,750,1
317,2025-11-26 15:29:29+05:30,1010.9,2,1003.57,9763054,214763.0,228662.0,986.2,1012.8,981.3,986.2,120936750,1084.8,887.6,1102.5,649.1,1009.9,5,1,1009.8,518,3,1009.7,693,2,1009.6,744,2,1009.5,151,2,1010.9,278,2,1011.0,100,1,1011.1,10,1,1011.2,391,4,1011.3,750,1
317,2025-11-26 15:29:29+05:30,1010.5,257,1003.58,9763497,214209.0,229599.0,986.2,1012.8,981.3,986.2,120936750,1084.8,887.6,1102.5,649.1,1010.1,6,1,1010.0,14,3,1009.9,5,1,1009.8,748,2,1009.7,760,2,1010.9,420,2,1011.0,620,3,1011.1,10,1,1011.2,206,3,1011.4,1046,3
317,2025-11-26 15:29:29+05:30,1010.5,257,1003.58,9763497,214209.0,229599.0,986.2,1012.8,981.3,986.2,120936750,1084.8,887.6,1102.5,649.1,1010.1,6,1,1010.0,14,3,1009.9,5,1,1009.8,748,2,1009.7,760,2,1010.9,420,2,1011.0,620,3,1011.1,10,1,1011.2,206,3,1011.4,1046,3
317,2025-11-26 15:29:30+05:30,1010.5,257,1003.58,9763497,214209.0,229599.0,986.2,1012.8,981.3,986.2,120936750,1084.8,887.6,1102.5,649.1,1010.1,6,1,1010.0,14,3,1009.9,5,1,1009.8,748,2,1009.7,760,2,1010.9,420,2,1011.0,620,3,1011.1,10,1,1011.2,206,3,1011.4,1046,3
317,2025-11-26 15:29:30+05:30,1011.0,2,1003.58,9763497,214209.0,229599.0,986.2,1012.8,981.3,986.2,120936750,1084.8,887.6,1102.5,649.1,1010.1,6,1,1010.0,14,3,1009.9,5,1,1009.8,748,2,1009.7,760,2,1010.9,420,2,1011.0,620,3,1011.1,10,1,1011.2,206,3,1011.4,1046,3
317,2025-11-26 15:29:30+05:30,1011.0,2,1003.58,9763497,214209.0,229599.0,986.2,1012.8,981.3,986.2,120936750,1084.8,887.6,1102.5,649.1,1010.1,6,1,1010.0,14,3,1009.9,5,1,1009.8,748,2,1009.7,760,2,1010.9,420,2,1011.0,620,3,1011.1,10,1,1011.2,206,3,1011.4,1046,3
317,2025-11-26 15:29:30+05:30,1011.0,2,1003.58,9763497,214209.0,229599.0,986.2,1012.8,981.3,986.2,120919500,1084.8,887.6,1102.5,649.1,1010.1,6,1,1010.0,14,3,1009.9,5,1,1009.8,748,2,1009.7,760,2,1010.9,420,2,1011.0,620,3,1011.1,10,1,1011.2,206,3,1011.4,1046,3
317,2025-11-26 15:29:30+05:30,1011.0,3,1003.58,9763601,213490.0,228665.0,986.2,1012.8,981.3,986.2,120919500,1084.8,887.6,1102.5,649.1,1010.2,11,1,1010.1,4,1,1010.0,14,3,1009.8,671,1,1009.7,760,2,1011.0,164,3,1011.1,10,1,1011.2,362,3,1011.4,1361,3,1011.5,381,6
317,2025-11-26 15:29:31+05:30,1011.0,3,1003.58,9763601,213490.0,228665.0,986.2,1012.8,981.3,986.2,120919500,1084.8,887.6,1102.5,649.1,1010.2,11,1,1010.1,4,1,1010.0,14,3,1009.8,671,1,1009.7,760,2,1011.0,164,3,1011.1,10,1,1011.2,362,3,1011.4,1361,3,1011.5,381,6
317,2025-11-26 15:29:31+05:30,1011.0,3,1003.58,9763601,213490.0,228665.0,986.2,1012.8,981.3,986.2,120919500,1084.8,887.6,1102.5,649.1,1010.2,11,1,1010.1,4,1,1010.0,14,3,1009.8,671,1,1009.7,760,2,1011.0,164,3,1011.1,10,1,1011.2,362,3,1011.4,1361,3,1011.5,381,6
317,2025-11-26 15:29:31+05:30,1011.0,3,1003.58,9763601,213490.0,228665.0,986.2,1012.8,981.3,986.2,120919500,1084.8,887.6,1102.5,649.1,1010.2,11,1,1010.1,4,1,1010.0,14,3,1009.8,671,1,1009.7,760,2,1011.0,164,3,1011.1,10,1,1011.2,362,3,1011.4,1361,3,1011.5,381,6
317,2025-11-26 15:29:32+05:30,1011.2,4,1003.58,9764493,213007.0,227858.0,986.2,1012.8,981.3,986.2,120919500,1084.8,887.6,1102.5,649.1,1010.2,217,3,1009.7,760,2,1009.5,151,2,1009.4,15,1,1009.3,31,2,1011.2,118,2,1011.3,500,1,1011.4,861,2,1011.5,381,6,1011.6,65,3
317,2025-11-26 15:29:32+05:30,1011.0,3,1003.58,9764493,213007.0,227858.0,986.2,1012.8,981.3,986.2,120919500,1084.8,887.6,1102.5,649.1,1010.2,217,3,1009.7,760,2,1009.5,151,2,1009.4,15,1,1009.3,31,2,1011.2,118,2,1011.3,500,1,1011.4,861,2,1011.5,381,6,1011.6,65,3
317,2025-11-26 15:29:33+05:30,1010.0,1,1003.58,9764820,212780.0,228408.0,986.2,1012.8,981.3,986.2,120919500,1084.8,887.6,1102.5,649.1,1010.0,39,1,1009.8,750,1,1009.7,760,2,1009.5,164,3,1009.4,15,1,1010.2,438,1,1010.9,144,1,1011.0,79,2,1011.1,500,1,1011.2,53,1
317,2025-11-26 15:29:33+05:30,1010.0,1,1003.58,9764820,212780.0,228408.0,986.2,1012.8,981.3,986.2,120919500,1084.8,887.6,1102.5,649.1,1010.0,39,1,1009.8,750,1,1009.7,760,2,1009.5,164,3,1009.4,15,1,1010.2,438,1,1010.9,144,1,1011.0,79,2,1011.1,500,1,1011.2,53,1
317,2025-11-26 15:29:34+05:30,1010.0,1,1003.58,9764831,212736.0,228398.0,986.2,1012.8,981.3,986.2,120919500,1084.8,887.6,1102.5,649.1,1010.0,65,4,1009.8,750,1,1009.7,738,1,1009.5,151,2,1009.4,15,1,1010.2,428,1,1010.9,144,1,1011.0,209,4,1011.2,53,1,1011.3,500,1
317,2025-11-26 15:29:34+05:30,1010.0,1,1003.58,9764831,212736.0,228398.0,986.2,1012.8,981.3,986.2,120919500,1084.8,887.6,1102.5,649.1,1010.0,65,4,1009.8,750,1,1009.7,738,1,1009.5,151,2,1009.4,15,1,1010.2,428,1,1010.9,144,1,1011.0,209,4,1011.2,53,1,1011.3,500,1
317,2025-11-26 15:29:35+05:30,1010.0,58,1003.58,9765347,212612.0,227940.0,986.2,1012.8,981.3,986.2,120919500,1084.8,887.6,1102.5,649.1,1009.8,595,2,1009.7,738,1,1009.5,151,2,1009.4,141,2,1009.3,31,2,1010.0,58,1,1010.9,144,1,1011.0,179,3,1011.2,553,2,1011.4,861,2
317,2025-11-26 15:29:35+05:30,1010.0,58,1003.58,9765347,212612.0,227940.0,986.2,1012.8,981.3,986.2,120919500,1084.8,887.6,1102.5,649.1,1009.8,595,2,1009.7,738,1,1009.5,151,2,1009.4,141,2,1009.3,31,2,1010.0,58,1,1010.9,144,1,1011.0,179,3,1011.2,553,2,1011.4,861,2
317,2025-11-26 15:29:36+05:30,1010.0,19,1003.58,9765347,212612.0,227940.0,986.2,1012.8,981.3,986.2,120919500,1084.8,887.6,1102.5,649.1,1009.8,595,2,1009.7,738,1,1009.5,151,2,1009.4,141,2,1009.3,31,2,1010.0,58,1,1010.9,144,1,1011.0,179,3,1011.2,553,2,1011.4,861,2
317,2025-11-26 15:29:37+05:30,1010.0,58,1003.58,9765751,211893.0,227857.0,986.2,1012.8,981.3,986.2,120919500,1084.8,887.6,1102.5,649.1,1009.9,595,2,1009.8,31,2,1009.7,838,2,1009.5,151,2,1009.4,141,2,1010.0,58,1,1010.9,91,1,1011.0,179,3,1011.2,53,1,1011.4,861,2
317,2025-11-26 15:29:37+05:30,1010.0,58,1003.58,9765751,211893.0,227857.0,986.2,1012.8,981.3,986.2,120919500,1084.8,887.6,1102.5,649.1,1009.9,595,2,1009.8,31,2,1009.7,838,2,1009.5,151,2,1009.4,141,2,1010.0,58,1,1010.9,91,1,1011.0,179,3,1011.2,53,1,1011.4,861,2
317,2025-11-26 15:29:38+05:30,1011.0,59,1003.58,9767242,209908.0,227790.0,986.2,1012.8,981.3,986.2,120919500,1084.8,887.6,1102.5,649.1,1010.0,100,2,1009.9,11,1,1009.8,18,1,1009.7,100,1,1009.5,151,2,1010.9,733,2,1011.0,114,2,1011.4,53,1,1011.5,1111,6,1011.6,65,3
317,2025-11-26 15:29:38+05:30,1010.9,1,1003.58,9767242,209908.0,227790.0,986.2,1012.8,981.3,986.2,120919500,1084.8,887.6,1102.5,649.1,1010.0,100,2,1009.9,11,1,1009.8,18,1,1009.7,100,1,1009.5,151,2,1010.9,733,2,1011.0,114,2,1011.4,53,1,1011.5,1111,6,1011.6,65,3
317,2025-11-26 15:29:39+05:30,1010.9,1,1003.58,9767243,210570.0,227676.0,986.2,1012.8,981.3,986.2,120919500,1084.8,887.6,1102.5,649.1,1010.0,11,1,1009.9,12,2,1009.8,768,2,1009.7,100,1,1009.5,151,2,1011.0,1036,6,1011.2,553,2,1011.4,750,1,1011.5,361,5,1011.6,65,3
317,2025-11-26 15:29:40+05:30,1011.0,4,1003.58,9767243,210570.0,227676.0,986.2,1012.8,981.3,986.2,120919500,1084.8,887.6,1102.5,649.1,1010.0,11,1,1009.9,12,2,1009.8,768,2,1009.7,100,1,1009.5,151,2,1011.0,1036,6,1011.2,553,2,1011.4,750,1,1011.5,361,5,1011.6,65,3
317,2025-11-26 15:29:40+05:30,1011.0,4,1003.58,9767307,210570.0,227723.0,986.2,1012.8,981.3,986.2,120919500,1084.8,887.6,1102.5,649.1,1010.0,17,3,1009.9,11,1,1009.8,768,2,1009.7,100,1,1009.5,151,2,1011.0,333,5,1011.2,53,1,1011.4,500,1,1011.5,1111,6,1011.6,65,3
317,2025-11-26 15:29:41+05:30,1010.4,750,1003.58,9767307,210570.0,227723.0,986.2,1012.8,981.3,986.2,120919500,1084.8,887.6,1102.5,649.1,1010.0,17,3,1009.9,11,1,1009.8,768,2,1009.7,100,1,1009.5,151,2,1011.0,333,5,1011.2,53,1,1011.4,500,1,1011.5,1111,6,1011.6,65,3
317,2025-11-26 15:29:41+05:30,1010.4,750,1003.58,9768065,209698.0,227612.0,986.2,1012.8,981.3,986.2,120919500,1084.8,887.6,1102.5,649.1,1010.0,20,3,1009.9,11,1,1009.8,19,2,1009.7,100,1,1009.5,151,2,1010.9,591,2,1011.0,239,5,1011.2,53,1,1011.4,750,1,1011.5,311,4
317,2025-11-26 15:29:42+05:30,1010.5,90,1003.58,9768065,209698.0,227612.0,986.2,1012.8,981.3,986.2,120919500,1084.8,887.6,1102.5,649.1,1010.0,20,3,1009.9,11,1,1009.8,19,2,1009.7,100,1,1009.5,151,2,1010.9,591,2,1011.0,239,5,1011.2,53,1,1011.4,750,1,1011.5,311,4
317,2025-11-26 15:29:42+05:30,1010.9,7,1003.58,9768200,209764.0,227658.0,986.2,1012.8,981.3,986.2,120919500,1084.8,887.6,1102.5,649.1,1010.5,24,2,1010.0,45,4,1009.9,11,1,1009.8,36,1,1009.7,100,1,1010.9,493,1,1011.0,239,5,1011.1,144,1,1011.2,53,1,1011.4,750,1
317,2025-11-26 15:29:43+05:30,1010.0,50,1003.58,9768200,209764.0,227658.0,986.2,1012.8,981.3,986.2,120919500,1084.8,887.6,1102.5,649.1,1010.5,24,2,1010.0,45,4,1009.9,11,1,1009.8,36,1,1009.7,100,1,1010.9,493,1,1011.0,239,5,1011.1,144,1,1011.2,53,1,1011.4,750,1
317,2025-11-26 15:29:43+05:30,1010.0,99,1003.58,9768703,209750.0,227627.0,986.2,1012.8,981.3,986.2,120919500,1084.8,887.6,1102.5,649.1,1010.5,18,2,1010.0,34,1,1009.9,11,1,1009.8,39,1,1009.7,100,1,1011.0,251,5,1011.1,644,2,1011.3,53,1,1011.4,750,1,1011.5,311,4
317,2025-11-26 15:29:44+05:30,1010.9,8,1003.58,9768703,209750.0,227627.0,986.2,1012.8,981.3,986.2,120919500,1084.8,887.6,1102.5,649.1,1010.5,18,2,1010.0,34,1,1009.9,11,1,1009.8,39,1,1009.7,100,1,1011.0,251,5,1011.1,644,2,1011.3,53,1,1011.4,750,1,1011.5,311,4
317,2025-11-26 15:29:44+05:30,1010.0,1,1003.58,9769815,209783.0,227698.0,986.2,1012.8,981.3,986.2,120919500,1084.8,887.6,1102.5,649.1,1010.0,227,3,1009.9,11,1,1009.6,13,1,1009.5,151,2,1009.4,15,1,1011.0,474,6,1011.2,553,2,1011.4,750,1,1011.5,311,4,1011.6,65,3
317,2025-11-26 15:29:45+05:30,1011.0,21,1003.58,9769815,209783.0,227698.0,986.2,1012.8,981.3,986.2,120919500,1084.8,887.6,1102.5,649.1,1010.0,227,3,1009.9,11,1,1009.6,13,1,1009.5,151,2,1009.4,15,1,1011.0,474,6,1011.2,553,2,1011.4,750,1,1011.5,311,4,1011.6,65,3
317,2025-11-26 15:29:45+05:30,1011.0,21,1003.58,9770372,210124.0,227159.0,986.2,1012.8,981.3,986.2,120919500,1084.8,887.6,1102.5,649.1,1010.5,13,2,1010.2,34,1,1010.1,11,1,1009.5,685,3,1009.4,15,1,1011.0,202,3,1011.2,286,2,1011.4,750,1,1011.5,311,4,1011.6,65,3
317,2025-11-26 15:29:46+05:30,1011.0,19,1003.58,9770372,210124.0,227159.0,986.2,1012.8,981.3,986.2,120919500,1084.8,887.6,1102.5,649.1,1010.5,13,2,1010.2,34,1,1010.1,11,1,1009.5,685,3,1009.4,15,1,1011.0,202,3,1011.2,286,2,1011.4,750,1,1011.5,311,4,1011.6,65,3
317,2025-11-26 15:29:46+05:30,1011.0,19,1003.58,9770391,210090.0,226998.0,986.2,1012.8,981.3,986.2,120919500,1084.8,887.6,1102.5,649.1,1010.5,13,2,1010.1,11,1,1009.5,685,3,1009.4,15,1,1009.3,31,2,1011.0,183,3,1011.2,147,2,1011.4,750,1,1011.5,311,4,1011.6,65,3
317,2025-11-26 15:29:47+05:30,1010.5,10,1003.58,9770391,210090.0,226998.0,986.2,1012.8,981.3,986.2,120919500,1084.8,887.6,1102.5,649.1,1010.5,13,2,1010.1,11,1,1009.5,685,3,1009.4,15,1,1009.3,31,2,1011.0,183,3,1011.2,147,2,1011.4,750,1,1011.5,311,4,1011.6,65,3
317,2025-11-26 15:29:47+05:30,1010.9,1,1003.58,9770530,210068.0,226682.0,986.2,1012.8,981.3,986.2,120919500,1084.8,887.6,1102.5,649.1,1010.5,7,2,1010.4,11,1,1009.5,685,3,1009.4,15,1,1009.3,31,2,1010.9,750,2,1011.0,183,3,1011.1,92,2,1011.2,4,2,1011.3,750,1
317,2025-11-26 15:29:48+05:30,1010.9,5,1003.58,9770530,210068.0,226682.0,986.2,1012.8,981.3,986.2,120919500,1084.8,887.6,1102.5,649.1,1010.5,7,2,1010.4,11,1,1009.5,685,3,1009.4,15,1,1009.3,31,2,1010.9,750,2,1011.0,183,3,1011.1,92,2,1011.2,4,2,1011.3,750,1
317,2025-11-26 15:29:48+05:30,1010.9,5,1003.58,9770535,210058.0,226525.0,986.2,1012.8,981.3,986.2,120919500,1084.8,887.6,1102.5,649.1,1010.5,7,2,1010.4,11,1,1009.5,685,3,1009.4,15,1,1009.3,31,2,1010.9,730,1,1011.0,183,3,1011.1,91,1,1011.2,3,1,1011.3,750,1
317,2025-11-26 15:29:49+05:30,1010.5,3,1003.58,9770550,210186.0,226525.0,986.2,1012.8,981.3,986.2,120919500,1084.8,887.6,1102.5,649.1,1010.5,9,2,1010.4,11,1,1010.0,29,1,1009.5,685,3,1009.4,141,2,1011.0,183,3,1011.1,91,1,1011.2,3,1,1011.3,730,1,1011.5,311,4
317,2025-11-26 15:29:50+05:30,1010.5,1,1003.58,9770550,210186.0,226525.0,986.2,1012.8,981.3,986.2,120919500,1084.8,887.6,1102.5,649.1,1010.5,9,2,1010.4,11,1,1010.0,29,1,1009.5,685,3,1009.4,141,2,1011.0,183,3,1011.1,91,1,1011.2,3,1,1011.3,730,1,1011.5,311,4
317,2025-11-26 15:29:50+05:30,1010.5,2,1003.58,9770574,210237.0,226531.0,986.2,1012.8,981.3,986.2,120919500,1084.8,887.6,1102.5,649.1,1010.5,10,2,1010.4,11,1,1010.0,89,2,1009.6,534,1,1009.5,151,2,1010.9,90,1,1011.0,203,4,1011.2,3,1,1011.3,730,1,1011.5,311,4
317,2025-11-26 15:29:51+05:30,1010.5,1,1003.58,9770574,210237.0,226531.0,986.2,1012.8,981.3,986.2,120919500,1084.8,887.6,1102.5,649.1,1010.5,10,2,1010.4,11,1,1010.0,89,2,1009.6,534,1,1009.5,151,2,1010.9,90,1,1011.0,203,4,1011.2,3,1,1011.3,730,1,1011.5,311,4
317,2025-11-26 15:29:52+05:30,1010.5,1,1003.58,9770575,210243.0,226531.0,986.2,1012.8,981.3,986.2,120919500,1084.8,887.6,1102.5,649.1,1010.5,11,2,1010.4,11,1,1010.0,89,2,1009.6,534,1,1009.5,151,2,1010.9,90,1,1011.0,203,4,1011.2,3,1,1011.4,730,1,1011.5,311,4
317,2025-11-26 15:29:52+05:30,1010.5,5,1003.58,9770575,210243.0,226531.0,986.2,1012.8,981.3,986.2,120919500,1084.8,887.6,1102.5,649.1,1010.5,11,2,1010.4,11,1,1010.0,89,2,1009.6,534,1,1009.5,151,2,1010.9,90,1,1011.0,203,4,1011.2,3,1,1011.4,730,1,1011.5,311,4
317,2025-11-26 15:29:52+05:30,1010.9,1,1003.58,9770641,205658.0,225740.0,986.2,1012.8,981.3,986.2,120919500,1084.8,887.6,1102.5,649.1,1010.6,20,1,1010.5,32,3,1010.4,11,1,1010.0,89,2,1009.6,534,1,1010.9,29,1,1011.0,203,4,1011.2,3,1,1011.5,311,4,1011.6,65,3
317,2025-11-26 15:29:53+05:30,1011.0,168,1003.58,9770641,205658.0,225740.0,986.2,1012.8,981.3,986.2,120919500,1084.8,887.6,1102.5,649.1,1010.6,20,1,1010.5,32,3,1010.4,11,1,1010.0,89,2,1009.6,534,1,1010.9,29,1,1011.0,203,4,1011.2,3,1,1011.5,311,4,1011.6,65,3
317,2025-11-26 15:29:54+05:30,1011.0,2,1003.58,9771043,202869.0,225617.0,986.2,1012.8,981.3,986.2,120919500,1084.8,887.6,1102.5,649.1,1010.6,31,2,1010.5,32,3,1010.4,11,1,1010.0,89,2,1009.6,534,1,1011.0,109,1,1011.2,3,1,1011.5,311,4,1011.6,65,3,1011.7,25,1
317,2025-11-26 15:29:54+05:30,1011.0,2,1003.58,9771043,202869.0,225617.0,986.2,1012.8,981.3,986.2,120919500,1084.8,887.6,1102.5,649.1,1010.6,31,2,1010.5,32,3,1010.4,11,1,1010.0,89,2,1009.6,534,1,1011.0,109,1,1011.2,3,1,1011.5,311,4,1011.6,65,3,1011.7,25,1
317,2025-11-26 15:29:55+05:30,1010.6,13,1003.58,9771184,202912.0,226308.0,986.2,1012.8,981.3,986.2,120919500,1084.8,887.6,1102.5,649.1,1010.6,11,2,1010.5,32,3,1010.4,11,1,1010.0,152,3,1009.6,534,1,1011.0,75,1,1011.2,3,1,1011.5,1061,5,1011.6,65,3,1011.7,25,1
317,2025-11-26 15:29:55+05:30,1010.5,3,1003.58,9771184,202912.0,226308.0,986.2,1012.8,981.3,986.2,120919500,1084.8,887.6,1102.5,649.1,1010.6,11,2,1010.5,32,3,1010.4,11,1,1010.0,152,3,1009.6,534,1,1011.0,75,1,1011.2,3,1,1011.5,1061,5,1011.6,65,3,1011.7,25,1
317,2025-11-26 15:29:56+05:30,1011.0,3,1003.58,9771342,202166.0,226320.0,986.2,1012.8,981.3,986.2,120919500,1084.8,887.6,1102.5,649.1,1010.6,3,2,1010.5,29,3,1010.4,11,1,1010.0,167,4,1009.6,534,1,1011.0,87,2,1011.2,3,1,1011.5,1061,5,1011.6,65,3,1011.7,25,1
317,2025-11-26 15:29:56+05:30,1011.0,113,1003.58,9771342,202166.0,226320.0,986.2,1012.8,981.3,986.2,120919500,1084.8,887.6,1102.5,649.1,1010.6,3,2,1010.5,29,3,1010.4,11,1,1010.0,167,4,1009.6,534,1,1011.0,87,2,1011.2,3,1,1011.5,1061,5,1011.6,65,3,1011.7,25,1
317,2025-11-26 15:29:57+05:30,1011.0,6,1003.58,9771342,202166.0,226320.0,986.2,1012.8,981.3,986.2,120919500,1084.8,887.6,1102.5,649.1,1010.6,3,2,1010.5,29,3,1010.4,11,1,1010.0,167,4,1009.6,534,1,1011.0,87,2,1011.2,3,1,1011.5,1061,5,1011.6,65,3,1011.7,25,1
317,2025-11-26 15:29:57+05:30,1011.0,6,1003.58,9771563,199911.0,226323.0,986.2,1012.8,981.3,986.2,120919500,1084.8,887.6,1102.5,649.1,1010.6,3,2,1010.5,29,3,1010.4,21,2,1010.0,167,4,1009.6,2174,2,1011.0,90,1,1011.2,3,1,1011.5,1061,5,1011.6,65,3,1011.7,25,1
317,2025-11-26 15:29:58+05:30,1011.0,7,1003.58,9771563,199911.0,226323.0,986.2,1012.8,981.3,986.2,120919500,1084.8,887.6,1102.5,649.1,1010.6,3,2,1010.5,29,3,1010.4,21,2,1010.0,167,4,1009.6,2174,2,1011.0,90,1,1011.2,3,1,1011.5,1061,5,1011.6,65,3,1011.7,25,1
317,2025-11-26 15:29:58+05:30,1011.0,7,1003.58,9771836,195595.0,225566.0,986.2,1012.8,981.3,986.2,120919500,1084.8,887.6,1102.5,649.1,1010.6,10,1,1010.4,11,1,1010.0,167,4,1009.6,1640,1,1009.5,151,2,1011.0,83,1,1011.2,3,1,1011.5,311,4,1011.6,65,3,1011.7,25,1
317,2025-11-26 15:29:59+05:30,1011.0,10,1003.58,9771836,195595.0,225566.0,986.2,1012.8,981.3,986.2,120919500,1084.8,887.6,1102.5,649.1,1010.6,10,1,1010.4,11,1,1010.0,167,4,1009.6,1640,1,1009.5,151,2,1011.0,83,1,1011.2,3,1,1011.5,311,4,1011.6,65,3,1011.7,25,1
317,2025-11-26 15:29:59+05:30,1011.0,10,1003.58,9771846,188045.0,225556.0,986.2,1012.8,981.3,986.2,120919500,1084.8,887.6,1102.5,649.1,1010.6,10,1,1010.4,11,1,1010.0,167,4,1009.6,1640,1,1009.5,151,2,1011.0,73,1,1011.2,3,1,1011.5,311,4,1011.6,65,3,1011.7,25,1
